0 0 0.826938 0.045648 0.113412 0.005723 0.008279
0 0 0.826236 0.022088 0.140097 0.008877 0.002701
0 0 0.917576 0.006387 0.064622 0.010470 0.000945
0 0 0.988406 0.001000 0.004289 0.005686 0.000618
0 0 0.992940 0.000632 0.002756 0.003287 0.000385
0 0 0.994268 0.000853 0.002460 0.001874 0.000545
0 0 0.987066 0.001582 0.005074 0.005263 0.001015
0 0 0.959674 0.004809 0.014196 0.018121 0.003199
0 0 0.887744 0.016171 0.055989 0.033422 0.006675
0 0 0.887445 0.019651 0.063700 0.022400 0.006804
0 0 0.839613 0.035511 0.101046 0.014768 0.009062
0 0 0.813506 0.055718 0.108307 0.008803 0.013668
0 0 0.632645 0.085653 0.247474 0.017674 0.016554
0 0 0.592563 0.083152 0.297519 0.014047 0.012718
0 0 0.572872 0.095036 0.311385 0.009051 0.011655
0 0 0.715436 0.079781 0.186557 0.006144 0.012082
0 0 0.788910 0.063529 0.129989 0.005707 0.011865
0 0 0.786211 0.076617 0.117627 0.004186 0.015358
0 0 0.790973 0.093669 0.083453 0.003913 0.027992
0 0 0.692116 0.108800 0.169988 0.007061 0.022035
0 0 0.462164 0.090427 0.420401 0.015813 0.011195
2 0 0.265826 0.064301 0.628432 0.033244 0.008196
2 0 0.148952 0.050685 0.763941 0.032063 0.004360
2 0 0.268597 0.063726 0.641451 0.020918 0.005308
2 0 0.329037 0.094945 0.547366 0.019088 0.009564
0 0 0.715587 0.097492 0.159404 0.007319 0.020198
0 0 0.639966 0.118634 0.200031 0.010875 0.030494
0 0 0.528195 0.142135 0.293521 0.011208 0.024940
0 0 0.836485 0.067024 0.068084 0.005278 0.023129
0 0 0.899673 0.039901 0.032199 0.005744 0.022482
0 0 0.903149 0.040555 0.028542 0.004393 0.023360
0 0 0.890063 0.043983 0.028576 0.006650 0.030728
0 0 0.909200 0.033344 0.024217 0.007876 0.025363
0 0 0.935260 0.025420 0.013370 0.002327 0.023623
0 0 0.947125 0.019712 0.011740 0.001917 0.019506
0 0 0.955154 0.017251 0.011100 0.002863 0.013632
0 0 0.959150 0.016538 0.008535 0.001427 0.014350
0 0 0.884823 0.038673 0.020954 0.002106 0.053444
0 0 0.813530 0.051121 0.024694 0.001089 0.109566
0 0 0.761797 0.058531 0.023214 0.000587 0.155871
0 0 0.814587 0.053406 0.024104 0.001136 0.106766
0 0 0.780414 0.065297 0.026297 0.001248 0.126744
0 0 0.772974 0.065879 0.027335 0.001262 0.132550
0 0 0.767215 0.069749 0.037875 0.003117 0.122043
0 0 0.701240 0.081685 0.040704 0.002288 0.174084
0 0 0.780299 0.066384 0.041195 0.004428 0.107694
0 0 0.748905 0.068281 0.054988 0.006857 0.120968
0 0 0.832920 0.051093 0.040692 0.007550 0.067744
0 0 0.842418 0.050647 0.029884 0.003321 0.073731
0 0 0.880421 0.040073 0.024396 0.003185 0.051926
0 0 0.774644 0.070556 0.049538 0.008526 0.096736
0 0 0.846385 0.069770 0.042229 0.003115 0.038502
0 0 0.834973 0.077983 0.047501 0.003724 0.035818
0 0 0.511886 0.148315 0.324782 0.002463 0.012553
0 0 0.503546 0.158792 0.318394 0.003236 0.016032
0 0 0.477429 0.156187 0.350882 0.002545 0.012957
2 0 0.378427 0.155476 0.448498 0.004247 0.013351
0 0 0.418108 0.174518 0.389680 0.002874 0.014820
0 0 0.470229 0.179012 0.329932 0.003129 0.017698
0 0 0.507636 0.172060 0.299270 0.002974 0.018059
0 0 0.922847 0.027594 0.020038 0.006075 0.023446
0 0 0.947259 0.020508 0.012645 0.003246 0.016342
0 0 0.958111 0.013928 0.012609 0.004745 0.010608
0 0 0.902575 0.026617 0.046143 0.011897 0.012768
0 0 0.815798 0.036737 0.115103 0.022515 0.009847
0 0 0.859282 0.022631 0.096253 0.016749 0.005084
0 0 0.858065 0.025645 0.096044 0.014438 0.005808
0 0 0.824930 0.035744 0.123824 0.009143 0.006360
0 0 0.845435 0.030578 0.107498 0.010385 0.006104
0 0 0.936792 0.022510 0.032184 0.002023 0.006491
0 0 0.924522 0.026421 0.039150 0.002499 0.007408
0 0 0.902181 0.029342 0.057383 0.003948 0.007145
0 0 0.923727 0.027942 0.026464 0.005838 0.016030
0 0 0.913052 0.030436 0.027874 0.008605 0.020032
0 0 0.934875 0.023279 0.017530 0.006043 0.018273
0 0 0.937203 0.022412 0.016983 0.005836 0.017565
0 0 0.915381 0.034537 0.018713 0.004257 0.027113
0 0 0.879599 0.044941 0.050616 0.006524 0.018321
0 0 0.828732 0.050745 0.094026 0.011471 0.015027
2 0 0.419263 0.051665 0.481310 0.041404 0.006358
2 0 0.331618 0.035088 0.574112 0.055621 0.003561
2 0 0.222734 0.042732 0.665174 0.065418 0.003942
0 0 0.477076 0.101493 0.396154 0.014068 0.011209
0 0 0.468846 0.181539 0.324679 0.004290 0.020646
0 0 0.391412 0.271791 0.291468 0.001251 0.044079
2 0 0.329625 0.257107 0.373220 0.001026 0.039021
2 0 0.217921 0.197628 0.562340 0.001481 0.020630
2 0 0.144625 0.172925 0.662040 0.002022 0.018388
2 0 0.236088 0.254055 0.472498 0.001828 0.035531
2 0 0.207764 0.293659 0.442909 0.001912 0.053756
0 0 0.411182 0.193483 0.376001 0.002556 0.016778
2 0 0.165503 0.125426 0.698520 0.003760 0.006792
2 0 0.163267 0.107245 0.717292 0.005740 0.006456
2 0 0.144775 0.099398 0.745219 0.005274 0.005334
0 0 0.473005 0.143520 0.370680 0.002428 0.010367
0 0 0.418104 0.215692 0.343997 0.002315 0.019892
0 0 0.428491 0.141579 0.416133 0.003470 0.010327
2 0 0.409534 0.085208 0.496687 0.004195 0.004377
2 0 0.200912 0.061470 0.723034 0.011589 0.002995
2 0 0.370017 0.037730 0.577704 0.012595 0.001954
0 0 0.632118 0.034206 0.324861 0.006746 0.002069
0 0 0.699404 0.052269 0.238625 0.004999 0.004703
0 0 0.776574 0.064571 0.145521 0.003886 0.009448
0 0 0.796187 0.069613 0.118276 0.003513 0.012411
0 0 0.817924 0.064315 0.102035 0.003305 0.012421
0 0 0.899845 0.042616 0.044783 0.001575 0.011181
0 0 0.919404 0.038467 0.028776 0.001005 0.012348
0 0 0.889956 0.054271 0.026534 0.001767 0.027472
0 0 0.875586 0.056798 0.042760 0.002762 0.022093
0 0 0.742082 0.095838 0.124618 0.009730 0.027732
0 0 0.608067 0.162608 0.187211 0.006647 0.035468
0 0 0.602886 0.094696 0.262398 0.022035 0.017985
2 0 0.348137 0.122895 0.483668 0.022655 0.022645
2 0 0.358225 0.126330 0.473751 0.025633 0.016062
0 0 0.683396 0.079268 0.217071 0.008566 0.011699
0 0 0.876883 0.059159 0.036238 0.002257 0.025463
0 0 0.838172 0.083751 0.045179 0.001709 0.031189
0 0 0.873498 0.061343 0.023786 0.002139 0.039234
0 0 0.758561 0.101626 0.042202 0.003866 0.093744
0 0 0.690455 0.149936 0.074218 0.002371 0.083021
2 0 0.312681 0.133270 0.490713 0.030404 0.032933
2 0 0.250808 0.063222 0.653877 0.027519 0.004573
2 0 0.446564 0.063875 0.451582 0.031324 0.006657
0 0 0.764418 0.058664 0.149447 0.014438 0.013034
0 0 0.816055 0.051431 0.105716 0.012601 0.014196
0 0 0.905508 0.040145 0.025775 0.004031 0.024542
0 0 0.897639 0.042135 0.033745 0.004753 0.021727
0 0 0.832533 0.042540 0.099920 0.013437 0.011570
0 0 0.896010 0.030749 0.051259 0.009940 0.012042
0 0 0.849012 0.042865 0.070918 0.018812 0.018392
0 0 0.962069 0.011411 0.012421 0.005597 0.008502
0 0 0.959724 0.011528 0.013505 0.006710 0.008533
0 0 0.966275 0.014042 0.007125 0.001276 0.011282
0 0 0.959813 0.016632 0.008524 0.001624 0.013408
0 0 0.943731 0.021099 0.014306 0.004184 0.016680
0 0 0.955864 0.017716 0.010033 0.002213 0.014174
0 0 0.938420 0.023844 0.021244 0.003550 0.012942
0 0 0.927519 0.027181 0.029029 0.004016 0.012254
0 0 0.919658 0.031581 0.027047 0.004549 0.017166
0 0 0.926468 0.027955 0.017908 0.005290 0.022379
0 0 0.898578 0.040187 0.022432 0.006094 0.032709
0 0 0.878521 0.051089 0.022748 0.004958 0.042684
0 0 0.699335 0.078775 0.196358 0.011346 0.014185
2 0 0.353338 0.086443 0.530682 0.019492 0.010045
2 0 0.370247 0.107562 0.505978 0.007833 0.008380
2 0 0.320946 0.130866 0.539483 0.002498 0.006207
0 0 0.450843 0.210793 0.321008 0.000928 0.016428
0 0 0.462181 0.239348 0.264871 0.000528 0.033072
2 0 0.266696 0.117194 0.606086 0.002795 0.007229
2 0 0.269723 0.095676 0.625834 0.002756 0.006010
0 0 0.412037 0.293065 0.244494 0.002206 0.048198
0 0 0.376909 0.277831 0.314877 0.001813 0.028570
0 0 0.357168 0.263793 0.348568 0.002702 0.027769
2 0 0.222905 0.261568 0.488261 0.002187 0.025079
2 0 0.235627 0.289896 0.442435 0.002480 0.029562
2 1 0.194765 0.243703 0.539125 0.003582 0.018826
2 1 0.127606 0.182034 0.672406 0.005020 0.012934
2 1 0.398574 0.173042 0.403383 0.005820 0.019181
0 1 0.434563 0.133741 0.404038 0.010218 0.017441
0 1 0.413671 0.132338 0.412909 0.016206 0.024877
2 2 0.206574 0.153805 0.572639 0.033733 0.033249
2 2 0.143702 0.180361 0.621977 0.020118 0.033842
2 2 0.005650 0.035399 0.936520 0.018786 0.003644
2 2 0.000963 0.011979 0.973075 0.012768 0.001215
2 2 0.000710 0.008825 0.980760 0.008957 0.000748
2 2 0.000719 0.008429 0.980170 0.010099 0.000583
2 2 0.000831 0.009668 0.977463 0.011233 0.000805
2 2 0.000742 0.009880 0.981534 0.006796 0.001048
2 2 0.000407 0.003832 0.980625 0.014915 0.000222
2 2 0.000513 0.003235 0.977516 0.018606 0.000129
2 1 0.004374 0.011543 0.967998 0.015618 0.000468
2 1 0.033625 0.039629 0.912614 0.012073 0.002059
2 0 0.225824 0.140132 0.617990 0.006072 0.009983
2 0 0.164199 0.157718 0.658040 0.007494 0.012548
2 0 0.152205 0.116528 0.718260 0.006174 0.006834
2 0 0.074277 0.060731 0.855778 0.006618 0.002596
2 0 0.052993 0.048000 0.892622 0.004752 0.001633
2 1 0.080682 0.053296 0.858947 0.005166 0.001909
2 1 0.296281 0.090279 0.604091 0.004659 0.004691
2 1 0.267971 0.090948 0.632224 0.004186 0.004670
2 1 0.038269 0.044004 0.903743 0.011723 0.002261
2 1 0.012495 0.023005 0.949572 0.013883 0.001045
2 2 0.024518 0.031403 0.920905 0.021216 0.001958
2 2 0.004147 0.012463 0.966385 0.016501 0.000504
2 2 0.001592 0.006601 0.967132 0.024411 0.000263
2 2 0.001432 0.005447 0.956903 0.035981 0.000237
2 2 0.001355 0.005390 0.948928 0.044066 0.000261
2 2 0.002105 0.009243 0.945885 0.042262 0.000505
2 2 0.001161 0.008115 0.955530 0.034783 0.000410
2 2 0.000635 0.005309 0.950148 0.043648 0.000260
2 2 0.000072 0.001073 0.962083 0.036740 0.000032
2 2 0.000058 0.000798 0.954422 0.044699 0.000024
2 2 0.000073 0.000867 0.965956 0.033081 0.000023
2 2 0.000170 0.001680 0.975774 0.022332 0.000044
2 2 0.000459 0.003313 0.974898 0.021227 0.000103
2 2 0.000540 0.003594 0.974657 0.021100 0.000110
2 2 0.000222 0.001931 0.971483 0.026311 0.000053
2 2 0.000127 0.001349 0.966885 0.031603 0.000036
2 3 0.000062 0.000725 0.951358 0.047835 0.000020
2 3 0.000093 0.000902 0.929140 0.069833 0.000033
2 3 0.000106 0.000834 0.898874 0.100151 0.000034
2 3 0.000279 0.001482 0.830684 0.167463 0.000092
2 3 0.000218 0.001519 0.849268 0.148899 0.000096
2 3 0.000311 0.002149 0.816219 0.181144 0.000177
2 3 0.001358 0.003755 0.772592 0.221945 0.000350
2 2 0.003181 0.005288 0.816496 0.174593 0.000442
2 2 0.009399 0.013128 0.864215 0.112137 0.001121
2 0 0.029714 0.030139 0.900815 0.037241 0.002090
2 0 0.125240 0.083682 0.765789 0.018559 0.006729
2 0 0.097869 0.092515 0.785344 0.016977 0.007295
2 0 0.342471 0.083809 0.546768 0.020047 0.006905
2 0 0.169263 0.112699 0.710694 0.003305 0.004039
2 0 0.230518 0.157743 0.598684 0.004231 0.008823
0 0 0.513744 0.193063 0.268180 0.001777 0.023236
0 0 0.510767 0.197602 0.270636 0.001604 0.019391
0 0 0.453493 0.226750 0.284442 0.002152 0.033163
2 0 0.339307 0.154441 0.489008 0.003165 0.014079
2 0 0.374220 0.110063 0.501467 0.005822 0.008428
2 0 0.146309 0.037709 0.803198 0.011255 0.001529
2 0 0.100668 0.026439 0.856574 0.015325 0.000994
2 0 0.077021 0.042298 0.861710 0.016662 0.002309
2 0 0.066997 0.040106 0.882705 0.008804 0.001388
2 0 0.336401 0.098032 0.550869 0.008439 0.006259
2 1 0.164601 0.140178 0.667874 0.013656 0.013692
2 1 0.163942 0.149400 0.661939 0.010669 0.014050
2 1 0.339263 0.205356 0.419629 0.007255 0.028498
2 1 0.326778 0.231148 0.398930 0.003970 0.039175
2 1 0.244100 0.283154 0.393225 0.003189 0.076332
2 1 0.110104 0.225633 0.609164 0.003398 0.051701
2 1 0.027568 0.096189 0.855524 0.004799 0.015921
2 1 0.031889 0.078828 0.872224 0.005736 0.011323
2 1 0.117302 0.125846 0.735987 0.004917 0.015948
2 1 0.054770 0.069452 0.863423 0.005878 0.006477
2 1 0.069796 0.106383 0.799398 0.004254 0.020169
2 1 0.327464 0.239164 0.350443 0.004907 0.078023
0 1 0.327536 0.272128 0.170232 0.003653 0.226451
4 1 0.333883 0.165588 0.042335 0.001118 0.457076
4 1 0.352345 0.165335 0.041367 0.001122 0.439830
0 1 0.316124 0.277048 0.145101 0.001597 0.260130
1 1 0.275238 0.310600 0.217353 0.001340 0.195468
2 1 0.248670 0.271941 0.356952 0.009025 0.113412
2 1 0.123855 0.218028 0.568311 0.019496 0.070309
2 1 0.068872 0.173776 0.678486 0.024636 0.054230
2 1 0.010818 0.081621 0.857864 0.023675 0.026023
2 1 0.003979 0.041619 0.921666 0.024541 0.008195
2 1 0.006592 0.022260 0.957181 0.012268 0.001700
2 2 0.005706 0.010644 0.956005 0.027181 0.000464
2 2 0.032106 0.021780 0.900097 0.044871 0.001147
2 0 0.132329 0.030316 0.711622 0.122912 0.002821
2 0 0.211224 0.046150 0.649416 0.088484 0.004726
0 0 0.584348 0.093366 0.273200 0.030087 0.018999
0 0 0.618013 0.156845 0.174772 0.009431 0.040939
0 0 0.371782 0.203403 0.363279 0.010968 0.050567
2 0 0.229345 0.135817 0.607021 0.013443 0.014375
2 0 0.275413 0.159336 0.532092 0.014844 0.018315
2 0 0.188838 0.224560 0.542131 0.006072 0.038399
2 0 0.151844 0.167545 0.642888 0.012672 0.025051
2 1 0.059338 0.105120 0.816623 0.007605 0.011314
2 1 0.014768 0.043877 0.929485 0.009192 0.002677
2 1 0.006032 0.024441 0.954640 0.013487 0.001400
2 2 0.005636 0.022099 0.958927 0.011997 0.001342
2 2 0.002743 0.011517 0.962925 0.022274 0.000540
2 2 0.001432 0.007779 0.962824 0.027594 0.000371
2 2 0.001902 0.011783 0.957626 0.028043 0.000647
2 2 0.001506 0.009947 0.960282 0.027780 0.000486
2 2 0.000611 0.004807 0.970817 0.023593 0.000173
2 2 0.000231 0.003155 0.973111 0.023387 0.000115
2 2 0.000516 0.004616 0.967562 0.027104 0.000202
2 2 0.000510 0.004810 0.955380 0.039049 0.000251
2 2 0.000324 0.003673 0.945908 0.049908 0.000187
2 2 0.000118 0.002894 0.980355 0.016377 0.000255
2 2 0.000138 0.002255 0.953302 0.044150 0.000156
2 2 0.000405 0.003641 0.956808 0.038966 0.000181
2 2 0.000704 0.003961 0.953215 0.041943 0.000177
2 2 0.000299 0.002407 0.951636 0.045561 0.000097
2 2 0.000317 0.002621 0.949379 0.047579 0.000104
2 2 0.000132 0.001747 0.909440 0.088577 0.000103
2 2 0.000095 0.001380 0.919018 0.079435 0.000072
2 2 0.000078 0.000995 0.867759 0.131106 0.000063
2 2 0.000114 0.001382 0.849390 0.149010 0.000104
2 2 0.000157 0.001482 0.815625 0.182615 0.000122
2 2 0.000104 0.000920 0.805397 0.193512 0.000066
2 3 0.000073 0.000633 0.808049 0.191205 0.000040
2 3 0.000120 0.000723 0.711156 0.287942 0.000059
2 3 0.000304 0.001684 0.724610 0.273234 0.000167
2 3 0.000364 0.001670 0.710202 0.287602 0.000162
2 3 0.000329 0.001431 0.693078 0.305025 0.000137
2 3 0.000362 0.001457 0.688393 0.309650 0.000138
2 3 0.000235 0.000883 0.572697 0.426086 0.000099
3 3 0.000201 0.000561 0.324961 0.674172 0.000106
3 3 0.000279 0.000795 0.359426 0.639350 0.000150
3 3 0.000441 0.000881 0.252886 0.745564 0.000227
3 3 0.000276 0.000526 0.192864 0.806183 0.000151
3 3 0.000134 0.000247 0.142435 0.857110 0.000075
3 3 0.000087 0.000096 0.052365 0.947406 0.000046
3 3 0.000063 0.000062 0.037053 0.962787 0.000035
3 3 0.000100 0.000064 0.019715 0.980066 0.000055
3 3 0.000053 0.000037 0.016497 0.983380 0.000032
3 3 0.000049 0.000029 0.014347 0.985551 0.000024
3 3 0.000043 0.000037 0.021038 0.978855 0.000027
3 3 0.000046 0.000024 0.013019 0.986891 0.000020
3 3 0.000092 0.000043 0.015728 0.984101 0.000035
3 3 0.000109 0.000049 0.016272 0.983530 0.000040
3 3 0.000124 0.000050 0.016004 0.983782 0.000040
3 3 0.000241 0.000097 0.020335 0.979249 0.000078
3 3 0.000155 0.000053 0.015633 0.984118 0.000042
3 3 0.000117 0.000032 0.012428 0.987397 0.000025
3 3 0.000209 0.000058 0.015412 0.984275 0.000045
3 3 0.000531 0.000157 0.022451 0.976740 0.000121
3 3 0.000676 0.000254 0.028358 0.970511 0.000200
3 3 0.000797 0.000405 0.036127 0.962340 0.000331
3 3 0.000649 0.000242 0.027825 0.971092 0.000191
3 3 0.000575 0.000164 0.022581 0.976555 0.000125
3 3 0.000873 0.000222 0.024431 0.974308 0.000166
3 3 0.000943 0.000223 0.024028 0.974642 0.000165
3 3 0.000663 0.000170 0.022309 0.976730 0.000128
3 3 0.000996 0.000294 0.028087 0.970399 0.000224
3 3 0.000680 0.000294 0.030967 0.967822 0.000236
3 3 0.001372 0.000475 0.034723 0.963063 0.000367
3 3 0.001647 0.000653 0.040261 0.956926 0.000513
3 3 0.000267 0.000116 0.022131 0.977393 0.000094
3 3 0.000220 0.000072 0.017324 0.982329 0.000056
3 3 0.000119 0.000045 0.015197 0.984603 0.000036
3 3 0.000094 0.000030 0.012539 0.987313 0.000024
3 3 0.000114 0.000035 0.013116 0.986708 0.000027
3 3 0.000158 0.000054 0.015841 0.983904 0.000043
3 3 0.000215 0.000074 0.017706 0.981947 0.000058
3 3 0.000184 0.000077 0.018981 0.980694 0.000063
3 3 0.000132 0.000057 0.017005 0.982760 0.000046
3 3 0.000174 0.000062 0.016814 0.982900 0.000049
3 3 0.000052 0.000025 0.012966 0.986936 0.000021
3 3 0.000039 0.000021 0.012456 0.987467 0.000017
3 3 0.000047 0.000021 0.011866 0.988049 0.000017
3 3 0.000047 0.000025 0.013248 0.986659 0.000021
3 3 0.000107 0.000069 0.020333 0.979432 0.000060
3 3 0.000335 0.000141 0.023546 0.975866 0.000113
3 3 0.000564 0.000256 0.029833 0.969140 0.000207
3 3 0.000257 0.000104 0.020907 0.978648 0.000083
3 3 0.000346 0.000137 0.023015 0.976392 0.000110
3 3 0.000128 0.000051 0.016007 0.983774 0.000041
3 3 0.000347 0.000129 0.022123 0.977299 0.000102
3 3 0.000491 0.000131 0.020449 0.978830 0.000099
3 3 0.000666 0.000233 0.026971 0.971948 0.000182
3 3 0.000328 0.000110 0.020318 0.979159 0.000086
3 3 0.000168 0.000064 0.017289 0.982427 0.000051
3 3 0.000065 0.000025 0.012395 0.987494 0.000020
3 3 0.000097 0.000031 0.012771 0.987076 0.000025
3 3 0.000206 0.000055 0.014884 0.984813 0.000042
3 3 0.000658 0.000181 0.023153 0.975872 0.000137
3 3 0.000523 0.000224 0.027987 0.971086 0.000180
3 3 0.000689 0.000282 0.030068 0.968736 0.000225
3 3 0.000439 0.000200 0.027260 0.971939 0.000162
3 3 0.000526 0.000235 0.028816 0.970233 0.000190
3 3 0.000293 0.000137 0.023934 0.975525 0.000112
3 3 0.000090 0.000056 0.018536 0.981271 0.000048
3 3 0.000070 0.000051 0.018904 0.980930 0.000045
3 3 0.000132 0.000062 0.018084 0.981671 0.000051
3 3 0.000333 0.000100 0.019173 0.980316 0.000078
3 3 0.000162 0.000050 0.015010 0.984740 0.000039
3 3 0.000240 0.000102 0.021093 0.978481 0.000083
3 3 0.000405 0.000299 0.035618 0.963420 0.000258
3 3 0.000363 0.000264 0.033902 0.965245 0.000227
3 3 0.000249 0.000134 0.024637 0.974869 0.000112
3 3 0.000143 0.000068 0.018774 0.980959 0.000057
3 3 0.000157 0.000065 0.017729 0.981996 0.000053
3 3 0.000152 0.000059 0.016896 0.982844 0.000048
3 3 0.000115 0.000051 0.016553 0.983239 0.000042
3 3 0.000216 0.000108 0.022395 0.977191 0.000089
3 3 0.000104 0.000061 0.018898 0.980886 0.000052
3 3 0.000173 0.000096 0.021940 0.977710 0.000080
3 3 0.000256 0.000121 0.022945 0.976580 0.000099
3 3 0.000424 0.000179 0.025732 0.973522 0.000144
3 3 0.000380 0.000163 0.024953 0.974374 0.000131
3 3 0.000131 0.000059 0.017562 0.982199 0.000049
3 3 0.000099 0.000047 0.016222 0.983593 0.000038
3 3 0.000354 0.000094 0.018119 0.981361 0.000071
3 3 0.000738 0.000179 0.022349 0.976601 0.000133
3 3 0.005736 0.000917 0.040613 0.952079 0.000655
3 0 0.006467 0.001609 0.212056 0.779517 0.000351
2 0 0.004961 0.003862 0.875748 0.115240 0.000188
2 1 0.024974 0.019429 0.936854 0.018095 0.000647
2 1 0.000601 0.005392 0.969084 0.024567 0.000356
2 1 0.000099 0.001828 0.934816 0.062976 0.000282
2 2 0.000047 0.001269 0.967202 0.031308 0.000174
2 2 0.000057 0.001538 0.974440 0.023783 0.000182
2 2 0.000059 0.001675 0.983835 0.014255 0.000177
2 2 0.000039 0.001535 0.986467 0.011726 0.000232
2 2 0.000055 0.002175 0.985477 0.011809 0.000484
2 2 0.000070 0.002997 0.982594 0.013157 0.001183
2 2 0.000122 0.005140 0.975493 0.016074 0.003171
2 2 0.000326 0.013999 0.962400 0.011229 0.012045
2 2 0.000395 0.018372 0.954420 0.008716 0.018097
2 2 0.000348 0.012487 0.964432 0.013117 0.009615
2 2 0.000173 0.008091 0.977106 0.008797 0.005833
2 2 0.000439 0.018791 0.951358 0.008087 0.021325
2 2 0.000585 0.027270 0.932036 0.006738 0.033372
2 2 0.000807 0.036372 0.903705 0.008209 0.050908
2 2 0.000281 0.015257 0.951833 0.012462 0.020167
2 2 0.000169 0.010969 0.966497 0.009126 0.013238
2 2 0.000175 0.010644 0.971018 0.007647 0.010515
2 2 0.000254 0.014637 0.960725 0.007089 0.017295
2 2 0.000391 0.021925 0.944303 0.005375 0.028006
2 2 0.000276 0.017727 0.954682 0.005085 0.022231
2 2 0.000344 0.019917 0.951553 0.004984 0.023203
2 2 0.000466 0.022196 0.943135 0.006758 0.027445
2 2 0.001020 0.039587 0.877222 0.009110 0.073061
2 2 0.000467 0.020246 0.935366 0.016155 0.027766
2 2 0.000217 0.010777 0.953185 0.021460 0.014361
2 2 0.000116 0.005446 0.963374 0.025859 0.005205
2 2 0.000054 0.003602 0.981469 0.012381 0.002495
2 2 0.000084 0.005477 0.980816 0.009516 0.004107
2 2 0.000112 0.006070 0.978497 0.010725 0.004597
2 2 0.000093 0.005233 0.982454 0.008145 0.004076
2 2 0.000086 0.005029 0.985338 0.006050 0.003496
2 2 0.000056 0.003344 0.988026 0.006982 0.001592
2 2 0.000070 0.003758 0.986435 0.007992 0.001746
2 2 0.000037 0.002690 0.989273 0.006891 0.001109
2 2 0.000060 0.003218 0.984647 0.011021 0.001054
2 2 0.000063 0.003625 0.988512 0.006750 0.001050
2 2 0.000132 0.006029 0.983836 0.007706 0.002297
2 2 0.000029 0.001345 0.985677 0.012684 0.000265
2 2 0.000030 0.001338 0.983234 0.015175 0.000222
2 2 0.000030 0.001452 0.979281 0.018976 0.000261
2 2 0.000045 0.002174 0.980733 0.016601 0.000447
2 2 0.000132 0.004197 0.971305 0.023558 0.000807
2 2 0.000073 0.002149 0.969865 0.027639 0.000274
2 2 0.000055 0.001406 0.964038 0.034333 0.000168
2 2 0.000048 0.000946 0.962977 0.035955 0.000075
2 2 0.000057 0.000832 0.917304 0.081739 0.000067
2 2 0.000131 0.001612 0.879166 0.118907 0.000184
2 2 0.000126 0.002287 0.937146 0.060125 0.000317
2 2 0.000081 0.001987 0.945877 0.051695 0.000359
2 2 0.000042 0.001259 0.953683 0.044815 0.000201
2 2 0.000038 0.001108 0.951002 0.047671 0.000181
2 2 0.000039 0.001082 0.940284 0.058417 0.000178
2 2 0.000034 0.001096 0.965920 0.032809 0.000140
2 2 0.000038 0.001028 0.952738 0.046094 0.000102
2 2 0.000086 0.002137 0.963385 0.034048 0.000344
2 2 0.000075 0.002382 0.972297 0.024645 0.000602
2 2 0.000039 0.001357 0.975838 0.022540 0.000226
2 2 0.001929 0.008949 0.976149 0.012290 0.000683
2 0 0.022497 0.024386 0.921837 0.029601 0.001679
2 0 0.063716 0.064975 0.829225 0.037389 0.004697
2 2 0.273074 0.076461 0.630057 0.015689 0.004718
2 2 0.222518 0.087616 0.674774 0.010077 0.005016
2 2 0.052345 0.065664 0.867020 0.011183 0.003787
2 2 0.005831 0.023302 0.958622 0.011276 0.000969
2 2 0.002964 0.012811 0.974956 0.008859 0.000409
2 2 0.000959 0.006071 0.982925 0.009877 0.000167
2 2 0.000200 0.003018 0.988053 0.008604 0.000126
2 2 0.008439 0.019284 0.950914 0.020422 0.000942
2 2 0.002144 0.009043 0.967788 0.020658 0.000367
2 2 0.000342 0.003109 0.964260 0.032175 0.000114
2 2 0.000082 0.001384 0.959189 0.039264 0.000080
2 2 0.000045 0.000978 0.958569 0.040350 0.000057
2 2 0.000049 0.001062 0.942777 0.056034 0.000078
2 2 0.000093 0.001271 0.910375 0.088179 0.000081
2 2 0.000113 0.001271 0.935971 0.062595 0.000050
2 2 0.000126 0.001481 0.952452 0.045889 0.000052
2 2 0.000835 0.005169 0.979915 0.013933 0.000148
2 2 0.000670 0.007723 0.979385 0.011807 0.000415
2 2 0.000399 0.006272 0.977402 0.015552 0.000375
2 2 0.001145 0.005729 0.967371 0.025526 0.000230
2 2 0.006490 0.013866 0.943234 0.035680 0.000731
2 0 0.042475 0.048041 0.847533 0.057528 0.004423
2 0 0.237385 0.134888 0.579731 0.030309 0.017686
2 2 0.165804 0.157847 0.645579 0.015981 0.014789
2 2 0.022014 0.057782 0.860041 0.051095 0.009068
2 2 0.002157 0.012424 0.933803 0.050697 0.000920
2 2 0.001798 0.008766 0.956945 0.032049 0.000442
2 2 0.000489 0.004191 0.961887 0.033263 0.000170
2 2 0.041231 0.024485 0.915483 0.017974 0.000827
2 0 0.155337 0.036666 0.772813 0.033534 0.001649
2 0 0.218709 0.079912 0.637731 0.055775 0.007872
2 0 0.350187 0.055181 0.544159 0.045416 0.005056
0 0 0.524195 0.073594 0.379388 0.015310 0.007513
0 0 0.528842 0.125421 0.323756 0.007301 0.014679
0 0 0.487163 0.163745 0.328774 0.003687 0.016630
0 0 0.491287 0.194978 0.286054 0.003527 0.024154
2 0 0.271007 0.207739 0.496034 0.005537 0.019683
0 0 0.485664 0.107682 0.385874 0.009552 0.011228
2 0 0.386065 0.064049 0.512047 0.031929 0.005909
2 0 0.399734 0.066521 0.415252 0.106491 0.012003
2 0 0.281821 0.109206 0.559452 0.037082 0.012439
2 0 0.415031 0.119363 0.420803 0.027626 0.017176
2 0 0.278283 0.129790 0.573179 0.008234 0.010514
2 0 0.360303 0.140965 0.480174 0.006523 0.012034
2 0 0.314817 0.160471 0.502165 0.007421 0.015126
2 0 0.122533 0.130182 0.727214 0.009924 0.010148
2 0 0.088908 0.107435 0.782528 0.012811 0.008319
2 0 0.065016 0.092717 0.818104 0.016774 0.007389
2 0 0.058075 0.097277 0.820968 0.015930 0.007749
2 0 0.126498 0.151953 0.693140 0.013817 0.014593
2 0 0.305549 0.186842 0.480062 0.008134 0.019414
2 1 0.245772 0.155397 0.575993 0.009082 0.013756
2 1 0.275423 0.160004 0.540027 0.008772 0.015775
2 1 0.207295 0.128763 0.646248 0.007756 0.009938
2 1 0.075427 0.072320 0.838928 0.009310 0.004014
2 1 0.057586 0.060608 0.868162 0.010377 0.003267
2 1 0.029661 0.041662 0.916935 0.009860 0.001882
2 1 0.020497 0.041531 0.919373 0.016269 0.002330
2 1 0.021215 0.042938 0.913888 0.019360 0.002599
2 1 0.020798 0.043860 0.911713 0.020930 0.002699
2 1 0.085735 0.052826 0.837122 0.021365 0.002952
2 0 0.124924 0.058606 0.790523 0.022809 0.003139
2 0 0.211925 0.113778 0.639359 0.025092 0.009846
2 0 0.336960 0.092359 0.548190 0.015204 0.007286
2 1 0.367561 0.108648 0.505553 0.009652 0.008586
2 1 0.213277 0.123882 0.639787 0.011489 0.011565
2 1 0.148747 0.097269 0.731101 0.014490 0.008392
0 0 0.435750 0.102847 0.418234 0.027686 0.015483
2 0 0.298828 0.092865 0.584656 0.015719 0.007932
2 0 0.373183 0.101871 0.504254 0.011980 0.008712
2 0 0.281022 0.133844 0.564741 0.008667 0.011726
2 0 0.258895 0.171706 0.543122 0.007976 0.018301
2 0 0.147273 0.157197 0.670829 0.008991 0.015710
2 0 0.071342 0.099180 0.812808 0.009809 0.006861
2 0 0.047171 0.058206 0.882682 0.008882 0.003059
2 0 0.058898 0.046608 0.883629 0.008827 0.002038
2 0 0.071254 0.061815 0.854210 0.009775 0.002946
2 0 0.163709 0.098691 0.726849 0.005898 0.004853
2 0 0.274367 0.151892 0.561843 0.003464 0.008433
2 0 0.171839 0.233884 0.569459 0.002862 0.021955
2 0 0.109069 0.146838 0.727192 0.006507 0.010394
2 0 0.104962 0.140942 0.738151 0.006306 0.009639
2 1 0.153994 0.182003 0.636924 0.009414 0.017666
2 1 0.153053 0.158504 0.660307 0.012782 0.015354
2 1 0.148548 0.155627 0.666296 0.014385 0.015145
2 1 0.081243 0.155543 0.720210 0.024446 0.018558
2 1 0.045583 0.051512 0.860201 0.038101 0.004604
2 0 0.026015 0.033054 0.891404 0.046951 0.002576
2 0 0.017622 0.034175 0.917155 0.029035 0.002012
2 0 0.058072 0.072350 0.837121 0.026833 0.005624
2 0 0.223295 0.168223 0.568720 0.017978 0.021784
0 0 0.378520 0.277628 0.282232 0.003313 0.058308
2 0 0.221210 0.243302 0.487564 0.005611 0.042313
2 0 0.264281 0.143771 0.561713 0.015110 0.015125
2 0 0.099631 0.129540 0.731028 0.018715 0.021086
2 0 0.158836 0.181965 0.636104 0.008896 0.014199
2 0 0.046904 0.154849 0.775840 0.003911 0.018497
2 0 0.090927 0.089500 0.785452 0.024315 0.009807
2 0 0.048858 0.064609 0.854883 0.026988 0.004662
2 0 0.065150 0.044781 0.838476 0.047794 0.003799
2 0 0.066977 0.054726 0.828293 0.045011 0.004993
2 0 0.087550 0.123408 0.748153 0.026067 0.014822
2 0 0.049201 0.112448 0.811195 0.015714 0.011442
2 0 0.049948 0.121999 0.793549 0.010161 0.024344
2 0 0.063104 0.088652 0.826582 0.013730 0.007932
2 0 0.011394 0.036153 0.940103 0.010308 0.002042
2 0 0.004805 0.017510 0.965408 0.011523 0.000754
2 0 0.009437 0.016583 0.951983 0.021161 0.000836
2 0 0.005173 0.011220 0.953148 0.029958 0.000501
2 0 0.004169 0.008771 0.960630 0.026032 0.000399
2 0 0.023088 0.013160 0.929525 0.033673 0.000554
2 0 0.119542 0.036900 0.813303 0.028280 0.001973
2 0 0.291707 0.081854 0.609556 0.011261 0.005623
2 0 0.360672 0.085279 0.533711 0.012958 0.007381
2 0 0.277047 0.085928 0.613777 0.015369 0.007880
2 0 0.046550 0.021086 0.920284 0.011420 0.000659
2 0 0.054117 0.018351 0.908135 0.018820 0.000577
2 0 0.236139 0.058745 0.692331 0.010324 0.002461
2 0 0.462635 0.063330 0.468241 0.003111 0.002682
0 0 0.604307 0.106357 0.282980 0.000747 0.005609
0 0 0.731350 0.119013 0.136201 0.000651 0.012785
0 0 0.563688 0.179277 0.234540 0.001895 0.020599
0 0 0.447896 0.217845 0.307993 0.002629 0.023637
0 0 0.394835 0.265070 0.297223 0.004200 0.038671
2 0 0.203861 0.302847 0.442330 0.004641 0.046321
2 0 0.104639 0.238633 0.617144 0.006566 0.033019
2 0 0.125465 0.263909 0.564508 0.005520 0.040598
2 0 0.178007 0.149411 0.649917 0.010252 0.012413
2 0 0.153644 0.189457 0.620986 0.014403 0.021510
2 0 0.158908 0.196663 0.612653 0.011442 0.020334
2 0 0.080381 0.152730 0.730558 0.019189 0.017142
2 1 0.052751 0.124210 0.784817 0.018461 0.019762
2 1 0.025956 0.088184 0.852906 0.018041 0.014912
2 1 0.027779 0.110190 0.814263 0.024843 0.022925
2 1 0.001827 0.025777 0.947292 0.021860 0.003245
2 1 0.001086 0.016298 0.963229 0.017815 0.001572
2 2 0.000228 0.003058 0.975071 0.021535 0.000107
2 2 0.000123 0.001792 0.975617 0.022414 0.000053
2 2 0.000097 0.001777 0.983155 0.014915 0.000055
2 2 0.000138 0.002129 0.965833 0.031821 0.000078
2 2 0.000129 0.002394 0.969096 0.028296 0.000085
2 2 0.000128 0.002799 0.969258 0.027695 0.000120
2 2 0.000145 0.002778 0.972678 0.024301 0.000098
2 2 0.000092 0.001982 0.978145 0.019709 0.000072
2 2 0.000289 0.003511 0.979611 0.016458 0.000131
2 2 0.000387 0.004380 0.981562 0.013503 0.000168
2 2 0.001349 0.008927 0.973918 0.015463 0.000342
2 2 0.000694 0.006045 0.975933 0.017118 0.000210
2 2 0.000693 0.006505 0.983043 0.009538 0.000221
2 2 0.002410 0.009924 0.978178 0.009201 0.000287
2 2 0.006961 0.021371 0.961802 0.009117 0.000748
2 2 0.002904 0.012955 0.974556 0.009186 0.000398
2 2 0.003298 0.012073 0.972027 0.012199 0.000403
2 2 0.000614 0.003939 0.965060 0.030221 0.000167
2 2 0.001089 0.005400 0.963646 0.029632 0.000234
2 2 0.000839 0.007109 0.978911 0.012741 0.000400
2 2 0.001268 0.007732 0.975690 0.014935 0.000375
2 2 0.000055 0.001467 0.985952 0.012457 0.000068
2 2 0.000028 0.000749 0.987009 0.012186 0.000027
2 2 0.000029 0.000771 0.986607 0.012567 0.000025
2 2 0.000047 0.001034 0.983120 0.015767 0.000032
2 2 0.000042 0.001106 0.971630 0.027167 0.000055
2 2 0.000098 0.002349 0.972219 0.025184 0.000149
2 2 0.000091 0.002051 0.961887 0.035838 0.000134
2 2 0.000157 0.002595 0.949116 0.047985 0.000147
2 2 0.000207 0.002638 0.937793 0.059228 0.000133
2 2 0.000112 0.001616 0.938147 0.060051 0.000074
2 2 0.000089 0.001337 0.945423 0.053098 0.000054
2 2 0.000092 0.001307 0.945121 0.053429 0.000051
2 2 0.000165 0.002010 0.951393 0.046355 0.000078
2 2 0.000202 0.002421 0.956938 0.040348 0.000091
2 2 0.000116 0.001487 0.952728 0.045617 0.000053
2 3 0.000111 0.001627 0.956511 0.041680 0.000071
2 3 0.000087 0.001338 0.950944 0.047573 0.000058
2 3 0.000054 0.000749 0.927134 0.072033 0.000029
2 3 0.000027 0.000433 0.904342 0.095180 0.000018
2 3 0.000014 0.000247 0.872607 0.127121 0.000011
2 3 0.000016 0.000189 0.754868 0.244916 0.000011
2 3 0.000022 0.000219 0.689949 0.309794 0.000016
2 3 0.000136 0.000912 0.690021 0.308842 0.000090
2 3 0.000265 0.001387 0.591734 0.406423 0.000191
2 3 0.000326 0.001642 0.593567 0.404230 0.000235
2 3 0.000332 0.001929 0.625339 0.372122 0.000278
2 3 0.000124 0.000934 0.669127 0.329712 0.000103
2 3 0.000123 0.000708 0.563434 0.435646 0.000089
2 3 0.000218 0.001035 0.509796 0.488790 0.000160
3 3 0.000337 0.000963 0.291417 0.707034 0.000248
3 3 0.000213 0.001069 0.484568 0.513967 0.000183
3 3 0.000090 0.000326 0.275205 0.724310 0.000069
3 3 0.000151 0.000391 0.198402 0.800945 0.000110
3 3 0.000138 0.000278 0.102108 0.897352 0.000125
3 3 0.000297 0.000525 0.117879 0.881059 0.000240
3 3 0.000272 0.000397 0.093762 0.905376 0.000193
3 3 0.000130 0.000280 0.145734 0.853765 0.000091
3 3 0.000095 0.000219 0.186207 0.813426 0.000053
3 3 0.000112 0.000240 0.220181 0.779419 0.000049
3 3 0.000193 0.000494 0.301864 0.697355 0.000095
3 3 0.000141 0.000306 0.207911 0.791570 0.000071
3 3 0.000117 0.000208 0.130614 0.868997 0.000064
3 3 0.000192 0.000293 0.122697 0.876716 0.000101
3 3 0.000118 0.000165 0.090676 0.908980 0.000062
3 3 0.000220 0.000230 0.077406 0.922044 0.000100
3 3 0.000200 0.000182 0.063726 0.935808 0.000084
3 3 0.000284 0.000290 0.055427 0.943815 0.000184
3 3 0.000209 0.000239 0.058175 0.941236 0.000142
3 3 0.000467 0.000445 0.063765 0.935045 0.000278
3 3 0.000256 0.000491 0.186046 0.813064 0.000143
3 3 0.000268 0.000563 0.240204 0.758830 0.000135
3 3 0.000280 0.000706 0.317905 0.680967 0.000142
3 2 0.000497 0.001345 0.439206 0.558725 0.000228
2 2 0.002650 0.005346 0.739888 0.251535 0.000581
2 2 0.006047 0.012102 0.884409 0.096434 0.001008
2 2 0.012840 0.026684 0.944469 0.014830 0.001178
2 2 0.002811 0.012438 0.963794 0.020452 0.000505
2 2 0.000191 0.002138 0.973368 0.024238 0.000065
2 2 0.000069 0.000836 0.958416 0.040656 0.000023
2 2 0.000049 0.000652 0.964598 0.034685 0.000015
2 2 0.000115 0.001730 0.928014 0.070036 0.000105
2 2 0.000139 0.001772 0.878586 0.119377 0.000126
2 2 0.000199 0.002034 0.912214 0.085442 0.000111
2 2 0.000451 0.003267 0.942575 0.053557 0.000150
2 2 0.001731 0.008168 0.963853 0.025926 0.000321
2 2 0.001018 0.008378 0.975960 0.014322 0.000321
2 2 0.001174 0.017764 0.974837 0.004755 0.001471
2 2 0.000135 0.006051 0.986576 0.005924 0.001314
2 2 0.000087 0.003221 0.985116 0.011023 0.000553
2 2 0.000176 0.005392 0.976052 0.016588 0.001793
2 2 0.000470 0.011455 0.960711 0.019519 0.007844
2 2 0.000552 0.015175 0.952743 0.015086 0.016445
2 2 0.000747 0.025649 0.921936 0.011169 0.040499
2 4 0.000807 0.031780 0.887867 0.010923 0.068623
2 4 0.001245 0.050276 0.816320 0.008932 0.123228
2 4 0.000851 0.034805 0.844407 0.017758 0.102179
2 4 0.001582 0.058450 0.728526 0.011557 0.199885
2 4 0.002101 0.068856 0.651126 0.010791 0.267126
2 4 0.002163 0.067306 0.697077 0.011394 0.222061
2 4 0.001692 0.055923 0.771823 0.010617 0.159945
2 4 0.001655 0.037344 0.929792 0.007065 0.024145
2 4 0.005871 0.054641 0.911974 0.003504 0.024010
2 4 0.008500 0.050876 0.930440 0.002653 0.007532
2 4 0.023997 0.109267 0.831243 0.005184 0.030310
2 4 0.021384 0.140509 0.752253 0.006603 0.079251
4 4 0.003319 0.060798 0.300007 0.012798 0.623078
4 4 0.005670 0.059819 0.381416 0.024186 0.528909
4 4 0.018728 0.082976 0.254347 0.010805 0.633143
4 4 0.019056 0.096386 0.153712 0.004608 0.726238
4 4 0.027755 0.114093 0.107981 0.003152 0.747020
2 4 0.002917 0.074748 0.680417 0.008231 0.233687
4 4 0.016942 0.078489 0.215128 0.008228 0.681213
4 4 0.046166 0.076410 0.198497 0.006931 0.671996
4 4 0.178982 0.084386 0.190709 0.009273 0.536649
4 4 0.254161 0.081192 0.093631 0.002037 0.568979
4 4 0.279616 0.091654 0.075766 0.001523 0.551441
4 4 0.151308 0.098978 0.121757 0.003427 0.624530
4 4 0.186978 0.101967 0.112223 0.003411 0.595421
4 4 0.106864 0.085160 0.080970 0.001126 0.725880
4 4 0.069364 0.093107 0.112792 0.002470 0.722267
4 4 0.057707 0.097577 0.166787 0.006266 0.671663
4 4 0.083419 0.112226 0.056143 0.000842 0.747370
4 4 0.020817 0.096592 0.115639 0.003027 0.763924
4 4 0.023586 0.106400 0.082763 0.001717 0.785534
4 4 0.015008 0.094129 0.109091 0.002325 0.779447
4 4 0.018814 0.090821 0.081922 0.001223 0.807220
4 4 0.007805 0.081323 0.205616 0.006835 0.698420
4 4 0.011320 0.088126 0.144111 0.003816 0.752627
4 4 0.009480 0.097604 0.172034 0.003711 0.717171
4 4 0.007557 0.116608 0.342790 0.003681 0.529363
4 4 0.007926 0.117480 0.345311 0.002744 0.526540
4 4 0.005042 0.101431 0.409614 0.003686 0.480227
2 4 0.004965 0.096257 0.454638 0.005199 0.438941
2 4 0.004247 0.091631 0.518820 0.007187 0.378115
4 4 0.008854 0.097152 0.247736 0.005477 0.640781
4 4 0.011190 0.115299 0.283668 0.003646 0.586198
4 4 0.020783 0.149225 0.195342 0.001690 0.632959
2 4 0.014385 0.163256 0.420982 0.002887 0.398490
2 4 0.011010 0.165193 0.544821 0.002590 0.276386
4 4 0.012325 0.136589 0.314750 0.004044 0.532292
4 4 0.030080 0.065228 0.025389 0.000091 0.879211
4 4 0.019811 0.075411 0.057269 0.000539 0.846970
4 4 0.015703 0.091412 0.117491 0.002786 0.772608
2 4 0.011705 0.124076 0.485688 0.008387 0.370143
2 4 0.011477 0.132491 0.517970 0.006741 0.331321
2 4 0.010574 0.153776 0.528992 0.002935 0.303723
2 4 0.005536 0.111584 0.545274 0.006060 0.331545
2 4 0.005739 0.090887 0.451517 0.008413 0.443444
4 4 0.008635 0.094599 0.285403 0.005172 0.606192
4 4 0.019110 0.089494 0.124474 0.002914 0.764009
4 4 0.024769 0.089081 0.098360 0.001798 0.785992
4 4 0.019022 0.087123 0.115393 0.002149 0.776314
4 4 0.013777 0.098924 0.244279 0.005650 0.637370
4 4 0.017000 0.128611 0.259462 0.003437 0.591490
2 4 0.006831 0.114707 0.525893 0.004252 0.348317
4 4 0.006908 0.106045 0.432794 0.003552 0.450701
4 4 0.007309 0.098322 0.383740 0.003920 0.506708
4 4 0.004756 0.081930 0.444565 0.006428 0.462322
4 4 0.005907 0.090797 0.399970 0.005877 0.497450
4 4 0.007088 0.102918 0.235961 0.002985 0.651049
2 4 0.005404 0.113569 0.480473 0.004546 0.396008
4 4 0.008006 0.138406 0.348382 0.003409 0.501798
2 4 0.003912 0.115518 0.612489 0.003143 0.264938
2 4 0.002746 0.096838 0.682396 0.003338 0.214682
2 4 0.001879 0.075442 0.756435 0.003787 0.162458
2 4 0.001104 0.046755 0.859810 0.005271 0.087060
2 4 0.000729 0.032014 0.916304 0.005418 0.045534
2 4 0.000901 0.038628 0.888120 0.005507 0.066844
2 2 0.000969 0.042319 0.883431 0.005070 0.068211
2 2 0.000956 0.047614 0.859908 0.004534 0.086988
2 2 0.000449 0.027922 0.915141 0.004501 0.051986
2 2 0.000502 0.025865 0.925807 0.005426 0.042400
2 2 0.000579 0.027570 0.925260 0.006043 0.040548
2 2 0.000514 0.028015 0.929951 0.005900 0.035620
2 2 0.000522 0.030636 0.921346 0.005416 0.042080
2 2 0.000465 0.024149 0.936527 0.007570 0.031288
2 2 0.000375 0.021382 0.940578 0.006925 0.030741
2 2 0.000562 0.029543 0.921458 0.005761 0.042675
2 2 0.000427 0.021331 0.943977 0.006407 0.027858
2 2 0.000432 0.022969 0.936403 0.006846 0.033350
2 2 0.000518 0.028942 0.922652 0.004534 0.043354
2 2 0.001040 0.044873 0.882061 0.004907 0.067119
2 2 0.001952 0.061462 0.806515 0.007140 0.122931
2 2 0.002262 0.074164 0.761825 0.005342 0.156406
2 2 0.001459 0.064259 0.811626 0.003980 0.118676
2 2 0.000447 0.025611 0.937913 0.005843 0.030185
2 2 0.000406 0.023518 0.948424 0.006082 0.021570
2 2 0.000528 0.028366 0.939341 0.006189 0.025576
2 2 0.000420 0.020532 0.953119 0.009637 0.016292
2 2 0.000310 0.015515 0.960433 0.010722 0.013021
2 2 0.000289 0.014519 0.963413 0.009234 0.012545
2 2 0.000306 0.014630 0.966613 0.007536 0.010915
2 2 0.000287 0.015532 0.966391 0.005778 0.012012
2 2 0.000267 0.015370 0.968845 0.004803 0.010715
2 2 0.000188 0.010919 0.978441 0.004552 0.005900
2 2 0.000163 0.010380 0.981133 0.002940 0.005385
2 2 0.000079 0.005478 0.988231 0.003775 0.002437
2 2 0.000059 0.003710 0.989832 0.005005 0.001394
2 2 0.000065 0.004130 0.988395 0.005419 0.001991
2 2 0.000080 0.004658 0.985440 0.007391 0.002430
2 2 0.000060 0.002862 0.985738 0.010299 0.001041
2 2 0.000043 0.002222 0.986876 0.010084 0.000775
2 2 0.000047 0.002235 0.985306 0.011574 0.000837
2 2 0.000045 0.002224 0.984326 0.012549 0.000857
2 2 0.000283 0.005541 0.975669 0.017026 0.001481
2 2 0.004152 0.019784 0.951137 0.021348 0.003579
2 2 0.012061 0.042047 0.894692 0.044369 0.006831
2 2 0.009907 0.036214 0.942061 0.009882 0.001936
2 2 0.012117 0.040950 0.938625 0.006641 0.001666
2 2 0.000097 0.003335 0.982536 0.013661 0.000371
2 2 0.000100 0.002743 0.980211 0.016761 0.000185
2 2 0.000122 0.003303 0.979161 0.017141 0.000273
2 2 0.000139 0.003086 0.975067 0.021468 0.000240
2 2 0.000181 0.003459 0.970655 0.025432 0.000274
2 2 0.000206 0.003798 0.971629 0.024087 0.000279
2 2 0.000205 0.003405 0.964082 0.032094 0.000214
2 2 0.000317 0.004171 0.948132 0.047143 0.000237
2 2 0.000298 0.004311 0.937510 0.057599 0.000282
2 2 0.000185 0.003594 0.951657 0.044292 0.000272
2 2 0.000133 0.002486 0.959902 0.037312 0.000166
2 2 0.000108 0.002097 0.956899 0.040732 0.000164
2 2 0.000084 0.001962 0.960208 0.037540 0.000206
2 2 0.000083 0.001919 0.955338 0.042486 0.000173
2 2 0.000088 0.001960 0.922426 0.075304 0.000222
2 2 0.000069 0.001370 0.914808 0.083661 0.000092
2 2 0.000103 0.001487 0.903608 0.094710 0.000092
2 3 0.000070 0.000943 0.902039 0.096900 0.000048
2 3 0.000064 0.000785 0.892559 0.106548 0.000045
2 3 0.000098 0.001087 0.856262 0.142470 0.000083
2 3 0.000200 0.001795 0.795930 0.201863 0.000212
2 3 0.000389 0.002972 0.679413 0.316766 0.000460
2 3 0.000572 0.002643 0.631130 0.365274 0.000380
3 3 0.000415 0.001347 0.414203 0.583772 0.000264
3 3 0.000338 0.000951 0.352975 0.645543 0.000193
3 3 0.000145 0.000391 0.260694 0.738687 0.000084
3 3 0.000133 0.000509 0.363745 0.635521 0.000092
