0 0 0.900873 0.058716 0.023261 0.009669 0.007481
0 0 0.900105 0.058076 0.019887 0.005008 0.016925
0 0 0.830810 0.092354 0.046452 0.013091 0.017294
0 0 0.727397 0.147501 0.090831 0.012225 0.022047
0 0 0.681004 0.182452 0.111856 0.007109 0.017579
0 0 0.744600 0.143926 0.081392 0.008829 0.021253
0 0 0.622634 0.198077 0.146080 0.012518 0.020690
0 0 0.507117 0.230322 0.223549 0.016284 0.022729
0 0 0.446278 0.284558 0.241620 0.003675 0.023869
2 0 0.344268 0.280628 0.352026 0.004558 0.018520
2 0 0.336521 0.271209 0.361590 0.007724 0.022956
0 0 0.520459 0.266622 0.185726 0.003723 0.023469
0 0 0.460757 0.283401 0.228878 0.003419 0.023546
0 0 0.446893 0.291223 0.222697 0.003603 0.035585
0 0 0.472873 0.276984 0.192445 0.002875 0.054823
0 0 0.494464 0.235704 0.172809 0.005604 0.091419
0 0 0.462753 0.236337 0.191644 0.007815 0.101450
0 0 0.429351 0.265946 0.222484 0.006140 0.076078
0 0 0.497589 0.265056 0.183260 0.003410 0.050685
0 0 0.562136 0.230019 0.154046 0.004966 0.048833
0 0 0.504142 0.271270 0.174219 0.002351 0.048018
0 0 0.533663 0.232612 0.152999 0.004016 0.076709
0 0 0.515945 0.223988 0.157070 0.005454 0.097544
0 0 0.498370 0.225949 0.167922 0.006335 0.101424
0 0 0.436926 0.205440 0.219103 0.017978 0.120553
0 0 0.475075 0.203959 0.212991 0.017924 0.090050
0 0 0.510272 0.214232 0.212019 0.017551 0.045927
0 0 0.730727 0.138787 0.086902 0.015031 0.028552
0 0 0.761800 0.131926 0.074554 0.010707 0.021013
0 0 0.727424 0.133795 0.086951 0.019092 0.032738
0 0 0.634659 0.151210 0.103174 0.015068 0.095889
0 0 0.647938 0.151303 0.107902 0.019436 0.073421
0 0 0.698727 0.125847 0.082641 0.020966 0.071819
0 0 0.581796 0.159875 0.142139 0.029656 0.086534
0 0 0.601957 0.164685 0.126716 0.020707 0.085935
0 0 0.602384 0.162655 0.119350 0.016865 0.098747
0 0 0.706723 0.153450 0.082366 0.005684 0.051777
0 0 0.753395 0.122107 0.061243 0.006915 0.056339
0 0 0.694721 0.167580 0.095591 0.006252 0.035857
0 0 0.501456 0.244723 0.209491 0.007791 0.036540
0 0 0.523857 0.221222 0.198860 0.011532 0.044528
0 0 0.397235 0.210726 0.290876 0.030195 0.070967
0 0 0.566372 0.205002 0.156519 0.010708 0.061400
0 0 0.508333 0.213976 0.210698 0.016968 0.050025
0 0 0.567522 0.194921 0.160434 0.012542 0.064582
0 0 0.574393 0.163606 0.163112 0.034959 0.063929
0 0 0.652844 0.132352 0.097587 0.027035 0.090183
0 0 0.744886 0.095255 0.056347 0.023090 0.080422
0 0 0.775792 0.079984 0.045384 0.027342 0.071498
0 0 0.831140 0.073294 0.032230 0.010412 0.052924
0 0 0.792646 0.110715 0.054674 0.008262 0.033702
0 0 0.691392 0.173030 0.102131 0.006829 0.026619
0 0 0.563447 0.202975 0.189467 0.016524 0.027586
2 0 0.314375 0.247189 0.396844 0.017198 0.024393
0 0 0.411115 0.212381 0.313427 0.032311 0.030766
0 0 0.476898 0.225857 0.240792 0.014927 0.041526
0 0 0.646644 0.195530 0.113731 0.004513 0.039582
0 0 0.700782 0.168796 0.085703 0.003579 0.041140
0 0 0.762132 0.118744 0.063698 0.010251 0.045176
0 0 0.783882 0.115094 0.060234 0.010011 0.030780
0 0 0.830507 0.086375 0.038552 0.008414 0.036152
0 0 0.836223 0.084192 0.034799 0.006122 0.038664
0 0 0.847422 0.081365 0.031597 0.004879 0.034737
0 0 0.817905 0.090401 0.038637 0.006166 0.046891
0 0 0.710942 0.150329 0.086606 0.008379 0.043744
0 0 0.749366 0.122261 0.069003 0.012087 0.047283
0 0 0.712486 0.141549 0.084110 0.010908 0.050946
0 0 0.737652 0.127289 0.075204 0.013639 0.046215
0 0 0.538315 0.197514 0.194565 0.019596 0.050010
0 0 0.646082 0.169238 0.115104 0.012570 0.057005
0 0 0.566905 0.204663 0.151759 0.010308 0.066365
0 0 0.630699 0.182712 0.128835 0.012343 0.045410
0 0 0.646390 0.183265 0.123839 0.010446 0.036060
0 0 0.675355 0.169296 0.107839 0.009916 0.037594
0 0 0.666105 0.175374 0.110612 0.008640 0.039269
0 0 0.696094 0.165565 0.097486 0.007464 0.033392
0 0 0.704217 0.157227 0.092083 0.008196 0.038278
0 0 0.797858 0.127137 0.056200 0.003712 0.015093
0 0 0.901494 0.067614 0.022740 0.003348 0.004804
0 0 0.942328 0.040448 0.011811 0.003942 0.001471
0 0 0.968416 0.018442 0.004524 0.006402 0.002216
0 0 0.791152 0.108085 0.066993 0.024399 0.009371
0 0 0.775731 0.137859 0.059652 0.003639 0.023119
0 0 0.836073 0.111814 0.042075 0.002223 0.007815
0 0 0.732638 0.164661 0.064494 0.001146 0.037061
0 0 0.672386 0.214663 0.087120 0.000704 0.025128
0 0 0.873991 0.085001 0.028006 0.002037 0.010965
0 0 0.956519 0.022667 0.006626 0.010884 0.003304
0 0 0.968576 0.008556 0.002050 0.019108 0.001710
0 0 0.931210 0.007010 0.002013 0.058163 0.001604
4 0 0.238986 0.168776 0.123442 0.010871 0.457925
0 0 0.627032 0.150614 0.091927 0.008589 0.121837
0 0 0.779113 0.103538 0.050259 0.008354 0.058736
0 0 0.682988 0.158092 0.101091 0.011741 0.046088
0 0 0.782537 0.108814 0.053738 0.008382 0.046530
0 0 0.855716 0.064968 0.025801 0.008132 0.045382
0 0 0.691608 0.148995 0.079848 0.005714 0.073835
0 0 0.639831 0.157940 0.085517 0.004609 0.112103
0 0 0.569422 0.185357 0.116198 0.005517 0.123506
0 0 0.608604 0.211720 0.124838 0.003702 0.051136
0 0 0.637848 0.171363 0.115397 0.011432 0.063959
0 0 0.701285 0.178859 0.093754 0.003693 0.022409
0 0 0.738140 0.162630 0.083650 0.004280 0.011300
0 0 0.766529 0.142737 0.058212 0.001950 0.030571
0 0 0.804466 0.065639 0.018088 0.001181 0.110626
4 0 0.441221 0.037656 0.007937 0.001104 0.512082
4 0 0.392425 0.023563 0.005379 0.002400 0.576234
4 0 0.301153 0.055232 0.022313 0.005113 0.616189
0 0 0.628831 0.079484 0.038155 0.008390 0.245141
0 0 0.825586 0.062931 0.021876 0.004194 0.085413
0 0 0.733473 0.143042 0.065507 0.003194 0.054784
0 0 0.587090 0.185007 0.119638 0.006892 0.101372
0 0 0.547474 0.162478 0.086271 0.004739 0.199038
4 0 0.191269 0.072902 0.032981 0.004287 0.698561
4 0 0.263637 0.079568 0.029130 0.002561 0.625105
0 0 0.411297 0.130811 0.053121 0.002898 0.401872
0 0 0.480244 0.154730 0.082736 0.005582 0.276707
0 0 0.615274 0.193209 0.101692 0.002591 0.087234
0 0 0.653389 0.189588 0.085999 0.001470 0.069554
0 0 0.562394 0.230345 0.134449 0.002566 0.070246
0 0 0.346471 0.241005 0.125522 0.002973 0.284029
4 0 0.240293 0.139120 0.060869 0.002734 0.556984
4 1 0.099917 0.058232 0.030967 0.005047 0.805837
4 1 0.078098 0.037703 0.018924 0.004574 0.860701
4 1 0.071880 0.036551 0.020460 0.006144 0.864965
4 1 0.220326 0.112585 0.074360 0.011018 0.581710
4 2 0.152585 0.141415 0.176890 0.029085 0.500026
2 2 0.092783 0.157723 0.499956 0.063413 0.186125
2 2 0.040058 0.106785 0.654079 0.097685 0.101394
2 2 0.018210 0.071984 0.787107 0.093285 0.029414
2 2 0.011483 0.060336 0.848037 0.063376 0.016769
2 2 0.017769 0.079609 0.846138 0.039179 0.017305
2 2 0.005443 0.040384 0.895270 0.049922 0.008982
2 2 0.005593 0.040653 0.887806 0.056198 0.009750
2 2 0.004818 0.036768 0.880322 0.068276 0.009817
2 2 0.003191 0.028172 0.863373 0.096240 0.009024
2 2 0.001139 0.015346 0.868403 0.110176 0.004937
2 2 0.001542 0.018487 0.835349 0.137032 0.007590
2 2 0.000731 0.012590 0.834243 0.146702 0.005734
2 2 0.000464 0.009839 0.842612 0.142715 0.004370
2 2 0.000552 0.011509 0.860937 0.121979 0.005023
2 2 0.000403 0.010461 0.872412 0.111792 0.004932
2 2 0.000416 0.010238 0.861403 0.123086 0.004856
2 2 0.000346 0.008879 0.857557 0.129174 0.004045
2 2 0.000293 0.006786 0.826169 0.164058 0.002694
2 2 0.000187 0.005384 0.836033 0.156290 0.002107
2 2 0.000142 0.004880 0.849657 0.143372 0.001949
2 2 0.000122 0.004268 0.830454 0.163509 0.001647
2 2 0.000235 0.005729 0.795859 0.195959 0.002219
2 2 0.000475 0.007876 0.751626 0.236776 0.003247
2 3 0.000136 0.003475 0.719162 0.276055 0.001172
2 3 0.000183 0.003409 0.599905 0.395399 0.001105
2 3 0.000294 0.003995 0.525403 0.469005 0.001303
3 3 0.000384 0.003375 0.365324 0.629625 0.001292
3 3 0.000514 0.004355 0.414608 0.578607 0.001916
3 3 0.000445 0.004263 0.445172 0.548327 0.001793
3 3 0.000485 0.004154 0.412338 0.581097 0.001927
3 3 0.000747 0.004179 0.309043 0.683590 0.002441
3 3 0.000700 0.002548 0.173734 0.821159 0.001859
3 3 0.000625 0.002023 0.137160 0.858718 0.001473
3 3 0.001104 0.004080 0.228452 0.763446 0.002919
3 3 0.001151 0.005090 0.290582 0.699978 0.003199
3 3 0.001292 0.005399 0.287172 0.702693 0.003444
3 3 0.000681 0.003706 0.282733 0.710840 0.002041
3 3 0.000547 0.004078 0.373467 0.619881 0.002028
3 3 0.000202 0.002384 0.379485 0.617079 0.000850
3 3 0.000437 0.002719 0.260168 0.735204 0.001472
3 3 0.000555 0.002155 0.162486 0.833417 0.001387
3 3 0.000457 0.001694 0.132621 0.864236 0.000992
3 3 0.000511 0.002254 0.180981 0.814971 0.001283
3 3 0.000271 0.002306 0.291153 0.705398 0.000872
3 3 0.000222 0.002100 0.300806 0.696093 0.000778
3 3 0.000289 0.001931 0.227516 0.769349 0.000916
3 3 0.000328 0.002047 0.217300 0.779115 0.001210
3 3 0.000441 0.002345 0.209854 0.785795 0.001564
3 3 0.000489 0.002827 0.248572 0.746300 0.001812
3 3 0.000473 0.002158 0.179745 0.816230 0.001394
3 3 0.000424 0.001546 0.125268 0.871591 0.001170
3 3 0.000369 0.001051 0.081759 0.915957 0.000865
3 3 0.000566 0.001887 0.125251 0.870553 0.001744
3 3 0.000218 0.000899 0.093289 0.905097 0.000498
3 3 0.000215 0.000899 0.097212 0.901242 0.000433
3 3 0.000798 0.002174 0.120879 0.874312 0.001836
3 3 0.001219 0.003327 0.159160 0.833749 0.002545
3 3 0.002459 0.005520 0.190447 0.795915 0.005659
3 3 0.001522 0.004493 0.197875 0.792976 0.003134
3 3 0.000748 0.003124 0.208180 0.786150 0.001797
3 3 0.000565 0.001954 0.135319 0.861030 0.001133
3 3 0.000467 0.001501 0.108255 0.888914 0.000863
3 3 0.000584 0.001611 0.099833 0.896759 0.001213
3 3 0.000421 0.001179 0.086248 0.911348 0.000805
3 3 0.000497 0.001811 0.134257 0.862157 0.001279
3 3 0.001062 0.003770 0.203314 0.788316 0.003539
3 3 0.000839 0.002456 0.137709 0.856613 0.002383
3 3 0.000826 0.002258 0.124791 0.870029 0.002097
3 3 0.000477 0.000938 0.057003 0.940649 0.000931
3 3 0.000323 0.000666 0.048039 0.950440 0.000532
3 3 0.000259 0.000636 0.052696 0.945979 0.000430
3 3 0.000297 0.000981 0.086317 0.911841 0.000565
3 3 0.000705 0.001243 0.062026 0.934929 0.001096
3 3 0.001005 0.001423 0.056793 0.939349 0.001431
3 3 0.001114 0.001347 0.048799 0.947223 0.001517
3 3 0.001044 0.001204 0.043096 0.953371 0.001284
3 3 0.001515 0.002424 0.085845 0.907957 0.002258
3 3 0.001157 0.001973 0.080256 0.914794 0.001821
3 3 0.001815 0.003040 0.094882 0.896385 0.003877
3 3 0.000696 0.001106 0.053189 0.943983 0.001026
3 3 0.000811 0.003174 0.196673 0.797593 0.001749
3 3 0.000547 0.004473 0.389510 0.604066 0.001404
2 3 0.001116 0.009943 0.667897 0.318596 0.002448
2 3 0.001199 0.008842 0.526842 0.460370 0.002746
2 2 0.000956 0.008681 0.587288 0.400169 0.002906
2 2 0.000316 0.004403 0.558630 0.435186 0.001466
2 2 0.000295 0.004570 0.605900 0.387687 0.001547
2 2 0.000401 0.006032 0.664756 0.326649 0.002162
2 2 0.000506 0.006351 0.611644 0.379240 0.002258
2 2 0.000887 0.007632 0.544282 0.444847 0.002351
2 2 0.010490 0.035813 0.684503 0.261796 0.007397
2 2 0.122310 0.157556 0.591501 0.097939 0.030693
2 0 0.328696 0.280767 0.335133 0.010573 0.044830
2 0 0.259075 0.277235 0.402534 0.010329 0.050828
4 2 0.190868 0.188107 0.287599 0.035885 0.297540
4 2 0.136538 0.133453 0.262841 0.059593 0.407575
2 2 0.082099 0.132718 0.492739 0.095403 0.197042
4 2 0.116749 0.171088 0.247004 0.025242 0.439917
2 2 0.043585 0.135090 0.562543 0.066973 0.191809
2 2 0.031439 0.131178 0.675547 0.049541 0.112295
2 2 0.049303 0.140519 0.757983 0.025040 0.027155
2 0 0.175848 0.267466 0.521351 0.005469 0.029867
0 0 0.388520 0.324703 0.255545 0.001583 0.029650
0 0 0.545921 0.267878 0.143937 0.001203 0.041061
0 0 0.526975 0.223101 0.151040 0.004855 0.094029
0 0 0.596606 0.171033 0.106760 0.006896 0.118706
0 2 0.574864 0.197302 0.128798 0.006146 0.092889
0 2 0.499557 0.215852 0.162629 0.007676 0.114286
0 2 0.505220 0.220800 0.161426 0.006535 0.106018
0 2 0.488759 0.231247 0.174512 0.006503 0.098979
0 2 0.601005 0.166848 0.109129 0.009188 0.113830
0 2 0.612806 0.150659 0.103988 0.014859 0.117688
2 2 0.096806 0.182169 0.654095 0.030959 0.035972
2 2 0.002236 0.024461 0.924067 0.044536 0.004700
2 2 0.001748 0.021069 0.923716 0.049248 0.004219
2 2 0.000722 0.012421 0.923153 0.061052 0.002652
2 2 0.000977 0.014583 0.907319 0.073544 0.003577
2 2 0.000875 0.013290 0.895988 0.086481 0.003366
2 2 0.001810 0.020151 0.887819 0.085023 0.005197
2 2 0.002061 0.022134 0.882566 0.086843 0.006397
2 2 0.002922 0.026776 0.865208 0.096562 0.008531
2 2 0.001867 0.019784 0.825922 0.144483 0.007944
2 2 0.001195 0.014939 0.805527 0.171805 0.006534
2 2 0.000889 0.011244 0.751879 0.231419 0.004570
2 2 0.011243 0.052976 0.846856 0.078277 0.010648
2 2 0.139368 0.167735 0.623006 0.052910 0.016982
0 0 0.672923 0.197426 0.111105 0.003937 0.014609
0 0 0.805628 0.136870 0.048081 0.001047 0.008375
0 0 0.822793 0.119135 0.046487 0.002332 0.009253
0 0 0.754922 0.158768 0.074050 0.002869 0.009392
0 0 0.586011 0.257623 0.137546 0.001411 0.017409
0 1 0.424166 0.301085 0.226497 0.002800 0.045452
0 2 0.369175 0.266936 0.191286 0.005650 0.166953
4 2 0.150992 0.182801 0.265450 0.029229 0.371528
2 2 0.076204 0.138494 0.363856 0.060299 0.361147
2 2 0.053858 0.114207 0.542606 0.108709 0.180620
2 2 0.049558 0.094244 0.541855 0.161791 0.152552
2 2 0.015610 0.051623 0.632472 0.231224 0.069070
2 2 0.006101 0.034199 0.752482 0.183972 0.023245
2 2 0.003464 0.028818 0.829542 0.125216 0.012960
2 2 0.003605 0.031095 0.887116 0.069969 0.008216
2 2 0.002488 0.025161 0.896749 0.069204 0.006397
2 2 0.001085 0.015135 0.883533 0.095818 0.004429
2 2 0.279255 0.309709 0.376019 0.003123 0.031895
2 1 0.174403 0.258400 0.517491 0.009615 0.040091
2 1 0.029969 0.105824 0.803291 0.037074 0.023842
2 2 0.003715 0.030938 0.866425 0.089369 0.009552
2 2 0.002338 0.023072 0.852483 0.114179 0.007928
2 2 0.001275 0.016431 0.869907 0.107151 0.005236
2 2 0.001960 0.021647 0.889952 0.080504 0.005937
2 2 0.000618 0.010945 0.891928 0.093487 0.003021
2 2 0.002361 0.024425 0.898176 0.068873 0.006165
2 2 0.000916 0.014102 0.911037 0.070590 0.003355
2 2 0.000867 0.013491 0.901011 0.081142 0.003489
2 2 0.000587 0.010441 0.875241 0.110530 0.003201
2 2 0.000186 0.005078 0.824169 0.168657 0.001909
2 2 0.000320 0.007001 0.827042 0.162966 0.002671
2 2 0.000301 0.006917 0.854300 0.136160 0.002321
2 2 0.000349 0.007685 0.874972 0.114671 0.002324
2 2 0.000255 0.006694 0.921332 0.070273 0.001446
2 2 0.001016 0.014994 0.911327 0.069115 0.003548
2 1 0.011746 0.064300 0.882294 0.030339 0.011320
2 1 0.027443 0.101918 0.820395 0.030509 0.019735
2 2 0.047924 0.139009 0.763465 0.023728 0.025875
2 2 0.001660 0.021628 0.865024 0.102926 0.008762
2 2 0.000285 0.006504 0.821066 0.169614 0.002531
2 2 0.000139 0.004281 0.826060 0.167949 0.001571
2 2 0.000154 0.004555 0.825395 0.168210 0.001686
2 2 0.000130 0.004636 0.850260 0.143135 0.001839
2 2 0.000242 0.008411 0.884297 0.102888 0.004162
2 2 0.000173 0.005455 0.847767 0.144395 0.002210
2 2 0.000108 0.003696 0.827552 0.167315 0.001329
2 2 0.000217 0.005752 0.830480 0.161307 0.002244
2 2 0.014398 0.062958 0.855306 0.056399 0.010939
2 2 0.097011 0.166371 0.668585 0.041477 0.026557
2 2 0.185530 0.250332 0.521815 0.010811 0.031513
2 2 0.080170 0.160625 0.674856 0.034913 0.049436
2 2 0.085971 0.175032 0.681025 0.026732 0.031240
2 1 0.024653 0.084510 0.814864 0.059499 0.016474
2 2 0.006613 0.043922 0.887451 0.052703 0.009311
2 2 0.002850 0.027273 0.896018 0.066988 0.006872
2 2 0.003700 0.032421 0.908670 0.048422 0.006787
2 2 0.310468 0.208079 0.414358 0.047022 0.020073
0 2 0.759823 0.135184 0.078866 0.011711 0.014416
0 0 0.870428 0.087008 0.027993 0.001743 0.012828
0 0 0.830918 0.104792 0.031058 0.000810 0.032422
0 0 0.757430 0.097928 0.034487 0.001800 0.108355
0 0 0.531154 0.180375 0.126961 0.008837 0.152672
0 0 0.450561 0.250903 0.198953 0.006452 0.093130
0 0 0.289717 0.249769 0.194684 0.008360 0.257471
0 0 0.311059 0.279043 0.227482 0.007345 0.175070
4 1 0.151282 0.243184 0.258440 0.013000 0.334093
4 2 0.161430 0.240240 0.280549 0.014078 0.303703
2 2 0.058408 0.168397 0.492678 0.038236 0.242281
2 2 0.013683 0.089266 0.662844 0.073640 0.160567
2 2 0.009520 0.059759 0.734438 0.120539 0.075745
2 2 0.004340 0.042218 0.799617 0.110311 0.043515
2 2 0.001509 0.022981 0.845354 0.113726 0.016432
2 2 0.000662 0.014204 0.864522 0.113305 0.007307
2 2 0.000320 0.009061 0.869055 0.117260 0.004304
2 2 0.000418 0.010564 0.865939 0.117959 0.005121
2 2 0.000605 0.014343 0.874185 0.103198 0.007668
2 2 0.000492 0.011668 0.856694 0.125350 0.005796
2 2 0.000498 0.011478 0.861080 0.121377 0.005568
2 2 0.000200 0.005299 0.823670 0.168828 0.002004
2 2 0.000429 0.008525 0.854745 0.133406 0.002895
2 2 0.000571 0.010421 0.890387 0.095718 0.002903
2 2 0.000690 0.011591 0.884706 0.099652 0.003361
2 2 0.000577 0.010784 0.915835 0.070330 0.002473
2 2 0.000294 0.007074 0.893836 0.096904 0.001893
2 2 0.000257 0.006470 0.882511 0.108911 0.001850
2 2 0.000148 0.004472 0.832646 0.161133 0.001602
2 2 0.000102 0.003589 0.827837 0.167186 0.001285
2 2 0.000096 0.003463 0.828178 0.167028 0.001234
2 2 0.000969 0.015144 0.939359 0.041901 0.002627
2 2 0.007218 0.049063 0.905675 0.029835 0.008210
2 2 0.012564 0.068604 0.889357 0.019917 0.009558
2 2 0.025218 0.099720 0.836144 0.022614 0.016304
2 2 0.002237 0.026453 0.908450 0.055768 0.007092
2 2 0.000210 0.008469 0.897500 0.089387 0.004434
2 2 0.000116 0.005065 0.870849 0.121726 0.002245
2 2 0.000094 0.003190 0.748020 0.247549 0.001148
2 2 0.000150 0.004779 0.798547 0.194606 0.001918
2 2 0.000147 0.004876 0.834522 0.158510 0.001945
2 2 0.000081 0.003697 0.858539 0.136216 0.001466
2 2 0.000084 0.003937 0.869748 0.124620 0.001612
2 2 0.000040 0.002361 0.829073 0.167643 0.000882
2 2 0.000060 0.003132 0.852613 0.142964 0.001231
2 2 0.000054 0.003073 0.841112 0.154503 0.001259
2 2 0.000051 0.003035 0.871808 0.123879 0.001227
2 2 0.000069 0.003740 0.880696 0.113920 0.001575
2 2 0.000096 0.005283 0.901234 0.090824 0.002563
2 2 0.000137 0.006420 0.897076 0.093193 0.003174
2 2 0.002472 0.046171 0.816686 0.070456 0.064215
2 2 0.011893 0.078711 0.534862 0.089298 0.285236
2 2 0.017968 0.089068 0.461802 0.062925 0.368238
4 4 0.048935 0.117222 0.349682 0.062491 0.421670
2 4 0.167044 0.240690 0.299926 0.015277 0.277063
2 4 0.091965 0.240185 0.462100 0.017459 0.188290
2 4 0.040370 0.216638 0.497763 0.014213 0.231015
4 4 0.013046 0.117745 0.391101 0.017805 0.460303
2 4 0.011122 0.114878 0.440943 0.019163 0.413894
4 4 0.023560 0.138204 0.334802 0.019092 0.484343
4 4 0.044000 0.154721 0.171252 0.009608 0.620419
4 4 0.050168 0.225530 0.295233 0.009819 0.419250
4 4 0.046296 0.151613 0.145780 0.008000 0.648312
4 4 0.057893 0.113128 0.099274 0.009292 0.720412
4 4 0.034945 0.061691 0.070044 0.010328 0.822990
4 4 0.035394 0.059224 0.084206 0.016712 0.804463
4 4 0.044231 0.072456 0.134256 0.035613 0.713444
4 4 0.050066 0.068345 0.089500 0.017942 0.774146
4 4 0.033708 0.097529 0.135547 0.011820 0.721396
4 4 0.028164 0.132762 0.227861 0.013034 0.598179
2 4 0.019961 0.170887 0.422001 0.015441 0.371709
2 4 0.011001 0.157932 0.541746 0.014111 0.275210
2 4 0.013362 0.158594 0.531730 0.016792 0.279521
4 4 0.035652 0.164836 0.257274 0.013016 0.529221
4 4 0.047742 0.125608 0.162262 0.014391 0.649998
4 4 0.063625 0.111574 0.127523 0.016341 0.680936
4 4 0.064885 0.112091 0.143970 0.020408 0.658646
4 4 0.115490 0.111670 0.078320 0.008383 0.686137
4 4 0.068658 0.109619 0.087714 0.008379 0.725631
4 4 0.108618 0.157025 0.138218 0.011898 0.584241
4 4 0.031687 0.116037 0.167211 0.011319 0.673747
4 4 0.038442 0.103575 0.127604 0.010926 0.719453
4 4 0.055307 0.144399 0.158759 0.011407 0.630129
4 4 0.077785 0.264257 0.220842 0.004352 0.432763
2 4 0.036802 0.240051 0.359346 0.007862 0.355939
2 4 0.019219 0.186001 0.461589 0.014500 0.318691
4 4 0.023804 0.141519 0.319932 0.017070 0.497675
4 2 0.057735 0.135716 0.172011 0.016821 0.617716
4 2 0.221346 0.207679 0.142913 0.006944 0.421118
4 2 0.293117 0.256641 0.133432 0.002625 0.314186
1 2 0.282443 0.338724 0.191537 0.001939 0.185356
4 2 0.072587 0.239869 0.165508 0.002706 0.519330
4 4 0.062583 0.224485 0.173224 0.003597 0.536111
4 4 0.038700 0.120083 0.099842 0.005383 0.735993
4 4 0.044291 0.099617 0.078274 0.005881 0.771938
4 4 0.073367 0.139473 0.115705 0.008104 0.663351
4 4 0.048530 0.110725 0.092387 0.007055 0.741302
4 4 0.041549 0.121571 0.197830 0.018557 0.620493
4 4 0.036902 0.095879 0.165593 0.019075 0.682550
4 4 0.056255 0.123719 0.260055 0.039768 0.520202
4 2 0.212835 0.231027 0.178745 0.008326 0.369068
4 2 0.141983 0.296803 0.190310 0.002718 0.368186
1 2 0.066038 0.335667 0.311023 0.003402 0.283872
2 2 0.005733 0.118866 0.697757 0.017777 0.159866
2 2 0.003775 0.082316 0.794722 0.027401 0.091786
2 2 0.003136 0.058623 0.828967 0.047857 0.061418
2 2 0.005010 0.050817 0.779459 0.090431 0.074283
2 2 0.005054 0.041583 0.779697 0.135075 0.038591
2 2 0.004854 0.044697 0.812249 0.110264 0.027937
2 2 0.009806 0.083954 0.755443 0.067912 0.082885
2 2 0.002174 0.026880 0.824503 0.129138 0.017306
2 2 0.005832 0.036234 0.663929 0.243977 0.050027
2 2 0.007984 0.039025 0.592297 0.290679 0.070015
2 2 0.005494 0.027578 0.524395 0.400820 0.041713
2 2 0.006458 0.039190 0.611566 0.274466 0.068320
3 2 0.008471 0.025804 0.402113 0.507963 0.055648
3 2 0.006393 0.019655 0.378589 0.557394 0.037969
3 2 0.002518 0.013520 0.478622 0.489844 0.015496
2 2 0.001125 0.012730 0.686557 0.289559 0.010028
2 2 0.000267 0.006268 0.822622 0.168428 0.002416
2 2 0.002235 0.024088 0.913478 0.054938 0.005261
2 2 0.006093 0.045049 0.917117 0.025055 0.006686
2 2 0.017540 0.081745 0.864470 0.023270 0.012975
2 2 0.007686 0.050864 0.903347 0.029583 0.008520
2 2 0.000378 0.010438 0.882747 0.101590 0.004847
2 2 0.000396 0.012972 0.897036 0.082120 0.007476
2 2 0.000420 0.013592 0.897459 0.080585 0.007945
2 2 0.000538 0.013416 0.872555 0.106354 0.007138
2 2 0.000929 0.014119 0.771197 0.204636 0.009119
2 2 0.000444 0.007645 0.713641 0.274645 0.003625
3 2 0.000729 0.005672 0.435867 0.554875 0.002857
3 2 0.002502 0.009762 0.353177 0.626826 0.007731
3 2 0.004060 0.007419 0.185383 0.796147 0.006990
3 2 0.002611 0.005576 0.178236 0.808639 0.004938
3 2 0.001827 0.005232 0.211996 0.777127 0.003818
3 2 0.002061 0.008307 0.350715 0.632656 0.006261
3 3 0.002721 0.011543 0.426260 0.552050 0.007426
2 3 0.004361 0.022141 0.599887 0.356687 0.016924
3 3 0.004560 0.015748 0.431629 0.536880 0.011183
3 3 0.003545 0.008463 0.238833 0.741198 0.007961
3 3 0.012431 0.014689 0.199515 0.754104 0.019260
3 3 0.014046 0.016510 0.206095 0.744181 0.019169
3 3 0.005450 0.009556 0.201798 0.774989 0.008207
3 3 0.005866 0.004495 0.071099 0.911704 0.006835
3 3 0.003727 0.002140 0.035996 0.954425 0.003712
3 3 0.005439 0.002075 0.024593 0.964003 0.003889
3 3 0.008097 0.001709 0.013274 0.972878 0.004043
3 3 0.008752 0.001271 0.007480 0.979963 0.002534
3 3 0.009612 0.001124 0.005703 0.981239 0.002323
3 3 0.013002 0.001218 0.005239 0.977123 0.003419
3 3 0.018392 0.002171 0.009527 0.963073 0.006838
3 3 0.007730 0.001487 0.011228 0.975979 0.003576
3 3 0.005807 0.002018 0.022038 0.966435 0.003701
3 3 0.003614 0.000975 0.011597 0.981703 0.002111
3 3 0.006345 0.001375 0.011925 0.977093 0.003261
3 3 0.006349 0.001087 0.008406 0.981412 0.002745
3 3 0.012177 0.004375 0.037193 0.941197 0.005058
3 3 0.018490 0.009019 0.078822 0.888981 0.004688
3 3 0.005670 0.014410 0.338738 0.637758 0.003424
2 3 0.004710 0.022550 0.638846 0.327576 0.006318
2 3 0.000412 0.005275 0.572234 0.420271 0.001808
3 3 0.000454 0.004364 0.429773 0.563993 0.001417
3 3 0.001140 0.005210 0.291570 0.699314 0.002765
3 3 0.002809 0.005965 0.184133 0.801824 0.005269
3 3 0.002711 0.009373 0.328495 0.653474 0.005947
3 3 0.003426 0.014223 0.453973 0.518684 0.009694
3 3 0.002541 0.011955 0.447547 0.529109 0.008848
3 3 0.001527 0.005304 0.248924 0.740044 0.004201
3 3 0.001025 0.002600 0.136095 0.857806 0.002475
3 3 0.000884 0.002403 0.128455 0.865451 0.002806
3 3 0.002077 0.003766 0.114054 0.874221 0.005881
3 3 0.001121 0.001459 0.054262 0.941371 0.001787
3 3 0.000727 0.000835 0.035456 0.961945 0.001036
3 3 0.001026 0.000902 0.029304 0.967621 0.001148
3 3 0.001885 0.001018 0.021287 0.974154 0.001656
3 3 0.001425 0.000824 0.019774 0.976671 0.001306
3 3 0.001214 0.001075 0.032862 0.963481 0.001368
3 3 0.001844 0.002900 0.098004 0.894027 0.003226
3 3 0.002097 0.005317 0.194445 0.794102 0.004039
3 3 0.002819 0.007826 0.256613 0.727125 0.005618
3 3 0.004676 0.006744 0.147742 0.833450 0.007389
3 3 0.005780 0.005190 0.089211 0.892020 0.007799
3 3 0.005063 0.002830 0.042309 0.944511 0.005287
3 3 0.003319 0.001322 0.020084 0.972441 0.002834
3 3 0.003430 0.001268 0.018314 0.974242 0.002746
3 3 0.002926 0.001127 0.017244 0.976505 0.002198
3 3 0.001434 0.000762 0.017537 0.979028 0.001239
3 3 0.000945 0.000558 0.016124 0.981434 0.000938
3 3 0.001688 0.001127 0.025547 0.968994 0.002643
3 3 0.001630 0.000817 0.017333 0.978351 0.001870
3 3 0.001799 0.000955 0.020601 0.974933 0.001713
3 3 0.002409 0.001774 0.038834 0.954384 0.002598
3 3 0.003147 0.003132 0.068972 0.920967 0.003782
3 3 0.002088 0.001917 0.047849 0.945791 0.002354
3 3 0.002340 0.001905 0.043907 0.949211 0.002638
3 3 0.002225 0.001967 0.046940 0.945525 0.003344
3 3 0.002068 0.002359 0.068013 0.924316 0.003244
3 3 0.002554 0.003992 0.113229 0.875242 0.004983
3 3 0.002696 0.005031 0.151848 0.835633 0.004791
3 3 0.002730 0.003874 0.104232 0.885144 0.004019
3 3 0.004073 0.008256 0.202023 0.779797 0.005851
3 3 0.013296 0.025876 0.420982 0.535178 0.004668
3 3 0.065936 0.057805 0.373498 0.494271 0.008490
2 2 0.276160 0.124654 0.309893 0.266445 0.022847
2 2 0.125696 0.091598 0.399653 0.367641 0.015412
2 2 0.005077 0.022291 0.576622 0.388623 0.007386
2 2 0.006081 0.028379 0.711866 0.246788 0.006886
2 2 0.004253 0.028449 0.832752 0.127977 0.006570
2 2 0.005154 0.033002 0.847669 0.106727 0.007448
2 2 0.001211 0.016515 0.904462 0.073689 0.004123
2 2 0.000776 0.012468 0.887740 0.095468 0.003548
2 2 0.000094 0.003903 0.854894 0.139584 0.001524
2 2 0.000123 0.004861 0.864924 0.128060 0.002032
2 2 0.000101 0.004624 0.877670 0.115607 0.001999
2 2 0.000150 0.006860 0.898368 0.091167 0.003455
2 2 0.000100 0.004947 0.889082 0.103616 0.002256
2 2 0.000106 0.005191 0.890361 0.101942 0.002400
2 2 0.000058 0.002973 0.860082 0.135759 0.001127
2 2 0.000091 0.003563 0.841115 0.153911 0.001319
2 2 0.000106 0.003586 0.816865 0.178168 0.001275
2 2 0.000214 0.005764 0.820601 0.171134 0.002287
2 2 0.000260 0.005098 0.710828 0.281983 0.001831
2 2 0.000570 0.007124 0.639302 0.350408 0.002596
2 2 0.002130 0.017082 0.739948 0.235575 0.005266
2 2 0.002236 0.020262 0.823770 0.147725 0.006006
2 2 0.001790 0.019929 0.861344 0.110287 0.006649
2 2 0.000159 0.004823 0.816968 0.176181 0.001870
2 2 0.000108 0.004233 0.835560 0.158394 0.001704
2 2 0.000060 0.002575 0.822400 0.174089 0.000876
2 2 0.000185 0.005059 0.824213 0.168642 0.001901
2 2 0.000105 0.006318 0.915483 0.074697 0.003397
2 2 0.000073 0.004637 0.906877 0.086162 0.002252
2 2 0.000085 0.004685 0.895779 0.097279 0.002172
2 2 0.000163 0.006283 0.878703 0.111972 0.002879
2 2 0.000157 0.005202 0.816079 0.176389 0.002173
2 2 0.000134 0.005233 0.852441 0.139914 0.002277
2 2 0.000053 0.002934 0.844113 0.151735 0.001165
2 2 0.000049 0.002953 0.877559 0.118257 0.001183
2 2 0.000070 0.003763 0.880386 0.114195 0.001585
2 2 0.000143 0.006741 0.899918 0.089792 0.003406
2 2 0.000120 0.005062 0.874402 0.118218 0.002198
2 2 0.000214 0.007301 0.875389 0.113697 0.003400
2 2 0.000245 0.008417 0.883519 0.103666 0.004154
2 2 0.000224 0.007124 0.866587 0.122860 0.003205
2 2 0.000226 0.006418 0.844048 0.146628 0.002680
2 2 0.000153 0.005564 0.865180 0.126721 0.002383
2 2 0.000188 0.006278 0.863970 0.126827 0.002737
2 2 0.000085 0.004545 0.891304 0.102006 0.002059
2 2 0.000070 0.003972 0.888660 0.105558 0.001740
2 2 0.000082 0.004596 0.896058 0.097138 0.002126
2 2 0.000134 0.006058 0.891239 0.099677 0.002892
2 2 0.000194 0.007391 0.884221 0.104593 0.003601
2 2 0.000292 0.009659 0.885975 0.099108 0.004966
2 2 0.000342 0.011063 0.874277 0.108257 0.006061
2 2 0.000437 0.014367 0.899778 0.076595 0.008822
2 2 0.000220 0.006551 0.813849 0.176483 0.002897
2 2 0.000112 0.004768 0.829589 0.163415 0.002115
2 2 0.000077 0.003111 0.755784 0.239844 0.001184
2 2 0.000097 0.003492 0.740795 0.254266 0.001351
2 2 0.000254 0.006156 0.731003 0.259764 0.002824
2 2 0.000266 0.009411 0.891358 0.094060 0.004906
2 2 0.000257 0.006713 0.820521 0.169697 0.002812
2 2 0.000327 0.007965 0.811543 0.176643 0.003522
2 2 0.000329 0.007074 0.741909 0.247481 0.003207
2 2 0.000430 0.007278 0.673873 0.313743 0.004676
2 2 0.000317 0.005418 0.630018 0.361510 0.002738
2 2 0.000527 0.006241 0.547504 0.442023 0.003704
2 2 0.000298 0.004053 0.535452 0.458762 0.001435
3 2 0.000969 0.005638 0.371169 0.619085 0.003139
3 2 0.000902 0.006176 0.400649 0.588851 0.003421
2 2 0.000734 0.007066 0.529024 0.459557 0.003619
3 2 0.000610 0.004960 0.408475 0.583110 0.002845
2 2 0.000664 0.008161 0.627173 0.359249 0.004753
2 2 0.000372 0.005840 0.672162 0.319536 0.002089
2 2 0.000789 0.010558 0.819216 0.166704 0.002733
2 2 0.004448 0.030257 0.879561 0.080778 0.004957
2 2 0.004808 0.030857 0.859803 0.098884 0.005647
2 2 0.004065 0.031439 0.888026 0.069945 0.006526
2 2 0.000247 0.005662 0.794473 0.197495 0.002124
2 2 0.000297 0.006393 0.789721 0.201118 0.002470
2 2 0.000248 0.006732 0.807748 0.182361 0.002911
2 2 0.000241 0.007797 0.858937 0.129313 0.003713
2 2 0.000366 0.013944 0.906015 0.070546 0.009128
2 2 0.000727 0.025781 0.906163 0.047012 0.020317
2 2 0.000550 0.020226 0.908298 0.056294 0.014632
2 2 0.000511 0.021282 0.910749 0.050904 0.016553
2 2 0.000621 0.024398 0.908302 0.044522 0.022157
2 4 0.003652 0.056699 0.754577 0.068037 0.117034
2 4 0.008356 0.074821 0.601332 0.087872 0.227619
2 4 0.018055 0.091343 0.431742 0.091665 0.367195
2 1 0.009309 0.114045 0.772249 0.022291 0.082106
2 1 0.020818 0.157711 0.483129 0.023597 0.314746
4 2 0.020287 0.123575 0.354758 0.029672 0.471708
4 4 0.017075 0.137394 0.388235 0.020536 0.436761
2 4 0.013671 0.140273 0.437174 0.015988 0.392894
2 4 0.002596 0.068633 0.826278 0.027192 0.075301
2 4 0.001077 0.040830 0.887332 0.030404 0.040357
2 2 0.000380 0.020785 0.925330 0.035904 0.017601
2 2 0.000229 0.013662 0.931366 0.044720 0.010022
2 2 0.000281 0.013769 0.922702 0.053827 0.009422
2 2 0.000309 0.013056 0.913834 0.064532 0.008269
2 2 0.000245 0.009982 0.904448 0.079726 0.005600
2 2 0.000203 0.007076 0.875748 0.113693 0.003280
2 2 0.000153 0.005942 0.876229 0.115005 0.002672
2 2 0.000106 0.004582 0.870901 0.122479 0.001932
2 2 0.000162 0.006263 0.878753 0.111954 0.002869
2 2 0.000152 0.006563 0.891485 0.098617 0.003183
2 2 0.000164 0.006425 0.881681 0.108742 0.002989
2 2 0.000139 0.006718 0.901751 0.087972 0.003420
2 2 0.000195 0.009118 0.911079 0.074424 0.005184
2 2 0.000521 0.009822 0.885125 0.101706 0.002827
2 1 0.018241 0.081949 0.852620 0.031521 0.015669
2 2 0.082777 0.186987 0.687622 0.014044 0.028569
2 2 0.248157 0.295242 0.413883 0.005102 0.037615
2 2 0.032993 0.118574 0.820319 0.013354 0.014761
2 2 0.002734 0.036341 0.906452 0.042205 0.012269
2 2 0.000638 0.015208 0.904601 0.073063 0.006488
2 2 0.000610 0.016307 0.907231 0.067883 0.007969
2 2 0.000222 0.008964 0.899674 0.086342 0.004798
2 2 0.000228 0.009498 0.904247 0.080764 0.005263
2 2 0.001059 0.030043 0.893546 0.052098 0.023254
2 2 0.000806 0.026370 0.902437 0.050029 0.020359
2 2 0.000364 0.013844 0.908699 0.068450 0.008644
2 2 0.000186 0.008994 0.912881 0.072791 0.005148
2 2 0.000147 0.007254 0.906544 0.082220 0.003835
2 2 0.000132 0.005961 0.890394 0.100686 0.002827
2 2 0.000172 0.007339 0.895750 0.093036 0.003703
2 2 0.000284 0.011732 0.910164 0.070760 0.007060
2 2 0.000196 0.009300 0.912616 0.072532 0.005356
2 2 0.000172 0.008794 0.915810 0.070135 0.005089
2 2 0.000163 0.008266 0.913390 0.073526 0.004654
2 2 0.000174 0.007561 0.898631 0.089747 0.003887
2 2 0.000197 0.008001 0.895480 0.092218 0.004104
2 2 0.000275 0.009871 0.894284 0.090304 0.005266
2 2 0.000102 0.004107 0.856053 0.138114 0.001624
2 2 0.000178 0.006278 0.869781 0.120975 0.002789
2 2 0.000132 0.005098 0.866067 0.126547 0.002156
2 2 0.000159 0.006158 0.877890 0.112988 0.002805
2 2 0.000092 0.003503 0.816425 0.178678 0.001303
2 2 0.000108 0.004529 0.866712 0.126770 0.001881
2 2 0.000134 0.004084 0.812590 0.181716 0.001476
2 2 0.000224 0.006753 0.857567 0.132532 0.002924
2 2 0.000189 0.005986 0.853997 0.137312 0.002516
2 2 0.000105 0.005031 0.886927 0.105655 0.002282
2 2 0.000174 0.006039 0.859516 0.131625 0.002645
2 2 0.000312 0.008125 0.853271 0.134700 0.003592
2 2 0.000697 0.013273 0.848875 0.130773 0.006382
2 2 0.000649 0.012144 0.841642 0.139957 0.005608
2 2 0.000333 0.008563 0.843234 0.143978 0.003892
2 2 0.000214 0.006495 0.826845 0.163596 0.002850
2 2 0.000194 0.007167 0.881894 0.107338 0.003406
2 2 0.000181 0.006952 0.883621 0.105939 0.003306
2 2 0.000259 0.008651 0.882220 0.104599 0.004271
2 2 0.000304 0.008659 0.863083 0.123891 0.004062
2 2 0.000285 0.005961 0.764636 0.226866 0.002253
2 2 0.000250 0.004302 0.629954 0.364041 0.001453
2 2 0.000373 0.006646 0.691245 0.299113 0.002623
2 2 0.000318 0.004572 0.555082 0.438453 0.001575
2 3 0.000417 0.004812 0.514229 0.478914 0.001629
3 3 0.000391 0.004338 0.480220 0.513547 0.001505
2 3 0.000334 0.005360 0.650840 0.341567 0.001899
2 3 0.000138 0.004002 0.754309 0.240073 0.001478
2 3 0.000151 0.003244 0.638716 0.356834 0.001055
2 3 0.000164 0.003812 0.674250 0.320436 0.001339
2 3 0.000294 0.005054 0.635344 0.357484 0.001825
2 3 0.000347 0.006187 0.691232 0.299869 0.002365
2 3 0.000447 0.007714 0.732010 0.256736 0.003094
2 3 0.000383 0.007041 0.725094 0.264560 0.002922
2 3 0.000335 0.005506 0.640065 0.351763 0.002331
2 3 0.000275 0.004617 0.600555 0.392590 0.001962
3 3 0.000379 0.004388 0.476958 0.516127 0.002149
3 3 0.000944 0.006980 0.451083 0.536854 0.004138
3 3 0.000775 0.004116 0.279934 0.712705 0.002470
3 3 0.001904 0.005247 0.209157 0.779499 0.004192
3 2 0.005478 0.016234 0.411977 0.560818 0.005493
3 2 0.025515 0.037799 0.422525 0.507467 0.006693
2 2 0.140009 0.114613 0.473401 0.255976 0.016001
2 2 0.133309 0.140281 0.585274 0.124161 0.016974
2 2 0.004809 0.035738 0.903828 0.049412 0.006212
2 2 0.000510 0.010153 0.926913 0.060327 0.002097
2 2 0.000134 0.004200 0.826260 0.167868 0.001538
2 2 0.000160 0.004698 0.835413 0.158059 0.001670
2 2 0.000118 0.004434 0.853534 0.140152 0.001763
2 2 0.000173 0.006582 0.879757 0.110434 0.003054
2 2 0.000231 0.008817 0.894735 0.091618 0.004600
2 2 0.000181 0.008645 0.910857 0.075467 0.004850
2 2 0.000121 0.005655 0.890990 0.100572 0.002662
2 2 0.000075 0.003698 0.870721 0.124003 0.001503
2 2 0.000130 0.004419 0.903402 0.090977 0.001071
2 2 0.000582 0.011387 0.951347 0.034980 0.001705
2 2 0.004298 0.037004 0.929386 0.024111 0.005201
2 1 0.010551 0.061891 0.896710 0.021897 0.008951
2 2 0.007453 0.050473 0.909169 0.025236 0.007668
2 2 0.000329 0.007075 0.819893 0.169917 0.002786
2 2 0.000405 0.009341 0.848862 0.137208 0.004184
2 2 0.000233 0.005989 0.829830 0.161599 0.002349
2 2 0.000144 0.005327 0.864336 0.127934 0.002258
2 2 0.000099 0.005013 0.891501 0.101073 0.002313
2 2 0.000108 0.005529 0.897475 0.094227 0.002662
2 2 0.000120 0.005978 0.899016 0.091946 0.002940
2 2 0.000233 0.010781 0.915314 0.067134 0.006539
2 2 0.000249 0.008523 0.883615 0.103394 0.004218
2 2 0.002468 0.024966 0.894304 0.071773 0.006490
2 0 0.027069 0.099783 0.819197 0.034007 0.019944
2 1 0.214959 0.200758 0.516266 0.045777 0.022240
0 2 0.413057 0.234416 0.309652 0.021275 0.021600
0 2 0.415155 0.260112 0.280210 0.012755 0.031769
2 2 0.090949 0.167810 0.660035 0.045189 0.036017
2 2 0.025726 0.089673 0.813627 0.052532 0.018442
2 2 0.008747 0.047457 0.848558 0.083772 0.011466
2 2 0.000265 0.006233 0.821636 0.169456 0.002411
2 2 0.000120 0.004690 0.861343 0.131920 0.001926
2 2 0.000103 0.005395 0.898002 0.093908 0.002591
2 2 0.000099 0.005168 0.895428 0.096868 0.002436
2 2 0.000223 0.007969 0.884516 0.103387 0.003905
2 2 0.000290 0.010066 0.892442 0.091852 0.005350
2 2 0.000319 0.008716 0.862945 0.123994 0.004025
2 2 0.000134 0.005556 0.878637 0.113185 0.002489
2 2 0.000115 0.006248 0.907489 0.082928 0.003220
2 2 0.000051 0.003529 0.900116 0.094719 0.001585
2 2 0.000254 0.006807 0.844514 0.145586 0.002840
2 2 0.001389 0.016536 0.811285 0.163605 0.007185
2 2 0.012208 0.063556 0.858319 0.050478 0.015440
2 2 0.089607 0.164800 0.674819 0.039977 0.030798
2 2 0.228834 0.233992 0.484052 0.023400 0.029722
0 2 0.378264 0.245324 0.302001 0.018735 0.055675
2 2 0.312000 0.255226 0.353688 0.017176 0.061910
2 2 0.075351 0.169837 0.669481 0.037237 0.048094
2 2 0.064041 0.173004 0.677472 0.029325 0.056158
2 1 0.036352 0.123974 0.735405 0.049722 0.054547
2 2 0.014812 0.069140 0.803434 0.086167 0.026447
2 2 0.013005 0.081692 0.817470 0.053529 0.034304
2 2 0.002809 0.045421 0.840192 0.065129 0.046449
2 2 0.000807 0.022720 0.896348 0.064544 0.015581
2 2 0.000274 0.009736 0.892941 0.091901 0.005148
2 2 0.000117 0.005013 0.858105 0.134546 0.002220
2 2 0.000240 0.005079 0.697023 0.295563 0.002096
2 2 0.000227 0.007333 0.848787 0.140230 0.003423
2 2 0.000664 0.019118 0.894287 0.072517 0.013414
2 2 0.000595 0.023855 0.912370 0.044131 0.019048
4 4 0.019331 0.168462 0.298472 0.008586 0.505149
4 4 0.024456 0.152314 0.202752 0.006982 0.613496
4 4 0.019921 0.149111 0.255788 0.008669 0.566511
4 4 0.026218 0.143233 0.170596 0.006310 0.653643
4 4 0.022002 0.129405 0.163749 0.005920 0.678924
4 4 0.025318 0.100885 0.125652 0.007096 0.741050
4 4 0.029094 0.060091 0.057038 0.007520 0.846257
4 4 0.038878 0.033327 0.024352 0.009272 0.894171
4 4 0.053118 0.024234 0.017202 0.015603 0.889843
4 4 0.065749 0.028196 0.015275 0.006069 0.884711
4 4 0.112977 0.090181 0.066395 0.011285 0.719163
4 4 0.101676 0.119974 0.065383 0.003274 0.709692
4 4 0.059684 0.092265 0.053956 0.003200 0.790896
4 4 0.035402 0.047097 0.027239 0.003133 0.887129
4 4 0.061135 0.038998 0.022778 0.006873 0.870216
4 4 0.110477 0.056565 0.029776 0.005408 0.797774
0 4 0.371258 0.193413 0.127457 0.007958 0.299914
0 1 0.504543 0.236414 0.142680 0.003548 0.112815
0 1 0.385201 0.316823 0.211510 0.002609 0.083857
1 4 0.144851 0.375782 0.280746 0.002515 0.196107
4 4 0.019256 0.159683 0.272155 0.008118 0.540789
4 4 0.020662 0.119698 0.195932 0.008777 0.654931
4 4 0.019620 0.114209 0.286273 0.018682 0.561217
4 4 0.025100 0.119591 0.227843 0.014100 0.613366
4 1 0.035816 0.151404 0.259578 0.016304 0.536898
2 1 0.059043 0.266904 0.349384 0.005525 0.319145
2 4 0.067611 0.303292 0.380393 0.004819 0.243885
2 4 0.063666 0.314713 0.371157 0.004408 0.246056
4 4 0.025051 0.163670 0.278009 0.010688 0.522581
4 4 0.017220 0.101400 0.173595 0.008069 0.699715
4 4 0.067181 0.121506 0.122095 0.013610 0.675609
4 4 0.087176 0.178553 0.147269 0.007289 0.579714
4 4 0.068628 0.138135 0.136321 0.013075 0.643840
4 4 0.078882 0.129815 0.128148 0.015481 0.647674
4 4 0.062738 0.093480 0.109706 0.017507 0.716569
4 4 0.124355 0.137859 0.144135 0.017008 0.576642
4 4 0.257121 0.252774 0.176610 0.005950 0.307546
2 4 0.019951 0.174051 0.664651 0.015673 0.125674
2 4 0.005622 0.119795 0.692713 0.016969 0.164901
2 4 0.003863 0.110904 0.702687 0.013418 0.169128
2 2 0.004094 0.101304 0.743076 0.018400 0.133126
2 2 0.011625 0.137070 0.743208 0.015441 0.092655
2 2 0.036859 0.215041 0.654641 0.008915 0.084543
2 2 0.044815 0.284827 0.514615 0.004733 0.151010
2 2 0.036476 0.272065 0.493186 0.005402 0.192871
2 2 0.011214 0.165125 0.484034 0.011023 0.328603
4 2 0.023762 0.142357 0.200197 0.008276 0.625407
4 2 0.040495 0.081846 0.056991 0.005709 0.814960
4 4 0.051911 0.053674 0.033756 0.006402 0.854257
4 4 0.046946 0.040348 0.023187 0.004347 0.885172
4 4 0.055212 0.037995 0.021985 0.005314 0.879494
4 4 0.082941 0.065529 0.041770 0.007056 0.802705
4 4 0.124601 0.125761 0.068520 0.003701 0.677418
4 4 0.062056 0.101283 0.068033 0.004757 0.763871
4 4 0.059741 0.117139 0.104068 0.009750 0.709301
4 4 0.048325 0.057264 0.035659 0.006798 0.851955
4 4 0.038043 0.056532 0.044251 0.008064 0.853109
4 4 0.034245 0.074662 0.081439 0.010512 0.799143
4 4 0.026879 0.093020 0.137555 0.012064 0.730482
4 4 0.030849 0.086466 0.083947 0.006142 0.792596
4 4 0.015105 0.177645 0.395293 0.009471 0.402486
2 4 0.009289 0.162015 0.563694 0.011867 0.253135
2 4 0.009678 0.124693 0.680638 0.027516 0.157475
2 4 0.023217 0.174931 0.650782 0.018065 0.133005
2 4 0.030279 0.217370 0.578879 0.012113 0.161358
2 1 0.032339 0.240836 0.492322 0.009593 0.224909
