0 0 0.930327 0.001380 0.003983 0.063309 0.001000
0 0 0.835870 0.046727 0.098828 0.012271 0.006304
0 0 0.879190 0.074277 0.041650 0.000655 0.004228
0 0 0.780076 0.080751 0.109877 0.012218 0.017079
0 0 0.807871 0.071690 0.095933 0.010599 0.013907
0 0 0.803242 0.067539 0.102336 0.013217 0.013667
0 0 0.793728 0.074736 0.106436 0.011124 0.013976
0 0 0.813958 0.064157 0.082627 0.018467 0.020790
0 0 0.863349 0.057719 0.059862 0.007433 0.011638
0 0 0.904961 0.046998 0.032660 0.004617 0.010764
0 0 0.937408 0.025510 0.029665 0.004177 0.003241
0 0 0.947856 0.028149 0.017320 0.002182 0.004493
0 0 0.943635 0.026385 0.020210 0.004213 0.005557
0 0 0.879659 0.045236 0.052836 0.010984 0.011286
0 0 0.845812 0.057037 0.074600 0.010744 0.011808
0 0 0.784973 0.068356 0.125378 0.011438 0.009856
0 0 0.774830 0.072440 0.127267 0.013192 0.012272
0 0 0.773953 0.078490 0.115651 0.014467 0.017438
0 0 0.694796 0.094024 0.174565 0.017710 0.018904
0 0 0.707849 0.058459 0.201193 0.024597 0.007901
0 0 0.792314 0.048235 0.133197 0.019331 0.006923
0 0 0.789894 0.061678 0.125792 0.013521 0.009114
0 0 0.835878 0.063294 0.076101 0.010603 0.014125
0 0 0.823452 0.066081 0.081175 0.012706 0.016587
0 0 0.694661 0.087457 0.176382 0.022159 0.019341
0 0 0.817944 0.055154 0.087231 0.022720 0.016951
0 0 0.793073 0.064797 0.112570 0.016248 0.013313
0 0 0.846511 0.057222 0.072327 0.011193 0.012747
0 0 0.826002 0.059692 0.090535 0.012267 0.011504
0 0 0.786630 0.071513 0.114668 0.013483 0.013706
0 0 0.689701 0.093945 0.170246 0.022464 0.023644
0 0 0.710392 0.096021 0.159878 0.014872 0.018838
0 0 0.661513 0.107119 0.195437 0.015844 0.020087
0 0 0.633211 0.100892 0.219691 0.024059 0.022148
0 0 0.588456 0.110767 0.244214 0.028534 0.028029
0 0 0.740822 0.082404 0.126853 0.023744 0.026177
0 0 0.812101 0.050405 0.089449 0.030552 0.017492
0 0 0.879432 0.036598 0.045853 0.022489 0.015628
0 0 0.822908 0.064498 0.073430 0.016804 0.022360
0 0 0.865177 0.060287 0.048673 0.008202 0.017661
0 0 0.883707 0.046233 0.041015 0.011930 0.017114
0 0 0.916225 0.028910 0.026507 0.014934 0.013424
0 0 0.913083 0.024317 0.031918 0.020783 0.009898
0 0 0.894648 0.033768 0.046772 0.015342 0.009470
0 0 0.862303 0.050727 0.063610 0.011499 0.011860
0 0 0.821736 0.064081 0.084282 0.013883 0.016018
0 0 0.771928 0.073635 0.118619 0.018031 0.017787
0 0 0.768731 0.084432 0.113441 0.013633 0.019764
0 0 0.758874 0.091487 0.111831 0.013800 0.024008
0 0 0.761901 0.089371 0.118053 0.011800 0.018874
0 0 0.818193 0.052459 0.095948 0.020720 0.012681
0 0 0.852412 0.038797 0.075171 0.023500 0.010121
0 0 0.853540 0.042213 0.077246 0.017756 0.009245
0 0 0.924638 0.022315 0.032855 0.014277 0.005916
0 0 0.914922 0.024162 0.040330 0.014952 0.005633
0 0 0.920090 0.030904 0.037243 0.006549 0.005214
0 0 0.961562 0.012801 0.017124 0.006311 0.002202
0 0 0.960296 0.013584 0.015337 0.007517 0.003265
0 0 0.896087 0.039947 0.045623 0.009254 0.009089
0 0 0.893916 0.038099 0.031324 0.016161 0.020500
0 0 0.857374 0.031259 0.073280 0.029883 0.008204
0 0 0.930126 0.015383 0.032795 0.018266 0.003431
0 0 0.962811 0.009721 0.013991 0.010946 0.002531
0 0 0.936774 0.018315 0.032476 0.009529 0.002906
0 0 0.942027 0.019974 0.026511 0.007750 0.003738
0 0 0.930042 0.021314 0.038967 0.007163 0.002513
0 0 0.877986 0.031010 0.079638 0.008693 0.002674
0 0 0.812856 0.050609 0.123673 0.008576 0.004285
0 0 0.711422 0.083758 0.193337 0.005996 0.005488
0 0 0.736330 0.087775 0.161824 0.006367 0.007703
0 0 0.644510 0.107482 0.231765 0.007294 0.008950
0 0 0.719532 0.087117 0.177630 0.007716 0.008005
0 0 0.714860 0.090232 0.177994 0.008034 0.008879
0 0 0.778101 0.077556 0.120322 0.011019 0.013002
0 0 0.820827 0.061488 0.091481 0.013301 0.012904
0 0 0.846092 0.047912 0.069734 0.020850 0.015412
0 0 0.825715 0.064243 0.073525 0.015643 0.020873
0 0 0.836272 0.063550 0.064388 0.013988 0.021802
0 0 0.900536 0.027436 0.030644 0.025615 0.015769
0 0 0.914407 0.022238 0.030693 0.023184 0.009477
0 0 0.878649 0.041710 0.051212 0.015366 0.013063
0 0 0.814918 0.079534 0.076194 0.009208 0.020146
0 0 0.896395 0.034996 0.030678 0.018326 0.019605
0 0 0.842234 0.042099 0.053969 0.036253 0.025444
0 0 0.866500 0.038865 0.035397 0.029195 0.030043
0 0 0.882860 0.033487 0.035438 0.027306 0.020909
0 0 0.898404 0.026328 0.034032 0.027637 0.013599
0 0 0.867510 0.037552 0.056813 0.024470 0.013654
0 0 0.888654 0.045780 0.040087 0.010249 0.015230
0 0 0.906987 0.041295 0.029021 0.007914 0.014784
0 0 0.860704 0.055098 0.057016 0.011349 0.015833
0 0 0.847264 0.047700 0.084024 0.012795 0.008218
0 0 0.812920 0.060049 0.106493 0.011432 0.009106
0 0 0.820672 0.081347 0.079350 0.005472 0.013159
0 0 0.879331 0.047778 0.055910 0.007932 0.009048
0 0 0.901331 0.034669 0.048737 0.009065 0.006198
0 0 0.822574 0.052397 0.104956 0.012524 0.007550
0 0 0.829448 0.043153 0.102208 0.018106 0.007085
0 0 0.888291 0.041962 0.047062 0.011300 0.011385
0 0 0.914563 0.028030 0.027463 0.016706 0.013239
0 0 0.919359 0.017716 0.023457 0.029381 0.010086
0 0 0.874726 0.030834 0.047539 0.032560 0.014342
0 0 0.718910 0.075539 0.177483 0.016805 0.011262
0 0 0.754300 0.070677 0.145923 0.016872 0.012228
0 0 0.612801 0.098036 0.256716 0.018298 0.014148
0 0 0.566967 0.117366 0.285718 0.014517 0.015431
0 0 0.517209 0.127141 0.325931 0.013971 0.015749
0 0 0.555726 0.116727 0.295682 0.015921 0.015944
0 0 0.611092 0.099187 0.251971 0.021110 0.016640
0 0 0.576263 0.128385 0.262585 0.013569 0.019198
0 1 0.549129 0.154736 0.265992 0.009309 0.020834
0 1 0.495647 0.195714 0.274068 0.007123 0.027448
2 1 0.342193 0.263006 0.365458 0.003730 0.025612
0 0 0.525572 0.185021 0.247850 0.009049 0.032507
0 1 0.739055 0.088440 0.121962 0.021406 0.029137
0 1 0.806685 0.068355 0.083481 0.018268 0.023211
0 0 0.807091 0.079288 0.071133 0.013223 0.029265
0 1 0.800088 0.088721 0.065878 0.010843 0.034469
0 1 0.749582 0.106001 0.093158 0.012890 0.038370
0 2 0.728212 0.130565 0.089542 0.008262 0.043419
2 2 0.117185 0.218205 0.616026 0.017734 0.030850
2 2 0.159057 0.251303 0.522470 0.017105 0.050065
2 2 0.044216 0.208345 0.702981 0.015855 0.028602
2 2 0.032195 0.243632 0.689660 0.008965 0.025550
2 2 0.005341 0.118016 0.854624 0.008648 0.013370
2 2 0.001712 0.066070 0.914804 0.010113 0.007302
2 2 0.001132 0.052223 0.929678 0.010712 0.006255
2 2 0.000499 0.032838 0.952671 0.009295 0.004697
2 2 0.000196 0.017031 0.965246 0.014771 0.002755
2 2 0.000236 0.018433 0.962932 0.015047 0.003352
2 2 0.000240 0.017648 0.963114 0.016124 0.002875
2 2 0.000337 0.020670 0.958736 0.017182 0.003075
2 2 0.000355 0.021762 0.959836 0.015069 0.002979
2 2 0.000422 0.024000 0.955400 0.016424 0.003754
2 2 0.000435 0.023832 0.956926 0.015127 0.003680
2 2 0.000262 0.017067 0.963702 0.016381 0.002589
2 2 0.000267 0.017889 0.965417 0.013651 0.002776
2 2 0.000121 0.011088 0.970587 0.016630 0.001573
2 2 0.000143 0.010710 0.965314 0.022255 0.001578
2 2 0.000199 0.013054 0.963113 0.021847 0.001787
2 2 0.000215 0.013450 0.965005 0.019764 0.001566
2 2 0.000134 0.010971 0.968137 0.019273 0.001486
2 2 0.000265 0.013588 0.954712 0.029213 0.002222
2 2 0.000193 0.011075 0.947411 0.039043 0.002278
2 3 0.000205 0.010704 0.939738 0.047028 0.002324
2 3 0.000254 0.011947 0.938614 0.046725 0.002460
2 3 0.000723 0.018420 0.900475 0.075249 0.005134
2 3 0.001606 0.022736 0.858352 0.110806 0.006499
2 3 0.001322 0.017592 0.831383 0.144910 0.004794
2 3 0.001038 0.012280 0.793861 0.189546 0.003276
2 3 0.002246 0.018724 0.730716 0.242522 0.005791
2 3 0.001849 0.011808 0.622374 0.358819 0.005150
2 3 0.002293 0.010635 0.582482 0.399158 0.005433
2 3 0.003056 0.013418 0.681747 0.296433 0.005345
2 3 0.002524 0.025941 0.882804 0.082063 0.006669
2 3 0.001765 0.033882 0.931227 0.027822 0.005304
2 2 0.007000 0.089301 0.878170 0.012486 0.013042
2 0 0.172932 0.189846 0.560158 0.028140 0.048923
0 0 0.412099 0.112206 0.333371 0.084665 0.057660
0 0 0.786231 0.037616 0.067259 0.078785 0.030110
0 0 0.820190 0.055371 0.050075 0.031122 0.043241
0 0 0.813305 0.075465 0.062686 0.014806 0.033738
0 0 0.865712 0.058467 0.045491 0.009698 0.020632
0 0 0.721618 0.111845 0.132763 0.010238 0.023537
0 0 0.616544 0.129863 0.211313 0.015239 0.027041
0 0 0.583835 0.140033 0.224017 0.017848 0.034267
0 0 0.492663 0.173673 0.284091 0.013955 0.035619
0 1 0.377145 0.231229 0.349608 0.007475 0.034543
0 0 0.511550 0.185779 0.253357 0.011112 0.038201
0 0 0.586724 0.150060 0.220619 0.012522 0.030075
0 0 0.675952 0.120087 0.168107 0.011957 0.023897
0 1 0.632651 0.134133 0.198902 0.010908 0.023406
0 0 0.592319 0.134331 0.238846 0.012609 0.021894
0 0 0.670254 0.092489 0.191780 0.024138 0.021339
0 0 0.694009 0.078763 0.174096 0.031807 0.021324
0 1 0.675708 0.074870 0.168234 0.051266 0.029923
0 1 0.685887 0.098805 0.164992 0.022769 0.027547
0 0 0.799271 0.064326 0.084876 0.025258 0.026268
0 1 0.798406 0.062683 0.080278 0.028881 0.029752
0 1 0.805431 0.061553 0.072974 0.028396 0.031646
0 1 0.468737 0.214900 0.236612 0.013113 0.066639
0 2 0.508043 0.190320 0.221133 0.016206 0.064299
0 2 0.524379 0.186435 0.211506 0.015604 0.062076
0 2 0.430121 0.237803 0.236990 0.012552 0.082534
0 1 0.359429 0.284154 0.277055 0.007563 0.071799
0 2 0.389914 0.246602 0.257419 0.013914 0.092150
2 2 0.280956 0.272980 0.370604 0.009771 0.065690
2 2 0.220227 0.304759 0.398357 0.007441 0.069216
2 2 0.060005 0.314517 0.547593 0.004260 0.073624
2 2 0.006825 0.135818 0.828741 0.005652 0.022964
2 2 0.001349 0.063902 0.914921 0.006048 0.013780
2 2 0.000730 0.042034 0.942295 0.007461 0.007480
2 2 0.000440 0.031438 0.955164 0.007910 0.005049
2 2 0.000252 0.021293 0.962591 0.012330 0.003534
2 2 0.000204 0.019846 0.965212 0.011365 0.003373
2 2 0.000157 0.019831 0.968968 0.007916 0.003128
2 2 0.000056 0.009827 0.979230 0.009537 0.001350
2 2 0.000046 0.008926 0.979391 0.010338 0.001299
2 2 0.000054 0.010349 0.978677 0.009355 0.001564
2 2 0.000051 0.010233 0.979149 0.009221 0.001346
2 2 0.000081 0.012701 0.976065 0.009381 0.001772
2 2 0.000070 0.010855 0.976526 0.010921 0.001627
2 2 0.000111 0.011059 0.968332 0.018577 0.001921
2 2 0.000321 0.015986 0.950745 0.029883 0.003066
2 2 0.000221 0.014343 0.955997 0.026959 0.002480
2 2 0.000282 0.013798 0.927415 0.055596 0.002908
2 2 0.000311 0.016406 0.941210 0.038306 0.003767
2 3 0.000773 0.012831 0.809710 0.172111 0.004574
2 3 0.000772 0.010554 0.736342 0.247956 0.004377
2 3 0.000665 0.009834 0.705131 0.279099 0.005271
2 3 0.005882 0.019425 0.531644 0.433067 0.009982
2 3 0.004722 0.017787 0.556530 0.413046 0.007915
2 3 0.001340 0.015162 0.748556 0.230224 0.004718
2 3 0.001685 0.014714 0.677606 0.300835 0.005159
2 3 0.003610 0.016108 0.528058 0.447415 0.004809
3 3 0.009427 0.016892 0.372078 0.595908 0.005694
3 3 0.015096 0.011560 0.184801 0.783673 0.004870
3 3 0.013489 0.013177 0.230200 0.736711 0.006423
3 3 0.011466 0.015925 0.332432 0.633053 0.007125
3 3 0.006744 0.008538 0.231905 0.748206 0.004607
3 3 0.019806 0.011896 0.220156 0.742317 0.005824
3 3 0.015966 0.006407 0.142320 0.831657 0.003649
3 3 0.025706 0.009590 0.149459 0.807616 0.007629
3 3 0.009954 0.004209 0.113662 0.868749 0.003427
3 3 0.009584 0.003730 0.097739 0.885712 0.003235
3 3 0.006497 0.005279 0.187571 0.797386 0.003266
3 3 0.006044 0.003993 0.153936 0.833579 0.002448
3 3 0.008729 0.006391 0.185206 0.795459 0.004214
3 3 0.006728 0.003575 0.111514 0.875215 0.002968
3 3 0.009372 0.005006 0.132253 0.849152 0.004218
3 3 0.007778 0.003933 0.114741 0.870016 0.003532
3 3 0.008420 0.003875 0.100121 0.884809 0.002774
3 3 0.009449 0.003244 0.079329 0.905852 0.002126
3 3 0.013582 0.008669 0.209368 0.762944 0.005437
2 3 0.014881 0.022423 0.538911 0.415777 0.008007
2 2 0.006209 0.028562 0.796055 0.164021 0.005153
2 2 0.003668 0.038931 0.888698 0.063349 0.005354
2 2 0.001056 0.026670 0.922535 0.045934 0.003805
2 2 0.001446 0.034591 0.928439 0.029770 0.005754
2 2 0.001204 0.033959 0.938345 0.021537 0.004954
2 2 0.013062 0.101290 0.854946 0.015802 0.014899
2 2 0.009369 0.089882 0.871246 0.016031 0.013472
2 2 0.014518 0.109783 0.836052 0.018522 0.021125
2 2 0.003540 0.061529 0.911432 0.014778 0.008722
2 2 0.003136 0.046188 0.923125 0.021416 0.006135
2 2 0.012318 0.084780 0.861877 0.027724 0.013300
2 2 0.012840 0.092499 0.857544 0.022530 0.014588
2 2 0.010980 0.087611 0.866200 0.021356 0.013853
2 2 0.004745 0.078021 0.890038 0.012945 0.014251
2 2 0.000953 0.042365 0.938420 0.010927 0.007336
2 2 0.001357 0.055922 0.923104 0.009232 0.010385
2 2 0.000576 0.034181 0.950187 0.008847 0.006209
2 2 0.001109 0.042624 0.939848 0.008889 0.007530
2 2 0.001031 0.040485 0.941844 0.009444 0.007196
2 2 0.000799 0.036116 0.946188 0.010261 0.006635
2 2 0.000427 0.027923 0.958457 0.009081 0.004112
2 2 0.000522 0.028799 0.954306 0.011103 0.005269
2 2 0.000167 0.016503 0.971386 0.009229 0.002715
2 2 0.000269 0.021283 0.964640 0.010087 0.003721
2 2 0.000544 0.031454 0.954704 0.008643 0.004655
2 2 0.000607 0.032885 0.952969 0.008349 0.005191
2 2 0.000874 0.036693 0.947606 0.009360 0.005467
2 2 0.000917 0.039104 0.940432 0.010161 0.009387
2 2 0.003314 0.062939 0.901764 0.015135 0.016848
2 0 0.047306 0.145818 0.725764 0.033254 0.047858
2 0 0.241565 0.203160 0.491162 0.022684 0.041429
0 0 0.444028 0.148954 0.347133 0.025050 0.034836
0 0 0.639013 0.093953 0.205227 0.034240 0.027567
0 0 0.771571 0.062080 0.127180 0.025258 0.013911
0 0 0.820874 0.063898 0.072962 0.018422 0.023844
0 0 0.584363 0.131897 0.204271 0.029109 0.050361
0 0 0.695528 0.092787 0.136694 0.033571 0.041420
0 0 0.588821 0.130344 0.203013 0.028842 0.048981
0 0 0.665283 0.109562 0.176418 0.020062 0.028675
0 0 0.560023 0.148690 0.250241 0.013473 0.027574
0 0 0.616758 0.151519 0.183332 0.012084 0.036306
0 0 0.468380 0.220479 0.262791 0.007772 0.040578
0 0 0.460010 0.234802 0.256054 0.006674 0.042460
2 0 0.333265 0.256163 0.357711 0.007679 0.045182
2 0 0.325928 0.247298 0.374439 0.008514 0.043821
2 0 0.293606 0.264870 0.377722 0.008937 0.054865
0 1 0.336462 0.282765 0.301523 0.008200 0.071050
1 1 0.305507 0.344605 0.244340 0.005225 0.100323
1 1 0.227840 0.408042 0.253220 0.003212 0.107686
1 1 0.179732 0.440481 0.287394 0.002180 0.090213
1 1 0.240314 0.392300 0.269314 0.003440 0.094632
2 2 0.249018 0.320315 0.344697 0.006808 0.079163
2 2 0.228710 0.324202 0.362980 0.006556 0.077552
2 2 0.225557 0.332478 0.353230 0.006312 0.082423
2 2 0.133597 0.329427 0.465204 0.007130 0.064641
2 2 0.034765 0.218816 0.708674 0.009048 0.028698
2 2 0.007749 0.110332 0.857939 0.010197 0.013784
2 2 0.004727 0.101287 0.872487 0.007372 0.014126
2 2 0.001389 0.063148 0.920038 0.006286 0.009139
2 2 0.001233 0.061676 0.920427 0.007279 0.009385
2 2 0.003430 0.109109 0.859051 0.006933 0.021477
2 2 0.002261 0.080207 0.899851 0.007125 0.010555
2 2 0.001467 0.063156 0.921071 0.006366 0.007939
2 2 0.001271 0.058663 0.926621 0.006430 0.007014
2 2 0.000825 0.045856 0.938678 0.008186 0.006455
2 2 0.000243 0.019327 0.962155 0.013082 0.005194
2 2 0.000552 0.030875 0.947537 0.012093 0.008944
2 2 0.000492 0.028317 0.952653 0.011781 0.006756
2 2 0.001054 0.051029 0.925413 0.009416 0.013087
2 2 0.000175 0.023790 0.964334 0.006167 0.005533
2 2 0.000139 0.015942 0.970675 0.009935 0.003310
2 2 0.000184 0.018449 0.966610 0.010178 0.004579
2 2 0.000251 0.020120 0.962783 0.012191 0.004655
2 2 0.000177 0.016425 0.965730 0.014069 0.003599
2 2 0.000483 0.030714 0.944341 0.014660 0.009801
2 2 0.000397 0.026917 0.944967 0.018644 0.009075
2 2 0.000361 0.029551 0.952178 0.010996 0.006915
2 2 0.000632 0.035947 0.941148 0.011931 0.010342
2 2 0.000682 0.028422 0.942527 0.020922 0.007446
2 2 0.000522 0.024547 0.951613 0.017970 0.005348
2 2 0.003687 0.040798 0.909820 0.037956 0.007739
2 1 0.005246 0.049735 0.907532 0.030045 0.007443
2 1 0.015971 0.116437 0.838560 0.015939 0.013093
2 2 0.012413 0.145171 0.813849 0.009142 0.019423
2 2 0.001439 0.058918 0.923286 0.008196 0.008161
2 2 0.000729 0.041353 0.944977 0.007654 0.005287
2 2 0.001087 0.047483 0.936703 0.007920 0.006807
2 2 0.001488 0.051650 0.928768 0.009901 0.008193
2 2 0.003038 0.090121 0.888737 0.006200 0.011904
2 2 0.002224 0.074798 0.906981 0.006181 0.009816
2 2 0.003350 0.088586 0.888158 0.006229 0.013677
2 2 0.001205 0.052666 0.932348 0.006798 0.006983
2 2 0.001162 0.048814 0.931095 0.011915 0.007014
2 2 0.002177 0.073105 0.899954 0.011417 0.013348
2 2 0.001905 0.058997 0.910546 0.017512 0.011040
0 2 0.583555 0.115471 0.234854 0.031437 0.034684
0 0 0.584412 0.118669 0.247833 0.022696 0.026390
0 0 0.572991 0.149875 0.222800 0.016624 0.037710
0 0 0.551086 0.163691 0.216568 0.017979 0.050675
0 0 0.526878 0.171245 0.241000 0.015821 0.045057
0 0 0.581735 0.144101 0.217413 0.018293 0.038459
0 0 0.581540 0.150152 0.227290 0.012282 0.028735
0 0 0.433747 0.204346 0.328800 0.007158 0.025949
0 0 0.472983 0.192913 0.297270 0.008433 0.028401
2 0 0.361889 0.207232 0.391592 0.009440 0.029847
0 0 0.409032 0.176413 0.374010 0.012979 0.027565
2 0 0.380266 0.200075 0.381960 0.009551 0.028148
0 0 0.390435 0.200470 0.368094 0.010230 0.030770
2 0 0.354224 0.225541 0.369590 0.010105 0.040540
0 0 0.514039 0.154471 0.265918 0.022230 0.043342
0 1 0.464626 0.136228 0.311589 0.040196 0.047361
0 0 0.480028 0.168714 0.226601 0.033625 0.091033
0 0 0.392829 0.250953 0.272510 0.010890 0.072817
0 0 0.527812 0.205218 0.210331 0.008838 0.047800
0 0 0.650557 0.068148 0.119441 0.097404 0.064450
0 0 0.691801 0.070117 0.085521 0.073520 0.079041
0 0 0.653504 0.136680 0.083496 0.018976 0.107344
0 0 0.780476 0.075038 0.045627 0.024203 0.074655
0 0 0.574536 0.158779 0.216162 0.013478 0.037045
0 0 0.514329 0.178887 0.250525 0.013760 0.042499
0 0 0.460093 0.204642 0.274796 0.012257 0.048212
0 0 0.460797 0.201593 0.277335 0.012703 0.047572
0 0 0.411166 0.216212 0.321354 0.010240 0.041027
0 0 0.623305 0.140399 0.180941 0.015966 0.039389
0 0 0.654272 0.100481 0.158104 0.039344 0.047798
2 0 0.034569 0.133203 0.769471 0.038113 0.024644
2 0 0.166034 0.168048 0.585377 0.047895 0.032646
0 0 0.385856 0.190274 0.358496 0.020295 0.045078
0 0 0.473525 0.185442 0.290328 0.012853 0.037853
0 0 0.582578 0.123432 0.231584 0.026856 0.035550
0 0 0.670951 0.088112 0.173441 0.036800 0.030697
0 0 0.522150 0.161796 0.268927 0.014372 0.032755
0 0 0.469021 0.222422 0.283371 0.003833 0.021353
0 0 0.588263 0.184857 0.201426 0.004214 0.021239
0 0 0.504693 0.177277 0.276856 0.010684 0.030489
0 0 0.524743 0.176432 0.252729 0.011377 0.034719
0 0 0.496066 0.198201 0.257143 0.009685 0.038905
0 0 0.476526 0.202867 0.270091 0.010053 0.040462
0 0 0.513872 0.188688 0.247723 0.010657 0.039061
0 0 0.487957 0.187431 0.280486 0.010476 0.033650
0 0 0.432437 0.205567 0.323552 0.008284 0.030160
0 0 0.447330 0.206011 0.304504 0.008744 0.033411
0 0 0.440966 0.214113 0.291918 0.010080 0.042924
0 0 0.412881 0.229485 0.315128 0.007143 0.035363
0 0 0.445335 0.224602 0.287527 0.006967 0.035570
0 1 0.434856 0.225526 0.297178 0.007078 0.035361
0 1 0.382227 0.265816 0.307610 0.005143 0.039205
0 1 0.341217 0.297211 0.317357 0.003901 0.040314
0 0 0.351522 0.284261 0.315542 0.004892 0.043783
2 0 0.309289 0.181674 0.433331 0.025881 0.049826
0 0 0.445507 0.112102 0.349547 0.055706 0.037138
0 0 0.535489 0.128409 0.210793 0.050358 0.074951
0 0 0.703664 0.126968 0.089242 0.014416 0.065710
0 0 0.778603 0.106955 0.059445 0.008337 0.046660
0 0 0.607203 0.149767 0.192724 0.013501 0.036805
0 0 0.469554 0.196885 0.287643 0.010123 0.035795
0 0 0.549140 0.162879 0.236476 0.014178 0.037327
0 0 0.464591 0.231690 0.245857 0.007983 0.049879
0 1 0.434144 0.256614 0.227387 0.008478 0.073376
1 1 0.302736 0.343623 0.261144 0.004886 0.087610
1 1 0.149857 0.440996 0.344042 0.001620 0.063485
1 1 0.154709 0.417857 0.365434 0.001939 0.060062
2 2 0.135893 0.290078 0.520432 0.006760 0.046837
2 2 0.174342 0.264647 0.507341 0.010545 0.043125
2 2 0.277973 0.275313 0.381494 0.008298 0.056922
2 2 0.128207 0.307711 0.515384 0.006138 0.042560
2 2 0.071331 0.279592 0.611579 0.004851 0.032647
2 2 0.114122 0.228541 0.611246 0.011858 0.034233
2 0 0.300650 0.207778 0.423538 0.018152 0.049882
0 0 0.468308 0.165245 0.320916 0.015080 0.030450
0 0 0.545246 0.142831 0.271232 0.015070 0.025622
0 0 0.671600 0.117670 0.171671 0.013830 0.025228
0 0 0.680088 0.118870 0.159022 0.013878 0.028142
0 0 0.722865 0.106101 0.136203 0.011816 0.023016
0 0 0.618455 0.158965 0.188937 0.007477 0.026166
0 1 0.573280 0.184690 0.205954 0.006487 0.029590
0 1 0.494078 0.220375 0.237389 0.007039 0.041120
0 1 0.425642 0.245923 0.274969 0.007017 0.046449
0 0 0.488494 0.202526 0.254372 0.010457 0.044151
0 1 0.484600 0.179681 0.279142 0.014976 0.041602
0 1 0.431051 0.220126 0.301651 0.008535 0.038637
0 2 0.392683 0.252837 0.295211 0.007826 0.051443
0 2 0.391268 0.258778 0.259370 0.010506 0.080077
2 0 0.062249 0.211596 0.671455 0.019772 0.034927
2 0 0.096389 0.209043 0.651213 0.017218 0.026138
2 1 0.016352 0.193999 0.752704 0.007061 0.029884
2 2 0.008067 0.137132 0.828424 0.008032 0.018345
2 2 0.005642 0.121065 0.848582 0.007432 0.017279
2 2 0.003025 0.080978 0.895378 0.009025 0.011593
2 2 0.004266 0.099480 0.874437 0.007314 0.014503
2 2 0.004451 0.102129 0.872259 0.007272 0.013888
2 2 0.002256 0.077409 0.905179 0.006529 0.008627
2 2 0.005391 0.114467 0.854710 0.009038 0.016394
2 2 0.002521 0.077711 0.897891 0.008894 0.012983
2 2 0.001480 0.051041 0.927006 0.012454 0.008018
2 2 0.001262 0.043141 0.933027 0.015830 0.006740
2 2 0.000484 0.029888 0.952985 0.011977 0.004666
2 2 0.000348 0.024406 0.959419 0.012712 0.003114
2 2 0.000265 0.021094 0.963158 0.012782 0.002701
2 2 0.000274 0.025747 0.962723 0.007842 0.003414
2 2 0.000189 0.023772 0.966156 0.005916 0.003967
2 2 0.000151 0.023023 0.966631 0.006196 0.003999
2 2 0.000154 0.017967 0.966372 0.011012 0.004496
2 2 0.000165 0.014149 0.959187 0.022557 0.003942
2 2 0.000368 0.019017 0.944039 0.029457 0.007119
2 2 0.000161 0.014297 0.954746 0.025821 0.004976
2 2 0.000216 0.020736 0.955592 0.016409 0.007046
2 2 0.000055 0.009636 0.970388 0.017504 0.002417
2 2 0.000122 0.013486 0.958288 0.023665 0.004438
2 2 0.000175 0.015750 0.955198 0.023958 0.004919
2 2 0.000316 0.026088 0.951194 0.013869 0.008533
2 2 0.000226 0.021711 0.956790 0.013461 0.007813
2 2 0.000172 0.021128 0.960203 0.011288 0.007210
2 2 0.000090 0.015237 0.969392 0.010799 0.004482
2 2 0.000095 0.012789 0.967961 0.015670 0.003485
2 2 0.000391 0.019497 0.947326 0.027296 0.005491
2 2 0.000372 0.016373 0.942132 0.035525 0.005598
2 2 0.000479 0.020239 0.932531 0.038650 0.008101
2 2 0.000317 0.017544 0.945145 0.029606 0.007388
2 2 0.000295 0.013998 0.925398 0.053847 0.006461
2 3 0.000321 0.012089 0.894749 0.087138 0.005704
2 3 0.000974 0.009862 0.675041 0.308422 0.005702
2 3 0.002045 0.013369 0.642119 0.335282 0.007186
2 3 0.006947 0.028357 0.671516 0.281270 0.011910
2 2 0.011541 0.042388 0.737937 0.195276 0.012858
2 2 0.008848 0.048336 0.813670 0.118200 0.010946
2 2 0.016002 0.111321 0.818200 0.035168 0.019309
2 2 0.005610 0.078831 0.882165 0.022521 0.010872
2 2 0.002934 0.055438 0.919615 0.015609 0.006403
2 2 0.001536 0.044027 0.936104 0.012337 0.005995
2 2 0.000524 0.026192 0.955508 0.012996 0.004780
2 2 0.001126 0.032537 0.937145 0.022217 0.006975
2 2 0.002869 0.052862 0.905887 0.024285 0.014097
2 2 0.001183 0.046124 0.934507 0.010311 0.007875
2 2 0.032306 0.136780 0.742025 0.029367 0.059523
2 2 0.097050 0.177068 0.571505 0.038799 0.115579
2 2 0.142480 0.272144 0.480016 0.019813 0.085547
2 2 0.021398 0.194997 0.719555 0.013059 0.050991
2 2 0.001144 0.050436 0.925659 0.012436 0.010325
2 2 0.000684 0.030488 0.940398 0.021680 0.006750
2 2 0.000396 0.024001 0.950837 0.019432 0.005334
2 2 0.000656 0.030291 0.943420 0.018950 0.006683
2 2 0.001437 0.052331 0.924553 0.011831 0.009849
2 2 0.000952 0.055116 0.928213 0.007172 0.008547
2 2 0.002003 0.081848 0.891027 0.007553 0.017570
2 2 0.000157 0.011757 0.956913 0.028640 0.002532
2 2 0.000171 0.013487 0.956340 0.026822 0.003180
2 2 0.000320 0.013374 0.917128 0.064499 0.004679
2 3 0.000434 0.011138 0.883117 0.101590 0.003720
2 3 0.001411 0.011815 0.705919 0.275403 0.005452
2 3 0.001676 0.011915 0.669484 0.311448 0.005477
2 3 0.001062 0.012919 0.788720 0.192927 0.004373
2 3 0.000447 0.016881 0.945119 0.034438 0.003116
2 3 0.001051 0.028401 0.945722 0.020965 0.003861
2 0 0.002588 0.049458 0.925220 0.015853 0.006881
2 0 0.004601 0.087271 0.883217 0.009424 0.015488
2 1 0.004487 0.108972 0.861920 0.006158 0.018463
2 1 0.006221 0.140547 0.812520 0.005521 0.035191
2 1 0.006982 0.136881 0.820809 0.006194 0.029135
2 2 0.011177 0.189077 0.749767 0.005059 0.044919
2 2 0.006832 0.137125 0.822129 0.006613 0.027301
2 2 0.003775 0.062158 0.906987 0.012600 0.014480
2 2 0.174587 0.176264 0.553309 0.040532 0.055307
2 1 0.206755 0.244205 0.439588 0.019794 0.089658
0 0 0.346329 0.296445 0.267965 0.007418 0.081842
0 1 0.357051 0.303555 0.242213 0.006924 0.090258
2 2 0.170488 0.357660 0.359707 0.005630 0.106515
2 2 0.037433 0.280475 0.589950 0.005114 0.087027
2 2 0.005377 0.113776 0.847620 0.006148 0.027079
2 2 0.002495 0.073610 0.901242 0.007352 0.015300
2 2 0.002473 0.065724 0.906344 0.012094 0.013365
2 2 0.000998 0.046951 0.936303 0.008315 0.007433
2 2 0.000556 0.038265 0.948233 0.007109 0.005837
2 2 0.000489 0.036441 0.948955 0.006986 0.007130
2 2 0.000670 0.035510 0.943616 0.012216 0.007988
2 2 0.000138 0.015789 0.966306 0.014235 0.003531
2 2 0.000226 0.019756 0.955566 0.018691 0.005761
2 2 0.000494 0.023573 0.928239 0.038989 0.008704
2 2 0.000612 0.024739 0.920076 0.043798 0.010776
2 2 0.000918 0.032631 0.931927 0.025294 0.009230
2 2 0.001168 0.047090 0.928423 0.011582 0.011738
2 2 0.001602 0.057178 0.917683 0.009838 0.013700
2 2 0.001030 0.039449 0.932689 0.014805 0.012027
2 2 0.000709 0.024964 0.935225 0.030517 0.008585
2 2 0.000603 0.017690 0.913421 0.060294 0.007992
2 2 0.000212 0.011170 0.928356 0.056049 0.004213
2 2 0.000121 0.009012 0.942816 0.044805 0.003246
2 2 0.000085 0.008745 0.962276 0.026485 0.002410
2 2 0.000175 0.017536 0.961198 0.015472 0.005620
2 2 0.001304 0.063086 0.880836 0.012397 0.042377
2 2 0.006424 0.123481 0.652386 0.010370 0.207338
2 4 0.012793 0.150852 0.551717 0.009820 0.274819
2 4 0.012068 0.132125 0.519720 0.011073 0.325015
4 4 0.024072 0.083710 0.252320 0.022339 0.617559
4 4 0.021617 0.072567 0.236676 0.025475 0.643664
4 4 0.027954 0.064442 0.195352 0.042492 0.669760
4 4 0.047538 0.068693 0.177608 0.054432 0.651730
4 4 0.064844 0.073944 0.168350 0.062450 0.630412
4 4 0.163617 0.083910 0.130555 0.090614 0.531305
4 4 0.187309 0.088596 0.125117 0.094534 0.504444
4 4 0.223339 0.097585 0.117873 0.098998 0.462206
4 4 0.106274 0.089343 0.154411 0.076320 0.573653
4 4 0.204156 0.089614 0.120661 0.097097 0.488473
4 4 0.173523 0.091000 0.130153 0.091920 0.513405
4 4 0.202660 0.096529 0.123289 0.096252 0.481270
4 4 0.068166 0.135926 0.236308 0.030398 0.529202
4 4 0.039433 0.175823 0.338411 0.008885 0.437447
4 4 0.053132 0.173702 0.302947 0.013422 0.456798
4 4 0.096888 0.170265 0.241262 0.025985 0.465600
4 4 0.231162 0.204050 0.185356 0.030214 0.349218
0 4 0.305805 0.189838 0.162995 0.037468 0.303894
4 4 0.258851 0.091552 0.107188 0.103567 0.438843
4 4 0.322419 0.078187 0.089551 0.109754 0.400089
4 4 0.097790 0.071214 0.148853 0.074865 0.607278
4 4 0.195866 0.082085 0.120257 0.096494 0.505297
4 4 0.165312 0.124166 0.152307 0.073469 0.484746
4 4 0.280998 0.109602 0.106040 0.103554 0.399806
4 4 0.323135 0.103171 0.095163 0.106835 0.371696
4 4 0.257902 0.095096 0.108372 0.103109 0.435520
0 4 0.364078 0.079548 0.081860 0.111197 0.363317
4 4 0.362657 0.075024 0.080971 0.111733 0.369616
4 4 0.317395 0.081549 0.091504 0.109091 0.400461
4 4 0.248154 0.105447 0.119303 0.089706 0.437391
4 4 0.192071 0.140925 0.162653 0.056319 0.448032
4 4 0.072068 0.230641 0.312572 0.009910 0.374810
4 4 0.081769 0.163949 0.247615 0.025453 0.481214
4 4 0.120461 0.159240 0.213773 0.034869 0.471657
4 4 0.060389 0.100371 0.199960 0.046872 0.592408
4 4 0.066713 0.124202 0.224032 0.035353 0.549700
4 4 0.053212 0.143998 0.270773 0.020240 0.511777
2 4 0.016910 0.162727 0.494802 0.008032 0.317528
2 4 0.019421 0.174793 0.482869 0.007425 0.315492
4 4 0.035344 0.073035 0.195884 0.044883 0.650854
4 4 0.071327 0.087381 0.171926 0.064423 0.604943
4 4 0.079877 0.079425 0.162592 0.068175 0.609931
4 4 0.174012 0.095328 0.131503 0.091650 0.507508
4 4 0.192088 0.094242 0.125635 0.094826 0.493209
4 4 0.181248 0.103308 0.131726 0.092251 0.491467
4 4 0.231981 0.096852 0.115378 0.100133 0.455656
4 4 0.217155 0.095438 0.118925 0.098394 0.470088
4 4 0.229986 0.083072 0.111627 0.101219 0.474096
4 4 0.185130 0.089676 0.126145 0.094075 0.504974
4 4 0.091670 0.090927 0.162148 0.071638 0.583617
4 4 0.078788 0.087490 0.167492 0.067303 0.598927
4 4 0.040383 0.074687 0.188601 0.050174 0.646154
4 4 0.023684 0.060470 0.198610 0.039083 0.678153
4 4 0.029732 0.066079 0.194325 0.043706 0.666158
4 4 0.025185 0.091881 0.265082 0.019800 0.598052
4 4 0.046762 0.156594 0.299034 0.014422 0.483187
4 4 0.084411 0.165781 0.246050 0.025762 0.477996
4 4 0.090050 0.215747 0.278035 0.015294 0.400874
4 4 0.073667 0.251555 0.321391 0.008100 0.345287
4 4 0.069286 0.257800 0.331494 0.007005 0.334416
2 4 0.028306 0.261082 0.494385 0.004203 0.212025
2 2 0.029058 0.224173 0.460378 0.005774 0.280617
2 2 0.009665 0.165907 0.615749 0.005582 0.203098
2 2 0.005644 0.145380 0.692287 0.005158 0.151531
2 2 0.002715 0.113234 0.774464 0.005366 0.104221
2 2 0.002577 0.110545 0.777510 0.005337 0.104031
2 2 0.001284 0.094998 0.850472 0.004748 0.048498
2 2 0.001546 0.099125 0.839473 0.005531 0.054325
2 2 0.001506 0.083756 0.861064 0.008301 0.045373
2 2 0.000972 0.055083 0.891633 0.014169 0.038143
2 2 0.001396 0.065737 0.869459 0.015512 0.047896
2 2 0.000614 0.042308 0.916140 0.015756 0.025182
2 2 0.001009 0.048053 0.899054 0.026172 0.025713
2 2 0.000366 0.033791 0.939688 0.012523 0.013632
2 2 0.000302 0.032440 0.942422 0.011622 0.013213
2 2 0.000818 0.057482 0.906580 0.009330 0.025789
2 2 0.001455 0.068523 0.884236 0.012816 0.032970
2 2 0.002515 0.088788 0.849105 0.011561 0.048030
2 2 0.002910 0.101579 0.846029 0.007262 0.042219
2 2 0.000703 0.052669 0.918269 0.007371 0.020988
2 2 0.000402 0.038207 0.938401 0.008656 0.014334
2 2 0.000148 0.024172 0.958658 0.007175 0.009846
2 2 0.000136 0.024007 0.960797 0.006000 0.009059
2 2 0.000087 0.014770 0.971353 0.009141 0.004649
2 2 0.000079 0.013905 0.969549 0.011095 0.005372
2 2 0.000098 0.016859 0.966605 0.009952 0.006486
2 2 0.000098 0.013275 0.963932 0.017305 0.005392
2 2 0.000194 0.017707 0.952888 0.021137 0.008074
2 2 0.000100 0.010895 0.953719 0.029893 0.005393
2 2 0.000214 0.014462 0.930101 0.046784 0.008439
2 2 0.000095 0.010257 0.949823 0.035482 0.004344
2 2 0.000131 0.012356 0.947226 0.035595 0.004692
2 2 0.000111 0.007949 0.914923 0.073950 0.003068
2 2 0.000251 0.011673 0.904859 0.077527 0.005689
2 2 0.003584 0.036513 0.813813 0.128125 0.017966
2 2 0.013966 0.064561 0.762195 0.133058 0.026219
2 2 0.007575 0.057716 0.837441 0.082842 0.014426
2 2 0.003217 0.054077 0.885892 0.042545 0.014270
2 2 0.000386 0.022922 0.942529 0.028738 0.005424
2 2 0.000305 0.019826 0.937135 0.037763 0.004971
2 2 0.000592 0.026783 0.918935 0.045174 0.008515
2 2 0.000625 0.024162 0.916417 0.051241 0.007555
2 2 0.000052 0.007867 0.965870 0.024427 0.001783
2 2 0.000088 0.008199 0.951536 0.038020 0.002157
2 3 0.000314 0.010724 0.891294 0.093871 0.003797
2 3 0.000676 0.013203 0.833960 0.147198 0.004963
2 3 0.001872 0.016505 0.716837 0.258019 0.006768
2 3 0.002907 0.013413 0.607958 0.370258 0.005464
3 3 0.002383 0.006713 0.373572 0.613467 0.003865
3 3 0.004663 0.006780 0.261683 0.722007 0.004866
3 3 0.013072 0.010996 0.255466 0.714357 0.006108
3 3 0.015688 0.021538 0.443385 0.508194 0.011194
2 3 0.018278 0.030671 0.479272 0.456417 0.015361
3 3 0.010130 0.018018 0.409708 0.551161 0.010983
3 3 0.007315 0.007355 0.193366 0.786448 0.005516
3 3 0.003722 0.005148 0.198914 0.787675 0.004541
3 3 0.008233 0.006020 0.150916 0.829706 0.005126
3 3 0.011203 0.006487 0.138297 0.838361 0.005653
3 3 0.025233 0.008152 0.108811 0.850743 0.007060
3 3 0.019730 0.007259 0.114659 0.851816 0.006536
3 3 0.027172 0.006787 0.094374 0.865144 0.006522
3 3 0.015968 0.004924 0.096818 0.877590 0.004700
3 3 0.019058 0.003271 0.059197 0.915920 0.002553
3 3 0.013547 0.003018 0.063988 0.917311 0.002135
3 3 0.018643 0.003577 0.060426 0.914992 0.002361
3 3 0.020515 0.004499 0.068835 0.903199 0.002951
3 3 0.010149 0.002825 0.063798 0.921703 0.001525
3 3 0.012367 0.003375 0.067029 0.915360 0.001869
3 3 0.011306 0.003047 0.064393 0.919589 0.001665
3 3 0.012913 0.003611 0.067706 0.913892 0.001877
3 3 0.011911 0.003654 0.070130 0.912489 0.001816
3 3 0.013353 0.002572 0.051793 0.930865 0.001416
3 3 0.017112 0.003920 0.067164 0.909298 0.002507
3 3 0.016642 0.003736 0.065653 0.911573 0.002396
3 3 0.009910 0.002068 0.053193 0.933526 0.001304
3 3 0.010129 0.001705 0.044270 0.942868 0.001029
3 3 0.019174 0.003453 0.058527 0.916494 0.002352
3 3 0.025406 0.005559 0.073039 0.892321 0.003676
3 3 0.025283 0.005534 0.072023 0.893638 0.003522
3 3 0.028778 0.004638 0.060791 0.902501 0.003291
3 3 0.019442 0.002799 0.049089 0.926768 0.001902
3 3 0.038986 0.006351 0.070594 0.878678 0.005391
3 3 0.016545 0.003085 0.056247 0.922175 0.001948
3 3 0.024581 0.005443 0.074235 0.891969 0.003772
3 3 0.022387 0.005944 0.082814 0.884841 0.004013
3 3 0.012885 0.003660 0.074947 0.906076 0.002432
3 3 0.011176 0.003305 0.075001 0.908274 0.002244
3 3 0.010710 0.004403 0.099381 0.882311 0.003196
3 3 0.025515 0.011111 0.152498 0.803717 0.007160
3 3 0.048755 0.016643 0.155340 0.769118 0.010145
3 3 0.043943 0.008928 0.092079 0.848681 0.006368
3 3 0.029216 0.005048 0.064465 0.897694 0.003577
3 3 0.021101 0.003329 0.055037 0.918149 0.002384
3 3 0.018592 0.002600 0.047523 0.929500 0.001786
3 3 0.022177 0.003596 0.056107 0.915667 0.002454
3 3 0.020525 0.003444 0.055840 0.917911 0.002280
3 3 0.016501 0.003012 0.054774 0.923858 0.001854
3 3 0.009895 0.002250 0.054402 0.932205 0.001249
3 3 0.011291 0.001799 0.043039 0.942833 0.001039
3 3 0.013809 0.002150 0.046571 0.936082 0.001389
3 3 0.028853 0.006322 0.087412 0.871905 0.005508
3 3 0.008340 0.006370 0.184285 0.796782 0.004223
2 2 0.002059 0.041227 0.915599 0.030911 0.010204
2 2 0.000905 0.025674 0.929917 0.037349 0.006155
2 2 0.000591 0.022757 0.936230 0.035793 0.004629
2 2 0.000247 0.018540 0.955359 0.022681 0.003173
2 2 0.000339 0.025796 0.950959 0.018267 0.004639
2 2 0.000371 0.026633 0.949953 0.017523 0.005519
2 2 0.000417 0.028935 0.950979 0.014452 0.005217
2 2 0.000769 0.035411 0.938671 0.017716 0.007433
2 2 0.000801 0.033212 0.942312 0.017467 0.006208
2 2 0.000654 0.029367 0.949110 0.016411 0.004457
2 2 0.000480 0.026181 0.956345 0.013744 0.003250
2 2 0.000581 0.026958 0.944048 0.024023 0.004390
2 2 0.000589 0.026758 0.940998 0.026291 0.005364
2 2 0.000425 0.022175 0.947399 0.024554 0.005447
2 2 0.000570 0.024745 0.939331 0.027949 0.007404
2 2 0.000378 0.021596 0.941974 0.028365 0.007686
2 2 0.001225 0.024983 0.863455 0.099249 0.011088
2 2 0.000796 0.017429 0.840815 0.134103 0.006857
2 2 0.000545 0.010412 0.730725 0.252186 0.006132
2 2 0.000222 0.007321 0.817876 0.170734 0.003846
2 2 0.000180 0.008896 0.897603 0.088725 0.004596
2 2 0.000124 0.011478 0.948402 0.034724 0.005273
2 2 0.000217 0.020202 0.950498 0.020166 0.008916
2 2 0.000188 0.022012 0.954807 0.014159 0.008835
2 2 0.000337 0.034933 0.936255 0.011226 0.017249
2 2 0.000493 0.048691 0.917174 0.008419 0.025222
2 2 0.000712 0.053739 0.895533 0.010812 0.039203
2 2 0.001218 0.067381 0.843583 0.011748 0.076070
2 2 0.003203 0.107773 0.761178 0.009315 0.118530
2 2 0.007042 0.129767 0.656194 0.011259 0.195737
2 2 0.015569 0.118026 0.503398 0.015950 0.347057
4 2 0.033916 0.158545 0.362062 0.011841 0.433636
4 4 0.030952 0.152785 0.371278 0.014110 0.430875
4 4 0.025831 0.130174 0.375134 0.019714 0.449147
2 4 0.004060 0.112769 0.715375 0.008439 0.159357
2 4 0.005006 0.116916 0.682427 0.008998 0.186653
2 4 0.005239 0.117467 0.676699 0.009451 0.191143
2 4 0.003707 0.112362 0.731407 0.007960 0.144563
2 4 0.004250 0.123588 0.730422 0.007609 0.134131
2 4 0.005114 0.139995 0.718071 0.006391 0.130429
2 4 0.003376 0.127017 0.762329 0.005224 0.102054
2 4 0.001868 0.100192 0.806642 0.004936 0.086362
2 4 0.001260 0.085753 0.830061 0.004449 0.078477
2 4 0.000810 0.073703 0.862316 0.004255 0.058917
2 4 0.003824 0.104031 0.708140 0.009585 0.174420
2 4 0.005705 0.123344 0.671882 0.009104 0.189964
2 4 0.011585 0.145682 0.556649 0.009140 0.276945
2 4 0.016481 0.160339 0.498869 0.008397 0.315914
2 4 0.012640 0.159342 0.542234 0.006459 0.279325
2 4 0.011803 0.158516 0.561458 0.006732 0.261492
2 4 0.015313 0.171540 0.531882 0.007134 0.274131
4 4 0.037545 0.107198 0.254195 0.024012 0.577050
4 4 0.066614 0.142795 0.246518 0.026829 0.517243
4 4 0.103129 0.149757 0.219367 0.034250 0.493498
4 4 0.091749 0.210647 0.272602 0.016549 0.408453
4 4 0.080767 0.188730 0.270519 0.018445 0.441540
2 4 0.018746 0.177022 0.497355 0.007478 0.299398
2 4 0.010740 0.158303 0.586033 0.006776 0.238148
2 4 0.007884 0.158269 0.649382 0.005631 0.178834
2 4 0.008656 0.178487 0.657059 0.004799 0.150999
2 4 0.000223 0.037387 0.940247 0.006085 0.016059
2 2 0.000313 0.030837 0.948860 0.011075 0.008915
2 2 0.072038 0.112919 0.761863 0.029289 0.023892
2 2 0.342720 0.135097 0.381085 0.071954 0.069144
1 0 0.261469 0.379694 0.217664 0.004530 0.136643
0 0 0.421874 0.329608 0.145756 0.003309 0.099454
1 0 0.208789 0.437290 0.247956 0.002345 0.103619
2 1 0.063804 0.369121 0.437359 0.003059 0.126657
2 1 0.040540 0.350127 0.508935 0.002630 0.097769
2 1 0.056789 0.360538 0.486609 0.003173 0.092891
2 0 0.057864 0.380032 0.453019 0.003439 0.105646
1 1 0.076728 0.410823 0.380774 0.003268 0.128407
1 1 0.070064 0.394469 0.386065 0.003146 0.146256
2 2 0.025109 0.332546 0.549803 0.002898 0.089644
2 2 0.008505 0.193240 0.748561 0.003930 0.045764
2 2 0.016525 0.091642 0.803580 0.033740 0.054513
2 0 0.279759 0.127537 0.434156 0.088708 0.069840
0 0 0.347378 0.187690 0.318327 0.041248 0.105357
0 0 0.623772 0.128867 0.146740 0.029841 0.070778
0 0 0.510914 0.206031 0.192344 0.013559 0.077152
0 1 0.382026 0.292614 0.200244 0.008224 0.116892
0 1 0.337058 0.327616 0.175051 0.006514 0.153761
0 1 0.336905 0.318631 0.174358 0.007440 0.162665
1 1 0.289615 0.349382 0.193056 0.006162 0.161785
1 1 0.196216 0.398396 0.234318 0.004574 0.166495
1 1 0.133722 0.414731 0.277262 0.003238 0.171048
1 2 0.096936 0.408950 0.337246 0.003552 0.153316
2 2 0.043801 0.325688 0.541928 0.005252 0.083332
2 2 0.017623 0.209209 0.717239 0.006228 0.049700
2 2 0.020030 0.214409 0.709868 0.007016 0.048676
1 2 0.139945 0.412554 0.350734 0.003282 0.093485
1 2 0.205892 0.365772 0.327460 0.005029 0.095846
2 2 0.094285 0.351442 0.481018 0.006078 0.067178
2 2 0.066572 0.306981 0.558605 0.009253 0.058589
2 2 0.032518 0.236765 0.678088 0.012034 0.040595
2 2 0.076067 0.342450 0.491221 0.010391 0.079871
1 2 0.228671 0.363523 0.249114 0.006447 0.152245
1 2 0.241067 0.368842 0.225065 0.005848 0.159177
0 2 0.331509 0.328365 0.176965 0.006653 0.156508
1 2 0.306752 0.335644 0.185965 0.006855 0.164784
1 2 0.207002 0.414424 0.228427 0.003622 0.146526
1 2 0.104895 0.437432 0.362938 0.003676 0.091059
2 2 0.065804 0.378031 0.492049 0.005765 0.058351
2 2 0.007283 0.162862 0.805720 0.005156 0.018979
2 2 0.001897 0.066227 0.916377 0.008147 0.007353
2 2 0.001090 0.053466 0.931775 0.006859 0.006810
2 2 0.000999 0.050239 0.934107 0.007392 0.007263
2 2 0.000781 0.048598 0.934299 0.007785 0.008537
2 2 0.000256 0.030671 0.956967 0.006676 0.005431
2 2 0.000171 0.023977 0.962109 0.008530 0.005213
2 2 0.000161 0.022522 0.962130 0.009059 0.006128
2 2 0.000128 0.019175 0.965441 0.009926 0.005329
2 2 0.000105 0.017913 0.971110 0.006842 0.004029
2 2 0.000101 0.016520 0.973944 0.006186 0.003248
2 2 0.000078 0.014637 0.976875 0.005593 0.002817
2 2 0.000104 0.019079 0.969960 0.006064 0.004793
2 2 0.000098 0.020602 0.967542 0.005897 0.005862
2 2 0.000148 0.024956 0.960838 0.006937 0.007121
2 2 0.000292 0.027395 0.951266 0.011874 0.009173
2 2 0.000209 0.023385 0.960234 0.010150 0.006021
2 2 0.000222 0.030496 0.952076 0.007405 0.009800
2 2 0.000092 0.016500 0.965119 0.012510 0.005779
2 2 0.000149 0.020489 0.954994 0.014741 0.009628
2 2 0.000190 0.019811 0.950403 0.019138 0.010458
2 2 0.000295 0.025766 0.945738 0.015775 0.012425
2 2 0.000316 0.026477 0.947597 0.015078 0.010532
