0 0 0.999775 0.000196 0.000013 0.000000 0.000016
0 0 0.913191 0.035580 0.032096 0.005397 0.013737
0 0 0.920601 0.033153 0.031868 0.004661 0.009718
0 0 0.932548 0.030319 0.025061 0.003051 0.009021
0 0 0.891216 0.047575 0.044104 0.004529 0.012576
0 0 0.890859 0.047398 0.044901 0.004653 0.012190
0 0 0.896457 0.047364 0.038156 0.003610 0.014413
0 0 0.911890 0.040263 0.031354 0.003298 0.013195
0 0 0.928585 0.032905 0.023401 0.002716 0.012392
0 0 0.917885 0.037251 0.026076 0.003098 0.015690
0 0 0.904195 0.045693 0.027764 0.002436 0.019912
0 0 0.915691 0.042606 0.023811 0.001653 0.016239
0 0 0.905380 0.049750 0.029104 0.001503 0.014263
0 0 0.907913 0.048578 0.033209 0.001417 0.008883
0 0 0.913748 0.044242 0.030251 0.001693 0.010065
0 0 0.903678 0.046609 0.037897 0.002418 0.009397
0 0 0.948327 0.022762 0.023416 0.002236 0.003259
0 0 0.971007 0.012287 0.010964 0.002262 0.003480
0 0 0.973563 0.011382 0.008204 0.001914 0.004937
0 0 0.951457 0.023915 0.013729 0.001396 0.009503
0 0 0.952694 0.021532 0.018455 0.002239 0.005079
0 0 0.913662 0.039076 0.027138 0.003194 0.016930
0 0 0.934683 0.029745 0.018209 0.002347 0.015017
0 0 0.940922 0.028676 0.019008 0.001860 0.009533
0 0 0.952112 0.023194 0.017493 0.001676 0.005525
0 0 0.947088 0.026186 0.017808 0.001596 0.007323
0 0 0.939438 0.030650 0.022675 0.001444 0.005793
0 0 0.939182 0.032197 0.022440 0.001061 0.005120
0 0 0.930833 0.036590 0.024079 0.001219 0.007278
0 0 0.943605 0.029007 0.018592 0.001321 0.007474
0 0 0.910285 0.045672 0.030542 0.001826 0.011675
0 0 0.920974 0.038504 0.031508 0.002020 0.006994
0 0 0.926891 0.033918 0.028713 0.002650 0.007829
0 0 0.935396 0.029680 0.026213 0.002509 0.006202
0 0 0.932422 0.029759 0.029131 0.003004 0.005685
0 0 0.909351 0.040856 0.038564 0.003251 0.007978
0 0 0.909662 0.042428 0.037170 0.002656 0.008084
0 0 0.910449 0.041506 0.038787 0.002609 0.006649
0 0 0.910572 0.040708 0.037471 0.003112 0.008137
0 0 0.912790 0.041199 0.035794 0.002514 0.007703
0 0 0.934120 0.032935 0.025489 0.001587 0.005870
0 0 0.960577 0.020916 0.014448 0.000815 0.003244
0 0 0.962211 0.018126 0.011117 0.001429 0.007117
0 0 0.909453 0.040721 0.034134 0.003630 0.012061
0 0 0.890963 0.052247 0.031855 0.002570 0.022365
0 0 0.925843 0.032668 0.017202 0.002218 0.022069
0 0 0.961812 0.015560 0.012520 0.003109 0.007000
0 0 0.968398 0.009077 0.009927 0.007135 0.005462
0 0 0.967061 0.009483 0.006958 0.005135 0.011362
0 0 0.939389 0.014513 0.008643 0.006550 0.030906
0 0 0.860417 0.029640 0.013694 0.006660 0.089588
0 0 0.684967 0.052514 0.015883 0.004048 0.242589
4 1 0.398474 0.079563 0.015096 0.001564 0.505303
4 1 0.363971 0.088968 0.020721 0.002526 0.523814
4 1 0.418313 0.086674 0.023393 0.003601 0.468019
0 1 0.521435 0.082147 0.030166 0.007078 0.359173
0 1 0.676614 0.105115 0.052274 0.006876 0.159122
0 2 0.637353 0.134110 0.089788 0.010418 0.128331
0 2 0.639506 0.148907 0.090153 0.006765 0.114669
0 2 0.578005 0.186790 0.150562 0.008110 0.076533
2 2 0.056651 0.151703 0.759375 0.021496 0.010774
2 2 0.016497 0.075316 0.871839 0.033106 0.003242
2 2 0.009797 0.058607 0.895515 0.034151 0.001931
2 2 0.004024 0.044715 0.926617 0.023182 0.001463
2 2 0.001257 0.026833 0.951342 0.019928 0.000640
2 2 0.001212 0.025225 0.949785 0.023073 0.000705
2 2 0.000597 0.016526 0.950457 0.031991 0.000429
2 2 0.000766 0.017786 0.943341 0.037589 0.000519
2 2 0.001383 0.022697 0.937688 0.037544 0.000688
2 2 0.002492 0.027413 0.927265 0.041968 0.000862
2 2 0.057218 0.086974 0.780935 0.067978 0.006894
2 2 0.104043 0.102869 0.691496 0.088701 0.012891
2 2 0.043660 0.086611 0.765451 0.094592 0.009685
2 2 0.009527 0.047018 0.842962 0.096988 0.003506
2 2 0.001345 0.019981 0.894194 0.083503 0.000977
2 2 0.000603 0.013159 0.896817 0.088822 0.000598
2 2 0.000252 0.008698 0.906469 0.084309 0.000272
2 2 0.000361 0.010710 0.914003 0.074562 0.000365
2 2 0.000450 0.011196 0.887753 0.100111 0.000490
2 2 0.001103 0.012200 0.771972 0.213958 0.000767
2 2 0.001244 0.010757 0.644066 0.343049 0.000884
2 3 0.002857 0.014626 0.613490 0.367489 0.001539
3 3 0.003505 0.013704 0.490058 0.490578 0.002155
2 3 0.001251 0.008686 0.523988 0.465175 0.000900
3 3 0.001320 0.006560 0.394969 0.596403 0.000748
3 3 0.002542 0.007061 0.306776 0.682455 0.001166
3 3 0.003897 0.005639 0.194233 0.795118 0.001112
3 3 0.009463 0.009114 0.190784 0.787943 0.002697
3 3 0.018440 0.011960 0.211031 0.755291 0.003278
3 3 0.004280 0.007523 0.248009 0.738828 0.001360
3 3 0.000407 0.001011 0.077536 0.920870 0.000176
3 3 0.000693 0.001024 0.065015 0.933097 0.000171
3 3 0.001681 0.001752 0.066941 0.929186 0.000440
3 3 0.001771 0.001732 0.064750 0.931309 0.000438
3 3 0.003039 0.001919 0.059229 0.935276 0.000537
3 3 0.008087 0.004464 0.100883 0.884875 0.001691
3 3 0.015998 0.009007 0.135149 0.834872 0.004973
3 3 0.006865 0.004028 0.084832 0.902708 0.001566
3 3 0.009055 0.004359 0.079443 0.905334 0.001808
3 3 0.001832 0.002364 0.086581 0.908574 0.000649
3 3 0.001914 0.001914 0.062754 0.932917 0.000502
3 3 0.000722 0.001178 0.055170 0.942696 0.000234
3 3 0.000860 0.001580 0.069533 0.927680 0.000346
3 3 0.003099 0.002507 0.070177 0.923457 0.000760
3 3 0.003602 0.002628 0.080452 0.912490 0.000827
3 3 0.004131 0.002413 0.066845 0.925850 0.000760
3 3 0.002908 0.002397 0.072101 0.921884 0.000711
3 3 0.002994 0.002323 0.061397 0.932599 0.000687
3 3 0.003665 0.001841 0.045052 0.948909 0.000533
3 3 0.004807 0.001839 0.042059 0.950738 0.000557
3 3 0.001080 0.000685 0.028454 0.969653 0.000128
3 3 0.003498 0.000941 0.028868 0.966463 0.000231
3 2 0.009712 0.001644 0.038657 0.949440 0.000547
3 2 0.062287 0.007047 0.105727 0.823567 0.001371
3 2 0.081003 0.024472 0.296858 0.594161 0.003506
2 2 0.120461 0.056696 0.464507 0.347093 0.011243
3 3 0.002505 0.009800 0.401333 0.584977 0.001385
3 3 0.002340 0.006719 0.246204 0.743586 0.001152
3 3 0.001441 0.003613 0.161923 0.832292 0.000731
3 3 0.001601 0.002479 0.127395 0.868100 0.000426
3 3 0.001703 0.001111 0.054229 0.942785 0.000172
3 3 0.002041 0.001595 0.085769 0.910401 0.000193
3 3 0.001531 0.001041 0.045209 0.951992 0.000227
3 3 0.001725 0.000862 0.032325 0.964905 0.000184
3 3 0.002617 0.000994 0.029567 0.966586 0.000236
3 3 0.004800 0.001264 0.032147 0.961438 0.000351
3 3 0.010756 0.002561 0.056620 0.929444 0.000619
3 3 0.010641 0.004973 0.140065 0.843680 0.000641
3 3 0.011771 0.008920 0.209132 0.768649 0.001527
3 3 0.004427 0.007435 0.246386 0.740383 0.001369
3 3 0.002586 0.003773 0.135090 0.857500 0.001051
3 3 0.002102 0.002050 0.073731 0.921563 0.000555
3 3 0.002120 0.001389 0.047450 0.948698 0.000343
3 3 0.003551 0.002124 0.054147 0.939546 0.000633
3 3 0.003559 0.002795 0.074901 0.917855 0.000890
3 3 0.002626 0.002282 0.066178 0.928256 0.000658
3 3 0.001720 0.001316 0.047243 0.949412 0.000310
3 3 0.001953 0.001251 0.040187 0.956311 0.000298
3 3 0.002332 0.001153 0.034666 0.961573 0.000277
3 3 0.002779 0.001091 0.031079 0.964784 0.000267
3 3 0.003278 0.001124 0.026491 0.968822 0.000285
3 3 0.001323 0.000819 0.027497 0.970195 0.000166
3 3 0.001400 0.000633 0.020473 0.977372 0.000122
3 3 0.001328 0.000781 0.031590 0.966144 0.000156
3 3 0.003583 0.001096 0.030757 0.964285 0.000280
3 3 0.008304 0.001963 0.039264 0.949913 0.000556
3 3 0.005424 0.001954 0.041144 0.950864 0.000613
3 3 0.009209 0.004792 0.080343 0.903615 0.002040
3 3 0.003389 0.002154 0.052700 0.941118 0.000639
3 3 0.003506 0.002247 0.051260 0.942310 0.000677
3 3 0.001203 0.000862 0.036590 0.961172 0.000173
3 3 0.000956 0.000572 0.025700 0.972672 0.000101
3 3 0.001635 0.000940 0.031093 0.966128 0.000203
3 3 0.001366 0.000589 0.021013 0.976921 0.000111
3 3 0.002169 0.000781 0.023926 0.972955 0.000170
3 3 0.002552 0.000987 0.028580 0.967647 0.000233
3 3 0.000897 0.000497 0.022750 0.975773 0.000084
3 3 0.001752 0.000561 0.019188 0.978390 0.000109
3 3 0.002662 0.000598 0.017512 0.979101 0.000127
3 3 0.004880 0.000825 0.017768 0.976317 0.000209
3 3 0.004177 0.000584 0.013581 0.981525 0.000133
3 3 0.006563 0.001389 0.026730 0.964901 0.000416
3 3 0.003260 0.001569 0.036637 0.958105 0.000429
3 3 0.004187 0.000987 0.020072 0.974499 0.000254
3 3 0.004889 0.001314 0.025763 0.967664 0.000370
3 3 0.006476 0.001650 0.029381 0.961980 0.000513
3 3 0.005256 0.001368 0.029422 0.963561 0.000393
3 3 0.001996 0.000879 0.028853 0.968079 0.000194
3 3 0.002408 0.001084 0.033867 0.962382 0.000258
3 3 0.001389 0.000859 0.032580 0.964996 0.000177
3 3 0.002079 0.001067 0.033249 0.963358 0.000247
3 3 0.001730 0.000975 0.030714 0.966367 0.000215
3 3 0.003463 0.001846 0.041509 0.952653 0.000530
3 3 0.003610 0.001509 0.030087 0.964378 0.000417
3 3 0.006868 0.001817 0.025757 0.964971 0.000585
3 3 0.005004 0.001334 0.021202 0.972080 0.000379
3 3 0.004112 0.001280 0.020850 0.973409 0.000349
3 3 0.008337 0.002589 0.033497 0.954642 0.000935
3 3 0.004176 0.001573 0.027517 0.966284 0.000450
3 3 0.011311 0.002645 0.034685 0.950348 0.001011
3 3 0.004030 0.001822 0.051931 0.941683 0.000535
3 3 0.004037 0.001817 0.040927 0.952687 0.000533
3 3 0.002570 0.001053 0.026471 0.969653 0.000253
3 3 0.003867 0.001569 0.032694 0.961428 0.000442
3 3 0.002892 0.001013 0.024757 0.971093 0.000246
3 3 0.002762 0.001442 0.035788 0.959632 0.000376
3 3 0.003693 0.002015 0.039567 0.954129 0.000597
3 3 0.002516 0.001297 0.031985 0.963878 0.000325
3 3 0.001198 0.000774 0.026402 0.971474 0.000152
3 3 0.001358 0.000984 0.034115 0.963335 0.000208
3 3 0.002183 0.001145 0.031091 0.965309 0.000272
3 3 0.003110 0.001048 0.022283 0.973299 0.000260
3 3 0.003685 0.001335 0.026597 0.968023 0.000360
3 3 0.001381 0.000812 0.022379 0.975263 0.000165
3 3 0.001841 0.001006 0.023841 0.973086 0.000226
3 3 0.002784 0.001647 0.034669 0.960456 0.000444
3 3 0.001754 0.000995 0.025919 0.971111 0.000221
3 3 0.001111 0.000960 0.031155 0.966578 0.000196
3 3 0.000829 0.000856 0.025911 0.972242 0.000162
3 3 0.000700 0.000579 0.020622 0.978003 0.000097
3 3 0.000658 0.000313 0.011349 0.987635 0.000045
3 3 0.003047 0.001097 0.023448 0.972134 0.000274
3 3 0.002888 0.001929 0.052675 0.941966 0.000542
3 2 0.002584 0.004571 0.135105 0.856166 0.001573
3 2 0.002534 0.008184 0.228782 0.757162 0.003338
2 2 0.001929 0.023781 0.629748 0.331308 0.013233
2 2 0.001173 0.038194 0.778514 0.146123 0.035996
2 2 0.000613 0.030306 0.830599 0.111615 0.026867
2 2 0.000473 0.029951 0.871153 0.068383 0.030039
2 2 0.000236 0.022750 0.903415 0.052495 0.021104
2 2 0.000120 0.014917 0.889803 0.085746 0.009415
2 2 0.000080 0.011494 0.865256 0.117503 0.005666
2 2 0.000088 0.011832 0.857077 0.125180 0.005822
2 2 0.000241 0.021295 0.885249 0.076021 0.017194
2 2 0.000470 0.029604 0.870713 0.069282 0.029931
2 2 0.002680 0.068782 0.763838 0.055855 0.108844
2 2 0.004382 0.090327 0.687544 0.035191 0.182555
2 2 0.006192 0.109239 0.588556 0.020065 0.275948
2 2 0.005027 0.101367 0.627650 0.020886 0.245071
2 2 0.004657 0.099632 0.635897 0.019783 0.240032
2 2 0.004148 0.099506 0.635482 0.015627 0.245237
4 2 0.011974 0.137105 0.411425 0.011867 0.427628
4 2 0.019534 0.147776 0.320183 0.012050 0.500457
4 2 0.015546 0.142670 0.370932 0.013032 0.457820
2 2 0.011693 0.132391 0.453869 0.017051 0.384996
2 2 0.007695 0.116482 0.550528 0.020308 0.304988
2 2 0.003525 0.087429 0.700027 0.025979 0.183041
2 2 0.001769 0.058276 0.801901 0.053547 0.084507
2 2 0.001142 0.043690 0.824334 0.079546 0.051288
2 2 0.000300 0.022073 0.856950 0.104136 0.016542
2 2 0.000099 0.012836 0.866958 0.113285 0.006822
2 2 0.000075 0.010991 0.859739 0.123999 0.005195
2 2 0.000080 0.012583 0.901893 0.078045 0.007399
2 2 0.000146 0.017287 0.903600 0.066074 0.012893
2 2 0.000303 0.024726 0.890638 0.060969 0.023365
2 2 0.000209 0.020139 0.891474 0.072190 0.015987
2 2 0.000108 0.014108 0.887885 0.089390 0.008509
2 2 0.000091 0.012775 0.884542 0.095465 0.007127
2 2 0.000080 0.012324 0.896361 0.084242 0.006993
2 2 0.000117 0.014493 0.883907 0.092700 0.008783
2 2 0.000116 0.015560 0.908815 0.064520 0.010990
2 2 0.000070 0.011786 0.903260 0.078217 0.006666
2 2 0.000168 0.018168 0.896345 0.071718 0.013601
2 2 0.000226 0.021084 0.892592 0.068628 0.017470
2 2 0.000142 0.015570 0.872423 0.102314 0.009551
2 2 0.000077 0.013277 0.923751 0.053851 0.009044
2 2 0.000063 0.012147 0.928959 0.050832 0.007999
2 2 0.000056 0.011371 0.926501 0.055046 0.007026
2 2 0.000055 0.011027 0.921894 0.060528 0.006496
2 2 0.000077 0.012651 0.910161 0.069371 0.007739
2 2 0.000057 0.010473 0.897507 0.086604 0.005359
2 2 0.000038 0.008247 0.882967 0.105286 0.003462
2 2 0.000027 0.006648 0.860107 0.130910 0.002309
2 2 0.000032 0.006942 0.842102 0.148540 0.002384
2 2 0.000056 0.009743 0.872043 0.113755 0.004404
2 2 0.000054 0.009547 0.869742 0.116422 0.004235
2 2 0.000057 0.009644 0.861853 0.124223 0.004222
2 2 0.000131 0.015033 0.875034 0.100726 0.009076
2 2 0.000089 0.012293 0.872522 0.108646 0.006450
2 2 0.000044 0.008970 0.889250 0.097693 0.004044
2 2 0.000020 0.006189 0.896559 0.094965 0.002268
2 2 0.000016 0.005417 0.892275 0.100672 0.001620
2 2 0.000042 0.008136 0.852860 0.135818 0.003144
2 2 0.000040 0.007992 0.858146 0.130733 0.003090
2 2 0.000050 0.007719 0.834325 0.155258 0.002649
2 2 0.000076 0.008639 0.770976 0.217185 0.003125
2 2 0.000038 0.006494 0.786603 0.204858 0.002006
2 2 0.000026 0.005664 0.780265 0.212476 0.001569
2 2 0.000307 0.009490 0.757714 0.230981 0.001508
2 1 0.003448 0.030872 0.808566 0.149935 0.007180
2 2 0.000146 0.015001 0.910147 0.071328 0.003378
2 2 0.000177 0.015632 0.900579 0.080178 0.003435
2 2 0.000271 0.023515 0.922120 0.046164 0.007931
2 2 0.000552 0.029033 0.873070 0.083022 0.014323
2 2 0.001549 0.042196 0.825124 0.105183 0.025949
2 2 0.000436 0.021644 0.867493 0.104225 0.006202
2 2 0.000298 0.019009 0.874962 0.099566 0.006165
2 2 0.000375 0.016125 0.827517 0.151167 0.004816
2 2 0.000080 0.007468 0.843415 0.147819 0.001218
2 2 0.000142 0.007156 0.785520 0.206185 0.000997
2 2 0.000104 0.006295 0.794703 0.198025 0.000873
2 2 0.000127 0.004002 0.524092 0.471245 0.000535
3 2 0.000168 0.003108 0.319811 0.676298 0.000615
3 2 0.000219 0.004525 0.395455 0.598645 0.001155
3 2 0.000265 0.004560 0.360010 0.634057 0.001108
2 2 0.016754 0.035654 0.678358 0.260050 0.009184
2 2 0.220242 0.095132 0.450912 0.198065 0.035649
0 1 0.490537 0.154437 0.252944 0.041968 0.060114
2 2 0.255331 0.256268 0.299490 0.027702 0.161209
2 2 0.056014 0.126236 0.660065 0.125824 0.031860
2 2 0.000233 0.015669 0.742337 0.234109 0.007651
2 2 0.000236 0.014263 0.711364 0.267649 0.006489
2 2 0.000226 0.012789 0.705621 0.275798 0.005566
2 2 0.000173 0.011875 0.790006 0.194080 0.003865
2 2 0.000191 0.008220 0.605355 0.383773 0.002461
3 2 0.000107 0.004414 0.456583 0.537863 0.001033
3 2 0.000083 0.004027 0.491305 0.503680 0.000905
2 2 0.000083 0.005277 0.583739 0.409540 0.001362
2 3 0.000112 0.005693 0.569075 0.423565 0.001555
2 3 0.000100 0.005180 0.549722 0.443665 0.001333
3 3 0.002332 0.012569 0.393225 0.585772 0.006101
3 3 0.009247 0.022034 0.457725 0.502252 0.008742
2 3 0.047054 0.046065 0.542840 0.352753 0.011289
2 1 0.019126 0.053778 0.694201 0.222107 0.010788
2 2 0.007122 0.043232 0.819446 0.125304 0.004896
2 2 0.000197 0.012775 0.804911 0.178875 0.003241
2 2 0.000311 0.015914 0.800762 0.177626 0.005388
2 2 0.000178 0.010258 0.785335 0.202235 0.001994
2 2 0.000389 0.010009 0.722703 0.265501 0.001399
2 2 0.001139 0.012816 0.576995 0.405365 0.003685
3 2 0.003417 0.013546 0.372132 0.605295 0.005609
3 2 0.003018 0.005156 0.138131 0.851819 0.001876
3 2 0.002929 0.007738 0.205142 0.781030 0.003160
3 2 0.001678 0.007781 0.249188 0.738403 0.002951
3 2 0.009915 0.013038 0.207039 0.762566 0.007443
3 2 0.010669 0.013521 0.220924 0.747980 0.006905
3 1 0.017374 0.022488 0.284937 0.665755 0.009445
2 2 0.010194 0.034756 0.626217 0.320680 0.008153
2 2 0.002791 0.012234 0.602882 0.381110 0.000982
2 2 0.000362 0.005177 0.599920 0.394208 0.000334
2 2 0.000741 0.008676 0.691005 0.299034 0.000545
2 2 0.001152 0.009938 0.590745 0.397129 0.001036
2 2 0.001159 0.014853 0.737574 0.244663 0.001752
2 2 0.012719 0.029164 0.709112 0.245885 0.003120
2 1 0.045936 0.043020 0.620372 0.285066 0.005607
2 2 0.266714 0.092703 0.440948 0.182355 0.017282
2 2 0.077671 0.077513 0.637150 0.195874 0.011792
2 2 0.016419 0.027922 0.589500 0.363649 0.002509
2 2 0.001286 0.010104 0.568856 0.418878 0.000877
2 2 0.001493 0.013428 0.622098 0.361375 0.001606
0 1 0.941205 0.023934 0.016848 0.003633 0.014380
0 2 0.761080 0.097949 0.087380 0.009514 0.044077
0 1 0.712827 0.118463 0.120725 0.010185 0.037800
0 1 0.410258 0.182296 0.334965 0.028616 0.043866
2 1 0.275753 0.161244 0.498207 0.040512 0.024284
2 2 0.122003 0.125035 0.692134 0.051039 0.009790
0 2 0.577510 0.142064 0.188703 0.028596 0.063127
0 2 0.507154 0.165555 0.240671 0.028852 0.057768
0 1 0.607949 0.141649 0.154983 0.020844 0.074575
0 2 0.686456 0.097548 0.097664 0.026156 0.092176
0 2 0.443108 0.183714 0.177659 0.026218 0.169301
0 1 0.463598 0.255290 0.187089 0.005621 0.088402
0 2 0.477339 0.278411 0.186759 0.002652 0.054840
1 1 0.286738 0.318377 0.259938 0.007714 0.127234
1 1 0.299467 0.333400 0.226838 0.005059 0.135236
1 1 0.323292 0.336885 0.195327 0.003568 0.140928
1 1 0.226846 0.364847 0.294616 0.005310 0.108383
2 2 0.255500 0.324428 0.327222 0.008324 0.084526
2 2 0.040041 0.173322 0.744434 0.016392 0.025812
2 2 0.050574 0.165522 0.737533 0.021485 0.024886
2 2 0.034636 0.138054 0.783699 0.025161 0.018450
2 2 0.023091 0.109476 0.827036 0.028917 0.011480
2 2 0.015280 0.097118 0.855785 0.023488 0.008330
2 2 0.015507 0.083576 0.860855 0.034516 0.005546
2 2 0.018272 0.095363 0.845742 0.033427 0.007196
2 2 0.260115 0.243386 0.434539 0.017138 0.044822
2 2 0.334258 0.246722 0.369394 0.013094 0.036533
2 2 0.302457 0.274336 0.379473 0.009093 0.034641
2 2 0.259156 0.297944 0.395472 0.008240 0.039188
2 2 0.049331 0.157177 0.756577 0.022497 0.014419
0 2 0.357154 0.264312 0.325893 0.009306 0.043335
2 2 0.147940 0.218000 0.583868 0.020394 0.029799
2 2 0.045907 0.129945 0.781440 0.032278 0.010430
2 2 0.020898 0.085724 0.842290 0.045497 0.005591
2 2 0.089246 0.160123 0.697168 0.034615 0.018848
2 2 0.187463 0.199378 0.572816 0.018846 0.021498
0 2 0.432913 0.197250 0.337068 0.012732 0.020038
0 2 0.402159 0.223606 0.341021 0.009951 0.023262
0 2 0.486866 0.239090 0.219521 0.005863 0.048661
2 1 0.342585 0.250471 0.367577 0.009984 0.029383
0 1 0.446639 0.223373 0.286441 0.009710 0.033837
0 2 0.570304 0.185012 0.184912 0.009336 0.050437
0 2 0.708344 0.120050 0.118185 0.010485 0.042935
0 0 0.691460 0.138229 0.100294 0.006439 0.063579
0 1 0.561532 0.216980 0.123837 0.003675 0.093978
0 2 0.398050 0.291863 0.218065 0.005056 0.086966
2 2 0.280119 0.303848 0.315876 0.010359 0.089798
2 2 0.242019 0.290581 0.387961 0.013629 0.065809
0 2 0.360029 0.240655 0.317883 0.017482 0.063952
0 2 0.442454 0.214716 0.245307 0.017506 0.080017
0 1 0.437967 0.209713 0.203286 0.018783 0.130250
2 2 0.277861 0.276073 0.363174 0.015127 0.067764
2 2 0.135382 0.274900 0.534366 0.011686 0.043666
2 2 0.042074 0.211662 0.694460 0.010589 0.041215
0 0 0.398918 0.220300 0.289709 0.020868 0.070205
0 0 0.482792 0.186343 0.239779 0.022817 0.068269
0 1 0.410307 0.244630 0.215954 0.011824 0.117285
0 2 0.386138 0.293218 0.216415 0.005481 0.098749
0 2 0.519048 0.241365 0.161840 0.004009 0.073739
0 0 0.511416 0.196145 0.221858 0.013533 0.057048
0 1 0.474756 0.251266 0.142915 0.004241 0.126823
0 2 0.462720 0.228925 0.193096 0.010254 0.105006
2 2 0.263196 0.299774 0.354049 0.011270 0.071712
2 1 0.120073 0.237774 0.585994 0.016416 0.039743
2 2 0.005185 0.068208 0.901321 0.019475 0.005812
2 2 0.000951 0.030106 0.950741 0.016942 0.001259
2 2 0.000698 0.023786 0.947750 0.026724 0.001042
2 2 0.000728 0.026111 0.942560 0.029071 0.001530
2 2 0.000330 0.019300 0.921784 0.057064 0.001522
2 2 0.000503 0.031517 0.920181 0.041201 0.006598
2 2 0.001547 0.046516 0.792252 0.105196 0.054489
2 2 0.011322 0.124955 0.522016 0.031684 0.310023
4 2 0.025330 0.151558 0.236233 0.007949 0.578930
4 4 0.020843 0.149800 0.263622 0.007568 0.558167
4 4 0.025318 0.151213 0.223951 0.006895 0.592624
4 4 0.026480 0.151286 0.213842 0.006631 0.601760
4 4 0.033401 0.151220 0.176638 0.006269 0.632473
4 4 0.035458 0.150541 0.163836 0.005842 0.644325
4 4 0.045852 0.147512 0.125950 0.005132 0.675554
4 4 0.078800 0.134125 0.065525 0.003617 0.717932
4 4 0.130694 0.114314 0.031036 0.002338 0.721618
4 4 0.105916 0.123329 0.043159 0.002851 0.724745
4 4 0.083165 0.136857 0.071359 0.004752 0.703868
4 4 0.042795 0.151136 0.153636 0.007081 0.645352
4 4 0.015012 0.143180 0.359567 0.010956 0.471285
4 4 0.014022 0.141627 0.373110 0.011014 0.460228
4 4 0.017221 0.145540 0.341404 0.011803 0.484032
4 4 0.037664 0.150816 0.160967 0.006252 0.644300
4 4 0.030107 0.151101 0.188129 0.006058 0.624605
4 4 0.040364 0.148213 0.136971 0.004902 0.669550
4 4 0.030880 0.149495 0.167503 0.004801 0.647321
4 4 0.041576 0.146077 0.123300 0.004102 0.684945
4 4 0.037265 0.148125 0.141506 0.004565 0.668539
4 4 0.038551 0.150340 0.155068 0.005979 0.650062
4 4 0.041049 0.150143 0.148922 0.006106 0.653780
4 4 0.061548 0.140710 0.087744 0.004097 0.705900
4 4 0.070237 0.135169 0.069679 0.003290 0.721625
4 4 0.146895 0.108205 0.024882 0.001978 0.718040
4 4 0.151727 0.101773 0.017981 0.001135 0.727383
4 4 0.152838 0.089116 0.010941 0.000476 0.746628
4 4 0.150559 0.087141 0.010630 0.000448 0.751222
4 4 0.148091 0.100797 0.018866 0.001216 0.731029
4 4 0.074036 0.136717 0.072676 0.003950 0.712621
4 4 0.084036 0.128910 0.054083 0.002809 0.730162
4 4 0.081097 0.130974 0.058442 0.003051 0.726437
4 4 0.053016 0.141410 0.094137 0.003599 0.707838
4 4 0.055072 0.146761 0.114330 0.005821 0.678015
4 4 0.095536 0.128475 0.052181 0.003353 0.720456
4 4 0.077875 0.133922 0.065220 0.003504 0.719479
4 4 0.047017 0.147772 0.126128 0.005389 0.673694
4 4 0.099650 0.126878 0.049118 0.003240 0.721114
4 4 0.147351 0.105643 0.022639 0.001675 0.722692
4 4 0.148387 0.098536 0.017295 0.001044 0.734737
4 4 0.147736 0.103244 0.020699 0.001431 0.726890
4 4 0.147489 0.104807 0.021946 0.001586 0.724171
4 4 0.144444 0.109806 0.026371 0.002125 0.717253
4 4 0.127733 0.114176 0.030910 0.002215 0.724966
4 4 0.061361 0.138559 0.081273 0.003485 0.715323
4 4 0.043251 0.145854 0.120235 0.004171 0.686489
4 4 0.069352 0.132625 0.063999 0.002716 0.731308
4 4 0.033216 0.149725 0.162551 0.005099 0.649409
4 4 0.076643 0.134173 0.066009 0.003482 0.719693
4 4 0.134548 0.115701 0.032583 0.002716 0.714452
4 4 0.147593 0.104164 0.021426 0.001521 0.725296
4 4 0.148836 0.094559 0.014791 0.000794 0.741020
4 4 0.146166 0.111834 0.028389 0.002496 0.711116
4 4 0.144500 0.118612 0.036160 0.003831 0.696897
4 4 0.274021 0.113197 0.042269 0.007328 0.563185
0 1 0.416955 0.200762 0.132455 0.012519 0.237309
2 2 0.063140 0.301723 0.526145 0.008054 0.100939
2 2 0.005359 0.119181 0.789627 0.010599 0.075233
2 2 0.001799 0.064589 0.837618 0.026451 0.069543
2 2 0.001711 0.058849 0.824421 0.042395 0.072623
2 2 0.001248 0.047480 0.830032 0.060321 0.060919
2 2 0.001055 0.043546 0.856043 0.059703 0.039653
2 2 0.002185 0.065105 0.816714 0.039702 0.076294
2 2 0.004226 0.089967 0.796048 0.031508 0.078250
2 2 0.023387 0.157701 0.727916 0.016676 0.074320
2 1 0.238053 0.248546 0.360680 0.019845 0.132876
2 2 0.102357 0.235856 0.564744 0.019513 0.077530
2 2 0.004286 0.077263 0.894890 0.014015 0.009546
2 2 0.000073 0.013506 0.952209 0.031130 0.003082
2 2 0.000062 0.011740 0.934383 0.049843 0.003973
2 2 0.000189 0.021724 0.930689 0.033317 0.014080
2 2 0.000170 0.019538 0.926297 0.044339 0.009656
2 2 0.000198 0.022225 0.944110 0.026876 0.006590
2 2 0.000065 0.013055 0.952221 0.030353 0.004305
2 2 0.000075 0.012363 0.920464 0.063115 0.003983
2 2 0.000091 0.013103 0.898671 0.081735 0.006400
2 2 0.000059 0.010277 0.882586 0.102130 0.004948
2 2 0.000053 0.010498 0.916483 0.068454 0.004512
2 2 0.000099 0.013044 0.875721 0.103957 0.007180
2 2 0.000120 0.014317 0.873316 0.103926 0.008322
2 2 0.000236 0.019395 0.855284 0.111906 0.013180
2 2 0.000077 0.011552 0.881235 0.102095 0.005041
2 2 0.000127 0.014509 0.866163 0.110863 0.008338
2 2 0.000094 0.012946 0.881998 0.097733 0.007228
2 2 0.000084 0.012450 0.889412 0.091115 0.006939
2 2 0.000065 0.010817 0.888121 0.096097 0.004900
2 2 0.000047 0.009169 0.884666 0.101985 0.004133
2 2 0.000026 0.006343 0.845902 0.145650 0.002078
2 2 0.000016 0.004782 0.825786 0.168140 0.001277
2 2 0.000016 0.004827 0.820598 0.173274 0.001286
2 2 0.000033 0.007513 0.883306 0.107019 0.002130
2 2 0.000044 0.008228 0.866559 0.122839 0.002330
2 2 0.000056 0.007415 0.823962 0.166921 0.001646
2 2 0.000052 0.005880 0.735121 0.257517 0.001430
2 2 0.000053 0.007477 0.807557 0.182448 0.002465
2 2 0.000076 0.008328 0.748505 0.240213 0.002878
2 2 0.000213 0.009519 0.593503 0.393411 0.003354
2 2 0.000227 0.009181 0.568210 0.419216 0.003166
3 2 0.000337 0.006538 0.408454 0.582696 0.001975
2 2 0.000113 0.005648 0.516716 0.476047 0.001476
3 2 0.000104 0.004597 0.434405 0.559829 0.001066
3 3 0.000099 0.003391 0.328023 0.667805 0.000682
3 3 0.000641 0.005261 0.252758 0.739791 0.001549
3 3 0.000637 0.003763 0.190530 0.804074 0.000996
3 3 0.001018 0.004292 0.170112 0.823319 0.001259
3 3 0.000456 0.004263 0.226296 0.767870 0.001115
3 3 0.000175 0.001991 0.173403 0.824067 0.000363
3 3 0.000689 0.005138 0.192020 0.800669 0.001485
3 3 0.000668 0.003507 0.146331 0.848587 0.000907
3 3 0.000813 0.003231 0.132188 0.862924 0.000843
3 3 0.001890 0.006519 0.198117 0.791107 0.002367
3 3 0.002308 0.006091 0.170805 0.818568 0.002228
3 3 0.001926 0.004439 0.122262 0.869934 0.001439
3 3 0.001390 0.003926 0.121781 0.871734 0.001170
3 3 0.001470 0.004956 0.140449 0.851541 0.001584
3 3 0.002635 0.006608 0.146237 0.842019 0.002500
3 3 0.001414 0.004867 0.148878 0.843297 0.001543
3 3 0.000423 0.001358 0.081771 0.916192 0.000256
3 3 0.000243 0.001685 0.118853 0.878912 0.000307
3 3 0.000610 0.002116 0.094498 0.902305 0.000471
3 3 0.001269 0.004469 0.144205 0.848695 0.001362
3 3 0.001360 0.002062 0.060449 0.935609 0.000519
3 3 0.001029 0.002733 0.087854 0.907678 0.000705
3 3 0.000383 0.001410 0.074904 0.923040 0.000263
3 3 0.000214 0.000750 0.061762 0.937164 0.000109
3 3 0.000522 0.001480 0.085307 0.912396 0.000295
3 3 0.000698 0.002801 0.131436 0.864376 0.000689
3 3 0.000350 0.001320 0.074835 0.923256 0.000239
3 3 0.000265 0.000874 0.051019 0.947705 0.000137
3 3 0.000634 0.001859 0.079496 0.917608 0.000403
3 3 0.000208 0.001000 0.071269 0.927367 0.000155
3 3 0.000230 0.001085 0.074027 0.924482 0.000175
3 3 0.000352 0.001608 0.086754 0.910981 0.000306
3 3 0.000551 0.003345 0.146161 0.849114 0.000828
3 3 0.000666 0.001702 0.068988 0.928280 0.000364
3 3 0.002316 0.002879 0.073104 0.920842 0.000859
3 3 0.002233 0.001501 0.035144 0.960741 0.000381
3 3 0.007772 0.007322 0.126812 0.854706 0.003388
3 3 0.007727 0.005557 0.089004 0.895330 0.002382
3 3 0.008119 0.007775 0.113980 0.866462 0.003665
3 3 0.005483 0.005640 0.093830 0.892754 0.002292
3 3 0.004719 0.003151 0.059355 0.931694 0.001081
3 3 0.003488 0.001423 0.030835 0.963869 0.000385
3 3 0.007767 0.002524 0.037403 0.951412 0.000895
3 3 0.012698 0.005365 0.059778 0.919685 0.002473
3 3 0.012355 0.005910 0.073965 0.904990 0.002779
3 3 0.004297 0.005157 0.103481 0.885092 0.001973
3 3 0.003880 0.005351 0.101480 0.887259 0.002029
3 3 0.004809 0.005179 0.096506 0.891488 0.002018
3 3 0.004367 0.003880 0.086754 0.903613 0.001386
3 3 0.005803 0.005154 0.098902 0.888070 0.002072
3 3 0.007154 0.004818 0.078291 0.907771 0.001967
3 3 0.007288 0.004531 0.068459 0.917896 0.001826
3 3 0.002145 0.003023 0.072053 0.921878 0.000901
3 3 0.002406 0.002646 0.067130 0.927040 0.000778
3 3 0.000523 0.000973 0.041157 0.957173 0.000175
3 3 0.001447 0.001088 0.030374 0.966853 0.000239
3 3 0.000612 0.000748 0.028440 0.970071 0.000130
3 3 0.001193 0.001664 0.045801 0.950952 0.000390
3 3 0.001168 0.002456 0.068206 0.927541 0.000629
3 3 0.002688 0.006311 0.126834 0.861812 0.002356
3 3 0.006347 0.011191 0.157720 0.819142 0.005599
3 3 0.006178 0.007562 0.092641 0.890255 0.003364
3 3 0.006724 0.008927 0.120011 0.860119 0.004220
3 3 0.002016 0.005958 0.142563 0.847364 0.002100
3 3 0.001235 0.006863 0.230892 0.758630 0.002380
3 3 0.001232 0.010271 0.358491 0.626143 0.003864
2 3 0.000346 0.006702 0.552513 0.439587 0.000853
2 3 0.000315 0.006866 0.627886 0.364096 0.000837
2 3 0.000438 0.007722 0.604440 0.386403 0.000996
2 3 0.001294 0.019252 0.825779 0.151224 0.002450
2 3 0.000578 0.019191 0.900538 0.077779 0.001914
2 3 0.000503 0.017542 0.915694 0.064954 0.001306
2 3 0.000180 0.012706 0.903896 0.081532 0.001687
2 2 0.000220 0.011509 0.863099 0.123848 0.001324
2 2 0.000232 0.011208 0.831436 0.155439 0.001685
2 2 0.000195 0.012008 0.864044 0.121626 0.002126
2 2 0.000157 0.008172 0.811553 0.179274 0.000844
2 2 0.000510 0.011171 0.624130 0.361514 0.002675
2 2 0.000795 0.018874 0.719455 0.252103 0.008774
2 2 0.000771 0.019301 0.806299 0.169102 0.004526
2 2 0.001038 0.021737 0.774908 0.197748 0.004568
2 2 0.000385 0.017837 0.888472 0.090617 0.002689
2 2 0.000619 0.014974 0.751333 0.230073 0.003000
2 2 0.001387 0.012582 0.518902 0.463918 0.003212
2 2 0.001993 0.026200 0.683391 0.277045 0.011371
2 2 0.001007 0.023724 0.810398 0.159384 0.005487
2 2 0.000307 0.016480 0.871523 0.108690 0.003000
2 2 0.000100 0.010571 0.905850 0.082041 0.001438
2 2 0.000287 0.016019 0.847051 0.132415 0.004228
2 2 0.000407 0.013647 0.747573 0.234116 0.004256
2 2 0.000432 0.013850 0.743267 0.238318 0.004133
2 2 0.009489 0.032839 0.700773 0.249692 0.007208
2 0 0.254952 0.110541 0.481969 0.126053 0.026484
0 1 0.578371 0.117055 0.231014 0.042913 0.030647
0 2 0.518625 0.230272 0.215139 0.004174 0.031791
0 2 0.358101 0.256931 0.350257 0.007625 0.027086
2 2 0.000072 0.012613 0.934572 0.048721 0.004023
2 2 0.000039 0.010269 0.958183 0.028775 0.002734
2 2 0.000059 0.009892 0.933062 0.055369 0.001617
2 2 0.000324 0.017714 0.898245 0.079613 0.004104
2 2 0.000222 0.020415 0.914714 0.057924 0.006725
2 2 0.000151 0.014020 0.918283 0.064972 0.002574
2 2 0.000095 0.013928 0.919465 0.061488 0.005024
2 2 0.000083 0.012791 0.912656 0.069571 0.004900
2 2 0.000077 0.011621 0.880351 0.101936 0.006015
2 2 0.000077 0.012911 0.921890 0.058462 0.006661
2 2 0.000076 0.012424 0.909140 0.071547 0.006813
2 2 0.000040 0.008774 0.901153 0.086576 0.003456
2 2 0.000041 0.009916 0.932254 0.052030 0.005758
2 2 0.000085 0.014540 0.931767 0.042336 0.011272
2 2 0.000212 0.022343 0.910641 0.045898 0.020906
2 2 0.000867 0.051609 0.840718 0.019091 0.087715
2 2 0.001116 0.057676 0.817823 0.018755 0.104631
2 2 0.001375 0.063008 0.799749 0.019632 0.116237
2 2 0.003344 0.096202 0.649207 0.012120 0.239128
2 2 0.004627 0.110064 0.575466 0.010025 0.299818
2 2 0.007868 0.128964 0.457654 0.008527 0.396988
2 2 0.007383 0.126793 0.472941 0.008757 0.384127
2 2 0.003514 0.099629 0.631020 0.010826 0.255012
4 2 0.022879 0.148271 0.331862 0.018233 0.478755
4 1 0.047055 0.161272 0.228288 0.019618 0.543766
4 2 0.214948 0.225387 0.134985 0.011726 0.412954
4 2 0.178379 0.287261 0.188334 0.008524 0.337502
2 2 0.066736 0.273908 0.369109 0.009165 0.281081
2 2 0.005763 0.102199 0.623071 0.026287 0.242679
2 2 0.005588 0.107831 0.594969 0.017597 0.274015
2 2 0.009755 0.131520 0.450689 0.011797 0.396239
2 2 0.010096 0.133663 0.432572 0.010600 0.413069
2 2 0.006472 0.119641 0.523643 0.011125 0.339120
2 2 0.007189 0.123126 0.502563 0.011016 0.356106
2 2 0.008220 0.129311 0.458075 0.009260 0.395134
2 2 0.008127 0.127360 0.475108 0.010630 0.378775
4 2 0.013327 0.141704 0.365096 0.009311 0.470563
2 2 0.007747 0.124822 0.493383 0.011576 0.362472
2 2 0.003634 0.094018 0.675199 0.019071 0.208078
2 2 0.002207 0.077959 0.740102 0.017853 0.161879
2 2 0.001022 0.053163 0.836617 0.025836 0.083362
2 2 0.000912 0.050031 0.846565 0.027314 0.075178
2 2 0.004464 0.097533 0.659051 0.023611 0.215341
4 2 0.084420 0.132754 0.061672 0.003659 0.717495
4 2 0.170670 0.109399 0.027158 0.002486 0.690288
4 1 0.267055 0.140473 0.015822 0.000280 0.576370
0 2 0.386379 0.224184 0.042199 0.000611 0.346627
4 2 0.077148 0.239893 0.306974 0.015898 0.360087
2 2 0.001797 0.069800 0.900304 0.009624 0.018476
2 2 0.001210 0.056972 0.918043 0.011160 0.012615
2 2 0.000555 0.039721 0.942658 0.010679 0.006387
2 2 0.000567 0.039137 0.938713 0.013646 0.007936
2 2 0.000567 0.037857 0.938683 0.015603 0.007290
2 2 0.000661 0.043091 0.935813 0.011406 0.009029
2 2 0.000663 0.043935 0.940650 0.008789 0.005962
2 2 0.000623 0.042775 0.942620 0.008525 0.005456
2 2 0.000572 0.041568 0.943331 0.008274 0.006256
2 2 0.000314 0.032066 0.954205 0.007746 0.005668
2 2 0.000242 0.027595 0.958469 0.009343 0.004351
2 2 0.000366 0.032723 0.950989 0.010796 0.005126
2 2 0.019422 0.140749 0.791241 0.014179 0.034409
2 2 0.035449 0.130442 0.781852 0.030434 0.021823
2 2 0.140659 0.212797 0.567929 0.033181 0.045435
2 1 0.097450 0.225584 0.618592 0.017690 0.040685
2 2 0.017016 0.126024 0.821316 0.016623 0.019020
2 2 0.000510 0.034777 0.950422 0.010765 0.003527
2 2 0.000357 0.033196 0.953774 0.008396 0.004276
2 2 0.000448 0.037391 0.948206 0.008046 0.005909
2 2 0.000125 0.019604 0.968939 0.009423 0.001909
2 2 0.000137 0.018322 0.967739 0.012163 0.001638
2 2 0.000113 0.017500 0.970380 0.010534 0.001472
2 2 0.000133 0.016818 0.964755 0.017029 0.001265
2 2 0.000102 0.016257 0.970074 0.012423 0.001144
2 2 0.000144 0.018991 0.964860 0.014341 0.001665
2 2 0.000137 0.017653 0.969327 0.011765 0.001117
2 2 0.000088 0.013434 0.971257 0.014479 0.000742
2 2 0.000129 0.016684 0.969611 0.012448 0.001129
2 2 0.000111 0.014921 0.966538 0.017214 0.001216
2 2 0.037182 0.127816 0.753323 0.039288 0.042391
2 1 0.274384 0.175323 0.390399 0.065780 0.094114
0 2 0.632080 0.135469 0.093913 0.011228 0.127310
0 1 0.766812 0.087950 0.088488 0.013564 0.043187
0 2 0.581419 0.157246 0.125094 0.013836 0.122405
2 2 0.292879 0.231220 0.304313 0.027589 0.143999
2 2 0.000477 0.030890 0.957958 0.008835 0.001840
2 2 0.000280 0.020404 0.967910 0.010865 0.000541
2 2 0.000645 0.032233 0.952997 0.012761 0.001364
2 2 0.000565 0.038295 0.948809 0.009575 0.002757
2 2 0.000483 0.032010 0.953902 0.011439 0.002166
2 2 0.000604 0.032647 0.950886 0.013661 0.002202
2 2 0.000386 0.019586 0.957755 0.021353 0.000920
2 2 0.000448 0.024952 0.951174 0.021351 0.002075
2 2 0.000398 0.023890 0.946687 0.026789 0.002236
2 2 0.000403 0.020580 0.943318 0.034157 0.001542
2 2 0.000234 0.017256 0.961121 0.020407 0.000982
2 2 0.000244 0.014904 0.959440 0.024822 0.000591
2 2 0.000312 0.018837 0.956572 0.023297 0.000982
2 2 0.000726 0.027617 0.934521 0.034490 0.002645
2 2 0.000184 0.013822 0.946575 0.038642 0.000777
2 2 0.000175 0.009931 0.914086 0.075262 0.000546
2 2 0.000131 0.012153 0.962141 0.024885 0.000690
2 2 0.000361 0.013637 0.908046 0.077142 0.000814
2 2 0.000365 0.015865 0.931491 0.051269 0.001010
2 2 0.000276 0.013224 0.929434 0.056267 0.000799
2 2 0.000151 0.011615 0.938184 0.049386 0.000664
2 2 0.000146 0.013989 0.955567 0.029318 0.000980
2 2 0.000121 0.012746 0.959626 0.026731 0.000776
2 2 0.000127 0.009128 0.943905 0.046496 0.000345
2 2 0.000439 0.016353 0.921363 0.060636 0.001210
2 2 0.001221 0.025101 0.895659 0.075175 0.002845
2 2 0.001037 0.024239 0.907760 0.064228 0.002735
2 2 0.219848 0.145098 0.509856 0.073412 0.051785
0 1 0.504411 0.147136 0.236850 0.045717 0.065886
0 2 0.404917 0.204361 0.293291 0.027418 0.070013
2 2 0.130525 0.250532 0.527838 0.019195 0.071910
2 2 0.001174 0.038703 0.938425 0.017830 0.003869
2 2 0.000030 0.009065 0.969587 0.020481 0.000837
2 2 0.000019 0.007130 0.967626 0.024371 0.000855
2 2 0.000017 0.005901 0.957163 0.036460 0.000459
2 2 0.000022 0.006341 0.956022 0.037176 0.000440
2 2 0.000024 0.004399 0.763317 0.231502 0.000758
2 2 0.000034 0.004221 0.710482 0.284689 0.000573
2 2 0.000045 0.006640 0.845233 0.146917 0.001166
2 2 0.000020 0.005277 0.897216 0.096704 0.000783
2 2 0.000017 0.004566 0.873220 0.121702 0.000495
2 2 0.000052 0.006335 0.828931 0.163797 0.000885
2 2 0.000047 0.005971 0.860471 0.132647 0.000863
2 2 0.000073 0.009294 0.918078 0.071234 0.001321
2 2 0.000083 0.013286 0.941515 0.042505 0.002611
2 2 0.000041 0.009702 0.950998 0.038020 0.001238
2 2 0.000046 0.009684 0.927023 0.061342 0.001904
2 2 0.000050 0.009425 0.899928 0.088435 0.002162
2 2 0.000020 0.004904 0.829716 0.164382 0.000979
2 2 0.000120 0.006409 0.825949 0.167023 0.000500
2 2 0.000224 0.012949 0.889213 0.095478 0.002137
2 2 0.002003 0.054901 0.872288 0.046633 0.024175
2 2 0.001005 0.040292 0.859779 0.076165 0.022760
2 2 0.000198 0.017647 0.863742 0.110513 0.007901
2 2 0.000101 0.010942 0.835955 0.149406 0.003596
2 2 0.000110 0.009802 0.850130 0.137653 0.002305
2 2 0.000136 0.009435 0.865812 0.123003 0.001614
2 2 0.000223 0.008669 0.763407 0.226423 0.001278
2 2 0.000092 0.007330 0.874531 0.117198 0.000849
2 2 0.000203 0.006553 0.786413 0.206028 0.000803
2 2 0.043786 0.039529 0.509916 0.393614 0.013154
0 2 0.523187 0.083519 0.128763 0.144830 0.119701
0 2 0.593880 0.182571 0.117306 0.006012 0.100230
0 2 0.661343 0.117170 0.188109 0.016606 0.016773
2 2 0.005998 0.054550 0.888460 0.045277 0.005715
2 2 0.000404 0.031304 0.941567 0.019228 0.007496
2 2 0.002340 0.074303 0.751140 0.025100 0.147118
2 2 0.001197 0.059787 0.806500 0.017164 0.115352
2 2 0.001127 0.059868 0.811918 0.016448 0.110639
2 2 0.004229 0.104137 0.609845 0.012142 0.269648
2 2 0.007413 0.122826 0.506656 0.012122 0.350984
4 4 0.013637 0.139358 0.398145 0.013288 0.435572
4 4 0.014129 0.138756 0.407252 0.015493 0.424370
4 4 0.015481 0.142814 0.368581 0.012642 0.460482
4 4 0.022576 0.150333 0.285135 0.010975 0.530981
4 4 0.017687 0.146473 0.328660 0.010933 0.496247
4 4 0.031951 0.150994 0.179211 0.005992 0.631853
4 4 0.034977 0.149934 0.159735 0.005372 0.649981
4 4 0.064417 0.134140 0.068697 0.002723 0.730022
4 4 0.056393 0.136870 0.078427 0.002777 0.725533
4 4 0.085298 0.121850 0.042357 0.001813 0.748683
4 2 0.106948 0.120669 0.039327 0.002438 0.730619
4 2 0.147958 0.101747 0.019561 0.001296 0.729438
4 2 0.147812 0.102745 0.020314 0.001385 0.727745
4 2 0.148747 0.095413 0.015302 0.000843 0.739695
4 2 0.148912 0.093799 0.014348 0.000753 0.742187
4 2 0.148001 0.103268 0.020591 0.001420 0.726721
4 2 0.161972 0.101835 0.019049 0.001294 0.715848
4 1 0.278662 0.091502 0.017407 0.001502 0.610926
0 1 0.452169 0.109088 0.032087 0.003589 0.403067
4 2 0.176093 0.140413 0.031784 0.001641 0.650069
4 2 0.026967 0.188622 0.380749 0.010807 0.392855
4 2 0.018301 0.147960 0.298615 0.008616 0.526509
4 4 0.070838 0.142988 0.092084 0.005895 0.688195
4 4 0.110806 0.128314 0.051062 0.004306 0.705511
4 4 0.125476 0.123619 0.043091 0.003992 0.703822
4 4 0.070395 0.142842 0.091714 0.005776 0.689273
4 4 0.100267 0.134285 0.063465 0.005412 0.696571
4 4 0.147696 0.176525 0.082708 0.006728 0.586342
4 4 0.072054 0.198671 0.182708 0.008806 0.537762
2 4 0.007153 0.125087 0.485847 0.009324 0.372589
4 4 0.018746 0.148408 0.290069 0.008247 0.534531
4 4 0.044615 0.148328 0.131930 0.005408 0.669719
4 4 0.045852 0.148533 0.131673 0.005661 0.668281
4 4 0.036029 0.151194 0.168502 0.006425 0.637850
4 4 0.021674 0.150210 0.263150 0.008077 0.556889
2 4 0.009404 0.132978 0.433200 0.009377 0.415041
4 4 0.052112 0.147959 0.122431 0.006100 0.671398
4 4 0.112882 0.119563 0.037647 0.002498 0.727410
4 1 0.146682 0.109319 0.025915 0.002125 0.715959
4 1 0.238716 0.097889 0.020355 0.001793 0.641247
4 1 0.169035 0.110373 0.025342 0.002013 0.693237
4 4 0.147182 0.106622 0.023475 0.001786 0.720936
4 4 0.063156 0.140814 0.087460 0.004270 0.704300
4 4 0.089899 0.131688 0.058817 0.003763 0.715833
4 4 0.119012 0.120656 0.038953 0.002960 0.718419
4 4 0.145349 0.115376 0.032232 0.003124 0.703918
4 4 0.108165 0.128476 0.051451 0.004165 0.707743
4 4 0.056179 0.150547 0.133952 0.008577 0.650745
4 4 0.092117 0.132908 0.061130 0.004255 0.709589
4 4 0.136333 0.112180 0.028732 0.002209 0.720545
4 4 0.116781 0.120047 0.038183 0.002745 0.722244
4 4 0.089821 0.132199 0.059872 0.003890 0.714218
4 4 0.078574 0.139422 0.079027 0.005239 0.697737
4 4 0.029977 0.152781 0.219999 0.008931 0.588311
4 4 0.037610 0.150953 0.162306 0.006358 0.642774
4 4 0.041308 0.151669 0.160865 0.007389 0.638769
4 4 0.061608 0.139854 0.085042 0.003850 0.709646
4 4 0.051153 0.141826 0.096724 0.003566 0.706731
4 4 0.147080 0.107196 0.023976 0.001853 0.719894
4 4 0.146167 0.111827 0.028382 0.002495 0.711129
4 4 0.147331 0.105760 0.022738 0.001688 0.722483
