0 0 0.959816 0.029555 0.002732 0.000137 0.007760
0 0 0.977578 0.017853 0.001041 0.000031 0.003497
0 0 0.991441 0.007467 0.000199 0.000002 0.000890
0 0 0.987063 0.010910 0.000408 0.000007 0.001612
0 0 0.982008 0.014685 0.000718 0.000018 0.002571
0 0 0.996456 0.003259 0.000042 0.000000 0.000243
0 0 0.991043 0.006879 0.000062 0.000000 0.002015
0 0 0.943057 0.035528 0.002027 0.000073 0.019315
0 0 0.994923 0.004229 0.000029 0.000000 0.000819
0 0 0.996817 0.002941 0.000034 0.000000 0.000207
0 0 0.988176 0.010051 0.000349 0.000006 0.001418
0 0 0.989576 0.008956 0.000281 0.000004 0.001183
0 0 0.977882 0.017640 0.001017 0.000030 0.003431
0 0 0.953118 0.033638 0.003507 0.000202 0.009535
0 0 0.882426 0.061577 0.005715 0.000363 0.049918
0 0 0.817128 0.086060 0.012144 0.001214 0.083454
0 0 0.840550 0.079928 0.011313 0.001102 0.067107
0 0 0.410387 0.181394 0.055300 0.002563 0.350355
4 0 0.197973 0.165702 0.056826 0.001963 0.577536
4 0 0.310032 0.176653 0.055402 0.002523 0.455390
4 0 0.331195 0.173801 0.044570 0.001351 0.449084
0 0 0.354971 0.237842 0.085751 0.001491 0.319946
4 0 0.255412 0.226113 0.087865 0.001431 0.429180
4 0 0.231257 0.185849 0.065984 0.001500 0.515410
4 0 0.309489 0.188915 0.063646 0.002031 0.435920
4 0 0.368418 0.189169 0.060761 0.002107 0.379545
4 0 0.367566 0.192719 0.065824 0.002328 0.371563
4 0 0.289602 0.200015 0.076220 0.002286 0.431877
4 0 0.279146 0.188333 0.065491 0.001941 0.465089
0 0 0.537853 0.167547 0.045880 0.002493 0.246228
0 0 0.782879 0.080806 0.006172 0.000331 0.129812
4 0 0.329505 0.160771 0.030968 0.000675 0.478082
4 0 0.295147 0.164464 0.034684 0.000685 0.505019
4 0 0.269418 0.166256 0.038524 0.000781 0.525022
4 0 0.252490 0.170250 0.042691 0.000794 0.533775
4 0 0.194274 0.162697 0.042898 0.000665 0.599466
4 0 0.223410 0.226594 0.087250 0.001139 0.461607
4 0 0.258482 0.273663 0.119733 0.001201 0.346921
4 0 0.246339 0.268460 0.115619 0.001199 0.368383
4 0 0.208354 0.245744 0.103351 0.001075 0.441476
4 0 0.173368 0.236095 0.110319 0.001228 0.478990
4 0 0.177567 0.265193 0.146944 0.001422 0.408874
4 0 0.092469 0.268153 0.213596 0.001289 0.424494
4 0 0.089490 0.262756 0.217972 0.001432 0.428349
4 0 0.062325 0.243674 0.258091 0.001827 0.434083
4 0 0.082509 0.229818 0.188418 0.001956 0.497299
4 0 0.075399 0.234864 0.214165 0.002186 0.473386
4 0 0.102287 0.204372 0.132320 0.001972 0.559049
4 0 0.110598 0.227957 0.165298 0.002226 0.493920
4 0 0.105791 0.179186 0.098113 0.001813 0.615097
4 0 0.123788 0.154419 0.064129 0.001676 0.655989
4 0 0.124929 0.139252 0.045597 0.001248 0.688974
4 0 0.148302 0.145743 0.044795 0.001221 0.659938
4 0 0.190913 0.148191 0.039066 0.001221 0.620609
4 0 0.269869 0.160767 0.041080 0.001544 0.526740
4 0 0.187587 0.166386 0.057140 0.001634 0.587253
4 0 0.131518 0.157017 0.057890 0.001085 0.652490
4 0 0.109869 0.152968 0.064609 0.001279 0.671274
4 0 0.134550 0.150627 0.057302 0.001803 0.655717
4 0 0.189769 0.155465 0.046875 0.001554 0.606336
4 0 0.068665 0.122195 0.044834 0.000591 0.763715
4 0 0.060642 0.111476 0.037154 0.000445 0.790282
4 0 0.074994 0.121194 0.038462 0.000450 0.764900
4 0 0.079161 0.123066 0.038901 0.000486 0.758385
4 0 0.105836 0.127271 0.034189 0.000530 0.732173
4 0 0.144895 0.135522 0.035217 0.000880 0.683486
4 0 0.194076 0.135119 0.026706 0.000663 0.643436
4 0 0.224389 0.147794 0.031326 0.000750 0.595739
4 0 0.210963 0.170650 0.051016 0.001207 0.566164
4 0 0.234925 0.198840 0.069745 0.001466 0.495024
4 0 0.193134 0.169243 0.056643 0.001408 0.579572
4 0 0.192747 0.165229 0.053576 0.001450 0.586998
4 0 0.181600 0.171187 0.062986 0.001626 0.582601
0 0 0.398718 0.179327 0.048914 0.001739 0.371302
0 0 0.594638 0.158733 0.041304 0.002245 0.203080
0 0 0.890690 0.065127 0.011148 0.001176 0.031859
0 0 0.936285 0.043282 0.005726 0.000431 0.014275
0 0 0.936451 0.042021 0.004271 0.000258 0.016999
0 0 0.967229 0.024841 0.001956 0.000082 0.005891
0 0 0.958556 0.030156 0.002671 0.000131 0.008486
0 0 0.893929 0.061448 0.007884 0.000647 0.036092
0 0 0.839473 0.078083 0.009683 0.000842 0.071919
0 0 0.880257 0.063767 0.006647 0.000468 0.048859
0 0 0.727180 0.104007 0.013113 0.000956 0.154745
4 0 0.396605 0.161413 0.036318 0.001705 0.403960
4 0 0.136466 0.136946 0.037203 0.000818 0.688568
4 0 0.135183 0.146159 0.050199 0.001441 0.667018
4 0 0.093631 0.117095 0.032588 0.000704 0.755982
4 0 0.073102 0.098339 0.023322 0.000434 0.804804
4 0 0.059836 0.086478 0.019015 0.000335 0.834337
4 0 0.045967 0.098475 0.045398 0.001542 0.808618
4 1 0.076811 0.134118 0.068509 0.002052 0.718510
4 1 0.117470 0.173191 0.140153 0.009447 0.559740
4 2 0.189777 0.223288 0.179161 0.011432 0.396342
4 2 0.127674 0.194349 0.179453 0.013054 0.485470
2 2 0.087251 0.182680 0.472746 0.055994 0.201329
2 2 0.024822 0.100353 0.717502 0.093305 0.064019
2 2 0.021216 0.115721 0.754027 0.042372 0.066662
2 2 0.012940 0.099737 0.785929 0.028467 0.072927
2 2 0.004699 0.046759 0.879904 0.047061 0.021576
2 2 0.002654 0.034460 0.910631 0.040411 0.011844
2 2 0.001601 0.026142 0.931354 0.033665 0.007238
2 2 0.000965 0.020852 0.948248 0.025557 0.004378
2 2 0.001215 0.023447 0.942330 0.027317 0.005691
2 2 0.002323 0.034207 0.921962 0.030538 0.010970
2 2 0.004167 0.054438 0.892712 0.023322 0.025362
2 2 0.001859 0.032643 0.933041 0.022476 0.009981
2 2 0.001879 0.027496 0.922601 0.039975 0.008049
2 2 0.001565 0.020467 0.904193 0.068222 0.005553
2 2 0.002029 0.022432 0.883910 0.084687 0.006941
2 2 0.001952 0.020531 0.868611 0.103113 0.005793
2 2 0.001447 0.021669 0.920813 0.050655 0.005416
2 2 0.001043 0.015696 0.909033 0.070707 0.003521
2 2 0.000929 0.015864 0.925288 0.054467 0.003453
2 2 0.001111 0.015188 0.893772 0.086343 0.003585
2 2 0.001300 0.017356 0.899935 0.076835 0.004574
2 2 0.000932 0.013919 0.904272 0.077541 0.003335
2 2 0.001468 0.014355 0.828023 0.151737 0.004417
2 2 0.001710 0.013458 0.756536 0.224102 0.004194
2 3 0.002077 0.014575 0.729654 0.249001 0.004694
3 3 0.006766 0.013430 0.301103 0.670480 0.008221
3 3 0.006251 0.009738 0.211077 0.766340 0.006593
3 3 0.003867 0.007672 0.232438 0.751996 0.004026
3 3 0.002177 0.004518 0.188978 0.802229 0.002098
3 3 0.002412 0.004624 0.179877 0.810688 0.002399
3 3 0.002532 0.005582 0.223919 0.765202 0.002765
3 3 0.002417 0.004354 0.167983 0.822716 0.002529
3 3 0.001694 0.002726 0.119334 0.874704 0.001542
3 3 0.003009 0.004498 0.145892 0.843376 0.003225
3 3 0.003623 0.006236 0.193568 0.792374 0.004199
3 3 0.002758 0.004344 0.147794 0.842357 0.002746
3 3 0.014527 0.012176 0.177801 0.786954 0.008542
3 3 0.109685 0.056947 0.286166 0.507860 0.039342
2 2 0.063401 0.071828 0.500356 0.336009 0.028405
2 2 0.101790 0.141195 0.578713 0.122461 0.055842
2 2 0.013819 0.077844 0.819156 0.058951 0.030231
2 2 0.004673 0.048981 0.887796 0.040736 0.017814
2 2 0.004043 0.045951 0.896756 0.036331 0.016918
2 2 0.002579 0.033117 0.911580 0.042639 0.010085
2 2 0.001752 0.023444 0.910351 0.058288 0.006165
2 2 0.001984 0.018684 0.840410 0.133297 0.005625
2 2 0.003907 0.023674 0.760720 0.201043 0.010657
2 2 0.004484 0.015935 0.517343 0.453963 0.008275
3 3 0.005590 0.016021 0.443076 0.524996 0.010317
3 3 0.004350 0.012717 0.417231 0.558411 0.007292
3 3 0.003178 0.011518 0.468335 0.511495 0.005474
3 3 0.006512 0.017871 0.448786 0.515737 0.011095
3 3 0.008768 0.021419 0.440209 0.514569 0.015035
3 3 0.008987 0.017229 0.340578 0.618615 0.014592
3 3 0.009661 0.013017 0.217670 0.747901 0.011752
3 3 0.008347 0.008172 0.126717 0.849885 0.006879
3 3 0.007691 0.007315 0.122394 0.856769 0.005832
3 3 0.007204 0.007234 0.120575 0.858925 0.006062
3 3 0.006404 0.006458 0.115527 0.866319 0.005291
3 3 0.006264 0.006218 0.114273 0.868274 0.004972
3 3 0.006709 0.007681 0.143698 0.835389 0.006523
3 3 0.010163 0.011273 0.166410 0.801998 0.010156
3 3 0.010847 0.012014 0.171123 0.795082 0.010934
3 3 0.013442 0.011882 0.148525 0.816268 0.009883
3 3 0.007839 0.007453 0.123242 0.855500 0.005966
3 3 0.010217 0.009049 0.134121 0.839530 0.007084
3 3 0.005106 0.005274 0.106590 0.878815 0.004215
3 3 0.006274 0.006098 0.113933 0.868938 0.004757
3 3 0.003129 0.003362 0.089082 0.901912 0.002515
3 3 0.003409 0.003503 0.091337 0.899218 0.002533
3 3 0.004929 0.004791 0.104081 0.882667 0.003531
3 3 0.005462 0.005508 0.108870 0.875814 0.004347
3 3 0.004594 0.004786 0.102581 0.884268 0.003771
3 3 0.010839 0.009683 0.137185 0.834522 0.007771
3 3 0.009054 0.008473 0.129552 0.846034 0.006887
3 3 0.006964 0.006802 0.118527 0.862237 0.005470
3 3 0.003436 0.003665 0.092225 0.897898 0.002776
3 3 0.005324 0.005364 0.107816 0.877293 0.004203
3 3 0.003825 0.004044 0.095930 0.893093 0.003108
3 3 0.004920 0.005096 0.105162 0.880769 0.004053
3 3 0.004830 0.005011 0.104464 0.881719 0.003975
3 3 0.003496 0.003723 0.092814 0.897139 0.002827
3 3 0.002444 0.002678 0.081259 0.911681 0.001938
3 3 0.002959 0.003193 0.087256 0.904222 0.002371
3 3 0.002930 0.003165 0.086946 0.904611 0.002347
3 3 0.002925 0.003159 0.086882 0.904692 0.002342
3 3 0.003304 0.003534 0.090893 0.899606 0.002663
3 3 0.002398 0.002632 0.080688 0.912382 0.001900
3 3 0.005828 0.005764 0.111174 0.872722 0.004512
3 3 0.005242 0.005402 0.107604 0.877419 0.004334
3 3 0.019190 0.015315 0.164393 0.788768 0.012333
3 3 0.033673 0.022636 0.192315 0.734303 0.017073
3 3 0.033993 0.025672 0.238926 0.685511 0.015898
3 2 0.008779 0.015725 0.329316 0.639675 0.006504
3 2 0.004397 0.015011 0.454321 0.521475 0.004795
2 2 0.006761 0.024901 0.584764 0.372609 0.010964
2 2 0.006432 0.021097 0.529471 0.431824 0.011177
2 2 0.010597 0.026629 0.481173 0.462844 0.018758
3 2 0.008731 0.018451 0.370523 0.589016 0.013279
3 2 0.011271 0.020634 0.340903 0.611523 0.015669
3 3 0.012747 0.023002 0.353591 0.592026 0.018634
3 3 0.014556 0.020844 0.285172 0.658345 0.021082
3 3 0.017628 0.022368 0.253925 0.682316 0.023762
3 3 0.022973 0.029654 0.283175 0.629667 0.034532
3 3 0.012043 0.014366 0.201055 0.759020 0.013515
3 3 0.009692 0.018404 0.341420 0.615889 0.014595
3 3 0.003756 0.013215 0.480477 0.496065 0.006486
2 2 0.004965 0.025581 0.720598 0.236431 0.012425
2 2 0.004505 0.029601 0.797842 0.153669 0.014383
2 2 0.003659 0.034689 0.875276 0.070762 0.015614
2 2 0.003144 0.046097 0.905227 0.024455 0.021077
2 2 0.002772 0.051149 0.913526 0.013048 0.019505
2 2 0.001910 0.047343 0.925919 0.007746 0.017082
2 2 0.001910 0.051390 0.920619 0.005978 0.020103
2 2 0.001822 0.052803 0.918446 0.005436 0.021494
2 2 0.003456 0.106117 0.823218 0.001900 0.065310
2 2 0.007628 0.158976 0.651953 0.001815 0.179627
2 2 0.007429 0.151297 0.688327 0.002228 0.150719
2 2 0.007051 0.133594 0.739823 0.003472 0.116061
2 2 0.009191 0.143022 0.730046 0.004284 0.113456
2 2 0.008152 0.114767 0.811113 0.007458 0.058510
2 2 0.010113 0.114685 0.825409 0.009246 0.040546
2 2 0.033388 0.160507 0.744943 0.013961 0.047201
2 2 0.142085 0.247954 0.502360 0.016746 0.090855
2 2 0.180779 0.245465 0.465253 0.021413 0.087090
2 2 0.132476 0.260404 0.514921 0.012721 0.079478
2 2 0.128599 0.261935 0.512347 0.013141 0.083978
2 2 0.050584 0.191180 0.688652 0.014696 0.054889
2 2 0.105026 0.225071 0.586963 0.020131 0.062809
2 2 0.117360 0.214281 0.569231 0.029882 0.069246
2 2 0.072488 0.221450 0.623470 0.013923 0.068669
2 2 0.028769 0.162995 0.722971 0.013439 0.071826
2 2 0.004771 0.061592 0.888800 0.020172 0.024664
2 2 0.002158 0.040120 0.927478 0.016828 0.013417
2 2 0.001406 0.029535 0.942642 0.018237 0.008181
2 2 0.001452 0.028300 0.940741 0.022025 0.007483
2 2 0.002019 0.031300 0.926852 0.030988 0.008841
2 2 0.001690 0.024031 0.917374 0.050782 0.006123
2 2 0.001386 0.019824 0.911010 0.063284 0.004496
2 2 0.001579 0.021603 0.908935 0.062736 0.005148
2 2 0.001387 0.019025 0.902785 0.072630 0.004174
2 2 0.002836 0.029681 0.885349 0.073228 0.008906
2 2 0.003802 0.037219 0.883466 0.061892 0.013622
2 3 0.004823 0.036647 0.842141 0.102593 0.013796
2 3 0.003580 0.025539 0.798241 0.164350 0.008290
3 3 0.008640 0.016242 0.327494 0.635592 0.012032
3 3 0.011707 0.012553 0.186333 0.778719 0.010688
3 3 0.005610 0.006541 0.135909 0.846523 0.005417
3 3 0.007308 0.007490 0.135410 0.843812 0.005981
3 3 0.007379 0.007095 0.124643 0.855334 0.005549
3 3 0.013351 0.011994 0.147796 0.816667 0.010192
3 3 0.010785 0.010472 0.138765 0.830697 0.009281
3 3 0.014317 0.014165 0.163200 0.795139 0.013179
3 3 0.010492 0.011698 0.170250 0.796957 0.010603
3 3 0.007772 0.009778 0.178655 0.795140 0.008655
3 3 0.007026 0.008574 0.162460 0.814516 0.007424
3 3 0.002912 0.003339 0.095629 0.895620 0.002500
3 3 0.002718 0.003059 0.089544 0.902420 0.002259
3 3 0.003190 0.003730 0.103350 0.886889 0.002840
3 3 0.007574 0.007552 0.135353 0.843599 0.005922
3 3 0.006939 0.006402 0.117232 0.864625 0.004802
3 3 0.007017 0.006836 0.118806 0.861852 0.005489
3 3 0.005735 0.006029 0.116144 0.867173 0.004920
3 3 0.005622 0.005796 0.111431 0.872451 0.004699
3 3 0.009114 0.008206 0.129041 0.847263 0.006376
3 2 0.061631 0.035363 0.223556 0.653575 0.025875
0 2 0.305762 0.104592 0.238438 0.280487 0.070722
0 2 0.711884 0.120127 0.071341 0.025033 0.071616
0 2 0.758843 0.117206 0.045041 0.009785 0.069125
2 2 0.304223 0.245589 0.327269 0.031688 0.091231
2 2 0.133112 0.244910 0.502880 0.019686 0.099411
2 2 0.006093 0.053798 0.863644 0.049444 0.027021
2 2 0.001460 0.022833 0.927462 0.041966 0.006278
2 2 0.001758 0.022924 0.909644 0.058683 0.006991
2 2 0.001946 0.018690 0.848391 0.124912 0.006061
2 2 0.002307 0.014123 0.688043 0.290136 0.005392
2 2 0.002571 0.013145 0.610839 0.368205 0.005240
2 2 0.002812 0.015780 0.674891 0.300203 0.006315
3 2 0.003977 0.011203 0.382867 0.595818 0.006135
3 2 0.005025 0.014713 0.434093 0.538245 0.007924
3 2 0.004206 0.006450 0.174452 0.810455 0.004438
3 2 0.010724 0.013084 0.213812 0.751529 0.010850
3 2 0.003409 0.003706 0.094823 0.895248 0.002814
3 2 0.004755 0.007925 0.207121 0.774898 0.005302
3 2 0.008742 0.017922 0.354985 0.605778 0.012573
2 2 0.011058 0.027696 0.480570 0.462392 0.018285
3 2 0.014371 0.029467 0.424480 0.509317 0.022365
3 2 0.016023 0.024753 0.344577 0.594851 0.019795
3 3 0.010713 0.015096 0.250423 0.711252 0.012516
3 3 0.004889 0.005234 0.110612 0.875081 0.004184
3 3 0.002815 0.003050 0.085656 0.906229 0.002250
3 3 0.002706 0.002942 0.084413 0.907781 0.002158
3 3 0.003064 0.003298 0.088402 0.902775 0.002461
3 3 0.002580 0.002816 0.082929 0.909623 0.002053
3 3 0.003730 0.003952 0.095053 0.894238 0.003027
3 3 0.003358 0.003588 0.091442 0.898903 0.002710
3 3 0.005379 0.005532 0.108616 0.876019 0.004454
3 3 0.004891 0.005069 0.104939 0.881073 0.004028
3 3 0.015302 0.015950 0.182783 0.770830 0.015135
3 3 0.032012 0.027870 0.232548 0.682532 0.025037
3 3 0.028190 0.024953 0.229746 0.695362 0.021748
3 2 0.041404 0.026255 0.203015 0.709851 0.019475
3 2 0.043149 0.026391 0.204568 0.706954 0.018938
3 2 0.027000 0.025861 0.290094 0.643687 0.013357
2 2 0.049681 0.055765 0.458658 0.412850 0.023046
3 2 0.005275 0.017061 0.482464 0.487240 0.007960
2 2 0.003700 0.016142 0.580315 0.393335 0.006509
2 2 0.004238 0.015748 0.521336 0.451618 0.007060
2 2 0.003051 0.012538 0.514378 0.465150 0.004883
2 2 0.004425 0.017700 0.561791 0.408774 0.007310
2 2 0.005648 0.021602 0.578176 0.385163 0.009411
2 2 0.004735 0.018385 0.562647 0.405959 0.008274
2 2 0.003700 0.020279 0.703286 0.264308 0.008427
2 2 0.004187 0.018558 0.621008 0.347213 0.009034
2 2 0.004365 0.022264 0.695107 0.267493 0.010772
2 2 0.003509 0.018814 0.676542 0.294176 0.006959
2 2 0.004983 0.029003 0.760714 0.193907 0.011393
2 2 0.005335 0.023375 0.642621 0.318462 0.010207
2 2 0.003036 0.015113 0.615514 0.360754 0.005582
2 2 0.002782 0.014132 0.612073 0.365871 0.005143
2 2 0.004243 0.016458 0.540731 0.431577 0.006990
2 2 0.003648 0.019392 0.669255 0.301277 0.006427
2 2 0.004441 0.026395 0.756453 0.202589 0.010122
2 2 0.003475 0.023453 0.780845 0.183644 0.008584
2 2 0.006300 0.028309 0.686574 0.264642 0.014175
3 2 0.002072 0.006749 0.344346 0.644007 0.002826
3 2 0.001767 0.003427 0.160801 0.832159 0.001846
3 2 0.003950 0.008906 0.287603 0.694341 0.005199
3 2 0.003062 0.008619 0.337524 0.646711 0.004084
3 2 0.008763 0.019613 0.393456 0.565010 0.013157
3 2 0.009125 0.023170 0.454628 0.499060 0.014017
3 2 0.009703 0.015906 0.277671 0.685788 0.010933
3 2 0.006342 0.012727 0.293430 0.680297 0.007204
3 2 0.007004 0.014187 0.313636 0.656484 0.008688
3 2 0.013703 0.026225 0.397253 0.543884 0.018935
3 2 0.002101 0.002790 0.103238 0.889830 0.002041
3 2 0.001776 0.002178 0.083312 0.911201 0.001533
3 2 0.001881 0.002129 0.075026 0.919474 0.001490
3 2 0.001744 0.001964 0.071598 0.923335 0.001359
3 2 0.001682 0.001899 0.070616 0.924496 0.001307
3 2 0.009615 0.008779 0.131869 0.842709 0.007028
3 2 0.107613 0.064767 0.282125 0.491375 0.054120
2 2 0.125371 0.095113 0.381945 0.342611 0.054960
2 2 0.039287 0.084184 0.626698 0.209136 0.040694
2 2 0.009659 0.050502 0.776345 0.140642 0.022853
2 2 0.003506 0.029175 0.848602 0.108398 0.010319
2 2 0.001806 0.019113 0.863479 0.110463 0.005138
2 2 0.003004 0.022170 0.794098 0.173624 0.007103
2 2 0.005128 0.030897 0.775617 0.176494 0.011865
2 2 0.003839 0.021253 0.693822 0.274327 0.006759
2 2 0.005048 0.019751 0.564290 0.403274 0.007636
2 2 0.004545 0.021548 0.648257 0.317750 0.007900
2 2 0.001728 0.013761 0.746875 0.234260 0.003376
2 2 0.001260 0.008843 0.628853 0.359022 0.002022
2 2 0.001300 0.010119 0.696805 0.289256 0.002521
2 2 0.001615 0.007840 0.497238 0.490564 0.002744
2 2 0.003152 0.014334 0.590147 0.385699 0.006668
2 2 0.006208 0.023455 0.608007 0.348597 0.013733
2 2 0.003770 0.021015 0.714333 0.252090 0.008791
2 2 0.006927 0.029380 0.669051 0.280170 0.014472
2 2 0.003526 0.022974 0.767901 0.197197 0.008401
2 2 0.003160 0.019316 0.725704 0.244865 0.006955
2 2 0.003597 0.022053 0.751786 0.213428 0.009137
2 2 0.004419 0.019625 0.628796 0.337926 0.009233
3 2 0.009500 0.022627 0.437465 0.514738 0.015670
3 2 0.007470 0.009408 0.169142 0.805088 0.008891
3 3 0.008155 0.009767 0.169248 0.804202 0.008627
3 3 0.004592 0.005444 0.126468 0.859106 0.004390
3 3 0.004747 0.005964 0.139428 0.844866 0.004994
3 3 0.005060 0.006783 0.154038 0.827934 0.006185
3 3 0.002689 0.003229 0.099095 0.892579 0.002408
3 3 0.002725 0.003044 0.088594 0.903391 0.002246
3 3 0.003810 0.004029 0.095796 0.893269 0.003096
3 3 0.006986 0.006888 0.118850 0.861671 0.005605
3 3 0.010051 0.009276 0.134226 0.838845 0.007603
3 3 0.008780 0.010094 0.172569 0.801802 0.006755
3 3 0.006016 0.005876 0.112260 0.871282 0.004565
3 3 0.013983 0.012191 0.149507 0.814215 0.010104
3 3 0.013861 0.012028 0.148944 0.815274 0.009893
3 3 0.022797 0.019457 0.190533 0.750481 0.016732
3 3 0.008837 0.008642 0.131702 0.843550 0.007270
3 3 0.012922 0.016490 0.229613 0.725064 0.015910
3 3 0.021356 0.030366 0.327402 0.587990 0.032886
2 3 0.030197 0.056569 0.462525 0.368624 0.082085
2 3 0.042123 0.101840 0.477853 0.140188 0.237996
2 4 0.032427 0.135193 0.434776 0.027630 0.369975
4 4 0.025106 0.147091 0.294387 0.006209 0.527206
4 4 0.029801 0.165789 0.254143 0.004166 0.546101
4 4 0.023916 0.195069 0.372576 0.003265 0.405173
2 4 0.073679 0.280995 0.396167 0.003276 0.245884
2 4 0.057298 0.266465 0.467028 0.003866 0.205343
2 4 0.069875 0.269041 0.505011 0.005168 0.150905
2 4 0.022437 0.198178 0.552474 0.005336 0.221575
2 4 0.028952 0.213251 0.545335 0.005491 0.206971
2 4 0.019598 0.197018 0.456610 0.003210 0.323564
4 4 0.017131 0.190646 0.384710 0.002197 0.405316
4 4 0.024232 0.129074 0.150294 0.002445 0.693955
4 4 0.020933 0.095625 0.085753 0.001704 0.795984
4 4 0.026038 0.095190 0.076900 0.002610 0.799262
4 4 0.029033 0.096889 0.076604 0.003213 0.794261
4 4 0.031704 0.123838 0.126394 0.003923 0.714141
4 4 0.021722 0.164670 0.258765 0.002457 0.552386
4 4 0.017080 0.185076 0.381617 0.002248 0.413979
4 4 0.019415 0.091545 0.079572 0.001488 0.807980
4 4 0.022518 0.082210 0.055060 0.001718 0.838494
4 4 0.028804 0.087619 0.051629 0.001661 0.830287
4 4 0.018471 0.088533 0.070019 0.001443 0.821534
4 4 0.020711 0.133086 0.161045 0.001930 0.683228
4 4 0.013136 0.184208 0.382708 0.001333 0.418615
4 4 0.022569 0.151966 0.212672 0.002426 0.610366
4 4 0.029198 0.109363 0.103306 0.003178 0.754954
4 4 0.029064 0.097624 0.078023 0.003214 0.792074
4 4 0.026758 0.095119 0.075841 0.002753 0.799529
4 4 0.027452 0.106375 0.097183 0.002873 0.766117
4 4 0.018533 0.163286 0.258450 0.001878 0.557853
2 4 0.011317 0.189881 0.462460 0.001229 0.335114
2 4 0.011050 0.189726 0.468835 0.001194 0.329195
2 4 0.012100 0.190262 0.424393 0.001302 0.371944
2 4 0.012327 0.189328 0.402638 0.001299 0.394408
2 4 0.010149 0.192223 0.482805 0.001106 0.313716
2 4 0.008377 0.185034 0.593283 0.001187 0.212119
2 4 0.011796 0.184816 0.401790 0.001146 0.400452
4 4 0.017022 0.102634 0.102580 0.001214 0.776550
4 4 0.016380 0.078557 0.059077 0.001116 0.844870
4 4 0.016977 0.073019 0.048814 0.001225 0.859965
2 4 0.010009 0.189193 0.492831 0.001063 0.306905
4 4 0.014593 0.187192 0.396960 0.001646 0.399608
4 4 0.017363 0.167657 0.277208 0.001746 0.536026
4 4 0.013097 0.075073 0.058545 0.000732 0.852553
4 4 0.013855 0.066805 0.039013 0.000531 0.879796
4 4 0.010654 0.057881 0.034723 0.000535 0.896207
4 4 0.011984 0.060761 0.036918 0.000661 0.889675
4 4 0.028899 0.101845 0.086982 0.003146 0.779128
4 4 0.025026 0.133006 0.150204 0.002726 0.689038
4 4 0.022924 0.145065 0.185277 0.002452 0.644283
4 4 0.019954 0.117748 0.125667 0.001719 0.734911
4 4 0.019739 0.126338 0.138425 0.001799 0.713700
4 4 0.021636 0.089326 0.071342 0.001850 0.815846
4 4 0.021531 0.095581 0.083724 0.001816 0.797348
4 4 0.016405 0.185773 0.385927 0.002090 0.409804
2 4 0.013336 0.187421 0.406563 0.001442 0.391238
2 4 0.010829 0.191603 0.537001 0.001393 0.259174
2 4 0.010364 0.191880 0.534535 0.001295 0.261926
2 4 0.009765 0.176958 0.591965 0.001946 0.219367
2 4 0.008868 0.177936 0.580155 0.001492 0.231548
2 4 0.008101 0.170309 0.591049 0.001396 0.229145
2 4 0.011253 0.185807 0.494921 0.001537 0.306483
2 4 0.011558 0.191578 0.460009 0.001293 0.335562
2 4 0.011057 0.193690 0.507394 0.001365 0.286495
4 4 0.016651 0.176225 0.310444 0.001764 0.494916
4 4 0.013801 0.188986 0.394648 0.001537 0.401028
4 4 0.020661 0.147711 0.201939 0.002050 0.627639
4 4 0.021610 0.138585 0.177177 0.002099 0.660528
4 4 0.022163 0.153010 0.218654 0.002356 0.603817
2 4 0.014568 0.190428 0.418536 0.001741 0.374727
2 4 0.002365 0.080541 0.874998 0.002217 0.039878
2 2 0.002234 0.076172 0.888044 0.002252 0.031299
2 2 0.003137 0.091011 0.860318 0.002464 0.043070
2 2 0.008570 0.140824 0.752776 0.003712 0.094118
2 2 0.020942 0.207018 0.585544 0.003445 0.183051
2 2 0.028733 0.232990 0.553897 0.002934 0.181446
2 2 0.018184 0.204351 0.596153 0.002855 0.178456
2 2 0.004379 0.105857 0.828134 0.003034 0.058596
2 2 0.003900 0.098725 0.832425 0.002990 0.061961
2 2 0.005295 0.125933 0.778384 0.002275 0.088114
2 2 0.007218 0.146722 0.750132 0.002423 0.093505
2 2 0.005136 0.116478 0.818044 0.002962 0.057380
2 2 0.002916 0.072615 0.894161 0.004690 0.025618
2 2 0.002284 0.061048 0.912213 0.004680 0.019775
2 2 0.001695 0.042794 0.935314 0.007870 0.012326
2 2 0.001050 0.029239 0.952898 0.010463 0.006350
2 2 0.001973 0.039176 0.933177 0.014769 0.010904
2 2 0.001423 0.028069 0.939862 0.022807 0.007839
2 2 0.002310 0.037231 0.924142 0.023581 0.012735
2 2 0.002018 0.039955 0.926799 0.015404 0.015824
2 2 0.002345 0.040695 0.921228 0.020510 0.015222
2 2 0.004594 0.077146 0.863742 0.010311 0.044207
2 2 0.003820 0.069308 0.884147 0.009424 0.033302
2 2 0.001206 0.028500 0.948978 0.014377 0.006939
2 2 0.000906 0.025924 0.956907 0.010718 0.005544
2 2 0.000372 0.013278 0.969370 0.014973 0.002008
2 2 0.000476 0.014064 0.962414 0.020690 0.002356
2 2 0.000638 0.014957 0.949548 0.032284 0.002574
2 2 0.000589 0.014375 0.951154 0.031545 0.002338
2 2 0.000952 0.015738 0.916147 0.064367 0.002796
2 2 0.001862 0.032057 0.933208 0.023294 0.009578
2 2 0.002424 0.043976 0.924633 0.014187 0.014780
2 2 0.002075 0.033465 0.928715 0.025572 0.010174
2 2 0.002339 0.031084 0.914495 0.043017 0.009065
2 2 0.003273 0.040668 0.906867 0.035638 0.013553
2 2 0.002421 0.032732 0.916169 0.038844 0.009834
2 2 0.002020 0.028440 0.918986 0.042803 0.007751
2 2 0.001428 0.022120 0.925112 0.045680 0.005660
2 2 0.001433 0.023202 0.929291 0.040362 0.005712
2 2 0.003524 0.038169 0.895280 0.049366 0.013661
2 2 0.035287 0.103626 0.737724 0.069985 0.053379
2 2 0.153442 0.167850 0.490969 0.085062 0.102677
0 2 0.352880 0.185826 0.265019 0.080682 0.115592
2 2 0.210486 0.193825 0.424919 0.080984 0.089786
2 2 0.136177 0.224929 0.498175 0.037271 0.103448
2 2 0.013257 0.124078 0.767589 0.014893 0.080183
2 2 0.004599 0.087693 0.860830 0.006128 0.040751
2 2 0.002128 0.050222 0.921494 0.008360 0.017795
2 2 0.001562 0.041695 0.936137 0.007351 0.013254
2 2 0.001608 0.035893 0.940758 0.012039 0.009702
2 2 0.001962 0.035492 0.933259 0.019583 0.009704
2 2 0.002351 0.035156 0.922785 0.029682 0.010027
2 2 0.001608 0.025067 0.926215 0.041056 0.006053
2 2 0.001391 0.022347 0.927234 0.043855 0.005172
2 2 0.000870 0.016370 0.933946 0.045678 0.003136
2 2 0.001401 0.021821 0.925147 0.046154 0.005477
2 2 0.001591 0.022879 0.919264 0.049910 0.006356
2 2 0.002150 0.024652 0.892021 0.072919 0.008258
2 2 0.003679 0.033371 0.869295 0.080554 0.013102
2 2 0.004371 0.038495 0.860170 0.079461 0.017503
2 2 0.004156 0.017893 0.603595 0.365879 0.008478
2 2 0.003233 0.014128 0.562376 0.414425 0.005838
2 2 0.004554 0.017774 0.563085 0.406229 0.008358
2 2 0.006967 0.029282 0.673764 0.273641 0.016345
2 2 0.006710 0.036432 0.774262 0.163390 0.019207
2 2 0.010581 0.043568 0.707594 0.205688 0.032570
2 2 0.007562 0.042491 0.784819 0.136205 0.028923
2 2 0.003536 0.027054 0.829523 0.128880 0.011007
2 2 0.005010 0.023738 0.678419 0.281844 0.010988
3 2 0.006308 0.018349 0.459167 0.506868 0.009308
3 2 0.004379 0.011093 0.333053 0.646477 0.004999
3 2 0.003066 0.006732 0.237139 0.749986 0.003076
2 2 0.002628 0.012841 0.581019 0.398877 0.004636
2 2 0.002940 0.018931 0.744566 0.226385 0.007179
2 2 0.002488 0.021802 0.836709 0.130866 0.008135
2 2 0.003626 0.027590 0.828545 0.129662 0.010577
2 2 0.005967 0.032001 0.752555 0.195019 0.014458
2 2 0.008805 0.038355 0.712056 0.220355 0.020429
2 2 0.008706 0.033433 0.653416 0.286665 0.017781
2 2 0.007395 0.032982 0.694335 0.250498 0.014790
2 2 0.003960 0.025482 0.768806 0.193321 0.008430
2 2 0.001941 0.015850 0.768590 0.209964 0.003655
2 2 0.002804 0.019120 0.746278 0.226320 0.005478
2 2 0.003312 0.022755 0.777587 0.188782 0.007564
2 2 0.008210 0.027364 0.578232 0.370673 0.015521
2 2 0.009162 0.028558 0.566203 0.377978 0.018099
3 2 0.012852 0.026753 0.417631 0.522399 0.020365
3 2 0.011106 0.019541 0.321634 0.632959 0.014759
3 3 0.007013 0.007941 0.143290 0.835176 0.006580
3 3 0.006970 0.009076 0.175140 0.801629 0.007185
3 3 0.006146 0.007204 0.143068 0.837519 0.006063
3 3 0.005670 0.006408 0.128650 0.854182 0.005090
3 3 0.003939 0.004154 0.096970 0.891732 0.003206
3 3 0.004739 0.004924 0.103747 0.882692 0.003897
3 3 0.003531 0.003757 0.093155 0.896700 0.002857
3 3 0.002939 0.003173 0.087037 0.904497 0.002354
3 3 0.004117 0.004414 0.101794 0.886237 0.003438
3 3 0.002746 0.002982 0.084874 0.907207 0.002192
3 3 0.006150 0.006283 0.114785 0.867627 0.005156
3 3 0.017235 0.020788 0.259535 0.688818 0.013624
3 3 0.009538 0.012325 0.213530 0.757292 0.007316
3 3 0.012345 0.010292 0.142365 0.827182 0.007817
3 3 0.008058 0.008017 0.125432 0.851670 0.006823
3 3 0.005478 0.005626 0.109333 0.875023 0.004540
3 3 0.004956 0.005131 0.105443 0.880386 0.004085
3 3 0.010296 0.010036 0.136578 0.834252 0.008838
3 3 0.013923 0.014206 0.169022 0.789611 0.013238
3 3 0.014310 0.016367 0.203821 0.749817 0.015685
3 3 0.016271 0.016589 0.190073 0.761753 0.015314
3 3 0.027159 0.021896 0.201002 0.731647 0.018296
3 3 0.018447 0.014763 0.162292 0.792687 0.011812
3 3 0.007727 0.007714 0.123596 0.854435 0.006527
3 3 0.005494 0.005640 0.109443 0.874870 0.004554
3 3 0.011677 0.009773 0.139413 0.831758 0.007380
3 3 0.009092 0.009340 0.159198 0.816138 0.006233
3 3 0.005397 0.005280 0.107817 0.877501 0.004005
3 3 0.003495 0.003722 0.092804 0.897152 0.002826
3 3 0.003001 0.003235 0.087719 0.903638 0.002407
3 3 0.007501 0.007506 0.122306 0.856362 0.006325
3 3 0.008752 0.008647 0.129108 0.846048 0.007444
3 3 0.010284 0.010771 0.152949 0.816383 0.009614
3 3 0.013744 0.013619 0.160533 0.799512 0.012592
3 3 0.012223 0.011744 0.144792 0.820647 0.010594
3 3 0.016371 0.015342 0.159500 0.794357 0.014430
3 3 0.014302 0.013507 0.152506 0.807285 0.012401
3 3 0.011234 0.010871 0.140712 0.827493 0.009690
3 3 0.008132 0.007888 0.125324 0.852130 0.006526
3 3 0.004395 0.004595 0.100940 0.886471 0.003599
3 3 0.003028 0.003262 0.088009 0.903271 0.002430
3 3 0.004153 0.004362 0.098872 0.889223 0.003390
3 3 0.009585 0.009588 0.137546 0.834892 0.008390
3 3 0.038617 0.028034 0.202071 0.707192 0.024086
3 3 0.071030 0.047981 0.247741 0.590397 0.042852
3 3 0.046814 0.034683 0.233846 0.654560 0.030097
3 3 0.028821 0.032538 0.312765 0.600814 0.025063
3 3 0.009767 0.018046 0.325168 0.633849 0.013170
3 3 0.010828 0.024488 0.422867 0.526308 0.015509
3 3 0.016959 0.024805 0.302159 0.634219 0.021859
3 3 0.013318 0.015849 0.209617 0.746080 0.015136
3 3 0.013442 0.018356 0.253163 0.696265 0.018774
3 3 0.011843 0.014541 0.208567 0.751338 0.013711
3 3 0.015323 0.019834 0.252176 0.692903 0.019764
3 3 0.026110 0.030416 0.269099 0.641883 0.032492
3 3 0.018711 0.021499 0.230531 0.707678 0.021580
3 3 0.013577 0.016330 0.214829 0.739581 0.015682
3 3 0.018344 0.026091 0.302947 0.628147 0.024472
3 3 0.019099 0.024190 0.265092 0.667879 0.023739
3 3 0.012182 0.013528 0.181237 0.780502 0.012551
3 3 0.009294 0.010112 0.154840 0.816805 0.008949
3 3 0.021967 0.019337 0.187256 0.754214 0.017225
3 3 0.027507 0.025917 0.202169 0.717802 0.026606
3 3 0.029027 0.027935 0.226754 0.688477 0.027807
3 3 0.016934 0.016795 0.181351 0.769146 0.015775
3 3 0.011005 0.013650 0.204940 0.757662 0.012744
3 3 0.008478 0.018295 0.372372 0.588469 0.012386
2 2 0.007275 0.023890 0.556834 0.397807 0.014193
2 2 0.005710 0.023202 0.616845 0.343520 0.010723
2 2 0.009440 0.031176 0.595402 0.345499 0.018483
2 2 0.007894 0.027315 0.589162 0.360830 0.014800
2 2 0.012447 0.037271 0.593264 0.330353 0.026666
2 2 0.018207 0.050503 0.606323 0.282295 0.042672
3 2 0.015918 0.031994 0.430634 0.491867 0.029587
3 2 0.020116 0.029535 0.330380 0.587298 0.032670
3 2 0.016846 0.025827 0.328619 0.602713 0.025996
2 2 0.057343 0.066019 0.410680 0.403181 0.062777
2 2 0.089740 0.095403 0.476459 0.270673 0.067725
2 2 0.197502 0.122588 0.365471 0.230115 0.084325
2 2 0.186074 0.168686 0.431264 0.115329 0.098647
2 2 0.112978 0.181646 0.535065 0.065821 0.104489
2 2 0.021508 0.079252 0.716797 0.134520 0.047923
2 2 0.008782 0.041680 0.749211 0.176299 0.024027
2 2 0.004849 0.031937 0.809505 0.139368 0.014341
2 2 0.003897 0.034424 0.865178 0.080888 0.015613
2 2 0.002683 0.033509 0.905306 0.045938 0.012565
2 2 0.002548 0.033673 0.910540 0.040757 0.012483
2 2 0.001370 0.020798 0.921732 0.050851 0.005248
2 2 0.002975 0.036148 0.906489 0.041053 0.013334
2 2 0.001419 0.018145 0.895109 0.080548 0.004780
2 2 0.002184 0.027408 0.906260 0.055795 0.008352
2 2 0.002138 0.030310 0.920326 0.038421 0.008805
2 2 0.009345 0.073786 0.834832 0.043018 0.039018
2 2 0.006962 0.078864 0.853728 0.019584 0.040863
2 2 0.002116 0.046436 0.923023 0.010568 0.017858
2 2 0.002374 0.065684 0.893161 0.004643 0.034137
2 2 0.003302 0.100209 0.820468 0.002081 0.073940
2 4 0.014730 0.173483 0.538450 0.003226 0.270111
2 4 0.024859 0.200140 0.413953 0.003545 0.357503
2 4 0.054107 0.265729 0.378469 0.002440 0.299256
2 4 0.031914 0.232776 0.433070 0.002669 0.299572
2 4 0.039123 0.234896 0.410126 0.003139 0.312716
4 4 0.019338 0.178073 0.344965 0.002771 0.454853
4 4 0.024831 0.128848 0.144771 0.002600 0.698950
4 4 0.024663 0.091603 0.071624 0.002371 0.809738
4 4 0.024051 0.081249 0.054100 0.002338 0.838262
4 4 0.034117 0.097946 0.073393 0.004394 0.790150
4 4 0.037298 0.106445 0.077435 0.003103 0.775718
4 4 0.028193 0.101385 0.072803 0.001387 0.796231
4 4 0.022163 0.088126 0.056978 0.000871 0.831862
4 4 0.013071 0.069421 0.047224 0.000657 0.869627
4 4 0.014978 0.067249 0.038022 0.000598 0.879154
4 4 0.018792 0.081189 0.055986 0.001046 0.842986
4 4 0.022723 0.119085 0.124260 0.002173 0.731759
4 4 0.021850 0.164980 0.252737 0.002512 0.557920
4 4 0.020586 0.179511 0.317143 0.002563 0.480197
4 4 0.018695 0.165181 0.258837 0.001948 0.555339
4 4 0.018706 0.128278 0.152227 0.001592 0.699198
4 4 0.015326 0.145911 0.202008 0.001250 0.635505
4 4 0.016411 0.158187 0.240013 0.001498 0.583891
4 4 0.020709 0.152492 0.218724 0.002101 0.605975
4 4 0.024592 0.150319 0.199013 0.002821 0.623255
4 4 0.015321 0.125523 0.150416 0.001126 0.707613
4 4 0.017035 0.157884 0.233684 0.001602 0.589794
4 4 0.144802 0.196740 0.127615 0.003629 0.527213
4 4 0.152292 0.216893 0.143684 0.004063 0.483069
4 4 0.113859 0.252236 0.262262 0.005956 0.365687
2 1 0.042392 0.244422 0.452411 0.003906 0.256869
2 1 0.013880 0.166016 0.702378 0.005600 0.112126
2 1 0.002364 0.068642 0.896287 0.003833 0.028874
2 2 0.001115 0.037646 0.944929 0.005667 0.010644
2 2 0.001000 0.034987 0.947760 0.005772 0.010480
2 2 0.001160 0.040947 0.937370 0.005176 0.015347
2 2 0.001434 0.052344 0.922224 0.003364 0.020635
2 2 0.001957 0.064440 0.901582 0.003275 0.028746
2 2 0.002396 0.076187 0.882539 0.002786 0.036091
2 2 0.001766 0.055885 0.916114 0.004026 0.022209
2 2 0.001461 0.042868 0.934530 0.006370 0.014770
2 2 0.001810 0.054548 0.917827 0.004385 0.021430
2 2 0.001668 0.045198 0.928632 0.006877 0.017625
2 2 0.001636 0.043334 0.931726 0.007824 0.015481
2 2 0.002174 0.054525 0.913885 0.006423 0.022993
2 2 0.002670 0.070428 0.883508 0.004403 0.038991
2 2 0.003498 0.091416 0.841102 0.003139 0.060845
2 2 0.004397 0.113335 0.792068 0.002375 0.087825
2 2 0.005413 0.135424 0.742455 0.001869 0.114839
2 2 0.007968 0.162982 0.664792 0.001876 0.162382
2 2 0.008978 0.181414 0.620724 0.001485 0.187399
2 2 0.009033 0.166582 0.646796 0.002285 0.175304
2 2 0.007192 0.150573 0.681956 0.002086 0.158194
2 2 0.003651 0.099494 0.812092 0.002736 0.082027
2 4 0.006895 0.148890 0.657805 0.001879 0.184532
2 4 0.007444 0.179593 0.609321 0.001059 0.202584
2 4 0.010437 0.184854 0.511985 0.001369 0.291357
2 4 0.012862 0.184205 0.404564 0.001452 0.396916
4 4 0.015021 0.181280 0.329742 0.001580 0.472377
4 4 0.014425 0.176733 0.319988 0.001408 0.487446
2 4 0.008925 0.185721 0.591477 0.001359 0.212518
2 4 0.009749 0.178697 0.583643 0.001798 0.226112
2 2 0.005233 0.138014 0.729384 0.001629 0.125741
2 2 0.005621 0.137946 0.713756 0.001828 0.140849
2 2 0.005056 0.126988 0.753413 0.002070 0.112473
2 2 0.005055 0.125528 0.769850 0.002029 0.097540
2 2 0.002428 0.076799 0.881361 0.002709 0.036703
2 2 0.003362 0.104686 0.822427 0.001794 0.067730
2 2 0.003603 0.117116 0.789503 0.001426 0.088351
2 2 0.007229 0.168326 0.620527 0.001270 0.202648
2 2 0.007712 0.179310 0.566159 0.000996 0.245824
2 2 0.006349 0.166955 0.626049 0.001018 0.199630
2 2 0.004854 0.149044 0.701005 0.000992 0.144105
2 2 0.004622 0.139937 0.735266 0.001155 0.119020
2 2 0.003460 0.113969 0.808442 0.001426 0.072703
2 2 0.005278 0.155526 0.729438 0.001056 0.108701
2 2 0.005011 0.145601 0.752788 0.001216 0.095384
2 2 0.003546 0.113756 0.825762 0.001446 0.055491
2 2 0.004304 0.127242 0.781259 0.001440 0.085755
2 2 0.004119 0.094736 0.837555 0.003735 0.059855
2 2 0.004524 0.090691 0.833467 0.005600 0.065719
2 2 0.007686 0.134637 0.740139 0.003617 0.113922
2 2 0.006685 0.137166 0.744505 0.002532 0.109112
2 2 0.005769 0.127938 0.787665 0.002575 0.076053
2 2 0.005619 0.146894 0.734989 0.001410 0.111087
2 2 0.001723 0.057335 0.916976 0.003389 0.020577
2 2 0.001910 0.065516 0.902263 0.002699 0.027613
2 2 0.001857 0.060635 0.910176 0.003337 0.023995
2 2 0.002209 0.071181 0.893524 0.002736 0.030350
2 2 0.001232 0.045341 0.935593 0.003558 0.014275
2 2 0.001383 0.052639 0.925684 0.002648 0.017646
2 2 0.001066 0.038490 0.945448 0.004226 0.010770
2 2 0.001699 0.055624 0.919946 0.003407 0.019325
2 2 0.002856 0.087351 0.866575 0.002256 0.040961
2 2 0.002491 0.079892 0.881648 0.002424 0.033545
2 2 0.004247 0.116748 0.808904 0.001935 0.068166
2 2 0.003234 0.085172 0.870468 0.003241 0.037885
2 2 0.002266 0.068634 0.899322 0.003364 0.026415
2 2 0.002097 0.059718 0.911586 0.004378 0.022221
2 2 0.001406 0.042613 0.935668 0.005827 0.014486
2 2 0.002079 0.052477 0.919697 0.006398 0.019349
2 2 0.002822 0.071814 0.888475 0.004465 0.032424
2 2 0.002949 0.071658 0.888961 0.004748 0.031684
2 2 0.002742 0.075999 0.881544 0.003437 0.036278
2 2 0.002170 0.065181 0.902665 0.003444 0.026540
2 2 0.001308 0.044354 0.936160 0.004351 0.013828
2 2 0.000641 0.022889 0.964393 0.007801 0.004276
2 2 0.000411 0.014209 0.968410 0.014740 0.002230
2 2 0.000490 0.016611 0.967294 0.012795 0.002809
2 2 0.000864 0.029477 0.955413 0.006924 0.007322
2 2 0.000895 0.030947 0.953137 0.006809 0.008212
2 2 0.001351 0.043519 0.935804 0.005483 0.013843
2 2 0.001611 0.044456 0.930071 0.007379 0.016484
2 2 0.000870 0.025247 0.954302 0.012455 0.007126
2 2 0.001966 0.051849 0.916747 0.006574 0.022864
2 2 0.001043 0.023854 0.950442 0.019339 0.005323
2 2 0.000807 0.018116 0.948183 0.029141 0.003752
2 2 0.000535 0.013188 0.949160 0.034676 0.002441
2 2 0.000796 0.014988 0.931160 0.049777 0.003279
2 2 0.001070 0.023139 0.945688 0.024018 0.006085
2 2 0.001551 0.028562 0.936518 0.024542 0.008827
2 2 0.001913 0.033645 0.930212 0.022173 0.012057
2 2 0.002380 0.036099 0.923549 0.025948 0.012023
2 2 0.041152 0.127565 0.736158 0.035335 0.059791
2 2 0.286274 0.194433 0.380729 0.055574 0.082990
0 1 0.358243 0.233462 0.275193 0.033287 0.099816
0 1 0.514519 0.230392 0.155763 0.011597 0.087729
0 2 0.350145 0.219525 0.164141 0.013034 0.253155
0 2 0.586271 0.173090 0.087054 0.009509 0.144076
0 0 0.618755 0.147782 0.044034 0.005653 0.183776
0 0 0.653747 0.135119 0.034916 0.005012 0.171206
0 0 0.760180 0.102659 0.017553 0.002197 0.117411
0 0 0.430596 0.161905 0.037412 0.001977 0.368110
4 0 0.144773 0.150726 0.053889 0.001743 0.648870
4 0 0.106735 0.143341 0.057422 0.001447 0.691056
4 0 0.122710 0.155908 0.065027 0.001548 0.654806
4 0 0.170571 0.178970 0.078258 0.002028 0.570173
4 0 0.336237 0.203500 0.076333 0.002783 0.381147
4 0 0.330925 0.180336 0.062994 0.003783 0.421962
0 0 0.443005 0.198082 0.069859 0.004359 0.284695
0 1 0.459020 0.237982 0.102515 0.003768 0.196714
4 1 0.215656 0.253103 0.128131 0.002106 0.401004
2 1 0.091810 0.295176 0.317265 0.002246 0.293502
4 2 0.054233 0.242306 0.334973 0.003547 0.364941
4 2 0.052859 0.215016 0.265734 0.004333 0.462058
4 2 0.133065 0.219681 0.198392 0.005036 0.443827
4 2 0.162019 0.213258 0.170386 0.007135 0.447203
4 2 0.172430 0.219735 0.183266 0.009473 0.415096
4 1 0.197077 0.178036 0.082177 0.004041 0.538669
4 1 0.282788 0.200316 0.081083 0.003105 0.432708
4 1 0.020756 0.139896 0.174204 0.002027 0.663116
2 1 0.018205 0.195390 0.425998 0.002665 0.357742
2 1 0.009485 0.145330 0.725142 0.004201 0.115843
2 2 0.002572 0.055389 0.913186 0.008972 0.019881
2 2 0.001112 0.032118 0.950213 0.008952 0.007604
2 2 0.001042 0.033957 0.949746 0.006307 0.008947
2 2 0.000944 0.026447 0.955216 0.011653 0.005739
2 2 0.002324 0.056453 0.914000 0.006475 0.020748
2 2 0.002737 0.059762 0.905702 0.008292 0.023507
2 2 0.002526 0.058321 0.907120 0.007522 0.024511
2 2 0.001590 0.051367 0.924699 0.004235 0.018109
2 2 0.001702 0.056747 0.916775 0.003496 0.021280
2 2 0.002266 0.061927 0.906256 0.004557 0.024995
2 2 0.002334 0.058941 0.908092 0.006174 0.024459
2 2 0.003928 0.068241 0.884413 0.011033 0.032385
2 2 0.003658 0.058979 0.893304 0.015608 0.028451
2 2 0.003651 0.064384 0.885814 0.011027 0.035125
2 2 0.004316 0.087280 0.841219 0.005517 0.061667
2 2 0.004867 0.116678 0.784973 0.002567 0.090916
2 2 0.003755 0.106399 0.820049 0.002203 0.067594
2 2 0.002976 0.086288 0.863862 0.002899 0.043975
2 2 0.002720 0.084127 0.866464 0.002536 0.044153
2 2 0.002818 0.087059 0.861789 0.002382 0.045952
2 2 0.005859 0.138602 0.745099 0.002046 0.108394
2 2 0.012974 0.193670 0.468846 0.001619 0.322891
