0 0 0.358011 0.277091 0.247320 0.024209 0.093368
0 0 0.720317 0.127003 0.072789 0.009728 0.070164
0 0 0.648659 0.155784 0.079142 0.006050 0.110365
0 0 0.557491 0.171728 0.089806 0.007272 0.173703
0 0 0.446035 0.205315 0.101052 0.006970 0.240628
0 0 0.396783 0.183167 0.096177 0.007147 0.316726
4 0 0.255560 0.143272 0.085991 0.008714 0.506463
4 0 0.277048 0.112395 0.080426 0.013495 0.516636
4 0 0.332057 0.072691 0.063850 0.015666 0.515736
4 0 0.313692 0.085592 0.079652 0.033149 0.487914
0 1 0.340496 0.167478 0.131382 0.068334 0.292309
0 1 0.590524 0.135302 0.105628 0.054029 0.114516
2 2 0.113380 0.097524 0.475311 0.283190 0.030595
2 2 0.210293 0.078191 0.370233 0.321282 0.020002
3 2 0.231911 0.064871 0.329135 0.357772 0.016311
2 2 0.149697 0.088808 0.615892 0.129619 0.015985
2 2 0.255522 0.068990 0.659422 0.011455 0.004611
2 2 0.369333 0.029998 0.597672 0.001439 0.001557
2 2 0.398824 0.040681 0.557463 0.001058 0.001974
2 2 0.196440 0.054617 0.744652 0.001614 0.002677
2 2 0.170283 0.068861 0.753651 0.002087 0.005117
2 2 0.098040 0.051410 0.844906 0.001858 0.003785
2 2 0.054509 0.033265 0.907923 0.002110 0.002193
2 2 0.217299 0.053937 0.720972 0.005200 0.002593
0 1 0.485573 0.109605 0.384179 0.012173 0.008470
0 1 0.521962 0.199378 0.243084 0.009571 0.026005
0 1 0.760039 0.078935 0.108356 0.039385 0.013284
0 1 0.706387 0.104536 0.112515 0.055337 0.021224
0 0 0.747295 0.045130 0.085975 0.112635 0.008965
0 0 0.814233 0.036623 0.074230 0.069497 0.005417
0 1 0.886339 0.079748 0.027989 0.000936 0.004989
0 1 0.729359 0.175313 0.069192 0.004588 0.021549
1 0 0.356191 0.388638 0.148157 0.012529 0.094486
4 0 0.207493 0.115645 0.071253 0.006469 0.599140
4 0 0.119909 0.094461 0.067452 0.011967 0.706212
4 0 0.106999 0.067151 0.052906 0.010295 0.762649
4 1 0.144557 0.089922 0.069678 0.015952 0.679891
4 1 0.117089 0.189007 0.125205 0.041717 0.526983
4 1 0.124260 0.208686 0.135352 0.046513 0.485189
4 2 0.133075 0.189312 0.171251 0.060869 0.445494
2 2 0.048684 0.137744 0.460765 0.123581 0.229226
2 2 0.025939 0.090869 0.694835 0.073167 0.115190
2 2 0.006733 0.045976 0.894335 0.032005 0.020951
2 2 0.004361 0.032472 0.937205 0.017743 0.008219
2 2 0.002140 0.021963 0.958140 0.012072 0.005684
2 2 0.000509 0.007723 0.982662 0.008015 0.001090
2 2 0.000145 0.003071 0.979435 0.016929 0.000421
2 2 0.000202 0.003629 0.977217 0.018454 0.000498
2 2 0.000214 0.003623 0.955559 0.039977 0.000626
2 2 0.000303 0.004948 0.922158 0.071459 0.001132
2 2 0.000424 0.004967 0.845413 0.147867 0.001329
2 2 0.000317 0.003145 0.761094 0.234620 0.000823
2 2 0.000409 0.003286 0.708349 0.287056 0.000900
2 2 0.000490 0.003361 0.641924 0.353252 0.000974
2 3 0.000550 0.003638 0.589117 0.405571 0.001125
2 3 0.000439 0.002576 0.514468 0.481735 0.000782
2 3 0.000487 0.002739 0.510996 0.484935 0.000843
2 3 0.000682 0.003977 0.506373 0.487622 0.001346
2 3 0.000853 0.005381 0.501601 0.490187 0.001978
3 3 0.001030 0.005752 0.451926 0.539055 0.002236
2 3 0.000410 0.002474 0.514068 0.482302 0.000746
3 3 0.000206 0.001247 0.417284 0.580909 0.000354
3 3 0.000333 0.001563 0.367968 0.629650 0.000485
3 3 0.000377 0.001500 0.266015 0.731586 0.000522
3 3 0.000556 0.001981 0.241318 0.755385 0.000760
3 3 0.000615 0.002723 0.339663 0.656007 0.000993
3 3 0.000799 0.004490 0.476386 0.516718 0.001607
3 3 0.001203 0.006227 0.457848 0.532287 0.002435
3 3 0.001402 0.006835 0.416870 0.572052 0.002841
3 3 0.001137 0.004701 0.328163 0.664033 0.001965
3 3 0.000715 0.002119 0.248993 0.747370 0.000802
3 3 0.000467 0.001564 0.236473 0.760926 0.000569
3 3 0.000615 0.001329 0.168136 0.829407 0.000514
3 3 0.001176 0.002701 0.226000 0.769021 0.001102
3 3 0.000992 0.002130 0.181859 0.814127 0.000892
3 3 0.002410 0.005502 0.277260 0.712398 0.002430
3 3 0.001714 0.003741 0.193910 0.798891 0.001745
3 3 0.001518 0.003311 0.187258 0.806392 0.001522
3 3 0.000693 0.001782 0.140301 0.856420 0.000805
3 3 0.000816 0.002042 0.148480 0.847733 0.000930
3 3 0.000887 0.001576 0.100351 0.896424 0.000763
3 3 0.001854 0.003321 0.143279 0.849878 0.001669
3 3 0.001242 0.001558 0.095985 0.900474 0.000742
3 3 0.000770 0.001113 0.096043 0.901577 0.000496
3 3 0.000566 0.001068 0.113922 0.883993 0.000452
3 3 0.000419 0.001041 0.127544 0.870568 0.000429
3 3 0.000707 0.001711 0.151822 0.845022 0.000738
3 3 0.000624 0.001416 0.152687 0.844693 0.000580
3 3 0.000652 0.001630 0.222236 0.774883 0.000599
3 3 0.000848 0.003012 0.341768 0.653273 0.001100
3 3 0.001129 0.003680 0.254491 0.739115 0.001585
3 3 0.000757 0.001878 0.202085 0.794540 0.000741
3 3 0.000487 0.001584 0.260173 0.737201 0.000555
3 3 0.000408 0.000904 0.172719 0.825652 0.000317
3 3 0.000595 0.001242 0.159231 0.838451 0.000482
3 3 0.000677 0.001412 0.143554 0.853769 0.000588
3 3 0.001370 0.002819 0.172807 0.821722 0.001282
3 3 0.001442 0.002498 0.140473 0.854406 0.001180
3 3 0.011426 0.010271 0.197140 0.776510 0.004653
3 3 0.049494 0.029958 0.314183 0.595943 0.010422
2 3 0.275641 0.098512 0.298552 0.295663 0.031631
0 2 0.464891 0.155884 0.204255 0.124710 0.050262
0 1 0.543493 0.196954 0.131658 0.051092 0.076803
0 2 0.657302 0.152984 0.110831 0.030630 0.048254
0 2 0.573465 0.168291 0.170678 0.042667 0.044899
0 1 0.537796 0.129970 0.220474 0.081883 0.029877
0 1 0.550307 0.126958 0.192761 0.096895 0.033079
0 1 0.681968 0.105475 0.092375 0.086053 0.034130
0 1 0.634175 0.153538 0.103322 0.040063 0.068902
0 2 0.376054 0.254147 0.153910 0.050269 0.165621
0 2 0.290371 0.262738 0.142500 0.023879 0.280512
2 2 0.122832 0.312572 0.356931 0.025393 0.182273
2 2 0.024470 0.204015 0.668101 0.026397 0.077016
2 2 0.050443 0.252462 0.458252 0.017730 0.221112
2 2 0.022736 0.181161 0.652034 0.015951 0.128118
2 2 0.006806 0.088186 0.830104 0.018953 0.055951
2 2 0.005278 0.071479 0.857020 0.016361 0.049862
2 2 0.002097 0.041712 0.913885 0.018518 0.023788
2 2 0.002741 0.037436 0.884344 0.054895 0.020584
2 2 0.003073 0.031049 0.852523 0.097970 0.015384
2 2 0.033809 0.170512 0.632602 0.065342 0.097734
2 2 0.046663 0.261935 0.500260 0.022803 0.168340
2 2 0.067140 0.301004 0.437809 0.011295 0.182751
2 2 0.028344 0.155088 0.630312 0.018993 0.167263
2 2 0.015791 0.116570 0.798221 0.025282 0.044136
2 2 0.017726 0.152964 0.727499 0.015601 0.086210
2 2 0.005301 0.075105 0.861397 0.028307 0.029890
2 2 0.000597 0.017676 0.931276 0.044767 0.005684
2 2 0.001198 0.024143 0.888710 0.077108 0.008841
2 2 0.000961 0.016483 0.839176 0.137379 0.006001
2 2 0.003238 0.036787 0.852317 0.082236 0.025422
2 2 0.003671 0.037689 0.832282 0.098406 0.027953
2 2 0.001997 0.032775 0.882339 0.063777 0.019112
2 2 0.003224 0.043189 0.862691 0.058964 0.031932
2 2 0.001420 0.028435 0.895632 0.061781 0.012732
2 2 0.002157 0.038451 0.885629 0.054847 0.018916
2 2 0.002019 0.036996 0.863981 0.081870 0.015134
2 2 0.002837 0.043704 0.836843 0.095824 0.020792
2 2 0.001623 0.024624 0.773399 0.188494 0.011859
2 2 0.001508 0.023722 0.818681 0.143591 0.012498
2 2 0.001812 0.026797 0.824985 0.130981 0.015425
2 2 0.000657 0.014091 0.908080 0.070816 0.006356
2 2 0.000483 0.012006 0.921786 0.061443 0.004282
2 2 0.000289 0.009258 0.921650 0.066082 0.002721
2 2 0.000434 0.008127 0.855782 0.133161 0.002495
2 2 0.000523 0.006470 0.756381 0.234575 0.002050
2 2 0.000336 0.006028 0.869580 0.122366 0.001689
2 2 0.000362 0.007433 0.878688 0.111339 0.002178
2 2 0.000179 0.005235 0.917484 0.075740 0.001362
2 2 0.000244 0.006509 0.889045 0.102339 0.001862
2 2 0.002386 0.019277 0.824545 0.145576 0.008216
2 2 0.002426 0.021481 0.844308 0.124045 0.007741
2 2 0.000674 0.017234 0.936360 0.040377 0.005355
2 2 0.000818 0.015729 0.956988 0.022925 0.003540
2 2 0.000119 0.003862 0.963640 0.031555 0.000825
2 2 0.000100 0.003323 0.958638 0.037236 0.000702
2 2 0.000172 0.005120 0.935215 0.058221 0.001272
2 2 0.000606 0.008718 0.797434 0.190377 0.002864
2 2 0.001123 0.012322 0.661010 0.320618 0.004928
2 2 0.001401 0.012565 0.591296 0.389432 0.005305
2 2 0.000845 0.007436 0.609732 0.379257 0.002729
2 2 0.001316 0.008333 0.599183 0.388085 0.003083
2 2 0.000747 0.006567 0.639836 0.350574 0.002275
2 2 0.000920 0.006737 0.623240 0.366755 0.002348
3 2 0.000904 0.005571 0.486751 0.504683 0.002091
2 2 0.000962 0.008428 0.629498 0.357988 0.003124
2 2 0.000713 0.005459 0.572434 0.419485 0.001910
2 2 0.000656 0.005315 0.527039 0.465049 0.001941
3 3 0.000733 0.003561 0.354799 0.639541 0.001367
3 3 0.000950 0.003346 0.323899 0.670523 0.001281
3 3 0.000678 0.002892 0.274370 0.720892 0.001168
3 3 0.001401 0.005083 0.310469 0.680857 0.002191
3 3 0.000770 0.001540 0.145828 0.851214 0.000648
3 3 0.000665 0.001669 0.173089 0.823896 0.000682
3 3 0.000825 0.001884 0.174141 0.822367 0.000784
3 3 0.001421 0.004038 0.222918 0.769769 0.001854
3 3 0.001477 0.004522 0.220690 0.771155 0.002155
3 3 0.001261 0.004767 0.252029 0.739724 0.002218
3 3 0.001089 0.003410 0.185747 0.808121 0.001634
3 3 0.001423 0.002381 0.136233 0.858841 0.001122
3 3 0.001283 0.002633 0.173199 0.821709 0.001177
3 3 0.000723 0.001243 0.099046 0.898417 0.000571
3 3 0.001798 0.002944 0.117938 0.875781 0.001540
3 3 0.001506 0.002951 0.130780 0.863257 0.001507
3 3 0.000450 0.001185 0.145216 0.852669 0.000481
3 3 0.000345 0.000984 0.167339 0.830968 0.000364
3 3 0.000289 0.000576 0.090616 0.908288 0.000231
3 3 0.000991 0.002067 0.128844 0.867116 0.000982
3 3 0.001264 0.002014 0.091051 0.904609 0.001062
3 3 0.000802 0.001838 0.103139 0.893288 0.000933
3 3 0.000890 0.002262 0.128825 0.866906 0.001116
3 3 0.000617 0.001117 0.066845 0.930838 0.000583
3 3 0.000490 0.000761 0.055689 0.942677 0.000384
3 3 0.000693 0.000755 0.051102 0.947070 0.000380
3 3 0.001083 0.001050 0.053422 0.943889 0.000557
3 3 0.001115 0.002478 0.146300 0.848932 0.001175
3 3 0.001046 0.002940 0.177328 0.817314 0.001373
3 3 0.000959 0.003509 0.281758 0.712327 0.001447
3 3 0.001209 0.005130 0.361037 0.630520 0.002103
3 3 0.000761 0.003321 0.327668 0.666963 0.001286
3 3 0.000786 0.002413 0.174039 0.821669 0.001092
3 3 0.000666 0.001986 0.161300 0.835165 0.000882
3 3 0.000502 0.001236 0.108819 0.888879 0.000564
3 3 0.000633 0.001067 0.081043 0.916748 0.000509
3 3 0.000531 0.000805 0.056164 0.942090 0.000409
3 3 0.000987 0.001102 0.054983 0.942337 0.000592
3 3 0.001946 0.002319 0.071390 0.922993 0.001352
3 3 0.000931 0.002395 0.140407 0.855107 0.001160
3 3 0.000819 0.001711 0.125170 0.871514 0.000786
3 3 0.000347 0.000592 0.086731 0.912090 0.000240
3 3 0.001298 0.002349 0.122054 0.873140 0.001160
3 3 0.001458 0.002275 0.135392 0.859817 0.001057
3 3 0.000877 0.001824 0.155155 0.841362 0.000782
3 3 0.000947 0.002340 0.164281 0.831376 0.001056
3 3 0.000919 0.002303 0.165507 0.830237 0.001034
3 3 0.000928 0.001945 0.132672 0.863554 0.000901
3 3 0.001053 0.001726 0.113266 0.883147 0.000809
3 3 0.001915 0.002287 0.093218 0.901379 0.001201
3 3 0.002379 0.002825 0.097742 0.895524 0.001530
3 3 0.002442 0.002576 0.075563 0.917929 0.001490
3 3 0.004772 0.004670 0.089356 0.898307 0.002895
3 3 0.001607 0.002164 0.096319 0.898791 0.001119
3 3 0.001133 0.002220 0.116641 0.878897 0.001109
3 3 0.000917 0.002063 0.127481 0.868549 0.000990
3 3 0.000748 0.001747 0.120290 0.876388 0.000827
3 3 0.000525 0.001107 0.101597 0.896272 0.000498
3 3 0.000569 0.001049 0.078466 0.919407 0.000509
3 3 0.000787 0.001475 0.089724 0.907278 0.000737
3 3 0.001602 0.003170 0.124796 0.868754 0.001677
3 3 0.001194 0.001969 0.099937 0.895901 0.000999
3 3 0.001695 0.002184 0.100624 0.894389 0.001109
3 3 0.000977 0.001172 0.073913 0.923362 0.000575
3 3 0.000682 0.001487 0.132549 0.864634 0.000649
3 3 0.000933 0.001408 0.099930 0.897074 0.000655
3 3 0.006052 0.008928 0.360337 0.621666 0.003017
2 2 0.021567 0.034526 0.542999 0.389891 0.011017
2 2 0.033258 0.088228 0.684082 0.166242 0.028191
2 2 0.033689 0.107175 0.597226 0.212464 0.049446
2 2 0.031622 0.126729 0.631672 0.150626 0.059351
2 2 0.011663 0.078971 0.631756 0.231903 0.045707
2 2 0.003358 0.055798 0.918328 0.011067 0.011449
2 2 0.007434 0.103454 0.865117 0.006212 0.017783
2 2 0.020731 0.182658 0.763177 0.004880 0.028554
2 2 0.039114 0.282464 0.626582 0.003967 0.047873
2 2 0.026068 0.231595 0.684836 0.006276 0.051225
2 2 0.006493 0.098808 0.871168 0.005710 0.017821
2 2 0.001931 0.036278 0.942656 0.011806 0.007330
2 2 0.001296 0.029658 0.942980 0.018503 0.007563
2 2 0.001167 0.026324 0.922263 0.038366 0.011880
2 4 0.002693 0.042438 0.869910 0.061428 0.023531
2 4 0.016443 0.110418 0.668745 0.042067 0.162326
2 4 0.008377 0.081668 0.788047 0.035995 0.085913
2 4 0.027223 0.147753 0.528093 0.024702 0.272228
2 4 0.026295 0.142434 0.537648 0.025883 0.267740
4 4 0.044472 0.164182 0.348678 0.022623 0.420045
2 4 0.025535 0.138171 0.564104 0.046671 0.225519
2 4 0.044587 0.165822 0.388361 0.048473 0.352757
4 4 0.061105 0.185224 0.278594 0.041126 0.433951
4 4 0.057046 0.197262 0.331821 0.067667 0.346204
4 4 0.069338 0.171395 0.209488 0.031821 0.517958
4 4 0.055250 0.165987 0.291014 0.035757 0.451992
4 4 0.053598 0.186233 0.343741 0.060395 0.356033
4 4 0.066458 0.205138 0.276761 0.057518 0.394125
4 4 0.062078 0.193614 0.267988 0.032113 0.444206
4 4 0.057117 0.207340 0.316752 0.037836 0.380956
4 4 0.050598 0.196406 0.347503 0.032425 0.373068
2 4 0.048581 0.246963 0.511009 0.016645 0.176802
2 4 0.117590 0.348274 0.405311 0.003344 0.125481
1 4 0.310137 0.352358 0.190627 0.009528 0.137350
1 4 0.197747 0.424317 0.214611 0.011670 0.151655
4 4 0.063421 0.060535 0.041784 0.004846 0.829414
4 4 0.060321 0.055178 0.037985 0.003980 0.842536
4 4 0.071937 0.076891 0.053451 0.008123 0.789597
4 4 0.090993 0.126019 0.089036 0.025124 0.668828
4 4 0.059241 0.182991 0.264138 0.025542 0.468087
4 4 0.048453 0.181816 0.325722 0.020046 0.423963
4 4 0.073534 0.164365 0.176887 0.027005 0.558208
4 4 0.077709 0.128229 0.113202 0.018729 0.662131
4 4 0.088760 0.118942 0.083863 0.021872 0.686563
4 4 0.081749 0.099423 0.069676 0.014415 0.734736
4 4 0.086401 0.111966 0.078779 0.018966 0.703887
4 4 0.078451 0.091327 0.063827 0.011894 0.754501
4 4 0.076754 0.087380 0.060984 0.010775 0.764108
4 4 0.080445 0.096150 0.067309 0.013359 0.742737
4 4 0.073782 0.080792 0.056249 0.009056 0.780120
4 4 0.078669 0.109918 0.086761 0.015228 0.709423
4 4 0.084114 0.105618 0.074165 0.016560 0.719543
4 4 0.088301 0.117546 0.082844 0.021268 0.690040
4 4 0.091380 0.127300 0.089974 0.025747 0.665600
4 4 0.074966 0.144452 0.142771 0.021504 0.616308
4 4 0.078535 0.117369 0.096823 0.016678 0.690596
4 4 0.075684 0.113870 0.096829 0.014815 0.698802
4 4 0.074883 0.128336 0.119024 0.017453 0.660304
4 4 0.059348 0.142526 0.187795 0.013974 0.596356
4 4 0.063616 0.145754 0.179045 0.016688 0.594898
2 2 0.025598 0.142428 0.531788 0.018815 0.281371
2 2 0.009600 0.094474 0.768977 0.022675 0.104273
2 2 0.005186 0.063408 0.845892 0.016749 0.068764
2 2 0.002045 0.034479 0.916538 0.016881 0.030057
2 2 0.001679 0.031912 0.925725 0.017417 0.023266
2 2 0.013739 0.098847 0.649250 0.007994 0.230171
2 2 0.008216 0.079746 0.768631 0.008674 0.134733
2 2 0.006165 0.068626 0.816604 0.009645 0.098959
2 2 0.003918 0.053477 0.870795 0.011121 0.060689
2 2 0.003156 0.046140 0.889910 0.015089 0.045704
2 2 0.005642 0.066547 0.836977 0.017809 0.073025
2 2 0.006975 0.074132 0.811150 0.018987 0.088756
2 2 0.008627 0.082241 0.780464 0.019591 0.109077
2 2 0.004342 0.058504 0.863712 0.021728 0.051715
2 2 0.003643 0.054467 0.878368 0.021246 0.042276
2 2 0.001272 0.028353 0.929203 0.026888 0.014285
2 2 0.000787 0.020186 0.933312 0.037332 0.008383
2 2 0.000631 0.016833 0.947142 0.027421 0.007974
2 2 0.000617 0.016132 0.937382 0.038724 0.007144
2 2 0.001559 0.028906 0.917322 0.033847 0.018366
2 2 0.000848 0.020599 0.933723 0.035314 0.009515
2 2 0.000706 0.019090 0.950941 0.019979 0.009283
2 2 0.000330 0.012488 0.953339 0.030287 0.003557
2 2 0.000312 0.012267 0.956903 0.027085 0.003434
2 2 0.001361 0.031265 0.922016 0.031989 0.013369
2 2 0.000625 0.016740 0.938882 0.036627 0.007126
2 2 0.000525 0.014352 0.913474 0.066564 0.005084
2 2 0.000827 0.019535 0.927856 0.042689 0.009092
2 2 0.000604 0.016001 0.919787 0.057612 0.005995
2 2 0.000304 0.010759 0.938026 0.047767 0.003144
2 2 0.000466 0.014362 0.928337 0.052324 0.004511
2 2 0.002954 0.042059 0.832450 0.099474 0.023063
2 1 0.015770 0.116761 0.715908 0.094142 0.057420
2 1 0.046585 0.239183 0.530571 0.029517 0.154145
2 2 0.095583 0.365442 0.386785 0.018199 0.133991
2 2 0.002957 0.059836 0.913839 0.009714 0.013655
2 2 0.004961 0.084028 0.882151 0.009297 0.019562
2 2 0.002843 0.058572 0.918619 0.007861 0.012106
2 2 0.002612 0.056867 0.924474 0.005573 0.010474
2 2 0.001059 0.029463 0.955952 0.008114 0.005413
2 2 0.000445 0.014696 0.963593 0.018046 0.003219
2 2 0.000603 0.019113 0.960493 0.015622 0.004169
2 2 0.000453 0.014248 0.956982 0.025003 0.003314
2 2 0.001290 0.022838 0.953059 0.018393 0.004420
2 2 0.001182 0.024390 0.945934 0.022957 0.005538
2 2 0.001151 0.027035 0.955693 0.011069 0.005052
2 2 0.000563 0.014773 0.959451 0.022040 0.003173
2 2 0.000871 0.022750 0.956729 0.015100 0.004550
2 2 0.001975 0.016773 0.927588 0.050403 0.003260
2 2 0.013822 0.038613 0.869524 0.070986 0.007055
2 1 0.033828 0.075846 0.831375 0.045428 0.013523
2 1 0.058790 0.147357 0.733937 0.030103 0.029813
2 2 0.118306 0.328760 0.443602 0.020497 0.088834
2 2 0.092071 0.315227 0.408646 0.032005 0.152051
2 2 0.041309 0.229983 0.521064 0.068476 0.139169
2 2 0.015071 0.151548 0.744947 0.031398 0.057036
2 2 0.006237 0.096248 0.858944 0.012610 0.025961
2 2 0.001942 0.044559 0.930756 0.012122 0.010621
2 2 0.002615 0.053768 0.918580 0.012204 0.012834
2 2 0.002315 0.048264 0.925555 0.012869 0.010998
2 2 0.006264 0.094091 0.867834 0.010336 0.021475
2 2 0.006254 0.086464 0.878186 0.010842 0.018254
2 2 0.003542 0.053231 0.913198 0.017831 0.012198
2 2 0.009857 0.106807 0.844787 0.015082 0.023466
2 2 0.055382 0.178578 0.725402 0.013472 0.027167
2 2 0.271960 0.317373 0.358780 0.007877 0.044009
0 2 0.569048 0.243490 0.124809 0.014418 0.048235
0 0 0.467460 0.273852 0.143437 0.033214 0.082037
1 1 0.226042 0.408629 0.178046 0.028179 0.159104
4 2 0.121735 0.178157 0.112944 0.026888 0.560277
2 2 0.030429 0.191234 0.578866 0.023211 0.176259
2 2 0.019606 0.171227 0.699339 0.022729 0.087099
2 2 0.002975 0.057854 0.882370 0.033668 0.023133
2 2 0.001482 0.037375 0.923046 0.025196 0.012901
2 2 0.000678 0.022088 0.947634 0.022747 0.006853
2 2 0.000648 0.021949 0.957202 0.014497 0.005704
2 2 0.000483 0.017336 0.961461 0.016400 0.004321
2 2 0.000554 0.019899 0.962499 0.012259 0.004790
2 2 0.000403 0.015349 0.958010 0.021850 0.004388
2 2 0.000482 0.016090 0.945314 0.033227 0.004887
2 2 0.000701 0.019315 0.922575 0.050974 0.006435
2 2 0.000581 0.017610 0.934792 0.041414 0.005603
2 2 0.000680 0.019283 0.927446 0.046248 0.006343
2 2 0.000496 0.015686 0.937025 0.041915 0.004878
2 2 0.000438 0.014243 0.937473 0.043486 0.004361
2 2 0.000474 0.012547 0.939633 0.043792 0.003553
2 2 0.000913 0.015570 0.925778 0.053549 0.004190
2 2 0.000975 0.016953 0.916277 0.060956 0.004840
2 2 0.000627 0.015784 0.915408 0.063048 0.005133
2 2 0.000465 0.014146 0.925309 0.055616 0.004464
2 2 0.000301 0.007679 0.927496 0.062427 0.002097
2 2 0.000203 0.006769 0.942650 0.048613 0.001765
2 2 0.000345 0.009276 0.948187 0.040019 0.002172
2 2 0.000234 0.007691 0.931644 0.058307 0.002124
2 2 0.000336 0.007463 0.914647 0.075491 0.002062
2 2 0.000400 0.008878 0.875666 0.112318 0.002738
2 2 0.000516 0.011381 0.922030 0.063056 0.003018
2 2 0.000881 0.011837 0.840230 0.143295 0.003756
2 2 0.000662 0.010635 0.858359 0.127003 0.003341
2 2 0.000815 0.012890 0.869334 0.113007 0.003954
2 2 0.001305 0.013906 0.794147 0.185835 0.004807
2 2 0.001211 0.014107 0.768551 0.210894 0.005238
2 2 0.001203 0.010360 0.719099 0.265655 0.003683
2 2 0.000955 0.007277 0.674746 0.314664 0.002358
2 2 0.000456 0.006492 0.828731 0.162485 0.001836
2 2 0.000386 0.005341 0.779481 0.213197 0.001595
2 2 0.000483 0.007248 0.831016 0.159053 0.002200
2 3 0.000497 0.007189 0.783640 0.206378 0.002297
2 3 0.000601 0.006044 0.738057 0.253410 0.001888
2 3 0.000302 0.002735 0.523263 0.472833 0.000866
3 3 0.000429 0.003345 0.476281 0.518794 0.001150
3 3 0.000396 0.002075 0.342877 0.653935 0.000717
3 3 0.000706 0.002846 0.344730 0.650685 0.001033
3 3 0.001142 0.006169 0.449001 0.541250 0.002438
3 3 0.001824 0.006888 0.400991 0.587441 0.002856
3 3 0.001155 0.004015 0.299097 0.694074 0.001658
3 3 0.002272 0.005239 0.255880 0.734236 0.002373
3 3 0.002183 0.005880 0.293375 0.695981 0.002581
3 3 0.002865 0.007441 0.286157 0.700023 0.003515
3 3 0.001416 0.004166 0.263704 0.728910 0.001804
3 3 0.001153 0.003716 0.239225 0.754262 0.001644
3 3 0.001141 0.004784 0.318845 0.673195 0.002035
3 3 0.000576 0.002242 0.209935 0.786302 0.000944
3 3 0.000871 0.002729 0.248454 0.746843 0.001103
3 3 0.000734 0.002669 0.239163 0.756330 0.001104
3 3 0.001209 0.002550 0.162100 0.832977 0.001164
3 3 0.001770 0.002224 0.106307 0.888591 0.001108
3 3 0.003190 0.004546 0.136071 0.853732 0.002461
3 3 0.004839 0.006282 0.142286 0.843019 0.003574
3 3 0.004021 0.006434 0.148036 0.837817 0.003692
3 3 0.003343 0.006196 0.160831 0.826175 0.003454
3 3 0.001338 0.002139 0.093736 0.901655 0.001132
3 3 0.001642 0.004000 0.150650 0.841593 0.002115
3 3 0.001453 0.004569 0.210529 0.781219 0.002230
3 3 0.001494 0.004264 0.209252 0.782954 0.002036
3 3 0.001839 0.004477 0.197668 0.793834 0.002182
3 3 0.001041 0.001647 0.100357 0.896159 0.000797
3 3 0.000524 0.001148 0.126113 0.871734 0.000481
3 3 0.000442 0.001134 0.142970 0.854996 0.000457
3 3 0.000278 0.000793 0.128034 0.870586 0.000310
3 3 0.000273 0.000945 0.172692 0.825743 0.000348
3 3 0.000402 0.000975 0.130036 0.868195 0.000392
3 3 0.000543 0.001570 0.195045 0.802232 0.000611
3 3 0.000835 0.003132 0.248461 0.746245 0.001328
3 3 0.000921 0.003891 0.329067 0.664564 0.001557
3 3 0.000291 0.001098 0.187803 0.810401 0.000408
3 3 0.000295 0.000836 0.141770 0.856782 0.000318
3 3 0.000302 0.000775 0.109387 0.889219 0.000317
3 3 0.000652 0.001578 0.137431 0.859644 0.000695
3 3 0.000498 0.001211 0.108334 0.889407 0.000550
3 3 0.001364 0.004239 0.199391 0.792930 0.002076
3 3 0.000825 0.001729 0.124582 0.872066 0.000798
3 3 0.000733 0.001381 0.094801 0.902419 0.000666
3 3 0.000992 0.002268 0.118501 0.877092 0.001146
3 3 0.000938 0.002894 0.160098 0.834656 0.001413
3 3 0.001999 0.004136 0.166134 0.825641 0.002091
3 3 0.002235 0.005164 0.237124 0.753071 0.002406
3 3 0.003541 0.011959 0.444681 0.534503 0.005316
2 3 0.054302 0.061414 0.679226 0.189326 0.015731
2 2 0.042892 0.124289 0.734404 0.065561 0.032854
2 1 0.013751 0.141911 0.800503 0.011711 0.032124
2 1 0.008856 0.121912 0.835828 0.007180 0.026224
2 2 0.005747 0.061291 0.868088 0.044822 0.020051
2 2 0.003175 0.053517 0.868130 0.054245 0.020933
2 2 0.011701 0.128444 0.774935 0.035771 0.049149
2 2 0.008935 0.104386 0.799530 0.046418 0.040731
2 2 0.010431 0.112865 0.799247 0.039065 0.038391
2 2 0.010404 0.109868 0.793957 0.046886 0.038886
2 2 0.016828 0.158534 0.749210 0.025303 0.050125
2 2 0.025820 0.221109 0.684835 0.010614 0.057622
2 2 0.028560 0.249952 0.654498 0.006277 0.060713
2 2 0.010824 0.142076 0.810836 0.005928 0.030336
2 2 0.003720 0.073198 0.903125 0.005517 0.014440
2 2 0.000529 0.018505 0.958785 0.017374 0.004806
2 2 0.002149 0.039744 0.879664 0.061163 0.017280
2 2 0.011874 0.097059 0.726887 0.065455 0.098725
2 4 0.014710 0.110791 0.679897 0.090577 0.104024
2 4 0.018613 0.123594 0.646447 0.049408 0.161938
2 4 0.022238 0.135312 0.590149 0.027036 0.225265
2 4 0.016108 0.112043 0.665075 0.025113 0.181661
2 4 0.027931 0.137912 0.493630 0.018918 0.321610
4 4 0.051201 0.151972 0.245143 0.012930 0.538754
4 4 0.071176 0.144353 0.152459 0.019536 0.612475
4 4 0.092401 0.131260 0.093073 0.027654 0.655612
4 4 0.088070 0.127282 0.094591 0.023827 0.666230
4 4 0.068064 0.127549 0.133485 0.014431 0.656470
4 4 0.087698 0.232659 0.271386 0.006899 0.401357
4 4 0.122276 0.256756 0.222985 0.005127 0.392855
1 4 0.109039 0.347388 0.321813 0.018890 0.202870
1 4 0.125003 0.332494 0.278572 0.013687 0.250244
2 4 0.095838 0.362832 0.381083 0.015285 0.144962
4 4 0.049660 0.182226 0.353196 0.039863 0.375056
2 4 0.073201 0.132408 0.495719 0.068680 0.229992
2 4 0.045708 0.122288 0.593067 0.059666 0.179271
2 4 0.074475 0.245647 0.358713 0.024670 0.296495
2 4 0.263916 0.255227 0.282635 0.006974 0.191247
0 4 0.490727 0.276118 0.140325 0.008512 0.084318
0 0 0.571041 0.214287 0.124811 0.022878 0.066984
1 0 0.340522 0.362384 0.178833 0.019344 0.098917
1 1 0.320049 0.359892 0.149934 0.013850 0.156274
1 1 0.177196 0.421026 0.241896 0.010411 0.149471
1 1 0.130398 0.362110 0.292411 0.011380 0.203702
2 2 0.060268 0.315895 0.478546 0.013098 0.132192
2 2 0.035364 0.267564 0.599062 0.007400 0.090609
2 2 0.002229 0.051597 0.921384 0.011191 0.013599
2 2 0.002788 0.057061 0.907213 0.016353 0.016585
2 2 0.003128 0.059607 0.897555 0.021200 0.018509
2 2 0.001957 0.043418 0.910747 0.028796 0.015081
2 2 0.001483 0.034600 0.911731 0.039529 0.012657
2 2 0.000842 0.022598 0.924015 0.044886 0.007659
2 2 0.001879 0.038587 0.891777 0.052749 0.015008
2 2 0.001329 0.031776 0.914290 0.041138 0.011466
2 2 0.000943 0.025803 0.930129 0.034422 0.008703
2 2 0.000800 0.022296 0.941604 0.026718 0.008582
2 2 0.000428 0.013518 0.943109 0.038249 0.004696
2 2 0.005765 0.073544 0.821714 0.006447 0.092530
2 2 0.002596 0.048249 0.903793 0.010646 0.034716
2 2 0.003537 0.059685 0.881259 0.011391 0.044128
2 2 0.004675 0.063361 0.857209 0.021712 0.053043
2 2 0.006514 0.074817 0.821209 0.030389 0.067070
2 2 0.023182 0.142426 0.591442 0.036130 0.206819
2 2 0.011398 0.104567 0.737817 0.058293 0.087925
2 2 0.009492 0.096626 0.772343 0.036481 0.085059
2 2 0.002344 0.044600 0.900799 0.029591 0.022667
2 2 0.001858 0.037965 0.921538 0.015418 0.023222
2 2 0.001864 0.038541 0.920929 0.016061 0.022604
2 2 0.004596 0.061898 0.858268 0.014391 0.060847
2 2 0.003139 0.051253 0.890614 0.016319 0.038675
2 2 0.003569 0.054800 0.880051 0.020710 0.040870
2 2 0.008161 0.082657 0.791838 0.022557 0.094787
2 2 0.015850 0.115367 0.663058 0.018794 0.186931
2 2 0.010052 0.098320 0.763747 0.027390 0.100491
2 2 0.005650 0.076214 0.836751 0.028850 0.052535
2 2 0.005828 0.072374 0.833390 0.030326 0.058082
2 2 0.002284 0.040967 0.905638 0.025776 0.025335
2 2 0.003187 0.052283 0.880841 0.033464 0.030224
2 2 0.010374 0.112738 0.772582 0.019582 0.084725
2 1 0.035654 0.256095 0.634371 0.004886 0.068994
2 1 0.085232 0.324049 0.516228 0.006994 0.067497
2 2 0.127238 0.387636 0.395716 0.007539 0.081871
1 2 0.122152 0.428214 0.342836 0.007542 0.099257
1 2 0.121510 0.435418 0.349254 0.005473 0.088345
2 2 0.073344 0.378761 0.468243 0.004531 0.075122
2 2 0.024797 0.222949 0.696586 0.006638 0.049029
2 2 0.024249 0.219428 0.709202 0.005225 0.041895
2 2 0.070721 0.362256 0.474329 0.007356 0.085338
2 2 0.054246 0.313263 0.557155 0.008047 0.067289
2 2 0.056857 0.339821 0.537856 0.004061 0.061405
2 2 0.018639 0.187416 0.754900 0.005117 0.033928
2 2 0.006460 0.102947 0.869165 0.004031 0.017397
2 2 0.003660 0.071888 0.905721 0.005211 0.013520
2 2 0.003371 0.066024 0.912418 0.005953 0.012233
2 2 0.002914 0.057236 0.920419 0.008331 0.011100
2 2 0.002349 0.049624 0.931100 0.007770 0.009157
2 2 0.002782 0.050663 0.930620 0.007556 0.008379
2 2 0.001945 0.039882 0.940037 0.010765 0.007371
2 2 0.001039 0.028385 0.957990 0.007770 0.004816
2 2 0.002011 0.042062 0.930562 0.015851 0.009514
2 2 0.001764 0.040696 0.939806 0.009662 0.008073
2 2 0.002023 0.045608 0.934093 0.008988 0.009289
2 2 0.001047 0.028499 0.953195 0.011407 0.005851
2 2 0.000958 0.025035 0.950633 0.017914 0.005459
2 2 0.001434 0.033399 0.946318 0.012397 0.006453
2 2 0.003021 0.049389 0.930879 0.008303 0.008407
2 2 0.001830 0.043390 0.942093 0.005525 0.007162
2 2 0.004155 0.074987 0.903272 0.004980 0.012604
2 2 0.007062 0.105187 0.863375 0.005396 0.018980
2 2 0.001453 0.037640 0.948745 0.005745 0.006417
2 2 0.001317 0.035344 0.950859 0.006215 0.006265
2 2 0.001080 0.031210 0.956527 0.005796 0.005387
2 2 0.004689 0.074303 0.902517 0.005980 0.012511
2 2 0.016280 0.129721 0.825930 0.007415 0.020653
2 2 0.067677 0.366202 0.492041 0.004332 0.069748
2 2 0.092881 0.402648 0.410757 0.006074 0.087640
2 2 0.075516 0.375084 0.455591 0.006693 0.087117
2 2 0.001117 0.032794 0.952297 0.007108 0.006684
2 2 0.001631 0.042988 0.942154 0.005211 0.008016
2 2 0.000540 0.019348 0.966389 0.009691 0.004032
2 2 0.000389 0.014997 0.969606 0.011868 0.003140
2 2 0.000811 0.025797 0.958570 0.009267 0.005556
2 2 0.001190 0.033210 0.949262 0.009149 0.007188
2 2 0.000770 0.025359 0.959126 0.009121 0.005623
2 2 0.001414 0.037435 0.945158 0.008171 0.007822
2 2 0.000873 0.026254 0.957468 0.009944 0.005461
2 2 0.003213 0.057886 0.909369 0.015760 0.013772
2 2 0.012679 0.101675 0.846837 0.012792 0.026016
2 2 0.019434 0.116347 0.807171 0.020828 0.036220
2 2 0.024581 0.224192 0.692198 0.006938 0.052091
2 2 0.046268 0.300018 0.542105 0.011480 0.100128
2 2 0.007406 0.105133 0.848919 0.011992 0.026551
2 2 0.013356 0.141390 0.791294 0.016744 0.037215
2 2 0.050622 0.309170 0.529110 0.013411 0.097687
1 2 0.107082 0.405701 0.366708 0.010627 0.109881
1 2 0.159983 0.456954 0.281269 0.006138 0.095655
1 2 0.157020 0.425272 0.309136 0.005994 0.102578
1 2 0.174575 0.382234 0.340156 0.010110 0.092926
1 2 0.175511 0.391564 0.233756 0.009877 0.189292
1 2 0.140933 0.333797 0.258084 0.007425 0.259762
2 2 0.059715 0.301923 0.481030 0.008203 0.149129
2 2 0.071017 0.327221 0.457557 0.005393 0.138811
2 2 0.065845 0.273574 0.533435 0.005600 0.121546
2 2 0.071985 0.265063 0.514216 0.011413 0.137322
2 0 0.169080 0.342708 0.384343 0.006628 0.097242
0 0 0.417583 0.298010 0.231764 0.005634 0.047008
0 0 0.711074 0.158446 0.095248 0.010975 0.024257
0 0 0.664285 0.147333 0.084294 0.010907 0.093181
0 0 0.747982 0.130330 0.083456 0.011216 0.027017
0 0 0.778262 0.127055 0.064727 0.010202 0.019753
0 0 0.712973 0.177412 0.076641 0.007203 0.025771
0 0 0.682045 0.187600 0.087093 0.011005 0.032257
0 0 0.431952 0.289001 0.121539 0.007960 0.149548
0 0 0.321087 0.275515 0.120070 0.007146 0.276182
0 0 0.325160 0.256082 0.133693 0.017545 0.267520
4 0 0.269942 0.093510 0.078114 0.022020 0.536413
4 0 0.355962 0.085438 0.082562 0.041089 0.434950
0 0 0.510187 0.069813 0.066320 0.023430 0.330251
0 0 0.630591 0.056127 0.042134 0.003812 0.267335
0 0 0.549550 0.121079 0.072953 0.006277 0.250141
0 0 0.450830 0.238028 0.097742 0.003636 0.209764
0 0 0.588265 0.212375 0.081375 0.002369 0.115616
0 0 0.410823 0.277085 0.085783 0.000994 0.225316
1 0 0.245500 0.473306 0.193034 0.001488 0.086671
1 0 0.345894 0.392981 0.109640 0.001624 0.149860
1 0 0.307833 0.389616 0.124369 0.003368 0.174814
1 0 0.269452 0.341003 0.126742 0.005173 0.257630
1 0 0.259559 0.334626 0.128829 0.006025 0.270961
1 0 0.275247 0.355875 0.129285 0.005203 0.234389
1 0 0.313508 0.391539 0.122368 0.003038 0.169546
0 0 0.364779 0.359052 0.109276 0.002027 0.164867
0 0 0.404266 0.289272 0.120144 0.004867 0.181451
0 0 0.428228 0.337027 0.111788 0.003235 0.119722
1 0 0.331553 0.418666 0.119285 0.002365 0.128131
1 0 0.249016 0.328093 0.131944 0.006558 0.284389
4 1 0.218397 0.301653 0.134585 0.010920 0.334446
4 1 0.210244 0.313176 0.144581 0.015211 0.316788
2 1 0.003620 0.068327 0.876565 0.022956 0.028532
2 2 0.004175 0.074693 0.868433 0.024561 0.028139
2 2 0.002402 0.050588 0.895563 0.031829 0.019619
2 2 0.004935 0.076595 0.849927 0.024913 0.043630
2 2 0.003583 0.057583 0.878895 0.022207 0.037732
2 2 0.011526 0.102234 0.725277 0.013788 0.147176
2 2 0.011982 0.100131 0.719965 0.016576 0.151347
2 2 0.023803 0.144517 0.555144 0.015734 0.260802
4 4 0.058931 0.155190 0.213978 0.016605 0.555296
4 4 0.088209 0.143120 0.119774 0.015149 0.633748
4 4 0.078932 0.121419 0.101605 0.017729 0.680316
4 4 0.089628 0.121633 0.085828 0.023071 0.679840
4 4 0.105363 0.137125 0.089181 0.017530 0.650802
4 4 0.088905 0.134784 0.102307 0.026625 0.647380
4 4 0.098075 0.127824 0.085683 0.018332 0.670086
4 4 0.072991 0.079101 0.055035 0.008644 0.784229
4 4 0.078779 0.087450 0.059797 0.009453 0.764520
4 4 0.097729 0.074750 0.056742 0.011010 0.759770
4 4 0.170244 0.109075 0.078923 0.015647 0.626111
4 4 0.143743 0.128839 0.081508 0.011207 0.634702
4 4 0.220319 0.148038 0.083449 0.006775 0.541420
4 4 0.096243 0.213262 0.219447 0.006098 0.464950
4 4 0.103933 0.216014 0.203592 0.007054 0.469406
2 4 0.175662 0.185146 0.339946 0.013431 0.285815
0 0 0.303631 0.250186 0.238541 0.005584 0.202057
1 1 0.257058 0.307080 0.178323 0.017472 0.240067
1 1 0.190375 0.357877 0.193914 0.012220 0.245613
1 4 0.189880 0.334046 0.179349 0.012937 0.283788
4 4 0.051016 0.166396 0.277298 0.016250 0.489040
4 4 0.048787 0.151677 0.258358 0.012072 0.529106
0 4 0.732750 0.103272 0.062951 0.007402 0.093625
0 0 0.676517 0.160605 0.094474 0.026492 0.041913
0 0 0.586634 0.245984 0.095880 0.005026 0.066477
1 0 0.321348 0.432125 0.125345 0.002999 0.118183
1 0 0.259800 0.345101 0.132644 0.006600 0.255856
4 1 0.175478 0.258027 0.134753 0.019214 0.412528
4 1 0.092398 0.165761 0.132982 0.042292 0.566566
4 2 0.046520 0.177097 0.329756 0.017729 0.428897
4 2 0.054297 0.156606 0.238612 0.015067 0.535419
4 2 0.061268 0.133097 0.169297 0.014715 0.621623
4 4 0.068689 0.135456 0.144835 0.016292 0.634728
4 4 0.059460 0.157926 0.224261 0.020063 0.538290
4 4 0.065090 0.151913 0.183954 0.018542 0.580501
4 4 0.039122 0.142707 0.329907 0.011587 0.476677
4 4 0.040653 0.151095 0.354093 0.017744 0.436414
4 4 0.054177 0.150676 0.226867 0.013711 0.554569
4 4 0.065079 0.142745 0.167906 0.016339 0.607931
4 4 0.050089 0.155551 0.259352 0.013303 0.521705
4 4 0.072186 0.108862 0.095801 0.012641 0.710510
4 4 0.076564 0.086947 0.060672 0.010656 0.765162
4 4 0.071581 0.076154 0.052924 0.007954 0.791387
4 4 0.073286 0.079729 0.055486 0.008796 0.782704
4 4 0.078798 0.092151 0.064421 0.012137 0.752493
4 4 0.070978 0.074916 0.052038 0.007674 0.794394
4 4 0.067609 0.068260 0.047282 0.006271 0.810578
4 4 0.060356 0.055238 0.038028 0.003989 0.842389
4 4 0.066324 0.065827 0.045548 0.005799 0.816502
4 2 0.073242 0.079635 0.055418 0.008773 0.782931
4 2 0.102183 0.113117 0.069950 0.008379 0.706371
4 2 0.080413 0.211274 0.246196 0.015046 0.447071
2 2 0.028565 0.135366 0.508810 0.031744 0.295516
2 2 0.026032 0.140336 0.556825 0.041741 0.235066
2 2 0.031770 0.146228 0.473811 0.027552 0.320640
4 2 0.050358 0.159890 0.280587 0.017892 0.491274
4 2 0.043941 0.141970 0.305098 0.016469 0.492524
4 2 0.052625 0.126754 0.208832 0.014777 0.597012
4 4 0.063980 0.116832 0.129386 0.012174 0.677627
4 4 0.079444 0.126379 0.107417 0.019112 0.667648
4 4 0.088019 0.116699 0.082227 0.020907 0.692148
4 4 0.085800 0.110259 0.077537 0.018298 0.708106
4 4 0.087082 0.124754 0.093000 0.022567 0.672597
4 4 0.070030 0.154586 0.172234 0.021758 0.581391
4 4 0.062814 0.182171 0.245672 0.027255 0.482088
4 4 0.051068 0.172473 0.289618 0.018001 0.468840
4 4 0.050721 0.143686 0.229339 0.011199 0.565055
4 4 0.066563 0.125231 0.133485 0.013431 0.661291
4 4 0.083225 0.103247 0.072446 0.015716 0.725366
4 4 0.076353 0.086468 0.060327 0.010526 0.766325
4 4 0.076242 0.086217 0.060146 0.010458 0.766937
4 4 0.080971 0.097458 0.068255 0.013775 0.739541
4 4 0.078552 0.091566 0.063999 0.011964 0.753919
4 4 0.081589 0.099016 0.069381 0.014281 0.735733
4 4 0.083435 0.103802 0.072848 0.015911 0.724004
4 4 0.079670 0.094252 0.065938 0.012770 0.747371
4 4 0.084873 0.107682 0.075664 0.017318 0.714462
4 4 0.079444 0.179134 0.180705 0.037773 0.522943
4 4 0.043105 0.172731 0.355811 0.010168 0.418184
2 4 0.027704 0.157068 0.728307 0.011729 0.075192
2 4 0.020581 0.139782 0.740589 0.020917 0.078131
2 4 0.038519 0.211776 0.494301 0.016592 0.238813
4 4 0.056505 0.167190 0.248639 0.018743 0.508924
2 4 0.042163 0.201704 0.411384 0.027026 0.317723
2 4 0.043145 0.208618 0.414029 0.031644 0.302564
2 4 0.034899 0.196502 0.483504 0.031742 0.253352
2 4 0.015196 0.124919 0.692054 0.032468 0.135362
2 2 0.011471 0.104363 0.742607 0.039646 0.101913
2 2 0.006804 0.079468 0.810335 0.045182 0.058212
2 2 0.008768 0.091717 0.783248 0.036534 0.079733
2 2 0.006951 0.075317 0.809516 0.041949 0.066267
2 2 0.005757 0.066663 0.833588 0.032212 0.061781
2 2 0.003833 0.053319 0.871548 0.028440 0.042861
2 2 0.001211 0.025994 0.933905 0.023569 0.015321
2 2 0.000470 0.014518 0.947359 0.032274 0.005380
2 2 0.000436 0.013670 0.953715 0.026734 0.005445
2 2 0.000786 0.019096 0.949539 0.019233 0.011346
2 2 0.000622 0.017342 0.958092 0.014608 0.009336
2 2 0.001133 0.025788 0.943836 0.011780 0.017462
2 2 0.000505 0.015706 0.966775 0.008053 0.008962
2 2 0.000244 0.009419 0.977655 0.007963 0.004719
2 2 0.000154 0.006413 0.980966 0.009842 0.002625
2 2 0.000216 0.009146 0.974402 0.012867 0.003368
2 2 0.000567 0.017971 0.947878 0.027523 0.006062
2 2 0.001300 0.031387 0.915632 0.040411 0.011270
2 2 0.002144 0.041148 0.906486 0.028419 0.021803
2 2 0.000686 0.021463 0.948364 0.022155 0.007332
2 2 0.000763 0.023270 0.950770 0.016316 0.008880
2 2 0.000884 0.026115 0.945727 0.017579 0.009695
2 2 0.000467 0.017318 0.956956 0.020227 0.005032
2 2 0.000238 0.010638 0.965681 0.020645 0.002799
2 2 0.000154 0.007855 0.970270 0.019789 0.001931
2 2 0.000620 0.019020 0.955460 0.017081 0.007819
2 2 0.000599 0.019854 0.954790 0.017896 0.006861
2 2 0.000649 0.021118 0.947279 0.024410 0.006545
2 2 0.000334 0.012989 0.957156 0.025863 0.003659
2 2 0.000427 0.015396 0.952979 0.026687 0.004512
2 2 0.000319 0.012309 0.955002 0.028894 0.003476
2 2 0.000193 0.008640 0.961370 0.027544 0.002254
2 2 0.000274 0.011699 0.963625 0.021252 0.003150
2 2 0.000278 0.011298 0.958198 0.027115 0.003110
2 2 0.000188 0.008059 0.953354 0.036256 0.002143
2 2 0.000276 0.009441 0.934054 0.053517 0.002712
2 2 0.000219 0.007717 0.923931 0.065945 0.002188
2 2 0.000213 0.008008 0.934559 0.054981 0.002239
2 2 0.000115 0.004796 0.928624 0.065235 0.001229
2 2 0.000131 0.005244 0.934253 0.059026 0.001347
2 2 0.000154 0.004535 0.915106 0.079057 0.001149
2 2 0.000102 0.002897 0.913456 0.082882 0.000663
2 2 0.000156 0.005318 0.922976 0.070161 0.001390
2 2 0.000203 0.006900 0.906897 0.084025 0.001975
2 2 0.000343 0.009316 0.852129 0.135151 0.003061
2 2 0.000488 0.012070 0.851793 0.131482 0.004167
2 2 0.000472 0.011581 0.887991 0.096218 0.003738
2 2 0.000378 0.010098 0.875501 0.110767 0.003256
2 2 0.000379 0.010807 0.887547 0.097782 0.003485
2 2 0.000293 0.007636 0.877704 0.112065 0.002302
2 2 0.000157 0.004157 0.894521 0.100101 0.001064
2 2 0.000259 0.006698 0.904100 0.087072 0.001871
2 3 0.000334 0.007133 0.830357 0.159952 0.002226
2 3 0.000698 0.010292 0.712168 0.272988 0.003854
2 3 0.000637 0.008128 0.595102 0.392945 0.003189
2 3 0.000567 0.009398 0.836419 0.150586 0.003029
2 3 0.000381 0.009013 0.882519 0.105315 0.002773
2 3 0.000348 0.006873 0.847858 0.142857 0.002064
2 3 0.000192 0.004544 0.874925 0.119127 0.001213
2 3 0.000098 0.002357 0.880113 0.116894 0.000537
2 3 0.000103 0.002181 0.880659 0.116574 0.000483
2 3 0.000131 0.002795 0.869555 0.126853 0.000667
2 3 0.000453 0.007557 0.803243 0.186329 0.002417
2 3 0.000928 0.015624 0.775656 0.201715 0.006077
2 3 0.001864 0.028751 0.774738 0.182002 0.012644
2 3 0.001118 0.020008 0.801793 0.169080 0.008001
2 3 0.000499 0.006336 0.726474 0.264625 0.002065
2 3 0.000471 0.004513 0.664544 0.329062 0.001410
2 3 0.000471 0.004351 0.629548 0.364240 0.001390
2 3 0.000604 0.007230 0.637163 0.352365 0.002638
2 3 0.000761 0.011846 0.740288 0.242635 0.004470
2 3 0.000677 0.009667 0.739093 0.247101 0.003462
2 3 0.001203 0.008195 0.623700 0.363933 0.002969
2 3 0.001513 0.008845 0.600757 0.385595 0.003290
2 2 0.002371 0.025160 0.843414 0.120450 0.008605
2 2 0.005757 0.076612 0.837580 0.051657 0.028394
2 2 0.010485 0.113174 0.831529 0.017613 0.027199
2 2 0.039376 0.217554 0.667973 0.017574 0.057523
2 2 0.026641 0.195054 0.684708 0.029092 0.064505
2 2 0.026163 0.216826 0.681734 0.014101 0.061176
2 2 0.026950 0.229824 0.676696 0.009014 0.057516
2 2 0.024771 0.235729 0.682627 0.004870 0.052003
2 2 0.035708 0.286123 0.610201 0.004578 0.063390
2 2 0.011928 0.156230 0.793308 0.004923 0.033611
2 2 0.007711 0.119845 0.845446 0.004098 0.022900
2 2 0.001398 0.037538 0.943395 0.009160 0.008509
2 2 0.002519 0.050943 0.922911 0.012280 0.011347
2 2 0.008189 0.114388 0.848463 0.006529 0.022431
2 2 0.070102 0.333424 0.523960 0.003703 0.068811
1 2 0.299008 0.333495 0.293537 0.004310 0.069651
0 2 0.330264 0.328064 0.213189 0.013304 0.115178
