0 0 0.984419 0.002342 0.001279 0.000073 0.011888
0 0 0.974009 0.003985 0.002004 0.000123 0.019879
0 0 0.984821 0.002106 0.001073 0.000056 0.011944
0 0 0.984745 0.001677 0.000701 0.000030 0.012847
0 0 0.970582 0.005216 0.002960 0.000214 0.021028
0 0 0.900118 0.019297 0.009269 0.000846 0.070470
0 0 0.781763 0.060949 0.040773 0.006653 0.109862
0 0 0.677872 0.100829 0.087596 0.020537 0.113165
0 0 0.697632 0.092341 0.070759 0.014655 0.124613
0 0 0.518919 0.159508 0.114876 0.017863 0.188834
0 0 0.403402 0.205228 0.133084 0.014823 0.243463
4 1 0.255596 0.240620 0.143685 0.005456 0.354644
4 1 0.251142 0.237625 0.214368 0.009350 0.287515
0 1 0.334634 0.216539 0.153831 0.009301 0.285695
0 1 0.351626 0.214862 0.112714 0.007333 0.313465
0 1 0.413031 0.187279 0.097818 0.006614 0.295258
0 1 0.360303 0.205449 0.101619 0.005809 0.326821
4 1 0.318600 0.222971 0.108470 0.005762 0.344197
4 1 0.289270 0.247663 0.134472 0.008990 0.319605
4 1 0.218268 0.287466 0.160674 0.010729 0.322862
4 1 0.189259 0.301721 0.163437 0.009813 0.335771
4 1 0.174322 0.293959 0.138304 0.005593 0.387822
4 1 0.150177 0.296311 0.185420 0.006080 0.362012
4 1 0.148178 0.290761 0.232927 0.008028 0.320106
1 2 0.187525 0.273497 0.267053 0.015416 0.256510
2 2 0.201566 0.256300 0.289824 0.017265 0.235045
2 2 0.164693 0.223188 0.416763 0.021500 0.173856
2 2 0.149703 0.209438 0.456719 0.019670 0.164471
2 2 0.040824 0.109044 0.782883 0.027996 0.039253
2 2 0.021901 0.123420 0.789796 0.019185 0.045697
2 2 0.001861 0.017007 0.964906 0.014495 0.001730
2 2 0.026063 0.060889 0.868609 0.030259 0.014180
2 2 0.148028 0.177297 0.546724 0.059044 0.068906
2 2 0.094716 0.199001 0.579709 0.032537 0.094037
2 2 0.105713 0.133077 0.651424 0.068746 0.041040
2 2 0.002582 0.019635 0.942698 0.027979 0.007106
2 2 0.001380 0.011935 0.936068 0.048380 0.002237
2 2 0.001145 0.011429 0.953021 0.032353 0.002052
2 2 0.000268 0.004504 0.968557 0.026127 0.000544
2 2 0.000212 0.003252 0.952899 0.043294 0.000342
2 2 0.000219 0.003005 0.938062 0.058412 0.000301
2 3 0.000261 0.002958 0.906355 0.090130 0.000295
2 3 0.000441 0.004153 0.895070 0.099893 0.000443
2 3 0.000907 0.005797 0.832761 0.159897 0.000637
2 3 0.000883 0.005336 0.799930 0.193241 0.000611
2 3 0.000751 0.004824 0.808289 0.185601 0.000534
2 3 0.000932 0.005042 0.741599 0.251799 0.000628
2 3 0.000991 0.005329 0.732530 0.260396 0.000754
2 3 0.000720 0.003388 0.600751 0.394679 0.000462
2 3 0.001145 0.004333 0.526492 0.467298 0.000731
3 3 0.002348 0.006354 0.445358 0.544722 0.001217
3 3 0.003862 0.008295 0.379175 0.606713 0.001955
3 3 0.007728 0.011109 0.271173 0.706708 0.003282
3 3 0.008206 0.012015 0.272020 0.703649 0.004111
3 3 0.005475 0.007623 0.215736 0.768770 0.002396
3 3 0.005347 0.008768 0.283325 0.700105 0.002454
3 3 0.006572 0.010769 0.316288 0.663531 0.002841
3 3 0.004313 0.006123 0.192906 0.794581 0.002077
3 3 0.004337 0.005027 0.142583 0.846409 0.001644
3 3 0.005701 0.006778 0.169962 0.815346 0.002214
3 3 0.002684 0.002833 0.093585 0.899907 0.000991
3 3 0.002158 0.002512 0.095157 0.899221 0.000952
3 3 0.002211 0.002444 0.085401 0.908925 0.001018
3 3 0.001711 0.001897 0.074403 0.921179 0.000809
3 3 0.062618 0.039818 0.390069 0.501012 0.006484
0 3 0.410299 0.090489 0.285960 0.194995 0.018257
0 3 0.589102 0.094384 0.193389 0.087807 0.035317
0 2 0.434398 0.119448 0.264157 0.146016 0.035981
2 2 0.263803 0.119209 0.401476 0.184962 0.030550
3 3 0.002806 0.005905 0.338820 0.651282 0.001187
3 3 0.005927 0.009457 0.289114 0.692959 0.002544
3 3 0.013732 0.016500 0.263580 0.700954 0.005234
3 3 0.038386 0.030514 0.255455 0.664313 0.011332
3 3 0.020626 0.016117 0.155664 0.801017 0.006575
3 3 0.014761 0.011685 0.130493 0.838237 0.004824
3 3 0.015107 0.010782 0.111676 0.857977 0.004459
3 3 0.012259 0.008761 0.098827 0.876337 0.003816
3 3 0.013868 0.010079 0.104462 0.866797 0.004793
3 3 0.008565 0.006153 0.079698 0.902604 0.002981
3 3 0.006640 0.004677 0.069869 0.916732 0.002083
3 3 0.004191 0.002900 0.053989 0.937667 0.001252
3 3 0.004921 0.003378 0.059903 0.930459 0.001340
3 3 0.004733 0.003200 0.059392 0.931520 0.001155
3 3 0.005136 0.003590 0.065659 0.924327 0.001289
3 3 0.003503 0.002391 0.049730 0.943433 0.000944
3 3 0.003540 0.002457 0.048640 0.944247 0.001117
3 3 0.005893 0.004229 0.063921 0.923774 0.002184
3 3 0.011109 0.007825 0.094627 0.883290 0.003151
3 3 0.011212 0.007865 0.095508 0.882340 0.003076
3 3 0.012142 0.008704 0.098000 0.877279 0.003875
3 3 0.006279 0.004309 0.069288 0.918494 0.001630
3 3 0.007430 0.005229 0.074747 0.910328 0.002266
3 3 0.008326 0.005989 0.078285 0.904458 0.002941
3 3 0.004872 0.003528 0.056561 0.933033 0.002007
3 3 0.003479 0.002511 0.046328 0.946190 0.001492
3 3 0.003664 0.002585 0.048872 0.943576 0.001304
3 3 0.004463 0.003184 0.054428 0.936255 0.001669
3 3 0.007425 0.005315 0.073506 0.911174 0.002581
3 3 0.007506 0.005350 0.074296 0.910330 0.002518
3 3 0.004881 0.003304 0.060427 0.930193 0.001195
3 3 0.005862 0.004047 0.066147 0.922333 0.001612
3 3 0.006367 0.004472 0.068333 0.918858 0.001970
3 3 0.006224 0.004468 0.066018 0.921002 0.002288
3 3 0.008291 0.005902 0.078879 0.904224 0.002704
3 3 0.005064 0.003461 0.061198 0.928952 0.001325
3 3 0.004450 0.002994 0.057497 0.934001 0.001059
3 3 0.005393 0.003573 0.065469 0.924467 0.001098
2 3 0.276648 0.084246 0.314133 0.307461 0.017512
0 3 0.387015 0.104799 0.292696 0.191890 0.023601
0 3 0.338466 0.132447 0.304321 0.189629 0.035138
2 3 0.309421 0.128915 0.318222 0.212632 0.030810
3 3 0.008733 0.011912 0.276550 0.699682 0.003123
3 3 0.004127 0.006004 0.214789 0.773498 0.001582
3 3 0.006417 0.008847 0.226280 0.755580 0.002876
3 3 0.004827 0.006368 0.187621 0.799201 0.001983
3 3 0.018580 0.017015 0.223670 0.732044 0.008691
3 3 0.013617 0.013012 0.163546 0.803961 0.005864
3 3 0.028559 0.018421 0.156921 0.786986 0.009114
3 3 0.041622 0.021846 0.169399 0.756605 0.010528
3 3 0.021983 0.015592 0.179881 0.777391 0.005153
3 3 0.014367 0.010153 0.104712 0.865805 0.004963
3 3 0.015432 0.009545 0.101836 0.868198 0.004989
3 3 0.018310 0.011463 0.109774 0.853798 0.006655
3 3 0.029251 0.016430 0.129700 0.813185 0.011435
3 3 0.016002 0.011047 0.105837 0.860600 0.006514
3 3 0.011630 0.007523 0.086159 0.890086 0.004602
3 3 0.038147 0.019727 0.144168 0.784375 0.013583
3 3 0.018456 0.012861 0.112343 0.847968 0.008371
3 3 0.016132 0.010265 0.095867 0.869144 0.008592
3 3 0.015932 0.011772 0.099765 0.862061 0.010470
3 3 0.016306 0.011933 0.100673 0.860497 0.010592
3 3 0.009378 0.006977 0.081290 0.898157 0.004198
3 3 0.009404 0.006650 0.085510 0.895596 0.002840
3 3 0.009027 0.006248 0.085204 0.897191 0.002330
3 3 0.007279 0.005003 0.075548 0.910314 0.001856
3 3 0.005888 0.004161 0.064838 0.923173 0.001939
3 3 0.004466 0.003189 0.054412 0.936253 0.001680
3 3 0.012968 0.007514 0.086913 0.887861 0.004744
3 3 0.027901 0.011013 0.110964 0.842661 0.007461
3 3 0.033357 0.014492 0.125890 0.816238 0.010024
3 3 0.029375 0.012289 0.111755 0.836302 0.010279
3 3 0.043131 0.017236 0.134135 0.791277 0.014220
3 3 0.020100 0.009528 0.098127 0.865086 0.007159
3 3 0.038299 0.018089 0.142546 0.789844 0.011222
3 3 0.018866 0.011397 0.108480 0.854175 0.007083
3 3 0.010647 0.007918 0.087607 0.889193 0.004635
3 3 0.008025 0.005913 0.074850 0.907776 0.003436
3 3 0.016932 0.008864 0.096961 0.871795 0.005448
3 3 0.008693 0.005514 0.076071 0.906993 0.002729
3 3 0.017808 0.008394 0.101724 0.868290 0.003784
3 3 0.011541 0.007741 0.089306 0.887237 0.004175
3 3 0.014928 0.009910 0.103102 0.866936 0.005124
3 3 0.011031 0.008150 0.090019 0.886269 0.004531
3 3 0.005603 0.004068 0.061330 0.926705 0.002294
3 3 0.008004 0.005913 0.074555 0.908030 0.003497
3 3 0.011241 0.008381 0.090213 0.885229 0.004936
3 3 0.013759 0.009023 0.094380 0.877164 0.005674
3 3 0.021792 0.013696 0.118812 0.837158 0.008542
3 3 0.008240 0.006178 0.074753 0.906811 0.004018
3 3 0.005916 0.004305 0.063205 0.924134 0.002441
3 3 0.006024 0.004358 0.064260 0.922991 0.002367
3 3 0.007246 0.005144 0.073037 0.912198 0.002374
3 3 0.018674 0.012048 0.113389 0.849237 0.006652
3 3 0.007062 0.005134 0.070296 0.914712 0.002796
3 3 0.006180 0.004541 0.064263 0.922289 0.002727
3 3 0.005487 0.004009 0.060182 0.927949 0.002373
3 3 0.015807 0.010668 0.112549 0.856686 0.004290
3 3 0.111698 0.041762 0.242166 0.590572 0.013801
0 2 0.328819 0.082980 0.297540 0.271471 0.019190
3 2 0.136361 0.070657 0.308278 0.469131 0.015573
2 2 0.211628 0.117165 0.320809 0.313765 0.036633
3 2 0.007475 0.016027 0.478792 0.493655 0.004051
2 2 0.005112 0.014715 0.616836 0.360412 0.002925
2 2 0.002528 0.012760 0.802902 0.179267 0.002544
2 2 0.003135 0.017607 0.846134 0.129100 0.004024
2 2 0.001140 0.014038 0.868846 0.108660 0.007316
2 2 0.000902 0.017076 0.910148 0.060367 0.011507
2 2 0.000568 0.021219 0.932688 0.022558 0.022966
2 2 0.000961 0.032230 0.916234 0.016277 0.034298
2 2 0.000740 0.028992 0.918126 0.012825 0.039317
2 2 0.001058 0.046543 0.869449 0.011207 0.071744
2 2 0.002363 0.070583 0.801122 0.009610 0.116323
2 2 0.008385 0.127198 0.730553 0.005679 0.128185
2 2 0.041939 0.243292 0.498811 0.005062 0.210896
2 2 0.062782 0.248704 0.482582 0.009439 0.196494
2 2 0.024839 0.183045 0.667605 0.007272 0.117239
2 2 0.004510 0.100434 0.804886 0.004372 0.085798
2 2 0.001176 0.050075 0.845603 0.005416 0.097730
2 2 0.001996 0.066260 0.758916 0.006313 0.166514
2 2 0.003714 0.088007 0.639708 0.005862 0.262709
2 2 0.004322 0.091978 0.569371 0.004575 0.329754
2 2 0.004580 0.094688 0.586972 0.004067 0.309693
2 2 0.002427 0.070753 0.738399 0.004324 0.184097
2 2 0.003509 0.082514 0.682439 0.003244 0.228294
2 2 0.002290 0.070897 0.777579 0.003751 0.145482
2 2 0.002906 0.081129 0.754664 0.003853 0.157449
2 2 0.002446 0.082980 0.784988 0.005010 0.124575
2 2 0.001573 0.060861 0.821077 0.005772 0.110718
2 2 0.002348 0.068457 0.762763 0.010452 0.155980
2 2 0.002234 0.067401 0.789150 0.013639 0.127575
2 2 0.021642 0.163997 0.661313 0.008559 0.144489
2 2 0.192125 0.249959 0.345580 0.018403 0.193933
0 2 0.324726 0.244994 0.182962 0.024716 0.222602
1 2 0.241185 0.268778 0.224530 0.021025 0.244482
1 2 0.140661 0.303321 0.253695 0.011496 0.290828
2 2 0.001702 0.047667 0.904403 0.005362 0.040866
2 2 0.000838 0.028331 0.946106 0.008538 0.016187
2 2 0.000743 0.026616 0.954836 0.005586 0.012218
2 2 0.000445 0.010559 0.977561 0.008804 0.002631
2 2 0.005333 0.028236 0.951174 0.009357 0.005900
2 2 0.085388 0.146502 0.671906 0.031306 0.064897
2 2 0.189231 0.181161 0.470129 0.076473 0.083007
2 2 0.121909 0.154110 0.592016 0.074649 0.057316
2 2 0.017530 0.063220 0.879928 0.022544 0.016779
2 2 0.001710 0.019294 0.959671 0.014045 0.005279
2 2 0.000565 0.008944 0.974050 0.014748 0.001694
2 2 0.000762 0.011314 0.972505 0.013343 0.002075
2 2 0.000789 0.012037 0.972485 0.012918 0.001771
2 2 0.001303 0.015735 0.962950 0.017574 0.002439
2 2 0.001346 0.015233 0.953939 0.026710 0.002772
2 2 0.000921 0.012632 0.954674 0.028967 0.002806
2 2 0.001184 0.012473 0.938112 0.045606 0.002624
2 2 0.001433 0.015311 0.950709 0.029183 0.003363
2 2 0.002211 0.017421 0.934178 0.042272 0.003917
2 2 0.001437 0.015354 0.949284 0.031092 0.002833
2 2 0.001464 0.013049 0.945598 0.037655 0.002235
2 2 0.001334 0.012283 0.939576 0.044908 0.001899
2 2 0.001782 0.013727 0.910424 0.071390 0.002677
2 2 0.001841 0.010863 0.791046 0.193142 0.003108
2 2 0.002379 0.014536 0.851792 0.126243 0.005049
2 2 0.004743 0.019670 0.825121 0.142068 0.008397
2 2 0.003511 0.019015 0.847185 0.123442 0.006846
2 2 0.002084 0.011607 0.777713 0.205171 0.003424
2 2 0.001618 0.008332 0.714269 0.273642 0.002140
2 2 0.002280 0.009670 0.654091 0.331297 0.002663
2 2 0.004719 0.012968 0.502634 0.475357 0.004322
2 2 0.008535 0.018204 0.490480 0.475349 0.007431
3 2 0.010064 0.018348 0.455906 0.507799 0.007884
2 2 0.019675 0.029366 0.720619 0.222771 0.007568
2 1 0.123885 0.067883 0.655229 0.143896 0.009107
2 2 0.003383 0.033172 0.908589 0.038116 0.016741
2 2 0.000506 0.010416 0.930272 0.052754 0.006051
2 2 0.000431 0.007576 0.907956 0.079926 0.004111
2 2 0.000319 0.005402 0.898950 0.092889 0.002440
2 2 0.000946 0.009950 0.833613 0.150603 0.004889
2 2 0.001884 0.010335 0.711922 0.271817 0.004043
2 2 0.001929 0.008350 0.604176 0.382674 0.002870
2 2 0.001212 0.004786 0.502524 0.490236 0.001242
2 2 0.001346 0.006097 0.585346 0.405402 0.001809
2 2 0.001426 0.006290 0.585559 0.404932 0.001794
2 2 0.001475 0.009416 0.777119 0.209334 0.002657
2 2 0.002403 0.017148 0.849648 0.123750 0.007050
2 2 0.001663 0.010758 0.837954 0.147097 0.002528
2 2 0.001977 0.009131 0.679215 0.307184 0.002494
2 2 0.001953 0.008973 0.681371 0.305379 0.002324
3 2 0.001292 0.004579 0.411145 0.581354 0.001630
3 2 0.002102 0.006659 0.424969 0.563752 0.002519
2 2 0.006331 0.019298 0.523578 0.441979 0.008813
3 2 0.003900 0.009894 0.416148 0.566523 0.003535
3 2 0.001536 0.004448 0.333490 0.658890 0.001635
3 3 0.001052 0.003427 0.342246 0.652117 0.001159
3 3 0.001335 0.004684 0.447142 0.545578 0.001261
3 3 0.002377 0.005767 0.332437 0.657615 0.001805
3 3 0.003227 0.006836 0.293561 0.693756 0.002620
3 3 0.005316 0.009570 0.266335 0.714055 0.004724
3 3 0.003444 0.005260 0.155260 0.832781 0.003255
3 3 0.004210 0.005521 0.126779 0.859491 0.003999
3 3 0.011187 0.017045 0.242606 0.718282 0.010879
3 3 0.008576 0.010704 0.172014 0.801953 0.006752
3 3 0.013579 0.016153 0.192602 0.767317 0.010350
3 3 0.005467 0.009138 0.234574 0.745984 0.004837
3 3 0.005776 0.007452 0.151487 0.830506 0.004779
3 3 0.007570 0.008423 0.113816 0.862779 0.007412
3 3 0.004293 0.003397 0.048093 0.940622 0.003595
3 3 0.002999 0.002341 0.039256 0.952984 0.002420
3 3 0.002666 0.002068 0.036775 0.956391 0.002099
3 3 0.004437 0.003550 0.048515 0.939472 0.004027
3 3 0.005038 0.004268 0.053472 0.931936 0.005286
3 3 0.005309 0.004249 0.054018 0.931759 0.004665
3 3 0.006349 0.004934 0.061850 0.922571 0.004296
3 3 0.006286 0.004744 0.063255 0.922316 0.003400
3 3 0.009756 0.007274 0.083032 0.895533 0.004405
3 3 0.006033 0.004377 0.064135 0.923030 0.002424
3 3 0.006584 0.004861 0.066431 0.919149 0.002976
3 3 0.012798 0.010241 0.115779 0.856145 0.005037
3 3 0.015667 0.012073 0.105918 0.858037 0.008306
3 3 0.019136 0.014730 0.121521 0.835134 0.009479
3 3 0.016984 0.012740 0.103296 0.855354 0.011625
3 3 0.014185 0.010841 0.095856 0.869888 0.009231
3 3 0.006831 0.005231 0.065522 0.918344 0.004071
3 3 0.004398 0.003862 0.063557 0.924948 0.003236
3 3 0.004252 0.003418 0.051771 0.937392 0.003168
3 3 0.003193 0.002489 0.040808 0.950984 0.002526
3 3 0.005948 0.004733 0.058130 0.926293 0.004895
3 3 0.003506 0.002626 0.044904 0.946963 0.002000
3 3 0.005091 0.003811 0.056217 0.932191 0.002691
3 3 0.007377 0.005484 0.070592 0.913105 0.003443
3 3 0.006104 0.004569 0.062651 0.923559 0.003117
3 3 0.007810 0.006110 0.069504 0.911236 0.005340
3 3 0.013171 0.010632 0.091576 0.874272 0.010348
3 3 0.008263 0.006436 0.072162 0.907736 0.005404
3 3 0.007498 0.005739 0.069296 0.913101 0.004367
3 3 0.013098 0.010410 0.092676 0.874673 0.009143
3 3 0.014336 0.010724 0.094368 0.870849 0.009723
3 3 0.011932 0.008104 0.084962 0.888744 0.006259
3 3 0.018962 0.012551 0.112733 0.847952 0.007803
3 3 0.009137 0.006878 0.079139 0.900340 0.004506
3 3 0.009500 0.007431 0.078018 0.898801 0.006251
3 3 0.005332 0.004138 0.055804 0.931035 0.003691
3 3 0.007147 0.005627 0.065524 0.916474 0.005228
3 3 0.007269 0.005646 0.067069 0.915245 0.004771
3 3 0.011113 0.008252 0.089959 0.885934 0.004742
3 3 0.247130 0.086801 0.295039 0.341626 0.029403
2 3 0.297466 0.108371 0.327536 0.245951 0.020676
0 2 0.450499 0.135519 0.243850 0.118240 0.051892
2 2 0.298043 0.169728 0.303030 0.172285 0.056914
2 2 0.002266 0.013446 0.899922 0.082915 0.001451
2 2 0.001475 0.006998 0.719178 0.271261 0.001088
2 2 0.001252 0.004757 0.578103 0.415249 0.000639
3 2 0.001782 0.005301 0.454505 0.537431 0.000981
3 2 0.002316 0.005617 0.372876 0.618005 0.001187
3 2 0.002403 0.007143 0.478943 0.509877 0.001634
2 2 0.004043 0.013987 0.660966 0.317757 0.003246
2 4 0.001834 0.013272 0.807739 0.172542 0.004612
2 4 0.000638 0.013204 0.933215 0.045663 0.007280
2 4 0.000501 0.017719 0.951060 0.016367 0.014353
2 4 0.001490 0.042476 0.878413 0.005921 0.071701
2 4 0.003213 0.074212 0.791795 0.003857 0.126923
2 4 0.006355 0.107216 0.707320 0.003787 0.175322
2 4 0.003371 0.095497 0.750431 0.004957 0.145744
2 4 0.000927 0.041566 0.846483 0.003843 0.107181
2 4 0.001452 0.049102 0.771458 0.004828 0.173160
2 4 0.004070 0.067572 0.578989 0.005225 0.344145
4 4 0.078133 0.168959 0.258773 0.002551 0.491585
0 4 0.449452 0.115851 0.035151 0.000710 0.398835
0 4 0.511352 0.125961 0.051302 0.002113 0.309271
4 4 0.303557 0.187405 0.065418 0.001602 0.442018
4 4 0.188863 0.267907 0.108928 0.003354 0.430947
2 4 0.004886 0.076106 0.470597 0.009958 0.438453
4 4 0.005201 0.068775 0.353619 0.006677 0.565728
4 4 0.007312 0.087234 0.386192 0.004807 0.514456
2 4 0.006582 0.105740 0.491816 0.003523 0.392339
2 4 0.003244 0.088628 0.647925 0.003995 0.256208
4 4 0.006910 0.081253 0.363502 0.006569 0.541766
4 4 0.008306 0.046957 0.161937 0.007649 0.775150
4 4 0.010841 0.032591 0.085672 0.006645 0.864250
4 4 0.009434 0.040877 0.126323 0.005190 0.818176
4 4 0.013348 0.065498 0.139204 0.001858 0.780093
2 4 0.016685 0.144061 0.454296 0.003170 0.381789
2 4 0.019180 0.182634 0.531663 0.003897 0.262626
2 1 0.040680 0.261067 0.498990 0.008138 0.191124
2 1 0.013039 0.153747 0.701047 0.005112 0.127055
2 1 0.010228 0.136849 0.740423 0.006112 0.106387
2 1 0.003214 0.084273 0.746853 0.003287 0.162372
2 1 0.002264 0.074068 0.796350 0.003658 0.123660
2 1 0.003127 0.083228 0.738819 0.003505 0.171321
2 1 0.003825 0.076968 0.660046 0.004538 0.254624
2 1 0.004063 0.061549 0.773137 0.005792 0.155460
2 1 0.044177 0.162761 0.443770 0.004715 0.344576
4 1 0.317351 0.226913 0.126429 0.006534 0.322774
4 1 0.012714 0.148232 0.402539 0.004335 0.432180
2 2 0.011999 0.165009 0.477548 0.004430 0.341014
2 2 0.007473 0.138604 0.614516 0.006071 0.233335
2 2 0.006732 0.131715 0.719339 0.005455 0.136759
2 2 0.003068 0.072708 0.843464 0.011708 0.069051
2 2 0.005294 0.084766 0.774204 0.014169 0.121567
2 2 0.001842 0.045941 0.872311 0.013554 0.066352
2 2 0.003057 0.058363 0.878900 0.006783 0.052897
2 2 0.015595 0.114853 0.788992 0.005534 0.075027
2 2 0.003374 0.035386 0.945043 0.008617 0.007581
2 2 0.003614 0.033441 0.944306 0.011366 0.007273
2 2 0.000255 0.008809 0.981940 0.006941 0.002055
2 2 0.000175 0.006952 0.982309 0.008533 0.002031
2 2 0.000203 0.007576 0.980763 0.009149 0.002308
2 2 0.000636 0.025285 0.951958 0.005842 0.016278
2 2 0.000640 0.027880 0.945901 0.004964 0.020616
2 2 0.000896 0.031430 0.937703 0.007051 0.022920
2 2 0.001184 0.039052 0.912937 0.004746 0.042080
2 2 0.001445 0.043375 0.900338 0.004905 0.049938
2 2 0.000585 0.025764 0.943631 0.005754 0.024267
2 2 0.041964 0.144427 0.485114 0.007206 0.321289
2 2 0.229651 0.206903 0.391936 0.011632 0.159878
0 1 0.789749 0.064014 0.073185 0.015286 0.057767
0 1 0.886844 0.032452 0.030853 0.005385 0.044467
0 2 0.829057 0.050586 0.045809 0.008799 0.065748
0 2 0.521923 0.159244 0.128486 0.025505 0.164842
2 2 0.139976 0.222169 0.421928 0.012093 0.203834
2 2 0.015100 0.137082 0.665945 0.004292 0.177581
2 2 0.011696 0.124302 0.707743 0.003856 0.152402
2 2 0.004990 0.088939 0.797113 0.003787 0.105170
0 2 0.596993 0.107775 0.174018 0.068190 0.053024
0 2 0.787423 0.063064 0.051121 0.009697 0.088694
0 0 0.737427 0.077501 0.055975 0.010449 0.118649
0 0 0.541219 0.148555 0.135930 0.038198 0.136099
1 1 0.262368 0.274036 0.200124 0.026330 0.237142
2 1 0.119167 0.290221 0.372555 0.030533 0.187524
2 1 0.142775 0.266397 0.383265 0.034751 0.172813
2 1 0.079851 0.275109 0.434059 0.016353 0.194627
0 1 0.344638 0.209270 0.248529 0.055884 0.141679
0 2 0.343085 0.201638 0.263870 0.093215 0.098192
0 1 0.443499 0.173376 0.198984 0.073759 0.110382
0 1 0.562528 0.138902 0.142609 0.043188 0.112772
0 1 0.751033 0.072791 0.052209 0.009494 0.114472
0 1 0.556408 0.143146 0.097203 0.013518 0.189725
0 1 0.492377 0.155406 0.082052 0.006041 0.264125
4 1 0.233522 0.164011 0.074925 0.002997 0.524544
4 1 0.221346 0.120644 0.064435 0.003496 0.590079
4 2 0.053008 0.113011 0.226223 0.012599 0.595160
4 2 0.058460 0.129580 0.275325 0.014273 0.522362
2 2 0.004143 0.043512 0.889431 0.031633 0.031281
2 2 0.003133 0.031100 0.923544 0.032586 0.009637
2 2 0.006836 0.055091 0.896872 0.027315 0.013887
2 2 0.011253 0.080347 0.864252 0.023231 0.020918
2 2 0.007267 0.064692 0.888902 0.020407 0.018732
2 2 0.002286 0.039534 0.924291 0.013379 0.020509
2 2 0.001811 0.026658 0.950772 0.010693 0.010066
2 2 0.002969 0.030592 0.940574 0.014325 0.011539
2 2 0.002742 0.030493 0.939653 0.015305 0.011806
2 2 0.001789 0.025825 0.948196 0.014939 0.009250
2 2 0.001626 0.029587 0.946948 0.010255 0.011583
2 2 0.023003 0.131392 0.593748 0.011336 0.240522
2 2 0.016674 0.115989 0.669530 0.017304 0.180503
2 2 0.022207 0.150123 0.558797 0.013309 0.255565
2 2 0.021866 0.153490 0.641927 0.012483 0.170233
2 2 0.023556 0.144478 0.714230 0.018767 0.098969
2 2 0.011432 0.075691 0.846540 0.028778 0.037559
2 2 0.008450 0.054090 0.857826 0.054327 0.025307
2 2 0.006958 0.041917 0.830111 0.093848 0.027165
2 2 0.006196 0.034850 0.786062 0.150191 0.022700
2 2 0.011829 0.060570 0.719667 0.136194 0.071740
2 2 0.010748 0.052629 0.794236 0.086095 0.056292
2 2 0.018247 0.071383 0.734905 0.081143 0.094322
2 2 0.019312 0.074201 0.753938 0.066470 0.086079
2 2 0.024184 0.092733 0.722308 0.039867 0.120908
2 2 0.004332 0.027776 0.888032 0.063973 0.015887
2 2 0.003949 0.027917 0.887268 0.064693 0.016173
2 2 0.003064 0.027401 0.877863 0.075673 0.015999
2 2 0.007618 0.052163 0.782238 0.122381 0.035600
2 2 0.015821 0.071498 0.671848 0.151487 0.089345
2 2 0.004827 0.027791 0.817878 0.129790 0.019714
2 2 0.010017 0.037656 0.808124 0.116743 0.027460
2 2 0.013476 0.054216 0.847258 0.046374 0.038676
2 2 0.009784 0.032199 0.867854 0.072394 0.017769
2 2 0.009177 0.031696 0.839918 0.099033 0.020175
2 2 0.013139 0.048348 0.797128 0.093202 0.048183
2 2 0.005128 0.021761 0.775942 0.187220 0.009950
2 2 0.006949 0.025668 0.718868 0.237464 0.011051
2 2 0.007480 0.030679 0.786893 0.165315 0.009632
2 2 0.007892 0.030662 0.757942 0.192732 0.010772
2 2 0.012523 0.026313 0.562487 0.385532 0.013145
3 2 0.010691 0.019761 0.275606 0.676684 0.017259
3 2 0.014593 0.019137 0.226877 0.726560 0.012832
3 2 0.013603 0.016474 0.212135 0.748203 0.009585
3 2 0.017695 0.018334 0.201158 0.753571 0.009242
2 2 0.153069 0.095969 0.527330 0.195301 0.028331
0 2 0.384383 0.123366 0.343264 0.107938 0.041049
0 2 0.594602 0.127801 0.145782 0.038828 0.092987
0 0 0.502278 0.155929 0.187755 0.056482 0.097556
0 1 0.441302 0.171830 0.218336 0.073004 0.095528
2 2 0.022814 0.070657 0.819089 0.059329 0.028111
2 2 0.033895 0.075303 0.795284 0.068547 0.026970
2 2 0.048168 0.081946 0.747659 0.070078 0.052150
2 2 0.049885 0.083294 0.715656 0.066583 0.084582
2 2 0.021987 0.079400 0.724812 0.067856 0.105946
2 2 0.034247 0.093290 0.600483 0.087095 0.184885
2 2 0.015417 0.052945 0.700248 0.191224 0.040167
2 2 0.013420 0.048477 0.666442 0.237467 0.034195
2 2 0.007703 0.031503 0.618944 0.323206 0.018644
2 2 0.040522 0.078086 0.700553 0.155370 0.025469
2 0 0.314284 0.124460 0.394115 0.130662 0.036479
0 0 0.725414 0.078350 0.110703 0.034376 0.051156
0 0 0.843706 0.042773 0.065919 0.017964 0.029637
0 0 0.852078 0.042181 0.057103 0.014037 0.034602
0 0 0.901979 0.028012 0.028703 0.005078 0.036228
0 0 0.841790 0.046925 0.049942 0.010575 0.050768
0 0 0.749552 0.070015 0.103807 0.032186 0.044440
0 0 0.771429 0.064597 0.092947 0.027395 0.043632
0 0 0.726269 0.074119 0.117970 0.039463 0.042177
0 0 0.725989 0.083005 0.096148 0.026116 0.068743
0 0 0.705346 0.091493 0.080190 0.018267 0.104703
0 0 0.556447 0.137171 0.080743 0.008032 0.217608
0 0 0.354303 0.205371 0.098809 0.005272 0.336245
0 0 0.555399 0.128581 0.065488 0.004654 0.245879
0 1 0.380907 0.179214 0.075488 0.003031 0.361359
0 1 0.488558 0.156689 0.082467 0.006010 0.266276
0 1 0.411405 0.197394 0.117470 0.010755 0.262976
0 1 0.521066 0.159125 0.118574 0.020028 0.181207
4 1 0.276307 0.263976 0.166738 0.015728 0.277251
4 1 0.215550 0.286020 0.154108 0.009414 0.334908
4 1 0.196693 0.301325 0.172005 0.011784 0.318193
1 1 0.134716 0.333602 0.227732 0.015200 0.288750
2 1 0.070958 0.316966 0.385231 0.018905 0.207940
2 2 0.019995 0.196433 0.667342 0.009938 0.106293
2 2 0.007681 0.118002 0.813212 0.006064 0.055041
2 2 0.001601 0.027489 0.955055 0.009123 0.006731
2 2 0.000435 0.009401 0.979413 0.009213 0.001539
2 2 0.000456 0.009968 0.977941 0.009923 0.001713
2 2 0.000703 0.011456 0.969002 0.016763 0.002076
2 2 0.001245 0.016745 0.958088 0.020488 0.003434
2 2 0.001335 0.016165 0.961022 0.018908 0.002571
2 2 0.000973 0.012761 0.967612 0.016864 0.001790
2 2 0.000795 0.010539 0.970231 0.017239 0.001196
2 2 0.000746 0.010618 0.972608 0.014777 0.001251
2 2 0.001119 0.012983 0.961884 0.022219 0.001796
2 2 0.000569 0.010404 0.976151 0.011274 0.001602
2 2 0.000363 0.008280 0.982156 0.008058 0.001143
2 2 0.000308 0.007080 0.983729 0.007971 0.000913
2 2 0.000335 0.007274 0.983436 0.008088 0.000867
2 2 0.000505 0.009883 0.979645 0.008672 0.001296
2 2 0.000433 0.007802 0.980224 0.010716 0.000825
2 2 0.000489 0.008864 0.979197 0.010360 0.001089
2 2 0.000804 0.010839 0.972868 0.014113 0.001376
2 2 0.000234 0.004419 0.979117 0.015842 0.000387
2 2 0.000586 0.008017 0.968292 0.022181 0.000923
2 2 0.001353 0.015978 0.963697 0.016736 0.002237
2 2 0.000740 0.010668 0.973142 0.014196 0.001254
2 2 0.002573 0.025770 0.951623 0.016287 0.003747
2 2 0.002720 0.029649 0.949789 0.013500 0.004342
2 2 0.001065 0.012617 0.969113 0.015993 0.001212
2 2 0.000428 0.006624 0.977497 0.014924 0.000527
2 2 0.042817 0.090788 0.808221 0.033835 0.024340
2 2 0.109807 0.153125 0.632350 0.054530 0.050187
0 2 0.351725 0.229531 0.204241 0.039644 0.174859
0 1 0.279703 0.260641 0.225575 0.044632 0.189449
0 2 0.288448 0.210437 0.283570 0.122891 0.094653
2 2 0.002163 0.020281 0.950053 0.024426 0.003078
2 2 0.016749 0.055225 0.879770 0.038354 0.009902
2 2 0.183125 0.216297 0.447085 0.050580 0.102913
1 2 0.213559 0.298452 0.196020 0.019074 0.272894
2 2 0.119616 0.268306 0.419690 0.031723 0.160666
2 2 0.025594 0.086129 0.822537 0.045664 0.020076
2 2 0.000684 0.008560 0.959849 0.029722 0.001185
2 2 0.000233 0.004183 0.973171 0.021982 0.000431
2 2 0.000402 0.006133 0.977819 0.015096 0.000551
2 2 0.003850 0.025182 0.947964 0.019891 0.003113
2 2 0.007347 0.050734 0.911855 0.020041 0.010024
2 2 0.007980 0.058226 0.900135 0.021962 0.011698
2 2 0.001217 0.027813 0.956150 0.007370 0.007450
2 2 0.000738 0.013481 0.972386 0.010974 0.002421
2 2 0.000878 0.013478 0.971441 0.012426 0.001777
2 2 0.000302 0.006140 0.980308 0.012456 0.000795
2 2 0.000246 0.004707 0.978286 0.016276 0.000486
2 2 0.000250 0.005274 0.983282 0.010680 0.000514
2 2 0.000410 0.009092 0.976623 0.012161 0.001714
2 2 0.000437 0.009017 0.974962 0.013940 0.001644
2 2 0.000350 0.009212 0.980219 0.008092 0.002127
2 2 0.000115 0.003128 0.984176 0.012216 0.000365
2 2 0.000073 0.002186 0.985841 0.011700 0.000200
2 2 0.000070 0.002122 0.985294 0.012313 0.000201
2 2 0.000110 0.002456 0.976297 0.020917 0.000220
2 2 0.000178 0.003670 0.978527 0.017267 0.000359
2 2 0.000435 0.006589 0.970752 0.021473 0.000751
2 2 0.001104 0.012080 0.958507 0.026714 0.001595
2 2 0.000785 0.009489 0.960423 0.028032 0.001270
2 2 0.000583 0.007749 0.964112 0.026585 0.000971
2 2 0.000467 0.008193 0.970291 0.019678 0.001371
2 2 0.000547 0.007905 0.959735 0.030546 0.001267
2 2 0.000360 0.004937 0.949297 0.044716 0.000691
2 2 0.000473 0.005523 0.945176 0.048207 0.000621
2 2 0.000555 0.005703 0.918555 0.074381 0.000806
2 2 0.001330 0.009578 0.854468 0.132399 0.002225
2 2 0.001148 0.007586 0.797154 0.192294 0.001818
2 2 0.001343 0.008179 0.764818 0.223419 0.002241
2 2 0.001258 0.007890 0.798380 0.190784 0.001689
2 3 0.001206 0.006359 0.704113 0.286993 0.001329
2 3 0.001434 0.007357 0.714172 0.275445 0.001593
2 3 0.000848 0.004768 0.706509 0.287067 0.000809
2 3 0.000557 0.003386 0.665892 0.329551 0.000614
2 3 0.000872 0.004566 0.647733 0.345919 0.000910
2 3 0.001302 0.005272 0.535956 0.456153 0.001317
3 3 0.003946 0.008423 0.306064 0.677728 0.003839
3 3 0.005450 0.010455 0.298165 0.680916 0.005014
3 3 0.003790 0.007351 0.275529 0.710444 0.002887
3 3 0.005028 0.008102 0.236132 0.747457 0.003280
3 3 0.008023 0.011250 0.245337 0.731200 0.004191
3 3 0.004394 0.006047 0.169476 0.817461 0.002622
3 3 0.005792 0.007085 0.156617 0.827180 0.003327
3 3 0.002870 0.004488 0.171575 0.819227 0.001840
3 3 0.006409 0.008316 0.189484 0.792374 0.003416
3 3 0.012538 0.019815 0.380102 0.581698 0.005846
3 3 0.014318 0.020939 0.326144 0.630102 0.008497
3 3 0.022304 0.031322 0.365094 0.567232 0.014049
3 3 0.014567 0.016503 0.196142 0.762672 0.010116
3 3 0.016562 0.016023 0.153647 0.802107 0.011660
3 3 0.011076 0.009097 0.097430 0.875912 0.006485
3 3 0.020272 0.017069 0.156504 0.796082 0.010073
3 3 0.021382 0.014947 0.121263 0.832567 0.009841
3 3 0.061077 0.034026 0.182818 0.696725 0.025354
3 3 0.045521 0.025717 0.157762 0.750466 0.020534
3 3 0.019090 0.014349 0.121464 0.837080 0.008018
3 3 0.018968 0.014780 0.116869 0.838844 0.010538
3 3 0.008612 0.007620 0.101522 0.877439 0.004808
3 3 0.010177 0.007898 0.082604 0.893248 0.006073
3 3 0.013492 0.010185 0.099128 0.870908 0.006287
3 3 0.025214 0.019416 0.138711 0.804614 0.012045
3 3 0.049632 0.032454 0.192980 0.709836 0.015098
3 3 0.033988 0.024263 0.183776 0.747814 0.010160
3 3 0.030621 0.033240 0.358490 0.564751 0.012897
3 3 0.014671 0.020101 0.298806 0.658092 0.008330
3 3 0.031482 0.031710 0.256976 0.663080 0.016752
0 3 0.621247 0.092203 0.174540 0.073230 0.038780
0 2 0.365620 0.162381 0.271599 0.137905 0.062495
2 2 0.197226 0.200741 0.379027 0.158484 0.064522
2 2 0.001720 0.021571 0.941017 0.029831 0.005860
2 2 0.000915 0.016058 0.946762 0.030421 0.005845
2 2 0.000585 0.018020 0.950709 0.019226 0.011460
2 4 0.014254 0.121265 0.788449 0.009562 0.066470
2 4 0.059578 0.257182 0.484981 0.008826 0.189433
4 4 0.274911 0.248735 0.126287 0.007125 0.342942
4 4 0.204750 0.243309 0.228065 0.005144 0.318731
0 4 0.370413 0.208747 0.112698 0.007959 0.300183
4 4 0.086586 0.342136 0.139362 0.003644 0.428271
1 4 0.116386 0.348136 0.184291 0.009446 0.341741
2 4 0.015030 0.188186 0.465350 0.002041 0.329394
4 4 0.027401 0.199575 0.307146 0.002524 0.463354
4 4 0.081808 0.190453 0.109004 0.002934 0.615802
4 4 0.070312 0.139688 0.095280 0.003692 0.691028
4 4 0.070494 0.101134 0.082767 0.003412 0.742193
4 4 0.057070 0.109391 0.118014 0.002277 0.713248
4 4 0.046361 0.147657 0.167889 0.001762 0.636331
4 4 0.025063 0.187155 0.324202 0.001815 0.461764
2 4 0.023021 0.218519 0.400313 0.001459 0.356689
2 4 0.016320 0.191827 0.451053 0.001246 0.339553
4 4 0.020148 0.200104 0.371611 0.000969 0.407168
4 4 0.224624 0.243939 0.112462 0.003241 0.415734
4 4 0.291225 0.230481 0.106553 0.004910 0.366831
4 4 0.097491 0.336709 0.141266 0.004053 0.420481
4 4 0.099694 0.334465 0.139984 0.004012 0.421844
4 4 0.148282 0.294602 0.120673 0.003579 0.432864
4 4 0.036813 0.107742 0.097715 0.004078 0.753652
4 4 0.023946 0.023240 0.017046 0.001058 0.934711
4 4 0.039738 0.039906 0.024649 0.001180 0.894526
4 4 0.114920 0.116787 0.050602 0.001464 0.716227
4 4 0.092201 0.259418 0.263729 0.003528 0.381124
4 4 0.201264 0.241994 0.117020 0.002847 0.436875
4 4 0.116958 0.164960 0.112569 0.003364 0.602150
4 4 0.038010 0.120175 0.185716 0.004721 0.651378
4 4 0.017734 0.055484 0.085153 0.003281 0.838348
4 4 0.014172 0.070508 0.179599 0.005201 0.730521
4 4 0.046287 0.134649 0.146303 0.003046 0.669715
4 4 0.107012 0.198638 0.079761 0.001710 0.612878
4 4 0.108352 0.306703 0.112844 0.002443 0.469658
4 4 0.128060 0.287997 0.103788 0.002220 0.477935
4 4 0.058978 0.217154 0.173477 0.001649 0.548742
4 4 0.036280 0.174021 0.191047 0.001936 0.596716
4 4 0.043378 0.155436 0.146553 0.002273 0.652360
4 4 0.042223 0.160819 0.166321 0.002477 0.628160
4 4 0.046432 0.179804 0.163082 0.002538 0.608143
4 4 0.057712 0.237641 0.198194 0.002672 0.503781
4 4 0.113702 0.203822 0.105313 0.002829 0.574335
4 4 0.105742 0.174939 0.102005 0.002228 0.615086
4 4 0.063043 0.119227 0.070907 0.001337 0.745486
4 4 0.037414 0.054127 0.040349 0.001334 0.866776
4 4 0.018564 0.039876 0.047465 0.002308 0.891787
4 4 0.015830 0.028151 0.028918 0.002464 0.924637
4 4 0.017331 0.024582 0.021522 0.001824 0.934741
4 4 0.021302 0.033022 0.033228 0.003185 0.909263
4 4 0.028817 0.056424 0.045818 0.002493 0.866447
4 4 0.055103 0.110728 0.065714 0.001421 0.767033
4 4 0.071809 0.169559 0.084329 0.001235 0.673069
4 4 0.174380 0.272018 0.107284 0.003024 0.443294
4 1 0.167801 0.298163 0.168944 0.007071 0.358022
4 4 0.010918 0.125247 0.376492 0.002703 0.484640
4 4 0.015541 0.081459 0.175773 0.002388 0.724840
4 4 0.014180 0.069838 0.199047 0.002665 0.714270
4 4 0.026464 0.093366 0.133297 0.001986 0.744887
4 4 0.027634 0.125266 0.140061 0.001517 0.705523
4 4 0.018399 0.166351 0.312641 0.002535 0.500074
4 4 0.018311 0.134881 0.285648 0.003164 0.557997
4 4 0.023519 0.124388 0.258428 0.002800 0.590867
4 4 0.016071 0.127791 0.359690 0.002125 0.494323
4 4 0.018505 0.159461 0.356516 0.001394 0.464123
4 4 0.049634 0.194792 0.198988 0.001453 0.555133
4 4 0.127157 0.239665 0.120726 0.001816 0.510637
4 4 0.086773 0.299377 0.142855 0.001860 0.469134
4 4 0.072586 0.304787 0.184302 0.002058 0.436268
2 4 0.009906 0.151089 0.454586 0.001678 0.382742
2 4 0.026249 0.217714 0.449242 0.002745 0.304050
4 4 0.153060 0.257326 0.096160 0.001694 0.491760
4 1 0.189033 0.282695 0.127982 0.005054 0.395237
4 1 0.119238 0.281802 0.094586 0.001693 0.502681
4 1 0.218938 0.244378 0.095106 0.002743 0.438835
4 1 0.053897 0.284372 0.257693 0.003090 0.400948
2 4 0.026481 0.262015 0.457220 0.003870 0.250414
2 4 0.016646 0.199455 0.551312 0.003350 0.229237
2 4 0.010544 0.154313 0.597054 0.002481 0.235608
2 4 0.016216 0.174339 0.470672 0.003131 0.335644
4 4 0.025285 0.198623 0.312400 0.002394 0.461298
4 4 0.029486 0.207407 0.225973 0.001284 0.535849
4 4 0.105894 0.253404 0.115852 0.001294 0.523556
2 4 0.013851 0.186438 0.536112 0.001933 0.261666
2 4 0.022416 0.217346 0.380824 0.002173 0.377241
2 4 0.016885 0.236097 0.456461 0.001479 0.289079
2 4 0.021685 0.245580 0.461340 0.001444 0.269951
2 4 0.010882 0.205384 0.611685 0.001723 0.170327
2 4 0.010648 0.212060 0.601922 0.001766 0.173605
2 4 0.007389 0.182080 0.663036 0.001322 0.146173
2 4 0.016774 0.216406 0.516495 0.001398 0.248927
2 4 0.028041 0.224907 0.418494 0.001229 0.327328
4 4 0.046810 0.243670 0.278928 0.000883 0.429709
4 4 0.052597 0.267560 0.226670 0.001159 0.452014
4 4 0.046356 0.301980 0.261411 0.001874 0.388379
2 4 0.018148 0.249780 0.497061 0.001989 0.233022
2 4 0.009986 0.193877 0.632587 0.001547 0.162003
4 4 0.022889 0.187612 0.370724 0.001615 0.417160
4 4 0.035168 0.102850 0.108897 0.002365 0.750720
4 4 0.034335 0.066388 0.061942 0.002392 0.834944
4 4 0.040998 0.058619 0.042614 0.000951 0.856818
4 4 0.102280 0.088033 0.048844 0.000708 0.760135
4 4 0.045582 0.095582 0.105772 0.001079 0.751985
4 4 0.044164 0.042821 0.025628 0.001044 0.886344
4 4 0.080911 0.054954 0.028707 0.000988 0.834440
4 4 0.170457 0.076129 0.024023 0.000382 0.729010
4 4 0.375437 0.138621 0.041559 0.000769 0.443614
4 4 0.262555 0.216257 0.080913 0.002232 0.438044
4 4 0.245656 0.247586 0.109097 0.004308 0.393353
4 4 0.052593 0.267778 0.263427 0.001859 0.414343
2 4 0.022615 0.258115 0.467176 0.002179 0.249916
2 4 0.024027 0.260511 0.487620 0.003212 0.224630
2 4 0.027040 0.265612 0.470453 0.003380 0.233515
2 4 0.026548 0.242721 0.511857 0.003164 0.215708
2 4 0.017898 0.212762 0.603138 0.003368 0.162834
2 4 0.009061 0.180077 0.692841 0.003050 0.114970
2 4 0.003349 0.120304 0.790841 0.002712 0.082795
2 4 0.002086 0.088587 0.830577 0.003471 0.075279
2 4 0.002795 0.096629 0.792973 0.002987 0.104617
2 4 0.002835 0.093552 0.798199 0.003462 0.101951
2 4 0.005077 0.115433 0.742382 0.003978 0.133130
2 2 0.003991 0.106029 0.758117 0.004267 0.127597
2 2 0.003956 0.101749 0.734751 0.004182 0.155362
2 2 0.001561 0.066006 0.820542 0.004428 0.107463
2 2 0.002120 0.069757 0.774623 0.006536 0.146965
2 2 0.004045 0.086809 0.665784 0.010936 0.232427
2 2 0.006007 0.095679 0.539438 0.018038 0.340838
2 2 0.008974 0.120299 0.456885 0.013530 0.400313
2 2 0.004778 0.097828 0.648108 0.009279 0.240006
2 2 0.001470 0.056707 0.858211 0.008255 0.075356
2 2 0.001018 0.055640 0.875465 0.004679 0.063198
2 2 0.000578 0.030397 0.934892 0.006662 0.027470
2 2 0.000721 0.028755 0.936593 0.010565 0.023367
2 2 0.000819 0.024245 0.944404 0.015361 0.015172
2 2 0.000757 0.027930 0.944211 0.008603 0.018499
2 2 0.000655 0.022163 0.955776 0.008825 0.012580
2 2 0.001815 0.044390 0.907603 0.005839 0.040353
2 2 0.005125 0.096485 0.767763 0.004926 0.125701
2 2 0.002942 0.068057 0.844339 0.012015 0.072647
2 2 0.002084 0.054046 0.876116 0.016309 0.051445
2 2 0.000702 0.023691 0.948839 0.012516 0.014252
2 2 0.000682 0.031282 0.933742 0.006520 0.027774
2 2 0.000618 0.028736 0.940605 0.005218 0.024823
2 2 0.001571 0.046745 0.910767 0.005786 0.035130
2 2 0.001699 0.047804 0.918145 0.006073 0.026280
2 2 0.001468 0.033989 0.938978 0.010294 0.015271
2 2 0.002053 0.062043 0.894985 0.005061 0.035858
2 2 0.000785 0.025897 0.953292 0.007495 0.012531
2 2 0.014846 0.118269 0.799527 0.008814 0.058544
2 2 0.097564 0.225884 0.535675 0.023562 0.117316
0 2 0.352212 0.221436 0.226873 0.056120 0.143359
0 1 0.376496 0.219841 0.173923 0.030487 0.199252
0 2 0.668775 0.103010 0.082065 0.018197 0.127952
0 2 0.627189 0.118518 0.095427 0.020634 0.138231
0 2 0.540116 0.151333 0.111172 0.018405 0.178973
0 2 0.585898 0.124750 0.124809 0.019643 0.144900
2 2 0.287893 0.163931 0.380326 0.024979 0.142872
2 2 0.048241 0.152906 0.685078 0.010840 0.102935
2 2 0.021782 0.124240 0.776124 0.009294 0.068561
2 2 0.005823 0.074308 0.884779 0.006882 0.028208
2 2 0.004463 0.059867 0.908896 0.005757 0.021016
2 2 0.002638 0.039184 0.942363 0.004985 0.010830
2 2 0.003369 0.043013 0.935495 0.004979 0.013143
2 2 0.003162 0.040243 0.939454 0.006212 0.010929
2 2 0.006219 0.056307 0.911000 0.009830 0.016644
2 2 0.004534 0.053874 0.917455 0.010082 0.014055
2 2 0.002609 0.037026 0.944109 0.008116 0.008140
2 2 0.000825 0.012298 0.977591 0.007401 0.001884
2 2 0.000333 0.007316 0.985939 0.005639 0.000774
2 2 0.001303 0.015451 0.975394 0.005439 0.002413
2 2 0.002109 0.021907 0.963465 0.008959 0.003561
2 2 0.004117 0.038499 0.935830 0.014038 0.007517
2 2 0.004259 0.041602 0.931728 0.014051 0.008360
2 2 0.000251 0.005175 0.982176 0.011880 0.000519
2 2 0.000470 0.007851 0.976824 0.013942 0.000913
2 2 0.000401 0.007021 0.976079 0.015583 0.000917
2 2 0.001195 0.012124 0.950295 0.034617 0.001769
2 2 0.001550 0.013480 0.941641 0.041511 0.001818
2 2 0.001739 0.014470 0.945269 0.036887 0.001634
2 2 0.001428 0.013869 0.955663 0.027422 0.001617
2 2 0.001144 0.013312 0.966238 0.017818 0.001488
2 2 0.000920 0.009635 0.956379 0.032046 0.001019
2 2 0.001719 0.013412 0.936699 0.046658 0.001512
2 2 0.000546 0.005925 0.943179 0.049734 0.000616
2 2 0.000661 0.006691 0.942080 0.049895 0.000673
2 2 0.000532 0.006171 0.959060 0.033729 0.000508
2 2 0.000512 0.005791 0.951322 0.041847 0.000529
2 2 0.000465 0.005079 0.945815 0.048221 0.000420
2 2 0.000527 0.005179 0.933407 0.060457 0.000429
2 2 0.000544 0.005081 0.922663 0.071272 0.000439
2 2 0.001800 0.011650 0.899734 0.085435 0.001381
2 2 0.001693 0.011543 0.908736 0.076671 0.001357
2 2 0.001961 0.013599 0.921024 0.061827 0.001590
2 2 0.001184 0.010028 0.934383 0.053269 0.001136
2 2 0.000470 0.005240 0.948082 0.045761 0.000447
2 2 0.000681 0.006427 0.933074 0.059198 0.000620
2 2 0.000735 0.005926 0.912191 0.080663 0.000485
2 2 0.000985 0.007303 0.911757 0.079347 0.000609
2 2 0.001243 0.007535 0.870834 0.119737 0.000652
2 2 0.001871 0.008727 0.787471 0.200943 0.000987
2 3 0.002511 0.008447 0.616134 0.371608 0.001300
2 3 0.001766 0.008472 0.763918 0.224620 0.001224
2 3 0.001521 0.007397 0.763233 0.226910 0.000939
2 3 0.000516 0.006308 0.959439 0.033128 0.000609
2 2 0.001273 0.009520 0.920254 0.067996 0.000957
2 2 0.001610 0.010000 0.892022 0.095378 0.000990
2 2 0.004269 0.016884 0.796489 0.179893 0.002465
2 2 0.003997 0.013957 0.724749 0.255239 0.002059
2 2 0.006910 0.016785 0.576768 0.396345 0.003193
