0 0 0.352494 0.193659 0.164289 0.070724 0.218835
0 0 0.642950 0.065251 0.043224 0.049898 0.198677
0 0 0.525142 0.069818 0.055303 0.091994 0.257743
0 0 0.532107 0.063414 0.038728 0.043774 0.321977
0 0 0.501270 0.065929 0.054753 0.111863 0.266184
0 0 0.340934 0.144080 0.151104 0.150858 0.213023
0 0 0.326943 0.182330 0.219908 0.143521 0.127297
0 0 0.339340 0.200866 0.272325 0.121974 0.065494
0 0 0.393968 0.148141 0.125647 0.081784 0.250460
0 0 0.422532 0.105822 0.083937 0.083981 0.303728
0 0 0.396254 0.090351 0.088322 0.156204 0.268869
0 0 0.484628 0.058850 0.062651 0.216332 0.177539
3 0 0.141506 0.081546 0.181621 0.533852 0.061476
3 0 0.140986 0.075796 0.160111 0.552269 0.070837
3 0 0.164312 0.080458 0.152452 0.514332 0.088445
3 0 0.167803 0.084705 0.160261 0.498822 0.088409
3 0 0.265312 0.076028 0.140489 0.444656 0.073514
3 0 0.251316 0.059030 0.109126 0.497816 0.082712
3 0 0.277383 0.048971 0.088708 0.507072 0.077866
3 0 0.245597 0.060472 0.095024 0.472115 0.126793
0 0 0.290411 0.102703 0.122659 0.269023 0.215203
4 0 0.237069 0.121375 0.138468 0.225604 0.277484
4 0 0.140295 0.178290 0.185563 0.128389 0.367462
2 0 0.060037 0.189455 0.339973 0.161639 0.248895
4 0 0.159280 0.175390 0.138121 0.064542 0.462667
4 0 0.166378 0.168600 0.133794 0.065751 0.465477
4 0 0.224741 0.140867 0.100865 0.058182 0.475345
4 0 0.344464 0.128486 0.098189 0.080113 0.348749
0 0 0.291502 0.200942 0.161744 0.070333 0.275480
4 0 0.285421 0.173147 0.105378 0.036383 0.399671
0 0 0.536766 0.113331 0.068900 0.028746 0.252258
0 0 0.585355 0.114744 0.084927 0.052121 0.162853
0 0 0.661135 0.070048 0.056430 0.069980 0.142407
0 0 0.555743 0.061156 0.034087 0.036506 0.312508
0 0 0.674328 0.031391 0.016498 0.024381 0.253402
0 0 0.580130 0.046476 0.022111 0.015339 0.335945
0 0 0.660661 0.043254 0.021578 0.013568 0.260939
0 0 0.624662 0.025546 0.010886 0.009884 0.329022
0 0 0.692857 0.030503 0.015151 0.015158 0.246330
0 0 0.697509 0.034468 0.018096 0.018550 0.231377
0 0 0.604721 0.070761 0.040908 0.028106 0.255504
0 0 0.616042 0.050505 0.027559 0.027730 0.278164
0 0 0.594162 0.052747 0.027662 0.023529 0.301900
0 0 0.486157 0.072526 0.046363 0.051725 0.343229
0 0 0.652080 0.039269 0.021102 0.026091 0.261458
0 0 0.677356 0.066572 0.040424 0.023484 0.192163
0 0 0.510959 0.064018 0.029960 0.014022 0.381041
0 0 0.545068 0.102533 0.058956 0.023196 0.270247
4 0 0.335431 0.134470 0.065664 0.016739 0.447695
4 0 0.322776 0.112124 0.089527 0.101375 0.374198
4 0 0.230293 0.080257 0.029526 0.006695 0.653230
4 0 0.192558 0.073525 0.024412 0.003979 0.705526
4 0 0.272709 0.053675 0.018194 0.004650 0.650772
0 0 0.589843 0.049517 0.033205 0.047956 0.279479
0 0 0.790056 0.026790 0.026041 0.082807 0.074305
0 0 0.932130 0.006696 0.006527 0.037421 0.017226
0 0 0.944933 0.008532 0.009427 0.027078 0.010030
0 0 0.960346 0.007669 0.009568 0.017513 0.004905
0 0 0.965265 0.006690 0.008540 0.015487 0.004018
0 0 0.976141 0.003754 0.004814 0.012448 0.002843
0 0 0.985147 0.001488 0.001869 0.009597 0.001899
0 0 0.973767 0.004670 0.006110 0.012576 0.002877
0 0 0.984820 0.001664 0.002119 0.009526 0.001871
0 0 0.975795 0.004900 0.006827 0.010378 0.002100
0 0 0.979348 0.004340 0.006349 0.008456 0.001507
0 0 0.939339 0.012513 0.014787 0.024753 0.008609
0 0 0.925414 0.007379 0.007805 0.042981 0.016421
0 0 0.856988 0.014348 0.015994 0.080651 0.032020
0 0 0.550900 0.041254 0.019519 0.019726 0.368601
4 0 0.183515 0.124428 0.052915 0.010479 0.628664
4 0 0.094433 0.153062 0.062058 0.005157 0.685290
4 0 0.101996 0.118798 0.038918 0.003152 0.737136
4 0 0.106965 0.106723 0.033919 0.002776 0.749616
4 0 0.086982 0.111845 0.034162 0.002161 0.764850
4 0 0.117362 0.103575 0.033429 0.003068 0.742566
4 0 0.062405 0.139356 0.048992 0.002676 0.746571
4 0 0.070238 0.138837 0.046705 0.002707 0.741512
4 0 0.059896 0.122534 0.035181 0.001430 0.780960
4 0 0.121506 0.102377 0.033234 0.003184 0.739699
4 0 0.052837 0.100716 0.025930 0.000820 0.819698
4 0 0.045495 0.143377 0.041032 0.001278 0.768818
4 0 0.081923 0.105960 0.066456 0.003233 0.742428
4 0 0.241638 0.126155 0.109248 0.011931 0.511028
0 0 0.863051 0.029879 0.031229 0.043018 0.032823
0 0 0.943194 0.014340 0.018810 0.018382 0.005274
0 0 0.956986 0.008984 0.011361 0.017694 0.004976
0 0 0.768987 0.068683 0.083456 0.053868 0.025006
2 0 0.119614 0.106813 0.743441 0.017037 0.013096
4 0 0.268822 0.112323 0.051537 0.018997 0.548320
4 0 0.028015 0.154154 0.040502 0.000720 0.776608
1 0 0.290721 0.326969 0.216140 0.010471 0.155698
1 0 0.275255 0.342490 0.232280 0.010041 0.139934
0 0 0.413694 0.244871 0.162647 0.014004 0.164783
0 0 0.411563 0.235243 0.153070 0.015542 0.184582
0 0 0.432148 0.243254 0.178934 0.018154 0.127510
0 0 0.448558 0.200567 0.129565 0.019524 0.201786
0 0 0.383548 0.216749 0.129072 0.016319 0.254313
0 0 0.323495 0.248474 0.143370 0.013652 0.271008
4 1 0.280111 0.229929 0.117721 0.010743 0.361495
4 1 0.289709 0.223704 0.112873 0.009859 0.363855
1 1 0.224782 0.313965 0.168472 0.007876 0.284905
1 1 0.263032 0.295863 0.164541 0.009189 0.267375
1 1 0.236339 0.335058 0.196044 0.008817 0.223743
4 1 0.159920 0.318353 0.161677 0.008491 0.351560
4 1 0.108974 0.324371 0.154182 0.007365 0.405108
4 1 0.074326 0.266069 0.121418 0.007760 0.530427
4 1 0.056157 0.243312 0.096716 0.006031 0.597784
4 1 0.113593 0.248056 0.106491 0.006943 0.524917
4 1 0.049486 0.185235 0.060967 0.002497 0.701815
4 1 0.061716 0.162765 0.053326 0.002657 0.719536
4 1 0.065410 0.160434 0.053027 0.002824 0.718305
4 1 0.058413 0.135454 0.040295 0.001672 0.764167
4 1 0.058578 0.160839 0.051683 0.002386 0.726513
4 2 0.057874 0.186424 0.064159 0.003240 0.688303
4 2 0.042896 0.218668 0.075696 0.002955 0.659786
4 2 0.043105 0.236768 0.085956 0.003648 0.630523
4 2 0.036637 0.227255 0.077181 0.002547 0.656381
4 2 0.036059 0.238733 0.104865 0.004087 0.616256
4 2 0.029220 0.239864 0.124229 0.004342 0.602346
4 2 0.035598 0.247972 0.127266 0.005896 0.583269
4 2 0.051337 0.278138 0.235711 0.006087 0.428728
4 2 0.042099 0.228599 0.179080 0.004929 0.545292
4 2 0.040346 0.244394 0.207634 0.003957 0.503670
4 1 0.044751 0.246747 0.090730 0.003660 0.614112
4 1 0.023841 0.210974 0.061889 0.001115 0.702181
4 2 0.029650 0.164294 0.047390 0.001001 0.757665
4 2 0.024261 0.197130 0.060834 0.001178 0.716597
4 2 0.042033 0.193860 0.071042 0.002874 0.690191
4 2 0.037794 0.259040 0.123805 0.006896 0.572466
4 2 0.047389 0.148233 0.043481 0.001454 0.759444
4 1 0.056567 0.100931 0.026452 0.000912 0.815138
4 2 0.073307 0.088877 0.023717 0.001081 0.813019
4 2 0.031658 0.113792 0.027157 0.000480 0.826913
4 2 0.047581 0.122120 0.033047 0.001001 0.796251
4 2 0.023606 0.204471 0.101834 0.001761 0.668328
4 2 0.023254 0.206867 0.091241 0.001581 0.677056
4 2 0.029812 0.222348 0.086807 0.002241 0.658792
4 2 0.039323 0.253596 0.112729 0.005860 0.588493
4 2 0.052633 0.282960 0.131124 0.007201 0.526083
4 2 0.054975 0.298854 0.197858 0.007346 0.440968
4 2 0.037217 0.241550 0.231279 0.007675 0.482279
4 2 0.024495 0.207638 0.294569 0.011303 0.461994
4 2 0.020747 0.224142 0.294551 0.012790 0.447770
2 2 0.011582 0.164351 0.508142 0.020292 0.295633
2 2 0.011258 0.157554 0.488161 0.013365 0.329662
2 2 0.005421 0.086633 0.719413 0.017173 0.171360
2 2 0.003453 0.055800 0.819180 0.023573 0.097994
2 2 0.001358 0.023162 0.907195 0.035935 0.032350
2 2 0.000917 0.012470 0.813250 0.163784 0.009579
2 2 0.000739 0.010582 0.787338 0.194005 0.007336
2 2 0.000599 0.010737 0.893926 0.084637 0.010100
2 2 0.000640 0.009616 0.757172 0.226500 0.006073
2 2 0.000361 0.006690 0.736136 0.253124 0.003689
2 2 0.000227 0.005061 0.734393 0.257742 0.002578
2 2 0.000330 0.006762 0.662708 0.327021 0.003179
2 2 0.001755 0.019122 0.606045 0.362322 0.010755
2 2 0.012987 0.084625 0.583843 0.249954 0.068591
2 1 0.021733 0.151689 0.570194 0.133004 0.123380
2 2 0.014854 0.152942 0.569211 0.091378 0.171615
2 2 0.005372 0.092727 0.732144 0.052236 0.117521
2 2 0.001784 0.024275 0.794620 0.159668 0.019654
2 2 0.001598 0.015237 0.804141 0.166069 0.012955
2 2 0.001275 0.013383 0.829051 0.148431 0.007861
2 2 0.001237 0.013641 0.845477 0.131474 0.008172
2 2 0.000814 0.010364 0.779393 0.202260 0.007169
2 2 0.000596 0.009106 0.728358 0.256575 0.005365
2 2 0.000514 0.008980 0.638473 0.347691 0.004342
2 2 0.000745 0.011977 0.524871 0.457296 0.005111
3 2 0.000426 0.008990 0.373424 0.614367 0.002793
3 3 0.000639 0.011591 0.323499 0.660720 0.003551
3 3 0.000564 0.010712 0.343009 0.642397 0.003318
3 3 0.000603 0.011209 0.312957 0.671885 0.003345
3 3 0.000411 0.008887 0.310046 0.678169 0.002486
3 3 0.000494 0.009970 0.263066 0.723818 0.002652
3 3 0.000644 0.009677 0.213412 0.773494 0.002774
3 3 0.000327 0.007768 0.241194 0.748847 0.001864
3 3 0.000732 0.009364 0.216215 0.770725 0.002964
3 3 0.000455 0.009054 0.288835 0.699098 0.002559
3 3 0.000626 0.009014 0.203948 0.783796 0.002616
3 3 0.000861 0.008160 0.161911 0.826326 0.002741
3 3 0.004152 0.010037 0.076516 0.903929 0.005366
3 3 0.004626 0.010204 0.075367 0.904131 0.005673
3 3 0.003967 0.009658 0.074546 0.906807 0.005022
3 3 0.002128 0.006875 0.066075 0.921909 0.003014
3 3 0.001357 0.006048 0.066574 0.923769 0.002252
3 3 0.001363 0.006979 0.074602 0.914580 0.002475
3 3 0.001648 0.006654 0.068534 0.920543 0.002621
3 3 0.002816 0.008042 0.070148 0.915167 0.003827
3 3 0.001899 0.007271 0.071085 0.916782 0.002963
3 3 0.001259 0.007168 0.094296 0.894664 0.002614
3 3 0.000957 0.010400 0.166003 0.819452 0.003189
3 3 0.000549 0.009183 0.193467 0.794410 0.002391
3 3 0.000844 0.011344 0.207864 0.776582 0.003366
3 3 0.000679 0.009653 0.180370 0.806639 0.002659
3 3 0.000706 0.007560 0.109416 0.880275 0.002044
3 3 0.001141 0.007303 0.080801 0.908407 0.002347
3 3 0.002098 0.007198 0.068803 0.918816 0.003084
3 3 0.004026 0.007940 0.063406 0.920182 0.004445
3 3 0.005367 0.008932 0.064913 0.915309 0.005479
3 3 0.008374 0.012159 0.074409 0.896840 0.008218
3 3 0.006661 0.013926 0.087719 0.883628 0.008065
3 2 0.004847 0.020396 0.182314 0.782129 0.010314
3 2 0.004188 0.031172 0.329271 0.620986 0.014383
3 2 0.004515 0.036976 0.419890 0.521606 0.017013
2 2 0.002850 0.030548 0.511642 0.439243 0.015717
2 2 0.001957 0.021464 0.513187 0.452821 0.010571
2 2 0.001748 0.019566 0.606896 0.360822 0.010968
2 2 0.001547 0.018769 0.499971 0.471013 0.008699
3 2 0.000791 0.012734 0.461772 0.519718 0.004985
3 2 0.001036 0.015052 0.447343 0.530546 0.006023
3 2 0.000763 0.006567 0.111098 0.879525 0.002048
3 2 0.001973 0.011660 0.105498 0.876405 0.004465
3 3 0.001543 0.006527 0.068585 0.920834 0.002511
3 3 0.002411 0.012690 0.108139 0.871475 0.005285
3 3 0.001837 0.006830 0.068151 0.920380 0.002803
3 3 0.002397 0.006813 0.063702 0.923922 0.003167
3 3 0.002579 0.006631 0.061211 0.926360 0.003220
3 3 0.001580 0.006061 0.064230 0.925708 0.002421
3 3 0.000539 0.003856 0.058038 0.936467 0.001100
3 3 0.000794 0.003901 0.053256 0.940723 0.001326
3 3 0.001090 0.004575 0.059627 0.932967 0.001741
3 3 0.002298 0.006074 0.058669 0.930075 0.002884
3 3 0.010939 0.010755 0.063087 0.906620 0.008598
3 3 0.032695 0.022791 0.111225 0.820786 0.012503
2 1 0.071440 0.089465 0.448519 0.368915 0.021661
2 1 0.074001 0.110576 0.528441 0.266927 0.020055
2 2 0.189038 0.260630 0.424831 0.092082 0.033418
3 2 0.063991 0.114080 0.273712 0.452757 0.095461
3 2 0.104886 0.138444 0.323161 0.331488 0.102021
2 2 0.026796 0.086651 0.483279 0.370817 0.032456
3 2 0.013264 0.073353 0.322821 0.561071 0.029492
2 2 0.019156 0.147366 0.489254 0.228936 0.115288
2 2 0.015952 0.143960 0.576458 0.105510 0.158120
2 2 0.013808 0.092887 0.673468 0.153760 0.066076
2 2 0.011926 0.077489 0.728906 0.146287 0.035391
2 2 0.012334 0.099943 0.761872 0.053282 0.072570
2 2 0.004375 0.053213 0.847471 0.022939 0.072001
2 2 0.000799 0.014274 0.908110 0.061146 0.015672
2 2 0.000474 0.009772 0.942114 0.035019 0.012622
2 2 0.000397 0.008144 0.875048 0.109924 0.006487
2 2 0.000324 0.005847 0.803841 0.186264 0.003725
2 2 0.000138 0.003789 0.726140 0.268178 0.001755
2 2 0.000152 0.004436 0.589768 0.404013 0.001631
2 2 0.000212 0.005547 0.545637 0.446601 0.002003
3 2 0.000137 0.004376 0.479402 0.514749 0.001336
2 2 0.000181 0.005008 0.557265 0.435749 0.001796
2 2 0.000181 0.004494 0.716393 0.276804 0.002128
2 2 0.000131 0.003552 0.755634 0.238946 0.001738
2 2 0.000169 0.004124 0.761172 0.232407 0.002128
2 2 0.000327 0.008594 0.835392 0.150074 0.005613
2 2 0.000603 0.013226 0.851130 0.124918 0.010123
2 2 0.000568 0.010969 0.832576 0.147927 0.007961
2 2 0.000561 0.012005 0.905784 0.069895 0.011754
2 2 0.000667 0.015121 0.916689 0.050638 0.016885
2 2 0.001315 0.028651 0.900943 0.023605 0.045486
2 2 0.002591 0.043466 0.853346 0.038728 0.061869
2 2 0.002874 0.045165 0.849336 0.025636 0.076989
2 2 0.002820 0.044036 0.852251 0.024889 0.076005
2 2 0.002198 0.035131 0.877315 0.019258 0.066097
2 2 0.004210 0.065719 0.774245 0.014072 0.141754
2 2 0.004740 0.070779 0.740195 0.010135 0.174151
2 2 0.005323 0.073810 0.732906 0.011475 0.176486
2 2 0.006359 0.088304 0.689601 0.012445 0.203292
2 2 0.007177 0.101623 0.669991 0.017576 0.203633
2 2 0.006127 0.086900 0.719825 0.020063 0.167084
2 2 0.004303 0.068560 0.782086 0.023075 0.121976
2 2 0.003771 0.061953 0.799820 0.020914 0.113542
2 2 0.003316 0.051549 0.828419 0.020693 0.096023
2 2 0.002950 0.044548 0.847359 0.018998 0.086145
2 2 0.003221 0.046790 0.825319 0.010681 0.113990
2 2 0.007132 0.090920 0.570728 0.003624 0.327595
2 2 0.006782 0.093803 0.589904 0.004607 0.304904
2 2 0.007295 0.102776 0.551535 0.004387 0.334007
2 2 0.006774 0.105298 0.615518 0.008770 0.263640
2 2 0.007057 0.112931 0.584352 0.007994 0.287665
2 2 0.005544 0.097597 0.644018 0.008206 0.244634
2 2 0.008769 0.152836 0.447103 0.006639 0.384652
4 2 0.008432 0.172712 0.356106 0.004421 0.458330
4 2 0.009449 0.216758 0.116394 0.001237 0.656162
4 2 0.008609 0.206648 0.104023 0.000877 0.679843
4 2 0.011395 0.205857 0.131038 0.001424 0.650286
4 2 0.016154 0.212487 0.253187 0.006056 0.512116
4 2 0.023470 0.200750 0.364166 0.018343 0.393271
4 2 0.020468 0.193773 0.366631 0.014513 0.404615
4 2 0.021862 0.182333 0.320357 0.007435 0.468012
2 2 0.014063 0.130730 0.541217 0.014753 0.299237
2 2 0.010544 0.104226 0.606509 0.011062 0.267660
2 2 0.006282 0.083023 0.647611 0.005648 0.257436
2 2 0.006057 0.085337 0.664312 0.007357 0.236937
2 2 0.006681 0.100393 0.608187 0.006813 0.277926
2 2 0.004332 0.068481 0.730173 0.007048 0.189966
2 2 0.002621 0.043759 0.838664 0.010139 0.104817
2 2 0.001624 0.027957 0.895730 0.010853 0.063837
2 2 0.000764 0.014613 0.939966 0.019919 0.024738
2 2 0.000545 0.010166 0.951868 0.020773 0.016648
2 2 0.000425 0.008023 0.955488 0.023865 0.012200
2 2 0.000318 0.005795 0.963250 0.021588 0.009049
2 2 0.000436 0.008367 0.959016 0.017969 0.014213
2 2 0.000505 0.009269 0.954656 0.020267 0.015303
2 2 0.001337 0.026047 0.907474 0.018263 0.046880
2 2 0.000845 0.015171 0.772541 0.201484 0.009959
2 2 0.000704 0.011585 0.626619 0.355372 0.005720
2 2 0.000654 0.010876 0.570540 0.413051 0.004878
2 2 0.000304 0.006515 0.645989 0.344258 0.002934
2 2 0.000612 0.012327 0.734329 0.245696 0.007036
2 2 0.000362 0.007481 0.593596 0.395390 0.003170
2 2 0.001785 0.027244 0.660321 0.294634 0.016016
3 2 0.000887 0.012054 0.316286 0.666502 0.004272
3 2 0.001266 0.011310 0.212706 0.770459 0.004259
3 2 0.001219 0.006678 0.083758 0.905951 0.002395
3 2 0.001708 0.011758 0.141107 0.841065 0.004362
3 2 0.001603 0.008215 0.105960 0.880944 0.003278
3 2 0.001572 0.009730 0.166388 0.818194 0.004116
3 2 0.001024 0.007086 0.128371 0.860899 0.002621
3 2 0.001518 0.009735 0.114520 0.870755 0.003472
3 2 0.001614 0.006655 0.068899 0.920236 0.002596
3 3 0.001111 0.005006 0.060019 0.932045 0.001818
3 3 0.002634 0.007645 0.068293 0.917865 0.003563
3 3 0.003153 0.008957 0.074192 0.909409 0.004288
3 3 0.002707 0.007946 0.069969 0.915679 0.003699
3 3 0.003193 0.007220 0.067468 0.918247 0.003873
3 3 0.002950 0.006638 0.059265 0.927718 0.003429
3 3 0.002379 0.005873 0.056603 0.932276 0.002869
3 3 0.002554 0.007486 0.067697 0.918791 0.003471
3 3 0.001836 0.005230 0.054938 0.935634 0.002362
3 3 0.001106 0.003198 0.041739 0.952595 0.001362
3 3 0.002176 0.004320 0.045092 0.946152 0.002260
3 3 0.001370 0.002821 0.035715 0.958705 0.001388
3 3 0.002060 0.003744 0.040674 0.951512 0.002011
3 3 0.002265 0.002657 0.029995 0.963396 0.001688
3 3 0.004048 0.003904 0.035558 0.953662 0.002828
3 3 0.006486 0.006414 0.047379 0.934883 0.004838
3 3 0.007126 0.009019 0.063763 0.912872 0.007219
3 3 0.006182 0.007884 0.059580 0.920060 0.006295
3 3 0.005996 0.006567 0.051265 0.930822 0.005350
3 3 0.003613 0.004503 0.041110 0.947836 0.002938
3 3 0.004976 0.007634 0.059016 0.923403 0.004970
3 3 0.002725 0.005417 0.051259 0.937698 0.002901
3 3 0.006549 0.006393 0.047134 0.935076 0.004849
3 3 0.004737 0.005714 0.046653 0.939014 0.003882
3 3 0.005016 0.004777 0.039745 0.946907 0.003555
3 3 0.017761 0.014241 0.076457 0.878173 0.013367
3 3 0.029004 0.046538 0.339100 0.559743 0.025615
2 3 0.018629 0.060564 0.458401 0.440691 0.021714
3 3 0.089149 0.117066 0.288712 0.456578 0.048495
3 3 0.002727 0.015107 0.118670 0.857499 0.005997
3 3 0.004704 0.012552 0.088003 0.888325 0.006417
3 3 0.002504 0.007983 0.071590 0.914345 0.003578
3 3 0.003155 0.006050 0.054070 0.933390 0.003334
3 3 0.004769 0.007029 0.055097 0.928658 0.004447
3 3 0.006139 0.006754 0.050090 0.932142 0.004875
3 3 0.005576 0.007131 0.054802 0.927330 0.005161
3 3 0.002717 0.005088 0.048751 0.940660 0.002783
3 3 0.001890 0.003712 0.041267 0.951209 0.001922
3 3 0.002034 0.004150 0.044383 0.947297 0.002135
3 3 0.001676 0.003411 0.039681 0.953510 0.001721
3 3 0.002668 0.006027 0.056188 0.932041 0.003076
3 3 0.001305 0.004024 0.048309 0.944658 0.001704
3 3 0.001695 0.004257 0.047404 0.944650 0.001994
3 3 0.001343 0.002814 0.035819 0.958651 0.001373
3 3 0.004951 0.005991 0.047952 0.937021 0.004085
3 3 0.004829 0.005195 0.042970 0.943320 0.003685
3 3 0.004267 0.005144 0.043962 0.943170 0.003457
3 3 0.002499 0.004025 0.041129 0.950043 0.002304
3 3 0.003477 0.004674 0.042792 0.946100 0.002956
3 3 0.002502 0.003249 0.034508 0.957730 0.002010
3 3 0.002184 0.002698 0.030647 0.962796 0.001676
3 3 0.001321 0.002068 0.027928 0.967563 0.001119
3 3 0.001054 0.002105 0.029979 0.965842 0.001019
3 3 0.001516 0.003072 0.037339 0.956536 0.001537
3 3 0.003256 0.003770 0.036494 0.953982 0.002499
3 3 0.003817 0.003812 0.035391 0.954270 0.002710
3 3 0.002358 0.002907 0.031967 0.960947 0.001821
3 3 0.004544 0.003824 0.033967 0.954720 0.002944
3 3 0.003858 0.003436 0.032422 0.957735 0.002548
3 3 0.003130 0.003074 0.031175 0.960468 0.002153
3 3 0.002006 0.002106 0.025543 0.968969 0.001375
3 3 0.001012 0.001466 0.022489 0.974238 0.000794
3 3 0.001086 0.001561 0.023270 0.973229 0.000854
3 3 0.001730 0.002385 0.029362 0.965133 0.001390
3 3 0.001457 0.002696 0.033886 0.960574 0.001388
3 3 0.003159 0.004171 0.039940 0.950101 0.002629
3 3 0.003929 0.004458 0.039933 0.948644 0.003036
3 3 0.003000 0.004133 0.040151 0.950164 0.002551
3 3 0.003589 0.004324 0.039840 0.949393 0.002854
3 3 0.001864 0.002790 0.032771 0.960984 0.001590
3 3 0.002148 0.002961 0.033221 0.959905 0.001765
3 3 0.001752 0.002730 0.032698 0.961296 0.001524
3 3 0.002350 0.003816 0.039980 0.951689 0.002164
3 3 0.001881 0.004160 0.045343 0.946554 0.002062
3 3 0.001986 0.002737 0.031756 0.961903 0.001618
3 3 0.000944 0.001823 0.027380 0.968969 0.000883
3 3 0.003365 0.003543 0.034404 0.956249 0.002439
3 3 0.004243 0.005424 0.045962 0.940804 0.003567
3 3 0.002025 0.002829 0.032478 0.961001 0.001668
3 3 0.001145 0.002293 0.031505 0.963938 0.001119
3 3 0.000510 0.001809 0.031718 0.965303 0.000660
3 3 0.001304 0.003263 0.040731 0.953214 0.001489
3 3 0.002025 0.004248 0.045279 0.946285 0.002163
3 3 0.001486 0.003853 0.045156 0.947745 0.001760
3 3 0.002153 0.004394 0.045845 0.945334 0.002274
3 3 0.001863 0.003747 0.041733 0.950738 0.001920
3 3 0.002206 0.003324 0.036284 0.956262 0.001924
3 3 0.006852 0.006809 0.050269 0.930513 0.005558
3 3 0.005372 0.004185 0.035410 0.951559 0.003473
3 3 0.006138 0.004555 0.036344 0.949175 0.003788
3 3 0.006549 0.007033 0.051707 0.929312 0.005400
3 3 0.005844 0.007428 0.055247 0.926280 0.005201
3 3 0.005498 0.005461 0.043319 0.941680 0.004041
3 3 0.003072 0.003661 0.036152 0.954728 0.002387
3 3 0.004081 0.004194 0.037634 0.951120 0.002971
3 3 0.002426 0.003320 0.035396 0.956848 0.002009
3 3 0.002675 0.003731 0.038008 0.953320 0.002266
3 3 0.003502 0.004729 0.044106 0.944463 0.003200
3 3 0.002997 0.004634 0.045199 0.944214 0.002957
3 3 0.004275 0.004474 0.039674 0.948299 0.003277
3 3 0.009133 0.008129 0.052683 0.923451 0.006604
3 1 0.007056 0.011087 0.084332 0.889931 0.007594
3 1 0.004857 0.015940 0.269809 0.705563 0.003831
2 2 0.007762 0.036110 0.486871 0.463123 0.006134
2 2 0.001333 0.025049 0.779261 0.176544 0.017813
2 2 0.001002 0.018800 0.628707 0.342048 0.009443
2 2 0.000698 0.013177 0.700669 0.278239 0.007217
2 2 0.000515 0.009292 0.586029 0.400049 0.004115
2 2 0.000369 0.007585 0.590110 0.398729 0.003206
2 2 0.000476 0.010105 0.620255 0.364612 0.004552
2 2 0.000208 0.005553 0.515894 0.476436 0.001909
2 2 0.000331 0.007544 0.610688 0.378236 0.003200
2 2 0.000370 0.008363 0.672177 0.315125 0.003965
2 2 0.001506 0.015852 0.826730 0.141785 0.014127
2 2 0.003759 0.030516 0.779792 0.158551 0.027382
2 1 0.007422 0.045891 0.812178 0.109205 0.025305
2 2 0.002931 0.024038 0.695383 0.259992 0.017655
2 2 0.000716 0.011391 0.576854 0.405795 0.005243
2 2 0.000541 0.008984 0.679644 0.306108 0.004722
2 2 0.000885 0.012501 0.819748 0.157179 0.009687
2 2 0.000835 0.011186 0.854246 0.124043 0.009689
2 2 0.001406 0.024284 0.879963 0.067703 0.026644
2 2 0.002005 0.034960 0.873417 0.042599 0.047019
2 2 0.002537 0.041954 0.858978 0.031893 0.064638
2 2 0.003175 0.050745 0.832441 0.021996 0.091644
2 2 0.003666 0.059658 0.789668 0.012083 0.134924
2 2 0.006117 0.086270 0.694282 0.011886 0.201445
2 2 0.005556 0.074039 0.731875 0.011845 0.176685
2 2 0.007013 0.086030 0.684282 0.011352 0.211322
2 2 0.005607 0.073176 0.730497 0.011145 0.179575
2 2 0.007097 0.090980 0.674268 0.012060 0.215594
2 2 0.006974 0.099820 0.655896 0.012707 0.224603
2 2 0.006635 0.105230 0.651617 0.013938 0.222580
2 4 0.006881 0.112091 0.653148 0.019243 0.208637
4 4 0.012865 0.226790 0.085838 0.001229 0.673279
4 4 0.013190 0.216803 0.073428 0.000924 0.695656
4 4 0.017003 0.240966 0.102266 0.002233 0.637532
4 4 0.016418 0.242486 0.140980 0.003390 0.596727
4 4 0.013185 0.219324 0.235527 0.004929 0.527035
4 4 0.013488 0.252656 0.127889 0.002900 0.603066
4 4 0.008622 0.228174 0.093570 0.001032 0.668602
4 4 0.009144 0.190566 0.062393 0.000528 0.737369
4 4 0.011548 0.198828 0.066447 0.000718 0.722458
4 4 0.022961 0.271977 0.166340 0.008356 0.530366
4 4 0.054986 0.239165 0.171604 0.016595 0.517650
2 4 0.037671 0.196590 0.375244 0.020220 0.370275
2 4 0.035710 0.127323 0.593393 0.022559 0.221014
2 4 0.134174 0.215940 0.337377 0.016190 0.296318
2 4 0.050598 0.272575 0.374482 0.005195 0.297150
1 4 0.181384 0.386603 0.267188 0.013672 0.151153
1 1 0.155708 0.336375 0.186156 0.012243 0.309517
1 1 0.122584 0.348747 0.200905 0.016160 0.311603
4 1 0.097210 0.327438 0.208999 0.023492 0.342861
2 1 0.020865 0.186298 0.461087 0.036531 0.295219
2 1 0.011959 0.134265 0.522555 0.011440 0.319780
2 1 0.008615 0.100243 0.658942 0.016497 0.215703
2 2 0.008710 0.102359 0.637439 0.013079 0.238413
2 2 0.006964 0.099360 0.649526 0.011388 0.232761
2 2 0.006864 0.102170 0.650109 0.012558 0.228299
2 2 0.007313 0.110579 0.631757 0.013774 0.236576
2 2 0.008137 0.115461 0.619232 0.015022 0.242149
2 2 0.007116 0.107769 0.660385 0.018988 0.205742
2 2 0.004997 0.083763 0.745755 0.026773 0.138712
2 2 0.005161 0.086727 0.740424 0.029551 0.138138
2 2 0.002577 0.041173 0.852830 0.013112 0.090308
2 2 0.002330 0.040891 0.856080 0.013065 0.087634
2 2 0.002585 0.046932 0.842200 0.016224 0.092059
2 2 0.003193 0.055579 0.819427 0.020211 0.101591
2 2 0.003259 0.054578 0.815719 0.015824 0.110619
2 2 0.003459 0.051403 0.825357 0.018365 0.101416
2 2 0.003766 0.050388 0.825857 0.018799 0.101190
2 2 0.002878 0.038669 0.864107 0.030575 0.063771
2 2 0.002536 0.037947 0.868696 0.026649 0.064172
2 2 0.001230 0.023054 0.913906 0.024973 0.036838
2 2 0.001044 0.022453 0.919233 0.017803 0.039467
2 2 0.001125 0.024405 0.913671 0.017993 0.042806
2 2 0.001478 0.029948 0.896722 0.019259 0.052594
2 2 0.001955 0.038363 0.869996 0.035974 0.053711
2 2 0.002300 0.042752 0.856294 0.040490 0.058165
2 2 0.003216 0.049974 0.776896 0.124845 0.045069
2 2 0.003708 0.056658 0.763025 0.125133 0.051475
2 2 0.002870 0.046610 0.822145 0.077750 0.050625
2 2 0.001908 0.036094 0.850592 0.073204 0.038202
2 2 0.001465 0.032429 0.883237 0.041718 0.041152
2 2 0.001599 0.030469 0.855522 0.081949 0.030461
2 2 0.000996 0.019565 0.805607 0.159646 0.014186
2 2 0.001577 0.027192 0.742023 0.210921 0.018287
2 2 0.001821 0.029712 0.727247 0.221311 0.019910
2 2 0.012256 0.062891 0.816830 0.076764 0.031258
2 1 0.023285 0.105552 0.751347 0.050039 0.069778
2 2 0.074020 0.198642 0.627058 0.022996 0.077283
2 2 0.053019 0.151322 0.714024 0.036742 0.044893
2 2 0.010508 0.064529 0.855086 0.029070 0.040807
2 2 0.001508 0.022702 0.889818 0.058689 0.027283
2 2 0.004510 0.032305 0.931116 0.015836 0.016233
2 1 0.004746 0.032681 0.922694 0.022693 0.017186
2 2 0.000461 0.008765 0.933357 0.047236 0.010180
2 2 0.000932 0.015459 0.814304 0.157688 0.011617
2 2 0.002310 0.023792 0.503431 0.458588 0.011879
3 2 0.036383 0.058218 0.200364 0.656391 0.048645
3 2 0.034940 0.036693 0.136983 0.766548 0.024835
3 2 0.020665 0.030086 0.190970 0.747618 0.010661
3 2 0.055333 0.055570 0.327631 0.551392 0.010074
2 2 0.027621 0.059006 0.665921 0.238350 0.009103
2 2 0.079638 0.089805 0.695376 0.121266 0.013916
2 2 0.354940 0.141665 0.402327 0.076389 0.024679
0 2 0.452773 0.128649 0.313625 0.073808 0.031146
2 2 0.119872 0.148912 0.666977 0.035795 0.028444
2 2 0.072012 0.123969 0.726135 0.046322 0.031562
2 2 0.048429 0.094176 0.770340 0.070771 0.016284
2 2 0.058465 0.115013 0.736654 0.067657 0.022212
2 2 0.177457 0.140769 0.625846 0.037260 0.018669
2 1 0.152409 0.174935 0.579356 0.069581 0.023719
2 1 0.145364 0.196992 0.543290 0.085758 0.028595
2 2 0.270955 0.183214 0.410081 0.118625 0.017125
0 2 0.464569 0.165383 0.262570 0.082091 0.025387
2 2 0.337358 0.151478 0.358299 0.112044 0.040821
2 2 0.122517 0.119380 0.556090 0.173617 0.028397
2 2 0.125499 0.112515 0.516917 0.219288 0.025782
2 2 0.113939 0.078754 0.423198 0.366242 0.017867
2 2 0.172962 0.121402 0.454793 0.223603 0.027240
2 2 0.076001 0.094165 0.603628 0.211947 0.014259
2 2 0.213513 0.154804 0.504006 0.105164 0.022512
2 2 0.079376 0.098242 0.595884 0.214250 0.012247
2 2 0.069426 0.143208 0.439851 0.311063 0.036453
2 2 0.109505 0.211098 0.327085 0.238919 0.113392
2 2 0.026241 0.170988 0.367627 0.318153 0.116991
2 2 0.015566 0.163759 0.536628 0.124166 0.159880
2 2 0.012767 0.132533 0.615340 0.083520 0.155840
2 2 0.007896 0.091384 0.720170 0.054690 0.125859
2 2 0.007324 0.084518 0.735335 0.037009 0.135814
2 2 0.011354 0.130287 0.604713 0.028693 0.224953
2 2 0.009027 0.116831 0.655260 0.034951 0.183931
2 2 0.009627 0.143836 0.568670 0.021378 0.256488
2 2 0.002946 0.062196 0.811925 0.030379 0.092554
2 2 0.001398 0.030766 0.886393 0.042852 0.038591
2 2 0.000754 0.013865 0.831740 0.143131 0.010509
2 2 0.001302 0.021249 0.801997 0.159161 0.016291
2 2 0.003293 0.046256 0.794407 0.111133 0.044911
2 2 0.009153 0.128473 0.630376 0.034823 0.197176
2 2 0.009535 0.127959 0.589465 0.017306 0.255735
2 2 0.005804 0.088826 0.690999 0.011986 0.202385
2 2 0.002575 0.048740 0.837109 0.015677 0.095900
2 2 0.003296 0.058663 0.810950 0.020020 0.107071
2 2 0.003698 0.067007 0.796076 0.035178 0.098039
2 2 0.003645 0.067188 0.793019 0.025809 0.110340
2 2 0.003154 0.049082 0.829071 0.057699 0.060994
2 2 0.004547 0.060757 0.802067 0.046719 0.085909
2 2 0.006622 0.073781 0.780407 0.049864 0.089325
2 2 0.003629 0.043912 0.863373 0.043711 0.045375
2 2 0.002965 0.037228 0.857903 0.056339 0.045566
2 2 0.000910 0.016287 0.919573 0.042296 0.020933
2 2 0.001490 0.024621 0.893419 0.049363 0.031108
2 2 0.001046 0.018035 0.878905 0.084252 0.017762
2 2 0.002559 0.043993 0.828690 0.077794 0.046964
2 2 0.002497 0.045471 0.776182 0.138381 0.037468
2 2 0.001717 0.028361 0.639319 0.314813 0.015790
2 2 0.000947 0.018115 0.628184 0.343747 0.009007
2 2 0.000547 0.010424 0.675048 0.308672 0.005309
2 2 0.000869 0.017088 0.735553 0.236272 0.010219
2 2 0.001274 0.023607 0.761013 0.198190 0.015916
2 2 0.001881 0.032335 0.775432 0.165785 0.024568
2 2 0.001612 0.024937 0.838861 0.111725 0.022865
2 2 0.001345 0.020482 0.844451 0.115329 0.018393
2 2 0.001539 0.027347 0.877547 0.062625 0.030942
2 2 0.001575 0.028113 0.855874 0.086612 0.027825
2 2 0.001160 0.022053 0.846294 0.111472 0.019022
2 2 0.000800 0.015670 0.843245 0.127915 0.012370
2 2 0.000371 0.008184 0.798180 0.188232 0.005034
2 2 0.000621 0.012850 0.772308 0.206274 0.007947
2 2 0.000514 0.009259 0.611114 0.374851 0.004262
2 2 0.001209 0.019885 0.657834 0.310119 0.010952
2 2 0.001097 0.015903 0.661923 0.312173 0.008905
2 2 0.001226 0.018801 0.711338 0.257045 0.011591
2 2 0.001347 0.020385 0.726098 0.239028 0.013141
2 2 0.000823 0.014379 0.655345 0.321970 0.007484
2 2 0.000703 0.012377 0.589980 0.391240 0.005700
2 2 0.000496 0.009391 0.578879 0.407170 0.004064
2 2 0.000231 0.005575 0.627778 0.364087 0.002329
2 2 0.000496 0.008903 0.619464 0.366995 0.004142
2 2 0.000297 0.006559 0.612669 0.377696 0.002779
2 2 0.000379 0.008033 0.503850 0.484759 0.002980
2 2 0.000482 0.009303 0.501181 0.485464 0.003570
2 2 0.001097 0.017766 0.498856 0.474720 0.007560
2 2 0.007364 0.052294 0.730423 0.156660 0.053260
2 2 0.009671 0.054584 0.788020 0.087985 0.059740
2 2 0.007713 0.042431 0.862280 0.069003 0.018572
2 1 0.019196 0.076135 0.816069 0.072172 0.016428
2 2 0.000882 0.012622 0.613952 0.366151 0.006394
2 2 0.001039 0.014009 0.604392 0.373383 0.007177
2 2 0.000653 0.010251 0.654388 0.329405 0.005303
2 2 0.001101 0.013881 0.666220 0.310782 0.008017
2 2 0.001482 0.016539 0.667835 0.304049 0.010096
2 2 0.001296 0.016789 0.512682 0.461531 0.007702
2 2 0.001736 0.019721 0.540867 0.427737 0.009939
2 2 0.004566 0.032746 0.793655 0.157809 0.011225
2 2 0.006371 0.040602 0.751341 0.185746 0.015940
2 1 0.011029 0.059979 0.725819 0.183687 0.019485
2 2 0.018484 0.084099 0.640096 0.227107 0.030214
2 2 0.002525 0.032967 0.612366 0.333061 0.019081
2 2 0.002236 0.044071 0.760475 0.159915 0.033302
2 2 0.001311 0.023046 0.801552 0.156556 0.017535
2 2 0.000978 0.013043 0.738856 0.238660 0.008463
2 2 0.007726 0.053488 0.794137 0.105188 0.039460
2 1 0.010274 0.056145 0.705171 0.191485 0.036925
2 2 0.010021 0.055823 0.698725 0.212941 0.022490
2 2 0.009766 0.057099 0.722063 0.184783 0.026289
2 2 0.000698 0.011481 0.777285 0.202988 0.007548
2 2 0.000694 0.012734 0.806451 0.171263 0.008859
2 2 0.000523 0.009704 0.671776 0.313079 0.004918
2 2 0.000596 0.009960 0.630657 0.353927 0.004860
2 2 0.001058 0.017410 0.716437 0.254560 0.010535
2 2 0.002600 0.042958 0.853573 0.040700 0.060169
2 2 0.002153 0.035650 0.876222 0.030274 0.055701
2 2 0.002158 0.040767 0.863304 0.017981 0.075789
2 2 0.004249 0.044935 0.833134 0.016067 0.101615
2 2 0.012800 0.118824 0.484517 0.005709 0.378150
2 2 0.024432 0.176377 0.466959 0.005258 0.326973
2 1 0.016563 0.133554 0.506300 0.012636 0.330947
2 2 0.011371 0.116799 0.615912 0.020778 0.235140
2 2 0.007685 0.104028 0.636137 0.012183 0.239967
2 2 0.008938 0.109724 0.601718 0.010788 0.268832
2 2 0.010382 0.134591 0.507573 0.008801 0.338653
2 4 0.009312 0.133776 0.513669 0.008381 0.334861
4 4 0.016841 0.216413 0.238937 0.005884 0.521925
4 4 0.014806 0.243219 0.108210 0.002220 0.631545
4 4 0.010216 0.197448 0.062064 0.000554 0.729718
4 4 0.009306 0.174500 0.052618 0.000405 0.763172
4 4 0.010263 0.154328 0.043064 0.000327 0.792019
4 4 0.009094 0.230861 0.096680 0.001154 0.662210
4 4 0.015375 0.244296 0.132868 0.003036 0.604425
4 4 0.020082 0.215715 0.225961 0.005997 0.532246
2 4 0.014190 0.146552 0.470938 0.010642 0.357677
2 4 0.009103 0.101829 0.621760 0.010847 0.256461
2 4 0.007392 0.094848 0.652154 0.010546 0.235060
2 4 0.007719 0.105347 0.606399 0.008779 0.271755
2 4 0.010570 0.151689 0.433333 0.006651 0.397756
4 4 0.009851 0.154170 0.410878 0.005474 0.419627
2 4 0.009337 0.143758 0.478285 0.007586 0.361034
2 4 0.010030 0.151797 0.443410 0.006985 0.387778
2 4 0.007729 0.133398 0.523469 0.007878 0.327526
4 4 0.012085 0.202965 0.256213 0.004289 0.524448
4 4 0.012011 0.239167 0.167176 0.003305 0.578341
4 4 0.012091 0.246120 0.117133 0.002190 0.622467
4 4 0.015123 0.223267 0.141828 0.002490 0.617292
4 4 0.013270 0.224746 0.132346 0.002092 0.627546
4 4 0.012266 0.220575 0.078646 0.000992 0.687521
4 4 0.010965 0.205621 0.063604 0.000596 0.719213
4 4 0.010326 0.196318 0.126123 0.001100 0.666133
4 4 0.011819 0.180636 0.186619 0.001681 0.619245
4 4 0.015453 0.171670 0.316031 0.005018 0.491828
2 4 0.012034 0.147600 0.453023 0.008044 0.379299
2 4 0.009459 0.136609 0.527920 0.010533 0.315479
2 4 0.011148 0.107677 0.604166 0.012648 0.264361
2 4 0.018927 0.149484 0.459576 0.004144 0.367870
2 4 0.030127 0.170987 0.594313 0.004678 0.199895
2 1 0.035553 0.173798 0.584576 0.006512 0.199560
2 1 0.052930 0.205966 0.563084 0.011974 0.166046
2 2 0.004953 0.064204 0.768508 0.013060 0.149274
2 2 0.005983 0.083420 0.703075 0.011893 0.195629
2 2 0.006802 0.103327 0.620262 0.008744 0.260864
4 4 0.010799 0.159642 0.394565 0.005722 0.429272
4 4 0.010004 0.150492 0.378690 0.003966 0.456847
4 4 0.013019 0.167214 0.336465 0.004768 0.478534
2 4 0.008377 0.111575 0.561157 0.006899 0.311993
2 4 0.007846 0.107878 0.599035 0.008841 0.276401
2 4 0.007244 0.106889 0.608961 0.009014 0.267891
2 4 0.007252 0.104000 0.624134 0.009892 0.254722
2 4 0.007980 0.109175 0.605565 0.010084 0.267197
2 4 0.006945 0.093313 0.657674 0.010184 0.231884
2 4 0.008758 0.126490 0.522714 0.007266 0.334773
4 4 0.010818 0.149699 0.409386 0.005309 0.424788
4 4 0.014290 0.198096 0.163115 0.002051 0.622447
4 4 0.010994 0.208283 0.141893 0.001599 0.637232
4 4 0.016392 0.196724 0.261484 0.005145 0.520255
4 4 0.012993 0.159571 0.384206 0.006064 0.437166
4 4 0.012683 0.166623 0.319478 0.004043 0.497173
4 4 0.010640 0.163753 0.319859 0.003370 0.502377
2 4 0.009531 0.141646 0.466079 0.006580 0.376165
2 4 0.010650 0.148715 0.497803 0.011449 0.331384
2 4 0.008622 0.124405 0.593247 0.014846 0.258879
2 4 0.006912 0.107604 0.657456 0.017412 0.210616
2 4 0.008752 0.088143 0.708440 0.021649 0.173017
2 4 0.016287 0.153501 0.599620 0.006710 0.223882
2 4 0.043182 0.250747 0.521219 0.005124 0.179728
2 1 0.024890 0.167486 0.597794 0.007200 0.202629
2 1 0.026605 0.170377 0.625555 0.015473 0.161990
2 2 0.002817 0.044202 0.843657 0.013894 0.095429
2 2 0.001924 0.033158 0.884824 0.020227 0.059867
2 2 0.002068 0.038528 0.868758 0.016549 0.074098
2 2 0.002455 0.045605 0.842428 0.013128 0.096384
2 2 0.003597 0.053478 0.810081 0.013217 0.119627
2 2 0.005144 0.067477 0.756482 0.012624 0.158273
2 2 0.005111 0.064860 0.749067 0.009343 0.171619
2 2 0.004332 0.058035 0.773167 0.008720 0.155747
2 2 0.004804 0.054982 0.792219 0.012104 0.135890
2 2 0.010961 0.094104 0.772392 0.007318 0.115224
2 1 0.023072 0.148827 0.686218 0.004713 0.137170
2 1 0.022030 0.135098 0.710476 0.008112 0.124284
2 2 0.013588 0.092958 0.789704 0.013561 0.090190
2 2 0.002641 0.037304 0.868757 0.030933 0.060364
2 2 0.002677 0.039453 0.864081 0.024727 0.069063
2 2 0.003736 0.050805 0.828213 0.022635 0.094611
2 2 0.003654 0.051186 0.824600 0.018663 0.101897
2 2 0.000356 0.007871 0.913963 0.070410 0.007400
2 2 0.000504 0.010645 0.898300 0.080784 0.009766
2 2 0.000825 0.015465 0.876205 0.093380 0.014126
2 2 0.000558 0.009787 0.860095 0.121678 0.007882
2 2 0.000555 0.009716 0.907786 0.072177 0.009766
2 2 0.001020 0.016601 0.921598 0.037882 0.022900
2 2 0.001014 0.018376 0.926959 0.023862 0.029789
2 2 0.001363 0.023592 0.910661 0.027009 0.037375
2 2 0.001109 0.020581 0.921667 0.022494 0.034150
2 2 0.001304 0.024720 0.910452 0.021895 0.041629
2 2 0.001583 0.029347 0.896879 0.017633 0.054558
2 2 0.001284 0.023786 0.912497 0.022956 0.039478
2 2 0.002281 0.042166 0.860320 0.021204 0.074029
2 2 0.002200 0.038558 0.869789 0.028410 0.061044
2 2 0.001955 0.035193 0.878404 0.031544 0.052904
2 2 0.001085 0.020770 0.906844 0.045454 0.025847
2 2 0.000649 0.014543 0.926145 0.040959 0.017704
2 2 0.000470 0.010622 0.928457 0.048663 0.011788
2 2 0.000877 0.017459 0.923505 0.034343 0.023815
2 2 0.001944 0.033912 0.882839 0.025560 0.055746
2 2 0.002729 0.048566 0.842713 0.025398 0.080594
2 2 0.002509 0.046054 0.850368 0.025639 0.075430
2 2 0.001611 0.029594 0.877236 0.056901 0.034658
2 2 0.000771 0.015106 0.894454 0.074721 0.014948
2 2 0.000602 0.011564 0.865591 0.112743 0.009500
2 2 0.000393 0.007805 0.835510 0.150844 0.005447
2 2 0.000327 0.006847 0.853747 0.134165 0.004914
2 2 0.000402 0.007322 0.822894 0.164373 0.005008
2 2 0.000503 0.008771 0.851639 0.132316 0.006770
2 2 0.000896 0.016979 0.895090 0.069430 0.017605
2 2 0.000427 0.008686 0.770088 0.215655 0.005144
2 2 0.000603 0.012735 0.851942 0.124896 0.009823
2 2 0.000954 0.017694 0.838728 0.128361 0.014263
2 2 0.000733 0.014046 0.795348 0.180379 0.009493
2 2 0.001485 0.030494 0.833026 0.108440 0.026556
2 2 0.000829 0.018843 0.777671 0.190568 0.012089
2 2 0.000799 0.017002 0.798936 0.171691 0.011572
2 2 0.000723 0.016608 0.804393 0.167077 0.011198
2 2 0.000639 0.013774 0.778841 0.198119 0.008627
2 2 0.000874 0.020822 0.746688 0.219196 0.012420
2 2 0.001084 0.024215 0.730234 0.229981 0.014485
2 2 0.002982 0.026157 0.604138 0.350564 0.016159
2 2 0.009870 0.050585 0.733553 0.177642 0.028350
2 1 0.022195 0.084864 0.768263 0.100679 0.023999
2 2 0.020643 0.087015 0.748982 0.117107 0.026253
2 2 0.006580 0.065686 0.764260 0.098114 0.065359
2 2 0.001095 0.018260 0.841878 0.123329 0.015438
2 2 0.000975 0.016402 0.822058 0.147877 0.012687
2 2 0.000496 0.009377 0.838509 0.144778 0.006840
2 2 0.000509 0.011417 0.896640 0.081095 0.010339
2 2 0.000263 0.005768 0.748681 0.242214 0.003074
2 2 0.000297 0.006739 0.767492 0.221713 0.003758
2 2 0.000414 0.008099 0.595355 0.392616 0.003516
2 2 0.000307 0.006879 0.565684 0.424413 0.002716
2 2 0.000974 0.019835 0.651482 0.317522 0.010187
2 2 0.000437 0.008751 0.507416 0.480057 0.003339
2 2 0.000780 0.014994 0.671340 0.305033 0.007854
2 2 0.001052 0.018571 0.649282 0.321286 0.009808
2 2 0.000899 0.016041 0.554598 0.421313 0.007149
3 2 0.001377 0.027705 0.454722 0.505298 0.010898
3 2 0.001640 0.026264 0.298956 0.664532 0.008608
3 2 0.000970 0.015380 0.275812 0.703208 0.004629
3 2 0.000842 0.013744 0.289270 0.691985 0.004158
3 2 0.001669 0.024838 0.351544 0.612967 0.008982
3 2 0.003205 0.030284 0.240205 0.714264 0.012043
3 2 0.002064 0.026180 0.248755 0.714329 0.008673
3 2 0.003621 0.024387 0.176715 0.785319 0.009959
3 2 0.001922 0.014741 0.139708 0.838694 0.004935
3 2 0.002367 0.013581 0.110678 0.868462 0.004912
3 2 0.002358 0.015018 0.121912 0.855188 0.005525
3 2 0.001450 0.009362 0.092919 0.893193 0.003077
3 2 0.002232 0.014818 0.135468 0.841736 0.005746
3 2 0.000886 0.008224 0.117878 0.870554 0.002458
3 3 0.000942 0.007911 0.093077 0.895781 0.002288
3 3 0.000761 0.007610 0.099099 0.890476 0.002055
3 3 0.001093 0.009277 0.101602 0.885314 0.002714
3 3 0.001484 0.014284 0.130428 0.849686 0.004119
3 3 0.001122 0.011219 0.114018 0.870569 0.003072
3 3 0.001047 0.010338 0.108848 0.876935 0.002832
3 3 0.000948 0.008910 0.099019 0.888675 0.002448
3 3 0.001041 0.011209 0.120092 0.864652 0.003007
3 3 0.001187 0.015068 0.144952 0.834935 0.003857
3 3 0.001498 0.019907 0.198151 0.774420 0.006023
3 3 0.003535 0.033193 0.213849 0.735809 0.013614
3 3 0.001643 0.023985 0.192269 0.775458 0.006644
3 3 0.002914 0.042331 0.262119 0.678588 0.014048
3 3 0.004893 0.050763 0.275270 0.646813 0.022263
3 3 0.003949 0.035863 0.222393 0.722245 0.015550
3 3 0.002728 0.017521 0.137160 0.835910 0.006681
3 3 0.001734 0.010692 0.098839 0.885090 0.003643
3 3 0.013530 0.023483 0.158574 0.786234 0.018180
2 3 0.017957 0.052052 0.544050 0.352465 0.033476
2 2 0.016396 0.072621 0.755070 0.132787 0.023126
2 2 0.028523 0.124481 0.758766 0.035210 0.053019
2 2 0.002339 0.032439 0.867897 0.055935 0.041390
2 2 0.003035 0.028728 0.893532 0.046885 0.027819
