0 0 0.834037 0.049388 0.066130 0.029426 0.021019
0 0 0.748916 0.082136 0.080899 0.020998 0.067052
0 0 0.718035 0.104373 0.088567 0.013701 0.075325
0 0 0.742851 0.078175 0.058921 0.012038 0.108015
0 0 0.789559 0.056416 0.041520 0.011191 0.101314
0 0 0.761795 0.047797 0.036697 0.015278 0.138433
0 0 0.847034 0.043237 0.040206 0.016504 0.053020
0 0 0.872819 0.040933 0.041227 0.015240 0.029781
0 0 0.799639 0.078533 0.079441 0.014046 0.028341
0 0 0.852400 0.053004 0.054070 0.014369 0.026157
0 0 0.800957 0.050523 0.066338 0.039210 0.042972
0 0 0.530491 0.102575 0.099494 0.035826 0.231615
0 0 0.653680 0.110945 0.092785 0.017021 0.125570
0 0 0.643764 0.150558 0.149566 0.014733 0.041379
0 0 0.614190 0.133022 0.179834 0.035803 0.037151
0 0 0.822843 0.069224 0.071102 0.013388 0.023443
0 0 0.823121 0.066531 0.076645 0.016163 0.017541
0 0 0.797400 0.078996 0.081799 0.014697 0.027108
0 0 0.821904 0.072130 0.074426 0.012109 0.019432
0 0 0.793680 0.086724 0.092458 0.011508 0.015630
0 0 0.777137 0.092753 0.095543 0.012538 0.022028
0 0 0.806789 0.070036 0.080544 0.019009 0.023623
0 0 0.769618 0.097785 0.099016 0.011743 0.021838
0 0 0.743951 0.114021 0.109299 0.009930 0.022798
0 0 0.644882 0.167643 0.163523 0.007864 0.016088
0 0 0.630973 0.167813 0.174307 0.009833 0.017074
0 0 0.655815 0.155745 0.159429 0.010168 0.018843
0 0 0.656464 0.151889 0.164132 0.011109 0.016406
0 0 0.649802 0.140496 0.175305 0.017650 0.016748
0 0 0.684493 0.133596 0.153149 0.013245 0.015517
0 0 0.694588 0.121966 0.153097 0.016571 0.013778
0 0 0.658597 0.135384 0.171208 0.018354 0.016457
0 0 0.666910 0.154736 0.160359 0.007498 0.010497
0 0 0.753464 0.099533 0.123427 0.013674 0.009902
0 0 0.593170 0.086457 0.201244 0.101700 0.017428
0 0 0.618438 0.074260 0.167999 0.116552 0.022752
0 0 0.606346 0.085539 0.179952 0.102421 0.025743
0 0 0.725352 0.088895 0.109784 0.032426 0.043543
0 0 0.714017 0.084337 0.132662 0.046158 0.022827
0 0 0.658444 0.103086 0.146587 0.048195 0.043689
0 0 0.493147 0.199642 0.239104 0.024158 0.043950
0 0 0.634863 0.143190 0.153746 0.020421 0.047780
0 0 0.735439 0.106716 0.097953 0.013277 0.046615
0 0 0.714588 0.101079 0.105530 0.022138 0.056664
0 0 0.606309 0.131765 0.153821 0.033985 0.074120
0 0 0.607940 0.122667 0.149853 0.040811 0.078729
0 0 0.502239 0.194281 0.215735 0.023908 0.063837
0 0 0.524969 0.197371 0.203708 0.017995 0.055956
0 0 0.545787 0.169785 0.182235 0.025223 0.076970
0 1 0.510995 0.185726 0.226738 0.027810 0.048731
0 1 0.394046 0.166044 0.327529 0.066934 0.045447
0 0 0.555598 0.128956 0.229133 0.059129 0.027184
0 0 0.638431 0.107600 0.169475 0.052317 0.032177
0 1 0.581192 0.142092 0.211913 0.037719 0.027083
0 1 0.510735 0.195425 0.232880 0.022360 0.038600
0 0 0.590479 0.150264 0.205842 0.026126 0.027290
0 1 0.577735 0.141015 0.222511 0.032704 0.026035
0 1 0.650863 0.127512 0.164923 0.027442 0.029260
0 1 0.441596 0.175927 0.287630 0.050057 0.044790
0 1 0.512464 0.179851 0.199489 0.027846 0.080351
2 2 0.062088 0.134406 0.717200 0.060606 0.025700
2 2 0.048150 0.129599 0.759664 0.043375 0.019212
2 2 0.060545 0.146132 0.732721 0.037261 0.023341
2 2 0.040383 0.155639 0.761503 0.021649 0.020826
2 2 0.006867 0.106817 0.870911 0.006695 0.008710
2 2 0.003289 0.081487 0.903022 0.005480 0.006723
2 2 0.003910 0.085335 0.895936 0.006578 0.008241
2 2 0.002177 0.060760 0.922245 0.008946 0.005871
2 2 0.002177 0.059984 0.922621 0.009650 0.005567
2 2 0.001035 0.041646 0.943870 0.009460 0.003989
2 2 0.000912 0.034044 0.949556 0.012510 0.002978
2 2 0.001044 0.031074 0.944631 0.020521 0.002730
2 2 0.001173 0.040190 0.939319 0.015721 0.003598
2 2 0.000721 0.027630 0.941813 0.026844 0.002993
2 2 0.000334 0.020355 0.957133 0.019818 0.002360
2 2 0.000289 0.018704 0.957929 0.020666 0.002412
2 2 0.000308 0.018550 0.953348 0.024844 0.002949
2 3 0.000636 0.023057 0.923012 0.049206 0.004088
2 3 0.001512 0.027469 0.871019 0.094299 0.005700
2 3 0.001540 0.024105 0.830358 0.138630 0.005368
2 3 0.001713 0.029669 0.862784 0.100224 0.005611
2 3 0.001395 0.024082 0.840456 0.129200 0.004867
2 3 0.003659 0.034538 0.800630 0.153651 0.007521
2 0 0.126851 0.144952 0.609783 0.095826 0.022588
2 0 0.292859 0.202377 0.410539 0.064043 0.030181
0 1 0.492570 0.178897 0.251342 0.037613 0.039578
0 1 0.598310 0.161500 0.186215 0.020135 0.033840
2 2 0.276781 0.227244 0.418940 0.032528 0.044507
2 2 0.154077 0.315204 0.473140 0.009072 0.048508
2 1 0.139629 0.287608 0.529593 0.009997 0.033172
2 2 0.269667 0.259381 0.438396 0.014406 0.018150
0 2 0.358030 0.301077 0.310196 0.008525 0.022173
0 0 0.483882 0.234579 0.253205 0.010120 0.018214
0 0 0.605042 0.159340 0.198105 0.018280 0.019233
0 0 0.618543 0.137321 0.189370 0.029961 0.024805
0 0 0.556146 0.159337 0.212234 0.033376 0.038908
0 0 0.568222 0.203641 0.188201 0.009185 0.030751
0 0 0.692176 0.137118 0.133210 0.010917 0.026579
0 0 0.574965 0.150300 0.204897 0.033948 0.035889
0 1 0.476768 0.133218 0.257536 0.090831 0.041648
0 1 0.382450 0.137020 0.308742 0.123082 0.048706
2 2 0.314706 0.166434 0.389821 0.079569 0.049470
2 2 0.149501 0.177200 0.599424 0.047064 0.026812
2 2 0.184671 0.209769 0.554670 0.026104 0.024786
2 2 0.257877 0.226095 0.469540 0.020735 0.025752
2 1 0.321370 0.247228 0.390935 0.015428 0.025039
2 2 0.216303 0.232563 0.507324 0.018292 0.025518
2 1 0.212328 0.235341 0.507812 0.017168 0.027352
2 1 0.248075 0.257179 0.462245 0.010154 0.022347
0 0 0.364953 0.253186 0.351515 0.010179 0.020167
0 0 0.473224 0.232154 0.266451 0.010194 0.017977
0 1 0.548477 0.188366 0.225910 0.016328 0.020919
0 0 0.587952 0.156091 0.198775 0.026020 0.031162
0 1 0.610888 0.145735 0.168499 0.025744 0.049134
0 1 0.652387 0.108986 0.142309 0.041241 0.055077
0 2 0.393650 0.185301 0.331305 0.046169 0.043574
2 2 0.276828 0.202395 0.436847 0.043726 0.040204
2 2 0.039484 0.184342 0.743229 0.014943 0.018003
2 2 0.038201 0.182511 0.747423 0.013615 0.018250
2 2 0.086609 0.214001 0.648285 0.020554 0.030551
2 2 0.012729 0.124100 0.829568 0.010384 0.023218
2 2 0.005057 0.088955 0.883233 0.009646 0.013109
2 2 0.002530 0.064418 0.915569 0.009331 0.008152
2 2 0.000987 0.042051 0.944180 0.007663 0.005119
2 2 0.000674 0.034844 0.952923 0.007662 0.003897
2 2 0.000451 0.029334 0.960362 0.006500 0.003354
2 2 0.000309 0.022755 0.965106 0.008949 0.002881
2 2 0.000319 0.018119 0.948502 0.029717 0.003343
2 2 0.000525 0.017158 0.884719 0.093299 0.004298
2 2 0.000684 0.015577 0.785010 0.193927 0.004803
2 2 0.001481 0.019971 0.734868 0.236242 0.007439
2 2 0.002859 0.022530 0.650652 0.314355 0.009604
2 2 0.003823 0.021545 0.571998 0.393099 0.009534
2 3 0.003213 0.017428 0.514010 0.458452 0.006898
3 3 0.003292 0.012282 0.371131 0.608757 0.004538
3 3 0.003652 0.008590 0.251856 0.732652 0.003252
3 3 0.002996 0.006613 0.210795 0.777278 0.002318
3 3 0.002348 0.003165 0.106090 0.887388 0.001010
3 3 0.003136 0.005204 0.149489 0.840484 0.001687
3 3 0.002951 0.005143 0.153434 0.836821 0.001652
3 3 0.004861 0.011414 0.281921 0.697283 0.004521
2 2 0.014170 0.042734 0.589089 0.342252 0.011755
2 2 0.029697 0.115597 0.766657 0.070954 0.017095
2 0 0.213646 0.245618 0.484970 0.027429 0.028337
0 0 0.368614 0.239327 0.338734 0.025084 0.028240
0 0 0.422942 0.235791 0.288705 0.020055 0.032508
0 0 0.541969 0.184787 0.226800 0.020082 0.026363
0 1 0.470280 0.226433 0.257276 0.015898 0.030113
0 1 0.464608 0.195191 0.249507 0.029947 0.060748
0 0 0.625961 0.133225 0.177879 0.031440 0.031495
0 0 0.864040 0.054723 0.067684 0.009119 0.004434
0 0 0.785577 0.080932 0.106740 0.016948 0.009804
0 0 0.772561 0.083894 0.112900 0.019415 0.011230
0 0 0.656887 0.131324 0.171760 0.021739 0.018290
0 0 0.616013 0.143063 0.191779 0.026121 0.023025
0 0 0.569619 0.160262 0.215026 0.027857 0.027236
0 0 0.584130 0.162352 0.208563 0.022104 0.022852
0 0 0.520843 0.203834 0.239041 0.014986 0.021296
0 0 0.476458 0.192350 0.289180 0.020418 0.021593
0 1 0.394573 0.199160 0.355861 0.025059 0.025347
2 1 0.233948 0.212604 0.503441 0.025159 0.024848
0 1 0.426649 0.205336 0.330128 0.015883 0.022004
0 1 0.637251 0.141426 0.181856 0.020632 0.018834
0 0 0.646207 0.141450 0.177451 0.017997 0.016894
0 0 0.646396 0.140879 0.177356 0.018309 0.017060
0 0 0.766106 0.085460 0.114206 0.020928 0.013299
0 0 0.713294 0.114407 0.140301 0.016661 0.015337
0 0 0.674024 0.131951 0.163428 0.016108 0.014489
0 0 0.698675 0.122947 0.149731 0.015010 0.013637
0 0 0.714206 0.106554 0.142450 0.021709 0.015081
0 0 0.736686 0.104576 0.131867 0.015485 0.011386
0 0 0.757621 0.092252 0.116306 0.018684 0.015137
0 0 0.713385 0.103541 0.132347 0.025617 0.025111
0 0 0.720154 0.100733 0.123546 0.025299 0.030268
0 0 0.677909 0.095298 0.134138 0.047430 0.045226
0 1 0.698178 0.099333 0.111576 0.029078 0.061836
0 1 0.607670 0.150865 0.160989 0.022105 0.058371
0 0 0.499078 0.215814 0.223097 0.015725 0.046286
0 0 0.377714 0.260384 0.326160 0.011457 0.024286
2 0 0.289264 0.264206 0.402675 0.014264 0.029591
0 0 0.603047 0.166947 0.198208 0.014691 0.017107
0 0 0.615572 0.143189 0.186199 0.026816 0.028225
0 0 0.562090 0.149148 0.215075 0.039752 0.033935
0 0 0.565253 0.151800 0.213792 0.036154 0.033001
0 0 0.478597 0.181894 0.274666 0.035760 0.029083
0 1 0.505750 0.189016 0.222040 0.026766 0.056428
0 1 0.381355 0.180026 0.342515 0.054975 0.041130
0 2 0.572622 0.149200 0.206962 0.035363 0.035854
0 2 0.566141 0.149528 0.219456 0.036024 0.028851
0 0 0.639620 0.139917 0.160939 0.022019 0.037505
0 0 0.683947 0.125376 0.138790 0.018751 0.033136
0 0 0.757192 0.082983 0.098161 0.025774 0.035889
0 0 0.817625 0.060425 0.069564 0.022311 0.030075
0 0 0.825494 0.053410 0.079908 0.029339 0.011848
0 0 0.864661 0.045001 0.062800 0.019376 0.008162
0 0 0.870706 0.052439 0.061266 0.009379 0.006209
0 0 0.865904 0.058879 0.060281 0.007080 0.007854
0 0 0.836855 0.066433 0.070877 0.011387 0.014448
0 0 0.814939 0.063656 0.074532 0.021157 0.025717
0 0 0.734204 0.076614 0.117314 0.045530 0.026337
0 0 0.657721 0.101665 0.172234 0.048468 0.019912
0 0 0.698602 0.097463 0.150522 0.035844 0.017570
0 0 0.691381 0.099009 0.160496 0.034898 0.014216
0 0 0.621256 0.119116 0.202147 0.040763 0.016718
0 0 0.584144 0.135802 0.213407 0.041717 0.024930
0 0 0.657318 0.117686 0.163780 0.033826 0.027390
0 0 0.605665 0.142495 0.188778 0.030667 0.032395
0 1 0.546782 0.171243 0.210555 0.027590 0.043830
0 1 0.600665 0.138035 0.188908 0.036208 0.036184
0 0 0.631899 0.134509 0.170450 0.028403 0.034739
0 0 0.625437 0.151121 0.169313 0.019180 0.034950
0 0 0.588878 0.174794 0.180761 0.015635 0.039931
0 0 0.572272 0.194256 0.178243 0.011194 0.044034
0 0 0.474563 0.251576 0.214817 0.008805 0.050240
0 1 0.425777 0.288804 0.224712 0.006520 0.054186
0 1 0.470078 0.254206 0.192852 0.007696 0.075168
0 1 0.632717 0.150961 0.158748 0.017220 0.040353
0 1 0.643254 0.118700 0.164024 0.038367 0.035654
0 0 0.713235 0.085139 0.133472 0.045532 0.022623
0 0 0.774732 0.070255 0.105684 0.033778 0.015550
0 0 0.766857 0.079541 0.107463 0.027020 0.019119
0 1 0.775054 0.081175 0.104252 0.021971 0.017548
0 0 0.668974 0.124706 0.165409 0.022809 0.018102
0 0 0.582186 0.150300 0.207629 0.031610 0.028275
0 0 0.406749 0.227602 0.318285 0.018517 0.028847
2 1 0.147581 0.252062 0.556884 0.012414 0.031059
2 2 0.034128 0.180578 0.749409 0.009587 0.026298
2 2 0.011552 0.135052 0.829510 0.006518 0.017368
2 2 0.002690 0.075916 0.908774 0.004560 0.008060
2 2 0.001778 0.061710 0.925858 0.004783 0.005871
2 2 0.001058 0.044291 0.942856 0.007121 0.004674
2 2 0.000889 0.040996 0.947305 0.006843 0.003967
2 2 0.001491 0.056756 0.932333 0.004826 0.004594
2 1 0.008963 0.108786 0.864669 0.007364 0.010219
2 1 0.027251 0.174565 0.773187 0.005600 0.019397
2 2 0.054908 0.228967 0.679534 0.007725 0.028865
2 2 0.022562 0.196861 0.753986 0.004978 0.021612
2 2 0.003913 0.092748 0.890276 0.004126 0.008936
2 2 0.000742 0.043102 0.949387 0.003274 0.003496
2 2 0.000402 0.031752 0.961988 0.003249 0.002609
2 2 0.001929 0.060656 0.923624 0.006306 0.007486
2 2 0.003161 0.072274 0.906821 0.009050 0.008695
2 2 0.002942 0.066125 0.909812 0.011876 0.009244
2 2 0.001418 0.044623 0.933868 0.014493 0.005598
2 2 0.000808 0.033503 0.946538 0.015006 0.004145
2 2 0.000323 0.020339 0.958552 0.017867 0.002919
2 2 0.000323 0.017951 0.946295 0.032271 0.003159
2 2 0.000348 0.020171 0.954174 0.022597 0.002710
2 2 0.000564 0.024579 0.943050 0.028223 0.003585
2 2 0.000555 0.028477 0.954467 0.013241 0.003260
2 2 0.000281 0.020136 0.963949 0.013483 0.002152
2 2 0.000367 0.023886 0.961787 0.011035 0.002925
2 2 0.000412 0.021829 0.951173 0.022306 0.004280
2 2 0.000919 0.028850 0.922505 0.038837 0.008889
2 2 0.002038 0.033143 0.837745 0.111342 0.015732
2 2 0.002730 0.038307 0.829208 0.108575 0.021179
2 2 0.002869 0.036895 0.803929 0.137955 0.018352
2 2 0.001431 0.028584 0.856200 0.099678 0.014107
2 2 0.000976 0.024653 0.878280 0.084055 0.012037
2 2 0.000605 0.019573 0.889303 0.081988 0.008532
2 2 0.000429 0.016085 0.885985 0.091459 0.006042
2 2 0.000297 0.011316 0.861032 0.123580 0.003776
2 2 0.000825 0.017556 0.832205 0.141891 0.007523
2 2 0.002532 0.032640 0.792053 0.157563 0.015211
2 2 0.012694 0.083803 0.731230 0.097448 0.074825
2 2 0.026187 0.122377 0.626004 0.071548 0.153883
2 2 0.027432 0.165394 0.610836 0.018318 0.178019
2 2 0.014094 0.140279 0.732587 0.010844 0.102196
2 2 0.012107 0.131402 0.756303 0.010612 0.089575
2 2 0.023977 0.169052 0.569955 0.010994 0.226021
2 2 0.171589 0.280615 0.426084 0.027859 0.093852
2 0 0.097838 0.233794 0.558083 0.038289 0.071996
2 1 0.015811 0.082948 0.716186 0.125923 0.059132
2 2 0.071460 0.175725 0.549748 0.076352 0.126715
2 2 0.212010 0.220343 0.330119 0.072504 0.165024
1 1 0.225428 0.282360 0.246997 0.016882 0.228333
2 1 0.057410 0.250544 0.558977 0.010554 0.122515
2 2 0.010047 0.152722 0.753058 0.003933 0.080241
2 2 0.010442 0.143525 0.770402 0.005416 0.070214
2 2 0.016660 0.187706 0.651056 0.004185 0.140393
2 2 0.013299 0.181747 0.693407 0.003217 0.108330
2 2 0.004527 0.114120 0.804036 0.002813 0.074505
2 2 0.001582 0.059303 0.908169 0.003949 0.026998
2 2 0.000864 0.041349 0.933732 0.004718 0.019338
2 2 0.001199 0.041944 0.926838 0.010513 0.019507
2 2 0.000648 0.030569 0.945868 0.011616 0.011298
2 2 0.001031 0.034529 0.931150 0.020574 0.012717
2 2 0.000531 0.025895 0.947509 0.016410 0.009655
2 2 0.000844 0.031186 0.934673 0.020449 0.012848
2 2 0.001200 0.033012 0.914382 0.036271 0.015135
2 2 0.001856 0.035062 0.872377 0.072966 0.017740
2 2 0.001231 0.025002 0.836550 0.126785 0.010432
2 2 0.001535 0.023045 0.758957 0.208194 0.008268
2 3 0.001668 0.017877 0.654371 0.319951 0.006134
2 3 0.002538 0.023164 0.667749 0.297538 0.009010
2 3 0.003184 0.023519 0.620154 0.343913 0.009230
2 3 0.005254 0.026378 0.560985 0.395777 0.011605
3 3 0.008834 0.023514 0.378064 0.579960 0.009628
3 3 0.010954 0.020138 0.299519 0.660561 0.008829
3 3 0.008886 0.009486 0.155306 0.822421 0.003902
3 3 0.006110 0.003634 0.070930 0.917825 0.001500
3 3 0.007909 0.003902 0.065638 0.920838 0.001713
3 3 0.007295 0.003703 0.064398 0.923027 0.001577
3 3 0.008260 0.002980 0.051040 0.936232 0.001487
3 3 0.010035 0.002795 0.045195 0.940362 0.001613
3 3 0.010645 0.002784 0.044153 0.940749 0.001669
3 3 0.006014 0.001546 0.031707 0.959920 0.000813
3 3 0.006164 0.001923 0.038195 0.952773 0.000945
3 3 0.004103 0.001323 0.031379 0.962611 0.000583
3 3 0.005782 0.001750 0.035888 0.955723 0.000857
3 3 0.006744 0.002188 0.041563 0.948422 0.001083
3 3 0.005113 0.001874 0.039723 0.952462 0.000828
3 3 0.006144 0.002194 0.042983 0.947654 0.001024
3 3 0.005937 0.001992 0.039909 0.951218 0.000944
3 3 0.005535 0.001467 0.031111 0.961139 0.000748
3 3 0.007479 0.001896 0.035347 0.954222 0.001056
3 3 0.006424 0.001346 0.027412 0.964040 0.000778
3 3 0.004692 0.000831 0.019776 0.974226 0.000475
3 3 0.004804 0.001107 0.025377 0.968136 0.000576
3 3 0.005444 0.001048 0.023172 0.969734 0.000602
3 3 0.005330 0.000888 0.020118 0.973128 0.000536
3 3 0.005964 0.001010 0.021732 0.970671 0.000622
3 3 0.004756 0.001125 0.025829 0.967712 0.000578
3 3 0.004552 0.001348 0.030800 0.962671 0.000629
3 3 0.004509 0.001226 0.028399 0.965276 0.000590
3 3 0.003679 0.000923 0.023588 0.971374 0.000436
3 3 0.007364 0.001639 0.031205 0.958836 0.000956
3 3 0.006259 0.001213 0.025196 0.966614 0.000718
3 3 0.004711 0.000946 0.022198 0.971628 0.000516
3 3 0.004095 0.000723 0.018279 0.976502 0.000401
3 3 0.004882 0.001028 0.023617 0.969918 0.000556
3 3 0.005979 0.001165 0.024679 0.967495 0.000681
3 3 0.005948 0.000963 0.020853 0.971632 0.000604
3 3 0.007880 0.001761 0.032521 0.956795 0.001043
3 3 0.005362 0.001272 0.027690 0.965004 0.000672
3 3 0.004251 0.001056 0.025354 0.968820 0.000518
3 3 0.004537 0.000911 0.021736 0.972323 0.000493
3 3 0.004134 0.000782 0.019545 0.975117 0.000423
3 3 0.006387 0.001153 0.023916 0.967839 0.000705
3 3 0.006853 0.001542 0.030278 0.960447 0.000881
3 3 0.005418 0.001187 0.025936 0.966812 0.000648
3 3 0.006842 0.001268 0.025439 0.965672 0.000780
3 3 0.008087 0.001599 0.029576 0.959740 0.000998
3 3 0.007175 0.001627 0.031269 0.958993 0.000937
3 3 0.007520 0.001838 0.034315 0.955287 0.001040
3 3 0.005283 0.001528 0.032770 0.959675 0.000745
3 3 0.005567 0.001092 0.023851 0.968864 0.000626
3 3 0.008677 0.001428 0.026119 0.962793 0.000984
3 3 0.006554 0.001330 0.026933 0.964402 0.000782
3 3 0.008576 0.001722 0.030976 0.957642 0.001084
3 3 0.026992 0.003953 0.046088 0.919897 0.003071
3 1 0.103399 0.025387 0.177665 0.684358 0.009190
3 1 0.142020 0.027851 0.180936 0.639995 0.009198
3 1 0.142394 0.055864 0.379884 0.407363 0.014494
2 1 0.029624 0.032691 0.472705 0.457255 0.007725
2 1 0.015037 0.041412 0.745853 0.191601 0.006097
2 1 0.012812 0.048021 0.821762 0.111539 0.005866
2 2 0.009727 0.055294 0.875223 0.054691 0.005065
2 2 0.010168 0.056628 0.866118 0.061786 0.005300
2 2 0.007186 0.064009 0.890929 0.032228 0.005649
2 2 0.000802 0.035366 0.948126 0.010963 0.004742
2 2 0.000747 0.034416 0.949781 0.010495 0.004561
2 2 0.000761 0.033488 0.948635 0.012753 0.004364
2 2 0.001097 0.035843 0.934787 0.022431 0.005842
2 2 0.000860 0.031227 0.938356 0.024217 0.005339
2 2 0.000412 0.019373 0.936513 0.039954 0.003749
2 2 0.000180 0.014211 0.959246 0.023992 0.002370
2 2 0.000204 0.013920 0.948051 0.035099 0.002727
2 2 0.000220 0.013466 0.936337 0.047211 0.002766
2 2 0.000503 0.020246 0.923526 0.050878 0.004847
2 3 0.000833 0.019616 0.838685 0.134696 0.006171
2 3 0.001009 0.022680 0.860940 0.107507 0.007863
2 3 0.002033 0.025587 0.789072 0.173162 0.010146
2 3 0.004424 0.036060 0.776126 0.170405 0.012986
2 3 0.003277 0.039803 0.852680 0.093584 0.010656
2 3 0.001186 0.030662 0.916062 0.045726 0.006364
2 3 0.000981 0.028750 0.923767 0.039935 0.006567
2 3 0.002341 0.043276 0.908667 0.035364 0.010352
2 1 0.024078 0.101930 0.793115 0.053978 0.026899
2 1 0.101985 0.146769 0.655911 0.061242 0.034093
2 1 0.207713 0.160891 0.525650 0.068268 0.037477
2 1 0.155857 0.157982 0.587924 0.064947 0.033290
2 2 0.071191 0.157948 0.707965 0.038826 0.024070
2 2 0.038003 0.136800 0.769074 0.033059 0.023064
2 2 0.008887 0.081199 0.873637 0.024962 0.011316
2 2 0.005383 0.065509 0.896060 0.023354 0.009693
2 2 0.008831 0.077438 0.871906 0.029238 0.012587
2 2 0.007731 0.091182 0.871368 0.015775 0.013944
2 2 0.002232 0.057735 0.918725 0.011593 0.009716
2 2 0.001255 0.043940 0.936451 0.010961 0.007392
2 2 0.000790 0.024614 0.909743 0.055230 0.009623
2 2 0.001019 0.028740 0.910053 0.048450 0.011738
2 2 0.002581 0.052317 0.898765 0.024185 0.022152
2 2 0.003609 0.064399 0.886502 0.019162 0.026327
2 2 0.005297 0.081922 0.870480 0.014589 0.027713
2 2 0.001492 0.044106 0.926937 0.015768 0.011697
2 2 0.006833 0.090507 0.871932 0.015395 0.015334
2 2 0.043471 0.140573 0.736903 0.055417 0.023636
2 0 0.246815 0.234322 0.447318 0.035231 0.036314
2 0 0.295804 0.202159 0.446937 0.030860 0.024240
2 1 0.054894 0.126569 0.760080 0.044327 0.014131
2 1 0.006493 0.080989 0.893314 0.012530 0.006674
2 2 0.004105 0.068727 0.910042 0.011535 0.005592
2 2 0.003315 0.071948 0.911533 0.008043 0.005160
2 2 0.035406 0.137513 0.799112 0.017224 0.010745
2 0 0.333701 0.156999 0.454011 0.044557 0.010732
0 0 0.634809 0.122260 0.195190 0.032531 0.015209
0 0 0.662131 0.115966 0.170481 0.031939 0.019483
0 1 0.487175 0.182921 0.286383 0.025646 0.017876
2 1 0.081322 0.194290 0.678562 0.018533 0.027293
2 2 0.008116 0.100822 0.871049 0.009783 0.010231
2 2 0.002598 0.074409 0.912603 0.004901 0.005489
2 2 0.020588 0.114688 0.820179 0.029594 0.014950
2 0 0.113362 0.134824 0.650302 0.083430 0.018083
0 1 0.395382 0.149464 0.339917 0.083296 0.031942
0 2 0.395590 0.150207 0.350120 0.072849 0.031234
2 2 0.078526 0.165347 0.695404 0.035669 0.025054
2 2 0.008430 0.094208 0.868941 0.015505 0.012914
2 2 0.000665 0.036796 0.953428 0.005632 0.003478
2 2 0.000251 0.022631 0.969617 0.005606 0.001896
2 2 0.000961 0.043055 0.946344 0.006270 0.003369
2 2 0.000902 0.037511 0.946424 0.011347 0.003816
2 2 0.000664 0.027512 0.943541 0.024449 0.003834
2 2 0.000530 0.024003 0.944631 0.026727 0.004108
2 2 0.000360 0.020479 0.953114 0.021402 0.004645
2 2 0.000284 0.019668 0.961247 0.014102 0.004699
2 2 0.000172 0.017162 0.971184 0.007782 0.003699
2 2 0.000202 0.020105 0.970621 0.005256 0.003815
2 2 0.000214 0.019411 0.969265 0.007357 0.003753
2 2 0.000456 0.028072 0.956942 0.007605 0.006925
2 2 0.002270 0.063820 0.905956 0.006186 0.021769
2 2 0.004657 0.098383 0.850098 0.004870 0.041992
2 2 0.012548 0.181703 0.685739 0.002873 0.117136
2 2 0.010910 0.162793 0.716377 0.003558 0.106362
2 2 0.017374 0.192729 0.649312 0.004043 0.136541
2 2 0.012157 0.151825 0.679510 0.005735 0.150774
2 2 0.009806 0.130469 0.701163 0.007221 0.151341
2 2 0.011888 0.122642 0.576070 0.010315 0.279085
4 4 0.033399 0.146090 0.267660 0.007925 0.544925
4 4 0.036663 0.145912 0.236422 0.007190 0.573813
4 4 0.059139 0.121660 0.090557 0.003499 0.725145
4 4 0.084602 0.113937 0.070635 0.004051 0.726775
4 4 0.078915 0.111308 0.063478 0.003032 0.743266
4 4 0.077433 0.110055 0.055095 0.002420 0.754997
4 4 0.073141 0.127222 0.086491 0.003917 0.709229
4 4 0.147608 0.089501 0.049162 0.006112 0.707618
4 4 0.171758 0.047935 0.024384 0.004926 0.750997
4 4 0.191285 0.044016 0.022311 0.005222 0.737167
4 4 0.182517 0.049883 0.025483 0.005284 0.736833
4 4 0.143553 0.085446 0.045961 0.005624 0.719416
2 4 0.017169 0.159947 0.487311 0.005471 0.330103
2 4 0.016026 0.175395 0.584960 0.004535 0.219083
2 4 0.003993 0.106279 0.781476 0.003044 0.105209
2 4 0.008851 0.127683 0.631207 0.005725 0.226534
2 4 0.014538 0.150368 0.513563 0.005576 0.315954
4 4 0.038300 0.166931 0.279859 0.006804 0.508106
4 4 0.033304 0.195238 0.353431 0.004681 0.413346
4 4 0.042244 0.190718 0.262973 0.004242 0.499823
4 4 0.042236 0.203318 0.283131 0.003890 0.467425
4 4 0.069620 0.195808 0.254875 0.005650 0.474046
2 4 0.048433 0.218587 0.443589 0.006461 0.282930
4 4 0.154300 0.137152 0.163283 0.020356 0.524909
4 4 0.206159 0.103171 0.085003 0.017987 0.587681
4 4 0.223969 0.102289 0.080435 0.020333 0.572975
4 4 0.194590 0.080875 0.045648 0.007949 0.670938
4 4 0.197571 0.084785 0.053762 0.010637 0.653244
4 4 0.176008 0.115669 0.094101 0.017863 0.596358
4 4 0.140725 0.088054 0.047372 0.005580 0.718269
4 4 0.233644 0.050197 0.031974 0.010745 0.673439
4 4 0.194171 0.062163 0.039202 0.009532 0.694931
4 4 0.176755 0.069683 0.040904 0.007718 0.704939
4 4 0.124699 0.080582 0.033888 0.002813 0.758019
4 4 0.058668 0.145326 0.137798 0.005140 0.653067
4 4 0.049751 0.133749 0.114220 0.003285 0.698995
4 4 0.032213 0.151613 0.230047 0.004518 0.581610
4 4 0.043410 0.146107 0.198852 0.006655 0.604976
4 4 0.094375 0.115173 0.084706 0.006014 0.699732
4 4 0.138866 0.120284 0.085008 0.009638 0.646204
4 4 0.273870 0.149512 0.121073 0.021774 0.433771
4 0 0.281643 0.181680 0.120794 0.011288 0.404595
2 1 0.011296 0.181649 0.666357 0.002313 0.138385
2 2 0.017950 0.221314 0.606124 0.002238 0.152374
2 2 0.024440 0.268147 0.556111 0.001596 0.149706
2 2 0.025828 0.282224 0.523619 0.001315 0.167014
2 2 0.021079 0.256110 0.635004 0.001607 0.086199
2 2 0.014506 0.212584 0.698270 0.001851 0.072789
2 2 0.013061 0.184224 0.762813 0.002527 0.037375
2 2 0.001619 0.062251 0.919718 0.003117 0.013295
2 2 0.000598 0.035943 0.949898 0.004134 0.009427
2 2 0.000244 0.022311 0.965705 0.004644 0.007096
2 2 0.000194 0.021793 0.968386 0.002822 0.006806
2 2 0.000696 0.039467 0.940369 0.003489 0.015978
2 2 0.000480 0.031744 0.949694 0.004120 0.013963
2 2 0.000988 0.046499 0.936076 0.003940 0.012497
2 2 0.044110 0.164111 0.753948 0.014491 0.023339
0 0 0.503365 0.175856 0.280282 0.024260 0.016237
0 0 0.901604 0.039041 0.048740 0.007639 0.002977
0 0 0.980672 0.006321 0.008304 0.004047 0.000656
0 0 0.961939 0.011242 0.016762 0.008764 0.001293
0 0 0.952581 0.020435 0.023244 0.002869 0.000870
0 0 0.961346 0.016373 0.018907 0.002674 0.000700
0 0 0.953560 0.018130 0.022671 0.004519 0.001120
0 0 0.962068 0.009704 0.015672 0.011247 0.001308
0 0 0.861072 0.017444 0.043725 0.073260 0.004499
0 0 0.706808 0.074105 0.129865 0.063934 0.025288
0 0 0.543494 0.156654 0.174798 0.031982 0.093072
0 0 0.462008 0.204296 0.212017 0.020330 0.101349
0 0 0.385172 0.213421 0.230319 0.019029 0.152060
0 0 0.465596 0.158191 0.152154 0.024902 0.199158
0 0 0.503447 0.140347 0.128103 0.026287 0.201818
0 0 0.607222 0.117207 0.090040 0.015119 0.170412
0 0 0.706687 0.070902 0.058825 0.019040 0.144546
0 0 0.703015 0.062760 0.056397 0.025337 0.152490
0 0 0.574881 0.116513 0.089820 0.016539 0.202247
0 0 0.614759 0.115385 0.072927 0.008744 0.188185
0 0 0.636363 0.033629 0.023947 0.017557 0.288503
4 0 0.293853 0.035744 0.023385 0.012651 0.634366
4 0 0.266676 0.027646 0.013417 0.005518 0.686742
4 0 0.378573 0.044574 0.034296 0.024073 0.518484
0 0 0.497697 0.128670 0.128360 0.035515 0.209758
2 0 0.223258 0.245974 0.416558 0.024879 0.089330
2 0 0.297637 0.279918 0.334223 0.013447 0.074775
2 0 0.214948 0.314515 0.388803 0.007453 0.074281
2 0 0.259904 0.314878 0.332976 0.007152 0.085091
1 0 0.234846 0.391103 0.293920 0.002725 0.077407
1 0 0.305021 0.352713 0.233617 0.003658 0.104991
1 0 0.273713 0.364186 0.244078 0.003783 0.114240
0 0 0.349647 0.298253 0.179426 0.005234 0.167439
1 1 0.285034 0.372026 0.178834 0.002295 0.161812
1 1 0.225100 0.405142 0.194424 0.001572 0.173763
1 1 0.112041 0.451220 0.281611 0.000849 0.154279
1 1 0.112907 0.439781 0.283412 0.000985 0.162915
1 1 0.173276 0.442330 0.193266 0.000928 0.190201
1 2 0.119196 0.447144 0.293186 0.001057 0.139417
1 2 0.098147 0.405838 0.325006 0.001441 0.169569
2 2 0.055543 0.346512 0.448217 0.001788 0.147939
2 2 0.031064 0.290875 0.582381 0.001778 0.093901
2 2 0.023136 0.255262 0.636473 0.001942 0.083186
2 2 0.034276 0.284394 0.591464 0.002383 0.087482
2 2 0.028302 0.257062 0.645448 0.002688 0.066500
2 2 0.003035 0.087982 0.890528 0.002512 0.015943
2 2 0.002620 0.080443 0.897527 0.002736 0.016674
2 2 0.002521 0.081018 0.898642 0.002406 0.015413
2 2 0.003579 0.089648 0.884778 0.003441 0.018554
2 2 0.004386 0.089639 0.876542 0.005656 0.023776
2 2 0.005566 0.094879 0.864286 0.007563 0.027706
2 2 0.005019 0.088749 0.873932 0.008550 0.023749
2 2 0.004245 0.087381 0.880901 0.006094 0.021379
2 2 0.006072 0.104043 0.857900 0.005820 0.026165
2 2 0.004083 0.088985 0.883632 0.005135 0.018165
2 2 0.002007 0.062905 0.917365 0.005335 0.012387
2 2 0.001757 0.056720 0.920714 0.006311 0.014498
2 2 0.000418 0.029404 0.959477 0.004865 0.005836
2 2 0.000477 0.030513 0.957325 0.005689 0.005996
2 2 0.000745 0.036457 0.947366 0.007089 0.008343
2 2 0.000346 0.024806 0.962991 0.007342 0.004516
2 2 0.000506 0.030550 0.956901 0.006756 0.005287
2 2 0.000466 0.028424 0.957466 0.007774 0.005869
2 2 0.000328 0.024340 0.963609 0.006987 0.004736
2 2 0.000398 0.025151 0.960127 0.009994 0.004329
2 2 0.000440 0.027256 0.959740 0.008744 0.003819
2 2 0.000391 0.024990 0.960741 0.009964 0.003913
2 2 0.000567 0.027366 0.951153 0.016330 0.004584
2 2 0.000535 0.024535 0.946148 0.024383 0.004399
2 2 0.000669 0.024220 0.926205 0.043586 0.005320
2 3 0.000728 0.020333 0.865805 0.107623 0.005510
2 3 0.000537 0.018260 0.885868 0.090823 0.004511
2 3 0.000683 0.018234 0.868534 0.108228 0.004321
2 3 0.000616 0.018432 0.879027 0.097739 0.004186
2 3 0.000705 0.015631 0.785147 0.193557 0.004960
3 3 0.004134 0.009687 0.246427 0.736383 0.003369
3 3 0.003323 0.008303 0.240971 0.744600 0.002803
3 3 0.003796 0.009796 0.264780 0.718210 0.003418
3 3 0.002569 0.012093 0.419896 0.561052 0.004390
3 3 0.002360 0.008878 0.340157 0.645349 0.003256
3 3 0.003025 0.006463 0.207534 0.780662 0.002316
3 3 0.005556 0.006148 0.125352 0.860732 0.002213
3 3 0.003711 0.002580 0.061046 0.931790 0.000873
3 3 0.003895 0.002453 0.055187 0.937638 0.000827
3 3 0.005350 0.003525 0.069993 0.919829 0.001303
3 3 0.006484 0.005880 0.113048 0.872273 0.002315
3 3 0.004847 0.004080 0.093008 0.896480 0.001586
3 3 0.005328 0.004088 0.085419 0.903603 0.001562
3 3 0.005586 0.003008 0.058617 0.931614 0.001174
3 3 0.005700 0.002996 0.058008 0.932110 0.001186
3 3 0.007197 0.003079 0.054998 0.933332 0.001394
3 3 0.008872 0.003130 0.052043 0.934353 0.001603
3 3 0.006347 0.002304 0.044399 0.945873 0.001077
3 3 0.006010 0.002229 0.043899 0.946842 0.001020
3 3 0.006265 0.002448 0.047041 0.943136 0.001109
3 3 0.007122 0.003106 0.055615 0.932764 0.001392
3 3 0.007964 0.003415 0.058247 0.928792 0.001583
3 3 0.012576 0.004959 0.069389 0.910422 0.002654
3 3 0.010529 0.003311 0.051652 0.932661 0.001846
3 3 0.008388 0.002545 0.044165 0.943540 0.001361
3 3 0.005966 0.002209 0.043653 0.947163 0.001009
3 3 0.004127 0.001508 0.035179 0.958552 0.000634
3 3 0.004743 0.001846 0.040202 0.952425 0.000783
3 3 0.006173 0.001900 0.037764 0.953224 0.000939
3 3 0.009178 0.002728 0.045579 0.941012 0.001503
3 3 0.007127 0.001882 0.035687 0.954283 0.001021
3 3 0.006250 0.001230 0.025530 0.966266 0.000724
3 3 0.004672 0.001064 0.024731 0.968980 0.000552
3 3 0.003544 0.000775 0.020422 0.974877 0.000383
3 3 0.003770 0.000775 0.020010 0.975047 0.000398
3 3 0.004011 0.000939 0.023279 0.971305 0.000465
3 3 0.004916 0.001229 0.027649 0.965582 0.000623
3 3 0.006192 0.001468 0.029976 0.961563 0.000802
3 3 0.007470 0.002380 0.043274 0.945660 0.001215
3 3 0.022356 0.004481 0.052313 0.917288 0.003561
3 3 0.170339 0.030235 0.167226 0.617587 0.014613
2 3 0.304684 0.162858 0.362738 0.121428 0.048291
2 1 0.247924 0.247026 0.421946 0.039070 0.044034
2 1 0.049439 0.256988 0.662079 0.006432 0.025062
2 2 0.002250 0.042829 0.891927 0.048328 0.014667
2 2 0.001549 0.042881 0.923699 0.019956 0.011914
2 2 0.001351 0.038371 0.925639 0.025512 0.009126
2 2 0.001325 0.034914 0.916643 0.038504 0.008614
2 2 0.000864 0.027693 0.922821 0.042996 0.005625
2 2 0.000833 0.026181 0.916578 0.050571 0.005837
2 2 0.000559 0.023815 0.939805 0.030799 0.005023
2 2 0.000285 0.020809 0.964568 0.011498 0.002839
2 2 0.000418 0.026625 0.960869 0.008839 0.003248
2 2 0.000536 0.031757 0.957313 0.006792 0.003601
2 2 0.001280 0.046504 0.937785 0.008967 0.005464
2 2 0.003625 0.080860 0.898880 0.007024 0.009610
2 2 0.003446 0.081406 0.899777 0.005931 0.009440
2 2 0.002538 0.072466 0.912106 0.005039 0.007851
2 2 0.002111 0.064466 0.920259 0.005820 0.007343
2 2 0.001752 0.059138 0.927381 0.005762 0.005966
2 2 0.000442 0.023925 0.954634 0.017424 0.003575
2 2 0.000493 0.025147 0.952761 0.017849 0.003750
2 2 0.000664 0.030494 0.950095 0.014440 0.004307
2 2 0.000740 0.034298 0.949848 0.010367 0.004747
2 2 0.000900 0.036142 0.944237 0.012902 0.005818
2 2 0.000640 0.030353 0.951085 0.013255 0.004666
2 2 0.000629 0.031146 0.952336 0.011045 0.004844
2 2 0.000871 0.034995 0.943313 0.013550 0.007271
2 2 0.000695 0.033698 0.949197 0.009035 0.007375
2 2 0.001538 0.048751 0.923723 0.009606 0.016383
2 2 0.002453 0.062910 0.895384 0.008231 0.031022
2 2 0.003173 0.072627 0.883398 0.008140 0.032662
2 2 0.002434 0.069766 0.890861 0.005533 0.031406
2 2 0.001236 0.046405 0.926566 0.006757 0.019036
2 2 0.000962 0.042636 0.933768 0.005499 0.017134
2 2 0.002603 0.070948 0.890238 0.005351 0.030859
2 2 0.004979 0.107748 0.835349 0.003954 0.047970
2 2 0.008976 0.163554 0.743988 0.002361 0.081121
2 2 0.010758 0.176146 0.708717 0.002458 0.101921
2 2 0.013223 0.193066 0.631427 0.002314 0.159969
2 2 0.010101 0.167322 0.690019 0.002699 0.129859
2 2 0.014771 0.191477 0.604849 0.002827 0.186076
2 2 0.015495 0.189746 0.623966 0.003341 0.167452
2 2 0.010715 0.176504 0.699868 0.002416 0.110496
2 2 0.012051 0.187528 0.698053 0.002320 0.100048
2 2 0.022551 0.234189 0.642250 0.002785 0.098224
2 2 0.031388 0.278767 0.624728 0.002192 0.062925
2 2 0.083324 0.385570 0.398018 0.001899 0.131189
2 4 0.073275 0.289592 0.345826 0.004125 0.287181
4 4 0.048175 0.164363 0.222935 0.006719 0.557808
4 4 0.119072 0.109968 0.103014 0.010679 0.657266
4 4 0.186998 0.204088 0.207409 0.012848 0.388657
4 4 0.229357 0.249912 0.183232 0.007723 0.329777
4 4 0.163137 0.189119 0.200194 0.015085 0.432465
4 4 0.188117 0.107925 0.085628 0.016605 0.601725
4 4 0.187878 0.067871 0.039647 0.007971 0.696633
4 4 0.176398 0.074768 0.041432 0.006883 0.700519
4 4 0.139275 0.125473 0.084623 0.008944 0.641685
4 4 0.029527 0.131990 0.184307 0.003890 0.650286
4 4 0.014830 0.124926 0.315283 0.004300 0.540660
4 4 0.024602 0.127695 0.182228 0.003285 0.662191
4 4 0.059163 0.112591 0.117808 0.005964 0.704474
4 4 0.156171 0.097528 0.063292 0.009592 0.673418
4 4 0.141374 0.092482 0.047889 0.005201 0.713054
4 4 0.305506 0.141564 0.167145 0.044615 0.341169
0 4 0.298873 0.210161 0.189977 0.024088 0.276902
1 1 0.232662 0.299109 0.275458 0.017149 0.175622
1 1 0.226550 0.375218 0.205033 0.003412 0.189788
1 2 0.219007 0.419521 0.217536 0.002169 0.141767
2 2 0.011770 0.231709 0.658012 0.000848 0.097662
2 2 0.006915 0.175470 0.707564 0.001061 0.108991
2 2 0.004941 0.140891 0.746116 0.001422 0.106629
2 2 0.014097 0.154780 0.468569 0.003927 0.358627
4 2 0.018184 0.161068 0.396161 0.003917 0.420670
4 2 0.024808 0.168036 0.326110 0.003999 0.477047
2 2 0.017925 0.173874 0.434174 0.003404 0.370623
2 4 0.015739 0.191136 0.566287 0.002936 0.223901
2 4 0.019548 0.182156 0.434493 0.003357 0.360446
4 4 0.024756 0.155742 0.279354 0.003792 0.536356
4 4 0.032405 0.139596 0.188224 0.003947 0.635828
4 4 0.071838 0.111796 0.065120 0.002767 0.748480
4 4 0.061630 0.100867 0.069362 0.002893 0.765248
4 4 0.076732 0.109293 0.085744 0.005524 0.722707
4 4 0.087791 0.094846 0.073921 0.005939 0.737503
4 4 0.120209 0.090190 0.065432 0.007698 0.716471
4 4 0.076871 0.119400 0.129865 0.008889 0.664974
4 4 0.108690 0.139309 0.185876 0.022609 0.543516
4 4 0.096508 0.161953 0.156854 0.011954 0.572731
4 4 0.115112 0.246048 0.300783 0.013911 0.324145
2 4 0.049211 0.261998 0.495512 0.005697 0.187580
4 4 0.025176 0.191313 0.324490 0.002442 0.456579
4 4 0.029380 0.139721 0.242345 0.005846 0.582708
4 4 0.060272 0.150146 0.165900 0.007403 0.616279
4 4 0.130952 0.140913 0.096974 0.009344 0.621817
4 4 0.240662 0.151202 0.104218 0.013339 0.490580
4 4 0.276012 0.242036 0.137826 0.006100 0.338026
1 4 0.218076 0.336770 0.226054 0.003822 0.215278
2 4 0.089643 0.357616 0.414197 0.003046 0.135498
2 1 0.110385 0.244659 0.555987 0.015133 0.073835
2 0 0.102098 0.190210 0.621111 0.031335 0.055245
2 0 0.133508 0.242038 0.528122 0.026793 0.069539
2 1 0.144495 0.334689 0.408673 0.007869 0.104274
2 1 0.058183 0.362941 0.454936 0.001591 0.122350
2 1 0.014914 0.248163 0.621928 0.000961 0.114033
2 2 0.006795 0.168532 0.740378 0.001210 0.083084
2 2 0.002679 0.105186 0.835177 0.001340 0.055619
2 2 0.002298 0.095795 0.845246 0.001451 0.055210
2 2 0.001832 0.076617 0.881927 0.002090 0.037534
2 2 0.001685 0.065266 0.901718 0.003106 0.028225
2 2 0.001658 0.055612 0.913614 0.005529 0.023587
2 2 0.001462 0.055199 0.916046 0.004278 0.023015
2 2 0.000773 0.035909 0.940989 0.007727 0.014603
2 2 0.000693 0.033316 0.942340 0.008482 0.015169
2 2 0.000762 0.031457 0.935836 0.014235 0.017710
2 2 0.002055 0.056137 0.900728 0.008568 0.032512
2 2 0.002157 0.064809 0.894138 0.005418 0.033478
2 2 0.001354 0.057557 0.918670 0.002970 0.019449
2 2 0.001093 0.050527 0.928209 0.003146 0.017025
2 2 0.000816 0.041701 0.942131 0.004273 0.011079
2 2 0.001462 0.055725 0.922246 0.004126 0.016441
2 2 0.006789 0.110902 0.804178 0.006888 0.071243
2 2 0.006926 0.121021 0.772390 0.005160 0.094503
2 2 0.011895 0.163890 0.668558 0.003954 0.151703
2 2 0.007414 0.135310 0.718249 0.003680 0.135346
2 2 0.019494 0.214596 0.618409 0.003054 0.144448
2 2 0.010053 0.177275 0.765992 0.001881 0.044799
2 2 0.009727 0.159669 0.806339 0.002295 0.021971
2 2 0.035364 0.217634 0.667676 0.008752 0.070575
2 1 0.043255 0.168038 0.680513 0.041240 0.066954
2 2 0.039140 0.192702 0.638533 0.018012 0.111613
2 2 0.056027 0.236737 0.502880 0.011356 0.193000
2 2 0.008994 0.151914 0.752309 0.003262 0.083521
2 2 0.006343 0.126466 0.752934 0.003647 0.110611
2 2 0.013159 0.173222 0.570091 0.003126 0.240402
2 2 0.019195 0.203677 0.549177 0.003170 0.224780
2 2 0.011871 0.195403 0.669575 0.001864 0.121287
2 2 0.005433 0.135599 0.781279 0.001962 0.075727
2 2 0.002864 0.093526 0.852009 0.002402 0.049199
2 2 0.004370 0.111962 0.824505 0.002712 0.056451
2 2 0.006648 0.140701 0.771200 0.002500 0.078950
2 2 0.033036 0.155903 0.691477 0.032117 0.087467
2 2 0.023882 0.169659 0.719772 0.012709 0.073978
2 1 0.014658 0.157687 0.780121 0.006291 0.041243
2 1 0.007655 0.142494 0.789524 0.002970 0.057356
2 2 0.014404 0.132287 0.564002 0.010727 0.278581
2 2 0.011510 0.117726 0.524660 0.009618 0.336485
4 2 0.022609 0.138305 0.338581 0.007752 0.492753
4 2 0.025491 0.170845 0.339711 0.004322 0.459631
2 2 0.026100 0.249814 0.518183 0.002238 0.203665
2 2 0.007013 0.161117 0.749482 0.001560 0.080829
2 2 0.003443 0.107176 0.842987 0.001934 0.044461
2 2 0.001139 0.054791 0.916475 0.002762 0.024834
2 2 0.001324 0.055500 0.922343 0.003178 0.017656
2 2 0.001341 0.055961 0.921979 0.003149 0.017571
2 2 0.002805 0.086799 0.876995 0.002767 0.030633
2 2 0.003028 0.094121 0.870568 0.002304 0.029979
2 2 0.004668 0.129718 0.812495 0.001645 0.051473
2 2 0.002524 0.083146 0.884793 0.002579 0.026957
2 2 0.000764 0.037866 0.944519 0.005962 0.010889
2 2 0.000271 0.021242 0.964033 0.008095 0.006359
2 2 0.000509 0.025744 0.947915 0.014862 0.010969
2 2 0.002646 0.054564 0.892177 0.019403 0.031210
2 2 0.007437 0.110890 0.812646 0.008004 0.061023
2 2 0.008111 0.137272 0.779252 0.004026 0.071339
2 2 0.003859 0.100985 0.833933 0.003261 0.057962
2 2 0.035829 0.185138 0.697823 0.017822 0.063388
2 1 0.204611 0.239471 0.421414 0.064742 0.069762
2 1 0.285791 0.232148 0.350850 0.054197 0.077014
2 2 0.271267 0.228460 0.396346 0.055457 0.048470
2 2 0.043477 0.189781 0.708379 0.023974 0.034388
2 2 0.001186 0.054686 0.925895 0.002612 0.015621
2 2 0.003213 0.082706 0.867539 0.004745 0.041797
2 2 0.002236 0.063946 0.891757 0.006238 0.035823
2 2 0.004120 0.080948 0.838374 0.009224 0.067334
2 4 0.004207 0.091719 0.812087 0.006037 0.085950
2 4 0.010670 0.133541 0.608628 0.006531 0.240629
2 4 0.008340 0.121169 0.706785 0.007169 0.156536
4 4 0.017807 0.132048 0.366399 0.006916 0.476830
4 4 0.022804 0.132558 0.272421 0.005406 0.566811
4 4 0.045565 0.136287 0.192604 0.007019 0.618525
4 4 0.108925 0.117779 0.081656 0.006359 0.685282
4 4 0.183977 0.122563 0.104802 0.018644 0.570014
4 4 0.165673 0.205620 0.161485 0.013633 0.453589
1 1 0.181730 0.293394 0.224156 0.008208 0.292512
2 1 0.087714 0.362694 0.367547 0.002446 0.179598
2 1 0.025249 0.309654 0.499146 0.000782 0.165170
2 1 0.019793 0.282617 0.565905 0.000855 0.130830
2 2 0.018864 0.266531 0.576676 0.001035 0.136893
2 2 0.020216 0.257855 0.593252 0.001406 0.127271
2 2 0.016027 0.242266 0.647412 0.001245 0.093049
2 2 0.011528 0.201130 0.715708 0.001520 0.070114
2 2 0.004561 0.109646 0.834748 0.003104 0.047941
2 2 0.002591 0.071589 0.886676 0.005249 0.033895
2 2 0.002174 0.061512 0.902521 0.006390 0.027402
2 2 0.001896 0.062242 0.901455 0.004778 0.029629
2 2 0.001666 0.055982 0.912677 0.005313 0.024363
2 2 0.001617 0.059267 0.917014 0.003817 0.018285
2 2 0.002042 0.067650 0.905520 0.003606 0.021182
2 2 0.002472 0.072694 0.901232 0.003939 0.019662
2 2 0.001360 0.052134 0.926553 0.004931 0.015023
2 2 0.000391 0.026668 0.958986 0.006531 0.007424
2 2 0.000238 0.022021 0.967635 0.004896 0.005210
2 2 0.000478 0.030913 0.954818 0.005050 0.008741
2 2 0.000656 0.037839 0.946823 0.003974 0.010708
2 2 0.000891 0.043127 0.939482 0.004479 0.012020
2 2 0.000594 0.035070 0.949448 0.004557 0.010331
