0 0 0.971450 0.015871 0.001790 0.000160 0.010729
0 0 0.955288 0.025247 0.004944 0.001082 0.013437
0 0 0.969058 0.017994 0.002757 0.000469 0.009722
0 0 0.971069 0.017306 0.003283 0.000998 0.007345
0 0 0.946826 0.029308 0.005932 0.001198 0.016735
0 0 0.944284 0.028980 0.004419 0.000440 0.021876
0 0 0.928346 0.036829 0.006784 0.000835 0.027206
0 0 0.943262 0.030918 0.006228 0.001171 0.018422
0 0 0.925886 0.041058 0.012253 0.003549 0.017255
0 0 0.926018 0.039263 0.011417 0.004152 0.019149
0 0 0.951995 0.026486 0.004721 0.000773 0.016026
0 0 0.936489 0.030813 0.004028 0.000253 0.028416
0 0 0.918044 0.038665 0.005688 0.000373 0.037230
0 0 0.929563 0.035418 0.005802 0.000554 0.028663
0 0 0.947304 0.029124 0.005697 0.001034 0.016842
0 0 0.946979 0.028826 0.005243 0.000822 0.018130
0 0 0.956490 0.024578 0.004627 0.000944 0.013362
0 0 0.961488 0.022253 0.005064 0.001858 0.009338
0 0 0.966385 0.019220 0.005002 0.003013 0.006381
0 0 0.971211 0.015830 0.004522 0.004237 0.004200
0 0 0.937127 0.034775 0.014224 0.006817 0.007057
0 0 0.908626 0.051360 0.022610 0.006519 0.010885
0 0 0.885259 0.061853 0.031908 0.009364 0.011617
0 0 0.918015 0.045633 0.018447 0.006441 0.011464
0 0 0.930923 0.038746 0.013416 0.004977 0.011938
0 0 0.904926 0.052072 0.015352 0.002973 0.024677
0 1 0.819511 0.077902 0.017483 0.001432 0.083672
0 1 0.511949 0.122141 0.032240 0.002256 0.331415
4 1 0.402217 0.081832 0.016431 0.001130 0.498390
4 2 0.392317 0.085262 0.018657 0.001501 0.502264
0 2 0.606301 0.142848 0.043603 0.003028 0.204221
0 2 0.769598 0.088598 0.017366 0.000828 0.123609
0 2 0.675252 0.119029 0.029263 0.001590 0.174866
0 1 0.430430 0.144022 0.047061 0.003821 0.374666
4 2 0.321534 0.160168 0.059654 0.003655 0.454989
4 2 0.279968 0.237200 0.109882 0.002720 0.370231
4 2 0.159922 0.283434 0.202388 0.004250 0.350005
1 2 0.150217 0.322176 0.270445 0.004365 0.252796
0 2 0.474327 0.230239 0.108072 0.003814 0.183549
0 2 0.545603 0.197342 0.153123 0.012495 0.091437
0 2 0.499619 0.209817 0.149111 0.013888 0.127565
0 2 0.455937 0.232179 0.137028 0.009433 0.165423
1 2 0.210247 0.297266 0.258340 0.008137 0.226009
2 2 0.161749 0.230735 0.503109 0.017026 0.087380
2 2 0.022326 0.090010 0.844187 0.024564 0.018914
2 2 0.016107 0.066272 0.875615 0.030597 0.011409
2 2 0.014851 0.063481 0.875199 0.035764 0.010704
2 2 0.006770 0.032832 0.921763 0.034476 0.004159
2 2 0.003891 0.023365 0.943057 0.026858 0.002830
2 2 0.006723 0.032136 0.922038 0.035054 0.004049
2 2 0.011780 0.039557 0.897062 0.046777 0.004824
2 2 0.033597 0.064554 0.832808 0.059909 0.009131
2 2 0.040010 0.073737 0.819327 0.056556 0.010370
2 2 0.042727 0.077559 0.811124 0.056248 0.012342
2 2 0.021540 0.052386 0.861028 0.057834 0.007212
2 2 0.037885 0.070706 0.829598 0.050877 0.010933
2 2 0.009156 0.027240 0.902219 0.058375 0.003009
2 2 0.009589 0.025365 0.895229 0.067033 0.002784
2 2 0.009817 0.025710 0.894887 0.066843 0.002742
2 2 0.004992 0.014680 0.924364 0.054718 0.001246
2 2 0.014242 0.017463 0.654870 0.309179 0.004247
2 2 0.020371 0.016075 0.631803 0.329247 0.002504
2 2 0.015870 0.017457 0.717843 0.246098 0.002733
2 3 0.013933 0.014233 0.749763 0.220484 0.001587
2 3 0.010035 0.015288 0.740864 0.230888 0.002925
2 3 0.014646 0.019894 0.651585 0.308757 0.005118
2 3 0.016138 0.019747 0.549319 0.407903 0.006893
2 3 0.019277 0.020426 0.482804 0.469559 0.007933
2 3 0.036018 0.032414 0.470987 0.447431 0.013150
3 3 0.015015 0.010551 0.284125 0.685052 0.005257
3 3 0.009743 0.004793 0.175024 0.807891 0.002548
3 3 0.013160 0.005362 0.179415 0.799697 0.002366
3 3 0.013882 0.005053 0.147600 0.830917 0.002548
3 3 0.017387 0.005114 0.121768 0.853366 0.002364
3 3 0.016463 0.005873 0.128506 0.845857 0.003301
3 3 0.014630 0.005843 0.121100 0.854539 0.003888
3 3 0.018840 0.008236 0.148832 0.818630 0.005462
3 3 0.012487 0.005080 0.128193 0.851010 0.003230
3 3 0.011025 0.003994 0.127545 0.855281 0.002155
3 3 0.015513 0.005280 0.131526 0.844960 0.002721
3 3 0.012562 0.004703 0.138187 0.842048 0.002500
3 3 0.012499 0.004672 0.139000 0.841490 0.002339
3 3 0.012122 0.004289 0.122374 0.858861 0.002355
3 3 0.009907 0.003399 0.114913 0.869962 0.001819
3 3 0.005725 0.001751 0.077897 0.913644 0.000983
3 3 0.009025 0.002664 0.085739 0.901130 0.001442
3 3 0.021593 0.005559 0.119230 0.851335 0.002284
3 2 0.109217 0.030297 0.258343 0.592135 0.010009
2 2 0.327529 0.093584 0.376734 0.180296 0.021856
0 2 0.399226 0.166752 0.299790 0.070302 0.063931
0 2 0.594023 0.129222 0.066575 0.013124 0.197057
0 2 0.738617 0.107271 0.084182 0.014977 0.054953
0 2 0.781285 0.098051 0.050447 0.012902 0.057315
0 2 0.890119 0.059656 0.021354 0.005080 0.023791
0 0 0.916760 0.050072 0.017180 0.002717 0.013271
0 0 0.934810 0.039885 0.012552 0.002290 0.010463
0 0 0.817632 0.098640 0.046076 0.006578 0.031074
0 0 0.721481 0.136928 0.078651 0.012985 0.049956
0 1 0.440016 0.244309 0.208580 0.018553 0.088542
0 1 0.383552 0.253882 0.183216 0.014434 0.164916
4 2 0.263326 0.263350 0.174974 0.008700 0.289650
4 2 0.127895 0.184101 0.122030 0.008454 0.557520
4 2 0.092481 0.147318 0.099342 0.008610 0.652248
4 2 0.100091 0.140870 0.078066 0.004673 0.676300
4 2 0.113289 0.192039 0.133376 0.007479 0.553816
4 2 0.069383 0.237582 0.260324 0.010856 0.421855
2 2 0.058708 0.212873 0.424146 0.021464 0.282809
2 2 0.084924 0.200680 0.526951 0.022958 0.164488
0 2 0.400996 0.217339 0.259978 0.014515 0.107171
0 1 0.660483 0.151453 0.129380 0.012074 0.046611
0 1 0.793693 0.111634 0.049256 0.005032 0.040385
0 1 0.617466 0.183873 0.138847 0.014620 0.045194
0 2 0.651038 0.175420 0.093232 0.006702 0.073609
0 1 0.720173 0.145633 0.063133 0.004123 0.066939
0 2 0.659624 0.146553 0.045999 0.002249 0.145575
0 2 0.497808 0.203289 0.077801 0.002741 0.218361
4 2 0.273393 0.197378 0.100747 0.007236 0.421247
4 2 0.091102 0.157636 0.314479 0.040034 0.396749
2 2 0.048460 0.129664 0.572953 0.067859 0.181065
2 2 0.062484 0.147502 0.671740 0.042639 0.075636
2 2 0.159429 0.260387 0.472662 0.014773 0.092749
2 2 0.247305 0.281758 0.344752 0.011977 0.114207
2 2 0.165819 0.252271 0.464894 0.016448 0.100567
2 2 0.056099 0.152910 0.698148 0.034245 0.058598
2 2 0.096282 0.224893 0.475952 0.023079 0.179795
0 2 0.327358 0.232447 0.324233 0.016729 0.099233
0 2 0.403326 0.258280 0.203261 0.009367 0.125766
0 1 0.481096 0.242554 0.140491 0.005767 0.130092
0 1 0.396172 0.274496 0.186325 0.006693 0.136314
0 2 0.459448 0.253007 0.139594 0.004269 0.143682
0 2 0.417365 0.272780 0.193499 0.006698 0.109658
0 2 0.439537 0.263714 0.184267 0.007101 0.105382
0 2 0.363284 0.286558 0.241339 0.009090 0.099730
1 2 0.228285 0.309135 0.295574 0.007688 0.159318
1 2 0.245189 0.315619 0.257776 0.005817 0.175599
1 2 0.277696 0.307103 0.241514 0.005382 0.168305
1 2 0.241115 0.308604 0.264382 0.006647 0.179252
0 2 0.341306 0.284525 0.160657 0.003464 0.210048
1 2 0.217404 0.322314 0.258766 0.005259 0.196256
1 2 0.190813 0.315731 0.254992 0.005474 0.232990
2 2 0.078265 0.244485 0.554934 0.012698 0.109618
2 2 0.031886 0.136444 0.751031 0.026558 0.054080
2 2 0.013793 0.064649 0.866238 0.040539 0.014780
2 2 0.004167 0.025640 0.940243 0.026654 0.003297
2 2 0.005990 0.035480 0.924209 0.029060 0.005261
2 2 0.006491 0.033128 0.920966 0.034680 0.004736
2 2 0.017774 0.074510 0.865207 0.027373 0.015136
2 2 0.048353 0.131449 0.752082 0.031352 0.036763
2 2 0.107784 0.163070 0.641648 0.042491 0.045008
2 2 0.043142 0.125301 0.767063 0.035878 0.028616
2 2 0.005962 0.026603 0.925218 0.038915 0.003303
2 2 0.010609 0.038816 0.896226 0.049045 0.005303
2 2 0.014185 0.051199 0.875014 0.051553 0.008049
2 2 0.006502 0.023787 0.898289 0.067564 0.003859
2 2 0.006741 0.022393 0.890703 0.076522 0.003640
2 2 0.004324 0.015195 0.893905 0.083977 0.002599
2 2 0.004266 0.015811 0.899980 0.077265 0.002678
2 2 0.003829 0.012953 0.887616 0.093404 0.002198
2 2 0.006114 0.018031 0.888537 0.084692 0.002625
2 2 0.006001 0.018053 0.880749 0.092135 0.003063
2 2 0.005863 0.015624 0.908227 0.068589 0.001697
2 2 0.008531 0.022547 0.896736 0.069566 0.002620
2 3 0.006374 0.014015 0.878392 0.099625 0.001593
2 3 0.015869 0.023132 0.831064 0.127526 0.002408
2 3 0.018581 0.017587 0.718737 0.242787 0.002309
2 3 0.017293 0.015899 0.688169 0.276313 0.002327
2 3 0.021437 0.016309 0.588513 0.370816 0.002925
2 3 0.015033 0.012854 0.522317 0.446645 0.003150
3 3 0.014828 0.011346 0.379906 0.589660 0.004260
3 3 0.017207 0.010586 0.286099 0.681383 0.004724
3 3 0.010678 0.004523 0.126552 0.855270 0.002978
3 3 0.009287 0.003833 0.124104 0.860355 0.002422
3 3 0.016105 0.006058 0.153694 0.821126 0.003017
3 3 0.025260 0.007648 0.144527 0.819151 0.003414
3 3 0.023601 0.007811 0.147671 0.817119 0.003798
3 3 0.030139 0.012026 0.164811 0.785975 0.007048
3 3 0.052971 0.019642 0.181700 0.734300 0.011387
3 3 0.033078 0.010912 0.128145 0.821666 0.006200
3 3 0.024548 0.009523 0.128348 0.831240 0.006341
3 3 0.023342 0.008693 0.140353 0.822517 0.005095
3 3 0.004906 0.002182 0.050994 0.939313 0.002606
3 3 0.004165 0.001530 0.045590 0.947205 0.001510
3 3 0.006259 0.002229 0.057177 0.932406 0.001929
3 3 0.009688 0.003500 0.065382 0.918414 0.003016
3 3 0.017687 0.005501 0.064547 0.907739 0.004526
3 3 0.029763 0.009506 0.092453 0.861042 0.007236
3 3 0.051738 0.012605 0.102328 0.826119 0.007210
0 3 0.380513 0.057683 0.191222 0.347319 0.023264
0 3 0.717030 0.100781 0.089899 0.040550 0.051739
0 2 0.745122 0.108945 0.077572 0.023607 0.044754
0 2 0.789052 0.095349 0.037677 0.010032 0.067890
0 2 0.591519 0.153304 0.112980 0.026381 0.115816
4 2 0.234831 0.178959 0.206742 0.061302 0.318167
4 2 0.112549 0.180398 0.298854 0.073566 0.334634
2 2 0.028225 0.079739 0.713284 0.132288 0.046463
2 2 0.044304 0.113614 0.693583 0.089140 0.059359
2 2 0.015301 0.055506 0.747055 0.154724 0.027414
2 2 0.015015 0.067241 0.780194 0.107130 0.030420
2 2 0.008487 0.059802 0.855947 0.054002 0.021762
2 2 0.009089 0.052472 0.883943 0.042994 0.011502
2 2 0.007600 0.044136 0.911010 0.030190 0.007064
2 2 0.012397 0.044895 0.882195 0.053164 0.007349
2 2 0.030985 0.077129 0.811860 0.065001 0.015026
2 2 0.012425 0.033598 0.854426 0.093472 0.006078
2 2 0.009825 0.042337 0.847950 0.086689 0.013198
2 2 0.003719 0.023140 0.905724 0.061470 0.005946
2 2 0.003675 0.021255 0.883660 0.084750 0.006660
2 2 0.004287 0.028017 0.891066 0.067603 0.009026
2 2 0.004934 0.023839 0.864694 0.099244 0.007289
2 3 0.004151 0.020811 0.886282 0.083131 0.005625
2 3 0.015047 0.037991 0.788715 0.147766 0.010482
2 3 0.023409 0.040218 0.751916 0.175560 0.008896
2 3 0.021830 0.026909 0.651952 0.292915 0.006395
2 3 0.018512 0.023771 0.584593 0.365268 0.007855
2 3 0.013018 0.019345 0.628468 0.333039 0.006130
2 3 0.016056 0.020618 0.588961 0.367685 0.006679
2 3 0.018463 0.022916 0.572739 0.378106 0.007775
2 3 0.026832 0.028011 0.518332 0.416706 0.010119
3 3 0.011589 0.011555 0.357175 0.613401 0.006280
3 3 0.013006 0.012692 0.330782 0.636071 0.007449
3 3 0.012113 0.010236 0.303295 0.668790 0.005567
3 3 0.012496 0.011987 0.361270 0.608624 0.005624
3 3 0.011653 0.010424 0.346911 0.626464 0.004548
3 3 0.013154 0.013775 0.383707 0.582734 0.006631
3 3 0.017883 0.015062 0.343750 0.615878 0.007427
3 3 0.024755 0.016177 0.269420 0.680659 0.008988
3 3 0.024687 0.010594 0.155215 0.802577 0.006925
3 3 0.050803 0.013330 0.181871 0.749091 0.004905
3 3 0.160428 0.032852 0.253087 0.544982 0.008652
3 3 0.334042 0.055656 0.217445 0.379419 0.013438
0 2 0.368823 0.061013 0.214430 0.342939 0.012796
2 2 0.304149 0.107817 0.373744 0.189746 0.024544
2 2 0.144787 0.080806 0.569347 0.188799 0.016261
2 2 0.027272 0.025141 0.595852 0.346034 0.005701
2 2 0.022127 0.029266 0.634550 0.305123 0.008933
2 2 0.014434 0.025257 0.675665 0.276119 0.008525
2 2 0.005779 0.009546 0.697521 0.285026 0.002130
2 2 0.005344 0.009210 0.694126 0.289136 0.002183
2 2 0.008613 0.010837 0.639942 0.338169 0.002440
2 2 0.012808 0.020461 0.638315 0.321423 0.006993
2 2 0.010503 0.038842 0.782888 0.149631 0.018136
2 2 0.011422 0.032890 0.774259 0.168245 0.013184
2 2 0.006132 0.016722 0.832983 0.139994 0.004169
2 2 0.007117 0.010664 0.788839 0.191745 0.001636
2 2 0.010988 0.017999 0.819027 0.149336 0.002650
2 2 0.016283 0.020465 0.760764 0.199132 0.003356
2 2 0.036184 0.053883 0.755078 0.144821 0.010034
2 2 0.029948 0.038534 0.746183 0.178511 0.006824
2 2 0.014414 0.020820 0.826799 0.135572 0.002395
2 2 0.017937 0.028347 0.808548 0.140748 0.004420
2 2 0.012303 0.019293 0.847079 0.119331 0.001994
2 2 0.020288 0.043518 0.850020 0.079340 0.006834
2 2 0.027845 0.087081 0.835207 0.029407 0.020460
2 2 0.027064 0.193799 0.640535 0.011754 0.126848
2 2 0.041768 0.224482 0.597609 0.007558 0.128584
2 2 0.037895 0.218148 0.610691 0.006610 0.126655
2 2 0.094172 0.283838 0.487344 0.005558 0.129088
2 2 0.071734 0.292165 0.439373 0.005682 0.191046
4 2 0.078128 0.246415 0.212051 0.004229 0.459177
4 4 0.040166 0.104381 0.084290 0.008128 0.763035
4 4 0.048299 0.057844 0.029622 0.005870 0.858366
4 4 0.043504 0.051629 0.025234 0.004828 0.874805
4 4 0.052234 0.056265 0.025320 0.003952 0.862229
4 4 0.068686 0.079939 0.039471 0.004912 0.806992
4 4 0.055067 0.102763 0.056646 0.002670 0.782854
4 2 0.034061 0.233051 0.326295 0.006732 0.399861
2 2 0.019686 0.198377 0.619111 0.011457 0.151370
2 2 0.013763 0.164609 0.701962 0.013497 0.106169
2 2 0.012038 0.150555 0.714713 0.016235 0.106459
2 2 0.015920 0.169737 0.553625 0.020846 0.239873
4 4 0.101120 0.078687 0.027468 0.002186 0.790539
4 4 0.101465 0.128632 0.056903 0.002015 0.710985
4 4 0.086243 0.228458 0.173805 0.003811 0.507683
4 4 0.142085 0.274944 0.160189 0.001739 0.421042
2 4 0.072464 0.319386 0.373229 0.004380 0.230541
2 2 0.025652 0.199287 0.673611 0.010961 0.090488
2 2 0.014336 0.136508 0.782764 0.013262 0.053130
2 2 0.008584 0.078469 0.822729 0.045757 0.044461
2 2 0.005843 0.063433 0.885238 0.025691 0.019794
2 2 0.007243 0.090351 0.848528 0.022278 0.031601
2 2 0.003134 0.042452 0.922110 0.020862 0.011442
2 2 0.002139 0.031848 0.937085 0.020616 0.008312
2 2 0.002639 0.040350 0.920414 0.023751 0.012846
2 2 0.002069 0.024001 0.940102 0.027676 0.006152
2 2 0.007349 0.055494 0.881579 0.037035 0.018543
2 2 0.010552 0.054736 0.877608 0.043236 0.013868
2 2 0.007395 0.044323 0.886302 0.049532 0.012449
2 2 0.005796 0.058561 0.875576 0.037266 0.022800
2 2 0.004312 0.056882 0.886962 0.029012 0.022832
2 2 0.003716 0.055165 0.893514 0.025705 0.021900
2 2 0.001948 0.029167 0.929777 0.029308 0.009800
2 2 0.003641 0.057284 0.876630 0.034418 0.028027
2 2 0.003272 0.038956 0.908239 0.035337 0.014196
2 2 0.003082 0.036577 0.906695 0.039413 0.014233
2 2 0.003078 0.025325 0.913635 0.049918 0.008044
2 2 0.001842 0.013657 0.909863 0.070398 0.004240
2 2 0.002016 0.013497 0.925440 0.056032 0.003014
2 2 0.005278 0.032024 0.876867 0.074528 0.011303
2 2 0.004381 0.027007 0.897176 0.063537 0.007898
2 2 0.014176 0.048154 0.848670 0.075038 0.013962
2 2 0.003527 0.024595 0.900622 0.063656 0.007600
2 2 0.006356 0.030024 0.852122 0.101543 0.009954
2 2 0.009563 0.033880 0.771371 0.170101 0.015086
2 2 0.020010 0.055435 0.717779 0.180184 0.026592
2 2 0.023309 0.048123 0.683560 0.221345 0.023663
2 2 0.010786 0.031612 0.810495 0.136984 0.010123
2 2 0.010219 0.027070 0.799335 0.154987 0.008389
2 2 0.006000 0.014312 0.734428 0.240728 0.004532
2 2 0.003484 0.007578 0.655911 0.330372 0.002655
2 2 0.005751 0.012055 0.625377 0.351686 0.005132
3 2 0.005427 0.008545 0.481314 0.500632 0.004081
2 2 0.007736 0.011282 0.533319 0.443227 0.004436
2 3 0.012112 0.016062 0.553647 0.412280 0.005899
2 3 0.016768 0.019462 0.539201 0.417706 0.006864
3 3 0.035659 0.028685 0.426819 0.497288 0.011550
3 3 0.030302 0.018680 0.299135 0.642478 0.009404
3 3 0.024786 0.010332 0.171823 0.787045 0.006014
3 3 0.012197 0.005296 0.104719 0.873546 0.004242
3 3 0.011906 0.004189 0.084702 0.896211 0.002993
3 3 0.008680 0.003036 0.071668 0.914311 0.002307
3 3 0.012038 0.004169 0.082506 0.898305 0.002982
3 3 0.013119 0.004757 0.072524 0.905580 0.004020
3 3 0.014040 0.005418 0.072942 0.902612 0.004988
3 3 0.014802 0.006838 0.105318 0.866956 0.006086
3 3 0.015459 0.007545 0.145268 0.826229 0.005498
3 3 0.023338 0.007740 0.171254 0.794548 0.003120
3 3 0.026608 0.006993 0.113223 0.850007 0.003169
3 3 0.035298 0.010748 0.133400 0.815150 0.005404
3 3 0.033643 0.009723 0.098679 0.852250 0.005705
3 3 0.053138 0.016839 0.105281 0.813486 0.011256
3 3 0.183764 0.030999 0.174062 0.601962 0.009214
3 3 0.269499 0.030493 0.166516 0.528017 0.005474
0 3 0.541741 0.059579 0.147819 0.236548 0.014313
2 2 0.292991 0.107383 0.400064 0.173617 0.025945
2 2 0.030301 0.067666 0.733600 0.148319 0.020114
2 2 0.011013 0.051171 0.842245 0.079080 0.016491
2 2 0.005108 0.042158 0.857173 0.073701 0.021860
2 2 0.006292 0.040111 0.854066 0.082739 0.016792
2 2 0.003528 0.024300 0.848475 0.111120 0.012577
2 2 0.006480 0.042260 0.794449 0.125797 0.031013
2 2 0.009156 0.031156 0.666454 0.270034 0.023200
2 2 0.008406 0.020390 0.629364 0.330172 0.011668
2 3 0.015559 0.021272 0.572580 0.382281 0.008308
2 3 0.016921 0.023593 0.595622 0.355254 0.008610
2 3 0.023582 0.024619 0.516838 0.426298 0.008663
3 3 0.015979 0.014493 0.427609 0.536195 0.005725
3 3 0.020901 0.013846 0.422337 0.538796 0.004120
3 3 0.030695 0.018540 0.450573 0.495014 0.005178
3 3 0.040059 0.019645 0.428440 0.507286 0.004571
3 3 0.034498 0.021122 0.377570 0.559549 0.007260
3 3 0.014520 0.014424 0.406470 0.557659 0.006927
2 3 0.005751 0.010323 0.536608 0.442295 0.005023
2 3 0.010667 0.016556 0.674502 0.293896 0.004379
2 3 0.008854 0.015307 0.648033 0.322492 0.005315
2 3 0.010646 0.022314 0.739485 0.220647 0.006907
2 3 0.013167 0.024796 0.692405 0.261209 0.008422
2 3 0.010094 0.017049 0.588061 0.377793 0.007003
2 3 0.009349 0.020172 0.562813 0.395685 0.011982
2 3 0.008503 0.021619 0.577262 0.378309 0.014306
3 3 0.011311 0.014579 0.303003 0.657814 0.013293
3 3 0.020488 0.010768 0.212467 0.750239 0.006038
3 3 0.011348 0.005639 0.124198 0.854268 0.004546
3 3 0.005751 0.002688 0.081764 0.907298 0.002500
3 3 0.008174 0.003985 0.090698 0.893294 0.003848
3 3 0.014966 0.006906 0.101891 0.869933 0.006304
3 3 0.022872 0.009983 0.106657 0.851717 0.008772
3 3 0.010089 0.003506 0.059934 0.923386 0.003084
3 3 0.010810 0.003998 0.049111 0.931644 0.004437
3 3 0.005941 0.001747 0.034755 0.955886 0.001672
3 3 0.025420 0.006298 0.065848 0.898516 0.003917
3 3 0.090474 0.020368 0.134294 0.747025 0.007839
3 3 0.142554 0.029191 0.161719 0.656939 0.009598
3 3 0.208821 0.042945 0.217914 0.517481 0.012838
3 3 0.105027 0.034597 0.305009 0.546145 0.009222
2 3 0.038818 0.022653 0.523502 0.410918 0.004109
2 3 0.038116 0.026179 0.654792 0.277625 0.003288
2 3 0.031838 0.026143 0.705878 0.233054 0.003088
2 3 0.027456 0.027746 0.746964 0.194416 0.003418
2 3 0.028087 0.053880 0.808255 0.101694 0.008084
2 3 0.014021 0.036975 0.872389 0.071602 0.005012
2 3 0.010942 0.036804 0.869733 0.075117 0.007405
2 2 0.004447 0.022356 0.932442 0.037489 0.003265
2 2 0.007845 0.035417 0.903284 0.046882 0.006572
2 2 0.008261 0.035629 0.904490 0.045534 0.006086
2 2 0.014286 0.055277 0.871182 0.049556 0.009698
2 2 0.012889 0.039858 0.876176 0.064565 0.006512
2 2 0.010238 0.036577 0.863168 0.081472 0.008545
2 2 0.006527 0.016358 0.807264 0.166041 0.003810
2 2 0.009149 0.014252 0.629329 0.342860 0.004410
2 3 0.010025 0.016869 0.617088 0.349584 0.006434
2 3 0.020386 0.031046 0.711871 0.229149 0.007546
2 3 0.016540 0.016645 0.529819 0.432005 0.004992
3 3 0.016706 0.013957 0.413734 0.550224 0.005380
3 3 0.013601 0.011489 0.370119 0.599844 0.004946
3 3 0.011666 0.008449 0.330567 0.645995 0.003323
3 3 0.014818 0.007968 0.277663 0.696510 0.003040
3 3 0.033109 0.016944 0.324761 0.618845 0.006342
3 3 0.038178 0.014150 0.298533 0.645271 0.003868
3 3 0.121350 0.037140 0.383761 0.450529 0.007220
3 3 0.191444 0.059021 0.351394 0.385575 0.012566
2 2 0.243409 0.127952 0.419036 0.172406 0.037198
2 2 0.212371 0.147952 0.478331 0.121512 0.039834
2 2 0.034069 0.072394 0.744363 0.127037 0.022137
2 2 0.039916 0.084936 0.763695 0.083428 0.028025
2 2 0.018002 0.045152 0.841846 0.086659 0.008341
2 2 0.028992 0.039694 0.707188 0.214934 0.009193
2 3 0.027881 0.041666 0.694406 0.225547 0.010500
2 3 0.010591 0.027602 0.753822 0.199089 0.008896
2 3 0.007194 0.046131 0.847107 0.080116 0.019453
2 3 0.004023 0.038162 0.856839 0.078178 0.022797
2 3 0.005048 0.029666 0.724035 0.214015 0.027237
2 3 0.004116 0.018518 0.560745 0.391517 0.025104
3 3 0.006386 0.015911 0.380159 0.575083 0.022461
2 3 0.006245 0.019477 0.484694 0.466309 0.023276
2 3 0.016768 0.029785 0.541691 0.394269 0.017488
2 3 0.021321 0.039197 0.646606 0.273917 0.018960
2 3 0.032858 0.050126 0.712810 0.190714 0.013492
2 3 0.022594 0.031925 0.587069 0.345274 0.013138
2 3 0.009603 0.020473 0.623614 0.336572 0.009738
3 3 0.006915 0.018542 0.458961 0.495333 0.020249
3 3 0.019919 0.028459 0.419810 0.510219 0.021593
2 3 0.027081 0.043591 0.492410 0.407768 0.029151
2 3 0.024273 0.038570 0.574057 0.344582 0.018518
3 3 0.018826 0.022394 0.446924 0.500019 0.011836
3 3 0.014485 0.012243 0.333545 0.633583 0.006142
3 3 0.008889 0.007416 0.268040 0.711284 0.004371
3 3 0.006973 0.004241 0.203601 0.783125 0.002059
3 3 0.019144 0.006026 0.124500 0.847297 0.003033
3 3 0.218424 0.040555 0.229095 0.497816 0.014111
0 2 0.658069 0.077694 0.125837 0.112828 0.025572
0 2 0.777396 0.102072 0.053255 0.018295 0.048982
0 1 0.562273 0.189869 0.141785 0.017235 0.088839
0 2 0.384791 0.241105 0.231200 0.017729 0.125174
2 2 0.101490 0.131988 0.670694 0.053995 0.041833
2 2 0.023208 0.051137 0.817939 0.097968 0.009746
2 2 0.018868 0.038431 0.834962 0.101679 0.006059
2 2 0.010926 0.032399 0.829925 0.118612 0.008138
2 2 0.014699 0.074011 0.784907 0.079837 0.046546
2 2 0.022567 0.152100 0.572900 0.036481 0.215952
4 2 0.023483 0.150001 0.284546 0.022559 0.519411
4 2 0.032326 0.119642 0.126454 0.012617 0.708961
4 2 0.037238 0.123236 0.116099 0.009284 0.714144
4 2 0.043414 0.127437 0.108934 0.007553 0.712663
4 2 0.042960 0.074532 0.045270 0.005533 0.831704
4 4 0.035775 0.041488 0.018457 0.003262 0.901019
4 4 0.033194 0.040433 0.018870 0.003707 0.903796
4 4 0.050433 0.048804 0.018598 0.002247 0.879918
4 4 0.104913 0.089666 0.035178 0.003060 0.767184
4 4 0.080752 0.150616 0.090603 0.003585 0.674445
4 4 0.051897 0.175785 0.158761 0.006025 0.607533
4 4 0.052112 0.062995 0.033522 0.006860 0.844511
4 4 0.067367 0.072174 0.035035 0.005589 0.819836
4 4 0.073947 0.069720 0.028955 0.003463 0.823915
4 4 0.069260 0.134389 0.083248 0.003977 0.709126
4 4 0.021029 0.176454 0.286456 0.011023 0.505038
2 4 0.012940 0.184855 0.453246 0.016309 0.332650
2 4 0.011239 0.157892 0.522258 0.024474 0.284137
2 2 0.009935 0.144572 0.607733 0.026387 0.211373
2 2 0.013815 0.169720 0.540798 0.020413 0.255254
2 2 0.018941 0.201516 0.385761 0.010879 0.382903
4 2 0.027930 0.196964 0.270529 0.007068 0.497509
4 2 0.032128 0.189213 0.233963 0.006922 0.537774
4 2 0.031461 0.192468 0.260766 0.009445 0.505860
4 2 0.026651 0.189181 0.290455 0.011857 0.481856
4 2 0.020849 0.197331 0.371993 0.013798 0.396028
2 2 0.019422 0.186979 0.481105 0.021099 0.291395
2 2 0.019153 0.180570 0.580444 0.018222 0.201611
2 2 0.031946 0.187250 0.484265 0.022466 0.274072
4 2 0.058610 0.179311 0.165531 0.008330 0.588218
4 2 0.058215 0.147495 0.112121 0.005635 0.676534
4 2 0.079042 0.153329 0.093302 0.003439 0.670888
4 2 0.082944 0.169782 0.094651 0.001879 0.650743
4 2 0.029907 0.205632 0.284379 0.007390 0.472692
4 2 0.025010 0.196459 0.298618 0.008634 0.471278
2 2 0.020080 0.203666 0.386304 0.011514 0.378436
2 2 0.014571 0.194914 0.471531 0.016241 0.302743
2 2 0.014599 0.197433 0.486513 0.016357 0.285098
2 2 0.007222 0.146437 0.639239 0.025047 0.182055
2 2 0.011333 0.185968 0.501825 0.016243 0.284631
2 2 0.015175 0.196653 0.501380 0.014894 0.271898
2 2 0.005784 0.073896 0.833463 0.042389 0.044469
2 2 0.009643 0.108164 0.788070 0.025213 0.068910
2 2 0.012237 0.125453 0.762589 0.023350 0.076371
2 2 0.018127 0.153411 0.737420 0.013248 0.077793
2 2 0.032809 0.241400 0.580221 0.005420 0.140151
2 2 0.029993 0.218118 0.675762 0.005200 0.070927
2 2 0.029331 0.212507 0.685869 0.005897 0.066395
2 2 0.010150 0.101364 0.850866 0.012094 0.025527
2 2 0.005586 0.068289 0.876243 0.025404 0.024478
2 2 0.004402 0.060095 0.886985 0.026503 0.022016
2 2 0.005231 0.066947 0.870497 0.030222 0.027104
2 2 0.003886 0.054184 0.911361 0.016907 0.013662
2 2 0.005886 0.087235 0.874387 0.011487 0.021004
2 2 0.004611 0.069015 0.892426 0.015465 0.018483
2 2 0.003635 0.048690 0.912743 0.021175 0.013757
2 2 0.004709 0.044663 0.905503 0.032153 0.012972
2 2 0.004991 0.052855 0.889618 0.033648 0.018887
2 2 0.010577 0.090144 0.840199 0.023135 0.035943
2 2 0.009562 0.088320 0.842328 0.025898 0.033892
2 2 0.009734 0.063816 0.873383 0.036553 0.016514
2 2 0.010627 0.077804 0.845661 0.039406 0.026502
2 2 0.012969 0.053951 0.855247 0.063796 0.014036
2 2 0.008967 0.057523 0.860074 0.053849 0.019587
2 2 0.005770 0.035478 0.904688 0.045492 0.008572
2 2 0.003951 0.039895 0.902264 0.039543 0.014346
2 2 0.004090 0.045788 0.877755 0.050028 0.022339
2 2 0.004014 0.051563 0.870996 0.046399 0.027028
2 2 0.002759 0.033260 0.912872 0.038610 0.012499
2 2 0.004302 0.047475 0.895264 0.035419 0.017540
2 2 0.004256 0.040754 0.908365 0.034385 0.012240
2 2 0.151309 0.116657 0.602257 0.099990 0.029788
2 2 0.045164 0.074403 0.756348 0.105945 0.018140
2 2 0.017238 0.072642 0.831563 0.057896 0.020660
2 2 0.050108 0.131920 0.702091 0.047282 0.068600
2 2 0.013932 0.077310 0.839281 0.042588 0.026889
2 2 0.012142 0.101170 0.815746 0.032553 0.038390
2 2 0.008372 0.083676 0.836215 0.035857 0.035881
2 2 0.003212 0.040111 0.911550 0.031297 0.013830
2 2 0.003493 0.035500 0.921444 0.029704 0.009859
2 2 0.004872 0.039210 0.917618 0.029556 0.008745
2 2 0.005351 0.039632 0.909252 0.035931 0.009835
2 2 0.004632 0.030331 0.909199 0.048057 0.007781
2 2 0.007018 0.041654 0.897771 0.043240 0.010317
2 2 0.004480 0.026182 0.912181 0.050909 0.006249
2 2 0.008974 0.035378 0.852450 0.093049 0.010149
2 2 0.007557 0.027333 0.829062 0.127269 0.008779
2 2 0.009044 0.030854 0.785016 0.163580 0.011507
2 2 0.013153 0.027939 0.675697 0.271732 0.011480
2 2 0.013142 0.028552 0.715693 0.232406 0.010206
2 2 0.053753 0.054243 0.664948 0.210623 0.016432
2 3 0.053854 0.051587 0.612222 0.265425 0.016912
2 3 0.045007 0.049754 0.699163 0.196607 0.009469
2 3 0.023205 0.034729 0.770098 0.165709 0.006259
2 3 0.014447 0.025074 0.799323 0.156650 0.004507
2 3 0.010547 0.023080 0.828932 0.133071 0.004371
2 3 0.013953 0.030816 0.760066 0.185745 0.009419
2 3 0.015389 0.031744 0.727455 0.214493 0.010920
2 3 0.017606 0.028757 0.687447 0.257004 0.009186
3 3 0.009616 0.011761 0.462448 0.510666 0.005509
3 3 0.011493 0.013456 0.457147 0.511526 0.006378
3 3 0.016370 0.007995 0.129072 0.839906 0.006656
3 3 0.014154 0.006073 0.106803 0.868133 0.004837
3 3 0.015240 0.007040 0.119233 0.852750 0.005737
3 3 0.015990 0.008189 0.116113 0.851896 0.007812
3 3 0.021548 0.013192 0.138059 0.812440 0.014761
3 3 0.053542 0.034370 0.173233 0.684184 0.054671
3 3 0.053360 0.025157 0.139764 0.750003 0.031716
3 3 0.034031 0.017417 0.136130 0.792963 0.019460
3 3 0.047702 0.017477 0.137083 0.782550 0.015188
3 3 0.036105 0.013763 0.124188 0.813949 0.011994
3 3 0.023385 0.008745 0.108031 0.852823 0.007016
3 3 0.013098 0.004341 0.064396 0.914599 0.003566
3 3 0.013769 0.004257 0.055147 0.923203 0.003625
3 3 0.036909 0.011437 0.079339 0.862795 0.009520
3 3 0.055240 0.016504 0.120894 0.796058 0.011305
3 3 0.149220 0.041560 0.177393 0.608959 0.022868
3 3 0.352003 0.067318 0.184143 0.373429 0.023108
0 3 0.517350 0.083371 0.141979 0.229596 0.027705
0 2 0.617727 0.085144 0.127462 0.139309 0.030358
2 2 0.300217 0.096523 0.303239 0.249441 0.050580
2 2 0.105508 0.091452 0.484542 0.251060 0.067439
2 2 0.012831 0.027412 0.744604 0.206765 0.008388
2 2 0.017408 0.036823 0.679282 0.251327 0.015160
2 2 0.021890 0.078284 0.786254 0.084862 0.028710
2 2 0.018048 0.143908 0.736392 0.028039 0.073612
2 2 0.009960 0.117548 0.784977 0.027608 0.059907
2 2 0.008826 0.114479 0.752714 0.032601 0.091380
2 2 0.006104 0.073431 0.821304 0.051932 0.047230
2 2 0.005640 0.064893 0.823465 0.062081 0.043921
2 2 0.004582 0.049321 0.871678 0.050289 0.024130
2 2 0.003707 0.039756 0.882361 0.054787 0.019389
2 2 0.005611 0.040372 0.821870 0.105605 0.026543
2 2 0.006143 0.035785 0.772616 0.157949 0.027506
2 2 0.004729 0.017651 0.707029 0.259774 0.010817
2 2 0.002844 0.015228 0.816582 0.158039 0.007306
2 2 0.002874 0.021913 0.846331 0.116046 0.012835
2 2 0.002342 0.018424 0.848660 0.119560 0.011015
2 2 0.002013 0.018164 0.859009 0.109572 0.011243
2 2 0.007382 0.032186 0.756789 0.183231 0.020411
2 2 0.009641 0.027155 0.684981 0.263332 0.014891
2 2 0.015518 0.027893 0.647135 0.298249 0.011205
2 2 0.020931 0.026845 0.678301 0.267889 0.006035
2 2 0.089541 0.052883 0.661880 0.186322 0.009374
2 1 0.144051 0.072990 0.618328 0.152581 0.012049
0 1 0.487896 0.129856 0.285324 0.063828 0.033096
0 1 0.481679 0.195157 0.223350 0.025574 0.074241
0 2 0.353424 0.221213 0.302536 0.023953 0.098874
2 2 0.231467 0.229365 0.344116 0.028852 0.166200
2 2 0.137313 0.229393 0.477497 0.025607 0.130191
2 2 0.034171 0.128995 0.749942 0.035534 0.051358
2 2 0.033009 0.156669 0.719129 0.024845 0.066348
2 2 0.011451 0.091212 0.834136 0.029668 0.033534
2 2 0.008676 0.055048 0.895814 0.029564 0.010898
2 2 0.010228 0.042907 0.891666 0.047371 0.007829
2 2 0.012510 0.036682 0.872888 0.071489 0.006432
2 2 0.013263 0.037262 0.867465 0.075385 0.006624
2 2 0.006534 0.029595 0.889195 0.067611 0.007065
2 2 0.003398 0.036444 0.915882 0.032831 0.011445
2 2 0.002261 0.027969 0.922666 0.037231 0.009873
2 2 0.001771 0.022501 0.940337 0.029128 0.006263
2 2 0.002971 0.039685 0.886115 0.050313 0.020915
2 2 0.002461 0.030249 0.912105 0.042986 0.012199
2 2 0.003289 0.029513 0.896951 0.058034 0.012213
2 2 0.005188 0.029921 0.883409 0.070883 0.010600
2 2 0.012524 0.029479 0.832380 0.119575 0.006042
2 2 0.034013 0.054045 0.811492 0.090947 0.009503
2 2 0.147564 0.101219 0.635261 0.093364 0.022592
0 2 0.448853 0.159073 0.285637 0.033957 0.072480
0 2 0.658960 0.143336 0.090067 0.015037 0.092600
0 0 0.715971 0.131992 0.057433 0.008203 0.086401
0 1 0.613457 0.175195 0.082349 0.007136 0.121863
2 2 0.233248 0.243742 0.411281 0.030373 0.081355
2 2 0.032143 0.063802 0.800142 0.093730 0.010183
2 2 0.024022 0.045269 0.828786 0.096249 0.005675
2 2 0.015618 0.031020 0.862433 0.087781 0.003148
2 2 0.008055 0.024807 0.911495 0.053230 0.002413
2 2 0.009661 0.029776 0.904948 0.052680 0.002934
2 2 0.021825 0.059774 0.868041 0.041788 0.008571
2 2 0.034335 0.072476 0.832992 0.050320 0.009876
2 2 0.026493 0.070542 0.838666 0.054290 0.010009
2 2 0.021304 0.065056 0.852384 0.052527 0.008728
2 2 0.009380 0.030577 0.906030 0.050793 0.003220
2 2 0.012114 0.039550 0.894555 0.049381 0.004399
2 2 0.090544 0.064658 0.765477 0.072679 0.006642
0 0 0.458936 0.143421 0.330172 0.042846 0.024625
0 0 0.789976 0.110584 0.059586 0.009171 0.030683
0 0 0.898839 0.055279 0.014281 0.001720 0.029882
0 1 0.816608 0.080281 0.019392 0.001846 0.081873
0 1 0.752122 0.089611 0.015840 0.000562 0.141865
0 1 0.735701 0.111538 0.027689 0.001363 0.123708
0 0 0.580281 0.199995 0.161603 0.013948 0.044172
0 0 0.626586 0.188927 0.125013 0.008593 0.050881
0 1 0.823445 0.097639 0.039873 0.004145 0.034899
0 1 0.899531 0.055683 0.017992 0.003558 0.023237
0 0 0.931669 0.036779 0.009712 0.002982 0.018858
0 0 0.878976 0.059770 0.020784 0.007275 0.033195
0 0 0.820125 0.086140 0.034328 0.009190 0.050217
0 1 0.640422 0.177336 0.108221 0.010175 0.063847
0 1 0.514547 0.230229 0.140878 0.007393 0.106953
2 1 0.124006 0.322422 0.428832 0.009231 0.115510
2 2 0.052628 0.308613 0.509516 0.005833 0.123410
2 2 0.018326 0.232944 0.595083 0.009337 0.144311
2 2 0.007824 0.140758 0.687170 0.022271 0.141977
4 2 0.014989 0.178113 0.367952 0.013630 0.425316
4 2 0.024153 0.081630 0.073623 0.008054 0.812540
4 2 0.030873 0.065670 0.047789 0.008627 0.847042
4 2 0.034848 0.048739 0.028210 0.007713 0.880489
4 4 0.068073 0.057973 0.020207 0.001882 0.851864
4 4 0.070995 0.076723 0.038404 0.006299 0.807579
4 4 0.154297 0.114647 0.043795 0.003337 0.683924
4 4 0.189214 0.103153 0.026974 0.001022 0.679636
4 4 0.202124 0.084266 0.016972 0.000491 0.696146
4 4 0.060580 0.049050 0.015315 0.001247 0.873808
4 4 0.063980 0.035801 0.006700 0.000231 0.893288
4 4 0.099339 0.022545 0.002887 0.000164 0.875065
4 4 0.190624 0.024506 0.002003 0.000053 0.782813
4 4 0.149102 0.037721 0.004250 0.000083 0.808845
4 4 0.161087 0.077998 0.016107 0.000450 0.744357
4 4 0.138224 0.091438 0.028153 0.001601 0.740584
4 4 0.031117 0.202685 0.272895 0.007553 0.485751
4 4 0.113254 0.062005 0.015466 0.000857 0.808418
4 4 0.148133 0.061230 0.012848 0.000608 0.777180
4 4 0.139765 0.059542 0.011421 0.000396 0.788875
4 4 0.263788 0.091489 0.017272 0.000463 0.626988
4 4 0.135480 0.053337 0.008598 0.000209 0.802376
4 4 0.082488 0.042765 0.007767 0.000232 0.866748
4 4 0.045047 0.031163 0.007095 0.000385 0.916310
4 4 0.051579 0.036172 0.008747 0.000499 0.903003
4 4 0.057320 0.053661 0.020298 0.002307 0.866414
4 4 0.062439 0.130107 0.079875 0.003269 0.724310
4 4 0.046629 0.130047 0.093308 0.003582 0.726434
4 4 0.039784 0.183770 0.188930 0.005276 0.582239
4 4 0.033728 0.170550 0.189899 0.006545 0.599279
4 4 0.035697 0.138728 0.132127 0.006408 0.687040
4 4 0.034702 0.129440 0.118625 0.006024 0.711208
4 4 0.058474 0.109454 0.063816 0.003441 0.764815
4 4 0.066812 0.120409 0.067563 0.003012 0.742203
4 4 0.071835 0.108617 0.053831 0.002519 0.763198
4 4 0.041133 0.114636 0.090314 0.005939 0.747978
4 4 0.038958 0.125802 0.109837 0.006739 0.718664
4 4 0.027250 0.128884 0.148257 0.010376 0.685232
4 4 0.026794 0.125573 0.143208 0.010285 0.694140
4 4 0.043170 0.097355 0.066231 0.004953 0.788291
4 4 0.050242 0.097571 0.068792 0.008368 0.775027
4 4 0.067323 0.068049 0.029795 0.003862 0.830971
4 4 0.069775 0.062620 0.023740 0.002509 0.841357
4 4 0.043300 0.044298 0.017444 0.002354 0.892604
4 4 0.053311 0.050285 0.018792 0.002153 0.875459
4 4 0.064816 0.049886 0.015205 0.001215 0.868878
4 4 0.028077 0.025643 0.007541 0.000740 0.937999
4 4 0.070685 0.059729 0.020839 0.001915 0.846832
4 4 0.084827 0.056943 0.016474 0.001201 0.840555
4 4 0.093126 0.062739 0.021255 0.002365 0.820515
4 4 0.093324 0.060189 0.017992 0.001470 0.827025
4 4 0.079386 0.054327 0.014514 0.000826 0.850947
4 4 0.075739 0.057263 0.017396 0.001243 0.848359
4 4 0.062953 0.054469 0.018944 0.001812 0.861821
4 4 0.066816 0.050343 0.014618 0.001019 0.867204
4 4 0.109963 0.076041 0.023005 0.001404 0.789587
4 4 0.099658 0.081878 0.030795 0.002779 0.784890
4 4 0.078819 0.165032 0.106984 0.003793 0.645373
2 4 0.016239 0.212953 0.480382 0.011025 0.279401
2 2 0.004923 0.125880 0.741959 0.023617 0.103622
2 2 0.004098 0.102969 0.786669 0.024808 0.081456
2 2 0.003125 0.081956 0.834967 0.026667 0.053285
2 2 0.004511 0.114138 0.757888 0.024907 0.098556
2 2 0.003480 0.098542 0.790244 0.028821 0.078914
2 2 0.003681 0.101689 0.770225 0.029238 0.095167
2 2 0.003091 0.083605 0.818486 0.031074 0.063743
2 2 0.003393 0.093693 0.804058 0.028259 0.070597
2 2 0.004523 0.117637 0.733227 0.028501 0.116113
2 2 0.005703 0.127417 0.713240 0.024951 0.128689
2 2 0.003814 0.093953 0.772628 0.037285 0.092320
2 2 0.003927 0.086735 0.817221 0.030933 0.061185
2 2 0.001735 0.033069 0.907053 0.040573 0.017570
2 2 0.002460 0.031854 0.907568 0.044279 0.013840
2 2 0.002352 0.029717 0.919235 0.037749 0.010947
2 2 0.004057 0.052562 0.890139 0.032402 0.020840
2 2 0.004662 0.067309 0.854565 0.037850 0.035614
2 2 0.004826 0.069473 0.852773 0.036713 0.036215
2 2 0.003306 0.048142 0.919201 0.015714 0.013637
2 2 0.002490 0.038170 0.933396 0.016518 0.009427
2 2 0.003074 0.047945 0.918867 0.017100 0.013015
2 2 0.005891 0.076740 0.875199 0.013787 0.028382
2 2 0.002018 0.034254 0.934458 0.019660 0.009609
2 2 0.002519 0.037147 0.935013 0.016740 0.008581
2 2 0.002920 0.045074 0.905712 0.028858 0.017436
2 2 0.004401 0.060007 0.884436 0.028133 0.023022
2 2 0.003455 0.049331 0.896559 0.030946 0.019710
2 2 0.003001 0.038368 0.919657 0.027131 0.011842
2 2 0.002497 0.034020 0.929047 0.024636 0.009800
2 2 0.001762 0.021518 0.950075 0.022009 0.004635
2 2 0.001309 0.016592 0.946764 0.030891 0.004445
2 2 0.001358 0.017826 0.945617 0.030292 0.004906
2 2 0.001855 0.023476 0.928246 0.038247 0.008176
2 2 0.001909 0.023015 0.927110 0.039974 0.007992
2 2 0.003695 0.047205 0.891287 0.037176 0.020638
2 2 0.006598 0.076498 0.860049 0.023938 0.032917
2 2 0.007404 0.085411 0.856116 0.020177 0.030892
2 2 0.003317 0.031192 0.922756 0.033968 0.008767
2 2 0.002961 0.024848 0.929885 0.035942 0.006364
2 2 0.003091 0.020829 0.935457 0.036625 0.003997
2 2 0.004252 0.025812 0.923073 0.041829 0.005034
2 2 0.005817 0.040970 0.910337 0.033768 0.009108
2 2 0.007001 0.050908 0.893125 0.035700 0.013266
2 2 0.005051 0.041103 0.909713 0.034050 0.010083
2 2 0.002915 0.031151 0.927438 0.030087 0.008410
2 2 0.002718 0.035343 0.921399 0.029152 0.011388
2 2 0.002592 0.033579 0.918796 0.033242 0.011791
2 2 0.002404 0.029152 0.879416 0.071518 0.017511
2 2 0.004612 0.026569 0.867243 0.091978 0.009597
2 2 0.013420 0.048584 0.836476 0.087649 0.013871
2 2 0.007888 0.032347 0.869293 0.082559 0.007914
2 2 0.008871 0.041636 0.814696 0.117573 0.017224
2 2 0.004656 0.017426 0.776145 0.194344 0.007430
2 2 0.003646 0.015845 0.749679 0.221537 0.009294
2 2 0.004687 0.019742 0.763488 0.200960 0.011123
2 2 0.004254 0.016778 0.727643 0.241411 0.009914
2 2 0.006444 0.022218 0.753340 0.206835 0.011163
2 3 0.011104 0.038139 0.804945 0.130778 0.015034
2 3 0.011785 0.028997 0.799855 0.151201 0.008162
2 3 0.014847 0.029265 0.614823 0.326172 0.014893
2 3 0.011672 0.024568 0.604150 0.345883 0.013727
2 3 0.012432 0.026597 0.660360 0.288473 0.012139
2 3 0.013213 0.032467 0.710348 0.229390 0.014583
2 3 0.016675 0.036370 0.696451 0.234515 0.015988
2 3 0.014816 0.024384 0.571709 0.376785 0.012306
2 3 0.012105 0.018262 0.480760 0.477681 0.011191
3 3 0.007351 0.008461 0.276944 0.700071 0.007174
3 3 0.010758 0.011148 0.361925 0.610237 0.005932
3 3 0.011235 0.010841 0.342986 0.629139 0.005799
3 3 0.031759 0.018880 0.311851 0.629347 0.008163
3 3 0.023746 0.014281 0.262113 0.692427 0.007432
3 3 0.013012 0.007152 0.135621 0.837798 0.006417
3 3 0.005031 0.003812 0.152026 0.835476 0.003655
3 3 0.007718 0.006797 0.157391 0.819605 0.008489
3 3 0.009551 0.006282 0.136125 0.841335 0.006706
3 3 0.007748 0.004962 0.133574 0.848697 0.005019
3 3 0.007357 0.003957 0.121823 0.863453 0.003411
3 3 0.008131 0.005005 0.116418 0.865059 0.005387
3 3 0.010608 0.005693 0.081291 0.895384 0.007023
3 3 0.012688 0.006766 0.077677 0.894059 0.008810
3 3 0.008445 0.003979 0.045566 0.935934 0.006076
3 3 0.005176 0.002665 0.040874 0.946759 0.004527
3 3 0.004313 0.002182 0.044853 0.945363 0.003289
3 3 0.003166 0.001382 0.041171 0.952542 0.001739
3 3 0.006557 0.002967 0.057593 0.929393 0.003490
3 3 0.008588 0.003894 0.071076 0.912310 0.004132
3 3 0.011371 0.004055 0.077226 0.904218 0.003129
3 3 0.012380 0.003784 0.079899 0.901563 0.002375
3 3 0.020107 0.006391 0.091768 0.877611 0.004123
3 3 0.012388 0.004344 0.058500 0.920701 0.004067
3 3 0.012179 0.004959 0.055591 0.921467 0.005804
3 3 0.009335 0.004996 0.054398 0.923238 0.008033
3 3 0.010363 0.005784 0.065025 0.910051 0.008777
3 3 0.010486 0.005926 0.072936 0.902228 0.008425
3 3 0.010834 0.005839 0.085800 0.890542 0.006985
3 3 0.012642 0.005711 0.087217 0.888892 0.005538
3 3 0.011803 0.006129 0.083047 0.891520 0.007500
3 3 0.076334 0.026710 0.167531 0.704216 0.025209
3 3 0.195578 0.049735 0.238767 0.487651 0.028269
0 2 0.483148 0.079281 0.189245 0.221921 0.026404
0 2 0.400013 0.117137 0.283954 0.167766 0.031131
2 2 0.229819 0.115013 0.483062 0.151819 0.020288
2 2 0.082120 0.101552 0.704061 0.092618 0.019649
2 2 0.033234 0.112300 0.786608 0.042335 0.025523
2 2 0.016604 0.113359 0.790775 0.034512 0.044749
2 2 0.009810 0.101948 0.805298 0.032036 0.050909
2 2 0.004645 0.063732 0.876575 0.029201 0.025846
2 2 0.004677 0.061646 0.875417 0.032233 0.026028
2 2 0.005153 0.048682 0.886463 0.041239 0.018462
2 2 0.005276 0.055951 0.877333 0.038633 0.022807
2 2 0.006604 0.069371 0.852914 0.039910 0.031201
2 2 0.006164 0.074632 0.820710 0.051387 0.047107
2 2 0.003169 0.035962 0.886310 0.056463 0.018096
2 2 0.002590 0.023511 0.898762 0.065055 0.010081
