0 0 0.923744 0.049902 0.013524 0.005298 0.007533
0 0 0.943903 0.035947 0.005542 0.000562 0.014046
0 0 0.777605 0.104325 0.025767 0.003173 0.089130
0 0 0.848704 0.072699 0.013542 0.001105 0.063951
0 0 0.842802 0.084174 0.019851 0.002831 0.050342
0 0 0.841838 0.090259 0.025850 0.006160 0.035893
0 0 0.682295 0.153360 0.060832 0.018807 0.084707
0 0 0.635414 0.169792 0.075358 0.027599 0.091837
0 0 0.642428 0.168134 0.076770 0.031233 0.081434
0 0 0.686988 0.152725 0.062314 0.021190 0.076784
0 0 0.760334 0.124509 0.053524 0.028600 0.033033
0 0 0.755723 0.127422 0.046078 0.014257 0.056520
0 0 0.764477 0.124723 0.047766 0.018119 0.044916
0 0 0.520903 0.208282 0.135531 0.066320 0.068964
0 1 0.372968 0.252357 0.215030 0.077679 0.081965
2 2 0.030016 0.207358 0.705560 0.015111 0.041956
2 2 0.004211 0.082435 0.886815 0.009768 0.016771
2 2 0.000523 0.024350 0.961195 0.008283 0.005649
2 2 0.000521 0.025656 0.955766 0.010083 0.007973
2 2 0.000230 0.012052 0.967224 0.016414 0.004080
2 2 0.000204 0.011781 0.969364 0.014750 0.003902
2 2 0.000070 0.005556 0.977378 0.015202 0.001794
2 2 0.000078 0.006281 0.977586 0.014047 0.002007
2 2 0.000141 0.009127 0.972373 0.015344 0.003016
2 2 0.000378 0.016737 0.958269 0.018704 0.005913
2 2 0.000370 0.015133 0.955435 0.023486 0.005576
2 2 0.000176 0.008128 0.958558 0.030070 0.003067
2 2 0.000236 0.008841 0.945139 0.042189 0.003595
2 2 0.000426 0.012169 0.927038 0.055055 0.005312
2 2 0.001355 0.020743 0.864373 0.102875 0.010653
0 1 0.303952 0.268414 0.244406 0.073963 0.109265
0 0 0.348646 0.247590 0.184638 0.075497 0.143629
0 0 0.299592 0.253963 0.192365 0.067130 0.186949
2 0 0.130336 0.291238 0.400744 0.048325 0.129357
2 0 0.054581 0.272932 0.465123 0.015878 0.191486
2 1 0.004406 0.053447 0.844118 0.071394 0.026635
2 2 0.001292 0.017371 0.831708 0.140120 0.009509
2 2 0.000619 0.014171 0.906355 0.072248 0.006607
2 4 0.002430 0.057821 0.895329 0.013799 0.030621
2 4 0.005155 0.122137 0.793472 0.004029 0.075206
2 4 0.013373 0.221989 0.582741 0.001696 0.180201
2 4 0.013501 0.223390 0.556839 0.001326 0.204945
2 4 0.017118 0.230078 0.468531 0.001060 0.283214
4 4 0.034593 0.233815 0.307320 0.001345 0.422928
4 4 0.060900 0.179928 0.132479 0.001334 0.625360
4 4 0.072048 0.162522 0.100840 0.001381 0.663209
4 4 0.066154 0.226881 0.215895 0.003564 0.487505
4 4 0.046558 0.250019 0.330858 0.003949 0.368617
2 4 0.024197 0.242481 0.454801 0.002201 0.276320
2 4 0.035581 0.264188 0.465413 0.003148 0.231669
2 4 0.091182 0.304724 0.386478 0.004523 0.213094
4 4 0.160520 0.286227 0.233078 0.004196 0.315980
4 4 0.172571 0.283122 0.215926 0.003434 0.324947
4 4 0.083051 0.229383 0.188485 0.002151 0.496930
4 4 0.050298 0.190450 0.161148 0.001135 0.596970
4 4 0.049865 0.198420 0.176998 0.001286 0.573431
4 4 0.036125 0.226465 0.279776 0.001412 0.456223
4 4 0.046688 0.228922 0.253320 0.001895 0.469174
2 4 0.040072 0.257580 0.358030 0.001445 0.342873
4 4 0.061951 0.264409 0.296120 0.001704 0.375816
4 4 0.049924 0.190796 0.162266 0.001127 0.595888
4 4 0.052838 0.239616 0.263290 0.002108 0.442148
2 4 0.036005 0.256006 0.396755 0.002279 0.308954
2 4 0.048863 0.268387 0.364254 0.002116 0.316380
4 4 0.049156 0.246142 0.281028 0.001354 0.422321
4 4 0.091574 0.236882 0.187263 0.001601 0.482680
4 4 0.144908 0.234871 0.151280 0.002311 0.466630
2 4 0.162351 0.310664 0.311259 0.007766 0.207959
2 4 0.113988 0.307319 0.378480 0.009235 0.190979
2 4 0.096152 0.305671 0.418277 0.008414 0.171485
2 4 0.093241 0.288745 0.335596 0.007232 0.275185
4 4 0.122564 0.251068 0.202913 0.006018 0.417436
4 4 0.206458 0.230682 0.134117 0.005900 0.422843
4 4 0.229739 0.224309 0.117173 0.003694 0.425085
4 4 0.151934 0.288193 0.230809 0.002307 0.326757
2 4 0.089936 0.294426 0.318212 0.002029 0.295398
2 4 0.045345 0.283263 0.468430 0.002062 0.200900
2 4 0.033003 0.269215 0.559293 0.002015 0.136473
2 4 0.036413 0.272114 0.537278 0.002698 0.151497
2 4 0.040887 0.281161 0.529610 0.001978 0.146363
2 4 0.049103 0.286879 0.424024 0.001242 0.238751
2 4 0.050364 0.290382 0.463436 0.001794 0.194025
2 4 0.019794 0.243443 0.570649 0.001582 0.164532
2 4 0.011342 0.215676 0.627844 0.001248 0.143890
2 4 0.008113 0.203221 0.629398 0.000697 0.158571
2 4 0.014444 0.232661 0.595932 0.000721 0.156241
2 4 0.020908 0.250602 0.561422 0.000934 0.166134
2 2 0.014633 0.226569 0.650252 0.001256 0.107290
2 2 0.004709 0.151760 0.783489 0.001642 0.058399
2 2 0.002379 0.109080 0.839489 0.001370 0.047683
2 2 0.003828 0.130456 0.801442 0.000958 0.063316
2 2 0.003147 0.111510 0.842585 0.001622 0.041136
2 2 0.002191 0.084238 0.882561 0.002840 0.028170
2 2 0.001041 0.051324 0.927303 0.005430 0.014902
2 2 0.000635 0.031477 0.949060 0.008964 0.009865
2 2 0.000481 0.018931 0.953846 0.019934 0.006809
2 2 0.000655 0.022296 0.945684 0.023039 0.008326
2 2 0.000465 0.012908 0.928438 0.052599 0.005590
2 2 0.000387 0.009677 0.910289 0.075178 0.004469
2 2 0.000435 0.006179 0.764529 0.225218 0.003638
2 2 0.000681 0.008077 0.737969 0.248329 0.004944
2 2 0.000452 0.005123 0.675178 0.315947 0.003299
2 2 0.000237 0.004228 0.786422 0.206720 0.002394
2 2 0.000265 0.005097 0.824752 0.167130 0.002755
2 2 0.000206 0.003441 0.741453 0.252859 0.002041
2 3 0.000120 0.002068 0.691702 0.304843 0.001268
2 3 0.000109 0.001349 0.521908 0.475683 0.000951
3 3 0.000204 0.001865 0.459863 0.536662 0.001406
3 3 0.000589 0.003871 0.449080 0.543431 0.003029
2 3 0.000926 0.007099 0.588742 0.398222 0.005011
2 3 0.000597 0.004593 0.538729 0.452744 0.003337
2 3 0.001012 0.006780 0.542177 0.445051 0.004980
2 3 0.001064 0.007703 0.575984 0.409732 0.005517
2 3 0.000965 0.006518 0.526072 0.461591 0.004854
3 3 0.000668 0.003722 0.386300 0.606227 0.003083
3 3 0.000637 0.003135 0.330245 0.663256 0.002727
3 3 0.000625 0.002203 0.222797 0.772236 0.002139
3 3 0.001306 0.005017 0.327089 0.662139 0.004449
3 3 0.001442 0.004484 0.263242 0.726585 0.004247
3 3 0.001520 0.008393 0.490092 0.493486 0.006509
3 3 0.001780 0.007769 0.414856 0.569170 0.006425
3 3 0.001950 0.008051 0.401677 0.581573 0.006749
3 3 0.000988 0.004743 0.376930 0.613342 0.003997
3 3 0.001066 0.003836 0.267467 0.724030 0.003601
3 3 0.001498 0.004208 0.216591 0.773475 0.004228
3 3 0.001006 0.002337 0.145009 0.849075 0.002572
3 3 0.001079 0.003038 0.193573 0.799193 0.003115
3 3 0.001463 0.005436 0.313664 0.674529 0.004909
3 3 0.001277 0.004780 0.306824 0.682795 0.004325
3 3 0.002023 0.007795 0.367476 0.615957 0.006749
3 3 0.003053 0.009946 0.351522 0.626665 0.008814
3 3 0.003444 0.009410 0.297276 0.681061 0.008808
3 3 0.001919 0.005652 0.262652 0.724368 0.005409
3 3 0.000797 0.002147 0.167669 0.827126 0.002261
3 3 0.000573 0.001950 0.202574 0.792965 0.001938
3 3 0.000311 0.000752 0.102824 0.895248 0.000866
3 3 0.000444 0.001092 0.121597 0.875646 0.001221
3 3 0.000732 0.001598 0.124429 0.871437 0.001804
3 3 0.000961 0.002764 0.196377 0.797089 0.002809
3 3 0.000844 0.002753 0.218872 0.774819 0.002712
3 3 0.001024 0.003380 0.241862 0.750479 0.003255
3 3 0.001315 0.004027 0.245412 0.745361 0.003885
3 3 0.002154 0.005962 0.261175 0.724989 0.005721
3 3 0.001203 0.003542 0.223835 0.767923 0.003497
3 3 0.001566 0.003937 0.196280 0.794160 0.004058
3 3 0.001474 0.004223 0.226629 0.763490 0.004184
3 3 0.001132 0.003212 0.208443 0.783987 0.003226
3 3 0.001114 0.002962 0.191460 0.801424 0.003040
3 3 0.001140 0.002234 0.127967 0.866123 0.002535
3 3 0.000669 0.001143 0.084792 0.911988 0.001408
3 3 0.001427 0.002834 0.139919 0.852651 0.003169
3 3 0.002032 0.003631 0.143732 0.846540 0.004065
3 3 0.001376 0.002034 0.094155 0.899941 0.002493
3 3 0.000804 0.001319 0.088175 0.908086 0.001617
3 3 0.000623 0.001318 0.108921 0.887607 0.001531
3 3 0.000343 0.000769 0.091187 0.906785 0.000916
3 3 0.000349 0.000566 0.058068 0.940270 0.000747
3 3 0.000564 0.000809 0.060740 0.936816 0.001071
3 3 0.000971 0.001335 0.072558 0.923413 0.001723
3 3 0.001820 0.002598 0.096498 0.895887 0.003197
3 3 0.002841 0.003983 0.112770 0.875626 0.004780
3 3 0.004034 0.006544 0.153534 0.828525 0.007364
3 3 0.005152 0.008681 0.178876 0.797840 0.009451
3 3 0.002442 0.004889 0.169787 0.817587 0.005294
3 3 0.001695 0.002843 0.121996 0.870170 0.003297
3 3 0.000994 0.001656 0.097351 0.898003 0.001996
3 3 0.000596 0.001277 0.110899 0.885753 0.001474
3 3 0.001113 0.002780 0.175823 0.817368 0.002916
3 3 0.001846 0.004465 0.207925 0.781224 0.004540
3 3 0.003037 0.004773 0.143643 0.843151 0.005396
3 3 0.001596 0.002314 0.099417 0.893865 0.002808
3 3 0.002400 0.002997 0.094708 0.896174 0.003720
3 3 0.002142 0.002907 0.098506 0.892874 0.003571
3 3 0.005941 0.007259 0.131344 0.846923 0.008534
3 3 0.008188 0.010240 0.150957 0.818885 0.011730
3 3 0.008593 0.012123 0.177210 0.788713 0.013360
3 3 0.002629 0.003663 0.108828 0.880457 0.004423
3 3 0.002062 0.003087 0.108005 0.883134 0.003712
3 3 0.002044 0.002979 0.106364 0.885024 0.003590
3 3 0.001757 0.002532 0.100725 0.891912 0.003074
3 3 0.000757 0.001072 0.072266 0.924534 0.001370
3 3 0.000765 0.000999 0.065543 0.931388 0.001305
3 3 0.001099 0.001577 0.086726 0.908645 0.001953
3 3 0.001713 0.002917 0.126213 0.865803 0.003355
3 3 0.001914 0.003368 0.139586 0.851343 0.003789
3 3 0.001604 0.003134 0.151306 0.840519 0.003438
3 3 0.001179 0.001758 0.089963 0.904931 0.002168
3 3 0.000433 0.000790 0.075148 0.922639 0.000990
3 3 0.000720 0.001371 0.096273 0.899988 0.001648
3 3 0.009517 0.029400 0.461656 0.477773 0.021655
2 3 0.085324 0.183572 0.520522 0.139733 0.070850
2 2 0.274540 0.291862 0.303456 0.042305 0.087837
2 1 0.217246 0.297777 0.394314 0.034713 0.055950
2 2 0.126297 0.299374 0.503740 0.016686 0.053902
2 2 0.106586 0.308875 0.462221 0.010898 0.111420
2 2 0.143908 0.308757 0.394700 0.020241 0.132394
2 0 0.202834 0.299714 0.391975 0.036762 0.068715
0 0 0.589953 0.190628 0.105370 0.043028 0.071021
0 0 0.682380 0.151744 0.057705 0.015885 0.092286
0 0 0.623700 0.173429 0.078369 0.029148 0.095354
0 1 0.308960 0.243142 0.161238 0.048936 0.237725
2 2 0.038025 0.231312 0.543310 0.022850 0.164503
2 2 0.012291 0.116440 0.751127 0.026197 0.093945
2 2 0.004917 0.048292 0.836925 0.074232 0.035635
2 2 0.005461 0.059680 0.838936 0.048261 0.047662
2 2 0.021389 0.174386 0.578639 0.008698 0.216888
2 2 0.019428 0.191514 0.583957 0.006191 0.198910
2 2 0.017439 0.220062 0.565868 0.003022 0.193609
2 2 0.012966 0.200844 0.594287 0.002036 0.189867
2 2 0.006294 0.168536 0.702942 0.001212 0.121016
2 2 0.014256 0.229865 0.521549 0.000620 0.233710
2 2 0.020537 0.242798 0.449810 0.000606 0.286249
2 2 0.010424 0.217260 0.590703 0.000560 0.181052
2 2 0.010117 0.212121 0.591515 0.000921 0.185327
2 2 0.008302 0.196451 0.679448 0.001627 0.114172
2 2 0.009580 0.201081 0.674798 0.002235 0.112305
2 2 0.005404 0.171024 0.742549 0.001429 0.079593
2 2 0.012087 0.219416 0.560171 0.001040 0.207286
4 2 0.043953 0.179976 0.150504 0.000754 0.624813
4 4 0.080173 0.115328 0.049448 0.000800 0.754252
4 4 0.114925 0.085894 0.025025 0.000961 0.773196
4 4 0.244475 0.129064 0.039310 0.002413 0.584739
0 4 0.358499 0.252786 0.151386 0.016320 0.221009
0 0 0.696133 0.137499 0.070288 0.034419 0.061661
0 0 0.784416 0.106057 0.036796 0.008830 0.063900
0 0 0.846551 0.088911 0.026915 0.007638 0.029984
0 0 0.927956 0.047495 0.012706 0.005046 0.006798
0 0 0.802575 0.086426 0.048181 0.049132 0.013686
0 0 0.766641 0.093301 0.059470 0.060840 0.019748
0 0 0.691248 0.136939 0.075564 0.070972 0.025276
0 0 0.751414 0.118872 0.059097 0.050474 0.020143
0 0 0.773817 0.118446 0.050707 0.028564 0.028467
0 0 0.676336 0.156757 0.072139 0.033791 0.060978
0 0 0.694438 0.147938 0.055586 0.015387 0.086651
0 0 0.614060 0.168705 0.061194 0.007831 0.148210
1 1 0.264445 0.300028 0.230350 0.006987 0.198190
2 1 0.076545 0.284164 0.334356 0.003363 0.301572
2 2 0.009670 0.171963 0.689123 0.003264 0.125980
2 2 0.000964 0.043460 0.933592 0.007951 0.014034
2 2 0.000662 0.021106 0.942914 0.027183 0.008135
2 2 0.000266 0.020494 0.967950 0.005267 0.006023
2 2 0.001715 0.082993 0.874883 0.001731 0.038679
2 2 0.010285 0.211767 0.621470 0.001113 0.155365
2 2 0.042231 0.279390 0.466016 0.001912 0.210450
2 2 0.123336 0.320851 0.363911 0.002990 0.188913
2 2 0.177104 0.325562 0.327300 0.003887 0.166148
2 2 0.121427 0.320601 0.427503 0.005600 0.124869
2 2 0.037819 0.267673 0.562339 0.005260 0.126909
2 2 0.011271 0.203588 0.638153 0.002178 0.144810
2 2 0.003653 0.118151 0.806613 0.002014 0.069569
2 2 0.002307 0.088534 0.876585 0.002119 0.030454
2 2 0.004662 0.135455 0.809703 0.001947 0.048233
2 2 0.003222 0.119321 0.822049 0.001991 0.053417
2 2 0.004246 0.135011 0.796548 0.002298 0.061896
2 2 0.002507 0.101953 0.846255 0.001955 0.047330
2 2 0.001939 0.086372 0.869281 0.002009 0.040399
2 2 0.011096 0.203850 0.660600 0.001476 0.122977
2 2 0.027569 0.247729 0.640328 0.003840 0.080535
2 2 0.142836 0.316997 0.427331 0.011060 0.101775
0 0 0.383218 0.276993 0.207871 0.019373 0.112545
0 0 0.387843 0.276329 0.205872 0.018664 0.111293
2 1 0.052855 0.269025 0.582143 0.015432 0.080545
2 2 0.042978 0.266518 0.465087 0.008002 0.217415
2 2 0.007756 0.157762 0.761676 0.006073 0.066733
2 2 0.000429 0.023218 0.959675 0.009438 0.007241
2 2 0.000171 0.014809 0.974910 0.005981 0.004129
2 2 0.000116 0.009598 0.978126 0.009289 0.002870
2 2 0.000177 0.014670 0.974431 0.006556 0.004165
2 2 0.000381 0.023443 0.961862 0.007359 0.006955
2 2 0.000588 0.040808 0.943984 0.003750 0.010870
2 2 0.000163 0.013783 0.975607 0.006547 0.003901
2 2 0.000165 0.012460 0.975155 0.008519 0.003701
2 2 0.000312 0.018928 0.965538 0.009380 0.005843
2 2 0.000661 0.031283 0.948109 0.009382 0.010564
2 2 0.000676 0.029965 0.947736 0.009338 0.012286
2 2 0.000924 0.033484 0.938398 0.014577 0.012617
2 2 0.003106 0.077921 0.876243 0.013491 0.029240
2 2 0.011140 0.135581 0.781256 0.022769 0.049255
2 2 0.054907 0.270223 0.562325 0.019565 0.092980
2 2 0.071446 0.288677 0.477685 0.014960 0.147231
2 2 0.038734 0.266275 0.565777 0.006809 0.122405
2 2 0.064197 0.282925 0.351580 0.002043 0.299255
2 2 0.061580 0.293396 0.422529 0.002629 0.219865
2 2 0.032573 0.259380 0.613328 0.003631 0.091087
2 2 0.006066 0.118053 0.833774 0.004166 0.037941
2 2 0.000387 0.027468 0.962165 0.004051 0.005928
2 2 0.000132 0.013537 0.978919 0.004221 0.003191
2 2 0.000162 0.016463 0.975879 0.003648 0.003848
2 2 0.000203 0.017991 0.971881 0.005034 0.004890
2 2 0.000535 0.034989 0.952504 0.003934 0.008038
2 2 0.000435 0.026106 0.961747 0.005653 0.006060
2 2 0.000247 0.017108 0.970676 0.007342 0.004628
2 2 0.000255 0.016401 0.969002 0.009320 0.005022
2 2 0.000177 0.008609 0.963362 0.024727 0.003125
2 2 0.000225 0.009582 0.958656 0.027956 0.003582
2 2 0.000260 0.010984 0.959522 0.025193 0.004042
2 2 0.000345 0.011109 0.944436 0.039618 0.004492
2 2 0.000544 0.016835 0.942883 0.033055 0.006683
2 2 0.001323 0.033563 0.925413 0.026541 0.013161
2 2 0.000697 0.019193 0.937717 0.034658 0.007735
2 2 0.000373 0.016011 0.957727 0.020160 0.005730
2 2 0.000967 0.026263 0.932361 0.029972 0.010437
2 2 0.001509 0.038941 0.921632 0.021481 0.016438
2 3 0.007534 0.099052 0.833458 0.023882 0.036074
2 2 0.094474 0.291014 0.480770 0.028476 0.105266
2 2 0.172824 0.293585 0.396693 0.052019 0.084878
1 2 0.202264 0.269783 0.225359 0.033927 0.268668
2 2 0.055383 0.269228 0.429142 0.015945 0.230302
2 1 0.014628 0.175579 0.647512 0.006247 0.156032
2 2 0.007539 0.142073 0.750119 0.004823 0.095447
2 2 0.006543 0.129110 0.806979 0.011064 0.046304
2 2 0.085263 0.293264 0.413001 0.013531 0.194941
0 2 0.315178 0.291147 0.265373 0.028756 0.099546
0 0 0.697008 0.144152 0.050654 0.011805 0.096380
0 0 0.746740 0.128202 0.043047 0.010481 0.071530
0 0 0.656445 0.159102 0.061480 0.016339 0.106635
1 0 0.189000 0.300488 0.284126 0.015512 0.210874
2 0 0.045264 0.236744 0.381915 0.005963 0.330113
2 2 0.018376 0.186760 0.635649 0.009689 0.149525
2 2 0.000314 0.015295 0.961643 0.017440 0.005307
2 2 0.000107 0.006049 0.965190 0.026458 0.002196
2 2 0.000271 0.015804 0.967208 0.011660 0.005057
2 1 0.003265 0.101866 0.834042 0.003031 0.057796
2 1 0.026970 0.247934 0.413349 0.001097 0.310650
4 1 0.046639 0.222388 0.217629 0.000588 0.512755
4 1 0.043650 0.144434 0.093655 0.000292 0.717969
4 1 0.058051 0.119844 0.059387 0.000420 0.762298
4 1 0.068740 0.094524 0.035793 0.000412 0.800532
4 0 0.143583 0.168305 0.079389 0.002046 0.606677
4 0 0.216687 0.227601 0.121203 0.002886 0.431622
4 0 0.065668 0.104786 0.044227 0.000455 0.784864
4 1 0.063008 0.125127 0.063105 0.000595 0.748165
4 4 0.053763 0.140467 0.083924 0.000568 0.721278
4 4 0.044398 0.136960 0.085834 0.000380 0.732428
4 4 0.037540 0.181318 0.160121 0.000465 0.620556
4 4 0.041789 0.163591 0.125687 0.000526 0.668407
4 4 0.054071 0.210607 0.185044 0.000848 0.549430
2 4 0.066311 0.281974 0.331553 0.001530 0.318632
4 4 0.083720 0.269089 0.254628 0.001316 0.391247
4 4 0.084068 0.279471 0.285454 0.001793 0.349214
4 4 0.112013 0.288378 0.277444 0.003191 0.318973
4 4 0.131325 0.243869 0.173431 0.002752 0.448624
4 4 0.074652 0.180365 0.117912 0.001035 0.626036
4 4 0.063247 0.167397 0.108011 0.000667 0.660678
4 4 0.042687 0.120293 0.067607 0.000268 0.769145
4 4 0.039790 0.180431 0.152043 0.000395 0.627341
4 4 0.038861 0.234871 0.279182 0.000859 0.446226
2 4 0.022494 0.236786 0.412352 0.001072 0.327297
2 4 0.022834 0.230121 0.374686 0.000994 0.371366
2 4 0.021472 0.231775 0.400760 0.001052 0.344942
2 4 0.030732 0.250473 0.394663 0.001329 0.322803
2 4 0.040797 0.271929 0.412491 0.001374 0.273409
2 4 0.044823 0.266742 0.359787 0.001234 0.327414
4 4 0.044879 0.231495 0.251449 0.000966 0.471211
4 4 0.052391 0.135367 0.078783 0.000499 0.732959
4 4 0.059614 0.119860 0.059260 0.000492 0.760774
4 4 0.069205 0.099360 0.039235 0.000456 0.791745
4 4 0.099380 0.156035 0.076936 0.000805 0.666844
4 4 0.176879 0.117517 0.036419 0.001253 0.667932
4 4 0.110312 0.253522 0.204162 0.002611 0.429394
2 2 0.005424 0.164471 0.774442 0.002013 0.053650
2 2 0.003223 0.128600 0.827915 0.002447 0.037815
2 2 0.001975 0.099144 0.869383 0.002264 0.027234
2 2 0.001043 0.066288 0.913197 0.002484 0.016988
2 2 0.000818 0.054425 0.927825 0.002930 0.014002
2 2 0.001397 0.073175 0.900883 0.003010 0.021535
2 2 0.001952 0.088904 0.876275 0.002693 0.030177
2 2 0.004540 0.134309 0.782529 0.002093 0.076529
2 2 0.011469 0.211669 0.628959 0.001063 0.146840
2 2 0.018125 0.239937 0.528123 0.001050 0.212765
2 2 0.011620 0.215273 0.611222 0.001627 0.160259
2 2 0.010462 0.208684 0.641847 0.001799 0.137208
2 2 0.005973 0.171961 0.710211 0.001131 0.110724
2 2 0.004007 0.136938 0.780301 0.001396 0.077359
2 2 0.004435 0.155196 0.746080 0.000834 0.093455
2 2 0.002216 0.106115 0.839883 0.001145 0.050641
2 2 0.000840 0.060354 0.914032 0.001252 0.023522
2 2 0.000705 0.051904 0.925469 0.001448 0.020474
2 2 0.000522 0.042791 0.940332 0.001712 0.014643
2 2 0.000577 0.042059 0.941307 0.002593 0.013463
2 2 0.000393 0.032090 0.955346 0.003390 0.008780
2 2 0.000151 0.014478 0.976254 0.005196 0.003922
2 2 0.000132 0.012940 0.977808 0.005580 0.003539
2 2 0.000174 0.017573 0.973675 0.004018 0.004560
2 2 0.004865 0.115276 0.850928 0.004526 0.024405
2 2 0.051995 0.275541 0.596230 0.006076 0.070158
2 2 0.202851 0.318949 0.389851 0.011160 0.077189
2 2 0.184307 0.310430 0.422964 0.017688 0.064611
2 2 0.117260 0.296161 0.516119 0.017179 0.053282
2 2 0.066932 0.297381 0.526695 0.004599 0.104393
2 2 0.000232 0.019587 0.970187 0.004725 0.005271
2 2 0.000164 0.015601 0.975507 0.004595 0.004133
2 2 0.000145 0.014901 0.976795 0.004275 0.003884
2 2 0.000159 0.015564 0.975584 0.004573 0.004121
2 2 0.000100 0.010797 0.981156 0.005074 0.002872
2 2 0.000073 0.007183 0.982219 0.008444 0.002082
2 2 0.000167 0.014704 0.975050 0.005980 0.004100
2 2 0.000305 0.017730 0.965670 0.010692 0.005603
2 2 0.000127 0.009909 0.977421 0.009559 0.002982
2 2 0.000182 0.011288 0.972063 0.012841 0.003626
2 2 0.000169 0.010434 0.971855 0.014135 0.003407
2 2 0.000124 0.008053 0.973055 0.016097 0.002671
2 2 0.000083 0.005461 0.971646 0.020930 0.001880
2 2 0.000156 0.008694 0.968729 0.019416 0.003005
2 2 0.000153 0.008054 0.966710 0.022232 0.002851
2 2 0.000162 0.007530 0.959555 0.029926 0.002827
2 2 0.000252 0.010572 0.957082 0.028118 0.003977
2 2 0.000092 0.005000 0.961902 0.031146 0.001861
2 2 0.000157 0.006304 0.948067 0.042940 0.002532
2 2 0.000215 0.007476 0.942264 0.046965 0.003080
2 2 0.000538 0.016475 0.943667 0.032801 0.006519
2 2 0.000466 0.014165 0.941649 0.037978 0.005742
2 2 0.000442 0.015663 0.950743 0.027202 0.005951
2 2 0.000538 0.017478 0.945999 0.029211 0.006774
2 2 0.000339 0.009458 0.925663 0.060383 0.004157
2 2 0.000304 0.007530 0.901173 0.087438 0.003555
2 2 0.000403 0.009217 0.900240 0.085770 0.004370
2 2 0.000174 0.006243 0.938260 0.052705 0.002618
2 2 0.000206 0.006244 0.922079 0.068699 0.002771
2 2 0.000387 0.008278 0.881801 0.105440 0.004095
2 2 0.000894 0.007695 0.634223 0.351964 0.005225
2 2 0.001065 0.007229 0.550011 0.436408 0.005286
3 2 0.000755 0.003724 0.352648 0.639686 0.003186
3 2 0.000782 0.003386 0.304139 0.688658 0.003036
3 2 0.001200 0.004876 0.323451 0.666131 0.004342
3 3 0.001191 0.004999 0.337415 0.652003 0.004392
3 3 0.001193 0.005594 0.379032 0.609442 0.004738
3 3 0.001224 0.006564 0.457739 0.529281 0.005192
2 3 0.000625 0.005108 0.578271 0.412400 0.003596
2 3 0.000720 0.008283 0.748707 0.237285 0.005005
2 3 0.000624 0.007920 0.759664 0.227069 0.004724
2 3 0.000641 0.005309 0.576647 0.413651 0.003752
3 3 0.001381 0.007006 0.453067 0.532970 0.005576
3 3 0.002344 0.006173 0.259525 0.726020 0.005938
3 3 0.005781 0.012162 0.262974 0.707159 0.011925
3 3 0.005938 0.009402 0.184789 0.789721 0.010150
3 3 0.003190 0.006562 0.201933 0.781488 0.006827
3 3 0.001363 0.002703 0.136316 0.856579 0.003040
3 3 0.000653 0.002851 0.282890 0.711005 0.002601
3 3 0.000433 0.001790 0.234565 0.761514 0.001698
3 3 0.000594 0.002349 0.253824 0.741036 0.002197
3 3 0.000754 0.004433 0.437449 0.553843 0.003522
2 3 0.000858 0.005767 0.511373 0.477671 0.004331
3 3 0.001004 0.005142 0.403727 0.585887 0.004239
3 3 0.001493 0.004281 0.231091 0.758918 0.004217
3 3 0.000711 0.001285 0.092776 0.903673 0.001555
3 3 0.001054 0.001437 0.074377 0.921284 0.001847
3 3 0.000744 0.001037 0.066027 0.930836 0.001356
3 3 0.002608 0.003509 0.104998 0.884616 0.004269
3 3 0.002359 0.003708 0.126623 0.863009 0.004301
3 3 0.003384 0.004470 0.114090 0.872688 0.005368
3 3 0.002973 0.004237 0.116546 0.871191 0.005053
3 3 0.002025 0.003013 0.104624 0.886687 0.003652
3 3 0.001170 0.001682 0.081618 0.913404 0.002126
3 3 0.002545 0.003363 0.102220 0.887760 0.004112
3 3 0.000713 0.000969 0.063375 0.933665 0.001278
3 3 0.001002 0.001301 0.069507 0.926497 0.001694
3 3 0.000664 0.000950 0.064754 0.932386 0.001246
3 3 0.001047 0.001594 0.082460 0.912893 0.002006
3 3 0.000993 0.001487 0.079522 0.916114 0.001884
3 3 0.003104 0.004461 0.119429 0.867708 0.005297
3 3 0.002452 0.003199 0.099545 0.890873 0.003931
3 3 0.001415 0.001815 0.078845 0.915609 0.002317
3 3 0.000921 0.001191 0.066950 0.929377 0.001560
3 3 0.000819 0.001110 0.066804 0.929817 0.001451
3 3 0.001415 0.001972 0.085404 0.908733 0.002477
3 3 0.000894 0.001280 0.072973 0.923207 0.001646
3 3 0.000336 0.000498 0.050786 0.947704 0.000676
3 3 0.000602 0.000974 0.070111 0.927059 0.001254
3 3 0.000505 0.000806 0.064425 0.933212 0.001052
3 3 0.001464 0.002283 0.096352 0.897102 0.002800
3 3 0.004114 0.005741 0.129338 0.854074 0.006732
3 3 0.004875 0.006334 0.129063 0.852276 0.007451
3 3 0.007822 0.009821 0.149011 0.822072 0.011275
3 3 0.005278 0.006276 0.122515 0.858456 0.007476
3 3 0.002204 0.002835 0.094199 0.897245 0.003517
3 3 0.002021 0.002769 0.096702 0.895096 0.003412
3 3 0.001029 0.001408 0.073901 0.921852 0.001811
3 3 0.000676 0.000991 0.066731 0.930311 0.001291
3 3 0.000514 0.000737 0.058528 0.939239 0.000982
3 3 0.003784 0.004249 0.102244 0.884492 0.005231
3 3 0.057958 0.054965 0.219372 0.609823 0.057883
2 3 0.182925 0.208394 0.364112 0.158673 0.085896
0 3 0.417723 0.256957 0.203220 0.043051 0.079049
0 0 0.522228 0.224450 0.148926 0.037122 0.067274
0 0 0.652258 0.162885 0.081943 0.046639 0.056275
0 0 0.430030 0.234612 0.141914 0.038844 0.154600
1 0 0.212639 0.279772 0.250248 0.039786 0.217556
2 1 0.071516 0.279281 0.428543 0.022860 0.197801
2 2 0.052100 0.268558 0.556211 0.019939 0.103192
2 2 0.089344 0.299208 0.491700 0.013428 0.106320
2 2 0.205765 0.313317 0.337736 0.016847 0.126335
1 2 0.289626 0.299353 0.285052 0.023966 0.102002
0 1 0.380520 0.270829 0.227919 0.037646 0.083086
2 1 0.082855 0.287024 0.424240 0.022122 0.183760
2 1 0.031966 0.241891 0.590210 0.024023 0.111909
2 2 0.064149 0.216304 0.382069 0.020239 0.317239
4 2 0.052614 0.192010 0.311770 0.008233 0.435373
4 4 0.142027 0.160254 0.077940 0.005244 0.614535
4 4 0.104941 0.140842 0.066397 0.002055 0.685765
4 4 0.134286 0.155892 0.074995 0.004338 0.630488
2 4 0.018372 0.234460 0.501777 0.001689 0.243702
4 4 0.032328 0.239142 0.347992 0.001851 0.378687
4 4 0.044363 0.203616 0.196834 0.001166 0.554022
4 4 0.056239 0.163559 0.112026 0.000889 0.667288
4 4 0.123187 0.192592 0.108390 0.001716 0.574115
4 4 0.126273 0.261598 0.210121 0.003689 0.398320
2 4 0.072725 0.300151 0.418942 0.003414 0.204767
2 4 0.043918 0.281764 0.550535 0.002663 0.121119
2 4 0.083740 0.292412 0.343325 0.003372 0.277151
4 4 0.181522 0.099363 0.033695 0.001844 0.683576
4 4 0.246113 0.126569 0.037605 0.002197 0.587515
4 4 0.308726 0.159052 0.055891 0.005390 0.470941
4 4 0.219435 0.151066 0.056164 0.003534 0.569801
4 4 0.105121 0.239665 0.184619 0.002407 0.468188
4 4 0.101530 0.135129 0.061905 0.001757 0.699679
4 4 0.114635 0.118932 0.046413 0.001733 0.718288
4 4 0.134263 0.105913 0.035334 0.001932 0.722559
4 4 0.095447 0.067241 0.016890 0.000440 0.819981
4 4 0.091308 0.063463 0.015410 0.000368 0.829451
4 4 0.084298 0.110059 0.044155 0.000738 0.760750
4 4 0.072131 0.150482 0.083019 0.000657 0.693712
2 4 0.060467 0.286071 0.354345 0.001086 0.298032
2 4 0.072707 0.298740 0.389346 0.002326 0.236881
2 4 0.064634 0.299515 0.435695 0.002311 0.197845
4 4 0.068279 0.242673 0.234505 0.002070 0.452473
4 4 0.042201 0.231960 0.277498 0.002007 0.446335
4 4 0.043140 0.216322 0.229749 0.001438 0.509351
2 4 0.018252 0.234510 0.516703 0.001910 0.228625
2 4 0.006498 0.182769 0.717159 0.001510 0.092065
2 4 0.006074 0.179442 0.726260 0.001380 0.086843
2 4 0.008828 0.199064 0.673886 0.001769 0.116452
2 4 0.013175 0.221304 0.585805 0.001687 0.178028
2 4 0.013293 0.220698 0.598228 0.001984 0.165796
2 4 0.011491 0.215564 0.603483 0.001447 0.168016
2 4 0.009386 0.206183 0.636302 0.001248 0.146880
2 4 0.006731 0.188390 0.701802 0.001002 0.102075
2 4 0.009846 0.208108 0.631258 0.001346 0.149443
2 4 0.012375 0.217491 0.608800 0.001862 0.159474
2 4 0.010610 0.208582 0.645634 0.001961 0.133213
2 4 0.002397 0.096092 0.853762 0.002184 0.045564
2 4 0.002480 0.094988 0.856528 0.002635 0.043368
2 4 0.004295 0.125052 0.804455 0.002928 0.063270
2 2 0.001207 0.051001 0.923656 0.006478 0.017659
2 2 0.003559 0.103059 0.843614 0.005102 0.044665
2 2 0.002489 0.087229 0.874153 0.005054 0.031075
2 2 0.003339 0.091083 0.866163 0.009008 0.030406
2 2 0.006881 0.149264 0.785035 0.007498 0.051321
2 2 0.008024 0.152831 0.776828 0.008972 0.053344
2 2 0.018311 0.221464 0.648000 0.009616 0.102610
2 2 0.054054 0.270433 0.591873 0.012451 0.071189
2 2 0.199082 0.292049 0.440474 0.030796 0.037599
0 0 0.657530 0.164369 0.091349 0.047304 0.039448
0 0 0.781499 0.114381 0.049365 0.029753 0.025001
0 0 0.784628 0.114944 0.047177 0.024437 0.028814
0 0 0.848499 0.088443 0.029242 0.011012 0.022804
0 0 0.838254 0.093220 0.029968 0.009746 0.028811
0 0 0.799162 0.100162 0.042516 0.016788 0.041372
0 0 0.783952 0.112704 0.046449 0.020753 0.036142
0 0 0.598937 0.179073 0.096394 0.056463 0.069134
1 0 0.280699 0.298300 0.275786 0.024756 0.120459
1 0 0.237805 0.272316 0.215588 0.031289 0.243002
0 0 0.352718 0.217906 0.109601 0.018128 0.301647
0 0 0.401463 0.227434 0.126327 0.032468 0.212308
0 0 0.627867 0.173247 0.074408 0.020579 0.103900
0 0 0.720257 0.142884 0.053941 0.013126 0.069792
0 0 0.607039 0.168576 0.062583 0.010967 0.150834
0 0 0.392343 0.206888 0.092205 0.010980 0.297585
4 1 0.113421 0.227542 0.168136 0.004632 0.486269
4 2 0.048290 0.233391 0.265232 0.002514 0.450573
2 2 0.036907 0.260507 0.413155 0.002393 0.287038
4 2 0.053342 0.249263 0.288278 0.002284 0.406833
4 2 0.052859 0.216974 0.212352 0.002009 0.515806
2 2 0.036214 0.245811 0.358659 0.002660 0.356657
2 2 0.011798 0.197988 0.651178 0.002994 0.136042
2 2 0.001380 0.053839 0.919380 0.007647 0.017753
2 2 0.000811 0.046806 0.935112 0.004346 0.012924
2 2 0.000398 0.026921 0.960093 0.005122 0.007466
2 2 0.001187 0.068088 0.908513 0.002741 0.019471
2 2 0.002074 0.092521 0.871214 0.002651 0.031540
2 2 0.000978 0.060853 0.919183 0.002866 0.016120
2 2 0.002302 0.103591 0.854928 0.002018 0.037162
2 2 0.001416 0.073724 0.896759 0.002474 0.025626
2 2 0.001428 0.071582 0.898033 0.002678 0.026279
2 2 0.001295 0.067656 0.904441 0.002746 0.023862
2 2 0.002131 0.097927 0.860154 0.001911 0.037876
2 2 0.001215 0.069846 0.904715 0.002350 0.021873
2 2 0.001201 0.069143 0.907410 0.002682 0.019564
2 2 0.001327 0.070712 0.904114 0.003029 0.020818
2 2 0.000640 0.035464 0.947737 0.005899 0.010260
2 2 0.001122 0.045350 0.930655 0.008546 0.014328
2 2 0.003972 0.098536 0.853792 0.009037 0.034663
2 2 0.006585 0.136020 0.799518 0.008478 0.049399
2 2 0.008069 0.159275 0.784025 0.005619 0.043013
2 2 0.003807 0.093130 0.869105 0.008651 0.025306
2 2 0.000647 0.036789 0.945477 0.006270 0.010817
2 2 0.000430 0.031336 0.955229 0.004470 0.008535
2 2 0.000341 0.029639 0.959830 0.003073 0.007117
2 2 0.001585 0.075145 0.901910 0.003302 0.018059
2 2 0.001734 0.076065 0.894900 0.004194 0.023107
2 2 0.000908 0.047036 0.932234 0.005955 0.013867
2 2 0.000544 0.025971 0.953705 0.011325 0.008454
2 2 0.008641 0.142682 0.795625 0.010686 0.042366
2 2 0.026379 0.229295 0.680303 0.009812 0.054211
2 2 0.132049 0.306070 0.418019 0.022127 0.121735
1 2 0.292164 0.294327 0.248367 0.020657 0.144485
0 2 0.351335 0.267293 0.182789 0.022410 0.176174
0 0 0.514582 0.189572 0.080193 0.018647 0.197006
0 0 0.398510 0.221409 0.123914 0.044806 0.211362
2 0 0.161648 0.274512 0.279497 0.053552 0.230791
2 1 0.039494 0.260901 0.400818 0.002768 0.296019
2 2 0.010221 0.198339 0.653663 0.001961 0.135816
2 2 0.002225 0.091004 0.866160 0.002668 0.037943
2 2 0.006686 0.144728 0.787567 0.002891 0.058127
2 2 0.019481 0.207635 0.699749 0.005121 0.068015
2 2 0.136321 0.308216 0.359591 0.012962 0.182911
0 0 0.328703 0.253499 0.166266 0.031340 0.220194
0 0 0.480096 0.209512 0.111020 0.043042 0.156331
0 0 0.521289 0.201438 0.105279 0.044050 0.127944
0 0 0.568168 0.189188 0.088557 0.029012 0.125075
0 0 0.657278 0.162137 0.067838 0.022492 0.090254
0 0 0.774565 0.107203 0.047722 0.018175 0.052335
0 0 0.832458 0.077158 0.034855 0.012199 0.043330
0 0 0.781657 0.098157 0.042051 0.012471 0.065664
0 0 0.782041 0.114087 0.037921 0.009773 0.056178
0 0 0.579947 0.184864 0.085122 0.029352 0.120716
0 0 0.455144 0.214762 0.118232 0.047656 0.164205
0 0 0.372417 0.257084 0.194634 0.053951 0.121913
0 0 0.304474 0.280754 0.225527 0.031655 0.157590
0 0 0.363993 0.277348 0.168686 0.004294 0.185679
0 0 0.715215 0.141740 0.053138 0.015669 0.074237
0 0 0.808543 0.104297 0.031630 0.007483 0.048046
0 0 0.858141 0.080687 0.028130 0.010879 0.022164
0 0 0.815960 0.102430 0.038513 0.017813 0.025283
0 0 0.825725 0.098328 0.035838 0.015890 0.024219
0 0 0.834734 0.092854 0.026361 0.005905 0.040146
0 0 0.804609 0.102297 0.028131 0.005033 0.059930
0 0 0.745795 0.125059 0.038895 0.007701 0.082550
0 0 0.671073 0.158623 0.068190 0.025553 0.076561
0 0 0.638944 0.167986 0.084224 0.045150 0.063696
0 0 0.499434 0.169691 0.058870 0.008171 0.263833
0 0 0.502232 0.159840 0.050917 0.005830 0.281182
0 0 0.429997 0.118716 0.026702 0.001236 0.423348
0 0 0.480286 0.111430 0.022839 0.000947 0.384498
0 0 0.680244 0.118569 0.028285 0.002437 0.170466
0 0 0.715508 0.116846 0.029009 0.003000 0.135637
0 0 0.743093 0.125979 0.039328 0.007792 0.083809
0 0 0.711982 0.129107 0.037593 0.005664 0.115652
0 0 0.612772 0.148327 0.045243 0.005926 0.187731
0 0 0.680166 0.137765 0.041572 0.006264 0.134234
0 0 0.509319 0.178751 0.067552 0.011742 0.232635
0 0 0.659081 0.158672 0.059781 0.013148 0.109318
0 0 0.797446 0.104832 0.030556 0.005925 0.061241
0 0 0.822925 0.097623 0.031704 0.008970 0.038778
0 0 0.914938 0.049029 0.014385 0.003604 0.018044
0 0 0.860597 0.077400 0.019964 0.003580 0.038459
0 0 0.785887 0.105638 0.031623 0.005829 0.071023
0 0 0.792448 0.107618 0.030728 0.005774 0.063431
0 0 0.766193 0.123266 0.043631 0.013248 0.053662
0 0 0.780094 0.103798 0.051631 0.027771 0.036705
0 0 0.771000 0.121123 0.042003 0.012274 0.053600
0 0 0.831419 0.095281 0.028512 0.007266 0.037522
0 0 0.770002 0.117818 0.044125 0.013937 0.054118
0 0 0.811595 0.081947 0.043338 0.019356 0.043765
0 0 0.912963 0.034232 0.020782 0.009346 0.022677
0 0 0.972897 0.013458 0.005466 0.001680 0.006499
0 0 0.974593 0.013964 0.003656 0.000605 0.007182
0 0 0.929082 0.042678 0.008367 0.001092 0.018781
0 0 0.837799 0.088563 0.024092 0.004608 0.044937
0 0 0.821453 0.099896 0.030967 0.008283 0.039401
0 0 0.667834 0.145519 0.058401 0.014793 0.113453
0 0 0.773262 0.113363 0.044404 0.014439 0.054533
0 0 0.746077 0.121161 0.046597 0.012891 0.073274
0 0 0.635456 0.139099 0.039487 0.004597 0.181361
0 0 0.633948 0.127503 0.031881 0.002754 0.203914
0 0 0.503938 0.128246 0.037437 0.003002 0.327376
0 0 0.628106 0.106859 0.021201 0.001076 0.242757
0 0 0.681899 0.117568 0.027778 0.002350 0.170405
0 0 0.638465 0.129372 0.033157 0.003061 0.195945
0 0 0.603872 0.122308 0.028313 0.001928 0.243580
0 0 0.462926 0.135020 0.034792 0.002296 0.364966
0 0 0.465757 0.149854 0.043886 0.003865 0.336638
0 0 0.431358 0.130600 0.033387 0.002013 0.402642
0 0 0.497155 0.154337 0.046850 0.004756 0.296903
0 0 0.498156 0.144467 0.040233 0.003369 0.313774
4 0 0.147515 0.083253 0.020481 0.000621 0.748130
4 0 0.097109 0.061853 0.014130 0.000306 0.826602
4 0 0.103482 0.054087 0.010407 0.000163 0.831860
4 0 0.081395 0.049774 0.010092 0.000159 0.858580
4 0 0.123489 0.074221 0.017864 0.000478 0.783948
0 0 0.498174 0.206965 0.112594 0.049514 0.132752
0 0 0.584773 0.164469 0.057583 0.009862 0.183313
0 0 0.426689 0.197808 0.086832 0.018065 0.270606
0 0 0.528992 0.193372 0.087642 0.025247 0.164747
0 0 0.547510 0.193281 0.092543 0.032501 0.134165
0 0 0.560523 0.182907 0.076522 0.019355 0.160693
0 0 0.461995 0.169491 0.058517 0.007433 0.302565
4 0 0.330368 0.157250 0.053158 0.004928 0.454296
4 0 0.191523 0.142375 0.054559 0.004786 0.606758
4 0 0.117473 0.088443 0.026245 0.001057 0.766782
4 0 0.122091 0.141887 0.064091 0.002852 0.669079
4 0 0.114936 0.127328 0.052901 0.001998 0.702837
4 1 0.102462 0.124963 0.053008 0.001522 0.718044
4 1 0.054000 0.220630 0.219117 0.002240 0.504014
4 1 0.039215 0.248105 0.354082 0.003120 0.355478
2 1 0.039799 0.260895 0.469278 0.009355 0.220672
2 1 0.045732 0.264448 0.442309 0.010461 0.237049
2 1 0.077857 0.282238 0.369598 0.010963 0.259345
4 1 0.122719 0.273962 0.246479 0.005913 0.350926
2 1 0.068466 0.287367 0.405657 0.006687 0.231823
2 1 0.031607 0.244141 0.380098 0.002268 0.341885
2 1 0.011891 0.218864 0.559130 0.000989 0.209126
2 1 0.007510 0.200401 0.621938 0.000609 0.169543
4 1 0.028370 0.221766 0.297112 0.000916 0.451836
2 1 0.107856 0.302895 0.383297 0.011435 0.194516
0 0 0.439105 0.202980 0.093667 0.022696 0.241551
0 0 0.337663 0.226160 0.127366 0.032964 0.275848
2 0 0.198992 0.302839 0.337460 0.032534 0.128176
0 0 0.311972 0.279440 0.199710 0.015911 0.192967
4 1 0.240354 0.243582 0.138731 0.004626 0.372708
2 2 0.025482 0.249996 0.605837 0.003162 0.115523
2 2 0.012620 0.205580 0.694114 0.004590 0.083096
2 2 0.005642 0.150760 0.781416 0.003660 0.058522
2 2 0.001623 0.071763 0.899842 0.004555 0.022217
2 2 0.001036 0.059051 0.917687 0.002948 0.019277
2 2 0.001811 0.084913 0.880483 0.002531 0.030262
2 2 0.003513 0.133626 0.807593 0.001747 0.053521
2 2 0.002489 0.116975 0.836444 0.001432 0.042661
2 2 0.002279 0.113929 0.839142 0.001204 0.043446
2 2 0.001609 0.093009 0.872045 0.001311 0.032026
2 2 0.005201 0.174094 0.732363 0.001070 0.087272
2 2 0.011926 0.211414 0.675651 0.001998 0.099010
2 2 0.021226 0.234041 0.626219 0.006221 0.112293
2 2 0.023485 0.239879 0.577152 0.007223 0.152262
2 2 0.013210 0.212689 0.656686 0.004167 0.113248
2 2 0.008278 0.184300 0.683269 0.001805 0.122347
2 2 0.012275 0.210450 0.686344 0.001284 0.089647
2 2 0.019934 0.240084 0.648736 0.001397 0.089850
2 2 0.022055 0.243616 0.642367 0.001808 0.090155
2 2 0.022178 0.242145 0.627252 0.002908 0.105517
2 2 0.008410 0.182974 0.743056 0.003534 0.062025
2 2 0.010698 0.202223 0.702646 0.002299 0.082134
2 2 0.009155 0.196061 0.718741 0.001481 0.074562
2 2 0.008590 0.187442 0.746510 0.001580 0.055879
2 2 0.011327 0.208818 0.702176 0.001165 0.076514
2 2 0.012202 0.212300 0.695859 0.001289 0.078350
2 2 0.006173 0.173154 0.755614 0.001926 0.063133
2 2 0.004708 0.159823 0.776202 0.001940 0.057327
2 2 0.002064 0.102732 0.860166 0.001760 0.033278
2 2 0.000867 0.058452 0.924605 0.001502 0.014573
2 2 0.002794 0.122153 0.820269 0.001269 0.053515
2 2 0.001674 0.091295 0.865872 0.001169 0.039991
2 2 0.001756 0.086226 0.868767 0.001493 0.041758
2 2 0.020818 0.228355 0.692976 0.002602 0.055249
2 2 0.130127 0.310841 0.468051 0.012347 0.078635
0 2 0.482844 0.247065 0.183417 0.026048 0.060626
0 0 0.708634 0.143862 0.066911 0.036776 0.043817
0 0 0.657240 0.162692 0.078267 0.039293 0.062509
0 0 0.475636 0.189506 0.077932 0.015436 0.241491
4 0 0.161690 0.214660 0.128574 0.005616 0.489461
4 1 0.059862 0.186060 0.143180 0.001430 0.609469
4 1 0.028586 0.200732 0.229963 0.000557 0.540163
2 1 0.018564 0.224085 0.388448 0.000678 0.368225
2 1 0.014623 0.223230 0.459204 0.000672 0.302271
2 2 0.011044 0.213525 0.554931 0.000809 0.219690
2 2 0.008921 0.193392 0.621489 0.001021 0.175177
2 2 0.006070 0.157910 0.716934 0.001428 0.117659
2 2 0.001770 0.084497 0.865398 0.001396 0.046939
2 2 0.000437 0.037739 0.944448 0.001391 0.015984
2 2 0.003880 0.131438 0.757849 0.000935 0.105899
2 2 0.016732 0.220188 0.646427 0.007092 0.109561
2 0 0.117927 0.270450 0.290080 0.031649 0.289894
4 0 0.241832 0.239055 0.170197 0.059036 0.289881
0 1 0.345039 0.235149 0.146906 0.050469 0.222437
1 1 0.247256 0.294729 0.258724 0.023133 0.176159
1 1 0.235573 0.295153 0.234867 0.009794 0.224613
2 1 0.184845 0.323628 0.343379 0.006662 0.141485
2 1 0.184024 0.321803 0.325991 0.005962 0.162221
2 1 0.159608 0.319633 0.344347 0.006577 0.169836
2 2 0.076621 0.298674 0.475004 0.008331 0.141370
2 2 0.000105 0.012134 0.980343 0.004279 0.003137
2 2 0.000195 0.020635 0.970821 0.003198 0.005151
2 2 0.000582 0.047213 0.937244 0.001981 0.012980
2 2 0.000894 0.061093 0.916641 0.001521 0.019850
2 2 0.000487 0.037206 0.950641 0.002650 0.009016
2 2 0.000443 0.034031 0.954747 0.003099 0.007681
2 2 0.000284 0.027981 0.962636 0.002605 0.006495
2 2 0.000237 0.026101 0.965043 0.002401 0.006219
2 2 0.000227 0.025302 0.966001 0.002434 0.006036
2 2 0.000164 0.021373 0.971427 0.002116 0.004920
2 2 0.000304 0.028637 0.960872 0.003013 0.007174
2 2 0.000281 0.025001 0.964427 0.003779 0.006513
2 2 0.000864 0.036918 0.939966 0.010262 0.011990
2 2 0.029943 0.233746 0.627629 0.013180 0.095501
1 2 0.190223 0.295693 0.278340 0.019846 0.215898
1 1 0.281741 0.288303 0.227647 0.018996 0.183313
2 1 0.127590 0.311213 0.407403 0.013512 0.140282
2 1 0.069065 0.287576 0.367946 0.003145 0.272269
4 1 0.020309 0.223968 0.366605 0.000709 0.388409
2 2 0.011436 0.216022 0.490158 0.000484 0.281900
2 2 0.010012 0.210975 0.489407 0.000351 0.289255
2 2 0.011298 0.214363 0.472311 0.000406 0.301621
4 2 0.016504 0.209963 0.337298 0.000354 0.435881
2 2 0.042017 0.271777 0.474484 0.004553 0.207168
4 2 0.152448 0.283149 0.258454 0.012837 0.293112
4 2 0.138925 0.256857 0.237009 0.034778 0.332431
2 2 0.171192 0.297744 0.321335 0.030227 0.179501
2 2 0.032249 0.242830 0.617882 0.018169 0.088870
2 2 0.022244 0.240420 0.628521 0.003628 0.105187
2 2 0.004240 0.129170 0.818290 0.003219 0.045081
2 2 0.000352 0.030433 0.958990 0.003032 0.007193
2 2 0.000322 0.027752 0.964671 0.002308 0.004948
2 2 0.001444 0.055026 0.925438 0.005669 0.012423
2 2 0.005392 0.107940 0.843950 0.004539 0.038178
2 2 0.071245 0.299841 0.449778 0.004538 0.174598
4 2 0.156918 0.265318 0.199699 0.004786 0.373278
