0 0 0.920931 0.020939 0.019161 0.000194 0.038774
0 0 0.966473 0.008635 0.013533 0.000202 0.011157
0 0 0.933576 0.008017 0.037369 0.004361 0.016678
0 0 0.903713 0.011153 0.037871 0.002262 0.045001
0 0 0.884124 0.019193 0.052939 0.005322 0.038423
0 0 0.954716 0.005066 0.023201 0.001268 0.015748
0 0 0.938308 0.007174 0.015039 0.000163 0.039317
0 0 0.931308 0.009063 0.009082 0.000025 0.050522
0 0 0.921646 0.016051 0.012068 0.000045 0.050190
0 0 0.851840 0.034750 0.039601 0.001107 0.072701
0 0 0.637341 0.102784 0.028775 0.000155 0.230945
0 1 0.554150 0.158637 0.046725 0.000635 0.239854
4 1 0.291519 0.255947 0.110435 0.003744 0.338354
2 1 0.028774 0.207205 0.478732 0.011947 0.273341
2 1 0.015071 0.154961 0.635233 0.023936 0.170800
2 1 0.001830 0.058343 0.899671 0.012681 0.027475
2 1 0.005435 0.103389 0.808989 0.019335 0.062852
2 1 0.023415 0.193970 0.613015 0.010248 0.159352
2 1 0.026419 0.209639 0.622218 0.008386 0.133338
2 1 0.023183 0.218950 0.659117 0.012465 0.086284
2 1 0.029136 0.226748 0.648381 0.021707 0.074028
2 1 0.005426 0.111334 0.813735 0.022421 0.047084
2 1 0.006050 0.118435 0.800632 0.020463 0.054420
2 1 0.010157 0.157573 0.720509 0.015278 0.096483
2 1 0.022282 0.217646 0.622338 0.013460 0.124275
2 1 0.014581 0.193634 0.703963 0.012438 0.075385
2 1 0.017953 0.207691 0.663333 0.013890 0.097133
2 1 0.019362 0.200602 0.614475 0.012556 0.153005
2 1 0.021599 0.208844 0.570064 0.011287 0.188207
2 1 0.028607 0.233917 0.534924 0.007687 0.194865
2 1 0.013709 0.154377 0.615860 0.011318 0.204736
2 1 0.017781 0.177397 0.547236 0.009687 0.247899
2 1 0.029570 0.189934 0.453565 0.004907 0.322024
2 1 0.019016 0.180319 0.537786 0.011075 0.251804
2 1 0.028411 0.246605 0.528071 0.024750 0.172164
2 1 0.046658 0.295183 0.410391 0.020560 0.227208
2 1 0.021559 0.222038 0.618737 0.010165 0.127500
2 1 0.015228 0.193871 0.687801 0.012372 0.090728
2 1 0.008144 0.151413 0.763770 0.019809 0.056864
2 1 0.004576 0.108582 0.828460 0.031382 0.026999
2 2 0.002159 0.058230 0.898817 0.028288 0.012505
2 2 0.001701 0.048439 0.913935 0.025791 0.010133
2 2 0.002030 0.037821 0.907674 0.042193 0.010282
2 2 0.002054 0.029487 0.901925 0.057972 0.008563
2 2 0.003902 0.045458 0.858045 0.076073 0.016521
2 2 0.007600 0.076087 0.791142 0.091568 0.033602
2 2 0.007963 0.096329 0.784326 0.077969 0.033413
2 3 0.015701 0.180914 0.665524 0.067426 0.070435
2 3 0.012298 0.144044 0.708148 0.076101 0.059409
2 3 0.011031 0.103266 0.739303 0.105160 0.041241
2 3 0.008299 0.059216 0.763956 0.143186 0.025343
2 3 0.009114 0.022408 0.542746 0.413562 0.012171
2 3 0.008555 0.017198 0.485256 0.479229 0.009761
3 3 0.012854 0.023879 0.419532 0.531722 0.012014
3 3 0.011651 0.024271 0.455208 0.497840 0.011029
3 3 0.010075 0.019197 0.441914 0.519480 0.009335
3 3 0.007555 0.015089 0.470904 0.499583 0.006868
2 3 0.004709 0.012185 0.593918 0.383241 0.005947
2 3 0.005369 0.014458 0.585532 0.388558 0.006082
2 3 0.006839 0.014362 0.504521 0.466997 0.007281
3 3 0.012706 0.008262 0.168385 0.802847 0.007799
3 3 0.021157 0.017156 0.198868 0.746155 0.016664
3 3 0.024421 0.014347 0.134203 0.811129 0.015900
3 3 0.022066 0.009439 0.092613 0.864378 0.011503
3 3 0.019821 0.013480 0.158908 0.795618 0.012173
3 3 0.013579 0.009471 0.174787 0.794139 0.008025
3 3 0.012677 0.012100 0.243875 0.722684 0.008665
3 3 0.010788 0.009769 0.237122 0.735329 0.006993
3 3 0.010998 0.013103 0.305677 0.661979 0.008243
3 3 0.009552 0.010401 0.286793 0.686625 0.006628
3 3 0.013385 0.009772 0.182030 0.786995 0.007819
3 3 0.014082 0.008499 0.151241 0.817905 0.008273
3 3 0.015635 0.008552 0.131176 0.836056 0.008582
3 3 0.021677 0.013728 0.142940 0.809000 0.012654
3 3 0.018509 0.014513 0.180160 0.776108 0.010709
3 3 0.015562 0.008218 0.116223 0.853261 0.006737
3 3 0.015646 0.009513 0.136533 0.831077 0.007231
3 3 0.013214 0.005182 0.082905 0.893942 0.004756
3 3 0.015757 0.006428 0.088624 0.882467 0.006724
3 3 0.011004 0.004402 0.093278 0.886749 0.004568
3 3 0.016053 0.009333 0.139731 0.825818 0.009064
3 3 0.015690 0.011947 0.189937 0.772120 0.010307
3 3 0.018757 0.010679 0.137153 0.821641 0.011771
3 3 0.015939 0.010035 0.155202 0.809092 0.009731
3 3 0.017121 0.011311 0.162018 0.798656 0.010894
3 3 0.015652 0.010114 0.154126 0.811471 0.008637
3 3 0.014740 0.007553 0.120398 0.849954 0.007355
3 3 0.020362 0.006678 0.069143 0.894105 0.009711
3 3 0.026839 0.009280 0.069086 0.881517 0.013279
3 3 0.026070 0.008289 0.061323 0.892594 0.011724
2 3 0.097600 0.127000 0.569711 0.082826 0.122863
2 3 0.235165 0.153384 0.372492 0.063092 0.175867
4 3 0.199186 0.148341 0.217530 0.169817 0.265126
4 3 0.099331 0.173668 0.252264 0.125322 0.349415
2 3 0.029274 0.187137 0.552300 0.133405 0.097884
2 3 0.016077 0.138015 0.674499 0.121982 0.049427
2 3 0.020000 0.170642 0.629180 0.111174 0.069003
2 3 0.020226 0.132099 0.633166 0.151797 0.062712
2 3 0.035131 0.206292 0.504410 0.081588 0.172580
2 3 0.029924 0.190839 0.535974 0.068554 0.174708
2 3 0.012852 0.091620 0.711084 0.140289 0.044155
2 3 0.011432 0.094862 0.732959 0.118945 0.041803
2 2 0.008281 0.051032 0.761728 0.138469 0.040490
2 2 0.013099 0.078949 0.700906 0.148600 0.058446
2 2 0.020775 0.187275 0.610029 0.075799 0.106122
2 2 0.024346 0.196657 0.574260 0.063678 0.141058
2 2 0.011474 0.123421 0.741218 0.056358 0.067529
2 2 0.017268 0.140843 0.655059 0.037977 0.148854
2 2 0.019582 0.149196 0.682567 0.038991 0.109663
2 2 0.017635 0.135142 0.684241 0.055020 0.107961
2 2 0.011026 0.117338 0.769866 0.039738 0.062032
2 2 0.004710 0.036411 0.829063 0.105422 0.024394
2 2 0.002849 0.014683 0.806788 0.166782 0.008897
2 2 0.003742 0.018218 0.790183 0.174788 0.013069
2 2 0.002450 0.014302 0.835748 0.138250 0.009250
2 2 0.004504 0.032340 0.827143 0.113495 0.022517
2 2 0.007171 0.048683 0.781172 0.133270 0.029704
2 2 0.011270 0.042436 0.659237 0.255347 0.031709
2 2 0.019057 0.040881 0.489934 0.405911 0.044217
2 2 0.020311 0.048380 0.510611 0.367411 0.053286
2 2 0.014870 0.043506 0.576088 0.331931 0.033605
2 2 0.010574 0.043749 0.661593 0.263246 0.020837
2 2 0.012370 0.047639 0.638404 0.275681 0.025907
2 2 0.013739 0.040845 0.581628 0.335377 0.028410
3 2 0.016561 0.032975 0.458268 0.466631 0.025566
2 3 0.017237 0.050162 0.551128 0.347503 0.033971
2 3 0.013267 0.047612 0.621852 0.288392 0.028877
2 3 0.007216 0.035222 0.731576 0.207759 0.018226
2 3 0.006302 0.031887 0.746106 0.200012 0.015693
2 3 0.009976 0.038113 0.653740 0.278542 0.019629
2 3 0.005142 0.013949 0.625706 0.346300 0.008903
2 3 0.006739 0.017979 0.594802 0.370096 0.010385
2 3 0.010198 0.021385 0.487166 0.469086 0.012166
2 3 0.012412 0.028277 0.506745 0.434896 0.017671
3 3 0.012932 0.015853 0.320312 0.638959 0.011944
3 3 0.022401 0.027941 0.293310 0.634550 0.021798
3 3 0.016893 0.017695 0.273898 0.675178 0.016336
3 3 0.010521 0.009247 0.259135 0.711361 0.009737
3 3 0.007548 0.007674 0.312767 0.664610 0.007402
3 3 0.009316 0.012199 0.367794 0.600791 0.009901
3 3 0.012984 0.022725 0.419205 0.530765 0.014320
3 3 0.016678 0.028527 0.392759 0.544151 0.017884
3 3 0.027654 0.041320 0.330970 0.566801 0.033256
3 3 0.025763 0.041612 0.353322 0.548437 0.030866
3 3 0.026375 0.050889 0.383049 0.510464 0.029223
2 3 0.020446 0.087285 0.580186 0.279379 0.032705
2 3 0.007553 0.055041 0.764042 0.157289 0.016076
2 3 0.004155 0.024941 0.786579 0.175733 0.008592
2 3 0.008560 0.042522 0.721343 0.204947 0.022627
2 3 0.011403 0.029019 0.548025 0.393283 0.018270
2 3 0.006229 0.029827 0.744845 0.201756 0.017342
2 3 0.004186 0.048044 0.851340 0.080195 0.016235
2 3 0.004203 0.056515 0.854607 0.066564 0.018111
2 3 0.003798 0.044453 0.861178 0.072628 0.017943
2 3 0.003929 0.032364 0.838170 0.111846 0.013691
2 3 0.011284 0.033091 0.592210 0.341755 0.021660
2 3 0.017063 0.087673 0.643408 0.209100 0.042756
2 3 0.035756 0.089948 0.579526 0.255317 0.039452
2 3 0.048870 0.098046 0.551773 0.260031 0.041281
2 3 0.062815 0.086631 0.427186 0.373789 0.049579
3 3 0.030056 0.056731 0.376823 0.497380 0.039010
2 3 0.011350 0.044267 0.648865 0.271766 0.023751
2 3 0.004921 0.037217 0.817695 0.122411 0.017757
2 3 0.002189 0.044364 0.902921 0.033923 0.016603
2 3 0.004805 0.100750 0.825013 0.033898 0.035535
2 2 0.005324 0.101914 0.814731 0.026031 0.051999
2 2 0.006012 0.107446 0.797586 0.021224 0.067732
2 4 0.005917 0.099085 0.768057 0.010788 0.116154
2 4 0.008312 0.120206 0.699028 0.008513 0.163940
2 4 0.020235 0.181650 0.493582 0.008459 0.296074
2 4 0.037193 0.229280 0.399846 0.006942 0.326738
4 4 0.046506 0.226398 0.318037 0.008235 0.400824
2 4 0.029989 0.206029 0.386957 0.009014 0.368011
4 4 0.030912 0.175420 0.290640 0.005742 0.497286
2 4 0.018473 0.164433 0.469427 0.006192 0.341475
2 4 0.040529 0.233742 0.402386 0.005951 0.317393
2 4 0.029323 0.216553 0.523099 0.005812 0.225213
2 4 0.020075 0.184556 0.555507 0.005487 0.234374
2 4 0.020014 0.157909 0.428610 0.004631 0.388837
4 4 0.026755 0.151095 0.285034 0.005126 0.531990
4 4 0.171919 0.178380 0.066500 0.002621 0.580581
4 4 0.083331 0.130448 0.053555 0.001770 0.730897
4 4 0.081405 0.187418 0.129404 0.002083 0.599691
4 4 0.059487 0.142742 0.091074 0.001861 0.704836
4 4 0.058727 0.111707 0.059991 0.001336 0.768239
4 4 0.051288 0.138117 0.103226 0.001780 0.705589
4 4 0.070497 0.170105 0.110382 0.002794 0.646222
4 4 0.050087 0.233700 0.249344 0.009067 0.457800
4 4 0.053738 0.261104 0.314691 0.010484 0.359984
2 4 0.015980 0.184409 0.600691 0.010543 0.188378
2 4 0.017232 0.190729 0.588662 0.009875 0.193502
2 4 0.014335 0.181196 0.639279 0.011972 0.153219
2 4 0.012784 0.172246 0.662890 0.011802 0.140278
2 4 0.008103 0.136240 0.742363 0.011166 0.102128
2 4 0.005472 0.111022 0.795381 0.009848 0.078277
2 4 0.005924 0.118781 0.786065 0.009616 0.079615
2 2 0.007477 0.132861 0.766681 0.014974 0.078006
2 2 0.010249 0.151233 0.708039 0.013248 0.117231
2 2 0.014945 0.177516 0.636251 0.014840 0.156448
2 2 0.013680 0.169549 0.646605 0.013037 0.157129
2 2 0.020784 0.208505 0.638315 0.014828 0.117568
2 2 0.163722 0.290240 0.414424 0.005590 0.126023
2 2 0.153891 0.146141 0.662390 0.017467 0.020110
0 0 0.789004 0.058407 0.073826 0.006391 0.072372
0 0 0.880469 0.027930 0.041207 0.001713 0.048681
0 0 0.974159 0.003931 0.015443 0.000686 0.005781
0 0 0.910449 0.013473 0.042488 0.003616 0.029974
0 0 0.904790 0.013193 0.041589 0.003052 0.037376
0 0 0.843945 0.016937 0.051852 0.003678 0.083589
0 0 0.840510 0.017145 0.059093 0.005780 0.077471
0 0 0.586615 0.035278 0.030783 0.000311 0.347014
4 0 0.420302 0.037828 0.039011 0.000730 0.502128
4 0 0.402324 0.029956 0.033487 0.000522 0.533711
4 0 0.371642 0.032752 0.029476 0.000348 0.565783
4 0 0.339355 0.028133 0.020407 0.000125 0.611979
4 0 0.316317 0.012821 0.015263 0.000081 0.655518
4 0 0.450934 0.007973 0.009940 0.000021 0.531131
4 0 0.454261 0.007383 0.006920 0.000007 0.531430
4 0 0.342703 0.025273 0.008306 0.000008 0.623711
4 0 0.243560 0.159423 0.050367 0.001205 0.545446
1 0 0.250026 0.343760 0.198684 0.006685 0.200845
4 0 0.129070 0.241275 0.124361 0.012451 0.492843
2 1 0.024799 0.218070 0.514942 0.015285 0.226905
2 1 0.015809 0.180883 0.633746 0.017953 0.151609
2 1 0.009598 0.149084 0.739140 0.022206 0.079973
2 1 0.008120 0.140345 0.764185 0.021603 0.065748
2 2 0.006307 0.127736 0.795379 0.018408 0.052170
2 2 0.007859 0.143308 0.768374 0.020008 0.060450
2 2 0.009174 0.155961 0.750698 0.026850 0.057317
2 2 0.015549 0.207423 0.682793 0.028515 0.065720
2 2 0.020463 0.223286 0.631341 0.032071 0.092840
2 2 0.007625 0.143440 0.774732 0.032753 0.041450
2 2 0.004343 0.108920 0.835105 0.021996 0.029636
2 2 0.002671 0.085213 0.871665 0.023725 0.016727
2 2 0.004020 0.096318 0.841561 0.032496 0.025606
2 2 0.005819 0.077283 0.822414 0.071323 0.023161
2 2 0.006578 0.065022 0.804533 0.102652 0.021216
2 2 0.007516 0.078704 0.792503 0.093233 0.028045
2 2 0.006538 0.058751 0.801311 0.112657 0.020743
2 2 0.005987 0.056494 0.812856 0.104242 0.020421
2 2 0.004536 0.047513 0.843353 0.085402 0.019196
2 2 0.005182 0.068138 0.834719 0.071293 0.020668
2 2 0.009483 0.119679 0.756897 0.077617 0.036324
2 2 0.006923 0.124652 0.787405 0.052217 0.028803
2 2 0.007997 0.116354 0.778082 0.074905 0.022663
2 2 0.003964 0.068268 0.857882 0.055587 0.014299
2 2 0.002555 0.037184 0.888352 0.063137 0.008771
2 2 0.002364 0.026344 0.883042 0.080175 0.008075
2 3 0.003395 0.042784 0.868491 0.072596 0.012734
2 3 0.007724 0.048577 0.753476 0.171488 0.018736
2 3 0.010189 0.047232 0.682413 0.239969 0.020196
2 3 0.007775 0.026196 0.629354 0.325419 0.011255
2 3 0.006189 0.018435 0.614867 0.352058 0.008450
2 3 0.007709 0.019996 0.571372 0.390097 0.010826
2 3 0.005018 0.013867 0.606975 0.367666 0.006474
2 3 0.005181 0.019382 0.678422 0.289437 0.007579
2 3 0.004834 0.019023 0.689213 0.280161 0.006769
2 3 0.006061 0.016110 0.581141 0.389298 0.007389
2 3 0.007017 0.017361 0.564731 0.401295 0.009596
2 3 0.007732 0.024298 0.622268 0.333474 0.012227
2 3 0.009321 0.037677 0.668311 0.266578 0.018112
2 3 0.011805 0.038856 0.598451 0.331916 0.018972
2 3 0.011898 0.030174 0.517980 0.426051 0.013897
3 3 0.015443 0.021568 0.338176 0.610665 0.014148
3 3 0.013166 0.020341 0.360451 0.595492 0.010549
3 3 0.018064 0.029844 0.347807 0.590874 0.013411
3 3 0.016145 0.018654 0.256580 0.699382 0.009240
3 3 0.016647 0.014592 0.200747 0.758781 0.009234
3 3 0.014840 0.009856 0.157924 0.809493 0.007886
3 3 0.014342 0.009151 0.160193 0.807666 0.008648
3 3 0.017775 0.022981 0.281467 0.666623 0.011154
2 3 0.019450 0.051417 0.460183 0.451941 0.017009
2 3 0.015972 0.049041 0.517348 0.402381 0.015258
2 3 0.015803 0.053748 0.553138 0.359092 0.018219
2 3 0.014686 0.049635 0.549341 0.371452 0.014885
3 3 0.014583 0.032537 0.431162 0.511092 0.010627
3 3 0.013391 0.026464 0.399620 0.551732 0.008793
3 3 0.015189 0.027093 0.391375 0.556343 0.010000
2 3 0.021519 0.042946 0.493511 0.429132 0.012892
3 3 0.021422 0.052763 0.439408 0.466872 0.019536
3 3 0.031593 0.046530 0.284224 0.613534 0.024120
3 3 0.012959 0.029694 0.462069 0.484024 0.011254
3 3 0.014880 0.033012 0.434639 0.505820 0.011649
3 3 0.019059 0.035832 0.367117 0.564773 0.013219
3 3 0.023476 0.049628 0.384572 0.524242 0.018083
3 3 0.022483 0.048739 0.393259 0.518317 0.017202
3 3 0.023480 0.041192 0.337860 0.580784 0.016684
3 3 0.017842 0.029412 0.344648 0.595391 0.012706
3 3 0.013905 0.014845 0.248792 0.714456 0.008002
3 3 0.015386 0.015140 0.228985 0.731503 0.008986
3 3 0.019678 0.016020 0.175493 0.778879 0.009930
3 3 0.027844 0.021533 0.156912 0.778806 0.014906
3 3 0.028391 0.018658 0.129819 0.809269 0.013862
3 3 0.040321 0.046874 0.232746 0.643729 0.036331
3 3 0.037724 0.062567 0.316944 0.541270 0.041495
3 3 0.042494 0.085915 0.313379 0.527368 0.030844
3 3 0.037553 0.048986 0.229721 0.662076 0.021665
3 3 0.017827 0.009291 0.106286 0.859739 0.006858
3 3 0.014805 0.007654 0.108119 0.863990 0.005431
3 3 0.015105 0.007838 0.109403 0.861924 0.005729
3 3 0.020421 0.008223 0.079733 0.883544 0.008079
3 3 0.021772 0.007652 0.066890 0.895411 0.008275
3 3 0.020338 0.006873 0.064049 0.901361 0.007379
3 3 0.015618 0.004090 0.048359 0.927148 0.004784
3 3 0.013640 0.002923 0.038745 0.940826 0.003865
3 3 0.015832 0.003824 0.044680 0.930658 0.005005
3 3 0.014922 0.004572 0.063070 0.911825 0.005611
3 3 0.015556 0.008024 0.119234 0.849507 0.007679
3 3 0.015977 0.008315 0.121375 0.846116 0.008217
3 3 0.022693 0.018057 0.185190 0.758184 0.015876
3 3 0.025882 0.014611 0.117945 0.827928 0.013634
3 3 0.022776 0.012824 0.117932 0.835419 0.011049
3 3 0.024680 0.007188 0.055188 0.902527 0.010418
3 3 0.016170 0.004287 0.055133 0.917676 0.006734
3 3 0.042322 0.012007 0.104467 0.826763 0.014440
2 3 0.295329 0.107512 0.306355 0.228369 0.062436
2 3 0.143673 0.275998 0.451502 0.061237 0.067590
2 3 0.060651 0.181444 0.547229 0.161441 0.049236
2 2 0.027826 0.075460 0.492293 0.327856 0.076566
2 2 0.008472 0.032702 0.684548 0.252594 0.021684
2 2 0.007518 0.051168 0.774990 0.138106 0.028217
2 2 0.006120 0.025621 0.721237 0.231721 0.015301
2 2 0.010590 0.026924 0.571779 0.369278 0.021428
2 2 0.007680 0.021331 0.603536 0.354198 0.013255
2 2 0.012731 0.045274 0.628386 0.283902 0.029707
2 2 0.008191 0.052155 0.755702 0.159706 0.024247
2 2 0.005717 0.074272 0.824545 0.072335 0.023131
2 2 0.005384 0.110033 0.812017 0.039160 0.033405
2 2 0.004216 0.077203 0.850812 0.047027 0.020741
2 2 0.005213 0.115432 0.817664 0.027930 0.033761
2 4 0.012132 0.148455 0.641774 0.010450 0.187189
2 4 0.019989 0.183330 0.515588 0.010032 0.271061
2 4 0.027306 0.199046 0.428004 0.010912 0.334731
4 4 0.049837 0.178284 0.194938 0.010377 0.566563
4 4 0.057787 0.173915 0.149142 0.009019 0.610137
4 4 0.088124 0.163004 0.088069 0.005421 0.655382
4 4 0.052191 0.123719 0.079590 0.003320 0.741179
4 4 0.045221 0.094646 0.048298 0.001269 0.810567
4 4 0.045424 0.096799 0.050921 0.001372 0.805485
4 4 0.063037 0.100186 0.034425 0.001564 0.800788
4 4 0.080145 0.127494 0.048532 0.003278 0.740551
4 4 0.091217 0.258750 0.178339 0.006172 0.465521
4 4 0.087073 0.259871 0.176604 0.007034 0.469418
4 4 0.072159 0.159893 0.092858 0.006239 0.668850
4 4 0.055665 0.164490 0.134261 0.006829 0.638754
4 4 0.038211 0.117349 0.109886 0.002867 0.731688
4 4 0.040830 0.120355 0.106522 0.003118 0.729175
4 4 0.112851 0.159041 0.078640 0.002677 0.646790
4 4 0.051159 0.185618 0.200734 0.004040 0.558449
4 4 0.070861 0.200849 0.165823 0.004106 0.558360
4 4 0.051602 0.221341 0.252099 0.005791 0.469168
4 4 0.072408 0.275564 0.270981 0.007183 0.373864
4 4 0.138279 0.272388 0.157597 0.006989 0.424748
4 4 0.124107 0.302237 0.206937 0.008078 0.358641
2 4 0.089080 0.313839 0.333329 0.006880 0.256872
2 4 0.045863 0.271075 0.403712 0.010456 0.268895
2 4 0.030477 0.239501 0.498604 0.009404 0.222014
2 4 0.026849 0.234348 0.543132 0.009886 0.185786
2 4 0.029300 0.248710 0.505776 0.013709 0.202506
2 4 0.017801 0.206650 0.605251 0.013809 0.156490
2 4 0.015759 0.191687 0.612661 0.009482 0.170411
2 4 0.012476 0.169913 0.652919 0.009219 0.155472
2 4 0.007761 0.121427 0.707390 0.006820 0.156602
2 4 0.005012 0.092637 0.775931 0.007161 0.119259
2 4 0.005320 0.097430 0.785085 0.009690 0.102475
2 2 0.011268 0.143917 0.666290 0.011729 0.166795
2 2 0.007671 0.131103 0.752894 0.011988 0.096344
2 2 0.006445 0.126638 0.786103 0.013488 0.067326
2 2 0.002592 0.080432 0.876965 0.012225 0.027787
2 2 0.003243 0.084599 0.857865 0.011983 0.042310
2 2 0.004656 0.096183 0.812625 0.010403 0.076133
2 2 0.007370 0.127992 0.759276 0.012161 0.093201
2 2 0.012118 0.160302 0.654027 0.009716 0.163838
2 2 0.016621 0.158459 0.580723 0.016053 0.228143
2 2 0.010347 0.138074 0.694392 0.014098 0.143090
2 2 0.006752 0.115931 0.772645 0.014314 0.090357
2 2 0.004368 0.095897 0.822552 0.010275 0.066908
2 2 0.006069 0.104338 0.791129 0.019012 0.079451
2 2 0.015557 0.159309 0.617879 0.019264 0.187991
2 2 0.033381 0.212945 0.617791 0.011206 0.124677
2 2 0.144301 0.308951 0.319809 0.006734 0.220205
2 2 0.097632 0.320324 0.362041 0.022052 0.197951
1 2 0.080070 0.337428 0.334459 0.050120 0.197923
2 2 0.045092 0.261190 0.436435 0.073360 0.183924
2 2 0.013309 0.160278 0.691924 0.064265 0.070224
2 2 0.003813 0.094918 0.847192 0.025135 0.028942
2 2 0.003257 0.082435 0.860282 0.016984 0.037041
2 2 0.002056 0.065080 0.893148 0.013571 0.026145
2 2 0.004148 0.096955 0.839285 0.017360 0.042253
2 2 0.005088 0.113579 0.818610 0.016518 0.046205
2 2 0.012182 0.162349 0.751453 0.018397 0.055620
2 2 0.005691 0.123165 0.807374 0.031586 0.032184
2 2 0.004333 0.096930 0.834652 0.032441 0.031644
2 2 0.002013 0.056753 0.900578 0.023072 0.017584
2 2 0.005055 0.102356 0.820934 0.025002 0.046654
2 2 0.007384 0.132298 0.779475 0.033612 0.047232
2 2 0.011588 0.163209 0.718165 0.040073 0.066965
2 2 0.012216 0.168518 0.707477 0.030782 0.081007
2 2 0.005530 0.113814 0.812126 0.029318 0.039212
2 2 0.006132 0.122052 0.800669 0.023296 0.047850
2 2 0.003471 0.093633 0.855311 0.016927 0.030658
2 2 0.003326 0.092673 0.858055 0.021659 0.024286
2 2 0.004184 0.106167 0.838753 0.020881 0.030015
2 2 0.006684 0.123593 0.790685 0.035943 0.043095
2 2 0.011143 0.164371 0.723178 0.049812 0.051496
2 2 0.026375 0.225967 0.631899 0.040414 0.075344
2 0 0.056467 0.278092 0.521856 0.020477 0.123107
2 2 0.051419 0.264891 0.516472 0.026368 0.140850
2 2 0.033425 0.257129 0.568925 0.051935 0.088586
2 2 0.013091 0.166662 0.698276 0.044514 0.077458
2 2 0.004397 0.048616 0.847137 0.081780 0.018070
2 2 0.007645 0.076740 0.790354 0.094000 0.031260
2 2 0.009377 0.077723 0.759659 0.121203 0.032038
2 2 0.004955 0.082695 0.836141 0.053961 0.022249
2 2 0.003021 0.058953 0.880380 0.042701 0.014946
2 2 0.001528 0.036006 0.922947 0.029079 0.010441
2 2 0.002460 0.041028 0.896557 0.044716 0.015239
2 2 0.002730 0.042674 0.889507 0.047765 0.017325
2 2 0.004067 0.061470 0.856439 0.049851 0.028172
2 2 0.002823 0.044567 0.887016 0.045917 0.019677
2 2 0.010514 0.118127 0.746081 0.078153 0.047125
2 2 0.008030 0.119971 0.768316 0.050211 0.053471
2 2 0.014894 0.164479 0.668103 0.038482 0.114042
2 2 0.015542 0.181288 0.667048 0.038243 0.097880
2 2 0.009184 0.158434 0.751006 0.030246 0.051130
2 2 0.004333 0.107097 0.835691 0.022055 0.030824
2 2 0.008456 0.136116 0.765616 0.044038 0.045774
2 2 0.015371 0.176368 0.669810 0.044167 0.094284
2 2 0.041331 0.240695 0.439930 0.018777 0.259267
2 2 0.126448 0.187030 0.551587 0.005307 0.129628
0 2 0.760186 0.071588 0.058753 0.001384 0.108089
0 2 0.803623 0.040001 0.035087 0.000561 0.120728
0 0 0.925708 0.007805 0.007633 0.000015 0.058840
0 0 0.911231 0.004643 0.017601 0.000267 0.066257
0 0 0.587236 0.011661 0.023601 0.000242 0.377260
0 0 0.636182 0.018866 0.038305 0.000877 0.305770
0 0 0.775029 0.023984 0.050369 0.002193 0.148425
0 0 0.709214 0.030347 0.031076 0.000360 0.229003
0 0 0.568727 0.061142 0.053067 0.001378 0.315686
0 0 0.493515 0.081234 0.043043 0.000630 0.381578
4 0 0.267699 0.106831 0.054333 0.001708 0.569429
4 0 0.287708 0.132139 0.068272 0.003069 0.508812
4 0 0.292344 0.151980 0.044030 0.000694 0.510953
4 1 0.155782 0.235298 0.111784 0.008208 0.488928
2 2 0.051997 0.291977 0.429304 0.041128 0.185594
2 2 0.011395 0.153981 0.719542 0.045991 0.069091
2 2 0.005723 0.107469 0.805854 0.040813 0.040142
2 2 0.005436 0.106735 0.813511 0.031451 0.042867
2 2 0.011860 0.159809 0.706154 0.025909 0.096267
2 2 0.020562 0.199026 0.599058 0.030328 0.151027
2 2 0.001719 0.063789 0.902140 0.017178 0.015175
2 2 0.005072 0.111374 0.821112 0.025354 0.037088
2 2 0.003357 0.091121 0.855490 0.027949 0.022082
2 2 0.003799 0.084610 0.852413 0.034728 0.024450
2 2 0.008817 0.135389 0.755316 0.032799 0.067679
2 2 0.008981 0.133396 0.760806 0.038866 0.057952
2 2 0.012469 0.177913 0.715574 0.029299 0.064744
2 2 0.009192 0.165158 0.750740 0.030739 0.044171
2 2 0.004149 0.113874 0.833448 0.029030 0.019499
2 2 0.000690 0.033736 0.947864 0.011619 0.006090
2 2 0.000486 0.030320 0.955897 0.008112 0.005186
2 2 0.000891 0.048042 0.931941 0.010638 0.008488
2 2 0.002956 0.092896 0.866092 0.017201 0.020854
2 2 0.007020 0.141772 0.784382 0.024345 0.042481
2 2 0.018414 0.173483 0.686196 0.051138 0.070768
2 2 0.022189 0.196794 0.649196 0.033625 0.098196
2 2 0.034247 0.242720 0.517287 0.058102 0.147644
2 2 0.022224 0.223492 0.603310 0.046160 0.104815
2 2 0.018909 0.207327 0.633603 0.040815 0.099346
2 2 0.020078 0.203757 0.675330 0.035352 0.065483
2 2 0.065423 0.237075 0.638856 0.014416 0.044230
2 2 0.170367 0.257592 0.502610 0.035880 0.033551
0 0 0.492564 0.164359 0.231281 0.061376 0.050419
0 0 0.912448 0.017063 0.050559 0.009948 0.009983
0 0 0.942160 0.011807 0.027717 0.001329 0.016987
0 0 0.891324 0.017962 0.018033 0.000129 0.072552
0 0 0.748355 0.014245 0.011937 0.000026 0.225437
4 0 0.276996 0.013196 0.017923 0.000148 0.691737
4 0 0.223634 0.019774 0.021333 0.000246 0.735013
4 0 0.229382 0.058020 0.028569 0.000338 0.683691
2 4 0.005515 0.122366 0.806488 0.013059 0.052572
2 4 0.009927 0.162690 0.744168 0.015614 0.067601
2 4 0.012078 0.173115 0.727588 0.009921 0.077298
2 4 0.013192 0.186844 0.731153 0.013794 0.055016
2 4 0.023745 0.227525 0.629959 0.017928 0.100843
2 4 0.069606 0.275901 0.324505 0.016401 0.313587
4 4 0.119414 0.246657 0.172686 0.005861 0.455382
4 4 0.170921 0.204538 0.083659 0.003719 0.537163
4 4 0.146494 0.141129 0.047016 0.001585 0.663776
4 4 0.139112 0.155304 0.055057 0.001835 0.648693
4 4 0.085618 0.135505 0.052915 0.003938 0.722024
4 4 0.100534 0.235013 0.147383 0.005677 0.511393
4 4 0.088754 0.156626 0.090894 0.004578 0.659148
4 4 0.048490 0.141431 0.135080 0.005229 0.669770
4 4 0.079908 0.126421 0.057445 0.002161 0.734065
4 4 0.074419 0.114153 0.045058 0.001747 0.764622
4 4 0.067800 0.109983 0.039579 0.002166 0.780472
4 4 0.064135 0.102421 0.035576 0.001688 0.796180
4 4 0.127825 0.145648 0.052217 0.002483 0.671826
4 4 0.107479 0.128646 0.044265 0.001827 0.717783
4 4 0.093246 0.147163 0.062949 0.004598 0.692044
4 4 0.156780 0.196414 0.096024 0.005615 0.545166
4 4 0.185195 0.264052 0.128220 0.005401 0.417132
4 4 0.284986 0.189452 0.064051 0.001316 0.460194
4 4 0.225785 0.227202 0.089540 0.002017 0.455456
4 4 0.204592 0.154737 0.050056 0.001382 0.589234
4 4 0.129580 0.140537 0.052375 0.001710 0.675798
4 4 0.080699 0.108995 0.036465 0.001410 0.772431
4 4 0.058114 0.081570 0.024640 0.000650 0.835026
4 4 0.060857 0.095797 0.032209 0.001340 0.809797
4 4 0.108002 0.126433 0.042817 0.001649 0.721099
4 4 0.236733 0.197507 0.071215 0.001739 0.492806
4 4 0.069943 0.124592 0.068046 0.001995 0.735424
4 4 0.053665 0.134771 0.110728 0.001940 0.698896
4 4 0.080671 0.127453 0.062860 0.001883 0.727132
4 4 0.065066 0.112098 0.044221 0.002307 0.776308
4 4 0.079380 0.122974 0.045615 0.002761 0.749270
4 4 0.065912 0.116307 0.047841 0.002630 0.767311
4 4 0.081562 0.146673 0.084802 0.002089 0.684874
4 4 0.090795 0.171503 0.116124 0.001734 0.619844
4 4 0.159872 0.211355 0.107867 0.001656 0.519249
4 4 0.130031 0.121922 0.041565 0.000746 0.705737
4 4 0.124952 0.127374 0.044227 0.001091 0.702356
4 4 0.080011 0.124492 0.049309 0.002564 0.743624
4 4 0.067852 0.138403 0.072820 0.005001 0.715924
4 4 0.152101 0.178313 0.071721 0.005322 0.592543
4 4 0.063229 0.250227 0.312768 0.008649 0.365128
1 4 0.141427 0.324363 0.248945 0.003541 0.281724
4 4 0.086142 0.220631 0.210139 0.003584 0.479504
4 4 0.068655 0.182491 0.193248 0.003215 0.552391
4 4 0.146445 0.240159 0.187986 0.004192 0.421219
4 4 0.087271 0.248217 0.275951 0.013643 0.374919
2 4 0.065924 0.265579 0.379364 0.027842 0.261291
2 4 0.034244 0.224573 0.506796 0.108418 0.125969
2 4 0.037605 0.258786 0.486079 0.066146 0.151385
2 4 0.023441 0.210137 0.559926 0.025707 0.180789
2 4 0.026008 0.187643 0.435773 0.010606 0.339970
2 4 0.027684 0.199240 0.444704 0.014026 0.314346
2 4 0.053892 0.247045 0.390196 0.006356 0.302511
2 4 0.043622 0.241991 0.473760 0.006097 0.234529
1 4 0.100067 0.317025 0.300883 0.009667 0.272358
2 4 0.035255 0.239964 0.443431 0.008442 0.272909
2 4 0.024856 0.189181 0.446174 0.006094 0.333695
2 4 0.023264 0.200957 0.505436 0.006548 0.263795
2 4 0.037691 0.232589 0.470191 0.004583 0.254945
2 4 0.035472 0.216846 0.549590 0.005665 0.192427
2 4 0.107771 0.266428 0.347979 0.004981 0.272842
4 4 0.164445 0.242047 0.168455 0.005386 0.419666
4 4 0.290148 0.259811 0.121663 0.008903 0.319475
1 4 0.193786 0.375587 0.251078 0.008895 0.170653
1 4 0.156086 0.405967 0.310741 0.007226 0.119980
2 4 0.012120 0.163474 0.669922 0.011904 0.142580
2 4 0.003685 0.099999 0.848103 0.012512 0.035701
2 4 0.003918 0.104114 0.841593 0.011674 0.038701
2 4 0.003382 0.094379 0.854366 0.010857 0.037016
2 2 0.003174 0.087821 0.861757 0.013589 0.033658
2 2 0.004377 0.101923 0.827766 0.011131 0.054802
2 2 0.003987 0.095345 0.834610 0.009935 0.056124
2 2 0.002505 0.076369 0.872694 0.006924 0.041508
2 2 0.002304 0.073684 0.878100 0.006255 0.039657
2 2 0.004231 0.095873 0.825252 0.009490 0.065154
2 2 0.006336 0.123844 0.789547 0.014563 0.065710
2 2 0.004212 0.104613 0.836327 0.013805 0.041043
2 2 0.003807 0.093637 0.843569 0.012202 0.046786
2 2 0.008368 0.126529 0.771104 0.012276 0.081723
2 2 0.048970 0.236934 0.509191 0.009196 0.195709
2 2 0.098784 0.273938 0.347937 0.008862 0.270479
1 2 0.194232 0.329129 0.280634 0.012865 0.183141
1 2 0.224220 0.339305 0.290633 0.008011 0.137831
0 2 0.336104 0.254846 0.153954 0.003317 0.251778
4 2 0.187718 0.310307 0.172257 0.009575 0.320142
2 2 0.049320 0.296769 0.432459 0.020054 0.201398
2 2 0.012937 0.188868 0.722743 0.026591 0.048861
2 2 0.007005 0.140838 0.780564 0.040778 0.030816
2 2 0.003765 0.099698 0.844845 0.029808 0.021885
2 2 0.003166 0.088676 0.862012 0.022290 0.023855
2 2 0.002128 0.074761 0.889407 0.016501 0.017203
2 2 0.002804 0.088780 0.869432 0.010204 0.028779
2 2 0.002287 0.080415 0.884464 0.010758 0.022076
2 2 0.002257 0.080069 0.885433 0.013620 0.018621
2 2 0.002830 0.087944 0.870167 0.017554 0.021506
2 2 0.003026 0.089938 0.862518 0.025964 0.018554
2 2 0.002142 0.077778 0.886131 0.020223 0.013726
2 2 0.001501 0.052467 0.916212 0.020193 0.009627
2 2 0.001212 0.043580 0.928179 0.018349 0.008681
2 2 0.001132 0.031942 0.935525 0.024818 0.006583
2 2 0.001819 0.033531 0.912912 0.043235 0.008503
2 2 0.001622 0.037454 0.919706 0.032141 0.009077
2 2 0.001445 0.035192 0.925013 0.030823 0.007526
2 2 0.001040 0.031337 0.938436 0.023433 0.005754
2 2 0.001849 0.033365 0.908012 0.050981 0.005792
2 2 0.001987 0.026647 0.894904 0.070956 0.005505
2 2 0.001926 0.025982 0.899051 0.066909 0.006132
2 2 0.001397 0.023168 0.922395 0.046828 0.006212
2 2 0.001522 0.044063 0.920320 0.025496 0.008599
2 3 0.002520 0.062479 0.889427 0.033725 0.011849
2 3 0.002962 0.061500 0.880437 0.043027 0.012075
2 3 0.002597 0.036275 0.884304 0.069089 0.007736
2 3 0.002046 0.031419 0.900644 0.059165 0.006726
2 3 0.002180 0.042936 0.901986 0.044427 0.008471
2 3 0.006077 0.054240 0.811328 0.104324 0.024031
2 3 0.005569 0.075618 0.826648 0.072040 0.020125
2 3 0.005877 0.091861 0.818052 0.061830 0.022381
2 3 0.002083 0.035832 0.903741 0.050260 0.008083
2 3 0.002124 0.047175 0.902207 0.041190 0.007304
2 3 0.003385 0.050373 0.866665 0.070887 0.008690
2 3 0.005057 0.039377 0.797775 0.148202 0.009589
2 3 0.005009 0.021647 0.703544 0.262832 0.006968
2 3 0.004159 0.022667 0.761423 0.205000 0.006751
2 3 0.002870 0.023282 0.839954 0.127690 0.006205
2 3 0.003841 0.023205 0.780710 0.185920 0.006323
2 3 0.005362 0.021189 0.684209 0.281653 0.007586
2 3 0.010868 0.026927 0.519329 0.430247 0.012627
2 3 0.010344 0.026049 0.531703 0.419184 0.012720
2 3 0.014367 0.040558 0.531433 0.395572 0.018070
2 3 0.013213 0.040107 0.554116 0.375940 0.016625
2 3 0.013479 0.052272 0.604140 0.311885 0.018224
2 3 0.008774 0.036608 0.650296 0.293319 0.011003
2 3 0.006350 0.018715 0.589239 0.378996 0.006700
2 3 0.004394 0.009840 0.525719 0.456354 0.003693
3 3 0.006203 0.007576 0.320410 0.662187 0.003624
3 3 0.008285 0.010010 0.310006 0.666442 0.005257
3 3 0.009014 0.015657 0.412999 0.555116 0.007214
3 3 0.010918 0.018882 0.404910 0.556019 0.009271
3 3 0.011263 0.018153 0.386896 0.574013 0.009676
3 3 0.012774 0.012717 0.249281 0.716801 0.008427
3 3 0.016298 0.011775 0.173265 0.789056 0.009605
3 3 0.021529 0.026119 0.273143 0.662481 0.016728
3 3 0.024668 0.041280 0.346037 0.564832 0.023183
3 3 0.021344 0.030851 0.314012 0.616444 0.017349
3 3 0.013086 0.007701 0.143843 0.828542 0.006828
3 3 0.014288 0.010013 0.166148 0.802121 0.007430
2 3 0.011318 0.026275 0.493998 0.456291 0.012118
2 3 0.008869 0.029015 0.614795 0.334255 0.013066
2 3 0.007610 0.028378 0.656016 0.296129 0.011867
2 3 0.004585 0.019606 0.701201 0.268751 0.005856
2 3 0.007528 0.020587 0.556589 0.407702 0.007594
2 3 0.005829 0.013754 0.532490 0.442412 0.005514
2 3 0.008959 0.022216 0.514557 0.445901 0.008367
2 3 0.011459 0.029568 0.504125 0.444331 0.010519
3 3 0.012459 0.026109 0.445706 0.504694 0.011032
3 3 0.016940 0.024607 0.326227 0.619210 0.013016
3 3 0.018635 0.014691 0.172930 0.784293 0.009451
3 3 0.019033 0.010313 0.117994 0.843565 0.009096
3 3 0.017361 0.009386 0.121235 0.843548 0.008470
3 3 0.013069 0.007212 0.132569 0.840693 0.006457
3 3 0.011364 0.008422 0.189551 0.784164 0.006499
3 3 0.010921 0.005761 0.132672 0.845164 0.005481
3 3 0.010190 0.007521 0.195139 0.781136 0.006015
3 3 0.010387 0.004853 0.112410 0.867863 0.004486
3 3 0.011580 0.006467 0.131901 0.844963 0.005089
3 3 0.010201 0.008135 0.191053 0.786005 0.004606
3 3 0.012528 0.014617 0.269673 0.696219 0.006963
3 3 0.013718 0.014592 0.252452 0.710947 0.008291
3 3 0.020454 0.015168 0.172448 0.778995 0.012935
3 3 0.022565 0.008210 0.078582 0.878591 0.012053
3 3 0.077336 0.036785 0.241559 0.616324 0.027995
2 3 0.154809 0.105583 0.353737 0.300864 0.085006
2 2 0.043209 0.254268 0.540686 0.061995 0.099842
2 2 0.054329 0.252389 0.360466 0.056837 0.275979
2 2 0.002542 0.035346 0.891538 0.058202 0.012372
2 2 0.002234 0.034148 0.902038 0.046165 0.015415
2 2 0.001224 0.024187 0.933227 0.031981 0.009381
2 2 0.001916 0.062905 0.897136 0.017671 0.020371
2 2 0.002245 0.070867 0.887636 0.016157 0.023095
2 2 0.002183 0.072407 0.887731 0.019924 0.017755
2 2 0.001889 0.050414 0.907925 0.025531 0.014242
2 2 0.002140 0.046582 0.903504 0.031649 0.016124
2 2 0.002596 0.069777 0.877361 0.023254 0.027011
2 2 0.002164 0.068117 0.889105 0.020284 0.020329
2 2 0.002944 0.080533 0.868614 0.020629 0.027281
2 2 0.005250 0.100241 0.810124 0.017358 0.067027
2 2 0.008545 0.123301 0.735937 0.017341 0.114876
2 2 0.016596 0.174592 0.597339 0.014302 0.197171
2 4 0.029598 0.195126 0.385487 0.010171 0.379617
4 4 0.047839 0.182098 0.201385 0.008920 0.559759
4 4 0.057766 0.133539 0.083982 0.004411 0.720301
4 4 0.066158 0.133428 0.068551 0.004351 0.727512
4 4 0.074567 0.134152 0.058294 0.004439 0.728548
4 4 0.058625 0.136885 0.087794 0.004855 0.711841
4 4 0.057196 0.109923 0.050761 0.002143 0.779978
4 4 0.058536 0.103109 0.041414 0.001716 0.795225
4 4 0.066584 0.114717 0.045443 0.002506 0.770749
4 4 0.078269 0.151387 0.074963 0.007070 0.688310
4 4 0.086305 0.167230 0.079944 0.008852 0.657669
4 4 0.076032 0.126319 0.048680 0.003503 0.745467
4 4 0.070288 0.114549 0.043132 0.002344 0.769688
4 4 0.060578 0.088587 0.028072 0.000905 0.821859
4 4 0.105053 0.124559 0.042092 0.001615 0.726681
4 4 0.265636 0.185240 0.062669 0.001379 0.485076
4 4 0.106518 0.231295 0.314926 0.002497 0.344764
4 4 0.194529 0.275740 0.192203 0.005009 0.332518
4 4 0.205446 0.301436 0.164578 0.011411 0.317128
1 4 0.123678 0.345168 0.234237 0.016230 0.280687
1 4 0.159512 0.371035 0.236973 0.006063 0.226417
4 4 0.055521 0.236112 0.308207 0.003504 0.396656
4 4 0.067439 0.246043 0.318337 0.002391 0.365790
4 4 0.112763 0.247773 0.236542 0.001198 0.401724
4 4 0.154114 0.241066 0.150652 0.001474 0.452694
4 4 0.290460 0.154157 0.045150 0.000729 0.509504
4 4 0.352224 0.170201 0.052709 0.001048 0.423818
4 4 0.217569 0.177643 0.063741 0.002701 0.538346
4 4 0.337051 0.224230 0.092486 0.006247 0.339986
4 4 0.165943 0.237787 0.113457 0.009225 0.473588
4 4 0.058077 0.231224 0.234267 0.009010 0.467422
2 4 0.011372 0.149214 0.632157 0.006725 0.200532
2 4 0.010182 0.130708 0.631147 0.006411 0.221552
2 4 0.006873 0.124989 0.747339 0.007042 0.113757
2 4 0.005566 0.127387 0.797653 0.008837 0.060557
2 4 0.003810 0.103228 0.838939 0.008169 0.045854
2 4 0.002935 0.080349 0.883457 0.007659 0.025600
2 4 0.046841 0.225875 0.632080 0.006548 0.088656
2 4 0.170979 0.232555 0.503886 0.011521 0.081059
0 4 0.328889 0.230245 0.270288 0.012356 0.158223
0 4 0.304381 0.273697 0.124034 0.004048 0.293839
4 4 0.246273 0.272481 0.125007 0.004163 0.352077
4 4 0.071968 0.251905 0.270117 0.006173 0.399838
4 4 0.045246 0.176646 0.183182 0.005727 0.589199
4 4 0.047444 0.219231 0.268193 0.006773 0.458360
4 4 0.089553 0.257396 0.257114 0.007131 0.388805
1 4 0.269809 0.316991 0.169546 0.006988 0.236666
4 4 0.180575 0.302166 0.170864 0.013832 0.332563
4 4 0.201889 0.289708 0.160890 0.018396 0.329118
2 4 0.092898 0.309225 0.400370 0.029127 0.168379
1 0 0.169196 0.361866 0.282227 0.038467 0.148244
1 0 0.102611 0.359923 0.326858 0.063570 0.147038
1 4 0.080619 0.340683 0.276845 0.042171 0.259682
1 4 0.077497 0.335873 0.324930 0.031989 0.229711
2 4 0.086244 0.349394 0.385656 0.014277 0.164429
2 4 0.061520 0.316960 0.462661 0.016886 0.141973
2 4 0.017309 0.202089 0.628231 0.019461 0.132909
2 4 0.009247 0.143074 0.735531 0.017036 0.095112
2 2 0.003334 0.081584 0.844349 0.008057 0.062676
2 2 0.000828 0.041865 0.936254 0.005491 0.015563
2 2 0.001060 0.046825 0.922045 0.003968 0.026102
2 2 0.000829 0.040487 0.934890 0.004526 0.019268
2 2 0.000931 0.044731 0.932337 0.007192 0.014809
2 2 0.001193 0.053445 0.921417 0.007898 0.016048
2 2 0.001403 0.058530 0.913801 0.010227 0.016038
2 2 0.002618 0.081545 0.875084 0.010330 0.030423
2 2 0.012771 0.171074 0.688820 0.020851 0.106485
2 2 0.017454 0.201881 0.635067 0.024012 0.121587
2 2 0.017507 0.205504 0.649325 0.040943 0.086721
2 2 0.017320 0.200700 0.648815 0.036335 0.096829
2 2 0.002850 0.081867 0.869094 0.024810 0.021378
2 2 0.001607 0.040901 0.919164 0.026178 0.012150
2 2 0.001871 0.049626 0.907753 0.024170 0.016581
2 2 0.003450 0.080311 0.854774 0.019231 0.042234
2 2 0.006993 0.115280 0.763757 0.013986 0.099983
2 2 0.005104 0.106905 0.814830 0.014812 0.058349
2 2 0.094893 0.347393 0.420473 0.027119 0.110121
2 2 0.125660 0.310560 0.331396 0.013315 0.219070
2 2 0.071873 0.258536 0.443121 0.011987 0.214482
2 2 0.070392 0.296295 0.415402 0.027075 0.190835
2 2 0.045394 0.254092 0.429780 0.071974 0.198760
2 2 0.018131 0.129571 0.667063 0.123337 0.061899
2 2 0.007717 0.086435 0.789419 0.088223 0.028205
2 2 0.014484 0.164920 0.677551 0.081371 0.061674
2 2 0.013192 0.157461 0.693391 0.043466 0.092491
2 2 0.012478 0.162865 0.702871 0.033172 0.088613
2 2 0.006097 0.107565 0.790301 0.017117 0.078920
2 2 0.004702 0.092479 0.814455 0.013187 0.075177
2 2 0.002175 0.065278 0.888663 0.012390 0.031494
2 2 0.002270 0.069418 0.884872 0.010387 0.033053
2 2 0.001673 0.056276 0.902005 0.008110 0.031935
2 2 0.001514 0.053669 0.910678 0.013209 0.020930
2 2 0.001370 0.052483 0.915574 0.013542 0.017032
2 2 0.002363 0.071798 0.882939 0.011343 0.031556
2 2 0.001861 0.061614 0.897592 0.009603 0.029330
2 2 0.002819 0.081168 0.871167 0.013437 0.031409
2 2 0.004411 0.103949 0.831389 0.013959 0.046292
2 2 0.002881 0.083800 0.869936 0.014949 0.028434
2 2 0.001492 0.057263 0.910575 0.015240 0.015431
2 2 0.001419 0.053691 0.913518 0.014895 0.016476
2 2 0.001891 0.061026 0.897850 0.018352 0.020882
2 2 0.001493 0.042958 0.921290 0.023144 0.011115
2 2 0.001773 0.037318 0.915722 0.032977 0.012210
2 2 0.001257 0.032425 0.931516 0.027489 0.007313
2 2 0.000957 0.020648 0.946742 0.025957 0.005696
2 2 0.010247 0.062630 0.906286 0.014727 0.006110
0 0 0.489139 0.142187 0.114704 0.013152 0.240818
1 0 0.179698 0.376150 0.262222 0.012152 0.169779
1 0 0.084243 0.332270 0.260644 0.042140 0.280703
2 1 0.004471 0.106390 0.829372 0.034354 0.025413
2 1 0.002578 0.057340 0.890386 0.035815 0.013881
2 1 0.002372 0.051795 0.896940 0.036329 0.012564
2 1 0.002326 0.075429 0.884175 0.022477 0.015593
2 1 0.001175 0.054501 0.921150 0.013515 0.009659
2 2 0.001399 0.064935 0.909428 0.014838 0.009400
2 2 0.001159 0.049045 0.926075 0.015812 0.007909
2 2 0.001428 0.058921 0.912975 0.016215 0.010461
2 2 0.005138 0.113155 0.820765 0.025344 0.035598
2 2 0.070142 0.297194 0.508610 0.010761 0.113293
1 2 0.149447 0.351629 0.303431 0.007645 0.187849
1 2 0.198594 0.368779 0.240998 0.009295 0.182333
0 2 0.352660 0.250335 0.103169 0.002675 0.291161
0 2 0.648624 0.105863 0.031014 0.000147 0.214352
0 2 0.749780 0.042385 0.022783 0.000118 0.184934
0 0 0.517293 0.086434 0.031672 0.000225 0.364375
4 0 0.347834 0.131184 0.032351 0.000244 0.488387
4 0 0.154571 0.191865 0.079082 0.004868 0.569614
4 4 0.074778 0.214221 0.150140 0.012857 0.548005
2 4 0.055477 0.287477 0.345748 0.030628 0.280670
2 4 0.014021 0.192740 0.685220 0.029020 0.078999
2 4 0.008088 0.145677 0.767425 0.025674 0.053136
2 4 0.003907 0.100251 0.845286 0.019788 0.030768
2 2 0.002071 0.075556 0.891085 0.015311 0.015977
2 2 0.004197 0.101216 0.855302 0.010164 0.029121
2 2 0.011158 0.141006 0.777189 0.008774 0.061873
2 2 0.029925 0.207671 0.613853 0.007654 0.140897
2 2 0.005362 0.113196 0.815523 0.024447 0.041473
2 2 0.030654 0.184862 0.714119 0.008798 0.061567
2 2 0.180911 0.313509 0.388628 0.006579 0.110372
2 2 0.349480 0.190390 0.352578 0.021449 0.086103
0 2 0.814888 0.030404 0.073537 0.008899 0.072272
0 0 0.871395 0.013309 0.052544 0.005228 0.057526
