0 0 0.582432 0.129376 0.086553 0.028486 0.173153
4 0 0.181439 0.304180 0.121114 0.003198 0.390069
2 0 0.075498 0.323453 0.358995 0.004689 0.237365
2 1 0.024343 0.188798 0.555564 0.007180 0.224114
2 1 0.024571 0.192869 0.503431 0.005499 0.273630
2 1 0.027402 0.204613 0.479187 0.005065 0.283732
2 1 0.028944 0.202535 0.498073 0.006515 0.263933
2 1 0.036843 0.235014 0.435600 0.004780 0.287764
2 1 0.033477 0.234358 0.371690 0.002721 0.357755
4 1 0.027317 0.206821 0.353777 0.002471 0.409613
2 1 0.030395 0.221924 0.402969 0.003216 0.341496
2 1 0.024265 0.193165 0.446534 0.004101 0.331935
4 1 0.031122 0.183405 0.362558 0.005719 0.417197
4 1 0.038396 0.157131 0.216956 0.005684 0.581833
4 4 0.025465 0.115746 0.156322 0.002413 0.700054
4 4 0.029651 0.100189 0.108227 0.001354 0.760579
4 4 0.037875 0.132987 0.114082 0.001339 0.713717
4 4 0.041177 0.167558 0.122032 0.001279 0.667955
4 4 0.060253 0.267410 0.317822 0.004542 0.349973
2 4 0.065007 0.290218 0.353754 0.004962 0.286060
2 1 0.046243 0.262409 0.506978 0.007164 0.177206
2 1 0.059687 0.263314 0.476879 0.011330 0.188791
2 1 0.067646 0.297139 0.451161 0.008280 0.175774
4 1 0.039783 0.237187 0.354374 0.003508 0.365148
2 1 0.038970 0.245693 0.417933 0.004177 0.293227
2 1 0.034703 0.211532 0.389373 0.004935 0.359457
2 1 0.023069 0.167274 0.527716 0.009206 0.272735
2 1 0.026894 0.178763 0.455891 0.007439 0.331013
2 1 0.031347 0.186429 0.481687 0.010183 0.290355
2 1 0.031485 0.200786 0.511259 0.008685 0.247786
2 1 0.008848 0.061238 0.719098 0.182426 0.028390
2 1 0.010629 0.059048 0.620986 0.276830 0.032507
2 2 0.012084 0.060301 0.610329 0.297172 0.020114
2 2 0.012391 0.049267 0.462389 0.456120 0.019833
3 2 0.008637 0.019805 0.267744 0.693256 0.010558
3 2 0.008402 0.008555 0.128953 0.847157 0.006934
3 2 0.007217 0.004699 0.083706 0.899907 0.004470
3 2 0.010153 0.003891 0.065199 0.916313 0.004445
3 2 0.007059 0.002087 0.043524 0.944706 0.002625
3 3 0.006935 0.001228 0.028241 0.961745 0.001851
3 3 0.002387 0.000475 0.017469 0.978974 0.000696
3 3 0.001478 0.000302 0.013747 0.984032 0.000440
3 3 0.001825 0.000376 0.015544 0.981708 0.000546
3 3 0.001487 0.000319 0.014381 0.983355 0.000458
3 3 0.006157 0.001025 0.025174 0.966061 0.001582
3 3 0.003642 0.000634 0.019672 0.975083 0.000969
3 3 0.008168 0.001439 0.030711 0.957512 0.002169
3 3 0.004541 0.000765 0.021565 0.971949 0.001180
3 3 0.006026 0.001092 0.026680 0.964567 0.001635
3 3 0.006330 0.001091 0.026280 0.964638 0.001662
3 3 0.004935 0.000735 0.020344 0.972805 0.001182
3 3 0.004574 0.000616 0.017975 0.975806 0.001028
3 3 0.003147 0.000514 0.017211 0.978324 0.000804
3 3 0.003953 0.000809 0.023517 0.970554 0.001167
3 3 0.003847 0.000750 0.022258 0.972045 0.001100
3 3 0.004833 0.000811 0.022232 0.970872 0.001251
3 3 0.006947 0.001028 0.024347 0.966028 0.001650
3 3 0.005972 0.000808 0.020845 0.971033 0.001342
3 3 0.005855 0.000935 0.023650 0.968096 0.001464
3 3 0.003788 0.000680 0.020610 0.973894 0.001028
3 3 0.002913 0.000531 0.018098 0.977657 0.000800
3 3 0.003187 0.000503 0.016862 0.978651 0.000797
3 3 0.002921 0.000445 0.015618 0.980301 0.000715
3 3 0.002355 0.000423 0.015926 0.980653 0.000642
3 3 0.003130 0.000501 0.016874 0.978706 0.000789
3 3 0.002369 0.000434 0.016243 0.980299 0.000655
3 3 0.003556 0.000567 0.018048 0.976934 0.000894
3 3 0.002909 0.000368 0.013318 0.982775 0.000630
3 3 0.005004 0.000581 0.016658 0.976738 0.001020
3 3 0.003846 0.000404 0.013283 0.981730 0.000737
3 3 0.003975 0.000382 0.012560 0.982364 0.000719
3 3 0.003929 0.000414 0.013480 0.981423 0.000754
3 3 0.003394 0.000352 0.012294 0.983313 0.000647
3 3 0.003389 0.000442 0.014863 0.980557 0.000748
3 3 0.003497 0.000536 0.017286 0.977825 0.000857
3 3 0.004775 0.000685 0.019376 0.974048 0.001117
3 3 0.003863 0.000648 0.019687 0.974799 0.001003
3 3 0.006425 0.000975 0.023845 0.967202 0.001553
3 3 0.004884 0.000752 0.020811 0.972357 0.001196
3 3 0.002738 0.000601 0.020420 0.975393 0.000849
3 3 0.003018 0.000591 0.019592 0.975930 0.000868
3 3 0.002471 0.000439 0.016186 0.980236 0.000669
3 3 0.002414 0.000406 0.015287 0.981261 0.000631
3 3 0.002501 0.000377 0.014204 0.982310 0.000608
3 3 0.001920 0.000334 0.013858 0.983374 0.000514
3 3 0.001913 0.000369 0.015096 0.982074 0.000548
3 3 0.002135 0.000450 0.017251 0.979517 0.000647
3 3 0.001840 0.000398 0.016241 0.980954 0.000567
3 3 0.002266 0.000387 0.014958 0.981789 0.000599
3 3 0.003294 0.000538 0.017640 0.977687 0.000841
3 3 0.036452 0.005133 0.056119 0.894071 0.008225
3 3 0.021675 0.003071 0.043091 0.927221 0.004942
3 3 0.008716 0.001905 0.037986 0.948734 0.002659
3 3 0.010202 0.002797 0.049748 0.933657 0.003597
3 3 0.012404 0.003434 0.055590 0.924182 0.004391
3 3 0.015514 0.003521 0.053169 0.922979 0.004817
3 3 0.011172 0.002973 0.050942 0.931054 0.003860
3 3 0.004272 0.001444 0.037147 0.955395 0.001742
3 3 0.003416 0.001203 0.034068 0.959878 0.001434
3 3 0.003728 0.001311 0.035682 0.957716 0.001563
3 3 0.004341 0.001223 0.032224 0.960640 0.001573
3 3 0.007483 0.001489 0.032401 0.956474 0.002152
3 3 0.005362 0.000981 0.025266 0.966924 0.001467
3 3 0.004385 0.000803 0.022671 0.970939 0.001202
3 3 0.003620 0.000696 0.021272 0.973386 0.001026
3 3 0.002385 0.000536 0.019320 0.977007 0.000752
3 3 0.002612 0.000576 0.019994 0.976005 0.000813
3 3 0.002358 0.000534 0.019315 0.977046 0.000747
3 3 0.004172 0.000853 0.024182 0.969563 0.001229
3 3 0.006314 0.001126 0.027011 0.963853 0.001695
3 3 0.009284 0.001444 0.029662 0.957340 0.002271
3 3 0.007139 0.001384 0.030917 0.958540 0.002020
3 3 0.007265 0.001280 0.028827 0.960697 0.001931
3 3 0.006397 0.001196 0.028284 0.962352 0.001770
3 3 0.005990 0.001170 0.028311 0.962822 0.001707
3 3 0.005606 0.001022 0.025801 0.966042 0.001529
3 3 0.005140 0.000918 0.024199 0.968359 0.001384
3 3 0.005144 0.001129 0.028716 0.963428 0.001583
3 3 0.004818 0.001020 0.026912 0.965801 0.001450
3 3 0.002873 0.000637 0.021132 0.974463 0.000896
3 3 0.008841 0.001452 0.030230 0.957235 0.002241
3 3 0.006286 0.001172 0.027947 0.962859 0.001736
3 3 0.005256 0.000997 0.025750 0.966526 0.001472
3 3 0.003108 0.000511 0.017192 0.978392 0.000798
3 3 0.005065 0.000676 0.018847 0.974282 0.001130
3 3 0.006936 0.001073 0.025249 0.965045 0.001696
3 3 0.016766 0.002445 0.038535 0.938348 0.003906
3 3 0.011527 0.001582 0.030028 0.954271 0.002593
3 3 0.005979 0.000926 0.023320 0.968310 0.001466
3 3 0.005977 0.000868 0.022101 0.969649 0.001405
3 3 0.004527 0.000793 0.022224 0.971251 0.001205
3 3 0.003000 0.000546 0.018351 0.977280 0.000823
3 3 0.005126 0.000888 0.023558 0.969075 0.001354
3 3 0.003231 0.000563 0.018440 0.976904 0.000861
3 3 0.003420 0.000561 0.018070 0.977073 0.000876
3 3 0.002421 0.000364 0.013923 0.982704 0.000588
3 3 0.002111 0.000340 0.013714 0.983297 0.000538
3 3 0.002056 0.000331 0.013492 0.983598 0.000523
3 3 0.002598 0.000429 0.015673 0.980629 0.000671
3 3 0.003293 0.000582 0.018861 0.976378 0.000886
3 3 0.004920 0.000856 0.023127 0.969793 0.001304
3 3 0.006132 0.001089 0.026490 0.964648 0.001642
3 3 0.006051 0.001253 0.029863 0.961044 0.001790
3 3 0.006499 0.000931 0.022871 0.968185 0.001514
3 3 0.003167 0.000479 0.016199 0.979385 0.000770
3 3 0.003773 0.000562 0.017600 0.977158 0.000907
3 3 0.003362 0.000652 0.020584 0.974442 0.000959
3 3 0.003297 0.000754 0.023374 0.971527 0.001048
3 3 0.003145 0.000818 0.025361 0.969589 0.001087
3 3 0.002324 0.000677 0.023654 0.972478 0.000867
3 3 0.003202 0.000676 0.021515 0.973641 0.000966
3 3 0.004404 0.000713 0.020521 0.973246 0.001115
3 3 0.008428 0.001088 0.024124 0.964532 0.001829
3 3 0.015544 0.002206 0.036201 0.942489 0.003561
3 3 0.023315 0.002851 0.039672 0.929334 0.004828
3 3 0.026868 0.004537 0.055619 0.906132 0.006844
3 3 0.021216 0.005724 0.071974 0.893748 0.007338
3 3 0.048376 0.013370 0.110598 0.810838 0.016818
3 2 0.053371 0.029394 0.262814 0.634310 0.020110
2 1 0.109505 0.083675 0.467371 0.302053 0.037395
2 1 0.043049 0.077663 0.605570 0.250775 0.022943
2 1 0.018681 0.061888 0.615350 0.287238 0.016844
3 1 0.012179 0.033982 0.370503 0.567584 0.015752
3 2 0.006812 0.021299 0.298257 0.656952 0.016681
3 2 0.013437 0.047582 0.447798 0.466023 0.025161
2 2 0.026836 0.093172 0.581019 0.263697 0.035276
2 2 0.024711 0.095414 0.637494 0.214740 0.027641
2 2 0.028451 0.087483 0.490693 0.330097 0.063276
3 2 0.006265 0.034586 0.448802 0.479186 0.031161
3 2 0.003061 0.021509 0.447860 0.498123 0.029447
2 2 0.003955 0.031607 0.558771 0.344419 0.061248
2 2 0.005821 0.048308 0.620732 0.204905 0.120234
2 2 0.013887 0.077588 0.581903 0.155381 0.171242
2 2 0.058363 0.180888 0.486415 0.065250 0.209083
2 2 0.114068 0.299246 0.448536 0.025925 0.112225
2 2 0.148992 0.350589 0.388987 0.018384 0.093049
1 2 0.162911 0.372874 0.351736 0.014201 0.098278
1 2 0.199741 0.381872 0.283222 0.012971 0.122195
2 2 0.165610 0.351942 0.357341 0.019394 0.105713
2 2 0.140864 0.338021 0.411884 0.020697 0.088534
2 2 0.307470 0.211164 0.330502 0.057184 0.093680
2 2 0.153819 0.294528 0.459350 0.024001 0.068302
2 2 0.178960 0.309734 0.420854 0.019268 0.071185
2 2 0.252942 0.233351 0.392283 0.043524 0.077900
2 2 0.221882 0.205104 0.426430 0.070154 0.076430
2 1 0.108690 0.169295 0.565208 0.104411 0.052396
2 1 0.064491 0.206276 0.637588 0.049328 0.042317
2 1 0.068012 0.225593 0.616504 0.042796 0.047095
2 1 0.058813 0.212296 0.646479 0.042012 0.040402
2 1 0.079606 0.268362 0.574077 0.027045 0.050910
2 1 0.078943 0.276498 0.572157 0.023297 0.049106
2 1 0.079819 0.285054 0.565862 0.020663 0.048603
2 1 0.092277 0.300778 0.529638 0.020682 0.056625
2 1 0.077312 0.231199 0.582654 0.051813 0.057022
2 1 0.038899 0.132455 0.642535 0.148181 0.037930
2 2 0.028008 0.102396 0.631598 0.207286 0.030711
2 2 0.025802 0.102606 0.667271 0.177448 0.026874
2 2 0.021866 0.097756 0.703963 0.154500 0.021914
2 2 0.020082 0.093454 0.710103 0.156057 0.020304
2 2 0.035817 0.122079 0.641103 0.165244 0.035756
2 2 0.029362 0.105337 0.630335 0.203089 0.031876
2 2 0.041088 0.120115 0.582360 0.212726 0.043710
2 2 0.032492 0.094653 0.548932 0.286760 0.037163
2 2 0.024273 0.080356 0.524466 0.338214 0.032691
2 2 0.026084 0.086639 0.546751 0.307091 0.033434
2 2 0.021678 0.083617 0.581894 0.272890 0.039922
2 2 0.026287 0.092149 0.568734 0.267563 0.045266
2 2 0.022185 0.082230 0.550290 0.294655 0.050640
2 2 0.022890 0.088381 0.587941 0.252380 0.048408
2 2 0.042373 0.116252 0.526910 0.251501 0.062965
2 2 0.031538 0.084754 0.452012 0.385983 0.045712
3 2 0.021437 0.058313 0.391185 0.496512 0.032553
3 2 0.015268 0.033228 0.297537 0.633566 0.020401
3 2 0.008716 0.019165 0.234446 0.725855 0.011817
3 2 0.012184 0.013246 0.162998 0.801131 0.010441
3 3 0.028562 0.021704 0.198353 0.733521 0.017860
3 3 0.061593 0.044241 0.346884 0.521612 0.025670
3 3 0.089976 0.055429 0.386494 0.437987 0.030114
0 3 0.343216 0.080045 0.241887 0.267556 0.067296
0 2 0.457110 0.059605 0.155968 0.260025 0.067292
0 2 0.396940 0.076237 0.193102 0.256201 0.077520
0 0 0.430739 0.173184 0.213204 0.064647 0.118226
1 0 0.290031 0.293839 0.258294 0.025979 0.131856
1 0 0.166352 0.379205 0.347478 0.012433 0.094532
1 1 0.201567 0.358589 0.308886 0.016302 0.114656
1 1 0.261813 0.293169 0.292728 0.029255 0.123035
0 1 0.323457 0.232706 0.279902 0.046914 0.117021
0 1 0.363462 0.197531 0.267166 0.061298 0.110543
0 0 0.391679 0.181727 0.254938 0.065735 0.105921
0 0 0.377558 0.215437 0.256319 0.042994 0.107691
2 0 0.130594 0.248684 0.508242 0.044794 0.067687
2 1 0.181140 0.270742 0.409420 0.043287 0.095410
2 1 0.146246 0.308355 0.410591 0.033348 0.101461
2 1 0.107255 0.290783 0.500240 0.030441 0.071281
2 1 0.118231 0.292082 0.474990 0.033957 0.080741
2 2 0.080902 0.217125 0.567862 0.069076 0.065035
2 2 0.050831 0.156509 0.626308 0.120513 0.045839
2 2 0.063545 0.162994 0.568885 0.144615 0.059961
2 2 0.045552 0.135557 0.606102 0.167555 0.045233
2 2 0.085653 0.215039 0.544749 0.083474 0.071086
2 2 0.050743 0.127043 0.541213 0.227637 0.053364
2 2 0.032987 0.069987 0.464254 0.399943 0.032829
2 2 0.018255 0.054863 0.485666 0.419609 0.021608
2 2 0.029873 0.081263 0.515758 0.339125 0.033981
2 2 0.021431 0.076029 0.538804 0.334944 0.028792
2 2 0.018675 0.076123 0.599903 0.281741 0.023558
2 2 0.017273 0.066438 0.534911 0.357217 0.024160
2 2 0.023356 0.081716 0.553057 0.311577 0.030294
2 2 0.017535 0.061982 0.502719 0.393445 0.024319
3 2 0.020347 0.049576 0.402918 0.502469 0.024689
3 2 0.016952 0.041669 0.392095 0.529447 0.019838
3 2 0.018760 0.023654 0.228750 0.711803 0.017033
3 2 0.037510 0.026674 0.208124 0.704633 0.023059
3 2 0.059233 0.024538 0.178237 0.713576 0.024416
3 2 0.099999 0.034627 0.220197 0.613830 0.031346
3 2 0.117520 0.037932 0.219436 0.589463 0.035649
3 2 0.201156 0.096395 0.310824 0.316610 0.075016
3 2 0.114613 0.077222 0.288537 0.451198 0.068429
3 2 0.055205 0.080785 0.366997 0.441020 0.055993
3 2 0.040714 0.082222 0.400483 0.425555 0.051027
2 2 0.033794 0.101837 0.546248 0.276000 0.042120
2 2 0.046301 0.134115 0.582334 0.179932 0.057318
2 2 0.033586 0.110747 0.593939 0.214861 0.046866
2 2 0.041816 0.130271 0.592816 0.170480 0.064617
2 2 0.032725 0.111611 0.584635 0.201708 0.069321
2 2 0.038251 0.115853 0.541376 0.219866 0.084653
2 2 0.028508 0.097637 0.562796 0.252879 0.058180
2 2 0.026185 0.085860 0.521158 0.318085 0.048712
2 2 0.027603 0.078973 0.456345 0.394323 0.042757
2 2 0.027895 0.085881 0.512147 0.337009 0.037069
0 2 0.542815 0.036542 0.078232 0.275188 0.067223
0 0 0.761478 0.047254 0.045470 0.063687 0.082111
0 0 0.672666 0.071088 0.073249 0.079035 0.103962
0 0 0.645158 0.113916 0.078366 0.034904 0.127657
0 0 0.340115 0.263014 0.181562 0.031766 0.183543
4 1 0.173866 0.290289 0.221656 0.017145 0.297044
4 1 0.060274 0.186810 0.322172 0.022448 0.408296
4 2 0.034646 0.141805 0.325750 0.018177 0.479622
4 2 0.034369 0.141628 0.324472 0.017836 0.481694
4 2 0.033821 0.156684 0.385421 0.018167 0.405906
4 2 0.035177 0.160976 0.324598 0.011446 0.467803
4 4 0.040825 0.160003 0.257140 0.009359 0.532673
4 4 0.041829 0.154570 0.257130 0.009870 0.536602
4 4 0.062596 0.135259 0.175812 0.006352 0.619981
4 4 0.050924 0.115090 0.136860 0.003358 0.693767
4 4 0.038673 0.134413 0.113058 0.001318 0.712538
4 4 0.041781 0.164339 0.171317 0.003159 0.619403
4 4 0.062038 0.221174 0.225520 0.004732 0.486537
4 4 0.078025 0.261146 0.230404 0.004420 0.426004
4 4 0.129551 0.276149 0.176907 0.006332 0.411061
1 4 0.185071 0.322636 0.194859 0.008602 0.288832
4 1 0.144256 0.293270 0.150874 0.004432 0.407169
4 1 0.152273 0.295978 0.162568 0.005758 0.383422
4 1 0.118940 0.272861 0.149326 0.003672 0.455201
4 1 0.031275 0.150694 0.251804 0.005458 0.560769
4 1 0.022668 0.132186 0.359141 0.010155 0.475850
4 1 0.023041 0.132544 0.380293 0.012561 0.451561
4 1 0.018644 0.110614 0.422283 0.022453 0.426006
4 1 0.020164 0.109267 0.412018 0.027681 0.430870
2 1 0.013788 0.085250 0.499852 0.055841 0.345269
0 0 0.791228 0.025020 0.031600 0.095246 0.056906
0 0 0.621537 0.014634 0.035614 0.288506 0.039710
0 0 0.495150 0.010235 0.033768 0.431412 0.029436
0 0 0.794922 0.035903 0.035690 0.063867 0.069618
0 0 0.565914 0.156183 0.099368 0.029967 0.148568
1 0 0.154882 0.388451 0.356898 0.010957 0.088813
2 0 0.099959 0.352199 0.482132 0.010787 0.054922
2 0 0.087673 0.318267 0.529334 0.014432 0.050294
2 0 0.078102 0.302325 0.559677 0.015035 0.044861
2 0 0.076899 0.303153 0.561732 0.014412 0.043804
2 0 0.072698 0.289898 0.579246 0.016048 0.042111
2 0 0.057929 0.243540 0.640261 0.022793 0.035478
2 0 0.050708 0.212035 0.675342 0.030113 0.031802
2 0 0.050860 0.213430 0.673719 0.029905 0.032086
2 0 0.066604 0.230590 0.635905 0.029233 0.037668
2 0 0.064268 0.214546 0.655340 0.031718 0.034128
0 0 0.320683 0.139755 0.305624 0.143086 0.090853
0 0 0.393104 0.044567 0.116447 0.371792 0.074090
0 0 0.664743 0.010328 0.025163 0.266830 0.032936
3 0 0.384556 0.000297 0.002168 0.610091 0.002889
3 0 0.310880 0.000039 0.000439 0.687924 0.000719
0 0 0.654781 0.000107 0.000605 0.342800 0.001707
3 0 0.470411 0.002477 0.011163 0.503772 0.012177
0 0 0.469353 0.084079 0.140152 0.192656 0.113759
2 1 0.183126 0.265117 0.341217 0.065844 0.144695
2 1 0.039200 0.151689 0.699827 0.074463 0.034820
2 1 0.061692 0.199658 0.633427 0.059540 0.045683
2 1 0.067665 0.213957 0.611488 0.056386 0.050505
2 1 0.054539 0.174198 0.628793 0.095497 0.046973
2 2 0.035322 0.115689 0.613506 0.197848 0.037635
2 2 0.039842 0.120829 0.590884 0.205613 0.042831
2 2 0.054081 0.126282 0.528129 0.235765 0.055744
2 2 0.035996 0.096416 0.534484 0.293214 0.039891
2 2 0.026697 0.075986 0.498778 0.365718 0.032821
3 2 0.039916 0.063742 0.387408 0.471388 0.037545
3 2 0.032295 0.047587 0.321765 0.566681 0.031672
3 2 0.037301 0.055202 0.347210 0.524756 0.035531
3 2 0.040035 0.057054 0.352930 0.513542 0.036440
2 3 0.023987 0.059026 0.470229 0.421455 0.025303
2 3 0.019234 0.061847 0.543809 0.353862 0.021249
2 3 0.015780 0.056956 0.564159 0.345424 0.017681
2 3 0.017213 0.053631 0.505167 0.404369 0.019620
3 3 0.025748 0.048247 0.374760 0.524922 0.026323
3 3 0.021419 0.022560 0.207619 0.730552 0.017850
3 3 0.012823 0.009339 0.122721 0.846639 0.008479
3 3 0.010493 0.007721 0.111828 0.862956 0.007002
3 3 0.014917 0.009046 0.114695 0.852596 0.008746
3 3 0.011264 0.008935 0.122947 0.848970 0.007883
3 3 0.011930 0.010414 0.136304 0.832477 0.008875
3 3 0.009566 0.007981 0.117796 0.857726 0.006931
3 3 0.012831 0.008001 0.108666 0.862828 0.007674
3 3 0.019540 0.009047 0.106214 0.855608 0.009591
3 3 0.015078 0.005321 0.074942 0.898429 0.006230
3 3 0.009400 0.002918 0.052739 0.931348 0.003595
3 3 0.005707 0.001973 0.044186 0.945780 0.002354
3 3 0.010606 0.003746 0.062438 0.918806 0.004403
3 3 0.009913 0.002905 0.051750 0.931781 0.003650
3 3 0.008703 0.002547 0.048250 0.937293 0.003207
3 3 0.006834 0.002113 0.044388 0.944048 0.002617
3 3 0.009658 0.003038 0.054075 0.929505 0.003724
3 3 0.010261 0.002918 0.051412 0.931706 0.003704
3 3 0.006524 0.001464 0.033245 0.956735 0.002031
3 3 0.003666 0.000785 0.023443 0.970991 0.001115
3 3 0.005310 0.001059 0.026990 0.965104 0.001536
3 3 0.004512 0.000919 0.025151 0.968093 0.001325
3 3 0.005849 0.001058 0.026218 0.965289 0.001586
3 3 0.006124 0.001310 0.030892 0.959823 0.001850
3 3 0.012216 0.002304 0.040265 0.941842 0.003374
3 3 0.010772 0.002257 0.041073 0.942708 0.003190
3 3 0.011743 0.002111 0.037903 0.945098 0.003146
3 3 0.007018 0.001174 0.027114 0.962889 0.001805
3 3 0.004623 0.000682 0.019485 0.974109 0.001101
3 3 0.003244 0.000559 0.018318 0.977020 0.000859
3 3 0.004440 0.000744 0.021195 0.972472 0.001149
3 3 0.006225 0.001025 0.025080 0.966083 0.001587
3 3 0.009366 0.001252 0.026296 0.961008 0.002077
3 3 0.005541 0.000734 0.019654 0.972843 0.001229
3 3 0.005221 0.000707 0.019378 0.973519 0.001175
3 3 0.005004 0.000885 0.023648 0.969124 0.001339
3 3 0.005480 0.001143 0.028489 0.963258 0.001631
3 3 0.007116 0.001567 0.034283 0.954849 0.002186
3 3 0.004552 0.001046 0.027940 0.965016 0.001445
3 3 0.002722 0.000599 0.020391 0.975443 0.000845
3 3 0.002427 0.000569 0.020198 0.976020 0.000786
3 3 0.001931 0.000470 0.018411 0.978546 0.000643
3 3 0.002883 0.000643 0.021283 0.974288 0.000903
3 3 0.002897 0.000652 0.021505 0.974034 0.000912
3 3 0.002923 0.000630 0.020856 0.974695 0.000895
3 3 0.004173 0.000708 0.020726 0.973302 0.001090
3 3 0.005551 0.000891 0.023079 0.969085 0.001394
3 3 0.003661 0.000989 0.028388 0.965669 0.001293
3 3 0.003556 0.000946 0.027608 0.966645 0.001245
3 3 0.004246 0.001020 0.027908 0.965438 0.001388
3 3 0.004641 0.001094 0.028841 0.963926 0.001498
3 3 0.003919 0.001067 0.029658 0.963965 0.001391
3 3 0.003154 0.000788 0.024546 0.970452 0.001061
3 3 0.001959 0.000492 0.019052 0.977832 0.000665
3 3 0.002122 0.000545 0.020273 0.976329 0.000731
3 3 0.002334 0.000504 0.018460 0.977986 0.000717
3 3 0.003162 0.000578 0.018965 0.976425 0.000869
3 3 0.002396 0.000608 0.021421 0.974758 0.000817
3 3 0.003985 0.000882 0.025190 0.968707 0.001236
3 3 0.005528 0.001277 0.031150 0.960288 0.001757
3 3 0.005396 0.001107 0.027869 0.964039 0.001589
3 3 0.006301 0.001148 0.027468 0.963367 0.001715
3 3 0.004552 0.000842 0.023338 0.970012 0.001256
3 3 0.002626 0.000572 0.019851 0.976139 0.000811
3 3 0.003880 0.000744 0.022038 0.972241 0.001097
3 3 0.004442 0.000901 0.024848 0.968509 0.001301
3 3 0.005529 0.001055 0.026584 0.965279 0.001553
3 3 0.006264 0.001208 0.028689 0.962070 0.001769
3 3 0.005618 0.001024 0.025821 0.966005 0.001532
3 3 0.006062 0.001019 0.025149 0.966203 0.001567
3 3 0.004579 0.000805 0.022431 0.970962 0.001222
3 3 0.002733 0.000484 0.017067 0.978977 0.000738
3 3 0.001563 0.000321 0.014225 0.983425 0.000467
3 3 0.001786 0.000357 0.014989 0.982343 0.000524
3 3 0.001538 0.000359 0.015720 0.981883 0.000500
3 3 0.003339 0.000622 0.019846 0.975264 0.000929
3 3 0.002686 0.000589 0.020207 0.975686 0.000833
3 3 0.001585 0.000410 0.017385 0.980071 0.000550
3 3 0.001877 0.000449 0.017886 0.979169 0.000618
3 3 0.003141 0.000606 0.019767 0.975591 0.000895
3 3 0.005907 0.001158 0.028189 0.963059 0.001687
3 3 0.053850 0.008434 0.074360 0.850403 0.012953
3 3 0.100893 0.016717 0.118119 0.742555 0.021716
3 3 0.138379 0.028615 0.176813 0.626087 0.030106
3 0 0.198397 0.067612 0.278391 0.400337 0.055264
0 0 0.283437 0.104426 0.267003 0.255430 0.089704
2 0 0.119012 0.122216 0.381095 0.293240 0.084437
2 0 0.092740 0.193820 0.495606 0.131565 0.086269
2 2 0.069825 0.177476 0.482999 0.099139 0.170561
2 2 0.081668 0.208958 0.444063 0.059486 0.205826
2 2 0.089352 0.231060 0.421650 0.040616 0.217321
2 2 0.105818 0.236200 0.320234 0.030765 0.306984
2 2 0.101341 0.238484 0.332934 0.026761 0.300481
2 2 0.039629 0.145681 0.430139 0.049324 0.335227
2 2 0.024046 0.107621 0.525640 0.097934 0.244759
2 2 0.013775 0.082732 0.550862 0.089445 0.263186
2 4 0.024285 0.114536 0.461933 0.051101 0.348145
4 4 0.029501 0.133692 0.325567 0.016506 0.494734
4 4 0.032669 0.141727 0.226420 0.006228 0.592956
4 4 0.030998 0.136178 0.250568 0.008195 0.574061
4 4 0.025326 0.125507 0.288894 0.010929 0.549345
4 4 0.018864 0.109945 0.321202 0.013017 0.536972
4 4 0.016807 0.103180 0.379490 0.020557 0.479966
2 4 0.014894 0.096342 0.440756 0.031951 0.416057
4 4 0.019600 0.109932 0.388801 0.023836 0.457831
4 4 0.020550 0.114095 0.251148 0.006878 0.607330
4 4 0.019190 0.109881 0.293315 0.010312 0.567303
4 4 0.047242 0.185580 0.255451 0.006947 0.504779
4 4 0.039757 0.158544 0.204765 0.004946 0.591989
4 4 0.020844 0.119545 0.243626 0.005970 0.610015
4 4 0.017205 0.110489 0.267136 0.006995 0.598175
4 4 0.048858 0.180846 0.144972 0.002129 0.623195
4 4 0.067042 0.215139 0.117464 0.001390 0.598965
4 4 0.101920 0.272788 0.133407 0.001968 0.489917
4 4 0.087320 0.237504 0.159071 0.003565 0.512541
4 4 0.030776 0.140539 0.226352 0.005890 0.596442
4 4 0.018405 0.109789 0.249407 0.006348 0.616050
4 4 0.013963 0.096254 0.349318 0.014610 0.525855
4 4 0.026085 0.129425 0.326249 0.015156 0.503084
4 4 0.048360 0.166219 0.336086 0.023202 0.426134
2 4 0.158125 0.282561 0.298390 0.029687 0.231237
1 2 0.225074 0.282153 0.250913 0.034143 0.207717
2 1 0.186710 0.296488 0.329029 0.043202 0.144570
1 1 0.217747 0.309016 0.251719 0.029247 0.192271
2 2 0.095849 0.284105 0.463207 0.023180 0.133660
2 2 0.064649 0.247498 0.483172 0.017965 0.186717
2 2 0.051587 0.237763 0.544464 0.015799 0.150387
2 2 0.054685 0.251360 0.571809 0.015653 0.106492
2 0 0.170872 0.346110 0.358171 0.020116 0.104731
2 0 0.296620 0.188114 0.304340 0.095220 0.115706
2 0 0.269879 0.106010 0.281885 0.256353 0.085873
0 0 0.423534 0.057037 0.137929 0.305067 0.076433
0 0 0.360011 0.121758 0.275814 0.159004 0.083413
2 0 0.164265 0.203129 0.492083 0.074002 0.066521
0 0 0.354234 0.244566 0.260418 0.031881 0.108901
0 0 0.645662 0.112510 0.079902 0.036405 0.125521
0 0 0.539173 0.113524 0.123767 0.091622 0.131914
2 0 0.080395 0.216552 0.566785 0.072328 0.063940
2 0 0.048516 0.148420 0.622497 0.135359 0.045208
2 0 0.034394 0.123836 0.665478 0.143532 0.032760
2 0 0.037575 0.137928 0.682058 0.109570 0.032868
2 0 0.032360 0.135166 0.723014 0.083372 0.026087
2 0 0.027243 0.125645 0.746703 0.078638 0.021771
2 1 0.023917 0.118481 0.758796 0.079351 0.019455
2 1 0.027418 0.136184 0.757959 0.057978 0.020461
2 2 0.017016 0.097263 0.789115 0.082528 0.014078
2 2 0.022247 0.109754 0.759067 0.090313 0.018619
2 2 0.024565 0.112182 0.736659 0.105121 0.021473
2 2 0.015546 0.085420 0.754838 0.129205 0.014992
2 2 0.017236 0.091528 0.755758 0.119401 0.016076
2 2 0.014686 0.083115 0.760175 0.127856 0.014168
2 2 0.015158 0.084281 0.756500 0.129412 0.014650
2 2 0.016857 0.086745 0.733269 0.146269 0.016860
2 2 0.012292 0.071070 0.732666 0.170718 0.013255
2 2 0.012370 0.069105 0.710978 0.193609 0.013938
2 2 0.012656 0.065467 0.662028 0.244344 0.015504
2 2 0.012051 0.060103 0.619928 0.292046 0.015872
2 2 0.011428 0.056539 0.597502 0.318878 0.015652
2 2 0.010781 0.057444 0.635931 0.281735 0.014109
2 2 0.013754 0.070571 0.680033 0.219544 0.016098
2 2 0.021765 0.096325 0.696721 0.162964 0.022225
2 2 0.022454 0.094887 0.674309 0.184446 0.023905
2 2 0.019696 0.083565 0.643597 0.230226 0.022916
2 2 0.017230 0.059676 0.547888 0.355285 0.019921
2 2 0.013570 0.042732 0.494368 0.434778 0.014552
2 2 0.014506 0.047495 0.525409 0.397197 0.015393
2 2 0.016739 0.079723 0.681031 0.203694 0.018814
3 2 0.015148 0.041752 0.446688 0.479947 0.016465
3 2 0.078337 0.064682 0.396287 0.424260 0.036434
3 2 0.112236 0.071702 0.348464 0.418438 0.049161
2 3 0.160102 0.093468 0.339111 0.338660 0.068658
0 2 0.337033 0.144297 0.259098 0.145724 0.113848
2 0 0.240090 0.252878 0.330125 0.054215 0.122692
2 0 0.111874 0.314222 0.480646 0.022612 0.070646
2 0 0.135980 0.330824 0.408620 0.021138 0.103438
2 0 0.119329 0.294788 0.462306 0.031964 0.091614
2 0 0.090843 0.242392 0.547023 0.051173 0.068569
2 1 0.071572 0.206056 0.594118 0.066223 0.062031
2 1 0.038180 0.132080 0.660629 0.133625 0.035486
2 1 0.051927 0.168146 0.644357 0.088382 0.047187
2 1 0.048822 0.142533 0.607100 0.154546 0.046999
2 1 0.054825 0.155716 0.604315 0.134641 0.050503
2 1 0.066235 0.175948 0.578112 0.119968 0.059738
2 1 0.090317 0.233316 0.542667 0.063669 0.070031
2 1 0.087002 0.232634 0.552110 0.061323 0.066931
2 1 0.087060 0.234307 0.553055 0.059234 0.066344
2 1 0.058907 0.184284 0.620986 0.086488 0.049336
2 2 0.060406 0.184112 0.616039 0.088808 0.050634
2 2 0.055077 0.167744 0.617448 0.106811 0.052921
2 2 0.079756 0.204203 0.553044 0.091308 0.071689
2 2 0.084505 0.208326 0.537014 0.095907 0.074249
2 2 0.092930 0.222881 0.516836 0.087271 0.080082
2 2 0.076290 0.199291 0.558586 0.099012 0.066821
2 2 0.038614 0.126921 0.625277 0.169927 0.039261
2 2 0.027927 0.106568 0.658747 0.177780 0.028978
2 2 0.039669 0.074470 0.458969 0.390536 0.036357
2 2 0.049328 0.089671 0.465720 0.349815 0.045466
2 2 0.064355 0.177875 0.587167 0.113061 0.057542
2 2 0.065019 0.172722 0.590467 0.116704 0.055087
2 2 0.104079 0.172519 0.490343 0.155221 0.077839
2 2 0.057656 0.111036 0.518298 0.263629 0.049382
3 2 0.066778 0.072218 0.405015 0.414517 0.041472
3 2 0.170769 0.068334 0.233296 0.453957 0.073644
3 2 0.157031 0.077032 0.276019 0.418861 0.071056
3 0 0.153947 0.066749 0.251291 0.462010 0.066003
2 0 0.176292 0.135689 0.390070 0.215624 0.082326
2 0 0.080620 0.154718 0.573199 0.138900 0.052564
2 0 0.046432 0.150818 0.649110 0.113608 0.040032
2 1 0.048716 0.169197 0.654237 0.086924 0.040926
2 1 0.044933 0.141578 0.635971 0.136758 0.040759
2 1 0.049977 0.175542 0.657211 0.076794 0.040476
2 1 0.051763 0.187564 0.664905 0.057430 0.038338
2 1 0.056184 0.220338 0.653613 0.033031 0.036836
2 1 0.133497 0.202856 0.537782 0.067389 0.058475
3 0 0.179728 0.078454 0.342398 0.346539 0.052881
0 0 0.438449 0.042897 0.105131 0.342173 0.071349
3 0 0.395614 0.026115 0.080547 0.447563 0.050161
3 0 0.206071 0.021984 0.098745 0.635406 0.037794
3 0 0.176871 0.055163 0.201138 0.501657 0.065171
2 0 0.105486 0.104514 0.362881 0.350238 0.076882
2 0 0.033320 0.089674 0.468281 0.363284 0.045441
2 2 0.014348 0.056660 0.466301 0.416623 0.046067
2 2 0.008748 0.044953 0.488649 0.412720 0.044929
2 2 0.008393 0.055686 0.621190 0.240821 0.073911
2 2 0.009656 0.068876 0.666100 0.138818 0.116549
2 2 0.011541 0.082608 0.654998 0.079033 0.171820
2 2 0.015849 0.101251 0.510588 0.035439 0.336874
2 2 0.035535 0.157320 0.527070 0.036728 0.243347
2 2 0.058912 0.204913 0.488109 0.033010 0.215056
2 2 0.078942 0.236852 0.425170 0.027279 0.231757
2 2 0.108633 0.265271 0.353569 0.023445 0.249083
2 2 0.122199 0.274452 0.352206 0.026551 0.224591
4 2 0.036162 0.147193 0.345167 0.021386 0.450092
4 4 0.040099 0.158061 0.330103 0.018944 0.452792
4 4 0.056675 0.192059 0.282889 0.013625 0.454752
4 4 0.052845 0.188123 0.258495 0.010028 0.490509
4 4 0.055389 0.186421 0.200763 0.005441 0.551986
4 4 0.049251 0.178339 0.260042 0.010171 0.502196
4 4 0.043296 0.168958 0.286297 0.012312 0.489137
4 4 0.055087 0.194128 0.257207 0.009913 0.483666
2 4 0.038424 0.193285 0.460048 0.013977 0.294266
2 4 0.040665 0.173365 0.388716 0.017646 0.379608
4 4 0.043225 0.175005 0.347765 0.015518 0.418487
4 4 0.021106 0.092887 0.209079 0.005559 0.671370
4 4 0.034491 0.091788 0.224090 0.010723 0.638908
4 4 0.150688 0.141057 0.115333 0.005246 0.587676
4 4 0.222947 0.214263 0.132324 0.007412 0.423054
1 4 0.183432 0.341956 0.171315 0.005591 0.297705
4 4 0.150110 0.298225 0.147412 0.004310 0.399944
4 4 0.076907 0.223072 0.174686 0.004207 0.521128
4 4 0.046570 0.172427 0.184553 0.004023 0.592427
4 1 0.096331 0.238528 0.212017 0.008583 0.444540
2 1 0.154896 0.290249 0.340577 0.033660 0.180619
2 0 0.111096 0.145020 0.491340 0.186850 0.065694
3 0 0.112230 0.030861 0.159336 0.659143 0.038431
3 0 0.096177 0.038508 0.196267 0.626995 0.042053
3 1 0.109192 0.065462 0.266217 0.497376 0.061754
0 1 0.392704 0.205301 0.124245 0.017001 0.260749
4 1 0.166643 0.316336 0.117360 0.002557 0.397104
2 1 0.043373 0.216787 0.465828 0.011177 0.262835
2 1 0.030461 0.196783 0.513801 0.008796 0.250159
2 1 0.030888 0.190759 0.514607 0.010320 0.253426
2 2 0.034588 0.185915 0.554869 0.017364 0.207263
2 2 0.039097 0.190528 0.589366 0.023730 0.157278
2 2 0.051179 0.205356 0.567420 0.030180 0.145864
2 2 0.052185 0.195530 0.590189 0.040851 0.121245
2 2 0.045637 0.187160 0.633523 0.040154 0.093526
2 2 0.046336 0.195135 0.648314 0.036189 0.074026
2 2 0.045244 0.186788 0.658110 0.041535 0.068323
2 2 0.031957 0.143785 0.721868 0.065932 0.036458
2 2 0.031047 0.142537 0.724682 0.064638 0.037097
2 2 0.019543 0.102667 0.761511 0.095371 0.020908
2 2 0.011947 0.076959 0.780088 0.116087 0.014919
2 2 0.042385 0.173719 0.698397 0.049636 0.035863
2 2 0.057173 0.191539 0.649673 0.059628 0.041986
2 0 0.152035 0.208015 0.496562 0.073693 0.069695
0 0 0.399686 0.093920 0.203934 0.209823 0.092637
0 0 0.387461 0.054837 0.134087 0.342729 0.080886
0 0 0.598409 0.074990 0.096264 0.121424 0.108913
0 0 0.584363 0.082289 0.113668 0.117076 0.102604
0 0 0.525939 0.161199 0.125977 0.041488 0.145396
0 0 0.338324 0.246501 0.170173 0.025956 0.219046
0 0 0.288997 0.283858 0.169745 0.017949 0.239452
4 1 0.144551 0.282862 0.241516 0.015688 0.315383
2 1 0.106271 0.298322 0.445932 0.022246 0.127230
2 1 0.057108 0.203994 0.639668 0.046317 0.052912
2 2 0.031188 0.124932 0.706442 0.110128 0.027308
2 2 0.028904 0.115765 0.694441 0.133766 0.027125
2 2 0.035955 0.128470 0.665212 0.134508 0.035856
2 2 0.071309 0.192624 0.595859 0.083810 0.056397
0 2 0.293176 0.142225 0.243545 0.181576 0.139478
0 2 0.555963 0.073006 0.107760 0.156238 0.107033
0 0 0.599361 0.035580 0.068344 0.228395 0.068320
0 0 0.472095 0.012641 0.041291 0.441035 0.032938
3 0 0.130057 0.020034 0.111051 0.708680 0.030178
3 0 0.237608 0.068360 0.241438 0.388545 0.064049
3 0 0.112378 0.075575 0.323630 0.430878 0.057538
2 0 0.163896 0.139701 0.366291 0.235028 0.095084
2 0 0.163703 0.275710 0.375248 0.057304 0.128035
1 0 0.187906 0.323011 0.309199 0.025561 0.154323
2 0 0.144775 0.218272 0.428290 0.103410 0.105253
3 0 0.156912 0.094195 0.331381 0.346206 0.071307
3 0 0.251717 0.044474 0.154129 0.489181 0.060500
3 0 0.183949 0.054397 0.221831 0.483675 0.056148
0 0 0.420094 0.140530 0.194441 0.115627 0.129309
0 0 0.468257 0.186622 0.144494 0.041766 0.158862
0 0 0.303046 0.230138 0.168451 0.022215 0.276150
1 0 0.190270 0.297819 0.285015 0.022805 0.204092
2 0 0.095227 0.247455 0.329746 0.021170 0.306402
2 1 0.056275 0.197564 0.497834 0.041171 0.207155
2 1 0.034474 0.171956 0.474671 0.018407 0.300491
2 4 0.021663 0.138380 0.565244 0.021295 0.253418
2 4 0.018623 0.125978 0.496915 0.017698 0.340786
4 4 0.021624 0.134180 0.370475 0.010093 0.463628
4 4 0.020150 0.116168 0.225925 0.004934 0.632822
4 4 0.040416 0.164747 0.181946 0.003535 0.609356
4 4 0.051998 0.186940 0.156312 0.002632 0.602118
4 4 0.044694 0.105419 0.331427 0.034900 0.483560
4 4 0.131617 0.121037 0.235864 0.035167 0.476316
4 4 0.087329 0.084258 0.117320 0.005848 0.705246
4 4 0.106230 0.083499 0.069915 0.002077 0.738279
4 4 0.121703 0.114490 0.116772 0.005571 0.641464
4 4 0.099556 0.130051 0.136482 0.005625 0.628286
4 4 0.092600 0.112281 0.095484 0.002597 0.697037
4 4 0.115671 0.087560 0.084160 0.003304 0.709305
4 4 0.087110 0.063326 0.074740 0.002844 0.771980
4 4 0.218126 0.069468 0.108623 0.017170 0.586612
4 4 0.214570 0.100165 0.189110 0.045670 0.450486
0 4 0.324796 0.116509 0.182118 0.066041 0.310536
0 4 0.333841 0.126320 0.165092 0.046254 0.328493
4 4 0.320888 0.177386 0.153129 0.023615 0.324981
4 4 0.126011 0.120169 0.160962 0.012015 0.580842
4 4 0.088591 0.096039 0.141578 0.007930 0.665861
4 4 0.056544 0.072465 0.101761 0.003266 0.765964
4 4 0.032421 0.061319 0.136704 0.004885 0.764670
4 4 0.038699 0.064467 0.134678 0.005205 0.756952
4 4 0.029865 0.048874 0.096902 0.002674 0.821685
4 4 0.031792 0.041236 0.114848 0.005332 0.806792
4 4 0.036456 0.036823 0.066331 0.001909 0.858481
4 4 0.040292 0.035387 0.109490 0.007332 0.807500
4 4 0.086885 0.040267 0.080639 0.006202 0.786007
4 4 0.071116 0.047998 0.078951 0.003840 0.798094
4 4 0.176693 0.102888 0.079764 0.003707 0.636949
4 4 0.145730 0.097070 0.082276 0.003501 0.671423
4 4 0.131542 0.109361 0.113958 0.005956 0.639183
4 0 0.090625 0.083922 0.103382 0.004474 0.717597
4 0 0.065338 0.104804 0.188796 0.010963 0.630100
4 4 0.055246 0.200437 0.324569 0.012182 0.407566
4 4 0.067389 0.202109 0.239892 0.009462 0.481148
4 4 0.039852 0.133242 0.153666 0.002952 0.670287
4 4 0.067940 0.095619 0.131707 0.005107 0.699627
4 4 0.049297 0.070101 0.109517 0.003530 0.767556
4 4 0.041578 0.066461 0.087222 0.001858 0.802881
4 4 0.039291 0.073421 0.111968 0.002830 0.772491
4 4 0.032967 0.082820 0.161194 0.005043 0.717975
4 4 0.031590 0.081229 0.174746 0.006104 0.706331
4 4 0.048356 0.079100 0.191243 0.011987 0.669314
4 4 0.071883 0.101717 0.219326 0.018476 0.588598
4 4 0.087053 0.105385 0.150911 0.008204 0.648448
4 4 0.090307 0.118778 0.173612 0.010458 0.606844
4 4 0.143089 0.136192 0.116230 0.005202 0.599286
4 4 0.098273 0.162679 0.102428 0.002045 0.634575
4 4 0.062257 0.200480 0.118741 0.001440 0.617083
4 4 0.063575 0.173412 0.141669 0.002725 0.618620
4 4 0.030851 0.132879 0.192248 0.004049 0.639973
4 4 0.018673 0.070299 0.140366 0.002610 0.768052
4 4 0.032392 0.069207 0.133574 0.003984 0.760844
4 4 0.040996 0.058217 0.087260 0.002236 0.811292
4 4 0.054701 0.081737 0.179959 0.011025 0.672579
4 4 0.069759 0.100273 0.184073 0.011256 0.634640
4 4 0.074374 0.122474 0.229031 0.016849 0.557271
4 4 0.117721 0.118644 0.127127 0.006385 0.630123
4 4 0.223122 0.142425 0.119561 0.009130 0.505763
0 1 0.382564 0.146430 0.082564 0.007575 0.380867
4 1 0.230778 0.260541 0.122633 0.005246 0.380801
4 1 0.187992 0.274524 0.150483 0.006535 0.380466
4 1 0.056747 0.196957 0.276695 0.009683 0.459917
2 1 0.024945 0.167498 0.584749 0.013564 0.209244
2 1 0.027359 0.174553 0.632991 0.016564 0.148533
2 1 0.025983 0.180192 0.647450 0.013445 0.132930
2 1 0.034744 0.203528 0.567526 0.012778 0.181424
2 1 0.035259 0.193850 0.559311 0.015620 0.195960
2 1 0.039381 0.201763 0.512822 0.014494 0.231540
2 1 0.047650 0.220881 0.484394 0.014029 0.233045
2 1 0.044618 0.217737 0.539218 0.015810 0.182617
2 1 0.044217 0.208787 0.489774 0.015084 0.242138
2 1 0.034581 0.188746 0.555763 0.016396 0.204514
2 1 0.032197 0.180206 0.563359 0.017190 0.207048
2 1 0.023194 0.131884 0.631380 0.042454 0.171088
2 1 0.024594 0.126223 0.606742 0.054130 0.188310
2 1 0.019763 0.101513 0.624406 0.105367 0.148951
2 1 0.020066 0.100390 0.644964 0.123115 0.111466
2 1 0.035468 0.136149 0.540641 0.082205 0.205536
2 1 0.025357 0.110756 0.602689 0.121356 0.139841
2 1 0.025168 0.111533 0.618659 0.119375 0.125265
2 1 0.051231 0.155254 0.598472 0.115669 0.079375
3 1 0.180251 0.106842 0.303407 0.316382 0.093118
3 0 0.238382 0.073479 0.210162 0.393001 0.084976
0 0 0.379597 0.113347 0.191138 0.191861 0.124057
0 0 0.527662 0.071856 0.115956 0.183352 0.101175
0 0 0.396760 0.213457 0.179518 0.045923 0.164341
1 0 0.254324 0.257433 0.242474 0.046499 0.199269
1 0 0.202441 0.281911 0.259113 0.038309 0.218226
2 0 0.083582 0.214534 0.556832 0.077824 0.067228
2 0 0.037706 0.127814 0.647493 0.150631 0.036357
2 1 0.025302 0.103162 0.678672 0.167037 0.025827
2 0 0.038920 0.128524 0.638140 0.156446 0.037970
2 0 0.129047 0.284064 0.404596 0.039363 0.142930
2 0 0.106549 0.269057 0.442829 0.037511 0.144055
2 1 0.042614 0.138403 0.626397 0.141587 0.050999
2 2 0.041531 0.133004 0.618955 0.156494 0.050016
2 2 0.036258 0.121646 0.612834 0.174830 0.054433
2 2 0.028475 0.099360 0.600400 0.236425 0.035340
2 2 0.027343 0.102692 0.630978 0.200980 0.038007
2 2 0.028869 0.108314 0.636443 0.182950 0.043424
2 2 0.017401 0.084093 0.662108 0.195149 0.041249
2 2 0.016136 0.078628 0.639123 0.218786 0.047327
2 2 0.018651 0.087409 0.671592 0.188206 0.034142
2 2 0.041658 0.134938 0.636212 0.147348 0.039843
2 2 0.107754 0.253931 0.500003 0.056549 0.081763
2 2 0.058155 0.170229 0.603969 0.115170 0.052477
2 2 0.039309 0.129065 0.634823 0.158223 0.038580
2 2 0.012505 0.068139 0.696400 0.208497 0.014459
2 2 0.012037 0.065788 0.687813 0.220128 0.014235
2 2 0.021921 0.096537 0.695206 0.163916 0.022421
2 2 0.017051 0.081605 0.689208 0.193351 0.018785
2 2 0.018551 0.082827 0.663375 0.214155 0.021092
2 3 0.015353 0.064289 0.562225 0.337034 0.021099
2 3 0.013695 0.054203 0.487773 0.423329 0.020999
3 3 0.010131 0.042704 0.445306 0.484904 0.016955
2 3 0.014081 0.054676 0.482414 0.427182 0.021647
3 3 0.010571 0.044698 0.459388 0.468023 0.017321
3 3 0.012627 0.036128 0.378781 0.555711 0.016753
3 3 0.012802 0.032586 0.330777 0.606608 0.017227
3 3 0.018279 0.038505 0.333984 0.587278 0.021954
3 3 0.015928 0.030944 0.280572 0.652784 0.019772
3 3 0.014187 0.022383 0.230609 0.717394 0.015427
3 3 0.009908 0.015213 0.191350 0.772891 0.010638
3 3 0.013055 0.018696 0.206939 0.747958 0.013352
3 3 0.012109 0.016661 0.193965 0.765183 0.012082
3 3 0.018324 0.018948 0.190646 0.756960 0.015122
3 3 0.017966 0.019049 0.192430 0.755483 0.015072
3 3 0.014419 0.016487 0.183553 0.772803 0.012738
3 3 0.011917 0.012325 0.155227 0.810639 0.009892
3 3 0.007464 0.008801 0.136229 0.840723 0.006783
3 3 0.013255 0.009912 0.127373 0.840549 0.008912
3 3 0.007792 0.006913 0.111407 0.867999 0.005889
3 3 0.013022 0.006385 0.090471 0.883454 0.006667
3 3 0.006930 0.004291 0.078697 0.905926 0.004157
3 3 0.005477 0.003810 0.076438 0.910723 0.003552
3 3 0.005564 0.004352 0.084711 0.901480 0.003892
3 3 0.008114 0.005880 0.096885 0.883743 0.005378
3 3 0.010441 0.006767 0.100888 0.875486 0.006419
3 3 0.013348 0.008924 0.117103 0.852277 0.008347
3 3 0.021352 0.011802 0.127504 0.827604 0.011738
3 3 0.015202 0.008278 0.106389 0.861817 0.008313
3 3 0.010638 0.005100 0.080056 0.898825 0.005381
3 3 0.006158 0.003700 0.072220 0.914294 0.003628
3 3 0.004151 0.002902 0.066346 0.923891 0.002710
3 3 0.007686 0.004224 0.075462 0.908364 0.004264
3 3 0.004837 0.003687 0.077115 0.911028 0.003333
3 3 0.005353 0.003415 0.070429 0.917519 0.003284
3 3 0.005937 0.002893 0.059756 0.928359 0.003056
3 3 0.004826 0.002320 0.052954 0.937432 0.002469
3 3 0.005536 0.002780 0.059016 0.929759 0.002908
3 3 0.005690 0.003577 0.071860 0.915418 0.003455
3 3 0.003473 0.002098 0.053579 0.938783 0.002067
3 3 0.001909 0.001223 0.040819 0.954860 0.001189
3 3 0.002405 0.001407 0.042871 0.951910 0.001408
3 3 0.002922 0.001317 0.038411 0.955908 0.001442
3 3 0.002885 0.001236 0.036568 0.957935 0.001378
3 3 0.004457 0.002041 0.048779 0.942511 0.002211
3 3 0.003816 0.002022 0.050607 0.941471 0.002084
