4 4 0.415954 0.062278 0.035134 0.000479 0.486155
0 4 0.456344 0.072846 0.046961 0.001228 0.422622
4 4 0.387347 0.077235 0.053182 0.001654 0.480581
4 4 0.296863 0.072280 0.049267 0.001245 0.580345
4 4 0.404568 0.075056 0.050104 0.001401 0.468871
0 4 0.501724 0.146623 0.073001 0.001537 0.277115
0 4 0.553256 0.179085 0.095491 0.001883 0.170285
0 4 0.390292 0.201816 0.256890 0.002051 0.148951
0 4 0.401451 0.193709 0.269271 0.001612 0.133957
0 4 0.383877 0.171613 0.314164 0.001832 0.128513
0 4 0.383978 0.223436 0.257422 0.001676 0.133489
0 4 0.417683 0.267971 0.207778 0.001350 0.105218
0 4 0.413840 0.287811 0.224952 0.002917 0.070480
0 4 0.531236 0.230504 0.167791 0.004025 0.066444
0 4 0.670560 0.140279 0.116081 0.006361 0.066720
0 4 0.789387 0.069515 0.067067 0.011422 0.062608
0 4 0.804067 0.062876 0.055515 0.013745 0.063798
0 4 0.829409 0.057612 0.047373 0.009549 0.056057
0 0 0.756269 0.082612 0.067865 0.010569 0.082685
0 1 0.676745 0.119607 0.086118 0.007729 0.109802
0 1 0.609174 0.087322 0.071361 0.007211 0.224933
0 1 0.509958 0.104312 0.079416 0.005999 0.300316
0 1 0.444654 0.115473 0.077566 0.003748 0.358559
0 1 0.563557 0.105659 0.065582 0.002839 0.262363
0 2 0.520637 0.104467 0.104682 0.005230 0.264984
0 2 0.421772 0.127531 0.174181 0.009732 0.266784
0 2 0.532059 0.103388 0.109357 0.012845 0.242351
2 2 0.296184 0.129962 0.323069 0.025150 0.225636
0 2 0.470170 0.111847 0.129832 0.019069 0.269082
0 2 0.375008 0.114781 0.127488 0.021484 0.361239
2 2 0.016418 0.038183 0.880920 0.047845 0.016634
2 2 0.005218 0.021747 0.916751 0.048914 0.007370
2 2 0.002498 0.015154 0.933572 0.044229 0.004548
2 2 0.001087 0.010065 0.954483 0.031839 0.002526
2 2 0.000295 0.005550 0.932777 0.060143 0.001236
2 2 0.000199 0.004549 0.933694 0.060614 0.000943
2 2 0.000284 0.005693 0.883928 0.108763 0.001332
2 2 0.000566 0.008050 0.883850 0.105404 0.002130
2 3 0.000673 0.008916 0.851437 0.136470 0.002504
2 2 0.000914 0.010202 0.873879 0.112077 0.002928
2 3 0.000598 0.008023 0.897892 0.091438 0.002049
2 3 0.000782 0.009579 0.817674 0.169178 0.002786
2 3 0.000474 0.007534 0.814869 0.175081 0.002042
2 3 0.001231 0.012214 0.730435 0.251963 0.004157
2 3 0.001340 0.012712 0.706492 0.274998 0.004459
2 3 0.002554 0.017066 0.588012 0.385143 0.007226
3 3 0.001653 0.012905 0.464868 0.515103 0.005470
2 3 0.002104 0.014443 0.492562 0.484837 0.006054
3 3 0.000785 0.008060 0.342928 0.644954 0.003274
3 3 0.000368 0.005516 0.348568 0.643605 0.001943
3 3 0.000312 0.005404 0.425858 0.566685 0.001741
3 3 0.000301 0.005266 0.416477 0.576261 0.001696
3 3 0.000257 0.004301 0.284406 0.709531 0.001505
3 3 0.000360 0.004552 0.204996 0.788238 0.001854
3 3 0.001941 0.012415 0.315840 0.663719 0.006085
3 3 0.000904 0.007621 0.234767 0.753172 0.003536
3 3 0.002596 0.013480 0.260378 0.716190 0.007356
3 3 0.000680 0.005892 0.171013 0.819586 0.002829
3 3 0.000720 0.005792 0.150350 0.840229 0.002909
3 3 0.000531 0.005753 0.227764 0.763509 0.002443
3 3 0.000832 0.007380 0.241615 0.746827 0.003346
3 3 0.000930 0.007645 0.227275 0.760554 0.003597
3 3 0.000738 0.006735 0.221299 0.768166 0.003061
3 3 0.000635 0.005315 0.141514 0.849885 0.002651
3 3 0.000458 0.004229 0.119361 0.873874 0.002079
3 3 0.000278 0.003350 0.126010 0.868878 0.001483
3 3 0.000625 0.004904 0.116002 0.875897 0.002571
3 3 0.000166 0.002263 0.088290 0.908279 0.001002
3 3 0.000159 0.002573 0.132814 0.863438 0.001015
3 3 0.000123 0.002465 0.168870 0.827671 0.000871
3 3 0.000084 0.002413 0.275702 0.721106 0.000695
3 3 0.000106 0.002858 0.323038 0.673177 0.000821
3 3 0.000073 0.002397 0.334394 0.662499 0.000637
3 3 0.000050 0.001717 0.221984 0.775771 0.000478
3 3 0.000078 0.002109 0.209122 0.788044 0.000647
3 3 0.000107 0.002270 0.163838 0.832997 0.000788
3 3 0.000096 0.002139 0.162494 0.834543 0.000729
3 3 0.000165 0.003092 0.211035 0.784625 0.001084
3 3 0.000147 0.003070 0.244563 0.751208 0.001012
3 3 0.000030 0.001405 0.269027 0.729202 0.000337
3 3 0.000107 0.002810 0.302913 0.693348 0.000823
3 3 0.000128 0.003032 0.288027 0.707881 0.000932
3 3 0.000160 0.002730 0.155354 0.840722 0.001034
3 3 0.000231 0.003074 0.129121 0.866267 0.001307
3 3 0.000686 0.006626 0.234984 0.754781 0.002923
3 3 0.001985 0.009669 0.149496 0.833003 0.005846
3 3 0.002480 0.009403 0.101827 0.879739 0.006551
3 2 0.004450 0.013296 0.116745 0.855577 0.009933
3 3 0.004650 0.013645 0.117927 0.853531 0.010248
3 3 0.002812 0.010131 0.104903 0.874990 0.007164
3 3 0.122948 0.101160 0.283859 0.343653 0.148381
3 3 0.086106 0.095301 0.288206 0.365185 0.165203
2 2 0.076070 0.102272 0.296566 0.283767 0.241325
2 2 0.021237 0.062192 0.509960 0.324714 0.081897
2 2 0.009936 0.037432 0.628968 0.298532 0.025133
2 2 0.018392 0.051094 0.616928 0.272532 0.041054
2 2 0.009954 0.036753 0.634142 0.295814 0.023337
2 2 0.057758 0.079316 0.576515 0.219809 0.066603
2 2 0.063093 0.081291 0.485324 0.294547 0.075745
3 2 0.038117 0.066097 0.367870 0.450213 0.077703
3 2 0.089996 0.099915 0.291286 0.331774 0.187030
3 2 0.071565 0.088479 0.294986 0.398683 0.146287
4 2 0.248381 0.129435 0.225630 0.119425 0.277128
0 2 0.252006 0.126725 0.240579 0.163256 0.217435
0 2 0.456522 0.118926 0.148615 0.058396 0.217542
0 2 0.532004 0.109176 0.120880 0.035436 0.202505
0 2 0.517712 0.112297 0.137020 0.055287 0.177684
2 2 0.266391 0.123697 0.292016 0.160178 0.157718
2 2 0.124838 0.105732 0.450659 0.207711 0.111060
0 2 0.305057 0.127507 0.259316 0.110740 0.197379
0 2 0.282980 0.130152 0.260248 0.089103 0.237516
0 2 0.348916 0.126560 0.189741 0.044866 0.289918
0 2 0.313094 0.126899 0.247450 0.130497 0.182060
2 2 0.202736 0.124722 0.278844 0.179945 0.213752
3 2 0.160787 0.097909 0.312341 0.340305 0.088658
3 2 0.056092 0.063418 0.317016 0.510614 0.052860
2 2 0.225321 0.108345 0.337222 0.237550 0.091562
2 2 0.113138 0.091904 0.543992 0.188882 0.062082
2 2 0.164847 0.104584 0.495607 0.159279 0.075684
2 2 0.322574 0.120382 0.360229 0.101485 0.095330
0 2 0.339441 0.115624 0.301089 0.145895 0.097951
0 2 0.567619 0.103800 0.203483 0.037599 0.087500
0 2 0.591603 0.100988 0.152500 0.057701 0.097208
0 2 0.636339 0.094692 0.124531 0.048738 0.095700
0 2 0.527790 0.110477 0.147393 0.064980 0.149360
0 2 0.540329 0.109095 0.139611 0.061265 0.149700
0 2 0.660599 0.090304 0.091210 0.023675 0.134211
0 2 0.714630 0.080998 0.086733 0.033079 0.084559
0 2 0.719566 0.079990 0.086433 0.031774 0.082237
0 2 0.599859 0.098957 0.145941 0.060476 0.094767
0 2 0.512585 0.108727 0.205038 0.076801 0.096850
0 2 0.403335 0.112988 0.226028 0.151936 0.105713
2 2 0.260565 0.113308 0.370326 0.165549 0.090252
0 2 0.401116 0.115640 0.269541 0.113856 0.099848
2 2 0.318328 0.117012 0.337871 0.130701 0.096087
0 2 0.525315 0.108521 0.208793 0.061897 0.095474
0 2 0.721180 0.080357 0.097666 0.023535 0.077262
0 2 0.732790 0.091084 0.096427 0.011470 0.068229
0 2 0.753741 0.097675 0.074374 0.008708 0.065502
0 2 0.837280 0.057376 0.044601 0.007786 0.052957
0 2 0.839653 0.053331 0.044354 0.009009 0.053653
0 2 0.827229 0.056505 0.048264 0.010658 0.057345
0 2 0.841660 0.052809 0.043724 0.008757 0.053050
0 2 0.814342 0.061674 0.052124 0.011482 0.060378
0 2 0.793695 0.064636 0.061835 0.015117 0.064717
0 2 0.787959 0.065844 0.062715 0.016926 0.066556
0 2 0.838663 0.053587 0.044665 0.009135 0.053950
0 2 0.808624 0.061081 0.054133 0.013421 0.062742
0 2 0.727908 0.078148 0.087147 0.029586 0.077211
0 2 0.561881 0.103557 0.183424 0.059702 0.091436
0 2 0.692891 0.084978 0.141692 0.013339 0.067100
0 2 0.759132 0.078171 0.091397 0.009622 0.061679
0 2 0.714494 0.092679 0.121748 0.008521 0.062558
0 2 0.744429 0.086709 0.103294 0.007067 0.058500
0 2 0.743622 0.083813 0.096824 0.010727 0.065014
0 2 0.751912 0.079769 0.085784 0.013790 0.068744
0 2 0.697993 0.100108 0.118440 0.012294 0.071164
0 2 0.540169 0.123154 0.220652 0.030425 0.085600
0 2 0.476668 0.163080 0.276480 0.011495 0.072276
0 2 0.638325 0.141335 0.147050 0.006638 0.066652
0 2 0.609124 0.127788 0.191784 0.007096 0.064209
0 2 0.550943 0.116948 0.237968 0.017051 0.077089
0 2 0.424300 0.113502 0.324990 0.052043 0.085165
2 2 0.080220 0.077394 0.682388 0.117153 0.042845
2 2 0.048714 0.062859 0.782959 0.076812 0.028655
2 2 0.021831 0.040231 0.873906 0.048338 0.015694
2 2 0.114734 0.083943 0.696148 0.060451 0.044723
2 2 0.096321 0.081759 0.676498 0.100196 0.045226
2 2 0.069655 0.069807 0.747090 0.078804 0.034644
2 2 0.124869 0.080242 0.721958 0.033866 0.039065
2 2 0.208573 0.098368 0.603806 0.033268 0.055984
2 2 0.307693 0.115760 0.407487 0.083826 0.085234
0 2 0.464867 0.112283 0.195781 0.116512 0.110557
0 2 0.356982 0.118506 0.239590 0.158076 0.126845
2 2 0.235019 0.137703 0.470093 0.075598 0.081587
2 2 0.094796 0.084087 0.670201 0.101802 0.049114
2 2 0.057049 0.077431 0.608928 0.198629 0.057963
2 2 0.057121 0.080825 0.547511 0.241493 0.073050
2 2 0.061980 0.085316 0.670961 0.103986 0.077758
2 2 0.087181 0.107133 0.694389 0.026445 0.084853
2 2 0.001847 0.013277 0.966708 0.014742 0.003425
2 2 0.002947 0.018731 0.947161 0.022559 0.008602
2 2 0.022593 0.062943 0.830128 0.022606 0.061729
2 2 0.048095 0.082119 0.752122 0.025265 0.092399
2 2 0.087807 0.102395 0.674013 0.031000 0.104784
2 2 0.208948 0.139178 0.360127 0.024284 0.267463
2 2 0.228754 0.135942 0.296551 0.062925 0.275827
4 2 0.298556 0.123303 0.175980 0.025934 0.376227
4 2 0.365212 0.111073 0.122811 0.012387 0.388517
2 2 0.248038 0.179830 0.349695 0.023991 0.198446
0 2 0.417064 0.144151 0.127910 0.021175 0.289700
0 2 0.469578 0.134684 0.114410 0.016552 0.264776
0 4 0.409942 0.123292 0.110255 0.014696 0.341815
0 4 0.549161 0.098189 0.089199 0.012927 0.250524
0 4 0.529697 0.112767 0.114194 0.029443 0.213899
0 4 0.584815 0.143582 0.120320 0.028846 0.122437
0 4 0.618640 0.141762 0.101426 0.015104 0.123068
0 4 0.604165 0.150884 0.106788 0.016254 0.121910
0 4 0.612660 0.156695 0.102092 0.012705 0.115848
0 4 0.766009 0.101184 0.060642 0.006089 0.066076
0 4 0.895923 0.040309 0.026352 0.002704 0.034712
0 4 0.889192 0.039663 0.028979 0.003920 0.038247
0 0 0.845804 0.052334 0.042339 0.007976 0.051548
0 4 0.667852 0.118963 0.087816 0.013463 0.111907
0 4 0.580244 0.201306 0.095033 0.005015 0.118402
0 4 0.470783 0.171400 0.073730 0.001363 0.282724
0 4 0.500681 0.186510 0.093347 0.003648 0.215815
0 4 0.527908 0.146826 0.092392 0.006034 0.226840
0 4 0.667090 0.087116 0.062181 0.004763 0.178850
0 4 0.707734 0.072711 0.055668 0.005047 0.158840
0 4 0.727161 0.112708 0.093448 0.005759 0.060924
0 4 0.854577 0.060127 0.037401 0.003761 0.044133
0 4 0.884984 0.045498 0.029255 0.002971 0.037292
0 1 0.875543 0.043599 0.033166 0.005092 0.042601
0 0 0.892220 0.038771 0.028057 0.003683 0.037270
0 1 0.866487 0.046136 0.035969 0.005964 0.045444
0 1 0.854624 0.049375 0.039663 0.007225 0.049113
0 1 0.868092 0.045714 0.036234 0.005561 0.044400
0 1 0.837935 0.053775 0.044894 0.009228 0.054168
0 0 0.807765 0.061287 0.054404 0.013557 0.062987
0 1 0.796940 0.063849 0.057821 0.015340 0.066050
0 1 0.752333 0.073699 0.071846 0.024020 0.078101
0 1 0.826825 0.056606 0.048391 0.010715 0.057463
0 1 0.841567 0.052833 0.043753 0.008769 0.053078
0 1 0.867230 0.045930 0.035738 0.005890 0.045212
0 1 0.823060 0.057548 0.049578 0.011246 0.058567
0 1 0.848679 0.053533 0.041121 0.006835 0.049832
0 1 0.813370 0.066200 0.051839 0.009593 0.058998
0 0 0.751076 0.084874 0.071621 0.017250 0.075179
0 1 0.762818 0.089682 0.066562 0.011735 0.069203
0 1 0.777453 0.080385 0.062713 0.012157 0.067291
0 1 0.790598 0.065196 0.076676 0.009559 0.057971
0 4 0.484501 0.105413 0.311535 0.025848 0.072703
2 2 0.258990 0.102065 0.543059 0.037151 0.058734
2 2 0.162481 0.086598 0.675198 0.032588 0.043135
0 2 0.415968 0.117611 0.372458 0.023437 0.070527
0 2 0.591748 0.121398 0.196783 0.014401 0.075669
0 2 0.495813 0.146543 0.247049 0.025781 0.084814
0 2 0.596865 0.136911 0.184647 0.009738 0.071838
0 2 0.560487 0.105000 0.245654 0.017228 0.071630
0 2 0.698864 0.079386 0.156311 0.008061 0.057379
0 2 0.663866 0.088959 0.156456 0.018188 0.072531
0 2 0.644875 0.092291 0.161006 0.025236 0.076592
0 2 0.525246 0.105106 0.256154 0.034668 0.078826
2 2 0.286579 0.106026 0.505308 0.037567 0.064519
2 2 0.214431 0.104131 0.588515 0.036722 0.056201
2 2 0.276315 0.114200 0.438111 0.089306 0.082068
2 2 0.216135 0.130730 0.451304 0.116426 0.085404
2 2 0.078542 0.099572 0.670320 0.102866 0.048699
2 2 0.138382 0.116154 0.570295 0.108652 0.066518
2 2 0.136522 0.099041 0.557058 0.141338 0.066042
2 2 0.061669 0.077016 0.595720 0.218552 0.047043
0 2 0.468083 0.115435 0.237151 0.066761 0.112570
0 2 0.375632 0.114915 0.289336 0.124538 0.095580
2 2 0.178599 0.104194 0.494851 0.150067 0.072290
0 2 0.300771 0.115566 0.287828 0.189975 0.105860
2 2 0.152193 0.101813 0.419087 0.245279 0.081628
0 2 0.502144 0.111113 0.215499 0.071457 0.099788
0 2 0.489796 0.110255 0.262326 0.050211 0.087412
0 2 0.475123 0.111246 0.269022 0.056480 0.088129
0 2 0.375880 0.116147 0.317310 0.097709 0.092954
2 2 0.155842 0.107902 0.553113 0.115393 0.067750
2 2 0.115485 0.103376 0.646588 0.079998 0.054554
2 2 0.102660 0.085399 0.666263 0.096375 0.049303
2 2 0.130392 0.094340 0.582454 0.133066 0.059748
0 2 0.422077 0.113715 0.316595 0.061182 0.086430
0 2 0.645223 0.095153 0.156170 0.023807 0.079647
0 2 0.582501 0.101389 0.188991 0.041332 0.085788
0 2 0.674654 0.088676 0.135098 0.024494 0.077079
0 2 0.757566 0.072675 0.073883 0.021673 0.074203
0 2 0.841916 0.072107 0.039097 0.002918 0.043962
0 2 0.759387 0.107161 0.063571 0.006674 0.063206
0 1 0.530880 0.167076 0.198433 0.017238 0.086372
2 1 0.174901 0.157240 0.574414 0.032312 0.061133
2 2 0.103608 0.087711 0.662335 0.096295 0.050050
2 2 0.171057 0.101603 0.564739 0.097649 0.064952
0 2 0.358648 0.113825 0.302580 0.133041 0.091905
0 2 0.732234 0.077325 0.085514 0.028543 0.076384
0 2 0.777226 0.068183 0.067528 0.018911 0.068152
0 2 0.826610 0.056660 0.048459 0.010745 0.057527
0 2 0.797814 0.063757 0.060712 0.013933 0.063784
0 2 0.794650 0.064603 0.066099 0.012356 0.062293
0 1 0.851510 0.050210 0.040637 0.007578 0.050066
0 0 0.879275 0.042536 0.032016 0.004755 0.041418
0 1 0.908439 0.033871 0.023173 0.002551 0.031967
0 1 0.889990 0.039428 0.028735 0.003857 0.037989
0 1 0.807991 0.059594 0.048229 0.007562 0.076624
0 1 0.795335 0.063603 0.055014 0.011486 0.074562
0 1 0.801660 0.062740 0.056331 0.014547 0.064721
0 1 0.819776 0.058363 0.050614 0.011722 0.059525
0 1 0.827633 0.056403 0.048136 0.010602 0.057226
0 1 0.745072 0.075417 0.081855 0.022395 0.075262
0 1 0.694987 0.084741 0.100738 0.034928 0.084606
0 1 0.674640 0.104342 0.122210 0.019599 0.079209
0 2 0.690585 0.098031 0.114572 0.019362 0.077449
0 2 0.512553 0.128648 0.226368 0.041344 0.091087
0 2 0.528898 0.128056 0.204064 0.043286 0.095696
0 2 0.741485 0.076451 0.087354 0.019945 0.074765
0 2 0.787735 0.068675 0.062795 0.014336 0.066459
0 2 0.592643 0.103918 0.189534 0.029103 0.084802
2 2 0.016000 0.037861 0.851371 0.079071 0.015698
2 2 0.084666 0.073501 0.759974 0.045370 0.036488
2 2 0.118618 0.088414 0.679506 0.064366 0.049097
2 2 0.224395 0.132360 0.549413 0.031694 0.062139
0 2 0.428999 0.145648 0.324652 0.022600 0.078102
2 2 0.263295 0.156538 0.493663 0.022041 0.064462
2 2 0.052466 0.087688 0.785537 0.042388 0.031921
2 2 0.062139 0.087968 0.738907 0.071736 0.039249
2 2 0.034094 0.058147 0.755652 0.122334 0.029772
2 2 0.096359 0.097754 0.660340 0.093919 0.051629
0 2 0.465043 0.122036 0.292864 0.036513 0.083544
0 2 0.792504 0.071091 0.067933 0.009135 0.059336
0 2 0.731367 0.082289 0.097035 0.017073 0.072236
0 2 0.854771 0.049336 0.039617 0.007208 0.049068
0 2 0.839332 0.053414 0.044455 0.009050 0.053749
0 2 0.915467 0.031680 0.021090 0.002131 0.029633
0 2 0.936623 0.024812 0.014976 0.001113 0.022476
0 0 0.928660 0.027448 0.017246 0.001453 0.025193
0 0 0.959602 0.016801 0.008713 0.000402 0.014482
0 0 0.984234 0.007291 0.002759 0.000047 0.005669
0 0 0.964260 0.015091 0.007510 0.000305 0.012834
0 0 0.970838 0.012614 0.005864 0.000192 0.010491
0 0 0.941020 0.023328 0.013742 0.000946 0.020964
0 0 0.876877 0.043220 0.032755 0.004970 0.042179
0 0 0.888464 0.039876 0.029201 0.003978 0.038481
0 0 0.846378 0.051572 0.042244 0.008180 0.051626
0 0 0.811846 0.060336 0.063842 0.008734 0.055242
0 0 0.792126 0.063984 0.084103 0.007047 0.052740
0 4 0.500426 0.115476 0.301447 0.015617 0.067034
0 4 0.489957 0.119256 0.308283 0.013395 0.069108
4 4 0.199935 0.093593 0.081132 0.003506 0.621834
4 4 0.215845 0.081845 0.067880 0.003409 0.631021
4 4 0.149255 0.073118 0.056952 0.001984 0.718691
4 4 0.171282 0.060321 0.041322 0.000806 0.726269
4 4 0.169120 0.059041 0.039892 0.000728 0.731219
4 4 0.210422 0.069040 0.049674 0.001324 0.669540
4 4 0.204275 0.078051 0.063091 0.002752 0.651831
4 4 0.250082 0.076485 0.057237 0.001979 0.614217
4 4 0.216505 0.065899 0.045165 0.000988 0.671443
4 4 0.159944 0.051891 0.032091 0.000390 0.755683
4 4 0.138397 0.047872 0.029129 0.000309 0.784293
4 4 0.155509 0.041052 0.021173 0.000116 0.782150
4 4 0.305794 0.053128 0.027663 0.000221 0.613194
4 4 0.178319 0.048827 0.027699 0.000244 0.744911
4 4 0.198247 0.053042 0.031133 0.000334 0.717244
4 4 0.221361 0.054254 0.031364 0.000332 0.692689
4 4 0.190719 0.051425 0.029786 0.000296 0.727775
4 4 0.245046 0.066898 0.044801 0.000944 0.642309
4 4 0.256229 0.068139 0.045793 0.001004 0.628835
4 4 0.356193 0.059531 0.033042 0.000380 0.550854
4 4 0.222300 0.060781 0.038589 0.000614 0.677717
4 4 0.198696 0.055754 0.034083 0.000436 0.711031
4 4 0.256191 0.056050 0.031924 0.000341 0.655494
4 4 0.258856 0.065675 0.042646 0.000809 0.632013
4 4 0.250698 0.085549 0.070779 0.003808 0.589166
4 4 0.320865 0.074212 0.050895 0.001382 0.552647
0 4 0.441433 0.086092 0.065038 0.003348 0.404089
0 4 0.498858 0.089155 0.070276 0.004837 0.336873
0 4 0.494164 0.071242 0.045048 0.001152 0.388395
4 4 0.361383 0.064117 0.037828 0.000572 0.536100
4 4 0.220412 0.031631 0.011823 0.000019 0.736116
4 4 0.171012 0.031732 0.012894 0.000027 0.784335
4 4 0.208948 0.037232 0.016117 0.000048 0.737656
4 4 0.167266 0.047907 0.027331 0.000239 0.757257
4 4 0.235502 0.069148 0.048184 0.001183 0.645984
4 4 0.160438 0.104658 0.159170 0.008527 0.567206
4 4 0.152865 0.100248 0.136952 0.010065 0.599871
4 4 0.183396 0.091735 0.093247 0.007463 0.624159
4 4 0.174429 0.076746 0.064288 0.003032 0.681506
4 4 0.222562 0.072664 0.053738 0.001660 0.649375
4 4 0.129535 0.048146 0.030129 0.000350 0.791839
4 4 0.173963 0.054667 0.034318 0.000462 0.736591
4 4 0.269282 0.067783 0.044755 0.000933 0.617248
4 4 0.254132 0.052071 0.027959 0.000231 0.665607
4 4 0.379966 0.067461 0.041271 0.000755 0.510547
4 4 0.326454 0.068795 0.043982 0.000888 0.559881
4 4 0.271805 0.095537 0.047167 0.000522 0.584969
4 4 0.393686 0.138561 0.048810 0.000304 0.418640
0 4 0.445103 0.155506 0.087027 0.001087 0.311276
0 4 0.575277 0.153128 0.070642 0.000693 0.200259
0 4 0.558174 0.167854 0.137769 0.001868 0.134334
0 4 0.366959 0.195962 0.306870 0.001711 0.128497
2 4 0.182140 0.172640 0.538720 0.001498 0.105001
2 4 0.104277 0.195792 0.518855 0.000794 0.180282
2 4 0.136817 0.219427 0.486055 0.000832 0.156868
2 4 0.180101 0.257353 0.403523 0.001499 0.157524
2 1 0.210933 0.287730 0.418599 0.003266 0.079472
0 4 0.539261 0.214674 0.164833 0.005415 0.075816
0 4 0.600703 0.168903 0.148627 0.007898 0.073869
0 4 0.601734 0.169959 0.150887 0.006709 0.070711
2 4 0.024777 0.127022 0.754084 0.000957 0.093160
2 4 0.009156 0.066760 0.884012 0.001146 0.038926
2 4 0.011933 0.073975 0.877411 0.000959 0.035723
2 4 0.025333 0.084720 0.852101 0.000902 0.036945
2 4 0.085412 0.151901 0.705897 0.001979 0.054812
2 4 0.235215 0.224380 0.446567 0.002606 0.091232
2 4 0.247686 0.277317 0.282312 0.005057 0.187627
4 4 0.309547 0.208348 0.158745 0.006151 0.317209
4 4 0.208412 0.151055 0.149339 0.006577 0.484617
4 4 0.184849 0.166011 0.195220 0.005368 0.448552
4 4 0.204903 0.209272 0.197346 0.004170 0.384309
2 4 0.114038 0.283739 0.421608 0.001789 0.178827
2 4 0.088650 0.270645 0.502696 0.001115 0.136894
2 4 0.105919 0.255755 0.485421 0.000910 0.151995
2 4 0.119366 0.203511 0.426896 0.001112 0.249115
2 4 0.140952 0.200844 0.375335 0.002011 0.280858
0 4 0.345355 0.174552 0.202542 0.002874 0.274676
0 4 0.730571 0.083156 0.059472 0.002181 0.124620
0 0 0.766322 0.091294 0.058368 0.004384 0.079632
0 4 0.648177 0.166809 0.098158 0.005120 0.081736
0 4 0.569827 0.203814 0.120053 0.003625 0.102682
2 4 0.169142 0.158943 0.498177 0.006124 0.167615
2 4 0.138550 0.150504 0.424594 0.006878 0.279475
4 4 0.196684 0.148716 0.309036 0.010653 0.334911
4 4 0.190700 0.144764 0.266219 0.014872 0.383444
4 4 0.282590 0.179011 0.179943 0.005138 0.353319
4 4 0.284650 0.138862 0.131893 0.003837 0.440759
4 4 0.370598 0.109050 0.138432 0.005979 0.375941
4 1 0.340081 0.109404 0.128662 0.008205 0.413648
4 1 0.250998 0.112519 0.141052 0.013516 0.481916
4 1 0.205978 0.106146 0.147148 0.007172 0.533556
0 2 0.446609 0.103204 0.094588 0.011774 0.343825
0 2 0.606290 0.095792 0.098974 0.012966 0.185977
0 4 0.771322 0.072294 0.069265 0.016711 0.070407
0 4 0.565334 0.127527 0.147581 0.049915 0.109643
0 0 0.448787 0.126584 0.168193 0.129086 0.127351
0 1 0.505139 0.113390 0.174201 0.082022 0.125248
0 2 0.456220 0.119275 0.151467 0.078693 0.194344
0 2 0.345640 0.126889 0.162348 0.081353 0.283770
4 1 0.355507 0.119727 0.129221 0.029633 0.365912
4 2 0.292992 0.112939 0.106154 0.012422 0.475493
2 2 0.111702 0.154274 0.436382 0.024516 0.273126
4 2 0.154760 0.122955 0.286936 0.021081 0.414268
2 2 0.071893 0.108868 0.509409 0.028368 0.281461
2 2 0.057534 0.098186 0.620064 0.052627 0.171589
2 2 0.019627 0.060523 0.799548 0.046966 0.073335
2 2 0.033233 0.069083 0.747379 0.086766 0.063539
2 2 0.171214 0.113945 0.602971 0.043095 0.068774
2 1 0.259815 0.127295 0.516027 0.025948 0.070916
2 2 0.230266 0.264961 0.361801 0.018325 0.124647
2 2 0.122028 0.300643 0.467064 0.008712 0.101554
2 2 0.045997 0.158294 0.729835 0.018010 0.047865
2 2 0.004350 0.027214 0.942328 0.014238 0.011870
2 2 0.005450 0.028168 0.936263 0.014987 0.015132
2 2 0.005776 0.031276 0.927968 0.018800 0.016180
2 2 0.003973 0.025815 0.920934 0.032404 0.016873
2 2 0.009844 0.043409 0.844637 0.063971 0.038139
2 2 0.008380 0.037177 0.839813 0.088158 0.026472
2 2 0.017637 0.054915 0.751326 0.137934 0.038187
2 2 0.111424 0.119459 0.469834 0.082021 0.217261
2 2 0.267905 0.158292 0.508917 0.008350 0.056536
2 2 0.249508 0.214047 0.433793 0.021123 0.081529
0 2 0.412363 0.210890 0.252901 0.024597 0.099249
0 2 0.563436 0.146446 0.141971 0.039668 0.108479
0 2 0.361911 0.185646 0.243977 0.081125 0.127341
2 2 0.122704 0.135457 0.420026 0.230856 0.090957
2 2 0.039807 0.104264 0.678042 0.098314 0.079574
2 2 0.013346 0.050638 0.834002 0.076229 0.025785
2 2 0.004754 0.031248 0.894437 0.045021 0.024539
2 2 0.001973 0.019059 0.940472 0.029756 0.008742
2 2 0.004239 0.022208 0.865833 0.099266 0.008453
2 2 0.022843 0.049164 0.689180 0.212254 0.026559
2 2 0.172288 0.106503 0.432430 0.204470 0.084308
0 2 0.269349 0.111067 0.249835 0.258416 0.111333
0 2 0.424463 0.112356 0.170365 0.166758 0.126058
3 2 0.119252 0.091431 0.245390 0.426129 0.117799
2 2 0.115855 0.122375 0.318814 0.125986 0.316970
2 2 0.015872 0.056093 0.678332 0.187770 0.061933
2 2 0.011306 0.042661 0.761076 0.152955 0.032002
2 2 0.003537 0.020442 0.844069 0.124222 0.007730
2 2 0.001623 0.013832 0.855545 0.124475 0.004524
2 2 0.003782 0.021523 0.792576 0.173432 0.008687
2 2 0.001815 0.014922 0.793356 0.184622 0.005286
2 2 0.003355 0.022227 0.783959 0.179305 0.011154
2 2 0.002237 0.017589 0.880842 0.091736 0.007595
2 2 0.004371 0.025591 0.856141 0.100055 0.013843
2 2 0.001493 0.013331 0.842533 0.138300 0.004343
2 2 0.000869 0.010219 0.821557 0.164280 0.003074
2 2 0.000796 0.009721 0.843984 0.142669 0.002829
2 2 0.000307 0.005844 0.902745 0.089744 0.001360
2 2 0.000550 0.008122 0.818424 0.170648 0.002256
2 2 0.000801 0.009614 0.877829 0.109036 0.002721
2 2 0.000863 0.009855 0.896854 0.089655 0.002773
2 2 0.000800 0.009494 0.896073 0.090994 0.002638
2 2 0.001298 0.012277 0.872198 0.110423 0.003804
2 2 0.001459 0.013047 0.867167 0.114181 0.004145
2 2 0.002761 0.018232 0.818574 0.153690 0.006743
2 2 0.001672 0.014246 0.724395 0.254544 0.005142
2 2 0.002393 0.016813 0.645293 0.328708 0.006793
3 2 0.001526 0.012140 0.432983 0.548165 0.005186
3 3 0.004262 0.018642 0.324453 0.642196 0.010448
3 3 0.005622 0.021500 0.327353 0.632892 0.012632
3 2 0.013803 0.035774 0.394465 0.532637 0.023322
2 2 0.015192 0.045135 0.611495 0.304281 0.023897
2 2 0.007043 0.033171 0.814328 0.132452 0.013006
2 2 0.003872 0.023407 0.873365 0.087773 0.011583
2 2 0.002543 0.019485 0.844263 0.124348 0.009360
2 2 0.002020 0.016618 0.817682 0.156846 0.006833
2 2 0.004535 0.026070 0.866813 0.088245 0.014337
2 2 0.005258 0.027493 0.893252 0.064538 0.009459
2 2 0.006804 0.028658 0.889383 0.064484 0.010671
2 2 0.019048 0.048019 0.825331 0.086841 0.020760
2 2 0.008987 0.035132 0.743909 0.195973 0.016000
2 2 0.006699 0.031414 0.718097 0.230282 0.013508
2 2 0.005780 0.027481 0.746003 0.208892 0.011844
2 2 0.007918 0.030762 0.767969 0.179781 0.013570
2 2 0.011374 0.035361 0.731804 0.204796 0.016665
2 2 0.010537 0.034227 0.719116 0.219942 0.016178
2 2 0.016615 0.042825 0.661114 0.256473 0.022973
2 2 0.009039 0.034287 0.790422 0.151530 0.014721
2 2 0.000548 0.007966 0.873309 0.116061 0.002116
2 2 0.000309 0.005828 0.909278 0.083236 0.001348
2 2 0.000321 0.005883 0.919424 0.073020 0.001354
2 2 0.000850 0.010076 0.834302 0.151783 0.002990
2 2 0.002053 0.015771 0.804548 0.172033 0.005596
2 2 0.002249 0.016514 0.801506 0.173762 0.005968
2 2 0.001618 0.013793 0.858771 0.121321 0.004496
2 2 0.001038 0.011127 0.838912 0.145513 0.003409
2 2 0.000629 0.008469 0.887920 0.100708 0.002274
2 2 0.000416 0.007056 0.815083 0.175577 0.001868
2 2 0.000903 0.010444 0.805543 0.179910 0.003200
2 2 0.001585 0.013854 0.757090 0.222641 0.004830
2 3 0.003258 0.019735 0.667327 0.301369 0.008312
2 3 0.002540 0.017545 0.709300 0.263726 0.006888
2 2 0.003077 0.019352 0.780963 0.189110 0.007498
2 2 0.006133 0.029197 0.763335 0.189152 0.012183
2 2 0.016848 0.042594 0.699329 0.219427 0.021803
2 2 0.035563 0.058847 0.630040 0.241204 0.034346
2 2 0.041624 0.063129 0.574741 0.280781 0.039725
2 2 0.021450 0.050560 0.573640 0.324624 0.029726
2 2 0.015084 0.045747 0.702041 0.213976 0.023153
2 2 0.014643 0.041828 0.782673 0.139942 0.020914
2 2 0.027695 0.054658 0.734021 0.153407 0.030220
2 2 0.071950 0.085829 0.624024 0.152134 0.066062
2 2 0.049533 0.074419 0.701946 0.135332 0.038769
2 2 0.048920 0.074830 0.753806 0.081924 0.040521
2 2 0.022007 0.051855 0.848492 0.057685 0.019961
2 2 0.015202 0.037984 0.849954 0.080602 0.016258
2 2 0.028342 0.050762 0.786662 0.109945 0.024290
2 2 0.067028 0.097019 0.723875 0.064248 0.047830
2 2 0.020390 0.047179 0.733384 0.174325 0.024722
2 2 0.046063 0.067739 0.652335 0.192247 0.041616
2 2 0.164190 0.113411 0.485608 0.154411 0.082380
0 1 0.324468 0.162074 0.319861 0.075708 0.117890
2 2 0.283525 0.147501 0.324192 0.069310 0.175472
2 2 0.256630 0.139797 0.338848 0.073446 0.191279
0 2 0.416387 0.143759 0.232255 0.035319 0.172280
0 1 0.569498 0.111918 0.098874 0.016884 0.202826
0 1 0.590148 0.117923 0.074367 0.004284 0.213277
0 4 0.457207 0.173523 0.096845 0.004364 0.268061
0 4 0.433665 0.130292 0.076298 0.002612 0.357134
4 4 0.349579 0.172166 0.113762 0.007234 0.357258
0 4 0.494708 0.139808 0.102204 0.009644 0.253635
0 1 0.494362 0.163435 0.105638 0.008077 0.228488
0 1 0.368452 0.201229 0.288572 0.008361 0.133386
0 2 0.329973 0.198843 0.293246 0.006009 0.171929
0 4 0.285162 0.213798 0.276458 0.011238 0.213344
0 4 0.350357 0.225687 0.214684 0.020484 0.188788
0 4 0.470071 0.196254 0.129834 0.014345 0.189496
0 4 0.565445 0.160863 0.115243 0.017299 0.141149
0 1 0.607696 0.160576 0.113567 0.021423 0.096738
0 1 0.659942 0.153493 0.093103 0.011608 0.081853
0 1 0.650325 0.149604 0.111182 0.010528 0.078361
0 1 0.626482 0.154035 0.126850 0.011766 0.080866
0 4 0.784653 0.072363 0.061238 0.014169 0.067578
0 4 0.808063 0.058738 0.046100 0.006222 0.080877
0 2 0.627587 0.094460 0.091770 0.021613 0.164570
0 4 0.555964 0.114345 0.098259 0.014896 0.216535
2 2 0.301477 0.188228 0.334710 0.025711 0.149874
2 2 0.055567 0.108586 0.776766 0.024559 0.034522
2 2 0.111160 0.138013 0.684607 0.020798 0.045422
2 2 0.142206 0.145819 0.571136 0.071522 0.069317
2 2 0.258370 0.174768 0.451082 0.033321 0.082458
0 2 0.523924 0.178028 0.197759 0.014445 0.085844
2 2 0.356246 0.198851 0.364669 0.009600 0.070633
0 2 0.404257 0.178787 0.335472 0.010434 0.071049
2 2 0.338572 0.175718 0.414035 0.008477 0.063198
0 2 0.494638 0.154702 0.251551 0.016474 0.082635
0 2 0.413272 0.150172 0.291717 0.049036 0.095802
2 2 0.282235 0.126706 0.366216 0.128762 0.096081
2 2 0.216001 0.138248 0.468185 0.093920 0.083646
2 2 0.339514 0.179102 0.395790 0.012953 0.072641
2 2 0.111270 0.148942 0.698591 0.005193 0.036004
2 2 0.188230 0.189012 0.581262 0.002593 0.038903
2 2 0.090400 0.110731 0.771541 0.002914 0.024414
2 2 0.030296 0.055906 0.896649 0.004510 0.012639
2 2 0.021410 0.034573 0.926180 0.007577 0.010260
2 2 0.028841 0.040940 0.894669 0.020708 0.014842
2 2 0.042096 0.052995 0.842551 0.039916 0.022443
2 2 0.070977 0.074969 0.772727 0.047591 0.033736
2 2 0.171495 0.135695 0.657892 0.002444 0.032474
2 0 0.155905 0.114271 0.702558 0.001535 0.025731
2 1 0.338200 0.246555 0.359312 0.002776 0.053157
0 2 0.554833 0.234201 0.126439 0.004588 0.079939
0 1 0.645147 0.174984 0.081802 0.004422 0.093644
0 2 0.358921 0.226079 0.264087 0.012759 0.138154
2 2 0.126207 0.203332 0.526433 0.009897 0.134132
2 2 0.046555 0.145818 0.631563 0.012099 0.163964
2 2 0.024745 0.114884 0.740233 0.012131 0.108007
2 2 0.153155 0.215485 0.407649 0.009271 0.214439
0 1 0.325587 0.277071 0.137954 0.004909 0.254479
1 2 0.208601 0.351204 0.298195 0.002276 0.139723
2 2 0.148785 0.320587 0.404545 0.001945 0.124138
2 2 0.063232 0.207202 0.682956 0.001689 0.044921
2 2 0.057684 0.130028 0.784931 0.001975 0.025382
2 2 0.071549 0.101212 0.799852 0.004091 0.023296
2 2 0.028733 0.059813 0.887686 0.008537 0.015231
2 2 0.061145 0.106160 0.790625 0.013433 0.028638
2 2 0.044849 0.105156 0.810107 0.013731 0.026158
2 2 0.042893 0.091361 0.816293 0.022422 0.027031
2 2 0.116004 0.126234 0.670971 0.035802 0.050988
2 2 0.054824 0.087722 0.746944 0.073404 0.037106
2 2 0.098856 0.123624 0.668977 0.056698 0.051846
0 2 0.378189 0.164908 0.354984 0.020585 0.081335
0 2 0.381678 0.187776 0.346532 0.010891 0.073123
2 1 0.326425 0.229615 0.349751 0.013642 0.080567
0 1 0.402533 0.214183 0.293381 0.011070 0.078833
2 2 0.157190 0.140595 0.597234 0.044445 0.060536
2 2 0.032278 0.061723 0.832150 0.051060 0.022788
2 2 0.084327 0.107316 0.733682 0.035502 0.039174
2 2 0.120502 0.157815 0.629687 0.036881 0.055116
0 2 0.391576 0.212497 0.275584 0.024397 0.095947
0 2 0.459144 0.204045 0.212162 0.024006 0.100643
0 2 0.518095 0.181906 0.193804 0.016518 0.089677
2 2 0.278305 0.160479 0.465891 0.024312 0.071013
2 2 0.204190 0.138411 0.588947 0.014970 0.053483
2 2 0.180854 0.119954 0.613336 0.029514 0.056341
2 2 0.314355 0.164332 0.433644 0.017568 0.070100
0 2 0.384675 0.173751 0.349050 0.015782 0.076742
0 2 0.363771 0.229369 0.321603 0.009691 0.075565
0 2 0.679560 0.114378 0.104342 0.018265 0.083456
0 4 0.708789 0.137933 0.076137 0.007193 0.069949
0 4 0.638209 0.185510 0.099073 0.005738 0.071470
0 4 0.704908 0.138501 0.082970 0.006300 0.067321
0 4 0.574611 0.180596 0.161636 0.008014 0.075142
0 4 0.650292 0.131783 0.116829 0.016483 0.084613
0 4 0.717493 0.103669 0.089816 0.013758 0.075263
0 4 0.719276 0.102959 0.092766 0.012287 0.072711
0 4 0.562535 0.172549 0.186909 0.007142 0.070865
0 4 0.759092 0.110440 0.062679 0.005933 0.061857
0 4 0.794367 0.078796 0.048600 0.004039 0.074199
0 4 0.759197 0.066232 0.046406 0.003491 0.124675
0 4 0.696740 0.072362 0.053884 0.004188 0.172826
0 4 0.686040 0.082557 0.072677 0.012132 0.146594
0 4 0.776568 0.077875 0.058679 0.008909 0.077969
0 4 0.746125 0.095406 0.064294 0.007394 0.086781
0 4 0.790060 0.071874 0.055128 0.008613 0.074325
0 4 0.696721 0.085256 0.109894 0.016954 0.091176
0 4 0.695621 0.093545 0.107610 0.021757 0.081467
0 4 0.726144 0.100391 0.082375 0.014849 0.076240
0 4 0.547710 0.164582 0.195960 0.011925 0.079823
0 4 0.603458 0.169690 0.144944 0.007868 0.074040
0 4 0.513133 0.208893 0.203044 0.005591 0.069339
0 4 0.361553 0.279744 0.263297 0.003712 0.091694
2 4 0.119816 0.271279 0.508350 0.002298 0.098257
2 4 0.029448 0.167692 0.718703 0.003907 0.080249
2 4 0.015848 0.119515 0.783502 0.003986 0.077150
2 4 0.035522 0.164131 0.661711 0.003048 0.135589
2 4 0.081709 0.164793 0.637614 0.003638 0.112245
2 4 0.171080 0.234062 0.448597 0.003128 0.143133
4 4 0.203933 0.070579 0.052259 0.001553 0.671676
4 4 0.142343 0.064235 0.049433 0.001465 0.742524
4 4 0.159089 0.077318 0.067244 0.003576 0.692773
4 4 0.140596 0.058497 0.041780 0.000891 0.758236
4 4 0.152999 0.068160 0.053817 0.001843 0.723181
4 4 0.173692 0.143117 0.088842 0.002873 0.591476
4 4 0.245868 0.114795 0.075769 0.002565 0.561003
4 4 0.309765 0.119216 0.137340 0.009693 0.423986
0 4 0.418955 0.102183 0.092749 0.010164 0.375948
4 4 0.325159 0.091494 0.075887 0.004803 0.502657
4 4 0.289822 0.078681 0.058151 0.002065 0.571280
4 4 0.208237 0.067963 0.048397 0.001226 0.674176
4 4 0.158500 0.059273 0.041068 0.000811 0.740348
4 4 0.161047 0.065633 0.049301 0.001392 0.722626
4 4 0.119758 0.056987 0.042164 0.000976 0.780115
4 4 0.145631 0.061698 0.045522 0.001136 0.746012
4 4 0.160853 0.059451 0.041089 0.000808 0.737799
4 4 0.141261 0.056789 0.039502 0.000753 0.761694
4 4 0.247315 0.081791 0.065193 0.002955 0.602746
4 4 0.091778 0.052444 0.039956 0.000936 0.814886
4 4 0.108172 0.056496 0.043072 0.001085 0.791175
4 4 0.084416 0.053371 0.042586 0.001175 0.818451
4 4 0.106964 0.042455 0.025702 0.000239 0.824640
4 4 0.109446 0.051763 0.036541 0.000664 0.801586
4 4 0.116479 0.055171 0.040136 0.000853 0.787361
4 4 0.118516 0.052467 0.036382 0.000633 0.792001
4 4 0.186531 0.057264 0.036522 0.000544 0.719139
4 4 0.184543 0.063175 0.043913 0.000945 0.707423
4 4 0.215511 0.067996 0.047938 0.001183 0.667372
4 4 0.195056 0.064159 0.044391 0.000961 0.695432
4 4 0.093890 0.048592 0.034468 0.000599 0.822451
4 4 0.126099 0.039183 0.020945 0.000122 0.813650
4 4 0.095736 0.031205 0.015374 0.000056 0.857629
4 4 0.149418 0.041603 0.021990 0.000132 0.786858
4 4 0.159589 0.059790 0.041632 0.000843 0.738146
4 4 0.242928 0.107291 0.074632 0.002800 0.572350
4 4 0.155309 0.251748 0.176806 0.003451 0.412686
4 4 0.126245 0.179789 0.205566 0.004479 0.483920
4 4 0.226140 0.097086 0.100341 0.006780 0.569653
4 4 0.198675 0.084971 0.074796 0.004678 0.636881
4 4 0.268044 0.078118 0.058481 0.002103 0.593254
4 4 0.224259 0.077353 0.060306 0.002356 0.635726
0 4 0.442039 0.109430 0.058305 0.001205 0.389021
0 4 0.474576 0.145661 0.163055 0.002972 0.213735
0 4 0.458373 0.178781 0.117627 0.001965 0.243255
0 4 0.494438 0.213831 0.110782 0.003853 0.177096
1 4 0.314033 0.333699 0.227881 0.005230 0.119158
1 4 0.198387 0.353351 0.346017 0.003144 0.099101
2 4 0.176862 0.321829 0.439690 0.002753 0.058866
2 4 0.259251 0.316848 0.327650 0.004895 0.091355
0 4 0.388144 0.287272 0.200265 0.005022 0.119296
0 4 0.530147 0.181755 0.139752 0.009864 0.138482
0 4 0.558404 0.153436 0.121588 0.013095 0.153478
0 4 0.677971 0.127686 0.089315 0.014140 0.090889
0 4 0.540268 0.178839 0.165919 0.019833 0.095141
0 4 0.681436 0.133584 0.089365 0.013682 0.081934
0 4 0.642698 0.132502 0.125757 0.015718 0.083325
0 4 0.760183 0.072066 0.069643 0.022192 0.075916
0 4 0.717188 0.080487 0.086439 0.032402 0.083484
0 4 0.763377 0.071365 0.068388 0.021667 0.075204
0 4 0.577135 0.155667 0.113729 0.009985 0.143484
0 0 0.464154 0.222181 0.144571 0.016144 0.152951
0 4 0.352930 0.256264 0.151351 0.012723 0.226733
1 4 0.235878 0.314607 0.225448 0.013100 0.210966
0 4 0.368274 0.191184 0.146723 0.019871 0.273949
4 4 0.280296 0.178362 0.171001 0.029081 0.341259
4 4 0.328243 0.144908 0.139729 0.026221 0.360899
0 4 0.356278 0.162454 0.158161 0.022974 0.300133
0 4 0.563107 0.162353 0.114122 0.015960 0.144458
0 4 0.596970 0.156681 0.117785 0.025345 0.103219
0 0 0.616421 0.138450 0.108818 0.022874 0.113436
0 4 0.555154 0.103360 0.079267 0.006818 0.255401
4 4 0.312975 0.084901 0.066114 0.003091 0.532919
4 4 0.294731 0.089255 0.070843 0.003632 0.541538
4 4 0.349771 0.087535 0.068710 0.003565 0.490418
4 4 0.416820 0.083708 0.061688 0.002725 0.435059
4 4 0.424169 0.070868 0.044726 0.001010 0.459227
4 4 0.362053 0.068653 0.042973 0.000842 0.525478
4 4 0.381999 0.078759 0.055307 0.001858 0.482077
4 4 0.336980 0.125644 0.082041 0.003313 0.452022
4 4 0.271265 0.147792 0.097532 0.004488 0.478923
0 4 0.390122 0.173687 0.130895 0.011151 0.294146
0 4 0.435732 0.169514 0.132499 0.018128 0.244126
0 4 0.352348 0.179963 0.185499 0.026389 0.255801
2 4 0.248603 0.219358 0.312510 0.019561 0.199969
4 2 0.311855 0.182535 0.152692 0.008001 0.344917
4 4 0.276199 0.194023 0.216702 0.006305 0.306771
4 2 0.326985 0.172694 0.129367 0.007174 0.363779
4 2 0.267124 0.149553 0.104929 0.006005 0.472389
4 2 0.300963 0.198221 0.150772 0.017929 0.332115
4 2 0.189037 0.094475 0.093346 0.009489 0.613652
2 1 0.055874 0.119723 0.650889 0.017190 0.156325
2 2 0.021094 0.071813 0.852562 0.011976 0.042555
2 2 0.007275 0.037008 0.927661 0.012050 0.016007
2 2 0.020031 0.053993 0.893201 0.007739 0.025037
2 2 0.021593 0.050710 0.894735 0.006497 0.026465
2 2 0.031465 0.057581 0.871832 0.006102 0.033020
2 2 0.330242 0.163105 0.401097 0.004857 0.100699
1 2 0.229849 0.299077 0.264246 0.007433 0.199395
1 1 0.221976 0.353711 0.160229 0.006878 0.257206
1 2 0.174285 0.396938 0.229811 0.011218 0.187749
2 2 0.026648 0.119815 0.776964 0.019164 0.057409
2 2 0.002468 0.026562 0.949374 0.014272 0.007324
2 2 0.001330 0.014408 0.960787 0.019148 0.004327
2 2 0.000851 0.008874 0.972453 0.015278 0.002544
2 2 0.000365 0.005379 0.979137 0.014010 0.001109
2 2 0.000396 0.005970 0.982094 0.010325 0.001214
2 2 0.000921 0.010355 0.969028 0.015708 0.003988
2 1 0.000923 0.010192 0.951094 0.034519 0.003272
2 2 0.001850 0.014919 0.916801 0.061001 0.005429
2 2 0.004317 0.028618 0.901431 0.054987 0.010648
2 2 0.002440 0.019344 0.943565 0.029642 0.005009
2 2 0.001556 0.015422 0.946049 0.033237 0.003737
2 2 0.000918 0.009390 0.952418 0.034814 0.002460
2 2 0.000520 0.007041 0.956205 0.034573 0.001661
2 2 0.000388 0.005919 0.965709 0.026688 0.001296
2 2 0.000321 0.005362 0.967126 0.026060 0.001132
2 3 0.000387 0.006235 0.944844 0.047104 0.001429
2 2 0.000601 0.007531 0.954431 0.035630 0.001807
2 2 0.000433 0.006536 0.949200 0.042317 0.001515
2 2 0.328576 0.203532 0.333133 0.034485 0.100274
2 1 0.051728 0.124395 0.622283 0.147723 0.053870
2 2 0.001558 0.013237 0.895432 0.085637 0.004136
2 2 0.001391 0.012285 0.914504 0.068140 0.003680
2 2 0.001735 0.014260 0.941206 0.038818 0.003980
2 2 0.001677 0.013447 0.945674 0.035411 0.003791
2 2 0.002078 0.016976 0.937053 0.039278 0.004615
2 3 0.001819 0.014590 0.909944 0.069167 0.004480
2 2 0.001465 0.013198 0.844092 0.136964 0.004280
2 3 0.002303 0.016688 0.809840 0.165149 0.006019
2 3 0.001717 0.014192 0.871249 0.108240 0.004603
2 2 0.001626 0.015196 0.917739 0.061258 0.004180
2 2 0.002803 0.021580 0.928908 0.041011 0.005699
2 2 0.005333 0.025081 0.917697 0.044122 0.007767
2 2 0.003213 0.017318 0.916834 0.057189 0.005446
2 2 0.002558 0.015933 0.906355 0.070159 0.004994
2 2 0.000627 0.007969 0.921306 0.068126 0.001972
2 2 0.000666 0.007738 0.948072 0.041712 0.001811
2 2 0.001469 0.011350 0.944056 0.040118 0.003007
2 2 0.001529 0.011687 0.940008 0.043629 0.003148
2 3 0.001528 0.011891 0.927270 0.056060 0.003251
2 2 0.000762 0.009030 0.907148 0.080662 0.002399
2 3 0.000466 0.007254 0.893513 0.096931 0.001836
2 2 0.000700 0.008826 0.904327 0.083773 0.002374
2 2 0.001016 0.010594 0.907388 0.077971 0.003031
2 2 0.003144 0.022436 0.924819 0.043254 0.006347
2 2 0.001693 0.013252 0.929404 0.051634 0.004017
2 2 0.001258 0.011295 0.938149 0.046089 0.003209
2 2 0.000855 0.009430 0.933044 0.054140 0.002530
2 2 0.000280 0.005319 0.943311 0.049935 0.001155
2 2 0.001865 0.014544 0.888525 0.090343 0.004723
2 2 0.002766 0.018365 0.767239 0.204580 0.007050
2 2 0.001576 0.013852 0.770916 0.208856 0.004801
2 2 0.000792 0.009799 0.764196 0.222197 0.003016
2 3 0.000943 0.010645 0.822624 0.162542 0.003246
2 2 0.000676 0.009019 0.809319 0.178370 0.002616
