2 2 0.015874 0.077335 0.694016 0.012917 0.199858
2 2 0.027111 0.102606 0.607557 0.012844 0.249882
4 4 0.053012 0.130769 0.098953 0.002464 0.714802
4 4 0.091608 0.137743 0.083248 0.002624 0.684776
4 4 0.083984 0.110916 0.062001 0.002236 0.740863
4 4 0.101124 0.068925 0.037578 0.004949 0.787425
4 4 0.122472 0.062720 0.027604 0.003257 0.783948
4 4 0.173032 0.073964 0.031016 0.003783 0.718206
4 4 0.166812 0.088758 0.046714 0.008180 0.689536
4 4 0.199508 0.100131 0.053518 0.008533 0.638311
4 4 0.210557 0.088545 0.039651 0.004449 0.656798
4 4 0.175014 0.147900 0.067925 0.002728 0.606433
4 4 0.130371 0.320160 0.183208 0.002300 0.363961
4 4 0.077692 0.326559 0.222866 0.001846 0.371037
1 4 0.054868 0.336926 0.269763 0.001802 0.336641
1 4 0.058308 0.348724 0.286667 0.002110 0.304191
4 4 0.086337 0.302795 0.197181 0.001944 0.411743
4 4 0.125449 0.255059 0.153442 0.002927 0.463123
4 4 0.140335 0.189888 0.099743 0.002633 0.567400
4 4 0.152876 0.155403 0.077939 0.002888 0.610894
4 4 0.145635 0.102049 0.043136 0.001936 0.707244
4 4 0.137859 0.065276 0.027560 0.002669 0.766635
4 4 0.125594 0.067368 0.031482 0.004012 0.771543
4 4 0.260553 0.087623 0.034269 0.003954 0.613601
4 4 0.392683 0.141672 0.054027 0.005144 0.406474
0 4 0.558482 0.198530 0.067536 0.004876 0.170576
0 4 0.646558 0.155286 0.043387 0.003637 0.151133
0 4 0.608658 0.154198 0.044927 0.003849 0.188367
0 4 0.519426 0.216853 0.078742 0.005162 0.179818
0 4 0.386677 0.306671 0.152933 0.007683 0.146036
4 4 0.025894 0.098763 0.341668 0.012480 0.521195
2 4 0.014899 0.106482 0.619455 0.008260 0.250904
2 2 0.009010 0.071969 0.827881 0.025476 0.065664
2 2 0.009323 0.069436 0.840189 0.022930 0.058122
2 2 0.007920 0.043966 0.877005 0.039057 0.032051
2 2 0.003199 0.013991 0.793850 0.182605 0.006355
2 2 0.003933 0.016381 0.640367 0.324575 0.014745
3 2 0.002743 0.009915 0.349943 0.626410 0.010988
3 2 0.002031 0.008059 0.306199 0.673358 0.010352
3 2 0.002510 0.009229 0.339051 0.637470 0.011741
3 3 0.002349 0.007613 0.334687 0.649462 0.005889
3 3 0.003356 0.007102 0.208695 0.775253 0.005594
3 3 0.004990 0.009242 0.161087 0.814724 0.009956
3 3 0.006118 0.011522 0.231523 0.737538 0.013300
3 3 0.005380 0.012811 0.231575 0.726005 0.024228
3 3 0.003119 0.008350 0.181044 0.790461 0.017026
3 3 0.002146 0.006850 0.138051 0.833553 0.019400
3 3 0.004713 0.013351 0.144205 0.793192 0.044539
3 3 0.003006 0.008686 0.146750 0.823108 0.018450
3 3 0.001828 0.004551 0.102501 0.886153 0.004968
3 3 0.002548 0.005788 0.165270 0.822598 0.003797
3 3 0.001921 0.003986 0.107329 0.884036 0.002727
3 3 0.002276 0.004399 0.138134 0.852728 0.002463
3 3 0.002557 0.004774 0.124456 0.865425 0.002788
3 3 0.001988 0.004095 0.113012 0.878618 0.002286
3 3 0.001902 0.004212 0.104764 0.885867 0.003256
3 3 0.001276 0.003469 0.074245 0.917048 0.003962
3 3 0.000534 0.001534 0.049033 0.947483 0.001415
3 3 0.000732 0.001955 0.045099 0.950470 0.001744
3 3 0.000531 0.001474 0.041878 0.954927 0.001191
3 3 0.000437 0.001370 0.038201 0.958571 0.001421
3 3 0.000495 0.001536 0.039581 0.956773 0.001615
3 3 0.000511 0.001631 0.043972 0.951963 0.001923
3 3 0.001128 0.003155 0.078085 0.913832 0.003800
3 3 0.001123 0.002892 0.071912 0.921351 0.002721
3 3 0.000740 0.001913 0.057462 0.938290 0.001595
3 3 0.000887 0.002161 0.038688 0.956083 0.002181
3 3 0.000434 0.001266 0.022559 0.974243 0.001497
3 3 0.000363 0.001175 0.024446 0.972671 0.001346
3 3 0.000471 0.001774 0.035904 0.958802 0.003050
3 3 0.000711 0.002242 0.045335 0.948742 0.002970
3 3 0.000365 0.001486 0.030347 0.964998 0.002804
3 3 0.000330 0.001178 0.024720 0.972246 0.001526
3 3 0.000306 0.000923 0.021894 0.976062 0.000814
3 3 0.000350 0.001103 0.025462 0.971885 0.001200
3 3 0.000407 0.001181 0.024661 0.972463 0.001288
3 3 0.000343 0.001277 0.028575 0.967776 0.002030
3 3 0.000724 0.001986 0.033401 0.961347 0.002543
3 3 0.001153 0.002545 0.047538 0.946449 0.002316
3 3 0.001934 0.003549 0.057363 0.934337 0.002816
3 3 0.000605 0.001719 0.039522 0.956563 0.001590
3 3 0.000197 0.000727 0.019509 0.978775 0.000791
3 3 0.000149 0.000546 0.019342 0.979428 0.000536
3 3 0.000144 0.000540 0.018583 0.980180 0.000554
3 3 0.000529 0.001541 0.041124 0.955398 0.001408
3 3 0.000364 0.001222 0.033725 0.963283 0.001406
3 3 0.000583 0.001761 0.038658 0.957069 0.001929
3 3 0.000306 0.000990 0.027986 0.969783 0.000934
3 3 0.000227 0.000762 0.024972 0.973331 0.000708
3 3 0.000535 0.001502 0.045790 0.950894 0.001280
3 3 0.001362 0.003642 0.076220 0.914696 0.004079
3 3 0.001395 0.003624 0.076708 0.914484 0.003789
3 3 0.001016 0.002692 0.069456 0.924206 0.002630
3 3 0.000596 0.001571 0.049306 0.947341 0.001186
3 3 0.000582 0.001430 0.049479 0.947624 0.000886
3 3 0.000468 0.001233 0.036329 0.961136 0.000833
3 3 0.013890 0.012501 0.080744 0.883283 0.009583
3 3 0.122499 0.056994 0.171358 0.605273 0.043875
0 0 0.516701 0.129072 0.147349 0.101891 0.104987
0 1 0.826423 0.066070 0.016448 0.005736 0.085323
0 2 0.873922 0.059361 0.015936 0.008340 0.042441
0 0 0.910367 0.045587 0.010473 0.006070 0.027504
0 0 0.878557 0.060766 0.018878 0.013297 0.028502
0 0 0.778261 0.097357 0.044083 0.029997 0.050303
0 0 0.565658 0.195963 0.116961 0.031565 0.089852
4 0 0.127268 0.251608 0.229625 0.011069 0.380430
4 0 0.134886 0.202939 0.257937 0.017156 0.387082
4 1 0.112472 0.140060 0.287622 0.046485 0.413361
4 1 0.138561 0.153497 0.222527 0.041459 0.443955
4 1 0.113664 0.179507 0.226131 0.031408 0.449290
4 1 0.092493 0.173905 0.258971 0.039044 0.435587
4 1 0.126946 0.146200 0.264697 0.093675 0.368483
4 1 0.101948 0.106166 0.153322 0.063566 0.574999
4 2 0.149913 0.128040 0.210951 0.078020 0.433076
4 2 0.151552 0.136254 0.189709 0.053663 0.468821
4 2 0.074336 0.155182 0.313385 0.028962 0.428135
2 2 0.031073 0.125677 0.626569 0.030685 0.185996
2 2 0.026697 0.081855 0.728606 0.058564 0.104278
2 2 0.046257 0.112571 0.592284 0.043418 0.205471
4 2 0.117850 0.169340 0.173844 0.010054 0.528912
2 1 0.006953 0.043800 0.894078 0.031161 0.024008
2 2 0.006908 0.037981 0.870272 0.058987 0.025852
2 2 0.012169 0.065735 0.820290 0.036289 0.065516
2 2 0.011740 0.069286 0.799357 0.046158 0.073459
2 2 0.014784 0.078106 0.789029 0.033553 0.084529
2 2 0.016994 0.070071 0.790358 0.035754 0.086823
2 2 0.024616 0.088875 0.775702 0.021900 0.088906
2 2 0.042270 0.107309 0.644839 0.034690 0.170893
2 2 0.042700 0.109766 0.619195 0.023740 0.204599
2 2 0.027380 0.079797 0.740655 0.027506 0.124662
2 2 0.028126 0.070147 0.753785 0.048195 0.099748
2 1 0.075379 0.132631 0.665758 0.035478 0.090754
1 2 0.241515 0.312453 0.211144 0.009867 0.225021
2 2 0.098098 0.250645 0.564749 0.017542 0.068965
2 2 0.045637 0.182635 0.706140 0.017670 0.047919
2 2 0.007677 0.048045 0.911670 0.015233 0.017375
2 2 0.003651 0.021295 0.936947 0.031524 0.006583
2 2 0.006939 0.032306 0.910826 0.035862 0.014068
2 2 0.008775 0.031063 0.876577 0.070685 0.012900
2 2 0.045548 0.099045 0.716303 0.071350 0.067755
2 2 0.081459 0.116076 0.651293 0.089529 0.061644
2 2 0.147624 0.202390 0.512944 0.051382 0.085661
2 2 0.099261 0.212886 0.567493 0.039845 0.080514
2 2 0.048541 0.186247 0.661757 0.024467 0.078989
2 2 0.033592 0.123306 0.766069 0.035426 0.041606
2 2 0.018957 0.064556 0.861547 0.038876 0.016064
2 2 0.019871 0.060091 0.858216 0.046513 0.015308
2 2 0.017503 0.063318 0.863894 0.039614 0.015672
2 2 0.017356 0.058415 0.830240 0.077600 0.016389
2 2 0.020331 0.059023 0.810226 0.092950 0.017470
4 2 0.161722 0.146029 0.180432 0.017542 0.494275
2 2 0.105702 0.179914 0.435713 0.022021 0.256650
4 2 0.086073 0.173307 0.286505 0.010464 0.443652
2 2 0.100318 0.209821 0.348661 0.013095 0.328105
2 2 0.119301 0.218923 0.436428 0.019396 0.205952
2 2 0.272546 0.161557 0.314478 0.052228 0.199191
0 2 0.340243 0.130841 0.304744 0.085440 0.138732
0 2 0.371161 0.166595 0.204707 0.046778 0.210760
0 1 0.323082 0.233711 0.183481 0.018761 0.240965
4 1 0.168129 0.306708 0.188690 0.004407 0.332066
4 1 0.119559 0.275417 0.182805 0.003596 0.418622
4 1 0.122043 0.264930 0.221345 0.008099 0.383584
4 1 0.190428 0.216523 0.163432 0.012834 0.416784
0 0 0.337678 0.215644 0.131583 0.015145 0.299951
0 1 0.361644 0.247809 0.132524 0.010001 0.248021
1 1 0.290122 0.327377 0.185422 0.007327 0.189752
4 1 0.274160 0.282142 0.122708 0.003095 0.317895
0 1 0.307211 0.267027 0.121200 0.004368 0.300195
4 1 0.281572 0.234836 0.109990 0.004585 0.369017
4 1 0.285724 0.165079 0.074374 0.005060 0.469763
0 1 0.373519 0.167246 0.084170 0.010835 0.364229
0 1 0.343428 0.202708 0.134516 0.021233 0.298115
0 0 0.416053 0.187446 0.118097 0.024940 0.253464
0 1 0.493445 0.226508 0.144298 0.029445 0.106303
0 1 0.499332 0.237734 0.147272 0.021983 0.093679
0 1 0.507597 0.253177 0.131739 0.014731 0.092756
0 1 0.499288 0.267029 0.130902 0.011440 0.091341
0 1 0.384507 0.296118 0.190567 0.017913 0.110895
0 1 0.406286 0.257794 0.139913 0.012167 0.183840
0 1 0.437542 0.234752 0.112580 0.009569 0.205557
2 2 0.242301 0.151010 0.328540 0.067083 0.211066
4 2 0.352801 0.147831 0.087545 0.018268 0.393555
4 2 0.310306 0.137925 0.064859 0.007320 0.479590
4 1 0.289148 0.164944 0.071787 0.004598 0.469523
4 1 0.131989 0.214880 0.120982 0.002808 0.529340
4 1 0.180274 0.246149 0.128601 0.003257 0.441719
4 1 0.249377 0.293546 0.144345 0.003927 0.308805
1 1 0.213442 0.369715 0.223349 0.005295 0.188198
1 1 0.280747 0.341133 0.185557 0.005954 0.186610
1 1 0.289341 0.350164 0.232051 0.011646 0.116799
1 2 0.220877 0.340531 0.292874 0.018584 0.127134
2 2 0.135588 0.237831 0.504202 0.037865 0.084514
2 2 0.039127 0.103844 0.783322 0.044079 0.029628
2 2 0.022440 0.062172 0.854536 0.045008 0.015844
2 2 0.038777 0.103236 0.796868 0.034524 0.026594
2 2 0.100259 0.195230 0.624079 0.027050 0.053382
2 2 0.176873 0.311524 0.396095 0.017595 0.097913
2 1 0.127178 0.309336 0.451080 0.016294 0.096112
2 2 0.070755 0.246614 0.587586 0.019446 0.075599
2 2 0.042914 0.206585 0.639058 0.014700 0.096743
2 2 0.101336 0.107573 0.672978 0.083327 0.034787
2 0 0.213192 0.068633 0.488475 0.205673 0.024027
0 0 0.339560 0.108833 0.337368 0.167315 0.046924
0 1 0.328312 0.228305 0.289035 0.055699 0.098650
1 1 0.219516 0.351826 0.288233 0.015383 0.125042
2 1 0.181594 0.322264 0.323106 0.013310 0.159725
2 1 0.109958 0.198138 0.546224 0.029155 0.116525
2 1 0.210772 0.081986 0.466902 0.208061 0.032280
0 1 0.485344 0.128057 0.209389 0.116284 0.060926
2 2 0.339478 0.123822 0.344263 0.140234 0.052203
2 2 0.001893 0.009055 0.954157 0.033321 0.001574
2 2 0.001547 0.006928 0.926110 0.064252 0.001163
2 2 0.002461 0.011762 0.947397 0.035100 0.003279
2 2 0.002871 0.012635 0.886483 0.094624 0.003387
2 2 0.003546 0.014379 0.892255 0.086329 0.003492
2 2 0.003133 0.016800 0.916970 0.057778 0.005319
2 2 0.005067 0.028699 0.931930 0.021659 0.012645
2 2 0.009972 0.065859 0.870208 0.008099 0.045863
2 4 0.011303 0.104238 0.818316 0.005397 0.060747
4 4 0.053439 0.281468 0.275266 0.002854 0.386972
2 4 0.038856 0.271307 0.428203 0.003129 0.258506
4 4 0.063139 0.247486 0.197759 0.002126 0.489491
4 4 0.116574 0.166738 0.088291 0.002196 0.626200
4 4 0.120942 0.059090 0.024326 0.001875 0.793767
4 4 0.104392 0.047548 0.017368 0.001598 0.829094
4 4 0.066511 0.034357 0.012143 0.000991 0.885998
4 4 0.078554 0.036282 0.012025 0.000754 0.872386
4 4 0.161519 0.068228 0.027161 0.002333 0.740759
4 4 0.122699 0.041905 0.012040 0.000864 0.822492
4 4 0.083494 0.039411 0.013907 0.001640 0.861547
4 4 0.058353 0.028743 0.009106 0.000411 0.903387
4 4 0.069858 0.036124 0.012789 0.000630 0.880600
4 4 0.105132 0.041011 0.012637 0.000692 0.840529
4 4 0.081956 0.189778 0.128815 0.002705 0.596747
4 4 0.074683 0.188916 0.143080 0.003379 0.589942
4 4 0.043019 0.216100 0.291542 0.005207 0.444132
2 4 0.033905 0.192424 0.437251 0.007988 0.328432
4 4 0.030870 0.184455 0.363163 0.008648 0.412864
4 4 0.033478 0.200999 0.288395 0.006567 0.470560
4 4 0.030568 0.230041 0.329090 0.005864 0.404436
2 4 0.011906 0.093383 0.836348 0.007089 0.051274
2 2 0.008326 0.069420 0.885902 0.012931 0.023421
2 2 0.007330 0.058745 0.907818 0.009433 0.016673
2 2 0.002260 0.018919 0.956824 0.018350 0.003648
2 2 0.002594 0.020840 0.953968 0.018210 0.004388
2 2 0.003381 0.023429 0.945614 0.021914 0.005662
2 2 0.012392 0.042978 0.904011 0.028607 0.012011
2 2 0.065669 0.067511 0.767389 0.081780 0.017651
2 0 0.204499 0.126764 0.525532 0.100246 0.042959
0 0 0.359203 0.235085 0.286315 0.035426 0.083971
1 1 0.234554 0.352936 0.275017 0.014393 0.123100
4 1 0.165593 0.283187 0.202046 0.007358 0.341817
4 1 0.289803 0.192681 0.101454 0.007909 0.408153
4 1 0.322585 0.138486 0.078189 0.015461 0.445279
4 1 0.300057 0.164185 0.147320 0.043201 0.345237
4 0 0.242235 0.146480 0.109089 0.022175 0.480020
4 1 0.218551 0.187886 0.147018 0.019341 0.427204
4 1 0.093578 0.278027 0.254337 0.007078 0.366980
1 1 0.118420 0.344088 0.292267 0.006957 0.238268
1 1 0.111482 0.344996 0.256228 0.004083 0.283211
1 1 0.114739 0.392983 0.329801 0.005840 0.156637
1 1 0.093314 0.363417 0.355147 0.007391 0.180731
2 2 0.057380 0.279952 0.416804 0.010533 0.235331
2 1 0.086292 0.295021 0.343762 0.012105 0.262821
2 1 0.151984 0.310936 0.334925 0.019762 0.182393
1 1 0.176045 0.357627 0.324091 0.015190 0.127047
1 2 0.160083 0.390296 0.319779 0.008946 0.120896
1 2 0.166608 0.374593 0.323250 0.011562 0.123987
2 2 0.119913 0.281124 0.472717 0.020161 0.106084
2 2 0.056819 0.215805 0.597783 0.020004 0.109590
2 2 0.020107 0.121907 0.824235 0.009617 0.024134
2 2 0.018532 0.114197 0.836423 0.009084 0.021765
2 2 0.030766 0.147460 0.786811 0.008057 0.026906
2 2 0.024786 0.099688 0.846641 0.011207 0.017678
2 2 0.039469 0.097618 0.822832 0.020648 0.019434
2 2 0.027288 0.066226 0.859448 0.032649 0.014389
2 2 0.013619 0.044751 0.897763 0.034011 0.009856
2 1 0.007128 0.030183 0.930431 0.026607 0.005651
2 2 0.004655 0.032319 0.936177 0.021130 0.005719
2 2 0.003519 0.025323 0.952256 0.014958 0.003945
2 2 0.004618 0.027929 0.946292 0.016573 0.004588
2 2 0.003002 0.017810 0.955269 0.021161 0.002757
2 2 0.005254 0.023053 0.914928 0.052146 0.004618
2 2 0.003293 0.013715 0.933633 0.046974 0.002384
2 2 0.002492 0.010453 0.912383 0.072803 0.001869
2 2 0.007101 0.020229 0.932944 0.036145 0.003580
2 2 0.024726 0.046337 0.873455 0.045545 0.009937
2 1 0.026544 0.072342 0.855522 0.029661 0.015932
2 1 0.040465 0.102722 0.801293 0.030729 0.024791
2 2 0.017594 0.078849 0.862138 0.023054 0.018366
2 2 0.010755 0.055284 0.905285 0.017664 0.011012
2 2 0.005142 0.034654 0.920109 0.032328 0.007768
2 2 0.005457 0.046389 0.910506 0.024368 0.013280
2 2 0.002374 0.024793 0.950556 0.016299 0.005979
2 2 0.002625 0.024476 0.958143 0.010435 0.004321
2 2 0.002248 0.017053 0.967915 0.010527 0.002257
2 2 0.002329 0.014879 0.969266 0.011566 0.001960
2 2 0.004116 0.021938 0.955412 0.015166 0.003368
2 2 0.003096 0.017083 0.947143 0.029866 0.002811
2 2 0.004481 0.025947 0.934821 0.030042 0.004710
2 2 0.002785 0.010973 0.914879 0.069393 0.001971
2 2 0.001537 0.006457 0.869958 0.120889 0.001159
2 2 0.001729 0.007178 0.861460 0.128293 0.001340
2 2 0.002252 0.009486 0.830708 0.155572 0.001981
2 2 0.004474 0.017590 0.806231 0.167356 0.004349
2 2 0.005090 0.018165 0.734105 0.237601 0.005040
2 2 0.004746 0.016560 0.719127 0.254965 0.004602
2 2 0.002876 0.009714 0.735109 0.249934 0.002368
2 2 0.003817 0.010051 0.747780 0.235893 0.002459
2 2 0.003926 0.011479 0.766347 0.215447 0.002802
2 2 0.005903 0.017877 0.811496 0.160272 0.004453
2 2 0.004682 0.014043 0.735797 0.241758 0.003720
2 2 0.003559 0.010859 0.782719 0.200309 0.002554
2 2 0.003017 0.010566 0.817708 0.166382 0.002328
2 2 0.003270 0.011905 0.866518 0.115849 0.002457
2 2 0.005259 0.018590 0.876579 0.095490 0.004082
2 2 0.004534 0.014215 0.807111 0.170737 0.003403
2 2 0.004942 0.013746 0.689467 0.287985 0.003859
2 2 0.003480 0.009380 0.511689 0.472458 0.002994
3 3 0.002950 0.007763 0.427948 0.558702 0.002637
3 2 0.003255 0.008668 0.476639 0.508600 0.002838
2 2 0.002661 0.008023 0.524932 0.461963 0.002421
2 2 0.001965 0.006018 0.495737 0.494516 0.001763
3 2 0.002121 0.005758 0.385935 0.604254 0.001932
3 3 0.001378 0.003690 0.279983 0.713632 0.001317
3 2 0.001144 0.003136 0.317358 0.677348 0.001014
3 3 0.001734 0.003838 0.307747 0.685347 0.001334
2 2 0.002501 0.004228 0.551901 0.440317 0.001053
3 3 0.004196 0.004533 0.343428 0.646344 0.001498
3 3 0.011465 0.014690 0.482596 0.485687 0.005562
2 2 0.011281 0.030314 0.788404 0.161327 0.008674
2 2 0.091157 0.050182 0.480160 0.357598 0.020904
2 2 0.224420 0.096839 0.433020 0.203810 0.041911
2 2 0.179646 0.104648 0.522103 0.153445 0.040159
2 0 0.199317 0.186191 0.475136 0.069683 0.069674
2 1 0.182156 0.319810 0.332248 0.021270 0.144516
0 2 0.367778 0.260473 0.195738 0.030273 0.145738
0 1 0.560154 0.168150 0.093890 0.027592 0.150214
0 1 0.644361 0.129280 0.065063 0.027990 0.133306
0 1 0.523715 0.150284 0.088412 0.031801 0.205787
0 1 0.494204 0.198843 0.112798 0.021939 0.172216
1 1 0.234562 0.323016 0.257946 0.016554 0.167921
1 1 0.152151 0.365514 0.311171 0.009830 0.161333
1 1 0.178591 0.326479 0.236201 0.007914 0.250815
4 1 0.279417 0.235706 0.127297 0.007233 0.350347
4 1 0.345591 0.147053 0.060192 0.005249 0.441915
4 1 0.373545 0.120237 0.044594 0.004781 0.456843
0 1 0.542865 0.144298 0.079528 0.027698 0.205611
0 1 0.755012 0.102897 0.044717 0.024504 0.072870
0 0 0.778311 0.097340 0.044068 0.029988 0.050292
0 1 0.756038 0.104520 0.050431 0.034118 0.054893
0 1 0.715681 0.116769 0.062599 0.041943 0.063007
0 1 0.447108 0.152534 0.193217 0.083168 0.123974
0 0 0.483566 0.155760 0.167352 0.088125 0.105198
0 0 0.682474 0.118140 0.085077 0.053994 0.060315
0 0 0.754965 0.095487 0.064275 0.040476 0.044798
0 0 0.839302 0.075998 0.028021 0.019429 0.037250
0 0 0.772106 0.133467 0.041215 0.006984 0.046229
0 0 0.651997 0.216782 0.066662 0.004085 0.060474
0 0 0.608170 0.259337 0.069996 0.002157 0.060339
0 0 0.907927 0.044625 0.018105 0.011823 0.017520
0 0 0.958493 0.024593 0.004068 0.003035 0.009811
0 0 0.940256 0.033655 0.006878 0.005034 0.014177
0 0 0.853049 0.070812 0.024705 0.017217 0.034218
0 0 0.757631 0.104017 0.049968 0.033818 0.054567
0 0 0.508200 0.257205 0.129789 0.013211 0.091595
0 0 0.517827 0.286237 0.110255 0.005220 0.080461
0 0 0.432126 0.325540 0.144291 0.005883 0.092161
1 0 0.318454 0.387154 0.188842 0.004605 0.100944
1 0 0.304638 0.399392 0.191637 0.004004 0.100328
1 1 0.203325 0.423985 0.258128 0.004598 0.109964
1 1 0.212505 0.413256 0.257304 0.005377 0.111557
2 1 0.125145 0.318365 0.469735 0.009074 0.077680
2 1 0.147532 0.303278 0.453785 0.013325 0.082080
2 1 0.068474 0.158442 0.707734 0.025444 0.039905
2 2 0.032454 0.106889 0.814813 0.021700 0.024144
2 2 0.018841 0.062732 0.882217 0.023433 0.012776
2 2 0.006868 0.030993 0.940743 0.016394 0.005003
2 2 0.005583 0.027203 0.950450 0.012743 0.004021
2 2 0.004220 0.023001 0.957934 0.011575 0.003270
2 2 0.005066 0.025497 0.954024 0.011776 0.003637
2 2 0.004233 0.020261 0.959758 0.012917 0.002831
2 2 0.007090 0.031284 0.945094 0.012023 0.004508
2 2 0.009622 0.032029 0.939212 0.014520 0.004617
2 2 0.023030 0.045513 0.899138 0.024726 0.007594
2 1 0.076211 0.113232 0.759676 0.027502 0.023378
2 2 0.114504 0.150641 0.671117 0.029104 0.034634
2 2 0.033037 0.082555 0.845108 0.022866 0.016434
2 1 0.062643 0.166740 0.712466 0.019030 0.039121
2 1 0.038395 0.117119 0.808061 0.014191 0.022234
0 1 0.286139 0.216101 0.201660 0.047604 0.248497
2 1 0.127729 0.303717 0.339825 0.020761 0.207969
2 1 0.066109 0.297638 0.484119 0.019462 0.132672
2 1 0.007670 0.048220 0.914068 0.019076 0.010967
2 2 0.002167 0.015718 0.961204 0.018060 0.002850
2 2 0.001300 0.010894 0.972111 0.014326 0.001369
2 2 0.002199 0.020660 0.965826 0.008595 0.002721
2 2 0.002398 0.022536 0.961785 0.010155 0.003126
2 2 0.001609 0.016638 0.968166 0.011403 0.002184
2 2 0.002322 0.022193 0.960545 0.011788 0.003152
2 2 0.001357 0.011003 0.957009 0.029041 0.001590
2 2 0.001261 0.009943 0.961894 0.025531 0.001371
2 2 0.001853 0.014672 0.965952 0.015510 0.002012
2 2 0.003167 0.021961 0.962474 0.009365 0.003033
2 2 0.002495 0.016300 0.967969 0.011063 0.002172
2 2 0.002407 0.015250 0.968017 0.012282 0.002044
2 2 0.002876 0.014836 0.958522 0.021541 0.002225
2 2 0.001946 0.010048 0.957479 0.029068 0.001459
2 2 0.002505 0.013726 0.938611 0.042850 0.002307
2 2 0.002780 0.015909 0.942860 0.035788 0.002663
2 2 0.002420 0.012192 0.931403 0.051903 0.002082
2 2 0.002086 0.008926 0.905529 0.081882 0.001577
2 2 0.001456 0.006303 0.887362 0.103796 0.001083
2 2 0.001593 0.007123 0.904351 0.085730 0.001204
2 2 0.002062 0.010270 0.936649 0.049350 0.001669
2 2 0.003940 0.020013 0.947778 0.024954 0.003317
2 2 0.006075 0.026447 0.931364 0.031175 0.004938
2 2 0.005951 0.022725 0.915549 0.051220 0.004556
2 2 0.005023 0.016139 0.891339 0.084152 0.003348
2 2 0.004484 0.013545 0.861553 0.117495 0.002922
2 2 0.005165 0.015617 0.806558 0.168841 0.003819
2 2 0.004585 0.013250 0.792131 0.186822 0.003212
2 2 0.003278 0.010543 0.778832 0.204875 0.002472
2 2 0.003418 0.010575 0.759758 0.223698 0.002552
2 2 0.003661 0.010031 0.714969 0.268786 0.002553
2 2 0.003132 0.007282 0.599857 0.387729 0.002000
2 2 0.003988 0.009022 0.636121 0.348375 0.002493
2 3 0.002126 0.005753 0.671573 0.319179 0.001369
2 3 0.002243 0.006424 0.678480 0.311304 0.001548
2 3 0.002558 0.008509 0.724136 0.262751 0.002046
2 3 0.002336 0.007267 0.607812 0.380639 0.001946
2 3 0.002663 0.007854 0.657496 0.329962 0.002025
2 3 0.002227 0.006042 0.576699 0.413409 0.001622
3 3 0.002741 0.006783 0.403059 0.585100 0.002318
3 3 0.001661 0.003457 0.212893 0.780587 0.001402
3 3 0.001151 0.002417 0.176549 0.818899 0.000984
3 3 0.001018 0.002527 0.280455 0.715168 0.000832
2 2 0.001753 0.004719 0.568758 0.423560 0.001211
2 2 0.003348 0.009301 0.813688 0.171702 0.001961
2 2 0.006058 0.017188 0.918975 0.054692 0.003087
2 2 0.008010 0.020639 0.924568 0.043148 0.003635
2 2 0.013594 0.024139 0.905712 0.052225 0.004331
2 2 0.021975 0.027943 0.867108 0.077606 0.005368
2 2 0.028758 0.032095 0.857414 0.075646 0.006087
2 2 0.058041 0.054675 0.810302 0.065812 0.011169
2 2 0.155729 0.079731 0.662857 0.082619 0.019064
2 1 0.264663 0.104249 0.501575 0.098994 0.030519
2 1 0.164269 0.119940 0.634371 0.052277 0.029143
2 2 0.116364 0.190800 0.619416 0.025214 0.048207
2 2 0.052755 0.199156 0.679948 0.016419 0.051722
2 2 0.031649 0.170481 0.742921 0.013236 0.041713
2 2 0.261772 0.135670 0.437687 0.113352 0.051519
0 1 0.453063 0.142816 0.209757 0.120413 0.073951
0 1 0.406369 0.225544 0.248124 0.036358 0.083605
2 1 0.176338 0.296985 0.443876 0.011292 0.071509
1 1 0.081215 0.408671 0.392061 0.005191 0.112862
2 1 0.017501 0.174246 0.761731 0.007124 0.039399
2 2 0.005847 0.052017 0.926362 0.007399 0.008375
2 2 0.004324 0.035526 0.945202 0.009477 0.005471
2 2 0.003520 0.026262 0.956223 0.010166 0.003829
2 2 0.003411 0.026770 0.954326 0.011493 0.004001
2 2 0.006038 0.043361 0.930814 0.012354 0.007433
2 2 0.007231 0.044458 0.927192 0.013274 0.007845
2 2 0.006353 0.038329 0.932967 0.015621 0.006729
2 2 0.005845 0.041826 0.935430 0.010062 0.006837
2 2 0.004746 0.038906 0.942664 0.007802 0.005881
2 2 0.003416 0.020171 0.960716 0.012776 0.002921
2 2 0.002501 0.011898 0.960466 0.023405 0.001730
2 2 0.002147 0.010077 0.956056 0.030236 0.001483
2 2 0.002033 0.010874 0.949843 0.035580 0.001670
2 2 0.002724 0.015282 0.943673 0.035785 0.002537
2 2 0.002328 0.013947 0.949238 0.032275 0.002212
2 2 0.002122 0.012324 0.943386 0.040181 0.001987
2 2 0.002573 0.013313 0.928150 0.053630 0.002333
2 2 0.003480 0.017296 0.943736 0.032566 0.002921
2 2 0.007200 0.022710 0.913836 0.051847 0.004407
2 2 0.012615 0.028492 0.882057 0.070816 0.006020
2 2 0.016947 0.032293 0.866279 0.077373 0.007108
2 2 0.004100 0.012927 0.892479 0.087922 0.002573
2 2 0.003654 0.014339 0.936117 0.043403 0.002487
2 2 0.002687 0.008506 0.872027 0.115146 0.001634
2 2 0.005190 0.016850 0.918974 0.055755 0.003231
2 2 0.008286 0.027657 0.916792 0.041870 0.005395
2 2 0.009704 0.027051 0.910403 0.047621 0.005220
2 2 0.010434 0.025932 0.888233 0.069944 0.005457
2 2 0.006461 0.016906 0.876516 0.096566 0.003550
2 2 0.008390 0.019669 0.858400 0.109220 0.004320
2 2 0.012969 0.023046 0.860576 0.098467 0.004943
2 2 0.011848 0.020863 0.853078 0.109679 0.004532
2 2 0.011139 0.022195 0.833690 0.127799 0.005177
2 2 0.004461 0.011700 0.767730 0.213231 0.002878
2 2 0.003019 0.007989 0.732252 0.254841 0.001898
2 2 0.003827 0.008965 0.798435 0.186766 0.002007
2 2 0.003554 0.009118 0.798228 0.187062 0.002039
2 2 0.003584 0.011018 0.855918 0.127175 0.002306
2 2 0.005040 0.017967 0.873188 0.099855 0.003951
2 2 0.002889 0.011284 0.912473 0.071301 0.002053
2 2 0.002960 0.012258 0.897293 0.085135 0.002356
2 2 0.002971 0.014017 0.915534 0.064877 0.002601
2 2 0.002486 0.011840 0.914949 0.068589 0.002136
2 2 0.001696 0.007458 0.917126 0.072490 0.001229
2 2 0.001698 0.007144 0.904429 0.085518 0.001211
2 2 0.002800 0.010061 0.868569 0.116570 0.002001
2 2 0.002069 0.008335 0.886131 0.101938 0.001528
2 2 0.002587 0.009096 0.870584 0.115966 0.001767
2 2 0.002669 0.008993 0.893692 0.092986 0.001659
2 2 0.003969 0.011558 0.856001 0.126024 0.002448
2 2 0.004582 0.011652 0.805832 0.175222 0.002712
2 2 0.004883 0.013804 0.841129 0.137066 0.003118
2 2 0.004330 0.012060 0.800091 0.180681 0.002839
2 2 0.003782 0.010003 0.820879 0.163137 0.002199
2 2 0.005555 0.011503 0.814228 0.166157 0.002557
2 2 0.007032 0.013790 0.797356 0.178614 0.003207
2 2 0.006378 0.010958 0.686761 0.293090 0.002814
2 2 0.007679 0.012244 0.630297 0.346404 0.003376
3 2 0.005273 0.007855 0.470521 0.513904 0.002445
2 2 0.007889 0.010282 0.539739 0.439038 0.003052
2 2 0.006707 0.009722 0.588742 0.392138 0.002689
2 2 0.006790 0.010301 0.669778 0.310540 0.002592
2 2 0.008238 0.013786 0.765305 0.209440 0.003231
2 2 0.004492 0.010650 0.779154 0.203259 0.002445
2 2 0.004996 0.010826 0.739732 0.241796 0.002650
2 2 0.007991 0.015491 0.793513 0.179305 0.003701
2 2 0.009461 0.014145 0.743211 0.229636 0.003547
2 2 0.006408 0.010880 0.683284 0.296569 0.002859
2 2 0.005984 0.011621 0.726902 0.252561 0.002932
2 2 0.003295 0.008028 0.765511 0.221379 0.001788
2 2 0.006611 0.013150 0.813328 0.164059 0.002853
2 2 0.007642 0.015774 0.837472 0.135752 0.003360
2 2 0.009323 0.015363 0.800990 0.170897 0.003427
2 2 0.006726 0.011696 0.778688 0.200264 0.002625
2 2 0.006240 0.011039 0.711187 0.268798 0.002736
2 3 0.006993 0.013609 0.718561 0.257278 0.003558
2 2 0.009033 0.014247 0.711334 0.261631 0.003755
2 1 0.009959 0.016598 0.819191 0.150245 0.004006
2 2 0.089033 0.039966 0.627200 0.231040 0.012762
2 0 0.179186 0.069330 0.509958 0.215981 0.025545
0 1 0.325361 0.144124 0.293172 0.159398 0.077945
2 1 0.248120 0.167620 0.303081 0.175775 0.105403
2 2 0.168396 0.202537 0.442320 0.090672 0.096075
2 2 0.012603 0.088285 0.867224 0.011228 0.020660
2 2 0.016426 0.118155 0.814155 0.009992 0.041272
2 4 0.030557 0.182091 0.685368 0.010272 0.091712
2 4 0.031009 0.216907 0.612121 0.008241 0.131721
4 4 0.039991 0.255889 0.275773 0.003486 0.424861
4 4 0.084181 0.165035 0.129188 0.006210 0.615386
4 4 0.116762 0.092121 0.064932 0.020243 0.705942
4 4 0.118469 0.070212 0.035191 0.003245 0.772882
4 4 0.192450 0.152923 0.088020 0.006520 0.560086
4 4 0.180111 0.288734 0.191531 0.006500 0.333125
4 4 0.191884 0.282726 0.175519 0.005825 0.344047
4 4 0.194684 0.190778 0.121549 0.008171 0.484818
4 4 0.149581 0.097294 0.060872 0.012128 0.680125
4 4 0.098943 0.054145 0.023486 0.002513 0.820913
4 4 0.104695 0.065676 0.033528 0.003807 0.792294
4 4 0.114691 0.065806 0.031377 0.002566 0.785561
4 4 0.148603 0.066979 0.027555 0.002315 0.754548
4 4 0.157176 0.079941 0.038660 0.004862 0.719360
4 4 0.171291 0.070597 0.028478 0.003835 0.725799
4 4 0.079729 0.040256 0.014977 0.001826 0.863212
4 4 0.132509 0.047726 0.014843 0.000988 0.803935
4 4 0.195599 0.079325 0.031371 0.002807 0.690898
4 4 0.190684 0.221658 0.120246 0.004269 0.463143
1 4 0.094096 0.400811 0.319071 0.003597 0.182426
1 4 0.047812 0.392787 0.383820 0.002539 0.173043
2 4 0.045937 0.371968 0.467356 0.004800 0.109939
2 4 0.022512 0.270881 0.587292 0.004057 0.115259
2 4 0.009969 0.073538 0.877827 0.008205 0.030461
2 4 0.009453 0.038503 0.919304 0.020359 0.012381
2 4 0.018202 0.090555 0.837491 0.015149 0.038602
2 4 0.040773 0.270821 0.347419 0.003452 0.337535
4 4 0.050927 0.212197 0.198190 0.003515 0.535171
4 4 0.077134 0.142407 0.112768 0.004835 0.662855
4 4 0.081538 0.204548 0.201786 0.008820 0.503308
4 4 0.107775 0.128454 0.243371 0.017296 0.503104
4 4 0.124472 0.128265 0.260546 0.034327 0.452390
2 4 0.046746 0.220822 0.518469 0.009650 0.204313
2 4 0.034075 0.282987 0.576104 0.005221 0.101613
1 4 0.047756 0.381283 0.374135 0.002622 0.194205
1 4 0.065216 0.377583 0.314097 0.002475 0.240629
4 4 0.093438 0.319894 0.227923 0.002853 0.355893
4 4 0.091863 0.297417 0.220982 0.003334 0.386403
4 4 0.123948 0.313654 0.208140 0.003512 0.350746
4 4 0.171777 0.287899 0.172569 0.004341 0.363414
1 4 0.203118 0.344593 0.204041 0.004815 0.243434
1 4 0.160705 0.333285 0.190335 0.003064 0.312612
4 4 0.203111 0.295031 0.138277 0.002452 0.361129
4 4 0.307009 0.132914 0.049299 0.003359 0.507420
4 4 0.244576 0.078889 0.028543 0.002947 0.645045
4 4 0.134942 0.054606 0.019666 0.002594 0.788192
4 4 0.111393 0.047096 0.016438 0.001852 0.823221
4 4 0.154472 0.046741 0.013035 0.001172 0.784580
4 4 0.075768 0.031734 0.009461 0.000677 0.882360
4 4 0.085724 0.034494 0.010344 0.000843 0.868595
4 4 0.091545 0.058778 0.029760 0.005757 0.814160
4 4 0.194464 0.095903 0.049403 0.006676 0.653553
4 4 0.315947 0.148174 0.098670 0.021948 0.415260
2 4 0.133933 0.217577 0.442287 0.033083 0.173119
4 4 0.101674 0.170195 0.103350 0.002770 0.622011
2 4 0.038031 0.349341 0.359930 0.002301 0.250397
4 4 0.205782 0.090663 0.042242 0.004834 0.656480
4 4 0.139872 0.059479 0.022436 0.001694 0.776519
4 4 0.160512 0.077791 0.035763 0.003455 0.722480
4 4 0.164949 0.151019 0.077091 0.003494 0.603448
4 4 0.270373 0.218445 0.096308 0.003685 0.411189
1 4 0.236793 0.315086 0.152644 0.003313 0.292164
1 4 0.164630 0.390731 0.213043 0.002472 0.229124
1 4 0.149895 0.382345 0.204520 0.002043 0.261197
1 4 0.112576 0.360162 0.220197 0.002130 0.304935
4 4 0.166507 0.204255 0.097159 0.002360 0.529718
4 4 0.188059 0.104869 0.045360 0.003036 0.658677
4 4 0.217503 0.073886 0.026691 0.002545 0.679375
4 4 0.416612 0.098100 0.034217 0.005164 0.445908
0 4 0.456263 0.157942 0.053730 0.004147 0.327919
1 4 0.256596 0.322924 0.146808 0.002988 0.270685
1 4 0.161689 0.336873 0.186959 0.002796 0.311683
4 4 0.182110 0.264684 0.143669 0.003595 0.405942
2 4 0.107214 0.182149 0.389896 0.013352 0.307388
4 4 0.163997 0.117457 0.178356 0.022444 0.517746
4 4 0.105280 0.169383 0.321045 0.043647 0.360645
1 4 0.117375 0.320349 0.309255 0.010915 0.242106
1 4 0.187623 0.325156 0.210960 0.005979 0.270283
4 4 0.138696 0.152821 0.072812 0.002122 0.633549
4 4 0.200729 0.151965 0.061228 0.002147 0.583930
4 4 0.237867 0.184359 0.076553 0.002748 0.498473
1 4 0.149783 0.343148 0.219465 0.003925 0.283679
1 4 0.168719 0.373218 0.286166 0.008055 0.163842
1 4 0.197552 0.348849 0.279330 0.012288 0.161981
2 4 0.153288 0.302150 0.380418 0.016671 0.147472
2 4 0.088257 0.344523 0.391495 0.009721 0.166003
4 4 0.044083 0.246156 0.290841 0.005602 0.413318
2 4 0.043377 0.298365 0.364235 0.005410 0.288613
2 4 0.025501 0.276785 0.530963 0.004174 0.162578
2 4 0.039816 0.346973 0.373127 0.002850 0.237234
2 4 0.061264 0.348729 0.366678 0.005089 0.218240
1 4 0.128192 0.330722 0.260618 0.006292 0.274175
4 4 0.184463 0.288093 0.194014 0.007091 0.326340
1 4 0.200254 0.331302 0.232245 0.008402 0.227797
1 4 0.188841 0.348225 0.205227 0.004220 0.253487
1 4 0.092003 0.431340 0.359847 0.003839 0.112971
1 4 0.069925 0.428942 0.390980 0.003386 0.106766
2 4 0.043883 0.408459 0.443149 0.003031 0.101477
2 4 0.050241 0.417875 0.426191 0.003001 0.102692
1 4 0.062269 0.429109 0.400772 0.003071 0.104778
2 4 0.055509 0.416395 0.422962 0.003179 0.101956
1 4 0.071124 0.421357 0.395219 0.003861 0.108438
2 4 0.055613 0.334506 0.519010 0.006002 0.084870
2 4 0.083669 0.276622 0.549423 0.013625 0.076661
1 1 0.193345 0.347055 0.313771 0.017696 0.128133
1 1 0.224266 0.355722 0.262341 0.011209 0.146463
1 1 0.185323 0.324867 0.217564 0.006516 0.265730
1 1 0.210549 0.339243 0.182927 0.003774 0.263507
1 1 0.203406 0.324677 0.217187 0.007472 0.247258
1 1 0.163959 0.306113 0.252607 0.011144 0.266178
4 1 0.153428 0.261767 0.231690 0.013956 0.339159
2 1 0.107746 0.325747 0.332016 0.011325 0.223166
1 0 0.128218 0.344808 0.271243 0.006097 0.249636
1 1 0.148881 0.391149 0.256163 0.003868 0.199939
1 1 0.193909 0.387771 0.215798 0.003399 0.199124
1 0 0.182372 0.377874 0.210093 0.003141 0.226520
1 1 0.255694 0.334271 0.149341 0.002748 0.257947
1 1 0.186690 0.389784 0.217789 0.003242 0.202496
1 1 0.129889 0.392805 0.259470 0.003229 0.214607
1 1 0.136473 0.380482 0.241871 0.003132 0.238042
1 1 0.123340 0.374129 0.228095 0.002368 0.272067
1 1 0.159552 0.390006 0.221833 0.002712 0.225898
1 0 0.188184 0.380210 0.191111 0.002356 0.238139
1 0 0.201174 0.385987 0.187741 0.002316 0.222781
1 1 0.136589 0.397284 0.253267 0.003079 0.209781
1 1 0.134586 0.395311 0.262177 0.003438 0.204487
1 1 0.083468 0.385455 0.307495 0.003099 0.220483
1 1 0.088001 0.397415 0.313122 0.003160 0.198303
1 1 0.083779 0.405247 0.332107 0.003290 0.175576
1 1 0.130949 0.427024 0.272420 0.002760 0.166848
1 1 0.177706 0.416226 0.237282 0.003079 0.165707
1 0 0.169571 0.440696 0.253958 0.002857 0.132917
1 0 0.169539 0.454484 0.267251 0.002982 0.105744
1 0 0.224153 0.424454 0.219333 0.003116 0.128943
1 1 0.173438 0.445535 0.268326 0.003382 0.109318
1 1 0.158595 0.442947 0.274421 0.003259 0.120778
1 0 0.189404 0.433766 0.249467 0.003385 0.123978
1 0 0.204502 0.430279 0.251439 0.004017 0.109764
1 0 0.215669 0.433385 0.241116 0.003685 0.106145
1 1 0.176157 0.440059 0.271347 0.003770 0.108667
1 1 0.136884 0.452799 0.299455 0.003178 0.107683
1 1 0.131471 0.448030 0.308282 0.003428 0.108788
1 1 0.161497 0.437936 0.286386 0.004021 0.110160
1 1 0.269986 0.393455 0.222438 0.005789 0.108332
1 1 0.316942 0.358555 0.207122 0.008371 0.109010
1 1 0.288040 0.364792 0.225549 0.008977 0.112641
1 1 0.299020 0.352274 0.224173 0.010666 0.113867
0 1 0.322699 0.308364 0.227952 0.021231 0.119754
2 1 0.152116 0.259228 0.408686 0.035834 0.144135
2 1 0.093904 0.209737 0.565528 0.049269 0.081562
2 1 0.064066 0.311140 0.495517 0.016415 0.112861
2 2 0.069484 0.363909 0.444660 0.008547 0.113400
1 2 0.146017 0.397817 0.328658 0.007901 0.119606
1 1 0.127741 0.416535 0.334467 0.005705 0.115551
1 1 0.132701 0.403968 0.337990 0.007054 0.118287
2 1 0.091829 0.339859 0.457783 0.010321 0.100208
2 1 0.130292 0.366015 0.371599 0.011872 0.120223
0 1 0.374992 0.283447 0.201598 0.024623 0.115340
0 1 0.506434 0.153156 0.152223 0.075365 0.112822
0 0 0.396972 0.174540 0.137363 0.050350 0.240775
0 0 0.373733 0.249293 0.206705 0.043845 0.126424
0 1 0.320440 0.316145 0.226282 0.018610 0.118523
1 1 0.178403 0.418069 0.284369 0.005480 0.113679
1 1 0.210115 0.401289 0.267157 0.006710 0.114728
1 1 0.182366 0.417468 0.281161 0.005489 0.113516
1 1 0.197922 0.417925 0.266932 0.005215 0.112006
1 1 0.187717 0.410964 0.295149 0.004807 0.101362
1 1 0.166190 0.404373 0.330624 0.004577 0.094236
1 1 0.195111 0.420331 0.267808 0.005044 0.111706
1 1 0.183775 0.432076 0.269966 0.004246 0.109937
1 1 0.259913 0.412687 0.218198 0.004257 0.104946
1 1 0.153999 0.432996 0.296948 0.004406 0.111652
2 2 0.088837 0.357698 0.462910 0.005641 0.084914
2 2 0.082829 0.257919 0.594314 0.008962 0.055976
2 1 0.082255 0.199321 0.664397 0.012639 0.041389
2 2 0.139240 0.327050 0.446651 0.008512 0.078547
1 2 0.105763 0.414816 0.359117 0.005493 0.114811
2 1 0.091393 0.359588 0.453859 0.006169 0.088991
2 2 0.060634 0.219518 0.667352 0.008384 0.044112
2 2 0.120991 0.239856 0.578773 0.010922 0.049458
2 2 0.311288 0.095421 0.474252 0.093287 0.025753
0 2 0.466519 0.120210 0.233710 0.125232 0.054329
2 2 0.289410 0.181481 0.312454 0.114040 0.102615
2 0 0.117285 0.288543 0.330881 0.020433 0.242858
2 2 0.056855 0.285117 0.343369 0.008042 0.306618
2 2 0.003598 0.045892 0.932255 0.003571 0.014684
2 2 0.002356 0.032757 0.947889 0.007939 0.009059
2 2 0.002393 0.033818 0.946409 0.010125 0.007255
2 2 0.003129 0.047618 0.930631 0.006478 0.012145
2 2 0.002369 0.036515 0.944191 0.006496 0.010430
2 2 0.002926 0.040242 0.942383 0.004556 0.009893
2 2 0.004194 0.050741 0.929274 0.004147 0.011644
2 2 0.005003 0.063205 0.916081 0.004146 0.011565
2 2 0.005748 0.065903 0.912103 0.005053 0.011192
2 2 0.005374 0.059806 0.917154 0.007095 0.010571
2 2 0.004374 0.050371 0.927812 0.008942 0.008501
2 2 0.004391 0.051973 0.926447 0.008603 0.008587
2 2 0.005811 0.063085 0.913202 0.007353 0.010549
2 2 0.004853 0.054487 0.924904 0.007071 0.008685
2 2 0.005870 0.062445 0.913885 0.006765 0.011034
2 2 0.005584 0.059586 0.918555 0.006640 0.009635
2 2 0.006334 0.063897 0.912329 0.006556 0.010884
2 2 0.004900 0.050649 0.929613 0.006910 0.007928
2 2 0.002921 0.030615 0.952891 0.009121 0.004452
2 2 0.002102 0.020717 0.960165 0.014030 0.002986
2 2 0.000934 0.009009 0.967864 0.021036 0.001157
2 2 0.001278 0.009182 0.910733 0.077241 0.001566
2 2 0.001277 0.009275 0.918582 0.069318 0.001548
2 2 0.001425 0.011312 0.929517 0.055866 0.001880
2 2 0.002422 0.017552 0.936048 0.040930 0.003048
2 2 0.001708 0.011285 0.940419 0.044779 0.001809
2 2 0.001989 0.010686 0.894530 0.090807 0.001988
2 2 0.002507 0.012856 0.884071 0.098018 0.002548
2 2 0.002447 0.012325 0.808151 0.174284 0.002793
2 2 0.002503 0.012697 0.824368 0.157613 0.002819
2 2 0.002770 0.014222 0.848174 0.131738 0.003096
2 2 0.003460 0.015254 0.883154 0.094979 0.003152
2 2 0.002187 0.010763 0.877382 0.107572 0.002096
2 2 0.001487 0.006942 0.814609 0.175578 0.001385
2 2 0.000859 0.004528 0.732215 0.261482 0.000916
2 2 0.001025 0.004500 0.638178 0.355270 0.001027
3 3 0.000832 0.003019 0.421743 0.573583 0.000823
3 3 0.001787 0.005541 0.447418 0.543566 0.001689
3 3 0.002007 0.006783 0.485614 0.503542 0.002054
2 3 0.002643 0.009324 0.556381 0.428871 0.002780
3 3 0.001918 0.006676 0.454076 0.535239 0.002091
3 3 0.000988 0.003788 0.355969 0.638071 0.001184
3 3 0.000847 0.003745 0.424669 0.569684 0.001056
3 3 0.000651 0.002861 0.385076 0.610612 0.000800
3 3 0.001165 0.004171 0.381121 0.612251 0.001291
3 3 0.002266 0.006805 0.403101 0.585525 0.002303
3 3 0.002028 0.006438 0.401223 0.588160 0.002151
3 3 0.001289 0.004160 0.267800 0.725209 0.001543
3 3 0.000944 0.002930 0.181042 0.813877 0.001206
3 3 0.000843 0.002732 0.204852 0.790528 0.001044
3 3 0.000907 0.002885 0.189078 0.805971 0.001159
3 3 0.000293 0.001177 0.165038 0.833086 0.000405
3 3 0.000390 0.001309 0.133009 0.864779 0.000513
3 3 0.000461 0.001559 0.143077 0.854289 0.000615
3 3 0.001598 0.004343 0.248816 0.743544 0.001699
3 3 0.000942 0.002534 0.164728 0.830733 0.001062
3 3 0.000666 0.001904 0.124808 0.871780 0.000842
3 3 0.000299 0.000799 0.071507 0.927023 0.000371
3 3 0.000165 0.000548 0.080267 0.918800 0.000220
3 3 0.000277 0.000975 0.114319 0.884047 0.000381
3 3 0.000346 0.001391 0.160838 0.836921 0.000503
3 3 0.000440 0.001903 0.196393 0.800591 0.000673
3 3 0.000463 0.002001 0.189920 0.806889 0.000727
3 3 0.000377 0.001380 0.120240 0.877434 0.000569
3 3 0.000268 0.000986 0.128935 0.869445 0.000366
3 3 0.000362 0.001190 0.148712 0.849300 0.000435
3 3 0.000728 0.002281 0.204203 0.791947 0.000840
3 3 0.001669 0.005378 0.311453 0.679537 0.001963
3 3 0.001005 0.003231 0.182714 0.811699 0.001351
3 3 0.001731 0.004759 0.253399 0.738228 0.001883
3 3 0.000819 0.002567 0.182180 0.813412 0.001022
3 3 0.001952 0.005741 0.327078 0.663143 0.002086
3 3 0.001489 0.004901 0.355276 0.636697 0.001638
3 3 0.001166 0.003670 0.331124 0.662846 0.001195
3 3 0.000847 0.002543 0.248304 0.747428 0.000879
3 3 0.001616 0.003673 0.207150 0.786040 0.001522
3 3 0.002523 0.005806 0.253905 0.735342 0.002423
3 3 0.001583 0.004497 0.172528 0.819301 0.002092
3 3 0.001039 0.003146 0.127031 0.867243 0.001541
3 3 0.000303 0.000883 0.048866 0.949460 0.000489
3 3 0.000850 0.001930 0.093373 0.902865 0.000982
3 3 0.000956 0.002985 0.122603 0.871990 0.001465
3 3 0.001249 0.003514 0.127350 0.866117 0.001770
3 3 0.000670 0.001963 0.131070 0.865442 0.000855
3 3 0.000509 0.001385 0.102099 0.895383 0.000624
3 3 0.000422 0.001146 0.078304 0.919574 0.000554
3 3 0.000391 0.001105 0.068641 0.929304 0.000559
