0 0 0.648065 0.126668 0.045619 0.001735 0.177914
0 0 0.738559 0.112202 0.036907 0.001271 0.111061
0 0 0.597114 0.145033 0.058320 0.003276 0.196256
0 0 0.612124 0.147004 0.059411 0.003623 0.177838
0 0 0.663359 0.165850 0.079974 0.013139 0.077679
0 0 0.590640 0.184366 0.089833 0.014659 0.120501
0 0 0.669292 0.153530 0.062620 0.005049 0.109509
0 0 0.548753 0.120346 0.043637 0.001249 0.286015
0 0 0.524264 0.075415 0.020707 0.000151 0.379463
0 0 0.479898 0.046080 0.009715 0.000020 0.464287
0 0 0.618135 0.079171 0.021221 0.000175 0.281297
0 0 0.431190 0.162137 0.077918 0.006345 0.322411
0 0 0.509390 0.208085 0.108984 0.014067 0.159474
0 0 0.429157 0.285138 0.148608 0.012614 0.124483
0 0 0.376241 0.245238 0.115729 0.004126 0.258666
0 0 0.757640 0.092787 0.026721 0.000499 0.122352
0 0 0.660032 0.110139 0.035942 0.000864 0.193023
0 0 0.756653 0.099263 0.029972 0.000713 0.113398
0 0 0.772345 0.107928 0.034876 0.001306 0.083545
0 0 0.795945 0.116225 0.041103 0.003178 0.043548
0 0 0.828249 0.105134 0.035884 0.003026 0.027707
0 0 0.798339 0.121809 0.046147 0.006011 0.027694
0 4 0.814559 0.109671 0.037843 0.002962 0.034966
0 4 0.721266 0.118789 0.040650 0.001597 0.117698
4 4 0.404375 0.101067 0.035431 0.000551 0.458576
4 4 0.186618 0.083208 0.034731 0.000572 0.694871
4 4 0.142858 0.096186 0.045192 0.000869 0.714895
4 0 0.107695 0.236531 0.141598 0.002852 0.511323
4 1 0.135798 0.266741 0.166239 0.005677 0.425546
4 4 0.218556 0.235769 0.146491 0.008150 0.391033
4 0 0.109324 0.258410 0.167590 0.005373 0.459303
4 4 0.043468 0.275308 0.228485 0.004928 0.447812
4 2 0.023372 0.243700 0.243846 0.003602 0.485479
2 2 0.008441 0.183120 0.413073 0.003225 0.392141
2 2 0.007344 0.190195 0.519005 0.004785 0.278670
2 2 0.005056 0.146168 0.667411 0.004244 0.177121
2 2 0.006704 0.144437 0.667948 0.005384 0.175527
2 2 0.005162 0.139870 0.746513 0.008352 0.100103
2 2 0.004760 0.165732 0.711522 0.006414 0.111572
2 2 0.005014 0.169548 0.716696 0.006465 0.102276
2 2 0.003430 0.159567 0.755537 0.008529 0.072938
2 2 0.005189 0.196430 0.660534 0.009925 0.127922
2 2 0.006495 0.184886 0.678360 0.012247 0.118013
2 2 0.008398 0.191584 0.648582 0.018151 0.133284
2 2 0.010312 0.227208 0.591317 0.019714 0.151449
2 0 0.022291 0.255132 0.536519 0.021585 0.164472
2 1 0.046863 0.259108 0.429428 0.019014 0.245587
2 2 0.067979 0.320400 0.361756 0.016620 0.233244
2 2 0.055565 0.363737 0.371500 0.012397 0.196802
2 2 0.020010 0.287879 0.482290 0.014016 0.195804
2 2 0.010194 0.196787 0.709231 0.009635 0.074153
2 2 0.007993 0.146509 0.772945 0.027957 0.044597
2 2 0.010980 0.175558 0.719341 0.037173 0.056948
2 2 0.006897 0.133077 0.742214 0.062447 0.055364
2 2 0.005536 0.102846 0.784038 0.067546 0.040034
2 2 0.014756 0.152031 0.639578 0.118503 0.075133
2 2 0.012644 0.139208 0.687678 0.093994 0.066476
2 2 0.011435 0.120536 0.629236 0.179074 0.059720
2 2 0.008297 0.090150 0.706051 0.152553 0.042949
2 3 0.006127 0.087843 0.751401 0.115701 0.038928
2 3 0.006220 0.054145 0.763173 0.150478 0.025985
2 3 0.005729 0.056552 0.795433 0.116128 0.026158
2 3 0.004405 0.038637 0.755542 0.183059 0.018358
2 3 0.003749 0.040904 0.785340 0.151531 0.018476
2 3 0.003855 0.029078 0.693828 0.258903 0.014335
2 3 0.005840 0.041033 0.698234 0.234112 0.020782
2 3 0.017474 0.072670 0.657727 0.210128 0.042001
2 1 0.023570 0.110163 0.660007 0.143657 0.062603
2 2 0.027497 0.196581 0.624982 0.049472 0.101468
1 2 0.105487 0.349975 0.303412 0.030251 0.210875
2 1 0.046350 0.263098 0.435004 0.035304 0.220243
1 1 0.244133 0.314306 0.200350 0.019537 0.221673
0 0 0.612986 0.185833 0.091737 0.018514 0.090929
0 1 0.526182 0.217330 0.114671 0.021147 0.120670
0 2 0.383734 0.288257 0.160195 0.016218 0.151595
1 2 0.104240 0.454328 0.309411 0.008625 0.123397
1 1 0.046995 0.420485 0.320610 0.004211 0.207698
1 1 0.046307 0.385883 0.342323 0.005221 0.220265
2 2 0.061046 0.378274 0.378665 0.005057 0.176958
1 2 0.080520 0.399441 0.275916 0.005528 0.238595
2 2 0.024837 0.308715 0.378855 0.005986 0.281608
2 2 0.015422 0.283287 0.469394 0.008649 0.223247
4 0 0.034863 0.288700 0.327706 0.014882 0.333849
2 1 0.046737 0.251055 0.378340 0.021963 0.301905
4 1 0.030615 0.285191 0.286123 0.019730 0.378340
2 2 0.027645 0.314756 0.321481 0.019525 0.316593
2 1 0.015079 0.349701 0.380695 0.012504 0.242022
4 2 0.019457 0.222107 0.227023 0.006788 0.524625
4 2 0.015378 0.178934 0.370765 0.005403 0.429520
4 2 0.023614 0.159319 0.193088 0.003728 0.620251
2 2 0.007788 0.214619 0.414300 0.004336 0.358956
2 2 0.008531 0.233057 0.411441 0.006288 0.340683
2 2 0.007542 0.240463 0.473415 0.007039 0.271541
2 2 0.005149 0.198661 0.648078 0.009556 0.138557
2 2 0.002691 0.125745 0.794096 0.010902 0.066566
2 2 0.002351 0.098810 0.831463 0.018544 0.048834
2 2 0.004872 0.136390 0.753473 0.022709 0.082556
2 2 0.005336 0.122124 0.759459 0.040641 0.072440
2 2 0.004231 0.095743 0.791129 0.058215 0.050681
2 2 0.005446 0.114446 0.755764 0.056141 0.068203
2 3 0.003084 0.079240 0.803586 0.078429 0.035661
2 3 0.003683 0.092634 0.775183 0.089742 0.038758
2 3 0.003503 0.085206 0.804422 0.070807 0.036062
2 3 0.003255 0.065803 0.807797 0.094871 0.028274
2 3 0.003828 0.070405 0.786067 0.108218 0.031482
2 3 0.004573 0.067035 0.762579 0.136488 0.029324
2 3 0.018221 0.155153 0.688731 0.060635 0.077260
2 2 0.051685 0.187127 0.539301 0.058067 0.163820
2 2 0.057439 0.272766 0.394393 0.043919 0.231482
1 2 0.100584 0.354149 0.327185 0.028111 0.189971
1 2 0.098792 0.408818 0.331774 0.030614 0.130002
2 2 0.038622 0.320911 0.431061 0.018734 0.190672
2 2 0.056763 0.369684 0.375491 0.013615 0.184447
1 0 0.174492 0.328827 0.223480 0.017606 0.255595
4 1 0.157009 0.239330 0.269963 0.020928 0.312770
4 2 0.154310 0.239218 0.153507 0.008906 0.444060
4 2 0.233325 0.282297 0.170348 0.011388 0.302643
1 2 0.175059 0.386144 0.222239 0.005000 0.211557
1 2 0.045354 0.393931 0.313835 0.006541 0.240340
1 2 0.031435 0.362790 0.350831 0.009775 0.245169
4 1 0.050805 0.319009 0.255839 0.007868 0.366478
4 2 0.082735 0.279525 0.202472 0.007924 0.427344
4 2 0.110342 0.265092 0.181255 0.008203 0.435108
4 0 0.198645 0.268776 0.151739 0.005080 0.375760
4 1 0.244045 0.225366 0.109741 0.002359 0.418489
4 0 0.319276 0.190528 0.083488 0.001733 0.404974
4 0 0.193516 0.150489 0.075935 0.002226 0.577834
4 0 0.209269 0.151234 0.076926 0.002700 0.559871
0 1 0.637789 0.133418 0.049914 0.002225 0.176655
0 1 0.617761 0.217464 0.083149 0.002656 0.078970
0 1 0.395654 0.331040 0.135510 0.001641 0.136155
1 1 0.340867 0.351061 0.152737 0.001951 0.153383
1 2 0.267505 0.349184 0.167220 0.002511 0.213580
1 2 0.188607 0.382187 0.203078 0.003036 0.223092
1 2 0.132005 0.369095 0.221873 0.004192 0.272835
1 2 0.225321 0.334165 0.186434 0.005931 0.248149
4 0 0.229174 0.250122 0.143038 0.007237 0.370429
4 1 0.107422 0.242477 0.158203 0.005495 0.486403
4 2 0.121162 0.216603 0.129409 0.003457 0.529369
4 1 0.126504 0.271429 0.156341 0.002738 0.442988
4 4 0.030749 0.152460 0.116041 0.002521 0.698228
4 0 0.030865 0.126622 0.118681 0.002816 0.721017
4 1 0.029073 0.113301 0.102538 0.002167 0.752921
4 4 0.030241 0.079135 0.053584 0.001189 0.835851
4 4 0.029715 0.077350 0.052163 0.001128 0.839645
4 4 0.035880 0.062510 0.039305 0.000953 0.861352
4 4 0.042949 0.068888 0.043637 0.001310 0.843216
4 4 0.026431 0.134377 0.148026 0.002837 0.688328
4 2 0.024787 0.120708 0.093328 0.002044 0.759134
4 2 0.036057 0.126322 0.095016 0.003111 0.739493
4 0 0.026556 0.104956 0.075817 0.001462 0.791209
4 1 0.056669 0.155288 0.094025 0.001174 0.692844
4 4 0.025965 0.217243 0.160517 0.001430 0.594845
4 1 0.045613 0.194770 0.134321 0.002133 0.623163
4 1 0.104742 0.224691 0.125671 0.001627 0.543269
0 0 0.397728 0.218019 0.093434 0.002186 0.288633
4 0 0.196890 0.294050 0.164997 0.004775 0.339288
1 0 0.194694 0.385957 0.207501 0.003547 0.208300
0 0 0.424531 0.340503 0.144007 0.002628 0.088332
1 1 0.276815 0.339428 0.152258 0.001596 0.229904
1 1 0.120368 0.351170 0.204269 0.002737 0.321457
4 2 0.118736 0.328930 0.201557 0.003979 0.346797
1 2 0.083969 0.355637 0.247896 0.006140 0.306357
1 2 0.046350 0.405186 0.304070 0.004261 0.240132
1 2 0.034838 0.406714 0.385426 0.004194 0.168829
1 2 0.064181 0.400155 0.276468 0.003778 0.255418
1 1 0.181398 0.351653 0.205118 0.005732 0.256099
0 0 0.405230 0.288329 0.148679 0.010089 0.147673
0 0 0.584483 0.194839 0.095912 0.015729 0.109037
0 1 0.322278 0.278776 0.176604 0.031494 0.190848
1 1 0.257173 0.337197 0.213701 0.021345 0.170585
4 1 0.059537 0.306508 0.219204 0.004168 0.410583
4 1 0.042043 0.238545 0.147866 0.000798 0.570748
4 4 0.019165 0.244556 0.191656 0.001357 0.543266
4 4 0.021325 0.182308 0.148622 0.002281 0.645465
4 4 0.023140 0.186138 0.155637 0.003148 0.631937
4 2 0.030517 0.242229 0.199421 0.004211 0.523621
4 2 0.036502 0.298708 0.247878 0.005948 0.410963
2 2 0.025816 0.293333 0.455065 0.003539 0.222247
2 2 0.012589 0.252566 0.531558 0.004029 0.199258
2 2 0.007168 0.176622 0.696170 0.006686 0.113354
2 2 0.005831 0.181645 0.691158 0.006455 0.114912
2 2 0.004009 0.165634 0.735695 0.007094 0.087568
2 2 0.003537 0.144020 0.766037 0.006986 0.079420
2 2 0.013322 0.229392 0.446054 0.009415 0.301817
2 1 0.014266 0.206344 0.396596 0.006515 0.376279
4 1 0.013165 0.217727 0.225488 0.003725 0.539896
4 1 0.015986 0.241101 0.324326 0.005106 0.413481
2 2 0.009044 0.223612 0.562860 0.006138 0.198345
2 2 0.002212 0.098048 0.834332 0.003456 0.061952
2 2 0.005036 0.136678 0.752038 0.004873 0.101376
2 2 0.004269 0.159760 0.717684 0.007523 0.110764
2 2 0.005278 0.234476 0.604249 0.011035 0.144962
2 2 0.008773 0.279534 0.464275 0.011863 0.235556
4 2 0.029351 0.221873 0.274373 0.010325 0.464078
4 1 0.037281 0.142323 0.272940 0.005587 0.541869
4 1 0.094360 0.087287 0.094915 0.004394 0.719044
4 0 0.172799 0.102015 0.068438 0.003042 0.653706
0 0 0.396646 0.156545 0.075887 0.005796 0.365125
4 1 0.258095 0.228972 0.131327 0.009198 0.372408
1 2 0.169312 0.351807 0.220492 0.008926 0.249463
4 2 0.043668 0.240208 0.175355 0.002982 0.537786
4 2 0.038185 0.252865 0.202663 0.004906 0.501382
2 2 0.016264 0.332358 0.333415 0.007196 0.310768
2 2 0.015318 0.355776 0.376650 0.010316 0.241940
2 2 0.011576 0.321199 0.501807 0.007059 0.158360
2 2 0.009861 0.311907 0.536418 0.011718 0.130095
2 2 0.007167 0.254659 0.631562 0.008571 0.098041
2 2 0.004583 0.184273 0.725914 0.013461 0.071769
2 2 0.002411 0.124307 0.818021 0.010865 0.044395
2 2 0.034899 0.240523 0.403347 0.021043 0.300189
4 2 0.051099 0.230025 0.252808 0.016031 0.450037
4 0 0.042195 0.246163 0.203997 0.007490 0.500154
4 1 0.033503 0.291899 0.248542 0.006317 0.419739
4 2 0.013910 0.254552 0.252532 0.005000 0.474007
4 2 0.028053 0.188668 0.163163 0.005554 0.614562
4 2 0.062755 0.210460 0.149991 0.004555 0.572239
4 0 0.384112 0.108149 0.041919 0.001061 0.464759
0 0 0.751889 0.080250 0.020944 0.000233 0.146685
0 0 0.789753 0.079987 0.020916 0.000278 0.109067
0 0 0.739067 0.100268 0.030422 0.000685 0.129558
0 0 0.563699 0.121311 0.043855 0.001292 0.269844
4 0 0.105229 0.255406 0.156201 0.003209 0.479956
4 0 0.044423 0.230183 0.155072 0.001663 0.568660
4 0 0.040833 0.159968 0.105072 0.001277 0.692850
4 0 0.031018 0.195667 0.144848 0.001252 0.627215
4 0 0.015067 0.182712 0.152348 0.001550 0.648322
4 0 0.012559 0.170564 0.146858 0.001499 0.668521
4 1 0.012650 0.209961 0.195260 0.002647 0.579483
4 1 0.021155 0.196680 0.174561 0.004270 0.603334
4 1 0.039837 0.167318 0.122956 0.002871 0.667018
4 2 0.032049 0.130701 0.093177 0.001693 0.742380
4 1 0.063247 0.142970 0.090383 0.001989 0.701411
4 4 0.051486 0.184752 0.126728 0.002516 0.634518
4 1 0.046566 0.238351 0.183290 0.004949 0.526844
4 1 0.063978 0.220552 0.154727 0.004136 0.556607
4 2 0.038366 0.175200 0.143879 0.006277 0.636278
4 0 0.068517 0.186585 0.131081 0.004806 0.609011
4 0 0.062843 0.080857 0.051016 0.002249 0.803035
0 0 0.437924 0.161725 0.077138 0.006177 0.317036
0 0 0.679310 0.169709 0.079230 0.016899 0.054851
0 0 0.482176 0.278049 0.137882 0.011465 0.090428
1 0 0.263982 0.373450 0.217795 0.012267 0.132505
0 0 0.595503 0.184578 0.119902 0.015465 0.084552
0 0 0.610962 0.180835 0.088620 0.014308 0.105276
0 0 0.728635 0.150137 0.066789 0.012183 0.042256
0 0 0.776804 0.128300 0.048992 0.005412 0.040492
0 0 0.705881 0.150040 0.062078 0.006848 0.075153
0 0 0.715133 0.144358 0.057880 0.005538 0.077092
0 0 0.830999 0.096742 0.030290 0.001461 0.040508
0 0 0.757689 0.103251 0.032084 0.000894 0.106082
0 0 0.731773 0.097511 0.029013 0.000572 0.141131
0 1 0.508811 0.184870 0.067714 0.001094 0.237511
1 1 0.151455 0.420796 0.207199 0.001166 0.219383
1 1 0.105672 0.405296 0.223564 0.001495 0.263974
1 1 0.096426 0.398302 0.250009 0.003514 0.251749
1 1 0.074515 0.424669 0.280262 0.003473 0.217081
1 1 0.071962 0.426365 0.301483 0.005713 0.194478
1 2 0.053117 0.424429 0.329248 0.007205 0.186000
1 2 0.050774 0.387005 0.304844 0.007152 0.250225
1 1 0.062749 0.368868 0.286733 0.009003 0.272647
1 2 0.090094 0.358481 0.247379 0.006401 0.297646
1 2 0.101996 0.397205 0.264683 0.006215 0.229901
1 2 0.081597 0.449975 0.320787 0.008000 0.139641
1 2 0.068920 0.463484 0.324325 0.005267 0.138003
1 2 0.096321 0.456785 0.306728 0.006670 0.133496
1 2 0.116901 0.484371 0.300445 0.005393 0.092890
1 2 0.101216 0.472664 0.318309 0.007905 0.099906
1 2 0.059199 0.474348 0.359516 0.008246 0.098691
2 2 0.032619 0.384474 0.504846 0.006664 0.071396
2 2 0.012340 0.240386 0.705040 0.004899 0.037335
2 2 0.008573 0.181538 0.772779 0.005233 0.031877
2 2 0.006195 0.122906 0.837817 0.007987 0.025095
2 2 0.006098 0.113882 0.845996 0.008262 0.025762
2 2 0.007384 0.127088 0.824219 0.010184 0.031125
2 2 0.008349 0.122967 0.802346 0.023637 0.042701
2 2 0.021766 0.166406 0.719373 0.027927 0.064529
2 2 0.017119 0.168120 0.723828 0.028992 0.061942
2 2 0.006648 0.159154 0.732961 0.038174 0.063064
2 2 0.003356 0.151684 0.764746 0.023970 0.056243
2 2 0.001691 0.076593 0.869804 0.024209 0.027702
2 2 0.001412 0.064337 0.894359 0.018245 0.021648
2 2 0.002212 0.079884 0.860057 0.030346 0.027501
2 2 0.003570 0.093689 0.820416 0.046932 0.035393
2 2 0.005164 0.058133 0.731765 0.177979 0.026959
2 2 0.007151 0.033068 0.521249 0.419614 0.018918
3 1 0.026005 0.028509 0.152871 0.767994 0.024621
3 2 0.021835 0.023644 0.124070 0.809730 0.020722
3 2 0.008690 0.009514 0.080697 0.892802 0.008297
3 2 0.006707 0.007483 0.072165 0.907150 0.006493
3 2 0.009065 0.014551 0.133420 0.831507 0.011457
3 0 0.050053 0.055681 0.242116 0.605090 0.047060
3 0 0.138100 0.118183 0.275448 0.382714 0.085554
2 0 0.283609 0.175863 0.295431 0.147310 0.097787
1 1 0.236825 0.331249 0.237201 0.049788 0.144937
1 2 0.123553 0.346586 0.229875 0.007979 0.292007
4 1 0.031094 0.139985 0.102588 0.001959 0.724374
4 2 0.026621 0.147000 0.112486 0.002099 0.711794
4 4 0.034484 0.194385 0.162279 0.005883 0.602969
4 2 0.024888 0.243264 0.221345 0.006561 0.503943
4 2 0.013038 0.254411 0.263028 0.006209 0.463314
4 2 0.008452 0.301453 0.327453 0.004589 0.358053
4 2 0.011615 0.302727 0.303763 0.004110 0.377784
1 2 0.016748 0.344462 0.324316 0.004607 0.309868
1 1 0.018981 0.385543 0.341314 0.003602 0.250559
1 1 0.024222 0.398738 0.327876 0.003018 0.246146
1 1 0.052538 0.410809 0.280590 0.002497 0.253566
1 0 0.095911 0.379473 0.218730 0.001758 0.304128
1 0 0.165073 0.335626 0.163167 0.001164 0.334970
1 0 0.263251 0.305299 0.143939 0.002097 0.285414
4 0 0.211141 0.289694 0.149106 0.002766 0.347292
4 0 0.234155 0.272014 0.143818 0.004091 0.345923
0 0 0.671068 0.126552 0.045362 0.001838 0.155180
0 0 0.628729 0.163871 0.071851 0.007422 0.128126
0 0 0.687636 0.142058 0.055582 0.003929 0.110795
0 0 0.618240 0.180280 0.086219 0.014481 0.100780
0 0 0.705212 0.160384 0.071956 0.013971 0.048477
1 1 0.116482 0.419753 0.319700 0.024982 0.119082
1 1 0.033492 0.432624 0.408126 0.017580 0.108179
1 0 0.042865 0.395947 0.388607 0.033884 0.138696
2 0 0.023750 0.168946 0.528009 0.185693 0.093602
2 0 0.024209 0.127206 0.555544 0.219301 0.073739
2 0 0.063475 0.209483 0.415549 0.131285 0.180208
2 0 0.169115 0.179217 0.298548 0.068330 0.284790
4 0 0.215484 0.249803 0.220170 0.019274 0.295268
1 0 0.165152 0.394991 0.252402 0.010520 0.176934
1 0 0.092778 0.441658 0.256036 0.001840 0.207687
1 0 0.059463 0.458803 0.321187 0.004044 0.156503
1 0 0.045020 0.428635 0.351224 0.008616 0.166504
1 0 0.060414 0.393250 0.342971 0.022273 0.181092
2 0 0.011614 0.180486 0.643022 0.088944 0.075934
2 0 0.004096 0.061301 0.688068 0.219138 0.027396
2 0 0.009866 0.057626 0.526770 0.373465 0.032273
3 2 0.012029 0.032304 0.354847 0.579268 0.021552
2 1 0.018722 0.068695 0.513332 0.356775 0.042477
2 2 0.070303 0.243280 0.494392 0.038929 0.153096
1 0 0.141875 0.345982 0.228391 0.009778 0.273975
1 0 0.107515 0.356437 0.203438 0.001953 0.330657
1 1 0.101336 0.390806 0.221348 0.001694 0.284815
1 1 0.076446 0.412077 0.240241 0.001341 0.269895
4 0 0.134500 0.330145 0.172851 0.001451 0.361053
1 1 0.116719 0.360936 0.198500 0.001685 0.322160
1 1 0.139490 0.354402 0.197265 0.002504 0.306339
4 2 0.132145 0.290356 0.157352 0.001836 0.418311
4 0 0.151036 0.239082 0.126035 0.001888 0.481959
4 1 0.109254 0.322812 0.184487 0.002009 0.381439
1 1 0.080630 0.397281 0.244640 0.002228 0.275221
1 1 0.051345 0.438131 0.296936 0.002336 0.211252
1 1 0.068998 0.419428 0.256280 0.001645 0.253649
1 1 0.081247 0.412831 0.252066 0.002140 0.251716
1 1 0.119847 0.422861 0.234624 0.001981 0.220687
1 2 0.095601 0.418359 0.262809 0.003563 0.219668
1 2 0.048459 0.433020 0.335709 0.006241 0.176570
1 2 0.028367 0.461831 0.391891 0.005841 0.112069
1 2 0.045137 0.476623 0.370778 0.006462 0.101000
2 2 0.032943 0.363718 0.506203 0.005440 0.091695
2 2 0.026938 0.337216 0.567869 0.004040 0.063936
2 2 0.048338 0.362454 0.506182 0.004890 0.078136
2 2 0.037820 0.333193 0.563209 0.006801 0.058977
2 0 0.040408 0.391379 0.501640 0.006613 0.059961
1 0 0.213971 0.365969 0.181157 0.002163 0.236739
1 1 0.135535 0.419672 0.228007 0.002077 0.214710
1 1 0.068462 0.445776 0.274229 0.001767 0.209766
1 1 0.034258 0.470788 0.346490 0.002474 0.145989
1 2 0.034395 0.498318 0.362743 0.002481 0.102063
1 2 0.031193 0.466996 0.371391 0.004004 0.126416
1 2 0.027053 0.463072 0.385333 0.004576 0.119966
1 2 0.040617 0.409267 0.336145 0.007115 0.206857
1 1 0.055634 0.377960 0.287585 0.006263 0.272558
1 1 0.040099 0.421097 0.332927 0.005212 0.200666
1 1 0.043523 0.356845 0.264349 0.003329 0.331954
1 1 0.045444 0.382466 0.285731 0.003888 0.282471
4 2 0.031757 0.211180 0.162525 0.002718 0.591819
4 2 0.027503 0.240411 0.199491 0.003785 0.528809
4 1 0.023889 0.276313 0.232549 0.003333 0.463916
4 2 0.025158 0.331219 0.292686 0.005362 0.345574
2 2 0.020389 0.356826 0.357094 0.010464 0.255227
2 2 0.006889 0.263366 0.607507 0.006664 0.115575
2 2 0.005334 0.183955 0.725459 0.004945 0.080307
2 2 0.005106 0.198575 0.694616 0.006698 0.095005
2 2 0.007168 0.232756 0.676698 0.006300 0.077079
2 2 0.010292 0.255510 0.667506 0.007484 0.059209
2 2 0.017341 0.309833 0.585360 0.007853 0.079612
2 2 0.016170 0.312387 0.582578 0.008991 0.079874
2 2 0.011393 0.267043 0.642649 0.008672 0.070243
2 2 0.009098 0.182324 0.758891 0.008462 0.041225
2 1 0.036201 0.291217 0.440571 0.023866 0.208145
4 0 0.104258 0.288392 0.235914 0.030462 0.340974
4 2 0.103804 0.278824 0.197525 0.009739 0.410107
4 2 0.105104 0.238750 0.151713 0.004330 0.500104
2 2 0.007720 0.211452 0.480312 0.004744 0.295772
2 1 0.013363 0.255256 0.369764 0.008241 0.353376
4 2 0.012376 0.272245 0.328438 0.008455 0.378486
4 2 0.010183 0.257424 0.330956 0.005082 0.396355
4 2 0.022711 0.230346 0.198513 0.003737 0.544694
4 1 0.032234 0.166434 0.128404 0.002962 0.669967
4 1 0.037485 0.240346 0.185930 0.003639 0.532601
4 1 0.022098 0.288926 0.254216 0.004150 0.430611
2 2 0.011726 0.353933 0.375733 0.006805 0.251802
2 2 0.013454 0.327802 0.395918 0.008782 0.254044
2 2 0.011306 0.242101 0.514950 0.008847 0.222796
2 2 0.014806 0.253619 0.393304 0.006567 0.331704
4 1 0.032816 0.279724 0.337489 0.004433 0.345538
4 1 0.039917 0.268726 0.206685 0.003819 0.480852
4 1 0.037393 0.224956 0.177336 0.004223 0.556091
4 1 0.021489 0.146627 0.120628 0.002589 0.708668
4 2 0.020956 0.143613 0.117737 0.002432 0.715263
4 2 0.019454 0.171419 0.149000 0.003255 0.656873
4 1 0.026282 0.134424 0.105906 0.002623 0.730766
4 1 0.041128 0.155841 0.158551 0.005622 0.638858
4 2 0.066077 0.174418 0.124810 0.003975 0.630720
4 2 0.044040 0.169314 0.126141 0.003742 0.656764
4 2 0.035717 0.229330 0.200706 0.004861 0.529386
2 2 0.016191 0.221503 0.407942 0.005144 0.349219
4 1 0.023573 0.256325 0.235066 0.006366 0.478669
4 0 0.030277 0.268196 0.221005 0.004158 0.476363
4 0 0.032590 0.210834 0.160661 0.002628 0.593288
4 1 0.040876 0.185174 0.138966 0.003447 0.631537
4 1 0.066222 0.145534 0.088167 0.001541 0.698536
4 0 0.057435 0.142044 0.091208 0.001918 0.707393
4 1 0.031607 0.244643 0.190998 0.001725 0.531027
4 0 0.009862 0.223221 0.271687 0.003779 0.491452
4 0 0.011544 0.232777 0.333278 0.004754 0.417648
2 0 0.010520 0.236963 0.450601 0.005751 0.296164
2 1 0.009166 0.293069 0.378813 0.005456 0.313496
2 2 0.005547 0.286846 0.357170 0.005113 0.345325
2 2 0.011465 0.325133 0.349924 0.006245 0.307233
2 2 0.035087 0.329518 0.365846 0.005383 0.264166
1 1 0.062302 0.380712 0.270840 0.004451 0.281694
1 0 0.045231 0.437482 0.334919 0.005056 0.177312
1 0 0.024033 0.389502 0.322344 0.003102 0.261019
2 1 0.028124 0.361462 0.378304 0.003137 0.228973
2 1 0.031540 0.370456 0.390097 0.002372 0.205535
1 1 0.051138 0.359850 0.251093 0.001791 0.336128
1 1 0.049592 0.372961 0.252971 0.002086 0.322391
1 1 0.059879 0.377391 0.233825 0.001406 0.327498
1 1 0.067630 0.372781 0.226172 0.001457 0.331960
4 0 0.126498 0.340995 0.182225 0.001535 0.348746
4 1 0.114119 0.327015 0.182314 0.001786 0.374765
1 1 0.059594 0.369149 0.235566 0.001749 0.333942
1 0 0.029786 0.392378 0.307102 0.002835 0.267899
1 0 0.014229 0.363743 0.335621 0.003065 0.283343
1 1 0.018598 0.372632 0.320010 0.002698 0.286062
1 1 0.027792 0.412131 0.328802 0.003019 0.228256
1 1 0.045928 0.407090 0.292297 0.002959 0.251727
1 1 0.039190 0.403403 0.309103 0.003803 0.244501
1 2 0.042125 0.396017 0.303031 0.004204 0.254624
1 1 0.047777 0.416383 0.304428 0.003690 0.227722
1 1 0.036309 0.415778 0.322335 0.003742 0.221836
1 0 0.020121 0.405089 0.354013 0.002999 0.217778
1 0 0.032890 0.404512 0.300918 0.002255 0.259425
4 1 0.029563 0.294304 0.221389 0.001970 0.452774
4 1 0.030554 0.245801 0.174837 0.001365 0.547442
4 1 0.042749 0.300983 0.194544 0.001108 0.460616
4 0 0.035896 0.132161 0.093279 0.001878 0.736786
4 0 0.147863 0.130526 0.076857 0.004764 0.639989
4 0 0.343944 0.118064 0.050651 0.001847 0.485494
0 0 0.616274 0.098474 0.030324 0.000479 0.254450
0 0 0.728646 0.096589 0.028553 0.000538 0.145673
0 0 0.812729 0.069096 0.016463 0.000153 0.101559
0 0 0.614213 0.074094 0.019093 0.000130 0.292469
0 0 0.640460 0.146857 0.038418 0.000144 0.174122
4 1 0.301198 0.283244 0.113010 0.000738 0.301810
1 0 0.145481 0.367665 0.186082 0.001293 0.299479
4 1 0.083130 0.347857 0.193343 0.001030 0.374640
1 1 0.049785 0.373659 0.254055 0.002140 0.320361
1 1 0.041192 0.398958 0.276906 0.001876 0.281068
4 1 0.058981 0.326315 0.222271 0.002818 0.389615
4 0 0.102183 0.341987 0.206926 0.002808 0.346096
1 0 0.097212 0.374761 0.213816 0.001656 0.312555
1 1 0.153208 0.377761 0.186769 0.001186 0.281076
1 1 0.112180 0.421176 0.217274 0.000993 0.248377
1 0 0.116274 0.379279 0.193619 0.000946 0.309882
4 1 0.124390 0.331355 0.174718 0.001342 0.368195
4 1 0.130259 0.296644 0.153989 0.001285 0.417823
4 1 0.149710 0.229176 0.112826 0.001107 0.507181
4 1 0.127857 0.260536 0.138309 0.001492 0.471807
4 1 0.058152 0.178891 0.101458 0.000720 0.660779
4 1 0.074645 0.211534 0.120882 0.001110 0.591830
4 1 0.102560 0.246491 0.132986 0.001177 0.516787
4 1 0.148552 0.323083 0.155355 0.000890 0.372120
1 0 0.114534 0.390439 0.207523 0.001270 0.286235
4 1 0.064221 0.236169 0.140893 0.001187 0.557531
4 1 0.049736 0.216602 0.138091 0.001320 0.594251
4 1 0.037150 0.231946 0.158186 0.001366 0.571352
4 2 0.024914 0.271890 0.202683 0.001397 0.499116
1 2 0.025298 0.371687 0.277518 0.001474 0.324023
2 2 0.009099 0.333842 0.410730 0.001555 0.244774
2 2 0.009400 0.292612 0.492902 0.001152 0.203934
2 0 0.019266 0.283721 0.388513 0.001285 0.307214
4 0 0.037279 0.245196 0.174320 0.001129 0.542075
4 1 0.055262 0.214220 0.128352 0.000975 0.601190
4 1 0.059675 0.228219 0.131831 0.000826 0.579449
4 1 0.078818 0.171522 0.093219 0.000861 0.655580
4 0 0.050254 0.230791 0.146310 0.001273 0.571372
4 1 0.043645 0.255711 0.168904 0.001370 0.530370
4 1 0.097043 0.320016 0.173105 0.001077 0.408759
1 1 0.080327 0.431566 0.243598 0.001151 0.243358
1 1 0.017262 0.419027 0.341754 0.001673 0.220285
1 1 0.011702 0.386273 0.362076 0.002602 0.237347
2 0 0.005654 0.210639 0.512163 0.003215 0.268329
2 0 0.041921 0.207854 0.486793 0.030568 0.232864
4 0 0.176542 0.177569 0.216640 0.045085 0.384164
4 0 0.126302 0.231940 0.208181 0.049142 0.384434
4 0 0.117621 0.246718 0.177718 0.011053 0.446891
1 0 0.141402 0.353732 0.194141 0.001569 0.309156
4 0 0.064518 0.232794 0.132655 0.000639 0.569394
4 0 0.032326 0.227918 0.159982 0.001364 0.578411
4 0 0.029730 0.224962 0.154061 0.000988 0.590259
4 0 0.062126 0.248832 0.153311 0.001430 0.534300
4 0 0.082384 0.217566 0.117192 0.000825 0.582032
4 0 0.291540 0.127041 0.047909 0.000506 0.533003
4 0 0.361622 0.083145 0.028123 0.000360 0.526749
0 0 0.484393 0.078936 0.022956 0.000198 0.413518
0 0 0.589387 0.095721 0.029315 0.000418 0.285159
0 0 0.777782 0.093778 0.026408 0.000461 0.101571
0 0 0.481130 0.215097 0.075775 0.000717 0.227281
1 0 0.225002 0.330099 0.142208 0.000789 0.301902
1 0 0.131666 0.380878 0.183786 0.000756 0.302915
1 0 0.068332 0.441015 0.260122 0.000972 0.229560
1 0 0.069178 0.391427 0.351604 0.001118 0.186673
1 0 0.087534 0.357645 0.335292 0.001426 0.218103
1 0 0.161381 0.330775 0.197221 0.004401 0.306223
4 0 0.230582 0.267834 0.153418 0.007405 0.340761
4 0 0.113401 0.284596 0.202002 0.011479 0.388523
4 0 0.178036 0.286061 0.198735 0.021211 0.315957
1 0 0.102762 0.332784 0.283832 0.039767 0.240855
2 0 0.109823 0.176400 0.426925 0.056478 0.230374
2 0 0.052928 0.204139 0.540651 0.061393 0.140890
2 0 0.065494 0.200662 0.447719 0.174161 0.111965
2 0 0.021295 0.207847 0.535073 0.128077 0.107709
2 0 0.028211 0.116744 0.610866 0.174970 0.069210
2 0 0.041908 0.071861 0.617264 0.219381 0.049587
2 0 0.007410 0.049495 0.798355 0.120212 0.024528
2 0 0.002077 0.031852 0.842561 0.110477 0.013032
2 0 0.001499 0.029844 0.758723 0.197086 0.012848
2 0 0.003467 0.043725 0.596208 0.336118 0.020481
3 0 0.009360 0.052872 0.421957 0.485165 0.030646
3 0 0.020241 0.027033 0.175731 0.754894 0.022101
3 0 0.035689 0.039338 0.189666 0.701621 0.033685
0 0 0.444100 0.227134 0.143645 0.062727 0.122394
3 0 0.055876 0.049081 0.176374 0.681325 0.037343
3 0 0.010385 0.011347 0.087909 0.880456 0.009904
3 0 0.022450 0.024301 0.125613 0.806335 0.021302
3 0 0.134774 0.106487 0.224371 0.458242 0.076125
0 0 0.294858 0.182775 0.212156 0.198839 0.111372
0 0 0.533743 0.185152 0.091670 0.012650 0.176785
0 0 0.606326 0.146482 0.059147 0.003512 0.184534
4 0 0.195688 0.082765 0.033762 0.000521 0.687264
4 0 0.040863 0.085969 0.050529 0.000642 0.821998
4 0 0.078496 0.114258 0.059291 0.000662 0.747292
4 0 0.113141 0.141073 0.068878 0.000718 0.676190
4 0 0.090544 0.153770 0.072162 0.000361 0.683164
4 0 0.068323 0.187455 0.094959 0.000391 0.648872
4 0 0.059464 0.163019 0.086753 0.000468 0.690295
4 0 0.058272 0.175562 0.096793 0.000584 0.668790
4 0 0.051785 0.193438 0.113763 0.000775 0.640239
4 1 0.060490 0.186664 0.108879 0.000943 0.643024
4 1 0.044064 0.157721 0.097403 0.000905 0.699908
4 0 0.108699 0.145221 0.086663 0.003093 0.656324
0 0 0.467778 0.161656 0.075276 0.005865 0.289426
0 0 0.634983 0.166476 0.074008 0.008564 0.115969
0 4 0.741248 0.142087 0.057562 0.007107 0.051996
0 4 0.714279 0.150367 0.062813 0.007817 0.064724
4 4 0.273603 0.256886 0.145315 0.009169 0.315027
4 4 0.120981 0.252607 0.134939 0.001431 0.490042
4 4 0.119960 0.215377 0.129217 0.003515 0.531931
4 4 0.134481 0.212392 0.168969 0.037998 0.446160
4 4 0.197859 0.190132 0.149950 0.055823 0.406235
4 4 0.184125 0.165526 0.122129 0.029891 0.498330
4 4 0.106326 0.059225 0.028781 0.000793 0.804875
4 4 0.044157 0.165248 0.105437 0.001153 0.684005
4 4 0.084646 0.197462 0.104293 0.000755 0.612844
4 4 0.063736 0.220249 0.123564 0.000740 0.591712
4 4 0.057714 0.273550 0.161971 0.000925 0.505840
4 4 0.058316 0.325711 0.194437 0.000995 0.420543
4 4 0.062693 0.325860 0.204088 0.001624 0.405735
4 4 0.086564 0.275104 0.167133 0.002193 0.469006
4 4 0.060965 0.198149 0.139130 0.003913 0.597843
4 4 0.052625 0.123402 0.082595 0.002365 0.739013
4 4 0.070634 0.133495 0.085484 0.002669 0.707718
4 4 0.059553 0.137008 0.093285 0.003212 0.706943
4 0 0.100740 0.187474 0.119632 0.004323 0.587831
4 4 0.114899 0.249085 0.155281 0.004316 0.476419
4 4 0.078226 0.214894 0.151799 0.006087 0.548994
4 4 0.070730 0.177364 0.110923 0.002096 0.638887
4 4 0.022499 0.087733 0.062681 0.001080 0.826006
4 4 0.030515 0.084620 0.058223 0.001337 0.825304
4 4 0.027945 0.086786 0.060590 0.001288 0.823392
4 4 0.030849 0.078274 0.051460 0.000983 0.838433
4 2 0.042833 0.118325 0.075766 0.001221 0.761855
4 4 0.054165 0.224009 0.154942 0.002821 0.564064
1 4 0.034052 0.382673 0.281347 0.002134 0.299794
1 4 0.038492 0.382079 0.272373 0.002045 0.305012
1 4 0.074700 0.410076 0.246012 0.001613 0.267599
1 2 0.047039 0.436998 0.311607 0.003030 0.201325
1 2 0.027030 0.442342 0.376756 0.005219 0.148652
1 2 0.023457 0.368650 0.352771 0.009315 0.245807
4 1 0.026374 0.277752 0.278863 0.015508 0.401503
4 2 0.036636 0.256871 0.221278 0.008013 0.477202
4 2 0.025475 0.288188 0.262323 0.006808 0.417205
4 1 0.030818 0.223360 0.267101 0.010757 0.467965
4 1 0.018045 0.223430 0.328339 0.007713 0.422473
4 1 0.034415 0.247272 0.230575 0.013429 0.474309
4 2 0.021608 0.249601 0.243917 0.009070 0.475803
2 2 0.015182 0.268229 0.355090 0.010875 0.350624
4 2 0.019333 0.248297 0.244736 0.008099 0.479535
4 2 0.017780 0.261541 0.265441 0.008873 0.446365
4 2 0.020928 0.279220 0.274291 0.008968 0.416594
4 2 0.028020 0.305993 0.274755 0.007171 0.384060
4 1 0.045149 0.300936 0.233073 0.004919 0.415923
4 2 0.033938 0.322957 0.266182 0.005038 0.371885
1 2 0.036492 0.352269 0.285909 0.005099 0.320232
1 2 0.030052 0.369911 0.316697 0.005741 0.277599
4 2 0.039729 0.330279 0.257661 0.004250 0.368081
4 0 0.127250 0.286524 0.188345 0.007676 0.390206
4 0 0.129897 0.216725 0.143908 0.008758 0.500712
4 1 0.066039 0.227904 0.153358 0.003147 0.549552
4 1 0.113186 0.287026 0.185988 0.005633 0.408167
4 1 0.041075 0.320632 0.245110 0.003820 0.389364
4 4 0.026510 0.155075 0.119596 0.002187 0.696632
4 1 0.024668 0.144447 0.113329 0.002256 0.715300
4 1 0.043643 0.113408 0.070866 0.001056 0.771028
4 2 0.068476 0.117844 0.066753 0.001026 0.745901
4 4 0.146929 0.225851 0.120583 0.002001 0.504636
4 4 0.050669 0.301645 0.196539 0.001555 0.449592
4 4 0.050916 0.236755 0.153950 0.001575 0.556804
4 4 0.083887 0.169385 0.095099 0.001225 0.650404
4 4 0.074298 0.123306 0.067572 0.000900 0.733924
4 4 0.079151 0.115546 0.057305 0.000474 0.747525
4 4 0.059345 0.305890 0.203204 0.002340 0.429221
4 4 0.058860 0.240196 0.148995 0.001386 0.550563
4 4 0.067629 0.195270 0.121830 0.001878 0.613393
4 4 0.054502 0.225755 0.149777 0.002066 0.567900
4 4 0.034953 0.165313 0.117409 0.001794 0.680531
4 4 0.121164 0.142362 0.083975 0.003400 0.649099
4 0 0.245942 0.137409 0.075271 0.006417 0.534960
4 0 0.334194 0.142104 0.066483 0.003270 0.453949
0 1 0.435597 0.155328 0.072234 0.005055 0.331786
4 0 0.342470 0.194034 0.105812 0.010604 0.347080
4 1 0.120071 0.103913 0.066986 0.007136 0.701895
4 1 0.230578 0.140670 0.080564 0.008034 0.540153
4 1 0.075297 0.229608 0.179155 0.012222 0.503718
4 2 0.030813 0.254640 0.196449 0.002579 0.515520
4 2 0.028732 0.182080 0.154658 0.005058 0.629472
4 4 0.020443 0.194464 0.324775 0.006454 0.453864
4 4 0.025963 0.214360 0.272504 0.005843 0.481331
4 4 0.028225 0.230383 0.194248 0.004485 0.542659
4 2 0.025553 0.323733 0.290183 0.006130 0.354400
2 2 0.008707 0.339090 0.471808 0.005125 0.175270
2 2 0.016501 0.361605 0.369446 0.004818 0.247630
2 2 0.021162 0.310209 0.413390 0.006240 0.248999
2 2 0.014022 0.265434 0.416091 0.005717 0.298736
2 2 0.014060 0.258505 0.420442 0.008429 0.298564
2 2 0.013824 0.280474 0.377723 0.012188 0.315791
2 2 0.007075 0.278717 0.522789 0.012692 0.178726
2 2 0.004817 0.214541 0.678682 0.009514 0.092446
2 2 0.005586 0.188736 0.733299 0.009626 0.062753
2 2 0.004036 0.173583 0.753548 0.008893 0.059940
2 2 0.009166 0.291118 0.500639 0.018215 0.180862
2 2 0.004523 0.113648 0.773464 0.063796 0.044570
2 2 0.003195 0.090266 0.828941 0.044165 0.033434
2 2 0.002423 0.073142 0.855383 0.042716 0.026335
2 2 0.002589 0.085350 0.851078 0.030924 0.030059
2 2 0.003502 0.087443 0.824582 0.051139 0.033334
2 2 0.004753 0.099685 0.766390 0.088379 0.040793
2 2 0.006190 0.148082 0.701380 0.083633 0.060715
2 3 0.006151 0.140043 0.691310 0.104075 0.058422
2 3 0.004449 0.117430 0.734801 0.096572 0.046748
2 3 0.004607 0.119325 0.745368 0.083348 0.047352
2 3 0.002077 0.062701 0.837299 0.074939 0.022984
2 3 0.001756 0.034877 0.810599 0.138936 0.013832
2 3 0.001296 0.021782 0.770915 0.197136 0.008872
2 3 0.001568 0.018950 0.660715 0.310320 0.008447
2 3 0.002177 0.023782 0.635569 0.327466 0.011006
2 3 0.003415 0.033261 0.638603 0.308751 0.015970
2 3 0.005423 0.039984 0.648640 0.285602 0.020352
2 0 0.029555 0.107986 0.614967 0.168969 0.078524
2 1 0.062442 0.153764 0.515231 0.037389 0.231175
4 1 0.073166 0.231617 0.290744 0.009941 0.394533
4 0 0.117912 0.107461 0.061286 0.002693 0.710648
4 0 0.087960 0.085257 0.050374 0.002322 0.774088
4 0 0.039016 0.056613 0.032311 0.000537 0.871522
4 0 0.118961 0.095413 0.047172 0.000949 0.737506
4 0 0.183608 0.192838 0.097505 0.001970 0.524080
4 0 0.069542 0.188428 0.113367 0.001498 0.627165
4 0 0.086236 0.257071 0.154400 0.002006 0.500286
4 0 0.043811 0.305112 0.245387 0.001490 0.404200
4 0 0.051893 0.214824 0.136648 0.001392 0.595244
4 0 0.072318 0.250475 0.164457 0.001515 0.511235
1 0 0.084956 0.403839 0.368699 0.001637 0.140869
1 0 0.207882 0.393579 0.182417 0.001256 0.214866
0 0 0.574686 0.166295 0.071868 0.005205 0.181946
0 0 0.436086 0.183309 0.095634 0.012135 0.272836
0 0 0.340535 0.265682 0.157469 0.020361 0.215953
1 0 0.250478 0.347593 0.225923 0.025405 0.150601
1 0 0.151383 0.476005 0.290832 0.007785 0.073995
2 0 0.078983 0.360315 0.433699 0.012223 0.114779
2 1 0.090686 0.237680 0.465205 0.020490 0.185939
2 1 0.078188 0.196930 0.364196 0.018366 0.342320
4 1 0.052745 0.208209 0.313487 0.007648 0.417911
4 1 0.069455 0.301909 0.209450 0.004242 0.414944
4 1 0.052698 0.263752 0.243688 0.025159 0.414703
4 1 0.120643 0.271906 0.224856 0.042630 0.339965
4 1 0.088247 0.284647 0.266295 0.067742 0.293069
1 0 0.182715 0.267245 0.252987 0.121753 0.175300
2 0 0.110195 0.253509 0.402997 0.093994 0.139304
2 0 0.091247 0.224183 0.390721 0.061175 0.232675
2 1 0.189046 0.185136 0.340282 0.075039 0.210496
2 1 0.093982 0.213897 0.362187 0.018905 0.311029
4 0 0.051404 0.262453 0.322769 0.010940 0.352433
4 0 0.029493 0.132227 0.087728 0.000853 0.749699
4 0 0.074215 0.138501 0.070645 0.000505 0.716134
4 1 0.109903 0.219869 0.111183 0.000817 0.558228
4 1 0.044731 0.199964 0.120940 0.000752 0.633613
4 1 0.028135 0.249183 0.311413 0.001481 0.409788
4 1 0.025005 0.219711 0.319102 0.009868 0.426314
2 1 0.160111 0.157058 0.481666 0.082683 0.118482
0 1 0.717302 0.154520 0.067087 0.011237 0.049855
0 1 0.716573 0.155993 0.068894 0.012843 0.045698
0 0 0.539614 0.213806 0.110006 0.018383 0.118191
0 1 0.442562 0.209415 0.120793 0.027820 0.199411
4 0 0.231458 0.240170 0.181725 0.067661 0.278987
2 0 0.205430 0.161864 0.353475 0.183667 0.095565
0 4 0.309464 0.170047 0.216185 0.209591 0.094713
0 4 0.264672 0.205252 0.201753 0.162304 0.166019
0 4 0.440969 0.208543 0.161086 0.083802 0.105599
0 4 0.550954 0.205663 0.116701 0.038217 0.088465
0 4 0.464515 0.203979 0.113368 0.023000 0.195138
0 4 0.378808 0.186740 0.104115 0.015334 0.315003
0 0 0.501839 0.204892 0.112258 0.024782 0.156230
0 0 0.461502 0.206235 0.159939 0.049248 0.123077
0 1 0.373475 0.197024 0.150411 0.022267 0.256823
0 0 0.596037 0.185824 0.091288 0.016161 0.110690
0 4 0.599997 0.177082 0.083113 0.011256 0.128553
0 1 0.815949 0.113059 0.041940 0.005069 0.023984
0 1 0.728099 0.139487 0.077907 0.017496 0.037011
0 1 0.629025 0.131133 0.138460 0.065023 0.036359
0 0 0.719986 0.122509 0.097672 0.030291 0.029542
0 1 0.571725 0.119235 0.168110 0.108118 0.032811
0 1 0.601781 0.153848 0.135944 0.058731 0.049696
0 1 0.646975 0.145877 0.119562 0.044479 0.043108
0 0 0.422042 0.181897 0.185900 0.124699 0.085461
0 1 0.353413 0.169048 0.209330 0.182997 0.085212
0 1 0.468328 0.215739 0.136794 0.048566 0.130572
0 1 0.295112 0.216100 0.191891 0.146498 0.150398
4 0 0.139819 0.229309 0.179670 0.035830 0.415372
4 0 0.165259 0.244880 0.207336 0.091068 0.291457
4 1 0.132203 0.207523 0.250465 0.046998 0.362811
4 1 0.155737 0.172097 0.206750 0.041882 0.423534
2 0 0.286397 0.139657 0.401659 0.028446 0.143841
2 0 0.305376 0.165436 0.353740 0.029156 0.146292
4 1 0.375522 0.141293 0.065297 0.003688 0.414201
4 1 0.143530 0.187859 0.092908 0.001104 0.574598
4 4 0.188950 0.090893 0.034805 0.000296 0.685056
4 0 0.116164 0.064567 0.028644 0.000447 0.790178
4 0 0.065443 0.089926 0.053478 0.001485 0.789668
4 1 0.048344 0.145679 0.111011 0.005344 0.689622
2 0 0.029325 0.247033 0.356245 0.017108 0.350288
2 0 0.015080 0.217878 0.564968 0.018224 0.183851
2 0 0.018943 0.229111 0.523116 0.020312 0.208518
2 0 0.022915 0.228175 0.440331 0.014143 0.294436
2 0 0.103255 0.255656 0.371104 0.032904 0.237082
0 0 0.440317 0.190003 0.101459 0.014835 0.253384
0 0 0.382829 0.192013 0.108800 0.017735 0.298622
0 0 0.318106 0.242213 0.128645 0.007443 0.303593
1 0 0.114848 0.451790 0.251903 0.001990 0.179470
4 0 0.023725 0.197930 0.314824 0.000800 0.462722
2 0 0.025044 0.215929 0.436448 0.000777 0.321802
4 0 0.051168 0.251577 0.223640 0.000665 0.472950
4 0 0.054874 0.288215 0.270017 0.000595 0.386299
4 0 0.065810 0.308057 0.163631 0.000493 0.462008
4 0 0.056052 0.314950 0.225821 0.000606 0.402571
4 0 0.072774 0.325294 0.244501 0.000828 0.356603
2 0 0.048654 0.273663 0.398316 0.000894 0.278473
2 0 0.051765 0.263587 0.425615 0.001039 0.257994
2 0 0.049702 0.271146 0.435770 0.000953 0.242429
2 0 0.053451 0.290674 0.406053 0.000998 0.248823
1 0 0.076768 0.333343 0.296307 0.000770 0.292813
1 0 0.066467 0.362905 0.275753 0.000801 0.294074
4 0 0.194237 0.184114 0.098042 0.003250 0.520357
1 0 0.110232 0.457868 0.251836 0.001676 0.178387
4 0 0.090166 0.340441 0.174864 0.000640 0.393889
1 0 0.099654 0.368385 0.199178 0.001133 0.331650
4 0 0.108569 0.297401 0.169748 0.001967 0.422315
4 0 0.063177 0.291136 0.257361 0.006246 0.382080
2 0 0.040466 0.226639 0.480509 0.029433 0.222952
2 0 0.113089 0.269002 0.298640 0.051712 0.267557
2 0 0.085414 0.183036 0.456786 0.049169 0.225594
2 0 0.061209 0.192746 0.566517 0.021060 0.158467
2 0 0.026891 0.212536 0.634188 0.007320 0.119065
2 0 0.022019 0.300537 0.365093 0.005436 0.306914
2 0 0.018658 0.277224 0.461558 0.008643 0.233917
2 0 0.020152 0.258835 0.473760 0.014076 0.233177
2 0 0.016335 0.212246 0.576796 0.032858 0.161766
2 0 0.011647 0.159888 0.688011 0.027448 0.113007
2 1 0.009436 0.170037 0.655411 0.010695 0.154421
2 1 0.010614 0.158589 0.617652 0.007470 0.205675
2 1 0.005917 0.158163 0.686354 0.007154 0.142412
2 1 0.007140 0.153685 0.695225 0.008617 0.135332
2 1 0.029412 0.160903 0.635993 0.061535 0.112157
3 1 0.051154 0.072413 0.409818 0.411200 0.055414
2 1 0.056260 0.067773 0.463677 0.359913 0.052376
2 1 0.025722 0.140860 0.687635 0.045181 0.100602
2 1 0.006685 0.173743 0.717828 0.017658 0.084086
2 1 0.005631 0.267245 0.530829 0.010233 0.186061
2 1 0.015947 0.212711 0.574695 0.024751 0.171897
2 1 0.049271 0.217680 0.397609 0.050198 0.285242
2 0 0.039952 0.263536 0.362296 0.030972 0.303244
2 0 0.048011 0.254464 0.354895 0.031729 0.310901
4 0 0.022522 0.275726 0.282603 0.000718 0.418430
4 1 0.037118 0.294471 0.191444 0.000922 0.476046
4 1 0.046293 0.275882 0.172456 0.000980 0.504390
4 0 0.072962 0.279153 0.157584 0.000939 0.489362
4 1 0.109163 0.193769 0.098717 0.000874 0.597476
4 1 0.094034 0.205348 0.111286 0.001085 0.588247
