4 0 0.108039 0.176220 0.100997 0.003349 0.611395
4 1 0.046882 0.176226 0.160260 0.003732 0.612900
4 1 0.034275 0.153684 0.160018 0.003211 0.648812
4 1 0.034549 0.157274 0.127466 0.002582 0.678129
4 1 0.048109 0.152775 0.068168 0.002032 0.728916
4 1 0.051285 0.177885 0.062244 0.001739 0.706847
4 1 0.054043 0.168568 0.055995 0.001743 0.719651
4 4 0.071319 0.202092 0.093853 0.003439 0.629298
4 4 0.096942 0.229602 0.092330 0.003341 0.577785
4 4 0.072853 0.235403 0.108772 0.002971 0.580001
4 4 0.138128 0.256900 0.095994 0.002433 0.506544
4 4 0.180717 0.204660 0.085574 0.002302 0.526747
4 4 0.207481 0.196593 0.100789 0.002921 0.492216
4 4 0.159696 0.176396 0.100433 0.002667 0.560808
4 4 0.099989 0.110436 0.066862 0.002542 0.720171
4 4 0.083310 0.147045 0.079931 0.002381 0.687334
4 4 0.095210 0.181448 0.057067 0.002096 0.664179
4 4 0.247364 0.272647 0.073409 0.002708 0.403871
4 4 0.325488 0.221912 0.113744 0.012350 0.326506
0 4 0.637084 0.133355 0.085335 0.009717 0.134509
0 4 0.751663 0.089521 0.055044 0.006781 0.096991
0 4 0.429736 0.191961 0.077117 0.006224 0.294962
4 4 0.348314 0.190361 0.054888 0.003678 0.402759
4 4 0.148887 0.181989 0.037677 0.001656 0.629791
4 4 0.149350 0.169133 0.035675 0.002237 0.643605
4 4 0.130961 0.156972 0.047031 0.003204 0.661832
4 4 0.114475 0.174118 0.088542 0.003498 0.619367
4 4 0.120136 0.136506 0.054419 0.002220 0.686720
4 4 0.096841 0.151103 0.080124 0.002574 0.669357
4 4 0.063266 0.166283 0.115184 0.002629 0.652637
4 4 0.146497 0.261744 0.081389 0.002699 0.507671
4 4 0.230530 0.279924 0.081267 0.003260 0.405019
0 4 0.515929 0.266784 0.108027 0.001853 0.107407
0 1 0.622820 0.213557 0.081386 0.001235 0.081002
0 1 0.703619 0.151257 0.043940 0.000863 0.100322
0 1 0.615640 0.144930 0.040781 0.001725 0.196924
0 1 0.517991 0.198711 0.053805 0.001669 0.227825
4 1 0.242511 0.194955 0.035023 0.001393 0.526119
4 1 0.164138 0.354592 0.084552 0.001718 0.394999
4 1 0.207346 0.310346 0.064771 0.001369 0.416168
4 1 0.247295 0.322513 0.078189 0.001673 0.350330
0 1 0.344565 0.326620 0.069975 0.000879 0.257961
1 1 0.240900 0.402666 0.102612 0.001229 0.252593
1 1 0.208213 0.474479 0.129859 0.000984 0.186465
1 1 0.095426 0.508527 0.170887 0.001870 0.223291
1 1 0.145739 0.418833 0.147934 0.003099 0.284395
1 2 0.121954 0.460169 0.191072 0.003423 0.223382
1 2 0.157953 0.455996 0.149365 0.002011 0.234675
1 2 0.186516 0.432233 0.158163 0.002580 0.220508
1 2 0.173683 0.419661 0.176804 0.003834 0.226018
1 2 0.204759 0.387546 0.211213 0.006386 0.190096
1 2 0.209961 0.332553 0.254992 0.014905 0.187589
1 2 0.200292 0.317668 0.285408 0.010679 0.185953
2 2 0.148453 0.253645 0.324993 0.015533 0.257376
2 2 0.103363 0.326521 0.411884 0.007992 0.150240
2 2 0.078122 0.295639 0.503623 0.006851 0.115764
4 2 0.201666 0.264307 0.251013 0.012488 0.270526
2 2 0.174163 0.240144 0.398134 0.029155 0.158404
0 2 0.304883 0.213359 0.167251 0.028520 0.285987
0 2 0.339197 0.207325 0.122163 0.016663 0.314651
1 2 0.225060 0.293558 0.258561 0.029632 0.193188
2 2 0.145203 0.279239 0.338111 0.026043 0.211405
2 2 0.147487 0.255769 0.368119 0.037134 0.191491
2 2 0.116825 0.254718 0.455582 0.035629 0.137246
2 2 0.075507 0.173183 0.614721 0.062963 0.073626
2 2 0.117467 0.145052 0.476914 0.145354 0.115212
3 2 0.158647 0.108529 0.286240 0.314584 0.132000
3 2 0.246127 0.123315 0.204745 0.256113 0.169700
0 2 0.324082 0.133536 0.207756 0.183531 0.151095
0 3 0.287180 0.161237 0.253789 0.162282 0.135513
3 3 0.196559 0.105967 0.199492 0.346052 0.151930
3 3 0.082950 0.052640 0.141133 0.636778 0.086498
3 3 0.058801 0.034995 0.099886 0.736748 0.069570
3 3 0.054610 0.033460 0.099997 0.749663 0.062271
3 3 0.037412 0.027483 0.109268 0.794838 0.030999
3 3 0.040885 0.026401 0.098504 0.799824 0.034386
3 3 0.053428 0.033656 0.102437 0.750288 0.060192
3 3 0.029169 0.018984 0.077985 0.848679 0.025183
3 3 0.037987 0.022699 0.080565 0.821827 0.036921
3 3 0.026527 0.016164 0.068020 0.867119 0.022170
3 3 0.022204 0.014056 0.064722 0.881806 0.017212
3 3 0.010473 0.007883 0.052766 0.922927 0.005950
3 3 0.014675 0.010220 0.057917 0.907616 0.009573
3 3 0.013945 0.008577 0.047849 0.920587 0.009043
3 3 0.020256 0.011856 0.055525 0.897096 0.015267
3 3 0.015307 0.008424 0.043659 0.922188 0.010421
3 3 0.023195 0.011944 0.050742 0.895417 0.018702
3 3 0.025729 0.012278 0.048713 0.891479 0.021800
3 3 0.013453 0.006561 0.034584 0.936556 0.008846
3 3 0.007997 0.004233 0.028406 0.955083 0.004282
3 3 0.029902 0.024776 0.107397 0.812354 0.025570
3 3 0.027098 0.020762 0.111283 0.827380 0.013476
3 3 0.025208 0.026232 0.153455 0.784247 0.010858
3 3 0.052065 0.061678 0.245282 0.607431 0.033544
3 2 0.039380 0.034960 0.134548 0.753252 0.037860
3 2 0.095008 0.058776 0.189192 0.604563 0.052461
3 2 0.111297 0.052781 0.152918 0.622132 0.060871
3 3 0.211260 0.077289 0.168107 0.440660 0.102684
3 3 0.084530 0.041749 0.163137 0.682796 0.027789
3 3 0.072580 0.067967 0.247043 0.576557 0.035853
3 3 0.057075 0.093599 0.274702 0.505341 0.069282
3 3 0.069645 0.061790 0.172104 0.607346 0.089115
3 3 0.036474 0.033129 0.133520 0.763064 0.033814
3 3 0.030748 0.027553 0.120234 0.794996 0.026469
3 3 0.030740 0.026024 0.111967 0.804711 0.026558
3 3 0.025921 0.020929 0.096270 0.835963 0.020918
3 3 0.019332 0.014380 0.073732 0.878602 0.013954
3 3 0.020985 0.013582 0.064525 0.885038 0.015869
3 3 0.015162 0.010186 0.056317 0.908281 0.010055
3 3 0.022858 0.014073 0.063460 0.881633 0.017975
3 3 0.020707 0.013081 0.062067 0.888530 0.015615
3 3 0.020930 0.013620 0.064885 0.884763 0.015802
3 3 0.023147 0.016365 0.078599 0.865187 0.016703
3 3 0.013690 0.010393 0.064080 0.903870 0.007968
3 3 0.013344 0.010068 0.060859 0.907412 0.008318
3 3 0.025236 0.017970 0.080834 0.855597 0.020363
3 3 0.017927 0.012446 0.064648 0.892333 0.012647
3 3 0.021994 0.015228 0.072264 0.873683 0.016832
3 3 0.027921 0.019581 0.083783 0.845200 0.023515
3 3 0.021363 0.015987 0.078567 0.868045 0.016039
3 3 0.011424 0.006698 0.040045 0.934928 0.006905
3 3 0.012365 0.008501 0.051619 0.919953 0.007562
3 3 0.019939 0.014778 0.074669 0.876039 0.014576
3 3 0.030183 0.019171 0.077007 0.847151 0.026488
3 3 0.034049 0.020108 0.074866 0.839346 0.031631
3 3 0.024119 0.013218 0.056244 0.886802 0.019617
3 3 0.028494 0.015125 0.059211 0.872308 0.024862
3 3 0.027841 0.015157 0.060403 0.872595 0.024003
3 3 0.015574 0.008918 0.046443 0.918440 0.010625
3 3 0.011400 0.006500 0.038558 0.936634 0.006908
3 3 0.008923 0.004816 0.031085 0.950212 0.004965
3 3 0.011864 0.006239 0.035489 0.939038 0.007370
3 3 0.016414 0.008941 0.044848 0.918305 0.011492
3 3 0.019562 0.010825 0.050605 0.904375 0.014634
3 3 0.025191 0.014053 0.058970 0.880980 0.020807
3 3 0.041649 0.019561 0.067847 0.836817 0.034127
3 3 0.018204 0.009365 0.044163 0.914916 0.013353
3 3 0.016898 0.008458 0.040825 0.921737 0.012083
3 3 0.015494 0.009092 0.047808 0.917086 0.010520
3 3 0.014231 0.008962 0.049925 0.917605 0.009277
3 3 0.017469 0.009923 0.049088 0.911050 0.012469
3 3 0.011423 0.005911 0.033986 0.941671 0.007009
3 3 0.008980 0.004927 0.031885 0.949211 0.004998
3 3 0.008201 0.004424 0.029559 0.953395 0.004422
3 3 0.008057 0.004225 0.028179 0.955209 0.004331
3 3 0.007123 0.003490 0.023962 0.961735 0.003690
3 3 0.008145 0.003788 0.024206 0.959398 0.004464
3 3 0.007154 0.003285 0.022045 0.963772 0.003743
3 3 0.009300 0.004051 0.024008 0.957242 0.005399
3 3 0.006676 0.003062 0.021135 0.965721 0.003405
3 3 0.013842 0.006411 0.032855 0.937634 0.009259
3 3 0.015154 0.006974 0.034338 0.933035 0.010499
3 3 0.018467 0.008469 0.038312 0.920946 0.013806
3 3 0.017695 0.008064 0.037074 0.924144 0.013023
3 3 0.018288 0.008639 0.039602 0.919897 0.013574
3 3 0.016161 0.007636 0.036891 0.927874 0.011438
3 3 0.011794 0.006208 0.035410 0.939279 0.007309
3 3 0.019313 0.009699 0.044266 0.912186 0.014536
3 3 0.016006 0.007978 0.039352 0.925449 0.011215
3 3 0.014960 0.007518 0.038258 0.929059 0.010205
3 3 0.017124 0.008792 0.042529 0.919284 0.012271
3 3 0.020974 0.010719 0.047463 0.904574 0.016270
3 3 0.017753 0.009063 0.043098 0.917177 0.012909
3 3 0.013887 0.007514 0.040365 0.929106 0.009127
3 3 0.007662 0.004178 0.028801 0.955336 0.004023
3 3 0.010012 0.004768 0.028200 0.951113 0.005908
3 3 0.012526 0.005051 0.025828 0.948385 0.008209
3 3 0.009054 0.003665 0.021446 0.960581 0.005255
3 3 0.010327 0.004192 0.023264 0.955927 0.006291
3 3 0.007455 0.003497 0.023235 0.961864 0.003949
3 3 0.013148 0.006148 0.032290 0.939798 0.008615
3 3 0.067477 0.018963 0.073791 0.820237 0.019531
3 3 0.309701 0.045547 0.124743 0.486219 0.033791
0 3 0.481721 0.063395 0.147141 0.270974 0.036769
0 3 0.417383 0.075252 0.205916 0.272562 0.028886
0 3 0.379475 0.081418 0.193454 0.296324 0.049329
3 3 0.101204 0.044258 0.181114 0.650510 0.022913
3 3 0.062589 0.031501 0.164956 0.728598 0.012355
3 3 0.136315 0.056065 0.190012 0.581043 0.036564
3 3 0.086969 0.044250 0.185809 0.659857 0.023116
2 2 0.188943 0.185469 0.466597 0.122700 0.036292
2 2 0.099073 0.108007 0.407532 0.357727 0.027662
3 2 0.067381 0.053071 0.220030 0.631365 0.028152
3 2 0.030858 0.026684 0.115212 0.800579 0.026666
3 2 0.039831 0.045837 0.231319 0.641828 0.041186
2 2 0.021172 0.053849 0.480185 0.407448 0.037346
2 2 0.035006 0.096856 0.559689 0.203336 0.105113
2 2 0.047303 0.138156 0.484379 0.072116 0.258046
4 2 0.053153 0.131630 0.292904 0.025391 0.496922
4 2 0.048523 0.113758 0.223928 0.016841 0.596951
4 4 0.054162 0.139288 0.155553 0.010420 0.640577
4 4 0.044825 0.142493 0.165320 0.007181 0.640182
4 4 0.039139 0.159193 0.132782 0.003541 0.665345
4 4 0.039833 0.161818 0.087115 0.002158 0.709077
4 4 0.034362 0.172262 0.107187 0.001869 0.684321
4 4 0.065792 0.206304 0.090845 0.001855 0.635205
4 4 0.068913 0.188092 0.087207 0.001760 0.654027
4 4 0.071336 0.214188 0.075375 0.001511 0.637590
4 4 0.044357 0.230537 0.103241 0.001430 0.620435
4 4 0.039935 0.231555 0.123065 0.002310 0.603136
4 4 0.042108 0.235250 0.142730 0.003103 0.576808
4 4 0.047105 0.169986 0.109374 0.003921 0.669613
4 4 0.074549 0.217443 0.095463 0.002628 0.609917
4 4 0.080433 0.177852 0.060843 0.002049 0.678823
4 4 0.088282 0.193230 0.039404 0.001582 0.677501
4 4 0.062986 0.193082 0.071569 0.002059 0.670304
4 4 0.061672 0.203433 0.080284 0.002339 0.652272
4 4 0.073755 0.263036 0.093809 0.002498 0.566901
4 4 0.079142 0.292504 0.090745 0.002343 0.535266
4 1 0.079963 0.360424 0.112849 0.002706 0.444058
1 1 0.068128 0.378486 0.206725 0.005336 0.341325
1 1 0.081491 0.375328 0.192009 0.009306 0.341865
1 1 0.086304 0.468931 0.185918 0.003397 0.255450
1 1 0.124244 0.527310 0.148511 0.001051 0.198884
1 2 0.192460 0.419350 0.140752 0.002353 0.245086
1 2 0.215441 0.412142 0.144848 0.002445 0.225125
1 2 0.249875 0.417709 0.125137 0.001472 0.205808
1 2 0.143235 0.495484 0.129104 0.001054 0.231123
1 2 0.120785 0.549135 0.147571 0.000827 0.181683
1 1 0.076629 0.557751 0.183437 0.001322 0.180862
1 1 0.076905 0.520604 0.200991 0.002286 0.199213
1 1 0.069424 0.374409 0.205113 0.008043 0.343011
4 2 0.094222 0.354949 0.181025 0.007322 0.362482
2 2 0.064909 0.310414 0.372254 0.012461 0.239962
2 2 0.106487 0.311342 0.319443 0.019399 0.243329
2 2 0.107763 0.297929 0.339097 0.031223 0.223988
1 2 0.153575 0.341995 0.229564 0.015754 0.259111
1 2 0.128644 0.372843 0.213173 0.010639 0.274701
1 2 0.130173 0.416258 0.196211 0.005654 0.251703
1 2 0.184914 0.444066 0.222632 0.003582 0.144806
1 2 0.135923 0.444580 0.272731 0.005691 0.141074
1 2 0.167669 0.429020 0.261828 0.005553 0.135930
1 2 0.222887 0.402537 0.206411 0.004577 0.163588
1 2 0.203337 0.401930 0.215731 0.005468 0.173534
1 2 0.177372 0.380370 0.217547 0.008323 0.216387
2 2 0.136902 0.316330 0.336188 0.016603 0.193977
2 2 0.185652 0.252902 0.267605 0.027539 0.266302
2 2 0.206756 0.274695 0.284541 0.021287 0.212721
1 2 0.154469 0.385095 0.295345 0.012874 0.152217
1 2 0.140240 0.415220 0.299944 0.009527 0.135070
1 2 0.214844 0.389601 0.268321 0.006960 0.120275
1 2 0.307966 0.376075 0.214288 0.003521 0.098150
1 2 0.201148 0.441966 0.280785 0.003047 0.073054
1 2 0.268386 0.407361 0.229440 0.003051 0.091762
1 2 0.196001 0.461973 0.216164 0.002477 0.123386
1 2 0.240724 0.477024 0.185114 0.001153 0.095985
1 2 0.217724 0.448843 0.131105 0.001297 0.201031
1 2 0.276289 0.380568 0.106551 0.001490 0.235103
1 2 0.311358 0.365754 0.125797 0.002101 0.194989
1 2 0.277762 0.365179 0.127484 0.002573 0.227001
1 2 0.167972 0.423259 0.169978 0.003523 0.235267
1 2 0.118413 0.429740 0.156103 0.003344 0.292400
4 2 0.078590 0.237952 0.090509 0.007107 0.585842
4 2 0.076696 0.291012 0.150282 0.009281 0.472729
1 2 0.087188 0.350481 0.230964 0.007484 0.323883
1 2 0.172623 0.425839 0.192639 0.004101 0.204798
1 2 0.216529 0.428307 0.186587 0.002976 0.165601
1 2 0.225302 0.454564 0.232055 0.002089 0.085990
1 2 0.277506 0.415894 0.193136 0.002297 0.111167
1 2 0.270152 0.418903 0.203027 0.002406 0.105513
1 2 0.199853 0.437675 0.222322 0.003508 0.136641
1 2 0.180782 0.470923 0.215836 0.002458 0.130001
1 2 0.159781 0.418454 0.177943 0.004169 0.239653
1 2 0.168864 0.450418 0.215111 0.003545 0.162062
1 2 0.172690 0.414659 0.193733 0.004731 0.214186
1 2 0.146412 0.427260 0.213044 0.005284 0.207999
1 2 0.101783 0.399900 0.330227 0.005604 0.162486
1 2 0.092279 0.326779 0.281017 0.010198 0.289726
1 2 0.116884 0.341974 0.207147 0.013468 0.320527
1 2 0.148079 0.379330 0.217500 0.009517 0.245573
1 2 0.273289 0.337637 0.212172 0.009213 0.167688
1 2 0.307238 0.334540 0.164984 0.005271 0.187967
1 2 0.289086 0.304724 0.145964 0.007015 0.253211
1 2 0.246182 0.370555 0.177371 0.005006 0.200886
1 2 0.265567 0.309405 0.127580 0.005519 0.291928
4 2 0.110482 0.303956 0.233156 0.010860 0.341547
4 2 0.150764 0.234968 0.186828 0.017016 0.410423
1 2 0.215631 0.275177 0.263074 0.016487 0.229631
0 2 0.310420 0.301405 0.189067 0.010215 0.188892
1 2 0.264552 0.381742 0.222904 0.004903 0.125899
1 2 0.209933 0.452625 0.217395 0.002538 0.117509
1 2 0.193130 0.459385 0.213196 0.002613 0.131676
1 2 0.101057 0.499098 0.218137 0.002904 0.178804
1 2 0.114132 0.476916 0.219608 0.003565 0.185779
1 2 0.149040 0.408881 0.182395 0.005058 0.254625
1 2 0.253173 0.342119 0.206187 0.008757 0.189764
0 2 0.342429 0.311932 0.202882 0.007638 0.135118
1 2 0.308287 0.365215 0.173961 0.003598 0.148939
0 2 0.515112 0.195963 0.097286 0.006409 0.185230
0 2 0.786671 0.089535 0.069486 0.005785 0.048522
0 0 0.949449 0.020036 0.007060 0.000545 0.022910
0 0 0.948575 0.018100 0.005525 0.000452 0.027348
0 1 0.965649 0.015356 0.004936 0.000250 0.013809
0 1 0.867713 0.065907 0.034002 0.001270 0.031108
0 1 0.479853 0.337484 0.102263 0.000576 0.079823
1 1 0.173704 0.561121 0.177204 0.000560 0.087412
1 1 0.103075 0.549213 0.253361 0.001533 0.092817
1 1 0.123679 0.478977 0.221051 0.003327 0.172966
1 1 0.082697 0.372433 0.344935 0.009573 0.190362
2 2 0.087796 0.273349 0.443023 0.015559 0.180272
2 2 0.084612 0.254058 0.425571 0.021454 0.214305
2 2 0.142447 0.278731 0.323019 0.018329 0.237474
1 2 0.155459 0.406191 0.217399 0.006707 0.214243
1 2 0.141413 0.447997 0.216309 0.004306 0.189974
1 2 0.145476 0.441188 0.245531 0.002846 0.164958
1 2 0.192966 0.376627 0.201846 0.004864 0.223697
1 2 0.298067 0.355626 0.209325 0.005434 0.131548
1 2 0.336329 0.343196 0.193700 0.004573 0.122201
0 2 0.396676 0.323086 0.148615 0.002944 0.128679
1 2 0.274223 0.423480 0.193400 0.002087 0.106810
0 2 0.481367 0.287591 0.130305 0.002189 0.098549
0 2 0.470502 0.230736 0.220494 0.010516 0.067753
0 0 0.692518 0.123371 0.112511 0.010198 0.061401
0 0 0.774478 0.115185 0.049415 0.001417 0.059506
0 0 0.470807 0.354775 0.136328 0.000443 0.037647
1 0 0.196779 0.565580 0.143993 0.000348 0.093300
1 1 0.170977 0.524085 0.106063 0.000459 0.198417
1 1 0.179863 0.535260 0.115539 0.000451 0.168887
1 1 0.190082 0.482270 0.101954 0.000615 0.225079
1 1 0.180590 0.510548 0.128319 0.000730 0.179813
1 1 0.135677 0.503579 0.169733 0.001622 0.189389
1 1 0.096865 0.510370 0.199822 0.002322 0.190620
1 1 0.114351 0.400697 0.148266 0.003063 0.333623
4 1 0.080921 0.317474 0.256985 0.004249 0.340370
4 1 0.079254 0.319766 0.213635 0.004389 0.382956
4 1 0.091451 0.337906 0.169223 0.003584 0.397836
2 1 0.058074 0.312452 0.321813 0.007589 0.300072
2 2 0.058966 0.245008 0.420722 0.012543 0.262760
4 2 0.078420 0.216510 0.313799 0.017312 0.373959
4 2 0.092936 0.230781 0.306185 0.018050 0.352049
2 2 0.060225 0.293613 0.486632 0.013507 0.146023
2 2 0.081747 0.362548 0.449855 0.005631 0.100220
1 2 0.106431 0.438897 0.361452 0.003219 0.090001
1 2 0.169751 0.480676 0.251819 0.002407 0.095347
0 2 0.443686 0.255340 0.216404 0.008504 0.076066
0 2 0.870763 0.059814 0.036815 0.002025 0.030583
0 2 0.917286 0.019019 0.004546 0.000494 0.058655
0 0 0.905991 0.027004 0.008241 0.000839 0.057924
0 0 0.717754 0.136853 0.069811 0.002669 0.072913
0 1 0.363872 0.351853 0.121482 0.001748 0.161046
4 1 0.132937 0.354915 0.127242 0.002408 0.382499
1 1 0.057714 0.408035 0.296153 0.003406 0.234693
2 1 0.032639 0.279141 0.499337 0.006786 0.182097
2 1 0.041765 0.218217 0.514120 0.010009 0.215890
2 2 0.050902 0.178454 0.656482 0.017207 0.096955
2 2 0.116183 0.278037 0.502218 0.013481 0.090082
1 2 0.203015 0.384366 0.288739 0.008436 0.115444
1 2 0.223815 0.418528 0.251617 0.003982 0.102059
1 2 0.199314 0.440953 0.252405 0.003482 0.103845
1 2 0.181057 0.471905 0.195150 0.002211 0.149676
1 2 0.101607 0.537876 0.235608 0.001862 0.123048
1 2 0.099532 0.509083 0.227541 0.002712 0.161132
1 2 0.199715 0.369698 0.163319 0.005396 0.261873
0 2 0.323758 0.278518 0.239005 0.017024 0.141695
0 2 0.375719 0.224051 0.327789 0.026019 0.046422
0 2 0.349393 0.249636 0.329833 0.020760 0.050379
0 2 0.426413 0.305211 0.189781 0.003638 0.074957
0 2 0.377575 0.345176 0.213157 0.002692 0.061399
1 2 0.218675 0.412201 0.215451 0.004296 0.149376
4 2 0.185502 0.284103 0.190593 0.013537 0.326265
1 2 0.272078 0.297168 0.294261 0.017998 0.118495
0 2 0.341983 0.287374 0.255622 0.014281 0.100739
0 2 0.381945 0.292886 0.201161 0.008241 0.115767
1 2 0.289525 0.377892 0.224462 0.004380 0.103741
1 2 0.143643 0.465432 0.270489 0.003939 0.116497
0 2 0.355896 0.339931 0.158909 0.003353 0.141911
1 2 0.315456 0.334760 0.200519 0.006423 0.142842
0 2 0.317662 0.316244 0.214230 0.008956 0.142908
1 2 0.265490 0.389514 0.198855 0.003955 0.142186
1 2 0.145847 0.428179 0.246631 0.006223 0.173120
2 2 0.042173 0.216039 0.488877 0.013114 0.239796
2 2 0.025984 0.150487 0.642373 0.032013 0.149144
2 2 0.039521 0.190890 0.452823 0.023763 0.293003
2 2 0.086773 0.287565 0.419773 0.009690 0.196200
1 2 0.183493 0.352398 0.238888 0.008215 0.217005
1 2 0.249719 0.363797 0.233597 0.007467 0.145419
1 2 0.234305 0.365498 0.262915 0.008647 0.128635
2 2 0.196194 0.316650 0.370501 0.018754 0.097901
0 2 0.325276 0.285218 0.244430 0.014788 0.130289
0 2 0.427522 0.232588 0.183320 0.014742 0.141828
0 2 0.359867 0.274750 0.170456 0.009162 0.185765
1 2 0.307607 0.319959 0.200459 0.008478 0.163496
2 2 0.118518 0.321916 0.429953 0.011425 0.118189
1 2 0.177238 0.393662 0.265109 0.008680 0.155310
2 2 0.121931 0.368824 0.409894 0.014116 0.085235
1 2 0.257370 0.344311 0.231651 0.009566 0.157102
0 2 0.363731 0.239460 0.237800 0.021428 0.137581
0 2 0.466456 0.190575 0.156748 0.020908 0.165313
0 2 0.572909 0.168932 0.100989 0.008489 0.148681
0 2 0.427668 0.250089 0.148748 0.008277 0.165218
2 2 0.032581 0.147053 0.547582 0.032549 0.240235
2 2 0.031129 0.124536 0.607979 0.061034 0.175322
2 2 0.049432 0.145758 0.615750 0.090263 0.098796
2 2 0.204691 0.252329 0.359499 0.064463 0.119018
2 2 0.279614 0.285768 0.311478 0.025575 0.097565
2 2 0.261964 0.296536 0.355631 0.021193 0.064675
2 2 0.247222 0.273318 0.336845 0.016408 0.126207
0 2 0.356745 0.272768 0.262856 0.013384 0.094247
0 2 0.334892 0.315353 0.235448 0.008235 0.106071
2 2 0.184546 0.349633 0.384231 0.015596 0.065993
2 2 0.078489 0.279529 0.528207 0.038636 0.075139
2 2 0.041269 0.187970 0.665820 0.037915 0.067026
2 2 0.075861 0.192383 0.619895 0.032101 0.079759
0 2 0.328182 0.275101 0.217852 0.016259 0.162605
0 2 0.463379 0.271833 0.149060 0.004198 0.111530
0 2 0.612507 0.184199 0.095022 0.003787 0.104485
0 2 0.711565 0.131106 0.066322 0.003267 0.087740
0 2 0.710414 0.153503 0.072346 0.001745 0.061991
0 2 0.604199 0.217133 0.097302 0.001831 0.079536
1 2 0.243510 0.430838 0.204115 0.002557 0.118980
0 2 0.435381 0.269649 0.127435 0.004398 0.163137
0 2 0.373178 0.277663 0.126859 0.005459 0.216841
0 2 0.486609 0.235972 0.084485 0.002668 0.190266
0 2 0.693713 0.124653 0.040352 0.001759 0.139522
0 0 0.762692 0.108275 0.046130 0.002012 0.080890
0 1 0.834368 0.063109 0.025131 0.001814 0.075578
0 1 0.839847 0.065875 0.030921 0.002160 0.061196
0 1 0.736145 0.118431 0.051871 0.002415 0.091137
0 1 0.706589 0.144645 0.059980 0.001873 0.086913
0 1 0.557660 0.257148 0.103132 0.001323 0.080737
4 1 0.159730 0.266945 0.071814 0.003304 0.498206
4 1 0.090785 0.177528 0.050540 0.002785 0.678362
4 1 0.096591 0.212573 0.062369 0.002308 0.626158
4 4 0.090393 0.204648 0.074954 0.001993 0.628012
4 4 0.129563 0.186714 0.060642 0.002775 0.620306
4 4 0.103427 0.183987 0.079481 0.004072 0.629033
4 4 0.204652 0.256540 0.065333 0.002783 0.470692
4 4 0.275105 0.253991 0.058631 0.001902 0.410371
0 4 0.385697 0.243450 0.061267 0.001793 0.307793
0 4 0.320998 0.274480 0.102768 0.004611 0.297142
4 4 0.339903 0.209568 0.092994 0.009313 0.348223
4 4 0.233756 0.117435 0.053760 0.011098 0.583952
0 4 0.403993 0.129467 0.058261 0.012920 0.395359
0 4 0.507978 0.166022 0.067597 0.005701 0.252701
0 4 0.664757 0.118919 0.042242 0.002861 0.171221
4 4 0.378598 0.136885 0.046271 0.006633 0.431613
4 4 0.412585 0.098247 0.031174 0.006519 0.451475
4 4 0.266329 0.067288 0.014980 0.004129 0.647273
4 4 0.239080 0.091737 0.016248 0.002086 0.650848
4 4 0.203093 0.148866 0.035896 0.003298 0.608847
4 4 0.182707 0.139055 0.045002 0.004058 0.629178
4 4 0.214131 0.103730 0.026339 0.003236 0.652564
4 4 0.218204 0.172543 0.048647 0.002826 0.557781
4 4 0.155960 0.254798 0.077140 0.002047 0.510055
4 4 0.110844 0.169089 0.056346 0.002693 0.661027
4 4 0.109534 0.139357 0.045906 0.002726 0.702478
4 4 0.089304 0.122515 0.048354 0.002139 0.737687
4 4 0.108674 0.145414 0.053797 0.001854 0.690262
4 4 0.096317 0.145858 0.067872 0.002735 0.687218
4 4 0.092730 0.151133 0.074801 0.003157 0.678178
4 4 0.224810 0.063108 0.030914 0.007692 0.673475
4 4 0.251660 0.094795 0.022873 0.002101 0.628571
4 4 0.270877 0.223895 0.037283 0.000972 0.466973
4 4 0.108648 0.373911 0.104036 0.000883 0.412522
4 4 0.136926 0.327999 0.104845 0.001742 0.428488
4 4 0.152858 0.312083 0.119934 0.002462 0.412664
4 4 0.141628 0.331281 0.128795 0.002312 0.395985
4 4 0.128512 0.294331 0.119743 0.002492 0.454922
4 4 0.187041 0.234216 0.064687 0.001913 0.512144
4 4 0.287515 0.233420 0.075509 0.003211 0.400345
0 4 0.409846 0.175673 0.056277 0.004332 0.353872
0 0 0.420677 0.194039 0.061881 0.003720 0.319683
1 0 0.249101 0.371245 0.113672 0.002139 0.263842
1 1 0.142352 0.452847 0.138614 0.001915 0.264273
1 1 0.108340 0.512934 0.170825 0.001685 0.206216
1 1 0.111593 0.462863 0.156281 0.002423 0.266840
1 1 0.089081 0.485701 0.169109 0.002388 0.253720
1 1 0.041725 0.384744 0.269399 0.005725 0.298406
1 1 0.037761 0.322863 0.310714 0.006520 0.322142
4 1 0.044498 0.255447 0.335622 0.012553 0.351879
2 1 0.045575 0.236802 0.372073 0.017387 0.328163
4 1 0.129837 0.185487 0.145232 0.024617 0.514827
4 1 0.245123 0.169868 0.136197 0.027930 0.420882
4 1 0.323796 0.225623 0.101136 0.008425 0.341020
4 1 0.230719 0.310626 0.124345 0.005762 0.328547
4 1 0.042521 0.268623 0.231787 0.003166 0.453902
2 0 0.243861 0.280254 0.411042 0.005988 0.058855
0 1 0.665054 0.147547 0.124679 0.007151 0.055569
0 1 0.802850 0.108517 0.038306 0.000704 0.049623
0 1 0.524434 0.273631 0.154449 0.001723 0.045764
1 1 0.059207 0.413943 0.331880 0.007557 0.187413
2 2 0.034084 0.291026 0.461988 0.010782 0.202120
2 2 0.027251 0.210703 0.559385 0.018656 0.184005
2 2 0.019848 0.134860 0.687109 0.033210 0.124972
2 2 0.019626 0.123195 0.705907 0.048759 0.102513
2 2 0.038398 0.172688 0.619279 0.054905 0.114730
2 2 0.084691 0.232929 0.440758 0.105706 0.135915
2 2 0.146592 0.259577 0.381943 0.073860 0.138028
2 2 0.121281 0.288884 0.399919 0.064168 0.125748
2 2 0.087893 0.262637 0.458954 0.084359 0.106157
2 2 0.037372 0.174580 0.616100 0.025693 0.146255
2 2 0.034462 0.157910 0.674958 0.021415 0.111255
2 2 0.026415 0.149488 0.671088 0.019415 0.133594
2 2 0.020556 0.122393 0.696945 0.036467 0.123639
2 2 0.016373 0.089495 0.742188 0.078276 0.073668
2 2 0.016327 0.080849 0.733514 0.105595 0.063716
2 2 0.021194 0.091426 0.687982 0.124259 0.075140
2 2 0.027130 0.089721 0.626893 0.170720 0.085537
2 2 0.024436 0.081961 0.640720 0.175574 0.077308
2 2 0.019307 0.074797 0.681920 0.161260 0.062716
2 2 0.031753 0.109566 0.617816 0.158002 0.082863
2 2 0.050697 0.127685 0.594293 0.155274 0.072051
2 2 0.041902 0.116255 0.604562 0.180680 0.056601
2 2 0.018973 0.075951 0.623661 0.240400 0.041014
2 2 0.016008 0.050963 0.568144 0.333208 0.031677
2 2 0.023029 0.073823 0.608875 0.235441 0.058831
2 2 0.030617 0.090547 0.595537 0.191376 0.091922
2 2 0.035571 0.093810 0.526734 0.259393 0.084493
3 2 0.066627 0.110059 0.344910 0.355237 0.123166
3 2 0.022207 0.039817 0.276924 0.638461 0.022591
3 2 0.014097 0.019620 0.136927 0.820836 0.008519
3 2 0.007678 0.011109 0.102517 0.875069 0.003626
3 2 0.010292 0.014619 0.118076 0.851546 0.005467
3 3 0.011415 0.016106 0.124031 0.842122 0.006324
3 3 0.008958 0.012836 0.110466 0.863241 0.004499
3 3 0.007797 0.011270 0.103286 0.873942 0.003705
3 3 0.010492 0.012407 0.094611 0.876791 0.005700
3 3 0.013575 0.014421 0.095418 0.868345 0.008241
3 3 0.015009 0.015334 0.096048 0.864096 0.009514
3 3 0.017586 0.015561 0.087357 0.867470 0.012027
3 3 0.019683 0.015319 0.078936 0.871813 0.014248
3 3 0.016629 0.012741 0.070369 0.888984 0.011277
3 3 0.014088 0.011299 0.067939 0.897763 0.008912
3 3 0.013921 0.012111 0.074942 0.890333 0.008694
3 3 0.008230 0.007358 0.057413 0.922813 0.004185
3 3 0.009787 0.008614 0.062179 0.914093 0.005327
3 3 0.011636 0.010535 0.071237 0.899841 0.006750
3 3 0.015882 0.014485 0.085769 0.873463 0.010401
3 3 0.012255 0.011267 0.074837 0.894398 0.007242
3 3 0.009644 0.009415 0.070501 0.905277 0.005163
3 3 0.007370 0.007256 0.061033 0.920785 0.003557
3 3 0.010686 0.010041 0.071178 0.902120 0.005975
3 3 0.016934 0.014048 0.078748 0.878793 0.011477
3 3 0.018063 0.014392 0.077535 0.877403 0.012607
3 3 0.011098 0.009046 0.060513 0.912954 0.006390
3 3 0.007352 0.006098 0.048751 0.934186 0.003613
3 3 0.009604 0.007414 0.051863 0.925855 0.005265
3 3 0.014272 0.010528 0.061423 0.904624 0.009153
3 3 0.013222 0.009397 0.056017 0.913099 0.008266
3 3 0.008874 0.006466 0.045943 0.933965 0.004752
3 3 0.011086 0.007703 0.049133 0.925584 0.006495
3 3 0.009656 0.006617 0.044529 0.933822 0.005377
3 3 0.009083 0.006260 0.043293 0.936426 0.004939
3 3 0.012824 0.009459 0.057763 0.912063 0.007891
3 3 0.010807 0.008111 0.053534 0.921331 0.006216
3 3 0.010268 0.007660 0.051561 0.924715 0.005796
3 3 0.007857 0.005329 0.038946 0.943815 0.004054
3 3 0.012850 0.008243 0.048214 0.922656 0.008038
3 3 0.012295 0.007889 0.047016 0.925238 0.007562
3 3 0.016649 0.010559 0.055129 0.906141 0.011522
3 3 0.012345 0.008180 0.049147 0.922750 0.007577
3 3 0.009285 0.006082 0.041030 0.938482 0.005121
3 3 0.011879 0.007355 0.043987 0.929539 0.007241
3 3 0.010646 0.006517 0.040665 0.935937 0.006234
3 3 0.020521 0.012328 0.057856 0.893793 0.015502
3 3 0.022016 0.013907 0.064234 0.882832 0.017012
3 3 0.020703 0.011933 0.055107 0.896492 0.015764
3 3 0.024396 0.013267 0.056043 0.886344 0.019949
3 3 0.018790 0.010187 0.048154 0.908998 0.013870
3 3 0.019149 0.010853 0.051580 0.904250 0.014168
3 3 0.014838 0.008946 0.048314 0.918025 0.009877
3 3 0.012797 0.007512 0.042838 0.928780 0.008074
3 3 0.008808 0.005377 0.036269 0.944742 0.004804
3 3 0.009929 0.006067 0.038950 0.939391 0.005664
3 3 0.014690 0.009296 0.051167 0.915159 0.009688
3 3 0.011199 0.007447 0.046671 0.928062 0.006620
3 3 0.012375 0.008629 0.052598 0.918840 0.007558
3 3 0.018227 0.012084 0.061477 0.895205 0.013006
3 3 0.018694 0.011277 0.055173 0.901247 0.013609
3 3 0.012634 0.007846 0.045771 0.925868 0.007881
3 3 0.012162 0.008395 0.051397 0.920659 0.007387
3 3 0.017070 0.012170 0.065073 0.893905 0.011781
3 3 0.012409 0.009585 0.060182 0.910321 0.007502
3 3 0.013995 0.011166 0.067231 0.898773 0.008835
3 3 0.014282 0.011117 0.065869 0.899621 0.009111
3 3 0.011909 0.009208 0.058850 0.912946 0.007087
3 3 0.012828 0.008093 0.047135 0.923909 0.008034
3 3 0.019799 0.010392 0.047564 0.907275 0.014970
3 3 0.026058 0.012031 0.055383 0.892143 0.014385
3 3 0.026607 0.013293 0.077062 0.874831 0.008207
3 3 0.217595 0.085671 0.297492 0.371240 0.028002
2 3 0.257507 0.103180 0.348559 0.265316 0.025437
0 3 0.332923 0.116869 0.292568 0.210581 0.047059
2 2 0.170824 0.131627 0.395484 0.262898 0.039168
3 2 0.051709 0.066307 0.328934 0.536072 0.016979
3 2 0.011765 0.022413 0.207160 0.750106 0.008557
3 2 0.022251 0.031446 0.364502 0.572041 0.009760
3 2 0.051923 0.069097 0.422749 0.436115 0.020117
2 2 0.048424 0.076705 0.502227 0.357390 0.015254
3 2 0.025712 0.049080 0.355135 0.556505 0.013568
3 2 0.029141 0.053516 0.394438 0.504047 0.018858
3 2 0.025627 0.054448 0.444969 0.453175 0.021781
2 2 0.030370 0.072102 0.605009 0.266621 0.025897
2 2 0.038788 0.095736 0.628547 0.195870 0.041059
2 2 0.072992 0.118834 0.548731 0.100647 0.158796
2 2 0.036621 0.106953 0.587620 0.059606 0.209200
2 2 0.028880 0.127189 0.494246 0.019449 0.330235
2 2 0.019145 0.129973 0.548116 0.009733 0.293033
2 2 0.017753 0.130429 0.537979 0.007741 0.306098
2 1 0.020129 0.141376 0.514211 0.008468 0.315817
4 1 0.040962 0.146071 0.153273 0.005169 0.654525
4 1 0.053534 0.169339 0.118800 0.005070 0.653256
4 4 0.085961 0.208378 0.116117 0.005179 0.584365
4 4 0.094763 0.233272 0.113855 0.006739 0.551371
4 4 0.072508 0.274901 0.177602 0.007871 0.467118
4 4 0.065813 0.302909 0.177360 0.005617 0.448300
4 4 0.075499 0.342956 0.181017 0.004886 0.395641
4 4 0.112182 0.309654 0.172887 0.007192 0.398086
4 4 0.089479 0.237266 0.158459 0.009061 0.505734
4 4 0.070010 0.272440 0.219664 0.006308 0.431578
4 4 0.042533 0.142994 0.150082 0.005599 0.658792
4 4 0.137921 0.193279 0.135601 0.005682 0.527516
4 4 0.221298 0.233952 0.105514 0.006206 0.433030
0 4 0.344874 0.242329 0.081832 0.004094 0.326871
1 4 0.253748 0.369534 0.131754 0.002891 0.242073
4 4 0.113516 0.300990 0.095125 0.004565 0.485803
4 4 0.129517 0.290137 0.141174 0.007678 0.431494
4 4 0.216850 0.263096 0.117891 0.007488 0.394676
4 4 0.364675 0.187308 0.074446 0.007675 0.365896
0 4 0.490169 0.185660 0.063882 0.003620 0.256669
0 4 0.578611 0.182880 0.054465 0.001711 0.182333
0 4 0.394088 0.345439 0.102474 0.001157 0.156842
1 4 0.343897 0.368631 0.101513 0.001116 0.184843
0 4 0.396531 0.294488 0.086447 0.001742 0.220792
1 4 0.312775 0.388658 0.141913 0.001853 0.154801
1 4 0.258693 0.424630 0.161278 0.001947 0.153452
1 0 0.210818 0.423338 0.140360 0.002063 0.223421
0 1 0.366308 0.283374 0.080108 0.001980 0.268230
0 4 0.362425 0.262707 0.075760 0.002387 0.296721
0 4 0.376341 0.181767 0.062942 0.005546 0.373404
1 4 0.265963 0.441571 0.151113 0.001325 0.140029
1 4 0.210279 0.430666 0.142199 0.001942 0.214914
1 4 0.186876 0.462598 0.173836 0.002076 0.174615
1 0 0.165897 0.468010 0.170974 0.002130 0.192988
1 1 0.141413 0.480107 0.172661 0.002125 0.203694
0 1 0.358693 0.269820 0.110165 0.004955 0.256366
0 1 0.584750 0.159271 0.074772 0.005574 0.175631
0 1 0.686590 0.124153 0.052200 0.003314 0.133743
0 1 0.512264 0.268601 0.128951 0.002286 0.087898
1 4 0.161593 0.515894 0.228011 0.001466 0.093035
1 4 0.084018 0.533958 0.273731 0.002319 0.105974
1 4 0.116196 0.461445 0.273626 0.005176 0.143557
0 4 0.358236 0.269420 0.229732 0.015115 0.127497
0 4 0.617368 0.120111 0.095180 0.019402 0.147939
0 4 0.753913 0.066845 0.029520 0.004903 0.144818
0 4 0.805728 0.068582 0.026212 0.002128 0.097350
0 4 0.438001 0.295820 0.132177 0.002884 0.131118
1 4 0.308370 0.372143 0.196516 0.003629 0.119343
0 4 0.372398 0.354450 0.169988 0.002399 0.100765
1 4 0.342865 0.362510 0.178052 0.002892 0.113680
1 4 0.255801 0.417790 0.220340 0.002907 0.103162
1 4 0.149787 0.497383 0.267881 0.002150 0.082800
1 4 0.136468 0.525780 0.264271 0.001491 0.071990
1 4 0.138486 0.512568 0.253230 0.001949 0.093766
1 4 0.233743 0.432159 0.219332 0.002837 0.111929
0 4 0.385346 0.325142 0.196075 0.003906 0.089530
0 4 0.629857 0.173844 0.092089 0.003940 0.100269
0 4 0.586702 0.211764 0.102657 0.002805 0.096072
0 4 0.428727 0.322202 0.153765 0.002249 0.093058
1 4 0.236923 0.481750 0.188827 0.001114 0.091386
1 4 0.276195 0.417104 0.209144 0.002343 0.095214
0 4 0.483831 0.239286 0.149062 0.006691 0.121131
0 4 0.714671 0.099593 0.070786 0.010441 0.104508
0 4 0.760468 0.079874 0.033935 0.003482 0.122241
0 4 0.742660 0.129498 0.047583 0.001267 0.078992
1 4 0.331501 0.435828 0.148924 0.000741 0.083006
0 4 0.542553 0.261838 0.126669 0.001733 0.067207
0 4 0.767296 0.084791 0.052962 0.006460 0.088490
0 4 0.739791 0.082274 0.048514 0.008038 0.121384
0 4 0.579382 0.203059 0.129502 0.004943 0.083113
1 4 0.326426 0.389347 0.180224 0.002131 0.101871
1 4 0.101162 0.566002 0.259499 0.001118 0.072219
1 4 0.145541 0.550031 0.224615 0.000959 0.078854
1 4 0.140420 0.509412 0.218957 0.001969 0.129242
1 1 0.170792 0.456076 0.194250 0.002887 0.175996
1 1 0.143262 0.497618 0.212924 0.002223 0.143973
1 1 0.103692 0.537289 0.226759 0.001812 0.130448
1 1 0.044745 0.510223 0.271453 0.003297 0.170284
2 2 0.030383 0.349780 0.439446 0.006064 0.174327
2 2 0.024720 0.184088 0.663441 0.009826 0.117925
2 2 0.020701 0.105651 0.771537 0.015356 0.086755
2 2 0.018202 0.094485 0.803485 0.016271 0.067557
2 2 0.029158 0.135455 0.723685 0.011181 0.100521
2 2 0.032330 0.150866 0.701017 0.013128 0.102659
2 2 0.032884 0.150423 0.704655 0.014873 0.097165
2 2 0.025245 0.151503 0.718596 0.013124 0.091532
2 2 0.017138 0.130656 0.760240 0.013731 0.078235
2 2 0.178169 0.196366 0.505749 0.033872 0.085844
0 0 0.500214 0.147971 0.288591 0.036396 0.026829
0 1 0.635526 0.171543 0.154211 0.004542 0.034179
0 2 0.833360 0.074866 0.063607 0.003819 0.024348
0 2 0.940105 0.010076 0.001628 0.000167 0.048024
0 0 0.945823 0.011062 0.001970 0.000175 0.040971
0 0 0.894180 0.049370 0.025720 0.001321 0.029408
0 0 0.436957 0.329605 0.143031 0.001655 0.088752
1 1 0.121878 0.532913 0.212152 0.001601 0.131456
1 1 0.239256 0.368689 0.317384 0.007267 0.067404
0 1 0.517210 0.201428 0.195264 0.014555 0.071542
0 1 0.558404 0.185928 0.139777 0.010132 0.105759
0 1 0.592676 0.210643 0.127130 0.003246 0.066304
0 1 0.601171 0.189307 0.124675 0.005415 0.079431
0 1 0.476887 0.214048 0.146994 0.011409 0.150662
0 1 0.378894 0.299186 0.211945 0.007317 0.102658
1 1 0.312297 0.350066 0.224619 0.005445 0.107573
1 1 0.124028 0.455738 0.290628 0.005351 0.124255
1 1 0.107739 0.496755 0.277673 0.003326 0.114507
1 1 0.110469 0.485749 0.294063 0.003775 0.105943
1 1 0.151329 0.461970 0.288305 0.003760 0.094637
1 1 0.194907 0.423830 0.297770 0.004377 0.079117
1 1 0.207516 0.411611 0.266837 0.005201 0.108834
1 1 0.221858 0.375151 0.268851 0.008247 0.125894
1 1 0.137431 0.401926 0.331985 0.010692 0.117965
2 1 0.108525 0.356264 0.424188 0.022267 0.088756
2 1 0.052367 0.252713 0.553932 0.014318 0.126669
2 1 0.044788 0.187870 0.639879 0.020714 0.106748
2 2 0.042234 0.167591 0.677496 0.024314 0.088366
2 2 0.043443 0.161130 0.701624 0.021485 0.072319
2 2 0.033058 0.138765 0.754231 0.020216 0.053730
2 2 0.044521 0.142312 0.726755 0.025291 0.061122
2 2 0.020425 0.102882 0.801933 0.030729 0.044031
2 2 0.324175 0.199236 0.385484 0.052967 0.038139
2 2 0.343576 0.241747 0.349363 0.022922 0.042391
2 2 0.223403 0.327751 0.396476 0.012671 0.039700
2 2 0.215718 0.271396 0.429257 0.035995 0.047634
2 2 0.052540 0.102741 0.696387 0.095223 0.053110
2 2 0.099426 0.221539 0.563164 0.042141 0.073730
2 2 0.193328 0.313406 0.396077 0.026170 0.071019
1 2 0.287519 0.311355 0.287393 0.015135 0.098597
2 2 0.301186 0.296020 0.314346 0.015445 0.073002
2 2 0.172176 0.276499 0.448269 0.046797 0.056259
2 2 0.118515 0.241856 0.507218 0.087715 0.044696
2 2 0.092278 0.199096 0.605413 0.063884 0.039329
2 2 0.218010 0.208961 0.475063 0.061099 0.036867
2 2 0.284265 0.255792 0.380632 0.029880 0.049430
2 2 0.295975 0.269723 0.364935 0.023426 0.045941
0 2 0.449956 0.201127 0.264508 0.028296 0.056114
2 2 0.263288 0.298350 0.353335 0.019999 0.065028
2 2 0.250326 0.290504 0.382618 0.022781 0.053771
2 2 0.240145 0.298700 0.375258 0.023366 0.062532
0 2 0.498431 0.193796 0.201298 0.020541 0.085934
0 2 0.507538 0.139667 0.237270 0.062090 0.053435
0 2 0.710531 0.101923 0.117185 0.021431 0.048930
0 2 0.661687 0.105173 0.120060 0.036597 0.076482
0 2 0.431108 0.206412 0.279501 0.030762 0.052218
2 2 0.210393 0.270628 0.444642 0.034797 0.039540
2 2 0.232197 0.274663 0.404306 0.033111 0.055723
2 2 0.191717 0.262316 0.432201 0.052806 0.060960
2 2 0.191540 0.277567 0.426978 0.042616 0.061299
2 2 0.185061 0.232527 0.464926 0.072707 0.044780
2 2 0.241830 0.267881 0.393504 0.035795 0.060991
2 2 0.241344 0.228740 0.392617 0.056346 0.080953
2 2 0.219112 0.215149 0.445035 0.047392 0.073312
2 2 0.273991 0.253748 0.349939 0.036700 0.085622
2 2 0.201603 0.247914 0.438156 0.060349 0.051977
2 2 0.243902 0.255277 0.412460 0.039253 0.049108
2 2 0.209292 0.269727 0.400831 0.045741 0.074409
2 2 0.176072 0.271420 0.426479 0.053887 0.072143
2 2 0.132730 0.223422 0.485445 0.108439 0.049964
2 2 0.104408 0.189157 0.562064 0.077843 0.066527
2 2 0.046475 0.130490 0.717124 0.050715 0.055196
2 2 0.035351 0.136736 0.738875 0.037563 0.051476
2 2 0.018721 0.094101 0.748659 0.088780 0.049740
2 2 0.012411 0.053504 0.676114 0.227831 0.030140
2 2 0.006301 0.031129 0.709914 0.237333 0.015323
2 2 0.006033 0.026353 0.689856 0.262807 0.014951
2 2 0.005518 0.025659 0.729817 0.223438 0.015569
2 2 0.009080 0.036969 0.721163 0.204632 0.028155
2 2 0.011774 0.046853 0.689057 0.219857 0.032459
2 2 0.016123 0.058654 0.649637 0.234160 0.041427
2 2 0.020709 0.078015 0.672764 0.161055 0.067457
2 2 0.012406 0.063370 0.783420 0.097224 0.043580
2 2 0.012279 0.081531 0.812731 0.047188 0.046272
2 2 0.010505 0.072598 0.825819 0.045621 0.045457
2 2 0.009047 0.054348 0.797441 0.103447 0.035718
2 2 0.009577 0.044407 0.752978 0.160498 0.032540
2 2 0.009258 0.038765 0.713797 0.211208 0.026971
2 2 0.014276 0.047200 0.661371 0.235795 0.041358
2 2 0.015732 0.059074 0.687728 0.188678 0.048788
2 2 0.017527 0.053873 0.637971 0.240589 0.050040
2 2 0.007471 0.031844 0.717055 0.222173 0.021457
2 2 0.371728 0.117775 0.398768 0.099729 0.012001
0 2 0.635774 0.118454 0.202675 0.022448 0.020649
0 0 0.736391 0.116558 0.122187 0.005402 0.019461
0 0 0.472199 0.286407 0.209195 0.002140 0.030059
1 1 0.330110 0.331429 0.254653 0.006107 0.077701
2 1 0.210230 0.334101 0.354052 0.017791 0.083826
2 1 0.147779 0.350231 0.407386 0.021190 0.073414
2 1 0.149153 0.369359 0.371867 0.016746 0.092876
1 1 0.123881 0.413852 0.264080 0.008932 0.189255
4 1 0.133197 0.317589 0.219885 0.007087 0.322242
4 1 0.127625 0.189645 0.124727 0.007244 0.550760
4 1 0.094376 0.162138 0.116169 0.004620 0.622698
4 4 0.139772 0.188359 0.076021 0.002548 0.593300
4 4 0.138818 0.273217 0.072568 0.001743 0.513654
1 4 0.141404 0.387550 0.126041 0.001791 0.343213
1 4 0.120839 0.380691 0.153825 0.003583 0.341062
4 4 0.146484 0.343312 0.133732 0.005725 0.370747
4 4 0.150947 0.277660 0.092299 0.005327 0.473767
4 4 0.339132 0.218608 0.077357 0.005295 0.359608
4 4 0.361316 0.157217 0.058788 0.005759 0.416920
0 4 0.512489 0.159663 0.049251 0.003088 0.275510
0 4 0.345165 0.264847 0.085059 0.003200 0.301729
4 4 0.098631 0.363918 0.151759 0.003529 0.382164
4 4 0.046473 0.282511 0.228318 0.003709 0.438990
4 4 0.068187 0.227396 0.146070 0.004144 0.554203
4 4 0.073143 0.204996 0.130494 0.003275 0.588092
4 4 0.108298 0.100865 0.049814 0.004968 0.736056
4 4 0.111670 0.066845 0.030010 0.007405 0.784070
4 4 0.188708 0.058661 0.019724 0.008069 0.724839
4 4 0.167647 0.055329 0.023061 0.010090 0.743873
4 4 0.308962 0.092151 0.029410 0.007210 0.562268
4 4 0.400137 0.065316 0.027506 0.016644 0.490397
4 4 0.286008 0.028490 0.010813 0.009455 0.665234
4 4 0.364986 0.018935 0.003923 0.004583 0.607574
4 4 0.238268 0.025593 0.008823 0.010850 0.716465
4 4 0.167939 0.023447 0.010184 0.012747 0.785683
