0 0 0.829069 0.055837 0.052523 0.030362 0.032209
0 0 0.784234 0.081658 0.071332 0.025675 0.037100
0 0 0.543967 0.165858 0.184933 0.038105 0.067137
0 1 0.697502 0.073614 0.105397 0.081780 0.041707
0 1 0.687516 0.067384 0.114293 0.093818 0.036989
0 1 0.600700 0.091928 0.173017 0.090945 0.043411
2 1 0.137909 0.203416 0.586608 0.028242 0.043825
2 1 0.015357 0.106555 0.849568 0.014122 0.014399
2 1 0.012418 0.090588 0.861360 0.021571 0.014063
2 1 0.004219 0.032454 0.880680 0.076008 0.006639
2 2 0.004029 0.023924 0.858232 0.108722 0.005092
2 2 0.004090 0.019995 0.799661 0.171172 0.005082
2 2 0.001954 0.011472 0.855671 0.128749 0.002154
2 2 0.001226 0.006645 0.812155 0.178710 0.001263
2 2 0.000846 0.005441 0.804100 0.188575 0.001038
2 2 0.001311 0.004663 0.678895 0.314046 0.001085
2 2 0.001777 0.004809 0.598669 0.393436 0.001309
2 3 0.000638 0.002712 0.569834 0.426078 0.000738
2 3 0.000650 0.002541 0.505254 0.490772 0.000782
3 3 0.000645 0.001631 0.325347 0.671739 0.000638
3 3 0.001103 0.002112 0.314018 0.681897 0.000870
3 3 0.001518 0.001139 0.143452 0.853245 0.000646
3 3 0.002608 0.002019 0.197462 0.796867 0.001044
3 3 0.002750 0.001434 0.128490 0.866432 0.000894
3 3 0.005433 0.003934 0.262832 0.725887 0.001914
3 2 0.019169 0.013578 0.424378 0.537092 0.005783
2 2 0.035133 0.037592 0.658783 0.256500 0.011993
2 2 0.037129 0.053829 0.761335 0.134128 0.013579
2 2 0.034824 0.074215 0.814120 0.062150 0.014691
2 2 0.040953 0.087134 0.789227 0.063988 0.018699
2 2 0.000873 0.005241 0.771665 0.221130 0.001092
2 2 0.002181 0.008902 0.786345 0.200678 0.001894
2 2 0.002225 0.006076 0.646377 0.343753 0.001569
2 3 0.001860 0.005642 0.641518 0.349527 0.001454
3 3 0.001807 0.002853 0.363270 0.631014 0.001055
3 3 0.001580 0.001229 0.164759 0.831797 0.000636
3 3 0.002112 0.001199 0.138080 0.857941 0.000668
3 3 0.003078 0.001076 0.085050 0.910032 0.000764
3 3 0.004325 0.001839 0.121559 0.871097 0.001180
3 3 0.004048 0.000824 0.052786 0.941634 0.000708
3 3 0.004148 0.000619 0.041257 0.953410 0.000565
3 3 0.003976 0.000508 0.034786 0.960243 0.000487
3 3 0.001964 0.000317 0.029567 0.967839 0.000312
3 3 0.001024 0.000215 0.026312 0.972235 0.000215
3 3 0.001223 0.000219 0.023776 0.974550 0.000232
3 3 0.002041 0.000442 0.036268 0.960819 0.000430
3 3 0.001262 0.000187 0.021976 0.976381 0.000195
3 3 0.002598 0.000396 0.035889 0.960764 0.000353
3 3 0.001545 0.000228 0.028935 0.969088 0.000203
3 3 0.001776 0.000311 0.039899 0.957772 0.000242
3 3 0.001314 0.000201 0.037364 0.960981 0.000141
3 3 0.001233 0.000147 0.029800 0.968713 0.000107
3 3 0.003042 0.000486 0.054505 0.941635 0.000332
3 3 0.002358 0.000501 0.048022 0.948717 0.000402
3 3 0.002424 0.000711 0.059008 0.937290 0.000567
3 3 0.001885 0.000341 0.031409 0.966032 0.000333
3 3 0.000881 0.000187 0.026684 0.972072 0.000177
3 3 0.001121 0.000240 0.033699 0.964736 0.000204
3 3 0.000630 0.000164 0.035354 0.963729 0.000124
3 3 0.001245 0.000243 0.035628 0.962688 0.000196
3 3 0.000551 0.000067 0.014779 0.984535 0.000068
3 3 0.000163 0.000019 0.006995 0.992801 0.000023
3 3 0.000329 0.000070 0.017728 0.981804 0.000068
3 3 0.001072 0.000204 0.032116 0.966440 0.000168
3 3 0.000797 0.000207 0.041218 0.957630 0.000148
3 3 0.001639 0.000360 0.045620 0.952106 0.000273
3 3 0.001303 0.000206 0.027102 0.971199 0.000190
3 3 0.001698 0.000196 0.020437 0.977458 0.000211
3 3 0.000722 0.000062 0.009715 0.989419 0.000081
3 3 0.000510 0.000048 0.008214 0.991162 0.000066
3 3 0.000218 0.000035 0.010383 0.989322 0.000041
3 3 0.000102 0.000025 0.011173 0.988673 0.000027
3 3 0.000173 0.000046 0.018414 0.981327 0.000040
3 3 0.000477 0.000073 0.018358 0.981027 0.000065
3 3 0.003923 0.000490 0.042180 0.953010 0.000397
3 3 0.005642 0.000610 0.044025 0.949226 0.000497
3 3 0.002737 0.000329 0.031004 0.965630 0.000300
3 3 0.000630 0.000058 0.010493 0.988749 0.000070
3 3 0.000890 0.000095 0.013700 0.985204 0.000111
3 3 0.000697 0.000091 0.014924 0.984186 0.000102
3 3 0.000518 0.000072 0.012276 0.987046 0.000088
3 3 0.001396 0.000173 0.019424 0.978818 0.000189
3 3 0.001477 0.000152 0.017289 0.980911 0.000170
3 3 0.000473 0.000072 0.013741 0.985633 0.000081
3 3 0.000209 0.000044 0.012494 0.987203 0.000050
3 3 0.000553 0.000063 0.012970 0.986346 0.000068
3 3 0.001337 0.000121 0.019675 0.978756 0.000111
3 3 0.002545 0.000158 0.019745 0.977405 0.000147
3 3 0.002338 0.000158 0.016627 0.980704 0.000172
3 3 0.000976 0.000089 0.012587 0.986241 0.000107
3 3 0.000791 0.000121 0.019502 0.979464 0.000122
3 3 0.000783 0.000144 0.019893 0.979025 0.000155
3 3 0.000853 0.000208 0.027383 0.971350 0.000205
3 3 0.000547 0.000179 0.030044 0.969066 0.000164
3 3 0.000563 0.000167 0.031160 0.967967 0.000143
3 3 0.000869 0.000148 0.023161 0.975681 0.000141
3 3 0.001483 0.000177 0.020271 0.977882 0.000187
3 3 0.005706 0.000640 0.038586 0.954474 0.000594
3 3 0.005042 0.000560 0.038858 0.955046 0.000495
3 3 0.001273 0.000192 0.026922 0.971439 0.000173
3 3 0.000677 0.000083 0.018998 0.980168 0.000074
3 3 0.000185 0.000024 0.009658 0.990107 0.000025
3 3 0.000387 0.000035 0.009712 0.989829 0.000038
3 3 0.000221 0.000017 0.005395 0.994346 0.000022
3 3 0.000954 0.000050 0.008686 0.990248 0.000061
3 3 0.003612 0.000290 0.026614 0.969216 0.000268
3 3 0.025051 0.005869 0.237089 0.729195 0.002795
2 3 0.044545 0.029090 0.583502 0.333279 0.009584
2 3 0.024119 0.044331 0.775060 0.145436 0.011055
2 3 0.011785 0.043343 0.844499 0.091040 0.009333
2 1 0.016392 0.056868 0.847165 0.068064 0.011511
2 1 0.029893 0.132306 0.789166 0.024858 0.023776
2 1 0.036938 0.191445 0.732160 0.010583 0.028873
2 1 0.045640 0.221667 0.690894 0.008683 0.033116
2 1 0.062344 0.262859 0.625821 0.007802 0.041173
2 1 0.084611 0.294276 0.569979 0.006503 0.044631
2 1 0.126532 0.327792 0.484202 0.006860 0.054613
2 1 0.092146 0.301278 0.550268 0.007319 0.048988
2 1 0.107283 0.314207 0.518815 0.007319 0.052376
2 1 0.112906 0.318273 0.507229 0.007480 0.054112
0 1 0.440481 0.285000 0.192280 0.008937 0.073302
0 1 0.649537 0.177946 0.111161 0.009283 0.052073
0 1 0.789363 0.094491 0.070804 0.012614 0.032727
0 0 0.772313 0.101857 0.079662 0.012526 0.033642
0 0 0.873194 0.056340 0.044743 0.008199 0.017525
0 0 0.878701 0.055538 0.043114 0.006665 0.015982
0 0 0.758051 0.082829 0.127429 0.013864 0.017828
0 0 0.792628 0.089895 0.088025 0.008401 0.021051
0 0 0.839125 0.087817 0.054451 0.002412 0.016195
0 0 0.545392 0.206120 0.200063 0.007847 0.040579
2 0 0.163186 0.204295 0.574111 0.020862 0.037545
2 0 0.113181 0.189381 0.639560 0.022976 0.034902
2 0 0.295757 0.245027 0.380981 0.019989 0.058247
0 0 0.338504 0.292416 0.298864 0.009211 0.061006
1 0 0.224376 0.361997 0.347777 0.005111 0.060739
2 0 0.176706 0.350200 0.404767 0.006565 0.061762
2 0 0.110292 0.296961 0.532034 0.009185 0.051528
2 0 0.129228 0.308476 0.498636 0.008988 0.054671
2 0 0.188446 0.290126 0.457746 0.010512 0.053170
0 0 0.377848 0.271852 0.286626 0.008897 0.054777
0 0 0.372751 0.262609 0.298816 0.010574 0.055249
2 0 0.272557 0.296991 0.366009 0.008765 0.055677
2 0 0.125923 0.325026 0.495709 0.005510 0.047831
2 0 0.083482 0.289457 0.580826 0.005734 0.040501
2 0 0.063783 0.253700 0.636043 0.008058 0.038416
2 0 0.059500 0.239193 0.663724 0.006492 0.031090
2 0 0.255804 0.291898 0.385479 0.010074 0.056745
0 0 0.352229 0.269411 0.299532 0.013750 0.065080
0 0 0.347816 0.306486 0.280251 0.006806 0.058641
2 0 0.137268 0.335745 0.473144 0.005010 0.048833
2 0 0.201024 0.356574 0.372483 0.006238 0.063680
1 0 0.218682 0.357262 0.344821 0.007475 0.071761
2 0 0.182793 0.351298 0.394229 0.007022 0.064658
2 0 0.165734 0.344654 0.414703 0.008206 0.066704
2 0 0.169978 0.346684 0.410252 0.007687 0.065399
2 0 0.157100 0.328897 0.454625 0.006352 0.053026
2 0 0.118886 0.298541 0.530668 0.006833 0.045072
2 0 0.129827 0.263933 0.553685 0.010048 0.042508
2 0 0.086781 0.233257 0.627596 0.013163 0.039204
2 0 0.096759 0.230719 0.617022 0.014806 0.040694
2 0 0.106315 0.260638 0.578488 0.010952 0.043607
2 0 0.106282 0.302752 0.525365 0.009836 0.055764
2 0 0.104640 0.261981 0.576819 0.011466 0.045095
2 0 0.118373 0.268680 0.552751 0.011962 0.048234
2 0 0.286594 0.285921 0.347675 0.013803 0.066007
2 0 0.335743 0.229642 0.347886 0.025471 0.061259
0 0 0.669995 0.113015 0.155930 0.026176 0.034883
0 0 0.766022 0.069135 0.105134 0.034369 0.025340
0 0 0.867541 0.054814 0.045891 0.011964 0.019790
0 0 0.805206 0.095650 0.066255 0.006820 0.026070
0 0 0.589670 0.209474 0.138259 0.008212 0.054385
2 0 0.176237 0.352994 0.414913 0.004446 0.051410
2 1 0.042280 0.208412 0.719678 0.005544 0.024087
2 1 0.025353 0.159622 0.786623 0.008190 0.020211
2 1 0.016584 0.137358 0.816097 0.008320 0.021641
2 1 0.031145 0.204207 0.716999 0.005342 0.042306
2 1 0.059825 0.276200 0.595301 0.003705 0.064968
2 1 0.057901 0.258170 0.635278 0.004996 0.043656
2 1 0.074645 0.298085 0.565090 0.002785 0.059395
2 1 0.044023 0.245586 0.663472 0.003553 0.043366
2 1 0.022789 0.183343 0.750048 0.005503 0.038317
2 1 0.041532 0.249097 0.626223 0.004030 0.079119
2 1 0.072111 0.299740 0.507491 0.002978 0.117680
2 1 0.080596 0.301251 0.514200 0.003869 0.100085
2 1 0.129410 0.340318 0.382872 0.003004 0.144396
2 1 0.079765 0.305229 0.463811 0.003314 0.147880
2 1 0.100696 0.321227 0.416403 0.003345 0.158328
2 1 0.077360 0.282310 0.516712 0.006629 0.116989
2 1 0.087693 0.271671 0.553511 0.006669 0.080456
2 4 0.105807 0.212011 0.608874 0.022390 0.050918
0 4 0.400148 0.179662 0.295603 0.037027 0.087560
0 4 0.609270 0.147381 0.148285 0.022905 0.072159
0 4 0.409017 0.196775 0.191211 0.024238 0.178758
2 4 0.097840 0.286954 0.497997 0.010604 0.106605
2 4 0.070557 0.296204 0.502615 0.002779 0.127845
2 4 0.063033 0.287488 0.469769 0.002497 0.177213
2 4 0.037928 0.231256 0.531261 0.003098 0.196457
2 4 0.088974 0.286902 0.337772 0.003543 0.282809
4 4 0.340251 0.152014 0.101424 0.006880 0.399430
0 4 0.481716 0.125376 0.090708 0.008250 0.293951
0 4 0.529757 0.112909 0.082993 0.007254 0.267087
0 4 0.583150 0.068971 0.060516 0.010930 0.276432
0 4 0.410732 0.134434 0.165510 0.039246 0.250077
0 4 0.425789 0.144133 0.130702 0.020316 0.279061
0 4 0.371910 0.207580 0.137540 0.005777 0.277194
2 4 0.130587 0.340709 0.363512 0.002397 0.162795
2 0 0.065379 0.295969 0.532027 0.001696 0.104929
2 0 0.041342 0.259651 0.606392 0.001461 0.091154
2 0 0.068117 0.296171 0.529092 0.002660 0.103960
2 0 0.090765 0.310752 0.505881 0.005133 0.087469
2 0 0.146755 0.188248 0.591481 0.032402 0.041115
2 0 0.129276 0.146444 0.642969 0.048333 0.032979
2 0 0.044665 0.111748 0.776648 0.044339 0.022599
2 0 0.043890 0.101357 0.769514 0.062061 0.023177
2 0 0.012354 0.064165 0.881656 0.031819 0.010006
2 0 0.039462 0.082753 0.774130 0.083851 0.019805
2 0 0.018668 0.065382 0.841618 0.061308 0.013024
2 0 0.020572 0.059594 0.846214 0.062264 0.011356
2 0 0.020849 0.092493 0.842895 0.028507 0.015256
2 0 0.016107 0.113855 0.846878 0.009722 0.013438
2 0 0.038377 0.186320 0.736750 0.011030 0.027523
2 0 0.139943 0.333178 0.453234 0.008972 0.064675
2 0 0.104335 0.305656 0.531041 0.007866 0.051101
2 0 0.260334 0.296337 0.378137 0.009264 0.055927
2 0 0.302090 0.266884 0.352066 0.016044 0.062916
2 0 0.225072 0.272046 0.411137 0.020479 0.071267
2 0 0.136482 0.343902 0.392205 0.003505 0.123905
2 0 0.124127 0.338546 0.448689 0.003596 0.085042
1 0 0.225960 0.337569 0.290025 0.004790 0.141656
1 0 0.283683 0.293882 0.255588 0.005328 0.161520
0 0 0.527107 0.178063 0.145264 0.011328 0.138239
0 0 0.586289 0.164039 0.113866 0.008259 0.127547
0 1 0.623354 0.149001 0.098131 0.006541 0.122973
1 1 0.294205 0.343226 0.278428 0.003350 0.080791
0 1 0.380517 0.301735 0.242487 0.006447 0.068815
0 1 0.361153 0.314191 0.257013 0.006287 0.061356
0 1 0.455869 0.287353 0.170109 0.006607 0.080062
0 1 0.368847 0.332669 0.219748 0.005485 0.073251
0 1 0.455680 0.297350 0.161923 0.004301 0.080745
1 1 0.278834 0.367438 0.275007 0.003420 0.075302
2 1 0.036226 0.230659 0.671916 0.003752 0.057447
2 1 0.019858 0.141940 0.811330 0.008157 0.018716
2 1 0.027213 0.161875 0.784325 0.007341 0.019246
2 1 0.022898 0.153227 0.789336 0.009304 0.025235
2 2 0.016459 0.119809 0.832528 0.013839 0.017366
2 2 0.017680 0.128985 0.823671 0.011685 0.017979
2 2 0.033779 0.182642 0.752413 0.007797 0.023368
2 2 0.090212 0.277541 0.594240 0.004829 0.033179
2 2 0.209730 0.302942 0.438553 0.005964 0.042811
0 2 0.365729 0.340888 0.220247 0.005040 0.068095
1 2 0.346070 0.357451 0.228518 0.003945 0.064015
1 2 0.261204 0.367952 0.314288 0.003366 0.053189
1 2 0.216176 0.364450 0.347260 0.004054 0.068061
2 2 0.200225 0.352683 0.363783 0.008773 0.074535
1 2 0.267935 0.351708 0.275355 0.011145 0.093856
1 2 0.226173 0.356793 0.331599 0.008189 0.077246
2 2 0.125910 0.336467 0.446920 0.004658 0.086045
2 2 0.090985 0.290799 0.560777 0.007664 0.049776
2 2 0.078771 0.280453 0.582690 0.006718 0.051368
2 2 0.137397 0.336030 0.450478 0.006898 0.069197
1 2 0.218407 0.359094 0.348846 0.006375 0.067279
1 2 0.286025 0.365982 0.285345 0.003856 0.058791
1 2 0.247026 0.364667 0.323377 0.004624 0.060306
2 2 0.103949 0.313254 0.534608 0.004996 0.043192
2 2 0.020924 0.157975 0.798313 0.005395 0.017393
2 2 0.002700 0.046622 0.938927 0.007362 0.004389
2 2 0.001987 0.036274 0.949941 0.008458 0.003341
2 2 0.001687 0.032556 0.956074 0.007003 0.002680
2 2 0.009277 0.089623 0.888481 0.004962 0.007656
2 2 0.009648 0.088993 0.887781 0.005659 0.007919
2 2 0.021519 0.133487 0.821760 0.008140 0.015094
2 2 0.038879 0.185016 0.741605 0.009437 0.025062
2 2 0.020449 0.134291 0.818896 0.009578 0.016786
2 2 0.005914 0.067484 0.908004 0.010877 0.007721
2 2 0.001005 0.022887 0.963420 0.010589 0.002099
2 2 0.000204 0.008605 0.978589 0.011893 0.000709
2 2 0.000101 0.005160 0.985403 0.009007 0.000328
2 2 0.000449 0.012049 0.973874 0.012641 0.000987
2 2 0.002774 0.027593 0.929438 0.036315 0.003880
2 2 0.004196 0.032203 0.918964 0.039906 0.004731
2 2 0.005585 0.031340 0.909177 0.049053 0.004846
2 2 0.002061 0.021000 0.938910 0.035296 0.002733
2 2 0.003614 0.024006 0.905323 0.063081 0.003976
2 2 0.004308 0.024245 0.859883 0.106428 0.005136
2 2 0.005069 0.028179 0.889009 0.072644 0.005098
2 2 0.013470 0.056158 0.871165 0.049166 0.010041
2 2 0.004234 0.039226 0.931322 0.020459 0.004759
2 2 0.002445 0.028191 0.947139 0.019117 0.003107
2 2 0.001410 0.019936 0.953820 0.022616 0.002218
2 2 0.000879 0.013892 0.948953 0.034539 0.001737
2 2 0.000573 0.009763 0.942283 0.046088 0.001293
2 2 0.002121 0.016197 0.913789 0.065370 0.002522
2 3 0.003079 0.015593 0.881997 0.096625 0.002706
2 3 0.004161 0.013787 0.777500 0.201309 0.003243
2 3 0.005987 0.020497 0.799804 0.168801 0.004911
2 3 0.006114 0.018627 0.740411 0.229648 0.005201
2 3 0.006931 0.029639 0.869869 0.087735 0.005827
2 3 0.010223 0.048386 0.896273 0.037690 0.007429
2 2 0.013625 0.053785 0.900888 0.024885 0.006817
2 2 0.108031 0.160582 0.686395 0.019917 0.025075
2 2 0.000925 0.020867 0.958276 0.017601 0.002330
2 2 0.000792 0.019586 0.964026 0.013639 0.001956
2 2 0.001134 0.025215 0.960531 0.010722 0.002398
2 2 0.001612 0.031872 0.954151 0.009363 0.003002
2 2 0.010859 0.097093 0.871851 0.009078 0.011120
2 2 0.024622 0.127532 0.814666 0.015012 0.018168
2 2 0.010066 0.051878 0.887563 0.041943 0.008550
2 2 0.007993 0.036893 0.883976 0.064532 0.006605
2 2 0.002280 0.028356 0.928780 0.036316 0.004268
2 2 0.006053 0.055147 0.912913 0.018786 0.007101
2 2 0.006584 0.045326 0.918351 0.023919 0.005819
2 2 0.006982 0.052529 0.915460 0.018613 0.006415
2 2 0.003596 0.045731 0.933435 0.012375 0.004863
2 2 0.002742 0.041261 0.942379 0.009644 0.003974
2 2 0.004090 0.044663 0.934358 0.012284 0.004605
2 2 0.011189 0.076203 0.892518 0.011745 0.008344
2 2 0.023789 0.129983 0.819139 0.010911 0.016178
2 2 0.057565 0.218118 0.687517 0.008036 0.028765
2 2 0.060321 0.229733 0.676620 0.005952 0.027374
2 2 0.027048 0.157778 0.792670 0.005925 0.016580
2 2 0.009138 0.088958 0.888454 0.005491 0.007958
2 2 0.007643 0.077640 0.898422 0.008290 0.008005
2 2 0.005497 0.063837 0.915324 0.008839 0.006504
2 2 0.013208 0.108227 0.860175 0.007086 0.011304
2 2 0.055118 0.238129 0.674637 0.004812 0.027304
2 2 0.078439 0.263952 0.621231 0.005016 0.031362
2 2 0.137668 0.317171 0.494143 0.005734 0.045284
2 2 0.202335 0.346143 0.384776 0.006514 0.060232
2 2 0.178980 0.355017 0.414995 0.003675 0.047334
2 2 0.053962 0.229924 0.684201 0.005265 0.026647
2 2 0.001183 0.023677 0.966131 0.007248 0.001761
2 2 0.004829 0.054169 0.927883 0.008190 0.004929
2 2 0.009862 0.087127 0.887413 0.007165 0.008432
2 2 0.122737 0.221733 0.613099 0.010758 0.031673
0 2 0.358848 0.302484 0.272910 0.006947 0.058810
1 2 0.217150 0.362323 0.359963 0.004443 0.056121
2 2 0.015173 0.113390 0.855212 0.005657 0.010569
2 2 0.002787 0.046431 0.939399 0.007138 0.004245
2 2 0.000468 0.015783 0.971910 0.010410 0.001429
2 2 0.000174 0.008518 0.982238 0.008441 0.000629
2 2 0.000407 0.014257 0.974746 0.009391 0.001198
2 2 0.000294 0.010541 0.976156 0.012115 0.000893
2 2 0.000824 0.018801 0.960291 0.018037 0.002046
2 2 0.002144 0.035405 0.942583 0.015713 0.004155
2 2 0.009954 0.086308 0.880253 0.012678 0.010807
2 2 0.065221 0.169530 0.731136 0.011921 0.022193
2 2 0.326535 0.274030 0.338900 0.009623 0.050912
1 2 0.251507 0.367898 0.325498 0.003289 0.051808
2 2 0.109532 0.319413 0.534346 0.002834 0.033875
2 2 0.057308 0.262137 0.632855 0.005994 0.041706
2 2 0.044384 0.216813 0.701184 0.007636 0.029983
2 2 0.077869 0.283451 0.592786 0.005925 0.039968
2 2 0.169322 0.350583 0.427942 0.004035 0.048118
2 2 0.157595 0.334115 0.458782 0.004337 0.045170
2 2 0.173524 0.344021 0.428695 0.004536 0.049223
2 2 0.164712 0.350247 0.436812 0.003511 0.044718
2 1 0.210069 0.362289 0.372018 0.003851 0.051773
2 1 0.109870 0.317349 0.519569 0.005789 0.047422
2 1 0.098304 0.307445 0.540401 0.006426 0.047424
2 1 0.076740 0.285048 0.589688 0.006377 0.042148
2 2 0.052224 0.226800 0.684433 0.006855 0.029688
2 2 0.042646 0.204950 0.725469 0.004946 0.021989
2 2 0.022310 0.145273 0.812934 0.005233 0.014250
2 2 0.034226 0.178473 0.761793 0.005957 0.019552
2 2 0.116375 0.303110 0.535982 0.004915 0.039618
2 2 0.197932 0.340811 0.405737 0.004846 0.050673
0 2 0.317331 0.308959 0.315457 0.005899 0.052355
2 2 0.267980 0.309852 0.370369 0.005282 0.046517
0 2 0.367907 0.295770 0.273264 0.006813 0.056246
0 0 0.626401 0.163054 0.116582 0.024030 0.069932
0 0 0.818679 0.080793 0.061846 0.011363 0.027319
0 0 0.870122 0.044651 0.041687 0.018020 0.025521
0 0 0.937454 0.016788 0.018980 0.016944 0.009834
0 0 0.942778 0.013087 0.015839 0.021139 0.007157
0 0 0.971443 0.004688 0.006683 0.014598 0.002588
0 0 0.961819 0.005255 0.007698 0.021896 0.003332
0 0 0.972558 0.007640 0.009092 0.007648 0.003063
0 0 0.972127 0.007887 0.009310 0.007545 0.003131
0 0 0.931584 0.029569 0.025348 0.005129 0.008370
0 0 0.865148 0.057662 0.046998 0.010511 0.019680
0 0 0.806697 0.086714 0.065564 0.011647 0.029378
0 0 0.762369 0.111899 0.079181 0.010737 0.035814
0 0 0.521540 0.253740 0.158469 0.006577 0.059675
1 0 0.249239 0.365237 0.321980 0.004401 0.059143
0 0 0.491432 0.265214 0.179073 0.006277 0.058004
0 0 0.688469 0.151619 0.107424 0.009541 0.042947
0 0 0.738253 0.123063 0.086266 0.011839 0.040579
0 0 0.764785 0.106178 0.078187 0.013507 0.037343
0 0 0.764239 0.104445 0.083477 0.013184 0.034656
0 0 0.793637 0.090662 0.069114 0.013276 0.033310
0 0 0.860044 0.042545 0.042398 0.031829 0.023184
0 0 0.825317 0.055807 0.053136 0.035155 0.030585
0 0 0.845059 0.050142 0.047133 0.021571 0.036095
0 0 0.807825 0.065176 0.056446 0.015247 0.055306
0 0 0.777130 0.090300 0.067859 0.008825 0.055886
0 0 0.649726 0.165608 0.101257 0.005106 0.078304
1 0 0.288846 0.326098 0.316363 0.005082 0.063612
0 0 0.376045 0.307454 0.258180 0.005038 0.053283
0 0 0.357532 0.326499 0.256797 0.004368 0.054804
0 0 0.407065 0.311310 0.217207 0.005004 0.059414
1 0 0.282681 0.346689 0.299244 0.005342 0.066043
1 0 0.239279 0.352952 0.330444 0.006146 0.071178
1 0 0.256603 0.354125 0.288318 0.005941 0.095013
1 0 0.314901 0.330813 0.265413 0.005317 0.083557
1 0 0.301687 0.326956 0.248985 0.004483 0.117889
1 0 0.256934 0.341725 0.279981 0.004237 0.117123
0 0 0.339394 0.331836 0.246407 0.004661 0.077702
1 0 0.325370 0.333375 0.265932 0.005492 0.069832
0 0 0.456730 0.288772 0.186446 0.005846 0.062206
0 0 0.384464 0.310787 0.243406 0.005105 0.056238
0 0 0.529076 0.240285 0.175722 0.005847 0.049070
0 0 0.465100 0.265624 0.212171 0.005891 0.051213
0 0 0.534426 0.228693 0.177958 0.007614 0.051308
0 0 0.596566 0.202662 0.146674 0.007158 0.046939
0 0 0.549393 0.222858 0.170275 0.007409 0.050066
0 0 0.486896 0.244997 0.205194 0.008344 0.054569
0 0 0.354330 0.298186 0.267985 0.007712 0.071788
0 0 0.320008 0.317645 0.268130 0.005796 0.088422
1 0 0.212807 0.364035 0.352671 0.004022 0.066464
2 0 0.198486 0.360929 0.362536 0.004470 0.073580
0 0 0.545918 0.201685 0.180421 0.014504 0.057472
0 0 0.681010 0.145960 0.112757 0.013611 0.046662
0 0 0.710471 0.131477 0.094013 0.015770 0.048268
0 0 0.696350 0.147465 0.098373 0.011075 0.046737
0 0 0.602714 0.162500 0.109648 0.010864 0.114275
0 0 0.776031 0.084061 0.065638 0.009945 0.064325
0 0 0.876427 0.044805 0.038892 0.007986 0.031890
0 0 0.900281 0.040158 0.035189 0.010188 0.014184
0 0 0.944000 0.020785 0.020190 0.007777 0.007248
0 0 0.963375 0.014070 0.013830 0.004509 0.004215
0 0 0.947557 0.022136 0.019760 0.004395 0.006152
0 0 0.931245 0.030172 0.025525 0.004773 0.008286
0 0 0.871608 0.060103 0.045459 0.006187 0.016644
0 0 0.650828 0.178230 0.122654 0.006543 0.041744
0 0 0.735190 0.132783 0.087033 0.007877 0.037118
0 0 0.794441 0.094152 0.069439 0.011017 0.030950
0 0 0.797686 0.084254 0.065382 0.011761 0.040917
0 0 0.798202 0.084825 0.065209 0.010931 0.040832
0 0 0.755568 0.099487 0.076032 0.013440 0.055473
0 1 0.624512 0.186476 0.118203 0.011506 0.059303
0 1 0.600673 0.211023 0.123605 0.007686 0.057013
0 1 0.578037 0.229933 0.128579 0.006253 0.057197
0 1 0.546013 0.252148 0.135985 0.005634 0.060221
0 1 0.522036 0.274049 0.140254 0.004370 0.059292
0 1 0.443051 0.310587 0.164248 0.006063 0.076051
0 1 0.383827 0.326712 0.215078 0.005733 0.068650
0 1 0.366939 0.321068 0.245544 0.005494 0.060955
0 1 0.456595 0.294150 0.185347 0.004895 0.059012
0 1 0.399387 0.332335 0.210000 0.003303 0.054976
1 1 0.326720 0.364708 0.252028 0.002839 0.053705
2 1 0.027590 0.172597 0.776783 0.004962 0.018067
2 2 0.031365 0.179247 0.764759 0.005339 0.019290
2 2 0.023020 0.148928 0.807196 0.005596 0.015260
2 2 0.055163 0.239697 0.675798 0.003999 0.025343
2 2 0.007234 0.079961 0.902448 0.004124 0.006234
2 2 0.005019 0.063947 0.921638 0.004477 0.004919
2 2 0.007279 0.077211 0.902793 0.005855 0.006861
2 2 0.010524 0.093015 0.880475 0.006870 0.009115
2 2 0.013089 0.104964 0.865507 0.006302 0.010138
2 2 0.028508 0.166185 0.785050 0.004468 0.015788
2 2 0.007957 0.080517 0.901718 0.003878 0.005929
2 2 0.004973 0.062033 0.925090 0.003652 0.004252
2 2 0.008443 0.082840 0.898948 0.003749 0.006019
2 2 0.033343 0.176877 0.770276 0.003805 0.015698
2 2 0.026613 0.153391 0.797108 0.006456 0.016432
2 2 0.005000 0.058891 0.923519 0.007278 0.005313
2 2 0.003032 0.044059 0.938518 0.010007 0.004383
2 2 0.000700 0.018656 0.970183 0.008920 0.001542
2 2 0.001961 0.035694 0.951679 0.007569 0.003098
2 2 0.001165 0.026451 0.961927 0.008178 0.002279
2 2 0.001007 0.023210 0.960901 0.012554 0.002328
2 2 0.002145 0.036747 0.942939 0.013967 0.004201
2 2 0.001433 0.028480 0.957566 0.009889 0.002631
2 2 0.009967 0.075996 0.898614 0.008287 0.007136
2 0 0.025832 0.085204 0.853336 0.024128 0.011500
2 0 0.037631 0.066375 0.824761 0.059543 0.011689
2 0 0.044239 0.069768 0.807236 0.065637 0.013120
2 0 0.038694 0.069573 0.824953 0.054596 0.012184
2 2 0.006489 0.032200 0.914866 0.041908 0.004537
2 2 0.005743 0.029384 0.905133 0.055097 0.004642
2 2 0.000418 0.006064 0.942950 0.049876 0.000692
2 3 0.000702 0.005314 0.855276 0.137830 0.000878
2 3 0.002478 0.012338 0.872501 0.110567 0.002116
2 3 0.001672 0.006690 0.732494 0.257596 0.001548
2 3 0.001844 0.005556 0.652297 0.338898 0.001405
3 3 0.001130 0.002728 0.485405 0.509925 0.000812
3 3 0.001102 0.001583 0.259546 0.737086 0.000683
3 3 0.001766 0.001819 0.252441 0.743182 0.000792
3 3 0.003641 0.003344 0.323119 0.668554 0.001342
3 3 0.003834 0.003410 0.310586 0.680776 0.001394
3 3 0.002325 0.001920 0.211887 0.782939 0.000928
3 3 0.003173 0.002075 0.190754 0.802925 0.001073
3 3 0.002991 0.001333 0.105814 0.888955 0.000907
3 3 0.002886 0.001286 0.086957 0.907879 0.000992
3 3 0.001689 0.000831 0.065220 0.931543 0.000718
3 3 0.000703 0.000466 0.074641 0.923865 0.000326
3 3 0.000451 0.000371 0.082071 0.916870 0.000237
3 3 0.000797 0.000463 0.068436 0.929968 0.000336
3 3 0.003242 0.001313 0.090061 0.904428 0.000956
3 3 0.001187 0.000370 0.038519 0.959581 0.000344
3 3 0.001974 0.000562 0.043192 0.953737 0.000534
3 3 0.002684 0.000520 0.037247 0.959038 0.000511
3 3 0.001180 0.000251 0.025208 0.973088 0.000273
3 3 0.000654 0.000172 0.025050 0.973950 0.000174
3 3 0.000443 0.000138 0.028048 0.971249 0.000122
3 3 0.000570 0.000122 0.022223 0.976969 0.000117
3 3 0.001097 0.000233 0.028675 0.969771 0.000224
3 3 0.002775 0.000411 0.034832 0.961604 0.000378
3 3 0.001511 0.000197 0.021635 0.976450 0.000207
3 3 0.002441 0.000504 0.037843 0.958723 0.000489
3 3 0.000685 0.000121 0.018426 0.980636 0.000131
3 3 0.000724 0.000170 0.024289 0.974644 0.000172
3 3 0.000326 0.000048 0.012601 0.986973 0.000052
3 3 0.000129 0.000021 0.009243 0.990583 0.000023
3 3 0.000131 0.000015 0.006723 0.993113 0.000018
3 3 0.001939 0.000194 0.021155 0.976513 0.000199
3 3 0.005585 0.000532 0.032168 0.961191 0.000525
3 3 0.004073 0.000476 0.036656 0.958372 0.000423
3 3 0.003725 0.000659 0.045258 0.949773 0.000585
3 3 0.003336 0.000635 0.047401 0.948084 0.000544
3 3 0.002470 0.000463 0.036917 0.959710 0.000440
3 3 0.001926 0.000254 0.027830 0.969754 0.000236
3 3 0.004603 0.000554 0.041490 0.952884 0.000469
3 3 0.005668 0.000585 0.036442 0.956760 0.000546
3 3 0.004056 0.000408 0.032186 0.962977 0.000374
3 3 0.005125 0.000493 0.044322 0.949692 0.000368
3 3 0.006554 0.000861 0.069283 0.922746 0.000557
3 3 0.002363 0.000612 0.079458 0.917211 0.000356
3 3 0.000664 0.000144 0.031258 0.967823 0.000111
3 3 0.000257 0.000037 0.013483 0.986188 0.000034
3 3 0.000970 0.000145 0.027006 0.971760 0.000119
3 3 0.001531 0.000193 0.025877 0.972225 0.000174
3 3 0.001091 0.000165 0.022178 0.976400 0.000166
3 3 0.000519 0.000068 0.012551 0.986784 0.000079
3 3 0.000909 0.000087 0.011787 0.987108 0.000109
3 3 0.000959 0.000204 0.023963 0.974658 0.000217
3 3 0.001339 0.000245 0.026451 0.971717 0.000248
3 3 0.002109 0.000314 0.029754 0.967520 0.000302
3 3 0.000814 0.000124 0.016832 0.982086 0.000143
3 3 0.001463 0.000197 0.020911 0.977214 0.000215
3 3 0.000574 0.000130 0.018788 0.980360 0.000148
3 3 0.001072 0.000208 0.024235 0.974267 0.000217
3 3 0.001235 0.000191 0.027197 0.971208 0.000170
3 3 0.004797 0.000601 0.046916 0.947210 0.000476
3 3 0.020180 0.001996 0.084209 0.892265 0.001350
3 3 0.180223 0.021568 0.215261 0.570696 0.012252
2 3 0.037135 0.020612 0.526283 0.408923 0.007048
2 2 0.018812 0.023769 0.672809 0.277671 0.006939
2 2 0.030030 0.043755 0.714135 0.199301 0.012779
2 2 0.005172 0.018381 0.686564 0.283865 0.006019
2 2 0.001279 0.012429 0.810556 0.172637 0.003099
2 2 0.000851 0.012050 0.879465 0.105248 0.002387
2 2 0.001313 0.016030 0.893140 0.086465 0.003052
2 2 0.002188 0.023581 0.910283 0.059829 0.004119
2 2 0.004262 0.048806 0.914347 0.025362 0.007223
2 2 0.002505 0.036254 0.930714 0.025383 0.005144
2 2 0.000876 0.018715 0.927719 0.049456 0.003234
2 2 0.002288 0.037771 0.922441 0.031179 0.006322
2 2 0.013056 0.112511 0.841581 0.015287 0.017565
2 2 0.082550 0.290308 0.563841 0.009801 0.053500
2 2 0.149176 0.333683 0.425848 0.012807 0.078486
2 1 0.164921 0.337416 0.395695 0.014680 0.087288
1 1 0.207065 0.314446 0.265796 0.016135 0.196557
2 1 0.110040 0.278404 0.402963 0.010209 0.198385
2 1 0.113687 0.305851 0.320845 0.005450 0.254167
2 1 0.090286 0.265061 0.331899 0.012512 0.300243
2 1 0.086767 0.298641 0.425449 0.007586 0.181557
2 0 0.078894 0.298568 0.495600 0.006221 0.120717
2 0 0.258675 0.280808 0.298185 0.017495 0.144838
0 0 0.432843 0.227761 0.175199 0.014735 0.149462
0 0 0.467115 0.095362 0.076258 0.010395 0.350870
0 0 0.663392 0.073914 0.061471 0.008422 0.192801
0 0 0.683372 0.086350 0.064429 0.004660 0.161189
0 0 0.586099 0.094462 0.076909 0.012495 0.230036
0 0 0.715640 0.080465 0.067925 0.014311 0.121659
0 0 0.824040 0.053900 0.049512 0.016586 0.055963
0 0 0.751874 0.097018 0.076034 0.015552 0.059522
0 0 0.637970 0.150760 0.119559 0.025501 0.066210
0 0 0.512986 0.196185 0.143459 0.018979 0.128390
2 0 0.191033 0.293173 0.394515 0.011525 0.109754
2 0 0.135341 0.335582 0.358050 0.004237 0.166791
2 0 0.146641 0.321801 0.344261 0.007280 0.180017
1 2 0.179686 0.318064 0.288254 0.003850 0.210145
0 4 0.333562 0.189473 0.166338 0.015512 0.295114
0 4 0.507261 0.105956 0.098969 0.026421 0.261393
0 4 0.630747 0.053719 0.056137 0.033242 0.226154
0 4 0.772174 0.023786 0.029365 0.024375 0.150300
0 4 0.760406 0.019114 0.025016 0.023776 0.171687
0 4 0.701757 0.018041 0.024152 0.023339 0.232711
0 4 0.621492 0.032007 0.038064 0.029917 0.278520
0 4 0.474079 0.090191 0.094478 0.041791 0.299461
1 4 0.170847 0.281872 0.276992 0.007140 0.263149
2 4 0.128879 0.335130 0.403906 0.005381 0.126705
1 4 0.210902 0.352956 0.274922 0.003893 0.157327
1 4 0.234832 0.356169 0.246535 0.002645 0.159820
0 4 0.317361 0.316553 0.196131 0.002699 0.167256
0 4 0.477982 0.218671 0.127415 0.005346 0.170585
0 4 0.378319 0.240071 0.179657 0.008934 0.193018
1 4 0.241446 0.294746 0.275314 0.011443 0.177051
2 4 0.123409 0.312457 0.439781 0.009036 0.115317
2 4 0.140041 0.340232 0.444429 0.005482 0.069817
2 4 0.150456 0.348372 0.413537 0.004387 0.083247
2 1 0.139011 0.342794 0.409506 0.004694 0.103993
2 1 0.119364 0.334986 0.456509 0.003858 0.085284
2 1 0.158341 0.355835 0.381745 0.002922 0.101157
2 1 0.148852 0.353816 0.410138 0.002648 0.084545
2 1 0.123003 0.330713 0.493191 0.004030 0.049063
2 1 0.125274 0.328886 0.494941 0.004818 0.046081
2 0 0.142441 0.336097 0.455209 0.007252 0.059001
2 0 0.156461 0.341983 0.432706 0.007306 0.061545
2 0 0.204281 0.337145 0.388855 0.007475 0.062243
2 0 0.145607 0.345709 0.427869 0.004511 0.076304
2 0 0.102570 0.321822 0.503835 0.003873 0.067899
2 0 0.062317 0.281511 0.599049 0.002809 0.054313
2 0 0.050703 0.263960 0.626758 0.002990 0.055589
2 0 0.070521 0.284745 0.590645 0.004698 0.049392
2 0 0.012426 0.111254 0.857208 0.007007 0.012105
2 0 0.065991 0.249257 0.643906 0.006907 0.033940
2 0 0.027342 0.131824 0.812827 0.011530 0.016477
2 0 0.082603 0.110476 0.725016 0.058390 0.023516
0 0 0.401591 0.284127 0.237155 0.009689 0.067438
0 0 0.390504 0.331058 0.173726 0.008604 0.096108
1 0 0.229746 0.282569 0.187797 0.053000 0.246889
4 0 0.180129 0.247392 0.178974 0.096471 0.297033
4 0 0.191764 0.224704 0.166161 0.084148 0.333224
4 0 0.194088 0.223459 0.166064 0.086675 0.329714
4 0 0.168964 0.243241 0.171176 0.069027 0.347592
4 1 0.186447 0.260178 0.167982 0.032496 0.352897
1 1 0.208002 0.308524 0.193135 0.005668 0.284671
2 1 0.167005 0.351378 0.381846 0.005405 0.094367
2 1 0.102444 0.329020 0.453721 0.002545 0.112270
2 1 0.072064 0.293459 0.567294 0.003535 0.063649
2 1 0.057080 0.271723 0.605938 0.004158 0.061100
2 1 0.058412 0.270661 0.611057 0.004778 0.055092
2 1 0.087002 0.302660 0.544959 0.005678 0.059701
2 1 0.183528 0.356437 0.367288 0.005103 0.087644
1 1 0.254096 0.364929 0.303283 0.004664 0.073029
0 1 0.399907 0.327579 0.191075 0.005145 0.076294
1 1 0.321608 0.357131 0.242610 0.005571 0.073080
1 1 0.274831 0.364752 0.293253 0.004565 0.062599
2 1 0.134540 0.342023 0.445277 0.003973 0.074186
2 1 0.091437 0.314770 0.523471 0.003212 0.067109
2 1 0.085296 0.292094 0.578618 0.005115 0.038878
2 1 0.132516 0.332189 0.477382 0.005918 0.051995
2 1 0.184884 0.352073 0.391954 0.006853 0.064235
2 1 0.085439 0.297512 0.550744 0.007595 0.058709
2 1 0.051769 0.259032 0.549819 0.010655 0.128724
2 1 0.009502 0.109082 0.823357 0.023325 0.034734
2 1 0.003864 0.060481 0.873392 0.044736 0.017528
2 2 0.002544 0.047324 0.906428 0.033320 0.010385
2 2 0.002544 0.047783 0.919124 0.021217 0.009332
2 2 0.004978 0.066214 0.894261 0.023174 0.011373
2 2 0.050207 0.234518 0.666397 0.010032 0.038846
2 2 0.099600 0.301783 0.537071 0.008734 0.052812
2 2 0.085070 0.284765 0.574424 0.008511 0.047231
2 2 0.023323 0.162537 0.784569 0.008110 0.021461
2 2 0.002980 0.051178 0.927832 0.011777 0.006233
2 2 0.000486 0.018635 0.967786 0.010636 0.002456
2 2 0.000635 0.021207 0.966497 0.009306 0.002355
2 2 0.002703 0.049473 0.931222 0.009435 0.007167
2 2 0.033293 0.164216 0.741587 0.026458 0.034446
2 2 0.003752 0.047765 0.921942 0.020038 0.006502
2 2 0.005193 0.058806 0.912506 0.015948 0.007547
2 2 0.002613 0.043297 0.938625 0.010814 0.004651
2 2 0.002690 0.045249 0.938611 0.008901 0.004549
2 2 0.001339 0.029616 0.960513 0.006203 0.002330
2 2 0.000637 0.018936 0.974509 0.004698 0.001218
2 2 0.000834 0.021852 0.971106 0.004775 0.001433
2 2 0.000759 0.020678 0.972049 0.005124 0.001390
2 2 0.000722 0.020645 0.973453 0.003931 0.001249
2 2 0.000664 0.018074 0.975930 0.004274 0.001058
2 2 0.000888 0.020775 0.970600 0.006284 0.001453
2 2 0.001329 0.025867 0.964368 0.006552 0.001884
2 2 0.004233 0.048961 0.928977 0.012605 0.005225
2 2 0.011544 0.089528 0.868769 0.017424 0.012735
2 2 0.013346 0.096825 0.863931 0.013509 0.012390
2 2 0.015801 0.106615 0.852981 0.011605 0.012999
2 2 0.033531 0.178502 0.755399 0.008827 0.023740
2 2 0.004470 0.058311 0.919976 0.010729 0.006514
2 2 0.004077 0.054009 0.921397 0.013896 0.006621
2 2 0.004135 0.056445 0.911712 0.019208 0.008500
2 2 0.001133 0.026624 0.956394 0.012962 0.002887
2 2 0.003553 0.053475 0.924257 0.011341 0.007375
2 2 0.005853 0.073388 0.904363 0.007033 0.009363
2 2 0.013657 0.121963 0.838903 0.005459 0.020018
2 2 0.014785 0.121592 0.838247 0.008116 0.017260
2 2 0.027332 0.171285 0.756716 0.010919 0.033747
2 2 0.021507 0.143315 0.789103 0.018226 0.027849
2 2 0.024365 0.142658 0.782308 0.023374 0.027294
2 2 0.045941 0.175817 0.711897 0.029085 0.037260
2 2 0.000386 0.013805 0.961599 0.022472 0.001739
2 2 0.000233 0.009903 0.971523 0.017310 0.001030
2 2 0.000293 0.011907 0.976875 0.009915 0.001010
2 2 0.000469 0.015108 0.977428 0.005973 0.001023
2 2 0.002180 0.035191 0.949418 0.009918 0.003294
2 2 0.008236 0.068581 0.897625 0.016883 0.008675
2 2 0.022888 0.115360 0.822222 0.021642 0.017889
2 2 0.113408 0.199337 0.614917 0.029937 0.042400
2 2 0.092713 0.260499 0.588027 0.012693 0.046068
2 1 0.085694 0.269329 0.584232 0.011820 0.048926
2 1 0.051031 0.220668 0.671078 0.015342 0.041881
2 1 0.012076 0.105929 0.839155 0.023142 0.019696
2 1 0.003723 0.050758 0.895954 0.039451 0.010113
2 1 0.000867 0.020492 0.938319 0.037019 0.003303
2 2 0.001211 0.025279 0.926299 0.042664 0.004548
2 2 0.001802 0.033420 0.944492 0.016230 0.004057
2 2 0.004490 0.058791 0.915834 0.013526 0.007359
2 2 0.006582 0.076936 0.898577 0.009185 0.008720
2 2 0.003539 0.053128 0.927825 0.009770 0.005738
2 2 0.003501 0.054056 0.929072 0.007967 0.005404
2 2 0.019004 0.133234 0.818387 0.011143 0.018231
2 2 0.062309 0.239719 0.637781 0.014474 0.045717
2 2 0.124450 0.324494 0.479624 0.009208 0.062223
2 2 0.144467 0.334137 0.441577 0.010201 0.069619
2 2 0.159755 0.346241 0.424786 0.005990 0.063227
1 1 0.243508 0.362898 0.314279 0.005454 0.073861
0 0 0.480155 0.278397 0.153702 0.008596 0.079151
0 0 0.668091 0.175745 0.105263 0.006411 0.044491
0 0 0.603396 0.184208 0.137392 0.014908 0.060097
0 0 0.851744 0.062791 0.051102 0.012023 0.022340
2 0 0.162847 0.349123 0.438082 0.003795 0.046153
1 1 0.230793 0.363163 0.341291 0.004841 0.059913
2 1 0.178730 0.351427 0.403788 0.006098 0.059957
2 1 0.121693 0.325030 0.494174 0.006552 0.052550
2 1 0.025551 0.168552 0.770683 0.007824 0.027390
2 1 0.012967 0.115991 0.843317 0.010322 0.017402
2 1 0.023531 0.174407 0.758996 0.007951 0.035115
2 1 0.030569 0.202194 0.707893 0.011186 0.048157
2 1 0.041519 0.232349 0.660694 0.010335 0.055102
2 1 0.077515 0.293439 0.499599 0.008545 0.120903
2 1 0.093489 0.314004 0.452725 0.004763 0.135019
2 1 0.102958 0.317329 0.425406 0.005883 0.148423
2 1 0.097575 0.319621 0.467066 0.004207 0.111531
2 1 0.090238 0.312468 0.490899 0.004647 0.101749
1 1 0.174749 0.343043 0.323662 0.007218 0.151328
1 1 0.199008 0.354769 0.335353 0.006730 0.104139
0 1 0.360392 0.297326 0.198180 0.007672 0.136430
1 1 0.256014 0.312544 0.248647 0.010370 0.172425
0 1 0.463376 0.172641 0.125152 0.022034 0.216798
4 4 0.271932 0.210395 0.183993 0.025407 0.308273
0 4 0.309524 0.099610 0.149453 0.213039 0.228374
3 4 0.163070 0.071270 0.216956 0.444180 0.104524
2 4 0.041481 0.079723 0.612499 0.212101 0.054195
2 4 0.128864 0.206666 0.443440 0.034377 0.186653
0 4 0.446942 0.195946 0.134080 0.012680 0.210352
0 4 0.401305 0.176878 0.124428 0.017249 0.280141
0 4 0.470633 0.173891 0.119832 0.013462 0.222182
0 4 0.473892 0.135775 0.117633 0.024430 0.248271
0 4 0.439529 0.109086 0.176788 0.064242 0.210355
0 4 0.414180 0.104264 0.143172 0.042447 0.295937
0 4 0.728108 0.057224 0.057142 0.030253 0.127273
0 4 0.762830 0.075014 0.066971 0.026684 0.068500
0 4 0.754711 0.080536 0.064445 0.009646 0.090662
0 4 0.723790 0.077603 0.061083 0.006401 0.131123
0 4 0.463332 0.106480 0.104699 0.025357 0.300132
0 4 0.372833 0.119542 0.169629 0.041473 0.296523
0 4 0.390530 0.113959 0.187647 0.086454 0.221410
2 4 0.148025 0.195125 0.384754 0.026608 0.245488
4 4 0.151328 0.183563 0.231133 0.019062 0.414914
4 4 0.147135 0.193466 0.207697 0.010935 0.440766
4 4 0.308478 0.126988 0.155551 0.036918 0.372065
0 4 0.457417 0.108567 0.127810 0.042650 0.263557
0 4 0.693453 0.062612 0.062285 0.034931 0.146719
0 4 0.751763 0.043410 0.048315 0.046274 0.110238
0 4 0.787731 0.032652 0.041143 0.062890 0.075584
0 4 0.673939 0.028617 0.044273 0.151876 0.101295
0 4 0.785128 0.029897 0.036452 0.045167 0.103355
0 4 0.671455 0.063857 0.066134 0.050838 0.147716
0 4 0.747244 0.052168 0.054311 0.038669 0.107608
0 4 0.748596 0.047049 0.049099 0.028198 0.127058
0 4 0.681186 0.077486 0.070334 0.024675 0.146319
0 4 0.527450 0.145494 0.118621 0.015154 0.193281
0 4 0.580799 0.121019 0.102968 0.016510 0.178704
2 4 0.152656 0.173344 0.476678 0.052709 0.144613
2 4 0.026081 0.075412 0.690242 0.170575 0.037691
2 4 0.024172 0.067065 0.638994 0.230695 0.039074
2 4 0.009587 0.044920 0.703459 0.224038 0.017995
2 4 0.066733 0.160837 0.588912 0.057129 0.126389
2 4 0.103018 0.247334 0.433213 0.022873 0.193561
2 4 0.111118 0.299228 0.421954 0.011405 0.156294
2 4 0.150138 0.196376 0.540103 0.040603 0.072781
2 4 0.046341 0.214861 0.662943 0.015721 0.060134
2 4 0.046587 0.230256 0.654650 0.012539 0.055967
2 4 0.066040 0.283422 0.573592 0.005194 0.071751
2 4 0.092087 0.306162 0.514938 0.008006 0.078807
2 4 0.116664 0.319489 0.493914 0.009264 0.060669
2 4 0.172319 0.350257 0.386921 0.006711 0.083793
2 1 0.073949 0.286899 0.555092 0.008944 0.075116
2 1 0.065789 0.271187 0.599708 0.008744 0.054572
2 1 0.015363 0.118563 0.821339 0.022613 0.022122
2 1 0.010711 0.088880 0.856506 0.027737 0.016165
2 1 0.009031 0.071528 0.866950 0.038898 0.013592
2 1 0.015538 0.068754 0.860608 0.042840 0.012260
2 1 0.015504 0.074874 0.866910 0.030636 0.012075
2 2 0.037239 0.196248 0.736086 0.006485 0.023942
2 2 0.012155 0.103109 0.863402 0.009270 0.012064
2 2 0.008743 0.088895 0.880023 0.011112 0.011227
2 2 0.043623 0.226835 0.663044 0.010656 0.055842
2 2 0.064296 0.253134 0.624840 0.011747 0.045982
2 2 0.084723 0.291326 0.571598 0.007034 0.045318
2 2 0.059676 0.260055 0.640940 0.005372 0.033956
2 2 0.048724 0.236747 0.679582 0.005378 0.029569
2 2 0.057997 0.264301 0.623257 0.006643 0.047801
2 2 0.029708 0.188385 0.730566 0.012312 0.039030
2 2 0.060038 0.274727 0.569467 0.006757 0.089012
2 2 0.043083 0.241819 0.644857 0.008309 0.061932
2 2 0.036493 0.224723 0.667416 0.010492 0.060876
2 2 0.047761 0.246720 0.634553 0.010863 0.060103
2 2 0.022485 0.167591 0.770485 0.009035 0.030403
2 2 0.010815 0.107592 0.854027 0.012105 0.015460
2 1 0.009785 0.073051 0.888696 0.018558 0.009911
2 1 0.003247 0.046259 0.927792 0.016759 0.005944
2 1 0.002655 0.043754 0.915715 0.030199 0.007677
2 1 0.002137 0.038521 0.915395 0.036676 0.007271
2 1 0.002250 0.038595 0.930125 0.023287 0.005743
2 1 0.019543 0.134944 0.810159 0.014424 0.020930
