4 0 0.139828 0.254122 0.096952 0.000667 0.508432
4 0 0.175358 0.179375 0.059451 0.001120 0.584697
4 0 0.280095 0.189840 0.057659 0.001396 0.471010
4 0 0.233776 0.173154 0.054349 0.001493 0.537229
4 0 0.364453 0.196977 0.053485 0.001035 0.384049
0 0 0.391511 0.201989 0.044913 0.000507 0.361080
0 0 0.487509 0.209783 0.041252 0.000326 0.261129
0 0 0.599981 0.213439 0.042295 0.000293 0.143992
0 0 0.649408 0.199839 0.032784 0.000145 0.117824
0 0 0.633166 0.200177 0.031966 0.000138 0.134554
0 0 0.567795 0.204637 0.034095 0.000175 0.193297
0 0 0.599218 0.202509 0.032616 0.000150 0.165507
0 0 0.573255 0.201978 0.032103 0.000149 0.192514
0 0 0.591816 0.211190 0.039763 0.000252 0.156978
0 0 0.506423 0.226795 0.057312 0.000729 0.208741
0 0 0.387539 0.214415 0.058329 0.000994 0.338723
4 0 0.182429 0.150210 0.048621 0.001530 0.617211
4 0 0.033237 0.061145 0.020705 0.000487 0.884425
4 0 0.011266 0.052350 0.022184 0.000160 0.914039
4 0 0.009687 0.051659 0.019297 0.000105 0.919252
4 0 0.009687 0.051659 0.019297 0.000105 0.919252
4 0 0.009687 0.051659 0.019297 0.000105 0.919252
4 0 0.009687 0.051659 0.019297 0.000105 0.919252
4 0 0.009687 0.051659 0.019297 0.000105 0.919252
4 0 0.009687 0.051659 0.019297 0.000105 0.919252
4 0 0.009687 0.051659 0.019297 0.000105 0.919252
4 0 0.009687 0.051659 0.019297 0.000105 0.919252
4 0 0.009687 0.051659 0.019297 0.000105 0.919252
4 0 0.009687 0.051659 0.019297 0.000105 0.919252
4 0 0.009687 0.051659 0.019297 0.000105 0.919252
4 0 0.009687 0.051659 0.019297 0.000105 0.919252
4 0 0.009687 0.051659 0.019297 0.000105 0.919252
4 0 0.009687 0.051659 0.019297 0.000105 0.919252
4 0 0.009687 0.051659 0.019297 0.000105 0.919252
4 0 0.009687 0.051659 0.019297 0.000105 0.919252
4 0 0.009687 0.051659 0.019297 0.000105 0.919252
4 0 0.009687 0.051659 0.019297 0.000105 0.919252
4 0 0.009687 0.051659 0.019297 0.000105 0.919252
4 0 0.009687 0.051659 0.019297 0.000105 0.919252
4 0 0.009687 0.051659 0.019297 0.000105 0.919252
4 0 0.009687 0.051659 0.019297 0.000105 0.919252
4 0 0.009687 0.051659 0.019297 0.000105 0.919252
4 0 0.010599 0.046067 0.020476 0.000154 0.922704
4 0 0.018006 0.051281 0.021157 0.000318 0.909237
4 0 0.107994 0.161956 0.065683 0.001407 0.662959
0 0 0.371670 0.211088 0.080706 0.003337 0.333200
0 0 0.750397 0.100975 0.069069 0.027282 0.052276
0 0 0.819452 0.062592 0.053914 0.044151 0.019890
0 0 0.681105 0.142900 0.100007 0.023527 0.052461
0 0 0.491153 0.255701 0.125760 0.005850 0.121537
0 0 0.542142 0.245076 0.091939 0.002374 0.118469
0 0 0.524207 0.277478 0.085658 0.000767 0.111889
0 0 0.557844 0.308035 0.081581 0.000204 0.052336
0 0 0.567931 0.300093 0.080759 0.000230 0.050987
0 0 0.618265 0.267130 0.066177 0.000220 0.048208
0 0 0.615261 0.270544 0.068610 0.000224 0.045361
0 0 0.630309 0.263153 0.065322 0.000206 0.041011
0 0 0.683995 0.202672 0.042091 0.000275 0.070966
0 0 0.651594 0.213472 0.049493 0.000425 0.085016
0 0 0.570659 0.215258 0.043262 0.000321 0.170499
4 0 0.221509 0.141626 0.023403 0.000144 0.613319
4 0 0.208240 0.125478 0.019515 0.000127 0.646639
4 0 0.232934 0.173188 0.035693 0.000264 0.557921
4 0 0.142378 0.197576 0.058681 0.000421 0.600944
4 0 0.138523 0.155472 0.054449 0.001266 0.650290
4 0 0.281553 0.205716 0.063593 0.001274 0.447864
0 0 0.405602 0.258761 0.065044 0.000472 0.270121
0 0 0.470325 0.286750 0.052396 0.000103 0.190425
0 0 0.531108 0.241405 0.041088 0.000125 0.186274
0 0 0.508738 0.206385 0.037206 0.000241 0.247431
0 0 0.473766 0.210868 0.043244 0.000378 0.271744
0 0 0.540003 0.207470 0.049593 0.000643 0.202290
0 0 0.746794 0.112967 0.042081 0.003794 0.094364
0 0 0.751980 0.115012 0.062198 0.011649 0.059161
0 0 0.649280 0.195784 0.087231 0.004155 0.063550
0 0 0.605809 0.204674 0.099462 0.006106 0.083950
0 0 0.536163 0.245284 0.091186 0.002338 0.125029
0 0 0.626145 0.219448 0.052965 0.000515 0.100927
0 0 0.580259 0.230318 0.063451 0.000858 0.125115
0 0 0.564420 0.219585 0.047706 0.000417 0.167872
0 0 0.408963 0.198632 0.039683 0.000354 0.352368
0 0 0.422173 0.211419 0.049381 0.000595 0.316432
4 0 0.365833 0.200477 0.047761 0.000639 0.385290
0 0 0.424218 0.206973 0.044917 0.000466 0.323427
0 0 0.410813 0.205044 0.044917 0.000482 0.338744
4 0 0.329730 0.244380 0.045458 0.000134 0.380298
4 0 0.089131 0.206346 0.063319 0.000201 0.641003
4 0 0.105810 0.278729 0.123435 0.000622 0.491404
1 0 0.212084 0.320888 0.182397 0.003158 0.281474
1 0 0.256146 0.295805 0.207491 0.010415 0.230143
4 0 0.183359 0.244366 0.056838 0.000149 0.515288
4 0 0.152261 0.269381 0.071037 0.000151 0.507170
4 0 0.134691 0.274602 0.080595 0.000183 0.509929
4 0 0.119966 0.286226 0.092202 0.000202 0.501404
4 1 0.096594 0.241476 0.082262 0.000256 0.579413
4 1 0.080086 0.199389 0.072996 0.000369 0.647162
4 1 0.062717 0.198174 0.083327 0.000429 0.655353
4 1 0.036751 0.170273 0.097058 0.000776 0.695142
4 2 0.034626 0.153224 0.085514 0.000786 0.725850
4 2 0.017619 0.183171 0.178643 0.001535 0.619032
4 2 0.016194 0.181125 0.176024 0.001331 0.625325
4 2 0.015474 0.191324 0.199179 0.001426 0.592596
4 2 0.015507 0.185313 0.185716 0.001323 0.612142
4 2 0.014495 0.194692 0.208646 0.001365 0.580802
4 2 0.014511 0.198393 0.217774 0.001439 0.567884
4 2 0.013711 0.206490 0.269050 0.001826 0.508923
4 2 0.012797 0.226796 0.345217 0.002368 0.412822
4 2 0.013730 0.202334 0.326300 0.002691 0.454945
2 2 0.012406 0.194546 0.424768 0.004134 0.364146
2 2 0.013429 0.235654 0.378411 0.002964 0.369542
2 2 0.013474 0.233854 0.423094 0.003844 0.325735
2 2 0.016154 0.227928 0.424626 0.005301 0.325992
2 2 0.013434 0.206053 0.503838 0.006672 0.270002
2 2 0.011863 0.206110 0.521612 0.006013 0.254402
2 2 0.013660 0.206975 0.486771 0.006233 0.286361
2 2 0.012169 0.181177 0.567576 0.009067 0.230010
2 2 0.010904 0.150864 0.650380 0.014475 0.173377
2 2 0.007100 0.132543 0.724255 0.013003 0.123099
2 2 0.006030 0.098564 0.781242 0.020385 0.093778
2 3 0.004887 0.095551 0.798790 0.017071 0.083701
2 3 0.008231 0.100254 0.775023 0.034481 0.082012
2 3 0.008791 0.090413 0.780108 0.048147 0.072541
2 3 0.008806 0.074203 0.784944 0.075094 0.056952
2 3 0.011472 0.074391 0.749272 0.116932 0.047933
2 3 0.010532 0.067090 0.751281 0.128852 0.042245
2 3 0.007673 0.047206 0.751228 0.165057 0.028836
2 3 0.007120 0.037486 0.723510 0.205882 0.026001
2 3 0.007208 0.030964 0.674191 0.264109 0.023529
2 3 0.008710 0.038003 0.683113 0.242224 0.027950
2 3 0.009844 0.054460 0.734950 0.163566 0.037179
2 3 0.005849 0.041048 0.778120 0.149168 0.025814
2 3 0.005489 0.050037 0.813140 0.103281 0.028053
2 3 0.006443 0.052540 0.796339 0.114537 0.030141
2 3 0.006521 0.038466 0.743822 0.186503 0.024688
2 3 0.006374 0.027951 0.672754 0.272130 0.020791
2 3 0.004576 0.019310 0.646639 0.314113 0.015362
2 3 0.006340 0.026568 0.661449 0.285117 0.020526
2 3 0.005149 0.026180 0.703619 0.246523 0.018530
2 3 0.005964 0.031111 0.715104 0.226384 0.021438
2 3 0.007934 0.033777 0.671256 0.262535 0.024498
2 3 0.008273 0.033511 0.659681 0.273705 0.024830
2 3 0.013486 0.044892 0.616542 0.292197 0.032883
2 3 0.015420 0.042538 0.569880 0.338160 0.034002
2 3 0.012230 0.030354 0.528366 0.402998 0.026052
2 3 0.010249 0.028189 0.553554 0.383999 0.024009
2 3 0.008149 0.019399 0.493089 0.461331 0.018033
2 3 0.006511 0.018869 0.544889 0.413060 0.016671
2 3 0.008695 0.021784 0.514295 0.435513 0.019713
2 3 0.006738 0.018120 0.520025 0.438953 0.016165
2 3 0.007548 0.027243 0.623115 0.320595 0.021500
2 3 0.004486 0.014995 0.579275 0.386933 0.014311
2 3 0.005359 0.021054 0.634957 0.321416 0.017215
2 3 0.007102 0.025612 0.621147 0.325536 0.020602
2 3 0.004995 0.015753 0.558539 0.406540 0.014174
2 3 0.004217 0.014969 0.590256 0.377107 0.013451
2 3 0.004236 0.012820 0.533732 0.437180 0.012033
2 3 0.006500 0.025911 0.646030 0.301564 0.019995
2 3 0.008498 0.038192 0.687017 0.239422 0.026871
2 3 0.009619 0.030035 0.593097 0.342100 0.025149
2 3 0.009604 0.023546 0.517550 0.427201 0.022099
2 3 0.010213 0.023071 0.493163 0.451558 0.021995
2 3 0.006549 0.017452 0.517427 0.442574 0.015998
2 3 0.005502 0.019265 0.595661 0.363692 0.015880
2 3 0.003833 0.013423 0.573671 0.397365 0.011708
2 3 0.004277 0.011827 0.500496 0.472158 0.011242
3 3 0.004527 0.010760 0.454863 0.518866 0.010984
2 3 0.004153 0.011113 0.489161 0.484647 0.010926
3 3 0.004044 0.008390 0.399784 0.578749 0.009034
3 3 0.004539 0.010912 0.455274 0.518526 0.010750
2 3 0.005977 0.015615 0.503845 0.460064 0.014499
2 3 0.006812 0.018469 0.524636 0.433517 0.016566
2 3 0.005069 0.016348 0.566288 0.397838 0.014457
2 3 0.004621 0.015957 0.585009 0.380322 0.014092
2 3 0.005211 0.013842 0.504197 0.463313 0.013436
3 3 0.007883 0.015396 0.428641 0.532066 0.016015
3 3 0.010664 0.021972 0.465650 0.480080 0.021635
3 3 0.007257 0.011587 0.364499 0.602812 0.013845
3 3 0.005192 0.010909 0.429039 0.542774 0.012086
3 3 0.005570 0.010551 0.402383 0.569161 0.012335
3 3 0.006366 0.014521 0.466693 0.497748 0.014673
2 3 0.007962 0.026783 0.606106 0.337118 0.022032
2 3 0.010688 0.024462 0.497201 0.445156 0.022493
3 3 0.009047 0.013964 0.359450 0.602364 0.015175
3 3 0.008536 0.015187 0.401416 0.558945 0.015915
3 3 0.008222 0.014684 0.402039 0.559366 0.015689
3 3 0.006091 0.010158 0.362380 0.609637 0.011734
3 3 0.005981 0.009063 0.332814 0.641197 0.010946
3 3 0.008114 0.012402 0.356004 0.608923 0.014556
3 3 0.006624 0.008769 0.300528 0.673054 0.011026
3 3 0.008882 0.014190 0.373424 0.587591 0.015913
3 3 0.010297 0.017283 0.398416 0.555290 0.018714
3 3 0.007207 0.015272 0.448880 0.513190 0.015450
2 3 0.009041 0.023920 0.536658 0.408910 0.021470
2 3 0.010767 0.034490 0.599843 0.328222 0.026678
2 3 0.009528 0.027173 0.557967 0.383020 0.022312
2 3 0.014644 0.031831 0.497901 0.426690 0.028934
2 3 0.009702 0.028878 0.581369 0.354789 0.025262
2 1 0.016777 0.119061 0.716671 0.086558 0.060934
2 2 0.049088 0.274896 0.583175 0.022033 0.070807
2 2 0.072532 0.347377 0.489004 0.006382 0.084704
0 1 0.349182 0.330944 0.145524 0.001709 0.172640
0 1 0.412762 0.270428 0.092123 0.001380 0.223308
0 1 0.431905 0.215378 0.052064 0.000665 0.299988
0 1 0.404265 0.211344 0.051975 0.000709 0.331706
0 1 0.408804 0.271540 0.078713 0.000728 0.240216
1 0 0.276447 0.341377 0.128762 0.000763 0.252651
0 0 0.448978 0.317066 0.131643 0.001468 0.100845
0 1 0.538603 0.267536 0.111637 0.002288 0.079936
0 0 0.366967 0.275005 0.166264 0.010040 0.181724
0 0 0.375435 0.245560 0.115812 0.005956 0.257237
0 1 0.593961 0.244549 0.060516 0.000432 0.100542
0 0 0.641448 0.205219 0.037070 0.000201 0.116062
0 0 0.604701 0.215921 0.043457 0.000296 0.135624
0 0 0.513582 0.212133 0.043131 0.000360 0.230794
0 0 0.502264 0.232384 0.065001 0.001015 0.199336
0 0 0.704922 0.135655 0.034443 0.000942 0.124037
0 0 0.713657 0.119734 0.053377 0.007308 0.105922
0 0 0.682702 0.129541 0.060446 0.008534 0.118777
4 0 0.303822 0.195935 0.076251 0.003469 0.420523
4 0 0.282373 0.207661 0.082176 0.003387 0.424403
0 0 0.345480 0.229848 0.093388 0.003735 0.327549
0 0 0.435571 0.201883 0.081041 0.004254 0.277251
0 0 0.498703 0.228770 0.089854 0.003341 0.179332
0 0 0.391216 0.215004 0.058289 0.000982 0.334509
4 1 0.224907 0.158138 0.041074 0.000775 0.575107
4 0 0.285492 0.234590 0.060935 0.000480 0.418503
4 0 0.288974 0.276274 0.063558 0.000204 0.370989
0 0 0.370358 0.259353 0.076005 0.000810 0.293474
0 0 0.425448 0.261288 0.113401 0.003816 0.196047
0 0 0.400167 0.258271 0.151701 0.011398 0.178461
0 0 0.568584 0.152874 0.144910 0.062925 0.070707
3 0 0.323595 0.038121 0.141820 0.476910 0.019554
3 0 0.346265 0.020507 0.082612 0.541582 0.009035
3 0 0.414914 0.025871 0.075886 0.466839 0.016490
0 0 0.576979 0.117375 0.100143 0.074090 0.131412
0 0 0.363055 0.192347 0.144722 0.036121 0.263754
4 1 0.265388 0.211710 0.096347 0.005220 0.421336
4 1 0.208588 0.218884 0.088663 0.002181 0.481683
4 0 0.132620 0.167383 0.060789 0.001186 0.638022
4 0 0.314995 0.195109 0.053388 0.001003 0.435505
4 1 0.320665 0.207536 0.066806 0.001731 0.403261
4 0 0.305431 0.197190 0.058448 0.001306 0.437625
0 0 0.604364 0.214507 0.072755 0.001808 0.106566
0 0 0.902860 0.043326 0.022580 0.010435 0.020799
0 0 0.937408 0.008359 0.007236 0.044607 0.002390
0 0 0.870665 0.042233 0.028847 0.031499 0.026756
0 0 0.776375 0.084322 0.048249 0.018706 0.072347
0 1 0.784995 0.096225 0.036022 0.003933 0.078825
0 0 0.823057 0.088601 0.039131 0.005700 0.043511
0 0 0.924160 0.027928 0.016591 0.017029 0.014293
0 0 0.739573 0.009491 0.012660 0.233776 0.004501
0 0 0.784492 0.012690 0.014799 0.180033 0.007986
3 0 0.455970 0.005365 0.012999 0.523263 0.002403
0 0 0.869691 0.013649 0.013104 0.095308 0.008249
0 0 0.802863 0.030532 0.029854 0.114337 0.022414
0 0 0.700232 0.073926 0.053973 0.056468 0.115402
0 0 0.790919 0.056423 0.031342 0.023686 0.097630
0 0 0.745254 0.096735 0.045093 0.009667 0.103250
0 1 0.776735 0.086583 0.048506 0.016978 0.071200
0 0 0.455421 0.157474 0.122086 0.048458 0.216561
4 0 0.302351 0.154168 0.091606 0.018388 0.433487
4 0 0.197902 0.160064 0.070595 0.004771 0.566669
0 0 0.551561 0.100618 0.055529 0.022412 0.269880
0 0 0.777840 0.065676 0.035129 0.019477 0.101878
0 0 0.808036 0.064424 0.036812 0.021173 0.069555
4 0 0.356198 0.188911 0.074383 0.004001 0.376507
0 0 0.422303 0.155009 0.085373 0.015989 0.321326
0 0 0.446557 0.163682 0.076875 0.008886 0.304001
0 0 0.797848 0.082841 0.040213 0.010281 0.068817
0 0 0.888426 0.021840 0.016402 0.052569 0.020762
0 0 0.871153 0.044518 0.028447 0.025707 0.030175
0 0 0.783860 0.051000 0.046381 0.085276 0.033484
0 0 0.662131 0.083293 0.093791 0.098537 0.062248
0 0 0.582292 0.073002 0.143987 0.176282 0.024437
0 0 0.743086 0.074118 0.085896 0.078402 0.018498
0 0 0.785230 0.050081 0.054249 0.097811 0.012629
0 0 0.695588 0.138352 0.075504 0.012058 0.078498
0 0 0.468888 0.165060 0.080773 0.010204 0.275074
4 0 0.186595 0.153241 0.050381 0.001626 0.608157
4 0 0.175025 0.154417 0.058116 0.002519 0.609923
4 0 0.307296 0.214983 0.082998 0.003151 0.391572
4 1 0.334505 0.177262 0.073356 0.004878 0.409999
0 0 0.398294 0.233233 0.082075 0.002307 0.284091
0 0 0.695333 0.146420 0.053081 0.003009 0.102156
0 0 0.863983 0.038692 0.031993 0.049560 0.015771
0 0 0.815750 0.011379 0.014001 0.154124 0.004746
0 0 0.858519 0.020550 0.020095 0.091330 0.009506
0 0 0.848666 0.051872 0.039485 0.037930 0.022048
0 0 0.756228 0.088979 0.068621 0.041466 0.044706
0 0 0.459828 0.224305 0.111596 0.007834 0.196436
4 0 0.323431 0.226347 0.096329 0.004348 0.349545
4 0 0.137540 0.121151 0.036247 0.001044 0.704017
4 0 0.087033 0.145818 0.043107 0.000323 0.723719
4 0 0.043685 0.056614 0.011035 0.000091 0.888575
4 0 0.041233 0.058258 0.014470 0.000215 0.885825
4 0 0.040307 0.084345 0.032770 0.000694 0.841884
4 0 0.046113 0.110581 0.062214 0.002499 0.778593
4 0 0.075927 0.162070 0.131969 0.011064 0.618971
2 0 0.041435 0.150892 0.571439 0.055202 0.181031
4 0 0.134452 0.230721 0.183167 0.012051 0.439609
2 0 0.173216 0.262685 0.274197 0.022191 0.267712
4 0 0.253351 0.265198 0.159153 0.008235 0.314061
0 0 0.377705 0.254177 0.143564 0.010391 0.214164
0 0 0.430264 0.265313 0.131859 0.005854 0.166710
0 0 0.472543 0.254366 0.152262 0.008915 0.111914
0 0 0.468657 0.243809 0.114724 0.005754 0.167055
0 0 0.473906 0.255503 0.121471 0.005465 0.143656
0 0 0.352293 0.245957 0.163520 0.018273 0.219957
0 0 0.416374 0.192552 0.147365 0.038104 0.205605
4 0 0.262591 0.224541 0.148110 0.017214 0.347543
4 0 0.129898 0.193442 0.121077 0.007708 0.547875
4 0 0.128241 0.280323 0.177157 0.003345 0.410935
4 0 0.208744 0.272379 0.144401 0.003773 0.370703
1 1 0.147818 0.295273 0.262164 0.012109 0.282636
4 0 0.167068 0.272004 0.209755 0.011215 0.339959
4 0 0.137420 0.222185 0.147167 0.007789 0.485439
4 0 0.190046 0.238455 0.149904 0.008823 0.412771
0 0 0.283035 0.263106 0.166447 0.010705 0.276707
0 0 0.340823 0.277943 0.211832 0.016266 0.153136
2 1 0.249597 0.274310 0.339278 0.027622 0.109193
2 0 0.151152 0.170715 0.471615 0.098817 0.107701
2 0 0.161378 0.158200 0.473824 0.126889 0.079710
2 0 0.211237 0.107861 0.338635 0.262114 0.080153
0 0 0.482039 0.128240 0.191015 0.121413 0.077292
0 1 0.611948 0.167951 0.106766 0.019102 0.094233
0 1 0.495440 0.091187 0.154263 0.184139 0.074971
0 1 0.519291 0.160177 0.125629 0.040054 0.154849
0 1 0.331845 0.134176 0.215847 0.118421 0.199711
4 1 0.298195 0.197370 0.171620 0.027260 0.305556
0 1 0.384407 0.172360 0.177856 0.055154 0.210223
0 1 0.815911 0.066262 0.047275 0.033982 0.036570
0 1 0.733975 0.056260 0.069016 0.120688 0.020062
0 1 0.761108 0.053770 0.060789 0.099517 0.024817
0 0 0.628032 0.064054 0.105058 0.179546 0.023309
0 0 0.744125 0.081127 0.070582 0.063202 0.040963
0 1 0.681797 0.138153 0.085876 0.018721 0.075453
0 1 0.388607 0.239572 0.096721 0.003608 0.271492
4 1 0.217623 0.164580 0.050542 0.001357 0.565898
4 1 0.094859 0.107686 0.029563 0.000482 0.767409
4 1 0.022757 0.085089 0.039150 0.000492 0.852512
4 1 0.049167 0.141844 0.059056 0.000512 0.749421
4 1 0.071089 0.078131 0.024786 0.000939 0.825055
4 1 0.120595 0.137139 0.043932 0.000883 0.697452
4 1 0.138151 0.205896 0.065334 0.000484 0.590135
4 1 0.031891 0.110967 0.039464 0.000194 0.817484
4 1 0.024992 0.102049 0.038751 0.000190 0.834018
4 1 0.023411 0.077821 0.026261 0.000168 0.872339
4 1 0.023971 0.073475 0.022630 0.000132 0.879791
4 1 0.021825 0.072158 0.022476 0.000121 0.883421
4 1 0.020642 0.066411 0.020707 0.000127 0.892114
4 1 0.019521 0.091336 0.040170 0.000273 0.848700
4 1 0.070563 0.127621 0.039884 0.000361 0.761571
4 0 0.172703 0.153260 0.057841 0.002531 0.613665
0 0 0.343751 0.250477 0.151597 0.013182 0.240993
0 0 0.507059 0.089800 0.161941 0.192429 0.048771
0 0 0.571197 0.167501 0.132621 0.039189 0.089492
0 1 0.407497 0.256580 0.172456 0.017165 0.146302
0 1 0.408066 0.240039 0.091871 0.003007 0.257016
0 1 0.390673 0.231900 0.056621 0.000538 0.320268
4 1 0.210803 0.291233 0.078187 0.000222 0.419555
4 1 0.042488 0.290180 0.210380 0.000808 0.456144
4 1 0.043904 0.316243 0.239498 0.000801 0.399554
4 2 0.048302 0.311760 0.219043 0.000744 0.420152
4 2 0.043420 0.311972 0.232808 0.000772 0.411027
4 2 0.038204 0.255277 0.179473 0.000814 0.526233
4 2 0.031893 0.203950 0.134651 0.000755 0.628751
4 2 0.027829 0.178340 0.111458 0.000625 0.681749
4 2 0.017003 0.150795 0.108277 0.000627 0.723297
4 2 0.017852 0.155955 0.111750 0.000636 0.713807
4 2 0.016772 0.147746 0.110199 0.000743 0.724539
4 2 0.020976 0.170349 0.121532 0.000702 0.686441
4 2 0.022397 0.186795 0.134871 0.000688 0.655249
4 2 0.021637 0.173659 0.122860 0.000691 0.681154
4 2 0.021584 0.186106 0.137582 0.000712 0.654015
4 2 0.022956 0.193214 0.147127 0.000829 0.635874
4 2 0.023371 0.195507 0.146185 0.000777 0.634161
4 2 0.020778 0.195173 0.159718 0.000903 0.623429
4 2 0.022023 0.195996 0.153397 0.000832 0.627751
4 2 0.023744 0.214827 0.168499 0.000789 0.592141
4 2 0.025923 0.214372 0.155766 0.000686 0.603254
4 2 0.030969 0.230880 0.166980 0.000787 0.570383
4 2 0.030003 0.253944 0.206569 0.000943 0.508541
4 2 0.034168 0.262112 0.200973 0.000877 0.501869
4 2 0.028524 0.249143 0.224378 0.001332 0.496624
4 2 0.024906 0.249460 0.245246 0.001451 0.478936
4 2 0.020540 0.232178 0.265852 0.002173 0.479257
4 2 0.021818 0.232818 0.253030 0.001980 0.490355
4 2 0.019415 0.233800 0.280817 0.002303 0.463664
4 2 0.022036 0.251015 0.280702 0.001849 0.444398
4 -1 0.020796 0.256732 0.305435 0.001962 0.415075
2 2 0.006291 0.164578 0.676826 0.006457 0.145848
2 2 0.008910 0.200379 0.593855 0.005820 0.191036
2 2 0.013646 0.224593 0.464248 0.005095 0.292417
2 2 0.016074 0.245929 0.424807 0.004887 0.308303
2 2 0.014631 0.244996 0.422567 0.004172 0.313634
2 2 0.013306 0.245486 0.505526 0.005678 0.230004
2 2 0.014286 0.245441 0.513668 0.006670 0.219934
2 2 0.014085 0.231114 0.529579 0.007487 0.217735
2 2 0.012455 0.223214 0.568829 0.007932 0.187571
2 2 0.013172 0.236417 0.536510 0.006873 0.207028
2 2 0.009152 0.183275 0.648571 0.009112 0.149890
2 2 0.009588 0.186193 0.644359 0.009460 0.150402
2 2 0.008148 0.163979 0.686612 0.010568 0.130693
2 2 0.008613 0.173588 0.682190 0.010813 0.124796
2 2 0.010089 0.179790 0.658992 0.011647 0.139483
2 2 0.008279 0.149959 0.719665 0.014895 0.107203
2 2 0.008744 0.132388 0.743177 0.022062 0.093629
2 2 0.007602 0.106782 0.783651 0.030948 0.071018
2 2 0.005703 0.082722 0.823499 0.038209 0.049867
2 2 0.005725 0.090484 0.820600 0.033869 0.049322
2 2 0.007954 0.115924 0.775341 0.028820 0.071960
2 2 0.009017 0.126694 0.754011 0.027040 0.083238
2 2 0.010867 0.153515 0.719868 0.024135 0.091615
2 2 0.011502 0.154466 0.719078 0.026666 0.088288
2 2 0.010670 0.138778 0.748130 0.034434 0.067988
2 3 0.011133 0.142769 0.743441 0.035119 0.067538
2 3 0.011451 0.160885 0.727243 0.028906 0.071515
2 3 0.014905 0.209902 0.654711 0.020724 0.099759
2 3 0.017236 0.222924 0.621182 0.019765 0.118892
2 3 0.017264 0.210746 0.635794 0.022888 0.113309
2 3 0.011085 0.085507 0.761118 0.099118 0.043172
2 3 0.009497 0.076605 0.775015 0.099932 0.038950
2 3 0.005085 0.045057 0.806825 0.120290 0.022743
2 3 0.004001 0.038094 0.818242 0.120744 0.018920
2 3 0.005160 0.053314 0.822218 0.094667 0.024642
2 3 0.009152 0.137549 0.793097 0.024118 0.036083
2 2 0.023883 0.246791 0.666506 0.014171 0.048648
2 2 0.027035 0.290842 0.598710 0.006363 0.077049
2 2 0.042958 0.352280 0.484311 0.002837 0.117614
2 2 0.064785 0.389945 0.419263 0.001904 0.124104
0 1 0.325903 0.316213 0.184084 0.005147 0.168653
0 1 0.420386 0.245141 0.099381 0.003579 0.231513
4 1 0.305031 0.235702 0.130138 0.010058 0.319071
4 1 0.167781 0.251191 0.183638 0.011455 0.385936
4 1 0.089992 0.228904 0.194651 0.009561 0.476891
4 1 0.037845 0.209414 0.214206 0.005380 0.533154
4 1 0.059171 0.236514 0.162264 0.001898 0.540153
4 1 0.052893 0.173762 0.109319 0.002121 0.661906
4 1 0.084595 0.227495 0.178356 0.006419 0.503134
4 1 0.098432 0.165590 0.123989 0.013647 0.598341
4 1 0.141966 0.170109 0.141737 0.033880 0.512309
4 1 0.111576 0.166827 0.135562 0.021190 0.564845
4 1 0.065519 0.209255 0.254906 0.019878 0.450443
4 1 0.072733 0.197237 0.224228 0.020032 0.485769
4 1 0.055683 0.214625 0.330290 0.016023 0.383378
4 2 0.050605 0.214032 0.222787 0.009066 0.503510
4 2 0.045717 0.280503 0.254174 0.002307 0.417299
4 2 0.027342 0.277231 0.284128 0.001513 0.409787
1 2 0.043276 0.336147 0.297736 0.001134 0.321706
2 1 0.064545 0.339183 0.352846 0.003573 0.239853
1 2 0.179012 0.328290 0.263514 0.007739 0.221446
2 2 0.031558 0.328949 0.544876 0.003198 0.091419
2 2 0.088765 0.353585 0.408908 0.006064 0.142678
1 2 0.204320 0.333237 0.263274 0.007974 0.191195
0 1 0.358111 0.270891 0.177132 0.013571 0.180295
4 1 0.307007 0.230118 0.114006 0.007116 0.341753
4 1 0.266494 0.214550 0.104770 0.006720 0.407466
4 1 0.064672 0.154149 0.086056 0.002355 0.692768
4 2 0.083488 0.262095 0.152741 0.001428 0.500249
4 2 0.015179 0.211215 0.235113 0.001426 0.537067
4 2 0.019343 0.218713 0.221636 0.001421 0.538888
4 2 0.022156 0.244218 0.240511 0.001249 0.491866
4 2 0.035237 0.279872 0.214940 0.000793 0.469157
4 2 0.025124 0.284528 0.290989 0.001201 0.398158
4 2 0.024801 0.284348 0.301533 0.001337 0.387980
4 2 0.017149 0.253757 0.347326 0.002344 0.379424
4 2 0.017314 0.249205 0.334245 0.002343 0.396893
4 2 0.016840 0.234021 0.319006 0.002811 0.427321
4 2 0.017615 0.243248 0.329332 0.002674 0.407131
4 2 0.022600 0.255745 0.299894 0.002184 0.419577
4 2 0.018462 0.249937 0.346390 0.002916 0.382295
4 2 0.021719 0.266969 0.350400 0.002659 0.358253
4 1 0.033668 0.241548 0.282234 0.005079 0.437472
4 1 0.073890 0.258150 0.214140 0.004685 0.449134
4 1 0.069369 0.280764 0.293425 0.007741 0.348701
4 0 0.156031 0.297784 0.221230 0.006899 0.318055
0 0 0.387921 0.278705 0.138927 0.005021 0.189426
0 0 0.520346 0.246638 0.092799 0.002498 0.137719
0 0 0.482208 0.249340 0.099429 0.003171 0.165852
0 0 0.512777 0.253143 0.118482 0.004846 0.110751
0 0 0.608959 0.196034 0.101268 0.007912 0.085827
0 0 0.759448 0.107603 0.067380 0.018384 0.047186
0 0 0.823787 0.031343 0.028966 0.093664 0.022239
0 1 0.781103 0.039825 0.043357 0.119593 0.016122
0 1 0.665833 0.113483 0.087137 0.046642 0.086905
4 1 0.317140 0.233006 0.114443 0.006914 0.328497
4 4 0.095565 0.207178 0.118515 0.002805 0.575938
4 4 0.058837 0.141688 0.056644 0.000597 0.742234
4 4 0.030244 0.134935 0.058021 0.000269 0.776530
4 4 0.021568 0.108461 0.051468 0.000328 0.818176
4 4 0.020948 0.090690 0.041914 0.000385 0.846063
4 4 0.024647 0.113424 0.055642 0.000441 0.805846
4 4 0.018058 0.171778 0.123307 0.000540 0.686318
4 4 0.021658 0.222970 0.203761 0.001118 0.550493
4 4 0.024844 0.223341 0.212362 0.001661 0.537791
4 4 0.025944 0.198985 0.180203 0.001924 0.592944
4 4 0.021474 0.132058 0.078672 0.000576 0.767220
4 4 0.016542 0.067157 0.027635 0.000263 0.888403
4 4 0.018809 0.028600 0.006703 0.000137 0.945751
4 4 0.017916 0.023961 0.005018 0.000106 0.952998
4 4 0.018342 0.030823 0.007611 0.000144 0.943080
4 4 0.031081 0.053001 0.013828 0.000187 0.901902
4 4 0.036304 0.118617 0.045511 0.000296 0.799272
4 4 0.059907 0.157279 0.058356 0.000372 0.724085
4 4 0.083949 0.238085 0.088926 0.000301 0.588738
4 4 0.044797 0.126283 0.040056 0.000175 0.788689
4 4 0.040299 0.149656 0.058139 0.000244 0.751661
4 4 0.022800 0.109382 0.047861 0.000256 0.819701
4 4 0.022526 0.094148 0.037319 0.000218 0.845789
4 4 0.019950 0.084433 0.034215 0.000232 0.861169
4 4 0.026637 0.033223 0.006884 0.000120 0.933137
4 4 0.037526 0.044431 0.010988 0.000283 0.906772
4 4 0.073098 0.081127 0.026930 0.001114 0.817731
4 4 0.076323 0.097269 0.047887 0.004430 0.774091
4 4 0.159681 0.121495 0.082267 0.022298 0.614260
4 4 0.125414 0.142637 0.079331 0.008351 0.644267
4 4 0.065989 0.080586 0.031748 0.001915 0.819762
4 4 0.030501 0.040122 0.011273 0.000395 0.917709
4 4 0.015539 0.020873 0.004048 0.000075 0.959466
4 4 0.014986 0.019612 0.003489 0.000054 0.961858
4 4 0.026515 0.031074 0.006000 0.000099 0.936311
4 4 0.027044 0.040685 0.009634 0.000152 0.922485
4 4 0.019102 0.025497 0.005529 0.000124 0.949749
4 4 0.016323 0.021893 0.004360 0.000084 0.957340
4 4 0.025590 0.029621 0.005426 0.000081 0.939283
4 4 0.047772 0.046375 0.008197 0.000100 0.897556
4 4 0.034243 0.093642 0.028395 0.000154 0.843567
4 4 0.032860 0.116130 0.042974 0.000222 0.807815
4 4 0.036782 0.149972 0.058945 0.000217 0.754084
4 4 0.081100 0.252387 0.091048 0.000218 0.575247
1 0 0.148816 0.389761 0.154584 0.000285 0.306554
1 1 0.258746 0.378796 0.134810 0.000409 0.227239
0 1 0.386598 0.358717 0.122876 0.000506 0.131303
0 1 0.385050 0.367195 0.128752 0.000490 0.118513
1 1 0.365013 0.398003 0.138830 0.000325 0.097829
1 1 0.292000 0.438211 0.171935 0.000300 0.097554
1 1 0.277432 0.434513 0.175377 0.000350 0.112327
1 1 0.276058 0.424261 0.159155 0.000319 0.140207
1 1 0.213481 0.441423 0.177655 0.000290 0.167151
1 1 0.149909 0.432721 0.189934 0.000290 0.227146
1 1 0.059426 0.361235 0.244447 0.000603 0.334289
1 1 0.052931 0.350408 0.254102 0.000698 0.341861
1 2 0.059673 0.355759 0.236673 0.000599 0.347296
4 2 0.048857 0.328012 0.229923 0.000654 0.392555
4 2 0.043047 0.322498 0.230632 0.000593 0.403231
4 2 0.034372 0.300535 0.238030 0.000708 0.426355
4 2 0.029928 0.279826 0.232367 0.000798 0.457080
4 2 0.031399 0.278535 0.224230 0.000782 0.465053
4 2 0.040065 0.289276 0.202535 0.000643 0.467481
4 2 0.053133 0.321796 0.203008 0.000537 0.421526
1 2 0.056638 0.359458 0.242153 0.000556 0.341195
1 2 0.073408 0.393305 0.255651 0.000558 0.277077
1 2 0.070081 0.394742 0.282030 0.000701 0.252445
1 2 0.076897 0.413253 0.306742 0.000753 0.202355
1 2 0.067446 0.424240 0.364925 0.000787 0.142602
1 2 0.063908 0.423062 0.387389 0.000833 0.124809
1 2 0.057372 0.415194 0.410982 0.000916 0.115535
1 2 0.072816 0.430282 0.382946 0.000842 0.113113
1 2 0.086606 0.437708 0.352134 0.000789 0.122763
1 2 0.100314 0.446065 0.335109 0.000726 0.117786
1 2 0.093607 0.448781 0.352519 0.000691 0.104402
1 2 0.085748 0.444965 0.366486 0.000714 0.102087
1 2 0.077478 0.438618 0.384891 0.000767 0.098245
1 2 0.092103 0.446506 0.369468 0.000752 0.091170
1 2 0.086168 0.443386 0.382343 0.000772 0.087331
1 1 0.111510 0.445887 0.339371 0.000830 0.102402
1 1 0.124736 0.438407 0.297503 0.000832 0.138522
1 1 0.115151 0.405120 0.264761 0.001002 0.213966
1 1 0.138323 0.423220 0.246467 0.000734 0.191256
1 1 0.144287 0.436371 0.261755 0.000725 0.156862
1 1 0.102790 0.434918 0.416825 0.000982 0.044485
1 2 0.114519 0.437615 0.396691 0.001036 0.050139
1 2 0.099956 0.432502 0.415037 0.001067 0.051438
2 2 0.089185 0.431729 0.431983 0.000946 0.046158
2 2 0.076274 0.419685 0.462709 0.000999 0.040333
2 2 0.074169 0.414912 0.467842 0.001098 0.041979
2 2 0.072088 0.406328 0.480803 0.001256 0.039525
2 2 0.070395 0.405477 0.484048 0.001234 0.038845
2 2 0.064669 0.403909 0.492581 0.001135 0.037706
2 2 0.054653 0.393470 0.517910 0.001070 0.032896
2 2 0.044859 0.374789 0.546205 0.001237 0.032910
2 2 0.038356 0.359318 0.572647 0.001282 0.028397
2 2 0.030007 0.333985 0.607902 0.001523 0.026583
2 2 0.029871 0.329924 0.614674 0.001560 0.023971
2 2 0.031746 0.335334 0.604560 0.001619 0.026742
2 2 0.033403 0.345075 0.595956 0.001307 0.024259
2 2 0.042814 0.359431 0.564623 0.001608 0.031525
2 2 0.033867 0.334814 0.604663 0.001737 0.024919
2 2 0.025405 0.299387 0.651098 0.002396 0.021714
2 2 0.025631 0.291364 0.653537 0.003373 0.026095
2 2 0.022559 0.280010 0.665618 0.003848 0.027965
2 2 0.018878 0.274364 0.677201 0.003201 0.026356
2 2 0.030848 0.314936 0.618411 0.002891 0.032914
2 2 0.022511 0.286184 0.664069 0.002973 0.024264
2 2 0.023317 0.303686 0.646876 0.002000 0.024122
2 2 0.021142 0.292561 0.660257 0.002239 0.023801
2 2 0.015248 0.260864 0.703583 0.002470 0.017834
2 2 0.012814 0.240493 0.724689 0.003385 0.018618
2 2 0.011759 0.234584 0.723203 0.004378 0.026075
2 2 0.012257 0.222250 0.716308 0.007604 0.041582
2 2 0.007802 0.158010 0.707432 0.011783 0.114973
2 2 0.007950 0.143954 0.728092 0.015314 0.104690
2 2 0.007018 0.119306 0.769628 0.020606 0.083441
2 2 0.008080 0.127577 0.753108 0.021560 0.089676
2 2 0.008023 0.142622 0.739207 0.017326 0.092822
2 2 0.006503 0.132707 0.763130 0.015714 0.081946
2 2 0.007358 0.126155 0.772776 0.022733 0.070979
2 2 0.009695 0.149573 0.725978 0.020969 0.093785
2 2 0.007143 0.087064 0.807445 0.049438 0.048911
2 3 0.007167 0.086847 0.808121 0.051644 0.046221
2 3 0.006568 0.069145 0.813822 0.076729 0.033737
2 3 0.004770 0.050347 0.829420 0.089923 0.025540
2 3 0.003634 0.041072 0.842647 0.091892 0.020756
2 3 0.005541 0.058451 0.825637 0.076515 0.033857
2 3 0.004462 0.060016 0.846757 0.058181 0.030584
2 3 0.008621 0.107270 0.781637 0.040364 0.062108
2 3 0.008171 0.108403 0.786925 0.038596 0.057906
2 3 0.012609 0.099246 0.749093 0.074639 0.064414
2 3 0.013789 0.067367 0.701032 0.175696 0.042115
2 3 0.019235 0.066989 0.629731 0.237389 0.046655
2 3 0.020158 0.080170 0.653190 0.194164 0.052318
2 3 0.014506 0.063837 0.682417 0.197116 0.042124
2 3 0.013375 0.066977 0.706140 0.171778 0.041730
2 3 0.013383 0.051942 0.658127 0.239447 0.037101
2 3 0.013881 0.057301 0.669355 0.221002 0.038462
2 3 0.020380 0.099354 0.681179 0.126318 0.072769
2 3 0.015327 0.084009 0.716464 0.117668 0.066532
2 3 0.014136 0.083408 0.728226 0.103428 0.070803
2 3 0.012941 0.085383 0.738767 0.082243 0.080667
2 3 0.012056 0.061075 0.726374 0.142954 0.057542
2 3 0.011625 0.045472 0.662976 0.245273 0.034653
2 3 0.008797 0.032776 0.641240 0.291504 0.025684
2 3 0.006315 0.026609 0.662032 0.284688 0.020355
2 3 0.004243 0.020310 0.683618 0.275901 0.015927
2 3 0.007608 0.031017 0.662519 0.274725 0.024131
2 3 0.011698 0.048162 0.690873 0.202872 0.046395
2 3 0.014806 0.067580 0.701676 0.153708 0.062230
2 3 0.013245 0.065830 0.716776 0.148541 0.055609
2 3 0.016073 0.087093 0.711435 0.111180 0.074219
2 3 0.012591 0.058593 0.709144 0.168924 0.050747
2 3 0.013747 0.063825 0.707198 0.157391 0.057839
2 3 0.014828 0.058921 0.678249 0.193678 0.054326
2 3 0.011866 0.040677 0.633524 0.279683 0.034250
2 3 0.010996 0.031667 0.580375 0.348354 0.028608
2 3 0.008980 0.026793 0.582205 0.357533 0.024489
2 3 0.010114 0.028796 0.573363 0.361264 0.026463
2 3 0.011284 0.033103 0.586793 0.339296 0.029524
2 3 0.011299 0.032723 0.588730 0.336136 0.031112
2 3 0.012689 0.029757 0.525014 0.403250 0.029290
2 3 0.011702 0.029996 0.545992 0.384402 0.027908
2 3 0.014140 0.039341 0.576886 0.335537 0.034095
2 3 0.010151 0.037559 0.646260 0.276239 0.029791
2 3 0.010466 0.045321 0.686467 0.223914 0.033833
2 3 0.009383 0.041620 0.690170 0.228004 0.030823
2 3 0.012606 0.052041 0.675712 0.221219 0.038422
2 3 0.013781 0.049107 0.640507 0.259182 0.037423
2 3 0.011965 0.039568 0.618265 0.298574 0.031629
2 3 0.007934 0.021718 0.543315 0.406963 0.020070
3 3 0.007434 0.014919 0.437884 0.523729 0.016034
3 3 0.008967 0.015205 0.392736 0.566446 0.016646
2 3 0.015310 0.079519 0.710732 0.136388 0.058051
2 3 0.011945 0.063327 0.721551 0.161745 0.041434
2 3 0.011776 0.050683 0.682531 0.219137 0.035874
2 3 0.012468 0.049603 0.667230 0.233589 0.037111
2 3 0.013502 0.047107 0.636972 0.265242 0.037176
2 3 0.016084 0.059166 0.645291 0.237367 0.042092
2 3 0.017747 0.070204 0.666288 0.189116 0.056645
2 3 0.007433 0.028262 0.640281 0.301654 0.022370
2 3 0.005412 0.026266 0.699380 0.248764 0.020179
2 3 0.006761 0.031308 0.694195 0.243921 0.023815
2 3 0.010697 0.046767 0.686247 0.222796 0.033493
2 3 0.014113 0.078027 0.720029 0.137468 0.050363
2 3 0.009850 0.036982 0.645612 0.279477 0.028078
2 3 0.008155 0.034910 0.677712 0.252837 0.026386
2 1 0.012942 0.056175 0.682166 0.210500 0.038217
2 1 0.005586 0.065669 0.828542 0.068433 0.031769
2 1 0.015955 0.163400 0.770465 0.017462 0.032717
2 2 0.086733 0.346417 0.508754 0.006999 0.051097
2 2 0.038918 0.317492 0.592743 0.004674 0.046174
1 2 0.099210 0.419715 0.404167 0.001538 0.075371
2 2 0.075657 0.403224 0.447251 0.001742 0.072127
1 2 0.108405 0.418421 0.368445 0.001620 0.103109
1 2 0.150572 0.435564 0.308914 0.001126 0.103823
1 2 0.179688 0.449990 0.282741 0.000767 0.086814
1 2 0.211819 0.451039 0.255164 0.000631 0.081347
1 2 0.159054 0.452174 0.314818 0.000812 0.073143
1 2 0.091572 0.433032 0.412044 0.001026 0.062327
2 2 0.054089 0.397851 0.489442 0.001230 0.057388
2 2 0.048292 0.379188 0.504561 0.001691 0.066268
2 2 0.083541 0.413119 0.427797 0.001538 0.074005
1 2 0.105821 0.438161 0.382222 0.001036 0.072760
2 2 0.066520 0.412946 0.461383 0.001140 0.058011
2 2 0.076970 0.426873 0.442005 0.000955 0.053198
2 2 0.076047 0.419700 0.447029 0.001129 0.056095
2 2 0.070228 0.402414 0.475208 0.001481 0.050669
2 2 0.058503 0.390007 0.507320 0.001453 0.042717
2 2 0.043491 0.366733 0.540708 0.001717 0.047350
2 2 0.042908 0.360212 0.492648 0.002371 0.101861
2 2 0.033032 0.320110 0.416094 0.002806 0.227958
4 2 0.023537 0.257993 0.306475 0.002399 0.409596
4 2 0.017618 0.177392 0.166969 0.001427 0.636593
4 2 0.017087 0.147413 0.115848 0.000954 0.718698
4 2 0.017837 0.143848 0.105956 0.000831 0.731529
4 2 0.028878 0.197340 0.125478 0.000582 0.647721
4 2 0.035222 0.220433 0.133464 0.000541 0.610340
4 2 0.033092 0.188025 0.108041 0.000545 0.670297
4 2 0.034806 0.191670 0.107282 0.000516 0.665726
4 2 0.017466 0.123617 0.073697 0.000450 0.784769
4 2 0.027143 0.158933 0.085276 0.000403 0.728245
4 2 0.073505 0.307336 0.144512 0.000339 0.474309
1 2 0.140578 0.374841 0.153543 0.000334 0.330705
1 2 0.233982 0.385068 0.131158 0.000298 0.249494
1 2 0.214770 0.404039 0.139957 0.000245 0.240989
1 2 0.152769 0.369309 0.129335 0.000216 0.348372
4 2 0.107887 0.331593 0.126117 0.000231 0.434172
4 2 0.123622 0.349077 0.132406 0.000249 0.394646
4 2 0.080744 0.319260 0.142777 0.000297 0.456922
4 2 0.060606 0.248364 0.112677 0.000343 0.578010
1 2 0.111849 0.386200 0.166915 0.000264 0.334773
1 2 0.165768 0.410508 0.174017 0.000355 0.249352
1 2 0.319920 0.424683 0.191299 0.000468 0.063630
1 2 0.291209 0.430007 0.213559 0.000587 0.064637
1 2 0.286074 0.417484 0.193282 0.000651 0.102509
1 2 0.201500 0.408330 0.185273 0.000577 0.204321
1 2 0.117672 0.388554 0.188275 0.000429 0.305071
4 2 0.073161 0.306845 0.145744 0.000351 0.473899
4 2 0.074065 0.351839 0.189793 0.000410 0.383893
1 2 0.099294 0.377301 0.184982 0.000377 0.338046
4 4 0.092972 0.312300 0.140491 0.000407 0.453830
4 4 0.056504 0.224170 0.100419 0.000359 0.618549
4 4 0.029512 0.136526 0.060515 0.000286 0.773161
4 4 0.021325 0.098857 0.040838 0.000214 0.838765
4 4 0.019404 0.065734 0.023831 0.000216 0.890815
4 4 0.016226 0.047552 0.015840 0.000192 0.920191
4 4 0.016124 0.042189 0.012699 0.000152 0.928836
4 4 0.030549 0.079472 0.024192 0.000170 0.865618
4 1 0.106412 0.226267 0.064606 0.000168 0.602547
1 1 0.193624 0.384268 0.133663 0.000260 0.288185
1 1 0.249902 0.448833 0.191731 0.000339 0.109195
1 1 0.289482 0.439552 0.190690 0.000379 0.079897
1 1 0.296771 0.435917 0.187954 0.000388 0.078969
1 1 0.326404 0.419547 0.171221 0.000406 0.082422
1 1 0.356960 0.408805 0.160426 0.000385 0.073425
1 1 0.308139 0.421564 0.196021 0.000570 0.073706
1 1 0.273758 0.435921 0.230049 0.000619 0.059654
1 1 0.199881 0.456891 0.290339 0.000627 0.052263
1 2 0.153265 0.460282 0.323013 0.000671 0.062769
1 2 0.140129 0.457948 0.334515 0.000714 0.066694
1 2 0.117033 0.454351 0.371366 0.000726 0.056523
1 0 0.122314 0.452619 0.374107 0.000752 0.050208
4 0 0.227523 0.231333 0.105734 0.003533 0.431878
4 1 0.133437 0.285984 0.130113 0.000949 0.449517
4 1 0.044858 0.167731 0.075589 0.000438 0.711385
4 1 0.036645 0.175284 0.089502 0.000466 0.698102
4 2 0.027620 0.158586 0.091186 0.000554 0.722055
4 2 0.023170 0.167926 0.110881 0.000632 0.697391
4 2 0.026994 0.167371 0.101073 0.000584 0.703977
4 2 0.033375 0.201209 0.117933 0.000522 0.646961
4 2 0.025485 0.210469 0.145301 0.000565 0.618180
4 2 0.023014 0.207982 0.151342 0.000595 0.617067
4 2 0.020979 0.207861 0.167661 0.000758 0.602740
4 2 0.033030 0.258411 0.178996 0.000577 0.528986
4 2 0.065534 0.332194 0.185747 0.000447 0.416078
1 2 0.128740 0.416068 0.205738 0.000416 0.249038
1 2 0.208767 0.445219 0.190450 0.000333 0.155231
1 2 0.193005 0.453740 0.218404 0.000406 0.134444
1 2 0.170119 0.461516 0.247957 0.000452 0.119956
1 2 0.159259 0.448368 0.250852 0.000568 0.140953
1 1 0.184142 0.442795 0.230532 0.000563 0.141967
1 1 0.201731 0.434376 0.218614 0.000606 0.144673
1 2 0.270481 0.421089 0.166633 0.000392 0.141405
1 2 0.265258 0.432130 0.173786 0.000358 0.128467
1 2 0.249732 0.445212 0.183955 0.000325 0.120775
1 2 0.205877 0.461843 0.236369 0.000433 0.095479
1 2 0.160673 0.464829 0.297776 0.000576 0.076146
1 2 0.175512 0.458577 0.293946 0.000658 0.071307
1 2 0.183440 0.457361 0.287127 0.000658 0.071414
1 1 0.186371 0.457159 0.286350 0.000656 0.069463
1 1 0.116224 0.448508 0.381631 0.000819 0.052818
2 1 0.094413 0.422999 0.432146 0.001249 0.049194
1 2 0.140785 0.456401 0.323613 0.000731 0.078469
1 2 0.123115 0.452575 0.352477 0.000791 0.071042
1 2 0.150953 0.454919 0.315519 0.000756 0.077851
1 2 0.175880 0.446464 0.295873 0.000881 0.080903
1 2 0.207987 0.428234 0.280518 0.001236 0.082025
1 2 0.240018 0.399596 0.244885 0.001786 0.113715
1 1 0.311645 0.348815 0.166236 0.001771 0.171533
0 1 0.342794 0.319941 0.122131 0.001155 0.213980
1 1 0.166952 0.385407 0.193202 0.000816 0.253623
1 2 0.064538 0.414817 0.327634 0.000675 0.192336
2 2 0.045095 0.396080 0.413073 0.000955 0.144797
1 2 0.069469 0.421895 0.401798 0.001003 0.105835
1 2 0.106664 0.444822 0.372115 0.000887 0.075512
1 2 0.158470 0.462390 0.310481 0.000629 0.068029
1 2 0.158826 0.463817 0.313051 0.000608 0.063698
1 2 0.161498 0.464378 0.310153 0.000596 0.063374
1 2 0.145719 0.464791 0.318247 0.000599 0.070644
1 1 0.181758 0.454267 0.266189 0.000632 0.097153
1 1 0.170488 0.445059 0.237037 0.000549 0.146867
1 1 0.137706 0.424148 0.219399 0.000493 0.218253
4 1 0.113407 0.297965 0.163660 0.001377 0.423591
4 1 0.153041 0.308158 0.187218 0.002927 0.348655
4 1 0.229539 0.294834 0.173829 0.005110 0.296688
0 2 0.388783 0.261516 0.127794 0.005749 0.216158
0 2 0.315445 0.308012 0.183783 0.006103 0.186658
1 2 0.208637 0.395899 0.246245 0.001849 0.147370
1 2 0.084861 0.435631 0.418710 0.000892 0.059906
1 1 0.086055 0.439591 0.428191 0.000758 0.045405
2 1 0.084451 0.417689 0.452400 0.001216 0.044244
1 1 0.156931 0.393896 0.387173 0.003498 0.058502
1 2 0.141439 0.322754 0.255751 0.005843 0.274212
1 2 0.088449 0.397496 0.379203 0.002092 0.132760
1 2 0.195941 0.310256 0.206941 0.005632 0.281229
4 2 0.249785 0.245234 0.131588 0.006504 0.366889
4 1 0.233562 0.202093 0.102042 0.007339 0.454963
4 1 0.234359 0.249089 0.139025 0.006708 0.370820
