0 0 0.494626 0.014338 0.004970 0.000519 0.485546
0 0 0.534987 0.041886 0.020118 0.006212 0.396797
0 0 0.499110 0.070623 0.038852 0.018286 0.373130
0 0 0.537149 0.058029 0.031096 0.013834 0.359892
0 0 0.503003 0.048077 0.023215 0.007147 0.418558
4 0 0.369772 0.130782 0.063856 0.009047 0.426543
4 0 0.257815 0.155220 0.071995 0.008380 0.506591
1 0 0.181521 0.347425 0.204407 0.015779 0.250869
2 0 0.036220 0.176181 0.647958 0.047285 0.092357
2 1 0.004668 0.045781 0.883627 0.049052 0.016871
2 1 0.003455 0.030971 0.845868 0.108024 0.011682
2 1 0.003288 0.028524 0.824248 0.132211 0.011728
2 1 0.002189 0.020558 0.813265 0.155373 0.008614
2 2 0.001468 0.017171 0.866739 0.107322 0.007301
2 2 0.001440 0.017293 0.873113 0.100367 0.007786
2 2 0.002567 0.025487 0.854373 0.106468 0.011106
2 2 0.002904 0.026335 0.831651 0.128480 0.010631
2 2 0.001823 0.016646 0.768034 0.206155 0.007342
2 2 0.000795 0.008862 0.744452 0.241462 0.004430
2 2 0.000619 0.006373 0.635118 0.354617 0.003273
2 2 0.000625 0.006284 0.623965 0.366191 0.002935
3 2 0.001018 0.006884 0.437310 0.551714 0.003075
3 3 0.001428 0.008566 0.424664 0.561819 0.003523
3 3 0.001633 0.008704 0.370180 0.615613 0.003870
3 3 0.001279 0.007226 0.364939 0.623458 0.003098
3 3 0.001264 0.006841 0.338567 0.650475 0.002853
3 3 0.001073 0.005806 0.314125 0.676682 0.002313
3 3 0.001096 0.005434 0.273541 0.717849 0.002080
3 3 0.000859 0.004072 0.224817 0.768823 0.001430
3 3 0.001255 0.005505 0.235988 0.755197 0.002055
3 3 0.001095 0.002813 0.080824 0.914464 0.000804
3 3 0.001161 0.002629 0.065260 0.930225 0.000725
3 3 0.001032 0.002221 0.055455 0.940707 0.000584
3 3 0.001066 0.002287 0.056125 0.939917 0.000605
3 3 0.000846 0.001853 0.051477 0.945355 0.000468
3 3 0.000663 0.001341 0.044658 0.953010 0.000328
3 3 0.000560 0.001271 0.044053 0.953820 0.000296
3 3 0.000611 0.001352 0.045129 0.952587 0.000321
3 3 0.000783 0.001222 0.042058 0.955615 0.000322
3 3 0.000690 0.001070 0.039742 0.958223 0.000275
3 3 0.000500 0.000835 0.036010 0.962455 0.000200
3 3 0.000426 0.000660 0.032380 0.966379 0.000156
3 3 0.000388 0.000582 0.030628 0.968265 0.000136
3 3 0.000599 0.000704 0.032552 0.965961 0.000185
3 3 0.001338 0.001025 0.036894 0.960409 0.000334
3 3 0.001510 0.001162 0.038921 0.958020 0.000387
3 3 0.001586 0.001244 0.040105 0.956649 0.000417
3 3 0.001166 0.001004 0.036910 0.960606 0.000313
3 3 0.000899 0.000802 0.033652 0.964410 0.000237
3 3 0.001025 0.000789 0.033044 0.964896 0.000245
3 3 0.001194 0.000896 0.034786 0.962837 0.000287
3 3 0.001275 0.000948 0.035612 0.961856 0.000308
3 3 0.001010 0.000847 0.034287 0.963598 0.000259
3 3 0.001239 0.000920 0.035162 0.962381 0.000298
3 3 0.001091 0.000822 0.033564 0.964264 0.000259
3 3 0.001006 0.000748 0.032205 0.965808 0.000233
3 3 0.001218 0.000791 0.032628 0.965102 0.000261
3 3 0.000819 0.000678 0.031158 0.967145 0.000200
3 3 0.001397 0.000932 0.035047 0.962310 0.000314
3 3 0.002592 0.001186 0.037649 0.958097 0.000475
3 3 0.002546 0.001164 0.037350 0.958474 0.000465
3 3 0.002400 0.001192 0.037981 0.957961 0.000465
3 3 0.002410 0.001102 0.036487 0.959566 0.000436
3 3 0.002453 0.001117 0.036688 0.959299 0.000443
3 3 0.002392 0.000919 0.033328 0.962987 0.000374
3 3 0.001676 0.000739 0.030724 0.966585 0.000275
3 3 0.001444 0.000630 0.028694 0.969003 0.000229
3 3 0.001187 0.000562 0.027496 0.970561 0.000194
3 3 0.000701 0.000375 0.023372 0.975437 0.000115
3 3 0.000644 0.000335 0.022220 0.976699 0.000102
3 3 0.000762 0.000370 0.023056 0.975695 0.000117
3 3 0.000809 0.000439 0.025034 0.973579 0.000138
3 3 0.000993 0.000565 0.027972 0.970286 0.000183
3 3 0.001133 0.000586 0.028195 0.969889 0.000198
3 3 0.001036 0.000595 0.028615 0.969559 0.000194
3 3 0.000807 0.000525 0.027410 0.971097 0.000161
3 3 0.000878 0.000537 0.027533 0.970884 0.000168
3 3 0.000522 0.000351 0.023147 0.975880 0.000099
3 3 0.000591 0.000342 0.022623 0.976343 0.000101
3 3 0.000529 0.000310 0.021710 0.977361 0.000089
3 3 0.000897 0.000476 0.025867 0.972607 0.000153
3 3 0.000983 0.000525 0.026974 0.971346 0.000172
3 3 0.000806 0.000474 0.026023 0.972549 0.000147
3 3 0.000481 0.000336 0.022782 0.976309 0.000092
3 3 0.000402 0.000275 0.020878 0.978372 0.000073
3 3 0.000318 0.000245 0.020049 0.979327 0.000061
3 3 0.000476 0.000317 0.022127 0.976993 0.000088
3 3 0.000945 0.000469 0.025566 0.972865 0.000154
3 3 0.001141 0.000589 0.028254 0.969816 0.000199
3 3 0.001142 0.000586 0.028173 0.969901 0.000198
3 3 0.000901 0.000425 0.024397 0.974137 0.000140
3 3 0.000920 0.000469 0.025614 0.972844 0.000153
3 3 0.000935 0.000469 0.025568 0.972875 0.000154
3 3 0.001402 0.000572 0.027388 0.970429 0.000209
3 3 0.002373 0.000885 0.032711 0.963670 0.000361
3 3 0.002166 0.001064 0.036165 0.960197 0.000408
3 3 0.002873 0.001816 0.046217 0.948391 0.000703
3 3 0.003028 0.002233 0.051020 0.942868 0.000852
3 3 0.002780 0.002606 0.055478 0.938195 0.000941
3 3 0.001906 0.002063 0.050905 0.944447 0.000679
3 3 0.003316 0.002090 0.049002 0.944761 0.000832
3 3 0.003178 0.001362 0.039692 0.955195 0.000573
3 3 0.002322 0.001160 0.037563 0.958506 0.000449
3 3 0.002353 0.001378 0.040908 0.954839 0.000521
3 3 0.001721 0.001470 0.043336 0.952979 0.000494
3 3 0.000842 0.001243 0.042183 0.955397 0.000335
3 3 0.001044 0.001847 0.050537 0.946070 0.000502
3 3 0.001438 0.003607 0.089371 0.904495 0.001089
3 3 0.001122 0.003343 0.108994 0.885520 0.001021
3 3 0.002005 0.006297 0.162855 0.826576 0.002267
3 3 0.001505 0.006635 0.259849 0.729407 0.002604
3 3 0.003718 0.015695 0.365013 0.607837 0.007737
2 3 0.009067 0.037602 0.498934 0.430090 0.024308
2 3 0.022273 0.085006 0.602240 0.251794 0.038687
2 3 0.020363 0.086018 0.643137 0.207695 0.042787
2 3 0.012987 0.061673 0.632861 0.244873 0.047606
2 3 0.008876 0.048872 0.668228 0.234101 0.039923
2 2 0.008708 0.050712 0.694566 0.202531 0.043484
2 2 0.008564 0.051214 0.705557 0.189849 0.044817
2 2 0.008954 0.057626 0.736368 0.141155 0.055897
2 2 0.003649 0.023698 0.643331 0.313555 0.015767
2 2 0.002043 0.014054 0.578917 0.397035 0.007951
2 2 0.001044 0.008402 0.561520 0.424772 0.004263
2 2 0.000690 0.006202 0.559049 0.431084 0.002974
3 2 0.000906 0.006570 0.462442 0.527119 0.002963
3 2 0.001322 0.008639 0.462054 0.523896 0.004090
2 2 0.003585 0.020156 0.542687 0.421707 0.011865
2 2 0.003610 0.026072 0.709350 0.242294 0.018674
2 2 0.015823 0.076477 0.669882 0.185705 0.052113
2 2 0.020197 0.092919 0.672829 0.160303 0.053752
2 2 0.027578 0.098715 0.571141 0.244395 0.058172
2 2 0.019690 0.074012 0.561531 0.300237 0.044531
2 2 0.007790 0.040219 0.627283 0.301017 0.023691
2 2 0.004521 0.028565 0.660046 0.286723 0.020145
2 2 0.004818 0.030650 0.680386 0.264359 0.019787
2 2 0.005434 0.033907 0.690071 0.249663 0.020925
2 2 0.009395 0.042204 0.561872 0.360292 0.026238
2 2 0.007529 0.036775 0.577458 0.354076 0.024162
2 2 0.008663 0.039147 0.546778 0.378829 0.026584
2 2 0.004507 0.025034 0.574944 0.379703 0.015812
2 2 0.008740 0.037572 0.516153 0.412908 0.024628
2 2 0.007880 0.035302 0.526197 0.407607 0.023015
2 2 0.011045 0.043971 0.503590 0.411833 0.029561
2 2 0.008000 0.038618 0.576770 0.349754 0.026859
2 2 0.009393 0.047805 0.631224 0.274485 0.037094
2 2 0.003562 0.025331 0.697090 0.255886 0.018130
2 2 0.002879 0.018155 0.581779 0.386372 0.010815
2 2 0.004833 0.024015 0.512139 0.444728 0.014285
3 2 0.005081 0.022825 0.454399 0.504827 0.012868
2 2 0.010408 0.043050 0.518687 0.398686 0.029168
2 2 0.022326 0.139686 0.486101 0.025117 0.326769
2 2 0.030053 0.150971 0.474367 0.043611 0.300998
2 2 0.041021 0.175352 0.386901 0.038106 0.358620
2 2 0.028336 0.137905 0.583904 0.070913 0.178942
2 2 0.012296 0.078916 0.739278 0.091811 0.077699
2 2 0.015182 0.084105 0.683888 0.124345 0.092480
2 2 0.011593 0.061529 0.670398 0.201147 0.055334
2 2 0.038500 0.142999 0.482822 0.129341 0.206338
4 2 0.057187 0.186896 0.301023 0.054907 0.399986
4 2 0.104816 0.216464 0.193791 0.074862 0.410066
4 2 0.093983 0.210842 0.265903 0.107209 0.322062
2 2 0.088452 0.188631 0.326232 0.196556 0.200128
2 2 0.024447 0.096652 0.578022 0.210884 0.089995
2 2 0.012213 0.060398 0.642910 0.233466 0.051012
2 2 0.010419 0.059519 0.697885 0.177857 0.054320
2 2 0.007677 0.051870 0.744903 0.144844 0.050706
2 2 0.012449 0.069752 0.694747 0.154508 0.068544
2 2 0.036054 0.163904 0.595411 0.065099 0.139532
2 2 0.063482 0.224850 0.457718 0.054841 0.199110
2 2 0.059210 0.213454 0.405233 0.048225 0.273878
4 2 0.079390 0.208499 0.195610 0.036483 0.480018
4 2 0.082160 0.196144 0.122896 0.021417 0.577384
4 2 0.096115 0.206397 0.123560 0.027744 0.546184
4 2 0.077397 0.207364 0.199247 0.035873 0.480118
2 2 0.069425 0.201123 0.335162 0.078106 0.316184
2 2 0.037276 0.144802 0.522420 0.112967 0.182534
4 2 0.069671 0.198760 0.316573 0.078496 0.336500
4 2 0.068960 0.202668 0.300355 0.063207 0.364811
4 2 0.094119 0.210656 0.145261 0.032676 0.517288
4 2 0.096663 0.217856 0.176082 0.044243 0.465156
4 2 0.062319 0.190967 0.179696 0.022001 0.545016
2 2 0.030635 0.168856 0.582234 0.033526 0.184748
2 2 0.035232 0.201337 0.605840 0.021148 0.136443
2 2 0.048820 0.233374 0.567839 0.024908 0.125060
2 1 0.088733 0.282733 0.339970 0.030377 0.258187
4 1 0.096860 0.216721 0.167675 0.041471 0.477272
4 1 0.104423 0.204516 0.102404 0.025536 0.563121
4 1 0.135649 0.228982 0.131573 0.055303 0.448493
4 1 0.121703 0.221488 0.145155 0.058948 0.452705
4 1 0.173073 0.169726 0.096547 0.031301 0.529353
4 1 0.236000 0.150829 0.080948 0.029580 0.502642
4 0 0.281691 0.164344 0.096258 0.044868 0.412839
0 0 0.375061 0.233398 0.145406 0.028958 0.217176
2 0 0.138415 0.360244 0.377623 0.032603 0.091115
2 0 0.043323 0.211074 0.670012 0.028750 0.046841
2 0 0.029401 0.157196 0.738033 0.040064 0.035306
2 0 0.076085 0.207769 0.579431 0.072256 0.064459
2 0 0.253730 0.208021 0.369224 0.057174 0.111851
2 0 0.271418 0.234484 0.287027 0.036537 0.170534
0 0 0.313111 0.251706 0.193698 0.022706 0.218780
0 0 0.364808 0.230016 0.134815 0.020962 0.249399
4 0 0.305240 0.187691 0.098713 0.016304 0.392052
4 0 0.169925 0.299864 0.175825 0.038011 0.316375
4 0 0.133432 0.251704 0.140139 0.037182 0.437542
4 0 0.200845 0.145593 0.071522 0.017258 0.564782
4 0 0.351168 0.123754 0.067827 0.025048 0.432203
0 0 0.564361 0.044327 0.022455 0.008427 0.360430
0 0 0.750304 0.025889 0.014769 0.009413 0.199625
0 0 0.723554 0.028424 0.015865 0.009197 0.222960
0 0 0.729106 0.025362 0.013772 0.007318 0.224441
2 0 0.148906 0.278164 0.308372 0.026601 0.237956
0 0 0.349066 0.229647 0.219275 0.041292 0.160719
0 0 0.445938 0.205042 0.144344 0.035122 0.169554
0 0 0.343861 0.219448 0.132958 0.031859 0.271873
1 0 0.186691 0.310631 0.186319 0.037619 0.278741
4 0 0.085770 0.301544 0.291700 0.015059 0.305926
4 0 0.096986 0.263423 0.259626 0.012388 0.367576
4 0 0.224626 0.262962 0.205770 0.022516 0.284126
4 0 0.284137 0.236191 0.128596 0.016812 0.334264
0 0 0.314595 0.246253 0.141923 0.021879 0.275349
4 0 0.275214 0.193183 0.095236 0.010892 0.425474
4 0 0.264754 0.176062 0.083484 0.008832 0.466868
4 0 0.222698 0.087117 0.037480 0.006434 0.646271
4 0 0.330407 0.069876 0.031508 0.006892 0.561317
4 0 0.436297 0.060488 0.029149 0.008538 0.465528
0 0 0.533892 0.046572 0.023083 0.007902 0.388552
0 0 0.680353 0.029862 0.015709 0.007235 0.266841
0 0 0.769171 0.019117 0.010270 0.005451 0.195991
0 0 0.872506 0.012952 0.008255 0.008699 0.097588
0 0 0.851873 0.021265 0.016414 0.032928 0.077520
0 0 0.751204 0.039095 0.027230 0.034461 0.148009
0 0 0.564042 0.061968 0.035388 0.019845 0.318756
4 0 0.343850 0.121309 0.068215 0.031654 0.434971
4 0 0.190403 0.190351 0.102931 0.032383 0.483932
4 0 0.051257 0.211566 0.305507 0.019789 0.411881
2 0 0.015872 0.140815 0.572776 0.009916 0.260620
2 0 0.014962 0.132079 0.446156 0.007712 0.399091
4 0 0.013522 0.118712 0.345170 0.005910 0.516686
4 0 0.015339 0.123919 0.323555 0.006375 0.530812
4 1 0.017938 0.131760 0.332607 0.008279 0.509416
4 1 0.042499 0.137986 0.072210 0.004672 0.742632
4 1 0.041923 0.137841 0.073483 0.004663 0.742090
4 1 0.024281 0.136198 0.183542 0.005735 0.650245
4 1 0.019376 0.132401 0.263718 0.006595 0.577910
2 1 0.014385 0.122184 0.429860 0.009416 0.424155
4 1 0.016087 0.127434 0.388631 0.009174 0.458674
4 1 0.019261 0.129716 0.232289 0.005543 0.613191
4 1 0.029404 0.134654 0.120363 0.004693 0.710886
4 1 0.039149 0.128510 0.061208 0.003559 0.767574
4 1 0.048290 0.127011 0.046407 0.003520 0.774771
4 1 0.059345 0.139715 0.054338 0.005249 0.741354
4 1 0.054533 0.166839 0.111276 0.010332 0.657021
4 1 0.048939 0.176685 0.185581 0.015850 0.572945
2 1 0.023204 0.144580 0.441908 0.020196 0.370113
2 1 0.016202 0.119607 0.592046 0.025186 0.246959
2 1 0.008697 0.083278 0.730124 0.025604 0.152297
2 1 0.008552 0.082637 0.729578 0.025407 0.153825
2 1 0.007723 0.072231 0.766872 0.036800 0.116375
2 1 0.007556 0.064901 0.780708 0.057267 0.089569
2 1 0.005171 0.047516 0.819283 0.072614 0.055416
2 1 0.003705 0.037615 0.842685 0.074419 0.041577
2 2 0.003178 0.035248 0.857940 0.063108 0.040527
2 2 0.003108 0.033958 0.857646 0.068157 0.037131
2 2 0.003607 0.040872 0.853929 0.048975 0.052618
2 2 0.001687 0.023279 0.893975 0.055874 0.025185
2 2 0.001710 0.025905 0.900931 0.038086 0.033367
2 2 0.001334 0.020231 0.906052 0.050394 0.021990
2 2 0.001621 0.023157 0.898776 0.050756 0.025691
2 2 0.002852 0.033025 0.867273 0.059677 0.037172
2 2 0.002780 0.033330 0.871961 0.053164 0.038765
2 2 0.001511 0.016187 0.807092 0.162946 0.012265
2 2 0.001572 0.017902 0.838228 0.127517 0.014781
2 2 0.002005 0.020424 0.814712 0.146271 0.016588
2 2 0.003290 0.026038 0.747457 0.203177 0.020039
2 2 0.006310 0.040602 0.743082 0.190423 0.019583
2 2 0.016225 0.077398 0.701089 0.176084 0.029204
2 2 0.031609 0.134004 0.673198 0.110413 0.050776
2 2 0.033655 0.132332 0.641069 0.136237 0.056706
2 2 0.013645 0.068112 0.692309 0.191693 0.034240
2 2 0.014956 0.073437 0.680600 0.186318 0.044689
2 2 0.016050 0.077803 0.683093 0.178089 0.044965
2 2 0.018739 0.094524 0.719803 0.123107 0.043826
2 2 0.014662 0.078434 0.731078 0.137680 0.038146
2 2 0.010985 0.062451 0.727744 0.161985 0.036836
2 2 0.010664 0.050368 0.605256 0.296293 0.037419
2 2 0.012015 0.055666 0.615731 0.278625 0.037964
2 2 0.011780 0.047560 0.521870 0.385704 0.033087
2 2 0.004943 0.023427 0.484614 0.473440 0.013576
2 2 0.003238 0.019189 0.560299 0.405925 0.011349
2 2 0.002011 0.014085 0.588629 0.387237 0.008038
2 2 0.002055 0.015980 0.664443 0.307501 0.010020
2 2 0.003268 0.019626 0.571159 0.394182 0.011765
3 2 0.004850 0.021746 0.445308 0.516032 0.012064
3 2 0.006460 0.025083 0.405269 0.549998 0.013191
3 2 0.005905 0.022716 0.383252 0.575969 0.012158
3 2 0.003685 0.017919 0.450374 0.518407 0.009615
2 2 0.003212 0.017659 0.507506 0.461766 0.009858
2 2 0.002572 0.014878 0.501685 0.472860 0.008005
3 2 0.002788 0.013867 0.416836 0.559583 0.006927
3 2 0.003513 0.014871 0.357855 0.616539 0.007223
3 2 0.002841 0.010839 0.273738 0.707895 0.004687
3 2 0.002121 0.008091 0.238032 0.748519 0.003236
3 3 0.002134 0.007372 0.200075 0.787603 0.002816
3 3 0.002393 0.006767 0.146692 0.841717 0.002431
3 3 0.003359 0.008531 0.142933 0.841998 0.003180
3 3 0.003869 0.009565 0.146125 0.836791 0.003650
3 3 0.003365 0.008701 0.147950 0.836713 0.003271
3 3 0.003876 0.008995 0.129903 0.853885 0.003341
3 3 0.009678 0.013231 0.110246 0.861149 0.005697
3 3 0.058761 0.013571 0.094032 0.822666 0.010971
3 3 0.152886 0.020483 0.098624 0.705873 0.022135
3 3 0.298868 0.064201 0.161207 0.419976 0.055748
3 3 0.218848 0.119826 0.269601 0.333987 0.057738
3 3 0.091100 0.139800 0.258785 0.435716 0.074599
3 3 0.004297 0.013062 0.224337 0.752674 0.005631
3 3 0.003954 0.013581 0.266921 0.709457 0.006086
3 3 0.002162 0.008756 0.266638 0.718816 0.003627
3 3 0.002152 0.009066 0.284680 0.700274 0.003828
3 3 0.002065 0.009431 0.319807 0.664588 0.004109
3 3 0.002672 0.009802 0.248456 0.734983 0.004087
3 3 0.003235 0.010246 0.210228 0.772108 0.004183
3 3 0.003203 0.008294 0.144587 0.840836 0.003081
3 3 0.002275 0.006225 0.134393 0.854930 0.002177
3 3 0.002686 0.006452 0.114504 0.874135 0.002223
3 3 0.003377 0.007971 0.124879 0.860889 0.002883
3 3 0.002887 0.007884 0.151370 0.834936 0.002922
3 3 0.002615 0.006167 0.109083 0.880040 0.002095
3 3 0.002756 0.005443 0.079734 0.910326 0.001742
3 3 0.001658 0.003423 0.066154 0.927776 0.000989
3 3 0.001645 0.003400 0.065970 0.928004 0.000981
3 3 0.000834 0.001829 0.051205 0.945670 0.000461
3 3 0.000807 0.001774 0.050561 0.946414 0.000444
3 3 0.000739 0.001637 0.048915 0.948307 0.000403
3 3 0.000973 0.002104 0.054237 0.942140 0.000547
3 3 0.000612 0.001378 0.045560 0.952123 0.000327
3 3 0.000668 0.001023 0.038964 0.959082 0.000263
3 3 0.000401 0.000565 0.030093 0.968807 0.000134
3 3 0.000821 0.000828 0.034447 0.963669 0.000236
3 3 0.002237 0.001338 0.040467 0.955460 0.000499
3 3 0.003404 0.001608 0.042891 0.951424 0.000674
3 3 0.002745 0.001430 0.041162 0.954096 0.000567
3 3 0.002847 0.001899 0.047299 0.947226 0.000728
3 3 0.001982 0.003223 0.063308 0.930487 0.001000
3 3 0.002779 0.005484 0.079976 0.910003 0.001758
3 3 0.003470 0.007672 0.111912 0.874228 0.002717
3 3 0.003631 0.006997 0.088105 0.898900 0.002367
3 3 0.002084 0.004218 0.071979 0.920444 0.001276
3 3 0.001639 0.003389 0.065879 0.928117 0.000977
3 3 0.001376 0.002889 0.061739 0.933192 0.000804
3 3 0.001628 0.003363 0.065666 0.928375 0.000968
3 3 0.001284 0.002569 0.058573 0.936863 0.000711
3 3 0.000914 0.001950 0.052479 0.944154 0.000502
3 3 0.000771 0.001702 0.049700 0.947405 0.000422
3 3 0.000704 0.001567 0.048042 0.949305 0.000382
3 3 0.002148 0.002603 0.056597 0.937792 0.000860
3 3 0.002518 0.002871 0.058665 0.934960 0.000986
3 3 0.025329 0.010964 0.092749 0.864159 0.006799
3 3 0.092194 0.029145 0.125430 0.728464 0.024767
3 3 0.072883 0.051578 0.164160 0.674155 0.037224
3 3 0.049387 0.076397 0.205637 0.620609 0.047970
3 3 0.002162 0.005597 0.117843 0.872510 0.001888
3 3 0.002047 0.005169 0.109242 0.881839 0.001703
3 3 0.002053 0.007228 0.203084 0.784877 0.002758
3 3 0.001543 0.006585 0.248467 0.740845 0.002560
3 3 0.001433 0.006708 0.281549 0.707632 0.002679
3 3 0.001825 0.007273 0.239067 0.748979 0.002857
3 3 0.001634 0.007890 0.315246 0.671910 0.003320
3 3 0.001836 0.009604 0.378078 0.606112 0.004370
3 3 0.002647 0.012545 0.378755 0.600060 0.005993
3 3 0.002022 0.009125 0.310593 0.674333 0.003928
3 3 0.002198 0.007672 0.206789 0.780374 0.002967
3 3 0.005892 0.018852 0.289601 0.677863 0.007791
2 3 0.020673 0.070349 0.549753 0.339778 0.019448
2 3 0.021852 0.081935 0.617299 0.256025 0.022888
2 3 0.010836 0.053545 0.669213 0.243995 0.022411
2 3 0.003622 0.020468 0.547969 0.415805 0.012136
2 3 0.001478 0.010275 0.524859 0.458132 0.005255
2 3 0.001203 0.009391 0.567007 0.417515 0.004883
2 3 0.002092 0.014141 0.571031 0.404779 0.007957
2 3 0.012911 0.060654 0.653665 0.243052 0.029718
2 3 0.042417 0.153028 0.628647 0.128749 0.047159
2 3 0.127417 0.346480 0.415857 0.035404 0.074841
2 3 0.086188 0.281091 0.526747 0.044545 0.061429
2 3 0.045742 0.192904 0.657640 0.054931 0.048782
2 3 0.012908 0.072147 0.758942 0.130643 0.025360
2 3 0.011485 0.059382 0.707366 0.198874 0.022893
2 3 0.013408 0.069472 0.724014 0.166388 0.026719
2 3 0.005467 0.036714 0.752498 0.189107 0.016214
2 3 0.003125 0.028681 0.844059 0.112613 0.011522
2 3 0.001688 0.020591 0.892173 0.076640 0.008908
2 3 0.103477 0.260848 0.435089 0.096808 0.103778
1 3 0.179643 0.398964 0.248565 0.022908 0.149920
1 3 0.171531 0.356722 0.299071 0.047794 0.124882
2 3 0.020291 0.095747 0.704422 0.140141 0.039399
2 3 0.004837 0.031193 0.697428 0.249000 0.017542
2 3 0.002699 0.017440 0.586940 0.382567 0.010354
2 3 0.002607 0.015353 0.516281 0.457357 0.008402
3 3 0.002770 0.014530 0.449798 0.525408 0.007494
3 3 0.002486 0.011335 0.346690 0.634290 0.005200
3 3 0.002787 0.013373 0.394563 0.582742 0.006534
3 3 0.002239 0.011799 0.415667 0.564576 0.005719
3 3 0.002538 0.012590 0.399295 0.579474 0.006104
3 3 0.003156 0.015595 0.433935 0.539257 0.008058
3 3 0.003325 0.015144 0.392002 0.581972 0.007557
3 2 0.003031 0.014169 0.392562 0.583250 0.006987
3 2 0.012489 0.039879 0.387796 0.535766 0.024069
2 2 0.069276 0.154090 0.325774 0.267541 0.183320
4 2 0.120557 0.213448 0.187950 0.104027 0.374018
4 2 0.192492 0.177739 0.092462 0.025045 0.512262
4 2 0.330044 0.174266 0.091608 0.015595 0.388487
2 2 0.094320 0.297406 0.417637 0.038162 0.152475
2 2 0.075468 0.208281 0.505861 0.134418 0.075972
2 2 0.079245 0.182392 0.402841 0.218448 0.117074
2 2 0.009377 0.053395 0.717191 0.190614 0.029423
2 2 0.010048 0.056536 0.713480 0.186029 0.033907
2 2 0.008031 0.048019 0.720161 0.194548 0.029240
2 2 0.005820 0.038727 0.741719 0.191217 0.022517
2 2 0.004549 0.034523 0.777266 0.161928 0.021733
2 2 0.011941 0.074181 0.760720 0.105327 0.047831
2 2 0.027704 0.143251 0.712036 0.057861 0.059148
0 2 0.612743 0.134332 0.147039 0.039523 0.066363
0 2 0.770250 0.033993 0.040215 0.086757 0.068786
0 0 0.856666 0.018995 0.014871 0.025584 0.083884
0 0 0.643691 0.044595 0.025391 0.014844 0.271478
4 0 0.234761 0.069732 0.028437 0.004138 0.662931
4 0 0.073201 0.099120 0.035763 0.002794 0.789122
4 1 0.059510 0.190023 0.192885 0.022440 0.535141
4 1 0.124758 0.233797 0.173192 0.023173 0.445080
4 0 0.254869 0.256637 0.177206 0.047423 0.263865
1 0 0.172112 0.293223 0.185644 0.063337 0.285684
4 0 0.094025 0.205914 0.126748 0.027586 0.545727
4 1 0.031540 0.159976 0.286190 0.014854 0.507441
4 1 0.032560 0.161470 0.280045 0.015076 0.510849
4 1 0.035201 0.165445 0.270842 0.016115 0.512397
4 1 0.047497 0.177300 0.203283 0.017018 0.554902
4 1 0.066598 0.164529 0.075159 0.009212 0.684501
4 4 0.063953 0.139429 0.054830 0.005565 0.736223
4 4 0.074789 0.053997 0.016530 0.000759 0.853925
4 4 0.081125 0.041812 0.012139 0.000477 0.864447
4 4 0.119072 0.044492 0.013976 0.000760 0.821700
4 4 0.137564 0.053508 0.018097 0.001285 0.789546
4 4 0.194571 0.064963 0.024836 0.002814 0.712816
4 4 0.139343 0.097203 0.039004 0.004853 0.719596
4 4 0.102991 0.141831 0.060849 0.008957 0.685372
4 4 0.110781 0.126976 0.053227 0.007311 0.701705
4 4 0.116081 0.141788 0.069837 0.012058 0.660237
4 4 0.090758 0.082266 0.029111 0.002216 0.795649
4 4 0.110123 0.056536 0.018649 0.001171 0.813520
4 4 0.099917 0.032929 0.009310 0.000349 0.857495
4 4 0.124672 0.030719 0.008862 0.000370 0.835377
4 4 0.137354 0.081743 0.031064 0.003224 0.746615
4 4 0.140429 0.076679 0.028730 0.002858 0.751303
4 4 0.090091 0.053761 0.016928 0.000881 0.838340
4 4 0.109075 0.067019 0.023104 0.001671 0.799131
4 4 0.118656 0.087331 0.032926 0.003240 0.757847
4 4 0.138323 0.113811 0.055931 0.008828 0.683107
4 4 0.147234 0.087359 0.040712 0.005172 0.719523
4 4 0.145323 0.099553 0.049501 0.007209 0.698414
4 4 0.165462 0.092550 0.037884 0.005201 0.698903
4 4 0.140420 0.067070 0.024203 0.002130 0.766178
4 4 0.082656 0.074683 0.025333 0.001652 0.815675
4 4 0.072463 0.056046 0.017242 0.000800 0.853450
4 4 0.068239 0.050167 0.014859 0.000603 0.866132
4 4 0.113085 0.056362 0.018662 0.001192 0.810700
4 4 0.102118 0.116917 0.046921 0.005521 0.728522
4 4 0.096541 0.213580 0.118876 0.021848 0.549156
4 4 0.057838 0.228587 0.316431 0.020964 0.376179
4 4 0.028547 0.156428 0.359962 0.018561 0.436503
4 4 0.027294 0.154018 0.360969 0.017431 0.440287
4 4 0.026719 0.152917 0.369486 0.017599 0.433279
4 4 0.032913 0.162623 0.290549 0.016187 0.497729
4 4 0.043342 0.153354 0.111326 0.007432 0.684546
4 4 0.058835 0.080554 0.026483 0.001469 0.832660
4 4 0.077769 0.039769 0.011327 0.000415 0.870720
4 4 0.065265 0.023419 0.005704 0.000123 0.905490
4 4 0.046342 0.024299 0.005685 0.000101 0.923572
4 4 0.049363 0.055349 0.016038 0.000572 0.878678
4 4 0.031677 0.053029 0.014291 0.000373 0.900629
4 4 0.040336 0.060980 0.017615 0.000601 0.880469
4 4 0.047239 0.116344 0.041226 0.002815 0.792376
4 4 0.035670 0.057656 0.016137 0.000486 0.890051
4 4 0.070997 0.107230 0.039422 0.003259 0.779092
4 4 0.071990 0.167321 0.071599 0.009837 0.679253
4 4 0.059160 0.183636 0.157479 0.017253 0.582471
2 4 0.019151 0.130574 0.540220 0.024689 0.285367
2 4 0.020220 0.144263 0.595732 0.020035 0.219750
2 4 0.025403 0.160503 0.559433 0.022481 0.232179
2 4 0.026167 0.157310 0.540304 0.026208 0.250011
2 4 0.022754 0.140677 0.506513 0.026954 0.303102
2 4 0.017041 0.124264 0.560652 0.022871 0.275172
4 4 0.032392 0.163296 0.357378 0.022237 0.424696
4 4 0.048467 0.184201 0.266089 0.025607 0.475636
4 4 0.080782 0.209284 0.193289 0.036947 0.479698
4 4 0.070210 0.205502 0.250390 0.042936 0.430962
2 4 0.046947 0.180786 0.402882 0.053280 0.316105
2 4 0.019870 0.125682 0.600861 0.037969 0.215618
2 4 0.015289 0.103224 0.683300 0.049230 0.148958
2 2 0.014542 0.096858 0.701133 0.058021 0.129445
2 2 0.007241 0.062460 0.794350 0.057365 0.078584
2 2 0.004508 0.047203 0.839932 0.049029 0.059329
2 2 0.003022 0.037101 0.870592 0.042709 0.046576
2 2 0.004853 0.058538 0.809376 0.023572 0.103661
2 2 0.004692 0.057502 0.813725 0.022944 0.101139
2 2 0.003231 0.042847 0.860549 0.028161 0.065212
2 2 0.001706 0.025454 0.902568 0.039459 0.030813
2 2 0.001274 0.018439 0.897036 0.064819 0.018432
2 2 0.001841 0.025328 0.893663 0.050630 0.028538
2 2 0.002839 0.037442 0.874085 0.034379 0.051255
2 2 0.004783 0.056810 0.821278 0.025501 0.091628
2 2 0.007355 0.083799 0.702408 0.013912 0.192525
2 2 0.003362 0.033629 0.840715 0.088164 0.034130
2 2 0.011472 0.082072 0.722191 0.067387 0.116878
2 2 0.028342 0.148583 0.608283 0.054661 0.160131
2 3 0.082006 0.301185 0.380423 0.020270 0.216116
1 3 0.128948 0.329003 0.301814 0.034724 0.205511
1 3 0.164097 0.356528 0.286936 0.040922 0.151518
2 3 0.073258 0.263648 0.421218 0.033308 0.208568
2 3 0.032454 0.177905 0.600987 0.030414 0.158239
2 3 0.011341 0.092468 0.753167 0.035062 0.107962
2 3 0.005711 0.055924 0.812320 0.048417 0.077629
2 3 0.006141 0.057576 0.802684 0.053521 0.080078
2 3 0.006313 0.049069 0.786733 0.107838 0.050048
2 3 0.006226 0.046340 0.773868 0.129008 0.044557
2 3 0.004612 0.033058 0.735441 0.200328 0.026562
2 3 0.003486 0.029710 0.789357 0.152059 0.025389
2 3 0.003412 0.028141 0.772495 0.172976 0.022977
2 3 0.004128 0.029513 0.720724 0.223076 0.022559
2 3 0.006000 0.037200 0.688319 0.239576 0.028904
2 3 0.006486 0.037472 0.657617 0.270315 0.028110
2 3 0.006790 0.037832 0.642206 0.285211 0.027962
2 3 0.008394 0.044291 0.638104 0.275281 0.033930
2 3 0.008715 0.039967 0.557153 0.366640 0.027524
2 3 0.005870 0.027013 0.494692 0.456194 0.016231
2 3 0.005439 0.025159 0.485101 0.469509 0.014793
3 3 0.003168 0.015677 0.435445 0.537592 0.008117
3 3 0.002526 0.011616 0.353918 0.626560 0.005379
3 3 0.003486 0.012468 0.269663 0.708869 0.005513
3 3 0.003343 0.011942 0.263927 0.715570 0.005218
3 3 0.002751 0.008294 0.177277 0.808503 0.003174
3 3 0.002514 0.007324 0.159059 0.828405 0.002699
3 3 0.004756 0.008948 0.097038 0.886059 0.003199
3 3 0.003024 0.005924 0.082473 0.906648 0.001931
3 3 0.001656 0.003421 0.066136 0.927798 0.000988
3 3 0.001257 0.002659 0.059691 0.935665 0.000727
3 3 0.001282 0.002708 0.060138 0.935128 0.000743
3 3 0.000868 0.001897 0.051978 0.944774 0.000482
3 3 0.000646 0.001448 0.046497 0.951062 0.000347
3 3 0.000537 0.001224 0.043380 0.954575 0.000283
3 3 0.000693 0.001545 0.047762 0.949625 0.000375
3 3 0.000939 0.001983 0.052807 0.943758 0.000514
3 3 0.000871 0.001529 0.046668 0.950529 0.000403
3 3 0.001058 0.001654 0.047782 0.949046 0.000460
3 3 0.000535 0.001219 0.043308 0.954656 0.000281
3 3 0.000619 0.001392 0.045745 0.951914 0.000331
3 3 0.000549 0.001247 0.043719 0.954196 0.000289
3 3 0.000771 0.001253 0.042655 0.954994 0.000327
3 3 0.000854 0.001302 0.043124 0.954370 0.000350
3 3 0.001198 0.001590 0.046395 0.950351 0.000465
3 3 0.000947 0.001182 0.040749 0.956788 0.000334
3 3 0.000857 0.000811 0.033989 0.964107 0.000236
3 3 0.000693 0.000650 0.030916 0.967559 0.000182
3 3 0.000732 0.000745 0.032975 0.965341 0.000208
3 3 0.000914 0.000844 0.034497 0.963497 0.000249
3 3 0.000778 0.000681 0.031352 0.966992 0.000197
3 3 0.000998 0.000648 0.029962 0.968186 0.000206
3 3 0.001106 0.000745 0.031885 0.966024 0.000240
3 3 0.001459 0.000795 0.032231 0.965236 0.000279
3 3 0.001808 0.000988 0.035347 0.961497 0.000360
3 3 0.002095 0.001078 0.036503 0.959916 0.000408
3 3 0.001732 0.000926 0.034335 0.962671 0.000336
3 3 0.000700 0.000516 0.027491 0.971142 0.000151
3 3 0.000608 0.000432 0.025402 0.973433 0.000124
3 3 0.000636 0.000482 0.026763 0.971981 0.000138
3 3 0.000462 0.000389 0.024620 0.974426 0.000103
3 3 0.000350 0.000335 0.023342 0.975890 0.000083
3 3 0.000272 0.000271 0.021398 0.977995 0.000063
3 3 0.000325 0.000323 0.023058 0.976216 0.000078
3 3 0.000298 0.000287 0.021845 0.977501 0.000069
3 3 0.000413 0.000324 0.022627 0.976552 0.000085
3 3 0.000517 0.000406 0.024946 0.974019 0.000111
3 3 0.000654 0.000464 0.026195 0.972552 0.000135
3 3 0.000782 0.000617 0.029817 0.968602 0.000182
3 3 0.000424 0.000348 0.023426 0.975711 0.000091
3 3 0.000481 0.000386 0.024453 0.974576 0.000104
3 3 0.000441 0.000430 0.026013 0.973006 0.000110
3 3 0.000633 0.000558 0.028824 0.969829 0.000155
3 3 0.000436 0.000378 0.024388 0.974700 0.000099
3 3 0.000513 0.000429 0.025659 0.973284 0.000116
3 3 0.000361 0.000288 0.021557 0.977720 0.000074
3 3 0.000747 0.000480 0.026358 0.972270 0.000145
3 3 0.000903 0.000513 0.026843 0.971578 0.000164
3 3 0.001571 0.000779 0.031706 0.965663 0.000281
3 3 0.000883 0.000498 0.026489 0.971972 0.000158
3 3 0.001158 0.000593 0.028317 0.969731 0.000201
3 3 0.001269 0.000628 0.028945 0.968940 0.000218
3 3 0.000974 0.000522 0.026909 0.971426 0.000170
3 3 0.000419 0.000259 0.020198 0.979053 0.000071
3 3 0.000253 0.000198 0.018311 0.981191 0.000047
3 3 0.000245 0.000190 0.017999 0.981521 0.000045
3 3 0.000812 0.000426 0.024654 0.973972 0.000135
3 3 0.002014 0.000856 0.032592 0.964207 0.000331
3 3 0.001518 0.000772 0.031648 0.965787 0.000276
3 3 0.001359 0.000757 0.031622 0.966001 0.000261
3 3 0.001607 0.000950 0.034987 0.962121 0.000334
3 3 0.001870 0.000958 0.034718 0.962097 0.000355
3 3 0.001753 0.000997 0.035608 0.961282 0.000359
3 3 0.001470 0.000805 0.032413 0.965030 0.000282
3 3 0.002022 0.000982 0.034921 0.961702 0.000372
3 3 0.002223 0.000914 0.033425 0.963077 0.000362
3 3 0.002149 0.000766 0.030655 0.966121 0.000309
3 3 0.001733 0.000630 0.028269 0.969124 0.000244
3 3 0.001063 0.000471 0.025378 0.972927 0.000161
3 3 0.000735 0.000370 0.023138 0.975641 0.000116
3 3 0.000512 0.000290 0.021031 0.978084 0.000083
3 3 0.000465 0.000334 0.022777 0.976333 0.000091
3 3 0.000586 0.000413 0.024912 0.973971 0.000118
3 3 0.001746 0.000800 0.031872 0.965283 0.000298
3 3 0.007803 0.001936 0.043969 0.945242 0.001050
3 3 0.007702 0.002498 0.049981 0.938525 0.001294
3 3 0.063125 0.020060 0.115701 0.786224 0.014890
3 3 0.121213 0.060701 0.270811 0.524355 0.022920
2 3 0.270705 0.120359 0.299376 0.263926 0.045634
2 3 0.080210 0.118613 0.489717 0.279621 0.031839
2 3 0.071142 0.183242 0.520976 0.186051 0.038589
2 3 0.051398 0.148210 0.535204 0.213002 0.052186
2 3 0.032730 0.140461 0.677313 0.098680 0.050816
2 3 0.013242 0.075297 0.711554 0.133477 0.066431
2 2 0.012618 0.075286 0.740048 0.116510 0.055537
2 2 0.023355 0.095569 0.577157 0.205714 0.098205
2 2 0.053004 0.152368 0.440281 0.192177 0.162170
4 2 0.032318 0.163038 0.338799 0.020169 0.445676
4 2 0.029912 0.158964 0.364218 0.020356 0.426550
4 2 0.037544 0.161035 0.188135 0.010924 0.602362
4 2 0.062874 0.184949 0.145637 0.017248 0.589292
4 2 0.104503 0.206322 0.109497 0.027375 0.552302
4 2 0.089655 0.224582 0.264732 0.066738 0.354293
4 2 0.099052 0.222394 0.247592 0.081647 0.349315
4 2 0.054955 0.189187 0.229074 0.025038 0.501745
4 2 0.108581 0.214267 0.157054 0.058634 0.461464
4 2 0.161211 0.177831 0.101928 0.033176 0.525853
4 2 0.134152 0.165794 0.079659 0.017991 0.602404
4 2 0.147704 0.166307 0.081799 0.020346 0.583844
4 2 0.082580 0.183064 0.086501 0.014673 0.633182
4 2 0.052949 0.139289 0.053174 0.004738 0.749849
4 2 0.054805 0.142257 0.054981 0.005133 0.742824
4 2 0.049343 0.133363 0.049658 0.004025 0.763612
4 2 0.047265 0.136673 0.058658 0.004436 0.752968
4 2 0.043505 0.168553 0.179667 0.012796 0.595479
4 2 0.027753 0.154708 0.342324 0.016310 0.458906
2 2 0.012415 0.108014 0.614187 0.018644 0.246740
2 2 0.012291 0.106846 0.623618 0.019383 0.237862
2 2 0.013542 0.109329 0.631957 0.023868 0.221304
2 2 0.014833 0.105609 0.667859 0.040098 0.171601
2 2 0.017028 0.104852 0.669099 0.063829 0.145192
2 2 0.011445 0.076707 0.736877 0.085769 0.089203
2 2 0.006648 0.054546 0.796593 0.081018 0.061194
2 2 0.004083 0.039296 0.834072 0.080638 0.041911
2 2 0.003644 0.038131 0.848247 0.066793 0.043185
2 2 0.004639 0.048941 0.833005 0.047096 0.066319
2 2 0.016918 0.119206 0.592434 0.030286 0.241155
1 2 0.141869 0.350205 0.219914 0.016933 0.271079
4 2 0.081474 0.248474 0.281507 0.032771 0.355774
2 2 0.035549 0.156407 0.468321 0.061372 0.278351
2 2 0.003106 0.029528 0.822922 0.117334 0.027110
2 2 0.002231 0.026150 0.867855 0.077366 0.026397
2 2 0.003269 0.039273 0.864386 0.042531 0.050541
2 2 0.022763 0.136050 0.473008 0.031480 0.336698
4 2 0.107889 0.207897 0.259999 0.036644 0.387571
4 2 0.215788 0.238686 0.125335 0.018801 0.401389
1 2 0.205177 0.315238 0.184503 0.027905 0.267178
1 2 0.137260 0.359097 0.320398 0.028043 0.155201
2 2 0.063155 0.278324 0.449570 0.017266 0.191686
2 2 0.068302 0.280336 0.444356 0.020831 0.186175
2 2 0.041688 0.209814 0.579425 0.027189 0.141884
2 2 0.025853 0.152016 0.657443 0.034924 0.129763
2 2 0.006311 0.053901 0.806256 0.073358 0.060173
2 2 0.002866 0.031647 0.859631 0.072277 0.033578
2 2 0.006105 0.049077 0.794808 0.098715 0.051295
2 2 0.018072 0.110506 0.744690 0.059661 0.067071
2 2 0.076821 0.282766 0.425262 0.027450 0.187702
1 2 0.148369 0.382472 0.241778 0.016222 0.211159
1 2 0.160435 0.394738 0.235292 0.016323 0.193212
2 2 0.065292 0.295098 0.369679 0.010622 0.259309
2 2 0.029392 0.181936 0.515019 0.017028 0.256625
2 2 0.014094 0.115295 0.613535 0.020181 0.236895
2 2 0.008464 0.087495 0.692386 0.017850 0.193804
2 2 0.005130 0.060529 0.797802 0.024517 0.112023
2 2 0.005076 0.060872 0.800135 0.022834 0.111083
2 2 0.007214 0.074041 0.755718 0.026302 0.136725
2 2 0.017675 0.143190 0.670865 0.014985 0.153285
1 2 0.310535 0.320872 0.212203 0.023609 0.132781
1 2 0.193443 0.346104 0.279524 0.069334 0.111596
2 2 0.022896 0.142262 0.743679 0.033367 0.057796
2 2 0.006588 0.052281 0.791152 0.094048 0.055931
2 2 0.004225 0.038178 0.820105 0.099206 0.038286
2 2 0.005474 0.046100 0.805597 0.094547 0.048281
2 2 0.004618 0.043909 0.842025 0.069611 0.039837
2 2 0.002824 0.030962 0.858155 0.075740 0.032320
2 2 0.002721 0.031805 0.869150 0.060947 0.035378
2 2 0.002169 0.027543 0.882252 0.057659 0.030376
2 2 0.002094 0.025208 0.872166 0.075026 0.025506
2 2 0.002286 0.025282 0.854084 0.094311 0.024037
2 2 0.001178 0.012738 0.779306 0.198012 0.008767
2 2 0.001740 0.016927 0.775624 0.193406 0.012303
2 2 0.002262 0.022069 0.807796 0.149841 0.018032
2 2 0.001813 0.019314 0.824153 0.138953 0.015767
2 2 0.002094 0.020047 0.790575 0.171777 0.015507
2 2 0.001846 0.015775 0.707889 0.264151 0.010338
2 2 0.001217 0.011098 0.678308 0.302799 0.006578
2 2 0.001484 0.013892 0.729524 0.245996 0.009104
2 2 0.001651 0.017295 0.806776 0.160982 0.013296
2 2 0.011737 0.062305 0.673278 0.197102 0.055579
2 2 0.021138 0.119451 0.772901 0.056632 0.029879
2 2 0.089081 0.171942 0.608400 0.090803 0.039774
2 2 0.123796 0.194477 0.523440 0.111746 0.046542
2 2 0.024803 0.111506 0.715484 0.119356 0.028851
2 2 0.013347 0.066492 0.667083 0.205316 0.047761
2 2 0.004123 0.031186 0.750355 0.189096 0.025240
2 2 0.002571 0.022380 0.767077 0.190867 0.017105
2 2 0.004295 0.032827 0.759606 0.175920 0.027353
2 2 0.150139 0.235348 0.460430 0.092144 0.061940
2 2 0.132561 0.313197 0.397477 0.067401 0.089364
2 2 0.080669 0.232624 0.401355 0.080163 0.205189
2 2 0.006227 0.042514 0.740684 0.173497 0.037078
2 2 0.002347 0.020289 0.751479 0.211067 0.014818
2 2 0.003036 0.025244 0.763607 0.188356 0.019757
2 2 0.006632 0.044684 0.739588 0.169557 0.039538
2 2 0.007477 0.049596 0.740589 0.156710 0.045627
2 2 0.007028 0.047106 0.741262 0.162023 0.042581
2 2 0.007820 0.056691 0.768993 0.107270 0.059225
2 2 0.007071 0.057878 0.792961 0.075057 0.067032
2 2 0.004444 0.038429 0.809245 0.110430 0.037451
2 2 0.003614 0.032281 0.810209 0.124304 0.029592
2 2 0.003700 0.028631 0.749764 0.195265 0.022640
2 2 0.003434 0.024290 0.688357 0.266870 0.017049
2 2 0.008319 0.042470 0.617338 0.300410 0.031463
2 2 0.005534 0.029029 0.571667 0.374910 0.018859
2 2 0.004011 0.023359 0.586632 0.371303 0.014695
2 2 0.002935 0.018918 0.600462 0.366138 0.011547
2 2 0.005128 0.025311 0.517901 0.436376 0.015284
2 2 0.007478 0.032473 0.524881 0.423261 0.011908
2 2 0.020182 0.066244 0.607630 0.286249 0.019695
2 2 0.029702 0.107432 0.637612 0.200406 0.024847
2 2 0.078892 0.235203 0.534650 0.088299 0.062957
2 2 0.083386 0.264983 0.528562 0.045088 0.077981
2 2 0.188255 0.308077 0.353305 0.041153 0.109210
0 0 0.744588 0.069162 0.041188 0.008244 0.136817
0 0 0.749495 0.051765 0.028555 0.005492 0.164693
4 1 0.395595 0.084006 0.032703 0.001530 0.486167
0 1 0.589547 0.052925 0.021959 0.001375 0.334194
4 1 0.038561 0.169974 0.258139 0.017227 0.516099
4 1 0.039939 0.163693 0.181410 0.011430 0.603528
4 2 0.040705 0.156880 0.139006 0.008637 0.654771
4 2 0.042677 0.159168 0.136937 0.009089 0.652128
4 2 0.051914 0.167671 0.124281 0.010840 0.645294
4 2 0.072245 0.167662 0.071844 0.009922 0.678327
4 2 0.062628 0.152008 0.061378 0.006781 0.717205
4 4 0.069113 0.153560 0.063232 0.007582 0.706513
4 4 0.063029 0.154767 0.062956 0.007137 0.712111
4 4 0.043899 0.133404 0.059601 0.004064 0.759031
4 4 0.035077 0.115968 0.048006 0.002441 0.798509
4 4 0.027838 0.064550 0.017995 0.000513 0.889103
4 4 0.041132 0.055790 0.015789 0.000506 0.886783
4 4 0.040628 0.041228 0.010784 0.000267 0.907093
4 4 0.045764 0.057421 0.016619 0.000583 0.879613
4 4 0.052688 0.060229 0.018010 0.000720 0.868354
4 4 0.089560 0.057664 0.018476 0.001016 0.833283
4 4 0.152655 0.080632 0.031155 0.003484 0.732074
4 4 0.200840 0.124294 0.058710 0.013475 0.602681
4 4 0.136409 0.103521 0.042183 0.005501 0.712387
4 4 0.090588 0.132387 0.054198 0.006673 0.716155
4 4 0.049486 0.063816 0.019203 0.000775 0.866721
4 4 0.059262 0.045501 0.012872 0.000439 0.881925
4 4 0.040299 0.044371 0.011809 0.000309 0.903211
4 4 0.053652 0.055751 0.016380 0.000620 0.873596
4 4 0.037222 0.077066 0.023440 0.000932 0.861340
4 4 0.070654 0.092326 0.032444 0.002310 0.802266
4 4 0.119529 0.067288 0.023597 0.001835 0.787752
4 4 0.198271 0.083176 0.034305 0.005003 0.679244
4 4 0.217272 0.067180 0.026595 0.003454 0.685499
4 4 0.051507 0.136945 0.051769 0.004444 0.755335
4 4 0.044928 0.094472 0.031239 0.001685 0.827676
4 4 0.062285 0.050178 0.014662 0.000560 0.872314
4 4 0.091996 0.059112 0.019148 0.001096 0.828648
4 4 0.099662 0.067821 0.023100 0.001579 0.807838
4 4 0.138975 0.091663 0.036113 0.004228 0.729021
4 4 0.128175 0.144159 0.064914 0.011679 0.651073
4 4 0.077713 0.150358 0.062665 0.007979 0.701284
4 4 0.070194 0.164086 0.069403 0.009131 0.687185
4 4 0.055773 0.147975 0.063026 0.005999 0.727228
4 4 0.052406 0.167847 0.122844 0.010851 0.646052
4 4 0.040767 0.157799 0.142769 0.008917 0.649749
4 4 0.040408 0.161834 0.165965 0.010457 0.621335
4 4 0.036684 0.156516 0.167932 0.009229 0.629640
4 4 0.035098 0.155332 0.176279 0.009172 0.624119
4 4 0.039675 0.172304 0.267837 0.018976 0.501209
2 4 0.036019 0.168480 0.391402 0.031404 0.372695
2 4 0.027597 0.171561 0.593010 0.022031 0.185800
2 4 0.017544 0.142070 0.713802 0.015069 0.111515
2 4 0.013571 0.122939 0.723397 0.014237 0.125855
2 4 0.020665 0.150806 0.619623 0.017766 0.191140
2 2 0.027974 0.157987 0.442160 0.023663 0.348217
4 2 0.037974 0.171856 0.321447 0.023656 0.445067
4 2 0.046233 0.181182 0.263140 0.023381 0.486065
2 2 0.035804 0.168176 0.391133 0.031051 0.373836
2 2 0.030863 0.157730 0.454663 0.034121 0.322623
2 2 0.019587 0.129413 0.633536 0.032934 0.184529
2 2 0.030211 0.164730 0.456269 0.025806 0.322984
4 2 0.053820 0.230392 0.230357 0.008672 0.476760
4 2 0.304538 0.156756 0.077750 0.011885 0.449071
2 2 0.029212 0.182755 0.514615 0.016299 0.257120
2 2 0.025128 0.151646 0.578212 0.029957 0.215057
2 2 0.023750 0.137542 0.609724 0.042698 0.186286
2 2 0.018818 0.107433 0.663155 0.074600 0.135994
2 2 0.014933 0.090063 0.700412 0.088264 0.106328
2 2 0.006414 0.048055 0.776754 0.121521 0.047256
