0 0 0.502757 0.189878 0.099549 0.010198 0.197618
0 0 0.410031 0.218944 0.126698 0.013976 0.230351
0 0 0.304431 0.268508 0.161613 0.016092 0.249356
4 1 0.252346 0.184040 0.088469 0.017087 0.458058
4 1 0.167394 0.155232 0.091134 0.022110 0.564131
4 1 0.121943 0.148598 0.090372 0.012480 0.626607
4 1 0.138803 0.160003 0.084677 0.011782 0.604735
4 1 0.113382 0.183915 0.093056 0.007882 0.601766
4 4 0.123288 0.258801 0.176560 0.010548 0.430802
4 4 0.151678 0.248666 0.143425 0.008500 0.447731
4 4 0.202742 0.292019 0.177181 0.004350 0.323708
1 4 0.233997 0.297680 0.173066 0.003175 0.292081
4 4 0.226956 0.296301 0.171888 0.002912 0.301943
4 4 0.223226 0.292076 0.168875 0.003650 0.312172
4 4 0.129993 0.197730 0.092799 0.005595 0.573882
4 1 0.141212 0.176527 0.066562 0.001590 0.614109
4 1 0.142676 0.172748 0.065067 0.002658 0.616851
4 1 0.257846 0.221613 0.086202 0.004937 0.429402
4 1 0.132250 0.177123 0.072949 0.004618 0.613059
4 1 0.127061 0.184643 0.086016 0.007936 0.594344
4 1 0.137322 0.207137 0.100212 0.006525 0.548803
4 1 0.130027 0.182473 0.079754 0.006968 0.600779
4 1 0.114690 0.175314 0.077356 0.005447 0.627192
4 1 0.136492 0.188325 0.081523 0.004934 0.588725
4 1 0.181294 0.217280 0.095258 0.004536 0.501633
0 1 0.304853 0.289857 0.153591 0.004642 0.247057
0 1 0.392396 0.302654 0.176646 0.002741 0.125563
1 1 0.313853 0.330968 0.239344 0.002076 0.113758
1 2 0.220724 0.328564 0.239916 0.003353 0.207442
4 2 0.157420 0.284412 0.183663 0.003630 0.370875
4 2 0.194949 0.296094 0.195571 0.008735 0.304651
1 2 0.299394 0.301993 0.205981 0.025926 0.166706
0 2 0.361719 0.294049 0.191969 0.018848 0.133415
4 2 0.216406 0.215968 0.150214 0.103933 0.313478
0 2 0.332702 0.211246 0.133762 0.081210 0.241080
4 2 0.218667 0.260133 0.172686 0.029601 0.318912
4 2 0.152699 0.275989 0.182221 0.008426 0.380665
1 1 0.165234 0.315495 0.258329 0.010506 0.250435
4 1 0.166817 0.276624 0.181155 0.013369 0.362034
4 1 0.148955 0.293165 0.216416 0.009143 0.332322
1 1 0.165757 0.321352 0.271719 0.009152 0.232020
1 1 0.157663 0.328217 0.311595 0.010955 0.191570
1 1 0.142124 0.320914 0.295392 0.009659 0.231910
4 2 0.113426 0.290241 0.256136 0.017330 0.322867
4 2 0.083139 0.268890 0.241384 0.010894 0.395693
4 2 0.090475 0.279326 0.239622 0.004676 0.385901
4 2 0.085409 0.282222 0.257816 0.005604 0.368949
4 2 0.068264 0.282527 0.310423 0.009579 0.329207
2 2 0.065388 0.283671 0.348045 0.019943 0.282953
2 2 0.065491 0.250925 0.318978 0.050467 0.314138
4 2 0.081689 0.266180 0.276945 0.055360 0.319827
4 2 0.062852 0.256082 0.275810 0.032708 0.372548
4 2 0.062079 0.267855 0.316437 0.025399 0.328231
2 2 0.054310 0.271882 0.336562 0.014799 0.322446
2 3 0.068556 0.283146 0.339733 0.023401 0.285164
2 3 0.054342 0.263903 0.339971 0.019355 0.322429
2 3 0.068489 0.250464 0.341323 0.060341 0.279383
2 3 0.062859 0.219463 0.422966 0.106373 0.188339
2 3 0.058031 0.229444 0.456949 0.066778 0.188799
2 3 0.066262 0.217791 0.475840 0.105571 0.134536
2 3 0.084556 0.273674 0.400972 0.054181 0.186617
2 3 0.071883 0.243833 0.457858 0.071041 0.155385
2 3 0.045218 0.170843 0.526371 0.143158 0.114411
2 3 0.059973 0.191999 0.475865 0.152295 0.119868
2 3 0.059600 0.153670 0.381807 0.295608 0.109315
3 3 0.062697 0.105989 0.298772 0.446040 0.086502
3 3 0.054821 0.102231 0.318307 0.445007 0.079635
3 3 0.044136 0.070960 0.283405 0.541007 0.060491
3 3 0.033383 0.066435 0.359102 0.495706 0.045375
3 3 0.024107 0.037009 0.247730 0.657996 0.033158
3 3 0.021265 0.025093 0.189613 0.738061 0.025968
3 3 0.018034 0.021840 0.186560 0.751136 0.022430
3 3 0.014937 0.021590 0.210220 0.732914 0.020338
3 3 0.014321 0.021072 0.211500 0.733412 0.019695
3 3 0.013396 0.019098 0.201858 0.747454 0.018194
3 3 0.016678 0.020508 0.185559 0.756302 0.020954
3 3 0.017215 0.017466 0.155222 0.790372 0.019724
3 3 0.022437 0.022414 0.163819 0.766057 0.025273
3 3 0.031056 0.044796 0.246601 0.636477 0.041071
3 3 0.022311 0.041175 0.285222 0.617743 0.033549
3 3 0.025688 0.043184 0.271012 0.623344 0.036772
3 3 0.031679 0.073407 0.364141 0.475266 0.055507
3 3 0.033238 0.070184 0.336020 0.508241 0.052318
3 3 0.038607 0.076280 0.325284 0.501284 0.058545
3 3 0.033180 0.056308 0.285051 0.578253 0.047207
3 3 0.028680 0.052213 0.303470 0.569867 0.045769
3 3 0.020503 0.041811 0.304611 0.600669 0.032407
3 3 0.021274 0.043862 0.309362 0.591753 0.033748
3 3 0.023098 0.042535 0.286571 0.613147 0.034649
3 3 0.013817 0.023652 0.240885 0.701213 0.020432
3 3 0.005164 0.005393 0.112493 0.870693 0.006257
3 3 0.006070 0.004778 0.087873 0.894890 0.006390
3 3 0.009704 0.007522 0.099983 0.872812 0.009980
3 3 0.014341 0.008697 0.086925 0.877094 0.012943
3 3 0.012258 0.007994 0.089507 0.878724 0.011516
3 3 0.019206 0.009937 0.080188 0.874764 0.015905
3 3 0.031433 0.012262 0.068560 0.865390 0.022355
3 3 0.044453 0.016035 0.069384 0.840053 0.030076
3 3 0.049329 0.028335 0.114871 0.765970 0.041496
3 3 0.040470 0.036731 0.171384 0.708815 0.042601
3 3 0.023414 0.022022 0.156159 0.772814 0.025591
3 3 0.026602 0.020087 0.129836 0.797399 0.026076
3 3 0.025721 0.015790 0.104245 0.831369 0.022875
3 3 0.022724 0.011055 0.078936 0.869119 0.018166
3 3 0.018795 0.009978 0.081878 0.873580 0.015769
3 3 0.036169 0.010400 0.051462 0.879851 0.022119
3 3 0.031371 0.010363 0.057359 0.880303 0.020605
3 3 0.025595 0.006420 0.040043 0.913103 0.014838
3 3 0.028520 0.008311 0.048717 0.896753 0.017700
3 3 0.016804 0.005095 0.043246 0.924032 0.010823
3 3 0.027393 0.007976 0.048087 0.899527 0.017017
3 3 0.032038 0.008744 0.046957 0.893071 0.019191
3 3 0.036976 0.011509 0.056394 0.871653 0.023468
3 3 0.028088 0.007990 0.047244 0.899437 0.017241
3 3 0.026120 0.006897 0.042621 0.908852 0.015510
3 3 0.014850 0.003569 0.032202 0.940789 0.008591
3 3 0.014544 0.003651 0.033561 0.939646 0.008598
3 3 0.016643 0.003876 0.032255 0.937778 0.009448
3 3 0.021908 0.005098 0.035151 0.925525 0.012317
3 3 0.024713 0.006937 0.044797 0.908414 0.015139
3 3 0.045024 0.012226 0.051447 0.864721 0.026582
3 3 0.028663 0.007039 0.040496 0.907417 0.016385
3 3 0.052305 0.009447 0.034463 0.878521 0.025264
3 3 0.025155 0.005117 0.031640 0.924892 0.013196
3 3 0.079561 0.016929 0.070269 0.804300 0.028942
3 3 0.042808 0.012616 0.083861 0.841987 0.018728
3 3 0.131025 0.045677 0.170824 0.605154 0.047321
0 3 0.278792 0.128326 0.247161 0.254442 0.091279
0 3 0.344539 0.218221 0.200446 0.096939 0.139854
0 2 0.300231 0.252272 0.213028 0.080701 0.153768
2 2 0.124353 0.302862 0.309316 0.040480 0.222988
4 2 0.088061 0.254663 0.213149 0.020190 0.423938
4 2 0.062860 0.216857 0.170635 0.009955 0.539692
4 2 0.064059 0.206685 0.150249 0.007889 0.571118
4 2 0.061066 0.181646 0.114307 0.004394 0.638587
4 2 0.049640 0.184143 0.131504 0.004276 0.630437
4 2 0.034828 0.181272 0.153880 0.003571 0.626449
4 2 0.031657 0.189066 0.179318 0.004238 0.595721
4 2 0.031916 0.179233 0.157371 0.003321 0.628160
4 2 0.049795 0.199151 0.157536 0.006067 0.587451
4 2 0.118357 0.231957 0.178151 0.019309 0.452226
0 2 0.310649 0.244479 0.176189 0.022192 0.246492
0 1 0.504529 0.170891 0.143127 0.065093 0.116360
0 1 0.514955 0.195352 0.132045 0.025766 0.131882
4 1 0.188977 0.243490 0.128770 0.010512 0.428250
4 1 0.051199 0.159801 0.094409 0.002475 0.692116
4 1 0.026162 0.131137 0.088026 0.000930 0.753745
4 1 0.021442 0.142637 0.117441 0.001177 0.717302
4 1 0.026369 0.141188 0.102670 0.001213 0.728561
4 1 0.025292 0.169013 0.156580 0.002430 0.646685
4 1 0.035850 0.144438 0.091514 0.001477 0.726722
4 1 0.037526 0.159733 0.111127 0.002180 0.689434
4 1 0.036788 0.182715 0.152047 0.003753 0.624696
4 1 0.049831 0.203376 0.165595 0.006709 0.574490
4 1 0.052776 0.180942 0.122320 0.004069 0.639893
4 1 0.046481 0.181323 0.131516 0.003912 0.636768
4 1 0.039734 0.164742 0.115373 0.002509 0.677643
4 1 0.032411 0.173131 0.144081 0.002871 0.647507
4 1 0.034660 0.151548 0.103357 0.001736 0.708700
4 2 0.052571 0.195009 0.145567 0.005607 0.601246
4 2 0.071984 0.191085 0.117755 0.005844 0.613333
4 2 0.082105 0.231899 0.175454 0.015888 0.494654
4 2 0.096575 0.255041 0.210759 0.032087 0.405539
4 2 0.075896 0.249885 0.220718 0.018926 0.434576
4 2 0.082388 0.278465 0.294507 0.033165 0.311474
4 2 0.092410 0.247125 0.196342 0.025176 0.438947
4 2 0.156488 0.278143 0.190050 0.014122 0.361197
0 2 0.318363 0.289290 0.187234 0.011838 0.193275
0 4 0.442661 0.233198 0.149000 0.010835 0.164305
0 4 0.527788 0.196694 0.107836 0.005376 0.162307
0 4 0.566767 0.155318 0.103561 0.037693 0.136661
0 4 0.612052 0.158979 0.096756 0.024499 0.107715
0 4 0.501118 0.216784 0.111384 0.014984 0.155730
0 4 0.333586 0.227922 0.125717 0.013406 0.299369
4 4 0.335594 0.120790 0.042325 0.007955 0.493336
4 4 0.303774 0.145474 0.050044 0.005139 0.495570
4 4 0.214250 0.230412 0.102546 0.006778 0.446013
4 4 0.152545 0.201316 0.086425 0.003106 0.556608
1 4 0.106589 0.319269 0.312142 0.002943 0.259057
1 4 0.146575 0.328574 0.284680 0.002899 0.237272
4 4 0.029306 0.192832 0.196024 0.004338 0.577499
4 1 0.036434 0.189099 0.165668 0.004373 0.604425
4 1 0.032440 0.190389 0.179817 0.004403 0.592952
4 1 0.034430 0.208814 0.218594 0.007200 0.530962
4 1 0.029895 0.214767 0.255599 0.007771 0.491968
4 1 0.036017 0.230788 0.274723 0.009960 0.448512
4 1 0.034821 0.226215 0.267028 0.009870 0.462067
4 1 0.031499 0.209580 0.232923 0.007339 0.518659
4 1 0.040577 0.243789 0.294420 0.010998 0.410215
4 1 0.035491 0.241760 0.306579 0.007445 0.408724
2 1 0.042303 0.268300 0.365433 0.007017 0.316947
2 1 0.042069 0.271440 0.378712 0.006303 0.301475
2 1 0.071665 0.299089 0.394413 0.016929 0.217903
2 1 0.086387 0.296939 0.338337 0.022681 0.255657
2 1 0.120908 0.316655 0.324207 0.014332 0.223899
4 1 0.104754 0.273957 0.221978 0.011151 0.388161
4 1 0.125486 0.214000 0.112820 0.007290 0.540405
4 1 0.070821 0.207005 0.140538 0.006003 0.575633
4 1 0.060007 0.190383 0.126159 0.003826 0.619625
4 1 0.059724 0.191109 0.129256 0.004983 0.614928
4 1 0.075867 0.241497 0.188343 0.005425 0.488868
4 1 0.065015 0.213970 0.155448 0.004413 0.561154
4 1 0.070858 0.250760 0.215733 0.006370 0.456279
4 1 0.043815 0.226204 0.234210 0.011890 0.483881
4 1 0.074184 0.238320 0.199352 0.018127 0.470016
4 1 0.057310 0.244952 0.250980 0.021360 0.425398
4 1 0.077226 0.263756 0.243955 0.013659 0.401404
2 2 0.059511 0.280068 0.329973 0.008634 0.321814
4 2 0.044040 0.249452 0.282040 0.005346 0.419122
4 2 0.040446 0.259486 0.331734 0.005040 0.363295
4 2 0.108284 0.292590 0.265198 0.014420 0.319509
2 2 0.106071 0.317105 0.343547 0.010024 0.223253
1 2 0.168994 0.320773 0.277476 0.013128 0.219629
2 2 0.115125 0.322930 0.340533 0.007734 0.213678
4 2 0.111625 0.291063 0.245638 0.008095 0.343578
4 2 0.095992 0.252777 0.188557 0.008567 0.454107
4 2 0.113903 0.177396 0.079381 0.005319 0.624001
4 2 0.112177 0.206964 0.110764 0.006623 0.563473
4 2 0.133902 0.205871 0.103495 0.011794 0.544938
4 2 0.088931 0.242640 0.190123 0.021793 0.456514
4 2 0.095525 0.274745 0.237700 0.012617 0.379413
4 2 0.083716 0.270466 0.249922 0.015130 0.380765
4 2 0.091798 0.288641 0.281715 0.014347 0.323500
4 2 0.113028 0.283017 0.226346 0.008097 0.369512
4 2 0.110011 0.290710 0.237930 0.004690 0.356660
4 2 0.169551 0.269123 0.152531 0.002634 0.406161
1 2 0.236723 0.299673 0.177151 0.003678 0.282775
0 1 0.353926 0.252701 0.105006 0.004320 0.284047
4 1 0.251594 0.275413 0.149434 0.010812 0.312748
4 1 0.180166 0.270513 0.164083 0.011689 0.373549
4 1 0.063839 0.221252 0.177949 0.011136 0.525824
4 1 0.053370 0.226596 0.209360 0.012238 0.498436
4 1 0.052288 0.221453 0.199388 0.010637 0.516234
4 2 0.047507 0.225650 0.221607 0.011752 0.493485
4 2 0.046764 0.233702 0.243209 0.011902 0.464423
4 2 0.062826 0.234612 0.209512 0.015697 0.477354
4 2 0.088723 0.283627 0.287439 0.024781 0.315431
1 1 0.153621 0.317170 0.295079 0.020680 0.213450
1 1 0.201017 0.326479 0.268305 0.010075 0.194124
1 1 0.231410 0.329496 0.289674 0.014467 0.134953
2 1 0.052021 0.279797 0.371376 0.010429 0.286376
4 1 0.068383 0.280089 0.314559 0.015472 0.321497
4 1 0.070633 0.273060 0.306567 0.032260 0.317480
4 1 0.056443 0.253832 0.281416 0.024900 0.383410
4 2 0.055040 0.256899 0.291960 0.021634 0.374467
2 2 0.055291 0.228415 0.416265 0.065021 0.235009
2 2 0.081223 0.296865 0.365008 0.026994 0.229910
2 2 0.098536 0.309548 0.398644 0.029792 0.163479
2 2 0.096360 0.309857 0.403320 0.027611 0.162851
2 2 0.084815 0.305529 0.397463 0.022884 0.189309
2 2 0.077923 0.302983 0.398585 0.019315 0.201195
2 2 0.072162 0.301770 0.406952 0.015628 0.203488
2 2 0.058548 0.296681 0.426602 0.008921 0.209247
2 2 0.054824 0.289851 0.390204 0.006733 0.258388
2 2 0.046396 0.281728 0.402965 0.006533 0.262378
2 2 0.032746 0.223405 0.471074 0.014434 0.258341
2 2 0.032495 0.217137 0.401719 0.017643 0.331006
2 2 0.017668 0.151886 0.549226 0.033074 0.248145
2 2 0.019810 0.147456 0.632983 0.043136 0.156616
2 2 0.034013 0.199056 0.578719 0.030461 0.157750
2 2 0.059079 0.272031 0.479979 0.017794 0.171116
2 2 0.061576 0.274385 0.501342 0.016671 0.146025
2 2 0.054679 0.266486 0.501953 0.015420 0.161463
2 2 0.053246 0.237611 0.577271 0.024086 0.107785
2 2 0.048409 0.202872 0.632444 0.039271 0.077005
2 2 0.084055 0.312583 0.472718 0.012508 0.118136
2 2 0.039853 0.222024 0.625402 0.013177 0.099544
2 2 0.029695 0.208158 0.591645 0.012803 0.157698
2 2 0.029447 0.196659 0.621030 0.016914 0.135949
2 2 0.016299 0.124973 0.770529 0.023657 0.064542
2 2 0.069944 0.271779 0.352504 0.035489 0.270284
2 2 0.061069 0.261619 0.359348 0.031840 0.286124
2 2 0.049965 0.232866 0.409652 0.043238 0.264280
2 2 0.039096 0.178889 0.545756 0.091923 0.144337
2 2 0.101699 0.306891 0.392423 0.035043 0.163944
2 2 0.188425 0.326859 0.329054 0.023817 0.131844
1 2 0.252991 0.325516 0.288898 0.018738 0.113857
1 2 0.187551 0.332935 0.317481 0.012380 0.149653
1 2 0.174856 0.326231 0.291775 0.012603 0.194535
1 2 0.195835 0.320401 0.293112 0.028852 0.161801
1 2 0.274166 0.326713 0.255397 0.009382 0.134341
0 2 0.312974 0.311647 0.206983 0.009827 0.158569
0 2 0.589162 0.180540 0.070315 0.007781 0.152202
0 2 0.633853 0.111469 0.034139 0.012153 0.208386
0 2 0.391267 0.169821 0.055995 0.007464 0.375454
4 2 0.194729 0.224851 0.104927 0.012421 0.463072
4 2 0.185077 0.278458 0.170152 0.008300 0.358013
4 1 0.166161 0.268648 0.168561 0.012887 0.383742
1 1 0.184176 0.315407 0.237956 0.007325 0.255135
1 1 0.155599 0.317156 0.287596 0.018033 0.221616
1 1 0.108256 0.302129 0.292413 0.014177 0.283025
2 1 0.057153 0.276007 0.342337 0.015765 0.308737
4 1 0.039404 0.230869 0.264646 0.013227 0.451853
4 1 0.042892 0.235125 0.265669 0.015782 0.440532
4 1 0.042922 0.235167 0.265694 0.015803 0.440414
4 1 0.038677 0.228855 0.261796 0.013016 0.457656
4 1 0.039417 0.230016 0.262533 0.013482 0.454551
4 1 0.033606 0.220157 0.256020 0.010042 0.480174
4 1 0.037079 0.226260 0.260119 0.012037 0.464506
4 1 0.041179 0.232672 0.264187 0.014625 0.447337
1 1 0.169490 0.315804 0.262343 0.013555 0.238808
1 1 0.195373 0.325462 0.274494 0.012453 0.192218
1 1 0.144872 0.323816 0.296513 0.007884 0.226915
4 1 0.073200 0.283605 0.296688 0.008475 0.338032
4 1 0.046883 0.247479 0.284734 0.014892 0.406013
4 1 0.043973 0.236609 0.266544 0.016535 0.436339
4 1 0.046497 0.239894 0.268418 0.018364 0.426827
4 1 0.047354 0.240955 0.269002 0.019008 0.423682
4 1 0.042169 0.234106 0.265058 0.015289 0.443378
4 1 0.040536 0.231719 0.263599 0.014203 0.449943
4 1 0.049761 0.247183 0.278789 0.019461 0.404806
4 1 0.055008 0.249321 0.273189 0.025276 0.397207
4 1 0.057975 0.257636 0.287991 0.024944 0.371454
4 1 0.057619 0.263224 0.303301 0.021735 0.354121
2 4 0.074443 0.298351 0.384240 0.019689 0.223277
2 4 0.086852 0.314081 0.417578 0.012965 0.168524
2 4 0.130153 0.325123 0.327912 0.009033 0.207779
2 4 0.112404 0.314980 0.318699 0.009637 0.244280
2 4 0.068285 0.290717 0.366835 0.018896 0.255267
4 4 0.052370 0.234516 0.232774 0.015294 0.465045
4 4 0.060371 0.254124 0.275145 0.030244 0.380116
4 4 0.082312 0.258816 0.242503 0.036239 0.380131
4 4 0.101501 0.240013 0.172480 0.021656 0.464350
4 4 0.109332 0.245258 0.176553 0.026064 0.442794
4 4 0.083421 0.231115 0.172470 0.015684 0.497309
4 4 0.071017 0.223110 0.171581 0.012084 0.522209
4 4 0.142471 0.227541 0.126463 0.016226 0.487299
4 4 0.183663 0.224082 0.109626 0.018702 0.463928
4 4 0.190723 0.248297 0.132325 0.013518 0.415136
4 1 0.171077 0.295208 0.206821 0.009529 0.317364
2 1 0.128707 0.331772 0.358314 0.006955 0.174252
1 2 0.180828 0.336824 0.304796 0.005662 0.171890
1 1 0.144171 0.322833 0.289232 0.006696 0.237069
4 1 0.121453 0.295644 0.244573 0.008080 0.330250
4 1 0.061926 0.238034 0.219989 0.017257 0.462793
4 1 0.049075 0.243007 0.270102 0.020336 0.417481
4 1 0.046680 0.240124 0.268545 0.018501 0.426150
4 1 0.048267 0.240162 0.262917 0.018414 0.430239
4 1 0.065336 0.270538 0.297713 0.018848 0.347566
4 1 0.114832 0.283743 0.228733 0.009733 0.362959
4 1 0.069219 0.278059 0.302123 0.013819 0.336780
4 1 0.057007 0.268142 0.301508 0.009807 0.363535
4 1 0.027163 0.206449 0.245238 0.006733 0.514417
4 1 0.037358 0.226724 0.260421 0.012206 0.463291
4 1 0.034127 0.223607 0.262795 0.009791 0.469680
4 1 0.064505 0.271504 0.281393 0.007208 0.375390
1 1 0.108295 0.305956 0.286490 0.007000 0.292258
1 1 0.136329 0.320496 0.298099 0.008707 0.236369
1 1 0.104427 0.300600 0.286407 0.010481 0.298085
4 1 0.081886 0.243527 0.200708 0.021647 0.452233
4 1 0.049543 0.216957 0.195018 0.009369 0.529113
4 1 0.051943 0.224562 0.207615 0.011535 0.504345
4 1 0.049585 0.216129 0.193031 0.009174 0.532081
4 1 0.055757 0.226313 0.203485 0.012241 0.502203
4 1 0.100147 0.237826 0.169405 0.020307 0.472316
4 1 0.193720 0.287725 0.183722 0.010211 0.324623
0 1 0.367102 0.279217 0.167273 0.024169 0.162239
0 2 0.341147 0.294704 0.220742 0.025865 0.117543
1 2 0.271589 0.307780 0.217193 0.022246 0.181193
4 2 0.148534 0.287461 0.223401 0.025881 0.314723
4 2 0.093522 0.294878 0.289150 0.010438 0.312012
4 2 0.104398 0.254232 0.187337 0.012912 0.441121
4 2 0.137442 0.226078 0.125866 0.014154 0.496459
4 2 0.172642 0.197491 0.079071 0.003652 0.547143
4 2 0.223820 0.211602 0.082838 0.005160 0.476580
4 2 0.244900 0.189988 0.065244 0.007495 0.492372
4 2 0.130532 0.213882 0.111471 0.008550 0.535564
4 2 0.125815 0.225167 0.120890 0.003646 0.524483
4 2 0.116348 0.296220 0.251219 0.007769 0.328444
4 2 0.079649 0.203816 0.129783 0.008133 0.578619
4 2 0.075362 0.214700 0.151177 0.010140 0.548621
4 2 0.055235 0.232638 0.220478 0.014544 0.477106
4 2 0.070833 0.234760 0.196240 0.016236 0.481931
4 2 0.084345 0.248800 0.210269 0.025571 0.431015
4 2 0.127425 0.261245 0.201085 0.049985 0.360259
4 2 0.132979 0.266977 0.197956 0.030882 0.371207
4 2 0.131803 0.276569 0.197683 0.008748 0.385197
2 2 0.102960 0.312860 0.342293 0.013188 0.228699
2 2 0.086175 0.312092 0.442682 0.016419 0.142632
2 2 0.090686 0.311577 0.398681 0.018015 0.181041
2 2 0.131484 0.327119 0.371622 0.014859 0.154915
2 2 0.082374 0.308168 0.418935 0.018387 0.172135
2 2 0.073090 0.257872 0.477995 0.047572 0.143469
4 2 0.099517 0.272792 0.271178 0.067440 0.289074
2 2 0.093655 0.168763 0.325376 0.266535 0.145671
3 2 0.115338 0.081567 0.164476 0.539928 0.098691
2 2 0.183647 0.166158 0.272263 0.259386 0.118547
2 2 0.197911 0.316888 0.345063 0.043659 0.096479
1 1 0.244113 0.317929 0.297688 0.034760 0.105509
1 1 0.187879 0.320529 0.320484 0.035088 0.136020
1 1 0.176249 0.292906 0.232620 0.045823 0.252401
4 1 0.084668 0.256337 0.224419 0.023907 0.410669
4 1 0.111720 0.296161 0.275436 0.018074 0.298609
2 1 0.128105 0.318780 0.349969 0.023597 0.179549
2 1 0.128069 0.330213 0.370915 0.009595 0.161208
2 1 0.083908 0.312292 0.459085 0.013913 0.130801
2 1 0.082757 0.312269 0.471652 0.012276 0.121046
2 2 0.068332 0.276146 0.521540 0.017929 0.116053
2 2 0.034382 0.186992 0.697656 0.016719 0.064250
2 2 0.025992 0.172137 0.705499 0.015670 0.080702
2 2 0.019683 0.139216 0.769516 0.016484 0.055101
2 2 0.019263 0.128572 0.783561 0.021907 0.046697
2 2 0.030149 0.178859 0.710075 0.015062 0.065854
2 2 0.035594 0.192621 0.677133 0.019028 0.075624
2 2 0.026807 0.159621 0.707681 0.029583 0.076309
2 2 0.024414 0.157657 0.719894 0.022603 0.075432
2 2 0.018834 0.130752 0.758041 0.028477 0.063896
2 2 0.021553 0.147280 0.728906 0.024925 0.077336
2 2 0.022053 0.138712 0.713490 0.045053 0.080692
2 2 0.022782 0.129298 0.699436 0.073843 0.074640
2 2 0.020809 0.100388 0.621759 0.194367 0.062677
2 2 0.012208 0.055149 0.527899 0.374934 0.029812
2 3 0.008943 0.042066 0.492941 0.433232 0.022818
2 3 0.005184 0.028879 0.509828 0.440985 0.015124
3 3 0.005677 0.028920 0.474332 0.476644 0.014428
2 3 0.006585 0.032254 0.473884 0.470941 0.016337
2 3 0.009819 0.043219 0.470494 0.453653 0.022815
3 3 0.011395 0.045402 0.450994 0.467070 0.025139
2 3 0.008542 0.039036 0.472079 0.460032 0.020310
2 3 0.037297 0.088931 0.424896 0.397075 0.051801
0 3 0.470057 0.236366 0.227441 0.011530 0.054607
0 3 0.416559 0.264371 0.226202 0.015991 0.076878
0 3 0.321859 0.315146 0.256594 0.016390 0.090012
2 3 0.225669 0.323396 0.352876 0.023578 0.074482
2 1 0.193638 0.325082 0.337203 0.027971 0.116106
2 1 0.111170 0.303669 0.361061 0.049300 0.174800
2 1 0.077581 0.266080 0.348453 0.055428 0.252458
2 1 0.041802 0.194438 0.457555 0.084527 0.221678
2 1 0.026791 0.138546 0.562747 0.137007 0.134908
2 2 0.024040 0.132448 0.581159 0.130435 0.131918
2 2 0.026603 0.152356 0.643527 0.065147 0.112367
2 2 0.035954 0.167183 0.545141 0.108558 0.143164
2 2 0.045987 0.202651 0.491831 0.077471 0.182060
2 2 0.044857 0.186630 0.509062 0.106741 0.152710
2 2 0.028982 0.158980 0.584303 0.082090 0.145646
2 2 0.023543 0.126912 0.625895 0.123645 0.100006
2 3 0.013185 0.073683 0.610179 0.247755 0.055197
2 3 0.013163 0.065854 0.564637 0.312551 0.043795
3 3 0.005748 0.027775 0.458843 0.493382 0.014252
2 3 0.004534 0.026267 0.512133 0.443451 0.013614
2 3 0.007611 0.036627 0.495144 0.442320 0.018298
2 3 0.011530 0.056106 0.575036 0.327548 0.029779
2 3 0.026554 0.096795 0.503699 0.317422 0.055530
2 3 0.013430 0.054271 0.465011 0.437675 0.029612
2 3 0.016268 0.062334 0.460094 0.426586 0.034718
3 3 0.009635 0.035560 0.416921 0.517219 0.020666
3 3 0.009422 0.029510 0.367752 0.574567 0.018750
3 3 0.012500 0.036989 0.371726 0.554826 0.023958
3 3 0.006384 0.016485 0.287443 0.677903 0.011785
3 3 0.007143 0.019473 0.309406 0.650509 0.013469
3 3 0.004386 0.015823 0.348586 0.621604 0.009601
3 3 0.004286 0.014374 0.326346 0.645918 0.009076
3 3 0.005124 0.012021 0.249389 0.724350 0.009116
3 3 0.002981 0.006876 0.211561 0.773218 0.005364
3 3 0.003685 0.009139 0.240285 0.740083 0.006809
3 3 0.003188 0.007549 0.221035 0.762434 0.005794
3 3 0.003138 0.007074 0.210008 0.774203 0.005576
3 3 0.004954 0.013737 0.287234 0.684530 0.009545
3 3 0.006485 0.021182 0.351386 0.607596 0.013352
3 3 0.009898 0.026548 0.328540 0.616722 0.018292
3 3 0.008821 0.019834 0.275569 0.680697 0.015078
3 3 0.005731 0.013515 0.258039 0.712537 0.010179
3 3 0.015183 0.026360 0.249447 0.686489 0.022522
3 3 0.018599 0.025849 0.213884 0.717010 0.024658
3 3 0.012788 0.010471 0.114951 0.848418 0.013372
3 3 0.010682 0.009025 0.112577 0.856308 0.011409
3 3 0.007952 0.007264 0.111715 0.864163 0.008906
3 3 0.004534 0.005678 0.130443 0.853328 0.006017
3 3 0.003252 0.005870 0.170792 0.814891 0.005194
3 3 0.002528 0.003607 0.124668 0.865555 0.003642
3 3 0.004646 0.004827 0.108279 0.876613 0.005635
3 3 0.006665 0.006268 0.109096 0.870358 0.007614
3 3 0.008467 0.005528 0.079949 0.897996 0.008060
3 3 0.011847 0.008252 0.094954 0.873449 0.011499
3 3 0.019820 0.010815 0.085616 0.866931 0.016818
3 3 0.013260 0.007885 0.083145 0.883822 0.011888
3 3 0.010020 0.005657 0.072148 0.903328 0.008847
3 3 0.007034 0.003716 0.060019 0.923143 0.006088
3 3 0.006590 0.003357 0.056496 0.927939 0.005618
3 3 0.005223 0.002964 0.058914 0.928174 0.004725
3 3 0.009995 0.004982 0.063040 0.913669 0.008314
3 3 0.011061 0.004017 0.046136 0.930909 0.007878
3 3 0.006618 0.002175 0.034958 0.951679 0.004570
3 3 0.005819 0.001856 0.032422 0.955924 0.003979
3 3 0.001981 0.000694 0.025040 0.970817 0.001468
3 3 0.002797 0.000956 0.027407 0.966814 0.002025
3 3 0.004154 0.001266 0.027538 0.964233 0.002809
3 3 0.005772 0.001433 0.024460 0.964835 0.003499
3 3 0.008103 0.002148 0.029457 0.955280 0.005013
3 3 0.006593 0.002570 0.042150 0.943746 0.004942
3 3 0.005382 0.002627 0.050488 0.936977 0.004525
3 3 0.007128 0.002692 0.041755 0.943175 0.005250
3 3 0.006014 0.002538 0.044634 0.942115 0.004698
3 3 0.007195 0.002989 0.046521 0.937749 0.005546
3 3 0.008755 0.003378 0.045724 0.935673 0.006470
3 3 0.017471 0.006899 0.058353 0.904523 0.012755
3 3 0.017726 0.005255 0.042914 0.922830 0.011274
3 3 0.017991 0.004385 0.034766 0.932447 0.010411
3 3 0.020859 0.004702 0.033419 0.929452 0.011568
3 3 0.013697 0.002835 0.026579 0.949494 0.007395
3 3 0.005516 0.001553 0.027721 0.961653 0.003558
3 3 0.003146 0.000823 0.021159 0.972875 0.001996
3 3 0.002216 0.000889 0.030272 0.964877 0.001746
3 3 0.004135 0.001438 0.031833 0.959614 0.002980
3 3 0.009722 0.002664 0.032443 0.949097 0.006075
3 3 0.017451 0.004683 0.038286 0.928993 0.010587
3 3 0.015170 0.003712 0.033070 0.939204 0.008845
3 3 0.013842 0.003942 0.037965 0.935542 0.008708
3 3 0.012478 0.003154 0.032192 0.944737 0.007439
3 3 0.012831 0.003247 0.032519 0.943756 0.007646
3 3 0.005624 0.002017 0.036491 0.951796 0.004072
3 3 0.006617 0.002209 0.035576 0.950993 0.004605
3 3 0.008775 0.003158 0.042391 0.939404 0.006272
3 3 0.015349 0.004841 0.043887 0.925817 0.010106
3 3 0.015659 0.004840 0.043197 0.926101 0.010203
3 3 0.008776 0.002308 0.029982 0.953538 0.005395
3 3 0.010894 0.003270 0.037244 0.941505 0.007086
3 3 0.006406 0.001704 0.027362 0.960526 0.004002
3 3 0.009038 0.002465 0.031510 0.951338 0.005648
3 3 0.012538 0.002489 0.024655 0.953665 0.006654
3 3 0.012836 0.002513 0.024470 0.953417 0.006763
3 3 0.013311 0.002193 0.020427 0.957621 0.006447
3 3 0.016956 0.004537 0.037814 0.930412 0.010282
3 3 0.015340 0.005837 0.053841 0.913932 0.011051
3 3 0.024116 0.008702 0.058388 0.892117 0.016677
3 3 0.014401 0.004094 0.038374 0.934091 0.009040
3 3 0.011031 0.002472 0.027056 0.953209 0.006232
3 3 0.005573 0.001299 0.022547 0.967298 0.003282
3 3 0.002915 0.000847 0.023181 0.971107 0.001950
3 3 0.003965 0.001292 0.029211 0.962758 0.002774
3 3 0.005163 0.001618 0.030554 0.959150 0.003514
3 3 0.007820 0.002099 0.029523 0.955684 0.004874
3 3 0.005497 0.001668 0.030085 0.959075 0.003676
3 3 0.009635 0.002302 0.027793 0.954630 0.005639
3 3 0.008308 0.002381 0.032384 0.951595 0.005332
3 3 0.010725 0.003706 0.043263 0.934839 0.007467
3 3 0.005140 0.001897 0.036559 0.952619 0.003785
3 3 0.003067 0.001501 0.042057 0.950745 0.002630
3 3 0.006328 0.002443 0.041148 0.945352 0.004729
3 3 0.010691 0.003357 0.038903 0.939939 0.007110
0 3 0.519995 0.131381 0.160086 0.108118 0.080420
0 3 0.437560 0.229526 0.228431 0.028190 0.076293
0 2 0.321762 0.316256 0.262513 0.014922 0.084547
2 2 0.092524 0.289912 0.298062 0.023703 0.295799
4 2 0.065508 0.265908 0.295817 0.030171 0.342596
4 2 0.062439 0.255768 0.275710 0.032290 0.373793
4 2 0.053966 0.248292 0.272721 0.024367 0.400654
4 2 0.102703 0.250714 0.186768 0.017592 0.442223
4 2 0.132848 0.227762 0.130937 0.015777 0.492676
4 2 0.150904 0.258999 0.167736 0.021579 0.400781
4 2 0.114087 0.275112 0.216411 0.013068 0.381323
4 2 0.061934 0.240488 0.217080 0.009767 0.470731
4 2 0.060480 0.275478 0.314979 0.010498 0.338565
1 4 0.137008 0.298090 0.249637 0.017761 0.297504
4 4 0.249453 0.271024 0.149320 0.017921 0.312282
4 4 0.274587 0.279045 0.149366 0.009733 0.287269
1 4 0.249617 0.305019 0.192883 0.007693 0.244788
1 4 0.232522 0.298761 0.182143 0.005823 0.280751
4 1 0.163233 0.297520 0.215540 0.009246 0.314462
1 1 0.130805 0.303908 0.275496 0.020164 0.269628
2 1 0.077231 0.286110 0.334231 0.031006 0.271422
4 1 0.068200 0.259784 0.276771 0.038395 0.356850
2 1 0.085139 0.289079 0.332812 0.037917 0.255053
1 1 0.182188 0.309981 0.244067 0.017289 0.246476
1 1 0.250498 0.324597 0.244166 0.009075 0.171663
1 1 0.246562 0.327789 0.263457 0.010844 0.151349
1 1 0.187529 0.311019 0.238872 0.014134 0.248447
2 1 0.100762 0.292860 0.296656 0.027758 0.281963
4 1 0.101159 0.280869 0.253555 0.020711 0.343706
2 1 0.095356 0.297850 0.303396 0.014458 0.288939
4 4 0.067599 0.211728 0.154744 0.009052 0.556876
4 4 0.168773 0.276998 0.177679 0.010367 0.366183
1 4 0.222996 0.307249 0.212580 0.012537 0.244637
4 4 0.187137 0.285714 0.183128 0.010208 0.333813
4 4 0.123057 0.241706 0.152207 0.011688 0.471343
4 4 0.077095 0.197712 0.122947 0.006992 0.595254
4 4 0.057933 0.174371 0.117125 0.004592 0.645980
4 4 0.057259 0.136209 0.084649 0.003091 0.718791
4 4 0.063109 0.162898 0.105257 0.004597 0.664140
4 4 0.049298 0.230222 0.229085 0.013429 0.477966
4 4 0.038393 0.228404 0.261508 0.012839 0.458855
4 4 0.032108 0.217307 0.254039 0.009236 0.487309
4 4 0.030319 0.213715 0.251486 0.008316 0.496164
4 4 0.040633 0.225552 0.243329 0.011673 0.478814
4 4 0.078559 0.263667 0.234126 0.008792 0.414856
1 4 0.098040 0.299514 0.293340 0.009933 0.299173
4 4 0.114465 0.298645 0.258515 0.007347 0.321028
4 4 0.108201 0.261355 0.191035 0.008534 0.430875
4 4 0.090345 0.247950 0.191028 0.012671 0.458006
4 4 0.090024 0.214165 0.134474 0.007636 0.553702
4 4 0.081041 0.210278 0.137246 0.008063 0.563373
4 4 0.076402 0.218543 0.156765 0.011154 0.537135
4 4 0.102712 0.214239 0.128674 0.011780 0.542594
4 4 0.106705 0.245572 0.179305 0.025914 0.442504
4 4 0.138608 0.205854 0.101900 0.012123 0.541515
4 4 0.140265 0.190630 0.085010 0.008814 0.575281
4 4 0.132204 0.188793 0.085402 0.008082 0.585519
4 4 0.093906 0.192079 0.104291 0.006878 0.602847
4 4 0.084513 0.204742 0.127289 0.008554 0.574902
4 4 0.081501 0.222191 0.157933 0.012503 0.525871
4 4 0.099120 0.289803 0.286666 0.025186 0.299225
4 4 0.090566 0.269906 0.234934 0.013184 0.391410
2 4 0.120227 0.320886 0.334751 0.011141 0.212995
1 4 0.210939 0.324573 0.292395 0.022494 0.149599
1 4 0.213814 0.329541 0.296728 0.015503 0.144414
0 4 0.323565 0.312464 0.238694 0.017898 0.107379
0 4 0.340983 0.308316 0.210812 0.012713 0.127176
1 4 0.268629 0.299860 0.182684 0.009404 0.239423
0 4 0.362107 0.219881 0.077135 0.005615 0.335262
4 4 0.265434 0.196063 0.074349 0.010673 0.453481
0 4 0.391519 0.191775 0.094717 0.013797 0.308193
0 4 0.519459 0.124603 0.049188 0.010297 0.296454
0 4 0.760542 0.092010 0.045681 0.015161 0.086605
0 0 0.740604 0.094297 0.098383 0.024212 0.042504
0 0 0.861436 0.042012 0.035773 0.024917 0.035862
0 0 0.890917 0.035885 0.036495 0.015245 0.021458
0 0 0.853751 0.040780 0.039418 0.032175 0.033877
0 0 0.924810 0.020708 0.013539 0.014355 0.026588
0 0 0.912488 0.021119 0.010222 0.015847 0.040324
0 0 0.847336 0.030381 0.010195 0.011865 0.100223
0 0 0.878566 0.019462 0.004374 0.005710 0.091888
0 0 0.602684 0.030555 0.008899 0.018814 0.339049
0 0 0.558374 0.040587 0.009725 0.003326 0.387989
4 0 0.293075 0.061215 0.012492 0.001752 0.631467
4 0 0.347818 0.043749 0.006273 0.001570 0.600590
4 0 0.209502 0.160952 0.049572 0.003388 0.576587
4 1 0.116014 0.203908 0.106254 0.007453 0.566371
4 1 0.096402 0.206145 0.121147 0.009484 0.566823
4 4 0.082605 0.224518 0.151366 0.004504 0.537007
4 4 0.111667 0.187100 0.086661 0.002986 0.611586
0 4 0.965415 0.010637 0.005631 0.004238 0.014079
0 4 0.958693 0.015935 0.009838 0.003024 0.012509
0 4 0.876038 0.050022 0.032489 0.008105 0.033346
0 4 0.718026 0.126886 0.079545 0.010848 0.064695
0 4 0.389204 0.258705 0.132698 0.007976 0.211417
4 4 0.168212 0.190425 0.075507 0.004983 0.560874
4 4 0.083873 0.168823 0.081576 0.002881 0.662846
4 4 0.056599 0.186655 0.123251 0.002879 0.630616
4 4 0.048239 0.182949 0.131569 0.004117 0.633126
4 4 0.053964 0.204590 0.160807 0.007074 0.573565
4 4 0.042677 0.233907 0.254279 0.009569 0.459568
4 4 0.038968 0.248344 0.311211 0.008124 0.393352
4 4 0.037611 0.241670 0.298454 0.009019 0.413246
4 4 0.035960 0.224366 0.258869 0.011375 0.469430
4 4 0.034340 0.221503 0.256942 0.010449 0.476766
4 2 0.032521 0.218106 0.254598 0.009454 0.485321
4 2 0.033525 0.218396 0.250675 0.009509 0.487895
4 2 0.053160 0.217720 0.187256 0.008226 0.533638
4 2 0.063538 0.203761 0.145867 0.007353 0.579480
4 2 0.067130 0.186796 0.115923 0.005143 0.625007
4 2 0.054381 0.185168 0.126865 0.004532 0.629053
4 2 0.063645 0.206939 0.151212 0.007916 0.570288
4 2 0.090878 0.201400 0.118137 0.008265 0.581321
4 2 0.062385 0.224201 0.186420 0.011904 0.515090
4 2 0.066889 0.246540 0.218815 0.008944 0.458813
4 2 0.052392 0.211491 0.177227 0.008278 0.550612
4 2 0.033621 0.214416 0.237884 0.008437 0.505642
4 2 0.036841 0.219921 0.240944 0.009896 0.492399
4 2 0.037723 0.227322 0.260810 0.012427 0.461718
4 4 0.041597 0.233744 0.265678 0.014760 0.444221
4 4 0.124957 0.293751 0.242630 0.011444 0.327217
4 4 0.150437 0.284300 0.196652 0.007798 0.360813
4 4 0.095111 0.263712 0.215592 0.013215 0.412371
4 4 0.077968 0.281957 0.283195 0.009842 0.347038
2 4 0.064649 0.289978 0.348964 0.008741 0.287667
2 4 0.079907 0.311209 0.391913 0.008160 0.208812
2 4 0.104140 0.324562 0.375707 0.006805 0.188786
2 1 0.098045 0.312255 0.347792 0.011824 0.230085
2 1 0.084881 0.303925 0.349045 0.012302 0.249847
4 1 0.076500 0.256538 0.222699 0.009044 0.435218
4 1 0.107579 0.293063 0.249511 0.005693 0.344153
4 1 0.151956 0.291104 0.203639 0.005644 0.347658
4 1 0.153296 0.291952 0.208979 0.007956 0.337817
1 1 0.143613 0.312681 0.272011 0.011558 0.260137
2 1 0.084107 0.289606 0.313255 0.021406 0.291626
4 1 0.067137 0.265933 0.293302 0.032394 0.341235
2 1 0.067785 0.294839 0.384981 0.016259 0.236135
2 1 0.064248 0.288818 0.369104 0.016277 0.261553
1 1 0.208031 0.328381 0.291361 0.015540 0.156688
0 1 0.378540 0.290699 0.167537 0.010991 0.152232
0 1 0.350161 0.293675 0.176059 0.015209 0.164896
1 1 0.213349 0.319596 0.314478 0.036844 0.115733
2 1 0.111747 0.287338 0.309339 0.074987 0.216588
4 1 0.069197 0.256790 0.294538 0.046906 0.332569
2 1 0.038189 0.188362 0.472970 0.080505 0.219974
2 1 0.029026 0.148983 0.547876 0.123170 0.150946
2 2 0.044740 0.198551 0.524200 0.074639 0.157870
2 2 0.051427 0.228307 0.536920 0.039714 0.143632
2 2 0.056373 0.209015 0.576182 0.064900 0.093530
2 2 0.039777 0.181262 0.649750 0.048978 0.080233
1 2 0.193127 0.315396 0.230277 0.006261 0.254939
1 2 0.198764 0.320616 0.248945 0.009360 0.222315
2 2 0.103714 0.306755 0.329732 0.019672 0.240127
2 2 0.032427 0.189152 0.678623 0.017488 0.082309
2 2 0.012311 0.105894 0.815284 0.018369 0.048142
2 2 0.010178 0.096243 0.833174 0.016061 0.044345
2 2 0.010991 0.102548 0.802466 0.022311 0.061684
2 2 0.013829 0.117244 0.764439 0.027012 0.077476
2 2 0.019011 0.146308 0.700063 0.025987 0.108630
2 2 0.013949 0.119668 0.731751 0.034147 0.100485
2 2 0.017847 0.145775 0.716294 0.019092 0.100992
2 2 0.042595 0.256987 0.524199 0.008694 0.167526
2 2 0.050297 0.295763 0.473132 0.004692 0.176116
2 2 0.065967 0.301522 0.459697 0.010057 0.162758
2 2 0.033149 0.190114 0.595614 0.036410 0.144713
2 2 0.016104 0.121915 0.722417 0.045777 0.093787
2 2 0.013885 0.117919 0.738721 0.034686 0.094789
2 2 0.013025 0.114737 0.748292 0.032160 0.091786
2 2 0.019174 0.157272 0.668585 0.019948 0.135022
2 2 0.023700 0.173653 0.576713 0.029326 0.196608
2 2 0.023939 0.164581 0.571069 0.045053 0.195358
2 2 0.024752 0.164580 0.560176 0.051041 0.199451
2 2 0.025769 0.170001 0.582085 0.042786 0.179360
2 2 0.027466 0.178072 0.554196 0.040965 0.199302
2 2 0.023720 0.164678 0.621731 0.035456 0.154415
2 2 0.021280 0.158757 0.611338 0.035428 0.173197
2 2 0.014916 0.122888 0.710003 0.040800 0.111393
2 2 0.014153 0.119987 0.703616 0.043445 0.118799
2 2 0.012597 0.113011 0.716535 0.042594 0.115263
2 2 0.017870 0.147342 0.651869 0.029425 0.153494
2 2 0.027321 0.169758 0.518555 0.060305 0.224061
2 2 0.035171 0.183188 0.486069 0.076297 0.219276
2 2 0.027067 0.141102 0.560954 0.131047 0.139830
2 2 0.022482 0.103905 0.557325 0.236284 0.080005
2 2 0.017792 0.084858 0.563571 0.272919 0.060859
2 2 0.031309 0.138865 0.530820 0.178363 0.120642
2 2 0.023336 0.108687 0.558990 0.223019 0.085968
2 2 0.013981 0.065537 0.540344 0.338348 0.041790
2 2 0.046715 0.180503 0.630604 0.071788 0.070389
2 2 0.042428 0.174115 0.650690 0.064962 0.067804
2 2 0.070320 0.232573 0.576790 0.046029 0.074288
2 2 0.055883 0.205208 0.576286 0.070467 0.092157
2 2 0.031327 0.146991 0.626902 0.105136 0.089643
2 2 0.023358 0.128348 0.632988 0.114540 0.100767
2 2 0.030080 0.168735 0.592268 0.062656 0.146263
2 2 0.017640 0.112066 0.705997 0.086605 0.077693
2 2 0.021062 0.118363 0.672510 0.108311 0.079754
2 2 0.019995 0.115572 0.661035 0.116777 0.086621
2 2 0.017613 0.095033 0.624085 0.191841 0.071428
2 2 0.025094 0.136051 0.579833 0.126515 0.132506
2 2 0.016100 0.093738 0.644492 0.171641 0.074029
2 2 0.014743 0.086106 0.634928 0.195250 0.068973
2 2 0.015740 0.081793 0.590513 0.250873 0.061082
2 2 0.010500 0.049919 0.549194 0.364949 0.025438
2 2 0.011295 0.049754 0.545996 0.371301 0.021653
2 3 0.012656 0.057143 0.679966 0.233409 0.016826
2 3 0.023805 0.091464 0.696152 0.164644 0.023935
2 3 0.047485 0.184603 0.604820 0.079211 0.083881
2 3 0.039537 0.164065 0.573229 0.119341 0.103828
2 3 0.015449 0.089232 0.623532 0.197143 0.074643
2 3 0.093461 0.246182 0.510587 0.073003 0.076767
2 2 0.059881 0.180956 0.536811 0.146307 0.076045
2 2 0.038712 0.141549 0.485056 0.228482 0.106201
2 2 0.029537 0.107631 0.515325 0.284982 0.062525
2 2 0.047600 0.142406 0.531900 0.219991 0.058104
2 2 0.101668 0.241814 0.526294 0.070174 0.060050
2 2 0.144991 0.301563 0.413339 0.057758 0.082350
2 2 0.135810 0.317739 0.411387 0.032625 0.102439
2 2 0.095680 0.303793 0.373266 0.034444 0.192816
2 2 0.088395 0.289560 0.348670 0.041824 0.231551
2 2 0.052129 0.219532 0.408737 0.072479 0.247124
2 2 0.057398 0.218449 0.500146 0.076742 0.147264
2 2 0.042324 0.186309 0.602854 0.065660 0.102853
2 2 0.047095 0.231796 0.603874 0.017265 0.099969
2 2 0.036343 0.193731 0.687855 0.016090 0.065982
2 2 0.060725 0.270771 0.504954 0.017775 0.145775
2 2 0.031273 0.204500 0.557247 0.021029 0.185952
2 2 0.026558 0.180641 0.530484 0.035597 0.226720
2 2 0.022078 0.156736 0.549166 0.052490 0.219531
2 2 0.023981 0.178446 0.497193 0.029524 0.270856
2 2 0.018207 0.146748 0.570753 0.044100 0.220193
2 2 0.019432 0.134704 0.641491 0.066703 0.137670
2 2 0.025913 0.147271 0.599262 0.090397 0.137158
2 2 0.029232 0.181852 0.660247 0.022826 0.105842
2 2 0.029881 0.180108 0.705593 0.014907 0.069511
2 2 0.027416 0.182527 0.683142 0.014471 0.092444
2 2 0.062394 0.275123 0.534167 0.008425 0.119890
2 0 0.205964 0.332739 0.348437 0.014457 0.098403
1 1 0.286806 0.318022 0.275070 0.022938 0.097164
0 1 0.317749 0.315782 0.259638 0.016811 0.090019
4 1 0.171872 0.246215 0.131349 0.007532 0.443033
4 1 0.143961 0.270475 0.190507 0.021420 0.373637
2 1 0.099176 0.304681 0.335712 0.021598 0.238832
2 1 0.082573 0.302335 0.385761 0.023785 0.205546
2 1 0.088642 0.302250 0.375502 0.029411 0.204195
2 1 0.095170 0.296441 0.310781 0.021008 0.276601
2 1 0.093238 0.295456 0.304117 0.016701 0.290488
4 1 0.051579 0.263081 0.317034 0.015422 0.352884
4 1 0.048667 0.240043 0.260480 0.017726 0.433084
4 1 0.046227 0.239554 0.268228 0.018164 0.427827
4 1 0.077905 0.285286 0.301375 0.013740 0.321694
4 1 0.146760 0.294371 0.214810 0.006252 0.337807
4 1 0.216123 0.295235 0.173282 0.002875 0.312485
4 1 0.182374 0.257582 0.132977 0.002461 0.424606
4 1 0.108695 0.132111 0.045523 0.002196 0.711475
4 1 0.116549 0.128709 0.044983 0.002552 0.707207
4 1 0.077330 0.154907 0.075144 0.003068 0.689551
4 1 0.096469 0.175511 0.084191 0.004884 0.638945
4 1 0.093217 0.219047 0.137322 0.006543 0.543872
4 1 0.166342 0.274624 0.164526 0.003703 0.390806
4 1 0.159837 0.247054 0.135297 0.006124 0.451689
4 1 0.101361 0.231772 0.156702 0.016429 0.493737
4 1 0.049986 0.222871 0.208072 0.010957 0.508114
4 1 0.033646 0.219307 0.277432 0.011976 0.457639
4 1 0.038624 0.224724 0.314056 0.019849 0.402747
4 1 0.045928 0.239175 0.268016 0.017944 0.428937
4 1 0.054785 0.269896 0.329083 0.015961 0.330275
2 1 0.065430 0.284192 0.349725 0.019716 0.280937
4 1 0.062370 0.255714 0.275692 0.032221 0.374003
4 1 0.047599 0.241254 0.269165 0.019194 0.422787
4 1 0.060629 0.171500 0.119443 0.005410 0.643018
4 1 0.063167 0.152128 0.076230 0.002286 0.706189
4 1 0.068974 0.206364 0.143962 0.008067 0.572633
4 1 0.061174 0.254775 0.275376 0.031029 0.377646
4 1 0.034449 0.214036 0.351352 0.022111 0.378052
4 1 0.038782 0.224986 0.313791 0.019937 0.402504
