0 0 0.774457 0.079023 0.058178 0.012401 0.075941
0 0 0.768666 0.079814 0.049996 0.007864 0.093660
0 0 0.736050 0.088256 0.052602 0.007349 0.115742
0 0 0.788456 0.043538 0.032779 0.007738 0.127489
0 0 0.761607 0.030293 0.034177 0.017408 0.156516
0 0 0.894703 0.003597 0.005290 0.006038 0.090371
0 0 0.979519 0.000829 0.001652 0.004320 0.013680
0 0 0.992254 0.000805 0.001221 0.002052 0.003667
0 0 0.992121 0.001526 0.001843 0.001910 0.002599
0 0 0.989871 0.002861 0.003010 0.002255 0.002002
0 0 0.976770 0.006736 0.007477 0.005392 0.003625
0 0 0.977177 0.006640 0.007293 0.005164 0.003726
0 0 0.972529 0.008429 0.009012 0.005862 0.004168
0 0 0.956919 0.011766 0.014467 0.011475 0.005373
0 0 0.979832 0.005883 0.006291 0.004315 0.003679
0 0 0.932300 0.011535 0.019697 0.027835 0.008633
0 0 0.943646 0.011524 0.016907 0.018084 0.009839
0 0 0.974749 0.002414 0.005230 0.014634 0.002973
0 0 0.982153 0.001943 0.003852 0.009504 0.002548
0 0 0.958621 0.008681 0.012545 0.013801 0.006352
0 0 0.952908 0.012690 0.015544 0.012006 0.006852
0 0 0.925438 0.023514 0.026369 0.015777 0.008902
0 0 0.958105 0.015081 0.013469 0.005711 0.007635
0 0 0.948109 0.018708 0.016574 0.006657 0.009953
0 0 0.965251 0.010041 0.011092 0.007362 0.006254
0 0 0.954950 0.011537 0.014278 0.011322 0.007913
0 0 0.842488 0.036434 0.053578 0.047321 0.020180
0 0 0.825076 0.061882 0.067245 0.032361 0.013435
0 0 0.859927 0.063106 0.050386 0.013941 0.012640
0 0 0.839943 0.073792 0.058408 0.015539 0.012317
0 0 0.881265 0.043155 0.042381 0.017895 0.015305
0 0 0.840484 0.081850 0.054924 0.010688 0.012055
0 0 0.844735 0.070373 0.056722 0.015702 0.012468
0 0 0.844656 0.074216 0.048632 0.008962 0.023534
0 0 0.733253 0.114830 0.072770 0.011194 0.067953
0 0 0.763157 0.085845 0.079942 0.026285 0.044772
0 0 0.646413 0.103236 0.094447 0.027455 0.128450
4 0 0.269511 0.149387 0.097090 0.011891 0.472120
0 0 0.423396 0.135149 0.082254 0.009880 0.349321
0 0 0.421838 0.117060 0.054056 0.003981 0.403065
0 0 0.536549 0.144202 0.036661 0.000937 0.281651
0 0 0.663963 0.142472 0.034005 0.000822 0.158739
0 0 0.655467 0.120327 0.036324 0.001364 0.186519
0 0 0.687833 0.142760 0.036462 0.001009 0.131935
0 0 0.619654 0.219373 0.052724 0.001223 0.107025
0 0 0.628027 0.247981 0.054237 0.001063 0.068692
0 0 0.672156 0.206842 0.070753 0.002512 0.047737
0 0 0.433528 0.309409 0.197845 0.008643 0.050575
0 0 0.514478 0.237264 0.161722 0.018396 0.068140
0 0 0.359302 0.082680 0.250186 0.278519 0.029314
3 0 0.142587 0.057912 0.367209 0.409731 0.022562
2 0 0.311882 0.142300 0.343676 0.166994 0.035148
2 0 0.320287 0.113862 0.357254 0.183506 0.025092
0 0 0.464580 0.110572 0.222669 0.145395 0.056784
0 0 0.582856 0.148800 0.127098 0.029839 0.111407
0 0 0.618120 0.137319 0.098918 0.017812 0.127831
0 0 0.473318 0.237373 0.165696 0.025338 0.098276
0 0 0.393266 0.174754 0.295755 0.075029 0.061197
0 0 0.677820 0.129326 0.091138 0.016384 0.085331
0 0 0.628514 0.116787 0.107207 0.030821 0.116671
4 0 0.251601 0.122743 0.098584 0.017942 0.509130
0 0 0.576990 0.144630 0.098279 0.015482 0.164620
0 0 0.728728 0.067147 0.064287 0.021972 0.117866
0 0 0.876584 0.026728 0.032065 0.019906 0.044716
0 0 0.586537 0.041719 0.140667 0.213297 0.017781
0 0 0.835827 0.042460 0.063917 0.042035 0.015761
0 0 0.929306 0.029833 0.020730 0.004943 0.015187
0 0 0.884652 0.015157 0.030823 0.056375 0.012992
3 0 0.362193 0.013237 0.095160 0.522335 0.007075
3 0 0.216390 0.008694 0.095962 0.674058 0.004896
3 0 0.320303 0.020112 0.130982 0.518462 0.010141
0 0 0.387724 0.205364 0.274752 0.092324 0.039836
0 0 0.415455 0.210816 0.220607 0.070414 0.082708
0 1 0.330770 0.289554 0.188377 0.022799 0.168499
4 2 0.144038 0.240589 0.237529 0.034210 0.343634
2 2 0.039948 0.170922 0.658237 0.046150 0.084743
2 2 0.029737 0.117008 0.674206 0.112386 0.066662
2 2 0.029307 0.148341 0.665025 0.044778 0.112548
2 1 0.018873 0.107241 0.795771 0.041583 0.036532
2 1 0.054709 0.153188 0.734612 0.033604 0.023888
2 4 0.145633 0.259263 0.521752 0.032111 0.041242
2 0 0.079951 0.256961 0.588380 0.021210 0.053497
2 4 0.011252 0.132573 0.822921 0.005971 0.027283
2 1 0.006477 0.081043 0.861921 0.018429 0.032129
2 3 0.002576 0.036895 0.932579 0.017098 0.010851
2 -1 0.004035 0.051242 0.907459 0.020025 0.017239
2 0 0.006818 0.072419 0.866693 0.025582 0.028489
2 0 0.017602 0.136351 0.735779 0.027226 0.083041
2 2 0.020936 0.143594 0.709845 0.030067 0.095558
2 2 0.023084 0.178378 0.631065 0.014177 0.153297
2 2 0.007207 0.067295 0.866142 0.032876 0.026481
2 2 0.008409 0.065273 0.853903 0.045993 0.026422
2 2 0.013622 0.079868 0.798718 0.070758 0.037033
2 2 0.020080 0.140361 0.716791 0.027121 0.095647
2 4 0.052538 0.222375 0.371345 0.014548 0.339194
4 2 0.058967 0.214546 0.263349 0.008519 0.454619
4 2 0.052141 0.211732 0.256694 0.005794 0.473639
4 2 0.045971 0.214487 0.285323 0.005139 0.449081
2 1 0.036874 0.219074 0.405990 0.007074 0.330988
2 2 0.020748 0.198954 0.565156 0.005674 0.209468
2 2 0.033451 0.197765 0.539188 0.015719 0.213877
2 2 0.034903 0.201815 0.518263 0.014626 0.230393
2 2 0.039604 0.217607 0.453495 0.012845 0.276450
2 2 0.028784 0.203003 0.552870 0.012856 0.202488
2 1 0.030159 0.209564 0.513839 0.010057 0.236381
2 2 0.011328 0.103362 0.808074 0.025425 0.051811
2 2 0.012417 0.105828 0.798130 0.032711 0.050914
2 0 0.007508 0.067539 0.904569 0.010201 0.010183
2 0 0.051417 0.082533 0.830941 0.030937 0.004172
2 1 0.260068 0.219035 0.445118 0.052982 0.022798
2 1 0.243563 0.233300 0.468350 0.034701 0.020087
2 2 0.129328 0.291298 0.517781 0.018409 0.043183
2 2 0.064648 0.269222 0.555466 0.010671 0.099993
2 2 0.030411 0.211802 0.495762 0.008735 0.253289
2 3 0.006751 0.073157 0.866717 0.024609 0.028767
2 3 0.004555 0.047386 0.902651 0.029257 0.016151
2 3 0.005740 0.046901 0.885425 0.045187 0.016747
2 3 0.004761 0.041938 0.898704 0.040406 0.014192
2 2 0.002786 0.026156 0.924499 0.039091 0.007468
2 3 0.001811 0.016805 0.934646 0.042573 0.004165
2 3 0.002753 0.008686 0.722674 0.263583 0.002304
2 3 0.003445 0.009430 0.670619 0.313809 0.002697
2 3 0.003602 0.007232 0.546913 0.440039 0.002214
2 3 0.002862 0.006011 0.574072 0.415305 0.001750
3 3 0.003118 0.004755 0.458921 0.531613 0.001594
3 3 0.002845 0.004471 0.466777 0.524469 0.001438
3 3 0.002971 0.003259 0.335792 0.656762 0.001215
3 3 0.002059 0.001611 0.228459 0.767242 0.000629
3 3 0.001891 0.001212 0.180355 0.816033 0.000510
3 3 0.002133 0.001346 0.184084 0.811836 0.000600
3 3 0.002543 0.001354 0.156279 0.839121 0.000703
3 3 0.002917 0.001550 0.161037 0.833648 0.000847
3 3 0.002524 0.001775 0.227979 0.766899 0.000823
3 3 0.001802 0.001506 0.281079 0.715013 0.000600
3 3 0.001758 0.001496 0.278307 0.717863 0.000577
3 3 0.002268 0.001610 0.217469 0.777953 0.000700
3 3 0.002162 0.000774 0.092579 0.904014 0.000471
3 3 0.002213 0.001373 0.193501 0.802265 0.000648
3 3 0.002524 0.002072 0.271889 0.722618 0.000897
3 3 0.002038 0.001990 0.318969 0.676257 0.000745
2 1 0.002331 0.003791 0.516738 0.475903 0.001239
2 3 0.002604 0.006056 0.648242 0.341603 0.001494
2 3 0.002719 0.006692 0.627001 0.361774 0.001814
3 3 0.003324 0.004809 0.453305 0.536842 0.001720
3 3 0.002292 0.002884 0.413982 0.579825 0.001016
3 3 0.002632 0.002810 0.350681 0.642795 0.001083
3 3 0.003259 0.003720 0.374052 0.617497 0.001472
3 3 0.003511 0.003349 0.313777 0.677906 0.001457
3 3 0.003036 0.003371 0.353440 0.638858 0.001295
3 3 0.003400 0.003656 0.349657 0.641801 0.001486
3 3 0.001684 0.000522 0.077817 0.919652 0.000326
3 3 0.001762 0.000789 0.129030 0.868003 0.000415
3 3 0.002982 0.001040 0.096980 0.898277 0.000722
3 3 0.003325 0.001435 0.125261 0.869073 0.000906
3 3 0.004026 0.002184 0.173719 0.818757 0.001314
3 3 0.004456 0.003438 0.260127 0.730190 0.001789
3 3 0.005149 0.003758 0.244475 0.744541 0.002078
3 3 0.004648 0.002863 0.204568 0.786232 0.001689
3 3 0.004221 0.003216 0.263912 0.726961 0.001690
3 3 0.003902 0.002173 0.178245 0.814403 0.001277
3 3 0.002785 0.002134 0.253180 0.740922 0.000979
3 3 0.002713 0.001677 0.192042 0.802736 0.000832
3 3 0.002105 0.001023 0.145894 0.850435 0.000543
3 3 0.002326 0.000938 0.117394 0.878775 0.000568
3 3 0.001925 0.000665 0.098338 0.898650 0.000422
3 3 0.002783 0.000795 0.078834 0.916968 0.000620
3 3 0.002124 0.000715 0.092712 0.903984 0.000466
3 3 0.001739 0.000495 0.073690 0.923741 0.000335
3 3 0.001832 0.000470 0.060640 0.936725 0.000333
3 3 0.002254 0.000708 0.075333 0.921244 0.000460
3 3 0.003651 0.001148 0.083637 0.910683 0.000881
3 3 0.003627 0.001049 0.077479 0.916991 0.000854
3 3 0.003728 0.001069 0.077396 0.916922 0.000884
3 3 0.002788 0.001054 0.111892 0.883564 0.000702
3 3 0.002290 0.000874 0.113409 0.882873 0.000553
3 3 0.001677 0.000688 0.117710 0.879547 0.000378
3 3 0.001152 0.000583 0.152443 0.845560 0.000261
3 3 0.001047 0.000451 0.121917 0.876373 0.000212
3 3 0.001034 0.000474 0.132528 0.865748 0.000216
3 3 0.001098 0.000544 0.137731 0.860392 0.000234
3 3 0.001018 0.000333 0.088661 0.909804 0.000184
3 3 0.003837 0.001089 0.101150 0.893416 0.000510
3 3 0.002701 0.001564 0.203901 0.791327 0.000508
3 3 0.002299 0.003064 0.392918 0.600751 0.000968
2 3 0.007168 0.007587 0.544807 0.438666 0.001772
2 0 0.009233 0.032295 0.896552 0.057733 0.004187
2 2 0.008490 0.046327 0.900589 0.036202 0.008393
2 2 0.025705 0.128437 0.781953 0.030922 0.032983
2 2 0.013598 0.077532 0.798274 0.074795 0.035800
2 2 0.012285 0.074943 0.811780 0.067354 0.033639
2 2 0.010386 0.059992 0.826260 0.078157 0.025204
2 2 0.006491 0.038593 0.859620 0.081444 0.013852
2 2 0.003914 0.028189 0.897414 0.061756 0.008727
2 2 0.003593 0.031379 0.912185 0.043187 0.009656
2 2 0.002102 0.029400 0.941878 0.018564 0.008056
2 0 0.011930 0.060313 0.886906 0.030839 0.010012
2 2 0.077473 0.183720 0.653595 0.047823 0.037390
2 2 0.109472 0.227733 0.591846 0.033688 0.037260
2 1 0.087426 0.249404 0.615349 0.015070 0.032752
2 2 0.029078 0.179708 0.731799 0.013543 0.045871
2 2 0.016155 0.126270 0.774012 0.029458 0.054104
2 2 0.015547 0.117180 0.772659 0.038105 0.056509
2 2 0.010247 0.089836 0.826192 0.033954 0.039771
2 2 0.010270 0.081009 0.831183 0.042226 0.035311
2 2 0.012659 0.097873 0.804713 0.035378 0.049377
2 2 0.007926 0.062297 0.859527 0.045510 0.024740
2 2 0.013780 0.059420 0.773847 0.126163 0.026790
2 2 0.019428 0.054782 0.660742 0.237719 0.027328
2 2 0.010076 0.035125 0.747927 0.192787 0.014085
2 2 0.009182 0.036086 0.779974 0.160665 0.014093
2 2 0.009580 0.058154 0.836018 0.072363 0.023886
2 1 0.008449 0.061460 0.853090 0.052296 0.024704
2 1 0.008462 0.068582 0.852862 0.042103 0.027991
2 1 0.016792 0.095173 0.769647 0.070899 0.047490
2 2 0.076253 0.233546 0.618756 0.020235 0.051209
2 0 0.080898 0.269429 0.570955 0.015748 0.062970
2 1 0.183130 0.346097 0.401709 0.007333 0.061731
2 2 0.219944 0.350971 0.357119 0.007614 0.064353
2 2 0.078146 0.261670 0.449391 0.019786 0.191007
2 2 0.065017 0.240520 0.516496 0.029221 0.148746
2 1 0.019089 0.123144 0.740227 0.051605 0.065935
2 2 0.023170 0.145684 0.742968 0.031829 0.056348
2 2 0.009895 0.093054 0.826287 0.029633 0.041131
2 2 0.015421 0.124655 0.761463 0.028044 0.070416
2 2 0.024267 0.155703 0.675772 0.027939 0.116319
2 2 0.030843 0.188345 0.584761 0.020214 0.175837
2 2 0.032201 0.164411 0.626917 0.034091 0.142379
2 2 0.037915 0.198500 0.524084 0.019448 0.220053
2 0 0.008080 0.075304 0.898500 0.007843 0.010273
2 0 0.050685 0.126378 0.794248 0.019136 0.009553
2 2 0.178690 0.228714 0.523933 0.041016 0.027647
2 1 0.071171 0.196385 0.675642 0.026290 0.030512
2 1 0.149177 0.306537 0.498482 0.012760 0.033044
2 1 0.187344 0.243987 0.533609 0.018358 0.016701
0 1 0.492204 0.270673 0.185305 0.017347 0.034471
1 2 0.293535 0.317121 0.310652 0.021591 0.057101
2 2 0.164576 0.284203 0.417029 0.043020 0.091172
2 2 0.047980 0.231758 0.538008 0.018426 0.163828
2 1 0.044679 0.219086 0.440071 0.016294 0.279870
2 1 0.048727 0.183198 0.590831 0.052213 0.125032
2 2 0.020765 0.160170 0.683463 0.020346 0.115257
2 2 0.020483 0.141173 0.714718 0.029245 0.094381
2 2 0.040164 0.197468 0.523960 0.023211 0.215197
2 2 0.032470 0.151950 0.646614 0.055659 0.113306
2 2 0.032468 0.125696 0.657426 0.101793 0.082618
2 2 0.026854 0.087322 0.663729 0.172958 0.049136
2 2 0.023177 0.105248 0.717081 0.096194 0.058299
2 2 0.035948 0.187277 0.584860 0.038207 0.153708
2 2 0.041865 0.223915 0.605826 0.017076 0.111318
2 2 0.046475 0.249272 0.619878 0.007793 0.076582
2 2 0.022897 0.145980 0.764070 0.023120 0.043933
2 2 0.011704 0.055939 0.799756 0.108566 0.024035
2 2 0.007375 0.035605 0.827292 0.116635 0.013094
2 2 0.006237 0.030502 0.835475 0.117164 0.010623
2 2 0.007769 0.029626 0.778103 0.173564 0.010937
2 2 0.014542 0.043767 0.693944 0.227959 0.019788
2 1 0.013789 0.048749 0.737780 0.177958 0.021725
2 2 0.012423 0.047414 0.759937 0.159761 0.020464
2 2 0.016270 0.060150 0.735958 0.159181 0.028441
2 2 0.019988 0.073251 0.716115 0.153400 0.037246
2 2 0.008057 0.039670 0.826396 0.110830 0.015048
2 2 0.011302 0.042426 0.761260 0.167290 0.017722
2 2 0.009295 0.045383 0.817717 0.109553 0.018052
2 2 0.008893 0.034845 0.780447 0.162352 0.013463
2 4 0.012715 0.050865 0.767587 0.146647 0.022187
2 4 0.014100 0.071561 0.788571 0.092738 0.033029
2 4 0.032844 0.143402 0.647092 0.081887 0.094775
2 4 0.053437 0.200594 0.486431 0.042609 0.216930
4 4 0.071957 0.221553 0.316745 0.023499 0.366246
4 4 0.077338 0.218280 0.275574 0.020470 0.408337
2 4 0.033375 0.205557 0.539160 0.017561 0.204348
2 4 0.124110 0.308709 0.397209 0.011913 0.158059
1 1 0.195585 0.316238 0.313030 0.016788 0.158358
0 4 0.274717 0.140913 0.224858 0.123137 0.236374
4 4 0.305376 0.055367 0.091837 0.071732 0.475688
4 4 0.162499 0.022308 0.022660 0.007218 0.785315
4 4 0.118163 0.056325 0.036624 0.004357 0.784531
4 4 0.076505 0.117069 0.045632 0.001813 0.758982
4 4 0.085665 0.132830 0.060153 0.003153 0.718200
4 4 0.056205 0.211713 0.250894 0.006781 0.474407
4 4 0.105252 0.170589 0.110112 0.010678 0.603369
4 4 0.138591 0.134868 0.120970 0.023936 0.581635
4 4 0.128507 0.130114 0.101810 0.015553 0.624016
4 4 0.149600 0.146295 0.110200 0.015916 0.577989
4 4 0.184186 0.179345 0.163448 0.033996 0.439025
4 4 0.203939 0.193036 0.144997 0.021386 0.436643
4 4 0.133273 0.191347 0.113787 0.010146 0.551446
4 4 0.162141 0.221901 0.153498 0.018408 0.444051
4 4 0.108781 0.186180 0.141783 0.016530 0.546725
4 4 0.091679 0.211979 0.232283 0.023441 0.440620
4 4 0.088845 0.218750 0.310533 0.044771 0.337101
2 4 0.094315 0.198631 0.355606 0.090658 0.260791
4 1 0.094965 0.216037 0.264515 0.035467 0.389016
4 4 0.082179 0.214694 0.248619 0.019456 0.435052
2 4 0.093016 0.248096 0.329212 0.022728 0.306948
4 4 0.103058 0.222516 0.268596 0.037501 0.368329
4 4 0.129208 0.183002 0.177304 0.038635 0.471851
4 4 0.153521 0.137052 0.228672 0.106572 0.374184
4 4 0.123796 0.194602 0.182226 0.036788 0.462587
4 4 0.123208 0.206063 0.220144 0.056342 0.394242
2 4 0.029649 0.065669 0.560959 0.305550 0.038173
2 4 0.025341 0.048111 0.544171 0.358531 0.023846
2 4 0.041112 0.064558 0.453684 0.401645 0.039001
2 4 0.050755 0.103404 0.484209 0.287814 0.073818
3 4 0.049021 0.074453 0.403020 0.419624 0.053881
2 2 0.027010 0.072020 0.684041 0.186787 0.030141
2 2 0.147123 0.216083 0.574244 0.037251 0.025298
0 0 0.376663 0.186434 0.307737 0.101388 0.027779
0 0 0.441907 0.267168 0.211202 0.040795 0.038930
2 1 0.231561 0.280498 0.358961 0.059297 0.069682
2 1 0.191638 0.280269 0.360539 0.053634 0.113920
2 1 0.099817 0.208887 0.322392 0.082777 0.286128
2 1 0.073138 0.161650 0.459195 0.143282 0.162734
2 2 0.053897 0.107101 0.486594 0.270849 0.081559
2 2 0.032972 0.054215 0.450467 0.428793 0.033553
2 2 0.018068 0.035621 0.549187 0.378987 0.018136
2 2 0.016771 0.039293 0.606688 0.318503 0.018745
2 2 0.025801 0.069023 0.626413 0.240724 0.038038
2 2 0.029968 0.097515 0.648998 0.166297 0.057221
2 2 0.021196 0.077609 0.709770 0.151115 0.040311
2 2 0.007213 0.040281 0.847820 0.089798 0.014887
2 2 0.006035 0.023700 0.790626 0.171571 0.008068
2 0 0.003930 0.017396 0.824665 0.148823 0.005185
2 0 0.004523 0.020257 0.825718 0.143182 0.006320
2 2 0.006060 0.030772 0.873037 0.081917 0.008213
2 2 0.011720 0.038926 0.829202 0.111085 0.009067
2 2 0.017197 0.068345 0.837467 0.061196 0.015796
2 2 0.013161 0.060455 0.845396 0.064653 0.016335
2 2 0.005108 0.027696 0.859398 0.098822 0.008975
2 2 0.014664 0.027383 0.547061 0.397219 0.013672
3 2 0.008658 0.006782 0.251246 0.729298 0.004016
3 2 0.006555 0.003727 0.179584 0.807691 0.002443
3 2 0.011811 0.009425 0.272941 0.699570 0.006254
3 2 0.008865 0.012917 0.469787 0.502283 0.006149
2 2 0.007661 0.014182 0.558884 0.413260 0.006013
2 2 0.008620 0.026289 0.758244 0.198815 0.008032
2 2 0.006160 0.018045 0.775590 0.195325 0.004880
2 3 0.004545 0.010175 0.627205 0.354544 0.003531
3 3 0.005461 0.005752 0.350005 0.636080 0.002702
3 3 0.005939 0.002989 0.150481 0.838590 0.002002
3 3 0.007472 0.006492 0.291551 0.690867 0.003619
3 3 0.009458 0.010498 0.377296 0.597055 0.005692
3 3 0.009376 0.008385 0.289663 0.687799 0.004777
3 3 0.012011 0.009551 0.254015 0.718322 0.006100
3 3 0.009893 0.005491 0.169173 0.811464 0.003978
3 3 0.010896 0.010404 0.318514 0.654071 0.006115
3 3 0.012250 0.012284 0.404008 0.565609 0.005848
3 2 0.007664 0.007911 0.353863 0.626373 0.004188
3 3 0.009035 0.007252 0.275687 0.703917 0.004110
3 3 0.006591 0.006366 0.309776 0.674096 0.003172
3 3 0.006711 0.005251 0.257603 0.727473 0.002962
3 3 0.007470 0.005342 0.234846 0.749099 0.003243
3 3 0.007092 0.002825 0.118132 0.869659 0.002292
3 3 0.005675 0.002847 0.153252 0.836316 0.001910
3 3 0.005325 0.003574 0.204239 0.784889 0.001973
3 3 0.004376 0.004537 0.312675 0.676523 0.001889
3 0 0.004005 0.002569 0.199919 0.792132 0.001375
3 0 0.036362 0.019815 0.397113 0.541128 0.005583
3 2 0.127153 0.049286 0.358155 0.452552 0.012854
2 2 0.196253 0.149701 0.403153 0.212018 0.038875
3 2 0.013469 0.016036 0.400272 0.560914 0.009310
3 2 0.006229 0.007934 0.434111 0.548016 0.003710
3 2 0.005309 0.004079 0.261110 0.727269 0.002233
3 2 0.004976 0.003551 0.238598 0.750907 0.001969
3 3 0.009851 0.008117 0.273124 0.703959 0.004948
3 3 0.010023 0.011018 0.385425 0.587288 0.006245
3 2 0.012408 0.010485 0.302133 0.667901 0.007073
2 3 0.009575 0.015038 0.490193 0.478172 0.007022
3 2 0.007969 0.008506 0.358770 0.620329 0.004426
2 2 0.005428 0.011131 0.612372 0.366744 0.004324
2 2 0.007934 0.014263 0.567189 0.404175 0.006438
2 2 0.009159 0.018737 0.590804 0.373231 0.008070
2 2 0.004547 0.024084 0.872924 0.091775 0.006670
2 2 0.008860 0.042056 0.934038 0.012365 0.002680
2 1 0.057225 0.072789 0.713407 0.146650 0.009929
2 2 0.065730 0.148010 0.702798 0.056473 0.026989
2 2 0.097927 0.212337 0.593033 0.049554 0.047149
2 3 0.046375 0.122727 0.766601 0.044981 0.019315
2 3 0.011591 0.050719 0.822575 0.098195 0.016920
2 3 0.007493 0.048780 0.888161 0.042726 0.012839
2 3 0.008774 0.076525 0.846809 0.035911 0.031981
2 3 0.012107 0.127301 0.771733 0.014668 0.074190
2 3 0.008695 0.096250 0.831479 0.018065 0.045512
2 2 0.011138 0.092968 0.856773 0.016757 0.022365
2 2 0.014868 0.086197 0.857694 0.024264 0.016976
2 2 0.010181 0.065467 0.881660 0.028433 0.014259
2 2 0.012012 0.091978 0.810920 0.042799 0.042291
2 2 0.010321 0.077837 0.831862 0.046213 0.033767
2 2 0.017012 0.105825 0.785546 0.047087 0.044530
2 1 0.014777 0.094776 0.868689 0.010299 0.011459
2 1 0.047398 0.164003 0.687145 0.051293 0.050161
2 2 0.008645 0.042322 0.838073 0.096433 0.014528
2 2 0.013381 0.054734 0.768048 0.139505 0.024332
2 2 0.016471 0.066392 0.749065 0.136363 0.031709
2 2 0.022863 0.096614 0.714896 0.113337 0.052290
2 2 0.043165 0.151697 0.667046 0.074746 0.063346
2 1 0.030087 0.156126 0.748962 0.024576 0.040249
2 2 0.028923 0.138905 0.686551 0.070613 0.075007
2 2 0.011236 0.071767 0.822611 0.063006 0.031380
2 2 0.008350 0.044518 0.834732 0.095189 0.017210
2 2 0.005712 0.035204 0.869069 0.077864 0.012151
2 2 0.006793 0.041906 0.860634 0.075338 0.015330
2 2 0.010836 0.052842 0.807772 0.106403 0.022147
2 2 0.014341 0.068264 0.781711 0.104195 0.031489
2 2 0.009340 0.052031 0.831914 0.085727 0.020988
2 2 0.007726 0.044049 0.846252 0.085279 0.016694
2 2 0.004604 0.039588 0.899967 0.042635 0.013205
2 2 0.008651 0.059636 0.849881 0.057828 0.024004
2 2 0.007987 0.060891 0.858705 0.048270 0.024147
2 2 0.013826 0.075361 0.794718 0.081277 0.034817
2 3 0.015632 0.064850 0.757835 0.131211 0.030472
2 3 0.015494 0.061718 0.752593 0.141374 0.028822
2 3 0.014331 0.048500 0.725534 0.189770 0.021866
2 3 0.015703 0.055423 0.729409 0.173642 0.025824
2 3 0.013988 0.039448 0.675730 0.253224 0.017609
2 3 0.012762 0.039390 0.706336 0.224462 0.017050
2 3 0.011825 0.039313 0.729823 0.202435 0.016606
2 3 0.012246 0.041261 0.731938 0.196916 0.017639
2 3 0.010544 0.049672 0.805241 0.113980 0.020563
2 3 0.011778 0.041697 0.745899 0.183007 0.017619
2 3 0.016459 0.060218 0.733123 0.161626 0.028573
2 3 0.010099 0.053634 0.821923 0.092226 0.022118
2 3 0.007726 0.035577 0.817606 0.125849 0.013242
2 3 0.004752 0.023195 0.842141 0.122521 0.007391
2 3 0.005728 0.026275 0.826268 0.132868 0.008861
2 3 0.009051 0.028239 0.718661 0.233130 0.010919
2 3 0.009632 0.025677 0.664182 0.290346 0.010163
2 3 0.015873 0.037868 0.614773 0.313764 0.017722
2 3 0.006943 0.018760 0.670712 0.296900 0.006685
2 3 0.006320 0.018222 0.694967 0.274204 0.006288
2 3 0.004113 0.011963 0.696350 0.283969 0.003605
2 3 0.003434 0.012836 0.780631 0.199453 0.003646
2 3 0.003489 0.012922 0.777918 0.201983 0.003688
2 3 0.005717 0.016225 0.690373 0.282237 0.005449
2 3 0.008794 0.022129 0.642904 0.317642 0.008531
2 3 0.005638 0.013777 0.642001 0.333807 0.004777
2 3 0.004143 0.010690 0.658107 0.323731 0.003329
2 3 0.003347 0.009860 0.704830 0.279133 0.002830
2 3 0.002834 0.006316 0.631330 0.357559 0.001961
2 3 0.002179 0.004435 0.604789 0.387258 0.001340
2 3 0.002672 0.004681 0.533899 0.457240 0.001508
2 3 0.002730 0.004432 0.503585 0.487784 0.001469
2 3 0.004098 0.007197 0.539690 0.446398 0.002616
3 3 0.005046 0.005556 0.371260 0.615594 0.002545
3 3 0.005610 0.005958 0.340757 0.644939 0.002736
3 3 0.004715 0.003053 0.188510 0.802093 0.001629
3 3 0.003106 0.001884 0.174052 0.820022 0.000936
3 3 0.002852 0.001899 0.185947 0.808441 0.000860
3 3 0.003273 0.002093 0.179728 0.813899 0.001008
3 3 0.004148 0.002869 0.208026 0.783504 0.001453
3 3 0.006499 0.007452 0.376726 0.605804 0.003519
3 3 0.005880 0.005866 0.324706 0.660721 0.002828
3 3 0.004699 0.003011 0.203571 0.787022 0.001697
3 3 0.005677 0.003567 0.190625 0.798053 0.002077
3 3 0.004409 0.002393 0.156148 0.835659 0.001391
3 3 0.003418 0.001689 0.133119 0.860827 0.000946
3 3 0.002959 0.001040 0.088272 0.907046 0.000683
3 3 0.002128 0.000636 0.071195 0.925620 0.000421
3 3 0.002363 0.000663 0.068742 0.927755 0.000477
3 3 0.002051 0.000662 0.080325 0.916543 0.000420
3 3 0.001458 0.000466 0.078698 0.919105 0.000273
3 3 0.001398 0.000588 0.110895 0.886827 0.000291
3 3 0.001232 0.000561 0.125115 0.872831 0.000261
3 3 0.001644 0.000921 0.171875 0.825134 0.000426
3 3 0.002460 0.001101 0.135249 0.860547 0.000643
3 3 0.002947 0.001591 0.186632 0.808113 0.000716
2 3 0.011950 0.011598 0.583094 0.391226 0.002132
2 1 0.040124 0.020414 0.495823 0.440851 0.002788
2 2 0.039478 0.052663 0.664826 0.232839 0.010195
2 2 0.028343 0.075362 0.736862 0.136162 0.023271
2 2 0.021703 0.087184 0.718237 0.126847 0.046028
2 3 0.006367 0.022297 0.758824 0.204812 0.007701
2 2 0.004102 0.015475 0.783273 0.192499 0.004651
2 2 0.006189 0.017799 0.694002 0.275907 0.006102
2 4 0.004112 0.022371 0.863559 0.103103 0.006855
2 4 0.004778 0.036048 0.892544 0.054646 0.011984
2 4 0.009987 0.081311 0.833568 0.039886 0.035249
4 4 0.076354 0.212813 0.316093 0.026000 0.368739
4 4 0.111293 0.190402 0.158663 0.020846 0.518796
2 4 0.059040 0.196366 0.433705 0.028497 0.282392
4 4 0.111861 0.161060 0.109197 0.012230 0.605652
4 4 0.111887 0.180590 0.128894 0.015657 0.562971
4 4 0.096423 0.182681 0.135531 0.010979 0.574387
4 1 0.077376 0.118552 0.046882 0.001913 0.755277
4 1 0.075445 0.131830 0.060599 0.002280 0.729846
4 4 0.080581 0.124039 0.051709 0.002326 0.741346
4 4 0.081137 0.124995 0.052584 0.002405 0.738879
4 4 0.080802 0.113155 0.046977 0.002122 0.756944
4 4 0.083937 0.129830 0.057169 0.002845 0.726219
4 4 0.084646 0.131059 0.058377 0.002968 0.722951
4 4 0.076576 0.117189 0.045733 0.001821 0.758681
4 4 0.092214 0.144333 0.072698 0.004638 0.686117
4 4 0.169479 0.197499 0.072601 0.002484 0.557937
4 4 0.076436 0.140246 0.070224 0.002729 0.710365
4 4 0.050590 0.196564 0.195305 0.003309 0.554232
4 4 0.035635 0.201034 0.236111 0.001835 0.525386
4 4 0.048223 0.195198 0.193422 0.002877 0.560280
4 4 0.060205 0.252065 0.325372 0.005065 0.357293
4 4 0.097151 0.255968 0.211864 0.004187 0.430830
4 4 0.087969 0.259838 0.248957 0.004983 0.398253
4 4 0.064585 0.146296 0.080851 0.002041 0.706227
4 4 0.045489 0.169870 0.129982 0.001430 0.653231
4 4 0.074478 0.144209 0.075625 0.002752 0.702935
4 4 0.090357 0.095200 0.044802 0.002647 0.766994
4 4 0.120114 0.036182 0.024445 0.003308 0.815951
4 4 0.160956 0.028256 0.027912 0.008185 0.774691
4 4 0.188749 0.024987 0.030734 0.014034 0.741496
4 4 0.232173 0.067778 0.054402 0.010455 0.635192
4 4 0.359051 0.171206 0.074037 0.004488 0.391218
4 4 0.154634 0.173612 0.070289 0.003226 0.598240
2 2 0.031622 0.216897 0.396752 0.004346 0.350383
2 2 0.046613 0.246276 0.646899 0.004584 0.055628
2 2 0.125386 0.299966 0.505016 0.013227 0.056405
2 1 0.172765 0.321291 0.426875 0.014775 0.064293
1 1 0.208256 0.320590 0.298429 0.015043 0.157682
2 1 0.084654 0.287194 0.370048 0.007041 0.251063
4 1 0.043005 0.210761 0.268362 0.003794 0.474077
4 2 0.038308 0.215861 0.320977 0.004123 0.420732
2 1 0.026221 0.211713 0.478375 0.004991 0.278699
2 2 0.019961 0.201903 0.541300 0.004089 0.232747
2 2 0.020213 0.201239 0.547599 0.004479 0.226470
2 2 0.016306 0.169058 0.663372 0.007348 0.143916
2 2 0.014083 0.162932 0.680878 0.005896 0.136211
2 2 0.014411 0.139143 0.738381 0.013047 0.095019
2 2 0.013304 0.127808 0.765364 0.016944 0.076580
2 2 0.013429 0.126381 0.768357 0.019528 0.072306
2 2 0.014972 0.151715 0.720090 0.013064 0.100159
2 2 0.015897 0.178410 0.654036 0.006983 0.144674
2 2 0.014448 0.176912 0.657696 0.005550 0.145395
2 2 0.014388 0.182597 0.633184 0.004136 0.165694
2 2 0.015664 0.185821 0.621787 0.004624 0.172105
2 2 0.014871 0.181266 0.640533 0.004923 0.158407
2 2 0.015123 0.183612 0.630664 0.004619 0.165982
2 2 0.013054 0.172132 0.673468 0.005056 0.136289
2 2 0.009180 0.115983 0.801503 0.011151 0.062183
2 2 0.010084 0.121187 0.788871 0.011345 0.068514
2 2 0.015928 0.147138 0.719800 0.013890 0.103244
2 2 0.016951 0.161049 0.689341 0.011600 0.121058
2 2 0.009521 0.110220 0.808793 0.014207 0.057258
2 2 0.006753 0.085197 0.855880 0.015982 0.036188
2 2 0.012206 0.133637 0.759491 0.012009 0.082657
2 2 0.013018 0.163633 0.695944 0.006446 0.120959
2 2 0.014695 0.166709 0.683284 0.007549 0.127763
2 2 0.019063 0.179985 0.643564 0.010130 0.147258
2 2 0.010941 0.126769 0.778346 0.012760 0.071185
2 2 0.004337 0.050228 0.904544 0.023800 0.017092
2 2 0.001876 0.022652 0.944279 0.025329 0.005865
2 2 0.002109 0.020844 0.934716 0.036864 0.005467
2 2 0.002646 0.024594 0.925697 0.040168 0.006896
2 2 0.006165 0.051284 0.880762 0.042981 0.018808
2 2 0.006480 0.061135 0.876147 0.033030 0.023208
2 2 0.007626 0.070250 0.860654 0.033322 0.028148
2 2 0.006378 0.058282 0.878074 0.035361 0.021904
2 2 0.023299 0.150657 0.760361 0.021368 0.044315
2 1 0.076805 0.233130 0.629965 0.018266 0.041834
1 1 0.172932 0.380989 0.369760 0.002368 0.073950
2 2 0.066373 0.280019 0.554939 0.007710 0.090958
2 2 0.028847 0.216394 0.593860 0.008032 0.152866
2 2 0.016121 0.145206 0.725530 0.016380 0.096763
2 2 0.010511 0.117753 0.794076 0.014939 0.062721
2 2 0.012083 0.122470 0.779829 0.017136 0.068482
2 2 0.008565 0.116467 0.802965 0.009416 0.062587
2 2 0.008381 0.123671 0.791382 0.007367 0.069200
2 2 0.011704 0.138567 0.751649 0.009515 0.088566
2 2 0.011141 0.134341 0.762043 0.009785 0.082690
2 2 0.012307 0.129366 0.767906 0.014603 0.075818
2 3 0.010618 0.117638 0.794515 0.016234 0.060994
2 2 0.008273 0.095522 0.835033 0.020048 0.041125
2 2 0.005932 0.075104 0.871649 0.018415 0.028901
2 2 0.006276 0.104050 0.836655 0.010188 0.042831
2 1 0.074058 0.273003 0.603105 0.008582 0.041251
2 2 0.090798 0.304168 0.557743 0.005283 0.042008
2 2 0.020826 0.181055 0.645032 0.014087 0.139001
2 2 0.012092 0.145741 0.744060 0.010754 0.087354
2 2 0.005141 0.087963 0.862029 0.008811 0.036057
2 2 0.003388 0.066620 0.898990 0.008432 0.022570
2 2 0.006572 0.098807 0.855658 0.008585 0.030379
2 2 0.012397 0.140364 0.795083 0.008460 0.043696
2 2 0.005021 0.068493 0.884901 0.016450 0.025135
2 2 0.005545 0.067320 0.881571 0.020440 0.025123
2 2 0.017243 0.113624 0.793452 0.034363 0.041318
2 0 0.051325 0.168121 0.746324 0.015762 0.018467
2 0 0.220033 0.342404 0.365475 0.009902 0.062186
1 1 0.346568 0.347614 0.196139 0.004584 0.105095
2 2 0.154767 0.290763 0.328108 0.023462 0.202900
2 2 0.095844 0.261839 0.323087 0.014992 0.304238
4 2 0.085628 0.211688 0.231038 0.018865 0.452781
2 2 0.050471 0.221061 0.413343 0.018538 0.296587
2 2 0.017554 0.149977 0.713849 0.018691 0.099929
2 2 0.007868 0.088046 0.845649 0.019418 0.039018
2 2 0.006448 0.084847 0.858191 0.014707 0.035807
2 2 0.006307 0.086694 0.856670 0.012628 0.037700
2 2 0.011937 0.139752 0.749011 0.009735 0.089566
2 2 0.012146 0.133196 0.761711 0.012637 0.080310
2 2 0.009113 0.087600 0.836565 0.029033 0.037689
2 2 0.008242 0.071747 0.854040 0.036661 0.029309
2 3 0.005216 0.055464 0.892242 0.027213 0.019865
2 2 0.006948 0.066600 0.869042 0.031442 0.025970
2 2 0.008634 0.093500 0.834689 0.022958 0.040218
2 2 0.015533 0.144314 0.735412 0.020232 0.084508
2 2 0.037141 0.166285 0.606574 0.044816 0.145184
2 2 0.084277 0.232842 0.419029 0.038083 0.225769
1 0 0.174815 0.295383 0.272499 0.016530 0.240773
2 1 0.094641 0.253762 0.377983 0.029228 0.244385
2 2 0.038541 0.218681 0.606518 0.016806 0.119454
2 2 0.018809 0.150029 0.705992 0.019159 0.106012
2 2 0.006547 0.066570 0.872964 0.028277 0.025642
2 2 0.007161 0.065843 0.867225 0.033978 0.025792
2 2 0.006408 0.059998 0.877300 0.033630 0.022664
2 2 0.009846 0.080930 0.834996 0.039274 0.034953
2 2 0.008884 0.084403 0.840830 0.029977 0.035906
2 2 0.006639 0.082543 0.859285 0.018549 0.032984
2 2 0.018426 0.122143 0.824028 0.013413 0.021991
2 2 0.077418 0.206802 0.683063 0.013595 0.019121
2 1 0.163816 0.300635 0.470359 0.021349 0.043841
2 2 0.126656 0.286345 0.516859 0.021896 0.048245
2 2 0.056142 0.236853 0.583620 0.022729 0.100656
2 2 0.012292 0.140151 0.755015 0.013821 0.078722
2 2 0.009668 0.112123 0.804965 0.013491 0.059753
2 2 0.008563 0.094119 0.834760 0.019579 0.042979
2 2 0.007223 0.075086 0.861286 0.026350 0.030055
2 2 0.008784 0.091288 0.836117 0.023439 0.040372
2 2 0.004601 0.056585 0.898203 0.020788 0.019823
2 2 0.003284 0.049527 0.916552 0.014708 0.015929
2 2 0.004394 0.062854 0.895192 0.015387 0.022173
2 1 0.004432 0.058944 0.912356 0.010545 0.013723
2 2 0.019238 0.150516 0.794447 0.008644 0.027154
2 2 0.048665 0.246389 0.662966 0.006049 0.035931
2 2 0.023620 0.157446 0.724807 0.026755 0.067373
2 2 0.026955 0.211398 0.664159 0.007207 0.090280
2 2 0.021904 0.173227 0.750052 0.011271 0.043546
2 2 0.012983 0.118870 0.781611 0.026198 0.060338
2 2 0.008834 0.085994 0.839983 0.028540 0.036650
2 2 0.013426 0.103057 0.793058 0.041009 0.049449
2 2 0.014218 0.131296 0.760099 0.023531 0.070856
2 2 0.020648 0.184277 0.699243 0.010196 0.085635
2 2 0.087364 0.318415 0.539963 0.003420 0.050838
2 1 0.122473 0.368558 0.434633 0.001898 0.072438
2 2 0.043113 0.257134 0.636487 0.004044 0.059222
2 2 0.011167 0.134972 0.788468 0.012632 0.052761
2 2 0.005030 0.064654 0.888197 0.018598 0.023521
2 2 0.006765 0.064633 0.871783 0.031864 0.024955
2 2 0.017533 0.132785 0.741341 0.035293 0.073047
2 1 0.076914 0.287963 0.512322 0.009087 0.113714
1 0 0.278942 0.310061 0.265601 0.006372 0.139024
1 0 0.306238 0.345359 0.217660 0.004777 0.125966
0 0 0.735194 0.120656 0.088853 0.016786 0.038511
0 0 0.788336 0.107148 0.065170 0.009801 0.029546
0 0 0.922911 0.027154 0.023367 0.008253 0.018314
0 0 0.964624 0.005597 0.008455 0.010477 0.010847
0 0 0.968892 0.004220 0.006723 0.009534 0.010631
0 0 0.916157 0.021853 0.016240 0.004379 0.041371
0 0 0.905550 0.015879 0.008402 0.001248 0.068921
0 0 0.542592 0.015543 0.011644 0.002798 0.427424
0 0 0.595965 0.030457 0.022849 0.005163 0.345566
0 0 0.538793 0.032863 0.025658 0.006038 0.396649
0 0 0.593925 0.136987 0.087553 0.012474 0.169060
0 0 0.337921 0.289766 0.168227 0.016546 0.187540
4 0 0.157205 0.268077 0.210041 0.011710 0.352968
4 0 0.079507 0.142337 0.072244 0.003114 0.702799
4 0 0.034382 0.181315 0.169633 0.001000 0.613670
4 0 0.031300 0.162744 0.128440 0.000551 0.676965
4 0 0.029935 0.144791 0.095994 0.000355 0.728925
4 0 0.029196 0.163428 0.132579 0.000482 0.674316
4 0 0.032621 0.155424 0.112349 0.000522 0.699084
4 0 0.043093 0.126687 0.062845 0.000572 0.766803
4 0 0.045985 0.168119 0.125990 0.001414 0.658492
2 0 0.036326 0.218403 0.371569 0.005211 0.368492
2 0 0.024952 0.209375 0.498971 0.005184 0.261518
2 0 0.021611 0.181330 0.623137 0.010673 0.163248
4 0 0.068340 0.163194 0.197587 0.006550 0.564330
4 0 0.106809 0.060790 0.034883 0.003218 0.794300
4 0 0.167618 0.045646 0.046874 0.013985 0.725876
4 0 0.167016 0.036595 0.037517 0.011467 0.747405
4 0 0.174105 0.027118 0.029768 0.010781 0.758229
4 0 0.185416 0.046868 0.055705 0.022013 0.689998
4 0 0.133088 0.085885 0.065840 0.010243 0.704944
4 0 0.138594 0.121539 0.105040 0.019652 0.615175
4 0 0.216814 0.127004 0.118963 0.027803 0.509416
4 0 0.143487 0.151263 0.156149 0.039722 0.509380
4 0 0.111612 0.160716 0.108510 0.012059 0.607104
4 0 0.084495 0.182203 0.137287 0.007754 0.588261
4 0 0.080703 0.199488 0.184227 0.010568 0.525014
2 1 0.032103 0.177447 0.524680 0.010021 0.255749
2 0 0.060874 0.253408 0.524497 0.009683 0.151538
4 1 0.178335 0.240389 0.203101 0.035568 0.342608
2 1 0.057170 0.204235 0.481899 0.065678 0.191017
4 1 0.190324 0.245541 0.193415 0.030071 0.340649
2 1 0.045812 0.222800 0.361951 0.008558 0.360879
4 1 0.045693 0.181480 0.156596 0.001841 0.614390
2 1 0.005727 0.089280 0.865942 0.007269 0.031782
2 1 0.013619 0.144510 0.786318 0.010916 0.044637
2 1 0.008615 0.141132 0.763706 0.005888 0.080658
2 1 0.017422 0.183171 0.637027 0.007419 0.154961
4 1 0.028681 0.211561 0.329420 0.002058 0.428280
2 1 0.023873 0.210609 0.475106 0.003774 0.286639
2 2 0.027002 0.213717 0.450213 0.004303 0.304766
2 2 0.021172 0.209377 0.462142 0.002478 0.304831
2 2 0.022215 0.211064 0.414495 0.001960 0.350266
2 2 0.016551 0.201482 0.519836 0.002062 0.260070
2 2 0.017593 0.203234 0.511048 0.002251 0.265873
2 2 0.012757 0.183752 0.620766 0.002612 0.180113
2 2 0.013069 0.186309 0.608363 0.002458 0.189801
2 2 0.016153 0.191328 0.594582 0.003799 0.194138
2 2 0.018679 0.200795 0.543160 0.003475 0.233891
2 2 0.024909 0.213099 0.417400 0.002700 0.341892
2 2 0.016783 0.193382 0.585121 0.003842 0.200872
2 2 0.017021 0.192567 0.590876 0.004225 0.195310
2 2 0.016976 0.181368 0.643750 0.007455 0.150451
2 2 0.017643 0.167264 0.673619 0.010861 0.130613
2 2 0.018480 0.170403 0.663500 0.010967 0.136649
2 2 0.015419 0.159775 0.696627 0.009829 0.118350
2 2 0.019665 0.164307 0.673582 0.014392 0.128054
2 2 0.013222 0.126554 0.766744 0.016423 0.077058
2 2 0.011046 0.091405 0.820487 0.033875 0.043186
2 2 0.003889 0.041564 0.912485 0.028584 0.013478
2 2 0.002468 0.026104 0.932639 0.031521 0.007268
2 2 0.002022 0.025012 0.942434 0.023874 0.006657
2 2 0.001926 0.025161 0.944689 0.021585 0.006639
2 2 0.004164 0.057756 0.901572 0.016604 0.019903
2 3 0.013486 0.060797 0.781436 0.116976 0.027305
2 3 0.005406 0.024484 0.825028 0.136985 0.008097
2 3 0.004639 0.020432 0.821674 0.146833 0.006422
2 3 0.003288 0.014055 0.817413 0.161293 0.003951
2 3 0.003458 0.011789 0.771098 0.210067 0.003589
2 3 0.004930 0.013049 0.709416 0.267812 0.004793
2 3 0.010020 0.016554 0.532078 0.433227 0.008122
3 3 0.006910 0.007067 0.350064 0.632310 0.003650
3 3 0.006912 0.005114 0.244330 0.740645 0.002999
3 3 0.005320 0.002426 0.143939 0.846585 0.001731
3 3 0.005057 0.003215 0.227881 0.761859 0.001989
3 3 0.006140 0.003708 0.226216 0.761392 0.002544
3 3 0.005083 0.004357 0.333546 0.654555 0.002458
3 3 0.003040 0.001749 0.229443 0.764693 0.001075
3 3 0.002937 0.003189 0.430235 0.562174 0.001466
3 3 0.002886 0.002383 0.331220 0.662298 0.001212
3 3 0.002589 0.000824 0.100045 0.895919 0.000623
3 3 0.003398 0.001108 0.095837 0.898804 0.000853
3 3 0.003423 0.001584 0.150053 0.843921 0.001018
3 3 0.002369 0.000932 0.133090 0.862989 0.000621
3 3 0.001244 0.000427 0.107538 0.890534 0.000256
3 3 0.001130 0.000198 0.038838 0.959674 0.000160
3 3 0.001592 0.000315 0.045769 0.952067 0.000257
3 3 0.002401 0.000440 0.046798 0.949922 0.000438
3 3 0.001747 0.000253 0.035043 0.962686 0.000270
3 3 0.001393 0.000263 0.042642 0.955489 0.000213
3 1 0.001034 0.000200 0.040819 0.957803 0.000144
3 1 0.001021 0.000362 0.092936 0.905513 0.000169
3 2 0.004667 0.004068 0.349859 0.640383 0.001023
2 2 0.018154 0.036092 0.808720 0.131923 0.005112
2 1 0.017400 0.095356 0.767645 0.072829 0.046770
2 2 0.013626 0.108842 0.787161 0.037490 0.052879
2 2 0.012939 0.134658 0.752362 0.011942 0.088099
2 2 0.011255 0.086718 0.819947 0.043125 0.038955
2 2 0.009227 0.064057 0.844154 0.056164 0.026397
2 2 0.029843 0.164421 0.641386 0.036612 0.127738
2 2 0.010591 0.078552 0.862205 0.027022 0.021631
2 1 0.031255 0.121875 0.790006 0.033224 0.023640
2 1 0.059222 0.194448 0.623529 0.053702 0.069098
2 1 0.031772 0.146443 0.709450 0.052712 0.059623
2 2 0.018461 0.135402 0.754567 0.031630 0.059940
2 2 0.021395 0.172505 0.656814 0.016232 0.133054
2 2 0.016850 0.132914 0.744398 0.028807 0.077032
2 2 0.030288 0.186409 0.602821 0.025805 0.154677
2 2 0.022370 0.173172 0.657907 0.020103 0.126448
2 2 0.021734 0.165999 0.674442 0.022986 0.114840
2 2 0.017331 0.135045 0.739461 0.029389 0.078775
2 2 0.012595 0.107552 0.796044 0.029061 0.054748
2 2 0.010077 0.108752 0.808194 0.016620 0.056358
2 2 0.006808 0.079290 0.861835 0.017940 0.034128
2 1 0.015018 0.120072 0.832962 0.010204 0.021745
2 2 0.062809 0.145515 0.629207 0.111323 0.051146
2 2 0.041527 0.185871 0.585568 0.067208 0.119826
2 2 0.083692 0.217922 0.484847 0.092021 0.121518
2 2 0.012912 0.086636 0.805465 0.054868 0.040119
2 2 0.015291 0.098942 0.782028 0.054645 0.049094
2 2 0.013198 0.111546 0.788256 0.025071 0.061929
2 2 0.013245 0.123710 0.770435 0.017077 0.075532
2 2 0.016338 0.144525 0.725921 0.017101 0.096115
2 2 0.011036 0.113715 0.797936 0.020017 0.057295
2 2 0.013872 0.190924 0.585021 0.002299 0.207885
2 2 0.024139 0.209563 0.491839 0.004461 0.269998
2 2 0.032302 0.216736 0.435937 0.006241 0.308783
2 2 0.029217 0.214816 0.450500 0.005335 0.300132
2 2 0.014562 0.174086 0.668104 0.006442 0.136806
2 2 0.022769 0.200441 0.561267 0.007089 0.208435
2 2 0.014886 0.164502 0.690006 0.008568 0.122038
2 2 0.015794 0.161161 0.695785 0.010782 0.116479
2 2 0.018993 0.154418 0.700629 0.019669 0.106291
2 2 0.020276 0.134826 0.724609 0.035441 0.084847
2 2 0.016083 0.127087 0.754982 0.027919 0.073929
2 2 0.020977 0.184135 0.607734 0.008141 0.179013
2 2 0.012987 0.143869 0.727453 0.007910 0.107780
2 2 0.015821 0.166942 0.669049 0.007152 0.141036
2 2 0.011437 0.115061 0.792555 0.017402 0.063545
2 2 0.018656 0.125168 0.743794 0.036498 0.075884
2 2 0.027846 0.198617 0.574694 0.014748 0.184094
2 2 0.009717 0.122092 0.798064 0.006752 0.063376
2 1 0.027100 0.125544 0.808124 0.018550 0.020682
2 1 0.119511 0.262144 0.489400 0.046183 0.082763
2 2 0.043181 0.152953 0.717290 0.045682 0.040894
2 2 0.043159 0.178980 0.678835 0.039732 0.059294
2 2 0.006896 0.058279 0.871915 0.040647 0.022264
2 2 0.006166 0.053601 0.881081 0.039377 0.019774
2 2 0.004836 0.039119 0.895257 0.047622 0.013166
2 2 0.010308 0.046328 0.799782 0.124621 0.018961
2 2 0.017327 0.084991 0.762239 0.093315 0.042129
2 2 0.009248 0.057503 0.840200 0.069653 0.023396
2 4 0.009178 0.061269 0.843719 0.060757 0.025076
2 4 0.005857 0.068258 0.878127 0.021951 0.025808
2 4 0.047772 0.182243 0.656870 0.031296 0.081819
2 4 0.056164 0.157864 0.687031 0.058310 0.040631
2 4 0.022784 0.067025 0.805272 0.090068 0.014851
2 4 0.043882 0.094595 0.789589 0.059506 0.012428
2 0 0.214311 0.252212 0.331531 0.105041 0.096904
0 1 0.297668 0.206921 0.295958 0.126263 0.073191
