0 0 0.833429 0.030646 0.037849 0.010995 0.087080
0 0 0.842574 0.030181 0.045020 0.024050 0.058175
0 0 0.814757 0.036322 0.055728 0.040329 0.052864
0 0 0.810889 0.039210 0.053745 0.028779 0.067377
0 0 0.711816 0.072003 0.084232 0.026056 0.105893
0 0 0.714262 0.054673 0.045621 0.006989 0.178455
4 1 0.333768 0.065378 0.030341 0.000498 0.570015
4 0 0.197332 0.069838 0.032780 0.000357 0.699693
4 1 0.325308 0.096028 0.045033 0.001172 0.532459
0 1 0.459925 0.119761 0.069173 0.005787 0.345354
0 0 0.623198 0.078972 0.212517 0.037280 0.048034
0 0 0.494539 0.075297 0.318881 0.090291 0.020992
0 0 0.584679 0.075779 0.178414 0.127978 0.033150
0 0 0.614404 0.075552 0.156582 0.114271 0.039191
0 0 0.673831 0.069286 0.175430 0.027416 0.054037
0 0 0.777077 0.042775 0.113775 0.017460 0.048912
0 0 0.831003 0.032771 0.059936 0.013347 0.062943
0 0 0.845172 0.028843 0.041625 0.012613 0.071747
0 1 0.622042 0.104209 0.136886 0.029142 0.107721
0 0 0.740539 0.049432 0.044017 0.007529 0.158483
0 0 0.671985 0.057423 0.051790 0.004088 0.214713
0 0 0.774139 0.042601 0.054014 0.006169 0.123077
0 0 0.744953 0.060175 0.082608 0.025644 0.086619
0 0 0.472687 0.137559 0.269914 0.057120 0.062720
0 0 0.369001 0.205808 0.282291 0.037631 0.105269
2 0 0.157566 0.242370 0.520313 0.016344 0.063408
2 0 0.188978 0.187449 0.562968 0.012540 0.048065
2 0 0.321959 0.159304 0.439912 0.013187 0.065638
0 0 0.467505 0.074783 0.414149 0.010452 0.033111
0 0 0.735544 0.037293 0.185056 0.011391 0.030717
0 0 0.956357 0.003781 0.018376 0.013207 0.008279
0 0 0.966069 0.003149 0.008204 0.002894 0.019684
0 0 0.954684 0.005016 0.012117 0.005228 0.022955
0 0 0.887351 0.018762 0.032041 0.016054 0.045792
0 0 0.871883 0.022288 0.041558 0.021137 0.043134
0 0 0.802847 0.041419 0.057730 0.031772 0.066232
0 0 0.859234 0.024126 0.032448 0.009702 0.074490
0 0 0.840527 0.023680 0.027082 0.004712 0.103999
0 0 0.688778 0.041545 0.034122 0.002419 0.233136
0 0 0.805297 0.035150 0.039143 0.008506 0.111904
0 0 0.865377 0.023705 0.040225 0.025649 0.045043
0 0 0.864030 0.015804 0.048306 0.054599 0.017261
0 0 0.903746 0.013258 0.031002 0.027530 0.024464
0 0 0.920187 0.011251 0.024216 0.015886 0.028461
0 0 0.920166 0.011453 0.022316 0.010659 0.035406
0 0 0.898654 0.016126 0.029047 0.015112 0.041061
0 0 0.931274 0.006842 0.011665 0.002151 0.048068
0 0 0.913644 0.006861 0.011107 0.001131 0.067257
0 0 0.737293 0.013779 0.013958 0.000317 0.234654
0 0 0.894397 0.006280 0.008556 0.000514 0.090253
0 0 0.850792 0.018110 0.020475 0.002623 0.108001
0 0 0.450817 0.073782 0.039919 0.001422 0.434060
4 0 0.226561 0.095716 0.038796 0.000579 0.638347
4 0 0.410099 0.094281 0.049393 0.002003 0.444224
0 0 0.687638 0.069165 0.071430 0.007900 0.163866
0 0 0.780319 0.048093 0.063436 0.037639 0.070513
0 0 0.832274 0.018268 0.045507 0.085289 0.018661
0 0 0.943439 0.006972 0.016857 0.010105 0.022626
0 0 0.940669 0.007486 0.016631 0.008052 0.027162
0 0 0.929213 0.007459 0.021818 0.026841 0.014668
0 0 0.830959 0.020828 0.047929 0.078115 0.022170
0 0 0.894379 0.009753 0.029355 0.053258 0.013254
0 0 0.852686 0.009535 0.032806 0.095552 0.009421
0 0 0.910327 0.006015 0.022526 0.052775 0.008358
0 0 0.953906 0.003107 0.013082 0.023128 0.006778
0 0 0.955140 0.001988 0.010706 0.028208 0.003958
0 0 0.959404 0.002218 0.010822 0.022616 0.004939
0 0 0.972171 0.002247 0.008766 0.008643 0.008172
0 0 0.910795 0.010916 0.027691 0.030957 0.019641
0 0 0.849041 0.023178 0.046227 0.050551 0.031003
0 0 0.793390 0.031373 0.060398 0.083550 0.031289
0 0 0.803165 0.037386 0.059873 0.052147 0.047430
0 0 0.793657 0.043336 0.060814 0.039577 0.062616
0 0 0.725354 0.064422 0.104393 0.035594 0.070236
0 0 0.711592 0.067553 0.122158 0.024407 0.074290
0 0 0.678710 0.080983 0.125296 0.027982 0.087028
0 0 0.670353 0.085177 0.121907 0.032126 0.090436
0 0 0.745689 0.057886 0.058782 0.018058 0.119584
0 0 0.761235 0.039761 0.035910 0.005096 0.157997
0 0 0.768806 0.038603 0.035684 0.005274 0.151633
0 0 0.740440 0.035055 0.028513 0.002592 0.193400
0 0 0.706534 0.035356 0.026205 0.001782 0.230123
0 0 0.636310 0.069050 0.048750 0.005452 0.240438
0 0 0.708115 0.052013 0.041477 0.005366 0.193028
0 0 0.700283 0.070331 0.115128 0.012224 0.102035
0 0 0.712531 0.063056 0.139203 0.022770 0.062441
0 0 0.736566 0.061648 0.088325 0.041041 0.072421
0 0 0.782892 0.047179 0.054098 0.019627 0.096204
0 0 0.802939 0.038387 0.042931 0.011482 0.104262
0 0 0.533795 0.060685 0.037781 0.001614 0.366126
0 0 0.844812 0.026682 0.033228 0.008584 0.086693
0 0 0.557928 0.080390 0.054707 0.004240 0.302735
0 0 0.517989 0.109900 0.069196 0.007440 0.295475
0 0 0.464703 0.103306 0.058790 0.003851 0.369350
4 0 0.328421 0.066838 0.030834 0.000506 0.573402
0 0 0.584651 0.056946 0.040221 0.002111 0.316071
0 0 0.825533 0.027577 0.031846 0.005722 0.109321
0 0 0.892536 0.016065 0.024233 0.006966 0.060200
0 0 0.869254 0.023203 0.036447 0.017492 0.053604
0 0 0.912664 0.012467 0.021491 0.007434 0.045944
0 0 0.906346 0.013872 0.023321 0.008267 0.048195
0 0 0.870272 0.021721 0.030722 0.009722 0.067563
0 0 0.848965 0.027877 0.038059 0.013896 0.071203
0 0 0.804342 0.039450 0.058559 0.041542 0.056108
0 0 0.857936 0.025185 0.042957 0.029770 0.044152
0 0 0.884490 0.019122 0.034557 0.021715 0.040115
0 0 0.899173 0.015759 0.026427 0.010572 0.048069
0 0 0.875008 0.021567 0.033182 0.013764 0.056479
0 0 0.877116 0.020622 0.030813 0.011074 0.060375
0 0 0.832694 0.019973 0.020998 0.002361 0.123974
0 0 0.847377 0.018459 0.020571 0.002566 0.111027
0 0 0.784066 0.035317 0.034008 0.005197 0.141412
0 0 0.757109 0.052004 0.058311 0.011554 0.121022
0 0 0.665353 0.084922 0.110233 0.014820 0.124671
0 0 0.677652 0.081367 0.106244 0.016384 0.118354
0 0 0.730489 0.060517 0.086781 0.010241 0.111973
0 0 0.767290 0.047231 0.059502 0.008122 0.117855
0 0 0.741832 0.056572 0.070837 0.010172 0.120587
0 0 0.739368 0.056008 0.064330 0.009456 0.130839
0 0 0.723142 0.058882 0.072509 0.007121 0.138346
0 0 0.750099 0.048739 0.046387 0.008166 0.146610
0 0 0.834592 0.026172 0.029883 0.005728 0.103624
0 0 0.901231 0.014062 0.028010 0.004381 0.052316
0 0 0.929735 0.008409 0.015127 0.004072 0.042657
0 0 0.888940 0.018048 0.033347 0.021262 0.038404
0 0 0.856380 0.022749 0.044316 0.043625 0.032930
0 0 0.835721 0.026693 0.053787 0.050495 0.033305
0 0 0.864551 0.019797 0.041613 0.045899 0.028140
0 0 0.895564 0.013790 0.032362 0.035381 0.022903
0 0 0.900537 0.014930 0.030677 0.023027 0.030829
0 0 0.901686 0.015384 0.028826 0.016316 0.037788
0 0 0.936654 0.007317 0.016759 0.002912 0.036358
0 0 0.918409 0.011495 0.030579 0.006185 0.033331
0 0 0.936011 0.008258 0.017196 0.007393 0.031142
0 0 0.924961 0.010500 0.021601 0.011340 0.031598
0 0 0.916306 0.012272 0.024049 0.012559 0.034814
0 0 0.921158 0.011233 0.021845 0.010166 0.035598
0 0 0.890252 0.012729 0.018403 0.002858 0.075758
0 0 0.925881 0.010178 0.019775 0.008308 0.035858
0 0 0.854884 0.023712 0.058594 0.031536 0.031275
0 0 0.805268 0.033036 0.108545 0.010583 0.042567
0 0 0.831994 0.027843 0.089133 0.008932 0.042097
0 0 0.807328 0.034356 0.100740 0.015002 0.042574
0 0 0.899533 0.013773 0.031344 0.030742 0.024609
0 0 0.865573 0.020591 0.041560 0.041480 0.030796
0 0 0.845056 0.024679 0.047562 0.049437 0.033265
0 0 0.845773 0.029122 0.040466 0.016403 0.068236
0 0 0.736847 0.037676 0.034224 0.003254 0.187999
4 0 0.409330 0.051906 0.027133 0.000482 0.511148
0 0 0.502458 0.042143 0.024744 0.000548 0.430107
0 0 0.514095 0.045762 0.027203 0.000713 0.412227
0 0 0.662181 0.038744 0.027566 0.001482 0.270027
0 0 0.520876 0.060700 0.035353 0.001431 0.381641
0 0 0.462452 0.073400 0.040280 0.001521 0.422346
4 0 0.418566 0.083305 0.043670 0.001546 0.452913
4 0 0.361382 0.065057 0.031268 0.000587 0.541706
4 0 0.268765 0.057277 0.024224 0.000243 0.649492
4 0 0.302854 0.064978 0.028941 0.000402 0.602824
4 0 0.261746 0.084871 0.036104 0.000563 0.616716
4 0 0.369208 0.099353 0.049554 0.001726 0.480159
0 0 0.443636 0.074152 0.039776 0.001371 0.441064
4 0 0.406719 0.074479 0.038165 0.001083 0.479555
4 0 0.429195 0.074930 0.039552 0.001277 0.455046
4 0 0.369168 0.091170 0.045157 0.001387 0.493118
0 0 0.507947 0.071246 0.041598 0.001956 0.377252
0 0 0.488380 0.108926 0.064598 0.005479 0.332618
0 0 0.451304 0.115133 0.065268 0.004768 0.363527
0 0 0.487183 0.109357 0.064781 0.005490 0.333189
0 0 0.521859 0.097098 0.059419 0.005135 0.316489
0 0 0.629247 0.064810 0.044615 0.004183 0.257145
0 0 0.706143 0.060669 0.064090 0.006679 0.162418
0 0 0.668162 0.068875 0.058770 0.008845 0.195347
0 1 0.556037 0.118856 0.090455 0.017270 0.217382
0 1 0.362450 0.221723 0.129379 0.026337 0.260110
4 1 0.184565 0.314368 0.143230 0.015713 0.342125
4 1 0.151365 0.255325 0.099449 0.004426 0.489435
1 2 0.086371 0.396664 0.329766 0.010393 0.176805
2 2 0.057327 0.352269 0.490388 0.006927 0.093090
2 2 0.042389 0.309601 0.550785 0.007484 0.089740
2 1 0.012217 0.162731 0.753572 0.008854 0.062626
2 2 0.020542 0.230644 0.412708 0.005923 0.330183
4 4 0.025669 0.193997 0.232877 0.003966 0.543491
4 4 0.074289 0.242583 0.073744 0.001330 0.608054
4 4 0.062977 0.193364 0.054324 0.000571 0.688764
4 4 0.062329 0.374431 0.147615 0.003484 0.412140
1 4 0.041715 0.400262 0.245111 0.005657 0.307255
2 4 0.022284 0.316983 0.364044 0.007498 0.289190
4 4 0.038300 0.301668 0.233407 0.006616 0.420008
4 4 0.048967 0.218959 0.198486 0.002439 0.531150
4 0 0.100455 0.218255 0.099188 0.002753 0.579348
4 4 0.093851 0.189416 0.060032 0.000887 0.655814
4 4 0.141706 0.255525 0.097133 0.003966 0.501670
4 1 0.078221 0.182559 0.054476 0.000638 0.684106
4 1 0.085262 0.148288 0.044672 0.000418 0.721361
4 4 0.083001 0.117514 0.034622 0.000231 0.764632
4 1 0.070311 0.090069 0.033262 0.000193 0.806165
4 1 0.061744 0.085858 0.027407 0.000119 0.824871
4 1 0.071629 0.135451 0.038483 0.000271 0.754166
4 1 0.094073 0.168638 0.052902 0.000654 0.683733
4 4 0.088347 0.125355 0.039682 0.000324 0.746292
4 1 0.061767 0.065486 0.043634 0.000332 0.828781
4 1 0.049841 0.070853 0.070964 0.000876 0.807467
4 1 0.078348 0.077238 0.074628 0.001229 0.768558
4 4 0.133336 0.079423 0.032658 0.000268 0.754315
4 4 0.149321 0.080582 0.028057 0.000207 0.741833
4 4 0.153346 0.095752 0.033875 0.000318 0.716709
4 4 0.204322 0.174281 0.071477 0.002264 0.547657
4 4 0.074127 0.137835 0.039607 0.000295 0.748137
4 4 0.077461 0.206079 0.062071 0.000874 0.653515
4 4 0.086891 0.200832 0.062514 0.000942 0.648821
4 4 0.088980 0.157584 0.048317 0.000513 0.704605
4 4 0.119894 0.277410 0.101009 0.004022 0.497665
4 4 0.070590 0.283265 0.086763 0.002018 0.557365
4 4 0.069226 0.346886 0.140713 0.002813 0.440363
4 4 0.070729 0.233384 0.069386 0.001111 0.625391
4 4 0.066587 0.215872 0.062398 0.000825 0.654318
4 4 0.070216 0.244355 0.072943 0.001261 0.611225
4 4 0.056797 0.267800 0.075925 0.001279 0.598198
4 4 0.057192 0.324126 0.095498 0.002439 0.520745
4 4 0.028567 0.344527 0.249937 0.003934 0.373035
4 4 0.042178 0.331495 0.178545 0.002671 0.445111
4 4 0.026175 0.311339 0.279768 0.003272 0.379446
1 4 0.029115 0.361738 0.301947 0.004313 0.302886
1 2 0.030145 0.380101 0.335084 0.004355 0.250316
1 2 0.036791 0.363938 0.291679 0.003662 0.303930
2 2 0.015721 0.239652 0.630136 0.005886 0.108604
2 2 0.011334 0.192639 0.707262 0.005919 0.082845
2 2 0.006199 0.108887 0.835786 0.007660 0.041468
2 2 0.002871 0.061017 0.913569 0.005277 0.017266
2 2 0.002968 0.062164 0.910745 0.005712 0.018411
2 2 0.001970 0.047071 0.927313 0.006970 0.016676
2 1 0.003592 0.066671 0.893274 0.010109 0.026354
2 2 0.006231 0.109849 0.830087 0.008473 0.045361
2 2 0.013007 0.182376 0.709223 0.009566 0.085828
2 1 0.060036 0.310825 0.350908 0.004412 0.273819
4 2 0.069638 0.288555 0.304838 0.003610 0.333359
2 2 0.062629 0.321184 0.401772 0.006350 0.208065
2 2 0.051799 0.357849 0.444060 0.005917 0.140374
2 2 0.018398 0.175532 0.742714 0.010178 0.053178
2 2 0.005046 0.082956 0.876061 0.008403 0.027534
2 2 0.002583 0.023935 0.872096 0.090361 0.011024
2 2 0.002836 0.021311 0.848616 0.118302 0.008934
2 2 0.002563 0.021223 0.878320 0.089703 0.008191
2 2 0.002806 0.024024 0.860720 0.101274 0.011176
2 2 0.002484 0.017403 0.823644 0.149499 0.006970
2 3 0.002499 0.014787 0.747440 0.229167 0.006107
2 2 0.004001 0.021715 0.764767 0.200709 0.008807
2 3 0.003918 0.019302 0.705939 0.262502 0.008340
2 3 0.006149 0.033513 0.764703 0.180392 0.015243
2 3 0.006746 0.039598 0.792608 0.143556 0.017493
2 3 0.005470 0.036252 0.865012 0.081506 0.011759
2 3 0.004284 0.033688 0.881923 0.068335 0.011770
2 3 0.003014 0.021085 0.841271 0.126305 0.008325
2 2 0.002232 0.015619 0.804767 0.170836 0.006546
2 3 0.002465 0.012815 0.686713 0.292869 0.005137
2 3 0.003371 0.016981 0.747579 0.226188 0.005883
2 3 0.003899 0.017970 0.716060 0.255647 0.006424
2 2 0.003116 0.014152 0.712420 0.265947 0.004364
2 2 0.002707 0.012144 0.659134 0.321848 0.004167
2 2 0.002515 0.009565 0.539455 0.445000 0.003465
3 2 0.004168 0.012207 0.398388 0.579192 0.006044
3 3 0.002709 0.007616 0.341118 0.645148 0.003410
3 2 0.002154 0.005711 0.253469 0.735565 0.003100
3 2 0.002325 0.007130 0.367989 0.619459 0.003097
3 2 0.002088 0.007598 0.468983 0.518403 0.002929
2 3 0.002804 0.010180 0.495604 0.487183 0.004229
3 2 0.006086 0.015426 0.400827 0.570718 0.006943
3 2 0.006039 0.012165 0.265527 0.709846 0.006423
3 3 0.009547 0.014798 0.204741 0.762305 0.008608
3 3 0.007687 0.012382 0.208329 0.764926 0.006676
3 3 0.003747 0.007950 0.204956 0.778201 0.005146
3 3 0.003669 0.008384 0.203395 0.778163 0.006390
3 3 0.003083 0.005407 0.121237 0.865995 0.004278
3 3 0.003623 0.005574 0.114148 0.872688 0.003968
3 3 0.003773 0.005635 0.112790 0.873885 0.003917
3 3 0.002432 0.004021 0.102890 0.887651 0.003005
3 3 0.001551 0.002613 0.085685 0.908194 0.001957
3 3 0.002431 0.004117 0.118485 0.872300 0.002667
3 3 0.002690 0.004868 0.146179 0.843355 0.002908
3 3 0.003919 0.007044 0.182672 0.802531 0.003833
3 3 0.003066 0.005411 0.154962 0.833503 0.003059
3 3 0.002807 0.004883 0.127614 0.861372 0.003323
3 3 0.002095 0.004085 0.128777 0.862109 0.002934
3 3 0.001551 0.004073 0.188354 0.803296 0.002725
3 3 0.002037 0.004916 0.198701 0.791343 0.003003
3 3 0.002622 0.005856 0.175103 0.812163 0.004256
3 3 0.003124 0.005517 0.133675 0.853786 0.003898
3 3 0.003653 0.006736 0.139911 0.844263 0.005437
3 3 0.002677 0.005178 0.134217 0.853889 0.004039
3 3 0.002960 0.005514 0.148656 0.839221 0.003649
3 3 0.001859 0.003884 0.146608 0.845138 0.002511
3 3 0.001688 0.003493 0.124589 0.867617 0.002614
3 3 0.001324 0.002471 0.088604 0.905593 0.002008
3 3 0.001591 0.002585 0.083514 0.910431 0.001879
3 3 0.002694 0.003817 0.092056 0.898921 0.002512
3 3 0.001944 0.002839 0.081971 0.911347 0.001898
3 3 0.002924 0.004194 0.096688 0.893399 0.002796
3 3 0.001860 0.002781 0.082299 0.911167 0.001894
3 3 0.002000 0.003047 0.086697 0.906143 0.002112
3 3 0.001806 0.002932 0.091052 0.902158 0.002053
3 3 0.001699 0.003484 0.130461 0.861953 0.002403
3 3 0.001585 0.002744 0.088972 0.904596 0.002104
3 3 0.002379 0.003628 0.093854 0.897608 0.002531
3 3 0.002809 0.004207 0.099233 0.890846 0.002905
3 3 0.002773 0.004167 0.098994 0.891182 0.002884
3 3 0.003784 0.005944 0.118802 0.867158 0.004313
3 3 0.002446 0.003655 0.093071 0.898319 0.002509
3 3 0.001997 0.003235 0.102716 0.890014 0.002037
3 3 0.002291 0.003869 0.123603 0.867977 0.002260
3 3 0.001466 0.002255 0.076064 0.918653 0.001562
3 3 0.001188 0.001920 0.078077 0.917565 0.001250
3 3 0.001389 0.002149 0.074647 0.920322 0.001493
3 3 0.001510 0.002273 0.076446 0.918254 0.001518
3 3 0.001796 0.002811 0.084899 0.908506 0.001987
3 3 0.002260 0.003843 0.102429 0.888535 0.002933
3 3 0.001472 0.002420 0.081622 0.912714 0.001773
3 3 0.001231 0.001824 0.067517 0.928212 0.001216
3 3 0.001486 0.002250 0.075274 0.919452 0.001537
3 3 0.001443 0.002373 0.080897 0.913549 0.001737
3 3 0.002587 0.005228 0.163530 0.825332 0.003322
3 3 0.003543 0.007300 0.194230 0.790307 0.004620
3 3 0.002819 0.005942 0.194721 0.793114 0.003403
3 3 0.002224 0.003841 0.117823 0.873639 0.002473
3 3 0.001506 0.002501 0.083287 0.910859 0.001848
3 3 0.001249 0.002156 0.079633 0.915326 0.001637
3 3 0.001152 0.001979 0.076389 0.918986 0.001493
3 3 0.001582 0.002661 0.086311 0.907454 0.001991
3 3 0.002342 0.003773 0.098530 0.892600 0.002755
3 3 0.002569 0.003856 0.095558 0.895357 0.002660
3 3 0.003255 0.005109 0.119759 0.868555 0.003322
3 2 0.026345 0.046010 0.434662 0.474366 0.018618
2 2 0.022482 0.091788 0.708650 0.136038 0.041041
2 2 0.017212 0.128199 0.722148 0.053549 0.078893
2 2 0.028975 0.204858 0.636567 0.026561 0.103039
2 2 0.062168 0.223225 0.594946 0.033575 0.086087
2 0 0.107507 0.273222 0.491136 0.020077 0.108059
2 1 0.093764 0.318452 0.447904 0.026394 0.113486
2 1 0.036799 0.270840 0.564801 0.014081 0.113479
2 2 0.008073 0.124310 0.726594 0.027141 0.113881
2 2 0.004381 0.074423 0.833575 0.028526 0.059095
2 2 0.004962 0.094307 0.796348 0.022734 0.081650
2 2 0.006289 0.104899 0.805015 0.017207 0.066590
2 2 0.013389 0.172986 0.718183 0.011867 0.083574
2 1 0.012269 0.197703 0.652485 0.010367 0.127177
2 2 0.007303 0.155830 0.729585 0.008349 0.098933
2 2 0.013218 0.230842 0.573788 0.008864 0.173289
2 1 0.019851 0.245136 0.511071 0.006099 0.217843
1 1 0.077660 0.315699 0.310136 0.002908 0.293597
4 2 0.144199 0.297281 0.193920 0.003776 0.360824
4 2 0.159369 0.281339 0.184807 0.003647 0.370838
1 2 0.167772 0.311595 0.228854 0.007327 0.284452
1 2 0.134126 0.352383 0.262171 0.009590 0.241730
1 2 0.116145 0.369657 0.242994 0.009018 0.262187
1 2 0.108618 0.372287 0.205884 0.008267 0.304944
4 2 0.105106 0.338317 0.136433 0.006094 0.414051
1 2 0.108789 0.369776 0.174883 0.008965 0.337588
4 2 0.076225 0.356500 0.145726 0.003873 0.417676
2 2 0.029320 0.311338 0.429629 0.007108 0.222605
4 1 0.034155 0.263688 0.326296 0.004728 0.371133
4 1 0.041708 0.185114 0.174097 0.002128 0.596953
4 1 0.085019 0.346582 0.147002 0.004014 0.417382
4 2 0.121799 0.305870 0.151987 0.003911 0.416431
4 1 0.142765 0.286669 0.119506 0.005509 0.445551
4 1 0.099670 0.335838 0.122602 0.006062 0.435829
4 1 0.097438 0.355109 0.128605 0.007685 0.411163
4 1 0.090235 0.355368 0.125766 0.006731 0.421900
1 1 0.072764 0.423843 0.229247 0.008437 0.265709
1 1 0.054974 0.388770 0.236050 0.009534 0.310672
2 1 0.024996 0.282864 0.447540 0.013169 0.231431
2 2 0.013976 0.193213 0.599998 0.019597 0.173216
2 2 0.019931 0.244029 0.538007 0.013646 0.184387
2 2 0.053495 0.359483 0.399031 0.011112 0.176878
1 2 0.067218 0.419734 0.303160 0.007638 0.202250
1 2 0.083957 0.418066 0.236213 0.010763 0.251001
1 2 0.081382 0.403330 0.273575 0.007589 0.234124
1 2 0.074549 0.409526 0.325864 0.009136 0.180926
1 1 0.089354 0.397261 0.267807 0.008367 0.237210
1 1 0.112035 0.373919 0.238051 0.008935 0.267060
4 1 0.157909 0.324385 0.148112 0.011620 0.357974
4 1 0.175323 0.316008 0.139466 0.014339 0.354863
4 1 0.196398 0.278943 0.123764 0.010444 0.390451
4 1 0.219078 0.246725 0.110938 0.008123 0.415138
1 2 0.243862 0.288481 0.188101 0.018261 0.261295
1 2 0.173063 0.355780 0.202923 0.026186 0.242048
1 2 0.161986 0.366006 0.172161 0.028802 0.271045
1 2 0.114293 0.398556 0.185384 0.017987 0.283781
1 2 0.096163 0.410800 0.209085 0.013443 0.270508
1 2 0.096580 0.408508 0.191638 0.013498 0.289776
1 2 0.097955 0.410554 0.230043 0.013961 0.247487
1 2 0.095844 0.411433 0.216413 0.013393 0.262917
1 2 0.073758 0.404261 0.328911 0.007863 0.185207
2 2 0.089287 0.348307 0.362013 0.007248 0.193145
2 2 0.207968 0.214448 0.495305 0.020561 0.061718
0 2 0.462797 0.138763 0.294445 0.024082 0.079912
0 0 0.471650 0.170115 0.117020 0.030857 0.210359
0 1 0.299028 0.273079 0.179104 0.110726 0.138064
1 1 0.182306 0.360340 0.205833 0.041422 0.210098
2 1 0.006696 0.098974 0.784108 0.029911 0.080312
2 2 0.008963 0.117365 0.698002 0.045596 0.130074
2 2 0.011267 0.173489 0.649615 0.017874 0.147755
2 2 0.019782 0.232802 0.536769 0.017814 0.192834
2 2 0.026291 0.268615 0.505176 0.014716 0.185203
2 2 0.081434 0.352704 0.450739 0.012585 0.102539
2 0 0.320486 0.210263 0.334865 0.021830 0.112556
0 0 0.568580 0.125616 0.133844 0.029815 0.142145
0 1 0.588632 0.094559 0.195269 0.069819 0.051722
0 1 0.364431 0.173769 0.319767 0.086141 0.055892
0 1 0.342997 0.249853 0.189899 0.063170 0.154081
4 1 0.127160 0.234607 0.084482 0.002523 0.551228
4 1 0.096597 0.230551 0.075520 0.001610 0.595722
4 1 0.092673 0.249437 0.081576 0.001934 0.574380
4 1 0.102492 0.313142 0.115970 0.004578 0.463818
1 1 0.054714 0.413986 0.299211 0.006594 0.225495
1 1 0.033315 0.367745 0.276284 0.004728 0.317927
1 1 0.053135 0.401067 0.238482 0.005462 0.301854
1 1 0.076111 0.408196 0.191292 0.007426 0.316975
1 1 0.081187 0.388003 0.149314 0.007613 0.373883
1 1 0.067392 0.399179 0.143526 0.006564 0.383338
1 1 0.069978 0.421690 0.194652 0.007847 0.305833
1 1 0.058943 0.414496 0.327199 0.006680 0.192682
4 0 0.194289 0.290205 0.131671 0.011926 0.371909
1 1 0.164260 0.367849 0.202935 0.029819 0.235136
2 1 0.099979 0.369377 0.390105 0.016192 0.124348
2 1 0.024552 0.329800 0.378086 0.006905 0.260657
2 1 0.012362 0.220547 0.573080 0.010188 0.183822
2 2 0.016679 0.242101 0.501797 0.013430 0.225992
2 2 0.019337 0.247327 0.510482 0.014427 0.208426
4 2 0.031992 0.317812 0.313497 0.012869 0.323830
1 2 0.038194 0.352939 0.301816 0.009863 0.297189
2 2 0.036860 0.334174 0.346395 0.011998 0.270573
2 2 0.028109 0.288125 0.508273 0.010823 0.164670
2 2 0.009496 0.140804 0.729388 0.019138 0.101174
2 2 0.005721 0.102719 0.824725 0.012226 0.054610
2 2 0.008608 0.124365 0.750696 0.023343 0.092988
2 2 0.015924 0.216778 0.521407 0.019577 0.226314
2 2 0.019195 0.249672 0.391617 0.017943 0.321573
4 2 0.029417 0.288993 0.294726 0.017530 0.369334
2 2 0.034310 0.313167 0.385842 0.014177 0.252504
2 2 0.056247 0.336242 0.399752 0.017185 0.190575
2 2 0.025228 0.214606 0.650080 0.016086 0.093999
2 2 0.018848 0.165822 0.702571 0.025205 0.087553
2 2 0.016541 0.182369 0.673889 0.018729 0.108472
2 0 0.130853 0.306526 0.459294 0.026301 0.077025
2 0 0.315333 0.182822 0.406205 0.023123 0.072517
0 0 0.744642 0.055765 0.113422 0.022915 0.063255
0 0 0.829725 0.028882 0.052170 0.051580 0.037643
0 0 0.880980 0.019667 0.036096 0.024637 0.038619
0 0 0.882494 0.019920 0.033446 0.017106 0.047033
0 0 0.852569 0.027390 0.042778 0.024034 0.053229
0 0 0.814200 0.037035 0.055390 0.037504 0.055870
0 0 0.596565 0.110983 0.094168 0.019752 0.178531
0 0 0.371938 0.189463 0.188470 0.008028 0.242100
0 0 0.662620 0.076752 0.092660 0.008890 0.159078
0 0 0.580729 0.109659 0.089078 0.017820 0.202713
0 0 0.695814 0.078194 0.082306 0.040611 0.103074
1 0 0.243115 0.305358 0.160442 0.034226 0.256859
4 1 0.150203 0.295238 0.118894 0.007541 0.428124
1 1 0.071991 0.400277 0.136106 0.008284 0.383342
1 1 0.069040 0.406460 0.145891 0.007701 0.370908
1 1 0.067917 0.418012 0.175056 0.007460 0.331555
1 1 0.066683 0.420396 0.181907 0.007235 0.323778
1 1 0.067119 0.415860 0.175174 0.006980 0.334867
1 1 0.086113 0.382386 0.172970 0.006599 0.351933
4 4 0.093648 0.342478 0.120741 0.006130 0.437004
4 4 0.088669 0.262550 0.085364 0.002141 0.561277
4 4 0.087889 0.202718 0.063394 0.000981 0.645018
4 4 0.088162 0.172927 0.053279 0.000643 0.684988
4 4 0.088702 0.164014 0.050401 0.000565 0.696318
4 4 0.085650 0.189140 0.058243 0.000786 0.666182
4 4 0.085329 0.151149 0.045607 0.000438 0.717476
4 4 0.073866 0.081766 0.022921 0.000089 0.821358
4 4 0.053627 0.057858 0.031491 0.000153 0.856870
4 4 0.044117 0.049726 0.024475 0.000082 0.881599
4 4 0.081450 0.077448 0.023279 0.000097 0.817726
4 4 0.071725 0.069513 0.019228 0.000060 0.839474
4 4 0.070166 0.065636 0.019409 0.000061 0.844727
4 4 0.061891 0.067721 0.017930 0.000048 0.852409
4 4 0.061406 0.045385 0.011895 0.000021 0.881294
4 4 0.078312 0.054115 0.019839 0.000069 0.847665
4 4 0.044778 0.040614 0.025041 0.000089 0.889478
4 4 0.076638 0.185626 0.055132 0.000650 0.681954
4 4 0.081995 0.212209 0.065276 0.001020 0.639500
4 4 0.091178 0.239775 0.077528 0.001675 0.589844
4 1 0.090772 0.290502 0.097059 0.003106 0.518561
1 1 0.064539 0.408442 0.150529 0.006644 0.369845
1 1 0.052894 0.417982 0.157846 0.004937 0.366341
1 1 0.057477 0.411995 0.148279 0.005677 0.376572
4 1 0.058258 0.382090 0.118570 0.004808 0.436274
1 1 0.062002 0.402174 0.133003 0.006471 0.396350
4 1 0.060922 0.400478 0.129599 0.006296 0.402705
4 1 0.060614 0.393046 0.126336 0.005692 0.414312
4 1 0.056907 0.362014 0.115091 0.003414 0.462574
4 1 0.048218 0.399342 0.149577 0.003198 0.399665
4 1 0.062467 0.327984 0.104203 0.002649 0.502697
4 1 0.064479 0.377722 0.169183 0.003335 0.385281
1 1 0.074732 0.408395 0.194674 0.007057 0.315141
1 1 0.079696 0.412583 0.178877 0.009506 0.319337
1 1 0.085505 0.415644 0.203520 0.011002 0.284329
1 1 0.066367 0.425981 0.264376 0.007326 0.235950
1 1 0.068893 0.423695 0.204085 0.007654 0.295673
1 0 0.147134 0.350745 0.239972 0.012161 0.249988
0 0 0.392299 0.157183 0.099220 0.006304 0.344994
4 1 0.183882 0.301818 0.133650 0.012814 0.367836
0 1 0.283888 0.279300 0.154907 0.036465 0.245439
1 1 0.171441 0.365900 0.176240 0.036653 0.249765
4 1 0.107336 0.274035 0.095743 0.003247 0.519640
4 1 0.087679 0.324613 0.110082 0.004447 0.473179
1 1 0.092242 0.398158 0.148442 0.012503 0.348656
1 1 0.096592 0.397232 0.150728 0.013509 0.341939
1 1 0.100085 0.405331 0.183525 0.014329 0.296731
1 1 0.073776 0.390575 0.144756 0.006742 0.384151
1 1 0.074545 0.407837 0.157318 0.008508 0.351791
4 1 0.070539 0.382942 0.126950 0.006453 0.413115
1 1 0.074206 0.422588 0.218039 0.008693 0.276475
1 1 0.064658 0.417404 0.320276 0.007231 0.190430
1 2 0.061028 0.403096 0.374654 0.006831 0.154390
1 1 0.060357 0.403854 0.373761 0.006700 0.155327
1 2 0.065195 0.393423 0.392735 0.007761 0.140887
2 2 0.063162 0.379261 0.428777 0.007616 0.121184
2 1 0.060731 0.379056 0.432976 0.007155 0.120081
2 2 0.049884 0.319551 0.555629 0.005978 0.068957
2 2 0.049007 0.332992 0.535037 0.005627 0.077337
2 2 0.056843 0.347570 0.499475 0.006906 0.089206
2 2 0.048864 0.327251 0.544634 0.005677 0.073574
2 2 0.056732 0.375371 0.446767 0.006468 0.114662
2 0 0.073744 0.299506 0.554535 0.011772 0.060443
2 0 0.151024 0.267956 0.481183 0.012288 0.087549
2 1 0.208312 0.290334 0.360733 0.029747 0.110873
1 0 0.251811 0.289583 0.283598 0.048596 0.126412
1 0 0.185506 0.330152 0.203368 0.017133 0.263841
1 1 0.136208 0.381305 0.184605 0.021173 0.276709
1 1 0.103271 0.395549 0.154021 0.015123 0.332036
1 1 0.072371 0.395777 0.134170 0.007887 0.389795
4 0 0.060844 0.207077 0.057978 0.000660 0.673442
4 0 0.139128 0.151801 0.053541 0.000846 0.654683
4 1 0.239621 0.118582 0.049787 0.001077 0.590933
4 1 0.328968 0.119369 0.057310 0.002105 0.492247
4 1 0.304407 0.146438 0.069416 0.003096 0.476643
4 2 0.283774 0.176981 0.083510 0.004653 0.451083
4 2 0.110976 0.170631 0.056467 0.000838 0.661088
4 0 0.242207 0.124750 0.052810 0.001249 0.578983
4 0 0.300889 0.085742 0.038601 0.000754 0.574014
4 0 0.377337 0.101638 0.051347 0.001938 0.467740
4 0 0.324641 0.154569 0.076133 0.004261 0.440396
4 1 0.254477 0.234730 0.131945 0.007513 0.371334
1 1 0.158442 0.337729 0.194580 0.012030 0.297219
4 1 0.139397 0.245368 0.091989 0.003368 0.519879
0 1 0.292145 0.235665 0.184803 0.009278 0.278109
0 0 0.578327 0.103650 0.101061 0.007797 0.209165
0 0 0.784604 0.040383 0.041094 0.008586 0.125332
0 0 0.810412 0.036444 0.041704 0.011363 0.100077
0 0 0.783702 0.042170 0.048516 0.011586 0.114025
0 0 0.836201 0.030205 0.049759 0.037404 0.046430
0 0 0.846125 0.018272 0.043819 0.071159 0.020624
0 0 0.824493 0.028775 0.053429 0.058094 0.035209
0 0 0.670970 0.063603 0.094166 0.124235 0.047025
0 0 0.615161 0.099094 0.111030 0.095309 0.079406
0 0 0.679754 0.075797 0.069384 0.016179 0.158886
0 0 0.511090 0.114501 0.075765 0.008376 0.290268
0 0 0.606702 0.101985 0.078855 0.016853 0.195606
0 1 0.446810 0.188801 0.124966 0.038798 0.200625
4 1 0.260846 0.218518 0.103388 0.007792 0.409455
4 1 0.192761 0.218977 0.090867 0.004083 0.493312
4 1 0.116643 0.195521 0.066695 0.001298 0.619842
4 1 0.091490 0.254559 0.083179 0.002026 0.568747
4 1 0.081694 0.335343 0.117425 0.004209 0.461328
1 1 0.055577 0.423441 0.187182 0.005063 0.328737
1 2 0.042160 0.398460 0.368717 0.004978 0.185685
2 2 0.042739 0.342139 0.483594 0.007151 0.124377
2 2 0.014387 0.207615 0.687582 0.006559 0.083858
2 2 0.052629 0.385075 0.387905 0.007447 0.166943
1 2 0.073318 0.388801 0.355701 0.006340 0.175840
1 1 0.064251 0.405919 0.328352 0.005620 0.195858
1 1 0.076982 0.408494 0.226769 0.007053 0.280702
2 2 0.080270 0.340668 0.436666 0.009341 0.133054
2 0 0.090509 0.313396 0.445680 0.006684 0.143731
2 1 0.070061 0.359478 0.420301 0.012819 0.137341
1 1 0.078651 0.398995 0.353061 0.010325 0.158968
2 1 0.091976 0.363303 0.405079 0.011255 0.128387
2 1 0.135672 0.300722 0.358980 0.004010 0.200616
4 1 0.131918 0.344777 0.139111 0.011762 0.372433
1 1 0.117589 0.387307 0.208013 0.014270 0.272821
1 1 0.111821 0.392984 0.157886 0.017313 0.319996
4 1 0.059176 0.397083 0.128898 0.006272 0.408570
4 1 0.050415 0.364612 0.159429 0.009138 0.416408
1 1 0.062805 0.390199 0.176950 0.009650 0.360396
1 1 0.121461 0.365484 0.174009 0.011030 0.328016
4 0 0.203723 0.256851 0.181145 0.004307 0.353975
1 1 0.202215 0.311058 0.214203 0.014407 0.258117
1 1 0.195543 0.332077 0.269769 0.029232 0.173380
2 1 0.127403 0.355476 0.372876 0.024533 0.119712
1 1 0.064066 0.426369 0.272738 0.006932 0.229895
2 2 0.033557 0.301129 0.473126 0.012691 0.179496
2 2 0.013936 0.198944 0.648604 0.012266 0.126250
2 2 0.016773 0.202052 0.673192 0.011186 0.096798
2 2 0.010890 0.130842 0.803537 0.010464 0.044267
2 2 0.010348 0.145500 0.789893 0.007058 0.047201
2 2 0.007764 0.109089 0.841794 0.008041 0.033313
2 2 0.006144 0.100883 0.849875 0.007945 0.035153
2 2 0.007900 0.107966 0.836594 0.010120 0.037420
2 2 0.008621 0.107257 0.819552 0.016748 0.047822
2 2 0.006401 0.079056 0.851388 0.023986 0.039169
2 2 0.006674 0.076124 0.852919 0.027500 0.036783
2 2 0.006698 0.089397 0.845379 0.017591 0.040936
2 2 0.006320 0.100292 0.847213 0.009145 0.037030
2 2 0.006243 0.097285 0.857274 0.007909 0.031289
2 2 0.008947 0.103554 0.835716 0.014392 0.037391
2 2 0.005933 0.055995 0.897056 0.024270 0.016746
2 2 0.003697 0.028951 0.888927 0.068847 0.009578
2 2 0.004845 0.036220 0.892050 0.055981 0.010904
2 2 0.005559 0.036125 0.894329 0.054808 0.009179
2 2 0.089933 0.202606 0.635879 0.040226 0.031356
2 0 0.314557 0.132479 0.471883 0.050679 0.030403
0 0 0.423165 0.175074 0.241283 0.076608 0.083871
2 2 0.224965 0.237285 0.401341 0.083763 0.052646
2 2 0.143645 0.330471 0.396331 0.031495 0.098059
2 2 0.061128 0.392901 0.400857 0.007010 0.138104
2 2 0.041964 0.358339 0.493714 0.004474 0.101509
2 2 0.033263 0.315970 0.541031 0.005669 0.104067
2 2 0.040128 0.325753 0.537593 0.005611 0.090916
2 2 0.035859 0.277113 0.617415 0.005969 0.063644
2 2 0.050187 0.355589 0.494301 0.005552 0.094371
2 1 0.050272 0.314673 0.562786 0.006125 0.066144
2 2 0.032129 0.265776 0.638838 0.005286 0.057971
2 2 0.017804 0.192389 0.736425 0.005808 0.047574
2 2 0.010929 0.133938 0.800925 0.009710 0.044499
2 2 0.007202 0.074601 0.876669 0.018491 0.023038
2 2 0.005317 0.059852 0.896253 0.019710 0.018868
2 2 0.005413 0.078105 0.883448 0.009423 0.023612
2 2 0.006279 0.088169 0.876666 0.006923 0.021963
2 2 0.008893 0.118419 0.818793 0.010634 0.043261
2 2 0.008889 0.108856 0.818017 0.016576 0.047662
2 2 0.008597 0.099475 0.842962 0.014161 0.034805
2 2 0.008812 0.104284 0.839236 0.012545 0.035122
2 2 0.004209 0.074909 0.888680 0.007702 0.024501
2 2 0.003300 0.050600 0.913389 0.014728 0.017984
2 2 0.003061 0.039697 0.929170 0.017010 0.011062
2 2 0.003640 0.029235 0.907254 0.051695 0.008175
2 2 0.003495 0.034876 0.917541 0.033659 0.010428
2 2 0.003436 0.037526 0.920735 0.027034 0.011269
2 2 0.003666 0.047566 0.914097 0.019148 0.015523
2 2 0.003356 0.061823 0.898991 0.011142 0.024688
2 2 0.004193 0.071826 0.887110 0.010132 0.026740
2 2 0.005038 0.071645 0.880914 0.014601 0.027803
2 2 0.005978 0.083346 0.866284 0.013045 0.031346
2 2 0.006320 0.070861 0.866759 0.025978 0.030083
2 2 0.005181 0.057266 0.882596 0.031240 0.023717
2 2 0.004035 0.051920 0.895240 0.026879 0.021927
2 2 0.003283 0.051281 0.895950 0.023747 0.025738
2 2 0.004063 0.061009 0.886677 0.020028 0.028223
2 2 0.004626 0.049003 0.881223 0.043109 0.022039
2 2 0.005433 0.046675 0.862670 0.064723 0.020500
2 2 0.005484 0.032818 0.834546 0.115187 0.011966
2 2 0.004725 0.031601 0.874679 0.079225 0.009770
2 2 0.006317 0.057742 0.873340 0.039988 0.022613
2 2 0.005805 0.058067 0.882421 0.031820 0.021887
2 2 0.005792 0.057021 0.885160 0.031528 0.020499
2 2 0.003590 0.042655 0.912254 0.026640 0.014861
2 2 0.002994 0.041596 0.916989 0.022865 0.015557
2 2 0.003194 0.042472 0.910019 0.027389 0.016926
2 2 0.006808 0.058733 0.893585 0.025634 0.015239
2 2 0.007349 0.061474 0.896406 0.021074 0.013698
2 2 0.006840 0.077233 0.881830 0.013325 0.020772
2 1 0.008402 0.107085 0.844411 0.008913 0.031189
2 1 0.011108 0.141505 0.791614 0.008746 0.047027
2 1 0.006656 0.121712 0.810798 0.007950 0.052885
2 2 0.007765 0.124037 0.806865 0.009287 0.052046
2 2 0.004448 0.079096 0.867428 0.012272 0.036756
2 2 0.003730 0.055878 0.896482 0.019557 0.024353
2 2 0.004724 0.046989 0.891894 0.038545 0.017848
2 2 0.004804 0.047186 0.876858 0.049939 0.021212
2 2 0.006827 0.053829 0.834614 0.077798 0.026933
2 2 0.005459 0.060332 0.854368 0.046454 0.033387
2 2 0.006014 0.094276 0.804597 0.025184 0.069929
2 2 0.006582 0.088706 0.835131 0.022160 0.047421
2 2 0.005268 0.081656 0.862742 0.014074 0.036259
2 2 0.005355 0.067993 0.864134 0.028493 0.034025
2 2 0.004178 0.031473 0.863259 0.089423 0.011666
2 2 0.005196 0.034396 0.839739 0.107599 0.013071
2 2 0.006688 0.028986 0.737338 0.215996 0.010993
2 2 0.007362 0.048832 0.805374 0.114137 0.024295
2 2 0.005691 0.033513 0.823267 0.124869 0.012660
2 2 0.005298 0.047613 0.878193 0.050400 0.018496
2 2 0.005659 0.050543 0.882535 0.043324 0.017938
2 2 0.005458 0.045206 0.887604 0.047181 0.014550
2 2 0.003716 0.043763 0.907690 0.029007 0.015823
2 2 0.005290 0.057797 0.897046 0.021591 0.018277
2 0 0.007960 0.091325 0.851109 0.016510 0.033096
2 0 0.028548 0.138346 0.751727 0.040747 0.040633
2 1 0.250323 0.184001 0.485294 0.030931 0.049451
2 2 0.019615 0.188470 0.537168 0.043072 0.211676
2 2 0.021761 0.238453 0.566755 0.015332 0.157700
2 2 0.016895 0.178804 0.682735 0.019401 0.102166
2 2 0.031501 0.251879 0.597297 0.013755 0.105568
2 2 0.041522 0.303434 0.502946 0.013092 0.139006
2 2 0.050156 0.326161 0.481187 0.011812 0.130684
2 2 0.059574 0.372930 0.420808 0.008396 0.138291
1 2 0.080385 0.387533 0.381047 0.010981 0.140054
2 2 0.071084 0.359976 0.456059 0.009609 0.103273
2 2 0.078570 0.356481 0.451524 0.011368 0.102058
2 2 0.054112 0.340172 0.472992 0.010203 0.122520
2 2 0.041881 0.289055 0.552979 0.011805 0.104281
2 2 0.052085 0.311752 0.535692 0.009976 0.090495
2 2 0.056174 0.338963 0.481527 0.009414 0.113923
2 2 0.040135 0.294718 0.561788 0.009042 0.094317
2 2 0.074072 0.384150 0.400176 0.009716 0.131886
2 2 0.076351 0.364795 0.438527 0.010655 0.109672
2 2 0.067429 0.329343 0.516017 0.009478 0.077734
2 2 0.065417 0.376952 0.430231 0.008097 0.119302
2 1 0.038516 0.353400 0.370764 0.009039 0.228280
2 1 0.034195 0.319420 0.381901 0.012873 0.251611
4 2 0.044355 0.338470 0.232977 0.014006 0.370192
2 1 0.028579 0.322578 0.366808 0.009808 0.272227
2 1 0.018189 0.237602 0.497033 0.016819 0.230357
2 1 0.022458 0.251026 0.532920 0.014821 0.178776
2 2 0.048377 0.340001 0.395572 0.013854 0.202196
1 2 0.063772 0.358119 0.322215 0.017278 0.238617
2 2 0.041379 0.296540 0.410201 0.022260 0.229620
2 2 0.033784 0.268824 0.345778 0.021070 0.330545
4 2 0.025713 0.223656 0.310390 0.016746 0.423494
4 2 0.076004 0.201951 0.101412 0.002663 0.617970
4 2 0.075732 0.206994 0.135452 0.005379 0.576443
4 2 0.066740 0.321934 0.229909 0.021119 0.360298
2 2 0.051256 0.316715 0.343318 0.023943 0.264768
2 2 0.071521 0.310708 0.496325 0.018495 0.102952
2 2 0.158759 0.244323 0.510110 0.013844 0.072963
0 0 0.321939 0.236962 0.263316 0.028094 0.149689
0 1 0.280028 0.277426 0.252339 0.041049 0.149158
1 1 0.217001 0.323314 0.264272 0.060399 0.135014
4 1 0.135706 0.324780 0.129512 0.009351 0.400651
4 1 0.093994 0.318469 0.110062 0.004588 0.472887
1 1 0.099595 0.376186 0.145912 0.010080 0.368228
1 1 0.083988 0.406223 0.203518 0.008670 0.297601
1 1 0.085397 0.416729 0.249902 0.011137 0.236834
1 1 0.077231 0.416200 0.291055 0.009588 0.205926
1 2 0.084419 0.413794 0.280388 0.011085 0.210313
1 1 0.068652 0.391761 0.390962 0.008459 0.140166
1 1 0.074210 0.415171 0.301745 0.008852 0.200022
2 0 0.070374 0.308162 0.537163 0.007165 0.077137
1 4 0.171699 0.291823 0.289388 0.005157 0.241933
4 4 0.156080 0.323176 0.165754 0.009571 0.345420
1 4 0.123708 0.385291 0.200907 0.016165 0.273929
4 4 0.105698 0.262107 0.090313 0.002733 0.539149
4 4 0.089234 0.263196 0.085789 0.002177 0.559604
4 4 0.090334 0.183133 0.057156 0.000771 0.668606
4 4 0.046779 0.082056 0.038646 0.000220 0.832300
4 4 0.026965 0.037524 0.031095 0.000114 0.904303
4 4 0.020971 0.019380 0.013849 0.000019 0.945780
4 4 0.041747 0.025328 0.015678 0.000033 0.917214
4 4 0.030033 0.022249 0.012977 0.000019 0.934721
4 4 0.102953 0.025121 0.010191 0.000021 0.861715
4 4 0.127425 0.040734 0.015862 0.000057 0.815922
4 4 0.102408 0.050323 0.015369 0.000046 0.831853
4 4 0.111693 0.076518 0.024252 0.000126 0.787411
4 4 0.027889 0.031810 0.015601 0.000027 0.924672
4 4 0.023095 0.026509 0.021580 0.000050 0.928766
4 4 0.014348 0.029443 0.022790 0.000046 0.933373
4 4 0.026922 0.035225 0.017957 0.000035 0.919861
4 4 0.041362 0.035419 0.022968 0.000072 0.900179
4 4 0.079488 0.034881 0.029974 0.000176 0.855481
4 4 0.050699 0.021088 0.017636 0.000048 0.910529
4 4 0.060886 0.027657 0.022822 0.000088 0.888547
4 4 0.054212 0.021646 0.007345 0.000008 0.916789
4 4 0.132129 0.059034 0.019576 0.000089 0.789172
4 4 0.139973 0.116984 0.040589 0.000448 0.702007
4 4 0.141568 0.208580 0.076602 0.002079 0.571172
4 4 0.100542 0.219803 0.072465 0.001477 0.605714
4 4 0.080985 0.236253 0.073396 0.001369 0.607997
4 4 0.110853 0.139473 0.045398 0.000501 0.703775
4 4 0.155779 0.087947 0.040581 0.000478 0.715215
4 4 0.025015 0.039090 0.030030 0.000101 0.905764
4 4 0.061168 0.052189 0.019943 0.000061 0.866638
4 4 0.078722 0.121731 0.035362 0.000236 0.763950
4 4 0.096014 0.135486 0.042078 0.000388 0.726034
4 4 0.104069 0.096031 0.030030 0.000192 0.769679
4 4 0.206015 0.077195 0.029925 0.000302 0.686564
4 4 0.082885 0.051328 0.027928 0.000149 0.837711
4 4 0.097506 0.060344 0.036974 0.000295 0.804881
4 4 0.110187 0.103380 0.033014 0.000244 0.753176
4 4 0.085067 0.173756 0.052968 0.000623 0.687587
4 4 0.072922 0.227389 0.068015 0.001070 0.630605
4 4 0.080779 0.307974 0.100266 0.003238 0.507744
4 4 0.092422 0.290625 0.097699 0.003193 0.516062
4 4 0.090985 0.282408 0.094501 0.002793 0.529313
4 4 0.098518 0.185534 0.059586 0.000894 0.655467
4 4 0.119586 0.081772 0.026534 0.000159 0.771948
4 4 0.064213 0.028320 0.012319 0.000024 0.895124
4 4 0.033940 0.019613 0.013335 0.000022 0.933090
4 4 0.084280 0.028757 0.013506 0.000033 0.873424
4 4 0.070096 0.030193 0.010235 0.000017 0.889460
4 4 0.079534 0.060511 0.017197 0.000050 0.842707
4 4 0.062228 0.110825 0.029886 0.000144 0.796916
4 4 0.067136 0.125789 0.034908 0.000211 0.771955
4 4 0.077135 0.152897 0.044775 0.000399 0.724795
4 4 0.084546 0.139476 0.041736 0.000356 0.733887
4 4 0.085307 0.084822 0.024850 0.000114 0.804907
4 4 0.093797 0.051122 0.015208 0.000043 0.839830
4 4 0.040617 0.042681 0.024622 0.000081 0.891999
4 4 0.070919 0.046177 0.012623 0.000025 0.870255
4 4 0.093358 0.025148 0.007404 0.000010 0.874080
4 4 0.114242 0.039942 0.015215 0.000049 0.830551
4 4 0.081485 0.044905 0.016712 0.000049 0.856848
4 4 0.130235 0.078320 0.026068 0.000162 0.765215
4 4 0.114085 0.075065 0.023933 0.000124 0.786793
4 4 0.072232 0.143571 0.041043 0.000316 0.742839
4 4 0.069517 0.159049 0.045271 0.000388 0.725775
4 1 0.069009 0.187489 0.053987 0.000588 0.688928
4 1 0.097147 0.206444 0.066783 0.001178 0.628448
4 1 0.102723 0.258057 0.087818 0.002491 0.548910
4 1 0.087247 0.340199 0.122787 0.004916 0.444851
4 1 0.062411 0.368861 0.120078 0.004294 0.444357
4 1 0.087826 0.305435 0.107075 0.003261 0.496402
1 1 0.135316 0.355198 0.187310 0.011267 0.310909
4 1 0.145750 0.307560 0.174723 0.005358 0.366609
1 0 0.114849 0.377426 0.149879 0.014330 0.343516
1 1 0.085051 0.417114 0.217718 0.010938 0.269179
