0 0 0.931554 0.020228 0.039833 0.001978 0.006407
0 0 0.913437 0.025836 0.049222 0.002879 0.008625
0 0 0.890387 0.030093 0.065975 0.005067 0.008479
0 0 0.805670 0.047909 0.118874 0.015727 0.011820
0 0 0.865050 0.033354 0.085383 0.008439 0.007773
0 0 0.934507 0.018972 0.038914 0.001914 0.005693
0 0 0.958762 0.012583 0.023762 0.000778 0.004116
0 0 0.939066 0.017134 0.037249 0.001792 0.004758
0 0 0.897367 0.028601 0.061355 0.004414 0.008263
0 0 0.838886 0.048221 0.086969 0.008170 0.017754
0 0 0.676255 0.094355 0.169354 0.021621 0.038415
0 0 0.437702 0.162969 0.293293 0.018541 0.087496
0 1 0.345115 0.197652 0.246267 0.004989 0.205978
2 0 0.230322 0.210162 0.372810 0.003446 0.183259
2 0 0.284060 0.208030 0.305693 0.004681 0.197535
0 0 0.468960 0.167177 0.149673 0.005617 0.208574
0 1 0.630321 0.122852 0.142517 0.021433 0.082877
0 0 0.666134 0.097893 0.165993 0.029505 0.040476
0 0 0.511032 0.107082 0.266545 0.087488 0.027853
0 0 0.510629 0.082627 0.292380 0.100451 0.013912
0 0 0.739520 0.067176 0.151167 0.022784 0.019353
0 0 0.893316 0.030374 0.052322 0.003486 0.020502
0 0 0.941866 0.015637 0.018747 0.000542 0.023208
0 0 0.973581 0.009537 0.007488 0.000082 0.009311
0 0 0.941742 0.021050 0.019881 0.000486 0.016841
0 0 0.862551 0.043528 0.070216 0.005358 0.018346
0 0 0.627277 0.073951 0.253958 0.030240 0.014574
0 0 0.631524 0.065173 0.266130 0.026456 0.010716
0 0 0.646335 0.052011 0.261696 0.033702 0.006256
0 0 0.892549 0.022882 0.073868 0.006785 0.003916
0 0 0.790257 0.058854 0.116840 0.014644 0.019406
0 0 0.534724 0.141850 0.209042 0.039892 0.074493
2 0 0.091557 0.205073 0.582231 0.010921 0.110217
2 0 0.071970 0.204881 0.596639 0.004245 0.122265
2 4 0.053503 0.193798 0.641865 0.003134 0.107700
4 4 0.152649 0.239990 0.228295 0.002443 0.376623
4 4 0.222063 0.185198 0.163373 0.002587 0.426779
4 4 0.310918 0.105770 0.053337 0.002096 0.527879
4 4 0.381186 0.108261 0.053352 0.002048 0.455153
4 4 0.414502 0.104133 0.038741 0.000792 0.441832
4 4 0.168495 0.103423 0.055885 0.002641 0.669556
4 4 0.174902 0.148043 0.065703 0.002646 0.608706
4 4 0.143723 0.304555 0.124279 0.002205 0.425237
4 4 0.093992 0.335898 0.204041 0.002193 0.363876
2 4 0.043831 0.317908 0.396566 0.001618 0.240078
4 4 0.058748 0.232553 0.206487 0.001151 0.501061
4 4 0.044155 0.133260 0.137998 0.001336 0.683251
4 4 0.070969 0.122252 0.084536 0.001365 0.720878
4 4 0.077817 0.222679 0.095720 0.000701 0.603083
4 4 0.080148 0.344598 0.152791 0.001191 0.421272
2 4 0.024417 0.274887 0.540014 0.002590 0.158092
2 4 0.019155 0.216523 0.657923 0.003621 0.102779
2 4 0.026177 0.235180 0.611395 0.003269 0.123979
2 4 0.028119 0.245605 0.589921 0.004259 0.132097
2 4 0.047034 0.264367 0.518121 0.003588 0.166890
2 4 0.043948 0.287784 0.468672 0.001896 0.197700
2 4 0.026121 0.243087 0.598126 0.004003 0.128663
2 4 0.019157 0.244147 0.611203 0.004794 0.120699
2 4 0.022726 0.240014 0.611377 0.005972 0.119912
2 1 0.015201 0.198335 0.696096 0.006432 0.083936
2 1 0.005172 0.090787 0.863776 0.006786 0.033478
2 1 0.005148 0.085991 0.870586 0.007599 0.030676
2 1 0.005867 0.100064 0.842159 0.008595 0.043315
2 1 0.007701 0.116047 0.816951 0.009120 0.050181
2 2 0.009934 0.144958 0.756193 0.010299 0.078616
2 2 0.009525 0.154428 0.738809 0.008911 0.088328
2 2 0.005383 0.045380 0.909705 0.028555 0.010977
2 2 0.004737 0.027712 0.908014 0.054779 0.004759
2 2 0.003745 0.017882 0.889308 0.086501 0.002563
2 2 0.003543 0.016605 0.893076 0.084619 0.002157
2 2 0.002563 0.015425 0.915571 0.064228 0.002213
2 2 0.003176 0.013013 0.849865 0.132118 0.001828
2 2 0.003687 0.010311 0.689088 0.295130 0.001783
2 2 0.005225 0.011100 0.568275 0.413169 0.002230
3 2 0.003431 0.005834 0.378325 0.611030 0.001379
3 2 0.003815 0.005601 0.344972 0.644400 0.001212
3 3 0.001984 0.002556 0.161700 0.832734 0.001026
3 2 0.001596 0.001806 0.108826 0.886888 0.000884
3 3 0.001284 0.001341 0.077681 0.918889 0.000805
3 2 0.001118 0.001124 0.079776 0.917434 0.000548
3 2 0.001580 0.001629 0.110375 0.885785 0.000631
3 3 0.002215 0.002071 0.104949 0.889914 0.000851
3 2 0.001402 0.001226 0.068247 0.928493 0.000632
3 3 0.001009 0.000844 0.047491 0.950101 0.000555
3 3 0.001540 0.001404 0.072231 0.924053 0.000772
3 3 0.002657 0.002402 0.098751 0.895073 0.001117
3 3 0.004011 0.003721 0.127284 0.863404 0.001580
3 3 0.003860 0.003361 0.104794 0.886351 0.001634
3 3 0.002575 0.001949 0.065488 0.928877 0.001111
3 3 0.003637 0.002579 0.073471 0.919003 0.001310
3 3 0.001800 0.001086 0.043050 0.953502 0.000562
3 3 0.001930 0.001173 0.044119 0.952157 0.000620
3 3 0.002915 0.002072 0.074378 0.919722 0.000913
3 3 0.004152 0.003388 0.114511 0.876649 0.001300
3 3 0.005419 0.005514 0.177897 0.809151 0.002019
3 3 0.003426 0.003069 0.116425 0.875819 0.001262
3 3 0.001813 0.001342 0.050076 0.945889 0.000879
3 3 0.001824 0.001380 0.050047 0.945796 0.000953
3 3 0.001561 0.001203 0.047694 0.948694 0.000848
3 3 0.002202 0.001790 0.063789 0.931085 0.001133
3 3 0.002174 0.001590 0.054240 0.940991 0.001004
3 3 0.002801 0.001923 0.054140 0.939909 0.001227
3 3 0.002200 0.001628 0.047617 0.947268 0.001287
3 3 0.001465 0.001036 0.038025 0.958666 0.000809
3 3 0.003068 0.002146 0.056935 0.936454 0.001397
3 3 0.001907 0.001251 0.043789 0.952266 0.000787
3 3 0.002282 0.001665 0.059861 0.935261 0.000931
3 3 0.001994 0.001374 0.050680 0.945154 0.000798
3 3 0.002379 0.001655 0.059706 0.935403 0.000856
3 3 0.001872 0.001125 0.044950 0.951500 0.000553
3 3 0.002387 0.001433 0.050871 0.944633 0.000677
3 3 0.001538 0.001087 0.049614 0.947170 0.000591
3 3 0.001758 0.001320 0.055726 0.940447 0.000749
3 3 0.001584 0.001223 0.049785 0.946587 0.000821
3 3 0.002179 0.001657 0.059896 0.935282 0.000986
3 3 0.001485 0.001100 0.045025 0.951640 0.000750
3 3 0.001674 0.001170 0.045908 0.950516 0.000732
3 3 0.001555 0.000999 0.039107 0.957713 0.000627
3 3 0.001729 0.001127 0.041486 0.954946 0.000713
3 3 0.002365 0.001528 0.049226 0.945994 0.000887
3 3 0.000824 0.000563 0.027637 0.970514 0.000462
3 3 0.000800 0.000525 0.027140 0.971136 0.000398
3 3 0.000760 0.000481 0.026319 0.972101 0.000340
3 3 0.000997 0.000619 0.030559 0.967428 0.000397
3 3 0.001658 0.001002 0.040398 0.956398 0.000543
3 3 0.002805 0.001758 0.058558 0.936062 0.000817
3 3 0.001470 0.000888 0.037804 0.959345 0.000493
3 3 0.001451 0.000915 0.037615 0.959458 0.000561
3 3 0.000990 0.000676 0.030589 0.967212 0.000533
3 3 0.001830 0.001316 0.042995 0.952840 0.001018
3 3 0.002169 0.001569 0.047203 0.947876 0.001183
3 3 0.002462 0.001693 0.050468 0.944261 0.001116
3 3 0.001841 0.001283 0.043075 0.952876 0.000924
3 3 0.001003 0.000729 0.030902 0.966713 0.000654
3 3 0.000980 0.000724 0.030524 0.967095 0.000677
3 3 0.000603 0.000414 0.023251 0.975366 0.000366
3 3 0.000618 0.000377 0.023424 0.975325 0.000257
3 3 0.001743 0.001219 0.072916 0.923728 0.000394
3 1 0.009694 0.009787 0.406575 0.572798 0.001146
2 1 0.024470 0.042192 0.849487 0.081911 0.001941
2 1 0.025348 0.052982 0.849146 0.069204 0.003320
2 1 0.027496 0.061980 0.847903 0.057804 0.004818
2 1 0.032899 0.057406 0.834051 0.071791 0.003852
2 0 0.029792 0.065499 0.839981 0.059318 0.005410
2 1 0.051380 0.082052 0.806049 0.051780 0.008740
2 1 0.033927 0.106119 0.799071 0.043518 0.017365
2 2 0.029803 0.130434 0.774514 0.035083 0.030166
2 1 0.053961 0.138523 0.749227 0.023826 0.034463
2 0 0.092161 0.121384 0.735863 0.027327 0.023264
2 1 0.223348 0.107375 0.623452 0.028148 0.017677
0 0 0.950337 0.016779 0.024394 0.000768 0.007723
0 0 0.976575 0.008376 0.010226 0.000158 0.004664
0 0 0.952742 0.015919 0.023421 0.000716 0.007202
0 0 0.938146 0.021193 0.028991 0.001032 0.010638
0 0 0.939496 0.019563 0.031801 0.001265 0.007876
0 0 0.941767 0.016787 0.034946 0.001583 0.004918
0 0 0.959985 0.011837 0.023821 0.000793 0.003565
0 0 0.964388 0.012291 0.016961 0.000398 0.005962
0 0 0.970272 0.010841 0.009528 0.000129 0.009230
0 0 0.915582 0.029781 0.034663 0.001379 0.018596
0 0 0.929481 0.024052 0.033111 0.001312 0.012044
0 0 0.931171 0.023696 0.031585 0.001197 0.012350
0 0 0.956758 0.014400 0.022014 0.000647 0.006181
0 0 0.981561 0.006129 0.009738 0.000154 0.002417
0 0 0.981826 0.006465 0.008212 0.000108 0.003388
0 0 0.990983 0.003331 0.003525 0.000024 0.002137
0 0 0.987172 0.004702 0.005147 0.000046 0.002933
0 0 0.974337 0.008146 0.014347 0.000313 0.002856
0 0 0.960970 0.011848 0.022660 0.000717 0.003805
0 0 0.939746 0.017020 0.036720 0.001744 0.004770
0 0 0.878718 0.030777 0.076267 0.006794 0.007443
0 0 0.885368 0.032792 0.066551 0.005068 0.010221
0 0 0.910791 0.025927 0.051948 0.003210 0.008125
0 0 0.948227 0.016667 0.027614 0.000986 0.006506
0 0 0.966717 0.011129 0.017022 0.000410 0.004722
0 0 0.957808 0.014744 0.019212 0.000490 0.007747
0 0 0.948357 0.018607 0.019799 0.000494 0.012743
0 0 0.921438 0.028109 0.024268 0.000684 0.025502
0 0 0.778923 0.075918 0.081758 0.004257 0.059145
0 0 0.559916 0.134333 0.211682 0.006441 0.087627
2 0 0.163492 0.218867 0.445995 0.005593 0.166053
2 0 0.138256 0.222639 0.472904 0.008048 0.158152
2 0 0.162290 0.226775 0.431348 0.009486 0.170101
2 1 0.159195 0.251449 0.375394 0.006614 0.207348
2 1 0.203797 0.242538 0.330050 0.005830 0.217785
0 1 0.437709 0.178071 0.164767 0.007536 0.211917
0 1 0.521344 0.142888 0.241579 0.009183 0.085006
0 0 0.772766 0.075670 0.098783 0.010006 0.042776
0 0 0.793042 0.068252 0.093587 0.009042 0.036077
0 0 0.600116 0.133842 0.118669 0.009325 0.138047
0 1 0.372495 0.200156 0.195329 0.007968 0.224052
2 1 0.116220 0.297845 0.301261 0.002052 0.282621
2 1 0.049546 0.295506 0.443330 0.002523 0.209096
2 1 0.028853 0.268594 0.544578 0.003554 0.154422
2 1 0.020844 0.228057 0.635092 0.003979 0.112028
2 1 0.011232 0.170667 0.747533 0.005523 0.065045
2 1 0.012308 0.183061 0.726208 0.005692 0.072731
2 1 0.012486 0.150887 0.778113 0.007856 0.050657
2 2 0.015240 0.144673 0.781768 0.011211 0.047108
2 1 0.061143 0.180808 0.668864 0.016153 0.073032
2 1 0.213638 0.182696 0.508617 0.018318 0.076731
2 0 0.338651 0.113509 0.501365 0.022754 0.023721
0 0 0.740795 0.073301 0.145240 0.014206 0.026458
0 1 0.842731 0.055529 0.052519 0.002875 0.046346
0 1 0.601424 0.130252 0.093104 0.007792 0.167428
0 1 0.578773 0.132517 0.087440 0.005710 0.195559
0 1 0.454957 0.176039 0.140380 0.012676 0.215947
0 1 0.378120 0.205094 0.162811 0.019348 0.234626
2 1 0.211988 0.239699 0.314296 0.037007 0.197009
2 2 0.148348 0.239798 0.413928 0.026060 0.171866
2 2 0.019876 0.095205 0.853702 0.014425 0.016792
2 2 0.023764 0.083101 0.865113 0.016430 0.011591
2 2 0.073051 0.161271 0.698173 0.012719 0.054786
2 2 0.119070 0.177145 0.621484 0.012712 0.069589
2 1 0.235931 0.202874 0.428993 0.011938 0.120265
0 1 0.319917 0.212180 0.244151 0.012733 0.211018
2 1 0.230110 0.232311 0.319880 0.019621 0.198079
2 1 0.126386 0.238892 0.445065 0.028053 0.161604
2 1 0.058311 0.211492 0.597894 0.020388 0.111915
2 1 0.033997 0.195803 0.665320 0.012982 0.091897
2 2 0.059794 0.181409 0.669178 0.011606 0.078012
2 2 0.107246 0.171635 0.644536 0.008780 0.067803
2 1 0.186946 0.189576 0.521259 0.010007 0.092212
0 2 0.357655 0.191825 0.288844 0.007524 0.154152
0 1 0.340203 0.206059 0.231372 0.010656 0.211709
0 1 0.315146 0.210125 0.276675 0.012059 0.185994
2 1 0.180310 0.228839 0.414462 0.019752 0.156637
2 1 0.126747 0.218698 0.511158 0.023562 0.119836
2 2 0.061832 0.170330 0.684515 0.025578 0.057745
2 2 0.024609 0.102344 0.825628 0.029999 0.017420
2 2 0.014444 0.068767 0.885189 0.024063 0.007538
2 2 0.014506 0.068385 0.885340 0.024347 0.007423
2 2 0.013801 0.060124 0.894819 0.025768 0.005489
2 1 0.026585 0.080820 0.866570 0.015218 0.010806
2 1 0.045908 0.110432 0.808787 0.013005 0.021868
2 2 0.058042 0.153927 0.725639 0.013392 0.049000
2 2 0.031725 0.145352 0.759576 0.021075 0.042272
2 2 0.024338 0.135466 0.783895 0.019112 0.037188
2 2 0.010123 0.068208 0.898742 0.014507 0.008421
2 2 0.007007 0.053999 0.922837 0.010739 0.005418
2 2 0.208461 0.207576 0.450659 0.018213 0.115090
2 1 0.247247 0.220915 0.327328 0.008742 0.195767
2 1 0.282068 0.209018 0.338323 0.009831 0.160760
2 1 0.181843 0.213577 0.462545 0.014041 0.127994
2 1 0.164686 0.198215 0.525164 0.013222 0.098713
2 1 0.063003 0.153726 0.719946 0.016380 0.046946
2 2 0.046452 0.137585 0.760712 0.019901 0.035349
2 2 0.018122 0.088782 0.861506 0.017625 0.013965
2 2 0.010026 0.055122 0.912172 0.017706 0.004974
2 2 0.010290 0.061137 0.905623 0.016581 0.006369
2 2 0.017053 0.085754 0.871515 0.011899 0.013779
2 2 0.022700 0.103998 0.838902 0.013888 0.020512
2 2 0.028832 0.138340 0.778092 0.014966 0.039771
2 2 0.032044 0.146804 0.761344 0.013298 0.046511
2 2 0.017301 0.101468 0.845582 0.015971 0.019679
2 2 0.011172 0.070355 0.893481 0.016224 0.008768
2 2 0.008936 0.054302 0.916549 0.015208 0.005005
2 2 0.006500 0.031232 0.944299 0.016518 0.001451
2 2 0.006425 0.028567 0.946114 0.017721 0.001173
2 2 0.007489 0.031684 0.939401 0.020001 0.001425
2 2 0.005794 0.021629 0.954162 0.017784 0.000631
2 1 0.009956 0.022247 0.945367 0.021831 0.000599
2 1 0.016289 0.029530 0.927369 0.025775 0.001037
2 2 0.014690 0.037894 0.901397 0.044282 0.001738
2 2 0.017719 0.052502 0.884038 0.042128 0.003612
2 2 0.008864 0.044272 0.925431 0.018399 0.003034
2 1 0.010678 0.039967 0.920529 0.026621 0.002206
2 1 0.012229 0.044309 0.911503 0.029253 0.002705
2 1 0.014972 0.068955 0.883311 0.025270 0.007493
2 2 0.018830 0.100153 0.839257 0.024038 0.017721
2 2 0.010538 0.051537 0.913449 0.020340 0.004136
2 2 0.010159 0.051867 0.914545 0.019171 0.004258
2 2 0.010705 0.061969 0.903514 0.017323 0.006490
2 2 0.007951 0.056183 0.917764 0.012408 0.005693
2 2 0.007238 0.055368 0.920719 0.010982 0.005693
2 2 0.005764 0.040105 0.940474 0.010853 0.002803
2 2 0.006733 0.045206 0.932426 0.012091 0.003545
2 2 0.006094 0.035692 0.942951 0.013201 0.002061
2 2 0.007932 0.030255 0.937831 0.022735 0.001247
2 2 0.011250 0.025518 0.911381 0.051019 0.000831
2 2 0.015925 0.034793 0.893991 0.053913 0.001379
2 2 0.022462 0.039938 0.859241 0.076619 0.001740
2 2 0.025547 0.046405 0.846208 0.079431 0.002410
2 1 0.028104 0.060797 0.836625 0.069967 0.004507
2 1 0.027163 0.081536 0.831970 0.049979 0.009352
2 2 0.030527 0.116040 0.790276 0.041101 0.022056
2 2 0.014185 0.066250 0.888316 0.024335 0.006914
2 2 0.012564 0.055967 0.902549 0.024166 0.004755
2 2 0.011630 0.047447 0.912220 0.025447 0.003256
2 2 0.009831 0.040528 0.923984 0.023306 0.002351
2 2 0.008323 0.033257 0.934651 0.022227 0.001542
2 1 0.007737 0.027925 0.939595 0.023708 0.001036
2 1 0.011331 0.031915 0.919428 0.036076 0.001250
2 1 0.015603 0.040775 0.896636 0.044951 0.002035
2 1 0.013387 0.043777 0.906585 0.033707 0.002545
2 2 0.009179 0.038346 0.928087 0.022282 0.002106
2 2 0.006315 0.028088 0.941963 0.022243 0.001389
2 2 0.003713 0.016895 0.948815 0.029767 0.000810
2 2 0.005124 0.021163 0.935443 0.037057 0.001213
2 2 0.008681 0.041559 0.928145 0.018997 0.002618
2 2 0.003489 0.012112 0.939905 0.044064 0.000431
2 2 0.006819 0.021833 0.924294 0.046029 0.001025
2 2 0.009434 0.032335 0.914729 0.041509 0.001993
2 2 0.009846 0.041941 0.921525 0.023995 0.002694
2 2 0.007373 0.032767 0.934213 0.023752 0.001895
2 2 0.005846 0.027663 0.942622 0.022363 0.001506
2 2 0.004753 0.023750 0.951578 0.018816 0.001103
2 2 0.002960 0.013006 0.947433 0.036008 0.000593
2 2 0.002018 0.009380 0.957011 0.031253 0.000338
2 2 0.002830 0.010287 0.939841 0.046666 0.000376
2 2 0.004233 0.012541 0.917232 0.065487 0.000507
2 2 0.007089 0.015106 0.843081 0.133910 0.000815
2 2 0.007170 0.012013 0.704623 0.275293 0.000900
2 3 0.008469 0.013068 0.628777 0.348398 0.001288
2 2 0.013706 0.023592 0.760522 0.200285 0.001894
2 2 0.026986 0.046065 0.831110 0.093313 0.002526
2 1 0.029858 0.048617 0.824897 0.094030 0.002597
2 1 0.126124 0.093340 0.704732 0.064808 0.010996
2 1 0.168566 0.115932 0.635759 0.060724 0.019019
2 1 0.191438 0.137324 0.588409 0.052809 0.030020
2 1 0.092196 0.164744 0.665321 0.026604 0.051136
2 1 0.033404 0.169291 0.714651 0.018966 0.063689
2 2 0.015176 0.088942 0.861831 0.019908 0.014143
2 2 0.010413 0.064967 0.901369 0.015874 0.007377
2 2 0.011036 0.060150 0.904204 0.018651 0.005959
2 2 0.009950 0.049701 0.917082 0.019404 0.003863
2 2 0.009761 0.042599 0.923008 0.021969 0.002663
2 2 0.009780 0.031017 0.927956 0.030019 0.001228
2 2 0.007655 0.025940 0.940461 0.025075 0.000869
2 2 0.005620 0.023852 0.952340 0.017392 0.000795
2 2 0.011980 0.045983 0.911669 0.027385 0.002983
2 2 0.012044 0.046774 0.910940 0.027137 0.003105
2 2 0.012588 0.039164 0.911868 0.034398 0.001982
2 1 0.017821 0.038991 0.884773 0.056662 0.001753
2 2 0.014326 0.040732 0.903014 0.039841 0.002087
2 1 0.009469 0.035034 0.928373 0.025454 0.001670
2 2 0.007961 0.042340 0.930416 0.016453 0.002830
2 2 0.007707 0.036595 0.935580 0.018113 0.002004
2 2 0.023214 0.069153 0.866373 0.034480 0.006780
2 2 0.024756 0.073384 0.845765 0.048691 0.007405
2 1 0.027686 0.084668 0.827992 0.049439 0.010214
2 1 0.017171 0.065034 0.879000 0.032616 0.006178
2 2 0.007402 0.036988 0.936616 0.016905 0.002089
2 2 0.004739 0.025023 0.954670 0.014517 0.001051
2 2 0.006554 0.032424 0.943318 0.016119 0.001585
2 2 0.005644 0.026939 0.950806 0.015544 0.001068
2 2 0.010585 0.046423 0.917105 0.022695 0.003193
2 1 0.016841 0.061210 0.889944 0.026472 0.005533
2 1 0.015077 0.064472 0.886827 0.027300 0.006324
2 1 0.042335 0.100467 0.817201 0.023991 0.016006
2 1 0.057092 0.143558 0.742241 0.017976 0.039132
2 2 0.060160 0.158780 0.702049 0.032570 0.046441
2 1 0.046915 0.162553 0.702668 0.038227 0.049637
2 2 0.023362 0.102119 0.825129 0.032094 0.017296
2 1 0.015444 0.074059 0.877044 0.024596 0.008857
2 2 0.012338 0.058586 0.901222 0.022496 0.005359
2 2 0.015462 0.054187 0.892649 0.033618 0.004083
2 2 0.017926 0.064256 0.876803 0.035104 0.005911
2 2 0.016695 0.051696 0.888772 0.039291 0.003546
2 2 0.013122 0.043882 0.907742 0.032677 0.002578
2 2 0.053349 0.112567 0.784983 0.029081 0.020020
2 2 0.054624 0.150048 0.724587 0.029808 0.040933
2 0 0.023381 0.122394 0.800016 0.026560 0.027650
2 1 0.015759 0.117469 0.822443 0.015708 0.028622
2 2 0.012140 0.071557 0.889445 0.017988 0.008870
2 2 0.009468 0.058203 0.911078 0.015435 0.005816
2 2 0.008483 0.053059 0.918580 0.014919 0.004960
2 2 0.006274 0.043228 0.933184 0.013534 0.003779
2 2 0.005868 0.039963 0.934385 0.016025 0.003760
2 2 0.005229 0.034884 0.946198 0.011508 0.002182
2 2 0.004937 0.031489 0.950941 0.010988 0.001645
2 2 0.005843 0.036635 0.943188 0.012102 0.002233
2 2 0.007175 0.029894 0.938880 0.022645 0.001406
2 2 0.010186 0.043303 0.920452 0.023297 0.002761
2 2 0.008291 0.044213 0.927675 0.016721 0.003100
2 2 0.006642 0.046295 0.925969 0.016079 0.005015
2 4 0.024453 0.220578 0.640839 0.003667 0.110462
4 4 0.070273 0.180403 0.195161 0.003938 0.550226
4 4 0.080764 0.056108 0.059632 0.008934 0.794561
4 4 0.093568 0.029562 0.032419 0.003252 0.841199
4 4 0.125734 0.036165 0.030205 0.001831 0.806065
4 4 0.114484 0.062596 0.040218 0.002055 0.780647
4 4 0.138857 0.147327 0.086481 0.006596 0.620739
4 4 0.106701 0.262008 0.166288 0.004722 0.460282
4 4 0.193592 0.287721 0.133203 0.003663 0.381821
4 4 0.079385 0.285470 0.230387 0.002550 0.402209
4 4 0.080658 0.133467 0.113700 0.003834 0.668341
4 4 0.096898 0.075588 0.069522 0.009086 0.748905
4 4 0.140666 0.093405 0.068047 0.005857 0.692024
4 4 0.169909 0.158322 0.076607 0.003230 0.591933
4 4 0.126123 0.298443 0.203598 0.000882 0.370955
4 4 0.131651 0.157749 0.083666 0.001442 0.625492
4 4 0.298494 0.132667 0.072814 0.002498 0.493527
0 4 0.431383 0.137752 0.042168 0.000710 0.387986
0 4 0.425635 0.176043 0.056009 0.001266 0.341047
4 4 0.266348 0.244980 0.110149 0.001123 0.377401
4 4 0.088255 0.101131 0.050832 0.002232 0.757550
4 4 0.103716 0.076816 0.057070 0.004689 0.757710
4 4 0.213950 0.090642 0.041452 0.001205 0.652751
4 4 0.323833 0.174843 0.045272 0.000625 0.455427
4 4 0.275039 0.220566 0.053861 0.000530 0.450004
4 4 0.072547 0.291236 0.279387 0.000364 0.356466
4 4 0.116211 0.310144 0.182755 0.000433 0.390456
4 4 0.061037 0.332675 0.257076 0.000438 0.348774
4 4 0.073538 0.333937 0.244112 0.000711 0.347702
2 1 0.044677 0.309085 0.407074 0.000912 0.238251
2 1 0.042800 0.296430 0.443005 0.000982 0.216782
2 1 0.037651 0.234373 0.587909 0.001644 0.138423
2 0 0.063508 0.230411 0.556769 0.002518 0.146794
2 1 0.224040 0.220556 0.360258 0.007036 0.188110
2 0 0.261937 0.203278 0.391282 0.009745 0.133759
2 0 0.224809 0.205319 0.437549 0.016729 0.115593
2 1 0.132721 0.190091 0.578924 0.013158 0.085107
2 1 0.100150 0.209701 0.561159 0.011053 0.117937
2 1 0.057237 0.196612 0.632679 0.008133 0.105339
2 1 0.064727 0.223693 0.572387 0.008433 0.130760
2 1 0.068413 0.219784 0.573602 0.011742 0.126460
2 1 0.066307 0.211794 0.589713 0.014996 0.117190
2 1 0.059000 0.225791 0.575272 0.013376 0.126561
2 1 0.072509 0.243034 0.522967 0.011678 0.149812
2 1 0.060877 0.223915 0.576670 0.011866 0.126673
2 1 0.051575 0.200985 0.630209 0.014007 0.103223
2 1 0.042424 0.196367 0.648830 0.017591 0.094788
2 1 0.030259 0.185334 0.685281 0.017268 0.081858
2 1 0.051407 0.202356 0.627150 0.015461 0.103626
2 1 0.073934 0.214813 0.574068 0.014124 0.123061
2 1 0.101094 0.221891 0.524307 0.011814 0.140894
2 1 0.104459 0.218548 0.531757 0.012080 0.133156
2 1 0.118100 0.226995 0.490459 0.012885 0.151561
2 0 0.104549 0.230366 0.498726 0.019649 0.146711
2 1 0.066430 0.246031 0.524830 0.015335 0.147373
2 1 0.046651 0.270692 0.510168 0.010367 0.162123
2 1 0.034985 0.227596 0.606988 0.016961 0.113470
2 1 0.023041 0.174116 0.714270 0.017272 0.071301
2 1 0.015942 0.109788 0.833233 0.017167 0.023870
2 1 0.010092 0.067429 0.899677 0.014611 0.008192
2 2 0.007027 0.055782 0.920883 0.010441 0.005866
2 2 0.005923 0.050549 0.929637 0.008980 0.004911
2 2 0.006430 0.051129 0.927542 0.010007 0.004892
2 2 0.007231 0.053769 0.922412 0.011292 0.005296
2 2 0.006634 0.048263 0.929822 0.011091 0.004190
2 2 0.006668 0.054591 0.923183 0.009884 0.005674
2 2 0.005590 0.055707 0.924819 0.007489 0.006395
2 2 0.005328 0.059046 0.921504 0.006586 0.007536
2 2 0.004457 0.048645 0.935743 0.006160 0.004996
2 2 0.004701 0.042512 0.941671 0.007611 0.003505
2 2 0.005827 0.051298 0.929109 0.008640 0.005126
2 2 0.005039 0.042444 0.940682 0.008437 0.003397
2 2 0.003570 0.032007 0.955740 0.006738 0.001945
2 2 0.002596 0.025639 0.964679 0.005710 0.001376
2 2 0.015365 0.046655 0.896561 0.038581 0.002837
2 2 0.019046 0.054750 0.877485 0.044808 0.003911
2 0 0.025429 0.064256 0.862087 0.042744 0.005484
2 0 0.025228 0.086127 0.853307 0.023464 0.011874
2 1 0.024736 0.095065 0.843083 0.021884 0.015232
2 1 0.022360 0.097369 0.843266 0.020475 0.016529
2 1 0.012881 0.093526 0.861598 0.014907 0.017088
2 2 0.011594 0.073468 0.890752 0.014349 0.009837
2 2 0.014671 0.058161 0.901676 0.020282 0.005210
2 2 0.034329 0.088903 0.832609 0.032409 0.011750
2 1 0.055202 0.133619 0.738501 0.043692 0.028986
2 0 0.067828 0.180316 0.641409 0.048775 0.061672
2 1 0.053776 0.207587 0.605934 0.034167 0.098536
2 1 0.015570 0.111953 0.830885 0.016250 0.025341
2 2 0.006629 0.068203 0.907415 0.007834 0.009920
2 2 0.004003 0.040067 0.946318 0.006384 0.003228
2 2 0.003628 0.032698 0.954664 0.006930 0.002081
2 2 0.005238 0.040219 0.940171 0.011020 0.003352
2 2 0.006932 0.049751 0.927405 0.011472 0.004440
2 2 0.006890 0.041707 0.934616 0.013849 0.002938
2 2 0.006407 0.038992 0.939075 0.013015 0.002511
2 2 0.005039 0.031319 0.950652 0.011379 0.001611
2 2 0.004169 0.023143 0.955088 0.016481 0.001119
2 2 0.004991 0.027250 0.946155 0.019926 0.001678
2 2 0.004220 0.022562 0.944941 0.026739 0.001538
2 2 0.003796 0.024020 0.948706 0.021616 0.001862
2 2 0.003904 0.020139 0.941631 0.032880 0.001445
2 2 0.004033 0.019970 0.937681 0.036841 0.001475
2 2 0.004399 0.016766 0.914588 0.063066 0.001181
2 2 0.003545 0.012231 0.877122 0.106106 0.000996
2 2 0.004256 0.011695 0.762956 0.219662 0.001431
2 2 0.003951 0.012345 0.832737 0.149733 0.001234
2 2 0.006174 0.013309 0.711723 0.267256 0.001538
2 2 0.010843 0.017727 0.654729 0.314707 0.001994
2 2 0.011564 0.017112 0.611360 0.357997 0.001967
2 2 0.011144 0.015507 0.613684 0.358151 0.001513
2 2 0.010026 0.013095 0.516638 0.458604 0.001638
2 2 0.011678 0.020946 0.689666 0.275197 0.002513
2 2 0.009771 0.014155 0.492950 0.480682 0.002442
2 2 0.014520 0.025503 0.621385 0.334061 0.004531
3 2 0.007103 0.010252 0.442309 0.538472 0.001864
3 2 0.004561 0.005905 0.297530 0.690600 0.001404
3 2 0.002601 0.002604 0.143808 0.850147 0.000840
3 2 0.004045 0.004052 0.163986 0.826539 0.001378
3 2 0.004991 0.004750 0.165271 0.823379 0.001609
3 2 0.006172 0.006566 0.216178 0.769002 0.002082
3 2 0.003757 0.003732 0.155229 0.835981 0.001301
3 3 0.005933 0.006721 0.223804 0.761282 0.002259
3 2 0.006616 0.007691 0.230068 0.752843 0.002782
3 2 0.005701 0.006011 0.179609 0.806264 0.002415
3 2 0.007618 0.007328 0.184071 0.798254 0.002729
3 2 0.010445 0.009936 0.197372 0.778391 0.003856
3 2 0.003287 0.003071 0.103105 0.888906 0.001629
3 3 0.003343 0.003022 0.099808 0.892245 0.001582
3 3 0.002813 0.002592 0.081628 0.911233 0.001734
3 2 0.003237 0.002458 0.058841 0.933574 0.001890
3 3 0.002704 0.001995 0.053285 0.940516 0.001499
3 3 0.003134 0.002249 0.057667 0.935410 0.001540
3 3 0.002989 0.002071 0.061346 0.932429 0.001165
3 3 0.002447 0.001590 0.052273 0.942816 0.000874
3 3 0.002867 0.002342 0.061039 0.931884 0.001867
3 3 0.003006 0.002559 0.072905 0.919765 0.001765
3 3 0.002331 0.002084 0.069894 0.924218 0.001472
3 3 0.002767 0.002459 0.074181 0.918859 0.001734
3 3 0.002520 0.002091 0.066735 0.927253 0.001401
3 3 0.002104 0.001536 0.048257 0.946980 0.001124
3 3 0.001975 0.001392 0.044791 0.950828 0.001014
3 3 0.001533 0.001061 0.038944 0.957677 0.000784
3 3 0.001998 0.001352 0.046031 0.949749 0.000870
3 3 0.002452 0.001754 0.060786 0.934052 0.000956
3 3 0.002778 0.002245 0.080030 0.913801 0.001146
3 3 0.003139 0.002498 0.072595 0.920236 0.001532
3 3 0.004024 0.003079 0.071851 0.919013 0.002033
3 3 0.002154 0.001628 0.047116 0.947752 0.001351
3 3 0.001709 0.001229 0.041413 0.954685 0.000964
3 3 0.001473 0.001065 0.038177 0.958412 0.000873
3 3 0.001149 0.000775 0.033184 0.964315 0.000577
3 3 0.001010 0.000697 0.030931 0.966801 0.000561
3 3 0.001942 0.001422 0.044451 0.951057 0.001128
3 3 0.001410 0.001171 0.037516 0.958599 0.001303
3 3 0.001626 0.001263 0.040447 0.955481 0.001183
3 3 0.001359 0.001044 0.036621 0.959986 0.000991
3 3 0.001864 0.001339 0.043432 0.952337 0.001028
3 3 0.002341 0.001717 0.049244 0.945384 0.001314
3 3 0.002335 0.001722 0.049183 0.945426 0.001334
3 3 0.002336 0.001892 0.049414 0.944565 0.001793
3 3 0.001675 0.001541 0.056265 0.939202 0.001317
3 3 0.001659 0.001465 0.050631 0.944918 0.001327
3 3 0.001884 0.001566 0.055062 0.940305 0.001182
3 3 0.001888 0.001537 0.043990 0.951046 0.001540
3 3 0.003768 0.002984 0.064004 0.926817 0.002427
3 3 0.003478 0.002743 0.061275 0.930254 0.002251
3 3 0.003246 0.002473 0.058936 0.933433 0.001913
3 3 0.003306 0.002555 0.059561 0.932547 0.002032
3 3 0.004118 0.003341 0.067220 0.922512 0.002809
3 3 0.002660 0.002272 0.053162 0.939560 0.002346
3 3 0.001826 0.001493 0.043207 0.951953 0.001521
3 3 0.001443 0.001213 0.038018 0.957948 0.001378
3 3 0.000926 0.000733 0.029677 0.967857 0.000807
3 3 0.000984 0.000763 0.030662 0.966799 0.000792
3 3 0.001106 0.000832 0.032661 0.964610 0.000791
3 3 0.002123 0.001571 0.046697 0.948360 0.001250
3 3 0.001954 0.001402 0.044567 0.951015 0.001062
3 3 0.003256 0.002933 0.081449 0.910325 0.002037
3 3 0.003470 0.003195 0.081702 0.909226 0.002406
3 3 0.002756 0.002272 0.054115 0.938701 0.002156
3 3 0.002373 0.002051 0.049980 0.943370 0.002227
3 3 0.001958 0.001557 0.044829 0.950182 0.001474
3 3 0.002083 0.001591 0.046288 0.948676 0.001361
3 3 0.004090 0.003112 0.066785 0.923729 0.002284
3 3 0.003111 0.002475 0.057707 0.934586 0.002121
3 3 0.003143 0.002434 0.057957 0.934502 0.001965
3 3 0.001972 0.001406 0.046220 0.949400 0.001002
3 3 0.001395 0.000935 0.036924 0.960087 0.000658
3 3 0.001635 0.001081 0.043515 0.953133 0.000636
3 2 0.003622 0.002826 0.124089 0.868662 0.000801
2 1 0.014727 0.015991 0.519620 0.448044 0.001619
2 1 0.031852 0.037726 0.735472 0.192745 0.002205
2 1 0.038884 0.054842 0.782609 0.120377 0.003289
2 1 0.039202 0.063333 0.797357 0.095464 0.004644
2 1 0.054475 0.094656 0.794052 0.044380 0.012436
2 1 0.033189 0.116296 0.784615 0.044154 0.021746
2 1 0.028421 0.106942 0.805921 0.040442 0.018275
2 1 0.018082 0.086781 0.856377 0.026279 0.012481
2 2 0.013165 0.068933 0.889060 0.021001 0.007841
2 2 0.012838 0.067412 0.891556 0.020709 0.007485
2 0 0.012479 0.054462 0.904019 0.024583 0.004456
2 1 0.012783 0.063358 0.895536 0.021899 0.006424
2 2 0.008913 0.050545 0.920076 0.016271 0.004195
2 1 0.010283 0.044404 0.919680 0.022740 0.002893
2 1 0.013726 0.061340 0.894094 0.025062 0.005779
2 1 0.010860 0.058971 0.905878 0.018585 0.005707
2 1 0.011328 0.075100 0.887802 0.015494 0.010277
2 2 0.014179 0.096567 0.856546 0.014431 0.018277
2 1 0.011917 0.072963 0.888572 0.017171 0.009378
2 1 0.013599 0.081931 0.874033 0.018479 0.011957
2 1 0.008845 0.060633 0.910491 0.013424 0.006607
2 2 0.006255 0.041415 0.937546 0.011845 0.002939
2 2 0.004628 0.037849 0.946528 0.008345 0.002649
2 2 0.005182 0.043138 0.939534 0.008649 0.003497
2 2 0.008485 0.048906 0.923349 0.015306 0.003953
2 1 0.011388 0.053327 0.910440 0.020425 0.004421
2 1 0.015816 0.073755 0.876177 0.025558 0.008693
2 2 0.033013 0.098964 0.824478 0.027961 0.015584
2 1 0.034990 0.114128 0.804927 0.023544 0.022411
2 1 0.034551 0.111381 0.801488 0.032343 0.020237
2 1 0.046600 0.135477 0.750066 0.036640 0.031218
2 1 0.079089 0.164753 0.678808 0.025494 0.051856
2 1 0.058816 0.143635 0.739494 0.019444 0.038612
2 1 0.070339 0.182929 0.652954 0.023317 0.070462
2 1 0.027212 0.114051 0.811925 0.023698 0.023114
2 1 0.024655 0.131995 0.790983 0.016964 0.035403
2 1 0.041542 0.120233 0.797177 0.014119 0.026930
2 1 0.037208 0.091433 0.841466 0.016150 0.013743
2 1 0.054312 0.112018 0.790611 0.022606 0.020454
2 0 0.056343 0.132617 0.754753 0.025916 0.030371
2 1 0.036991 0.154456 0.734515 0.027350 0.046688
2 1 0.026767 0.179697 0.698419 0.018872 0.076245
2 1 0.026012 0.200956 0.667146 0.016341 0.089544
2 1 0.029434 0.207145 0.649533 0.018851 0.095037
2 1 0.025733 0.180741 0.697963 0.019351 0.076212
2 1 0.026964 0.156015 0.746899 0.015846 0.054277
2 1 0.094150 0.143603 0.696701 0.030558 0.034988
2 1 0.149092 0.155737 0.574617 0.080992 0.039562
2 0 0.084002 0.234532 0.538864 0.063703 0.078900
2 1 0.048597 0.276338 0.502094 0.022996 0.149974
2 1 0.067575 0.274954 0.465513 0.010649 0.181309
2 1 0.066711 0.292754 0.427613 0.008837 0.204086
2 1 0.050175 0.265696 0.511927 0.016438 0.155764
2 1 0.030450 0.219033 0.628841 0.017515 0.104162
2 1 0.042967 0.199611 0.643070 0.017661 0.096692
2 1 0.044328 0.179700 0.684514 0.019272 0.072186
2 1 0.068203 0.216261 0.576494 0.018820 0.120223
2 1 0.060896 0.212406 0.593360 0.019345 0.113993
2 1 0.052885 0.206935 0.614299 0.019465 0.106416
2 1 0.035751 0.188153 0.673109 0.016443 0.086545
2 1 0.034134 0.188294 0.673311 0.019044 0.085217
2 1 0.039753 0.183884 0.678933 0.019726 0.077704
2 0 0.030527 0.129710 0.782828 0.026059 0.030876
2 0 0.081432 0.157515 0.676297 0.041651 0.043104
2 0 0.212945 0.217979 0.380751 0.005509 0.182817
0 1 0.321954 0.207226 0.255371 0.007918 0.207532
0 1 0.432034 0.180987 0.164300 0.009259 0.213420
0 1 0.415305 0.186941 0.171591 0.011241 0.214921
0 1 0.385830 0.196602 0.187126 0.014276 0.216167
0 1 0.413176 0.188092 0.170850 0.012368 0.215515
0 1 0.404995 0.190391 0.176815 0.012294 0.215505
0 1 0.375032 0.198563 0.199218 0.012291 0.214896
2 1 0.280063 0.220338 0.281101 0.012963 0.205535
0 1 0.335270 0.206246 0.238417 0.009600 0.210467
0 1 0.374759 0.204691 0.234534 0.017236 0.168779
0 0 0.305540 0.266122 0.230543 0.022805 0.174991
2 0 0.086966 0.317381 0.328479 0.010819 0.256354
2 1 0.070448 0.249508 0.501153 0.031275 0.147616
2 1 0.180213 0.179098 0.553595 0.014850 0.072245
2 0 0.177099 0.149974 0.608520 0.023118 0.041289
2 0 0.281308 0.103675 0.559737 0.038816 0.016464
2 0 0.382332 0.088920 0.473457 0.042569 0.012722
0 0 0.740719 0.056112 0.168715 0.022817 0.011637
0 0 0.891613 0.030525 0.064012 0.004749 0.009101
0 0 0.910600 0.025000 0.053775 0.003471 0.007154
0 0 0.921478 0.023083 0.045587 0.002525 0.007328
0 0 0.911369 0.025553 0.052004 0.003227 0.007847
0 0 0.850644 0.038279 0.091792 0.009539 0.009747
0 0 0.871399 0.033390 0.079415 0.007262 0.008534
0 0 0.845125 0.039048 0.095772 0.010380 0.009675
0 0 0.835438 0.042726 0.099446 0.011035 0.011355
0 0 0.881103 0.036493 0.064104 0.004595 0.013705
0 0 0.822181 0.056329 0.088354 0.008233 0.024903
0 0 0.821606 0.054264 0.093545 0.009317 0.021268
0 0 0.779780 0.057849 0.127925 0.017797 0.016649
0 0 0.752527 0.056847 0.153808 0.023897 0.012922
0 0 0.953466 0.013638 0.027782 0.001045 0.004069
0 0 0.984458 0.005432 0.007451 0.000093 0.002565
0 0 0.988652 0.004199 0.003704 0.000025 0.003420
0 0 0.979070 0.007683 0.007621 0.000090 0.005537
0 0 0.911335 0.024906 0.053171 0.003395 0.007193
0 0 0.834462 0.047588 0.092708 0.009348 0.015894
0 0 0.586908 0.103675 0.257739 0.017533 0.034146
0 0 0.395507 0.155518 0.365455 0.017745 0.065775
2 0 0.386849 0.149654 0.389597 0.015637 0.058263
0 0 0.512046 0.104743 0.336639 0.019044 0.027528
0 0 0.545908 0.082652 0.329695 0.026337 0.015407
0 0 0.821047 0.039453 0.116173 0.015549 0.007778
0 0 0.870816 0.031994 0.081937 0.007816 0.007437
0 0 0.903039 0.025168 0.061106 0.004500 0.006187
0 0 0.942116 0.017044 0.034084 0.001500 0.005256
0 0 0.957174 0.013535 0.023634 0.000756 0.004901
0 0 0.968033 0.011021 0.015357 0.000334 0.005255
0 0 0.958487 0.013147 0.022877 0.000713 0.004776
0 0 0.970073 0.010130 0.015020 0.000326 0.004452
0 0 0.962840 0.011264 0.021647 0.000662 0.003587
0 0 0.968382 0.008626 0.020265 0.000618 0.002110
0 0 0.962041 0.009903 0.024916 0.000905 0.002235
0 0 0.921185 0.019078 0.052278 0.003480 0.003979
0 0 0.894542 0.028620 0.064179 0.004839 0.007820
0 0 0.836461 0.039936 0.102353 0.011876 0.009374
0 0 0.830056 0.038657 0.109517 0.013780 0.007990
0 0 0.877025 0.026730 0.083056 0.008354 0.004834
0 0 0.870489 0.026852 0.088608 0.009547 0.004504
0 0 0.771216 0.072886 0.108903 0.012287 0.034709
0 0 0.755260 0.071332 0.130290 0.016321 0.026797
0 0 0.804346 0.053642 0.113558 0.011734 0.016720
0 0 0.896570 0.027984 0.063164 0.004706 0.007576
0 0 0.963399 0.011625 0.020195 0.000571 0.004210
0 0 0.990906 0.003255 0.004118 0.000032 0.001689
0 0 0.993316 0.002481 0.002586 0.000014 0.001604
0 0 0.985528 0.005189 0.006436 0.000070 0.002777
0 0 0.978370 0.007217 0.011290 0.000200 0.002923
0 0 0.925956 0.018773 0.048067 0.002944 0.004260
0 0 0.935126 0.018217 0.039583 0.001999 0.005075
0 0 0.870279 0.037369 0.074132 0.006161 0.012059
0 0 0.868146 0.037017 0.076914 0.006658 0.011265
0 0 0.896579 0.029530 0.060581 0.004273 0.009037
0 0 0.886025 0.032249 0.066813 0.005126 0.009787
0 0 0.925382 0.021786 0.043722 0.002349 0.006761
0 0 0.961096 0.013454 0.018343 0.000456 0.006651
0 0 0.975092 0.008868 0.011016 0.000181 0.004843
0 0 0.976062 0.008707 0.007148 0.000077 0.008005
0 0 0.976106 0.008237 0.005267 0.000042 0.010348
0 0 0.954453 0.016279 0.018830 0.000460 0.009978
0 0 0.934537 0.021223 0.034112 0.001431 0.008697
0 0 0.959191 0.012900 0.022559 0.000697 0.004654
0 0 0.963331 0.011422 0.020731 0.000605 0.003911
0 0 0.979080 0.006749 0.011517 0.000211 0.002443
0 0 0.987554 0.004088 0.006772 0.000082 0.001504
0 0 0.988564 0.003578 0.006642 0.000082 0.001135
0 0 0.969194 0.008765 0.019140 0.000548 0.002352
0 0 0.951140 0.014311 0.029128 0.001137 0.004284
0 0 0.911436 0.026833 0.049497 0.002889 0.009344
0 0 0.928599 0.019994 0.043450 0.002364 0.005593
0 0 0.956513 0.013465 0.024595 0.000821 0.004607
0 0 0.928454 0.022486 0.038773 0.001830 0.008457
0 0 0.955072 0.014064 0.025045 0.000843 0.004977
0 0 0.978382 0.007399 0.010743 0.000180 0.003295
0 0 0.983653 0.005877 0.007143 0.000084 0.003243
0 0 0.985175 0.005469 0.004916 0.000041 0.004399
0 0 0.945826 0.019297 0.015102 0.000286 0.019489
0 0 0.905886 0.033444 0.027996 0.000882 0.031792
0 0 0.830735 0.059368 0.062152 0.003998 0.043747
0 0 0.884596 0.039679 0.050506 0.002789 0.022429
0 0 0.882143 0.037192 0.061349 0.004186 0.015130
0 0 0.916321 0.029960 0.030528 0.001068 0.022124
0 0 0.928847 0.025558 0.026118 0.000806 0.018672
0 0 0.898851 0.036111 0.035599 0.001405 0.028035
0 0 0.873996 0.042087 0.059009 0.003782 0.021125
0 0 0.851173 0.048152 0.072904 0.005687 0.022084
0 0 0.809533 0.063917 0.083589 0.007225 0.035736
0 0 0.547385 0.129902 0.242311 0.021639 0.058763
2 1 0.264447 0.204658 0.385078 0.034257 0.111560
2 1 0.236576 0.215467 0.388765 0.029405 0.129786
2 0 0.165268 0.178597 0.570015 0.016422 0.069698
2 0 0.215854 0.151108 0.567756 0.021366 0.043917
2 0 0.319234 0.097230 0.542086 0.026096 0.015353
0 0 0.549139 0.072710 0.343777 0.023039 0.011336
0 0 0.486564 0.068483 0.406633 0.030047 0.008272
2 0 0.380715 0.078327 0.497311 0.034170 0.009476
0 0 0.549844 0.074060 0.339926 0.024340 0.011829
0 0 0.678518 0.052483 0.241345 0.020218 0.007436
0 0 0.845537 0.037341 0.097692 0.010916 0.008514
2 1 0.100778 0.231279 0.500255 0.022444 0.145244
2 1 0.173032 0.238218 0.385454 0.022256 0.181040
2 1 0.178107 0.222855 0.438050 0.017063 0.143925
2 1 0.269501 0.188173 0.429990 0.024473 0.087862
0 1 0.426237 0.165658 0.294181 0.030023 0.083901
0 0 0.504810 0.149960 0.235160 0.029788 0.080281
0 1 0.391977 0.158674 0.360665 0.020651 0.068033
0 0 0.600491 0.099640 0.248807 0.019495 0.031568
0 0 0.757251 0.066618 0.141901 0.011860 0.022370
0 0 0.867334 0.043252 0.064882 0.004565 0.019967
0 0 0.910461 0.031223 0.038418 0.001680 0.018218
0 0 0.931868 0.024101 0.028372 0.000962 0.014697
0 0 0.939916 0.020723 0.027726 0.000948 0.010687
0 0 0.925032 0.025047 0.036706 0.001601 0.011614
0 0 0.946352 0.017645 0.020511 0.000568 0.014925
0 0 0.946121 0.015483 0.020878 0.000654 0.016865
0 0 0.966909 0.012073 0.011311 0.000178 0.009529
0 0 0.966492 0.012191 0.012552 0.000218 0.008547
0 0 0.956060 0.015836 0.017283 0.000390 0.010431
0 0 0.932593 0.024060 0.026671 0.000850 0.015826
0 0 0.939661 0.021604 0.023766 0.000690 0.014280
0 0 0.909451 0.031957 0.036718 0.001527 0.020347
0 0 0.863490 0.048095 0.051513 0.002815 0.034087
0 0 0.848018 0.051147 0.068384 0.004944 0.027507
0 0 0.934266 0.019933 0.037340 0.001741 0.006719
0 0 0.899303 0.026571 0.062652 0.004680 0.006793
0 0 0.924879 0.020766 0.046045 0.002637 0.005673
0 0 0.908223 0.024897 0.056376 0.003826 0.006678
0 0 0.953425 0.014627 0.025817 0.000888 0.005243
0 0 0.963533 0.012103 0.018826 0.000492 0.005046
0 0 0.943003 0.018693 0.029378 0.001089 0.007837
0 0 0.931986 0.021056 0.037669 0.001751 0.007539
0 0 0.893076 0.032466 0.058851 0.003950 0.011657
0 0 0.913044 0.031093 0.031916 0.001159 0.022788
0 0 0.924994 0.025732 0.034511 0.001406 0.013356
0 0 0.939697 0.020886 0.027489 0.000930 0.010999
0 0 0.957597 0.014782 0.019444 0.000501 0.007675
0 0 0.962003 0.013064 0.018209 0.000452 0.006273
0 0 0.971833 0.009207 0.015066 0.000336 0.003559
0 0 0.924790 0.022076 0.043832 0.002354 0.006948
0 0 0.877403 0.028688 0.080304 0.007672 0.005934
0 0 0.908612 0.029485 0.046951 0.002545 0.012406
0 0 0.880205 0.031970 0.073081 0.006173 0.008571
0 0 0.876419 0.035925 0.070318 0.005570 0.011768
0 0 0.908794 0.026984 0.052150 0.003208 0.008864
0 0 0.860359 0.037070 0.084445 0.008073 0.010052
0 0 0.893089 0.032883 0.057973 0.003821 0.012234
0 0 0.872032 0.040794 0.065168 0.004654 0.017352
0 0 0.881773 0.038018 0.059820 0.003960 0.016428
0 0 0.797125 0.062724 0.103573 0.009845 0.026733
0 0 0.732702 0.070299 0.159818 0.015404 0.021776
0 0 0.731425 0.071200 0.158790 0.016227 0.022357
0 0 0.816962 0.045116 0.112711 0.014209 0.011002
0 0 0.794715 0.044900 0.137027 0.014238 0.009121
0 0 0.862616 0.034355 0.086248 0.008565 0.008216
0 0 0.876969 0.032243 0.075795 0.006643 0.008350
0 0 0.819468 0.048870 0.105134 0.012096 0.014432
0 0 0.858061 0.043023 0.076478 0.006396 0.016042
0 0 0.789710 0.061516 0.112807 0.013510 0.022456
0 0 0.843709 0.037393 0.099244 0.011279 0.008374
0 0 0.816274 0.049576 0.107038 0.012528 0.014585
0 0 0.787350 0.063249 0.111986 0.013252 0.024163
0 0 0.631301 0.109009 0.194323 0.014980 0.050389
2 0 0.393921 0.106276 0.453665 0.024539 0.021599
0 0 0.452893 0.103978 0.402427 0.016781 0.023920
0 0 0.809144 0.051137 0.111278 0.013521 0.014921
