0 0 0.653048 0.094314 0.022475 0.003375 0.226788
0 0 0.648342 0.093090 0.020923 0.002852 0.234792
0 0 0.472727 0.156180 0.044834 0.002567 0.323691
1 0 0.237685 0.308551 0.196450 0.004173 0.253141
2 0 0.104604 0.295510 0.339559 0.010279 0.250048
2 1 0.100067 0.284220 0.351848 0.013373 0.250492
2 1 0.100434 0.265180 0.338576 0.018565 0.277244
4 1 0.117675 0.254860 0.265431 0.015162 0.346872
4 1 0.113091 0.177358 0.135843 0.017696 0.556011
4 1 0.105353 0.160444 0.114047 0.017433 0.602723
4 1 0.149859 0.223467 0.136182 0.005781 0.484711
2 1 0.144408 0.284256 0.287172 0.012467 0.271697
0 1 0.290814 0.257519 0.264615 0.027291 0.159760
2 1 0.240628 0.134917 0.349147 0.196804 0.078504
3 2 0.164122 0.091783 0.250701 0.363086 0.130309
3 2 0.012288 0.012078 0.119163 0.840526 0.015946
3 2 0.011423 0.009041 0.099012 0.869921 0.010604
3 2 0.005327 0.005364 0.095785 0.886013 0.007511
3 2 0.049732 0.031986 0.232556 0.641336 0.044390
3 2 0.102368 0.069452 0.274977 0.443302 0.109901
2 2 0.253826 0.197872 0.325169 0.070025 0.153108
4 2 0.178215 0.252865 0.218035 0.014450 0.336436
2 4 0.129294 0.312391 0.371576 0.010517 0.176223
2 4 0.192270 0.283889 0.372045 0.023632 0.128164
2 4 0.153982 0.290767 0.313381 0.014017 0.227853
2 4 0.069303 0.196621 0.552469 0.046635 0.134972
2 4 0.017390 0.082366 0.665771 0.165766 0.068706
2 1 0.022990 0.126804 0.655454 0.093716 0.101037
2 1 0.028364 0.146472 0.560194 0.116065 0.148905
2 1 0.061494 0.155998 0.508844 0.098244 0.175421
3 1 0.011828 0.008707 0.160741 0.808874 0.009849
3 1 0.017247 0.013588 0.236191 0.717493 0.015481
3 1 0.029159 0.025473 0.427479 0.502738 0.015152
3 1 0.011616 0.011493 0.249680 0.716421 0.010790
3 1 0.085808 0.069987 0.353022 0.403345 0.087838
2 1 0.034900 0.074646 0.374071 0.328418 0.187964
4 1 0.097109 0.187710 0.246893 0.040996 0.427292
4 4 0.122320 0.196743 0.164067 0.017653 0.499217
4 4 0.130193 0.236648 0.209034 0.013031 0.411094
4 4 0.111945 0.259926 0.271113 0.014626 0.342390
4 4 0.121983 0.291934 0.275605 0.007922 0.302555
4 4 0.107175 0.281251 0.282980 0.010769 0.317825
2 4 0.099084 0.281133 0.351367 0.013498 0.254918
2 4 0.074056 0.185323 0.518576 0.048510 0.173534
2 4 0.021409 0.094613 0.745197 0.076882 0.061899
2 4 0.013450 0.098048 0.827742 0.033433 0.027327
2 4 0.019052 0.149323 0.753655 0.032068 0.045903
2 4 0.014626 0.109767 0.816638 0.026778 0.032190
2 2 0.013123 0.071195 0.839175 0.051408 0.025099
2 2 0.014570 0.074857 0.808421 0.070637 0.031516
2 2 0.009683 0.077963 0.860798 0.029331 0.022225
2 2 0.006043 0.068921 0.875134 0.033224 0.016678
2 2 0.006100 0.074736 0.880669 0.024230 0.014265
2 2 0.006373 0.077007 0.866665 0.032384 0.017571
2 2 0.012864 0.127342 0.814113 0.020407 0.025273
2 2 0.010947 0.107773 0.835115 0.023089 0.023077
2 2 0.008395 0.084237 0.862429 0.025844 0.019095
2 2 0.002582 0.034622 0.915916 0.038415 0.008465
2 2 0.001380 0.019420 0.925422 0.048304 0.005474
2 2 0.001774 0.019775 0.920074 0.051587 0.006790
2 2 0.000595 0.009628 0.845780 0.139015 0.004982
2 2 0.000333 0.006085 0.759867 0.229606 0.004109
2 2 0.000443 0.007796 0.784096 0.202762 0.004902
2 2 0.000465 0.007521 0.873172 0.115882 0.002960
2 2 0.000702 0.007986 0.845382 0.142968 0.002962
2 2 0.000733 0.007418 0.792620 0.196053 0.003175
2 2 0.001265 0.009125 0.673101 0.311028 0.005481
2 2 0.001776 0.009337 0.607238 0.376281 0.005368
2 2 0.002123 0.011122 0.651043 0.330072 0.005639
2 2 0.001542 0.009113 0.634550 0.351066 0.003729
2 2 0.003192 0.013618 0.546235 0.429210 0.007745
3 2 0.001839 0.007505 0.424198 0.561508 0.004950
3 3 0.001536 0.004379 0.258438 0.731688 0.003959
3 3 0.000694 0.001894 0.135328 0.859398 0.002686
3 3 0.000835 0.001935 0.108610 0.885459 0.003160
3 3 0.000984 0.002625 0.147517 0.845000 0.003873
3 3 0.001179 0.002246 0.106356 0.886519 0.003700
3 3 0.000523 0.001079 0.067413 0.928584 0.002402
3 3 0.000249 0.000679 0.056452 0.940869 0.001750
3 3 0.000536 0.000999 0.064079 0.932274 0.002112
3 3 0.000619 0.000865 0.052762 0.944214 0.001539
3 3 0.001197 0.001403 0.071483 0.923574 0.002343
3 3 0.000673 0.000887 0.059279 0.937577 0.001583
3 3 0.000735 0.000943 0.060098 0.936571 0.001653
3 3 0.000572 0.000811 0.063287 0.933805 0.001525
3 3 0.001039 0.001240 0.064277 0.931384 0.002060
3 3 0.002141 0.002134 0.074561 0.918018 0.003147
3 3 0.002282 0.002251 0.085435 0.906617 0.003414
3 3 0.001646 0.001704 0.084003 0.909908 0.002739
3 3 0.001304 0.001897 0.121507 0.873319 0.001973
3 3 0.000531 0.000681 0.050786 0.946813 0.001189
3 3 0.000473 0.000628 0.050129 0.947645 0.001125
3 3 0.000524 0.000729 0.047241 0.950221 0.001285
3 3 0.000521 0.000679 0.042447 0.955218 0.001135
3 3 0.001201 0.001249 0.057293 0.938381 0.001877
3 3 0.000776 0.000876 0.049398 0.947571 0.001380
3 3 0.001161 0.001044 0.045070 0.951323 0.001401
3 3 0.000743 0.000667 0.038681 0.958997 0.000912
3 3 0.001750 0.001114 0.046121 0.949749 0.001266
3 3 0.001908 0.001250 0.054168 0.941188 0.001486
3 3 0.005732 0.003045 0.097175 0.890615 0.003434
3 3 0.005735 0.003678 0.138273 0.847401 0.004913
3 3 0.002621 0.003773 0.250749 0.738121 0.004737
3 3 0.072391 0.037866 0.355992 0.509669 0.024082
2 3 0.014110 0.023367 0.779000 0.178962 0.004562
2 3 0.034107 0.045105 0.704417 0.206021 0.010350
2 3 0.028282 0.039629 0.750716 0.175595 0.005778
2 3 0.023922 0.045840 0.804303 0.119992 0.005943
2 3 0.003055 0.017955 0.654352 0.314526 0.010112
3 3 0.001724 0.008752 0.471083 0.512419 0.006022
3 3 0.001812 0.006449 0.315227 0.671116 0.005396
3 3 0.001058 0.002819 0.194834 0.798268 0.003020
3 3 0.000573 0.001583 0.123654 0.871618 0.002573
3 3 0.000477 0.001515 0.135487 0.860532 0.001988
3 3 0.001130 0.002758 0.172610 0.820756 0.002746
3 3 0.000767 0.001560 0.097512 0.897811 0.002350
3 3 0.001027 0.001731 0.105012 0.889170 0.003060
3 3 0.000711 0.001406 0.102693 0.893156 0.002035
3 3 0.000996 0.002838 0.191000 0.802024 0.003142
3 3 0.001090 0.003534 0.224166 0.767306 0.003905
3 3 0.000667 0.000798 0.089024 0.908307 0.001204
3 3 0.001156 0.001041 0.085245 0.911355 0.001203
3 3 0.001734 0.002727 0.176554 0.816804 0.002181
3 3 0.002051 0.006483 0.380984 0.607166 0.003316
3 3 0.002388 0.010474 0.371447 0.608160 0.007532
3 3 0.001233 0.006180 0.291220 0.694842 0.006524
3 3 0.001151 0.003442 0.162077 0.828348 0.004982
3 3 0.000968 0.003068 0.186087 0.806381 0.003495
3 3 0.001683 0.004346 0.196750 0.792286 0.004936
3 3 0.001654 0.003916 0.227705 0.763264 0.003461
3 3 0.004123 0.005820 0.320305 0.667422 0.002330
3 3 0.022153 0.018696 0.407372 0.543974 0.007805
2 3 0.066175 0.053558 0.549739 0.314210 0.016317
2 3 0.163489 0.091136 0.499146 0.223469 0.022759
2 3 0.138164 0.138796 0.589125 0.105409 0.028505
2 3 0.022856 0.111287 0.676666 0.121387 0.067804
2 3 0.008264 0.060909 0.758793 0.135719 0.036315
2 3 0.008543 0.058052 0.684793 0.187842 0.060771
2 3 0.003999 0.033705 0.729549 0.203371 0.029376
2 3 0.002181 0.019242 0.606716 0.353538 0.018324
2 3 0.001649 0.015066 0.575125 0.395556 0.012603
2 3 0.000893 0.009799 0.555103 0.424967 0.009239
2 3 0.000679 0.007626 0.508318 0.475661 0.007716
2 3 0.000802 0.009243 0.630619 0.352961 0.006374
2 3 0.000949 0.008909 0.645995 0.339605 0.004543
2 3 0.000813 0.006729 0.533367 0.453916 0.005175
2 3 0.001164 0.008464 0.552014 0.431950 0.006407
3 3 0.001157 0.007761 0.361788 0.617815 0.011478
3 3 0.002066 0.010988 0.353795 0.619283 0.013868
3 3 0.002542 0.009728 0.259976 0.712532 0.015223
2 3 0.019241 0.057648 0.682571 0.217157 0.023383
2 3 0.013355 0.034446 0.488156 0.443059 0.020984
3 3 0.020568 0.041569 0.437411 0.476595 0.023857
3 3 0.025832 0.055443 0.374742 0.490801 0.053182
3 3 0.027126 0.068901 0.383436 0.444076 0.076462
2 3 0.017405 0.061058 0.452463 0.393145 0.075928
2 2 0.008616 0.055804 0.658334 0.233207 0.044040
2 2 0.005729 0.056642 0.803063 0.104990 0.029576
2 2 0.005674 0.060585 0.830411 0.077631 0.025699
2 2 0.003309 0.035537 0.832343 0.113512 0.015298
2 2 0.002102 0.022903 0.835631 0.132128 0.007237
2 2 0.002178 0.031850 0.873395 0.082596 0.009981
2 2 0.001962 0.026889 0.865783 0.095554 0.009812
2 2 0.017932 0.049783 0.761683 0.157968 0.012634
2 2 0.098748 0.085081 0.589952 0.200777 0.025442
2 0 0.215922 0.150196 0.450168 0.122637 0.061076
0 0 0.698875 0.130837 0.082883 0.022326 0.065079
0 0 0.910531 0.041136 0.012835 0.007045 0.028453
0 0 0.900107 0.039911 0.013112 0.011015 0.035856
0 0 0.947294 0.022844 0.004386 0.002618 0.022857
0 0 0.968957 0.013784 0.001713 0.000802 0.014744
0 0 0.976036 0.009716 0.000712 0.000188 0.013348
0 0 0.973011 0.010325 0.000698 0.000150 0.015816
0 0 0.940621 0.022674 0.002830 0.000795 0.033080
0 0 0.958119 0.021784 0.004286 0.001911 0.013899
0 0 0.901728 0.059213 0.014859 0.001423 0.022777
0 0 0.602562 0.141373 0.034713 0.001698 0.219654
0 1 0.334052 0.296013 0.150120 0.002864 0.216950
0 1 0.412864 0.271382 0.161847 0.005644 0.148263
0 0 0.638799 0.193801 0.108015 0.005445 0.053941
1 0 0.308753 0.328379 0.165022 0.001878 0.195968
1 0 0.131975 0.364287 0.314372 0.002822 0.186543
1 0 0.250363 0.335580 0.210162 0.002969 0.200925
0 0 0.460883 0.244415 0.109221 0.003414 0.182067
0 0 0.419298 0.223563 0.103406 0.005229 0.248505
0 0 0.424285 0.182977 0.083461 0.008399 0.300878
0 0 0.456978 0.132290 0.043113 0.005595 0.362024
4 1 0.182858 0.142205 0.055760 0.004501 0.614675
4 1 0.115380 0.260592 0.278127 0.014806 0.331096
2 1 0.096343 0.272084 0.360034 0.017426 0.254114
2 1 0.077943 0.267838 0.438780 0.021207 0.194232
2 1 0.037611 0.219053 0.612807 0.035759 0.094770
2 2 0.033760 0.207186 0.604447 0.050025 0.104583
2 2 0.015812 0.121638 0.742425 0.063152 0.056973
2 2 0.006624 0.063555 0.839197 0.064708 0.025917
2 2 0.007172 0.063128 0.863594 0.044345 0.021761
2 2 0.011119 0.080130 0.765148 0.093517 0.050086
2 2 0.012308 0.095866 0.761801 0.079045 0.050980
2 2 0.016862 0.118322 0.673285 0.107717 0.083815
2 2 0.015456 0.107159 0.704711 0.100177 0.072497
2 2 0.006203 0.061447 0.804020 0.096808 0.031522
2 2 0.004417 0.054314 0.854627 0.067403 0.019239
2 2 0.005826 0.066705 0.856869 0.050041 0.020560
2 2 0.009989 0.090944 0.775334 0.080089 0.043643
2 2 0.005730 0.057994 0.720206 0.172946 0.043123
2 2 0.004004 0.045604 0.677466 0.233900 0.039026
2 2 0.003805 0.046442 0.782660 0.140598 0.026495
2 2 0.003571 0.045306 0.832051 0.098980 0.020091
2 2 0.003461 0.041285 0.836711 0.099311 0.019232
2 2 0.002105 0.030410 0.841151 0.112656 0.013678
2 2 0.008304 0.081005 0.814900 0.063660 0.032131
2 2 0.011424 0.096724 0.772848 0.080771 0.038233
2 2 0.038788 0.214958 0.632464 0.044077 0.069713
2 2 0.105410 0.272731 0.441444 0.031779 0.148635
2 2 0.038449 0.153749 0.607041 0.102710 0.098052
2 2 0.009881 0.055646 0.681864 0.205132 0.047477
2 2 0.003278 0.025086 0.765709 0.190545 0.015382
2 2 0.002452 0.016435 0.717511 0.255853 0.007749
2 2 0.002621 0.021333 0.832020 0.136824 0.007202
2 2 0.007235 0.040279 0.795168 0.143256 0.014062
2 2 0.004274 0.040005 0.852399 0.088047 0.015275
2 2 0.006154 0.061092 0.805512 0.096091 0.031151
2 2 0.004045 0.051313 0.821989 0.099893 0.022760
2 2 0.003636 0.045650 0.792413 0.133591 0.024710
2 2 0.002803 0.039465 0.839021 0.101997 0.016715
2 2 0.002565 0.028173 0.765128 0.184435 0.019699
2 2 0.001965 0.016283 0.615978 0.352265 0.013508
3 2 0.002377 0.008862 0.318545 0.657745 0.012471
3 2 0.006872 0.016383 0.361105 0.599695 0.015945
2 2 0.015530 0.031950 0.476569 0.450810 0.025141
2 2 0.016686 0.033396 0.481881 0.452883 0.015154
2 2 0.011107 0.049689 0.716883 0.206643 0.015679
2 2 0.006533 0.040266 0.664808 0.264701 0.023691
2 2 0.002372 0.022478 0.636816 0.318437 0.019897
2 2 0.002366 0.018757 0.537861 0.420312 0.020704
3 2 0.001531 0.013751 0.465101 0.500876 0.018741
2 2 0.001664 0.017643 0.603480 0.359875 0.017338
2 2 0.000892 0.010435 0.603716 0.375723 0.009234
3 2 0.000719 0.005279 0.457067 0.531936 0.004998
2 2 0.000640 0.005052 0.517854 0.471961 0.004493
3 2 0.000984 0.004651 0.309292 0.680170 0.004902
2 2 0.002319 0.015076 0.622143 0.349703 0.010758
2 2 0.004293 0.035113 0.739689 0.201190 0.019714
2 2 0.005438 0.060388 0.821484 0.087681 0.025009
2 2 0.016251 0.102525 0.708307 0.118245 0.054673
2 2 0.005907 0.030783 0.557179 0.375966 0.030165
3 2 0.002047 0.011839 0.367194 0.597850 0.021070
3 2 0.002462 0.012451 0.348730 0.612777 0.023579
2 2 0.002381 0.019807 0.601371 0.352457 0.023984
2 2 0.005662 0.044518 0.661675 0.237964 0.050182
2 2 0.005977 0.044499 0.761986 0.159154 0.028384
2 2 0.003190 0.025354 0.709206 0.243239 0.019011
2 2 0.002556 0.017779 0.629515 0.333755 0.016394
3 2 0.000910 0.006804 0.435793 0.548774 0.007720
2 2 0.000642 0.010535 0.657881 0.321243 0.009699
2 2 0.001510 0.021393 0.715509 0.244736 0.016852
2 2 0.005506 0.052346 0.729557 0.171987 0.040604
2 2 0.007046 0.051066 0.724915 0.176748 0.040224
2 2 0.007058 0.042743 0.704684 0.212795 0.032720
2 2 0.007453 0.042229 0.672646 0.236896 0.040777
2 2 0.005448 0.038138 0.617856 0.298275 0.040284
2 2 0.003204 0.029619 0.632574 0.303874 0.030729
3 2 0.001937 0.015251 0.428734 0.530319 0.023759
3 2 0.001238 0.009512 0.327876 0.641257 0.020117
3 2 0.001016 0.011477 0.462387 0.504455 0.020665
2 2 0.003554 0.024716 0.491170 0.436284 0.044276
2 2 0.010137 0.067310 0.727736 0.137568 0.057249
2 2 0.022099 0.119313 0.664014 0.100964 0.093609
2 2 0.016741 0.095842 0.618333 0.175354 0.093731
2 2 0.027307 0.165072 0.659697 0.065106 0.082817
2 2 0.008541 0.062250 0.729467 0.147486 0.052256
2 2 0.004786 0.038165 0.646230 0.265854 0.044965
2 2 0.010496 0.047184 0.526928 0.350659 0.064734
2 2 0.035725 0.053637 0.465676 0.392223 0.052739
2 2 0.124887 0.130136 0.513951 0.132037 0.098989
0 2 0.438440 0.203569 0.148435 0.023335 0.186221
0 2 0.661107 0.134394 0.064652 0.013966 0.125881
0 2 0.312977 0.282269 0.244907 0.013192 0.146655
0 2 0.365771 0.273593 0.239377 0.013437 0.107821
0 2 0.366600 0.266339 0.228985 0.015058 0.123018
2 2 0.245648 0.302578 0.319555 0.013347 0.118872
0 2 0.347312 0.264275 0.238454 0.015395 0.134564
0 2 0.565134 0.171684 0.093670 0.014416 0.155096
0 0 0.631859 0.121485 0.049749 0.012450 0.184457
0 0 0.690289 0.140237 0.060507 0.007595 0.101372
1 0 0.237893 0.339118 0.306278 0.005623 0.111087
1 0 0.185805 0.364668 0.326340 0.003539 0.119648
2 0 0.062524 0.332155 0.507215 0.004018 0.094088
2 1 0.050030 0.282704 0.572193 0.009229 0.085843
2 1 0.025138 0.186265 0.694908 0.032533 0.061157
2 0 0.011363 0.099956 0.717379 0.110630 0.060673
2 0 0.013983 0.131542 0.696802 0.090337 0.067336
2 0 0.020621 0.189929 0.686178 0.041389 0.061882
2 0 0.059918 0.296391 0.526795 0.008936 0.107960
2 0 0.061508 0.323160 0.514131 0.004856 0.096345
1 0 0.265473 0.310264 0.203650 0.004693 0.215921
1 0 0.274379 0.320390 0.246416 0.005916 0.152899
1 0 0.241852 0.328039 0.248196 0.005090 0.176823
2 0 0.180121 0.335931 0.345615 0.006976 0.131356
2 0 0.090120 0.316359 0.481484 0.008398 0.103639
2 0 0.106383 0.324930 0.458353 0.007853 0.102481
2 0 0.146155 0.329773 0.426745 0.008069 0.089259
2 1 0.106752 0.339299 0.462318 0.005472 0.086159
2 0 0.093509 0.310259 0.534721 0.007516 0.053996
2 0 0.051494 0.259962 0.639795 0.010099 0.038650
2 0 0.015349 0.141148 0.796233 0.018966 0.028305
2 0 0.016900 0.130935 0.810393 0.019973 0.021800
2 1 0.025938 0.164232 0.716487 0.033028 0.060315
2 1 0.089230 0.280199 0.461924 0.019250 0.149397
2 1 0.052625 0.263668 0.569936 0.016268 0.097504
2 1 0.049385 0.271887 0.576811 0.011949 0.089969
2 1 0.048054 0.209137 0.518030 0.054792 0.169987
2 1 0.026932 0.132042 0.510137 0.161244 0.169645
2 1 0.036292 0.196266 0.541807 0.078401 0.147235
2 1 0.041295 0.220083 0.566732 0.045958 0.125933
2 1 0.021912 0.187978 0.702898 0.032111 0.055101
2 1 0.019007 0.175333 0.749343 0.019901 0.036417
2 2 0.019804 0.172225 0.743558 0.023393 0.041019
2 2 0.009272 0.103213 0.817483 0.041367 0.028665
2 2 0.007483 0.083685 0.838140 0.045947 0.024745
2 2 0.006730 0.065937 0.813968 0.086426 0.026939
2 2 0.004611 0.056739 0.839725 0.077145 0.021780
2 2 0.010020 0.095394 0.769228 0.080759 0.044599
2 2 0.010317 0.090730 0.788393 0.069676 0.040885
2 2 0.013259 0.095195 0.764748 0.078172 0.048626
2 2 0.006014 0.055733 0.772017 0.133754 0.032481
2 2 0.004272 0.038851 0.752701 0.186022 0.018155
2 2 0.003022 0.033939 0.822178 0.129903 0.010958
2 2 0.003295 0.036094 0.842087 0.106361 0.012162
2 2 0.003019 0.037005 0.797260 0.145345 0.017371
2 2 0.026183 0.151927 0.733792 0.050460 0.037638
2 2 0.027138 0.144906 0.709419 0.071295 0.047242
2 2 0.045557 0.244027 0.621338 0.018867 0.070211
2 2 0.037349 0.231885 0.638203 0.020415 0.072148
2 2 0.021686 0.158690 0.731508 0.034427 0.053690
2 2 0.008825 0.071389 0.708729 0.153798 0.057258
2 2 0.003061 0.033439 0.731340 0.205086 0.027074
2 2 0.002974 0.032692 0.757035 0.182948 0.024351
2 2 0.003622 0.041191 0.779291 0.149995 0.025900
2 2 0.003519 0.038688 0.739810 0.188761 0.029222
2 2 0.003467 0.031736 0.705029 0.235362 0.024406
2 2 0.002722 0.020596 0.513161 0.437027 0.026494
2 2 0.001587 0.016755 0.537469 0.421132 0.023057
3 2 0.001065 0.012669 0.446663 0.519572 0.020030
2 2 0.001920 0.015297 0.509899 0.455317 0.017566
3 2 0.001983 0.008411 0.293244 0.683787 0.012576
3 2 0.001527 0.008202 0.434331 0.546739 0.009201
3 2 0.001664 0.008540 0.489151 0.492875 0.007770
3 2 0.001395 0.007816 0.434772 0.546943 0.009074
3 2 0.001126 0.006750 0.421881 0.562248 0.007994
3 2 0.000982 0.008301 0.432634 0.545972 0.012110
3 2 0.000765 0.009013 0.458143 0.518743 0.013336
2 2 0.000585 0.009229 0.584694 0.394999 0.010493
2 2 0.000821 0.009630 0.507256 0.469781 0.012513
3 2 0.000779 0.008625 0.473086 0.505818 0.011692
3 2 0.000989 0.008321 0.447301 0.534104 0.009285
3 2 0.000777 0.005334 0.368259 0.619109 0.006522
3 2 0.000581 0.003762 0.350608 0.641682 0.003367
3 2 0.001579 0.010029 0.481179 0.499960 0.007253
2 2 0.003732 0.020582 0.643163 0.325311 0.007213
3 2 0.000818 0.005188 0.320368 0.665953 0.007674
3 2 0.000528 0.002602 0.210087 0.783105 0.003679
3 2 0.000446 0.001400 0.111409 0.884204 0.002541
3 2 0.000306 0.000856 0.062303 0.934311 0.002223
3 2 0.000191 0.000574 0.050131 0.947572 0.001533
3 2 0.000254 0.000627 0.046952 0.950689 0.001478
3 2 0.000304 0.000648 0.049604 0.948004 0.001440
3 2 0.000285 0.000554 0.046607 0.951370 0.001184
3 3 0.000649 0.000882 0.051895 0.945037 0.001536
3 3 0.000749 0.001110 0.058632 0.937491 0.002018
3 3 0.001339 0.001663 0.072386 0.921816 0.002795
3 3 0.001110 0.001449 0.076738 0.918115 0.002588
3 3 0.000885 0.001078 0.060057 0.936248 0.001732
3 3 0.000770 0.001155 0.056384 0.939613 0.002078
3 3 0.000624 0.001120 0.053849 0.942233 0.002173
3 3 0.000958 0.001604 0.072575 0.921740 0.003123
3 3 0.000461 0.000751 0.045641 0.951743 0.001404
3 3 0.000206 0.000468 0.042996 0.955253 0.001077
3 3 0.000067 0.000174 0.027576 0.971749 0.000434
3 3 0.000069 0.000166 0.026873 0.972494 0.000397
3 3 0.000093 0.000167 0.025310 0.974088 0.000341
3 3 0.000395 0.000401 0.034621 0.963978 0.000605
3 3 0.000407 0.000431 0.031263 0.967261 0.000638
3 3 0.000249 0.000368 0.031923 0.966803 0.000656
3 3 0.000482 0.000615 0.038734 0.959163 0.001006
3 3 0.000457 0.000704 0.043292 0.954274 0.001273
3 3 0.001250 0.001304 0.055443 0.940072 0.001931
3 3 0.001684 0.001511 0.055487 0.939277 0.002041
3 3 0.001500 0.001323 0.049336 0.946097 0.001745
3 3 0.001344 0.001273 0.049530 0.946104 0.001750
3 3 0.001699 0.001584 0.058187 0.936336 0.002194
3 3 0.001367 0.001148 0.043066 0.952966 0.001452
3 3 0.001049 0.000784 0.036326 0.960899 0.000942
3 3 0.001797 0.001290 0.047516 0.947864 0.001533
3 3 0.001753 0.001281 0.055206 0.940154 0.001606
3 3 0.002723 0.001774 0.073026 0.920292 0.002184
3 3 0.008666 0.009113 0.279864 0.696607 0.005750
2 3 0.024061 0.052370 0.717099 0.194037 0.012433
2 3 0.045522 0.131926 0.743451 0.057182 0.021919
2 3 0.063150 0.240493 0.643128 0.018901 0.034327
2 2 0.041159 0.239416 0.647275 0.016368 0.055782
2 2 0.025598 0.185696 0.715024 0.027526 0.046156
2 2 0.045375 0.251494 0.585193 0.019670 0.098268
2 2 0.022693 0.190503 0.655345 0.053410 0.078048
2 2 0.017355 0.182544 0.708865 0.039188 0.052048
2 2 0.027858 0.197431 0.619546 0.057885 0.097280
2 2 0.032255 0.189784 0.539757 0.091139 0.147065
4 2 0.068194 0.158321 0.207096 0.079092 0.487296
4 4 0.096904 0.166638 0.160679 0.035837 0.539943
4 4 0.089457 0.166753 0.179234 0.046504 0.518051
4 4 0.096651 0.173045 0.197266 0.048427 0.484611
4 4 0.103873 0.239799 0.267905 0.021677 0.366746
2 4 0.062034 0.251420 0.462728 0.031199 0.192618
2 4 0.064536 0.261662 0.468352 0.024829 0.180621
2 4 0.072735 0.232566 0.360261 0.040852 0.293586
2 4 0.065267 0.208580 0.358680 0.064666 0.302807
2 4 0.048020 0.175296 0.417724 0.099460 0.259500
2 4 0.059633 0.195127 0.368283 0.076924 0.300033
2 4 0.043507 0.194079 0.452305 0.095013 0.215096
2 4 0.040278 0.189301 0.483760 0.096338 0.190322
4 4 0.132093 0.145301 0.071105 0.006729 0.644773
4 4 0.122912 0.143153 0.071461 0.007419 0.655054
4 4 0.132241 0.179885 0.125210 0.012847 0.549818
4 4 0.124017 0.168035 0.119389 0.015487 0.573071
4 4 0.121594 0.151258 0.087366 0.010413 0.629370
4 4 0.102318 0.143863 0.084499 0.012205 0.657114
4 4 0.111412 0.141103 0.073580 0.008785 0.665121
4 4 0.105705 0.149950 0.095341 0.014243 0.634761
4 4 0.114456 0.160040 0.113625 0.017074 0.594805
4 4 0.113290 0.201505 0.181870 0.020793 0.482543
4 4 0.107214 0.208476 0.200121 0.022620 0.461569
4 4 0.095798 0.158724 0.128210 0.025229 0.592039
4 4 0.150008 0.213146 0.137339 0.007329 0.492178
4 4 0.204750 0.253262 0.169814 0.007808 0.364366
4 0 0.230489 0.273040 0.205928 0.009869 0.280673
0 1 0.337417 0.315141 0.220643 0.004779 0.122020
2 1 0.153852 0.345188 0.415328 0.005608 0.080024
2 1 0.034594 0.238796 0.653356 0.013886 0.059368
2 1 0.037906 0.234463 0.628886 0.021202 0.077544
2 1 0.141691 0.290005 0.418254 0.016824 0.133225
2 0 0.260068 0.241569 0.287302 0.031689 0.179372
0 0 0.423200 0.197095 0.110557 0.013391 0.255758
4 1 0.340530 0.193680 0.104626 0.011641 0.349523
4 1 0.093122 0.202697 0.202662 0.027328 0.474191
4 1 0.086809 0.205777 0.254230 0.040702 0.412481
4 4 0.086843 0.164701 0.174558 0.046342 0.527556
2 4 0.072805 0.225773 0.348022 0.044908 0.308492
4 4 0.094190 0.223586 0.257120 0.028588 0.396516
4 4 0.113889 0.259890 0.282928 0.015496 0.327797
2 4 0.087771 0.224621 0.388108 0.028240 0.271259
4 4 0.209697 0.246877 0.205443 0.016303 0.321680
2 4 0.114396 0.316067 0.448862 0.010161 0.110514
2 4 0.091314 0.312602 0.555957 0.005193 0.034934
2 4 0.153339 0.321894 0.471676 0.007290 0.045800
2 0 0.066484 0.324130 0.526115 0.004789 0.078482
2 1 0.064524 0.336061 0.520400 0.003502 0.075513
2 1 0.105072 0.351358 0.424571 0.004347 0.114652
2 1 0.118326 0.367775 0.390343 0.003200 0.120355
1 1 0.126561 0.347661 0.340504 0.004363 0.180911
2 1 0.166823 0.354032 0.362007 0.004764 0.112374
1 1 0.242495 0.339171 0.296737 0.005400 0.116197
2 1 0.144462 0.313926 0.481104 0.009111 0.051397
2 0 0.172651 0.313607 0.467515 0.008115 0.038112
2 1 0.220832 0.305881 0.413277 0.011157 0.048853
2 1 0.105494 0.218799 0.591316 0.027190 0.057201
2 1 0.155233 0.272951 0.447199 0.024278 0.100339
2 1 0.057500 0.248825 0.545661 0.032758 0.115255
2 1 0.048252 0.262432 0.570630 0.016536 0.102151
2 1 0.036026 0.223363 0.589399 0.039500 0.111712
2 1 0.039743 0.233365 0.566484 0.035796 0.124612
2 1 0.039145 0.235528 0.573648 0.032969 0.118711
2 1 0.054324 0.272377 0.553450 0.013936 0.105914
2 1 0.049510 0.268068 0.576496 0.013270 0.092656
2 1 0.044671 0.262878 0.600120 0.012459 0.079872
2 1 0.052756 0.242609 0.515992 0.034011 0.154632
2 1 0.056988 0.234494 0.497641 0.041028 0.169850
2 1 0.094481 0.265992 0.363817 0.019875 0.255835
2 1 0.090194 0.257052 0.421716 0.021311 0.209728
4 1 0.160558 0.246313 0.229313 0.017368 0.346448
4 1 0.169219 0.233186 0.206920 0.018560 0.372115
1 1 0.219424 0.278951 0.274231 0.017283 0.210112
2 1 0.199341 0.290401 0.308931 0.016347 0.184979
2 0 0.191188 0.321074 0.361150 0.010086 0.116501
1 0 0.263671 0.333543 0.252133 0.004677 0.145976
2 0 0.063963 0.328279 0.508121 0.004504 0.095133
2 0 0.067993 0.339052 0.508279 0.003580 0.081097
2 0 0.064176 0.315216 0.537780 0.005580 0.077247
2 0 0.051821 0.267341 0.603209 0.012102 0.065527
2 1 0.047127 0.254912 0.597090 0.017379 0.083491
2 1 0.022515 0.183516 0.709343 0.030572 0.054054
2 1 0.028358 0.216883 0.692389 0.014746 0.047624
2 1 0.021117 0.178854 0.747574 0.016755 0.035701
2 1 0.028993 0.162867 0.745275 0.028508 0.034357
2 1 0.021011 0.135834 0.786394 0.028286 0.028475
2 1 0.028628 0.188008 0.704873 0.022604 0.055887
2 1 0.021925 0.156968 0.740482 0.038401 0.042225
2 1 0.027469 0.202793 0.702806 0.021618 0.045314
2 1 0.011724 0.122753 0.804450 0.031067 0.030006
2 1 0.020821 0.121090 0.792050 0.042720 0.023320
2 1 0.030686 0.113048 0.778796 0.058706 0.018763
2 0 0.095518 0.219406 0.616138 0.031497 0.037441
2 1 0.102661 0.242243 0.591467 0.025523 0.038105
2 1 0.143610 0.270228 0.516860 0.022989 0.046313
2 1 0.037294 0.192389 0.711015 0.025407 0.033894
2 1 0.082976 0.258335 0.592821 0.019942 0.045927
2 2 0.059489 0.241168 0.644103 0.018971 0.036269
2 2 0.077131 0.268279 0.598100 0.013967 0.042523
2 2 0.048120 0.230726 0.668674 0.018742 0.033738
2 2 0.046296 0.211490 0.679079 0.030742 0.032394
2 2 0.039762 0.205453 0.691635 0.030943 0.032207
2 2 0.050620 0.173435 0.734029 0.025122 0.016793
2 2 0.071299 0.170378 0.714687 0.028559 0.015077
2 2 0.132151 0.221436 0.588024 0.030148 0.028241
2 2 0.079522 0.163986 0.691991 0.046113 0.018388
2 2 0.014383 0.059467 0.775559 0.136512 0.014080
2 2 0.014038 0.057359 0.823650 0.093752 0.011202
2 2 0.013087 0.053556 0.843152 0.079912 0.010294
2 2 0.016388 0.076162 0.842602 0.049896 0.014953
2 2 0.016306 0.079600 0.824480 0.061191 0.018423
2 2 0.004786 0.048972 0.895831 0.040017 0.010393
2 2 0.005686 0.046471 0.857895 0.078858 0.011090
2 2 0.002808 0.029122 0.898868 0.064061 0.005141
2 2 0.004059 0.040930 0.874978 0.071428 0.008606
2 2 0.004189 0.038996 0.850077 0.096176 0.010563
2 2 0.003937 0.032785 0.829413 0.123861 0.010004
2 2 0.004724 0.029698 0.793174 0.163324 0.009081
2 2 0.007450 0.029679 0.757900 0.197638 0.007332
2 2 0.018186 0.055797 0.754805 0.158227 0.012986
2 2 0.016097 0.061643 0.752729 0.153692 0.015839
2 2 0.016846 0.072434 0.741187 0.146335 0.023198
2 2 0.010256 0.060712 0.760691 0.143697 0.024644
2 2 0.007855 0.051063 0.743016 0.175464 0.022602
2 2 0.011323 0.057935 0.737817 0.169573 0.023352
2 2 0.006954 0.032407 0.710728 0.235738 0.014173
2 2 0.006798 0.024279 0.675368 0.285529 0.008026
2 2 0.004389 0.019374 0.656606 0.312216 0.007414
2 2 0.007198 0.030726 0.670880 0.276692 0.014503
2 2 0.008580 0.034395 0.674510 0.267968 0.014547
2 2 0.006311 0.027758 0.608592 0.343778 0.013560
2 2 0.006500 0.030967 0.651501 0.296581 0.014451
2 2 0.010130 0.038274 0.675741 0.260604 0.015251
2 2 0.008691 0.025962 0.592834 0.361069 0.011444
2 2 0.008557 0.027458 0.634780 0.317306 0.011899
2 2 0.010027 0.037272 0.684547 0.254174 0.013979
2 2 0.006593 0.030803 0.708414 0.240857 0.013333
2 2 0.007075 0.019483 0.586186 0.380740 0.006517
2 2 0.091387 0.053461 0.475490 0.366676 0.012987
2 2 0.174732 0.115707 0.413408 0.228019 0.068134
0 2 0.379234 0.253130 0.217584 0.018399 0.131653
0 2 0.464886 0.208371 0.129030 0.014588 0.183124
1 0 0.213696 0.304100 0.271160 0.009737 0.201307
2 0 0.104479 0.301293 0.342393 0.009275 0.242560
2 0 0.107976 0.300560 0.329051 0.008951 0.253463
2 0 0.080833 0.289055 0.434456 0.013664 0.181992
2 0 0.066086 0.263605 0.493891 0.021730 0.154688
2 2 0.070179 0.263731 0.473793 0.022496 0.169801
2 2 0.053221 0.238274 0.510363 0.037646 0.160496
2 2 0.024269 0.148024 0.723898 0.040326 0.063484
2 2 0.012118 0.087814 0.826655 0.040737 0.032676
2 2 0.015572 0.097631 0.801511 0.043464 0.041821
2 2 0.018144 0.124530 0.777617 0.035372 0.044336
2 2 0.015584 0.124198 0.774078 0.042013 0.044126
2 2 0.014122 0.110700 0.793620 0.041910 0.039648
2 2 0.010547 0.085993 0.801909 0.063105 0.038446
2 2 0.005333 0.047638 0.728546 0.178729 0.039754
2 2 0.005584 0.051380 0.763025 0.146536 0.033475
2 2 0.008946 0.061464 0.767297 0.135241 0.027052
2 2 0.014232 0.102701 0.775816 0.073858 0.033392
2 2 0.015003 0.123579 0.791378 0.037506 0.032535
2 2 0.014050 0.111053 0.815469 0.033229 0.026199
2 2 0.009827 0.093793 0.823873 0.042858 0.029650
2 2 0.005154 0.064972 0.855302 0.054771 0.019802
2 2 0.005349 0.062338 0.840807 0.068494 0.023013
2 2 0.002387 0.028466 0.825441 0.127803 0.015903
2 2 0.001595 0.017913 0.738800 0.225890 0.015802
2 2 0.001208 0.014112 0.748692 0.223762 0.012226
2 2 0.000963 0.013019 0.745150 0.230391 0.010477
2 2 0.001381 0.017190 0.748338 0.219225 0.013867
2 2 0.001146 0.014765 0.770031 0.202930 0.011128
2 2 0.002777 0.026671 0.763610 0.184741 0.022202
2 2 0.002464 0.022311 0.733414 0.224551 0.017260
2 2 0.002828 0.018758 0.592621 0.366199 0.019594
2 2 0.002398 0.014547 0.534069 0.432787 0.016198
2 2 0.001652 0.011893 0.522297 0.450548 0.013611
2 2 0.001703 0.017373 0.610747 0.349640 0.020537
2 2 0.001323 0.014473 0.561795 0.401516 0.020892
3 2 0.000718 0.007640 0.388826 0.587630 0.015186
3 2 0.000732 0.008468 0.469782 0.507127 0.013892
2 2 0.000576 0.007900 0.503020 0.476994 0.011510
2 2 0.001098 0.016114 0.727846 0.242410 0.012532
2 2 0.000953 0.011115 0.719572 0.261304 0.007057
2 2 0.000953 0.009595 0.728643 0.255059 0.005749
2 2 0.001460 0.013095 0.733519 0.241343 0.010582
2 2 0.000794 0.009217 0.650524 0.328408 0.011058
2 2 0.000770 0.009297 0.616560 0.361614 0.011759
2 2 0.000782 0.008539 0.518847 0.457382 0.014450
3 2 0.000571 0.006405 0.457995 0.522532 0.012497
3 3 0.000622 0.007296 0.468402 0.510361 0.013319
2 3 0.000807 0.008656 0.545038 0.433384 0.012116
2 3 0.000971 0.007970 0.492328 0.485946 0.012786
3 3 0.000980 0.007357 0.326245 0.642727 0.022691
3 3 0.000551 0.004051 0.243978 0.738406 0.013014
3 3 0.000575 0.003912 0.262006 0.724481 0.009025
2 3 0.001092 0.009473 0.533430 0.444893 0.011112
2 3 0.003459 0.031818 0.719897 0.214745 0.030081
2 3 0.016506 0.125323 0.700272 0.085705 0.072194
2 3 0.042883 0.248249 0.586201 0.021737 0.100929
2 3 0.060164 0.299617 0.525285 0.008310 0.106624
2 3 0.046198 0.254618 0.592846 0.016655 0.089683
2 2 0.032055 0.185785 0.654245 0.042067 0.085848
2 2 0.026111 0.141391 0.645434 0.083274 0.103789
2 2 0.040274 0.199354 0.581243 0.054392 0.124738
2 2 0.040097 0.220531 0.600868 0.037290 0.101214
2 2 0.028490 0.209379 0.667222 0.029233 0.065676
2 2 0.028799 0.213095 0.680352 0.021882 0.055871
2 2 0.028433 0.220256 0.688818 0.015031 0.047462
2 2 0.040524 0.253184 0.621494 0.013218 0.071580
2 2 0.045173 0.253332 0.598037 0.016515 0.086943
2 2 0.059181 0.263882 0.528432 0.019378 0.129128
2 2 0.039921 0.239893 0.624994 0.018644 0.076549
2 2 0.021790 0.172711 0.727043 0.028725 0.049731
2 2 0.009200 0.090144 0.842946 0.033528 0.024182
2 2 0.007695 0.072347 0.847724 0.047516 0.024718
2 2 0.006126 0.065182 0.864523 0.044459 0.019710
2 2 0.008195 0.087826 0.847491 0.034113 0.022375
2 2 0.004367 0.057637 0.878514 0.044397 0.015085
2 2 0.004736 0.048779 0.835494 0.087880 0.023111
2 2 0.002666 0.027405 0.829950 0.123359 0.016620
2 2 0.002325 0.025110 0.832247 0.125364 0.014954
2 2 0.001997 0.026056 0.872763 0.088284 0.010900
2 2 0.008648 0.076572 0.755843 0.112338 0.046599
2 2 0.014925 0.116736 0.738374 0.071576 0.058389
2 2 0.043100 0.224006 0.575321 0.038024 0.119549
2 2 0.056854 0.255628 0.522235 0.024528 0.140755
2 2 0.146260 0.325073 0.333991 0.007495 0.187180
0 2 0.572997 0.211135 0.118453 0.006882 0.090534
0 2 0.766273 0.087853 0.025344 0.004954 0.115577
0 0 0.754207 0.076423 0.018489 0.004038 0.146843
0 0 0.599283 0.108164 0.030365 0.004879 0.257308
0 0 0.462494 0.114356 0.025972 0.002114 0.395064
4 0 0.220147 0.228151 0.118682 0.004830 0.428189
4 0 0.124409 0.259636 0.246561 0.011858 0.357536
4 0 0.101742 0.159122 0.124143 0.022687 0.592307
4 1 0.094312 0.154632 0.119190 0.023348 0.608519
4 4 0.089905 0.144286 0.095781 0.017482 0.652546
4 4 0.103536 0.141437 0.078822 0.010749 0.665457
4 4 0.353871 0.181880 0.080248 0.007070 0.376930
0 0 0.384887 0.181576 0.070864 0.004925 0.357748
0 0 0.360985 0.311550 0.204783 0.004182 0.118500
0 0 0.377109 0.284405 0.207105 0.007814 0.123566
1 1 0.210427 0.334348 0.309424 0.006488 0.139312
4 1 0.102910 0.206643 0.204519 0.024942 0.460986
4 2 0.085071 0.150763 0.119489 0.026560 0.618117
4 4 0.089619 0.143194 0.093439 0.016866 0.656882
4 4 0.111706 0.136375 0.065429 0.007229 0.679262
4 4 0.140296 0.143301 0.076808 0.006487 0.633107
4 4 0.179901 0.149408 0.067630 0.006940 0.596122
4 4 0.121540 0.128490 0.050413 0.004245 0.695312
4 4 0.086474 0.126838 0.063445 0.009389 0.713854
4 4 0.075309 0.136755 0.093003 0.020645 0.674288
4 4 0.111406 0.154808 0.102462 0.014981 0.616343
4 4 0.103420 0.154566 0.108939 0.018097 0.614977
4 4 0.097011 0.142890 0.086389 0.013499 0.660210
4 4 0.091799 0.151511 0.112922 0.022156 0.621612
4 4 0.112819 0.172540 0.126062 0.016420 0.572159
4 4 0.097173 0.161188 0.137395 0.028105 0.576139
4 4 0.086572 0.158336 0.144325 0.034883 0.575884
4 4 0.078045 0.140540 0.099341 0.021984 0.660091
4 4 0.088876 0.122582 0.055458 0.007280 0.725803
4 4 0.069303 0.109231 0.047178 0.007512 0.766777
4 4 0.083607 0.115811 0.048593 0.006300 0.745689
4 4 0.092263 0.135906 0.075760 0.011599 0.684472
4 4 0.091323 0.149938 0.108998 0.021081 0.628660
4 4 0.095886 0.166365 0.161455 0.036566 0.539727
4 4 0.109736 0.174691 0.155497 0.026534 0.533543
4 4 0.131571 0.219837 0.178774 0.014675 0.455143
1 4 0.184730 0.324333 0.287817 0.006706 0.196414
1 4 0.168495 0.334662 0.306421 0.005814 0.184608
1 0 0.125660 0.363515 0.331324 0.003023 0.176477
1 0 0.119371 0.334421 0.299833 0.004108 0.242266
4 0 0.151303 0.299297 0.193793 0.003177 0.352431
4 0 0.147293 0.302117 0.205398 0.003472 0.341720
4 0 0.156835 0.240888 0.145057 0.004667 0.452554
4 0 0.155777 0.229980 0.139092 0.005238 0.469912
2 0 0.058971 0.287458 0.531774 0.010861 0.110936
2 1 0.055643 0.278772 0.547256 0.012326 0.106004
2 1 0.044268 0.210338 0.615042 0.027190 0.103162
4 1 0.107307 0.224860 0.287491 0.024831 0.355510
4 2 0.106313 0.242958 0.296441 0.023573 0.330715
4 2 0.090266 0.158902 0.139860 0.031598 0.579374
4 2 0.109912 0.137963 0.087264 0.010455 0.654405
4 2 0.134520 0.138341 0.059463 0.004911 0.662765
4 4 0.121336 0.142970 0.071875 0.007610 0.656208
4 4 0.113091 0.149960 0.089973 0.011943 0.635034
4 4 0.122755 0.160058 0.106831 0.014196 0.596160
4 4 0.136176 0.169584 0.122738 0.015514 0.555988
4 4 0.134955 0.170423 0.126272 0.016403 0.551947
4 4 0.135757 0.169876 0.123947 0.015816 0.554605
4 4 0.144602 0.265252 0.191352 0.005897 0.392897
4 4 0.180323 0.302018 0.209693 0.004579 0.303386
1 0 0.182602 0.350543 0.251285 0.002911 0.212660
4 0 0.210828 0.272367 0.145251 0.003215 0.368339
2 1 0.106552 0.290078 0.329648 0.010997 0.262724
4 1 0.107180 0.248767 0.284224 0.019810 0.340018
4 1 0.113794 0.183867 0.150100 0.019463 0.532776
4 2 0.151835 0.221604 0.164679 0.010799 0.451082
4 2 0.248870 0.248407 0.147407 0.006729 0.348587
1 2 0.264999 0.306984 0.208493 0.005342 0.214182
0 0 0.323939 0.276643 0.153739 0.004696 0.240982
2 0 0.086212 0.348363 0.415937 0.003919 0.145570
4 0 0.121452 0.277680 0.245169 0.008510 0.347188
4 1 0.109107 0.240375 0.217937 0.014267 0.418313
4 1 0.129582 0.261134 0.206291 0.007949 0.395044
4 1 0.144053 0.211263 0.132685 0.007113 0.504886
4 1 0.136078 0.203426 0.136369 0.009260 0.514867
4 1 0.090384 0.156169 0.129631 0.028041 0.595776
4 1 0.083951 0.156345 0.141281 0.035032 0.583390
4 1 0.100745 0.163665 0.134436 0.024810 0.576344
4 1 0.122784 0.239210 0.234412 0.016046 0.387548
2 1 0.099117 0.269417 0.346886 0.017607 0.266973
2 1 0.058906 0.248011 0.503293 0.030564 0.159226
2 1 0.056155 0.251968 0.540027 0.024247 0.127603
2 1 0.047328 0.243462 0.582690 0.023832 0.102688
2 2 0.031961 0.198407 0.666048 0.031005 0.072580
2 2 0.028291 0.182507 0.698032 0.029220 0.061950
2 2 0.041738 0.222253 0.611975 0.030995 0.093039
2 2 0.048217 0.260111 0.582880 0.015583 0.093209
2 2 0.075800 0.325336 0.458110 0.005997 0.134758
2 2 0.092685 0.377642 0.399444 0.002194 0.128034
1 2 0.127314 0.384762 0.340394 0.002089 0.145441
1 2 0.148833 0.375743 0.311804 0.002437 0.161182
1 2 0.117589 0.401228 0.316068 0.001276 0.163839
1 0 0.144848 0.402165 0.291854 0.001280 0.159854
1 0 0.161486 0.422018 0.307492 0.000967 0.108038
1 0 0.103057 0.383407 0.368553 0.001999 0.142984
2 2 0.090377 0.366893 0.397979 0.002682 0.142068
2 2 0.080359 0.317215 0.440535 0.007455 0.154436
2 2 0.066873 0.294732 0.496667 0.010718 0.131010
2 2 0.057876 0.271079 0.536296 0.015811 0.118939
2 2 0.043440 0.250404 0.606868 0.016554 0.082734
2 2 0.030512 0.213518 0.662160 0.027201 0.066609
2 2 0.017540 0.131985 0.762315 0.040382 0.047778
2 2 0.009135 0.082021 0.848089 0.036227 0.024528
2 2 0.006880 0.065836 0.852257 0.051606 0.023421
2 2 0.035260 0.191391 0.658165 0.030485 0.084698
2 2 0.123243 0.290272 0.466443 0.017638 0.102403
1 0 0.275027 0.301357 0.288378 0.011670 0.123568
0 0 0.411947 0.307378 0.172684 0.002648 0.105343
0 0 0.401125 0.343262 0.166849 0.001052 0.087712
2 0 0.082958 0.379769 0.418968 0.001934 0.116370
2 2 0.017901 0.181264 0.764999 0.010188 0.025648
2 2 0.010796 0.099894 0.851354 0.022158 0.015798
2 2 0.013850 0.115059 0.832366 0.021935 0.016789
2 2 0.009029 0.092448 0.844594 0.036937 0.016992
2 2 0.007382 0.094324 0.854154 0.029373 0.014767
2 2 0.009355 0.118282 0.822496 0.030370 0.019496
2 2 0.006613 0.073397 0.870231 0.037648 0.012111
2 2 0.005350 0.058271 0.879848 0.046417 0.010114
2 2 0.006151 0.049709 0.851930 0.081349 0.010862
2 2 0.005730 0.044745 0.802302 0.132608 0.014615
2 2 0.009046 0.060455 0.791604 0.118600 0.020296
2 2 0.005098 0.037954 0.737555 0.202752 0.016640
2 2 0.003012 0.020951 0.668192 0.296608 0.011237
2 2 0.001476 0.010477 0.555725 0.425317 0.007005
3 2 0.001570 0.007296 0.388967 0.596389 0.005778
3 2 0.001588 0.006851 0.359655 0.626535 0.005371
3 3 0.002265 0.008452 0.329758 0.652591 0.006934
3 3 0.003739 0.010410 0.297758 0.679160 0.008933
3 3 0.005808 0.014167 0.348906 0.620369 0.010750
2 3 0.008651 0.020875 0.525271 0.435314 0.009889
2 3 0.004328 0.011551 0.496873 0.482188 0.005060
3 3 0.002840 0.008265 0.416283 0.568234 0.004377
3 3 0.001594 0.004221 0.279418 0.712128 0.002638
3 3 0.001047 0.002299 0.134717 0.859292 0.002645
3 3 0.001307 0.002197 0.120183 0.873489 0.002823
3 3 0.000699 0.001224 0.074398 0.921316 0.002363
3 3 0.000606 0.001185 0.080577 0.915705 0.001927
3 3 0.000564 0.001197 0.087991 0.908563 0.001684
3 3 0.000272 0.000630 0.065732 0.932368 0.000998
3 3 0.000356 0.000748 0.076079 0.921718 0.001099
3 3 0.001932 0.001807 0.071313 0.922335 0.002613
3 3 0.002017 0.001915 0.072329 0.920962 0.002777
3 3 0.001791 0.001967 0.067199 0.926062 0.002980
3 3 0.001172 0.001477 0.062128 0.932791 0.002432
3 3 0.000834 0.001372 0.072651 0.922432 0.002710
3 3 0.001002 0.001227 0.063669 0.932042 0.002060
3 3 0.000362 0.000587 0.050435 0.947445 0.001169
3 3 0.000435 0.000663 0.049697 0.947951 0.001254
3 3 0.000410 0.000687 0.044101 0.953497 0.001305
3 3 0.000457 0.000880 0.049722 0.947154 0.001787
3 3 0.000634 0.001080 0.051622 0.944635 0.002029
3 3 0.000636 0.000947 0.048405 0.948342 0.001670
3 3 0.000813 0.001070 0.048315 0.948053 0.001748
3 3 0.000862 0.001321 0.055838 0.939633 0.002347
3 3 0.001076 0.001400 0.064749 0.930389 0.002386
3 3 0.000371 0.000547 0.044828 0.953237 0.001017
3 3 0.000303 0.000438 0.037787 0.960681 0.000792
3 3 0.000236 0.000328 0.030058 0.968810 0.000568
3 3 0.000201 0.000318 0.033856 0.965015 0.000609
3 3 0.000306 0.000445 0.039178 0.959258 0.000813
3 3 0.000399 0.000569 0.043658 0.954348 0.001026
3 3 0.000640 0.000853 0.049273 0.947778 0.001456
3 3 0.000656 0.000811 0.042608 0.954636 0.001290
3 3 0.000902 0.001101 0.049386 0.946871 0.001740
3 3 0.000781 0.001056 0.052621 0.943748 0.001794
3 3 0.000688 0.000966 0.047772 0.948929 0.001645
3 3 0.000596 0.000764 0.042411 0.954982 0.001247
3 3 0.001304 0.001394 0.056228 0.938996 0.002077
3 3 0.000894 0.000996 0.049473 0.947106 0.001531
3 3 0.000848 0.001091 0.054495 0.941744 0.001822
3 3 0.001296 0.001105 0.056658 0.939407 0.001534
3 3 0.000636 0.000728 0.044705 0.952781 0.001150
3 3 0.000646 0.000709 0.040137 0.957439 0.001069
3 3 0.000837 0.000853 0.049034 0.947993 0.001283
3 3 0.001932 0.001384 0.050397 0.944632 0.001655
3 3 0.001861 0.001553 0.057995 0.936546 0.002045
