0 0 0.919667 0.002435 0.000426 0.000007 0.077465
0 0 0.725363 0.002991 0.001259 0.000039 0.270349
0 0 0.660542 0.007804 0.002257 0.000056 0.329341
0 0 0.970937 0.004099 0.000698 0.000021 0.024246
0 0 0.995418 0.002096 0.000178 0.000005 0.002305
0 0 0.995148 0.004066 0.000407 0.000033 0.000346
0 0 0.994647 0.004541 0.000403 0.000028 0.000380
0 0 0.987276 0.010456 0.000899 0.000049 0.001320
0 0 0.985764 0.011687 0.000923 0.000044 0.001582
0 0 0.978341 0.017405 0.001308 0.000053 0.002892
0 0 0.786862 0.133152 0.021406 0.001300 0.057279
0 0 0.934143 0.047946 0.005216 0.000259 0.012436
0 0 0.979778 0.015937 0.001804 0.000125 0.002357
0 0 0.970997 0.022682 0.002070 0.000100 0.004151
0 0 0.946900 0.040119 0.002233 0.000050 0.010698
0 0 0.950367 0.037745 0.001495 0.000022 0.010371
0 0 0.893273 0.074561 0.003167 0.000042 0.028957
0 0 0.819302 0.117219 0.005620 0.000077 0.057783
0 1 0.621269 0.212525 0.012776 0.000187 0.153243
0 1 0.373644 0.294046 0.018941 0.000247 0.313123
4 1 0.119334 0.304823 0.024427 0.000314 0.551102
4 4 0.131860 0.318252 0.047094 0.001338 0.501456
4 4 0.117491 0.233780 0.058330 0.002624 0.587774
4 4 0.116004 0.230285 0.059252 0.002654 0.591804
4 4 0.124232 0.272223 0.050907 0.001751 0.550887
4 4 0.118545 0.254920 0.044389 0.001340 0.580805
4 4 0.123275 0.277734 0.044156 0.001255 0.553580
4 4 0.109065 0.214375 0.044704 0.001528 0.630329
4 4 0.083339 0.135381 0.035920 0.001304 0.744056
4 4 0.066436 0.094453 0.029375 0.001097 0.808639
4 4 0.058699 0.072423 0.035969 0.002124 0.830784
4 4 0.045817 0.052323 0.023195 0.001038 0.877627
4 4 0.042850 0.049376 0.018304 0.000642 0.888827
4 4 0.027971 0.027331 0.010559 0.000307 0.933831
4 4 0.023637 0.020587 0.010559 0.000388 0.944829
4 4 0.033745 0.029528 0.011761 0.000370 0.924596
4 4 0.030392 0.031629 0.010313 0.000259 0.927407
4 4 0.040221 0.048686 0.012412 0.000274 0.898406
4 4 0.069193 0.113866 0.018421 0.000336 0.798183
4 4 0.101139 0.213198 0.025439 0.000434 0.659790
4 4 0.127938 0.295104 0.048029 0.001462 0.527467
4 4 0.127028 0.264541 0.075321 0.004172 0.528939
4 4 0.119240 0.266622 0.100043 0.005072 0.509023
4 4 0.113311 0.292391 0.120158 0.004402 0.469737
4 4 0.107600 0.237883 0.088800 0.003458 0.562258
4 4 0.113682 0.281576 0.111541 0.004277 0.488923
4 4 0.137067 0.311826 0.089527 0.005328 0.456252
4 4 0.128651 0.337471 0.128040 0.006510 0.399329
4 4 0.098785 0.294691 0.243839 0.010810 0.351875
2 4 0.074064 0.253579 0.353221 0.011213 0.307923
2 4 0.050465 0.233429 0.549957 0.015817 0.150332
2 4 0.030594 0.162577 0.697823 0.019143 0.089864
2 4 0.032837 0.167306 0.686561 0.029618 0.083679
2 4 0.043314 0.198831 0.617766 0.025097 0.114992
2 4 0.065279 0.205976 0.468452 0.031978 0.228315
2 2 0.051320 0.190083 0.559663 0.045858 0.153077
2 2 0.034839 0.129387 0.644598 0.072827 0.118349
2 2 0.021003 0.071145 0.720068 0.138270 0.049514
2 2 0.023201 0.061746 0.725609 0.161014 0.028430
2 2 0.060332 0.101836 0.664154 0.117109 0.056569
2 2 0.095748 0.085500 0.462187 0.318631 0.037935
3 2 0.099463 0.060923 0.382712 0.422348 0.034553
0 2 0.573007 0.091972 0.152856 0.121121 0.061044
0 3 0.567376 0.118711 0.140815 0.067566 0.105532
0 3 0.500572 0.166088 0.160379 0.065906 0.107054
0 3 0.407108 0.258740 0.139201 0.028422 0.166529
2 3 0.260981 0.135544 0.282080 0.232182 0.089212
3 3 0.037742 0.027886 0.246798 0.662584 0.024990
3 3 0.021324 0.009886 0.157788 0.804212 0.006790
3 3 0.038898 0.021028 0.190326 0.740230 0.009518
3 3 0.023172 0.014078 0.138129 0.817612 0.007009
3 3 0.024379 0.015825 0.143730 0.809087 0.006980
3 3 0.076285 0.038697 0.233690 0.633363 0.017964
3 3 0.111712 0.042513 0.227243 0.592777 0.025755
3 3 0.227450 0.068942 0.235168 0.429105 0.039334
3 3 0.210817 0.066410 0.236435 0.448387 0.037951
0 3 0.348864 0.084201 0.214579 0.316914 0.035442
0 3 0.430100 0.111854 0.204674 0.207013 0.046359
0 3 0.601035 0.101066 0.143587 0.121556 0.032756
0 3 0.426342 0.082526 0.191942 0.268394 0.030796
3 3 0.318177 0.074424 0.206306 0.378886 0.022208
3 3 0.146403 0.031506 0.170362 0.641080 0.010650
3 3 0.246515 0.038546 0.185293 0.507113 0.022533
3 3 0.212425 0.030588 0.175151 0.562139 0.019698
3 3 0.271378 0.041934 0.189336 0.472598 0.024755
3 3 0.237050 0.042586 0.191481 0.507913 0.020971
3 3 0.069709 0.015763 0.133615 0.774558 0.006356
3 3 0.080960 0.016906 0.142405 0.750988 0.008741
3 3 0.094565 0.015896 0.137581 0.743198 0.008761
3 3 0.034127 0.007436 0.094820 0.860444 0.003173
3 3 0.144111 0.027119 0.166278 0.650142 0.012350
3 3 0.148790 0.022479 0.147125 0.673081 0.008526
3 3 0.207041 0.027223 0.149495 0.607830 0.008411
3 3 0.166813 0.025240 0.150045 0.649758 0.008143
3 3 0.050018 0.009702 0.099984 0.837645 0.002650
3 3 0.053524 0.008397 0.089273 0.846935 0.001871
3 3 0.086065 0.014663 0.123420 0.770712 0.005141
3 3 0.258521 0.036784 0.170633 0.519297 0.014765
3 3 0.333731 0.042632 0.178138 0.420421 0.025077
3 3 0.297955 0.044014 0.177124 0.464011 0.016896
3 3 0.392154 0.046508 0.154255 0.396083 0.010999
0 3 0.642172 0.064406 0.115578 0.165822 0.012022
0 3 0.547243 0.131593 0.161174 0.125583 0.034407
0 3 0.569290 0.191125 0.116827 0.032706 0.090052
0 3 0.603125 0.189733 0.096029 0.021495 0.089618
0 3 0.329395 0.221434 0.233291 0.114523 0.101357
2 3 0.282222 0.180762 0.297255 0.170268 0.069492
2 3 0.119223 0.088409 0.396330 0.355920 0.040118
2 3 0.089989 0.098447 0.537064 0.259522 0.014978
2 2 0.175238 0.166309 0.524486 0.101233 0.032733
0 2 0.500712 0.163293 0.238866 0.049713 0.047415
0 0 0.673487 0.133787 0.068205 0.012714 0.111807
0 0 0.746620 0.152736 0.028556 0.002006 0.070082
0 1 0.678527 0.188817 0.014694 0.000314 0.117648
0 1 0.495195 0.261855 0.020658 0.000384 0.221909
4 1 0.111780 0.215570 0.053498 0.002280 0.616873
4 1 0.126613 0.322520 0.187043 0.015690 0.348134
4 2 0.117397 0.302844 0.229210 0.020877 0.329672
4 2 0.091309 0.237261 0.279911 0.018589 0.372930
4 2 0.100832 0.238164 0.176910 0.009744 0.474350
4 2 0.138244 0.322291 0.069393 0.003202 0.466869
2 2 0.076192 0.324425 0.372041 0.009657 0.217685
2 2 0.080647 0.269621 0.531439 0.010506 0.107787
2 2 0.055538 0.231839 0.589925 0.018448 0.104251
2 2 0.059593 0.231606 0.591685 0.018026 0.099091
2 2 0.056635 0.255542 0.526568 0.019438 0.141817
2 2 0.051661 0.242878 0.557680 0.019683 0.128099
2 2 0.106438 0.299178 0.406830 0.016033 0.171521
2 2 0.099019 0.241463 0.510291 0.015838 0.133389
2 2 0.172378 0.299921 0.398950 0.011769 0.116982
2 2 0.127999 0.288942 0.420770 0.010304 0.151985
2 2 0.114226 0.193378 0.599062 0.029778 0.063556
2 2 0.078704 0.160954 0.659798 0.062348 0.038196
2 2 0.082680 0.144093 0.642415 0.102183 0.028629
2 2 0.038635 0.108397 0.679040 0.150784 0.023144
2 2 0.036750 0.102228 0.656475 0.182129 0.022418
2 2 0.047800 0.123259 0.652446 0.135797 0.040698
2 2 0.025461 0.080688 0.757362 0.116028 0.020461
2 2 0.057192 0.124828 0.696914 0.090784 0.030282
2 2 0.051166 0.117906 0.657300 0.147466 0.026162
2 2 0.067596 0.078271 0.568378 0.263401 0.022355
2 2 0.055490 0.066267 0.563166 0.299316 0.015761
2 2 0.051528 0.065503 0.569250 0.290755 0.022964
2 2 0.049399 0.061846 0.530840 0.342675 0.015240
2 2 0.049956 0.046643 0.465195 0.426613 0.011592
3 3 0.065771 0.051041 0.392184 0.478670 0.012335
3 3 0.025678 0.023584 0.249021 0.694396 0.007322
3 3 0.016714 0.013669 0.182335 0.781321 0.005962
3 3 0.019269 0.017735 0.247075 0.708987 0.006934
3 3 0.044374 0.041064 0.328860 0.573632 0.012071
3 3 0.204006 0.071224 0.247649 0.429071 0.048051
3 3 0.098246 0.031933 0.180939 0.676895 0.011987
3 3 0.152212 0.049308 0.207942 0.573611 0.016928
3 3 0.202596 0.053391 0.206950 0.518528 0.018536
3 3 0.129309 0.030767 0.173190 0.655451 0.011284
3 3 0.146806 0.036525 0.178162 0.628163 0.010344
3 3 0.096299 0.022359 0.154417 0.717919 0.009005
3 3 0.106921 0.019382 0.139676 0.727416 0.006604
3 3 0.198026 0.023381 0.145628 0.623658 0.009308
3 3 0.226590 0.025556 0.145706 0.592980 0.009169
3 3 0.374313 0.039124 0.159749 0.408563 0.018251
3 3 0.212771 0.023838 0.149348 0.602040 0.012003
0 3 0.402750 0.047835 0.171614 0.351293 0.026508
3 3 0.205514 0.028272 0.159292 0.595181 0.011740
3 3 0.107962 0.014941 0.122301 0.749702 0.005094
3 3 0.052800 0.007936 0.087636 0.849729 0.001899
3 3 0.119668 0.016038 0.115958 0.744938 0.003399
3 3 0.065822 0.009239 0.097574 0.824413 0.002952
3 3 0.087506 0.012475 0.109063 0.787620 0.003336
3 3 0.304657 0.038742 0.158733 0.487473 0.010394
3 3 0.209459 0.031492 0.152411 0.599647 0.006992
3 3 0.191151 0.024234 0.142261 0.635453 0.006901
3 3 0.099611 0.011804 0.109028 0.775616 0.003940
3 3 0.089649 0.008934 0.093787 0.804842 0.002788
3 3 0.263858 0.018903 0.113439 0.599725 0.004075
0 3 0.435103 0.037575 0.136796 0.380802 0.009724
0 3 0.479582 0.035064 0.126346 0.349705 0.009302
3 3 0.319872 0.029600 0.141241 0.500194 0.009093
0 3 0.510919 0.054499 0.145276 0.274247 0.015059
0 3 0.465285 0.045096 0.151580 0.317951 0.020088
3 3 0.294945 0.021965 0.131518 0.542166 0.009406
0 3 0.458394 0.034525 0.136873 0.355743 0.014464
3 3 0.261983 0.021153 0.123204 0.588136 0.005524
0 3 0.479381 0.034941 0.125913 0.350620 0.009145
0 3 0.504929 0.031420 0.124217 0.326096 0.013339
0 3 0.565551 0.036766 0.115152 0.272656 0.009876
3 3 0.334130 0.029124 0.134991 0.494406 0.007348
3 3 0.373746 0.032561 0.131282 0.456181 0.006231
0 3 0.474843 0.024252 0.113067 0.379046 0.008791
0 3 0.439770 0.031517 0.141769 0.367382 0.019561
3 3 0.302141 0.022479 0.140189 0.521281 0.013909
0 3 0.554272 0.040451 0.133119 0.248857 0.023301
0 3 0.437453 0.031664 0.138576 0.376091 0.016216
0 3 0.467843 0.034589 0.135465 0.347663 0.014440
3 3 0.182455 0.012282 0.110931 0.688068 0.006264
3 3 0.199133 0.014997 0.113632 0.667111 0.005127
3 3 0.067703 0.007248 0.082295 0.841003 0.001751
3 3 0.163059 0.015580 0.124720 0.689669 0.006972
3 3 0.214346 0.018008 0.132099 0.625866 0.009682
3 3 0.319903 0.029010 0.139166 0.503236 0.008684
0 3 0.483822 0.044136 0.141211 0.317183 0.013648
0 3 0.603311 0.041583 0.113601 0.230664 0.010841
0 3 0.584788 0.045979 0.129115 0.219278 0.020840
0 3 0.467300 0.030895 0.133315 0.352227 0.016262
0 3 0.540457 0.039153 0.130364 0.273146 0.016880
0 3 0.472677 0.035225 0.139689 0.334100 0.018309
0 3 0.539796 0.050893 0.139196 0.252859 0.017256
0 3 0.480595 0.039503 0.137746 0.328222 0.013934
3 3 0.366567 0.029708 0.134655 0.460355 0.008715
3 3 0.178560 0.022495 0.146415 0.643098 0.009432
3 3 0.205149 0.021466 0.122751 0.646864 0.003770
3 3 0.104396 0.010279 0.096267 0.786525 0.002533
3 3 0.113170 0.013714 0.113276 0.756037 0.003804
3 3 0.328899 0.037046 0.146041 0.480693 0.007322
3 3 0.397685 0.036601 0.141885 0.413932 0.009897
0 3 0.403118 0.038036 0.153623 0.387734 0.017490
3 3 0.186343 0.020962 0.151608 0.626552 0.014535
3 3 0.288889 0.021370 0.142066 0.531856 0.015818
3 3 0.082955 0.007438 0.094100 0.811505 0.004002
3 3 0.112827 0.008040 0.090785 0.785211 0.003137
3 3 0.242929 0.020254 0.122159 0.609658 0.005000
3 3 0.367248 0.034689 0.148397 0.437409 0.012256
3 3 0.382232 0.033317 0.152756 0.413134 0.018562
3 3 0.174038 0.020056 0.141111 0.655502 0.009292
3 3 0.137564 0.013710 0.111584 0.733169 0.003973
3 3 0.127162 0.011629 0.102628 0.755332 0.003249
3 3 0.177230 0.013208 0.114199 0.689140 0.006223
3 3 0.149821 0.016479 0.132737 0.692473 0.008490
3 3 0.226315 0.025103 0.148951 0.588856 0.010774
3 3 0.315288 0.038296 0.156123 0.480073 0.010221
3 3 0.289234 0.042460 0.164751 0.493542 0.010013
3 3 0.304572 0.040802 0.161445 0.482781 0.010401
3 3 0.069313 0.009473 0.107748 0.808312 0.005155
3 3 0.109514 0.013768 0.130217 0.737324 0.009178
3 3 0.079266 0.008988 0.106299 0.799854 0.005594
3 3 0.098220 0.009597 0.107968 0.778283 0.005931
3 3 0.231857 0.020761 0.136115 0.602046 0.009221
3 3 0.307338 0.031278 0.159843 0.483676 0.017866
3 3 0.319020 0.036692 0.172525 0.448188 0.023574
0 3 0.445924 0.034420 0.138329 0.367705 0.013621
0 3 0.446145 0.050623 0.165231 0.312787 0.025213
0 3 0.374667 0.065961 0.193330 0.339728 0.026314
3 3 0.269149 0.037873 0.170431 0.508428 0.014118
3 3 0.265734 0.037326 0.174115 0.506120 0.016704
3 3 0.153032 0.025967 0.159798 0.650461 0.010742
3 3 0.119905 0.020199 0.143011 0.709402 0.007482
0 3 0.399542 0.046340 0.162125 0.375068 0.016925
0 3 0.410485 0.042230 0.163767 0.357396 0.026122
0 3 0.673327 0.060036 0.115381 0.106002 0.045254
0 3 0.502141 0.051576 0.157845 0.255818 0.032620
0 3 0.484280 0.045786 0.160985 0.266561 0.042388
3 3 0.194774 0.028708 0.176774 0.577495 0.022249
0 3 0.437574 0.035506 0.157649 0.329972 0.039299
0 3 0.531947 0.070965 0.160153 0.198243 0.038692
0 3 0.877375 0.057456 0.029166 0.006909 0.029093
0 3 0.842285 0.086994 0.023137 0.002467 0.045117
0 3 0.800222 0.125718 0.020825 0.001338 0.051897
0 3 0.842424 0.091384 0.020148 0.001755 0.044289
0 3 0.583130 0.149524 0.063602 0.007902 0.195843
0 0 0.523396 0.223268 0.046140 0.002680 0.204517
0 0 0.810387 0.121339 0.016911 0.000883 0.050481
0 0 0.847206 0.101139 0.012541 0.000597 0.038517
0 0 0.422582 0.281571 0.075357 0.006241 0.214250
0 1 0.419565 0.257893 0.129616 0.024383 0.168543
0 1 0.463560 0.264924 0.080398 0.008112 0.183005
1 1 0.250568 0.311245 0.273474 0.014295 0.150419
1 4 0.172940 0.338816 0.215313 0.012448 0.260484
4 4 0.139354 0.322560 0.075043 0.003828 0.459215
4 4 0.135302 0.298356 0.077171 0.004261 0.484909
4 4 0.133760 0.287378 0.080941 0.004857 0.493064
4 4 0.098192 0.151129 0.085577 0.008481 0.656621
4 4 0.104492 0.171617 0.082024 0.007027 0.634840
4 4 0.092630 0.140425 0.071850 0.006021 0.689074
4 4 0.084653 0.126011 0.055170 0.003600 0.730566
4 4 0.095601 0.157853 0.055277 0.003058 0.688211
4 4 0.114632 0.219731 0.061215 0.003050 0.601372
4 4 0.117419 0.236047 0.055739 0.002354 0.588441
4 4 0.126797 0.255120 0.080701 0.005184 0.532197
4 4 0.131877 0.299932 0.125667 0.009444 0.433081
4 4 0.142415 0.321590 0.097770 0.007049 0.431177
1 4 0.236630 0.347004 0.142351 0.006300 0.267714
0 4 0.474518 0.262116 0.143964 0.008947 0.110454
1 0 0.268451 0.315737 0.246759 0.012501 0.156553
1 1 0.168724 0.324199 0.307523 0.014393 0.185161
2 1 0.052472 0.242275 0.555471 0.020843 0.128939
2 1 0.065154 0.270121 0.480731 0.020943 0.163050
2 1 0.091496 0.314083 0.336368 0.017825 0.240227
1 1 0.104833 0.352064 0.220226 0.007545 0.315333
1 1 0.089164 0.353804 0.277415 0.006455 0.273162
4 1 0.098596 0.309902 0.193479 0.005343 0.392680
4 1 0.103584 0.340376 0.192552 0.005428 0.358060
1 1 0.107637 0.357018 0.195419 0.006161 0.333765
1 1 0.091551 0.337171 0.299376 0.010278 0.261624
2 1 0.077634 0.317805 0.377264 0.011672 0.215625
1 1 0.093024 0.328632 0.308719 0.013005 0.256620
1 1 0.106245 0.347379 0.225092 0.008788 0.312496
4 1 0.120518 0.349154 0.150133 0.006127 0.374068
4 1 0.124185 0.348005 0.122728 0.004672 0.400410
4 1 0.118556 0.353145 0.146525 0.005226 0.376547
1 2 0.096074 0.343679 0.271476 0.009257 0.279514
4 2 0.334584 0.141405 0.088267 0.012271 0.423474
4 2 0.268811 0.083157 0.053890 0.005738 0.588405
4 2 0.296788 0.281187 0.035320 0.000920 0.385785
4 0 0.255294 0.322918 0.047872 0.001599 0.372318
4 0 0.220404 0.325441 0.080091 0.004901 0.369163
2 1 0.081885 0.275664 0.415599 0.032803 0.194050
2 1 0.087488 0.301904 0.369194 0.021187 0.220227
2 2 0.086028 0.306230 0.383414 0.016917 0.207412
2 2 0.069986 0.301615 0.425420 0.012892 0.190087
2 2 0.066534 0.290218 0.451909 0.014414 0.176926
2 2 0.033072 0.176958 0.682962 0.034477 0.072530
2 2 0.037823 0.186660 0.658773 0.032438 0.084305
2 2 0.053747 0.270831 0.518703 0.011971 0.144748
1 2 0.091203 0.339851 0.295888 0.009555 0.263503
1 2 0.084205 0.339377 0.321011 0.008451 0.246955
1 2 0.079595 0.343899 0.329125 0.006814 0.240567
2 2 0.056408 0.278684 0.500083 0.011645 0.153180
2 2 0.039771 0.206927 0.637088 0.020643 0.095571
2 2 0.068255 0.295718 0.439038 0.013709 0.183280
2 2 0.062667 0.285602 0.469376 0.013295 0.169061
2 2 0.087469 0.324429 0.373865 0.010197 0.204040
0 2 0.321525 0.311802 0.147517 0.011303 0.207853
0 2 0.446374 0.271492 0.133129 0.010595 0.138410
0 0 0.559266 0.232966 0.060241 0.005361 0.142166
0 0 0.712883 0.152832 0.043143 0.004571 0.086571
0 0 0.671734 0.061972 0.027208 0.002475 0.236611
0 0 0.918875 0.021672 0.006632 0.000507 0.052315
0 0 0.993245 0.002976 0.000217 0.000004 0.003558
0 0 0.999398 0.000344 0.000031 0.000001 0.000226
0 0 0.998980 0.000765 0.000055 0.000002 0.000198
0 0 0.920581 0.057406 0.004563 0.000145 0.017305
0 0 0.768224 0.144747 0.008833 0.000153 0.078043
0 0 0.670011 0.192799 0.024210 0.000943 0.112037
0 0 0.673183 0.190644 0.027886 0.001324 0.106964
0 1 0.634612 0.207857 0.045091 0.002776 0.109665
0 1 0.602851 0.220918 0.053259 0.003518 0.119454
0 1 0.343370 0.331460 0.120003 0.004094 0.201074
1 1 0.240131 0.351581 0.153068 0.005736 0.249483
1 1 0.145524 0.338049 0.322163 0.009250 0.185015
1 1 0.153995 0.336991 0.316796 0.009589 0.182628
1 1 0.188777 0.341431 0.286100 0.008323 0.175369
1 1 0.238577 0.343772 0.205566 0.007913 0.204173
1 1 0.198285 0.350235 0.212811 0.008148 0.230520
1 1 0.190719 0.336274 0.284988 0.009855 0.178163
2 1 0.170351 0.299060 0.400328 0.012228 0.118034
2 2 0.177317 0.277978 0.427922 0.015853 0.100929
2 2 0.226880 0.285763 0.364886 0.015752 0.106718
1 2 0.148451 0.319875 0.319215 0.016721 0.195738
2 2 0.100948 0.331080 0.356340 0.009706 0.201926
2 2 0.072406 0.285970 0.461891 0.015533 0.164201
2 2 0.077097 0.273070 0.490143 0.017662 0.142028
2 2 0.080158 0.260953 0.510840 0.020549 0.127501
2 2 0.168029 0.241648 0.497871 0.020049 0.072404
2 2 0.075394 0.182573 0.661574 0.033633 0.046826
2 2 0.106696 0.223660 0.574195 0.026602 0.068847
2 2 0.068181 0.196471 0.633556 0.037713 0.064078
0 2 0.394300 0.227790 0.294918 0.022192 0.060800
0 2 0.589253 0.175366 0.149347 0.031885 0.054149
0 2 0.567826 0.207489 0.114856 0.018284 0.091545
0 2 0.470228 0.227568 0.138806 0.035417 0.127981
4 2 0.107019 0.322752 0.205060 0.008355 0.356813
1 2 0.110267 0.343432 0.217569 0.009909 0.318822
2 2 0.070033 0.274558 0.458791 0.023034 0.173584
2 2 0.028160 0.154946 0.723684 0.032115 0.061095
2 2 0.030844 0.157688 0.703226 0.043831 0.064411
2 2 0.034430 0.167120 0.675871 0.045016 0.077564
2 2 0.018871 0.103125 0.774585 0.055155 0.048264
2 2 0.034873 0.171840 0.670396 0.035580 0.087311
2 2 0.041805 0.204656 0.625862 0.033617 0.094061
2 2 0.037609 0.188126 0.658786 0.031077 0.084401
2 2 0.028353 0.155744 0.716396 0.039623 0.059885
2 2 0.028303 0.150681 0.716204 0.046580 0.058232
2 2 0.037203 0.192592 0.659468 0.024097 0.086640
2 2 0.024925 0.140215 0.731534 0.053511 0.049815
2 2 0.042726 0.174245 0.642731 0.071918 0.068380
2 2 0.070877 0.151294 0.559983 0.143833 0.074012
2 2 0.067459 0.140213 0.636189 0.115383 0.040757
2 2 0.065601 0.120416 0.627165 0.158734 0.028085
2 2 0.054677 0.113639 0.631517 0.176550 0.023616
2 2 0.081361 0.177359 0.571003 0.113763 0.056513
2 2 0.021823 0.117584 0.712723 0.106063 0.041808
2 2 0.032317 0.150808 0.686074 0.074901 0.055900
2 2 0.049659 0.156583 0.698238 0.052027 0.043494
2 2 0.146675 0.256417 0.486957 0.024465 0.085486
2 2 0.096890 0.261834 0.510101 0.019317 0.111859
2 2 0.103462 0.277900 0.451459 0.028694 0.138485
2 2 0.060588 0.227765 0.521446 0.062274 0.127927
2 2 0.030829 0.149959 0.677519 0.082912 0.058780
2 2 0.037051 0.141632 0.671492 0.103799 0.046026
2 2 0.051357 0.134447 0.663982 0.114911 0.035303
2 2 0.031961 0.115008 0.526747 0.264091 0.062193
2 2 0.037855 0.105878 0.463750 0.344831 0.047686
2 2 0.048576 0.090710 0.453459 0.345510 0.061745
2 2 0.049281 0.065323 0.455321 0.399573 0.030502
3 2 0.095541 0.064003 0.312555 0.487966 0.039934
2 2 0.062921 0.075016 0.450378 0.380488 0.031198
2 2 0.086675 0.094659 0.441991 0.327816 0.048859
2 2 0.194272 0.214957 0.470106 0.059666 0.061000
2 2 0.237602 0.252323 0.363211 0.045466 0.101398
2 2 0.205731 0.291833 0.334161 0.024101 0.144174
2 2 0.172965 0.278749 0.336882 0.042250 0.169153
2 2 0.050718 0.187799 0.553387 0.111800 0.096296
2 2 0.034922 0.160299 0.660019 0.076829 0.067932
2 2 0.038102 0.168352 0.647109 0.070988 0.075449
2 2 0.045332 0.197615 0.618780 0.038643 0.099629
2 2 0.045444 0.201128 0.608859 0.043551 0.101019
2 2 0.047544 0.205485 0.595290 0.050073 0.101609
2 2 0.041955 0.191281 0.622884 0.056625 0.087255
2 2 0.022357 0.123614 0.708000 0.105923 0.040105
2 2 0.024015 0.108605 0.663181 0.153082 0.051117
2 2 0.031271 0.125368 0.607987 0.171742 0.063633
2 2 0.033846 0.147818 0.655429 0.091604 0.071303
2 2 0.047821 0.185186 0.593523 0.058613 0.114858
2 2 0.054360 0.228135 0.559765 0.033012 0.124728
2 2 0.057744 0.225604 0.539179 0.053223 0.124250
2 2 0.060083 0.209515 0.571541 0.064145 0.094716
2 2 0.090304 0.139411 0.554498 0.143978 0.071809
2 2 0.227618 0.112255 0.360532 0.251417 0.048177
2 2 0.266610 0.193478 0.326144 0.149732 0.064036
2 2 0.074800 0.106804 0.422858 0.368506 0.027033
2 2 0.035424 0.168724 0.665785 0.058024 0.072042
2 2 0.043517 0.205085 0.619717 0.033799 0.097882
2 2 0.062047 0.239440 0.515249 0.045815 0.137449
2 2 0.126248 0.267508 0.395497 0.056549 0.154199
2 2 0.076071 0.217393 0.479648 0.114163 0.112726
2 2 0.038899 0.114057 0.564767 0.250151 0.032125
2 2 0.026190 0.099824 0.562477 0.262319 0.049189
2 2 0.030673 0.117364 0.601999 0.182949 0.067015
2 2 0.046600 0.163597 0.577218 0.105079 0.107505
2 2 0.137004 0.260792 0.455117 0.027018 0.120069
0 2 0.293619 0.288624 0.245378 0.023324 0.149055
1 2 0.209632 0.319902 0.261497 0.016857 0.192112
2 2 0.274542 0.273775 0.280749 0.033532 0.137402
2 2 0.224856 0.163794 0.289029 0.263014 0.059307
3 2 0.019514 0.036495 0.287127 0.633172 0.023692
3 2 0.007170 0.020862 0.292953 0.670057 0.008957
2 2 0.010126 0.061502 0.646439 0.263515 0.018417
2 2 0.019132 0.085226 0.689691 0.188744 0.017208
2 2 0.028559 0.098655 0.680877 0.170955 0.020954
2 2 0.029228 0.117745 0.692935 0.128163 0.031929
2 2 0.046883 0.144704 0.656776 0.106351 0.045285
2 2 0.054923 0.220839 0.577269 0.040046 0.106923
2 2 0.058704 0.242795 0.531327 0.028468 0.138706
2 2 0.057764 0.246490 0.531119 0.026611 0.138017
2 2 0.066614 0.236742 0.492685 0.062475 0.141485
2 2 0.031450 0.145886 0.649586 0.115908 0.057170
2 2 0.033398 0.135069 0.569477 0.203612 0.058444
2 2 0.034522 0.134509 0.656946 0.129382 0.044641
2 2 0.044488 0.119717 0.610663 0.193815 0.031317
2 2 0.200936 0.156548 0.400511 0.202093 0.039913
2 2 0.097744 0.290323 0.429518 0.019368 0.163047
2 2 0.062759 0.158106 0.596288 0.130620 0.052227
2 2 0.052034 0.106048 0.538675 0.247934 0.055309
2 2 0.067086 0.135894 0.384074 0.338478 0.074468
2 2 0.057804 0.144437 0.370486 0.320233 0.107040
2 2 0.081998 0.199265 0.372512 0.192191 0.154034
2 2 0.065336 0.214201 0.500221 0.089946 0.130296
2 2 0.078252 0.267327 0.436425 0.035255 0.182741
2 2 0.087293 0.305749 0.362159 0.019654 0.225145
4 1 0.119934 0.298132 0.191192 0.015083 0.375659
4 1 0.128218 0.298370 0.177722 0.017819 0.377871
4 4 0.110787 0.196173 0.074793 0.005187 0.613059
4 4 0.091058 0.143861 0.055671 0.003327 0.706082
4 4 0.081865 0.126022 0.042297 0.001984 0.747833
4 4 0.068933 0.104439 0.025434 0.000736 0.800458
4 4 0.074888 0.120572 0.025983 0.000691 0.777866
4 4 0.064731 0.098532 0.020431 0.000473 0.815833
4 4 0.050110 0.061596 0.022354 0.000838 0.865103
4 4 0.042977 0.050788 0.016633 0.000508 0.889094
4 4 0.062324 0.056517 0.017088 0.000507 0.863563
4 4 0.084513 0.060207 0.019260 0.000644 0.835376
4 4 0.049531 0.055283 0.018322 0.000591 0.876272
4 4 0.061017 0.083917 0.025728 0.000896 0.828442
4 4 0.082302 0.142512 0.026528 0.000638 0.748020
4 4 0.106327 0.230511 0.027648 0.000496 0.635019
4 4 0.095911 0.176041 0.035952 0.001077 0.691019
4 4 0.095907 0.180459 0.032543 0.000846 0.690244
4 4 0.089031 0.164973 0.026526 0.000572 0.718897
4 4 0.081639 0.144346 0.023747 0.000494 0.749775
4 4 0.055499 0.074099 0.021670 0.000675 0.848057
4 4 0.093521 0.172972 0.031809 0.000829 0.700869
4 4 0.067272 0.094324 0.032411 0.001368 0.804626
4 4 0.047822 0.056185 0.023436 0.001002 0.871555
4 4 0.050776 0.061158 0.025333 0.001113 0.861620
4 4 0.049615 0.059478 0.024081 0.001017 0.865809
4 4 0.034638 0.034037 0.019041 0.000950 0.911333
4 4 0.038017 0.037557 0.024473 0.001530 0.898423
4 4 0.079250 0.130170 0.028913 0.000827 0.760840
4 4 0.149215 0.292106 0.031408 0.000585 0.526686
4 4 0.232656 0.316261 0.052642 0.001948 0.396493
4 4 0.173084 0.326312 0.063931 0.002758 0.433916
4 4 0.174413 0.326468 0.071631 0.003574 0.423915
4 4 0.136545 0.329964 0.095150 0.005103 0.433239
1 4 0.091937 0.345846 0.282394 0.008286 0.271536
1 4 0.089879 0.334429 0.309883 0.010679 0.255130
2 2 0.078415 0.302104 0.396829 0.016848 0.205804
2 2 0.084904 0.300684 0.376887 0.020747 0.216778
2 2 0.085348 0.292308 0.385701 0.025174 0.211469
2 2 0.093134 0.307086 0.336113 0.020441 0.243225
2 2 0.063552 0.237068 0.494729 0.027423 0.177228
2 2 0.052412 0.198291 0.559740 0.031494 0.158063
2 2 0.043186 0.154481 0.610795 0.043784 0.147754
2 2 0.030085 0.137190 0.695937 0.022955 0.113834
2 2 0.033087 0.158910 0.672093 0.018717 0.117193
2 2 0.059423 0.275178 0.478341 0.011717 0.175341
2 2 0.051671 0.274846 0.518626 0.009513 0.145344
2 2 0.072400 0.326704 0.381043 0.008149 0.211704
2 2 0.078054 0.330478 0.339574 0.007369 0.244525
1 2 0.085804 0.329672 0.306182 0.008279 0.270064
4 2 0.100378 0.308842 0.221566 0.008166 0.361048
0 2 0.312497 0.309030 0.091089 0.007738 0.279646
4 0 0.138636 0.322409 0.071292 0.003405 0.464259
4 0 0.137077 0.321820 0.064225 0.002687 0.474191
1 0 0.167495 0.359813 0.110465 0.003299 0.358928
1 1 0.088212 0.364670 0.259357 0.004739 0.283022
1 1 0.093934 0.373419 0.216009 0.003730 0.312909
1 1 0.107071 0.366314 0.170119 0.004096 0.352400
4 2 0.116544 0.356971 0.143833 0.004510 0.378142
1 2 0.104529 0.365862 0.185586 0.004478 0.339545
4 2 0.119381 0.354531 0.131378 0.004251 0.390459
4 2 0.126923 0.356400 0.129613 0.004137 0.382927
4 2 0.127222 0.357547 0.146882 0.004883 0.363467
4 2 0.136889 0.344593 0.095220 0.003400 0.419898
4 2 0.143503 0.344278 0.081759 0.002570 0.427890
4 2 0.126320 0.345487 0.086655 0.002544 0.438994
1 2 0.155908 0.363581 0.129000 0.003764 0.347748
0 2 0.359733 0.311268 0.093665 0.005372 0.229962
1 2 0.291750 0.335612 0.111690 0.005053 0.255894
4 2 0.143744 0.318357 0.119379 0.011289 0.407230
1 2 0.103656 0.357461 0.212344 0.006290 0.320249
4 2 0.137351 0.323842 0.142325 0.012496 0.383986
2 2 0.067174 0.279360 0.463186 0.018645 0.171635
2 2 0.076341 0.250573 0.380902 0.017749 0.274434
2 2 0.079473 0.256597 0.380377 0.020696 0.262857
2 2 0.072727 0.277675 0.432990 0.019897 0.196710
2 2 0.062548 0.262949 0.497678 0.021871 0.154954
2 2 0.050695 0.219267 0.568168 0.023928 0.137941
2 2 0.043125 0.182827 0.620558 0.035307 0.118184
2 2 0.051129 0.205733 0.545902 0.020285 0.176951
2 2 0.066086 0.266532 0.475523 0.021548 0.170311
2 2 0.086622 0.275250 0.348074 0.019746 0.270309
2 2 0.075679 0.255911 0.428990 0.027914 0.211505
2 2 0.035350 0.155190 0.662871 0.061678 0.084911
2 2 0.056776 0.163418 0.511581 0.046611 0.221614
2 2 0.057351 0.164107 0.498023 0.041157 0.239361
2 2 0.061823 0.209486 0.468000 0.022283 0.238409
2 2 0.073453 0.277330 0.391117 0.012927 0.245174
2 2 0.033786 0.205201 0.661869 0.012813 0.086330
2 2 0.028718 0.150515 0.722009 0.048987 0.049770
2 2 0.033198 0.167521 0.679202 0.047210 0.072869
2 2 0.048061 0.189445 0.583628 0.046513 0.132354
2 2 0.074944 0.153003 0.579111 0.067274 0.125669
2 2 0.099028 0.187539 0.399343 0.030978 0.283112
2 2 0.057405 0.231324 0.518773 0.021763 0.170735
2 2 0.043719 0.188643 0.622562 0.038750 0.106326
2 2 0.044432 0.167421 0.574378 0.130536 0.083233
2 2 0.029430 0.081391 0.573289 0.206439 0.109451
2 2 0.015309 0.045607 0.614118 0.250234 0.074733
2 2 0.024148 0.074614 0.611938 0.201013 0.088287
2 2 0.018667 0.065434 0.641566 0.208686 0.065646
2 2 0.038562 0.122356 0.550844 0.179441 0.108797
2 2 0.036576 0.114860 0.508553 0.247108 0.092903
3 2 0.042942 0.045062 0.250898 0.629588 0.031510
3 2 0.051817 0.045651 0.262454 0.572166 0.067913
3 2 0.049311 0.043112 0.266192 0.543276 0.098110
3 2 0.022678 0.020966 0.195046 0.729827 0.031483
3 2 0.025083 0.039322 0.254981 0.637013 0.043600
3 2 0.036716 0.051313 0.385509 0.474270 0.052192
3 2 0.138387 0.082697 0.281444 0.429744 0.067729
3 2 0.181093 0.078451 0.267569 0.404268 0.068619
3 2 0.064848 0.059854 0.277366 0.530758 0.067175
3 3 0.057676 0.061349 0.297568 0.472005 0.111401
3 3 0.029798 0.034453 0.303637 0.604705 0.027408
3 3 0.060191 0.059617 0.392043 0.464045 0.024104
2 3 0.040459 0.055144 0.453645 0.430252 0.020501
3 3 0.058548 0.053121 0.353897 0.511144 0.023290
2 3 0.111094 0.078851 0.403562 0.379674 0.026819
2 2 0.264333 0.117576 0.458618 0.144416 0.015057
2 2 0.242583 0.188744 0.455877 0.068040 0.044756
0 0 0.328843 0.260060 0.263131 0.031883 0.116083
1 0 0.228577 0.323823 0.224915 0.015249 0.207436
1 1 0.266167 0.293348 0.224162 0.028829 0.187494
1 2 0.108023 0.308188 0.288258 0.026197 0.269334
2 2 0.074181 0.279178 0.439222 0.024129 0.183290
2 2 0.080741 0.291766 0.402115 0.022539 0.202838
2 2 0.080899 0.305092 0.384511 0.016950 0.212548
2 2 0.056815 0.257597 0.523715 0.018754 0.143120
2 2 0.056104 0.269878 0.512011 0.013853 0.148155
1 2 0.099653 0.342690 0.260227 0.009855 0.287575
1 2 0.109521 0.347169 0.293635 0.008412 0.241263
4 2 0.181996 0.334727 0.111152 0.006942 0.365183
1 2 0.178739 0.342403 0.153563 0.008933 0.316362
1 2 0.170655 0.338264 0.161013 0.010578 0.319490
2 2 0.069648 0.290437 0.441262 0.016175 0.182478
2 2 0.054775 0.222549 0.521859 0.018627 0.182190
2 2 0.048544 0.196167 0.566712 0.022110 0.166466
2 2 0.048359 0.209529 0.578441 0.022728 0.140942
2 2 0.066265 0.253387 0.442260 0.015762 0.222325
2 2 0.059767 0.254001 0.486075 0.015053 0.185105
2 2 0.083320 0.326292 0.345410 0.011240 0.233739
1 2 0.103393 0.324206 0.247298 0.011432 0.313672
2 2 0.072268 0.253998 0.444359 0.026237 0.203138
2 2 0.066991 0.262139 0.482526 0.026762 0.161582
2 2 0.071401 0.266759 0.432288 0.019087 0.210465
2 2 0.061616 0.204978 0.479975 0.026468 0.226963
2 2 0.081984 0.285530 0.367048 0.016753 0.248686
1 2 0.090720 0.331245 0.312325 0.011718 0.253992
2 2 0.092815 0.319328 0.324133 0.016184 0.247541
2 2 0.063339 0.272614 0.484196 0.018387 0.161463
2 2 0.146231 0.284155 0.370143 0.018192 0.181279
0 2 0.318076 0.275088 0.268642 0.021637 0.116557
2 2 0.187459 0.289030 0.366339 0.022483 0.134689
1 2 0.244859 0.301864 0.219238 0.026546 0.207494
2 2 0.057350 0.243443 0.535939 0.026288 0.136980
2 2 0.048661 0.201737 0.590377 0.057342 0.101883
2 2 0.084563 0.292304 0.388398 0.024683 0.210052
1 2 0.102225 0.328958 0.276103 0.014632 0.278082
1 2 0.106833 0.327922 0.261480 0.015652 0.288113
1 2 0.096226 0.320731 0.310355 0.016601 0.256086
2 2 0.045053 0.209432 0.609143 0.035272 0.101100
2 2 0.033592 0.127614 0.693234 0.106374 0.039185
2 2 0.098579 0.220205 0.539913 0.057515 0.083789
2 2 0.141901 0.278333 0.393878 0.033269 0.152619
2 2 0.093104 0.283211 0.421835 0.025872 0.175977
1 2 0.172036 0.307938 0.211689 0.029183 0.279153
2 2 0.044322 0.147823 0.621314 0.132497 0.054044
2 2 0.047930 0.112541 0.500885 0.290118 0.048525
2 2 0.100046 0.270905 0.338632 0.042608 0.247809
1 4 0.116191 0.309793 0.257719 0.026741 0.289556
4 4 0.141190 0.302461 0.123886 0.012649 0.419815
4 4 0.128255 0.268042 0.090300 0.005860 0.507543
4 4 0.106207 0.272982 0.148612 0.005936 0.466262
4 4 0.105178 0.183054 0.064404 0.003880 0.643483
4 4 0.099109 0.167271 0.057851 0.003249 0.672520
4 4 0.085309 0.134992 0.043523 0.002008 0.734167
4 4 0.082063 0.126923 0.041813 0.001923 0.747278
4 4 0.070961 0.102901 0.033513 0.001377 0.791247
4 4 0.075710 0.111092 0.039601 0.001885 0.771712
4 4 0.079557 0.126906 0.033028 0.001135 0.759374
4 4 0.083605 0.136882 0.035160 0.001233 0.743120
4 4 0.076421 0.111226 0.042330 0.002186 0.767837
4 4 0.059086 0.076992 0.029130 0.001265 0.833528
4 4 0.054761 0.072631 0.021376 0.000665 0.850567
4 4 0.070982 0.108971 0.026488 0.000780 0.792780
4 4 0.098669 0.202485 0.025722 0.000461 0.672662
4 4 0.095899 0.189501 0.026835 0.000531 0.687233
4 4 0.082736 0.140663 0.029078 0.000790 0.746733
4 4 0.077678 0.127601 0.027027 0.000723 0.766972
4 4 0.074900 0.125018 0.022471 0.000486 0.777125
4 4 0.065928 0.103987 0.018743 0.000374 0.810968
4 4 0.049556 0.063959 0.017673 0.000482 0.868329
4 4 0.047063 0.058464 0.017723 0.000522 0.876227
4 4 0.052084 0.068144 0.019413 0.000565 0.859794
4 4 0.051641 0.066574 0.020105 0.000622 0.861058
4 4 0.049802 0.064829 0.017316 0.000456 0.867597
4 4 0.055667 0.079595 0.016521 0.000349 0.847868
4 4 0.062892 0.104278 0.013244 0.000173 0.819413
4 4 0.073870 0.119615 0.024272 0.000597 0.781645
4 4 0.092792 0.176663 0.027581 0.000594 0.702369
4 4 0.105310 0.223382 0.028936 0.000561 0.641813
4 4 0.126198 0.311496 0.066514 0.002088 0.493703
4 4 0.125859 0.278351 0.052194 0.001827 0.541770
4 4 0.121800 0.255771 0.055033 0.002171 0.565224
4 4 0.115021 0.224377 0.057681 0.002630 0.600291
4 4 0.106794 0.197249 0.053034 0.002376 0.640547
4 4 0.109702 0.208816 0.052216 0.002206 0.627061
4 4 0.115520 0.234981 0.049471 0.001804 0.598224
4 4 0.134212 0.320095 0.053876 0.001808 0.490009
4 4 0.131698 0.318113 0.046670 0.001311 0.502207
4 4 0.130188 0.316769 0.042949 0.001090 0.509005
4 4 0.134493 0.315759 0.036988 0.000786 0.511974
4 4 0.126001 0.329953 0.051290 0.001138 0.491619
4 4 0.120371 0.354101 0.093764 0.002275 0.429489
4 4 0.135961 0.321231 0.059858 0.002292 0.480658
4 4 0.112709 0.207328 0.067970 0.004020 0.607973
4 4 0.104009 0.195205 0.044646 0.001625 0.654514
4 4 0.106748 0.215007 0.037245 0.001012 0.639987
4 4 0.087096 0.158212 0.026590 0.000593 0.727509
4 4 0.046472 0.058120 0.016603 0.000453 0.878352
4 4 0.031561 0.030907 0.014763 0.000584 0.922185
4 4 0.023100 0.020681 0.008838 0.000261 0.947120
4 4 0.029496 0.032152 0.007836 0.000139 0.930377
4 4 0.039406 0.049953 0.009691 0.000155 0.900795
4 4 0.062528 0.095030 0.018447 0.000388 0.823608
4 4 0.050871 0.067692 0.016867 0.000416 0.864154
4 4 0.040755 0.044750 0.019290 0.000782 0.894423
4 4 0.046844 0.056304 0.020031 0.000706 0.876115
4 4 0.029477 0.031514 0.008468 0.000168 0.930374
4 4 0.017253 0.013213 0.007466 0.000260 0.961808
4 4 0.016979 0.013468 0.006184 0.000169 0.963201
4 4 0.059580 0.080904 0.025173 0.000878 0.833465
4 4 0.038747 0.040772 0.019852 0.000899 0.899731
4 4 0.054072 0.072571 0.019586 0.000548 0.853223
4 4 0.090823 0.178738 0.022468 0.000373 0.707598
4 4 0.113010 0.262051 0.027411 0.000447 0.597082
4 4 0.119824 0.278343 0.034773 0.000732 0.566328
4 4 0.127840 0.306289 0.041605 0.001035 0.523232
4 4 0.112703 0.242135 0.036025 0.000867 0.608270
4 4 0.079313 0.131245 0.028125 0.000773 0.760544
4 4 0.029326 0.027362 0.014624 0.000632 0.928055
4 4 0.029188 0.025620 0.018617 0.001141 0.925434
4 4 0.041950 0.048202 0.017393 0.000585 0.891870
4 4 0.079911 0.135693 0.025982 0.000632 0.757782
4 4 0.135051 0.320669 0.056628 0.002022 0.485630
4 4 0.126206 0.319377 0.086100 0.003125 0.465193
4 4 0.132812 0.288755 0.073700 0.003910 0.500823
4 4 0.124580 0.271382 0.095033 0.005414 0.503591
4 4 0.124312 0.301430 0.126698 0.007083 0.440478
4 4 0.130389 0.319903 0.100282 0.004857 0.444569
1 4 0.105954 0.348914 0.222823 0.008360 0.313949
2 2 0.089543 0.321989 0.331148 0.014270 0.243050
1 2 0.093116 0.324424 0.302559 0.012466 0.267435
2 1 0.083655 0.297835 0.329691 0.011395 0.277425
2 1 0.084887 0.327205 0.338700 0.011423 0.237785
2 1 0.080779 0.311027 0.356837 0.011774 0.239584
2 2 0.072155 0.282324 0.389839 0.011227 0.244456
2 2 0.060917 0.248294 0.465256 0.013583 0.211950
2 2 0.083691 0.306793 0.316764 0.009378 0.283374
4 2 0.096046 0.317773 0.254370 0.008896 0.322914
1 2 0.088472 0.320155 0.283711 0.008001 0.299660
4 2 0.083585 0.265974 0.237538 0.005777 0.407126
4 2 0.094563 0.301028 0.190023 0.004499 0.409886
4 2 0.092854 0.314674 0.187749 0.003604 0.401118
4 2 0.094594 0.333106 0.209236 0.004469 0.358595
1 2 0.098684 0.370993 0.200186 0.003958 0.326179
1 2 0.084488 0.331183 0.282598 0.005885 0.295846
1 2 0.086072 0.361925 0.273071 0.004965 0.273967
1 2 0.093392 0.365662 0.233423 0.004631 0.302892
1 2 0.099621 0.360735 0.221851 0.005694 0.312099
1 2 0.111711 0.355210 0.180494 0.006174 0.346412
1 2 0.109372 0.364160 0.163842 0.004222 0.358404
1 2 0.093246 0.362534 0.244044 0.005282 0.294895
1 2 0.080589 0.359963 0.297043 0.004731 0.257674
2 2 0.061684 0.313024 0.436295 0.007238 0.181758
2 2 0.051433 0.270916 0.526218 0.010487 0.140946
2 2 0.044455 0.238479 0.588117 0.013792 0.115157
2 2 0.055028 0.253888 0.534043 0.018549 0.138492
2 2 0.049920 0.243717 0.556729 0.015637 0.133997
2 2 0.051555 0.213294 0.551772 0.021459 0.161920
2 2 0.061489 0.250215 0.474738 0.015714 0.197844
2 2 0.056643 0.269225 0.493327 0.011303 0.169502
2 2 0.057145 0.274876 0.502419 0.013118 0.152442
1 2 0.084303 0.334436 0.328965 0.009521 0.242774
2 2 0.077500 0.323270 0.369479 0.010299 0.219451
2 2 0.075875 0.323106 0.375104 0.009849 0.216066
2 2 0.056086 0.228312 0.527933 0.022117 0.165552
2 2 0.061928 0.246105 0.492771 0.021233 0.177964
2 2 0.047360 0.186200 0.588940 0.034172 0.143327
4 2 0.173396 0.225664 0.254984 0.032458 0.313498
0 0 0.437378 0.228614 0.148043 0.019251 0.166714
0 0 0.680281 0.004755 0.002095 0.000075 0.312794
0 0 0.898064 0.017246 0.002335 0.000052 0.082303
0 0 0.918423 0.022897 0.001354 0.000014 0.057313
0 0 0.598509 0.068452 0.006319 0.000080 0.326640
4 0 0.087908 0.058119 0.006472 0.000060 0.847440
4 0 0.268604 0.088211 0.011721 0.000185 0.631279
4 1 0.379555 0.174129 0.031585 0.001082 0.413649
0 0 0.835087 0.095829 0.015377 0.000867 0.052840
0 0 0.625730 0.209433 0.041398 0.002764 0.120675
0 0 0.616960 0.215656 0.016354 0.000320 0.150710
4 0 0.187971 0.302257 0.011702 0.000067 0.498004
4 0 0.272829 0.315779 0.027745 0.000487 0.383160
4 0 0.232297 0.323575 0.040998 0.001095 0.402036
4 0 0.206302 0.343479 0.066256 0.001922 0.382041
4 1 0.251852 0.331655 0.062141 0.002262 0.352091
4 1 0.220672 0.337461 0.065033 0.002193 0.374641
1 1 0.221678 0.349995 0.079432 0.002335 0.346560
1 2 0.312408 0.336095 0.075263 0.002298 0.273935
1 2 0.314798 0.332563 0.082484 0.003005 0.267149
0 2 0.341606 0.308573 0.052975 0.002316 0.294530
4 2 0.243285 0.328250 0.056231 0.002026 0.370206
4 2 0.255808 0.325278 0.051532 0.001772 0.365611
4 2 0.245947 0.334797 0.061883 0.002062 0.355311
4 2 0.292578 0.322967 0.059054 0.002338 0.323063
1 2 0.292129 0.325661 0.064494 0.002604 0.315111
1 2 0.235788 0.361862 0.115160 0.003086 0.284105
1 2 0.145130 0.378376 0.177286 0.003585 0.295622
1 2 0.092460 0.368083 0.249298 0.004461 0.285698
2 2 0.064460 0.302086 0.442829 0.010283 0.180342
2 2 0.064569 0.297841 0.448287 0.011306 0.177998
2 2 0.079001 0.326739 0.359139 0.009945 0.225175
2 2 0.078663 0.314115 0.379272 0.013048 0.214902
2 2 0.064729 0.292374 0.455061 0.012787 0.175048
2 2 0.065401 0.295456 0.448773 0.012312 0.178058
2 2 0.064531 0.307424 0.435127 0.009207 0.183711
2 2 0.056456 0.276140 0.503132 0.012328 0.151944
2 2 0.033992 0.195989 0.670075 0.016557 0.083387
2 2 0.041345 0.212745 0.625644 0.020195 0.100071
2 2 0.044864 0.216290 0.608488 0.023827 0.106531
2 2 0.057376 0.247703 0.531861 0.023961 0.139099
2 2 0.059736 0.268484 0.501339 0.017078 0.153363
2 2 0.060630 0.290802 0.470556 0.011046 0.166966
2 2 0.059077 0.290422 0.476112 0.010352 0.164037
2 2 0.071209 0.315201 0.402221 0.010052 0.201317
2 2 0.082503 0.327696 0.342337 0.010236 0.237228
2 2 0.067273 0.280992 0.421997 0.011189 0.218549
2 2 0.079468 0.256554 0.340438 0.013707 0.309833
2 2 0.060656 0.201667 0.466124 0.021731 0.249823
2 2 0.063786 0.201726 0.437453 0.021216 0.275820
2 2 0.058820 0.239575 0.489408 0.015980 0.196218
2 2 0.072096 0.269594 0.404904 0.014404 0.239003
2 2 0.063937 0.277274 0.457232 0.013201 0.188356
2 2 0.070340 0.275967 0.381328 0.009448 0.262917
2 2 0.066494 0.256445 0.395558 0.009621 0.271883
2 2 0.069802 0.268529 0.397861 0.011393 0.252415
2 2 0.067549 0.270758 0.444164 0.015774 0.201755
2 2 0.070149 0.280758 0.449777 0.019822 0.179495
2 2 0.065543 0.262075 0.487845 0.025292 0.159245
2 2 0.050058 0.219105 0.578302 0.026651 0.125884
2 2 0.041336 0.188140 0.634224 0.048881 0.087419
2 2 0.030919 0.112403 0.641254 0.135565 0.079859
2 2 0.053686 0.158478 0.520242 0.068697 0.198898
2 2 0.021470 0.077316 0.618171 0.219697 0.063346
2 2 0.038631 0.144162 0.603448 0.121571 0.092189
2 2 0.051808 0.108717 0.415414 0.228735 0.195326
2 2 0.080716 0.186041 0.382497 0.137259 0.213488
