0 0 0.852179 0.067668 0.050511 0.019335 0.010308
0 0 0.867949 0.060654 0.045710 0.017729 0.007958
0 0 0.823713 0.080537 0.058701 0.020932 0.016117
0 0 0.634994 0.168774 0.151143 0.022210 0.022880
0 0 0.869791 0.065540 0.038520 0.003434 0.022714
0 0 0.949972 0.028289 0.014958 0.000511 0.006271
0 0 0.979875 0.011847 0.007159 0.000399 0.000721
0 0 0.983170 0.009673 0.006279 0.000501 0.000377
0 0 0.973953 0.013653 0.010026 0.001901 0.000467
0 0 0.938329 0.030008 0.022762 0.006991 0.001910
0 0 0.874028 0.061897 0.042861 0.010034 0.011180
0 0 0.787035 0.098530 0.060964 0.008838 0.044633
0 0 0.541355 0.141690 0.073218 0.004641 0.239096
4 0 0.117234 0.090335 0.039264 0.001279 0.751888
4 0 0.213913 0.126093 0.059920 0.003042 0.597032
0 0 0.481903 0.157060 0.085436 0.007961 0.267640
0 0 0.788727 0.098162 0.063360 0.011824 0.037928
0 0 0.805292 0.091229 0.061384 0.014237 0.027859
0 0 0.893024 0.051709 0.037651 0.011119 0.006497
0 0 0.897343 0.049634 0.036299 0.010831 0.005892
0 0 0.912421 0.040662 0.031459 0.012216 0.003242
0 0 0.908740 0.041639 0.032608 0.013755 0.003256
0 0 0.908123 0.038894 0.032179 0.018458 0.002345
0 0 0.885611 0.052168 0.040144 0.016631 0.005445
0 0 0.884387 0.047322 0.039423 0.025471 0.003396
0 0 0.895665 0.039572 0.034628 0.028134 0.002001
0 0 0.915917 0.029474 0.027101 0.026571 0.000937
0 0 0.910343 0.040500 0.032020 0.014158 0.002980
0 0 0.905224 0.041948 0.033569 0.016195 0.003063
0 0 0.921538 0.033952 0.027945 0.014743 0.001823
0 0 0.856712 0.071199 0.044924 0.006353 0.020811
0 0 0.813925 0.088204 0.053387 0.006447 0.038037
0 0 0.738125 0.114854 0.069833 0.009830 0.067358
0 0 0.779934 0.101332 0.063830 0.010439 0.044464
0 0 0.867328 0.065427 0.044384 0.009386 0.013475
0 0 0.820204 0.085197 0.057601 0.013341 0.023658
0 0 0.856483 0.069396 0.048136 0.011931 0.014054
0 0 0.884382 0.057249 0.039752 0.009170 0.009446
0 0 0.885533 0.055044 0.040015 0.011994 0.007414
0 0 0.853972 0.070212 0.049035 0.012727 0.014054
0 0 0.845162 0.074779 0.050899 0.011610 0.017550
0 0 0.747124 0.113165 0.073539 0.015305 0.050868
0 0 0.749798 0.112146 0.071690 0.013457 0.052910
0 0 0.783946 0.099908 0.063265 0.010609 0.042271
0 0 0.756981 0.109690 0.070586 0.013637 0.049107
0 0 0.807731 0.090599 0.060023 0.012639 0.029008
0 0 0.834809 0.079961 0.052289 0.009634 0.023307
0 0 0.856277 0.070684 0.046975 0.009057 0.017006
0 0 0.773449 0.103530 0.069004 0.016021 0.037996
0 0 0.802488 0.092681 0.061260 0.012849 0.030722
0 0 0.771136 0.104595 0.068458 0.014313 0.041498
0 0 0.847545 0.072647 0.051075 0.014002 0.014732
0 0 0.867351 0.062580 0.045726 0.014887 0.009455
0 0 0.872232 0.059675 0.044336 0.015665 0.008092
0 0 0.876816 0.058599 0.042789 0.013510 0.008287
0 0 0.897586 0.048119 0.036340 0.013013 0.004942
0 0 0.915432 0.040724 0.030486 0.009704 0.003654
0 0 0.894521 0.047506 0.037205 0.016529 0.004239
0 0 0.887435 0.047611 0.038900 0.022378 0.003676
0 0 0.880254 0.054819 0.041860 0.016881 0.006185
0 0 0.914853 0.041399 0.030646 0.009174 0.003928
0 0 0.917621 0.037657 0.029656 0.012453 0.002614
0 0 0.922705 0.033998 0.027690 0.013710 0.001897
0 0 0.905261 0.043697 0.033805 0.013494 0.003743
0 0 0.855894 0.065863 0.049401 0.019257 0.009584
0 0 0.885375 0.051629 0.040162 0.017700 0.005134
0 0 0.867328 0.054102 0.044757 0.029244 0.004569
0 0 0.834516 0.062265 0.053138 0.044568 0.005513
0 0 0.860620 0.065623 0.047740 0.015432 0.010585
0 0 0.862182 0.064676 0.047324 0.015750 0.010067
0 0 0.876848 0.054640 0.042791 0.020094 0.005627
0 0 0.880946 0.055733 0.041629 0.014782 0.006909
0 0 0.877684 0.059824 0.042010 0.010558 0.009924
0 0 0.872883 0.063133 0.042615 0.008617 0.012752
0 0 0.858808 0.066057 0.048357 0.016281 0.010497
0 0 0.852068 0.067399 0.050564 0.019924 0.010046
0 0 0.762041 0.105171 0.075162 0.026841 0.030785
0 0 0.625435 0.169417 0.131288 0.023921 0.049938
0 0 0.703852 0.134506 0.095478 0.019216 0.046947
0 0 0.751115 0.115605 0.082086 0.017171 0.034023
0 0 0.799440 0.093843 0.062093 0.013182 0.031443
0 0 0.805422 0.090846 0.061875 0.015419 0.026438
0 1 0.741453 0.114997 0.076683 0.018796 0.048071
0 1 0.461248 0.216702 0.147961 0.013272 0.160817
4 0 0.087505 0.215785 0.141017 0.002678 0.553014
4 1 0.048252 0.256192 0.192290 0.001365 0.501901
4 4 0.065069 0.203861 0.132568 0.001680 0.596821
4 4 0.086084 0.185846 0.113021 0.002204 0.612846
4 4 0.098659 0.252289 0.179174 0.004338 0.465541
4 4 0.087031 0.239990 0.168157 0.003972 0.500851
4 4 0.069469 0.135824 0.073043 0.001126 0.720538
4 4 0.056952 0.171082 0.102835 0.000962 0.668169
4 4 0.049557 0.230043 0.161712 0.001144 0.557545
4 4 0.049515 0.231778 0.163632 0.001159 0.553917
4 4 0.051366 0.224914 0.155847 0.001185 0.566689
4 4 0.052893 0.236191 0.168002 0.001393 0.541521
4 4 0.042813 0.291345 0.240742 0.001511 0.423590
4 4 0.070377 0.206198 0.134427 0.002043 0.586955
4 4 0.067667 0.244309 0.199139 0.003169 0.485716
4 4 0.086560 0.231240 0.190328 0.005345 0.486527
4 4 0.094009 0.195025 0.122327 0.003623 0.585016
4 4 0.088015 0.157830 0.089707 0.002294 0.662154
4 4 0.063773 0.128671 0.067929 0.000879 0.738748
4 4 0.063539 0.120478 0.061919 0.000815 0.753250
4 4 0.056299 0.146690 0.082379 0.000773 0.713859
4 4 0.041705 0.235787 0.169654 0.000825 0.552029
2 4 0.024261 0.309036 0.365131 0.001042 0.300531
4 4 0.039018 0.284616 0.232162 0.001144 0.443061
4 4 0.045790 0.275544 0.217701 0.001473 0.459491
4 4 0.050710 0.272381 0.212412 0.001787 0.462710
4 4 0.058251 0.235127 0.166050 0.001710 0.538862
4 4 0.049745 0.273236 0.213739 0.001728 0.461552
4 4 0.035582 0.318038 0.286540 0.001421 0.358420
1 4 0.029280 0.338566 0.331049 0.001316 0.299789
2 4 0.028038 0.352308 0.366836 0.001641 0.251176
4 4 0.055955 0.209147 0.138794 0.001254 0.594849
4 4 0.070347 0.116864 0.059028 0.000989 0.752773
4 4 0.073662 0.083832 0.037111 0.000810 0.804584
4 4 0.075813 0.074119 0.031286 0.000781 0.818000
4 4 0.075912 0.101556 0.048335 0.001025 0.773173
4 4 0.041354 0.236094 0.170083 0.000812 0.551657
4 4 0.046595 0.162326 0.096299 0.000579 0.694201
4 4 0.054058 0.112757 0.056903 0.000536 0.775747
4 4 0.064366 0.061998 0.026602 0.000631 0.846404
4 4 0.058002 0.058697 0.027837 0.000750 0.854714
4 4 0.078731 0.072646 0.030383 0.000836 0.817405
4 4 0.066371 0.125651 0.065556 0.000936 0.741485
4 4 0.043198 0.251081 0.187173 0.001021 0.517527
4 4 0.037291 0.297492 0.251814 0.001201 0.412202
1 4 0.031157 0.333641 0.319086 0.001371 0.314745
4 4 0.043300 0.277691 0.221242 0.001333 0.456434
4 4 0.038204 0.302050 0.258590 0.001338 0.399818
4 4 0.039371 0.298429 0.252512 0.001367 0.408322
4 4 0.033192 0.314489 0.281386 0.001162 0.369771
2 4 0.028747 0.355962 0.377382 0.001925 0.235985
2 0 0.019245 0.369885 0.469243 0.002018 0.139610
2 1 0.019370 0.369988 0.471450 0.002107 0.137086
2 2 0.015788 0.329434 0.533528 0.002047 0.119203
2 2 0.010916 0.261579 0.637631 0.002029 0.087845
2 2 0.008509 0.231849 0.690697 0.002061 0.066884
2 2 0.007831 0.212398 0.710688 0.001893 0.067190
2 1 0.004633 0.156165 0.796911 0.001759 0.040532
2 1 0.005595 0.176592 0.765549 0.001695 0.050569
2 1 0.006746 0.201068 0.734335 0.001906 0.055944
2 1 0.002987 0.129814 0.845155 0.002243 0.019802
2 1 0.003664 0.129284 0.837812 0.002267 0.026973
2 1 0.002326 0.091382 0.886146 0.002063 0.018083
2 1 0.001329 0.063993 0.922482 0.002553 0.009642
2 2 0.002097 0.093477 0.886055 0.001831 0.016540
2 2 0.001492 0.067537 0.917684 0.002716 0.010570
2 2 0.001758 0.074222 0.910427 0.002760 0.010833
2 2 0.000806 0.042653 0.944395 0.005474 0.006672
2 2 0.000779 0.042188 0.945910 0.004801 0.006321
2 2 0.000479 0.027286 0.961554 0.005824 0.004858
2 2 0.000598 0.029838 0.959026 0.005250 0.005288
2 2 0.001346 0.050912 0.935050 0.003889 0.008803
2 2 0.001056 0.049999 0.937930 0.003203 0.007811
2 2 0.002513 0.091982 0.886639 0.002992 0.015875
2 2 0.000988 0.050306 0.938066 0.003803 0.006837
2 2 0.000254 0.018873 0.974075 0.003792 0.003007
2 2 0.000206 0.014614 0.977863 0.004598 0.002719
2 2 0.000195 0.011951 0.978176 0.006866 0.002813
2 2 0.000189 0.010181 0.972885 0.013796 0.002948
2 2 0.000152 0.007926 0.967546 0.021953 0.002424
2 2 0.000250 0.010065 0.962547 0.023956 0.003182
2 2 0.000382 0.011395 0.951934 0.033014 0.003276
2 2 0.000477 0.007996 0.907310 0.082215 0.002002
2 3 0.000705 0.008133 0.852291 0.136341 0.002529
2 3 0.001466 0.010503 0.795838 0.189084 0.003108
2 3 0.001478 0.010912 0.764454 0.219395 0.003761
2 3 0.002212 0.014621 0.786898 0.191941 0.004328
2 3 0.001621 0.011377 0.770209 0.213114 0.003680
2 3 0.002173 0.010676 0.694648 0.289061 0.003440
2 3 0.002507 0.008034 0.524666 0.462138 0.002655
3 3 0.003447 0.006780 0.372433 0.615086 0.002255
3 3 0.003761 0.005508 0.277319 0.711495 0.001917
3 3 0.002983 0.003715 0.184184 0.807628 0.001490
3 3 0.003019 0.004126 0.216579 0.774684 0.001591
3 3 0.002983 0.004810 0.257494 0.732737 0.001976
3 3 0.004421 0.006001 0.266146 0.721184 0.002247
3 3 0.004628 0.004241 0.147634 0.841899 0.001597
3 3 0.004244 0.003762 0.147367 0.843346 0.001281
3 3 0.005157 0.005124 0.190845 0.796994 0.001879
3 3 0.004751 0.004706 0.170243 0.818470 0.001830
3 3 0.004258 0.004560 0.184446 0.805077 0.001659
3 3 0.003218 0.003363 0.154796 0.837330 0.001293
3 3 0.004093 0.003580 0.130243 0.860796 0.001288
3 3 0.002705 0.002438 0.095230 0.898658 0.000969
3 3 0.003091 0.002876 0.112001 0.880892 0.001140
3 3 0.003814 0.003555 0.134580 0.856696 0.001355
3 3 0.004118 0.004119 0.178080 0.812264 0.001420
3 3 0.004137 0.003815 0.169662 0.821153 0.001233
3 3 0.004827 0.003727 0.126469 0.863796 0.001181
3 3 0.004058 0.003011 0.095140 0.896771 0.001019
3 3 0.003879 0.002651 0.074162 0.918393 0.000914
3 3 0.003268 0.002443 0.079482 0.913938 0.000868
3 3 0.002870 0.002210 0.079815 0.914329 0.000776
3 3 0.002903 0.002078 0.070185 0.924126 0.000708
3 3 0.004766 0.003249 0.094699 0.896266 0.001020
3 3 0.005337 0.003675 0.103060 0.886766 0.001162
3 3 0.005817 0.003632 0.101370 0.888167 0.001013
3 3 0.004104 0.002801 0.088667 0.903564 0.000863
3 3 0.002830 0.002056 0.075726 0.918718 0.000671
3 3 0.005549 0.003610 0.095469 0.894259 0.001113
3 3 0.011261 0.006410 0.133772 0.846890 0.001667
3 3 0.013686 0.007362 0.152886 0.824362 0.001705
3 3 0.005961 0.004160 0.121075 0.867550 0.001254
3 3 0.002678 0.002195 0.094106 0.900285 0.000736
3 3 0.002582 0.002119 0.087085 0.907471 0.000743
3 3 0.006548 0.004137 0.113692 0.874480 0.001142
3 3 0.003708 0.002908 0.100958 0.891429 0.000996
3 3 0.004550 0.003211 0.101018 0.890220 0.001000
3 3 0.004362 0.003182 0.108856 0.882626 0.000974
3 3 0.013719 0.008250 0.181952 0.794039 0.002041
3 3 0.015006 0.008302 0.212353 0.762715 0.001623
3 3 0.024950 0.011697 0.255113 0.706396 0.001844
3 3 0.029310 0.017245 0.403131 0.547918 0.002396
2 2 0.012164 0.027507 0.743121 0.212765 0.004442
2 3 0.004090 0.027228 0.882296 0.081980 0.004405
2 3 0.000715 0.014447 0.940224 0.041118 0.003495
2 2 0.000409 0.011990 0.945630 0.037994 0.003977
2 2 0.000512 0.013630 0.949664 0.031995 0.004199
2 2 0.002999 0.022596 0.939024 0.032206 0.003175
2 2 0.009992 0.032684 0.887276 0.065497 0.004551
2 2 0.010594 0.034967 0.870207 0.079155 0.005077
2 2 0.005129 0.019832 0.874372 0.098311 0.002355
2 2 0.001073 0.012627 0.940873 0.043510 0.001916
2 2 0.001283 0.011941 0.914184 0.070371 0.002221
2 2 0.001587 0.014642 0.903997 0.076165 0.003609
2 2 0.001715 0.015335 0.918589 0.061508 0.002853
2 2 0.001190 0.015543 0.933105 0.047189 0.002973
2 2 0.000989 0.011740 0.935091 0.050179 0.002001
2 2 0.001222 0.010606 0.924483 0.062026 0.001663
2 3 0.002054 0.011256 0.866235 0.118493 0.001962
2 2 0.001970 0.010679 0.815741 0.169524 0.002086
2 2 0.001393 0.010807 0.834453 0.150817 0.002530
2 2 0.000528 0.010198 0.910769 0.075464 0.003041
2 3 0.000525 0.011424 0.916400 0.067674 0.003977
2 2 0.000689 0.010073 0.910739 0.075569 0.002929
2 3 0.001224 0.010121 0.839850 0.146096 0.002709
2 3 0.005176 0.017623 0.822661 0.151447 0.003093
2 2 0.006326 0.020425 0.840294 0.129925 0.003029
2 2 0.003290 0.021000 0.888066 0.084500 0.003144
2 2 0.001508 0.016889 0.914645 0.064114 0.002844
2 2 0.000505 0.010968 0.937073 0.048535 0.002918
2 2 0.000467 0.007659 0.923246 0.066706 0.001922
2 3 0.000990 0.009063 0.891321 0.096625 0.002001
2 2 0.001971 0.013841 0.868023 0.112919 0.003246
2 2 0.001122 0.009293 0.805367 0.181855 0.002363
2 2 0.001226 0.015704 0.888880 0.089742 0.004448
2 2 0.000785 0.013784 0.925619 0.056057 0.003754
2 2 0.000566 0.011175 0.917989 0.066975 0.003295
2 2 0.000550 0.012407 0.923429 0.059824 0.003789
2 2 0.000400 0.010245 0.924191 0.061623 0.003540
2 2 0.000243 0.005489 0.910449 0.082182 0.001638
2 2 0.000347 0.005128 0.863307 0.129767 0.001450
2 2 0.000464 0.005749 0.862522 0.129968 0.001297
2 2 0.000444 0.006218 0.873358 0.118534 0.001446
2 3 0.000581 0.009428 0.913509 0.074058 0.002423
2 3 0.000474 0.009180 0.931071 0.056985 0.002289
2 3 0.000739 0.011065 0.887598 0.096869 0.003729
2 3 0.000842 0.012003 0.866689 0.115938 0.004529
2 3 0.001443 0.011314 0.797815 0.185602 0.003826
2 0 0.016522 0.026397 0.858617 0.096047 0.002417
2 2 0.048321 0.036819 0.721496 0.189837 0.003527
2 2 0.159762 0.104452 0.581846 0.134788 0.019153
2 2 0.021646 0.057497 0.805292 0.107698 0.007867
2 2 0.005302 0.038340 0.868904 0.079303 0.008151
2 2 0.000883 0.014757 0.899309 0.079638 0.005413
2 2 0.000671 0.013912 0.916252 0.063212 0.005955
2 2 0.001553 0.016497 0.906396 0.070871 0.004682
2 2 0.003338 0.023284 0.899660 0.068214 0.005505
2 3 0.002197 0.021491 0.886744 0.083799 0.005769
2 2 0.001513 0.019731 0.867058 0.103724 0.007974
2 2 0.000751 0.015826 0.863607 0.108452 0.011364
2 2 0.001019 0.014143 0.843179 0.133806 0.007854
2 3 0.001054 0.016455 0.864235 0.108768 0.009489
2 2 0.001038 0.014760 0.870685 0.107800 0.005717
2 3 0.000974 0.014380 0.874293 0.104414 0.005939
2 2 0.000961 0.013505 0.887047 0.093959 0.004527
2 3 0.001291 0.016778 0.875278 0.100511 0.006143
2 3 0.001661 0.017323 0.799633 0.173218 0.008165
2 2 0.001221 0.014642 0.813734 0.163214 0.007189
2 3 0.002083 0.014838 0.833900 0.144541 0.004638
2 2 0.008774 0.021276 0.821245 0.145432 0.003273
2 0 0.022485 0.034904 0.812724 0.125249 0.004638
2 2 0.022569 0.050615 0.796456 0.121681 0.008679
2 2 0.006930 0.038924 0.856126 0.091358 0.006662
2 2 0.001115 0.018203 0.922630 0.053687 0.004365
2 2 0.000741 0.012367 0.889406 0.092409 0.005078
2 2 0.000539 0.009987 0.927489 0.058843 0.003143
2 2 0.000892 0.013958 0.916018 0.065169 0.003963
2 2 0.000957 0.012930 0.898781 0.084148 0.003184
2 2 0.001035 0.014925 0.901985 0.078221 0.003835
2 2 0.000628 0.008103 0.852261 0.136981 0.002027
2 2 0.000889 0.009563 0.833370 0.153193 0.002986
2 2 0.001183 0.012682 0.861930 0.120218 0.003986
2 2 0.002222 0.015117 0.773866 0.203111 0.005684
2 2 0.002254 0.018148 0.829422 0.143470 0.006706
2 2 0.000940 0.010661 0.859199 0.126273 0.002927
2 2 0.002576 0.018124 0.844263 0.129316 0.005721
2 3 0.003835 0.023113 0.828526 0.137420 0.007107
2 2 0.003345 0.014654 0.702459 0.274877 0.004665
2 3 0.007618 0.019327 0.621945 0.345054 0.006056
3 3 0.007633 0.011941 0.421733 0.555060 0.003633
3 3 0.004034 0.007791 0.342685 0.642257 0.003233
3 3 0.002017 0.005346 0.352151 0.638316 0.002169
3 3 0.004340 0.008117 0.415869 0.569194 0.002481
2 0 0.007827 0.011982 0.495944 0.481469 0.002778
2 3 0.008980 0.018369 0.631708 0.336995 0.003948
2 2 0.005717 0.022757 0.757519 0.208750 0.005257
2 2 0.001965 0.019338 0.890022 0.084303 0.004372
2 2 0.002403 0.026668 0.901904 0.062233 0.006793
2 2 0.001723 0.022547 0.906286 0.063005 0.006438
2 3 0.000966 0.011521 0.864665 0.119515 0.003333
2 3 0.001357 0.011428 0.848373 0.135929 0.002912
2 3 0.002702 0.013630 0.811358 0.169124 0.003186
2 2 0.003143 0.019878 0.873374 0.099421 0.004183
2 2 0.004197 0.023592 0.847094 0.119706 0.005410
2 2 0.002611 0.021402 0.874048 0.095748 0.006191
2 3 0.002266 0.016206 0.834330 0.142248 0.004951
2 3 0.003282 0.013574 0.727727 0.251728 0.003688
2 0 0.006465 0.013627 0.760109 0.217958 0.001842
2 2 0.021450 0.030762 0.744425 0.198771 0.004592
2 2 0.036989 0.082915 0.802534 0.061501 0.016060
2 2 0.003075 0.034677 0.936353 0.021467 0.004428
2 2 0.008588 0.071690 0.886398 0.022092 0.011233
2 2 0.001993 0.025812 0.931147 0.034698 0.006350
2 2 0.001195 0.011898 0.887125 0.096722 0.003060
2 2 0.000920 0.012243 0.918455 0.065084 0.003299
2 2 0.000705 0.011988 0.922923 0.060966 0.003417
2 2 0.000946 0.021570 0.944212 0.026687 0.006586
2 2 0.001030 0.024989 0.948424 0.019748 0.005809
2 2 0.001639 0.027053 0.943091 0.022746 0.005471
2 2 0.002929 0.037475 0.929575 0.022043 0.007978
2 2 0.001650 0.032384 0.944133 0.013713 0.008121
2 2 0.002757 0.059456 0.915850 0.008426 0.013512
2 2 0.003071 0.091216 0.880784 0.002831 0.022097
2 2 0.007084 0.183790 0.749732 0.002256 0.057138
2 1 0.006937 0.174086 0.773243 0.003510 0.042224
2 1 0.004817 0.141514 0.821882 0.003480 0.028308
2 1 0.004202 0.123212 0.847777 0.004801 0.020008
2 0 0.002975 0.107629 0.870620 0.003944 0.014832
2 1 0.009788 0.156174 0.783332 0.007976 0.042730
2 0 0.014366 0.189743 0.692200 0.004337 0.099354
2 4 0.026289 0.244054 0.531680 0.003976 0.194001
4 4 0.036042 0.287712 0.314261 0.001726 0.360258
4 4 0.046121 0.291158 0.239580 0.001777 0.421364
4 4 0.046347 0.294558 0.244572 0.001869 0.412655
4 4 0.043026 0.309628 0.269283 0.001917 0.376147
1 4 0.039826 0.329083 0.305633 0.002164 0.323294
2 4 0.026804 0.345701 0.424403 0.002383 0.200710
2 0 0.016268 0.299037 0.579873 0.003189 0.101632
2 0 0.007219 0.187589 0.745909 0.002309 0.056974
2 0 0.010349 0.200080 0.715763 0.003408 0.070401
2 0 0.012123 0.231175 0.666524 0.002961 0.087217
2 1 0.020360 0.315986 0.510092 0.002524 0.151038
2 1 0.022246 0.341157 0.428724 0.001572 0.206301
2 1 0.024177 0.365012 0.417413 0.001918 0.191481
2 1 0.019693 0.357683 0.480403 0.002221 0.140001
2 2 0.000406 0.022849 0.965870 0.006428 0.004448
2 2 0.000279 0.020303 0.970895 0.005059 0.003464
2 2 0.000160 0.013402 0.977158 0.006619 0.002660
2 2 0.000124 0.010356 0.980372 0.006894 0.002255
2 2 0.000218 0.014845 0.976817 0.005222 0.002897
2 2 0.000135 0.011760 0.980967 0.004934 0.002203
2 2 0.000161 0.012718 0.977910 0.006587 0.002623
2 2 0.000449 0.023426 0.964596 0.006793 0.004736
2 2 0.000387 0.020912 0.968256 0.006226 0.004218
2 2 0.000642 0.032633 0.956704 0.004635 0.005386
2 2 0.001137 0.049706 0.937560 0.004190 0.007407
2 2 0.000805 0.038251 0.947906 0.006309 0.006729
2 2 0.001047 0.044027 0.939858 0.007043 0.008025
2 2 0.000693 0.032950 0.953043 0.007046 0.006269
2 2 0.000185 0.014910 0.975632 0.006397 0.002875
2 2 0.000107 0.009887 0.982874 0.005197 0.001936
2 2 0.000082 0.007501 0.983863 0.006815 0.001740
2 2 0.000103 0.006702 0.975915 0.015211 0.002069
2 2 0.000168 0.007559 0.969510 0.020611 0.002152
2 2 0.000327 0.007408 0.952079 0.038375 0.001812
2 2 0.000923 0.011013 0.946976 0.039250 0.001838
2 2 0.001812 0.016760 0.939795 0.039027 0.002606
2 2 0.000842 0.017508 0.947575 0.029846 0.004229
2 2 0.000784 0.025311 0.947451 0.018431 0.008023
2 2 0.000255 0.012360 0.964107 0.019057 0.004221
2 2 0.000433 0.017552 0.956211 0.019967 0.005837
2 2 0.000568 0.022393 0.956431 0.014270 0.006338
2 2 0.000442 0.015401 0.949793 0.029510 0.004854
2 2 0.000370 0.010718 0.956657 0.029821 0.002434
2 2 0.000606 0.014262 0.956461 0.025148 0.003523
2 0 0.001425 0.057808 0.927485 0.004598 0.008684
2 1 0.002949 0.091403 0.883376 0.007247 0.015026
2 2 0.002031 0.056725 0.918350 0.010369 0.012524
2 2 0.001011 0.029140 0.947230 0.015195 0.007424
2 2 0.000650 0.017660 0.954310 0.023231 0.004149
2 2 0.000505 0.019659 0.960770 0.014194 0.004872
2 2 0.000538 0.022265 0.957127 0.013921 0.006148
2 2 0.000222 0.011854 0.962883 0.020982 0.004058
2 2 0.000250 0.013128 0.963871 0.018522 0.004228
2 2 0.000272 0.014527 0.966228 0.014757 0.004217
2 2 0.000219 0.016084 0.973981 0.006553 0.003164
2 2 0.000115 0.011069 0.980502 0.006151 0.002163
2 2 0.000155 0.011167 0.979167 0.006980 0.002531
2 2 0.000139 0.008329 0.977885 0.011561 0.002086
2 2 0.000293 0.009518 0.959477 0.028042 0.002671
2 2 0.000262 0.008382 0.949520 0.039162 0.002674
2 2 0.000530 0.010011 0.929571 0.057264 0.002625
2 2 0.000864 0.013057 0.929210 0.053818 0.003051
2 3 0.002682 0.019918 0.890025 0.082663 0.004712
2 2 0.003336 0.018698 0.837251 0.135992 0.004723
2 2 0.004309 0.024675 0.840051 0.124584 0.006381
2 2 0.002609 0.022560 0.882436 0.086242 0.006153
2 2 0.001353 0.014452 0.886288 0.094342 0.003565
2 2 0.001025 0.018224 0.937198 0.038966 0.004587
2 2 0.000839 0.016614 0.941225 0.037308 0.004015
2 2 0.000424 0.013888 0.964515 0.017915 0.003257
2 2 0.000549 0.010895 0.945197 0.041123 0.002236
2 2 0.000796 0.010984 0.920184 0.065692 0.002344
2 3 0.000862 0.009137 0.888624 0.099454 0.001922
2 3 0.000699 0.006932 0.826144 0.164456 0.001769
2 2 0.001294 0.008523 0.688987 0.297875 0.003321
2 2 0.001179 0.010231 0.777607 0.207467 0.003516
2 3 0.002175 0.012591 0.717605 0.263228 0.004402
2 3 0.002159 0.009879 0.630740 0.353679 0.003544
2 3 0.001234 0.005664 0.545931 0.445201 0.001970
2 3 0.001061 0.006132 0.616552 0.374077 0.002178
2 3 0.001451 0.007004 0.642784 0.346758 0.002003
2 3 0.002369 0.009813 0.608645 0.375975 0.003198
2 3 0.003055 0.012957 0.686456 0.293759 0.003773
2 3 0.002914 0.013646 0.702956 0.276243 0.004240
2 3 0.002095 0.010715 0.710219 0.273720 0.003252
2 3 0.002642 0.012789 0.687923 0.292245 0.004401
2 3 0.002328 0.009862 0.554227 0.429377 0.004207
3 3 0.002421 0.007174 0.408888 0.578352 0.003165
3 3 0.002529 0.006777 0.405565 0.582507 0.002622
2 3 0.003066 0.008629 0.496011 0.489543 0.002750
2 3 0.003622 0.010898 0.577511 0.404774 0.003194
2 3 0.003654 0.010961 0.559555 0.422345 0.003486
3 3 0.007452 0.013365 0.464935 0.509775 0.004473
3 3 0.007409 0.009468 0.289762 0.689381 0.003980
3 3 0.006152 0.007816 0.270076 0.712642 0.003314
3 3 0.004445 0.005031 0.177552 0.810608 0.002364
3 3 0.004344 0.004557 0.167333 0.821835 0.001931
3 3 0.005032 0.005199 0.176400 0.811166 0.002203
3 3 0.004866 0.005496 0.177710 0.809400 0.002529
3 3 0.004060 0.004686 0.184353 0.804908 0.001993
3 3 0.006830 0.005438 0.153212 0.832667 0.001852
3 3 0.007464 0.005621 0.137102 0.847845 0.001969
3 3 0.006700 0.006077 0.171103 0.813737 0.002384
3 3 0.004533 0.007755 0.285500 0.698897 0.003314
3 3 0.003213 0.008008 0.384608 0.600967 0.003203
2 3 0.002425 0.014370 0.619268 0.356900 0.007038
2 3 0.001629 0.014032 0.763908 0.214950 0.005481
2 3 0.002211 0.016970 0.830020 0.145290 0.005509
2 3 0.002916 0.015410 0.760760 0.215777 0.005137
2 3 0.004129 0.014222 0.657454 0.319097 0.005098
3 3 0.002551 0.007501 0.492561 0.494602 0.002785
2 3 0.003103 0.009119 0.562704 0.422318 0.002756
3 3 0.003879 0.008151 0.423650 0.561705 0.002616
2 3 0.006527 0.014937 0.590532 0.383981 0.004024
2 3 0.007984 0.016504 0.577995 0.393035 0.004482
3 3 0.005012 0.011930 0.473172 0.505394 0.004492
3 3 0.002924 0.006495 0.302318 0.685039 0.003223
3 3 0.004194 0.007695 0.341832 0.642962 0.003316
3 3 0.005312 0.005545 0.204141 0.782817 0.002185
3 3 0.006559 0.006095 0.197972 0.787174 0.002200
3 3 0.006143 0.005107 0.167173 0.819907 0.001670
3 3 0.006858 0.006151 0.206359 0.778575 0.002056
3 3 0.005510 0.005290 0.189691 0.797578 0.001931
3 3 0.007634 0.006576 0.189799 0.793693 0.002299
3 3 0.006411 0.005607 0.149075 0.836660 0.002248
3 3 0.004579 0.004602 0.132837 0.855763 0.002219
3 3 0.003744 0.004304 0.143729 0.845957 0.002266
3 3 0.002728 0.003146 0.124197 0.868323 0.001605
3 3 0.002320 0.002412 0.096243 0.897877 0.001148
3 3 0.001578 0.001606 0.075967 0.920118 0.000732
3 3 0.001805 0.001719 0.077782 0.917967 0.000727
3 3 0.001784 0.001566 0.071461 0.924583 0.000606
3 3 0.002932 0.002277 0.082550 0.911442 0.000799
3 3 0.002290 0.002046 0.082261 0.912577 0.000827
3 3 0.002678 0.002466 0.080612 0.913090 0.001154
3 3 0.002665 0.002215 0.065874 0.928245 0.001000
3 3 0.001226 0.001177 0.056321 0.940741 0.000537
3 3 0.001632 0.001482 0.063893 0.932357 0.000636
3 3 0.002696 0.002124 0.079850 0.914576 0.000754
3 3 0.002478 0.001853 0.064167 0.930824 0.000679
3 3 0.003777 0.002993 0.090401 0.901680 0.001149
3 3 0.026534 0.012335 0.233308 0.725699 0.002123
3 0 0.248595 0.060556 0.310128 0.374351 0.006370
2 0 0.290716 0.114468 0.399506 0.174068 0.021242
2 2 0.199598 0.167832 0.474311 0.121644 0.036615
2 2 0.095125 0.166080 0.654871 0.063099 0.020825
2 3 0.001884 0.010646 0.802436 0.182672 0.002361
2 3 0.003807 0.015767 0.795330 0.181835 0.003261
2 3 0.002548 0.012694 0.751186 0.230355 0.003217
2 2 0.003497 0.014238 0.694587 0.283709 0.003969
2 2 0.002332 0.015727 0.829386 0.148501 0.004053
2 4 0.002355 0.025806 0.910791 0.054513 0.006536
2 4 0.001787 0.045688 0.932282 0.009662 0.010580
2 4 0.005981 0.111622 0.847695 0.007156 0.027546
2 4 0.008607 0.165209 0.759224 0.003255 0.063705
2 4 0.011085 0.133256 0.780856 0.006176 0.068627
2 4 0.022307 0.176599 0.639649 0.005904 0.155540
2 4 0.033469 0.227792 0.569842 0.009915 0.158982
2 4 0.013561 0.214579 0.696213 0.005632 0.070014
2 4 0.052621 0.292695 0.383982 0.007190 0.263512
4 4 0.059354 0.212982 0.232827 0.003079 0.491758
4 4 0.102338 0.154031 0.095934 0.003665 0.644032
4 4 0.099475 0.159313 0.090564 0.003080 0.647568
4 4 0.095988 0.186769 0.125414 0.003996 0.587834
4 4 0.036724 0.315305 0.281209 0.001464 0.365298
1 4 0.028271 0.342990 0.342106 0.001337 0.285297
2 4 0.026193 0.351807 0.367023 0.001403 0.253574
1 4 0.031675 0.330914 0.313117 0.001354 0.322940
4 4 0.035006 0.327204 0.303948 0.001580 0.332262
4 4 0.037373 0.324708 0.298081 0.001750 0.338088
4 4 0.043229 0.297124 0.278895 0.002054 0.378698
4 4 0.048489 0.278941 0.221700 0.001733 0.449136
4 4 0.048271 0.254319 0.189998 0.001342 0.506070
4 4 0.038841 0.288402 0.237668 0.001181 0.433908
1 4 0.037633 0.346190 0.344627 0.002674 0.268876
1 0 0.045995 0.344394 0.337654 0.004061 0.267897
2 4 0.042837 0.358562 0.380334 0.005208 0.213060
2 4 0.020029 0.319114 0.528184 0.003087 0.129586
2 4 0.017695 0.341533 0.529788 0.002880 0.108104
2 4 0.018058 0.346709 0.479587 0.001658 0.153988
2 4 0.016694 0.325239 0.506793 0.001622 0.149651
2 4 0.014768 0.300694 0.543853 0.001576 0.139109
2 4 0.010008 0.241846 0.661889 0.001971 0.084286
2 4 0.016896 0.253980 0.592091 0.002753 0.134279
2 4 0.021968 0.281188 0.529419 0.003016 0.164408
2 4 0.014987 0.245941 0.632538 0.003346 0.103189
2 4 0.009609 0.233279 0.678779 0.002190 0.076142
2 4 0.009611 0.198844 0.707621 0.002364 0.081560
2 4 0.027037 0.273431 0.456444 0.002462 0.240627
2 4 0.037476 0.269950 0.363675 0.002622 0.326277
4 4 0.053560 0.218458 0.148677 0.001230 0.578075
4 4 0.054202 0.206663 0.136515 0.001146 0.601474
4 4 0.033569 0.247245 0.300088 0.001304 0.417794
4 4 0.050290 0.196520 0.127040 0.000895 0.625255
2 4 0.023231 0.324592 0.375934 0.001061 0.275182
2 4 0.024282 0.346760 0.355113 0.001056 0.272789
2 4 0.023074 0.350862 0.388552 0.001251 0.236261
2 4 0.020551 0.358843 0.426516 0.001391 0.192699
2 4 0.021143 0.365649 0.425676 0.001525 0.186006
2 4 0.025352 0.356409 0.381967 0.001498 0.234775
1 4 0.030183 0.336471 0.325782 0.001349 0.306216
2 4 0.026059 0.342626 0.343049 0.001117 0.287149
2 4 0.025738 0.337687 0.363711 0.001260 0.271604
2 4 0.018246 0.292405 0.472859 0.001213 0.215277
2 4 0.017318 0.278466 0.499030 0.001283 0.203903
2 4 0.015959 0.288085 0.506918 0.001191 0.187847
2 4 0.023437 0.351576 0.369246 0.001107 0.254635
2 4 0.022346 0.357599 0.389600 0.001201 0.229255
2 4 0.019766 0.367130 0.437726 0.001485 0.173893
2 0 0.018421 0.362408 0.443415 0.001301 0.174454
2 0 0.017331 0.340156 0.482788 0.001496 0.158228
2 0 0.012193 0.297584 0.558672 0.001184 0.130367
2 0 0.018180 0.340298 0.458044 0.001296 0.182182
2 0 0.016524 0.333218 0.467482 0.001101 0.181674
2 0 0.016981 0.331188 0.467617 0.001161 0.183054
2 1 0.019691 0.334548 0.426827 0.001137 0.217797
2 1 0.023097 0.335415 0.390074 0.001206 0.250208
2 1 0.022661 0.333575 0.384522 0.001098 0.258143
2 1 0.023321 0.345536 0.382475 0.001197 0.247472
2 0 0.020037 0.338127 0.430858 0.001244 0.209734
2 1 0.023403 0.357042 0.386312 0.001296 0.231947
2 1 0.026787 0.348291 0.356751 0.001345 0.266826
2 0 0.026019 0.349789 0.361506 0.001313 0.261373
2 0 0.026398 0.348220 0.356907 0.001302 0.267173
2 0 0.035948 0.353555 0.358194 0.002097 0.250207
2 0 0.025446 0.352277 0.369115 0.001337 0.251826
4 0 0.058229 0.221260 0.151015 0.001516 0.567980
4 0 0.069757 0.227481 0.156450 0.002400 0.543912
4 0 0.106772 0.167740 0.096954 0.003471 0.625063
4 0 0.096869 0.148614 0.081054 0.002055 0.671409
4 0 0.158335 0.214821 0.130263 0.002611 0.493971
4 0 0.053514 0.252541 0.185872 0.001471 0.506603
4 0 0.086199 0.138043 0.073649 0.001642 0.700467
4 0 0.258961 0.139206 0.068703 0.004243 0.528887
0 0 0.616458 0.141234 0.079547 0.008084 0.154677
0 0 0.758531 0.107033 0.063168 0.007183 0.064084
0 0 0.864373 0.067641 0.043863 0.007162 0.016961
0 0 0.849676 0.073614 0.048608 0.009168 0.018934
0 0 0.738323 0.114505 0.069112 0.009298 0.068762
0 0 0.476438 0.149690 0.077857 0.005468 0.290547
4 0 0.071351 0.066372 0.026975 0.000627 0.834674
4 0 0.080793 0.077861 0.037072 0.001048 0.803225
4 0 0.091527 0.084075 0.037610 0.001348 0.785440
4 0 0.199879 0.154837 0.124418 0.008025 0.512841
4 0 0.201656 0.163141 0.147052 0.012043 0.476108
4 0 0.176752 0.153071 0.120648 0.010249 0.539280
0 0 0.343377 0.182984 0.155419 0.020202 0.298018
4 0 0.147684 0.132047 0.094522 0.005569 0.620178
4 0 0.287305 0.148603 0.075853 0.005660 0.482578
0 0 0.487760 0.163352 0.092651 0.011208 0.245029
0 0 0.686560 0.130826 0.079995 0.012502 0.090117
0 0 0.786721 0.098405 0.066130 0.015758 0.032986
0 0 0.747201 0.113079 0.072591 0.014033 0.053096
0 0 0.665726 0.131571 0.075226 0.007948 0.119530
4 0 0.063956 0.200474 0.129355 0.001572 0.604644
4 0 0.053485 0.242026 0.174539 0.001504 0.528446
4 1 0.052182 0.221325 0.151893 0.001190 0.573410
4 1 0.054694 0.230163 0.161049 0.001423 0.552670
4 0 0.061036 0.238679 0.169687 0.001960 0.528639
4 1 0.061514 0.244196 0.175933 0.002097 0.516260
4 1 0.056442 0.300976 0.252366 0.003156 0.387060
2 1 0.034729 0.362276 0.396645 0.003682 0.202668
2 1 0.037010 0.363044 0.399359 0.004435 0.196152
2 1 0.018614 0.293207 0.593718 0.005292 0.089169
2 2 0.008608 0.212812 0.728417 0.003951 0.046211
2 1 0.019694 0.305668 0.553668 0.003704 0.117266
2 1 0.028564 0.328968 0.449433 0.003250 0.189785
2 1 0.036131 0.348146 0.350330 0.002558 0.262835
1 1 0.037014 0.331679 0.311993 0.001925 0.317389
2 1 0.032391 0.348756 0.353897 0.002042 0.262915
2 1 0.031684 0.350675 0.359558 0.002043 0.256039
2 1 0.027793 0.358720 0.387442 0.001961 0.224085
2 1 0.024102 0.361406 0.401417 0.001612 0.211463
2 2 0.022301 0.369114 0.447734 0.002220 0.158632
2 2 0.016473 0.320231 0.557402 0.002927 0.102968
2 2 0.008582 0.204708 0.736838 0.004157 0.045716
2 2 0.003737 0.121721 0.850439 0.003678 0.020425
2 2 0.006171 0.161775 0.793510 0.003893 0.034651
2 1 0.013690 0.255887 0.656461 0.004782 0.069180
2 1 0.024622 0.362128 0.478546 0.003876 0.130828
2 1 0.026200 0.367723 0.430517 0.002687 0.172873
2 1 0.026396 0.366390 0.422057 0.002489 0.182668
2 1 0.023060 0.364174 0.429773 0.001931 0.181062
2 2 0.010811 0.266690 0.631575 0.001903 0.089020
2 2 0.001456 0.057308 0.927503 0.003599 0.010134
2 2 0.002532 0.086046 0.893757 0.003732 0.013934
2 2 0.002764 0.097299 0.881539 0.003766 0.014633
2 2 0.002716 0.097413 0.882570 0.004236 0.013064
2 2 0.002175 0.083055 0.899478 0.003505 0.011787
2 2 0.005478 0.142501 0.810586 0.002958 0.038477
2 1 0.010064 0.215867 0.695128 0.002628 0.076313
2 1 0.015491 0.328988 0.535224 0.001994 0.118302
2 1 0.018987 0.363339 0.467427 0.001822 0.148425
2 1 0.020899 0.341831 0.479588 0.002265 0.155417
2 2 0.016621 0.288103 0.565472 0.002466 0.127339
2 2 0.015624 0.191395 0.683846 0.004762 0.104372
2 2 0.016925 0.168890 0.698726 0.005981 0.109478
2 0 0.017084 0.143989 0.719763 0.006900 0.112264
2 1 0.017842 0.227261 0.620963 0.003699 0.130235
2 2 0.015000 0.261104 0.623673 0.003438 0.096785
2 2 0.010647 0.262555 0.658650 0.002977 0.065172
2 2 0.007582 0.180529 0.766396 0.004216 0.041276
2 2 0.004473 0.116689 0.851843 0.006324 0.020671
2 2 0.001534 0.056479 0.923184 0.008301 0.010503
2 2 0.000877 0.035598 0.947585 0.008512 0.007428
2 2 0.000785 0.034332 0.951954 0.006433 0.006497
2 2 0.000353 0.020112 0.968726 0.006704 0.004105
2 2 0.001186 0.047469 0.937007 0.006076 0.008262
2 2 0.000832 0.039097 0.947680 0.005719 0.006672
2 2 0.001417 0.055937 0.927535 0.005899 0.009213
2 2 0.001140 0.049944 0.935844 0.005185 0.007887
2 2 0.001620 0.062562 0.921469 0.003864 0.010484
2 2 0.001526 0.068780 0.917417 0.002639 0.009639
2 2 0.000779 0.047389 0.943966 0.002461 0.005405
2 2 0.001008 0.044164 0.941315 0.005968 0.007546
2 2 0.002348 0.078744 0.901790 0.003578 0.013540
2 2 0.004122 0.107592 0.859087 0.003750 0.025449
2 1 0.006034 0.146897 0.800472 0.002952 0.043646
2 1 0.008849 0.180834 0.745621 0.003320 0.061376
2 1 0.004087 0.097914 0.868220 0.005547 0.024232
2 2 0.016290 0.125246 0.793118 0.014609 0.050737
2 0 0.010626 0.084711 0.854664 0.017277 0.032723
2 0 0.028503 0.201650 0.680384 0.020422 0.069040
2 1 0.015726 0.206900 0.708909 0.010487 0.057978
2 2 0.010361 0.216458 0.727881 0.007660 0.037640
2 2 0.004390 0.091093 0.870863 0.012935 0.020719
2 2 0.001517 0.036934 0.928957 0.020603 0.011989
2 2 0.000521 0.018945 0.958436 0.016392 0.005706
2 2 0.000222 0.014178 0.972670 0.009517 0.003412
2 2 0.000111 0.008837 0.978489 0.010250 0.002312
2 2 0.000102 0.009084 0.982964 0.005923 0.001927
2 2 0.000140 0.010872 0.980793 0.005900 0.002296
2 2 0.000540 0.026139 0.962317 0.005940 0.005064
2 2 0.000928 0.036481 0.948172 0.007140 0.007278
2 2 0.001212 0.042745 0.937480 0.009408 0.009155
2 2 0.001074 0.036601 0.939903 0.013228 0.009194
2 2 0.000441 0.020907 0.962513 0.010930 0.005209
2 2 0.000217 0.011297 0.966328 0.018342 0.003816
2 2 0.000202 0.011854 0.973894 0.010812 0.003238
2 2 0.000255 0.014114 0.971339 0.010579 0.003713
2 2 0.000367 0.019018 0.969000 0.007396 0.004219
2 2 0.000149 0.011855 0.977390 0.007975 0.002631
2 2 0.000273 0.020698 0.972275 0.003616 0.003138
2 2 0.000333 0.022869 0.970414 0.003053 0.003331
2 2 0.000555 0.019479 0.957258 0.017270 0.005438
2 2 0.000411 0.020033 0.964512 0.010254 0.004790
2 2 0.000761 0.030558 0.954172 0.007925 0.006584
2 2 0.000316 0.012735 0.965044 0.018476 0.003429
2 2 0.000218 0.008104 0.964876 0.024791 0.002010
2 2 0.000221 0.007029 0.965692 0.025301 0.001757
2 2 0.000377 0.009222 0.955050 0.033121 0.002231
2 2 0.000686 0.016514 0.949737 0.028655 0.004408
2 2 0.000728 0.024280 0.945875 0.021118 0.007998
2 2 0.000384 0.017591 0.957007 0.019491 0.005528
2 2 0.000603 0.015795 0.938208 0.040484 0.004910
2 3 0.000914 0.013486 0.915302 0.066868 0.003431
2 2 0.001257 0.014253 0.903304 0.077818 0.003368
2 3 0.000931 0.011215 0.885177 0.099982 0.002695
2 3 0.001179 0.012990 0.854171 0.128095 0.003565
2 3 0.001671 0.014702 0.816592 0.162716 0.004318
2 3 0.002950 0.015726 0.736766 0.239511 0.005046
2 3 0.004735 0.013461 0.553150 0.424145 0.004510
2 3 0.003820 0.010074 0.506960 0.475923 0.003223
2 3 0.003264 0.011436 0.609395 0.372690 0.003215
2 3 0.001362 0.007288 0.621158 0.367958 0.002234
2 3 0.001916 0.007562 0.565599 0.422212 0.002711
3 3 0.001590 0.004976 0.410698 0.580807 0.001929
3 3 0.002478 0.005970 0.338489 0.650551 0.002513
3 3 0.003645 0.006267 0.293268 0.694314 0.002506
3 3 0.004988 0.007054 0.269331 0.715909 0.002718
3 3 0.008434 0.010204 0.343468 0.634761 0.003132
3 3 0.006140 0.008403 0.316740 0.665760 0.002957
3 3 0.004805 0.007570 0.310766 0.673940 0.002919
3 3 0.003413 0.006421 0.319988 0.667735 0.002443
3 3 0.005003 0.012317 0.480347 0.497699 0.004634
3 3 0.004105 0.007459 0.325740 0.659527 0.003169
3 3 0.002953 0.004908 0.252302 0.737638 0.002200
3 3 0.004928 0.005139 0.187458 0.800385 0.002089
3 3 0.004111 0.003900 0.148112 0.842402 0.001475
3 3 0.008045 0.007221 0.194025 0.787967 0.002741
3 3 0.003460 0.004798 0.234682 0.755432 0.001629
3 3 0.002792 0.005340 0.324206 0.665870 0.001792
3 3 0.004042 0.005885 0.259469 0.728356 0.002247
3 3 0.005356 0.005035 0.166320 0.821351 0.001938
3 3 0.009342 0.007725 0.203867 0.776462 0.002603
3 3 0.006175 0.005172 0.155797 0.831039 0.001817
3 3 0.004852 0.004662 0.161868 0.826796 0.001821
3 3 0.004204 0.004527 0.155391 0.833777 0.002101
3 3 0.006663 0.005988 0.164896 0.820079 0.002373
3 3 0.007469 0.005975 0.156738 0.827714 0.002104
3 3 0.007500 0.006024 0.171275 0.813206 0.001995
3 3 0.004939 0.004505 0.147050 0.841765 0.001741
3 3 0.006320 0.005413 0.146291 0.839870 0.002106
3 3 0.006917 0.006812 0.209028 0.774676 0.002568
3 3 0.005396 0.004724 0.148321 0.839804 0.001755
3 3 0.004399 0.004492 0.169017 0.820365 0.001727
3 0 0.018000 0.012801 0.297708 0.668481 0.003010
2 1 0.028333 0.034387 0.646314 0.284439 0.006527
2 2 0.016279 0.056877 0.829351 0.085568 0.011925
2 2 0.006501 0.079104 0.875358 0.022430 0.016608
2 2 0.001704 0.051271 0.925823 0.009976 0.011226
2 1 0.001319 0.039828 0.938296 0.010885 0.009672
2 1 0.001402 0.040418 0.934081 0.013518 0.010580
2 1 0.001836 0.054773 0.923807 0.008371 0.011212
2 1 0.007525 0.212196 0.719906 0.002141 0.058232
2 4 0.009744 0.239235 0.664198 0.001863 0.084960
2 4 0.012912 0.226593 0.626515 0.001835 0.132144
2 4 0.016810 0.249736 0.528628 0.001396 0.203431
2 4 0.012822 0.210561 0.646764 0.002073 0.127781
2 4 0.011036 0.208312 0.684482 0.002450 0.093720
2 0 0.024978 0.260365 0.565912 0.005449 0.143296
2 0 0.015372 0.253355 0.621934 0.003266 0.106073
2 4 0.027670 0.329828 0.406149 0.002051 0.234301
4 4 0.044475 0.239575 0.173366 0.000981 0.541603
4 4 0.051951 0.211789 0.142001 0.001088 0.593170
4 4 0.055033 0.212249 0.142059 0.001240 0.589418
4 4 0.048487 0.247246 0.181483 0.001270 0.521514
1 4 0.031785 0.340992 0.334971 0.001647 0.290605
2 4 0.027712 0.351274 0.364143 0.001558 0.255313
4 4 0.030894 0.289347 0.331859 0.001377 0.346523
4 4 0.031432 0.254820 0.322191 0.001305 0.390252
4 4 0.060871 0.098606 0.046903 0.000612 0.793007
4 4 0.065152 0.076919 0.033168 0.000576 0.824186
4 4 0.077593 0.079745 0.036070 0.001029 0.805563
4 4 0.068986 0.085189 0.038064 0.000710 0.807050
4 4 0.082033 0.134327 0.071371 0.001615 0.710655
4 0 0.207483 0.223198 0.153456 0.007585 0.408279
4 0 0.232774 0.179339 0.155878 0.013154 0.418855
4 4 0.098217 0.265587 0.199800 0.007835 0.428561
4 4 0.068942 0.296229 0.243633 0.004743 0.386453
2 4 0.026732 0.333306 0.392425 0.001709 0.245829
2 4 0.026311 0.297431 0.377691 0.001343 0.297223
2 4 0.029165 0.320175 0.344776 0.001392 0.304492
2 4 0.027606 0.343607 0.344129 0.001288 0.283370
4 4 0.041760 0.289788 0.238765 0.001405 0.428282
4 4 0.055274 0.243139 0.175549 0.001634 0.524403
4 4 0.052133 0.211334 0.141511 0.001093 0.593929
4 4 0.057443 0.137864 0.075317 0.000753 0.728623
4 4 0.058076 0.144787 0.080723 0.000815 0.715600
4 4 0.065435 0.061294 0.024304 0.000488 0.848479
4 4 0.057128 0.054091 0.020649 0.000331 0.867801
4 4 0.064209 0.062403 0.027506 0.000693 0.845188
4 4 0.071195 0.066504 0.027356 0.000652 0.834293
4 4 0.079174 0.073022 0.030590 0.000850 0.816364
4 4 0.076073 0.084115 0.037227 0.000873 0.801713
4 4 0.061061 0.195153 0.124499 0.001358 0.617929
4 4 0.041344 0.297250 0.250051 0.001500 0.409855
2 4 0.028440 0.355805 0.377129 0.001872 0.236754
2 4 0.025816 0.361625 0.400289 0.001874 0.210396
2 4 0.023506 0.363942 0.413154 0.001715 0.197682
2 4 0.020871 0.369129 0.451428 0.001977 0.156596
2 4 0.024994 0.356320 0.382061 0.001450 0.235174
2 4 0.023026 0.360610 0.399691 0.001423 0.215250
2 4 0.017919 0.314684 0.480098 0.001365 0.185935
2 4 0.018155 0.281415 0.473927 0.001165 0.225337
2 4 0.012959 0.246334 0.575592 0.001183 0.163932
2 4 0.022413 0.292507 0.425479 0.001320 0.258281
1 4 0.031352 0.330535 0.312532 0.001316 0.324265
1 4 0.027580 0.340861 0.337585 0.001213 0.292760
4 0 0.032511 0.319220 0.311701 0.001394 0.335175
2 0 0.013740 0.263950 0.582300 0.001618 0.138392
2 1 0.022436 0.275106 0.507136 0.002473 0.192849
2 1 0.034446 0.314802 0.352005 0.002133 0.296614
2 1 0.026694 0.329973 0.418912 0.002105 0.222316
2 1 0.012843 0.274263 0.585240 0.001549 0.126105
2 2 0.012496 0.267031 0.596050 0.001576 0.122846
2 2 0.016136 0.295216 0.531829 0.001629 0.155191
2 2 0.023020 0.353331 0.414500 0.001577 0.207573
2 2 0.022597 0.360450 0.399668 0.001362 0.215923
2 1 0.018217 0.348703 0.447346 0.001225 0.184510
