0 0 0.874756 0.074944 0.015426 0.000325 0.034549
0 0 0.937398 0.039477 0.005681 0.000064 0.017380
0 0 0.967747 0.011945 0.000962 0.000051 0.019294
0 0 0.972765 0.014855 0.001303 0.000019 0.011058
0 0 0.986332 0.009958 0.000692 0.000001 0.003016
0 0 0.987520 0.009482 0.000639 0.000001 0.002358
0 0 0.932522 0.042348 0.006330 0.000076 0.018724
0 0 0.914303 0.043669 0.006807 0.000263 0.034958
0 0 0.901937 0.050113 0.008423 0.000349 0.039178
0 0 0.919650 0.041527 0.006288 0.000221 0.032314
0 0 0.933865 0.035491 0.004918 0.000131 0.025595
0 0 0.930486 0.044990 0.006916 0.000069 0.017539
0 0 0.938388 0.036818 0.006087 0.000092 0.018615
0 0 0.954289 0.024249 0.005219 0.000120 0.016123
0 1 0.920112 0.027243 0.010527 0.001591 0.040528
0 1 0.862097 0.033394 0.032842 0.012464 0.059203
0 1 0.829128 0.043028 0.042073 0.015742 0.070029
0 1 0.677086 0.063928 0.130002 0.052578 0.076406
3 1 0.271891 0.055656 0.267842 0.326997 0.077613
3 1 0.088333 0.022239 0.182066 0.661766 0.045596
3 1 0.105478 0.028646 0.230259 0.587680 0.047937
3 2 0.082554 0.021851 0.222300 0.636452 0.036844
3 2 0.027978 0.008893 0.172555 0.775220 0.015354
3 2 0.050490 0.014698 0.208187 0.702418 0.024207
3 2 0.019844 0.007003 0.148108 0.812268 0.012776
3 2 0.033872 0.012742 0.209516 0.724779 0.019090
3 2 0.081224 0.037627 0.316907 0.521581 0.042661
3 2 0.092976 0.047489 0.388007 0.428738 0.042791
3 2 0.068741 0.037029 0.303090 0.548460 0.042680
3 2 0.059642 0.025558 0.248497 0.630428 0.035874
3 2 0.043855 0.008668 0.110157 0.812650 0.024671
3 2 0.087412 0.015396 0.150249 0.708764 0.038179
3 2 0.051534 0.010459 0.135640 0.776656 0.025711
3 2 0.030409 0.009104 0.125015 0.814227 0.021244
3 2 0.018230 0.006277 0.095913 0.863296 0.016284
3 2 0.076860 0.019428 0.159332 0.700400 0.043981
3 2 0.064581 0.016505 0.207567 0.682706 0.028641
3 2 0.078251 0.018291 0.219861 0.652441 0.031155
3 3 0.109993 0.022568 0.206185 0.618297 0.042958
3 3 0.014211 0.004062 0.078484 0.891436 0.011807
3 3 0.016964 0.005647 0.077485 0.882689 0.017215
3 3 0.035582 0.010295 0.146538 0.785907 0.021678
3 3 0.021024 0.005256 0.107536 0.853271 0.012914
3 3 0.091741 0.022316 0.183033 0.657053 0.045857
3 3 0.131153 0.031964 0.225421 0.555546 0.055916
3 3 0.055159 0.016945 0.133613 0.752390 0.041894
3 3 0.032117 0.009084 0.109749 0.825051 0.023998
3 3 0.019971 0.005625 0.078310 0.878362 0.017732
3 3 0.038080 0.012282 0.128365 0.792006 0.029267
3 3 0.061111 0.018022 0.135052 0.740798 0.045017
3 3 0.058190 0.017939 0.125510 0.751178 0.047184
3 3 0.018671 0.007298 0.073148 0.877167 0.023716
3 3 0.006700 0.003045 0.035645 0.940750 0.013860
3 3 0.001783 0.000737 0.013415 0.978799 0.005266
3 3 0.003341 0.001032 0.017249 0.971261 0.007116
3 3 0.001547 0.000527 0.015552 0.979132 0.003243
3 3 0.002885 0.000923 0.025753 0.965981 0.004458
3 3 0.006168 0.002122 0.039712 0.943260 0.008738
3 3 0.011894 0.004381 0.052883 0.914098 0.016744
3 3 0.009915 0.004203 0.058682 0.913112 0.014088
3 3 0.098754 0.020110 0.116276 0.702389 0.062471
3 3 0.055382 0.012149 0.075433 0.807861 0.049176
3 3 0.070211 0.014453 0.081291 0.776580 0.057464
3 3 0.082790 0.016537 0.081817 0.751755 0.067101
3 3 0.058806 0.011528 0.062175 0.812089 0.055403
3 3 0.063180 0.011863 0.068762 0.802831 0.053364
3 3 0.021731 0.005140 0.057419 0.894324 0.021386
3 3 0.025041 0.006890 0.073137 0.870751 0.024181
3 3 0.030798 0.009023 0.100688 0.834123 0.025368
3 3 0.072638 0.019548 0.110594 0.737569 0.059651
3 3 0.131263 0.025010 0.109972 0.649889 0.083867
3 3 0.039134 0.008041 0.070633 0.849941 0.032250
3 3 0.025132 0.006918 0.064936 0.876244 0.026770
3 3 0.024694 0.007231 0.107866 0.841916 0.018292
3 3 0.022938 0.007114 0.120441 0.833414 0.016093
3 3 0.017921 0.006006 0.097383 0.863355 0.015336
3 3 0.027003 0.007837 0.089183 0.852272 0.023705
3 3 0.009811 0.002848 0.040531 0.933850 0.012961
3 3 0.015408 0.004032 0.062187 0.903884 0.014490
3 3 0.006470 0.002209 0.035413 0.945816 0.010091
3 3 0.001958 0.000822 0.019904 0.972918 0.004398
3 3 0.000787 0.000294 0.012526 0.984583 0.001810
3 3 0.004562 0.001194 0.031092 0.957566 0.005585
3 3 0.013652 0.003226 0.052326 0.917796 0.012999
3 3 0.052227 0.012619 0.087739 0.802939 0.044476
3 3 0.077731 0.021773 0.112183 0.722245 0.066068
3 3 0.029654 0.009733 0.078444 0.848953 0.033215
3 3 0.029798 0.008976 0.072250 0.856071 0.032905
3 3 0.013545 0.003982 0.044949 0.919530 0.017994
3 3 0.001453 0.000605 0.016839 0.977670 0.003432
3 3 0.024990 0.005481 0.056573 0.889089 0.023867
3 3 0.034658 0.006231 0.057189 0.872859 0.029062
3 3 0.022269 0.004755 0.047885 0.901988 0.023103
3 3 0.007649 0.002457 0.047887 0.932820 0.009187
3 3 0.010788 0.003243 0.059439 0.915457 0.011072
3 3 0.005638 0.001835 0.047915 0.938252 0.006360
3 3 0.007215 0.002742 0.053720 0.927152 0.009172
3 3 0.003116 0.001362 0.040284 0.950579 0.004659
3 3 0.005748 0.002678 0.060497 0.923419 0.007658
3 3 0.004258 0.001907 0.042536 0.944552 0.006746
3 3 0.020736 0.006020 0.088127 0.867773 0.017344
3 3 0.014052 0.004045 0.056710 0.909900 0.015293
3 3 0.023374 0.007371 0.092758 0.855647 0.020850
3 3 0.021920 0.007145 0.090824 0.859857 0.020254
3 3 0.005526 0.002664 0.060588 0.923691 0.007531
3 3 0.004514 0.001906 0.059559 0.928810 0.005212
3 3 0.001982 0.000926 0.030199 0.963334 0.003559
3 3 0.001499 0.000646 0.021111 0.973658 0.003085
3 3 0.002613 0.001224 0.024689 0.965552 0.005921
3 3 0.004223 0.002199 0.035933 0.948783 0.008860
3 3 0.005083 0.002742 0.044689 0.937792 0.009694
3 3 0.042492 0.014910 0.140891 0.768333 0.033375
3 3 0.056566 0.017966 0.227815 0.670013 0.027640
3 3 0.052412 0.018946 0.332112 0.576927 0.019603
3 3 0.013256 0.007091 0.215550 0.755798 0.008305
3 3 0.025483 0.009421 0.279791 0.675228 0.010076
3 3 0.007209 0.002626 0.106767 0.878418 0.004980
3 3 0.004321 0.001760 0.065333 0.924170 0.004416
3 3 0.028795 0.009271 0.155911 0.788410 0.017614
3 2 0.009686 0.003920 0.098101 0.879731 0.008562
3 2 0.030708 0.017134 0.329410 0.606960 0.015788
3 2 0.016650 0.017472 0.392873 0.561814 0.011191
3 2 0.013289 0.018467 0.438584 0.517395 0.012265
2 2 0.018686 0.035482 0.619706 0.302678 0.023448
2 2 0.037494 0.057965 0.621033 0.255905 0.027603
2 2 0.032454 0.048344 0.550695 0.347209 0.021298
2 1 0.144110 0.095539 0.442582 0.252434 0.065335
2 1 0.197970 0.138122 0.387747 0.153004 0.123156
2 1 0.260084 0.199363 0.329971 0.036952 0.173629
2 1 0.135249 0.219729 0.356690 0.027292 0.261040
2 1 0.128717 0.246864 0.308348 0.012125 0.303946
4 1 0.112844 0.278882 0.250528 0.005616 0.352130
4 1 0.251033 0.271771 0.173598 0.007847 0.295751
4 1 0.152023 0.229265 0.158187 0.005542 0.454984
4 1 0.151524 0.212967 0.153483 0.014514 0.467513
4 1 0.107337 0.139603 0.130508 0.012069 0.610482
4 1 0.096731 0.114525 0.104517 0.011624 0.672602
4 4 0.087262 0.097204 0.056422 0.007997 0.751114
4 4 0.074514 0.099161 0.059785 0.004160 0.762381
4 4 0.068604 0.098423 0.060136 0.003046 0.769791
4 4 0.108436 0.122288 0.068821 0.003460 0.696995
4 4 0.128802 0.156574 0.089962 0.002155 0.622506
4 4 0.165717 0.225558 0.144050 0.003202 0.461473
0 4 0.344376 0.268192 0.143497 0.002590 0.241344
0 4 0.371015 0.233612 0.137857 0.002558 0.254957
0 4 0.410312 0.220235 0.176337 0.008929 0.184187
4 4 0.159680 0.158766 0.148251 0.010528 0.522776
4 4 0.128349 0.130873 0.103151 0.009011 0.628615
4 4 0.160319 0.122808 0.109520 0.023189 0.584163
4 4 0.124442 0.106676 0.144899 0.060718 0.563265
0 4 0.394226 0.171329 0.142234 0.007721 0.284490
4 4 0.375444 0.145334 0.054197 0.002927 0.422098
0 4 0.408775 0.132382 0.068210 0.010900 0.379732
2 4 0.116206 0.079750 0.360766 0.310074 0.133203
3 4 0.152041 0.073540 0.298569 0.299489 0.176360
2 4 0.249192 0.101042 0.289719 0.121441 0.238605
2 4 0.191796 0.132458 0.341387 0.048212 0.286147
2 4 0.125189 0.143132 0.467799 0.082250 0.181630
2 4 0.104806 0.131851 0.451052 0.130903 0.181387
2 4 0.065034 0.105265 0.580783 0.159744 0.089174
2 4 0.094059 0.073960 0.551107 0.232078 0.048796
2 2 0.115160 0.061377 0.400548 0.370233 0.052682
2 2 0.154222 0.060390 0.456833 0.284515 0.044039
2 2 0.099819 0.049570 0.480788 0.336021 0.033802
2 2 0.267553 0.097567 0.477186 0.109389 0.048305
2 2 0.149086 0.106592 0.589493 0.079206 0.075622
2 2 0.329400 0.125682 0.393214 0.067317 0.084387
2 2 0.241059 0.126373 0.420103 0.097678 0.114787
2 2 0.206867 0.107574 0.386890 0.215811 0.082858
2 2 0.131709 0.075575 0.408020 0.315883 0.068813
2 2 0.133942 0.086745 0.598447 0.134519 0.046347
2 2 0.081074 0.071755 0.699477 0.110792 0.036902
2 2 0.084692 0.067374 0.681906 0.138109 0.027919
3 2 0.020482 0.021074 0.442421 0.503869 0.012154
2 2 0.034837 0.028482 0.468220 0.451263 0.017197
2 2 0.029796 0.022269 0.474266 0.459848 0.013821
2 2 0.055530 0.030720 0.457464 0.435022 0.021264
3 2 0.026956 0.017974 0.387353 0.554447 0.013270
3 2 0.027642 0.021514 0.390364 0.544810 0.015669
3 2 0.057248 0.036507 0.394588 0.477553 0.034105
3 2 0.012094 0.016871 0.428032 0.534189 0.008814
3 2 0.070184 0.046119 0.421894 0.426112 0.035691
3 2 0.038138 0.026334 0.321685 0.588108 0.025734
3 2 0.086106 0.038561 0.387137 0.452982 0.035214
2 2 0.124951 0.048855 0.421481 0.363752 0.040961
2 2 0.121620 0.042218 0.439048 0.363043 0.034073
2 2 0.121873 0.046742 0.430437 0.362693 0.038255
3 2 0.054912 0.025373 0.401214 0.497409 0.021091
3 2 0.058702 0.022482 0.385874 0.512958 0.019983
2 2 0.239933 0.056595 0.460233 0.204363 0.038876
2 2 0.277432 0.061273 0.433537 0.184362 0.043396
2 2 0.203535 0.062006 0.424472 0.260690 0.049297
3 2 0.055982 0.029384 0.297493 0.583431 0.033709
3 2 0.025894 0.016261 0.270495 0.669649 0.017702
3 2 0.018578 0.010673 0.211313 0.745121 0.014315
3 2 0.025654 0.013013 0.278188 0.669277 0.013868
3 2 0.032402 0.015687 0.303453 0.632361 0.016097
3 2 0.045254 0.017673 0.323682 0.595145 0.018246
2 2 0.119046 0.039126 0.518601 0.298368 0.024860
2 2 0.172780 0.058112 0.458830 0.268046 0.042230
2 2 0.128481 0.061305 0.505548 0.266885 0.037782
2 2 0.096065 0.044056 0.463588 0.364366 0.031926
2 2 0.095735 0.042715 0.666296 0.179612 0.015642
2 2 0.044666 0.023162 0.708356 0.216558 0.007257
3 2 0.017488 0.011282 0.458789 0.506270 0.006171
3 2 0.009137 0.005711 0.176391 0.801433 0.007328
3 2 0.016096 0.009691 0.182750 0.777695 0.013767
3 2 0.053011 0.022558 0.233701 0.657753 0.032976
0 2 0.354660 0.072129 0.288124 0.205565 0.079522
2 2 0.256540 0.050993 0.347081 0.291566 0.053820
3 2 0.025612 0.013918 0.279902 0.665870 0.014699
3 2 0.032838 0.013550 0.203554 0.729417 0.020641
3 2 0.021020 0.010317 0.208261 0.746498 0.013903
3 2 0.013113 0.007481 0.164596 0.803660 0.011150
3 2 0.009050 0.006357 0.202661 0.774851 0.007081
3 2 0.044187 0.020702 0.307194 0.605644 0.022274
3 2 0.084671 0.028068 0.335873 0.520528 0.030860
3 2 0.120465 0.032286 0.322048 0.486336 0.038865
3 2 0.079045 0.025238 0.290940 0.572657 0.032121
3 2 0.044394 0.016264 0.245892 0.671327 0.022122
3 2 0.021684 0.013573 0.196900 0.748622 0.019221
3 2 0.040410 0.021284 0.246276 0.664126 0.027904
3 2 0.027743 0.017705 0.230999 0.700813 0.022740
3 2 0.040643 0.027725 0.272699 0.626496 0.032437
3 2 0.021663 0.024232 0.392877 0.545040 0.016189
3 2 0.017972 0.021298 0.355081 0.590302 0.015348
3 2 0.015166 0.017620 0.337082 0.617185 0.012947
3 2 0.012930 0.010360 0.221117 0.744088 0.011505
3 2 0.006675 0.004361 0.115763 0.865719 0.007482
3 2 0.007660 0.005228 0.152567 0.827248 0.007297
3 2 0.010706 0.006812 0.150119 0.821897 0.010467
3 2 0.015320 0.008026 0.183692 0.781694 0.011268
3 2 0.019613 0.008643 0.175225 0.783055 0.013464
3 2 0.034613 0.015380 0.277702 0.654753 0.017552
2 2 0.193827 0.059877 0.453499 0.249223 0.043573
2 3 0.139428 0.044020 0.442648 0.338617 0.035286
2 3 0.290313 0.071641 0.463007 0.133948 0.041091
2 3 0.242234 0.083819 0.436478 0.181337 0.056132
3 3 0.071031 0.040209 0.332608 0.514196 0.041955
2 3 0.130807 0.069809 0.423403 0.321027 0.054954
2 3 0.053455 0.059341 0.588160 0.274250 0.024795
2 2 0.055846 0.062081 0.663672 0.198459 0.019941
2 2 0.075249 0.067397 0.628570 0.203580 0.025205
2 2 0.045642 0.028322 0.459602 0.447772 0.018661
3 2 0.050302 0.027851 0.403628 0.495929 0.022290
3 2 0.022419 0.015673 0.218817 0.722900 0.020191
3 2 0.064427 0.035424 0.303354 0.556371 0.040424
3 2 0.164065 0.064556 0.339347 0.363292 0.068740
2 2 0.144949 0.071033 0.529427 0.216056 0.038535
2 2 0.197640 0.093752 0.527167 0.137956 0.043485
2 2 0.061573 0.046773 0.607576 0.264142 0.019937
3 2 0.071747 0.046292 0.367013 0.472337 0.042612
3 2 0.079717 0.035646 0.339534 0.507527 0.037575
3 2 0.087327 0.036753 0.309338 0.523182 0.043399
3 2 0.058280 0.031848 0.313138 0.561957 0.034776
3 2 0.073851 0.051471 0.412805 0.416750 0.045124
3 2 0.046565 0.034478 0.322540 0.560695 0.035722
3 2 0.015350 0.013132 0.282036 0.677530 0.011951
3 2 0.015680 0.013167 0.233445 0.723073 0.014635
3 2 0.009711 0.006587 0.111601 0.859358 0.012744
3 2 0.007825 0.005024 0.092623 0.883711 0.010817
3 2 0.035839 0.021191 0.138685 0.758982 0.045302
3 2 0.091864 0.056047 0.219928 0.543292 0.088870
3 2 0.153413 0.092388 0.207959 0.398160 0.148080
3 2 0.094969 0.075360 0.245106 0.481208 0.103358
3 2 0.017157 0.013374 0.168131 0.780764 0.020575
3 2 0.021926 0.018789 0.232871 0.703890 0.022525
3 2 0.042180 0.032343 0.395026 0.505322 0.025128
2 2 0.063348 0.051389 0.596967 0.265887 0.022409
3 2 0.068184 0.046395 0.339741 0.499423 0.046256
3 2 0.028295 0.021842 0.446572 0.489673 0.013618
2 2 0.100490 0.058359 0.613210 0.203363 0.024577
2 2 0.151152 0.083121 0.589014 0.143503 0.033210
2 2 0.241421 0.113730 0.468504 0.119678 0.056666
2 2 0.222583 0.102515 0.436088 0.173450 0.065364
3 2 0.083511 0.046257 0.317218 0.501472 0.051542
3 2 0.027767 0.014816 0.146648 0.781871 0.028898
3 2 0.016070 0.010743 0.144454 0.810015 0.018717
3 2 0.014321 0.009646 0.148544 0.811511 0.015977
3 2 0.096486 0.042153 0.408742 0.416289 0.036331
2 2 0.130012 0.063431 0.635439 0.147903 0.023214
2 2 0.204516 0.068363 0.642434 0.066455 0.018231
2 2 0.116350 0.050407 0.632334 0.180673 0.020236
2 2 0.073524 0.041221 0.509811 0.350467 0.024977
2 2 0.119845 0.055520 0.444393 0.337871 0.042371
3 2 0.059129 0.037327 0.321566 0.542777 0.039202
3 2 0.063698 0.052231 0.333344 0.498964 0.051762
2 2 0.082594 0.097091 0.472321 0.291164 0.056830
2 2 0.125031 0.116429 0.566677 0.146791 0.045072
2 2 0.055030 0.055773 0.717190 0.157257 0.014750
2 2 0.074190 0.071459 0.731859 0.106336 0.016156
2 2 0.033028 0.050175 0.749074 0.156796 0.010926
2 2 0.090936 0.081513 0.705720 0.102153 0.019677
2 2 0.103587 0.078662 0.701418 0.096987 0.019346
2 2 0.119060 0.066399 0.703256 0.094377 0.016908
2 2 0.065431 0.056279 0.716060 0.147080 0.015150
2 2 0.139941 0.086634 0.659514 0.090329 0.023583
2 2 0.060886 0.060221 0.773904 0.093543 0.011446
2 2 0.055532 0.058350 0.775779 0.099206 0.011133
2 2 0.078079 0.070820 0.689708 0.141290 0.020103
2 2 0.029371 0.042195 0.482981 0.423019 0.022434
2 1 0.053229 0.071451 0.611099 0.237537 0.026685
2 1 0.164227 0.193201 0.479662 0.092568 0.070341
0 1 0.345573 0.271919 0.286345 0.019015 0.077147
0 1 0.367329 0.263132 0.226755 0.027816 0.114969
0 1 0.402509 0.252724 0.201611 0.024975 0.118181
0 1 0.440369 0.245078 0.133721 0.022807 0.158025
0 1 0.503653 0.221620 0.104331 0.013676 0.156720
0 1 0.490770 0.245157 0.123225 0.007026 0.133822
0 1 0.568566 0.199661 0.080963 0.005812 0.144998
0 1 0.568493 0.199801 0.078942 0.003826 0.148938
0 1 0.578972 0.196416 0.076654 0.003863 0.144096
0 1 0.442535 0.239558 0.119306 0.009793 0.188809
0 1 0.333125 0.296307 0.199829 0.012524 0.158215
2 1 0.166495 0.298834 0.401743 0.015536 0.117393
2 1 0.153940 0.308547 0.389593 0.020035 0.127885
2 1 0.131179 0.307178 0.392967 0.021637 0.147038
2 1 0.084060 0.243038 0.510350 0.074477 0.088076
2 1 0.031638 0.098463 0.637121 0.205166 0.027611
2 1 0.013146 0.044975 0.726791 0.206274 0.008815
2 1 0.008470 0.027759 0.739230 0.219589 0.004953
2 2 0.006345 0.021772 0.775356 0.192653 0.003873
2 2 0.010443 0.040798 0.805457 0.133517 0.009786
2 2 0.016473 0.061929 0.781509 0.119934 0.020156
2 2 0.024462 0.082036 0.721596 0.142100 0.029806
2 2 0.023615 0.071236 0.716894 0.160358 0.027897
2 2 0.051267 0.093704 0.618937 0.185227 0.050866
2 2 0.092130 0.147013 0.416501 0.172744 0.171612
2 2 0.050878 0.124208 0.579849 0.158348 0.086718
2 2 0.057128 0.166294 0.621665 0.072173 0.082740
2 2 0.010148 0.043247 0.820254 0.116249 0.010102
2 2 0.010186 0.040290 0.792022 0.149312 0.008189
2 2 0.011633 0.060154 0.838778 0.073059 0.016376
2 2 0.011564 0.056763 0.836105 0.080010 0.015557
2 2 0.007227 0.031374 0.856793 0.096551 0.008054
2 2 0.008434 0.023582 0.764745 0.196482 0.006757
2 2 0.011538 0.032982 0.784189 0.157872 0.013419
2 2 0.022523 0.065499 0.724258 0.160470 0.027251
2 2 0.052439 0.142774 0.641753 0.087213 0.075821
2 2 0.043646 0.092906 0.623072 0.203045 0.037330
2 2 0.025212 0.053133 0.638712 0.258447 0.024497
2 2 0.039542 0.047695 0.572711 0.315667 0.024386
2 2 0.084390 0.070582 0.668205 0.145758 0.031065
2 2 0.185765 0.136272 0.523514 0.091681 0.062769
0 2 0.424649 0.190606 0.286265 0.026910 0.071570
0 2 0.306994 0.260576 0.295869 0.036307 0.100255
0 2 0.459552 0.272155 0.162508 0.010259 0.095525
1 2 0.250284 0.300758 0.282721 0.043033 0.123204
2 2 0.114879 0.269759 0.421751 0.031004 0.162607
2 2 0.108600 0.317874 0.381118 0.020100 0.172308
2 2 0.069227 0.302296 0.439283 0.022113 0.167081
2 2 0.031164 0.200311 0.652987 0.037449 0.078090
2 2 0.019129 0.069965 0.747937 0.142765 0.020205
2 2 0.013419 0.046621 0.755055 0.173897 0.011009
2 2 0.010721 0.036857 0.772334 0.171483 0.008604
2 2 0.010882 0.037079 0.767531 0.175935 0.008574
2 2 0.009364 0.039996 0.812050 0.130636 0.007954
2 2 0.007249 0.046633 0.870234 0.068095 0.007790
2 2 0.004214 0.036115 0.918910 0.034667 0.006094
2 2 0.003154 0.025585 0.926517 0.041009 0.003735
2 2 0.002408 0.010624 0.870075 0.115294 0.001599
2 2 0.003714 0.017271 0.895348 0.079648 0.004019
2 2 0.007141 0.021346 0.798070 0.167213 0.006230
2 2 0.006183 0.013052 0.641279 0.336352 0.003133
2 2 0.007461 0.014138 0.568505 0.405532 0.004363
2 2 0.005649 0.012353 0.634180 0.344735 0.003083
3 2 0.003852 0.006394 0.470276 0.517281 0.002198
3 2 0.004359 0.006479 0.461681 0.524593 0.002888
2 2 0.008900 0.015254 0.580379 0.387028 0.008438
2 2 0.009478 0.025831 0.765760 0.190575 0.008356
2 2 0.012080 0.038875 0.785405 0.150318 0.013322
2 2 0.007293 0.024639 0.804316 0.157742 0.006009
2 2 0.009696 0.019609 0.603280 0.361610 0.005805
2 2 0.003542 0.005814 0.524648 0.464291 0.001704
3 2 0.002865 0.003854 0.410183 0.581616 0.001483
2 2 0.003063 0.005411 0.556708 0.433424 0.001394
2 2 0.003403 0.006019 0.566671 0.422353 0.001553
2 2 0.004256 0.007544 0.567553 0.418415 0.002232
2 2 0.004632 0.008891 0.609011 0.374887 0.002578
2 2 0.003489 0.008164 0.696627 0.289980 0.001739
2 2 0.002596 0.007090 0.705105 0.284096 0.001113
2 2 0.004196 0.010938 0.685206 0.297603 0.002057
2 2 0.003334 0.008124 0.620736 0.366072 0.001735
3 2 0.002642 0.004204 0.425092 0.566576 0.001486
3 2 0.003334 0.003723 0.278093 0.712568 0.002283
3 2 0.002799 0.002289 0.169862 0.822857 0.002192
3 2 0.003067 0.002648 0.200546 0.791512 0.002227
3 2 0.003262 0.002390 0.138544 0.852924 0.002881
3 2 0.003697 0.003295 0.214914 0.775372 0.002722
3 2 0.002835 0.002329 0.174298 0.818350 0.002187
3 2 0.003826 0.004365 0.339738 0.649805 0.002266
3 2 0.004947 0.003751 0.189695 0.797786 0.003822
3 2 0.008318 0.006335 0.196477 0.781725 0.007145
3 2 0.003718 0.002216 0.098584 0.891704 0.003778
3 2 0.004693 0.003384 0.156345 0.831524 0.004055
3 2 0.004629 0.002977 0.132546 0.855690 0.004157
3 2 0.005072 0.003214 0.116199 0.870372 0.005143
3 2 0.003538 0.002060 0.087885 0.902695 0.003821
3 2 0.002409 0.001300 0.070597 0.923063 0.002630
3 2 0.001212 0.000644 0.065318 0.931668 0.001158
3 2 0.002130 0.001143 0.067277 0.927119 0.002329
3 2 0.003165 0.001879 0.081593 0.909774 0.003587
3 2 0.009707 0.007041 0.134329 0.837369 0.011554
3 2 0.006426 0.004000 0.087765 0.893215 0.008594
3 2 0.004194 0.002302 0.052269 0.934398 0.006837
3 2 0.001891 0.000895 0.034321 0.959825 0.003067
3 2 0.002971 0.001519 0.041734 0.948799 0.004976
3 2 0.004165 0.002317 0.057553 0.929617 0.006349
3 2 0.004529 0.002581 0.063568 0.922668 0.006655
3 2 0.005021 0.002922 0.067739 0.916985 0.007333
3 2 0.002346 0.001207 0.052313 0.941031 0.003103
3 3 0.003829 0.002144 0.064008 0.924744 0.005274
3 3 0.002660 0.001386 0.051812 0.940438 0.003705
3 3 0.002119 0.001062 0.047141 0.946780 0.002898
3 3 0.002827 0.001513 0.059257 0.932725 0.003678
3 3 0.002444 0.001272 0.054813 0.938291 0.003180
3 3 0.004197 0.002452 0.079465 0.908726 0.005160
3 3 0.005686 0.003460 0.082835 0.900445 0.007575
3 3 0.003128 0.001656 0.051152 0.939407 0.004658
3 3 0.002436 0.001226 0.043487 0.949156 0.003695
3 3 0.003409 0.001751 0.038597 0.949926 0.006317
3 3 0.003271 0.001648 0.034797 0.953887 0.006398
3 3 0.001854 0.000844 0.026323 0.967421 0.003559
3 3 0.002229 0.001062 0.031697 0.960970 0.004042
3 3 0.002508 0.001220 0.033394 0.958294 0.004584
3 3 0.002538 0.001224 0.031225 0.960140 0.004872
3 3 0.009864 0.005018 0.072997 0.898133 0.013989
3 3 0.033055 0.011845 0.168876 0.764715 0.021508
3 3 0.029482 0.014740 0.228862 0.707414 0.019502
2 3 0.051823 0.050751 0.442523 0.420882 0.034021
2 3 0.020894 0.038218 0.548357 0.377067 0.015465
2 3 0.010715 0.020380 0.560784 0.401158 0.006962
3 3 0.010610 0.011790 0.305864 0.662892 0.008844
3 2 0.019295 0.013927 0.222709 0.726998 0.017071
3 2 0.027341 0.029397 0.362747 0.545288 0.035227
3 2 0.033536 0.033262 0.335621 0.567871 0.029710
2 2 0.026216 0.037069 0.492931 0.424761 0.019022
2 2 0.007983 0.013987 0.495570 0.477105 0.005355
3 2 0.021023 0.026157 0.375816 0.558812 0.018192
2 2 0.144256 0.133186 0.514453 0.129192 0.078914
4 2 0.171730 0.228139 0.152107 0.007525 0.440500
4 4 0.138003 0.157127 0.092964 0.005606 0.606301
4 4 0.105335 0.125409 0.072981 0.004042 0.692232
4 4 0.116664 0.117619 0.061693 0.002415 0.701609
4 4 0.133336 0.137606 0.071432 0.001435 0.656191
4 4 0.138111 0.095711 0.042992 0.003052 0.720134
4 4 0.082984 0.069029 0.033076 0.003300 0.811611
4 4 0.144931 0.039120 0.011678 0.004972 0.799300
4 4 0.308462 0.029444 0.005540 0.003248 0.653306
4 4 0.274172 0.021172 0.003353 0.001016 0.700288
0 4 0.600799 0.044186 0.006846 0.000262 0.347906
0 4 0.582988 0.114771 0.030630 0.000967 0.270644
0 4 0.532579 0.208565 0.076886 0.000670 0.181300
0 4 0.552018 0.229812 0.099821 0.001598 0.116751
1 4 0.237511 0.318526 0.219227 0.001252 0.223485
4 4 0.201586 0.222480 0.125694 0.001760 0.448480
4 4 0.209175 0.210584 0.113484 0.001662 0.465096
4 4 0.071519 0.099563 0.058105 0.001710 0.769102
4 4 0.060719 0.077010 0.043722 0.002592 0.815957
4 4 0.047780 0.088478 0.060061 0.003134 0.800547
4 4 0.054380 0.062750 0.034610 0.003655 0.844605
4 4 0.049461 0.052251 0.027685 0.003959 0.866644
4 4 0.050885 0.050957 0.026168 0.003478 0.868511
4 4 0.049187 0.038501 0.017680 0.003690 0.890942
4 4 0.061705 0.050995 0.024708 0.005206 0.857386
4 4 0.078191 0.055354 0.024960 0.004416 0.837080
4 4 0.180586 0.132872 0.061151 0.002086 0.623304
4 4 0.209513 0.195802 0.099102 0.001100 0.494483
0 4 0.356666 0.264944 0.129409 0.000776 0.248205
0 4 0.392771 0.242467 0.104307 0.000517 0.259938
4 4 0.296999 0.220292 0.098451 0.000468 0.383791
4 4 0.073803 0.089770 0.048938 0.001548 0.785941
4 4 0.056620 0.084943 0.051566 0.002224 0.804647
4 4 0.097176 0.077157 0.035545 0.002153 0.787970
4 4 0.098988 0.136051 0.081910 0.002353 0.680699
4 4 0.131176 0.183461 0.113964 0.002401 0.568998
4 4 0.147227 0.213744 0.135402 0.001988 0.501639
4 4 0.082228 0.242641 0.214105 0.002235 0.458791
4 4 0.056801 0.208301 0.200014 0.002983 0.531902
4 4 0.029170 0.142036 0.145654 0.001915 0.681226
4 4 0.034887 0.203759 0.249989 0.005283 0.506082
4 4 0.040109 0.180091 0.199867 0.009592 0.570340
4 4 0.043606 0.177998 0.192453 0.012563 0.573379
4 4 0.041026 0.177756 0.190087 0.006282 0.584849
4 4 0.043325 0.214231 0.243313 0.003530 0.495601
4 4 0.028061 0.193457 0.250487 0.003722 0.524273
4 4 0.029080 0.188850 0.236540 0.003905 0.541625
4 4 0.027695 0.156906 0.182878 0.004847 0.627674
4 4 0.036833 0.138155 0.131510 0.003792 0.689711
4 4 0.036539 0.153705 0.151969 0.002757 0.655029
4 4 0.043018 0.147791 0.131790 0.002212 0.675189
4 4 0.039201 0.164446 0.162654 0.002607 0.631093
4 4 0.045544 0.104607 0.079537 0.003921 0.766390
4 4 0.059492 0.060177 0.031526 0.004070 0.844735
4 4 0.068760 0.034899 0.013245 0.003502 0.879593
4 4 0.122682 0.030304 0.007926 0.001168 0.837920
4 4 0.109770 0.027355 0.007530 0.002844 0.852501
4 4 0.170849 0.030859 0.007396 0.002400 0.788496
4 4 0.127893 0.057804 0.021008 0.002681 0.790614
4 4 0.187020 0.069178 0.022586 0.001499 0.719716
4 4 0.181701 0.096008 0.036150 0.001004 0.685138
4 4 0.121198 0.094235 0.041759 0.001076 0.741731
4 4 0.148199 0.058052 0.018562 0.000818 0.774369
4 4 0.158048 0.028086 0.006140 0.000594 0.807131
4 4 0.113111 0.029506 0.007780 0.000923 0.848680
4 4 0.130706 0.048348 0.015763 0.002010 0.803173
4 4 0.092117 0.054378 0.021144 0.001307 0.831053
4 4 0.074162 0.093936 0.053501 0.002354 0.776047
4 4 0.099088 0.105063 0.053883 0.001279 0.740687
4 4 0.087201 0.095059 0.050072 0.001813 0.765854
4 4 0.276453 0.062738 0.015610 0.000457 0.644741
4 4 0.387313 0.130967 0.041308 0.000593 0.439818
4 4 0.085922 0.193818 0.141241 0.001085 0.577932
4 4 0.116181 0.213908 0.142799 0.000901 0.526211
4 4 0.096349 0.238920 0.186328 0.001144 0.477259
4 4 0.095090 0.178588 0.119400 0.001059 0.605863
4 2 0.141939 0.164941 0.089189 0.000982 0.602949
4 2 0.175708 0.132352 0.059944 0.001352 0.630643
4 2 0.191884 0.167114 0.084203 0.002180 0.554619
4 2 0.299886 0.211172 0.099185 0.001688 0.388069
0 2 0.355433 0.235014 0.111672 0.002026 0.295855
4 2 0.180884 0.287482 0.211947 0.004251 0.315436
4 1 0.089711 0.135337 0.085702 0.002864 0.686386
4 1 0.078233 0.128576 0.084000 0.002771 0.706419
4 1 0.092224 0.104930 0.056275 0.001656 0.744916
4 1 0.185706 0.100591 0.038555 0.001086 0.674062
4 1 0.173071 0.152686 0.075591 0.001690 0.596962
4 1 0.213819 0.218623 0.116821 0.001197 0.449541
4 1 0.136547 0.249053 0.182049 0.003239 0.429112
4 1 0.125822 0.286996 0.242656 0.003022 0.341504
4 1 0.077128 0.260352 0.252328 0.002838 0.407354
4 1 0.120626 0.277416 0.230427 0.002813 0.368719
4 1 0.042081 0.195959 0.217647 0.006555 0.537757
4 1 0.039325 0.228284 0.280164 0.003761 0.448466
4 1 0.030181 0.231933 0.332147 0.003990 0.401749
4 1 0.029114 0.241737 0.358445 0.002604 0.368100
4 1 0.056945 0.252630 0.266167 0.001475 0.422783
4 1 0.068740 0.256389 0.247292 0.001275 0.426303
4 1 0.100790 0.239749 0.179381 0.000708 0.479372
4 2 0.131706 0.250735 0.169781 0.000634 0.447144
2 2 0.009664 0.110382 0.808411 0.007128 0.064416
2 2 0.010863 0.110868 0.806772 0.009518 0.061979
2 2 0.014812 0.134885 0.761630 0.012246 0.076428
2 2 0.018458 0.154313 0.719103 0.013708 0.094417
2 2 0.034635 0.246589 0.358923 0.006062 0.353791
4 2 0.031824 0.228573 0.312974 0.003814 0.422815
4 1 0.077313 0.241709 0.202671 0.000682 0.477625
4 1 0.138964 0.235787 0.147994 0.000472 0.476784
4 1 0.191960 0.266872 0.155153 0.000348 0.385667
4 1 0.186268 0.276603 0.169016 0.000390 0.367723
0 1 0.341717 0.259795 0.121306 0.000403 0.276780
0 1 0.420566 0.246994 0.104219 0.000340 0.227881
0 1 0.614186 0.171819 0.053326 0.000379 0.160290
0 0 0.689851 0.145771 0.041990 0.000608 0.121781
0 0 0.762855 0.127077 0.035694 0.001176 0.073198
0 0 0.804697 0.108159 0.026373 0.000407 0.060364
0 1 0.863695 0.082212 0.018007 0.000373 0.035713
0 1 0.426315 0.177538 0.068827 0.002532 0.324787
4 1 0.192895 0.272712 0.189079 0.005014 0.340299
2 1 0.045063 0.280897 0.466852 0.020998 0.186191
2 1 0.024445 0.226760 0.633601 0.014962 0.100231
2 2 0.013545 0.117231 0.809072 0.024914 0.035238
2 2 0.012143 0.119478 0.813190 0.018591 0.036598
2 2 0.007358 0.081998 0.874337 0.018364 0.017943
2 2 0.003755 0.047344 0.925039 0.015773 0.008089
2 2 0.002808 0.033852 0.941231 0.016469 0.005640
2 2 0.003048 0.036396 0.938419 0.015288 0.006848
2 2 0.005011 0.065827 0.901201 0.009981 0.017980
2 2 0.006740 0.099074 0.853506 0.006780 0.033899
2 2 0.008992 0.132161 0.799501 0.006000 0.053345
2 2 0.004864 0.073601 0.891164 0.006308 0.024063
2 2 0.006634 0.091115 0.856248 0.006134 0.039870
2 2 0.005638 0.082853 0.873465 0.005830 0.032214
2 2 0.003552 0.043986 0.929947 0.010109 0.012406
2 2 0.003106 0.039571 0.936954 0.011530 0.008838
2 2 0.004964 0.064793 0.902684 0.010365 0.017194
2 2 0.005618 0.067704 0.896700 0.013545 0.016433
2 2 0.005734 0.074320 0.889505 0.010927 0.019514
2 2 0.004194 0.050427 0.920167 0.011527 0.013684
2 2 0.003281 0.042413 0.933045 0.008742 0.012519
2 2 0.004167 0.048842 0.920670 0.009903 0.016419
2 2 0.005658 0.069101 0.891324 0.009149 0.024768
2 2 0.006642 0.082691 0.873895 0.009975 0.026797
2 2 0.004707 0.048046 0.916938 0.019606 0.010703
2 2 0.002749 0.030394 0.944271 0.016594 0.005992
2 2 0.003275 0.037279 0.936827 0.013810 0.008809
2 2 0.003070 0.034696 0.940071 0.014254 0.007910
2 2 0.002519 0.032960 0.946477 0.011305 0.006739
2 2 0.003151 0.032965 0.939178 0.017621 0.007084
2 2 0.003167 0.032274 0.938048 0.020174 0.006337
2 2 0.003151 0.026438 0.933227 0.032550 0.004634
2 2 0.003199 0.026033 0.925246 0.041811 0.003711
2 2 0.003717 0.023121 0.902428 0.067182 0.003552
2 2 0.003409 0.024996 0.925298 0.041790 0.004507
2 2 0.004704 0.042017 0.918534 0.025357 0.009387
2 2 0.004257 0.039913 0.924890 0.021590 0.009351
2 2 0.002676 0.029304 0.943483 0.019667 0.004869
2 2 0.001669 0.015593 0.946329 0.034696 0.001712
2 2 0.002965 0.026254 0.926239 0.041439 0.003103
2 2 0.005456 0.035787 0.871677 0.082791 0.004290
2 2 0.002454 0.013904 0.868296 0.114082 0.001264
2 2 0.002034 0.011055 0.868794 0.117110 0.001008
2 2 0.002369 0.014722 0.898150 0.083186 0.001573
2 2 0.002217 0.017440 0.917196 0.061578 0.001571
2 2 0.002858 0.023160 0.914933 0.056747 0.002302
2 2 0.003273 0.022036 0.886087 0.086523 0.002081
2 2 0.021360 0.051775 0.832421 0.087977 0.006467
2 2 0.094622 0.113896 0.714555 0.057392 0.019535
2 2 0.249393 0.247309 0.433539 0.021519 0.048239
2 2 0.217205 0.340362 0.364972 0.016134 0.061326
2 2 0.182666 0.335399 0.386010 0.025335 0.070589
2 2 0.069592 0.307266 0.484121 0.025138 0.113882
2 2 0.032612 0.262001 0.578466 0.021965 0.104956
2 2 0.030229 0.270363 0.564542 0.015699 0.119166
2 2 0.023649 0.220717 0.645943 0.015329 0.094362
2 2 0.018254 0.160337 0.745759 0.022678 0.052972
2 2 0.011897 0.089221 0.839056 0.034904 0.024922
2 2 0.006314 0.040081 0.899140 0.043521 0.010944
2 2 0.024496 0.157132 0.723310 0.014926 0.080136
2 2 0.077688 0.294762 0.449108 0.010483 0.167959
2 2 0.046514 0.291070 0.453191 0.007013 0.202212
2 2 0.043721 0.290960 0.538397 0.014887 0.112035
2 2 0.039117 0.272531 0.566731 0.038844 0.082777
2 2 0.010252 0.069819 0.851548 0.053886 0.014494
2 2 0.003718 0.023331 0.892810 0.077132 0.003010
2 2 0.001648 0.010070 0.897455 0.089907 0.000921
2 2 0.003988 0.022917 0.895641 0.073637 0.003817
2 2 0.003342 0.020114 0.912697 0.060208 0.003638
2 2 0.003705 0.027564 0.931411 0.030315 0.007005
2 2 0.003391 0.031006 0.938882 0.017834 0.008887
2 2 0.001887 0.018800 0.956035 0.019847 0.003431
2 2 0.002539 0.024940 0.948994 0.017819 0.005708
2 2 0.002361 0.022706 0.954171 0.013671 0.007091
2 2 0.002918 0.027710 0.946286 0.013747 0.009339
2 2 0.004290 0.045020 0.922752 0.011406 0.016531
2 2 0.006593 0.066579 0.892242 0.014107 0.020479
2 2 0.053652 0.209600 0.595797 0.008447 0.132505
2 2 0.101607 0.287431 0.481760 0.007388 0.121813
1 2 0.216898 0.327782 0.254348 0.002668 0.198303
1 1 0.239641 0.327714 0.244285 0.002431 0.185929
4 1 0.124912 0.297631 0.259485 0.002569 0.315403
2 1 0.026348 0.264827 0.521572 0.007608 0.179646
2 1 0.027293 0.265812 0.515249 0.007955 0.183691
2 1 0.021744 0.253164 0.512204 0.004469 0.208419
2 2 0.031380 0.282394 0.515887 0.003233 0.167106
2 2 0.091746 0.335287 0.398399 0.002018 0.172549
2 2 0.084444 0.339475 0.419583 0.001234 0.155264
1 2 0.167877 0.355733 0.339352 0.001512 0.135526
2 2 0.079178 0.308906 0.354997 0.002701 0.254218
2 2 0.078343 0.291432 0.327857 0.005396 0.296973
2 2 0.053641 0.283335 0.388341 0.007655 0.267029
2 2 0.031526 0.268276 0.480049 0.009047 0.211101
2 2 0.029159 0.269088 0.523691 0.010002 0.168060
2 2 0.022830 0.260019 0.592671 0.009383 0.115096
2 2 0.013487 0.173437 0.749105 0.010701 0.053269
2 2 0.009452 0.121754 0.828628 0.015157 0.025009
2 2 0.003937 0.054993 0.917089 0.016851 0.007130
2 2 0.004328 0.039842 0.918605 0.030540 0.006685
2 2 0.009147 0.077820 0.865134 0.027138 0.020761
2 2 0.013513 0.125781 0.793736 0.016184 0.050786
2 2 0.027433 0.235500 0.630344 0.009747 0.096977
2 2 0.018137 0.216779 0.717335 0.005525 0.042224
2 2 0.018531 0.166403 0.781070 0.010027 0.023970
2 2 0.002842 0.038445 0.937791 0.015555 0.005366
2 2 0.003225 0.038020 0.934007 0.018779 0.005969
2 2 0.004427 0.051787 0.917307 0.015470 0.011008
2 2 0.011505 0.135374 0.798614 0.012674 0.041834
2 2 0.015959 0.188371 0.724921 0.012929 0.057821
2 2 0.017659 0.241101 0.668505 0.011237 0.061498
2 2 0.010268 0.127676 0.820809 0.020982 0.020266
2 2 0.013312 0.104187 0.839181 0.027479 0.015841
2 2 0.005893 0.047726 0.898085 0.039836 0.008461
2 2 0.007147 0.057476 0.886885 0.036645 0.011847
2 2 0.011529 0.112317 0.825242 0.022827 0.028085
2 2 0.005030 0.052682 0.909819 0.022938 0.009532
2 2 0.004355 0.045502 0.920356 0.020984 0.008803
2 2 0.003630 0.033034 0.930018 0.027144 0.006174
2 2 0.004006 0.040048 0.926546 0.021135 0.008265
2 2 0.002134 0.022479 0.947883 0.024499 0.003004
2 2 0.003049 0.029577 0.939737 0.021761 0.005876
2 2 0.002942 0.027555 0.942223 0.021308 0.005971
2 2 0.003112 0.023571 0.930736 0.038314 0.004267
2 2 0.003071 0.029282 0.937979 0.024311 0.005357
2 2 0.004631 0.035348 0.918883 0.032890 0.008248
2 2 0.004624 0.030366 0.917301 0.039836 0.007873
2 2 0.006475 0.048761 0.902325 0.026195 0.016245
2 2 0.005074 0.039694 0.917398 0.026419 0.011415
2 2 0.005090 0.045487 0.916500 0.016627 0.016297
2 2 0.003469 0.031219 0.938869 0.015960 0.010484
2 2 0.003183 0.025960 0.942022 0.021068 0.007767
2 2 0.116270 0.084961 0.730440 0.053449 0.014880
2 2 0.258090 0.111591 0.529338 0.064762 0.036219
2 2 0.239994 0.243973 0.379775 0.050738 0.085521
1 2 0.273763 0.332750 0.305799 0.015232 0.072457
0 2 0.394111 0.307095 0.212953 0.006187 0.079653
0 2 0.399143 0.240186 0.108152 0.001319 0.251200
0 2 0.688829 0.084726 0.018075 0.000518 0.207853
0 2 0.956586 0.018185 0.001808 0.000085 0.023335
0 0 0.981553 0.006490 0.000383 0.000015 0.011558
0 0 0.954141 0.017107 0.001662 0.000111 0.026979
0 0 0.929569 0.045512 0.007041 0.000071 0.017807
0 0 0.965885 0.023861 0.002603 0.000011 0.007640
0 0 0.924698 0.046603 0.010892 0.000128 0.017678
0 0 0.884156 0.070111 0.013873 0.000264 0.031596
0 0 0.899275 0.067392 0.013466 0.000117 0.019750
0 0 0.777670 0.134440 0.041551 0.000906 0.045432
0 0 0.687794 0.169818 0.057661 0.001027 0.083700
4 0 0.291295 0.229426 0.108222 0.000712 0.370345
4 1 0.214762 0.231865 0.126993 0.001100 0.425280
4 1 0.114521 0.216368 0.153996 0.002163 0.512953
4 1 0.085625 0.213396 0.177183 0.004076 0.519720
4 1 0.062207 0.229958 0.232202 0.004216 0.471416
4 1 0.060484 0.253648 0.270352 0.002793 0.412722
4 1 0.059602 0.270708 0.303738 0.002032 0.363920
4 1 0.110676 0.234532 0.172732 0.001387 0.480673
4 1 0.163292 0.216371 0.127626 0.001100 0.491611
4 1 0.232878 0.204852 0.105452 0.002011 0.454807
4 1 0.187501 0.212100 0.119976 0.001679 0.478742
4 1 0.171706 0.232583 0.141213 0.001327 0.453171
2 1 0.043394 0.283886 0.398183 0.001856 0.272681
4 1 0.044320 0.074411 0.047869 0.002917 0.830483
4 1 0.081018 0.048208 0.019163 0.001968 0.849642
4 4 0.230121 0.045444 0.010723 0.000685 0.713027
4 4 0.347284 0.055758 0.012859 0.001468 0.582632
0 4 0.634422 0.110758 0.028924 0.001261 0.224635
0 4 0.391736 0.161068 0.060991 0.002462 0.383744
4 4 0.248664 0.044404 0.010845 0.002558 0.693529
4 4 0.228406 0.024091 0.004543 0.002109 0.740850
4 4 0.382713 0.023635 0.003507 0.001289 0.588856
4 4 0.301075 0.016869 0.002412 0.001994 0.677650
4 4 0.366431 0.026177 0.004341 0.002940 0.600111
4 4 0.314078 0.028916 0.005201 0.001949 0.649857
4 4 0.296054 0.041110 0.008783 0.001552 0.652500
4 4 0.368581 0.041539 0.007913 0.000848 0.581119
0 4 0.590462 0.039062 0.005907 0.000427 0.364142
0 4 0.484394 0.047066 0.008473 0.000645 0.459421
0 4 0.769570 0.040475 0.006239 0.001191 0.182525
0 4 0.872360 0.066894 0.013178 0.000568 0.047000
0 4 0.851315 0.086666 0.019481 0.000514 0.042024
0 4 0.542878 0.122955 0.034265 0.000808 0.299095
4 4 0.327257 0.088391 0.026678 0.002460 0.555214
4 4 0.278001 0.061460 0.016725 0.002628 0.641185
4 4 0.178691 0.028622 0.006386 0.001745 0.784556
4 4 0.153352 0.025346 0.005518 0.001006 0.814777
4 4 0.103236 0.023658 0.006128 0.002017 0.864961
4 4 0.156296 0.031863 0.008044 0.002423 0.801374
4 4 0.273390 0.035988 0.007298 0.001058 0.682266
0 4 0.478373 0.052722 0.010342 0.001057 0.457507
0 4 0.643115 0.100849 0.025319 0.001520 0.229197
0 4 0.659154 0.164466 0.054587 0.001906 0.119887
4 4 0.365745 0.030896 0.005226 0.001094 0.597040
0 4 0.611008 0.017664 0.001839 0.000456 0.369034
4 4 0.280703 0.012501 0.001541 0.001022 0.704232
4 4 0.377622 0.011315 0.001206 0.001328 0.608529
4 4 0.453302 0.012012 0.001183 0.000679 0.532823
0 4 0.576652 0.007301 0.000496 0.000226 0.415325
0 4 0.612841 0.013165 0.001180 0.000362 0.372451
0 4 0.610493 0.017944 0.001861 0.000375 0.369328
0 4 0.514983 0.047749 0.008584 0.000801 0.427883
4 4 0.394918 0.107085 0.031275 0.000962 0.465761
4 4 0.065337 0.074202 0.040083 0.002540 0.817838
4 4 0.091932 0.051814 0.020797 0.003276 0.832182
4 4 0.089338 0.082734 0.042432 0.004211 0.781285
4 4 0.113304 0.053152 0.019161 0.001906 0.812477
4 4 0.123658 0.050972 0.017656 0.002515 0.805199
4 4 0.278574 0.064384 0.017989 0.002888 0.636165
4 4 0.305616 0.062962 0.016070 0.001359 0.613994
0 4 0.529996 0.109021 0.030210 0.001817 0.328956
0 4 0.320544 0.246948 0.128611 0.003340 0.300557
0 4 0.467543 0.269357 0.145113 0.003456 0.114531
0 4 0.387076 0.305209 0.192016 0.002849 0.112850
1 4 0.232231 0.347127 0.285689 0.002028 0.132926
1 4 0.205081 0.332083 0.259423 0.001675 0.201738
0 4 0.448062 0.292544 0.172250 0.001851 0.085293
0 4 0.326522 0.322489 0.216980 0.002040 0.131968
0 1 0.633617 0.206022 0.087091 0.002104 0.071166
0 1 0.581636 0.228892 0.106319 0.002726 0.080427
0 1 0.515849 0.255318 0.132027 0.003483 0.093323
0 1 0.519941 0.242438 0.148091 0.007717 0.081812
0 1 0.672652 0.151136 0.046644 0.001349 0.128219
2 1 0.022303 0.226307 0.552745 0.006020 0.192625
2 1 0.016420 0.169045 0.723716 0.011399 0.079419
2 1 0.018978 0.182422 0.676919 0.010087 0.111594
2 1 0.021206 0.257967 0.568432 0.006234 0.146161
2 1 0.021759 0.228912 0.615330 0.009131 0.124869
2 1 0.014942 0.178270 0.693219 0.006426 0.107144
2 1 0.015466 0.139570 0.750029 0.011920 0.083014
2 2 0.020658 0.149693 0.700405 0.014873 0.114371
2 2 0.018939 0.137271 0.714847 0.013466 0.115477
2 2 0.015928 0.120569 0.773023 0.016851 0.073629
2 2 0.010721 0.073743 0.856866 0.028630 0.030039
2 2 0.009589 0.087005 0.842502 0.011825 0.049078
2 2 0.011901 0.091841 0.817172 0.013472 0.065614
2 2 0.014268 0.078574 0.826681 0.030792 0.049685
2 2 0.030866 0.114012 0.709138 0.077036 0.068948
2 2 0.034134 0.157162 0.659423 0.044889 0.104392
2 1 0.036276 0.184390 0.636481 0.045514 0.097340
2 1 0.025390 0.234794 0.508856 0.006305 0.224655
2 1 0.015966 0.203535 0.599233 0.003654 0.177613
2 1 0.013658 0.162332 0.680425 0.004473 0.139112
2 1 0.012097 0.139830 0.728690 0.005012 0.114371
2 1 0.012109 0.136927 0.742484 0.005750 0.102730
2 1 0.011885 0.138434 0.756352 0.006468 0.086861
2 1 0.011504 0.126637 0.780316 0.007851 0.073692
2 1 0.007177 0.068902 0.880746 0.012679 0.030496
2 2 0.003991 0.037201 0.930976 0.014865 0.012967
2 2 0.003051 0.027884 0.944707 0.014955 0.009403
2 2 0.003087 0.026835 0.944428 0.016692 0.008958
2 2 0.003344 0.032889 0.939432 0.011983 0.012353
2 2 0.003040 0.033341 0.941444 0.009060 0.013115
2 2 0.002609 0.023065 0.950059 0.017514 0.006754
2 2 0.002252 0.022733 0.954593 0.014453 0.005968
2 2 0.001744 0.013676 0.955026 0.026629 0.002925
2 3 0.001180 0.008255 0.944361 0.045079 0.001125
2 3 0.000985 0.005929 0.929673 0.062686 0.000727
2 3 0.000996 0.005974 0.927605 0.064709 0.000715
