4 0 0.023196 0.030307 0.006819 0.000036 0.939642
4 0 0.019314 0.026213 0.005684 0.000024 0.948765
4 0 0.006951 0.011653 0.002071 0.000003 0.979322
4 0 0.020856 0.031714 0.007727 0.000046 0.939657
4 0 0.067077 0.057322 0.013808 0.000171 0.861622
4 0 0.039189 0.048390 0.012664 0.000134 0.899623
4 0 0.113729 0.081443 0.021213 0.000461 0.783154
4 0 0.097642 0.093449 0.028950 0.000499 0.779459
4 0 0.066869 0.083540 0.027419 0.000273 0.821899
4 0 0.074488 0.067961 0.018002 0.000302 0.839247
4 0 0.044702 0.055835 0.015515 0.000208 0.883740
4 0 0.026319 0.039175 0.010227 0.000083 0.924195
4 0 0.026358 0.038888 0.010087 0.000081 0.924586
4 0 0.034648 0.037425 0.008413 0.000057 0.919457
4 0 0.034368 0.040321 0.009643 0.000075 0.915592
4 0 0.032010 0.033391 0.007092 0.000040 0.927468
4 0 0.026154 0.038952 0.010149 0.000082 0.924663
4 1 0.027884 0.041283 0.010965 0.000097 0.919770
4 1 0.031667 0.046330 0.012788 0.000134 0.909081
4 1 0.033408 0.048630 0.013644 0.000154 0.904163
4 1 0.046982 0.066176 0.020651 0.000380 0.865811
4 1 0.061777 0.084639 0.028886 0.000799 0.823900
4 1 0.051341 0.074967 0.026130 0.000619 0.846944
4 1 0.059768 0.083410 0.028943 0.000794 0.827085
4 1 0.034275 0.066178 0.031394 0.000792 0.867362
4 1 0.040314 0.081498 0.045760 0.001754 0.830673
4 1 0.033016 0.077371 0.051578 0.002107 0.835928
4 1 0.033201 0.123659 0.143858 0.005934 0.693348
4 1 0.020959 0.140126 0.331084 0.015873 0.491958
2 1 0.006284 0.094553 0.685691 0.029718 0.183754
2 1 0.010169 0.105813 0.673189 0.047376 0.163453
2 1 0.006886 0.085356 0.756405 0.058155 0.093197
2 2 0.006162 0.085827 0.764435 0.043485 0.100091
2 2 0.002724 0.057743 0.831169 0.034874 0.073491
2 2 0.001834 0.036777 0.816096 0.093308 0.051985
2 2 0.001208 0.019925 0.674073 0.277050 0.027744
2 2 0.004495 0.047549 0.700696 0.151483 0.095776
2 2 0.006691 0.047494 0.567433 0.288357 0.090025
2 2 0.010627 0.076378 0.646034 0.149417 0.117545
2 2 0.038316 0.131549 0.479554 0.129962 0.220618
2 2 0.002513 0.032721 0.720822 0.220566 0.023379
2 2 0.003115 0.031005 0.615217 0.324393 0.026269
3 2 0.001232 0.014599 0.477860 0.492862 0.013447
3 2 0.002334 0.015442 0.396786 0.575695 0.009742
3 2 0.002319 0.009482 0.270920 0.712754 0.004526
3 3 0.002732 0.011438 0.338550 0.642788 0.004492
3 3 0.002041 0.006695 0.205267 0.782812 0.003185
3 3 0.000785 0.004255 0.200035 0.791893 0.003032
3 3 0.000306 0.001005 0.062570 0.935481 0.000637
3 3 0.000255 0.000880 0.059678 0.938625 0.000562
3 3 0.000530 0.001630 0.075341 0.921441 0.001058
3 3 0.000236 0.000761 0.055710 0.942830 0.000463
3 3 0.000929 0.001940 0.073024 0.923046 0.001061
3 3 0.000417 0.001254 0.066388 0.931161 0.000780
3 3 0.001032 0.002002 0.071848 0.924059 0.001058
3 3 0.000804 0.001450 0.062145 0.934889 0.000713
3 3 0.001023 0.001087 0.047943 0.949549 0.000398
3 3 0.001097 0.000980 0.043776 0.953821 0.000325
3 3 0.001102 0.000881 0.040748 0.956994 0.000274
3 3 0.001202 0.001336 0.053081 0.943869 0.000512
3 3 0.002820 0.001608 0.047963 0.947156 0.000453
3 3 0.002142 0.001345 0.045614 0.950510 0.000389
3 3 0.002428 0.001616 0.049867 0.945599 0.000491
3 3 0.002876 0.001709 0.050038 0.944882 0.000495
3 3 0.001446 0.000972 0.040707 0.956595 0.000280
3 3 0.009791 0.002945 0.052245 0.934371 0.000649
3 3 0.006487 0.001819 0.042382 0.948945 0.000367
3 3 0.011709 0.002457 0.044451 0.940939 0.000444
3 3 0.001121 0.000383 0.023100 0.975324 0.000071
3 3 0.000431 0.000183 0.017871 0.981480 0.000035
3 3 0.000288 0.000154 0.017663 0.981863 0.000032
3 3 0.001187 0.000492 0.026929 0.971287 0.000103
3 3 0.001550 0.000459 0.023992 0.973918 0.000081
3 3 0.008256 0.001526 0.034946 0.955027 0.000245
3 3 0.010126 0.001824 0.037579 0.950175 0.000296
3 3 0.007169 0.001689 0.038835 0.951998 0.000309
3 3 0.009614 0.002017 0.040222 0.947791 0.000356
3 3 0.007789 0.002048 0.043550 0.946208 0.000405
3 3 0.007978 0.002019 0.043058 0.946553 0.000391
3 3 0.010012 0.002830 0.050927 0.935628 0.000602
3 3 0.007783 0.002633 0.051540 0.937437 0.000607
3 3 0.009268 0.004746 0.073579 0.910968 0.001439
3 3 0.005502 0.004693 0.083756 0.904220 0.001829
3 3 0.030712 0.014648 0.110512 0.839206 0.004922
3 3 0.029405 0.019465 0.143060 0.799363 0.008708
3 3 0.012623 0.008686 0.100586 0.874833 0.003272
3 3 0.003645 0.004463 0.089013 0.900815 0.002065
3 3 0.006573 0.009615 0.126050 0.852438 0.005323
3 3 0.006096 0.021613 0.310143 0.633252 0.028895
3 3 0.012656 0.027045 0.275920 0.651153 0.033226
3 3 0.004540 0.010125 0.152853 0.824781 0.007701
3 3 0.001994 0.005317 0.118767 0.870107 0.003815
3 3 0.001584 0.006372 0.158322 0.826989 0.006734
3 3 0.001153 0.005779 0.157142 0.829428 0.006498
3 3 0.001416 0.010679 0.285236 0.692163 0.010505
3 3 0.001269 0.006906 0.178562 0.805872 0.007391
3 3 0.002180 0.012984 0.313591 0.661015 0.010229
3 3 0.002847 0.020658 0.406321 0.544491 0.025684
2 3 0.002176 0.021281 0.505915 0.449760 0.020868
3 3 0.002691 0.013492 0.245302 0.722347 0.016168
3 3 0.001552 0.007534 0.175976 0.806031 0.008907
3 3 0.001672 0.005383 0.130551 0.857884 0.004512
3 3 0.001793 0.003509 0.090909 0.901799 0.001990
3 3 0.007469 0.006428 0.094032 0.889464 0.002607
3 3 0.013258 0.014544 0.181174 0.785737 0.005287
3 3 0.006687 0.009059 0.134725 0.845287 0.004242
3 3 0.007200 0.011787 0.160175 0.814747 0.006091
3 3 0.000232 0.001817 0.100481 0.895614 0.001856
3 3 0.000188 0.002037 0.141498 0.854304 0.001972
3 3 0.000174 0.001965 0.192675 0.803915 0.001270
3 3 0.003732 0.010595 0.350757 0.632112 0.002804
3 3 0.012300 0.014961 0.259278 0.709673 0.003788
3 3 0.070103 0.032345 0.156307 0.728916 0.012329
3 3 0.048358 0.022144 0.133953 0.787283 0.008261
3 3 0.005010 0.006340 0.103009 0.882534 0.003106
3 3 0.003889 0.004219 0.084844 0.905221 0.001828
3 3 0.001888 0.003158 0.084014 0.909303 0.001637
3 3 0.002114 0.003678 0.090332 0.901897 0.001979
3 3 0.000896 0.004098 0.132281 0.858583 0.004141
3 3 0.001557 0.007450 0.189224 0.792045 0.009725
3 3 0.001243 0.006697 0.168749 0.815346 0.007966
3 3 0.002551 0.014195 0.252530 0.707938 0.022786
3 3 0.004925 0.021092 0.271392 0.671255 0.031336
3 3 0.023160 0.071936 0.370691 0.398758 0.135455
3 3 0.017762 0.051072 0.323761 0.543923 0.063481
3 3 0.015683 0.041272 0.288063 0.604480 0.050502
3 3 0.007777 0.038097 0.354696 0.521593 0.077836
3 3 0.002947 0.015816 0.257286 0.699068 0.024882
3 3 0.002066 0.006973 0.151046 0.833751 0.006164
3 3 0.002453 0.007455 0.149791 0.835073 0.005228
3 3 0.004672 0.010264 0.172730 0.806796 0.005539
3 3 0.000718 0.005336 0.208276 0.781581 0.004090
3 3 0.000913 0.004477 0.127859 0.862724 0.004028
3 3 0.000530 0.004979 0.206683 0.782672 0.005136
3 3 0.000376 0.002197 0.099133 0.896268 0.002026
3 3 0.001698 0.004182 0.102788 0.888621 0.002711
3 3 0.005260 0.007364 0.112726 0.870786 0.003864
3 3 0.009227 0.010763 0.127914 0.846484 0.005611
3 3 0.008755 0.017343 0.191912 0.767624 0.014366
2 3 0.055994 0.101155 0.367380 0.267070 0.208401
4 1 0.069675 0.129178 0.305006 0.109879 0.386261
4 1 0.169806 0.141474 0.082188 0.007582 0.598950
4 1 0.174388 0.168515 0.123617 0.020379 0.513102
4 1 0.069288 0.155033 0.289969 0.137785 0.347924
2 2 0.027601 0.102798 0.413570 0.243504 0.212528
2 2 0.006538 0.060437 0.655194 0.173913 0.103918
2 2 0.003554 0.042627 0.679395 0.202478 0.071946
2 2 0.002937 0.050484 0.723255 0.058382 0.164942
2 2 0.004648 0.072557 0.526389 0.014506 0.381900
4 2 0.008890 0.078541 0.192073 0.003653 0.716843
4 4 0.017125 0.123915 0.160243 0.000494 0.698222
4 4 0.024009 0.087256 0.067114 0.000642 0.820979
4 4 0.024151 0.045233 0.017133 0.000222 0.913262
4 4 0.016110 0.035913 0.015402 0.000164 0.932410
4 4 0.014206 0.036765 0.019452 0.000251 0.929327
4 4 0.014558 0.033499 0.014516 0.000143 0.937284
4 4 0.019261 0.035841 0.012075 0.000107 0.932717
4 4 0.036531 0.082190 0.035683 0.000285 0.845310
4 4 0.046185 0.098622 0.043260 0.000392 0.811541
4 4 0.041547 0.120385 0.065669 0.000370 0.772029
4 4 0.028904 0.107666 0.066367 0.000207 0.796856
4 4 0.028059 0.124580 0.092520 0.000266 0.754575
4 4 0.031673 0.111113 0.065401 0.000219 0.791594
4 4 0.036448 0.126876 0.089463 0.000623 0.746589
4 4 0.038177 0.124073 0.082492 0.000621 0.754637
4 4 0.023549 0.110277 0.103401 0.000646 0.762127
4 4 0.018317 0.115804 0.145019 0.000748 0.720113
4 4 0.018464 0.126264 0.155484 0.000503 0.699286
4 4 0.016267 0.140610 0.224569 0.000688 0.617866
4 4 0.014905 0.151966 0.298899 0.000961 0.533268
4 4 0.013398 0.147488 0.306042 0.000875 0.532197
4 4 0.009295 0.131882 0.371111 0.001203 0.486509
2 4 0.007985 0.134205 0.495117 0.002085 0.360608
2 4 0.004891 0.113849 0.574171 0.002025 0.305064
2 4 0.002771 0.075977 0.762336 0.007323 0.151592
2 2 0.003178 0.091293 0.676489 0.002506 0.226534
2 2 0.002639 0.077012 0.750918 0.005556 0.163874
2 2 0.001195 0.044127 0.886998 0.016987 0.050693
2 2 0.003853 0.079414 0.796113 0.025732 0.094887
2 2 0.013745 0.151373 0.473625 0.006456 0.354801
4 2 0.062745 0.089122 0.032785 0.001033 0.814315
4 2 0.044486 0.062998 0.019321 0.000328 0.872867
4 2 0.065722 0.065388 0.017647 0.000285 0.850959
4 2 0.084871 0.073705 0.019805 0.000377 0.821241
4 2 0.041753 0.059494 0.017885 0.000277 0.880591
4 2 0.071199 0.072663 0.020685 0.000402 0.835052
4 2 0.020225 0.031810 0.008117 0.000050 0.939798
4 2 0.040839 0.063127 0.021762 0.000405 0.873868
4 2 0.044341 0.114838 0.085599 0.003016 0.752205
4 2 0.019632 0.097935 0.164079 0.008927 0.709427
4 2 0.013984 0.126026 0.394324 0.014177 0.451488
2 2 0.005133 0.102925 0.706119 0.009995 0.175829
2 2 0.001831 0.062018 0.841506 0.008895 0.085749
2 2 0.002678 0.072162 0.790102 0.011147 0.123911
4 2 0.011060 0.125778 0.379331 0.004575 0.479256
4 2 0.024042 0.068643 0.056178 0.002297 0.848840
4 2 0.028916 0.072145 0.050465 0.001945 0.846529
4 2 0.032604 0.077415 0.052548 0.002180 0.835253
4 2 0.034107 0.084418 0.063512 0.003240 0.814723
2 2 0.009654 0.103297 0.484797 0.019869 0.382383
2 2 0.006740 0.089129 0.659553 0.030072 0.214506
2 2 0.001232 0.036082 0.876645 0.036647 0.049394
2 2 0.000448 0.018380 0.912970 0.055127 0.013075
2 2 0.000316 0.014822 0.911343 0.062110 0.011409
2 2 0.000408 0.019168 0.925690 0.037700 0.017033
2 2 0.001184 0.041370 0.877168 0.017486 0.062792
2 2 0.001233 0.038127 0.883742 0.030802 0.046097
2 2 0.004484 0.087416 0.750843 0.015455 0.141802
2 2 0.003312 0.064317 0.817687 0.031806 0.082878
2 2 0.012104 0.110948 0.686211 0.044943 0.145794
2 2 0.000271 0.010951 0.859891 0.122578 0.006309
2 3 0.000395 0.011184 0.735731 0.246133 0.006557
3 3 0.000437 0.007766 0.444159 0.540247 0.007390
3 3 0.000740 0.009690 0.396426 0.581214 0.011930
3 3 0.000759 0.008983 0.358246 0.621295 0.010717
3 3 0.002121 0.012740 0.273743 0.696716 0.014680
3 3 0.002636 0.012960 0.302371 0.674662 0.007370
3 3 0.000780 0.005938 0.198767 0.789286 0.005229
3 3 0.002108 0.011420 0.238055 0.737680 0.010737
3 3 0.000358 0.005259 0.324384 0.665410 0.004589
3 3 0.000353 0.004818 0.311029 0.680510 0.003290
3 3 0.000227 0.003145 0.253050 0.741367 0.002210
3 3 0.000666 0.005987 0.297940 0.691897 0.003510
3 3 0.000447 0.002650 0.127270 0.867606 0.002027
3 3 0.000700 0.004960 0.215018 0.775971 0.003350
3 3 0.000857 0.002972 0.099240 0.894734 0.002197
3 3 0.001536 0.003029 0.085486 0.908255 0.001694
3 3 0.001818 0.003129 0.084326 0.909083 0.001644
3 3 0.004875 0.005355 0.093422 0.893950 0.002399
3 3 0.002794 0.004508 0.115350 0.875412 0.001937
3 3 0.004043 0.004597 0.088610 0.900694 0.002057
3 3 0.004723 0.005750 0.098123 0.888672 0.002732
3 3 0.004739 0.004594 0.085432 0.903332 0.001901
3 3 0.007176 0.006903 0.100713 0.882220 0.002988
3 3 0.011666 0.007803 0.096386 0.881281 0.002864
3 3 0.006612 0.003809 0.068790 0.919599 0.001191
3 3 0.010241 0.004732 0.070831 0.912836 0.001361
3 3 0.005939 0.003270 0.063756 0.926054 0.000982
3 3 0.012450 0.005192 0.071477 0.909446 0.001435
3 3 0.009509 0.004782 0.073155 0.911117 0.001437
3 3 0.001379 0.001423 0.053099 0.943569 0.000529
3 3 0.001127 0.000978 0.043482 0.954093 0.000320
3 3 0.001211 0.001064 0.045573 0.951797 0.000354
3 3 0.003394 0.001609 0.045889 0.948695 0.000414
3 3 0.007551 0.001992 0.043048 0.947017 0.000393
3 3 0.008954 0.001981 0.041166 0.947541 0.000359
3 3 0.016893 0.003342 0.049065 0.930093 0.000608
3 3 0.013993 0.003012 0.048254 0.934177 0.000564
3 3 0.009212 0.002023 0.041055 0.947346 0.000365
3 3 0.008069 0.002039 0.042850 0.946647 0.000395
3 3 0.004657 0.001337 0.037125 0.956618 0.000263
3 3 0.005669 0.002059 0.047257 0.944538 0.000477
3 3 0.002502 0.001079 0.038171 0.957995 0.000253
3 3 0.002019 0.001151 0.041909 0.954609 0.000312
3 3 0.003500 0.001424 0.041946 0.952796 0.000335
3 3 0.003243 0.001423 0.042785 0.952202 0.000347
3 3 0.009322 0.002661 0.049556 0.937897 0.000565
3 3 0.009041 0.002494 0.047594 0.940355 0.000516
3 3 0.033267 0.005646 0.057847 0.902228 0.001012
3 3 0.008848 0.002198 0.044234 0.944295 0.000426
3 3 0.019776 0.003419 0.047877 0.928344 0.000583
3 3 0.031223 0.005073 0.055075 0.907749 0.000880
3 3 0.032766 0.005644 0.059116 0.901452 0.001022
3 3 0.023194 0.004398 0.054750 0.916848 0.000810
3 3 0.005340 0.001354 0.036284 0.956771 0.000251
3 3 0.002802 0.000818 0.030333 0.965893 0.000153
3 3 0.003266 0.000826 0.029553 0.966210 0.000144
3 3 0.015130 0.002514 0.042268 0.939682 0.000406
3 3 0.039729 0.004401 0.047484 0.907762 0.000623
3 3 0.079767 0.007472 0.054984 0.856737 0.001040
3 3 0.002521 0.001404 0.045454 0.950236 0.000385
3 3 0.004389 0.001527 0.041403 0.952347 0.000335
3 3 0.007724 0.002378 0.048347 0.941034 0.000517
3 3 0.008427 0.002094 0.043089 0.945988 0.000403
3 3 0.011040 0.002931 0.050232 0.935191 0.000606
3 3 0.025403 0.004474 0.053601 0.915727 0.000795
3 3 0.025775 0.003301 0.043746 0.926694 0.000484
3 3 0.040928 0.004835 0.049754 0.903770 0.000714
3 3 0.049483 0.005735 0.052836 0.891090 0.000856
3 3 0.041036 0.005770 0.055585 0.896662 0.000947
3 3 0.031752 0.005051 0.054192 0.908139 0.000865
3 3 0.024076 0.004065 0.050892 0.920268 0.000700
3 3 0.039407 0.006635 0.062259 0.890487 0.001211
3 3 0.038789 0.005219 0.053466 0.901697 0.000829
3 3 0.023149 0.004188 0.052939 0.918975 0.000749
3 3 0.005361 0.001326 0.035665 0.957406 0.000242
3 3 0.002304 0.000986 0.036445 0.960037 0.000228
3 3 0.005891 0.001353 0.035250 0.957268 0.000238
3 3 0.023420 0.003840 0.050008 0.922083 0.000648
3 3 0.051134 0.005039 0.048189 0.894953 0.000685
3 3 0.046393 0.006025 0.055468 0.891157 0.000956
3 3 0.032986 0.004474 0.049622 0.912219 0.000699
3 3 0.013170 0.002321 0.041070 0.943057 0.000382
3 3 0.011337 0.001682 0.034302 0.952434 0.000245
3 3 0.035431 0.003385 0.040181 0.920572 0.000431
3 3 0.043383 0.004407 0.045781 0.905832 0.000597
3 3 0.013639 0.002048 0.037774 0.946231 0.000308
3 3 0.006031 0.001051 0.029578 0.963183 0.000157
3 3 0.012095 0.001940 0.037130 0.948537 0.000299
0 3 0.554658 0.014872 0.035978 0.393166 0.001326
0 3 0.410881 0.140469 0.235067 0.185881 0.027700
0 3 0.339744 0.170893 0.323093 0.135625 0.030645
2 3 0.278195 0.148918 0.370167 0.176956 0.025764
0 3 0.337572 0.138360 0.322507 0.180002 0.021559
0 3 0.342169 0.159795 0.327611 0.143983 0.026442
2 3 0.290447 0.176621 0.374786 0.127371 0.030776
2 3 0.203523 0.245587 0.432455 0.065615 0.052820
2 3 0.188458 0.303457 0.393826 0.038130 0.076129
2 2 0.197846 0.301685 0.398452 0.034604 0.067412
2 2 0.273133 0.290338 0.342231 0.036498 0.057801
2 2 0.106480 0.297032 0.504421 0.024305 0.067763
2 2 0.078740 0.295961 0.483845 0.033478 0.107977
2 2 0.084495 0.298114 0.467201 0.036660 0.113531
2 2 0.137830 0.305597 0.405223 0.045011 0.106341
2 1 0.203993 0.294288 0.297308 0.073054 0.131356
2 1 0.215467 0.297056 0.312701 0.063080 0.111695
0 1 0.364990 0.259927 0.213996 0.073117 0.087970
2 1 0.103214 0.302418 0.439277 0.041091 0.113999
2 1 0.046598 0.270724 0.591925 0.017235 0.073519
2 1 0.090293 0.299749 0.451044 0.039947 0.118966
1 1 0.173178 0.283295 0.265763 0.096091 0.181674
2 1 0.103353 0.301707 0.416644 0.047645 0.130651
2 1 0.031662 0.246683 0.656091 0.010661 0.054904
2 1 0.037867 0.268180 0.597126 0.008075 0.088753
4 1 0.030823 0.198882 0.288755 0.001868 0.479673
4 1 0.010641 0.111832 0.268246 0.001986 0.607296
4 1 0.011887 0.086329 0.139244 0.001233 0.761308
4 1 0.015529 0.068523 0.073031 0.001232 0.841684
4 4 0.007928 0.028914 0.021672 0.000272 0.941214
4 4 0.007407 0.031926 0.031885 0.000564 0.928219
4 4 0.017804 0.034612 0.012163 0.000106 0.935316
4 4 0.020000 0.036991 0.012544 0.000116 0.930350
4 4 0.018199 0.038302 0.015676 0.000174 0.927648
4 4 0.018690 0.042141 0.019768 0.000275 0.919126
4 4 0.009502 0.026477 0.013304 0.000110 0.950607
4 4 0.008505 0.032328 0.026966 0.000422 0.931779
4 4 0.009552 0.026504 0.013248 0.000109 0.950586
4 4 0.017686 0.034790 0.012448 0.000111 0.934964
4 4 0.044783 0.063377 0.019478 0.000334 0.872027
4 4 0.049931 0.069906 0.022245 0.000447 0.857471
4 4 0.035355 0.092938 0.051966 0.000562 0.819179
4 4 0.044789 0.114769 0.058978 0.000463 0.781001
4 4 0.030777 0.052727 0.018226 0.000229 0.898042
4 4 0.038297 0.055027 0.016102 0.000221 0.890353
4 4 0.033475 0.048719 0.013677 0.000155 0.903974
4 4 0.028829 0.042549 0.011416 0.000105 0.917101
4 4 0.024281 0.036412 0.009280 0.000068 0.929959
4 4 0.026950 0.040026 0.010523 0.000089 0.922412
4 4 0.028738 0.042428 0.011372 0.000104 0.917358
4 4 0.049130 0.068896 0.021810 0.000428 0.859737
4 4 0.055642 0.094904 0.037246 0.000653 0.811555
4 4 0.031842 0.058581 0.022546 0.000309 0.886722
4 4 0.027346 0.050430 0.019704 0.000300 0.902219
4 4 0.015879 0.037271 0.017419 0.000207 0.929224
4 4 0.012016 0.032243 0.016852 0.000183 0.938707
4 4 0.006912 0.025856 0.019053 0.000206 0.947974
4 4 0.008010 0.028178 0.019889 0.000231 0.943692
4 4 0.010351 0.029728 0.016392 0.000168 0.943361
4 4 0.024349 0.045504 0.017233 0.000225 0.912689
4 4 0.034124 0.054916 0.018654 0.000285 0.892019
4 4 0.032752 0.097733 0.051416 0.000237 0.817862
4 4 0.038259 0.128002 0.076426 0.000318 0.756994
4 4 0.037973 0.163105 0.122666 0.000383 0.675872
4 1 0.035544 0.185988 0.164857 0.000387 0.613224
4 1 0.032945 0.187926 0.193415 0.000562 0.585151
4 1 0.030226 0.193725 0.238427 0.000830 0.536792
4 2 0.024807 0.163131 0.191374 0.000536 0.620152
4 2 0.020675 0.182305 0.311352 0.000984 0.484684
4 2 0.026818 0.193807 0.278440 0.001048 0.499886
4 2 0.023204 0.188736 0.290714 0.000859 0.496486
4 2 0.017020 0.180106 0.371516 0.001089 0.430269
4 2 0.017252 0.177849 0.345846 0.000913 0.458140
4 2 0.016475 0.172719 0.332006 0.000791 0.478009
4 2 0.016330 0.177146 0.374110 0.001087 0.431327
4 2 0.017047 0.173379 0.348216 0.001131 0.460227
4 2 0.018024 0.166180 0.293515 0.000918 0.521362
4 2 0.013490 0.152626 0.327164 0.000921 0.505799
2 2 0.012005 0.153751 0.440044 0.002176 0.392023
2 2 0.007843 0.133567 0.471500 0.001589 0.385500
4 2 0.010342 0.134729 0.345296 0.001126 0.508508
2 2 0.008127 0.138618 0.460781 0.001189 0.391284
4 2 0.013704 0.163726 0.350314 0.000729 0.471527
4 2 0.018845 0.183968 0.322426 0.000706 0.474055
4 2 0.031074 0.117317 0.091367 0.000687 0.759555
4 2 0.033128 0.048261 0.013506 0.000151 0.904955
4 1 0.025295 0.037789 0.009749 0.000075 0.927092
4 1 0.046486 0.042008 0.009169 0.000070 0.902267
4 1 0.203263 0.075156 0.014918 0.000257 0.706407
4 1 0.241815 0.095605 0.021927 0.000628 0.640025
4 1 0.044958 0.049717 0.012843 0.000138 0.892344
4 1 0.015425 0.113761 0.178157 0.001153 0.691504
4 1 0.011973 0.102280 0.210949 0.002273 0.672525
4 1 0.013008 0.106981 0.218156 0.002612 0.659244
4 1 0.010641 0.107775 0.275670 0.003197 0.602717
2 1 0.004468 0.105960 0.666649 0.004352 0.218571
2 1 0.003063 0.075691 0.768579 0.012275 0.140393
2 1 0.006118 0.115601 0.606738 0.005753 0.265790
2 1 0.003862 0.090004 0.729630 0.008648 0.167857
2 2 0.002814 0.078006 0.771658 0.008190 0.139331
2 2 0.001344 0.053597 0.839446 0.006294 0.099319
2 2 0.000554 0.032029 0.913453 0.006637 0.047326
2 2 0.000958 0.048021 0.863227 0.003242 0.084552
2 2 0.001659 0.066855 0.814198 0.002902 0.114386
2 2 0.003030 0.091256 0.722835 0.003176 0.179703
2 2 0.002077 0.070372 0.787605 0.005560 0.134386
2 2 0.003375 0.088849 0.661940 0.004278 0.241558
2 2 0.003672 0.085732 0.655326 0.006708 0.248562
2 2 0.003491 0.086933 0.708777 0.006842 0.193957
2 2 0.002592 0.079333 0.792489 0.006991 0.118595
2 2 0.001462 0.052008 0.867730 0.012741 0.066059
2 2 0.000864 0.031617 0.897352 0.034646 0.035521
2 2 0.001333 0.042492 0.864431 0.025270 0.066474
2 2 0.002331 0.057652 0.814580 0.024542 0.100895
2 2 0.002540 0.069184 0.785668 0.011529 0.131079
2 2 0.003087 0.080768 0.741886 0.007354 0.166905
2 2 0.001740 0.060376 0.824654 0.007346 0.105883
2 2 0.004557 0.102885 0.628600 0.004037 0.259920
2 2 0.001483 0.049346 0.865878 0.013369 0.069924
2 2 0.001588 0.051983 0.851172 0.010628 0.084630
2 2 0.007618 0.102955 0.576380 0.006815 0.306232
2 2 0.007586 0.105352 0.755703 0.023335 0.108024
2 2 0.001498 0.044682 0.886888 0.022420 0.044511
2 2 0.002324 0.059588 0.859178 0.018878 0.060031
2 2 0.002820 0.067821 0.837627 0.015745 0.075987
2 2 0.001063 0.036086 0.900975 0.028441 0.033436
2 2 0.000629 0.021474 0.883389 0.076629 0.017879
2 2 0.000823 0.021933 0.821610 0.125658 0.029976
2 2 0.000511 0.013575 0.773848 0.201611 0.010454
2 2 0.001686 0.030314 0.813657 0.133399 0.020944
2 2 0.003473 0.047697 0.794192 0.113408 0.041230
2 2 0.004229 0.058903 0.805437 0.085955 0.045476
2 2 0.004864 0.065610 0.769085 0.080064 0.080377
2 2 0.009301 0.102368 0.682321 0.052450 0.153561
2 2 0.005803 0.081248 0.785001 0.061039 0.066909
2 2 0.005984 0.075389 0.721431 0.088288 0.108908
2 2 0.001408 0.028177 0.761944 0.172868 0.035603
2 2 0.001602 0.037392 0.833671 0.068260 0.059075
2 2 0.000577 0.016716 0.805182 0.164028 0.013496
2 2 0.000573 0.015015 0.749111 0.225765 0.009537
2 2 0.001151 0.021172 0.689121 0.272283 0.016273
2 2 0.001059 0.022253 0.760299 0.198119 0.018270
2 2 0.001150 0.030762 0.876019 0.066733 0.025335
2 2 0.001668 0.042409 0.862124 0.045207 0.048592
2 2 0.000930 0.027360 0.865943 0.080891 0.024876
2 2 0.002007 0.042135 0.819351 0.084711 0.051796
2 2 0.001265 0.025022 0.761563 0.185511 0.026639
2 2 0.000820 0.018900 0.763918 0.199198 0.017164
2 2 0.000633 0.014698 0.731937 0.238738 0.013994
2 2 0.000870 0.023095 0.856111 0.090722 0.029202
2 2 0.001724 0.033874 0.820612 0.084841 0.058949
2 2 0.002011 0.035553 0.769610 0.144248 0.048578
2 2 0.002723 0.038894 0.728508 0.184646 0.045229
2 2 0.002259 0.034337 0.748345 0.183073 0.031986
2 2 0.002126 0.022987 0.529328 0.421060 0.024498
3 2 0.002168 0.016847 0.332465 0.622760 0.025759
3 3 0.004698 0.028553 0.381243 0.538044 0.047463
3 3 0.007978 0.034654 0.345993 0.544720 0.066655
2 3 0.052011 0.087045 0.437606 0.349299 0.074038
3 3 0.027296 0.028510 0.240328 0.691227 0.012639
3 3 0.066877 0.077049 0.341183 0.454230 0.060661
3 3 0.120885 0.071913 0.234517 0.529630 0.043056
3 3 0.046406 0.062068 0.283688 0.548464 0.059373
3 3 0.043443 0.087662 0.353724 0.374445 0.140726
3 3 0.004609 0.014553 0.216920 0.747143 0.016774
3 3 0.000442 0.003510 0.145799 0.845512 0.004736
3 3 0.000922 0.010547 0.413642 0.566875 0.008013
2 3 0.001644 0.027372 0.758590 0.191593 0.020801
2 3 0.000690 0.021333 0.869568 0.094137 0.014272
2 3 0.000264 0.012114 0.889121 0.091324 0.007178
2 3 0.000448 0.015342 0.839698 0.131814 0.012698
2 3 0.000275 0.008285 0.667166 0.316939 0.007335
2 3 0.000463 0.009876 0.595982 0.383840 0.009839
2 3 0.000367 0.008165 0.568876 0.413320 0.009272
2 3 0.000216 0.006569 0.634579 0.353379 0.005257
2 3 0.000229 0.009017 0.806619 0.176010 0.008125
2 3 0.000278 0.006571 0.521549 0.466208 0.005393
3 3 0.000620 0.007800 0.342282 0.640318 0.008980
3 3 0.001044 0.008896 0.267678 0.709755 0.012627
3 3 0.002207 0.011503 0.222141 0.750591 0.013557
3 3 0.003367 0.017990 0.318093 0.643263 0.017287
2 3 0.007714 0.053607 0.515692 0.308331 0.114656
2 3 0.002513 0.032899 0.668065 0.245028 0.051495
3 3 0.003025 0.025505 0.429897 0.486834 0.054739
3 3 0.002284 0.019844 0.387382 0.538954 0.051536
3 3 0.001979 0.015586 0.321077 0.622199 0.039159
3 3 0.001054 0.009218 0.264868 0.707072 0.017788
3 3 0.000633 0.004909 0.168628 0.818731 0.007099
3 3 0.000814 0.007668 0.282256 0.701424 0.007838
3 3 0.000575 0.005289 0.210781 0.778202 0.005152
3 3 0.002016 0.016794 0.378052 0.583849 0.019289
2 3 0.002700 0.029925 0.594021 0.339984 0.033369
2 3 0.004106 0.052786 0.754146 0.135144 0.053818
2 3 0.002900 0.041423 0.739442 0.168342 0.047893
2 3 0.002132 0.028577 0.674094 0.268032 0.027164
3 3 0.001630 0.016133 0.442743 0.518503 0.020991
3 3 0.001194 0.007312 0.195644 0.786096 0.009753
3 3 0.001073 0.007415 0.206415 0.773346 0.011752
3 3 0.002942 0.018742 0.318680 0.618626 0.041010
3 3 0.002751 0.016825 0.295646 0.651536 0.033241
2 3 0.003995 0.027129 0.511697 0.434006 0.023172
2 3 0.014455 0.059283 0.544532 0.343865 0.037865
2 3 0.021201 0.119503 0.559975 0.115790 0.183530
2 3 0.016712 0.124219 0.550140 0.046107 0.262822
2 3 0.008178 0.072611 0.581807 0.107685 0.229719
2 3 0.007197 0.068148 0.611862 0.108289 0.204504
2 3 0.009540 0.068679 0.594014 0.190531 0.137236
2 3 0.005881 0.050659 0.645503 0.233118 0.064839
2 3 0.014345 0.102577 0.663572 0.110769 0.108737
2 3 0.019139 0.133095 0.629261 0.068222 0.150282
2 3 0.023009 0.147821 0.559553 0.060250 0.209367
2 3 0.018051 0.128632 0.565628 0.037613 0.250077
2 3 0.017662 0.129374 0.472996 0.018711 0.361257
4 3 0.024728 0.107366 0.127527 0.003035 0.737344
4 3 0.026792 0.136817 0.211014 0.006271 0.619105
2 3 0.007792 0.087051 0.647746 0.043516 0.213895
2 3 0.006841 0.080801 0.705376 0.047665 0.159316
2 3 0.003201 0.038661 0.714718 0.203268 0.040150
2 3 0.004635 0.048194 0.683126 0.212025 0.052020
2 3 0.011640 0.116469 0.643016 0.035045 0.193829
2 3 0.007881 0.092751 0.695419 0.048966 0.154983
2 2 0.007415 0.097161 0.673839 0.026447 0.195138
2 2 0.010803 0.129574 0.466232 0.005600 0.387790
2 2 0.011858 0.140823 0.580129 0.010243 0.256947
2 2 0.013624 0.140269 0.697624 0.026232 0.122250
2 2 0.009716 0.095930 0.731269 0.055065 0.108020
2 2 0.002183 0.036835 0.852653 0.084573 0.023756
2 2 0.000565 0.014465 0.801521 0.174950 0.008499
2 2 0.000620 0.014043 0.722169 0.250984 0.012184
2 2 0.002244 0.032695 0.702671 0.189146 0.073244
2 2 0.002161 0.035668 0.769220 0.119826 0.073125
2 2 0.001336 0.024539 0.765920 0.177522 0.030683
2 2 0.006773 0.068934 0.690688 0.110823 0.122783
2 2 0.007259 0.082408 0.687056 0.062512 0.160764
2 2 0.006703 0.066635 0.672070 0.144284 0.110309
2 2 0.013253 0.094878 0.493072 0.072073 0.326723
2 2 0.002141 0.044464 0.823605 0.052961 0.076830
2 2 0.000823 0.027055 0.897618 0.041674 0.032830
2 2 0.000428 0.019311 0.931658 0.031140 0.017463
2 2 0.000307 0.017264 0.950141 0.020025 0.012263
2 2 0.001553 0.047023 0.907611 0.014285 0.029528
2 2 0.003288 0.067839 0.831724 0.020850 0.076300
2 2 0.001793 0.030562 0.780620 0.162720 0.024305
2 2 0.001838 0.027100 0.702857 0.246449 0.021756
2 2 0.002518 0.035715 0.737391 0.196737 0.027639
2 2 0.024756 0.192642 0.575234 0.016389 0.190979
2 2 0.060998 0.284409 0.357634 0.004264 0.292695
4 2 0.146809 0.283500 0.234943 0.008811 0.325936
2 2 0.134035 0.303558 0.305881 0.015738 0.240787
2 2 0.049986 0.289329 0.488210 0.006182 0.166292
2 2 0.013424 0.143893 0.736600 0.027220 0.078863
2 2 0.003304 0.065024 0.864131 0.030047 0.037494
2 2 0.001635 0.043790 0.902354 0.024905 0.027316
2 2 0.000433 0.016108 0.898651 0.077395 0.007412
2 2 0.003947 0.087984 0.844539 0.007929 0.055601
2 2 0.048376 0.278187 0.502596 0.004755 0.166087
1 2 0.184429 0.305995 0.278973 0.007731 0.222871
4 2 0.358570 0.191821 0.077045 0.005765 0.366798
4 2 0.381312 0.171030 0.060360 0.005592 0.381705
4 2 0.064110 0.207463 0.159089 0.001725 0.567614
4 2 0.033269 0.202551 0.311665 0.003268 0.449246
2 2 0.009851 0.138720 0.583679 0.008548 0.259202
2 2 0.001520 0.041271 0.869504 0.036985 0.050720
2 2 0.002345 0.053594 0.827489 0.027848 0.088724
2 2 0.002986 0.082713 0.777849 0.004671 0.131781
2 2 0.004720 0.115655 0.655850 0.002174 0.221601
4 2 0.012841 0.151292 0.355685 0.001208 0.478974
4 2 0.020021 0.169421 0.262371 0.000706 0.547481
4 2 0.026927 0.184809 0.239748 0.000778 0.547737
4 2 0.031012 0.172773 0.185265 0.000742 0.610208
4 4 0.026402 0.112134 0.091711 0.000503 0.769250
4 4 0.012364 0.043092 0.029841 0.000288 0.914414
4 4 0.021704 0.042476 0.016559 0.000202 0.919059
4 4 0.037863 0.062509 0.021153 0.000270 0.878205
4 4 0.036624 0.127752 0.091679 0.000679 0.743266
4 4 0.029416 0.076700 0.043633 0.000566 0.849684
4 4 0.024336 0.061745 0.036884 0.000721 0.876315
4 4 0.024091 0.050287 0.023141 0.000398 0.902083
4 4 0.018137 0.044554 0.024059 0.000401 0.912849
4 4 0.021257 0.046442 0.021868 0.000345 0.910087
4 4 0.024884 0.045301 0.016534 0.000208 0.913073
4 4 0.030787 0.048002 0.014659 0.000174 0.906377
4 4 0.031489 0.052481 0.018271 0.000268 0.897491
4 4 0.018305 0.036300 0.013388 0.000129 0.931879
4 4 0.017210 0.032029 0.010251 0.000076 0.940434
4 4 0.020094 0.032873 0.008972 0.000061 0.938000
4 4 0.022153 0.033501 0.008309 0.000054 0.935984
4 4 0.017814 0.037881 0.015638 0.000173 0.928494
4 4 0.018779 0.039661 0.016574 0.000196 0.924790
4 4 0.020751 0.035338 0.010515 0.000083 0.933312
4 4 0.028157 0.041649 0.011095 0.000099 0.919001
4 4 0.023635 0.036047 0.009352 0.000068 0.930898
4 4 0.013819 0.027445 0.008927 0.000055 0.949754
4 4 0.007810 0.017940 0.005857 0.000022 0.968371
4 4 0.010713 0.023522 0.008157 0.000044 0.957564
4 4 0.010941 0.027705 0.012506 0.000101 0.948747
4 4 0.012560 0.031397 0.014749 0.000143 0.941151
4 4 0.013615 0.034332 0.016998 0.000191 0.934864
4 4 0.019326 0.035426 0.011637 0.000099 0.933511
4 4 0.040027 0.057268 0.016990 0.000248 0.885467
4 4 0.045627 0.073033 0.028369 0.000703 0.852267
4 4 0.017607 0.037365 0.015286 0.000165 0.929577
4 4 0.019877 0.047403 0.025338 0.000453 0.906928
4 4 0.019349 0.044548 0.022057 0.000344 0.913703
4 4 0.052522 0.073162 0.023665 0.000513 0.850138
4 4 0.049548 0.155371 0.099260 0.000675 0.695146
4 4 0.054008 0.176598 0.123166 0.000938 0.645291
4 4 0.061572 0.220420 0.184397 0.001744 0.531867
4 4 0.043929 0.137940 0.083055 0.000463 0.734614
4 4 0.045551 0.094270 0.040012 0.000404 0.819762
4 4 0.045463 0.064244 0.019839 0.000348 0.870106
4 4 0.045989 0.064914 0.020119 0.000359 0.868620
4 4 0.032597 0.054112 0.019018 0.000293 0.893980
4 4 0.049332 0.088405 0.034367 0.000475 0.827421
4 4 0.050899 0.122136 0.061893 0.000602 0.764469
4 4 0.033618 0.215096 0.264942 0.000874 0.485470
4 4 0.020345 0.190915 0.302556 0.000518 0.485666
4 4 0.016734 0.176861 0.322229 0.000588 0.483588
4 4 0.020657 0.143290 0.186674 0.000672 0.648707
4 4 0.026678 0.076556 0.040625 0.000255 0.855887
4 4 0.048234 0.054329 0.014321 0.000177 0.882939
4 4 0.140302 0.075771 0.017216 0.000311 0.766400
4 4 0.071705 0.047014 0.009422 0.000078 0.871781
4 4 0.218050 0.075951 0.014865 0.000262 0.690872
4 4 0.076595 0.053050 0.011399 0.000117 0.858839
4 4 0.134348 0.101623 0.029890 0.000998 0.733140
4 4 0.030639 0.139563 0.118947 0.000512 0.710338
4 4 0.024151 0.141135 0.162299 0.000770 0.671646
4 4 0.017714 0.166809 0.299931 0.000913 0.514633
4 4 0.019294 0.155656 0.262093 0.001292 0.561665
4 4 0.020409 0.148026 0.217022 0.001017 0.613526
2 4 0.015066 0.176248 0.510132 0.003501 0.295053
2 4 0.009573 0.150428 0.571322 0.003235 0.265441
2 4 0.005508 0.126602 0.636407 0.002070 0.229413
2 4 0.005271 0.116954 0.674543 0.004501 0.198731
2 4 0.007820 0.142239 0.648219 0.003746 0.197977
4 4 0.014362 0.167679 0.407525 0.001527 0.408908
4 4 0.041548 0.079540 0.034663 0.000595 0.843654
4 4 0.065235 0.070476 0.020266 0.000380 0.843643
4 4 0.206456 0.079732 0.016525 0.000321 0.696967
4 4 0.335485 0.091118 0.018421 0.000520 0.554455
0 4 0.477956 0.104202 0.022590 0.001147 0.394105
4 4 0.362505 0.098471 0.020936 0.000728 0.517361
4 4 0.235689 0.112161 0.029686 0.001198 0.621266
4 4 0.222298 0.114920 0.031614 0.001339 0.629829
4 4 0.121639 0.120791 0.042702 0.002114 0.712755
4 1 0.187819 0.154042 0.058057 0.004854 0.595228
4 1 0.018309 0.173091 0.356545 0.001788 0.450268
2 1 0.001771 0.066404 0.826500 0.004055 0.101269
2 1 0.004774 0.103898 0.662375 0.005044 0.223909
2 1 0.002814 0.080342 0.721348 0.004921 0.190574
2 1 0.002035 0.062292 0.811418 0.008527 0.115728
2 1 0.003446 0.081709 0.699242 0.006278 0.209325
2 2 0.003243 0.072684 0.736865 0.012137 0.175071
2 2 0.003369 0.079888 0.748682 0.010104 0.157958
2 2 0.002643 0.070963 0.768911 0.010351 0.147132
2 2 0.003868 0.085610 0.698788 0.009941 0.201793
2 2 0.004429 0.086984 0.717544 0.012685 0.178358
2 2 0.004714 0.091749 0.712457 0.011345 0.179736
2 2 0.001619 0.046421 0.877877 0.023239 0.050843
2 2 0.001198 0.042722 0.894584 0.013309 0.048187
2 2 0.003309 0.089487 0.761997 0.006587 0.138620
2 2 0.002017 0.058091 0.851828 0.017813 0.070251
2 2 0.001042 0.039626 0.895596 0.016762 0.046974
2 2 0.000817 0.028101 0.895381 0.043523 0.032179
2 2 0.000695 0.025291 0.897340 0.042756 0.033919
2 2 0.000782 0.023499 0.860558 0.088197 0.026965
2 2 0.000461 0.019774 0.907496 0.053751 0.018517
2 2 0.000513 0.018604 0.877963 0.084968 0.017952
2 2 0.000275 0.011700 0.862849 0.115193 0.009983
2 2 0.000343 0.009673 0.672489 0.309610 0.007886
2 2 0.000695 0.016972 0.745187 0.221788 0.015357
2 2 0.000455 0.010757 0.645019 0.333155 0.010614
2 2 0.000389 0.010658 0.718505 0.261143 0.009305
2 2 0.000837 0.017881 0.751005 0.212382 0.017895
2 2 0.001788 0.026970 0.717860 0.219139 0.034243
2 2 0.001208 0.015114 0.516444 0.453455 0.013779
3 3 0.000491 0.006403 0.340861 0.647877 0.004368
3 3 0.000403 0.004610 0.232699 0.757811 0.004477
3 3 0.000804 0.005763 0.169237 0.816442 0.007753
3 3 0.000262 0.002309 0.115097 0.879562 0.002770
3 3 0.000511 0.002832 0.107918 0.886118 0.002621
3 3 0.000270 0.002222 0.111850 0.883114 0.002544
3 3 0.000632 0.004661 0.188125 0.801735 0.004845
3 3 0.000773 0.004035 0.137735 0.853040 0.004418
3 3 0.000810 0.004397 0.133477 0.856841 0.004475
3 3 0.001186 0.005562 0.148153 0.839267 0.005832
3 3 0.001456 0.006149 0.150151 0.836049 0.006196
3 3 0.001454 0.006622 0.165324 0.819138 0.007461
3 3 0.001855 0.005123 0.120817 0.868355 0.003851
3 3 0.001580 0.004266 0.112994 0.877999 0.003161
3 3 0.008050 0.018602 0.245279 0.705761 0.022308
3 3 0.016607 0.017316 0.186061 0.767471 0.012544
3 3 0.022334 0.026849 0.239597 0.686778 0.024443
3 3 0.008509 0.006116 0.087403 0.895718 0.002254
3 3 0.002284 0.002669 0.071380 0.922531 0.001136
3 3 0.002160 0.002243 0.064398 0.930317 0.000883
3 3 0.002670 0.003342 0.078827 0.913653 0.001508
3 3 0.004823 0.003159 0.065335 0.925655 0.001029
3 3 0.001161 0.001552 0.058896 0.937729 0.000663
3 3 0.000797 0.001057 0.050372 0.947344 0.000431
3 3 0.000570 0.000939 0.050351 0.947721 0.000419
3 3 0.000732 0.000885 0.045462 0.952584 0.000337
3 3 0.001691 0.001742 0.057620 0.938285 0.000663
3 3 0.001584 0.001949 0.063670 0.931976 0.000821
3 3 0.004878 0.003912 0.075099 0.914668 0.001444
3 3 0.006561 0.004714 0.078682 0.908359 0.001684
3 3 0.003368 0.003815 0.082203 0.908922 0.001693
3 3 0.001674 0.002571 0.074660 0.919849 0.001246
3 3 0.003559 0.003494 0.075508 0.916032 0.001406
3 3 0.003455 0.003110 0.070876 0.921375 0.001184
3 3 0.006920 0.003873 0.069250 0.918760 0.001198
3 3 0.038407 0.013992 0.101285 0.842236 0.004079
3 3 0.070402 0.022502 0.116765 0.783781 0.006550
3 3 0.127931 0.086034 0.303980 0.440837 0.041217
4 3 0.211623 0.200397 0.237594 0.069598 0.280788
2 3 0.029044 0.147940 0.555378 0.100109 0.167528
2 3 0.025645 0.140633 0.537829 0.073769 0.222124
2 3 0.006655 0.080359 0.787322 0.059359 0.066306
2 3 0.002934 0.050744 0.837100 0.077627 0.031594
2 3 0.001858 0.045189 0.886971 0.042139 0.023843
2 3 0.004685 0.078643 0.783131 0.040724 0.092816
2 3 0.006181 0.105112 0.705783 0.015941 0.166983
2 2 0.007985 0.107566 0.595875 0.017321 0.271253
2 2 0.014502 0.151984 0.503503 0.008920 0.321092
4 2 0.029236 0.172436 0.299050 0.006499 0.492779
2 2 0.023615 0.170840 0.437308 0.012680 0.355557
2 2 0.024615 0.155048 0.448836 0.027318 0.344184
2 2 0.012943 0.129401 0.583976 0.025643 0.248037
2 2 0.008550 0.117943 0.648145 0.018430 0.206932
2 2 0.005702 0.097099 0.746328 0.020298 0.130572
2 2 0.002304 0.052631 0.837340 0.041547 0.066178
2 2 0.005123 0.088098 0.747508 0.022804 0.136466
2 2 0.010045 0.120028 0.625716 0.025882 0.218328
2 2 0.013587 0.150113 0.581721 0.016630 0.237950
2 2 0.012396 0.148357 0.570430 0.011757 0.257061
2 2 0.003523 0.084007 0.790799 0.011807 0.109865
2 2 0.003061 0.079802 0.796545 0.008380 0.112211
2 2 0.001583 0.046538 0.878411 0.019193 0.054276
2 2 0.002041 0.050171 0.859703 0.025354 0.062730
2 2 0.002769 0.060179 0.846522 0.022500 0.068029
2 2 0.001788 0.049201 0.861058 0.022081 0.065872
2 2 0.002786 0.057942 0.827311 0.040079 0.071881
2 2 0.004406 0.076333 0.776583 0.028374 0.114305
2 2 0.004082 0.062444 0.780788 0.058536 0.094151
2 2 0.009479 0.100389 0.694885 0.050033 0.145213
2 2 0.005884 0.075787 0.739629 0.074541 0.104158
2 2 0.006197 0.100065 0.739568 0.023500 0.130671
2 2 0.008206 0.113028 0.706174 0.023412 0.149179
2 2 0.004464 0.083771 0.792960 0.022235 0.096570
2 2 0.012428 0.142495 0.595055 0.015889 0.234132
2 2 0.002565 0.043281 0.808097 0.103759 0.042298
2 2 0.001749 0.037596 0.840618 0.081389 0.038647
2 2 0.002099 0.041936 0.845393 0.071392 0.039180
2 2 0.010741 0.100525 0.715354 0.052457 0.120923
2 2 0.025167 0.120060 0.748093 0.052643 0.054037
2 2 0.020089 0.144157 0.683776 0.047530 0.104449
2 2 0.056990 0.122655 0.452892 0.252318 0.115144
2 2 0.008090 0.056668 0.572869 0.270421 0.091951
2 2 0.016865 0.083977 0.511756 0.186514 0.200887
2 2 0.007663 0.057338 0.638312 0.232681 0.064006
2 2 0.005843 0.040247 0.494941 0.387761 0.071207
2 2 0.004739 0.057646 0.748730 0.103734 0.085151
2 2 0.006286 0.068656 0.692857 0.109242 0.122959
2 2 0.009534 0.093645 0.674470 0.076372 0.145979
2 2 0.003159 0.047958 0.786191 0.097430 0.065263
2 2 0.003130 0.044040 0.770569 0.131085 0.051175
2 2 0.002798 0.037765 0.738950 0.184277 0.036210
2 2 0.006487 0.053910 0.627552 0.253401 0.058650
2 2 0.010115 0.077114 0.647924 0.170834 0.094014
2 2 0.016525 0.098967 0.569703 0.167648 0.147157
2 2 0.012888 0.105344 0.643452 0.083346 0.154969
2 2 0.015490 0.155122 0.531157 0.011253 0.286978
4 2 0.014380 0.138285 0.333932 0.003376 0.510028
4 2 0.016044 0.113534 0.171875 0.001170 0.697377
4 4 0.015810 0.086143 0.095047 0.000647 0.802353
4 4 0.023783 0.086032 0.066029 0.000643 0.823512
4 4 0.021551 0.054490 0.033693 0.000808 0.889457
4 4 0.019089 0.049487 0.030200 0.000633 0.900591
4 4 0.023370 0.050684 0.024641 0.000446 0.900859
4 4 0.032738 0.047746 0.013313 0.000146 0.906056
4 4 0.026669 0.052110 0.022338 0.000381 0.898502
4 4 0.019894 0.044859 0.021673 0.000334 0.913240
4 4 0.022116 0.052492 0.032670 0.000723 0.891999
4 4 0.019180 0.044589 0.022375 0.000352 0.913503
4 4 0.018486 0.041440 0.019138 0.000258 0.920678
4 4 0.010867 0.023831 0.008300 0.000046 0.956956
4 4 0.010684 0.023078 0.007766 0.000040 0.958433
4 4 0.011680 0.021622 0.005756 0.000023 0.960919
4 4 0.026454 0.039357 0.010290 0.000084 0.923814
4 4 0.023420 0.035237 0.008885 0.000062 0.932396
4 4 0.042096 0.060223 0.018308 0.000291 0.879081
4 4 0.026280 0.042532 0.012890 0.000130 0.918168
4 4 0.031555 0.046181 0.012733 0.000133 0.909398
4 4 0.024681 0.036955 0.009464 0.000071 0.928830
4 4 0.034697 0.051511 0.015247 0.000193 0.898352
4 4 0.024385 0.036553 0.009328 0.000068 0.929665
4 4 0.024524 0.036742 0.009392 0.000069 0.929273
4 4 0.030035 0.044481 0.012240 0.000122 0.913122
4 4 0.028153 0.041644 0.011093 0.000099 0.919011
4 4 0.035941 0.051956 0.014908 0.000187 0.897008
4 4 0.042386 0.060308 0.018216 0.000289 0.878801
4 4 0.042444 0.060383 0.018246 0.000290 0.878637
4 4 0.081831 0.082399 0.024598 0.000593 0.810579
4 4 0.085115 0.096815 0.032543 0.000876 0.784651
4 4 0.095542 0.125563 0.050506 0.000913 0.727475
4 4 0.046349 0.157468 0.104876 0.000585 0.690722
4 4 0.051393 0.184801 0.137942 0.000882 0.624982
4 4 0.052057 0.184084 0.136090 0.000904 0.626865
4 4 0.030586 0.139750 0.107843 0.000303 0.721519
4 4 0.026833 0.145052 0.135406 0.000383 0.692326
4 4 0.031893 0.145074 0.140156 0.001003 0.681874
4 4 0.036474 0.159360 0.136697 0.000688 0.666781
4 4 0.030225 0.172567 0.176962 0.000528 0.619718
4 4 0.041815 0.174142 0.142056 0.000692 0.641295
4 4 0.039020 0.130119 0.085471 0.000533 0.744856
4 4 0.075372 0.113150 0.045773 0.000367 0.765338
