0 0 0.760973 0.019811 0.075113 0.087355 0.056747
0 0 0.843654 0.019987 0.038962 0.022683 0.074714
0 0 0.855233 0.022038 0.025671 0.008421 0.088637
0 0 0.669591 0.045211 0.087159 0.079383 0.118656
0 0 0.601711 0.059097 0.100780 0.095923 0.142489
0 0 0.757489 0.040591 0.037663 0.015163 0.149094
0 0 0.724621 0.038193 0.070854 0.055767 0.110565
0 0 0.776166 0.031798 0.053770 0.034618 0.103648
0 0 0.640551 0.022612 0.106817 0.175991 0.054029
0 0 0.739238 0.010996 0.080395 0.139107 0.030265
0 0 0.815869 0.008309 0.065497 0.087855 0.022470
0 0 0.884998 0.007350 0.051479 0.039186 0.016987
0 0 0.854693 0.006881 0.049792 0.065193 0.023441
0 0 0.888880 0.008906 0.061234 0.028211 0.012769
0 0 0.843484 0.018943 0.110522 0.018218 0.008833
0 0 0.866391 0.018490 0.093805 0.012472 0.008841
0 0 0.807492 0.014197 0.104542 0.058713 0.015056
0 0 0.835573 0.011408 0.067201 0.060102 0.025716
0 0 0.853328 0.015377 0.043546 0.032407 0.055341
0 0 0.892063 0.014057 0.014382 0.003729 0.075769
0 0 0.894094 0.013078 0.009463 0.001692 0.081673
0 0 0.865425 0.018036 0.012368 0.002450 0.101721
0 0 0.830659 0.025275 0.027436 0.010052 0.106578
0 0 0.734160 0.039427 0.063405 0.043753 0.119256
0 0 0.662653 0.045505 0.089789 0.084281 0.117772
0 0 0.685544 0.051892 0.067936 0.044551 0.150077
0 0 0.699148 0.050826 0.060423 0.035424 0.154180
0 0 0.595223 0.078346 0.071489 0.041957 0.212985
0 0 0.550863 0.090456 0.048032 0.014164 0.296485
4 0 0.384943 0.094352 0.039751 0.003483 0.477471
0 0 0.677167 0.052288 0.072570 0.050826 0.147148
0 0 0.792093 0.027646 0.053129 0.036140 0.090992
0 0 0.790399 0.034462 0.071705 0.034298 0.069137
0 0 0.899929 0.022787 0.026220 0.003441 0.047623
0 0 0.865724 0.027465 0.026747 0.004856 0.075208
0 0 0.755357 0.036504 0.056343 0.035664 0.116131
0 0 0.789346 0.028765 0.052374 0.034438 0.095078
0 0 0.680350 0.035740 0.091996 0.099601 0.092312
0 0 0.893723 0.012926 0.024422 0.011111 0.057817
0 0 0.822617 0.022761 0.045551 0.029122 0.079949
0 0 0.628715 0.044195 0.178288 0.110496 0.038306
0 0 0.495370 0.033113 0.138224 0.266842 0.066451
0 0 0.480131 0.024477 0.136414 0.310305 0.048673
0 0 0.560311 0.021225 0.121815 0.250419 0.046230
3 0 0.320209 0.014952 0.138796 0.500440 0.025603
0 0 0.548823 0.019543 0.122464 0.267017 0.042152
0 0 0.621707 0.022193 0.110764 0.193521 0.051814
0 0 0.617105 0.022989 0.111963 0.194590 0.053353
0 0 0.712199 0.015767 0.088809 0.141697 0.041528
0 0 0.858609 0.014803 0.041911 0.030586 0.054090
0 0 0.861834 0.016468 0.036466 0.021889 0.063343
0 0 0.745969 0.020390 0.079561 0.097216 0.056864
0 0 0.786661 0.020319 0.065865 0.065489 0.061665
0 0 0.727400 0.033208 0.076268 0.069460 0.093664
0 0 0.794638 0.048546 0.063501 0.015488 0.077828
0 0 0.803584 0.077787 0.063894 0.003604 0.051132
0 4 0.620953 0.205501 0.115932 0.003342 0.054272
0 4 0.458233 0.285774 0.129617 0.003847 0.122529
1 4 0.256665 0.329900 0.184848 0.002408 0.226179
4 4 0.236440 0.266452 0.133744 0.001405 0.361959
4 4 0.274952 0.091978 0.034773 0.000299 0.597998
4 4 0.370737 0.117887 0.044491 0.000526 0.466360
0 4 0.496869 0.113669 0.038868 0.000431 0.350164
0 4 0.701586 0.100679 0.030432 0.000412 0.166891
0 4 0.817607 0.106255 0.028919 0.000250 0.046970
0 4 0.639927 0.220783 0.079183 0.001074 0.059032
0 4 0.427097 0.354838 0.150647 0.001157 0.066261
1 4 0.296460 0.353158 0.227758 0.000987 0.121637
2 4 0.176775 0.303615 0.376809 0.001057 0.141744
2 4 0.146243 0.269499 0.391595 0.001036 0.191627
4 4 0.259906 0.259313 0.180505 0.000638 0.299638
1 4 0.253561 0.315650 0.209674 0.000538 0.220577
0 4 0.336749 0.253682 0.123054 0.000326 0.286190
0 4 0.330697 0.264411 0.128162 0.000606 0.276125
1 4 0.341355 0.343580 0.192157 0.000667 0.122241
0 4 0.341168 0.337563 0.190124 0.000617 0.130528
0 4 0.410872 0.288192 0.126382 0.000550 0.174004
0 4 0.489666 0.210000 0.076004 0.000355 0.223975
4 4 0.270137 0.079038 0.028577 0.000204 0.622044
4 4 0.337065 0.111608 0.042587 0.000481 0.508259
4 4 0.225893 0.143285 0.062820 0.000525 0.567477
4 4 0.281010 0.134163 0.054632 0.000456 0.529739
4 4 0.197766 0.274389 0.241389 0.000996 0.285461
0 4 0.307919 0.292775 0.166654 0.000567 0.232084
0 4 0.387827 0.225364 0.092376 0.000687 0.293746
0 4 0.348422 0.228479 0.096685 0.000699 0.325715
0 4 0.353255 0.251689 0.110141 0.001000 0.283914
0 4 0.345805 0.222256 0.096805 0.001026 0.334108
0 4 0.419745 0.243117 0.101812 0.001099 0.234227
0 4 0.483128 0.217774 0.084685 0.000817 0.213597
4 4 0.214834 0.101439 0.043994 0.000674 0.639060
4 4 0.210834 0.147387 0.073901 0.002258 0.565619
2 4 0.070326 0.261539 0.485414 0.006180 0.176541
2 4 0.104512 0.299075 0.421643 0.003852 0.170918
2 4 0.096929 0.303228 0.486149 0.002963 0.110732
2 4 0.142939 0.316505 0.335816 0.002352 0.202389
2 4 0.083758 0.262344 0.556147 0.003507 0.094244
2 4 0.017024 0.105396 0.824304 0.005394 0.047883
2 4 0.004685 0.032273 0.935448 0.012612 0.014982
2 2 0.001290 0.013341 0.967715 0.014039 0.003616
2 2 0.000598 0.007978 0.978714 0.011331 0.001379
2 2 0.000694 0.008540 0.980919 0.008492 0.001356
2 2 0.000379 0.004620 0.984419 0.010171 0.000411
2 2 0.000291 0.003620 0.985260 0.010485 0.000345
2 2 0.000509 0.005854 0.984105 0.008971 0.000561
2 2 0.000765 0.007998 0.980740 0.009945 0.000552
2 2 0.001250 0.012283 0.973691 0.011908 0.000867
2 2 0.001173 0.010331 0.969467 0.018391 0.000638
2 2 0.000936 0.008140 0.968396 0.021778 0.000751
2 2 0.000817 0.006964 0.969405 0.022237 0.000576
2 2 0.000600 0.004743 0.968563 0.025748 0.000345
2 2 0.000863 0.004924 0.948686 0.045210 0.000317
2 2 0.000955 0.004146 0.916803 0.077803 0.000292
2 2 0.001262 0.004801 0.891102 0.102434 0.000400
2 2 0.001703 0.004875 0.829034 0.163957 0.000431
2 2 0.002377 0.007641 0.870975 0.118500 0.000507
2 3 0.002138 0.005831 0.825478 0.166098 0.000454
2 3 0.002901 0.008020 0.828079 0.160353 0.000648
2 3 0.002739 0.008597 0.844022 0.143747 0.000895
2 3 0.002812 0.007199 0.770048 0.218927 0.001014
2 3 0.002274 0.003832 0.572729 0.420399 0.000767
3 3 0.002190 0.002602 0.393649 0.600918 0.000642
3 3 0.002921 0.004144 0.489077 0.502942 0.000915
2 3 0.002000 0.003294 0.569303 0.424802 0.000602
2 3 0.002743 0.005722 0.693165 0.297515 0.000855
2 3 0.004123 0.008269 0.706005 0.280661 0.000942
2 3 0.005431 0.009988 0.656040 0.327135 0.001407
3 3 0.005025 0.006486 0.473993 0.513300 0.001196
3 3 0.002807 0.002926 0.341487 0.652046 0.000734
3 3 0.001668 0.001411 0.228080 0.768335 0.000505
3 3 0.002014 0.001696 0.240135 0.755629 0.000525
3 3 0.001697 0.001039 0.140267 0.856608 0.000389
3 3 0.001694 0.000928 0.111297 0.885670 0.000410
3 3 0.003517 0.002327 0.160130 0.833062 0.000964
3 3 0.002586 0.001770 0.162174 0.832698 0.000773
3 3 0.006041 0.006094 0.321908 0.664075 0.001881
3 3 0.005011 0.004830 0.300029 0.688610 0.001520
3 3 0.006199 0.006374 0.346653 0.639139 0.001635
3 3 0.005030 0.004475 0.269245 0.719813 0.001436
3 3 0.007200 0.006846 0.308816 0.675192 0.001945
3 3 0.005565 0.004454 0.239156 0.749474 0.001351
3 3 0.005740 0.005454 0.318559 0.668914 0.001333
3 3 0.006584 0.007031 0.373955 0.610824 0.001607
3 3 0.006965 0.005543 0.228578 0.756941 0.001973
3 3 0.009904 0.007720 0.221994 0.757473 0.002910
3 3 0.006241 0.004006 0.149395 0.838374 0.001983
3 3 0.005499 0.003823 0.181557 0.807647 0.001473
3 3 0.004686 0.003509 0.188461 0.801715 0.001629
3 3 0.005316 0.003585 0.160389 0.828970 0.001740
3 3 0.005804 0.003246 0.120161 0.869174 0.001614
2 3 0.086909 0.056541 0.465205 0.367259 0.024087
2 2 0.145942 0.131282 0.465229 0.192382 0.065165
2 2 0.087526 0.133815 0.661684 0.080673 0.036301
2 2 0.072568 0.166737 0.682165 0.025136 0.053393
2 2 0.047061 0.142565 0.776375 0.015394 0.018605
2 2 0.021571 0.095794 0.856101 0.014767 0.011768
2 2 0.016982 0.085256 0.871930 0.012698 0.013134
2 2 0.011513 0.081513 0.882279 0.011984 0.012710
2 2 0.008635 0.089165 0.883435 0.005656 0.013109
2 2 0.005781 0.059597 0.922979 0.003399 0.008244
2 2 0.005720 0.047236 0.935187 0.005493 0.006364
2 2 0.005689 0.050804 0.930842 0.007048 0.005616
2 2 0.004418 0.054142 0.927841 0.008424 0.005175
2 2 0.003647 0.042015 0.941826 0.009406 0.003106
2 2 0.004698 0.049696 0.930631 0.011086 0.003889
2 2 0.002376 0.026580 0.959767 0.009808 0.001469
2 2 0.002949 0.029028 0.956005 0.010287 0.001731
2 2 0.002780 0.026322 0.957797 0.011440 0.001661
2 2 0.001599 0.013752 0.965760 0.018147 0.000742
2 2 0.001041 0.008087 0.968359 0.022151 0.000363
2 2 0.000969 0.009293 0.972685 0.016406 0.000648
2 2 0.000478 0.004050 0.971863 0.023298 0.000312
2 2 0.000714 0.006445 0.972907 0.019427 0.000506
2 2 0.001922 0.012823 0.962844 0.020942 0.001469
2 2 0.003397 0.014338 0.943579 0.037314 0.001371
2 2 0.006545 0.020383 0.933003 0.037686 0.002383
2 2 0.003851 0.022235 0.952271 0.018982 0.002661
2 2 0.004304 0.025969 0.944893 0.022073 0.002760
2 2 0.002313 0.019258 0.957792 0.019354 0.001283
2 2 0.005919 0.038013 0.923355 0.029852 0.002861
2 2 0.027464 0.137989 0.815395 0.004379 0.014774
2 2 0.022203 0.112705 0.841863 0.003555 0.019674
2 2 0.022879 0.097902 0.863346 0.003251 0.012622
2 2 0.006820 0.037181 0.947864 0.006479 0.001657
2 2 0.008813 0.045022 0.938242 0.006087 0.001837
2 2 0.001901 0.016012 0.971306 0.010294 0.000487
2 2 0.001828 0.014531 0.965909 0.017273 0.000459
2 2 0.001907 0.014137 0.961590 0.021793 0.000572
2 2 0.001096 0.008263 0.970024 0.020349 0.000268
2 2 0.000703 0.005505 0.975085 0.018554 0.000153
2 2 0.000692 0.004945 0.972780 0.021455 0.000128
2 2 0.000728 0.005250 0.971883 0.021987 0.000152
2 2 0.000986 0.007146 0.969984 0.021665 0.000220
2 2 0.000704 0.005012 0.971111 0.023021 0.000152
2 2 0.001187 0.007116 0.967881 0.023534 0.000281
2 2 0.003236 0.013838 0.962076 0.020119 0.000732
2 2 0.028310 0.068533 0.880024 0.015207 0.007926
2 1 0.041723 0.088654 0.842674 0.015657 0.011292
2 1 0.026099 0.093858 0.855072 0.013392 0.011578
2 2 0.026034 0.104797 0.846778 0.007846 0.014545
2 2 0.005814 0.044755 0.934777 0.009345 0.005309
2 2 0.003158 0.026107 0.958161 0.009633 0.002941
2 2 0.001266 0.010104 0.974514 0.013303 0.000812
2 2 0.000631 0.004779 0.976389 0.017895 0.000306
2 2 0.001019 0.007689 0.978217 0.012594 0.000481
2 2 0.001001 0.009096 0.980865 0.008466 0.000571
2 2 0.001336 0.014529 0.975711 0.007555 0.000869
2 2 0.001232 0.014019 0.977443 0.006509 0.000797
2 2 0.001681 0.019458 0.972782 0.004837 0.001241
2 2 0.001274 0.012256 0.978609 0.007267 0.000594
2 2 0.007046 0.022062 0.928360 0.040951 0.001582
2 2 0.177083 0.083765 0.690523 0.033258 0.015371
0 0 0.506016 0.117125 0.308716 0.029065 0.039077
0 0 0.520580 0.184278 0.233969 0.016228 0.044945
2 0 0.113895 0.274225 0.579988 0.014536 0.017356
2 1 0.032635 0.208869 0.733199 0.011566 0.013731
2 1 0.005654 0.059334 0.916888 0.012048 0.006076
2 2 0.012033 0.071865 0.898636 0.007034 0.010433
2 2 0.027741 0.111932 0.830342 0.011818 0.018167
2 2 0.096297 0.264454 0.566682 0.006867 0.065699
1 1 0.271060 0.322997 0.272180 0.008533 0.125231
0 1 0.412315 0.260721 0.125318 0.005751 0.195894
0 1 0.579240 0.207496 0.109675 0.006662 0.096927
0 1 0.615602 0.180407 0.090359 0.004828 0.108803
0 1 0.530277 0.268707 0.118468 0.004013 0.078535
1 1 0.269405 0.341782 0.216680 0.003659 0.168474
2 1 0.039904 0.260036 0.601404 0.004358 0.094297
2 1 0.021660 0.199593 0.710554 0.003868 0.064326
2 1 0.004528 0.075651 0.900452 0.004568 0.014801
2 2 0.002621 0.033539 0.952968 0.005205 0.005667
2 2 0.000821 0.010087 0.977804 0.010505 0.000784
2 2 0.000865 0.010395 0.978194 0.009940 0.000606
2 2 0.001406 0.017593 0.971223 0.008405 0.001373
2 2 0.000652 0.009754 0.981847 0.007004 0.000744
2 2 0.000708 0.010685 0.981220 0.006405 0.000982
2 2 0.000417 0.006708 0.985802 0.006514 0.000560
2 2 0.000388 0.005704 0.986139 0.007385 0.000384
2 2 0.000640 0.006261 0.975228 0.017362 0.000510
2 2 0.000727 0.005777 0.967812 0.025288 0.000397
2 0 0.002386 0.018975 0.953187 0.023878 0.001574
0 0 0.438896 0.275123 0.230705 0.004849 0.050427
0 1 0.658388 0.182907 0.084754 0.002652 0.071299
0 0 0.664660 0.192042 0.071988 0.001559 0.069752
0 1 0.659336 0.183970 0.092228 0.002658 0.061807
0 0 0.748712 0.101855 0.064072 0.004308 0.081053
0 1 0.688837 0.093443 0.074584 0.014758 0.128379
0 1 0.667238 0.105260 0.051945 0.007187 0.168370
0 0 0.756121 0.111367 0.035520 0.001064 0.095927
0 1 0.429147 0.316721 0.138514 0.001705 0.113912
1 1 0.171900 0.437156 0.309115 0.002840 0.078988
2 1 0.066505 0.380657 0.492218 0.004332 0.056289
2 1 0.059201 0.349267 0.545876 0.004202 0.041454
2 2 0.035774 0.274866 0.663176 0.004625 0.021559
2 2 0.028805 0.225431 0.723884 0.005920 0.015959
2 2 0.010313 0.090733 0.883733 0.010616 0.004605
2 2 0.005404 0.046811 0.931743 0.014118 0.001924
2 2 0.002805 0.025890 0.958620 0.011930 0.000754
2 2 0.005433 0.039175 0.942983 0.011035 0.001374
2 2 0.005464 0.042225 0.939451 0.011331 0.001529
2 2 0.007823 0.054388 0.925428 0.010353 0.002007
2 2 0.011735 0.062663 0.915671 0.007620 0.002311
2 2 0.004315 0.031708 0.953399 0.009747 0.000830
2 2 0.002914 0.026691 0.958670 0.011086 0.000639
2 2 0.002184 0.020414 0.965051 0.011781 0.000570
2 2 0.002177 0.018204 0.962812 0.016160 0.000647
2 2 0.004566 0.035881 0.939216 0.018656 0.001681
2 2 0.005939 0.051345 0.923105 0.016376 0.003236
2 2 0.006676 0.062274 0.914679 0.012161 0.004210
2 2 0.008959 0.077328 0.899051 0.008979 0.005683
2 2 0.006167 0.064010 0.916590 0.009031 0.004202
2 2 0.005652 0.050841 0.926904 0.012799 0.003804
2 2 0.013662 0.109876 0.856307 0.012346 0.007809
2 2 0.009484 0.094737 0.874669 0.012031 0.009078
2 2 0.005803 0.064449 0.912322 0.010842 0.006584
2 1 0.003289 0.038689 0.946020 0.009242 0.002760
2 2 0.001609 0.020029 0.967903 0.008991 0.001468
2 2 0.001358 0.012866 0.969347 0.015641 0.000787
2 2 0.000848 0.006932 0.970164 0.021663 0.000394
2 2 0.000956 0.007121 0.964766 0.026738 0.000418
2 2 0.000759 0.004780 0.954540 0.039608 0.000313
2 2 0.001025 0.006033 0.946008 0.046473 0.000461
2 2 0.000876 0.005071 0.947607 0.046105 0.000341
2 2 0.001265 0.007123 0.941024 0.050026 0.000562
2 2 0.001301 0.007903 0.948231 0.041990 0.000576
2 2 0.001233 0.005455 0.916195 0.076698 0.000420
2 2 0.001823 0.007596 0.912260 0.077813 0.000509
2 0 0.008854 0.016473 0.889341 0.083886 0.001446
2 0 0.063103 0.047227 0.815540 0.066967 0.007163
2 0 0.237315 0.108202 0.580678 0.047568 0.026236
2 1 0.376324 0.128415 0.402191 0.050710 0.042359
0 0 0.445320 0.202840 0.237178 0.028664 0.085999
0 1 0.323317 0.323152 0.203549 0.024870 0.125112
1 1 0.133460 0.417441 0.318320 0.039803 0.090976
2 2 0.051347 0.352212 0.525501 0.014257 0.056683
2 2 0.030510 0.271203 0.642697 0.011060 0.044530
2 2 0.011334 0.135915 0.828568 0.008254 0.015929
2 2 0.005375 0.071352 0.907483 0.007973 0.007817
2 2 0.004599 0.057205 0.923002 0.009323 0.005871
2 2 0.004611 0.055261 0.924825 0.009761 0.005542
2 2 0.003830 0.049079 0.933309 0.008661 0.005121
2 2 0.002590 0.023053 0.950225 0.021490 0.002642
2 2 0.001975 0.015460 0.953872 0.027171 0.001523
2 2 0.001393 0.009364 0.954173 0.034397 0.000673
2 2 0.001242 0.006970 0.940374 0.050853 0.000561
2 2 0.002212 0.008739 0.884514 0.103526 0.001008
2 2 0.002425 0.008016 0.838953 0.149468 0.001138
2 2 0.003099 0.013000 0.880408 0.101459 0.002034
2 2 0.001607 0.005812 0.862352 0.129473 0.000756
2 2 0.002377 0.008509 0.870321 0.117890 0.000903
2 2 0.002791 0.010877 0.885771 0.099436 0.001125
2 2 0.003231 0.011171 0.861492 0.122882 0.001224
2 2 0.003686 0.010423 0.800309 0.184109 0.001474
2 2 0.004163 0.009931 0.723868 0.260101 0.001936
2 2 0.002517 0.006001 0.719464 0.270848 0.001169
2 2 0.004090 0.012154 0.809963 0.171978 0.001815
2 2 0.005839 0.020438 0.856683 0.114719 0.002321
2 0 0.005785 0.023925 0.892880 0.075463 0.001947
2 0 0.007546 0.039561 0.907243 0.043080 0.002571
2 2 0.008208 0.050374 0.905209 0.032647 0.003562
2 2 0.010856 0.064894 0.879725 0.037934 0.006591
2 2 0.009127 0.055643 0.888974 0.039778 0.006479
2 2 0.006543 0.042064 0.911939 0.035298 0.004157
2 2 0.004046 0.028833 0.933770 0.030458 0.002893
2 2 0.006026 0.051818 0.919170 0.018445 0.004542
2 0 0.048223 0.162158 0.758378 0.008515 0.022726
2 1 0.086424 0.181221 0.694122 0.017356 0.020877
2 2 0.048568 0.196830 0.722142 0.021223 0.011238
2 0 0.056080 0.273474 0.622057 0.028595 0.019794
2 1 0.046128 0.249550 0.655497 0.027248 0.021576
2 2 0.064128 0.317371 0.563981 0.026764 0.027755
2 2 0.001623 0.011090 0.962335 0.024555 0.000397
2 2 0.004390 0.028827 0.938690 0.026711 0.001382
2 2 0.003794 0.026515 0.942474 0.025738 0.001479
2 2 0.003139 0.021062 0.946692 0.027978 0.001129
2 2 0.002843 0.019009 0.947542 0.029499 0.001108
2 2 0.001078 0.007428 0.964914 0.026286 0.000294
2 2 0.000901 0.005907 0.965709 0.027287 0.000196
2 2 0.000809 0.004889 0.960372 0.033746 0.000183
2 2 0.002095 0.012305 0.947597 0.037351 0.000651
2 2 0.006120 0.031947 0.914337 0.045435 0.002160
2 2 0.017522 0.094776 0.843723 0.036881 0.007098
2 1 0.021088 0.098977 0.827227 0.045653 0.007056
2 0 0.098138 0.189251 0.658240 0.031328 0.023044
2 0 0.227841 0.315224 0.376985 0.019586 0.060363
1 0 0.328490 0.387505 0.209116 0.009646 0.065243
1 1 0.110428 0.458362 0.344710 0.017654 0.068845
1 1 0.069593 0.454724 0.396690 0.010420 0.068573
2 1 0.040979 0.337189 0.561215 0.010265 0.050352
2 1 0.029123 0.283093 0.644242 0.008308 0.035234
2 2 0.017725 0.187516 0.771507 0.008203 0.015049
2 2 0.013287 0.146385 0.819095 0.008560 0.012673
2 2 0.007750 0.082475 0.892853 0.010529 0.006393
2 2 0.012486 0.118090 0.846175 0.012770 0.010478
2 2 0.015179 0.134469 0.822911 0.014378 0.013063
2 2 0.009936 0.082902 0.884693 0.016595 0.005875
2 2 0.004585 0.033996 0.937823 0.021821 0.001774
2 1 0.003016 0.023467 0.952010 0.020367 0.001141
2 2 0.001291 0.011253 0.970475 0.016536 0.000445
2 2 0.002697 0.023462 0.954081 0.018269 0.001491
2 2 0.001754 0.014656 0.961463 0.021191 0.000937
2 2 0.006466 0.055530 0.917914 0.016437 0.003654
2 1 0.003481 0.031626 0.946295 0.016462 0.002135
2 2 0.002107 0.014789 0.950390 0.031532 0.001182
2 2 0.002110 0.015283 0.951796 0.029601 0.001211
2 2 0.002094 0.014651 0.951163 0.031003 0.001090
2 2 0.003376 0.020817 0.936260 0.037929 0.001618
2 2 0.003037 0.020608 0.945910 0.029172 0.001273
2 2 0.002838 0.020190 0.948804 0.026918 0.001251
2 2 0.001487 0.010689 0.959835 0.027379 0.000610
2 2 0.001485 0.009205 0.952289 0.036483 0.000539
2 2 0.001284 0.007313 0.941720 0.049101 0.000581
2 2 0.002909 0.015087 0.925693 0.055031 0.001280
2 2 0.008401 0.039978 0.879227 0.067164 0.005231
2 2 0.010142 0.048233 0.873415 0.062560 0.005649
2 2 0.004355 0.023058 0.919875 0.050744 0.001967
2 2 0.001691 0.008388 0.929493 0.059804 0.000623
2 2 0.001796 0.008461 0.927611 0.061588 0.000545
2 2 0.003003 0.010718 0.874065 0.111194 0.001020
2 2 0.006077 0.018862 0.829332 0.143429 0.002300
2 3 0.005916 0.019516 0.842586 0.129621 0.002360
2 2 0.004019 0.011084 0.803466 0.180089 0.001342
2 2 0.003804 0.010055 0.790681 0.194225 0.001236
2 2 0.001813 0.004880 0.796148 0.196597 0.000561
2 2 0.001442 0.004188 0.822638 0.171301 0.000431
2 2 0.001400 0.004225 0.832373 0.161568 0.000434
2 2 0.002473 0.006872 0.810003 0.179895 0.000759
2 2 0.002952 0.006946 0.752267 0.236970 0.000865
2 2 0.006345 0.012945 0.700811 0.278159 0.001740
2 2 0.015715 0.042961 0.775799 0.159977 0.005548
2 2 0.026663 0.111770 0.788370 0.061709 0.011488
2 2 0.058099 0.297116 0.591068 0.027007 0.026710
2 2 0.093638 0.371154 0.459199 0.035027 0.040982
1 0 0.130098 0.449319 0.370265 0.012634 0.037684
0 0 0.394258 0.383064 0.177452 0.002860 0.042366
0 0 0.505651 0.294082 0.145887 0.003292 0.051088
0 0 0.505952 0.264496 0.156388 0.006793 0.066372
1 0 0.316945 0.402335 0.229375 0.006928 0.044416
1 1 0.116880 0.454117 0.369542 0.005473 0.053988
2 1 0.030451 0.243357 0.666523 0.004561 0.055109
2 1 0.012369 0.153685 0.795980 0.005729 0.032237
2 1 0.007560 0.104214 0.870601 0.004893 0.012732
2 2 0.004326 0.051180 0.930834 0.009304 0.004356
2 2 0.002669 0.031627 0.954983 0.008895 0.001825
2 2 0.002837 0.028656 0.955346 0.011745 0.001416
2 2 0.001600 0.014639 0.969858 0.013437 0.000466
2 2 0.001248 0.012369 0.975682 0.010411 0.000291
2 2 0.000891 0.007977 0.977205 0.013718 0.000210
2 2 0.000700 0.005890 0.976446 0.016786 0.000178
2 2 0.001438 0.012588 0.970789 0.014784 0.000401
2 2 0.001796 0.015896 0.967505 0.014284 0.000519
2 2 0.003237 0.027172 0.953593 0.015067 0.000932
2 2 0.003564 0.031980 0.950085 0.013243 0.001127
2 2 0.003115 0.028085 0.954341 0.013451 0.001008
2 2 0.005605 0.047889 0.928941 0.015341 0.002223
2 2 0.006860 0.054128 0.916471 0.019271 0.003271
2 2 0.005403 0.047596 0.927132 0.016410 0.003459
2 2 0.007939 0.082062 0.891927 0.010258 0.007814
2 1 0.020969 0.153948 0.802466 0.005889 0.016728
2 1 0.053796 0.257506 0.653704 0.005019 0.029976
0 0 0.363994 0.262549 0.320269 0.007157 0.046031
2 0 0.071641 0.364356 0.518139 0.005826 0.040038
2 0 0.074155 0.309391 0.562871 0.003161 0.050422
2 0 0.088061 0.301129 0.539508 0.003142 0.068161
2 0 0.067103 0.278550 0.580785 0.005723 0.067838
2 0 0.100080 0.386245 0.436735 0.004579 0.072362
2 0 0.024204 0.250730 0.696270 0.007284 0.021511
2 0 0.011186 0.153106 0.814420 0.005661 0.015628
2 0 0.004527 0.061470 0.923317 0.006548 0.004138
2 1 0.003533 0.039445 0.945762 0.009335 0.001925
2 1 0.004617 0.055771 0.930093 0.007162 0.002356
2 1 0.009417 0.097499 0.882700 0.005397 0.004987
2 1 0.023826 0.169136 0.791506 0.004274 0.011259
2 1 0.053017 0.271836 0.646360 0.004357 0.024429
2 1 0.129565 0.348436 0.472120 0.005089 0.044791
2 1 0.098485 0.308396 0.537317 0.007855 0.047948
2 1 0.181791 0.349516 0.392055 0.005659 0.070978
2 1 0.100817 0.311923 0.531028 0.006790 0.049442
2 1 0.158380 0.364983 0.381198 0.003212 0.092227
1 1 0.179126 0.338506 0.301168 0.002112 0.179088
2 4 0.096701 0.287424 0.449777 0.002426 0.163672
2 4 0.121650 0.259878 0.309717 0.001369 0.307387
4 4 0.135661 0.270137 0.234402 0.001695 0.358104
4 4 0.109478 0.257767 0.207076 0.001153 0.424526
4 4 0.144424 0.242871 0.187936 0.000817 0.423951
4 4 0.159852 0.187195 0.183683 0.002726 0.466544
4 4 0.185554 0.208309 0.270528 0.006303 0.329306
4 4 0.305644 0.171218 0.134097 0.006584 0.382456
0 4 0.332937 0.277755 0.176571 0.003261 0.209475
1 4 0.244770 0.342960 0.275569 0.001639 0.135062
1 4 0.296919 0.377233 0.234818 0.002239 0.088791
4 4 0.166692 0.260606 0.151852 0.000797 0.420053
4 4 0.139725 0.278742 0.158450 0.000890 0.422193
4 4 0.145367 0.314433 0.180374 0.001327 0.358500
1 0 0.117781 0.343652 0.246219 0.002028 0.290320
1 0 0.162187 0.353467 0.222607 0.001487 0.260251
1 1 0.206097 0.303497 0.263940 0.001305 0.225162
0 1 0.359666 0.253697 0.172163 0.002645 0.211830
0 0 0.621197 0.179796 0.068700 0.002350 0.127957
0 0 0.636947 0.186602 0.071796 0.002831 0.101824
0 0 0.758333 0.144063 0.043999 0.000496 0.053110
0 0 0.738775 0.161807 0.053238 0.000529 0.045651
0 0 0.780848 0.112644 0.060065 0.001327 0.045115
0 0 0.717012 0.115673 0.088005 0.006613 0.072698
0 0 0.683237 0.140766 0.061136 0.003458 0.111403
0 0 0.752477 0.082203 0.026114 0.001459 0.137748
0 0 0.574129 0.182818 0.071788 0.002299 0.168965
0 0 0.730000 0.142612 0.047122 0.001060 0.079205
0 0 0.748698 0.103172 0.059541 0.003736 0.084854
0 0 0.569682 0.143496 0.148623 0.032357 0.105841
0 0 0.696221 0.102683 0.086431 0.012833 0.101832
0 0 0.629451 0.076843 0.065994 0.028043 0.199669
0 1 0.439980 0.091483 0.059011 0.008265 0.401262
4 1 0.404808 0.076447 0.034410 0.001941 0.482394
4 1 0.186474 0.086511 0.038721 0.000833 0.687460
4 1 0.175813 0.245596 0.134685 0.001207 0.442699
1 1 0.208850 0.348109 0.183561 0.001300 0.258180
1 1 0.210038 0.431625 0.230613 0.001413 0.126310
1 1 0.194323 0.462390 0.261988 0.002497 0.078802
0 0 0.377688 0.373868 0.168898 0.001515 0.078031
0 0 0.595895 0.245238 0.107716 0.001819 0.049332
0 0 0.563205 0.250460 0.097589 0.001468 0.087278
0 0 0.515793 0.240684 0.086331 0.000336 0.156857
0 0 0.470752 0.284096 0.110867 0.000598 0.133687
0 0 0.397892 0.348202 0.151961 0.001173 0.100772
1 0 0.346331 0.412872 0.200977 0.003374 0.036447
1 0 0.241781 0.457257 0.263255 0.005734 0.031973
1 0 0.202190 0.460576 0.295263 0.008573 0.033397
1 0 0.235323 0.458964 0.262680 0.006875 0.036159
1 0 0.247876 0.451739 0.255886 0.007170 0.037329
1 0 0.229253 0.464590 0.266789 0.006737 0.032631
1 0 0.242887 0.450178 0.259233 0.008192 0.039510
1 0 0.350918 0.395823 0.210430 0.003487 0.039342
0 0 0.475851 0.319947 0.141478 0.003362 0.059362
0 0 0.446690 0.312516 0.148495 0.006312 0.085987
0 0 0.544710 0.262933 0.113189 0.003253 0.075914
0 0 0.605768 0.165539 0.141163 0.004844 0.082686
0 0 0.558799 0.152296 0.183696 0.015897 0.089312
0 0 0.737858 0.120317 0.073440 0.003305 0.065080
0 0 0.625276 0.186373 0.074344 0.003509 0.110498
0 0 0.438182 0.269779 0.120058 0.002576 0.169405
1 0 0.238907 0.324526 0.182704 0.005172 0.248691
1 0 0.157809 0.394959 0.262715 0.010020 0.174497
1 0 0.102967 0.445632 0.337517 0.014292 0.099592
1 0 0.114946 0.456705 0.329809 0.010944 0.087596
1 0 0.344512 0.347361 0.177373 0.005210 0.125543
0 0 0.344738 0.344252 0.176448 0.005506 0.129055
0 0 0.485880 0.271171 0.123937 0.005707 0.113304
1 0 0.313497 0.385347 0.215428 0.012725 0.073003
1 0 0.346259 0.347800 0.192186 0.015873 0.097881
1 0 0.344186 0.358441 0.197210 0.011328 0.088834
1 0 0.129916 0.442949 0.376517 0.017490 0.033128
2 1 0.078230 0.382529 0.501411 0.016073 0.021758
2 1 0.089119 0.378128 0.493066 0.015212 0.024476
2 1 0.091622 0.421918 0.448682 0.015189 0.022588
1 1 0.192869 0.459102 0.305938 0.008721 0.033370
1 1 0.337611 0.416584 0.205444 0.003621 0.036740
0 0 0.449697 0.347439 0.153558 0.002670 0.046636
0 1 0.392458 0.347871 0.175669 0.008077 0.075925
1 0 0.206017 0.433818 0.281292 0.020883 0.057990
1 0 0.112972 0.446613 0.343818 0.026492 0.070104
2 1 0.058051 0.333330 0.494896 0.023191 0.090533
2 1 0.042583 0.288887 0.577409 0.019545 0.071577
2 1 0.033596 0.262286 0.617182 0.016372 0.070564
2 1 0.035131 0.293157 0.586680 0.012656 0.072376
2 2 0.026818 0.256467 0.647504 0.010671 0.058540
2 1 0.024119 0.237582 0.684392 0.010188 0.043719
2 2 0.028890 0.252429 0.661581 0.012370 0.044730
2 2 0.089869 0.314047 0.485451 0.024875 0.085758
1 1 0.201948 0.369462 0.259685 0.021038 0.147867
1 0 0.210975 0.340728 0.234816 0.050439 0.163043
1 1 0.152261 0.386057 0.306824 0.035705 0.119152
1 1 0.130414 0.429974 0.299910 0.009904 0.129799
4 1 0.275846 0.228872 0.119671 0.004868 0.370742
0 0 0.363396 0.231152 0.133930 0.008706 0.262816
0 1 0.419622 0.259320 0.134409 0.016932 0.169718
1 1 0.256323 0.393599 0.243805 0.023496 0.082776
1 1 0.123602 0.436429 0.334151 0.033432 0.072387
2 1 0.064556 0.368043 0.505586 0.018302 0.043513
2 2 0.033141 0.230725 0.701351 0.017126 0.017657
2 2 0.019794 0.147666 0.807300 0.016720 0.008520
2 2 0.042349 0.211066 0.678634 0.039897 0.028055
2 2 0.021754 0.125635 0.806782 0.033558 0.012271
2 2 0.021405 0.138085 0.803569 0.025405 0.011536
2 2 0.012576 0.089821 0.871486 0.020812 0.005304
2 2 0.006708 0.052721 0.920667 0.017479 0.002425
2 2 0.004627 0.034682 0.939929 0.019332 0.001430
2 2 0.004970 0.038474 0.937191 0.017815 0.001550
2 2 0.002658 0.022214 0.959681 0.014774 0.000673
2 2 0.002198 0.018409 0.963651 0.015173 0.000569
2 2 0.002465 0.021378 0.960436 0.014950 0.000771
2 2 0.004265 0.029768 0.939384 0.024990 0.001594
2 2 0.010242 0.063692 0.890630 0.030858 0.004578
2 2 0.011511 0.065502 0.881688 0.036412 0.004888
2 2 0.006666 0.042856 0.920966 0.027264 0.002248
2 2 0.005830 0.031478 0.920939 0.039967 0.001787
2 2 0.006255 0.032844 0.914841 0.043942 0.002118
2 2 0.006311 0.037675 0.919693 0.033975 0.002346
2 2 0.012706 0.074578 0.873677 0.033524 0.005515
2 2 0.011540 0.079490 0.882647 0.022004 0.004320
2 2 0.006714 0.044212 0.921892 0.025060 0.002121
2 2 0.003606 0.020407 0.937763 0.037182 0.001042
2 2 0.003185 0.016461 0.934076 0.045401 0.000876
2 2 0.004946 0.024130 0.921365 0.048258 0.001300
2 2 0.004328 0.023113 0.929256 0.042016 0.001288
2 2 0.004006 0.021598 0.930726 0.042413 0.001257
2 2 0.002947 0.016796 0.942140 0.037274 0.000843
2 2 0.005187 0.029294 0.926546 0.037308 0.001665
2 2 0.010854 0.050291 0.881822 0.053432 0.003601
2 2 0.022613 0.092442 0.810214 0.065839 0.008892
2 2 0.024681 0.091983 0.792827 0.080473 0.010035
2 2 0.003463 0.013834 0.900362 0.081334 0.001007
2 2 0.003790 0.013280 0.875898 0.105945 0.001086
2 2 0.004972 0.014572 0.825400 0.153495 0.001561
2 2 0.004434 0.011865 0.804674 0.177787 0.001240
2 2 0.007835 0.017059 0.740612 0.232651 0.001843
2 2 0.013592 0.029982 0.726435 0.226194 0.003797
2 2 0.008191 0.017400 0.730577 0.241907 0.001925
2 2 0.011386 0.019026 0.613255 0.353432 0.002901
2 2 0.008462 0.011506 0.496301 0.481435 0.002296
3 2 0.007135 0.007262 0.343798 0.639926 0.001879
3 3 0.004838 0.005465 0.413756 0.574929 0.001011
3 3 0.007972 0.008711 0.392906 0.588550 0.001861
2 3 0.007969 0.010800 0.517507 0.462010 0.001713
3 3 0.011431 0.012793 0.388495 0.583964 0.003318
3 3 0.009911 0.009236 0.311406 0.667005 0.002443
3 3 0.009486 0.007588 0.224468 0.755386 0.003072
3 3 0.005654 0.004718 0.248177 0.739922 0.001529
3 3 0.003745 0.002501 0.162198 0.830503 0.001053
3 3 0.003026 0.001723 0.121300 0.873153 0.000798
3 3 0.004075 0.002733 0.164306 0.827739 0.001147
3 3 0.004316 0.002910 0.162073 0.829385 0.001316
3 3 0.004265 0.004056 0.295018 0.695421 0.001241
3 3 0.004098 0.003348 0.230802 0.760571 0.001181
3 3 0.004288 0.002722 0.149426 0.842366 0.001198
3 3 0.005617 0.003268 0.125145 0.864257 0.001712
3 3 0.006824 0.004365 0.155955 0.830950 0.001905
3 3 0.006801 0.006877 0.348683 0.636013 0.001626
2 3 0.006904 0.010700 0.584345 0.396505 0.001546
3 3 0.006024 0.007889 0.486012 0.498658 0.001417
3 3 0.005193 0.004687 0.295294 0.693652 0.001174
3 3 0.004659 0.003119 0.158740 0.832007 0.001475
3 3 0.007213 0.004541 0.137524 0.848029 0.002693
3 3 0.008797 0.006577 0.197197 0.784492 0.002937
3 3 0.006723 0.005211 0.210799 0.775147 0.002121
3 3 0.005393 0.004356 0.226282 0.762333 0.001635
3 3 0.003782 0.002228 0.124687 0.868144 0.001159
3 3 0.003721 0.001830 0.092636 0.900836 0.000977
3 3 0.003649 0.001868 0.099119 0.894378 0.000987
3 3 0.004297 0.002181 0.097556 0.894771 0.001195
3 3 0.004070 0.002516 0.134592 0.857501 0.001320
3 3 0.004093 0.002751 0.153448 0.838281 0.001427
3 3 0.006647 0.004512 0.154931 0.831311 0.002599
3 3 0.006593 0.004049 0.132428 0.854566 0.002363
3 3 0.007818 0.004424 0.115736 0.869307 0.002715
3 3 0.007171 0.003592 0.094837 0.892193 0.002206
3 3 0.005804 0.002902 0.094860 0.894730 0.001703
3 3 0.005038 0.002550 0.096946 0.894019 0.001447
3 3 0.005207 0.003227 0.136758 0.853097 0.001711
3 3 0.005415 0.003687 0.163575 0.825555 0.001768
3 3 0.009391 0.006997 0.195532 0.784888 0.003192
3 3 0.007321 0.004867 0.153473 0.831667 0.002672
3 3 0.007981 0.005112 0.143910 0.840078 0.002918
3 3 0.006785 0.004222 0.136711 0.849891 0.002391
3 3 0.007897 0.004880 0.142165 0.842599 0.002459
3 3 0.009262 0.006025 0.160735 0.821250 0.002727
3 3 0.008900 0.005151 0.124730 0.858332 0.002887
3 3 0.007938 0.004287 0.112858 0.872614 0.002304
3 3 0.005865 0.003142 0.106723 0.882465 0.001805
3 3 0.008713 0.005507 0.142555 0.840135 0.003090
3 3 0.007269 0.004725 0.144565 0.840648 0.002793
3 3 0.002624 0.001781 0.156369 0.838389 0.000837
3 3 0.003423 0.002545 0.179549 0.813231 0.001252
3 3 0.007595 0.005459 0.168750 0.814984 0.003212
3 3 0.007089 0.005315 0.180093 0.804440 0.003063
3 3 0.006864 0.004841 0.164201 0.821301 0.002793
3 3 0.005858 0.004147 0.165568 0.822118 0.002310
3 3 0.004327 0.002279 0.103730 0.888421 0.001243
3 3 0.003190 0.001462 0.082417 0.912167 0.000764
3 3 0.003266 0.001696 0.101543 0.892623 0.000872
3 3 0.004194 0.002445 0.124335 0.867778 0.001249
3 3 0.003968 0.002548 0.150455 0.841891 0.001138
3 3 0.005577 0.003318 0.141096 0.848650 0.001359
3 3 0.006544 0.004697 0.197883 0.789225 0.001651
3 3 0.004698 0.002696 0.128769 0.862654 0.001184
3 3 0.003712 0.001787 0.089422 0.904122 0.000957
3 3 0.004428 0.002459 0.113088 0.878688 0.001336
3 3 0.003833 0.002469 0.143673 0.848755 0.001271
3 3 0.004241 0.003352 0.213656 0.777437 0.001314
3 3 0.003553 0.002698 0.203678 0.789075 0.000995
3 3 0.003782 0.002131 0.115984 0.876986 0.001117
3 3 0.004443 0.002297 0.100558 0.891438 0.001264
3 3 0.005545 0.002706 0.091147 0.899024 0.001578
3 3 0.006452 0.003294 0.098069 0.890213 0.001971
3 3 0.008098 0.005668 0.161836 0.821003 0.003395
3 0 0.013994 0.015118 0.337281 0.627696 0.005910
2 0 0.028420 0.075933 0.729024 0.155605 0.011019
2 0 0.050966 0.155214 0.726779 0.052288 0.014753
2 1 0.100260 0.341271 0.501017 0.024621 0.032830
1 2 0.120269 0.402438 0.384422 0.040344 0.052527
1 1 0.134868 0.427298 0.334206 0.040931 0.062697
2 2 0.017036 0.111966 0.827572 0.029680 0.013746
2 2 0.013042 0.092001 0.858860 0.026188 0.009910
2 2 0.014065 0.096675 0.848817 0.028490 0.011953
2 2 0.006004 0.044706 0.919704 0.025509 0.004076
2 2 0.008120 0.063718 0.899590 0.022198 0.006375
2 2 0.019189 0.160289 0.784654 0.016491 0.019377
2 2 0.027926 0.183700 0.744271 0.020859 0.023244
2 0 0.045636 0.255316 0.643896 0.027121 0.028031
2 0 0.036653 0.246579 0.672612 0.018902 0.025254
2 1 0.035938 0.223632 0.686460 0.025140 0.028829
2 1 0.025901 0.167201 0.748357 0.029429 0.029112
2 4 0.028926 0.224271 0.652610 0.019652 0.074542
2 4 0.036907 0.278976 0.483377 0.016952 0.183787
4 4 0.028817 0.219997 0.340616 0.012008 0.398562
2 4 0.060346 0.281519 0.393345 0.004252 0.260538
4 4 0.110196 0.315274 0.253717 0.003884 0.316929
4 0 0.246636 0.267242 0.151790 0.003374 0.330958
4 4 0.178168 0.287817 0.194402 0.002450 0.337163
1 1 0.232212 0.297258 0.197109 0.004397 0.269024
4 1 0.131461 0.274643 0.183982 0.008548 0.401365
1 4 0.108967 0.323557 0.235543 0.011472 0.320461
1 4 0.052036 0.320168 0.314191 0.016895 0.296710
4 4 0.098217 0.306622 0.227086 0.010950 0.357126
4 4 0.144920 0.313861 0.208553 0.008962 0.323703
4 4 0.151634 0.275738 0.170220 0.004637 0.397770
4 4 0.088743 0.224039 0.158030 0.006367 0.522821
4 4 0.047832 0.133898 0.096588 0.002722 0.718960
4 4 0.064408 0.122583 0.079500 0.002002 0.731508
4 4 0.060200 0.138572 0.096704 0.003430 0.701094
4 4 0.105424 0.144712 0.091145 0.004893 0.653826
0 4 0.491950 0.076095 0.028299 0.001486 0.402171
0 4 0.490717 0.111505 0.043403 0.002242 0.352133
4 4 0.313373 0.120204 0.054426 0.003024 0.508973
4 4 0.208292 0.166830 0.088678 0.003804 0.532395
4 4 0.187132 0.156730 0.085700 0.004277 0.566161
4 4 0.193115 0.247072 0.140382 0.003988 0.415442
4 4 0.182464 0.269702 0.156578 0.003906 0.387350
4 4 0.195416 0.229934 0.124777 0.002525 0.447347
4 4 0.154047 0.240532 0.139286 0.002559 0.463576
4 4 0.101408 0.185456 0.112117 0.001745 0.599274
4 4 0.075607 0.245818 0.169820 0.002585 0.506170
4 4 0.111742 0.262501 0.165849 0.002531 0.457377
4 4 0.141659 0.293765 0.183251 0.003941 0.377384
1 4 0.200612 0.311258 0.180940 0.004559 0.302631
4 4 0.271001 0.215429 0.107069 0.002588 0.403913
4 4 0.204792 0.202915 0.112925 0.004865 0.474502
4 4 0.139647 0.235472 0.148134 0.005634 0.471113
4 4 0.096816 0.229700 0.154235 0.004267 0.514982
4 4 0.117104 0.275391 0.175949 0.003183 0.428374
4 4 0.162177 0.219788 0.122696 0.002135 0.493204
4 4 0.174122 0.167172 0.087279 0.001699 0.569728
4 4 0.162691 0.199016 0.116699 0.004701 0.516894
4 4 0.108771 0.199579 0.138013 0.011047 0.542590
4 4 0.088899 0.211626 0.151965 0.008761 0.538749
4 4 0.065275 0.294080 0.243190 0.013429 0.384025
2 4 0.044325 0.338821 0.405334 0.012348 0.199172
1 4 0.089980 0.344197 0.252783 0.006542 0.306498
1 4 0.104691 0.360202 0.250168 0.004873 0.280066
1 4 0.110670 0.348191 0.239314 0.005241 0.296584
0 0 0.419018 0.263513 0.122220 0.003792 0.191457
1 1 0.230263 0.436885 0.238021 0.002642 0.092189
1 1 0.164619 0.425156 0.257165 0.003158 0.149902
1 1 0.165597 0.407668 0.253429 0.004692 0.168615
1 1 0.202974 0.406337 0.232764 0.003189 0.154736
1 1 0.183235 0.431736 0.260807 0.004562 0.119660
1 1 0.181857 0.440631 0.259651 0.003184 0.114676
1 1 0.118015 0.392666 0.361458 0.006014 0.121847
1 1 0.151393 0.391937 0.264524 0.006763 0.185383
1 1 0.170661 0.351397 0.215706 0.004820 0.257416
1 1 0.196195 0.367808 0.212602 0.003356 0.220038
1 1 0.154827 0.390266 0.242638 0.003810 0.208459
1 1 0.179466 0.429339 0.255268 0.003397 0.132531
1 1 0.227739 0.391961 0.259272 0.002269 0.118759
0 1 0.404065 0.270893 0.112791 0.000786 0.211465
0 0 0.390895 0.261344 0.109512 0.000784 0.237465
0 1 0.356042 0.266831 0.112879 0.000618 0.263629
1 1 0.232599 0.373493 0.196928 0.001775 0.195204
1 4 0.149812 0.334932 0.214862 0.004067 0.296327
1 4 0.145915 0.330196 0.313632 0.007891 0.202367
1 1 0.187332 0.285087 0.273383 0.007081 0.247117
2 1 0.123057 0.267268 0.411298 0.008929 0.189449
2 1 0.069477 0.261143 0.547920 0.007836 0.113623
2 1 0.048368 0.217293 0.516961 0.005050 0.212328
2 1 0.057279 0.256328 0.487090 0.003406 0.195897
2 1 0.038055 0.255910 0.527852 0.003928 0.174256
2 1 0.034540 0.255733 0.501706 0.003514 0.204507
2 1 0.022319 0.208950 0.568733 0.005883 0.194116
2 1 0.018587 0.202901 0.648308 0.004352 0.125852
2 1 0.020306 0.214561 0.651408 0.003618 0.110108
2 4 0.020889 0.198928 0.662172 0.003064 0.114947
0 4 0.343745 0.306344 0.180353 0.002209 0.167348
1 4 0.299346 0.348805 0.189338 0.006796 0.155714
1 0 0.230993 0.406610 0.250714 0.014376 0.097307
1 1 0.107870 0.447520 0.346704 0.024427 0.073479
1 1 0.099707 0.438924 0.346437 0.023211 0.091722
1 4 0.104396 0.460156 0.353783 0.020445 0.061220
1 4 0.118706 0.467720 0.348585 0.022665 0.042324
1 4 0.111349 0.478155 0.355389 0.018235 0.036873
2 4 0.060229 0.353953 0.539731 0.016770 0.029316
2 4 0.044508 0.301573 0.618231 0.014337 0.021351
2 4 0.044203 0.294424 0.620286 0.015918 0.025169
2 4 0.044881 0.281943 0.636079 0.017620 0.019477
2 4 0.057099 0.316149 0.575202 0.021958 0.029592
2 4 0.052335 0.313735 0.579022 0.019728 0.035180
2 4 0.075584 0.411409 0.445190 0.017129 0.050689
2 1 0.068250 0.421719 0.459956 0.012208 0.037867
2 1 0.053287 0.360161 0.532804 0.013330 0.040417
2 1 0.023499 0.205491 0.743311 0.011581 0.016118
2 2 0.007827 0.064876 0.907431 0.016378 0.003487
2 2 0.002020 0.018876 0.964337 0.013994 0.000773
2 2 0.001160 0.010005 0.971387 0.017052 0.000396
2 2 0.003989 0.032986 0.943321 0.017990 0.001714
2 2 0.032390 0.207524 0.719681 0.022487 0.017918
1 2 0.231826 0.376718 0.284351 0.011489 0.095615
0 0 0.339530 0.296117 0.167094 0.005272 0.191987
0 1 0.514919 0.194943 0.136123 0.017259 0.136756
0 1 0.417786 0.260595 0.175916 0.022705 0.122999
1 1 0.213001 0.375114 0.237366 0.014939 0.159580
2 1 0.016941 0.204314 0.720642 0.007900 0.050203
2 1 0.007789 0.136280 0.791626 0.005145 0.059160
2 1 0.002974 0.057880 0.914644 0.005096 0.019405
2 1 0.002241 0.045913 0.937699 0.004123 0.010023
2 1 0.001392 0.026542 0.961794 0.004946 0.005326
2 1 0.001433 0.023685 0.959027 0.007978 0.007878
2 1 0.003377 0.053721 0.918102 0.007666 0.017135
2 1 0.033891 0.214493 0.626345 0.004960 0.120311
4 1 0.163653 0.273665 0.194604 0.001911 0.366168
4 1 0.222342 0.272880 0.174576 0.001023 0.329180
4 0 0.209475 0.221556 0.133801 0.000884 0.434284
4 1 0.118196 0.283920 0.276400 0.001150 0.320333
2 1 0.067537 0.310544 0.414625 0.001097 0.206196
2 1 0.058069 0.245069 0.425766 0.001289 0.269807
2 1 0.047504 0.214235 0.538984 0.001820 0.197457
2 1 0.128706 0.274025 0.417901 0.002240 0.177128
2 1 0.165617 0.315307 0.398848 0.003670 0.116557
2 1 0.183695 0.330956 0.345662 0.004393 0.135294
1 1 0.179981 0.297475 0.264969 0.006291 0.251284
4 1 0.106205 0.232396 0.268733 0.003308 0.389357
4 1 0.125991 0.204112 0.205724 0.002779 0.461394
4 1 0.143463 0.224105 0.205569 0.003307 0.423556
4 1 0.150217 0.262147 0.273394 0.002350 0.311891
2 1 0.069973 0.212207 0.481754 0.003097 0.232969
2 1 0.087210 0.208010 0.407053 0.004160 0.293568
2 1 0.091006 0.175049 0.363793 0.006486 0.363666
4 1 0.091996 0.173325 0.325031 0.010865 0.398782
2 1 0.075733 0.212048 0.394573 0.006439 0.311207
2 1 0.074785 0.223513 0.366849 0.004369 0.330484
2 4 0.069816 0.255483 0.429323 0.003183 0.242195
2 4 0.078064 0.309255 0.402435 0.003837 0.206408
2 4 0.075388 0.334608 0.397480 0.004960 0.187564
2 4 0.083398 0.299791 0.370461 0.001115 0.245234
2 4 0.080134 0.291997 0.358411 0.001430 0.268029
2 4 0.069736 0.329034 0.376143 0.003117 0.221969
2 4 0.030251 0.279714 0.551986 0.006140 0.131909
2 4 0.018547 0.218666 0.665893 0.005853 0.091041
2 1 0.013871 0.176110 0.745241 0.005978 0.058800
