0 0 0.797528 0.089227 0.045720 0.003122 0.064403
0 0 0.716343 0.143242 0.054624 0.002720 0.083071
0 0 0.620404 0.184530 0.077482 0.005771 0.111813
0 0 0.575300 0.208044 0.093754 0.010371 0.112531
0 0 0.594210 0.199769 0.088193 0.008843 0.108985
0 0 0.608641 0.169569 0.078750 0.005604 0.137437
0 0 0.578085 0.140905 0.086076 0.007407 0.187528
0 0 0.525543 0.166416 0.082479 0.004550 0.221011
0 0 0.608454 0.180837 0.073406 0.004106 0.133197
0 0 0.548382 0.204292 0.087679 0.006216 0.153430
0 0 0.359197 0.301607 0.173368 0.024158 0.141670
0 0 0.308628 0.267732 0.280451 0.024620 0.118569
0 0 0.314117 0.280459 0.270173 0.025269 0.109981
2 0 0.165138 0.329786 0.384559 0.031334 0.089182
2 1 0.064882 0.304637 0.527478 0.043476 0.059527
2 1 0.035389 0.240349 0.643450 0.040514 0.040298
2 1 0.007604 0.129608 0.809985 0.037409 0.015394
2 1 0.005515 0.118645 0.826884 0.036215 0.012741
2 1 0.007088 0.124396 0.815906 0.037890 0.014720
2 1 0.010699 0.143726 0.780069 0.025945 0.039561
2 1 0.029077 0.221885 0.586444 0.019265 0.143328
2 4 0.033914 0.239792 0.476665 0.017702 0.231927
2 4 0.053463 0.265531 0.372734 0.021266 0.287006
2 4 0.050538 0.266295 0.358405 0.024555 0.300207
2 4 0.043253 0.271785 0.350701 0.028094 0.306167
4 4 0.048771 0.300418 0.272920 0.029768 0.348124
4 4 0.058913 0.290825 0.258156 0.024305 0.367800
2 4 0.041561 0.300062 0.345995 0.038550 0.273832
2 4 0.030066 0.325323 0.328021 0.037896 0.278694
2 4 0.024236 0.328555 0.358274 0.038390 0.250545
4 4 0.025871 0.298663 0.290101 0.026984 0.358381
2 4 0.025586 0.312450 0.316234 0.031255 0.314475
2 4 0.013711 0.264101 0.505750 0.028918 0.187519
2 4 0.006089 0.181890 0.703386 0.022876 0.085759
2 4 0.002808 0.100449 0.839751 0.017475 0.039516
2 4 0.005770 0.134682 0.783441 0.020246 0.055861
2 4 0.006275 0.131928 0.793905 0.023886 0.044007
2 4 0.122440 0.216405 0.476793 0.035095 0.149267
2 4 0.188896 0.213719 0.397461 0.031922 0.168002
2 0 0.111327 0.264691 0.466647 0.074757 0.082577
2 0 0.044844 0.275782 0.561085 0.065461 0.052827
2 1 0.008833 0.210951 0.688397 0.069210 0.022610
2 1 0.006871 0.161872 0.756180 0.057559 0.017517
2 2 0.005486 0.113510 0.835821 0.032935 0.012248
2 2 0.004424 0.077476 0.883330 0.026005 0.008765
2 2 0.005131 0.074352 0.868774 0.042239 0.009503
2 2 0.006930 0.090799 0.822635 0.067077 0.012560
2 2 0.005082 0.098098 0.788696 0.096184 0.011941
2 2 0.005380 0.103028 0.773726 0.105348 0.012517
2 2 0.003915 0.067907 0.776467 0.142768 0.008943
2 2 0.002628 0.042017 0.765029 0.184404 0.005921
2 2 0.001877 0.034386 0.835181 0.124097 0.004459
2 2 0.001950 0.028056 0.834530 0.131368 0.004096
2 2 0.002198 0.025313 0.849908 0.118585 0.003997
2 2 0.001883 0.020958 0.818102 0.155559 0.003498
2 2 0.003148 0.026596 0.859531 0.106035 0.004691
2 2 0.011369 0.061412 0.849245 0.065649 0.012325
2 2 0.011273 0.073922 0.811188 0.089506 0.014111
2 2 0.004559 0.054944 0.875918 0.056831 0.007748
2 2 0.003928 0.040409 0.866709 0.082697 0.006257
2 2 0.001465 0.017010 0.870154 0.108634 0.002738
2 2 0.001317 0.016787 0.810917 0.168331 0.002648
2 2 0.002634 0.030923 0.798967 0.162454 0.005022
2 2 0.002332 0.019477 0.731728 0.242644 0.003819
2 2 0.001643 0.014881 0.693250 0.287379 0.002847
2 2 0.001451 0.010172 0.580362 0.405758 0.002257
2 2 0.001597 0.009016 0.495979 0.491158 0.002251
3 2 0.001102 0.006736 0.377412 0.613090 0.001660
3 2 0.001777 0.007665 0.287251 0.701051 0.002257
3 2 0.001668 0.005385 0.227428 0.763671 0.001848
3 2 0.002325 0.007737 0.266236 0.721119 0.002583
3 2 0.002001 0.006938 0.224345 0.764420 0.002296
3 3 0.002003 0.006385 0.205837 0.783566 0.002209
3 3 0.001548 0.004419 0.206368 0.786047 0.001618
3 3 0.002873 0.007302 0.196980 0.790035 0.002811
3 3 0.002064 0.005360 0.193260 0.797263 0.002053
3 3 0.002364 0.006289 0.187188 0.801779 0.002380
3 3 0.002274 0.006089 0.184681 0.804656 0.002300
3 3 0.002925 0.008105 0.200230 0.785750 0.002989
3 3 0.002948 0.007995 0.186160 0.799907 0.002989
3 3 0.003883 0.008440 0.183807 0.800369 0.003501
3 3 0.002606 0.006061 0.151065 0.837801 0.002468
3 3 0.003326 0.006312 0.112491 0.875011 0.002861
3 3 0.002873 0.004287 0.078106 0.912514 0.002220
3 3 0.002246 0.002538 0.047228 0.946450 0.001537
3 3 0.002634 0.003313 0.057927 0.934239 0.001887
3 3 0.001958 0.002838 0.071876 0.921825 0.001503
3 3 0.001021 0.002010 0.091221 0.904830 0.000918
3 3 0.001448 0.002268 0.081752 0.913377 0.001156
3 3 0.001911 0.003379 0.120294 0.872823 0.001593
3 3 0.002230 0.002508 0.046344 0.947393 0.001524
3 3 0.003168 0.003349 0.044754 0.946640 0.002089
3 3 0.001975 0.001974 0.034180 0.960585 0.001286
3 3 0.001190 0.001004 0.022685 0.974397 0.000725
3 3 0.000938 0.000726 0.019564 0.978221 0.000552
3 3 0.000907 0.000619 0.016149 0.981821 0.000504
3 3 0.000869 0.000511 0.013494 0.984676 0.000450
3 3 0.001557 0.001183 0.022972 0.973393 0.000895
3 3 0.000836 0.000670 0.019945 0.978047 0.000501
3 3 0.000884 0.000791 0.027058 0.970713 0.000554
3 3 0.000808 0.000545 0.018550 0.979652 0.000444
3 3 0.001057 0.000707 0.020918 0.976744 0.000574
3 3 0.001018 0.000682 0.016456 0.981285 0.000559
3 3 0.001447 0.000994 0.020248 0.976517 0.000794
3 3 0.001457 0.001137 0.023148 0.973409 0.000850
3 3 0.002098 0.001939 0.034080 0.960572 0.001311
3 3 0.002340 0.002455 0.047342 0.946323 0.001540
3 3 0.002254 0.002995 0.064443 0.928651 0.001658
3 3 0.003275 0.003367 0.048734 0.942503 0.002121
3 3 0.002264 0.002053 0.035753 0.958533 0.001397
3 3 0.003399 0.002794 0.037057 0.954769 0.001980
3 3 0.003015 0.002859 0.039793 0.952444 0.001889
3 3 0.002220 0.001988 0.031930 0.962495 0.001367
3 3 0.001505 0.001413 0.036874 0.959258 0.000950
3 3 0.001942 0.001611 0.034130 0.961167 0.001149
3 3 0.002882 0.002148 0.032982 0.960381 0.001607
3 3 0.003216 0.002427 0.033437 0.959118 0.001801
3 3 0.003152 0.002417 0.033541 0.959110 0.001780
3 3 0.002001 0.001407 0.024516 0.970977 0.001100
3 3 0.001750 0.001180 0.022021 0.974103 0.000946
3 3 0.002638 0.001683 0.026054 0.968254 0.001371
3 3 0.003166 0.002248 0.031456 0.961408 0.001722
3 3 0.002935 0.002353 0.033586 0.959428 0.001698
3 3 0.003610 0.002639 0.034548 0.957219 0.001983
3 3 0.003282 0.002865 0.040491 0.951395 0.001967
3 3 0.003069 0.002246 0.031775 0.961214 0.001696
3 3 0.008393 0.003738 0.034926 0.949416 0.003527
3 3 0.009773 0.004597 0.039607 0.941827 0.004196
3 3 0.016708 0.006053 0.041659 0.929370 0.006209
3 3 0.169147 0.025608 0.096490 0.677684 0.031070
3 3 0.104051 0.012701 0.063013 0.802284 0.017950
0 0 0.492537 0.031995 0.097773 0.331205 0.046490
0 0 0.594593 0.046570 0.104997 0.194954 0.058887
0 1 0.503535 0.105631 0.179597 0.127305 0.083932
0 1 0.298488 0.155740 0.262985 0.194444 0.088343
3 1 0.061637 0.044344 0.155881 0.603070 0.135069
3 1 0.066698 0.032158 0.125441 0.615641 0.160062
3 0 0.136010 0.031512 0.126340 0.577112 0.129026
0 0 0.352563 0.066978 0.150874 0.114201 0.315383
0 0 0.346040 0.064061 0.156883 0.267792 0.165225
0 0 0.482403 0.069292 0.132967 0.078670 0.236668
0 0 0.476993 0.058152 0.137974 0.162831 0.164049
0 0 0.576957 0.053427 0.117724 0.072968 0.178924
3 0 0.229496 0.055564 0.280752 0.338542 0.095646
2 0 0.153184 0.086922 0.314780 0.303385 0.141730
3 0 0.105381 0.066532 0.273746 0.460848 0.093492
3 0 0.039974 0.035822 0.170525 0.715567 0.038112
3 2 0.042663 0.046518 0.193145 0.687138 0.030536
3 2 0.109957 0.090913 0.252337 0.497627 0.049166
3 2 0.160816 0.097326 0.220166 0.460133 0.061558
0 2 0.659965 0.109284 0.110614 0.035582 0.084554
0 0 0.541360 0.157288 0.177702 0.031810 0.091840
2 0 0.167302 0.191947 0.504098 0.069185 0.067468
2 0 0.029360 0.089342 0.769167 0.089786 0.022345
2 0 0.225898 0.104283 0.572185 0.040435 0.057199
0 0 0.400870 0.081994 0.384941 0.067011 0.065184
0 0 0.842396 0.048193 0.046812 0.008596 0.054003
0 0 0.927265 0.020316 0.022548 0.003262 0.026609
0 0 0.892203 0.037197 0.029519 0.002952 0.038129
0 0 0.621917 0.183285 0.083027 0.008103 0.103668
0 0 0.328905 0.315428 0.192532 0.035286 0.127849
2 1 0.019166 0.252430 0.613779 0.078868 0.035757
2 1 0.004032 0.098537 0.780986 0.105505 0.010940
2 2 0.002151 0.044122 0.821533 0.126780 0.005414
2 2 0.002864 0.050160 0.829702 0.110699 0.006575
2 2 0.005909 0.075170 0.773348 0.134051 0.011522
2 2 0.029345 0.190702 0.651515 0.091273 0.037165
2 2 0.061581 0.301706 0.482954 0.086159 0.067599
2 2 0.058802 0.365237 0.409193 0.094115 0.072653
2 2 0.020846 0.301844 0.545309 0.090931 0.041070
2 2 0.006315 0.182703 0.719081 0.073584 0.018316
2 2 0.002759 0.075205 0.820191 0.093942 0.007903
2 2 0.001228 0.035704 0.868232 0.091173 0.003663
2 2 0.002915 0.032378 0.854132 0.105341 0.005235
2 2 0.010848 0.040534 0.857772 0.081000 0.009845
2 2 0.062241 0.111054 0.684866 0.103896 0.037944
2 2 0.225136 0.189743 0.364349 0.129779 0.090993
1 2 0.237393 0.283245 0.262026 0.101093 0.116243
1 2 0.114796 0.356073 0.294832 0.089194 0.145106
2 2 0.062223 0.318162 0.427223 0.064152 0.128239
2 2 0.002581 0.032578 0.823391 0.136389 0.005062
2 2 0.010390 0.051914 0.827115 0.098380 0.012201
2 2 0.157269 0.118634 0.622722 0.043733 0.057643
2 2 0.262590 0.195966 0.386596 0.055477 0.099370
0 0 0.393895 0.287188 0.160263 0.028930 0.129724
1 0 0.112776 0.386705 0.362740 0.050011 0.087768
2 0 0.063069 0.379769 0.428644 0.059806 0.068711
2 0 0.031432 0.260482 0.603156 0.062104 0.042826
2 1 0.096673 0.223384 0.563003 0.053864 0.063076
2 1 0.266766 0.229590 0.337740 0.064178 0.101725
1 1 0.238307 0.297313 0.294765 0.056471 0.113144
0 0 0.305899 0.270377 0.281312 0.036430 0.105982
0 0 0.530158 0.210738 0.147371 0.008776 0.102958
0 0 0.554645 0.214699 0.097635 0.010866 0.122156
1 0 0.294267 0.326116 0.207777 0.043561 0.128279
1 1 0.163328 0.367543 0.295267 0.064533 0.109329
1 1 0.086221 0.373264 0.371638 0.083340 0.085538
2 2 0.059463 0.333099 0.467028 0.073777 0.066632
2 2 0.117483 0.317858 0.442016 0.042682 0.079962
2 0 0.214910 0.289748 0.357649 0.037275 0.100418
0 0 0.332856 0.245314 0.300833 0.019921 0.101077
0 1 0.461737 0.257063 0.133101 0.021628 0.126471
0 1 0.519495 0.231325 0.110454 0.016063 0.122664
0 1 0.581538 0.203164 0.089785 0.008725 0.116787
0 0 0.586763 0.172287 0.098986 0.014038 0.127926
0 0 0.704186 0.102699 0.080197 0.014713 0.098205
0 0 0.851888 0.041791 0.047380 0.012406 0.046535
0 0 0.867577 0.032058 0.040906 0.009220 0.050238
0 0 0.754732 0.068804 0.050286 0.003332 0.122847
0 1 0.725118 0.129451 0.046913 0.001496 0.097023
0 1 0.449064 0.231689 0.166652 0.017392 0.135202
0 1 0.510121 0.232861 0.117547 0.017039 0.122432
0 0 0.557935 0.215504 0.098935 0.011960 0.115666
0 0 0.409565 0.281283 0.154196 0.026323 0.128632
0 0 0.315113 0.311947 0.190152 0.048679 0.134109
0 0 0.485099 0.207021 0.129864 0.014114 0.163902
0 0 0.682510 0.093844 0.098087 0.032799 0.092761
0 1 0.707144 0.073624 0.085560 0.025896 0.107775
0 1 0.708021 0.082470 0.056093 0.003362 0.150055
0 1 0.681092 0.121961 0.065333 0.004342 0.127272
0 1 0.859759 0.047914 0.034788 0.002808 0.054731
0 1 0.522596 0.080438 0.041613 0.000560 0.354792
0 0 0.708587 0.044923 0.043462 0.002093 0.200935
0 0 0.731271 0.034726 0.041002 0.002421 0.190580
0 0 0.778058 0.042143 0.058952 0.012451 0.108397
0 0 0.757902 0.066741 0.076558 0.028833 0.069967
0 0 0.809475 0.057091 0.054903 0.010115 0.068417
0 0 0.680441 0.098033 0.053506 0.002091 0.165929
0 0 0.531375 0.136342 0.044431 0.000450 0.287402
0 0 0.623064 0.158883 0.058877 0.001784 0.157393
0 0 0.637175 0.150695 0.090715 0.006321 0.115094
0 0 0.676935 0.100060 0.091262 0.022526 0.109217
0 0 0.741490 0.041880 0.081236 0.063940 0.071454
0 0 0.747313 0.037214 0.077781 0.053336 0.084355
0 0 0.797794 0.049637 0.039861 0.002296 0.110412
0 0 0.802472 0.085615 0.045255 0.003204 0.063454
0 0 0.832526 0.078349 0.031068 0.000966 0.057090
0 0 0.659836 0.111871 0.048598 0.001083 0.178612
0 0 0.743965 0.074273 0.042794 0.001495 0.137472
0 0 0.887167 0.035183 0.025146 0.001305 0.051199
0 0 0.804560 0.031556 0.024914 0.000563 0.138407
0 0 0.856760 0.028663 0.038710 0.006293 0.069574
0 0 0.720472 0.052501 0.084030 0.037557 0.105440
0 0 0.664804 0.060417 0.082449 0.018526 0.173804
0 0 0.741479 0.053886 0.061182 0.008636 0.134816
4 0 0.401941 0.091393 0.077880 0.004634 0.424153
4 0 0.316509 0.118977 0.110774 0.013254 0.440486
0 0 0.345641 0.124881 0.158818 0.065850 0.304811
3 0 0.275456 0.130560 0.206770 0.298673 0.088541
0 0 0.435350 0.137515 0.177433 0.150111 0.099591
0 0 0.623376 0.084483 0.116016 0.095202 0.080923
0 0 0.859188 0.040298 0.044729 0.010802 0.044984
0 0 0.864947 0.038388 0.035466 0.003792 0.057407
0 0 0.833331 0.049298 0.027439 0.000700 0.089232
0 0 0.893620 0.044458 0.022897 0.000917 0.038107
0 0 0.895440 0.040876 0.024712 0.001371 0.037601
0 0 0.833500 0.080470 0.026005 0.000462 0.059563
0 0 0.787032 0.108674 0.037335 0.001129 0.065830
0 0 0.796118 0.104154 0.035243 0.000991 0.063493
0 0 0.747633 0.128078 0.046759 0.001891 0.075640
0 0 0.736470 0.133514 0.049527 0.002161 0.078328
0 0 0.803526 0.096684 0.036411 0.001250 0.062128
0 0 0.835545 0.072761 0.029254 0.000784 0.061656
0 0 0.760475 0.082692 0.055889 0.004986 0.095959
0 0 0.769771 0.058964 0.059600 0.009013 0.102652
0 0 0.726932 0.058923 0.048410 0.002701 0.163034
0 0 0.576421 0.067575 0.067535 0.005037 0.283432
0 0 0.590029 0.079926 0.084922 0.011451 0.233672
0 0 0.705445 0.051532 0.052009 0.003687 0.187328
0 0 0.825880 0.039436 0.031362 0.001340 0.101982
0 0 0.675064 0.150555 0.074210 0.007347 0.092824
0 0 0.607929 0.138130 0.054734 0.001307 0.197900
0 0 0.377344 0.226563 0.100505 0.005731 0.289857
0 0 0.337578 0.277909 0.146301 0.025640 0.212571
0 1 0.538734 0.176950 0.067659 0.002053 0.214603
0 1 0.430152 0.198455 0.126070 0.003825 0.241499
0 1 0.423815 0.118503 0.038001 0.000190 0.419491
4 0 0.454695 0.035317 0.015893 0.000034 0.494061
4 0 0.454945 0.020375 0.014022 0.000041 0.510617
0 0 0.526808 0.025610 0.012786 0.000024 0.434773
4 0 0.327499 0.030186 0.015352 0.000033 0.626930
4 0 0.304898 0.022475 0.013385 0.000029 0.659213
4 0 0.240139 0.025920 0.015734 0.000045 0.718162
4 0 0.234392 0.043867 0.021301 0.000074 0.700366
4 4 0.146372 0.084685 0.026705 0.000088 0.742151
4 4 0.118663 0.154125 0.067980 0.001650 0.657582
4 4 0.042487 0.165506 0.097800 0.009018 0.685190
4 4 0.039263 0.202220 0.135614 0.012760 0.610143
4 4 0.050612 0.183316 0.109302 0.011735 0.645035
4 4 0.056153 0.261614 0.186721 0.024370 0.471143
4 4 0.061398 0.253514 0.172899 0.017378 0.494811
4 4 0.080979 0.233726 0.141555 0.013616 0.530123
4 4 0.162232 0.212358 0.103409 0.005765 0.516236
4 4 0.155593 0.199616 0.094759 0.004346 0.545685
4 4 0.145583 0.201826 0.097828 0.004940 0.549824
4 4 0.183057 0.233601 0.117294 0.008709 0.457339
4 4 0.100224 0.233173 0.133885 0.012375 0.520344
4 4 0.137521 0.262338 0.150507 0.014876 0.434757
4 4 0.137416 0.278166 0.166143 0.019291 0.398983
4 4 0.142532 0.256737 0.144108 0.013591 0.443032
2 4 0.013783 0.326804 0.497549 0.057441 0.104422
2 4 0.006546 0.212092 0.691035 0.043662 0.046665
2 4 0.004893 0.161372 0.766386 0.036710 0.030640
2 4 0.007134 0.169912 0.746494 0.038983 0.037477
2 4 0.005090 0.112171 0.786798 0.073861 0.022081
2 4 0.005154 0.135447 0.775996 0.059950 0.023452
2 4 0.005285 0.109669 0.810860 0.059128 0.015058
2 4 0.005778 0.113733 0.820686 0.045712 0.014091
2 4 0.030068 0.215384 0.661509 0.053521 0.039517
2 4 0.125547 0.209293 0.557711 0.038522 0.068928
0 4 0.451508 0.161020 0.277075 0.018606 0.091790
0 0 0.678551 0.120815 0.114786 0.006826 0.079023
0 0 0.662572 0.128322 0.125930 0.004789 0.078387
0 1 0.572223 0.190385 0.125648 0.008600 0.103144
1 1 0.278377 0.320499 0.193687 0.025860 0.181577
2 1 0.080054 0.294772 0.476056 0.053239 0.095879
2 1 0.081578 0.240672 0.530194 0.053668 0.093887
2 1 0.315028 0.171697 0.361188 0.060059 0.092028
0 0 0.488364 0.138770 0.191699 0.080532 0.100635
0 0 0.383915 0.185750 0.226933 0.096987 0.106414
0 1 0.323230 0.218884 0.267748 0.084422 0.105716
2 1 0.204638 0.269922 0.363783 0.064324 0.097333
2 1 0.078904 0.224384 0.539605 0.097418 0.059688
2 1 0.148005 0.233886 0.517139 0.031827 0.069142
0 1 0.345108 0.222121 0.327814 0.016035 0.088922
0 1 0.431697 0.215610 0.233419 0.012245 0.107029
0 4 0.335010 0.277007 0.256950 0.020107 0.110926
1 4 0.263455 0.319756 0.285819 0.025183 0.105787
2 4 0.082199 0.348285 0.434619 0.059586 0.075312
2 4 0.031085 0.308863 0.533494 0.078254 0.048304
2 4 0.007837 0.126717 0.812066 0.037853 0.015527
2 4 0.011265 0.141512 0.790672 0.037453 0.019098
2 4 0.008782 0.105582 0.849233 0.022714 0.013689
2 2 0.013721 0.135356 0.805659 0.026228 0.019036
2 2 0.005394 0.080127 0.884385 0.020445 0.009649
2 2 0.003665 0.069850 0.888723 0.029883 0.007880
2 2 0.005690 0.076222 0.882893 0.025629 0.009567
2 2 0.002583 0.045053 0.915923 0.031146 0.005295
2 2 0.001621 0.045310 0.927847 0.020996 0.004225
2 2 0.000799 0.022909 0.952916 0.021212 0.002163
2 2 0.000408 0.008767 0.957348 0.032474 0.001003
2 2 0.000358 0.005316 0.941001 0.052580 0.000745
2 2 0.000376 0.006050 0.927573 0.065176 0.000825
2 2 0.000638 0.010676 0.899651 0.087595 0.001440
2 2 0.001145 0.020793 0.894497 0.080901 0.002664
2 2 0.001175 0.028818 0.902986 0.063866 0.003155
2 2 0.004477 0.069985 0.875260 0.041714 0.008564
2 2 0.014559 0.101862 0.786923 0.077727 0.018928
2 2 0.030496 0.134726 0.695888 0.105822 0.033068
2 2 0.012475 0.127753 0.753487 0.085416 0.020870
2 2 0.007964 0.117165 0.771881 0.086905 0.016086
2 2 0.001463 0.028732 0.866812 0.099422 0.003571
2 2 0.004282 0.068256 0.766291 0.151690 0.009480
2 2 0.005053 0.066281 0.780456 0.138166 0.010043
2 2 0.006335 0.060230 0.799202 0.123667 0.010566
2 2 0.049307 0.184723 0.653416 0.068991 0.043563
0 2 0.310277 0.235278 0.291197 0.030557 0.132691
0 2 0.450967 0.158721 0.189109 0.020841 0.180362
2 2 0.183299 0.237696 0.436428 0.045322 0.097255
2 2 0.079993 0.277214 0.535544 0.039098 0.068152
3 2 0.109010 0.104134 0.277182 0.454158 0.055517
2 2 0.221353 0.171998 0.267418 0.249429 0.089802
0 2 0.388903 0.108897 0.175669 0.239090 0.087442
3 2 0.235394 0.054018 0.126413 0.529005 0.055171
0 2 0.461278 0.088901 0.144010 0.222326 0.083486
0 2 0.346275 0.151292 0.213780 0.191247 0.097405
2 2 0.092962 0.189454 0.382164 0.271680 0.063740
2 2 0.025464 0.123475 0.488064 0.332427 0.030569
2 2 0.010277 0.060525 0.674740 0.241008 0.013450
2 2 0.015299 0.084380 0.738725 0.143090 0.018506
2 2 0.020614 0.126138 0.722800 0.103851 0.026597
2 2 0.019840 0.161587 0.740329 0.050964 0.027281
2 2 0.015917 0.132174 0.756338 0.072917 0.022655
2 2 0.008083 0.091544 0.816464 0.069910 0.013999
2 2 0.012412 0.131288 0.724868 0.110168 0.021264
2 2 0.023037 0.122737 0.655636 0.169961 0.028629
2 2 0.065529 0.197720 0.435931 0.239097 0.061724
2 0 0.187005 0.175399 0.297338 0.255129 0.085129
0 0 0.499581 0.110972 0.145609 0.149440 0.094398
0 0 0.508888 0.124571 0.145599 0.120979 0.099962
1 0 0.294959 0.310212 0.190930 0.065384 0.138514
1 1 0.119068 0.362201 0.339521 0.081059 0.098151
2 1 0.009731 0.221284 0.662704 0.081310 0.024970
2 2 0.003292 0.085642 0.784644 0.117127 0.009295
2 2 0.001130 0.024712 0.855170 0.116039 0.002949
2 2 0.000754 0.014421 0.852502 0.130467 0.001857
2 2 0.000569 0.009869 0.828280 0.159931 0.001351
2 2 0.000594 0.009413 0.829197 0.159451 0.001345
2 2 0.000727 0.012742 0.830945 0.153859 0.001727
2 2 0.001101 0.018869 0.832419 0.145047 0.002564
2 2 0.000977 0.014787 0.841762 0.140341 0.002133
2 2 0.001049 0.016414 0.861522 0.118707 0.002308
2 2 0.001421 0.034532 0.856750 0.103415 0.003882
2 2 0.001423 0.035654 0.828463 0.130461 0.003998
2 2 0.001434 0.026440 0.810419 0.158234 0.003474
2 2 0.001560 0.024903 0.752708 0.217262 0.003567
2 2 0.001767 0.026488 0.769112 0.198750 0.003884
2 2 0.000936 0.016190 0.763074 0.217556 0.002245
2 2 0.000885 0.012502 0.708844 0.275829 0.001940
2 2 0.007628 0.024484 0.488208 0.471823 0.007857
3 2 0.008743 0.021247 0.388424 0.573665 0.007922
3 3 0.004649 0.014888 0.289819 0.685655 0.004990
3 3 0.003019 0.012425 0.349041 0.631843 0.003672
2 3 0.000937 0.006185 0.656893 0.334583 0.001402
2 3 0.000530 0.005158 0.816745 0.176628 0.000940
2 2 0.000766 0.010201 0.837517 0.149940 0.001576
2 2 0.000706 0.010628 0.804280 0.182822 0.001566
2 2 0.001070 0.014315 0.733396 0.248957 0.002261
2 2 0.000951 0.007613 0.573267 0.416573 0.001596
3 2 0.000639 0.004701 0.486048 0.507565 0.001048
2 2 0.000484 0.004309 0.520286 0.474046 0.000874
2 2 0.000330 0.004104 0.752832 0.242054 0.000680
2 2 0.000437 0.005719 0.857209 0.135741 0.000893
2 2 0.000510 0.007345 0.875082 0.115979 0.001084
2 2 0.000856 0.009155 0.776308 0.212080 0.001601
2 2 0.001525 0.013334 0.594463 0.388028 0.002649
2 2 0.008445 0.044861 0.544708 0.390863 0.011123
3 2 0.021951 0.063397 0.438496 0.455006 0.021150
3 2 0.037874 0.084750 0.399686 0.447163 0.030528
2 2 0.033725 0.140727 0.511974 0.277996 0.035578
2 2 0.002643 0.034986 0.746538 0.210392 0.005440
2 2 0.002992 0.043760 0.761317 0.185501 0.006430
2 2 0.001611 0.021494 0.838390 0.135236 0.003268
2 2 0.000919 0.015088 0.875470 0.106460 0.002064
2 2 0.001501 0.025334 0.898469 0.071366 0.003330
2 2 0.001099 0.016735 0.845332 0.134435 0.002398
2 2 0.001463 0.023313 0.752800 0.219079 0.003345
2 2 0.001237 0.023657 0.777322 0.194689 0.003094
2 2 0.001518 0.026590 0.784146 0.184139 0.003608
2 2 0.001570 0.028489 0.815426 0.150758 0.003757
2 2 0.001745 0.037311 0.802915 0.153484 0.004545
2 2 0.002253 0.041235 0.735424 0.215585 0.005503
2 2 0.001567 0.027184 0.674483 0.292958 0.003808
2 2 0.001500 0.018313 0.630413 0.346701 0.003074
2 2 0.001347 0.011924 0.592007 0.392361 0.002361
2 2 0.001205 0.011292 0.619418 0.365918 0.002167
2 2 0.009334 0.029876 0.533220 0.418080 0.009490
3 2 0.013661 0.025702 0.321957 0.627782 0.010898
3 2 0.052818 0.071467 0.306378 0.536815 0.032522
3 2 0.172147 0.094680 0.217238 0.454155 0.061780
3 2 0.182581 0.097865 0.235947 0.416512 0.067095
2 0 0.148253 0.213747 0.388008 0.166697 0.083295
1 0 0.169286 0.350991 0.330379 0.039770 0.109574
2 0 0.013375 0.093707 0.794333 0.081659 0.016925
2 0 0.006411 0.036177 0.754349 0.194700 0.008363
2 4 0.014447 0.056383 0.699998 0.213653 0.015519
2 4 0.102872 0.149074 0.566926 0.124759 0.056369
0 4 0.443958 0.166105 0.205827 0.075151 0.108958
0 1 0.666442 0.136589 0.087880 0.015543 0.093546
0 1 0.482189 0.218400 0.136086 0.038018 0.125307
2 4 0.001995 0.067448 0.824010 0.100114 0.006432
2 4 0.001753 0.053569 0.814983 0.124263 0.005432
2 4 0.001540 0.033315 0.797419 0.163670 0.004056
2 4 0.001677 0.024583 0.847036 0.123151 0.003553
2 4 0.008331 0.047965 0.808373 0.124644 0.010686
2 4 0.057394 0.101137 0.710185 0.094204 0.037079
1 4 0.246233 0.299672 0.266507 0.037552 0.150036
1 4 0.258545 0.328322 0.206228 0.034396 0.172508
1 0 0.134930 0.371383 0.306735 0.059402 0.127550
2 0 0.027586 0.338206 0.462330 0.112789 0.059090
2 0 0.010640 0.225054 0.595983 0.119089 0.049233
2 4 0.007488 0.137791 0.600622 0.217703 0.036396
2 4 0.003478 0.061326 0.666573 0.257511 0.011113
2 4 0.002437 0.039170 0.660996 0.291736 0.005662
2 4 0.004536 0.069878 0.651288 0.264116 0.010181
2 4 0.004803 0.060275 0.601150 0.323959 0.009813
2 2 0.003275 0.056966 0.629233 0.302606 0.007921
2 2 0.003884 0.080585 0.703593 0.201908 0.010031
2 2 0.002001 0.046316 0.757541 0.188657 0.005485
2 2 0.002593 0.059310 0.804168 0.127035 0.006894
2 2 0.008048 0.101880 0.779461 0.095280 0.015332
2 2 0.070311 0.205538 0.606285 0.056508 0.061358
2 0 0.227804 0.286520 0.311439 0.035847 0.138390
4 0 0.268676 0.273554 0.143516 0.019572 0.294682
4 1 0.244284 0.207076 0.091641 0.003572 0.453427
0 1 0.412799 0.165832 0.060459 0.000993 0.359916
4 1 0.112295 0.160797 0.087235 0.004196 0.635476
4 0 0.156532 0.212880 0.104621 0.006059 0.519908
4 0 0.098852 0.283182 0.247063 0.039885 0.331017
2 2 0.022431 0.221619 0.598713 0.080281 0.076956
2 2 0.008291 0.115753 0.750832 0.108392 0.016731
2 2 0.003849 0.076625 0.756540 0.153406 0.009580
2 2 0.002051 0.048223 0.803118 0.141031 0.005577
2 2 0.001871 0.034029 0.863504 0.096227 0.004369
2 2 0.016025 0.080858 0.812835 0.071748 0.018534
2 2 0.132937 0.187321 0.515796 0.089091 0.074855
0 2 0.383020 0.199255 0.191321 0.054582 0.171822
0 2 0.643293 0.118967 0.080232 0.008436 0.149072
0 2 0.815773 0.056080 0.036160 0.001656 0.090331
0 0 0.790113 0.062581 0.049629 0.004611 0.093066
0 0 0.825310 0.052400 0.036054 0.001900 0.084336
0 0 0.841375 0.042406 0.030584 0.001334 0.084302
0 0 0.816028 0.048160 0.053336 0.010686 0.071790
0 0 0.894617 0.024968 0.035617 0.011051 0.033747
0 0 0.904577 0.014276 0.033153 0.022477 0.025518
0 0 0.837056 0.020486 0.051496 0.056689 0.034274
0 0 0.906161 0.026663 0.028938 0.004703 0.033536
0 0 0.703722 0.122575 0.076458 0.011255 0.085989
0 1 0.393325 0.198433 0.080603 0.002610 0.325028
1 1 0.289431 0.301644 0.170606 0.021807 0.216511
2 4 0.091037 0.285758 0.364290 0.031210 0.227705
4 4 0.077856 0.304264 0.258597 0.036395 0.322889
4 4 0.046295 0.174752 0.103927 0.010456 0.664571
4 4 0.038176 0.150417 0.086993 0.006605 0.717809
4 4 0.036295 0.134576 0.074577 0.004199 0.750352
4 4 0.034738 0.109189 0.055297 0.001723 0.799052
4 4 0.033559 0.084577 0.038332 0.000587 0.842945
4 4 0.037997 0.088678 0.039796 0.000607 0.832922
4 4 0.037134 0.087553 0.048939 0.001357 0.825017
4 4 0.037285 0.102393 0.055248 0.001793 0.803281
4 4 0.041507 0.127898 0.066774 0.002751 0.761071
4 4 0.053857 0.140062 0.071540 0.002921 0.731620
4 4 0.065667 0.145399 0.071963 0.002660 0.714310
4 4 0.070252 0.147538 0.072323 0.002604 0.707283
4 4 0.058699 0.124476 0.058721 0.001512 0.756592
4 4 0.072309 0.100780 0.040812 0.000446 0.785653
4 4 0.085850 0.111584 0.045449 0.000561 0.756556
4 4 0.086041 0.144123 0.066415 0.001793 0.701628
4 4 0.078754 0.164524 0.082832 0.003761 0.670129
4 4 0.072394 0.175300 0.093144 0.005727 0.653435
4 4 0.074999 0.173458 0.090850 0.005188 0.655505
4 4 0.065069 0.155070 0.079453 0.003649 0.696760
4 4 0.098710 0.173073 0.084631 0.003603 0.639983
4 4 0.053595 0.116298 0.054332 0.001257 0.774517
4 4 0.036306 0.098229 0.056035 0.002005 0.807424
4 4 0.040603 0.075218 0.043634 0.001011 0.839534
4 4 0.040829 0.099325 0.069560 0.004296 0.785989
4 4 0.048285 0.178762 0.106441 0.011041 0.655471
4 4 0.047490 0.199330 0.126338 0.013304 0.613538
4 4 0.057296 0.218237 0.146353 0.017056 0.561059
4 4 0.046456 0.130043 0.066500 0.002539 0.754461
4 4 0.050741 0.117057 0.055624 0.001395 0.775183
4 4 0.039841 0.113189 0.056297 0.001673 0.789001
4 4 0.051743 0.127367 0.062728 0.001991 0.756170
4 4 0.057162 0.165383 0.090496 0.005930 0.681029
4 4 0.071243 0.195953 0.151064 0.011731 0.570008
4 4 0.049369 0.278115 0.220007 0.027179 0.425330
4 4 0.044637 0.317220 0.278708 0.038004 0.321431
2 4 0.018201 0.249846 0.559618 0.037121 0.135215
2 4 0.023960 0.283536 0.503914 0.046635 0.141956
1 4 0.210032 0.356145 0.254938 0.043762 0.135123
1 4 0.066834 0.368438 0.349110 0.052850 0.162767
4 2 0.197964 0.247047 0.126509 0.011361 0.417119
4 2 0.125818 0.170777 0.116223 0.002858 0.584324
4 2 0.161791 0.095442 0.052140 0.000930 0.689697
4 2 0.159628 0.108402 0.057703 0.001190 0.673077
4 2 0.248803 0.179290 0.073009 0.001665 0.497233
1 2 0.074057 0.357016 0.310513 0.045944 0.212470
2 2 0.014766 0.267549 0.592628 0.071143 0.053914
2 2 0.009789 0.197299 0.702459 0.053833 0.036620
2 2 0.010128 0.202011 0.694414 0.060792 0.032655
2 2 0.006587 0.151181 0.758374 0.065156 0.018703
2 2 0.011781 0.165372 0.715545 0.083824 0.023478
2 2 0.007645 0.111905 0.756330 0.108298 0.015822
2 2 0.010203 0.199889 0.685119 0.080601 0.024188
2 2 0.011787 0.206310 0.680983 0.072572 0.028348
2 2 0.016623 0.185093 0.680460 0.088441 0.029384
2 2 0.010446 0.133246 0.780519 0.053258 0.022531
2 3 0.026506 0.215234 0.624303 0.080882 0.053075
2 3 0.060261 0.170549 0.553192 0.164572 0.051425
2 3 0.078237 0.199811 0.540836 0.120397 0.060718
2 2 0.038190 0.210748 0.638644 0.069748 0.042669
2 2 0.003038 0.085686 0.862215 0.040578 0.008482
2 2 0.002521 0.058324 0.825375 0.107096 0.006684
2 2 0.006628 0.095477 0.818600 0.063941 0.015354
2 2 0.021704 0.176639 0.689093 0.067332 0.045232
2 2 0.056614 0.292773 0.450475 0.069053 0.131084
2 2 0.047468 0.358038 0.378685 0.081577 0.134232
2 2 0.035657 0.353928 0.415114 0.085378 0.109923
2 2 0.013833 0.299893 0.534927 0.073756 0.077591
2 2 0.001803 0.034984 0.851133 0.102621 0.009458
2 2 0.002078 0.032592 0.833270 0.124244 0.007816
2 2 0.001844 0.028124 0.877626 0.086043 0.006363
2 2 0.001865 0.033408 0.896449 0.061163 0.007115
2 2 0.001924 0.039764 0.873803 0.077243 0.007265
2 2 0.002738 0.051396 0.841359 0.094392 0.010114
2 2 0.002864 0.033579 0.716251 0.241150 0.006155
2 2 0.002359 0.033070 0.772364 0.186822 0.005386
2 2 0.002319 0.030116 0.765105 0.196862 0.005597
2 2 0.000777 0.009987 0.777396 0.210242 0.001599
2 2 0.000837 0.008752 0.653282 0.335538 0.001591
2 2 0.000597 0.006479 0.684415 0.307354 0.001155
2 2 0.000437 0.004682 0.718684 0.275359 0.000838
2 2 0.000393 0.003821 0.735651 0.259418 0.000716
2 2 0.000827 0.003910 0.529273 0.464922 0.001068
3 2 0.000981 0.003795 0.412739 0.581323 0.001162
3 2 0.000930 0.004603 0.360599 0.632605 0.001263
3 2 0.001375 0.009577 0.467019 0.519855 0.002175
2 2 0.000900 0.007426 0.530000 0.460127 0.001547
3 2 0.001197 0.006860 0.395180 0.595027 0.001736
3 2 0.001195 0.004860 0.254629 0.737827 0.001490
3 2 0.001023 0.003471 0.207398 0.786932 0.001176
3 2 0.000806 0.002098 0.141548 0.854723 0.000825
3 3 0.001049 0.003401 0.229253 0.765125 0.001172
3 3 0.001587 0.004545 0.173134 0.819058 0.001675
3 3 0.001496 0.003792 0.125818 0.867390 0.001504
3 3 0.001259 0.002600 0.105434 0.889557 0.001150
3 3 0.001339 0.002426 0.112205 0.882891 0.001139
3 3 0.001943 0.004038 0.140203 0.852066 0.001749
3 3 0.002216 0.004356 0.126326 0.865159 0.001943
3 3 0.000742 0.000976 0.058368 0.939361 0.000553
3 3 0.001100 0.001594 0.069188 0.927266 0.000852
3 3 0.001320 0.002041 0.076310 0.919279 0.001051
3 3 0.002261 0.003838 0.090258 0.901780 0.001863
3 3 0.001112 0.002035 0.070615 0.925268 0.000971
3 3 0.001002 0.002124 0.095687 0.900252 0.000934
3 3 0.000739 0.001293 0.069726 0.927609 0.000634
3 3 0.001089 0.001538 0.059623 0.936913 0.000837
3 3 0.001272 0.001724 0.053625 0.942420 0.000959
3 3 0.001185 0.001408 0.036646 0.959914 0.000847
3 3 0.001327 0.001702 0.037869 0.958118 0.000984
3 3 0.001503 0.001766 0.034686 0.960977 0.001068
3 3 0.001494 0.001827 0.039661 0.955940 0.001078
3 3 0.001934 0.002643 0.046617 0.947342 0.001464
3 3 0.001403 0.002270 0.052749 0.942419 0.001159
3 3 0.001500 0.002028 0.041649 0.953685 0.001138
3 3 0.001628 0.002196 0.038706 0.956234 0.001235
3 3 0.002224 0.002500 0.038913 0.954833 0.001529
3 3 0.002774 0.003379 0.046777 0.945103 0.001968
3 3 0.002869 0.003453 0.047111 0.944545 0.002022
3 3 0.002477 0.002846 0.041945 0.951017 0.001715
3 3 0.003227 0.003043 0.040603 0.951114 0.002013
3 3 0.002157 0.002103 0.033872 0.960483 0.001386
3 3 0.002181 0.002678 0.048252 0.945331 0.001558
3 3 0.001884 0.002628 0.053169 0.940885 0.001435
3 3 0.001001 0.001338 0.033262 0.963634 0.000765
3 3 0.000894 0.001032 0.027209 0.970227 0.000639
3 3 0.000671 0.000686 0.019126 0.979058 0.000458
3 3 0.001271 0.001383 0.032739 0.963736 0.000871
3 3 0.001938 0.001899 0.032157 0.962753 0.001252
3 3 0.003325 0.003389 0.048441 0.942701 0.002144
3 3 0.003127 0.002756 0.037671 0.954556 0.001890
3 3 0.001448 0.001540 0.030908 0.965122 0.000981
3 3 0.001065 0.001047 0.023542 0.973643 0.000703
3 3 0.000792 0.000803 0.023526 0.974345 0.000533
3 3 0.001057 0.001017 0.024661 0.972575 0.000689
3 3 0.001829 0.001987 0.037868 0.957076 0.001240
3 3 0.002060 0.002262 0.038033 0.956244 0.001402
3 3 0.002841 0.003040 0.042366 0.949862 0.001892
3 3 0.001891 0.001872 0.032032 0.962976 0.001229
3 3 0.001160 0.000935 0.020711 0.976500 0.000693
3 3 0.000926 0.000785 0.019219 0.978499 0.000571
3 3 0.000812 0.000732 0.018915 0.979023 0.000518
3 3 0.001503 0.001314 0.025492 0.970765 0.000927
3 3 0.003140 0.002941 0.039792 0.952173 0.001954
3 3 0.004716 0.004032 0.045438 0.943044 0.002770
3 3 0.003627 0.002605 0.034111 0.957682 0.001975
3 3 0.003507 0.002723 0.035856 0.955928 0.001986
3 3 0.003538 0.002822 0.036862 0.954750 0.002029
3 3 0.003141 0.002713 0.037116 0.955150 0.001880
3 3 0.001268 0.001095 0.023051 0.973805 0.000781
3 3 0.001385 0.001224 0.024647 0.971884 0.000861
3 3 0.000810 0.000636 0.016737 0.981333 0.000484
3 3 0.001080 0.001000 0.022514 0.974713 0.000692
3 3 0.001318 0.001489 0.029713 0.966557 0.000924
3 3 0.001329 0.001604 0.034713 0.961396 0.000959
3 3 0.002318 0.002856 0.054621 0.938556 0.001649
3 3 0.001989 0.001848 0.036794 0.958125 0.001244
3 3 0.003572 0.002809 0.038637 0.952952 0.002030
3 3 0.010277 0.008511 0.067424 0.908000 0.005787
3 3 0.002336 0.011191 0.441876 0.541560 0.003036
2 3 0.002211 0.016116 0.529199 0.448956 0.003518
3 2 0.002308 0.012477 0.485145 0.496327 0.003742
3 2 0.002190 0.008622 0.335016 0.651550 0.002622
2 2 0.002916 0.011484 0.514751 0.466295 0.004554
2 2 0.003713 0.017619 0.535487 0.434208 0.008972
2 2 0.004699 0.035881 0.745457 0.189520 0.024443
2 2 0.006800 0.055683 0.741588 0.137054 0.058875
2 2 0.009496 0.090508 0.720636 0.095637 0.083723
2 2 0.006487 0.109783 0.724870 0.091073 0.067787
2 2 0.006398 0.168703 0.662431 0.090241 0.072227
2 2 0.006179 0.130736 0.699246 0.111347 0.052492
2 2 0.009147 0.114868 0.692817 0.138733 0.044434
2 2 0.011055 0.141688 0.735323 0.061686 0.050248
2 2 0.014781 0.223901 0.622469 0.039417 0.099431
2 2 0.014422 0.256199 0.578446 0.045484 0.105449
2 2 0.019526 0.321252 0.364292 0.033605 0.261325
4 4 0.027598 0.278564 0.307169 0.037182 0.349487
4 4 0.034437 0.259825 0.209517 0.020288 0.475933
4 4 0.049650 0.242783 0.170448 0.019184 0.517935
4 4 0.060167 0.305994 0.240793 0.037395 0.355652
2 4 0.023356 0.292810 0.394422 0.057386 0.232027
2 4 0.026007 0.302904 0.345564 0.041964 0.283560
2 4 0.027371 0.284728 0.378261 0.030779 0.278860
4 4 0.036557 0.312516 0.285878 0.034098 0.330951
2 4 0.030683 0.346037 0.381510 0.054527 0.187243
2 4 0.016288 0.311349 0.459753 0.053636 0.158974
2 4 0.012683 0.240482 0.512981 0.093859 0.139994
2 4 0.009075 0.175633 0.572591 0.146396 0.096305
2 4 0.006574 0.114834 0.587757 0.231591 0.059244
2 4 0.006933 0.112914 0.637652 0.207409 0.035092
2 4 0.005331 0.113285 0.688973 0.162506 0.029906
2 4 0.017377 0.234499 0.526772 0.091834 0.129517
2 4 0.018586 0.202949 0.636794 0.059151 0.082520
2 4 0.025620 0.298555 0.509091 0.039995 0.126739
2 2 0.040703 0.317075 0.492124 0.045608 0.104490
2 2 0.004124 0.092765 0.857490 0.035480 0.010140
2 2 0.004539 0.103631 0.841092 0.039441 0.011297
2 2 0.001009 0.022695 0.918746 0.054973 0.002576
2 2 0.000867 0.017260 0.925643 0.054150 0.002080
2 2 0.000797 0.012676 0.943415 0.041430 0.001682
2 2 0.000987 0.016728 0.931587 0.048534 0.002164
2 2 0.004862 0.069645 0.872550 0.043407 0.009536
2 2 0.015780 0.125113 0.789273 0.047704 0.022130
2 2 0.062186 0.233585 0.586664 0.060613 0.056951
2 2 0.082368 0.290174 0.469801 0.082112 0.075544
2 2 0.024780 0.218032 0.614925 0.103460 0.038803
2 2 0.007326 0.133100 0.765773 0.077121 0.016680
2 2 0.001615 0.037289 0.868662 0.088179 0.004255
2 2 0.000707 0.019503 0.911356 0.066400 0.002034
2 2 0.000448 0.011112 0.909200 0.078004 0.001236
2 2 0.000558 0.011906 0.864648 0.121434 0.001454
2 2 0.000558 0.012943 0.813853 0.171100 0.001546
2 2 0.000908 0.024864 0.827964 0.143566 0.002699
2 2 0.001051 0.024859 0.801133 0.170039 0.002918
2 2 0.000768 0.016859 0.865884 0.114473 0.002016
2 2 0.000532 0.009681 0.889270 0.099253 0.001265
2 2 0.000602 0.009618 0.923264 0.065208 0.001307
2 2 0.000760 0.009011 0.912170 0.076637 0.001422
2 2 0.001270 0.014613 0.896857 0.084924 0.002336
2 2 0.051948 0.311032 0.420564 0.149954 0.066501
2 2 0.016168 0.293606 0.552423 0.089601 0.048203
2 2 0.003708 0.087344 0.715873 0.182507 0.010568
2 2 0.003193 0.058828 0.720757 0.207533 0.009690
2 2 0.001837 0.025281 0.683530 0.285407 0.003945
2 2 0.001308 0.026439 0.792094 0.176812 0.003347
2 2 0.001605 0.030327 0.832472 0.131350 0.004246
2 2 0.001951 0.036239 0.855775 0.100679 0.005356
2 2 0.001843 0.043388 0.908211 0.039754 0.006803
2 2 0.002295 0.044653 0.873247 0.072753 0.007051
2 2 0.001903 0.035200 0.849093 0.109292 0.004512
2 2 0.002368 0.040892 0.768697 0.182487 0.005556
2 2 0.001254 0.022168 0.763108 0.210446 0.003024
2 2 0.001263 0.019231 0.733975 0.242687 0.002843
2 2 0.000910 0.010636 0.679892 0.306741 0.001821
2 2 0.001413 0.018651 0.813437 0.163614 0.002885
2 2 0.001324 0.019890 0.855147 0.120794 0.002846
2 2 0.000634 0.011869 0.885286 0.100684 0.001527
2 2 0.000755 0.013410 0.812264 0.171755 0.001816
2 2 0.000953 0.015569 0.832452 0.148853 0.002172
2 2 0.001288 0.018646 0.763670 0.213592 0.002803
2 2 0.001179 0.018178 0.785848 0.192157 0.002638
2 2 0.009711 0.051777 0.805086 0.121491 0.011935
2 0 0.102365 0.094854 0.599090 0.155075 0.048617
0 0 0.320481 0.143554 0.310503 0.130682 0.094780
2 0 0.223194 0.182183 0.313364 0.181214 0.100046
2 2 0.049831 0.305821 0.466069 0.112864 0.065416
1 2 0.077019 0.373731 0.361993 0.067603 0.119654
2 2 0.001393 0.018919 0.792233 0.184549 0.002906
2 2 0.001237 0.017942 0.833868 0.144315 0.002638
2 2 0.000940 0.013746 0.859955 0.123355 0.002003
2 2 0.000772 0.013475 0.877072 0.106887 0.001794
2 2 0.011318 0.049703 0.851054 0.076650 0.011274
2 2 0.042519 0.077415 0.748726 0.104021 0.027320
2 2 0.073516 0.127823 0.549632 0.198257 0.050771
2 2 0.024387 0.173681 0.649719 0.117097 0.035115
2 2 0.034403 0.164567 0.464147 0.295089 0.041793
2 2 0.001857 0.016637 0.695340 0.282974 0.003192
2 2 0.002444 0.018310 0.680985 0.294433 0.003827
2 2 0.028756 0.081467 0.612667 0.250849 0.026262
2 2 0.155463 0.128215 0.379968 0.266252 0.070102
0 2 0.404068 0.156308 0.200890 0.137756 0.100978
0 0 0.352140 0.202522 0.223672 0.112201 0.109465
2 0 0.084823 0.330785 0.428221 0.076751 0.079420
2 2 0.026010 0.279096 0.562562 0.088381 0.043951
2 2 0.006462 0.118497 0.742932 0.116986 0.015122
2 4 0.006943 0.105709 0.769726 0.102984 0.014639
2 4 0.004879 0.080708 0.828429 0.075383 0.010601
2 4 0.006532 0.085374 0.800655 0.094768 0.012671
2 4 0.004261 0.059826 0.787081 0.140038 0.008794
2 4 0.002970 0.054002 0.832443 0.103661 0.006925
2 2 0.001303 0.020479 0.846792 0.128550 0.002877
2 2 0.000929 0.013120 0.831353 0.152629 0.001968
2 2 0.000808 0.010101 0.847607 0.139882 0.001601
2 2 0.000666 0.008875 0.857799 0.131297 0.001363
2 2 0.004192 0.033750 0.818968 0.136612 0.006478
2 2 0.021595 0.126805 0.689034 0.134684 0.027882
1 2 0.144860 0.349220 0.255256 0.049944 0.200720
0 2 0.299576 0.261564 0.130857 0.013999 0.294004
0 4 0.300577 0.278055 0.146046 0.018456 0.256865
2 4 0.003473 0.119573 0.797772 0.065477 0.013705
2 4 0.002494 0.092139 0.823431 0.073511 0.008424
2 4 0.001466 0.031537 0.782105 0.181018 0.003874
2 4 0.000919 0.014630 0.742988 0.239339 0.002124
2 4 0.000943 0.014181 0.743305 0.239455 0.002116
2 2 0.000663 0.008703 0.804849 0.184413 0.001372
2 2 0.000474 0.006244 0.823389 0.168910 0.000983
2 2 0.000630 0.007783 0.847761 0.142579 0.001247
2 2 0.001952 0.017166 0.901523 0.076266 0.003092
2 2 0.018311 0.096357 0.809549 0.054459 0.021323
2 2 0.117058 0.200375 0.541930 0.066435 0.074203
2 2 0.127405 0.265617 0.484625 0.044120 0.078232
2 2 0.082098 0.326429 0.472893 0.048521 0.070059
2 2 0.022907 0.268013 0.602139 0.068447 0.038493
2 2 0.014274 0.250048 0.620963 0.083294 0.031421
2 2 0.001863 0.048817 0.870945 0.073192 0.005183
2 2 0.001254 0.033268 0.880876 0.081056 0.003546
2 2 0.000684 0.019237 0.898469 0.079605 0.002006
2 2 0.000745 0.019635 0.854848 0.122613 0.002159
2 2 0.000785 0.016793 0.790992 0.189342 0.002089
2 2 0.000600 0.011947 0.788030 0.197876 0.001548
2 2 0.000704 0.012336 0.824179 0.161103 0.001678
2 2 0.000518 0.009942 0.870153 0.118110 0.001277
2 2 0.001726 0.024375 0.837129 0.133171 0.003600
2 2 0.004418 0.038693 0.818233 0.131543 0.007112
2 2 0.023268 0.089088 0.722296 0.142506 0.022842
2 2 0.075899 0.235319 0.550555 0.076816 0.061411
2 2 0.116649 0.349278 0.370488 0.070776 0.092810
2 2 0.072736 0.367490 0.372468 0.091223 0.096083
1 2 0.066840 0.359328 0.348277 0.091224 0.134330
2 2 0.025982 0.082832 0.764469 0.102703 0.024014
2 2 0.059627 0.109470 0.608058 0.181413 0.041432
0 2 0.386175 0.184168 0.240321 0.081867 0.107470
0 0 0.376499 0.229320 0.198884 0.068416 0.126882
1 0 0.213651 0.335828 0.274701 0.058161 0.117660
2 0 0.042694 0.351439 0.425233 0.112172 0.068462
