0 0 0.951073 0.011258 0.003662 0.016067 0.017939
0 0 0.962721 0.013295 0.004539 0.007114 0.012330
0 0 0.959049 0.016517 0.005927 0.006165 0.012341
0 0 0.951262 0.019950 0.007447 0.007105 0.014236
0 0 0.951524 0.011143 0.003617 0.015926 0.017790
0 0 0.949433 0.011678 0.003828 0.016580 0.018482
0 0 0.926976 0.018690 0.006770 0.022107 0.025457
0 0 0.901125 0.024538 0.009413 0.031246 0.033678
0 0 0.795463 0.081845 0.041441 0.029418 0.051833
0 0 0.628084 0.167485 0.101926 0.029212 0.073293
0 0 0.686432 0.137753 0.080567 0.032834 0.062415
0 0 0.735993 0.113369 0.062803 0.030990 0.056846
0 0 0.845212 0.057190 0.026682 0.028098 0.042818
0 0 0.920282 0.019342 0.007049 0.025519 0.027808
0 0 0.909423 0.028683 0.011438 0.021364 0.029091
0 0 0.900456 0.040588 0.017593 0.014556 0.026807
0 0 0.910775 0.032419 0.013327 0.016770 0.026708
0 0 0.884818 0.029038 0.011559 0.036043 0.038542
0 0 0.874220 0.042332 0.018027 0.023552 0.041869
0 0 0.791295 0.048845 0.018361 0.013123 0.128375
0 0 0.618367 0.179356 0.104571 0.012714 0.084991
0 0 0.541857 0.211438 0.130046 0.015325 0.101334
0 1 0.652054 0.154221 0.088247 0.021782 0.083695
0 1 0.604902 0.175228 0.109332 0.035238 0.075299
0 0 0.455391 0.247638 0.168090 0.025935 0.102945
0 0 0.320862 0.301454 0.214444 0.017245 0.145995
0 0 0.333121 0.315133 0.233943 0.014666 0.103136
0 1 0.358145 0.293380 0.203952 0.014017 0.130505
0 1 0.503934 0.224872 0.135733 0.010468 0.124994
0 1 0.409543 0.261779 0.167345 0.011353 0.149980
2 1 0.141020 0.310888 0.438498 0.019547 0.090047
2 1 0.201955 0.308921 0.365183 0.032092 0.091850
1 0 0.233915 0.350428 0.282672 0.016764 0.116221
1 0 0.260499 0.336157 0.246817 0.009144 0.147382
1 0 0.254636 0.341996 0.242839 0.004735 0.155794
1 1 0.286148 0.342547 0.234153 0.002365 0.134788
0 0 0.402512 0.270837 0.166325 0.004638 0.155688
0 0 0.600752 0.172275 0.092158 0.007622 0.127193
0 0 0.795648 0.084844 0.039747 0.011369 0.068392
0 0 0.910231 0.021729 0.007622 0.018676 0.041742
0 0 0.964524 0.007871 0.002378 0.011820 0.013407
0 0 0.974131 0.005272 0.001359 0.005062 0.014176
0 0 0.975830 0.005126 0.001419 0.008176 0.009448
0 0 0.948320 0.011964 0.003941 0.016927 0.018848
0 0 0.924216 0.020465 0.007565 0.021714 0.026040
0 0 0.870569 0.049100 0.022139 0.022278 0.035915
0 0 0.861880 0.037419 0.015775 0.040260 0.044665
0 0 0.886178 0.028624 0.010824 0.026053 0.048320
0 0 0.860085 0.030731 0.010706 0.014241 0.084238
0 0 0.863397 0.028458 0.009578 0.011819 0.086748
0 0 0.813323 0.029249 0.009085 0.006379 0.141963
0 0 0.865016 0.025508 0.008139 0.008781 0.092556
0 0 0.844938 0.032340 0.011142 0.012644 0.098936
0 0 0.886772 0.027035 0.009636 0.018196 0.058361
0 0 0.870979 0.032904 0.013468 0.040063 0.042586
0 0 0.886232 0.028645 0.011368 0.035630 0.038125
0 0 0.912038 0.021659 0.007849 0.023151 0.035303
0 0 0.945035 0.017368 0.006233 0.012809 0.018554
0 0 0.956398 0.017229 0.006230 0.006870 0.013273
0 0 0.950179 0.022301 0.008562 0.005741 0.013218
0 0 0.975737 0.014249 0.005124 0.000844 0.004046
0 0 0.989554 0.005878 0.001760 0.000524 0.002285
0 0 0.995126 0.002115 0.000507 0.000580 0.001672
0 0 0.994168 0.002313 0.000561 0.000845 0.002112
0 0 0.982418 0.009087 0.002942 0.001269 0.004285
0 0 0.974281 0.011163 0.003717 0.003234 0.007605
0 0 0.942704 0.014979 0.005184 0.016798 0.020335
0 0 0.924570 0.018195 0.006545 0.024222 0.026468
0 0 0.827530 0.044848 0.018466 0.033969 0.075187
0 0 0.852295 0.037391 0.014620 0.027349 0.068345
0 0 0.816021 0.048089 0.020084 0.035464 0.080342
0 0 0.807070 0.050695 0.021442 0.037062 0.083731
0 0 0.716217 0.069566 0.029694 0.029050 0.155473
0 0 0.643215 0.076975 0.044614 0.030660 0.204537
0 1 0.589661 0.136987 0.068823 0.017912 0.186618
0 0 0.446190 0.223298 0.129496 0.009792 0.191224
1 1 0.309592 0.335321 0.248061 0.007213 0.099813
1 1 0.305796 0.343496 0.269231 0.008354 0.073123
1 1 0.308039 0.346060 0.283689 0.008753 0.053459
1 1 0.289251 0.351641 0.303783 0.010973 0.044352
0 1 0.336342 0.329373 0.271351 0.013584 0.049349
0 2 0.337357 0.325596 0.266508 0.016316 0.054223
2 2 0.199470 0.291202 0.420793 0.026842 0.061694
2 2 0.121294 0.236257 0.563648 0.026673 0.052127
2 2 0.043081 0.118877 0.757051 0.047891 0.033100
2 2 0.030372 0.079317 0.820623 0.045380 0.024307
2 2 0.031753 0.066713 0.812069 0.066395 0.023070
2 2 0.038133 0.084752 0.801599 0.049127 0.026389
2 2 0.045737 0.079140 0.787416 0.059268 0.028439
2 2 0.058495 0.102482 0.754868 0.050259 0.033896
2 2 0.070416 0.076900 0.743131 0.079633 0.029921
2 2 0.069157 0.070675 0.747179 0.086311 0.026678
2 3 0.065150 0.063159 0.729138 0.118673 0.023880
2 3 0.055905 0.053802 0.697070 0.170982 0.022240
2 3 0.061864 0.051950 0.698444 0.165666 0.022076
2 3 0.042348 0.031505 0.610880 0.299426 0.015840
2 3 0.046715 0.029414 0.595872 0.312182 0.015817
2 3 0.090390 0.049363 0.614018 0.220184 0.026044
2 2 0.218644 0.065915 0.506032 0.171661 0.037750
2 0 0.363324 0.111172 0.394084 0.074383 0.057037
0 1 0.550425 0.166537 0.197189 0.028442 0.057407
0 1 0.510879 0.249248 0.178138 0.014108 0.047627
0 0 0.522218 0.247467 0.176549 0.011361 0.042404
0 0 0.395831 0.304228 0.238832 0.013151 0.047957
0 2 0.494495 0.258900 0.188076 0.012819 0.045710
0 0 0.546613 0.233466 0.162675 0.012788 0.044457
0 0 0.484597 0.264018 0.193441 0.012543 0.045401
1 2 0.317732 0.335107 0.279621 0.015174 0.052366
0 1 0.370416 0.312790 0.249562 0.015221 0.052011
0 1 0.350719 0.320167 0.259203 0.016127 0.053784
2 2 0.212162 0.293647 0.410564 0.024365 0.059262
2 2 0.126381 0.236882 0.562003 0.024577 0.050157
2 2 0.050627 0.122623 0.760831 0.033484 0.032434
2 3 0.015779 0.048116 0.841542 0.080267 0.014296
2 3 0.013749 0.037371 0.825588 0.110927 0.012365
2 3 0.017714 0.034722 0.777691 0.155250 0.014622
2 3 0.009649 0.020163 0.762412 0.198913 0.008863
2 3 0.006112 0.015707 0.801366 0.170952 0.005863
2 3 0.007444 0.014303 0.732949 0.239486 0.005818
2 3 0.018837 0.024509 0.676897 0.269143 0.010613
2 3 0.021137 0.030189 0.757358 0.178132 0.013184
2 3 0.018333 0.026038 0.753626 0.191105 0.010898
2 3 0.026197 0.027387 0.697680 0.236601 0.012135
2 3 0.029811 0.028559 0.639105 0.288490 0.014035
2 3 0.034633 0.032714 0.621157 0.294641 0.016855
2 3 0.030663 0.032451 0.650345 0.271114 0.015426
2 3 0.033586 0.035389 0.683792 0.231005 0.016228
2 3 0.026874 0.029496 0.666023 0.264479 0.013128
2 3 0.052415 0.041312 0.599236 0.285293 0.021745
2 3 0.042149 0.036257 0.589791 0.312195 0.019609
2 3 0.052029 0.040431 0.546996 0.338815 0.021729
2 3 0.022179 0.026281 0.537261 0.400649 0.013629
2 3 0.010165 0.024268 0.691607 0.264422 0.009538
2 3 0.009700 0.016832 0.618935 0.347303 0.007230
2 3 0.012679 0.019688 0.583573 0.374970 0.009089
2 3 0.016223 0.018759 0.495477 0.460011 0.009530
2 3 0.024625 0.029502 0.527077 0.404014 0.014782
2 3 0.020315 0.023717 0.495692 0.448710 0.011565
2 3 0.025972 0.028517 0.546438 0.385459 0.013615
3 3 0.028804 0.025173 0.447836 0.484534 0.013653
2 3 0.018670 0.023180 0.506056 0.440352 0.011743
3 3 0.022910 0.019518 0.425088 0.522137 0.010347
3 3 0.021282 0.015861 0.353533 0.601131 0.008193
3 3 0.030144 0.015041 0.254467 0.691208 0.009141
3 3 0.050009 0.021351 0.294410 0.621205 0.013025
3 3 0.081347 0.028414 0.314907 0.557875 0.017457
2 3 0.154648 0.044756 0.423949 0.350097 0.026550
0 3 0.385710 0.073269 0.358491 0.141627 0.040903
0 3 0.446105 0.102554 0.335536 0.066375 0.049430
0 2 0.447240 0.129621 0.303932 0.061600 0.057606
2 2 0.073318 0.137795 0.707245 0.041982 0.039660
2 3 0.083190 0.133028 0.712322 0.034339 0.037121
2 2 0.042331 0.098359 0.807909 0.027041 0.024361
2 2 0.133983 0.164122 0.639934 0.022126 0.039835
2 2 0.251452 0.168943 0.497405 0.030465 0.051735
2 1 0.294556 0.163337 0.445618 0.037903 0.058586
2 2 0.347692 0.201022 0.360242 0.031111 0.059933
2 2 0.225910 0.192192 0.483106 0.039318 0.059474
2 2 0.062017 0.106559 0.741861 0.059936 0.029628
2 2 0.050835 0.082157 0.778803 0.062608 0.025598
2 3 0.062386 0.073289 0.752217 0.083586 0.028523
2 2 0.066980 0.085175 0.714722 0.097122 0.036001
2 2 0.044442 0.056807 0.745935 0.129978 0.022838
2 3 0.028533 0.051121 0.817675 0.085496 0.017174
2 3 0.017864 0.044915 0.839167 0.082140 0.015914
2 2 0.012047 0.038901 0.866181 0.070103 0.012768
2 2 0.006419 0.033066 0.889054 0.062109 0.009351
2 2 0.009706 0.043708 0.849351 0.084128 0.013108
2 2 0.010132 0.049472 0.871459 0.054593 0.014344
2 2 0.009475 0.050563 0.874763 0.050978 0.014221
2 2 0.008226 0.044102 0.880378 0.055245 0.012049
2 2 0.007651 0.041606 0.877275 0.061603 0.011866
2 2 0.008226 0.033161 0.876958 0.071107 0.010547
2 2 0.009603 0.032125 0.863560 0.084480 0.010232
2 2 0.007636 0.026788 0.842921 0.113572 0.009084
2 2 0.009668 0.034590 0.844959 0.098977 0.011805
2 2 0.017239 0.037013 0.807884 0.123674 0.014189
2 2 0.019607 0.039212 0.805721 0.121060 0.014400
2 3 0.014548 0.041271 0.825683 0.103704 0.014794
2 2 0.005404 0.024701 0.876005 0.086934 0.006956
2 3 0.023209 0.041097 0.771862 0.146046 0.017785
2 2 0.020652 0.041038 0.799001 0.122556 0.016753
2 3 0.032303 0.049819 0.769598 0.126052 0.022228
2 3 0.033618 0.045203 0.745065 0.155658 0.020455
2 2 0.042184 0.051551 0.717975 0.164838 0.023452
2 3 0.046783 0.062493 0.750923 0.114750 0.025050
2 3 0.021256 0.043577 0.774126 0.145434 0.015607
2 3 0.007575 0.027984 0.822122 0.133272 0.009047
2 2 0.002491 0.014752 0.843986 0.134603 0.004168
2 2 0.002272 0.010017 0.757439 0.226901 0.003371
2 3 0.002742 0.009780 0.751889 0.231982 0.003607
2 3 0.008569 0.018438 0.788924 0.176478 0.007590
2 0 0.037815 0.049915 0.781607 0.107700 0.022963
2 0 0.190550 0.169026 0.526198 0.049287 0.064939
0 0 0.384321 0.295570 0.220807 0.019449 0.079852
0 0 0.349576 0.327746 0.251983 0.007892 0.062803
0 0 0.399194 0.307290 0.224383 0.006429 0.062705
0 0 0.413804 0.296518 0.204120 0.005301 0.080257
0 0 0.419862 0.297606 0.208351 0.005147 0.069035
0 0 0.352682 0.326294 0.240541 0.005808 0.074675
1 1 0.275286 0.361019 0.306956 0.007730 0.049010
1 1 0.187438 0.385949 0.369443 0.011627 0.045544
1 1 0.202895 0.379651 0.356178 0.013067 0.048209
2 2 0.153076 0.369588 0.406563 0.017352 0.053421
2 2 0.149329 0.330483 0.451048 0.017982 0.051158
0 2 0.343066 0.313687 0.251954 0.024570 0.066723
0 2 0.360898 0.273542 0.269989 0.028210 0.067361
2 2 0.185836 0.253932 0.487739 0.021715 0.050779
2 2 0.121984 0.197338 0.612642 0.023487 0.044549
2 2 0.056845 0.116742 0.760996 0.033292 0.032125
2 2 0.069878 0.125225 0.723832 0.045299 0.035766
2 2 0.126988 0.128666 0.632625 0.065205 0.046516
2 2 0.137542 0.154605 0.600851 0.056291 0.050711
2 2 0.223086 0.207002 0.486741 0.028669 0.054502
2 2 0.301740 0.230512 0.385193 0.025818 0.056737
2 1 0.186630 0.258382 0.482765 0.021387 0.050835
2 2 0.161742 0.277466 0.493902 0.018703 0.048186
2 2 0.041183 0.117524 0.786699 0.026267 0.028326
2 3 0.022474 0.072883 0.843972 0.040203 0.020468
2 2 0.014978 0.041760 0.865627 0.063916 0.013719
2 2 0.018061 0.045118 0.815583 0.106041 0.015197
2 3 0.018688 0.050822 0.827968 0.086621 0.015901
2 2 0.028533 0.057761 0.812645 0.082460 0.018601
2 2 0.041901 0.060952 0.790156 0.086416 0.020575
2 2 0.117376 0.112655 0.670073 0.058550 0.041346
2 0 0.354241 0.195866 0.359652 0.031013 0.059228
0 1 0.684783 0.160191 0.098316 0.014372 0.042338
0 1 0.645279 0.182517 0.116713 0.013261 0.042231
0 2 0.698149 0.154964 0.094260 0.012961 0.039667
0 2 0.637052 0.138090 0.142169 0.028152 0.054537
0 2 0.511539 0.174648 0.202272 0.040917 0.070625
0 2 0.387331 0.229308 0.277608 0.035381 0.070371
2 2 0.120403 0.210147 0.580958 0.035909 0.052583
2 2 0.074178 0.173654 0.678881 0.033314 0.039974
2 2 0.048326 0.131486 0.754915 0.035266 0.030006
2 2 0.034237 0.094877 0.789316 0.057356 0.024215
2 2 0.051993 0.139474 0.727120 0.047933 0.033480
2 2 0.058941 0.154323 0.707938 0.041504 0.037294
2 2 0.026291 0.094494 0.803916 0.052524 0.022775
2 0 0.024968 0.071891 0.829622 0.054246 0.019273
0 0 0.666694 0.108643 0.051535 0.018170 0.154958
0 0 0.546586 0.189717 0.108418 0.015226 0.140053
0 0 0.367117 0.308981 0.225435 0.010786 0.087680
0 0 0.368064 0.309413 0.231543 0.012992 0.077988
1 1 0.315166 0.338502 0.277681 0.012256 0.056396
0 1 0.342004 0.327269 0.268449 0.013371 0.048906
0 1 0.337556 0.330581 0.272902 0.012230 0.046731
1 0 0.325605 0.337242 0.282176 0.010897 0.044080
0 0 0.393404 0.306610 0.241748 0.012157 0.046081
0 1 0.382599 0.312445 0.249014 0.011352 0.044592
0 1 0.338771 0.333145 0.276377 0.009882 0.041826
1 2 0.325027 0.325645 0.290658 0.012373 0.046296
2 2 0.247395 0.288716 0.405031 0.014166 0.044691
2 2 0.271148 0.275606 0.383093 0.018727 0.051426
2 2 0.261468 0.272101 0.405628 0.015288 0.045514
0 2 0.429346 0.260333 0.253904 0.012631 0.043786
0 0 0.673100 0.172061 0.108262 0.010299 0.036278
0 0 0.699703 0.157960 0.096859 0.010247 0.035231
0 0 0.795763 0.107444 0.059326 0.008800 0.028667
0 0 0.801342 0.104214 0.057081 0.008869 0.028494
0 0 0.847229 0.076757 0.038871 0.009901 0.027241
0 0 0.810142 0.099121 0.053587 0.008966 0.028184
0 0 0.769289 0.124642 0.071784 0.007208 0.027077
0 0 0.675536 0.171979 0.108290 0.009481 0.034714
0 0 0.717463 0.148764 0.089657 0.009997 0.034118
0 0 0.654755 0.174985 0.110298 0.015179 0.044784
0 0 0.571415 0.219023 0.144813 0.011785 0.052963
0 0 0.593246 0.197714 0.117285 0.008853 0.082902
0 0 0.592387 0.199326 0.118181 0.008141 0.081965
0 0 0.629474 0.167589 0.090095 0.007069 0.105773
0 0 0.697449 0.127325 0.065625 0.013796 0.095806
0 0 0.828636 0.058395 0.023756 0.008701 0.080511
0 0 0.930268 0.021560 0.007457 0.008391 0.032324
0 0 0.929462 0.027201 0.010557 0.009839 0.022941
0 0 0.899933 0.038405 0.015272 0.008780 0.037610
0 0 0.857835 0.065596 0.030513 0.009485 0.036571
0 0 0.881469 0.052264 0.024039 0.013783 0.028445
0 0 0.910274 0.031352 0.012780 0.018103 0.027490
0 0 0.864442 0.046674 0.020031 0.021758 0.047095
0 0 0.783540 0.091443 0.046408 0.021495 0.057113
0 0 0.574625 0.174831 0.098074 0.017413 0.135057
0 0 0.749781 0.095923 0.046062 0.016788 0.091445
0 0 0.856749 0.040563 0.016533 0.027619 0.058537
0 0 0.908551 0.021720 0.007482 0.016562 0.045685
0 0 0.945937 0.012591 0.004192 0.017652 0.019628
0 0 0.912066 0.029351 0.011379 0.014809 0.032396
0 0 0.824897 0.071933 0.032184 0.009382 0.061603
0 0 0.708274 0.127613 0.064796 0.009259 0.090059
0 0 0.670960 0.115623 0.057493 0.022724 0.133200
0 0 0.678286 0.091338 0.043966 0.046532 0.139879
0 0 0.615834 0.099024 0.046866 0.039456 0.198820
0 0 0.759518 0.065616 0.030279 0.053663 0.090924
0 0 0.874630 0.031921 0.012943 0.038400 0.042105
0 0 0.874500 0.031936 0.012401 0.028996 0.052167
0 0 0.906289 0.023127 0.008759 0.029712 0.032113
0 0 0.934768 0.015512 0.005378 0.020711 0.023631
0 0 0.910720 0.021922 0.008207 0.028391 0.030760
0 0 0.870816 0.033191 0.013613 0.039808 0.042573
0 0 0.906063 0.023189 0.008787 0.029780 0.032182
0 0 0.869224 0.031123 0.011308 0.018883 0.069463
0 0 0.702455 0.064580 0.025909 0.019506 0.187550
0 0 0.679327 0.083885 0.037732 0.031281 0.167774
0 0 0.496997 0.150140 0.076084 0.017133 0.259646
1 0 0.217794 0.350188 0.272751 0.012267 0.146999
1 0 0.143212 0.382470 0.347473 0.016708 0.110136
1 1 0.137723 0.384217 0.365469 0.021254 0.091337
1 1 0.165871 0.380313 0.365841 0.022549 0.065426
1 1 0.162209 0.383875 0.374096 0.020179 0.059640
1 1 0.196546 0.378510 0.355796 0.015878 0.053270
1 1 0.319793 0.336985 0.281996 0.012962 0.048264
0 1 0.479065 0.269056 0.198930 0.010802 0.042147
0 1 0.582942 0.220395 0.150712 0.009196 0.036754
0 1 0.586313 0.218086 0.148510 0.009600 0.037490
0 1 0.598435 0.215564 0.146615 0.007233 0.032154
0 1 0.631666 0.198180 0.130933 0.007417 0.031804
0 1 0.562107 0.230824 0.160542 0.009230 0.037297
0 2 0.581402 0.220591 0.150835 0.009588 0.037584
0 2 0.545569 0.237632 0.166972 0.010198 0.039629
0 2 0.523382 0.239744 0.184348 0.011197 0.041328
0 1 0.560976 0.198705 0.184425 0.013593 0.042301
0 1 0.588386 0.197744 0.154224 0.014733 0.044912
0 0 0.645675 0.187023 0.120855 0.009937 0.036510
0 0 0.651861 0.186364 0.120537 0.008233 0.033005
0 0 0.739207 0.142324 0.085148 0.006520 0.026800
0 0 0.719435 0.153847 0.094214 0.006065 0.026439
0 1 0.703778 0.163352 0.101966 0.005451 0.025453
0 1 0.716002 0.156491 0.096415 0.005605 0.025487
0 1 0.742641 0.142601 0.085618 0.005249 0.023892
0 1 0.583614 0.220286 0.150635 0.009043 0.036423
0 2 0.488707 0.268090 0.198265 0.008301 0.036637
2 2 0.199779 0.215121 0.498233 0.030351 0.056515
2 2 0.241483 0.230803 0.449454 0.024657 0.053603
2 2 0.180725 0.199541 0.546810 0.024761 0.048163
2 2 0.186182 0.194559 0.544996 0.025630 0.048633
2 2 0.177642 0.169167 0.582472 0.027597 0.043121
2 2 0.107378 0.118526 0.693591 0.046347 0.034159
2 2 0.091209 0.122737 0.707016 0.043010 0.036028
2 2 0.075031 0.143244 0.717345 0.030059 0.034321
2 2 0.018619 0.062281 0.867041 0.037220 0.014839
2 2 0.019116 0.062007 0.863023 0.040147 0.015708
2 2 0.014958 0.045082 0.858134 0.067772 0.014054
2 2 0.017459 0.045364 0.850008 0.073386 0.013783
2 2 0.015539 0.044586 0.870468 0.056385 0.013022
2 2 0.007257 0.031361 0.910118 0.042889 0.008375
2 2 0.007887 0.038858 0.903112 0.040293 0.009850
2 2 0.012529 0.072121 0.870434 0.028537 0.016378
2 2 0.008744 0.044587 0.882264 0.052382 0.012022
2 2 0.007295 0.042532 0.908162 0.032250 0.009761
2 2 0.007448 0.030464 0.879170 0.073400 0.009518
2 2 0.015654 0.045214 0.851601 0.073152 0.014379
2 2 0.025153 0.056939 0.840342 0.059112 0.018454
2 2 0.034494 0.076671 0.821176 0.043649 0.024010
2 2 0.026384 0.065646 0.845522 0.042183 0.020265
2 2 0.046239 0.090224 0.800697 0.036605 0.026234
2 2 0.047155 0.096424 0.774543 0.051699 0.030179
2 2 0.073991 0.186539 0.665758 0.033615 0.040097
2 2 0.079242 0.176529 0.667527 0.037078 0.039625
2 3 0.082688 0.152032 0.671830 0.049721 0.043730
2 3 0.083004 0.121849 0.691623 0.062615 0.040909
2 3 0.065152 0.101138 0.721244 0.077363 0.035103
2 3 0.005837 0.017778 0.777644 0.191887 0.006854
2 2 0.003638 0.014447 0.775295 0.201317 0.005304
2 3 0.001846 0.011841 0.849195 0.133322 0.003795
2 3 0.002071 0.013926 0.823132 0.156405 0.004466
2 3 0.001808 0.011553 0.849782 0.133232 0.003625
2 3 0.007228 0.020717 0.703865 0.259217 0.008973
2 3 0.004792 0.016814 0.748792 0.222824 0.006778
2 3 0.003591 0.016684 0.774796 0.198558 0.006370
2 3 0.002966 0.015382 0.817384 0.158936 0.005331
2 3 0.004135 0.020859 0.830330 0.137631 0.007046
2 3 0.010656 0.033202 0.787143 0.156585 0.012414
2 3 0.017122 0.037747 0.704805 0.223781 0.016545
2 3 0.022708 0.032040 0.561509 0.367293 0.016450
2 3 0.012406 0.021107 0.563567 0.392274 0.010647
2 3 0.012392 0.018703 0.561952 0.397403 0.009550
2 3 0.010852 0.014587 0.487937 0.479474 0.007151
2 3 0.016199 0.020231 0.508086 0.445532 0.009952
3 3 0.018369 0.018267 0.397000 0.555959 0.010404
2 3 0.019914 0.023317 0.532637 0.412172 0.011960
2 3 0.015449 0.020547 0.571983 0.382232 0.009790
2 3 0.010423 0.017615 0.570485 0.393388 0.008089
2 3 0.017939 0.021922 0.502687 0.446425 0.011026
2 3 0.028144 0.030712 0.534833 0.390934 0.015377
2 3 0.031000 0.030061 0.512208 0.411364 0.015366
2 3 0.032434 0.030645 0.477191 0.443886 0.015844
2 3 0.037375 0.031170 0.491721 0.423369 0.016365
2 3 0.047020 0.034345 0.457460 0.441420 0.019755
2 3 0.028480 0.025904 0.514962 0.417267 0.013386
2 3 0.027781 0.030085 0.545437 0.382813 0.013883
2 3 0.025611 0.036114 0.571823 0.350797 0.015655
3 3 0.010270 0.015387 0.386190 0.580574 0.007579
3 3 0.016666 0.019005 0.352832 0.601183 0.010314
3 3 0.009440 0.011928 0.321925 0.650516 0.006192
3 3 0.011263 0.011623 0.256423 0.713753 0.006939
3 3 0.006623 0.008526 0.220270 0.759858 0.004723
3 3 0.018139 0.013023 0.216890 0.742783 0.009166
3 3 0.018370 0.014094 0.273375 0.685344 0.008817
3 3 0.043122 0.024191 0.317615 0.599249 0.015823
3 3 0.034397 0.021710 0.318200 0.612295 0.013399
3 3 0.020567 0.014369 0.239811 0.716097 0.009155
3 3 0.010167 0.006277 0.117969 0.861324 0.004264
3 3 0.008750 0.006232 0.123194 0.857688 0.004136
3 3 0.012316 0.008987 0.148213 0.824309 0.006175
3 3 0.024631 0.017849 0.273126 0.672857 0.011537
3 3 0.019545 0.017594 0.341468 0.611747 0.009647
3 3 0.029336 0.020505 0.324039 0.614660 0.011460
3 3 0.030577 0.017216 0.244058 0.697053 0.011096
3 3 0.050790 0.031263 0.366349 0.533175 0.018422
3 3 0.036034 0.026688 0.445138 0.478461 0.013678
2 3 0.046405 0.031135 0.462833 0.443533 0.016094
2 3 0.067932 0.038744 0.462596 0.410732 0.019997
3 3 0.073268 0.040771 0.385530 0.477124 0.023306
3 3 0.074502 0.048701 0.399451 0.450851 0.026495
3 3 0.052612 0.038774 0.399748 0.488288 0.020577
3 3 0.050242 0.031675 0.321541 0.577638 0.018903
3 3 0.046669 0.025003 0.267022 0.643826 0.017481
3 3 0.022755 0.017551 0.270324 0.678499 0.010871
3 3 0.032383 0.022190 0.313462 0.617137 0.014828
3 3 0.013545 0.016311 0.404021 0.557700 0.008422
2 3 0.016985 0.021979 0.521656 0.428371 0.011009
3 3 0.033902 0.022440 0.339571 0.591539 0.012548
3 3 0.048049 0.028687 0.306038 0.600055 0.017171
3 3 0.033210 0.016048 0.159922 0.779487 0.011333
3 3 0.019458 0.013565 0.200937 0.757238 0.008802
3 3 0.016648 0.014622 0.273943 0.685583 0.009203
3 3 0.018441 0.019380 0.410634 0.540877 0.010668
3 3 0.018594 0.019316 0.419410 0.531823 0.010856
3 3 0.017669 0.018616 0.390488 0.563022 0.010205
3 3 0.012838 0.013188 0.262413 0.704126 0.007435
3 3 0.010060 0.008266 0.185191 0.791449 0.005034
3 3 0.011651 0.009265 0.197962 0.775230 0.005893
3 3 0.013700 0.010445 0.229785 0.739357 0.006713
3 3 0.017644 0.014792 0.301585 0.656525 0.009454
3 3 0.012742 0.014181 0.314803 0.650050 0.008224
3 3 0.018227 0.015570 0.298632 0.658577 0.008995
3 3 0.014352 0.013404 0.289204 0.675336 0.007704
3 3 0.012440 0.009044 0.176094 0.796669 0.005752
3 3 0.012768 0.008757 0.143648 0.828862 0.005965
3 3 0.011867 0.008442 0.140154 0.833796 0.005741
3 3 0.012055 0.008952 0.171964 0.800784 0.006245
3 3 0.020495 0.016773 0.245056 0.706956 0.010720
3 3 0.016251 0.013374 0.211927 0.750055 0.008394
3 3 0.014562 0.010408 0.142842 0.825210 0.006977
3 3 0.008105 0.006616 0.120243 0.860889 0.004147
3 3 0.007795 0.006796 0.124249 0.856937 0.004224
3 3 0.008689 0.007112 0.143680 0.835746 0.004773
3 3 0.009019 0.007954 0.180482 0.797182 0.005364
3 3 0.009071 0.008403 0.195182 0.781987 0.005357
3 3 0.010320 0.012149 0.248041 0.722027 0.007462
3 3 0.007697 0.014635 0.336307 0.633205 0.008156
3 3 0.019205 0.018355 0.277535 0.673141 0.011764
3 3 0.012248 0.013120 0.265904 0.700867 0.007862
3 3 0.005188 0.007836 0.241625 0.741030 0.004321
3 3 0.003905 0.007322 0.250829 0.733760 0.004184
3 3 0.003085 0.006002 0.213863 0.773633 0.003417
3 3 0.003632 0.006831 0.190263 0.795384 0.003890
3 3 0.008670 0.007885 0.174473 0.803897 0.005076
3 3 0.017346 0.014039 0.245977 0.713828 0.008810
3 3 0.108324 0.038847 0.293678 0.530769 0.028384
2 0 0.321583 0.093781 0.330007 0.194222 0.060407
0 0 0.378652 0.158667 0.332783 0.055587 0.074312
0 0 0.569666 0.201691 0.155200 0.020114 0.053328
0 1 0.680197 0.164037 0.101465 0.013325 0.040977
0 1 0.582352 0.210276 0.140796 0.016759 0.049818
1 2 0.304181 0.343744 0.297157 0.010901 0.044017
2 2 0.248579 0.285444 0.396051 0.018519 0.051406
2 2 0.169707 0.250289 0.509774 0.021117 0.049112
2 2 0.090177 0.190907 0.649841 0.028541 0.040533
2 2 0.113647 0.167496 0.646544 0.031554 0.040759
2 2 0.133793 0.159781 0.619542 0.040902 0.045982
2 2 0.111144 0.173957 0.637089 0.033141 0.044670
2 2 0.171185 0.282550 0.479321 0.018404 0.048541
2 2 0.204913 0.277704 0.437721 0.023492 0.056170
2 0 0.201042 0.270230 0.453264 0.022066 0.053399
0 1 0.341781 0.312129 0.278960 0.015508 0.051622
2 2 0.248686 0.332422 0.347947 0.017260 0.053685
2 2 0.112075 0.349787 0.468700 0.018158 0.051280
2 2 0.094908 0.368797 0.474935 0.014873 0.046487
2 2 0.070239 0.327663 0.544484 0.015021 0.042592
2 2 0.074798 0.341176 0.524994 0.015116 0.043916
1 1 0.169253 0.396742 0.359153 0.006831 0.068021
1 1 0.128997 0.404502 0.403125 0.008689 0.054687
2 1 0.113422 0.406092 0.418463 0.009372 0.052651
2 2 0.092701 0.404257 0.441888 0.012197 0.048956
2 2 0.082036 0.408793 0.430197 0.009081 0.069894
1 2 0.123189 0.402411 0.379307 0.008469 0.086625
1 2 0.189114 0.385239 0.344147 0.010159 0.071340
1 2 0.264642 0.359698 0.307581 0.011174 0.056905
1 2 0.319193 0.335696 0.280312 0.014201 0.050599
2 2 0.284782 0.322468 0.327238 0.015194 0.050318
2 2 0.226153 0.274874 0.428864 0.019273 0.050836
2 2 0.170978 0.254063 0.507670 0.019651 0.047638
2 2 0.213371 0.298685 0.425987 0.015368 0.046589
2 2 0.128597 0.265540 0.546957 0.016292 0.042614
2 2 0.099683 0.264626 0.579412 0.015701 0.040578
2 2 0.086885 0.237620 0.615980 0.018315 0.041200
2 2 0.057015 0.257019 0.636416 0.014004 0.035546
2 2 0.092064 0.384942 0.463526 0.011880 0.047589
2 2 0.069473 0.340481 0.527332 0.012702 0.050012
2 2 0.054887 0.289475 0.596508 0.012620 0.046510
2 2 0.037478 0.228843 0.666013 0.010544 0.057122
2 2 0.062979 0.283688 0.584152 0.012140 0.057041
2 2 0.089449 0.260599 0.593267 0.014152 0.042533
2 2 0.092327 0.288826 0.566911 0.013365 0.038570
2 2 0.098645 0.330277 0.521742 0.011314 0.038022
2 2 0.059626 0.252499 0.644755 0.011414 0.031706
2 2 0.064922 0.197383 0.689789 0.015041 0.032866
2 2 0.056149 0.189030 0.696025 0.017954 0.040843
2 2 0.040830 0.215960 0.681530 0.010216 0.051463
2 2 0.057228 0.313339 0.554391 0.010460 0.064582
2 2 0.106363 0.284657 0.545123 0.012052 0.051805
2 2 0.189570 0.271248 0.474696 0.017560 0.046925
2 2 0.141717 0.212288 0.584682 0.019207 0.042106
2 2 0.085303 0.184843 0.678530 0.016710 0.034615
2 2 0.037827 0.093522 0.826510 0.019996 0.022146
2 2 0.021881 0.069522 0.865143 0.026553 0.016902
2 2 0.029018 0.101000 0.821683 0.023946 0.024353
2 2 0.015312 0.060188 0.871272 0.038299 0.014929
2 2 0.010099 0.057446 0.889817 0.030013 0.012625
2 2 0.010836 0.060040 0.888466 0.026327 0.014331
2 2 0.005408 0.042751 0.913013 0.029643 0.009185
2 2 0.005581 0.044258 0.914223 0.026513 0.009425
2 2 0.008484 0.058808 0.896738 0.022111 0.013860
2 2 0.004131 0.036774 0.930174 0.021588 0.007332
2 2 0.001707 0.019642 0.958274 0.016662 0.003715
2 2 0.002285 0.023550 0.953206 0.016014 0.004945
2 2 0.006623 0.047461 0.916444 0.019602 0.009871
2 2 0.018991 0.105880 0.839793 0.017056 0.018281
2 2 0.038109 0.215306 0.702303 0.013520 0.030762
2 2 0.042675 0.227821 0.680813 0.014952 0.033741
2 2 0.021173 0.122841 0.809069 0.022878 0.024039
2 2 0.012796 0.085626 0.861564 0.023481 0.016534
2 2 0.010628 0.072242 0.878779 0.023081 0.015269
2 2 0.008822 0.058356 0.885408 0.033362 0.014051
2 0 0.051889 0.130726 0.739228 0.040782 0.037375
2 1 0.199314 0.209781 0.495719 0.034945 0.060241
0 1 0.358090 0.261234 0.295493 0.024506 0.060677
0 1 0.484008 0.262199 0.191448 0.014113 0.048232
0 2 0.480034 0.265503 0.188577 0.010722 0.055164
1 2 0.224638 0.373019 0.325368 0.011171 0.065803
2 2 0.011731 0.064398 0.877449 0.030551 0.015870
2 2 0.018329 0.059549 0.865233 0.040348 0.016541
2 2 0.036997 0.080124 0.818950 0.041469 0.022461
2 2 0.244958 0.152641 0.504380 0.041348 0.056673
0 0 0.394848 0.158568 0.344523 0.039824 0.062237
0 0 0.641919 0.174891 0.110027 0.020579 0.052584
0 0 0.497932 0.246769 0.173451 0.019534 0.062314
1 1 0.191285 0.381298 0.336941 0.011647 0.078829
2 2 0.125870 0.340981 0.468925 0.016137 0.048087
2 2 0.069705 0.217461 0.654594 0.018949 0.039291
2 2 0.043730 0.135261 0.767337 0.023237 0.030436
2 2 0.025630 0.087674 0.844965 0.022187 0.019544
2 2 0.027862 0.069750 0.851266 0.032279 0.018843
2 2 0.068200 0.096736 0.766198 0.039275 0.029591
2 2 0.091522 0.113919 0.712820 0.045633 0.036106
2 2 0.061290 0.103593 0.770636 0.037606 0.026875
2 2 0.091569 0.137727 0.705779 0.030481 0.034444
2 2 0.038982 0.105592 0.796355 0.034572 0.024501
2 2 0.027351 0.120393 0.800693 0.028927 0.022635
2 2 0.025870 0.121118 0.799545 0.028899 0.024569
2 2 0.030951 0.145833 0.771161 0.022249 0.029805
2 2 0.023644 0.121244 0.808049 0.024300 0.022762
2 2 0.028941 0.137366 0.790966 0.019298 0.023429
2 2 0.050918 0.135650 0.747743 0.031263 0.034425
2 2 0.058187 0.124463 0.754877 0.030895 0.031578
2 1 0.061531 0.115174 0.745519 0.047818 0.029958
2 1 0.088237 0.152542 0.681723 0.035914 0.041585
2 1 0.227635 0.212598 0.473156 0.029924 0.056687
2 2 0.195160 0.227791 0.499935 0.025353 0.051761
2 1 0.215146 0.286362 0.440051 0.014397 0.044044
2 2 0.177265 0.193938 0.551705 0.028134 0.048958
2 2 0.120625 0.135765 0.660773 0.044120 0.038718
2 2 0.080573 0.124295 0.715127 0.047069 0.032936
2 2 0.176271 0.185540 0.553928 0.034203 0.050059
2 2 0.159785 0.164282 0.595046 0.034473 0.046415
2 2 0.144974 0.184599 0.585094 0.037642 0.047691
2 2 0.109390 0.185964 0.633922 0.027582 0.043143
2 2 0.032724 0.118478 0.796749 0.025797 0.026251
2 2 0.055235 0.168490 0.726768 0.017247 0.032260
2 0 0.088432 0.223286 0.627188 0.019590 0.041505
2 2 0.110242 0.220554 0.603903 0.021226 0.044074
2 2 0.115098 0.233017 0.596142 0.016294 0.039449
2 2 0.097718 0.195972 0.648378 0.019115 0.038818
2 2 0.160444 0.222366 0.540295 0.025726 0.051169
2 2 0.295161 0.213694 0.401182 0.030449 0.059515
0 0 0.442363 0.191167 0.267701 0.034226 0.064543
0 0 0.607599 0.155403 0.157454 0.025553 0.053990
0 1 0.746104 0.123358 0.070153 0.017355 0.043029
0 1 0.597917 0.195400 0.120163 0.013734 0.072786
0 1 0.425336 0.272002 0.173824 0.006362 0.122476
1 2 0.254649 0.364194 0.299856 0.008400 0.072900
1 2 0.280592 0.353213 0.302688 0.012070 0.051437
1 2 0.203208 0.379288 0.355539 0.013302 0.048663
1 2 0.294846 0.320286 0.306875 0.019772 0.058221
0 2 0.419206 0.242666 0.262211 0.020828 0.055090
0 2 0.557462 0.195097 0.178117 0.019023 0.050301
0 2 0.671589 0.171423 0.107637 0.011295 0.038055
0 2 0.677377 0.170833 0.107333 0.009595 0.034862
0 2 0.618221 0.194665 0.137370 0.011018 0.038726
0 2 0.579487 0.199294 0.162796 0.014308 0.044115
0 0 0.793844 0.102360 0.054844 0.011962 0.036991
0 0 0.822831 0.070994 0.032297 0.013138 0.060740
0 0 0.715547 0.097688 0.045429 0.015830 0.125507
0 0 0.508702 0.128337 0.063229 0.026897 0.272834
0 0 0.499141 0.122730 0.060502 0.034832 0.282796
0 0 0.478028 0.109301 0.050072 0.021379 0.341221
0 0 0.526688 0.089806 0.037966 0.015833 0.329707
4 0 0.419769 0.102200 0.044605 0.012924 0.420501
0 0 0.589769 0.093114 0.041349 0.024856 0.250912
0 0 0.610391 0.085654 0.036928 0.022618 0.244409
0 0 0.743465 0.061878 0.025593 0.026232 0.142833
0 0 0.817731 0.045932 0.018434 0.028008 0.089895
0 0 0.857550 0.036488 0.014431 0.030031 0.061499
0 0 0.798434 0.050589 0.020575 0.028339 0.102063
0 0 0.832088 0.041829 0.016404 0.025710 0.083968
0 0 0.866116 0.034367 0.013619 0.031630 0.054268
0 0 0.916584 0.020337 0.007492 0.026633 0.028955
0 0 0.875841 0.031541 0.012789 0.038656 0.041174
0 0 0.851824 0.038319 0.016237 0.045554 0.048067
0 0 0.859515 0.036137 0.015108 0.043359 0.045882
0 0 0.850311 0.038805 0.016444 0.045221 0.049220
0 0 0.865946 0.041573 0.017977 0.032868 0.041635
0 0 0.888496 0.041663 0.018103 0.019843 0.031894
0 0 0.900355 0.041222 0.017940 0.014041 0.026442
0 0 0.811681 0.096549 0.051764 0.010156 0.029850
0 0 0.815991 0.087616 0.045621 0.015104 0.035668
0 0 0.865104 0.056345 0.026294 0.018307 0.033949
0 0 0.842943 0.064178 0.030835 0.022465 0.039580
0 0 0.832478 0.046397 0.020555 0.047845 0.052724
0 0 0.743710 0.104947 0.056933 0.035175 0.059235
0 0 0.837138 0.062026 0.028236 0.019577 0.053023
0 0 0.846978 0.057580 0.026340 0.022872 0.046229
0 0 0.732042 0.106452 0.052556 0.016173 0.092777
0 0 0.711269 0.128235 0.067347 0.012964 0.080185
0 0 0.796573 0.093471 0.047104 0.012786 0.050066
0 0 0.801791 0.080736 0.037373 0.011848 0.068251
0 0 0.848289 0.061641 0.027476 0.012363 0.050232
0 0 0.870924 0.058892 0.027875 0.013261 0.029047
0 0 0.876189 0.048500 0.021831 0.019846 0.033635
0 0 0.851954 0.048230 0.021587 0.033758 0.044471
0 0 0.827170 0.078917 0.039981 0.017131 0.036801
0 0 0.854048 0.061845 0.029498 0.018926 0.035684
0 0 0.750006 0.128713 0.074344 0.011638 0.035300
0 0 0.801376 0.103554 0.056591 0.009307 0.029172
0 0 0.834680 0.083710 0.043302 0.010040 0.028268
0 0 0.819307 0.095292 0.051073 0.008056 0.026272
0 0 0.758524 0.122927 0.070063 0.012448 0.036038
0 0 0.836447 0.071411 0.035262 0.019150 0.037730
0 0 0.878634 0.031634 0.012838 0.036758 0.040136
0 0 0.898560 0.025241 0.009743 0.032005 0.034450
0 0 0.924782 0.018138 0.006520 0.024158 0.026402
0 0 0.919299 0.020778 0.007173 0.014379 0.038372
0 0 0.732323 0.095381 0.041057 0.004565 0.126674
0 0 0.585822 0.138831 0.063905 0.004071 0.207371
0 0 0.559973 0.157553 0.076685 0.004941 0.200848
0 0 0.478731 0.220622 0.123404 0.005115 0.172129
0 0 0.489527 0.239401 0.142767 0.005299 0.123005
0 0 0.623786 0.184331 0.105676 0.006959 0.079248
0 0 0.742984 0.124705 0.067128 0.010490 0.054693
0 0 0.658050 0.180004 0.112100 0.008643 0.041202
0 0 0.747683 0.120547 0.061573 0.006814 0.063383
0 0 0.709564 0.151066 0.087598 0.008039 0.043734
0 0 0.759002 0.120929 0.064746 0.008163 0.047160
0 0 0.511435 0.246689 0.168326 0.011896 0.061654
0 0 0.666368 0.164479 0.099598 0.016065 0.053491
0 0 0.485987 0.234796 0.144024 0.010132 0.125061
0 0 0.667028 0.166008 0.097896 0.011312 0.057756
0 0 0.670065 0.170293 0.106230 0.012379 0.041033
0 0 0.681494 0.171126 0.107802 0.007970 0.031608
0 0 0.592134 0.218523 0.149312 0.007388 0.032644
0 0 0.637157 0.193697 0.126821 0.008457 0.033868
0 0 0.598983 0.214245 0.145265 0.007891 0.033617
0 0 0.602594 0.214414 0.145706 0.006630 0.030656
0 0 0.550335 0.239139 0.168887 0.007621 0.034018
0 0 0.522458 0.249939 0.179254 0.009555 0.038794
0 0 0.600238 0.211002 0.142021 0.009600 0.037139
0 0 0.717075 0.145737 0.087122 0.012273 0.037793
0 0 0.761578 0.120637 0.068382 0.012901 0.036502
0 0 0.797005 0.098643 0.052950 0.014748 0.036655
0 0 0.809971 0.090186 0.047283 0.015743 0.036818
0 0 0.868291 0.063236 0.030515 0.011002 0.026956
0 0 0.800379 0.104896 0.057560 0.008773 0.028392
0 0 0.701690 0.157963 0.096940 0.009523 0.033885
0 0 0.667750 0.175571 0.111218 0.009837 0.035625
0 0 0.701533 0.156158 0.095374 0.010814 0.036122
0 0 0.624965 0.199824 0.132168 0.008586 0.034458
0 0 0.650100 0.189947 0.123942 0.006569 0.029442
0 0 0.738540 0.144560 0.087092 0.005413 0.024395
0 0 0.825531 0.092778 0.049450 0.007384 0.024856
0 0 0.748733 0.130525 0.075741 0.010845 0.034156
0 0 0.568746 0.226411 0.137498 0.003186 0.064159
0 0 0.557770 0.231181 0.142015 0.003521 0.065513
0 0 0.493658 0.257919 0.159421 0.003005 0.085996
0 0 0.472106 0.254529 0.150910 0.002878 0.119577
0 0 0.420981 0.252884 0.143810 0.002549 0.179777
0 0 0.457954 0.230832 0.126774 0.002839 0.181601
0 0 0.432323 0.259307 0.152024 0.002941 0.153405
0 0 0.408775 0.272224 0.167035 0.004117 0.147848
0 0 0.386748 0.300095 0.200062 0.004618 0.108478
1 1 0.298834 0.337592 0.252359 0.008161 0.103054
1 1 0.294257 0.341655 0.257538 0.007691 0.098860
0 1 0.344023 0.318783 0.224468 0.006167 0.106559
1 1 0.304157 0.343915 0.256806 0.005449 0.089675
0 1 0.340955 0.330388 0.247064 0.006470 0.075123
1 0 0.218350 0.375326 0.316454 0.008762 0.081108
1 0 0.304017 0.335958 0.258803 0.011156 0.090066
0 0 0.393247 0.278419 0.196175 0.021383 0.110777
0 0 0.542959 0.194525 0.119945 0.031146 0.111425
0 0 0.554183 0.168160 0.096588 0.035376 0.145693
0 1 0.589399 0.140856 0.078085 0.050065 0.141595
0 1 0.421076 0.219178 0.130562 0.018667 0.210517
0 0 0.344479 0.261886 0.162122 0.009199 0.222315
0 0 0.313325 0.306319 0.209324 0.008927 0.162104
1 0 0.237005 0.332653 0.235722 0.006574 0.188046
1 0 0.304750 0.311269 0.207431 0.005344 0.171206
1 0 0.250619 0.325641 0.222138 0.004827 0.196773
1 0 0.272175 0.337964 0.236707 0.004337 0.148817
1 0 0.258909 0.333333 0.223548 0.002833 0.181377
0 0 0.395833 0.261544 0.150308 0.002445 0.189870
0 0 0.436673 0.238200 0.130425 0.002254 0.192447
1 0 0.279947 0.331679 0.221171 0.002664 0.164538
1 0 0.254019 0.345929 0.239447 0.002824 0.157780
1 0 0.203282 0.364507 0.267823 0.003308 0.161079
1 0 0.265757 0.325051 0.219740 0.004304 0.185148
0 0 0.347572 0.267110 0.161076 0.005046 0.219196
0 0 0.350774 0.258949 0.152532 0.004553 0.233192
0 0 0.432001 0.229025 0.129225 0.005431 0.204319
0 0 0.384460 0.173033 0.087245 0.006702 0.348561
4 0 0.252620 0.270903 0.168929 0.006608 0.300940
1 0 0.225569 0.316987 0.219822 0.007776 0.229846
0 0 0.329394 0.287692 0.191273 0.011274 0.180366
0 0 0.449774 0.227963 0.133394 0.009197 0.179671
0 0 0.301732 0.297619 0.184578 0.002876 0.213195
1 0 0.253213 0.308752 0.194798 0.002470 0.240767
1 0 0.196275 0.337518 0.228274 0.002336 0.235597
1 0 0.194261 0.338042 0.229121 0.002347 0.236230
1 0 0.172526 0.343132 0.235777 0.002091 0.246473
1 0 0.177332 0.351615 0.244058 0.001959 0.225037
1 0 0.169186 0.358188 0.254689 0.002159 0.215779
1 0 0.196996 0.335307 0.223605 0.002004 0.242087
1 0 0.175695 0.336427 0.230560 0.002540 0.254778
1 0 0.167297 0.340701 0.234448 0.002191 0.255362
1 0 0.140662 0.364154 0.273966 0.003156 0.218062
1 0 0.173790 0.368222 0.275141 0.003320 0.179527
1 1 0.151326 0.368753 0.277191 0.003004 0.199726
1 1 0.199680 0.352710 0.252656 0.003503 0.191451
1 1 0.246416 0.328623 0.224204 0.004344 0.196412
0 0 0.314130 0.307010 0.206197 0.006798 0.165865
0 0 0.332088 0.316618 0.227195 0.009680 0.114420
1 0 0.282831 0.347782 0.279311 0.011451 0.078624
0 1 0.408137 0.302005 0.236213 0.010691 0.042953
0 1 0.357663 0.323231 0.262930 0.011354 0.044822
1 0 0.312043 0.339538 0.285767 0.013440 0.049213
1 0 0.269459 0.360009 0.303794 0.009390 0.057348
0 0 0.332310 0.327004 0.242324 0.008303 0.090059
0 0 0.318348 0.299969 0.206671 0.012333 0.162679
0 0 0.426272 0.209508 0.123892 0.022989 0.217339
0 0 0.574486 0.114502 0.056856 0.043457 0.210699
0 0 0.506085 0.141900 0.078962 0.073318 0.199735
0 4 0.505875 0.211884 0.143099 0.050420 0.088722
0 4 0.343667 0.310013 0.247733 0.027712 0.070875
1 4 0.312807 0.330395 0.274042 0.020947 0.061809
0 4 0.331325 0.324050 0.264955 0.019780 0.059890
1 4 0.243606 0.361603 0.322375 0.016932 0.055484
1 4 0.213861 0.374007 0.345301 0.014971 0.051860
0 4 0.333506 0.328845 0.270782 0.014967 0.051899
0 4 0.360984 0.319661 0.258284 0.013009 0.048062
1 4 0.291913 0.347473 0.297728 0.013498 0.049388
1 4 0.310661 0.337632 0.283324 0.015465 0.052919
1 1 0.273574 0.346215 0.297805 0.020750 0.061656
0 0 0.335628 0.322356 0.262635 0.019682 0.059700
0 0 0.469800 0.262688 0.191922 0.019070 0.056520
0 4 0.497471 0.247342 0.176127 0.020786 0.058274
0 4 0.448489 0.268522 0.196204 0.021241 0.065544
0 4 0.368107 0.286028 0.200956 0.019362 0.125547
0 4 0.371552 0.291892 0.206194 0.015870 0.114491
0 4 0.377890 0.294963 0.211550 0.015253 0.100344
0 4 0.373018 0.299124 0.222965 0.019044 0.085848
0 4 0.493092 0.251469 0.177130 0.017106 0.061203
0 4 0.665074 0.166024 0.099006 0.013201 0.056695
0 4 0.539835 0.241124 0.160037 0.006363 0.052640
0 4 0.551086 0.238870 0.164212 0.006618 0.039215
0 4 0.560922 0.234608 0.158377 0.005826 0.040267
0 4 0.658763 0.182313 0.113913 0.007048 0.037963
0 4 0.668654 0.177663 0.108921 0.006144 0.038617
0 0 0.668891 0.170355 0.098974 0.006712 0.055067
0 1 0.667538 0.174850 0.105444 0.007137 0.045031
0 1 0.709625 0.136722 0.073796 0.010778 0.069079
0 0 0.554455 0.178319 0.098558 0.014684 0.153984
0 0 0.501687 0.163171 0.085670 0.017270 0.232202
0 0 0.373648 0.176150 0.095541 0.020016 0.334645
0 0 0.359478 0.228672 0.134531 0.012395 0.264923
0 0 0.514288 0.205594 0.119412 0.012907 0.147799
0 0 0.552862 0.164203 0.092834 0.034533 0.155568
0 0 0.533139 0.133946 0.070302 0.046844 0.215768
0 0 0.538430 0.127159 0.066517 0.056154 0.211741
0 0 0.494873 0.128845 0.061085 0.014762 0.300435
0 0 0.645285 0.121305 0.057174 0.009944 0.166293
0 0 0.659677 0.145086 0.075755 0.010536 0.108946
0 0 0.713021 0.113379 0.057969 0.021659 0.093971
0 0 0.781945 0.061236 0.027406 0.042146 0.087267
0 0 0.741144 0.089487 0.044366 0.037418 0.087586
0 0 0.739622 0.099865 0.051175 0.030699 0.078639
0 0 0.730235 0.098072 0.051208 0.043492 0.076993
0 0 0.677809 0.133926 0.077726 0.041025 0.069514
0 0 0.686617 0.136486 0.079614 0.033950 0.063333
0 0 0.769901 0.081259 0.041254 0.045409 0.062177
0 0 0.860754 0.035786 0.014928 0.043004 0.045528
0 0 0.878564 0.030924 0.012334 0.035189 0.042989
0 0 0.901628 0.024400 0.009349 0.031097 0.033526
1 0 0.225575 0.311737 0.243977 0.024650 0.194061
1 1 0.225243 0.296682 0.220959 0.037209 0.219906
1 1 0.138783 0.352391 0.315619 0.039785 0.153423
2 1 0.118656 0.387803 0.395234 0.025421 0.072886
2 1 0.093102 0.355275 0.474963 0.021346 0.055313
2 1 0.095051 0.401913 0.436275 0.014289 0.052472
