1 0 0.010761 0.957081 0.000000 0.000000 0.032158
0 0 0.923776 0.047907 0.021323 0.000005 0.006989
0 0 0.980292 0.008393 0.004910 0.000295 0.006110
0 0 0.995657 0.001900 0.001179 0.000000 0.001264
0 0 0.994310 0.003291 0.000460 0.000002 0.001937
0 0 0.974351 0.017422 0.000358 0.000000 0.007868
0 0 0.991588 0.004308 0.001006 0.000015 0.003082
0 0 0.996619 0.001493 0.000683 0.000014 0.001190
0 0 0.775255 0.010245 0.008483 0.000099 0.205919
0 0 0.850529 0.071382 0.032727 0.004136 0.041226
0 0 0.937728 0.012384 0.004374 0.000058 0.045456
0 0 0.985567 0.000744 0.000630 0.000003 0.013057
0 0 0.968830 0.014639 0.007191 0.000284 0.009056
0 0 0.471405 0.311696 0.164525 0.000479 0.051896
0 0 0.994064 0.002673 0.001180 0.000030 0.002053
0 0 0.962195 0.013271 0.016241 0.002506 0.005787
0 0 0.988793 0.006470 0.002050 0.000006 0.002681
0 0 0.955927 0.023829 0.010792 0.000089 0.009363
0 0 0.980094 0.011888 0.001313 0.000008 0.006698
0 0 0.966040 0.023938 0.005141 0.000001 0.004879
0 0 0.966492 0.016211 0.013082 0.000025 0.004190
0 0 0.504345 0.300155 0.126642 0.000967 0.067892
0 0 0.815570 0.132413 0.030143 0.000015 0.021860
0 0 0.883324 0.052059 0.027527 0.003557 0.033532
0 0 0.997402 0.001243 0.000638 0.000003 0.000714
0 0 0.992253 0.003703 0.002558 0.000009 0.001478
0 0 0.853838 0.088886 0.013170 0.000268 0.043839
0 0 0.898960 0.065191 0.015543 0.000058 0.020248
0 0 0.964528 0.018262 0.007710 0.000144 0.009356
0 0 0.827345 0.102232 0.038152 0.000321 0.031950
0 0 0.488123 0.357471 0.097586 0.000137 0.056683
0 0 0.637734 0.298486 0.033696 0.000002 0.030081
0 0 0.838807 0.078862 0.041334 0.000055 0.040943
0 0 0.811599 0.149874 0.015075 0.000003 0.023448
0 0 0.520429 0.400660 0.033561 0.000004 0.045346
1 0 0.411343 0.497638 0.053925 0.000002 0.037092
1 0 0.306458 0.582987 0.058577 0.000006 0.051972
0 0 0.865331 0.119875 0.007421 0.000000 0.007373
1 0 0.373439 0.476759 0.077546 0.000083 0.072173
1 0 0.193237 0.604063 0.170053 0.000009 0.032638
0 0 0.669340 0.274427 0.015022 0.000003 0.041208
1 0 0.299623 0.578440 0.050626 0.000018 0.071292
0 0 0.517334 0.381599 0.053118 0.000016 0.047932
1 0 0.218830 0.688908 0.046125 0.000002 0.046136
0 0 0.989712 0.003303 0.000031 0.000000 0.006954
0 0 0.942692 0.033648 0.001249 0.000000 0.022412
1 1 0.305515 0.376785 0.279016 0.000236 0.038449
1 1 0.010450 0.653476 0.297784 0.000260 0.038030
1 1 0.242837 0.555303 0.153541 0.000042 0.048277
1 2 0.258142 0.521615 0.161310 0.000130 0.058803
2 2 0.014419 0.154230 0.745565 0.009014 0.076772
1 2 0.018377 0.470158 0.455119 0.012984 0.043362
2 2 0.006096 0.145384 0.837900 0.002197 0.008423
2 2 0.014136 0.430171 0.535123 0.000985 0.019587
2 2 0.000784 0.083764 0.889807 0.008995 0.016651
2 2 0.000139 0.009545 0.974173 0.015081 0.001062
2 2 0.007603 0.105832 0.852951 0.004160 0.029453
2 2 0.000938 0.062130 0.821429 0.110721 0.004782
2 2 0.000176 0.011881 0.853841 0.133128 0.000973
2 2 0.006392 0.154844 0.697535 0.131133 0.010097
2 2 0.000009 0.002393 0.985789 0.011631 0.000178
2 2 0.001020 0.009231 0.975416 0.013847 0.000485
2 2 0.010841 0.031456 0.935184 0.012702 0.009817
2 2 0.000784 0.006354 0.942538 0.049999 0.000326
2 2 0.000070 0.001481 0.991859 0.006351 0.000239
2 2 0.000001 0.000673 0.998140 0.001171 0.000014
2 2 0.000001 0.001453 0.883253 0.115171 0.000122
2 2 0.000062 0.000995 0.995702 0.003158 0.000084
2 2 0.000001 0.000078 0.822155 0.177765 0.000002
2 2 0.000032 0.000624 0.929764 0.069546 0.000034
3 2 0.000002 0.000372 0.341970 0.657602 0.000055
2 2 0.000001 0.000123 0.881628 0.118245 0.000003
2 2 0.000000 0.000087 0.748623 0.251289 0.000002
3 2 0.004622 0.004596 0.443843 0.541302 0.005638
2 2 0.000007 0.000568 0.501364 0.497988 0.000073
2 2 0.000002 0.000354 0.607252 0.392364 0.000027
3 3 0.000000 0.000029 0.054173 0.945798 0.000001
3 3 0.000000 0.000029 0.057335 0.942635 0.000002
3 3 0.000000 0.000030 0.049067 0.950899 0.000003
3 3 0.000001 0.000201 0.237179 0.762606 0.000013
3 3 0.000000 0.000069 0.149566 0.850341 0.000024
3 3 0.000000 0.000021 0.037499 0.962478 0.000002
3 3 0.000000 0.000010 0.007906 0.992080 0.000004
3 3 0.000000 0.000064 0.005971 0.993949 0.000016
3 3 0.000009 0.000118 0.050699 0.949171 0.000003
3 3 0.000009 0.000294 0.063816 0.935270 0.000611
3 3 0.000000 0.000033 0.029556 0.970313 0.000098
3 3 0.000001 0.000028 0.011286 0.988677 0.000009
3 3 0.000002 0.000986 0.285372 0.713311 0.000329
3 3 0.000007 0.003082 0.307738 0.680137 0.009036
3 3 0.000001 0.000277 0.284213 0.715362 0.000147
3 3 0.000011 0.000542 0.128523 0.870584 0.000340
3 3 0.000008 0.000147 0.027193 0.971963 0.000689
3 3 0.000014 0.000635 0.051929 0.942406 0.005016
3 3 0.000000 0.000006 0.002524 0.997468 0.000001
3 3 0.000012 0.000769 0.040067 0.956239 0.002912
3 3 0.000000 0.000023 0.033038 0.966633 0.000306
3 3 0.000001 0.000017 0.005768 0.994206 0.000009
3 3 0.000000 0.000019 0.007518 0.992449 0.000014
3 3 0.000000 0.000007 0.002634 0.997357 0.000003
3 3 0.000034 0.000924 0.233921 0.764846 0.000275
3 3 0.000084 0.004945 0.165697 0.734870 0.094404
3 3 0.000000 0.000008 0.005099 0.994883 0.000009
3 3 0.000004 0.000176 0.027250 0.971967 0.000603
3 3 0.000000 0.000001 0.001471 0.998525 0.000003
3 3 0.000000 0.000008 0.004894 0.995046 0.000051
3 3 0.000001 0.000067 0.036869 0.962880 0.000182
3 3 0.000000 0.000062 0.023035 0.976481 0.000421
3 3 0.000011 0.000930 0.067654 0.912774 0.018631
3 3 0.000002 0.000239 0.027152 0.970796 0.001810
3 3 0.000004 0.000238 0.010211 0.989495 0.000052
3 3 0.000007 0.000222 0.021389 0.977830 0.000552
3 3 0.000113 0.001716 0.101222 0.887179 0.009770
3 3 0.000001 0.000029 0.005251 0.994718 0.000002
3 3 0.000002 0.000101 0.015716 0.983803 0.000378
3 3 0.000004 0.000081 0.012309 0.987547 0.000060
3 3 0.000019 0.000272 0.033447 0.966144 0.000118
3 3 0.000010 0.000217 0.016136 0.983494 0.000143
3 3 0.000004 0.000195 0.038403 0.957534 0.003864
3 3 0.000001 0.000052 0.009451 0.990451 0.000045
3 3 0.000000 0.000016 0.004572 0.995380 0.000033
3 3 0.000000 0.000026 0.014544 0.985425 0.000005
3 3 0.000007 0.000398 0.046218 0.952931 0.000447
3 3 0.000057 0.002091 0.044540 0.951423 0.001889
3 3 0.000000 0.000040 0.015407 0.983703 0.000849
3 3 0.000006 0.000221 0.018373 0.981022 0.000378
3 3 0.000008 0.000151 0.010566 0.989253 0.000023
3 3 0.000026 0.000680 0.022283 0.976860 0.000152
3 3 0.000001 0.000058 0.007494 0.992396 0.000051
3 3 0.000019 0.002035 0.058224 0.939246 0.000476
3 3 0.000005 0.000104 0.024465 0.975338 0.000087
3 3 0.000049 0.002802 0.090319 0.897632 0.009197
3 3 0.000001 0.000265 0.043293 0.956134 0.000308
3 3 0.000001 0.000029 0.004133 0.995833 0.000004
3 3 0.000001 0.000168 0.035365 0.963620 0.000846
3 3 0.000029 0.001036 0.037323 0.960006 0.001606
3 3 0.000021 0.000496 0.023885 0.975105 0.000492
3 3 0.000001 0.000067 0.007219 0.992673 0.000041
3 3 0.000010 0.000306 0.013473 0.986156 0.000055
3 3 0.000024 0.001377 0.051519 0.944666 0.002414
3 3 0.000021 0.000891 0.023790 0.974920 0.000378
3 3 0.000084 0.000640 0.035548 0.963216 0.000511
3 3 0.000001 0.000143 0.017810 0.981381 0.000665
3 3 0.000002 0.000157 0.021455 0.977380 0.001007
3 3 0.000000 0.000023 0.010664 0.989213 0.000100
3 3 0.000000 0.000046 0.015767 0.984128 0.000059
3 3 0.000069 0.002049 0.143392 0.766408 0.088082
3 3 0.000003 0.000090 0.012729 0.987105 0.000073
3 3 0.000023 0.000535 0.026620 0.972138 0.000685
3 3 0.000190 0.003751 0.053165 0.940845 0.002048
3 3 0.000005 0.000341 0.025090 0.973551 0.001013
3 3 0.000006 0.000214 0.012106 0.987586 0.000088
3 3 0.000001 0.000194 0.012572 0.987047 0.000186
3 3 0.000001 0.000139 0.015932 0.983512 0.000416
3 3 0.000012 0.000713 0.073341 0.925176 0.000759
3 3 0.000012 0.000496 0.018125 0.981150 0.000217
3 3 0.000006 0.000279 0.019683 0.979817 0.000215
3 3 0.000002 0.000096 0.006994 0.992884 0.000024
3 3 0.000002 0.000093 0.008319 0.991538 0.000048
3 3 0.000001 0.000055 0.008158 0.991720 0.000066
3 3 0.000000 0.000012 0.004987 0.994952 0.000049
3 3 0.000000 0.000047 0.012381 0.987187 0.000385
3 3 0.000000 0.000020 0.004225 0.995741 0.000014
3 3 0.000000 0.000031 0.006616 0.993302 0.000051
3 3 0.000338 0.003767 0.077999 0.910807 0.007089
3 3 0.000027 0.000583 0.024065 0.974883 0.000442
3 3 0.000000 0.000018 0.004556 0.995403 0.000022
3 3 0.000003 0.000348 0.012041 0.987525 0.000083
3 3 0.000001 0.000230 0.021806 0.977395 0.000568
3 3 0.000005 0.000300 0.021421 0.977671 0.000603
3 3 0.000042 0.003398 0.095075 0.899882 0.001603
3 3 0.000155 0.002850 0.056057 0.940732 0.000206
3 3 0.000059 0.000998 0.033745 0.964242 0.000956
3 3 0.000019 0.000795 0.028828 0.969556 0.000801
3 3 0.000002 0.000248 0.023369 0.975268 0.001113
3 3 0.000005 0.000300 0.023723 0.975118 0.000855
3 3 0.000009 0.000400 0.027647 0.970814 0.001131
3 3 0.000002 0.000061 0.011377 0.988503 0.000058
3 3 0.003880 0.032001 0.198177 0.703679 0.062263
3 3 0.000085 0.001856 0.063742 0.927805 0.006512
3 3 0.000015 0.001463 0.072106 0.922535 0.003881
3 3 0.031416 0.037360 0.284271 0.563033 0.083920
2 2 0.001212 0.095812 0.478687 0.006846 0.417443
2 2 0.000265 0.062436 0.848593 0.006377 0.082329
1 1 0.017286 0.721964 0.235365 0.000101 0.025283
2 2 0.019787 0.134654 0.752362 0.022140 0.071056
2 2 0.000693 0.037887 0.934778 0.021914 0.004727
2 2 0.000743 0.055805 0.894219 0.029924 0.019309
4 2 0.001699 0.134724 0.387373 0.000747 0.475456
4 2 0.004874 0.103167 0.198877 0.001127 0.691954
2 2 0.002279 0.108351 0.846185 0.036765 0.006420
2 2 0.001094 0.125154 0.825729 0.006555 0.041468
4 2 0.018083 0.368117 0.121272 0.000008 0.492520
4 2 0.020182 0.319317 0.182160 0.000055 0.478285
2 2 0.032315 0.318634 0.433747 0.000023 0.215282
2 2 0.002435 0.226558 0.456709 0.000005 0.314294
4 2 0.004239 0.156994 0.099012 0.000412 0.739343
2 2 0.000073 0.111305 0.657397 0.000542 0.230683
2 2 0.000008 0.020240 0.916891 0.016204 0.046657
2 2 0.000290 0.014149 0.861690 0.058182 0.065689
4 2 0.007993 0.083443 0.343914 0.030969 0.533681
2 2 0.003156 0.032839 0.859771 0.011066 0.093167
2 2 0.001694 0.104946 0.801903 0.024623 0.066834
2 2 0.000901 0.041819 0.937275 0.014971 0.005034
2 2 0.000035 0.006098 0.577215 0.415064 0.001588
2 2 0.000437 0.021999 0.868556 0.100303 0.008704
2 2 0.017317 0.068647 0.864095 0.012610 0.037332
2 2 0.001206 0.049305 0.885095 0.062047 0.002346
2 2 0.002443 0.059293 0.582241 0.335095 0.020928
2 2 0.020608 0.224053 0.669480 0.063155 0.022704
2 2 0.000326 0.014835 0.888398 0.079656 0.016785
2 2 0.000211 0.006866 0.975817 0.014557 0.002549
0 0 0.756881 0.207220 0.004332 0.000000 0.031567
1 1 0.348924 0.428400 0.021753 0.000752 0.200171
2 1 0.018775 0.234011 0.711343 0.016454 0.019417
2 2 0.003827 0.203889 0.768916 0.015316 0.008051
2 1 0.005504 0.258070 0.713499 0.011616 0.011311
2 2 0.028985 0.454759 0.455415 0.010342 0.050499
2 2 0.002349 0.098849 0.523412 0.345839 0.029551
2 2 0.001340 0.053693 0.909408 0.031376 0.004183
2 1 0.018801 0.152487 0.805101 0.004840 0.018770
2 1 0.102678 0.402196 0.471470 0.000247 0.023410
2 2 0.000642 0.056370 0.775514 0.165241 0.002233
2 2 0.000464 0.019149 0.836483 0.118391 0.025513
2 2 0.000339 0.026165 0.957291 0.010115 0.006090
2 2 0.000019 0.005826 0.924196 0.068015 0.001945
2 2 0.005500 0.069276 0.684765 0.231134 0.009325
2 2 0.004640 0.162998 0.763519 0.060662 0.008181
2 2 0.000567 0.016091 0.949850 0.029616 0.003876
2 2 0.000274 0.014771 0.937250 0.036266 0.011438
2 2 0.004364 0.057001 0.639052 0.289573 0.010010
2 2 0.000927 0.046695 0.924963 0.025797 0.001618
2 2 0.000454 0.036952 0.494781 0.461562 0.006251
2 2 0.000788 0.047902 0.690196 0.253158 0.007956
2 2 0.010686 0.098442 0.784970 0.031841 0.074061
2 2 0.003358 0.032684 0.950862 0.001943 0.011153
2 2 0.000476 0.072728 0.912249 0.009959 0.004588
2 2 0.000003 0.006153 0.982296 0.011387 0.000162
2 2 0.000044 0.011152 0.985684 0.002503 0.000617
2 2 0.000133 0.018753 0.978210 0.001468 0.001436
2 2 0.000180 0.006812 0.983552 0.005915 0.003541
2 2 0.000200 0.026309 0.943353 0.014597 0.015541
2 2 0.000330 0.007963 0.931626 0.043480 0.016601
2 2 0.001234 0.022726 0.951194 0.012401 0.012445
3 2 0.000001 0.000656 0.466880 0.532339 0.000123
3 2 0.000025 0.001348 0.446387 0.551879 0.000360
2 2 0.000073 0.002009 0.957104 0.040704 0.000109
2 2 0.000139 0.019328 0.958509 0.021312 0.000712
2 2 0.000157 0.006513 0.898505 0.094431 0.000393
2 2 0.007364 0.027167 0.909296 0.031230 0.024942
2 2 0.000248 0.003801 0.777151 0.218181 0.000620
3 2 0.000062 0.001537 0.270986 0.727183 0.000232
2 2 0.000111 0.001454 0.917782 0.080277 0.000375
2 2 0.000014 0.002264 0.870130 0.126515 0.001077
2 2 0.011597 0.037035 0.850179 0.090395 0.010793
2 1 0.086630 0.234209 0.616880 0.035576 0.026705
2 2 0.001694 0.065320 0.906991 0.005428 0.020567
2 2 0.000835 0.068398 0.910862 0.017683 0.002222
2 2 0.000216 0.010948 0.979525 0.008347 0.000963
2 2 0.000007 0.001360 0.860605 0.137983 0.000045
2 2 0.000227 0.012184 0.935032 0.048440 0.004118
2 2 0.000384 0.062633 0.932231 0.003985 0.000768
1 1 0.336541 0.564751 0.036674 0.000006 0.062029
2 2 0.014825 0.395498 0.566294 0.000763 0.022621
2 2 0.000262 0.053498 0.931360 0.009935 0.004945
2 2 0.000524 0.032802 0.939924 0.024149 0.002602
2 2 0.002904 0.122186 0.858919 0.009332 0.006658
2 2 0.000421 0.027939 0.931861 0.033505 0.006274
2 2 0.002602 0.239614 0.734509 0.003407 0.019869
2 2 0.002019 0.039607 0.598580 0.358154 0.001640
2 2 0.000492 0.014952 0.814735 0.157442 0.012379
2 2 0.004278 0.068338 0.684841 0.202783 0.039760
2 2 0.016410 0.290639 0.664573 0.012237 0.016141
1 2 0.078498 0.501589 0.316850 0.000157 0.102906
2 2 0.005338 0.077376 0.832740 0.061794 0.022752
2 2 0.000737 0.025547 0.520492 0.451705 0.001518
2 2 0.000291 0.035081 0.663295 0.300426 0.000907
2 2 0.000457 0.015787 0.803785 0.178084 0.001887
2 2 0.000387 0.028060 0.958532 0.011467 0.001554
2 2 0.000034 0.020289 0.967467 0.011444 0.000766
2 2 0.000723 0.008248 0.984357 0.005768 0.000903
2 2 0.001936 0.077577 0.910852 0.008713 0.000923
2 2 0.008631 0.034896 0.555170 0.399720 0.001583
2 2 0.004343 0.201964 0.673123 0.010283 0.110287
2 2 0.000060 0.010981 0.985070 0.001987 0.001902
2 2 0.000016 0.013273 0.978334 0.007920 0.000458
2 2 0.000085 0.007103 0.932294 0.060213 0.000305
3 2 0.000153 0.006876 0.334003 0.656569 0.002400
2 2 0.000013 0.003769 0.548644 0.446787 0.000786
2 2 0.000032 0.003623 0.588929 0.407065 0.000352
1 2 0.423325 0.537052 0.003189 0.000000 0.036433
1 2 0.342899 0.462601 0.025391 0.000944 0.168165
2 2 0.000197 0.013234 0.847290 0.126923 0.012357
2 2 0.003748 0.118786 0.852797 0.015144 0.009525
2 2 0.000015 0.002905 0.874734 0.122132 0.000214
2 2 0.014783 0.149657 0.809471 0.011439 0.014650
2 2 0.000000 0.000624 0.868315 0.130524 0.000536
2 2 0.000083 0.023634 0.915167 0.048208 0.012908
2 2 0.000002 0.010900 0.978519 0.009194 0.001385
2 2 0.000000 0.000445 0.976283 0.023254 0.000018
3 2 0.000000 0.000482 0.442055 0.557353 0.000109
2 2 0.000002 0.000907 0.921129 0.077918 0.000044
2 2 0.000001 0.001820 0.919644 0.077877 0.000658
2 2 0.000005 0.002671 0.645998 0.350736 0.000590
3 2 0.000001 0.000078 0.240413 0.759495 0.000013
3 2 0.000048 0.000909 0.298182 0.700631 0.000230
2 2 0.000250 0.007957 0.965547 0.025731 0.000516
2 2 0.000026 0.015611 0.931920 0.052206 0.000236
2 2 0.000001 0.000705 0.499767 0.499440 0.000087
2 2 0.000312 0.005664 0.892808 0.100878 0.000339
2 2 0.000002 0.001247 0.756917 0.241601 0.000233
2 2 0.000003 0.000787 0.766754 0.232441 0.000015
2 2 0.000004 0.001022 0.978917 0.019788 0.000270
2 2 0.000001 0.000416 0.988036 0.011517 0.000030
2 2 0.000011 0.002141 0.808493 0.189224 0.000131
2 2 0.000015 0.003801 0.665851 0.329741 0.000592
2 2 0.000042 0.002069 0.700703 0.296868 0.000317
2 2 0.000026 0.001746 0.952329 0.045492 0.000407
3 2 0.000003 0.000822 0.355272 0.643355 0.000548
2 2 0.000005 0.000865 0.955844 0.043256 0.000030
2 2 0.000003 0.001057 0.637089 0.361454 0.000397
3 2 0.000000 0.000146 0.097446 0.902395 0.000013
2 2 0.013891 0.012420 0.947149 0.025529 0.001011
2 2 0.000566 0.010236 0.782760 0.205954 0.000484
2 2 0.000003 0.000919 0.838697 0.160357 0.000023
2 2 0.000026 0.002153 0.865992 0.130982 0.000847
2 2 0.000031 0.013152 0.972280 0.008294 0.006243
2 2 0.000025 0.001960 0.888215 0.109507 0.000293
3 2 0.000000 0.000138 0.484134 0.515721 0.000006
2 2 0.000009 0.006205 0.888644 0.105059 0.000083
3 2 0.000000 0.000425 0.285221 0.714311 0.000042
3 2 0.000023 0.001448 0.274710 0.723784 0.000035
3 3 0.000001 0.001381 0.393795 0.604794 0.000028
2 3 0.000005 0.005038 0.557339 0.437387 0.000231
3 3 0.000000 0.000156 0.318287 0.681544 0.000012
3 3 0.000008 0.000704 0.208490 0.790795 0.000003
3 3 0.000000 0.000146 0.269656 0.730135 0.000062
3 3 0.000002 0.000634 0.365982 0.633369 0.000013
2 3 0.000042 0.003369 0.960238 0.036110 0.000242
2 3 0.021745 0.060219 0.834686 0.075942 0.007408
2 3 0.000008 0.001516 0.860583 0.137427 0.000467
2 3 0.000137 0.009538 0.763157 0.225492 0.001676
2 3 0.000001 0.000731 0.890743 0.108332 0.000192
3 2 0.000061 0.002415 0.375369 0.622085 0.000071
2 2 0.000001 0.000563 0.700004 0.299268 0.000164
2 2 0.000004 0.001835 0.877378 0.120407 0.000375
3 2 0.000000 0.000062 0.373214 0.626716 0.000008
2 2 0.000006 0.000739 0.826216 0.172951 0.000087
2 3 0.000030 0.001176 0.995928 0.002346 0.000521
2 3 0.000004 0.000938 0.991684 0.007256 0.000117
2 3 0.000098 0.003180 0.822505 0.173589 0.000628
2 3 0.000071 0.001900 0.795823 0.202081 0.000126
2 3 0.000004 0.001777 0.723565 0.274590 0.000064
2 3 0.000001 0.001200 0.800124 0.198608 0.000067
2 3 0.000092 0.008301 0.803474 0.187236 0.000897
2 3 0.000031 0.003071 0.817050 0.179339 0.000509
2 3 0.000002 0.000363 0.648090 0.351476 0.000069
3 3 0.000003 0.000654 0.098967 0.900283 0.000092
2 3 0.000003 0.001419 0.842729 0.155230 0.000619
2 3 0.000004 0.001852 0.888138 0.109998 0.000009
3 3 0.000005 0.001666 0.404730 0.593466 0.000133
2 3 0.000013 0.002309 0.885740 0.111894 0.000044
0 3 0.920940 0.033324 0.040306 0.000628 0.004801
0 1 0.585895 0.253941 0.026886 0.001350 0.131929
2 2 0.002731 0.041145 0.829060 0.073511 0.053553
2 2 0.000015 0.010756 0.977056 0.011627 0.000546
2 2 0.001713 0.028797 0.949243 0.000948 0.019299
2 2 0.000135 0.025766 0.912341 0.044370 0.017387
2 2 0.000008 0.004321 0.881563 0.112244 0.001863
2 2 0.000085 0.022366 0.953333 0.015377 0.008838
2 2 0.011914 0.350030 0.568826 0.005369 0.063861
2 2 0.000081 0.020927 0.933623 0.033651 0.011718
2 2 0.000050 0.007389 0.919417 0.056298 0.016847
2 2 0.000121 0.022042 0.706559 0.252241 0.019038
4 4 0.002982 0.124523 0.170697 0.000339 0.701460
4 4 0.001813 0.071810 0.047826 0.000001 0.878550
4 4 0.082335 0.305037 0.155374 0.000011 0.457244
4 4 0.132870 0.227982 0.163210 0.000183 0.475755
4 4 0.003048 0.069887 0.053396 0.000007 0.873661
4 4 0.052803 0.087146 0.047286 0.000018 0.812747
4 4 0.018584 0.012408 0.006202 0.000003 0.962803
4 4 0.004397 0.029831 0.009528 0.000016 0.956229
4 4 0.008029 0.102109 0.172575 0.000056 0.717232
4 4 0.007635 0.056239 0.086841 0.000026 0.849259
4 4 0.010978 0.014382 0.015485 0.000743 0.958413
4 4 0.013400 0.051401 0.076630 0.001121 0.857448
4 4 0.038639 0.040059 0.011802 0.000226 0.909273
0 4 0.900993 0.054182 0.010296 0.000401 0.034128
4 4 0.118815 0.067798 0.022755 0.000070 0.790563
4 4 0.019481 0.028194 0.034117 0.000008 0.918199
4 4 0.050797 0.079868 0.025102 0.000005 0.844227
4 4 0.003010 0.007189 0.004007 0.000002 0.985792
4 4 0.013501 0.002635 0.000521 0.000000 0.983343
4 4 0.012590 0.003810 0.002513 0.000015 0.981072
4 4 0.015995 0.053206 0.021022 0.000138 0.909638
4 4 0.066449 0.251794 0.106866 0.000014 0.574876
4 0 0.151243 0.162214 0.024989 0.000008 0.661546
0 0 0.933837 0.059200 0.000052 0.000000 0.006911
1 0 0.204218 0.534455 0.220666 0.000056 0.040605
1 0 0.303722 0.498519 0.150731 0.000050 0.046978
1 0 0.392518 0.412049 0.079202 0.000018 0.116213
1 0 0.198416 0.515527 0.253790 0.000034 0.032233
4 1 0.009438 0.316904 0.274769 0.000293 0.398595
2 1 0.019632 0.357057 0.401736 0.000069 0.221505
0 1 0.409308 0.399592 0.097943 0.000061 0.093097
1 1 0.265516 0.431483 0.130496 0.000003 0.172502
1 1 0.052949 0.366631 0.231144 0.004111 0.345165
4 1 0.106397 0.278225 0.160464 0.000023 0.454891
2 1 0.013644 0.315813 0.592775 0.000487 0.077281
1 1 0.042730 0.457071 0.346800 0.000718 0.152680
0 0 0.767349 0.157905 0.001209 0.000002 0.073535
1 0 0.258499 0.619591 0.075741 0.000005 0.046163
1 0 0.202213 0.728952 0.042505 0.000000 0.026330
1 1 0.138531 0.787870 0.031845 0.000000 0.041754
4 1 0.170725 0.106146 0.047749 0.000005 0.675376
1 1 0.113727 0.389024 0.296106 0.000002 0.201142
4 2 0.015454 0.165214 0.061303 0.000030 0.758000
4 2 0.008718 0.384522 0.159938 0.000017 0.446806
4 2 0.027540 0.358693 0.193467 0.000017 0.420284
1 2 0.011319 0.465950 0.264530 0.000347 0.257854
4 2 0.019690 0.378567 0.173899 0.000924 0.426920
4 2 0.007524 0.209743 0.334686 0.000346 0.447701
4 2 0.006688 0.189044 0.392385 0.002582 0.409302
4 2 0.003713 0.080999 0.215280 0.002268 0.697739
2 2 0.000779 0.117204 0.665992 0.001176 0.214849
2 2 0.000389 0.043669 0.793588 0.003355 0.159000
2 2 0.000152 0.030178 0.909161 0.020379 0.040129
2 2 0.001879 0.111370 0.673485 0.010057 0.203209
2 2 0.000110 0.013586 0.954332 0.013170 0.018803
2 2 0.002714 0.168091 0.671680 0.005044 0.152470
2 2 0.000006 0.005705 0.969330 0.022388 0.002572
2 2 0.000013 0.009112 0.971041 0.006882 0.012952
2 2 0.000021 0.007673 0.930346 0.016371 0.045588
2 2 0.000024 0.010997 0.981668 0.003524 0.003786
2 2 0.000651 0.073549 0.858580 0.005327 0.061893
2 2 0.000095 0.023249 0.959007 0.001788 0.015861
2 2 0.000024 0.020520 0.971105 0.001452 0.006899
2 2 0.001727 0.020343 0.957810 0.003527 0.016593
2 2 0.000003 0.000999 0.798074 0.200748 0.000175
2 2 0.000013 0.005799 0.971901 0.019782 0.002506
2 2 0.000081 0.003559 0.978315 0.014907 0.003138
2 2 0.000002 0.001540 0.964620 0.033646 0.000191
2 2 0.000003 0.007717 0.908176 0.080187 0.003915
2 2 0.000170 0.005325 0.981178 0.011629 0.001699
2 2 0.000010 0.000457 0.999070 0.000406 0.000057
2 2 0.000000 0.000186 0.967143 0.032598 0.000073
2 2 0.000007 0.002459 0.977575 0.018731 0.001229
2 2 0.000004 0.001500 0.994992 0.002802 0.000702
2 2 0.000003 0.004760 0.873993 0.120129 0.001115
2 2 0.000001 0.001031 0.968891 0.030004 0.000073
2 2 0.000006 0.001487 0.950346 0.047097 0.001064
2 2 0.000096 0.016609 0.798838 0.169957 0.014500
2 2 0.000000 0.000226 0.936744 0.062528 0.000502
2 2 0.000000 0.000212 0.792594 0.207161 0.000033
2 2 0.000001 0.001373 0.995723 0.002754 0.000148
2 2 0.000004 0.001409 0.985150 0.013411 0.000026
2 2 0.000000 0.000527 0.786811 0.211963 0.000698
2 2 0.000001 0.000227 0.924427 0.075303 0.000043
2 2 0.000002 0.000374 0.876631 0.122623 0.000370
2 2 0.000044 0.004297 0.788912 0.202822 0.003925
2 2 0.000001 0.000426 0.951861 0.047609 0.000104
2 2 0.000056 0.001307 0.910067 0.088381 0.000189
2 2 0.000015 0.000706 0.948605 0.049522 0.001152
2 3 0.000023 0.004785 0.636931 0.356345 0.001916
2 3 0.000003 0.000341 0.688118 0.311508 0.000029
3 3 0.000001 0.000053 0.247348 0.752582 0.000016
3 3 0.000056 0.002591 0.415155 0.574986 0.007212
3 3 0.000000 0.000258 0.205247 0.794445 0.000049
3 3 0.000000 0.000052 0.200892 0.799054 0.000003
3 3 0.000000 0.000088 0.131363 0.868546 0.000003
3 3 0.000000 0.000060 0.081896 0.918037 0.000007
2 3 0.000000 0.000114 0.565216 0.434653 0.000017
3 3 0.000000 0.000033 0.046063 0.953872 0.000032
3 3 0.000002 0.000522 0.216684 0.781793 0.000999
3 3 0.000022 0.001303 0.264599 0.728834 0.005242
3 3 0.000000 0.000014 0.005664 0.994312 0.000010
3 3 0.000000 0.000075 0.140530 0.859372 0.000023
3 3 0.000000 0.000030 0.045336 0.954632 0.000003
3 3 0.000065 0.001543 0.159153 0.838107 0.001132
3 3 0.000015 0.000321 0.031382 0.968266 0.000016
2 3 0.000002 0.001280 0.521242 0.475086 0.002390
3 3 0.000036 0.000652 0.044484 0.953538 0.001291
3 3 0.000004 0.000296 0.071944 0.927394 0.000361
3 3 0.000373 0.000817 0.047992 0.950449 0.000369
2 3 0.000016 0.000557 0.506005 0.492794 0.000629
3 3 0.000009 0.000521 0.424109 0.575332 0.000028
3 3 0.000001 0.000116 0.081353 0.918408 0.000123
3 3 0.000001 0.000061 0.025229 0.974705 0.000004
3 3 0.000000 0.000006 0.008566 0.991426 0.000002
3 3 0.000000 0.000016 0.001977 0.998006 0.000001
3 3 0.000000 0.000048 0.009201 0.990741 0.000010
3 3 0.000000 0.000024 0.011758 0.988215 0.000004
2 3 0.000005 0.007901 0.837537 0.147631 0.006926
2 3 0.000138 0.004264 0.776523 0.218217 0.000858
2 3 0.000001 0.001304 0.622306 0.376185 0.000204
2 3 0.000013 0.017051 0.930858 0.045000 0.007077
2 2 0.000019 0.004979 0.669697 0.321894 0.003410
2 2 0.001035 0.049882 0.846689 0.018555 0.083839
2 2 0.000001 0.003052 0.979166 0.015110 0.002672
2 2 0.000063 0.009740 0.943955 0.035285 0.010956
2 2 0.000134 0.038998 0.853255 0.001507 0.106107
2 2 0.000073 0.011523 0.974486 0.010968 0.002949
2 2 0.000007 0.001737 0.993510 0.003015 0.001731
2 2 0.000026 0.003105 0.958112 0.037901 0.000856
2 2 0.000002 0.001149 0.969454 0.029111 0.000284
2 2 0.000033 0.003112 0.957869 0.036910 0.002075
2 2 0.000003 0.002652 0.995449 0.001203 0.000693
2 2 0.000008 0.002489 0.993096 0.004261 0.000146
2 2 0.000109 0.023113 0.884535 0.046244 0.045999
2 2 0.000001 0.001201 0.915881 0.082652 0.000264
2 2 0.000808 0.045960 0.686166 0.089557 0.177508
2 2 0.000037 0.018706 0.946707 0.004036 0.030514
4 2 0.001696 0.051770 0.314553 0.000214 0.631767
4 2 0.069742 0.362875 0.069262 0.000269 0.497852
1 1 0.022074 0.682210 0.046038 0.000004 0.249674
4 1 0.004396 0.273715 0.340263 0.000127 0.381500
2 2 0.002529 0.178589 0.611293 0.000285 0.207304
4 2 0.002935 0.193802 0.218245 0.000215 0.584803
4 4 0.005273 0.088867 0.078069 0.000160 0.827631
4 4 0.010134 0.199203 0.073280 0.000031 0.717352
4 4 0.030525 0.008932 0.006351 0.000042 0.954151
4 4 0.037679 0.003085 0.008535 0.000142 0.950559
4 4 0.071219 0.053776 0.036861 0.000602 0.837543
4 4 0.052193 0.027764 0.010951 0.000064 0.909028
4 4 0.003326 0.023555 0.018098 0.001640 0.953380
4 4 0.027555 0.081591 0.059543 0.008931 0.822380
4 4 0.004131 0.001953 0.001957 0.000014 0.991945
4 4 0.022254 0.002880 0.001088 0.000002 0.973776
4 4 0.015230 0.005183 0.001848 0.000007 0.977733
4 4 0.006693 0.010448 0.002754 0.000011 0.980095
4 4 0.050680 0.117323 0.036282 0.000001 0.795714
4 4 0.012619 0.122082 0.028020 0.000003 0.837276
4 4 0.009505 0.004694 0.001071 0.000000 0.984729
4 4 0.009264 0.043762 0.024910 0.002074 0.919990
4 4 0.034425 0.057114 0.019723 0.000011 0.888728
4 4 0.036708 0.022593 0.015761 0.000374 0.924564
4 4 0.003824 0.028942 0.006551 0.000162 0.960521
4 4 0.000966 0.008925 0.008117 0.000512 0.981479
4 4 0.005798 0.072230 0.029655 0.000716 0.891600
4 4 0.070465 0.041286 0.056363 0.000421 0.831465
4 4 0.010869 0.110683 0.145119 0.007777 0.725552
4 4 0.006115 0.125910 0.088992 0.000963 0.778020
4 4 0.036185 0.099740 0.014981 0.000105 0.848988
4 4 0.011762 0.011611 0.003760 0.000033 0.972833
4 4 0.002292 0.090114 0.033235 0.000026 0.874333
4 4 0.035983 0.028508 0.008702 0.000122 0.926684
4 4 0.043347 0.008066 0.003488 0.000017 0.945081
4 4 0.004031 0.002594 0.002526 0.000025 0.990825
4 4 0.013647 0.031810 0.014305 0.000532 0.939706
4 4 0.012887 0.005561 0.010275 0.000309 0.970967
4 4 0.005604 0.006132 0.007007 0.000185 0.981071
4 4 0.000694 0.007196 0.001956 0.000026 0.990128
4 4 0.025508 0.041308 0.042699 0.000421 0.890064
4 4 0.001840 0.026584 0.005142 0.000130 0.966303
4 4 0.001075 0.005965 0.001866 0.000020 0.991074
4 4 0.007362 0.002592 0.002805 0.000024 0.987218
4 4 0.281135 0.001785 0.006152 0.000039 0.710889
4 4 0.047538 0.015175 0.004863 0.000032 0.932391
0 4 0.643771 0.270926 0.020812 0.000032 0.064458
4 4 0.359562 0.109406 0.078145 0.008262 0.444625
4 4 0.005809 0.031112 0.010263 0.000364 0.952452
4 4 0.001167 0.001522 0.000615 0.000002 0.996694
4 4 0.030821 0.032023 0.021886 0.000237 0.915034
0 4 0.508230 0.059689 0.114367 0.012820 0.304894
4 4 0.014807 0.050809 0.091584 0.000487 0.842313
4 4 0.004573 0.062529 0.015022 0.000050 0.917827
4 4 0.001007 0.014716 0.006527 0.000297 0.977453
4 4 0.001769 0.029802 0.018354 0.000438 0.949638
4 4 0.005192 0.003017 0.003139 0.000010 0.988642
4 4 0.008527 0.016844 0.014110 0.000661 0.959857
4 4 0.104131 0.006567 0.005053 0.000029 0.884221
4 1 0.015046 0.016359 0.001364 0.000003 0.967228
4 2 0.010744 0.099367 0.056467 0.000007 0.833415
4 1 0.070194 0.111352 0.085599 0.000037 0.732818
4 2 0.356401 0.122645 0.099538 0.000041 0.421375
4 2 0.067510 0.252624 0.205784 0.000008 0.474075
2 2 0.007192 0.148545 0.459261 0.010780 0.374223
4 2 0.001187 0.119121 0.327098 0.001187 0.551408
4 2 0.002326 0.129497 0.210568 0.000218 0.657391
4 2 0.002477 0.248976 0.185992 0.000221 0.562335
4 4 0.027322 0.224346 0.184258 0.006841 0.557233
4 4 0.005533 0.239653 0.070842 0.000365 0.683608
4 4 0.001549 0.011507 0.014915 0.000436 0.971592
4 4 0.004305 0.009414 0.003416 0.000041 0.982823
4 4 0.005807 0.066647 0.022179 0.000013 0.905353
0 4 0.910536 0.026420 0.005896 0.000004 0.057145
4 4 0.006137 0.051313 0.021303 0.000361 0.920886
4 4 0.003073 0.006199 0.003293 0.000004 0.987431
4 4 0.002414 0.087564 0.158021 0.000025 0.751976
4 4 0.001240 0.109110 0.078887 0.000026 0.810736
4 4 0.002498 0.002455 0.001183 0.000006 0.993859
4 4 0.011107 0.003442 0.003101 0.000025 0.982324
4 4 0.003309 0.049834 0.035007 0.000027 0.911824
4 4 0.016152 0.111172 0.036160 0.000007 0.836510
4 4 0.005255 0.106394 0.266979 0.001111 0.620261
4 4 0.010080 0.167772 0.087265 0.001586 0.733296
1 4 0.042737 0.454043 0.095804 0.000088 0.407327
4 4 0.013405 0.208959 0.221058 0.000132 0.556445
4 4 0.002607 0.040039 0.030721 0.000676 0.925957
4 4 0.008219 0.277085 0.089748 0.000624 0.624325
4 4 0.003782 0.011011 0.003422 0.000004 0.981780
4 4 0.005668 0.003666 0.009373 0.000369 0.980925
4 4 0.009348 0.014854 0.004133 0.000006 0.971659
4 4 0.310509 0.006426 0.000924 0.000001 0.682140
4 4 0.099466 0.053303 0.108836 0.000131 0.738264
4 4 0.008444 0.214223 0.089307 0.000772 0.687254
4 4 0.004041 0.112910 0.116536 0.000356 0.766157
4 4 0.006023 0.163419 0.161406 0.000092 0.669060
4 2 0.002845 0.201851 0.303605 0.000957 0.490741
4 2 0.000728 0.207652 0.135849 0.000203 0.655569
4 2 0.008070 0.227901 0.076519 0.000491 0.687019
4 2 0.005646 0.092906 0.042455 0.001018 0.857975
4 4 0.013323 0.032465 0.024751 0.001803 0.927658
4 4 0.006325 0.047119 0.020500 0.000427 0.925629
4 4 0.021589 0.035516 0.050969 0.000929 0.890997
4 4 0.032874 0.056003 0.025551 0.000711 0.884862
4 4 0.004696 0.053211 0.031378 0.000364 0.910351
4 4 0.005288 0.106910 0.064045 0.000020 0.823738
4 4 0.003641 0.088762 0.050731 0.000012 0.856853
4 4 0.002030 0.219819 0.082227 0.000046 0.695879
4 4 0.001292 0.088070 0.217819 0.000163 0.692656
4 4 0.003756 0.250615 0.191522 0.000043 0.554063
2 2 0.001213 0.137329 0.749897 0.015468 0.096093
2 2 0.000398 0.051634 0.607581 0.010931 0.329456
4 2 0.001646 0.107617 0.091869 0.000129 0.798740
4 2 0.002163 0.183944 0.228336 0.000163 0.585394
4 2 0.006765 0.117404 0.272472 0.037557 0.565802
4 4 0.022409 0.035038 0.080914 0.013025 0.848614
4 4 0.003999 0.008098 0.008031 0.000280 0.979593
4 4 0.022302 0.040249 0.029282 0.002091 0.906075
4 4 0.143083 0.004121 0.015061 0.000299 0.837436
4 4 0.039910 0.012320 0.029472 0.001867 0.916431
4 4 0.034905 0.003184 0.002449 0.000009 0.959452
4 4 0.003732 0.002359 0.001909 0.000014 0.991986
4 4 0.139772 0.010478 0.005707 0.000032 0.844011
4 4 0.224829 0.081714 0.038459 0.001685 0.653314
4 4 0.003401 0.000764 0.003948 0.000080 0.991808
4 4 0.023939 0.182162 0.055613 0.000041 0.738245
4 4 0.015724 0.209554 0.120116 0.000076 0.654530
4 4 0.012005 0.285537 0.291854 0.000146 0.410459
4 4 0.001465 0.130088 0.278865 0.000115 0.589467
4 2 0.002155 0.195054 0.331596 0.000230 0.470965
4 2 0.001065 0.002926 0.002254 0.000020 0.993735
4 4 0.006570 0.007159 0.001824 0.000009 0.984439
4 4 0.004322 0.004465 0.003468 0.000045 0.987700
4 4 0.013473 0.003067 0.004208 0.000045 0.979207
4 4 0.000750 0.065780 0.056113 0.000005 0.877351
4 4 0.001367 0.244174 0.096144 0.000012 0.658303
4 4 0.006284 0.012742 0.003406 0.000010 0.977558
4 4 0.006202 0.003007 0.001021 0.000003 0.989767
1 4 0.014751 0.859160 0.005325 0.000003 0.120761
4 4 0.007855 0.149329 0.406605 0.001275 0.434936
4 2 0.288241 0.269076 0.024349 0.000000 0.418334
1 2 0.055407 0.743765 0.009299 0.000000 0.191528
4 2 0.001907 0.159864 0.214360 0.000194 0.623675
2 2 0.000559 0.083047 0.476140 0.000089 0.440166
4 2 0.000487 0.149606 0.297524 0.000303 0.552081
4 2 0.000382 0.107459 0.175649 0.000017 0.716493
4 2 0.001758 0.088989 0.343430 0.011081 0.554742
2 2 0.001670 0.110641 0.467400 0.001530 0.418759
4 2 0.000449 0.124516 0.322886 0.000428 0.551722
4 2 0.001831 0.151664 0.129631 0.000113 0.716762
2 2 0.000420 0.034533 0.815447 0.042284 0.107316
4 2 0.000205 0.185200 0.281939 0.000086 0.532570
4 2 0.001590 0.081489 0.333025 0.000973 0.582924
4 2 0.005448 0.107903 0.322890 0.000062 0.563696
2 2 0.000362 0.118973 0.777186 0.001523 0.101956
2 2 0.000220 0.204894 0.424977 0.000192 0.369717
4 2 0.004505 0.190676 0.259267 0.001396 0.544156
4 2 0.000642 0.078291 0.154928 0.000362 0.765776
2 2 0.001375 0.293203 0.462947 0.003041 0.239434
2 2 0.001637 0.256691 0.466344 0.001661 0.273667
2 2 0.000132 0.050593 0.787672 0.008107 0.153495
4 2 0.006049 0.150187 0.327434 0.001782 0.514549
2 2 0.001087 0.018569 0.887657 0.036677 0.056010
2 2 0.000238 0.054329 0.816911 0.001275 0.127246
2 2 0.000503 0.027760 0.861688 0.003487 0.106562
2 2 0.001226 0.023871 0.919241 0.038624 0.017038
2 2 0.011450 0.236032 0.458270 0.001369 0.292880
2 2 0.009522 0.073068 0.675169 0.003369 0.238873
2 2 0.000040 0.003287 0.988137 0.005372 0.003164
2 2 0.000198 0.001575 0.944002 0.053815 0.000410
2 2 0.001041 0.016613 0.937328 0.002937 0.042081
2 2 0.000776 0.005680 0.967993 0.002807 0.022743
2 2 0.000749 0.010463 0.943160 0.009348 0.036280
2 2 0.000177 0.001823 0.993580 0.002653 0.001768
2 2 0.000309 0.012134 0.932654 0.037724 0.017180
2 2 0.000229 0.016573 0.959175 0.000960 0.023063
2 2 0.000018 0.000672 0.993709 0.004854 0.000748
2 2 0.000011 0.001058 0.990145 0.008156 0.000631
2 2 0.000023 0.004122 0.988661 0.005862 0.001331
2 2 0.000003 0.001475 0.948987 0.048429 0.001106
2 2 0.000001 0.000857 0.949663 0.048870 0.000609
2 2 0.000000 0.000213 0.964635 0.035136 0.000017
2 2 0.000277 0.035493 0.891493 0.011717 0.061020
2 2 0.000175 0.011598 0.956079 0.025913 0.006235
3 2 0.000206 0.001677 0.465016 0.531111 0.001990
3 2 0.000045 0.001276 0.356670 0.641355 0.000655
2 2 0.000062 0.045599 0.848661 0.087682 0.017995
2 2 0.000083 0.044047 0.872718 0.048972 0.034180
3 2 0.000001 0.000486 0.175504 0.822507 0.001502
3 3 0.000026 0.000963 0.151709 0.843517 0.003785
2 3 0.000058 0.004091 0.862770 0.130788 0.002293
3 3 0.000059 0.001413 0.265565 0.732587 0.000376
3 3 0.000046 0.001776 0.194985 0.801245 0.001949
3 3 0.000008 0.000332 0.032000 0.967352 0.000309
3 3 0.000063 0.005608 0.250189 0.735200 0.008941
3 3 0.000038 0.001006 0.113313 0.884271 0.001372
3 3 0.000003 0.000276 0.070286 0.929282 0.000154
3 3 0.000025 0.002706 0.375717 0.618835 0.002717
3 3 0.000001 0.000213 0.065535 0.934078 0.000173
3 3 0.000017 0.001007 0.096952 0.901107 0.000918
3 3 0.000001 0.000407 0.186069 0.812932 0.000592
3 3 0.000074 0.000503 0.082098 0.916217 0.001108
3 3 0.000003 0.000252 0.176734 0.822630 0.000380
3 3 0.000000 0.000158 0.075289 0.924427 0.000125
3 3 0.000000 0.000011 0.027449 0.972532 0.000007
3 3 0.000002 0.000218 0.019665 0.980111 0.000005
3 3 0.000002 0.000154 0.032439 0.966621 0.000784
3 3 0.000006 0.000771 0.046814 0.951777 0.000633
3 3 0.000009 0.001148 0.108187 0.888301 0.002354
3 3 0.000025 0.003937 0.180961 0.804456 0.010620
3 3 0.000002 0.000250 0.100790 0.898370 0.000588
3 3 0.000003 0.000205 0.049513 0.945792 0.004487
3 3 0.000007 0.000229 0.024072 0.975438 0.000253
3 3 0.000000 0.000080 0.006332 0.993558 0.000029
3 3 0.000006 0.000207 0.018103 0.981306 0.000378
3 3 0.000003 0.000127 0.011808 0.987995 0.000067
3 3 0.000003 0.000095 0.024839 0.974970 0.000093
3 3 0.000085 0.000504 0.038494 0.960366 0.000551
3 3 0.000000 0.000029 0.008801 0.991143 0.000026
3 3 0.000005 0.000149 0.028014 0.971746 0.000086
3 3 0.000005 0.000952 0.045966 0.947775 0.005302
3 3 0.000000 0.000054 0.005712 0.994219 0.000015
3 3 0.000000 0.000038 0.008011 0.991866 0.000084
3 3 0.000000 0.000019 0.010541 0.989438 0.000001
3 3 0.000000 0.000020 0.019927 0.980016 0.000037
3 3 0.000000 0.000059 0.031059 0.968844 0.000038
3 3 0.000005 0.000448 0.020450 0.978667 0.000430
3 3 0.000009 0.000304 0.027440 0.971017 0.001231
3 3 0.000002 0.000282 0.025733 0.973616 0.000367
3 3 0.000000 0.000052 0.017530 0.982270 0.000148
3 3 0.000127 0.002569 0.048482 0.947224 0.001598
3 3 0.000284 0.000912 0.084132 0.912519 0.002153
3 3 0.000007 0.000413 0.029551 0.968545 0.001483
3 3 0.000002 0.000092 0.009778 0.990046 0.000082
3 3 0.000011 0.000487 0.032124 0.965697 0.001681
3 3 0.000011 0.000491 0.021312 0.977794 0.000391
3 3 0.000027 0.000939 0.069873 0.925471 0.003690
3 3 0.000003 0.000284 0.016434 0.983106 0.000173
3 3 0.000004 0.001525 0.043101 0.951507 0.003863
3 3 0.000005 0.000114 0.017814 0.981808 0.000259
3 3 0.000008 0.000384 0.036713 0.962314 0.000581
3 3 0.000674 0.009136 0.158864 0.765462 0.065864
3 3 0.000001 0.000240 0.033111 0.965751 0.000896
3 3 0.000021 0.000587 0.039091 0.957671 0.002631
3 3 0.000004 0.000282 0.028783 0.969118 0.001813
3 3 0.000004 0.000168 0.014197 0.985434 0.000197
3 3 0.000002 0.000524 0.076956 0.922081 0.000438
3 3 0.000025 0.000406 0.059361 0.938963 0.001245
3 3 0.000002 0.000322 0.047339 0.951693 0.000644
3 3 0.000030 0.000823 0.052508 0.943412 0.003227
3 3 0.000000 0.000038 0.014841 0.984891 0.000230
3 3 0.000132 0.003638 0.204943 0.776759 0.014528
1 1 0.212313 0.587092 0.148590 0.000129 0.051875
2 2 0.012702 0.403696 0.561697 0.000255 0.021650
2 2 0.007157 0.119516 0.853300 0.011447 0.008580
2 2 0.012033 0.060010 0.855229 0.061437 0.011291
0 2 0.817236 0.125900 0.041445 0.000000 0.015419
1 1 0.042674 0.837728 0.094993 0.000001 0.024604
1 2 0.002057 0.540502 0.325003 0.000013 0.132425
1 2 0.007023 0.500066 0.410491 0.000229 0.082191
2 2 0.000348 0.022907 0.782580 0.074006 0.120158
2 2 0.000260 0.022591 0.782471 0.027775 0.166902
4 2 0.000872 0.153427 0.184037 0.000016 0.661648
4 2 0.000583 0.173899 0.383748 0.000050 0.441720
4 2 0.001924 0.110797 0.343400 0.002367 0.541511
4 2 0.025328 0.139496 0.218914 0.002090 0.614172
4 1 0.016208 0.131021 0.030936 0.000005 0.821830
4 2 0.005832 0.169036 0.095793 0.000015 0.729324
4 2 0.002733 0.121296 0.207165 0.001254 0.667552
4 2 0.000969 0.167445 0.214665 0.000065 0.616856
4 2 0.000464 0.083733 0.154253 0.000023 0.761527
4 2 0.000641 0.133773 0.226890 0.000049 0.638645
4 4 0.004924 0.070384 0.033072 0.000120 0.891500
4 4 0.012754 0.091572 0.098875 0.000267 0.796530
4 4 0.013750 0.189054 0.230910 0.000247 0.566040
4 4 0.003286 0.214354 0.213191 0.000077 0.569093
4 4 0.002270 0.073712 0.139389 0.000600 0.784029
4 4 0.000449 0.012639 0.006928 0.000052 0.979933
4 4 0.006586 0.001298 0.000666 0.000001 0.991449
4 4 0.020886 0.004461 0.001382 0.000003 0.973267
4 4 0.032030 0.044531 0.019165 0.000126 0.904148
4 4 0.004165 0.139986 0.163378 0.000043 0.692429
4 4 0.004165 0.188900 0.125235 0.000671 0.681030
4 4 0.002432 0.037758 0.044367 0.000171 0.915272
4 4 0.135334 0.403567 0.043228 0.000007 0.417863
2 1 0.038414 0.364291 0.499397 0.000021 0.097877
4 1 0.004959 0.231358 0.192639 0.000004 0.571039
4 2 0.000929 0.113408 0.356511 0.000170 0.528982
2 2 0.001388 0.077897 0.485581 0.000166 0.434968
4 2 0.000382 0.111843 0.337667 0.000014 0.550094
2 2 0.001359 0.162496 0.478499 0.000024 0.357623
4 2 0.003538 0.119189 0.254905 0.000659 0.621708
2 2 0.004361 0.087418 0.603562 0.000008 0.304651
4 2 0.006061 0.214558 0.289099 0.000006 0.490276
2 2 0.001161 0.066121 0.742432 0.005659 0.184627
2 2 0.000418 0.067303 0.502545 0.000080 0.429653
4 2 0.004583 0.074506 0.430342 0.000010 0.490559
4 4 0.003543 0.015535 0.114758 0.003238 0.862926
4 4 0.001809 0.010654 0.006541 0.000031 0.980965
4 4 0.003972 0.096311 0.055932 0.000015 0.843770
2 4 0.003500 0.090137 0.611988 0.000005 0.294369
4 4 0.001072 0.048856 0.207926 0.000013 0.742133
2 4 0.000348 0.102873 0.448424 0.000112 0.448244
4 2 0.001820 0.102002 0.286045 0.001466 0.608667
