0 0 0.991874 0.002097 0.002624 0.002247 0.001159
0 0 0.995408 0.002203 0.001960 0.000050 0.000379
0 0 0.999474 0.000263 0.000071 0.000000 0.000193
0 0 0.999728 0.000131 0.000053 0.000000 0.000089
0 0 0.999813 0.000091 0.000005 0.000000 0.000091
0 0 0.998222 0.000809 0.000432 0.000025 0.000513
0 0 0.999289 0.000257 0.000247 0.000061 0.000146
0 0 0.995189 0.002427 0.000597 0.000004 0.001783
0 0 0.989447 0.003553 0.002714 0.000773 0.003513
0 0 0.997922 0.000984 0.000433 0.000014 0.000648
0 0 0.998279 0.000658 0.000577 0.000099 0.000388
0 0 0.999561 0.000179 0.000140 0.000014 0.000106
0 0 0.997732 0.000605 0.000990 0.000339 0.000334
0 0 0.998652 0.000582 0.000381 0.000013 0.000372
0 0 0.991819 0.002081 0.005150 0.000391 0.000560
0 0 0.998149 0.000933 0.000558 0.000013 0.000347
0 0 0.998853 0.000544 0.000237 0.000005 0.000360
0 0 0.999681 0.000150 0.000069 0.000001 0.000099
0 0 0.999902 0.000039 0.000035 0.000002 0.000023
0 0 0.999238 0.000228 0.000352 0.000052 0.000129
0 0 0.999528 0.000184 0.000158 0.000021 0.000108
0 0 0.997507 0.000408 0.000872 0.001001 0.000211
0 0 0.996769 0.001155 0.001004 0.000409 0.000663
0 0 0.997283 0.001362 0.000612 0.000015 0.000728
0 0 0.992508 0.004090 0.001528 0.000022 0.001854
0 0 0.998640 0.000521 0.000437 0.000099 0.000303
0 0 0.999671 0.000144 0.000092 0.000004 0.000089
0 0 0.999871 0.000053 0.000042 0.000002 0.000031
0 0 0.999343 0.000301 0.000158 0.000005 0.000193
0 0 0.999262 0.000324 0.000202 0.000012 0.000200
0 0 0.999177 0.000362 0.000223 0.000014 0.000224
0 0 0.999252 0.000318 0.000218 0.000018 0.000193
0 0 0.999481 0.000246 0.000107 0.000002 0.000164
0 0 0.999645 0.000161 0.000088 0.000002 0.000103
0 0 0.999824 0.000074 0.000036 0.000000 0.000067
0 0 0.999809 0.000091 0.000039 0.000000 0.000061
0 0 0.998644 0.000639 0.000288 0.000008 0.000420
0 0 0.999004 0.000311 0.000262 0.000020 0.000403
0 0 0.999611 0.000145 0.000104 0.000004 0.000136
0 0 0.999941 0.000028 0.000013 0.000000 0.000019
0 0 0.998901 0.000393 0.000262 0.000012 0.000432
0 0 0.997951 0.000788 0.000504 0.000036 0.000721
0 0 0.996803 0.001333 0.000959 0.000071 0.000833
0 0 0.994312 0.001534 0.001042 0.000059 0.003053
0 0 0.997907 0.000465 0.000334 0.000008 0.001285
0 0 0.998812 0.000158 0.000114 0.000001 0.000916
0 0 0.999131 0.000347 0.000269 0.000034 0.000221
0 0 0.998671 0.000533 0.000411 0.000070 0.000315
0 0 0.997003 0.000796 0.000389 0.000004 0.001807
0 0 0.985176 0.004369 0.001447 0.000013 0.008995
0 0 0.995480 0.001992 0.001145 0.000146 0.001237
0 0 0.998956 0.000575 0.000370 0.000001 0.000098
0 0 0.983652 0.004148 0.010846 0.000597 0.000757
0 0 0.983098 0.006539 0.009879 0.000050 0.000433
0 0 0.989148 0.005330 0.004529 0.000078 0.000914
0 0 0.937458 0.030052 0.031106 0.000045 0.001339
0 0 0.971499 0.005668 0.022583 0.000033 0.000217
0 0 0.989318 0.006388 0.003718 0.000004 0.000572
0 0 0.896856 0.065654 0.032852 0.000055 0.004583
0 0 0.955427 0.022256 0.019866 0.000391 0.002061
0 0 0.999380 0.000292 0.000133 0.000002 0.000193
0 0 0.999357 0.000282 0.000177 0.000010 0.000174
0 0 0.997922 0.001064 0.000285 0.000001 0.000727
0 0 0.986904 0.006699 0.004359 0.000185 0.001853
0 0 0.993163 0.002082 0.003087 0.000116 0.001551
0 0 0.998581 0.000753 0.000232 0.000001 0.000432
0 0 0.999180 0.000449 0.000196 0.000001 0.000174
0 0 0.999772 0.000081 0.000086 0.000015 0.000046
0 0 0.999814 0.000083 0.000049 0.000001 0.000053
0 0 0.999486 0.000234 0.000127 0.000004 0.000149
0 0 0.998865 0.000519 0.000274 0.000012 0.000331
0 0 0.999138 0.000420 0.000151 0.000001 0.000290
0 0 0.994792 0.002051 0.001493 0.000450 0.001214
0 0 0.998768 0.000491 0.000386 0.000067 0.000289
0 0 0.999847 0.000064 0.000048 0.000002 0.000039
0 0 0.999780 0.000099 0.000057 0.000001 0.000063
0 0 0.999256 0.000252 0.000264 0.000087 0.000141
0 0 0.999527 0.000197 0.000145 0.000012 0.000119
0 0 0.994098 0.001952 0.003541 0.000030 0.000379
0 0 0.999900 0.000046 0.000023 0.000000 0.000030
0 0 0.999399 0.000279 0.000138 0.000003 0.000181
0 0 0.991256 0.004752 0.001923 0.000023 0.002046
0 0 0.939521 0.008116 0.051165 0.000634 0.000564
0 0 0.982522 0.010055 0.006572 0.000016 0.000836
0 0 0.994641 0.002591 0.001987 0.000096 0.000685
0 0 0.990480 0.005138 0.004020 0.000002 0.000361
0 0 0.989999 0.005668 0.003890 0.000007 0.000436
0 0 0.993217 0.002400 0.004158 0.000009 0.000216
0 0 0.988075 0.004525 0.007153 0.000011 0.000236
0 0 0.957502 0.025297 0.015810 0.000018 0.001373
0 0 0.995178 0.002360 0.000827 0.000020 0.001616
0 0 0.997102 0.001685 0.000870 0.000003 0.000340
0 0 0.863505 0.070582 0.064072 0.000032 0.001809
0 0 0.698194 0.084008 0.216262 0.000316 0.001220
0 0 0.951490 0.029490 0.014355 0.000109 0.004555
0 0 0.935221 0.040983 0.020142 0.000043 0.003611
0 0 0.710811 0.124083 0.158280 0.000366 0.006461
0 0 0.506195 0.095968 0.394363 0.000789 0.002685
0 0 0.657908 0.050560 0.267132 0.021019 0.003381
0 0 0.990732 0.005611 0.001934 0.000008 0.001716
0 0 0.997559 0.000941 0.001090 0.000160 0.000249
0 0 0.999062 0.000386 0.000375 0.000032 0.000145
0 0 0.999596 0.000173 0.000118 0.000007 0.000106
0 0 0.998125 0.000834 0.000731 0.000049 0.000260
0 0 0.995072 0.002175 0.001344 0.000186 0.001223
0 0 0.999483 0.000194 0.000179 0.000032 0.000112
0 0 0.990200 0.005454 0.001917 0.000023 0.002406
0 0 0.995996 0.001962 0.001090 0.000052 0.000900
0 0 0.993955 0.001500 0.003683 0.000489 0.000373
0 0 0.997063 0.001508 0.000490 0.000005 0.000935
0 0 0.999334 0.000290 0.000281 0.000012 0.000083
0 0 0.999360 0.000331 0.000200 0.000002 0.000108
0 0 0.998518 0.000888 0.000343 0.000001 0.000250
0 0 0.997788 0.000994 0.001061 0.000006 0.000151
0 0 0.991118 0.002952 0.002535 0.001708 0.001686
0 0 0.994120 0.002953 0.001233 0.000040 0.001654
0 0 0.999145 0.000420 0.000139 0.000001 0.000295
0 0 0.998685 0.000574 0.000358 0.000030 0.000354
0 0 0.989937 0.002971 0.003693 0.002140 0.001260
0 0 0.982393 0.006084 0.007121 0.001507 0.002895
0 0 0.994895 0.002490 0.000896 0.000024 0.001695
0 0 0.985554 0.006348 0.006178 0.000209 0.001711
0 0 0.995793 0.002250 0.000809 0.000009 0.001139
0 0 0.999455 0.000214 0.000181 0.000025 0.000125
0 0 0.998067 0.001024 0.000345 0.000002 0.000561
0 0 0.999525 0.000239 0.000056 0.000000 0.000180
0 0 0.999609 0.000160 0.000125 0.000011 0.000095
0 0 0.999336 0.000301 0.000165 0.000006 0.000192
0 0 0.998612 0.000654 0.000297 0.000008 0.000429
0 0 0.996623 0.001849 0.001074 0.000010 0.000443
0 0 0.998300 0.000772 0.000414 0.000024 0.000489
0 0 0.998719 0.000624 0.000228 0.000003 0.000427
0 0 0.998888 0.000562 0.000123 0.000000 0.000427
0 0 0.997327 0.001111 0.000826 0.000143 0.000594
0 0 0.999856 0.000064 0.000039 0.000001 0.000041
0 0 0.998862 0.000491 0.000318 0.000027 0.000301
0 0 0.998740 0.000442 0.000425 0.000143 0.000250
0 0 0.999941 0.000022 0.000023 0.000002 0.000012
0 0 0.999793 0.000089 0.000061 0.000002 0.000055
0 0 0.999636 0.000121 0.000137 0.000039 0.000067
0 0 0.998762 0.000593 0.000242 0.000004 0.000398
0 0 0.999427 0.000250 0.000160 0.000009 0.000154
0 0 0.998076 0.000875 0.000446 0.000005 0.000598
1 0 0.391812 0.501747 0.066867 0.000004 0.039570
0 0 0.871439 0.099969 0.020874 0.000002 0.007716
0 0 0.907977 0.066535 0.015615 0.000009 0.009864
0 0 0.991865 0.005183 0.001445 0.000002 0.001504
0 0 0.985433 0.010118 0.002878 0.000001 0.001570
0 0 0.997666 0.001456 0.000670 0.000001 0.000207
0 0 0.996899 0.001527 0.000544 0.000010 0.001021
0 0 0.993685 0.003731 0.001416 0.000007 0.001160
0 0 0.931161 0.042946 0.021462 0.000074 0.004356
0 0 0.844996 0.108177 0.033021 0.000050 0.013756
0 0 0.959179 0.024715 0.012113 0.000090 0.003903
0 0 0.949175 0.034831 0.013326 0.000006 0.002661
0 1 0.940161 0.039480 0.017975 0.000010 0.002375
0 1 0.924209 0.054040 0.014387 0.000009 0.007354
0 1 0.894751 0.072505 0.025976 0.000025 0.006743
1 1 0.102800 0.669211 0.199537 0.000147 0.028305
1 1 0.406106 0.409975 0.173264 0.000047 0.010609
0 2 0.662988 0.221360 0.075189 0.000799 0.039665
2 2 0.330334 0.311787 0.336926 0.001762 0.019191
0 2 0.444967 0.178651 0.347167 0.006329 0.022885
0 2 0.718316 0.101786 0.162495 0.002355 0.015049
2 2 0.027470 0.045675 0.923191 0.002927 0.000737
2 2 0.058447 0.061994 0.873304 0.005376 0.000879
0 2 0.553537 0.062779 0.377974 0.000208 0.005502
2 2 0.265654 0.011151 0.708525 0.010662 0.004008
2 2 0.109447 0.007311 0.547663 0.335062 0.000516
2 2 0.003216 0.007034 0.984890 0.003521 0.001338
0 1 0.860639 0.103657 0.028258 0.000003 0.007443
0 1 0.466806 0.419667 0.099472 0.000005 0.014051
0 0 0.830226 0.107254 0.055444 0.000121 0.006955
0 0 0.749618 0.163764 0.075120 0.000164 0.011334
0 0 0.957393 0.027613 0.013800 0.000004 0.001190
0 0 0.885238 0.075167 0.036500 0.000010 0.003085
0 0 0.984898 0.010297 0.004450 0.000000 0.000355
0 1 0.872867 0.080647 0.037102 0.000188 0.009196
0 1 0.967851 0.016237 0.013651 0.000224 0.002038
0 1 0.910130 0.047958 0.035369 0.000181 0.006363
0 1 0.464717 0.286584 0.238490 0.000059 0.010151
1 1 0.087649 0.482697 0.413070 0.000290 0.016295
2 2 0.176439 0.288598 0.501498 0.010455 0.023009
2 2 0.086980 0.101612 0.805983 0.003074 0.002351
2 2 0.150093 0.262576 0.577415 0.001633 0.008283
2 2 0.310571 0.123243 0.529109 0.027776 0.009301
2 2 0.025323 0.011319 0.956207 0.007033 0.000118
2 2 0.297332 0.044188 0.653773 0.003267 0.001440
2 2 0.195367 0.029942 0.746330 0.027119 0.001242
2 2 0.045765 0.007320 0.934166 0.012552 0.000197
2 2 0.457468 0.014286 0.505879 0.021227 0.001140
2 2 0.018310 0.010006 0.970742 0.000840 0.000102
2 2 0.000662 0.000182 0.692191 0.306963 0.000003
2 2 0.240950 0.017323 0.695487 0.045584 0.000655
2 2 0.039823 0.001865 0.879270 0.079011 0.000031
2 2 0.068985 0.003161 0.857660 0.070105 0.000089
3 2 0.000216 0.000057 0.467003 0.532723 0.000001
2 2 0.001566 0.000595 0.895110 0.102721 0.000008
2 3 0.061757 0.002944 0.851025 0.083859 0.000416
2 3 0.000649 0.000330 0.952002 0.047014 0.000006
3 3 0.002173 0.000380 0.365364 0.632072 0.000011
3 3 0.000006 0.000013 0.255738 0.744242 0.000000
3 3 0.000000 0.000002 0.037378 0.962619 0.000000
2 3 0.001019 0.000779 0.542178 0.455995 0.000029
3 3 0.044074 0.002287 0.218180 0.735264 0.000195
0 2 0.757399 0.020853 0.168688 0.048485 0.004575
0 2 0.648032 0.059931 0.274822 0.010235 0.006981
0 0 0.728245 0.176636 0.078008 0.000174 0.016937
0 0 0.825065 0.097786 0.064288 0.001672 0.011189
0 0 0.946576 0.030992 0.020797 0.000032 0.001603
0 0 0.965980 0.024103 0.003124 0.000000 0.006793
0 0 0.981821 0.012582 0.002777 0.000001 0.002819
0 0 0.992485 0.002836 0.000641 0.000002 0.004036
0 0 0.974583 0.015258 0.006769 0.000030 0.003360
0 0 0.950624 0.037039 0.010974 0.000000 0.001362
0 0 0.979532 0.011682 0.003294 0.000018 0.005474
0 0 0.985694 0.008916 0.003673 0.000012 0.001705
0 0 0.989704 0.006638 0.003080 0.000001 0.000577
0 0 0.917712 0.054166 0.016079 0.000062 0.011982
0 0 0.825886 0.098127 0.061630 0.001799 0.012557
0 0 0.950087 0.027995 0.020231 0.000055 0.001632
0 0 0.966695 0.021813 0.007362 0.000018 0.004113
0 0 0.978073 0.010756 0.006588 0.000091 0.004491
0 1 0.906348 0.036738 0.047072 0.001462 0.008379
0 1 0.866972 0.033609 0.088332 0.007177 0.003911
0 1 0.939034 0.030282 0.027992 0.000239 0.002453
0 1 0.956942 0.011564 0.029211 0.000800 0.001483
0 1 0.885428 0.040567 0.068585 0.001082 0.004338
0 1 0.547303 0.313781 0.119414 0.000157 0.019345
0 1 0.532940 0.285073 0.175324 0.000057 0.006606
0 1 0.628456 0.169097 0.195918 0.000137 0.006392
0 1 0.866202 0.100333 0.031234 0.000000 0.002230
0 1 0.917492 0.027106 0.031268 0.015001 0.009134
0 1 0.944418 0.030893 0.008524 0.000170 0.015995
0 1 0.824000 0.119179 0.046105 0.000077 0.010639
0 1 0.776008 0.141691 0.074138 0.000145 0.008018
0 1 0.790945 0.132129 0.054839 0.000672 0.021414
0 1 0.934642 0.043390 0.016068 0.000035 0.005864
2 1 0.078127 0.069628 0.844989 0.005240 0.002016
0 1 0.800352 0.076224 0.119115 0.000121 0.004189
0 1 0.707983 0.181065 0.102128 0.000036 0.008787
2 1 0.259171 0.230075 0.491072 0.007098 0.012584
0 1 0.951798 0.023318 0.023110 0.000059 0.001715
0 1 0.403879 0.376534 0.192354 0.001500 0.025734
2 1 0.047321 0.236493 0.711192 0.000398 0.004596
2 1 0.001613 0.024145 0.972226 0.001066 0.000950
2 2 0.033845 0.046422 0.908803 0.010076 0.000854
2 2 0.000011 0.000135 0.966503 0.033341 0.000010
0 0 0.990858 0.004741 0.004176 0.000005 0.000221
0 0 0.946706 0.011909 0.041109 0.000005 0.000270
0 0 0.686122 0.138927 0.064505 0.035879 0.074567
0 0 0.634423 0.246928 0.084147 0.000488 0.034015
0 0 0.983639 0.008083 0.007182 0.000143 0.000954
0 0 0.928777 0.039242 0.028155 0.000296 0.003530
0 0 0.955003 0.021049 0.019569 0.000595 0.003785
0 0 0.990373 0.005256 0.002226 0.000044 0.002101
0 0 0.688408 0.166519 0.135909 0.000071 0.009093
0 1 0.369902 0.266695 0.351649 0.000191 0.011562
2 1 0.200125 0.125237 0.670539 0.001565 0.002533
2 1 0.018965 0.052068 0.927088 0.001517 0.000362
2 2 0.125225 0.026026 0.833885 0.014111 0.000753
2 2 0.024367 0.085007 0.888113 0.001337 0.001176
2 2 0.044158 0.003419 0.844326 0.107989 0.000108
2 2 0.001029 0.001266 0.949786 0.047891 0.000028
2 2 0.297148 0.071499 0.611898 0.015087 0.004368
2 2 0.052152 0.016456 0.754818 0.175096 0.001479
2 2 0.000133 0.000503 0.986147 0.013215 0.000002
3 2 0.000010 0.000037 0.296651 0.703283 0.000020
2 2 0.054388 0.178260 0.760241 0.003108 0.004003
2 2 0.000090 0.004245 0.984890 0.010747 0.000027
2 2 0.347982 0.008684 0.504259 0.137899 0.001176
2 2 0.004827 0.001347 0.916231 0.077102 0.000494
2 2 0.000224 0.000246 0.852585 0.146921 0.000025
2 2 0.000011 0.000123 0.971573 0.028290 0.000003
2 2 0.000317 0.001176 0.990705 0.007720 0.000081
0 2 0.934940 0.019923 0.028235 0.000191 0.016711
2 2 0.037148 0.013334 0.778770 0.169733 0.001014
3 2 0.005231 0.000837 0.449190 0.544691 0.000050
2 2 0.000008 0.000049 0.843104 0.156839 0.000001
2 2 0.000057 0.000692 0.990619 0.008615 0.000017
2 2 0.000004 0.000031 0.638962 0.361002 0.000001
3 2 0.000032 0.000019 0.254096 0.745853 0.000001
2 3 0.000011 0.000031 0.875646 0.124310 0.000001
2 3 0.000443 0.000279 0.608554 0.390705 0.000020
3 3 0.000027 0.000013 0.171906 0.828048 0.000006
2 3 0.342909 0.008662 0.561318 0.086084 0.001027
2 3 0.000031 0.000156 0.718792 0.281016 0.000005
2 3 0.010684 0.004983 0.597880 0.386251 0.000202
3 3 0.001298 0.000179 0.085066 0.913447 0.000011
3 3 0.000003 0.000010 0.030026 0.969959 0.000002
3 3 0.000130 0.000019 0.035481 0.964365 0.000005
3 3 0.002067 0.000501 0.068741 0.928598 0.000094
3 3 0.000000 0.000001 0.011702 0.988296 0.000000
3 3 0.000000 0.000000 0.000826 0.999174 0.000000
3 3 0.000006 0.000002 0.006222 0.993769 0.000000
3 3 0.000002 0.000004 0.002948 0.997043 0.000004
3 3 0.000018 0.000003 0.001092 0.998885 0.000001
3 3 0.000003 0.000014 0.017787 0.982190 0.000007
3 3 0.000010 0.000002 0.001599 0.998387 0.000001
3 3 0.000018 0.000003 0.000989 0.998988 0.000001
3 3 0.000530 0.000259 0.012566 0.986534 0.000110
3 3 0.000054 0.000029 0.005880 0.994026 0.000011
3 3 0.000008 0.000005 0.002725 0.997260 0.000002
3 3 0.000014 0.000009 0.007688 0.992261 0.000028
3 3 0.000003 0.000002 0.002766 0.997225 0.000004
3 3 0.000000 0.000001 0.005097 0.994899 0.000003
3 3 0.000004 0.000004 0.002308 0.997683 0.000001
3 3 0.000001 0.000010 0.008807 0.991181 0.000001
3 3 0.000016 0.000009 0.001990 0.997982 0.000003
3 3 0.000000 0.000000 0.001431 0.998568 0.000000
3 3 0.000001 0.000000 0.000747 0.999252 0.000000
3 3 0.000039 0.000110 0.018693 0.980828 0.000329
3 3 0.000000 0.000000 0.000324 0.999676 0.000000
3 3 0.000007 0.000002 0.001110 0.998880 0.000001
3 3 0.000001 0.000001 0.001555 0.998442 0.000000
3 3 0.000076 0.000005 0.004215 0.995702 0.000001
3 3 0.000179 0.000013 0.003151 0.996640 0.000017
3 3 0.000000 0.000000 0.000426 0.999574 0.000000
3 3 0.000000 0.000000 0.000057 0.999943 0.000000
3 3 0.000076 0.000019 0.003287 0.996596 0.000022
3 3 0.000004 0.000001 0.000452 0.999544 0.000000
3 3 0.000109 0.000035 0.003169 0.996674 0.000013
3 3 0.000015 0.000028 0.012537 0.987418 0.000002
3 3 0.000025 0.000003 0.001136 0.998836 0.000001
3 3 0.000000 0.000000 0.000585 0.999415 0.000000
3 3 0.000001 0.000000 0.000627 0.999372 0.000000
3 3 0.000000 0.000001 0.003660 0.996338 0.000000
3 3 0.000021 0.000036 0.005226 0.994704 0.000014
3 3 0.000182 0.000157 0.020648 0.977918 0.001096
3 3 0.000097 0.000043 0.004812 0.995014 0.000033
3 3 0.000015 0.000027 0.008641 0.991250 0.000067
3 3 0.045243 0.001204 0.022600 0.930037 0.000916
3 3 0.000000 0.000000 0.000417 0.999583 0.000000
3 3 0.000000 0.000000 0.000282 0.999718 0.000000
3 3 0.000009 0.000013 0.003196 0.996777 0.000005
3 3 0.000120 0.000070 0.005184 0.994597 0.000028
3 3 0.000000 0.000000 0.000328 0.999672 0.000000
3 3 0.000009 0.000003 0.003075 0.996906 0.000007
3 3 0.000935 0.000048 0.002628 0.996371 0.000018
3 3 0.000742 0.000088 0.005959 0.993176 0.000035
3 3 0.351290 0.006183 0.039258 0.600358 0.002912
3 3 0.001362 0.000525 0.012382 0.985419 0.000313
3 3 0.000000 0.000001 0.013840 0.986157 0.000002
3 3 0.000615 0.000047 0.003668 0.995652 0.000018
3 3 0.000096 0.000063 0.006383 0.993407 0.000051
3 3 0.000003 0.000002 0.001990 0.998002 0.000003
3 3 0.000054 0.000047 0.004854 0.995026 0.000019
3 3 0.000060 0.000230 0.019648 0.979830 0.000233
3 3 0.000023 0.000015 0.002648 0.997309 0.000005
3 3 0.000040 0.000033 0.009625 0.990251 0.000050
3 3 0.000000 0.000000 0.001446 0.998553 0.000001
3 3 0.000070 0.000024 0.002772 0.997124 0.000009
3 3 0.000120 0.000052 0.004887 0.994907 0.000034
3 3 0.022285 0.002318 0.098427 0.875758 0.001212
3 3 0.000016 0.000008 0.001841 0.998133 0.000003
3 3 0.052993 0.002538 0.017110 0.926210 0.001149
3 3 0.000000 0.000000 0.000215 0.999785 0.000000
3 3 0.000034 0.000006 0.001864 0.998089 0.000008
3 3 0.000000 0.000000 0.001013 0.998986 0.000000
3 3 0.000221 0.000142 0.014068 0.985123 0.000446
3 3 0.000278 0.000156 0.009410 0.990017 0.000140
3 3 0.000717 0.000233 0.007933 0.990998 0.000119
3 3 0.143613 0.005068 0.029137 0.819818 0.002364
3 3 0.038498 0.007331 0.128577 0.820143 0.005452
3 3 0.000000 0.000000 0.001909 0.998091 0.000000
3 3 0.003043 0.001154 0.023978 0.971591 0.000235
3 3 0.000003 0.000004 0.002067 0.997923 0.000002
3 3 0.000003 0.000003 0.002827 0.997166 0.000001
3 3 0.000000 0.000000 0.003905 0.996094 0.000000
3 3 0.000017 0.000019 0.005209 0.994737 0.000018
3 3 0.000027 0.000024 0.004237 0.995698 0.000015
3 3 0.000027 0.000068 0.015294 0.984385 0.000226
3 3 0.000025 0.000014 0.003835 0.996107 0.000019
3 3 0.000004 0.000012 0.012422 0.987545 0.000018
3 3 0.000211 0.000062 0.008116 0.991404 0.000207
3 3 0.000455 0.000372 0.018773 0.979746 0.000655
3 3 0.000000 0.000001 0.003593 0.996404 0.000003
3 3 0.000000 0.000000 0.001169 0.998831 0.000000
0 0 0.985357 0.011363 0.002586 0.000000 0.000694
0 0 0.758262 0.116390 0.124706 0.000008 0.000635
2 1 0.002996 0.002084 0.526324 0.466568 0.002028
2 1 0.023437 0.008048 0.937501 0.027045 0.003970
2 1 0.001884 0.001212 0.975483 0.021341 0.000080
2 2 0.002807 0.008430 0.982692 0.004527 0.001545
2 2 0.000001 0.000036 0.986996 0.012945 0.000023
2 2 0.000037 0.000416 0.990964 0.008251 0.000332
2 2 0.000244 0.000642 0.963057 0.032106 0.003951
2 2 0.000108 0.001458 0.994785 0.001858 0.001791
2 2 0.005423 0.014482 0.895439 0.006231 0.078424
2 2 0.002668 0.011312 0.964177 0.003410 0.018432
2 2 0.078583 0.023614 0.665702 0.080261 0.151840
2 2 0.017559 0.013529 0.891146 0.014814 0.062953
2 2 0.001276 0.004590 0.969040 0.016619 0.008474
2 2 0.002546 0.006811 0.928550 0.017255 0.044838
2 2 0.002113 0.007306 0.950681 0.018352 0.021547
2 2 0.000393 0.002647 0.977423 0.016944 0.002594
2 2 0.013133 0.053828 0.799749 0.032873 0.100418
2 2 0.004445 0.028483 0.915454 0.024143 0.027474
2 2 0.000168 0.004312 0.989576 0.004156 0.001788
2 2 0.000281 0.009494 0.951815 0.012912 0.025497
2 2 0.057920 0.038088 0.550320 0.041261 0.312410
2 2 0.001546 0.022006 0.918448 0.002256 0.055744
2 2 0.009028 0.021408 0.926199 0.002756 0.040609
2 2 0.003328 0.021062 0.919174 0.004093 0.052343
2 2 0.009061 0.025385 0.909283 0.011807 0.044464
2 2 0.021373 0.043640 0.839437 0.000675 0.094876
2 2 0.000950 0.015302 0.809823 0.099902 0.074022
2 2 0.002256 0.004982 0.890855 0.021050 0.080857
2 2 0.003643 0.021989 0.710062 0.018311 0.245996
2 2 0.001554 0.004852 0.929204 0.002728 0.061662
2 2 0.007479 0.007711 0.967294 0.008535 0.008981
2 2 0.002968 0.007511 0.976584 0.005793 0.007144
2 2 0.018112 0.012757 0.938968 0.007016 0.023147
2 2 0.001942 0.004447 0.937142 0.018233 0.038236
2 2 0.000047 0.000442 0.994425 0.004674 0.000413
2 2 0.000012 0.000289 0.998916 0.000565 0.000217
2 2 0.003770 0.001475 0.964071 0.014736 0.015948
2 2 0.000005 0.000106 0.995710 0.004125 0.000054
2 2 0.039596 0.002993 0.833660 0.119591 0.004160
2 2 0.010164 0.003668 0.957059 0.017874 0.011235
2 2 0.000172 0.000294 0.987061 0.011791 0.000682
2 2 0.000011 0.000092 0.992143 0.007176 0.000579
2 2 0.000039 0.000113 0.954638 0.045194 0.000015
2 2 0.000036 0.000135 0.966553 0.033084 0.000192
2 2 0.001776 0.001006 0.965259 0.029863 0.002095
2 2 0.000002 0.000013 0.910916 0.089060 0.000008
2 2 0.075896 0.015885 0.851210 0.036983 0.020026
2 2 0.020357 0.003517 0.882363 0.087615 0.006147
3 2 0.000006 0.000016 0.459892 0.540081 0.000005
2 2 0.000006 0.000027 0.646926 0.353011 0.000030
2 2 0.141852 0.005719 0.748498 0.088931 0.015000
2 2 0.015013 0.004181 0.851272 0.111501 0.018033
2 2 0.008513 0.001014 0.837548 0.150806 0.002118
2 2 0.000036 0.000250 0.948998 0.050477 0.000240
2 2 0.005491 0.001382 0.852122 0.136478 0.004526
2 2 0.000001 0.000048 0.804954 0.194870 0.000126
2 2 0.002199 0.000516 0.873996 0.120793 0.002495
2 2 0.000096 0.000169 0.805307 0.194309 0.000119
2 2 0.000004 0.000046 0.984162 0.015737 0.000052
2 2 0.002642 0.001432 0.954673 0.037133 0.004121
2 2 0.047307 0.000457 0.884318 0.066464 0.001454
0 0 0.705129 0.001940 0.291341 0.001231 0.000359
1 0 0.302875 0.551293 0.118513 0.000016 0.027303
2 2 0.120072 0.206721 0.548399 0.003466 0.121343
0 2 0.656568 0.081965 0.253908 0.003603 0.003956
0 2 0.543248 0.045093 0.380350 0.026673 0.004636
2 2 0.007844 0.004320 0.945945 0.041838 0.000052
2 2 0.115496 0.010082 0.865195 0.008948 0.000279
2 2 0.010653 0.008338 0.980727 0.000267 0.000015
2 2 0.057414 0.006514 0.916769 0.019221 0.000083
0 2 0.712837 0.042281 0.237744 0.003392 0.003747
0 2 0.599568 0.156515 0.222204 0.006070 0.015643
0 2 0.858703 0.033339 0.101456 0.001108 0.005395
2 2 0.064894 0.037652 0.865687 0.020941 0.010827
2 2 0.000001 0.000036 0.976708 0.023252 0.000003
2 2 0.000010 0.000135 0.983599 0.016222 0.000033
2 2 0.000899 0.000562 0.853729 0.144796 0.000015
2 2 0.000081 0.000238 0.656965 0.342712 0.000005
2 2 0.006139 0.004087 0.976359 0.013134 0.000280
2 2 0.184387 0.068254 0.736905 0.006941 0.003512
2 2 0.007981 0.001100 0.940784 0.050001 0.000134
2 2 0.065474 0.024025 0.906603 0.003360 0.000538
2 2 0.096359 0.014736 0.866554 0.019376 0.002975
2 2 0.000001 0.000038 0.994970 0.004988 0.000003
0 0 0.648849 0.305935 0.038756 0.000000 0.006459
0 0 0.702985 0.261692 0.014296 0.000000 0.021027
2 2 0.063143 0.030109 0.847623 0.052773 0.006352
2 2 0.033886 0.018700 0.931855 0.010036 0.005524
2 2 0.032968 0.008572 0.934305 0.024009 0.000148
0 2 0.553655 0.029804 0.410155 0.005148 0.001238
0 2 0.683620 0.081620 0.230034 0.001537 0.003188
2 2 0.137204 0.031992 0.782857 0.046310 0.001637
0 0 0.902203 0.035498 0.060250 0.001012 0.001037
0 0 0.802603 0.130535 0.056298 0.000118 0.010445
0 0 0.799268 0.115192 0.072558 0.000132 0.012849
0 0 0.989047 0.003582 0.006921 0.000038 0.000412
0 0 0.925114 0.043627 0.022684 0.000478 0.008096
0 0 0.936138 0.030690 0.029846 0.000272 0.003055
0 0 0.578501 0.254073 0.161934 0.000086 0.005408
0 0 0.856361 0.043012 0.099837 0.000078 0.000712
0 0 0.752295 0.141660 0.092022 0.000780 0.013244
0 0 0.811119 0.107098 0.075574 0.000377 0.005831
0 0 0.950811 0.022590 0.022427 0.000272 0.003900
0 0 0.981743 0.007544 0.006490 0.000355 0.003869
0 0 0.991876 0.003702 0.002840 0.000332 0.001251
0 0 0.852699 0.090272 0.047368 0.000344 0.009317
0 0 0.948086 0.033958 0.015316 0.000011 0.002630
0 0 0.834430 0.112810 0.046405 0.000027 0.006327
0 0 0.938076 0.028475 0.031111 0.000355 0.001983
0 0 0.851173 0.084809 0.057388 0.000448 0.006182
0 0 0.942813 0.037432 0.014402 0.000038 0.005315
0 0 0.825178 0.061092 0.109248 0.001227 0.003255
0 0 0.614398 0.242714 0.132231 0.000230 0.010426
1 0 0.123098 0.642696 0.213807 0.000098 0.020301
0 1 0.733745 0.180710 0.075462 0.000036 0.010047
0 1 0.753010 0.078870 0.163282 0.000743 0.004094
0 1 0.597945 0.171558 0.215598 0.003060 0.011838
0 1 0.533808 0.182588 0.267289 0.003332 0.012982
0 1 0.368654 0.312833 0.312782 0.000024 0.005706
2 1 0.203608 0.094024 0.691669 0.007080 0.003617
0 1 0.649508 0.200616 0.100856 0.007579 0.041442
1 1 0.352471 0.431438 0.187668 0.000747 0.027676
0 1 0.771074 0.082541 0.144807 0.000052 0.001525
0 1 0.652544 0.218169 0.121494 0.000075 0.007717
0 0 0.890590 0.081573 0.024794 0.000001 0.003042
0 0 0.855665 0.095636 0.043960 0.000026 0.004712
0 0 0.699018 0.181930 0.097237 0.001591 0.020225
0 1 0.805634 0.137870 0.038861 0.000051 0.017583
0 1 0.730872 0.176614 0.054469 0.000509 0.037537
1 1 0.327189 0.502051 0.159328 0.000012 0.011420
0 0 0.557628 0.062712 0.377374 0.001151 0.001135
0 0 0.953648 0.020850 0.024777 0.000079 0.000646
0 0 0.994024 0.003280 0.001408 0.000020 0.001269
0 0 0.396134 0.329205 0.262576 0.000286 0.011799
0 0 0.968976 0.018698 0.006601 0.000062 0.005663
0 0 0.852435 0.096544 0.040872 0.000129 0.010020
0 0 0.672200 0.186622 0.136042 0.000174 0.004961
0 0 0.887307 0.058791 0.051449 0.000066 0.002386
0 0 0.862423 0.098641 0.034500 0.000005 0.004430
0 0 0.905555 0.049551 0.040405 0.000061 0.004428
0 0 0.736896 0.191151 0.053394 0.000041 0.018517
0 0 0.432311 0.394141 0.162628 0.000045 0.010876
0 0 0.865210 0.071291 0.053773 0.001823 0.007904
0 0 0.902825 0.055672 0.039418 0.000043 0.002041
0 0 0.799103 0.110345 0.085943 0.000274 0.004335
0 1 0.783643 0.131932 0.069306 0.000768 0.014351
1 1 0.173299 0.586028 0.222832 0.000122 0.017719
0 1 0.803531 0.127285 0.061108 0.000101 0.007975
0 1 0.755471 0.085697 0.143808 0.005530 0.009494
0 1 0.681622 0.174560 0.127889 0.002701 0.013228
0 0 0.699052 0.215284 0.074483 0.000028 0.011152
0 0 0.886241 0.081929 0.028907 0.000002 0.002922
0 0 0.893520 0.055949 0.045888 0.000229 0.004414
0 0 0.742466 0.178803 0.068720 0.000043 0.009970
0 0 0.370891 0.287633 0.332045 0.000227 0.009203
0 0 0.596533 0.111228 0.288705 0.000220 0.003314
0 0 0.887602 0.024222 0.087915 0.000005 0.000256
1 0 0.327354 0.339394 0.332115 0.000000 0.001137
0 0 0.930782 0.023947 0.041095 0.000310 0.003865
0 0 0.869156 0.070641 0.045741 0.001567 0.012895
0 0 0.594808 0.253742 0.143933 0.000109 0.007409
0 0 0.441606 0.244727 0.309971 0.000103 0.003593
0 0 0.502025 0.365817 0.124982 0.000005 0.007170
2 0 0.068808 0.271916 0.651554 0.000006 0.007717
0 0 0.909961 0.052984 0.028454 0.000466 0.008134
0 0 0.834972 0.114702 0.040204 0.000042 0.010080
0 0 0.592867 0.289951 0.053155 0.000098 0.063929
0 0 0.647994 0.217192 0.130105 0.000019 0.004690
0 0 0.722380 0.115700 0.151922 0.000941 0.009056
0 0 0.752033 0.160422 0.080990 0.000034 0.006522
0 0 0.514431 0.332459 0.127503 0.000327 0.025281
1 0 0.351471 0.370090 0.269649 0.000218 0.008572
2 0 0.071226 0.165082 0.760200 0.000044 0.003449
0 0 0.947142 0.041216 0.009170 0.000000 0.002472
0 0 0.992513 0.004800 0.001207 0.000001 0.001479
0 0 0.983970 0.009546 0.003327 0.000024 0.003133
0 0 0.996726 0.001659 0.000954 0.000008 0.000653
0 0 0.872046 0.057086 0.066756 0.000081 0.004031
0 0 0.888087 0.064450 0.043848 0.000083 0.003532
0 0 0.979326 0.011273 0.008176 0.000003 0.001223
0 0 0.932639 0.045699 0.011303 0.000019 0.010339
0 0 0.615819 0.304888 0.051963 0.000006 0.027324
0 0 0.955821 0.030439 0.005808 0.000004 0.007929
0 0 0.615514 0.314015 0.049218 0.000002 0.021251
0 0 0.615851 0.295892 0.044943 0.000012 0.043302
0 0 0.487064 0.389480 0.100173 0.000029 0.023253
0 0 0.678649 0.213755 0.084442 0.000396 0.022758
1 0 0.170233 0.593271 0.203771 0.000368 0.032357
2 0 0.142065 0.339555 0.495038 0.000524 0.022817
0 0 0.434035 0.371038 0.183740 0.000127 0.011060
1 0 0.100945 0.700167 0.182475 0.000016 0.016396
1 0 0.102282 0.691171 0.187074 0.000031 0.019441
0 0 0.683393 0.180605 0.092869 0.001055 0.042078
0 0 0.689074 0.193013 0.095667 0.001145 0.021101
2 1 0.120231 0.349945 0.448797 0.044696 0.036331
0 1 0.488245 0.308969 0.179315 0.001972 0.021499
1 1 0.139376 0.547092 0.300282 0.000131 0.013118
1 1 0.205797 0.505168 0.277151 0.000075 0.011810
2 1 0.001379 0.001956 0.985382 0.011263 0.000020
2 2 0.000031 0.000089 0.989764 0.010115 0.000000
2 2 0.048494 0.006401 0.898073 0.046970 0.000062
2 2 0.004481 0.002233 0.986795 0.006472 0.000018
2 2 0.000211 0.000238 0.986274 0.013275 0.000002
2 2 0.000026 0.000141 0.976604 0.023228 0.000001
2 2 0.000137 0.000536 0.906757 0.092556 0.000014
2 2 0.000160 0.000254 0.944759 0.054823 0.000004
0 2 0.476771 0.006846 0.474419 0.041583 0.000381
2 2 0.340398 0.086919 0.570011 0.000953 0.001720
2 2 0.010001 0.038584 0.950598 0.000601 0.000216
2 2 0.007394 0.036480 0.952869 0.002773 0.000484
2 2 0.059818 0.020261 0.797834 0.121499 0.000589
2 2 0.006204 0.002055 0.982221 0.009441 0.000079
2 2 0.097449 0.014887 0.885738 0.001522 0.000404
2 2 0.016104 0.090035 0.893240 0.000087 0.000532
2 2 0.136522 0.027669 0.808786 0.025170 0.001852
2 2 0.027180 0.007348 0.943651 0.020800 0.001022
2 2 0.286562 0.054900 0.647795 0.008773 0.001970
2 2 0.017116 0.007208 0.972909 0.002173 0.000594
2 2 0.002642 0.002516 0.763463 0.231103 0.000275
0 2 0.705721 0.027429 0.256104 0.008519 0.002226
2 2 0.000245 0.000370 0.970927 0.028448 0.000010
2 2 0.000003 0.000035 0.976291 0.023671 0.000000
2 2 0.000379 0.000174 0.748414 0.251031 0.000001
2 2 0.000029 0.000087 0.924870 0.075014 0.000000
2 2 0.023952 0.002593 0.959973 0.013434 0.000048
2 2 0.003113 0.000774 0.938397 0.057685 0.000032
2 2 0.000069 0.000165 0.961877 0.037885 0.000004
2 2 0.000155 0.000065 0.967852 0.031925 0.000002
2 2 0.000089 0.000140 0.669650 0.330120 0.000001
2 2 0.000146 0.000154 0.709790 0.289906 0.000004
2 2 0.005138 0.001140 0.717785 0.275923 0.000013
2 2 0.003449 0.000744 0.886891 0.108897 0.000019
2 2 0.000006 0.000007 0.577029 0.422958 0.000000
2 2 0.000263 0.000056 0.554230 0.445450 0.000001
2 2 0.000454 0.000203 0.570603 0.428736 0.000004
2 3 0.000211 0.000089 0.737712 0.261986 0.000003
2 3 0.000013 0.000021 0.718170 0.281796 0.000001
2 3 0.000024 0.000025 0.553043 0.446908 0.000000
2 3 0.000004 0.000030 0.576782 0.423183 0.000001
2 3 0.000184 0.000215 0.667978 0.331591 0.000032
2 3 0.000035 0.000040 0.695007 0.304911 0.000006
3 3 0.000000 0.000001 0.125303 0.874696 0.000000
3 3 0.000010 0.000014 0.332329 0.667646 0.000001
2 3 0.000003 0.000016 0.598076 0.401904 0.000001
2 3 0.000008 0.000095 0.601202 0.398680 0.000016
3 3 0.000003 0.000007 0.101922 0.898063 0.000004
3 3 0.000001 0.000051 0.434153 0.565793 0.000002
3 3 0.000000 0.000002 0.403221 0.596776 0.000000
3 3 0.000731 0.000458 0.132512 0.866191 0.000107
3 3 0.000031 0.001131 0.490074 0.508280 0.000484
3 3 0.000002 0.000018 0.085393 0.914577 0.000009
3 3 0.000001 0.000026 0.117700 0.882269 0.000003
3 3 0.000001 0.000008 0.122110 0.877879 0.000002
3 3 0.000101 0.000089 0.059526 0.940170 0.000114
3 3 0.000037 0.000081 0.040899 0.958727 0.000255
3 3 0.000016 0.000030 0.018376 0.981566 0.000013
3 3 0.000035 0.000219 0.159307 0.840235 0.000204
3 3 0.000082 0.000288 0.187048 0.812540 0.000041
3 3 0.000040 0.000013 0.002495 0.997446 0.000006
3 3 0.000000 0.000005 0.016417 0.983575 0.000003
3 3 0.000000 0.000000 0.021927 0.978073 0.000000
3 3 0.000000 0.000003 0.014250 0.985748 0.000000
3 3 0.000144 0.000138 0.049582 0.950127 0.000009
3 3 0.000013 0.000089 0.072799 0.927095 0.000005
3 3 0.000002 0.000023 0.035372 0.964601 0.000001
3 3 0.000000 0.000000 0.003144 0.996856 0.000000
3 3 0.000001 0.000003 0.008553 0.991443 0.000001
3 3 0.000285 0.000049 0.023195 0.976368 0.000103
3 3 0.000000 0.000002 0.008612 0.991366 0.000020
3 3 0.000003 0.000044 0.175072 0.824858 0.000023
3 3 0.031964 0.007382 0.439159 0.520532 0.000963
3 3 0.008927 0.000398 0.055598 0.934993 0.000085
2 2 0.002245 0.000626 0.555446 0.441663 0.000020
2 2 0.370336 0.052071 0.544516 0.029544 0.003532
2 2 0.166183 0.296722 0.532362 0.000104 0.004629
2 2 0.133236 0.015850 0.817142 0.033255 0.000517
2 2 0.005822 0.001230 0.965662 0.027245 0.000040
2 2 0.000185 0.000438 0.956451 0.042884 0.000042
2 2 0.010869 0.001686 0.981552 0.005872 0.000020
2 2 0.001855 0.000674 0.991446 0.005990 0.000035
2 2 0.000233 0.003374 0.994315 0.002069 0.000010
2 2 0.000020 0.000045 0.704377 0.295555 0.000004
2 2 0.017084 0.005089 0.817322 0.160212 0.000294
2 2 0.000116 0.000503 0.966933 0.032433 0.000015
2 2 0.000105 0.000043 0.923538 0.076262 0.000053
2 2 0.297949 0.043084 0.568919 0.000748 0.089301
2 2 0.006713 0.019495 0.972121 0.000596 0.001076
2 2 0.018928 0.011820 0.960667 0.003619 0.004966
2 2 0.000512 0.000354 0.993561 0.005442 0.000131
2 2 0.000007 0.000084 0.995580 0.004264 0.000065
2 2 0.005237 0.008880 0.838199 0.079298 0.068386
2 2 0.019329 0.011836 0.882699 0.035483 0.050654
2 2 0.004047 0.080079 0.636683 0.002272 0.276920
2 4 0.024132 0.070321 0.675123 0.013079 0.217344
2 4 0.010259 0.055642 0.682822 0.008827 0.242450
2 4 0.005366 0.051336 0.881548 0.002761 0.058988
2 4 0.020888 0.033590 0.489449 0.130501 0.325571
2 4 0.240130 0.031863 0.362806 0.012946 0.352255
4 4 0.022457 0.029847 0.321653 0.039917 0.586126
2 4 0.014475 0.056889 0.809870 0.022023 0.096742
2 4 0.018150 0.053673 0.601903 0.007046 0.319229
2 4 0.011452 0.155319 0.721801 0.000174 0.111254
2 4 0.055722 0.059912 0.788272 0.061032 0.035063
2 4 0.009126 0.024723 0.943088 0.008522 0.014541
4 4 0.372596 0.045706 0.086031 0.005604 0.490063
4 4 0.353913 0.042408 0.147524 0.014851 0.441305
0 4 0.775689 0.041234 0.021768 0.000510 0.160800
2 4 0.091147 0.149744 0.391582 0.002931 0.364595
0 4 0.538466 0.261535 0.123424 0.002081 0.074494
4 4 0.108167 0.138454 0.099303 0.009026 0.645051
2 4 0.010906 0.034232 0.926762 0.002211 0.025889
2 4 0.061889 0.034459 0.875048 0.005362 0.023242
4 4 0.098216 0.064222 0.219095 0.022737 0.595730
4 4 0.390711 0.034676 0.053635 0.001713 0.519265
4 4 0.366981 0.062606 0.018763 0.000209 0.551441
4 4 0.268642 0.025538 0.010521 0.000076 0.695223
4 4 0.278449 0.045246 0.016151 0.000187 0.659967
4 4 0.022265 0.010509 0.009014 0.000019 0.958193
0 4 0.580741 0.035330 0.011777 0.000087 0.372066
4 4 0.244771 0.027991 0.009623 0.000045 0.717570
4 4 0.056994 0.025709 0.012031 0.000248 0.905019
4 4 0.165425 0.042494 0.032348 0.000193 0.759540
4 4 0.023366 0.020808 0.198479 0.000825 0.756522
4 4 0.196170 0.031742 0.229525 0.001775 0.540788
2 4 0.098336 0.127099 0.640963 0.001577 0.132024
2 4 0.058299 0.068347 0.704858 0.024610 0.143886
4 4 0.428318 0.052852 0.054107 0.003375 0.461348
2 4 0.109196 0.117311 0.406222 0.006707 0.360564
2 4 0.178356 0.049181 0.488435 0.012152 0.271876
2 4 0.156604 0.066178 0.518252 0.023632 0.235335
2 4 0.342162 0.094024 0.370598 0.002236 0.190979
2 4 0.026654 0.083385 0.836514 0.002515 0.050931
4 4 0.220641 0.109200 0.298025 0.019389 0.352746
2 4 0.305179 0.091966 0.365954 0.008078 0.228823
4 4 0.129670 0.044365 0.127226 0.002541 0.696197
4 4 0.145195 0.076525 0.142974 0.001886 0.633420
2 4 0.129164 0.051605 0.785216 0.008754 0.025261
0 4 0.491990 0.089146 0.363290 0.018144 0.037430
4 4 0.040458 0.083267 0.361867 0.001432 0.512976
4 4 0.005557 0.036457 0.108595 0.000220 0.849170
0 4 0.585895 0.079793 0.058841 0.000557 0.274914
4 4 0.045193 0.009959 0.005620 0.000052 0.939176
0 4 0.635215 0.066672 0.023560 0.000630 0.273923
0 4 0.810290 0.047834 0.017568 0.000764 0.123544
2 4 0.027696 0.070959 0.758160 0.003054 0.140131
2 4 0.270579 0.089957 0.499653 0.004973 0.134838
2 4 0.054972 0.117050 0.763536 0.002371 0.062072
2 4 0.019845 0.198635 0.467487 0.001304 0.312729
4 4 0.130895 0.096497 0.183754 0.006442 0.582411
4 4 0.123817 0.125137 0.035106 0.000182 0.715758
2 4 0.017977 0.081247 0.674669 0.002479 0.223628
2 4 0.056769 0.142722 0.464031 0.002878 0.333599
2 4 0.013992 0.048112 0.549522 0.000083 0.388291
4 4 0.055446 0.126389 0.405402 0.000200 0.412562
4 4 0.175606 0.050962 0.189787 0.000380 0.583265
4 4 0.123337 0.035071 0.233631 0.009663 0.598297
4 4 0.048250 0.033399 0.145739 0.013480 0.759131
4 4 0.221844 0.111774 0.157721 0.000566 0.508095
2 4 0.020586 0.071798 0.650932 0.012598 0.244086
2 4 0.024669 0.055296 0.788364 0.003965 0.127706
2 4 0.032291 0.042121 0.810256 0.002843 0.112490
2 4 0.024871 0.036109 0.871153 0.008815 0.059051
2 4 0.012608 0.028867 0.928470 0.010958 0.019097
2 4 0.011487 0.015368 0.961701 0.003995 0.007450
2 4 0.030538 0.070475 0.757188 0.003655 0.138144
2 4 0.044502 0.049215 0.710833 0.008509 0.186941
2 4 0.011963 0.029255 0.846228 0.063976 0.048577
2 4 0.001974 0.020173 0.886582 0.084188 0.007083
2 2 0.019539 0.018252 0.887580 0.011039 0.063591
2 2 0.008279 0.030265 0.916459 0.001343 0.043655
2 2 0.000319 0.007200 0.985552 0.002539 0.004389
2 2 0.000336 0.003871 0.979497 0.001465 0.014831
2 2 0.036701 0.024675 0.841664 0.023401 0.073558
4 2 0.115229 0.106560 0.312686 0.013749 0.451776
2 2 0.019315 0.023723 0.936747 0.007515 0.012700
2 2 0.001414 0.017968 0.958901 0.007702 0.014015
2 2 0.022109 0.024649 0.845941 0.014477 0.092824
2 2 0.007671 0.021892 0.884589 0.028190 0.057659
2 2 0.011969 0.033639 0.856049 0.008222 0.090122
2 2 0.022877 0.057036 0.575182 0.001699 0.343207
2 2 0.163097 0.038372 0.675528 0.054823 0.068180
2 2 0.027346 0.031955 0.913018 0.006635 0.021046
2 2 0.010523 0.053863 0.903655 0.000312 0.031647
2 2 0.034840 0.095075 0.699240 0.001893 0.168952
2 2 0.006268 0.021131 0.877964 0.037849 0.056787
2 2 0.003716 0.017433 0.928675 0.016308 0.033868
2 2 0.003285 0.013531 0.938587 0.031557 0.013040
2 2 0.015871 0.034557 0.689142 0.011766 0.248664
2 2 0.026662 0.032274 0.909855 0.021215 0.009994
2 2 0.017688 0.027344 0.934845 0.002437 0.017687
2 2 0.002869 0.026187 0.953559 0.006469 0.010915
2 2 0.000702 0.003747 0.988552 0.005477 0.001522
2 2 0.292475 0.017274 0.652651 0.010557 0.027043
2 2 0.127778 0.029313 0.768541 0.007863 0.066506
2 2 0.001104 0.001048 0.991802 0.003460 0.002587
2 2 0.001585 0.001590 0.990234 0.004046 0.002544
2 2 0.019339 0.013149 0.940421 0.014115 0.012977
2 2 0.000024 0.000236 0.998750 0.000936 0.000054
2 2 0.054070 0.009483 0.900414 0.031901 0.004132
2 2 0.028607 0.008803 0.943689 0.010817 0.008083
2 2 0.000321 0.000706 0.898990 0.099755 0.000228
2 2 0.000025 0.000144 0.948918 0.050886 0.000026
2 2 0.001456 0.002798 0.969551 0.025754 0.000442
2 2 0.000040 0.000452 0.959471 0.039180 0.000857
2 2 0.000001 0.000017 0.827504 0.172462 0.000015
2 2 0.000010 0.000055 0.979623 0.020286 0.000027
2 2 0.119500 0.023058 0.820696 0.000362 0.036383
2 2 0.085815 0.062926 0.844653 0.000824 0.005782
2 2 0.012036 0.008345 0.947622 0.029659 0.002338
2 2 0.008007 0.004076 0.952188 0.031599 0.004129
2 2 0.002055 0.002671 0.989339 0.005733 0.000201
2 2 0.000101 0.000635 0.998160 0.000900 0.000203
2 2 0.001183 0.001374 0.987206 0.010056 0.000182
2 2 0.009260 0.001846 0.934023 0.054825 0.000046
2 2 0.001157 0.000551 0.993698 0.004579 0.000015
2 2 0.000673 0.000329 0.990385 0.008549 0.000064
2 2 0.293737 0.014524 0.668821 0.018396 0.004523
2 2 0.097260 0.009185 0.884310 0.008113 0.001132
2 2 0.008616 0.014330 0.965201 0.009234 0.002619
2 2 0.210044 0.039253 0.654235 0.071110 0.025358
2 2 0.000200 0.000223 0.696631 0.302932 0.000014
2 2 0.000040 0.000217 0.752768 0.246956 0.000018
2 2 0.000727 0.002043 0.729630 0.266197 0.001405
2 2 0.000561 0.001046 0.986544 0.011463 0.000387
2 2 0.000056 0.000257 0.753632 0.246046 0.000008
2 2 0.000001 0.000016 0.932995 0.066987 0.000001
3 3 0.000226 0.000262 0.180072 0.819410 0.000030
2 3 0.003499 0.003845 0.935991 0.053127 0.003537
2 3 0.009359 0.005667 0.612441 0.364171 0.008361
2 3 0.006674 0.004847 0.965461 0.018897 0.004121
3 3 0.000869 0.000457 0.289814 0.708502 0.000358
3 3 0.198494 0.002635 0.181866 0.615287 0.001717
2 3 0.016155 0.007764 0.581694 0.391503 0.002884
2 3 0.007394 0.009441 0.533769 0.447962 0.001434
3 3 0.000002 0.000008 0.017698 0.982289 0.000002
2 3 0.000222 0.000421 0.622354 0.376330 0.000672
