0 0 0.915414 0.060259 0.020533 0.000007 0.003787
0 0 0.991256 0.004861 0.001716 0.000001 0.002166
2 1 0.052399 0.075636 0.868887 0.000970 0.002108
0 1 0.389564 0.212723 0.366826 0.005960 0.024928
0 2 0.673044 0.054564 0.105747 0.000867 0.165777
0 2 0.466037 0.195266 0.270050 0.000082 0.068565
2 2 0.019082 0.017779 0.953337 0.007953 0.001849
0 2 0.822034 0.012216 0.104412 0.040441 0.020897
2 2 0.269801 0.311508 0.347696 0.024117 0.046878
0 2 0.632884 0.069397 0.208675 0.029616 0.059428
0 2 0.757560 0.037315 0.055960 0.000002 0.149163
4 2 0.237794 0.039952 0.285183 0.000946 0.436126
2 2 0.095771 0.089309 0.809159 0.000299 0.005462
2 2 0.000354 0.003643 0.993932 0.001923 0.000149
2 2 0.031130 0.019773 0.946578 0.000549 0.001970
2 2 0.017097 0.049096 0.929566 0.000728 0.003514
2 2 0.000216 0.010491 0.988486 0.000519 0.000287
2 2 0.000065 0.000679 0.997142 0.002072 0.000041
2 2 0.000010 0.000536 0.996684 0.002660 0.000111
2 2 0.000947 0.007681 0.985476 0.003794 0.002102
2 2 0.001008 0.006416 0.927265 0.063640 0.001670
2 2 0.002295 0.003278 0.827824 0.166005 0.000598
2 2 0.000070 0.000773 0.994718 0.004429 0.000010
2 2 0.000144 0.001785 0.992239 0.005638 0.000194
3 2 0.005392 0.000421 0.241929 0.751051 0.001207
3 2 0.000827 0.001725 0.460795 0.536461 0.000193
2 2 0.000097 0.000822 0.683549 0.315223 0.000309
2 2 0.000009 0.000164 0.691137 0.308661 0.000029
2 3 0.000043 0.000702 0.670797 0.326579 0.001879
2 3 0.000000 0.000056 0.523386 0.476557 0.000001
2 3 0.000000 0.000015 0.579891 0.420092 0.000001
3 3 0.000000 0.000002 0.067994 0.932003 0.000000
2 3 0.000032 0.000894 0.938888 0.058771 0.001415
2 3 0.000005 0.000568 0.888784 0.110475 0.000168
3 3 0.000004 0.000045 0.404523 0.595424 0.000003
3 3 0.000005 0.000086 0.249998 0.749904 0.000007
3 3 0.000000 0.000000 0.002805 0.997194 0.000000
3 3 0.000000 0.000000 0.010354 0.989646 0.000000
3 3 0.000000 0.000008 0.262609 0.737377 0.000006
3 3 0.000000 0.000001 0.065273 0.934727 0.000000
2 3 0.000002 0.000074 0.624228 0.375690 0.000007
3 3 0.000002 0.000019 0.164957 0.835015 0.000008
3 3 0.000000 0.000004 0.207952 0.792039 0.000005
3 3 0.000003 0.000031 0.147550 0.852408 0.000009
2 3 0.000018 0.000249 0.628012 0.371711 0.000011
3 3 0.000032 0.000306 0.263315 0.736325 0.000022
3 3 0.000002 0.000080 0.465550 0.534262 0.000105
3 3 0.000000 0.000017 0.054154 0.945820 0.000009
3 3 0.000471 0.000263 0.099297 0.899601 0.000367
3 3 0.000009 0.000024 0.075167 0.924792 0.000009
3 3 0.000004 0.000065 0.288482 0.711447 0.000003
3 3 0.000102 0.001137 0.441899 0.556607 0.000254
3 3 0.000000 0.000003 0.012262 0.987733 0.000001
3 3 0.000002 0.000008 0.016604 0.983377 0.000009
3 3 0.000088 0.000201 0.088062 0.911048 0.000601
3 3 0.000043 0.000090 0.104254 0.895560 0.000053
3 3 0.001817 0.004265 0.469531 0.511919 0.012468
3 3 0.000000 0.000005 0.215339 0.784654 0.000001
3 3 0.000012 0.000081 0.495946 0.503929 0.000032
3 3 0.000002 0.000009 0.018759 0.981226 0.000004
2 2 0.066989 0.019185 0.606522 0.290463 0.016841
0 2 0.990299 0.005136 0.001913 0.000001 0.002650
0 2 0.941920 0.036388 0.018319 0.000010 0.003363
0 2 0.953033 0.023627 0.019587 0.000016 0.003736
2 2 0.203492 0.331698 0.456290 0.000661 0.007859
2 2 0.077446 0.096191 0.824412 0.000343 0.001608
2 2 0.000971 0.010001 0.967504 0.020561 0.000964
2 2 0.004710 0.017108 0.975983 0.000348 0.001850
0 2 0.853280 0.098577 0.026839 0.000015 0.021289
0 2 0.534765 0.375100 0.085590 0.000001 0.004544
0 2 0.374008 0.332809 0.289920 0.000003 0.003260
2 2 0.166768 0.158629 0.671564 0.000213 0.002826
2 2 0.094222 0.209385 0.694603 0.000053 0.001738
2 2 0.112034 0.081930 0.798146 0.004011 0.003878
2 2 0.014947 0.035256 0.949539 0.000070 0.000188
2 2 0.018718 0.078001 0.902282 0.000501 0.000497
2 2 0.022135 0.093674 0.883970 0.000010 0.000210
2 2 0.077389 0.301573 0.619741 0.000026 0.001271
2 2 0.008332 0.061588 0.928933 0.000805 0.000341
2 2 0.059634 0.208304 0.725725 0.001459 0.004877
2 2 0.001386 0.002651 0.940166 0.055744 0.000054
2 2 0.037450 0.025282 0.930864 0.006030 0.000374
2 2 0.000046 0.001242 0.979922 0.018782 0.000009
2 2 0.000099 0.001372 0.933389 0.065121 0.000019
2 2 0.002226 0.001471 0.818135 0.178088 0.000079
2 2 0.015011 0.005801 0.803122 0.175588 0.000479
2 2 0.002236 0.005444 0.975600 0.016597 0.000123
2 2 0.000992 0.009065 0.961935 0.027935 0.000074
2 2 0.000115 0.000681 0.951200 0.047993 0.000011
2 2 0.000010 0.000790 0.946628 0.052570 0.000002
2 2 0.000036 0.000968 0.847238 0.151749 0.000009
3 2 0.000000 0.000002 0.155097 0.844901 0.000000
2 2 0.000010 0.000443 0.878054 0.121488 0.000005
3 2 0.000005 0.000025 0.196678 0.803290 0.000001
3 2 0.000000 0.000001 0.497708 0.502292 0.000000
3 2 0.000000 0.000008 0.214978 0.785014 0.000000
3 2 0.000022 0.000235 0.455129 0.544609 0.000005
3 2 0.000240 0.000366 0.236646 0.762716 0.000031
3 2 0.000002 0.000006 0.237834 0.762159 0.000000
3 2 0.005150 0.002661 0.342103 0.649692 0.000394
3 2 0.000002 0.000022 0.158263 0.841712 0.000001
3 2 0.000152 0.000681 0.229774 0.769184 0.000208
2 2 0.105966 0.073550 0.817953 0.001170 0.001360
0 2 0.914525 0.055342 0.018829 0.000001 0.011302
0 2 0.677763 0.134713 0.173737 0.000147 0.013640
2 2 0.113731 0.315508 0.511294 0.002277 0.057189
2 2 0.028522 0.074868 0.874933 0.000053 0.021624
2 2 0.003861 0.016381 0.967654 0.000682 0.011421
2 2 0.002941 0.007130 0.985869 0.000895 0.003164
2 2 0.006267 0.042780 0.949479 0.000135 0.001340
2 2 0.024029 0.058835 0.912260 0.001630 0.003246
2 2 0.012451 0.014734 0.944814 0.024486 0.003514
2 2 0.011829 0.105569 0.869604 0.000058 0.012941
2 2 0.015747 0.067416 0.908252 0.000324 0.008261
2 2 0.001281 0.013224 0.979602 0.003446 0.002447
2 2 0.000062 0.010388 0.985847 0.001581 0.002122
2 2 0.000002 0.000268 0.987963 0.011736 0.000031
2 2 0.000081 0.005122 0.984557 0.009948 0.000292
2 2 0.000077 0.000713 0.843930 0.155123 0.000158
3 2 0.000097 0.000197 0.258357 0.741275 0.000075
2 2 0.001017 0.005706 0.981533 0.010801 0.000942
2 2 0.000020 0.001358 0.978985 0.019095 0.000543
2 2 0.000024 0.000895 0.973574 0.025391 0.000116
2 3 0.000008 0.001028 0.947804 0.050857 0.000304
2 3 0.000845 0.006423 0.903007 0.081307 0.008418
2 3 0.000009 0.000984 0.887440 0.111440 0.000126
2 3 0.000039 0.001298 0.966240 0.032106 0.000318
3 3 0.000001 0.000008 0.326020 0.673971 0.000001
2 3 0.000000 0.000042 0.751887 0.248066 0.000005
2 3 0.000005 0.000314 0.688496 0.311168 0.000016
2 3 0.000958 0.006314 0.879723 0.111333 0.001672
3 3 0.000009 0.000157 0.114417 0.885396 0.000021
3 3 0.000235 0.000228 0.174811 0.823568 0.001159
3 3 0.000006 0.000044 0.262962 0.736928 0.000060
3 3 0.000002 0.000069 0.230483 0.769435 0.000011
3 3 0.000027 0.000476 0.442120 0.557303 0.000074
2 3 0.000002 0.000445 0.958767 0.040658 0.000127
2 3 0.000000 0.000208 0.942156 0.057546 0.000090
2 3 0.000077 0.003215 0.617463 0.378162 0.001082
3 3 0.000004 0.000072 0.139783 0.859885 0.000256
2 3 0.000000 0.000002 0.835224 0.164774 0.000000
3 3 0.000000 0.000000 0.056688 0.943311 0.000000
3 3 0.000003 0.000063 0.163232 0.836697 0.000006
3 3 0.000000 0.000003 0.056153 0.943844 0.000000
3 3 0.000106 0.000211 0.199436 0.799288 0.000959
3 3 0.000001 0.000122 0.169421 0.830300 0.000155
3 3 0.000000 0.000020 0.383078 0.616895 0.000006
2 3 0.000100 0.000208 0.619420 0.380216 0.000056
3 3 0.000447 0.000613 0.063075 0.935644 0.000221
2 2 0.000487 0.009603 0.949276 0.040566 0.000067
2 2 0.241504 0.306364 0.444948 0.000002 0.007181
0 2 0.915241 0.034352 0.045321 0.000006 0.005080
1 1 0.357792 0.501728 0.118593 0.000000 0.021887
0 1 0.883236 0.086857 0.021174 0.000001 0.008731
2 1 0.030565 0.212784 0.752558 0.000118 0.003975
2 1 0.015827 0.192608 0.772357 0.000256 0.018951
2 2 0.040503 0.159819 0.784126 0.000003 0.015549
2 2 0.154188 0.102088 0.739259 0.000126 0.004339
0 2 0.779874 0.113600 0.048508 0.000082 0.057936
0 2 0.839912 0.117663 0.029275 0.000001 0.013149
0 2 0.558860 0.231312 0.047860 0.000000 0.161968
0 1 0.951724 0.025004 0.005486 0.000000 0.017786
2 1 0.011865 0.070761 0.916252 0.000092 0.001031
2 1 0.046512 0.080082 0.872840 0.000013 0.000553
0 1 0.510220 0.150632 0.330644 0.000418 0.008085
0 2 0.648683 0.101468 0.244096 0.000153 0.005601
0 2 0.372633 0.277989 0.347244 0.000001 0.002133
2 2 0.000792 0.044535 0.951968 0.000065 0.002640
2 2 0.121630 0.254370 0.588917 0.000118 0.034966
2 2 0.051902 0.300403 0.508130 0.000073 0.139492
2 2 0.010829 0.143694 0.441116 0.000015 0.404347
4 2 0.036722 0.199999 0.222494 0.000027 0.540758
0 4 0.953836 0.028957 0.006467 0.000001 0.010739
2 4 0.348526 0.131106 0.473814 0.000225 0.046329
4 4 0.004355 0.049037 0.090126 0.000006 0.856476
4 4 0.009152 0.056331 0.094850 0.000001 0.839665
4 4 0.012850 0.010801 0.163539 0.000022 0.812788
4 4 0.009109 0.010719 0.061559 0.000038 0.918574
4 4 0.001415 0.011692 0.049287 0.000011 0.937595
4 4 0.006670 0.047746 0.127863 0.000005 0.817716
4 4 0.005499 0.027648 0.102649 0.000023 0.864182
4 4 0.003266 0.027254 0.072552 0.000015 0.896913
4 4 0.002467 0.045206 0.191747 0.000007 0.760573
4 4 0.013236 0.080356 0.123860 0.000028 0.782519
4 4 0.000692 0.027681 0.305017 0.000014 0.666595
4 4 0.004852 0.015426 0.042433 0.000008 0.937281
4 4 0.004613 0.004816 0.012435 0.000009 0.978127
4 4 0.002733 0.002625 0.004598 0.000000 0.990044
4 4 0.002167 0.036924 0.365822 0.000042 0.595045
4 4 0.001577 0.022598 0.262601 0.000065 0.713158
4 4 0.019308 0.007784 0.024107 0.000009 0.948793
4 4 0.068323 0.014363 0.012736 0.000025 0.904553
4 4 0.066031 0.005267 0.002533 0.000004 0.926165
4 4 0.023199 0.020035 0.009291 0.000017 0.947457
4 4 0.138719 0.002599 0.001579 0.000025 0.857078
4 4 0.065276 0.005275 0.002958 0.000021 0.926471
4 4 0.161047 0.009851 0.031305 0.000000 0.797797
4 4 0.014887 0.020253 0.094849 0.000001 0.870011
4 4 0.002428 0.010838 0.314169 0.000149 0.672416
4 4 0.008304 0.008707 0.077197 0.000071 0.905721
4 4 0.060938 0.014125 0.057710 0.000023 0.867204
4 4 0.001824 0.009793 0.025729 0.000012 0.962641
0 4 0.482486 0.015824 0.165583 0.000089 0.336019
0 4 0.598491 0.304070 0.079812 0.000018 0.017609
4 4 0.005542 0.032754 0.169920 0.000102 0.791683
4 4 0.011613 0.030646 0.023780 0.000002 0.933959
2 4 0.015664 0.230744 0.580680 0.000113 0.172799
2 4 0.008130 0.171491 0.419265 0.000157 0.400956
4 4 0.059737 0.026699 0.121333 0.000133 0.792099
4 4 0.005012 0.103456 0.261077 0.000062 0.630393
4 4 0.010104 0.008727 0.109463 0.000079 0.871628
4 4 0.037774 0.005609 0.004738 0.000007 0.951872
4 4 0.055390 0.000624 0.000736 0.000628 0.942622
4 4 0.025466 0.003695 0.002722 0.000081 0.968036
4 4 0.077063 0.005738 0.003372 0.000048 0.913779
4 4 0.030432 0.006479 0.004413 0.000128 0.958548
4 4 0.005155 0.014364 0.038997 0.000086 0.941398
4 4 0.004581 0.005966 0.027195 0.000279 0.961979
4 4 0.043978 0.005044 0.034152 0.000833 0.915992
4 4 0.165633 0.005227 0.003790 0.000208 0.825142
4 4 0.033481 0.012118 0.005651 0.000009 0.948741
4 4 0.020304 0.051817 0.055443 0.000020 0.872417
4 4 0.095582 0.001423 0.001176 0.000083 0.901736
4 4 0.132668 0.000631 0.000439 0.000006 0.866256
4 4 0.047191 0.002811 0.001819 0.000008 0.948170
4 4 0.073082 0.011356 0.005188 0.000013 0.910362
4 4 0.007021 0.058767 0.145855 0.000008 0.788350
4 4 0.011435 0.070466 0.144295 0.000006 0.773797
4 4 0.258291 0.005931 0.004399 0.000998 0.730381
4 4 0.022346 0.013422 0.044416 0.000201 0.919615
0 4 0.909646 0.007456 0.002104 0.000000 0.080795
4 1 0.135485 0.012459 0.030533 0.000015 0.821508
4 1 0.012314 0.017014 0.173391 0.000003 0.797278
4 1 0.008294 0.013759 0.107805 0.000002 0.870140
2 2 0.000246 0.005800 0.614987 0.000026 0.378940
4 2 0.005824 0.007898 0.352677 0.000056 0.633545
2 2 0.000405 0.010828 0.737232 0.000025 0.251510
2 2 0.000235 0.003448 0.904314 0.000043 0.091960
2 2 0.001438 0.008624 0.714506 0.000144 0.275288
2 2 0.000015 0.001488 0.943423 0.001109 0.053965
4 2 0.020767 0.002641 0.068303 0.000037 0.908251
4 2 0.002647 0.000442 0.013637 0.000001 0.983273
2 2 0.000547 0.001251 0.996169 0.000667 0.001367
2 2 0.073224 0.031012 0.855063 0.000238 0.040463
2 2 0.050250 0.003093 0.903845 0.001899 0.040913
2 2 0.048039 0.006415 0.933285 0.007497 0.004764
2 2 0.340784 0.057467 0.585000 0.000070 0.016679
0 2 0.555275 0.115356 0.299373 0.000002 0.029994
0 2 0.688775 0.035915 0.262251 0.000006 0.013054
2 2 0.237617 0.038972 0.708902 0.000168 0.014341
2 2 0.409562 0.011132 0.518258 0.000999 0.060050
2 2 0.040855 0.009311 0.946678 0.000099 0.003058
2 2 0.018784 0.013156 0.964817 0.000025 0.003219
2 2 0.001138 0.003068 0.992541 0.000358 0.002896
2 2 0.381942 0.011155 0.599747 0.001319 0.005837
2 2 0.105073 0.011314 0.878133 0.000414 0.005067
2 2 0.442166 0.020117 0.527896 0.000076 0.009744
0 2 0.517337 0.023339 0.443853 0.000151 0.015320
2 2 0.000076 0.000215 0.977359 0.022307 0.000043
2 2 0.001317 0.001526 0.996544 0.000379 0.000234
2 2 0.009499 0.024459 0.957115 0.000018 0.008908
2 2 0.083318 0.015476 0.892342 0.006240 0.002624
2 2 0.002266 0.001140 0.995088 0.000636 0.000870
2 2 0.105602 0.003221 0.763771 0.124412 0.002993
2 2 0.000688 0.000452 0.990912 0.007246 0.000702
2 2 0.040869 0.005555 0.927067 0.022533 0.003975
2 2 0.000001 0.000011 0.992608 0.007379 0.000001
2 2 0.000000 0.000007 0.997187 0.002806 0.000000
0 2 0.869805 0.017322 0.099898 0.000293 0.012681
2 2 0.220814 0.003532 0.763370 0.008734 0.003549
2 2 0.146022 0.010098 0.749550 0.085187 0.009142
3 2 0.000205 0.000388 0.468682 0.530462 0.000262
2 2 0.000020 0.000111 0.993485 0.006337 0.000048
2 2 0.000033 0.000241 0.981176 0.018362 0.000188
2 2 0.001447 0.001990 0.988236 0.007745 0.000582
2 2 0.000128 0.000234 0.745937 0.253589 0.000112
2 2 0.002766 0.000404 0.677633 0.319009 0.000188
2 3 0.004038 0.001081 0.751581 0.242951 0.000349
2 3 0.000044 0.000195 0.822674 0.176909 0.000178
2 3 0.001029 0.001056 0.876770 0.120869 0.000277
2 3 0.000002 0.000090 0.847417 0.152145 0.000346
2 3 0.000000 0.000020 0.895632 0.104347 0.000001
3 3 0.000001 0.000011 0.185386 0.814589 0.000012
3 3 0.000000 0.000003 0.480969 0.519025 0.000003
3 3 0.000045 0.000059 0.274656 0.725232 0.000009
3 3 0.000000 0.000000 0.005708 0.994292 0.000000
3 3 0.000045 0.000040 0.224568 0.775338 0.000009
3 3 0.000000 0.000004 0.435785 0.564211 0.000000
3 3 0.000000 0.000000 0.029284 0.970715 0.000000
3 3 0.000009 0.000007 0.035717 0.964264 0.000002
3 3 0.000000 0.000000 0.000756 0.999243 0.000000
3 3 0.000000 0.000000 0.046718 0.953282 0.000000
3 3 0.000000 0.000000 0.005113 0.994886 0.000000
3 3 0.000000 0.000000 0.005907 0.994092 0.000001
3 3 0.000019 0.000003 0.006854 0.993028 0.000095
3 3 0.000302 0.000031 0.001621 0.996952 0.001094
3 3 0.000000 0.000000 0.009207 0.990791 0.000002
3 3 0.000020 0.000143 0.406687 0.587453 0.005698
3 3 0.000000 0.000000 0.004559 0.995441 0.000000
3 3 0.000000 0.000001 0.013564 0.986424 0.000011
2 3 0.000033 0.000267 0.660832 0.337011 0.001857
3 3 0.000000 0.000000 0.004162 0.995837 0.000000
3 3 0.000000 0.000000 0.001728 0.998271 0.000000
3 3 0.000000 0.000002 0.012510 0.987464 0.000024
3 3 0.000000 0.000000 0.000727 0.999272 0.000001
3 3 0.000000 0.000000 0.004089 0.995911 0.000000
2 3 0.000001 0.000013 0.787708 0.212213 0.000065
3 3 0.000000 0.000000 0.120684 0.879317 0.000000
3 3 0.000000 0.000001 0.156457 0.843540 0.000002
3 3 0.000000 0.000005 0.216974 0.783015 0.000005
3 3 0.000000 0.000000 0.000878 0.999122 0.000000
3 3 0.000000 0.000000 0.027889 0.972111 0.000000
3 3 0.000003 0.000050 0.226298 0.773337 0.000312
3 3 0.000000 0.000001 0.005923 0.994074 0.000002
3 3 0.000000 0.000001 0.148123 0.851872 0.000005
3 3 0.000000 0.000000 0.061431 0.938569 0.000000
3 3 0.000000 0.000005 0.023262 0.976509 0.000224
3 3 0.000000 0.000000 0.012540 0.987455 0.000004
3 3 0.000000 0.000000 0.003968 0.996032 0.000000
3 3 0.000026 0.000030 0.020629 0.978868 0.000448
3 3 0.000000 0.000000 0.002649 0.997350 0.000001
3 3 0.000000 0.000000 0.026788 0.973212 0.000000
3 3 0.000007 0.000008 0.035886 0.963994 0.000105
3 3 0.000003 0.000054 0.267154 0.732658 0.000131
3 3 0.000000 0.000000 0.000807 0.999193 0.000000
3 3 0.000000 0.000000 0.004675 0.995325 0.000000
3 3 0.000001 0.000005 0.013529 0.986404 0.000061
3 3 0.000000 0.000001 0.001812 0.998171 0.000016
3 3 0.000000 0.000000 0.011341 0.988657 0.000002
3 3 0.000000 0.000000 0.001398 0.998601 0.000000
3 3 0.000000 0.000000 0.051300 0.948695 0.000004
3 3 0.000000 0.000000 0.013549 0.986449 0.000002
2 3 0.302286 0.012951 0.356052 0.278780 0.049931
0 0 0.775148 0.126698 0.096444 0.000023 0.001687
4 0 0.266080 0.259490 0.062544 0.000000 0.411886
4 0 0.123388 0.085258 0.038970 0.000000 0.752385
4 0 0.026539 0.386718 0.131542 0.000000 0.455202
2 0 0.000302 0.029122 0.963747 0.000125 0.006704
0 0 0.992041 0.001171 0.002899 0.000164 0.003725
2 1 0.006274 0.017010 0.769810 0.002382 0.204524
4 1 0.016011 0.001278 0.428698 0.000758 0.553255
0 0 0.454297 0.017271 0.363598 0.000007 0.164828
0 0 0.996609 0.000527 0.000189 0.000000 0.002675
0 0 0.692872 0.000562 0.000230 0.000000 0.306335
0 1 0.588258 0.005014 0.398839 0.002005 0.005884
2 1 0.476159 0.005501 0.506718 0.006117 0.005506
2 2 0.191609 0.019103 0.783064 0.000008 0.006217
2 2 0.398521 0.003060 0.597600 0.000300 0.000519
2 2 0.038649 0.023258 0.933335 0.000032 0.004726
2 2 0.033257 0.017768 0.930266 0.000185 0.018524
0 2 0.961550 0.001596 0.033329 0.000057 0.003468
0 2 0.576363 0.005380 0.416142 0.000382 0.001733
2 2 0.000351 0.002990 0.995131 0.000874 0.000654
2 2 0.000254 0.000942 0.998058 0.000475 0.000272
2 2 0.108569 0.003858 0.882995 0.000480 0.004098
2 2 0.011002 0.000553 0.903883 0.078918 0.005645
2 2 0.001751 0.012819 0.981318 0.000008 0.004104
2 2 0.372089 0.032986 0.440854 0.002027 0.152044
2 2 0.419564 0.043198 0.471373 0.000319 0.065546
2 2 0.011586 0.002933 0.862627 0.000012 0.122841
2 2 0.000009 0.000342 0.984952 0.002287 0.012410
2 2 0.012811 0.004309 0.621461 0.003699 0.357720
2 2 0.251888 0.112770 0.470959 0.000021 0.164362
2 2 0.066977 0.037309 0.618973 0.000031 0.276710
0 2 0.810961 0.156506 0.030460 0.000000 0.002073
0 2 0.971016 0.008364 0.015280 0.000022 0.005318
2 2 0.000122 0.001223 0.962419 0.000190 0.036046
2 2 0.000060 0.002535 0.995949 0.000003 0.001453
2 2 0.000557 0.001145 0.990033 0.000481 0.007784
2 2 0.001006 0.000434 0.919349 0.078980 0.000232
2 2 0.000002 0.000097 0.999649 0.000095 0.000156
2 2 0.000000 0.000013 0.999757 0.000051 0.000179
2 2 0.000011 0.000257 0.952399 0.000021 0.047311
2 2 0.000006 0.000271 0.973048 0.000519 0.026155
4 2 0.000583 0.000636 0.423199 0.000005 0.575578
4 2 0.000018 0.000292 0.471752 0.000005 0.527933
2 2 0.000546 0.001236 0.814171 0.000336 0.183711
2 2 0.000179 0.000477 0.930682 0.000968 0.067694
2 2 0.000086 0.000352 0.863059 0.000067 0.136435
2 2 0.000213 0.000861 0.879729 0.005960 0.113236
2 2 0.000427 0.001685 0.648038 0.000068 0.349783
2 2 0.002833 0.001431 0.733181 0.000095 0.262459
2 2 0.000048 0.000050 0.988564 0.002951 0.008386
2 2 0.000000 0.000001 0.996543 0.003235 0.000221
2 2 0.000194 0.001176 0.712625 0.000017 0.285988
2 2 0.000077 0.000137 0.785367 0.001191 0.213228
2 2 0.000003 0.000136 0.978822 0.000006 0.021033
2 2 0.000009 0.000288 0.926952 0.000107 0.072643
2 2 0.001876 0.000810 0.907297 0.001405 0.088612
2 2 0.002594 0.000647 0.893533 0.001689 0.101538
2 2 0.002327 0.001083 0.923116 0.047306 0.026168
2 2 0.000017 0.000077 0.986611 0.005595 0.007701
2 2 0.000002 0.000076 0.921538 0.077473 0.000910
2 2 0.000042 0.000044 0.847123 0.150966 0.001825
2 2 0.000000 0.000003 0.930898 0.068779 0.000320
2 2 0.000183 0.000127 0.911984 0.028310 0.059396
2 2 0.000022 0.000162 0.932027 0.000237 0.067551
2 2 0.000001 0.000050 0.996247 0.000210 0.003492
2 2 0.000000 0.000068 0.993799 0.000688 0.005445
2 2 0.000003 0.000026 0.994626 0.001142 0.004204
2 2 0.000103 0.000304 0.963011 0.009916 0.026666
2 2 0.000020 0.000027 0.951296 0.047920 0.000736
2 2 0.000000 0.000011 0.971037 0.028312 0.000640
2 2 0.000002 0.000169 0.923573 0.000100 0.076156
2 2 0.000000 0.000068 0.992796 0.000802 0.006333
2 2 0.000004 0.000036 0.989493 0.002685 0.007783
2 2 0.000000 0.000061 0.995345 0.002172 0.002422
2 2 0.000001 0.000003 0.883690 0.116260 0.000047
2 2 0.000106 0.000178 0.895119 0.022396 0.082201
2 2 0.000066 0.000203 0.918775 0.064984 0.015972
2 2 0.000001 0.000010 0.994143 0.003682 0.002165
2 2 0.000001 0.000007 0.909863 0.089820 0.000310
2 2 0.000005 0.000110 0.957993 0.041569 0.000323
2 2 0.000000 0.000006 0.654031 0.345911 0.000052
2 2 0.006979 0.000203 0.945935 0.013479 0.033403
2 2 0.021242 0.000292 0.700295 0.214937 0.063235
2 2 0.000040 0.001159 0.976594 0.000078 0.022128
2 2 0.000150 0.000071 0.618378 0.372210 0.009191
2 2 0.001013 0.000251 0.825166 0.170787 0.002783
2 2 0.005297 0.000478 0.824612 0.052231 0.117381
2 2 0.000857 0.000876 0.935585 0.000282 0.062399
2 2 0.000430 0.000284 0.991573 0.003652 0.004061
2 2 0.009286 0.006478 0.917082 0.001145 0.066009
0 0 0.953453 0.037134 0.008650 0.000000 0.000763
2 1 0.355626 0.057673 0.584263 0.000919 0.001520
0 1 0.756519 0.066799 0.169703 0.000638 0.006341
2 2 0.189434 0.053519 0.749712 0.000143 0.007191
2 2 0.000642 0.022866 0.976117 0.000020 0.000356
2 2 0.020801 0.015617 0.933897 0.020936 0.008748
2 2 0.005238 0.023720 0.963794 0.000584 0.006664
4 2 0.273910 0.106850 0.076528 0.000009 0.542704
2 2 0.000386 0.009168 0.980460 0.000011 0.009974
2 2 0.014605 0.100934 0.715661 0.000028 0.168772
2 2 0.002247 0.009783 0.933785 0.000084 0.054102
0 1 0.986690 0.008364 0.002890 0.000000 0.002056
0 1 0.553607 0.106848 0.275853 0.000000 0.063692
2 1 0.019009 0.170453 0.792978 0.000001 0.017560
2 1 0.002457 0.026289 0.969002 0.000004 0.002248
2 1 0.000003 0.004534 0.991119 0.000001 0.004343
2 2 0.000001 0.000650 0.992542 0.000002 0.006805
2 2 0.000076 0.013186 0.959663 0.000000 0.027075
2 2 0.006881 0.057154 0.748726 0.000006 0.187233
4 2 0.000384 0.008569 0.388676 0.000013 0.602357
2 2 0.000176 0.007236 0.779641 0.000043 0.212905
2 2 0.000000 0.000008 0.997706 0.000000 0.002286
2 2 0.000000 0.000020 0.997034 0.000000 0.002946
4 4 0.000158 0.001914 0.489241 0.000002 0.508685
2 4 0.002078 0.002890 0.533919 0.000011 0.461102
4 4 0.016225 0.001374 0.283314 0.000150 0.698937
4 4 0.008306 0.001211 0.098853 0.000030 0.891600
2 4 0.000675 0.002827 0.668500 0.000053 0.327944
2 4 0.000887 0.000679 0.758584 0.000036 0.239814
2 4 0.000049 0.000317 0.967618 0.000008 0.032009
2 4 0.000208 0.000816 0.907625 0.000008 0.091343
2 4 0.001787 0.004062 0.915147 0.000198 0.078805
2 4 0.000032 0.001995 0.967688 0.000167 0.030118
2 4 0.000585 0.000257 0.857698 0.000142 0.141318
4 4 0.000259 0.004605 0.395169 0.000004 0.599962
2 4 0.000150 0.009718 0.785775 0.000004 0.204354
4 4 0.032631 0.002451 0.001255 0.000001 0.963663
2 4 0.000002 0.000999 0.625674 0.000000 0.373324
4 4 0.000013 0.003347 0.429202 0.000000 0.567438
4 4 0.000090 0.000647 0.010340 0.000000 0.988923
4 4 0.001967 0.003712 0.377764 0.000638 0.615919
4 4 0.010360 0.001280 0.101834 0.000021 0.886504
4 4 0.000594 0.000108 0.002960 0.000000 0.996339
4 4 0.140241 0.000581 0.055148 0.000074 0.803956
4 4 0.001263 0.005734 0.260397 0.000000 0.732606
2 4 0.000000 0.000070 0.946504 0.000001 0.053425
2 4 0.000000 0.000116 0.817193 0.000001 0.182690
4 4 0.196337 0.000198 0.009111 0.000224 0.794130
4 4 0.008280 0.000302 0.001494 0.000000 0.989924
4 4 0.084160 0.000455 0.001507 0.000014 0.913864
4 4 0.011873 0.000447 0.001630 0.000061 0.985989
4 4 0.000285 0.000417 0.033972 0.000000 0.965326
4 4 0.000025 0.000418 0.049419 0.000000 0.950138
2 4 0.000010 0.000159 0.832821 0.000011 0.166999
2 4 0.000002 0.000095 0.954568 0.000006 0.045329
4 4 0.000403 0.000728 0.021415 0.000000 0.977453
0 4 0.913704 0.001589 0.000430 0.000000 0.084277
4 4 0.000035 0.004081 0.068669 0.000000 0.927214
4 4 0.000021 0.001043 0.259884 0.000000 0.739051
2 4 0.000414 0.000085 0.871747 0.000079 0.127675
0 0 0.994821 0.000258 0.004637 0.000004 0.000280
2 4 0.002358 0.009818 0.839530 0.000363 0.147931
2 4 0.000063 0.004535 0.945997 0.000030 0.049376
2 4 0.000056 0.007468 0.624354 0.000000 0.368122
2 4 0.000026 0.003414 0.853039 0.000001 0.143519
2 4 0.000012 0.005694 0.791834 0.000001 0.202459
2 4 0.000031 0.006019 0.801027 0.000015 0.192908
2 4 0.000813 0.015781 0.535659 0.000003 0.447745
2 4 0.000082 0.009903 0.676462 0.000018 0.313535
4 4 0.002191 0.018423 0.440869 0.000140 0.538377
4 4 0.026752 0.002793 0.000876 0.000000 0.969578
2 4 0.000077 0.008131 0.840967 0.000018 0.150807
2 4 0.000115 0.002859 0.870392 0.000101 0.126533
4 4 0.001845 0.007488 0.150995 0.000011 0.839661
4 4 0.000013 0.006602 0.286040 0.000000 0.707345
2 4 0.000020 0.004961 0.511055 0.000000 0.483964
2 4 0.000018 0.003295 0.727029 0.000001 0.269657
4 4 0.000214 0.022064 0.106615 0.000001 0.871107
4 4 0.000265 0.005909 0.070575 0.000001 0.923250
2 4 0.000771 0.005525 0.889600 0.012932 0.091171
2 4 0.000303 0.011768 0.664184 0.000114 0.323631
2 4 0.001009 0.006491 0.692637 0.000095 0.299768
2 4 0.000621 0.004768 0.721014 0.000251 0.273345
2 4 0.000020 0.006686 0.935547 0.000086 0.057660
2 4 0.000000 0.001288 0.942691 0.000002 0.056019
2 1 0.000000 0.000653 0.992487 0.000070 0.006790
2 2 0.000186 0.003981 0.892142 0.000385 0.103306
4 2 0.000432 0.012820 0.478449 0.000011 0.508288
2 2 0.001827 0.017016 0.844057 0.000130 0.136970
2 2 0.000114 0.006590 0.588357 0.000011 0.404929
4 2 0.001022 0.020195 0.245866 0.000001 0.732916
4 2 0.000278 0.003638 0.168210 0.000000 0.827874
2 2 0.000035 0.006955 0.782959 0.000001 0.210051
2 2 0.000006 0.001760 0.941681 0.000009 0.056544
2 2 0.000026 0.001623 0.907338 0.000042 0.090972
2 2 0.000033 0.003301 0.736957 0.000003 0.259706
4 2 0.000176 0.003547 0.472468 0.000002 0.523808
2 2 0.000002 0.000655 0.943354 0.000003 0.055986
4 2 0.000035 0.002839 0.261069 0.000001 0.736056
2 2 0.000013 0.001731 0.893902 0.000010 0.104345
2 2 0.000033 0.007080 0.858956 0.000010 0.133921
2 2 0.000043 0.004703 0.963483 0.000385 0.031386
2 2 0.000470 0.007061 0.652629 0.000025 0.339814
2 2 0.000009 0.011009 0.501800 0.000003 0.487178
2 2 0.000008 0.001508 0.960065 0.000828 0.037590
2 2 0.000007 0.007745 0.533321 0.000001 0.458926
4 2 0.000107 0.005259 0.315817 0.000000 0.678817
2 2 0.000001 0.001953 0.935100 0.000003 0.062943
2 2 0.000014 0.001920 0.878477 0.000031 0.119557
2 2 0.000033 0.005700 0.849434 0.000101 0.144732
2 2 0.000090 0.006675 0.595826 0.000022 0.397387
2 2 0.000001 0.001325 0.975380 0.000002 0.023292
2 2 0.000001 0.001240 0.927000 0.000003 0.071756
2 2 0.000002 0.001097 0.957262 0.000009 0.041630
2 2 0.000017 0.005215 0.812853 0.000015 0.181900
2 2 0.000636 0.003985 0.633940 0.000019 0.361420
2 2 0.000070 0.002488 0.684685 0.000010 0.312747
2 2 0.000186 0.003157 0.600833 0.000228 0.395595
2 2 0.002591 0.010043 0.732409 0.000541 0.254415
2 2 0.000582 0.007658 0.728080 0.000072 0.263609
2 2 0.000322 0.025517 0.757320 0.000085 0.216757
2 2 0.000062 0.001260 0.953189 0.018295 0.027196
2 2 0.008489 0.012243 0.650875 0.009658 0.318736
2 2 0.000003 0.003581 0.834256 0.000013 0.162146
2 2 0.000191 0.007016 0.732733 0.000172 0.259888
2 2 0.000013 0.010091 0.865651 0.000142 0.124103
2 2 0.000000 0.000418 0.994833 0.000759 0.003990
2 2 0.000980 0.015788 0.618915 0.000320 0.363997
2 2 0.000003 0.001552 0.979861 0.001329 0.017255
2 2 0.000049 0.001915 0.929085 0.002216 0.066735
2 2 0.000004 0.002682 0.962163 0.000187 0.034964
2 2 0.000118 0.002300 0.911248 0.009418 0.076917
2 2 0.000053 0.001115 0.821318 0.162415 0.015098
2 2 0.000263 0.011158 0.697128 0.000285 0.291166
2 2 0.000005 0.011136 0.854861 0.000433 0.133565
2 2 0.000688 0.002248 0.796290 0.001709 0.199066
4 2 0.000157 0.008774 0.382682 0.000008 0.608378
4 2 0.000939 0.004636 0.099770 0.000017 0.894638
4 2 0.031754 0.003230 0.181725 0.002470 0.780820
2 2 0.008179 0.047572 0.755840 0.000049 0.188361
2 2 0.001941 0.018428 0.935112 0.001175 0.043345
0 0 0.992588 0.005531 0.001556 0.000000 0.000325
2 1 0.015233 0.024563 0.958619 0.000950 0.000634
2 1 0.001976 0.020342 0.977541 0.000077 0.000065
1 2 0.081322 0.556053 0.357468 0.000000 0.005156
2 2 0.045870 0.147272 0.799048 0.000426 0.007384
2 2 0.001807 0.030706 0.963353 0.003977 0.000158
2 2 0.045071 0.064439 0.890215 0.000003 0.000272
2 2 0.124591 0.094644 0.778968 0.000004 0.001793
2 2 0.026406 0.042442 0.919063 0.000100 0.011988
2 2 0.012404 0.026930 0.956129 0.003531 0.001006
2 2 0.001142 0.005824 0.991507 0.001019 0.000507
2 2 0.005630 0.023101 0.963908 0.004284 0.003077
2 2 0.021832 0.034894 0.940721 0.000366 0.002186
2 2 0.000763 0.021664 0.976964 0.000261 0.000347
2 2 0.010970 0.019092 0.966132 0.002505 0.001301
2 2 0.000268 0.007444 0.991569 0.000594 0.000125
2 2 0.011677 0.017741 0.969159 0.000650 0.000772
2 2 0.065039 0.041167 0.891145 0.001794 0.000856
2 2 0.014715 0.003130 0.976913 0.004952 0.000289
2 2 0.007083 0.058110 0.930919 0.000203 0.003685
2 2 0.000999 0.002364 0.996182 0.000444 0.000011
2 2 0.000020 0.000209 0.999503 0.000267 0.000001
2 2 0.109651 0.014275 0.874717 0.000486 0.000871
2 2 0.000290 0.000426 0.986005 0.013266 0.000013
2 2 0.000161 0.000611 0.996664 0.002556 0.000008
2 2 0.156703 0.035892 0.806210 0.000077 0.001119
2 2 0.005679 0.026277 0.966275 0.000737 0.001033
2 2 0.000813 0.016836 0.979530 0.002776 0.000044
2 2 0.000310 0.005227 0.991388 0.001331 0.001743
2 2 0.003204 0.008506 0.984995 0.000878 0.002417
2 2 0.004488 0.067973 0.920704 0.000006 0.006828
2 2 0.057312 0.065237 0.868508 0.000096 0.008847
2 2 0.022534 0.063467 0.846093 0.000375 0.067531
2 2 0.004245 0.009815 0.979678 0.003176 0.003087
2 2 0.000009 0.000143 0.992764 0.006982 0.000102
2 2 0.000004 0.000140 0.996265 0.003576 0.000015
2 2 0.001857 0.003565 0.987217 0.005672 0.001689
2 2 0.000092 0.001192 0.997820 0.000615 0.000281
2 2 0.000346 0.011715 0.985614 0.000110 0.002216
2 2 0.000082 0.012768 0.985477 0.000050 0.001623
2 2 0.011407 0.038723 0.943645 0.001275 0.004949
2 2 0.017288 0.032666 0.943914 0.000130 0.006002
2 2 0.000266 0.002412 0.979865 0.016652 0.000805
2 2 0.000201 0.004542 0.993557 0.000502 0.001198
2 2 0.005439 0.019412 0.969217 0.001585 0.004347
2 2 0.000912 0.008578 0.983301 0.000576 0.006632
2 2 0.006605 0.002568 0.939376 0.050747 0.000704
2 2 0.386813 0.067727 0.446917 0.007618 0.090925
2 2 0.010382 0.013073 0.935078 0.013863 0.027605
2 2 0.016841 0.009529 0.913463 0.045882 0.014286
2 2 0.000014 0.001263 0.988600 0.009959 0.000164
2 2 0.000005 0.000386 0.670727 0.328728 0.000154
2 2 0.027307 0.011534 0.892995 0.057997 0.010167
2 2 0.106066 0.013205 0.865883 0.006163 0.008684
2 2 0.000459 0.001965 0.971026 0.025440 0.001111
2 2 0.000099 0.001030 0.991712 0.006704 0.000455
2 2 0.000024 0.002017 0.991966 0.003998 0.001995
2 2 0.000735 0.006863 0.926625 0.056193 0.009583
0 1 0.984255 0.012735 0.002648 0.000000 0.000361
0 2 0.639667 0.049980 0.289466 0.000400 0.020488
2 0 0.165597 0.284026 0.550315 0.000000 0.000061
0 0 0.994183 0.002880 0.001264 0.000005 0.001667
0 0 0.741157 0.111339 0.135790 0.000084 0.011630
2 0 0.248738 0.077968 0.671705 0.000012 0.001577
2 0 0.001650 0.006283 0.991681 0.000002 0.000383
2 1 0.000083 0.011058 0.988746 0.000005 0.000108
2 1 0.000100 0.007166 0.992272 0.000000 0.000462
2 1 0.005781 0.018045 0.974562 0.000018 0.001594
2 1 0.000497 0.006357 0.989925 0.000013 0.003209
2 2 0.006672 0.015038 0.978156 0.000003 0.000131
2 2 0.000022 0.001895 0.997857 0.000149 0.000075
2 2 0.000060 0.001279 0.997121 0.000134 0.001406
2 2 0.000322 0.012428 0.987097 0.000000 0.000152
2 2 0.000309 0.019521 0.979662 0.000000 0.000507
2 2 0.001117 0.011505 0.963402 0.000050 0.023926
2 2 0.000032 0.003787 0.994448 0.000006 0.001727
2 2 0.000399 0.001907 0.997572 0.000002 0.000119
2 2 0.000154 0.003181 0.996353 0.000027 0.000286
2 2 0.001625 0.000749 0.997299 0.000047 0.000281
2 2 0.009377 0.007377 0.976301 0.000000 0.006945
2 2 0.000264 0.016296 0.977682 0.000000 0.005758
2 2 0.000050 0.008687 0.989858 0.000005 0.001400
2 2 0.043040 0.055435 0.892774 0.000038 0.008713
2 2 0.111892 0.020912 0.861587 0.000031 0.005578
0 0 0.999685 0.000134 0.000145 0.000000 0.000036
0 0 0.999967 0.000001 0.000001 0.000000 0.000032
2 1 0.000030 0.000702 0.998850 0.000000 0.000417
2 1 0.000010 0.004928 0.985301 0.000000 0.009761
2 2 0.000709 0.000686 0.994610 0.000049 0.003945
2 2 0.000015 0.000691 0.998972 0.000000 0.000322
2 2 0.000185 0.002291 0.977000 0.000000 0.020525
2 2 0.012402 0.001403 0.675948 0.000230 0.310017
2 2 0.000072 0.000889 0.989240 0.000052 0.009748
2 2 0.000000 0.000066 0.999821 0.000004 0.000109
2 2 0.000613 0.004409 0.846872 0.000002 0.148104
2 2 0.000131 0.003209 0.919711 0.000028 0.076920
2 2 0.006394 0.000540 0.927572 0.030059 0.035435
2 2 0.000984 0.000173 0.863955 0.098066 0.036821
2 2 0.000000 0.000592 0.998489 0.000000 0.000918
2 2 0.000010 0.003152 0.934600 0.000000 0.062237
2 2 0.000002 0.001864 0.895846 0.000000 0.102288
2 2 0.000105 0.000015 0.834979 0.000001 0.164901
0 1 0.640629 0.018987 0.326933 0.000000 0.013450
2 1 0.035036 0.064762 0.780824 0.000066 0.119312
2 2 0.002855 0.023135 0.944795 0.000278 0.028936
2 2 0.000674 0.010678 0.690960 0.001806 0.295882
2 2 0.000893 0.001905 0.555155 0.004980 0.437067
4 2 0.023821 0.006447 0.161084 0.000800 0.807848
2 2 0.003276 0.020442 0.975677 0.000000 0.000605
2 4 0.026284 0.195308 0.758603 0.000019 0.019788
4 4 0.022041 0.027561 0.039534 0.000038 0.910825
4 4 0.052113 0.011633 0.058024 0.000633 0.877596
4 4 0.074781 0.011470 0.011188 0.000212 0.902348
0 4 0.771173 0.153156 0.042117 0.000000 0.033554
0 4 0.990977 0.000038 0.000050 0.000000 0.008935
1 4 0.258019 0.537092 0.141646 0.000000 0.063242
1 4 0.323943 0.433334 0.093530 0.000000 0.149193
2 4 0.137381 0.216240 0.456474 0.000005 0.189900
2 4 0.257747 0.104219 0.349908 0.000008 0.288118
2 4 0.198300 0.091532 0.604575 0.000010 0.105582
2 4 0.165219 0.061529 0.464890 0.000004 0.308358
0 4 0.440466 0.012424 0.132105 0.002338 0.412667
4 4 0.018906 0.002434 0.083394 0.000040 0.895226
4 4 0.003163 0.000542 0.034352 0.000005 0.961938
4 4 0.003067 0.001563 0.129083 0.000005 0.866282
4 4 0.024378 0.000409 0.000232 0.000000 0.974981
0 4 0.993284 0.000183 0.000083 0.000000 0.006451
0 1 0.905192 0.000114 0.000049 0.000000 0.094646
4 1 0.007198 0.004532 0.018330 0.000000 0.969939
4 1 0.000355 0.001433 0.034199 0.000000 0.964013
2 4 0.007686 0.000286 0.723341 0.000480 0.268207
4 4 0.014489 0.000277 0.210731 0.001888 0.772616
0 4 0.901226 0.000018 0.000007 0.000000 0.098749
4 4 0.098110 0.001471 0.001477 0.000002 0.898940
4 4 0.001623 0.000088 0.019452 0.000000 0.978837
4 4 0.008467 0.000161 0.002912 0.000001 0.988458
2 4 0.029955 0.004934 0.774029 0.012822 0.178259
4 4 0.401087 0.012105 0.021615 0.000605 0.564588
4 4 0.418081 0.000026 0.000196 0.000000 0.581697
4 4 0.007484 0.000139 0.004684 0.000002 0.987691
4 4 0.081888 0.000664 0.000515 0.000002 0.916931
4 4 0.042025 0.001396 0.001460 0.000001 0.955118
4 4 0.001261 0.000233 0.152469 0.000004 0.846032
4 4 0.021233 0.000100 0.000418 0.000000 0.978248
0 4 0.555967 0.002314 0.327682 0.004161 0.109875
0 4 0.982476 0.000708 0.013847 0.000002 0.002968
4 4 0.000329 0.000941 0.376302 0.000003 0.622424
4 4 0.000178 0.001130 0.106356 0.000000 0.892337
2 4 0.001162 0.002124 0.708292 0.000001 0.288421
4 4 0.000131 0.002407 0.050372 0.000000 0.947090
4 4 0.000000 0.000050 0.214971 0.000000 0.784979
4 4 0.000599 0.000078 0.031251 0.000017 0.968055
4 4 0.229403 0.001346 0.044228 0.000158 0.724865
4 4 0.071521 0.000897 0.248361 0.000160 0.679062
4 4 0.289795 0.000283 0.000343 0.000000 0.709579
4 4 0.113357 0.002606 0.018285 0.000161 0.865591
4 4 0.010801 0.001162 0.067905 0.000031 0.920101
4 4 0.007659 0.003277 0.008181 0.000003 0.980879
4 4 0.081750 0.003227 0.007935 0.000000 0.907088
4 4 0.010083 0.012592 0.071997 0.000002 0.905326
2 4 0.000001 0.001162 0.543258 0.000000 0.455580
4 4 0.000000 0.000549 0.138666 0.000000 0.860785
4 4 0.054298 0.011993 0.312914 0.000024 0.620771
4 4 0.001516 0.004451 0.055189 0.000000 0.938844
0 1 0.926980 0.057753 0.010317 0.000000 0.004949
2 1 0.023302 0.143000 0.773947 0.000004 0.059746
2 1 0.002207 0.011525 0.708893 0.000001 0.277374
2 1 0.002453 0.030759 0.726126 0.000000 0.240661
2 1 0.069742 0.049480 0.747264 0.000044 0.133471
4 1 0.001220 0.008178 0.229274 0.000006 0.761321
2 1 0.000163 0.004972 0.803452 0.000020 0.191394
2 1 0.000029 0.010092 0.742043 0.000002 0.247834
2 1 0.000065 0.009928 0.981205 0.000000 0.008802
2 1 0.000087 0.009900 0.983667 0.000011 0.006335
2 1 0.000002 0.002241 0.952940 0.000000 0.044817
4 1 0.000681 0.016210 0.319723 0.000000 0.663385
2 1 0.000003 0.000207 0.996921 0.000001 0.002868
2 1 0.000019 0.004741 0.977448 0.000000 0.017792
4 1 0.001960 0.001841 0.360973 0.000001 0.635225
2 1 0.000022 0.000870 0.742648 0.000000 0.256460
2 1 0.000003 0.000145 0.944798 0.000000 0.055054
2 1 0.000044 0.000173 0.921105 0.000000 0.078678
2 1 0.000000 0.000340 0.962861 0.000000 0.036798
2 1 0.000199 0.002196 0.747707 0.000001 0.249897
2 1 0.000190 0.000729 0.888060 0.000010 0.111012
2 1 0.284741 0.000935 0.668675 0.000000 0.045649
4 1 0.009241 0.008269 0.130465 0.000001 0.852024
4 1 0.000486 0.001001 0.409418 0.000013 0.589081
2 1 0.000024 0.000055 0.900507 0.000263 0.099152
2 1 0.000026 0.000185 0.709442 0.000010 0.290337
4 2 0.000036 0.000955 0.215423 0.000000 0.783585
4 2 0.000086 0.000809 0.255190 0.000000 0.743915
2 2 0.002560 0.000055 0.934475 0.001347 0.061562
2 2 0.000056 0.000256 0.890065 0.000180 0.109443
4 2 0.001435 0.001581 0.359709 0.000002 0.637273
2 2 0.001515 0.001365 0.665283 0.000015 0.331822
4 2 0.000206 0.004810 0.436358 0.000001 0.558625
4 2 0.000034 0.002387 0.424823 0.000003 0.572754
2 2 0.000269 0.001488 0.548825 0.000002 0.449417
2 2 0.001094 0.002658 0.540097 0.000021 0.456131
2 2 0.000035 0.001540 0.761906 0.000002 0.236517
4 2 0.009012 0.002479 0.306144 0.000003 0.682361
2 2 0.000203 0.000355 0.779495 0.000052 0.219896
4 2 0.000268 0.000468 0.106358 0.000001 0.892905
2 2 0.000021 0.000321 0.944078 0.000532 0.055048
4 2 0.000475 0.001973 0.445803 0.000111 0.551638
4 2 0.000015 0.000547 0.053252 0.000000 0.946186
4 2 0.000223 0.000653 0.344737 0.000045 0.654342
2 2 0.000002 0.000762 0.839215 0.000000 0.160021
2 2 0.000006 0.000210 0.804093 0.000005 0.195686
2 2 0.000000 0.000097 0.989279 0.000002 0.010622
2 2 0.000095 0.000880 0.927012 0.000328 0.071685
2 2 0.000001 0.000124 0.942900 0.000136 0.056839
2 2 0.000003 0.000151 0.974745 0.000540 0.024561
2 2 0.000001 0.000527 0.831843 0.000064 0.167565
2 2 0.000000 0.000074 0.986851 0.000037 0.013037
2 2 0.000002 0.000101 0.988637 0.001233 0.010027
2 2 0.000036 0.000380 0.938892 0.002175 0.058517
2 2 0.000028 0.001770 0.786545 0.000120 0.211536
4 2 0.000007 0.001551 0.467773 0.000084 0.530585
2 2 0.000000 0.000064 0.949799 0.000021 0.050117
2 2 0.000006 0.000057 0.983213 0.001011 0.015714
0 0 0.988914 0.007759 0.002998 0.000000 0.000329
2 1 0.077693 0.112200 0.809935 0.000010 0.000163
2 2 0.000306 0.000924 0.993269 0.005273 0.000229
2 2 0.000005 0.001713 0.997067 0.001165 0.000051
2 2 0.000874 0.007980 0.987999 0.001843 0.001304
2 2 0.000591 0.007399 0.978727 0.009916 0.003368
2 2 0.000049 0.003156 0.996117 0.000178 0.000500
2 2 0.000217 0.005239 0.993722 0.000519 0.000302
2 2 0.005359 0.335688 0.503572 0.000000 0.155380
2 2 0.010826 0.165888 0.772809 0.001054 0.049423
4 2 0.010284 0.084197 0.391254 0.001438 0.512827
2 2 0.000072 0.003076 0.929729 0.053763 0.013360
2 2 0.001411 0.047352 0.877384 0.003770 0.070082
2 2 0.002784 0.017669 0.916752 0.004295 0.058500
0 2 0.999884 0.000001 0.000037 0.000000 0.000078
0 0 0.999961 0.000003 0.000002 0.000000 0.000034
0 0 0.999248 0.000061 0.000019 0.000000 0.000671
0 0 0.995956 0.000263 0.000105 0.000001 0.003676
4 0 0.201657 0.008240 0.072506 0.000051 0.717545
2 0 0.021131 0.006213 0.806886 0.000259 0.165511
0 0 0.995702 0.001468 0.001547 0.000000 0.001283
0 0 0.991775 0.002204 0.003382 0.000000 0.002639
2 0 0.033575 0.009199 0.950681 0.000002 0.006543
2 1 0.006149 0.008687 0.979183 0.000005 0.005977
0 1 0.742048 0.016164 0.240600 0.000000 0.001187
2 1 0.125644 0.003225 0.863838 0.000708 0.006583
2 1 0.000216 0.001417 0.993567 0.000011 0.004789
2 1 0.001393 0.001914 0.996541 0.000001 0.000151
2 1 0.000002 0.000574 0.999363 0.000000 0.000060
2 1 0.000006 0.001716 0.972370 0.000001 0.025907
