0 0 0.996653 0.001517 0.001192 0.000106 0.000531
0 0 0.972498 0.014222 0.012688 0.000566 0.000026
0 0 0.549707 0.121466 0.241682 0.052642 0.034503
0 0 0.870598 0.069135 0.041972 0.002208 0.016087
0 0 0.802462 0.160873 0.035052 0.000135 0.001478
0 0 0.940419 0.042272 0.014875 0.000234 0.002200
0 0 0.747789 0.028542 0.146940 0.061815 0.014913
0 0 0.869451 0.091448 0.029104 0.000524 0.009473
0 0 0.791693 0.162268 0.044567 0.000452 0.001020
0 0 0.777499 0.139304 0.082404 0.000440 0.000352
0 0 0.492564 0.187402 0.280562 0.030072 0.009400
2 0 0.061663 0.087209 0.722772 0.127013 0.001344
0 0 0.662742 0.288693 0.041353 0.000046 0.007166
0 0 0.645966 0.273111 0.079208 0.000392 0.001323
0 0 0.915379 0.056616 0.020071 0.000436 0.007499
0 0 0.635036 0.233731 0.129620 0.000324 0.001289
0 0 0.458208 0.324404 0.213484 0.002676 0.001228
2 0 0.296484 0.253937 0.411710 0.036770 0.001099
2 0 0.037462 0.151104 0.750848 0.053090 0.007495
2 0 0.136299 0.251149 0.606129 0.005288 0.001135
3 0 0.082450 0.008982 0.350280 0.558283 0.000005
2 0 0.166181 0.047519 0.734272 0.051941 0.000087
0 0 0.921733 0.022745 0.048480 0.005744 0.001298
0 0 0.486561 0.133717 0.338023 0.039331 0.002368
3 0 0.042895 0.007119 0.289858 0.659986 0.000142
2 0 0.019147 0.038938 0.938423 0.003452 0.000041
0 0 0.656089 0.158065 0.158792 0.008501 0.018552
2 0 0.230561 0.077974 0.649388 0.040217 0.001860
0 0 0.519842 0.050014 0.384598 0.045375 0.000170
2 0 0.264223 0.194742 0.517696 0.022987 0.000351
0 0 0.919571 0.022961 0.049602 0.007241 0.000625
0 0 0.579209 0.049963 0.222644 0.141812 0.006372
2 0 0.006681 0.022314 0.540282 0.430193 0.000529
2 0 0.055504 0.120458 0.798845 0.025079 0.000115
3 0 0.000674 0.010155 0.418504 0.570455 0.000212
3 0 0.001446 0.010927 0.341011 0.646465 0.000151
0 0 0.952979 0.013648 0.032069 0.001240 0.000064
0 0 0.772759 0.061467 0.155305 0.010195 0.000274
2 0 0.220288 0.063116 0.544084 0.166428 0.006084
2 0 0.199691 0.041260 0.479218 0.278685 0.001146
0 0 0.567448 0.068089 0.341605 0.022534 0.000323
0 0 0.541902 0.143203 0.299938 0.014776 0.000180
0 0 0.404521 0.213339 0.375123 0.006112 0.000904
1 0 0.266860 0.420589 0.302636 0.005048 0.004866
2 0 0.029563 0.086071 0.807941 0.076186 0.000240
2 0 0.177076 0.258530 0.526974 0.036678 0.000743
2 0 0.015282 0.188050 0.741905 0.049046 0.005716
2 0 0.000594 0.018420 0.540695 0.439638 0.000653
2 0 0.046468 0.083305 0.737469 0.132431 0.000328
2 0 0.144690 0.250598 0.585527 0.018474 0.000710
2 0 0.042298 0.117824 0.719347 0.120312 0.000219
0 0 0.716084 0.228652 0.054058 0.000243 0.000964
0 0 0.396173 0.201896 0.392847 0.008380 0.000704
0 0 0.680678 0.207981 0.110222 0.000837 0.000282
0 0 0.475386 0.175656 0.323887 0.024643 0.000429
0 0 0.422935 0.149672 0.394824 0.030971 0.001599
0 0 0.440968 0.073328 0.421343 0.064031 0.000329
0 0 0.715630 0.111125 0.166971 0.005051 0.001223
2 0 0.282959 0.154074 0.545532 0.016442 0.000992
3 0 0.114664 0.012464 0.388582 0.484245 0.000045
0 0 0.881638 0.102081 0.016145 0.000009 0.000127
0 0 0.926753 0.061977 0.011235 0.000007 0.000028
2 0 0.128466 0.139398 0.689438 0.039658 0.003040
2 0 0.113254 0.206500 0.677360 0.001032 0.001854
0 0 0.854469 0.049110 0.040861 0.005320 0.050239
0 0 0.937510 0.031283 0.029666 0.000610 0.000931
0 0 0.963376 0.018187 0.017139 0.000679 0.000619
2 0 0.116846 0.148104 0.631650 0.102834 0.000566
0 0 0.641038 0.030077 0.183517 0.145038 0.000329
0 0 0.832277 0.021059 0.070664 0.075388 0.000611
0 0 0.433819 0.216287 0.335389 0.009573 0.004932
2 0 0.344127 0.243646 0.379604 0.009636 0.022986
0 0 0.531588 0.033729 0.360715 0.070996 0.002972
2 0 0.395202 0.129973 0.465504 0.009238 0.000083
0 0 0.951515 0.039637 0.008453 0.000012 0.000383
0 0 0.944808 0.046109 0.008613 0.000008 0.000462
0 0 0.972465 0.021809 0.005144 0.000009 0.000572
0 0 0.939776 0.050863 0.008477 0.000005 0.000879
1 1 0.427798 0.476684 0.062198 0.000089 0.033231
0 1 0.735979 0.232542 0.029573 0.000014 0.001892
0 1 0.923703 0.060716 0.006670 0.000001 0.008910
0 0 0.978726 0.019702 0.001568 0.000000 0.000003
2 0 0.295085 0.137191 0.520140 0.041389 0.006195
2 0 0.227649 0.239545 0.521249 0.008923 0.002634
2 0 0.018370 0.025838 0.955760 0.000031 0.000001
2 0 0.170303 0.178038 0.651443 0.000107 0.000109
2 0 0.004437 0.017273 0.978277 0.000000 0.000014
2 0 0.024448 0.032943 0.829361 0.113245 0.000003
2 0 0.309594 0.179635 0.476344 0.033674 0.000754
0 0 0.838572 0.034178 0.123312 0.003152 0.000786
2 0 0.020062 0.007346 0.635833 0.336729 0.000031
2 0 0.066395 0.131665 0.507027 0.294598 0.000315
3 0 0.144410 0.070590 0.388089 0.392537 0.004374
2 0 0.023376 0.024626 0.657681 0.293195 0.001123
4 0 0.002109 0.026328 0.018648 0.000000 0.952914
4 0 0.000199 0.090157 0.182584 0.000000 0.727059
0 0 0.522611 0.403825 0.057423 0.000091 0.016051
1 0 0.318842 0.496870 0.146612 0.000087 0.037589
2 1 0.095846 0.413773 0.477943 0.001568 0.010870
0 1 0.593620 0.348510 0.050544 0.000069 0.007257
0 1 0.913416 0.046814 0.039097 0.000532 0.000141
2 0 0.136791 0.098104 0.764334 0.000760 0.000011
3 0 0.000037 0.000245 0.321802 0.677915 0.000000
2 0 0.024033 0.077676 0.896143 0.002085 0.000064
0 0 0.465370 0.013230 0.115615 0.405198 0.000588
0 0 0.594425 0.042946 0.153036 0.186715 0.022877
2 0 0.004037 0.001552 0.967253 0.027141 0.000017
2 0 0.002019 0.004722 0.993156 0.000103 0.000000
0 0 0.855472 0.063657 0.080820 0.000021 0.000030
0 0 0.691749 0.058087 0.250121 0.000011 0.000033
0 0 0.933614 0.014101 0.027947 0.023198 0.001141
0 0 0.793830 0.126455 0.044446 0.001733 0.033535
0 0 0.694851 0.213370 0.067868 0.002248 0.021663
0 0 0.856763 0.028499 0.025700 0.002078 0.086961
2 0 0.233471 0.174479 0.582733 0.000080 0.009238
0 0 0.787274 0.128671 0.081745 0.000018 0.002291
0 0 0.690805 0.252124 0.051879 0.000152 0.005040
0 0 0.521484 0.418119 0.045633 0.000007 0.014757
1 1 0.335634 0.551373 0.061779 0.000002 0.051212
1 1 0.233397 0.566470 0.158690 0.000231 0.041212
0 1 0.503469 0.418370 0.067962 0.000022 0.010177
1 1 0.394796 0.469169 0.125632 0.000021 0.010381
0 1 0.818629 0.145403 0.029411 0.000092 0.006466
1 1 0.330514 0.483448 0.133208 0.000192 0.052638
1 1 0.158996 0.464350 0.290132 0.000075 0.086448
2 2 0.202862 0.315391 0.433403 0.001230 0.047113
2 2 0.140942 0.350415 0.486375 0.000014 0.022254
2 2 0.008019 0.039412 0.950447 0.000021 0.002101
2 2 0.051566 0.075871 0.870082 0.001106 0.001375
2 2 0.002399 0.041874 0.953784 0.000219 0.001724
2 2 0.204956 0.145757 0.644779 0.000261 0.004247
2 2 0.000429 0.044639 0.952190 0.000012 0.002730
2 2 0.015574 0.062374 0.920634 0.000666 0.000752
2 2 0.034067 0.098823 0.864149 0.000522 0.002439
2 2 0.009572 0.026496 0.962554 0.000516 0.000862
2 2 0.000432 0.009320 0.989929 0.000205 0.000114
2 2 0.000851 0.034655 0.963651 0.000080 0.000763
2 2 0.003003 0.040847 0.955258 0.000135 0.000756
2 2 0.000231 0.011942 0.987510 0.000124 0.000193
2 2 0.000325 0.013923 0.985582 0.000044 0.000126
2 2 0.006574 0.030839 0.962152 0.000245 0.000190
2 2 0.000004 0.000396 0.993183 0.006415 0.000002
2 2 0.000280 0.006208 0.993040 0.000359 0.000112
2 2 0.000892 0.014750 0.982141 0.001075 0.001143
2 3 0.000006 0.001705 0.990903 0.007353 0.000033
2 3 0.000000 0.000030 0.862708 0.137262 0.000000
2 3 0.000141 0.009809 0.971741 0.017186 0.001122
2 3 0.000025 0.003566 0.666603 0.327895 0.001911
2 3 0.000001 0.000315 0.945217 0.054460 0.000008
2 3 0.000000 0.000101 0.835744 0.164153 0.000001
2 3 0.000087 0.001797 0.847942 0.150135 0.000038
3 3 0.000123 0.001352 0.383278 0.615146 0.000100
3 3 0.000001 0.000026 0.233892 0.766081 0.000001
3 3 0.000000 0.000029 0.482945 0.517022 0.000003
3 3 0.000005 0.000444 0.282638 0.716872 0.000042
2 3 0.000002 0.000493 0.643625 0.355852 0.000028
2 3 0.000014 0.001550 0.779350 0.218927 0.000159
2 3 0.000000 0.000523 0.951415 0.048055 0.000007
3 3 0.000000 0.000004 0.078045 0.921950 0.000000
3 3 0.000000 0.000013 0.076110 0.923877 0.000001
3 3 0.000000 0.000020 0.245748 0.754229 0.000002
3 3 0.000000 0.000001 0.156448 0.843551 0.000000
3 3 0.000000 0.000007 0.074547 0.925445 0.000000
3 3 0.000000 0.000033 0.223963 0.776002 0.000002
2 3 0.000014 0.001801 0.553209 0.443692 0.001285
3 3 0.000002 0.000188 0.076871 0.922805 0.000134
3 3 0.000000 0.000001 0.020936 0.979062 0.000000
3 3 0.000000 0.000039 0.241269 0.758690 0.000002
3 3 0.000026 0.000357 0.282887 0.716707 0.000022
3 3 0.000014 0.000518 0.478314 0.520790 0.000364
3 3 0.000000 0.000066 0.377933 0.621996 0.000005
3 3 0.000000 0.000029 0.066252 0.933708 0.000011
3 3 0.000000 0.000002 0.020507 0.979491 0.000000
3 3 0.000000 0.000000 0.022572 0.977427 0.000000
3 3 0.000003 0.000055 0.047110 0.952742 0.000091
3 3 0.000000 0.000003 0.010303 0.989691 0.000003
3 3 0.000000 0.000017 0.069507 0.930465 0.000011
3 3 0.000000 0.000034 0.040871 0.959053 0.000042
3 3 0.000005 0.000104 0.019538 0.980282 0.000070
3 3 0.000000 0.000171 0.240372 0.759397 0.000060
3 3 0.000000 0.000027 0.189723 0.810244 0.000006
3 3 0.000000 0.000007 0.034240 0.965748 0.000005
3 3 0.000010 0.000907 0.349157 0.649801 0.000125
3 3 0.000000 0.000024 0.133799 0.866169 0.000008
3 3 0.000000 0.000047 0.137317 0.862615 0.000021
3 3 0.000003 0.000055 0.025743 0.974160 0.000038
3 3 0.000000 0.000018 0.093830 0.906151 0.000000
3 3 0.000000 0.000052 0.200253 0.799690 0.000005
3 3 0.000000 0.000001 0.004811 0.995187 0.000001
3 3 0.000000 0.000011 0.013908 0.986048 0.000033
3 3 0.000007 0.000666 0.381626 0.617158 0.000544
3 3 0.000000 0.000035 0.079021 0.920941 0.000003
3 3 0.000001 0.000191 0.384257 0.615161 0.000390
2 3 0.000013 0.002190 0.556062 0.440762 0.000973
3 3 0.000015 0.000346 0.064038 0.933925 0.001675
3 3 0.000002 0.000124 0.049691 0.949919 0.000265
3 3 0.000001 0.000030 0.029061 0.970789 0.000120
3 3 0.000000 0.000002 0.023977 0.976021 0.000000
3 3 0.000048 0.001062 0.127846 0.866907 0.004137
3 3 0.000023 0.000547 0.060464 0.938078 0.000888
3 3 0.000000 0.000008 0.008968 0.991012 0.000011
3 3 0.000000 0.000001 0.005573 0.994418 0.000007
3 3 0.000000 0.000000 0.001452 0.998548 0.000000
3 3 0.000000 0.000000 0.001459 0.998541 0.000000
3 3 0.000059 0.001410 0.487986 0.509343 0.001203
2 2 0.209689 0.130610 0.504851 0.147536 0.007314
2 3 0.004730 0.038468 0.953192 0.003163 0.000447
2 3 0.001687 0.046080 0.951007 0.000763 0.000463
2 2 0.001646 0.012089 0.977595 0.008381 0.000288
2 2 0.003186 0.074950 0.903651 0.016780 0.001433
2 2 0.001513 0.020192 0.977939 0.000335 0.000022
2 2 0.000567 0.020634 0.978294 0.000339 0.000166
2 2 0.000772 0.028688 0.970216 0.000110 0.000214
2 2 0.017131 0.060390 0.907438 0.014435 0.000606
2 2 0.007551 0.013812 0.976918 0.001518 0.000200
2 2 0.000153 0.005450 0.994086 0.000299 0.000011
2 2 0.000042 0.003324 0.996284 0.000343 0.000008
2 2 0.002354 0.031953 0.965311 0.000252 0.000130
2 2 0.001823 0.017511 0.977661 0.002915 0.000091
2 2 0.000607 0.004796 0.993642 0.000953 0.000002
2 2 0.000091 0.006220 0.993644 0.000027 0.000018
2 2 0.002122 0.037801 0.959937 0.000022 0.000118
2 2 0.004415 0.041609 0.953254 0.000629 0.000093
2 2 0.000036 0.002947 0.996053 0.000959 0.000004
2 2 0.160748 0.138803 0.691745 0.000884 0.007819
2 2 0.065843 0.164750 0.765901 0.000295 0.003211
2 2 0.035989 0.114246 0.844004 0.000434 0.005327
2 2 0.000366 0.014152 0.985156 0.000277 0.000050
2 2 0.000017 0.001029 0.979000 0.019953 0.000001
2 2 0.000042 0.001186 0.946023 0.052737 0.000011
2 2 0.004096 0.024235 0.969842 0.001725 0.000102
2 2 0.000416 0.007635 0.982755 0.009175 0.000019
2 2 0.000066 0.002106 0.981864 0.015958 0.000006
2 2 0.001144 0.021466 0.977255 0.000085 0.000051
2 2 0.000002 0.000492 0.998541 0.000965 0.000000
2 2 0.000008 0.000828 0.991393 0.007771 0.000000
2 3 0.000594 0.015218 0.967980 0.015699 0.000509
2 3 0.005661 0.028191 0.935427 0.029944 0.000777
2 3 0.000842 0.005514 0.842583 0.151048 0.000013
2 3 0.000076 0.002000 0.832287 0.165629 0.000007
2 3 0.000620 0.009932 0.981392 0.007992 0.000063
2 3 0.001090 0.018275 0.938804 0.041519 0.000312
2 3 0.000002 0.000270 0.893438 0.106289 0.000001
3 3 0.005933 0.007259 0.185197 0.801166 0.000446
2 3 0.004379 0.015878 0.950133 0.026863 0.002747
2 2 0.002365 0.019914 0.902840 0.073928 0.000953
2 2 0.000275 0.008689 0.986109 0.004555 0.000372
2 2 0.000137 0.001939 0.950169 0.047716 0.000038
2 2 0.000002 0.000429 0.962730 0.036824 0.000015
2 2 0.000005 0.000806 0.997819 0.001360 0.000010
2 2 0.000402 0.005104 0.994031 0.000374 0.000089
2 2 0.002776 0.009026 0.982993 0.005104 0.000101
2 2 0.000104 0.002280 0.991713 0.005804 0.000098
2 2 0.000161 0.005956 0.990945 0.002644 0.000295
2 2 0.000566 0.011226 0.986792 0.001302 0.000115
2 2 0.004016 0.021500 0.967157 0.006210 0.001117
2 2 0.044048 0.092600 0.861322 0.000314 0.001717
2 2 0.006054 0.019861 0.971620 0.001708 0.000758
2 2 0.000222 0.003416 0.985951 0.010362 0.000049
2 2 0.000100 0.002138 0.995317 0.002439 0.000006
2 2 0.015006 0.109122 0.816527 0.000455 0.058891
2 2 0.000167 0.009825 0.986642 0.001522 0.001844
2 2 0.006827 0.048537 0.916736 0.012666 0.015234
2 3 0.000845 0.005860 0.936699 0.056031 0.000565
2 3 0.000795 0.004146 0.813370 0.181352 0.000338
2 3 0.001069 0.005433 0.910374 0.082313 0.000812
2 3 0.000068 0.002620 0.771414 0.225256 0.000643
3 3 0.000002 0.000170 0.150397 0.849411 0.000020
3 3 0.000005 0.000102 0.199443 0.800440 0.000010
3 3 0.000267 0.001863 0.367861 0.629410 0.000599
2 3 0.000002 0.000309 0.597129 0.402542 0.000017
2 3 0.000001 0.000263 0.683684 0.316038 0.000013
2 3 0.000046 0.000876 0.719407 0.279637 0.000033
2 3 0.000025 0.002318 0.901031 0.096550 0.000076
2 2 0.002397 0.061134 0.928790 0.006111 0.001568
2 2 0.001959 0.040950 0.954871 0.000981 0.001239
2 2 0.000126 0.015025 0.984017 0.000518 0.000314
2 2 0.000117 0.003974 0.988293 0.006997 0.000619
2 2 0.000415 0.010549 0.988455 0.000308 0.000273
2 2 0.007811 0.041464 0.947742 0.000719 0.002264
2 2 0.000003 0.000892 0.983973 0.015105 0.000026
2 2 0.000368 0.005035 0.990042 0.003770 0.000786
2 2 0.000229 0.006588 0.992638 0.000534 0.000012
2 2 0.000003 0.000531 0.997346 0.002119 0.000001
2 2 0.002844 0.012608 0.979855 0.004645 0.000047
2 2 0.003512 0.023106 0.970879 0.002248 0.000255
2 2 0.000012 0.002459 0.995754 0.001763 0.000011
2 2 0.000011 0.000957 0.997624 0.001405 0.000003
2 2 0.009949 0.021348 0.967147 0.001487 0.000069
2 2 0.000354 0.006290 0.992737 0.000607 0.000012
2 2 0.000139 0.002273 0.974065 0.023450 0.000073
2 2 0.000771 0.005493 0.984492 0.009157 0.000086
2 2 0.000001 0.000371 0.997282 0.002346 0.000001
2 2 0.000002 0.000750 0.997546 0.001698 0.000003
2 2 0.000018 0.002309 0.993646 0.003996 0.000031
2 2 0.001062 0.022663 0.973524 0.001678 0.001073
2 2 0.000002 0.000293 0.992427 0.007277 0.000002
2 2 0.005031 0.019278 0.973441 0.001971 0.000278
2 1 0.040104 0.307748 0.644831 0.000001 0.007316
2 2 0.011981 0.091125 0.896387 0.000186 0.000321
2 2 0.000005 0.000669 0.997349 0.001961 0.000017
2 2 0.000168 0.003128 0.996402 0.000162 0.000140
2 2 0.000314 0.009158 0.955317 0.033946 0.001266
2 2 0.000119 0.004172 0.990180 0.005191 0.000339
2 2 0.000065 0.010187 0.988670 0.000099 0.000979
2 2 0.004975 0.066221 0.485427 0.000444 0.442933
4 2 0.001774 0.023277 0.335220 0.000263 0.639466
4 2 0.001246 0.032294 0.167347 0.000002 0.799111
4 4 0.003541 0.020588 0.170478 0.000136 0.805257
4 4 0.035628 0.022200 0.009764 0.000014 0.932394
4 4 0.057073 0.017567 0.003160 0.000001 0.922198
4 4 0.058047 0.033069 0.008439 0.000010 0.900435
4 4 0.037920 0.027531 0.006082 0.000001 0.928467
4 4 0.016012 0.024725 0.014529 0.000002 0.944731
4 4 0.031055 0.013472 0.005794 0.000005 0.949674
4 4 0.019595 0.047785 0.037276 0.000037 0.895308
4 4 0.015509 0.019466 0.013973 0.000005 0.951047
4 4 0.013970 0.035991 0.024177 0.000003 0.925859
4 4 0.019254 0.009847 0.007345 0.000009 0.963546
4 4 0.056633 0.014977 0.003948 0.000006 0.924435
4 4 0.050043 0.032342 0.010853 0.000020 0.906742
4 4 0.024316 0.048163 0.017473 0.000002 0.910046
4 4 0.042525 0.003468 0.001122 0.000002 0.952882
4 4 0.011485 0.003184 0.002855 0.000001 0.982475
4 4 0.043756 0.023257 0.008914 0.000018 0.924055
4 4 0.035937 0.027425 0.008502 0.000003 0.928133
4 4 0.086773 0.005734 0.001695 0.000038 0.905760
4 4 0.026315 0.003324 0.001715 0.000003 0.968643
4 4 0.044443 0.007986 0.002900 0.000007 0.944664
4 4 0.032135 0.002549 0.001137 0.000001 0.964178
4 4 0.036784 0.007778 0.002304 0.000001 0.953132
4 4 0.071717 0.018595 0.003557 0.000004 0.906127
4 4 0.083684 0.003491 0.001726 0.000299 0.910799
4 4 0.094300 0.012112 0.001918 0.000004 0.891666
4 4 0.077970 0.020883 0.005951 0.000044 0.895151
4 4 0.093922 0.008910 0.002468 0.000051 0.894649
2 1 0.001068 0.113007 0.846727 0.001583 0.037615
2 1 0.005407 0.137434 0.851220 0.000047 0.005892
1 1 0.352142 0.523653 0.086141 0.000000 0.038064
1 1 0.368140 0.412948 0.131559 0.000019 0.087333
0 1 0.326538 0.317615 0.160147 0.000146 0.195554
1 1 0.153386 0.448899 0.322822 0.000347 0.074546
2 2 0.054894 0.261205 0.595680 0.000525 0.087697
2 2 0.008399 0.163097 0.686794 0.000153 0.141557
2 2 0.009221 0.097167 0.866809 0.000130 0.026673
2 2 0.005149 0.062823 0.922984 0.000043 0.009001
2 2 0.002364 0.032736 0.957634 0.000224 0.007042
2 2 0.046073 0.171217 0.774446 0.000243 0.008021
2 2 0.003346 0.058525 0.934181 0.000062 0.003886
2 2 0.004559 0.047291 0.946054 0.000030 0.002066
2 2 0.000012 0.007057 0.975007 0.000018 0.017906
2 2 0.000004 0.002052 0.997677 0.000123 0.000144
2 2 0.000286 0.023288 0.964966 0.000038 0.011422
2 2 0.000116 0.010481 0.986141 0.000141 0.003121
2 2 0.000044 0.005170 0.994511 0.000019 0.000257
2 2 0.000019 0.004033 0.995796 0.000013 0.000138
2 2 0.006526 0.043131 0.917920 0.000213 0.032209
2 2 0.007730 0.056307 0.885189 0.000041 0.050733
2 2 0.000236 0.019015 0.952554 0.000015 0.028181
2 2 0.000714 0.019941 0.976009 0.000040 0.003296
2 2 0.000118 0.009627 0.987397 0.000735 0.002123
2 2 0.000228 0.028587 0.966474 0.000076 0.004636
2 2 0.000029 0.002428 0.996712 0.000616 0.000216
2 2 0.000119 0.011345 0.983962 0.000049 0.004524
2 2 0.003520 0.026511 0.929351 0.000956 0.039663
2 2 0.002328 0.019529 0.965216 0.000367 0.012560
2 2 0.000856 0.030104 0.943858 0.000131 0.025050
2 2 0.004232 0.033600 0.951514 0.000097 0.010556
2 2 0.000013 0.003165 0.996714 0.000072 0.000037
2 2 0.000179 0.003948 0.995703 0.000007 0.000163
2 2 0.000007 0.000855 0.998203 0.000929 0.000006
2 2 0.001845 0.020126 0.977435 0.000255 0.000339
2 2 0.003257 0.034604 0.961700 0.000127 0.000310
2 2 0.002066 0.017740 0.979019 0.000110 0.001065
2 2 0.000026 0.002199 0.997402 0.000368 0.000005
2 2 0.000315 0.006758 0.991523 0.001377 0.000027
2 2 0.000549 0.005491 0.987739 0.005979 0.000242
2 2 0.001114 0.020442 0.975048 0.001717 0.001679
0 1 0.524407 0.368475 0.096337 0.000034 0.010748
1 1 0.180610 0.398503 0.307649 0.000005 0.113232
2 1 0.012663 0.064591 0.866324 0.009201 0.047220
2 1 0.001570 0.070891 0.914971 0.003897 0.008670
2 1 0.000092 0.016997 0.981846 0.000313 0.000752
2 1 0.000999 0.035320 0.953001 0.007658 0.003022
2 1 0.001553 0.014782 0.980349 0.001321 0.001995
2 1 0.004267 0.044825 0.894619 0.003782 0.052507
2 1 0.011320 0.104082 0.833688 0.000501 0.050409
2 2 0.001100 0.060282 0.906737 0.002856 0.029024
2 2 0.075467 0.194408 0.538652 0.002420 0.189052
2 2 0.014509 0.340324 0.543569 0.000078 0.101521
2 2 0.002256 0.061503 0.931574 0.000280 0.004387
2 2 0.000754 0.015294 0.977887 0.001584 0.004481
2 2 0.011980 0.122524 0.797255 0.000325 0.067917
2 2 0.001183 0.049529 0.937041 0.009992 0.002254
2 2 0.000818 0.021510 0.967183 0.001955 0.008535
2 2 0.000261 0.024762 0.971370 0.000376 0.003231
2 2 0.000276 0.027622 0.912787 0.051088 0.008228
2 2 0.001275 0.025223 0.960118 0.003194 0.010189
2 2 0.003459 0.029814 0.475942 0.342014 0.148772
3 2 0.000137 0.004725 0.215829 0.773634 0.005673
2 2 0.006906 0.035588 0.421552 0.249049 0.286904
2 2 0.000052 0.011287 0.912517 0.068053 0.008092
2 2 0.000889 0.019241 0.637619 0.280967 0.061284
3 2 0.000075 0.002792 0.194853 0.798725 0.003555
2 3 0.000368 0.007253 0.740935 0.209704 0.041740
3 3 0.000552 0.007957 0.449589 0.491857 0.050045
3 3 0.001381 0.003898 0.087702 0.865891 0.041128
3 3 0.001562 0.003880 0.093970 0.849981 0.050607
3 3 0.002025 0.005874 0.114655 0.819426 0.058020
3 3 0.000179 0.001445 0.081433 0.908450 0.008494
3 3 0.000569 0.003247 0.107329 0.868950 0.019905
3 3 0.001218 0.005360 0.143003 0.809023 0.041395
3 3 0.000149 0.001018 0.076477 0.915042 0.007313
3 3 0.001112 0.004755 0.121603 0.836628 0.035901
2 3 0.000077 0.004414 0.766504 0.208527 0.020478
2 3 0.000051 0.002614 0.533409 0.451911 0.012015
3 3 0.005476 0.007040 0.164705 0.582354 0.240425
3 3 0.000061 0.001101 0.085363 0.910620 0.002856
3 3 0.000022 0.000051 0.005215 0.993675 0.001038
3 3 0.000697 0.001179 0.041534 0.930498 0.026092
4 3 0.028890 0.012034 0.069978 0.230255 0.658842
3 3 0.000690 0.001906 0.056332 0.918620 0.022453
3 3 0.002215 0.003788 0.100068 0.794014 0.099915
4 3 0.015435 0.006513 0.075425 0.129640 0.772987
3 3 0.003049 0.004982 0.108340 0.752009 0.131619
3 3 0.000182 0.000351 0.026337 0.961643 0.011487
3 3 0.005433 0.017002 0.158726 0.714838 0.104001
3 3 0.001954 0.009675 0.144632 0.798652 0.045086
3 3 0.000889 0.003542 0.210925 0.709227 0.075417
3 3 0.000393 0.001464 0.067581 0.913847 0.016715
3 3 0.001950 0.002368 0.060497 0.867069 0.068116
3 3 0.000167 0.000438 0.022232 0.970634 0.006529
3 3 0.013778 0.021171 0.155353 0.541093 0.268605
3 3 0.001696 0.002097 0.054028 0.884195 0.057984
4 3 0.022063 0.010456 0.074808 0.419484 0.473188
3 3 0.004097 0.010670 0.149129 0.732928 0.103176
3 3 0.000058 0.000058 0.005747 0.990930 0.003207
3 3 0.000081 0.000227 0.015164 0.981066 0.003462
3 3 0.000572 0.004667 0.281889 0.662676 0.050196
3 3 0.000038 0.000307 0.065172 0.929091 0.005392
3 3 0.001969 0.002374 0.040049 0.906950 0.048658
3 3 0.001135 0.002741 0.070983 0.888741 0.036400
3 3 0.000679 0.000901 0.040608 0.922630 0.035181
3 3 0.000511 0.000792 0.033247 0.944628 0.020822
3 3 0.000348 0.000657 0.019146 0.970064 0.009785
3 3 0.000018 0.000041 0.004979 0.993994 0.000968
3 3 0.005129 0.010146 0.104317 0.777109 0.103298
3 3 0.000226 0.001403 0.099590 0.884449 0.014332
2 3 0.000893 0.020586 0.802079 0.140398 0.036044
3 3 0.001076 0.016155 0.295203 0.660145 0.027422
3 3 0.003365 0.013897 0.171790 0.734916 0.076033
3 3 0.000470 0.004536 0.152677 0.825995 0.016323
3 3 0.000128 0.003818 0.163261 0.828482 0.004312
3 3 0.000027 0.000720 0.062863 0.935167 0.001223
3 3 0.004781 0.004472 0.118666 0.809557 0.062523
2 1 0.065090 0.041276 0.795523 0.093792 0.004319
2 1 0.010059 0.057610 0.906416 0.001156 0.024759
2 2 0.002240 0.011443 0.871694 0.108328 0.006295
2 2 0.004935 0.006583 0.945143 0.043190 0.000149
2 2 0.000739 0.006267 0.935948 0.056908 0.000138
2 2 0.000131 0.006783 0.991125 0.001894 0.000068
2 2 0.000050 0.001867 0.995666 0.002411 0.000006
2 2 0.046761 0.246435 0.687873 0.000114 0.018816
2 2 0.010183 0.049877 0.931357 0.002015 0.006568
2 2 0.001205 0.009504 0.948313 0.025740 0.015239
2 2 0.000156 0.012857 0.972357 0.000151 0.014480
2 2 0.000477 0.010972 0.982710 0.001286 0.004555
2 2 0.000042 0.005103 0.993293 0.001143 0.000419
2 2 0.000075 0.014868 0.983715 0.000028 0.001314
2 2 0.000035 0.004817 0.980351 0.000079 0.014717
2 2 0.000099 0.010531 0.982034 0.001385 0.005950
2 2 0.000004 0.000576 0.996382 0.003014 0.000023
2 2 0.002840 0.070840 0.895797 0.000148 0.030376
2 2 0.000477 0.027922 0.932614 0.000044 0.038944
2 2 0.000013 0.004020 0.983875 0.001415 0.010677
2 2 0.000450 0.007460 0.987830 0.001979 0.002281
2 2 0.000138 0.008387 0.985657 0.001388 0.004430
2 2 0.000051 0.004695 0.994245 0.000470 0.000539
2 2 0.000612 0.012060 0.985914 0.000397 0.001018
2 2 0.000378 0.009724 0.983239 0.000272 0.006387
2 2 0.000006 0.001226 0.998105 0.000495 0.000169
2 2 0.000007 0.002405 0.994311 0.002103 0.001174
2 2 0.000002 0.001925 0.976533 0.019651 0.001889
2 2 0.000000 0.000715 0.982686 0.015927 0.000672
2 2 0.000117 0.012236 0.951926 0.021253 0.014468
2 2 0.000054 0.007063 0.988199 0.004015 0.000669
2 2 0.000003 0.000597 0.902111 0.096654 0.000634
2 2 0.000009 0.003962 0.987930 0.002002 0.006097
4 2 0.009664 0.114036 0.237923 0.000219 0.638159
2 2 0.014776 0.086305 0.535388 0.000199 0.363332
2 2 0.000320 0.017044 0.581982 0.000027 0.400626
4 2 0.005098 0.029711 0.330501 0.000024 0.634665
4 2 0.003046 0.033523 0.229381 0.000050 0.734000
4 2 0.001875 0.020964 0.165656 0.000010 0.811495
4 2 0.003300 0.024228 0.195601 0.000100 0.776771
4 2 0.011671 0.026887 0.042766 0.000018 0.918658
4 2 0.012250 0.021084 0.017910 0.000004 0.948752
4 2 0.006957 0.021259 0.042703 0.000011 0.929070
4 2 0.009299 0.028450 0.022506 0.000001 0.939744
4 1 0.016705 0.078781 0.067674 0.000001 0.836838
0 2 0.851156 0.087338 0.043791 0.000027 0.017688
1 1 0.097773 0.556164 0.240648 0.000037 0.105377
2 2 0.010158 0.031868 0.947993 0.001045 0.008936
2 2 0.009681 0.032112 0.957204 0.000396 0.000608
2 2 0.017090 0.020373 0.959219 0.001603 0.001716
2 2 0.015034 0.043422 0.939819 0.000482 0.001244
2 2 0.000141 0.011081 0.988420 0.000028 0.000330
2 2 0.002028 0.037256 0.959054 0.000009 0.001653
2 2 0.000463 0.010342 0.988978 0.000088 0.000129
2 2 0.001804 0.013634 0.983737 0.000700 0.000125
2 2 0.017669 0.067614 0.911831 0.000453 0.002433
2 2 0.006763 0.037883 0.953771 0.000388 0.001196
2 2 0.000053 0.009085 0.990684 0.000030 0.000149
2 2 0.000920 0.011084 0.987638 0.000074 0.000283
2 2 0.008749 0.075891 0.913900 0.000039 0.001420
2 2 0.010314 0.067867 0.920257 0.000058 0.001504
2 2 0.001846 0.022082 0.966787 0.008280 0.001006
2 2 0.000217 0.007907 0.990952 0.000406 0.000518
2 2 0.001051 0.011119 0.986359 0.000658 0.000813
2 2 0.000050 0.002787 0.996505 0.000647 0.000011
2 2 0.005103 0.022070 0.970142 0.001682 0.001004
2 2 0.000818 0.014582 0.983873 0.000629 0.000098
2 2 0.001871 0.013119 0.984447 0.000448 0.000115
2 2 0.003580 0.035298 0.960731 0.000065 0.000325
2 2 0.011040 0.052528 0.933040 0.001151 0.002241
2 2 0.022172 0.120230 0.855200 0.000129 0.002269
2 2 0.000510 0.006420 0.991589 0.001333 0.000148
2 2 0.001015 0.012172 0.984153 0.002347 0.000313
2 2 0.008267 0.067417 0.918627 0.000709 0.004981
2 2 0.003849 0.031863 0.959661 0.003970 0.000657
2 2 0.000462 0.008698 0.990415 0.000321 0.000104
2 2 0.001871 0.014237 0.981579 0.002022 0.000292
2 2 0.000048 0.002272 0.974349 0.023321 0.000010
2 2 0.000005 0.000442 0.998547 0.001002 0.000004
2 1 0.044008 0.056024 0.880260 0.014306 0.005402
2 2 0.004911 0.011290 0.972266 0.011479 0.000055
0 0 0.844271 0.114392 0.039295 0.000258 0.001783
2 0 0.040133 0.286877 0.660108 0.005527 0.007356
1 1 0.207555 0.535977 0.236186 0.000016 0.020266
1 0 0.195889 0.564185 0.182296 0.003852 0.053778
1 0 0.278088 0.515581 0.175186 0.000010 0.031135
1 1 0.216831 0.569650 0.175516 0.000061 0.037943
0 1 0.687902 0.200538 0.100719 0.000049 0.010792
1 0 0.174755 0.500169 0.314351 0.000000 0.010725
0 0 0.474301 0.417128 0.094226 0.000033 0.014312
1 1 0.217277 0.433382 0.307064 0.000252 0.042025
2 1 0.028442 0.221814 0.728329 0.000007 0.021407
2 0 0.013436 0.174861 0.808126 0.000030 0.003546
1 0 0.232206 0.586893 0.110477 0.000086 0.070338
1 0 0.240975 0.549762 0.183750 0.000031 0.025483
1 0 0.299304 0.488037 0.183953 0.000058 0.028648
2 1 0.067668 0.188086 0.723557 0.000053 0.020636
2 1 0.000480 0.016451 0.981954 0.000033 0.001083
2 2 0.004974 0.032226 0.961921 0.000078 0.000800
2 2 0.000066 0.002794 0.996877 0.000258 0.000006
2 2 0.002928 0.019765 0.976989 0.000105 0.000213
2 2 0.000078 0.003470 0.996366 0.000011 0.000075
2 2 0.000288 0.012321 0.987032 0.000009 0.000350
2 2 0.005195 0.029948 0.963204 0.000252 0.001401
2 2 0.004886 0.021476 0.972052 0.000025 0.001560
2 2 0.004721 0.036362 0.957722 0.000051 0.001144
2 2 0.000087 0.010591 0.989155 0.000042 0.000125
2 2 0.005750 0.055645 0.932424 0.000017 0.006164
2 2 0.025505 0.046039 0.926738 0.000286 0.001433
2 2 0.007947 0.095805 0.891184 0.000024 0.005040
2 2 0.005906 0.055237 0.937008 0.000039 0.001810
2 2 0.005863 0.024204 0.968927 0.000082 0.000925
2 2 0.002670 0.017775 0.979183 0.000307 0.000065
2 2 0.003418 0.024162 0.971438 0.000095 0.000887
2 2 0.002378 0.022899 0.973500 0.000058 0.001165
2 2 0.052298 0.093844 0.799045 0.000221 0.054592
2 2 0.001453 0.017079 0.978395 0.000477 0.002597
2 2 0.000278 0.007055 0.992078 0.000104 0.000486
2 2 0.000171 0.020050 0.979328 0.000002 0.000449
2 2 0.000099 0.004769 0.994835 0.000192 0.000105
2 2 0.000090 0.005423 0.994267 0.000061 0.000159
2 2 0.000969 0.012729 0.985072 0.000396 0.000834
2 2 0.004700 0.033500 0.960191 0.000202 0.001407
2 2 0.001584 0.024085 0.965137 0.000128 0.009066
2 2 0.000028 0.001139 0.998346 0.000434 0.000053
2 2 0.002989 0.022313 0.969074 0.000982 0.004643
2 2 0.003881 0.055629 0.939669 0.000329 0.000492
2 2 0.000080 0.008758 0.990227 0.000177 0.000759
2 2 0.001178 0.022927 0.974277 0.000218 0.001401
2 2 0.000010 0.001044 0.969166 0.029719 0.000062
2 2 0.000113 0.009127 0.989951 0.000636 0.000173
2 2 0.000488 0.009868 0.988150 0.000381 0.001113
2 2 0.001620 0.025957 0.969178 0.000138 0.003107
2 2 0.000001 0.000525 0.995182 0.004143 0.000149
2 2 0.000003 0.003739 0.995175 0.000329 0.000755
2 2 0.002860 0.017174 0.971267 0.007079 0.001621
2 2 0.001829 0.014810 0.981585 0.000540 0.001235
2 2 0.000002 0.000347 0.999370 0.000276 0.000005
2 2 0.000956 0.005075 0.989085 0.004687 0.000197
2 2 0.000022 0.002062 0.996352 0.000770 0.000794
2 2 0.000377 0.007528 0.983387 0.008282 0.000427
2 2 0.000050 0.003193 0.993697 0.002961 0.000099
2 2 0.000008 0.001566 0.994263 0.003985 0.000178
2 2 0.000005 0.001391 0.995683 0.002889 0.000032
2 2 0.000234 0.004594 0.993730 0.001181 0.000261
2 2 0.000135 0.008191 0.990710 0.000925 0.000039
2 2 0.000000 0.000073 0.997354 0.002572 0.000001
2 2 0.000187 0.015008 0.980175 0.004239 0.000391
2 2 0.000024 0.003691 0.995696 0.000558 0.000031
2 2 0.000002 0.000514 0.990628 0.008845 0.000012
2 2 0.000003 0.001213 0.983644 0.015029 0.000111
2 2 0.000091 0.006281 0.987883 0.005342 0.000402
2 2 0.000500 0.017790 0.978717 0.000895 0.002098
2 2 0.000028 0.002260 0.990730 0.006813 0.000168
2 2 0.000082 0.003804 0.995367 0.000602 0.000145
2 2 0.000005 0.003802 0.993006 0.002942 0.000246
2 2 0.000007 0.001872 0.977128 0.020849 0.000144
2 2 0.000014 0.003552 0.992650 0.001599 0.002185
2 2 0.000119 0.006733 0.982297 0.007840 0.003011
2 3 0.000000 0.000778 0.984300 0.014083 0.000838
2 3 0.000002 0.000703 0.948517 0.050742 0.000036
2 3 0.000065 0.006996 0.981549 0.009268 0.002122
2 3 0.000127 0.004366 0.943161 0.050329 0.002017
2 3 0.000024 0.003914 0.990944 0.004881 0.000237
2 3 0.000051 0.005613 0.991973 0.000751 0.001612
2 3 0.000006 0.006841 0.990319 0.001130 0.001704
2 3 0.000000 0.001412 0.995501 0.002609 0.000478
2 3 0.000021 0.002917 0.936169 0.059582 0.001311
2 3 0.000796 0.020961 0.969619 0.002569 0.006055
2 3 0.000002 0.000530 0.976268 0.023129 0.000072
2 3 0.001022 0.011242 0.940332 0.043276 0.004129
2 3 0.000051 0.001136 0.834365 0.158077 0.006370
2 3 0.000001 0.000347 0.720848 0.276296 0.002507
2 3 0.000032 0.002399 0.994726 0.002058 0.000786
2 2 0.000097 0.004555 0.991848 0.002088 0.001412
2 2 0.000003 0.001068 0.979959 0.018894 0.000076
2 2 0.000126 0.005914 0.974788 0.018207 0.000966
2 2 0.000039 0.002835 0.995398 0.001507 0.000221
2 2 0.000023 0.002993 0.983549 0.013161 0.000274
2 2 0.000224 0.009968 0.986511 0.002010 0.001288
2 2 0.000094 0.009464 0.989973 0.000202 0.000267
2 2 0.000065 0.000582 0.992633 0.006714 0.000007
2 2 0.000248 0.001817 0.997259 0.000666 0.000010
2 2 0.002675 0.081978 0.913100 0.000160 0.002088
2 2 0.000874 0.016917 0.981780 0.000169 0.000261
2 2 0.000008 0.000523 0.988992 0.010473 0.000004
2 2 0.000029 0.004174 0.995511 0.000212 0.000074
2 2 0.000001 0.000748 0.998549 0.000462 0.000241
2 2 0.007245 0.061880 0.929237 0.000034 0.001605
2 2 0.000836 0.060262 0.923207 0.000045 0.015649
2 2 0.000275 0.008365 0.979317 0.001239 0.010804
2 2 0.000088 0.013583 0.966839 0.000061 0.019428
2 2 0.000001 0.000516 0.999004 0.000454 0.000025
4 2 0.003292 0.069191 0.354772 0.000118 0.572626
4 4 0.008933 0.019740 0.040901 0.000031 0.930395
4 4 0.014027 0.026503 0.021857 0.000008 0.937605
4 4 0.008600 0.024736 0.027747 0.000004 0.938914
4 4 0.079106 0.020699 0.004643 0.000015 0.895537
4 4 0.040258 0.006078 0.002290 0.000005 0.951369
4 4 0.024485 0.016258 0.009382 0.000009 0.949865
4 4 0.030207 0.008970 0.006770 0.000056 0.953996
4 4 0.072443 0.015700 0.004390 0.000024 0.907442
4 4 0.025297 0.020436 0.008892 0.000003 0.945372
4 4 0.037709 0.026414 0.011471 0.000019 0.924388
4 4 0.023098 0.015066 0.007429 0.000003 0.954404
4 4 0.076117 0.019436 0.006131 0.000062 0.898254
4 4 0.041048 0.003740 0.001872 0.000016 0.953324
4 4 0.009513 0.004664 0.003717 0.000000 0.982105
4 4 0.011208 0.005594 0.007154 0.000010 0.976035
4 4 0.033199 0.017899 0.008349 0.000012 0.940542
4 4 0.019111 0.030945 0.011731 0.000001 0.938212
4 4 0.033082 0.038654 0.007744 0.000000 0.920519
4 4 0.020423 0.010103 0.005431 0.000002 0.964041
4 4 0.094541 0.009820 0.002418 0.000031 0.893190
4 4 0.067948 0.001253 0.000659 0.000093 0.930047
4 4 0.017338 0.003756 0.001401 0.000000 0.977505
4 4 0.102004 0.018471 0.003199 0.000012 0.876314
4 4 0.079619 0.002773 0.001251 0.000136 0.916221
4 4 0.030959 0.002269 0.000915 0.000001 0.965857
4 4 0.027268 0.000514 0.000451 0.000015 0.971752
4 4 0.071149 0.001912 0.000528 0.000006 0.926405
4 4 0.078549 0.002927 0.001017 0.000037 0.917470
4 4 0.059962 0.002616 0.001533 0.000140 0.935750
4 4 0.059290 0.021950 0.010534 0.000182 0.908045
4 4 0.035587 0.016873 0.008769 0.000027 0.938745
4 4 0.013348 0.009562 0.006967 0.000002 0.970121
4 4 0.014138 0.024637 0.011400 0.000000 0.949824
4 4 0.024521 0.109191 0.077142 0.000003 0.789143
4 4 0.008161 0.040511 0.045774 0.000000 0.905553
4 4 0.007692 0.044865 0.039256 0.000001 0.908186
4 4 0.005955 0.016321 0.021664 0.000002 0.956058
4 4 0.030065 0.021160 0.005234 0.000000 0.943541
4 4 0.015726 0.060427 0.020851 0.000000 0.902997
4 4 0.032020 0.007499 0.003329 0.000005 0.957147
4 4 0.037266 0.019511 0.005924 0.000003 0.937297
4 4 0.021170 0.012793 0.006981 0.000003 0.959053
4 4 0.010484 0.028177 0.026114 0.000004 0.935220
4 4 0.010745 0.028257 0.023815 0.000003 0.937179
4 4 0.015863 0.038124 0.029200 0.000001 0.916812
4 4 0.016191 0.031235 0.044922 0.000127 0.907525
4 4 0.021356 0.020468 0.014905 0.000019 0.943251
4 4 0.025023 0.070123 0.037360 0.000021 0.867472
4 4 0.015292 0.067233 0.054263 0.000020 0.863192
4 4 0.008825 0.036871 0.044789 0.000009 0.909506
4 4 0.013053 0.041890 0.041898 0.000022 0.903137
4 4 0.003868 0.094669 0.249752 0.000018 0.651694
4 4 0.004577 0.089766 0.127924 0.000002 0.777730
1 0 0.034733 0.480301 0.285315 0.000240 0.199410
1 1 0.187002 0.365860 0.252898 0.000055 0.194184
4 1 0.166153 0.174555 0.149205 0.000229 0.509858
2 2 0.015572 0.189983 0.513959 0.000215 0.280271
2 2 0.001666 0.087322 0.800024 0.000119 0.110870
4 2 0.002825 0.045333 0.176066 0.000017 0.775759
2 2 0.000494 0.018476 0.967943 0.000159 0.012929
2 2 0.000408 0.058565 0.823500 0.000042 0.117486
2 2 0.000320 0.052230 0.799361 0.000070 0.148019
4 2 0.002572 0.069791 0.311454 0.000008 0.616175
2 2 0.000514 0.042354 0.916856 0.000071 0.040205
2 2 0.000608 0.031013 0.935621 0.000070 0.032689
2 2 0.000064 0.008846 0.983713 0.000243 0.007134
2 2 0.000163 0.030215 0.827304 0.000044 0.142273
2 2 0.003989 0.042263 0.932556 0.000057 0.021136
2 2 0.011140 0.071693 0.872091 0.000117 0.044959
2 2 0.001119 0.013952 0.969118 0.001108 0.014703
2 2 0.001021 0.028027 0.938363 0.000080 0.032510
2 2 0.000007 0.003444 0.996112 0.000114 0.000323
2 2 0.000099 0.006018 0.993614 0.000009 0.000260
2 2 0.000263 0.026959 0.936636 0.000010 0.036133
2 2 0.000329 0.017727 0.960616 0.000089 0.021240
2 2 0.000631 0.049933 0.906596 0.000023 0.042817
2 2 0.000172 0.026946 0.945284 0.000016 0.027583
2 2 0.000099 0.006792 0.991796 0.000016 0.001296
2 2 0.000022 0.009791 0.988723 0.000003 0.001461
2 2 0.000087 0.014662 0.974772 0.000018 0.010460
2 2 0.004098 0.044932 0.897978 0.000066 0.052926
2 2 0.000011 0.007198 0.983489 0.000064 0.009238
2 2 0.000074 0.009860 0.976624 0.000029 0.013414
2 2 0.001841 0.048826 0.834957 0.000018 0.114359
2 2 0.000120 0.008223 0.989442 0.000031 0.002183
2 2 0.000721 0.033219 0.938444 0.000005 0.027611
2 2 0.000491 0.032552 0.886311 0.000065 0.080581
2 2 0.000126 0.018018 0.956137 0.000037 0.025681
2 2 0.000088 0.012937 0.984495 0.000309 0.002171
2 2 0.000006 0.004306 0.994011 0.000089 0.001588
2 2 0.000023 0.008374 0.986152 0.000082 0.005369
2 2 0.000044 0.011542 0.960280 0.000659 0.027475
2 2 0.000039 0.015516 0.945775 0.000410 0.038260
2 2 0.000001 0.002652 0.995369 0.000755 0.001222
2 2 0.000000 0.000559 0.997641 0.001544 0.000255
2 2 0.000083 0.010162 0.984123 0.000698 0.004933
2 2 0.000088 0.012842 0.982452 0.000072 0.004546
2 2 0.000009 0.001504 0.976658 0.021169 0.000660
2 2 0.000019 0.005089 0.988908 0.001412 0.004573
2 3 0.000006 0.001897 0.955344 0.041391 0.001362
2 3 0.000016 0.003126 0.941192 0.052948 0.002718
2 3 0.000155 0.011010 0.961258 0.021807 0.005770
2 3 0.000159 0.011476 0.885129 0.045023 0.058213
2 3 0.000009 0.005216 0.972498 0.019455 0.002822
2 3 0.000027 0.009077 0.966847 0.013741 0.010308
2 3 0.000013 0.006216 0.984760 0.004209 0.004803
2 3 0.000026 0.004163 0.836329 0.149602 0.009880
2 3 0.000024 0.003318 0.807041 0.179156 0.010461
2 3 0.000072 0.004269 0.860195 0.123824 0.011641
2 3 0.000053 0.003698 0.615316 0.367034 0.013899
2 3 0.000012 0.001353 0.733472 0.262799 0.002365
3 3 0.000000 0.000122 0.390965 0.608871 0.000042
2 3 0.000065 0.004897 0.687673 0.300756 0.006609
2 3 0.000128 0.013793 0.841288 0.122982 0.021809
3 3 0.000092 0.002449 0.261654 0.728878 0.006928
2 3 0.000006 0.001141 0.795480 0.198259 0.005114
3 3 0.000003 0.000442 0.279234 0.719197 0.001123
3 3 0.000002 0.000143 0.086844 0.912524 0.000487
3 3 0.000001 0.000373 0.323402 0.675857 0.000367
2 3 0.000027 0.001985 0.704673 0.288584 0.004732
2 3 0.000226 0.010565 0.909351 0.043777 0.036081
2 3 0.010448 0.027925 0.944927 0.000553 0.016147
2 3 0.001564 0.025319 0.952573 0.000806 0.019739
2 3 0.000019 0.004997 0.993975 0.000694 0.000314
2 3 0.000031 0.010715 0.977830 0.006220 0.005205
2 3 0.000050 0.004527 0.755220 0.236492 0.003711
2 3 0.000310 0.007871 0.874265 0.113509 0.004046
3 3 0.000000 0.000059 0.271354 0.728556 0.000031
2 3 0.000005 0.000447 0.766972 0.232562 0.000014
2 3 0.000000 0.000152 0.912198 0.087645 0.000005
2 3 0.000011 0.000275 0.570628 0.428955 0.000132
2 3 0.000397 0.005173 0.853464 0.138413 0.002553
2 3 0.000748 0.015889 0.932437 0.044774 0.006151
3 3 0.000247 0.004074 0.432893 0.554447 0.008340
3 3 0.000001 0.000459 0.302170 0.697282 0.000088
3 3 0.000020 0.001218 0.469625 0.528343 0.000794
2 3 0.000051 0.002637 0.841498 0.154548 0.001265
3 3 0.000002 0.000242 0.183085 0.816172 0.000499
2 3 0.000000 0.000236 0.572848 0.426558 0.000357
2 3 0.000038 0.002760 0.522324 0.472944 0.001934
3 3 0.000003 0.000239 0.096611 0.902637 0.000511
2 3 0.000052 0.008091 0.868842 0.119551 0.003463
2 3 0.000000 0.000058 0.725319 0.274620 0.000003
2 2 0.000443 0.005109 0.992072 0.001882 0.000494
2 2 0.000286 0.046579 0.946256 0.000063 0.006817
2 2 0.010401 0.204078 0.774591 0.000035 0.010895
2 2 0.005210 0.062328 0.928606 0.000011 0.003844
2 2 0.001091 0.015922 0.978478 0.000303 0.004206
2 2 0.021374 0.041100 0.934474 0.000770 0.002283
2 2 0.048617 0.066928 0.876276 0.002686 0.005494
2 2 0.010705 0.024055 0.963352 0.000170 0.001717
2 2 0.000243 0.010075 0.989097 0.000171 0.000414
2 2 0.000766 0.012617 0.986245 0.000026 0.000346
2 2 0.000030 0.003828 0.995838 0.000289 0.000014
2 2 0.000212 0.013277 0.986434 0.000006 0.000071
2 2 0.079829 0.131085 0.786914 0.000136 0.002035
2 2 0.048281 0.076770 0.871676 0.000099 0.003174
2 2 0.000537 0.007506 0.991715 0.000207 0.000036
2 2 0.009769 0.048191 0.941791 0.000046 0.000204
2 2 0.000418 0.008848 0.990621 0.000052 0.000060
2 2 0.000275 0.009685 0.989981 0.000016 0.000044
2 2 0.000409 0.012910 0.986542 0.000111 0.000028
2 2 0.001064 0.007362 0.991364 0.000162 0.000048
2 2 0.010400 0.072557 0.915915 0.000084 0.001044
2 2 0.063733 0.174353 0.759764 0.000387 0.001762
2 2 0.033368 0.156849 0.808747 0.000096 0.000940
2 2 0.030009 0.067812 0.901438 0.000187 0.000553
