0 0 0.999952 0.000044 0.000004 0.000000 0.000000
0 0 0.994563 0.002140 0.002413 0.000010 0.000874
0 0 0.998798 0.000476 0.000652 0.000000 0.000074
0 0 0.998270 0.000622 0.000528 0.000001 0.000578
0 0 0.958307 0.023181 0.010731 0.000051 0.007730
0 0 0.921835 0.051074 0.013584 0.000008 0.013498
0 0 0.864209 0.054461 0.030680 0.000001 0.050649
0 0 0.994793 0.001638 0.003085 0.000001 0.000482
0 0 0.664581 0.215027 0.105001 0.000041 0.015351
0 0 0.446712 0.311352 0.227698 0.000013 0.014224
0 0 0.963764 0.020916 0.012532 0.000004 0.002784
0 0 0.950196 0.025594 0.020616 0.000073 0.003520
2 0 0.127070 0.305988 0.534291 0.001800 0.030851
2 0 0.031487 0.109529 0.846651 0.000540 0.011794
0 0 0.936360 0.024695 0.016834 0.000670 0.021441
0 0 0.959519 0.013452 0.006509 0.000036 0.020484
0 0 0.932821 0.002443 0.002085 0.000762 0.061889
0 0 0.915481 0.007256 0.011317 0.001580 0.064366
0 0 0.952829 0.018674 0.014133 0.000168 0.014195
0 0 0.933746 0.022562 0.013887 0.000056 0.029750
0 0 0.493930 0.171022 0.303825 0.001921 0.029302
0 0 0.725755 0.091449 0.078689 0.000281 0.103827
0 0 0.990751 0.003909 0.002193 0.000012 0.003135
0 0 0.976959 0.011680 0.007099 0.000034 0.004229
0 0 0.609088 0.053254 0.127386 0.006054 0.204219
0 0 0.797852 0.027401 0.014659 0.000941 0.159148
0 0 0.963536 0.010215 0.015733 0.000048 0.010467
0 0 0.759305 0.109331 0.087945 0.000478 0.042941
0 0 0.498541 0.024368 0.037422 0.000519 0.439149
0 0 0.411408 0.263281 0.276755 0.000103 0.048453
0 0 0.992577 0.003566 0.002361 0.000004 0.001491
0 0 0.993632 0.001529 0.002117 0.000016 0.002706
0 0 0.992048 0.002597 0.003501 0.000009 0.001845
0 0 0.988056 0.004948 0.005105 0.000036 0.001856
0 0 0.680552 0.077583 0.096066 0.002014 0.143786
0 0 0.933898 0.006687 0.007689 0.000061 0.051664
0 0 0.996811 0.001272 0.001290 0.000003 0.000624
0 0 0.991845 0.003542 0.002183 0.000010 0.002420
0 0 0.991376 0.001364 0.001338 0.000002 0.005920
0 0 0.999594 0.000119 0.000124 0.000000 0.000163
0 0 0.976439 0.004713 0.004377 0.000087 0.014383
0 0 0.969699 0.010303 0.003517 0.000068 0.016414
0 0 0.986033 0.005925 0.003250 0.000027 0.004766
0 0 0.987916 0.004672 0.003091 0.000032 0.004289
0 0 0.986739 0.002927 0.008582 0.000119 0.001632
0 0 0.963921 0.020907 0.006242 0.000003 0.008928
0 0 0.827901 0.039091 0.101397 0.001391 0.030219
0 0 0.983783 0.008065 0.004457 0.000018 0.003677
0 0 0.990604 0.003831 0.003012 0.000025 0.002528
0 0 0.928163 0.044759 0.024528 0.000012 0.002538
0 0 0.951671 0.023563 0.014577 0.000149 0.010040
0 0 0.926794 0.029426 0.038703 0.000207 0.004870
0 0 0.929058 0.024642 0.024607 0.001411 0.020283
0 0 0.989362 0.004827 0.003068 0.000001 0.002742
0 0 0.991534 0.004104 0.002433 0.000006 0.001924
0 0 0.993727 0.002328 0.003101 0.000015 0.000828
0 0 0.593439 0.064656 0.322518 0.008302 0.011084
0 0 0.520169 0.022944 0.389168 0.062487 0.005232
0 0 0.903636 0.042218 0.050087 0.000348 0.003711
0 0 0.986505 0.006102 0.003437 0.000021 0.003936
0 0 0.986198 0.003682 0.004689 0.000300 0.005131
0 0 0.980967 0.009513 0.005272 0.000024 0.004223
0 0 0.989873 0.003422 0.004602 0.000096 0.002008
0 0 0.987268 0.004685 0.001891 0.000015 0.006140
0 0 0.902811 0.031508 0.017674 0.000084 0.047924
0 0 0.994967 0.002500 0.001554 0.000002 0.000978
0 0 0.997516 0.000691 0.001120 0.000010 0.000663
0 0 0.926121 0.010334 0.062995 0.000063 0.000487
0 0 0.366073 0.178508 0.106586 0.001345 0.347488
0 0 0.932906 0.022745 0.013323 0.000197 0.030829
0 0 0.610139 0.103447 0.235904 0.000223 0.050286
0 0 0.487675 0.106756 0.126481 0.011609 0.267480
0 0 0.957365 0.019625 0.020516 0.000057 0.002437
0 0 0.997451 0.000983 0.001017 0.000003 0.000547
0 0 0.908459 0.043603 0.019746 0.000280 0.027912
0 0 0.753338 0.086246 0.115110 0.005982 0.039324
0 0 0.969849 0.016990 0.008585 0.000023 0.004554
0 0 0.922478 0.037360 0.011863 0.000198 0.028100
0 0 0.995276 0.000520 0.000822 0.000000 0.003381
0 0 0.985364 0.009318 0.004659 0.000000 0.000658
0 0 0.999645 0.000354 0.000000 0.000000 0.000001
0 0 0.999992 0.000000 0.000000 0.000000 0.000008
0 0 0.952661 0.029509 0.007441 0.000012 0.010378
0 0 0.680435 0.188510 0.106354 0.000975 0.023725
0 0 0.782500 0.059690 0.147079 0.000448 0.010282
0 0 0.972911 0.014180 0.011322 0.000013 0.001574
0 0 0.993965 0.000427 0.000966 0.001175 0.003467
0 0 0.999099 0.000488 0.000198 0.000000 0.000215
0 0 0.849721 0.085523 0.014079 0.000048 0.050629
0 0 0.846571 0.067341 0.041263 0.000178 0.044646
0 0 0.990335 0.003454 0.004383 0.000019 0.001809
0 0 0.913884 0.008115 0.011890 0.000264 0.065846
0 0 0.972855 0.013405 0.006433 0.000012 0.007295
0 0 0.990693 0.003978 0.000838 0.000000 0.004491
0 0 0.952987 0.028813 0.015564 0.000011 0.002625
0 0 0.989227 0.004677 0.004530 0.000020 0.001547
0 0 0.876870 0.013983 0.021452 0.000000 0.087694
0 0 0.983880 0.001234 0.000856 0.000000 0.014030
0 0 0.958895 0.025568 0.006542 0.000009 0.008986
0 0 0.887946 0.014943 0.015275 0.000071 0.081764
0 0 0.995362 0.001757 0.000271 0.000000 0.002610
0 0 0.995092 0.003870 0.000757 0.000000 0.000281
0 0 0.979200 0.008219 0.004298 0.000071 0.008211
0 0 0.986195 0.008299 0.003312 0.000002 0.002192
0 0 0.986575 0.005448 0.005033 0.000003 0.002940
0 0 0.943158 0.009583 0.007070 0.000074 0.040114
0 0 0.696791 0.021071 0.012621 0.000193 0.269324
4 0 0.351520 0.012822 0.031586 0.000138 0.603935
0 0 0.974459 0.008988 0.005688 0.000006 0.010859
0 0 0.992122 0.003905 0.002367 0.000003 0.001604
0 0 0.969043 0.017861 0.002889 0.000002 0.010205
0 0 0.814163 0.019777 0.006692 0.000016 0.159352
0 0 0.975708 0.015036 0.002213 0.000001 0.007042
0 0 0.687497 0.130791 0.046504 0.000071 0.135137
0 0 0.861255 0.017209 0.010270 0.000007 0.111259
0 0 0.803862 0.095222 0.031756 0.000001 0.069159
0 0 0.980201 0.008028 0.001257 0.000002 0.010512
0 0 0.880173 0.084159 0.016499 0.000002 0.019168
0 0 0.954530 0.026874 0.004175 0.000004 0.014416
0 0 0.843696 0.078679 0.012914 0.000000 0.064710
1 0 0.269109 0.589554 0.115056 0.000002 0.026279
1 0 0.472793 0.473802 0.041653 0.000000 0.011752
0 1 0.495706 0.430836 0.042034 0.000005 0.031419
1 1 0.267767 0.551401 0.163055 0.000017 0.017760
4 1 0.130322 0.137323 0.066975 0.000797 0.664584
2 1 0.006532 0.064002 0.912145 0.009069 0.008251
2 2 0.002043 0.122573 0.860421 0.001897 0.013066
2 2 0.004405 0.128757 0.861287 0.000110 0.005442
2 2 0.041658 0.291160 0.661067 0.000552 0.005562
2 2 0.002151 0.031492 0.957938 0.007591 0.000828
2 2 0.009051 0.197076 0.770831 0.000419 0.022623
2 2 0.021790 0.087957 0.873850 0.007994 0.008407
2 2 0.006927 0.031888 0.954973 0.000405 0.005806
2 2 0.002838 0.057638 0.933928 0.000623 0.004974
2 2 0.000009 0.001395 0.998446 0.000141 0.000009
2 2 0.000003 0.000165 0.999742 0.000088 0.000002
2 2 0.002465 0.012470 0.983389 0.000322 0.001354
2 2 0.000000 0.000004 0.993601 0.006395 0.000000
2 2 0.000281 0.005135 0.994335 0.000127 0.000121
2 2 0.000032 0.001795 0.997792 0.000345 0.000036
2 2 0.000000 0.000174 0.999051 0.000773 0.000002
2 2 0.000046 0.001436 0.993578 0.004735 0.000206
2 2 0.000055 0.002179 0.997024 0.000682 0.000060
2 2 0.000032 0.000399 0.991852 0.007706 0.000010
2 2 0.000002 0.000119 0.996198 0.003679 0.000002
2 2 0.000001 0.000054 0.994062 0.005883 0.000000
2 2 0.000000 0.000026 0.956501 0.043472 0.000001
2 2 0.000000 0.000011 0.997731 0.002258 0.000000
2 2 0.000000 0.000005 0.711124 0.288871 0.000000
2 2 0.000007 0.000172 0.626754 0.373025 0.000042
2 3 0.000000 0.000010 0.609095 0.390895 0.000000
2 3 0.000002 0.000090 0.991895 0.008012 0.000001
3 3 0.000000 0.000003 0.339186 0.660811 0.000000
2 3 0.000000 0.000007 0.854749 0.145244 0.000000
2 3 0.000000 0.000003 0.769180 0.230817 0.000000
2 3 0.000000 0.000001 0.839927 0.160073 0.000000
3 3 0.000000 0.000001 0.478376 0.521622 0.000000
2 3 0.000000 0.000016 0.994830 0.005153 0.000001
3 3 0.000000 0.000011 0.013531 0.986447 0.000011
3 3 0.000000 0.000021 0.411760 0.588213 0.000006
3 3 0.000000 0.000003 0.069648 0.930345 0.000003
3 3 0.000000 0.000007 0.163415 0.836578 0.000001
3 3 0.000000 0.000006 0.053972 0.946017 0.000005
3 3 0.000000 0.000001 0.010416 0.989581 0.000002
3 3 0.000000 0.000007 0.447864 0.552129 0.000000
3 3 0.000000 0.000005 0.392295 0.607700 0.000000
3 3 0.000001 0.000001 0.002601 0.997396 0.000001
3 3 0.000000 0.000002 0.004658 0.995340 0.000001
2 3 0.000001 0.000022 0.517432 0.482543 0.000001
3 3 0.000662 0.000851 0.271599 0.726447 0.000442
3 3 0.000005 0.000058 0.045683 0.954197 0.000057
2 3 0.000000 0.000011 0.753421 0.246568 0.000000
3 3 0.000049 0.000357 0.420184 0.578968 0.000441
2 3 0.000000 0.000024 0.553169 0.446802 0.000005
3 3 0.000021 0.000104 0.040996 0.958672 0.000206
3 3 0.000000 0.000019 0.151537 0.848436 0.000007
2 3 0.000000 0.000004 0.526612 0.473384 0.000000
2 3 0.000000 0.000001 0.760368 0.239631 0.000000
3 3 0.000000 0.000006 0.030908 0.969083 0.000003
3 3 0.000008 0.000089 0.032250 0.967345 0.000308
3 3 0.000002 0.000023 0.027749 0.972206 0.000020
3 3 0.000004 0.000028 0.015566 0.984382 0.000021
3 3 0.000000 0.000002 0.042102 0.957894 0.000002
3 3 0.000000 0.000003 0.139872 0.860123 0.000002
3 3 0.000000 0.000028 0.062551 0.937355 0.000067
3 3 0.000045 0.000276 0.064476 0.932498 0.002705
3 3 0.000001 0.000017 0.166877 0.833104 0.000001
3 3 0.000000 0.000004 0.211162 0.788834 0.000000
3 3 0.000000 0.000003 0.010959 0.989036 0.000002
3 3 0.000001 0.000010 0.012574 0.987406 0.000009
2 3 0.000000 0.000007 0.656393 0.343598 0.000001
2 3 0.000000 0.000007 0.578343 0.421650 0.000000
3 3 0.000001 0.000009 0.061747 0.938238 0.000004
3 3 0.000220 0.000458 0.079847 0.918104 0.001371
3 3 0.000001 0.000012 0.032532 0.967449 0.000007
3 3 0.000001 0.000016 0.031266 0.968701 0.000016
3 3 0.000000 0.000007 0.016571 0.983408 0.000014
3 3 0.000000 0.000007 0.023170 0.976820 0.000004
3 3 0.000001 0.000022 0.036606 0.963305 0.000066
3 3 0.000007 0.000130 0.086711 0.912848 0.000304
3 3 0.000000 0.000001 0.009688 0.990310 0.000001
3 3 0.000000 0.000005 0.048566 0.951425 0.000004
3 3 0.000001 0.000000 0.001205 0.998793 0.000000
3 3 0.000000 0.000000 0.004624 0.995376 0.000000
3 3 0.000000 0.000000 0.000215 0.999784 0.000000
3 3 0.000000 0.000000 0.003513 0.996487 0.000000
3 3 0.000005 0.000008 0.017136 0.982831 0.000020
3 3 0.000752 0.000231 0.062513 0.936443 0.000060
3 3 0.000001 0.000080 0.184701 0.815209 0.000009
2 3 0.000017 0.000425 0.563684 0.435866 0.000008
2 3 0.000016 0.000480 0.991193 0.008295 0.000016
2 2 0.000001 0.000065 0.926025 0.073909 0.000000
3 2 0.000000 0.000010 0.233721 0.766267 0.000002
3 2 0.000001 0.000018 0.182555 0.817421 0.000005
2 2 0.001171 0.014070 0.984413 0.000168 0.000179
2 2 0.000058 0.000572 0.982700 0.016669 0.000002
2 2 0.000000 0.000059 0.922081 0.077859 0.000000
3 2 0.000024 0.000921 0.495543 0.503434 0.000079
2 2 0.011854 0.023874 0.954828 0.002671 0.006773
0 0 0.656886 0.319497 0.017797 0.000000 0.005820
0 0 0.466003 0.405539 0.055475 0.000002 0.072980
4 2 0.087414 0.179151 0.103133 0.000031 0.630271
0 2 0.650758 0.205247 0.120002 0.000075 0.023918
0 2 0.462798 0.410634 0.082237 0.000048 0.044283
0 2 0.424214 0.297186 0.203374 0.000088 0.075137
0 2 0.497757 0.157438 0.102664 0.000093 0.242048
2 2 0.000177 0.027050 0.965281 0.005757 0.001734
2 2 0.000962 0.037185 0.952053 0.008388 0.001411
0 0 0.985981 0.010066 0.003005 0.000000 0.000948
0 0 0.825243 0.144197 0.024106 0.000002 0.006452
0 0 0.771429 0.117646 0.027004 0.000043 0.083878
0 0 0.764914 0.178051 0.022879 0.000000 0.034156
1 0 0.238504 0.527318 0.216386 0.000433 0.017359
1 2 0.169633 0.406932 0.398261 0.004638 0.020536
0 2 0.437051 0.200931 0.348523 0.000602 0.012893
1 2 0.444472 0.465523 0.067340 0.000030 0.022634
2 2 0.083010 0.105763 0.765772 0.037621 0.007834
2 2 0.053972 0.125244 0.797888 0.018587 0.004308
2 2 0.068676 0.070591 0.856516 0.001203 0.003014
2 2 0.000292 0.003662 0.987364 0.008672 0.000011
2 2 0.000674 0.006729 0.992035 0.000510 0.000052
2 2 0.000010 0.002066 0.997101 0.000818 0.000005
2 2 0.000263 0.010119 0.986630 0.002809 0.000178
2 2 0.001067 0.003429 0.984756 0.010717 0.000032
2 2 0.000001 0.000052 0.669722 0.330225 0.000000
2 2 0.000130 0.000975 0.980173 0.018717 0.000005
2 2 0.000044 0.002113 0.929223 0.068605 0.000015
2 2 0.000193 0.002323 0.995057 0.002404 0.000023
2 2 0.000192 0.017733 0.981523 0.000017 0.000535
2 2 0.000019 0.001823 0.998078 0.000038 0.000042
2 2 0.000408 0.012544 0.986334 0.000027 0.000686
2 2 0.000000 0.000014 0.999938 0.000048 0.000000
2 2 0.279191 0.154415 0.510570 0.000034 0.055790
0 0 0.953773 0.021979 0.005263 0.000031 0.018954
0 0 0.959009 0.027770 0.005559 0.000003 0.007659
0 0 0.997349 0.000986 0.001576 0.000000 0.000089
0 0 0.820681 0.148670 0.015797 0.000001 0.014851
0 0 0.685016 0.256548 0.021890 0.000007 0.036538
0 1 0.657452 0.128661 0.026351 0.000075 0.187460
0 2 0.559942 0.204121 0.027327 0.000011 0.208598
0 2 0.844242 0.079107 0.028499 0.000032 0.048120
0 2 0.448471 0.278783 0.169620 0.000629 0.102497
2 2 0.032644 0.245140 0.707117 0.000611 0.014488
2 2 0.014031 0.081459 0.877550 0.003644 0.023317
2 2 0.002971 0.075376 0.919083 0.000290 0.002280
2 2 0.000236 0.006757 0.944641 0.048139 0.000227
2 2 0.000059 0.012370 0.981444 0.005013 0.001113
2 2 0.000159 0.008996 0.987601 0.002802 0.000442
2 2 0.000001 0.000342 0.999582 0.000075 0.000000
2 2 0.000000 0.000030 0.999935 0.000036 0.000000
0 2 0.504208 0.180212 0.310021 0.000078 0.005481
0 1 0.511648 0.415226 0.065325 0.000004 0.007796
2 1 0.095736 0.436893 0.449744 0.000030 0.017598
2 2 0.019639 0.073321 0.896552 0.002930 0.007558
2 2 0.000102 0.007048 0.988021 0.004774 0.000055
2 2 0.000243 0.008731 0.975281 0.015487 0.000258
2 2 0.000000 0.000002 0.984473 0.015525 0.000000
2 2 0.000000 0.000061 0.996838 0.003100 0.000000
2 2 0.000001 0.000033 0.992090 0.007876 0.000000
2 2 0.000000 0.000012 0.993283 0.006705 0.000000
2 2 0.014470 0.048777 0.932696 0.000145 0.003911
2 2 0.000007 0.002603 0.997036 0.000286 0.000067
2 2 0.000001 0.000264 0.998766 0.000966 0.000002
2 2 0.000000 0.000111 0.999666 0.000222 0.000000
2 2 0.000000 0.000039 0.996888 0.003073 0.000000
2 2 0.000000 0.000003 0.998173 0.001824 0.000000
2 2 0.000000 0.000000 0.998353 0.001646 0.000000
2 2 0.000000 0.000007 0.997892 0.002101 0.000000
1 1 0.419017 0.432589 0.091782 0.000041 0.056571
1 1 0.122510 0.606538 0.213156 0.000032 0.057764
2 2 0.000308 0.005807 0.992767 0.000788 0.000330
2 2 0.000649 0.007489 0.989789 0.000373 0.001701
2 2 0.000000 0.000030 0.997749 0.002221 0.000000
2 2 0.000000 0.000101 0.999831 0.000068 0.000000
2 2 0.000001 0.000202 0.997771 0.002021 0.000006
2 2 0.000002 0.000419 0.994804 0.004757 0.000018
2 2 0.000000 0.000139 0.998090 0.001770 0.000002
2 2 0.000002 0.001055 0.998257 0.000601 0.000085
2 2 0.000000 0.000000 0.996248 0.003752 0.000000
2 2 0.000000 0.000000 0.999883 0.000117 0.000000
2 2 0.000000 0.000022 0.996086 0.003891 0.000000
2 2 0.000065 0.001644 0.997864 0.000391 0.000035
1 2 0.235870 0.406407 0.345877 0.000313 0.011533
2 2 0.006589 0.092886 0.896855 0.000339 0.003331
2 2 0.004298 0.079213 0.845470 0.064006 0.007014
1 1 0.140571 0.475796 0.292569 0.000606 0.090458
2 2 0.000541 0.043031 0.954228 0.001546 0.000653
2 2 0.000027 0.001025 0.993761 0.005180 0.000006
2 2 0.000000 0.000159 0.996885 0.002954 0.000002
2 2 0.000017 0.002136 0.997672 0.000060 0.000115
0 2 0.991405 0.006817 0.001767 0.000000 0.000011
0 0 0.993378 0.005116 0.001338 0.000000 0.000167
0 0 0.600348 0.007938 0.003596 0.000002 0.388116
0 0 0.806427 0.034449 0.020483 0.000015 0.138626
0 0 0.943972 0.025059 0.005279 0.000003 0.025688
0 0 0.966940 0.023859 0.004810 0.000000 0.004391
0 0 0.791139 0.036625 0.005997 0.000040 0.166199
0 0 0.589603 0.153668 0.030773 0.000058 0.225898
1 1 0.087234 0.464665 0.337436 0.000010 0.110654
2 2 0.013142 0.205975 0.673860 0.000021 0.107003
2 2 0.005509 0.097466 0.819818 0.071873 0.005334
2 2 0.000372 0.057507 0.930500 0.002079 0.009543
2 2 0.000078 0.001853 0.979572 0.017978 0.000519
2 2 0.000004 0.001972 0.997284 0.000685 0.000055
2 2 0.000032 0.003265 0.947605 0.048743 0.000355
2 2 0.000002 0.003308 0.996293 0.000309 0.000089
2 2 0.000001 0.000522 0.997338 0.002117 0.000022
2 2 0.000000 0.000072 0.981252 0.018675 0.000001
2 2 0.000000 0.000177 0.999079 0.000719 0.000025
2 2 0.000003 0.000299 0.981269 0.018396 0.000033
2 2 0.000000 0.000402 0.984134 0.015386 0.000078
2 2 0.000000 0.000043 0.954141 0.045816 0.000000
2 2 0.000000 0.000001 0.987824 0.012175 0.000000
2 2 0.000000 0.000196 0.998037 0.001764 0.000003
2 2 0.000001 0.001107 0.998826 0.000021 0.000045
2 2 0.044864 0.113299 0.824644 0.000072 0.017122
2 2 0.000000 0.000006 0.999727 0.000267 0.000000
2 2 0.000010 0.001061 0.998841 0.000085 0.000003
2 2 0.001893 0.006109 0.968595 0.019289 0.004114
2 2 0.000030 0.001140 0.924936 0.073746 0.000148
2 2 0.000000 0.000000 0.999979 0.000021 0.000000
2 2 0.000000 0.000000 0.999993 0.000007 0.000000
2 2 0.000195 0.006182 0.986473 0.006921 0.000229
2 2 0.000328 0.013673 0.985506 0.000285 0.000209
2 2 0.000319 0.010971 0.982021 0.002980 0.003709
2 2 0.000006 0.000815 0.993116 0.005907 0.000156
2 2 0.000000 0.000016 0.985946 0.014038 0.000000
2 2 0.000000 0.000006 0.997179 0.002815 0.000000
2 2 0.000000 0.000001 0.999977 0.000022 0.000000
2 2 0.000000 0.000000 0.999918 0.000081 0.000000
2 2 0.000000 0.000010 0.997126 0.002862 0.000001
2 2 0.000000 0.000003 0.996381 0.003616 0.000000
2 2 0.000000 0.000013 0.998819 0.001168 0.000000
2 2 0.000000 0.000001 0.998680 0.001319 0.000000
2 2 0.000000 0.000003 0.998833 0.001164 0.000000
2 2 0.000000 0.000221 0.999551 0.000200 0.000028
2 2 0.000000 0.000000 0.997724 0.002276 0.000000
2 2 0.000000 0.000012 0.727692 0.272290 0.000006
2 2 0.000000 0.000019 0.999191 0.000790 0.000000
2 2 0.000000 0.000045 0.993427 0.006521 0.000007
2 2 0.000001 0.000278 0.998771 0.000899 0.000051
2 2 0.000009 0.002841 0.995415 0.000569 0.001166
2 2 0.000491 0.015769 0.934578 0.002974 0.046188
2 4 0.000906 0.031242 0.943267 0.001041 0.023544
2 4 0.002911 0.094653 0.518865 0.000816 0.382755
4 4 0.049507 0.247566 0.192244 0.000004 0.510679
2 4 0.001651 0.097120 0.670881 0.000107 0.230242
2 4 0.000020 0.012439 0.972283 0.000303 0.014955
2 4 0.000326 0.064642 0.878724 0.002499 0.053808
2 4 0.000232 0.044591 0.932565 0.000364 0.022248
2 4 0.001910 0.064452 0.690136 0.000264 0.243237
4 4 0.018379 0.127370 0.226985 0.000059 0.627208
2 4 0.003678 0.116859 0.542036 0.000467 0.336962
4 4 0.014956 0.131872 0.276167 0.000353 0.576653
4 4 0.001699 0.030393 0.354699 0.004509 0.608700
4 4 0.005540 0.003125 0.005108 0.000038 0.986188
4 4 0.021133 0.025327 0.117104 0.031436 0.804999
4 4 0.017846 0.016291 0.013332 0.000081 0.952449
2 4 0.002782 0.133138 0.811803 0.000017 0.052260
2 4 0.000158 0.062554 0.921310 0.000004 0.015974
2 4 0.002484 0.130391 0.629150 0.000037 0.237938
2 4 0.002171 0.208923 0.654720 0.000016 0.134170
2 4 0.002500 0.166696 0.683521 0.000009 0.147274
4 4 0.065529 0.259834 0.147372 0.000019 0.527247
4 4 0.172036 0.165726 0.042452 0.003733 0.616053
4 4 0.012576 0.007943 0.110811 0.080348 0.788322
4 4 0.005849 0.127202 0.314276 0.000068 0.552605
4 4 0.002837 0.023890 0.060426 0.000094 0.912753
0 4 0.315540 0.126918 0.298217 0.000553 0.258772
1 4 0.241479 0.477661 0.092117 0.000002 0.188741
4 4 0.004275 0.087589 0.100562 0.000414 0.807160
4 4 0.003002 0.187662 0.157332 0.000247 0.651757
4 4 0.029696 0.204861 0.077482 0.001044 0.686918
4 4 0.009972 0.212840 0.040689 0.000007 0.736492
2 4 0.002173 0.281088 0.577792 0.000001 0.138946
2 4 0.001981 0.148856 0.762218 0.000859 0.086086
2 4 0.006418 0.059985 0.602922 0.003097 0.327577
2 2 0.000918 0.029065 0.899915 0.000573 0.069529
4 2 0.039086 0.129104 0.057679 0.000014 0.774117
1 2 0.097975 0.453541 0.102762 0.000002 0.345720
2 2 0.004402 0.198847 0.727075 0.000247 0.069429
2 2 0.011167 0.346489 0.547895 0.000054 0.094395
4 4 0.001609 0.172090 0.388468 0.000485 0.437349
4 4 0.008541 0.080522 0.061815 0.000061 0.849060
2 4 0.002013 0.169344 0.772470 0.000006 0.056167
2 4 0.013526 0.318270 0.490454 0.000020 0.177730
4 4 0.023881 0.136480 0.125678 0.001282 0.712680
2 4 0.013413 0.119749 0.449766 0.073098 0.343975
4 4 0.012362 0.073209 0.180957 0.010226 0.723246
2 4 0.011831 0.195778 0.474428 0.003777 0.314186
2 2 0.001987 0.245529 0.624522 0.000009 0.127953
2 2 0.000106 0.073059 0.824646 0.000438 0.101750
2 2 0.000020 0.022545 0.971360 0.000042 0.006034
2 2 0.000106 0.057577 0.882144 0.000079 0.060094
2 2 0.000697 0.034726 0.510861 0.431811 0.021905
2 2 0.000152 0.016218 0.889131 0.066018 0.028481
2 2 0.004914 0.092092 0.785629 0.000940 0.116424
2 2 0.001892 0.238117 0.569030 0.000067 0.190894
2 2 0.000005 0.003218 0.994826 0.000959 0.000992
2 2 0.000019 0.006636 0.990554 0.001607 0.001184
2 2 0.000002 0.000821 0.993526 0.005635 0.000016
2 2 0.000009 0.003934 0.995319 0.000433 0.000304
2 2 0.002721 0.050502 0.903186 0.024516 0.019074
2 2 0.000523 0.023709 0.906644 0.008156 0.060967
2 2 0.000203 0.008902 0.929145 0.053413 0.008337
2 2 0.000138 0.014834 0.928288 0.024173 0.032566
2 2 0.000080 0.019380 0.942163 0.025202 0.013175
2 2 0.000334 0.019538 0.953544 0.022894 0.003691
2 2 0.002620 0.027486 0.679732 0.267281 0.022880
2 2 0.000013 0.000730 0.972162 0.026894 0.000201
2 2 0.000001 0.000861 0.988942 0.009901 0.000295
2 2 0.000274 0.002919 0.987206 0.008910 0.000690
2 2 0.000069 0.005763 0.993783 0.000301 0.000084
2 2 0.000000 0.000274 0.999631 0.000092 0.000002
2 2 0.000000 0.000341 0.997836 0.001760 0.000063
2 2 0.000003 0.000315 0.999093 0.000454 0.000134
2 2 0.000000 0.000144 0.997134 0.002718 0.000004
2 2 0.000001 0.000108 0.993378 0.006508 0.000005
2 2 0.000001 0.000468 0.987283 0.012155 0.000094
2 2 0.000012 0.001143 0.878972 0.119684 0.000189
3 2 0.000000 0.000034 0.380352 0.619612 0.000001
2 2 0.000002 0.000208 0.648309 0.351470 0.000011
2 2 0.000004 0.001476 0.813890 0.184467 0.000163
2 2 0.000001 0.000163 0.913783 0.086020 0.000032
2 2 0.000000 0.000042 0.545570 0.454384 0.000004
3 2 0.000026 0.000681 0.312041 0.686216 0.001037
3 3 0.000011 0.000741 0.230120 0.768299 0.000829
3 3 0.005260 0.003645 0.048629 0.922293 0.020174
3 3 0.000127 0.001265 0.229271 0.768709 0.000628
3 3 0.000001 0.000040 0.155988 0.843967 0.000004
3 3 0.001408 0.002169 0.309679 0.686171 0.000573
3 3 0.000175 0.001258 0.260619 0.737494 0.000455
3 3 0.000000 0.000012 0.004594 0.995390 0.000003
3 3 0.000052 0.000149 0.008636 0.990980 0.000183
3 3 0.000084 0.000130 0.026476 0.973221 0.000089
3 3 0.002549 0.007079 0.391786 0.597710 0.000876
3 3 0.000377 0.000783 0.021140 0.976785 0.000915
3 3 0.002383 0.011315 0.475303 0.509789 0.001210
3 3 0.000539 0.001376 0.029122 0.967614 0.001350
3 3 0.000200 0.001074 0.023840 0.974273 0.000613
3 3 0.086441 0.011741 0.036544 0.794848 0.070425
0 3 0.347385 0.073069 0.068912 0.223195 0.287439
3 3 0.002185 0.008181 0.162119 0.823322 0.004193
3 3 0.000081 0.000105 0.007064 0.992472 0.000278
3 3 0.000003 0.000044 0.014094 0.985800 0.000058
3 3 0.053559 0.012003 0.048914 0.832253 0.053271
3 3 0.000144 0.000498 0.016756 0.982190 0.000413
3 3 0.000399 0.001226 0.071782 0.926166 0.000427
3 3 0.000022 0.000018 0.031474 0.968484 0.000002
2 3 0.000036 0.001525 0.777334 0.220901 0.000204
2 3 0.000000 0.000049 0.629103 0.370842 0.000007
3 3 0.000002 0.000214 0.472436 0.527337 0.000011
3 3 0.000017 0.000634 0.303665 0.694636 0.001049
2 3 0.000410 0.007256 0.594746 0.386099 0.011489
3 3 0.000002 0.000144 0.204335 0.795496 0.000023
3 3 0.000000 0.000018 0.077132 0.922847 0.000002
3 3 0.000004 0.000171 0.474613 0.525188 0.000024
3 3 0.000000 0.000007 0.032747 0.967246 0.000000
3 3 0.000061 0.000666 0.114987 0.882112 0.002174
3 3 0.000003 0.000294 0.349687 0.649925 0.000091
3 3 0.000037 0.000572 0.062314 0.936182 0.000894
3 3 0.000000 0.000004 0.007096 0.992899 0.000001
3 3 0.000017 0.000025 0.005364 0.994441 0.000153
3 3 0.000106 0.000115 0.011778 0.987872 0.000129
3 3 0.000000 0.000004 0.002748 0.997245 0.000003
3 3 0.000002 0.000059 0.027425 0.972468 0.000046
3 3 0.000030 0.000065 0.015154 0.984568 0.000184
3 3 0.000000 0.000002 0.004374 0.995619 0.000005
3 3 0.000019 0.000082 0.040931 0.958712 0.000256
3 3 0.000001 0.000074 0.066686 0.933077 0.000161
3 3 0.000105 0.000524 0.054405 0.943194 0.001772
3 3 0.000999 0.001737 0.232388 0.759069 0.005805
3 3 0.000351 0.000360 0.021738 0.973992 0.003558
3 3 0.000060 0.000302 0.034577 0.963925 0.001136
3 3 0.000039 0.000159 0.013812 0.985719 0.000271
3 3 0.000161 0.001162 0.049464 0.947611 0.001603
3 3 0.000074 0.000768 0.058318 0.939516 0.001324
3 3 0.000001 0.000008 0.003092 0.996891 0.000008
3 3 0.000038 0.000079 0.016976 0.982088 0.000820
3 3 0.000024 0.000081 0.014929 0.984590 0.000375
3 3 0.000000 0.000001 0.018421 0.981577 0.000001
3 3 0.000065 0.000058 0.003297 0.996450 0.000129
3 3 0.000002 0.000001 0.000433 0.999560 0.000004
3 3 0.002065 0.000960 0.019426 0.968986 0.008563
3 3 0.000002 0.000018 0.009165 0.990772 0.000043
3 3 0.000007 0.000032 0.008536 0.991342 0.000083
3 3 0.000414 0.002425 0.087333 0.905160 0.004668
3 3 0.000052 0.000177 0.032935 0.965268 0.001568
3 3 0.000039 0.000129 0.019297 0.979917 0.000618
3 3 0.000008 0.000014 0.003235 0.996697 0.000046
3 3 0.000030 0.000233 0.053716 0.944584 0.001437
3 3 0.000000 0.000049 0.068685 0.931226 0.000040
3 3 0.000001 0.000064 0.050153 0.949711 0.000071
2 2 0.050821 0.026731 0.890728 0.031046 0.000674
3 2 0.008009 0.001900 0.244268 0.745511 0.000312
3 2 0.001259 0.002859 0.306053 0.686982 0.002847
2 2 0.000133 0.000916 0.944374 0.054569 0.000009
2 2 0.000010 0.000327 0.995792 0.003867 0.000005
3 2 0.003495 0.003024 0.473079 0.520256 0.000147
2 2 0.000352 0.007180 0.970746 0.021562 0.000160
2 2 0.000629 0.003059 0.988948 0.007286 0.000077
2 2 0.000000 0.000003 0.996861 0.003136 0.000000
2 2 0.000015 0.001672 0.997076 0.000752 0.000485
2 2 0.000000 0.000088 0.998955 0.000956 0.000001
2 2 0.000000 0.000137 0.995515 0.004335 0.000013
2 2 0.000000 0.000002 0.999012 0.000985 0.000000
2 2 0.000000 0.000180 0.987721 0.012083 0.000016
2 2 0.000000 0.000036 0.980274 0.019690 0.000001
2 2 0.000008 0.001220 0.993988 0.004057 0.000727
2 2 0.000000 0.000003 0.959928 0.040069 0.000000
2 2 0.000000 0.000029 0.916802 0.083168 0.000001
2 2 0.000000 0.000005 0.723572 0.276422 0.000000
2 2 0.002715 0.007288 0.962536 0.027411 0.000050
2 2 0.182767 0.072029 0.744138 0.000375 0.000691
2 2 0.000000 0.000056 0.994054 0.005889 0.000001
2 2 0.000002 0.000222 0.972556 0.027200 0.000020
2 2 0.000000 0.000096 0.990623 0.009278 0.000003
2 2 0.000000 0.000082 0.996439 0.003477 0.000003
2 2 0.000703 0.002502 0.793916 0.202471 0.000408
2 2 0.000012 0.002272 0.994642 0.002899 0.000175
2 2 0.000000 0.000009 0.998646 0.001344 0.000000
2 2 0.000000 0.000007 0.999974 0.000019 0.000000
2 2 0.000000 0.000002 0.999696 0.000301 0.000000
2 2 0.000000 0.000164 0.999455 0.000378 0.000003
2 2 0.000000 0.000012 0.942198 0.057789 0.000001
2 2 0.000005 0.000220 0.801344 0.198365 0.000066
2 2 0.000000 0.000016 0.990156 0.009828 0.000000
2 2 0.000000 0.000003 0.992653 0.007344 0.000000
2 2 0.000000 0.000004 0.998817 0.001179 0.000000
2 2 0.000000 0.000005 0.999445 0.000550 0.000000
2 2 0.000000 0.000002 0.993214 0.006785 0.000000
2 2 0.000000 0.000166 0.997270 0.002501 0.000063
2 2 0.000000 0.000001 0.913703 0.086297 0.000000
2 2 0.000000 0.000002 0.970484 0.029514 0.000000
2 2 0.000000 0.000002 0.996192 0.003806 0.000000
2 2 0.000001 0.000166 0.994991 0.004836 0.000007
2 2 0.000000 0.000010 0.999722 0.000268 0.000000
2 2 0.000000 0.000005 0.990843 0.009152 0.000000
2 2 0.000004 0.001160 0.994230 0.004264 0.000342
2 2 0.000000 0.000151 0.997577 0.002267 0.000005
2 2 0.000000 0.000089 0.998274 0.001631 0.000006
2 2 0.000000 0.000064 0.997955 0.001962 0.000019
2 2 0.000090 0.001190 0.663615 0.332598 0.002507
2 2 0.000001 0.000239 0.984488 0.015231 0.000041
2 2 0.000000 0.000001 0.962298 0.037701 0.000000
2 2 0.000000 0.000000 0.987950 0.012049 0.000000
2 2 0.000000 0.000013 0.955943 0.044036 0.000007
2 2 0.000000 0.000009 0.968674 0.031317 0.000001
3 2 0.000001 0.000048 0.173055 0.826887 0.000009
2 2 0.000002 0.000229 0.803876 0.195795 0.000098
2 2 0.000000 0.000007 0.999200 0.000794 0.000000
2 2 0.000000 0.000003 0.553415 0.446581 0.000000
2 2 0.000000 0.000124 0.980765 0.019059 0.000051
2 2 0.000000 0.000011 0.952682 0.047307 0.000001
2 2 0.000000 0.000092 0.997929 0.001974 0.000004
2 2 0.000000 0.000007 0.965484 0.034508 0.000000
2 2 0.000000 0.000018 0.903926 0.096055 0.000001
2 2 0.000000 0.000073 0.555604 0.444301 0.000022
3 2 0.000001 0.000037 0.130038 0.869914 0.000010
3 2 0.000002 0.000043 0.050643 0.949240 0.000072
2 2 0.000001 0.000027 0.568164 0.431808 0.000001
2 2 0.000001 0.000114 0.940526 0.059324 0.000034
2 2 0.000000 0.000023 0.775682 0.224292 0.000002
2 2 0.000000 0.000006 0.793953 0.206041 0.000000
2 2 0.005151 0.001123 0.900377 0.093335 0.000013
2 2 0.000798 0.001794 0.996495 0.000901 0.000013
2 2 0.000045 0.000345 0.513090 0.486423 0.000097
2 2 0.000004 0.000066 0.864548 0.135380 0.000003
2 2 0.000000 0.000001 0.966708 0.033290 0.000000
2 2 0.000000 0.000004 0.978088 0.021907 0.000000
2 2 0.000069 0.010703 0.976818 0.005215 0.007195
2 2 0.000016 0.002729 0.985398 0.009871 0.001986
2 2 0.000012 0.003167 0.978756 0.008467 0.009598
2 2 0.000016 0.002531 0.993427 0.001687 0.002339
2 2 0.000038 0.007049 0.980398 0.008474 0.004041
2 2 0.000005 0.002954 0.995360 0.000839 0.000842
2 2 0.001513 0.025969 0.559221 0.263452 0.149845
4 4 0.006315 0.015434 0.088340 0.006519 0.883394
2 4 0.003469 0.030902 0.572597 0.085812 0.307220
2 4 0.006365 0.045272 0.664976 0.015129 0.268258
2 1 0.006070 0.058075 0.918915 0.000211 0.016729
2 1 0.000276 0.052311 0.941464 0.000420 0.005529
4 2 0.003166 0.070505 0.358996 0.004517 0.562816
4 4 0.004981 0.076392 0.432321 0.008828 0.477478
4 4 0.008165 0.033001 0.369680 0.018439 0.570715
2 4 0.000528 0.027642 0.946804 0.000371 0.024655
2 4 0.000797 0.079280 0.839432 0.000826 0.079665
2 2 0.000053 0.014249 0.974344 0.000883 0.010471
2 2 0.000000 0.000168 0.997209 0.002602 0.000021
2 2 0.000000 0.000123 0.998136 0.001738 0.000002
2 2 0.000000 0.000335 0.999310 0.000349 0.000007
2 2 0.000000 0.000006 0.999929 0.000065 0.000000
2 2 0.000000 0.000151 0.988313 0.011528 0.000007
2 2 0.000000 0.000003 0.990443 0.009553 0.000000
2 2 0.000000 0.000000 0.979482 0.020518 0.000000
2 2 0.000000 0.000001 0.999931 0.000067 0.000000
2 2 0.000000 0.000132 0.997380 0.002479 0.000009
2 2 0.000000 0.000027 0.999780 0.000191 0.000002
2 2 0.000000 0.000000 0.999969 0.000031 0.000000
2 2 0.000000 0.000112 0.999538 0.000344 0.000005
2 2 0.000006 0.000555 0.997277 0.001989 0.000174
2 1 0.052059 0.039829 0.890354 0.000280 0.017478
0 2 0.531683 0.156526 0.272903 0.004919 0.033969
2 2 0.003685 0.086704 0.897802 0.001465 0.010343
2 2 0.000025 0.006706 0.993118 0.000037 0.000113
2 2 0.002338 0.011861 0.982459 0.001039 0.002303
2 2 0.000000 0.000120 0.996067 0.003811 0.000002
2 2 0.000000 0.000013 0.999516 0.000471 0.000000
2 2 0.000011 0.001471 0.997475 0.000905 0.000139
2 2 0.000061 0.006054 0.993201 0.000115 0.000569
2 2 0.000353 0.018918 0.977252 0.000516 0.002961
2 2 0.001781 0.014863 0.975826 0.000435 0.007095
2 2 0.000000 0.000566 0.999345 0.000075 0.000013
2 2 0.000002 0.002956 0.996962 0.000042 0.000037
2 2 0.000010 0.001431 0.997259 0.001290 0.000010
2 2 0.000027 0.002201 0.976232 0.021265 0.000275
2 2 0.000001 0.000574 0.999293 0.000102 0.000031
2 2 0.000000 0.000027 0.999337 0.000636 0.000000
2 2 0.000222 0.007329 0.986071 0.005464 0.000915
2 2 0.000012 0.002675 0.997017 0.000150 0.000146
2 2 0.000000 0.000371 0.999469 0.000153 0.000007
2 2 0.000000 0.000116 0.999735 0.000146 0.000002
2 2 0.000000 0.000003 0.991340 0.008657 0.000000
2 2 0.000000 0.000016 0.998963 0.001022 0.000000
2 2 0.000002 0.000476 0.994789 0.004612 0.000121
2 2 0.000001 0.000362 0.998114 0.001512 0.000011
2 2 0.000000 0.000021 0.963669 0.036307 0.000003
2 2 0.000001 0.000209 0.968997 0.030776 0.000017
2 2 0.000007 0.000360 0.976381 0.023248 0.000005
2 2 0.000022 0.001941 0.997266 0.000729 0.000042
2 2 0.000002 0.000906 0.977790 0.021254 0.000048
2 2 0.000004 0.000425 0.951863 0.047686 0.000022
2 2 0.000000 0.000002 0.967593 0.032405 0.000000
2 2 0.000000 0.000000 0.993307 0.006693 0.000000
2 2 0.000284 0.004342 0.985901 0.007141 0.002332
2 2 0.000078 0.003496 0.987857 0.006022 0.002546
2 2 0.000003 0.000218 0.993684 0.006090 0.000005
2 2 0.000000 0.000020 0.994686 0.005293 0.000000
2 2 0.000000 0.000057 0.996986 0.002955 0.000001
2 2 0.000000 0.000010 0.990364 0.009625 0.000000
2 2 0.000000 0.000000 0.986967 0.013033 0.000000
2 2 0.000000 0.000010 0.995845 0.004144 0.000000
2 2 0.000062 0.000922 0.916300 0.082551 0.000165
2 2 0.000002 0.000116 0.962001 0.037857 0.000023
2 2 0.000000 0.000028 0.843740 0.156231 0.000001
2 2 0.000000 0.000003 0.990837 0.009161 0.000000
2 2 0.000039 0.000999 0.975383 0.023440 0.000139
2 2 0.000000 0.000008 0.909695 0.090296 0.000000
2 3 0.000001 0.000201 0.520544 0.479242 0.000011
2 3 0.000000 0.000035 0.892974 0.106991 0.000001
2 3 0.000000 0.000008 0.955963 0.044029 0.000000
2 3 0.000001 0.000066 0.711676 0.288256 0.000001
2 3 0.000000 0.000042 0.977777 0.022178 0.000003
2 3 0.000000 0.000026 0.957622 0.042349 0.000003
2 3 0.000000 0.000013 0.884049 0.115936 0.000002
3 3 0.000000 0.000003 0.453468 0.546528 0.000000
3 3 0.000000 0.000051 0.173652 0.826244 0.000053
3 3 0.000000 0.000008 0.429269 0.570721 0.000002
3 3 0.000005 0.000081 0.342195 0.657700 0.000019
3 3 0.000000 0.000010 0.366916 0.633073 0.000001
3 3 0.000001 0.000028 0.212859 0.787090 0.000023
3 3 0.000000 0.000015 0.455565 0.544419 0.000001
3 3 0.000022 0.000867 0.369277 0.628216 0.001618
3 3 0.000001 0.000060 0.105616 0.894257 0.000065
2 2 0.007657 0.007169 0.760571 0.224102 0.000501
2 2 0.009341 0.063392 0.922215 0.004724 0.000328
3 2 0.000605 0.001578 0.359140 0.638615 0.000062
2 2 0.000106 0.001843 0.887406 0.110594 0.000051
2 2 0.000005 0.000941 0.998428 0.000604 0.000022
2 2 0.000002 0.000185 0.997543 0.002270 0.000001
2 2 0.000000 0.000000 0.987692 0.012308 0.000000
2 2 0.000000 0.000000 0.976447 0.023553 0.000000
2 2 0.000000 0.000004 0.982962 0.017034 0.000000
2 2 0.003674 0.007695 0.947647 0.003476 0.037508
2 2 0.000042 0.005158 0.990877 0.002991 0.000932
2 2 0.000082 0.004548 0.992604 0.002054 0.000712
2 2 0.000000 0.000134 0.996373 0.003488 0.000005
2 2 0.000010 0.002761 0.997013 0.000140 0.000075
2 2 0.000000 0.000141 0.995084 0.004774 0.000001
2 2 0.000000 0.000091 0.982724 0.017182 0.000003
2 2 0.000266 0.001348 0.993830 0.004549 0.000007
2 1 0.056095 0.224625 0.717113 0.001260 0.000907
2 2 0.000680 0.008431 0.981374 0.009159 0.000356
2 2 0.000019 0.000486 0.948339 0.051142 0.000014
2 2 0.000016 0.000204 0.881865 0.117914 0.000001
2 2 0.000000 0.000056 0.999435 0.000509 0.000000
2 2 0.000000 0.000001 0.999604 0.000395 0.000000
2 2 0.000000 0.000000 0.999982 0.000017 0.000000
2 2 0.000001 0.000442 0.998541 0.000984 0.000033
2 2 0.000001 0.000837 0.998043 0.000955 0.000164
2 2 0.000001 0.000182 0.994467 0.005332 0.000018
2 2 0.000002 0.000504 0.997465 0.001764 0.000265
2 2 0.001362 0.008140 0.990261 0.000042 0.000194
2 0 0.088393 0.062566 0.845910 0.002666 0.000466
2 1 0.000730 0.046108 0.952790 0.000063 0.000310
2 2 0.000218 0.002011 0.932382 0.065381 0.000009
2 2 0.064929 0.287347 0.567963 0.007710 0.072051
2 2 0.002301 0.086907 0.896211 0.008589 0.005991
2 2 0.000019 0.001232 0.997026 0.001669 0.000053
2 2 0.000058 0.001493 0.985567 0.012254 0.000628
2 2 0.000029 0.000758 0.993067 0.006125 0.000021
2 2 0.002591 0.011420 0.934106 0.043271 0.008612
2 2 0.000000 0.000106 0.999666 0.000226 0.000003
2 2 0.000000 0.000165 0.999297 0.000534 0.000004
2 2 0.000000 0.000043 0.998681 0.001276 0.000000
2 2 0.000000 0.000001 0.999925 0.000075 0.000000
2 2 0.000000 0.000072 0.997049 0.002878 0.000001
2 2 0.000000 0.000175 0.999725 0.000097 0.000003
2 2 0.000006 0.000712 0.985522 0.013715 0.000045
2 2 0.000001 0.000167 0.984083 0.015716 0.000034
2 2 0.000007 0.002603 0.996907 0.000408 0.000075
2 2 0.000000 0.000076 0.999856 0.000068 0.000000
2 2 0.006783 0.009833 0.971848 0.002827 0.008710
2 2 0.065825 0.171967 0.756405 0.000690 0.005112
0 2 0.886489 0.036826 0.057131 0.003315 0.016238
0 2 0.671736 0.193228 0.036583 0.000730 0.097723
2 2 0.036065 0.245184 0.391469 0.030106 0.297176
2 2 0.007864 0.191491 0.782267 0.000870 0.017507
2 2 0.000572 0.041989 0.947025 0.000565 0.009849
2 1 0.001067 0.093703 0.890472 0.000013 0.014745
2 2 0.000561 0.038608 0.959668 0.000821 0.000342
2 2 0.000132 0.009863 0.989788 0.000063 0.000154
2 2 0.000010 0.001152 0.980894 0.017501 0.000443
2 2 0.000013 0.001353 0.987599 0.010987 0.000047
2 2 0.000005 0.000378 0.849659 0.149896 0.000062
2 2 0.000221 0.005188 0.975917 0.017336 0.001337
2 2 0.000186 0.001879 0.918503 0.078052 0.001380
2 2 0.000052 0.002182 0.957742 0.036787 0.003238
2 2 0.000111 0.017906 0.962030 0.002941 0.017012
2 2 0.000786 0.034760 0.894566 0.002594 0.067294
2 4 0.000489 0.104328 0.807591 0.000424 0.087168
2 4 0.000110 0.024262 0.940044 0.001632 0.033951
2 4 0.000541 0.063525 0.747284 0.008556 0.180094
2 4 0.002967 0.121945 0.684268 0.000717 0.190103
4 4 0.003481 0.080927 0.401034 0.008968 0.505590
2 4 0.000761 0.043115 0.826247 0.008928 0.120950
4 4 0.002041 0.064342 0.392263 0.001150 0.540203
4 4 0.025699 0.106196 0.136523 0.000314 0.731267
4 4 0.027750 0.022741 0.020258 0.000725 0.928526
4 4 0.061665 0.039259 0.112700 0.006025 0.780351
4 4 0.197034 0.005787 0.003963 0.000662 0.792554
2 4 0.108971 0.209129 0.441691 0.000115 0.240094
4 4 0.012683 0.122908 0.116259 0.000029 0.748121
4 4 0.013987 0.069813 0.128034 0.000101 0.788066
4 4 0.005979 0.028093 0.219401 0.008230 0.738297
4 4 0.011314 0.017855 0.015501 0.000042 0.955289
1 4 0.317134 0.341926 0.128463 0.000009 0.212467
2 1 0.010923 0.226329 0.751402 0.000009 0.011336
2 1 0.000303 0.067477 0.840704 0.000319 0.091197
4 4 0.004178 0.070930 0.244787 0.000942 0.679162
2 4 0.000310 0.041576 0.927202 0.000373 0.030540
4 4 0.019818 0.127769 0.366067 0.001848 0.484499
2 4 0.000228 0.013145 0.966908 0.006405 0.013314
2 4 0.000680 0.052595 0.896636 0.002660 0.047429
1 1 0.187510 0.405695 0.248988 0.000001 0.157806
2 1 0.024741 0.338760 0.532991 0.000324 0.103184
2 4 0.000432 0.058561 0.644065 0.007883 0.289059
2 4 0.002050 0.048300 0.568932 0.043694 0.337024
4 4 0.007076 0.041951 0.368958 0.011536 0.570479
4 4 0.029117 0.046724 0.271763 0.035531 0.616864
4 4 0.005444 0.013344 0.139507 0.010163 0.831542
4 4 0.021816 0.008679 0.028920 0.000107 0.940477
2 4 0.011774 0.090296 0.811149 0.000014 0.086767
2 4 0.018152 0.373444 0.480859 0.000004 0.127541
4 4 0.003619 0.053959 0.121303 0.000036 0.821084
4 4 0.006606 0.062009 0.355920 0.000436 0.575030
2 4 0.047571 0.337397 0.343969 0.000009 0.271054
2 4 0.056919 0.221890 0.536270 0.001122 0.183799
2 4 0.000370 0.031454 0.939223 0.000750 0.028203
2 4 0.009263 0.152323 0.646004 0.000191 0.192219
2 2 0.001382 0.087218 0.571312 0.019923 0.320165
2 2 0.000064 0.028646 0.932020 0.000641 0.038629
2 2 0.020556 0.050379 0.832515 0.000144 0.096407
1 2 0.328734 0.425350 0.073111 0.000003 0.172801
2 2 0.001529 0.098659 0.795959 0.000139 0.103713
2 2 0.001864 0.182437 0.671118 0.000883 0.143698
2 2 0.000110 0.027951 0.927085 0.004956 0.039899
4 2 0.003370 0.098685 0.261558 0.002071 0.634316
4 4 0.024695 0.009094 0.015702 0.001031 0.949478
4 4 0.049102 0.037858 0.035874 0.004400 0.872767
4 4 0.036155 0.010926 0.006084 0.000080 0.946755
4 4 0.008038 0.027369 0.017579 0.000020 0.946994
4 4 0.019024 0.116044 0.188436 0.000177 0.676318
4 4 0.016662 0.230431 0.165502 0.000301 0.587104
4 4 0.002611 0.042554 0.246268 0.007494 0.701073
2 4 0.004673 0.197987 0.417933 0.000747 0.378660
4 4 0.018194 0.058668 0.098168 0.003560 0.821411
4 4 0.016843 0.037816 0.071164 0.004571 0.869605
4 4 0.011944 0.023625 0.042994 0.001035 0.920401
4 4 0.004799 0.048948 0.170512 0.002002 0.773739
2 4 0.000439 0.053210 0.843687 0.000995 0.101670
2 4 0.000085 0.054637 0.917873 0.000068 0.027336
2 4 0.000231 0.027514 0.842686 0.003877 0.125692
2 4 0.000067 0.037377 0.843397 0.000350 0.118809
2 4 0.001619 0.028685 0.843304 0.000813 0.125579
2 1 0.001298 0.167266 0.512528 0.000025 0.318882
