0 0 0.974278 0.009683 0.009629 0.000628 0.005782
0 0 0.891847 0.052877 0.024346 0.001695 0.029235
0 0 0.750814 0.000545 0.214427 0.000000 0.034214
0 0 0.988289 0.004758 0.003753 0.000120 0.003080
0 0 0.996807 0.001125 0.001339 0.000022 0.000707
0 0 0.960662 0.010333 0.021247 0.002199 0.005560
0 0 0.841369 0.073993 0.031621 0.004465 0.048552
0 0 0.910057 0.042369 0.011729 0.000640 0.035205
0 0 0.609667 0.152897 0.220764 0.001841 0.014831
0 0 0.985281 0.006085 0.004800 0.000154 0.003680
0 0 0.998387 0.000734 0.000270 0.000001 0.000607
0 0 0.994961 0.001799 0.002076 0.000047 0.001116
0 0 0.971623 0.013861 0.003264 0.000076 0.011177
0 0 0.982399 0.008052 0.003705 0.000106 0.005738
0 0 0.957743 0.020376 0.006498 0.000261 0.015122
0 0 0.985609 0.006657 0.002789 0.000064 0.004882
0 0 0.989147 0.004916 0.002337 0.000049 0.003552
0 0 0.887098 0.056607 0.008029 0.000338 0.047927
0 0 0.911155 0.039916 0.026630 0.001871 0.020429
0 0 0.895350 0.064098 0.032286 0.000043 0.008223
0 0 0.992592 0.002350 0.003822 0.000046 0.001190
0 0 0.997925 0.000734 0.001057 0.000004 0.000280
0 0 0.900301 0.045445 0.022139 0.002342 0.029772
0 0 0.941416 0.028972 0.003802 0.000090 0.025720
0 0 0.957272 0.020936 0.005277 0.000175 0.016340
0 0 0.953778 0.016380 0.018549 0.001937 0.009356
0 0 0.996485 0.001569 0.000100 0.000000 0.001846
0 0 0.961518 0.007901 0.005050 0.000038 0.025493
0 0 0.977065 0.010303 0.006987 0.000188 0.005456
0 0 0.983572 0.007664 0.004759 0.000079 0.003926
0 0 0.969040 0.014977 0.009348 0.000168 0.006467
0 0 0.950858 0.022133 0.011502 0.000752 0.014755
0 0 0.989314 0.005040 0.001699 0.000026 0.003921
0 0 0.990647 0.003100 0.004266 0.000158 0.001829
0 0 0.985244 0.005696 0.005276 0.000211 0.003573
0 0 0.983002 0.007420 0.004412 0.000150 0.005016
0 0 0.944869 0.018525 0.023410 0.002592 0.010604
0 0 0.963819 0.019595 0.009284 0.000086 0.007217
0 0 0.992672 0.002541 0.003154 0.000095 0.001537
0 0 0.983682 0.003467 0.010359 0.000701 0.001790
0 0 0.996424 0.001549 0.000890 0.000010 0.001127
0 0 0.947996 0.025771 0.004704 0.000137 0.021392
0 0 0.976210 0.012773 0.004745 0.000048 0.006223
0 0 0.997814 0.000784 0.001129 0.000003 0.000269
0 0 0.987700 0.005894 0.000733 0.000005 0.005668
0 0 0.984385 0.007538 0.001009 0.000009 0.007059
0 0 0.987773 0.005865 0.001572 0.000022 0.004768
0 0 0.986626 0.005783 0.003566 0.000105 0.003919
0 0 0.978385 0.009953 0.004442 0.000144 0.007076
0 0 0.993612 0.001941 0.003214 0.000095 0.001138
0 0 0.998480 0.000673 0.000311 0.000002 0.000535
0 0 0.997961 0.000708 0.000869 0.000011 0.000451
0 0 0.980006 0.007730 0.003642 0.000066 0.008556
0 0 0.991215 0.004188 0.001146 0.000013 0.003438
0 0 0.999931 0.000024 0.000027 0.000000 0.000018
0 0 0.999713 0.000059 0.000120 0.000000 0.000107
0 0 0.998297 0.000571 0.000650 0.000005 0.000476
0 0 0.989581 0.004269 0.003261 0.000094 0.002796
0 0 0.809817 0.096449 0.019909 0.001730 0.072096
0 0 0.908429 0.038717 0.009571 0.000340 0.042943
0 0 0.984502 0.006651 0.004172 0.000127 0.004548
0 0 0.997755 0.000782 0.000953 0.000013 0.000497
0 0 0.997304 0.001051 0.000926 0.000011 0.000708
0 0 0.999578 0.000091 0.000283 0.000001 0.000046
0 0 0.998613 0.000515 0.000521 0.000004 0.000347
0 0 0.998466 0.000526 0.000664 0.000007 0.000337
0 0 0.997009 0.000606 0.002005 0.000042 0.000339
0 0 0.999574 0.000108 0.000250 0.000001 0.000066
0 0 0.967246 0.015007 0.007063 0.000322 0.010362
0 0 0.983697 0.006241 0.005957 0.000273 0.003831
0 0 0.990682 0.003664 0.003341 0.000089 0.002224
0 0 0.997961 0.000708 0.000869 0.000011 0.000451
0 0 0.977041 0.010057 0.008210 0.000178 0.004514
0 0 0.991649 0.003729 0.002538 0.000033 0.002051
0 0 0.945745 0.026892 0.004213 0.000110 0.023039
0 0 0.996875 0.001450 0.000478 0.000003 0.001195
0 0 0.998484 0.000687 0.000265 0.000001 0.000564
0 0 0.995011 0.002061 0.001496 0.000025 0.001408
0 0 0.991778 0.003155 0.002986 0.000084 0.001997
0 0 0.990701 0.003766 0.004223 0.000029 0.001280
0 0 0.992092 0.003363 0.002196 0.000046 0.002303
0 0 0.982062 0.005097 0.008760 0.000371 0.003710
0 0 0.993070 0.003189 0.000778 0.000006 0.002958
0 0 0.986041 0.005118 0.005511 0.000245 0.003086
0 0 0.992119 0.003473 0.001906 0.000035 0.002466
0 0 0.999209 0.000304 0.000270 0.000001 0.000215
0 0 0.683557 0.026055 0.011407 0.000054 0.278928
0 0 0.970073 0.009635 0.002388 0.000019 0.017885
0 0 0.965803 0.006988 0.000790 0.000001 0.026417
0 0 0.986099 0.006600 0.002143 0.000039 0.005119
0 0 0.978042 0.010601 0.002960 0.000066 0.008330
0 0 0.985572 0.006977 0.001609 0.000022 0.005820
0 0 0.886866 0.053645 0.020917 0.002094 0.036477
0 0 0.990005 0.004457 0.002320 0.000049 0.003169
0 0 0.997367 0.000792 0.001099 0.000003 0.000738
0 0 0.999848 0.000048 0.000070 0.000000 0.000033
0 0 0.999082 0.000098 0.000762 0.000008 0.000050
0 0 0.999923 0.000010 0.000061 0.000000 0.000005
0 0 0.997212 0.001258 0.001033 0.000003 0.000495
0 0 0.989831 0.004582 0.002244 0.000046 0.003298
0 0 0.999496 0.000101 0.000342 0.000002 0.000059
0 0 0.999899 0.000008 0.000090 0.000000 0.000003
0 0 0.999973 0.000008 0.000014 0.000000 0.000005
0 0 0.999527 0.000051 0.000393 0.000003 0.000026
0 0 0.997415 0.000335 0.002094 0.000024 0.000132
0 0 0.995375 0.001662 0.002102 0.000021 0.000840
0 0 0.992956 0.001388 0.004744 0.000186 0.000726
0 0 0.999912 0.000009 0.000074 0.000000 0.000005
0 0 0.999580 0.000076 0.000305 0.000001 0.000038
0 0 0.996198 0.001211 0.002262 0.000006 0.000324
0 1 0.648835 0.164507 0.183129 0.000013 0.003516
2 1 0.236854 0.299172 0.459414 0.000062 0.004499
0 1 0.400171 0.280411 0.299459 0.000949 0.019011
0 0 0.998536 0.000488 0.000785 0.000002 0.000190
0 1 0.744247 0.188622 0.048816 0.000030 0.018286
0 1 0.927554 0.041473 0.023973 0.000001 0.006998
0 0 0.989200 0.004355 0.003711 0.000091 0.002643
0 1 0.887695 0.072899 0.020964 0.000094 0.018349
1 1 0.224147 0.588455 0.146151 0.000218 0.041030
1 2 0.092169 0.747078 0.145416 0.000011 0.015326
2 2 0.090626 0.351002 0.484383 0.034034 0.039955
1 2 0.031777 0.481177 0.454230 0.007440 0.025376
0 2 0.465909 0.237098 0.288715 0.000115 0.008163
0 2 0.756770 0.151623 0.079498 0.000066 0.012043
2 2 0.123787 0.186695 0.586362 0.032256 0.070901
2 2 0.009935 0.115914 0.839125 0.026663 0.008363
2 2 0.098068 0.303269 0.566851 0.000495 0.031318
2 2 0.007207 0.047863 0.942152 0.000874 0.001904
2 2 0.042849 0.059826 0.639476 0.176229 0.081620
2 2 0.010693 0.022545 0.906449 0.047882 0.012432
2 2 0.021333 0.019725 0.588068 0.364589 0.006285
2 2 0.002350 0.015336 0.973837 0.007223 0.001255
2 2 0.000004 0.000729 0.957610 0.041642 0.000016
2 2 0.001145 0.003590 0.920926 0.073838 0.000501
2 2 0.002429 0.030197 0.952385 0.013667 0.001321
2 2 0.000246 0.002057 0.991200 0.006425 0.000072
2 2 0.000552 0.001316 0.944241 0.052403 0.001487
2 2 0.000203 0.000842 0.779690 0.219189 0.000077
2 2 0.002644 0.001064 0.632261 0.363612 0.000418
2 2 0.005736 0.006577 0.792536 0.186626 0.008525
3 2 0.000441 0.003348 0.421668 0.573949 0.000594
3 2 0.015807 0.001542 0.278799 0.703039 0.000814
2 2 0.000003 0.000136 0.788980 0.210876 0.000004
3 2 0.000001 0.000029 0.295753 0.704213 0.000004
2 3 0.000732 0.001187 0.917578 0.080216 0.000287
2 3 0.000000 0.000081 0.882066 0.117848 0.000005
2 3 0.000085 0.001927 0.741474 0.255795 0.000719
3 3 0.003216 0.000925 0.412267 0.583498 0.000094
3 3 0.000001 0.000076 0.220947 0.778959 0.000017
2 3 0.000072 0.000131 0.548104 0.451684 0.000008
2 3 0.000105 0.000466 0.614047 0.385366 0.000016
3 3 0.000462 0.000374 0.356671 0.642432 0.000061
3 3 0.000038 0.000279 0.483632 0.516048 0.000003
3 3 0.000099 0.000239 0.076063 0.923535 0.000065
3 3 0.000009 0.000343 0.354235 0.645379 0.000034
2 3 0.000001 0.000119 0.548845 0.451021 0.000014
0 2 0.627937 0.014373 0.313213 0.032133 0.012343
0 0 0.969942 0.002655 0.023594 0.002526 0.001284
0 0 0.873025 0.022157 0.083335 0.012869 0.008613
0 0 0.982159 0.005529 0.009146 0.000340 0.002826
0 0 0.680861 0.100230 0.153521 0.000137 0.065251
0 0 0.998781 0.000482 0.000395 0.000003 0.000340
0 0 0.998675 0.000756 0.000178 0.000000 0.000392
0 0 0.996618 0.001979 0.000892 0.000000 0.000511
0 0 0.934909 0.051154 0.010734 0.000000 0.003202
0 0 0.997560 0.000905 0.001303 0.000001 0.000230
0 0 0.954174 0.018273 0.024480 0.000083 0.002990
0 1 0.475507 0.351633 0.158358 0.000045 0.014458
0 0 0.999000 0.000539 0.000206 0.000000 0.000254
0 0 0.997160 0.000913 0.001682 0.000003 0.000242
0 0 0.996833 0.001828 0.000308 0.000000 0.001031
0 1 0.575624 0.319696 0.082556 0.000036 0.022089
0 0 0.955111 0.023839 0.015607 0.000055 0.005389
0 0 0.698218 0.147596 0.147393 0.000061 0.006734
0 0 0.974275 0.009976 0.008628 0.000010 0.007110
0 1 0.893466 0.021670 0.082325 0.000351 0.002187
0 1 0.913001 0.064061 0.020332 0.000000 0.002606
0 0 0.998194 0.000720 0.000718 0.000003 0.000365
0 1 0.994730 0.003449 0.001148 0.000000 0.000673
0 1 0.999452 0.000236 0.000121 0.000000 0.000190
0 1 0.466943 0.416413 0.083458 0.000010 0.033176
0 2 0.776500 0.149308 0.065773 0.000007 0.008412
0 2 0.988523 0.002219 0.007885 0.000121 0.001252
0 2 0.915590 0.055452 0.025372 0.000003 0.003583
0 1 0.732595 0.116101 0.140315 0.000403 0.010585
2 2 0.147831 0.367245 0.473504 0.000114 0.011306
2 2 0.193079 0.189067 0.549052 0.000645 0.068157
2 2 0.113500 0.204013 0.642127 0.011983 0.028377
2 2 0.038230 0.202000 0.416898 0.035147 0.307725
2 2 0.018605 0.155140 0.810996 0.001156 0.014104
2 2 0.000183 0.001312 0.790015 0.208066 0.000425
2 2 0.006268 0.008024 0.973110 0.011172 0.001426
2 2 0.000272 0.011837 0.985236 0.002268 0.000386
2 2 0.006834 0.010769 0.980269 0.001558 0.000570
2 2 0.000114 0.001923 0.961104 0.036273 0.000585
2 2 0.000917 0.003038 0.988893 0.007024 0.000127
2 2 0.002078 0.002216 0.927021 0.068498 0.000187
2 2 0.000016 0.000746 0.943351 0.055861 0.000026
2 2 0.000040 0.003657 0.988626 0.007523 0.000154
2 2 0.000223 0.001177 0.917847 0.080554 0.000199
2 2 0.000007 0.000172 0.928485 0.071331 0.000005
2 2 0.000006 0.000301 0.933036 0.066627 0.000030
2 2 0.000003 0.000281 0.683255 0.316455 0.000007
2 2 0.000081 0.001409 0.700756 0.297513 0.000241
2 2 0.001070 0.004091 0.949319 0.044670 0.000850
2 2 0.000599 0.001830 0.916795 0.079940 0.000835
3 2 0.000010 0.000033 0.186855 0.813093 0.000009
3 3 0.000072 0.000242 0.168802 0.830867 0.000018
3 3 0.000001 0.000118 0.069872 0.929790 0.000219
3 3 0.000007 0.000209 0.221195 0.778435 0.000153
2 3 0.008719 0.000342 0.886066 0.103429 0.001444
2 3 0.021879 0.004592 0.653074 0.319583 0.000871
3 3 0.000005 0.000152 0.265020 0.734802 0.000020
3 3 0.000002 0.000060 0.122193 0.877739 0.000006
2 3 0.000806 0.001330 0.597029 0.400258 0.000576
3 3 0.000596 0.000783 0.158660 0.839898 0.000064
3 3 0.000000 0.000003 0.008759 0.991236 0.000001
3 3 0.000015 0.000060 0.161673 0.838205 0.000048
3 3 0.000001 0.000192 0.271034 0.728751 0.000022
3 3 0.000003 0.000054 0.053154 0.946772 0.000018
3 3 0.000000 0.000001 0.001089 0.998910 0.000000
3 3 0.000000 0.000080 0.024419 0.975498 0.000003
3 3 0.000087 0.000217 0.207070 0.792434 0.000192
3 3 0.005748 0.003304 0.126687 0.862547 0.001714
3 3 0.000005 0.000051 0.021614 0.978321 0.000009
3 3 0.007954 0.002632 0.117080 0.871404 0.000930
3 3 0.000001 0.000017 0.074758 0.925218 0.000006
3 3 0.000016 0.000266 0.317913 0.681791 0.000013
3 3 0.000025 0.000190 0.109443 0.890257 0.000085
3 3 0.000002 0.000235 0.068315 0.931441 0.000007
3 3 0.000417 0.001077 0.032529 0.965683 0.000294
3 3 0.000019 0.000196 0.043112 0.956139 0.000535
3 3 0.000004 0.000113 0.031919 0.967946 0.000018
3 3 0.000107 0.000548 0.053430 0.945691 0.000224
3 3 0.009600 0.051878 0.331115 0.598805 0.008603
2 2 0.000688 0.032465 0.699486 0.266396 0.000965
2 2 0.000612 0.016283 0.977220 0.005266 0.000618
2 2 0.000353 0.007987 0.985984 0.004929 0.000748
2 2 0.346878 0.108824 0.520505 0.008127 0.015666
2 2 0.003061 0.043631 0.929947 0.016442 0.006919
2 2 0.095086 0.102729 0.772975 0.018531 0.010679
2 2 0.166506 0.118325 0.387439 0.044268 0.283463
2 2 0.038260 0.179270 0.720114 0.001179 0.061176
2 2 0.006813 0.023491 0.959366 0.005261 0.005069
2 2 0.001599 0.009766 0.922312 0.065617 0.000706
2 2 0.132986 0.197454 0.640932 0.009020 0.019608
2 2 0.004308 0.016092 0.970852 0.008155 0.000594
2 2 0.033647 0.039244 0.913966 0.004442 0.008700
2 2 0.030640 0.026297 0.919824 0.002111 0.021129
2 2 0.000166 0.010397 0.987619 0.001446 0.000372
2 2 0.000056 0.001866 0.954065 0.038143 0.005869
2 2 0.000932 0.001141 0.976483 0.020914 0.000530
2 2 0.001156 0.006300 0.984550 0.006752 0.001242
2 2 0.001352 0.007848 0.952302 0.029978 0.008520
2 2 0.006559 0.020050 0.786312 0.173530 0.013549
2 2 0.004736 0.010357 0.982403 0.001188 0.001316
2 2 0.000017 0.001565 0.978742 0.019564 0.000113
2 2 0.000007 0.000274 0.992607 0.007099 0.000013
2 2 0.002057 0.005507 0.990785 0.000935 0.000716
2 2 0.000114 0.002970 0.958927 0.037629 0.000360
2 2 0.002864 0.007785 0.953527 0.034241 0.001584
2 2 0.028911 0.020212 0.875844 0.064722 0.010310
2 2 0.001838 0.009801 0.976946 0.006857 0.004558
2 2 0.024121 0.026422 0.931125 0.007081 0.011251
0 0 0.951982 0.017728 0.025192 0.000300 0.004799
0 0 0.973370 0.005198 0.019492 0.000428 0.001511
0 0 0.983736 0.007129 0.008767 0.000000 0.000368
0 0 0.970828 0.011495 0.016708 0.000007 0.000961
0 0 0.997274 0.001559 0.000746 0.000000 0.000421
0 0 0.961736 0.015448 0.010600 0.000022 0.012194
0 0 0.999038 0.000382 0.000287 0.000001 0.000293
0 0 0.999466 0.000237 0.000095 0.000000 0.000202
0 0 0.997133 0.001344 0.000361 0.000002 0.001161
0 0 0.994798 0.003119 0.001134 0.000001 0.000948
0 0 0.990327 0.005485 0.002117 0.000005 0.002065
0 0 0.981481 0.008678 0.008157 0.000014 0.001670
0 0 0.999409 0.000262 0.000095 0.000000 0.000234
0 0 0.998287 0.000785 0.000242 0.000001 0.000686
0 0 0.998245 0.001056 0.000345 0.000000 0.000353
0 0 0.998865 0.000477 0.000288 0.000001 0.000368
0 0 0.999228 0.000312 0.000223 0.000001 0.000236
0 1 0.977710 0.007063 0.013925 0.000036 0.001266
0 1 0.416833 0.346996 0.222391 0.000052 0.013728
0 1 0.584140 0.280773 0.115934 0.000031 0.019123
0 1 0.432002 0.245492 0.301664 0.001549 0.019293
2 1 0.034708 0.406297 0.556055 0.000040 0.002901
0 2 0.827691 0.069055 0.085461 0.001838 0.015955
0 2 0.521631 0.274650 0.191087 0.000095 0.012537
2 2 0.002051 0.066561 0.926565 0.001253 0.003570
2 2 0.000445 0.047701 0.949248 0.000731 0.001876
2 2 0.047629 0.123878 0.795377 0.000265 0.032851
2 2 0.000172 0.016492 0.941028 0.040545 0.001762
2 2 0.003566 0.080211 0.895660 0.014100 0.006463
2 2 0.003848 0.035299 0.934250 0.007528 0.019075
2 2 0.010655 0.027864 0.939335 0.017053 0.005093
2 2 0.008563 0.021791 0.955162 0.010346 0.004138
2 2 0.110963 0.060518 0.823125 0.003109 0.002285
2 2 0.025925 0.036946 0.927029 0.003473 0.006627
2 2 0.007750 0.093529 0.890405 0.000221 0.008094
2 2 0.047400 0.105027 0.834939 0.000917 0.011717
2 2 0.017247 0.012365 0.959011 0.008628 0.002748
2 2 0.002296 0.007464 0.977069 0.011109 0.002062
2 2 0.000032 0.000147 0.864570 0.135159 0.000092
2 2 0.003007 0.011286 0.665252 0.303131 0.017325
2 2 0.000061 0.001077 0.996482 0.002109 0.000271
2 2 0.001169 0.003213 0.988838 0.005467 0.001312
2 2 0.000055 0.002923 0.996289 0.000116 0.000617
2 2 0.000033 0.000584 0.995031 0.004101 0.000250
2 2 0.003672 0.012434 0.844231 0.133851 0.005812
2 2 0.000031 0.006950 0.813493 0.161093 0.018433
2 2 0.000034 0.006846 0.969720 0.016076 0.007323
2 2 0.002372 0.019192 0.775171 0.183349 0.019915
2 2 0.000325 0.000955 0.991010 0.007513 0.000197
2 2 0.052676 0.019363 0.904088 0.023263 0.000611
2 2 0.000110 0.000771 0.996408 0.002626 0.000085
2 2 0.000041 0.000440 0.993270 0.006222 0.000026
2 1 0.038680 0.247628 0.698681 0.001078 0.013933
2 1 0.098453 0.349828 0.505853 0.000431 0.045435
2 2 0.060011 0.146650 0.462770 0.295482 0.035087
2 2 0.013380 0.059807 0.906862 0.018137 0.001813
2 2 0.012397 0.041806 0.930350 0.009994 0.005453
2 2 0.001658 0.034495 0.958146 0.004268 0.001433
2 2 0.021876 0.018716 0.917807 0.035984 0.005617
2 2 0.009123 0.237597 0.683896 0.000825 0.068559
2 2 0.003768 0.006438 0.988419 0.001135 0.000240
2 2 0.007187 0.023889 0.957057 0.000736 0.011131
2 2 0.000029 0.001671 0.991800 0.006356 0.000145
2 2 0.017421 0.007147 0.962006 0.013283 0.000144
2 2 0.000487 0.005265 0.940592 0.053296 0.000361
2 2 0.004893 0.012105 0.958429 0.024275 0.000298
0 2 0.716805 0.061395 0.216134 0.000206 0.005460
0 0 0.987925 0.005783 0.000716 0.000005 0.005571
0 0 0.985705 0.006059 0.004901 0.000038 0.003297
0 0 0.982865 0.005095 0.004042 0.000055 0.007943
0 0 0.989998 0.001472 0.007424 0.000379 0.000728
0 0 0.997932 0.000677 0.000937 0.000010 0.000443
0 0 0.989362 0.005907 0.002773 0.000005 0.001954
0 0 0.989743 0.001673 0.008077 0.000070 0.000437
0 0 0.976007 0.007140 0.016014 0.000015 0.000825
0 0 0.964320 0.004080 0.030478 0.000346 0.000776
0 0 0.997679 0.000673 0.000873 0.000004 0.000771
0 0 0.997793 0.000973 0.000408 0.000001 0.000825
0 0 0.999700 0.000129 0.000010 0.000000 0.000161
0 0 0.999343 0.000272 0.000170 0.000001 0.000215
0 0 0.911790 0.061837 0.020485 0.000006 0.005883
0 1 0.620952 0.232324 0.141155 0.000007 0.005561
0 0 0.985994 0.001947 0.011989 0.000000 0.000071
0 0 0.993016 0.000372 0.006538 0.000018 0.000056
0 0 0.998375 0.000793 0.000637 0.000000 0.000194
0 0 0.997713 0.000716 0.001092 0.000012 0.000466
0 0 0.936892 0.003221 0.002452 0.000002 0.057433
0 0 0.999535 0.000200 0.000097 0.000000 0.000168
0 0 0.999289 0.000070 0.000600 0.000006 0.000035
0 0 0.997924 0.000417 0.001405 0.000024 0.000229
0 0 0.983542 0.001374 0.013880 0.000697 0.000507
0 0 0.998273 0.000186 0.001425 0.000024 0.000092
0 0 0.999753 0.000100 0.000112 0.000000 0.000035
0 0 0.999444 0.000117 0.000368 0.000002 0.000069
0 0 0.999492 0.000103 0.000339 0.000002 0.000064
0 0 0.998149 0.000653 0.000937 0.000003 0.000258
0 0 0.995354 0.001055 0.002928 0.000079 0.000583
0 0 0.996830 0.000413 0.002489 0.000062 0.000206
0 0 0.976207 0.002260 0.018654 0.001876 0.001002
0 0 0.955432 0.009928 0.026509 0.002881 0.005250
0 0 0.971847 0.010770 0.009878 0.000470 0.007036
0 0 0.996656 0.000551 0.002600 0.000016 0.000177
0 0 0.990130 0.002671 0.006679 0.000018 0.000503
0 0 0.980758 0.004096 0.013920 0.000001 0.001225
0 0 0.999823 0.000042 0.000108 0.000000 0.000026
0 0 0.999334 0.000124 0.000467 0.000004 0.000070
0 0 0.999736 0.000098 0.000090 0.000000 0.000075
0 0 0.999673 0.000102 0.000153 0.000000 0.000071
0 0 0.997475 0.000250 0.002108 0.000047 0.000120
0 0 0.997808 0.000495 0.001392 0.000022 0.000283
0 0 0.995284 0.000866 0.003468 0.000042 0.000340
0 0 0.994645 0.000979 0.003742 0.000116 0.000518
0 0 0.998942 0.000432 0.000296 0.000001 0.000328
0 0 0.999625 0.000164 0.000064 0.000000 0.000147
0 0 0.999402 0.000168 0.000351 0.000001 0.000079
0 0 0.985578 0.006984 0.005588 0.000016 0.001833
0 1 0.940224 0.046187 0.008876 0.000001 0.004711
0 1 0.990748 0.005639 0.002214 0.000002 0.001397
0 1 0.969547 0.015279 0.013452 0.000008 0.001713
0 0 0.988330 0.005634 0.001183 0.000013 0.004840
0 0 0.995379 0.002306 0.001728 0.000002 0.000585
0 0 0.962309 0.020339 0.014233 0.000019 0.003101
0 0 0.999253 0.000168 0.000475 0.000004 0.000099
0 0 0.999980 0.000008 0.000001 0.000000 0.000010
0 0 0.977431 0.012651 0.009333 0.000000 0.000585
0 0 0.979148 0.012064 0.008357 0.000000 0.000431
0 0 0.986835 0.008017 0.004134 0.000001 0.001013
0 0 0.999379 0.000291 0.000186 0.000000 0.000144
0 0 0.907432 0.073230 0.012302 0.000001 0.007035
0 1 0.786179 0.155367 0.043376 0.000024 0.015055
0 1 0.977001 0.009607 0.012362 0.000006 0.001024
0 1 0.781279 0.068968 0.146123 0.000098 0.003532
0 1 0.469656 0.366635 0.122496 0.000247 0.040966
2 2 0.025632 0.313191 0.588217 0.000522 0.072437
2 2 0.081687 0.208006 0.641042 0.000450 0.068815
2 2 0.163571 0.202743 0.570356 0.000337 0.062993
0 2 0.877912 0.027042 0.092664 0.000194 0.002188
0 2 0.784211 0.136739 0.066732 0.000060 0.012259
2 2 0.361590 0.090769 0.541789 0.000617 0.005235
0 0 0.991343 0.002433 0.004661 0.000171 0.001392
0 0 0.991507 0.003307 0.004083 0.000019 0.001084
0 0 0.999578 0.000121 0.000284 0.000000 0.000017
0 0 0.988900 0.005497 0.003927 0.000011 0.001665
0 0 0.994311 0.003050 0.001719 0.000002 0.000918
0 0 0.996516 0.001907 0.000430 0.000000 0.001148
0 0 0.998720 0.000940 0.000147 0.000000 0.000193
0 1 0.553745 0.230567 0.212070 0.000006 0.003612
2 1 0.123519 0.429875 0.442686 0.000017 0.003903
0 1 0.965588 0.002613 0.030769 0.000524 0.000506
0 0 0.998627 0.000367 0.000774 0.000008 0.000224
1 1 0.152585 0.634427 0.203863 0.000007 0.009117
0 1 0.487554 0.277400 0.220792 0.000219 0.014036
0 2 0.723217 0.169083 0.102039 0.000010 0.005651
0 2 0.355121 0.344032 0.250259 0.004506 0.046082
0 0 0.966277 0.013257 0.014870 0.000331 0.005265
0 0 0.993968 0.002233 0.002905 0.000020 0.000873
1 1 0.113575 0.614407 0.253561 0.000116 0.018342
1 2 0.040108 0.469093 0.448303 0.011771 0.030725
2 2 0.015193 0.198624 0.764015 0.000013 0.022154
2 2 0.017196 0.135176 0.843690 0.000236 0.003702
2 2 0.026824 0.033005 0.925853 0.004914 0.009405
2 2 0.005497 0.028320 0.963684 0.000817 0.001682
2 2 0.030234 0.122410 0.845434 0.000297 0.001625
2 2 0.123050 0.169798 0.689455 0.009583 0.008116
2 2 0.000160 0.002903 0.996759 0.000126 0.000052
2 2 0.012033 0.008503 0.976669 0.000190 0.002605
2 2 0.004344 0.007364 0.958833 0.029039 0.000421
2 2 0.012241 0.039535 0.931970 0.013252 0.003001
2 2 0.002469 0.001153 0.995547 0.000720 0.000111
2 2 0.000696 0.002088 0.994886 0.002270 0.000060
2 2 0.007345 0.006176 0.961291 0.019482 0.005707
2 2 0.005222 0.004837 0.986921 0.001727 0.001294
2 2 0.000472 0.006580 0.980387 0.008510 0.004051
2 2 0.000415 0.009291 0.926092 0.040000 0.024202
2 2 0.000009 0.000546 0.990310 0.008910 0.000224
2 2 0.000045 0.001153 0.957097 0.041657 0.000047
2 2 0.000073 0.013133 0.941945 0.003258 0.041592
2 2 0.000006 0.000779 0.992102 0.006717 0.000396
2 2 0.000076 0.000621 0.778159 0.220868 0.000276
2 2 0.019398 0.002551 0.938965 0.029080 0.010005
2 2 0.000067 0.000378 0.902866 0.096130 0.000559
2 2 0.000041 0.000326 0.980084 0.019245 0.000303
2 2 0.000000 0.000121 0.989933 0.009897 0.000049
2 2 0.000035 0.000275 0.997645 0.001935 0.000109
2 2 0.000021 0.000317 0.967626 0.031841 0.000195
2 2 0.000030 0.000289 0.962172 0.037466 0.000044
2 2 0.000001 0.000029 0.998776 0.001190 0.000004
2 2 0.000006 0.000121 0.983621 0.016221 0.000031
2 2 0.000010 0.001763 0.963688 0.032184 0.002355
2 2 0.000016 0.001086 0.990692 0.008040 0.000166
2 2 0.000001 0.000041 0.987788 0.012131 0.000039
2 3 0.000006 0.000084 0.879083 0.120787 0.000041
2 3 0.000193 0.000237 0.741549 0.257964 0.000057
3 3 0.012534 0.001504 0.343411 0.642286 0.000266
2 3 0.000099 0.001203 0.913151 0.085450 0.000097
2 2 0.000026 0.000666 0.973760 0.025169 0.000379
2 2 0.086212 0.027718 0.457544 0.423484 0.005042
2 2 0.452234 0.034775 0.468493 0.040102 0.004396
2 2 0.010226 0.018069 0.971169 0.000058 0.000478
2 2 0.040707 0.033050 0.925082 0.000836 0.000326
2 2 0.000296 0.010035 0.987104 0.001050 0.001516
2 2 0.008864 0.006894 0.978996 0.000417 0.004828
2 2 0.000201 0.001041 0.960609 0.038055 0.000094
2 2 0.000063 0.001061 0.986558 0.012262 0.000056
2 2 0.002980 0.004393 0.991676 0.000199 0.000751
2 2 0.000012 0.000360 0.993601 0.006013 0.000014
2 2 0.001363 0.036475 0.961342 0.000002 0.000818
2 2 0.011028 0.023832 0.951370 0.010342 0.003427
2 2 0.001566 0.005305 0.981626 0.000048 0.011455
2 2 0.001008 0.003001 0.994780 0.000780 0.000431
2 2 0.000079 0.000308 0.997593 0.002009 0.000011
2 2 0.000032 0.000639 0.984771 0.014537 0.000021
2 2 0.028164 0.085646 0.666277 0.211398 0.008514
2 2 0.013692 0.106564 0.871822 0.003577 0.004345
2 2 0.000380 0.001801 0.980878 0.016872 0.000069
2 2 0.005098 0.003565 0.934902 0.056270 0.000166
2 2 0.000036 0.000332 0.996410 0.003200 0.000023
2 2 0.000613 0.001446 0.985222 0.011862 0.000857
2 2 0.000046 0.000410 0.981232 0.018299 0.000012
2 3 0.007541 0.003918 0.796244 0.192159 0.000137
2 3 0.000001 0.000064 0.972966 0.026969 0.000001
2 3 0.000061 0.000649 0.881593 0.117694 0.000004
2 3 0.000074 0.000375 0.616962 0.381869 0.000720
3 3 0.000637 0.000819 0.497570 0.500420 0.000554
2 3 0.077149 0.006233 0.898115 0.018327 0.000176
0 0 0.989657 0.000707 0.009056 0.000327 0.000253
2 0 0.212211 0.337722 0.381024 0.017336 0.051706
2 1 0.019178 0.067464 0.909802 0.000011 0.003544
2 1 0.232438 0.198097 0.515141 0.000329 0.053995
0 1 0.687803 0.095775 0.142617 0.000526 0.073280
2 2 0.021906 0.123928 0.835375 0.001511 0.017280
2 2 0.063307 0.193763 0.709491 0.000098 0.033341
2 2 0.000605 0.056539 0.938229 0.001055 0.003571
2 2 0.264570 0.022092 0.708988 0.002867 0.001482
0 1 0.993226 0.002751 0.002600 0.000034 0.001390
0 0 0.989887 0.003434 0.003103 0.000001 0.003575
2 1 0.162975 0.330565 0.450206 0.003131 0.053122
2 2 0.102058 0.354572 0.490662 0.000708 0.052000
2 2 0.081044 0.035696 0.870760 0.004412 0.008088
2 2 0.000990 0.018413 0.976556 0.003399 0.000642
2 2 0.007994 0.007827 0.982107 0.000208 0.001864
2 2 0.049758 0.111711 0.800659 0.015567 0.022305
2 2 0.001216 0.007895 0.987278 0.002413 0.001197
2 2 0.000291 0.001054 0.998478 0.000117 0.000060
2 2 0.008199 0.014017 0.972405 0.002593 0.002786
2 2 0.053797 0.104750 0.804179 0.013589 0.023685
2 2 0.000192 0.001444 0.981999 0.016314 0.000050
2 2 0.000001 0.000434 0.997648 0.001895 0.000021
2 2 0.000651 0.002655 0.995318 0.001150 0.000227
2 2 0.001021 0.005524 0.980163 0.001077 0.012215
2 2 0.000004 0.000144 0.998429 0.001292 0.000132
2 2 0.000022 0.000712 0.996847 0.001732 0.000687
2 2 0.001108 0.003323 0.994522 0.000146 0.000901
2 2 0.000016 0.000956 0.997639 0.000319 0.001069
2 2 0.000001 0.000086 0.998375 0.001535 0.000004
2 2 0.000001 0.000039 0.992138 0.007790 0.000033
2 2 0.000049 0.001782 0.987397 0.008344 0.002428
2 2 0.000011 0.000734 0.835685 0.162719 0.000851
2 2 0.000001 0.000053 0.867060 0.132883 0.000003
2 2 0.000346 0.000264 0.965228 0.034143 0.000019
2 2 0.000414 0.004775 0.949981 0.006875 0.037956
2 2 0.000942 0.047016 0.500874 0.010084 0.441085
4 4 0.025879 0.021035 0.335073 0.000069 0.617945
2 4 0.000787 0.013577 0.859266 0.004970 0.121399
4 4 0.001798 0.066064 0.431355 0.000197 0.500586
4 4 0.004843 0.107348 0.354184 0.000575 0.533051
4 4 0.003582 0.012102 0.077510 0.002108 0.904697
4 4 0.010574 0.007098 0.018553 0.000129 0.963647
4 4 0.005647 0.007854 0.018184 0.000197 0.968118
4 4 0.027272 0.004620 0.005293 0.000006 0.962809
4 4 0.002766 0.001918 0.004701 0.000008 0.990606
4 4 0.009352 0.006305 0.012409 0.000064 0.971869
4 4 0.007662 0.008165 0.038569 0.000155 0.945448
4 4 0.035668 0.022119 0.006476 0.000035 0.935701
4 4 0.034763 0.026886 0.156626 0.000353 0.781371
4 4 0.009638 0.020026 0.403191 0.000073 0.567072
4 4 0.156229 0.007026 0.007258 0.000006 0.829481
4 4 0.014875 0.027809 0.077374 0.000025 0.879917
4 4 0.003046 0.041396 0.226967 0.004158 0.724432
4 4 0.026444 0.034099 0.110586 0.000112 0.828759
4 4 0.121722 0.011749 0.011606 0.000025 0.854899
4 4 0.005758 0.015178 0.043631 0.000869 0.934565
4 4 0.006059 0.001856 0.006859 0.000009 0.985217
4 4 0.096923 0.072389 0.085805 0.005581 0.739301
4 4 0.002750 0.005410 0.006082 0.000020 0.985738
4 4 0.014766 0.004502 0.002539 0.000003 0.978191
4 4 0.017794 0.003900 0.004691 0.000006 0.973609
4 4 0.006763 0.004692 0.009310 0.000035 0.979200
4 4 0.094710 0.088340 0.194691 0.000333 0.621926
4 4 0.012549 0.014488 0.044185 0.000036 0.928742
4 4 0.105582 0.006510 0.005035 0.000004 0.882869
4 4 0.193646 0.008212 0.006516 0.000005 0.791620
4 4 0.007274 0.006525 0.003262 0.000009 0.982929
4 4 0.145359 0.023804 0.015917 0.000058 0.814861
4 4 0.358362 0.031958 0.120498 0.002394 0.486788
4 4 0.025157 0.070120 0.093439 0.001126 0.810159
4 4 0.059053 0.022052 0.029508 0.000011 0.889376
4 4 0.016035 0.060753 0.030914 0.000033 0.892265
4 4 0.005297 0.028546 0.201078 0.000135 0.764944
2 4 0.000909 0.044032 0.777225 0.001653 0.176181
2 4 0.021263 0.084838 0.591751 0.000084 0.302063
2 4 0.008194 0.171194 0.457703 0.000014 0.362896
2 4 0.003486 0.037925 0.495695 0.000946 0.461948
4 4 0.007384 0.008909 0.024471 0.000293 0.958942
4 4 0.024348 0.005832 0.003429 0.000004 0.966386
4 4 0.014318 0.016044 0.011709 0.000125 0.957805
4 4 0.053307 0.003943 0.006055 0.000004 0.936691
4 4 0.024913 0.011729 0.004882 0.000015 0.958461
4 4 0.034482 0.008353 0.018439 0.000075 0.938651
4 4 0.100861 0.076268 0.084653 0.000011 0.738207
4 4 0.033141 0.000992 0.002624 0.000000 0.963242
4 4 0.008069 0.004092 0.003713 0.000007 0.984119
4 4 0.002963 0.028658 0.032529 0.000012 0.935839
4 4 0.003066 0.020968 0.025830 0.001472 0.948664
4 4 0.008235 0.004210 0.038706 0.000256 0.948592
4 4 0.002544 0.022761 0.131211 0.000056 0.843428
4 4 0.037000 0.010216 0.007066 0.000019 0.945699
4 4 0.057824 0.025579 0.053422 0.000062 0.863113
4 4 0.045023 0.034795 0.006213 0.000047 0.913922
4 4 0.084227 0.008790 0.012119 0.000024 0.894839
2 4 0.001170 0.056508 0.499792 0.005905 0.436625
4 4 0.007232 0.032544 0.343613 0.001877 0.614734
4 4 0.281966 0.109385 0.150642 0.003233 0.454773
2 4 0.140674 0.129759 0.516090 0.000136 0.213341
2 4 0.003501 0.033365 0.696413 0.000130 0.266591
2 2 0.013015 0.031818 0.696319 0.000653 0.258195
2 2 0.000439 0.031779 0.817103 0.000709 0.149970
2 2 0.001283 0.105711 0.581301 0.000376 0.311330
2 2 0.000564 0.013093 0.926165 0.001480 0.058697
2 2 0.002883 0.014294 0.858327 0.004531 0.119966
2 2 0.000010 0.001474 0.996937 0.000034 0.001544
2 2 0.000018 0.001101 0.998083 0.000151 0.000647
2 2 0.000177 0.010485 0.968258 0.006865 0.014215
2 2 0.000057 0.004086 0.988814 0.004194 0.002849
2 2 0.000254 0.003048 0.988726 0.004823 0.003149
2 2 0.000407 0.003760 0.988443 0.000029 0.007361
2 2 0.001025 0.017166 0.978873 0.000290 0.002646
2 2 0.004462 0.005066 0.988630 0.001339 0.000503
2 2 0.000054 0.005140 0.991746 0.000395 0.002664
2 2 0.000005 0.000202 0.999673 0.000040 0.000080
2 2 0.000104 0.002928 0.989881 0.001009 0.006079
2 2 0.001693 0.005303 0.960017 0.005958 0.027028
2 2 0.000001 0.000279 0.999188 0.000488 0.000044
2 2 0.000000 0.000017 0.999932 0.000036 0.000015
2 2 0.000003 0.000624 0.980982 0.017817 0.000573
2 2 0.000530 0.003864 0.975405 0.005479 0.014722
2 2 0.000005 0.000109 0.998239 0.001223 0.000423
2 2 0.000011 0.000343 0.993634 0.005647 0.000365
2 2 0.000082 0.000581 0.998784 0.000217 0.000336
2 2 0.000103 0.001208 0.986202 0.011513 0.000974
2 2 0.000001 0.000044 0.988316 0.011588 0.000051
2 2 0.000010 0.000178 0.978466 0.020884 0.000461
2 2 0.000003 0.000322 0.897298 0.102126 0.000251
2 2 0.000973 0.002844 0.845608 0.139013 0.011563
2 2 0.000080 0.000787 0.947074 0.051572 0.000487
2 2 0.000136 0.002726 0.796823 0.197415 0.002901
3 2 0.000001 0.000032 0.254077 0.745877 0.000014
2 2 0.000009 0.000304 0.776694 0.222961 0.000032
3 2 0.000965 0.005243 0.343385 0.648302 0.002105
3 2 0.002341 0.074389 0.284196 0.612137 0.026938
2 2 0.000733 0.007520 0.868047 0.123122 0.000577
2 2 0.000150 0.001779 0.765959 0.232060 0.000052
2 2 0.000210 0.001216 0.915336 0.082871 0.000368
2 2 0.000376 0.001328 0.904481 0.093690 0.000125
2 2 0.000108 0.000674 0.963264 0.035808 0.000146
2 2 0.000156 0.002270 0.964685 0.032486 0.000403
2 2 0.000071 0.000840 0.535503 0.463507 0.000079
2 2 0.000020 0.000166 0.661410 0.338383 0.000021
2 3 0.000046 0.000160 0.588656 0.410104 0.001034
2 3 0.000066 0.000305 0.574437 0.424569 0.000623
2 3 0.000968 0.000291 0.988171 0.009984 0.000586
2 3 0.000072 0.001107 0.794195 0.204077 0.000550
2 3 0.000001 0.000116 0.561209 0.438659 0.000015
2 3 0.000001 0.000106 0.672403 0.327485 0.000005
3 3 0.000001 0.000035 0.224999 0.774936 0.000029
2 3 0.000020 0.000096 0.757414 0.242433 0.000036
3 3 0.000000 0.000006 0.002554 0.997438 0.000002
3 3 0.001848 0.000221 0.284741 0.712466 0.000724
2 3 0.000000 0.000045 0.652768 0.347164 0.000022
3 3 0.000017 0.000101 0.103505 0.896317 0.000060
3 3 0.000009 0.000152 0.027006 0.972771 0.000062
3 3 0.000007 0.000049 0.034148 0.965768 0.000027
3 3 0.000001 0.000115 0.018704 0.981015 0.000165
3 3 0.000000 0.000010 0.007283 0.992688 0.000019
3 3 0.000000 0.000003 0.000802 0.999194 0.000001
3 3 0.000015 0.000020 0.010560 0.989400 0.000005
3 3 0.000002 0.000056 0.003769 0.996159 0.000014
3 3 0.000016 0.000239 0.012621 0.987019 0.000105
3 3 0.000019 0.000419 0.190625 0.808868 0.000069
3 3 0.000002 0.000067 0.016601 0.983314 0.000016
3 3 0.000000 0.000009 0.011886 0.988096 0.000009
3 3 0.000000 0.000001 0.000915 0.999084 0.000000
3 3 0.000002 0.000012 0.013644 0.986323 0.000019
3 3 0.000000 0.000011 0.005617 0.994367 0.000005
3 3 0.000000 0.000003 0.005473 0.994519 0.000004
3 3 0.000006 0.000022 0.006055 0.993913 0.000004
3 3 0.000000 0.000028 0.004597 0.995352 0.000023
3 3 0.000003 0.000059 0.004664 0.995261 0.000014
3 3 0.000000 0.000001 0.001186 0.998811 0.000001
3 3 0.000000 0.000001 0.001116 0.998881 0.000001
3 3 0.000000 0.000003 0.002695 0.997299 0.000004
3 3 0.000000 0.000001 0.000898 0.999101 0.000000
3 3 0.000002 0.000055 0.016502 0.983322 0.000119
3 3 0.000000 0.000003 0.001720 0.998276 0.000001
3 3 0.000004 0.000035 0.027131 0.972762 0.000068
3 3 0.000013 0.000140 0.061660 0.938173 0.000015
3 3 0.000000 0.000001 0.001969 0.998029 0.000001
3 3 0.000018 0.000030 0.009318 0.990629 0.000006
3 3 0.000000 0.000013 0.004164 0.995822 0.000001
3 3 0.000086 0.000305 0.028451 0.971002 0.000156
3 3 0.000047 0.000267 0.027762 0.971723 0.000200
3 3 0.000000 0.000006 0.003602 0.996386 0.000006
3 3 0.000380 0.000655 0.061557 0.936911 0.000497
3 3 0.000244 0.000430 0.044074 0.955010 0.000241
3 3 0.000010 0.000068 0.012514 0.987376 0.000031
3 3 0.000010 0.000059 0.010774 0.989134 0.000022
3 3 0.001653 0.002031 0.184494 0.811383 0.000439
3 3 0.000150 0.000302 0.033142 0.966319 0.000087
3 3 0.000011 0.000093 0.008164 0.991709 0.000023
3 3 0.000002 0.000015 0.005117 0.994862 0.000005
3 3 0.000007 0.000274 0.103467 0.896009 0.000244
3 3 0.000007 0.000041 0.018034 0.981876 0.000041
3 3 0.000000 0.000001 0.000484 0.999515 0.000000
3 3 0.000000 0.000007 0.007257 0.992735 0.000001
3 3 0.000334 0.002022 0.228900 0.768629 0.000115
2 3 0.001085 0.011316 0.807420 0.174659 0.005520
2 2 0.008820 0.006137 0.514994 0.468645 0.001403
2 2 0.001328 0.004808 0.631176 0.362095 0.000593
2 2 0.000769 0.003747 0.741708 0.253131 0.000645
3 2 0.007383 0.003045 0.393236 0.595742 0.000593
2 2 0.000473 0.046165 0.949662 0.001399 0.002301
2 2 0.000199 0.007248 0.980565 0.011920 0.000068
2 2 0.006017 0.060316 0.821659 0.084941 0.027067
2 2 0.008566 0.029612 0.935704 0.022402 0.003716
2 2 0.000355 0.005831 0.992900 0.000185 0.000728
2 2 0.001394 0.011264 0.983010 0.002697 0.001634
2 2 0.052876 0.040149 0.875721 0.011255 0.019998
2 2 0.017354 0.058015 0.793664 0.107142 0.023826
2 2 0.000466 0.003246 0.915314 0.080698 0.000276
2 2 0.010199 0.003421 0.910156 0.074422 0.001803
2 2 0.000000 0.000031 0.977182 0.022786 0.000001
2 2 0.000112 0.000372 0.993462 0.004707 0.001348
2 2 0.000001 0.000049 0.948954 0.050985 0.000011
2 2 0.000000 0.000112 0.988010 0.011877 0.000001
2 2 0.000003 0.000282 0.982686 0.017010 0.000019
2 2 0.000001 0.000091 0.978989 0.020893 0.000026
2 2 0.000032 0.000384 0.988570 0.010142 0.000873
2 2 0.000047 0.000282 0.997940 0.000874 0.000857
2 2 0.000276 0.025405 0.939735 0.002280 0.032304
2 2 0.000011 0.003490 0.990045 0.001561 0.004893
2 2 0.000038 0.006255 0.987124 0.002464 0.004120
2 2 0.000620 0.004577 0.954093 0.025344 0.015366
2 2 0.000393 0.004235 0.940884 0.006032 0.048456
2 2 0.000277 0.007672 0.855921 0.035689 0.100441
4 2 0.010152 0.019852 0.173121 0.014750 0.782125
2 2 0.000910 0.025251 0.898025 0.009013 0.066801
2 2 0.000193 0.019909 0.947872 0.000749 0.031277
2 2 0.001202 0.068745 0.768518 0.000693 0.160842
4 4 0.041581 0.006877 0.006674 0.000010 0.944858
4 4 0.090770 0.019864 0.035596 0.000314 0.853455
2 4 0.000353 0.009188 0.951399 0.028492 0.010568
2 4 0.003354 0.013424 0.518298 0.069285 0.395639
2 4 0.002137 0.034546 0.626537 0.006742 0.330038
2 4 0.003970 0.071385 0.763220 0.003435 0.157990
2 4 0.007122 0.044470 0.561400 0.002702 0.384306
4 4 0.043032 0.038228 0.289301 0.000903 0.628536
2 4 0.001144 0.016618 0.934738 0.003295 0.044205
2 4 0.000449 0.011952 0.971948 0.001491 0.014160
2 4 0.000596 0.019832 0.821350 0.011783 0.146438
2 4 0.000138 0.018253 0.907823 0.003055 0.070731
2 4 0.000560 0.015297 0.950285 0.000166 0.033693
2 4 0.002004 0.028393 0.848459 0.001658 0.119487
4 4 0.006002 0.045024 0.292302 0.000376 0.656297
4 4 0.001908 0.040985 0.311201 0.000511 0.645395
4 4 0.019349 0.042467 0.409113 0.001816 0.527255
2 4 0.000682 0.031576 0.868402 0.000219 0.099120
2 4 0.001412 0.025997 0.857627 0.002947 0.112017
2 4 0.000603 0.017126 0.937200 0.001517 0.043554
4 4 0.026097 0.014139 0.009624 0.000054 0.950086
4 4 0.063838 0.004733 0.004744 0.000003 0.926682
2 4 0.003835 0.046171 0.749309 0.000547 0.200139
2 4 0.007035 0.025132 0.553909 0.000301 0.413623
2 4 0.001542 0.046459 0.862444 0.004098 0.085457
2 4 0.002690 0.120663 0.751285 0.001376 0.123986
2 4 0.004279 0.049554 0.915358 0.000847 0.029962
2 4 0.010032 0.071508 0.840329 0.000025 0.078106
2 4 0.000154 0.035490 0.915385 0.006908 0.042064
2 2 0.000619 0.014364 0.920757 0.016535 0.047725
2 2 0.000130 0.001918 0.984425 0.010204 0.003323
2 2 0.001116 0.008500 0.979878 0.002181 0.008324
1 0 0.199669 0.605389 0.168908 0.000004 0.026029
1 0 0.179405 0.539821 0.140075 0.000007 0.140693
0 0 0.880662 0.072143 0.040475 0.000024 0.006696
0 1 0.656611 0.157221 0.175510 0.000034 0.010624
2 1 0.092166 0.223656 0.672283 0.000060 0.011834
2 1 0.041862 0.161187 0.773908 0.002214 0.020828
0 0 0.508299 0.073449 0.409409 0.002210 0.006634
2 1 0.343359 0.204190 0.361583 0.001195 0.089674
2 1 0.111457 0.212117 0.608964 0.001305 0.066158
2 2 0.175517 0.315932 0.423893 0.000182 0.084475
2 2 0.006454 0.145490 0.814955 0.006837 0.026264
2 2 0.039388 0.125037 0.818166 0.000351 0.017058
0 0 0.999595 0.000184 0.000046 0.000000 0.000176
0 0 0.993876 0.003450 0.001292 0.000002 0.001379
0 0 0.997348 0.000988 0.000981 0.000011 0.000673
0 0 0.988226 0.006558 0.003964 0.000003 0.001249
0 1 0.775883 0.093981 0.028242 0.000025 0.101869
1 1 0.300188 0.405667 0.249002 0.000018 0.045126
0 1 0.987248 0.004071 0.007252 0.000061 0.001368
0 1 0.938332 0.033849 0.019961 0.000086 0.007771
2 1 0.099914 0.292165 0.543791 0.003348 0.060782
0 1 0.564715 0.262978 0.114915 0.002385 0.055006
2 2 0.022678 0.302095 0.618765 0.000398 0.056064
2 2 0.179382 0.318371 0.484807 0.002116 0.015324
2 2 0.065825 0.306843 0.619244 0.000997 0.007090
0 2 0.405258 0.208989 0.355325 0.000543 0.029886
1 2 0.259304 0.381827 0.337385 0.000810 0.020673
2 2 0.022266 0.110410 0.864267 0.001660 0.001397
2 2 0.028588 0.353378 0.586424 0.000990 0.030620
2 2 0.007001 0.250803 0.740488 0.000217 0.001491
2 2 0.042925 0.110643 0.834953 0.008040 0.003439
2 2 0.078253 0.057134 0.849477 0.013166 0.001971
2 2 0.162166 0.246369 0.575149 0.002941 0.013375
2 2 0.026575 0.176489 0.786720 0.000466 0.009750
2 2 0.276766 0.045892 0.515899 0.131253 0.030189
0 2 0.660276 0.068600 0.235622 0.019653 0.015850
2 2 0.090572 0.257046 0.612908 0.014587 0.024888
2 2 0.009810 0.257643 0.698706 0.000996 0.032845
2 2 0.042822 0.100253 0.853777 0.001628 0.001520
2 2 0.059187 0.300731 0.631786 0.000871 0.007425
2 2 0.003484 0.010559 0.983658 0.000766 0.001532
2 2 0.001959 0.006631 0.982936 0.008031 0.000443
2 2 0.006163 0.007769 0.934711 0.048928 0.002429
2 2 0.330576 0.013930 0.640813 0.010435 0.004246
2 2 0.035262 0.016119 0.702707 0.241036 0.004876
2 2 0.000193 0.001564 0.981211 0.016768 0.000264
2 2 0.000069 0.005752 0.963004 0.017827 0.013349
2 2 0.000324 0.004905 0.945605 0.046557 0.002609
2 2 0.000172 0.000455 0.984361 0.014496 0.000516
2 2 0.000028 0.000097 0.990379 0.009467 0.000029
2 2 0.000036 0.001385 0.984650 0.010784 0.003144
2 2 0.000092 0.005217 0.960507 0.031178 0.003006
2 2 0.000036 0.001567 0.950020 0.047407 0.000969
2 2 0.000101 0.000883 0.992040 0.006918 0.000057
2 2 0.000001 0.000319 0.966867 0.032742 0.000071
2 2 0.000328 0.001204 0.932852 0.064665 0.000951
2 2 0.002929 0.016791 0.950753 0.012645 0.016883
2 2 0.000033 0.003048 0.993875 0.002390 0.000654
2 2 0.000000 0.000072 0.996473 0.003390 0.000064
2 2 0.000002 0.000220 0.994882 0.004582 0.000315
2 2 0.000051 0.000713 0.994775 0.004116 0.000346
2 2 0.004479 0.005020 0.989703 0.000308 0.000491
