4 0 0.104913 0.007801 0.000353 0.000000 0.886933
0 0 0.985520 0.003070 0.000434 0.000007 0.010969
0 0 0.998713 0.001166 0.000101 0.000001 0.000019
0 0 0.998127 0.001194 0.000271 0.000078 0.000330
0 0 0.910142 0.009155 0.001354 0.000012 0.079336
0 0 0.875849 0.074104 0.002937 0.000000 0.047109
0 0 0.873540 0.053031 0.067275 0.000003 0.006151
0 0 0.942434 0.032384 0.012263 0.000030 0.012889
0 0 0.979543 0.014271 0.005438 0.000001 0.000748
0 0 0.997037 0.001772 0.000496 0.000000 0.000695
0 0 0.996684 0.001303 0.000544 0.000002 0.001468
0 0 0.993579 0.002623 0.002280 0.000000 0.001518
0 0 0.763591 0.079386 0.046824 0.000000 0.110199
0 0 0.994323 0.002992 0.001273 0.000000 0.001412
0 0 0.999007 0.000747 0.000178 0.000000 0.000067
0 0 0.998077 0.001026 0.000671 0.000000 0.000225
0 0 0.999936 0.000017 0.000005 0.000000 0.000042
0 0 0.999972 0.000012 0.000013 0.000000 0.000003
0 0 0.999316 0.000330 0.000261 0.000000 0.000093
0 0 0.998196 0.001079 0.000491 0.000000 0.000233
0 0 0.998475 0.000884 0.000243 0.000000 0.000397
0 0 0.999837 0.000064 0.000079 0.000000 0.000019
0 0 0.999854 0.000056 0.000078 0.000000 0.000012
0 0 0.992260 0.002092 0.004308 0.000000 0.001340
0 0 0.651715 0.223676 0.003197 0.000000 0.121412
0 0 0.749359 0.191813 0.046964 0.000000 0.011865
0 0 0.999686 0.000204 0.000044 0.000000 0.000065
0 0 0.999689 0.000224 0.000051 0.000000 0.000035
0 0 0.999701 0.000115 0.000168 0.000000 0.000015
0 0 0.999851 0.000086 0.000027 0.000000 0.000035
0 0 0.999266 0.000081 0.000015 0.000000 0.000639
0 0 0.999656 0.000203 0.000119 0.000000 0.000023
0 0 0.999220 0.000457 0.000236 0.000001 0.000087
0 0 0.870450 0.052072 0.053583 0.000001 0.023894
0 0 0.998934 0.000831 0.000128 0.000000 0.000107
0 0 0.999162 0.000260 0.000141 0.000000 0.000437
0 0 0.993506 0.000988 0.000820 0.000000 0.004686
0 0 0.971101 0.001086 0.003331 0.000000 0.024481
0 0 0.999450 0.000346 0.000139 0.000000 0.000065
0 0 0.998329 0.001257 0.000253 0.000000 0.000161
0 0 0.991396 0.005885 0.001918 0.000001 0.000802
4 1 0.250354 0.294703 0.050801 0.000001 0.404142
0 1 0.734106 0.101274 0.028548 0.000163 0.135909
0 1 0.798042 0.098868 0.033308 0.000126 0.069656
0 1 0.434308 0.318949 0.032905 0.000009 0.213829
0 1 0.691200 0.112388 0.018099 0.000049 0.178264
0 1 0.445165 0.261054 0.032960 0.000081 0.260740
4 1 0.219675 0.312165 0.058588 0.000003 0.409569
4 2 0.027803 0.092768 0.289425 0.011482 0.578521
4 2 0.002306 0.086951 0.291305 0.009964 0.609473
4 2 0.097955 0.173469 0.045759 0.000524 0.682294
4 2 0.001773 0.048597 0.288134 0.004181 0.657315
4 2 0.090862 0.077254 0.390614 0.000035 0.441235
0 1 0.938878 0.031643 0.005286 0.000000 0.024193
4 1 0.063036 0.193199 0.194966 0.000008 0.548791
0 1 0.755521 0.036118 0.024696 0.000000 0.183665
0 1 0.953950 0.024091 0.010543 0.000009 0.011406
0 1 0.986642 0.006512 0.001526 0.000176 0.005144
0 1 0.602653 0.190896 0.038662 0.000015 0.167774
4 1 0.123631 0.191315 0.097826 0.002856 0.584372
1 1 0.014693 0.563680 0.280468 0.000338 0.140821
4 2 0.027744 0.220681 0.168435 0.000454 0.582686
4 2 0.002864 0.045219 0.257843 0.001218 0.692857
2 2 0.012561 0.192264 0.671577 0.001160 0.122438
2 2 0.007385 0.061442 0.914952 0.001465 0.014758
2 2 0.000021 0.002946 0.994555 0.002324 0.000154
2 2 0.006786 0.015455 0.965234 0.009804 0.002721
2 1 0.034481 0.138550 0.815738 0.000334 0.010897
2 2 0.037049 0.168868 0.622322 0.004750 0.167012
2 2 0.015884 0.252493 0.518872 0.005601 0.207150
4 2 0.078869 0.195106 0.302506 0.008347 0.415172
2 2 0.002498 0.092095 0.819541 0.000113 0.085753
2 2 0.000319 0.004284 0.991858 0.001602 0.001936
0 0 0.768598 0.154313 0.052888 0.000000 0.024201
1 0 0.281249 0.580794 0.112605 0.000001 0.025352
0 0 0.846586 0.071855 0.014922 0.000001 0.066637
0 0 0.971642 0.000984 0.024717 0.000000 0.002657
0 0 0.983466 0.002319 0.001620 0.000000 0.012594
0 0 0.988331 0.005379 0.004076 0.000000 0.002214
0 0 0.976003 0.009856 0.012958 0.000000 0.001183
0 0 0.844910 0.070847 0.055898 0.000000 0.028344
0 0 0.991098 0.006153 0.001884 0.000000 0.000864
0 0 0.608997 0.229490 0.154977 0.000033 0.006503
0 0 0.898179 0.033161 0.066165 0.000008 0.002487
0 0 0.984109 0.010106 0.003936 0.000001 0.001848
0 0 0.971453 0.013009 0.007612 0.000006 0.007921
0 0 0.572085 0.112663 0.293427 0.000005 0.021820
0 0 0.952267 0.007515 0.036221 0.000040 0.003956
0 0 0.985069 0.003479 0.010854 0.000001 0.000597
0 0 0.763598 0.087890 0.136955 0.000001 0.011557
0 0 0.594979 0.056006 0.324737 0.000011 0.024268
0 0 0.896203 0.041067 0.042493 0.000011 0.020226
0 0 0.600820 0.334676 0.059218 0.000000 0.005287
1 0 0.405336 0.485930 0.005574 0.000000 0.103160
0 0 0.864487 0.014501 0.008490 0.000001 0.112521
0 0 0.534071 0.037484 0.316289 0.000047 0.112108
0 0 0.984113 0.006569 0.004659 0.000005 0.004653
0 0 0.995594 0.001613 0.001339 0.000000 0.001454
0 0 0.958325 0.017787 0.020961 0.000034 0.002893
0 0 0.579676 0.176703 0.233666 0.000017 0.009938
0 0 0.983640 0.003798 0.010301 0.000086 0.002174
0 0 0.982034 0.007119 0.006593 0.000003 0.004252
2 0 0.098659 0.382714 0.437415 0.000110 0.081102
2 0 0.291251 0.321301 0.375273 0.000681 0.011493
0 0 0.905934 0.051281 0.027329 0.000003 0.015453
0 0 0.890867 0.069186 0.032143 0.000004 0.007800
0 0 0.997551 0.001155 0.000999 0.000011 0.000284
0 0 0.963666 0.022045 0.013663 0.000001 0.000624
0 0 0.317214 0.283136 0.177400 0.000152 0.222099
0 0 0.856707 0.068917 0.052013 0.000005 0.022358
0 0 0.951739 0.026331 0.004845 0.000000 0.017084
0 0 0.777321 0.198799 0.018541 0.000000 0.005338
0 0 0.955891 0.021118 0.003334 0.000000 0.019658
0 0 0.989551 0.004258 0.000932 0.000000 0.005259
0 0 0.999239 0.000376 0.000168 0.000000 0.000218
0 0 0.927910 0.028257 0.032379 0.000003 0.011451
0 0 0.988305 0.005955 0.003580 0.000000 0.002160
0 0 0.967913 0.011130 0.019093 0.000006 0.001858
0 0 0.982855 0.006870 0.000405 0.000000 0.009870
0 0 0.994304 0.002396 0.001560 0.000000 0.001739
0 0 0.996168 0.002256 0.000824 0.000000 0.000752
0 0 0.999945 0.000038 0.000014 0.000000 0.000003
0 0 0.764772 0.029177 0.025480 0.000032 0.180539
0 0 0.651888 0.168993 0.155828 0.000001 0.023290
0 0 0.705526 0.185131 0.033475 0.000002 0.075867
0 0 0.755089 0.139293 0.040264 0.000001 0.065353
0 0 0.794858 0.087919 0.112119 0.000038 0.005066
0 0 0.479056 0.062480 0.407174 0.000014 0.051276
0 0 0.633509 0.048896 0.308808 0.000429 0.008358
0 0 0.999032 0.000511 0.000297 0.000000 0.000161
0 0 0.950062 0.021939 0.018859 0.000004 0.009137
0 0 0.986794 0.006813 0.003195 0.000000 0.003197
0 0 0.992635 0.005252 0.001544 0.000000 0.000569
0 0 0.995817 0.000685 0.003311 0.000000 0.000187
0 0 0.993428 0.002102 0.000518 0.000000 0.003952
0 0 0.996194 0.001887 0.000891 0.000001 0.001026
0 0 0.997118 0.000904 0.001660 0.000000 0.000317
0 0 0.974423 0.004129 0.017785 0.000009 0.003654
0 0 0.962415 0.008676 0.004139 0.000000 0.024770
0 0 0.969564 0.007649 0.007388 0.000033 0.015366
0 0 0.992732 0.005168 0.001079 0.000000 0.001021
0 0 0.971252 0.015077 0.009380 0.000000 0.004291
0 0 0.644696 0.093453 0.254002 0.000179 0.007669
0 0 0.884273 0.015109 0.098144 0.000005 0.002469
0 0 0.887221 0.053646 0.051381 0.000023 0.007729
0 0 0.943820 0.032932 0.018688 0.000002 0.004558
0 0 0.952507 0.012593 0.016524 0.000000 0.018375
0 0 0.730088 0.061974 0.194883 0.000058 0.012997
0 0 0.554907 0.248690 0.145542 0.000001 0.050860
0 0 0.648850 0.137763 0.166099 0.000020 0.047269
0 0 0.793030 0.100010 0.077209 0.000004 0.029747
0 0 0.895208 0.044860 0.050654 0.000020 0.009259
0 0 0.638289 0.042703 0.299400 0.006438 0.013171
0 0 0.659280 0.123881 0.213194 0.000021 0.003624
0 0 0.752477 0.099428 0.104528 0.000351 0.043216
0 0 0.825725 0.073723 0.068029 0.000003 0.032521
0 0 0.995053 0.003575 0.000724 0.000000 0.000649
0 0 0.980129 0.009804 0.003272 0.000003 0.006792
0 0 0.566064 0.244713 0.173960 0.001450 0.013813
0 0 0.873296 0.096699 0.028544 0.000013 0.001448
0 0 0.400098 0.134987 0.372822 0.000595 0.091498
0 0 0.396198 0.213515 0.306629 0.000399 0.083258
0 0 0.956958 0.023494 0.007338 0.000002 0.012207
0 0 0.638421 0.277275 0.061463 0.000017 0.022824
0 0 0.984585 0.009620 0.005310 0.000003 0.000482
0 0 0.906921 0.055233 0.029500 0.000017 0.008329
0 0 0.416671 0.359903 0.217861 0.000307 0.005259
0 0 0.611950 0.146704 0.231771 0.000070 0.009505
0 0 0.970701 0.017648 0.002634 0.000000 0.009017
0 0 0.995709 0.003391 0.000615 0.000000 0.000284
1 0 0.272436 0.356247 0.340503 0.000370 0.030445
0 0 0.429460 0.285769 0.226955 0.000005 0.057811
2 0 0.084150 0.266914 0.635219 0.000033 0.013685
2 0 0.081302 0.259176 0.647115 0.000018 0.012389
0 0 0.847154 0.117672 0.033876 0.000001 0.001297
0 0 0.788370 0.034034 0.152882 0.000003 0.024711
0 0 0.963580 0.015272 0.013993 0.000000 0.007155
0 0 0.932858 0.042402 0.018516 0.000002 0.006223
0 0 0.994594 0.002537 0.002067 0.000007 0.000795
0 0 0.927906 0.011224 0.050753 0.000000 0.010117
0 0 0.918608 0.047801 0.016781 0.000026 0.016783
0 0 0.717234 0.219191 0.050221 0.000007 0.013347
0 0 0.870016 0.093422 0.020973 0.000040 0.015549
0 0 0.804457 0.154057 0.025657 0.000000 0.015828
1 0 0.214099 0.632722 0.134804 0.000003 0.018373
1 1 0.241469 0.627711 0.066569 0.000006 0.064244
0 1 0.627023 0.145628 0.061151 0.000401 0.165797
0 1 0.324074 0.302194 0.093292 0.000062 0.280379
1 1 0.071250 0.509604 0.314523 0.000661 0.103963
1 1 0.173427 0.555886 0.188299 0.000014 0.082374
1 1 0.276622 0.491269 0.104804 0.000764 0.126541
1 1 0.365888 0.385948 0.072975 0.000104 0.175085
2 1 0.009860 0.356137 0.422860 0.000040 0.211103
2 1 0.164490 0.302607 0.477079 0.000324 0.055500
2 1 0.220077 0.210218 0.443417 0.000001 0.126286
4 1 0.043108 0.151389 0.038687 0.000000 0.766816
2 1 0.014317 0.222605 0.525495 0.000672 0.236911
2 2 0.004498 0.414874 0.474877 0.005845 0.099906
2 2 0.135610 0.277708 0.473326 0.000013 0.113344
2 2 0.003599 0.088080 0.857754 0.005973 0.044594
2 2 0.006754 0.037491 0.812020 0.000048 0.143687
4 2 0.129143 0.212322 0.167681 0.000006 0.490848
2 2 0.000540 0.068975 0.831880 0.000260 0.098345
2 2 0.000409 0.107911 0.807304 0.000629 0.083747
2 2 0.000032 0.002499 0.992017 0.005276 0.000176
2 2 0.000068 0.007882 0.979706 0.010928 0.001415
2 2 0.000022 0.005950 0.987522 0.002226 0.004280
2 2 0.003085 0.040433 0.878144 0.051410 0.026928
2 2 0.000007 0.003432 0.954350 0.041393 0.000819
2 2 0.000003 0.004454 0.974896 0.017944 0.002702
2 2 0.000987 0.125497 0.703440 0.036402 0.133674
2 2 0.000149 0.012579 0.936600 0.023097 0.027575
2 2 0.000000 0.000072 0.853817 0.146107 0.000004
2 2 0.000147 0.005203 0.680422 0.313103 0.001126
2 2 0.000167 0.006294 0.520751 0.465010 0.007778
2 2 0.000004 0.001395 0.792135 0.206372 0.000094
2 2 0.000001 0.002134 0.990958 0.006602 0.000304
2 2 0.000004 0.002063 0.996703 0.001107 0.000123
2 3 0.000001 0.000299 0.789993 0.209673 0.000033
2 3 0.000035 0.000602 0.639249 0.360033 0.000080
2 3 0.000026 0.002369 0.726866 0.270488 0.000250
3 3 0.000001 0.000153 0.117448 0.882362 0.000036
2 3 0.000008 0.000968 0.637697 0.361148 0.000179
3 3 0.000173 0.005560 0.458601 0.535204 0.000462
3 3 0.000009 0.001560 0.090493 0.904653 0.003286
3 3 0.000006 0.000564 0.042808 0.956082 0.000540
3 3 0.000015 0.000351 0.083592 0.915953 0.000090
3 3 0.000063 0.001640 0.469598 0.528022 0.000677
3 3 0.000003 0.000136 0.234328 0.765518 0.000016
2 3 0.000000 0.000059 0.509364 0.490554 0.000023
3 3 0.000001 0.000085 0.083731 0.916149 0.000034
3 3 0.000004 0.000338 0.036453 0.963022 0.000182
3 3 0.000018 0.000197 0.041708 0.958053 0.000025
3 3 0.000000 0.000029 0.024128 0.975836 0.000007
3 3 0.000018 0.000499 0.290676 0.708635 0.000171
3 3 0.000007 0.000511 0.374626 0.624348 0.000508
3 3 0.000007 0.000134 0.011185 0.988649 0.000025
3 3 0.000029 0.001053 0.083159 0.915144 0.000614
3 3 0.000003 0.000126 0.167384 0.832460 0.000027
3 3 0.000008 0.000150 0.013731 0.986084 0.000028
3 3 0.000267 0.001915 0.037288 0.960007 0.000523
3 3 0.003962 0.018609 0.131786 0.834191 0.011452
3 3 0.000030 0.000716 0.031084 0.967920 0.000249
3 3 0.000486 0.000739 0.025119 0.973609 0.000046
3 3 0.000157 0.001049 0.045211 0.953383 0.000201
3 3 0.000271 0.001364 0.027471 0.970636 0.000258
3 3 0.000018 0.000441 0.023885 0.975504 0.000153
3 3 0.000399 0.000392 0.008079 0.991118 0.000011
3 3 0.000002 0.000139 0.016022 0.983784 0.000053
3 3 0.000004 0.000138 0.013564 0.986256 0.000037
3 3 0.000018 0.000521 0.027543 0.971705 0.000212
3 3 0.004485 0.002989 0.022701 0.969618 0.000206
3 3 0.000000 0.000010 0.023703 0.976287 0.000000
3 3 0.000079 0.000245 0.035890 0.963782 0.000003
3 3 0.000002 0.000056 0.028320 0.971614 0.000008
3 3 0.000010 0.000217 0.050445 0.949282 0.000046
3 3 0.002135 0.005656 0.152959 0.837571 0.001680
3 3 0.000004 0.000085 0.014678 0.985227 0.000006
3 3 0.000000 0.000044 0.012956 0.986983 0.000016
3 3 0.000006 0.000059 0.005596 0.994334 0.000005
3 3 0.000019 0.000271 0.065016 0.934650 0.000045
3 3 0.000103 0.000672 0.047296 0.951827 0.000102
3 3 0.000012 0.000377 0.023473 0.975995 0.000142
3 3 0.000005 0.000055 0.005645 0.994291 0.000005
3 3 0.000104 0.001003 0.069273 0.929389 0.000231
3 3 0.000106 0.000953 0.072188 0.926550 0.000203
3 3 0.008068 0.009868 0.113638 0.866051 0.002375
3 3 0.000214 0.000388 0.033613 0.965766 0.000020
3 3 0.001185 0.000531 0.015182 0.983087 0.000015
3 3 0.000026 0.000244 0.012369 0.987326 0.000035
3 3 0.000447 0.003153 0.055547 0.939826 0.001028
3 3 0.000008 0.000195 0.018350 0.981386 0.000061
3 3 0.000039 0.000485 0.020257 0.979109 0.000111
3 3 0.000002 0.000041 0.006227 0.993725 0.000005
3 3 0.000326 0.001078 0.035692 0.962768 0.000137
3 3 0.000003 0.000062 0.024311 0.975617 0.000007
3 3 0.000024 0.000418 0.058408 0.941051 0.000099
3 3 0.000044 0.000148 0.006715 0.993084 0.000009
3 3 0.000120 0.000331 0.010048 0.989477 0.000024
3 3 0.000211 0.000689 0.016184 0.982840 0.000075
3 3 0.000001 0.000006 0.004330 0.995664 0.000000
3 3 0.001357 0.001052 0.016840 0.980699 0.000051
3 3 0.001736 0.001622 0.021255 0.975255 0.000132
3 3 0.000059 0.003324 0.108594 0.887803 0.000220
3 3 0.000065 0.000138 0.005552 0.994239 0.000006
3 3 0.000226 0.000818 0.034506 0.964356 0.000094
3 3 0.001045 0.001585 0.127630 0.869596 0.000144
3 2 0.107952 0.062773 0.116229 0.697459 0.015586
1 2 0.239394 0.301128 0.264207 0.093747 0.101525
2 2 0.010082 0.111413 0.549468 0.251181 0.077855
1 2 0.013089 0.614503 0.307691 0.000356 0.064360
2 2 0.000319 0.064609 0.918839 0.008112 0.008120
2 2 0.000011 0.001231 0.958362 0.040211 0.000185
2 2 0.000002 0.000881 0.956716 0.042297 0.000104
2 2 0.000062 0.017236 0.902397 0.073105 0.007199
2 2 0.004031 0.106041 0.850717 0.018529 0.020682
2 2 0.001437 0.042139 0.896340 0.044452 0.015632
2 2 0.009118 0.108634 0.821532 0.049900 0.010816
2 2 0.000044 0.003000 0.995939 0.000403 0.000614
2 2 0.000045 0.003846 0.965338 0.029958 0.000813
2 2 0.000003 0.001018 0.917805 0.081130 0.000044
2 2 0.000003 0.001089 0.976255 0.022593 0.000060
2 2 0.001979 0.025475 0.725251 0.079079 0.168215
2 2 0.000333 0.013057 0.689018 0.028118 0.269474
2 2 0.000299 0.009278 0.933121 0.049379 0.007923
2 2 0.000025 0.004812 0.975593 0.015591 0.003979
2 2 0.001121 0.008858 0.920608 0.028475 0.040938
2 2 0.009916 0.025430 0.744832 0.003053 0.216768
2 2 0.000704 0.027882 0.836980 0.016976 0.117458
2 2 0.000793 0.031278 0.941590 0.001797 0.024542
4 4 0.001259 0.052529 0.209140 0.005121 0.731951
4 4 0.005270 0.032082 0.035573 0.000270 0.926805
2 4 0.000281 0.278693 0.604796 0.000103 0.116127
4 4 0.001471 0.092791 0.343974 0.002743 0.559021
4 4 0.005476 0.034278 0.028161 0.000108 0.931977
4 4 0.007091 0.082829 0.074317 0.000194 0.835569
4 4 0.004669 0.146492 0.288166 0.006636 0.554037
4 4 0.003943 0.031636 0.150664 0.000217 0.813541
4 4 0.002117 0.032507 0.036727 0.000014 0.928635
4 4 0.003757 0.025770 0.018910 0.000001 0.951562
2 4 0.002422 0.229494 0.578512 0.001266 0.188307
4 4 0.003192 0.176092 0.230371 0.000061 0.590284
4 4 0.001574 0.165250 0.207423 0.000432 0.625321
2 4 0.004225 0.172999 0.442324 0.008665 0.371788
2 4 0.001041 0.094701 0.699185 0.001920 0.203153
2 4 0.000459 0.161007 0.712837 0.000178 0.125519
2 2 0.000026 0.004413 0.952805 0.035237 0.007519
2 2 0.000133 0.005156 0.961418 0.001495 0.031798
2 2 0.000035 0.010436 0.952283 0.000506 0.036740
4 2 0.001717 0.056659 0.281206 0.000031 0.660388
2 2 0.007356 0.040604 0.670557 0.003109 0.278375
4 4 0.011767 0.176592 0.204255 0.000073 0.607313
4 4 0.001206 0.207678 0.370880 0.000075 0.420162
4 4 0.004558 0.099393 0.333835 0.000388 0.561827
2 4 0.000046 0.040201 0.889476 0.003638 0.066639
4 4 0.002266 0.057371 0.111842 0.000276 0.828244
4 4 0.015271 0.083937 0.076805 0.001704 0.822284
4 4 0.015880 0.276586 0.115463 0.000498 0.591573
4 4 0.029486 0.087246 0.110153 0.003574 0.769540
4 4 0.073811 0.069732 0.233925 0.001922 0.620611
2 4 0.003303 0.407879 0.422392 0.003613 0.162813
2 4 0.002878 0.323069 0.377169 0.003715 0.293169
2 4 0.002740 0.133242 0.692482 0.086231 0.085305
2 4 0.001278 0.117372 0.704191 0.003314 0.173845
2 2 0.000022 0.005283 0.966776 0.017036 0.010883
2 2 0.000057 0.017684 0.904193 0.002472 0.075594
2 2 0.000003 0.002649 0.991194 0.005213 0.000941
2 2 0.000001 0.002346 0.990420 0.006418 0.000815
2 2 0.000006 0.001191 0.988654 0.007937 0.002212
2 2 0.000117 0.010323 0.975169 0.000283 0.014108
2 2 0.000507 0.072486 0.909335 0.002749 0.014923
2 2 0.000284 0.053921 0.874853 0.006589 0.064354
2 2 0.000004 0.002107 0.977528 0.013016 0.007345
2 2 0.000015 0.002889 0.965326 0.030821 0.000949
2 2 0.000002 0.002936 0.995171 0.001471 0.000419
2 2 0.000000 0.000199 0.892631 0.107156 0.000013
2 2 0.000021 0.005857 0.980052 0.007843 0.006227
2 2 0.000000 0.000597 0.943322 0.055944 0.000136
2 2 0.000026 0.002062 0.984370 0.012633 0.000909
2 2 0.000060 0.002576 0.981333 0.009573 0.006459
2 2 0.000001 0.000130 0.785608 0.214236 0.000026
2 2 0.000000 0.000208 0.978064 0.021641 0.000087
2 2 0.000000 0.000076 0.847603 0.151904 0.000417
2 2 0.000001 0.001423 0.959409 0.035897 0.003269
2 2 0.000000 0.000492 0.971497 0.027770 0.000241
2 2 0.000000 0.000263 0.997764 0.001966 0.000007
2 2 0.000007 0.001995 0.870953 0.122076 0.004969
3 2 0.000122 0.002289 0.495179 0.500687 0.001723
2 2 0.000462 0.003515 0.775626 0.219464 0.000933
2 2 0.000002 0.000739 0.961008 0.038208 0.000044
3 2 0.000027 0.000842 0.367206 0.631717 0.000208
2 2 0.000001 0.000850 0.719264 0.279628 0.000257
2 2 0.000009 0.002199 0.979977 0.017455 0.000360
2 2 0.000008 0.002193 0.894680 0.102921 0.000198
2 2 0.000399 0.008503 0.899500 0.080118 0.011480
2 2 0.000129 0.006570 0.725534 0.240145 0.027621
3 2 0.000006 0.000559 0.081785 0.917192 0.000459
3 2 0.001396 0.008757 0.273381 0.709622 0.006845
2 2 0.000243 0.015758 0.843536 0.126746 0.013718
2 2 0.000208 0.006152 0.788278 0.200583 0.004779
2 2 0.000110 0.007224 0.960741 0.029114 0.002811
3 2 0.000001 0.000536 0.489911 0.508812 0.000740
4 2 0.000028 0.000145 0.007403 0.000000 0.992424
0 2 0.999991 0.000000 0.000000 0.000000 0.000009
0 2 0.999916 0.000057 0.000026 0.000000 0.000000
2 2 0.000005 0.000830 0.998989 0.000145 0.000031
2 2 0.000001 0.000321 0.726369 0.272994 0.000315
3 2 0.000001 0.000130 0.474207 0.525642 0.000020
2 2 0.000038 0.004729 0.984125 0.008753 0.002354
3 2 0.000237 0.004899 0.463863 0.524659 0.006342
2 2 0.000016 0.001490 0.897385 0.100740 0.000369
2 2 0.000006 0.000537 0.867608 0.131757 0.000092
3 2 0.000070 0.001198 0.176210 0.822114 0.000409
3 2 0.000326 0.010675 0.405395 0.577897 0.005707
2 2 0.000001 0.000484 0.728354 0.271069 0.000092
3 3 0.000026 0.000774 0.444603 0.554055 0.000542
2 3 0.000017 0.000727 0.747119 0.251701 0.000436
3 3 0.000173 0.000643 0.032490 0.966594 0.000099
3 3 0.000095 0.000549 0.053726 0.945592 0.000037
3 3 0.000025 0.000159 0.008520 0.991281 0.000015
3 3 0.000003 0.000386 0.038207 0.961010 0.000394
3 3 0.000027 0.000475 0.035923 0.963450 0.000125
3 3 0.000331 0.003586 0.141358 0.853146 0.001579
3 3 0.000108 0.003369 0.374640 0.621679 0.000203
3 3 0.000005 0.000052 0.006139 0.993800 0.000005
3 3 0.000140 0.001820 0.043664 0.953656 0.000720
3 3 0.000013 0.000312 0.019376 0.980207 0.000092
2 3 0.000821 0.003000 0.503049 0.492250 0.000879
3 3 0.000064 0.000999 0.032864 0.965721 0.000351
3 3 0.000944 0.002465 0.068911 0.927330 0.000350
3 3 0.012175 0.004014 0.023244 0.960352 0.000215
3 3 0.000639 0.001108 0.017406 0.980750 0.000096
3 3 0.000008 0.000162 0.012533 0.987264 0.000033
3 3 0.000357 0.001877 0.033436 0.963915 0.000415
3 3 0.000417 0.003936 0.066059 0.927708 0.001879
3 3 0.002855 0.004423 0.045824 0.946117 0.000780
3 3 0.000045 0.001324 0.047018 0.950826 0.000787
3 3 0.000264 0.001222 0.027639 0.970643 0.000232
3 3 0.000172 0.000114 0.003428 0.996284 0.000002
3 3 0.107780 0.014175 0.031520 0.845865 0.000660
3 3 0.000105 0.001923 0.050123 0.946876 0.000974
3 3 0.000244 0.001357 0.029010 0.969242 0.000146
3 3 0.001190 0.000830 0.011021 0.986923 0.000036
3 3 0.000030 0.000216 0.062373 0.937361 0.000020
3 3 0.000138 0.000920 0.025110 0.973653 0.000178
3 3 0.000002 0.000045 0.006028 0.993919 0.000006
3 3 0.000391 0.001065 0.023908 0.974485 0.000151
3 3 0.000021 0.000665 0.032305 0.966697 0.000311
3 3 0.000007 0.000055 0.010902 0.989032 0.000004
3 3 0.000267 0.000272 0.029892 0.969562 0.000008
3 3 0.000192 0.000386 0.009918 0.989480 0.000024
3 3 0.000089 0.000870 0.026152 0.972677 0.000212
3 3 0.000000 0.000036 0.007961 0.991993 0.000009
3 3 0.000429 0.001623 0.031853 0.965826 0.000269
3 3 0.044973 0.003187 0.013553 0.938223 0.000064
3 3 0.000091 0.000137 0.004962 0.994806 0.000005
3 3 0.000532 0.000901 0.015323 0.983173 0.000071
3 3 0.003641 0.001946 0.016542 0.977773 0.000098
3 3 0.000141 0.001289 0.033526 0.964921 0.000124
3 3 0.000001 0.000021 0.006778 0.993199 0.000001
3 3 0.000000 0.000029 0.017577 0.982387 0.000006
3 3 0.000001 0.000165 0.023055 0.976663 0.000116
3 3 0.001247 0.005956 0.068897 0.923476 0.000423
3 3 0.006559 0.010196 0.059427 0.921804 0.002015
3 3 0.000005 0.000368 0.029753 0.969642 0.000232
3 3 0.000000 0.000003 0.002300 0.997697 0.000000
3 3 0.000000 0.000000 0.002091 0.997909 0.000000
3 3 0.000000 0.000005 0.002815 0.997180 0.000000
3 3 0.001334 0.002177 0.025153 0.971098 0.000238
3 3 0.000185 0.002548 0.053793 0.942275 0.001199
3 3 0.000949 0.001208 0.016577 0.981177 0.000089
3 3 0.009808 0.005634 0.036242 0.947778 0.000538
3 3 0.000141 0.001506 0.036825 0.961043 0.000485
3 3 0.000371 0.001074 0.031007 0.967426 0.000122
3 3 0.000012 0.000365 0.022604 0.976887 0.000131
3 3 0.005773 0.006462 0.116899 0.870104 0.000762
3 3 0.000200 0.000165 0.005123 0.994508 0.000004
3 3 0.000185 0.000726 0.017688 0.981310 0.000091
3 3 0.000036 0.000334 0.015978 0.983643 0.000010
3 3 0.000151 0.005160 0.121838 0.872692 0.000159
3 3 0.000406 0.014248 0.181978 0.777275 0.026092
3 3 0.007201 0.002079 0.014111 0.976537 0.000072
3 3 0.000019 0.000232 0.022774 0.976938 0.000036
3 3 0.000006 0.000136 0.011922 0.987908 0.000029
3 3 0.087438 0.015583 0.036940 0.859126 0.000912
3 3 0.014165 0.003284 0.020827 0.961578 0.000146
1 2 0.018733 0.555028 0.316871 0.012372 0.096997
2 2 0.008587 0.342043 0.499798 0.042734 0.106837
4 2 0.026747 0.091587 0.424994 0.003149 0.453523
4 2 0.004719 0.043061 0.438580 0.065825 0.447815
2 2 0.000073 0.005347 0.883507 0.076136 0.034938
2 2 0.000325 0.027156 0.843017 0.013514 0.115987
2 2 0.000747 0.054063 0.844527 0.000083 0.100580
2 2 0.000320 0.013894 0.931369 0.039472 0.014945
2 2 0.000000 0.000932 0.989157 0.009617 0.000294
2 2 0.000020 0.001835 0.985645 0.012083 0.000418
2 2 0.000034 0.002986 0.976071 0.006576 0.014333
2 2 0.000052 0.007579 0.975650 0.010447 0.006272
2 2 0.000260 0.004993 0.679825 0.308822 0.006101
2 2 0.000135 0.022146 0.915672 0.011935 0.050112
2 2 0.000051 0.003021 0.972291 0.007046 0.017591
2 2 0.000752 0.010232 0.896771 0.023251 0.068994
2 2 0.000127 0.027533 0.835316 0.000092 0.136932
2 2 0.000111 0.008342 0.964915 0.002677 0.023955
2 2 0.000037 0.007866 0.973425 0.011251 0.007421
2 2 0.000172 0.022516 0.926636 0.001455 0.049221
2 2 0.001491 0.005370 0.972404 0.017988 0.002747
2 2 0.000059 0.002137 0.985961 0.010478 0.001365
2 2 0.000014 0.009361 0.936351 0.048325 0.005948
2 2 0.000008 0.005274 0.797467 0.191521 0.005729
2 2 0.000204 0.034588 0.917091 0.003686 0.044431
2 2 0.000283 0.010270 0.925075 0.000006 0.064366
2 2 0.014612 0.051820 0.823071 0.044310 0.066187
2 2 0.002758 0.059670 0.844712 0.029863 0.062997
2 2 0.000705 0.002545 0.952986 0.040056 0.003709
2 2 0.003038 0.008465 0.893377 0.085683 0.009437
2 2 0.000098 0.002711 0.854441 0.138587 0.004163
2 2 0.000001 0.001230 0.951514 0.045045 0.002210
2 2 0.000083 0.019585 0.962495 0.011881 0.005955
2 2 0.000048 0.007456 0.941026 0.028984 0.022485
2 2 0.000012 0.005966 0.971252 0.019368 0.003402
2 2 0.000185 0.004336 0.938574 0.021203 0.035702
2 2 0.000000 0.000495 0.981037 0.018146 0.000322
2 2 0.000000 0.000386 0.996680 0.002867 0.000066
2 2 0.000003 0.000625 0.996368 0.002181 0.000823
2 2 0.000001 0.000164 0.802306 0.197480 0.000049
2 2 0.000001 0.000285 0.579045 0.419991 0.000678
2 2 0.000017 0.000760 0.862158 0.136799 0.000265
2 2 0.000079 0.004795 0.968478 0.021492 0.005156
2 2 0.000000 0.000137 0.962542 0.037256 0.000065
2 2 0.000155 0.003119 0.884511 0.105346 0.006868
2 2 0.000201 0.003090 0.941848 0.054328 0.000534
2 2 0.000001 0.000480 0.995979 0.003413 0.000127
2 2 0.000000 0.000068 0.994943 0.004979 0.000010
2 2 0.000021 0.004603 0.994330 0.000773 0.000274
2 2 0.000111 0.002815 0.978464 0.017595 0.001015
2 2 0.000071 0.003227 0.967777 0.028558 0.000366
2 2 0.000006 0.000304 0.796592 0.203026 0.000072
2 2 0.000021 0.001909 0.876076 0.121334 0.000659
2 2 0.010677 0.016738 0.862131 0.097426 0.013029
2 2 0.000001 0.000786 0.892589 0.106121 0.000504
2 2 0.000010 0.002180 0.948001 0.048905 0.000902
2 2 0.000000 0.000140 0.935788 0.063932 0.000140
2 2 0.000001 0.000459 0.705528 0.293935 0.000077
2 2 0.000000 0.000055 0.998089 0.001854 0.000001
2 2 0.000004 0.000293 0.995082 0.004618 0.000003
2 2 0.000001 0.000376 0.992044 0.007527 0.000053
2 2 0.000000 0.000472 0.973953 0.025504 0.000071
2 2 0.000000 0.000510 0.953936 0.045469 0.000084
2 2 0.000003 0.001237 0.917554 0.081023 0.000183
2 2 0.000001 0.000812 0.979132 0.019810 0.000246
2 2 0.000010 0.002545 0.969935 0.026332 0.001177
2 2 0.000061 0.001344 0.719864 0.278629 0.000102
2 2 0.047839 0.015899 0.909477 0.024449 0.002336
3 2 0.002534 0.032016 0.266642 0.680014 0.018795
2 2 0.000065 0.014589 0.968343 0.004523 0.012481
2 2 0.000004 0.003254 0.872180 0.124131 0.000431
2 2 0.000152 0.012752 0.920964 0.010477 0.055656
4 4 0.020035 0.090696 0.376823 0.000125 0.512321
4 4 0.003539 0.038812 0.113880 0.000008 0.843760
4 4 0.004684 0.106283 0.148725 0.000114 0.740195
4 4 0.003310 0.257578 0.152326 0.000080 0.586706
4 4 0.015590 0.298814 0.124615 0.000018 0.560963
2 4 0.003724 0.234869 0.580619 0.000233 0.180556
4 4 0.015448 0.403818 0.148772 0.000029 0.431933
4 4 0.006060 0.109511 0.020240 0.000002 0.864187
1 4 0.353164 0.386198 0.094768 0.000053 0.165817
2 4 0.096494 0.075529 0.441606 0.000024 0.386348
0 0 0.573326 0.292505 0.076088 0.000172 0.057909
1 1 0.064237 0.784434 0.067071 0.000002 0.084255
1 1 0.219827 0.611344 0.099417 0.000010 0.069402
1 2 0.379920 0.463993 0.099108 0.000016 0.056963
2 2 0.002616 0.181298 0.485655 0.001405 0.329025
2 2 0.011373 0.155254 0.697096 0.000116 0.136160
2 2 0.000213 0.043454 0.819795 0.000403 0.136134
2 4 0.000204 0.042325 0.849429 0.001526 0.106516
4 4 0.014785 0.061868 0.033602 0.000153 0.889592
4 4 0.040009 0.011722 0.002161 0.000005 0.946102
4 4 0.014084 0.066079 0.018254 0.000019 0.901564
4 4 0.029478 0.019913 0.004372 0.000009 0.946228
4 4 0.238481 0.015725 0.002320 0.000006 0.743469
4 4 0.026921 0.005119 0.000669 0.000000 0.967291
4 4 0.023704 0.003932 0.000461 0.000000 0.971903
4 4 0.020380 0.002878 0.000297 0.000000 0.976445
4 4 0.110600 0.367918 0.049196 0.000069 0.472217
4 4 0.035319 0.200187 0.161937 0.000169 0.602388
4 4 0.008918 0.037397 0.021093 0.000066 0.932527
4 4 0.005909 0.044135 0.021147 0.000024 0.928785
4 4 0.006199 0.100214 0.049559 0.000017 0.844012
4 4 0.010234 0.021878 0.009231 0.000019 0.958638
4 4 0.005323 0.081590 0.087583 0.000474 0.825030
4 4 0.034099 0.111071 0.081819 0.001469 0.771543
4 4 0.324353 0.035335 0.006284 0.000033 0.633994
4 4 0.037074 0.080513 0.006744 0.000001 0.875668
4 4 0.015632 0.001667 0.000138 0.000000 0.982563
4 4 0.009898 0.000781 0.000039 0.000000 0.989282
4 4 0.136817 0.037999 0.006639 0.000022 0.818524
4 4 0.111574 0.083797 0.013134 0.000027 0.791468
4 4 0.199740 0.055980 0.029226 0.000829 0.714225
4 4 0.093295 0.404650 0.049375 0.000016 0.452663
4 4 0.007126 0.083514 0.038828 0.000051 0.870481
4 4 0.032998 0.141234 0.064150 0.000218 0.761400
4 4 0.018401 0.036601 0.080178 0.001509 0.863310
4 4 0.181476 0.043365 0.011605 0.000176 0.763377
4 4 0.428176 0.007747 0.000734 0.000001 0.563342
4 4 0.013374 0.002238 0.000076 0.000000 0.984312
4 4 0.087280 0.090670 0.020616 0.000022 0.801413
4 4 0.048395 0.020857 0.002623 0.000001 0.928124
4 4 0.040506 0.121059 0.017174 0.000017 0.821244
4 4 0.012747 0.072371 0.051273 0.000412 0.863196
0 4 0.511847 0.045549 0.011323 0.000245 0.431036
4 4 0.034332 0.022199 0.001847 0.000000 0.941621
4 4 0.145695 0.042817 0.008249 0.000038 0.803201
0 4 0.682089 0.016713 0.003741 0.000005 0.297452
4 4 0.242145 0.094011 0.163345 0.000037 0.500462
4 4 0.022967 0.071424 0.067487 0.000026 0.838096
4 4 0.037603 0.032192 0.033314 0.000675 0.896216
4 4 0.007121 0.055810 0.076043 0.000955 0.860071
4 4 0.005725 0.029824 0.038055 0.000464 0.925932
4 4 0.058330 0.122810 0.141436 0.000417 0.677007
4 4 0.039361 0.132566 0.091537 0.000525 0.736011
4 4 0.001471 0.062810 0.457513 0.006798 0.471408
4 4 0.002622 0.171294 0.185174 0.000054 0.640856
4 4 0.005006 0.083044 0.086591 0.000071 0.825288
4 4 0.001832 0.056243 0.301675 0.000511 0.639740
4 4 0.004436 0.073268 0.279290 0.001676 0.641331
4 4 0.005612 0.078487 0.092093 0.000861 0.822947
4 4 0.018226 0.079897 0.153192 0.000922 0.747763
4 4 0.011458 0.040704 0.027785 0.000199 0.919855
4 4 0.001134 0.034138 0.040651 0.000038 0.924039
4 4 0.003377 0.121032 0.391740 0.000578 0.483273
4 4 0.003270 0.149957 0.393610 0.000270 0.452893
4 4 0.009903 0.079592 0.447887 0.002689 0.459928
4 4 0.005051 0.119360 0.241651 0.000147 0.633791
4 4 0.012166 0.243225 0.185655 0.001340 0.557613
4 4 0.002241 0.237174 0.371049 0.000323 0.389214
4 4 0.026223 0.025347 0.007808 0.000030 0.940591
4 4 0.024366 0.004163 0.000500 0.000000 0.970971
4 4 0.005187 0.126914 0.052682 0.000033 0.815184
4 4 0.008530 0.049025 0.087710 0.000083 0.854652
4 4 0.045056 0.145038 0.023197 0.000036 0.786674
4 4 0.044523 0.236463 0.067382 0.000483 0.651150
4 4 0.009312 0.247455 0.149687 0.000108 0.593438
4 4 0.004286 0.048171 0.410286 0.000830 0.536427
2 4 0.004318 0.072674 0.531553 0.001091 0.390364
2 2 0.007322 0.158806 0.465997 0.000054 0.367822
4 2 0.002833 0.093887 0.417585 0.001240 0.484455
2 2 0.000214 0.026120 0.804502 0.001274 0.167890
2 2 0.017086 0.046450 0.555139 0.000001 0.381325
2 2 0.007402 0.162001 0.660703 0.000003 0.169891
2 2 0.000560 0.032515 0.828862 0.000166 0.137897
2 2 0.000262 0.007705 0.972367 0.000277 0.019390
2 2 0.000959 0.004833 0.988606 0.000381 0.005221
2 2 0.000681 0.005874 0.984413 0.000528 0.008505
2 2 0.000030 0.001433 0.990310 0.000489 0.007738
2 2 0.000026 0.001495 0.973297 0.000730 0.024450
2 2 0.000506 0.003466 0.988898 0.000130 0.007000
2 2 0.000504 0.013489 0.973434 0.000316 0.012257
2 2 0.000152 0.008040 0.986311 0.000593 0.004904
2 2 0.000050 0.001489 0.996464 0.001011 0.000986
2 2 0.000060 0.007279 0.960213 0.000060 0.032389
2 2 0.001174 0.015043 0.973740 0.000013 0.010029
2 2 0.001162 0.010603 0.967472 0.000309 0.020454
2 2 0.000012 0.004211 0.989908 0.000029 0.005840
2 2 0.000008 0.001466 0.994075 0.000043 0.004408
2 2 0.000005 0.001922 0.989447 0.006584 0.002042
2 2 0.000008 0.001126 0.996601 0.001596 0.000669
2 2 0.000339 0.007095 0.978151 0.002050 0.012365
2 2 0.000110 0.002724 0.966368 0.000134 0.030665
2 2 0.000602 0.006857 0.951079 0.000160 0.041302
2 2 0.000014 0.006704 0.974075 0.000397 0.018810
2 2 0.000001 0.000682 0.996316 0.000130 0.002872
2 2 0.000004 0.000944 0.991466 0.006743 0.000842
2 2 0.002133 0.004758 0.972617 0.014198 0.006294
2 2 0.000017 0.004078 0.984443 0.001062 0.010400
2 2 0.000217 0.006644 0.991066 0.000241 0.001832
2 2 0.000014 0.003114 0.986468 0.007471 0.002933
2 2 0.000003 0.001098 0.996318 0.000683 0.001898
2 2 0.054378 0.128084 0.732225 0.003529 0.081784
2 2 0.004905 0.291955 0.605441 0.000010 0.097688
2 2 0.000019 0.004263 0.970186 0.014017 0.011514
2 2 0.000008 0.002209 0.992115 0.001994 0.003674
2 2 0.000017 0.001706 0.996988 0.000163 0.001125
2 2 0.000047 0.005390 0.986757 0.000023 0.007782
2 2 0.000015 0.005541 0.982068 0.000106 0.012269
2 2 0.000031 0.004900 0.982933 0.000029 0.012108
2 2 0.000003 0.002157 0.994785 0.000570 0.002485
2 2 0.000030 0.001970 0.994325 0.003596 0.000078
2 2 0.000114 0.004253 0.992289 0.000277 0.003067
2 2 0.000009 0.005521 0.988712 0.000033 0.005725
2 2 0.000039 0.002930 0.986474 0.000355 0.010202
2 2 0.000093 0.018090 0.959932 0.002419 0.019466
2 2 0.000025 0.001988 0.974897 0.018291 0.004800
2 2 0.000001 0.001067 0.995855 0.002446 0.000631
2 2 0.000026 0.006015 0.991512 0.000330 0.002117
2 2 0.000005 0.002872 0.994374 0.000989 0.001760
2 2 0.000004 0.002003 0.995777 0.000791 0.001426
2 2 0.000000 0.000609 0.998571 0.000245 0.000575
2 2 0.000041 0.001910 0.992572 0.003982 0.001495
2 2 0.007959 0.026537 0.953380 0.004772 0.007352
2 2 0.000036 0.005263 0.758725 0.231785 0.004191
2 2 0.000026 0.009092 0.973745 0.013319 0.003818
2 2 0.000008 0.001081 0.945397 0.044422 0.009092
2 2 0.002563 0.017692 0.944288 0.031926 0.003530
2 2 0.000004 0.000245 0.561887 0.437812 0.000052
2 2 0.000229 0.003649 0.885894 0.106148 0.004080
2 2 0.000019 0.008587 0.806253 0.179810 0.005331
3 2 0.000008 0.000838 0.311754 0.686488 0.000912
2 2 0.000058 0.005250 0.690377 0.292877 0.011438
2 3 0.000154 0.007302 0.828546 0.160565 0.003433
3 3 0.000001 0.000221 0.099722 0.899869 0.000187
2 3 0.001635 0.010388 0.557120 0.418842 0.012015
2 3 0.000477 0.010561 0.843142 0.085772 0.060048
2 3 0.000081 0.009559 0.676737 0.161388 0.152236
3 3 0.000237 0.002912 0.119439 0.876171 0.001241
2 3 0.010922 0.018064 0.530113 0.433453 0.007448
2 3 0.006398 0.044599 0.516231 0.344341 0.088431
3 3 0.000126 0.003701 0.257332 0.734682 0.004159
2 3 0.001908 0.031670 0.486884 0.392024 0.087514
3 3 0.000018 0.002875 0.349026 0.640077 0.008003
3 3 0.000061 0.003176 0.344327 0.651843 0.000593
2 3 0.000281 0.008337 0.570545 0.418302 0.002535
2 3 0.003635 0.034294 0.544208 0.348400 0.069463
3 3 0.000497 0.028452 0.316778 0.639189 0.015084
3 3 0.000012 0.000849 0.139660 0.858989 0.000490
2 3 0.001932 0.015189 0.635837 0.330523 0.016519
3 3 0.000027 0.001555 0.065477 0.932207 0.000734
3 3 0.000003 0.000198 0.062243 0.937517 0.000039
3 3 0.000020 0.000320 0.431486 0.568144 0.000030
3 3 0.000005 0.000314 0.095639 0.903951 0.000091
3 3 0.000703 0.012359 0.311077 0.668020 0.007841
2 3 0.001550 0.016140 0.865074 0.106310 0.010926
3 3 0.000012 0.002579 0.135961 0.854096 0.007352
3 3 0.000089 0.009718 0.393437 0.542603 0.054154
3 3 0.000005 0.000998 0.318820 0.679500 0.000677
2 3 0.000143 0.002529 0.763805 0.231479 0.002044
3 3 0.000374 0.005989 0.197241 0.789899 0.006496
3 2 0.000446 0.011071 0.181733 0.787798 0.018952
2 2 0.000007 0.000598 0.843836 0.155544 0.000014
3 2 0.000003 0.000485 0.329727 0.669433 0.000352
2 2 0.001724 0.027181 0.950862 0.003321 0.016913
2 2 0.000945 0.010115 0.971227 0.009096 0.008616
2 2 0.000000 0.000230 0.927232 0.072283 0.000255
2 2 0.000023 0.005100 0.947689 0.041730 0.005458
2 2 0.000008 0.004602 0.969459 0.014890 0.011041
2 2 0.000195 0.009421 0.807987 0.005198 0.177199
4 1 0.014977 0.257454 0.011221 0.000000 0.716348
4 2 0.049718 0.339122 0.147962 0.000000 0.463197
2 2 0.000470 0.034484 0.859643 0.004057 0.101346
2 2 0.000090 0.016756 0.912508 0.000499 0.070147
2 4 0.001896 0.102497 0.525950 0.000347 0.369310
2 4 0.000647 0.067135 0.843361 0.000932 0.087924
4 4 0.008503 0.210737 0.116249 0.000157 0.664354
4 4 0.005440 0.415605 0.124542 0.000065 0.454349
4 4 0.019953 0.130520 0.064520 0.000471 0.784535
2 4 0.020166 0.128609 0.556912 0.001510 0.292803
4 4 0.004131 0.025952 0.061017 0.000556 0.908343
4 4 0.004477 0.036188 0.218464 0.000024 0.740847
4 4 0.006147 0.031520 0.017619 0.000003 0.944712
0 4 0.630717 0.072847 0.010651 0.000009 0.285775
1 4 0.029600 0.471607 0.174082 0.000671 0.324039
4 4 0.013117 0.047053 0.439508 0.000445 0.499876
4 4 0.023218 0.115075 0.244043 0.000057 0.617608
4 4 0.012778 0.080105 0.134295 0.000207 0.772615
1 4 0.102037 0.414298 0.129392 0.000892 0.353381
4 4 0.011327 0.220556 0.245337 0.000173 0.522607
4 4 0.004968 0.102388 0.345266 0.000240 0.547138
4 4 0.087820 0.248806 0.134823 0.000468 0.528083
4 4 0.037530 0.119566 0.096375 0.001302 0.745227
4 4 0.014838 0.059285 0.018878 0.000013 0.906986
0 4 0.449934 0.166410 0.029437 0.000202 0.354017
4 4 0.169934 0.241495 0.104667 0.002317 0.481587
4 4 0.114228 0.181793 0.303833 0.000074 0.400072
1 4 0.010331 0.540451 0.140840 0.000009 0.308369
4 4 0.033357 0.197947 0.022480 0.000010 0.746206
1 4 0.029476 0.462714 0.065735 0.000038 0.442036
1 4 0.259132 0.469046 0.051712 0.000019 0.220092
4 4 0.018502 0.062159 0.016145 0.000007 0.903187
0 4 0.447274 0.277336 0.059983 0.000004 0.215403
0 4 0.427521 0.300920 0.036869 0.000083 0.234606
2 1 0.021261 0.138893 0.503189 0.000243 0.336414
4 2 0.012174 0.140045 0.276035 0.000134 0.571611
4 4 0.007604 0.058046 0.091256 0.000368 0.842726
4 4 0.010722 0.106322 0.110207 0.001095 0.771653
4 4 0.058245 0.042291 0.018240 0.000392 0.880832
0 4 0.430521 0.133126 0.159340 0.076410 0.200602
4 4 0.051714 0.122604 0.277872 0.000086 0.547723
2 4 0.013364 0.204568 0.519833 0.000008 0.262226
4 4 0.004825 0.106204 0.099124 0.000426 0.789421
4 4 0.075648 0.047198 0.015888 0.000354 0.860912
4 4 0.260482 0.038282 0.012209 0.000157 0.688870
4 4 0.228534 0.005800 0.000670 0.000000 0.764997
4 4 0.091313 0.105770 0.023514 0.000013 0.779390
0 4 0.625502 0.017730 0.003670 0.000011 0.353088
0 4 0.613061 0.307487 0.023566 0.000005 0.055880
4 4 0.073049 0.220893 0.014121 0.000001 0.691936
4 4 0.004693 0.030618 0.079809 0.004295 0.880585
4 4 0.002846 0.026955 0.120184 0.005683 0.844332
4 4 0.204048 0.084415 0.032224 0.001707 0.677605
0 4 0.590230 0.068724 0.020469 0.000936 0.319641
4 4 0.030750 0.004481 0.000771 0.000000 0.963998
4 4 0.020648 0.002957 0.000308 0.000000 0.976087
4 4 0.025754 0.001575 0.000305 0.000000 0.972367
4 4 0.063877 0.032156 0.009124 0.000108 0.894736
4 4 0.102871 0.006052 0.000633 0.000000 0.890444
4 4 0.055058 0.002179 0.000153 0.000000 0.942611
4 4 0.185281 0.067880 0.013944 0.000089 0.732806
4 4 0.078660 0.051734 0.007975 0.000013 0.861617
2 4 0.010517 0.073769 0.790265 0.000329 0.125120
4 4 0.022984 0.060476 0.233356 0.001127 0.682057
0 4 0.568630 0.023570 0.004107 0.000030 0.403663
0 4 0.810721 0.023652 0.004930 0.000097 0.160600
4 4 0.030975 0.006853 0.001010 0.000001 0.961161
4 4 0.129219 0.019140 0.006261 0.000009 0.845372
4 4 0.321922 0.051306 0.018217 0.000242 0.608313
0 4 0.551797 0.118782 0.027995 0.000577 0.300849
4 4 0.110496 0.015173 0.002545 0.000007 0.871779
4 4 0.086887 0.018946 0.003772 0.000016 0.890380
4 4 0.177373 0.006353 0.000610 0.000000 0.815665
4 4 0.017966 0.001236 0.000084 0.000000 0.980714
4 4 0.058786 0.079482 0.018436 0.000108 0.843188
4 4 0.104087 0.047413 0.012367 0.000116 0.836018
4 4 0.002467 0.164964 0.144744 0.000018 0.687807
4 4 0.218361 0.303224 0.038652 0.000022 0.439740
4 4 0.013082 0.136250 0.121845 0.000495 0.728329
4 4 0.018425 0.156268 0.114201 0.000089 0.711017
4 4 0.120393 0.175133 0.147595 0.004486 0.552394
4 4 0.168991 0.035100 0.007648 0.000057 0.788204
2 4 0.006253 0.234002 0.390284 0.000059 0.369403
2 1 0.005366 0.298786 0.588869 0.000009 0.106971
4 1 0.031479 0.121642 0.078721 0.000070 0.768089
4 4 0.016512 0.050763 0.022346 0.000093 0.910287
4 4 0.009135 0.272629 0.212335 0.000920 0.504982
4 4 0.002264 0.176780 0.336252 0.000250 0.484454
4 4 0.005229 0.041889 0.051883 0.000501 0.900499
4 4 0.008285 0.023652 0.030194 0.000482 0.937388
