0 0 0.999614 0.000359 0.000023 0.000000 0.000003
0 0 0.955349 0.012022 0.030501 0.000502 0.001626
0 0 0.912805 0.037339 0.045138 0.003831 0.000887
1 0 0.362393 0.463115 0.171860 0.000713 0.001919
0 0 0.962472 0.028735 0.008327 0.000003 0.000463
0 0 0.869425 0.076026 0.054251 0.000159 0.000139
0 0 0.990901 0.005427 0.003655 0.000007 0.000010
0 0 0.983810 0.004388 0.009884 0.001892 0.000027
0 0 0.953389 0.012192 0.032220 0.002099 0.000100
0 0 0.955602 0.026030 0.017614 0.000067 0.000687
2 0 0.113412 0.082043 0.795819 0.008399 0.000327
2 0 0.320923 0.216726 0.455370 0.006310 0.000672
0 0 0.844745 0.039834 0.111825 0.000912 0.002684
0 0 0.885586 0.078341 0.035626 0.000207 0.000239
0 0 0.999045 0.000531 0.000423 0.000000 0.000001
0 0 0.934456 0.054947 0.010445 0.000001 0.000152
0 0 0.559732 0.144291 0.132351 0.000872 0.162753
4 0 0.196477 0.197797 0.232826 0.000818 0.372082
2 0 0.113754 0.082516 0.729172 0.001646 0.072913
0 0 0.863374 0.007656 0.127471 0.001101 0.000399
0 0 0.904993 0.050042 0.040001 0.000125 0.004838
0 0 0.730285 0.161855 0.056783 0.000244 0.050832
1 0 0.337514 0.345094 0.180313 0.000109 0.136970
2 0 0.092751 0.374588 0.522800 0.000329 0.009532
0 0 0.968694 0.015711 0.010329 0.000032 0.005235
0 1 0.643465 0.096596 0.203361 0.003502 0.053076
2 1 0.107412 0.196960 0.455018 0.014863 0.225747
2 1 0.090829 0.161358 0.599067 0.025880 0.122865
3 1 0.003192 0.042644 0.392187 0.556068 0.005909
2 1 0.009964 0.087781 0.482980 0.404401 0.014874
2 2 0.006755 0.048339 0.883905 0.059291 0.001709
2 2 0.018332 0.079515 0.728569 0.164787 0.008798
3 2 0.017600 0.078644 0.371836 0.396147 0.135773
2 2 0.003008 0.019065 0.492728 0.460056 0.025143
2 2 0.001519 0.045715 0.947756 0.002715 0.002294
2 2 0.000399 0.023139 0.975652 0.000491 0.000319
3 2 0.004402 0.009804 0.456573 0.528754 0.000466
2 2 0.096594 0.207758 0.566802 0.035295 0.093551
3 2 0.049878 0.044685 0.397772 0.464830 0.042836
2 2 0.050503 0.066296 0.658015 0.177179 0.048007
3 2 0.059998 0.022927 0.436549 0.476665 0.003861
2 2 0.041282 0.074150 0.641798 0.233598 0.009173
3 2 0.018034 0.037399 0.455891 0.471824 0.016852
2 2 0.032415 0.072095 0.712949 0.149162 0.033379
2 2 0.003709 0.010624 0.532602 0.451348 0.001716
3 2 0.000349 0.000700 0.076362 0.922036 0.000552
2 2 0.000020 0.000992 0.559310 0.439471 0.000207
3 2 0.000034 0.000747 0.263941 0.735084 0.000194
2 2 0.001486 0.009074 0.603371 0.383728 0.002342
3 2 0.002407 0.003191 0.495914 0.498108 0.000381
3 2 0.000493 0.000988 0.031792 0.965354 0.001374
3 2 0.000596 0.001859 0.080234 0.911753 0.005558
3 3 0.000093 0.000888 0.105909 0.892893 0.000216
3 3 0.000030 0.000150 0.042229 0.957518 0.000074
3 3 0.001015 0.001045 0.043668 0.951407 0.002866
3 3 0.000010 0.000212 0.070443 0.929235 0.000101
3 3 0.000003 0.000026 0.014225 0.985732 0.000014
3 3 0.000128 0.001350 0.205474 0.792855 0.000193
3 3 0.000010 0.000023 0.007684 0.992267 0.000016
3 3 0.000037 0.000455 0.094212 0.905142 0.000154
3 3 0.000014 0.000620 0.101725 0.897368 0.000273
3 3 0.000006 0.000201 0.116164 0.883583 0.000046
3 3 0.000178 0.000305 0.027006 0.972092 0.000419
3 3 0.000027 0.000202 0.017548 0.982031 0.000193
3 3 0.000001 0.000000 0.002690 0.997309 0.000000
3 3 0.000011 0.000024 0.006961 0.992990 0.000013
3 3 0.000001 0.000006 0.003267 0.996721 0.000005
3 3 0.000017 0.000066 0.008911 0.990942 0.000064
3 3 0.000005 0.000052 0.010516 0.989378 0.000050
3 3 0.000002 0.000017 0.011670 0.988301 0.000010
3 3 0.000009 0.000034 0.010578 0.989361 0.000017
3 3 0.000003 0.000008 0.008383 0.991593 0.000012
3 3 0.000010 0.000051 0.012750 0.987169 0.000020
3 3 0.000100 0.000158 0.010356 0.989234 0.000152
3 3 0.000007 0.000070 0.029474 0.970410 0.000039
3 3 0.000010 0.000157 0.041506 0.958241 0.000085
3 3 0.000008 0.000042 0.010701 0.989210 0.000040
3 3 0.000001 0.000026 0.085814 0.914155 0.000005
3 3 0.000003 0.000054 0.012689 0.987202 0.000052
3 3 0.000016 0.000080 0.010295 0.989531 0.000077
3 3 0.000050 0.000046 0.006641 0.993207 0.000057
3 3 0.000000 0.000003 0.002535 0.997460 0.000003
3 3 0.000692 0.001853 0.098743 0.894617 0.004096
3 3 0.000027 0.000046 0.006521 0.993357 0.000049
3 3 0.000021 0.000119 0.012714 0.987032 0.000114
3 3 0.000116 0.000239 0.013541 0.985873 0.000230
3 3 0.000155 0.000592 0.037548 0.960697 0.001008
3 3 0.000016 0.000058 0.009148 0.990734 0.000044
3 3 0.000004 0.000042 0.011328 0.988586 0.000040
3 3 0.000038 0.000183 0.057027 0.942695 0.000058
3 3 0.000088 0.000464 0.033025 0.965652 0.000770
3 3 0.000041 0.000128 0.014038 0.985622 0.000170
3 3 0.000000 0.000006 0.017081 0.982908 0.000005
3 3 0.000003 0.000006 0.004644 0.995344 0.000004
3 3 0.000005 0.000038 0.009583 0.990338 0.000036
3 3 0.000014 0.000156 0.043427 0.956332 0.000072
3 3 0.000214 0.000461 0.058586 0.940685 0.000055
3 3 0.000504 0.000753 0.055984 0.942424 0.000334
3 3 0.000015 0.000145 0.111557 0.888256 0.000027
3 3 0.000026 0.000068 0.027634 0.972253 0.000019
3 3 0.000059 0.000305 0.022504 0.976844 0.000287
3 3 0.001046 0.001961 0.063410 0.929851 0.003732
3 3 0.000000 0.000001 0.001282 0.998716 0.000001
3 3 0.000004 0.000037 0.024989 0.974937 0.000033
3 3 0.000000 0.000000 0.001427 0.998572 0.000000
3 3 0.000000 0.000006 0.005312 0.994676 0.000006
3 3 0.000005 0.000052 0.106763 0.893157 0.000023
3 3 0.001769 0.000857 0.038010 0.956479 0.002885
3 3 0.000001 0.000004 0.003132 0.996860 0.000004
3 3 0.000005 0.000106 0.029762 0.970066 0.000061
3 3 0.000002 0.000019 0.006739 0.993222 0.000018
3 3 0.000001 0.000002 0.001930 0.998066 0.000002
3 3 0.000250 0.001252 0.167406 0.828874 0.002218
3 3 0.000012 0.000202 0.036600 0.962910 0.000276
3 3 0.000973 0.002327 0.063477 0.928354 0.004869
3 3 0.000038 0.000334 0.025837 0.973395 0.000396
3 3 0.000000 0.000002 0.007664 0.992332 0.000002
3 3 0.000008 0.000043 0.009341 0.990556 0.000052
3 3 0.000051 0.000142 0.014035 0.985589 0.000183
3 3 0.000003 0.000013 0.004790 0.995181 0.000014
3 3 0.000016 0.000010 0.006979 0.992957 0.000038
3 3 0.000390 0.000415 0.025682 0.972580 0.000932
3 3 0.001537 0.002007 0.040412 0.953076 0.002968
3 3 0.000302 0.000511 0.043573 0.954787 0.000828
3 3 0.000001 0.000006 0.005392 0.994596 0.000006
3 3 0.000108 0.000397 0.024549 0.974406 0.000540
2 3 0.000118 0.002999 0.870102 0.126699 0.000082
2 2 0.037854 0.146413 0.784715 0.027793 0.003224
2 2 0.001324 0.026659 0.947910 0.023571 0.000536
2 2 0.008110 0.053165 0.586472 0.350244 0.002009
2 2 0.002692 0.037053 0.797651 0.161713 0.000891
2 2 0.000811 0.015326 0.711820 0.270823 0.001220
2 2 0.008320 0.021580 0.941407 0.027142 0.001551
2 2 0.007175 0.092065 0.848697 0.050471 0.001593
2 2 0.024094 0.038276 0.759762 0.177251 0.000617
2 2 0.001790 0.026682 0.953345 0.017927 0.000256
2 2 0.009465 0.020598 0.885296 0.084495 0.000145
2 2 0.002758 0.015164 0.831749 0.150240 0.000089
2 2 0.008839 0.031098 0.946153 0.013741 0.000169
2 2 0.190762 0.232330 0.564772 0.003267 0.008869
2 2 0.000046 0.001217 0.693866 0.304851 0.000019
2 2 0.000870 0.004395 0.764047 0.230628 0.000059
2 2 0.000074 0.001860 0.755103 0.242951 0.000013
2 2 0.000369 0.002482 0.818871 0.178200 0.000078
2 1 0.000023 0.000427 0.702286 0.297255 0.000009
2 1 0.000526 0.030797 0.950611 0.017750 0.000315
2 2 0.000727 0.032942 0.953086 0.011556 0.001689
2 2 0.002195 0.023302 0.953711 0.019960 0.000832
2 2 0.000253 0.003085 0.847496 0.148005 0.001161
2 2 0.000135 0.005380 0.599186 0.394812 0.000486
2 2 0.001192 0.003616 0.577148 0.417817 0.000226
2 2 0.001691 0.011881 0.912846 0.072712 0.000871
2 2 0.000510 0.012778 0.938888 0.047020 0.000804
2 2 0.000168 0.004419 0.813898 0.180896 0.000618
2 2 0.000880 0.029176 0.960384 0.008419 0.001141
2 2 0.007367 0.068893 0.884975 0.035355 0.003410
2 2 0.000031 0.005425 0.992238 0.002183 0.000123
2 2 0.000161 0.005631 0.993057 0.000844 0.000307
2 2 0.002542 0.061955 0.720353 0.148161 0.066988
3 2 0.000392 0.003938 0.433347 0.560347 0.001977
2 2 0.001345 0.009100 0.978694 0.010541 0.000320
2 2 0.014418 0.051884 0.913201 0.018355 0.002141
2 2 0.001645 0.019995 0.946764 0.026694 0.004901
2 2 0.000821 0.005284 0.893880 0.099978 0.000037
2 2 0.001825 0.042575 0.942615 0.010538 0.002447
2 2 0.000452 0.045412 0.933329 0.014095 0.006712
2 2 0.008909 0.092325 0.888784 0.000638 0.009343
2 2 0.009917 0.033814 0.529644 0.411598 0.015026
2 2 0.002711 0.131204 0.841978 0.001700 0.022407
2 2 0.002102 0.045318 0.932875 0.004640 0.015064
2 2 0.010308 0.066307 0.726017 0.189998 0.007370
2 2 0.012609 0.151826 0.810076 0.003394 0.022095
2 2 0.000170 0.009161 0.935528 0.054916 0.000225
2 2 0.001086 0.075882 0.912237 0.007370 0.003424
2 2 0.001517 0.039527 0.949701 0.007150 0.002105
2 2 0.001234 0.048156 0.947738 0.002158 0.000714
2 2 0.000142 0.003882 0.585616 0.409863 0.000498
2 2 0.000310 0.005412 0.939375 0.054713 0.000190
2 2 0.000006 0.001281 0.887816 0.110820 0.000077
2 2 0.000006 0.002640 0.984406 0.012903 0.000046
2 2 0.000151 0.010559 0.957500 0.031561 0.000228
2 1 0.000243 0.023577 0.964284 0.011668 0.000228
2 0 0.179637 0.339343 0.446978 0.024368 0.009673
2 0 0.072140 0.267719 0.600500 0.053289 0.006352
2 1 0.015025 0.290442 0.692702 0.000772 0.001060
2 2 0.027261 0.421913 0.545718 0.002110 0.002998
2 2 0.000188 0.025868 0.940910 0.032671 0.000363
2 2 0.002043 0.101721 0.866901 0.027546 0.001789
2 2 0.000417 0.018968 0.980064 0.000545 0.000005
2 2 0.000657 0.045618 0.953123 0.000526 0.000077
2 2 0.005008 0.096011 0.881998 0.016558 0.000425
2 2 0.014776 0.129740 0.836105 0.018716 0.000663
2 2 0.001523 0.098865 0.898141 0.001063 0.000408
2 2 0.002183 0.074011 0.900568 0.022932 0.000305
2 2 0.008237 0.250253 0.735732 0.003085 0.002694
2 2 0.009009 0.296081 0.692718 0.000841 0.001351
2 2 0.005078 0.086329 0.872118 0.035923 0.000552
2 2 0.026690 0.361564 0.577954 0.021427 0.012365
2 2 0.000669 0.024697 0.955736 0.018704 0.000194
2 2 0.006003 0.109511 0.883840 0.000412 0.000234
3 2 0.000988 0.003962 0.238413 0.756545 0.000092
2 2 0.005785 0.032861 0.624223 0.336529 0.000602
2 0 0.031667 0.223738 0.725240 0.012139 0.007216
2 1 0.060839 0.360829 0.566869 0.001063 0.010400
2 1 0.000643 0.065682 0.927878 0.005358 0.000439
2 2 0.000520 0.048126 0.948699 0.002567 0.000088
2 2 0.034627 0.109686 0.837576 0.016317 0.001793
0 0 0.903014 0.070882 0.024247 0.000034 0.001823
0 0 0.920785 0.029358 0.044127 0.005126 0.000604
0 0 0.883750 0.060944 0.054831 0.000071 0.000403
2 0 0.122443 0.377618 0.424533 0.058092 0.017314
1 1 0.038813 0.545397 0.390664 0.001220 0.023906
2 1 0.011893 0.216833 0.714445 0.051990 0.004839
2 1 0.007038 0.050621 0.724757 0.216126 0.001459
2 1 0.017924 0.167236 0.787662 0.023203 0.003975
2 2 0.019919 0.075771 0.842883 0.050795 0.010633
2 2 0.003381 0.006866 0.909194 0.080543 0.000016
2 2 0.000245 0.002144 0.934253 0.063354 0.000005
2 2 0.000002 0.000036 0.942678 0.057284 0.000000
2 2 0.000024 0.000166 0.697444 0.302365 0.000001
2 2 0.000221 0.001093 0.717246 0.281432 0.000008
2 2 0.000005 0.000062 0.975277 0.024657 0.000000
2 2 0.000019 0.000561 0.992521 0.006898 0.000001
2 2 0.004813 0.004694 0.907022 0.083417 0.000053
2 2 0.000182 0.002812 0.983476 0.013526 0.000004
2 2 0.000450 0.002216 0.992099 0.005234 0.000002
3 2 0.000248 0.000416 0.330185 0.669149 0.000003
2 2 0.000041 0.001275 0.987350 0.011332 0.000003
2 2 0.000012 0.000037 0.988471 0.011481 0.000000
2 2 0.000997 0.001247 0.690192 0.307563 0.000002
2 2 0.000045 0.000045 0.532077 0.467833 0.000000
2 2 0.000048 0.000312 0.873098 0.126542 0.000000
3 2 0.000072 0.000182 0.443542 0.556203 0.000001
2 2 0.000060 0.001384 0.980752 0.017802 0.000002
2 2 0.000416 0.000678 0.549246 0.449657 0.000003
3 2 0.000103 0.000018 0.021950 0.977929 0.000000
3 2 0.000000 0.000003 0.034276 0.965720 0.000000
3 2 0.000089 0.000341 0.313493 0.686075 0.000003
3 2 0.000167 0.000162 0.051419 0.948249 0.000003
3 2 0.000105 0.000309 0.164358 0.835225 0.000004
2 2 0.000014 0.000497 0.708967 0.290517 0.000006
3 2 0.001324 0.000363 0.145541 0.852766 0.000006
3 2 0.000173 0.000264 0.374351 0.625212 0.000001
3 2 0.004038 0.005299 0.481893 0.508655 0.000115
3 2 0.000121 0.000347 0.472799 0.526730 0.000004
2 2 0.000104 0.001278 0.950062 0.048548 0.000008
2 2 0.000088 0.001618 0.651407 0.346828 0.000058
2 2 0.001915 0.001043 0.811474 0.185528 0.000040
2 2 0.000625 0.018656 0.945085 0.035257 0.000376
2 2 0.000149 0.001510 0.628688 0.369629 0.000024
2 2 0.031189 0.018610 0.752613 0.191759 0.005829
3 2 0.006677 0.017187 0.279878 0.691685 0.004573
3 2 0.000200 0.000308 0.158558 0.840930 0.000003
2 2 0.000020 0.000133 0.518908 0.480938 0.000001
2 2 0.000038 0.000483 0.929643 0.069822 0.000015
2 2 0.000007 0.000479 0.847481 0.152024 0.000009
2 2 0.000029 0.000525 0.879798 0.119646 0.000003
2 2 0.000073 0.000456 0.521904 0.477564 0.000003
2 2 0.000083 0.000936 0.701870 0.297086 0.000025
3 2 0.000357 0.001109 0.417095 0.581392 0.000048
2 2 0.000101 0.001146 0.911883 0.086858 0.000012
2 2 0.000397 0.004941 0.959033 0.035607 0.000021
3 2 0.000048 0.000248 0.171682 0.827990 0.000031
3 2 0.000010 0.000021 0.049417 0.950552 0.000001
3 2 0.000003 0.000129 0.441188 0.558678 0.000001
3 2 0.000002 0.000043 0.228058 0.771896 0.000001
3 2 0.000001 0.000004 0.003907 0.996085 0.000003
3 2 0.002302 0.001426 0.077082 0.919123 0.000068
3 2 0.004289 0.003420 0.207309 0.784640 0.000341
3 2 0.003719 0.001249 0.231502 0.763465 0.000064
3 2 0.000004 0.000004 0.010390 0.989602 0.000000
3 2 0.000059 0.000029 0.031552 0.968359 0.000001
3 2 0.000560 0.004277 0.460128 0.534552 0.000483
3 3 0.002894 0.006033 0.431245 0.558478 0.001350
3 3 0.000072 0.000209 0.335545 0.664168 0.000006
3 3 0.000075 0.000308 0.438545 0.561067 0.000005
3 3 0.000553 0.000653 0.091019 0.907709 0.000066
3 3 0.004915 0.001968 0.102784 0.889722 0.000611
3 3 0.000092 0.000415 0.131605 0.867753 0.000134
3 3 0.000136 0.000427 0.180122 0.819280 0.000036
3 3 0.001089 0.001493 0.418837 0.578259 0.000323
3 3 0.000328 0.000707 0.134795 0.863030 0.001140
3 3 0.000039 0.000032 0.006806 0.993110 0.000012
3 3 0.000306 0.000077 0.021292 0.978283 0.000041
3 3 0.000002 0.000011 0.014652 0.985333 0.000002
2 3 0.000022 0.000265 0.598128 0.401575 0.000009
3 3 0.000940 0.000733 0.078273 0.919746 0.000308
3 3 0.000615 0.000231 0.020737 0.978350 0.000068
3 3 0.000049 0.000023 0.008014 0.991909 0.000005
3 3 0.000187 0.000078 0.025351 0.974276 0.000108
3 3 0.000369 0.000296 0.013451 0.985602 0.000282
3 3 0.000059 0.000032 0.004658 0.995229 0.000022
3 3 0.000107 0.000246 0.015360 0.984101 0.000187
3 3 0.000213 0.000431 0.021664 0.977331 0.000362
3 3 0.000023 0.000037 0.010322 0.989598 0.000020
3 3 0.000033 0.000033 0.008493 0.991424 0.000018
3 3 0.000026 0.000012 0.003255 0.996690 0.000018
3 3 0.000239 0.000458 0.025005 0.974080 0.000218
3 3 0.000403 0.001428 0.201181 0.796052 0.000937
3 3 0.000032 0.000089 0.028034 0.971817 0.000028
3 3 0.000230 0.000077 0.007808 0.991746 0.000140
3 3 0.000031 0.000064 0.007445 0.992399 0.000062
3 3 0.000037 0.000161 0.053349 0.946223 0.000230
3 3 0.000094 0.000903 0.062940 0.935248 0.000815
3 3 0.000049 0.000443 0.095646 0.903296 0.000566
3 3 0.000025 0.000260 0.097978 0.901618 0.000119
3 3 0.000010 0.000160 0.050929 0.948762 0.000140
3 3 0.000001 0.000023 0.019034 0.980921 0.000021
4 2 0.078277 0.063982 0.304090 0.004575 0.549076
2 2 0.166681 0.106487 0.609050 0.051161 0.066621
2 2 0.010978 0.024302 0.929552 0.017205 0.017963
2 2 0.016799 0.003902 0.863298 0.115527 0.000474
2 1 0.090612 0.379786 0.524247 0.000873 0.004482
2 1 0.076765 0.246140 0.649701 0.002483 0.024911
2 1 0.242519 0.083867 0.603903 0.045071 0.024641
2 2 0.018343 0.038646 0.779638 0.161257 0.002117
2 2 0.001814 0.002807 0.987601 0.007403 0.000375
2 2 0.000051 0.002830 0.995517 0.001495 0.000108
2 2 0.000006 0.001175 0.992959 0.005853 0.000008
2 2 0.000011 0.000898 0.873777 0.125304 0.000010
2 1 0.121080 0.230801 0.634277 0.010164 0.003678
2 1 0.064765 0.101403 0.751136 0.078903 0.003792
2 1 0.251159 0.213286 0.473805 0.038162 0.023587
2 2 0.006996 0.061853 0.826547 0.101611 0.002992
2 2 0.000447 0.070720 0.925965 0.000880 0.001989
2 2 0.003497 0.044630 0.947781 0.002634 0.001458
2 2 0.012526 0.034825 0.946148 0.004981 0.001520
2 2 0.003033 0.091993 0.898647 0.004833 0.001494
2 1 0.062687 0.127685 0.802370 0.000341 0.006917
2 2 0.000994 0.011303 0.987128 0.000490 0.000085
2 2 0.000254 0.000851 0.619329 0.379561 0.000005
2 2 0.003297 0.022823 0.875540 0.098012 0.000327
2 2 0.010243 0.144751 0.837029 0.003334 0.004643
2 2 0.005065 0.061733 0.924648 0.001807 0.006747
2 2 0.000039 0.001943 0.945338 0.052639 0.000040
2 2 0.001262 0.016353 0.832667 0.149550 0.000169
2 2 0.001455 0.009921 0.937208 0.051190 0.000227
2 2 0.051822 0.035775 0.875160 0.036529 0.000713
2 2 0.004734 0.006588 0.689747 0.298558 0.000374
2 2 0.008578 0.007714 0.568197 0.415377 0.000134
2 2 0.000535 0.034085 0.964521 0.000642 0.000216
2 2 0.009511 0.057108 0.922598 0.003664 0.007119
2 2 0.000422 0.002286 0.959544 0.037725 0.000023
2 2 0.000259 0.007156 0.985428 0.007100 0.000058
2 2 0.018384 0.069259 0.901273 0.008309 0.002775
2 2 0.016496 0.028030 0.847174 0.106903 0.001397
2 2 0.001492 0.006504 0.588307 0.403651 0.000046
2 2 0.000148 0.003081 0.927275 0.069486 0.000010
2 2 0.000013 0.000697 0.992676 0.006606 0.000008
2 2 0.000219 0.000955 0.885429 0.113267 0.000130
2 2 0.000224 0.010081 0.987719 0.001841 0.000135
2 2 0.000058 0.001014 0.927485 0.071430 0.000013
3 2 0.022165 0.007370 0.404175 0.566024 0.000266
2 2 0.044828 0.360431 0.512538 0.026533 0.055671
2 2 0.000507 0.005970 0.976079 0.017413 0.000032
2 2 0.000080 0.000879 0.878167 0.120870 0.000005
2 2 0.000903 0.056242 0.940679 0.001074 0.001102
2 2 0.003407 0.008835 0.943836 0.043604 0.000318
2 2 0.000073 0.000272 0.989957 0.009696 0.000001
2 1 0.059235 0.140798 0.794659 0.000262 0.005046
2 1 0.006426 0.121977 0.869475 0.000291 0.001831
2 2 0.000636 0.022988 0.968739 0.007547 0.000090
2 0 0.081624 0.113163 0.781159 0.023695 0.000359
1 1 0.084366 0.561797 0.348138 0.002361 0.003339
3 1 0.000018 0.000049 0.252784 0.747149 0.000001
3 2 0.000000 0.000007 0.208934 0.791059 0.000000
2 2 0.000008 0.000461 0.827668 0.171791 0.000072
2 2 0.000070 0.002862 0.718536 0.260002 0.018530
2 4 0.000072 0.008951 0.759862 0.011961 0.219154
4 4 0.005942 0.008296 0.122319 0.010380 0.853063
4 4 0.006634 0.007612 0.019433 0.000039 0.966281
4 4 0.006208 0.012131 0.017378 0.000267 0.964016
4 4 0.013237 0.045191 0.262329 0.009297 0.669945
4 4 0.006494 0.013138 0.017464 0.000276 0.962628
2 4 0.041954 0.030196 0.567787 0.339512 0.020550
2 4 0.011570 0.021439 0.824409 0.083942 0.058639
4 4 0.011508 0.050563 0.256531 0.022573 0.658826
4 4 0.008024 0.044557 0.335603 0.016625 0.595192
4 4 0.014227 0.013388 0.007439 0.000085 0.964861
2 4 0.027153 0.172274 0.457370 0.037949 0.305254
3 4 0.243282 0.032584 0.298425 0.364561 0.061148
0 4 0.411020 0.269986 0.290542 0.004615 0.023837
2 4 0.014533 0.134415 0.466013 0.000320 0.384719
2 4 0.099447 0.109077 0.617358 0.054804 0.119315
2 4 0.018654 0.091747 0.879946 0.005059 0.004593
2 4 0.002117 0.087038 0.893246 0.000276 0.017323
2 4 0.000567 0.034704 0.713053 0.000636 0.251039
2 4 0.005931 0.096960 0.692865 0.007058 0.197187
2 4 0.011364 0.017823 0.881904 0.077788 0.011121
2 4 0.003989 0.029280 0.794655 0.004319 0.167757
2 4 0.000226 0.039248 0.945616 0.001531 0.013379
2 4 0.000676 0.060696 0.921060 0.002736 0.014832
2 4 0.000297 0.004356 0.521717 0.471566 0.002064
3 2 0.000009 0.000286 0.423499 0.576166 0.000039
2 2 0.009466 0.012591 0.496147 0.476265 0.005531
2 2 0.016478 0.039924 0.782370 0.143017 0.018211
2 2 0.002544 0.025507 0.946521 0.020976 0.004453
2 2 0.000018 0.000481 0.983686 0.015804 0.000012
2 2 0.012314 0.269732 0.675808 0.002239 0.039908
2 2 0.000615 0.021749 0.715555 0.259723 0.002359
2 2 0.006163 0.024250 0.957855 0.011394 0.000339
2 2 0.001944 0.025067 0.961738 0.010986 0.000264
2 2 0.001510 0.008385 0.978537 0.010340 0.001228
2 2 0.000421 0.009644 0.958081 0.031356 0.000498
2 2 0.000052 0.001022 0.857752 0.141169 0.000005
2 2 0.000704 0.004085 0.968901 0.026146 0.000163
2 2 0.000168 0.001307 0.645717 0.352760 0.000049
2 2 0.000036 0.000800 0.506255 0.492895 0.000013
2 2 0.000084 0.002679 0.981904 0.015302 0.000032
2 2 0.000916 0.010890 0.890131 0.095167 0.002895
2 2 0.000064 0.000863 0.763487 0.235566 0.000020
2 2 0.000089 0.000389 0.793012 0.206501 0.000009
3 2 0.000017 0.000628 0.433068 0.566269 0.000017
3 2 0.000192 0.001136 0.356430 0.642083 0.000159
2 2 0.011110 0.070121 0.912507 0.005559 0.000703
2 2 0.000010 0.002613 0.936662 0.060687 0.000027
3 2 0.000114 0.000631 0.455294 0.543949 0.000012
3 2 0.000055 0.001191 0.469401 0.529298 0.000055
2 2 0.001018 0.004106 0.604528 0.390249 0.000100
3 2 0.003092 0.002783 0.200100 0.790314 0.003711
2 2 0.000000 0.000208 0.996838 0.002954 0.000000
2 2 0.000007 0.000943 0.997344 0.001705 0.000001
2 2 0.000302 0.012096 0.928590 0.058836 0.000175
2 2 0.000528 0.031836 0.874425 0.091465 0.001746
3 2 0.000947 0.003789 0.417966 0.577140 0.000158
2 2 0.002589 0.014638 0.677434 0.304882 0.000457
2 2 0.000095 0.006282 0.945523 0.047991 0.000110
2 2 0.000071 0.001304 0.913608 0.085014 0.000003
2 2 0.000016 0.002540 0.992482 0.004944 0.000018
2 2 0.005997 0.015066 0.969433 0.009476 0.000028
2 2 0.013994 0.026990 0.861084 0.094985 0.002947
2 2 0.000125 0.000252 0.947137 0.052460 0.000026
2 2 0.084494 0.091532 0.709030 0.099920 0.015024
2 2 0.020199 0.077865 0.765630 0.133947 0.002360
2 0 0.194788 0.103670 0.434613 0.265617 0.001311
2 1 0.015727 0.288752 0.685342 0.007590 0.002589
2 1 0.000006 0.002876 0.994322 0.002775 0.000022
2 2 0.000041 0.001790 0.996869 0.001286 0.000015
2 2 0.000008 0.000329 0.983038 0.016624 0.000001
2 2 0.000000 0.000024 0.994293 0.005682 0.000000
2 2 0.000001 0.000066 0.951696 0.048236 0.000000
2 2 0.000103 0.000133 0.957783 0.041982 0.000000
2 2 0.000060 0.000701 0.992719 0.006520 0.000000
2 2 0.000069 0.000981 0.996722 0.002228 0.000000
2 2 0.000004 0.000060 0.708180 0.291755 0.000000
3 2 0.000036 0.000097 0.304949 0.694916 0.000001
2 2 0.000007 0.000585 0.965355 0.034048 0.000005
2 2 0.000016 0.000217 0.714884 0.284880 0.000002
2 2 0.000002 0.000071 0.972782 0.027146 0.000000
2 2 0.000008 0.000078 0.964489 0.035426 0.000000
3 2 0.000026 0.000222 0.396503 0.603246 0.000003
3 2 0.000018 0.000151 0.342765 0.657063 0.000002
2 2 0.000042 0.000442 0.884348 0.115166 0.000001
3 2 0.000563 0.000429 0.407345 0.591662 0.000001
3 2 0.012433 0.001947 0.445794 0.539793 0.000033
3 2 0.000178 0.000578 0.211699 0.787536 0.000009
2 2 0.000004 0.000201 0.949545 0.050248 0.000001
2 2 0.000009 0.000082 0.831454 0.168454 0.000000
2 2 0.000353 0.000759 0.594350 0.404528 0.000010
2 2 0.000131 0.000784 0.955878 0.043202 0.000005
2 2 0.000037 0.000102 0.687026 0.312836 0.000000
2 2 0.000173 0.000444 0.848924 0.150459 0.000001
3 2 0.000059 0.000041 0.238625 0.761276 0.000000
2 2 0.000464 0.001079 0.789001 0.209449 0.000007
2 2 0.000841 0.002261 0.724712 0.272169 0.000016
3 2 0.000093 0.000187 0.214078 0.785639 0.000003
3 2 0.000003 0.000017 0.102205 0.897774 0.000000
2 2 0.000023 0.000550 0.828648 0.170776 0.000003
3 2 0.000062 0.000031 0.023622 0.976279 0.000006
3 3 0.000201 0.000091 0.039042 0.960652 0.000014
3 3 0.000474 0.000637 0.189507 0.809357 0.000026
3 3 0.001015 0.000410 0.077155 0.921400 0.000020
3 3 0.000006 0.000021 0.125145 0.874828 0.000000
3 3 0.000008 0.000016 0.116190 0.883785 0.000000
3 3 0.000010 0.000038 0.056599 0.943352 0.000001
3 3 0.000438 0.000150 0.061716 0.937689 0.000008
3 3 0.000011 0.000140 0.271265 0.728581 0.000003
3 3 0.000057 0.000027 0.014645 0.985268 0.000003
3 3 0.000119 0.000128 0.019773 0.979914 0.000067
3 3 0.000181 0.000190 0.031979 0.967613 0.000037
3 3 0.000009 0.000103 0.079823 0.920046 0.000019
3 3 0.000026 0.000065 0.029987 0.969904 0.000018
3 3 0.000094 0.000459 0.171735 0.827655 0.000058
3 3 0.000438 0.000491 0.054656 0.943753 0.000662
3 3 0.000048 0.000202 0.050586 0.949129 0.000036
3 3 0.000002 0.000010 0.029584 0.970402 0.000001
2 3 0.000555 0.002080 0.872948 0.124110 0.000307
3 3 0.000331 0.000124 0.059549 0.939967 0.000029
3 3 0.000077 0.000103 0.033192 0.966612 0.000017
3 3 0.000054 0.000150 0.089695 0.910092 0.000010
3 3 0.000086 0.000158 0.085005 0.914711 0.000039
3 3 0.000013 0.000045 0.067108 0.932830 0.000004
3 3 0.000002 0.000016 0.012829 0.987139 0.000014
3 3 0.000000 0.000001 0.006115 0.993884 0.000000
3 3 0.000038 0.000101 0.030607 0.969177 0.000077
3 3 0.000081 0.000122 0.014005 0.985715 0.000077
3 3 0.002329 0.002120 0.089207 0.905758 0.000586
3 3 0.001010 0.000503 0.089600 0.908874 0.000012
3 3 0.000031 0.000061 0.066405 0.933435 0.000068
3 3 0.000695 0.000614 0.174120 0.824539 0.000033
3 3 0.000006 0.000069 0.072972 0.926908 0.000044
3 3 0.000022 0.000032 0.044485 0.955453 0.000009
3 3 0.000023 0.000165 0.065479 0.934193 0.000140
3 3 0.000033 0.000041 0.032454 0.967465 0.000007
3 3 0.000056 0.000493 0.079495 0.919529 0.000427
3 3 0.000170 0.000187 0.012953 0.986534 0.000156
3 3 0.000076 0.000070 0.032591 0.967253 0.000009
3 3 0.000037 0.000022 0.006518 0.993415 0.000008
3 3 0.000012 0.000101 0.032097 0.967729 0.000061
3 3 0.000700 0.000763 0.068668 0.929791 0.000077
3 3 0.000005 0.000008 0.004507 0.995475 0.000005
3 3 0.000005 0.000011 0.033699 0.966284 0.000001
3 3 0.000106 0.000023 0.014500 0.985362 0.000009
3 3 0.005302 0.001894 0.183340 0.809413 0.000051
3 3 0.000003 0.000061 0.075914 0.923991 0.000031
3 3 0.000104 0.000037 0.008772 0.991001 0.000086
3 3 0.000027 0.000033 0.018119 0.981807 0.000014
3 3 0.001134 0.000458 0.028934 0.968462 0.001012
3 3 0.000139 0.000222 0.095334 0.904277 0.000029
3 3 0.000095 0.000025 0.039856 0.960020 0.000003
3 3 0.000032 0.000279 0.176466 0.823160 0.000063
3 3 0.000522 0.000446 0.023606 0.974999 0.000426
3 3 0.000736 0.000452 0.025332 0.972355 0.001126
3 3 0.000622 0.000192 0.020674 0.978321 0.000191
3 3 0.000035 0.000383 0.134277 0.864566 0.000739
3 2 0.000201 0.000325 0.015425 0.983768 0.000281
2 2 0.000003 0.000223 0.959449 0.040313 0.000012
2 2 0.000668 0.003034 0.540810 0.453756 0.001731
4 4 0.004367 0.018662 0.373401 0.145578 0.457992
2 4 0.006369 0.027374 0.663207 0.246228 0.056822
4 4 0.038171 0.010426 0.387172 0.143491 0.420740
2 4 0.070854 0.031388 0.803542 0.006516 0.087699
3 4 0.014106 0.037433 0.303253 0.419656 0.225553
2 4 0.002123 0.021536 0.637305 0.206451 0.132584
2 1 0.000046 0.006437 0.992267 0.001243 0.000007
2 1 0.002139 0.006787 0.980687 0.010233 0.000153
2 4 0.001802 0.053256 0.697533 0.014182 0.233227
4 4 0.012895 0.035896 0.314434 0.095904 0.540871
4 4 0.016893 0.043221 0.131753 0.010901 0.797233
2 4 0.278107 0.172159 0.348871 0.012995 0.187867
2 4 0.009923 0.067364 0.772135 0.065434 0.085144
4 4 0.026169 0.047072 0.162511 0.003582 0.760666
2 4 0.294680 0.252944 0.338775 0.027805 0.085796
2 4 0.089636 0.218727 0.542640 0.053764 0.095233
2 1 0.000850 0.023488 0.968093 0.007366 0.000203
2 2 0.001025 0.026898 0.962601 0.008779 0.000697
2 2 0.060103 0.267745 0.541512 0.029691 0.100949
2 2 0.009705 0.209104 0.743053 0.020541 0.017597
2 2 0.005002 0.063311 0.787423 0.127870 0.016394
2 2 0.010738 0.226588 0.715847 0.031637 0.015190
2 2 0.006371 0.081987 0.894194 0.016208 0.001241
2 2 0.053780 0.287109 0.630459 0.020022 0.008630
2 2 0.000040 0.003521 0.989233 0.007184 0.000022
2 2 0.000147 0.003026 0.994748 0.002066 0.000013
2 2 0.008516 0.070441 0.755205 0.010367 0.155472
2 2 0.000197 0.006614 0.680911 0.308395 0.003884
2 2 0.006582 0.106788 0.852218 0.004684 0.029727
2 2 0.027459 0.118841 0.685472 0.016859 0.151367
2 2 0.004670 0.049657 0.845928 0.034913 0.064831
2 2 0.002572 0.087895 0.631285 0.206650 0.071599
4 4 0.006997 0.057308 0.058733 0.000078 0.876884
4 4 0.010545 0.077639 0.197184 0.020791 0.693841
2 4 0.010569 0.074452 0.864716 0.007181 0.043082
2 4 0.008630 0.078548 0.828943 0.058614 0.025265
2 4 0.003929 0.130100 0.442426 0.004320 0.419226
4 4 0.006877 0.111564 0.332697 0.012369 0.536493
2 4 0.008214 0.103369 0.565086 0.018865 0.304466
2 4 0.001414 0.093757 0.847747 0.000186 0.056896
4 4 0.011246 0.059080 0.184939 0.006513 0.738221
4 4 0.095417 0.222968 0.105018 0.000396 0.576201
2 1 0.086834 0.350525 0.471391 0.005208 0.086042
4 4 0.017916 0.055660 0.165072 0.006570 0.754782
2 4 0.116398 0.158248 0.484466 0.075366 0.165522
2 4 0.002361 0.090997 0.893135 0.002389 0.011119
2 4 0.001111 0.104598 0.847916 0.010133 0.036243
2 1 0.000896 0.053076 0.931398 0.007699 0.006931
2 2 0.000567 0.008300 0.940519 0.047049 0.003566
2 2 0.002197 0.013607 0.971508 0.008562 0.004126
2 2 0.000296 0.004602 0.944317 0.050130 0.000655
2 2 0.001628 0.013618 0.888561 0.092984 0.003209
2 2 0.000532 0.022912 0.948744 0.024050 0.003761
2 2 0.002727 0.074812 0.905961 0.012992 0.003509
2 2 0.000590 0.064056 0.893395 0.015392 0.026567
2 2 0.001689 0.038390 0.944359 0.001559 0.014004
2 2 0.010629 0.070569 0.898543 0.007932 0.012326
2 2 0.008181 0.056330 0.909345 0.003364 0.022781
2 2 0.001088 0.006432 0.533043 0.458258 0.001180
2 2 0.000126 0.001407 0.965461 0.032960 0.000046
2 2 0.002689 0.058166 0.860863 0.029274 0.049008
2 2 0.001580 0.035471 0.907600 0.032606 0.022744
2 2 0.000020 0.001137 0.960185 0.038640 0.000019
2 2 0.000210 0.029795 0.967443 0.002185 0.000366
2 2 0.002597 0.015790 0.971984 0.006801 0.002828
2 2 0.000996 0.015864 0.950248 0.031045 0.001848
2 2 0.001526 0.039915 0.934148 0.017195 0.007216
2 2 0.000026 0.000782 0.941235 0.057949 0.000007
2 1 0.006354 0.025518 0.715249 0.252373 0.000506
2 2 0.000721 0.036275 0.946739 0.014995 0.001271
2 2 0.000059 0.001013 0.776056 0.222854 0.000018
2 2 0.000062 0.001725 0.967137 0.031053 0.000023
2 2 0.000011 0.000254 0.826741 0.172969 0.000025
2 2 0.000148 0.001130 0.875902 0.122789 0.000031
2 2 0.000037 0.000750 0.954591 0.044603 0.000019
2 2 0.000586 0.000963 0.867314 0.131117 0.000021
2 2 0.000043 0.003443 0.986312 0.009685 0.000515
2 2 0.000001 0.000595 0.998033 0.001367 0.000004
2 2 0.000002 0.000533 0.991947 0.007511 0.000007
2 2 0.000014 0.000403 0.960588 0.038992 0.000004
2 2 0.000003 0.000930 0.974859 0.024195 0.000014
2 2 0.000003 0.000207 0.996605 0.003185 0.000000
2 2 0.000018 0.000070 0.760537 0.239372 0.000003
3 2 0.000018 0.000128 0.430816 0.569037 0.000002
2 2 0.000030 0.002457 0.809171 0.188202 0.000140
2 2 0.001150 0.008155 0.679081 0.306984 0.004630
2 2 0.010885 0.004101 0.857709 0.127060 0.000245
2 2 0.002813 0.004580 0.978110 0.014316 0.000181
2 2 0.000109 0.000363 0.947866 0.051660 0.000002
2 2 0.000001 0.000370 0.986609 0.013018 0.000002
2 2 0.000047 0.000484 0.970130 0.029335 0.000004
2 2 0.000007 0.001335 0.993915 0.004725 0.000018
2 2 0.000157 0.001270 0.963352 0.035219 0.000002
2 2 0.000029 0.000125 0.814451 0.185394 0.000000
2 2 0.000033 0.002052 0.956071 0.041800 0.000045
2 2 0.000250 0.000968 0.975142 0.023628 0.000012
2 2 0.000049 0.000645 0.894411 0.104893 0.000002
2 2 0.000229 0.000343 0.954071 0.045354 0.000003
2 2 0.000013 0.000698 0.963150 0.036113 0.000027
2 2 0.000007 0.000311 0.984892 0.014785 0.000005
2 2 0.000044 0.000692 0.859780 0.139481 0.000003
2 2 0.005188 0.013932 0.941985 0.038370 0.000524
2 2 0.000004 0.000120 0.840552 0.159323 0.000001
2 2 0.001606 0.002798 0.873723 0.121040 0.000834
2 2 0.000157 0.000300 0.584175 0.415344 0.000024
3 2 0.000010 0.000066 0.350282 0.649639 0.000003
2 2 0.000005 0.000774 0.922107 0.077097 0.000017
2 2 0.000004 0.000077 0.557779 0.442135 0.000004
2 2 0.000015 0.000235 0.955776 0.043974 0.000000
2 2 0.000006 0.000111 0.991256 0.008626 0.000000
2 2 0.000251 0.000606 0.912553 0.086580 0.000010
2 2 0.000043 0.000701 0.900263 0.098980 0.000013
2 2 0.000292 0.001243 0.789842 0.208564 0.000059
2 2 0.005059 0.004144 0.956427 0.033734 0.000635
2 2 0.000033 0.000285 0.876987 0.122693 0.000002
2 2 0.000115 0.000372 0.611824 0.387682 0.000007
2 2 0.000134 0.001424 0.933188 0.065209 0.000045
2 2 0.000317 0.000619 0.683662 0.315394 0.000008
2 2 0.000003 0.000086 0.987994 0.011917 0.000001
2 2 0.002894 0.011741 0.920687 0.064455 0.000223
2 2 0.000340 0.003067 0.967171 0.029356 0.000065
2 2 0.000378 0.001526 0.837771 0.160320 0.000005
2 2 0.000206 0.000753 0.934326 0.064714 0.000001
2 2 0.000083 0.000396 0.790871 0.208649 0.000000
2 2 0.000029 0.000714 0.812439 0.186811 0.000006
2 2 0.000006 0.000158 0.844051 0.155784 0.000001
2 2 0.000006 0.000207 0.766624 0.233162 0.000001
3 2 0.000002 0.000006 0.040038 0.959953 0.000000
2 2 0.000012 0.000256 0.971773 0.027959 0.000000
2 2 0.000102 0.000318 0.802339 0.197240 0.000001
2 2 0.001062 0.002666 0.839133 0.157130 0.000009
2 2 0.012202 0.008501 0.959512 0.019564 0.000221
3 2 0.000003 0.000021 0.040774 0.959201 0.000001
3 2 0.000155 0.000389 0.301997 0.697452 0.000008
2 2 0.000019 0.000503 0.680497 0.318974 0.000007
2 2 0.000006 0.000053 0.593799 0.406142 0.000000
2 2 0.000528 0.002745 0.990922 0.005754 0.000050
2 2 0.002096 0.020188 0.770624 0.206730 0.000361
2 2 0.000007 0.000108 0.833347 0.166538 0.000000
2 2 0.000376 0.004119 0.875295 0.120153 0.000057
2 2 0.000019 0.000538 0.933916 0.065521 0.000006
2 2 0.000004 0.000186 0.934588 0.065220 0.000001
2 2 0.000001 0.000060 0.685312 0.314624 0.000003
2 2 0.000425 0.000801 0.869394 0.129366 0.000015
2 2 0.000043 0.000332 0.880938 0.118687 0.000001
2 2 0.000024 0.000471 0.916788 0.082716 0.000001
3 2 0.000000 0.000005 0.364546 0.635449 0.000000
3 2 0.000027 0.000096 0.105857 0.894018 0.000001
2 2 0.000029 0.000483 0.844743 0.154735 0.000010
2 2 0.000007 0.000054 0.661727 0.338209 0.000002
3 2 0.000008 0.000057 0.230545 0.769389 0.000000
2 2 0.001254 0.000612 0.529788 0.468280 0.000067
2 2 0.000342 0.003045 0.912264 0.084313 0.000036
2 2 0.000011 0.000189 0.551741 0.448058 0.000001
2 2 0.000001 0.000214 0.778148 0.221602 0.000035
3 2 0.000024 0.000043 0.152860 0.847051 0.000022
3 2 0.000020 0.000152 0.339323 0.660501 0.000004
3 2 0.000085 0.000704 0.471081 0.528121 0.000009
2 2 0.000057 0.000489 0.997100 0.002355 0.000000
2 2 0.000438 0.004489 0.993504 0.001554 0.000015
2 2 0.000005 0.000324 0.984654 0.015009 0.000007
2 2 0.000056 0.001774 0.988904 0.009223 0.000043
2 2 0.000110 0.002247 0.784569 0.212973 0.000101
2 2 0.001988 0.001625 0.948557 0.047395 0.000434
2 1 0.024784 0.086364 0.849750 0.037275 0.001827
2 2 0.000423 0.022035 0.947215 0.029658 0.000669
2 2 0.003897 0.027301 0.938708 0.028927 0.001167
2 1 0.004549 0.011421 0.960482 0.023425 0.000122
2 1 0.002581 0.082608 0.886116 0.026237 0.002459
2 1 0.023764 0.253371 0.677543 0.025354 0.019969
2 1 0.041907 0.327684 0.603181 0.001331 0.025896
2 1 0.038512 0.182019 0.762031 0.000553 0.016884
1 1 0.163885 0.599846 0.221120 0.000095 0.015055
2 1 0.004104 0.202887 0.791070 0.001027 0.000912
2 1 0.004922 0.180453 0.808241 0.004314 0.002070
2 1 0.004120 0.209127 0.784064 0.000597 0.002092
1 0 0.169054 0.526045 0.204708 0.001603 0.098590
1 1 0.069825 0.485772 0.347025 0.000174 0.097204
1 1 0.242146 0.570794 0.177458 0.000797 0.008805
2 1 0.031710 0.357897 0.599799 0.000296 0.010298
2 1 0.015276 0.262494 0.597399 0.010102 0.114730
2 1 0.006104 0.065076 0.732578 0.183378 0.012863
2 2 0.000738 0.045583 0.794166 0.112821 0.046692
2 2 0.003710 0.033451 0.917116 0.036746 0.008977
3 2 0.000023 0.000753 0.456722 0.542397 0.000105
2 2 0.002235 0.027644 0.853400 0.091343 0.025378
4 4 0.018666 0.189934 0.285442 0.001667 0.504291
2 4 0.006422 0.163488 0.712041 0.000791 0.117258
2 1 0.008097 0.224248 0.727407 0.000747 0.039501
2 1 0.041486 0.102365 0.850645 0.001341 0.004163
2 2 0.061400 0.160135 0.760936 0.012120 0.005410
2 2 0.015533 0.405219 0.528666 0.000510 0.050072
2 1 0.032524 0.128185 0.831844 0.007034 0.000414
2 1 0.006152 0.146311 0.846216 0.000661 0.000660
2 1 0.010188 0.254532 0.714407 0.005892 0.014980
2 1 0.089901 0.209280 0.666993 0.025160 0.008666
2 1 0.008425 0.278535 0.691363 0.006796 0.014881
2 1 0.005140 0.206344 0.781401 0.001601 0.005514
2 2 0.012920 0.181266 0.782509 0.007455 0.015850
2 2 0.014259 0.132849 0.811696 0.015296 0.025900
2 2 0.051472 0.147606 0.660198 0.062489 0.078236
2 2 0.001145 0.010730 0.946976 0.040609 0.000540
2 1 0.096448 0.298888 0.567481 0.027422 0.009762
2 1 0.022371 0.329584 0.556208 0.042989 0.048847
2 1 0.009262 0.154508 0.823972 0.007975 0.004283
2 2 0.031992 0.425276 0.535162 0.002188 0.005381
1 2 0.034388 0.476542 0.461481 0.001172 0.026418
2 2 0.009298 0.245432 0.707747 0.021208 0.016316
2 2 0.036925 0.181259 0.778609 0.001544 0.001663
1 2 0.307319 0.316117 0.257925 0.101306 0.017332
2 2 0.002804 0.123014 0.784296 0.075820 0.014065
2 2 0.010825 0.074204 0.715971 0.156050 0.042949
2 2 0.017026 0.289939 0.521239 0.000754 0.171041
2 2 0.023387 0.382336 0.382519 0.001424 0.210333
2 2 0.005270 0.071449 0.893311 0.027858 0.002112
2 2 0.000177 0.003537 0.763925 0.232260 0.000100
2 2 0.002570 0.190652 0.794628 0.002357 0.009793
2 2 0.008847 0.088216 0.833439 0.067164 0.002334
2 2 0.000141 0.008997 0.859490 0.130833 0.000539
2 2 0.000268 0.011899 0.936989 0.050614 0.000229
2 2 0.001987 0.020826 0.902942 0.073876 0.000369
2 2 0.000208 0.012882 0.924996 0.061458 0.000457
2 2 0.020675 0.284506 0.579679 0.009074 0.106067
2 2 0.007350 0.067299 0.872249 0.033083 0.020019
2 2 0.007395 0.296146 0.652081 0.005245 0.039132
2 2 0.055850 0.279613 0.644573 0.001220 0.018743
2 4 0.015556 0.280806 0.664964 0.025341 0.013333
2 4 0.006085 0.127126 0.694938 0.080414 0.091437
2 4 0.001871 0.091819 0.717251 0.010088 0.178969
4 4 0.006630 0.068419 0.175785 0.001439 0.747726
4 4 0.077316 0.103425 0.208663 0.011129 0.599467
4 4 0.096925 0.157953 0.046707 0.008515 0.689900
2 4 0.008805 0.165247 0.764097 0.000791 0.061060
2 4 0.001185 0.082176 0.803942 0.012348 0.100350
4 4 0.065815 0.078811 0.151509 0.059013 0.644851
4 4 0.009012 0.039114 0.117447 0.003149 0.831278
4 4 0.002566 0.043161 0.261698 0.005260 0.687315
4 4 0.021370 0.038714 0.095319 0.012194 0.832403
1 1 0.104070 0.418634 0.360275 0.047661 0.069360
4 4 0.138255 0.109063 0.131772 0.053509 0.567401
4 4 0.116148 0.011293 0.002661 0.000023 0.869875
4 4 0.055905 0.045488 0.132560 0.008989 0.757059
4 4 0.009223 0.008829 0.006402 0.000053 0.975494
4 4 0.015948 0.009520 0.003066 0.000018 0.971448
4 4 0.035685 0.007108 0.006232 0.000098 0.950877
4 4 0.243071 0.046869 0.007733 0.000014 0.702313
2 4 0.023287 0.075004 0.530392 0.010411 0.360907
2 4 0.211622 0.145348 0.392107 0.008679 0.242244
2 4 0.054153 0.087086 0.441615 0.332344 0.084801
2 1 0.025057 0.046572 0.900599 0.025228 0.002544
2 1 0.030563 0.249506 0.462628 0.001658 0.255645
4 4 0.019354 0.029657 0.153007 0.002876 0.795106
4 4 0.021889 0.080527 0.225897 0.001352 0.670335
4 4 0.013594 0.034065 0.046751 0.002465 0.903126
4 4 0.179964 0.112229 0.136640 0.005612 0.565555
4 4 0.096319 0.063211 0.325439 0.017648 0.497383
1 1 0.039749 0.328897 0.327176 0.002474 0.301704
4 4 0.013727 0.087113 0.259451 0.035992 0.603717
2 4 0.172291 0.143412 0.407306 0.041098 0.235893
4 4 0.086843 0.079688 0.327583 0.037263 0.468623
4 4 0.007564 0.081217 0.386047 0.002226 0.522946
1 4 0.222029 0.402339 0.149676 0.004688 0.221268
4 4 0.076918 0.030277 0.023568 0.001705 0.867532
4 4 0.052713 0.010261 0.002004 0.000015 0.935007
4 4 0.018765 0.015770 0.041941 0.002325 0.921199
4 4 0.030703 0.028284 0.018357 0.000654 0.922003
2 4 0.006402 0.047183 0.665551 0.061406 0.219458
4 4 0.003646 0.045915 0.300646 0.032378 0.617414
4 4 0.473728 0.016376 0.009028 0.001195 0.499673
0 4 0.852613 0.027818 0.004704 0.000001 0.114864
4 4 0.091108 0.058605 0.247366 0.115045 0.487876
4 4 0.135793 0.041201 0.058526 0.004604 0.759876
4 4 0.232925 0.038940 0.009078 0.000081 0.718976
4 4 0.018241 0.041258 0.147113 0.005209 0.788179
4 4 0.241849 0.104809 0.028852 0.001047 0.623443
4 4 0.027170 0.014184 0.006012 0.000061 0.952572
4 4 0.018270 0.010137 0.018515 0.000507 0.952570
4 4 0.028137 0.001183 0.001068 0.000004 0.969609
3 4 0.223445 0.123319 0.232824 0.366067 0.054344
3 4 0.009095 0.063924 0.262787 0.577214 0.086979
4 4 0.031577 0.008434 0.008941 0.000170 0.950878
4 4 0.038331 0.039867 0.203173 0.089418 0.629210
4 4 0.081882 0.025225 0.084340 0.019804 0.788750
4 4 0.116468 0.019650 0.006877 0.000027 0.856978
4 4 0.043259 0.056061 0.201605 0.098505 0.600570
4 4 0.012769 0.020517 0.045089 0.002208 0.919417
4 4 0.074896 0.072888 0.118134 0.040393 0.693690
3 1 0.036641 0.019646 0.216466 0.720969 0.006278
