0 0 1.000000 0.000000 0.000000 0.000000 0.000000
0 0 0.862050 0.018718 0.013428 0.000123 0.105681
0 0 0.943266 0.030725 0.010051 0.000137 0.015821
0 0 0.981159 0.006928 0.005004 0.000088 0.006822
0 0 0.973458 0.010344 0.007388 0.000226 0.008584
0 0 0.998336 0.000420 0.000721 0.000007 0.000516
0 0 0.984373 0.002253 0.006819 0.000849 0.005705
0 0 0.979222 0.001260 0.015395 0.002916 0.001208
0 0 0.977213 0.008343 0.008780 0.000128 0.005535
0 0 0.984444 0.005988 0.004544 0.000087 0.004937
0 0 0.831397 0.022263 0.126776 0.009545 0.010019
0 0 0.782908 0.027775 0.079224 0.036734 0.073359
0 0 0.994565 0.000793 0.002834 0.000250 0.001559
0 0 0.806608 0.046251 0.057671 0.031700 0.057770
0 0 0.945526 0.017967 0.016833 0.001664 0.018010
0 0 0.989220 0.001355 0.004313 0.000258 0.004854
4 0 0.086732 0.008360 0.006797 0.000020 0.898091
4 0 0.147909 0.009118 0.012116 0.000110 0.830748
0 0 0.591624 0.043499 0.041522 0.002263 0.321092
4 0 0.403542 0.083719 0.056126 0.000447 0.456165
4 0 0.020470 0.009467 0.010577 0.000411 0.959076
4 0 0.012921 0.035926 0.011633 0.000331 0.939190
4 0 0.005483 0.003299 0.003309 0.000041 0.987868
4 0 0.205086 0.012548 0.019335 0.000400 0.762631
4 0 0.031539 0.010312 0.012183 0.000431 0.945534
4 0 0.013042 0.014229 0.014445 0.001557 0.956727
4 0 0.021557 0.007762 0.008870 0.000232 0.961578
4 0 0.071204 0.020857 0.017698 0.000476 0.889766
4 0 0.044364 0.023148 0.027048 0.003566 0.901873
4 0 0.017592 0.017709 0.018462 0.002504 0.943733
4 0 0.032270 0.026459 0.029231 0.005942 0.906098
4 0 0.006323 0.010875 0.010158 0.001030 0.971615
4 0 0.347742 0.008500 0.044921 0.000000 0.598837
0 0 0.923724 0.002903 0.007282 0.000079 0.066012
4 0 0.006513 0.012726 0.011795 0.001570 0.967397
4 0 0.012475 0.008143 0.008571 0.000339 0.970472
4 1 0.010191 0.029192 0.027127 0.013149 0.920342
4 1 0.019363 0.044676 0.044219 0.034041 0.857702
4 2 0.005119 0.022995 0.027338 0.011649 0.932899
4 2 0.008966 0.026775 0.024581 0.010899 0.928779
4 2 0.009325 0.137735 0.265844 0.024105 0.562990
4 2 0.052785 0.054878 0.080683 0.000622 0.811032
2 2 0.005790 0.052618 0.605449 0.013812 0.322333
2 2 0.000376 0.000865 0.980457 0.017879 0.000422
4 2 0.092490 0.044387 0.228325 0.037886 0.596911
2 2 0.037306 0.055771 0.537577 0.047662 0.321685
2 2 0.027251 0.058235 0.890648 0.001370 0.022496
0 2 0.549626 0.079725 0.189832 0.008617 0.172199
2 2 0.001358 0.012039 0.951361 0.021079 0.014163
2 2 0.000049 0.000230 0.998429 0.001269 0.000024
2 2 0.006538 0.035590 0.835165 0.003590 0.119117
2 2 0.000271 0.000730 0.998648 0.000129 0.000223
2 2 0.000000 0.000084 0.999897 0.000017 0.000001
2 2 0.000002 0.000119 0.999562 0.000315 0.000002
2 2 0.000000 0.000001 0.992723 0.007276 0.000000
2 2 0.000000 0.000001 0.997602 0.002398 0.000000
2 2 0.000000 0.000000 0.996677 0.003323 0.000000
2 2 0.000000 0.000000 0.997374 0.002625 0.000000
2 2 0.046084 0.110108 0.637206 0.081691 0.124911
2 2 0.000339 0.006860 0.677511 0.311313 0.003978
2 2 0.000002 0.000004 0.999481 0.000514 0.000000
2 1 0.001946 0.037304 0.959546 0.000118 0.001086
2 2 0.000339 0.055600 0.923978 0.010019 0.010064
2 2 0.000332 0.018433 0.784355 0.191483 0.005398
2 2 0.000006 0.000029 0.999544 0.000419 0.000001
2 2 0.000000 0.000000 0.997690 0.002310 0.000000
2 2 0.000000 0.000000 0.999738 0.000262 0.000000
2 2 0.000000 0.000002 0.948440 0.051558 0.000000
2 2 0.000252 0.000847 0.856619 0.141984 0.000297
2 2 0.000000 0.000001 0.873366 0.126634 0.000000
2 2 0.000000 0.000001 0.886173 0.113827 0.000000
2 2 0.000000 0.000000 0.956941 0.043059 0.000000
2 2 0.000000 0.000000 0.969613 0.030387 0.000000
2 2 0.000001 0.000001 0.895642 0.104357 0.000000
3 3 0.000000 0.000000 0.291462 0.708538 0.000000
3 3 0.000000 0.000000 0.187138 0.812862 0.000000
3 3 0.000000 0.000001 0.178560 0.821439 0.000000
2 3 0.000000 0.000000 0.896653 0.103347 0.000000
3 3 0.000001 0.000004 0.345675 0.654319 0.000000
2 3 0.000000 0.000000 0.675942 0.324058 0.000000
3 3 0.000000 0.000001 0.430174 0.569824 0.000000
3 3 0.000000 0.000001 0.417066 0.582933 0.000000
3 3 0.000000 0.000004 0.439676 0.560320 0.000000
3 3 0.000000 0.000003 0.393295 0.606702 0.000000
3 3 0.000000 0.000000 0.059317 0.940683 0.000000
3 3 0.000000 0.000000 0.191892 0.808108 0.000000
3 3 0.000000 0.000008 0.137073 0.862919 0.000000
3 3 0.001123 0.001494 0.090267 0.906926 0.000190
2 3 0.000150 0.004993 0.832685 0.161372 0.000801
2 3 0.000027 0.003986 0.772305 0.221760 0.001923
2 3 0.000001 0.000014 0.911497 0.088488 0.000000
2 3 0.000000 0.000000 0.996180 0.003819 0.000000
2 3 0.000000 0.000011 0.520672 0.479316 0.000000
2 3 0.000000 0.000005 0.760483 0.239512 0.000000
2 3 0.000000 0.000005 0.681801 0.318194 0.000000
2 3 0.000000 0.000001 0.750610 0.249390 0.000000
2 3 0.000000 0.000002 0.959043 0.040955 0.000000
2 3 0.000000 0.000001 0.509598 0.490401 0.000000
3 3 0.000000 0.000003 0.111084 0.888913 0.000000
3 3 0.000000 0.000008 0.244538 0.755454 0.000000
3 3 0.000000 0.000000 0.132710 0.867289 0.000000
3 3 0.000001 0.000038 0.322022 0.677936 0.000003
3 3 0.000000 0.000003 0.268957 0.731040 0.000000
3 3 0.000000 0.000000 0.419836 0.580163 0.000000
2 3 0.000000 0.000003 0.550762 0.449235 0.000000
3 3 0.000000 0.000006 0.310486 0.689508 0.000000
3 3 0.000000 0.000001 0.044818 0.955181 0.000000
3 3 0.000000 0.000000 0.107175 0.892825 0.000000
3 3 0.000001 0.000075 0.022908 0.977012 0.000004
3 3 0.000007 0.000766 0.085334 0.913538 0.000356
2 2 0.000000 0.000005 0.995426 0.004569 0.000000
2 2 0.000001 0.000246 0.926582 0.073130 0.000041
2 2 0.000000 0.000020 0.969327 0.030652 0.000000
2 2 0.000000 0.000003 0.976858 0.023138 0.000000
2 2 0.000022 0.001079 0.574879 0.423612 0.000408
2 2 0.000001 0.000851 0.976893 0.022010 0.000245
2 2 0.000001 0.000158 0.807579 0.192256 0.000006
2 2 0.000021 0.000051 0.849720 0.150207 0.000002
2 2 0.000000 0.000033 0.995443 0.004522 0.000001
2 2 0.000000 0.000003 0.976168 0.023829 0.000000
2 2 0.000003 0.000248 0.994293 0.005447 0.000008
2 2 0.000549 0.026894 0.952595 0.018708 0.001254
2 2 0.000004 0.000228 0.995890 0.003857 0.000021
2 2 0.000000 0.000049 0.998567 0.001384 0.000000
2 2 0.000000 0.000001 0.990114 0.009886 0.000000
2 2 0.006884 0.007127 0.981219 0.004051 0.000720
2 2 0.002975 0.080595 0.430887 0.161349 0.324194
2 2 0.000352 0.008749 0.920085 0.062053 0.008761
2 2 0.000000 0.000000 0.983418 0.016581 0.000000
2 2 0.000000 0.000023 0.997695 0.002282 0.000000
2 2 0.000000 0.000034 0.994606 0.005360 0.000000
2 2 0.000000 0.000011 0.997006 0.002982 0.000000
2 2 0.000000 0.000062 0.974790 0.025145 0.000002
2 2 0.000000 0.000001 0.992813 0.007185 0.000000
2 2 0.000000 0.000010 0.991194 0.008796 0.000000
2 2 0.000000 0.000037 0.923209 0.076753 0.000001
2 2 0.000002 0.000017 0.957260 0.042720 0.000001
2 2 0.000001 0.000019 0.785319 0.214660 0.000000
2 2 0.000000 0.000004 0.948617 0.051379 0.000000
2 2 0.000000 0.000001 0.984715 0.015284 0.000000
2 2 0.000000 0.000001 0.999030 0.000968 0.000000
2 2 0.000023 0.000039 0.997940 0.001997 0.000001
2 2 0.014989 0.018752 0.712629 0.072459 0.181170
2 2 0.000007 0.000187 0.785012 0.214778 0.000015
2 2 0.000001 0.000218 0.961688 0.038076 0.000016
2 2 0.000000 0.000003 0.948139 0.051858 0.000000
2 2 0.000000 0.000001 0.994150 0.005849 0.000000
2 2 0.000000 0.000002 0.997364 0.002634 0.000000
2 2 0.000230 0.005078 0.883626 0.110913 0.000152
2 2 0.000002 0.000131 0.997980 0.001884 0.000002
2 2 0.000000 0.000051 0.961098 0.038851 0.000000
2 2 0.000000 0.000000 0.979422 0.020578 0.000000
2 2 0.000000 0.000032 0.798706 0.201262 0.000001
2 2 0.000000 0.000054 0.977508 0.022434 0.000004
2 2 0.000000 0.000001 0.999305 0.000694 0.000000
2 2 0.000000 0.000000 0.998789 0.001210 0.000000
2 2 0.000000 0.000010 0.984886 0.015104 0.000000
2 2 0.000000 0.000004 0.974833 0.025163 0.000000
2 2 0.000000 0.000008 0.960637 0.039355 0.000000
2 2 0.000000 0.000001 0.978864 0.021135 0.000000
2 2 0.000000 0.000000 0.933400 0.066600 0.000000
2 2 0.000000 0.000001 0.760424 0.239575 0.000000
3 2 0.000000 0.000007 0.455547 0.544447 0.000000
2 2 0.000000 0.000001 0.976883 0.023116 0.000000
3 2 0.000000 0.000044 0.406579 0.593375 0.000002
2 2 0.000000 0.000051 0.815070 0.184877 0.000002
2 2 0.000000 0.000001 0.941623 0.058376 0.000000
2 3 0.000000 0.000000 0.661596 0.338404 0.000000
3 3 0.000000 0.000003 0.405068 0.594929 0.000000
3 3 0.000000 0.000003 0.399991 0.600006 0.000000
3 3 0.000000 0.000005 0.469419 0.530576 0.000000
3 3 0.000000 0.000001 0.228762 0.771237 0.000000
3 3 0.000000 0.000006 0.067265 0.932728 0.000001
3 3 0.000014 0.000034 0.057797 0.942147 0.000008
2 3 0.000000 0.000004 0.831540 0.168456 0.000000
3 3 0.000000 0.000003 0.155536 0.844461 0.000000
3 3 0.000000 0.000000 0.018961 0.981039 0.000000
3 3 0.000000 0.000001 0.028635 0.971364 0.000000
3 3 0.000000 0.000000 0.000285 0.999715 0.000000
3 3 0.000000 0.000000 0.004733 0.995267 0.000000
3 3 0.000000 0.000003 0.017031 0.982967 0.000000
3 3 0.000000 0.000008 0.403990 0.596002 0.000000
3 3 0.000000 0.000002 0.006766 0.993232 0.000000
3 3 0.000000 0.000030 0.007454 0.992510 0.000006
3 3 0.000001 0.000057 0.157558 0.842380 0.000004
3 3 0.000004 0.000031 0.220070 0.779894 0.000001
3 3 0.000000 0.000001 0.166402 0.833598 0.000000
3 3 0.000000 0.000010 0.067364 0.932625 0.000000
3 3 0.000000 0.000003 0.197316 0.802681 0.000000
3 3 0.000000 0.000011 0.152247 0.847741 0.000000
3 3 0.000001 0.000009 0.007753 0.992236 0.000001
3 3 0.000001 0.000108 0.071475 0.928402 0.000014
3 3 0.000000 0.000011 0.009763 0.990224 0.000001
3 3 0.000000 0.000016 0.020281 0.979701 0.000001
3 3 0.000000 0.000000 0.051569 0.948431 0.000000
3 3 0.000000 0.000006 0.021676 0.978317 0.000000
3 3 0.000000 0.000004 0.059367 0.940629 0.000000
3 3 0.000000 0.000002 0.021255 0.978743 0.000000
3 3 0.000000 0.000004 0.029058 0.970938 0.000000
3 3 0.000000 0.000026 0.247027 0.752948 0.000000
3 3 0.000000 0.000007 0.024759 0.975233 0.000001
3 3 0.000000 0.000004 0.010437 0.989559 0.000000
3 3 0.000000 0.000001 0.023750 0.976249 0.000000
3 3 0.000000 0.000002 0.017377 0.982621 0.000000
3 3 0.000002 0.000091 0.042770 0.957090 0.000047
3 3 0.000000 0.000001 0.001093 0.998905 0.000000
3 3 0.000000 0.000001 0.012346 0.987653 0.000000
3 3 0.000000 0.000005 0.059575 0.940420 0.000000
3 3 0.000000 0.000000 0.001783 0.998217 0.000000
3 3 0.000000 0.000001 0.058556 0.941443 0.000000
3 3 0.000000 0.000036 0.072152 0.927810 0.000002
3 3 0.000000 0.000044 0.301340 0.698615 0.000001
3 3 0.000000 0.000006 0.011465 0.988529 0.000000
3 3 0.000000 0.000000 0.003771 0.996228 0.000000
3 3 0.000000 0.000000 0.006072 0.993927 0.000000
3 3 0.000000 0.000001 0.012162 0.987837 0.000000
3 3 0.000000 0.000001 0.095966 0.904034 0.000000
3 3 0.000000 0.000000 0.017272 0.982728 0.000000
3 3 0.000000 0.000029 0.188112 0.811858 0.000001
3 3 0.000000 0.000008 0.044320 0.955672 0.000000
3 3 0.000000 0.000003 0.011372 0.988625 0.000000
3 3 0.000000 0.000006 0.008972 0.991021 0.000001
3 3 0.000000 0.000002 0.049896 0.950102 0.000000
3 3 0.000000 0.000001 0.018282 0.981717 0.000000
3 3 0.000000 0.000004 0.036317 0.963680 0.000000
3 3 0.000000 0.000002 0.057201 0.942797 0.000000
3 3 0.000000 0.000003 0.057890 0.942107 0.000000
3 3 0.000000 0.000016 0.017554 0.982426 0.000003
3 3 0.000002 0.000322 0.252686 0.746972 0.000019
3 3 0.000000 0.000107 0.486919 0.512971 0.000003
3 3 0.000000 0.000019 0.026496 0.973485 0.000001
3 3 0.000000 0.000000 0.001495 0.998505 0.000000
3 3 0.000000 0.000000 0.001935 0.998065 0.000000
3 3 0.000000 0.000005 0.029900 0.970095 0.000000
3 3 0.000000 0.000000 0.004601 0.995399 0.000000
3 3 0.000000 0.000004 0.026086 0.973910 0.000000
3 3 0.000000 0.000010 0.039346 0.960644 0.000000
3 3 0.000000 0.000006 0.018458 0.981536 0.000000
3 3 0.000000 0.000014 0.016854 0.983132 0.000000
3 3 0.000000 0.000003 0.009428 0.990569 0.000000
3 3 0.000000 0.000003 0.353056 0.646941 0.000000
3 3 0.000000 0.000002 0.043916 0.956082 0.000000
3 3 0.000000 0.000015 0.118921 0.881063 0.000000
3 3 0.000000 0.000005 0.042117 0.957878 0.000000
3 3 0.000000 0.000000 0.052368 0.947631 0.000000
3 3 0.000000 0.000000 0.001040 0.998960 0.000000
3 3 0.000000 0.000039 0.032439 0.967518 0.000004
3 3 0.000000 0.000002 0.042929 0.957070 0.000000
3 3 0.000000 0.000002 0.098874 0.901124 0.000000
3 3 0.000000 0.000002 0.227259 0.772739 0.000000
3 3 0.000000 0.000009 0.138280 0.861711 0.000000
3 3 0.000000 0.000000 0.007709 0.992291 0.000000
3 3 0.000016 0.000818 0.440948 0.558212 0.000007
2 3 0.000003 0.001671 0.777874 0.220425 0.000027
2 3 0.000709 0.036509 0.788699 0.171057 0.003026
2 3 0.000920 0.024841 0.855209 0.117772 0.001258
2 2 0.010720 0.058508 0.925724 0.004335 0.000712
0 2 0.952027 0.029347 0.006284 0.000037 0.012305
1 2 0.069977 0.392099 0.382813 0.072122 0.082989
0 1 0.660892 0.074499 0.073754 0.000104 0.190751
4 0 0.319816 0.226800 0.080718 0.012839 0.359827
4 0 0.051737 0.157490 0.037132 0.000914 0.752727
4 1 0.114354 0.154286 0.166800 0.014895 0.549665
4 0 0.216369 0.172354 0.154565 0.072252 0.384460
2 0 0.043704 0.250359 0.569236 0.013891 0.122810
2 1 0.037170 0.292455 0.465853 0.002747 0.201776
2 1 0.028955 0.356957 0.396278 0.000669 0.217141
2 2 0.000014 0.003191 0.946020 0.050189 0.000587
2 2 0.000003 0.001024 0.998860 0.000084 0.000029
2 2 0.000171 0.013449 0.985130 0.000665 0.000585
2 2 0.000001 0.000030 0.995005 0.004963 0.000001
2 2 0.000001 0.000190 0.958789 0.041019 0.000002
2 2 0.000434 0.022636 0.940871 0.021860 0.014198
2 2 0.000010 0.001692 0.908483 0.089613 0.000202
2 2 0.010838 0.186257 0.486590 0.093258 0.223057
2 2 0.000707 0.030981 0.929108 0.020301 0.018903
2 2 0.000001 0.000320 0.962113 0.037539 0.000026
2 2 0.000001 0.000113 0.996328 0.003548 0.000011
2 2 0.000000 0.000013 0.951962 0.048025 0.000000
2 2 0.003611 0.008414 0.889593 0.089073 0.009310
2 2 0.000000 0.000011 0.961872 0.038116 0.000000
2 2 0.000001 0.000296 0.981574 0.018106 0.000023
2 2 0.000257 0.001468 0.989864 0.007896 0.000515
2 2 0.001802 0.006879 0.963935 0.016077 0.011308
2 2 0.004198 0.032396 0.692990 0.187441 0.082976
2 2 0.000051 0.001905 0.891234 0.105728 0.001083
2 2 0.000001 0.000350 0.930819 0.068822 0.000008
2 2 0.000000 0.000097 0.980542 0.019357 0.000003
2 2 0.000000 0.000062 0.987836 0.012100 0.000001
2 2 0.000001 0.000173 0.998067 0.001750 0.000009
2 2 0.000563 0.049338 0.836176 0.034776 0.079147
2 2 0.001156 0.011254 0.941462 0.027776 0.018352
2 2 0.007934 0.021214 0.891205 0.021129 0.058518
4 2 0.005737 0.036585 0.370745 0.001111 0.585823
4 2 0.011707 0.040135 0.285982 0.036818 0.625357
4 4 0.018207 0.029223 0.149199 0.009485 0.793885
4 4 0.166061 0.009789 0.014864 0.000208 0.809078
4 4 0.032145 0.018457 0.031189 0.000245 0.917963
4 4 0.036899 0.043288 0.171684 0.006634 0.741495
2 4 0.000401 0.028040 0.926217 0.000940 0.044403
4 2 0.178777 0.037740 0.386645 0.007921 0.388918
4 2 0.299152 0.026408 0.051804 0.000804 0.621832
4 4 0.005523 0.014405 0.016409 0.000556 0.963108
4 4 0.006571 0.032448 0.031649 0.001165 0.928168
4 4 0.004737 0.026749 0.025591 0.000814 0.942109
4 4 0.048972 0.045564 0.069794 0.003757 0.831913
2 4 0.016897 0.032001 0.833980 0.006150 0.110972
2 4 0.000608 0.016088 0.964189 0.001817 0.017298
4 4 0.079246 0.056464 0.187576 0.000092 0.676622
2 4 0.003103 0.041310 0.501892 0.000835 0.452859
4 4 0.025341 0.025020 0.187373 0.011228 0.751038
2 2 0.000094 0.007207 0.988958 0.000775 0.002966
2 2 0.000600 0.012126 0.977886 0.000868 0.008519
2 2 0.000307 0.014047 0.976860 0.004714 0.004072
2 2 0.000002 0.000153 0.997959 0.001868 0.000017
2 2 0.000000 0.000055 0.996620 0.003323 0.000002
2 2 0.000015 0.000108 0.999174 0.000698 0.000006
2 2 0.000030 0.000482 0.999378 0.000033 0.000076
2 2 0.000040 0.000162 0.983607 0.016179 0.000012
2 2 0.003047 0.003746 0.987430 0.002516 0.003261
2 2 0.000003 0.000315 0.999105 0.000564 0.000014
2 2 0.000043 0.000466 0.997681 0.001698 0.000112
2 2 0.000195 0.001273 0.963636 0.034634 0.000263
2 2 0.000000 0.000009 0.911684 0.088307 0.000000
2 2 0.000001 0.000025 0.999847 0.000127 0.000000
2 2 0.000036 0.000483 0.998486 0.000952 0.000044
2 2 0.000000 0.000019 0.998995 0.000985 0.000000
2 1 0.001454 0.028008 0.956905 0.001492 0.012141
2 2 0.002429 0.037577 0.935164 0.014625 0.010205
2 2 0.019896 0.009999 0.944921 0.007759 0.017426
2 2 0.000010 0.000063 0.951058 0.048867 0.000001
2 2 0.000214 0.000563 0.998719 0.000500 0.000005
2 2 0.000000 0.000013 0.999350 0.000637 0.000000
2 2 0.000013 0.000016 0.997774 0.002197 0.000000
2 2 0.001006 0.001606 0.995396 0.001461 0.000530
2 2 0.051987 0.039367 0.853156 0.026005 0.029485
2 2 0.000000 0.000000 0.998560 0.001440 0.000000
2 2 0.000001 0.000002 0.999042 0.000955 0.000000
2 2 0.000026 0.000249 0.983273 0.016404 0.000049
2 2 0.000001 0.000031 0.845746 0.154221 0.000001
2 2 0.000002 0.000037 0.980868 0.019093 0.000001
2 2 0.000002 0.000003 0.999184 0.000811 0.000000
2 2 0.002949 0.006221 0.940454 0.046474 0.003903
2 2 0.002326 0.016028 0.849711 0.122666 0.009269
0 2 0.934301 0.034911 0.026980 0.000002 0.003806
1 1 0.139244 0.561034 0.224543 0.000676 0.074504
2 1 0.092515 0.041835 0.533389 0.237909 0.094353
2 2 0.000406 0.001970 0.921368 0.075237 0.001019
2 2 0.079209 0.059155 0.822237 0.009014 0.030385
2 2 0.000844 0.008084 0.988245 0.001301 0.001525
2 2 0.000000 0.000000 0.997313 0.002687 0.000000
2 2 0.000000 0.000009 0.988925 0.011067 0.000000
2 2 0.000001 0.000023 0.934785 0.065190 0.000001
2 2 0.000002 0.000023 0.990000 0.009974 0.000000
2 2 0.000009 0.000013 0.946682 0.053295 0.000000
2 2 0.000208 0.003083 0.988862 0.007610 0.000238
2 2 0.000000 0.000006 0.998703 0.001291 0.000000
2 2 0.000000 0.000000 0.987201 0.012799 0.000000
2 2 0.000000 0.000007 0.997938 0.002055 0.000000
2 2 0.000000 0.000000 0.998184 0.001816 0.000000
2 2 0.000000 0.000013 0.942332 0.057654 0.000000
2 2 0.000000 0.000001 0.998364 0.001635 0.000000
2 2 0.000073 0.000069 0.997415 0.002437 0.000006
2 2 0.000000 0.000002 0.993131 0.006867 0.000000
2 2 0.000000 0.000073 0.984998 0.014922 0.000007
2 2 0.000000 0.000002 0.999851 0.000147 0.000000
2 2 0.000000 0.000004 0.989750 0.010246 0.000000
2 2 0.000001 0.000048 0.944646 0.055301 0.000004
2 2 0.000000 0.000004 0.983991 0.016005 0.000000
2 2 0.000000 0.000001 0.999775 0.000224 0.000000
2 2 0.000000 0.000001 0.982656 0.017343 0.000000
2 2 0.000004 0.000011 0.992383 0.007602 0.000000
2 2 0.000000 0.000003 0.993995 0.006002 0.000000
2 2 0.000000 0.000015 0.922478 0.077506 0.000000
2 2 0.000000 0.000000 0.987236 0.012764 0.000000
2 2 0.000000 0.000000 0.991637 0.008363 0.000000
2 2 0.000000 0.000000 0.902091 0.097908 0.000000
2 2 0.000000 0.000000 0.984257 0.015743 0.000000
2 2 0.000000 0.000001 0.948401 0.051598 0.000000
2 2 0.000000 0.000001 0.683840 0.316159 0.000000
2 2 0.000000 0.000000 0.960469 0.039530 0.000000
2 2 0.000000 0.000001 0.953463 0.046536 0.000000
2 2 0.000010 0.000118 0.941218 0.058639 0.000016
2 2 0.000001 0.000028 0.945234 0.054736 0.000001
2 2 0.000000 0.000002 0.749557 0.250441 0.000000
2 2 0.000000 0.000001 0.936507 0.063492 0.000000
2 2 0.000000 0.000002 0.865369 0.134630 0.000000
2 2 0.000000 0.000007 0.955057 0.044937 0.000000
2 2 0.000000 0.000003 0.965573 0.034425 0.000000
2 2 0.000000 0.000003 0.878646 0.121350 0.000000
2 2 0.000000 0.000001 0.559712 0.440287 0.000000
2 2 0.000000 0.000000 0.665154 0.334846 0.000000
2 2 0.000000 0.000003 0.913132 0.086865 0.000000
2 2 0.000000 0.000001 0.933718 0.066281 0.000000
2 2 0.000000 0.000033 0.809804 0.190163 0.000001
3 2 0.000000 0.000003 0.493154 0.506843 0.000000
2 3 0.000003 0.000228 0.598138 0.401614 0.000016
2 3 0.000000 0.000005 0.545512 0.454483 0.000000
2 3 0.000000 0.000002 0.796721 0.203278 0.000000
3 3 0.000000 0.000008 0.389156 0.610836 0.000000
2 3 0.000000 0.000000 0.979497 0.020503 0.000000
2 3 0.000000 0.000000 0.663448 0.336551 0.000000
2 3 0.000000 0.000025 0.718358 0.281615 0.000002
2 3 0.000000 0.000002 0.947738 0.052260 0.000000
2 3 0.000000 0.000002 0.949196 0.050801 0.000000
2 3 0.000000 0.000039 0.955021 0.044940 0.000001
3 3 0.000000 0.000001 0.163015 0.836985 0.000000
2 3 0.000000 0.000003 0.750622 0.249376 0.000000
2 3 0.000000 0.000011 0.696500 0.303490 0.000000
2 3 0.000000 0.000030 0.550580 0.449390 0.000001
2 3 0.000000 0.000002 0.800188 0.199811 0.000000
2 3 0.000000 0.000019 0.743864 0.256116 0.000001
2 3 0.000087 0.012136 0.793507 0.193846 0.000424
3 3 0.000209 0.008256 0.335312 0.653263 0.002961
2 3 0.000001 0.000500 0.948258 0.051228 0.000013
2 2 0.000067 0.017724 0.976921 0.003887 0.001401
2 2 0.000000 0.000000 0.997085 0.002915 0.000000
2 2 0.000000 0.000001 0.999703 0.000297 0.000000
0 2 0.963391 0.008203 0.010105 0.000436 0.017865
0 1 0.999701 0.000034 0.000188 0.000002 0.000076
2 2 0.034819 0.124474 0.674398 0.013035 0.153273
2 2 0.000103 0.004901 0.993716 0.001111 0.000169
2 2 0.000099 0.000365 0.998581 0.000891 0.000065
2 2 0.000570 0.003861 0.976084 0.018408 0.001078
2 2 0.000000 0.000032 0.843397 0.156569 0.000001
2 2 0.000001 0.000038 0.931279 0.068681 0.000001
2 2 0.000003 0.000503 0.998224 0.001224 0.000045
2 2 0.000000 0.000001 0.999663 0.000337 0.000000
2 2 0.018834 0.004811 0.967364 0.006246 0.002745
2 2 0.000172 0.000231 0.997762 0.001815 0.000019
2 2 0.000000 0.000002 0.964804 0.035195 0.000000
2 2 0.000001 0.000027 0.994731 0.005241 0.000000
2 2 0.000000 0.000000 0.998906 0.001094 0.000000
2 2 0.000000 0.000002 0.999780 0.000219 0.000000
2 2 0.000002 0.000090 0.998960 0.000939 0.000009
2 2 0.000069 0.000447 0.996753 0.002685 0.000046
2 2 0.000028 0.000911 0.995525 0.003377 0.000159
2 2 0.000005 0.000075 0.994765 0.005145 0.000010
2 2 0.000000 0.000002 0.986847 0.013151 0.000000
2 2 0.000000 0.000012 0.998729 0.001260 0.000000
2 2 0.000000 0.000030 0.960903 0.039067 0.000000
2 2 0.000000 0.000002 0.995299 0.004699 0.000000
2 2 0.000002 0.000087 0.987801 0.012103 0.000007
2 2 0.000346 0.001944 0.994021 0.003584 0.000105
2 2 0.000012 0.000394 0.999421 0.000160 0.000013
2 2 0.000000 0.000018 0.996077 0.003904 0.000000
2 2 0.000011 0.000183 0.823080 0.176719 0.000007
2 2 0.000013 0.000091 0.924133 0.075755 0.000007
2 2 0.000000 0.000045 0.995133 0.004821 0.000001
2 2 0.000000 0.000016 0.997859 0.002126 0.000000
2 2 0.000000 0.000005 0.999343 0.000652 0.000000
2 2 0.000000 0.000001 0.979017 0.020982 0.000000
2 2 0.000000 0.000001 0.999205 0.000794 0.000000
2 2 0.000000 0.000001 0.998723 0.001276 0.000000
2 2 0.000000 0.000000 0.992439 0.007561 0.000000
2 2 0.000000 0.000002 0.998414 0.001584 0.000000
2 2 0.000000 0.000000 0.998221 0.001779 0.000000
2 2 0.000000 0.000001 0.995546 0.004453 0.000000
2 2 0.000000 0.000003 0.978203 0.021794 0.000000
2 2 0.000000 0.000005 0.983795 0.016200 0.000000
2 2 0.000000 0.000003 0.993971 0.006026 0.000000
2 2 0.000000 0.000000 0.983241 0.016759 0.000000
2 2 0.000000 0.000008 0.996680 0.003312 0.000000
2 2 0.000000 0.000007 0.990656 0.009337 0.000000
2 2 0.000001 0.000080 0.988662 0.011254 0.000002
2 2 0.000000 0.000009 0.997743 0.002248 0.000000
2 2 0.000015 0.000046 0.992618 0.007320 0.000001
2 2 0.000001 0.000009 0.979520 0.020470 0.000000
2 2 0.000000 0.000003 0.986711 0.013286 0.000000
2 2 0.000000 0.000008 0.997819 0.002173 0.000000
2 2 0.000003 0.000109 0.599206 0.400668 0.000013
2 2 0.000000 0.000001 0.905566 0.094433 0.000000
2 2 0.000002 0.000017 0.997346 0.002635 0.000000
2 2 0.000000 0.000018 0.973424 0.026557 0.000000
2 2 0.000000 0.000001 0.975737 0.024262 0.000000
2 2 0.000029 0.000039 0.966714 0.033218 0.000001
2 2 0.000001 0.000046 0.920204 0.079749 0.000001
2 2 0.000000 0.000001 0.964507 0.035492 0.000000
2 2 0.031273 0.016505 0.944641 0.005651 0.001930
2 2 0.000000 0.000106 0.997901 0.001992 0.000001
2 2 0.000015 0.000289 0.984162 0.015525 0.000009
2 1 0.078033 0.009316 0.899108 0.010340 0.003202
2 2 0.000111 0.000299 0.663655 0.335892 0.000043
2 2 0.000455 0.001050 0.793593 0.204847 0.000055
2 2 0.002324 0.001037 0.993937 0.002690 0.000011
2 2 0.046504 0.076233 0.870729 0.000042 0.006491
2 2 0.000003 0.000196 0.988929 0.010869 0.000004
2 2 0.000000 0.000032 0.973334 0.026633 0.000001
2 2 0.000000 0.000001 0.999458 0.000541 0.000000
2 2 0.000000 0.000001 0.996047 0.003952 0.000000
2 2 0.008803 0.108102 0.778667 0.033721 0.070706
2 2 0.000062 0.004813 0.985656 0.008850 0.000618
2 2 0.038549 0.176675 0.524670 0.001617 0.258488
2 2 0.000262 0.011551 0.984081 0.002211 0.001895
2 2 0.000673 0.024845 0.909764 0.059561 0.005157
2 2 0.001059 0.009152 0.975439 0.005126 0.009224
2 2 0.000000 0.000022 0.998095 0.001882 0.000001
2 2 0.000000 0.000000 0.997765 0.002235 0.000000
2 2 0.000000 0.000015 0.999906 0.000080 0.000000
2 2 0.000021 0.001331 0.992990 0.005597 0.000061
2 2 0.000000 0.000003 0.998261 0.001737 0.000000
2 2 0.000000 0.000002 0.981882 0.018117 0.000000
2 2 0.000001 0.000043 0.997625 0.002331 0.000000
2 2 0.000212 0.000077 0.999289 0.000418 0.000003
2 2 0.000126 0.000463 0.978584 0.020756 0.000071
2 2 0.003059 0.002481 0.974402 0.019427 0.000630
2 2 0.000554 0.013045 0.962952 0.009817 0.013631
2 2 0.001060 0.013476 0.946142 0.025368 0.013954
2 2 0.000011 0.000134 0.987105 0.012744 0.000007
2 2 0.000088 0.000284 0.927669 0.071925 0.000033
0 1 0.808582 0.081704 0.030194 0.001222 0.078298
0 1 0.738623 0.090218 0.016862 0.000066 0.154231
2 2 0.000032 0.003800 0.993034 0.002693 0.000440
2 2 0.000003 0.000283 0.994453 0.005247 0.000015
2 2 0.000000 0.000019 0.999685 0.000295 0.000000
2 2 0.008709 0.020677 0.961664 0.006119 0.002830
2 2 0.000955 0.002057 0.972113 0.024416 0.000458
2 2 0.000010 0.000392 0.972454 0.027118 0.000026
2 2 0.000001 0.000023 0.993706 0.006268 0.000001
2 2 0.000000 0.000029 0.993736 0.006235 0.000000
2 2 0.000004 0.000365 0.998387 0.001241 0.000002
2 2 0.000000 0.000010 0.988550 0.011440 0.000000
2 2 0.000000 0.000003 0.995281 0.004716 0.000000
2 2 0.000000 0.000006 0.999435 0.000558 0.000000
2 2 0.000000 0.000000 0.998217 0.001783 0.000000
2 2 0.000000 0.000017 0.999381 0.000602 0.000000
2 2 0.000000 0.000326 0.993253 0.006408 0.000013
2 2 0.000044 0.007297 0.902305 0.089231 0.001122
2 2 0.000000 0.000003 0.996263 0.003734 0.000000
2 2 0.000000 0.000004 0.974111 0.025884 0.000000
2 2 0.011022 0.001834 0.983995 0.002496 0.000653
2 2 0.006977 0.066715 0.920120 0.002456 0.003732
2 2 0.000007 0.000080 0.997267 0.002643 0.000003
2 2 0.000000 0.000006 0.998215 0.001780 0.000000
2 2 0.014611 0.015696 0.963181 0.000858 0.005653
2 2 0.000821 0.001776 0.983915 0.012972 0.000515
2 2 0.000000 0.000026 0.999029 0.000945 0.000000
2 2 0.000000 0.000001 0.986166 0.013833 0.000000
2 2 0.008386 0.014559 0.484376 0.481004 0.011675
2 2 0.000001 0.000008 0.973156 0.026836 0.000000
2 2 0.000001 0.000031 0.993832 0.006135 0.000001
2 2 0.000000 0.000000 0.998300 0.001700 0.000000
2 2 0.000961 0.008891 0.988901 0.001122 0.000125
0 0 0.863739 0.062860 0.028404 0.002054 0.042944
0 0 0.428734 0.222903 0.052107 0.002206 0.294051
0 0 0.997153 0.000396 0.001562 0.000087 0.000802
0 0 0.987548 0.003189 0.007559 0.000024 0.001681
0 0 0.607018 0.035586 0.120701 0.000295 0.236400
4 0 0.225893 0.102736 0.022957 0.000031 0.648382
0 0 0.419616 0.140340 0.035766 0.000005 0.404274
0 0 0.623008 0.160243 0.046398 0.000125 0.170226
4 0 0.378550 0.092565 0.072247 0.000472 0.456166
0 0 0.981798 0.005040 0.006791 0.000420 0.005951
0 0 0.401182 0.162770 0.059368 0.000918 0.375762
4 0 0.176083 0.242028 0.197248 0.002601 0.382041
4 0 0.180730 0.336642 0.119667 0.000390 0.362572
4 0 0.032756 0.121296 0.085538 0.000187 0.760224
4 0 0.034652 0.089573 0.045614 0.000045 0.830116
4 0 0.256521 0.024057 0.023620 0.000446 0.695356
4 0 0.333420 0.239701 0.009379 0.000003 0.417498
4 0 0.049414 0.065967 0.055500 0.024423 0.804696
4 0 0.051279 0.030020 0.035160 0.007036 0.876505
4 0 0.018442 0.070586 0.014055 0.000072 0.896845
4 0 0.036037 0.104544 0.028112 0.000228 0.831078
0 0 0.695745 0.046996 0.173853 0.002559 0.080846
0 0 0.946167 0.009991 0.015616 0.000796 0.027429
4 1 0.102247 0.114289 0.052473 0.000446 0.730546
4 1 0.110085 0.051308 0.040410 0.000341 0.797856
4 1 0.113946 0.108158 0.056394 0.000006 0.721496
2 1 0.009292 0.106513 0.774434 0.001020 0.108741
4 1 0.222655 0.288698 0.175090 0.000102 0.313455
4 2 0.025768 0.381685 0.097421 0.000059 0.495067
2 2 0.006200 0.212231 0.417855 0.007096 0.356618
2 2 0.000442 0.048150 0.898641 0.003453 0.049313
2 2 0.001185 0.076508 0.676334 0.110689 0.135285
2 2 0.000118 0.029774 0.915425 0.028957 0.025725
2 2 0.000000 0.000105 0.999840 0.000052 0.000004
2 2 0.000000 0.000002 0.999157 0.000841 0.000000
2 2 0.000000 0.000015 0.999646 0.000339 0.000000
2 2 0.000000 0.000002 0.998016 0.001982 0.000000
2 2 0.000000 0.000067 0.993268 0.006662 0.000002
2 2 0.000001 0.000025 0.997035 0.002938 0.000000
2 2 0.000001 0.000648 0.984489 0.014831 0.000031
2 2 0.000000 0.000081 0.992642 0.007275 0.000002
2 2 0.000000 0.000011 0.999841 0.000148 0.000000
2 2 0.000000 0.000003 0.999623 0.000374 0.000000
2 2 0.000000 0.000000 0.999890 0.000110 0.000000
2 2 0.000000 0.000000 0.999971 0.000029 0.000000
2 2 0.000000 0.000012 0.995723 0.004265 0.000000
2 2 0.000001 0.000018 0.997639 0.002342 0.000000
2 2 0.000005 0.001859 0.996966 0.000570 0.000599
2 2 0.000000 0.000004 0.999162 0.000834 0.000000
2 2 0.000000 0.000001 0.999870 0.000129 0.000000
2 2 0.000000 0.000001 0.999470 0.000529 0.000000
2 2 0.000000 0.000007 0.998574 0.001419 0.000000
2 2 0.000000 0.000006 0.995772 0.004222 0.000000
2 2 0.000000 0.000001 0.993238 0.006760 0.000000
2 2 0.000000 0.000001 0.996336 0.003663 0.000000
2 2 0.000000 0.000005 0.999783 0.000211 0.000000
2 2 0.000000 0.000000 0.999707 0.000292 0.000000
2 2 0.000000 0.000000 0.999631 0.000369 0.000000
2 2 0.000000 0.000001 0.994846 0.005153 0.000000
2 2 0.000000 0.000001 0.999931 0.000068 0.000000
2 2 0.000000 0.000000 0.999816 0.000184 0.000000
2 2 0.000000 0.000000 0.999065 0.000934 0.000000
2 2 0.000000 0.000000 0.999385 0.000615 0.000000
2 2 0.000000 0.000000 0.996265 0.003735 0.000000
2 2 0.000000 0.000001 0.958759 0.041240 0.000000
2 2 0.000000 0.000000 0.999184 0.000816 0.000000
2 2 0.000000 0.000000 0.998180 0.001820 0.000000
2 2 0.000000 0.000000 0.999101 0.000899 0.000000
2 2 0.000000 0.000001 0.990156 0.009843 0.000000
2 2 0.000000 0.000000 0.928338 0.071662 0.000000
2 2 0.000000 0.000000 0.957545 0.042455 0.000000
2 2 0.000000 0.000000 0.998119 0.001881 0.000000
2 2 0.000000 0.000000 0.993472 0.006528 0.000000
2 2 0.000000 0.000000 0.984712 0.015287 0.000000
2 2 0.000000 0.000001 0.971963 0.028037 0.000000
2 2 0.000000 0.000000 0.966312 0.033688 0.000000
2 2 0.000000 0.000000 0.837228 0.162772 0.000000
2 2 0.000000 0.000000 0.993319 0.006681 0.000000
2 2 0.000000 0.000000 0.983015 0.016985 0.000000
2 2 0.000000 0.000000 0.978241 0.021759 0.000000
2 2 0.000000 0.000000 0.921505 0.078495 0.000000
2 2 0.000000 0.000002 0.962447 0.037551 0.000000
2 2 0.000001 0.000005 0.978783 0.021212 0.000000
2 3 0.000000 0.000000 0.937752 0.062248 0.000000
2 3 0.000000 0.000001 0.987864 0.012136 0.000000
2 3 0.000000 0.000001 0.990957 0.009041 0.000000
2 3 0.000001 0.000008 0.948376 0.051615 0.000000
2 3 0.000000 0.000002 0.879677 0.120321 0.000000
2 3 0.000000 0.000003 0.709349 0.290648 0.000000
3 3 0.000000 0.000002 0.489986 0.510011 0.000000
2 3 0.000000 0.000007 0.888645 0.111348 0.000000
2 3 0.000000 0.000018 0.938600 0.061381 0.000000
2 3 0.000000 0.000000 0.815171 0.184829 0.000000
2 3 0.000000 0.000001 0.905239 0.094760 0.000000
2 3 0.000000 0.000000 0.883671 0.116329 0.000000
2 3 0.000000 0.000008 0.987612 0.012379 0.000000
2 3 0.000000 0.000010 0.728076 0.271913 0.000000
2 3 0.000000 0.000004 0.893274 0.106722 0.000000
2 3 0.000000 0.000003 0.844318 0.155679 0.000000
2 3 0.000000 0.000001 0.805094 0.194906 0.000000
2 3 0.000000 0.000000 0.902821 0.097178 0.000000
3 3 0.000000 0.000000 0.224707 0.775293 0.000000
2 3 0.000000 0.000000 0.965727 0.034273 0.000000
2 3 0.000000 0.000007 0.585284 0.414709 0.000000
3 3 0.000000 0.000050 0.444519 0.555429 0.000002
3 3 0.000000 0.000006 0.326311 0.673682 0.000000
2 3 0.000000 0.000020 0.878107 0.121872 0.000001
2 3 0.000000 0.000000 0.505611 0.494389 0.000000
3 3 0.000000 0.000000 0.310391 0.689609 0.000000
2 3 0.000003 0.000093 0.642614 0.357289 0.000002
3 3 0.000002 0.000080 0.444370 0.555546 0.000002
2 3 0.000000 0.000074 0.529992 0.469929 0.000004
2 3 0.000000 0.000001 0.651501 0.348498 0.000000
2 3 0.000007 0.000291 0.599382 0.400290 0.000030
2 3 0.000001 0.000083 0.719216 0.280697 0.000004
2 3 0.000000 0.000001 0.901268 0.098730 0.000000
2 3 0.000000 0.000001 0.625013 0.374985 0.000000
3 3 0.000000 0.000005 0.475697 0.524298 0.000000
3 3 0.000000 0.000000 0.493384 0.506616 0.000000
3 3 0.000000 0.000000 0.261208 0.738792 0.000000
3 3 0.000000 0.000006 0.376567 0.623427 0.000000
2 3 0.000007 0.000055 0.538110 0.461827 0.000001
2 3 0.000001 0.000048 0.723967 0.275983 0.000001
2 3 0.000000 0.000002 0.938703 0.061295 0.000000
2 3 0.000000 0.000015 0.508362 0.491622 0.000000
3 3 0.000000 0.000006 0.206798 0.793197 0.000000
3 3 0.000000 0.000000 0.237877 0.762123 0.000000
3 3 0.000000 0.000011 0.205412 0.794577 0.000000
3 3 0.000000 0.000002 0.113333 0.886664 0.000000
2 3 0.000000 0.000000 0.918409 0.081590 0.000000
3 3 0.000000 0.000000 0.492138 0.507862 0.000000
2 3 0.000000 0.000074 0.674760 0.325163 0.000004
2 3 0.000001 0.000042 0.696477 0.303477 0.000003
3 3 0.000000 0.000001 0.312240 0.687759 0.000000
3 3 0.000000 0.000002 0.131142 0.868856 0.000000
2 3 0.000001 0.000183 0.622474 0.377338 0.000004
3 3 0.000008 0.000223 0.306284 0.693433 0.000052
3 3 0.000000 0.000002 0.453451 0.546548 0.000000
3 3 0.000000 0.000001 0.248063 0.751936 0.000000
2 3 0.000000 0.000005 0.833863 0.166133 0.000000
3 3 0.000000 0.000061 0.252750 0.747188 0.000001
2 3 0.000016 0.000084 0.788418 0.211478 0.000003
2 3 0.000159 0.000524 0.631795 0.367505 0.000017
2 2 0.000000 0.000002 0.974614 0.025384 0.000000
2 2 0.000000 0.000010 0.993690 0.006299 0.000000
2 2 0.000000 0.000017 0.991189 0.008793 0.000000
2 2 0.000035 0.000485 0.975712 0.023726 0.000042
2 2 0.000000 0.000000 0.896425 0.103575 0.000000
2 2 0.000000 0.000000 0.995820 0.004180 0.000000
2 2 0.001634 0.017712 0.931079 0.034657 0.014918
2 2 0.031589 0.049824 0.670045 0.017586 0.230956
2 2 0.002162 0.046780 0.733718 0.081471 0.135869
2 2 0.033487 0.087611 0.831071 0.003595 0.044236
2 2 0.000540 0.044527 0.948138 0.000294 0.006500
2 2 0.008913 0.042865 0.839692 0.047793 0.060738
4 2 0.012370 0.050888 0.061214 0.001843 0.873686
4 2 0.019150 0.037383 0.167050 0.040397 0.736020
4 4 0.021544 0.007225 0.010722 0.000102 0.960406
4 4 0.013996 0.006451 0.007506 0.000113 0.971934
4 4 0.026477 0.011318 0.012945 0.000602 0.948658
4 4 0.003396 0.004210 0.003869 0.000100 0.988425
4 4 0.472233 0.015826 0.027788 0.000907 0.483246
4 4 0.020027 0.016759 0.017875 0.002026 0.943313
4 4 0.016540 0.016470 0.020122 0.000783 0.946085
4 4 0.033213 0.008246 0.009984 0.000227 0.948330
4 4 0.049640 0.010489 0.013220 0.000374 0.926276
4 4 0.049351 0.005798 0.007639 0.000073 0.937139
4 4 0.003620 0.007776 0.006880 0.000528 0.981196
4 4 0.069616 0.006464 0.011886 0.000105 0.911928
4 4 0.008008 0.008000 0.007912 0.000395 0.975685
4 4 0.002243 0.011446 0.009839 0.001614 0.974858
4 4 0.027696 0.007597 0.009016 0.000196 0.955495
4 4 0.045647 0.029931 0.034471 0.007309 0.882642
4 4 0.052482 0.016980 0.020807 0.001397 0.908334
4 4 0.216431 0.007100 0.011521 0.000082 0.764866
4 4 0.204016 0.072511 0.019255 0.000104 0.704113
1 4 0.146821 0.715564 0.045341 0.000000 0.092275
4 4 0.117123 0.082718 0.032110 0.000220 0.767829
4 4 0.024155 0.275673 0.056366 0.000248 0.643557
4 4 0.102097 0.004674 0.006972 0.000031 0.886225
4 4 0.019955 0.017173 0.018273 0.002172 0.942427
4 4 0.020610 0.009516 0.010637 0.000416 0.958822
4 4 0.034153 0.007509 0.009195 0.000173 0.948969
4 4 0.023734 0.009741 0.011093 0.000417 0.955016
4 4 0.072182 0.018173 0.019466 0.000756 0.889423
4 4 0.011126 0.006371 0.006721 0.000181 0.975602
4 4 0.065910 0.015285 0.019520 0.000954 0.898331
4 4 0.123740 0.008857 0.011399 0.000104 0.855900
4 4 0.210049 0.009569 0.015108 0.000187 0.765087
4 4 0.101695 0.011559 0.016081 0.000376 0.870289
4 4 0.015541 0.010821 0.011501 0.000673 0.961464
4 4 0.058845 0.019425 0.023964 0.001947 0.895819
4 4 0.037870 0.014955 0.017640 0.001120 0.928415
0 4 0.377033 0.115628 0.377029 0.000003 0.130307
0 1 0.865797 0.016228 0.031294 0.004580 0.082101
4 1 0.031051 0.042313 0.059939 0.004023 0.862674
4 2 0.023603 0.055896 0.187010 0.009461 0.724030
4 2 0.012786 0.047576 0.049926 0.017483 0.872228
4 4 0.030612 0.026970 0.035957 0.001932 0.904529
4 4 0.021142 0.058090 0.056210 0.030233 0.834325
4 4 0.001807 0.008925 0.007076 0.001070 0.981123
4 4 0.081628 0.003836 0.005618 0.000019 0.908899
4 4 0.005768 0.009527 0.008871 0.000745 0.975088
4 4 0.012298 0.027904 0.027391 0.000036 0.932371
4 4 0.055783 0.025490 0.017602 0.000502 0.900623
4 4 0.104281 0.009675 0.013694 0.000228 0.872122
4 4 0.193702 0.011581 0.017791 0.000322 0.776603
4 4 0.004645 0.005661 0.005319 0.000196 0.984178
4 4 0.050343 0.016806 0.020484 0.001380 0.910987
4 4 0.020536 0.014138 0.015329 0.001248 0.948750
4 4 0.048994 0.018413 0.022202 0.001801 0.908589
4 4 0.008824 0.004915 0.005741 0.000049 0.980472
4 4 0.012620 0.035205 0.066840 0.000296 0.885039
4 4 0.053063 0.008513 0.013149 0.000069 0.925206
4 4 0.179332 0.004801 0.007791 0.000029 0.808047
4 4 0.076587 0.008656 0.011799 0.000186 0.902772
4 4 0.002129 0.083863 0.166206 0.001061 0.746742
4 2 0.007135 0.123148 0.259150 0.017432 0.593136
4 2 0.041293 0.119587 0.216834 0.009113 0.613173
0 2 0.317662 0.095685 0.276795 0.004621 0.305238
2 2 0.088494 0.302197 0.374522 0.018146 0.216641
4 2 0.003437 0.119464 0.312812 0.009226 0.555061
4 2 0.060361 0.122573 0.320753 0.003473 0.492839
4 2 0.006921 0.079317 0.116945 0.008339 0.788477
4 2 0.003337 0.065820 0.222004 0.011764 0.697074
2 2 0.001029 0.075523 0.587415 0.078664 0.257369
2 2 0.002899 0.072037 0.750127 0.002860 0.172078
2 2 0.000472 0.081497 0.848751 0.010647 0.058633
2 2 0.000830 0.028503 0.921837 0.006970 0.041860
2 2 0.000084 0.050011 0.857129 0.004136 0.088640
2 2 0.000312 0.035555 0.714936 0.004613 0.244584
2 2 0.000265 0.055094 0.889587 0.002308 0.052746
2 2 0.000207 0.034487 0.925861 0.005250 0.034195
4 2 0.017578 0.068696 0.062861 0.016409 0.834456
4 2 0.005832 0.103133 0.364393 0.002929 0.523713
2 2 0.000131 0.060316 0.885554 0.009967 0.044032
2 2 0.000544 0.066143 0.698368 0.002586 0.232358
2 2 0.001171 0.070903 0.760417 0.041826 0.125683
4 2 0.011903 0.055504 0.068229 0.012321 0.852044
2 2 0.006480 0.115185 0.395266 0.111032 0.372036
2 2 0.000096 0.032537 0.846199 0.096445 0.024723
2 2 0.000056 0.008454 0.985483 0.000231 0.005776
0 2 0.937186 0.002469 0.052576 0.000100 0.007667
2 2 0.104620 0.246765 0.511878 0.004977 0.131760
2 2 0.003359 0.006952 0.979070 0.000087 0.010532
2 2 0.000011 0.000830 0.998474 0.000637 0.000047
2 2 0.000107 0.000231 0.999567 0.000062 0.000032
2 2 0.000984 0.000636 0.997826 0.000460 0.000094
2 2 0.000729 0.000177 0.997750 0.001334 0.000011
2 2 0.000002 0.000059 0.999775 0.000164 0.000001
2 2 0.000000 0.000028 0.997059 0.002912 0.000000
2 2 0.000001 0.000019 0.998932 0.001048 0.000000
2 2 0.000003 0.000039 0.999822 0.000135 0.000000
2 2 0.001550 0.000447 0.997826 0.000146 0.000031
2 2 0.000053 0.000266 0.998945 0.000721 0.000014
2 2 0.000047 0.000140 0.999018 0.000786 0.000009
2 2 0.000000 0.000011 0.999167 0.000822 0.000000
2 2 0.000184 0.000114 0.999309 0.000380 0.000013
2 2 0.015138 0.000426 0.983029 0.001216 0.000191
2 2 0.000026 0.000025 0.999801 0.000148 0.000001
2 2 0.000002 0.000014 0.999659 0.000325 0.000000
2 2 0.000001 0.000004 0.999744 0.000251 0.000000
2 2 0.000000 0.000003 0.999848 0.000149 0.000000
2 2 0.000003 0.000024 0.997929 0.002044 0.000000
2 2 0.000001 0.000072 0.998069 0.001856 0.000002
2 2 0.000006 0.000032 0.999827 0.000135 0.000001
2 2 0.000005 0.000006 0.999344 0.000646 0.000000
2 2 0.000229 0.000206 0.996660 0.002895 0.000009
2 2 0.000003 0.000009 0.996257 0.003731 0.000000
2 2 0.001541 0.000137 0.998221 0.000088 0.000012
2 2 0.000012 0.000015 0.999724 0.000248 0.000000
2 2 0.000000 0.000012 0.993898 0.006090 0.000000
2 2 0.000048 0.000118 0.997506 0.002320 0.000008
