0 0 1.000000 0.000000 0.000000 0.000000 0.000000
0 0 0.976363 0.002155 0.000236 0.000001 0.021245
0 0 0.992891 0.002874 0.000792 0.000151 0.003292
0 0 0.998869 0.000364 0.000132 0.000053 0.000582
0 0 0.999605 0.000043 0.000003 0.000002 0.000346
0 0 0.999355 0.000127 0.000018 0.000009 0.000491
0 0 0.989352 0.000489 0.000241 0.000012 0.009907
0 0 0.992429 0.000211 0.000038 0.000000 0.007322
0 0 0.991012 0.003514 0.000505 0.000141 0.004828
0 0 0.994810 0.001734 0.000222 0.000071 0.003164
0 0 0.911621 0.049337 0.010732 0.001160 0.027150
0 0 0.996658 0.000159 0.000015 0.000000 0.003167
0 0 0.991033 0.000232 0.000071 0.000002 0.008662
0 0 0.999665 0.000042 0.000007 0.000002 0.000284
0 0 0.999645 0.000018 0.000001 0.000000 0.000335
0 0 0.985243 0.000530 0.000081 0.000001 0.014145
0 0 0.995034 0.000757 0.000078 0.000004 0.004126
0 0 0.989916 0.002721 0.000354 0.000027 0.006982
0 0 0.983624 0.007377 0.001194 0.000291 0.007514
0 0 0.997124 0.001091 0.000639 0.000205 0.000941
0 0 0.997703 0.000576 0.000062 0.000024 0.001635
0 0 0.992474 0.002805 0.000388 0.000113 0.004220
0 0 0.999643 0.000043 0.000004 0.000002 0.000308
0 0 0.998193 0.000412 0.000042 0.000017 0.001336
0 0 0.897319 0.046845 0.009522 0.000239 0.046075
0 0 0.942766 0.017145 0.002829 0.000033 0.037227
0 1 0.900752 0.017934 0.005028 0.000063 0.076222
4 1 0.202591 0.025530 0.057160 0.001194 0.713525
0 1 0.345903 0.323743 0.144213 0.000496 0.185645
1 2 0.282482 0.374310 0.258225 0.001885 0.083098
1 2 0.027446 0.468375 0.400266 0.000150 0.103763
4 2 0.266598 0.199011 0.257105 0.000042 0.277244
4 2 0.343487 0.181575 0.093618 0.000202 0.381118
0 1 0.603791 0.108140 0.044503 0.000130 0.243437
4 2 0.118619 0.286501 0.136677 0.000041 0.458162
2 2 0.002847 0.070852 0.806353 0.000128 0.119820
2 2 0.002974 0.061866 0.629383 0.000044 0.305732
2 2 0.009076 0.167045 0.705039 0.000083 0.118757
2 2 0.000077 0.015153 0.980585 0.000213 0.003971
4 2 0.004245 0.078411 0.227671 0.000004 0.689669
2 2 0.021671 0.303749 0.651655 0.003824 0.019101
2 2 0.008080 0.131972 0.796714 0.001137 0.062096
2 2 0.000059 0.011257 0.981867 0.000146 0.006671
2 2 0.000127 0.005395 0.976184 0.000143 0.018152
2 2 0.000000 0.000482 0.998999 0.000379 0.000140
2 2 0.000039 0.001911 0.993395 0.000684 0.003971
2 2 0.000001 0.000761 0.998817 0.000106 0.000315
2 2 0.000000 0.000078 0.999116 0.000794 0.000012
2 2 0.001700 0.014069 0.965320 0.001402 0.017509
2 2 0.000192 0.001905 0.994657 0.000501 0.002745
2 2 0.000004 0.000142 0.998828 0.000988 0.000038
2 2 0.000000 0.000046 0.999204 0.000745 0.000004
2 2 0.000019 0.001190 0.996852 0.001179 0.000759
2 2 0.000103 0.007591 0.971163 0.000850 0.020293
2 2 0.000000 0.000030 0.996161 0.003770 0.000038
2 2 0.000011 0.000212 0.996696 0.002747 0.000334
2 2 0.000001 0.000095 0.999420 0.000444 0.000041
2 2 0.000011 0.000148 0.994538 0.005014 0.000289
2 2 0.000000 0.000001 0.937507 0.062492 0.000000
2 2 0.000000 0.000001 0.991239 0.008759 0.000000
2 2 0.000000 0.000016 0.966458 0.033522 0.000004
2 2 0.000002 0.000214 0.986745 0.012622 0.000417
2 2 0.000000 0.000001 0.998962 0.001037 0.000000
2 3 0.000000 0.000003 0.953542 0.046455 0.000000
2 3 0.020729 0.001595 0.897807 0.075713 0.004157
2 3 0.000000 0.000005 0.997029 0.002962 0.000004
2 3 0.000000 0.000045 0.995858 0.004079 0.000018
2 3 0.000000 0.000082 0.943419 0.056302 0.000197
3 3 0.000363 0.001076 0.169565 0.828608 0.000389
3 3 0.000300 0.000508 0.370781 0.627930 0.000480
2 3 0.000106 0.000623 0.575003 0.421622 0.002646
2 3 0.000001 0.000049 0.525011 0.474774 0.000165
3 3 0.000003 0.000009 0.442744 0.557226 0.000017
3 3 0.000020 0.000068 0.184000 0.815718 0.000194
3 3 0.000001 0.000023 0.243784 0.756055 0.000137
3 3 0.000003 0.000076 0.236617 0.763025 0.000278
2 3 0.000000 0.000004 0.694760 0.305234 0.000003
2 3 0.000041 0.000102 0.742813 0.256242 0.000802
3 3 0.000006 0.000050 0.233219 0.766674 0.000050
3 3 0.000000 0.000000 0.329641 0.670358 0.000000
3 3 0.000004 0.000073 0.132057 0.867728 0.000137
3 3 0.000028 0.000013 0.023746 0.976013 0.000200
3 3 0.000001 0.000000 0.013068 0.986929 0.000001
2 3 0.002119 0.000278 0.516567 0.477827 0.003209
3 3 0.000000 0.000000 0.003717 0.996283 0.000000
2 3 0.000009 0.000033 0.825081 0.174346 0.000531
2 3 0.000979 0.005688 0.654530 0.292668 0.046134
2 2 0.037002 0.190309 0.601207 0.013099 0.158383
2 2 0.001850 0.022935 0.439601 0.385953 0.149661
2 2 0.035009 0.043227 0.682334 0.031680 0.207751
4 2 0.170437 0.029227 0.320462 0.014467 0.465408
2 2 0.000047 0.011699 0.956066 0.017015 0.015174
2 2 0.010600 0.079559 0.709260 0.000324 0.200258
2 2 0.000005 0.002143 0.994349 0.001335 0.002167
0 0 0.993352 0.002392 0.000323 0.000097 0.003836
0 0 0.959771 0.021270 0.004090 0.000817 0.014051
0 0 0.847029 0.082710 0.019046 0.000768 0.050447
0 0 0.984254 0.007035 0.001129 0.000278 0.007304
1 1 0.221276 0.426223 0.294787 0.009484 0.048231
2 1 0.038841 0.373439 0.560140 0.006660 0.020920
2 2 0.000151 0.021461 0.974714 0.001164 0.002510
2 2 0.000439 0.048009 0.932712 0.001761 0.017079
2 2 0.005232 0.126890 0.784630 0.000689 0.082559
2 2 0.008898 0.173603 0.544439 0.001243 0.271817
2 2 0.001282 0.043598 0.905446 0.000106 0.049568
2 2 0.003662 0.103166 0.761087 0.000172 0.131913
2 2 0.000361 0.025114 0.872962 0.001648 0.099915
2 2 0.000841 0.012803 0.802680 0.000532 0.183144
2 2 0.004645 0.025156 0.940784 0.001416 0.027999
0 1 0.833869 0.045077 0.008173 0.000021 0.112860
0 1 0.891999 0.050628 0.010467 0.000281 0.046625
0 1 0.876903 0.070678 0.016303 0.001463 0.034653
2 2 0.017208 0.219970 0.434812 0.000016 0.327994
0 1 0.751685 0.075021 0.015122 0.000024 0.158148
2 2 0.011679 0.267279 0.480750 0.000052 0.240240
2 2 0.000064 0.007493 0.967900 0.001604 0.022940
2 2 0.000239 0.009861 0.959685 0.005088 0.025127
2 2 0.000002 0.000782 0.993938 0.004469 0.000809
2 2 0.000022 0.006036 0.992379 0.000417 0.001147
2 2 0.000000 0.000355 0.999191 0.000342 0.000112
2 2 0.000091 0.011319 0.984648 0.002199 0.001744
2 2 0.000424 0.037545 0.931265 0.000430 0.030336
2 2 0.000001 0.000329 0.996545 0.003011 0.000113
2 2 0.000001 0.001083 0.998507 0.000277 0.000131
2 2 0.000008 0.002786 0.994764 0.000783 0.001658
2 2 0.000200 0.006662 0.987217 0.001489 0.004432
2 2 0.000052 0.007615 0.988812 0.001705 0.001816
2 1 0.161732 0.093360 0.627989 0.001534 0.115385
2 1 0.119019 0.218395 0.574863 0.003998 0.083724
2 2 0.013855 0.256543 0.556327 0.000650 0.172624
2 2 0.131299 0.180257 0.662202 0.009960 0.016281
1 2 0.389569 0.396393 0.137539 0.008560 0.067940
2 2 0.132639 0.344992 0.345291 0.000739 0.176338
2 2 0.000668 0.040120 0.910643 0.000177 0.048392
2 2 0.000007 0.004114 0.990017 0.000060 0.005802
2 2 0.000445 0.011679 0.982952 0.002671 0.002253
0 2 0.681661 0.159234 0.056310 0.000390 0.102404
0 2 0.490382 0.238817 0.063732 0.000146 0.206923
2 2 0.007593 0.117281 0.777344 0.000796 0.096987
2 2 0.001683 0.077909 0.822289 0.000528 0.097592
2 2 0.000010 0.003525 0.990117 0.000179 0.006169
2 2 0.000045 0.009974 0.972958 0.000211 0.016811
2 2 0.000000 0.000094 0.993373 0.006493 0.000040
2 2 0.000000 0.000022 0.998640 0.001337 0.000002
2 2 0.000067 0.000298 0.998218 0.001179 0.000239
2 2 0.000013 0.002018 0.997038 0.000749 0.000181
2 2 0.000137 0.003702 0.964519 0.024356 0.007285
2 2 0.000001 0.000193 0.998177 0.001481 0.000149
2 2 0.000005 0.000126 0.996008 0.003773 0.000088
2 2 0.000006 0.000088 0.981258 0.018571 0.000077
2 2 0.000000 0.000102 0.998251 0.001635 0.000012
2 2 0.000000 0.000070 0.982297 0.017617 0.000016
2 2 0.000000 0.000204 0.999051 0.000708 0.000037
2 2 0.000000 0.000001 0.999784 0.000214 0.000001
2 2 0.000000 0.000425 0.993860 0.005371 0.000344
2 2 0.000001 0.000129 0.981632 0.018120 0.000118
2 2 0.000000 0.000000 0.999873 0.000127 0.000000
2 2 0.000000 0.000007 0.998253 0.001738 0.000001
2 2 0.000000 0.000001 0.975647 0.024352 0.000000
2 2 0.000000 0.000000 0.999012 0.000988 0.000000
2 2 0.000000 0.000007 0.979585 0.020404 0.000004
2 2 0.000000 0.000005 0.926026 0.073963 0.000007
2 3 0.000000 0.000001 0.671433 0.328565 0.000000
2 3 0.000000 0.000000 0.960704 0.039296 0.000000
2 3 0.000002 0.000114 0.960669 0.039120 0.000094
2 3 0.000000 0.000010 0.999538 0.000440 0.000012
2 3 0.000002 0.000105 0.721688 0.277922 0.000282
3 3 0.000001 0.000022 0.329696 0.670143 0.000138
3 3 0.000250 0.000180 0.285252 0.713716 0.000601
3 3 0.000198 0.000086 0.328374 0.671179 0.000162
3 3 0.000008 0.000038 0.132304 0.867555 0.000096
3 3 0.000010 0.000006 0.166044 0.833809 0.000131
3 3 0.000001 0.000001 0.059134 0.940858 0.000006
3 3 0.000000 0.000001 0.032912 0.967081 0.000005
3 3 0.000021 0.000102 0.148865 0.850845 0.000166
3 3 0.000000 0.000002 0.193541 0.806456 0.000001
3 3 0.000000 0.000001 0.008275 0.991724 0.000000
3 3 0.000002 0.000017 0.096653 0.903267 0.000061
3 3 0.000194 0.000126 0.159985 0.838275 0.001420
3 3 0.000442 0.000075 0.026154 0.971895 0.001433
3 3 0.000016 0.000123 0.092478 0.906599 0.000784
3 3 0.000041 0.000029 0.015104 0.984416 0.000410
3 3 0.000044 0.000133 0.021314 0.978187 0.000322
3 3 0.000000 0.000000 0.004975 0.995023 0.000001
3 3 0.000033 0.000016 0.019741 0.980081 0.000129
3 3 0.000067 0.000043 0.109045 0.889652 0.001192
3 3 0.020669 0.000012 0.002345 0.976781 0.000194
3 3 0.001542 0.001928 0.127372 0.855666 0.013492
2 3 0.000322 0.012899 0.928632 0.045195 0.012952
2 2 0.000750 0.004798 0.957017 0.035701 0.001734
2 2 0.140169 0.306205 0.349661 0.001203 0.202762
2 2 0.015285 0.218850 0.732524 0.002137 0.031204
2 2 0.000183 0.029403 0.830534 0.043223 0.096657
2 2 0.005473 0.065743 0.525407 0.003804 0.399572
2 2 0.000002 0.000404 0.992768 0.005520 0.001306
2 2 0.000000 0.000034 0.986357 0.013580 0.000029
2 2 0.000017 0.001761 0.991736 0.001052 0.005434
2 2 0.000565 0.005723 0.981798 0.000450 0.011464
2 2 0.000000 0.000124 0.998868 0.000949 0.000060
2 2 0.000000 0.000001 0.998958 0.001041 0.000000
2 2 0.000000 0.000109 0.998946 0.000910 0.000035
2 2 0.001769 0.010853 0.974444 0.003242 0.009693
2 2 0.000000 0.000002 0.912850 0.087148 0.000000
2 2 0.000000 0.000152 0.994115 0.005663 0.000070
2 2 0.000008 0.001895 0.988559 0.005827 0.003712
2 2 0.000015 0.001764 0.974685 0.022505 0.001032
2 2 0.000003 0.000067 0.731661 0.268120 0.000149
2 2 0.000004 0.000452 0.929018 0.069215 0.001311
2 2 0.000000 0.000106 0.966297 0.033586 0.000010
2 3 0.000000 0.000020 0.965934 0.034025 0.000021
2 3 0.000013 0.000542 0.893474 0.105595 0.000376
2 3 0.000000 0.000010 0.680206 0.319781 0.000004
2 3 0.000014 0.000576 0.981146 0.013788 0.004476
2 3 0.000010 0.000338 0.680546 0.317304 0.001802
2 3 0.000000 0.000014 0.942064 0.057902 0.000020
2 3 0.000000 0.000000 0.656966 0.343034 0.000000
2 3 0.000000 0.000005 0.801471 0.198521 0.000002
3 3 0.000000 0.000000 0.040865 0.959135 0.000000
2 3 0.000001 0.000052 0.633942 0.365994 0.000011
3 3 0.000040 0.000074 0.285061 0.714526 0.000300
2 3 0.000001 0.000049 0.927570 0.072305 0.000074
3 3 0.000000 0.000001 0.246909 0.753089 0.000001
2 3 0.000006 0.000220 0.711824 0.287618 0.000332
2 3 0.053601 0.002123 0.539349 0.383349 0.021577
3 3 0.000149 0.001355 0.452313 0.543449 0.002735
3 3 0.000006 0.000182 0.197535 0.801729 0.000548
3 3 0.000389 0.000093 0.042410 0.955602 0.001506
3 3 0.000188 0.000716 0.279359 0.715398 0.004338
3 3 0.001657 0.000690 0.423759 0.555867 0.018027
2 3 0.115079 0.006310 0.839873 0.030261 0.008477
2 2 0.000079 0.002475 0.860710 0.113070 0.023666
2 2 0.000000 0.000500 0.547951 0.451433 0.000116
2 2 0.000200 0.003227 0.982784 0.003736 0.010052
2 2 0.000260 0.001935 0.991790 0.003315 0.002700
2 2 0.000000 0.000016 0.967379 0.032597 0.000008
2 2 0.000000 0.000012 0.910767 0.089211 0.000010
2 2 0.000001 0.000216 0.995439 0.004104 0.000240
2 2 0.000002 0.000106 0.974697 0.025123 0.000072
2 2 0.000000 0.000417 0.771569 0.227823 0.000190
2 2 0.000000 0.000007 0.974145 0.025847 0.000001
2 2 0.000000 0.000000 0.990835 0.009165 0.000000
2 2 0.000000 0.000006 0.999362 0.000626 0.000007
2 2 0.000000 0.000037 0.974050 0.025896 0.000017
2 2 0.000000 0.000016 0.933481 0.066475 0.000028
2 2 0.000000 0.000000 0.648666 0.351334 0.000000
2 2 0.000000 0.000011 0.964333 0.035653 0.000003
2 2 0.000000 0.000005 0.990276 0.009701 0.000018
2 2 0.001378 0.000092 0.972488 0.025458 0.000583
2 2 0.000026 0.000833 0.996350 0.002223 0.000567
2 2 0.000002 0.000074 0.944943 0.054935 0.000046
2 2 0.000000 0.000000 0.933848 0.066152 0.000000
2 2 0.000000 0.000001 0.991154 0.008845 0.000000
2 2 0.000007 0.001360 0.988316 0.000991 0.009326
2 2 0.000062 0.007357 0.940613 0.001965 0.050002
2 2 0.000060 0.018434 0.830397 0.000638 0.150471
2 2 0.000065 0.013384 0.917805 0.000475 0.068271
4 2 0.003222 0.137334 0.285536 0.000012 0.573896
4 2 0.003212 0.059908 0.247278 0.000030 0.689571
4 2 0.010678 0.034662 0.314627 0.000085 0.639948
4 4 0.001900 0.010808 0.373307 0.004921 0.609064
4 4 0.001543 0.011087 0.181828 0.009932 0.795609
4 4 0.001253 0.002252 0.013973 0.000273 0.982248
4 4 0.000741 0.018708 0.323172 0.000180 0.657200
2 4 0.000228 0.043027 0.739568 0.000010 0.217168
4 4 0.000706 0.050153 0.441189 0.000193 0.507759
2 2 0.000031 0.018330 0.778729 0.003745 0.199164
2 2 0.000000 0.000075 0.998799 0.000968 0.000158
2 2 0.000000 0.000992 0.993781 0.000155 0.005072
2 2 0.000055 0.018946 0.687879 0.000062 0.293058
2 2 0.000234 0.067264 0.485745 0.000705 0.446052
4 4 0.001351 0.001020 0.001013 0.000013 0.996603
4 4 0.066112 0.006330 0.003627 0.004696 0.919236
4 4 0.001838 0.027021 0.218428 0.001360 0.751353
4 4 0.001017 0.012410 0.056947 0.000061 0.929565
4 4 0.089596 0.275497 0.227795 0.000068 0.407044
2 2 0.002408 0.150641 0.651820 0.000193 0.194938
2 2 0.000273 0.050064 0.873480 0.000014 0.076169
2 2 0.000001 0.000844 0.996264 0.000043 0.002849
2 2 0.000000 0.000095 0.999292 0.000548 0.000065
2 2 0.000001 0.001135 0.998123 0.000183 0.000557
2 2 0.000000 0.000057 0.999819 0.000068 0.000056
2 2 0.000000 0.000243 0.999474 0.000131 0.000151
2 2 0.000001 0.000476 0.997812 0.000955 0.000756
2 2 0.000000 0.000059 0.999549 0.000055 0.000337
2 2 0.000000 0.000001 0.999159 0.000839 0.000001
2 2 0.000000 0.000000 0.993016 0.006983 0.000000
2 2 0.000000 0.000003 0.989867 0.010129 0.000000
2 2 0.000005 0.000497 0.996124 0.002423 0.000952
2 2 0.000000 0.000114 0.999692 0.000133 0.000061
2 2 0.000002 0.001282 0.995686 0.000071 0.002960
2 2 0.000005 0.000431 0.990007 0.007761 0.001796
2 2 0.000000 0.000006 0.955261 0.044730 0.000004
2 2 0.000000 0.000005 0.812809 0.187185 0.000001
2 2 0.000000 0.000002 0.977146 0.022852 0.000001
2 2 0.000000 0.000190 0.997844 0.001670 0.000296
2 2 0.000000 0.000013 0.999524 0.000451 0.000013
2 2 0.000010 0.000196 0.951864 0.046844 0.001086
2 2 0.000000 0.000019 0.863479 0.136413 0.000088
2 2 0.000000 0.000000 0.909310 0.090689 0.000000
3 2 0.000000 0.000000 0.134075 0.865925 0.000000
2 2 0.000075 0.000883 0.966336 0.029891 0.002815
2 2 0.000001 0.000023 0.992981 0.006809 0.000185
2 2 0.000002 0.000092 0.901014 0.098640 0.000251
2 2 0.000000 0.000008 0.976454 0.023524 0.000014
2 2 0.000000 0.000006 0.774040 0.225935 0.000019
2 2 0.000000 0.000019 0.864174 0.135747 0.000060
2 2 0.000000 0.000004 0.999702 0.000294 0.000000
2 2 0.000000 0.000000 0.998796 0.001204 0.000000
2 2 0.000138 0.000501 0.946335 0.049084 0.003942
2 2 0.000004 0.000014 0.951262 0.048678 0.000042
2 2 0.000000 0.000027 0.989601 0.010295 0.000076
2 2 0.000000 0.000006 0.617122 0.382868 0.000005
2 3 0.000000 0.000017 0.960233 0.039748 0.000003
2 3 0.000003 0.000121 0.630656 0.369028 0.000192
3 3 0.000000 0.000001 0.387794 0.612201 0.000003
3 3 0.000014 0.000232 0.306048 0.693459 0.000248
3 3 0.000003 0.000026 0.108344 0.891570 0.000058
2 3 0.000404 0.000362 0.579217 0.415844 0.004174
3 3 0.000000 0.000022 0.145142 0.854783 0.000053
3 3 0.000000 0.000001 0.043102 0.956896 0.000001
3 3 0.000000 0.000000 0.019382 0.980616 0.000001
3 3 0.000002 0.000000 0.024312 0.975683 0.000003
3 3 0.000003 0.000030 0.208557 0.791290 0.000121
3 3 0.000356 0.000007 0.031923 0.967630 0.000085
3 3 0.000000 0.000000 0.000816 0.999184 0.000000
3 3 0.000001 0.000002 0.015026 0.984963 0.000008
3 3 0.000000 0.000000 0.007922 0.992078 0.000000
3 3 0.000000 0.000000 0.002180 0.997820 0.000000
3 3 0.000001 0.000008 0.073730 0.926187 0.000074
3 3 0.000016 0.000038 0.150438 0.848970 0.000538
3 3 0.000002 0.000029 0.045267 0.954642 0.000061
3 3 0.000000 0.000000 0.010707 0.989293 0.000000
3 3 0.000082 0.000011 0.007804 0.992072 0.000030
3 2 0.000000 0.000007 0.078438 0.921550 0.000005
2 2 0.000036 0.010572 0.961962 0.013910 0.013520
2 2 0.000012 0.000380 0.978702 0.015459 0.005447
2 2 0.000000 0.000186 0.716758 0.282986 0.000070
2 2 0.000000 0.000005 0.987925 0.012069 0.000001
2 2 0.000098 0.005119 0.725907 0.252750 0.016126
2 2 0.000013 0.000696 0.819243 0.177057 0.002991
2 2 0.000000 0.000058 0.861320 0.138453 0.000169
2 2 0.000000 0.000008 0.634239 0.365738 0.000014
2 3 0.000000 0.000012 0.682680 0.317303 0.000006
3 3 0.000000 0.000002 0.139328 0.860669 0.000001
2 3 0.000001 0.000025 0.792186 0.207758 0.000029
2 3 0.000000 0.000030 0.873926 0.126019 0.000025
3 3 0.000002 0.000026 0.383720 0.616241 0.000011
2 3 0.000000 0.000004 0.988555 0.011437 0.000004
3 3 0.000000 0.000079 0.318506 0.681385 0.000030
3 3 0.000000 0.000147 0.408390 0.591331 0.000131
2 3 0.000004 0.000360 0.635658 0.363260 0.000718
3 3 0.000003 0.000083 0.225993 0.773526 0.000394
2 3 0.000004 0.000491 0.649720 0.349395 0.000389
2 3 0.000000 0.000125 0.853165 0.146667 0.000043
2 3 0.000000 0.000037 0.688568 0.311366 0.000028
2 3 0.000000 0.000004 0.746633 0.253358 0.000004
3 3 0.000000 0.000009 0.315245 0.684740 0.000007
2 3 0.000000 0.000009 0.672632 0.327324 0.000035
3 3 0.000040 0.000178 0.152452 0.846032 0.001299
2 3 0.000366 0.000937 0.542042 0.443569 0.013085
2 3 0.000856 0.001418 0.569392 0.421645 0.006690
3 3 0.000113 0.000055 0.090217 0.909152 0.000462
3 3 0.000000 0.000001 0.106257 0.893739 0.000003
3 3 0.000071 0.000049 0.041127 0.957500 0.001253
3 3 0.000000 0.000057 0.450600 0.549185 0.000157
3 3 0.000000 0.000000 0.009784 0.990211 0.000005
3 3 0.000004 0.000007 0.077257 0.922623 0.000109
3 3 0.022391 0.000787 0.171905 0.795853 0.009063
3 3 0.000000 0.000000 0.003124 0.996876 0.000000
3 3 0.000000 0.000001 0.136254 0.863738 0.000007
2 3 0.000000 0.000001 0.953431 0.046561 0.000007
3 3 0.000015 0.000038 0.347336 0.652602 0.000009
3 3 0.000018 0.000194 0.051258 0.948199 0.000331
3 3 0.000080 0.000334 0.174015 0.825405 0.000166
2 3 0.000667 0.012988 0.771207 0.208152 0.006986
2 3 0.000917 0.001397 0.924012 0.071272 0.002403
3 3 0.000004 0.000109 0.479411 0.520458 0.000017
3 3 0.000642 0.005946 0.463969 0.512459 0.016984
2 3 0.000005 0.000536 0.990560 0.008774 0.000125
2 3 0.000000 0.000005 0.999457 0.000537 0.000001
2 3 0.000000 0.000045 0.998140 0.001648 0.000167
2 2 0.000001 0.000150 0.991706 0.008048 0.000094
2 2 0.000002 0.000143 0.970527 0.029197 0.000131
2 2 0.000003 0.000177 0.958062 0.041532 0.000226
2 2 0.000000 0.000015 0.961693 0.038288 0.000004
2 2 0.000003 0.000284 0.876475 0.123072 0.000166
2 2 0.000000 0.000014 0.706839 0.293145 0.000003
3 2 0.000093 0.000461 0.475913 0.523004 0.000528
2 2 0.000000 0.000035 0.785967 0.213993 0.000005
3 3 0.000000 0.000033 0.249644 0.750277 0.000046
2 3 0.000000 0.000009 0.991977 0.008012 0.000001
2 3 0.000056 0.000873 0.667324 0.331235 0.000512
2 3 0.000004 0.000327 0.925639 0.073671 0.000359
2 3 0.000000 0.000046 0.922543 0.077390 0.000021
2 3 0.000052 0.003759 0.852481 0.142298 0.001409
2 3 0.000015 0.000291 0.960599 0.038811 0.000283
2 3 0.000000 0.000003 0.981326 0.018670 0.000001
2 3 0.000000 0.000000 0.990538 0.009462 0.000000
3 3 0.000001 0.000010 0.111905 0.888079 0.000005
2 3 0.000010 0.000104 0.617304 0.382151 0.000431
2 2 0.005237 0.005151 0.904625 0.082629 0.002358
2 2 0.000001 0.000256 0.813628 0.185122 0.000992
2 2 0.000252 0.003113 0.902339 0.077068 0.017227
2 2 0.000576 0.003987 0.890578 0.075418 0.029441
2 2 0.000000 0.000037 0.917378 0.082562 0.000022
2 2 0.000000 0.000000 0.996877 0.003123 0.000000
2 3 0.000000 0.000148 0.998359 0.001465 0.000028
2 3 0.000097 0.002967 0.960145 0.027066 0.009724
2 3 0.000000 0.000135 0.684682 0.315075 0.000107
2 3 0.000000 0.000008 0.860118 0.139857 0.000017
3 3 0.000000 0.000039 0.309242 0.690676 0.000044
3 3 0.000000 0.000010 0.228782 0.771202 0.000006
2 3 0.000000 0.000072 0.757745 0.242113 0.000070
2 3 0.000003 0.000038 0.551387 0.448436 0.000136
2 3 0.000000 0.000007 0.896938 0.103053 0.000001
2 3 0.000000 0.000023 0.977803 0.022122 0.000052
2 3 0.000000 0.000012 0.710986 0.289000 0.000003
2 3 0.000000 0.000003 0.774552 0.225443 0.000002
3 3 0.000126 0.001960 0.367796 0.622198 0.007920
3 3 0.000000 0.000077 0.243531 0.756354 0.000038
3 3 0.000000 0.000003 0.088482 0.911509 0.000006
3 3 0.000008 0.000046 0.395236 0.604516 0.000194
3 3 0.000001 0.000040 0.124163 0.875777 0.000020
3 3 0.000001 0.000015 0.393617 0.606213 0.000153
3 3 0.000000 0.000016 0.140454 0.859497 0.000032
3 3 0.000000 0.000027 0.382981 0.616979 0.000012
3 3 0.000000 0.000012 0.173060 0.826916 0.000012
3 3 0.000026 0.000102 0.051100 0.947952 0.000820
3 3 0.000060 0.000156 0.142748 0.856807 0.000229
0 2 0.929542 0.002879 0.029957 0.008442 0.029181
0 2 0.886646 0.014460 0.070229 0.010069 0.018597
0 1 0.967983 0.011921 0.013656 0.002867 0.003572
2 2 0.006333 0.019553 0.852226 0.022287 0.099601
2 2 0.000159 0.001308 0.993303 0.004213 0.001017
2 2 0.000008 0.000704 0.877524 0.121521 0.000243
2 2 0.000002 0.000204 0.931648 0.067970 0.000176
2 2 0.000000 0.000339 0.996208 0.003182 0.000271
2 2 0.000000 0.000063 0.827513 0.172363 0.000062
2 2 0.000055 0.017309 0.950426 0.001233 0.030978
2 2 0.000126 0.017679 0.735430 0.000641 0.246124
4 2 0.000366 0.012611 0.116510 0.000462 0.870052
2 2 0.000066 0.014986 0.884056 0.015674 0.085218
2 2 0.000027 0.015640 0.927588 0.010680 0.046065
2 2 0.000050 0.014486 0.848155 0.020501 0.116808
4 4 0.004680 0.003534 0.029154 0.000527 0.962104
4 4 0.008434 0.004029 0.012059 0.000053 0.975425
4 4 0.001607 0.014162 0.368398 0.000013 0.615821
4 4 0.000661 0.024768 0.269090 0.000011 0.705470
4 4 0.000200 0.040143 0.145372 0.000219 0.814065
4 4 0.000430 0.033873 0.066503 0.002882 0.896312
4 4 0.000568 0.024167 0.445503 0.002352 0.527410
2 4 0.000033 0.009104 0.768612 0.000057 0.222193
4 4 0.024884 0.013984 0.054909 0.001514 0.904709
2 4 0.008765 0.080908 0.584968 0.000453 0.324906
2 4 0.000268 0.030634 0.553205 0.003275 0.412618
4 4 0.000430 0.039362 0.334544 0.000231 0.625433
2 4 0.000034 0.019761 0.871405 0.007969 0.100830
2 2 0.000018 0.011082 0.947202 0.000633 0.041065
2 2 0.000092 0.056347 0.634696 0.000135 0.308730
2 2 0.000618 0.041793 0.508582 0.000008 0.449000
2 2 0.000890 0.098802 0.633164 0.000895 0.266250
2 2 0.000048 0.023854 0.924598 0.000328 0.051172
2 2 0.001662 0.092414 0.509878 0.000064 0.395982
2 2 0.001830 0.059900 0.506181 0.000276 0.431813
2 2 0.003504 0.151135 0.740644 0.000224 0.104494
2 2 0.000034 0.011028 0.971280 0.001214 0.016443
2 2 0.000080 0.038810 0.802932 0.001408 0.156771
2 2 0.000117 0.014021 0.669438 0.000810 0.315615
2 2 0.000137 0.029554 0.912925 0.002975 0.054409
4 2 0.010838 0.068920 0.099230 0.000312 0.820699
2 2 0.000288 0.046041 0.725685 0.000138 0.227848
2 2 0.000249 0.019595 0.764920 0.000189 0.215048
4 2 0.000178 0.025208 0.285976 0.000086 0.688552
4 2 0.003427 0.092010 0.334385 0.000180 0.569998
2 2 0.000017 0.008937 0.917568 0.002580 0.070899
2 2 0.000004 0.008335 0.939456 0.000543 0.051662
2 2 0.000005 0.005360 0.941336 0.000042 0.053256
2 2 0.000009 0.009510 0.922836 0.000245 0.067400
2 2 0.000041 0.013235 0.962704 0.000032 0.023987
2 2 0.000010 0.009106 0.973672 0.000494 0.016719
2 2 0.000000 0.000131 0.999650 0.000186 0.000033
2 2 0.000000 0.000316 0.998976 0.000057 0.000651
2 2 0.000001 0.000826 0.997168 0.000634 0.001371
2 2 0.000000 0.000396 0.999253 0.000122 0.000228
2 2 0.000077 0.005238 0.981910 0.002794 0.009982
2 2 0.000006 0.002402 0.994458 0.001236 0.001899
2 2 0.004625 0.032911 0.850498 0.009914 0.102052
2 2 0.000023 0.002467 0.993306 0.000248 0.003958
2 2 0.000262 0.005229 0.985763 0.001955 0.006791
2 2 0.001927 0.024060 0.944180 0.000577 0.029255
2 2 0.000000 0.000030 0.999441 0.000508 0.000020
2 2 0.000000 0.000029 0.999660 0.000297 0.000014
2 2 0.000000 0.000470 0.995056 0.003546 0.000929
2 2 0.000000 0.000013 0.999920 0.000034 0.000033
2 2 0.000000 0.000025 0.983293 0.016680 0.000002
2 2 0.000000 0.000003 0.999245 0.000752 0.000001
2 2 0.001997 0.008129 0.980368 0.002545 0.006960
2 2 0.000000 0.000103 0.990343 0.009486 0.000067
2 2 0.000034 0.009727 0.981202 0.001136 0.007902
2 2 0.000000 0.000156 0.999628 0.000184 0.000032
2 2 0.000002 0.001114 0.988435 0.010232 0.000217
2 2 0.000000 0.000261 0.998245 0.001441 0.000053
2 2 0.000000 0.000168 0.999148 0.000569 0.000116
2 2 0.000001 0.000879 0.998299 0.000477 0.000343
2 2 0.000001 0.000132 0.951741 0.048103 0.000024
2 2 0.000076 0.001370 0.944717 0.052045 0.001792
2 2 0.000000 0.000038 0.997722 0.002209 0.000031
2 2 0.000000 0.000009 0.999257 0.000729 0.000005
2 2 0.000000 0.000135 0.999124 0.000640 0.000102
2 2 0.000009 0.002086 0.980296 0.015991 0.001618
2 2 0.026140 0.013469 0.915422 0.001366 0.043603
2 2 0.016766 0.017383 0.917428 0.005009 0.043414
2 2 0.000000 0.000376 0.997537 0.002002 0.000084
2 2 0.000045 0.003374 0.977597 0.012929 0.006056
2 2 0.000001 0.000345 0.993484 0.005969 0.000202
2 2 0.000000 0.000169 0.989713 0.010030 0.000087
2 2 0.000008 0.000470 0.938217 0.061058 0.000246
2 2 0.000064 0.007114 0.984458 0.003731 0.004633
2 2 0.000001 0.000410 0.976786 0.022764 0.000039
2 2 0.000000 0.000003 0.993816 0.006179 0.000002
2 2 0.000000 0.000155 0.864048 0.135664 0.000133
2 2 0.000000 0.000148 0.970550 0.029184 0.000117
2 2 0.000002 0.000299 0.982779 0.016734 0.000186
2 2 0.000200 0.000534 0.850862 0.146477 0.001927
2 2 0.000000 0.000043 0.946538 0.053378 0.000041
3 2 0.000001 0.000003 0.131979 0.868012 0.000004
2 2 0.000000 0.000022 0.894619 0.105354 0.000004
2 2 0.000001 0.000119 0.869937 0.129907 0.000036
2 2 0.000000 0.000001 0.868031 0.131967 0.000000
2 2 0.000000 0.000001 0.626160 0.373837 0.000002
2 3 0.000005 0.000185 0.843276 0.156470 0.000064
2 3 0.000006 0.000194 0.803795 0.195698 0.000307
2 3 0.000006 0.000020 0.823560 0.176405 0.000008
2 3 0.000000 0.000000 0.888237 0.111763 0.000000
2 3 0.000000 0.000012 0.926354 0.073604 0.000030
2 3 0.000001 0.000054 0.932479 0.067407 0.000059
3 3 0.000008 0.000714 0.167896 0.826351 0.005030
3 3 0.000018 0.000067 0.072037 0.927399 0.000478
3 3 0.000000 0.000001 0.014677 0.985321 0.000001
3 3 0.000000 0.000000 0.012845 0.987154 0.000001
2 3 0.000002 0.000093 0.845830 0.153943 0.000132
2 3 0.000359 0.004465 0.548482 0.432195 0.014499
3 3 0.000000 0.000015 0.437490 0.562344 0.000151
3 3 0.000001 0.000002 0.007393 0.992586 0.000018
3 3 0.000195 0.001548 0.217452 0.776833 0.003971
3 3 0.000236 0.001309 0.111255 0.879978 0.007222
3 3 0.000301 0.000174 0.020240 0.978359 0.000926
3 3 0.000000 0.000008 0.026135 0.973819 0.000037
3 3 0.003180 0.002536 0.449251 0.529288 0.015745
3 3 0.000022 0.000044 0.141210 0.858583 0.000142
3 3 0.000000 0.000001 0.006084 0.993914 0.000002
3 3 0.000003 0.000004 0.167616 0.832370 0.000008
3 3 0.000000 0.000001 0.038503 0.961491 0.000004
3 3 0.000005 0.000001 0.007528 0.992458 0.000008
3 3 0.000000 0.000002 0.000814 0.999173 0.000011
3 3 0.000000 0.000000 0.001342 0.998658 0.000000
2 3 0.000001 0.000009 0.586213 0.413769 0.000008
2 3 0.000001 0.000007 0.767962 0.232028 0.000002
2 2 0.018075 0.018859 0.693282 0.092749 0.177034
2 2 0.000915 0.005204 0.812699 0.169335 0.011847
2 2 0.000004 0.000340 0.942881 0.055951 0.000824
2 2 0.000000 0.000038 0.996516 0.003423 0.000023
2 2 0.000000 0.000116 0.979895 0.019974 0.000016
2 2 0.000000 0.000291 0.988696 0.010863 0.000149
2 2 0.000009 0.004191 0.990398 0.000216 0.005187
2 2 0.000000 0.000679 0.997050 0.001741 0.000529
2 2 0.000001 0.002064 0.927966 0.068483 0.001487
2 2 0.000003 0.001217 0.990685 0.005238 0.002857
2 2 0.000000 0.000353 0.997683 0.001138 0.000825
2 2 0.000000 0.000046 0.990552 0.009378 0.000024
2 2 0.000000 0.000386 0.983634 0.015621 0.000359
2 2 0.000006 0.000796 0.990568 0.007485 0.001146
2 2 0.000252 0.002557 0.976014 0.012138 0.009039
2 2 0.000000 0.000020 0.980919 0.019038 0.000023
2 2 0.000000 0.000123 0.963480 0.036365 0.000031
2 2 0.000000 0.000019 0.998047 0.001927 0.000007
2 2 0.000000 0.000514 0.916147 0.082647 0.000691
2 2 0.000003 0.000405 0.831538 0.165551 0.002504
2 2 0.000000 0.000002 0.792376 0.207622 0.000001
2 2 0.000000 0.000001 0.942408 0.057591 0.000000
2 2 0.000000 0.000002 0.890214 0.109784 0.000000
3 2 0.000000 0.000000 0.391652 0.608347 0.000000
2 2 0.003175 0.000834 0.966545 0.017989 0.011458
2 1 0.006597 0.003323 0.942906 0.046504 0.000670
0 1 0.851006 0.035031 0.019597 0.000439 0.093927
2 1 0.002594 0.044511 0.940705 0.004065 0.008125
2 2 0.007258 0.036528 0.800730 0.100051 0.055433
2 2 0.000084 0.008200 0.933755 0.032427 0.025535
2 2 0.000479 0.008143 0.986705 0.003198 0.001475
2 2 0.000037 0.002934 0.994613 0.000329 0.002086
2 2 0.000011 0.000329 0.997870 0.001516 0.000273
2 2 0.000009 0.002123 0.996306 0.001251 0.000312
2 2 0.000001 0.000696 0.995470 0.003682 0.000150
2 2 0.000575 0.005320 0.985716 0.003037 0.005351
2 2 0.000000 0.000017 0.998730 0.001251 0.000002
2 2 0.000000 0.000052 0.999556 0.000377 0.000016
2 2 0.000000 0.000008 0.995667 0.004322 0.000002
2 2 0.000002 0.000864 0.991060 0.007613 0.000461
2 2 0.000000 0.000185 0.929247 0.070289 0.000279
2 2 0.000002 0.001344 0.993868 0.002788 0.001999
2 2 0.000000 0.000166 0.996264 0.003513 0.000057
2 2 0.000008 0.000594 0.960502 0.038395 0.000501
2 2 0.000001 0.001024 0.987245 0.010617 0.001113
2 2 0.000002 0.001660 0.978607 0.018471 0.001260
2 2 0.000000 0.000009 0.983529 0.016461 0.000001
2 2 0.000000 0.000003 0.996552 0.003445 0.000000
2 2 0.000012 0.001358 0.984706 0.013415 0.000508
2 2 0.000026 0.006588 0.989767 0.002476 0.001143
2 2 0.000213 0.000596 0.960863 0.038028 0.000300
0 0 0.995040 0.001203 0.002360 0.000043 0.001354
2 1 0.057710 0.289830 0.554974 0.000924 0.096562
2 2 0.000187 0.019406 0.972057 0.000563 0.007787
2 2 0.000000 0.000018 0.993471 0.006511 0.000000
2 2 0.000000 0.000013 0.999293 0.000693 0.000001
2 2 0.047328 0.018368 0.907028 0.024524 0.002752
2 2 0.008513 0.049487 0.915863 0.010960 0.015178
2 2 0.000005 0.000814 0.998357 0.000733 0.000091
2 2 0.000100 0.000625 0.994404 0.004833 0.000037
2 2 0.091842 0.143460 0.726009 0.018822 0.019867
2 2 0.000147 0.011016 0.984937 0.001748 0.002153
2 2 0.000022 0.001926 0.994932 0.002915 0.000204
2 2 0.000002 0.001099 0.997778 0.001056 0.000066
2 2 0.000000 0.000006 0.998293 0.001701 0.000000
2 2 0.043137 0.015133 0.923410 0.017321 0.000999
0 0 0.985126 0.006563 0.001042 0.000259 0.007009
0 0 0.939170 0.018152 0.033260 0.006091 0.003327
0 0 0.726689 0.125434 0.029416 0.000192 0.118269
0 1 0.673639 0.187944 0.050371 0.001159 0.086887
0 1 0.985334 0.006356 0.001001 0.000233 0.007077
0 1 0.849955 0.091749 0.022707 0.003397 0.032192
0 0 0.996518 0.001019 0.000120 0.000042 0.002301
0 0 0.990931 0.003245 0.001411 0.000072 0.004341
0 1 0.716646 0.180520 0.051138 0.006552 0.045144
0 1 0.646978 0.218930 0.062639 0.003158 0.068294
0 0 0.998371 0.000204 0.000018 0.000002 0.001405
0 0 0.999519 0.000059 0.000004 0.000003 0.000415
0 0 0.909844 0.040636 0.034796 0.005714 0.009010
0 1 0.748191 0.158779 0.045437 0.005996 0.041597
0 1 0.464847 0.297750 0.148171 0.001815 0.087416
2 1 0.047026 0.452227 0.454033 0.002218 0.044496
2 2 0.000053 0.008011 0.987162 0.001770 0.003004
2 2 0.000009 0.006683 0.977983 0.008748 0.006577
2 2 0.000108 0.034765 0.919026 0.000449 0.045653
2 2 0.000033 0.011827 0.924576 0.000126 0.063438
2 2 0.000159 0.040283 0.815636 0.002981 0.140941
2 2 0.000291 0.026422 0.780497 0.000745 0.192046
4 2 0.002246 0.029419 0.062398 0.000036 0.905902
4 4 0.009879 0.006518 0.105257 0.007590 0.870756
4 4 0.027775 0.021192 0.052608 0.000096 0.898329
4 4 0.004922 0.022404 0.065147 0.001628 0.905898
4 4 0.008097 0.001776 0.004595 0.000095 0.985438
4 4 0.018213 0.002040 0.002301 0.000004 0.977442
4 4 0.407458 0.000779 0.000707 0.000203 0.590854
4 4 0.256663 0.003539 0.002501 0.000189 0.737108
0 4 0.511644 0.002207 0.000455 0.000071 0.485623
0 4 0.567572 0.007126 0.001149 0.000005 0.424148
4 4 0.007076 0.010990 0.025213 0.000007 0.956714
4 4 0.000282 0.036251 0.271584 0.000022 0.691861
4 4 0.005381 0.013191 0.295751 0.014502 0.671174
4 4 0.004378 0.018720 0.351207 0.002126 0.623568
4 4 0.089541 0.002492 0.001482 0.000002 0.906483
4 4 0.086297 0.004902 0.001799 0.000022 0.906980
4 4 0.105348 0.036482 0.064356 0.000808 0.793006
4 4 0.006048 0.048646 0.266108 0.000046 0.679151
4 4 0.067144 0.016428 0.007732 0.000896 0.907799
4 4 0.007577 0.007648 0.020613 0.000845 0.963316
4 4 0.023535 0.002534 0.000791 0.000040 0.973099
4 4 0.048961 0.004544 0.001174 0.000003 0.945318
4 4 0.005150 0.012608 0.047660 0.001300 0.933282
4 4 0.002428 0.002963 0.016528 0.000099 0.977982
4 4 0.008454 0.007494 0.007808 0.000050 0.976194
4 4 0.010355 0.017452 0.020611 0.000024 0.951558
2 4 0.000273 0.056957 0.837001 0.000188 0.105582
2 4 0.001393 0.042875 0.539169 0.000329 0.416234
4 4 0.001269 0.009135 0.179575 0.000129 0.809892
4 4 0.006603 0.031141 0.074198 0.000295 0.887764
4 4 0.000130 0.007318 0.045995 0.001625 0.944933
4 4 0.000171 0.018750 0.136371 0.001181 0.843527
4 4 0.002500 0.041041 0.051282 0.001609 0.903568
4 4 0.000719 0.060361 0.395740 0.016061 0.527119
2 4 0.000116 0.047759 0.498600 0.000234 0.453292
4 4 0.000649 0.027607 0.267785 0.006955 0.697003
4 4 0.007203 0.015013 0.108921 0.000290 0.868573
4 4 0.003402 0.007381 0.009203 0.000109 0.979905
4 4 0.029280 0.024279 0.033600 0.000014 0.912827
4 4 0.029503 0.010721 0.029722 0.000007 0.930047
4 4 0.036733 0.007570 0.002917 0.000054 0.952726
4 4 0.019932 0.016452 0.008882 0.000006 0.954729
4 4 0.004704 0.001187 0.000992 0.000008 0.993109
4 4 0.014114 0.001019 0.001574 0.000007 0.983287
4 4 0.053689 0.001192 0.001020 0.000051 0.944048
4 4 0.042871 0.004509 0.017543 0.000119 0.934959
4 4 0.035354 0.007539 0.011573 0.000027 0.945508
4 4 0.421496 0.005798 0.002843 0.000015 0.569849
4 4 0.007254 0.005080 0.011869 0.000060 0.975736
4 4 0.016602 0.016747 0.041034 0.000069 0.925548
4 4 0.001021 0.003651 0.012943 0.000012 0.982372
4 4 0.004149 0.003552 0.004511 0.000049 0.987739
4 4 0.005342 0.012622 0.020673 0.000528 0.960836
4 4 0.002892 0.004987 0.005375 0.000235 0.986511
2 4 0.000004 0.009511 0.859275 0.001863 0.129346
2 4 0.000048 0.025165 0.874470 0.000057 0.100260
2 2 0.000013 0.007758 0.966550 0.001859 0.023821
2 2 0.000033 0.013841 0.939505 0.002904 0.043718
2 2 0.000113 0.017783 0.958059 0.000236 0.023809
2 2 0.000022 0.011593 0.928321 0.000471 0.059593
2 2 0.000001 0.001594 0.992663 0.003724 0.002019
2 2 0.000003 0.000952 0.995524 0.000467 0.003054
2 2 0.000025 0.008127 0.971584 0.000916 0.019348
2 2 0.000010 0.004917 0.974110 0.003780 0.017182
2 2 0.010741 0.052475 0.654105 0.001459 0.281220
2 2 0.000093 0.028223 0.812336 0.001760 0.157588
2 2 0.000001 0.001458 0.995383 0.001345 0.001812
2 2 0.000002 0.002084 0.971720 0.023929 0.002265
2 2 0.000000 0.000170 0.999041 0.000437 0.000352
2 2 0.000001 0.000751 0.991108 0.007258 0.000882
2 2 0.000002 0.003502 0.972753 0.011946 0.011797
2 2 0.000004 0.003586 0.962882 0.010875 0.022654
2 2 0.000013 0.007851 0.973534 0.000417 0.018185
2 2 0.000000 0.000187 0.996840 0.001686 0.001287
2 2 0.000001 0.000555 0.998219 0.000410 0.000815
2 2 0.000002 0.000142 0.994739 0.004535 0.000582
2 2 0.000000 0.000046 0.998615 0.001292 0.000047
2 2 0.000000 0.000003 0.999926 0.000067 0.000004
2 2 0.000001 0.000170 0.998903 0.000145 0.000782
2 2 0.000008 0.000436 0.997428 0.000062 0.002066
2 2 0.000000 0.000010 0.998424 0.001554 0.000011
2 2 0.000000 0.000032 0.999488 0.000417 0.000062
2 2 0.000007 0.003793 0.988793 0.000807 0.006600
2 2 0.000000 0.000855 0.996551 0.001732 0.000863
2 2 0.000000 0.000002 0.993662 0.006335 0.000001
2 2 0.000000 0.000002 0.972854 0.027143 0.000000
2 2 0.000000 0.000102 0.994003 0.005809 0.000085
2 2 0.000000 0.000042 0.998460 0.001468 0.000031
2 2 0.000000 0.000444 0.997601 0.001712 0.000244
2 2 0.000000 0.000104 0.999421 0.000290 0.000186
2 2 0.000000 0.000017 0.999574 0.000406 0.000002
2 2 0.000001 0.000139 0.998320 0.001365 0.000176
2 2 0.000000 0.000553 0.997875 0.000749 0.000822
2 2 0.000000 0.000029 0.997640 0.002325 0.000006
2 2 0.000000 0.000015 0.939525 0.060455 0.000004
2 2 0.000000 0.000077 0.960551 0.038948 0.000425
2 2 0.000012 0.000306 0.993923 0.005044 0.000715
2 2 0.000000 0.000000 0.998079 0.001920 0.000000
2 2 0.000000 0.000119 0.994867 0.004889 0.000124
2 2 0.000002 0.000291 0.996702 0.001859 0.001146
2 2 0.000000 0.000042 0.916414 0.083320 0.000224
2 2 0.000000 0.000061 0.915541 0.083216 0.001182
2 2 0.000000 0.000037 0.705832 0.294122 0.000009
2 2 0.000000 0.000001 0.577983 0.422016 0.000000
3 2 0.000000 0.000030 0.455313 0.544575 0.000082
2 2 0.000000 0.000017 0.974309 0.025648 0.000026
2 2 0.000001 0.000115 0.971285 0.028257 0.000343
2 2 0.002514 0.000775 0.926691 0.036386 0.033634
3 2 0.000000 0.000001 0.169458 0.830541 0.000000
2 2 0.000000 0.000003 0.670464 0.329528 0.000006
2 2 0.000000 0.000003 0.956168 0.043828 0.000001
2 2 0.000000 0.000000 0.740147 0.259853 0.000000
2 2 0.000000 0.000003 0.739089 0.260908 0.000001
2 3 0.000000 0.000006 0.943696 0.056289 0.000009
2 3 0.000000 0.000001 0.802537 0.197462 0.000001
2 3 0.000000 0.000002 0.850889 0.149109 0.000000
2 3 0.000000 0.000002 0.988756 0.011241 0.000001
2 3 0.000000 0.000005 0.998579 0.001391 0.000025
2 3 0.000000 0.000011 0.604125 0.395840 0.000024
2 3 0.000001 0.000009 0.791121 0.208829 0.000040
3 3 0.000000 0.000002 0.081051 0.918945 0.000002
3 3 0.000000 0.000008 0.463626 0.536331 0.000034
3 3 0.000009 0.000096 0.284394 0.715284 0.000218
2 3 0.000224 0.000722 0.567832 0.426961 0.004261
3 3 0.000000 0.000013 0.256255 0.743685 0.000047
2 3 0.000001 0.000119 0.820803 0.178422 0.000654
3 3 0.000004 0.000006 0.056932 0.943015 0.000044
3 3 0.000000 0.000003 0.237365 0.762619 0.000012
3 3 0.000000 0.000000 0.012741 0.987259 0.000000
3 3 0.000000 0.000000 0.141540 0.858460 0.000000
3 3 0.000000 0.000000 0.015817 0.984182 0.000001
3 3 0.000002 0.000001 0.016413 0.983581 0.000003
3 3 0.000128 0.000128 0.048544 0.950870 0.000330
3 3 0.000127 0.000033 0.029580 0.969627 0.000632
3 3 0.000000 0.000003 0.006042 0.993950 0.000005
3 3 0.000000 0.000003 0.042051 0.957930 0.000015
2 3 0.000000 0.000012 0.717685 0.282267 0.000035
3 3 0.000000 0.000000 0.293403 0.706593 0.000003
3 3 0.000000 0.000024 0.013595 0.986362 0.000019
3 3 0.000000 0.000000 0.004167 0.995832 0.000001
3 3 0.000053 0.000003 0.049463 0.950458 0.000023
3 3 0.000022 0.000075 0.076298 0.922606 0.000999
3 3 0.000126 0.000143 0.156420 0.842513 0.000798
2 3 0.000003 0.000021 0.950468 0.049242 0.000266
3 3 0.000004 0.000001 0.006114 0.993871 0.000010
3 3 0.000491 0.000099 0.009618 0.989124 0.000668
3 3 0.000033 0.000008 0.004035 0.995665 0.000259
3 3 0.000073 0.000006 0.019526 0.980297 0.000098
3 3 0.000001 0.000001 0.006532 0.993463 0.000002
3 3 0.000131 0.000017 0.027343 0.972210 0.000299
3 3 0.000000 0.000000 0.004046 0.995954 0.000000
3 3 0.000024 0.000070 0.099613 0.899779 0.000514
3 3 0.000000 0.000000 0.001397 0.998603 0.000001
3 3 0.000000 0.000001 0.003287 0.996706 0.000006
3 3 0.051943 0.007720 0.377141 0.546867 0.016329
3 2 0.026803 0.004488 0.036681 0.927377 0.004650
2 2 0.078263 0.110145 0.638449 0.133828 0.039315
2 2 0.002807 0.069723 0.891935 0.003952 0.031583
2 2 0.000661 0.017543 0.960289 0.001105 0.020402
2 2 0.004901 0.028745 0.812500 0.011410 0.142445
2 2 0.000001 0.000253 0.948645 0.050886 0.000215
2 2 0.000001 0.000228 0.983457 0.014672 0.001642
2 2 0.000011 0.005886 0.961904 0.021458 0.010741
2 2 0.000009 0.006746 0.936987 0.039735 0.016523
2 2 0.000140 0.004038 0.941212 0.047165 0.007444
2 2 0.000000 0.000073 0.999528 0.000362 0.000038
2 2 0.000007 0.001092 0.993300 0.002762 0.002838
2 2 0.000001 0.000617 0.995798 0.002525 0.001058
2 2 0.000005 0.003644 0.918869 0.074438 0.003044
2 2 0.000024 0.004093 0.728130 0.264412 0.003341
