0 0 0.628041 0.003699 0.020892 0.001088 0.346281
0 0 0.820411 0.009220 0.056981 0.002182 0.111205
0 0 0.502457 0.003201 0.088771 0.022145 0.383425
0 0 0.491248 0.009345 0.052418 0.001829 0.445160
0 0 0.946857 0.017526 0.011036 0.000023 0.024557
0 0 0.901383 0.012307 0.012760 0.000027 0.073524
0 0 0.885416 0.002823 0.003569 0.000006 0.108186
0 0 0.615567 0.006498 0.006481 0.000013 0.371441
0 0 0.939462 0.001511 0.007102 0.000074 0.051852
0 0 0.819034 0.006610 0.029576 0.000199 0.144581
4 0 0.408841 0.008000 0.013246 0.000011 0.569902
0 0 0.749756 0.003450 0.010104 0.000216 0.236475
0 0 0.953467 0.010175 0.007010 0.000013 0.029334
0 0 0.543400 0.024411 0.175287 0.000169 0.256733
0 0 0.983193 0.000895 0.001222 0.000002 0.014687
0 0 0.923058 0.008076 0.010402 0.000018 0.058446
2 0 0.278946 0.038823 0.513304 0.001367 0.167561
0 0 0.597831 0.048087 0.214206 0.000830 0.139046
0 0 0.878229 0.024238 0.040436 0.000066 0.057031
2 0 0.371734 0.025890 0.470771 0.022856 0.108749
0 0 0.678569 0.024838 0.075228 0.000070 0.221296
0 0 0.738276 0.024005 0.135907 0.000117 0.101694
0 0 0.864604 0.006254 0.057542 0.002865 0.068736
0 0 0.817150 0.015398 0.089706 0.009646 0.068100
0 0 0.927092 0.017827 0.023201 0.000054 0.031824
0 0 0.827573 0.035563 0.017085 0.000047 0.119732
4 0 0.344248 0.016661 0.052685 0.000094 0.586311
0 0 0.731697 0.021768 0.031437 0.000011 0.215087
4 0 0.316226 0.093020 0.250362 0.000491 0.339901
4 0 0.317408 0.147878 0.179234 0.000384 0.355097
0 0 0.507261 0.005252 0.064841 0.011890 0.410755
0 0 0.511086 0.009596 0.035840 0.003735 0.439743
0 0 0.460993 0.090198 0.326227 0.000397 0.122184
0 0 0.857799 0.037126 0.074909 0.001327 0.028839
0 0 0.829783 0.014164 0.065017 0.005634 0.085402
0 0 0.409829 0.026283 0.297437 0.122042 0.144409
0 0 0.960332 0.003881 0.011783 0.000164 0.023840
0 0 0.913696 0.006388 0.031130 0.000933 0.047853
4 0 0.111119 0.029040 0.063652 0.000254 0.795934
0 0 0.916431 0.003384 0.004857 0.000037 0.075291
0 0 0.577279 0.002392 0.012029 0.000084 0.408216
0 0 0.769487 0.003130 0.026854 0.000119 0.200411
0 0 0.661568 0.004977 0.010977 0.000225 0.322253
0 0 0.869027 0.002951 0.005610 0.000037 0.122374
0 0 0.658428 0.165953 0.085698 0.001249 0.088673
0 0 0.932807 0.005525 0.002602 0.000006 0.059060
0 0 0.960502 0.005387 0.002601 0.000007 0.031503
0 0 0.766502 0.016743 0.015286 0.000271 0.201197
0 0 0.639450 0.003713 0.172603 0.053202 0.131032
0 0 0.963070 0.003959 0.013286 0.000200 0.019484
0 0 0.839573 0.006908 0.017452 0.000480 0.135588
0 0 0.845052 0.001256 0.015726 0.000432 0.137534
4 0 0.222392 0.010837 0.046905 0.004164 0.715702
0 0 0.874314 0.002238 0.016894 0.000451 0.106104
0 0 0.940647 0.005932 0.005714 0.000045 0.047662
0 0 0.881020 0.016058 0.079822 0.001191 0.021908
0 0 0.910336 0.014020 0.009985 0.000079 0.065580
0 0 0.753660 0.019697 0.133158 0.023498 0.069987
0 0 0.909139 0.003317 0.037131 0.001730 0.048682
0 0 0.635818 0.010460 0.068861 0.001299 0.283562
2 0 0.279278 0.013702 0.648003 0.005085 0.053933
0 0 0.892528 0.004741 0.010272 0.000162 0.092296
0 0 0.858878 0.024309 0.050142 0.003109 0.063563
0 0 0.945940 0.006708 0.023863 0.000138 0.023351
0 0 0.993930 0.000145 0.000353 0.000000 0.005572
0 0 0.926098 0.005181 0.046721 0.002287 0.019713
0 0 0.905700 0.001802 0.010414 0.000168 0.081916
0 0 0.959488 0.008652 0.027140 0.000290 0.004429
0 0 0.845915 0.012179 0.012957 0.000014 0.128935
0 0 0.743171 0.023609 0.022258 0.000268 0.210694
0 0 0.938663 0.002652 0.007208 0.000074 0.051403
0 0 0.777598 0.014828 0.117629 0.017709 0.072236
0 0 0.921253 0.008085 0.033572 0.001301 0.035789
0 0 0.992979 0.001673 0.000822 0.000001 0.004524
0 0 0.885339 0.018966 0.032605 0.001055 0.062036
0 0 0.948232 0.011525 0.020699 0.000453 0.019092
0 0 0.985428 0.001297 0.000817 0.000001 0.012456
0 0 0.990208 0.006847 0.001014 0.000001 0.001929
0 0 0.534575 0.007839 0.029667 0.002496 0.425423
0 0 0.993599 0.001203 0.000445 0.000000 0.004753
0 0 0.697958 0.002596 0.009340 0.000208 0.289900
0 0 0.995298 0.000630 0.000240 0.000000 0.003832
0 0 0.959379 0.003844 0.025297 0.000095 0.011386
0 0 0.960566 0.004751 0.017581 0.000080 0.017022
0 0 0.983186 0.001334 0.000914 0.000001 0.014565
0 0 0.968839 0.005683 0.001215 0.000001 0.024262
0 0 0.956918 0.004405 0.002323 0.000006 0.036349
0 0 0.984687 0.001107 0.000756 0.000001 0.013449
0 0 0.914913 0.021157 0.012602 0.000010 0.051318
0 0 0.914566 0.001273 0.052455 0.002669 0.029038
0 0 0.958762 0.002526 0.009007 0.000103 0.029601
0 0 0.982549 0.004161 0.001902 0.000004 0.011383
0 0 0.841719 0.032270 0.056025 0.000420 0.069565
0 0 0.956571 0.007382 0.011577 0.000155 0.024315
0 0 0.926958 0.012506 0.010452 0.000142 0.049941
0 0 0.546219 0.036741 0.254268 0.013730 0.149041
0 0 0.948686 0.017782 0.006947 0.000017 0.026568
0 0 0.972493 0.011205 0.004298 0.000005 0.011999
0 0 0.984577 0.003592 0.005254 0.000029 0.006548
0 0 0.905333 0.007694 0.052347 0.001414 0.033212
0 0 0.868891 0.006095 0.034884 0.001241 0.088889
0 0 0.671323 0.091063 0.046029 0.000001 0.191585
0 0 0.938018 0.011762 0.008906 0.000101 0.041214
0 0 0.925955 0.015999 0.011810 0.000002 0.046235
3 0 0.025344 0.062758 0.432114 0.464535 0.015249
0 0 0.483026 0.036799 0.338683 0.072649 0.068844
0 0 0.783266 0.063398 0.086152 0.000307 0.066877
0 0 0.954413 0.008355 0.022607 0.000262 0.014363
0 0 0.973720 0.002516 0.001879 0.000005 0.021879
0 0 0.938625 0.011929 0.003735 0.000003 0.045708
0 0 0.967748 0.006219 0.003803 0.000018 0.022212
0 0 0.962297 0.006298 0.004306 0.000024 0.027075
0 0 0.612820 0.058316 0.012436 0.000003 0.316425
0 0 0.532870 0.068031 0.019646 0.000280 0.379173
0 0 0.948483 0.031888 0.012000 0.000002 0.007628
0 0 0.977113 0.009047 0.004262 0.000001 0.009577
0 0 0.986299 0.000354 0.000306 0.000000 0.013041
0 0 0.590140 0.024335 0.022467 0.000001 0.363057
0 0 0.960342 0.004060 0.004536 0.000002 0.031060
0 0 0.967024 0.014469 0.006440 0.000006 0.012060
0 0 0.946395 0.001069 0.000951 0.000000 0.051584
0 0 0.956618 0.022867 0.002300 0.000000 0.018215
0 0 0.882166 0.041507 0.046682 0.000056 0.029590
0 0 0.948130 0.011760 0.011937 0.000002 0.028171
0 0 0.960295 0.004686 0.003139 0.000001 0.031879
0 0 0.910098 0.021488 0.017315 0.000320 0.050779
0 0 0.823565 0.033921 0.028835 0.000195 0.113484
0 0 0.992443 0.001209 0.000801 0.000000 0.005547
0 0 0.659134 0.031483 0.293223 0.000474 0.015686
0 0 0.945471 0.031123 0.012238 0.000009 0.011158
0 0 0.985371 0.004995 0.002468 0.000001 0.007165
0 0 0.826230 0.070701 0.086604 0.000006 0.016460
0 0 0.649916 0.117306 0.152193 0.000230 0.080355
0 0 0.842923 0.047369 0.030143 0.000020 0.079544
0 0 0.974201 0.011996 0.006351 0.000001 0.007451
0 0 0.974567 0.012525 0.003888 0.000016 0.009003
0 0 0.929961 0.045830 0.017362 0.000019 0.006828
2 0 0.279491 0.232034 0.458798 0.000075 0.029603
0 0 0.923384 0.034342 0.022275 0.000024 0.019975
0 0 0.921452 0.038860 0.018214 0.000084 0.021390
0 0 0.935932 0.054360 0.008065 0.000000 0.001642
0 0 0.961073 0.027217 0.008340 0.000007 0.003364
0 0 0.988412 0.008504 0.001436 0.000000 0.001648
0 0 0.968911 0.008739 0.005140 0.000006 0.017204
0 0 0.992826 0.004852 0.000801 0.000000 0.001522
0 0 0.967301 0.014946 0.007060 0.000002 0.010690
0 0 0.973175 0.012826 0.009654 0.000004 0.004340
0 0 0.740887 0.106521 0.096785 0.000000 0.055807
0 0 0.867910 0.003858 0.008909 0.000004 0.119319
0 0 0.947762 0.001699 0.006032 0.000050 0.044457
0 0 0.895221 0.007592 0.004672 0.000003 0.092512
0 0 0.930437 0.001054 0.000199 0.000000 0.068311
0 0 0.996942 0.001882 0.000426 0.000000 0.000749
0 0 0.997550 0.001777 0.000124 0.000000 0.000549
0 0 0.931622 0.014671 0.016232 0.000314 0.037160
0 0 0.989385 0.000571 0.000376 0.000000 0.009668
0 0 0.999411 0.000461 0.000019 0.000000 0.000109
0 0 0.999766 0.000162 0.000008 0.000000 0.000064
0 0 0.997164 0.001592 0.000229 0.000000 0.001014
0 0 0.999460 0.000506 0.000026 0.000000 0.000008
0 0 0.999535 0.000022 0.000035 0.000000 0.000408
0 0 0.999025 0.000668 0.000108 0.000000 0.000199
0 0 0.944903 0.001616 0.002193 0.000008 0.051280
4 0 0.239709 0.006037 0.006984 0.000117 0.747152
0 0 0.963638 0.003585 0.002950 0.000012 0.029815
0 0 0.854575 0.006759 0.007388 0.000070 0.131208
0 0 0.747940 0.005344 0.089839 0.007206 0.149671
4 0 0.429144 0.049188 0.059803 0.000426 0.461438
0 0 0.730131 0.004540 0.013047 0.000360 0.251922
0 0 0.901761 0.009215 0.030855 0.001199 0.056971
0 0 0.922624 0.003909 0.004053 0.000022 0.069393
0 0 0.951749 0.004458 0.004118 0.000024 0.039652
0 0 0.914963 0.021860 0.012554 0.000073 0.050550
0 0 0.470444 0.063382 0.080527 0.000534 0.385114
0 0 0.872190 0.010871 0.042585 0.002355 0.072000
0 0 0.841376 0.012620 0.028085 0.000119 0.117801
0 0 0.875632 0.018044 0.062347 0.003504 0.040474
0 0 0.897082 0.023241 0.065497 0.000208 0.013972
0 0 0.974783 0.003784 0.008024 0.000072 0.013338
0 0 0.994433 0.003547 0.000539 0.000000 0.001480
0 0 0.969563 0.017165 0.005875 0.000000 0.007398
0 0 0.866253 0.024009 0.027780 0.000226 0.081732
0 0 0.501905 0.034080 0.027562 0.000005 0.436448
0 0 0.874302 0.076271 0.008007 0.000000 0.041420
0 0 0.740446 0.071462 0.180286 0.000076 0.007730
0 0 0.778977 0.116405 0.098828 0.000004 0.005786
0 0 0.926053 0.045040 0.018959 0.000003 0.009944
0 0 0.875119 0.077438 0.015134 0.000002 0.032307
0 0 0.841373 0.062239 0.033017 0.000002 0.063369
0 0 0.987090 0.005679 0.005342 0.000001 0.001888
0 0 0.980758 0.013898 0.002724 0.000001 0.002620
0 0 0.996312 0.003049 0.000236 0.000000 0.000403
0 0 0.982606 0.003206 0.002217 0.000000 0.011970
0 0 0.977869 0.004203 0.006205 0.000000 0.011723
0 0 0.860396 0.051054 0.057749 0.000000 0.030801
0 0 0.970408 0.008131 0.005535 0.000000 0.015925
0 0 0.941204 0.009706 0.025526 0.000160 0.023404
0 0 0.916302 0.022033 0.051887 0.001354 0.008424
0 0 0.824982 0.083414 0.030005 0.000001 0.061598
0 0 0.896877 0.090575 0.003982 0.000000 0.008567
2 0 0.072378 0.004496 0.842581 0.073649 0.006897
2 0 0.415992 0.006366 0.463585 0.009620 0.104436
0 0 0.893457 0.021488 0.060477 0.000273 0.024306
0 0 0.760420 0.042284 0.118760 0.017776 0.060759
0 0 0.991525 0.003836 0.002510 0.000006 0.002123
0 0 0.981768 0.008068 0.004874 0.000023 0.005267
0 0 0.827352 0.084829 0.059526 0.000030 0.028263
0 0 0.969140 0.012958 0.004988 0.000003 0.012911
0 0 0.915527 0.024838 0.033358 0.000416 0.025860
0 0 0.554200 0.137034 0.122260 0.000203 0.186304
0 0 0.943971 0.020025 0.015441 0.000013 0.020549
0 0 0.966995 0.005236 0.004257 0.000004 0.023509
0 0 0.929982 0.005260 0.009097 0.000114 0.055547
0 0 0.889913 0.018034 0.063886 0.000145 0.028022
4 0 0.022088 0.022225 0.116490 0.000153 0.839044
0 0 0.940356 0.008868 0.011261 0.000000 0.039515
0 0 0.793030 0.125944 0.050276 0.000000 0.030751
0 0 0.968803 0.010912 0.006342 0.000000 0.013942
0 0 0.917681 0.034661 0.042149 0.000005 0.005504
0 0 0.956971 0.024489 0.006553 0.000001 0.011987
0 0 0.713175 0.086933 0.196056 0.000011 0.003825
2 0 0.360505 0.173963 0.462519 0.000002 0.003011
0 0 0.983302 0.008325 0.002271 0.000006 0.006096
0 0 0.968859 0.017172 0.003543 0.000001 0.010425
2 0 0.401271 0.148859 0.430528 0.001039 0.018303
0 0 0.776466 0.054536 0.153759 0.000758 0.014481
0 0 0.915329 0.069791 0.013544 0.000001 0.001336
0 0 0.977114 0.012153 0.007304 0.000000 0.003429
0 0 0.351761 0.320348 0.317745 0.001865 0.008281
0 0 0.655739 0.220606 0.109269 0.000016 0.014370
0 0 0.933154 0.039403 0.015096 0.000019 0.012329
0 0 0.926129 0.028235 0.017074 0.000066 0.028497
0 0 0.927659 0.049437 0.012388 0.000002 0.010513
0 0 0.950008 0.024486 0.011969 0.000012 0.013525
0 0 0.502685 0.296879 0.189770 0.000017 0.010650
0 0 0.879220 0.065187 0.037809 0.000009 0.017775
0 0 0.746653 0.160373 0.072178 0.000002 0.020795
0 0 0.554886 0.269558 0.101095 0.000004 0.074458
0 0 0.939895 0.031129 0.009778 0.000014 0.019184
0 0 0.916405 0.065274 0.011999 0.000002 0.006320
1 1 0.274643 0.406124 0.266442 0.000023 0.052768
0 1 0.483493 0.317334 0.123090 0.000030 0.076054
1 1 0.247657 0.605670 0.111481 0.000007 0.035186
1 1 0.181651 0.403289 0.385571 0.000022 0.029466
1 1 0.022297 0.516980 0.434205 0.000674 0.025846
2 1 0.001216 0.134977 0.860337 0.000331 0.003139
2 2 0.015732 0.393481 0.528735 0.000312 0.061740
2 2 0.001800 0.166150 0.807978 0.001739 0.022333
2 2 0.000022 0.000900 0.996836 0.002155 0.000087
2 2 0.000021 0.000795 0.988621 0.010539 0.000025
1 2 0.038057 0.536465 0.345277 0.001918 0.078282
2 2 0.011966 0.086609 0.841125 0.003409 0.056892
2 2 0.000443 0.004085 0.978141 0.014576 0.002755
2 2 0.000007 0.000585 0.996183 0.003051 0.000174
2 2 0.000002 0.000975 0.992425 0.005001 0.001596
2 2 0.000253 0.006288 0.956783 0.012955 0.023721
2 2 0.000013 0.000182 0.944175 0.055581 0.000049
2 2 0.000047 0.000324 0.942239 0.057209 0.000181
2 2 0.000004 0.000170 0.972525 0.027284 0.000018
2 2 0.000001 0.001076 0.907603 0.091237 0.000083
2 2 0.000005 0.000143 0.550413 0.449341 0.000098
3 3 0.000001 0.000064 0.453670 0.546261 0.000004
2 3 0.000000 0.000077 0.602518 0.397393 0.000011
2 3 0.000006 0.000242 0.730165 0.269552 0.000035
3 3 0.000012 0.000329 0.356681 0.642900 0.000078
3 3 0.000002 0.000216 0.383062 0.616610 0.000110
2 3 0.000000 0.000044 0.543001 0.456955 0.000001
2 3 0.000024 0.000239 0.641144 0.358377 0.000216
3 3 0.000000 0.000019 0.143448 0.856532 0.000001
3 3 0.000000 0.000162 0.258215 0.741610 0.000013
3 3 0.000000 0.000003 0.233808 0.766188 0.000000
3 3 0.000000 0.000030 0.226924 0.773041 0.000005
3 3 0.000000 0.000003 0.026590 0.973406 0.000000
3 3 0.000000 0.000001 0.053372 0.946628 0.000000
3 3 0.000001 0.000344 0.335383 0.664194 0.000078
3 3 0.000000 0.000188 0.440461 0.559339 0.000013
3 3 0.000012 0.000549 0.216888 0.782100 0.000450
3 3 0.000000 0.000269 0.198343 0.801335 0.000052
3 3 0.000000 0.000119 0.152441 0.847427 0.000014
3 3 0.000000 0.000028 0.072108 0.927861 0.000003
3 3 0.000000 0.000001 0.027461 0.972539 0.000000
3 3 0.000000 0.000007 0.089855 0.910137 0.000000
3 3 0.000000 0.000068 0.038546 0.961378 0.000009
3 3 0.000000 0.000078 0.188783 0.811135 0.000004
2 3 0.000001 0.001266 0.658692 0.339904 0.000136
3 3 0.000000 0.000021 0.144375 0.855604 0.000001
3 3 0.000000 0.000017 0.040394 0.959587 0.000001
3 3 0.000000 0.000154 0.112584 0.887245 0.000017
3 3 0.000000 0.000036 0.072319 0.927643 0.000003
3 3 0.000000 0.000005 0.022204 0.977790 0.000000
3 3 0.000000 0.000003 0.087390 0.912607 0.000000
3 3 0.000000 0.000001 0.010522 0.989477 0.000000
3 3 0.000000 0.000003 0.046546 0.953451 0.000000
3 3 0.000000 0.000000 0.004876 0.995124 0.000000
3 3 0.000000 0.000003 0.011147 0.988850 0.000000
3 3 0.000000 0.000008 0.011082 0.988909 0.000001
3 3 0.000000 0.000003 0.025782 0.974215 0.000000
3 3 0.000000 0.000001 0.012965 0.987034 0.000000
3 3 0.000000 0.000005 0.072013 0.927980 0.000001
3 3 0.000000 0.000012 0.192822 0.807160 0.000006
3 3 0.000001 0.000470 0.078940 0.920497 0.000093
3 3 0.000000 0.000033 0.098443 0.901522 0.000002
3 3 0.000000 0.000019 0.022883 0.977095 0.000003
3 3 0.000000 0.000030 0.073171 0.926799 0.000001
3 3 0.000000 0.000006 0.039822 0.960171 0.000000
3 3 0.000000 0.000000 0.002361 0.997638 0.000000
3 3 0.000000 0.000043 0.055836 0.944114 0.000006
3 3 0.000000 0.000023 0.011583 0.988391 0.000003
3 3 0.000000 0.000036 0.060446 0.939514 0.000003
3 3 0.000000 0.000002 0.025920 0.974078 0.000000
3 3 0.000000 0.000003 0.029577 0.970420 0.000000
3 3 0.000000 0.000006 0.066277 0.933717 0.000000
3 3 0.000000 0.000002 0.014250 0.985748 0.000000
3 3 0.000000 0.000003 0.039998 0.959998 0.000000
3 3 0.000000 0.000000 0.004686 0.995314 0.000000
3 3 0.000000 0.000002 0.039341 0.960656 0.000000
3 3 0.000000 0.000005 0.027744 0.972251 0.000001
3 3 0.000000 0.000001 0.010148 0.989852 0.000000
3 3 0.000000 0.000000 0.002361 0.997639 0.000000
3 3 0.000000 0.000001 0.034788 0.965211 0.000000
3 3 0.000000 0.000021 0.142211 0.857767 0.000001
3 3 0.000000 0.000038 0.074778 0.925181 0.000003
3 3 0.000001 0.000170 0.211970 0.787847 0.000013
3 3 0.000000 0.000001 0.079550 0.920449 0.000000
3 3 0.000000 0.000019 0.005209 0.994768 0.000004
3 3 0.000000 0.000033 0.019411 0.980551 0.000005
3 3 0.000000 0.000001 0.007358 0.992641 0.000000
3 3 0.000000 0.000002 0.006826 0.993172 0.000000
3 3 0.000000 0.000002 0.010188 0.989810 0.000000
3 3 0.000000 0.000010 0.035252 0.964737 0.000001
3 3 0.000000 0.000067 0.198696 0.801231 0.000006
3 3 0.000000 0.000017 0.052142 0.947839 0.000002
3 3 0.000000 0.000011 0.142767 0.857221 0.000000
3 3 0.000000 0.000009 0.056920 0.943070 0.000001
3 3 0.000000 0.000017 0.123496 0.876487 0.000001
3 3 0.000000 0.000002 0.109167 0.890831 0.000000
3 3 0.000000 0.000309 0.174552 0.825101 0.000037
3 3 0.000000 0.000008 0.011282 0.988709 0.000001
3 3 0.000000 0.000004 0.022475 0.977521 0.000000
3 3 0.000000 0.000004 0.021110 0.978885 0.000001
3 3 0.000000 0.000002 0.014190 0.985808 0.000000
3 3 0.000003 0.000267 0.157040 0.842664 0.000027
3 3 0.000002 0.000369 0.047651 0.951897 0.000081
3 3 0.000000 0.000061 0.038237 0.961694 0.000008
3 3 0.000000 0.000000 0.007003 0.992997 0.000000
3 3 0.000000 0.000001 0.020859 0.979139 0.000000
3 3 0.000000 0.000002 0.001090 0.998908 0.000000
3 3 0.000000 0.000006 0.014045 0.985949 0.000000
3 3 0.000001 0.000654 0.059434 0.939747 0.000164
3 3 0.000002 0.001121 0.049873 0.948635 0.000368
3 3 0.000000 0.000041 0.062972 0.936983 0.000004
3 3 0.000000 0.000227 0.175548 0.824197 0.000029
3 3 0.000000 0.000003 0.013669 0.986328 0.000000
3 3 0.000000 0.000009 0.026123 0.973868 0.000001
3 3 0.000000 0.000008 0.031418 0.968573 0.000001
3 3 0.000000 0.000000 0.001119 0.998881 0.000000
3 3 0.000001 0.000080 0.019692 0.980212 0.000014
3 3 0.000000 0.000002 0.008338 0.991659 0.000000
3 3 0.000007 0.000143 0.132619 0.867209 0.000022
2 2 0.000315 0.001188 0.961462 0.036939 0.000096
3 2 0.000004 0.000499 0.230542 0.768818 0.000137
2 2 0.000016 0.001122 0.626978 0.371643 0.000241
2 2 0.000000 0.000123 0.906553 0.093268 0.000056
2 2 0.000000 0.000350 0.916478 0.083166 0.000006
2 2 0.000000 0.000030 0.590636 0.409332 0.000001
3 2 0.000000 0.000017 0.382087 0.617887 0.000008
3 2 0.000000 0.000032 0.342559 0.657407 0.000001
2 2 0.000017 0.000436 0.857999 0.141060 0.000488
2 2 0.000000 0.000016 0.533668 0.466311 0.000004
2 2 0.000003 0.000030 0.800047 0.199840 0.000081
2 2 0.000406 0.003854 0.949084 0.008350 0.038306
2 2 0.000002 0.000190 0.939975 0.058748 0.001085
2 2 0.000062 0.009906 0.933987 0.001319 0.054726
2 2 0.000264 0.015661 0.522313 0.000213 0.461549
2 2 0.000000 0.001094 0.663520 0.334812 0.000574
2 2 0.000027 0.005748 0.982902 0.006699 0.004624
2 2 0.000513 0.017580 0.980272 0.001286 0.000348
2 2 0.000004 0.004912 0.738833 0.255450 0.000801
2 2 0.000117 0.001886 0.881735 0.115943 0.000319
2 2 0.000127 0.005670 0.973632 0.020135 0.000436
2 2 0.000001 0.000006 0.970426 0.029556 0.000011
2 2 0.000000 0.000005 0.980271 0.019723 0.000001
2 2 0.000070 0.005779 0.958253 0.004734 0.031163
2 2 0.000003 0.000234 0.997371 0.002225 0.000168
2 2 0.000448 0.017405 0.850631 0.008329 0.123187
4 2 0.010216 0.018631 0.443272 0.002561 0.525321
2 2 0.000036 0.007757 0.962374 0.015155 0.014678
2 2 0.000104 0.016351 0.910564 0.029600 0.043382
2 2 0.000031 0.006347 0.961427 0.009295 0.022899
2 2 0.000155 0.006160 0.980658 0.007167 0.005860
2 2 0.017636 0.073112 0.528734 0.000423 0.380095
2 2 0.002097 0.061844 0.728083 0.000669 0.207307
2 2 0.001495 0.088718 0.525782 0.011964 0.372040
2 2 0.000115 0.068065 0.794092 0.010013 0.127715
2 2 0.001866 0.029424 0.564524 0.012206 0.391980
2 2 0.000760 0.026248 0.842036 0.015055 0.115900
2 2 0.000002 0.000357 0.989502 0.008440 0.001699
2 2 0.000422 0.006478 0.940505 0.035326 0.017270
2 2 0.000211 0.009587 0.943096 0.015218 0.031888
2 2 0.000439 0.010796 0.915881 0.014837 0.058047
2 2 0.000016 0.002915 0.980876 0.002113 0.014081
2 2 0.000241 0.007350 0.920193 0.011684 0.060531
2 2 0.000075 0.012060 0.905276 0.020653 0.061935
2 2 0.000006 0.000869 0.992376 0.005649 0.001100
2 2 0.000000 0.000047 0.996178 0.003478 0.000297
2 2 0.000000 0.000007 0.990127 0.009818 0.000047
1 2 0.026171 0.482993 0.458801 0.000964 0.031072
2 2 0.000002 0.003929 0.993624 0.001631 0.000814
2 2 0.000040 0.000438 0.995212 0.004190 0.000120
2 2 0.000084 0.002429 0.992100 0.005179 0.000209
2 2 0.028486 0.134252 0.788363 0.004049 0.044850
2 2 0.003631 0.031919 0.921676 0.040854 0.001921
2 2 0.001646 0.022271 0.911621 0.045724 0.018737
2 2 0.030371 0.103744 0.799570 0.017328 0.048987
2 2 0.000000 0.000312 0.940291 0.059379 0.000017
2 2 0.000006 0.000410 0.969655 0.029892 0.000038
2 2 0.000085 0.002542 0.982987 0.014056 0.000329
2 2 0.000071 0.002888 0.964283 0.032568 0.000191
3 2 0.000001 0.000078 0.187214 0.812700 0.000007
2 2 0.000014 0.000261 0.902389 0.097326 0.000010
2 2 0.000003 0.000615 0.901297 0.098074 0.000012
3 2 0.000000 0.000045 0.285563 0.714391 0.000002
2 2 0.000000 0.000005 0.961878 0.038117 0.000000
2 2 0.000003 0.000193 0.816210 0.183591 0.000002
2 2 0.000004 0.000123 0.547343 0.452515 0.000014
2 2 0.000000 0.000021 0.962299 0.037679 0.000000
2 2 0.000000 0.000007 0.577423 0.422570 0.000000
2 2 0.000000 0.000088 0.578896 0.421015 0.000001
2 2 0.000007 0.000559 0.511732 0.487638 0.000062
3 2 0.000000 0.000086 0.257226 0.742685 0.000002
3 2 0.000000 0.000005 0.175493 0.824501 0.000000
3 2 0.000000 0.000006 0.292185 0.707809 0.000000
2 2 0.000001 0.000064 0.958545 0.041389 0.000002
2 2 0.000000 0.000102 0.666799 0.333097 0.000002
2 2 0.000000 0.000025 0.834535 0.165439 0.000000
3 2 0.000000 0.000002 0.062693 0.937305 0.000000
2 2 0.000010 0.000115 0.641188 0.358682 0.000005
2 2 0.000000 0.000042 0.676017 0.323939 0.000001
3 2 0.000003 0.000211 0.268709 0.731036 0.000041
2 2 0.000000 0.000152 0.686295 0.313541 0.000012
3 2 0.000000 0.000035 0.165958 0.834005 0.000002
3 2 0.000000 0.000020 0.482964 0.517016 0.000000
2 2 0.000000 0.000032 0.611061 0.388905 0.000001
3 2 0.000000 0.000006 0.256139 0.743854 0.000000
3 2 0.000000 0.000000 0.019118 0.980881 0.000000
3 2 0.000000 0.000002 0.196092 0.803905 0.000000
3 2 0.000000 0.000013 0.214271 0.785715 0.000001
3 2 0.000000 0.000028 0.285924 0.714046 0.000001
3 2 0.000000 0.000008 0.230414 0.769577 0.000000
3 2 0.000001 0.000132 0.173873 0.825988 0.000005
3 2 0.000000 0.000035 0.106062 0.893902 0.000001
3 2 0.000006 0.000136 0.081816 0.918036 0.000006
2 3 0.000000 0.000737 0.620974 0.378159 0.000130
2 3 0.000000 0.000018 0.713771 0.286211 0.000000
3 3 0.000000 0.000006 0.034718 0.965275 0.000001
3 3 0.000000 0.000034 0.160161 0.839803 0.000001
3 3 0.000000 0.000030 0.082356 0.917611 0.000003
3 3 0.000000 0.000012 0.197549 0.802439 0.000000
3 3 0.000000 0.000012 0.274853 0.725135 0.000000
3 3 0.000000 0.000011 0.036057 0.963931 0.000001
3 3 0.000000 0.000001 0.024638 0.975361 0.000000
3 3 0.000000 0.000000 0.005534 0.994466 0.000000
3 3 0.000000 0.000109 0.084813 0.915065 0.000012
3 3 0.000000 0.000013 0.043053 0.956933 0.000001
3 3 0.000000 0.000002 0.018873 0.981125 0.000000
3 3 0.000000 0.000009 0.028343 0.971648 0.000000
2 2 0.000206 0.000858 0.600614 0.398231 0.000092
2 2 0.001066 0.002807 0.621749 0.374357 0.000021
2 2 0.001537 0.022323 0.914250 0.061236 0.000654
2 2 0.000092 0.003340 0.885732 0.110660 0.000176
2 2 0.000050 0.002639 0.996586 0.000703 0.000023
2 2 0.000011 0.000474 0.996293 0.003215 0.000007
2 2 0.000001 0.000092 0.890240 0.109632 0.000035
2 2 0.000019 0.001619 0.904559 0.093762 0.000040
2 2 0.000082 0.000601 0.682892 0.315817 0.000608
2 2 0.000274 0.000853 0.869339 0.129132 0.000401
2 2 0.005946 0.015852 0.961082 0.015304 0.001817
2 2 0.027886 0.332519 0.620815 0.001147 0.017633
2 2 0.000007 0.000102 0.984529 0.014523 0.000839
2 2 0.000384 0.002748 0.957272 0.039075 0.000520
2 2 0.000146 0.003250 0.987003 0.009388 0.000214
2 2 0.000000 0.000110 0.884620 0.115269 0.000000
2 2 0.000033 0.004823 0.973843 0.008130 0.013172
2 2 0.000020 0.000413 0.995724 0.003399 0.000445
2 2 0.012445 0.099210 0.858484 0.027362 0.002500
2 2 0.003529 0.398391 0.590786 0.000053 0.007241
2 2 0.000001 0.000352 0.997754 0.001775 0.000118
2 2 0.000000 0.000066 0.986975 0.012956 0.000003
2 2 0.000008 0.000665 0.997317 0.001959 0.000051
2 2 0.000265 0.018476 0.979704 0.001305 0.000249
2 2 0.000043 0.001333 0.960907 0.037670 0.000047
2 2 0.003502 0.050912 0.935102 0.009311 0.001174
2 2 0.000011 0.000276 0.936899 0.062770 0.000044
2 2 0.000257 0.003340 0.993562 0.002754 0.000087
2 2 0.000000 0.000571 0.983592 0.015831 0.000006
2 2 0.000017 0.000793 0.762285 0.236871 0.000033
2 2 0.000070 0.007368 0.869365 0.122953 0.000244
2 2 0.000000 0.000077 0.539315 0.460607 0.000002
2 2 0.000040 0.001008 0.991356 0.007502 0.000095
2 2 0.000015 0.000825 0.994465 0.004571 0.000124
2 2 0.000021 0.002519 0.966301 0.031114 0.000044
2 2 0.000325 0.010308 0.974671 0.013062 0.001634
2 2 0.000239 0.003104 0.988796 0.006701 0.001160
2 2 0.000000 0.000149 0.851516 0.148332 0.000003
2 2 0.000001 0.000583 0.984618 0.014792 0.000006
2 2 0.000004 0.001789 0.911879 0.086231 0.000097
2 2 0.011325 0.394585 0.537612 0.000012 0.056465
1 2 0.004871 0.857997 0.121022 0.000002 0.016110
2 2 0.000103 0.001363 0.903997 0.091076 0.003461
2 2 0.000019 0.000227 0.970574 0.029040 0.000139
2 2 0.000002 0.000034 0.995031 0.004931 0.000003
2 2 0.000043 0.000764 0.997256 0.001798 0.000139
2 2 0.003556 0.012724 0.970086 0.011787 0.001847
2 2 0.000402 0.018835 0.976174 0.003408 0.001182
2 2 0.000000 0.000012 0.885223 0.114753 0.000011
2 2 0.000003 0.000105 0.996250 0.003634 0.000008
2 2 0.000001 0.001104 0.908821 0.090025 0.000051
3 2 0.000015 0.000389 0.304139 0.695438 0.000019
2 2 0.000000 0.000019 0.887966 0.112015 0.000000
3 2 0.000000 0.000003 0.294060 0.705938 0.000000
2 2 0.000002 0.000338 0.965488 0.033417 0.000754
2 2 0.000627 0.000864 0.975661 0.017520 0.005327
2 2 0.000013 0.000375 0.855101 0.144405 0.000106
2 2 0.000000 0.000124 0.962559 0.037296 0.000022
2 2 0.000000 0.000184 0.979949 0.019782 0.000085
2 2 0.000000 0.000012 0.993187 0.006799 0.000002
2 2 0.000089 0.005842 0.945542 0.025587 0.022941
2 2 0.000051 0.001694 0.969948 0.000858 0.027450
2 2 0.010690 0.351130 0.625529 0.000152 0.012498
2 2 0.143126 0.156625 0.655939 0.000004 0.044305
2 2 0.000142 0.001809 0.976516 0.004263 0.017269
2 2 0.001378 0.017508 0.774265 0.000798 0.206050
2 2 0.006187 0.036610 0.857606 0.000523 0.099074
2 2 0.000280 0.015548 0.915392 0.002465 0.066316
2 2 0.005278 0.039188 0.739246 0.001361 0.214927
4 2 0.033725 0.044426 0.351548 0.000176 0.570126
2 4 0.015401 0.059028 0.521353 0.005326 0.398892
4 4 0.024186 0.038337 0.272404 0.004429 0.660644
2 4 0.001504 0.029893 0.719036 0.004543 0.245025
2 4 0.009675 0.035142 0.568944 0.001143 0.385096
4 4 0.018408 0.035165 0.403149 0.002041 0.541236
4 4 0.029369 0.102371 0.328191 0.000200 0.539869
2 4 0.010987 0.056057 0.511092 0.003784 0.418079
4 4 0.004661 0.049715 0.184821 0.000567 0.760235
4 4 0.033379 0.047269 0.025865 0.000578 0.892909
4 4 0.185580 0.027744 0.017647 0.000078 0.768952
1 4 0.238350 0.332082 0.208601 0.000060 0.220906
4 4 0.254615 0.110861 0.108049 0.000097 0.526378
4 4 0.006134 0.067864 0.281357 0.003064 0.641581
4 4 0.004116 0.079426 0.210704 0.000200 0.705554
4 4 0.031953 0.023524 0.085371 0.000265 0.858886
4 4 0.016125 0.018051 0.054221 0.000034 0.911569
2 4 0.004751 0.040125 0.538821 0.006907 0.409396
4 4 0.018800 0.173719 0.193471 0.000500 0.613511
4 4 0.033873 0.121702 0.143068 0.000111 0.701245
4 4 0.049863 0.077967 0.168294 0.001147 0.702729
4 4 0.026344 0.095462 0.085914 0.000011 0.792269
4 4 0.009809 0.050166 0.026801 0.000398 0.912826
4 4 0.012798 0.023494 0.010729 0.000517 0.952462
4 4 0.017173 0.028876 0.058158 0.000638 0.895156
1 4 0.125523 0.363396 0.154616 0.000008 0.356458
0 4 0.513272 0.070845 0.180020 0.000020 0.235843
4 4 0.083840 0.068488 0.099218 0.001459 0.746995
4 4 0.178875 0.040116 0.020218 0.000486 0.760305
4 4 0.029857 0.034526 0.031608 0.000217 0.903793
4 4 0.113700 0.044041 0.049971 0.000468 0.791819
4 4 0.206041 0.068636 0.109155 0.000083 0.616085
4 4 0.077063 0.223126 0.345454 0.000023 0.354334
4 4 0.027324 0.050349 0.275675 0.000552 0.646101
4 4 0.065763 0.098454 0.109225 0.000080 0.726477
4 4 0.077391 0.084791 0.173227 0.000114 0.664478
2 4 0.011114 0.068252 0.622674 0.002403 0.295557
2 4 0.002188 0.027771 0.699468 0.002504 0.268068
2 4 0.002036 0.051647 0.632750 0.003532 0.310034
2 4 0.037579 0.039366 0.563735 0.000396 0.358925
2 4 0.004973 0.037557 0.732800 0.022675 0.201995
4 4 0.147153 0.059594 0.107681 0.000146 0.685425
4 4 0.082384 0.064955 0.160826 0.000100 0.691735
4 4 0.012808 0.112903 0.159762 0.000119 0.714408
4 4 0.014457 0.051412 0.066889 0.000273 0.866969
4 2 0.025884 0.116858 0.246339 0.000097 0.610821
4 2 0.057268 0.058180 0.294430 0.000443 0.589679
2 2 0.018785 0.020228 0.573747 0.000713 0.386527
4 2 0.017094 0.050525 0.446130 0.000133 0.486118
2 2 0.005145 0.036799 0.658129 0.005735 0.294192
2 2 0.003787 0.044628 0.720074 0.000610 0.230902
2 2 0.000100 0.014309 0.945072 0.006690 0.033828
2 2 0.000016 0.004720 0.986362 0.001433 0.007469
2 2 0.000055 0.010109 0.958244 0.014263 0.017330
2 2 0.000057 0.009715 0.949605 0.004016 0.036607
2 2 0.000366 0.008797 0.922980 0.014515 0.053342
2 2 0.000210 0.006001 0.960671 0.005039 0.028079
2 2 0.000109 0.005447 0.944055 0.016246 0.034143
2 2 0.000367 0.014451 0.905913 0.021284 0.057984
2 2 0.000311 0.000986 0.982679 0.000188 0.015836
2 2 0.000056 0.033621 0.816108 0.001517 0.148697
2 2 0.000274 0.011446 0.965064 0.000920 0.022295
2 2 0.000181 0.004969 0.915774 0.000974 0.078101
2 2 0.000098 0.002125 0.981804 0.009868 0.006104
2 2 0.000102 0.002242 0.983786 0.005343 0.008528
2 2 0.002760 0.017929 0.831326 0.005323 0.142662
4 2 0.006980 0.018994 0.317435 0.000684 0.655906
2 2 0.001247 0.022042 0.720395 0.001079 0.255237
2 2 0.001244 0.015739 0.814467 0.001963 0.166588
2 2 0.001734 0.029568 0.657437 0.003634 0.307627
2 2 0.000617 0.009369 0.886404 0.000882 0.102728
2 2 0.000073 0.003791 0.975824 0.002668 0.017644
2 2 0.000016 0.003529 0.974420 0.001958 0.020078
2 2 0.000141 0.002964 0.971630 0.007321 0.017943
2 2 0.000089 0.006954 0.940219 0.002015 0.050722
2 2 0.000004 0.000087 0.997075 0.001797 0.001037
2 2 0.000054 0.005112 0.968412 0.006130 0.020292
2 2 0.000317 0.004728 0.936365 0.001590 0.057000
2 2 0.000246 0.000730 0.994641 0.001597 0.002785
2 2 0.000005 0.001168 0.975702 0.019501 0.003624
2 2 0.000161 0.021412 0.878821 0.015974 0.083631
2 2 0.000004 0.000309 0.903475 0.094807 0.001406
2 2 0.000006 0.002931 0.949354 0.040931 0.006778
2 2 0.000012 0.000067 0.986960 0.012746 0.000215
2 2 0.000041 0.000226 0.989770 0.006221 0.003742
2 2 0.000148 0.001288 0.965028 0.017393 0.016143
2 2 0.000170 0.002470 0.922268 0.028064 0.047027
2 2 0.001072 0.022239 0.714000 0.011217 0.251472
2 2 0.000000 0.000153 0.989461 0.009973 0.000412
2 2 0.000109 0.001472 0.877682 0.110709 0.010029
2 2 0.000003 0.000323 0.877910 0.121221 0.000543
2 2 0.000001 0.000187 0.951968 0.047602 0.000242
2 2 0.000000 0.000090 0.786596 0.213310 0.000005
2 2 0.000001 0.000888 0.938294 0.058277 0.002541
2 2 0.000003 0.000331 0.788735 0.210399 0.000532
2 2 0.000022 0.009199 0.838016 0.140567 0.012196
2 2 0.000004 0.000391 0.798756 0.199955 0.000894
2 2 0.000004 0.000377 0.732683 0.266498 0.000438
2 2 0.000000 0.000128 0.668300 0.331533 0.000038
3 2 0.000001 0.001020 0.191117 0.807540 0.000322
3 3 0.000000 0.000094 0.292251 0.707585 0.000068
3 3 0.000000 0.000154 0.457732 0.542082 0.000032
3 3 0.000000 0.000017 0.083750 0.916231 0.000003
3 3 0.000000 0.000112 0.185379 0.814500 0.000009
3 3 0.000000 0.000015 0.137096 0.862889 0.000001
3 3 0.000000 0.000028 0.068786 0.931176 0.000010
3 3 0.000001 0.000097 0.124987 0.874901 0.000015
3 3 0.000000 0.000057 0.006017 0.993910 0.000016
3 3 0.000000 0.000029 0.198480 0.801491 0.000001
3 3 0.000004 0.000158 0.045978 0.953767 0.000094
3 3 0.000006 0.000407 0.245982 0.753089 0.000515
3 3 0.000000 0.000049 0.129963 0.869984 0.000004
3 3 0.000006 0.000092 0.019942 0.979889 0.000072
3 3 0.000000 0.000001 0.008864 0.991135 0.000000
3 3 0.000000 0.000003 0.006487 0.993510 0.000000
2 3 0.000000 0.000042 0.508604 0.491342 0.000012
2 3 0.000000 0.000034 0.789997 0.209961 0.000008
2 3 0.000005 0.000434 0.883164 0.116339 0.000057
3 3 0.000003 0.000076 0.329641 0.670274 0.000006
2 3 0.000000 0.000119 0.565610 0.434267 0.000004
3 3 0.000000 0.000101 0.456983 0.542913 0.000003
3 3 0.000009 0.000372 0.495599 0.504003 0.000016
3 3 0.000006 0.000112 0.258591 0.741247 0.000044
2 3 0.000001 0.000248 0.618626 0.381116 0.000010
2 3 0.000000 0.000126 0.676656 0.323214 0.000003
3 3 0.000000 0.000065 0.382400 0.617531 0.000003
3 3 0.000001 0.000069 0.380392 0.619514 0.000024
2 3 0.000001 0.000094 0.653604 0.346256 0.000044
3 3 0.000001 0.000028 0.413301 0.586666 0.000004
3 3 0.000001 0.000035 0.088372 0.911584 0.000007
2 3 0.000001 0.000035 0.587615 0.412340 0.000009
2 2 0.002203 0.009486 0.932591 0.055201 0.000520
2 2 0.000376 0.001558 0.972867 0.024902 0.000296
2 2 0.000006 0.000142 0.981933 0.017883 0.000036
2 2 0.000001 0.000075 0.962606 0.037315 0.000003
2 2 0.000052 0.000790 0.962996 0.036143 0.000019
2 2 0.000055 0.000457 0.955423 0.044030 0.000035
2 2 0.000001 0.000114 0.700776 0.299093 0.000016
2 2 0.000128 0.001749 0.984297 0.013738 0.000088
2 2 0.001860 0.028456 0.942565 0.025310 0.001809
2 2 0.000909 0.010736 0.978966 0.008724 0.000664
2 2 0.000007 0.002165 0.892462 0.105146 0.000220
2 2 0.000011 0.001106 0.868300 0.130568 0.000015
2 2 0.000045 0.002806 0.987477 0.009480 0.000193
2 2 0.000044 0.001913 0.992225 0.005725 0.000093
2 2 0.000004 0.000135 0.866303 0.133539 0.000019
2 2 0.000000 0.000117 0.955119 0.044762 0.000002
2 2 0.000000 0.000344 0.916236 0.083401 0.000019
2 2 0.000000 0.000035 0.857617 0.142348 0.000000
2 2 0.000010 0.001468 0.897722 0.100788 0.000012
2 2 0.000000 0.000068 0.720347 0.279584 0.000001
2 2 0.000145 0.004301 0.882181 0.113299 0.000075
2 2 0.000013 0.000728 0.962893 0.036360 0.000007
2 2 0.000000 0.000064 0.988077 0.011857 0.000001
2 2 0.000003 0.000207 0.988143 0.011623 0.000025
3 2 0.000000 0.000007 0.370427 0.629567 0.000000
3 2 0.000001 0.000047 0.325743 0.674209 0.000001
2 2 0.000001 0.000249 0.902570 0.097180 0.000001
3 2 0.000000 0.000016 0.373747 0.626237 0.000000
3 2 0.000000 0.000020 0.459279 0.540701 0.000001
2 2 0.000000 0.000133 0.916286 0.083580 0.000001
3 2 0.000000 0.000014 0.140412 0.859574 0.000000
3 2 0.000000 0.000012 0.387562 0.612424 0.000002
3 2 0.000000 0.000055 0.242703 0.757240 0.000002
3 2 0.000042 0.001222 0.474227 0.524479 0.000031
3 2 0.000000 0.000004 0.094207 0.905789 0.000000
2 2 0.000001 0.000162 0.623535 0.376301 0.000002
3 2 0.000000 0.000002 0.202576 0.797422 0.000000
3 2 0.000000 0.000008 0.300386 0.699606 0.000000
2 2 0.000001 0.000364 0.888550 0.111080 0.000004
2 2 0.000002 0.000618 0.704411 0.294949 0.000019
3 2 0.000009 0.000553 0.375039 0.624297 0.000101
2 2 0.000073 0.001947 0.888060 0.109799 0.000121
3 2 0.000000 0.000082 0.472567 0.527350 0.000001
2 2 0.000009 0.000711 0.856868 0.142408 0.000003
2 2 0.000000 0.000461 0.640963 0.358505 0.000071
2 2 0.000001 0.000388 0.707332 0.292265 0.000015
2 2 0.000000 0.000010 0.595430 0.404559 0.000000
2 2 0.000135 0.001593 0.974422 0.023786 0.000065
2 2 0.001349 0.004527 0.990745 0.003314 0.000066
2 2 0.000862 0.005232 0.989611 0.004249 0.000047
2 2 0.000029 0.019149 0.979592 0.000767 0.000462
2 2 0.000009 0.000279 0.886249 0.113454 0.000009
2 2 0.001134 0.006010 0.925101 0.065551 0.002204
2 2 0.000015 0.001827 0.981312 0.016798 0.000048
2 2 0.000042 0.023459 0.970575 0.005182 0.000742
2 2 0.000005 0.002843 0.992976 0.004149 0.000027
2 2 0.000031 0.001435 0.625145 0.373328 0.000060
2 2 0.000601 0.002573 0.990284 0.005474 0.001068
2 2 0.000000 0.000074 0.988350 0.011566 0.000011
2 2 0.000000 0.000815 0.997156 0.002018 0.000011
2 2 0.005591 0.014859 0.973866 0.002086 0.003598
2 2 0.000009 0.000386 0.962144 0.037442 0.000019
2 2 0.000013 0.002341 0.911146 0.086087 0.000412
2 2 0.000002 0.000528 0.733229 0.266216 0.000025
2 2 0.000035 0.002143 0.933587 0.064219 0.000017
2 2 0.000001 0.000120 0.999408 0.000461 0.000011
2 2 0.000001 0.000201 0.894328 0.105465 0.000004
2 2 0.000052 0.000682 0.981545 0.017679 0.000042
2 2 0.000063 0.001025 0.943116 0.055726 0.000070
2 2 0.000449 0.002583 0.995993 0.000652 0.000324
2 2 0.000000 0.000020 0.918699 0.081278 0.000003
2 2 0.000001 0.000283 0.944122 0.055587 0.000007
2 2 0.000005 0.000164 0.852511 0.147305 0.000014
2 2 0.000112 0.003011 0.964653 0.032025 0.000198
2 2 0.000000 0.000197 0.822689 0.177109 0.000005
2 2 0.000000 0.000142 0.865532 0.134323 0.000003
2 2 0.000001 0.000484 0.608839 0.390649 0.000027
2 2 0.000023 0.000113 0.973818 0.026017 0.000029
2 2 0.000721 0.014137 0.963697 0.021324 0.000120
2 2 0.000032 0.000716 0.988311 0.010826 0.000115
2 2 0.000002 0.000495 0.994547 0.004955 0.000001
2 2 0.000008 0.000837 0.935740 0.063405 0.000010
2 2 0.000002 0.000802 0.983747 0.015444 0.000005
2 2 0.002119 0.044541 0.944929 0.007140 0.001271
3 2 0.000000 0.000080 0.341340 0.658576 0.000004
2 2 0.000000 0.000290 0.720924 0.278768 0.000018
2 2 0.001505 0.013509 0.973844 0.006783 0.004360
2 2 0.000106 0.001787 0.992809 0.005002 0.000297
2 2 0.000001 0.000070 0.734648 0.265277 0.000005
2 2 0.000001 0.000248 0.875679 0.124069 0.000003
2 2 0.365016 0.130581 0.503484 0.000003 0.000915
0 2 0.764112 0.032750 0.191141 0.000014 0.011982
2 2 0.000065 0.002049 0.997289 0.000387 0.000210
2 2 0.000000 0.000088 0.997866 0.002045 0.000000
2 2 0.000193 0.001583 0.995280 0.001178 0.001766
2 2 0.000044 0.003103 0.889500 0.107247 0.000106
2 2 0.000001 0.000209 0.969482 0.030307 0.000001
2 2 0.000035 0.001271 0.991009 0.007667 0.000018
2 2 0.000001 0.000521 0.933737 0.065736 0.000006
2 2 0.000000 0.000085 0.858727 0.141187 0.000001
2 2 0.000048 0.000977 0.984971 0.013896 0.000108
2 2 0.000065 0.005057 0.972015 0.022762 0.000102
2 2 0.002138 0.039950 0.955161 0.000822 0.001929
2 2 0.000245 0.006916 0.989880 0.002882 0.000076
2 2 0.000070 0.001233 0.986456 0.012088 0.000153
2 2 0.000009 0.000681 0.968275 0.031014 0.000021
2 2 0.000070 0.002616 0.943510 0.053782 0.000021
2 2 0.000042 0.001547 0.908284 0.090089 0.000038
2 2 0.001304 0.001027 0.986266 0.011383 0.000020
1 2 0.043339 0.498248 0.453316 0.000124 0.004973
2 2 0.000002 0.000159 0.989688 0.010132 0.000018
2 2 0.000000 0.000041 0.966325 0.033628 0.000006
2 2 0.000004 0.000787 0.995613 0.002119 0.001477
2 2 0.000005 0.001146 0.996577 0.001881 0.000391
2 2 0.000233 0.003332 0.951814 0.001489 0.043133
2 2 0.000429 0.010402 0.961095 0.000766 0.027308
2 2 0.000512 0.030200 0.790586 0.006228 0.172474
2 2 0.000958 0.004601 0.946949 0.015384 0.032109
2 2 0.000835 0.051671 0.705036 0.004915 0.237542
2 4 0.000280 0.033997 0.786367 0.002488 0.176869
2 4 0.005750 0.033839 0.632819 0.010371 0.317220
2 4 0.006907 0.102012 0.500082 0.015077 0.375921
4 4 0.136500 0.061242 0.172167 0.000014 0.630077
4 4 0.136373 0.159996 0.086924 0.000001 0.616706
4 4 0.024556 0.050378 0.200503 0.000355 0.724208
4 4 0.058330 0.026013 0.089670 0.000136 0.825851
4 4 0.006358 0.059502 0.415516 0.001646 0.516978
2 4 0.012631 0.045101 0.666742 0.001268 0.274258
2 4 0.003083 0.042949 0.530125 0.003843 0.419999
4 4 0.050272 0.041041 0.087097 0.001724 0.819865
4 4 0.025208 0.066753 0.133690 0.003385 0.770964
4 4 0.018846 0.121399 0.114909 0.000776 0.744069
4 4 0.015434 0.096962 0.181595 0.001112 0.704897
2 4 0.008390 0.123352 0.469996 0.002333 0.395928
4 4 0.107651 0.049899 0.153987 0.000532 0.687932
4 4 0.080544 0.101843 0.176415 0.000170 0.641029
4 4 0.020939 0.051941 0.111284 0.000027 0.815809
4 4 0.002756 0.034628 0.015192 0.000003 0.947421
4 4 0.180418 0.068541 0.070302 0.000045 0.680695
4 4 0.025515 0.066728 0.214621 0.000296 0.692840
2 4 0.015178 0.062925 0.522597 0.000028 0.399271
4 4 0.185631 0.110699 0.176743 0.000003 0.526924
4 4 0.002336 0.082700 0.074099 0.000378 0.840487
4 4 0.001556 0.142959 0.165541 0.001271 0.688674
4 4 0.049620 0.083827 0.132504 0.000037 0.734012
4 4 0.010537 0.156422 0.226356 0.000049 0.606637
4 4 0.103626 0.066056 0.119717 0.000093 0.710508
4 4 0.044293 0.220789 0.130569 0.000109 0.604239
4 4 0.010617 0.070188 0.320718 0.003014 0.595463
4 4 0.015719 0.059074 0.205881 0.006961 0.712366
