0 0 0.971465 0.018431 0.003711 0.000001 0.006393
0 0 0.832168 0.061766 0.010268 0.000000 0.095799
0 0 0.996611 0.000023 0.000007 0.000000 0.003359
0 0 0.998890 0.000004 0.000001 0.000000 0.001106
0 0 0.999332 0.000257 0.000044 0.000000 0.000367
0 0 0.971176 0.000127 0.000020 0.000000 0.028676
0 0 0.920938 0.030936 0.007632 0.000011 0.040483
4 0 0.320992 0.001523 0.000111 0.000000 0.677374
0 0 0.999344 0.000623 0.000034 0.000000 0.000000
0 0 0.984329 0.004264 0.001260 0.000019 0.010128
0 0 0.999915 0.000046 0.000007 0.000000 0.000033
0 0 0.999874 0.000079 0.000014 0.000000 0.000034
0 0 0.860644 0.113619 0.024639 0.000047 0.001051
0 0 0.868029 0.050731 0.010565 0.000002 0.070673
0 0 0.959882 0.003879 0.000645 0.000000 0.035593
0 0 0.983333 0.002465 0.000439 0.000000 0.013763
0 0 0.912958 0.007514 0.002171 0.000012 0.077344
0 0 0.965043 0.003326 0.000788 0.000000 0.030842
0 0 0.878501 0.009063 0.002731 0.000023 0.109683
0 0 0.806062 0.026271 0.008483 0.000196 0.158988
0 0 0.677016 0.011723 0.002958 0.000002 0.308301
1 0 0.227200 0.367976 0.068942 0.000002 0.335880
0 0 0.655900 0.069158 0.017064 0.000013 0.257865
0 0 0.518857 0.015922 0.005217 0.000075 0.459929
0 0 0.927492 0.002141 0.000586 0.000001 0.069779
0 0 0.729576 0.031477 0.006815 0.000001 0.232131
4 0 0.332370 0.025968 0.006273 0.000002 0.635387
0 0 0.460881 0.067042 0.016785 0.000012 0.455280
0 0 0.968677 0.003979 0.000776 0.000000 0.026568
0 0 0.994334 0.001266 0.000189 0.000000 0.004211
0 0 0.999914 0.000064 0.000007 0.000000 0.000015
0 0 0.991180 0.000202 0.000046 0.000000 0.008572
0 0 0.983810 0.003080 0.000653 0.000000 0.012456
0 0 0.982394 0.003685 0.000911 0.000001 0.013008
0 0 0.997404 0.001184 0.000273 0.000000 0.001138
0 0 0.996195 0.000568 0.000164 0.000002 0.003071
0 0 0.968281 0.008409 0.001883 0.000001 0.021426
0 0 0.971964 0.007656 0.001920 0.000003 0.018457
0 0 0.982409 0.003932 0.000845 0.000000 0.012814
0 0 0.881698 0.014870 0.003979 0.000009 0.099444
0 0 0.924007 0.047574 0.013271 0.000011 0.015137
0 0 0.924413 0.032827 0.010507 0.000020 0.032233
0 0 0.751843 0.039088 0.009880 0.000010 0.199179
0 0 0.884273 0.026266 0.007602 0.000059 0.081799
4 0 0.196943 0.098030 0.048820 0.000075 0.656132
0 0 0.648202 0.079571 0.021446 0.000003 0.250779
0 0 0.892808 0.042051 0.010959 0.000031 0.054151
0 0 0.771452 0.042004 0.011544 0.000038 0.174963
0 0 0.957506 0.014655 0.003423 0.000003 0.024414
0 0 0.788981 0.058355 0.013080 0.000004 0.139580
0 0 0.881981 0.049955 0.010664 0.000002 0.057398
0 0 0.715494 0.066022 0.018170 0.000063 0.200251
0 0 0.981741 0.000690 0.000209 0.000002 0.017358
0 0 0.954223 0.002053 0.000595 0.000003 0.043126
4 0 0.361320 0.022363 0.006620 0.000024 0.609674
0 0 0.592414 0.025635 0.010994 0.000484 0.370474
0 0 0.975592 0.001847 0.000494 0.000001 0.022066
0 0 0.689784 0.007431 0.002270 0.000014 0.300501
0 0 0.922882 0.007411 0.001772 0.000001 0.067933
0 0 0.959929 0.007141 0.001791 0.000002 0.031136
0 0 0.919085 0.022119 0.005812 0.000015 0.052968
0 0 0.793121 0.011979 0.003199 0.000005 0.191696
0 0 0.557614 0.055456 0.013784 0.000009 0.373137
4 0 0.340980 0.022192 0.005992 0.000007 0.630830
0 0 0.615271 0.016035 0.003952 0.000002 0.364740
4 0 0.372540 0.021370 0.004690 0.000000 0.601399
4 0 0.429747 0.052910 0.013832 0.000015 0.503496
4 0 0.258822 0.012765 0.003520 0.000004 0.724889
0 0 0.971845 0.019593 0.004546 0.000007 0.004008
0 0 0.912858 0.025495 0.006211 0.000006 0.055430
0 0 0.970319 0.009319 0.002142 0.000001 0.018220
4 0 0.387436 0.030171 0.008423 0.000017 0.573953
0 0 0.786221 0.120621 0.028938 0.000035 0.064185
4 0 0.262828 0.059587 0.017558 0.000073 0.659954
0 0 0.991689 0.002554 0.000484 0.000000 0.005273
0 0 0.993272 0.002593 0.000400 0.000000 0.003735
0 0 0.966493 0.025084 0.004650 0.000000 0.003774
0 0 0.953548 0.018190 0.003653 0.000000 0.024609
0 0 0.986601 0.008862 0.001920 0.000001 0.002616
0 0 0.990843 0.006407 0.001090 0.000000 0.001661
0 0 0.999579 0.000101 0.000016 0.000000 0.000304
0 0 0.977280 0.001930 0.000369 0.000000 0.020422
0 0 0.561118 0.002767 0.000683 0.000000 0.435432
4 0 0.331677 0.003147 0.000812 0.000000 0.664364
4 0 0.385102 0.013675 0.004214 0.000023 0.596986
0 0 0.763804 0.055901 0.012426 0.000003 0.167866
0 0 0.489025 0.024000 0.006201 0.000005 0.480769
4 0 0.170838 0.033746 0.008889 0.000007 0.786521
0 0 0.638099 0.023402 0.006423 0.000013 0.332063
0 0 0.869519 0.005342 0.001382 0.000001 0.123755
4 0 0.272586 0.058782 0.011318 0.000000 0.657313
0 1 0.552342 0.142397 0.029403 0.000003 0.275855
1 1 0.188523 0.394143 0.363273 0.001918 0.052143
0 2 0.508488 0.259042 0.073458 0.000567 0.158445
1 2 0.019215 0.361508 0.299766 0.000551 0.318960
1 2 0.116357 0.496982 0.303442 0.002585 0.080634
4 2 0.036727 0.096373 0.297735 0.057585 0.511580
4 2 0.090337 0.126134 0.227109 0.131439 0.424980
2 2 0.008585 0.097265 0.667171 0.125316 0.101664
2 2 0.009824 0.036138 0.482308 0.370825 0.100905
2 2 0.003527 0.008852 0.731008 0.156999 0.099614
2 2 0.007132 0.027435 0.555224 0.034723 0.375485
2 2 0.000210 0.005731 0.955356 0.029897 0.008805
2 2 0.000539 0.007478 0.866640 0.074580 0.050763
2 2 0.000090 0.000823 0.982803 0.015724 0.000560
2 2 0.019689 0.008250 0.907129 0.048405 0.016527
2 2 0.000313 0.001173 0.709034 0.285806 0.003674
3 2 0.005807 0.001573 0.303394 0.683862 0.005364
2 2 0.000169 0.002290 0.844906 0.148623 0.004012
3 2 0.000010 0.000229 0.468452 0.530892 0.000418
2 2 0.000389 0.000563 0.727743 0.269551 0.001754
2 2 0.000061 0.000552 0.852182 0.146959 0.000247
2 2 0.000002 0.000046 0.545646 0.454219 0.000087
2 2 0.000001 0.000020 0.846867 0.153100 0.000012
3 2 0.000002 0.000033 0.410248 0.589667 0.000049
3 2 0.000054 0.000102 0.082168 0.917471 0.000205
3 2 0.000000 0.000000 0.005512 0.994487 0.000000
3 2 0.000010 0.000021 0.107642 0.892297 0.000030
3 2 0.000002 0.000051 0.378338 0.621515 0.000095
3 3 0.000007 0.000027 0.199252 0.800705 0.000009
3 3 0.000000 0.000000 0.013444 0.986556 0.000000
3 3 0.000042 0.000011 0.022149 0.977780 0.000018
3 3 0.000196 0.000065 0.018065 0.981575 0.000100
3 3 0.000023 0.000198 0.308461 0.691168 0.000149
3 3 0.000041 0.000028 0.417882 0.582024 0.000026
3 3 0.000025 0.000054 0.055530 0.944349 0.000042
3 3 0.000024 0.000010 0.092830 0.907130 0.000006
3 3 0.000293 0.000028 0.010326 0.989337 0.000016
3 3 0.000004 0.000066 0.132054 0.867802 0.000074
3 3 0.000046 0.000059 0.030145 0.969682 0.000068
3 3 0.000000 0.000000 0.000029 0.999971 0.000000
3 3 0.000014 0.000030 0.068245 0.931662 0.000049
2 3 0.009505 0.000942 0.987301 0.001974 0.000278
2 2 0.229357 0.155890 0.583192 0.000124 0.031438
2 2 0.002939 0.007609 0.594117 0.392430 0.002905
2 2 0.008829 0.005902 0.617203 0.367761 0.000305
2 2 0.001117 0.016279 0.941105 0.026121 0.015377
2 2 0.000132 0.002393 0.939814 0.055067 0.002594
2 2 0.000014 0.000226 0.831763 0.167702 0.000294
3 2 0.000006 0.000059 0.238064 0.761744 0.000127
2 2 0.000000 0.000022 0.719083 0.280892 0.000002
2 2 0.000203 0.000679 0.867069 0.131892 0.000156
3 2 0.000196 0.000021 0.040573 0.959120 0.000090
3 3 0.000690 0.000426 0.207529 0.788708 0.002646
3 3 0.000376 0.000186 0.186474 0.811530 0.001434
3 3 0.000073 0.000127 0.145088 0.854465 0.000247
3 3 0.000002 0.000006 0.023334 0.976652 0.000006
3 3 0.000000 0.000000 0.009097 0.990902 0.000000
3 3 0.000010 0.000001 0.001032 0.998958 0.000001
3 3 0.000039 0.000009 0.027816 0.972101 0.000035
3 3 0.003636 0.000028 0.004414 0.991815 0.000107
3 3 0.000911 0.000007 0.001115 0.997955 0.000012
3 3 0.000069 0.000029 0.152665 0.847178 0.000058
3 3 0.000550 0.000042 0.041713 0.957392 0.000302
3 3 0.000002 0.000001 0.003278 0.996719 0.000000
3 3 0.000009 0.000006 0.001920 0.998063 0.000002
3 3 0.000017 0.000010 0.025049 0.974922 0.000002
3 3 0.000111 0.000047 0.065160 0.934601 0.000082
3 3 0.000140 0.000258 0.072018 0.927198 0.000386
3 3 0.000001 0.000002 0.010853 0.989141 0.000002
3 3 0.000028 0.000032 0.038934 0.960949 0.000057
3 3 0.000001 0.000002 0.012636 0.987360 0.000001
3 3 0.000013 0.000004 0.004280 0.995700 0.000003
3 3 0.000000 0.000000 0.000558 0.999441 0.000000
3 3 0.000003 0.000005 0.003349 0.996643 0.000001
3 3 0.000007 0.000004 0.002576 0.997411 0.000002
3 3 0.000000 0.000000 0.000018 0.999982 0.000000
3 3 0.000001 0.000000 0.000058 0.999941 0.000000
3 3 0.000000 0.000000 0.000038 0.999962 0.000000
3 3 0.000005 0.000000 0.000318 0.999677 0.000000
3 3 0.000138 0.000007 0.002245 0.997605 0.000005
3 3 0.000020 0.000002 0.000379 0.999599 0.000000
3 3 0.000057 0.000003 0.000683 0.999256 0.000001
3 3 0.000199 0.000014 0.001094 0.998687 0.000006
3 3 0.000002 0.000000 0.000192 0.999806 0.000000
3 3 0.000000 0.000000 0.000148 0.999852 0.000000
3 3 0.000005 0.000000 0.000042 0.999952 0.000000
3 3 0.000215 0.000002 0.000165 0.999617 0.000001
3 3 0.000001 0.000000 0.000024 0.999975 0.000000
3 3 0.000000 0.000000 0.000005 0.999995 0.000000
3 3 0.000004 0.000001 0.000201 0.999795 0.000000
3 3 0.000003 0.000001 0.000377 0.999619 0.000000
3 3 0.000369 0.000017 0.002147 0.997450 0.000016
3 3 0.000521 0.000007 0.000240 0.999230 0.000002
3 3 0.007948 0.000296 0.022074 0.969211 0.000471
3 3 0.003402 0.000812 0.029219 0.965948 0.000618
3 3 0.011191 0.002024 0.121856 0.855116 0.009813
3 3 0.000001 0.000000 0.000164 0.999836 0.000000
3 2 0.003900 0.001061 0.065156 0.929551 0.000332
3 2 0.027047 0.013144 0.244946 0.710431 0.004432
3 2 0.000152 0.000107 0.075819 0.923854 0.000067
3 2 0.000247 0.000296 0.156471 0.842753 0.000234
3 2 0.000012 0.000056 0.040449 0.959439 0.000044
3 2 0.000501 0.000627 0.200474 0.798226 0.000172
3 2 0.000274 0.000040 0.005907 0.993750 0.000030
3 3 0.000056 0.000009 0.004368 0.995558 0.000009
3 3 0.000083 0.000019 0.024192 0.975683 0.000022
3 3 0.001449 0.000111 0.029136 0.969265 0.000039
3 3 0.011198 0.003537 0.163119 0.807504 0.014642
2 3 0.007975 0.013033 0.672571 0.136961 0.169461
3 3 0.000003 0.000016 0.042122 0.957844 0.000016
3 3 0.000136 0.000317 0.149361 0.849418 0.000769
2 2 0.000018 0.000315 0.857423 0.142138 0.000106
3 2 0.000063 0.000172 0.428863 0.570295 0.000607
2 2 0.001224 0.008409 0.532183 0.434421 0.023763
3 2 0.001677 0.002466 0.354453 0.629819 0.011584
2 2 0.000557 0.043891 0.688410 0.012941 0.254201
2 2 0.000087 0.011343 0.906721 0.025150 0.056699
2 2 0.000142 0.026377 0.821798 0.011593 0.140090
2 2 0.000019 0.007273 0.960050 0.018504 0.014154
4 2 0.001713 0.032470 0.251122 0.001297 0.713397
4 2 0.002040 0.034741 0.323016 0.002569 0.637633
2 2 0.000140 0.028766 0.846242 0.081157 0.043694
2 2 0.000045 0.008584 0.887477 0.005282 0.098611
4 2 0.010750 0.050654 0.357935 0.018232 0.562429
2 2 0.000408 0.036447 0.760715 0.017696 0.184734
2 2 0.001326 0.012066 0.937491 0.010805 0.038311
2 2 0.001476 0.103991 0.886626 0.001008 0.006900
2 2 0.000296 0.015886 0.953651 0.024091 0.006075
2 2 0.020499 0.010572 0.791042 0.175036 0.002851
1 2 0.062200 0.651333 0.272077 0.000094 0.014297
1 2 0.150164 0.386531 0.206862 0.001500 0.254943
2 2 0.000048 0.003794 0.994611 0.001309 0.000237
2 2 0.000432 0.002266 0.985466 0.011297 0.000540
2 2 0.028089 0.025159 0.919011 0.026889 0.000852
0 2 0.691994 0.191639 0.066199 0.000026 0.050141
2 2 0.000126 0.005949 0.974187 0.015718 0.004019
2 2 0.000043 0.001194 0.963528 0.032794 0.002441
2 2 0.001290 0.010831 0.666889 0.279888 0.041102
3 2 0.002295 0.006253 0.354020 0.624789 0.012643
2 2 0.000771 0.000637 0.580245 0.416896 0.001450
2 2 0.000003 0.000144 0.835785 0.163878 0.000190
2 2 0.000007 0.000150 0.923005 0.076745 0.000093
3 2 0.000000 0.000014 0.262254 0.737725 0.000007
3 2 0.000012 0.000089 0.177214 0.822578 0.000107
3 2 0.000002 0.000012 0.170635 0.829310 0.000040
3 2 0.000685 0.002141 0.430276 0.557853 0.009045
2 2 0.000168 0.000487 0.578757 0.420447 0.000141
3 3 0.000000 0.000002 0.046357 0.953640 0.000000
3 3 0.000001 0.000010 0.043358 0.956625 0.000007
3 3 0.000044 0.000026 0.069875 0.929940 0.000114
3 3 0.000003 0.000000 0.001122 0.998874 0.000000
3 3 0.000013 0.000017 0.019610 0.980358 0.000002
3 3 0.000000 0.000000 0.004227 0.995773 0.000000
3 3 0.000001 0.000000 0.002136 0.997863 0.000000
3 3 0.000304 0.000221 0.207470 0.791450 0.000555
3 3 0.000000 0.000000 0.000909 0.999091 0.000000
3 3 0.000002 0.000001 0.004313 0.995683 0.000001
3 3 0.000001 0.000003 0.012202 0.987793 0.000001
3 3 0.000215 0.000090 0.051524 0.947905 0.000265
3 3 0.000006 0.000001 0.002044 0.997950 0.000000
3 3 0.000014 0.000002 0.003178 0.996805 0.000001
3 3 0.000648 0.000059 0.164269 0.834492 0.000532
3 3 0.018707 0.000762 0.121002 0.849261 0.010268
3 3 0.000081 0.000002 0.000636 0.999281 0.000001
3 3 0.000592 0.000246 0.025777 0.973139 0.000246
3 3 0.000004 0.000000 0.000013 0.999983 0.000000
3 3 0.000011 0.000003 0.001501 0.998484 0.000001
3 3 0.000027 0.000003 0.000499 0.999471 0.000001
3 3 0.000280 0.000062 0.003659 0.995983 0.000016
2 2 0.030549 0.001679 0.580748 0.382021 0.005003
3 2 0.146810 0.009569 0.190650 0.652711 0.000261
4 2 0.022455 0.132817 0.072326 0.000054 0.772348
1 2 0.036350 0.625025 0.256150 0.000269 0.082206
2 2 0.000191 0.002068 0.510912 0.481946 0.004884
2 2 0.000296 0.001425 0.743900 0.249127 0.005252
3 2 0.000000 0.000005 0.263505 0.736489 0.000001
2 2 0.000025 0.000153 0.630938 0.368816 0.000068
2 2 0.000000 0.000002 0.614828 0.385170 0.000001
3 2 0.000002 0.000019 0.402301 0.597670 0.000008
2 2 0.000002 0.000063 0.693665 0.306231 0.000040
2 2 0.000001 0.000083 0.668728 0.331175 0.000012
2 2 0.002495 0.000744 0.805188 0.190805 0.000768
3 2 0.000002 0.000003 0.012597 0.987395 0.000003
3 2 0.000001 0.000001 0.025111 0.974887 0.000000
2 2 0.000002 0.000022 0.669646 0.330295 0.000035
3 2 0.000034 0.000001 0.000434 0.999531 0.000000
3 2 0.000000 0.000000 0.000617 0.999383 0.000000
3 2 0.000164 0.000016 0.016653 0.983162 0.000005
3 2 0.000002 0.000000 0.000617 0.999381 0.000000
3 2 0.000000 0.000000 0.012653 0.987346 0.000000
3 2 0.000011 0.000019 0.031636 0.968313 0.000021
3 2 0.000001 0.000004 0.016350 0.983641 0.000003
3 3 0.009464 0.000285 0.060478 0.926932 0.002841
3 3 0.000000 0.000000 0.000136 0.999864 0.000000
3 3 0.000000 0.000001 0.004018 0.995981 0.000000
3 3 0.000009 0.000007 0.006176 0.993803 0.000005
3 3 0.000016 0.000007 0.002493 0.997481 0.000003
3 3 0.000012 0.000014 0.022794 0.977169 0.000011
3 3 0.000008 0.000008 0.004262 0.995719 0.000003
3 3 0.000040 0.000039 0.015562 0.984330 0.000029
3 3 0.000005 0.000000 0.000095 0.999900 0.000000
3 3 0.000498 0.000122 0.007055 0.992246 0.000079
3 3 0.000232 0.000062 0.006387 0.993276 0.000042
3 3 0.000005 0.000020 0.010932 0.989042 0.000002
3 3 0.000286 0.000070 0.003195 0.996421 0.000028
3 2 0.000979 0.000019 0.000872 0.998127 0.000003
3 2 0.008087 0.000094 0.001108 0.990683 0.000028
2 2 0.001134 0.003491 0.956919 0.037707 0.000749
2 2 0.005962 0.022762 0.872262 0.071473 0.027542
3 2 0.000060 0.000287 0.339409 0.660229 0.000016
3 2 0.000000 0.000043 0.478969 0.520977 0.000011
3 2 0.000003 0.000087 0.445976 0.553929 0.000005
3 2 0.000000 0.000005 0.121504 0.878490 0.000000
3 2 0.000015 0.000101 0.423097 0.576779 0.000007
3 2 0.001303 0.001069 0.498173 0.499126 0.000329
3 2 0.000230 0.004848 0.376065 0.615318 0.003540
3 2 0.000322 0.001045 0.425901 0.567756 0.004977
3 2 0.000032 0.000159 0.140835 0.858686 0.000289
3 2 0.000024 0.000073 0.068126 0.931669 0.000109
2 2 0.000173 0.001807 0.640255 0.355908 0.001857
3 2 0.000026 0.000497 0.325424 0.673250 0.000802
3 2 0.000001 0.000071 0.291174 0.708740 0.000013
2 2 0.000015 0.000302 0.867733 0.131846 0.000105
3 2 0.000033 0.000024 0.098722 0.901194 0.000027
3 2 0.000000 0.000001 0.028220 0.971779 0.000000
3 2 0.000032 0.000361 0.326770 0.672365 0.000472
3 2 0.000024 0.000201 0.455712 0.543652 0.000411
2 2 0.000000 0.000015 0.711261 0.288722 0.000003
2 2 0.000027 0.000082 0.716271 0.283568 0.000052
3 2 0.000000 0.000004 0.223964 0.776026 0.000006
3 2 0.000231 0.000135 0.084382 0.915102 0.000150
3 2 0.000000 0.000042 0.201183 0.798769 0.000005
3 2 0.000109 0.000209 0.156879 0.842260 0.000543
3 2 0.000020 0.000052 0.331475 0.668355 0.000099
3 2 0.000165 0.000374 0.495420 0.502906 0.001135
3 2 0.000026 0.000067 0.291311 0.708195 0.000402
3 2 0.000105 0.000222 0.484257 0.514835 0.000581
3 2 0.001124 0.000311 0.207220 0.791254 0.000091
3 2 0.000131 0.000072 0.007824 0.991933 0.000039
3 2 0.000004 0.000019 0.020808 0.979163 0.000006
3 2 0.000008 0.000026 0.010126 0.989831 0.000009
3 2 0.003872 0.000513 0.054335 0.939374 0.001905
3 2 0.000098 0.000019 0.013325 0.986543 0.000015
3 2 0.000001 0.000000 0.000105 0.999894 0.000000
3 2 0.000003 0.000005 0.014254 0.985733 0.000005
3 2 0.000738 0.001705 0.156141 0.838470 0.002946
3 2 0.002930 0.000794 0.042185 0.953790 0.000302
3 2 0.098769 0.117317 0.379263 0.385193 0.019458
3 2 0.013575 0.057241 0.255485 0.659666 0.014033
2 2 0.001764 0.006589 0.505934 0.461098 0.024615
3 2 0.000191 0.000644 0.407506 0.589543 0.002115
2 2 0.000052 0.001306 0.890978 0.105328 0.002335
2 2 0.000065 0.000736 0.605519 0.393207 0.000474
2 2 0.006554 0.003327 0.664128 0.322409 0.003583
2 2 0.000126 0.000759 0.792370 0.204677 0.002069
2 2 0.000000 0.000038 0.607518 0.392443 0.000001
2 2 0.000003 0.000314 0.973841 0.025769 0.000074
3 2 0.000000 0.000005 0.040233 0.959760 0.000001
3 2 0.000001 0.000020 0.355835 0.644119 0.000025
3 2 0.000123 0.000090 0.201687 0.797938 0.000162
3 2 0.000693 0.000086 0.323779 0.675328 0.000113
2 2 0.000024 0.001541 0.805368 0.188263 0.004804
2 2 0.000893 0.000516 0.617152 0.381288 0.000151
3 2 0.000004 0.000020 0.178471 0.821502 0.000002
2 2 0.000004 0.000036 0.620444 0.379512 0.000004
3 2 0.010414 0.013914 0.363377 0.562346 0.049949
3 2 0.029062 0.010535 0.343242 0.539507 0.077654
3 2 0.000000 0.000000 0.004301 0.995699 0.000000
3 2 0.000000 0.000000 0.001980 0.998019 0.000000
3 2 0.001434 0.000574 0.046121 0.950820 0.001051
3 3 0.001324 0.001821 0.258590 0.731763 0.006502
3 3 0.000061 0.000022 0.037381 0.962514 0.000021
3 3 0.000004 0.000001 0.003945 0.996050 0.000000
3 3 0.000003 0.000040 0.373280 0.626635 0.000041
3 3 0.000006 0.000003 0.043558 0.956433 0.000001
3 3 0.000091 0.000145 0.062321 0.937220 0.000223
3 3 0.001792 0.002004 0.266770 0.721063 0.008371
3 3 0.000000 0.000000 0.007604 0.992396 0.000000
3 3 0.000006 0.000025 0.031791 0.968158 0.000020
3 3 0.000042 0.000014 0.002288 0.997652 0.000005
3 3 0.004120 0.000201 0.020028 0.974986 0.000665
3 3 0.000009 0.000088 0.115446 0.884421 0.000036
3 3 0.000065 0.000013 0.003722 0.996191 0.000009
3 3 0.001327 0.000068 0.007094 0.991397 0.000113
3 3 0.002442 0.000476 0.034134 0.961999 0.000949
3 3 0.000024 0.000022 0.018651 0.981278 0.000025
3 3 0.005145 0.000299 0.090076 0.904136 0.000344
3 3 0.011831 0.002727 0.259134 0.703299 0.023009
2 3 0.001719 0.002476 0.613508 0.356487 0.025811
4 4 0.004995 0.015785 0.032143 0.000085 0.946992
4 4 0.002753 0.034908 0.306438 0.002904 0.652998
2 4 0.000324 0.038706 0.570858 0.000538 0.389574
2 4 0.041074 0.245317 0.381376 0.001273 0.330961
4 4 0.011842 0.063777 0.243523 0.003449 0.677409
4 4 0.007782 0.059189 0.127528 0.001950 0.803551
2 4 0.001163 0.069125 0.713832 0.010587 0.205294
2 4 0.039193 0.150235 0.570220 0.011701 0.228651
4 4 0.005593 0.076314 0.118012 0.001511 0.798571
4 4 0.004277 0.031402 0.027191 0.000085 0.937045
4 4 0.002652 0.043545 0.081902 0.000343 0.871558
4 4 0.004622 0.036172 0.031242 0.000119 0.927845
4 4 0.006756 0.045252 0.235070 0.004326 0.708595
4 4 0.027412 0.036140 0.156496 0.006557 0.773395
4 4 0.006993 0.001442 0.000385 0.000000 0.991179
4 4 0.011814 0.005045 0.001466 0.000001 0.981673
2 4 0.000324 0.053348 0.738046 0.016275 0.192008
2 4 0.000367 0.034310 0.804823 0.029691 0.130810
4 4 0.010543 0.065528 0.042504 0.000496 0.880928
4 4 0.001663 0.072218 0.281619 0.002637 0.641863
4 4 0.009247 0.002806 0.000784 0.000000 0.987163
4 4 0.043377 0.047141 0.013319 0.000020 0.896142
4 4 0.000807 0.029251 0.123413 0.000165 0.846364
4 4 0.002188 0.084964 0.426133 0.009892 0.476824
4 4 0.001396 0.055021 0.335105 0.002777 0.605701
4 4 0.006996 0.057128 0.044636 0.000355 0.890885
4 4 0.030096 0.011408 0.003637 0.000016 0.954842
4 4 0.021741 0.004517 0.001355 0.000002 0.972384
4 4 0.001957 0.036324 0.086264 0.000264 0.875192
4 4 0.001277 0.046571 0.269023 0.001470 0.681658
4 4 0.000844 0.030703 0.179864 0.000401 0.788188
4 4 0.003360 0.059584 0.069947 0.000394 0.866714
4 4 0.002662 0.062308 0.083827 0.000443 0.850760
4 4 0.001270 0.049063 0.206544 0.000923 0.742200
2 4 0.001445 0.085551 0.512064 0.003864 0.397076
4 4 0.001683 0.066537 0.228180 0.001670 0.701930
4 4 0.001005 0.015470 0.036767 0.000029 0.946729
4 4 0.033310 0.004129 0.001416 0.000003 0.961142
4 4 0.003937 0.016917 0.012834 0.000020 0.966292
4 4 0.000698 0.031468 0.105329 0.000149 0.862355
4 4 0.004317 0.149811 0.315234 0.002630 0.528007
4 4 0.000586 0.032222 0.429036 0.001840 0.536316
4 4 0.000776 0.067592 0.396979 0.003049 0.531604
4 4 0.001443 0.010910 0.032939 0.000027 0.954681
4 4 0.034150 0.011932 0.003842 0.000020 0.950057
4 4 0.006452 0.050389 0.043344 0.000296 0.899518
4 4 0.007827 0.018223 0.011304 0.000030 0.962615
4 4 0.002650 0.035223 0.082967 0.000308 0.878852
4 4 0.004288 0.051948 0.056059 0.000317 0.887388
4 4 0.003460 0.043811 0.046669 0.000187 0.905872
4 4 0.000917 0.062607 0.148244 0.000477 0.787755
4 4 0.003036 0.056896 0.069703 0.000352 0.870012
4 4 0.000795 0.035783 0.145919 0.000296 0.817207
4 4 0.000661 0.065838 0.458034 0.001092 0.474375
4 4 0.002646 0.074081 0.104288 0.000686 0.818299
2 4 0.000102 0.025475 0.856743 0.007379 0.110301
2 4 0.000116 0.024645 0.859947 0.018475 0.096817
4 4 0.001153 0.045075 0.373771 0.002708 0.577294
2 4 0.000193 0.036039 0.727876 0.006634 0.229258
2 4 0.000379 0.043517 0.637730 0.006228 0.312146
4 4 0.001472 0.068652 0.166060 0.000212 0.763604
4 4 0.005460 0.043720 0.046044 0.000260 0.904515
2 4 0.000609 0.115473 0.659493 0.002060 0.222364
2 4 0.000537 0.061664 0.616418 0.009298 0.312082
4 4 0.001536 0.079397 0.399507 0.005939 0.513622
4 4 0.002954 0.066183 0.085485 0.000513 0.844864
4 4 0.002143 0.083525 0.413557 0.008820 0.491954
4 4 0.001769 0.042389 0.378983 0.003748 0.573111
2 4 0.000386 0.064837 0.703432 0.016050 0.215295
2 4 0.000357 0.026082 0.789566 0.016569 0.167426
2 4 0.000525 0.053905 0.576604 0.006122 0.362845
2 2 0.000089 0.013558 0.931112 0.012777 0.042464
2 2 0.000151 0.028680 0.838750 0.018099 0.114319
2 2 0.000048 0.013678 0.914379 0.033245 0.038649
2 2 0.000204 0.032234 0.839094 0.017509 0.110960
2 2 0.000428 0.014295 0.913807 0.000390 0.071080
2 2 0.000129 0.064919 0.910222 0.001075 0.023654
2 2 0.000035 0.012637 0.960926 0.001968 0.024434
2 2 0.000002 0.000688 0.998327 0.000467 0.000516
2 2 0.000009 0.001228 0.991921 0.005546 0.001296
2 2 0.005662 0.028898 0.624066 0.045507 0.295866
2 2 0.006880 0.017833 0.691474 0.118751 0.165062
2 2 0.000042 0.001078 0.861786 0.134197 0.002897
2 2 0.000018 0.000545 0.802963 0.195958 0.000516
2 2 0.000004 0.003690 0.983784 0.001205 0.011317
2 2 0.000299 0.024201 0.925948 0.000164 0.049388
2 2 0.000004 0.001453 0.993782 0.004491 0.000271
2 2 0.000003 0.001702 0.956057 0.036986 0.005253
2 2 0.000003 0.001298 0.984384 0.010431 0.003884
2 2 0.000026 0.001973 0.975188 0.018509 0.004304
2 2 0.000033 0.001054 0.932207 0.066363 0.000343
2 2 0.000000 0.000137 0.961926 0.037831 0.000106
2 2 0.000109 0.000780 0.552639 0.445385 0.001087
3 2 0.000261 0.000319 0.248574 0.749459 0.001387
2 2 0.000034 0.001505 0.989480 0.007472 0.001509
2 2 0.000043 0.002837 0.793951 0.195933 0.007237
3 2 0.001744 0.002602 0.478569 0.502844 0.014241
3 2 0.000011 0.000049 0.096802 0.903072 0.000066
2 2 0.000002 0.000782 0.842210 0.155701 0.001304
2 2 0.000000 0.000010 0.578552 0.421436 0.000002
2 2 0.000128 0.001631 0.983903 0.013133 0.001205
2 2 0.000250 0.012043 0.950400 0.002839 0.034468
2 2 0.000005 0.000250 0.911062 0.088651 0.000031
2 2 0.000271 0.002145 0.892990 0.101538 0.003056
2 2 0.000013 0.000420 0.691299 0.308083 0.000185
2 2 0.000107 0.000257 0.934672 0.064814 0.000149
2 2 0.000070 0.000227 0.901723 0.095483 0.002497
2 2 0.000044 0.000105 0.624604 0.375128 0.000118
2 2 0.000023 0.000406 0.828015 0.171356 0.000200
2 2 0.000007 0.000337 0.949132 0.050366 0.000158
2 2 0.000018 0.000279 0.861651 0.137708 0.000345
2 2 0.002245 0.004763 0.854236 0.130516 0.008240
2 2 0.434928 0.058149 0.443102 0.057067 0.006754
2 2 0.056095 0.185099 0.729189 0.023546 0.006071
2 2 0.000966 0.011500 0.740378 0.233471 0.013685
2 2 0.000135 0.009782 0.920844 0.055513 0.013726
2 2 0.000171 0.008630 0.857005 0.102973 0.031221
2 2 0.000128 0.001702 0.774083 0.219840 0.004247
2 2 0.000247 0.003981 0.982885 0.009292 0.003595
2 2 0.001302 0.008394 0.977303 0.004848 0.008152
2 2 0.000257 0.001156 0.571399 0.422028 0.005160
3 2 0.000001 0.000157 0.403806 0.595991 0.000045
2 2 0.007607 0.011011 0.508707 0.469859 0.002816
2 2 0.000033 0.000585 0.609793 0.389251 0.000339
3 2 0.000000 0.000007 0.156003 0.843987 0.000002
3 2 0.000000 0.000007 0.277525 0.722467 0.000001
3 2 0.000000 0.000004 0.111514 0.888475 0.000008
3 2 0.000004 0.000054 0.411791 0.587995 0.000157
2 2 0.000063 0.000441 0.859358 0.140074 0.000065
2 2 0.000210 0.000758 0.660736 0.336758 0.001538
3 2 0.000001 0.000011 0.133328 0.866656 0.000004
3 2 0.000001 0.000003 0.013251 0.986743 0.000002
3 2 0.000016 0.000034 0.159928 0.840012 0.000011
3 2 0.000018 0.000082 0.205479 0.794233 0.000188
2 2 0.000226 0.000238 0.750039 0.249224 0.000273
3 2 0.000087 0.000351 0.420822 0.578564 0.000176
2 2 0.000233 0.001829 0.893750 0.099641 0.004547
2 2 0.000025 0.000063 0.687488 0.312301 0.000124
3 2 0.000000 0.000002 0.034116 0.965881 0.000000
2 2 0.000001 0.000008 0.571574 0.428416 0.000001
3 2 0.000086 0.000255 0.475118 0.524448 0.000093
2 2 0.000025 0.000101 0.613389 0.386466 0.000019
3 2 0.000000 0.000009 0.026680 0.973311 0.000000
3 2 0.000009 0.000025 0.083783 0.916179 0.000005
3 2 0.000038 0.000114 0.231667 0.768045 0.000136
2 2 0.000036 0.000361 0.633470 0.365961 0.000172
3 2 0.000002 0.000011 0.023942 0.976040 0.000005
3 2 0.000316 0.000420 0.090717 0.908298 0.000249
2 2 0.000005 0.000162 0.660758 0.338870 0.000205
3 2 0.000048 0.000071 0.315388 0.684453 0.000040
2 2 0.000422 0.002991 0.572897 0.419908 0.003782
3 2 0.000002 0.000021 0.194115 0.805861 0.000001
3 2 0.000016 0.000059 0.028039 0.971876 0.000010
3 2 0.001099 0.001193 0.249582 0.742994 0.005133
3 2 0.002241 0.001135 0.461147 0.534556 0.000921
3 2 0.000255 0.000045 0.015409 0.984280 0.000011
3 2 0.002309 0.001735 0.101184 0.894310 0.000462
3 2 0.003965 0.000803 0.041586 0.951922 0.001725
3 3 0.000460 0.000343 0.113409 0.884674 0.001114
3 3 0.000874 0.001667 0.208986 0.787839 0.000633
3 3 0.000414 0.000141 0.009595 0.989748 0.000100
3 3 0.000907 0.001431 0.144148 0.850600 0.002913
3 3 0.020990 0.000752 0.019868 0.958083 0.000307
3 3 0.000136 0.000142 0.021054 0.978560 0.000108
3 3 0.001560 0.000014 0.000636 0.997782 0.000008
3 3 0.000711 0.000171 0.008745 0.990245 0.000129
3 3 0.000092 0.000147 0.007683 0.992048 0.000030
3 3 0.000002 0.000001 0.002023 0.997973 0.000000
3 3 0.000473 0.000261 0.016570 0.982501 0.000194
3 3 0.000634 0.000494 0.021425 0.977121 0.000326
3 3 0.028634 0.001330 0.009538 0.958897 0.001601
3 3 0.096090 0.000489 0.006445 0.895219 0.001757
3 3 0.025558 0.003636 0.042892 0.920988 0.006925
3 3 0.000345 0.000228 0.045243 0.953795 0.000388
3 3 0.002542 0.002154 0.047653 0.945619 0.002032
3 3 0.087857 0.015776 0.143621 0.690564 0.062183
3 3 0.001284 0.000665 0.030081 0.967280 0.000690
3 3 0.023787 0.003629 0.143141 0.810155 0.019288
3 3 0.002812 0.000495 0.016570 0.979545 0.000577
3 3 0.007269 0.000901 0.018588 0.972060 0.001182
3 3 0.001924 0.000633 0.016040 0.980909 0.000494
3 3 0.018193 0.019873 0.055840 0.894592 0.011503
3 3 0.001596 0.001441 0.038020 0.957775 0.001169
3 3 0.000014 0.000376 0.083366 0.916203 0.000041
3 3 0.000149 0.000334 0.017656 0.981810 0.000050
3 3 0.000762 0.000275 0.006180 0.992682 0.000100
3 3 0.000016 0.000011 0.005037 0.994934 0.000003
3 3 0.000155 0.000015 0.011566 0.988258 0.000007
3 3 0.005722 0.000656 0.056486 0.934597 0.002539
3 3 0.000132 0.000045 0.013096 0.986673 0.000054
3 3 0.000087 0.000272 0.025155 0.974372 0.000115
3 3 0.007404 0.001048 0.042683 0.946288 0.002576
3 3 0.009282 0.000815 0.025580 0.962531 0.001791
3 3 0.000227 0.000231 0.026680 0.972671 0.000191
3 3 0.043577 0.000737 0.023185 0.928832 0.003668
3 3 0.028155 0.004077 0.180731 0.759832 0.027206
3 3 0.003335 0.000197 0.011597 0.984508 0.000363
3 3 0.000033 0.000014 0.007086 0.992856 0.000011
3 3 0.023821 0.002614 0.043638 0.923876 0.006051
3 3 0.000014 0.000011 0.003160 0.996812 0.000003
3 3 0.000062 0.000053 0.005679 0.994186 0.000019
3 3 0.021008 0.001084 0.041027 0.932322 0.004560
4 3 0.260574 0.039676 0.150863 0.097023 0.451864
3 3 0.022625 0.000643 0.010237 0.966264 0.000231
3 3 0.001757 0.001086 0.054592 0.941623 0.000943
3 3 0.000060 0.000285 0.092165 0.907467 0.000023
3 3 0.002111 0.000393 0.073204 0.924075 0.000217
3 3 0.000349 0.000080 0.009974 0.989536 0.000062
3 3 0.000529 0.000137 0.003605 0.995681 0.000047
3 3 0.255924 0.013910 0.070022 0.598343 0.061802
3 3 0.002398 0.005014 0.341704 0.634992 0.015892
3 3 0.001131 0.000244 0.057225 0.940529 0.000870
3 3 0.011350 0.000659 0.017639 0.969155 0.001197
3 3 0.112411 0.026511 0.159874 0.607189 0.094015
3 3 0.001870 0.003162 0.157849 0.831568 0.005551
3 3 0.000997 0.000916 0.357017 0.639616 0.001454
3 3 0.002731 0.000530 0.055413 0.940920 0.000406
3 3 0.023451 0.006594 0.175858 0.789888 0.004208
3 3 0.008318 0.000213 0.019296 0.972137 0.000037
3 3 0.003648 0.000172 0.003993 0.992035 0.000151
3 3 0.049654 0.003170 0.038608 0.899901 0.008668
3 3 0.000332 0.000157 0.021888 0.977442 0.000181
3 3 0.014664 0.002445 0.036380 0.942400 0.004112
3 3 0.008193 0.000910 0.079170 0.907700 0.004028
3 3 0.000194 0.000616 0.050348 0.948722 0.000120
3 2 0.000154 0.000143 0.027850 0.971703 0.000151
3 2 0.013650 0.004301 0.203691 0.756989 0.021369
3 2 0.001714 0.001717 0.093191 0.900542 0.002836
2 2 0.000489 0.002296 0.746803 0.248814 0.001598
3 2 0.001852 0.004170 0.479548 0.509718 0.004713
3 2 0.077654 0.021484 0.224975 0.571585 0.104301
3 2 0.000577 0.000851 0.276745 0.718220 0.003607
3 2 0.000190 0.001830 0.200149 0.795932 0.001898
3 2 0.078047 0.026326 0.343499 0.344136 0.207992
3 2 0.199232 0.004255 0.056749 0.734113 0.005651
3 2 0.000137 0.000101 0.059142 0.940613 0.000007
2 2 0.045905 0.043839 0.785255 0.079527 0.045474
2 2 0.039150 0.156416 0.712220 0.085536 0.006677
3 2 0.000217 0.000274 0.008403 0.991033 0.000073
3 2 0.000067 0.000495 0.376449 0.621985 0.001004
2 2 0.000093 0.002065 0.608985 0.383902 0.004955
3 2 0.000000 0.000007 0.042810 0.957181 0.000001
2 2 0.000003 0.000195 0.979191 0.020460 0.000151
2 2 0.000070 0.000974 0.933422 0.064054 0.001480
2 2 0.000025 0.000543 0.698017 0.300880 0.000536
2 2 0.000531 0.001680 0.979718 0.015167 0.002904
2 2 0.000082 0.000323 0.904817 0.094448 0.000329
2 2 0.000052 0.000975 0.970346 0.028185 0.000442
3 2 0.000004 0.000201 0.297050 0.702534 0.000211
2 2 0.001480 0.005008 0.713910 0.258882 0.020719
3 2 0.000019 0.000202 0.443684 0.555992 0.000103
2 2 0.000689 0.001256 0.767086 0.230209 0.000761
2 2 0.000400 0.006366 0.983246 0.007329 0.002660
2 2 0.002012 0.027396 0.742401 0.143398 0.084793
2 2 0.000034 0.011291 0.921109 0.013813 0.053752
2 4 0.000093 0.009215 0.895762 0.013912 0.081018
4 4 0.002026 0.081489 0.205184 0.001640 0.709661
4 4 0.003526 0.043540 0.045832 0.000184 0.906918
1 4 0.025919 0.466795 0.271208 0.000071 0.236007
2 4 0.000376 0.053026 0.735364 0.017893 0.193341
4 4 0.005556 0.106682 0.408640 0.016856 0.462265
4 4 0.006151 0.079377 0.072397 0.000795 0.841280
4 4 0.008455 0.013016 0.008729 0.000019 0.969780
4 4 0.019199 0.014830 0.004655 0.000017 0.961300
4 4 0.034155 0.007427 0.002358 0.000008 0.956051
4 4 0.021668 0.012343 0.004255 0.000015 0.961719
4 4 0.002223 0.096742 0.425606 0.000597 0.474832
4 4 0.002466 0.016779 0.033794 0.000054 0.946907
4 4 0.022169 0.007721 0.002747 0.000007 0.967357
4 4 0.008488 0.011326 0.005016 0.000008 0.975161
4 4 0.003355 0.065219 0.078409 0.000493 0.852524
4 4 0.001058 0.064044 0.275059 0.001389 0.658449
4 4 0.002448 0.042263 0.364793 0.004669 0.585827
4 4 0.003937 0.046487 0.104280 0.000704 0.844593
4 4 0.003723 0.114496 0.207947 0.000312 0.673522
4 4 0.002778 0.063588 0.097676 0.000584 0.835374
4 4 0.001099 0.055084 0.146954 0.000498 0.796365
2 4 0.000394 0.069077 0.725647 0.012309 0.192573
4 4 0.004536 0.011948 0.011087 0.000016 0.972413
4 4 0.009323 0.009218 0.003649 0.000005 0.977805
4 4 0.004600 0.100154 0.112709 0.001459 0.781077
4 4 0.001774 0.081736 0.145314 0.000912 0.770265
4 4 0.000865 0.045053 0.364611 0.001123 0.588348
4 4 0.003894 0.028598 0.030858 0.000090 0.936561
2 4 0.008373 0.114391 0.822883 0.000028 0.054326
2 1 0.020182 0.276472 0.369981 0.000013 0.333353
4 1 0.002469 0.147750 0.330575 0.000167 0.519040
2 1 0.000305 0.050391 0.750004 0.003565 0.195735
2 2 0.000119 0.007145 0.870686 0.106895 0.015154
2 2 0.000001 0.000422 0.997045 0.001499 0.001034
2 2 0.000048 0.004764 0.949642 0.024408 0.021138
2 2 0.000058 0.010355 0.934133 0.041251 0.014203
2 2 0.000222 0.026241 0.774186 0.009182 0.190169
2 2 0.000217 0.019069 0.832982 0.015668 0.132064
2 2 0.000114 0.038076 0.835902 0.018663 0.107244
2 2 0.000045 0.005456 0.866393 0.114825 0.013281
2 2 0.000011 0.000526 0.909092 0.086788 0.003583
2 2 0.000200 0.003586 0.955669 0.014422 0.026124
2 2 0.000057 0.002147 0.766868 0.225479 0.005449
2 2 0.000007 0.001203 0.782572 0.214017 0.002201
2 2 0.000103 0.015494 0.769376 0.003247 0.211780
2 2 0.000148 0.021196 0.831753 0.011490 0.135413
2 2 0.000168 0.027254 0.757724 0.006360 0.208493
2 2 0.001303 0.023875 0.664260 0.015009 0.295554
4 2 0.001349 0.064125 0.228418 0.000691 0.705417
2 2 0.000156 0.052305 0.823372 0.041084 0.083083
2 2 0.000051 0.004262 0.935094 0.020921 0.039671
2 2 0.001987 0.021317 0.667399 0.021251 0.288046
2 2 0.000548 0.023496 0.746408 0.014472 0.215076
4 4 0.001647 0.031518 0.208415 0.000878 0.757542
4 4 0.001276 0.046903 0.176549 0.000685 0.774586
4 4 0.001410 0.064068 0.395346 0.004610 0.534566
2 4 0.000065 0.023551 0.845222 0.007667 0.123495
4 4 0.002025 0.065023 0.239123 0.000378 0.693450
4 4 0.003329 0.085929 0.162105 0.001838 0.746799
4 4 0.001900 0.047569 0.167346 0.000857 0.782328
2 4 0.000305 0.055337 0.805821 0.010224 0.128313
2 2 0.000066 0.022678 0.885459 0.018924 0.072873
4 2 0.000889 0.031215 0.395239 0.002019 0.570638
4 2 0.002487 0.035942 0.233377 0.001705 0.726489
2 2 0.000020 0.005516 0.893193 0.092080 0.009191
2 2 0.000041 0.005194 0.955790 0.008316 0.030658
2 2 0.000047 0.024523 0.881804 0.012779 0.080847
4 2 0.002387 0.094454 0.192595 0.002050 0.708514
4 2 0.001346 0.039517 0.102628 0.000270 0.856238
4 2 0.000625 0.024998 0.397355 0.001367 0.575655
2 2 0.000407 0.055964 0.548744 0.004277 0.390608
2 2 0.000091 0.028572 0.823231 0.008688 0.139419
2 2 0.000148 0.025567 0.716595 0.003777 0.253913
2 2 0.000590 0.013361 0.851775 0.013116 0.121159
2 2 0.000009 0.004507 0.955482 0.007423 0.032579
2 2 0.000020 0.007955 0.943218 0.000659 0.048149
2 2 0.000009 0.000854 0.998164 0.000461 0.000512
2 2 0.000055 0.001731 0.961411 0.015821 0.020983
2 2 0.000290 0.001416 0.966578 0.028203 0.003513
2 2 0.000100 0.001095 0.981174 0.012625 0.005007
2 2 0.000112 0.008763 0.923890 0.021293 0.045941
2 2 0.000580 0.011665 0.806048 0.020578 0.161129
2 2 0.000545 0.007885 0.868716 0.007926 0.114928
2 2 0.000194 0.019853 0.742408 0.004906 0.232639
2 2 0.000252 0.008339 0.956583 0.026825 0.008001
2 2 0.000001 0.001161 0.945900 0.051538 0.001400
2 2 0.000016 0.001312 0.893719 0.098912 0.006041
2 2 0.000121 0.008065 0.887664 0.071691 0.032459
2 2 0.000150 0.019583 0.866609 0.022206 0.091452
2 2 0.000016 0.006314 0.948230 0.019574 0.025866
2 2 0.000047 0.005468 0.964941 0.000630 0.028913
2 2 0.000066 0.003267 0.942200 0.043774 0.010694
2 2 0.000533 0.009049 0.926527 0.007121 0.056771
2 2 0.000003 0.002104 0.994889 0.000979 0.002025
2 2 0.000002 0.001181 0.987225 0.011245 0.000348
2 2 0.000004 0.003387 0.993261 0.001604 0.001744
2 2 0.000095 0.003705 0.967434 0.017590 0.011175
2 2 0.000011 0.000359 0.959753 0.039255 0.000621
2 2 0.000000 0.000218 0.966706 0.032941 0.000135
2 2 0.000007 0.000705 0.976692 0.021837 0.000760
2 2 0.000158 0.004155 0.972674 0.017809 0.005204
2 2 0.000409 0.011770 0.872258 0.055283 0.060281
2 2 0.000076 0.002398 0.994100 0.002098 0.001328
2 2 0.000007 0.001055 0.991137 0.006779 0.001021
2 2 0.000158 0.004284 0.957561 0.010950 0.027046
2 2 0.000030 0.002123 0.901643 0.085469 0.010735
2 2 0.000070 0.000653 0.963670 0.034891 0.000715
2 2 0.000301 0.001926 0.938325 0.057097 0.002350
2 2 0.000039 0.002741 0.985521 0.003309 0.008390
2 2 0.000003 0.002408 0.983021 0.013269 0.001299
2 2 0.000301 0.003666 0.914469 0.076668 0.004896
2 2 0.000020 0.000258 0.797816 0.201420 0.000486
2 2 0.000046 0.001578 0.738719 0.255929 0.003729
2 2 0.000243 0.009443 0.892004 0.074067 0.024243
2 2 0.000001 0.000036 0.985191 0.014671 0.000100
2 2 0.000002 0.000186 0.993058 0.006608 0.000146
3 2 0.000001 0.000168 0.211074 0.788673 0.000083
2 2 0.000000 0.000050 0.729382 0.270539 0.000028
2 2 0.000033 0.000956 0.905109 0.092872 0.001030
2 2 0.000050 0.000694 0.956410 0.041487 0.001358
2 2 0.000014 0.000643 0.963800 0.034868 0.000675
2 2 0.000003 0.000246 0.977834 0.021346 0.000572
2 2 0.000010 0.000320 0.926565 0.073021 0.000084
2 2 0.000158 0.000670 0.644600 0.353495 0.001075
1 1 0.422791 0.514864 0.053809 0.000000 0.008535
0 1 0.846509 0.104995 0.038890 0.000019 0.009587
1 2 0.033445 0.470226 0.387941 0.000325 0.108063
4 2 0.131715 0.284212 0.170505 0.013159 0.400409
0 0 0.768936 0.006462 0.001687 0.000002 0.222913
0 0 0.915412 0.011942 0.002058 0.000000 0.070589
0 0 0.857467 0.036529 0.009875 0.000033 0.096096
0 0 0.796141 0.104132 0.022091 0.000005 0.077631
0 0 0.429449 0.131895 0.031029 0.000009 0.407618
0 0 0.665835 0.088999 0.019793 0.000005 0.225368
0 0 0.564120 0.247027 0.047959 0.000003 0.140891
0 0 0.398693 0.304945 0.061398 0.000005 0.234958
0 0 0.852061 0.018896 0.004085 0.000001 0.124958
0 0 0.886381 0.034517 0.007103 0.000001 0.071998
0 0 0.953063 0.032974 0.005556 0.000000 0.008407
0 1 0.635111 0.289355 0.046136 0.000001 0.029397
1 1 0.203569 0.492668 0.136509 0.000002 0.167253
1 1 0.033151 0.485758 0.245851 0.000202 0.235038
1 2 0.014381 0.528834 0.389772 0.000859 0.066154
2 2 0.012160 0.348501 0.548513 0.002686 0.088139
1 2 0.327557 0.503779 0.117965 0.000026 0.050674
0 2 0.407904 0.351339 0.094404 0.000278 0.146075
2 2 0.003425 0.311624 0.464900 0.000166 0.219885
1 1 0.112475 0.503296 0.156070 0.000004 0.228155
4 1 0.078446 0.220959 0.085275 0.000013 0.615307
4 1 0.022243 0.036302 0.013687 0.000017 0.927751
4 1 0.011661 0.100618 0.283124 0.017703 0.586893
2 1 0.001212 0.047642 0.574006 0.010668 0.366472
2 2 0.000028 0.004073 0.981345 0.003576 0.010978
2 2 0.000038 0.005751 0.988514 0.001487 0.004210
2 2 0.000000 0.000437 0.997373 0.002009 0.000181
2 2 0.000016 0.002589 0.995269 0.000670 0.001456
2 2 0.000001 0.000338 0.998637 0.000819 0.000204
2 2 0.000185 0.001832 0.993310 0.001088 0.003585
2 2 0.000002 0.000962 0.995339 0.002234 0.001464
2 2 0.000003 0.000082 0.993462 0.006381 0.000071
2 2 0.000024 0.002377 0.951040 0.025408 0.021151
2 2 0.000134 0.015653 0.830489 0.008103 0.145621
2 2 0.000035 0.001114 0.972419 0.025401 0.001031
2 2 0.000041 0.000323 0.582370 0.415306 0.001960
2 2 0.000272 0.004615 0.854093 0.108899 0.032120
2 2 0.000211 0.027556 0.838710 0.024736 0.108788
2 2 0.000661 0.069814 0.542367 0.003454 0.383704
4 2 0.001221 0.072615 0.290833 0.002229 0.633102
2 2 0.000047 0.010748 0.907920 0.008579 0.072705
2 2 0.000901 0.006522 0.622242 0.352774 0.017561
4 2 0.001331 0.051958 0.332223 0.002528 0.611960
4 2 0.000847 0.063245 0.292158 0.001545 0.642205
4 2 0.003143 0.062765 0.153445 0.001351 0.779296
4 2 0.002317 0.021807 0.023772 0.000036 0.952068
0 0 0.937394 0.022773 0.003919 0.000000 0.035915
0 0 0.857516 0.016808 0.004215 0.000004 0.121458
