3 3 0.000000 0.000006 0.002299 0.997692 0.000003
3 3 0.000000 0.000000 0.004898 0.995101 0.000000
3 3 0.000000 0.000006 0.011824 0.988170 0.000000
3 3 0.000000 0.000032 0.261783 0.738170 0.000015
3 3 0.000000 0.000006 0.012182 0.987812 0.000000
3 3 0.000000 0.000056 0.447898 0.552037 0.000009
3 3 0.000000 0.000002 0.005663 0.994333 0.000002
3 3 0.000001 0.000061 0.016212 0.983713 0.000013
3 3 0.000000 0.000000 0.000644 0.999356 0.000000
3 3 0.000000 0.000002 0.006833 0.993166 0.000000
3 3 0.000000 0.000015 0.008714 0.991268 0.000003
3 3 0.000001 0.000250 0.079219 0.920519 0.000011
3 3 0.000000 0.000005 0.005854 0.994140 0.000001
3 3 0.000000 0.000003 0.048082 0.951915 0.000000
3 3 0.000000 0.000003 0.010009 0.989987 0.000001
3 3 0.000000 0.000000 0.006001 0.993998 0.000000
3 3 0.000000 0.000005 0.002183 0.997809 0.000003
3 3 0.000000 0.000000 0.003553 0.996447 0.000000
3 3 0.000000 0.000004 0.015531 0.984465 0.000000
3 3 0.000000 0.000001 0.000910 0.999089 0.000000
3 3 0.000000 0.000060 0.100004 0.899929 0.000008
3 3 0.000000 0.000045 0.031909 0.968040 0.000005
3 3 0.000000 0.000002 0.004306 0.995691 0.000000
3 3 0.000000 0.000005 0.031591 0.968404 0.000000
3 3 0.000002 0.000019 0.008532 0.991425 0.000022
3 3 0.000000 0.000016 0.007197 0.992786 0.000001
3 3 0.000000 0.000029 0.030237 0.969731 0.000002
3 3 0.000001 0.000008 0.002960 0.997028 0.000003
3 3 0.000000 0.000000 0.018391 0.981609 0.000000
3 3 0.000000 0.000001 0.007451 0.992548 0.000000
3 3 0.000000 0.000001 0.001009 0.998990 0.000001
3 3 0.000000 0.000002 0.001163 0.998833 0.000001
3 3 0.000000 0.000001 0.001423 0.998575 0.000001
3 3 0.000000 0.000004 0.003860 0.996135 0.000001
3 3 0.000000 0.000017 0.062075 0.937906 0.000002
3 3 0.000002 0.000129 0.018590 0.981219 0.000060
3 3 0.000000 0.000000 0.000356 0.999644 0.000000
3 3 0.000000 0.000000 0.001572 0.998428 0.000000
3 3 0.000000 0.000000 0.000672 0.999327 0.000000
3 3 0.000001 0.000154 0.022527 0.977210 0.000109
3 3 0.000000 0.000025 0.010387 0.989585 0.000002
3 3 0.000000 0.000000 0.009473 0.990527 0.000000
3 3 0.000000 0.000003 0.004844 0.995153 0.000000
3 3 0.000000 0.000017 0.004368 0.995613 0.000001
3 3 0.000000 0.000011 0.006874 0.993112 0.000003
3 3 0.000000 0.000001 0.002539 0.997460 0.000000
3 3 0.000000 0.000001 0.000674 0.999325 0.000000
3 3 0.000000 0.000000 0.003986 0.996014 0.000000
3 3 0.000000 0.000000 0.002527 0.997473 0.000000
3 3 0.000000 0.000001 0.003210 0.996790 0.000000
3 3 0.000000 0.000025 0.368618 0.631357 0.000001
3 3 0.000005 0.000636 0.430566 0.568758 0.000034
3 3 0.000000 0.000003 0.027310 0.972687 0.000001
3 3 0.000000 0.000004 0.093919 0.906077 0.000000
3 3 0.000000 0.000002 0.002872 0.997125 0.000001
3 3 0.000008 0.000052 0.006371 0.993536 0.000033
3 3 0.000000 0.000000 0.004005 0.995995 0.000000
3 3 0.000000 0.000004 0.022736 0.977258 0.000002
3 3 0.000000 0.000009 0.005393 0.994597 0.000001
3 3 0.000001 0.000532 0.146308 0.853125 0.000034
2 3 0.001227 0.033242 0.722732 0.240429 0.002371
2 3 0.008115 0.142217 0.778144 0.041052 0.030472
4 0 0.259958 0.071280 0.122709 0.071493 0.474560
0 0 0.573971 0.123446 0.107506 0.012811 0.182265
2 0 0.238419 0.270261 0.297879 0.061627 0.131814
1 2 0.076117 0.409413 0.219203 0.015493 0.279774
2 1 0.007099 0.467441 0.487633 0.011311 0.026515
1 2 0.012155 0.430464 0.403203 0.112315 0.041863
2 1 0.003173 0.247871 0.619364 0.062807 0.066785
2 1 0.002722 0.317807 0.555801 0.073622 0.050049
2 1 0.035090 0.209489 0.410294 0.029964 0.315162
1 1 0.053396 0.462235 0.315452 0.065509 0.103408
2 2 0.000265 0.052881 0.942441 0.003051 0.001361
2 2 0.003649 0.215881 0.722515 0.004150 0.053805
1 2 0.259326 0.404092 0.281643 0.012074 0.042865
1 1 0.026341 0.572649 0.300228 0.003084 0.097698
2 2 0.002662 0.106413 0.884581 0.003651 0.002694
2 2 0.000746 0.116913 0.863768 0.015677 0.002897
2 2 0.011417 0.340292 0.554565 0.029004 0.064722
1 2 0.011678 0.560006 0.307945 0.065849 0.054521
2 2 0.000233 0.080947 0.910326 0.005392 0.003101
2 2 0.034303 0.084010 0.821436 0.017512 0.042739
2 1 0.000304 0.022738 0.716917 0.259355 0.000686
2 2 0.000114 0.005677 0.927289 0.066860 0.000060
2 2 0.000010 0.012488 0.972509 0.014532 0.000461
2 2 0.001496 0.054601 0.871417 0.025799 0.046686
2 2 0.018057 0.419148 0.484633 0.016307 0.061855
2 2 0.037688 0.290654 0.611580 0.000656 0.059422
1 1 0.047634 0.513331 0.356187 0.004003 0.078845
1 1 0.009463 0.464875 0.431527 0.000250 0.093885
2 2 0.020020 0.234800 0.656952 0.008740 0.079489
2 2 0.002398 0.119626 0.856522 0.003272 0.018181
1 1 0.009367 0.514480 0.404925 0.000613 0.070614
1 2 0.006499 0.535108 0.416330 0.001325 0.040738
2 2 0.001929 0.158833 0.534104 0.000768 0.304366
1 1 0.010571 0.703773 0.195071 0.000027 0.090559
1 2 0.001117 0.588635 0.194273 0.000032 0.215943
2 2 0.001574 0.180631 0.744585 0.000242 0.072968
2 2 0.000298 0.086130 0.907809 0.003469 0.002294
2 2 0.002785 0.096058 0.859283 0.033887 0.007987
2 1 0.057259 0.224527 0.388556 0.002232 0.327426
2 1 0.007243 0.200090 0.748158 0.004358 0.040151
1 1 0.122623 0.440435 0.155407 0.000323 0.281213
1 1 0.094373 0.386946 0.156878 0.000104 0.361699
2 2 0.001361 0.348182 0.572004 0.001834 0.076619
2 2 0.001939 0.188262 0.791334 0.001710 0.016755
1 2 0.003130 0.690828 0.299259 0.000119 0.006664
2 2 0.000111 0.149167 0.847997 0.001747 0.000979
2 2 0.002465 0.260253 0.728209 0.001242 0.007831
2 1 0.000422 0.051582 0.942838 0.003258 0.001899
1 1 0.006338 0.590214 0.173363 0.003080 0.227005
1 1 0.015294 0.578362 0.308129 0.001395 0.096820
2 1 0.013925 0.255109 0.691574 0.000581 0.038811
1 1 0.323711 0.449260 0.196748 0.000540 0.029741
0 0 0.852784 0.078870 0.036224 0.014051 0.018072
0 0 0.708611 0.130338 0.042611 0.007975 0.110465
2 0 0.058726 0.222360 0.543881 0.156845 0.018187
0 0 0.400828 0.158392 0.043426 0.004209 0.393146
4 0 0.217892 0.263989 0.069549 0.002829 0.445742
1 0 0.290378 0.300553 0.141233 0.000309 0.267527
0 0 0.590869 0.278213 0.106491 0.001501 0.022927
0 0 0.612682 0.250066 0.096745 0.023453 0.017053
0 0 0.793607 0.040280 0.079331 0.028676 0.058106
0 0 0.435991 0.253934 0.223043 0.061455 0.025578
4 0 0.252762 0.178384 0.159245 0.027680 0.381929
1 0 0.245001 0.375243 0.198765 0.088589 0.092402
0 0 0.805029 0.041098 0.016577 0.005102 0.132194
0 0 0.474333 0.115874 0.041101 0.003218 0.365475
0 0 0.564062 0.056240 0.034576 0.009232 0.335890
0 0 0.831332 0.049206 0.022857 0.015330 0.081275
4 0 0.242265 0.060886 0.014606 0.001960 0.680283
0 0 0.750725 0.086900 0.044995 0.005548 0.111832
4 0 0.302693 0.292017 0.077315 0.004248 0.323727
0 0 0.327453 0.289505 0.067361 0.004873 0.310808
0 0 0.799294 0.063328 0.022559 0.003824 0.110995
0 0 0.487329 0.087602 0.023745 0.002967 0.398357
4 0 0.284598 0.060280 0.017496 0.001269 0.636356
0 0 0.342421 0.319920 0.166959 0.012666 0.158034
0 0 0.732417 0.047867 0.017569 0.004468 0.197678
0 0 0.603247 0.055185 0.017815 0.003493 0.320260
0 0 0.801890 0.039113 0.031178 0.014361 0.113458
0 0 0.624628 0.057402 0.047903 0.012621 0.257445
4 0 0.032097 0.055357 0.033105 0.001426 0.878014
4 0 0.132595 0.128124 0.034991 0.002888 0.701401
4 0 0.250409 0.054494 0.012693 0.001240 0.681164
4 0 0.105900 0.140233 0.037940 0.000172 0.715755
4 0 0.184204 0.135726 0.234382 0.015692 0.429996
0 0 0.553598 0.177464 0.039824 0.001503 0.227610
0 0 0.357315 0.258775 0.044706 0.000722 0.338483
4 0 0.039231 0.078730 0.017723 0.001025 0.863291
4 0 0.357454 0.079450 0.091130 0.014790 0.457175
4 0 0.299329 0.078417 0.017498 0.001257 0.603500
4 0 0.071405 0.118840 0.018212 0.000136 0.791407
4 0 0.049179 0.195938 0.053314 0.000070 0.701498
0 0 0.836715 0.096980 0.041264 0.010293 0.014748
1 0 0.210175 0.548865 0.180981 0.014852 0.045128
4 0 0.269231 0.095632 0.025727 0.007340 0.602070
4 0 0.211493 0.195977 0.037546 0.002792 0.552192
4 0 0.345577 0.135127 0.088342 0.007225 0.423730
4 0 0.066753 0.397554 0.095149 0.000422 0.440122
0 0 0.789436 0.070340 0.048422 0.018268 0.073534
0 0 0.769439 0.107269 0.044503 0.003263 0.075525
0 0 0.624252 0.220560 0.049914 0.001336 0.103938
1 0 0.199420 0.620893 0.112303 0.004561 0.062822
0 0 0.720810 0.146958 0.053854 0.016973 0.061405
0 0 0.894977 0.034437 0.022486 0.019318 0.028782
0 0 0.687754 0.163466 0.103852 0.015666 0.029262
1 0 0.366158 0.422320 0.106218 0.009937 0.095366
0 0 0.937903 0.019347 0.011029 0.006839 0.024881
0 0 0.880972 0.028228 0.023031 0.013605 0.054164
0 0 0.643279 0.120792 0.098247 0.007587 0.130094
4 0 0.211146 0.093932 0.122908 0.004892 0.567122
0 0 0.728257 0.048189 0.017604 0.004434 0.201516
4 0 0.326240 0.055957 0.014983 0.001672 0.601147
4 0 0.110882 0.057186 0.044493 0.010241 0.777197
4 0 0.158957 0.093799 0.016138 0.000496 0.730609
0 0 0.656118 0.052814 0.017903 0.003875 0.269290
4 0 0.116174 0.046601 0.027136 0.002515 0.807573
4 0 0.013783 0.038464 0.016215 0.000949 0.930589
4 0 0.038836 0.194265 0.053755 0.001571 0.711573
4 0 0.207914 0.174994 0.051764 0.002553 0.562775
4 0 0.090759 0.071055 0.028625 0.001224 0.808337
4 0 0.086255 0.072968 0.018661 0.000207 0.821909
0 0 0.533091 0.142032 0.042324 0.001538 0.281015
4 0 0.219959 0.086313 0.033017 0.000611 0.660100
4 0 0.048494 0.337997 0.066491 0.000385 0.546633
1 0 0.165235 0.362390 0.166996 0.001967 0.303412
0 0 0.442541 0.341500 0.093292 0.016241 0.106426
1 0 0.297567 0.332604 0.054375 0.001005 0.314449
2 0 0.060857 0.441770 0.487951 0.000414 0.009009
4 0 0.220362 0.126523 0.028187 0.004212 0.620716
0 0 0.464537 0.138941 0.047454 0.036222 0.312846
4 0 0.173462 0.277225 0.174468 0.079426 0.295418
4 0 0.301260 0.210305 0.071423 0.002819 0.414194
4 0 0.318125 0.128990 0.053902 0.020526 0.478456
4 0 0.051740 0.261867 0.070376 0.061775 0.554243
0 0 0.627458 0.067579 0.023258 0.007114 0.274591
0 0 0.877618 0.042569 0.018118 0.004743 0.056952
0 0 0.521716 0.060699 0.134411 0.208349 0.074825
0 0 0.746695 0.054246 0.020000 0.005239 0.173820
0 0 0.522750 0.162078 0.075301 0.001112 0.238758
1 0 0.088528 0.490000 0.243266 0.000300 0.177905
0 0 0.586119 0.150610 0.081687 0.002108 0.179476
0 0 0.670089 0.088217 0.158675 0.034089 0.048931
0 0 0.752877 0.080557 0.041125 0.026040 0.099400
1 0 0.318453 0.384356 0.094645 0.020605 0.181941
0 0 0.850042 0.088970 0.036236 0.006875 0.017876
0 0 0.830151 0.068755 0.031232 0.018201 0.051661
0 0 0.841330 0.045726 0.033374 0.007782 0.071788
0 0 0.765299 0.094210 0.038800 0.020681 0.081010
1 0 0.211663 0.447482 0.120082 0.076379 0.144394
1 0 0.218276 0.403997 0.183798 0.019757 0.174172
4 0 0.130928 0.212924 0.058571 0.000170 0.597407
4 0 0.045743 0.358995 0.100613 0.000923 0.493727
1 0 0.196065 0.460629 0.100380 0.022324 0.220602
4 0 0.221758 0.252135 0.084246 0.003185 0.438676
0 0 0.778837 0.043812 0.017029 0.004862 0.155460
0 0 0.937903 0.019347 0.011029 0.006839 0.024881
4 0 0.432597 0.058104 0.023547 0.004222 0.481529
4 0 0.325173 0.101470 0.043867 0.002599 0.526892
0 0 0.718896 0.086972 0.040867 0.013145 0.140119
0 0 0.419407 0.147360 0.059826 0.003689 0.369717
4 0 0.062151 0.312504 0.110698 0.000654 0.513994
4 0 0.024858 0.080637 0.055246 0.000640 0.838618
4 0 0.084026 0.063311 0.016721 0.000217 0.835725
4 0 0.065614 0.039020 0.007829 0.000679 0.886858
0 0 0.523501 0.057318 0.017276 0.002948 0.398957
4 0 0.326480 0.101322 0.030089 0.001053 0.541055
1 0 0.138344 0.530821 0.174616 0.009730 0.146489
1 0 0.285862 0.453942 0.124826 0.000928 0.134442
4 0 0.059380 0.042632 0.009745 0.000357 0.887886
4 0 0.257859 0.052184 0.012440 0.001320 0.676196
0 0 0.687887 0.089697 0.037021 0.030876 0.154519
0 0 0.760295 0.045539 0.017281 0.004701 0.172184
4 0 0.004134 0.075888 0.106555 0.025202 0.788220
4 0 0.023959 0.062329 0.056853 0.013063 0.843796
4 0 0.244032 0.225981 0.131891 0.000701 0.397395
4 0 0.120242 0.096956 0.139774 0.000715 0.642312
4 0 0.056787 0.051806 0.026764 0.002659 0.861985
4 0 0.224103 0.098186 0.044889 0.000533 0.632290
0 0 0.549416 0.056707 0.033991 0.008777 0.351109
2 0 0.202450 0.132497 0.392539 0.098849 0.173666
4 0 0.290327 0.056125 0.034293 0.004698 0.614556
4 0 0.372146 0.056835 0.015087 0.001991 0.553942
0 0 0.578586 0.058103 0.035596 0.005403 0.322312
0 0 0.802894 0.041332 0.016618 0.005082 0.134074
0 0 0.502986 0.057599 0.017066 0.002813 0.419536
0 0 0.430279 0.117923 0.026744 0.001523 0.423530
0 0 0.574771 0.122798 0.062511 0.001493 0.238428
4 0 0.052164 0.081448 0.043052 0.000384 0.822952
4 0 0.024927 0.056972 0.101309 0.000768 0.816023
4 0 0.029649 0.222256 0.070846 0.006003 0.671246
4 0 0.046210 0.040025 0.006832 0.000640 0.906293
4 0 0.089101 0.345441 0.079122 0.005453 0.480883
1 0 0.123233 0.378758 0.162663 0.000971 0.334376
4 0 0.086928 0.284354 0.101648 0.000607 0.526464
4 0 0.135219 0.165690 0.059332 0.004324 0.635435
4 0 0.022238 0.062978 0.020888 0.000605 0.893292
4 0 0.214073 0.050663 0.013500 0.000988 0.720776
4 0 0.260527 0.097724 0.020180 0.000911 0.620657
0 0 0.744788 0.046872 0.017454 0.004570 0.186316
0 0 0.936955 0.019690 0.011227 0.007093 0.025034
0 0 0.923119 0.031284 0.019606 0.004516 0.021475
0 0 0.748844 0.048331 0.018235 0.005190 0.179399
0 0 0.825553 0.038718 0.016131 0.005301 0.114297
0 0 0.714721 0.049191 0.017702 0.004325 0.214061
0 0 0.456814 0.213793 0.144335 0.002468 0.182591
0 0 0.844067 0.038773 0.017028 0.006962 0.093170
1 0 0.108301 0.642476 0.090463 0.000293 0.158467
4 0 0.115516 0.184355 0.030682 0.000194 0.669253
4 0 0.196445 0.239882 0.066196 0.001690 0.495788
1 0 0.273277 0.466128 0.158255 0.003074 0.099265
0 0 0.537260 0.117348 0.041945 0.029845 0.273602
0 0 0.901707 0.027220 0.013418 0.006199 0.051456
0 0 0.635153 0.109383 0.045121 0.048914 0.161430
1 0 0.277488 0.327543 0.081627 0.010368 0.302974
0 0 0.610162 0.036294 0.118379 0.160736 0.074429
0 0 0.608146 0.111425 0.157365 0.050362 0.072702
0 0 0.476220 0.057855 0.041296 0.010720 0.413910
4 0 0.103628 0.038387 0.022065 0.002717 0.833203
0 0 0.726297 0.048338 0.017620 0.004418 0.203328
4 0 0.104788 0.200173 0.071963 0.036980 0.586096
0 0 0.729706 0.062733 0.070516 0.008141 0.128904
0 0 0.721943 0.050230 0.030426 0.005157 0.192242
0 0 0.362172 0.104455 0.130328 0.131010 0.272035
0 0 0.458889 0.260000 0.097340 0.106134 0.077637
0 0 0.936458 0.022329 0.012234 0.006186 0.022793
0 0 0.921532 0.040110 0.018638 0.004036 0.015685
0 0 0.924745 0.022487 0.012039 0.006574 0.034156
0 0 0.842938 0.036502 0.015678 0.005480 0.099402
0 0 0.937903 0.019347 0.011029 0.006839 0.024881
0 0 0.924075 0.022727 0.013885 0.006155 0.033158
0 0 0.937903 0.019347 0.011029 0.006839 0.024881
0 0 0.730861 0.084201 0.073179 0.081578 0.030182
0 0 0.934195 0.025811 0.013583 0.005580 0.020832
0 0 0.350804 0.104990 0.193618 0.326402 0.024186
0 0 0.616952 0.119264 0.057581 0.131639 0.074563
0 0 0.851047 0.043346 0.020518 0.012986 0.072103
4 0 0.124339 0.104502 0.018604 0.000317 0.752237
4 0 0.008699 0.193778 0.120752 0.000159 0.676611
4 0 0.260525 0.154715 0.200443 0.002859 0.381459
0 0 0.611322 0.056412 0.041984 0.007376 0.282906
4 0 0.305347 0.181954 0.069643 0.012600 0.430456
1 0 0.184800 0.417066 0.116610 0.009610 0.271915
2 0 0.004627 0.052016 0.558679 0.354878 0.029800
3 0 0.005578 0.084686 0.384748 0.522302 0.002686
0 0 0.384933 0.140862 0.071169 0.018123 0.384913
4 0 0.026004 0.250999 0.168431 0.054576 0.499990
1 0 0.003767 0.679119 0.225012 0.000027 0.092074
4 0 0.045548 0.296836 0.154309 0.004677 0.498630
2 0 0.093984 0.302032 0.392223 0.122948 0.088814
1 0 0.310311 0.405392 0.152894 0.123082 0.008321
4 0 0.281578 0.069275 0.050757 0.013469 0.584921
4 0 0.085039 0.096900 0.039238 0.010918 0.767904
0 0 0.456230 0.114338 0.029299 0.001600 0.398534
4 0 0.073616 0.177540 0.049151 0.000118 0.699575
4 0 0.037997 0.131825 0.041340 0.000917 0.787921
4 0 0.059084 0.086810 0.056240 0.000272 0.797594
4 0 0.345867 0.057674 0.017442 0.001691 0.577326
0 0 0.801304 0.041505 0.016648 0.005067 0.135476
4 0 0.122796 0.041533 0.040125 0.006933 0.788613
4 0 0.402903 0.072601 0.032391 0.008461 0.483642
3 0 0.144452 0.084749 0.113688 0.643687 0.013423
3 0 0.154250 0.051100 0.238589 0.529952 0.026109
4 0 0.369199 0.111068 0.042537 0.015207 0.461988
4 0 0.114576 0.090015 0.026619 0.001387 0.767403
4 0 0.086572 0.113727 0.023742 0.000165 0.775794
1 0 0.007526 0.476788 0.274105 0.004584 0.236997
0 0 0.628689 0.099952 0.064605 0.003781 0.202973
4 0 0.186068 0.216160 0.179821 0.016895 0.401056
0 0 0.444490 0.135684 0.075351 0.095183 0.249292
0 0 0.420935 0.221572 0.106980 0.015948 0.234565
0 0 0.496886 0.091657 0.023626 0.002095 0.385737
4 0 0.335648 0.055793 0.014339 0.001772 0.592449
4 0 0.098531 0.080034 0.075676 0.011283 0.734475
4 0 0.091921 0.332126 0.104771 0.074667 0.396515
0 0 0.764493 0.066079 0.024153 0.003601 0.141674
0 0 0.907694 0.027705 0.013693 0.006024 0.044884
4 0 0.112189 0.073470 0.042608 0.013709 0.758024
4 0 0.050517 0.073300 0.052297 0.011207 0.812679
4 0 0.062028 0.073637 0.112101 0.006839 0.745395
4 0 0.193348 0.048222 0.012628 0.001087 0.744715
4 0 0.317600 0.055131 0.013936 0.001665 0.611667
4 0 0.178073 0.058583 0.019649 0.000625 0.743070
4 0 0.194461 0.047561 0.010547 0.000967 0.746464
0 0 0.725285 0.050305 0.018116 0.004306 0.201988
4 0 0.037491 0.041063 0.064663 0.020969 0.835815
4 0 0.267159 0.059447 0.059111 0.008011 0.606272
4 0 0.183427 0.202865 0.055922 0.000287 0.557498
0 0 0.587747 0.086620 0.027875 0.002439 0.295319
0 0 0.514805 0.093461 0.026228 0.003845 0.361661
0 0 0.482037 0.095484 0.024037 0.001975 0.396468
4 0 0.342397 0.111301 0.028432 0.001115 0.516755
1 0 0.057262 0.371044 0.262969 0.009244 0.299481
0 0 0.492994 0.057698 0.016954 0.002748 0.429607
0 0 0.683036 0.051288 0.017853 0.004078 0.243745
0 0 0.648938 0.113904 0.030937 0.002342 0.203879
0 0 0.842674 0.053357 0.029838 0.043358 0.030773
0 0 0.880882 0.030886 0.014379 0.005917 0.067936
0 0 0.935434 0.019966 0.011235 0.006786 0.026579
0 0 0.937903 0.019347 0.011029 0.006839 0.024881
0 0 0.937903 0.019347 0.011029 0.006839 0.024881
0 0 0.937903 0.019347 0.011029 0.006839 0.024881
0 0 0.937903 0.019347 0.011029 0.006839 0.024881
4 0 0.159897 0.168303 0.041636 0.000284 0.629880
1 0 0.145418 0.376500 0.236005 0.000176 0.241901
0 0 0.809153 0.040638 0.016494 0.005141 0.128573
4 0 0.315913 0.119492 0.213962 0.008156 0.342477
4 0 0.006976 0.056388 0.035071 0.003080 0.898486
4 0 0.197075 0.156566 0.060575 0.025147 0.560638
0 0 0.532343 0.079398 0.023275 0.002406 0.362578
4 0 0.361358 0.059135 0.015349 0.001876 0.562282
0 0 0.732123 0.047890 0.017572 0.004465 0.197949
0 0 0.782816 0.046435 0.017803 0.004693 0.148252
0 0 0.889371 0.043334 0.023086 0.005744 0.038465
4 0 0.189970 0.140138 0.030864 0.005595 0.633433
1 0 0.144616 0.549241 0.175427 0.026976 0.103740
1 0 0.124381 0.519809 0.207994 0.046102 0.101714
4 0 0.351159 0.073308 0.032207 0.001254 0.542072
4 0 0.020579 0.095720 0.247549 0.000491 0.635660
0 0 0.687805 0.050975 0.018660 0.004415 0.238144
0 0 0.750994 0.082639 0.032189 0.002896 0.131282
4 0 0.263234 0.087240 0.100205 0.010762 0.538559
0 0 0.539947 0.080034 0.022172 0.002489 0.355357
2 0 0.074186 0.254443 0.427722 0.001516 0.242133
4 0 0.369642 0.056866 0.016063 0.002185 0.555245
0 0 0.370809 0.244019 0.148314 0.093119 0.143739
2 0 0.104285 0.300818 0.325866 0.017339 0.251691
0 0 0.729461 0.087719 0.031040 0.002831 0.148949
1 0 0.276823 0.316025 0.154417 0.003528 0.249207
0 0 0.937903 0.019347 0.011029 0.006839 0.024881
0 0 0.937903 0.019347 0.011029 0.006839 0.024881
0 0 0.714398 0.070556 0.038768 0.002753 0.173524
4 0 0.298680 0.054328 0.013490 0.001555 0.631947
4 0 0.349842 0.056782 0.015591 0.001805 0.575980
0 0 0.580735 0.056348 0.037133 0.008693 0.317091
0 0 0.827267 0.063650 0.023194 0.003759 0.082130
0 0 0.565049 0.234692 0.049648 0.001213 0.149398
0 0 0.486426 0.175632 0.249757 0.004931 0.083255
2 0 0.030385 0.150767 0.745471 0.001305 0.072071
0 0 0.825305 0.040971 0.021544 0.007389 0.104791
0 0 0.832639 0.060273 0.034484 0.043313 0.029291
0 0 0.937903 0.019347 0.011029 0.006839 0.024881
0 0 0.891548 0.028790 0.014943 0.006840 0.057879
0 0 0.803798 0.053725 0.050201 0.015419 0.076858
0 0 0.572194 0.255578 0.116529 0.002494 0.053205
0 0 0.337556 0.325146 0.124680 0.002329 0.210289
0 0 0.530784 0.181100 0.088848 0.044270 0.154999
0 0 0.923318 0.022806 0.012137 0.006548 0.035192
0 0 0.872007 0.060079 0.023339 0.003623 0.040952
0 0 0.839058 0.037014 0.015786 0.005439 0.102703
0 0 0.765661 0.145186 0.044499 0.003194 0.041460
0 0 0.925160 0.027636 0.014039 0.005608 0.027556
0 0 0.905042 0.036373 0.019623 0.013961 0.025000
1 0 0.068973 0.612921 0.123439 0.000029 0.194637
1 1 0.060262 0.685225 0.138906 0.000020 0.115586
2 1 0.000428 0.278449 0.706776 0.000259 0.014089
2 1 0.000467 0.378385 0.545203 0.000089 0.075855
2 1 0.000020 0.009993 0.984626 0.001721 0.003640
2 1 0.000054 0.013768 0.981763 0.001140 0.003275
2 1 0.008065 0.110318 0.695559 0.000103 0.185955
4 1 0.008899 0.174812 0.305934 0.000029 0.510327
4 1 0.008088 0.140297 0.253825 0.000043 0.597747
2 1 0.015520 0.140437 0.700505 0.002245 0.141292
4 1 0.010331 0.016445 0.002860 0.000029 0.970335
4 1 0.104598 0.222149 0.033829 0.000151 0.639273
4 4 0.005356 0.088281 0.152675 0.000024 0.753664
4 4 0.007389 0.145655 0.266619 0.002087 0.578251
4 4 0.044254 0.035547 0.005155 0.000159 0.914885
4 4 0.051928 0.034340 0.005315 0.000201 0.908217
4 4 0.007611 0.190736 0.232148 0.000403 0.569102
4 4 0.019016 0.381130 0.120569 0.000145 0.479140
4 4 0.291944 0.103482 0.025767 0.004726 0.574081
4 4 0.109242 0.062337 0.037813 0.000758 0.789849
0 4 0.456431 0.101907 0.024650 0.001785 0.415227
1 4 0.098350 0.391904 0.120362 0.000065 0.389319
4 4 0.188135 0.046998 0.010339 0.000932 0.753596
4 4 0.147556 0.046433 0.010227 0.000660 0.795124
4 4 0.158137 0.044027 0.009292 0.000771 0.787772
4 4 0.057567 0.028438 0.004822 0.000257 0.908917
4 4 0.099012 0.141125 0.087642 0.000407 0.671814
4 4 0.032978 0.025620 0.010141 0.000641 0.930619
4 4 0.023791 0.018686 0.002654 0.000099 0.954770
4 4 0.028283 0.056926 0.007712 0.000061 0.907019
4 4 0.009839 0.169394 0.196335 0.001967 0.622466
4 4 0.043790 0.034141 0.005674 0.000426 0.915968
4 4 0.143235 0.042342 0.008734 0.000692 0.804997
4 4 0.135021 0.061377 0.018857 0.001185 0.783560
