1 0 0.000445 0.877741 0.121814 0.000000 0.000000
0 0 0.999995 0.000005 0.000000 0.000000 0.000000
0 0 0.649553 0.139390 0.029890 0.000143 0.181024
4 0 0.220449 0.069022 0.046389 0.000002 0.664138
0 0 0.837423 0.064346 0.012091 0.002057 0.084083
4 0 0.240363 0.052107 0.025480 0.000301 0.681749
0 0 0.834881 0.031118 0.034232 0.000031 0.099739
0 0 0.784022 0.025269 0.007152 0.000008 0.183549
0 0 0.968402 0.018302 0.006261 0.000178 0.006857
0 0 0.994354 0.003763 0.001276 0.000005 0.000602
0 0 0.756829 0.092044 0.024114 0.006937 0.120076
4 0 0.282836 0.163105 0.029897 0.000016 0.524146
4 0 0.022104 0.005471 0.000932 0.000001 0.971492
0 0 0.648245 0.078515 0.009443 0.000000 0.263798
1 0 0.360548 0.585019 0.022546 0.000000 0.031888
1 0 0.398278 0.432887 0.031686 0.000001 0.137148
1 1 0.303313 0.605797 0.061961 0.000007 0.028922
1 1 0.271345 0.636735 0.075237 0.000001 0.016683
2 1 0.021701 0.240430 0.620296 0.000793 0.116780
2 1 0.010799 0.176042 0.721559 0.000600 0.090999
1 1 0.120108 0.636648 0.156203 0.000066 0.086975
1 1 0.071926 0.827601 0.074562 0.000002 0.025909
1 1 0.173401 0.426023 0.320241 0.000184 0.080150
2 2 0.002975 0.270629 0.628812 0.000730 0.096854
2 2 0.016833 0.272421 0.688500 0.000102 0.022145
2 2 0.011358 0.227056 0.725150 0.000014 0.036423
0 2 0.794131 0.168088 0.001483 0.000000 0.036298
0 2 0.628142 0.221948 0.004220 0.000000 0.145689
0 2 0.432734 0.364371 0.045276 0.000025 0.157593
1 2 0.063672 0.411758 0.182234 0.000046 0.342290
2 2 0.015623 0.342848 0.563506 0.000117 0.077906
2 2 0.011251 0.230370 0.679969 0.000173 0.078237
2 2 0.047866 0.209977 0.635308 0.000236 0.106613
2 2 0.001084 0.127730 0.859623 0.000042 0.011520
4 2 0.083023 0.308171 0.054413 0.000002 0.554391
4 2 0.076520 0.361706 0.063251 0.000001 0.498521
4 2 0.021190 0.357393 0.067449 0.000012 0.553956
4 2 0.157434 0.218962 0.036441 0.000007 0.587155
0 2 0.500297 0.354282 0.035764 0.000006 0.109651
1 2 0.147516 0.509071 0.102796 0.000002 0.240615
4 2 0.116541 0.345203 0.136594 0.000003 0.401659
1 2 0.348461 0.453191 0.094468 0.000017 0.103863
1 2 0.280343 0.347163 0.258576 0.000142 0.113775
1 2 0.173465 0.479714 0.127965 0.000014 0.218842
1 2 0.070419 0.517759 0.109309 0.000004 0.302508
1 2 0.258363 0.555000 0.107313 0.000000 0.079324
1 2 0.077109 0.500814 0.046919 0.000001 0.375157
1 2 0.135364 0.707127 0.028791 0.000000 0.128718
0 2 0.353168 0.327580 0.042818 0.000002 0.276431
4 2 0.116010 0.377896 0.038198 0.000001 0.467895
0 2 0.447850 0.299628 0.078550 0.000002 0.173970
0 4 0.526966 0.241755 0.073377 0.000005 0.157897
4 4 0.152562 0.009949 0.001411 0.000000 0.836078
4 4 0.069454 0.006645 0.001221 0.000000 0.922679
1 4 0.029033 0.795570 0.092730 0.000000 0.082667
1 4 0.057693 0.639690 0.091348 0.000000 0.211268
1 4 0.238102 0.555726 0.092229 0.000002 0.113941
4 4 0.192740 0.175763 0.042224 0.000005 0.589268
4 4 0.125488 0.013064 0.001610 0.000002 0.859836
4 4 0.108116 0.362475 0.014630 0.000006 0.514773
1 4 0.159966 0.600005 0.068142 0.000001 0.171886
4 4 0.307182 0.207177 0.019286 0.000000 0.466354
1 4 0.140289 0.667405 0.092043 0.000001 0.100263
1 4 0.349312 0.537658 0.034777 0.000000 0.078252
1 4 0.365455 0.378498 0.046523 0.000000 0.209524
1 4 0.025783 0.573743 0.064711 0.000000 0.335762
4 4 0.117269 0.290201 0.120896 0.000020 0.471614
4 4 0.249229 0.123440 0.026786 0.000007 0.600539
1 4 0.228402 0.376729 0.051759 0.000040 0.343070
4 4 0.188668 0.156718 0.012967 0.000027 0.641620
0 4 0.340794 0.257581 0.165883 0.000002 0.235741
1 4 0.091515 0.494678 0.119538 0.000002 0.294267
4 4 0.354176 0.114312 0.016260 0.000002 0.515250
4 4 0.083738 0.093107 0.013296 0.000001 0.809857
1 4 0.079672 0.505125 0.072092 0.000001 0.343110
4 4 0.184928 0.286974 0.027564 0.000003 0.500531
1 4 0.092516 0.711371 0.097702 0.000002 0.098409
1 4 0.190591 0.484558 0.072544 0.000000 0.252307
1 4 0.180351 0.467174 0.105388 0.000002 0.247084
1 4 0.076427 0.585532 0.064082 0.000001 0.273958
1 4 0.130697 0.430785 0.130415 0.000103 0.308000
1 4 0.009101 0.414250 0.409317 0.000002 0.167330
1 4 0.142938 0.475893 0.201328 0.000015 0.179827
2 2 0.034360 0.310825 0.620152 0.000092 0.034570
2 2 0.001470 0.031806 0.957462 0.000176 0.009087
2 2 0.020175 0.148559 0.822742 0.000261 0.008262
0 2 0.901154 0.050700 0.008162 0.000000 0.039985
1 2 0.075293 0.711570 0.161905 0.000001 0.051231
1 2 0.190642 0.526192 0.214599 0.000002 0.068565
0 2 0.528357 0.373636 0.066285 0.000003 0.031719
4 2 0.046306 0.351599 0.162724 0.000026 0.439345
1 2 0.051313 0.467433 0.148696 0.000003 0.332555
2 2 0.000470 0.011282 0.987375 0.000082 0.000791
2 2 0.047927 0.281638 0.662724 0.000081 0.007629
0 2 0.592743 0.331438 0.070248 0.000003 0.005568
1 2 0.236440 0.612061 0.109107 0.000007 0.042386
1 2 0.159491 0.485224 0.143601 0.000148 0.211537
2 2 0.146109 0.365456 0.454935 0.000090 0.033410
1 2 0.074938 0.647891 0.192295 0.000004 0.084872
1 2 0.229185 0.434822 0.102334 0.000037 0.233621
1 2 0.303382 0.475637 0.200766 0.000001 0.020214
1 2 0.042282 0.569763 0.287062 0.000014 0.100879
1 2 0.219589 0.423114 0.114408 0.000002 0.242887
4 2 0.193494 0.096024 0.010054 0.000023 0.700405
1 2 0.021487 0.614360 0.222795 0.000005 0.141354
2 2 0.007112 0.241626 0.741829 0.000054 0.009379
2 2 0.021813 0.207581 0.737359 0.000116 0.033131
2 2 0.001261 0.041098 0.954918 0.000311 0.002412
2 2 0.010864 0.083669 0.899045 0.001040 0.005382
2 2 0.044169 0.154432 0.785084 0.000532 0.015783
1 2 0.407166 0.440928 0.074390 0.000014 0.077501
0 2 0.490948 0.360349 0.067208 0.000012 0.081484
0 2 0.929541 0.041034 0.018922 0.000461 0.010042
0 2 0.950490 0.022503 0.004229 0.000047 0.022731
1 2 0.170501 0.607608 0.170196 0.000167 0.051528
0 2 0.467635 0.369962 0.056942 0.000019 0.105443
4 2 0.149173 0.039442 0.013885 0.000040 0.797461
4 4 0.036248 0.109391 0.026355 0.000189 0.827817
2 4 0.055161 0.309736 0.608680 0.000001 0.026421
1 4 0.134033 0.598301 0.182910 0.000018 0.084739
0 4 0.961662 0.009495 0.001908 0.000001 0.026933
4 4 0.388659 0.056851 0.003111 0.000464 0.550914
0 4 0.468757 0.372738 0.072736 0.000017 0.085752
0 4 0.803767 0.146348 0.021887 0.000001 0.027997
2 4 0.055960 0.393216 0.461272 0.000048 0.089504
2 2 0.224212 0.086397 0.635747 0.001039 0.052605
1 2 0.071556 0.504555 0.117894 0.000185 0.305810
1 2 0.081394 0.354155 0.283735 0.000031 0.280685
2 2 0.005630 0.276030 0.686544 0.000873 0.030922
1 2 0.061478 0.600814 0.279199 0.000056 0.058453
2 2 0.003160 0.143775 0.844418 0.002248 0.006399
2 2 0.000586 0.013392 0.980676 0.004206 0.001140
0 2 0.848595 0.041916 0.067903 0.000018 0.041568
4 2 0.380010 0.093137 0.010312 0.000027 0.516514
2 2 0.000115 0.007518 0.991977 0.000281 0.000110
2 2 0.000011 0.004619 0.994826 0.000516 0.000028
2 2 0.000118 0.008897 0.978786 0.011573 0.000626
2 2 0.000001 0.000356 0.993302 0.006337 0.000004
2 2 0.003923 0.107247 0.888158 0.000187 0.000486
1 2 0.095055 0.451962 0.401130 0.000047 0.051807
2 2 0.001762 0.057034 0.937488 0.001741 0.001975
2 2 0.000142 0.007135 0.992254 0.000132 0.000337
0 2 0.793816 0.105535 0.041142 0.000092 0.059416
0 2 0.964955 0.025966 0.005802 0.000011 0.003266
2 2 0.239916 0.348370 0.382917 0.000080 0.028718
1 2 0.015763 0.619204 0.324501 0.000002 0.040530
1 2 0.188228 0.472226 0.264927 0.000085 0.074533
2 2 0.020084 0.441944 0.490312 0.000215 0.047445
0 2 0.775956 0.131464 0.021286 0.000609 0.070686
1 2 0.379471 0.465120 0.067301 0.000331 0.087777
1 2 0.058335 0.479993 0.218188 0.000038 0.243447
2 2 0.009286 0.286898 0.474444 0.000202 0.229170
0 2 0.692018 0.078827 0.150065 0.000079 0.079012
0 2 0.551225 0.185585 0.177301 0.000630 0.085260
0 2 0.821291 0.073601 0.013350 0.000069 0.091690
1 0 0.222897 0.585488 0.169252 0.000132 0.022231
0 0 0.411317 0.346232 0.067203 0.000063 0.175186
1 2 0.063178 0.725365 0.119455 0.000236 0.091766
2 2 0.000070 0.053947 0.945610 0.000069 0.000305
2 2 0.000069 0.010005 0.981602 0.007983 0.000341
2 2 0.001080 0.037672 0.950209 0.000096 0.010942
2 2 0.000136 0.008848 0.988397 0.002358 0.000261
2 2 0.003455 0.060751 0.929202 0.000287 0.006305
2 2 0.000016 0.004279 0.994626 0.000969 0.000110
2 2 0.000068 0.004186 0.990974 0.004595 0.000178
2 2 0.000024 0.002028 0.992549 0.005344 0.000055
2 2 0.000047 0.003559 0.986574 0.009729 0.000090
2 2 0.000164 0.001536 0.890436 0.107774 0.000090
2 2 0.000001 0.000482 0.647956 0.351557 0.000004
2 2 0.000062 0.007365 0.973719 0.018814 0.000040
3 2 0.000223 0.002907 0.426722 0.569759 0.000389
2 2 0.000126 0.013102 0.836285 0.150341 0.000146
2 2 0.000064 0.001390 0.976709 0.021809 0.000027
2 3 0.000001 0.000188 0.966955 0.032854 0.000002
2 3 0.000002 0.000186 0.809610 0.190201 0.000001
3 3 0.000001 0.000133 0.430402 0.569464 0.000000
3 3 0.000046 0.000662 0.335622 0.663662 0.000008
3 3 0.000004 0.000217 0.177886 0.821889 0.000003
2 3 0.000031 0.006265 0.885299 0.107986 0.000420
3 3 0.000003 0.000065 0.067376 0.932548 0.000008
2 3 0.000009 0.001097 0.759596 0.239267 0.000031
3 3 0.000000 0.000018 0.071191 0.928790 0.000001
3 3 0.000002 0.000286 0.395388 0.604322 0.000002
2 3 0.000008 0.001330 0.765929 0.232678 0.000056
3 3 0.000000 0.000026 0.010702 0.989265 0.000007
3 3 0.000016 0.000087 0.029869 0.970022 0.000006
3 3 0.000000 0.000027 0.037628 0.962343 0.000002
3 3 0.000012 0.000081 0.013233 0.986635 0.000038
3 3 0.000212 0.000699 0.111074 0.887972 0.000043
2 3 0.089479 0.033261 0.497283 0.376562 0.003414
2 3 0.166274 0.257813 0.555857 0.008583 0.011473
2 3 0.266498 0.246542 0.470102 0.005350 0.011508
2 3 0.266998 0.164724 0.563009 0.000079 0.005190
2 2 0.018717 0.032445 0.948409 0.000055 0.000374
2 2 0.003622 0.080274 0.895478 0.001074 0.019551
2 2 0.005936 0.020170 0.963262 0.005857 0.004775
2 2 0.099489 0.338051 0.518428 0.000148 0.043883
2 2 0.078887 0.109092 0.805359 0.000477 0.006186
2 2 0.060162 0.056333 0.880745 0.000439 0.002321
2 2 0.015633 0.074632 0.906160 0.001399 0.002176
2 2 0.024826 0.069198 0.893024 0.000942 0.012010
0 2 0.373283 0.324157 0.139859 0.000151 0.162550
2 2 0.000098 0.008398 0.990740 0.000287 0.000477
2 2 0.000055 0.002772 0.995472 0.001671 0.000030
2 2 0.005271 0.145191 0.836132 0.000389 0.013017
2 2 0.011137 0.055453 0.904296 0.003445 0.025669
2 2 0.000062 0.009732 0.988912 0.000760 0.000534
2 2 0.000003 0.000118 0.996887 0.002990 0.000002
2 2 0.000056 0.002795 0.989433 0.007683 0.000034
2 2 0.000180 0.012663 0.982402 0.004258 0.000498
2 2 0.001043 0.068914 0.924257 0.001390 0.004395
2 2 0.002181 0.177576 0.814396 0.001543 0.004304
2 2 0.003108 0.067989 0.912040 0.000200 0.016663
2 2 0.000535 0.027427 0.966351 0.000131 0.005555
2 2 0.000761 0.029547 0.962066 0.003253 0.004372
2 2 0.000170 0.008380 0.971104 0.019267 0.001079
2 2 0.000028 0.000509 0.652501 0.346421 0.000540
2 2 0.000002 0.000487 0.939520 0.059942 0.000048
2 2 0.000017 0.000795 0.969640 0.029528 0.000020
2 2 0.000023 0.000775 0.535078 0.463846 0.000278
3 2 0.000000 0.000052 0.153976 0.845968 0.000004
3 2 0.000000 0.000007 0.005342 0.994650 0.000001
2 3 0.000000 0.000665 0.630155 0.369164 0.000014
3 3 0.000000 0.000050 0.201471 0.798470 0.000008
3 3 0.000000 0.000061 0.374977 0.624959 0.000003
3 3 0.000001 0.000029 0.129055 0.870915 0.000001
3 3 0.000001 0.000028 0.007408 0.992558 0.000004
3 3 0.000004 0.000131 0.087525 0.912337 0.000003
3 3 0.000003 0.000038 0.011529 0.988396 0.000035
3 3 0.000000 0.000000 0.001757 0.998243 0.000000
3 3 0.000004 0.000060 0.007243 0.992676 0.000017
3 3 0.000007 0.000053 0.005056 0.994862 0.000022
3 3 0.000001 0.000015 0.003144 0.996835 0.000005
3 3 0.000017 0.000109 0.006983 0.992839 0.000052
3 3 0.000000 0.000004 0.001613 0.998381 0.000001
3 3 0.000002 0.000027 0.004246 0.995716 0.000009
3 3 0.000011 0.000088 0.007791 0.992062 0.000048
3 3 0.000010 0.000069 0.005728 0.994160 0.000032
3 3 0.000002 0.000025 0.004489 0.995477 0.000007
3 3 0.000000 0.000002 0.002073 0.997924 0.000000
3 3 0.000000 0.000001 0.005686 0.994313 0.000000
3 3 0.000000 0.000000 0.000720 0.999279 0.000000
3 3 0.000000 0.000002 0.014690 0.985307 0.000001
3 3 0.000000 0.000003 0.001432 0.998563 0.000001
3 3 0.000007 0.000053 0.005049 0.994868 0.000022
3 3 0.000001 0.000014 0.002813 0.997167 0.000005
3 3 0.000033 0.001098 0.088588 0.909861 0.000420
3 3 0.027130 0.016224 0.163553 0.786961 0.006132
2 3 0.001466 0.022000 0.575098 0.399182 0.002254
3 3 0.000034 0.002322 0.163207 0.833612 0.000824
3 3 0.000054 0.000481 0.150905 0.848525 0.000035
2 3 0.001444 0.010111 0.574347 0.413369 0.000729
3 3 0.000001 0.000049 0.043992 0.955952 0.000006
3 3 0.000000 0.000031 0.020930 0.979038 0.000001
3 3 0.000002 0.000014 0.013793 0.986190 0.000001
3 3 0.000016 0.000427 0.211852 0.787670 0.000035
3 3 0.000001 0.000011 0.010956 0.989032 0.000001
3 3 0.000000 0.000001 0.000901 0.999097 0.000000
3 3 0.000036 0.000204 0.009221 0.990435 0.000104
3 3 0.000005 0.000030 0.005967 0.993991 0.000007
3 3 0.000008 0.000153 0.012688 0.987111 0.000040
3 3 0.000079 0.000264 0.014065 0.985474 0.000118
3 3 0.000001 0.000009 0.002281 0.997706 0.000003
3 3 0.000001 0.000014 0.002787 0.997193 0.000005
3 3 0.000001 0.000006 0.004162 0.995830 0.000001
3 3 0.000098 0.000389 0.051615 0.947857 0.000040
3 3 0.000000 0.000001 0.000860 0.999139 0.000000
3 3 0.000007 0.000055 0.005116 0.994799 0.000023
3 3 0.000001 0.000006 0.002214 0.997778 0.000002
3 3 0.000000 0.000023 0.012534 0.987441 0.000002
3 3 0.000015 0.000055 0.011247 0.988674 0.000010
3 3 0.000039 0.000125 0.014825 0.984983 0.000028
3 3 0.000054 0.000281 0.010642 0.988875 0.000150
3 3 0.000059 0.000283 0.010761 0.988735 0.000162
3 3 0.000013 0.000090 0.006404 0.993452 0.000041
3 3 0.000134 0.002064 0.171401 0.822820 0.003582
3 3 0.000591 0.000971 0.075263 0.922886 0.000290
3 3 0.000935 0.007826 0.080414 0.907298 0.003528
3 3 0.000023 0.000165 0.010947 0.988804 0.000061
2 3 0.002822 0.026577 0.599827 0.369305 0.001469
3 3 0.001814 0.003291 0.044630 0.948321 0.001944
3 3 0.010414 0.012343 0.124201 0.848096 0.004946
2 3 0.173686 0.141226 0.663956 0.011230 0.009902
2 3 0.081386 0.249432 0.642283 0.011030 0.015869
2 3 0.002872 0.099310 0.861677 0.001054 0.035087
2 3 0.094221 0.109590 0.791434 0.000201 0.004553
0 2 0.932711 0.032646 0.006108 0.000384 0.028152
1 2 0.313410 0.441023 0.163901 0.000202 0.081464
2 2 0.004589 0.154231 0.829282 0.000060 0.011837
2 2 0.027388 0.264647 0.635389 0.000019 0.072557
4 2 0.033239 0.197612 0.124391 0.000005 0.644753
1 2 0.040081 0.479894 0.107113 0.000001 0.372910
1 2 0.033428 0.655310 0.063608 0.000001 0.247653
4 2 0.025319 0.368895 0.079976 0.000001 0.525809
4 2 0.045492 0.110955 0.050491 0.000001 0.793061
1 2 0.028311 0.450829 0.199118 0.000002 0.321740
1 2 0.024983 0.515692 0.063716 0.000002 0.395607
4 2 0.038457 0.351061 0.117635 0.000004 0.492843
1 2 0.365966 0.368381 0.081181 0.000004 0.184467
0 2 0.704716 0.232778 0.037224 0.000003 0.025279
1 0 0.419543 0.485019 0.086249 0.000007 0.009182
0 0 0.879684 0.096476 0.020259 0.000004 0.003577
4 0 0.283077 0.313921 0.049110 0.000009 0.353883
1 0 0.311057 0.383045 0.040990 0.000010 0.264897
4 2 0.179853 0.369159 0.069975 0.000014 0.380999
1 4 0.135092 0.395191 0.179460 0.000009 0.290248
4 4 0.249083 0.196260 0.055660 0.000058 0.498939
4 4 0.105653 0.235792 0.052296 0.000021 0.606240
1 4 0.054199 0.823825 0.091439 0.000003 0.030534
1 4 0.203413 0.482019 0.215618 0.000418 0.098531
4 4 0.198303 0.240641 0.089510 0.000045 0.471501
1 4 0.153883 0.487159 0.159800 0.000260 0.198898
4 4 0.262474 0.092543 0.031728 0.000031 0.613224
4 4 0.394785 0.125879 0.022208 0.000002 0.457127
1 4 0.181054 0.388647 0.122686 0.000010 0.307603
1 4 0.214007 0.462450 0.118235 0.000006 0.205301
1 4 0.069842 0.453304 0.144119 0.000007 0.332729
1 4 0.131690 0.507923 0.205967 0.000015 0.154406
1 4 0.043449 0.536607 0.290287 0.000001 0.129656
4 4 0.032606 0.388900 0.154046 0.000001 0.424446
4 4 0.087041 0.155182 0.059842 0.000056 0.697879
2 4 0.281595 0.196199 0.357790 0.000502 0.163915
2 4 0.046105 0.166065 0.748720 0.000025 0.039086
2 4 0.061288 0.219032 0.593701 0.000535 0.125444
2 4 0.007215 0.099964 0.820781 0.000695 0.071344
2 2 0.001254 0.063815 0.905795 0.000087 0.029049
0 2 0.424321 0.251351 0.074030 0.000093 0.250206
1 2 0.299016 0.342284 0.211407 0.000012 0.147281
0 2 0.739861 0.219167 0.010644 0.000004 0.030324
0 0 0.520451 0.438938 0.014497 0.000000 0.026115
1 0 0.362361 0.544521 0.064879 0.000001 0.028239
1 0 0.281439 0.523440 0.150522 0.000005 0.044594
1 0 0.062142 0.606020 0.249964 0.000072 0.081802
1 2 0.385352 0.420006 0.124118 0.000003 0.070521
4 2 0.116810 0.349842 0.092645 0.000029 0.440675
1 2 0.081910 0.692888 0.180667 0.000000 0.044535
1 2 0.269090 0.481288 0.112271 0.000047 0.137304
1 4 0.027734 0.556473 0.142771 0.000020 0.273002
1 4 0.094208 0.597679 0.244538 0.000019 0.063556
1 4 0.167509 0.700487 0.109608 0.000005 0.022391
2 4 0.151641 0.189662 0.376210 0.000016 0.282471
1 2 0.061525 0.388919 0.257115 0.000025 0.292417
2 2 0.052862 0.204040 0.576620 0.000996 0.165482
2 2 0.054604 0.371499 0.559730 0.000015 0.014152
0 2 0.450190 0.414798 0.060322 0.000002 0.074688
1 2 0.354841 0.430929 0.172313 0.000003 0.041914
1 2 0.306546 0.386218 0.097782 0.000005 0.209450
2 2 0.060067 0.403380 0.424207 0.000009 0.112337
2 2 0.000102 0.011630 0.987208 0.000881 0.000179
2 2 0.002064 0.054042 0.942652 0.000181 0.001061
1 2 0.308626 0.507787 0.180940 0.000002 0.002645
0 2 0.598037 0.322258 0.064367 0.000001 0.015337
0 2 0.738792 0.185436 0.036047 0.000000 0.039724
0 2 0.918210 0.038717 0.006603 0.000004 0.036467
1 2 0.116770 0.721147 0.062109 0.000000 0.099974
1 2 0.286548 0.366165 0.109943 0.000043 0.237301
1 2 0.016228 0.514314 0.189469 0.000093 0.279897
1 2 0.044298 0.566543 0.320066 0.000012 0.069082
2 2 0.000206 0.009746 0.987600 0.000278 0.002170
2 2 0.000362 0.007691 0.991194 0.000434 0.000319
2 2 0.000331 0.017834 0.981081 0.000173 0.000581
2 2 0.004962 0.050395 0.942631 0.000316 0.001696
2 2 0.000109 0.015155 0.984285 0.000195 0.000255
2 2 0.007943 0.232819 0.747095 0.000009 0.012134
2 2 0.004717 0.045382 0.944707 0.003994 0.001200
2 2 0.000242 0.008811 0.989959 0.000857 0.000131
2 2 0.000488 0.020448 0.977827 0.001021 0.000216
2 2 0.126441 0.090883 0.723419 0.000265 0.058991
2 2 0.000089 0.003336 0.995826 0.000563 0.000187
2 2 0.000529 0.025136 0.973875 0.000106 0.000354
2 2 0.000276 0.003405 0.992912 0.003370 0.000036
2 2 0.000202 0.004119 0.995449 0.000168 0.000062
2 2 0.000920 0.011373 0.987513 0.000018 0.000175
2 2 0.000152 0.010824 0.988905 0.000004 0.000115
1 2 0.127453 0.441318 0.331630 0.001374 0.098225
2 2 0.109660 0.304914 0.575575 0.000260 0.009592
2 2 0.001153 0.181963 0.807143 0.000505 0.009236
2 2 0.043567 0.333469 0.536450 0.000017 0.086496
2 2 0.000136 0.006396 0.988957 0.004347 0.000164
2 2 0.000517 0.021666 0.976728 0.000708 0.000381
2 2 0.016934 0.125064 0.815437 0.000256 0.042309
2 2 0.001104 0.054658 0.941129 0.000596 0.002512
2 2 0.000066 0.000788 0.999053 0.000074 0.000019
2 2 0.003377 0.029479 0.965422 0.000592 0.001130
1 2 0.016381 0.676252 0.243329 0.000022 0.064016
0 2 0.830927 0.120449 0.028377 0.000001 0.020246
0 2 0.608911 0.280652 0.089076 0.000081 0.021281
0 0 0.672488 0.250130 0.059031 0.000076 0.018275
0 0 0.757694 0.199135 0.034035 0.000000 0.009136
0 0 0.727619 0.204207 0.056488 0.000003 0.011683
1 0 0.137341 0.642669 0.139084 0.000011 0.080895
0 0 0.629188 0.291004 0.068127 0.000003 0.011678
1 2 0.035488 0.715778 0.198392 0.000001 0.050341
1 2 0.275600 0.533644 0.062789 0.000001 0.127966
0 0 0.624642 0.268624 0.040888 0.000013 0.065833
1 0 0.270584 0.445974 0.091136 0.000039 0.192266
1 4 0.183957 0.631250 0.111713 0.000000 0.073080
0 4 0.745359 0.148918 0.023944 0.000001 0.081777
0 4 0.905301 0.046323 0.006394 0.000005 0.041978
0 4 0.938988 0.037890 0.001993 0.000004 0.021124
1 4 0.118876 0.614603 0.113527 0.000010 0.152984
0 4 0.397954 0.274409 0.108881 0.000076 0.218680
1 4 0.310017 0.318817 0.073016 0.000001 0.298147
0 4 0.657293 0.205857 0.027986 0.000002 0.108862
1 4 0.046344 0.442114 0.086062 0.000007 0.425474
1 4 0.017311 0.565973 0.202967 0.000002 0.213748
1 4 0.212751 0.523779 0.194300 0.000013 0.069157
1 4 0.074010 0.635217 0.160633 0.000002 0.130137
2 4 0.000904 0.157583 0.826825 0.000504 0.014185
2 2 0.007273 0.118749 0.866857 0.000074 0.007048
2 2 0.001444 0.016684 0.978939 0.002051 0.000882
2 2 0.000794 0.029699 0.966857 0.000785 0.001865
2 2 0.016093 0.376305 0.604987 0.000024 0.002591
1 2 0.034447 0.775664 0.158599 0.000001 0.031289
2 2 0.000610 0.017201 0.981961 0.000038 0.000191
2 2 0.001427 0.031004 0.966488 0.000701 0.000380
2 2 0.006570 0.050600 0.941380 0.000241 0.001209
2 2 0.007626 0.137797 0.846289 0.002964 0.005325
2 2 0.010059 0.133642 0.846333 0.000103 0.009863
2 2 0.005152 0.080261 0.879146 0.000145 0.035296
0 2 0.797938 0.068420 0.097753 0.000164 0.035724
2 2 0.001253 0.011854 0.986442 0.000069 0.000382
2 2 0.010294 0.044913 0.942935 0.000017 0.001841
2 2 0.000743 0.028983 0.969373 0.000040 0.000862
2 2 0.006358 0.132942 0.860248 0.000035 0.000416
1 2 0.046805 0.537213 0.315933 0.000002 0.100048
0 2 0.768661 0.179072 0.036451 0.000048 0.015768
1 2 0.361421 0.563118 0.018589 0.000000 0.056873
1 2 0.240387 0.604269 0.123318 0.000011 0.032015
1 2 0.269523 0.402942 0.112346 0.000001 0.215188
2 2 0.014697 0.196122 0.761808 0.000121 0.027251
2 2 0.001555 0.027558 0.969870 0.000007 0.001010
2 2 0.003651 0.059185 0.926626 0.000500 0.010037
2 2 0.005518 0.055762 0.937005 0.000058 0.001658
2 2 0.027049 0.181057 0.786899 0.000214 0.004781
0 2 0.392749 0.365539 0.228202 0.000062 0.013447
2 2 0.000564 0.025660 0.973193 0.000235 0.000347
2 2 0.000299 0.046398 0.949091 0.000536 0.003676
2 2 0.002673 0.033694 0.962361 0.000502 0.000771
2 2 0.000036 0.002412 0.996941 0.000463 0.000148
2 2 0.001553 0.021268 0.976255 0.000146 0.000778
2 2 0.000043 0.002359 0.997436 0.000127 0.000034
2 2 0.005427 0.036124 0.955431 0.000306 0.002713
2 2 0.000164 0.010329 0.986757 0.002385 0.000366
2 2 0.000175 0.004691 0.984783 0.009898 0.000453
2 2 0.000253 0.006695 0.971940 0.020556 0.000556
2 2 0.000063 0.021952 0.974028 0.001205 0.002752
2 2 0.000354 0.013084 0.981801 0.000807 0.003954
2 2 0.000025 0.000740 0.998199 0.001033 0.000002
2 2 0.000010 0.000480 0.977188 0.022312 0.000010
2 2 0.000020 0.001814 0.938602 0.059552 0.000012
2 2 0.000034 0.002217 0.967444 0.030079 0.000225
2 2 0.001802 0.015144 0.968666 0.010654 0.003734
2 2 0.000144 0.003863 0.995193 0.000654 0.000146
2 2 0.000035 0.007431 0.969417 0.022059 0.001058
2 2 0.000033 0.001676 0.985246 0.012982 0.000062
2 2 0.000050 0.017594 0.947490 0.034782 0.000084
2 2 0.000012 0.004752 0.982433 0.012029 0.000773
2 2 0.000003 0.001581 0.986155 0.012193 0.000068
2 2 0.000001 0.000215 0.980748 0.019030 0.000007
2 2 0.000058 0.002596 0.965916 0.031260 0.000170
2 2 0.000279 0.001831 0.847380 0.149817 0.000693
2 2 0.000159 0.003263 0.951164 0.044752 0.000663
2 2 0.000021 0.004529 0.900926 0.094400 0.000124
2 2 0.000008 0.000166 0.892522 0.107302 0.000003
2 2 0.000000 0.000111 0.996500 0.003388 0.000001
2 2 0.000005 0.001132 0.518632 0.480182 0.000049
3 2 0.000003 0.000229 0.088898 0.910846 0.000025
3 2 0.000001 0.000210 0.198390 0.801318 0.000081
3 2 0.000002 0.000392 0.487570 0.511968 0.000067
2 2 0.000000 0.000080 0.853636 0.146284 0.000001
3 2 0.000011 0.000169 0.053322 0.946479 0.000019
3 2 0.000000 0.000276 0.284986 0.714734 0.000004
3 3 0.000004 0.000678 0.082398 0.916852 0.000069
2 3 0.000770 0.018850 0.953508 0.022001 0.004871
2 3 0.000054 0.008049 0.802327 0.188288 0.001281
3 3 0.000001 0.000285 0.359464 0.640241 0.000009
3 3 0.000215 0.000756 0.061993 0.936937 0.000099
2 3 0.000034 0.004518 0.746230 0.249086 0.000131
3 3 0.000016 0.000483 0.230961 0.768485 0.000055
3 3 0.000012 0.000995 0.210152 0.788750 0.000091
3 3 0.000002 0.000160 0.050991 0.948824 0.000023
3 3 0.000000 0.000012 0.024175 0.975812 0.000001
3 3 0.000001 0.000022 0.041501 0.958476 0.000001
2 3 0.000077 0.004878 0.874842 0.119715 0.000487
3 3 0.000035 0.000865 0.122150 0.876843 0.000107
2 3 0.000002 0.001064 0.864168 0.134762 0.000004
2 3 0.000001 0.001119 0.949013 0.049862 0.000005
3 3 0.000004 0.000567 0.323297 0.675994 0.000138
3 3 0.000004 0.000160 0.067737 0.932072 0.000028
3 3 0.000001 0.000192 0.163534 0.836192 0.000082
3 3 0.000000 0.000068 0.089376 0.910536 0.000020
3 3 0.000000 0.000006 0.002798 0.997194 0.000001
3 3 0.000006 0.000098 0.024030 0.975856 0.000009
3 3 0.000004 0.000106 0.012730 0.987135 0.000025
3 3 0.000000 0.000020 0.011707 0.988269 0.000004
3 3 0.000000 0.000003 0.001649 0.998348 0.000001
3 3 0.000001 0.000050 0.026385 0.973558 0.000006
3 3 0.000000 0.000014 0.011331 0.988649 0.000005
3 3 0.000001 0.000042 0.014786 0.985152 0.000019
3 3 0.000002 0.000065 0.016859 0.983068 0.000006
3 3 0.000001 0.000014 0.003810 0.996170 0.000005
3 3 0.000002 0.000022 0.003370 0.996598 0.000008
3 3 0.000000 0.000002 0.001254 0.998743 0.000001
3 3 0.000000 0.000010 0.013211 0.986772 0.000008
3 3 0.000000 0.000023 0.109631 0.890339 0.000006
3 3 0.000000 0.000004 0.005220 0.994775 0.000000
3 3 0.000001 0.000010 0.003686 0.996301 0.000002
3 3 0.000022 0.000134 0.007646 0.992134 0.000064
3 3 0.000000 0.000009 0.006311 0.993673 0.000007
3 3 0.000025 0.000180 0.014061 0.985594 0.000140
3 3 0.000008 0.000303 0.059515 0.939956 0.000218
3 3 0.000096 0.000522 0.053306 0.945585 0.000491
2 3 0.187002 0.019744 0.487370 0.304158 0.001725
4 3 0.202356 0.251336 0.077688 0.002723 0.465896
0 0 0.450044 0.308966 0.138048 0.000318 0.102624
2 0 0.097587 0.384230 0.492980 0.001279 0.023924
0 2 0.700517 0.205231 0.077495 0.000022 0.016734
1 2 0.322543 0.368627 0.065278 0.000390 0.243162
1 2 0.282724 0.467914 0.116296 0.000027 0.133040
0 2 0.505705 0.285775 0.114125 0.000010 0.094385
0 2 0.763386 0.108132 0.032979 0.000011 0.095492
1 2 0.155744 0.448452 0.079876 0.000003 0.315925
1 2 0.118481 0.615551 0.173006 0.000002 0.092961
1 4 0.155362 0.630520 0.126725 0.000002 0.087391
1 4 0.361893 0.413100 0.087324 0.000008 0.137675
1 4 0.393690 0.408885 0.078698 0.000037 0.118690
0 4 0.883776 0.071563 0.017526 0.000005 0.027129
4 4 0.125178 0.336680 0.121280 0.000001 0.416861
0 4 0.661638 0.180365 0.037070 0.000014 0.120913
1 4 0.215166 0.405852 0.074720 0.000001 0.304262
1 4 0.066854 0.528954 0.046453 0.000011 0.357728
1 4 0.304027 0.393154 0.081259 0.000009 0.221549
0 4 0.492132 0.055124 0.005824 0.000016 0.446905
4 4 0.281684 0.103738 0.009282 0.000007 0.605288
0 4 0.905256 0.062280 0.026943 0.000001 0.005520
0 4 0.594097 0.164367 0.024836 0.000002 0.216698
4 4 0.164437 0.157589 0.021823 0.000001 0.656150
1 4 0.080341 0.633034 0.147112 0.000000 0.139512
1 4 0.068625 0.593662 0.154473 0.000002 0.183239
1 4 0.268702 0.580645 0.071812 0.000000 0.078840
0 4 0.870270 0.103754 0.008950 0.000000 0.017026
0 4 0.775276 0.181900 0.019593 0.000000 0.023230
0 4 0.686515 0.212389 0.043129 0.000007 0.057961
1 4 0.161070 0.442660 0.027759 0.000000 0.368511
4 4 0.015399 0.275810 0.034840 0.000001 0.673950
4 4 0.034218 0.162954 0.037909 0.000046 0.764873
4 4 0.252169 0.220476 0.021187 0.000003 0.506164
0 4 0.522608 0.235730 0.056419 0.000004 0.185238
4 4 0.318423 0.131256 0.036098 0.000012 0.514212
4 4 0.179507 0.240732 0.025085 0.000002 0.554674
4 4 0.090215 0.065412 0.005993 0.000007 0.838374
4 4 0.303562 0.106876 0.022008 0.000044 0.567511
0 4 0.524780 0.210386 0.024213 0.000035 0.240585
4 4 0.054976 0.024357 0.009397 0.000014 0.911256
0 4 0.427608 0.344406 0.042615 0.000026 0.185345
0 4 0.425886 0.162224 0.011035 0.000000 0.400854
4 4 0.329426 0.235904 0.016298 0.000002 0.418369
0 4 0.741886 0.154073 0.013243 0.000005 0.090793
0 4 0.913424 0.061093 0.002941 0.000000 0.022542
4 4 0.052830 0.052651 0.009792 0.000006 0.884722
4 4 0.103087 0.048993 0.008962 0.000168 0.838791
4 4 0.066746 0.042511 0.013010 0.000009 0.877723
4 4 0.100108 0.023832 0.006477 0.000000 0.869582
4 4 0.114958 0.051602 0.034886 0.000337 0.798217
0 4 0.885995 0.019624 0.005326 0.000002 0.089053
0 4 0.441229 0.258114 0.015425 0.000001 0.285230
1 4 0.203954 0.660045 0.039186 0.000000 0.096815
4 4 0.131437 0.336390 0.065030 0.000002 0.467142
4 4 0.100668 0.286096 0.124168 0.000060 0.489008
0 4 0.501541 0.402528 0.023896 0.000001 0.072035
0 4 0.449695 0.448274 0.071730 0.000000 0.030300
1 4 0.230121 0.558775 0.108859 0.000000 0.102245
0 4 0.683137 0.235952 0.041402 0.000002 0.039508
0 4 0.673365 0.187709 0.017672 0.000005 0.121249
1 4 0.169484 0.543159 0.082674 0.000002 0.204681
0 4 0.443462 0.306589 0.120301 0.000004 0.129645
1 4 0.389025 0.399484 0.157682 0.000004 0.053805
0 4 0.744536 0.207412 0.032645 0.000003 0.015404
0 0 0.812936 0.126968 0.007989 0.000000 0.052107
1 1 0.194633 0.603393 0.054247 0.000000 0.147727
1 1 0.191631 0.437155 0.054473 0.000000 0.316741
0 1 0.414965 0.364697 0.070198 0.000001 0.150140
1 1 0.419417 0.425575 0.113029 0.000001 0.041979
1 1 0.352246 0.482436 0.042715 0.000000 0.122602
0 1 0.508507 0.314581 0.014517 0.000000 0.162395
1 1 0.232588 0.379225 0.096329 0.000000 0.291857
1 0 0.357929 0.491134 0.092870 0.000017 0.058050
1 0 0.360042 0.436756 0.130205 0.000007 0.072991
1 0 0.320700 0.380994 0.070817 0.000017 0.227472
0 0 0.525789 0.235503 0.162092 0.000006 0.076609
1 0 0.309467 0.403843 0.246344 0.000011 0.040335
0 0 0.808500 0.125867 0.013277 0.000000 0.052356
1 0 0.377711 0.459316 0.092407 0.000000 0.070565
1 0 0.052465 0.744154 0.149829 0.000023 0.053530
2 0 0.071333 0.371327 0.551746 0.000053 0.005542
0 0 0.716431 0.250379 0.020253 0.000001 0.012936
1 0 0.378719 0.488251 0.116507 0.000004 0.016518
0 0 0.628713 0.285531 0.061772 0.000000 0.023984
0 0 0.505465 0.372929 0.087099 0.000000 0.034507
1 0 0.139761 0.544295 0.132606 0.000003 0.183335
1 0 0.236765 0.543944 0.105813 0.000000 0.113478
1 1 0.173155 0.539503 0.154338 0.000001 0.133003
0 1 0.492862 0.241159 0.033498 0.000001 0.232479
0 1 0.638186 0.099145 0.063383 0.000002 0.199284
1 1 0.052497 0.754441 0.118941 0.000002 0.074120
0 0 0.589613 0.355218 0.038448 0.000002 0.016719
1 0 0.382348 0.506995 0.068312 0.000000 0.042345
1 0 0.098578 0.775653 0.076919 0.000037 0.048813
1 0 0.020136 0.669059 0.240675 0.000008 0.070122
0 0 0.441932 0.406603 0.051387 0.000000 0.100077
1 0 0.135041 0.653539 0.061902 0.000000 0.149518
1 1 0.153216 0.531349 0.082949 0.000002 0.232485
1 1 0.029189 0.694101 0.176385 0.000002 0.100323
1 1 0.235589 0.505518 0.087287 0.000001 0.171606
1 1 0.160964 0.516804 0.151413 0.000002 0.170818
1 1 0.071680 0.554505 0.196007 0.000002 0.177806
1 1 0.115464 0.531260 0.273924 0.000007 0.079346
4 1 0.268480 0.278368 0.060913 0.000041 0.392198
1 1 0.060266 0.522696 0.146316 0.000004 0.270717
1 1 0.359994 0.372313 0.155949 0.000007 0.111738
2 2 0.267512 0.264619 0.410659 0.000472 0.056738
1 2 0.139103 0.449593 0.326052 0.000037 0.085215
1 2 0.251676 0.409077 0.281116 0.000103 0.058028
1 2 0.015277 0.575504 0.169006 0.000017 0.240196
2 2 0.001991 0.080635 0.896724 0.000054 0.020595
2 2 0.077002 0.304776 0.313949 0.000010 0.304263
0 2 0.404430 0.372987 0.060531 0.000106 0.161945
1 2 0.016900 0.634194 0.223831 0.000018 0.125057
1 2 0.300920 0.406855 0.089423 0.000019 0.202782
0 2 0.664693 0.222447 0.037691 0.000001 0.075169
1 2 0.118361 0.473955 0.114304 0.000003 0.293377
1 2 0.109577 0.390559 0.375395 0.000000 0.124468
1 2 0.054527 0.331087 0.320144 0.000001 0.294241
2 2 0.001326 0.151276 0.839711 0.000015 0.007672
2 2 0.000131 0.015650 0.983312 0.000318 0.000589
2 2 0.009396 0.065548 0.898437 0.000044 0.026575
2 2 0.005141 0.123736 0.861091 0.000084 0.009948
2 2 0.063202 0.106226 0.804758 0.000054 0.025760
2 2 0.000818 0.016220 0.981700 0.000122 0.001141
2 2 0.005546 0.180506 0.807034 0.000039 0.006875
1 2 0.204560 0.569052 0.136079 0.000007 0.090301
1 2 0.102536 0.454089 0.130665 0.000018 0.312692
2 2 0.016471 0.358591 0.505667 0.000050 0.119221
2 2 0.024498 0.146318 0.809511 0.000991 0.018681
2 2 0.004461 0.068329 0.922611 0.000035 0.004564
2 2 0.206254 0.346672 0.443504 0.000015 0.003554
2 2 0.145549 0.249264 0.595227 0.000109 0.009851
2 2 0.002241 0.023121 0.973491 0.000117 0.001030
2 2 0.013280 0.086571 0.883396 0.001133 0.015620
0 2 0.622347 0.200424 0.086692 0.000707 0.089830
1 2 0.094896 0.753652 0.124113 0.000020 0.027319
2 2 0.036256 0.278952 0.478987 0.000017 0.205787
2 2 0.051270 0.294263 0.581712 0.000020 0.072734
2 2 0.000031 0.002477 0.997263 0.000062 0.000167
2 2 0.003342 0.024082 0.968870 0.000066 0.003640
2 2 0.007392 0.023124 0.963681 0.000037 0.005766
2 2 0.002397 0.030872 0.963494 0.000054 0.003184
2 2 0.000089 0.003906 0.994998 0.000643 0.000363
2 2 0.003698 0.045464 0.949765 0.000105 0.000969
2 2 0.007909 0.026734 0.963565 0.000824 0.000969
2 2 0.000246 0.012960 0.981809 0.003673 0.001311
2 2 0.001548 0.060542 0.932443 0.000148 0.005319
2 2 0.002647 0.142629 0.779333 0.000163 0.075228
2 2 0.000003 0.000991 0.998829 0.000163 0.000014
2 2 0.000111 0.007463 0.991780 0.000410 0.000236
2 2 0.000043 0.003951 0.995426 0.000544 0.000037
2 2 0.000305 0.022732 0.976511 0.000182 0.000270
2 2 0.000078 0.016543 0.977228 0.005443 0.000707
2 2 0.000391 0.018997 0.976140 0.003356 0.001115
2 2 0.000009 0.002267 0.994835 0.002765 0.000124
2 2 0.000808 0.031215 0.959044 0.002145 0.006787
2 2 0.000024 0.001236 0.998445 0.000247 0.000048
2 2 0.000245 0.003241 0.986447 0.009728 0.000339
0 2 0.466657 0.309692 0.214532 0.000062 0.009057
2 2 0.024938 0.266428 0.677685 0.000056 0.030893
4 2 0.122611 0.147180 0.349640 0.000019 0.380551
2 2 0.157816 0.332744 0.368998 0.000016 0.140425
2 2 0.128549 0.377423 0.466182 0.000097 0.027749
0 2 0.705379 0.198601 0.057663 0.000001 0.038355
0 2 0.670366 0.221217 0.071773 0.000001 0.036643
0 2 0.763538 0.117900 0.043932 0.000001 0.074629
2 2 0.093554 0.321488 0.387427 0.000019 0.197513
1 2 0.112409 0.448713 0.367256 0.000022 0.071600
1 4 0.059018 0.470651 0.380931 0.000018 0.089382
2 4 0.005150 0.098687 0.891882 0.000242 0.004039
1 4 0.212860 0.424156 0.108107 0.000024 0.254853
1 4 0.265086 0.389613 0.156911 0.000183 0.188207
2 4 0.009260 0.225850 0.713117 0.000025 0.051748
2 4 0.004018 0.098285 0.869404 0.000024 0.028269
2 2 0.000239 0.003524 0.995396 0.000618 0.000223
2 2 0.000018 0.003074 0.992948 0.003870 0.000090
2 2 0.003861 0.062060 0.924781 0.000086 0.009212
2 2 0.002680 0.074766 0.907644 0.000104 0.014806
2 2 0.001614 0.020440 0.965078 0.000091 0.012776
2 2 0.000192 0.003510 0.995928 0.000034 0.000336
2 2 0.000227 0.006011 0.991937 0.001503 0.000322
2 2 0.000378 0.022542 0.975155 0.000733 0.001192
2 2 0.003907 0.038190 0.947087 0.000114 0.010702
2 2 0.007953 0.113463 0.790797 0.000051 0.087735
2 2 0.006877 0.094941 0.889594 0.001076 0.007512
2 2 0.000115 0.020733 0.977229 0.000143 0.001781
2 2 0.000285 0.022103 0.976854 0.000660 0.000098
2 2 0.114707 0.156873 0.716507 0.000268 0.011645
2 2 0.000726 0.028902 0.966096 0.000242 0.004033
2 2 0.000205 0.012379 0.971435 0.005092 0.010890
2 2 0.001404 0.036516 0.957726 0.000964 0.003390
1 2 0.177536 0.388333 0.269110 0.000645 0.164376
0 2 0.494234 0.296382 0.124816 0.001579 0.082988
0 2 0.347329 0.306184 0.200705 0.000008 0.145774
2 2 0.000002 0.000389 0.999322 0.000276 0.000011
2 2 0.000115 0.013507 0.984664 0.000782 0.000932
2 2 0.022096 0.129249 0.814923 0.000684 0.033048
2 2 0.002309 0.068163 0.921333 0.000061 0.008134
1 2 0.448775 0.502537 0.016690 0.000001 0.031997
1 2 0.021195 0.626568 0.143584 0.000001 0.208653
2 2 0.001389 0.124724 0.868245 0.000205 0.005439
2 2 0.000610 0.048641 0.948200 0.000065 0.002485
2 2 0.000178 0.006021 0.993286 0.000039 0.000476
2 2 0.003068 0.031806 0.959918 0.000073 0.005135
2 2 0.000120 0.006082 0.992148 0.001051 0.000598
2 2 0.000020 0.001979 0.997340 0.000579 0.000082
2 2 0.001643 0.011232 0.986277 0.000190 0.000659
2 2 0.001269 0.026298 0.969224 0.001012 0.002197
2 2 0.000181 0.022223 0.977004 0.000128 0.000464
2 2 0.000956 0.012254 0.985754 0.000021 0.001015
2 2 0.000008 0.002028 0.997758 0.000126 0.000080
2 2 0.000198 0.004711 0.994843 0.000129 0.000119
2 2 0.000856 0.017097 0.980065 0.000083 0.001899
2 2 0.006045 0.038292 0.954213 0.000227 0.001223
2 2 0.005004 0.048439 0.942385 0.001290 0.002882
2 2 0.001939 0.056490 0.935359 0.000616 0.005595
2 2 0.023020 0.442273 0.453509 0.000819 0.080379
0 2 0.449618 0.360726 0.111975 0.000544 0.077137
2 2 0.000320 0.018334 0.979129 0.000301 0.001917
2 2 0.001000 0.041683 0.952508 0.000137 0.004672
2 2 0.045216 0.422733 0.444041 0.000089 0.087920
2 2 0.007885 0.095170 0.863910 0.000171 0.032863
2 2 0.003602 0.012807 0.982411 0.000367 0.000813
2 2 0.008485 0.084231 0.902086 0.001695 0.003503
2 2 0.000917 0.023590 0.972497 0.000129 0.002867
2 2 0.002529 0.015302 0.978020 0.002346 0.001803
2 2 0.010971 0.062226 0.914643 0.000857 0.011302
2 2 0.014234 0.461038 0.482375 0.000193 0.042159
2 2 0.000120 0.017944 0.977749 0.001381 0.002806
2 2 0.002906 0.065558 0.917693 0.001633 0.012211
0 2 0.470050 0.293188 0.162085 0.000028 0.074648
0 2 0.801842 0.119889 0.068629 0.000037 0.009603
2 2 0.008265 0.107871 0.877568 0.000800 0.005495
2 2 0.000295 0.032130 0.961876 0.000814 0.004884
2 2 0.001108 0.026410 0.968052 0.000028 0.004403
2 2 0.001388 0.034544 0.960567 0.000154 0.003347
0 2 0.389760 0.359624 0.051866 0.000938 0.197813
2 2 0.014410 0.026446 0.940105 0.018836 0.000202
2 2 0.028693 0.451061 0.476241 0.000014 0.043990
2 2 0.031313 0.076801 0.888276 0.000022 0.003588
2 2 0.000664 0.010513 0.988499 0.000151 0.000173
2 2 0.000714 0.013569 0.979097 0.005493 0.001127
2 2 0.017568 0.138975 0.832336 0.000243 0.010878
2 2 0.002281 0.137525 0.858207 0.000005 0.001981
1 2 0.201445 0.557938 0.188857 0.001056 0.050705
2 2 0.028181 0.220421 0.716553 0.001593 0.033250
1 2 0.063159 0.408650 0.390424 0.000335 0.137433
2 2 0.039970 0.245465 0.633348 0.000250 0.080967
2 2 0.000544 0.009911 0.981419 0.007674 0.000453
2 2 0.002665 0.050151 0.943883 0.001082 0.002219
2 2 0.000006 0.002469 0.997069 0.000385 0.000072
2 2 0.000873 0.013558 0.984563 0.000031 0.000974
2 2 0.009813 0.015315 0.968714 0.005401 0.000757
2 2 0.026366 0.084185 0.845734 0.005439 0.038276
2 2 0.029956 0.198065 0.732411 0.001473 0.038096
2 2 0.005901 0.062389 0.928370 0.002158 0.001181
2 2 0.000370 0.009764 0.984424 0.004685 0.000757
2 2 0.001029 0.009468 0.986671 0.001662 0.001170
2 2 0.000919 0.028460 0.957459 0.012787 0.000375
2 2 0.004734 0.032986 0.959542 0.002269 0.000469
2 2 0.000321 0.006463 0.992428 0.000556 0.000231
2 2 0.070686 0.151435 0.729599 0.000593 0.047686
2 2 0.000577 0.045086 0.947097 0.000251 0.006987
2 2 0.005398 0.273212 0.666857 0.000077 0.054457
2 2 0.000528 0.026765 0.971182 0.000422 0.001103
2 2 0.098829 0.136243 0.752693 0.000309 0.011927
2 2 0.000391 0.072411 0.919760 0.000189 0.007248
2 2 0.000372 0.017114 0.981282 0.000041 0.001190
2 2 0.000023 0.002189 0.992961 0.004749 0.000077
2 2 0.000119 0.006864 0.992752 0.000123 0.000143
2 2 0.001202 0.011826 0.986167 0.000379 0.000426
2 2 0.002469 0.078070 0.908266 0.006138 0.005056
0 2 0.410280 0.345021 0.125653 0.000183 0.118864
2 2 0.028352 0.330735 0.625739 0.000064 0.015110
2 2 0.000218 0.025103 0.973204 0.000071 0.001405
2 2 0.000018 0.002049 0.997509 0.000408 0.000016
2 2 0.000186 0.007025 0.992376 0.000049 0.000365
2 2 0.002190 0.018066 0.977408 0.000863 0.001472
4 2 0.001816 0.106488 0.111402 0.000059 0.780235
2 2 0.003304 0.068652 0.919107 0.000036 0.008902
2 2 0.000702 0.023339 0.974722 0.000073 0.001164
2 2 0.000625 0.155628 0.835547 0.000044 0.008156
2 2 0.001733 0.124735 0.863525 0.000056 0.009952
2 2 0.000331 0.016798 0.981986 0.000187 0.000697
2 2 0.000014 0.004173 0.995754 0.000018 0.000041
2 2 0.003232 0.062643 0.929889 0.000074 0.004163
2 2 0.000042 0.003804 0.995302 0.000483 0.000369
2 2 0.000005 0.000712 0.998953 0.000328 0.000002
2 2 0.000148 0.032301 0.965872 0.000631 0.001048
2 2 0.000416 0.017800 0.980784 0.000303 0.000697
2 2 0.002915 0.036041 0.952291 0.000141 0.008611
2 2 0.000084 0.004580 0.993697 0.001303 0.000337
2 2 0.000085 0.011623 0.987778 0.000287 0.000227
2 2 0.002127 0.064953 0.919577 0.008378 0.004965
2 2 0.001777 0.025967 0.955860 0.016143 0.000253
2 2 0.000107 0.007223 0.973001 0.019396 0.000273
2 2 0.000010 0.000662 0.690295 0.308998 0.000035
2 3 0.000009 0.000592 0.520972 0.478393 0.000034
2 3 0.000063 0.010544 0.705283 0.283781 0.000328
2 3 0.000094 0.006430 0.673582 0.318376 0.001518
