0 0 0.899030 0.055082 0.017844 0.000130 0.027914
0 0 0.966604 0.005588 0.002963 0.000108 0.024737
0 0 0.977819 0.017810 0.002420 0.000000 0.001951
0 0 0.977692 0.002123 0.001267 0.000058 0.018860
0 0 0.999841 0.000016 0.000004 0.000000 0.000139
0 0 0.999707 0.000011 0.000004 0.000000 0.000279
0 0 0.997849 0.000561 0.000433 0.000001 0.001155
0 0 0.951490 0.022512 0.018714 0.000206 0.007079
0 0 0.999723 0.000021 0.000006 0.000000 0.000250
0 0 0.999419 0.000167 0.000035 0.000000 0.000380
0 0 0.991221 0.005389 0.001055 0.000000 0.002335
0 0 0.997944 0.000083 0.000041 0.000000 0.001930
0 0 0.969371 0.009265 0.003755 0.000042 0.017567
0 0 0.650422 0.088705 0.247447 0.001055 0.012372
0 0 0.961423 0.014824 0.005454 0.000045 0.018253
0 0 0.961303 0.019505 0.005870 0.000020 0.013303
0 0 0.921293 0.010926 0.007205 0.001023 0.059552
0 0 0.948647 0.018135 0.007331 0.000105 0.025782
0 0 0.992933 0.001424 0.000537 0.000002 0.005103
0 0 0.965567 0.013428 0.004804 0.000033 0.016169
0 0 0.908386 0.011502 0.008064 0.001598 0.070450
0 0 0.959844 0.006239 0.002611 0.000017 0.031288
0 0 0.833532 0.065188 0.085420 0.000067 0.015794
0 0 0.970900 0.004445 0.004773 0.000101 0.019780
0 0 0.977214 0.005158 0.002097 0.000017 0.015514
0 0 0.963551 0.017867 0.005457 0.000019 0.013107
0 0 0.992174 0.000236 0.000161 0.000007 0.007423
0 0 0.977080 0.002104 0.001276 0.000063 0.019477
0 0 0.967475 0.006740 0.003275 0.000082 0.022428
0 0 0.984468 0.004636 0.001686 0.000009 0.009202
0 0 0.961370 0.004661 0.002016 0.000013 0.031940
0 0 0.868716 0.046438 0.018279 0.000228 0.066338
0 0 0.413510 0.320429 0.205896 0.000385 0.059780
0 0 0.778923 0.130227 0.067300 0.000800 0.022749
0 0 0.957263 0.019182 0.006142 0.000025 0.017388
0 0 0.988351 0.004292 0.001186 0.000001 0.006169
0 0 0.973629 0.005695 0.002624 0.000047 0.018006
0 0 0.861365 0.012905 0.008530 0.000854 0.116347
0 0 0.855627 0.035777 0.020851 0.002532 0.085214
0 0 0.962830 0.013073 0.011600 0.000351 0.012145
0 0 0.965234 0.012455 0.004701 0.000041 0.017569
0 0 0.884336 0.079398 0.019159 0.000036 0.017070
0 0 0.911676 0.042349 0.015176 0.000165 0.030633
0 0 0.736088 0.060891 0.024234 0.000194 0.178592
0 0 0.784292 0.149479 0.033697 0.000041 0.032491
0 0 0.944785 0.032678 0.009380 0.000017 0.013141
0 0 0.838333 0.095152 0.038874 0.000080 0.027561
0 0 0.988257 0.005221 0.001294 0.000001 0.005227
0 0 0.870471 0.010028 0.007978 0.002419 0.109104
0 0 0.975740 0.004348 0.002125 0.000047 0.017741
0 0 0.981949 0.007423 0.009048 0.000044 0.001536
0 0 0.998677 0.000266 0.000656 0.000008 0.000394
0 0 0.996841 0.000519 0.001843 0.000077 0.000720
0 0 0.997210 0.001370 0.000276 0.000000 0.001144
0 0 0.986354 0.009256 0.002624 0.000001 0.001766
0 0 0.999299 0.000321 0.000127 0.000000 0.000253
0 0 0.995804 0.001940 0.000438 0.000000 0.001818
0 0 0.993585 0.003800 0.001900 0.000001 0.000714
0 0 0.782024 0.124651 0.088412 0.000032 0.004881
0 1 0.912706 0.057413 0.018161 0.000040 0.011680
0 1 0.821847 0.113471 0.045450 0.000139 0.019094
2 0 0.375724 0.221885 0.385700 0.000312 0.016379
0 1 0.825573 0.058124 0.113985 0.000146 0.002172
0 1 0.468016 0.219795 0.303702 0.001131 0.007356
0 1 0.579659 0.328890 0.068522 0.000122 0.022807
0 0 0.914648 0.052570 0.025843 0.000029 0.006910
0 0 0.982564 0.011638 0.002506 0.000001 0.003291
0 0 0.945525 0.038154 0.012350 0.000008 0.003963
0 0 0.971853 0.019639 0.003793 0.000001 0.004713
0 0 0.993514 0.002091 0.004142 0.000008 0.000246
0 0 0.979083 0.014757 0.002682 0.000001 0.003477
0 0 0.991580 0.007020 0.000749 0.000000 0.000651
0 0 0.962764 0.026255 0.004054 0.000000 0.006927
0 0 0.970143 0.004983 0.002252 0.000001 0.022622
0 0 0.996661 0.000523 0.002614 0.000034 0.000169
0 0 0.999337 0.000203 0.000321 0.000000 0.000139
0 0 0.976553 0.007531 0.002828 0.000020 0.013068
0 0 0.890174 0.025297 0.014526 0.001420 0.068584
0 0 0.989105 0.002938 0.001056 0.000004 0.006897
0 0 0.979160 0.006260 0.002385 0.000017 0.012178
0 0 0.974629 0.006871 0.004628 0.000118 0.013754
0 0 0.679531 0.095443 0.214159 0.006812 0.004055
0 0 0.990694 0.003036 0.000967 0.000002 0.005301
0 0 0.985084 0.002501 0.001562 0.000036 0.010816
0 0 0.998255 0.000305 0.000095 0.000000 0.001345
0 0 0.998170 0.000988 0.000375 0.000000 0.000467
0 0 0.994016 0.003745 0.001362 0.000000 0.000877
0 0 0.996328 0.002458 0.000660 0.000000 0.000554
0 0 0.996803 0.002088 0.000756 0.000000 0.000353
0 0 0.999038 0.000505 0.000344 0.000000 0.000114
0 0 0.991061 0.002945 0.000927 0.000002 0.005065
0 0 0.998770 0.000498 0.000334 0.000000 0.000398
0 0 0.997716 0.000270 0.000169 0.000001 0.001845
0 0 0.999460 0.000187 0.000090 0.000000 0.000264
0 0 0.936174 0.043003 0.010643 0.000008 0.010172
0 0 0.988817 0.005734 0.001397 0.000001 0.004051
0 0 0.996120 0.002258 0.000413 0.000000 0.001209
0 0 0.990975 0.007184 0.000894 0.000000 0.000947
0 0 0.988388 0.006000 0.001461 0.000001 0.004151
0 0 0.961637 0.019773 0.009834 0.000052 0.008704
0 0 0.992676 0.004476 0.000857 0.000000 0.001991
0 0 0.963156 0.027804 0.004535 0.000000 0.004505
0 0 0.993132 0.005620 0.000623 0.000000 0.000625
0 0 0.980520 0.010824 0.005216 0.000010 0.003431
0 0 0.995136 0.002687 0.000536 0.000000 0.001641
0 0 0.764449 0.211640 0.020600 0.000001 0.003310
0 0 0.984815 0.008328 0.002740 0.000003 0.004115
0 0 0.986733 0.008488 0.001679 0.000000 0.003100
0 0 0.995584 0.000287 0.000144 0.000001 0.003984
0 0 0.848000 0.002640 0.048654 0.099109 0.001597
0 0 0.997302 0.000880 0.000227 0.000000 0.001590
0 0 0.948797 0.032273 0.007939 0.000012 0.010979
0 0 0.967013 0.006804 0.003730 0.000081 0.022372
0 0 0.948739 0.013891 0.008455 0.000355 0.028560
0 0 0.999849 0.000007 0.000131 0.000003 0.000010
0 0 0.999963 0.000007 0.000026 0.000000 0.000004
0 0 0.996663 0.001310 0.000487 0.000000 0.001539
0 0 0.992498 0.002080 0.002717 0.000049 0.002656
0 0 0.999270 0.000152 0.000358 0.000002 0.000218
0 0 0.999377 0.000160 0.000398 0.000001 0.000065
0 0 0.999153 0.000122 0.000071 0.000000 0.000655
0 0 0.998693 0.000294 0.000280 0.000001 0.000732
0 0 0.989684 0.002812 0.001026 0.000001 0.006477
0 1 0.992063 0.003302 0.002664 0.000010 0.001960
2 1 0.034357 0.313686 0.606685 0.000514 0.044757
2 0 0.025161 0.290527 0.606901 0.000459 0.076951
1 1 0.065354 0.612006 0.234293 0.000003 0.088343
1 2 0.051964 0.479249 0.419149 0.000124 0.049514
1 2 0.021794 0.499459 0.254414 0.000031 0.224302
1 2 0.013266 0.489642 0.256152 0.000003 0.240938
2 2 0.012546 0.394156 0.504872 0.000036 0.088390
2 0 0.245508 0.279637 0.282362 0.000244 0.192249
0 0 0.995748 0.003191 0.000412 0.000000 0.000650
0 0 0.993228 0.002327 0.001966 0.000013 0.002466
0 0 0.986021 0.003011 0.009024 0.000382 0.001561
0 4 0.991164 0.003459 0.002812 0.000015 0.002549
1 4 0.014705 0.441428 0.346235 0.000003 0.197629
2 4 0.013648 0.340390 0.565701 0.001082 0.079179
2 4 0.003444 0.120495 0.869669 0.000209 0.006183
2 2 0.011391 0.316041 0.629172 0.000087 0.043309
2 2 0.001840 0.137998 0.832065 0.000940 0.027157
2 2 0.003910 0.094461 0.893548 0.004087 0.003995
2 2 0.000001 0.000301 0.998066 0.001631 0.000000
2 2 0.000047 0.001172 0.988858 0.009909 0.000014
2 2 0.000984 0.034398 0.957482 0.006367 0.000769
2 2 0.000001 0.000871 0.990619 0.008496 0.000012
2 2 0.000017 0.004368 0.993561 0.001966 0.000087
2 2 0.000002 0.000932 0.998344 0.000716 0.000006
2 2 0.000005 0.001675 0.985429 0.012809 0.000082
2 2 0.000001 0.000860 0.995111 0.003973 0.000055
2 2 0.000002 0.001141 0.992088 0.006751 0.000018
2 2 0.000001 0.000648 0.981909 0.017434 0.000009
2 2 0.000002 0.000719 0.923146 0.076003 0.000130
2 2 0.000013 0.007553 0.977281 0.014102 0.001051
2 2 0.000229 0.002120 0.779192 0.218437 0.000023
3 2 0.000003 0.000163 0.134480 0.865350 0.000004
2 2 0.000011 0.001527 0.722107 0.276337 0.000019
3 2 0.000001 0.000237 0.333144 0.666614 0.000005
0 2 0.726366 0.119995 0.056359 0.003722 0.093557
2 2 0.064655 0.159622 0.633390 0.121753 0.020580
2 2 0.005658 0.105052 0.875137 0.009784 0.004369
2 2 0.075738 0.146687 0.770682 0.001177 0.005716
2 2 0.006691 0.100401 0.881251 0.008636 0.003021
2 2 0.003464 0.049092 0.946111 0.000929 0.000404
2 2 0.000434 0.012448 0.964602 0.022409 0.000108
2 2 0.000117 0.002761 0.968242 0.028815 0.000065
2 2 0.000215 0.006048 0.989449 0.004273 0.000015
2 2 0.000060 0.002126 0.957927 0.039883 0.000004
2 2 0.000145 0.002054 0.679499 0.318293 0.000010
3 3 0.000190 0.001110 0.403186 0.595481 0.000033
2 0 0.000898 0.003363 0.832966 0.162318 0.000455
2 0 0.021341 0.058129 0.909638 0.009656 0.001236
0 0 0.996659 0.001199 0.000497 0.000001 0.001644
0 1 0.996525 0.001592 0.000350 0.000000 0.001532
1 1 0.062198 0.526822 0.344787 0.000098 0.066095
2 1 0.002171 0.138854 0.841399 0.000220 0.017356
2 1 0.064082 0.331827 0.592028 0.000939 0.011122
2 1 0.001969 0.140747 0.830173 0.000848 0.026263
2 2 0.000858 0.032113 0.965530 0.000984 0.000515
2 2 0.000271 0.008730 0.988489 0.001998 0.000513
2 2 0.000010 0.002619 0.996204 0.001138 0.000030
2 2 0.000038 0.008081 0.991414 0.000288 0.000180
2 2 0.000052 0.003159 0.991165 0.005615 0.000010
2 2 0.000160 0.019604 0.977963 0.001488 0.000784
2 2 0.000011 0.001822 0.917665 0.080483 0.000020
2 2 0.000068 0.001433 0.798966 0.199526 0.000008
2 2 0.000837 0.019942 0.947809 0.031196 0.000216
2 2 0.000795 0.025785 0.960873 0.012111 0.000435
2 2 0.000011 0.002675 0.994658 0.002624 0.000031
2 2 0.000010 0.001106 0.912077 0.086803 0.000004
2 2 0.000041 0.002485 0.963318 0.034147 0.000009
2 2 0.000134 0.004708 0.933020 0.062117 0.000020
2 2 0.000066 0.003489 0.674181 0.322229 0.000035
2 3 0.000001 0.000172 0.933847 0.065979 0.000001
2 3 0.000011 0.000523 0.744768 0.254694 0.000004
3 3 0.000182 0.002253 0.347196 0.650325 0.000043
2 3 0.000000 0.000191 0.883791 0.116017 0.000001
3 3 0.000000 0.000173 0.414172 0.585653 0.000002
3 3 0.000000 0.000061 0.104779 0.895160 0.000001
3 3 0.000002 0.000026 0.079902 0.920069 0.000001
2 3 0.000013 0.001904 0.812540 0.185518 0.000024
2 3 0.000041 0.005050 0.768997 0.225751 0.000162
3 3 0.000001 0.000186 0.235279 0.764533 0.000001
2 3 0.000021 0.001384 0.976839 0.021753 0.000003
2 3 0.000050 0.001440 0.855197 0.143304 0.000008
2 3 0.000004 0.000477 0.977694 0.021824 0.000001
2 3 0.000332 0.006187 0.915121 0.078096 0.000264
3 3 0.000001 0.000269 0.482458 0.517266 0.000006
2 3 0.000000 0.000247 0.775472 0.224277 0.000004
2 3 0.000001 0.000442 0.565099 0.434452 0.000005
3 3 0.000029 0.000191 0.059775 0.939983 0.000022
3 3 0.000003 0.000025 0.025981 0.973981 0.000010
3 3 0.000010 0.000384 0.208986 0.790497 0.000122
3 3 0.000004 0.000034 0.066759 0.933198 0.000005
3 3 0.000001 0.000116 0.092799 0.907082 0.000002
3 3 0.000000 0.000011 0.071765 0.928223 0.000000
3 3 0.000008 0.000086 0.149542 0.850356 0.000009
3 3 0.000003 0.000255 0.391011 0.608663 0.000068
2 2 0.000109 0.006073 0.910630 0.083125 0.000063
2 2 0.000994 0.031514 0.786314 0.179870 0.001309
2 3 0.000300 0.007788 0.652941 0.338765 0.000206
2 3 0.000017 0.001786 0.717200 0.280979 0.000018
2 3 0.000020 0.002348 0.963427 0.034188 0.000017
3 3 0.000014 0.001186 0.451949 0.546839 0.000012
2 3 0.000013 0.003301 0.844237 0.152321 0.000128
3 3 0.000530 0.008962 0.305201 0.683863 0.001445
3 3 0.000001 0.000249 0.216608 0.783138 0.000004
3 3 0.000001 0.000066 0.193653 0.806280 0.000000
3 3 0.000001 0.000133 0.495573 0.504293 0.000000
3 3 0.000000 0.000001 0.008797 0.991202 0.000000
2 3 0.000098 0.009107 0.728525 0.261143 0.001127
2 3 0.000003 0.000908 0.720338 0.278566 0.000185
3 3 0.000005 0.000183 0.105511 0.894287 0.000014
3 3 0.000007 0.000377 0.202191 0.797391 0.000035
3 3 0.000000 0.000004 0.013112 0.986883 0.000001
3 3 0.000009 0.000048 0.032841 0.967079 0.000023
3 3 0.000107 0.000346 0.062133 0.937316 0.000098
2 3 0.007355 0.029328 0.694983 0.266886 0.001448
3 3 0.000000 0.000006 0.020363 0.979630 0.000000
3 3 0.000002 0.000054 0.054038 0.945901 0.000005
3 3 0.000680 0.006120 0.350760 0.642324 0.000117
2 3 0.002055 0.013373 0.624226 0.357354 0.002991
3 3 0.000007 0.000818 0.362175 0.636989 0.000011
3 3 0.000003 0.000006 0.007039 0.992950 0.000002
3 3 0.000036 0.000123 0.068023 0.931793 0.000024
3 3 0.000001 0.000008 0.008521 0.991469 0.000001
3 3 0.000002 0.000036 0.066597 0.933363 0.000002
3 3 0.000128 0.000198 0.041781 0.957863 0.000030
3 3 0.000076 0.000127 0.127094 0.872684 0.000018
3 3 0.000008 0.000136 0.085387 0.914435 0.000033
3 3 0.000023 0.000015 0.016351 0.983598 0.000013
3 3 0.000004 0.000013 0.019735 0.980242 0.000007
3 3 0.000005 0.000071 0.073339 0.926559 0.000026
3 3 0.000033 0.000320 0.473743 0.525777 0.000127
3 3 0.000006 0.000047 0.021412 0.978524 0.000010
3 3 0.000123 0.000526 0.088789 0.910487 0.000075
3 3 0.000014 0.000720 0.144747 0.854508 0.000010
3 3 0.000205 0.000704 0.062270 0.936478 0.000344
3 3 0.000002 0.000131 0.107817 0.892037 0.000014
3 3 0.000124 0.000832 0.200889 0.798047 0.000109
3 3 0.000079 0.000216 0.069994 0.929642 0.000070
3 3 0.000001 0.000010 0.012562 0.987426 0.000001
3 3 0.000011 0.000375 0.184287 0.815305 0.000023
3 3 0.000015 0.000342 0.055700 0.943931 0.000013
3 3 0.000001 0.000053 0.112784 0.887159 0.000002
3 3 0.000003 0.000026 0.026819 0.973151 0.000001
3 3 0.000015 0.000335 0.109634 0.889934 0.000082
3 2 0.000020 0.000510 0.131894 0.867452 0.000125
2 2 0.030885 0.085341 0.867530 0.011856 0.004388
0 2 0.778313 0.109489 0.087398 0.002581 0.022219
2 3 0.170168 0.290008 0.515992 0.004232 0.019601
2 2 0.017705 0.098125 0.841459 0.032416 0.010295
2 2 0.001441 0.042578 0.918322 0.036263 0.001396
2 2 0.001591 0.092222 0.893703 0.002714 0.009770
2 2 0.000418 0.026736 0.853651 0.117427 0.001768
2 2 0.000135 0.013742 0.981828 0.003933 0.000362
2 2 0.000021 0.014166 0.981603 0.001360 0.002850
2 2 0.001321 0.076218 0.883380 0.002302 0.036779
2 2 0.000250 0.073777 0.891582 0.000857 0.033534
2 4 0.000023 0.011083 0.986530 0.001200 0.001163
2 4 0.000766 0.104887 0.852071 0.001572 0.040703
2 4 0.000127 0.055282 0.919692 0.000396 0.024503
2 4 0.001792 0.124314 0.683221 0.000019 0.190655
2 4 0.000035 0.015672 0.982218 0.000067 0.002007
2 2 0.015505 0.290529 0.434909 0.000154 0.258903
2 0 0.000350 0.125089 0.789678 0.000043 0.084840
2 0 0.022186 0.092935 0.755331 0.027714 0.101833
2 4 0.000556 0.081368 0.894769 0.000088 0.023219
2 4 0.000293 0.071666 0.908578 0.000210 0.019253
2 4 0.003126 0.297451 0.546549 0.000025 0.152850
2 4 0.009429 0.119747 0.828514 0.001737 0.040573
2 4 0.019397 0.172173 0.758197 0.001363 0.048870
4 4 0.008171 0.099135 0.153535 0.000467 0.738691
4 4 0.013164 0.233164 0.344380 0.000038 0.409254
4 0 0.067172 0.033609 0.011700 0.000008 0.887511
0 0 0.859622 0.022827 0.009518 0.000069 0.107964
1 1 0.141073 0.424319 0.161573 0.000568 0.272467
2 1 0.004834 0.205053 0.743164 0.000015 0.046935
2 1 0.000516 0.032469 0.922248 0.040303 0.004464
2 2 0.000085 0.023529 0.973366 0.000545 0.002475
2 2 0.000015 0.007975 0.991535 0.000073 0.000402
2 2 0.000012 0.011392 0.986766 0.000117 0.001712
2 2 0.003146 0.226788 0.714626 0.000074 0.055366
2 2 0.005669 0.050875 0.939588 0.001083 0.002786
2 2 0.000175 0.033904 0.958961 0.002397 0.004564
2 2 0.000724 0.044921 0.952737 0.000202 0.001416
2 2 0.000255 0.014660 0.984857 0.000115 0.000113
2 2 0.000276 0.023742 0.974357 0.000916 0.000708
2 2 0.004298 0.121517 0.850168 0.012670 0.011346
2 2 0.013292 0.144643 0.826001 0.011115 0.004950
2 -1 0.000962 0.068437 0.926283 0.000212 0.004107
2 1 0.000462 0.041670 0.956269 0.000067 0.001533
0 0 0.966738 0.018067 0.004954 0.000000 0.010241
2 0 0.420335 0.095437 0.466301 0.005616 0.012312
2 0 0.088902 0.030289 0.813691 0.062585 0.004533
0 0 0.872784 0.077934 0.033030 0.000025 0.016228
0 1 0.902364 0.062162 0.014921 0.000020 0.020533
2 1 0.053250 0.293320 0.648107 0.000008 0.005314
2 2 0.008049 0.149075 0.833624 0.002088 0.007164
2 0 0.035413 0.177510 0.781715 0.001332 0.004029
0 0 0.930144 0.035951 0.016986 0.000076 0.016843
0 0 0.857186 0.065729 0.066597 0.001154 0.009334
0 1 0.658461 0.223599 0.050883 0.000054 0.067002
1 1 0.351051 0.391821 0.059381 0.000003 0.197743
1 2 0.177099 0.551653 0.244896 0.000020 0.026332
2 1 0.046540 0.225844 0.723636 0.000587 0.003394
2 1 0.003866 0.053054 0.927451 0.014870 0.000759
2 2 0.011330 0.084753 0.900339 0.002820 0.000759
0 2 0.386673 0.246169 0.347815 0.003925 0.015418
2 0 0.143195 0.283901 0.568121 0.001168 0.003615
0 0 0.744360 0.152558 0.071736 0.001004 0.030342
0 0 0.854735 0.078496 0.057672 0.000446 0.008651
0 0 0.822376 0.026520 0.008369 0.000008 0.142727
0 0 0.993742 0.001347 0.001290 0.000021 0.003599
0 0 0.980452 0.014634 0.002344 0.000000 0.002569
0 0 0.997290 0.000821 0.000220 0.000000 0.001669
0 0 0.938070 0.026851 0.009836 0.000100 0.025143
0 0 0.557823 0.364915 0.055855 0.000001 0.021406
2 0 0.336041 0.273620 0.368394 0.002020 0.019925
2 0 0.100111 0.195600 0.664447 0.000658 0.039184
2 1 0.009245 0.145051 0.841295 0.000360 0.004050
2 1 0.000945 0.047288 0.945699 0.003991 0.002077
2 1 0.007550 0.151601 0.835678 0.000139 0.005032
2 2 0.003996 0.311725 0.608387 0.000002 0.075890
2 2 0.000525 0.045143 0.951580 0.000402 0.002350
2 2 0.001228 0.037983 0.951421 0.008502 0.000866
2 1 0.009274 0.193341 0.778433 0.002824 0.016128
2 2 0.003400 0.173580 0.769178 0.008688 0.045153
2 2 0.000607 0.064345 0.918743 0.005912 0.010393
2 1 0.000873 0.118431 0.856649 0.000068 0.023980
2 1 0.001140 0.043180 0.950326 0.004102 0.001251
2 1 0.002034 0.069226 0.926171 0.000493 0.002076
2 1 0.096138 0.366240 0.522655 0.002122 0.012845
2 1 0.011450 0.112892 0.873035 0.000994 0.001628
2 2 0.000587 0.030245 0.890066 0.077533 0.001569
2 2 0.006086 0.153635 0.830782 0.000617 0.008880
2 2 0.003228 0.105992 0.877649 0.005406 0.007726
2 2 0.000687 0.066645 0.921249 0.002681 0.008738
2 2 0.000001 0.000970 0.997884 0.001122 0.000023
2 2 0.000002 0.002968 0.990426 0.006264 0.000340
2 2 0.000187 0.042957 0.952046 0.000059 0.004751
2 0 0.000123 0.020073 0.978830 0.000178 0.000797
2 0 0.212058 0.194789 0.586759 0.000477 0.005918
0 0 0.998730 0.000578 0.000092 0.000000 0.000600
0 0 0.737023 0.189017 0.030885 0.000004 0.043072
4 1 0.268054 0.099299 0.035984 0.000096 0.596568
1 1 0.183299 0.506053 0.295065 0.000023 0.015560
1 1 0.181823 0.478395 0.173849 0.000034 0.165898
2 2 0.069808 0.350972 0.566049 0.000790 0.012380
2 0 0.027888 0.294235 0.668845 0.000024 0.009008
0 1 0.631714 0.317830 0.042360 0.000008 0.008089
2 0 0.088692 0.370718 0.534790 0.000013 0.005788
0 1 0.725729 0.224078 0.045877 0.000009 0.004307
0 1 0.837930 0.113829 0.044468 0.000029 0.003743
2 2 0.096679 0.293858 0.604051 0.000768 0.004644
2 2 0.082406 0.196309 0.720237 0.000158 0.000890
2 2 0.006946 0.065309 0.911988 0.014757 0.001001
2 2 0.056930 0.149172 0.790658 0.001070 0.002170
2 1 0.067062 0.287266 0.622627 0.013088 0.009957
2 2 0.050937 0.192649 0.749133 0.004742 0.002540
2 1 0.072887 0.272414 0.648810 0.001159 0.004730
2 2 0.029284 0.096477 0.850612 0.020237 0.003390
2 2 0.000755 0.016572 0.977274 0.005304 0.000095
2 0 0.060384 0.058716 0.880300 0.000433 0.000167
0 0 0.888945 0.068801 0.029709 0.000127 0.012418
0 0 0.897027 0.087703 0.011405 0.000001 0.003864
0 0 0.942920 0.020331 0.004711 0.000001 0.032036
0 0 0.980515 0.011915 0.002550 0.000000 0.005020
2 0 0.019847 0.258166 0.704643 0.000192 0.017152
2 1 0.000806 0.023778 0.972883 0.001966 0.000567
2 2 0.008087 0.247077 0.665275 0.013502 0.066058
2 2 0.000018 0.005090 0.991473 0.003274 0.000144
2 2 0.000053 0.007957 0.986982 0.004819 0.000189
2 2 0.000234 0.020837 0.978052 0.000391 0.000486
2 1 0.001466 0.084982 0.903770 0.002070 0.007712
2 1 0.000672 0.058091 0.938825 0.000020 0.002392
2 1 0.000165 0.017762 0.974482 0.006868 0.000723
2 2 0.000053 0.006137 0.978322 0.015386 0.000102
2 2 0.000093 0.012013 0.986582 0.001030 0.000282
2 1 0.000206 0.022454 0.971838 0.004399 0.001103
2 1 0.000070 0.017958 0.963428 0.016145 0.002399
2 1 0.001130 0.096866 0.887055 0.000884 0.014064
2 1 0.000220 0.041806 0.948140 0.002692 0.007141
2 1 0.002413 0.141974 0.828534 0.002039 0.025039
2 1 0.106775 0.370089 0.489745 0.003275 0.030116
2 1 0.002053 0.117075 0.871494 0.000121 0.009256
2 1 0.000892 0.053336 0.941427 0.001554 0.002791
2 2 0.000036 0.006692 0.990845 0.002279 0.000148
2 2 0.000041 0.005780 0.974396 0.019663 0.000120
2 2 0.000029 0.003514 0.937912 0.058500 0.000046
2 2 0.000042 0.011921 0.980095 0.006976 0.000966
2 2 0.000592 0.067544 0.924370 0.000274 0.007220
2 2 0.000105 0.015151 0.974004 0.009954 0.000786
2 2 0.000034 0.005149 0.991808 0.002937 0.000071
2 2 0.000644 0.030305 0.962237 0.005994 0.000820
2 2 0.001428 0.031294 0.949823 0.017013 0.000442
2 2 0.000018 0.005431 0.894544 0.099636 0.000370
2 2 0.000053 0.005173 0.874298 0.120379 0.000097
2 2 0.001874 0.024242 0.920461 0.051135 0.002288
2 2 0.000093 0.004396 0.829840 0.165611 0.000060
2 2 0.000018 0.005306 0.992689 0.001833 0.000154
2 2 0.000016 0.002474 0.917999 0.079478 0.000032
2 2 0.001050 0.057738 0.931953 0.005502 0.003758
2 2 0.000489 0.017567 0.960379 0.021319 0.000246
2 0 0.001653 0.020826 0.962738 0.014582 0.000201
2 0 0.207322 0.248574 0.542251 0.000663 0.001189
0 0 0.850100 0.068192 0.076051 0.000151 0.005507
1 4 0.363947 0.455393 0.148851 0.000223 0.031586
2 2 0.089817 0.290383 0.601468 0.007051 0.011282
2 0 0.008112 0.080737 0.907856 0.002377 0.000918
0 0 0.745698 0.174058 0.080073 0.000000 0.000170
0 0 0.624316 0.297382 0.058682 0.000075 0.019546
0 1 0.621047 0.315953 0.050622 0.000023 0.012354
1 1 0.152167 0.425148 0.397128 0.001473 0.024084
0 2 0.542948 0.241514 0.118388 0.004017 0.093134
2 2 0.195110 0.305551 0.468881 0.003149 0.027309
2 2 0.029705 0.372212 0.570480 0.000096 0.027508
2 2 0.016885 0.220335 0.756621 0.000044 0.006114
2 2 0.003997 0.046213 0.938646 0.010707 0.000437
2 2 0.066080 0.076059 0.842518 0.013070 0.002273
2 2 0.010763 0.067149 0.921397 0.000425 0.000266
2 2 0.073010 0.185211 0.735848 0.002426 0.003506
2 2 0.001413 0.129223 0.851657 0.000056 0.017651
2 2 0.020371 0.167545 0.807470 0.000735 0.003879
2 2 0.006020 0.080591 0.907927 0.004047 0.001415
2 2 0.053995 0.126729 0.814683 0.003779 0.000814
1 2 0.232235 0.430189 0.330891 0.000037 0.006648
2 2 0.100135 0.258654 0.638852 0.000231 0.002128
2 2 0.006977 0.087111 0.897669 0.006553 0.001690
2 2 0.026578 0.156177 0.812741 0.002310 0.002193
2 2 0.000783 0.018287 0.975432 0.005373 0.000125
2 2 0.004187 0.030547 0.959985 0.005188 0.000094
2 2 0.020090 0.229791 0.741313 0.000362 0.008444
2 2 0.011490 0.090520 0.896938 0.000396 0.000655
2 2 0.007978 0.061027 0.927831 0.002782 0.000383
2 2 0.044534 0.121488 0.830573 0.002859 0.000547
2 2 0.002095 0.048221 0.938103 0.010178 0.001403
2 2 0.010263 0.047253 0.938625 0.003147 0.000713
2 2 0.025463 0.254767 0.707653 0.000935 0.011182
2 2 0.012957 0.102657 0.841418 0.038976 0.003992
2 2 0.000344 0.008790 0.974084 0.016744 0.000038
2 2 0.004645 0.050395 0.935844 0.008646 0.000469
2 2 0.001916 0.025094 0.957929 0.014912 0.000150
2 2 0.000223 0.007694 0.984369 0.007678 0.000035
2 2 0.010437 0.141129 0.842078 0.001979 0.004377
2 2 0.005029 0.072737 0.916656 0.004316 0.001262
2 2 0.000792 0.037079 0.954545 0.006323 0.001260
2 2 0.000641 0.027428 0.934204 0.036543 0.001184
2 2 0.002477 0.013083 0.867042 0.117112 0.000286
2 2 0.004416 0.030219 0.932630 0.031124 0.001612
2 2 0.000383 0.017655 0.950283 0.031318 0.000360
2 2 0.000261 0.010263 0.986833 0.002581 0.000061
2 0 0.035796 0.141279 0.822504 0.000008 0.000413
0 0 0.925666 0.060786 0.008923 0.000001 0.004624
0 0 0.994150 0.001716 0.000533 0.000001 0.003601
0 0 0.938575 0.005413 0.003129 0.000113 0.052769
0 0 0.810616 0.098642 0.021406 0.000008 0.069328
0 0 0.665484 0.244939 0.057418 0.000014 0.032144
0 0 0.987873 0.007059 0.001542 0.000001 0.003525
0 0 0.970500 0.006525 0.003035 0.000060 0.019881
0 0 0.965001 0.009881 0.008996 0.000397 0.015725
0 0 0.620324 0.053442 0.019908 0.000013 0.306313
0 0 0.854914 0.046256 0.040606 0.000800 0.057424
0 0 0.974678 0.005301 0.014757 0.001410 0.003854
0 0 0.913913 0.028485 0.010193 0.000058 0.047351
0 0 0.990914 0.006278 0.001050 0.000000 0.001758
0 0 0.970439 0.008652 0.003815 0.000050 0.017044
0 0 0.943973 0.037273 0.008578 0.000009 0.010167
0 0 0.676438 0.106863 0.216021 0.000009 0.000670
0 0 0.996520 0.003045 0.000270 0.000000 0.000165
0 0 0.998046 0.000098 0.000046 0.000000 0.001810
0 0 0.996423 0.001165 0.000316 0.000000 0.002096
0 0 0.973830 0.008055 0.003151 0.000028 0.014936
0 0 0.995037 0.002190 0.001948 0.000004 0.000823
0 0 0.984052 0.001536 0.000651 0.000003 0.013758
0 0 0.960377 0.007618 0.007540 0.000570 0.023896
0 0 0.666020 0.029774 0.014185 0.000074 0.289948
0 0 0.614523 0.006948 0.002049 0.000000 0.376479
0 0 0.961363 0.004519 0.021245 0.008142 0.004730
0 0 0.975138 0.004862 0.002829 0.000081 0.017090
0 0 0.900417 0.040658 0.012026 0.000025 0.046874
0 0 0.926900 0.035291 0.020337 0.000052 0.017420
0 0 0.975813 0.006429 0.009394 0.000227 0.008137
0 0 0.923477 0.023231 0.017641 0.000009 0.035642
0 0 0.936731 0.013261 0.046101 0.002029 0.001877
0 0 0.976779 0.009744 0.004466 0.000027 0.008984
0 0 0.818048 0.017925 0.007385 0.000030 0.156612
0 0 0.803069 0.095080 0.060888 0.000027 0.040937
0 0 0.657826 0.141182 0.032531 0.000004 0.168457
4 0 0.234589 0.310598 0.059150 0.000003 0.395659
0 4 0.612640 0.049373 0.029317 0.000049 0.308621
4 4 0.458439 0.013043 0.005508 0.000009 0.523002
4 4 0.016847 0.010387 0.005951 0.000047 0.966767
4 4 0.025831 0.005600 0.002729 0.000004 0.965836
4 4 0.236184 0.017768 0.020672 0.035113 0.690263
4 4 0.136120 0.024316 0.016622 0.000876 0.822067
0 4 0.597565 0.074838 0.019923 0.000008 0.307666
4 4 0.143611 0.045324 0.021946 0.000068 0.789051
4 4 0.171239 0.044520 0.017331 0.000033 0.766876
4 0 0.059768 0.013681 0.010847 0.000951 0.914753
0 0 0.822548 0.041003 0.083318 0.000321 0.052810
0 4 0.975655 0.004663 0.012032 0.000173 0.007478
4 4 0.027718 0.051334 0.023637 0.000156 0.897155
4 4 0.058554 0.003440 0.003864 0.001188 0.932954
4 4 0.284749 0.028104 0.011812 0.000028 0.675306
4 4 0.265027 0.008486 0.005124 0.000053 0.721310
4 4 0.375462 0.010365 0.007314 0.000289 0.606570
4 4 0.079731 0.215915 0.088642 0.000044 0.615668
4 4 0.051883 0.010113 0.005560 0.000031 0.932413
4 0 0.100412 0.083785 0.030953 0.000070 0.784780
1 4 0.062466 0.525805 0.122227 0.000111 0.289391
2 0 0.014994 0.115911 0.656112 0.009267 0.203716
0 4 0.771787 0.086444 0.025230 0.000045 0.116494
4 0 0.136639 0.358431 0.061253 0.000004 0.443673
0 0 0.751317 0.066708 0.011644 0.000000 0.170331
0 0 0.990822 0.006398 0.001192 0.000000 0.001587
0 0 0.945725 0.031891 0.018928 0.000029 0.003426
0 0 0.621353 0.094736 0.281971 0.000218 0.001722
2 0 0.344460 0.240185 0.395466 0.000229 0.019660
0 0 0.991431 0.002376 0.005504 0.000048 0.000641
0 0 0.552858 0.139518 0.279487 0.008066 0.020071
2 0 0.307718 0.253034 0.406177 0.012905 0.020167
0 0 0.752290 0.138311 0.069347 0.000420 0.039631
0 1 0.835819 0.125451 0.023429 0.000012 0.015289
1 1 0.368909 0.489483 0.065870 0.000003 0.075735
1 1 0.102001 0.621583 0.224282 0.000002 0.052132
1 1 0.210357 0.571046 0.135670 0.000369 0.082558
1 1 0.089806 0.601982 0.169730 0.000046 0.138437
2 1 0.019500 0.416716 0.462006 0.000293 0.101484
2 2 0.008241 0.256853 0.701510 0.000212 0.033184
2 2 0.000539 0.085301 0.896798 0.000231 0.017130
1 2 0.006361 0.397279 0.324496 0.000010 0.271854
2 2 0.019142 0.344319 0.601157 0.000127 0.035255
2 2 0.057576 0.349493 0.583989 0.000045 0.008897
2 2 0.006392 0.160845 0.821359 0.000884 0.010520
2 2 0.002237 0.072875 0.922023 0.000053 0.002811
2 2 0.118039 0.417894 0.437997 0.004330 0.021740
2 2 0.012993 0.123769 0.858369 0.002593 0.002277
2 2 0.002348 0.037546 0.958722 0.001112 0.000271
2 2 0.370710 0.188489 0.432251 0.002352 0.006199
2 0 0.000311 0.006271 0.992081 0.001328 0.000009
2 0 0.000498 0.001475 0.988613 0.009411 0.000003
0 0 0.987618 0.006738 0.001581 0.000001 0.004063
0 0 0.996829 0.001547 0.000320 0.000000 0.001303
0 1 0.931845 0.026355 0.007773 0.000014 0.034012
0 1 0.770404 0.066076 0.013644 0.000002 0.149875
4 1 0.025346 0.297060 0.256299 0.000198 0.421097
2 1 0.005076 0.262907 0.648571 0.000590 0.082856
2 1 0.007255 0.404448 0.426518 0.000006 0.161774
2 1 0.013298 0.404916 0.501743 0.000018 0.080025
2 1 0.004477 0.189725 0.784326 0.000168 0.021305
2 4 0.001723 0.199956 0.735481 0.000035 0.062804
2 4 0.004691 0.161381 0.822235 0.000181 0.011512
2 2 0.029589 0.284608 0.547128 0.000238 0.138437
2 4 0.000109 0.013790 0.981844 0.003795 0.000461
2 0 0.003304 0.121975 0.865483 0.000754 0.008483
0 1 0.688512 0.134497 0.169877 0.000107 0.007006
2 1 0.079588 0.406979 0.500704 0.000061 0.012668
2 1 0.001341 0.082203 0.911160 0.000204 0.005092
2 2 0.001258 0.035781 0.961595 0.000903 0.000462
2 2 0.000025 0.014934 0.979175 0.002756 0.003110
2 2 0.000023 0.010999 0.987207 0.000738 0.001034
2 2 0.000255 0.070237 0.907162 0.000254 0.022092
2 2 0.004771 0.280654 0.641232 0.000055 0.073288
2 2 0.000009 0.006270 0.990006 0.003110 0.000604
2 2 0.000076 0.025990 0.970747 0.000135 0.003053
2 2 0.000535 0.064807 0.926853 0.000357 0.007448
2 2 0.000210 0.074069 0.893141 0.000211 0.032369
2 2 0.000084 0.008693 0.967798 0.023226 0.000199
2 2 0.000034 0.010729 0.986667 0.001872 0.000698
2 2 0.000130 0.032627 0.964079 0.000075 0.003090
2 2 0.000121 0.042289 0.948594 0.000150 0.008845
2 2 0.000213 0.048023 0.936014 0.003493 0.012257
2 2 0.000038 0.010382 0.986600 0.002397 0.000583
2 2 0.000217 0.035918 0.941365 0.016362 0.006138
2 2 0.000076 0.014523 0.983297 0.001401 0.000702
2 2 0.000046 0.012307 0.985454 0.001456 0.000737
2 2 0.000332 0.017822 0.981180 0.000464 0.000202
2 2 0.000009 0.003052 0.972594 0.024255 0.000089
2 2 0.000062 0.004485 0.989516 0.005911 0.000026
2 2 0.000023 0.004049 0.991270 0.004601 0.000057
2 2 0.000014 0.003112 0.996090 0.000752 0.000032
2 2 0.000045 0.014314 0.982757 0.001628 0.001255
2 2 0.000368 0.036400 0.958061 0.002701 0.002471
2 2 0.001070 0.030583 0.963132 0.004766 0.000449
2 2 0.001564 0.066188 0.929871 0.000246 0.002131
2 2 0.000112 0.020031 0.973135 0.005120 0.001602
2 2 0.000160 0.048691 0.939757 0.000249 0.011144
2 2 0.000529 0.052347 0.939263 0.002556 0.005306
2 2 0.000169 0.045866 0.948032 0.000030 0.005905
2 2 0.000001 0.001007 0.854040 0.144905 0.000047
2 2 0.000187 0.038122 0.936569 0.016210 0.008912
2 2 0.000930 0.063173 0.927774 0.002903 0.005220
2 2 0.000510 0.058127 0.933999 0.000885 0.006479
2 2 0.000006 0.002518 0.984842 0.012559 0.000076
2 2 0.000031 0.006041 0.985702 0.008062 0.000165
2 2 0.000014 0.009813 0.983698 0.004719 0.001756
2 2 0.000080 0.011588 0.980995 0.006912 0.000426
2 2 0.000001 0.001080 0.986463 0.012431 0.000024
2 2 0.000008 0.008789 0.989436 0.000347 0.001419
2 2 0.000019 0.005914 0.981865 0.011919 0.000283
2 2 0.000017 0.005275 0.993180 0.001358 0.000170
2 2 0.000010 0.002433 0.913965 0.083536 0.000057
2 2 0.000169 0.015924 0.981534 0.001528 0.000845
2 2 0.000742 0.077158 0.893013 0.011787 0.017301
2 2 0.000040 0.006853 0.865098 0.126985 0.001025
2 2 0.000012 0.004774 0.963021 0.031889 0.000304
2 2 0.000008 0.002764 0.991438 0.005733 0.000056
2 2 0.000010 0.003331 0.990713 0.005862 0.000084
2 2 0.000006 0.001133 0.939925 0.058919 0.000016
2 2 0.000013 0.006533 0.947011 0.045648 0.000795
2 2 0.000100 0.015022 0.980831 0.003381 0.000667
2 2 0.000004 0.001431 0.913699 0.084838 0.000028
2 2 0.000008 0.002194 0.994722 0.003052 0.000024
2 1 0.000007 0.003155 0.985006 0.011714 0.000119
2 1 0.000375 0.026983 0.963560 0.007966 0.001116
2 0 0.002078 0.024378 0.960823 0.012347 0.000374
0 0 0.932692 0.030871 0.030204 0.000331 0.005902
0 0 0.945558 0.018309 0.007726 0.000139 0.028268
0 0 0.912854 0.025658 0.011664 0.000300 0.049524
0 0 0.993293 0.000664 0.000316 0.000003 0.005724
0 0 0.974806 0.014182 0.002307 0.000000 0.008704
1 1 0.145154 0.615104 0.104659 0.000022 0.135061
1 0 0.092688 0.622458 0.200297 0.000006 0.084551
0 0 0.763703 0.169538 0.041298 0.000115 0.025347
0 0 0.772129 0.123859 0.045893 0.000935 0.057185
0 0 0.981213 0.011602 0.002529 0.000001 0.004654
0 0 0.943308 0.023455 0.008757 0.000093 0.024388
0 0 0.940059 0.032711 0.009771 0.000038 0.017421
0 0 0.624723 0.216376 0.033843 0.000002 0.125057
0 1 0.448913 0.392755 0.060388 0.000005 0.097939
0 2 0.745990 0.166583 0.039336 0.000054 0.048037
1 2 0.034427 0.469174 0.443396 0.000026 0.052978
1 2 0.125734 0.578845 0.221246 0.000005 0.074169
2 2 0.051323 0.354199 0.561495 0.000075 0.032908
2 2 0.123776 0.191749 0.659099 0.001567 0.023809
1 2 0.052819 0.480749 0.352685 0.003700 0.110047
2 2 0.054154 0.393987 0.490169 0.000073 0.061616
1 2 0.084818 0.545282 0.268260 0.000007 0.101632
2 2 0.057223 0.394560 0.460992 0.000025 0.087200
2 2 0.004106 0.070674 0.924006 0.000311 0.000904
1 2 0.084236 0.460389 0.422292 0.000114 0.032970
2 2 0.006596 0.165144 0.822139 0.000031 0.006091
2 2 0.004655 0.086849 0.906896 0.000185 0.001415
2 2 0.012451 0.231004 0.746186 0.000045 0.010313
2 1 0.091604 0.232756 0.673310 0.000513 0.001817
0 1 0.640223 0.313162 0.039519 0.000005 0.007091
1 1 0.167177 0.474635 0.336883 0.000525 0.020779
2 1 0.023524 0.396321 0.471524 0.003495 0.105136
2 1 0.009306 0.350462 0.538423 0.000148 0.101661
2 1 0.008022 0.223327 0.749578 0.000147 0.018926
2 1 0.004640 0.146192 0.839208 0.000408 0.009552
2 1 0.045926 0.190035 0.595677 0.004535 0.163828
1 1 0.211001 0.421389 0.134502 0.000984 0.232124
2 1 0.001187 0.177819 0.728411 0.000212 0.092371
2 1 0.000033 0.025853 0.963660 0.000464 0.009990
2 2 0.000204 0.042212 0.945811 0.003410 0.008364
2 2 0.000284 0.051628 0.933193 0.003662 0.011233
2 2 0.004876 0.219826 0.743465 0.000131 0.031702
2 2 0.000418 0.041797 0.952888 0.001781 0.003116
2 1 0.002714 0.084072 0.893243 0.000350 0.019621
2 1 0.001180 0.092774 0.897096 0.000188 0.008762
2 2 0.001254 0.077725 0.915356 0.000439 0.005225
2 2 0.002671 0.114668 0.874548 0.000366 0.007747
2 2 0.000579 0.061370 0.931579 0.000485 0.005987
2 2 0.000217 0.055477 0.929799 0.000580 0.013927
2 2 0.000061 0.004141 0.985823 0.009952 0.000023
2 2 0.000036 0.003833 0.993120 0.002986 0.000026
2 2 0.001666 0.092427 0.899250 0.000321 0.006335
2 2 0.003682 0.105184 0.883165 0.002405 0.005563
2 2 0.000368 0.028849 0.968554 0.001222 0.001007
2 2 0.000284 0.022625 0.975961 0.000586 0.000544
2 2 0.000032 0.009890 0.981622 0.007695 0.000762
2 2 0.001666 0.117665 0.862650 0.000850 0.017170
2 2 0.000011 0.003856 0.991738 0.004282 0.000113
2 2 0.000035 0.013773 0.984801 0.000290 0.001100
2 2 0.000189 0.019984 0.978031 0.001140 0.000656
2 2 0.000345 0.041455 0.954305 0.000690 0.003205
2 2 0.000140 0.015698 0.982401 0.001326 0.000435
2 2 0.000797 0.095431 0.890346 0.000087 0.013339
2 2 0.001730 0.066585 0.917191 0.010666 0.003827
2 1 0.000160 0.013964 0.979719 0.005821 0.000336
2 2 0.000022 0.008977 0.990627 0.000038 0.000337
2 2 0.000100 0.030441 0.966008 0.000079 0.003372
2 2 0.000239 0.030130 0.968411 0.000068 0.001152
2 2 0.000043 0.011248 0.988292 0.000068 0.000349
2 2 0.000695 0.066470 0.913599 0.008603 0.010633
2 2 0.000324 0.015205 0.980483 0.003808 0.000181
2 2 0.000072 0.019673 0.978080 0.000513 0.001662
2 2 0.000103 0.024463 0.972414 0.000677 0.002343
2 2 0.000064 0.012035 0.977632 0.009611 0.000657
2 2 0.000001 0.001003 0.996150 0.002831 0.000015
2 2 0.000889 0.050090 0.940693 0.005458 0.002870
2 2 0.000042 0.013512 0.985722 0.000074 0.000650
2 2 0.000109 0.019611 0.979214 0.000201 0.000865
2 2 0.000098 0.047537 0.938316 0.000054 0.013996
2 2 0.000077 0.012980 0.984014 0.002405 0.000523
2 2 0.000762 0.033843 0.961899 0.002658 0.000838
2 2 0.000021 0.004395 0.988764 0.006733 0.000086
2 2 0.000074 0.008721 0.990822 0.000278 0.000106
2 1 0.000551 0.082017 0.899208 0.000637 0.017587
2 2 0.009969 0.212899 0.711197 0.000875 0.065060
2 2 0.000053 0.012056 0.980592 0.006537 0.000762
2 1 0.000169 0.017067 0.982004 0.000390 0.000370
2 2 0.003039 0.103498 0.884436 0.002423 0.006604
2 2 0.000082 0.020411 0.977396 0.000500 0.001611
2 2 0.000063 0.014655 0.974620 0.009410 0.001251
2 2 0.000263 0.038776 0.955883 0.001189 0.003889
2 2 0.000426 0.060787 0.928059 0.001104 0.009624
2 0 0.000027 0.008921 0.980081 0.010280 0.000691
0 0 0.754696 0.185394 0.039957 0.000062 0.019891
0 0 0.813522 0.123882 0.058237 0.000032 0.004327
0 0 0.995062 0.001861 0.000492 0.000000 0.002585
0 0 0.997160 0.000898 0.000238 0.000000 0.001704
1 1 0.073498 0.543914 0.291067 0.000314 0.091207
2 4 0.003885 0.190736 0.775727 0.000338 0.029314
4 4 0.096561 0.288320 0.244857 0.001055 0.369206
2 4 0.001833 0.215801 0.735461 0.000002 0.046902
4 4 0.043356 0.035168 0.031209 0.000695 0.889572
4 4 0.181679 0.055396 0.020154 0.000030 0.742741
4 0 0.051416 0.337799 0.102405 0.000027 0.508352
4 4 0.254389 0.233503 0.075944 0.000005 0.436159
4 4 0.037572 0.138867 0.046482 0.000078 0.777002
4 4 0.160237 0.030747 0.014837 0.000090 0.794089
4 4 0.362788 0.100002 0.034075 0.000067 0.503069
0 4 0.674433 0.108836 0.029646 0.000028 0.187057
0 4 0.690627 0.041917 0.016379 0.000067 0.251010
4 4 0.082418 0.010420 0.005469 0.000023 0.901670
4 4 0.155021 0.001095 0.001101 0.000066 0.842717
4 4 0.322154 0.004210 0.002909 0.000045 0.670681
4 4 0.111393 0.014268 0.010810 0.000729 0.862800
4 4 0.224558 0.007506 0.004517 0.000040 0.763378
4 4 0.357238 0.117703 0.027273 0.000004 0.497780
4 4 0.104831 0.040806 0.014304 0.000012 0.840046
4 4 0.177811 0.174755 0.041069 0.000009 0.606356
4 4 0.170819 0.088050 0.032355 0.000077 0.708699
4 4 0.078611 0.089386 0.043512 0.000523 0.787969
4 4 0.114727 0.039960 0.015405 0.000025 0.829884
4 4 0.028215 0.076294 0.038601 0.000686 0.856205
4 4 0.067176 0.082905 0.084308 0.021358 0.744253
4 4 0.023272 0.054271 0.026597 0.000283 0.895577
4 4 0.082508 0.016661 0.009437 0.000098 0.891296
4 4 0.089625 0.018477 0.014727 0.001725 0.875446
4 4 0.186412 0.033304 0.018566 0.000327 0.761390
4 4 0.006550 0.034182 0.021690 0.000190 0.937389
4 4 0.015379 0.089251 0.044097 0.000073 0.851199
4 4 0.010970 0.045680 0.024995 0.000434 0.917921
4 4 0.053883 0.029055 0.010459 0.000008 0.906595
4 4 0.015600 0.120032 0.052898 0.000566 0.810905
4 4 0.022739 0.015265 0.006408 0.000008 0.955580
4 4 0.064185 0.137199 0.042216 0.000043 0.756357
0 4 0.687170 0.105612 0.054329 0.000064 0.152826
4 4 0.072523 0.064618 0.015756 0.000002 0.847102
4 4 0.015313 0.016017 0.005515 0.000002 0.963153
4 4 0.321117 0.080556 0.027838 0.000046 0.570442
4 4 0.033483 0.009850 0.008381 0.000915 0.947371
4 4 0.212816 0.025524 0.007494 0.000001 0.754164
4 4 0.184544 0.032157 0.011103 0.000007 0.772188
4 4 0.036684 0.013745 0.003683 0.000000 0.945889
1 4 0.048875 0.461548 0.095194 0.000009 0.394375
4 4 0.005893 0.128722 0.113654 0.000154 0.751577
4 4 0.011160 0.123507 0.074526 0.000127 0.790679
4 4 0.055174 0.080644 0.037530 0.000392 0.826259
4 0 0.067262 0.031070 0.020817 0.001145 0.879705
4 4 0.014456 0.092108 0.026231 0.000001 0.867203
4 4 0.012159 0.252143 0.053519 0.000000 0.682179
4 4 0.012499 0.060862 0.033406 0.000049 0.893184
4 4 0.023352 0.006545 0.003005 0.000004 0.967095
4 4 0.057346 0.068305 0.028360 0.000117 0.845871
4 4 0.026576 0.071010 0.030812 0.000180 0.871422
4 4 0.024959 0.033858 0.020644 0.000650 0.919889
4 4 0.005061 0.010185 0.005893 0.000051 0.978810
4 4 0.241269 0.031026 0.017356 0.000308 0.710041
4 4 0.059605 0.089600 0.086566 0.003762 0.760467
4 4 0.008602 0.378964 0.223741 0.000097 0.388597
4 4 0.000621 0.191762 0.256082 0.000013 0.551522
4 4 0.116864 0.141968 0.047639 0.000093 0.693435
4 4 0.088757 0.041055 0.017360 0.000053 0.852776
4 4 0.171612 0.118800 0.097567 0.054147 0.557875
4 4 0.103527 0.069116 0.040514 0.001814 0.785028
4 4 0.021045 0.014569 0.010617 0.000563 0.953206
4 4 0.065566 0.013526 0.006898 0.000030 0.913980
4 4 0.139934 0.044197 0.019434 0.000084 0.796351
4 4 0.127467 0.019820 0.010540 0.000084 0.842089
4 4 0.383327 0.049524 0.042139 0.000066 0.524944
2 4 0.016600 0.169325 0.572158 0.000048 0.241868
4 4 0.278925 0.068154 0.050118 0.000252 0.602551
4 4 0.098416 0.146650 0.043135 0.000016 0.711784
0 4 0.673902 0.038312 0.034503 0.000241 0.253042
4 4 0.299252 0.106252 0.053277 0.000093 0.541126
0 4 0.696358 0.082548 0.012917 0.000000 0.208177
1 4 0.303754 0.311552 0.243783 0.000024 0.140888
4 4 0.244799 0.064961 0.024473 0.000036 0.665731
4 4 0.078956 0.304638 0.116583 0.000044 0.499780
2 4 0.007072 0.216640 0.391790 0.000198 0.384299
1 4 0.016513 0.485329 0.296472 0.000014 0.201672
