0 0 0.977743 0.011914 0.000060 0.000000 0.010283
1 0 0.315325 0.652588 0.017387 0.000000 0.014699
0 0 0.991921 0.004034 0.000177 0.000000 0.003869
0 0 0.998123 0.001093 0.000063 0.000000 0.000720
0 0 0.920174 0.053625 0.000360 0.000000 0.025840
0 0 0.911102 0.073130 0.000228 0.000000 0.015540
1 0 0.213898 0.704648 0.031102 0.000004 0.050348
1 1 0.283418 0.575117 0.030085 0.000001 0.111379
1 1 0.136926 0.500075 0.158468 0.000192 0.204339
1 1 0.077538 0.493050 0.111963 0.000021 0.317429
1 1 0.124133 0.750442 0.072612 0.000000 0.052814
0 1 0.484910 0.414804 0.064329 0.000001 0.035955
1 1 0.171020 0.629967 0.037382 0.000000 0.161631
1 1 0.038939 0.673881 0.073975 0.000000 0.213205
1 1 0.304462 0.531157 0.057468 0.000001 0.106912
1 1 0.012396 0.817436 0.059230 0.000000 0.110939
1 1 0.049062 0.727772 0.134443 0.000000 0.088723
1 4 0.429277 0.506774 0.028036 0.000000 0.035913
4 4 0.071898 0.211141 0.007026 0.000000 0.709935
1 4 0.101597 0.577896 0.086394 0.000001 0.234113
0 4 0.899683 0.070078 0.000623 0.000000 0.029616
0 4 0.975637 0.019958 0.001013 0.000000 0.003392
4 4 0.022835 0.272429 0.069894 0.000001 0.634841
1 4 0.027571 0.489418 0.124034 0.000000 0.358977
4 4 0.408697 0.128226 0.002831 0.000000 0.460246
4 4 0.203428 0.294387 0.011474 0.000000 0.490711
4 4 0.050245 0.408480 0.118828 0.000004 0.422443
4 4 0.091608 0.409915 0.038546 0.000000 0.459931
2 4 0.006685 0.121278 0.870657 0.000002 0.001377
2 4 0.006506 0.345459 0.585987 0.000025 0.062024
1 4 0.350573 0.477046 0.010987 0.000000 0.161394
1 4 0.341611 0.430794 0.029300 0.000000 0.198295
4 4 0.050893 0.443336 0.046920 0.000000 0.458851
1 4 0.124766 0.667754 0.092566 0.000000 0.114914
1 4 0.122911 0.438791 0.021069 0.000000 0.417229
1 4 0.014222 0.624360 0.162583 0.000000 0.198835
1 4 0.019191 0.640969 0.250138 0.000000 0.089701
1 4 0.127348 0.548295 0.228212 0.000008 0.096137
0 4 0.769768 0.163288 0.023685 0.000003 0.043257
0 4 0.475380 0.298207 0.172383 0.000025 0.054005
1 4 0.070379 0.742341 0.109833 0.000005 0.077442
1 4 0.031710 0.763029 0.183574 0.000060 0.021627
1 4 0.058063 0.495245 0.428886 0.002534 0.015273
2 4 0.054370 0.415595 0.445575 0.036456 0.048004
1 4 0.026877 0.547862 0.403420 0.000035 0.021806
1 4 0.044366 0.496240 0.389317 0.003380 0.066698
1 4 0.034258 0.630814 0.263530 0.001992 0.069406
1 4 0.264041 0.391842 0.233366 0.003036 0.107715
1 4 0.074778 0.639370 0.236284 0.000003 0.049566
1 2 0.198401 0.458389 0.183668 0.000996 0.158547
2 2 0.004121 0.020504 0.730765 0.243948 0.000662
2 2 0.064627 0.082492 0.728874 0.106735 0.017271
2 2 0.032850 0.296255 0.664575 0.001477 0.004843
2 2 0.018198 0.074636 0.855139 0.050377 0.001651
1 2 0.081400 0.318664 0.254373 0.316233 0.029331
2 2 0.017817 0.119595 0.767393 0.091868 0.003327
2 2 0.038124 0.072993 0.551194 0.332722 0.004968
2 2 0.014681 0.075468 0.579320 0.327243 0.003287
2 2 0.229030 0.069410 0.496228 0.195174 0.010158
0 2 0.712495 0.100869 0.115716 0.043001 0.027920
3 2 0.101554 0.108665 0.227728 0.509747 0.052306
3 2 0.003818 0.021448 0.070993 0.899348 0.004394
2 2 0.044213 0.132721 0.452953 0.361885 0.008229
3 3 0.002584 0.012496 0.038659 0.944892 0.001368
3 3 0.003450 0.002164 0.031118 0.962789 0.000478
3 3 0.007189 0.047745 0.242890 0.699252 0.002924
3 3 0.001349 0.013891 0.137595 0.846578 0.000587
3 3 0.076884 0.143713 0.341943 0.426437 0.011022
3 3 0.000118 0.000346 0.053740 0.945786 0.000010
3 3 0.000058 0.000153 0.009293 0.990485 0.000010
3 3 0.076383 0.042288 0.146306 0.726396 0.008628
1 3 0.225374 0.546745 0.096794 0.049631 0.081456
3 3 0.106658 0.050030 0.315300 0.520996 0.007016
3 3 0.000906 0.007391 0.090912 0.900370 0.000421
3 3 0.012444 0.003844 0.194140 0.789319 0.000253
3 3 0.003685 0.000929 0.114689 0.880636 0.000061
3 3 0.000010 0.000218 0.008812 0.990953 0.000007
3 3 0.000697 0.001382 0.015148 0.982558 0.000215
3 3 0.000519 0.008375 0.150925 0.839837 0.000343
2 3 0.036864 0.159349 0.575979 0.216690 0.011117
3 3 0.000724 0.001064 0.017564 0.980358 0.000290
3 3 0.010479 0.015566 0.183240 0.789186 0.001530
3 3 0.006864 0.030014 0.126586 0.834284 0.002252
3 3 0.002279 0.012882 0.115013 0.868287 0.001539
3 3 0.000305 0.003852 0.078612 0.917101 0.000130
3 3 0.000100 0.000266 0.007826 0.991779 0.000030
3 3 0.003275 0.011586 0.073806 0.904127 0.007207
3 3 0.116823 0.318850 0.166306 0.333536 0.064485
3 3 0.020136 0.071135 0.170812 0.687766 0.050151
3 3 0.040547 0.206832 0.321643 0.399632 0.031346
3 3 0.009657 0.025545 0.065557 0.894195 0.005046
0 3 0.427145 0.261400 0.154086 0.093776 0.063592
3 3 0.014069 0.088458 0.264288 0.624187 0.008997
3 3 0.000091 0.000433 0.005576 0.993849 0.000050
3 3 0.000827 0.002143 0.025374 0.971498 0.000158
3 3 0.000100 0.000892 0.019086 0.979879 0.000042
3 3 0.002001 0.009268 0.038262 0.947913 0.002556
3 3 0.009749 0.026221 0.342447 0.619547 0.002036
3 3 0.000118 0.001755 0.007614 0.990321 0.000193
3 3 0.006461 0.051420 0.080263 0.846779 0.015077
3 3 0.012743 0.053398 0.436739 0.492971 0.004150
3 3 0.000765 0.001135 0.039012 0.958953 0.000135
3 3 0.000064 0.000217 0.022391 0.977320 0.000008
3 3 0.000102 0.000234 0.005399 0.994230 0.000035
3 3 0.010757 0.042308 0.193741 0.728237 0.024957
3 3 0.000344 0.001766 0.039048 0.957557 0.001285
3 3 0.000802 0.000512 0.039329 0.959305 0.000052
3 3 0.000113 0.001073 0.024761 0.973694 0.000359
3 3 0.000789 0.035315 0.411360 0.551015 0.001522
3 3 0.001188 0.002260 0.103783 0.892591 0.000178
3 3 0.002078 0.003104 0.056036 0.937917 0.000865
3 3 0.003944 0.008043 0.286265 0.700065 0.001683
3 3 0.000251 0.007233 0.058198 0.920686 0.013632
3 3 0.000327 0.003210 0.154375 0.841722 0.000366
3 3 0.000621 0.003094 0.042282 0.950556 0.003447
3 3 0.002014 0.020448 0.185285 0.749072 0.043181
2 3 0.024578 0.434990 0.529305 0.002651 0.008476
2 2 0.037785 0.220933 0.507139 0.104865 0.129279
2 2 0.400427 0.077576 0.496959 0.005422 0.019616
2 2 0.230358 0.034099 0.629716 0.101192 0.004635
2 2 0.061065 0.154996 0.611478 0.109285 0.063175
2 0 0.313832 0.113394 0.522466 0.005596 0.044712
0 2 0.393345 0.311688 0.196124 0.001351 0.097492
2 2 0.016309 0.116390 0.854645 0.010131 0.002525
0 2 0.414139 0.308639 0.104619 0.002440 0.170163
2 2 0.121069 0.256932 0.520348 0.011119 0.090532
0 2 0.838424 0.110373 0.023177 0.000009 0.028017
0 2 0.825684 0.054177 0.114688 0.000953 0.004499
2 2 0.339749 0.136301 0.471247 0.033253 0.019450
0 2 0.572245 0.255946 0.099175 0.003073 0.069561
2 2 0.001097 0.056766 0.834608 0.088045 0.019485
2 2 0.020917 0.148499 0.729053 0.077577 0.023953
2 2 0.057500 0.156680 0.768669 0.009535 0.007616
2 2 0.008875 0.075193 0.869756 0.036715 0.009461
2 2 0.011023 0.026099 0.851279 0.110650 0.000949
3 2 0.033698 0.009930 0.260119 0.692362 0.003891
2 2 0.014869 0.012035 0.558978 0.412927 0.001190
2 2 0.025306 0.095589 0.750470 0.110111 0.018524
2 2 0.009402 0.149122 0.786010 0.022679 0.032787
2 2 0.003170 0.061412 0.445995 0.412542 0.076881
2 2 0.006664 0.020664 0.587180 0.378645 0.006847
2 2 0.074964 0.207364 0.509900 0.044981 0.162791
2 2 0.000450 0.030924 0.781029 0.185320 0.002277
2 2 0.001246 0.073754 0.911528 0.012657 0.000816
2 2 0.005441 0.136777 0.492748 0.218937 0.146097
3 2 0.013390 0.041820 0.237468 0.648858 0.058463
3 2 0.007667 0.019339 0.436620 0.533156 0.003218
2 2 0.012322 0.005999 0.814894 0.166032 0.000752
2 2 0.002695 0.037736 0.773455 0.185515 0.000600
2 2 0.045109 0.153197 0.610236 0.161872 0.029587
2 2 0.017861 0.161876 0.809209 0.006474 0.004581
2 2 0.014829 0.145179 0.808173 0.015026 0.016792
2 2 0.000065 0.011598 0.968402 0.019906 0.000029
2 2 0.000568 0.028756 0.949983 0.020350 0.000342
2 2 0.000686 0.008106 0.901659 0.089217 0.000331
2 2 0.000885 0.015493 0.893389 0.089496 0.000737
2 2 0.006396 0.010824 0.857510 0.124977 0.000293
2 2 0.012203 0.013344 0.867711 0.106492 0.000250
2 2 0.001938 0.021774 0.925643 0.050082 0.000564
2 2 0.000682 0.288206 0.677236 0.011246 0.022629
2 2 0.002970 0.048129 0.882503 0.057986 0.008412
2 2 0.000396 0.014184 0.694367 0.285406 0.005647
2 2 0.003204 0.040989 0.889314 0.061816 0.004678
2 2 0.007282 0.090025 0.732681 0.161272 0.008740
2 2 0.032432 0.071322 0.865167 0.020986 0.010093
2 2 0.010190 0.037854 0.793829 0.153449 0.004678
2 2 0.013263 0.107057 0.658032 0.017094 0.204555
2 2 0.010609 0.128269 0.829787 0.001970 0.029365
2 2 0.000924 0.048216 0.929193 0.010113 0.011553
2 2 0.002963 0.012076 0.658473 0.325742 0.000747
2 2 0.001209 0.027930 0.933508 0.030612 0.006741
2 2 0.002451 0.025754 0.793744 0.176588 0.001464
2 2 0.003352 0.056472 0.898681 0.018709 0.022787
2 2 0.005727 0.055267 0.910325 0.022575 0.006105
2 2 0.000368 0.113303 0.861888 0.017685 0.006756
2 2 0.000440 0.176333 0.688608 0.003409 0.131209
2 2 0.000637 0.011357 0.619710 0.363159 0.005137
3 2 0.000241 0.009868 0.098016 0.888583 0.003293
2 2 0.050573 0.061219 0.789913 0.028513 0.069783
2 2 0.076107 0.127872 0.784328 0.004614 0.007079
2 4 0.184938 0.306219 0.454717 0.000086 0.054040
2 4 0.259676 0.072981 0.660845 0.001438 0.005059
4 4 0.017922 0.318782 0.327196 0.000371 0.335729
2 4 0.004520 0.131482 0.841663 0.003196 0.019140
2 4 0.005156 0.057417 0.925236 0.005432 0.006759
2 2 0.001001 0.209689 0.777951 0.000276 0.011083
1 2 0.113604 0.564263 0.269145 0.000186 0.052802
1 2 0.046602 0.476865 0.457161 0.001376 0.017997
0 2 0.508463 0.211252 0.239924 0.001558 0.038803
2 2 0.244948 0.184909 0.555075 0.003818 0.011250
0 2 0.664764 0.065135 0.024774 0.000242 0.245085
1 2 0.158121 0.542529 0.146541 0.000094 0.152715
1 2 0.094570 0.525554 0.186527 0.000015 0.193333
2 2 0.004661 0.372777 0.611689 0.000246 0.010627
1 2 0.178250 0.300165 0.232519 0.000602 0.288463
1 4 0.100315 0.642519 0.053260 0.000007 0.203900
2 4 0.123587 0.322850 0.529159 0.001664 0.022740
4 4 0.314415 0.271122 0.083432 0.000053 0.330977
1 0 0.102111 0.614656 0.127428 0.000001 0.155804
1 1 0.263631 0.724738 0.006257 0.000000 0.005374
1 1 0.068767 0.534133 0.049389 0.000010 0.347702
1 2 0.009171 0.712379 0.196997 0.000106 0.081348
2 2 0.004102 0.115691 0.794935 0.078095 0.007178
2 2 0.002690 0.144341 0.838383 0.012270 0.002316
2 2 0.000772 0.067034 0.892296 0.000952 0.038945
2 2 0.008987 0.070303 0.893613 0.000947 0.026150
2 2 0.004298 0.085142 0.904982 0.002308 0.003270
2 2 0.055272 0.073916 0.841303 0.018554 0.010956
1 2 0.117600 0.664957 0.035095 0.000000 0.182347
1 0 0.075922 0.503492 0.211070 0.000019 0.209497
4 1 0.268915 0.303705 0.011547 0.000000 0.415834
1 1 0.346912 0.492875 0.020533 0.000000 0.139679
1 2 0.234845 0.438988 0.091471 0.000019 0.234678
0 2 0.717308 0.163099 0.096720 0.000027 0.022846
1 2 0.039100 0.795212 0.057266 0.000004 0.108418
1 2 0.031799 0.698723 0.121760 0.001698 0.146019
2 2 0.308276 0.255393 0.419271 0.000181 0.016879
2 2 0.019630 0.066834 0.903610 0.006199 0.003726
2 2 0.021886 0.059608 0.905395 0.009919 0.003193
1 2 0.204345 0.407210 0.338340 0.000320 0.049785
1 2 0.140800 0.512656 0.160237 0.000020 0.186287
1 2 0.033399 0.612793 0.271986 0.000021 0.081801
0 0 0.670515 0.242778 0.012217 0.000000 0.074490
0 1 0.524351 0.376857 0.020497 0.000000 0.078295
1 1 0.069741 0.598116 0.140212 0.000001 0.191929
2 2 0.002789 0.409158 0.560693 0.000106 0.027255
1 2 0.079088 0.559306 0.144827 0.000091 0.216688
1 2 0.304123 0.331876 0.214946 0.001405 0.147650
2 2 0.003693 0.297522 0.500675 0.001935 0.196175
1 2 0.046025 0.449866 0.324110 0.013082 0.166917
2 2 0.013701 0.059443 0.902361 0.004972 0.019523
2 2 0.050141 0.216401 0.721044 0.001479 0.010935
0 2 0.455194 0.435248 0.058417 0.000002 0.051139
2 2 0.037763 0.264746 0.680449 0.000083 0.016959
2 2 0.026365 0.115865 0.851302 0.003109 0.003359
2 2 0.031984 0.231630 0.700879 0.014226 0.021282
0 2 0.551159 0.211652 0.218723 0.000010 0.018456
0 2 0.945592 0.028379 0.013294 0.000002 0.012732
1 0 0.001010 0.877874 0.119124 0.000036 0.001955
0 0 0.929788 0.058124 0.003140 0.000000 0.008948
0 0 0.457941 0.351434 0.044381 0.000007 0.146237
0 0 0.480072 0.279419 0.012986 0.000000 0.227524
1 1 0.380255 0.506883 0.043971 0.000001 0.068890
0 1 0.442181 0.316478 0.147389 0.000008 0.093944
4 2 0.038906 0.123234 0.013702 0.000000 0.824157
0 2 0.487187 0.353324 0.017306 0.000000 0.142183
1 0 0.014264 0.980162 0.004811 0.000000 0.000763
0 0 0.625059 0.233915 0.012690 0.000002 0.128334
4 1 0.025172 0.248952 0.023211 0.000001 0.702665
4 2 0.207290 0.191541 0.032962 0.000008 0.568198
4 2 0.039499 0.250602 0.123498 0.000013 0.586388
1 2 0.120629 0.478632 0.106182 0.000025 0.294532
2 2 0.060026 0.258805 0.440855 0.001817 0.238497
1 2 0.178482 0.328548 0.218253 0.000247 0.274470
2 2 0.002890 0.075552 0.824819 0.034481 0.062258
2 2 0.005590 0.149965 0.782565 0.008407 0.053473
2 2 0.074357 0.181502 0.723302 0.000678 0.020162
2 2 0.009148 0.069277 0.907288 0.006899 0.007389
0 2 0.625523 0.256487 0.037921 0.000024 0.080044
0 0 0.841581 0.150612 0.001700 0.000000 0.006108
0 0 0.882423 0.063253 0.009530 0.000029 0.044765
0 0 0.711408 0.074831 0.014006 0.000126 0.199629
0 0 0.870827 0.094557 0.006302 0.000001 0.028313
0 0 0.745845 0.217058 0.003794 0.000000 0.033303
0 0 0.788669 0.142454 0.005297 0.000001 0.063579
0 1 0.658184 0.236320 0.009968 0.000001 0.095527
0 1 0.662472 0.241677 0.017617 0.000005 0.078230
1 1 0.162209 0.611266 0.087457 0.000001 0.139066
0 2 0.656862 0.088444 0.000433 0.000000 0.254261
0 2 0.700123 0.138682 0.002198 0.000000 0.158997
1 2 0.044812 0.751973 0.116947 0.000019 0.086248
1 2 0.103544 0.713685 0.081372 0.000085 0.101313
1 4 0.053935 0.584783 0.236356 0.000165 0.124762
0 4 0.483432 0.282504 0.046198 0.000011 0.187854
0 4 0.390902 0.235106 0.072433 0.000211 0.301349
1 4 0.062856 0.456027 0.351028 0.001463 0.128626
2 4 0.007362 0.167783 0.811757 0.000981 0.012118
2 2 0.024523 0.333347 0.616632 0.000299 0.025200
0 2 0.888885 0.074798 0.000886 0.000000 0.035432
0 2 0.897339 0.085267 0.001347 0.000000 0.016047
1 2 0.143406 0.596254 0.170738 0.000009 0.089593
1 2 0.078842 0.559643 0.250407 0.000017 0.111092
2 2 0.002161 0.352681 0.464155 0.002057 0.178946
2 2 0.003992 0.055889 0.935990 0.001405 0.002724
2 2 0.002730 0.288317 0.696525 0.000730 0.011698
2 2 0.004378 0.045837 0.923672 0.024261 0.001853
2 2 0.000698 0.072871 0.916815 0.007075 0.002541
2 2 0.000325 0.108582 0.875841 0.000095 0.015156
2 2 0.008387 0.391961 0.532325 0.000738 0.066589
2 2 0.003414 0.295585 0.684973 0.000090 0.015936
2 2 0.044198 0.048592 0.893460 0.010285 0.003466
2 2 0.054808 0.027530 0.867534 0.048206 0.001922
2 2 0.051298 0.207190 0.709966 0.004231 0.027315
2 2 0.166539 0.165625 0.652733 0.002543 0.012561
2 2 0.038940 0.058097 0.877791 0.010892 0.014279
0 2 0.545031 0.320760 0.042365 0.000021 0.091823
0 2 0.947643 0.043437 0.007248 0.000000 0.001672
1 1 0.003286 0.967485 0.027625 0.000000 0.001604
0 1 0.672253 0.154972 0.067449 0.000329 0.104998
2 2 0.246993 0.270540 0.404609 0.004941 0.072917
1 0 0.195858 0.400089 0.171105 0.000056 0.232892
0 1 0.647873 0.165206 0.003401 0.000000 0.183521
2 2 0.362106 0.188994 0.415761 0.004121 0.029017
2 2 0.291540 0.159788 0.511365 0.006739 0.030569
2 2 0.029446 0.121001 0.825355 0.009733 0.014464
2 2 0.115339 0.075937 0.801970 0.001116 0.005637
2 2 0.048794 0.091045 0.776016 0.077883 0.006263
2 2 0.133981 0.061611 0.590715 0.205620 0.008073
2 2 0.273498 0.112615 0.570307 0.013084 0.030495
2 2 0.013975 0.086215 0.874334 0.022324 0.003152
2 2 0.068763 0.238203 0.667421 0.002993 0.022619
2 2 0.131236 0.103617 0.727799 0.009182 0.028166
2 2 0.012709 0.103541 0.699894 0.177518 0.006339
2 2 0.009874 0.013792 0.849720 0.126241 0.000373
2 2 0.049164 0.177533 0.702917 0.003760 0.066626
0 2 0.491969 0.058375 0.407105 0.026325 0.016226
2 2 0.101554 0.068467 0.732947 0.088777 0.008254
2 2 0.084085 0.130301 0.762599 0.011755 0.011260
2 2 0.011062 0.058460 0.880156 0.046701 0.003621
2 2 0.249365 0.034261 0.705787 0.007457 0.003131
2 2 0.056895 0.113652 0.704417 0.099903 0.025133
2 2 0.007048 0.064980 0.746600 0.179537 0.001834
2 2 0.025567 0.072896 0.682065 0.183223 0.036250
2 2 0.028992 0.066249 0.751708 0.145953 0.007099
2 2 0.008724 0.065026 0.722818 0.200254 0.003177
2 2 0.113545 0.035895 0.710096 0.134535 0.005930
3 2 0.034786 0.044159 0.358272 0.543069 0.019715
3 2 0.024343 0.004172 0.074185 0.895985 0.001316
2 2 0.229507 0.334938 0.391082 0.004557 0.039916
1 2 0.075913 0.542269 0.156925 0.000102 0.224792
0 2 0.501570 0.441174 0.006060 0.000000 0.051196
0 2 0.678512 0.105539 0.111836 0.003788 0.100325
0 2 0.332634 0.313668 0.298616 0.002865 0.052218
4 2 0.085807 0.328066 0.098546 0.000050 0.487531
0 2 0.712939 0.052991 0.216397 0.003731 0.013943
0 0 0.954730 0.034451 0.000058 0.000000 0.010762
0 1 0.481694 0.457725 0.014948 0.000000 0.045634
1 1 0.173328 0.661319 0.038548 0.000000 0.126804
2 2 0.002503 0.104343 0.867657 0.014430 0.011067
2 2 0.006630 0.057549 0.914700 0.001753 0.019369
2 2 0.000925 0.206099 0.719152 0.003727 0.070097
2 2 0.002568 0.057108 0.914512 0.022626 0.003186
2 2 0.000796 0.023525 0.939730 0.033322 0.002626
2 2 0.021107 0.089928 0.858910 0.008038 0.022016
2 2 0.005158 0.021103 0.941752 0.029195 0.002792
2 2 0.009801 0.081855 0.893790 0.008129 0.006426
2 2 0.003799 0.116684 0.846557 0.013838 0.019121
2 2 0.012645 0.282990 0.656799 0.003525 0.044041
2 2 0.019918 0.311913 0.657245 0.000911 0.010013
2 2 0.070377 0.178148 0.741693 0.003286 0.006495
2 2 0.003770 0.183351 0.780615 0.024485 0.007779
2 2 0.007444 0.102475 0.888156 0.000762 0.001163
2 2 0.001955 0.036823 0.917828 0.042843 0.000552
2 2 0.040603 0.170067 0.783793 0.002077 0.003461
2 2 0.002895 0.031862 0.963525 0.001367 0.000351
2 2 0.026750 0.048019 0.913706 0.009728 0.001796
2 2 0.000074 0.016984 0.916080 0.066789 0.000074
2 2 0.001938 0.092921 0.899450 0.004043 0.001647
2 2 0.001337 0.183343 0.660519 0.150723 0.004078
2 2 0.000776 0.088961 0.815847 0.092508 0.001908
3 2 0.001751 0.041286 0.350824 0.604435 0.001704
2 2 0.007920 0.156251 0.644076 0.186374 0.005379
2 2 0.018673 0.064927 0.640912 0.271418 0.004070
2 2 0.058892 0.155193 0.547871 0.218393 0.019651
2 2 0.000240 0.001685 0.767294 0.230771 0.000010
2 2 0.000377 0.007418 0.933962 0.058182 0.000060
2 2 0.000288 0.017247 0.820451 0.161837 0.000178
2 2 0.003249 0.018028 0.573942 0.403626 0.001155
2 2 0.028597 0.043067 0.681840 0.243187 0.003309
2 2 0.040242 0.044844 0.686072 0.203473 0.025368
2 2 0.002835 0.010467 0.879078 0.104685 0.002935
2 2 0.014219 0.012197 0.715762 0.251353 0.006469
2 2 0.022650 0.078470 0.852204 0.026258 0.020418
2 2 0.005719 0.024422 0.624966 0.343241 0.001653
2 2 0.025343 0.063826 0.781558 0.124644 0.004629
3 2 0.000238 0.010308 0.464505 0.524800 0.000149
2 2 0.011936 0.084623 0.891109 0.007937 0.004394
2 2 0.017251 0.202194 0.759430 0.007301 0.013824
3 2 0.062960 0.018834 0.141331 0.769423 0.007453
2 2 0.002404 0.060560 0.597923 0.330015 0.009099
3 2 0.004276 0.018210 0.353616 0.616229 0.007670
2 2 0.032387 0.013026 0.519554 0.432167 0.002866
2 2 0.004840 0.055659 0.813690 0.123790 0.002020
2 2 0.020883 0.090443 0.556476 0.323103 0.009094
2 2 0.003379 0.076381 0.633674 0.255335 0.031232
2 2 0.007355 0.122552 0.664701 0.187413 0.017980
3 2 0.034071 0.014316 0.286989 0.652228 0.012396
0 2 0.640808 0.009025 0.227563 0.119289 0.003315
2 2 0.045422 0.048746 0.788070 0.107136 0.010626
2 2 0.009151 0.072023 0.875318 0.024818 0.018691
2 2 0.006578 0.136892 0.824615 0.017619 0.014296
2 2 0.000572 0.009679 0.915154 0.074312 0.000283
2 2 0.033294 0.104124 0.858349 0.000899 0.003335
0 2 0.757488 0.098108 0.113135 0.000638 0.030631
0 0 0.698188 0.003435 0.290129 0.007882 0.000367
0 0 0.912732 0.067958 0.011894 0.000019 0.007397
0 0 0.918309 0.064985 0.002006 0.000000 0.014701
0 0 0.397883 0.235813 0.354312 0.000039 0.011954
1 0 0.252918 0.633342 0.057502 0.000008 0.056231
1 1 0.218591 0.477873 0.056174 0.000010 0.247353
2 2 0.049150 0.172550 0.686951 0.010237 0.081112
1 2 0.032504 0.413102 0.233132 0.000012 0.321250
4 2 0.001302 0.255045 0.165115 0.000002 0.578537
4 2 0.008012 0.077616 0.017215 0.000000 0.897156
1 4 0.003117 0.622605 0.258420 0.000002 0.115856
4 4 0.034142 0.258345 0.009396 0.000000 0.698117
4 4 0.000715 0.002065 0.000169 0.000000 0.997051
4 4 0.012870 0.071886 0.002023 0.000003 0.913218
4 4 0.027410 0.016222 0.000617 0.000000 0.955751
4 4 0.037362 0.017848 0.000413 0.000000 0.944376
4 4 0.003332 0.010503 0.001414 0.000000 0.984751
4 4 0.002631 0.012347 0.000728 0.000000 0.984294
4 4 0.062362 0.033205 0.002243 0.000002 0.902189
4 4 0.015304 0.064681 0.104862 0.000234 0.814919
0 4 0.794071 0.092304 0.009543 0.000006 0.104077
0 4 0.689678 0.095366 0.046305 0.000242 0.168410
0 4 0.465646 0.237155 0.007139 0.000000 0.290060
4 4 0.128197 0.162087 0.010268 0.000000 0.699448
4 4 0.024902 0.278997 0.102334 0.000004 0.593763
1 4 0.141512 0.586482 0.062060 0.000000 0.209947
4 4 0.001957 0.008739 0.001233 0.000000 0.988071
4 4 0.262172 0.045078 0.000705 0.000000 0.692045
4 4 0.003716 0.019010 0.001218 0.000000 0.976055
4 4 0.020399 0.183487 0.014710 0.000000 0.781404
4 4 0.017069 0.183185 0.043467 0.000001 0.756278
4 4 0.022437 0.053164 0.010657 0.000006 0.913736
4 4 0.379193 0.113728 0.001693 0.000000 0.505386
1 4 0.353287 0.354344 0.006302 0.000000 0.286067
4 4 0.122776 0.281693 0.007779 0.000000 0.587751
4 4 0.080190 0.056398 0.004477 0.000002 0.858932
1 4 0.139065 0.529243 0.055494 0.000000 0.276198
1 4 0.012779 0.621127 0.140366 0.000000 0.225728
4 4 0.018080 0.060481 0.003308 0.000000 0.918131
0 4 0.454490 0.161301 0.010706 0.000002 0.373501
4 4 0.370504 0.221224 0.004318 0.000000 0.403954
4 4 0.097250 0.148861 0.006199 0.000000 0.747689
1 4 0.045031 0.605956 0.074152 0.000000 0.274860
0 4 0.367452 0.366016 0.050078 0.000003 0.216451
0 4 0.567384 0.343694 0.025454 0.000002 0.063467
1 4 0.064707 0.648772 0.156395 0.000005 0.130121
0 0 0.838622 0.048753 0.011708 0.000049 0.100868
0 0 0.749005 0.153917 0.003186 0.000000 0.093892
0 0 0.998370 0.000743 0.000474 0.000001 0.000413
0 0 0.996859 0.000385 0.002543 0.000042 0.000172
0 0 0.998634 0.000729 0.000219 0.000000 0.000418
0 0 0.975122 0.011977 0.007288 0.000135 0.005479
0 0 0.983053 0.005787 0.006721 0.000131 0.004308
0 0 0.981089 0.011471 0.002533 0.000001 0.004905
0 0 0.938992 0.024775 0.001355 0.000002 0.034876
0 0 0.952358 0.021389 0.005173 0.000046 0.021035
0 0 0.724953 0.182618 0.012830 0.000000 0.079598
1 0 0.428020 0.521894 0.016497 0.000000 0.033589
0 0 0.986972 0.008727 0.002488 0.000000 0.001813
0 0 0.908144 0.069662 0.017145 0.000025 0.005024
1 0 0.391354 0.522164 0.027390 0.000002 0.059090
1 1 0.045265 0.720563 0.214507 0.000014 0.019652
1 1 0.008937 0.633227 0.175195 0.000001 0.182639
1 1 0.393164 0.398736 0.038623 0.000003 0.169473
1 1 0.265313 0.557529 0.019624 0.000001 0.157533
4 1 0.013697 0.101765 0.017576 0.000005 0.866957
4 1 0.010137 0.005797 0.000185 0.000000 0.983881
4 1 0.065513 0.024068 0.000604 0.000000 0.909815
1 1 0.101777 0.477175 0.261849 0.000375 0.158823
1 1 0.027539 0.492378 0.282681 0.000960 0.196442
2 1 0.132314 0.198777 0.646287 0.000976 0.021647
2 1 0.041619 0.300160 0.613087 0.000114 0.045021
2 2 0.124342 0.104986 0.712138 0.025156 0.033379
2 2 0.092110 0.109281 0.757125 0.010686 0.030798
2 2 0.002279 0.100051 0.891023 0.003243 0.003404
2 2 0.056484 0.139946 0.786317 0.008920 0.008334
2 2 0.005303 0.403711 0.489159 0.002512 0.099315
2 2 0.037097 0.291228 0.573746 0.000545 0.097384
2 2 0.118787 0.179175 0.682711 0.008448 0.010880
2 2 0.042464 0.040901 0.898215 0.007346 0.011074
2 2 0.019451 0.029626 0.898313 0.051504 0.001107
2 2 0.019111 0.092221 0.875486 0.010021 0.003160
2 2 0.017659 0.058951 0.857473 0.062491 0.003426
2 2 0.062024 0.162655 0.749188 0.007979 0.018154
2 2 0.006617 0.341467 0.637229 0.002127 0.012561
2 2 0.016142 0.286230 0.626486 0.011883 0.059258
2 2 0.054674 0.087258 0.844393 0.009122 0.004553
2 2 0.043781 0.108518 0.823497 0.009992 0.014213
2 2 0.004795 0.027131 0.855238 0.112290 0.000547
2 2 0.010995 0.057865 0.898804 0.030424 0.001912
2 2 0.034396 0.124812 0.814681 0.010365 0.015746
2 2 0.011052 0.037275 0.930623 0.019064 0.001986
2 2 0.000391 0.020627 0.966845 0.012042 0.000095
2 2 0.001098 0.014474 0.913087 0.071051 0.000289
2 2 0.025475 0.048986 0.915775 0.007247 0.002518
2 2 0.021993 0.015485 0.883860 0.077913 0.000750
2 2 0.001281 0.035528 0.904060 0.055947 0.003184
2 2 0.002068 0.104277 0.886226 0.003332 0.004096
2 2 0.000237 0.210700 0.770841 0.000617 0.017605
2 2 0.121776 0.381781 0.399906 0.001185 0.095352
2 2 0.018841 0.138674 0.826143 0.006206 0.010137
2 2 0.023445 0.126600 0.827257 0.007941 0.014757
2 2 0.001720 0.019567 0.914681 0.062363 0.001669
2 2 0.003038 0.025869 0.812751 0.153590 0.004752
2 2 0.011480 0.200747 0.730420 0.020774 0.036579
2 2 0.062490 0.239232 0.619092 0.034013 0.045173
2 2 0.002390 0.121618 0.857946 0.007098 0.010948
2 2 0.001769 0.050157 0.725871 0.220211 0.001992
2 2 0.000848 0.032614 0.949570 0.016671 0.000297
2 2 0.004733 0.121272 0.848296 0.017229 0.008469
2 2 0.004178 0.043088 0.843868 0.107556 0.001310
3 2 0.000572 0.008517 0.325464 0.664603 0.000843
3 2 0.001483 0.011294 0.357211 0.629315 0.000697
2 2 0.001023 0.029978 0.828034 0.124183 0.016782
3 2 0.000489 0.009071 0.248147 0.741963 0.000329
3 2 0.000772 0.009820 0.162730 0.824532 0.002146
2 2 0.001334 0.086284 0.637990 0.254882 0.019510
3 3 0.004158 0.030831 0.392059 0.564330 0.008622
2 3 0.011019 0.040792 0.654837 0.280911 0.012441
2 3 0.030133 0.132114 0.605675 0.115279 0.116799
2 3 0.000237 0.067273 0.773917 0.149743 0.008830
2 3 0.000884 0.009911 0.537641 0.450745 0.000819
3 3 0.040442 0.051434 0.319540 0.572759 0.015825
2 3 0.053356 0.088679 0.535326 0.278973 0.043666
2 3 0.015609 0.096713 0.559791 0.322999 0.004888
3 3 0.001290 0.001356 0.077058 0.920169 0.000126
1 3 0.020842 0.862834 0.114290 0.000000 0.002035
4 0 0.000245 0.113889 0.004091 0.000007 0.881767
2 2 0.063381 0.250229 0.656267 0.010400 0.019723
2 2 0.012364 0.382277 0.467297 0.001194 0.136868
2 2 0.012267 0.124135 0.708943 0.122445 0.032210
2 2 0.032151 0.027516 0.627675 0.307131 0.005527
2 2 0.007524 0.073739 0.910498 0.006769 0.001470
3 2 0.038705 0.016768 0.447029 0.495263 0.002235
2 2 0.224061 0.077766 0.691853 0.001449 0.004871
2 2 0.287675 0.088030 0.614689 0.003014 0.006592
2 2 0.027720 0.129343 0.678530 0.142197 0.022210
2 2 0.025847 0.060663 0.784687 0.104422 0.024380
2 2 0.008553 0.029334 0.929194 0.031943 0.000976
2 2 0.029295 0.060969 0.904995 0.003360 0.001380
2 2 0.040069 0.001998 0.830214 0.127626 0.000094
2 2 0.298700 0.011981 0.645316 0.042713 0.001290
2 2 0.243053 0.201881 0.345097 0.011171 0.198798
2 2 0.151974 0.100518 0.724904 0.010725 0.011879
4 2 0.272808 0.217661 0.210013 0.009440 0.290077
1 2 0.089949 0.597378 0.165552 0.002495 0.144627
2 2 0.029610 0.096039 0.828629 0.037868 0.007853
2 2 0.001624 0.101524 0.759530 0.095234 0.042088
0 2 0.438562 0.058701 0.397028 0.093052 0.012657
2 2 0.033059 0.011153 0.566759 0.388182 0.000846
2 2 0.010309 0.023912 0.955610 0.009632 0.000538
2 2 0.020540 0.115382 0.830861 0.017439 0.015778
2 2 0.005589 0.015292 0.882408 0.096103 0.000609
2 2 0.026427 0.016851 0.940513 0.015678 0.000531
2 2 0.037080 0.088941 0.799411 0.068824 0.005745
2 2 0.027720 0.056376 0.777092 0.132682 0.006129
0 2 0.583691 0.025667 0.351439 0.033131 0.006072
0 2 0.582333 0.067486 0.314087 0.014101 0.021993
2 2 0.083909 0.056825 0.723752 0.129646 0.005867
2 2 0.046685 0.036548 0.607912 0.305870 0.002985
0 2 0.916766 0.009131 0.070742 0.001081 0.002280
0 2 0.467777 0.092055 0.407121 0.014964 0.018084
2 2 0.013047 0.017085 0.826464 0.142687 0.000717
3 2 0.007123 0.005062 0.067843 0.918839 0.001132
3 2 0.025324 0.020843 0.164993 0.783726 0.005114
3 2 0.022003 0.017204 0.132058 0.825040 0.003695
2 2 0.034808 0.140942 0.681285 0.132307 0.010659
3 2 0.016613 0.006959 0.443347 0.532459 0.000621
3 3 0.022232 0.002918 0.485375 0.489332 0.000143
2 2 0.296468 0.021969 0.679768 0.001516 0.000278
2 2 0.021473 0.261105 0.607568 0.033744 0.076110
2 2 0.008219 0.092229 0.658789 0.138853 0.101911
2 2 0.006037 0.024414 0.571268 0.386870 0.011411
2 2 0.002963 0.007711 0.802426 0.185895 0.001005
2 2 0.002247 0.038044 0.736300 0.219265 0.004144
2 2 0.002024 0.047334 0.500370 0.394935 0.055338
3 2 0.004447 0.011843 0.279961 0.692687 0.011063
2 2 0.003929 0.012891 0.546878 0.425640 0.010662
2 2 0.002200 0.019442 0.577815 0.396811 0.003732
2 2 0.011035 0.026521 0.660001 0.243638 0.058805
3 2 0.001359 0.002158 0.268312 0.728029 0.000143
2 2 0.011994 0.005876 0.568386 0.413305 0.000439
3 2 0.006639 0.076890 0.177485 0.595602 0.143383
3 2 0.001816 0.094301 0.204591 0.351997 0.347296
3 2 0.001626 0.009752 0.127124 0.849152 0.012346
3 3 0.003805 0.007346 0.095573 0.888320 0.004956
3 3 0.000788 0.014390 0.413036 0.570041 0.001745
3 3 0.001077 0.003206 0.036256 0.958476 0.000985
3 3 0.000219 0.002153 0.068490 0.929003 0.000135
3 3 0.010537 0.003612 0.165227 0.819983 0.000641
3 3 0.000889 0.000578 0.037951 0.960516 0.000065
3 3 0.006369 0.004304 0.380761 0.607447 0.001119
3 3 0.002631 0.002483 0.071039 0.923074 0.000774
3 3 0.000132 0.002240 0.036994 0.960243 0.000391
3 3 0.001616 0.007353 0.079401 0.897337 0.014293
3 3 0.000944 0.007239 0.087084 0.877100 0.027634
3 3 0.003409 0.008712 0.410165 0.576614 0.001100
3 3 0.006743 0.003042 0.155000 0.834449 0.000766
3 3 0.000763 0.000640 0.051352 0.947131 0.000113
3 3 0.000418 0.000352 0.084266 0.914951 0.000013
3 3 0.000388 0.002719 0.033441 0.962331 0.001120
3 3 0.000070 0.000233 0.010501 0.989177 0.000019
3 3 0.009081 0.013184 0.067905 0.904887 0.004942
3 3 0.001092 0.000610 0.019148 0.979016 0.000134
0 3 0.368704 0.048917 0.290311 0.164641 0.127427
3 3 0.035392 0.015383 0.152583 0.784309 0.012334
3 3 0.003178 0.001223 0.080217 0.915196 0.000185
3 3 0.007466 0.002875 0.055739 0.932956 0.000964
3 3 0.000374 0.000145 0.009878 0.989584 0.000019
3 3 0.006783 0.003532 0.408442 0.581053 0.000190
3 2 0.006169 0.018615 0.232034 0.740751 0.002431
3 2 0.005669 0.010875 0.308521 0.673949 0.000986
0 2 0.355065 0.300505 0.333499 0.000104 0.010827
2 2 0.016667 0.048648 0.861359 0.065195 0.008130
2 2 0.050603 0.155259 0.762448 0.021059 0.010632
2 2 0.058406 0.261246 0.446129 0.006531 0.227689
2 2 0.001588 0.131651 0.795869 0.048063 0.022829
2 2 0.023144 0.098028 0.642733 0.056742 0.179353
2 2 0.001836 0.120939 0.818294 0.026483 0.032448
0 0 0.700413 0.019280 0.279740 0.000034 0.000533
0 0 0.782034 0.162008 0.000748 0.000000 0.055210
1 2 0.124264 0.730405 0.084659 0.000110 0.060563
0 2 0.448544 0.149238 0.113670 0.000502 0.288046
4 2 0.041047 0.084628 0.034580 0.001924 0.837821
4 4 0.013053 0.009763 0.008474 0.000031 0.968679
4 4 0.138861 0.048974 0.001514 0.000000 0.810651
4 4 0.106951 0.027349 0.000427 0.000000 0.865273
4 4 0.008397 0.014171 0.001683 0.000001 0.975748
4 4 0.351163 0.073908 0.009115 0.000001 0.565813
4 4 0.130901 0.159897 0.013888 0.000001 0.695312
4 4 0.017500 0.011316 0.001230 0.000000 0.969952
4 4 0.073548 0.087010 0.004398 0.000000 0.835043
4 4 0.370672 0.031566 0.010119 0.000011 0.587632
4 4 0.088284 0.013220 0.004400 0.000002 0.894095
4 4 0.045140 0.034631 0.001238 0.000000 0.918990
4 4 0.003474 0.007965 0.001559 0.000002 0.987000
4 4 0.179279 0.041943 0.003875 0.000001 0.774902
4 4 0.352972 0.014426 0.000677 0.000000 0.631925
4 4 0.010104 0.086792 0.009620 0.000000 0.893483
4 4 0.065498 0.143299 0.004561 0.000000 0.786641
4 4 0.060629 0.071247 0.004188 0.000000 0.863936
4 4 0.113016 0.300444 0.033704 0.000001 0.552835
4 4 0.012426 0.358680 0.086582 0.000000 0.542312
4 4 0.008023 0.212214 0.181418 0.000016 0.598328
4 4 0.013244 0.087258 0.023361 0.000003 0.876135
4 4 0.247839 0.347173 0.029676 0.000001 0.375310
1 4 0.121669 0.488429 0.028643 0.000000 0.361258
4 4 0.017880 0.018553 0.000455 0.000000 0.963112
4 4 0.036608 0.139186 0.012909 0.000000 0.811297
4 4 0.005138 0.100825 0.019363 0.000000 0.874674
1 4 0.115869 0.382280 0.165831 0.000043 0.335978
4 4 0.052993 0.420557 0.084986 0.000001 0.441463
2 4 0.182699 0.279353 0.404524 0.000060 0.133364
1 4 0.073604 0.486677 0.085948 0.000011 0.353760
4 4 0.051943 0.017552 0.005515 0.000006 0.924983
4 4 0.030998 0.018403 0.000755 0.000000 0.949844
4 4 0.264698 0.283346 0.049528 0.000001 0.402427
0 4 0.705692 0.102397 0.008700 0.000044 0.183167
4 4 0.176093 0.109570 0.003591 0.000000 0.710746
4 4 0.049191 0.189616 0.024537 0.000001 0.736656
4 4 0.030479 0.024664 0.001072 0.000000 0.943784
4 4 0.057722 0.036508 0.002632 0.000002 0.903135
4 4 0.004066 0.111409 0.084994 0.000008 0.799524
4 4 0.001872 0.031041 0.009150 0.000000 0.957937
4 4 0.169827 0.382040 0.009720 0.000000 0.438413
4 4 0.074007 0.338520 0.057349 0.000001 0.530123
0 4 0.916472 0.046992 0.000498 0.000000 0.036037
1 4 0.238752 0.488818 0.129987 0.000034 0.142408
1 4 0.246138 0.370123 0.029546 0.000001 0.354191
4 4 0.021335 0.282770 0.058833 0.000000 0.637061
4 4 0.292095 0.064706 0.001797 0.000000 0.641401
0 4 0.793053 0.153351 0.003708 0.000000 0.049888
0 4 0.826200 0.126655 0.002577 0.000000 0.044568
0 4 0.620868 0.319045 0.013125 0.000000 0.046963
0 4 0.490125 0.360006 0.021255 0.000001 0.128614
4 4 0.229076 0.309430 0.037512 0.000005 0.423978
1 4 0.367302 0.544494 0.047271 0.000000 0.040933
1 4 0.092607 0.645383 0.189228 0.000006 0.072776
4 4 0.224143 0.325658 0.015155 0.000000 0.435044
4 4 0.151066 0.320454 0.065906 0.000008 0.462566
0 4 0.397807 0.098335 0.205464 0.008282 0.290111
2 4 0.223952 0.225372 0.484927 0.000650 0.065099
4 4 0.207344 0.261031 0.204173 0.000121 0.327330
0 4 0.570635 0.241360 0.028908 0.000067 0.159029
2 4 0.020912 0.314696 0.609569 0.000147 0.054676
1 4 0.057571 0.411747 0.336604 0.000147 0.193931
2 4 0.015482 0.146920 0.710070 0.000665 0.126864
2 4 0.057983 0.184838 0.655003 0.000163 0.102014
1 4 0.015207 0.462164 0.196082 0.000006 0.326541
4 4 0.167591 0.250121 0.052793 0.000035 0.529460
1 4 0.043614 0.666791 0.172225 0.000000 0.117370
1 2 0.081623 0.454621 0.127451 0.000007 0.336299
2 2 0.106418 0.221100 0.404669 0.000426 0.267387
2 2 0.057670 0.319584 0.456003 0.000262 0.166482
1 2 0.004624 0.515471 0.475775 0.000016 0.004114
2 2 0.248322 0.323327 0.417798 0.000092 0.010460
2 2 0.072270 0.256066 0.634785 0.000174 0.036705
2 2 0.022630 0.166525 0.771727 0.008802 0.030316
2 2 0.003097 0.001193 0.988097 0.007593 0.000020
2 2 0.006730 0.020615 0.967854 0.004552 0.000249
0 0 0.575653 0.040864 0.006800 0.000007 0.376676
0 0 0.922362 0.048765 0.000661 0.000000 0.028212
1 1 0.110520 0.686697 0.084950 0.000006 0.117828
1 1 0.371997 0.381637 0.092622 0.000020 0.153724
1 1 0.025345 0.590931 0.171510 0.000010 0.212204
1 1 0.107726 0.494293 0.173959 0.000022 0.223999
1 4 0.242303 0.544148 0.051899 0.000001 0.161650
0 4 0.586948 0.340947 0.015694 0.000000 0.056411
1 4 0.143622 0.392272 0.087285 0.000013 0.376809
4 4 0.025004 0.383100 0.069483 0.000004 0.522408
1 4 0.150372 0.502189 0.255821 0.000023 0.091595
1 4 0.361322 0.492971 0.051977 0.000002 0.093729
1 4 0.256816 0.303293 0.285648 0.000286 0.153957
2 4 0.260264 0.238235 0.381403 0.000325 0.119774
2 4 0.030018 0.253989 0.707739 0.000074 0.008179
1 4 0.066406 0.508397 0.184820 0.000009 0.240368
2 2 0.321132 0.171110 0.470543 0.001754 0.035460
4 2 0.276518 0.269170 0.127094 0.001201 0.326017
2 2 0.008519 0.368068 0.573715 0.000026 0.049673
4 2 0.027418 0.315356 0.103775 0.000003 0.553449
2 2 0.276654 0.144171 0.333675 0.001646 0.243854
0 2 0.414130 0.293429 0.029573 0.000008 0.262860
1 2 0.099233 0.575739 0.177768 0.000007 0.147254
4 2 0.030757 0.098610 0.017680 0.000003 0.852951
1 0 0.378938 0.544403 0.039363 0.000000 0.037295
1 0 0.176789 0.594856 0.079773 0.000001 0.148580
0 0 0.869371 0.107838 0.000721 0.000000 0.022071
1 0 0.345126 0.583843 0.015740 0.000000 0.055291
1 1 0.322184 0.405387 0.129898 0.000027 0.142503
1 1 0.316920 0.333297 0.050195 0.000299 0.299289
0 2 0.527272 0.058847 0.001105 0.000000 0.412776
0 2 0.541895 0.227299 0.014919 0.000009 0.215879
4 2 0.033026 0.080688 0.015637 0.000291 0.870357
4 2 0.037405 0.148672 0.023670 0.000873 0.789379
2 2 0.031593 0.051096 0.883426 0.011734 0.022151
2 2 0.031250 0.171986 0.581627 0.005133 0.210004
2 2 0.046112 0.065665 0.862839 0.011284 0.014100
2 2 0.012341 0.096650 0.817956 0.007016 0.066037
2 2 0.043338 0.097258 0.845623 0.002180 0.011601
2 2 0.034860 0.137615 0.815869 0.001051 0.010606
2 2 0.002693 0.017663 0.950082 0.028905 0.000656
2 2 0.000237 0.016454 0.973368 0.008850 0.001091
2 2 0.034724 0.044736 0.906866 0.008393 0.005282
2 2 0.025307 0.053162 0.869110 0.046897 0.005523
2 2 0.073526 0.089215 0.826765 0.001718 0.008776
2 2 0.001891 0.097706 0.897002 0.000588 0.002812
2 2 0.017663 0.039963 0.923168 0.017886 0.001320
2 2 0.012661 0.068139 0.904011 0.013281 0.001908
2 2 0.006175 0.019130 0.951177 0.019795 0.003724
2 2 0.002859 0.022388 0.842985 0.130835 0.000933
2 2 0.001547 0.017614 0.965061 0.015489 0.000289
2 2 0.001156 0.009696 0.977669 0.011133 0.000346
2 2 0.000538 0.007971 0.918849 0.072570 0.000073
2 2 0.009140 0.031930 0.938942 0.019101 0.000888
2 2 0.003799 0.098981 0.877248 0.002177 0.017795
2 2 0.000222 0.020678 0.913912 0.063163 0.002025
2 2 0.012857 0.037578 0.939525 0.006278 0.003762
2 2 0.000724 0.010179 0.845726 0.143118 0.000253
2 2 0.040452 0.111409 0.808766 0.034202 0.005169
2 2 0.016638 0.020639 0.897706 0.064454 0.000563
2 2 0.001613 0.022043 0.845417 0.130382 0.000544
2 2 0.002334 0.009957 0.753987 0.233549 0.000172
2 2 0.004173 0.029228 0.781229 0.184567 0.000802
2 2 0.001598 0.023947 0.875471 0.098612 0.000372
2 2 0.001947 0.029568 0.962956 0.004694 0.000835
2 2 0.012923 0.219502 0.749753 0.008875 0.008948
2 2 0.001490 0.019512 0.957258 0.021499 0.000240
2 2 0.001604 0.017270 0.964148 0.016799 0.000179
2 2 0.005406 0.088736 0.887262 0.014415 0.004182
2 2 0.007708 0.026814 0.578847 0.384004 0.002628
2 2 0.009553 0.107582 0.867611 0.011744 0.003511
2 2 0.003524 0.016317 0.873951 0.105739 0.000469
2 2 0.000137 0.071044 0.928307 0.000151 0.000362
1 2 0.108585 0.748961 0.014628 0.000000 0.127826
2 2 0.022032 0.317150 0.439112 0.003223 0.218484
2 2 0.010074 0.211687 0.492323 0.006046 0.279871
2 2 0.012770 0.041859 0.893562 0.034139 0.017670
2 2 0.011738 0.032233 0.884292 0.055801 0.015936
2 2 0.032571 0.067451 0.856226 0.016329 0.027423
2 2 0.041777 0.055576 0.888774 0.005564 0.008310
2 2 0.011955 0.204422 0.761719 0.001099 0.020804
2 2 0.005100 0.054882 0.820400 0.090607 0.029011
2 2 0.006302 0.055103 0.908196 0.013001 0.017398
2 2 0.009591 0.084358 0.867842 0.015997 0.022213
2 2 0.006429 0.013965 0.746669 0.228798 0.004138
2 2 0.005626 0.010024 0.504778 0.477224 0.002348
2 2 0.010722 0.027203 0.947182 0.011246 0.003648
2 2 0.023867 0.053163 0.704300 0.186611 0.032058
2 2 0.011683 0.111336 0.848033 0.018764 0.010184
2 2 0.005115 0.028216 0.549154 0.401565 0.015950
2 2 0.001869 0.174579 0.737243 0.001493 0.084815
2 2 0.001351 0.063546 0.894717 0.029265 0.011121
2 2 0.004467 0.031251 0.756216 0.203001 0.005065
2 2 0.002937 0.051720 0.912155 0.029663 0.003524
2 2 0.006171 0.078637 0.876351 0.016355 0.022484
2 2 0.022165 0.030760 0.913729 0.032904 0.000442
2 2 0.008173 0.357862 0.390266 0.001162 0.242536
2 2 0.056506 0.110332 0.648169 0.110856 0.074136
2 2 0.022129 0.055801 0.894162 0.007835 0.020074
2 2 0.008217 0.131315 0.828460 0.005353 0.026656
2 2 0.005078 0.015698 0.907365 0.071333 0.000527
2 2 0.001307 0.024066 0.946432 0.025499 0.002696
2 2 0.008544 0.115887 0.871557 0.000293 0.003719
2 2 0.008761 0.079587 0.898686 0.001526 0.011440
2 2 0.002036 0.047908 0.935250 0.003064 0.011743
2 2 0.002247 0.033826 0.938044 0.012376 0.013506
2 2 0.001983 0.003506 0.565084 0.429258 0.000169
2 2 0.005369 0.009430 0.745350 0.239058 0.000794
2 2 0.001886 0.030168 0.963854 0.001412 0.002680
2 2 0.015061 0.044256 0.914178 0.021594 0.004912
2 2 0.002743 0.017601 0.945097 0.029367 0.005192
2 2 0.000544 0.008617 0.983929 0.006851 0.000059
2 2 0.005896 0.139874 0.834337 0.008284 0.011609
2 2 0.005233 0.015560 0.778125 0.199163 0.001920
2 2 0.003629 0.123029 0.837811 0.017421 0.018111
2 2 0.004737 0.028226 0.909261 0.047978 0.009797
2 2 0.003917 0.056521 0.903663 0.009038 0.026862
2 2 0.005297 0.112858 0.800987 0.005920 0.074938
2 2 0.023677 0.037282 0.899125 0.006703 0.033212
2 2 0.003786 0.024573 0.896151 0.064386 0.011104
2 2 0.031550 0.094174 0.844397 0.011509 0.018369
2 2 0.023498 0.135687 0.594360 0.214787 0.031668
