2 2 0.000413 0.035975 0.869514 0.051468 0.042630
2 2 0.000062 0.004600 0.937988 0.055882 0.001468
2 4 0.068128 0.102121 0.461077 0.000639 0.368034
4 4 0.319513 0.111907 0.106604 0.000395 0.461582
4 4 0.211379 0.094856 0.205801 0.017959 0.470005
4 4 0.200297 0.020358 0.024743 0.000368 0.754234
4 4 0.196178 0.097276 0.024873 0.000010 0.681663
4 4 0.041187 0.124131 0.078641 0.000037 0.756004
0 4 0.454200 0.135767 0.057487 0.000145 0.352401
4 4 0.326820 0.013967 0.015004 0.000510 0.643699
4 4 0.083657 0.178274 0.080259 0.000487 0.657323
4 4 0.277624 0.154619 0.085097 0.000258 0.482401
4 4 0.050092 0.155563 0.042814 0.000093 0.751438
4 4 0.016211 0.066640 0.030577 0.000012 0.886559
4 4 0.013996 0.187810 0.134336 0.000085 0.663774
4 4 0.010931 0.134366 0.102772 0.000067 0.751864
4 4 0.122316 0.122799 0.057922 0.000086 0.696877
4 4 0.061169 0.048643 0.016877 0.000058 0.873254
4 4 0.102197 0.038871 0.012896 0.000120 0.845915
4 4 0.049427 0.098264 0.056089 0.000169 0.796051
4 4 0.348495 0.110261 0.050484 0.000109 0.490651
0 4 0.576829 0.050677 0.067161 0.003266 0.302067
4 4 0.043713 0.052727 0.031929 0.000207 0.871424
4 4 0.143309 0.146156 0.050998 0.000068 0.659470
1 4 0.182753 0.558909 0.105225 0.000001 0.153112
1 4 0.104913 0.542511 0.156698 0.000002 0.195876
0 4 0.706589 0.152481 0.091291 0.000285 0.049353
0 4 0.617279 0.196886 0.113939 0.000023 0.071873
1 4 0.057821 0.483621 0.303330 0.000066 0.155163
4 4 0.048883 0.388090 0.159928 0.000156 0.402943
2 4 0.030222 0.116820 0.619091 0.039427 0.194440
2 4 0.011569 0.285207 0.415141 0.000431 0.287652
2 2 0.001330 0.108106 0.827751 0.011506 0.051307
2 2 0.002025 0.079977 0.843452 0.031789 0.042757
2 2 0.000145 0.009032 0.610684 0.378497 0.001642
2 2 0.000001 0.001090 0.676916 0.321831 0.000162
2 2 0.000086 0.005495 0.802491 0.186575 0.005352
2 2 0.000214 0.015666 0.960824 0.021847 0.001449
3 2 0.000294 0.005695 0.338473 0.654632 0.000907
2 2 0.000230 0.023801 0.942129 0.032145 0.001695
2 3 0.000018 0.002268 0.811746 0.185712 0.000255
2 3 0.000211 0.004260 0.550712 0.443504 0.001313
2 3 0.000028 0.008783 0.911641 0.076994 0.002554
2 3 0.000032 0.008367 0.710668 0.279795 0.001137
2 3 0.000606 0.026173 0.646963 0.303596 0.022661
3 3 0.000136 0.003169 0.155369 0.838738 0.002587
3 3 0.001109 0.010048 0.202865 0.773473 0.012505
3 3 0.002254 0.003056 0.053393 0.930931 0.010366
3 3 0.000138 0.007847 0.339224 0.649249 0.003543
3 3 0.000044 0.001216 0.144199 0.854074 0.000467
3 3 0.000001 0.000100 0.090856 0.908998 0.000045
3 3 0.000001 0.000090 0.086714 0.913159 0.000036
3 3 0.004733 0.022547 0.330122 0.635758 0.006841
3 3 0.000113 0.003260 0.274850 0.721553 0.000224
3 3 0.000073 0.001129 0.148495 0.849854 0.000449
3 3 0.000008 0.001470 0.436932 0.561345 0.000245
3 3 0.000896 0.003390 0.119589 0.874595 0.001529
3 3 0.000053 0.001078 0.143623 0.855019 0.000227
3 3 0.000671 0.002117 0.069628 0.920021 0.007563
3 3 0.000447 0.001731 0.076572 0.916154 0.005097
3 3 0.000156 0.000212 0.019230 0.978996 0.001406
3 3 0.000123 0.005632 0.214370 0.778351 0.001524
3 3 0.000002 0.000113 0.093996 0.905874 0.000015
3 3 0.000002 0.000165 0.106730 0.893078 0.000025
3 3 0.000062 0.001222 0.217332 0.778104 0.003280
3 3 0.000187 0.002160 0.084332 0.911365 0.001957
3 3 0.000895 0.001482 0.033235 0.959234 0.005154
3 3 0.000010 0.000078 0.013781 0.986029 0.000103
3 3 0.000169 0.000147 0.009111 0.989643 0.000930
3 3 0.000041 0.000156 0.012401 0.987150 0.000252
3 3 0.004729 0.018693 0.096114 0.863077 0.017386
3 3 0.001068 0.018706 0.433219 0.520600 0.026406
3 3 0.000037 0.000215 0.036903 0.962591 0.000255
3 3 0.000001 0.000045 0.044185 0.955746 0.000024
2 3 0.000578 0.019819 0.595156 0.383601 0.000845
3 3 0.000048 0.001015 0.068129 0.930433 0.000376
3 3 0.000067 0.000060 0.004313 0.995309 0.000250
3 3 0.000195 0.000543 0.018336 0.980015 0.000912
3 3 0.000045 0.000083 0.009701 0.989819 0.000353
3 3 0.000017 0.000132 0.020671 0.978968 0.000212
3 3 0.000037 0.000299 0.072215 0.927365 0.000084
2 3 0.000119 0.006321 0.564243 0.427679 0.001639
3 3 0.000000 0.000014 0.034181 0.965801 0.000003
3 3 0.000000 0.000010 0.026337 0.973648 0.000006
3 3 0.000239 0.004746 0.134342 0.857831 0.002841
3 3 0.000373 0.002016 0.063165 0.931540 0.002906
3 3 0.001657 0.001925 0.030605 0.963124 0.002690
3 3 0.000051 0.001669 0.211963 0.785804 0.000513
3 3 0.002515 0.011411 0.162577 0.820261 0.003236
3 3 0.000008 0.000327 0.140773 0.858825 0.000067
3 3 0.000191 0.004128 0.255756 0.733424 0.006502
3 3 0.000004 0.000065 0.023120 0.976732 0.000079
3 3 0.000004 0.000030 0.014772 0.985116 0.000079
3 3 0.000030 0.000358 0.042947 0.956202 0.000463
3 3 0.000270 0.001418 0.080054 0.917802 0.000455
3 3 0.000206 0.001355 0.253489 0.744847 0.000103
3 3 0.000111 0.000613 0.035463 0.962758 0.001054
3 3 0.000043 0.000467 0.077097 0.921835 0.000557
0 0 0.556609 0.015503 0.058834 0.295401 0.073653
0 1 0.907566 0.006479 0.006036 0.001676 0.078244
0 2 0.974674 0.001658 0.003407 0.001004 0.019256
0 0 0.999527 0.000064 0.000063 0.000000 0.000347
0 0 0.987927 0.005391 0.002611 0.000004 0.004067
0 0 0.970973 0.015425 0.008712 0.000074 0.004816
2 0 0.034774 0.159362 0.795054 0.006156 0.004655
2 0 0.038374 0.300352 0.647133 0.000160 0.013981
4 0 0.192660 0.212395 0.251861 0.000044 0.343040
2 1 0.070528 0.111755 0.666133 0.034737 0.116847
4 1 0.056187 0.107168 0.323576 0.013591 0.499478
2 1 0.010815 0.137830 0.761968 0.009164 0.080223
2 1 0.008499 0.135737 0.701153 0.058670 0.095941
2 1 0.029439 0.104274 0.656517 0.028490 0.181279
2 1 0.007974 0.066471 0.869058 0.028225 0.028271
2 2 0.027255 0.202560 0.707606 0.011206 0.051373
2 2 0.007439 0.167079 0.808922 0.001047 0.015513
2 2 0.005561 0.139983 0.841837 0.001301 0.011319
2 2 0.006280 0.083130 0.801679 0.066761 0.042150
2 2 0.004791 0.058168 0.884830 0.028966 0.023246
2 2 0.006295 0.088679 0.898473 0.000398 0.006155
2 2 0.022585 0.296418 0.648968 0.000145 0.031884
2 1 0.056546 0.075534 0.708447 0.139261 0.020212
2 2 0.000768 0.031682 0.961343 0.005575 0.000633
2 2 0.000236 0.018090 0.938122 0.043050 0.000503
2 2 0.001063 0.043520 0.917472 0.034065 0.003880
2 2 0.000721 0.037975 0.881851 0.077571 0.001881
2 2 0.000286 0.029543 0.843209 0.123599 0.003362
2 2 0.001605 0.026913 0.911640 0.054868 0.004974
2 2 0.002408 0.075956 0.862476 0.020314 0.038845
2 2 0.000170 0.017100 0.980439 0.001606 0.000686
2 2 0.000607 0.028725 0.969304 0.000604 0.000760
2 2 0.002745 0.031925 0.959330 0.005189 0.000811
2 1 0.006931 0.130372 0.849618 0.002741 0.010338
2 2 0.233080 0.116515 0.573206 0.009027 0.068172
0 2 0.430725 0.248885 0.220004 0.000101 0.100285
2 2 0.041229 0.269375 0.646847 0.004298 0.038251
2 2 0.012016 0.058588 0.921113 0.001890 0.006393
2 2 0.000020 0.001933 0.843354 0.154658 0.000035
2 2 0.000458 0.021097 0.967639 0.010510 0.000297
2 2 0.000969 0.034748 0.950829 0.012523 0.000931
2 2 0.013965 0.154871 0.825755 0.000563 0.004846
2 2 0.225963 0.237849 0.475523 0.000733 0.059932
2 2 0.029420 0.198168 0.703452 0.000686 0.068274
2 2 0.000648 0.031529 0.957911 0.008578 0.001334
2 2 0.000009 0.001615 0.916523 0.081841 0.000012
2 2 0.006545 0.082771 0.887040 0.022668 0.000977
2 2 0.001187 0.034090 0.821386 0.142721 0.000616
2 2 0.005767 0.094350 0.883731 0.014068 0.002084
2 2 0.005444 0.126116 0.850258 0.010494 0.007688
2 2 0.000073 0.004939 0.894770 0.099958 0.000260
2 2 0.000299 0.007959 0.816433 0.173253 0.002056
2 2 0.009516 0.109099 0.708446 0.100709 0.072229
2 2 0.022330 0.104134 0.827265 0.037784 0.008487
2 2 0.091665 0.331263 0.440369 0.013904 0.122800
2 2 0.079758 0.296833 0.568120 0.008749 0.046539
2 2 0.007804 0.140488 0.810279 0.018637 0.022792
2 2 0.005798 0.100787 0.872766 0.000458 0.020191
2 2 0.094435 0.258741 0.535996 0.008613 0.102214
0 2 0.500202 0.414021 0.074451 0.000000 0.011326
2 1 0.061637 0.221920 0.628552 0.005311 0.082579
1 1 0.098410 0.460623 0.318552 0.000430 0.121984
2 1 0.003725 0.116234 0.867367 0.002441 0.010233
2 1 0.005539 0.131969 0.832277 0.020123 0.010093
4 1 0.076254 0.181583 0.336064 0.013453 0.392646
2 0 0.064864 0.272946 0.439880 0.000261 0.222049
2 1 0.136920 0.144906 0.401561 0.000481 0.316132
1 1 0.070995 0.511338 0.196509 0.000030 0.221128
1 1 0.095376 0.525000 0.287965 0.000015 0.091644
1 1 0.209227 0.551299 0.190105 0.000045 0.049323
0 1 0.471673 0.108166 0.256543 0.002491 0.161127
0 1 0.328602 0.279571 0.271097 0.000418 0.120312
2 1 0.086598 0.264458 0.569665 0.002873 0.076406
2 1 0.094500 0.133837 0.536881 0.156679 0.078102
2 0 0.219762 0.201627 0.462914 0.001183 0.114514
0 1 0.613270 0.208779 0.082300 0.000128 0.095523
1 1 0.048629 0.451242 0.392430 0.000675 0.107025
2 1 0.050861 0.389835 0.527946 0.000390 0.030969
1 1 0.106406 0.461670 0.384514 0.003020 0.044389
1 1 0.159683 0.542191 0.247367 0.000420 0.050340
0 1 0.436403 0.400841 0.092879 0.000234 0.069642
2 1 0.122836 0.410757 0.446936 0.000688 0.018784
2 2 0.002563 0.056182 0.934424 0.005972 0.000859
2 2 0.001196 0.037827 0.954831 0.005492 0.000654
0 2 0.872916 0.067611 0.020339 0.000028 0.039105
0 1 0.528939 0.218342 0.058039 0.000097 0.194582
1 1 0.166608 0.568881 0.162401 0.000017 0.102093
1 1 0.073720 0.487124 0.325234 0.000008 0.113914
1 1 0.118496 0.455111 0.345027 0.004393 0.076972
2 1 0.030431 0.216900 0.663939 0.000193 0.088536
1 1 0.121369 0.557406 0.170365 0.000006 0.150854
2 1 0.025769 0.313867 0.626650 0.000821 0.032893
0 2 0.514077 0.203066 0.225422 0.000459 0.056976
2 2 0.017724 0.179457 0.790548 0.005614 0.006657
2 2 0.039445 0.084746 0.850937 0.021859 0.003012
2 2 0.000726 0.016256 0.960493 0.022477 0.000048
2 2 0.009980 0.241983 0.691676 0.001718 0.054643
2 2 0.022220 0.196979 0.711900 0.000343 0.068558
2 2 0.041152 0.311963 0.628921 0.002158 0.015805
1 1 0.183939 0.509534 0.279116 0.000104 0.027306
2 2 0.031965 0.285149 0.653013 0.006446 0.023427
2 2 0.004798 0.056817 0.907721 0.028765 0.001899
0 2 0.705529 0.077879 0.201549 0.001996 0.013047
0 0 0.965886 0.008612 0.007380 0.000847 0.017276
0 0 0.872066 0.054263 0.032412 0.002285 0.038975
2 1 0.045377 0.302630 0.469969 0.001415 0.180608
1 1 0.039864 0.425736 0.353655 0.000704 0.180040
2 1 0.023862 0.330249 0.569224 0.001104 0.075561
1 1 0.405062 0.475595 0.097941 0.000060 0.021342
0 1 0.943057 0.021712 0.017671 0.002672 0.014888
4 1 0.018043 0.303775 0.130444 0.000280 0.547458
2 2 0.004599 0.226922 0.451253 0.000483 0.316743
2 2 0.006184 0.054932 0.916800 0.008511 0.013573
2 2 0.000005 0.002549 0.991067 0.006274 0.000105
2 2 0.000000 0.000372 0.981198 0.018423 0.000007
2 2 0.000001 0.000279 0.910475 0.089236 0.000010
2 2 0.000417 0.016457 0.921579 0.061413 0.000133
2 2 0.000000 0.000220 0.952096 0.047680 0.000004
2 2 0.000075 0.005246 0.990821 0.003662 0.000195
2 2 0.000298 0.008909 0.973905 0.016166 0.000723
2 4 0.010772 0.135618 0.496254 0.009844 0.347512
2 4 0.094584 0.153937 0.461211 0.008199 0.282069
4 4 0.027908 0.048090 0.152410 0.000910 0.770682
4 4 0.127883 0.075297 0.080499 0.000198 0.716124
0 4 0.353585 0.209382 0.136765 0.000783 0.299484
0 4 0.692577 0.032268 0.016139 0.000159 0.258857
0 4 0.533272 0.014384 0.005672 0.000035 0.446637
0 4 0.856738 0.003310 0.002121 0.000059 0.137772
4 4 0.254013 0.045775 0.024078 0.000331 0.675803
4 4 0.289470 0.150738 0.049987 0.000275 0.509529
4 4 0.105326 0.003837 0.004838 0.000096 0.885902
4 4 0.213158 0.006638 0.007437 0.000339 0.772428
0 4 0.689825 0.054924 0.019128 0.000144 0.235979
4 4 0.271020 0.172033 0.086843 0.000037 0.470067
4 4 0.341004 0.161608 0.029698 0.000027 0.467662
1 4 0.073834 0.398152 0.200928 0.000009 0.327078
1 4 0.078365 0.511914 0.203638 0.000361 0.205722
2 4 0.011315 0.309064 0.346487 0.000340 0.332794
2 4 0.005930 0.248979 0.395189 0.000170 0.349732
2 4 0.001416 0.131753 0.746405 0.002111 0.118315
2 4 0.002932 0.127522 0.671386 0.014609 0.183550
2 4 0.000780 0.030051 0.923818 0.016038 0.029313
2 4 0.001683 0.111656 0.847889 0.001623 0.037151
2 2 0.007806 0.072374 0.859904 0.018766 0.041149
2 2 0.003690 0.153100 0.756329 0.013616 0.073266
2 2 0.000057 0.005649 0.980080 0.013554 0.000659
2 2 0.000000 0.000101 0.914125 0.085773 0.000001
2 2 0.000006 0.002232 0.990106 0.007607 0.000050
2 2 0.000001 0.000334 0.904552 0.095105 0.000008
2 2 0.000026 0.003033 0.991472 0.005457 0.000012
2 0 0.113327 0.395517 0.476668 0.000076 0.014412
2 0 0.176578 0.116920 0.652983 0.017115 0.036403
0 1 0.398841 0.227381 0.096018 0.000821 0.276939
2 1 0.025304 0.326263 0.602213 0.002442 0.043779
4 1 0.361330 0.153408 0.104314 0.001755 0.379193
2 1 0.155019 0.102736 0.668803 0.049685 0.023758
0 1 0.750405 0.018068 0.009131 0.000033 0.222363
1 0 0.161857 0.421912 0.121360 0.000019 0.294852
1 1 0.308564 0.409540 0.260614 0.002177 0.019105
2 1 0.212422 0.197675 0.349308 0.004883 0.235712
2 1 0.052923 0.326344 0.564208 0.000188 0.056338
1 1 0.027872 0.405193 0.404889 0.000914 0.161132
1 1 0.153188 0.414709 0.351833 0.000785 0.079485
2 1 0.035399 0.201850 0.691645 0.005547 0.065559
2 2 0.007593 0.216368 0.719541 0.002617 0.053880
2 1 0.050136 0.217988 0.680212 0.002264 0.049400
2 1 0.076151 0.223293 0.672371 0.000892 0.027293
2 1 0.050728 0.398482 0.511575 0.000242 0.038972
2 2 0.022537 0.285069 0.665812 0.000384 0.026198
2 2 0.057650 0.178815 0.715041 0.000718 0.047777
2 2 0.003197 0.029481 0.774731 0.191765 0.000826
2 2 0.000003 0.000632 0.966894 0.032468 0.000003
2 2 0.000261 0.013630 0.984611 0.001355 0.000142
2 2 0.003450 0.067055 0.925734 0.002677 0.001084
2 2 0.018744 0.085058 0.849220 0.037551 0.009428
2 2 0.005778 0.038848 0.951742 0.003138 0.000494
2 2 0.017114 0.045206 0.816189 0.120034 0.001456
2 2 0.001248 0.022364 0.919930 0.055408 0.001050
2 2 0.000869 0.010518 0.975615 0.012603 0.000396
2 1 0.076961 0.235047 0.679710 0.000198 0.008084
2 2 0.000231 0.022096 0.969724 0.006774 0.001176
2 2 0.000001 0.000256 0.960467 0.039274 0.000002
2 2 0.000004 0.000547 0.833528 0.165891 0.000030
2 2 0.000003 0.001511 0.985598 0.012861 0.000027
2 2 0.000017 0.001251 0.814953 0.183725 0.000054
2 2 0.000019 0.001266 0.824036 0.174575 0.000103
2 2 0.000010 0.002391 0.934013 0.063556 0.000030
2 2 0.000183 0.006959 0.986735 0.006070 0.000052
2 2 0.000652 0.003250 0.947684 0.048369 0.000045
2 1 0.056961 0.160194 0.722730 0.030700 0.029415
2 1 0.000126 0.022687 0.771567 0.200096 0.005525
2 2 0.000215 0.009622 0.944632 0.045212 0.000318
2 2 0.001399 0.027603 0.944112 0.019471 0.007415
2 2 0.000027 0.003912 0.966830 0.029052 0.000179
2 2 0.000033 0.005416 0.990077 0.004386 0.000087
2 2 0.000000 0.000122 0.984854 0.015022 0.000001
2 2 0.003073 0.032509 0.954216 0.007868 0.002334
2 2 0.000026 0.005114 0.984096 0.010649 0.000115
2 2 0.000184 0.002739 0.894264 0.102782 0.000031
2 2 0.000021 0.000879 0.739586 0.259505 0.000008
2 2 0.000393 0.023064 0.972449 0.003561 0.000534
2 2 0.000015 0.003694 0.964704 0.031501 0.000085
2 2 0.002860 0.012439 0.622997 0.361437 0.000267
2 2 0.000020 0.003451 0.846999 0.149481 0.000049
3 2 0.000001 0.000053 0.399540 0.600406 0.000000
2 2 0.000000 0.000022 0.564434 0.435543 0.000000
3 2 0.000000 0.000008 0.060268 0.939724 0.000000
2 2 0.000001 0.000380 0.745601 0.254013 0.000004
2 2 0.000000 0.000064 0.935891 0.064045 0.000000
2 2 0.000000 0.000093 0.989483 0.010423 0.000000
2 2 0.000019 0.000705 0.753803 0.245453 0.000020
2 2 0.000112 0.012607 0.887469 0.098403 0.001409
2 2 0.000036 0.001521 0.711610 0.286807 0.000026
3 2 0.000271 0.003987 0.402097 0.593509 0.000136
2 2 0.000001 0.000378 0.906871 0.092748 0.000002
2 2 0.000003 0.000440 0.725325 0.274228 0.000004
2 2 0.000056 0.002232 0.589578 0.407983 0.000150
2 2 0.000014 0.001263 0.748215 0.250488 0.000021
2 2 0.000115 0.013436 0.849621 0.136195 0.000634
3 2 0.000004 0.000413 0.240861 0.758693 0.000030
3 2 0.000007 0.000150 0.280143 0.719695 0.000005
3 3 0.000026 0.001863 0.462017 0.536059 0.000036
3 2 0.000008 0.000455 0.177428 0.822074 0.000035
3 2 0.000007 0.000151 0.132256 0.867579 0.000007
3 2 0.000002 0.000143 0.238547 0.761304 0.000004
3 2 0.000000 0.000062 0.202226 0.797705 0.000006
3 3 0.000645 0.002070 0.066122 0.930161 0.001001
3 2 0.000000 0.000030 0.084131 0.915836 0.000002
3 3 0.000000 0.000060 0.364112 0.635827 0.000001
2 2 0.016152 0.091809 0.782200 0.108745 0.001094
3 3 0.000366 0.007842 0.286154 0.704868 0.000770
2 3 0.000016 0.002366 0.774977 0.222528 0.000113
3 2 0.000003 0.000088 0.284555 0.715353 0.000001
2 2 0.003234 0.019971 0.825045 0.150941 0.000809
2 2 0.002671 0.052612 0.617044 0.322130 0.005543
3 2 0.000041 0.000834 0.149186 0.849860 0.000079
1 0 0.317336 0.526198 0.115784 0.000291 0.040391
2 1 0.145375 0.273287 0.527504 0.007784 0.046050
2 2 0.072546 0.127937 0.761041 0.005516 0.032961
2 1 0.279553 0.209957 0.436669 0.001968 0.071853
4 1 0.335326 0.151682 0.115394 0.000970 0.396629
0 1 0.725303 0.144475 0.051337 0.000508 0.078376
0 1 0.873981 0.019389 0.007589 0.000032 0.099009
0 1 0.367307 0.220418 0.125527 0.000050 0.286698
2 1 0.143898 0.250851 0.528987 0.005715 0.070548
2 1 0.031736 0.200874 0.753045 0.003504 0.010842
4 1 0.295856 0.146766 0.107087 0.000164 0.450126
4 1 0.114518 0.386878 0.092856 0.000003 0.405746
4 1 0.068365 0.143702 0.088215 0.000396 0.699323
2 1 0.004401 0.179508 0.759884 0.000711 0.055496
0 1 0.996568 0.001425 0.000743 0.000000 0.001263
0 0 0.883234 0.103804 0.011172 0.000000 0.001791
0 1 0.726462 0.189298 0.043533 0.000030 0.040677
0 1 0.897418 0.052748 0.012531 0.000003 0.037300
0 1 0.982956 0.005824 0.002888 0.000007 0.008325
0 0 0.894051 0.046071 0.031557 0.003655 0.024666
0 0 0.988949 0.003273 0.001418 0.000001 0.006359
0 0 0.861530 0.072857 0.043591 0.000024 0.021998
0 0 0.935521 0.013675 0.004472 0.000003 0.046329
0 0 0.888096 0.067636 0.014819 0.000003 0.029447
0 0 0.878406 0.080132 0.027969 0.000010 0.013484
0 0 0.793420 0.154549 0.037708 0.000006 0.014317
0 0 0.606420 0.137800 0.234132 0.000800 0.020848
0 0 0.994597 0.001504 0.001904 0.000270 0.001726
0 0 0.991695 0.000003 0.000015 0.000160 0.008126
0 0 0.615819 0.009344 0.002329 0.000001 0.372507
0 0 0.996172 0.002562 0.001041 0.000000 0.000225
0 0 0.722062 0.226805 0.048448 0.000008 0.002677
0 0 0.840921 0.081165 0.053446 0.000193 0.024275
0 0 0.883730 0.059743 0.019853 0.000044 0.036630
0 0 0.418438 0.284618 0.072677 0.000002 0.224265
0 0 0.469415 0.209689 0.104917 0.000034 0.215945
2 1 0.172154 0.281223 0.401660 0.000136 0.144826
2 1 0.027317 0.133930 0.807268 0.000548 0.030937
2 1 0.011425 0.121687 0.851317 0.003880 0.011691
2 1 0.070665 0.374751 0.462966 0.002320 0.089297
2 1 0.006526 0.100816 0.887188 0.003331 0.002139
2 2 0.042499 0.255925 0.691353 0.004545 0.005678
2 2 0.000064 0.007274 0.958841 0.033712 0.000109
2 2 0.000091 0.007487 0.955126 0.037228 0.000068
2 2 0.000210 0.013235 0.975117 0.011283 0.000155
2 2 0.000010 0.000549 0.928313 0.071121 0.000007
2 2 0.012820 0.118396 0.865154 0.002410 0.001220
2 2 0.000807 0.026195 0.948319 0.024416 0.000263
2 2 0.001575 0.013277 0.774976 0.209952 0.000220
2 2 0.018353 0.206924 0.758935 0.007174 0.008614
2 2 0.040154 0.130631 0.811296 0.000400 0.017518
2 1 0.158255 0.326772 0.500960 0.001216 0.012796
2 2 0.000030 0.003132 0.955900 0.040904 0.000034
2 2 0.000009 0.000487 0.920863 0.078636 0.000006
2 1 0.009212 0.039031 0.936928 0.014209 0.000620
2 1 0.001701 0.037220 0.960464 0.000256 0.000359
4 1 0.231642 0.311495 0.081699 0.000014 0.375149
1 1 0.032522 0.429942 0.393082 0.000324 0.144130
4 1 0.135146 0.133384 0.067608 0.001198 0.662665
2 1 0.008499 0.244911 0.519533 0.000432 0.226626
2 2 0.000004 0.000784 0.969265 0.029904 0.000043
2 2 0.000004 0.001015 0.912003 0.086942 0.000035
2 2 0.000012 0.004097 0.982439 0.013280 0.000172
2 2 0.000010 0.002363 0.975741 0.021755 0.000131
2 2 0.002889 0.024548 0.968220 0.003248 0.001095
2 2 0.000042 0.005230 0.988655 0.006022 0.000051
2 2 0.000009 0.002116 0.993181 0.004676 0.000018
2 2 0.000553 0.007307 0.942160 0.049467 0.000513
2 2 0.000238 0.005810 0.971325 0.022330 0.000298
2 2 0.000179 0.012107 0.963970 0.023599 0.000146
2 2 0.000002 0.001166 0.976301 0.022515 0.000017
2 2 0.000001 0.000612 0.987530 0.011853 0.000004
2 2 0.000003 0.000581 0.982982 0.016433 0.000001
2 2 0.000001 0.000228 0.978602 0.021169 0.000001
2 2 0.000008 0.001692 0.842608 0.155645 0.000048
2 2 0.000002 0.000820 0.748455 0.250711 0.000012
2 2 0.000028 0.003035 0.979110 0.017815 0.000012
2 2 0.000000 0.000045 0.926283 0.073672 0.000000
2 2 0.000001 0.000410 0.951721 0.047862 0.000006
2 2 0.000046 0.005666 0.871329 0.122872 0.000087
2 2 0.001182 0.044235 0.940183 0.013148 0.001252
2 2 0.000263 0.016327 0.887819 0.095282 0.000310
2 2 0.000026 0.000563 0.552542 0.446848 0.000021
2 2 0.000000 0.000048 0.863422 0.136531 0.000000
2 2 0.000000 0.000118 0.712223 0.287655 0.000004
2 2 0.000001 0.000580 0.965785 0.033630 0.000004
3 2 0.000003 0.000119 0.352905 0.646973 0.000001
2 2 0.000001 0.000176 0.834659 0.165162 0.000001
2 2 0.000024 0.001558 0.524842 0.473543 0.000033
2 2 0.000006 0.000104 0.541486 0.458404 0.000000
3 2 0.000000 0.000005 0.119214 0.880780 0.000001
3 2 0.000000 0.000003 0.142654 0.857343 0.000000
2 2 0.000001 0.000264 0.882604 0.117131 0.000001
2 3 0.000000 0.000065 0.935072 0.064863 0.000000
2 3 0.001405 0.021249 0.759104 0.217836 0.000406
2 3 0.000286 0.005908 0.541741 0.451940 0.000126
3 3 0.000004 0.000305 0.259773 0.739906 0.000012
3 3 0.000000 0.000015 0.222123 0.777862 0.000000
2 3 0.000030 0.003233 0.702314 0.294397 0.000026
3 3 0.000000 0.000186 0.344287 0.655518 0.000008
3 3 0.000000 0.000083 0.258439 0.741475 0.000002
3 3 0.000000 0.000002 0.040811 0.959186 0.000000
3 3 0.000078 0.001205 0.271408 0.727261 0.000048
2 2 0.010998 0.027755 0.707604 0.253211 0.000432
2 2 0.000211 0.011665 0.752052 0.234925 0.001147
2 2 0.000036 0.004545 0.868812 0.126554 0.000053
2 2 0.000658 0.022174 0.911391 0.065567 0.000210
2 2 0.000053 0.004465 0.720110 0.275335 0.000037
2 2 0.276360 0.249195 0.345355 0.056034 0.073055
2 2 0.002079 0.020053 0.535785 0.440721 0.001363
2 2 0.007030 0.087105 0.794092 0.110562 0.001211
2 2 0.076251 0.257611 0.655829 0.004293 0.006015
2 1 0.063176 0.307317 0.614656 0.002383 0.012468
2 1 0.028147 0.121379 0.836187 0.005375 0.008912
2 2 0.006136 0.130933 0.855772 0.000231 0.006927
2 2 0.013329 0.177759 0.772990 0.004088 0.031834
2 2 0.015864 0.103854 0.786437 0.049374 0.044471
2 2 0.001187 0.035356 0.939915 0.019914 0.003629
2 1 0.047945 0.329561 0.606579 0.001010 0.014904
2 1 0.016382 0.164366 0.808203 0.007465 0.003583
0 1 0.565477 0.336011 0.084363 0.000122 0.014027
1 1 0.291392 0.513978 0.113949 0.000003 0.080678
2 1 0.007814 0.126010 0.861764 0.000715 0.003697
2 2 0.002172 0.065781 0.929332 0.000640 0.002076
2 2 0.000371 0.012088 0.984973 0.002530 0.000037
2 2 0.000013 0.002552 0.979856 0.017558 0.000022
2 2 0.000142 0.012961 0.982088 0.004554 0.000255
2 2 0.000106 0.007330 0.968348 0.024169 0.000047
2 2 0.000178 0.012715 0.984314 0.002217 0.000576
2 2 0.000031 0.004196 0.991700 0.004039 0.000033
2 2 0.006915 0.023895 0.804365 0.158793 0.006031
2 2 0.002288 0.037767 0.929457 0.029280 0.001207
2 2 0.000001 0.000194 0.900607 0.099197 0.000001
2 2 0.000002 0.000613 0.944179 0.055204 0.000003
2 2 0.000000 0.000100 0.987031 0.012869 0.000000
2 2 0.000002 0.000248 0.917357 0.082392 0.000001
2 2 0.000355 0.018997 0.964584 0.015632 0.000432
2 2 0.000220 0.011298 0.908238 0.079997 0.000246
3 2 0.002140 0.021691 0.449380 0.525471 0.001318
2 2 0.000141 0.007596 0.800207 0.191908 0.000149
2 2 0.000321 0.008974 0.909955 0.080494 0.000255
2 2 0.000003 0.001042 0.965208 0.033741 0.000006
2 2 0.000000 0.000015 0.948880 0.051105 0.000000
2 2 0.000012 0.002679 0.896876 0.100389 0.000044
2 2 0.000017 0.000991 0.610626 0.388350 0.000016
3 2 0.000051 0.001013 0.259641 0.739255 0.000041
2 2 0.000001 0.000249 0.985472 0.014277 0.000001
2 2 0.000210 0.012754 0.921995 0.064877 0.000164
2 2 0.000002 0.000816 0.860630 0.138519 0.000033
2 2 0.000009 0.000611 0.856503 0.142862 0.000014
2 2 0.000709 0.011175 0.721157 0.266494 0.000465
2 2 0.000059 0.003632 0.618788 0.377211 0.000310
2 2 0.000688 0.007619 0.550582 0.440943 0.000168
3 2 0.000383 0.003367 0.395544 0.600602 0.000104
2 2 0.000011 0.001863 0.888898 0.109218 0.000010
2 2 0.000002 0.000555 0.958792 0.040650 0.000001
2 2 0.000228 0.010247 0.961484 0.027993 0.000049
2 2 0.000031 0.002177 0.831822 0.165953 0.000016
3 2 0.000442 0.001296 0.338488 0.659743 0.000031
3 2 0.000078 0.001907 0.462578 0.535404 0.000034
2 2 0.002198 0.008126 0.640933 0.348608 0.000135
2 2 0.000021 0.002503 0.974930 0.022538 0.000009
2 2 0.000021 0.003146 0.992623 0.004189 0.000020
2 2 0.000001 0.000719 0.926185 0.073082 0.000013
2 2 0.000074 0.003953 0.922016 0.073930 0.000027
2 2 0.001964 0.042388 0.875790 0.079372 0.000486
2 2 0.000002 0.000443 0.993680 0.005874 0.000002
2 2 0.000139 0.007889 0.940245 0.051368 0.000359
3 2 0.002321 0.009094 0.476428 0.511841 0.000317
2 2 0.000410 0.003817 0.732148 0.263588 0.000037
2 2 0.000037 0.000867 0.617933 0.381154 0.000008
2 2 0.000010 0.000753 0.852010 0.147224 0.000004
2 2 0.000872 0.021422 0.915269 0.062325 0.000111
2 2 0.000026 0.001218 0.630143 0.368604 0.000008
2 2 0.000008 0.001380 0.847739 0.150867 0.000006
2 2 0.000002 0.000378 0.938104 0.061515 0.000001
2 2 0.000006 0.000500 0.632505 0.366973 0.000015
2 2 0.000225 0.007449 0.722686 0.269567 0.000073
2 2 0.001328 0.037623 0.846330 0.114091 0.000628
3 2 0.007584 0.023667 0.180670 0.780292 0.007788
2 2 0.000425 0.005453 0.754591 0.239496 0.000035
3 2 0.000022 0.000227 0.148311 0.851430 0.000010
2 2 0.001247 0.028381 0.669118 0.300570 0.000684
2 2 0.000141 0.010714 0.525156 0.463618 0.000371
3 2 0.000386 0.003176 0.190383 0.805681 0.000374
3 2 0.000990 0.004715 0.355423 0.638665 0.000207
2 2 0.000036 0.002215 0.846650 0.151011 0.000088
2 2 0.000222 0.017263 0.878163 0.103822 0.000530
2 2 0.000031 0.004349 0.868565 0.126999 0.000057
2 2 0.000233 0.009696 0.848316 0.141706 0.000049
3 2 0.000001 0.000029 0.062492 0.937476 0.000002
3 2 0.000000 0.000003 0.085814 0.914182 0.000000
2 2 0.000181 0.006329 0.882696 0.110695 0.000100
2 2 0.000001 0.000455 0.702137 0.297388 0.000020
2 2 0.000122 0.006796 0.664885 0.328051 0.000145
3 2 0.000268 0.002766 0.472560 0.524353 0.000053
2 2 0.000053 0.002936 0.516272 0.480685 0.000053
3 2 0.000617 0.005022 0.353178 0.640942 0.000241
3 3 0.000170 0.002049 0.291580 0.706109 0.000092
2 2 0.000884 0.021544 0.489929 0.485860 0.001783
2 1 0.000926 0.020713 0.873354 0.104898 0.000109
2 2 0.309544 0.131770 0.537289 0.018287 0.003110
1 0 0.208366 0.457666 0.048434 0.000005 0.285530
1 1 0.208715 0.522817 0.237607 0.000151 0.030710
2 1 0.018543 0.239430 0.716109 0.009633 0.016285
2 2 0.059680 0.180126 0.737853 0.018898 0.003444
2 2 0.001934 0.109957 0.860384 0.001735 0.025991
2 2 0.007576 0.092135 0.887747 0.003478 0.009063
2 4 0.025375 0.162171 0.780911 0.002040 0.029502
0 4 0.745668 0.037732 0.077873 0.001233 0.137494
2 4 0.008521 0.100231 0.467126 0.003321 0.420801
4 4 0.225282 0.144738 0.123496 0.003040 0.503444
4 4 0.108724 0.035929 0.031606 0.001845 0.821897
4 4 0.037641 0.051532 0.028710 0.000033 0.882084
4 4 0.196722 0.002219 0.006381 0.015174 0.779505
4 4 0.103643 0.040781 0.123206 0.310663 0.421708
1 4 0.087800 0.506892 0.206889 0.000079 0.198339
4 4 0.198576 0.175675 0.141799 0.000742 0.483208
4 4 0.108603 0.048707 0.011963 0.000072 0.830656
4 4 0.281217 0.066309 0.021617 0.000221 0.630636
4 4 0.364763 0.007697 0.007221 0.010984 0.609335
4 4 0.118976 0.045109 0.030099 0.000131 0.805684
4 4 0.148305 0.071639 0.026793 0.000098 0.753165
4 4 0.060085 0.029713 0.027109 0.000702 0.882390
4 4 0.254773 0.009632 0.009615 0.000126 0.725854
4 4 0.338848 0.016348 0.008072 0.000685 0.636047
4 4 0.013096 0.006680 0.007692 0.000006 0.972526
4 4 0.204276 0.111051 0.022799 0.000013 0.661861
0 4 0.342692 0.249805 0.263848 0.000345 0.143311
4 4 0.082802 0.360639 0.183330 0.000013 0.373216
4 4 0.002731 0.188434 0.380888 0.000255 0.427692
4 4 0.006360 0.111298 0.324156 0.000438 0.557748
0 4 0.805462 0.068807 0.028036 0.000009 0.097686
4 4 0.121462 0.273736 0.210159 0.000171 0.394471
1 4 0.058796 0.457642 0.174326 0.000009 0.309226
4 4 0.019609 0.073671 0.038877 0.000017 0.867826
4 4 0.093351 0.158284 0.034105 0.000255 0.714005
4 4 0.036615 0.215380 0.046567 0.000026 0.701412
4 4 0.273903 0.203498 0.069682 0.000962 0.451954
4 4 0.035777 0.398318 0.143947 0.000057 0.421902
4 4 0.171365 0.075478 0.025861 0.001506 0.725790
0 4 0.448869 0.095917 0.044387 0.002097 0.408730
0 4 0.561751 0.061648 0.018735 0.000100 0.357766
1 4 0.072191 0.513261 0.303748 0.000043 0.110755
4 4 0.006291 0.145441 0.152977 0.000059 0.695232
4 4 0.001673 0.141489 0.297494 0.000033 0.559310
4 4 0.214934 0.191086 0.052235 0.000030 0.541715
4 4 0.014703 0.294628 0.338314 0.000127 0.352228
4 4 0.170345 0.130376 0.071840 0.000485 0.626954
4 4 0.143838 0.319632 0.109893 0.000255 0.426382
4 4 0.088399 0.209317 0.208405 0.000562 0.493317
1 4 0.073805 0.466751 0.112603 0.000285 0.346556
4 4 0.217180 0.166914 0.055649 0.000041 0.560216
4 4 0.029728 0.366984 0.135574 0.000197 0.467517
4 4 0.257579 0.032099 0.030713 0.000158 0.679451
4 4 0.341030 0.002498 0.003213 0.000814 0.652445
0 4 0.482690 0.031886 0.029520 0.009395 0.446509
4 4 0.176977 0.053846 0.033894 0.000321 0.734963
4 4 0.241249 0.005781 0.009208 0.000315 0.743447
4 4 0.272616 0.011577 0.015713 0.004485 0.695608
4 4 0.151758 0.071928 0.281660 0.021300 0.473354
0 4 0.789399 0.016366 0.019368 0.000937 0.173931
2 4 0.015732 0.239816 0.562348 0.000114 0.181990
4 4 0.075433 0.297519 0.159560 0.000340 0.467148
4 4 0.006723 0.165144 0.123096 0.000010 0.705027
4 4 0.029695 0.218124 0.050459 0.000006 0.701716
4 4 0.192534 0.185675 0.043003 0.000025 0.578763
4 4 0.106899 0.280631 0.066667 0.000002 0.545801
0 4 0.605952 0.023529 0.021162 0.000269 0.349088
4 4 0.261000 0.016748 0.012111 0.000242 0.709899
0 4 0.536456 0.078755 0.046637 0.000106 0.338045
4 4 0.156816 0.171644 0.064592 0.000019 0.606929
1 4 0.174297 0.466957 0.058193 0.000000 0.300553
4 4 0.027238 0.250284 0.039045 0.000001 0.683431
4 4 0.153622 0.078193 0.020812 0.000075 0.747298
4 4 0.021985 0.131651 0.046292 0.000034 0.800037
4 4 0.204879 0.105308 0.043179 0.000679 0.645955
4 4 0.240534 0.010824 0.009021 0.000603 0.739018
0 4 0.474348 0.066918 0.023057 0.000354 0.435323
4 4 0.276443 0.116384 0.053620 0.000689 0.552865
4 4 0.123586 0.058028 0.027971 0.000092 0.790322
4 4 0.100512 0.101216 0.039517 0.000087 0.758668
4 4 0.400454 0.039817 0.028957 0.000742 0.530030
4 4 0.115833 0.023993 0.014551 0.000120 0.845504
4 4 0.129440 0.036473 0.009275 0.000080 0.824732
1 4 0.176274 0.563082 0.147452 0.003037 0.110154
4 4 0.036710 0.400267 0.140158 0.000018 0.422847
4 4 0.046133 0.119033 0.052397 0.000137 0.782300
4 4 0.082172 0.023046 0.017538 0.000534 0.876710
4 4 0.123134 0.023402 0.019258 0.001920 0.832286
4 4 0.029016 0.079311 0.084182 0.000617 0.806875
4 4 0.008719 0.248569 0.156287 0.000016 0.586409
4 4 0.184920 0.281573 0.224240 0.011272 0.297996
4 4 0.090606 0.171056 0.282059 0.005737 0.450543
2 4 0.000406 0.076378 0.825433 0.002648 0.095135
2 4 0.001960 0.103494 0.639722 0.003284 0.251540
4 4 0.060851 0.039604 0.037577 0.000083 0.861885
4 4 0.066910 0.083052 0.040785 0.000583 0.808670
4 4 0.007747 0.272185 0.349213 0.001026 0.369829
4 4 0.006114 0.240421 0.250607 0.000391 0.502467
4 4 0.021499 0.289947 0.085173 0.000037 0.603345
4 4 0.013152 0.153748 0.312877 0.000290 0.519934
1 4 0.066852 0.459715 0.415499 0.000252 0.057681
4 4 0.116643 0.255285 0.304833 0.000361 0.322878
1 4 0.050588 0.452401 0.200369 0.000662 0.295980
1 4 0.049307 0.469210 0.341499 0.000621 0.139363
4 4 0.057313 0.197878 0.068956 0.000441 0.675412
4 4 0.030530 0.328517 0.103301 0.000469 0.537182
4 4 0.010937 0.277897 0.180083 0.000478 0.530605
2 4 0.001260 0.106842 0.844050 0.000260 0.047588
1 4 0.134822 0.559516 0.213997 0.000102 0.091563
2 4 0.028987 0.360662 0.553653 0.000098 0.056599
2 4 0.015508 0.265849 0.681305 0.000375 0.036962
1 4 0.236026 0.524228 0.136340 0.000076 0.103330
0 1 0.470257 0.215801 0.217541 0.005229 0.091173
1 1 0.300393 0.537116 0.108935 0.000167 0.053390
4 1 0.029927 0.272358 0.194454 0.000857 0.502405
2 1 0.063087 0.236886 0.402910 0.010266 0.286850
0 1 0.717977 0.098929 0.116172 0.003432 0.063489
0 1 0.545125 0.168647 0.234233 0.001123 0.050873
1 1 0.123191 0.475281 0.264087 0.000111 0.137330
2 1 0.003432 0.187802 0.687146 0.000060 0.121560
0 0 0.800634 0.060257 0.015664 0.000015 0.123430
0 1 0.764035 0.136722 0.022551 0.000002 0.076690
0 1 0.477176 0.250089 0.026856 0.000001 0.245878
0 0 0.755628 0.054706 0.008401 0.000000 0.181264
0 1 0.807827 0.134303 0.022134 0.000001 0.035734
1 1 0.403093 0.426956 0.057284 0.000002 0.112664
0 1 0.564571 0.136453 0.018412 0.000001 0.280562
0 1 0.518517 0.155032 0.015363 0.000000 0.311089
0 1 0.481032 0.080641 0.026584 0.000342 0.411401
4 1 0.255393 0.075331 0.037955 0.000012 0.631308
0 0 0.463614 0.121855 0.014256 0.000001 0.400275
0 0 0.553167 0.075532 0.009707 0.000000 0.361593
0 1 0.549955 0.182932 0.140935 0.001663 0.124514
4 1 0.070109 0.122155 0.334963 0.001119 0.471653
1 1 0.214800 0.390164 0.092464 0.000019 0.302553
2 1 0.106828 0.348424 0.433854 0.000305 0.110590
0 1 0.588165 0.059064 0.018869 0.000122 0.333780
4 1 0.385641 0.186873 0.033687 0.000026 0.393774
0 1 0.566471 0.127209 0.025400 0.000016 0.280904
0 0 0.607840 0.084727 0.031900 0.000621 0.274912
0 0 0.317786 0.191065 0.221202 0.004280 0.265667
0 0 0.537551 0.146408 0.114867 0.000138 0.201037
4 1 0.086119 0.319057 0.123945 0.001574 0.469305
1 1 0.049696 0.409686 0.169654 0.000381 0.370583
1 0 0.262061 0.365452 0.068859 0.000147 0.303482
0 0 0.365598 0.300177 0.045990 0.000017 0.288218
1 0 0.046455 0.468776 0.240684 0.000472 0.243613
1 1 0.032105 0.428872 0.354229 0.000085 0.184709
1 1 0.132164 0.477621 0.085255 0.000031 0.304930
1 1 0.122327 0.537353 0.127551 0.000357 0.212412
1 1 0.262821 0.550741 0.120892 0.000456 0.065091
0 1 0.598183 0.168862 0.201337 0.005236 0.026383
1 1 0.322888 0.496947 0.160443 0.001043 0.018679
1 1 0.155782 0.499346 0.319130 0.000549 0.025193
2 1 0.045485 0.352256 0.561544 0.017028 0.023687
1 1 0.048590 0.441912 0.426534 0.003094 0.079869
0 1 0.473384 0.308795 0.118073 0.000774 0.098973
1 1 0.404866 0.445085 0.133800 0.000190 0.016060
2 1 0.000878 0.070944 0.910814 0.003624 0.013740
2 2 0.000424 0.041367 0.942192 0.010768 0.005251
1 2 0.040939 0.452832 0.275758 0.004287 0.226183
1 1 0.048363 0.468545 0.216880 0.000347 0.265864
1 1 0.056715 0.432570 0.206611 0.000764 0.303340
2 1 0.009482 0.296958 0.502870 0.005669 0.185022
1 1 0.261471 0.523647 0.135452 0.001416 0.078014
1 1 0.256664 0.533667 0.174892 0.000512 0.034265
2 1 0.232226 0.275930 0.457389 0.005719 0.028735
0 0 0.779948 0.084509 0.066885 0.005196 0.063462
0 0 0.503830 0.409187 0.065036 0.000010 0.021937
1 1 0.181976 0.557355 0.205859 0.000028 0.054782
2 1 0.031405 0.357747 0.566151 0.000629 0.044068
2 1 0.020992 0.217756 0.751104 0.002017 0.008131
2 1 0.108723 0.287601 0.467521 0.011044 0.125112
2 1 0.001766 0.029874 0.901631 0.059438 0.007292
1 1 0.075286 0.509678 0.179228 0.000425 0.235383
0 1 0.367230 0.278412 0.279403 0.003773 0.071182
2 1 0.041727 0.339491 0.593356 0.003091 0.022335
1 1 0.106911 0.471029 0.392394 0.001433 0.028234
1 1 0.070285 0.509867 0.300590 0.000152 0.119106
2 1 0.002893 0.075493 0.895156 0.024041 0.002417
2 2 0.007925 0.044642 0.941438 0.002040 0.003956
2 2 0.005639 0.037106 0.953408 0.003045 0.000802
2 1 0.006282 0.095397 0.890635 0.001807 0.005879
2 2 0.000899 0.059945 0.928471 0.004053 0.006633
1 2 0.186903 0.442745 0.327192 0.001331 0.041829
2 1 0.085675 0.258382 0.632809 0.004122 0.019013
2 2 0.063830 0.354581 0.555518 0.000759 0.025312
2 2 0.011439 0.146676 0.817687 0.020162 0.004037
2 2 0.002105 0.049984 0.918608 0.028553 0.000749
2 2 0.000296 0.026074 0.943888 0.028268 0.001473
1 2 0.386639 0.496367 0.066832 0.000008 0.050154
1 0 0.405343 0.485879 0.066945 0.000008 0.041826
2 2 0.004535 0.173514 0.774299 0.001607 0.046045
2 2 0.000227 0.034477 0.944060 0.013603 0.007633
2 2 0.000001 0.001138 0.984810 0.014001 0.000050
2 2 0.000014 0.004600 0.988074 0.007111 0.000201
2 2 0.000048 0.010457 0.981470 0.007287 0.000738
2 2 0.000017 0.005470 0.963984 0.030120 0.000410
2 2 0.000002 0.001144 0.917561 0.081061 0.000232
2 2 0.000000 0.000365 0.984874 0.014751 0.000010
2 2 0.000052 0.008728 0.989302 0.001632 0.000285
2 2 0.000095 0.012043 0.985149 0.002346 0.000366
2 2 0.000055 0.011924 0.982791 0.004207 0.001023
2 2 0.000015 0.004753 0.992000 0.003018 0.000214
2 2 0.000050 0.009814 0.982234 0.006881 0.001022
2 2 0.000001 0.001111 0.991702 0.007139 0.000046
2 2 0.000161 0.019944 0.976746 0.001773 0.001375
2 2 0.000006 0.002367 0.957661 0.039899 0.000067
2 2 0.000010 0.003363 0.992217 0.004310 0.000100
2 2 0.000000 0.000038 0.992361 0.007601 0.000000
2 2 0.000000 0.000420 0.965794 0.033762 0.000024
2 2 0.000000 0.000084 0.890537 0.109376 0.000003
2 2 0.000002 0.001046 0.990625 0.008316 0.000010
2 2 0.000000 0.000214 0.999255 0.000529 0.000001
2 2 0.000000 0.000382 0.983807 0.015807 0.000004
2 2 0.000005 0.002147 0.960893 0.036901 0.000053
2 2 0.000001 0.000239 0.751210 0.248539 0.000010
2 2 0.000040 0.004096 0.968597 0.027151 0.000115
2 2 0.000002 0.000762 0.926151 0.073051 0.000034
2 2 0.000000 0.000478 0.988591 0.010922 0.000008
2 2 0.000000 0.000530 0.996009 0.003443 0.000018
2 2 0.000001 0.000562 0.976475 0.022951 0.000011
2 2 0.000000 0.000034 0.919751 0.080213 0.000001
2 2 0.000000 0.000056 0.982025 0.017919 0.000001
2 2 0.000054 0.006644 0.898566 0.094426 0.000309
2 2 0.000000 0.000165 0.808800 0.191032 0.000003
2 2 0.000296 0.013276 0.724479 0.260412 0.001537
2 2 0.000428 0.031390 0.904518 0.061808 0.001856
2 2 0.000000 0.000248 0.920552 0.079179 0.000022
2 3 0.000000 0.000088 0.879837 0.120070 0.000004
2 3 0.000000 0.000364 0.827331 0.172293 0.000012
2 3 0.000000 0.000168 0.589215 0.410598 0.000019
3 3 0.000000 0.000015 0.122157 0.877825 0.000003
2 3 0.000002 0.001643 0.916614 0.081543 0.000198
2 3 0.000000 0.000171 0.530339 0.469469 0.000021
3 3 0.000000 0.000033 0.254857 0.745108 0.000002
2 3 0.000005 0.002109 0.925621 0.072200 0.000064
2 3 0.000000 0.000026 0.598222 0.401750 0.000002
3 3 0.000000 0.000014 0.130509 0.869472 0.000004
3 3 0.000000 0.000024 0.247755 0.752218 0.000004
3 3 0.000000 0.000011 0.133984 0.866002 0.000004
3 3 0.000000 0.000102 0.376089 0.623783 0.000026
2 3 0.000045 0.002385 0.655479 0.341813 0.000278
2 3 0.000000 0.000083 0.745604 0.254308 0.000006
3 3 0.000000 0.000279 0.384197 0.615469 0.000055
3 3 0.000000 0.000002 0.012031 0.987966 0.000001
3 3 0.000003 0.000385 0.314716 0.684805 0.000092
3 3 0.000009 0.000649 0.110245 0.888836 0.000262
3 3 0.000001 0.000129 0.450446 0.549416 0.000009
3 3 0.000005 0.000246 0.137171 0.862563 0.000015
3 3 0.000000 0.000001 0.461946 0.538053 0.000000
3 3 0.000000 0.000001 0.285030 0.714969 0.000000
3 3 0.000000 0.000000 0.010894 0.989105 0.000000
3 3 0.000000 0.000024 0.382875 0.617099 0.000002
3 3 0.000000 0.000078 0.462973 0.536940 0.000009
2 3 0.000000 0.000207 0.687616 0.312166 0.000011
3 3 0.000000 0.000152 0.165753 0.834067 0.000027
3 3 0.000000 0.000000 0.075947 0.924053 0.000000
3 3 0.000002 0.000587 0.498626 0.500737 0.000048
2 3 0.000001 0.000844 0.902122 0.097017 0.000015
3 3 0.000001 0.000168 0.201243 0.798566 0.000022
3 3 0.000005 0.000153 0.085317 0.914469 0.000056
3 3 0.000000 0.000002 0.089184 0.910814 0.000000
3 3 0.000000 0.000002 0.056600 0.943398 0.000000
3 3 0.000000 0.000066 0.394155 0.605777 0.000003
3 3 0.000000 0.000073 0.320654 0.679270 0.000003
3 3 0.000000 0.000002 0.013820 0.986178 0.000001
3 3 0.000000 0.000023 0.179761 0.820214 0.000002
3 3 0.000000 0.000002 0.019123 0.980875 0.000000
3 3 0.000000 0.000009 0.029760 0.970224 0.000007
3 3 0.000000 0.000001 0.056406 0.943593 0.000000
3 3 0.000000 0.000082 0.137438 0.862470 0.000009
3 3 0.000000 0.000023 0.124080 0.875895 0.000002
3 3 0.000000 0.000019 0.041043 0.958934 0.000004
3 3 0.000001 0.000025 0.027410 0.972557 0.000005
3 3 0.000001 0.000042 0.038759 0.961177 0.000022
3 3 0.000000 0.000017 0.220185 0.779797 0.000001
3 3 0.000000 0.000001 0.045086 0.954913 0.000000
3 3 0.000000 0.000063 0.189876 0.810048 0.000013
3 3 0.000000 0.000008 0.025841 0.974144 0.000007
