0 0 0.938993 0.042159 0.005466 0.000002 0.013379
0 0 0.572737 0.261673 0.028436 0.000002 0.137152
0 0 0.959829 0.004707 0.000388 0.000000 0.035076
0 0 0.933858 0.039621 0.005885 0.000001 0.020636
0 0 0.540358 0.039767 0.011641 0.000014 0.408219
4 0 0.089716 0.023746 0.002865 0.000003 0.883671
0 0 0.513668 0.002423 0.000017 0.000000 0.483892
0 0 0.998697 0.001016 0.000063 0.000000 0.000225
0 0 0.981431 0.012658 0.003556 0.000018 0.002337
0 0 0.987894 0.009108 0.001992 0.000004 0.001003
0 0 0.911532 0.049416 0.002998 0.000000 0.036054
0 0 0.974340 0.022489 0.002081 0.000000 0.001090
0 0 0.962371 0.030892 0.005023 0.000000 0.001714
0 0 0.979085 0.014453 0.003115 0.000003 0.003345
0 0 0.952032 0.037424 0.008711 0.000008 0.001826
0 0 0.663333 0.295741 0.036841 0.000000 0.004085
0 0 0.953072 0.035508 0.010613 0.000038 0.000769
0 0 0.983990 0.011857 0.003314 0.000022 0.000818
0 0 0.984886 0.012693 0.002137 0.000118 0.000166
0 0 0.983878 0.013857 0.001857 0.000001 0.000408
0 0 0.882159 0.045749 0.012852 0.000082 0.059157
0 0 0.987540 0.007529 0.001312 0.000001 0.003618
0 0 0.992336 0.006117 0.001211 0.000005 0.000331
0 0 0.994735 0.004073 0.000615 0.000000 0.000576
0 0 0.967382 0.018605 0.002762 0.000000 0.011251
0 0 0.899475 0.074297 0.023862 0.000049 0.002316
0 0 0.937340 0.045377 0.008500 0.000001 0.008782
0 0 0.932134 0.048334 0.015986 0.000055 0.003492
0 0 0.928608 0.031388 0.007163 0.000022 0.032819
0 0 0.959113 0.024446 0.008178 0.000083 0.008180
0 0 0.989941 0.007069 0.001351 0.000001 0.001637
0 0 0.983577 0.008219 0.001059 0.000000 0.007144
0 0 0.985033 0.012306 0.002504 0.000003 0.000153
0 0 0.993425 0.005401 0.000912 0.000003 0.000259
0 0 0.964082 0.022064 0.004987 0.000022 0.008844
0 0 0.978163 0.015050 0.005330 0.000104 0.001353
0 0 0.542590 0.077903 0.019607 0.000158 0.359742
0 0 0.917994 0.027907 0.008320 0.000017 0.045761
0 0 0.606325 0.045072 0.007286 0.000007 0.341310
0 0 0.966063 0.013777 0.002551 0.000001 0.017608
0 0 0.973261 0.016249 0.003074 0.000006 0.007410
0 0 0.923753 0.020052 0.003761 0.000002 0.052432
0 0 0.962242 0.012052 0.001132 0.000000 0.024574
0 0 0.976381 0.006494 0.000441 0.000000 0.016684
0 0 0.989651 0.003566 0.000247 0.000000 0.006535
0 0 0.975498 0.012850 0.001299 0.000000 0.010354
0 0 0.961810 0.026798 0.004214 0.000014 0.007165
0 0 0.973938 0.009892 0.001023 0.000000 0.015147
0 0 0.976700 0.012264 0.002684 0.000002 0.008350
0 0 0.937647 0.034445 0.016012 0.000443 0.011452
0 0 0.743539 0.188163 0.041286 0.000048 0.026964
0 0 0.915413 0.068699 0.014506 0.000006 0.001376
0 0 0.977197 0.014866 0.002549 0.000005 0.005383
0 0 0.931372 0.028566 0.003810 0.000004 0.036248
0 0 0.855708 0.057891 0.069124 0.011322 0.005953
0 0 0.978355 0.013130 0.002762 0.000002 0.005752
0 0 0.910958 0.041456 0.007197 0.000030 0.040359
0 0 0.869734 0.041518 0.009603 0.000028 0.079117
4 0 0.264067 0.019293 0.002900 0.000000 0.713740
4 0 0.204668 0.033686 0.005678 0.000006 0.755961
0 0 0.545107 0.018717 0.001733 0.000000 0.434443
4 0 0.392738 0.018397 0.001550 0.000000 0.587315
0 0 0.952575 0.026809 0.003828 0.000009 0.016778
0 0 0.796667 0.082774 0.021608 0.000470 0.098482
0 0 0.924753 0.029262 0.007175 0.000004 0.038806
0 0 0.899411 0.036663 0.011901 0.000025 0.052000
0 0 0.995475 0.003151 0.000119 0.000000 0.001256
0 0 0.851263 0.123435 0.012870 0.000000 0.012432
0 0 0.989883 0.007289 0.002571 0.000196 0.000061
0 0 0.959011 0.026581 0.011577 0.001279 0.001552
2 0 0.295285 0.148838 0.322048 0.056406 0.177423
1 0 0.367289 0.396433 0.209169 0.002677 0.024432
0 0 0.850230 0.090982 0.012953 0.000000 0.045836
0 1 0.458368 0.289979 0.047833 0.000000 0.203820
1 2 0.147071 0.474394 0.347428 0.000228 0.030880
0 2 0.510278 0.173529 0.281705 0.004536 0.029951
2 2 0.000614 0.132013 0.749284 0.012296 0.105792
2 2 0.000477 0.183976 0.551627 0.059344 0.204577
4 1 0.005234 0.349054 0.111684 0.002945 0.531082
0 1 0.605059 0.241971 0.098590 0.000200 0.054181
1 4 0.217631 0.436555 0.282937 0.000189 0.062689
1 0 0.009591 0.445923 0.167791 0.000222 0.376473
2 4 0.000186 0.015175 0.930493 0.012919 0.041227
2 1 0.001565 0.040603 0.872908 0.007994 0.076930
2 3 0.001020 0.037295 0.909803 0.005238 0.046644
2 -1 0.000455 0.021366 0.903615 0.006092 0.068473
2 0 0.002059 0.155927 0.481694 0.020893 0.339427
4 0 0.001767 0.116194 0.404873 0.012774 0.464392
4 2 0.009067 0.093171 0.273671 0.003355 0.620736
2 2 0.006983 0.096257 0.475443 0.022233 0.399085
2 2 0.009267 0.182607 0.586808 0.000605 0.220713
2 2 0.005513 0.158109 0.610375 0.014463 0.211540
2 2 0.003198 0.096473 0.706808 0.042650 0.150871
2 2 0.015853 0.110379 0.638902 0.017104 0.217763
4 4 0.006822 0.114261 0.075673 0.001386 0.801858
4 2 0.034857 0.034221 0.007099 0.000071 0.923751
4 2 0.032059 0.382270 0.127637 0.000323 0.457711
4 2 0.011006 0.300149 0.124288 0.003631 0.560926
4 1 0.006735 0.267070 0.157611 0.000400 0.568185
4 2 0.018909 0.240870 0.227817 0.000179 0.512225
4 2 0.001213 0.173998 0.115682 0.000759 0.708349
4 2 0.002152 0.140980 0.190347 0.000658 0.665862
4 2 0.003000 0.133530 0.024661 0.000047 0.838762
4 2 0.004636 0.360955 0.070347 0.000003 0.564060
2 1 0.003750 0.061238 0.856767 0.000979 0.077266
2 2 0.001377 0.035216 0.834534 0.003194 0.125679
2 2 0.004988 0.122867 0.541973 0.036279 0.293893
2 0 0.000582 0.024588 0.879828 0.001925 0.093077
0 0 0.437574 0.227351 0.332494 0.000317 0.002264
0 1 0.839465 0.123221 0.036394 0.000033 0.000887
1 1 0.106752 0.591444 0.152328 0.000105 0.149371
1 2 0.016711 0.501045 0.148825 0.000039 0.333379
2 2 0.000199 0.024174 0.907412 0.016488 0.051727
2 2 0.000213 0.019364 0.920316 0.005520 0.054586
2 3 0.000085 0.008023 0.927219 0.050769 0.013904
2 3 0.000084 0.012633 0.963307 0.011229 0.012747
2 3 0.000082 0.030637 0.913908 0.026971 0.028402
2 3 0.001266 0.078189 0.685528 0.068744 0.166273
2 2 0.000003 0.003611 0.813085 0.178138 0.005163
2 3 0.000124 0.008439 0.760135 0.217349 0.013953
2 3 0.000021 0.001945 0.539530 0.452173 0.006332
2 3 0.000002 0.000269 0.675787 0.322766 0.001177
3 3 0.000177 0.003497 0.380561 0.608886 0.006879
3 3 0.000124 0.009799 0.385141 0.580241 0.024695
2 3 0.000200 0.004353 0.534431 0.454673 0.006343
3 3 0.000114 0.003859 0.343353 0.644130 0.008544
3 3 0.000003 0.000649 0.183802 0.813530 0.002017
3 3 0.000001 0.000224 0.152304 0.847160 0.000310
3 3 0.000008 0.000125 0.046020 0.953598 0.000249
3 3 0.000209 0.004911 0.163574 0.828959 0.002347
3 3 0.000466 0.004557 0.142461 0.851047 0.001469
3 3 0.000088 0.001666 0.154384 0.843287 0.000575
2 3 0.005752 0.043343 0.513247 0.433747 0.003911
3 3 0.000319 0.013535 0.435794 0.542925 0.007428
3 3 0.000031 0.002048 0.156369 0.840974 0.000577
3 3 0.000004 0.000283 0.055850 0.943635 0.000228
3 3 0.000939 0.010783 0.097910 0.885458 0.004910
3 3 0.000012 0.001091 0.125218 0.872199 0.001480
3 3 0.000025 0.000881 0.112921 0.885880 0.000294
3 3 0.000104 0.001725 0.075145 0.922807 0.000218
3 1 0.000013 0.000952 0.210136 0.787689 0.001209
3 3 0.000035 0.000882 0.483522 0.515351 0.000211
3 3 0.000385 0.009820 0.147756 0.840541 0.001498
3 3 0.000025 0.000431 0.094797 0.904584 0.000163
3 3 0.000177 0.005040 0.113346 0.869295 0.012143
3 3 0.000014 0.000535 0.058628 0.939483 0.001341
3 3 0.013455 0.042270 0.043268 0.862207 0.038800
3 3 0.000510 0.010979 0.085351 0.894382 0.008778
3 3 0.000740 0.009947 0.144176 0.839231 0.005906
3 3 0.000245 0.003384 0.017251 0.977138 0.001982
3 3 0.000001 0.000166 0.051493 0.948332 0.000008
3 3 0.000003 0.000071 0.020103 0.979797 0.000025
3 3 0.000027 0.002640 0.107942 0.888721 0.000671
3 3 0.000018 0.000474 0.015668 0.983087 0.000753
3 3 0.000121 0.001363 0.017904 0.980516 0.000095
3 3 0.002233 0.009388 0.147825 0.827707 0.012846
3 3 0.000016 0.000215 0.058354 0.941177 0.000238
3 3 0.000062 0.000533 0.079756 0.919372 0.000276
3 3 0.000022 0.000579 0.015332 0.983568 0.000499
3 3 0.000494 0.005165 0.042065 0.951416 0.000861
3 3 0.000044 0.000429 0.029251 0.970176 0.000101
3 3 0.000708 0.006268 0.009837 0.982677 0.000510
3 3 0.000000 0.000005 0.004923 0.995068 0.000004
3 3 0.000002 0.000114 0.099272 0.900600 0.000012
3 3 0.000050 0.001507 0.039945 0.958273 0.000226
3 3 0.000158 0.001728 0.051144 0.946335 0.000634
3 3 0.000750 0.006073 0.170787 0.821162 0.001227
3 3 0.000858 0.003222 0.017590 0.976755 0.001575
3 3 0.000007 0.000134 0.074901 0.924874 0.000084
3 3 0.000000 0.000011 0.012920 0.987066 0.000002
3 3 0.000000 0.000006 0.014226 0.985760 0.000008
3 3 0.000018 0.000548 0.040114 0.959254 0.000066
3 3 0.000079 0.000427 0.035073 0.964238 0.000183
3 3 0.002340 0.013435 0.046736 0.930692 0.006798
3 3 0.000001 0.000061 0.004707 0.995056 0.000175
3 3 0.000027 0.000427 0.005626 0.993483 0.000438
3 3 0.000001 0.000009 0.047278 0.952711 0.000001
3 3 0.000001 0.000036 0.074623 0.925335 0.000006
3 3 0.009470 0.025029 0.055849 0.906440 0.003210
3 3 0.000152 0.004461 0.028609 0.966233 0.000545
3 3 0.007058 0.017605 0.040659 0.925227 0.009450
3 3 0.000273 0.003089 0.012849 0.982873 0.000916
3 3 0.002242 0.004939 0.048446 0.942776 0.001598
3 3 0.083099 0.080129 0.126188 0.665882 0.044701
3 3 0.001199 0.005697 0.009608 0.983419 0.000078
3 0 0.012545 0.060163 0.096815 0.812857 0.017621
2 2 0.047405 0.097973 0.494788 0.354426 0.005408
2 2 0.050357 0.255126 0.663872 0.002233 0.028411
2 2 0.021949 0.232624 0.577306 0.041642 0.126479
2 2 0.003354 0.234029 0.498358 0.029116 0.235143
2 2 0.004243 0.049410 0.618596 0.190252 0.137499
2 2 0.000923 0.044323 0.764296 0.147918 0.042541
2 2 0.000879 0.022118 0.578129 0.358465 0.040409
2 2 0.002105 0.111009 0.726543 0.015577 0.144766
2 2 0.005405 0.131352 0.693462 0.047112 0.122670
2 0 0.001795 0.058464 0.881539 0.005742 0.052460
1 2 0.142814 0.513032 0.337977 0.000372 0.005804
2 2 0.063140 0.316135 0.450038 0.006446 0.164242
2 1 0.001365 0.156022 0.727537 0.002139 0.112936
1 2 0.003884 0.431167 0.335467 0.003244 0.226238
2 2 0.000626 0.063354 0.843375 0.036573 0.056072
2 2 0.004867 0.100802 0.614976 0.119410 0.159946
2 2 0.003291 0.104198 0.664468 0.005060 0.222982
2 2 0.004093 0.060285 0.677862 0.035618 0.222142
2 2 0.001829 0.225890 0.517600 0.016260 0.238421
2 2 0.003954 0.055031 0.550727 0.149068 0.241221
2 2 0.000865 0.056361 0.742836 0.150033 0.049905
2 2 0.000408 0.077299 0.687220 0.171408 0.063665
2 2 0.000519 0.018644 0.814489 0.149225 0.017123
2 2 0.003592 0.144155 0.690375 0.057781 0.104095
2 2 0.000777 0.156193 0.740115 0.017292 0.085623
2 1 0.001078 0.062150 0.832611 0.066078 0.038083
2 1 0.000497 0.013006 0.920948 0.042353 0.023196
2 1 0.001026 0.016988 0.909377 0.063886 0.008723
2 2 0.012757 0.257397 0.656639 0.011348 0.061860
2 0 0.002521 0.151994 0.590783 0.092964 0.161739
4 1 0.013967 0.368844 0.118332 0.034753 0.464104
1 2 0.025554 0.474008 0.190469 0.001682 0.308287
1 2 0.001385 0.521442 0.143431 0.003430 0.330312
1 2 0.014496 0.539424 0.299543 0.004528 0.142008
2 1 0.001317 0.151708 0.832826 0.007417 0.006732
1 2 0.005954 0.602009 0.279635 0.000439 0.111962
2 2 0.000631 0.059659 0.781636 0.066059 0.092015
2 2 0.006605 0.209786 0.504085 0.048349 0.231176
2 2 0.003153 0.123799 0.722408 0.030422 0.120219
2 2 0.000979 0.063228 0.769658 0.060177 0.105958
2 2 0.000587 0.052977 0.767183 0.048819 0.130434
2 2 0.008450 0.194839 0.560370 0.012248 0.224093
1 0 0.014311 0.546214 0.323791 0.001081 0.114602
1 0 0.124896 0.685279 0.188150 0.000002 0.001672
2 2 0.085542 0.317363 0.576854 0.005204 0.015037
2 1 0.003190 0.077703 0.892143 0.005692 0.021272
1 1 0.024057 0.748316 0.169650 0.000020 0.057958
0 1 0.671041 0.266306 0.049111 0.000001 0.013541
1 1 0.351050 0.471048 0.147895 0.000347 0.029660
4 2 0.035154 0.279493 0.233516 0.004176 0.447661
1 2 0.001033 0.431755 0.178262 0.005272 0.383678
2 2 0.001594 0.038959 0.487562 0.265700 0.206185
1 1 0.013792 0.487560 0.428184 0.004514 0.065951
1 1 0.078549 0.569247 0.298123 0.000027 0.054054
1 2 0.005390 0.383759 0.346779 0.001274 0.262798
2 2 0.016314 0.186412 0.501012 0.001636 0.294626
2 2 0.000870 0.186838 0.602135 0.003829 0.206329
4 2 0.047609 0.355326 0.185855 0.001825 0.409385
2 2 0.001007 0.199902 0.655035 0.028913 0.115143
2 2 0.001530 0.091255 0.827642 0.045956 0.033617
2 2 0.009225 0.078951 0.574030 0.258416 0.079378
4 2 0.006669 0.231953 0.315111 0.064042 0.382226
4 2 0.031639 0.276036 0.171323 0.006446 0.514556
1 2 0.042194 0.643699 0.239218 0.001486 0.073403
1 2 0.014350 0.487505 0.299106 0.044092 0.154946
2 2 0.031847 0.312180 0.344815 0.052851 0.258308
2 2 0.000940 0.013434 0.954488 0.013026 0.018113
2 2 0.003771 0.064031 0.768572 0.150893 0.012733
2 2 0.000537 0.040436 0.840132 0.061177 0.057718
2 2 0.002672 0.124985 0.492475 0.312163 0.067705
3 1 0.001661 0.107424 0.365057 0.513304 0.012553
2 2 0.006640 0.239988 0.729240 0.006242 0.017889
2 2 0.003074 0.062033 0.884089 0.033776 0.017029
2 2 0.023977 0.174026 0.762984 0.007970 0.031043
2 2 0.002554 0.195125 0.771094 0.002902 0.028325
2 2 0.003078 0.075516 0.776660 0.102012 0.042734
3 2 0.006426 0.070052 0.315494 0.567294 0.040733
2 2 0.000731 0.055774 0.514428 0.382438 0.046629
1 4 0.018756 0.561486 0.310830 0.068963 0.039965
1 4 0.145187 0.531583 0.285015 0.003391 0.034824
4 4 0.009945 0.148541 0.050477 0.002677 0.788361
1 4 0.062548 0.430905 0.169359 0.012524 0.324663
4 4 0.003627 0.089284 0.012941 0.000055 0.894093
4 4 0.035102 0.133238 0.032901 0.000550 0.798210
2 4 0.007741 0.215006 0.562275 0.013570 0.201408
4 4 0.013303 0.142915 0.256475 0.006829 0.580478
4 1 0.072269 0.062517 0.013940 0.000000 0.851274
1 4 0.254019 0.379575 0.090496 0.000001 0.275909
0 4 0.630443 0.141106 0.033794 0.001279 0.193379
0 4 0.382669 0.267777 0.049330 0.000015 0.300209
4 4 0.056449 0.025053 0.003472 0.000010 0.915017
4 4 0.014744 0.010329 0.001064 0.000002 0.973862
4 4 0.038419 0.137734 0.019314 0.000005 0.804527
4 4 0.011254 0.070152 0.015518 0.000193 0.902882
4 4 0.010893 0.358573 0.076808 0.000305 0.553421
4 4 0.018133 0.284753 0.067955 0.000012 0.629147
4 4 0.058858 0.122895 0.014145 0.000000 0.804102
4 4 0.318731 0.034611 0.005142 0.000000 0.641516
4 4 0.020348 0.024364 0.003819 0.000013 0.951457
4 4 0.006263 0.006848 0.000623 0.000001 0.986265
4 4 0.034090 0.045736 0.006924 0.000002 0.913247
4 4 0.123477 0.012833 0.001556 0.000000 0.862134
4 4 0.130672 0.083914 0.015382 0.000018 0.770014
1 4 0.093674 0.474537 0.149343 0.000440 0.282005
4 4 0.094993 0.312124 0.071499 0.000979 0.520405
4 4 0.070176 0.394217 0.123394 0.001090 0.411122
4 1 0.048055 0.180668 0.036864 0.000041 0.734372
4 4 0.049067 0.233346 0.038959 0.000002 0.678626
1 4 0.155936 0.411110 0.125350 0.000088 0.307515
1 4 0.113316 0.487953 0.171402 0.000008 0.227321
4 4 0.019556 0.020624 0.002782 0.000028 0.957011
4 4 0.366284 0.124366 0.034493 0.000050 0.474808
1 4 0.048492 0.475599 0.250391 0.076420 0.149098
4 4 0.065220 0.153886 0.051557 0.005953 0.723384
1 4 0.075962 0.576007 0.273372 0.017584 0.057075
1 4 0.243398 0.367561 0.261409 0.053303 0.074330
4 4 0.043663 0.360010 0.108023 0.001246 0.487058
1 4 0.060509 0.488890 0.311306 0.008078 0.131217
1 4 0.118084 0.631152 0.232274 0.001028 0.017462
1 2 0.145091 0.488955 0.228636 0.000985 0.136333
1 2 0.093604 0.517041 0.276988 0.013070 0.099296
1 0 0.085808 0.474444 0.322266 0.054704 0.062779
1 0 0.042076 0.772768 0.042819 0.000000 0.142337
0 1 0.752610 0.207667 0.039214 0.000001 0.000508
1 1 0.079045 0.540805 0.201147 0.011348 0.167655
1 1 0.052213 0.546700 0.327198 0.014957 0.058932
4 1 0.006666 0.360433 0.209546 0.057753 0.365601
2 2 0.005271 0.248603 0.459429 0.004992 0.281705
2 2 0.002617 0.381386 0.497599 0.087472 0.030926
2 2 0.003907 0.270295 0.453365 0.255150 0.017283
2 2 0.004076 0.174069 0.628140 0.177787 0.015928
2 2 0.011136 0.151840 0.415356 0.044921 0.376747
2 2 0.001866 0.095108 0.825608 0.010760 0.066658
2 2 0.001883 0.049677 0.895118 0.035458 0.017865
3 2 0.022128 0.304809 0.277675 0.382446 0.012942
2 2 0.017970 0.144692 0.644972 0.072110 0.120257
2 0 0.019444 0.162465 0.597484 0.080617 0.139990
0 0 0.487747 0.335277 0.162761 0.000340 0.013875
1 2 0.059759 0.573541 0.337805 0.006169 0.022725
2 2 0.022122 0.353703 0.558303 0.005799 0.060073
2 2 0.009563 0.072186 0.904842 0.010822 0.002587
2 2 0.000793 0.020497 0.966073 0.009533 0.003104
2 2 0.002190 0.024812 0.935828 0.028104 0.009066
2 2 0.052735 0.202863 0.687651 0.005136 0.051615
2 2 0.040360 0.248742 0.335469 0.089047 0.286382
2 2 0.028596 0.172156 0.599929 0.073216 0.126103
2 2 0.014420 0.323244 0.488421 0.143515 0.030400
2 2 0.009461 0.240181 0.589344 0.144329 0.016686
2 2 0.057736 0.193622 0.695698 0.023898 0.029047
1 2 0.054259 0.562270 0.373662 0.002744 0.007065
2 2 0.023056 0.073599 0.822537 0.075396 0.005410
2 3 0.056478 0.205124 0.718368 0.008884 0.011147
2 3 0.020159 0.234212 0.649483 0.092812 0.003334
2 3 0.030494 0.207765 0.627164 0.118991 0.015586
2 3 0.038819 0.154715 0.690387 0.083066 0.033013
2 3 0.002294 0.081727 0.811367 0.099723 0.004889
1 3 0.119793 0.519940 0.251212 0.001537 0.107518
2 3 0.119843 0.408727 0.410968 0.048573 0.011889
2 3 0.011658 0.127860 0.574010 0.202433 0.084038
2 3 0.047845 0.238523 0.406093 0.302000 0.005538
3 3 0.000288 0.027895 0.357220 0.613586 0.001010
2 2 0.005766 0.081742 0.653970 0.253708 0.004813
2 3 0.003270 0.049929 0.671009 0.268396 0.007396
2 3 0.104930 0.222042 0.542123 0.063265 0.067639
2 3 0.027704 0.100210 0.821255 0.027127 0.023704
2 3 0.081947 0.199300 0.582933 0.045837 0.089983
3 3 0.002533 0.026173 0.163270 0.803710 0.004314
3 3 0.004185 0.048717 0.197324 0.746582 0.003191
2 3 0.055282 0.159277 0.713632 0.042874 0.028935
2 3 0.020854 0.252614 0.681432 0.036871 0.008229
0 0 0.412448 0.130738 0.211584 0.025098 0.220131
0 0 0.776379 0.139371 0.038766 0.000008 0.045476
1 2 0.262835 0.400577 0.298024 0.029453 0.009111
2 2 0.121735 0.411429 0.425728 0.034832 0.006277
3 2 0.028255 0.224634 0.338136 0.403005 0.005971
2 2 0.119970 0.286349 0.343310 0.228626 0.021745
1 2 0.123223 0.406041 0.403350 0.060079 0.007306
2 2 0.005336 0.158250 0.682856 0.147277 0.006281
2 3 0.036573 0.174603 0.646024 0.120983 0.021816
2 3 0.188387 0.218559 0.418946 0.127315 0.046793
2 2 0.005525 0.365010 0.500923 0.031156 0.097385
2 3 0.029323 0.181807 0.715864 0.019053 0.053953
2 2 0.000627 0.059006 0.732139 0.193218 0.015011
2 2 0.000822 0.041955 0.547688 0.406831 0.002705
2 2 0.001897 0.055708 0.765163 0.174412 0.002820
3 2 0.000260 0.004300 0.099762 0.894543 0.001134
2 2 0.006757 0.099584 0.809737 0.066282 0.017639
2 2 0.000656 0.034648 0.769019 0.194141 0.001535
0 1 0.782635 0.137410 0.069886 0.003148 0.006922
0 2 0.606017 0.269553 0.069682 0.000189 0.054559
2 2 0.001368 0.034994 0.841922 0.115701 0.006015
2 3 0.016404 0.271477 0.648386 0.003745 0.059988
2 3 0.000641 0.035243 0.825594 0.130624 0.007898
2 3 0.000979 0.156555 0.658198 0.072148 0.112121
2 3 0.000073 0.031907 0.935362 0.020441 0.012218
2 3 0.001369 0.072337 0.867539 0.001081 0.057674
2 3 0.017591 0.341571 0.495406 0.021310 0.124121
4 2 0.076207 0.288078 0.187992 0.000388 0.447336
2 2 0.004476 0.337049 0.613948 0.023468 0.021059
2 2 0.001093 0.045191 0.943570 0.002225 0.007922
2 2 0.000686 0.053806 0.745877 0.104880 0.094751
2 2 0.003109 0.138114 0.561903 0.222228 0.074645
2 2 0.001572 0.159472 0.825235 0.006657 0.007064
2 1 0.088529 0.269580 0.620519 0.007332 0.014040
2 1 0.204592 0.212907 0.554999 0.027396 0.000106
1 2 0.072962 0.470407 0.450958 0.000061 0.005612
2 2 0.001595 0.078602 0.575544 0.037928 0.306331
2 2 0.009937 0.181140 0.746434 0.029677 0.032811
2 2 0.007514 0.184025 0.525910 0.060324 0.222228
2 2 0.002839 0.097502 0.785815 0.011323 0.102520
2 1 0.063795 0.202048 0.663585 0.025078 0.045494
1 2 0.011020 0.631663 0.342930 0.000474 0.013913
3 2 0.000278 0.061986 0.398652 0.458820 0.080264
2 2 0.001425 0.029756 0.695574 0.211503 0.061742
2 2 0.024471 0.146788 0.530631 0.112508 0.185603
2 2 0.008564 0.160953 0.510524 0.039271 0.280688
2 2 0.000488 0.066734 0.666664 0.175169 0.090945
2 2 0.002099 0.190286 0.472780 0.188609 0.146226
2 2 0.001557 0.092706 0.741867 0.076634 0.087235
2 2 0.000121 0.029269 0.812831 0.132243 0.025536
2 2 0.011204 0.088100 0.654322 0.037286 0.209089
2 2 0.003538 0.086214 0.749115 0.010368 0.150764
2 2 0.002114 0.059747 0.851548 0.047722 0.038870
2 2 0.001577 0.134498 0.711975 0.033550 0.118400
2 3 0.000616 0.048649 0.774965 0.133961 0.041809
2 3 0.003863 0.164076 0.517896 0.166224 0.147941
2 3 0.000623 0.091077 0.800213 0.061746 0.046341
2 3 0.005642 0.191463 0.455289 0.131604 0.216003
2 3 0.003524 0.244828 0.361125 0.302270 0.088252
2 3 0.025718 0.271141 0.397162 0.203004 0.102974
3 3 0.000006 0.002911 0.296773 0.699308 0.001002
2 3 0.001796 0.075876 0.532421 0.377925 0.011983
2 3 0.002036 0.030307 0.800122 0.132168 0.035367
2 3 0.013431 0.196670 0.763976 0.004194 0.021730
2 3 0.001030 0.072826 0.745656 0.024009 0.156478
2 3 0.002175 0.075617 0.701278 0.082848 0.138082
2 3 0.002394 0.266920 0.537525 0.153677 0.039484
2 3 0.009277 0.094724 0.807494 0.011846 0.076659
2 3 0.000599 0.037504 0.774244 0.100799 0.086854
2 3 0.002180 0.071963 0.697850 0.151962 0.076045
3 3 0.000175 0.035173 0.327487 0.561321 0.075843
2 3 0.001577 0.080123 0.637645 0.071653 0.209002
3 3 0.000326 0.009205 0.400359 0.564593 0.025517
3 3 0.000256 0.018527 0.346600 0.581198 0.053419
3 3 0.000168 0.007341 0.104999 0.882299 0.005194
3 3 0.000576 0.024502 0.300701 0.634252 0.039968
3 3 0.000333 0.013455 0.227800 0.746593 0.011819
2 3 0.003750 0.076803 0.425839 0.350440 0.143168
2 3 0.000490 0.032631 0.517970 0.428262 0.020648
3 3 0.000457 0.008376 0.348037 0.633149 0.009981
3 3 0.001028 0.018056 0.221851 0.753773 0.005292
3 3 0.002984 0.098328 0.353113 0.532239 0.013336
3 3 0.000060 0.007572 0.220939 0.770167 0.001262
2 3 0.000255 0.023340 0.606830 0.358094 0.011482
3 3 0.005213 0.039419 0.179753 0.761508 0.014107
3 3 0.000761 0.007745 0.064712 0.918252 0.008530
3 3 0.002408 0.054832 0.353827 0.453335 0.135597
3 3 0.000813 0.027539 0.277513 0.663459 0.030677
3 3 0.000354 0.040246 0.239930 0.711472 0.007997
3 3 0.000017 0.001252 0.133822 0.862806 0.002103
3 3 0.013162 0.118529 0.306860 0.478796 0.082653
3 3 0.001887 0.010955 0.099210 0.880291 0.007657
3 3 0.002438 0.009230 0.100231 0.877179 0.010922
3 3 0.000136 0.007283 0.241398 0.750678 0.000505
3 3 0.004018 0.033438 0.072353 0.885692 0.004500
3 3 0.000181 0.016691 0.092945 0.841059 0.049125
3 3 0.000214 0.007407 0.392005 0.593722 0.006651
3 3 0.000284 0.002485 0.118947 0.877517 0.000767
3 3 0.001824 0.013419 0.199971 0.781995 0.002791
3 3 0.000009 0.000531 0.163061 0.836294 0.000105
3 3 0.003040 0.013706 0.133538 0.848246 0.001471
3 3 0.001255 0.008320 0.151450 0.835439 0.003536
3 3 0.000638 0.024934 0.311741 0.662070 0.000617
3 3 0.000146 0.001371 0.064426 0.933758 0.000299
3 3 0.000000 0.000023 0.009767 0.990208 0.000002
3 3 0.000003 0.000318 0.205904 0.793724 0.000050
3 3 0.000036 0.000667 0.014435 0.984683 0.000179
3 3 0.000324 0.004263 0.052983 0.941763 0.000667
3 3 0.001113 0.005336 0.035653 0.957422 0.000475
3 3 0.014185 0.064227 0.052351 0.701535 0.167702
3 3 0.016310 0.032756 0.054340 0.892402 0.004192
3 1 0.135184 0.057744 0.060237 0.746424 0.000411
1 2 0.044487 0.509808 0.357051 0.038745 0.049909
2 2 0.019811 0.117801 0.508708 0.223268 0.130413
2 2 0.000674 0.019101 0.767646 0.188771 0.023808
3 3 0.000006 0.003970 0.459229 0.526986 0.009809
2 2 0.000472 0.013058 0.655571 0.302917 0.027981
2 2 0.002154 0.037223 0.609928 0.299286 0.051410
4 4 0.005634 0.077894 0.284295 0.051119 0.581058
4 4 0.004603 0.101247 0.179501 0.025301 0.689348
4 4 0.009759 0.013753 0.005360 0.000046 0.971083
4 4 0.040000 0.038251 0.011047 0.000370 0.910332
4 4 0.011419 0.034338 0.020639 0.001410 0.932194
4 4 0.177275 0.230583 0.047736 0.000000 0.544406
4 4 0.009582 0.015390 0.004446 0.000063 0.970519
4 4 0.009762 0.036241 0.009344 0.003239 0.941414
4 4 0.102119 0.023360 0.002542 0.000002 0.871978
4 1 0.111976 0.020879 0.002762 0.000000 0.864383
4 1 0.056057 0.074796 0.015899 0.000013 0.853235
4 4 0.022209 0.120175 0.019829 0.000001 0.837786
4 4 0.019832 0.005428 0.000404 0.000000 0.974336
4 4 0.072181 0.013047 0.001446 0.000000 0.913325
4 4 0.006390 0.019719 0.002211 0.000002 0.971679
4 4 0.015093 0.049950 0.007924 0.000007 0.927026
4 4 0.005345 0.007329 0.000708 0.000002 0.986615
4 4 0.015687 0.041819 0.003380 0.000000 0.939115
4 4 0.008060 0.021528 0.002672 0.000005 0.967735
4 4 0.009540 0.097265 0.020022 0.000063 0.873109
4 4 0.016471 0.033566 0.003822 0.000000 0.946142
4 4 0.065338 0.049258 0.008362 0.000002 0.877040
4 4 0.044491 0.292686 0.094544 0.000053 0.568225
2 4 0.012104 0.344254 0.363869 0.000095 0.279679
4 4 0.022313 0.008538 0.000667 0.000000 0.968483
4 4 0.045121 0.053566 0.006535 0.000000 0.894778
4 4 0.005352 0.132156 0.026451 0.000054 0.835986
4 4 0.015672 0.077946 0.013948 0.000012 0.892421
4 4 0.050447 0.014039 0.001666 0.000001 0.933848
4 4 0.044638 0.031319 0.006630 0.000089 0.917324
4 4 0.036399 0.008825 0.000517 0.000000 0.954259
4 4 0.120630 0.011188 0.000788 0.000000 0.867394
0 4 0.502259 0.055704 0.006868 0.000009 0.435160
4 4 0.093097 0.353465 0.033263 0.000003 0.520172
4 4 0.102979 0.077631 0.012394 0.000005 0.806991
4 4 0.071719 0.213953 0.024998 0.000000 0.689330
4 2 0.265559 0.314938 0.030912 0.000000 0.388590
4 2 0.018942 0.234852 0.043469 0.000001 0.702736
4 2 0.009715 0.072935 0.010481 0.000002 0.906866
0 1 0.357088 0.311918 0.105483 0.000043 0.225467
1 1 0.086610 0.661577 0.229322 0.000011 0.022481
1 1 0.037428 0.537320 0.222698 0.000143 0.202412
4 1 0.006038 0.229310 0.050441 0.000034 0.714178
4 2 0.005978 0.247163 0.268331 0.000715 0.477813
4 1 0.019091 0.107721 0.252107 0.000008 0.621072
4 2 0.101630 0.253194 0.055794 0.000001 0.589381
2 2 0.000307 0.056822 0.745187 0.050058 0.147626
2 2 0.000629 0.045531 0.734192 0.029300 0.190347
2 2 0.004303 0.125543 0.492332 0.020598 0.357224
2 2 0.021534 0.162298 0.450929 0.013589 0.351650
2 2 0.002912 0.044838 0.772295 0.006536 0.173420
2 2 0.000501 0.018101 0.881881 0.074676 0.024840
2 2 0.000868 0.024188 0.908888 0.004365 0.061692
2 2 0.000207 0.019348 0.793772 0.099805 0.086869
2 2 0.002542 0.052553 0.815028 0.003884 0.125993
2 2 0.000868 0.076367 0.828821 0.002343 0.091601
2 2 0.001003 0.077160 0.563545 0.001657 0.356636
2 2 0.001122 0.048518 0.795007 0.003850 0.151503
2 2 0.000269 0.011813 0.932586 0.010950 0.044381
2 2 0.000384 0.006701 0.977965 0.003598 0.011352
2 2 0.001179 0.021440 0.936155 0.005217 0.036009
2 2 0.000304 0.010150 0.911881 0.048747 0.028918
2 2 0.001139 0.051932 0.753197 0.132259 0.061473
2 2 0.001456 0.040112 0.890345 0.004199 0.063887
2 2 0.001707 0.029486 0.879162 0.034676 0.054970
2 2 0.001249 0.032855 0.931036 0.000364 0.034496
2 2 0.000207 0.020280 0.912413 0.004425 0.062676
2 2 0.000452 0.068180 0.726290 0.012288 0.192789
2 2 0.000307 0.026982 0.796977 0.095896 0.079838
2 2 0.000040 0.006157 0.977750 0.005035 0.011019
2 2 0.002607 0.048154 0.726142 0.005281 0.217816
2 2 0.000692 0.029001 0.873544 0.006587 0.090175
2 2 0.000403 0.020867 0.622504 0.299391 0.056834
2 2 0.000496 0.016144 0.804398 0.136816 0.042146
2 2 0.000100 0.005012 0.924504 0.064472 0.005913
2 2 0.000597 0.020008 0.845632 0.067744 0.066019
2 2 0.000185 0.012850 0.921947 0.026323 0.038695
2 2 0.001669 0.030296 0.812541 0.057106 0.098389
2 2 0.000435 0.020253 0.906381 0.053696 0.019234
2 2 0.000235 0.039485 0.878330 0.057652 0.024299
4 1 0.070304 0.220791 0.050466 0.000075 0.658364
1 1 0.078837 0.452870 0.121471 0.000099 0.346724
4 2 0.015355 0.242390 0.366302 0.002564 0.373389
2 2 0.003437 0.096709 0.776385 0.001355 0.122114
2 2 0.001340 0.037400 0.817265 0.069056 0.074939
2 2 0.005567 0.179664 0.481149 0.011846 0.321774
2 2 0.000380 0.063162 0.862248 0.007242 0.066968
2 2 0.002098 0.253862 0.485754 0.007038 0.251247
2 2 0.004577 0.059041 0.855179 0.014990 0.066213
2 2 0.008185 0.112650 0.718661 0.001374 0.159130
2 2 0.001887 0.135804 0.712600 0.005573 0.144137
2 2 0.003207 0.111352 0.793486 0.004194 0.087762
2 3 0.000408 0.042328 0.849626 0.015281 0.092357
2 2 0.004133 0.091979 0.678312 0.018964 0.206613
2 2 0.008586 0.144564 0.613246 0.004519 0.229086
2 2 0.003711 0.093732 0.757108 0.006010 0.139439
2 1 0.000219 0.005456 0.989444 0.002377 0.002503
2 2 0.009067 0.420756 0.557048 0.000259 0.012871
2 2 0.001633 0.113834 0.744778 0.069248 0.070507
1 2 0.016956 0.585876 0.374941 0.002637 0.019590
2 2 0.000341 0.025906 0.920623 0.004294 0.048836
2 2 0.002661 0.078774 0.795986 0.000590 0.121990
2 2 0.002481 0.238727 0.741440 0.000529 0.016823
2 2 0.011643 0.348125 0.597870 0.000332 0.042030
2 2 0.000741 0.021006 0.954625 0.001305 0.022323
2 2 0.007691 0.142100 0.680013 0.000662 0.169534
2 2 0.000210 0.018560 0.944704 0.025005 0.011521
2 0 0.007888 0.123547 0.825521 0.002727 0.040317
0 0 0.674825 0.188188 0.021346 0.000084 0.115557
0 1 0.757564 0.179408 0.050993 0.001338 0.010696
1 2 0.033652 0.641783 0.255549 0.008247 0.060769
1 2 0.038823 0.449562 0.256252 0.123039 0.132324
4 2 0.005244 0.201120 0.367812 0.040065 0.385759
4 2 0.001718 0.224264 0.384581 0.001893 0.387544
2 2 0.002085 0.126321 0.804807 0.014201 0.052586
2 2 0.001849 0.082096 0.770330 0.013997 0.131729
2 2 0.001576 0.069244 0.694050 0.097608 0.137522
2 2 0.002395 0.159313 0.676427 0.005964 0.155901
2 2 0.000215 0.047002 0.909943 0.017338 0.025502
2 2 0.001690 0.091460 0.795905 0.017336 0.093609
2 2 0.000534 0.022187 0.892309 0.063013 0.021958
2 2 0.000580 0.037773 0.898693 0.020888 0.042066
2 3 0.001537 0.073347 0.834337 0.006866 0.083912
2 2 0.001185 0.067846 0.853107 0.010429 0.067432
2 2 0.000299 0.115898 0.807585 0.006261 0.069957
1 2 0.005023 0.401966 0.225679 0.004072 0.363260
2 2 0.002652 0.106069 0.615303 0.065151 0.210824
2 2 0.006231 0.070387 0.595236 0.126945 0.201201
4 0 0.003381 0.268382 0.084651 0.001661 0.641924
4 1 0.140025 0.082014 0.026237 0.000180 0.751544
1 2 0.116119 0.419305 0.106204 0.000130 0.358243
2 2 0.005036 0.205303 0.483957 0.002032 0.303672
2 2 0.001192 0.045457 0.850701 0.015247 0.087403
2 2 0.003809 0.089681 0.720920 0.023503 0.162087
2 2 0.002301 0.070912 0.756404 0.067078 0.103305
2 2 0.001511 0.044346 0.883382 0.010418 0.060343
2 2 0.000106 0.024951 0.952204 0.007279 0.015459
2 2 0.000191 0.008594 0.955792 0.012617 0.022805
2 2 0.000475 0.036807 0.844812 0.029951 0.087956
2 2 0.018166 0.101924 0.668534 0.000490 0.210886
1 1 0.330031 0.502567 0.158398 0.000204 0.008801
1 2 0.103711 0.582745 0.273569 0.000067 0.039908
2 2 0.007561 0.134334 0.491060 0.013137 0.353908
4 2 0.024491 0.105688 0.400555 0.002023 0.467244
2 2 0.000123 0.016149 0.968955 0.003096 0.011677
2 2 0.001442 0.060864 0.896592 0.001552 0.039550
2 2 0.000747 0.045053 0.856026 0.031579 0.066596
2 2 0.001135 0.029572 0.885866 0.017821 0.065605
2 2 0.006600 0.063821 0.652322 0.085313 0.191943
2 2 0.001422 0.029931 0.706110 0.176099 0.086439
2 2 0.016038 0.394589 0.547890 0.001032 0.040451
2 1 0.006343 0.312181 0.608156 0.012821 0.060498
2 2 0.007372 0.310751 0.558069 0.005680 0.118128
2 2 0.002503 0.120175 0.544721 0.024660 0.307941
2 2 0.004182 0.093520 0.807307 0.004795 0.090195
2 2 0.034792 0.171659 0.398055 0.000930 0.394563
1 2 0.009460 0.418983 0.383931 0.020321 0.167304
1 2 0.007069 0.638550 0.277195 0.000161 0.077025
2 2 0.000027 0.004067 0.853736 0.133961 0.008209
2 2 0.000195 0.017118 0.892982 0.050471 0.039233
2 2 0.000695 0.048987 0.646381 0.096905 0.207031
2 2 0.004498 0.167734 0.560647 0.040850 0.226271
1 2 0.006643 0.515582 0.367979 0.001077 0.108719
1 1 0.023837 0.762194 0.184307 0.000018 0.029644
1 2 0.116899 0.631077 0.213500 0.000023 0.038501
1 2 0.054818 0.597708 0.255570 0.000008 0.091896
2 2 0.000439 0.021301 0.664690 0.271520 0.042050
2 2 0.000512 0.018034 0.494310 0.429384 0.057760
2 2 0.023720 0.214504 0.631431 0.007795 0.122549
1 1 0.029866 0.574346 0.246553 0.002537 0.146698
0 0 0.807683 0.134613 0.018370 0.000001 0.039334
0 0 0.932617 0.055417 0.009455 0.000001 0.002509
4 0 0.102521 0.322609 0.085484 0.000001 0.489385
1 0 0.194210 0.492461 0.185815 0.000013 0.127502
0 0 0.974537 0.013398 0.001115 0.000000 0.010949
0 0 0.973190 0.021984 0.003982 0.000330 0.000514
0 0 0.988777 0.007431 0.000592 0.000000 0.003200
0 0 0.892298 0.015043 0.000895 0.000000 0.091763
0 0 0.992247 0.001406 0.000046 0.000000 0.006301
0 0 0.585392 0.008461 0.000478 0.000000 0.405669
0 0 0.987176 0.009169 0.000651 0.000000 0.003005
1 0 0.223940 0.558798 0.202317 0.000018 0.014926
4 0 0.159325 0.208957 0.043872 0.000003 0.587842
4 0 0.009583 0.136439 0.024718 0.000009 0.829252
4 0 0.310776 0.250306 0.030545 0.000001 0.408371
4 0 0.022104 0.054427 0.006594 0.000000 0.916876
4 0 0.110382 0.165209 0.034986 0.000022 0.689401
1 0 0.062124 0.728830 0.116009 0.000000 0.093037
4 0 0.009338 0.065733 0.005728 0.000000 0.919201
4 0 0.019655 0.104007 0.014407 0.000000 0.861931
4 0 0.020039 0.028712 0.002031 0.000000 0.949218
4 0 0.013447 0.028651 0.001703 0.000000 0.956200
4 0 0.020108 0.013446 0.001404 0.000000 0.965041
4 0 0.060399 0.027506 0.002207 0.000000 0.909888
4 0 0.181245 0.043112 0.050864 0.000002 0.724777
4 0 0.150281 0.210845 0.049394 0.000001 0.589480
4 0 0.068707 0.046705 0.004027 0.000000 0.880560
4 0 0.110601 0.087420 0.004592 0.000000 0.797387
4 0 0.296070 0.014786 0.000803 0.000000 0.688341
0 0 0.899942 0.016831 0.001430 0.000000 0.081796
4 0 0.378944 0.011512 0.001227 0.000000 0.608316
4 0 0.007796 0.001305 0.000042 0.000000 0.990857
4 0 0.218432 0.030898 0.005419 0.000005 0.745246
4 0 0.094865 0.146469 0.047985 0.000306 0.710375
4 0 0.039159 0.007007 0.000478 0.000000 0.953356
0 0 0.521146 0.028471 0.002408 0.000000 0.447974
0 0 0.687399 0.039226 0.004790 0.000002 0.268582
0 0 0.505268 0.146517 0.021959 0.000000 0.326256
0 0 0.598577 0.081441 0.005797 0.000000 0.314185
4 1 0.080782 0.124312 0.013425 0.000000 0.781481
0 0 0.873082 0.058099 0.016951 0.000011 0.051856
0 1 0.789774 0.161708 0.045507 0.000226 0.002784
4 1 0.019796 0.218943 0.054606 0.000031 0.706624
4 1 0.041930 0.109311 0.027718 0.000219 0.820821
4 1 0.028846 0.129576 0.032954 0.000106 0.808518
4 1 0.051594 0.229442 0.036362 0.000001 0.682601
4 1 0.012280 0.349001 0.084305 0.000009 0.554404
4 1 0.022183 0.227014 0.270645 0.000352 0.479807
4 1 0.054343 0.257634 0.226063 0.000001 0.461960
1 1 0.144870 0.608328 0.121875 0.000000 0.124927
4 1 0.004403 0.196765 0.106832 0.000234 0.691766
4 1 0.003183 0.152971 0.230534 0.001877 0.611436
4 2 0.004412 0.109734 0.217989 0.000265 0.667600
4 2 0.027578 0.115748 0.037787 0.000085 0.818802
4 2 0.002282 0.074382 0.055360 0.000117 0.867860
4 2 0.001613 0.128148 0.240027 0.006323 0.623889
4 2 0.008690 0.094487 0.156884 0.000117 0.739822
4 2 0.008475 0.251712 0.315304 0.000362 0.424147
2 2 0.009748 0.222942 0.545793 0.000750 0.220767
2 2 0.001118 0.065864 0.786888 0.005870 0.140260
4 2 0.003953 0.162984 0.079605 0.000459 0.752999
2 2 0.001612 0.138900 0.441856 0.003919 0.413714
2 2 0.010327 0.061108 0.728412 0.003090 0.197063
2 2 0.001937 0.045679 0.810271 0.003069 0.139043
2 2 0.004118 0.106002 0.639895 0.006721 0.243263
2 2 0.004074 0.106147 0.661351 0.007066 0.221361
2 2 0.002642 0.126173 0.705332 0.009678 0.156175
2 2 0.003008 0.089091 0.769402 0.002755 0.135744
2 2 0.000019 0.006579 0.952321 0.029212 0.011868
2 2 0.000254 0.020392 0.911044 0.029779 0.038531
2 2 0.002782 0.055247 0.784779 0.018321 0.138872
2 2 0.002854 0.043062 0.775502 0.108258 0.070325
4 2 0.005087 0.158121 0.414524 0.007367 0.414901
2 2 0.003222 0.305503 0.446615 0.006768 0.237892
2 2 0.000265 0.013423 0.845531 0.109919 0.030862
2 2 0.000222 0.081790 0.773409 0.097072 0.047507
2 3 0.000947 0.032580 0.693641 0.234796 0.038037
3 3 0.001438 0.070883 0.401968 0.463811 0.061900
2 3 0.025966 0.119817 0.515764 0.098845 0.239608
2 3 0.000936 0.094240 0.575708 0.221535 0.107581
2 3 0.000861 0.044156 0.842895 0.106187 0.005901
2 3 0.002125 0.040965 0.754820 0.194931 0.007159
2 3 0.000896 0.071446 0.572258 0.331665 0.023735
2 3 0.010841 0.145524 0.469287 0.313330 0.061018
1 3 0.081679 0.342212 0.332230 0.215248 0.028632
3 3 0.008498 0.146812 0.298406 0.543173 0.003112
3 3 0.000282 0.021324 0.171732 0.795750 0.010913
3 3 0.004222 0.048947 0.150335 0.790869 0.005628
2 3 0.002240 0.030208 0.533952 0.430222 0.003379
3 3 0.001401 0.075419 0.253705 0.662761 0.006713
2 3 0.192349 0.307853 0.343875 0.017371 0.138552
3 3 0.030079 0.140900 0.379720 0.439141 0.010159
3 3 0.001697 0.044559 0.237185 0.714864 0.001695
2 3 0.018981 0.091127 0.497557 0.333295 0.059040
1 3 0.067949 0.502398 0.311422 0.079627 0.038605
1 3 0.125981 0.463842 0.224479 0.056743 0.128956
3 3 0.001054 0.003864 0.025240 0.969618 0.000223
3 3 0.018640 0.037734 0.152735 0.786192 0.004699
3 3 0.036499 0.034003 0.086212 0.842159 0.001128
3 3 0.093169 0.183777 0.179643 0.524281 0.019130
3 3 0.274143 0.175837 0.220943 0.326329 0.002748
3 3 0.002606 0.028429 0.110525 0.857141 0.001299
3 1 0.001708 0.005333 0.229303 0.762869 0.000788
0 1 0.448821 0.093663 0.396494 0.060449 0.000573
1 2 0.110835 0.480271 0.183795 0.191641 0.033458
1 2 0.024256 0.459066 0.422525 0.066321 0.027831
1 1 0.027627 0.483749 0.478556 0.002311 0.007757
1 2 0.025092 0.510292 0.260175 0.000652 0.203789
2 2 0.012407 0.218108 0.450630 0.000138 0.318718
2 2 0.009747 0.301963 0.576882 0.000301 0.111108
2 2 0.000207 0.054026 0.912122 0.002982 0.030661
2 2 0.000101 0.139617 0.769384 0.011013 0.079887
2 2 0.003673 0.044865 0.843955 0.039769 0.067737
4 1 0.016545 0.212077 0.257388 0.015189 0.498802
1 1 0.046288 0.656957 0.272729 0.000007 0.024019
1 1 0.003389 0.545412 0.450258 0.000779 0.000162
2 2 0.002198 0.041296 0.757908 0.044577 0.154020
2 2 0.000201 0.016006 0.968301 0.002411 0.013082
1 2 0.002901 0.508381 0.335908 0.042170 0.110640
2 2 0.001852 0.176995 0.683683 0.009327 0.128144
4 2 0.003306 0.252454 0.263503 0.036783 0.443954
2 2 0.004222 0.354865 0.439552 0.002249 0.199113
2 2 0.001126 0.068837 0.856582 0.003446 0.070009
2 2 0.000253 0.069999 0.884002 0.012664 0.033083
1 2 0.004994 0.439279 0.145707 0.000182 0.409839
2 2 0.002950 0.304979 0.477535 0.001616 0.212920
4 1 0.009062 0.273936 0.075287 0.000115 0.641601
1 2 0.110883 0.597709 0.158520 0.000733 0.132154
1 2 0.027119 0.573826 0.261178 0.002148 0.135730
1 2 0.029774 0.454833 0.387624 0.000758 0.127011
2 2 0.000539 0.017396 0.878012 0.086513 0.017540
2 2 0.000953 0.109926 0.795211 0.012386 0.081525
2 2 0.001221 0.354965 0.388219 0.002238 0.253356
2 2 0.002147 0.107856 0.807615 0.005431 0.076951
2 2 0.011847 0.313954 0.479420 0.002439 0.192340
2 2 0.005345 0.334209 0.620066 0.015401 0.024979
1 2 0.053538 0.553933 0.193555 0.000683 0.198291
1 2 0.020554 0.528805 0.234352 0.000054 0.216235
2 2 0.000589 0.134837 0.724867 0.001271 0.138436
4 2 0.008601 0.248748 0.269422 0.000671 0.472559
2 2 0.000289 0.102711 0.801333 0.002185 0.093482
2 2 0.000206 0.101936 0.804083 0.017177 0.076598
4 2 0.109363 0.127350 0.235393 0.000826 0.527068
2 2 0.004252 0.133215 0.754859 0.003351 0.104323
4 2 0.013674 0.191173 0.268696 0.000810 0.525646
2 2 0.026887 0.293637 0.425343 0.013296 0.240838
4 2 0.002288 0.272485 0.236943 0.006303 0.481981
2 2 0.001073 0.127838 0.838381 0.013411 0.019297
4 2 0.008505 0.327897 0.111709 0.000582 0.551307
1 2 0.009080 0.389464 0.283832 0.000659 0.316965
1 2 0.057550 0.569213 0.268660 0.002651 0.101925
1 2 0.016181 0.576213 0.279531 0.000446 0.127628
2 2 0.004874 0.152026 0.661484 0.023444 0.158172
2 2 0.005157 0.075096 0.777602 0.019935 0.122210
1 1 0.255612 0.452613 0.185506 0.000292 0.105976
4 1 0.237815 0.150609 0.029608 0.000000 0.581968
1 2 0.000996 0.480904 0.457863 0.001502 0.058735
2 2 0.004518 0.153192 0.755255 0.002910 0.084123
2 2 0.002811 0.081114 0.904369 0.008092 0.003614
2 2 0.001054 0.058474 0.922725 0.011792 0.005956
2 2 0.000150 0.013345 0.535666 0.424801 0.026038
2 2 0.000122 0.007742 0.958164 0.030502 0.003470
2 2 0.001315 0.089836 0.706663 0.029957 0.172228
2 2 0.003173 0.386430 0.562921 0.000606 0.046870
2 4 0.008666 0.204951 0.571429 0.000385 0.214569
4 4 0.032014 0.395759 0.113437 0.000003 0.458787
4 4 0.046668 0.075765 0.017855 0.000050 0.859661
4 4 0.022211 0.014954 0.001919 0.000003 0.960913
4 4 0.300581 0.183080 0.068693 0.000020 0.447625
1 4 0.011364 0.684112 0.188716 0.000000 0.115807
4 0 0.008865 0.059541 0.075121 0.000481 0.855991
0 1 0.723653 0.045345 0.017889 0.000054 0.213059
