4 0 0.331441 0.002151 0.000705 0.000000 0.665703
0 0 1.000000 0.000000 0.000000 0.000000 0.000000
0 0 1.000000 0.000000 0.000000 0.000000 0.000000
0 0 0.999911 0.000011 0.000014 0.000000 0.000065
0 0 0.535460 0.022145 0.023520 0.000590 0.418285
4 0 0.055236 0.025223 0.014107 0.000034 0.905400
4 0 0.022226 0.039350 0.032591 0.002169 0.903664
4 0 0.023020 0.082212 0.138472 0.000590 0.755706
4 0 0.250465 0.012057 0.041805 0.008296 0.687378
4 0 0.198639 0.044350 0.078387 0.040558 0.638065
0 0 0.934535 0.023241 0.009649 0.000289 0.032286
0 0 0.931746 0.001054 0.014530 0.013340 0.039330
0 0 0.760199 0.016982 0.011788 0.000095 0.210936
0 0 0.443800 0.152955 0.051268 0.001744 0.350233
0 0 0.400825 0.234062 0.177656 0.015927 0.171530
0 0 0.503502 0.177440 0.150318 0.004680 0.164060
0 0 0.513844 0.117178 0.160745 0.134372 0.073861
0 0 0.606262 0.096363 0.196302 0.053955 0.047118
1 0 0.219477 0.514283 0.185717 0.000980 0.079543
2 0 0.072582 0.277912 0.573599 0.044347 0.031561
0 0 0.480442 0.030478 0.020336 0.000248 0.468496
0 0 0.739230 0.015646 0.023429 0.001321 0.220375
4 0 0.023787 0.041163 0.032369 0.000013 0.902668
4 0 0.011664 0.078592 0.023788 0.000022 0.885933
0 0 0.523051 0.333744 0.097285 0.000017 0.045902
0 0 0.523854 0.283741 0.085422 0.001397 0.105585
1 1 0.129356 0.313256 0.282738 0.003425 0.271225
1 1 0.321743 0.398212 0.225956 0.000456 0.053634
2 1 0.037979 0.043525 0.448303 0.439936 0.030256
2 1 0.005012 0.130325 0.756599 0.046958 0.061106
4 1 0.206977 0.112164 0.086314 0.002856 0.591689
2 1 0.300828 0.163894 0.328338 0.151234 0.055707
1 1 0.067908 0.457819 0.425281 0.007342 0.041650
4 1 0.087745 0.346749 0.201341 0.004780 0.359385
2 1 0.065141 0.179432 0.421840 0.299344 0.034242
3 1 0.098786 0.079658 0.237795 0.523362 0.060399
3 1 0.056111 0.125213 0.222281 0.482132 0.114262
3 1 0.234394 0.189154 0.122855 0.263169 0.190429
2 1 0.022372 0.131120 0.449324 0.257279 0.139905
2 1 0.008844 0.159429 0.663047 0.159178 0.009502
3 1 0.000138 0.026171 0.471318 0.499370 0.003003
3 1 0.001178 0.012153 0.203301 0.782432 0.000934
3 1 0.010434 0.025604 0.223742 0.729832 0.010388
3 1 0.010067 0.036764 0.250040 0.696798 0.006331
2 2 0.002191 0.054826 0.636199 0.292330 0.014454
2 2 0.003142 0.042711 0.521350 0.409859 0.022938
2 2 0.008511 0.096153 0.833376 0.035905 0.026055
2 2 0.009171 0.088568 0.713886 0.160531 0.027845
2 2 0.015087 0.114306 0.733934 0.063334 0.073339
2 2 0.033494 0.150782 0.638635 0.146653 0.030436
2 2 0.000343 0.049782 0.678742 0.228139 0.042995
2 2 0.000149 0.027779 0.916641 0.050694 0.004737
2 2 0.000277 0.015538 0.877610 0.096834 0.009741
3 2 0.000662 0.005747 0.139783 0.851917 0.001891
3 2 0.000078 0.004393 0.115150 0.879145 0.001233
3 2 0.004577 0.048668 0.396335 0.545289 0.005131
3 2 0.000098 0.001288 0.370833 0.627108 0.000673
2 2 0.000011 0.001954 0.894962 0.102126 0.000947
3 2 0.000075 0.003516 0.491156 0.498285 0.006968
3 2 0.000010 0.000777 0.435573 0.562859 0.000780
3 2 0.000019 0.000667 0.448441 0.550754 0.000119
2 2 0.000084 0.006139 0.666041 0.326421 0.001315
2 2 0.000002 0.001427 0.813352 0.184829 0.000391
2 2 0.000001 0.000330 0.530778 0.468727 0.000164
2 2 0.000079 0.006597 0.721925 0.254287 0.017111
2 2 0.000229 0.037513 0.893734 0.052298 0.016226
3 2 0.000001 0.000293 0.323247 0.676409 0.000050
3 2 0.000296 0.003148 0.244006 0.750187 0.002364
3 2 0.000005 0.000321 0.079855 0.919604 0.000215
3 2 0.000063 0.003182 0.293143 0.702954 0.000659
3 2 0.000027 0.000930 0.269709 0.727511 0.001823
3 2 0.000034 0.001902 0.421156 0.576361 0.000547
3 2 0.000234 0.002692 0.092897 0.878026 0.026151
3 2 0.000316 0.012323 0.308735 0.640202 0.038424
3 3 0.000020 0.000498 0.181614 0.817404 0.000464
3 3 0.000011 0.000603 0.077536 0.921418 0.000433
3 3 0.000068 0.004957 0.250393 0.743607 0.000975
3 3 0.000917 0.016679 0.305058 0.670561 0.006785
3 3 0.000033 0.000507 0.119444 0.878920 0.001095
3 3 0.000012 0.000553 0.123832 0.875108 0.000495
3 3 0.000003 0.000307 0.174491 0.825144 0.000055
2 3 0.000000 0.000487 0.599282 0.400190 0.000041
3 3 0.000001 0.000044 0.023750 0.976166 0.000039
3 3 0.000021 0.001082 0.165327 0.832129 0.001442
3 3 0.000034 0.001251 0.171874 0.826201 0.000640
3 3 0.000000 0.000171 0.300795 0.698938 0.000095
3 3 0.000049 0.001554 0.087518 0.907372 0.003507
3 3 0.000578 0.000588 0.025883 0.972103 0.000847
3 3 0.000000 0.000196 0.176339 0.823353 0.000111
3 3 0.000007 0.000168 0.137986 0.861777 0.000062
3 3 0.000001 0.000244 0.120516 0.879092 0.000148
3 3 0.000012 0.000738 0.077747 0.921425 0.000078
3 3 0.000117 0.001557 0.053486 0.942802 0.002038
3 3 0.000350 0.000774 0.029025 0.969206 0.000646
2 3 0.000043 0.005700 0.496385 0.491332 0.006541
2 3 0.000010 0.007621 0.828989 0.161856 0.001523
3 3 0.000026 0.000762 0.054426 0.941992 0.002794
3 3 0.000110 0.002270 0.492653 0.504364 0.000602
3 3 0.000013 0.000205 0.034458 0.964848 0.000476
3 3 0.000005 0.000069 0.031643 0.968164 0.000119
3 3 0.000076 0.001593 0.072126 0.918998 0.007207
3 3 0.000083 0.000920 0.113064 0.884957 0.000976
3 3 0.000811 0.007191 0.097189 0.881683 0.013126
3 3 0.073139 0.026904 0.116023 0.738760 0.045173
3 3 0.000461 0.016507 0.172230 0.752914 0.057888
3 2 0.020059 0.040845 0.152308 0.666913 0.119876
4 0 0.168282 0.082518 0.035383 0.001190 0.712626
4 0 0.349668 0.025548 0.025450 0.000631 0.598702
4 0 0.273798 0.024079 0.027425 0.000916 0.673781
0 0 0.415712 0.125080 0.058505 0.004328 0.396375
4 0 0.135697 0.045780 0.021768 0.000314 0.796442
4 0 0.077355 0.036261 0.016190 0.000170 0.870025
4 0 0.142897 0.094221 0.018180 0.000061 0.744641
4 1 0.026040 0.175544 0.191437 0.006153 0.600827
2 1 0.011944 0.124984 0.633949 0.057422 0.171701
4 1 0.011073 0.051912 0.043343 0.000334 0.893338
0 0 0.901781 0.015082 0.017402 0.001713 0.064021
0 0 0.728080 0.088785 0.102164 0.006861 0.074110
4 0 0.043515 0.023974 0.100858 0.004903 0.826750
4 0 0.153758 0.021990 0.032274 0.002330 0.789649
4 0 0.032003 0.020992 0.011894 0.000147 0.934964
4 0 0.188146 0.052294 0.024321 0.000094 0.735145
0 0 0.480948 0.013498 0.025827 0.001159 0.478568
4 0 0.304238 0.017386 0.013523 0.000077 0.664776
4 0 0.116615 0.054637 0.013079 0.000043 0.815625
4 0 0.451494 0.051394 0.009611 0.000009 0.487492
4 0 0.114361 0.068163 0.010723 0.000017 0.806736
4 0 0.273374 0.098486 0.028337 0.000380 0.599423
4 0 0.061512 0.002718 0.004857 0.000016 0.930897
4 0 0.364885 0.009146 0.019861 0.000544 0.605565
4 0 0.072867 0.018266 0.016756 0.000343 0.891767
4 0 0.255258 0.015824 0.017298 0.000222 0.711398
4 0 0.085265 0.027672 0.029387 0.000084 0.857592
4 0 0.042603 0.046441 0.033172 0.000026 0.877758
2 1 0.007506 0.324630 0.470374 0.002050 0.195441
2 1 0.023416 0.182138 0.414903 0.145575 0.233968
2 1 0.005920 0.127982 0.649319 0.089940 0.126838
2 1 0.006027 0.051761 0.695469 0.206847 0.039896
2 2 0.016927 0.190302 0.617601 0.062377 0.112792
2 2 0.032350 0.316886 0.374980 0.080298 0.195487
2 2 0.017772 0.200731 0.420653 0.001173 0.359672
2 2 0.008209 0.168032 0.734419 0.005729 0.083611
2 2 0.000370 0.043490 0.947793 0.002209 0.006138
4 2 0.045916 0.182326 0.249201 0.002972 0.519585
2 2 0.011071 0.106768 0.734087 0.062676 0.085397
2 2 0.043206 0.157893 0.545368 0.079212 0.174322
2 2 0.005697 0.059391 0.610200 0.257428 0.067284
3 2 0.003770 0.020917 0.348216 0.618999 0.008099
0 2 0.387370 0.382699 0.119949 0.000483 0.109500
1 2 0.207409 0.578485 0.166216 0.000038 0.047852
2 2 0.014799 0.146505 0.529187 0.005392 0.304116
2 2 0.049472 0.056727 0.694373 0.173667 0.025761
2 2 0.009279 0.113117 0.696590 0.051448 0.129567
2 2 0.032505 0.069901 0.589431 0.214577 0.093586
2 2 0.000212 0.012535 0.700101 0.268673 0.018478
2 2 0.000113 0.010802 0.562781 0.423932 0.002372
2 2 0.008109 0.075436 0.873515 0.011924 0.031017
2 2 0.014319 0.123444 0.651268 0.201648 0.009321
2 2 0.000631 0.021728 0.928389 0.043801 0.005452
2 2 0.000141 0.019746 0.818003 0.155365 0.006744
2 2 0.002296 0.145434 0.766406 0.005839 0.080025
2 2 0.000136 0.012529 0.889481 0.070942 0.026912
3 2 0.001083 0.006203 0.162739 0.819545 0.010429
3 2 0.000365 0.011255 0.281016 0.702142 0.005222
3 2 0.000231 0.018882 0.333967 0.510778 0.136142
2 2 0.000115 0.015590 0.829287 0.151169 0.003839
2 2 0.006368 0.082449 0.669518 0.145488 0.096177
2 2 0.000663 0.011867 0.702421 0.276696 0.008353
2 2 0.001935 0.101300 0.778838 0.024805 0.093121
2 2 0.116455 0.238005 0.416909 0.015087 0.213545
2 2 0.001913 0.038461 0.902207 0.027236 0.030182
2 2 0.003339 0.050363 0.854071 0.079431 0.012795
3 2 0.000378 0.004218 0.117796 0.873927 0.003681
2 2 0.001532 0.091545 0.488739 0.233633 0.184552
2 2 0.018474 0.222919 0.709914 0.010814 0.037878
2 2 0.059249 0.192884 0.725172 0.003098 0.019597
2 2 0.001533 0.025187 0.693012 0.244470 0.035797
4 0 0.189838 0.069665 0.193912 0.203389 0.343195
0 0 0.422100 0.165813 0.223891 0.093998 0.094197
3 1 0.005173 0.123209 0.353056 0.404214 0.114348
2 1 0.011284 0.116675 0.821296 0.045593 0.005152
2 2 0.065044 0.074927 0.477156 0.369281 0.013592
2 2 0.072994 0.399771 0.465346 0.001849 0.060040
2 2 0.007260 0.065891 0.805780 0.112268 0.008802
0 2 0.675287 0.142246 0.090375 0.009507 0.082584
3 2 0.031427 0.041815 0.169508 0.744663 0.012587
2 2 0.017878 0.194397 0.709648 0.050274 0.027803
2 2 0.038460 0.375090 0.494216 0.019709 0.072525
2 2 0.000004 0.009144 0.858459 0.132065 0.000327
2 0 0.002026 0.015782 0.837937 0.133024 0.011232
4 0 0.124813 0.192918 0.116912 0.008113 0.557246
4 1 0.016586 0.149486 0.230836 0.068183 0.534909
2 1 0.003323 0.082423 0.795133 0.035100 0.084022
4 2 0.016479 0.206763 0.252890 0.004392 0.519475
2 2 0.009758 0.341776 0.636830 0.000247 0.011389
2 2 0.061539 0.362763 0.448938 0.004226 0.122534
2 2 0.000405 0.084679 0.780279 0.100133 0.034504
2 2 0.002345 0.067073 0.853415 0.065827 0.011340
2 2 0.000164 0.008306 0.541409 0.449432 0.000689
2 2 0.000132 0.016194 0.859452 0.123203 0.001019
2 2 0.001122 0.049975 0.833862 0.101088 0.013954
2 2 0.001480 0.054363 0.648324 0.278054 0.017779
2 2 0.000026 0.003912 0.853274 0.141370 0.001419
2 2 0.007851 0.193604 0.518023 0.178645 0.101877
3 2 0.000227 0.011487 0.315054 0.626794 0.046439
2 2 0.000172 0.012930 0.732119 0.248001 0.006777
2 2 0.000316 0.032296 0.859810 0.105916 0.001662
2 2 0.003917 0.031812 0.662118 0.292446 0.009707
3 2 0.000003 0.000529 0.140597 0.858529 0.000341
3 2 0.000003 0.000659 0.155802 0.843410 0.000127
3 2 0.000014 0.000821 0.168995 0.829769 0.000401
2 2 0.000013 0.005063 0.600268 0.393845 0.000811
3 2 0.001718 0.041068 0.459778 0.473425 0.024011
3 2 0.000420 0.010067 0.482375 0.505514 0.001623
3 2 0.000015 0.000830 0.163304 0.835542 0.000309
2 2 0.000002 0.000751 0.600046 0.398239 0.000962
3 2 0.000001 0.000139 0.190437 0.808363 0.001060
3 2 0.000074 0.001556 0.289667 0.706662 0.002042
3 2 0.000005 0.000342 0.089249 0.910174 0.000230
3 2 0.000343 0.004840 0.379343 0.606371 0.009102
3 2 0.000077 0.002031 0.159699 0.829605 0.008589
3 2 0.002451 0.008543 0.243811 0.738640 0.006554
3 2 0.054162 0.136306 0.287382 0.449949 0.072201
2 2 0.091810 0.186901 0.281960 0.174510 0.264819
0 2 0.379415 0.068890 0.235745 0.186955 0.128995
2 0 0.184517 0.095260 0.277866 0.233816 0.208541
0 0 0.949281 0.011215 0.004762 0.000033 0.034709
0 0 0.970046 0.007584 0.004517 0.000027 0.017826
4 0 0.058082 0.019118 0.009855 0.000051 0.912894
4 0 0.079313 0.163359 0.058569 0.000262 0.698498
0 0 0.850516 0.013344 0.020950 0.001995 0.113195
4 0 0.128829 0.014448 0.042738 0.010637 0.803349
4 0 0.317968 0.058970 0.106978 0.121405 0.394678
4 0 0.374436 0.074155 0.073791 0.019702 0.457915
4 0 0.285001 0.040585 0.215456 0.062629 0.396330
4 0 0.331939 0.026243 0.025839 0.000658 0.615320
0 0 0.745287 0.015978 0.015614 0.000135 0.222986
0 0 0.551468 0.005633 0.008498 0.000036 0.434365
0 0 0.518311 0.030997 0.030698 0.001261 0.418733
0 0 0.652841 0.018931 0.032872 0.003179 0.292176
4 0 0.028660 0.223090 0.101747 0.000347 0.646155
4 0 0.226575 0.050110 0.036024 0.001601 0.685691
4 0 0.092560 0.069534 0.204899 0.011012 0.621995
4 0 0.042345 0.140417 0.101044 0.000185 0.716009
0 0 0.488349 0.007086 0.028164 0.002723 0.473678
0 0 0.791965 0.007027 0.007986 0.000048 0.192974
0 0 0.482379 0.035561 0.088090 0.027061 0.366909
4 0 0.129078 0.037941 0.036648 0.001093 0.795240
4 0 0.101926 0.065147 0.038776 0.002623 0.791529
4 0 0.035047 0.090945 0.067395 0.000111 0.806502
4 0 0.037622 0.005260 0.007009 0.000010 0.950099
4 0 0.111790 0.045297 0.029061 0.000037 0.813814
4 0 0.097413 0.057844 0.045167 0.000832 0.798743
4 0 0.259221 0.060739 0.016279 0.000063 0.663698
4 0 0.386069 0.013766 0.021209 0.000507 0.578449
4 0 0.293474 0.008292 0.016456 0.000088 0.681690
4 0 0.093257 0.138664 0.071800 0.001288 0.694991
4 0 0.027096 0.020347 0.010760 0.000116 0.941681
4 0 0.094525 0.063387 0.050390 0.000764 0.790935
4 0 0.374677 0.046196 0.046303 0.004157 0.528667
0 0 0.592870 0.151901 0.045483 0.001576 0.208169
0 0 0.602647 0.051935 0.037909 0.002418 0.305092
0 0 0.733346 0.014846 0.019301 0.000626 0.231881
0 0 0.725197 0.021621 0.052441 0.029701 0.171040
0 0 0.483340 0.052466 0.041808 0.002783 0.419602
0 0 0.484189 0.040719 0.019834 0.000184 0.455074
4 0 0.344425 0.056108 0.025370 0.000017 0.574080
4 0 0.170506 0.011262 0.009680 0.000038 0.808514
4 0 0.022771 0.001986 0.004315 0.000027 0.970901
4 0 0.033384 0.016632 0.016731 0.000217 0.933036
4 0 0.010093 0.045057 0.094326 0.000072 0.850452
4 0 0.013160 0.008246 0.012783 0.000123 0.965688
4 0 0.219593 0.051156 0.088942 0.000125 0.640184
4 0 0.142307 0.080473 0.037050 0.000387 0.739783
4 0 0.076582 0.045085 0.038817 0.000238 0.839278
4 0 0.013414 0.042748 0.039708 0.000359 0.903770
4 0 0.269083 0.172109 0.089831 0.006962 0.462016
0 0 0.575105 0.066580 0.091364 0.050180 0.216772
0 0 0.969192 0.011000 0.004765 0.000061 0.014982
0 0 0.610532 0.035616 0.019182 0.000012 0.334657
4 0 0.347649 0.028705 0.074789 0.005406 0.543451
0 0 0.710470 0.064752 0.062841 0.001191 0.160745
4 0 0.032370 0.024708 0.028655 0.000211 0.914056
4 1 0.005210 0.010035 0.005412 0.000007 0.979336
4 1 0.062960 0.074652 0.108614 0.001265 0.752509
4 1 0.067948 0.144953 0.164463 0.007792 0.614844
1 1 0.062124 0.426243 0.348396 0.023839 0.139397
2 1 0.044373 0.412904 0.459938 0.009800 0.072986
4 1 0.206795 0.139529 0.154800 0.000142 0.498733
4 1 0.244234 0.221180 0.038829 0.000002 0.495754
0 1 0.331137 0.242175 0.249709 0.078321 0.098658
2 1 0.032794 0.146186 0.747319 0.040832 0.032869
2 1 0.034355 0.166566 0.446368 0.007352 0.345359
2 1 0.059398 0.098527 0.443452 0.031107 0.367516
2 1 0.004450 0.068139 0.597932 0.224542 0.104937
2 1 0.044285 0.198133 0.507218 0.075638 0.174727
1 1 0.264290 0.458295 0.188734 0.001586 0.087094
4 1 0.075677 0.132053 0.067095 0.003619 0.721556
4 1 0.086553 0.087816 0.244173 0.001440 0.580019
4 1 0.087333 0.112453 0.236912 0.019467 0.543834
4 1 0.024083 0.050863 0.066301 0.008979 0.849774
4 1 0.060970 0.116150 0.107037 0.037018 0.678824
4 1 0.081977 0.126166 0.117594 0.019058 0.655205
4 1 0.043490 0.174171 0.300476 0.044520 0.437343
0 1 0.544510 0.106673 0.116391 0.051416 0.181010
4 1 0.253810 0.144404 0.127964 0.001379 0.472444
0 1 0.306752 0.296849 0.229175 0.003671 0.163553
1 1 0.051840 0.356224 0.317474 0.001836 0.272626
4 1 0.015254 0.109581 0.195265 0.002093 0.677807
4 4 0.262076 0.091950 0.157411 0.022807 0.465755
4 4 0.013659 0.153169 0.092874 0.001028 0.739270
4 4 0.036704 0.043746 0.170670 0.009284 0.739595
2 4 0.048531 0.293145 0.485631 0.001407 0.171286
2 4 0.062514 0.134482 0.522099 0.039925 0.240981
0 4 0.504289 0.073034 0.042352 0.002457 0.377869
1 4 0.084632 0.461006 0.205282 0.000519 0.248561
1 4 0.330900 0.367953 0.127854 0.000257 0.173037
1 4 0.344698 0.413022 0.147373 0.001362 0.093546
2 4 0.311496 0.163304 0.368717 0.008193 0.148290
1 4 0.207072 0.304612 0.147973 0.184937 0.155406
1 4 0.190662 0.353423 0.259025 0.004931 0.191959
2 4 0.073259 0.122736 0.514914 0.268120 0.020970
2 4 0.020543 0.103866 0.647103 0.201052 0.027435
1 4 0.104892 0.407437 0.198470 0.005351 0.283849
1 4 0.047849 0.475503 0.338203 0.001420 0.137025
2 4 0.031733 0.356176 0.568650 0.019162 0.024279
2 2 0.035171 0.288220 0.500432 0.141702 0.034476
2 2 0.056991 0.181223 0.513369 0.221091 0.027327
1 2 0.170426 0.534760 0.196917 0.000136 0.097761
2 2 0.169162 0.260045 0.440933 0.077543 0.052317
1 2 0.246239 0.505091 0.173754 0.000491 0.074425
2 2 0.053357 0.402388 0.457173 0.041788 0.045294
3 2 0.020459 0.137338 0.403676 0.416111 0.022415
3 2 0.001148 0.019534 0.307072 0.664252 0.007994
3 2 0.011949 0.033087 0.341617 0.600782 0.012565
2 2 0.005011 0.059354 0.796929 0.120684 0.018021
3 2 0.002274 0.011223 0.291226 0.676711 0.018567
2 2 0.001186 0.022402 0.707655 0.259588 0.009169
2 2 0.002601 0.133294 0.505730 0.120597 0.237777
2 2 0.003035 0.035141 0.536576 0.394049 0.031198
2 2 0.000550 0.066889 0.848064 0.044830 0.039667
2 2 0.005428 0.064614 0.659120 0.245559 0.025280
2 2 0.000303 0.024914 0.879673 0.089818 0.005292
2 2 0.001882 0.020197 0.498868 0.478081 0.000971
2 2 0.000167 0.016539 0.882548 0.074764 0.025981
2 2 0.001689 0.022912 0.534925 0.429073 0.011402
2 2 0.002049 0.026027 0.501589 0.468222 0.002114
3 2 0.003775 0.024780 0.260452 0.672569 0.038424
2 2 0.000080 0.019442 0.761510 0.214902 0.004066
2 2 0.000692 0.042495 0.587654 0.350311 0.018848
2 2 0.001402 0.019994 0.704466 0.270877 0.003262
2 2 0.000678 0.007279 0.623514 0.364584 0.003944
2 2 0.000478 0.019515 0.586325 0.344079 0.049603
2 2 0.012489 0.107221 0.575079 0.290444 0.014767
2 2 0.000023 0.008384 0.653590 0.336379 0.001623
2 2 0.000045 0.006032 0.740023 0.253493 0.000406
2 2 0.000349 0.020681 0.637043 0.327666 0.014261
2 2 0.000009 0.006409 0.679901 0.310885 0.002796
3 2 0.000004 0.000555 0.155692 0.843628 0.000120
2 2 0.000014 0.009374 0.647987 0.338429 0.004196
3 2 0.000576 0.005895 0.200927 0.778299 0.014303
3 2 0.000043 0.000947 0.060613 0.936408 0.001989
3 2 0.000790 0.001843 0.089598 0.907164 0.000606
2 2 0.000002 0.000651 0.540096 0.459090 0.000161
3 2 0.000455 0.005195 0.245327 0.746451 0.002573
3 2 0.000000 0.000045 0.169821 0.830122 0.000012
3 2 0.000007 0.000917 0.227384 0.771199 0.000492
3 3 0.000001 0.000179 0.087377 0.912291 0.000152
3 3 0.000060 0.000670 0.116719 0.880448 0.002104
3 3 0.000227 0.003723 0.333647 0.659658 0.002745
3 3 0.000000 0.000107 0.178654 0.821128 0.000111
3 3 0.000011 0.000198 0.037950 0.961612 0.000229
3 3 0.000040 0.002173 0.369908 0.627170 0.000710
3 3 0.000011 0.000901 0.166352 0.831344 0.001392
3 3 0.000012 0.000230 0.048449 0.950331 0.000979
3 3 0.000021 0.000240 0.042115 0.957460 0.000164
3 3 0.000002 0.000072 0.042400 0.957481 0.000045
3 3 0.000213 0.002430 0.102474 0.894445 0.000438
3 3 0.000154 0.000921 0.037348 0.960604 0.000973
3 3 0.000169 0.001737 0.096479 0.900772 0.000843
3 3 0.001345 0.009888 0.178076 0.803096 0.007596
3 3 0.000007 0.000178 0.022648 0.977010 0.000157
3 3 0.000003 0.000992 0.260561 0.738188 0.000256
3 3 0.000038 0.000268 0.018454 0.981215 0.000024
3 3 0.000001 0.000195 0.157968 0.841789 0.000047
3 3 0.000113 0.001252 0.156910 0.841317 0.000408
3 3 0.000003 0.000071 0.013911 0.985978 0.000037
3 3 0.000001 0.000014 0.008258 0.991701 0.000026
3 3 0.000003 0.000024 0.011336 0.988544 0.000093
3 3 0.000002 0.000025 0.011899 0.987990 0.000084
3 3 0.000110 0.000298 0.017103 0.982386 0.000102
3 3 0.000000 0.000007 0.005732 0.994254 0.000007
3 3 0.000005 0.000411 0.164029 0.834888 0.000666
3 3 0.000001 0.000126 0.078257 0.921547 0.000070
3 3 0.000002 0.000038 0.014033 0.985842 0.000085
3 3 0.000015 0.000219 0.035571 0.962218 0.001977
3 3 0.000012 0.000335 0.095395 0.904145 0.000113
3 3 0.000001 0.000080 0.060680 0.939205 0.000034
3 3 0.000006 0.000009 0.004087 0.995893 0.000005
3 3 0.000005 0.000061 0.018892 0.981040 0.000002
3 3 0.000049 0.004736 0.116793 0.868447 0.009975
3 3 0.000036 0.000859 0.123640 0.875232 0.000233
3 3 0.000000 0.000014 0.037003 0.962980 0.000002
3 3 0.000021 0.000165 0.019648 0.979981 0.000186
3 3 0.000151 0.001335 0.053764 0.941382 0.003368
3 3 0.000002 0.000104 0.023508 0.976175 0.000211
3 3 0.000040 0.000272 0.025789 0.973401 0.000498
3 3 0.000007 0.000234 0.026820 0.972814 0.000125
3 3 0.000005 0.000195 0.025917 0.973670 0.000213
3 3 0.000003 0.000028 0.018019 0.981834 0.000116
3 3 0.000925 0.004332 0.083748 0.894672 0.016323
3 3 0.006084 0.016522 0.093112 0.874237 0.010045
2 3 0.001665 0.040676 0.536782 0.389975 0.030902
2 2 0.001318 0.050804 0.560139 0.283335 0.104404
2 2 0.000431 0.043391 0.694983 0.256407 0.004788
2 2 0.000403 0.013015 0.741560 0.233452 0.011570
2 2 0.000707 0.021775 0.811943 0.159401 0.006174
2 2 0.000011 0.006870 0.960723 0.031123 0.001274
2 2 0.000676 0.068734 0.790681 0.070151 0.069758
3 2 0.000026 0.002390 0.489552 0.506658 0.001375
2 2 0.000043 0.015401 0.642721 0.334890 0.006945
2 2 0.000084 0.011762 0.787126 0.192485 0.008543
2 2 0.000029 0.004062 0.717970 0.277306 0.000633
2 2 0.000003 0.001625 0.615512 0.382562 0.000298
2 2 0.000392 0.018247 0.646128 0.301850 0.033382
2 2 0.001913 0.055836 0.793195 0.110328 0.038728
2 2 0.000045 0.003576 0.666730 0.327881 0.001768
2 2 0.000278 0.015285 0.604306 0.375830 0.004301
2 2 0.000045 0.009535 0.762218 0.179541 0.048662
3 2 0.000052 0.000753 0.203944 0.790068 0.005183
2 2 0.000087 0.007509 0.610170 0.361230 0.021003
3 2 0.000118 0.002434 0.235169 0.761271 0.001008
3 2 0.000189 0.015280 0.295818 0.683375 0.005338
3 2 0.002959 0.023556 0.150051 0.791808 0.031626
2 2 0.014967 0.193485 0.425880 0.157988 0.207680
3 0 0.015923 0.090606 0.286690 0.589615 0.017167
0 0 0.674196 0.064853 0.127097 0.025875 0.107980
0 0 0.562719 0.070477 0.089988 0.017190 0.259625
0 0 0.696821 0.016947 0.044429 0.013982 0.227821
0 0 0.817873 0.029416 0.025915 0.002149 0.124647
0 0 0.945393 0.015837 0.012980 0.001725 0.024065
4 0 0.248571 0.087233 0.091959 0.039313 0.532925
3 0 0.114042 0.033429 0.186048 0.458440 0.208041
4 0 0.380927 0.033325 0.088468 0.084048 0.413231
4 0 0.227773 0.042150 0.039109 0.002494 0.688474
4 0 0.235595 0.032030 0.037305 0.002524 0.692546
0 0 0.842413 0.008264 0.021401 0.002850 0.125072
0 0 0.724907 0.010861 0.027947 0.003290 0.232994
4 0 0.160192 0.116958 0.037691 0.001242 0.683916
4 0 0.132013 0.102819 0.057876 0.004241 0.703051
4 0 0.199206 0.034770 0.055327 0.000300 0.710397
4 0 0.353617 0.073725 0.115374 0.002351 0.454933
4 0 0.291875 0.041084 0.029787 0.000828 0.636426
0 0 0.682488 0.019264 0.013288 0.000101 0.284858
0 0 0.636686 0.050889 0.043586 0.004771 0.264068
0 0 0.728372 0.044581 0.039545 0.005216 0.182286
4 0 0.355450 0.030730 0.012277 0.000034 0.601510
4 0 0.046680 0.087834 0.018861 0.000102 0.846524
0 0 0.584715 0.036375 0.011573 0.000029 0.367307
4 0 0.048117 0.069567 0.013928 0.000017 0.868372
0 0 0.538040 0.016761 0.025497 0.001001 0.418701
0 0 0.553539 0.048111 0.040927 0.000172 0.357251
4 0 0.178972 0.032567 0.008835 0.000011 0.779614
4 0 0.019922 0.019084 0.018557 0.001215 0.941222
4 0 0.083730 0.037874 0.043088 0.000056 0.835252
4 0 0.207251 0.045789 0.031979 0.000192 0.714789
0 0 0.626430 0.088192 0.063635 0.000496 0.221247
0 0 0.624421 0.079489 0.040832 0.001018 0.254240
0 0 0.589123 0.099810 0.035830 0.000319 0.274918
0 0 0.714208 0.037366 0.022439 0.000551 0.225436
4 0 0.017571 0.023186 0.011269 0.000019 0.947955
4 0 0.096584 0.040134 0.027203 0.000012 0.836066
4 0 0.257676 0.100892 0.156110 0.000347 0.484975
4 0 0.025989 0.047513 0.076173 0.000193 0.850132
2 1 0.032044 0.377883 0.410690 0.011398 0.167985
2 1 0.036859 0.317417 0.521213 0.018726 0.105785
2 1 0.012546 0.128371 0.755982 0.084724 0.018377
2 1 0.072120 0.129127 0.463431 0.060426 0.274896
4 1 0.032376 0.168094 0.200269 0.041253 0.558008
4 1 0.064829 0.103609 0.273429 0.096520 0.461613
4 1 0.084946 0.096713 0.127852 0.003200 0.687289
4 1 0.117806 0.060303 0.175591 0.021937 0.624363
0 1 0.473917 0.084815 0.095245 0.073006 0.273018
0 1 0.398187 0.092201 0.256678 0.039956 0.212978
2 1 0.090474 0.276507 0.363878 0.037803 0.231338
2 1 0.038687 0.202124 0.399065 0.000238 0.359886
1 1 0.080183 0.560586 0.330076 0.000180 0.028973
4 4 0.056878 0.210328 0.191527 0.000837 0.540430
4 4 0.037054 0.020715 0.116172 0.047934 0.778126
4 4 0.030655 0.022814 0.031079 0.004563 0.910888
4 4 0.012920 0.052273 0.349812 0.017304 0.567691
4 4 0.026271 0.050218 0.094550 0.003080 0.825881
2 4 0.099947 0.164356 0.535092 0.013042 0.187564
4 4 0.036372 0.097932 0.128596 0.080302 0.656797
4 4 0.022139 0.194277 0.162546 0.001259 0.619779
2 4 0.149791 0.106872 0.399450 0.143698 0.200189
2 4 0.026792 0.131120 0.626157 0.049400 0.166531
2 4 0.067135 0.197049 0.425029 0.047251 0.263537
4 4 0.003704 0.250664 0.276977 0.000064 0.468590
4 4 0.006628 0.108484 0.379635 0.005069 0.500185
4 4 0.370358 0.037253 0.104397 0.022450 0.465543
4 4 0.091178 0.121553 0.256823 0.020184 0.510262
4 4 0.021365 0.148983 0.394086 0.017054 0.418513
4 4 0.019240 0.084771 0.255985 0.003728 0.636276
2 4 0.024041 0.237004 0.463184 0.011812 0.263958
4 4 0.036502 0.104431 0.191942 0.063484 0.603642
4 4 0.068407 0.126736 0.352457 0.076297 0.376103
2 4 0.014395 0.349251 0.461078 0.004185 0.171091
4 4 0.122868 0.226877 0.240505 0.064342 0.345409
4 4 0.020484 0.335578 0.274204 0.001491 0.368243
2 4 0.043401 0.267619 0.610131 0.054405 0.024444
2 4 0.020357 0.339368 0.381868 0.008733 0.249674
4 4 0.001871 0.152273 0.394351 0.000851 0.450654
2 4 0.024928 0.098381 0.432670 0.023522 0.420499
2 4 0.003243 0.171600 0.616350 0.014308 0.194498
2 4 0.106798 0.374133 0.447269 0.000484 0.071315
4 4 0.014645 0.163203 0.161230 0.002834 0.658088
4 4 0.013477 0.188410 0.374795 0.008886 0.414433
4 4 0.019518 0.147683 0.333027 0.017767 0.482006
3 4 0.016970 0.088679 0.377334 0.430064 0.086952
4 0 0.082622 0.094118 0.105358 0.000151 0.717752
4 0 0.282471 0.100804 0.076707 0.000957 0.539061
4 0 0.035889 0.289537 0.131777 0.000249 0.542549
4 0 0.039384 0.146902 0.278567 0.007899 0.527249
4 0 0.042266 0.097807 0.171285 0.002893 0.685750
0 0 0.553988 0.308633 0.039712 0.000058 0.097610
0 0 0.577795 0.072988 0.063648 0.000017 0.285552
4 0 0.405904 0.044674 0.070968 0.024409 0.454044
4 0 0.356637 0.050990 0.019831 0.000146 0.572396
4 1 0.173272 0.021332 0.014778 0.000113 0.790505
4 1 0.014662 0.149963 0.163859 0.019697 0.651819
4 1 0.020986 0.223444 0.193165 0.022041 0.540364
2 1 0.000997 0.053227 0.845237 0.034555 0.065983
2 1 0.012258 0.114042 0.439112 0.021787 0.412801
4 0 0.022097 0.040432 0.063099 0.000260 0.874112
4 0 0.046301 0.094409 0.124093 0.000660 0.734537
0 0 0.985317 0.003805 0.005883 0.000096 0.004899
0 0 0.573163 0.076899 0.010978 0.000006 0.338953
1 1 0.094147 0.524535 0.278422 0.000532 0.102363
0 1 0.381589 0.274052 0.142030 0.001883 0.200446
4 1 0.035190 0.261687 0.171564 0.008559 0.523000
4 1 0.013196 0.177013 0.126781 0.001940 0.681070
2 1 0.023838 0.319871 0.389993 0.009255 0.257043
2 2 0.041246 0.237479 0.407974 0.080939 0.232361
4 2 0.023724 0.029688 0.191289 0.339489 0.415810
2 2 0.010798 0.065378 0.511747 0.008473 0.403603
2 2 0.000616 0.017366 0.866587 0.095346 0.020084
2 2 0.004859 0.060039 0.774651 0.067111 0.093341
2 2 0.000544 0.074778 0.841481 0.010272 0.072925
2 2 0.001084 0.035420 0.850785 0.068702 0.044009
2 2 0.000443 0.050287 0.896624 0.001243 0.051403
2 2 0.001756 0.041224 0.784924 0.006124 0.165972
2 2 0.000372 0.026283 0.945412 0.002221 0.025712
2 2 0.000789 0.074397 0.819167 0.010340 0.095306
2 2 0.003302 0.020239 0.697970 0.023417 0.255072
2 2 0.001533 0.039325 0.574674 0.003432 0.381036
2 2 0.077435 0.149938 0.435178 0.015141 0.322308
2 2 0.004177 0.019677 0.815618 0.103352 0.057175
2 2 0.009043 0.112622 0.694915 0.125694 0.057726
2 2 0.007727 0.143295 0.722575 0.040619 0.085784
2 2 0.000478 0.045201 0.897536 0.010542 0.046242
2 2 0.001805 0.050051 0.875626 0.033403 0.039114
2 2 0.000735 0.009433 0.844567 0.132012 0.013254
2 2 0.000420 0.014008 0.943011 0.027673 0.014888
2 2 0.000554 0.089260 0.812816 0.004221 0.093149
2 2 0.000393 0.042554 0.826004 0.073963 0.057087
2 2 0.000024 0.010446 0.972074 0.011691 0.005765
2 2 0.000858 0.059935 0.814287 0.032507 0.092413
2 2 0.000592 0.008063 0.806075 0.171101 0.014168
2 2 0.000531 0.072492 0.887314 0.013746 0.025916
2 2 0.000054 0.003606 0.676591 0.317687 0.002062
3 2 0.002794 0.027671 0.301506 0.651050 0.016978
2 2 0.000591 0.012975 0.896693 0.049940 0.039802
2 2 0.000132 0.006067 0.899331 0.087095 0.007375
2 2 0.009402 0.079255 0.527767 0.285702 0.097874
2 2 0.000520 0.058199 0.842008 0.057832 0.041441
2 2 0.000112 0.035835 0.894819 0.010609 0.058625
2 2 0.007338 0.111561 0.691793 0.167350 0.021957
2 2 0.001947 0.024569 0.641095 0.307604 0.024786
2 2 0.000200 0.013764 0.697988 0.287436 0.000612
3 2 0.000221 0.002305 0.328888 0.663247 0.005340
3 2 0.000002 0.000465 0.491152 0.508348 0.000033
2 2 0.000337 0.017509 0.875552 0.061660 0.044941
1 2 0.031742 0.398511 0.303975 0.000295 0.265477
2 2 0.001351 0.134810 0.837790 0.015646 0.010403
2 2 0.003136 0.142892 0.532788 0.215075 0.106108
2 2 0.004095 0.152159 0.737265 0.060224 0.046256
4 2 0.001235 0.049077 0.378383 0.139676 0.431629
2 2 0.000224 0.076845 0.906769 0.012495 0.003668
2 2 0.002132 0.120312 0.790615 0.006684 0.080258
2 2 0.022395 0.069765 0.492652 0.043703 0.371485
2 2 0.004096 0.047580 0.820618 0.036326 0.091381
2 2 0.001451 0.054112 0.869176 0.031740 0.043521
2 2 0.001492 0.107373 0.828319 0.011786 0.051030
2 2 0.001243 0.022623 0.912387 0.051220 0.012526
2 2 0.000864 0.013126 0.896819 0.082080 0.007112
2 2 0.001438 0.021916 0.850050 0.066864 0.059732
2 2 0.032544 0.094670 0.519338 0.031698 0.321750
2 2 0.000829 0.017209 0.923494 0.023460 0.035007
2 2 0.000067 0.009641 0.953744 0.027193 0.009355
2 2 0.000078 0.012136 0.950945 0.029887 0.006954
2 2 0.001049 0.022670 0.575857 0.387429 0.012995
2 2 0.001133 0.035866 0.874869 0.058378 0.029754
2 2 0.000014 0.006392 0.980609 0.012081 0.000903
2 2 0.000174 0.013272 0.881235 0.096342 0.008976
2 2 0.000023 0.010192 0.960422 0.025280 0.004082
2 2 0.000237 0.005032 0.521630 0.470139 0.002961
2 2 0.001212 0.047638 0.881845 0.045976 0.023329
2 2 0.000005 0.002028 0.956480 0.037477 0.004009
2 2 0.000425 0.010056 0.666056 0.319254 0.004210
2 2 0.000336 0.023654 0.900898 0.052734 0.022378
2 2 0.001234 0.046632 0.846282 0.080294 0.025558
2 2 0.000120 0.008425 0.862613 0.120936 0.007906
2 2 0.000001 0.000351 0.805542 0.193701 0.000405
4 2 0.205071 0.025475 0.016216 0.000130 0.753108
0 0 0.842516 0.009307 0.010098 0.000133 0.137946
4 0 0.126074 0.364951 0.100119 0.000170 0.408686
4 0 0.106190 0.131273 0.029708 0.000294 0.732535
4 1 0.030526 0.207365 0.176679 0.037845 0.547585
2 1 0.017590 0.330031 0.358729 0.008154 0.285496
2 1 0.003687 0.131050 0.566633 0.104019 0.194611
2 1 0.002416 0.069138 0.665160 0.060503 0.202783
2 1 0.002058 0.089899 0.746922 0.020167 0.140954
2 2 0.000597 0.020639 0.947629 0.016812 0.014322
2 2 0.000657 0.095067 0.860932 0.007996 0.035348
2 2 0.000317 0.009369 0.949938 0.037110 0.003266
3 2 0.000198 0.003217 0.435722 0.555973 0.004890
2 2 0.000067 0.018906 0.919593 0.035038 0.026396
2 2 0.000070 0.009733 0.911839 0.069640 0.008718
2 2 0.000020 0.002223 0.713078 0.283350 0.001329
2 2 0.001739 0.021409 0.743801 0.210187 0.022864
2 2 0.000968 0.015943 0.902733 0.076003 0.004353
2 2 0.009918 0.152209 0.500024 0.004196 0.333652
4 2 0.042563 0.163321 0.151922 0.000197 0.641997
2 2 0.010638 0.237199 0.667654 0.024204 0.060305
2 2 0.023444 0.186218 0.426269 0.316667 0.047401
2 2 0.003141 0.037321 0.609292 0.292164 0.058082
2 2 0.000009 0.008261 0.954831 0.032569 0.004330
2 2 0.000611 0.069713 0.858821 0.038020 0.032836
2 2 0.019239 0.114911 0.714784 0.062931 0.088135
2 2 0.000097 0.009394 0.942840 0.027747 0.019922
2 2 0.000595 0.026880 0.920126 0.022011 0.030388
2 2 0.001428 0.032446 0.559973 0.325926 0.080226
2 2 0.000323 0.022175 0.737128 0.228847 0.011527
2 2 0.000225 0.027070 0.786118 0.160760 0.025828
2 2 0.000597 0.035254 0.932681 0.022111 0.009357
2 2 0.000021 0.003775 0.967564 0.023244 0.005395
2 2 0.000136 0.009409 0.923015 0.061396 0.006045
2 2 0.000387 0.013600 0.783671 0.194656 0.007686
4 1 0.022900 0.076399 0.055380 0.012102 0.833219
1 2 0.357248 0.411966 0.108014 0.001763 0.121010
2 1 0.034066 0.193456 0.367424 0.064330 0.340723
2 1 0.017172 0.117026 0.428380 0.254955 0.182468
2 1 0.003230 0.148613 0.598695 0.076806 0.172656
2 2 0.008284 0.250606 0.590813 0.056799 0.093499
2 2 0.007279 0.195924 0.563961 0.173413 0.059423
2 2 0.003714 0.144379 0.659857 0.180673 0.011377
2 2 0.000889 0.031828 0.893593 0.064450 0.009240
2 2 0.002537 0.033743 0.628749 0.303190 0.031782
2 2 0.002773 0.056887 0.722666 0.204764 0.012910
2 2 0.005730 0.079968 0.733181 0.135190 0.045931
2 2 0.008736 0.067705 0.616026 0.171353 0.136180
2 2 0.000202 0.029441 0.785221 0.180039 0.005097
2 2 0.001194 0.028071 0.593806 0.371847 0.005082
2 2 0.000036 0.014962 0.912813 0.070956 0.001232
2 2 0.000003 0.005644 0.985581 0.008148 0.000624
2 2 0.002423 0.045669 0.618147 0.323921 0.009840
3 2 0.005961 0.028646 0.397756 0.546820 0.020816
2 2 0.000380 0.025409 0.869950 0.086193 0.018068
2 2 0.000250 0.017644 0.870050 0.096559 0.015497
2 2 0.000532 0.026952 0.889867 0.070345 0.012304
2 2 0.014090 0.066343 0.674441 0.235475 0.009651
2 2 0.000104 0.016593 0.939335 0.041132 0.002836
2 2 0.000370 0.036220 0.726570 0.232361 0.004478
2 2 0.000098 0.006166 0.885443 0.099089 0.009205
2 2 0.000197 0.026465 0.809512 0.137801 0.026024
2 2 0.000882 0.037276 0.814005 0.125320 0.022517
2 2 0.000876 0.155144 0.723853 0.009848 0.110279
2 2 0.000227 0.009173 0.872155 0.105258 0.013187
3 2 0.002359 0.014623 0.396191 0.554987 0.031840
2 2 0.000057 0.005902 0.737225 0.254913 0.001903
2 2 0.000468 0.011956 0.719530 0.258789 0.009257
2 2 0.023829 0.211369 0.705643 0.025368 0.033790
4 2 0.036156 0.220408 0.114298 0.001917 0.627222
3 2 0.005881 0.076078 0.315411 0.457582 0.145048
2 2 0.004223 0.110770 0.436030 0.383699 0.065278
3 2 0.013709 0.095950 0.400477 0.427757 0.062107
2 2 0.000406 0.023166 0.725914 0.243369 0.007144
2 2 0.000525 0.069212 0.882508 0.042264 0.005491
2 2 0.004124 0.080977 0.648716 0.228048 0.038136
3 2 0.003942 0.036458 0.327426 0.617592 0.014582
3 2 0.006803 0.009015 0.151197 0.831372 0.001612
2 2 0.000846 0.020200 0.780719 0.188705 0.009530
2 2 0.000202 0.011530 0.814147 0.160855 0.013265
2 2 0.000069 0.005227 0.785662 0.196359 0.012683
3 2 0.001177 0.005012 0.235090 0.750450 0.008271
2 2 0.003074 0.029607 0.493201 0.350133 0.123985
2 0 0.102068 0.242105 0.397363 0.039704 0.218760
0 0 0.794607 0.042754 0.032454 0.003733 0.126452
0 0 0.944628 0.019685 0.008749 0.000033 0.026905
0 1 0.869626 0.029395 0.001095 0.000000 0.099884
4 1 0.042768 0.029418 0.001379 0.000000 0.926435
4 1 0.030384 0.282568 0.152860 0.000616 0.533572
4 1 0.024024 0.193251 0.236833 0.125489 0.420404
4 1 0.015397 0.240802 0.324497 0.059094 0.360210
2 2 0.003257 0.064465 0.861969 0.057892 0.012418
2 2 0.018158 0.158181 0.447905 0.072833 0.302923
1 2 0.043390 0.324446 0.293483 0.055997 0.282684
2 2 0.002579 0.040720 0.749552 0.146738 0.060411
2 2 0.003203 0.024893 0.486936 0.465762 0.019205
2 2 0.001572 0.167766 0.709193 0.002107 0.119362
4 2 0.004937 0.109236 0.359169 0.003677 0.522981
2 2 0.000143 0.032064 0.953494 0.011555 0.002744
2 2 0.001201 0.082114 0.792138 0.094715 0.029833
2 2 0.000606 0.148912 0.795759 0.003851 0.050872
2 2 0.002463 0.096911 0.829476 0.019251 0.051900
2 2 0.000490 0.127279 0.730531 0.010438 0.131263
2 2 0.000327 0.140963 0.635459 0.000398 0.222853
2 2 0.000109 0.118380 0.859532 0.000086 0.021893
2 2 0.000236 0.039567 0.928175 0.003889 0.028133
4 2 0.096562 0.255158 0.238268 0.002331 0.407682
4 0 0.182438 0.341272 0.106066 0.000001 0.370224
4 0 0.383848 0.197037 0.016387 0.000000 0.402728
0 0 0.720866 0.168679 0.007263 0.000000 0.103192
0 0 0.988358 0.002381 0.001193 0.000002 0.008066
4 0 0.438281 0.025117 0.021528 0.000003 0.515071
0 0 0.593223 0.043429 0.025539 0.000561 0.337248
4 0 0.058047 0.004759 0.009253 0.000122 0.927819
4 0 0.135431 0.030235 0.017015 0.000168 0.817150
4 0 0.159949 0.009424 0.010184 0.000054 0.820389
4 0 0.230035 0.182218 0.102501 0.000171 0.485074
4 1 0.016283 0.236575 0.149188 0.000251 0.597703
4 1 0.020235 0.082895 0.346849 0.024176 0.525846
2 1 0.007705 0.099131 0.644189 0.003202 0.245773
2 1 0.032513 0.190276 0.582349 0.040195 0.154666
2 1 0.080783 0.219593 0.372514 0.060559 0.266550
2 1 0.044337 0.073463 0.602310 0.236027 0.043863
2 1 0.156958 0.144299 0.280710 0.174703 0.243330
2 1 0.122200 0.081566 0.325569 0.170294 0.300371
4 1 0.138510 0.053865 0.183192 0.307324 0.317109
3 1 0.182435 0.059778 0.139894 0.369873 0.248020
4 1 0.092535 0.099883 0.176173 0.180519 0.450891
4 1 0.087667 0.090140 0.274514 0.018149 0.529530
4 1 0.144987 0.079770 0.167136 0.164397 0.443709
4 4 0.091714 0.073745 0.096631 0.036226 0.701685
4 4 0.009672 0.124071 0.090350 0.003041 0.772867
4 4 0.030324 0.007327 0.017646 0.001589 0.943114
4 4 0.058566 0.137220 0.094554 0.000816 0.708844
4 4 0.022604 0.144318 0.159029 0.002705 0.671344
4 4 0.022105 0.143082 0.189922 0.001282 0.643610
4 4 0.030073 0.026358 0.054561 0.001045 0.887963
4 4 0.084810 0.073159 0.230474 0.039235 0.572323
4 4 0.061188 0.059904 0.092771 0.008180 0.777956
4 4 0.125921 0.227450 0.301916 0.003499 0.341214
4 4 0.050636 0.053160 0.020627 0.000425 0.875151
4 4 0.014552 0.013071 0.012746 0.000493 0.959137
4 4 0.057987 0.053506 0.086249 0.068424 0.733834
3 4 0.168536 0.034681 0.111732 0.465569 0.219482
4 4 0.056225 0.043622 0.043308 0.007956 0.848889
4 4 0.057688 0.034109 0.045155 0.000439 0.862609
4 4 0.073156 0.045348 0.066894 0.012727 0.801876
4 4 0.095163 0.025368 0.021550 0.000584 0.857336
4 4 0.064415 0.119401 0.096887 0.002724 0.716572
4 4 0.020276 0.227043 0.156382 0.002611 0.593688
4 4 0.025271 0.036405 0.055892 0.001555 0.880877
4 4 0.094823 0.082123 0.390082 0.014785 0.418187
2 4 0.091702 0.185313 0.372778 0.013797 0.336410
4 4 0.053425 0.131504 0.303849 0.064791 0.446430
4 4 0.092845 0.162752 0.263583 0.112542 0.368278
4 4 0.040699 0.159965 0.103767 0.079989 0.615578
2 4 0.022741 0.058270 0.554669 0.019497 0.344822
4 4 0.304310 0.039244 0.056635 0.010438 0.589372
4 4 0.037023 0.028226 0.036010 0.007281 0.891460
4 4 0.030137 0.053749 0.020693 0.000614 0.894806
2 4 0.132223 0.089132 0.436875 0.019455 0.322316
2 4 0.108302 0.119433 0.433224 0.073793 0.265248
4 4 0.005662 0.090989 0.274589 0.005790 0.622971
4 4 0.058951 0.084628 0.284902 0.093255 0.478265
1 4 0.070212 0.482530 0.225508 0.000265 0.221485
2 4 0.212294 0.177209 0.348623 0.051126 0.210747
1 4 0.019140 0.375935 0.375332 0.002543 0.227050
4 4 0.008780 0.159295 0.400875 0.005503 0.425547
4 4 0.053652 0.205312 0.266459 0.001986 0.472592
4 4 0.116061 0.099748 0.181839 0.003305 0.599047
4 4 0.047406 0.167162 0.213690 0.029649 0.542093
4 4 0.033685 0.106996 0.139762 0.067772 0.651786
4 4 0.003534 0.079910 0.097513 0.006057 0.812986
4 4 0.037958 0.134700 0.196148 0.052305 0.578889
4 4 0.015630 0.122184 0.358635 0.014217 0.489333
4 4 0.005903 0.192271 0.345595 0.003432 0.452798
2 4 0.126940 0.162443 0.287480 0.138508 0.284629
4 4 0.049520 0.100702 0.131416 0.110569 0.607793
2 4 0.033773 0.180245 0.434706 0.015362 0.335914
4 4 0.056808 0.084141 0.240917 0.009191 0.608943
4 4 0.106514 0.177620 0.242583 0.003480 0.469804
1 0 0.083848 0.447333 0.177623 0.000240 0.290957
4 0 0.017640 0.195378 0.269436 0.009589 0.507957
4 0 0.019489 0.206003 0.242287 0.018372 0.513850
2 1 0.020049 0.318196 0.475945 0.006646 0.179164
1 1 0.035841 0.430114 0.428659 0.008918 0.096467
2 1 0.003739 0.220598 0.436458 0.001414 0.337792
2 1 0.005488 0.247248 0.454636 0.009298 0.283329
4 1 0.009142 0.246176 0.335491 0.005085 0.404106
4 1 0.019544 0.138764 0.358015 0.019231 0.464447
2 1 0.012605 0.126808 0.514466 0.007487 0.338634
2 1 0.016311 0.187586 0.508898 0.007946 0.279259
2 1 0.006789 0.032743 0.385804 0.309800 0.264863
2 1 0.002897 0.022294 0.650321 0.239043 0.085445
4 1 0.247923 0.155849 0.031381 0.000053 0.564794
4 1 0.016648 0.110773 0.162709 0.000786 0.709082
4 1 0.108010 0.069404 0.112346 0.292063 0.418177
4 1 0.030088 0.249694 0.235531 0.027650 0.457036
2 2 0.000595 0.033056 0.894842 0.017138 0.054369
2 2 0.028873 0.064299 0.471989 0.031523 0.403315
2 2 0.001341 0.033406 0.943139 0.006986 0.015128
2 2 0.000824 0.061523 0.822365 0.000933 0.114354
