0 0 0.999650 0.000166 0.000048 0.000000 0.000136
0 0 0.976127 0.010289 0.004521 0.000075 0.008988
0 0 0.867912 0.002329 0.001611 0.000007 0.128142
4 0 0.120682 0.010012 0.008156 0.000110 0.861041
0 0 0.879344 0.010454 0.006508 0.000129 0.103565
0 0 0.696799 0.066431 0.094690 0.007176 0.134904
0 0 0.983229 0.004753 0.003034 0.000138 0.008847
0 0 0.940951 0.010743 0.025296 0.003329 0.019681
0 0 0.991998 0.001511 0.001210 0.000061 0.005221
4 0 0.410085 0.061502 0.027452 0.000451 0.500510
4 0 0.063875 0.030887 0.026411 0.000061 0.878766
4 0 0.395726 0.067253 0.032089 0.000184 0.504748
0 0 0.927504 0.025627 0.016342 0.001004 0.029524
0 0 0.728602 0.121757 0.045892 0.001138 0.102611
0 0 0.406144 0.201466 0.083010 0.000439 0.308940
0 0 0.639718 0.124260 0.177849 0.003108 0.055065
0 0 0.998633 0.000230 0.000178 0.000002 0.000957
0 0 0.884977 0.083584 0.020879 0.000010 0.010550
0 0 0.717329 0.131465 0.041780 0.000654 0.108772
0 0 0.973508 0.007387 0.003233 0.000023 0.015850
0 0 0.881308 0.013031 0.008960 0.000424 0.096277
0 0 0.802368 0.048826 0.036180 0.001860 0.110766
0 0 0.974875 0.010280 0.004947 0.000090 0.009809
0 0 0.855759 0.039346 0.060985 0.001350 0.042560
0 0 0.930249 0.013250 0.007902 0.000285 0.048314
0 0 0.893682 0.011026 0.013737 0.016959 0.064596
0 0 0.791757 0.052048 0.021400 0.000324 0.134471
0 0 0.652775 0.100728 0.050583 0.003235 0.192679
0 0 0.501884 0.072025 0.041032 0.000269 0.384790
0 0 0.752584 0.010261 0.016199 0.033033 0.187923
0 0 0.989261 0.002161 0.001735 0.000118 0.006725
0 0 0.933753 0.023261 0.014072 0.000612 0.028302
0 0 0.720477 0.198410 0.050927 0.000206 0.029980
0 0 0.607893 0.302621 0.055889 0.000365 0.033233
0 0 0.598934 0.027167 0.010239 0.000024 0.363637
1 0 0.152779 0.500117 0.111072 0.000040 0.235993
4 0 0.131153 0.360087 0.074673 0.000138 0.433949
0 0 0.427643 0.297663 0.055823 0.000121 0.218751
2 0 0.027267 0.062429 0.900292 0.006533 0.003480
2 0 0.026277 0.057665 0.866961 0.043549 0.005547
0 0 0.550189 0.050405 0.069632 0.012804 0.316971
0 0 0.855039 0.071840 0.039286 0.000362 0.033472
1 0 0.161559 0.617051 0.204371 0.000009 0.017010
0 0 0.923877 0.056135 0.011981 0.000009 0.007998
0 0 0.732984 0.179316 0.052375 0.000358 0.034967
1 0 0.194593 0.413800 0.208404 0.000536 0.182667
0 0 0.856036 0.012444 0.007530 0.000143 0.123847
0 0 0.711416 0.151402 0.034611 0.000116 0.102455
0 0 0.905654 0.049018 0.018935 0.000500 0.025893
0 0 0.938885 0.008204 0.009423 0.004667 0.038820
0 0 0.958691 0.003945 0.002289 0.000018 0.035057
0 0 0.821215 0.008893 0.006701 0.000224 0.162966
0 0 0.749631 0.019869 0.009847 0.000083 0.220570
0 0 0.763269 0.013903 0.011298 0.000879 0.210651
4 0 0.302083 0.012115 0.012393 0.002040 0.671368
0 0 0.468357 0.033538 0.028995 0.007433 0.461677
0 0 0.971384 0.011827 0.005508 0.000128 0.011153
0 0 0.869409 0.054321 0.030278 0.001914 0.044079
0 0 0.803802 0.078992 0.046257 0.005166 0.065783
1 0 0.340907 0.452884 0.088653 0.000151 0.117405
0 0 0.617024 0.044597 0.023040 0.000605 0.314734
0 0 0.447798 0.183244 0.065725 0.001514 0.301719
0 0 0.832958 0.035299 0.009975 0.000013 0.121756
0 0 0.978916 0.017165 0.002245 0.000000 0.001674
0 0 0.949517 0.021667 0.010050 0.000355 0.018411
0 0 0.972879 0.008015 0.005102 0.000331 0.013674
0 0 0.879960 0.028334 0.025696 0.007688 0.058322
0 0 0.486879 0.254440 0.152632 0.002937 0.103112
0 0 0.832351 0.066710 0.035768 0.005470 0.059702
0 0 0.975138 0.012599 0.004855 0.000029 0.007378
0 0 0.997020 0.000443 0.000397 0.000014 0.002127
0 0 0.996220 0.000335 0.000420 0.000050 0.002976
0 0 0.644346 0.078150 0.052491 0.007168 0.217846
0 0 0.962263 0.006296 0.006173 0.002040 0.023227
0 0 0.824173 0.027248 0.019079 0.000924 0.128575
0 0 0.731860 0.072141 0.053213 0.035160 0.107626
0 0 0.893032 0.079108 0.016772 0.000001 0.011087
0 0 0.399136 0.398189 0.067839 0.000189 0.134648
0 0 0.669419 0.020692 0.019790 0.005380 0.284720
0 0 0.928279 0.035020 0.014254 0.000414 0.022033
0 0 0.829719 0.100098 0.041090 0.000197 0.028896
0 0 0.995965 0.001749 0.000691 0.000002 0.001594
0 0 0.839600 0.087637 0.036117 0.000641 0.036005
0 0 0.960716 0.021241 0.007240 0.000070 0.010734
0 0 0.899079 0.007026 0.005461 0.000235 0.088198
0 0 0.846971 0.009725 0.010603 0.003376 0.129324
0 0 0.954857 0.013598 0.008789 0.000885 0.021870
0 0 0.912281 0.025509 0.017537 0.003630 0.041043
1 0 0.080900 0.455566 0.152669 0.000251 0.310613
4 0 0.072222 0.368769 0.081703 0.000026 0.477280
1 0 0.203184 0.406880 0.081517 0.000187 0.308231
1 0 0.071471 0.595964 0.178575 0.000006 0.153984
4 0 0.149832 0.126795 0.090499 0.000226 0.632648
1 0 0.031649 0.514934 0.344548 0.000082 0.108786
4 0 0.049959 0.370562 0.168565 0.000043 0.410871
1 0 0.066043 0.499629 0.406899 0.000481 0.026947
0 0 0.884267 0.108143 0.005794 0.000000 0.001796
0 0 0.556133 0.393942 0.045417 0.000000 0.004507
4 0 0.038176 0.332399 0.194779 0.000273 0.434373
4 0 0.053168 0.183959 0.118368 0.013429 0.631077
4 0 0.008653 0.043080 0.032675 0.000641 0.914952
4 0 0.022718 0.043028 0.030486 0.001203 0.902565
4 0 0.230923 0.322863 0.064951 0.000217 0.381045
4 0 0.029296 0.291365 0.127550 0.000743 0.551046
4 1 0.025895 0.069025 0.027786 0.000474 0.876820
4 1 0.058413 0.057553 0.015919 0.000037 0.868078
4 1 0.007333 0.148342 0.052274 0.000024 0.792026
4 1 0.004556 0.121900 0.056283 0.000020 0.817241
4 1 0.026834 0.114719 0.021268 0.000006 0.837173
4 1 0.042425 0.346858 0.060160 0.000001 0.550556
4 1 0.003968 0.129637 0.087929 0.000028 0.778438
4 4 0.010738 0.027527 0.013485 0.000029 0.948222
4 4 0.042638 0.039760 0.016843 0.000285 0.900474
4 4 0.079100 0.101588 0.023574 0.000041 0.795697
4 4 0.068362 0.219401 0.036777 0.000035 0.675426
4 4 0.011177 0.074514 0.026767 0.000033 0.887509
4 4 0.036673 0.149174 0.046452 0.000137 0.767563
4 4 0.098096 0.120376 0.025824 0.000034 0.755670
4 4 0.039316 0.078516 0.023231 0.000075 0.858862
4 4 0.041955 0.110150 0.032263 0.000175 0.815457
4 4 0.012901 0.266992 0.091214 0.000009 0.628884
1 4 0.039427 0.519440 0.164602 0.000005 0.276526
4 4 0.094390 0.397726 0.073518 0.000010 0.434356
4 4 0.006884 0.017589 0.007738 0.000150 0.967639
4 4 0.007358 0.098246 0.039463 0.000507 0.854427
4 4 0.027537 0.072186 0.034123 0.003009 0.863145
4 4 0.059416 0.315609 0.068736 0.000027 0.556213
4 4 0.004331 0.112415 0.058961 0.000325 0.823969
4 4 0.006984 0.055618 0.030038 0.000516 0.906845
4 4 0.021850 0.061294 0.016533 0.000064 0.900259
4 4 0.025530 0.286639 0.110786 0.000206 0.576838
4 4 0.006849 0.041583 0.024215 0.000465 0.926888
4 4 0.008503 0.170352 0.081679 0.000273 0.739193
4 4 0.041213 0.246646 0.046572 0.000008 0.665561
4 4 0.007925 0.157584 0.048680 0.000008 0.785803
4 4 0.007705 0.080667 0.019030 0.000018 0.892581
4 4 0.002914 0.156044 0.085799 0.000022 0.755221
4 4 0.011050 0.236944 0.075626 0.000005 0.676375
2 4 0.000246 0.164423 0.528869 0.000035 0.306427
4 4 0.000840 0.190474 0.219745 0.000014 0.588927
2 4 0.002059 0.268709 0.385936 0.000169 0.343127
2 4 0.001294 0.191638 0.672428 0.001039 0.133600
2 4 0.001770 0.215597 0.610811 0.000774 0.171048
2 2 0.000062 0.074233 0.873199 0.000345 0.052161
0 2 0.473601 0.373682 0.090107 0.002441 0.060169
1 2 0.104427 0.463770 0.122340 0.000083 0.309380
2 2 0.000001 0.002817 0.913939 0.082837 0.000406
2 2 0.000015 0.009284 0.927694 0.053280 0.009726
2 2 0.000069 0.040182 0.941977 0.003051 0.014721
2 2 0.000293 0.061547 0.931007 0.000456 0.006697
2 2 0.000019 0.019096 0.979657 0.000135 0.001094
2 2 0.000006 0.011009 0.985164 0.002402 0.001419
2 2 0.000556 0.014634 0.965848 0.005976 0.012986
2 2 0.000863 0.023186 0.748294 0.092519 0.135138
2 2 0.000078 0.037703 0.950885 0.000618 0.010716
2 2 0.000443 0.032003 0.963315 0.001062 0.003176
2 2 0.001001 0.116379 0.824763 0.002900 0.054957
2 2 0.001834 0.083169 0.887463 0.002327 0.025207
2 2 0.000000 0.002123 0.997767 0.000066 0.000044
2 2 0.000000 0.000627 0.999335 0.000034 0.000004
2 2 0.000110 0.007141 0.967558 0.023652 0.001540
2 2 0.000003 0.003576 0.996122 0.000206 0.000092
2 2 0.000002 0.001329 0.992878 0.005680 0.000111
2 2 0.000002 0.000421 0.938587 0.060883 0.000107
2 2 0.000000 0.000081 0.606025 0.393885 0.000009
2 2 0.000000 0.000287 0.948400 0.051137 0.000176
2 2 0.000000 0.000141 0.975272 0.024570 0.000018
2 2 0.000000 0.000255 0.955541 0.044199 0.000005
2 2 0.000000 0.000002 0.700076 0.299922 0.000000
2 2 0.000000 0.000060 0.950748 0.049189 0.000002
2 2 0.000000 0.000012 0.689550 0.310437 0.000001
2 2 0.000000 0.000014 0.771266 0.228719 0.000001
3 2 0.000001 0.000091 0.456425 0.543428 0.000055
3 2 0.000004 0.000347 0.141839 0.857654 0.000157
2 3 0.000000 0.000065 0.985383 0.014550 0.000002
3 3 0.000000 0.000003 0.293699 0.706297 0.000000
3 3 0.000000 0.000009 0.191542 0.808446 0.000002
2 3 0.000000 0.000001 0.571146 0.428853 0.000000
3 3 0.000000 0.000037 0.329662 0.670261 0.000040
3 3 0.000000 0.000009 0.289188 0.710802 0.000001
3 3 0.000000 0.000000 0.029488 0.970512 0.000000
3 3 0.000000 0.000009 0.077484 0.922506 0.000001
3 3 0.000000 0.000001 0.086516 0.913483 0.000001
3 3 0.000000 0.000014 0.061998 0.937957 0.000030
2 3 0.000000 0.000050 0.611346 0.388575 0.000029
3 3 0.000000 0.000007 0.186372 0.813620 0.000001
3 3 0.000000 0.000010 0.179487 0.820488 0.000015
3 3 0.000000 0.000070 0.248226 0.751670 0.000035
3 3 0.000000 0.000000 0.000610 0.999390 0.000000
3 3 0.000001 0.000027 0.070468 0.929200 0.000304
3 3 0.000000 0.000003 0.048244 0.951753 0.000001
3 3 0.000000 0.000024 0.420485 0.579491 0.000001
3 3 0.000000 0.000003 0.120897 0.879099 0.000001
3 3 0.000000 0.000021 0.052173 0.947791 0.000016
3 3 0.000004 0.000153 0.057409 0.942374 0.000060
3 3 0.000000 0.000009 0.042201 0.957774 0.000016
3 3 0.000000 0.000000 0.009078 0.990922 0.000000
3 3 0.000000 0.000000 0.004847 0.995152 0.000001
3 3 0.000000 0.000008 0.015503 0.984478 0.000010
3 3 0.000006 0.000043 0.060051 0.939750 0.000149
3 3 0.000000 0.000004 0.087995 0.911999 0.000003
3 3 0.000002 0.000057 0.249295 0.750637 0.000009
3 3 0.000000 0.000006 0.022361 0.977616 0.000017
3 3 0.000005 0.000133 0.080055 0.919573 0.000234
3 3 0.000001 0.000131 0.094286 0.905493 0.000089
3 3 0.000000 0.000003 0.049253 0.950738 0.000007
3 3 0.000000 0.000000 0.010671 0.989328 0.000000
3 3 0.000000 0.000000 0.004192 0.995807 0.000001
3 3 0.000000 0.000001 0.011190 0.988809 0.000001
3 3 0.000000 0.000008 0.026668 0.973323 0.000001
3 3 0.000000 0.000001 0.027329 0.972667 0.000003
3 3 0.000000 0.000000 0.003600 0.996400 0.000000
3 3 0.000010 0.000066 0.036889 0.962374 0.000661
3 3 0.000024 0.000068 0.026569 0.972595 0.000744
3 3 0.000000 0.000013 0.026318 0.973654 0.000014
3 3 0.000001 0.000013 0.008634 0.991342 0.000010
3 3 0.000000 0.000015 0.047998 0.951986 0.000001
3 3 0.000002 0.000282 0.102223 0.897472 0.000020
3 3 0.000001 0.000014 0.012824 0.987129 0.000032
3 3 0.000000 0.000000 0.002602 0.997397 0.000000
3 3 0.000000 0.000027 0.025222 0.974746 0.000004
3 3 0.000037 0.000275 0.057112 0.942104 0.000472
3 3 0.000000 0.000020 0.069694 0.930198 0.000088
3 3 0.000000 0.000000 0.001791 0.998209 0.000001
3 3 0.000022 0.000143 0.032309 0.967256 0.000270
3 3 0.000000 0.000009 0.064799 0.935179 0.000013
3 3 0.000000 0.000002 0.022852 0.977146 0.000001
3 3 0.000002 0.000014 0.013377 0.986548 0.000059
3 3 0.000000 0.000032 0.129490 0.870464 0.000014
3 3 0.000000 0.000001 0.006284 0.993715 0.000000
3 3 0.000004 0.000015 0.009009 0.990940 0.000033
3 3 0.000003 0.000018 0.014414 0.985470 0.000095
3 3 0.000001 0.000004 0.006429 0.993545 0.000022
3 3 0.000294 0.001543 0.058617 0.938399 0.001146
3 3 0.003719 0.012784 0.341124 0.625146 0.017227
2 3 0.000256 0.039683 0.812451 0.137369 0.010241
3 3 0.000036 0.000941 0.113900 0.884471 0.000651
3 3 0.000000 0.000300 0.276360 0.723319 0.000020
2 3 0.000000 0.000092 0.632273 0.367560 0.000074
2 3 0.000000 0.000104 0.764510 0.235381 0.000005
2 2 0.000640 0.082249 0.827732 0.050756 0.038623
2 2 0.000001 0.000780 0.737115 0.261264 0.000840
2 2 0.000000 0.000098 0.883604 0.116295 0.000003
2 2 0.000000 0.000220 0.656684 0.343046 0.000051
2 2 0.000000 0.000002 0.532269 0.467725 0.000004
2 2 0.000000 0.000228 0.985973 0.013754 0.000045
2 2 0.002375 0.039747 0.877464 0.079119 0.001296
3 2 0.004670 0.033565 0.334167 0.611632 0.015966
2 2 0.000001 0.001494 0.941580 0.056825 0.000100
2 2 0.000123 0.001498 0.903360 0.093510 0.001510
2 2 0.000990 0.040724 0.765690 0.188478 0.004118
2 2 0.000013 0.006220 0.849772 0.138663 0.005332
2 2 0.000000 0.001692 0.924592 0.073609 0.000107
2 2 0.000000 0.000113 0.639622 0.360245 0.000020
3 2 0.000030 0.000140 0.090481 0.909163 0.000187
2 2 0.000014 0.000352 0.690074 0.309540 0.000020
3 2 0.000000 0.000167 0.381286 0.618542 0.000006
3 2 0.000000 0.000095 0.413224 0.586649 0.000032
3 2 0.000002 0.000095 0.498021 0.501797 0.000084
2 2 0.000128 0.001000 0.502964 0.495714 0.000194
3 2 0.000004 0.000095 0.305370 0.694504 0.000028
3 2 0.000000 0.000192 0.359975 0.639778 0.000054
3 2 0.000000 0.000010 0.441483 0.558506 0.000000
2 2 0.000000 0.000009 0.833548 0.166443 0.000000
2 2 0.000000 0.000102 0.997137 0.002759 0.000002
2 2 0.000066 0.009903 0.982982 0.003698 0.003351
2 2 0.000000 0.000829 0.904585 0.094499 0.000087
2 2 0.000012 0.009205 0.913553 0.076308 0.000921
2 2 0.000052 0.010876 0.983428 0.004295 0.001349
2 2 0.000061 0.020316 0.966341 0.011841 0.001441
2 2 0.000011 0.010298 0.985145 0.003047 0.001499
2 2 0.000000 0.001800 0.970313 0.027544 0.000343
2 2 0.000006 0.001224 0.748028 0.250556 0.000186
2 2 0.000004 0.001345 0.775106 0.222423 0.001121
2 2 0.000001 0.000510 0.500070 0.499264 0.000155
2 2 0.000014 0.002020 0.997073 0.000882 0.000010
2 2 0.002271 0.006777 0.521849 0.467678 0.001425
2 2 0.000034 0.015260 0.872151 0.110901 0.001654
2 2 0.000001 0.000849 0.557419 0.441600 0.000132
2 2 0.000002 0.000818 0.942864 0.054604 0.001712
2 2 0.000000 0.000216 0.990713 0.009067 0.000004
2 2 0.000140 0.031627 0.955798 0.008984 0.003451
2 2 0.000000 0.000838 0.998553 0.000565 0.000044
2 2 0.000000 0.000010 0.965311 0.034678 0.000000
2 2 0.000014 0.014581 0.977041 0.005524 0.002841
2 2 0.000001 0.000954 0.983769 0.015218 0.000058
2 2 0.000004 0.006500 0.982912 0.010002 0.000583
2 2 0.000007 0.005025 0.982660 0.011752 0.000556
2 2 0.000140 0.017309 0.855184 0.124487 0.002880
2 2 0.000038 0.005375 0.941980 0.043516 0.009091
2 2 0.000433 0.008328 0.984320 0.003300 0.003620
2 2 0.000000 0.000343 0.860765 0.138885 0.000008
2 2 0.000000 0.000166 0.839089 0.160734 0.000011
3 2 0.000000 0.000205 0.427280 0.572480 0.000035
2 2 0.000000 0.000157 0.825826 0.173996 0.000021
2 2 0.000000 0.000005 0.612104 0.387891 0.000000
2 2 0.000567 0.001288 0.559045 0.438906 0.000194
2 2 0.253925 0.067537 0.589222 0.073744 0.015572
2 2 0.000000 0.000485 0.802024 0.197479 0.000012
3 2 0.000020 0.000191 0.062206 0.936520 0.001063
2 2 0.018482 0.134418 0.646690 0.061348 0.139061
2 0 0.166991 0.264477 0.486389 0.021588 0.060555
0 0 0.453312 0.222509 0.264197 0.004445 0.055538
0 0 0.937107 0.008839 0.009741 0.006721 0.037592
0 0 0.973041 0.007250 0.004983 0.000414 0.014313
0 0 0.459147 0.012970 0.025118 0.381250 0.121515
1 0 0.025810 0.366579 0.332369 0.006273 0.268969
4 0 0.006161 0.262192 0.329607 0.001943 0.400098
0 0 0.360768 0.218760 0.332337 0.000018 0.088117
0 0 0.758339 0.111095 0.041982 0.000201 0.088384
0 0 0.700495 0.086972 0.038387 0.001487 0.172660
1 0 0.258366 0.390162 0.068663 0.000167 0.282642
1 0 0.030649 0.459253 0.169502 0.000015 0.340580
1 1 0.044966 0.443635 0.150435 0.000042 0.360922
2 1 0.003292 0.264888 0.451556 0.000085 0.280179
1 1 0.031882 0.446878 0.141336 0.000007 0.379897
4 1 0.260271 0.169457 0.030103 0.000016 0.540152
4 0 0.112062 0.288015 0.042744 0.000018 0.557160
4 0 0.023772 0.322580 0.146347 0.000290 0.507011
4 0 0.050297 0.313038 0.115188 0.001050 0.520428
0 0 0.521755 0.360523 0.084754 0.000178 0.032790
1 1 0.201420 0.594092 0.158542 0.000019 0.045928
4 1 0.036458 0.355599 0.135883 0.000206 0.471854
1 1 0.066056 0.452258 0.122255 0.000025 0.359406
1 1 0.033077 0.493829 0.247469 0.000101 0.225524
1 1 0.009379 0.415260 0.307383 0.000060 0.267919
2 1 0.000222 0.052225 0.883362 0.042559 0.021631
2 1 0.001631 0.185371 0.641690 0.004639 0.166669
2 1 0.000507 0.103217 0.833658 0.007510 0.055108
2 1 0.002040 0.200741 0.720647 0.004284 0.072288
2 1 0.000549 0.127201 0.845903 0.000265 0.026082
2 1 0.011672 0.335834 0.593632 0.000938 0.057925
4 1 0.070361 0.372640 0.080768 0.000018 0.476213
4 2 0.062513 0.390347 0.154349 0.001062 0.391730
1 2 0.028127 0.469262 0.188492 0.000018 0.314101
1 2 0.021020 0.475676 0.280327 0.000080 0.222897
2 2 0.007969 0.312425 0.415507 0.003462 0.260638
2 2 0.003505 0.215291 0.486048 0.006701 0.288455
2 2 0.000715 0.086650 0.833631 0.031500 0.047504
2 2 0.000253 0.051579 0.905305 0.035081 0.007782
2 2 0.000005 0.006407 0.990750 0.000307 0.002532
2 2 0.000802 0.067450 0.898181 0.004813 0.028754
2 2 0.000032 0.021479 0.976586 0.000346 0.001557
2 2 0.000020 0.013638 0.985304 0.000518 0.000519
4 2 0.020141 0.377754 0.185522 0.000110 0.416474
4 2 0.009638 0.197650 0.082624 0.000069 0.710019
0 2 0.507418 0.202018 0.044760 0.000015 0.245789
2 2 0.012344 0.352459 0.356271 0.000225 0.278700
2 2 0.000311 0.065527 0.912348 0.004051 0.017763
2 2 0.037986 0.403909 0.497383 0.000217 0.060505
4 2 0.017498 0.250774 0.109227 0.000268 0.622232
4 2 0.151978 0.312462 0.168547 0.000188 0.366826
2 2 0.002206 0.156680 0.779913 0.021552 0.039649
2 2 0.001880 0.157358 0.749780 0.021082 0.069898
2 2 0.000095 0.032149 0.958680 0.007464 0.001612
2 2 0.000447 0.104799 0.853161 0.004730 0.036864
2 2 0.010315 0.324534 0.586502 0.000363 0.078286
2 2 0.013578 0.218839 0.622574 0.099007 0.046003
2 2 0.000852 0.052830 0.905347 0.017946 0.023026
2 2 0.003063 0.103368 0.847225 0.007522 0.038822
2 2 0.000182 0.052522 0.879125 0.029908 0.038263
2 2 0.000215 0.044762 0.861154 0.075206 0.018665
2 2 0.000403 0.163321 0.463599 0.000144 0.372533
2 2 0.001305 0.256672 0.434236 0.000013 0.307774
2 2 0.000724 0.148785 0.729578 0.000773 0.120139
1 1 0.043900 0.589266 0.279648 0.000019 0.087167
4 1 0.214650 0.274496 0.203881 0.006133 0.300840
4 1 0.016836 0.317417 0.147154 0.000104 0.518489
4 1 0.021352 0.316279 0.214450 0.004848 0.443070
4 1 0.007856 0.331667 0.303548 0.000162 0.356766
1 1 0.295145 0.526734 0.086769 0.000007 0.091344
1 1 0.026588 0.462966 0.162360 0.000006 0.348080
4 4 0.015339 0.024930 0.016650 0.001652 0.941429
4 4 0.008445 0.026271 0.025518 0.001392 0.938375
4 4 0.027559 0.022669 0.016233 0.002791 0.930748
4 4 0.007508 0.119893 0.050854 0.000338 0.821407
4 4 0.021160 0.010845 0.009529 0.001267 0.957199
4 4 0.013875 0.020099 0.012150 0.001049 0.952827
4 4 0.030493 0.044195 0.021500 0.000948 0.902864
4 4 0.147705 0.027903 0.016479 0.000555 0.807360
4 4 0.023717 0.014603 0.011535 0.002037 0.948108
4 4 0.012603 0.032966 0.016464 0.001038 0.936929
4 4 0.056937 0.068963 0.032024 0.001621 0.840455
4 4 0.025044 0.037437 0.022100 0.002773 0.912646
4 4 0.030471 0.004122 0.004985 0.001436 0.958985
4 4 0.048784 0.021672 0.014503 0.001191 0.913849
4 4 0.027876 0.027216 0.015418 0.000950 0.928541
4 4 0.076985 0.004479 0.007438 0.008037 0.903061
4 4 0.077736 0.019260 0.006237 0.000007 0.896759
4 4 0.045494 0.023264 0.008057 0.000022 0.923164
4 4 0.025308 0.007599 0.007577 0.001912 0.957605
4 4 0.036915 0.007851 0.008687 0.003254 0.943294
4 4 0.033902 0.018906 0.015299 0.003562 0.928331
4 4 0.014297 0.047569 0.021894 0.001358 0.914881
4 4 0.002695 0.186961 0.246229 0.000117 0.563997
4 4 0.013464 0.130051 0.026614 0.000003 0.829868
4 4 0.009897 0.007314 0.005834 0.000453 0.976503
4 4 0.020558 0.137899 0.044227 0.000788 0.796528
4 4 0.027581 0.030076 0.016982 0.000199 0.925162
4 4 0.013073 0.039045 0.010841 0.000004 0.937038
4 4 0.038574 0.286940 0.051183 0.000002 0.623301
4 4 0.013221 0.284628 0.145969 0.000173 0.556010
2 4 0.005989 0.338043 0.415763 0.000087 0.240118
4 2 0.013092 0.317291 0.166701 0.000108 0.502808
4 2 0.007319 0.278537 0.330481 0.000932 0.382731
4 2 0.002466 0.183312 0.376593 0.003124 0.434505
4 2 0.002438 0.200311 0.328934 0.001254 0.467063
4 2 0.008020 0.294816 0.149808 0.000020 0.547336
4 2 0.005627 0.292194 0.329255 0.000670 0.372254
2 2 0.001659 0.194683 0.496542 0.001538 0.305578
2 2 0.000663 0.160404 0.642095 0.000470 0.196369
2 2 0.001281 0.148805 0.754888 0.007680 0.087346
4 2 0.055915 0.358127 0.132039 0.000711 0.453207
1 2 0.012006 0.409625 0.340164 0.000252 0.237954
2 2 0.000005 0.011079 0.982128 0.004725 0.002063
2 2 0.000362 0.082187 0.906584 0.000755 0.010112
1 2 0.019884 0.542876 0.260331 0.000005 0.176904
1 2 0.011691 0.482960 0.308456 0.000013 0.196880
2 2 0.000002 0.006915 0.988492 0.003436 0.001154
2 0 0.000010 0.005340 0.990799 0.003781 0.000070
1 0 0.268643 0.402430 0.226978 0.005431 0.096520
2 0 0.013759 0.307785 0.531904 0.006312 0.140240
1 0 0.182594 0.384988 0.081313 0.000218 0.350888
1 1 0.110978 0.448557 0.234725 0.004386 0.201355
4 1 0.015637 0.308338 0.241716 0.004059 0.430250
2 1 0.001027 0.151159 0.718284 0.006263 0.123268
4 1 0.006850 0.236141 0.183737 0.000574 0.572697
4 1 0.059569 0.252509 0.086819 0.000328 0.600775
4 1 0.004042 0.219004 0.368326 0.003739 0.404889
4 2 0.011173 0.307773 0.300165 0.003679 0.377210
2 2 0.003651 0.209903 0.568839 0.012900 0.204707
2 2 0.001661 0.165253 0.633205 0.009338 0.190543
4 2 0.005971 0.208575 0.269609 0.004528 0.511317
4 2 0.005777 0.213992 0.372357 0.010165 0.397710
2 2 0.000125 0.047765 0.920707 0.013915 0.017489
2 2 0.000605 0.096838 0.867853 0.007379 0.027325
2 2 0.000029 0.026671 0.966532 0.002081 0.004687
2 2 0.000319 0.072302 0.908481 0.001295 0.017604
2 2 0.002809 0.176461 0.760855 0.001727 0.058147
1 2 0.019422 0.457886 0.117278 0.000000 0.405413
2 2 0.011206 0.291465 0.585518 0.005617 0.106195
4 2 0.012941 0.330783 0.221698 0.000339 0.434240
2 2 0.000692 0.138616 0.706842 0.003807 0.150043
2 2 0.000198 0.049364 0.936490 0.000333 0.013615
2 2 0.000286 0.048046 0.931845 0.011868 0.007954
2 2 0.000014 0.017409 0.979892 0.000468 0.002216
2 2 0.012381 0.096661 0.801790 0.015152 0.074017
2 2 0.002173 0.084460 0.890178 0.007131 0.016057
2 2 0.016890 0.304663 0.579744 0.012235 0.086467
2 2 0.017812 0.280712 0.651599 0.007103 0.042774
2 2 0.000015 0.004776 0.964160 0.030616 0.000434
2 2 0.000010 0.004599 0.909504 0.083898 0.001990
2 2 0.000046 0.021056 0.941056 0.035647 0.002195
2 2 0.000051 0.017339 0.838890 0.141786 0.001934
2 2 0.000044 0.020218 0.973007 0.005295 0.001436
2 2 0.000155 0.043553 0.931319 0.013281 0.011692
2 2 0.000008 0.007195 0.874270 0.117936 0.000591
2 2 0.000008 0.009186 0.980062 0.009456 0.001289
2 2 0.014176 0.089580 0.726134 0.120947 0.049162
2 2 0.005531 0.075457 0.841259 0.025003 0.052749
1 2 0.105143 0.845188 0.012297 0.000000 0.037372
0 2 0.886829 0.106951 0.003727 0.000000 0.002493
2 2 0.000009 0.009807 0.935616 0.052565 0.002003
2 2 0.000000 0.001753 0.985596 0.012325 0.000326
2 2 0.000000 0.003009 0.987680 0.008648 0.000662
2 2 0.000003 0.007888 0.989424 0.002172 0.000513
2 2 0.000011 0.011960 0.969453 0.016753 0.001823
2 2 0.000000 0.002342 0.986570 0.010837 0.000251
2 2 0.000000 0.002142 0.991624 0.005092 0.001142
2 2 0.000002 0.008427 0.988698 0.000781 0.002092
2 2 0.000002 0.004654 0.937505 0.057449 0.000389
2 2 0.000007 0.007243 0.985403 0.006970 0.000377
2 2 0.000000 0.000215 0.991366 0.008410 0.000008
2 2 0.000000 0.000048 0.998235 0.001714 0.000003
2 2 0.000000 0.000016 0.922570 0.077414 0.000001
2 2 0.000003 0.001998 0.950791 0.046700 0.000509
2 2 0.000012 0.011134 0.924026 0.062127 0.002700
2 2 0.000008 0.004305 0.909132 0.084600 0.001955
2 2 0.000061 0.031541 0.964027 0.000889 0.003482
2 2 0.000144 0.012999 0.860560 0.121824 0.004473
3 2 0.000233 0.002294 0.378969 0.617846 0.000658
2 2 0.024483 0.057781 0.865848 0.049941 0.001947
2 2 0.004963 0.085431 0.857171 0.024692 0.027742
1 2 0.050770 0.540341 0.236121 0.000028 0.172740
2 2 0.007641 0.225577 0.584028 0.049996 0.132759
2 2 0.013414 0.347734 0.525985 0.004688 0.108179
2 2 0.000716 0.082940 0.830253 0.058203 0.027888
2 2 0.000421 0.035000 0.952279 0.003707 0.008593
2 2 0.008199 0.169688 0.810793 0.001502 0.009818
1 2 0.111174 0.527286 0.279669 0.000416 0.081455
2 2 0.011051 0.355736 0.556137 0.000049 0.077027
2 2 0.000059 0.026107 0.972039 0.000782 0.001013
2 2 0.000001 0.003463 0.995231 0.001077 0.000227
2 2 0.000002 0.008810 0.986161 0.002505 0.002521
2 2 0.000000 0.001161 0.979331 0.019459 0.000049
2 2 0.000001 0.004318 0.988100 0.006890 0.000690
2 2 0.000248 0.079293 0.887215 0.000692 0.032552
2 2 0.000067 0.049196 0.931984 0.000105 0.018649
2 2 0.000004 0.004171 0.995281 0.000432 0.000112
2 2 0.000003 0.008262 0.990911 0.000275 0.000549
2 2 0.000007 0.016779 0.981846 0.000073 0.001295
2 2 0.000000 0.000445 0.987235 0.012312 0.000008
2 2 0.000008 0.002946 0.994517 0.001396 0.001133
2 2 0.000015 0.000702 0.992793 0.006450 0.000040
2 2 0.000001 0.001779 0.989771 0.008375 0.000074
2 2 0.000013 0.002061 0.974445 0.022362 0.001118
2 2 0.000000 0.002726 0.989156 0.007471 0.000647
2 2 0.000318 0.077694 0.848359 0.015641 0.057989
2 2 0.001765 0.007085 0.984464 0.006513 0.000172
2 2 0.013851 0.023134 0.906893 0.055110 0.001012
2 2 0.007348 0.046662 0.473319 0.406549 0.066122
2 2 0.004096 0.122988 0.716434 0.019672 0.136810
2 2 0.000051 0.018203 0.965892 0.014232 0.001622
2 2 0.003208 0.216403 0.716317 0.001631 0.062441
1 2 0.045233 0.506614 0.317412 0.000038 0.130702
2 2 0.019702 0.376018 0.436527 0.002314 0.165439
2 2 0.000207 0.045899 0.879296 0.053264 0.021333
2 2 0.000632 0.070511 0.789958 0.034541 0.104358
2 2 0.000001 0.004673 0.993815 0.001266 0.000246
2 2 0.000280 0.056613 0.927160 0.006703 0.009244
2 2 0.000561 0.029526 0.953152 0.003186 0.013575
2 2 0.000707 0.112269 0.864711 0.000810 0.021504
1 2 0.392224 0.465795 0.063400 0.000006 0.078575
1 2 0.059594 0.585049 0.196828 0.000009 0.158520
1 2 0.051455 0.597904 0.209626 0.000006 0.141010
4 2 0.167743 0.326364 0.043128 0.000014 0.462751
4 2 0.015129 0.276839 0.136515 0.000245 0.571271
2 2 0.020644 0.339766 0.442213 0.028087 0.169291
2 2 0.000052 0.015916 0.811373 0.167860 0.004799
2 2 0.000182 0.017786 0.716985 0.260634 0.004413
2 2 0.000092 0.036411 0.940421 0.014510 0.008567
2 2 0.000113 0.011484 0.902372 0.075313 0.010717
2 2 0.000027 0.013711 0.974565 0.008569 0.003127
2 2 0.000135 0.014310 0.968757 0.014415 0.002384
2 2 0.000032 0.020774 0.974607 0.002289 0.002297
2 2 0.000674 0.065153 0.912082 0.018738 0.003354
2 2 0.000028 0.018411 0.935893 0.042534 0.003134
2 2 0.000007 0.008103 0.926880 0.064132 0.000878
2 2 0.000466 0.044929 0.902347 0.009794 0.042464
2 2 0.000551 0.064985 0.922744 0.005990 0.005730
2 2 0.000077 0.045319 0.942788 0.000378 0.011438
2 2 0.000082 0.049013 0.937863 0.000633 0.012410
2 2 0.000002 0.006575 0.990655 0.002133 0.000635
2 2 0.000013 0.020428 0.970762 0.003215 0.005583
2 2 0.000002 0.004584 0.980765 0.014436 0.000213
2 2 0.000007 0.006056 0.877963 0.115555 0.000419
2 2 0.000008 0.012311 0.986766 0.000284 0.000631
2 2 0.000001 0.003209 0.994586 0.002085 0.000120
2 2 0.000000 0.003054 0.995398 0.001448 0.000100
2 2 0.000010 0.009656 0.986129 0.003306 0.000899
3 2 0.000179 0.004679 0.466122 0.505422 0.023598
2 2 0.000026 0.007149 0.740531 0.249765 0.002530
2 2 0.000001 0.002014 0.992797 0.005099 0.000090
2 2 0.000070 0.030481 0.953113 0.010344 0.005992
2 2 0.000000 0.000323 0.916180 0.083491 0.000006
2 2 0.000000 0.001615 0.973858 0.024320 0.000207
2 2 0.000001 0.002375 0.992581 0.004901 0.000143
2 2 0.000000 0.000047 0.996275 0.003677 0.000001
2 2 0.000179 0.030921 0.960762 0.001406 0.006732
2 2 0.000081 0.013367 0.978244 0.004640 0.003667
2 2 0.000000 0.000997 0.984565 0.014355 0.000082
2 2 0.000000 0.000004 0.996360 0.003635 0.000000
2 2 0.000002 0.008287 0.988763 0.000749 0.002199
2 2 0.000006 0.002053 0.997420 0.000270 0.000252
2 2 0.000681 0.054149 0.743652 0.157987 0.043532
2 2 0.000001 0.002505 0.964298 0.032536 0.000660
2 2 0.000000 0.001448 0.990422 0.008042 0.000088
2 2 0.000014 0.008130 0.988609 0.001030 0.002216
2 2 0.000000 0.000163 0.926367 0.073468 0.000003
2 2 0.000009 0.000807 0.853110 0.145965 0.000110
2 2 0.000002 0.001193 0.926483 0.072285 0.000037
2 2 0.000001 0.000682 0.928833 0.069680 0.000804
2 2 0.000007 0.001073 0.918170 0.080389 0.000361
3 2 0.000004 0.000768 0.430773 0.568159 0.000295
2 2 0.050007 0.175445 0.456340 0.277626 0.040582
2 2 0.007688 0.136277 0.676891 0.166685 0.012459
2 2 0.000003 0.000823 0.923179 0.075891 0.000104
2 2 0.000001 0.001741 0.972210 0.025992 0.000055
2 2 0.000000 0.000019 0.954176 0.045804 0.000001
2 2 0.000000 0.000029 0.899841 0.100130 0.000000
2 2 0.000001 0.001215 0.923040 0.075284 0.000460
3 2 0.000000 0.000002 0.089715 0.910283 0.000000
2 2 0.000000 0.000135 0.876007 0.123829 0.000028
2 2 0.000000 0.000286 0.705444 0.294216 0.000054
2 2 0.000000 0.000048 0.812378 0.187572 0.000002
2 2 0.000057 0.012387 0.715046 0.264576 0.007934
2 2 0.000387 0.069737 0.842385 0.039867 0.047623
2 2 0.000402 0.044859 0.872451 0.070708 0.011580
2 2 0.000196 0.014057 0.782064 0.168715 0.034967
2 2 0.001564 0.109478 0.590808 0.027136 0.271013
4 2 0.005488 0.027550 0.024690 0.000329 0.941944
4 4 0.028882 0.004438 0.005490 0.002027 0.959163
4 4 0.049098 0.005202 0.015181 0.018213 0.912306
4 4 0.015301 0.040593 0.020090 0.001431 0.922584
4 4 0.136356 0.006712 0.011605 0.020275 0.825051
4 4 0.051362 0.026649 0.019366 0.003185 0.899438
4 4 0.036039 0.111988 0.043860 0.000938 0.807175
4 4 0.007913 0.267062 0.241943 0.000276 0.482806
4 4 0.032710 0.091846 0.065062 0.005118 0.805264
4 4 0.015950 0.013386 0.009642 0.001153 0.959869
4 4 0.215087 0.025638 0.023696 0.002180 0.733399
4 4 0.252745 0.030285 0.020744 0.001411 0.694815
4 4 0.040135 0.011531 0.007888 0.000351 0.940095
4 4 0.013401 0.021552 0.010971 0.000261 0.953815
4 4 0.012957 0.018517 0.011261 0.000936 0.956329
4 4 0.018274 0.036645 0.022881 0.001767 0.920432
4 4 0.194692 0.010487 0.011187 0.002207 0.781427
4 4 0.058309 0.026313 0.022320 0.007801 0.885258
4 4 0.102073 0.025644 0.019903 0.003112 0.849269
0 4 0.338640 0.315930 0.101131 0.001216 0.243082
4 4 0.002766 0.067074 0.023587 0.000024 0.906549
1 4 0.235031 0.378876 0.063954 0.000115 0.322024
4 4 0.020855 0.050008 0.022213 0.000317 0.906606
4 4 0.005977 0.098751 0.048442 0.000489 0.846340
4 4 0.008731 0.118156 0.038117 0.000067 0.834929
4 4 0.012208 0.090387 0.034327 0.001109 0.861969
4 4 0.027642 0.173042 0.038922 0.000031 0.760363
4 4 0.092102 0.011242 0.004827 0.000011 0.891818
4 4 0.133683 0.065482 0.022166 0.000124 0.778545
4 4 0.007170 0.170023 0.091849 0.000382 0.730577
4 4 0.093577 0.009284 0.007822 0.000514 0.888803
4 4 0.042400 0.066522 0.025657 0.000530 0.864891
1 4 0.077380 0.620730 0.103391 0.000000 0.198499
0 4 0.818473 0.147602 0.014981 0.000002 0.018942
4 4 0.012521 0.005998 0.005216 0.000685 0.975579
4 4 0.029670 0.012220 0.009571 0.001126 0.947413
4 4 0.162049 0.046634 0.029125 0.002564 0.759627
4 4 0.006518 0.055779 0.017313 0.000155 0.920235
4 4 0.011042 0.001204 0.001614 0.000285 0.985855
4 4 0.048527 0.015568 0.011362 0.000961 0.923582
4 4 0.016211 0.006941 0.006038 0.000832 0.969979
4 4 0.064993 0.018990 0.014301 0.001598 0.900118
4 4 0.002725 0.001330 0.001188 0.000060 0.994696
4 4 0.017875 0.002840 0.003513 0.000943 0.974829
4 4 0.012290 0.001683 0.002202 0.000500 0.983325
4 4 0.029064 0.055178 0.024046 0.000914 0.890798
4 4 0.072890 0.047867 0.017837 0.000146 0.861260
4 4 0.213686 0.144446 0.031803 0.000045 0.610020
4 4 0.082840 0.018354 0.015043 0.002238 0.881526
4 4 0.111452 0.023489 0.017693 0.002003 0.845363
4 4 0.167351 0.206644 0.059276 0.000673 0.566056
4 4 0.022985 0.030909 0.018926 0.002344 0.924836
4 4 0.025107 0.004995 0.005698 0.001716 0.962485
4 4 0.025411 0.010737 0.009575 0.002084 0.952193
4 4 0.003559 0.009824 0.004958 0.000137 0.981522
4 4 0.010936 0.018624 0.010736 0.000742 0.958961
4 4 0.050753 0.032620 0.018163 0.000936 0.897528
4 4 0.068622 0.015032 0.009710 0.000338 0.906299
4 4 0.028925 0.049393 0.021527 0.000705 0.899449
4 4 0.019818 0.014818 0.009150 0.000483 0.955731
4 4 0.001534 0.103552 0.082375 0.000128 0.812411
4 4 0.002841 0.098194 0.056861 0.000210 0.841894
4 4 0.007846 0.245563 0.137660 0.000110 0.608821
4 4 0.020057 0.260975 0.080492 0.000022 0.638454
4 4 0.352771 0.177602 0.065493 0.001966 0.402167
4 4 0.042813 0.056437 0.017671 0.000094 0.882986
4 4 0.003148 0.210749 0.333311 0.001046 0.451746
4 4 0.001966 0.172803 0.144054 0.000085 0.681091
4 4 0.018797 0.083187 0.042135 0.000787 0.855095
4 4 0.012138 0.172224 0.071938 0.000323 0.743377
4 4 0.038435 0.263938 0.082765 0.000273 0.614589
4 4 0.002183 0.070864 0.034483 0.000110 0.892361
4 4 0.025232 0.200163 0.068734 0.000489 0.705381
4 4 0.015485 0.330450 0.189231 0.000310 0.464524
1 4 0.031739 0.400622 0.181281 0.000215 0.386143
4 4 0.018615 0.344280 0.135483 0.000026 0.501596
4 4 0.013247 0.273908 0.148282 0.000154 0.564408
4 4 0.010425 0.264535 0.111035 0.000021 0.613983
4 4 0.004333 0.198050 0.138352 0.000012 0.659254
4 4 0.062807 0.200885 0.091905 0.004452 0.639950
4 4 0.116339 0.347565 0.050728 0.000007 0.485362
4 4 0.014445 0.362648 0.177031 0.000039 0.445837
4 4 0.010881 0.207824 0.123979 0.001497 0.655820
4 1 0.006428 0.153261 0.084212 0.000483 0.755617
2 1 0.000782 0.167632 0.690700 0.001730 0.139156
2 1 0.000099 0.082968 0.866013 0.000709 0.050211
2 2 0.000100 0.059514 0.897954 0.000383 0.042049
4 2 0.001900 0.203505 0.289170 0.000196 0.505228
4 2 0.008127 0.162899 0.089759 0.000891 0.738324
4 2 0.006877 0.260344 0.212991 0.000931 0.518857
2 2 0.001966 0.291688 0.432547 0.000033 0.273767
2 2 0.000359 0.154108 0.776240 0.000017 0.069274
2 2 0.000115 0.071760 0.888147 0.000791 0.039188
2 2 0.000016 0.034583 0.896153 0.000779 0.068469
2 2 0.000631 0.055222 0.941067 0.000453 0.002626
2 2 0.006424 0.075231 0.890959 0.002937 0.024448
2 2 0.000232 0.078235 0.912560 0.000125 0.008849
2 2 0.000556 0.117863 0.843164 0.001114 0.037303
2 2 0.000218 0.089645 0.873319 0.000918 0.035900
2 2 0.000164 0.068173 0.907293 0.001695 0.022676
2 2 0.002022 0.194624 0.677662 0.007097 0.118596
2 2 0.003883 0.224929 0.619646 0.008235 0.143307
4 2 0.011223 0.281415 0.212685 0.000574 0.494103
1 2 0.040767 0.421544 0.220791 0.001101 0.315797
1 2 0.169645 0.506202 0.106647 0.000032 0.217475
1 2 0.329640 0.392894 0.054136 0.000037 0.223293
2 2 0.004215 0.274196 0.522438 0.003465 0.195686
1 2 0.014496 0.405396 0.261193 0.000145 0.318771
2 2 0.001159 0.174790 0.708696 0.001660 0.113695
2 2 0.000258 0.124932 0.804776 0.000757 0.069276
2 2 0.000010 0.018562 0.979435 0.000410 0.001582
2 2 0.000354 0.047197 0.944574 0.000128 0.007747
2 2 0.000001 0.003080 0.994865 0.001897 0.000158
2 2 0.000001 0.002169 0.997096 0.000397 0.000337
1 2 0.017915 0.414931 0.367978 0.000085 0.199091
1 2 0.027063 0.558617 0.317312 0.000020 0.096987
2 2 0.005257 0.284927 0.538209 0.003490 0.168117
2 2 0.002302 0.239777 0.593942 0.002357 0.161622
2 2 0.002460 0.260691 0.630431 0.000209 0.106209
2 2 0.001761 0.207679 0.564880 0.001649 0.224032
2 2 0.007470 0.253745 0.434792 0.012172 0.291821
2 2 0.000680 0.080759 0.903304 0.000706 0.014551
2 2 0.000052 0.031374 0.962438 0.000911 0.005225
1 2 0.028229 0.508471 0.335702 0.000028 0.127570
2 2 0.000033 0.024012 0.970076 0.001754 0.004125
2 2 0.011275 0.344783 0.475719 0.000417 0.167806
2 2 0.002286 0.274834 0.537028 0.000050 0.185804
2 2 0.005974 0.356714 0.420588 0.000099 0.216624
1 2 0.019557 0.430768 0.329241 0.000274 0.220160
4 2 0.016192 0.325941 0.141024 0.000045 0.516798
4 1 0.004148 0.234618 0.281293 0.000832 0.479109
2 1 0.001588 0.101106 0.446928 0.005968 0.444410
1 1 0.036554 0.685110 0.155063 0.000000 0.123273
4 1 0.069458 0.397896 0.104645 0.000056 0.427945
2 1 0.002409 0.266044 0.552630 0.000518 0.178398
2 2 0.001672 0.193864 0.752558 0.000940 0.050965
2 2 0.000879 0.125165 0.760471 0.012843 0.100643
4 2 0.003380 0.214715 0.315567 0.001665 0.464673
2 2 0.009445 0.249043 0.540514 0.007688 0.193309
2 2 0.003755 0.238904 0.568813 0.002086 0.186442
2 2 0.000009 0.011168 0.987411 0.000908 0.000504
2 2 0.000085 0.045464 0.952581 0.000111 0.001759
2 2 0.001353 0.152662 0.801843 0.000800 0.043342
2 2 0.001244 0.122941 0.834879 0.006388 0.034548
2 2 0.000007 0.009923 0.979732 0.009119 0.001220
2 2 0.000281 0.070309 0.881685 0.018089 0.029635
2 2 0.000185 0.055266 0.935796 0.000720 0.008033
2 2 0.000012 0.018003 0.981294 0.000041 0.000650
2 2 0.000125 0.040762 0.942215 0.008711 0.008187
2 2 0.000070 0.047114 0.937392 0.000503 0.014921
2 2 0.002041 0.113583 0.864572 0.006055 0.013748
2 2 0.009152 0.275652 0.659267 0.000461 0.055468
2 2 0.000838 0.150418 0.799201 0.000118 0.049425
2 2 0.002341 0.240351 0.662664 0.000255 0.094389
2 2 0.000006 0.008165 0.990607 0.000615 0.000607
2 2 0.000089 0.039898 0.957153 0.000110 0.002749
2 2 0.000239 0.054650 0.936633 0.002221 0.006257
2 2 0.000277 0.064301 0.912969 0.000164 0.022289
2 2 0.000003 0.007553 0.991452 0.000228 0.000765
2 2 0.000001 0.003755 0.994466 0.001507 0.000271
2 2 0.000049 0.034061 0.953480 0.001973 0.010437
2 2 0.000060 0.060236 0.889420 0.000416 0.049868
2 2 0.000000 0.000795 0.997228 0.001915 0.000062
2 2 0.000153 0.059804 0.931923 0.000591 0.007529
2 2 0.000000 0.001207 0.997632 0.001132 0.000029
2 2 0.000000 0.000043 0.890049 0.109903 0.000005
2 2 0.000001 0.001461 0.994909 0.003571 0.000058
2 2 0.000001 0.002287 0.964626 0.032424 0.000663
2 2 0.000000 0.000821 0.957627 0.041490 0.000062
2 2 0.000002 0.002101 0.761786 0.235360 0.000750
2 2 0.000000 0.000227 0.803554 0.196163 0.000056
2 2 0.000000 0.000066 0.698994 0.300936 0.000004
2 2 0.000000 0.000395 0.999167 0.000430 0.000008
2 2 0.000000 0.000555 0.992416 0.006986 0.000043
2 2 0.000002 0.001610 0.993594 0.004619 0.000175
2 2 0.000003 0.002604 0.985707 0.010642 0.001044
3 2 0.000005 0.000313 0.222943 0.776460 0.000278
2 2 0.000000 0.000294 0.980817 0.018857 0.000032
3 2 0.000000 0.000032 0.151149 0.848796 0.000023
2 2 0.000000 0.000008 0.735081 0.264909 0.000001
2 2 0.000000 0.000037 0.908888 0.091071 0.000003
2 2 0.000000 0.000017 0.553084 0.446895 0.000004
3 2 0.000000 0.000013 0.175647 0.824336 0.000003
2 2 0.000000 0.000143 0.549555 0.450085 0.000217
3 2 0.000000 0.000000 0.052705 0.947295 0.000000
2 2 0.005721 0.005816 0.528362 0.459634 0.000467
0 0 0.891124 0.011052 0.026540 0.031541 0.039743
0 0 0.465657 0.275185 0.208558 0.005307 0.045292
0 0 0.747583 0.067762 0.117120 0.021953 0.045582
3 0 0.229987 0.022288 0.239620 0.487353 0.020752
0 0 0.925091 0.071578 0.002651 0.000000 0.000680
0 0 0.720541 0.119461 0.060670 0.012239 0.087090
0 0 0.936799 0.013454 0.011632 0.003527 0.034587
0 0 0.648203 0.174493 0.108095 0.009301 0.059907
0 0 0.765706 0.062642 0.116017 0.019660 0.035975
0 0 0.536165 0.157140 0.073676 0.000135 0.232884
4 0 0.152844 0.120008 0.040630 0.000432 0.686087
4 0 0.380669 0.046700 0.017079 0.000065 0.555487
4 0 0.094660 0.126094 0.057881 0.000026 0.721339
4 0 0.183973 0.119965 0.040256 0.000445 0.655361
4 0 0.093732 0.133538 0.037212 0.000236 0.735282
4 0 0.176316 0.186379 0.040625 0.000029 0.596651
4 0 0.112001 0.063146 0.065708 0.009552 0.749593
4 0 0.069339 0.014324 0.012126 0.001692 0.902520
4 0 0.113041 0.138803 0.032748 0.000082 0.715326
1 0 0.087734 0.477844 0.134711 0.000062 0.299650
4 0 0.161551 0.060728 0.021207 0.000116 0.756398
4 0 0.218518 0.047407 0.021273 0.000285 0.712517
1 0 0.381857 0.392161 0.063831 0.000057 0.162094
4 0 0.052410 0.299766 0.077911 0.000094 0.569819
1 0 0.084029 0.428596 0.105724 0.000041 0.381611
4 1 0.224620 0.260142 0.043845 0.000006 0.471388
4 1 0.281763 0.096946 0.026546 0.000063 0.594682
0 1 0.469096 0.080874 0.030414 0.000299 0.419316
4 1 0.255739 0.047921 0.020928 0.000233 0.675178
4 1 0.130751 0.112179 0.029706 0.000095 0.727268
0 1 0.366597 0.335664 0.096011 0.000688 0.201039
0 1 0.493745 0.176032 0.039877 0.000044 0.290301
1 1 0.130744 0.505316 0.115005 0.000028 0.248908
4 1 0.208829 0.140203 0.027218 0.000003 0.623746
0 1 0.481478 0.335872 0.029962 0.000002 0.152687
0 1 0.582945 0.320075 0.022055 0.000000 0.074924
1 1 0.447262 0.455628 0.072734 0.000006 0.024369
0 1 0.788569 0.143507 0.036188 0.000429 0.031307
1 1 0.219248 0.586557 0.141438 0.000015 0.052742
1 1 0.194338 0.583560 0.186064 0.000053 0.035985
