2 0 0.013126 0.396715 0.546201 0.001701 0.042257
0 0 0.557705 0.223990 0.200754 0.000120 0.017431
0 0 0.843696 0.110870 0.030285 0.000394 0.014755
0 0 0.973347 0.018276 0.001101 0.000001 0.007275
0 0 0.759146 0.128142 0.088854 0.002342 0.021516
0 0 0.808978 0.136371 0.032350 0.000012 0.022289
1 0 0.170376 0.501892 0.263269 0.000112 0.064350
0 0 0.948677 0.043600 0.003423 0.000003 0.004297
1 0 0.260550 0.656619 0.068867 0.000013 0.013951
0 0 0.995954 0.003688 0.000298 0.000000 0.000059
0 0 0.832703 0.118212 0.041235 0.000104 0.007746
2 0 0.423155 0.104207 0.469522 0.000723 0.002394
1 1 0.062351 0.440148 0.320410 0.000402 0.176689
4 1 0.012785 0.290319 0.068215 0.000009 0.628672
4 1 0.021001 0.024201 0.004866 0.000011 0.949922
4 1 0.109891 0.084734 0.038662 0.000884 0.765829
4 1 0.039059 0.044539 0.101619 0.000092 0.814691
4 1 0.004917 0.059026 0.028683 0.000017 0.907358
2 1 0.003425 0.077478 0.691127 0.028568 0.199401
2 1 0.001939 0.021446 0.944840 0.028886 0.002889
2 2 0.004849 0.062765 0.917266 0.008192 0.006929
0 0 0.878669 0.047537 0.063634 0.000109 0.010051
1 0 0.006318 0.710367 0.046912 0.000000 0.236404
0 0 0.800291 0.150194 0.003241 0.000000 0.046274
2 0 0.368175 0.089691 0.538363 0.002692 0.001079
1 0 0.323234 0.430853 0.230312 0.000196 0.015405
0 0 0.591071 0.254436 0.074442 0.006544 0.073506
0 0 0.574573 0.065624 0.241397 0.082653 0.035753
4 1 0.012161 0.242777 0.124802 0.000033 0.620227
2 1 0.000254 0.042578 0.865489 0.007229 0.084450
2 1 0.004794 0.068736 0.518862 0.009003 0.398604
2 1 0.000688 0.035997 0.876145 0.007048 0.080122
2 2 0.016931 0.210600 0.734573 0.006099 0.031798
2 2 0.009652 0.356751 0.564180 0.001783 0.067634
2 2 0.000181 0.004443 0.882631 0.093054 0.019691
2 2 0.000064 0.000193 0.945766 0.053924 0.000053
2 2 0.000820 0.003374 0.990538 0.002769 0.002500
2 2 0.000439 0.003577 0.971253 0.022936 0.001795
2 2 0.000119 0.000132 0.983363 0.016374 0.000012
2 2 0.000181 0.001079 0.976759 0.021709 0.000273
2 2 0.000624 0.000057 0.939075 0.060238 0.000005
2 3 0.000038 0.000007 0.604744 0.395210 0.000000
3 3 0.000035 0.000045 0.245979 0.753941 0.000000
3 3 0.000003 0.000005 0.260413 0.739579 0.000000
2 3 0.000136 0.000014 0.774966 0.224884 0.000000
2 3 0.000017 0.000005 0.885491 0.114487 0.000000
3 3 0.000410 0.000004 0.068532 0.931053 0.000000
3 3 0.000247 0.000012 0.153972 0.845768 0.000001
3 3 0.000076 0.000024 0.168556 0.831344 0.000001
2 3 0.000119 0.000007 0.633887 0.365987 0.000000
2 3 0.000001 0.000017 0.924027 0.075955 0.000000
2 3 0.000035 0.000037 0.518780 0.481148 0.000000
3 3 0.000097 0.000006 0.156585 0.843312 0.000000
3 3 0.000065 0.000013 0.419361 0.580561 0.000000
3 3 0.000000 0.000001 0.199118 0.800881 0.000000
3 3 0.000048 0.000014 0.164438 0.835500 0.000000
3 3 0.000043 0.000047 0.257259 0.742644 0.000007
3 3 0.000034 0.000021 0.188031 0.811913 0.000000
2 3 0.000108 0.000017 0.718732 0.281143 0.000000
3 3 0.000156 0.000025 0.096426 0.903391 0.000001
3 3 0.003924 0.000307 0.362840 0.632922 0.000007
3 3 0.000006 0.000082 0.353510 0.646402 0.000000
3 3 0.000000 0.000009 0.042263 0.957728 0.000000
3 3 0.000386 0.000010 0.010591 0.989009 0.000003
3 3 0.000084 0.000277 0.259613 0.740018 0.000008
3 3 0.000107 0.000060 0.269997 0.729836 0.000001
3 3 0.000000 0.000001 0.012189 0.987809 0.000000
3 3 0.000009 0.000063 0.300094 0.699830 0.000003
3 3 0.000021 0.000001 0.004884 0.995093 0.000000
3 3 0.000484 0.000009 0.013129 0.986378 0.000000
3 3 0.000256 0.000017 0.154204 0.845523 0.000000
3 3 0.000201 0.000080 0.118442 0.881277 0.000000
3 3 0.000021 0.000002 0.037624 0.962353 0.000000
3 3 0.000001 0.000004 0.029847 0.970148 0.000000
3 3 0.000001 0.000001 0.093664 0.906334 0.000000
3 3 0.000014 0.000004 0.063019 0.936964 0.000000
3 3 0.000043 0.000004 0.027536 0.972417 0.000000
3 3 0.000011 0.000033 0.055742 0.944214 0.000001
3 3 0.000014 0.000001 0.004592 0.995393 0.000000
3 3 0.000107 0.000134 0.106989 0.892769 0.000001
3 3 0.000001 0.000009 0.083094 0.916896 0.000000
3 3 0.000001 0.000003 0.059616 0.940380 0.000000
3 3 0.000001 0.000005 0.201427 0.798568 0.000000
3 3 0.000001 0.000002 0.039793 0.960204 0.000000
3 3 0.000124 0.000004 0.017184 0.982687 0.000000
3 3 0.000002 0.000000 0.001332 0.998665 0.000000
3 3 0.084532 0.002985 0.288496 0.623551 0.000437
3 3 0.000006 0.000002 0.007216 0.992776 0.000000
3 3 0.000069 0.000022 0.036697 0.963206 0.000006
3 3 0.000003 0.000017 0.050227 0.949753 0.000000
3 3 0.000029 0.000008 0.027679 0.972285 0.000000
3 3 0.000004 0.000010 0.046067 0.953918 0.000000
3 3 0.000684 0.000012 0.009189 0.990115 0.000000
3 3 0.001574 0.000019 0.023298 0.975098 0.000012
3 3 0.000201 0.000078 0.016611 0.982624 0.000486
3 3 0.000076 0.000029 0.342231 0.657627 0.000038
3 3 0.001029 0.000398 0.026153 0.972294 0.000126
3 3 0.001649 0.000669 0.034157 0.963465 0.000059
3 3 0.000331 0.000347 0.208943 0.790305 0.000074
3 3 0.000019 0.000039 0.027498 0.972442 0.000001
2 3 0.060803 0.010699 0.565754 0.351934 0.010809
2 3 0.015395 0.002233 0.667793 0.314283 0.000295
2 3 0.018523 0.035689 0.688413 0.250199 0.007175
3 3 0.003632 0.003572 0.056162 0.935834 0.000801
2 3 0.000995 0.018059 0.891912 0.060048 0.028985
2 3 0.000357 0.002057 0.831994 0.165491 0.000102
2 3 0.012053 0.122401 0.627993 0.091043 0.146511
2 3 0.006287 0.041703 0.812300 0.099470 0.040240
2 3 0.001189 0.003439 0.981800 0.010833 0.002739
2 3 0.000687 0.000398 0.799556 0.199259 0.000101
2 3 0.000227 0.000459 0.611814 0.387492 0.000009
2 3 0.000591 0.000642 0.937193 0.061490 0.000084
2 3 0.000152 0.000300 0.584392 0.415153 0.000002
2 3 0.000406 0.001875 0.873012 0.124679 0.000029
3 3 0.000319 0.000398 0.204665 0.794567 0.000051
3 3 0.000102 0.000050 0.107692 0.892146 0.000010
2 3 0.039821 0.002192 0.550912 0.405352 0.001723
3 3 0.001741 0.002374 0.480953 0.511179 0.003752
2 3 0.014365 0.032238 0.787030 0.061553 0.104813
3 3 0.004122 0.008264 0.281281 0.693666 0.012666
3 3 0.000766 0.000873 0.201693 0.796258 0.000409
3 3 0.012691 0.005311 0.445325 0.533246 0.003427
2 3 0.003570 0.107739 0.696072 0.133096 0.059523
2 3 0.001988 0.015664 0.698280 0.279144 0.004923
3 3 0.020580 0.015325 0.191243 0.722792 0.050060
3 3 0.245208 0.031925 0.272234 0.445806 0.004827
2 2 0.002372 0.110812 0.684245 0.158881 0.043689
2 2 0.008412 0.084091 0.720420 0.140075 0.047002
2 2 0.006241 0.220446 0.531125 0.008700 0.233488
2 2 0.004585 0.143084 0.428460 0.003743 0.420129
2 2 0.002646 0.212775 0.475165 0.002989 0.306425
2 2 0.002828 0.130555 0.614888 0.004351 0.247378
2 2 0.000801 0.046570 0.819183 0.080760 0.052686
2 2 0.002875 0.024266 0.772234 0.168194 0.032431
4 2 0.011902 0.352699 0.161406 0.000536 0.473457
4 2 0.013975 0.269695 0.237148 0.003536 0.475646
1 2 0.004889 0.525059 0.347881 0.002466 0.119706
2 2 0.024808 0.362910 0.429585 0.036712 0.145985
4 2 0.040826 0.344173 0.065372 0.000055 0.549574
4 2 0.041044 0.015197 0.007639 0.000152 0.935968
1 2 0.220747 0.582275 0.047961 0.000026 0.148991
1 2 0.356550 0.379955 0.028522 0.000008 0.234964
4 2 0.006225 0.379647 0.205408 0.000316 0.408403
4 2 0.026960 0.329763 0.081628 0.000370 0.561279
4 2 0.002943 0.233863 0.187620 0.000101 0.575474
4 2 0.005402 0.163195 0.183414 0.000068 0.647922
4 2 0.072697 0.197281 0.080034 0.005554 0.644435
4 2 0.023365 0.244765 0.079555 0.000396 0.651919
1 2 0.015735 0.347653 0.330756 0.000428 0.305427
4 2 0.050808 0.302937 0.182276 0.000072 0.463907
1 2 0.344062 0.384990 0.026115 0.000036 0.244796
4 1 0.090777 0.353474 0.058580 0.000019 0.497150
4 1 0.016883 0.314643 0.237074 0.000397 0.431003
4 1 0.008797 0.240045 0.053225 0.000009 0.697924
1 1 0.003531 0.427854 0.193272 0.000081 0.375263
4 1 0.008510 0.248751 0.128577 0.000041 0.614121
4 1 0.043543 0.227376 0.119921 0.000075 0.609085
2 1 0.181121 0.175444 0.376946 0.004149 0.262340
4 1 0.022722 0.352047 0.024599 0.000009 0.600622
4 1 0.022923 0.275924 0.089687 0.000007 0.611458
4 1 0.011312 0.295728 0.095874 0.000125 0.596960
4 1 0.062758 0.180643 0.012691 0.000011 0.743897
4 1 0.050842 0.362220 0.201169 0.000204 0.385565
4 1 0.007950 0.420168 0.109435 0.000020 0.462428
4 1 0.180268 0.066722 0.001993 0.000000 0.751017
4 1 0.015823 0.125803 0.004465 0.000000 0.853909
4 1 0.322637 0.087415 0.054634 0.000159 0.535155
1 1 0.088247 0.420570 0.107896 0.000084 0.383204
4 1 0.020943 0.170175 0.074453 0.000152 0.734278
4 1 0.042144 0.127392 0.047886 0.000067 0.782511
4 1 0.273900 0.084970 0.038084 0.000078 0.602968
0 1 0.494502 0.111600 0.037593 0.000054 0.356251
4 0 0.285267 0.138111 0.054989 0.000673 0.520960
4 0 0.305925 0.046625 0.002893 0.000006 0.644551
4 0 0.120675 0.092208 0.061557 0.002944 0.722615
4 1 0.021063 0.060675 0.013886 0.000036 0.904339
4 1 0.135040 0.079622 0.007726 0.000062 0.777549
4 1 0.354056 0.116597 0.013762 0.000023 0.515562
4 1 0.027253 0.092966 0.004167 0.000000 0.875615
4 1 0.023960 0.056449 0.002546 0.000000 0.917044
0 0 0.398650 0.284521 0.027321 0.000742 0.288765
0 0 0.832646 0.050248 0.009611 0.000043 0.107452
4 0 0.231101 0.133682 0.245571 0.000232 0.389415
0 0 0.865617 0.021454 0.021449 0.000019 0.091462
4 0 0.150807 0.045282 0.005276 0.000032 0.798604
4 0 0.266630 0.094635 0.034416 0.000282 0.604036
4 0 0.045602 0.133038 0.008083 0.000003 0.813275
4 0 0.023028 0.085766 0.001946 0.000000 0.889260
1 0 0.119622 0.425241 0.033064 0.000001 0.422072
4 0 0.178442 0.185858 0.216478 0.000221 0.419002
4 0 0.196906 0.259232 0.059020 0.000040 0.484802
4 0 0.352555 0.046795 0.003276 0.000006 0.597367
4 0 0.143266 0.351486 0.013409 0.000001 0.491838
4 0 0.091149 0.065526 0.007710 0.000026 0.835590
4 0 0.064888 0.220048 0.074899 0.000645 0.639520
4 0 0.216455 0.057660 0.011737 0.000122 0.714026
4 0 0.120757 0.173496 0.009673 0.000015 0.696058
4 1 0.046608 0.084215 0.011729 0.000046 0.857402
4 1 0.105705 0.076035 0.006502 0.000075 0.811683
4 1 0.141161 0.127692 0.010863 0.000005 0.720279
4 1 0.097177 0.045533 0.003338 0.000019 0.853933
4 1 0.027894 0.143576 0.003427 0.000000 0.825103
4 1 0.016675 0.109295 0.069642 0.000033 0.804355
4 1 0.006344 0.103672 0.107008 0.000257 0.782719
4 1 0.011014 0.142025 0.008340 0.000001 0.838621
4 1 0.043660 0.165126 0.001964 0.000000 0.789251
4 1 0.031443 0.152458 0.025368 0.000068 0.790664
4 1 0.021696 0.139448 0.011293 0.000004 0.827559
4 1 0.088044 0.270536 0.047506 0.000241 0.593672
0 1 0.349994 0.336706 0.046680 0.000028 0.266593
4 1 0.310655 0.058195 0.021203 0.000162 0.609785
4 1 0.045894 0.020846 0.003529 0.000033 0.929698
4 1 0.031109 0.094716 0.009465 0.000007 0.864702
4 1 0.040574 0.150531 0.013534 0.000003 0.795358
4 1 0.059568 0.166998 0.034995 0.000489 0.737949
4 1 0.012092 0.270430 0.080991 0.000034 0.636453
1 1 0.069284 0.480631 0.156750 0.000062 0.293273
4 1 0.010257 0.095953 0.116584 0.001274 0.775932
0 0 0.687852 0.067888 0.031356 0.000571 0.212333
4 0 0.202114 0.055104 0.022011 0.000438 0.720333
0 0 0.947486 0.024784 0.013944 0.000190 0.013596
0 0 0.442147 0.140973 0.281751 0.009687 0.125441
4 0 0.056669 0.109677 0.031527 0.000723 0.801403
4 0 0.073521 0.049500 0.042757 0.001796 0.832427
4 0 0.171613 0.071993 0.009468 0.000102 0.746823
1 0 0.049875 0.392689 0.326400 0.014890 0.216146
0 0 0.879079 0.053616 0.016037 0.000148 0.051119
0 0 0.785650 0.030776 0.147647 0.032485 0.003441
0 0 0.937978 0.028378 0.000659 0.000000 0.032985
0 1 0.736530 0.035682 0.006120 0.000015 0.221654
0 1 0.980077 0.012404 0.005944 0.000043 0.001532
0 1 0.508623 0.086103 0.000560 0.000000 0.404714
4 1 0.207256 0.100417 0.003644 0.000000 0.688683
4 1 0.125835 0.078031 0.003301 0.000000 0.792832
4 1 0.149221 0.042766 0.007508 0.000063 0.800443
4 1 0.055034 0.133899 0.012935 0.000007 0.798126
0 1 0.837556 0.021724 0.002254 0.000002 0.138465
0 1 0.933427 0.033642 0.008788 0.000025 0.024117
2 1 0.092142 0.291648 0.504698 0.001908 0.109604
1 1 0.157577 0.415567 0.373094 0.000103 0.053659
4 1 0.004033 0.094776 0.102822 0.000153 0.798216
1 1 0.005456 0.460395 0.223254 0.000305 0.310590
1 1 0.026153 0.715557 0.197035 0.000099 0.061157
1 4 0.134247 0.415296 0.393120 0.000141 0.057197
0 4 0.840010 0.016168 0.003214 0.000003 0.140605
1 4 0.112630 0.458763 0.125285 0.000081 0.303242
1 4 0.064367 0.505410 0.374248 0.000763 0.055212
1 4 0.139790 0.569378 0.204934 0.000027 0.085871
0 4 0.281506 0.201631 0.281243 0.000403 0.235218
1 4 0.188578 0.546447 0.135229 0.000063 0.129683
4 4 0.166067 0.183803 0.032253 0.000060 0.617817
4 4 0.039004 0.203237 0.031177 0.000014 0.726567
4 4 0.050475 0.295718 0.052520 0.000045 0.601242
4 4 0.188201 0.055188 0.006578 0.000005 0.750028
0 0 0.646302 0.026520 0.066900 0.002110 0.258169
4 0 0.160803 0.203737 0.183920 0.058840 0.392700
4 0 0.310095 0.035813 0.009736 0.000056 0.644301
0 0 0.690318 0.042000 0.010875 0.000047 0.256761
4 0 0.206420 0.104574 0.023828 0.000118 0.665060
4 0 0.077403 0.099105 0.017543 0.000001 0.805948
0 0 0.767247 0.126512 0.028834 0.000031 0.077376
0 0 0.859996 0.042471 0.013499 0.000085 0.083949
0 0 0.650149 0.019507 0.002907 0.000003 0.327435
4 0 0.063201 0.013645 0.005724 0.000071 0.917359
0 0 0.706903 0.052491 0.010733 0.000049 0.229823
4 0 0.474511 0.017952 0.011324 0.000054 0.496158
0 0 0.599861 0.190400 0.067805 0.000148 0.141787
4 0 0.058302 0.066325 0.032204 0.000090 0.843079
4 0 0.267978 0.016947 0.004824 0.000013 0.710238
4 0 0.455012 0.006843 0.000839 0.000000 0.537306
4 0 0.457761 0.005357 0.005775 0.000012 0.531095
4 0 0.411253 0.008127 0.010327 0.000035 0.570258
4 0 0.255791 0.192320 0.031938 0.000012 0.519938
4 0 0.236038 0.026429 0.013726 0.000125 0.723682
4 0 0.125034 0.001153 0.000852 0.000001 0.872960
4 0 0.293407 0.020064 0.001905 0.000002 0.684622
4 0 0.140725 0.060757 0.000949 0.000001 0.797568
4 0 0.067139 0.047424 0.009194 0.000192 0.876051
4 1 0.026010 0.345767 0.117312 0.000945 0.509966
4 1 0.019926 0.136659 0.228899 0.000007 0.614508
0 1 0.945763 0.012012 0.001303 0.000001 0.040922
4 0 0.361942 0.067430 0.013448 0.000113 0.557068
0 0 0.985046 0.003632 0.002877 0.000007 0.008439
4 0 0.417690 0.010412 0.052758 0.001555 0.517585
4 0 0.328526 0.066944 0.137985 0.000664 0.465880
0 0 0.730246 0.043466 0.043977 0.000845 0.181466
4 0 0.036713 0.018889 0.005168 0.000082 0.939148
4 0 0.055128 0.027234 0.010940 0.000276 0.906421
4 0 0.110974 0.055961 0.057626 0.000237 0.775203
4 0 0.073853 0.032931 0.003496 0.000001 0.889718
4 0 0.200791 0.367551 0.023348 0.000021 0.408289
4 1 0.095939 0.265065 0.078370 0.000156 0.560470
4 0 0.261666 0.259088 0.096276 0.000041 0.382929
4 0 0.374474 0.051801 0.019527 0.000123 0.554075
4 0 0.366913 0.176159 0.009632 0.000079 0.447217
4 0 0.090240 0.055213 0.019971 0.000712 0.833864
4 0 0.355195 0.192089 0.026825 0.000634 0.425257
4 0 0.159041 0.089790 0.012824 0.000196 0.738150
4 0 0.122568 0.217630 0.014555 0.000005 0.645242
4 0 0.115594 0.282181 0.017768 0.000018 0.584439
4 0 0.391286 0.043825 0.028738 0.000136 0.536015
4 0 0.345823 0.021184 0.010197 0.000049 0.622747
4 0 0.277066 0.122263 0.006239 0.000036 0.594396
4 0 0.214448 0.005112 0.000332 0.000000 0.780109
4 0 0.020247 0.003132 0.000205 0.000000 0.976417
4 0 0.018073 0.006104 0.002070 0.000019 0.973733
4 0 0.038582 0.014637 0.001816 0.000009 0.944956
4 0 0.087327 0.026629 0.002108 0.000006 0.883930
4 0 0.059362 0.027324 0.010755 0.000251 0.902308
4 0 0.173859 0.157529 0.012157 0.000005 0.656451
4 0 0.014567 0.172564 0.026255 0.000013 0.786601
4 0 0.026599 0.148266 0.032349 0.000000 0.792785
4 0 0.084278 0.039931 0.011683 0.000020 0.864088
0 1 0.352456 0.332618 0.075676 0.000225 0.239025
0 1 0.507304 0.278233 0.129402 0.000022 0.085038
0 1 0.853789 0.086119 0.009985 0.000002 0.050104
4 1 0.106585 0.089595 0.062463 0.001164 0.740193
0 0 0.826674 0.011119 0.008030 0.000019 0.154158
0 0 0.977515 0.002638 0.003634 0.000008 0.016205
0 0 0.988303 0.006063 0.002434 0.000005 0.003196
0 0 0.985235 0.007392 0.003755 0.000011 0.003608
0 0 0.569082 0.063973 0.013132 0.000082 0.353732
0 0 0.982663 0.007019 0.001309 0.000001 0.009008
0 0 0.928356 0.037103 0.002745 0.000005 0.031792
0 0 0.754543 0.072066 0.064753 0.002204 0.106433
0 0 0.718650 0.063684 0.052159 0.001270 0.164238
0 0 0.574947 0.146437 0.017654 0.000202 0.260759
0 0 0.785202 0.055236 0.022315 0.000226 0.137020
0 0 0.945486 0.029848 0.001794 0.000002 0.022870
0 0 0.982455 0.009112 0.000539 0.000000 0.007894
0 0 0.552329 0.089898 0.005787 0.000012 0.351974
0 0 0.877515 0.021071 0.014817 0.000083 0.086514
4 0 0.349655 0.029352 0.001759 0.000002 0.619233
0 0 0.864223 0.069415 0.004657 0.000001 0.061704
0 0 0.652375 0.052109 0.029072 0.000228 0.266216
0 0 0.701835 0.089308 0.024669 0.000314 0.183874
0 0 0.687100 0.105504 0.021718 0.000094 0.185584
0 0 0.449827 0.349728 0.047577 0.000038 0.152830
1 0 0.402748 0.407967 0.080461 0.000162 0.108661
0 0 0.687812 0.140471 0.021024 0.000016 0.150677
4 0 0.134969 0.313373 0.100768 0.000580 0.450309
1 0 0.112313 0.710957 0.063503 0.000099 0.113127
0 0 0.694582 0.244286 0.017071 0.000006 0.044054
1 1 0.247149 0.663243 0.035253 0.000002 0.054353
1 1 0.152753 0.392884 0.226624 0.003589 0.224150
1 1 0.070737 0.516247 0.296330 0.003952 0.112734
1 1 0.094208 0.540200 0.176533 0.004966 0.184092
4 1 0.243663 0.255913 0.081485 0.000244 0.418694
4 0 0.305539 0.121118 0.005633 0.000019 0.567691
0 0 0.651656 0.109049 0.010051 0.000002 0.229242
0 0 0.898875 0.013333 0.009826 0.000033 0.077933
0 0 0.841597 0.075519 0.063843 0.004650 0.014391
0 0 0.758276 0.067017 0.006757 0.000022 0.167928
0 0 0.802687 0.044484 0.008112 0.000011 0.144706
0 0 0.785267 0.110660 0.010454 0.000016 0.093603
0 0 0.936801 0.021309 0.011169 0.000063 0.030658
0 0 0.927269 0.013373 0.001417 0.000001 0.057941
0 0 0.783948 0.105722 0.011243 0.000077 0.099009
0 0 0.980707 0.013075 0.000935 0.000001 0.005282
0 0 0.988278 0.007936 0.000939 0.000001 0.002845
0 0 0.946377 0.007295 0.011525 0.000053 0.034750
0 0 0.927029 0.015057 0.025980 0.000302 0.031632
0 0 0.918350 0.039468 0.002052 0.000002 0.040128
0 0 0.802918 0.058181 0.007187 0.000010 0.131704
0 0 0.682497 0.135735 0.085004 0.000239 0.096526
0 0 0.620496 0.232149 0.121297 0.000264 0.025794
0 0 0.615701 0.198560 0.149903 0.003249 0.032587
1 0 0.272891 0.334930 0.290762 0.014299 0.087117
0 0 0.679253 0.142685 0.062258 0.002620 0.113185
1 0 0.030537 0.617791 0.277830 0.000276 0.073567
1 0 0.079821 0.435793 0.263330 0.003309 0.217747
0 0 0.646650 0.093698 0.028247 0.000148 0.231257
1 0 0.233441 0.398476 0.077504 0.000115 0.290465
0 0 0.731148 0.192828 0.036745 0.000193 0.039085
1 0 0.162849 0.358159 0.193480 0.000999 0.284513
0 0 0.733312 0.146972 0.031293 0.000155 0.088268
0 0 0.970689 0.006025 0.000232 0.000000 0.023055
0 0 0.461608 0.202653 0.051775 0.000011 0.283953
1 0 0.252277 0.572303 0.072699 0.000003 0.102718
0 1 0.480760 0.443249 0.026232 0.000001 0.049759
0 1 0.493113 0.233994 0.016873 0.000031 0.255990
4 1 0.285926 0.204110 0.028070 0.000050 0.481844
4 1 0.306715 0.196198 0.071695 0.000007 0.425385
4 1 0.210373 0.092958 0.013054 0.000002 0.683614
4 1 0.205637 0.120738 0.292760 0.000270 0.380594
4 1 0.253479 0.253944 0.084368 0.000036 0.408173
4 1 0.371231 0.176038 0.017123 0.000097 0.435510
4 0 0.144756 0.046815 0.000793 0.000001 0.807635
0 0 0.971233 0.004876 0.004769 0.000015 0.019108
0 0 0.893734 0.081613 0.007251 0.000048 0.017354
0 0 0.627143 0.168870 0.072315 0.000115 0.131557
0 0 0.657376 0.203804 0.052892 0.000415 0.085513
4 0 0.409967 0.039097 0.020886 0.000211 0.529839
0 0 0.544471 0.051442 0.035806 0.000651 0.367630
4 0 0.217648 0.083701 0.034368 0.000272 0.664010
4 0 0.372817 0.038238 0.012129 0.000077 0.576740
4 0 0.297488 0.069926 0.000800 0.000001 0.631786
0 0 0.491935 0.212323 0.005962 0.000029 0.289752
4 0 0.113523 0.291026 0.184799 0.000804 0.409847
4 0 0.329393 0.089207 0.037101 0.000017 0.544283
0 0 0.549034 0.020216 0.004659 0.000008 0.426083
0 0 0.552171 0.068041 0.011637 0.000067 0.368085
0 0 0.721868 0.152872 0.010944 0.000002 0.114314
4 0 0.386704 0.079921 0.012841 0.000066 0.520469
4 0 0.175769 0.031908 0.014865 0.000195 0.777264
0 0 0.533745 0.068512 0.014195 0.000100 0.383448
1 0 0.328746 0.481019 0.032602 0.000387 0.157245
4 0 0.157164 0.232764 0.024430 0.000123 0.585519
4 0 0.067673 0.239190 0.040430 0.000031 0.652676
4 0 0.197314 0.069892 0.011506 0.000007 0.721281
3 0 0.005909 0.009448 0.082572 0.898849 0.003222
1 0 0.153875 0.585674 0.118808 0.000726 0.140917
4 0 0.093513 0.394279 0.035106 0.000007 0.477095
1 1 0.299876 0.343560 0.020074 0.000002 0.336489
4 1 0.272837 0.282531 0.031482 0.000023 0.413127
4 1 0.160555 0.238684 0.010482 0.000004 0.590275
1 1 0.402347 0.472549 0.018352 0.000013 0.106738
1 1 0.193016 0.614508 0.029294 0.000010 0.163171
4 1 0.076578 0.365707 0.092653 0.002139 0.462923
1 1 0.071628 0.581229 0.274414 0.000103 0.072626
4 1 0.013156 0.206935 0.126829 0.000587 0.652492
4 1 0.204341 0.272611 0.029763 0.000019 0.493266
1 1 0.017666 0.570979 0.319270 0.001199 0.090885
4 1 0.038143 0.344405 0.046369 0.000063 0.571020
1 1 0.016782 0.538522 0.327749 0.001097 0.115851
2 1 0.002217 0.134786 0.851811 0.000283 0.010903
1 1 0.008278 0.500142 0.379297 0.002122 0.110160
2 2 0.005046 0.136657 0.812609 0.012726 0.032962
2 2 0.017786 0.373673 0.535908 0.006175 0.066457
2 2 0.002156 0.184638 0.643701 0.002238 0.167267
2 2 0.002878 0.078504 0.906611 0.008372 0.003634
2 2 0.010641 0.121141 0.849543 0.013665 0.005009
2 2 0.000821 0.109278 0.876186 0.006631 0.007084
2 2 0.002848 0.094516 0.867412 0.009130 0.026094
2 2 0.004656 0.461328 0.479458 0.000932 0.053626
2 2 0.018909 0.110913 0.868629 0.000301 0.001248
1 2 0.021074 0.627935 0.292387 0.000416 0.058189
1 2 0.046782 0.551663 0.337518 0.000829 0.063208
2 2 0.023993 0.086886 0.887656 0.000617 0.000848
2 3 0.007575 0.061785 0.914004 0.014439 0.002197
2 3 0.000403 0.012844 0.973805 0.012808 0.000140
2 3 0.002301 0.050305 0.938334 0.006772 0.002289
2 3 0.000527 0.001074 0.979642 0.018728 0.000028
2 3 0.002548 0.016808 0.970636 0.009364 0.000643
2 3 0.001374 0.006723 0.806166 0.185643 0.000094
2 3 0.010603 0.011784 0.825155 0.152292 0.000166
2 3 0.000634 0.001553 0.677862 0.319942 0.000008
2 3 0.001610 0.006316 0.941819 0.050219 0.000035
2 3 0.009363 0.001296 0.864652 0.124686 0.000002
2 3 0.019670 0.004761 0.794252 0.181282 0.000035
2 3 0.000200 0.000450 0.679372 0.319976 0.000002
2 3 0.000053 0.000363 0.935661 0.063922 0.000000
2 3 0.001721 0.000395 0.582764 0.415119 0.000001
2 3 0.000749 0.000491 0.773076 0.225682 0.000001
3 3 0.000351 0.000956 0.367617 0.631067 0.000009
3 3 0.000092 0.000433 0.278953 0.720518 0.000003
2 3 0.000007 0.000040 0.739734 0.260219 0.000000
2 3 0.000068 0.000029 0.691045 0.308858 0.000000
2 3 0.000022 0.000073 0.607525 0.392381 0.000000
3 3 0.000608 0.000248 0.372583 0.626560 0.000001
3 3 0.000037 0.000015 0.085507 0.914441 0.000000
3 3 0.000644 0.000237 0.328712 0.670405 0.000001
2 3 0.000096 0.000220 0.554169 0.445515 0.000000
2 3 0.000016 0.000105 0.566832 0.433046 0.000000
3 3 0.000059 0.000070 0.368462 0.631408 0.000000
2 3 0.000023 0.000072 0.616096 0.383809 0.000000
3 3 0.000026 0.000046 0.046306 0.953623 0.000000
3 3 0.000008 0.000119 0.267622 0.732251 0.000000
3 3 0.000003 0.000003 0.396769 0.603225 0.000000
3 3 0.000032 0.000014 0.120391 0.879563 0.000000
3 3 0.003710 0.000165 0.180378 0.815747 0.000000
3 3 0.000016 0.000067 0.416745 0.583171 0.000000
3 3 0.000002 0.000004 0.130229 0.869765 0.000000
3 3 0.000043 0.000011 0.095217 0.904730 0.000000
3 3 0.000004 0.000001 0.018195 0.981801 0.000000
3 3 0.000311 0.000080 0.134821 0.864787 0.000000
3 3 0.000014 0.000001 0.010443 0.989542 0.000000
3 3 0.000007 0.000001 0.011209 0.988783 0.000000
3 3 0.000004 0.000038 0.110907 0.889051 0.000000
3 3 0.000011 0.000092 0.212872 0.787025 0.000000
3 3 0.000017 0.000008 0.005156 0.994819 0.000000
3 3 0.000059 0.000037 0.064003 0.935901 0.000000
3 3 0.000003 0.000022 0.143808 0.856167 0.000000
3 3 0.000001 0.000005 0.197181 0.802813 0.000000
3 3 0.000009 0.000026 0.033274 0.966689 0.000000
3 3 0.000331 0.000166 0.429823 0.569678 0.000001
3 3 0.000000 0.000004 0.022994 0.977001 0.000000
3 3 0.000206 0.000004 0.008463 0.991326 0.000000
3 3 0.000002 0.000000 0.000387 0.999611 0.000000
3 3 0.000009 0.000003 0.014146 0.985842 0.000000
3 3 0.000265 0.000310 0.048300 0.951100 0.000025
3 3 0.000533 0.000030 0.039779 0.959658 0.000000
3 3 0.001434 0.000004 0.010460 0.988102 0.000000
3 3 0.000163 0.000001 0.002595 0.997241 0.000000
3 3 0.000005 0.000003 0.008245 0.991748 0.000000
3 3 0.000004 0.000000 0.000639 0.999357 0.000000
3 3 0.000071 0.000011 0.006545 0.993372 0.000000
3 3 0.000075 0.000004 0.007788 0.992133 0.000000
3 3 0.000066 0.000094 0.059120 0.940718 0.000002
3 3 0.000002 0.000005 0.020557 0.979435 0.000000
3 3 0.000049 0.000003 0.007192 0.992756 0.000000
3 3 0.000521 0.000014 0.031598 0.967866 0.000001
3 3 0.000191 0.000941 0.261531 0.737322 0.000014
3 3 0.000015 0.000100 0.119356 0.880528 0.000001
3 3 0.000004 0.000044 0.074202 0.925749 0.000000
3 3 0.000028 0.000002 0.004876 0.995094 0.000000
3 3 0.000001 0.000194 0.324420 0.675384 0.000001
3 3 0.000001 0.000053 0.039265 0.960680 0.000001
3 3 0.000020 0.000047 0.200959 0.798974 0.000000
3 3 0.000003 0.000013 0.021176 0.978809 0.000000
3 3 0.000024 0.000091 0.076803 0.923080 0.000002
3 3 0.000047 0.000019 0.031319 0.968614 0.000000
3 3 0.000001 0.000000 0.000763 0.999235 0.000000
3 3 0.000002 0.000008 0.014135 0.985855 0.000000
3 3 0.000019 0.000002 0.028101 0.971878 0.000000
3 3 0.000003 0.000044 0.163274 0.836679 0.000000
3 3 0.000026 0.000001 0.004635 0.995338 0.000000
3 3 0.000168 0.000020 0.022836 0.976976 0.000000
3 3 0.000015 0.000014 0.025718 0.974253 0.000000
3 3 0.000003 0.000001 0.003095 0.996901 0.000000
3 3 0.000041 0.000022 0.320713 0.679225 0.000000
3 3 0.000011 0.000008 0.043381 0.956600 0.000000
3 3 0.000002 0.000004 0.008983 0.991011 0.000000
3 3 0.000005 0.000013 0.043739 0.956243 0.000000
3 3 0.000029 0.000005 0.002290 0.997675 0.000000
3 3 0.000190 0.000054 0.157944 0.841812 0.000000
3 3 0.000001 0.000000 0.000705 0.999294 0.000000
3 3 0.000002 0.000006 0.027076 0.972915 0.000000
3 3 0.000034 0.000010 0.003455 0.996499 0.000002
3 3 0.000042 0.000003 0.002629 0.997326 0.000000
3 3 0.000003 0.000001 0.001342 0.998654 0.000000
3 3 0.000008 0.000002 0.001139 0.998851 0.000000
3 3 0.000002 0.000000 0.002054 0.997943 0.000000
3 3 0.000033 0.000001 0.001477 0.998489 0.000000
3 3 0.000014 0.000023 0.022522 0.977441 0.000000
3 3 0.000093 0.000070 0.031188 0.968648 0.000001
3 3 0.000001 0.000005 0.007158 0.992836 0.000000
3 3 0.000051 0.000002 0.006237 0.993710 0.000000
3 3 0.000012 0.000009 0.004047 0.995932 0.000000
3 3 0.000002 0.000001 0.001335 0.998662 0.000000
3 3 0.000002 0.000002 0.001665 0.998331 0.000000
3 3 0.000000 0.000001 0.005993 0.994006 0.000000
3 3 0.000043 0.000088 0.008194 0.991602 0.000073
3 3 0.000296 0.000304 0.014093 0.985244 0.000064
3 3 0.007426 0.002760 0.093065 0.896501 0.000248
3 3 0.000268 0.000208 0.066648 0.932844 0.000032
3 3 0.004687 0.003462 0.266401 0.724270 0.001181
3 3 0.008199 0.005364 0.125580 0.858091 0.002766
2 3 0.001069 0.011951 0.531122 0.449608 0.006249
2 3 0.002171 0.005262 0.574988 0.417055 0.000524
2 3 0.028965 0.047952 0.629525 0.278756 0.014802
2 3 0.011884 0.024924 0.565080 0.389647 0.008464
2 3 0.006464 0.033078 0.748482 0.202024 0.009952
2 3 0.134582 0.079568 0.781778 0.001313 0.002759
2 3 0.004008 0.106440 0.874234 0.008658 0.006660
2 3 0.002564 0.017129 0.935084 0.043356 0.001866
2 3 0.122904 0.312136 0.488416 0.006724 0.069820
2 3 0.252590 0.275881 0.389610 0.001415 0.080505
1 3 0.032048 0.567135 0.251147 0.003152 0.146518
2 3 0.011019 0.205592 0.625810 0.094322 0.063257
2 2 0.016003 0.033844 0.879434 0.055249 0.015470
2 2 0.021337 0.053976 0.859888 0.062139 0.002661
2 2 0.016926 0.044403 0.871367 0.065435 0.001869
2 2 0.005496 0.021239 0.920991 0.051172 0.001103
2 2 0.032033 0.073498 0.858597 0.032060 0.003812
2 2 0.002872 0.010723 0.870459 0.115589 0.000357
2 2 0.000255 0.019929 0.975203 0.004361 0.000253
2 2 0.000164 0.003347 0.979402 0.017076 0.000012
2 2 0.002927 0.031890 0.943110 0.021414 0.000660
2 2 0.005522 0.030582 0.849844 0.111599 0.002454
2 2 0.074484 0.149019 0.725808 0.008650 0.042039
2 2 0.292325 0.286742 0.303336 0.002546 0.115051
2 2 0.004858 0.118870 0.773551 0.012605 0.090115
2 2 0.012479 0.051503 0.726545 0.199863 0.009610
2 2 0.209589 0.070858 0.673863 0.014481 0.031209
2 2 0.018895 0.170113 0.793063 0.001790 0.016140
2 2 0.003303 0.065880 0.876848 0.041969 0.012001
2 2 0.012447 0.040843 0.836422 0.087035 0.023254
1 2 0.078076 0.463343 0.322988 0.009210 0.126383
1 2 0.171826 0.545503 0.202451 0.000885 0.079334
1 2 0.073774 0.667871 0.168292 0.000038 0.090025
1 2 0.229814 0.507372 0.178152 0.000262 0.084400
1 2 0.012465 0.590397 0.279892 0.001378 0.115868
4 2 0.012398 0.152096 0.300945 0.015598 0.518963
2 2 0.003916 0.124410 0.537083 0.018038 0.316553
2 2 0.004475 0.081075 0.627181 0.083822 0.203448
2 2 0.003927 0.153640 0.565495 0.004679 0.272258
2 2 0.012145 0.142454 0.541388 0.014296 0.289717
2 2 0.002449 0.058577 0.718280 0.179620 0.041074
2 2 0.005907 0.185520 0.602207 0.039220 0.167146
2 2 0.001064 0.139576 0.775486 0.012988 0.070887
2 2 0.001225 0.086286 0.777909 0.031459 0.103121
2 2 0.006639 0.052786 0.669519 0.113706 0.157351
2 2 0.005748 0.105729 0.686994 0.010839 0.190689
2 2 0.002714 0.152543 0.682813 0.005777 0.156153
4 2 0.010010 0.102703 0.073708 0.000290 0.813289
2 2 0.011510 0.065067 0.836855 0.010717 0.075852
2 2 0.003590 0.093503 0.758195 0.034633 0.110080
2 2 0.000560 0.005894 0.952486 0.040535 0.000526
2 2 0.000396 0.008915 0.951522 0.038594 0.000573
2 2 0.001116 0.021831 0.954718 0.016955 0.005381
2 2 0.005125 0.033048 0.954672 0.006608 0.000547
2 2 0.000653 0.025716 0.969298 0.003405 0.000928
2 2 0.002389 0.011748 0.912360 0.072952 0.000552
2 2 0.000221 0.017897 0.885188 0.096100 0.000594
2 2 0.013034 0.146265 0.785487 0.004803 0.050412
2 2 0.016388 0.183769 0.787207 0.003305 0.009331
0 0 0.555440 0.329300 0.040421 0.000005 0.074835
1 2 0.224956 0.445049 0.065566 0.003352 0.261077
4 2 0.031851 0.266269 0.111231 0.001691 0.588958
4 2 0.008285 0.257006 0.047643 0.000012 0.687054
4 2 0.027044 0.210259 0.075253 0.000575 0.686870
4 2 0.010966 0.172821 0.213286 0.003056 0.599871
2 2 0.012611 0.194994 0.433719 0.026804 0.331871
2 2 0.001397 0.057270 0.759035 0.040992 0.141307
2 2 0.000869 0.038005 0.862215 0.019098 0.079813
2 2 0.003467 0.134011 0.677271 0.006225 0.179027
2 2 0.003482 0.098189 0.819630 0.013531 0.065168
2 2 0.000504 0.038609 0.917062 0.030529 0.013296
2 2 0.000111 0.027547 0.932982 0.032651 0.006708
2 2 0.003925 0.136893 0.613890 0.002563 0.242729
2 2 0.052239 0.325061 0.342964 0.000331 0.279405
2 2 0.004944 0.113575 0.624588 0.155557 0.101336
1 2 0.008646 0.456352 0.295876 0.000219 0.238908
0 2 0.762378 0.060113 0.012357 0.000070 0.165082
1 2 0.427541 0.491605 0.034320 0.000006 0.046528
4 2 0.026012 0.402019 0.100705 0.000372 0.470893
4 2 0.017428 0.203184 0.100853 0.000596 0.677939
4 2 0.016522 0.266329 0.303898 0.000382 0.412869
4 2 0.062669 0.169188 0.091170 0.000005 0.676968
2 2 0.021547 0.179986 0.678967 0.000393 0.119108
2 2 0.013970 0.287501 0.554209 0.000381 0.143939
4 0 0.115552 0.016402 0.014778 0.000131 0.853138
4 0 0.039404 0.005814 0.000331 0.000000 0.954451
0 0 0.884260 0.079845 0.023175 0.000016 0.012703
0 0 0.976545 0.016546 0.003769 0.000014 0.003127
1 0 0.345198 0.353221 0.212401 0.006469 0.082712
1 0 0.133694 0.671081 0.142954 0.000080 0.052191
4 0 0.113683 0.149879 0.044421 0.000611 0.691406
4 1 0.096409 0.090984 0.016690 0.000183 0.795735
4 1 0.023448 0.124077 0.009479 0.000001 0.842995
4 1 0.207354 0.154426 0.014119 0.000018 0.624084
0 1 0.536886 0.182519 0.020556 0.000058 0.259981
0 0 0.588269 0.295564 0.060870 0.000699 0.054598
0 0 0.598633 0.108779 0.210778 0.004697 0.077112
4 0 0.172401 0.321333 0.118599 0.000396 0.387270
4 0 0.235094 0.104419 0.017979 0.000021 0.642488
4 4 0.423328 0.081680 0.007673 0.000036 0.487284
4 4 0.094291 0.183923 0.022719 0.000162 0.698904
0 4 0.612611 0.096581 0.016090 0.000014 0.274705
4 4 0.133209 0.045786 0.003004 0.000011 0.817989
4 4 0.355778 0.052892 0.003971 0.000001 0.587357
4 4 0.168154 0.036905 0.007685 0.000057 0.787199
4 4 0.103700 0.076589 0.007203 0.000093 0.812415
4 4 0.034138 0.038087 0.014760 0.000280 0.912735
4 4 0.033716 0.117340 0.016961 0.000035 0.831947
4 4 0.006864 0.257736 0.252895 0.001176 0.481329
4 4 0.004726 0.363849 0.186357 0.000139 0.444928
2 4 0.004417 0.227362 0.416029 0.004005 0.348187
4 4 0.028007 0.253046 0.063511 0.000284 0.655152
4 4 0.107960 0.261149 0.033627 0.000725 0.596540
1 4 0.019706 0.589762 0.092537 0.000212 0.297784
4 4 0.103962 0.263485 0.073857 0.000543 0.558154
4 4 0.020375 0.195965 0.060058 0.000198 0.723404
4 4 0.013367 0.414548 0.034516 0.000006 0.537562
4 4 0.006284 0.191699 0.021914 0.000000 0.780103
4 4 0.004251 0.322129 0.153190 0.000070 0.520361
4 4 0.008511 0.273237 0.129730 0.000197 0.588325
1 4 0.021368 0.439965 0.131892 0.000747 0.406028
1 4 0.180179 0.510389 0.073887 0.000182 0.235363
4 4 0.206977 0.054147 0.007811 0.000019 0.731046
4 4 0.337830 0.097169 0.003710 0.000001 0.561290
4 4 0.028799 0.175831 0.021434 0.000028 0.773908
4 4 0.021296 0.443109 0.022448 0.000005 0.513143
4 4 0.025462 0.174994 0.034549 0.000081 0.764915
4 4 0.013037 0.205317 0.023940 0.000006 0.757700
4 4 0.037507 0.371471 0.056281 0.000181 0.534560
4 4 0.023647 0.113693 0.035076 0.000162 0.827422
4 4 0.019304 0.368728 0.087903 0.000209 0.523857
0 4 0.807162 0.116675 0.028412 0.000043 0.047709
4 1 0.269546 0.120355 0.076396 0.001487 0.532217
4 1 0.229995 0.151692 0.030698 0.000153 0.587462
4 4 0.124712 0.076244 0.003286 0.000017 0.795741
4 4 0.048932 0.127065 0.014663 0.000052 0.809288
4 4 0.029920 0.183240 0.080943 0.001087 0.704810
4 4 0.014710 0.175252 0.059257 0.000123 0.750657
2 4 0.004785 0.305022 0.568938 0.023847 0.097408
2 4 0.012391 0.421434 0.500817 0.002760 0.062598
1 4 0.043172 0.486216 0.277559 0.011979 0.181073
1 4 0.040669 0.450886 0.415083 0.001544 0.091818
4 4 0.189639 0.171686 0.020875 0.000587 0.617213
4 0 0.069655 0.036770 0.003461 0.000025 0.890089
0 0 0.488483 0.115861 0.014831 0.000096 0.380729
4 1 0.055984 0.329213 0.018833 0.000026 0.595944
4 1 0.010568 0.231960 0.154920 0.000651 0.601901
4 1 0.009892 0.125202 0.065405 0.000140 0.799362
4 1 0.053452 0.310199 0.137840 0.001346 0.497163
1 1 0.296280 0.402178 0.166549 0.012233 0.122760
0 1 0.327345 0.290371 0.187080 0.002309 0.192895
4 1 0.363662 0.133612 0.121066 0.000191 0.381468
4 1 0.074705 0.243952 0.024051 0.000148 0.657145
4 1 0.015220 0.124223 0.032738 0.000048 0.827770
4 1 0.024306 0.077474 0.018821 0.000067 0.879333
4 1 0.028289 0.166258 0.028243 0.000063 0.777146
0 1 0.379694 0.290810 0.063705 0.000229 0.265563
0 1 0.760230 0.089720 0.008127 0.000013 0.141910
4 1 0.188342 0.132977 0.003101 0.000001 0.675579
1 1 0.207505 0.411675 0.006985 0.000000 0.373835
4 1 0.127731 0.194250 0.008916 0.000046 0.669058
4 1 0.011757 0.139277 0.034643 0.000028 0.814296
4 1 0.003611 0.303850 0.116330 0.000024 0.576185
4 1 0.009266 0.228327 0.136213 0.000352 0.625842
1 1 0.021877 0.472189 0.204248 0.000196 0.301490
0 0 0.377811 0.238996 0.085451 0.000281 0.297461
0 0 0.408719 0.188151 0.050228 0.000048 0.352853
4 0 0.232523 0.186811 0.033437 0.001310 0.545919
4 0 0.086844 0.074400 0.002700 0.000005 0.836051
4 0 0.019102 0.189185 0.011319 0.000002 0.780392
4 0 0.061283 0.206143 0.019591 0.000074 0.712909
0 0 0.428791 0.183708 0.048762 0.000176 0.338562
4 0 0.032719 0.127307 0.022529 0.000074 0.817371
4 1 0.011097 0.309447 0.081558 0.000071 0.597827
4 1 0.014982 0.139324 0.076841 0.000399 0.768455
4 1 0.070155 0.205260 0.052480 0.001464 0.670642
4 1 0.045363 0.202262 0.019739 0.000043 0.732593
4 1 0.011447 0.243031 0.013262 0.000001 0.732259
4 1 0.024522 0.238828 0.137902 0.002251 0.596496
4 1 0.037383 0.267882 0.125175 0.003283 0.566276
2 1 0.004430 0.236523 0.636432 0.002183 0.120434
2 1 0.002882 0.059424 0.915161 0.007734 0.014800
2 0 0.018936 0.264105 0.603452 0.013530 0.099976
1 0 0.202631 0.507649 0.154060 0.002150 0.133511
4 0 0.034249 0.047817 0.037026 0.002137 0.878772
4 0 0.343294 0.079650 0.014852 0.000150 0.562054
0 0 0.351372 0.317408 0.047585 0.000167 0.283468
1 0 0.306620 0.430424 0.062890 0.000103 0.199962
4 1 0.044314 0.169856 0.029271 0.000161 0.756398
4 0 0.071973 0.225514 0.041045 0.000670 0.660797
0 0 0.895790 0.080231 0.004903 0.000003 0.019073
1 0 0.236832 0.579414 0.044778 0.000232 0.138744
0 0 0.472388 0.241090 0.255656 0.012595 0.018271
0 0 0.715083 0.166828 0.044405 0.000443 0.073242
4 0 0.259600 0.168516 0.062702 0.001718 0.507464
4 0 0.082904 0.091628 0.013023 0.000202 0.812244
4 0 0.119604 0.106644 0.042512 0.003010 0.728231
4 0 0.230844 0.165604 0.052329 0.000367 0.550856
4 0 0.009956 0.275903 0.080360 0.000065 0.633717
4 0 0.025716 0.271211 0.033721 0.000011 0.669341
1 0 0.081546 0.399895 0.240593 0.000616 0.277350
4 0 0.175759 0.295764 0.036111 0.000155 0.492211
4 1 0.024714 0.248132 0.139759 0.002247 0.585149
4 1 0.060532 0.275355 0.051672 0.000106 0.612335
4 1 0.279556 0.267665 0.142974 0.000214 0.309591
4 0 0.409125 0.124758 0.035988 0.000003 0.430126
4 0 0.338333 0.061997 0.025017 0.000041 0.574613
4 0 0.088152 0.160418 0.208216 0.000294 0.542920
4 1 0.042955 0.122078 0.009880 0.000015 0.825073
4 1 0.015142 0.109469 0.042993 0.000128 0.832268
1 1 0.053428 0.493445 0.377301 0.002266 0.073560
1 1 0.006435 0.497161 0.364304 0.004166 0.127934
1 1 0.199822 0.558269 0.100659 0.000970 0.140280
1 1 0.058117 0.785289 0.073110 0.000034 0.083450
1 1 0.181911 0.602704 0.108337 0.000458 0.106590
1 1 0.043423 0.711742 0.144008 0.000232 0.100596
1 1 0.009317 0.544379 0.291748 0.003465 0.151091
4 1 0.046919 0.378686 0.075175 0.000756 0.498464
0 1 0.529909 0.147673 0.187447 0.000554 0.134416
1 1 0.080270 0.430338 0.387766 0.000660 0.100966
4 1 0.108447 0.301142 0.065178 0.000244 0.524988
0 4 0.528369 0.087859 0.020951 0.000067 0.362754
0 4 0.423337 0.193760 0.125898 0.000351 0.256653
0 4 0.513221 0.180311 0.019225 0.000094 0.287150
4 4 0.012684 0.090058 0.033295 0.000066 0.863897
4 4 0.024686 0.211116 0.019072 0.000011 0.745114
1 4 0.247499 0.398345 0.107330 0.010211 0.236615
4 4 0.032748 0.188895 0.027023 0.000019 0.751315
4 4 0.104200 0.092884 0.004689 0.000020 0.798206
4 4 0.006996 0.244522 0.061066 0.000018 0.687397
4 4 0.386312 0.102138 0.011658 0.000076 0.499816
4 4 0.033553 0.133206 0.008068 0.000005 0.825169
4 4 0.116614 0.196055 0.042310 0.000018 0.645003
4 4 0.054006 0.237278 0.047780 0.000038 0.660898
2 1 0.214529 0.232174 0.433136 0.079498 0.040663
2 1 0.042659 0.036611 0.604611 0.305560 0.010559
4 1 0.354900 0.076119 0.083834 0.002765 0.482383
4 1 0.069998 0.048588 0.006080 0.000066 0.875268
4 1 0.018989 0.060272 0.022097 0.000105 0.898537
4 1 0.003298 0.187058 0.297427 0.000809 0.511408
2 1 0.002568 0.107687 0.728188 0.086261 0.075296
2 1 0.001894 0.066158 0.741738 0.061184 0.129027
2 1 0.003255 0.156940 0.708854 0.002021 0.128931
2 1 0.000538 0.016235 0.971964 0.007894 0.003369
2 1 0.003803 0.016771 0.971089 0.005950 0.002387
2 1 0.000858 0.009776 0.985716 0.003082 0.000569
2 1 0.001042 0.009488 0.945569 0.043462 0.000439
2 1 0.000945 0.003759 0.977147 0.018095 0.000054
2 2 0.001933 0.039777 0.953547 0.004213 0.000530
2 2 0.000049 0.000754 0.977118 0.022076 0.000002
2 2 0.004245 0.025849 0.935153 0.033446 0.001308
2 2 0.001044 0.013142 0.985002 0.000301 0.000511
2 2 0.017006 0.011772 0.930149 0.040959 0.000113
2 2 0.000432 0.005114 0.977422 0.017007 0.000025
2 2 0.000446 0.010824 0.940439 0.048138 0.000153
2 2 0.001235 0.010283 0.819460 0.168813 0.000208
2 2 0.006478 0.008028 0.798046 0.187336 0.000112
2 2 0.031041 0.002764 0.686984 0.279166 0.000045
2 2 0.003682 0.003176 0.795691 0.197431 0.000020
2 2 0.226218 0.034093 0.680461 0.055623 0.003606
2 2 0.001077 0.005678 0.791946 0.201226 0.000073
2 2 0.000476 0.003041 0.903544 0.092923 0.000016
2 2 0.017469 0.042143 0.933287 0.006546 0.000555
2 2 0.005759 0.002345 0.832873 0.159013 0.000009
2 2 0.000269 0.000824 0.898399 0.100506 0.000002
2 2 0.000222 0.000249 0.978167 0.021362 0.000001
2 3 0.000982 0.012570 0.973484 0.012843 0.000121
2 3 0.000340 0.000698 0.742611 0.256350 0.000002
