0 0 0.981534 0.006380 0.000559 0.000000 0.011527
0 0 0.988420 0.002800 0.001528 0.000001 0.007251
0 0 0.855941 0.114140 0.018763 0.000054 0.011101
0 0 0.448230 0.146092 0.233351 0.002058 0.170268
0 0 0.938612 0.011865 0.013532 0.000091 0.035900
0 0 0.464513 0.052496 0.020501 0.000143 0.462347
0 1 0.736616 0.080795 0.007195 0.000008 0.175386
0 1 0.341878 0.328106 0.246845 0.000017 0.083154
1 1 0.256597 0.569327 0.126709 0.000059 0.047308
0 1 0.480545 0.350374 0.134276 0.000030 0.034774
0 4 0.912474 0.048983 0.026611 0.000049 0.011883
0 1 0.541845 0.187232 0.014097 0.000045 0.256781
1 1 0.030441 0.492887 0.232470 0.000016 0.244184
4 4 0.018777 0.333961 0.292385 0.017877 0.337000
1 4 0.040120 0.619557 0.298105 0.000005 0.042212
0 4 0.515511 0.299390 0.099657 0.000013 0.085430
2 4 0.009614 0.076349 0.887142 0.001577 0.025318
2 4 0.022430 0.185019 0.672211 0.012243 0.108096
4 4 0.046448 0.121268 0.045984 0.000069 0.786231
4 4 0.034292 0.151088 0.157947 0.000054 0.656620
4 4 0.078846 0.111010 0.028256 0.000299 0.781589
4 4 0.102067 0.061566 0.019167 0.000431 0.816769
4 4 0.009593 0.098953 0.194669 0.008064 0.688721
4 4 0.037283 0.055783 0.024695 0.000097 0.882142
0 4 0.777711 0.128662 0.049062 0.000079 0.044485
4 4 0.011976 0.244837 0.179308 0.000027 0.563852
4 4 0.039506 0.198299 0.102335 0.001133 0.658727
4 4 0.037910 0.189177 0.252775 0.001001 0.519137
4 4 0.027845 0.066997 0.018126 0.000009 0.887023
4 4 0.015992 0.149076 0.108617 0.000049 0.726266
4 4 0.263656 0.081891 0.027444 0.000286 0.626724
4 4 0.107444 0.033530 0.073633 0.006317 0.779076
0 4 0.448119 0.202612 0.113119 0.000242 0.235907
1 4 0.117494 0.339689 0.301070 0.000020 0.241729
2 4 0.003178 0.194440 0.440241 0.000717 0.361424
1 1 0.036023 0.344040 0.287955 0.012481 0.319500
2 1 0.037150 0.295227 0.528193 0.002392 0.137038
0 1 0.657713 0.176215 0.104698 0.000052 0.061322
1 1 0.027621 0.431412 0.189425 0.000147 0.351396
1 1 0.012816 0.552157 0.299761 0.000056 0.135210
2 2 0.001864 0.017235 0.956458 0.021942 0.002501
2 2 0.008990 0.036634 0.946457 0.006310 0.001610
2 2 0.000174 0.025539 0.964009 0.009116 0.001162
2 2 0.002199 0.056022 0.867068 0.069241 0.005471
2 2 0.000424 0.003942 0.503064 0.491423 0.001146
2 2 0.000470 0.005463 0.884523 0.108625 0.000920
3 3 0.001369 0.000685 0.139652 0.858251 0.000043
3 3 0.000849 0.007929 0.409699 0.580415 0.001108
2 3 0.001923 0.006184 0.683049 0.306356 0.002488
3 3 0.000030 0.000728 0.335176 0.664002 0.000064
2 3 0.011050 0.009511 0.845024 0.133372 0.001044
3 3 0.000196 0.001495 0.078020 0.919842 0.000447
3 3 0.000023 0.000368 0.088174 0.911359 0.000077
3 3 0.000031 0.000156 0.052182 0.947608 0.000024
3 3 0.000185 0.002105 0.228725 0.768507 0.000479
3 3 0.000012 0.000089 0.038272 0.961611 0.000016
3 3 0.000012 0.000111 0.018852 0.980955 0.000071
3 3 0.000021 0.000859 0.123982 0.874914 0.000224
3 3 0.000226 0.000742 0.203399 0.795580 0.000054
3 3 0.000015 0.000057 0.016326 0.983590 0.000013
3 3 0.000011 0.000074 0.011316 0.988571 0.000027
3 3 0.000011 0.000042 0.098322 0.901620 0.000004
3 3 0.003564 0.005908 0.113493 0.875011 0.002023
3 3 0.000037 0.000149 0.039716 0.960074 0.000024
2 3 0.000140 0.001545 0.788342 0.209937 0.000037
3 3 0.000065 0.000304 0.079127 0.920460 0.000044
3 3 0.000409 0.000453 0.076515 0.922586 0.000038
3 3 0.000639 0.000939 0.314623 0.683704 0.000095
3 3 0.000045 0.000329 0.040059 0.959479 0.000088
3 3 0.000175 0.000309 0.079607 0.919873 0.000035
3 3 0.000098 0.000209 0.012142 0.987488 0.000064
3 3 0.000030 0.000011 0.005607 0.994350 0.000002
3 3 0.000101 0.000031 0.010071 0.989794 0.000003
3 3 0.000063 0.000334 0.053102 0.946432 0.000069
3 3 0.000031 0.000050 0.005197 0.994703 0.000018
3 3 0.000089 0.000086 0.018073 0.981742 0.000010
3 3 0.000022 0.000011 0.004108 0.995857 0.000002
3 3 0.000066 0.000358 0.055740 0.943762 0.000074
3 3 0.000006 0.000021 0.008169 0.991800 0.000004
3 3 0.000063 0.000110 0.011538 0.988266 0.000025
3 3 0.000082 0.000074 0.007750 0.992074 0.000021
3 3 0.000944 0.000559 0.021870 0.976484 0.000143
3 3 0.000065 0.000081 0.010819 0.989014 0.000020
3 3 0.000105 0.000232 0.023720 0.975891 0.000052
3 3 0.000050 0.000026 0.005514 0.994404 0.000005
3 3 0.000103 0.000059 0.007083 0.992741 0.000014
3 3 0.000010 0.000108 0.005755 0.994060 0.000067
3 3 0.001762 0.001001 0.035485 0.961586 0.000166
3 3 0.000233 0.001455 0.021169 0.976133 0.001011
3 3 0.000003 0.000003 0.001340 0.998654 0.000001
3 3 0.000054 0.000195 0.008678 0.990969 0.000104
3 3 0.000067 0.000211 0.009285 0.990331 0.000107
3 3 0.000024 0.000009 0.002957 0.997009 0.000002
3 3 0.000012 0.000003 0.002303 0.997682 0.000000
3 3 0.000001 0.000001 0.000749 0.999249 0.000000
3 3 0.000025 0.000063 0.006231 0.993658 0.000023
3 3 0.000743 0.000132 0.031793 0.967323 0.000009
3 3 0.000819 0.000476 0.091721 0.906879 0.000106
3 3 0.000005 0.000012 0.006601 0.993379 0.000003
3 3 0.000141 0.000155 0.010016 0.989638 0.000050
3 3 0.000025 0.000050 0.004952 0.994952 0.000020
3 3 0.000128 0.000102 0.008697 0.991045 0.000029
3 3 0.000044 0.000049 0.006712 0.993185 0.000010
3 3 0.000097 0.000120 0.008622 0.991120 0.000040
3 3 0.000045 0.000107 0.007002 0.992799 0.000047
3 3 0.000055 0.000042 0.005604 0.994287 0.000011
3 3 0.000001 0.000006 0.001464 0.998525 0.000003
3 3 0.000002 0.000002 0.001046 0.998950 0.000000
3 3 0.000019 0.000034 0.004157 0.995777 0.000013
3 3 0.000024 0.000021 0.003815 0.996134 0.000006
3 3 0.000001 0.000001 0.000770 0.999228 0.000000
3 3 0.000001 0.000002 0.001068 0.998928 0.000001
3 3 0.000000 0.000001 0.000473 0.999526 0.000000
3 3 0.000070 0.000270 0.010251 0.989266 0.000143
3 3 0.000001 0.000002 0.000893 0.999103 0.000001
3 3 0.000010 0.000034 0.003648 0.996291 0.000017
3 3 0.000001 0.000016 0.001767 0.998200 0.000016
3 3 0.000007 0.000002 0.001401 0.998590 0.000000
3 3 0.000000 0.000003 0.000824 0.999171 0.000002
3 3 0.000004 0.000013 0.002310 0.997666 0.000006
3 3 0.000000 0.000001 0.001020 0.998978 0.000000
3 3 0.000005 0.000002 0.001323 0.998670 0.000000
3 3 0.002549 0.001082 0.057405 0.937413 0.001552
3 3 0.000019 0.000001 0.003310 0.996670 0.000001
3 3 0.000135 0.000327 0.057220 0.942267 0.000052
3 3 0.000116 0.001315 0.154928 0.843425 0.000216
2 3 0.028213 0.013991 0.736320 0.221116 0.000360
2 3 0.042862 0.072430 0.583986 0.294788 0.005934
3 3 0.002427 0.003923 0.389281 0.604117 0.000252
3 3 0.005281 0.008270 0.384944 0.592954 0.008551
3 3 0.000265 0.000271 0.058883 0.940533 0.000048
3 3 0.005544 0.000697 0.088990 0.904208 0.000561
3 3 0.001029 0.000379 0.135244 0.863328 0.000019
3 3 0.000294 0.001109 0.273165 0.725120 0.000313
3 3 0.002861 0.000288 0.074488 0.922340 0.000022
3 3 0.001459 0.000506 0.128396 0.868949 0.000690
2 3 0.006508 0.014403 0.786070 0.190229 0.002790
3 3 0.177622 0.029830 0.336384 0.409707 0.046456
3 3 0.000375 0.011492 0.384786 0.593554 0.009794
3 3 0.002260 0.004750 0.327052 0.662730 0.003208
2 2 0.011415 0.057854 0.655509 0.258494 0.016728
2 2 0.007233 0.030045 0.748248 0.205854 0.008620
2 2 0.006208 0.072767 0.613303 0.068593 0.239129
2 2 0.007235 0.127794 0.496621 0.015833 0.352517
2 2 0.003905 0.007661 0.771705 0.214136 0.002592
3 2 0.001654 0.005476 0.434481 0.553563 0.004826
2 2 0.005068 0.224949 0.513323 0.020285 0.236375
2 1 0.013803 0.092305 0.815100 0.021339 0.057453
2 1 0.004410 0.061350 0.841242 0.060842 0.032155
4 1 0.006208 0.170245 0.395718 0.010391 0.417439
2 1 0.003022 0.062425 0.782111 0.079169 0.073273
2 2 0.005613 0.095477 0.570700 0.043588 0.284623
2 2 0.011103 0.117323 0.662616 0.029860 0.179098
2 2 0.008893 0.038983 0.787886 0.035389 0.128849
2 2 0.019245 0.260697 0.637756 0.000075 0.082226
2 2 0.017574 0.187659 0.734453 0.007481 0.052834
2 2 0.001057 0.101679 0.885660 0.004735 0.006870
2 2 0.042390 0.094622 0.797108 0.030641 0.035238
2 2 0.000091 0.002905 0.928515 0.068400 0.000089
2 2 0.000296 0.004338 0.653597 0.341446 0.000323
2 2 0.134318 0.047563 0.787941 0.025037 0.005141
2 2 0.061303 0.011070 0.748413 0.178214 0.001001
0 2 0.603349 0.259082 0.106066 0.000096 0.031407
0 2 0.573604 0.145375 0.226168 0.002134 0.052721
0 2 0.384255 0.266696 0.331506 0.005517 0.012027
2 2 0.106330 0.116562 0.758483 0.008449 0.010176
2 2 0.002652 0.042512 0.640774 0.305261 0.008801
2 2 0.026995 0.093132 0.842237 0.019444 0.018192
2 2 0.010587 0.357290 0.506667 0.000265 0.125191
2 2 0.024979 0.240408 0.718046 0.000887 0.015680
2 2 0.045911 0.048256 0.903306 0.001610 0.000918
2 2 0.225596 0.097544 0.656164 0.016805 0.003891
2 2 0.002603 0.078278 0.848271 0.061884 0.008964
2 2 0.048891 0.259392 0.611567 0.043657 0.036493
2 2 0.038189 0.427147 0.461148 0.014261 0.059255
2 2 0.005675 0.161649 0.728542 0.074019 0.030115
2 2 0.003039 0.201568 0.766667 0.003890 0.024837
2 2 0.002785 0.063892 0.926662 0.004166 0.002496
2 2 0.066576 0.351054 0.378710 0.020373 0.183286
2 2 0.011589 0.334635 0.584043 0.012360 0.057373
1 1 0.050488 0.512321 0.384244 0.000502 0.052445
1 1 0.047200 0.619625 0.128797 0.000018 0.204360
2 1 0.016042 0.406964 0.456998 0.016934 0.103062
2 1 0.065498 0.425901 0.474042 0.003401 0.031158
1 1 0.062238 0.551556 0.349016 0.001129 0.036062
1 1 0.008770 0.545788 0.423556 0.000086 0.021801
2 1 0.001615 0.306743 0.648157 0.002569 0.040915
2 2 0.001854 0.099110 0.839563 0.046641 0.012831
1 2 0.116188 0.412314 0.156742 0.003301 0.311454
1 2 0.162895 0.346018 0.339192 0.008038 0.143858
1 2 0.177858 0.524266 0.262122 0.000126 0.035627
1 2 0.205771 0.480799 0.266750 0.005104 0.041576
1 1 0.022826 0.607163 0.352021 0.000066 0.017923
2 1 0.037341 0.414082 0.524734 0.001266 0.022577
2 1 0.002027 0.255069 0.621712 0.001405 0.119788
1 1 0.021169 0.370538 0.352620 0.006752 0.248922
1 1 0.140526 0.675906 0.156150 0.000183 0.027235
2 1 0.012503 0.443097 0.534092 0.000063 0.010245
1 1 0.015991 0.561174 0.295233 0.000289 0.127312
1 1 0.016467 0.582995 0.380686 0.000066 0.019785
2 1 0.006017 0.394058 0.550081 0.002728 0.047116
2 1 0.004426 0.339081 0.550297 0.013210 0.092986
2 1 0.175357 0.322532 0.370294 0.001994 0.129822
1 1 0.184450 0.336147 0.224709 0.001317 0.253378
2 1 0.000849 0.037021 0.942766 0.003593 0.015771
2 1 0.011581 0.152563 0.745338 0.001631 0.088887
2 1 0.004013 0.364720 0.599213 0.001096 0.030958
2 2 0.010472 0.244665 0.708011 0.004388 0.032465
2 2 0.008850 0.227441 0.723156 0.004737 0.035816
2 2 0.047163 0.389570 0.539595 0.001740 0.021933
1 2 0.012273 0.583427 0.358867 0.000082 0.045351
1 2 0.008382 0.484900 0.411833 0.001023 0.093863
4 2 0.059074 0.347335 0.136759 0.016501 0.440330
2 2 0.253375 0.313526 0.366520 0.000766 0.065813
1 2 0.043358 0.351026 0.341110 0.002689 0.261818
2 2 0.001678 0.094998 0.878538 0.000559 0.024227
2 2 0.047905 0.350487 0.534818 0.007352 0.059438
0 2 0.525120 0.256119 0.183755 0.002004 0.033002
1 2 0.036645 0.653728 0.204948 0.001871 0.102807
1 2 0.122487 0.430399 0.290429 0.007281 0.149405
2 1 0.018963 0.366112 0.489009 0.001923 0.123992
1 1 0.050222 0.563129 0.339849 0.000433 0.046367
1 1 0.012308 0.390653 0.382188 0.007250 0.207602
2 1 0.009057 0.406952 0.442803 0.009940 0.131248
1 1 0.046043 0.446980 0.387913 0.001279 0.117785
2 1 0.020363 0.473814 0.495467 0.000067 0.010289
1 1 0.023765 0.458387 0.432302 0.007371 0.078175
2 1 0.012020 0.449792 0.498727 0.001291 0.038170
2 1 0.000850 0.155474 0.784754 0.024672 0.034251
2 2 0.000685 0.062845 0.926806 0.006175 0.003489
2 2 0.005364 0.080675 0.901802 0.007002 0.005157
2 2 0.024066 0.052840 0.884246 0.035872 0.002976
2 2 0.000327 0.095387 0.852300 0.029441 0.022545
2 2 0.002404 0.350022 0.601423 0.001887 0.044265
1 2 0.015523 0.580368 0.342930 0.000841 0.060339
2 1 0.078080 0.379175 0.509571 0.002378 0.030797
1 1 0.126365 0.555012 0.303722 0.000039 0.014862
1 1 0.044879 0.471646 0.464138 0.000514 0.018823
1 1 0.110184 0.574325 0.252367 0.000714 0.062409
2 1 0.072447 0.441367 0.461722 0.000406 0.024058
1 1 0.222017 0.399881 0.283804 0.001559 0.092740
1 1 0.219776 0.439474 0.250894 0.000598 0.089258
1 1 0.019896 0.517058 0.434175 0.000410 0.028462
1 1 0.132628 0.494252 0.275395 0.000646 0.097079
2 1 0.006875 0.104881 0.872239 0.006419 0.009586
2 1 0.007242 0.353376 0.580734 0.000085 0.058562
2 1 0.001433 0.090850 0.832626 0.057761 0.017331
2 1 0.028347 0.299397 0.632356 0.003574 0.036326
2 1 0.001364 0.112328 0.884056 0.000029 0.002222
2 1 0.027243 0.270106 0.669332 0.000209 0.033110
2 1 0.014303 0.217434 0.734378 0.003035 0.030850
2 1 0.001388 0.044777 0.890970 0.058754 0.004111
1 2 0.253648 0.362329 0.358696 0.001954 0.023374
2 2 0.254331 0.222380 0.488933 0.001033 0.033324
2 2 0.003019 0.141350 0.829637 0.012585 0.013410
2 2 0.010384 0.332937 0.624547 0.003078 0.029054
2 2 0.014592 0.053822 0.922141 0.008275 0.001169
2 2 0.006358 0.136575 0.749129 0.080834 0.027104
2 2 0.000499 0.009336 0.984000 0.005984 0.000181
2 2 0.029075 0.093596 0.873341 0.000035 0.003954
2 2 0.011173 0.049536 0.921517 0.016395 0.001378
2 2 0.005882 0.035048 0.866698 0.088112 0.004261
2 2 0.000103 0.001588 0.973846 0.024343 0.000120
2 2 0.000681 0.011249 0.987310 0.000577 0.000182
2 2 0.180296 0.224368 0.585326 0.003072 0.006939
0 2 0.752516 0.128667 0.078816 0.002314 0.037687
2 2 0.234734 0.216188 0.529097 0.007679 0.012302
2 2 0.182394 0.313176 0.468090 0.001120 0.035220
1 2 0.133781 0.517219 0.210202 0.000042 0.138755
1 2 0.157566 0.537442 0.278062 0.000723 0.026207
1 2 0.152632 0.403044 0.300054 0.014859 0.129410
2 2 0.004884 0.298640 0.604883 0.020396 0.071197
2 2 0.005312 0.389543 0.513527 0.006698 0.084920
2 2 0.004029 0.172778 0.770467 0.007739 0.044986
2 2 0.052008 0.352883 0.579948 0.000074 0.015086
2 2 0.013882 0.303106 0.665315 0.000175 0.017522
2 1 0.005907 0.244903 0.657321 0.004902 0.086966
2 1 0.004492 0.366850 0.524989 0.002130 0.101538
2 1 0.017725 0.277406 0.593400 0.005697 0.105772
2 1 0.008510 0.284470 0.690636 0.000308 0.016077
2 1 0.007821 0.208543 0.701143 0.005096 0.077397
2 1 0.001132 0.116420 0.803052 0.035120 0.044276
2 1 0.004710 0.321314 0.491567 0.000886 0.181523
2 1 0.031398 0.350221 0.351037 0.012081 0.255264
2 1 0.001010 0.165096 0.694173 0.076249 0.063471
2 1 0.005988 0.226715 0.540918 0.055280 0.171100
2 1 0.017527 0.217701 0.583363 0.044392 0.137016
4 1 0.032100 0.315454 0.188958 0.009827 0.453662
0 0 0.458009 0.350359 0.103553 0.000084 0.087995
0 0 0.963115 0.019610 0.016196 0.000118 0.000961
0 0 0.989329 0.004556 0.002278 0.000002 0.003835
0 0 0.978141 0.013167 0.006574 0.000042 0.002076
2 1 0.198840 0.355690 0.369458 0.004810 0.071202
2 1 0.051357 0.212954 0.708978 0.000244 0.026468
1 1 0.103074 0.709627 0.134746 0.000059 0.052494
1 1 0.019822 0.415146 0.279906 0.001935 0.283191
1 1 0.076313 0.598396 0.155898 0.001090 0.168302
2 1 0.168126 0.390609 0.428239 0.000070 0.012957
2 1 0.009625 0.373938 0.531234 0.003020 0.082184
1 1 0.011488 0.578242 0.333614 0.000364 0.076291
2 1 0.065345 0.347551 0.490493 0.041633 0.054978
1 1 0.065876 0.604639 0.212733 0.005351 0.111400
2 1 0.052340 0.427461 0.513728 0.000084 0.006387
1 1 0.024762 0.632153 0.290416 0.000528 0.052141
0 1 0.518007 0.363326 0.086532 0.002830 0.029305
1 1 0.295365 0.501925 0.102904 0.000651 0.099154
4 1 0.030937 0.333363 0.228344 0.001994 0.405362
2 1 0.025212 0.149648 0.727999 0.038331 0.058811
2 1 0.165815 0.363516 0.398641 0.002278 0.069750
1 1 0.049507 0.397914 0.185697 0.074142 0.292739
4 4 0.048689 0.192983 0.087281 0.005123 0.665925
0 4 0.417277 0.184414 0.065540 0.000345 0.332424
0 1 0.622391 0.196268 0.055536 0.000221 0.125583
1 1 0.197720 0.464501 0.120948 0.000008 0.216824
0 1 0.373244 0.258527 0.126535 0.021915 0.219778
4 1 0.069147 0.187953 0.062396 0.012713 0.667791
1 1 0.034732 0.550096 0.345749 0.000340 0.069083
1 1 0.297785 0.397338 0.047467 0.000066 0.257345
4 4 0.245404 0.036430 0.001163 0.000000 0.717003
0 4 0.881653 0.007044 0.000094 0.000000 0.111209
1 4 0.177416 0.458415 0.133425 0.052624 0.178120
1 4 0.119592 0.414370 0.180518 0.011184 0.274335
4 4 0.193270 0.277533 0.109196 0.008038 0.411962
0 4 0.326623 0.160050 0.236769 0.000138 0.276420
0 4 0.968682 0.008061 0.000611 0.000000 0.022646
0 4 0.590943 0.178062 0.026069 0.000009 0.204917
0 4 0.579254 0.262745 0.091567 0.002890 0.063543
0 4 0.945348 0.006190 0.002975 0.000002 0.045485
0 0 0.844004 0.056969 0.018715 0.000023 0.080289
0 0 0.841376 0.027338 0.005580 0.000005 0.125702
0 0 0.988112 0.006606 0.003249 0.000007 0.002026
0 0 0.970309 0.013250 0.005274 0.000012 0.011156
0 0 0.551987 0.136099 0.230731 0.000443 0.080740
2 0 0.189091 0.211019 0.463557 0.002096 0.134238
1 1 0.159709 0.547709 0.232850 0.000339 0.059394
2 1 0.068333 0.336926 0.442535 0.004024 0.148183
2 1 0.212969 0.234197 0.466127 0.006963 0.079744
1 4 0.016775 0.354646 0.302191 0.005086 0.321301
1 4 0.026511 0.472226 0.270733 0.006848 0.223682
1 4 0.030195 0.616107 0.203881 0.000182 0.149635
2 4 0.037803 0.283734 0.633540 0.002279 0.042644
2 4 0.009174 0.416400 0.515206 0.000712 0.058509
2 4 0.016194 0.388036 0.423752 0.005950 0.166067
2 4 0.031865 0.111283 0.621339 0.040902 0.194610
4 4 0.014188 0.322949 0.298767 0.002499 0.361597
4 4 0.022560 0.270858 0.244534 0.000068 0.461980
4 4 0.066916 0.265971 0.165222 0.013051 0.488841
2 4 0.005435 0.120507 0.559383 0.263939 0.050737
4 4 0.038355 0.264351 0.124017 0.002409 0.570868
4 4 0.031748 0.055112 0.018657 0.000380 0.894103
4 4 0.002586 0.121347 0.367809 0.003321 0.504936
4 4 0.041076 0.042807 0.016913 0.000036 0.899168
4 4 0.004182 0.099402 0.229806 0.006739 0.659871
4 4 0.096692 0.042009 0.032609 0.000063 0.828627
2 4 0.039061 0.137818 0.711627 0.008636 0.102858
1 4 0.059729 0.366220 0.269807 0.001699 0.302544
2 4 0.229902 0.187370 0.408552 0.083549 0.090627
1 4 0.028187 0.392472 0.239715 0.000331 0.339295
2 1 0.015381 0.125137 0.841930 0.000025 0.017527
1 1 0.100962 0.546858 0.227434 0.000129 0.124617
2 1 0.016811 0.314728 0.381139 0.000376 0.286946
2 1 0.002913 0.158498 0.474761 0.000037 0.363790
4 1 0.058781 0.319952 0.213715 0.000597 0.406955
2 1 0.007740 0.173501 0.736563 0.004049 0.078147
2 1 0.082298 0.368804 0.379632 0.000574 0.168692
0 1 0.374512 0.195344 0.075176 0.000183 0.354785
2 0 0.087747 0.254395 0.419902 0.012900 0.225057
2 1 0.021676 0.266804 0.689530 0.001108 0.020882
2 1 0.010374 0.174897 0.741698 0.008193 0.064838
2 1 0.006846 0.285615 0.557946 0.015789 0.133804
1 1 0.011336 0.655618 0.283056 0.000068 0.049921
1 1 0.011741 0.508863 0.380621 0.003472 0.095302
2 1 0.082683 0.332516 0.544749 0.008740 0.031311
1 1 0.027208 0.588404 0.300302 0.001894 0.082192
1 1 0.164604 0.524828 0.233610 0.007914 0.069045
2 1 0.114184 0.417761 0.456860 0.000259 0.010935
1 0 0.303754 0.556708 0.112600 0.000081 0.026856
1 0 0.158862 0.691015 0.131857 0.000039 0.018226
0 1 0.415472 0.383217 0.158648 0.000235 0.042428
1 0 0.175663 0.449555 0.039721 0.000047 0.335014
0 0 0.596033 0.257988 0.090608 0.002353 0.053019
1 0 0.371582 0.385204 0.106967 0.000025 0.136222
1 0 0.263132 0.605067 0.112135 0.000111 0.019555
1 1 0.339082 0.472549 0.170829 0.000579 0.016962
1 0 0.183158 0.569283 0.149748 0.000075 0.097736
0 0 0.370138 0.331092 0.069178 0.000026 0.229567
0 0 0.959209 0.014433 0.019767 0.000492 0.006099
0 0 0.998167 0.001203 0.000605 0.000001 0.000025
0 0 0.585887 0.238883 0.145950 0.000868 0.028412
2 1 0.175431 0.221358 0.575957 0.011527 0.015726
1 1 0.198402 0.458349 0.297676 0.001534 0.044039
2 0 0.060058 0.379056 0.502726 0.000552 0.057608
0 0 0.835868 0.056858 0.051222 0.000763 0.055289
1 0 0.328192 0.412558 0.236467 0.000031 0.022752
1 1 0.025199 0.654403 0.271924 0.000040 0.048434
1 1 0.015974 0.488455 0.455011 0.000268 0.040292
2 1 0.030479 0.339453 0.454087 0.068887 0.107095
2 1 0.008807 0.411541 0.449434 0.015576 0.114642
2 1 0.035531 0.331225 0.603151 0.002152 0.027941
2 1 0.035454 0.474305 0.474491 0.000270 0.015480
1 1 0.034983 0.507608 0.402396 0.000709 0.054304
1 1 0.035641 0.531118 0.247974 0.001321 0.183946
2 1 0.005625 0.315630 0.662817 0.000285 0.015643
2 1 0.012418 0.334535 0.553605 0.000029 0.099414
2 1 0.004394 0.357660 0.552984 0.003074 0.081888
2 1 0.006733 0.226670 0.752142 0.000282 0.014172
1 2 0.016049 0.417238 0.210721 0.000005 0.355986
2 2 0.067241 0.348487 0.455741 0.000338 0.128194
1 2 0.035451 0.512814 0.283553 0.000195 0.167987
1 2 0.007909 0.586848 0.364884 0.000010 0.040348
2 2 0.000120 0.018875 0.978453 0.001340 0.001213
2 2 0.000153 0.025601 0.954874 0.017057 0.002316
2 2 0.004440 0.154653 0.752900 0.056072 0.031934
2 2 0.002064 0.134690 0.820369 0.005098 0.037779
2 2 0.000494 0.031171 0.957974 0.009051 0.001310
2 2 0.001356 0.024851 0.963004 0.008456 0.002333
2 2 0.000325 0.014275 0.975576 0.009215 0.000609
2 2 0.000020 0.003310 0.995048 0.001565 0.000056
2 2 0.000015 0.004445 0.993455 0.002003 0.000082
2 2 0.002213 0.051484 0.944993 0.000048 0.001262
2 2 0.000352 0.010077 0.977231 0.012147 0.000192
2 2 0.001738 0.015025 0.955868 0.026899 0.000470
2 2 0.000878 0.017866 0.966368 0.013295 0.001593
2 2 0.000603 0.054009 0.937048 0.005550 0.002790
2 2 0.000149 0.022843 0.885157 0.089296 0.002555
2 2 0.001379 0.018799 0.955787 0.020708 0.003328
2 2 0.000710 0.007763 0.965193 0.026037 0.000298
2 2 0.003035 0.018156 0.679486 0.297716 0.001608
2 2 0.001963 0.020644 0.552774 0.421182 0.003437
2 2 0.003894 0.027007 0.915864 0.051907 0.001329
2 2 0.001408 0.012042 0.593761 0.391271 0.001518
2 2 0.000748 0.024236 0.793575 0.178765 0.002676
3 2 0.003936 0.017617 0.305405 0.664623 0.008418
3 2 0.000046 0.000549 0.413315 0.586055 0.000035
2 2 0.000181 0.002201 0.605773 0.391712 0.000133
2 2 0.000460 0.003822 0.826322 0.169241 0.000154
2 3 0.000003 0.000692 0.566285 0.432938 0.000082
3 3 0.000059 0.000922 0.154851 0.843997 0.000171
3 3 0.000080 0.000748 0.055190 0.943610 0.000373
2 3 0.000873 0.009461 0.513119 0.475334 0.001213
3 3 0.000102 0.001975 0.070318 0.926704 0.000901
3 3 0.000177 0.000188 0.022093 0.977505 0.000036
3 3 0.000001 0.000001 0.001521 0.998477 0.000000
3 3 0.000042 0.000107 0.006899 0.992904 0.000049
3 3 0.000078 0.000740 0.065494 0.933528 0.000159
3 3 0.000037 0.000149 0.010766 0.988985 0.000063
3 3 0.000343 0.000176 0.061523 0.937926 0.000031
3 3 0.000048 0.000431 0.049689 0.949548 0.000284
3 3 0.000001 0.000009 0.002718 0.997268 0.000005
3 3 0.000095 0.000240 0.019633 0.979959 0.000072
3 3 0.000034 0.000384 0.037289 0.962164 0.000130
3 3 0.000003 0.000012 0.003174 0.996807 0.000004
3 3 0.000012 0.000076 0.031094 0.968803 0.000014
3 3 0.000071 0.000677 0.046934 0.952088 0.000230
3 3 0.000012 0.000021 0.003644 0.996317 0.000006
3 3 0.000057 0.000025 0.004875 0.995037 0.000005
3 3 0.000041 0.000400 0.010017 0.989214 0.000328
3 3 0.000201 0.000057 0.009401 0.990333 0.000008
3 3 0.000041 0.000033 0.006886 0.993032 0.000007
3 3 0.000007 0.000004 0.001784 0.998205 0.000001
3 3 0.000001 0.000017 0.013714 0.986264 0.000004
3 3 0.000019 0.000121 0.011925 0.987885 0.000050
3 3 0.000216 0.000418 0.014610 0.984582 0.000174
3 3 0.000085 0.000158 0.009025 0.990667 0.000064
3 3 0.000399 0.000423 0.063493 0.935630 0.000055
3 3 0.000021 0.000103 0.005858 0.993956 0.000062
3 3 0.000126 0.000173 0.010091 0.989548 0.000062
3 3 0.000161 0.000088 0.008770 0.990960 0.000021
3 3 0.000002 0.000003 0.001338 0.998655 0.000001
3 3 0.000009 0.000016 0.002840 0.997128 0.000006
3 3 0.000009 0.000012 0.002615 0.997361 0.000004
3 3 0.000017 0.000085 0.005304 0.994542 0.000051
3 3 0.000001 0.000008 0.001540 0.998445 0.000005
3 3 0.000115 0.000041 0.006534 0.993302 0.000008
3 3 0.000020 0.000084 0.005697 0.994156 0.000043
3 3 0.000006 0.000075 0.011449 0.988439 0.000031
3 3 0.000017 0.000030 0.003930 0.996011 0.000012
3 3 0.000017 0.000013 0.003232 0.996735 0.000003
3 3 0.000001 0.000001 0.001077 0.998920 0.000000
3 3 0.000000 0.000005 0.003335 0.996657 0.000002
3 3 0.000002 0.000020 0.002069 0.997891 0.000018
3 3 0.000026 0.000223 0.007680 0.991900 0.000171
3 3 0.000781 0.004340 0.037436 0.954513 0.002929
3 3 0.004139 0.003322 0.049689 0.941852 0.000997
3 3 0.000001 0.000039 0.002443 0.997468 0.000048
3 3 0.000104 0.000192 0.009960 0.989666 0.000077
3 3 0.000012 0.000064 0.004512 0.995373 0.000040
3 3 0.000029 0.000291 0.008472 0.990967 0.000241
3 3 0.000001 0.000002 0.000876 0.999120 0.000001
3 3 0.000001 0.000003 0.002438 0.997558 0.000001
3 3 0.000001 0.000004 0.001160 0.998833 0.000002
3 3 0.000006 0.000016 0.002555 0.997417 0.000007
3 3 0.000059 0.000094 0.007191 0.992619 0.000035
3 3 0.000013 0.000082 0.004958 0.994893 0.000054
3 3 0.000004 0.000001 0.001206 0.998788 0.000000
3 3 0.000004 0.000007 0.001869 0.998117 0.000003
3 3 0.000004 0.000014 0.002234 0.997741 0.000007
3 3 0.000002 0.000010 0.001868 0.998113 0.000006
3 3 0.000002 0.000021 0.002311 0.997650 0.000015
3 3 0.000017 0.000051 0.004566 0.995342 0.000024
3 3 0.000128 0.000053 0.007190 0.992618 0.000011
3 3 0.001582 0.003927 0.042385 0.950213 0.001892
3 3 0.000002 0.000031 0.002438 0.997499 0.000030
3 3 0.000013 0.000047 0.004206 0.995710 0.000024
3 3 0.000005 0.000007 0.002331 0.997654 0.000003
3 3 0.000028 0.000064 0.005431 0.994450 0.000028
3 3 0.000001 0.000002 0.000863 0.999134 0.000001
3 3 0.003277 0.001439 0.037398 0.957554 0.000331
3 3 0.001674 0.000057 0.015812 0.982453 0.000003
3 3 0.000172 0.000119 0.017350 0.982342 0.000017
3 3 0.000096 0.001905 0.337952 0.659781 0.000266
2 3 0.000877 0.009484 0.744461 0.244430 0.000748
2 3 0.003128 0.032775 0.562023 0.390457 0.011617
2 2 0.003539 0.028231 0.575533 0.388303 0.004394
3 2 0.006680 0.016029 0.465739 0.506407 0.005145
2 2 0.002247 0.015324 0.979453 0.002327 0.000648
2 2 0.001098 0.118119 0.745684 0.102818 0.032281
2 2 0.004061 0.111213 0.538110 0.229817 0.116798
4 1 0.015378 0.186839 0.190009 0.010810 0.596964
4 1 0.019052 0.216510 0.326530 0.006693 0.431215
2 1 0.004725 0.111483 0.739347 0.063331 0.081115
2 1 0.005846 0.106280 0.686786 0.050031 0.151058
4 1 0.033896 0.207147 0.148796 0.003132 0.607028
2 1 0.000780 0.092471 0.856995 0.008477 0.041277
4 1 0.014104 0.145147 0.155218 0.012669 0.672862
4 1 0.024748 0.250992 0.191328 0.018787 0.514144
2 1 0.003106 0.072897 0.899695 0.014828 0.009474
2 1 0.000548 0.131395 0.815895 0.009253 0.042908
2 1 0.011175 0.328555 0.480972 0.015927 0.163370
4 1 0.027871 0.352145 0.234299 0.014727 0.370959
2 1 0.002687 0.111952 0.810172 0.009171 0.066018
2 1 0.009923 0.394301 0.572948 0.000553 0.022276
4 1 0.035964 0.239324 0.257246 0.002474 0.464993
4 1 0.010704 0.127141 0.147368 0.003594 0.711193
4 1 0.009404 0.178684 0.269283 0.024550 0.518079
4 4 0.004756 0.011691 0.043843 0.013764 0.925945
0 4 0.704993 0.129014 0.135026 0.000758 0.030209
4 4 0.041183 0.256831 0.235230 0.000358 0.466397
4 4 0.040860 0.046935 0.027092 0.001854 0.883258
4 4 0.042040 0.052846 0.138824 0.057766 0.708524
4 4 0.019650 0.010741 0.029026 0.002141 0.938443
4 4 0.031137 0.024754 0.039690 0.003893 0.900526
4 4 0.024920 0.026017 0.008047 0.000182 0.940833
4 4 0.005314 0.019663 0.025473 0.004987 0.944562
4 4 0.252268 0.037040 0.052475 0.002176 0.656041
4 4 0.098870 0.035888 0.032948 0.001408 0.830886
4 4 0.008024 0.007477 0.003437 0.000048 0.981015
4 4 0.013081 0.012325 0.004673 0.000074 0.969847
4 4 0.051194 0.088284 0.026924 0.001986 0.831611
4 4 0.245383 0.258941 0.102421 0.013997 0.379258
4 4 0.003034 0.013283 0.024072 0.005786 0.953825
4 4 0.005492 0.019437 0.023007 0.002525 0.949539
4 4 0.058508 0.020521 0.011052 0.000179 0.909740
4 4 0.029174 0.027752 0.007575 0.000148 0.935350
4 4 0.197983 0.221907 0.095458 0.000352 0.484299
4 4 0.016731 0.128994 0.373466 0.001489 0.479320
4 4 0.015441 0.060396 0.038139 0.000546 0.885478
4 4 0.024570 0.021635 0.006050 0.000097 0.947648
0 4 0.438491 0.245580 0.248079 0.001399 0.066452
2 4 0.209505 0.249837 0.463848 0.002339 0.074472
0 4 0.608740 0.090132 0.123791 0.009813 0.167524
4 4 0.109129 0.327757 0.225366 0.003918 0.333829
4 4 0.073750 0.233638 0.084672 0.001605 0.606335
4 4 0.032342 0.113346 0.075802 0.002092 0.776418
2 4 0.005595 0.129133 0.831448 0.004415 0.029409
2 1 0.011732 0.185301 0.561828 0.061513 0.179627
2 1 0.009817 0.150357 0.676462 0.009118 0.154245
4 1 0.008932 0.226569 0.280640 0.001141 0.482718
2 1 0.129786 0.232716 0.343617 0.041354 0.252527
2 1 0.005241 0.087319 0.862545 0.004192 0.040704
2 1 0.000742 0.147388 0.764971 0.042396 0.044503
2 1 0.003323 0.121576 0.774484 0.065620 0.034998
2 1 0.000910 0.142692 0.645177 0.000775 0.210445
4 1 0.009983 0.214597 0.244261 0.000955 0.530204
2 1 0.007707 0.266874 0.408670 0.011856 0.304893
2 1 0.041004 0.432652 0.450249 0.006091 0.070004
2 1 0.002135 0.211877 0.725171 0.017752 0.043065
2 1 0.005410 0.349734 0.565477 0.006545 0.072835
2 1 0.001758 0.372218 0.577114 0.000046 0.048864
2 1 0.001182 0.135645 0.845260 0.001451 0.016462
2 1 0.000486 0.023224 0.940811 0.033505 0.001974
2 1 0.000150 0.013965 0.967424 0.017519 0.000942
2 1 0.001058 0.263773 0.697285 0.001913 0.035970
2 1 0.000136 0.042415 0.920519 0.029697 0.007233
2 1 0.011710 0.155842 0.819997 0.004365 0.008085
2 1 0.000240 0.058845 0.904256 0.026328 0.010331
1 1 0.035597 0.554335 0.230543 0.000045 0.179479
0 1 0.399347 0.333408 0.121132 0.000457 0.145656
1 1 0.045565 0.626167 0.274988 0.000885 0.052396
1 1 0.057325 0.349635 0.289802 0.030149 0.273089
2 1 0.012082 0.269671 0.393483 0.009773 0.314991
4 1 0.018000 0.181443 0.160276 0.007765 0.632515
2 1 0.011101 0.325158 0.354371 0.000853 0.308517
2 1 0.002140 0.116255 0.826446 0.000703 0.054455
2 1 0.000518 0.083843 0.879890 0.000258 0.035491
2 1 0.012982 0.133815 0.842372 0.000194 0.010637
2 1 0.004833 0.093349 0.877282 0.001355 0.023181
2 1 0.000869 0.078826 0.889795 0.002979 0.027531
2 1 0.001541 0.012621 0.984025 0.000372 0.001441
2 1 0.003281 0.085561 0.902945 0.001108 0.007105
2 1 0.006429 0.213378 0.766844 0.000008 0.013341
2 1 0.015663 0.309802 0.648944 0.000269 0.025322
2 2 0.004763 0.023801 0.959194 0.002742 0.009499
2 2 0.000469 0.030858 0.964792 0.002219 0.001662
2 2 0.001102 0.066945 0.914877 0.010817 0.006258
2 2 0.001523 0.063996 0.889280 0.002849 0.042352
2 2 0.000701 0.089219 0.882450 0.003149 0.024482
2 2 0.003346 0.061778 0.930355 0.000238 0.004283
2 2 0.000231 0.058470 0.909480 0.004531 0.027287
2 2 0.002314 0.072414 0.872867 0.000329 0.052077
2 2 0.003379 0.014181 0.965045 0.016296 0.001100
2 2 0.100998 0.099689 0.756290 0.004437 0.038586
2 2 0.001972 0.124002 0.741932 0.003738 0.128357
2 2 0.001434 0.056011 0.832592 0.095862 0.014102
2 2 0.000103 0.017092 0.981407 0.000128 0.001269
2 2 0.000702 0.006730 0.978438 0.010660 0.003471
2 2 0.000388 0.026997 0.948362 0.021923 0.002329
2 2 0.001883 0.069815 0.922423 0.001097 0.004782
2 2 0.000209 0.038656 0.855938 0.096730 0.008466
2 2 0.001192 0.068741 0.918350 0.002463 0.009255
2 2 0.000003 0.002056 0.980853 0.016978 0.000110
2 2 0.000069 0.012002 0.833502 0.152442 0.001985
2 2 0.000065 0.003236 0.768295 0.228118 0.000286
2 2 0.000296 0.038574 0.951574 0.006977 0.002579
4 2 0.050209 0.249125 0.146625 0.001339 0.552702
2 2 0.023983 0.194968 0.760889 0.000785 0.019375
2 2 0.225144 0.092877 0.677157 0.001662 0.003161
0 2 0.538564 0.151991 0.263805 0.001101 0.044539
2 2 0.000030 0.000963 0.914517 0.084471 0.000018
2 2 0.000143 0.022292 0.896393 0.077805 0.003366
2 2 0.001103 0.011116 0.889318 0.097928 0.000535
2 2 0.000679 0.061274 0.910916 0.021830 0.005301
2 2 0.018747 0.121031 0.857226 0.000145 0.002851
2 2 0.015885 0.393227 0.564233 0.001367 0.025288
2 2 0.006294 0.031683 0.836976 0.120222 0.004826
2 2 0.000944 0.117663 0.741671 0.100867 0.038854
1 2 0.033357 0.438452 0.363378 0.000046 0.164767
2 2 0.138838 0.295024 0.529801 0.006033 0.030303
0 2 0.408247 0.239792 0.190436 0.111384 0.050140
1 0 0.345904 0.378558 0.139936 0.004358 0.131243
1 1 0.126372 0.403156 0.364402 0.005446 0.100623
2 1 0.089342 0.153612 0.498051 0.022709 0.236286
2 1 0.112683 0.372644 0.474142 0.006747 0.033784
2 1 0.008205 0.203582 0.698517 0.019423 0.070274
2 1 0.011374 0.158610 0.754349 0.007827 0.067841
2 1 0.133283 0.165083 0.602016 0.000228 0.099390
4 1 0.217691 0.136076 0.014539 0.000091 0.631604
0 1 0.508617 0.135976 0.183081 0.004411 0.167915
2 1 0.004602 0.270503 0.690720 0.000840 0.033335
1 1 0.039479 0.496285 0.342695 0.000304 0.121237
2 1 0.008483 0.314975 0.527537 0.026826 0.122180
2 1 0.000793 0.119642 0.842045 0.005182 0.032338
2 1 0.010813 0.384855 0.552016 0.003375 0.048941
2 1 0.002903 0.112171 0.879789 0.000967 0.004171
2 1 0.004319 0.134849 0.768647 0.064751 0.027434
2 2 0.002850 0.088542 0.846450 0.029306 0.032851
1 2 0.222315 0.423156 0.291475 0.003063 0.059991
1 2 0.041105 0.639764 0.199607 0.002879 0.116645
0 1 0.720380 0.139361 0.113279 0.000130 0.026850
0 1 0.591907 0.237225 0.147825 0.000237 0.022807
2 1 0.016055 0.220702 0.713323 0.005176 0.044744
2 1 0.014173 0.295525 0.535574 0.000781 0.153947
4 1 0.040841 0.378062 0.183101 0.000118 0.397878
1 1 0.184318 0.352467 0.161951 0.000018 0.301247
0 1 0.370722 0.312836 0.068135 0.000006 0.248301
1 1 0.229776 0.543436 0.147074 0.000015 0.079699
1 1 0.020303 0.468106 0.251705 0.000243 0.259643
1 1 0.029492 0.463765 0.417266 0.000331 0.089146
4 1 0.028648 0.216969 0.110800 0.000687 0.642896
4 1 0.143042 0.190398 0.194291 0.008699 0.463570
2 1 0.114597 0.205143 0.645268 0.005847 0.029144
2 1 0.027190 0.220008 0.650697 0.013229 0.088876
1 1 0.077885 0.401872 0.208572 0.010388 0.301283
4 1 0.053442 0.310985 0.213753 0.012161 0.409659
1 1 0.033801 0.520150 0.381219 0.003109 0.061721
1 1 0.020297 0.545248 0.270369 0.000432 0.163654
2 1 0.154215 0.297671 0.352260 0.012380 0.183474
4 1 0.105219 0.249772 0.145044 0.023714 0.476252
2 1 0.024589 0.182289 0.629898 0.109704 0.053521
2 1 0.037724 0.293979 0.463259 0.031143 0.173894
1 1 0.184439 0.436420 0.054973 0.003088 0.321080
4 1 0.110849 0.232058 0.156647 0.016769 0.483677
4 1 0.028145 0.123669 0.060493 0.000835 0.786857
4 1 0.041454 0.305232 0.169596 0.053204 0.430514
2 1 0.005105 0.119358 0.724363 0.001770 0.149403
2 1 0.003605 0.193447 0.461728 0.004739 0.336482
2 1 0.022909 0.168147 0.768413 0.000488 0.040044
2 1 0.039722 0.317869 0.395484 0.000160 0.246766
4 4 0.002950 0.055135 0.189842 0.000731 0.751342
4 4 0.019954 0.083468 0.050375 0.001215 0.844987
4 4 0.006010 0.035098 0.035680 0.000166 0.923047
4 4 0.116751 0.061360 0.005118 0.000011 0.816760
0 4 0.533048 0.059191 0.010932 0.000024 0.396804
0 4 0.715710 0.011282 0.009906 0.000011 0.263092
4 4 0.026765 0.015899 0.003219 0.000019 0.954099
4 4 0.002927 0.003543 0.002894 0.000054 0.990583
0 4 0.830872 0.011128 0.023250 0.000240 0.134509
0 4 0.567592 0.017791 0.012751 0.000044 0.401823
0 4 0.600073 0.076350 0.009422 0.000015 0.314139
4 4 0.312402 0.203255 0.009430 0.000021 0.474892
4 4 0.364892 0.138171 0.061397 0.002823 0.432716
4 4 0.407839 0.047669 0.021412 0.000172 0.522908
4 4 0.019940 0.067491 0.038947 0.001327 0.872295
4 4 0.017499 0.089254 0.057132 0.000702 0.835413
4 4 0.187586 0.074615 0.092873 0.006373 0.638554
4 4 0.021029 0.020515 0.055219 0.009421 0.893815
4 4 0.013248 0.003839 0.000651 0.000001 0.982261
4 4 0.000779 0.002185 0.005200 0.000380 0.991457
4 4 0.001282 0.001143 0.000946 0.000003 0.996626
4 4 0.009768 0.003801 0.000923 0.000002 0.985505
4 4 0.005630 0.020135 0.024937 0.004623 0.944676
4 4 0.029973 0.048852 0.018376 0.001057 0.901742
4 4 0.040069 0.065526 0.251504 0.099277 0.543623
4 4 0.017298 0.023788 0.028659 0.002649 0.927606
4 4 0.019853 0.015124 0.003963 0.000030 0.961029
4 4 0.058966 0.036068 0.013613 0.000329 0.891024
4 4 0.299150 0.272673 0.108682 0.006708 0.312787
1 4 0.212240 0.365214 0.162271 0.000432 0.259844
1 4 0.229238 0.403681 0.328953 0.000189 0.037939
1 4 0.020789 0.337823 0.319739 0.000651 0.320999
2 4 0.139360 0.220838 0.428584 0.004444 0.206773
2 4 0.019985 0.151049 0.418376 0.000208 0.410382
4 4 0.378297 0.071688 0.047002 0.001335 0.501678
4 4 0.020148 0.329547 0.278683 0.004444 0.367178
2 4 0.089872 0.351517 0.459571 0.001853 0.097188
1 4 0.155444 0.395451 0.308333 0.001689 0.139084
2 4 0.324115 0.170780 0.336593 0.065296 0.103216
2 4 0.096164 0.142870 0.635005 0.007396 0.118565
2 4 0.001824 0.183768 0.626033 0.001935 0.186440
2 4 0.003979 0.278844 0.484903 0.000489 0.231785
2 4 0.005559 0.277803 0.587651 0.015936 0.113053
2 1 0.007015 0.284599 0.389310 0.001132 0.317945
2 1 0.009442 0.220198 0.727821 0.000763 0.041776
2 1 0.020119 0.203530 0.754363 0.001022 0.020966
2 1 0.005510 0.176618 0.601841 0.017111 0.198920
2 1 0.013346 0.146768 0.776688 0.006302 0.056896
2 1 0.009416 0.166481 0.780423 0.004231 0.039449
2 1 0.012902 0.283078 0.671369 0.000263 0.032387
4 1 0.040619 0.159573 0.068861 0.002859 0.728087
2 1 0.036240 0.303050 0.473177 0.014300 0.173234
2 1 0.001811 0.041089 0.945504 0.004247 0.007349
2 2 0.000319 0.083844 0.847503 0.020012 0.048322
2 2 0.068076 0.304317 0.463689 0.002479 0.161439
2 2 0.001231 0.050200 0.906914 0.031219 0.010435
2 2 0.000218 0.047843 0.903584 0.013014 0.035341
2 2 0.001079 0.149030 0.776766 0.016058 0.057067
2 2 0.003694 0.162701 0.820532 0.000595 0.012478
2 2 0.002501 0.100482 0.843762 0.000725 0.052529
2 2 0.005693 0.233190 0.672948 0.000847 0.087322
2 2 0.000128 0.091936 0.875506 0.012905 0.019525
2 2 0.002946 0.019132 0.962181 0.010411 0.005330
2 2 0.000032 0.002383 0.979421 0.017233 0.000931
2 2 0.000424 0.085413 0.815874 0.021968 0.076321
2 2 0.000285 0.065463 0.919088 0.003715 0.011449
2 2 0.005597 0.132661 0.720439 0.012304 0.128999
2 2 0.000555 0.031470 0.942721 0.020997 0.004257
2 2 0.000018 0.012077 0.985357 0.000479 0.002069
2 2 0.000031 0.007696 0.986929 0.003298 0.002046
2 2 0.000010 0.005866 0.981279 0.012008 0.000837
2 2 0.000019 0.030613 0.934241 0.002157 0.032970
2 2 0.000335 0.031015 0.880380 0.079922 0.008348
2 2 0.000695 0.029484 0.935366 0.016881 0.017574
2 2 0.003211 0.129379 0.838790 0.006192 0.022428
2 2 0.000085 0.012144 0.966208 0.020544 0.001018
2 2 0.000652 0.052890 0.877079 0.019768 0.049611
2 2 0.002075 0.036822 0.943663 0.002783 0.014656
2 2 0.000534 0.019438 0.975718 0.003659 0.000651
2 2 0.000400 0.046948 0.886597 0.057940 0.008114
2 2 0.000055 0.011842 0.726408 0.257255 0.004439
2 2 0.000294 0.018233 0.757851 0.219127 0.004495
2 2 0.000012 0.002919 0.562996 0.432941 0.001132
2 2 0.000040 0.008472 0.670947 0.318527 0.002015
3 2 0.000109 0.002609 0.258762 0.738017 0.000502
2 3 0.000083 0.002935 0.534615 0.462001 0.000366
2 3 0.000035 0.003179 0.562155 0.434134 0.000498
2 3 0.000008 0.003151 0.840889 0.155554 0.000398
3 3 0.000105 0.006703 0.220064 0.770286 0.002841
3 3 0.001048 0.012995 0.408189 0.568917 0.008852
3 3 0.000016 0.001243 0.216558 0.781879 0.000304
3 3 0.000039 0.001225 0.171854 0.826602 0.000280
2 3 0.030826 0.286224 0.590429 0.054588 0.037934
2 3 0.001571 0.010017 0.781264 0.205237 0.001911
3 3 0.000039 0.005641 0.422721 0.569307 0.002292
3 3 0.000089 0.031870 0.424451 0.522262 0.021328
2 2 0.000039 0.003473 0.992966 0.003457 0.000065
2 2 0.000056 0.001018 0.824003 0.174890 0.000033
2 2 0.000220 0.013770 0.940110 0.045032 0.000868
2 2 0.000037 0.010010 0.956605 0.032593 0.000755
2 2 0.000118 0.006950 0.621049 0.370737 0.001146
3 2 0.000014 0.000868 0.437214 0.561808 0.000096
3 2 0.000007 0.000743 0.434316 0.564843 0.000092
3 2 0.000001 0.000047 0.039078 0.960864 0.000011
2 3 0.001063 0.007531 0.558033 0.420527 0.012846
2 3 0.009632 0.045853 0.749034 0.175409 0.020072
2 3 0.000096 0.005212 0.752404 0.241809 0.000479
2 3 0.000048 0.002410 0.727983 0.269352 0.000207
2 3 0.000112 0.018710 0.733920 0.242709 0.004548
2 3 0.000049 0.009467 0.616793 0.371286 0.002405
3 3 0.001580 0.002238 0.175127 0.820797 0.000258
3 3 0.000056 0.000508 0.070835 0.928457 0.000144
3 3 0.000145 0.007507 0.285577 0.704123 0.002649
3 3 0.000013 0.000122 0.020840 0.978986 0.000039
3 3 0.000162 0.009726 0.166254 0.818121 0.005739
3 3 0.000145 0.001808 0.142164 0.855454 0.000429
2 3 0.000838 0.009876 0.813021 0.175422 0.000843
2 3 0.000692 0.010919 0.763145 0.224310 0.000933
3 3 0.000059 0.000959 0.150792 0.848004 0.000186
3 3 0.000048 0.000290 0.112529 0.887098 0.000035
3 3 0.000088 0.000510 0.019822 0.979227 0.000352
3 3 0.000004 0.000068 0.016824 0.983082 0.000022
3 3 0.000425 0.003386 0.131889 0.863354 0.000945
3 3 0.000029 0.000134 0.047672 0.952144 0.000021
3 3 0.000001 0.000016 0.003569 0.996404 0.000010
3 3 0.000000 0.000033 0.014366 0.985585 0.000015
3 3 0.000005 0.000178 0.066580 0.933197 0.000040
3 3 0.000013 0.000050 0.023471 0.976458 0.000008
