0 0 0.875659 0.032158 0.017546 0.004183 0.070454
0 0 0.926439 0.024453 0.013373 0.006004 0.029732
0 0 0.937910 0.021899 0.011987 0.006807 0.021398
0 0 0.879062 0.031760 0.017331 0.004264 0.067584
0 1 0.925425 0.031265 0.016315 0.004795 0.022200
0 1 0.863605 0.033474 0.018257 0.003925 0.080739
0 4 0.756648 0.155247 0.064154 0.000757 0.023195
0 4 0.884205 0.061007 0.029026 0.002389 0.023373
0 4 0.779292 0.131734 0.054945 0.002965 0.031064
0 4 0.787261 0.129053 0.055303 0.000965 0.027417
0 4 0.786074 0.133120 0.056393 0.000936 0.023476
0 4 0.809952 0.115328 0.049964 0.001130 0.023626
0 1 0.307124 0.293590 0.294524 0.001049 0.103713
1 1 0.372990 0.422968 0.153752 0.002600 0.047689
2 2 0.191009 0.220624 0.538709 0.005980 0.043679
2 2 0.021649 0.125818 0.822711 0.026264 0.003557
2 2 0.003434 0.040139 0.927378 0.018791 0.010258
2 2 0.150453 0.162809 0.663047 0.012980 0.010710
2 2 0.023682 0.227028 0.723838 0.020559 0.004894
2 2 0.006768 0.040437 0.796994 0.153352 0.002448
2 2 0.034905 0.396268 0.537841 0.001818 0.029169
2 2 0.005910 0.061953 0.921636 0.007666 0.002836
2 3 0.000335 0.036119 0.703840 0.223220 0.036486
2 3 0.001352 0.140341 0.554694 0.085717 0.217896
2 3 0.078003 0.228267 0.572375 0.062105 0.059250
2 3 0.020647 0.065394 0.749246 0.122851 0.041863
2 3 0.008741 0.185136 0.532652 0.180350 0.093121
4 2 0.017072 0.238546 0.338247 0.003137 0.402999
0 2 0.294698 0.258401 0.242931 0.001003 0.202967
4 2 0.090891 0.218721 0.149551 0.002699 0.538138
4 1 0.064719 0.292789 0.100898 0.001952 0.539641
4 1 0.060754 0.373879 0.136754 0.019628 0.408985
4 1 0.075176 0.227940 0.077438 0.001749 0.617697
4 1 0.055628 0.054572 0.021225 0.002964 0.865611
4 1 0.085998 0.212812 0.079712 0.000183 0.621294
4 1 0.011381 0.055534 0.036303 0.000108 0.896674
4 1 0.010884 0.116086 0.079538 0.000780 0.792712
4 1 0.016074 0.123831 0.206351 0.002189 0.651555
1 1 0.036783 0.417093 0.130491 0.000369 0.415263
1 1 0.095291 0.339883 0.236409 0.000218 0.328199
1 1 0.003111 0.386243 0.325899 0.000811 0.283936
2 1 0.004374 0.151609 0.799111 0.003252 0.041654
2 2 0.026356 0.394187 0.489289 0.006622 0.083546
2 2 0.024253 0.233094 0.703681 0.009554 0.029418
2 2 0.110360 0.247400 0.428849 0.002468 0.210922
2 2 0.045571 0.364423 0.441291 0.028756 0.119958
2 2 0.168499 0.258641 0.262674 0.170755 0.139431
2 2 0.011645 0.217388 0.494069 0.200443 0.076455
2 3 0.000523 0.032929 0.919695 0.032261 0.014591
2 3 0.000643 0.020650 0.896284 0.079550 0.002873
3 3 0.000815 0.008425 0.237008 0.744157 0.009595
3 3 0.004001 0.007724 0.061355 0.922573 0.004346
3 3 0.001591 0.009677 0.388088 0.595179 0.005465
3 3 0.000008 0.000349 0.188244 0.811377 0.000023
3 3 0.001033 0.013046 0.261378 0.722792 0.001750
3 3 0.000989 0.009124 0.179569 0.799437 0.010880
3 3 0.000080 0.001206 0.181413 0.816653 0.000648
3 3 0.000002 0.000058 0.035129 0.964803 0.000008
3 3 0.021197 0.015220 0.309500 0.639435 0.014648
3 3 0.017077 0.018923 0.176630 0.770368 0.017003
3 3 0.003387 0.014711 0.340334 0.636987 0.004580
3 3 0.000647 0.002953 0.279717 0.716453 0.000230
3 3 0.000033 0.000222 0.034440 0.965054 0.000252
3 3 0.000002 0.000025 0.004514 0.995455 0.000004
3 3 0.000023 0.000240 0.030375 0.969325 0.000037
3 3 0.003893 0.006506 0.043145 0.940830 0.005626
3 3 0.000547 0.000896 0.048138 0.949960 0.000458
3 3 0.000001 0.000014 0.007762 0.992221 0.000002
3 3 0.000297 0.001168 0.025116 0.973074 0.000345
3 3 0.000001 0.000021 0.002441 0.997532 0.000005
3 3 0.000000 0.000005 0.001121 0.998871 0.000002
3 3 0.000000 0.000022 0.010974 0.988992 0.000011
3 3 0.000000 0.000002 0.001549 0.998448 0.000001
3 3 0.000000 0.000000 0.002264 0.997735 0.000000
3 3 0.000001 0.000018 0.001650 0.998324 0.000007
3 3 0.000001 0.000012 0.004512 0.995471 0.000004
3 3 0.000006 0.000054 0.002610 0.997290 0.000039
3 3 0.000001 0.000012 0.002202 0.997781 0.000004
3 3 0.000002 0.000038 0.005123 0.994822 0.000016
3 3 0.000002 0.000027 0.002855 0.997101 0.000015
3 3 0.000006 0.000074 0.002234 0.997655 0.000031
3 3 0.000002 0.000018 0.003550 0.996422 0.000007
3 3 0.000000 0.000012 0.000964 0.999018 0.000005
3 3 0.000001 0.000015 0.005584 0.994396 0.000004
3 3 0.000000 0.000004 0.000497 0.999496 0.000002
3 3 0.000005 0.000038 0.003547 0.996382 0.000028
3 3 0.000002 0.000022 0.003092 0.996878 0.000006
3 3 0.000000 0.000009 0.001002 0.998983 0.000005
3 3 0.000026 0.000198 0.002485 0.997137 0.000154
3 3 0.000000 0.000002 0.000248 0.999749 0.000001
3 3 0.000904 0.001208 0.026263 0.970830 0.000795
3 3 0.000012 0.000069 0.008573 0.991325 0.000022
3 3 0.000015 0.000176 0.000782 0.998730 0.000297
3 3 0.000000 0.000005 0.000744 0.999246 0.000005
3 3 0.007059 0.006880 0.076543 0.901966 0.007553
3 3 0.000000 0.000002 0.001184 0.998812 0.000001
3 3 0.000016 0.000104 0.003934 0.995875 0.000070
3 3 0.000005 0.000078 0.001458 0.998426 0.000033
3 3 0.000182 0.000459 0.013802 0.985295 0.000262
3 3 0.000017 0.000088 0.006872 0.992975 0.000048
3 3 0.000780 0.001822 0.005587 0.988947 0.002864
3 3 0.000334 0.000804 0.006129 0.991357 0.001376
3 3 0.000000 0.000007 0.000665 0.999325 0.000003
3 3 0.000015 0.000159 0.001515 0.998190 0.000122
3 3 0.000382 0.001116 0.006004 0.991364 0.001135
3 3 0.002583 0.003351 0.014149 0.975815 0.004102
3 3 0.000001 0.000026 0.000658 0.999292 0.000023
3 3 0.000015 0.000142 0.002235 0.997522 0.000086
3 3 0.000031 0.000133 0.012063 0.987729 0.000044
3 3 0.006461 0.005946 0.025634 0.956662 0.005298
3 3 0.030929 0.039896 0.040441 0.865716 0.023019
3 3 0.001691 0.003345 0.026415 0.965316 0.003233
3 3 0.197394 0.076341 0.170382 0.359576 0.196308
3 3 0.007618 0.006200 0.112370 0.871507 0.002305
3 3 0.002147 0.003594 0.216884 0.776812 0.000563
3 3 0.000244 0.001333 0.138416 0.859832 0.000175
3 3 0.001512 0.002690 0.073622 0.920056 0.002121
3 3 0.017904 0.012445 0.055246 0.909550 0.004856
3 3 0.012095 0.022249 0.121880 0.836819 0.006957
3 3 0.037558 0.033200 0.177443 0.739638 0.012161
3 3 0.038673 0.031497 0.090823 0.808756 0.030252
3 3 0.013840 0.010254 0.160232 0.805860 0.009815
3 3 0.000436 0.002832 0.299872 0.695191 0.001669
2 3 0.018017 0.016861 0.513902 0.448390 0.002830
3 3 0.151217 0.044196 0.349159 0.412383 0.043044
3 3 0.000072 0.000342 0.040733 0.958712 0.000140
3 3 0.015726 0.044290 0.346445 0.586235 0.007303
3 3 0.000946 0.004165 0.312402 0.681696 0.000790
3 3 0.000095 0.000727 0.062285 0.936558 0.000336
3 3 0.000008 0.000085 0.023404 0.976489 0.000014
3 3 0.000243 0.001018 0.020699 0.977667 0.000373
3 3 0.000011 0.001350 0.028655 0.969693 0.000290
3 3 0.000267 0.001076 0.047111 0.951271 0.000275
3 3 0.000037 0.000332 0.012332 0.987238 0.000061
3 3 0.000427 0.005931 0.108848 0.863253 0.021539
3 3 0.002957 0.007292 0.185121 0.795980 0.008650
3 3 0.004395 0.004094 0.043404 0.946028 0.002079
3 3 0.000540 0.002363 0.104347 0.892111 0.000639
3 3 0.000185 0.002284 0.075876 0.921370 0.000285
3 3 0.001378 0.011002 0.051886 0.934690 0.001044
3 3 0.001012 0.003432 0.066990 0.926159 0.002407
3 3 0.001001 0.017519 0.366126 0.603639 0.011714
3 3 0.001483 0.010327 0.224417 0.762594 0.001180
2 3 0.011257 0.090821 0.606902 0.268325 0.022695
3 3 0.005957 0.004768 0.043701 0.942747 0.002827
3 3 0.001893 0.004064 0.025863 0.965156 0.003025
2 3 0.016650 0.027464 0.538623 0.413383 0.003880
3 3 0.009602 0.015989 0.217721 0.754163 0.002525
3 3 0.003974 0.008882 0.084764 0.898610 0.003770
3 3 0.000465 0.004555 0.145866 0.848656 0.000457
3 3 0.017922 0.043500 0.303066 0.624045 0.011466
3 3 0.011962 0.020431 0.306992 0.651515 0.009099
3 3 0.001975 0.014327 0.115024 0.866860 0.001814
2 3 0.002696 0.047610 0.483010 0.463924 0.002760
3 3 0.124670 0.083674 0.211923 0.522081 0.057652
3 3 0.076452 0.045759 0.162668 0.679112 0.036008
3 3 0.004121 0.019711 0.160814 0.804415 0.010939
3 3 0.001244 0.014199 0.136522 0.831276 0.016759
3 3 0.007972 0.006622 0.261363 0.720889 0.003154
3 3 0.003639 0.011384 0.225704 0.751444 0.007830
3 3 0.002923 0.019584 0.245529 0.716100 0.015865
3 3 0.002211 0.016903 0.433432 0.546362 0.001092
3 3 0.003311 0.004789 0.042654 0.947290 0.001956
3 3 0.016059 0.026956 0.051092 0.894819 0.011075
2 3 0.006483 0.037731 0.542284 0.405395 0.008107
2 3 0.031218 0.092663 0.534120 0.335447 0.006552
2 3 0.004278 0.120003 0.810952 0.056983 0.007785
2 3 0.196097 0.164170 0.433145 0.171955 0.034633
2 3 0.096168 0.071591 0.460681 0.326069 0.045491
3 3 0.009989 0.014949 0.093749 0.867242 0.014070
2 3 0.006435 0.058692 0.820912 0.110364 0.003597
2 3 0.078161 0.117081 0.477639 0.285131 0.041988
1 3 0.037513 0.543457 0.310542 0.011117 0.097371
1 3 0.015014 0.560563 0.322879 0.008088 0.093455
1 2 0.077156 0.465422 0.327852 0.000210 0.129360
2 2 0.101646 0.388384 0.426415 0.001871 0.081685
2 2 0.105980 0.350676 0.523258 0.006592 0.013493
2 2 0.089813 0.413678 0.463855 0.007707 0.024947
2 2 0.004170 0.145270 0.822125 0.007649 0.020785
1 2 0.284490 0.482949 0.156278 0.000413 0.075870
2 2 0.023922 0.368537 0.521214 0.054304 0.032022
2 2 0.004305 0.092621 0.891080 0.007808 0.004186
1 2 0.155550 0.590138 0.201792 0.004066 0.048454
1 2 0.215878 0.568654 0.162900 0.001982 0.050586
1 2 0.074851 0.576924 0.290289 0.000252 0.057684
0 2 0.474027 0.325012 0.170515 0.003535 0.026911
1 2 0.120988 0.460566 0.138902 0.000930 0.278614
1 2 0.098572 0.481906 0.331544 0.001199 0.086779
1 2 0.062276 0.427656 0.140372 0.005381 0.364315
4 2 0.096516 0.316944 0.116899 0.003977 0.465665
2 2 0.032802 0.312882 0.619044 0.018552 0.016719
2 2 0.027740 0.235280 0.689593 0.023867 0.023519
1 2 0.066827 0.450333 0.429205 0.015472 0.038163
1 2 0.035567 0.569743 0.182541 0.001073 0.211076
1 2 0.002080 0.467813 0.417030 0.002237 0.110840
3 2 0.001738 0.029368 0.096688 0.849106 0.023100
2 2 0.011681 0.401434 0.477474 0.007704 0.101707
1 2 0.058683 0.443584 0.227296 0.008589 0.261848
3 2 0.019405 0.162888 0.344190 0.402117 0.071399
2 2 0.039922 0.349611 0.528251 0.019904 0.062312
1 2 0.072634 0.534085 0.143989 0.001567 0.247726
1 2 0.123255 0.479082 0.181339 0.000508 0.215815
1 2 0.128823 0.469436 0.242357 0.011354 0.148030
1 2 0.063798 0.368140 0.238742 0.017806 0.311514
2 2 0.000681 0.023324 0.580453 0.374715 0.020827
2 2 0.007118 0.112861 0.799497 0.040612 0.039912
2 3 0.108194 0.228724 0.499894 0.010338 0.152851
2 3 0.003197 0.082973 0.842405 0.024908 0.046518
2 3 0.011879 0.270071 0.648948 0.000804 0.068298
1 3 0.016139 0.327487 0.325693 0.029313 0.301368
1 2 0.014656 0.590882 0.362489 0.003566 0.028407
1 2 0.005419 0.399937 0.385651 0.021667 0.187327
2 2 0.001626 0.157648 0.768535 0.066186 0.006004
2 2 0.000966 0.037167 0.664298 0.293246 0.004323
2 3 0.026768 0.090664 0.539358 0.123176 0.220034
2 3 0.055182 0.172171 0.709759 0.025944 0.036944
0 3 0.452307 0.279718 0.107839 0.000602 0.159534
0 1 0.497758 0.220894 0.102027 0.000292 0.179030
1 1 0.192742 0.416230 0.146755 0.000035 0.244238
0 1 0.547988 0.286379 0.110024 0.000244 0.055365
1 1 0.163428 0.509314 0.153082 0.001220 0.172956
1 1 0.040837 0.594294 0.149435 0.000422 0.215013
1 1 0.136660 0.466209 0.253224 0.002282 0.141626
4 2 0.070467 0.260167 0.177636 0.007531 0.484199
1 2 0.040871 0.585191 0.151669 0.000148 0.222121
1 2 0.102880 0.414422 0.125781 0.000908 0.356010
1 2 0.133808 0.475632 0.348185 0.002551 0.039823
1 2 0.176254 0.533337 0.243968 0.000154 0.046287
1 2 0.184127 0.500047 0.154680 0.000729 0.160417
1 2 0.294517 0.336749 0.205422 0.001039 0.162273
4 2 0.082344 0.391581 0.114779 0.001985 0.409311
4 2 0.297537 0.278321 0.114433 0.000362 0.309348
4 2 0.036310 0.193915 0.058196 0.002032 0.709547
4 2 0.065659 0.176515 0.090675 0.007295 0.659856
1 2 0.066927 0.468446 0.338202 0.002300 0.124126
1 2 0.142334 0.451294 0.223735 0.001008 0.181629
2 2 0.015982 0.250314 0.544945 0.025277 0.163482
1 2 0.012687 0.410481 0.245215 0.039114 0.292503
2 2 0.016614 0.284261 0.590070 0.079644 0.029411
2 2 0.000618 0.038909 0.556701 0.402453 0.001319
3 3 0.002758 0.070662 0.240005 0.635609 0.050966
3 3 0.006507 0.042342 0.332056 0.592183 0.026911
3 3 0.000303 0.010674 0.288221 0.699229 0.001574
3 3 0.000187 0.002753 0.269912 0.726844 0.000303
2 3 0.009085 0.201779 0.633500 0.075319 0.080317
2 3 0.001739 0.035323 0.638221 0.287760 0.036957
2 3 0.051660 0.090325 0.482700 0.366703 0.008612
1 3 0.129266 0.438012 0.257970 0.000843 0.173909
1 3 0.115610 0.427443 0.181058 0.001140 0.274749
1 2 0.342456 0.346208 0.151571 0.000103 0.159662
1 2 0.062077 0.612941 0.152402 0.003464 0.169115
1 2 0.064942 0.452752 0.127017 0.000952 0.354338
1 2 0.068745 0.439212 0.131702 0.000114 0.360226
4 2 0.096889 0.270851 0.094062 0.000095 0.538103
2 2 0.029881 0.127056 0.503845 0.294586 0.044632
2 2 0.011610 0.054027 0.599891 0.326852 0.007619
2 3 0.000189 0.007892 0.598947 0.391524 0.001448
3 3 0.004828 0.013941 0.452672 0.525093 0.003466
2 3 0.000624 0.024231 0.729564 0.232100 0.013480
2 3 0.003896 0.028120 0.715032 0.252088 0.000864
2 3 0.001591 0.054414 0.846469 0.095782 0.001744
2 3 0.000997 0.003344 0.834815 0.160699 0.000144
2 3 0.003353 0.043071 0.678119 0.268910 0.006546
3 3 0.000065 0.001717 0.096195 0.901678 0.000345
2 3 0.023827 0.049512 0.851829 0.067984 0.006849
2 3 0.000601 0.004851 0.723761 0.270634 0.000152
3 3 0.009552 0.061522 0.452300 0.454842 0.021784
2 3 0.324616 0.284665 0.351689 0.020347 0.018683
0 2 0.528257 0.168060 0.113497 0.001755 0.188431
0 2 0.528302 0.205777 0.096143 0.000348 0.169429
0 2 0.590221 0.212388 0.084680 0.001972 0.110739
0 2 0.493881 0.281547 0.143791 0.001374 0.079407
2 2 0.048942 0.350599 0.562092 0.004604 0.033764
1 2 0.129948 0.335727 0.293072 0.001276 0.239977
2 2 0.012652 0.357195 0.490529 0.006379 0.133246
1 2 0.054238 0.395331 0.335962 0.001659 0.212810
2 3 0.000274 0.052945 0.476429 0.455487 0.014866
2 3 0.013747 0.071784 0.536024 0.276146 0.102300
4 3 0.001337 0.240673 0.362848 0.022595 0.372547
4 2 0.000373 0.166055 0.189463 0.002503 0.641605
2 2 0.000933 0.179214 0.445811 0.009238 0.364804
2 2 0.000598 0.136016 0.488672 0.040519 0.334196
4 2 0.032148 0.180337 0.184225 0.000627 0.602663
4 4 0.006249 0.031226 0.031608 0.000825 0.930091
4 4 0.005187 0.168499 0.133537 0.024161 0.668615
4 4 0.038534 0.210619 0.094831 0.000704 0.655312
4 4 0.001140 0.115692 0.168596 0.008037 0.706535
4 4 0.005435 0.124100 0.198318 0.017509 0.654638
4 4 0.006337 0.081315 0.022543 0.001231 0.888575
4 4 0.024913 0.121493 0.038124 0.001077 0.814393
4 4 0.007256 0.035040 0.011692 0.000366 0.945646
4 4 0.007012 0.016383 0.007476 0.000631 0.968499
4 4 0.018211 0.191033 0.055675 0.000175 0.734906
4 4 0.004212 0.246766 0.057513 0.000075 0.691433
4 2 0.007848 0.326199 0.086603 0.001177 0.578172
4 2 0.155215 0.314248 0.104148 0.002055 0.424334
1 2 0.024228 0.405665 0.379085 0.032957 0.158065
2 2 0.009708 0.273760 0.558756 0.105949 0.051828
1 2 0.042036 0.342194 0.274400 0.025914 0.315456
4 2 0.004028 0.049194 0.119435 0.311866 0.515477
2 3 0.009704 0.273889 0.308873 0.132382 0.275152
2 3 0.026087 0.308199 0.387883 0.047264 0.230567
2 3 0.006330 0.131193 0.694061 0.152773 0.015643
2 3 0.002935 0.049689 0.725329 0.215977 0.006071
1 3 0.298005 0.454984 0.142054 0.005331 0.099625
0 2 0.610010 0.233059 0.088540 0.003386 0.065005
4 1 0.386726 0.138091 0.062366 0.000230 0.412586
0 1 0.528162 0.174693 0.076338 0.000338 0.220469
0 4 0.654958 0.211992 0.081678 0.003014 0.048359
0 4 0.596521 0.203953 0.081126 0.003190 0.115210
1 4 0.034980 0.621722 0.149466 0.000668 0.193163
1 4 0.084739 0.680799 0.173237 0.000593 0.060632
4 2 0.018213 0.177284 0.182149 0.016649 0.605705
4 2 0.031986 0.207440 0.136189 0.005162 0.619223
3 3 0.000208 0.003575 0.018000 0.976122 0.002094
3 3 0.000000 0.000053 0.010432 0.989512 0.000003
2 2 0.018682 0.122830 0.687610 0.134234 0.036643
2 2 0.010784 0.304461 0.646089 0.007832 0.030834
1 2 0.149779 0.414627 0.327862 0.000675 0.107057
1 2 0.113065 0.406041 0.264065 0.000026 0.216804
1 1 0.239872 0.485907 0.154604 0.000698 0.118919
1 1 0.163149 0.562031 0.162393 0.001385 0.111041
1 1 0.105133 0.384279 0.267697 0.004347 0.238544
2 1 0.019859 0.290129 0.576942 0.032185 0.080885
1 1 0.021377 0.444232 0.357402 0.014443 0.162546
2 1 0.038371 0.177348 0.577925 0.025678 0.180679
1 2 0.030375 0.491082 0.169660 0.011054 0.297829
2 2 0.002228 0.179157 0.548658 0.135998 0.133959
2 3 0.002724 0.330561 0.536841 0.024273 0.105601
2 3 0.030054 0.407491 0.457633 0.013353 0.091469
2 3 0.004844 0.121388 0.769578 0.009617 0.094573
2 3 0.001870 0.192653 0.425908 0.035808 0.343761
2 3 0.013325 0.075804 0.561975 0.200043 0.148853
2 3 0.041005 0.122471 0.415623 0.024894 0.396007
1 3 0.100773 0.444532 0.423581 0.006649 0.024465
0 2 0.374282 0.319896 0.180406 0.000229 0.125187
1 2 0.192334 0.443485 0.147846 0.000173 0.216162
0 2 0.511088 0.128225 0.059106 0.000420 0.301161
0 2 0.482095 0.131022 0.058226 0.001333 0.327324
0 2 0.470703 0.195226 0.106973 0.005678 0.221420
0 2 0.811248 0.101591 0.063966 0.002401 0.020794
1 2 0.363049 0.392554 0.180158 0.000665 0.063575
0 2 0.631453 0.241169 0.093907 0.000358 0.033114
0 0 0.471781 0.330980 0.124710 0.000153 0.072376
0 0 0.396848 0.208269 0.087956 0.000166 0.306761
0 0 0.860644 0.078076 0.035856 0.001811 0.023613
0 0 0.911873 0.041088 0.020657 0.003633 0.022748
0 0 0.937910 0.021899 0.011987 0.006807 0.021398
0 0 0.902734 0.031845 0.017068 0.004483 0.043869
0 0 0.929768 0.028067 0.014861 0.005338 0.021966
0 0 0.829373 0.062359 0.031043 0.002061 0.075164
0 0 0.770042 0.129561 0.056541 0.000920 0.042936
0 0 0.475039 0.126742 0.058455 0.000369 0.339394
0 1 0.452947 0.105386 0.049953 0.000398 0.391316
1 1 0.039815 0.389714 0.292653 0.000628 0.277191
2 1 0.021661 0.158733 0.451413 0.027116 0.341077
1 1 0.028526 0.410625 0.171076 0.001419 0.388355
2 1 0.007863 0.237131 0.455586 0.011682 0.287739
2 1 0.003572 0.345130 0.611653 0.009047 0.030598
2 1 0.004083 0.177499 0.799125 0.002813 0.016480
0 2 0.380748 0.229070 0.099144 0.000664 0.290373
1 2 0.057360 0.435052 0.138940 0.000225 0.368424
0 2 0.434269 0.132091 0.073330 0.001016 0.359294
4 4 0.241837 0.086171 0.037587 0.003016 0.631389
1 4 0.029138 0.466073 0.312856 0.000995 0.190938
2 2 0.011144 0.269138 0.662125 0.001919 0.055674
2 2 0.021444 0.215213 0.569795 0.141590 0.051958
2 3 0.055005 0.167799 0.515938 0.181597 0.079661
1 3 0.063317 0.368657 0.305153 0.042821 0.220052
2 3 0.143274 0.304563 0.316349 0.001927 0.233886
2 3 0.011279 0.041197 0.667895 0.275612 0.004017
2 3 0.000741 0.014931 0.757451 0.225852 0.001024
2 3 0.000656 0.009309 0.862097 0.127758 0.000180
2 3 0.000446 0.007604 0.644320 0.347386 0.000243
2 3 0.000510 0.007005 0.738514 0.253782 0.000190
2 3 0.004809 0.061374 0.903276 0.029535 0.001006
1 3 0.050690 0.655606 0.175775 0.000202 0.117726
1 3 0.050208 0.678569 0.186116 0.000699 0.084408
1 2 0.088663 0.438013 0.154681 0.002737 0.315905
1 2 0.278727 0.435672 0.165708 0.000544 0.119349
2 2 0.072618 0.339115 0.553780 0.000856 0.033631
2 2 0.012235 0.221176 0.667185 0.000913 0.098491
1 2 0.082292 0.478082 0.371861 0.009269 0.058496
1 2 0.320181 0.426958 0.200444 0.003057 0.049359
0 2 0.368873 0.349487 0.125562 0.000763 0.155316
0 2 0.603303 0.189464 0.080754 0.000406 0.126073
1 2 0.059449 0.469097 0.146804 0.005039 0.319610
1 2 0.330345 0.367604 0.135570 0.000121 0.166360
0 2 0.381467 0.353685 0.119986 0.006744 0.138118
0 2 0.530131 0.215099 0.088828 0.000521 0.165422
4 2 0.284860 0.287780 0.113049 0.000066 0.314246
2 2 0.008387 0.059376 0.883032 0.004463 0.044742
1 2 0.041639 0.396448 0.233213 0.002773 0.325927
4 2 0.072219 0.224292 0.280394 0.010417 0.412678
2 2 0.016626 0.412515 0.474845 0.009824 0.086191
2 2 0.019915 0.377424 0.577909 0.008497 0.016255
2 2 0.041529 0.317537 0.394537 0.006588 0.239809
2 2 0.015016 0.224512 0.390351 0.055353 0.314768
2 2 0.010797 0.074630 0.717876 0.117177 0.079519
2 2 0.039622 0.163963 0.715979 0.031272 0.049165
0 2 0.513885 0.251758 0.153005 0.015497 0.065855
0 2 0.378517 0.353397 0.132541 0.004254 0.131292
2 2 0.014205 0.385637 0.552035 0.024302 0.023821
2 2 0.026773 0.381815 0.493401 0.017207 0.080803
1 2 0.050733 0.521482 0.327430 0.011808 0.088548
2 2 0.141751 0.374008 0.411067 0.003125 0.070048
1 2 0.012371 0.767708 0.206586 0.000399 0.012936
1 2 0.342870 0.353299 0.202874 0.000170 0.100787
1 1 0.174292 0.448699 0.151150 0.000067 0.225792
4 1 0.085725 0.181701 0.068573 0.000132 0.663869
4 1 0.206823 0.301416 0.101045 0.006797 0.383919
1 1 0.035362 0.525466 0.134567 0.000381 0.304224
1 1 0.084309 0.519346 0.158147 0.001911 0.236287
1 1 0.135947 0.516644 0.151730 0.001268 0.194410
0 4 0.539187 0.056859 0.066095 0.005556 0.332304
0 4 0.536953 0.150466 0.131222 0.002204 0.179156
2 4 0.014396 0.251489 0.581911 0.015124 0.137081
2 2 0.007409 0.108505 0.568787 0.069062 0.246238
3 3 0.005631 0.020513 0.187665 0.780997 0.005193
3 3 0.000904 0.015610 0.095646 0.880591 0.007249
2 3 0.070542 0.195349 0.694797 0.027959 0.011352
2 3 0.033676 0.107526 0.722538 0.126094 0.010166
2 3 0.078525 0.252349 0.628418 0.033053 0.007655
1 3 0.373766 0.389265 0.206643 0.004312 0.026014
0 3 0.436998 0.346867 0.166288 0.011344 0.038503
1 3 0.283650 0.430123 0.221558 0.023442 0.041227
0 2 0.407380 0.328351 0.132377 0.000133 0.131758
0 2 0.573361 0.245569 0.098621 0.000291 0.082158
2 2 0.003478 0.296366 0.631459 0.046664 0.022033
2 2 0.008631 0.180923 0.785087 0.001458 0.023901
2 2 0.036267 0.184153 0.597398 0.081731 0.100451
2 3 0.088472 0.145853 0.377167 0.324986 0.063522
2 3 0.002128 0.020456 0.952461 0.006120 0.018835
2 3 0.001055 0.009970 0.896308 0.090904 0.001762
2 3 0.001674 0.012660 0.729394 0.254436 0.001837
2 3 0.002417 0.026567 0.818390 0.146789 0.005838
2 3 0.000343 0.002270 0.829765 0.167553 0.000069
3 3 0.000522 0.005101 0.392692 0.601424 0.000262
3 3 0.001019 0.025096 0.263411 0.705922 0.004551
2 3 0.002874 0.017159 0.816608 0.161575 0.001784
3 3 0.003446 0.011259 0.287485 0.696440 0.001371
3 3 0.000169 0.002261 0.229000 0.768074 0.000496
3 3 0.015717 0.021442 0.159971 0.779358 0.023512
3 3 0.000013 0.000151 0.025497 0.974246 0.000093
3 3 0.000177 0.001034 0.058195 0.939594 0.001001
3 3 0.000160 0.001418 0.080570 0.917653 0.000199
3 3 0.007117 0.020296 0.240638 0.728262 0.003687
3 3 0.000700 0.002057 0.229107 0.765952 0.002183
3 3 0.000001 0.000028 0.013514 0.986453 0.000004
3 3 0.000005 0.000034 0.010847 0.989107 0.000007
3 3 0.000037 0.000399 0.075119 0.924391 0.000054
3 3 0.000001 0.000023 0.013761 0.986206 0.000010
3 3 0.000000 0.000004 0.001318 0.998677 0.000001
3 3 0.000228 0.000822 0.006399 0.992025 0.000526
3 3 0.000123 0.000554 0.007195 0.991867 0.000262
3 3 0.000037 0.000302 0.021831 0.977794 0.000036
3 3 0.000293 0.000964 0.006490 0.991548 0.000704
3 3 0.000033 0.000156 0.006535 0.993180 0.000096
3 3 0.000061 0.000438 0.002729 0.996186 0.000586
3 3 0.000381 0.001032 0.010109 0.987881 0.000598
3 3 0.000053 0.000247 0.008299 0.991225 0.000176
3 3 0.000004 0.000024 0.016662 0.983301 0.000009
3 3 0.000000 0.000000 0.000477 0.999523 0.000000
3 3 0.000000 0.000000 0.000151 0.999848 0.000000
3 3 0.000000 0.000013 0.002834 0.997145 0.000007
3 3 0.001004 0.001628 0.011599 0.983678 0.002091
3 3 0.000406 0.001247 0.009295 0.988479 0.000573
3 3 0.000012 0.000082 0.003263 0.996574 0.000069
3 3 0.000002 0.000026 0.002584 0.997378 0.000010
3 3 0.000165 0.000494 0.007385 0.991490 0.000465
3 3 0.000722 0.001339 0.074249 0.922009 0.001682
3 3 0.000231 0.000607 0.007621 0.990858 0.000683
3 3 0.000004 0.000047 0.003028 0.996893 0.000027
3 3 0.000000 0.000011 0.001287 0.998697 0.000005
3 3 0.000011 0.000124 0.008687 0.990997 0.000181
3 3 0.000031 0.000135 0.007193 0.992553 0.000088
3 3 0.000082 0.000570 0.001906 0.996900 0.000542
3 3 0.000001 0.000015 0.001014 0.998963 0.000007
3 3 0.000308 0.000716 0.010504 0.987842 0.000630
3 3 0.000000 0.000000 0.000630 0.999370 0.000000
3 3 0.000000 0.000005 0.000676 0.999317 0.000002
3 3 0.000007 0.000079 0.002010 0.997853 0.000052
3 3 0.000060 0.000366 0.002429 0.996761 0.000384
3 3 0.000000 0.000010 0.000556 0.999424 0.000010
3 3 0.000000 0.000002 0.001025 0.998972 0.000001
3 3 0.000000 0.000013 0.000485 0.999492 0.000009
3 3 0.000001 0.000017 0.001978 0.997998 0.000006
3 3 0.000319 0.000815 0.009110 0.989073 0.000683
3 3 0.000017 0.000159 0.004120 0.995614 0.000091
3 3 0.000067 0.000316 0.008852 0.990531 0.000234
3 3 0.000022 0.000141 0.003240 0.996470 0.000126
3 3 0.000163 0.000494 0.006773 0.992059 0.000512
3 3 0.000003 0.000018 0.007525 0.992446 0.000008
3 3 0.000000 0.000000 0.000662 0.999338 0.000000
3 3 0.000042 0.000278 0.002266 0.997115 0.000299
3 3 0.000267 0.001287 0.002536 0.994510 0.001401
3 3 0.000702 0.001547 0.010585 0.986009 0.001156
3 3 0.000057 0.000243 0.006075 0.993447 0.000178
3 3 0.000057 0.000282 0.005246 0.994242 0.000173
3 3 0.000032 0.000115 0.010340 0.989443 0.000070
3 3 0.000000 0.000008 0.000357 0.999632 0.000003
3 3 0.000002 0.000030 0.001220 0.998713 0.000035
3 3 0.000000 0.000007 0.002030 0.997959 0.000003
3 3 0.001931 0.003150 0.011603 0.980163 0.003153
3 3 0.000126 0.000610 0.003135 0.995502 0.000627
3 3 0.000002 0.000027 0.003015 0.996945 0.000010
3 3 0.000005 0.000054 0.001640 0.998248 0.000053
3 3 0.000052 0.000343 0.003549 0.995665 0.000390
3 3 0.000476 0.000867 0.024938 0.973376 0.000343
3 3 0.000359 0.000789 0.013365 0.984955 0.000532
3 3 0.000001 0.000026 0.001008 0.998952 0.000012
3 3 0.000095 0.000553 0.003074 0.995875 0.000402
3 3 0.000000 0.000005 0.000500 0.999492 0.000002
3 3 0.000004 0.000037 0.002464 0.997461 0.000034
3 3 0.000010 0.000076 0.003661 0.996204 0.000048
3 3 0.000043 0.000218 0.007681 0.991978 0.000079
3 3 0.003095 0.003493 0.024349 0.966476 0.002587
3 3 0.000044 0.000205 0.004959 0.994618 0.000174
3 3 0.000008 0.000060 0.003010 0.996861 0.000061
3 3 0.000002 0.000041 0.000670 0.999247 0.000041
3 3 0.000011 0.000057 0.006107 0.993786 0.000039
3 3 0.000026 0.000161 0.004720 0.995008 0.000085
3 3 0.000015 0.000118 0.002879 0.996901 0.000086
3 3 0.005619 0.004096 0.033933 0.951700 0.004652
3 3 0.001944 0.003366 0.017614 0.973559 0.003517
3 3 0.000001 0.000010 0.002345 0.997640 0.000004
3 3 0.000000 0.000009 0.000551 0.999430 0.000009
3 3 0.000092 0.000296 0.007296 0.992030 0.000286
3 3 0.000213 0.000819 0.005373 0.993008 0.000586
3 3 0.000004 0.000068 0.000573 0.999275 0.000081
3 3 0.000001 0.000012 0.001647 0.998330 0.000010
3 3 0.000002 0.000038 0.000834 0.999106 0.000021
3 3 0.002298 0.002954 0.017296 0.974576 0.002877
3 3 0.000324 0.001065 0.005187 0.992382 0.001043
3 3 0.001520 0.002161 0.017098 0.977314 0.001907
3 3 0.000025 0.000193 0.003440 0.996256 0.000086
3 3 0.000003 0.000065 0.000806 0.999080 0.000045
3 3 0.000002 0.000029 0.003765 0.996195 0.000008
3 3 0.014966 0.017095 0.072988 0.872091 0.022860
3 3 0.000069 0.000440 0.012923 0.986379 0.000189
3 3 0.000004 0.000047 0.024015 0.975929 0.000005
3 3 0.000041 0.000242 0.042851 0.956828 0.000038
3 3 0.000047 0.000282 0.015451 0.984147 0.000074
3 3 0.000000 0.000008 0.010379 0.989612 0.000001
3 3 0.014241 0.012805 0.029713 0.936096 0.007145
3 3 0.000634 0.001696 0.029502 0.966055 0.002113
3 3 0.000571 0.001751 0.088266 0.909114 0.000299
3 3 0.000048 0.000326 0.015655 0.983805 0.000166
3 3 0.000031 0.000287 0.013248 0.986245 0.000190
3 3 0.000001 0.000018 0.001821 0.998151 0.000008
3 3 0.000541 0.001638 0.188573 0.809105 0.000143
3 3 0.000000 0.000008 0.047533 0.952458 0.000001
3 3 0.000441 0.001621 0.025665 0.971488 0.000785
3 3 0.064843 0.039635 0.095990 0.773060 0.026472
3 3 0.042549 0.049380 0.332675 0.536856 0.038540
3 3 0.000849 0.001250 0.024470 0.972704 0.000727
3 3 0.008282 0.169785 0.292818 0.340135 0.188979
3 1 0.001061 0.023219 0.304509 0.558014 0.113197
4 1 0.001731 0.139989 0.179646 0.096402 0.582232
2 1 0.013113 0.139698 0.412189 0.040626 0.394374
2 1 0.011674 0.074341 0.422564 0.227934 0.263487
3 1 0.000752 0.030842 0.278807 0.632490 0.057109
2 1 0.070318 0.161815 0.342134 0.087846 0.337888
2 1 0.046604 0.220169 0.605625 0.031037 0.096564
4 1 0.086741 0.178627 0.170524 0.023438 0.540670
4 1 0.003569 0.106587 0.250909 0.021144 0.617792
4 4 0.022079 0.139117 0.077131 0.000732 0.760941
4 4 0.031921 0.105015 0.125491 0.003282 0.734291
4 4 0.045625 0.176858 0.054914 0.003355 0.719247
4 4 0.121144 0.084571 0.052670 0.030479 0.711135
4 4 0.054477 0.173880 0.264307 0.002341 0.504995
4 4 0.027700 0.191385 0.296222 0.039002 0.445691
4 4 0.026867 0.263837 0.330821 0.003369 0.375107
2 4 0.195936 0.299281 0.324686 0.006159 0.173939
4 4 0.035456 0.061429 0.026982 0.018591 0.857542
4 4 0.007367 0.030806 0.020722 0.002087 0.939019
4 4 0.008921 0.058875 0.062030 0.029445 0.840729
4 4 0.022624 0.069416 0.164487 0.119677 0.623796
4 4 0.014028 0.029857 0.019615 0.001216 0.935283
4 4 0.069152 0.052012 0.021756 0.000714 0.856365
4 4 0.032637 0.166876 0.131120 0.009493 0.659873
4 4 0.083714 0.166758 0.316801 0.010131 0.422596
1 4 0.080177 0.398390 0.234456 0.004191 0.282787
1 4 0.098800 0.347744 0.214857 0.000959 0.337640
4 4 0.004324 0.065256 0.138939 0.076728 0.714753
1 4 0.012979 0.297990 0.228301 0.164194 0.296537
3 2 0.001184 0.040910 0.339228 0.592987 0.025690
3 2 0.002997 0.067019 0.398960 0.458504 0.072519
2 2 0.008036 0.184933 0.692223 0.015120 0.099687
2 2 0.070233 0.201807 0.585028 0.047862 0.095070
1 2 0.094501 0.409566 0.158268 0.008459 0.329207
4 2 0.133198 0.325733 0.104527 0.002671 0.433871
4 2 0.109094 0.271755 0.085256 0.009783 0.524112
1 4 0.051656 0.259321 0.198001 0.248887 0.242136
1 2 0.073810 0.413984 0.365304 0.015788 0.131114
1 2 0.274006 0.350201 0.147827 0.005008 0.222959
2 2 0.003978 0.301019 0.422684 0.133075 0.139244
2 2 0.008701 0.430421 0.515619 0.010965 0.034294
1 2 0.042052 0.461866 0.125544 0.001163 0.369374
0 2 0.513035 0.285997 0.142625 0.000534 0.057809
1 2 0.109755 0.487778 0.334895 0.011788 0.055782
2 2 0.053880 0.147468 0.490656 0.261076 0.046921
2 2 0.012279 0.181237 0.355566 0.316847 0.134070
3 2 0.002465 0.053405 0.252979 0.666726 0.024425
2 2 0.025510 0.145851 0.710512 0.070021 0.048106
1 2 0.041020 0.503977 0.275925 0.018789 0.160289
0 2 0.680369 0.121919 0.065804 0.001506 0.130403
0 2 0.400625 0.251804 0.135369 0.002599 0.209604
2 2 0.139621 0.388984 0.418433 0.006147 0.046815
1 2 0.098460 0.456957 0.280967 0.000944 0.162673
2 2 0.034418 0.111292 0.494753 0.175899 0.183638
2 2 0.048449 0.100332 0.462279 0.312910 0.076030
2 2 0.003797 0.233488 0.530849 0.151488 0.080379
2 2 0.001887 0.100502 0.457457 0.317969 0.122185
2 2 0.001256 0.134974 0.472103 0.380656 0.011011
3 2 0.001561 0.013229 0.276230 0.707901 0.001078
2 2 0.025209 0.179631 0.684147 0.075463 0.035549
2 2 0.009527 0.179108 0.614142 0.066197 0.131025
2 2 0.001715 0.031122 0.927903 0.030619 0.008642
2 2 0.005905 0.077931 0.686768 0.174361 0.055036
2 2 0.003807 0.107477 0.542228 0.303215 0.043273
2 2 0.000986 0.017251 0.552230 0.424460 0.005073
2 2 0.027027 0.225673 0.566564 0.084303 0.096433
2 2 0.010500 0.109084 0.722610 0.082535 0.075270
2 2 0.001153 0.083051 0.620779 0.281476 0.013540
2 2 0.001180 0.037109 0.822956 0.136283 0.002472
2 2 0.001891 0.021836 0.905959 0.069554 0.000760
2 2 0.000734 0.014001 0.856888 0.127070 0.001307
2 2 0.002235 0.065207 0.810578 0.109993 0.011988
2 2 0.003400 0.058702 0.542173 0.338197 0.057527
2 2 0.003361 0.010336 0.579370 0.404733 0.002200
2 2 0.028629 0.097463 0.716008 0.137846 0.020053
2 2 0.012015 0.077448 0.842972 0.041862 0.025704
2 2 0.016988 0.048458 0.908480 0.011048 0.015026
2 2 0.007846 0.053037 0.779507 0.136039 0.023571
2 2 0.006568 0.078806 0.808455 0.064693 0.041478
3 2 0.003814 0.086539 0.288333 0.601274 0.020040
2 2 0.038021 0.093838 0.767221 0.092116 0.008804
2 2 0.028726 0.108099 0.584130 0.189599 0.089446
3 2 0.001881 0.041098 0.337198 0.610471 0.009353
2 2 0.000640 0.033239 0.807835 0.146645 0.011641
2 2 0.000086 0.001576 0.719560 0.278269 0.000509
2 2 0.003524 0.032738 0.619984 0.335151 0.008602
2 2 0.003034 0.045827 0.758643 0.190689 0.001806
2 2 0.000594 0.019834 0.901832 0.068246 0.009493
2 2 0.001838 0.025001 0.698821 0.273463 0.000877
1 2 0.131705 0.291807 0.223681 0.199826 0.152980
1 2 0.033833 0.599186 0.339014 0.006929 0.021038
2 3 0.035678 0.207236 0.597266 0.108568 0.051251
2 3 0.002553 0.045624 0.858020 0.090240 0.003564
2 3 0.015125 0.216936 0.465672 0.277814 0.024453
4 3 0.052019 0.106336 0.263773 0.219252 0.358620
2 3 0.010758 0.149553 0.613955 0.163720 0.062013
2 3 0.000029 0.001534 0.703186 0.295109 0.000141
2 3 0.066391 0.287297 0.570445 0.016038 0.059829
2 3 0.007681 0.143994 0.679489 0.130408 0.038429
2 3 0.000287 0.024155 0.793324 0.179114 0.003120
2 3 0.014445 0.114957 0.855002 0.005804 0.009792
2 3 0.020659 0.058467 0.711725 0.190136 0.019012
3 3 0.006269 0.045316 0.401572 0.526811 0.020031
2 3 0.010673 0.185546 0.778995 0.002412 0.022375
2 3 0.010102 0.069777 0.549950 0.366473 0.003699
1 3 0.193357 0.493559 0.155580 0.030459 0.127046
2 3 0.020873 0.155184 0.804432 0.003803 0.015708
3 3 0.001635 0.026862 0.288520 0.680210 0.002773
2 3 0.000479 0.021815 0.723370 0.254020 0.000317
2 2 0.002810 0.015441 0.595846 0.384957 0.000946
3 2 0.000061 0.001601 0.486193 0.512084 0.000061
2 2 0.017274 0.081698 0.824094 0.073009 0.003926
3 2 0.000613 0.005203 0.133072 0.860643 0.000470
3 2 0.001460 0.013397 0.300821 0.683235 0.001086
3 2 0.000478 0.005625 0.213412 0.780161 0.000324
2 2 0.006395 0.085300 0.794056 0.109228 0.005020
3 2 0.000140 0.002040 0.206078 0.791413 0.000329
2 3 0.000747 0.036064 0.843058 0.119539 0.000592
2 3 0.032837 0.116707 0.746724 0.097792 0.005940
2 3 0.001272 0.014902 0.754653 0.228598 0.000575
2 3 0.003682 0.025980 0.841371 0.128355 0.000611
3 3 0.002795 0.033245 0.308942 0.652812 0.002205
3 3 0.000065 0.002084 0.443806 0.553989 0.000055
2 3 0.021127 0.054503 0.686822 0.222815 0.014733
2 3 0.010893 0.029708 0.726755 0.229056 0.003588
3 3 0.007091 0.013045 0.275364 0.701347 0.003153
2 3 0.009443 0.023196 0.585919 0.366021 0.015420
3 3 0.025755 0.065727 0.183528 0.695125 0.029865
3 3 0.002949 0.020084 0.278112 0.692672 0.006182
3 3 0.003806 0.015861 0.229695 0.747391 0.003247
3 3 0.007765 0.021984 0.253726 0.704619 0.011905
2 3 0.284577 0.163240 0.290899 0.187563 0.073721
3 3 0.001793 0.014068 0.159936 0.822424 0.001778
3 3 0.000127 0.004293 0.416752 0.573678 0.005151
3 3 0.000384 0.004248 0.252557 0.741765 0.001047
2 3 0.020634 0.142515 0.686084 0.126719 0.024048
3 3 0.039861 0.019013 0.265323 0.667650 0.008154
3 3 0.018094 0.055983 0.352200 0.550471 0.023253
2 3 0.095793 0.105776 0.400003 0.334810 0.063618
2 3 0.023553 0.059662 0.560052 0.350039 0.006694
2 3 0.063738 0.148304 0.729445 0.027216 0.031298
2 3 0.104080 0.402971 0.430369 0.026760 0.035819
2 3 0.052469 0.157800 0.470076 0.019317 0.300339
1 2 0.113934 0.451110 0.344992 0.056562 0.033401
4 2 0.176312 0.131622 0.164084 0.032167 0.495815
1 2 0.036722 0.584293 0.210331 0.013813 0.154841
2 2 0.007313 0.245406 0.430121 0.245808 0.071352
3 2 0.036474 0.079696 0.296592 0.564503 0.022735
3 2 0.000306 0.003981 0.207562 0.787743 0.000409
2 3 0.079017 0.204847 0.441955 0.201045 0.073136
2 3 0.006164 0.269458 0.321410 0.126194 0.276774
2 3 0.062603 0.340137 0.434694 0.043943 0.118623
2 3 0.004876 0.153626 0.715421 0.106144 0.019933
2 3 0.038213 0.209036 0.511828 0.169170 0.071753
2 3 0.128933 0.270898 0.324166 0.073458 0.202545
0 3 0.613329 0.171066 0.161405 0.026870 0.027329
0 0 0.522901 0.318063 0.108958 0.006140 0.043938
1 1 0.077573 0.680600 0.170325 0.000940 0.070561
1 1 0.116015 0.647992 0.174413 0.000490 0.061090
1 1 0.053654 0.616832 0.303913 0.002544 0.023057
2 1 0.023631 0.255486 0.654811 0.037656 0.028417
1 1 0.075140 0.459317 0.133582 0.000407 0.331554
1 1 0.091461 0.433060 0.418871 0.001170 0.055439
1 1 0.074162 0.583249 0.212344 0.001961 0.128284
1 1 0.067007 0.450363 0.316265 0.005151 0.161215
1 1 0.030964 0.540040 0.214312 0.000369 0.214316
1 1 0.033667 0.468503 0.319282 0.000594 0.177954
1 1 0.003786 0.467413 0.403537 0.010363 0.114900
2 1 0.002459 0.128256 0.722171 0.031763 0.115352
4 1 0.006659 0.100987 0.157487 0.009417 0.725450
4 2 0.011919 0.120824 0.271782 0.001816 0.593659
4 2 0.004688 0.119316 0.033326 0.001247 0.841422
4 2 0.078489 0.145218 0.053139 0.001190 0.721964
4 4 0.018240 0.157338 0.045496 0.000912 0.778015
4 4 0.011340 0.211397 0.197803 0.031334 0.548127
4 4 0.014318 0.069974 0.026206 0.001487 0.888015
4 4 0.041329 0.372680 0.136664 0.009179 0.440148
0 4 0.899142 0.029124 0.015904 0.004824 0.051007
0 4 0.921388 0.027325 0.014745 0.005368 0.031174
4 4 0.310689 0.109435 0.048728 0.000841 0.530308
0 4 0.477750 0.123948 0.066756 0.000497 0.331049
1 4 0.025722 0.410992 0.336519 0.039082 0.187685
4 4 0.224001 0.293931 0.117868 0.005502 0.358698
2 4 0.238369 0.273418 0.465198 0.003881 0.019134
2 4 0.173855 0.287817 0.456924 0.000648 0.080757
4 4 0.133403 0.187111 0.085497 0.005767 0.588223
0 4 0.478157 0.116105 0.062903 0.000609 0.342226
4 4 0.011503 0.236369 0.119397 0.003213 0.629517
4 4 0.003754 0.153866 0.150465 0.000281 0.691635
4 4 0.006427 0.070006 0.107404 0.012444 0.803719
4 4 0.005371 0.041810 0.068756 0.139106 0.744955
4 4 0.169984 0.089587 0.039474 0.000277 0.700678
4 4 0.194350 0.152021 0.060681 0.000770 0.592177
4 4 0.020818 0.291580 0.108138 0.000383 0.579081
4 4 0.037975 0.189113 0.163178 0.000291 0.609444
4 4 0.072897 0.087686 0.036202 0.000721 0.802494
4 4 0.291486 0.093908 0.056232 0.014549 0.543824
4 4 0.172642 0.136802 0.056051 0.000314 0.634192
4 4 0.322980 0.105219 0.046223 0.002226 0.523353
4 4 0.186600 0.034788 0.017957 0.000384 0.760270
4 4 0.055386 0.025782 0.011900 0.000391 0.906541
4 4 0.402512 0.072859 0.036295 0.000444 0.487889
0 4 0.798327 0.096507 0.044182 0.001920 0.059065
4 4 0.015908 0.054648 0.019379 0.000213 0.909851
4 4 0.023500 0.190307 0.158934 0.011226 0.616033
4 4 0.094973 0.032121 0.015236 0.000570 0.857101
4 4 0.021533 0.035380 0.029811 0.002826 0.910450
4 4 0.007528 0.059453 0.051863 0.003578 0.877578
4 4 0.014777 0.033706 0.064056 0.012688 0.874773
4 4 0.076879 0.109518 0.041505 0.000488 0.771610
4 4 0.153420 0.127152 0.117831 0.030604 0.570992
4 4 0.004780 0.012304 0.004661 0.000187 0.978067
4 4 0.013629 0.014662 0.008469 0.000228 0.963012
0 4 0.492087 0.172850 0.127702 0.007577 0.199783
4 4 0.132792 0.107125 0.041091 0.005993 0.712998
4 4 0.133238 0.072249 0.032813 0.000099 0.761600
4 4 0.052350 0.070197 0.026230 0.002067 0.849156
4 4 0.022182 0.020743 0.008810 0.000307 0.947958
4 4 0.111056 0.239979 0.088915 0.000035 0.560015
4 4 0.287346 0.241814 0.096408 0.000158 0.374274
4 4 0.031926 0.028704 0.012684 0.000057 0.926629
4 4 0.167788 0.078601 0.075978 0.001345 0.676288
4 4 0.026807 0.058231 0.155044 0.004169 0.755750
1 4 0.107451 0.464303 0.200198 0.009256 0.218793
4 4 0.014292 0.026910 0.034731 0.001145 0.922922
4 4 0.018960 0.101260 0.050735 0.001590 0.827455
4 4 0.058906 0.083446 0.028893 0.024940 0.803815
4 4 0.004920 0.271622 0.245128 0.055824 0.422506
4 1 0.011506 0.256202 0.199352 0.049478 0.483462
4 1 0.054987 0.095881 0.316554 0.129119 0.403459
4 1 0.328474 0.093887 0.042580 0.001460 0.533599
1 1 0.147846 0.468363 0.257853 0.001213 0.124725
0 1 0.448971 0.266683 0.107686 0.000170 0.176491
0 1 0.647768 0.136920 0.064702 0.000676 0.149934
0 1 0.422866 0.247082 0.109067 0.000344 0.220641
1 1 0.087116 0.448643 0.375137 0.001783 0.087321
0 1 0.474160 0.220538 0.109112 0.004797 0.191394
1 1 0.122772 0.467173 0.353863 0.000263 0.055929
1 1 0.081275 0.363667 0.335964 0.000479 0.218616
0 1 0.436981 0.286911 0.168982 0.000311 0.106816
1 1 0.150681 0.365676 0.232161 0.001750 0.249732
2 1 0.014898 0.204946 0.455613 0.006105 0.318437
2 1 0.036845 0.250352 0.424596 0.004499 0.283709
4 2 0.018597 0.330082 0.203269 0.005122 0.442930
2 2 0.016186 0.182324 0.508800 0.020873 0.271817
1 2 0.001972 0.340223 0.326957 0.260273 0.070575
2 2 0.010154 0.334991 0.500009 0.045125 0.109721
2 2 0.037083 0.249524 0.406831 0.003060 0.303502
4 2 0.024932 0.241566 0.219002 0.006019 0.508482
2 2 0.007138 0.319750 0.502362 0.011001 0.159749
2 2 0.014149 0.246429 0.620252 0.012197 0.106974
1 2 0.060849 0.422457 0.116138 0.002863 0.397692
4 2 0.055567 0.330670 0.182310 0.002542 0.428911
2 2 0.001749 0.133623 0.730688 0.080362 0.053578
2 2 0.002951 0.135699 0.670311 0.168321 0.022718
2 2 0.075605 0.326302 0.397958 0.002393 0.197742
2 2 0.019172 0.176306 0.549092 0.005149 0.250282
2 2 0.001773 0.168448 0.689935 0.095526 0.044319
2 2 0.001563 0.063353 0.790661 0.077647 0.066777
