1 0 0.041113 0.489502 0.393016 0.000139 0.076230
1 1 0.033584 0.476246 0.348212 0.000014 0.141943
4 1 0.057886 0.392557 0.081088 0.000001 0.468469
2 1 0.007975 0.296025 0.372454 0.000004 0.323542
4 1 0.009283 0.036655 0.011251 0.000003 0.942808
4 1 0.004839 0.145963 0.139607 0.000051 0.709540
4 1 0.008934 0.050585 0.018477 0.000001 0.922002
4 4 0.004684 0.043655 0.008816 0.000004 0.942841
4 4 0.007760 0.036760 0.012765 0.000023 0.942692
1 4 0.273904 0.464189 0.108052 0.000014 0.153843
1 4 0.057070 0.505326 0.174428 0.000004 0.263172
1 4 0.048956 0.479462 0.162252 0.000001 0.309329
4 4 0.184706 0.051403 0.012716 0.000040 0.751133
4 4 0.073839 0.162917 0.095356 0.000270 0.667618
4 4 0.015850 0.254999 0.129438 0.000017 0.599695
4 4 0.037511 0.310881 0.130517 0.000018 0.521074
4 4 0.012017 0.165464 0.068268 0.000031 0.754220
4 4 0.021598 0.125250 0.035912 0.000002 0.817239
4 4 0.033872 0.303440 0.141512 0.000292 0.520882
4 4 0.103176 0.368781 0.112356 0.000059 0.415629
4 4 0.041215 0.149680 0.051246 0.000451 0.757408
4 4 0.020307 0.020213 0.008721 0.000043 0.950716
4 4 0.023543 0.228688 0.064825 0.000005 0.682939
1 4 0.035589 0.479747 0.231478 0.000002 0.253185
4 4 0.028946 0.158552 0.107676 0.000516 0.704310
4 4 0.012488 0.086519 0.035826 0.000072 0.865095
4 4 0.145690 0.229935 0.079913 0.000263 0.544199
1 4 0.094355 0.480808 0.084826 0.000001 0.340009
1 4 0.066447 0.425870 0.103333 0.000010 0.404340
4 4 0.016145 0.326788 0.219506 0.000003 0.437558
4 4 0.025380 0.233520 0.055178 0.000001 0.685922
4 4 0.029944 0.301492 0.101709 0.000015 0.566841
4 4 0.120722 0.310634 0.149869 0.000017 0.418757
1 1 0.132952 0.606229 0.148043 0.000006 0.112769
4 1 0.126406 0.301698 0.183237 0.001196 0.387463
4 1 0.072045 0.099253 0.084482 0.002014 0.742205
4 1 0.021754 0.241931 0.065691 0.000000 0.670623
1 1 0.049032 0.552196 0.222006 0.000000 0.176766
4 1 0.042311 0.339318 0.080466 0.000001 0.537905
2 1 0.012279 0.391022 0.522767 0.000000 0.073932
1 1 0.046693 0.547487 0.348835 0.000008 0.056977
2 1 0.006001 0.253639 0.719450 0.000042 0.020868
1 1 0.032922 0.496646 0.407566 0.000013 0.062853
2 1 0.002306 0.157241 0.823317 0.000085 0.017052
2 1 0.009128 0.315786 0.601828 0.000023 0.073235
2 1 0.000477 0.070447 0.920352 0.000527 0.008196
2 2 0.013447 0.344775 0.605054 0.000154 0.036570
2 2 0.004218 0.215079 0.757923 0.000080 0.022700
2 2 0.004450 0.192229 0.770811 0.006762 0.025747
2 2 0.007105 0.262937 0.713957 0.000046 0.015955
2 2 0.009609 0.319301 0.611267 0.000032 0.059791
2 2 0.001281 0.109922 0.877808 0.000376 0.010613
2 2 0.000553 0.047322 0.949082 0.001103 0.001940
2 2 0.004934 0.070521 0.914159 0.000683 0.009703
2 2 0.000363 0.052162 0.944169 0.000718 0.002588
2 2 0.000832 0.024599 0.973162 0.000791 0.000616
2 2 0.032766 0.429778 0.526243 0.000039 0.011174
2 2 0.001411 0.084513 0.913175 0.000451 0.000450
2 2 0.035317 0.436713 0.506129 0.000214 0.021628
2 2 0.000155 0.032625 0.960615 0.005070 0.001536
2 2 0.000235 0.035103 0.963882 0.000567 0.000215
2 2 0.000034 0.012413 0.987084 0.000410 0.000060
2 2 0.000454 0.047786 0.949700 0.001647 0.000412
2 2 0.002679 0.079304 0.913225 0.002189 0.002602
2 2 0.000157 0.035619 0.962283 0.000265 0.001676
2 2 0.001793 0.094826 0.901615 0.001062 0.000705
2 2 0.000090 0.020758 0.967323 0.011491 0.000337
2 2 0.000077 0.021196 0.946740 0.030712 0.001275
2 2 0.000275 0.021748 0.934220 0.042800 0.000956
2 3 0.001510 0.090950 0.880850 0.023327 0.003363
2 3 0.000584 0.038983 0.529069 0.423348 0.008015
3 3 0.000081 0.002408 0.122502 0.873365 0.001644
2 3 0.000041 0.015562 0.792888 0.187628 0.003881
2 3 0.000009 0.006728 0.944949 0.047716 0.000598
2 3 0.000775 0.006194 0.623758 0.368434 0.000839
3 3 0.002031 0.006027 0.424829 0.565425 0.001689
3 3 0.000001 0.000103 0.223969 0.775918 0.000010
2 3 0.001050 0.006543 0.577233 0.414317 0.000857
3 3 0.000876 0.003090 0.116866 0.876179 0.002989
2 3 0.000821 0.014212 0.579691 0.403039 0.002237
3 3 0.001760 0.005433 0.156119 0.833070 0.003619
3 3 0.000015 0.000084 0.009590 0.990187 0.000124
3 3 0.000148 0.000417 0.021014 0.977796 0.000625
3 3 0.000028 0.000200 0.069034 0.930647 0.000091
3 3 0.000713 0.023280 0.480820 0.489467 0.005720
3 3 0.000731 0.004082 0.121861 0.870462 0.002864
3 3 0.000009 0.000178 0.045782 0.953894 0.000137
3 3 0.000002 0.000029 0.019849 0.980088 0.000031
3 3 0.000007 0.000016 0.004002 0.995933 0.000042
3 3 0.002805 0.006536 0.109217 0.855099 0.026343
2 3 0.000003 0.002571 0.937397 0.059631 0.000398
3 3 0.000030 0.001409 0.433011 0.565365 0.000185
3 3 0.006075 0.005891 0.276028 0.704962 0.007044
2 3 0.000151 0.009666 0.781359 0.208207 0.000618
2 2 0.000349 0.040981 0.943894 0.014051 0.000725
2 2 0.000053 0.004434 0.822229 0.173111 0.000173
3 2 0.000017 0.000513 0.102271 0.896951 0.000247
3 3 0.000001 0.000032 0.045058 0.954896 0.000013
3 3 0.003437 0.012504 0.472765 0.507282 0.004012
2 3 0.000221 0.004227 0.690710 0.304564 0.000278
2 3 0.000363 0.045117 0.915017 0.037244 0.002260
2 3 0.000639 0.022936 0.726700 0.236239 0.013486
3 3 0.000012 0.001149 0.408917 0.589498 0.000424
2 3 0.000001 0.001175 0.612953 0.385788 0.000083
3 3 0.000005 0.000061 0.078375 0.921540 0.000020
3 3 0.000000 0.000066 0.229006 0.770921 0.000007
3 3 0.000022 0.000136 0.024693 0.974976 0.000173
3 3 0.000000 0.000007 0.038266 0.961724 0.000003
3 3 0.000002 0.000009 0.006562 0.993413 0.000015
3 3 0.000002 0.000097 0.140637 0.859244 0.000021
3 3 0.000027 0.000413 0.133564 0.865855 0.000141
3 3 0.000000 0.000027 0.117250 0.882719 0.000004
3 3 0.000035 0.000254 0.060654 0.938857 0.000199
3 3 0.000020 0.001569 0.282169 0.715847 0.000395
2 3 0.000917 0.013853 0.836437 0.147944 0.000849
3 3 0.000013 0.001251 0.384108 0.614431 0.000197
3 3 0.000219 0.000300 0.061042 0.938247 0.000192
3 3 0.020360 0.018585 0.266632 0.677181 0.017241
3 3 0.000033 0.000585 0.073566 0.925310 0.000506
3 3 0.000011 0.001731 0.383542 0.614406 0.000310
3 3 0.000000 0.000000 0.000196 0.999804 0.000000
3 3 0.000000 0.000004 0.013085 0.986911 0.000001
3 3 0.000000 0.000013 0.026983 0.972993 0.000010
3 3 0.000000 0.000008 0.009332 0.990654 0.000006
3 3 0.000007 0.000084 0.022074 0.977779 0.000056
3 3 0.000012 0.000032 0.006383 0.993478 0.000095
3 3 0.000008 0.000084 0.026799 0.972882 0.000227
2 3 0.000028 0.002690 0.503768 0.493285 0.000229
3 3 0.000002 0.000010 0.042156 0.957779 0.000054
3 3 0.000021 0.000018 0.006143 0.993559 0.000260
3 3 0.000064 0.000927 0.198358 0.800192 0.000459
3 3 0.000010 0.000238 0.116505 0.883174 0.000073
3 3 0.000000 0.000004 0.010980 0.989013 0.000002
3 3 0.000001 0.000005 0.003778 0.996205 0.000011
3 3 0.000219 0.000283 0.058602 0.940721 0.000174
3 3 0.000001 0.000021 0.062862 0.937110 0.000006
3 3 0.000001 0.000074 0.061796 0.938100 0.000029
3 3 0.000000 0.000000 0.002728 0.997272 0.000000
3 3 0.000001 0.000010 0.012470 0.987496 0.000022
3 3 0.000002 0.000007 0.005897 0.994084 0.000009
3 3 0.001077 0.000260 0.044579 0.952749 0.001336
3 3 0.000004 0.000006 0.004091 0.995891 0.000009
3 3 0.000000 0.000000 0.000391 0.999607 0.000001
3 3 0.001645 0.000035 0.001999 0.995792 0.000529
3 3 0.000000 0.000000 0.003134 0.996866 0.000000
3 3 0.000000 0.000002 0.003093 0.996903 0.000002
3 3 0.000002 0.000002 0.002844 0.997148 0.000004
3 3 0.000002 0.000004 0.005853 0.994135 0.000006
3 3 0.000004 0.000006 0.002921 0.997037 0.000032
3 3 0.000057 0.000026 0.005616 0.994221 0.000080
3 3 0.000002 0.000429 0.214121 0.785363 0.000085
3 3 0.000137 0.000305 0.069123 0.929300 0.001135
3 3 0.000027 0.000025 0.009882 0.990025 0.000041
3 3 0.000000 0.000001 0.003167 0.996825 0.000007
3 3 0.000000 0.000001 0.001379 0.998617 0.000002
3 3 0.000000 0.000000 0.000598 0.999402 0.000000
3 3 0.000005 0.000160 0.096947 0.902853 0.000035
3 3 0.000032 0.000249 0.019728 0.979704 0.000287
3 3 0.000001 0.000003 0.003370 0.996616 0.000009
3 3 0.000000 0.000000 0.000534 0.999465 0.000000
3 3 0.000000 0.000000 0.000994 0.999006 0.000000
3 3 0.000000 0.000000 0.001229 0.998770 0.000000
3 3 0.000000 0.000001 0.003721 0.996275 0.000003
3 3 0.000004 0.000250 0.193830 0.805670 0.000245
3 3 0.000018 0.000018 0.008427 0.991493 0.000043
3 3 0.000001 0.000001 0.001151 0.998841 0.000006
3 3 0.000000 0.000000 0.000108 0.999892 0.000000
3 3 0.000001 0.000002 0.001309 0.998681 0.000007
3 3 0.000060 0.000013 0.001963 0.997881 0.000084
3 3 0.000004 0.000046 0.039186 0.960639 0.000125
3 3 0.000036 0.000021 0.008979 0.990917 0.000047
3 3 0.000027 0.000013 0.022633 0.977316 0.000010
1 3 0.092538 0.567833 0.273123 0.001140 0.065366
2 3 0.003413 0.023933 0.681531 0.288001 0.003122
3 3 0.006943 0.003892 0.172154 0.815197 0.001814
3 3 0.005900 0.003331 0.075242 0.912387 0.003141
2 3 0.002553 0.010026 0.631912 0.350961 0.004547
2 3 0.000000 0.000114 0.829800 0.170041 0.000045
2 3 0.000867 0.010138 0.621288 0.366781 0.000926
2 3 0.005553 0.022960 0.880780 0.089147 0.001561
2 2 0.004606 0.161773 0.823002 0.006412 0.004208
2 2 0.011813 0.260406 0.719672 0.001952 0.006156
2 2 0.000122 0.025051 0.929977 0.043926 0.000924
2 2 0.000192 0.034042 0.957688 0.007142 0.000936
2 2 0.001466 0.014340 0.863702 0.117045 0.003447
2 2 0.000109 0.009183 0.972892 0.016705 0.001111
2 2 0.000000 0.000502 0.991754 0.007661 0.000082
2 2 0.000005 0.005663 0.992231 0.001711 0.000391
2 2 0.000253 0.055447 0.887446 0.004900 0.051955
2 2 0.000410 0.069123 0.891294 0.002148 0.037025
4 4 0.003930 0.154458 0.245035 0.000765 0.595812
4 4 0.002913 0.170171 0.380575 0.000102 0.446239
4 4 0.017175 0.183692 0.069185 0.000185 0.729763
4 4 0.010312 0.215966 0.117131 0.000002 0.656588
4 4 0.009480 0.171983 0.088123 0.000006 0.730408
4 4 0.018264 0.293720 0.150220 0.000005 0.537792
4 4 0.028484 0.326523 0.114160 0.000003 0.530830
4 4 0.013030 0.200914 0.094174 0.000010 0.691872
4 4 0.005940 0.156022 0.134143 0.000145 0.703750
4 4 0.008161 0.191751 0.158979 0.000249 0.640859
2 4 0.003490 0.211385 0.617390 0.000241 0.167494
4 4 0.004615 0.093489 0.061181 0.000181 0.840535
4 4 0.047376 0.378982 0.119518 0.000041 0.454083
4 4 0.038159 0.382282 0.138777 0.000014 0.440768
4 4 0.028242 0.286966 0.104039 0.000044 0.580709
1 4 0.080060 0.503142 0.116802 0.000002 0.299994
4 4 0.039128 0.301678 0.077139 0.000010 0.582045
4 4 0.021889 0.226060 0.105537 0.000040 0.646474
4 4 0.036883 0.383572 0.179589 0.000267 0.399689
4 1 0.003714 0.202604 0.332925 0.000004 0.460753
2 1 0.000359 0.061385 0.933663 0.000366 0.004228
2 1 0.002433 0.153430 0.779656 0.013425 0.051055
2 1 0.001708 0.139627 0.839343 0.000074 0.019248
1 1 0.025364 0.470351 0.412135 0.000009 0.092141
2 2 0.012269 0.313386 0.626320 0.001246 0.046779
1 2 0.024889 0.443986 0.364484 0.000025 0.166616
1 2 0.050416 0.545134 0.287678 0.000012 0.116759
1 2 0.075778 0.582819 0.250453 0.000025 0.090926
1 2 0.102803 0.539557 0.138173 0.000034 0.219434
1 1 0.043574 0.489245 0.264320 0.000065 0.202796
2 1 0.008757 0.298582 0.655609 0.000071 0.036982
2 1 0.001649 0.130630 0.851929 0.000424 0.015367
2 2 0.003238 0.177841 0.795062 0.000386 0.023473
2 2 0.000138 0.030786 0.968814 0.000012 0.000250
2 2 0.006528 0.252624 0.586823 0.000462 0.153563
2 2 0.000497 0.041525 0.921513 0.034281 0.002183
2 2 0.000090 0.030447 0.964639 0.000169 0.004655
2 2 0.004307 0.111286 0.865115 0.000448 0.018844
2 2 0.024970 0.427918 0.521129 0.000014 0.025970
1 2 0.072899 0.562770 0.242618 0.000048 0.121665
2 2 0.006984 0.271707 0.615115 0.000362 0.105833
2 2 0.006096 0.228123 0.738059 0.000741 0.026981
1 2 0.050386 0.496635 0.433560 0.000147 0.019271
2 2 0.001533 0.114443 0.881712 0.000082 0.002230
2 2 0.002298 0.136614 0.838306 0.007296 0.015486
2 2 0.001087 0.099191 0.887164 0.002161 0.010397
2 2 0.000492 0.060320 0.928845 0.006136 0.004206
2 2 0.030330 0.402763 0.557730 0.000421 0.008754
2 2 0.000529 0.080720 0.895958 0.000428 0.022365
2 2 0.007728 0.260825 0.714515 0.000133 0.016799
2 2 0.000153 0.035513 0.963128 0.000091 0.001114
2 2 0.012624 0.322038 0.641671 0.000189 0.023478
2 2 0.000589 0.080269 0.908777 0.000391 0.009974
2 2 0.005747 0.199584 0.788325 0.001022 0.005322
1 2 0.029465 0.460723 0.314751 0.000023 0.195038
1 2 0.018200 0.414206 0.407897 0.000021 0.159676
2 2 0.000471 0.082435 0.890170 0.000113 0.026811
2 2 0.026027 0.422753 0.518183 0.000059 0.032978
2 2 0.003900 0.157994 0.835038 0.000243 0.002826
2 2 0.007077 0.091673 0.893128 0.000479 0.007643
2 2 0.001951 0.164591 0.625065 0.000071 0.208322
1 2 0.041242 0.510323 0.319144 0.000036 0.129255
2 2 0.003378 0.195081 0.599257 0.000770 0.201515
2 2 0.000174 0.041771 0.951978 0.000663 0.005414
2 2 0.008892 0.274081 0.688906 0.000077 0.028044
1 2 0.110097 0.474623 0.312409 0.000218 0.102652
2 2 0.002729 0.174662 0.788053 0.000119 0.034437
2 2 0.000246 0.044213 0.954512 0.000054 0.000975
2 2 0.000734 0.086678 0.907875 0.000054 0.004658
2 2 0.032790 0.336958 0.603730 0.000654 0.025869
2 2 0.050735 0.233693 0.673067 0.000287 0.042219
2 2 0.000938 0.070374 0.927850 0.000434 0.000404
2 2 0.001155 0.113082 0.873423 0.000159 0.012182
2 2 0.002685 0.152304 0.838141 0.000145 0.006725
1 2 0.057005 0.521833 0.270747 0.000208 0.150206
2 2 0.000651 0.066358 0.923302 0.007366 0.002322
2 2 0.000112 0.038207 0.942502 0.000554 0.018625
2 2 0.000867 0.074756 0.893567 0.025278 0.005532
2 2 0.002389 0.161144 0.810746 0.000322 0.025399
2 2 0.000277 0.050511 0.943704 0.001143 0.004365
2 2 0.009466 0.270626 0.706636 0.000106 0.013166
2 2 0.021855 0.397882 0.557645 0.000032 0.022585
2 2 0.001489 0.121025 0.864283 0.000999 0.012204
2 2 0.009503 0.259092 0.727244 0.000019 0.004143
2 2 0.003632 0.160573 0.807039 0.012257 0.016499
2 2 0.000420 0.059327 0.934688 0.000983 0.004582
2 2 0.001144 0.085647 0.909417 0.002044 0.001748
2 2 0.000265 0.037673 0.960419 0.001305 0.000339
2 2 0.012079 0.282870 0.690873 0.000886 0.013292
2 2 0.010255 0.252149 0.725292 0.002311 0.009992
2 2 0.001880 0.136692 0.833987 0.002260 0.025182
2 2 0.002532 0.156408 0.829478 0.000328 0.011254
2 2 0.000203 0.037555 0.955652 0.005024 0.001566
2 2 0.000208 0.032719 0.937490 0.027497 0.002087
2 2 0.003004 0.162819 0.818563 0.000569 0.015045
2 2 0.002694 0.175225 0.793242 0.000202 0.028638
1 2 0.077424 0.537838 0.272370 0.002353 0.110014
1 2 0.062739 0.519705 0.368430 0.001920 0.047206
1 2 0.026771 0.440577 0.388993 0.000206 0.143452
4 2 0.114764 0.254152 0.266448 0.000653 0.363983
0 0 0.925833 0.001679 0.004371 0.045594 0.022523
0 0 0.905648 0.021943 0.022533 0.023099 0.026777
0 1 0.468677 0.187881 0.067672 0.000185 0.275585
2 1 0.010898 0.290286 0.687608 0.000222 0.010986
1 1 0.051299 0.452373 0.285888 0.002815 0.207625
1 1 0.057005 0.505553 0.398509 0.002512 0.036421
2 1 0.000054 0.016593 0.882872 0.099445 0.001037
2 1 0.001629 0.122948 0.843540 0.006881 0.025002
2 1 0.000194 0.021744 0.960955 0.016226 0.000881
2 2 0.000012 0.007290 0.982125 0.010051 0.000523
2 2 0.002239 0.084195 0.909148 0.003510 0.000907
2 2 0.000091 0.022818 0.975696 0.000943 0.000453
2 2 0.000638 0.064214 0.933985 0.000168 0.000995
2 2 0.001365 0.088629 0.908314 0.000457 0.001235
2 2 0.000529 0.067814 0.925933 0.000660 0.005064
2 2 0.001978 0.132445 0.854484 0.000651 0.010443
2 2 0.002031 0.117631 0.875459 0.001079 0.003801
2 2 0.000523 0.030679 0.966684 0.001812 0.000303
1 2 0.144692 0.473456 0.225837 0.000305 0.155710
1 2 0.092486 0.582251 0.291039 0.000194 0.034030
1 2 0.068416 0.516492 0.209261 0.000192 0.205639
2 2 0.057457 0.326064 0.390459 0.003150 0.222870
0 0 0.966574 0.024565 0.006082 0.000039 0.002739
0 0 0.664834 0.211621 0.079691 0.005140 0.038715
4 0 0.106248 0.291994 0.070017 0.000274 0.531468
1 0 0.028757 0.437922 0.331298 0.000183 0.201841
2 1 0.007537 0.227798 0.594059 0.002366 0.168240
1 1 0.054450 0.506561 0.265481 0.000235 0.173273
1 1 0.150971 0.635845 0.183698 0.000008 0.029479
1 1 0.039146 0.513162 0.363304 0.000019 0.084370
1 1 0.098446 0.558742 0.197435 0.000376 0.145001
2 1 0.008686 0.263588 0.578719 0.011340 0.137667
1 1 0.050584 0.458122 0.240786 0.001693 0.248815
1 1 0.032332 0.459211 0.405494 0.000568 0.102394
2 1 0.001212 0.110778 0.857262 0.004701 0.026047
2 1 0.000189 0.043742 0.933970 0.008092 0.014007
2 1 0.000088 0.007182 0.934246 0.057724 0.000760
2 2 0.000139 0.022619 0.804663 0.170773 0.001806
2 2 0.009008 0.226142 0.757022 0.001980 0.005848
2 2 0.000643 0.073087 0.922360 0.000368 0.003543
2 2 0.000106 0.030156 0.967038 0.000334 0.002366
2 2 0.000190 0.029516 0.967021 0.001080 0.002193
2 2 0.000021 0.012458 0.987095 0.000109 0.000317
2 2 0.000109 0.028697 0.969197 0.000882 0.001114
2 2 0.022993 0.357394 0.598277 0.003075 0.018261
2 2 0.004271 0.178002 0.798970 0.007642 0.011115
4 2 0.449477 0.071788 0.021903 0.000044 0.456787
0 0 0.949545 0.004372 0.006776 0.014549 0.024758
1 0 0.266024 0.344476 0.161091 0.007600 0.220809
4 1 0.057698 0.161221 0.263736 0.069567 0.447779
1 1 0.098494 0.426964 0.195937 0.000210 0.278395
1 1 0.099539 0.532861 0.138245 0.000033 0.229323
2 1 0.000185 0.040387 0.955828 0.000680 0.002920
2 1 0.000066 0.021570 0.976925 0.000768 0.000670
2 2 0.000032 0.012994 0.984180 0.002526 0.000268
2 2 0.006724 0.219050 0.761713 0.000716 0.011798
1 2 0.138838 0.608632 0.198030 0.000172 0.054329
2 2 0.009727 0.241817 0.734033 0.005295 0.009129
2 2 0.013086 0.315620 0.555816 0.002865 0.112613
2 2 0.003641 0.157450 0.822847 0.007599 0.008462
2 2 0.017083 0.347786 0.565462 0.002842 0.066827
2 2 0.000997 0.075463 0.893930 0.026619 0.002990
2 2 0.034277 0.063361 0.833304 0.026717 0.042340
2 2 0.000443 0.022332 0.930645 0.042014 0.004566
1 2 0.072382 0.345405 0.275052 0.006944 0.300217
1 2 0.085339 0.536600 0.253843 0.004330 0.119888
2 2 0.005454 0.280961 0.528569 0.000006 0.185011
2 2 0.002955 0.178697 0.781657 0.000524 0.036167
2 2 0.001007 0.092419 0.900254 0.001326 0.004994
2 2 0.004408 0.166311 0.823010 0.001671 0.004599
2 2 0.000159 0.040836 0.954474 0.000059 0.004471
2 2 0.000249 0.054241 0.937396 0.000206 0.007908
2 2 0.012902 0.309026 0.596399 0.001025 0.080648
1 2 0.123245 0.591692 0.249834 0.000446 0.034783
2 2 0.002339 0.117689 0.876107 0.001994 0.001871
2 2 0.000753 0.068806 0.929596 0.000228 0.000616
2 2 0.014619 0.304339 0.666941 0.001753 0.012349
2 2 0.014089 0.184340 0.787631 0.008101 0.005839
2 2 0.006107 0.240320 0.697155 0.001853 0.054565
2 2 0.010732 0.299325 0.591830 0.001785 0.096327
2 2 0.002291 0.067378 0.897675 0.017912 0.014744
2 2 0.001713 0.040991 0.945518 0.010058 0.001720
2 2 0.000021 0.014391 0.978998 0.001518 0.005071
2 2 0.002430 0.159270 0.781941 0.001238 0.055121
2 2 0.010429 0.331320 0.533295 0.000026 0.124930
2 2 0.000201 0.033147 0.951552 0.014262 0.000838
2 2 0.003080 0.054735 0.924276 0.009790 0.008119
2 2 0.000225 0.037466 0.961331 0.000527 0.000451
2 2 0.087446 0.207221 0.590637 0.012486 0.102210
1 2 0.203220 0.394068 0.358719 0.009354 0.034640
2 2 0.000532 0.055834 0.942551 0.000287 0.000796
2 2 0.000271 0.042432 0.956112 0.000379 0.000806
2 2 0.005651 0.211075 0.770742 0.000733 0.011799
2 2 0.001047 0.025003 0.971003 0.002759 0.000188
2 2 0.000087 0.020618 0.972664 0.006350 0.000281
2 2 0.000171 0.032568 0.964104 0.002550 0.000606
2 2 0.175446 0.147837 0.476024 0.151031 0.049662
2 2 0.095981 0.281393 0.416723 0.121588 0.084315
2 2 0.000414 0.055344 0.935529 0.005975 0.002737
2 2 0.000415 0.056340 0.936661 0.003260 0.003324
2 2 0.000039 0.015076 0.980644 0.003261 0.000981
2 2 0.000004 0.004967 0.986241 0.008432 0.000355
2 2 0.000005 0.005658 0.990216 0.003755 0.000366
2 2 0.000003 0.004354 0.994862 0.000691 0.000090
2 2 0.004091 0.213863 0.742072 0.000101 0.039874
2 2 0.010744 0.246567 0.724005 0.008716 0.009968
2 2 0.000732 0.055298 0.943412 0.000399 0.000159
2 2 0.001068 0.079035 0.918268 0.000839 0.000790
2 2 0.060195 0.308853 0.418694 0.001241 0.211018
2 2 0.007046 0.171186 0.802336 0.012383 0.007049
2 2 0.000051 0.014978 0.982340 0.002526 0.000104
2 2 0.000028 0.008924 0.987193 0.003809 0.000045
2 2 0.000628 0.070301 0.922768 0.001628 0.004675
2 2 0.002271 0.126574 0.860398 0.004440 0.006318
2 2 0.035385 0.289392 0.577635 0.012196 0.085392
2 2 0.006806 0.227046 0.743528 0.002559 0.020062
0 2 0.674066 0.232686 0.065799 0.001570 0.025879
1 2 0.270559 0.572459 0.112632 0.001175 0.043175
2 2 0.033859 0.315539 0.417068 0.147008 0.086526
1 2 0.184784 0.380893 0.202159 0.004868 0.227297
2 2 0.018681 0.125349 0.758981 0.007869 0.089119
4 2 0.202307 0.198758 0.232037 0.006633 0.360264
1 2 0.052495 0.325162 0.313084 0.002735 0.306524
4 2 0.244411 0.268180 0.061455 0.000024 0.425930
0 0 0.361564 0.349551 0.158820 0.026422 0.103644
0 1 0.392171 0.286991 0.157052 0.002214 0.161572
0 1 0.846876 0.086228 0.041736 0.002713 0.022446
1 1 0.090811 0.529027 0.230985 0.006460 0.142716
1 1 0.384286 0.525559 0.063112 0.000087 0.026955
2 1 0.031918 0.428872 0.473644 0.002138 0.063429
4 1 0.044046 0.152541 0.347650 0.018754 0.437010
4 1 0.021089 0.091921 0.082488 0.003697 0.800805
4 1 0.034395 0.340261 0.122557 0.000027 0.502760
4 4 0.032566 0.021515 0.008803 0.000203 0.936914
2 4 0.005242 0.212765 0.409312 0.000724 0.371957
4 4 0.018103 0.062375 0.033570 0.000095 0.885857
4 4 0.033730 0.024424 0.013460 0.000229 0.928158
4 4 0.017139 0.010690 0.003876 0.000031 0.968263
4 4 0.016061 0.295269 0.179794 0.000017 0.508859
4 4 0.043265 0.125358 0.060866 0.000196 0.770315
4 4 0.119439 0.081839 0.036458 0.000223 0.762041
4 4 0.021983 0.028471 0.010622 0.000086 0.938838
4 4 0.106678 0.143452 0.029960 0.000058 0.719853
4 4 0.182847 0.123595 0.050777 0.000365 0.642417
4 4 0.014014 0.034997 0.020314 0.000370 0.930304
4 4 0.187699 0.050032 0.027279 0.001821 0.733169
4 4 0.027897 0.029505 0.033044 0.001633 0.907921
4 4 0.016867 0.023131 0.014328 0.000082 0.945592
4 4 0.034796 0.134103 0.045443 0.000040 0.785618
4 4 0.148170 0.278020 0.269262 0.000266 0.304283
4 4 0.035605 0.043665 0.016674 0.000038 0.904018
4 4 0.049199 0.132349 0.035028 0.000141 0.783283
1 4 0.084800 0.499635 0.140271 0.000062 0.275232
4 4 0.043894 0.357465 0.125968 0.000210 0.472462
4 4 0.038561 0.311347 0.099528 0.000006 0.550559
4 4 0.265806 0.253360 0.197998 0.000306 0.282530
1 4 0.078582 0.465779 0.103559 0.000004 0.352076
4 4 0.021536 0.217052 0.073174 0.000049 0.688190
4 4 0.019441 0.072764 0.091548 0.001104 0.815143
4 4 0.394923 0.033320 0.021319 0.000475 0.549964
4 4 0.028291 0.022274 0.006553 0.000024 0.942858
4 4 0.114892 0.083816 0.014992 0.000009 0.786291
4 4 0.012773 0.033704 0.013785 0.000080 0.939658
4 4 0.004186 0.145046 0.159029 0.000036 0.691704
4 4 0.121670 0.118942 0.060883 0.000052 0.698453
1 4 0.109700 0.420691 0.171054 0.000011 0.298544
2 4 0.139491 0.253331 0.341833 0.002015 0.263331
1 4 0.045612 0.487462 0.309028 0.000184 0.157714
1 4 0.040109 0.401164 0.183892 0.000135 0.374701
4 4 0.051615 0.353262 0.099877 0.000101 0.495145
0 4 0.719923 0.070039 0.023406 0.000042 0.186589
4 0 0.139839 0.029981 0.015712 0.000814 0.813654
1 0 0.083708 0.592531 0.190478 0.000003 0.133280
1 1 0.045335 0.528489 0.314218 0.000013 0.111945
2 1 0.004984 0.203690 0.781139 0.000229 0.009959
2 1 0.000707 0.083648 0.903365 0.001721 0.010560
4 1 0.168901 0.179496 0.276205 0.001613 0.373785
2 1 0.014503 0.281739 0.406070 0.000455 0.297232
2 1 0.001045 0.114613 0.825825 0.001750 0.056768
2 1 0.004102 0.169764 0.684454 0.003329 0.138351
2 1 0.000739 0.101751 0.833900 0.000650 0.062961
2 1 0.003857 0.200331 0.717200 0.001187 0.077424
1 1 0.087998 0.532647 0.231586 0.003652 0.144117
2 1 0.005205 0.250878 0.596843 0.000090 0.146984
2 1 0.003964 0.214159 0.702016 0.000435 0.079426
1 1 0.020513 0.436214 0.432884 0.000008 0.110381
4 0 0.400464 0.061113 0.045369 0.008080 0.484974
1 1 0.353880 0.533424 0.091074 0.000583 0.021038
2 1 0.013442 0.337190 0.587687 0.000241 0.061440
2 1 0.006644 0.288832 0.608361 0.000023 0.096139
2 1 0.002376 0.175256 0.784365 0.000111 0.037893
2 2 0.003925 0.205710 0.738844 0.000301 0.051219
2 2 0.000757 0.087887 0.883451 0.006669 0.021236
2 2 0.000251 0.052732 0.931669 0.001456 0.013891
2 2 0.000711 0.084763 0.900616 0.001452 0.012459
2 2 0.000035 0.018459 0.979747 0.000145 0.001615
2 2 0.000215 0.042661 0.954793 0.000381 0.001949
2 2 0.000003 0.004193 0.994732 0.000980 0.000092
2 2 0.007078 0.145757 0.816756 0.021972 0.008437
2 2 0.005221 0.118754 0.867101 0.002515 0.006409
2 2 0.000940 0.101612 0.890292 0.000028 0.007128
2 2 0.002472 0.151275 0.840310 0.000053 0.005889
2 2 0.010230 0.075011 0.885149 0.000841 0.028769
2 2 0.000454 0.048866 0.949528 0.000750 0.000402
2 2 0.000161 0.007213 0.975767 0.016295 0.000563
2 2 0.000699 0.042395 0.951261 0.002779 0.002867
2 2 0.000044 0.018732 0.979848 0.000453 0.000923
2 2 0.000002 0.002916 0.994155 0.002858 0.000070
2 2 0.000821 0.020940 0.939143 0.033779 0.005316
2 2 0.000173 0.002485 0.924083 0.072872 0.000387
2 2 0.000162 0.031590 0.918484 0.046914 0.002850
2 2 0.000039 0.004005 0.717858 0.277737 0.000361
2 2 0.000057 0.017886 0.977387 0.004229 0.000440
2 2 0.000031 0.012216 0.987214 0.000462 0.000077
2 2 0.000480 0.064658 0.927788 0.001060 0.006014
2 2 0.000009 0.007116 0.992395 0.000398 0.000081
2 2 0.000000 0.000338 0.933462 0.066187 0.000013
2 2 0.000001 0.001919 0.979913 0.018038 0.000129
2 2 0.000034 0.015584 0.976545 0.006371 0.001466
2 2 0.000079 0.018346 0.964920 0.013181 0.003474
2 2 0.000000 0.001192 0.967787 0.030979 0.000042
2 2 0.000000 0.000039 0.868720 0.131237 0.000004
2 2 0.000000 0.000211 0.956414 0.043321 0.000054
2 3 0.000000 0.000102 0.813791 0.186090 0.000017
2 3 0.000000 0.000185 0.857517 0.142292 0.000006
2 3 0.000008 0.003840 0.932951 0.063031 0.000171
2 3 0.000000 0.000052 0.811445 0.188499 0.000003
2 3 0.000001 0.000926 0.511831 0.487135 0.000107
3 3 0.000001 0.000423 0.313412 0.686107 0.000057
3 3 0.000182 0.000865 0.169117 0.829490 0.000346
2 3 0.000000 0.000114 0.873485 0.126398 0.000002
2 3 0.000005 0.004808 0.963547 0.031443 0.000196
3 3 0.000000 0.000029 0.168656 0.831312 0.000002
3 3 0.000004 0.000060 0.141575 0.858334 0.000027
2 3 0.000000 0.001006 0.774631 0.224327 0.000036
2 3 0.000000 0.000718 0.529887 0.469352 0.000043
3 3 0.000001 0.000291 0.238008 0.761648 0.000052
3 3 0.000000 0.000013 0.094983 0.905000 0.000004
3 3 0.000084 0.000380 0.099002 0.897690 0.002843
3 3 0.000085 0.000139 0.023736 0.975800 0.000240
3 3 0.000000 0.000016 0.043091 0.956884 0.000009
3 3 0.000003 0.000104 0.060846 0.938983 0.000063
3 3 0.000001 0.000016 0.041977 0.957965 0.000041
3 3 0.000000 0.000006 0.017515 0.982476 0.000003
3 3 0.000000 0.000000 0.033053 0.966947 0.000000
3 3 0.000000 0.000001 0.004831 0.995166 0.000001
3 3 0.000000 0.000001 0.002919 0.997079 0.000001
3 3 0.000000 0.000014 0.019213 0.980767 0.000006
3 3 0.000003 0.000423 0.321787 0.677654 0.000133
2 3 0.000006 0.004665 0.667439 0.327281 0.000610
3 3 0.000000 0.000119 0.095870 0.903979 0.000031
3 3 0.000000 0.000060 0.300738 0.699196 0.000006
3 3 0.000000 0.000009 0.030574 0.969413 0.000004
3 3 0.000000 0.000002 0.008399 0.991598 0.000001
3 3 0.000000 0.000000 0.018811 0.981189 0.000000
3 3 0.000004 0.000044 0.054291 0.945557 0.000104
3 3 0.000061 0.000847 0.113554 0.884988 0.000550
3 3 0.000025 0.000077 0.008903 0.990825 0.000171
3 3 0.000001 0.000005 0.011560 0.988423 0.000012
3 3 0.000002 0.000106 0.184405 0.815437 0.000050
3 3 0.000000 0.000011 0.075369 0.924617 0.000003
3 3 0.000468 0.000496 0.059054 0.939533 0.000450
3 3 0.000009 0.000012 0.006452 0.993510 0.000017
3 3 0.000004 0.000075 0.034451 0.965413 0.000056
3 3 0.000000 0.000042 0.450327 0.549627 0.000005
3 3 0.000000 0.000001 0.027958 0.972041 0.000000
3 3 0.000001 0.000084 0.074104 0.925729 0.000082
3 3 0.000000 0.000000 0.001471 0.998528 0.000000
3 3 0.000000 0.000001 0.017146 0.982851 0.000001
3 3 0.000000 0.000002 0.042861 0.957137 0.000000
3 3 0.000000 0.000041 0.346370 0.653585 0.000005
2 3 0.000000 0.000099 0.561714 0.438182 0.000005
3 3 0.000000 0.000000 0.010490 0.989509 0.000000
3 3 0.000000 0.000002 0.014178 0.985816 0.000004
3 3 0.000000 0.000000 0.003266 0.996733 0.000000
3 3 0.000000 0.000002 0.018760 0.981238 0.000000
3 3 0.000000 0.000009 0.151297 0.848692 0.000001
3 3 0.000000 0.000005 0.014859 0.985133 0.000003
3 3 0.000000 0.000009 0.031080 0.968905 0.000006
3 3 0.000000 0.000004 0.004508 0.995483 0.000005
3 3 0.000004 0.000024 0.017221 0.982712 0.000038
3 3 0.000003 0.000326 0.139540 0.860008 0.000123
3 3 0.000007 0.000093 0.080510 0.919257 0.000134
3 3 0.000001 0.000005 0.003386 0.996601 0.000007
3 3 0.000003 0.000771 0.272551 0.726554 0.000121
3 3 0.000000 0.000005 0.046314 0.953680 0.000001
3 3 0.000000 0.000051 0.143114 0.856829 0.000005
3 3 0.000004 0.000182 0.072294 0.927454 0.000066
3 3 0.000007 0.000003 0.001833 0.998139 0.000019
3 3 0.000005 0.000005 0.002683 0.997293 0.000014
2 3 0.000119 0.024988 0.810768 0.161674 0.002451
2 3 0.000699 0.062494 0.924576 0.010719 0.001512
2 3 0.205200 0.234309 0.392883 0.095646 0.071962
2 2 0.051437 0.167133 0.418893 0.292903 0.069634
2 2 0.000006 0.001702 0.851602 0.146642 0.000047
2 2 0.000000 0.000846 0.961676 0.037468 0.000010
2 2 0.000007 0.001509 0.619583 0.378624 0.000276
2 2 0.000060 0.007117 0.739233 0.253005 0.000585
2 2 0.000068 0.006558 0.984487 0.008835 0.000052
2 2 0.000000 0.000090 0.799128 0.200781 0.000002
2 2 0.000301 0.024352 0.962142 0.012643 0.000562
2 2 0.001279 0.038664 0.945630 0.010957 0.003470
2 2 0.000385 0.014081 0.965197 0.019565 0.000773
2 2 0.000344 0.032806 0.964656 0.001768 0.000426
2 2 0.001763 0.138786 0.744266 0.004324 0.110860
2 2 0.012162 0.217570 0.464154 0.002448 0.303665
2 2 0.001215 0.129824 0.848477 0.000033 0.020451
2 2 0.021871 0.440144 0.459585 0.000008 0.078392
2 2 0.011025 0.314200 0.445090 0.000108 0.229579
2 1 0.012124 0.277888 0.657503 0.000654 0.051831
4 1 0.008648 0.141691 0.073297 0.000121 0.776243
1 1 0.043895 0.428856 0.204861 0.000195 0.322193
4 4 0.030879 0.025598 0.013221 0.000398 0.929904
4 4 0.014629 0.257570 0.222364 0.000157 0.505280
4 4 0.013710 0.192569 0.110461 0.001067 0.682194
4 4 0.012338 0.217047 0.173199 0.002318 0.595098
4 4 0.011832 0.179482 0.097197 0.000325 0.711165
4 4 0.024555 0.195279 0.055169 0.000057 0.724940
2 4 0.025423 0.409619 0.463141 0.000817 0.101000
4 4 0.012830 0.129320 0.038710 0.000039 0.819102
4 4 0.033181 0.012473 0.016203 0.000936 0.937207
4 4 0.023838 0.207815 0.191751 0.000302 0.576293
4 4 0.031684 0.089129 0.039239 0.000069 0.839879
4 4 0.081520 0.226459 0.107945 0.000089 0.583988
4 4 0.023912 0.310288 0.260381 0.001241 0.404178
1 4 0.111973 0.574992 0.190064 0.000284 0.122687
2 4 0.007450 0.291812 0.554892 0.000046 0.145800
4 4 0.064632 0.268369 0.118977 0.000467 0.547555
0 4 0.646003 0.099504 0.116918 0.074166 0.063409
1 4 0.220401 0.479244 0.226573 0.004770 0.069012
1 4 0.056075 0.484581 0.224598 0.000373 0.234373
2 4 0.024889 0.416670 0.477652 0.000644 0.080146
1 4 0.267536 0.559553 0.112085 0.000840 0.059986
1 4 0.183540 0.598885 0.192814 0.000754 0.024007
1 4 0.053113 0.524942 0.293439 0.000041 0.128466
2 4 0.123593 0.233405 0.615934 0.002226 0.024843
2 0 0.194674 0.102477 0.448394 0.089391 0.165064
2 1 0.236030 0.074243 0.538073 0.030516 0.121138
4 4 0.140046 0.148601 0.094522 0.000351 0.616480
1 4 0.107720 0.587076 0.205196 0.000159 0.099848
1 4 0.059498 0.486839 0.185803 0.000062 0.267798
2 4 0.008670 0.268337 0.636158 0.003791 0.083043
2 4 0.033927 0.139522 0.616553 0.008810 0.201188
1 0 0.102549 0.548019 0.241050 0.000181 0.108200
2 1 0.006792 0.251984 0.631612 0.001767 0.107844
1 1 0.050609 0.435708 0.188324 0.000261 0.325097
2 1 0.013793 0.341211 0.605902 0.000151 0.038943
1 1 0.068940 0.532028 0.218078 0.000109 0.180845
1 1 0.254272 0.328249 0.123831 0.004063 0.289585
4 4 0.046021 0.363787 0.127793 0.000273 0.462126
2 4 0.003531 0.167723 0.792325 0.012145 0.024275
2 4 0.006909 0.254357 0.723786 0.000123 0.014825
2 4 0.001861 0.128352 0.850275 0.003209 0.016302
1 4 0.171083 0.373290 0.179397 0.000297 0.275933
1 4 0.159295 0.557697 0.160665 0.006810 0.115533
2 4 0.012725 0.295232 0.672919 0.002809 0.016315
0 4 0.413616 0.325744 0.142233 0.003456 0.114951
0 4 0.608109 0.274829 0.062766 0.000579 0.053717
2 4 0.024671 0.388356 0.480145 0.007931 0.098898
1 4 0.114350 0.579676 0.255642 0.001702 0.048630
1 4 0.124360 0.437083 0.206538 0.001442 0.230578
2 4 0.062815 0.417388 0.441883 0.001382 0.076532
2 4 0.017783 0.331256 0.633650 0.002457 0.014854
2 4 0.023043 0.355655 0.610729 0.001128 0.009444
1 4 0.204052 0.602223 0.173814 0.000317 0.019594
0 4 0.746100 0.108206 0.070421 0.001908 0.073365
1 4 0.112487 0.592986 0.241089 0.000370 0.053068
1 4 0.079097 0.534643 0.217414 0.000472 0.168373
2 4 0.042615 0.464929 0.471051 0.000804 0.020601
1 4 0.061010 0.500613 0.415401 0.001659 0.021317
2 4 0.009500 0.273599 0.697010 0.001296 0.018595
1 4 0.043658 0.495963 0.391985 0.000585 0.067810
2 4 0.013196 0.273116 0.692788 0.008573 0.012327
1 4 0.095542 0.517744 0.380813 0.000063 0.005838
1 4 0.194723 0.574890 0.158572 0.006373 0.065442
1 4 0.078543 0.538339 0.329066 0.004340 0.049712
1 4 0.081064 0.541924 0.270368 0.002653 0.103991
1 4 0.101953 0.567967 0.236014 0.001375 0.092691
4 4 0.374884 0.143058 0.070915 0.000684 0.410459
2 4 0.015134 0.271791 0.586377 0.072692 0.054005
2 4 0.006006 0.218390 0.749357 0.004705 0.021542
1 4 0.062453 0.518584 0.289093 0.001228 0.128642
2 4 0.037032 0.447893 0.489333 0.000859 0.024883
2 4 0.010573 0.268219 0.709093 0.001304 0.010811
2 1 0.016002 0.337644 0.594507 0.002637 0.049210
2 1 0.007783 0.266931 0.671491 0.001094 0.052702
4 1 0.047635 0.365216 0.147526 0.000412 0.439211
2 1 0.006839 0.253597 0.648403 0.003273 0.087888
2 2 0.000128 0.027986 0.961354 0.009377 0.001155
2 2 0.000006 0.000444 0.965527 0.034012 0.000011
2 2 0.000779 0.037811 0.957380 0.002468 0.001563
2 2 0.000940 0.024880 0.965431 0.007687 0.001062
2 2 0.000008 0.000933 0.996211 0.002834 0.000014
2 2 0.000010 0.000438 0.919536 0.080004 0.000013
2 2 0.002098 0.122788 0.872559 0.000079 0.002475
2 2 0.000222 0.019835 0.978872 0.000369 0.000702
2 2 0.004846 0.080620 0.902929 0.006191 0.005414
2 2 0.009485 0.238116 0.739781 0.003477 0.009142
1 0 0.073961 0.535900 0.351057 0.002333 0.036749
2 1 0.016801 0.327604 0.638295 0.002186 0.015113
2 2 0.000872 0.069529 0.927525 0.001360 0.000714
2 2 0.001332 0.088070 0.902904 0.005772 0.001922
0 0 0.876017 0.008989 0.012551 0.019380 0.083063
0 0 0.967590 0.009757 0.008957 0.004923 0.008773
1 0 0.077689 0.506928 0.175961 0.000230 0.239192
1 1 0.055009 0.532731 0.341995 0.000164 0.070101
1 1 0.032782 0.410093 0.367837 0.009547 0.179741
2 1 0.020173 0.379687 0.537569 0.001241 0.061330
0 1 0.603697 0.277025 0.095538 0.000060 0.023680
1 1 0.354457 0.541357 0.080102 0.000279 0.023804
2 1 0.038599 0.463079 0.473979 0.000275 0.024068
2 1 0.002309 0.097637 0.895550 0.003135 0.001369
2 1 0.011478 0.249520 0.718011 0.010937 0.010054
2 1 0.006707 0.167454 0.744388 0.042237 0.039213
2 1 0.009880 0.303504 0.634907 0.000171 0.051538
2 1 0.003699 0.169139 0.803377 0.001824 0.021961
2 1 0.007613 0.249730 0.727056 0.000274 0.015327
2 1 0.000966 0.077549 0.913055 0.006358 0.002072
2 1 0.003721 0.167207 0.818076 0.001470 0.009526
2 1 0.008834 0.215519 0.765133 0.005419 0.005095
2 1 0.003585 0.188271 0.786743 0.000391 0.021010
2 1 0.004522 0.236323 0.688098 0.000077 0.070980
2 1 0.000567 0.064802 0.933287 0.000145 0.001198
2 1 0.000058 0.018311 0.981260 0.000200 0.000171
2 1 0.029398 0.374102 0.587173 0.001065 0.008262
2 2 0.001386 0.084640 0.912053 0.001158 0.000763
2 2 0.000007 0.005462 0.979566 0.014869 0.000096
2 2 0.000098 0.003637 0.980777 0.015363 0.000125
2 2 0.000079 0.016031 0.983528 0.000196 0.000167
2 2 0.000269 0.003858 0.986520 0.009110 0.000244
2 2 0.004266 0.088884 0.901991 0.003360 0.001498
2 2 0.001166 0.074459 0.922819 0.001052 0.000504
4 2 0.388026 0.134958 0.016345 0.000002 0.460668
1 2 0.077083 0.546443 0.215257 0.000129 0.161089
2 2 0.000105 0.024751 0.974753 0.000079 0.000311
2 2 0.000030 0.011068 0.988633 0.000229 0.000039
2 2 0.007735 0.140816 0.841812 0.000493 0.009144
2 2 0.010127 0.267028 0.713591 0.000128 0.009126
2 2 0.048224 0.431374 0.517274 0.000120 0.003008
1 2 0.105436 0.572362 0.313512 0.000099 0.008591
2 2 0.000054 0.016751 0.977286 0.005620 0.000289
2 2 0.000928 0.023939 0.964928 0.009797 0.000408
2 2 0.000001 0.001340 0.997524 0.001131 0.000004
2 2 0.056047 0.114759 0.790091 0.000203 0.038901
2 2 0.296219 0.192359 0.442920 0.035527 0.032976
2 2 0.066397 0.222719 0.658861 0.000946 0.051078
2 2 0.219002 0.193742 0.559325 0.009650 0.018280
2 2 0.000772 0.067575 0.925176 0.005070 0.001407
2 2 0.001487 0.088105 0.907418 0.002054 0.000936
2 2 0.001254 0.077918 0.920627 0.000042 0.000159
2 2 0.083872 0.255255 0.529098 0.086481 0.045294
0 2 0.757505 0.181154 0.055938 0.000091 0.005312
1 2 0.094295 0.556601 0.311375 0.002471 0.035258
2 2 0.004020 0.151668 0.842088 0.000667 0.001558
2 2 0.121448 0.071527 0.772324 0.025020 0.009681
2 2 0.002126 0.109162 0.887094 0.000671 0.000946
2 2 0.000468 0.019789 0.965318 0.013559 0.000866
2 2 0.000011 0.007060 0.984417 0.008408 0.000104
2 2 0.001997 0.096545 0.900108 0.000817 0.000533
2 2 0.004897 0.148335 0.844156 0.000358 0.002254
2 2 0.013564 0.164952 0.793011 0.019561 0.008912
2 2 0.003581 0.148307 0.844471 0.000757 0.002884
2 2 0.000829 0.038287 0.954037 0.006387 0.000460
2 2 0.004234 0.128461 0.856282 0.000621 0.010403
2 2 0.000578 0.051513 0.942514 0.004542 0.000853
2 2 0.000064 0.009151 0.988745 0.001851 0.000189
2 2 0.014449 0.288579 0.679378 0.005468 0.012127
2 2 0.015124 0.307506 0.661107 0.002832 0.013432
2 2 0.000097 0.023798 0.975454 0.000329 0.000322
2 2 0.000049 0.019437 0.979961 0.000047 0.000506
2 2 0.000556 0.049433 0.946744 0.002911 0.000356
2 2 0.000032 0.011367 0.987689 0.000870 0.000042
2 2 0.000043 0.013242 0.985160 0.001369 0.000185
2 2 0.000040 0.011280 0.986824 0.001819 0.000037
2 2 0.000181 0.013358 0.983358 0.003028 0.000075
2 2 0.000010 0.001899 0.962672 0.035393 0.000026
2 2 0.000008 0.005482 0.990521 0.003953 0.000037
2 2 0.000003 0.003914 0.987308 0.008701 0.000074
2 2 0.000000 0.000311 0.998224 0.001464 0.000001
2 2 0.000061 0.006751 0.990082 0.002854 0.000252
2 2 0.000023 0.010287 0.989453 0.000152 0.000086
2 2 0.000631 0.067785 0.930017 0.000160 0.001407
2 2 0.000016 0.007712 0.983180 0.009030 0.000062
2 2 0.000000 0.001131 0.914050 0.084799 0.000020
2 2 0.000655 0.036875 0.951789 0.005387 0.005295
2 2 0.000087 0.004061 0.974079 0.021435 0.000337
2 2 0.000003 0.003773 0.990019 0.006019 0.000187
2 2 0.000079 0.023125 0.970264 0.005477 0.001055
2 2 0.000023 0.011624 0.969997 0.017463 0.000893
2 2 0.001736 0.021097 0.935212 0.041393 0.000563
2 2 0.000015 0.007380 0.991517 0.001063 0.000025
2 2 0.000000 0.000409 0.998326 0.001265 0.000000
4 0 0.463012 0.011294 0.018134 0.041275 0.466285
1 0 0.245495 0.394552 0.186578 0.040866 0.132509
2 1 0.001138 0.091373 0.900320 0.003930 0.003239
2 1 0.001652 0.095404 0.887220 0.010055 0.005668
2 1 0.025330 0.331464 0.631364 0.004553 0.007290
2 1 0.044405 0.448622 0.497674 0.000452 0.008847
2 1 0.000331 0.047149 0.949607 0.001984 0.000928
2 1 0.001634 0.119996 0.870778 0.000196 0.007397
2 1 0.008422 0.135787 0.476403 0.000971 0.378417
2 1 0.028555 0.114145 0.620525 0.001081 0.235694
4 4 0.061444 0.017147 0.008665 0.000344 0.912400
4 4 0.185084 0.140296 0.098213 0.004901 0.571506
4 4 0.047783 0.092941 0.023197 0.000005 0.836075
4 4 0.035089 0.180426 0.227376 0.000056 0.557053
4 4 0.125654 0.261380 0.090515 0.000055 0.522397
4 4 0.045926 0.229366 0.070523 0.000007 0.654178
4 4 0.030376 0.009211 0.004175 0.000077 0.956161
4 4 0.058827 0.011073 0.006308 0.000319 0.923474
1 4 0.127627 0.434591 0.101427 0.000159 0.336197
4 4 0.019965 0.167193 0.039075 0.000006 0.773761
4 4 0.008644 0.214750 0.203391 0.000227 0.572989
1 4 0.031169 0.457978 0.232015 0.000002 0.278836
4 4 0.070339 0.046637 0.074008 0.023544 0.785472
4 4 0.037332 0.071252 0.027089 0.000914 0.863413
4 4 0.021566 0.012632 0.023291 0.000897 0.941613
4 4 0.031328 0.010266 0.004520 0.000092 0.953794
4 4 0.385687 0.002905 0.003657 0.001377 0.606374
4 4 0.068001 0.015415 0.008980 0.000581 0.907024
4 4 0.020427 0.047153 0.067668 0.001692 0.863060
4 4 0.077940 0.163324 0.236545 0.005073 0.517118
4 4 0.018267 0.027913 0.031606 0.000025 0.922189
4 4 0.014930 0.000670 0.000347 0.000002 0.984051
4 4 0.017662 0.002074 0.000878 0.000007 0.979379
4 4 0.011081 0.001976 0.000694 0.000003 0.986246
