0 0 0.989213 0.005808 0.002503 0.000027 0.002450
0 0 0.500022 0.037564 0.016684 0.000180 0.445550
1 0 0.299865 0.322979 0.142355 0.001352 0.233449
4 1 0.160093 0.178265 0.117416 0.010432 0.533793
4 1 0.068748 0.044465 0.024541 0.000707 0.861539
4 1 0.001107 0.136473 0.275051 0.000282 0.587087
4 1 0.048614 0.167513 0.081561 0.000101 0.702211
4 1 0.327905 0.146487 0.056839 0.000023 0.468746
4 4 0.034970 0.103547 0.118633 0.001677 0.741173
4 4 0.003742 0.052595 0.027908 0.000060 0.915695
4 4 0.001587 0.063455 0.032458 0.000008 0.902492
4 4 0.001123 0.018842 0.011593 0.000005 0.968437
0 4 0.958402 0.029022 0.008683 0.000024 0.003868
4 4 0.106117 0.220878 0.068165 0.000709 0.604130
1 4 0.315031 0.440101 0.166679 0.000058 0.078131
0 1 0.836506 0.039217 0.015199 0.000143 0.108935
4 1 0.014243 0.288308 0.270183 0.005855 0.421411
1 1 0.061673 0.377079 0.252596 0.000483 0.308169
4 1 0.011536 0.201728 0.216503 0.001533 0.568701
4 1 0.027493 0.245889 0.228727 0.004597 0.493294
4 1 0.003757 0.123393 0.063356 0.000126 0.809368
4 1 0.000797 0.073621 0.062424 0.000015 0.863144
1 1 0.043583 0.375014 0.299412 0.024171 0.257820
2 1 0.049715 0.316784 0.482321 0.002608 0.148573
2 1 0.044207 0.364227 0.474361 0.027153 0.090052
2 1 0.005487 0.154674 0.812745 0.014826 0.012266
2 1 0.001292 0.088993 0.904319 0.001704 0.003692
2 1 0.023842 0.252932 0.654357 0.005873 0.062996
1 2 0.097452 0.508835 0.226989 0.002255 0.164469
1 2 0.051807 0.427463 0.339681 0.007210 0.173839
4 2 0.008448 0.154789 0.057217 0.000361 0.779185
4 2 0.015714 0.295139 0.293539 0.004161 0.391446
2 2 0.025002 0.334695 0.391201 0.014786 0.234315
2 2 0.003186 0.134959 0.741534 0.062995 0.057325
2 2 0.007133 0.235907 0.563020 0.054240 0.139700
2 2 0.036929 0.323603 0.365343 0.154079 0.120047
2 2 0.061533 0.310416 0.354735 0.002206 0.271110
2 1 0.012920 0.238912 0.589095 0.003332 0.155741
1 1 0.063382 0.456901 0.232519 0.002769 0.244429
1 1 0.251562 0.360842 0.212170 0.003608 0.171818
4 1 0.027970 0.315662 0.175762 0.008305 0.472301
4 1 0.008137 0.221077 0.126452 0.000122 0.644211
2 1 0.007428 0.256441 0.372640 0.007774 0.355716
4 2 0.020765 0.280255 0.146510 0.006044 0.546426
4 2 0.010931 0.228953 0.151817 0.001150 0.607149
4 2 0.012683 0.176430 0.353463 0.006291 0.451133
2 2 0.006660 0.127346 0.566428 0.047347 0.252218
4 2 0.018698 0.310257 0.260601 0.003295 0.407149
4 2 0.013504 0.280522 0.276473 0.003029 0.426472
4 2 0.003415 0.150828 0.113871 0.000487 0.731398
2 2 0.008881 0.257340 0.530312 0.032392 0.171075
2 2 0.000469 0.072452 0.864784 0.038612 0.023682
2 2 0.001956 0.153158 0.815703 0.001733 0.027451
2 2 0.000199 0.050891 0.923252 0.015841 0.009817
2 3 0.002021 0.132258 0.721792 0.093857 0.050072
2 3 0.022796 0.320002 0.349319 0.107507 0.200377
2 3 0.000020 0.009474 0.911233 0.079143 0.000130
3 3 0.000218 0.020653 0.399414 0.578048 0.001667
2 3 0.001297 0.134732 0.783848 0.014333 0.065790
2 3 0.002969 0.118992 0.596465 0.243908 0.037666
2 3 0.008215 0.170437 0.493240 0.286829 0.041279
2 3 0.002553 0.034351 0.491323 0.413120 0.058653
2 3 0.000607 0.036631 0.517622 0.437801 0.007340
3 3 0.001368 0.033729 0.361224 0.596775 0.006904
3 3 0.000097 0.011166 0.252083 0.735585 0.001069
3 3 0.000289 0.003063 0.066751 0.929111 0.000786
3 3 0.000102 0.000799 0.026012 0.972863 0.000224
3 3 0.000014 0.002167 0.107180 0.890515 0.000125
3 3 0.000003 0.002983 0.498289 0.498563 0.000162
3 3 0.000185 0.000478 0.019911 0.979150 0.000276
3 3 0.000220 0.002167 0.113767 0.881643 0.002202
3 3 0.000386 0.004987 0.265740 0.717931 0.010956
3 3 0.003101 0.002583 0.053137 0.933116 0.008063
3 3 0.000880 0.010931 0.155453 0.828422 0.004313
3 3 0.000002 0.000030 0.008189 0.991765 0.000013
3 3 0.000130 0.000523 0.039727 0.959139 0.000482
3 3 0.000153 0.002446 0.115546 0.881008 0.000847
3 3 0.000011 0.000119 0.019494 0.980343 0.000033
2 3 0.000213 0.038762 0.599000 0.353491 0.008533
2 3 0.000160 0.024342 0.741787 0.220015 0.013697
3 3 0.001580 0.012259 0.234160 0.714508 0.037493
4 3 0.020674 0.040410 0.244239 0.185878 0.508799
3 3 0.000017 0.004921 0.241768 0.753058 0.000237
3 3 0.001936 0.064242 0.416970 0.464902 0.051950
2 3 0.000274 0.047525 0.600194 0.338998 0.013009
3 3 0.000122 0.003560 0.103667 0.892139 0.000512
3 3 0.000670 0.002701 0.041180 0.954334 0.001116
3 3 0.000158 0.004955 0.185820 0.802290 0.006776
3 3 0.002876 0.012226 0.144945 0.821797 0.018156
3 3 0.001086 0.005461 0.077633 0.911991 0.003829
2 3 0.000003 0.000960 0.534091 0.464719 0.000226
3 3 0.000091 0.000285 0.060516 0.934395 0.004714
3 3 0.003222 0.002113 0.069181 0.906514 0.018971
3 3 0.000171 0.001029 0.054515 0.942501 0.001785
3 3 0.000017 0.000026 0.003715 0.996221 0.000020
3 3 0.000005 0.000045 0.012112 0.987780 0.000059
3 3 0.000023 0.000044 0.015777 0.983850 0.000306
3 3 0.000017 0.000176 0.034563 0.964733 0.000511
3 3 0.001927 0.001649 0.048665 0.940958 0.006801
3 3 0.000022 0.000113 0.008671 0.991153 0.000041
3 3 0.000080 0.000205 0.014615 0.984876 0.000224
3 3 0.000041 0.000401 0.022317 0.977067 0.000174
3 3 0.000006 0.000008 0.002618 0.997356 0.000013
3 3 0.001153 0.000179 0.007596 0.990509 0.000563
3 3 0.002855 0.000697 0.031780 0.956349 0.008319
3 3 0.000515 0.001089 0.070893 0.919508 0.007995
3 3 0.001869 0.000541 0.013962 0.982493 0.001135
3 3 0.000430 0.000472 0.026935 0.970500 0.001663
3 3 0.000002 0.000193 0.018925 0.980859 0.000021
3 3 0.000000 0.000001 0.001610 0.998388 0.000001
3 3 0.000004 0.000028 0.004515 0.995444 0.000009
3 3 0.000226 0.000512 0.018759 0.980113 0.000389
3 3 0.000352 0.000303 0.016849 0.981753 0.000743
3 3 0.000305 0.000326 0.014301 0.984645 0.000423
3 3 0.002080 0.002989 0.041647 0.950464 0.002821
3 3 0.000834 0.000986 0.042292 0.951900 0.003989
3 3 0.000952 0.000152 0.008545 0.989620 0.000733
3 3 0.003471 0.005017 0.082381 0.896146 0.012985
3 3 0.000384 0.000943 0.022773 0.975379 0.000522
3 3 0.000002 0.000005 0.001729 0.998260 0.000003
3 3 0.000013 0.000071 0.006899 0.992993 0.000025
3 3 0.000015 0.000034 0.004411 0.995520 0.000021
3 3 0.000419 0.000171 0.017751 0.979953 0.001706
3 3 0.000036 0.000683 0.071400 0.927286 0.000595
3 3 0.000000 0.000000 0.000118 0.999882 0.000000
3 3 0.001554 0.000136 0.006258 0.991439 0.000613
3 3 0.000142 0.002429 0.103908 0.892988 0.000533
3 3 0.009620 0.019335 0.148376 0.787032 0.035637
0 3 0.631023 0.123277 0.114331 0.028626 0.102743
1 2 0.049029 0.372235 0.360961 0.046098 0.171677
1 2 0.082695 0.399248 0.287747 0.080211 0.150099
2 2 0.006613 0.153508 0.566707 0.159811 0.113361
4 2 0.014523 0.285774 0.221470 0.011930 0.466304
2 2 0.000948 0.081182 0.662444 0.234329 0.021097
4 2 0.023463 0.252991 0.316955 0.032444 0.374147
2 2 0.008262 0.263967 0.401282 0.009382 0.317106
2 2 0.000852 0.143289 0.740779 0.000446 0.114635
2 2 0.000285 0.043493 0.883445 0.068328 0.004448
2 2 0.002890 0.159907 0.741024 0.019526 0.076653
2 2 0.010831 0.272884 0.497348 0.012240 0.206696
4 2 0.041015 0.167322 0.250279 0.000035 0.541349
2 2 0.317935 0.086776 0.365211 0.144894 0.085184
0 1 0.711456 0.104822 0.049614 0.005719 0.128389
0 1 0.831623 0.013657 0.012455 0.002930 0.139336
4 1 0.001863 0.139863 0.188764 0.000113 0.669397
4 1 0.025568 0.297289 0.155688 0.003849 0.517605
4 1 0.003589 0.121551 0.063240 0.000117 0.811504
4 1 0.015612 0.225572 0.101663 0.000416 0.656736
1 1 0.020163 0.392962 0.310955 0.000167 0.275754
1 1 0.032329 0.502102 0.279769 0.000015 0.185785
1 1 0.049714 0.394219 0.225999 0.009503 0.320565
2 1 0.009731 0.347683 0.428565 0.000034 0.213986
2 1 0.025259 0.401159 0.406327 0.000550 0.166705
1 1 0.037642 0.406393 0.316375 0.003371 0.236219
2 1 0.015516 0.350735 0.470799 0.000453 0.162497
2 1 0.010299 0.270698 0.390153 0.003335 0.325515
4 1 0.001893 0.143243 0.186647 0.000220 0.667998
1 1 0.019563 0.384208 0.341651 0.000263 0.254316
4 1 0.033724 0.328875 0.177476 0.007444 0.452480
4 2 0.002390 0.148612 0.097566 0.000006 0.751427
2 2 0.058332 0.419743 0.460181 0.006640 0.055104
1 2 0.110501 0.510358 0.341334 0.000634 0.037173
1 2 0.033244 0.353469 0.277349 0.013056 0.322882
2 2 0.025919 0.383429 0.456959 0.001244 0.132449
2 2 0.052461 0.433750 0.461689 0.001754 0.050346
2 2 0.010794 0.227805 0.753355 0.001294 0.006752
4 2 0.014773 0.249081 0.102874 0.000244 0.633028
4 2 0.152416 0.291910 0.118190 0.004232 0.433252
4 4 0.411091 0.050057 0.043704 0.000137 0.495011
4 4 0.268160 0.090216 0.119554 0.000684 0.521386
0 4 0.767877 0.087162 0.025882 0.000166 0.118912
0 4 0.732429 0.070864 0.028749 0.000678 0.167281
2 4 0.028179 0.274745 0.356965 0.015311 0.324800
4 4 0.024697 0.303804 0.180781 0.004650 0.486069
4 4 0.239979 0.166320 0.033765 0.000060 0.559875
4 4 0.034494 0.021860 0.016557 0.000614 0.926475
4 4 0.000359 0.056121 0.053174 0.000002 0.890344
4 4 0.002700 0.203620 0.306873 0.000039 0.486767
4 4 0.008542 0.247999 0.283649 0.001711 0.458098
1 4 0.062697 0.503305 0.230319 0.000359 0.203319
1 4 0.024720 0.436098 0.377846 0.000087 0.161249
2 1 0.007589 0.276677 0.402240 0.000400 0.313094
4 1 0.008710 0.180079 0.087328 0.000519 0.723365
4 1 0.000702 0.109756 0.140174 0.000002 0.749365
4 1 0.000376 0.071211 0.116948 0.000008 0.811456
2 1 0.003937 0.232486 0.495937 0.000181 0.267458
4 1 0.000745 0.107615 0.184971 0.000028 0.706642
4 1 0.004291 0.167126 0.140040 0.000281 0.688262
4 1 0.003688 0.204631 0.273788 0.000159 0.517734
4 1 0.012310 0.247509 0.177247 0.001590 0.561344
2 1 0.010587 0.331453 0.406908 0.000133 0.250920
2 1 0.000481 0.094287 0.887232 0.000098 0.017902
2 1 0.004492 0.255929 0.604487 0.000269 0.134823
2 1 0.001959 0.211336 0.613310 0.000022 0.173374
4 1 0.031050 0.291149 0.333794 0.008819 0.335189
4 1 0.044220 0.148334 0.184889 0.006394 0.616163
1 1 0.089146 0.484308 0.168719 0.001662 0.256165
1 1 0.071938 0.577876 0.272016 0.000018 0.078152
4 1 0.003355 0.192939 0.315455 0.000646 0.487604
2 1 0.004560 0.166923 0.783299 0.009327 0.035891
1 1 0.120868 0.517185 0.265743 0.003159 0.093044
4 1 0.013881 0.311415 0.250486 0.000444 0.423775
4 1 0.005274 0.119432 0.042090 0.000151 0.833053
2 1 0.004948 0.220501 0.583731 0.019604 0.171215
2 1 0.005612 0.231289 0.670963 0.002327 0.089809
4 1 0.011038 0.280556 0.250896 0.000600 0.456911
2 1 0.008366 0.256448 0.419237 0.002736 0.313214
2 2 0.003827 0.194164 0.681343 0.015489 0.105176
1 2 0.043701 0.547384 0.198936 0.000005 0.209973
4 2 0.004800 0.265907 0.282107 0.000014 0.447171
2 2 0.003463 0.208341 0.474979 0.002872 0.310345
4 2 0.003852 0.205111 0.238137 0.000290 0.552609
4 2 0.005843 0.252636 0.323914 0.000186 0.417421
1 2 0.033627 0.427033 0.346820 0.000985 0.191534
4 2 0.006950 0.206028 0.048683 0.000001 0.738339
1 2 0.054929 0.466983 0.242031 0.000954 0.235103
4 2 0.044039 0.360377 0.102575 0.000151 0.492858
4 2 0.028553 0.191479 0.062936 0.000205 0.716827
1 2 0.041346 0.418285 0.317584 0.003281 0.219504
4 2 0.019426 0.311387 0.288185 0.005677 0.375325
2 2 0.020872 0.258220 0.523010 0.136515 0.061383
4 2 0.035336 0.335612 0.184302 0.008381 0.436370
4 2 0.006024 0.245237 0.238645 0.000100 0.509994
4 2 0.004135 0.191954 0.240755 0.000445 0.562710
2 2 0.022297 0.326695 0.331140 0.008828 0.311040
1 2 0.066407 0.470952 0.341185 0.002767 0.118689
4 2 0.099922 0.332546 0.126655 0.000067 0.440809
0 1 0.886495 0.071611 0.013510 0.000011 0.028373
4 1 0.016019 0.329360 0.220641 0.000243 0.433737
1 1 0.023356 0.378809 0.299956 0.000697 0.297182
4 1 0.003410 0.134675 0.089909 0.000142 0.771864
4 1 0.001470 0.120006 0.131742 0.000157 0.746625
4 1 0.002088 0.164693 0.314970 0.000227 0.518021
4 2 0.003935 0.200764 0.261962 0.001618 0.531722
2 2 0.000142 0.063406 0.913724 0.000314 0.022414
2 2 0.002314 0.179931 0.593967 0.003157 0.220631
1 2 0.346355 0.404643 0.215348 0.000049 0.033605
2 1 0.042847 0.200965 0.529925 0.171977 0.054287
2 1 0.016047 0.282278 0.547735 0.016447 0.137493
2 1 0.001996 0.169644 0.578432 0.000942 0.248985
2 1 0.011296 0.280661 0.385604 0.003109 0.319329
2 1 0.008026 0.208260 0.656247 0.057936 0.069531
4 1 0.004109 0.205529 0.341547 0.000673 0.448143
2 1 0.006398 0.238271 0.452954 0.002085 0.300292
2 2 0.003017 0.187814 0.676083 0.001270 0.131816
2 2 0.000120 0.047287 0.917847 0.008516 0.026230
2 2 0.000651 0.127578 0.568503 0.000703 0.302566
2 2 0.008243 0.263497 0.451780 0.014350 0.262130
2 2 0.004641 0.212575 0.560685 0.002062 0.220037
2 2 0.008275 0.257849 0.434704 0.002502 0.296670
2 2 0.000688 0.108531 0.792555 0.004251 0.093975
2 2 0.000251 0.048768 0.945211 0.001547 0.004222
2 2 0.004953 0.225929 0.629378 0.003959 0.135781
2 2 0.002509 0.181044 0.712797 0.006793 0.096857
2 2 0.005832 0.236868 0.738844 0.000123 0.018333
2 2 0.001830 0.166328 0.772665 0.001303 0.057874
2 2 0.002288 0.111314 0.767692 0.094923 0.023783
2 2 0.000037 0.016316 0.891710 0.090500 0.001437
2 2 0.000002 0.004673 0.966240 0.028748 0.000337
2 2 0.002372 0.102356 0.890623 0.002769 0.001881
2 2 0.001222 0.147787 0.657602 0.003118 0.190272
2 2 0.001249 0.089779 0.862912 0.034301 0.011759
2 2 0.000392 0.040007 0.706304 0.248708 0.004590
2 2 0.002535 0.179287 0.632089 0.003781 0.182309
2 2 0.008738 0.311901 0.556163 0.001913 0.121285
2 2 0.000385 0.045184 0.706948 0.240562 0.006921
2 2 0.000054 0.025570 0.973514 0.000185 0.000677
2 2 0.000036 0.020339 0.970960 0.006975 0.001691
2 2 0.004330 0.214871 0.575951 0.011182 0.193666
2 2 0.000006 0.006995 0.977837 0.014996 0.000166
2 2 0.000027 0.019136 0.933705 0.042359 0.004773
2 2 0.000185 0.038356 0.845955 0.108259 0.007245
2 2 0.001691 0.156453 0.739419 0.010999 0.091438
2 2 0.000027 0.020425 0.956168 0.019852 0.003527
4 2 0.019489 0.310730 0.243254 0.003094 0.423434
2 2 0.000674 0.117320 0.783795 0.007334 0.090877
2 2 0.019648 0.331023 0.356596 0.004482 0.288251
2 2 0.018297 0.200910 0.447992 0.283643 0.049158
2 2 0.012908 0.227028 0.690029 0.036844 0.033191
2 2 0.013491 0.311898 0.587551 0.001877 0.085182
4 2 0.014169 0.290429 0.316491 0.004242 0.374669
2 2 0.012510 0.278113 0.514923 0.016572 0.177883
1 2 0.049757 0.465405 0.398271 0.000535 0.086032
2 2 0.016572 0.340845 0.416240 0.001171 0.225173
4 2 0.084972 0.031178 0.037434 0.003447 0.842970
4 2 0.057369 0.275616 0.291960 0.001095 0.373959
1 2 0.064331 0.422992 0.218480 0.017407 0.276790
4 1 0.054617 0.291110 0.185048 0.003217 0.466008
4 1 0.030350 0.009642 0.014801 0.000405 0.944802
4 1 0.004851 0.174990 0.368532 0.000400 0.451227
4 1 0.001566 0.124310 0.153387 0.000074 0.720662
4 1 0.001201 0.106865 0.125097 0.000043 0.766793
4 1 0.001172 0.096170 0.093305 0.000034 0.809320
4 1 0.000820 0.070760 0.054350 0.000014 0.874056
4 1 0.006554 0.219092 0.217007 0.000606 0.556740
4 1 0.003627 0.156552 0.131505 0.000263 0.708053
4 1 0.003616 0.175651 0.200524 0.000305 0.619904
4 1 0.001833 0.173889 0.385158 0.000604 0.438516
4 1 0.002466 0.107483 0.063279 0.000070 0.826701
4 1 0.001026 0.124313 0.246780 0.000065 0.627815
2 1 0.009574 0.305162 0.538695 0.000248 0.146321
1 1 0.041637 0.554961 0.352749 0.000001 0.050651
1 1 0.098063 0.472707 0.375739 0.003812 0.049679
1 1 0.039659 0.430390 0.210840 0.000442 0.318668
2 1 0.008887 0.277678 0.387888 0.000899 0.324648
4 1 0.009529 0.248284 0.246271 0.001548 0.494367
4 1 0.003474 0.182986 0.246995 0.000356 0.566189
4 1 0.002748 0.155981 0.178939 0.000186 0.662146
4 1 0.009978 0.263190 0.316393 0.002286 0.408153
4 1 0.001476 0.152890 0.384712 0.000180 0.460743
2 1 0.001311 0.152716 0.489404 0.000378 0.356191
2 1 0.003124 0.193509 0.409445 0.000588 0.393335
2 1 0.001396 0.155595 0.447104 0.000380 0.395525
4 1 0.004021 0.240547 0.333807 0.000058 0.421568
4 4 0.002072 0.157201 0.257697 0.000179 0.582852
4 4 0.009097 0.249615 0.270279 0.001615 0.469395
4 4 0.001529 0.102099 0.060599 0.000001 0.835771
4 4 0.006287 0.037562 0.017312 0.000082 0.938758
2 4 0.004942 0.230543 0.407858 0.004972 0.351685
4 4 0.008504 0.238432 0.225257 0.000965 0.526841
4 4 0.006858 0.093591 0.074520 0.000161 0.824870
4 4 0.002027 0.148319 0.196660 0.000240 0.652754
4 4 0.011942 0.009240 0.013873 0.000118 0.964827
4 4 0.015334 0.017758 0.015365 0.000198 0.951345
4 4 0.023586 0.208435 0.053184 0.001472 0.713323
4 4 0.004513 0.141988 0.080327 0.000193 0.772978
4 4 0.012677 0.289478 0.163492 0.000110 0.534242
2 4 0.002193 0.216952 0.637294 0.000199 0.143362
4 4 0.016440 0.020245 0.026575 0.000300 0.936439
4 1 0.021413 0.305193 0.145670 0.000631 0.527092
4 1 0.004282 0.199200 0.266601 0.000572 0.529344
2 2 0.011880 0.281135 0.411726 0.004630 0.290628
2 1 0.015364 0.398320 0.411140 0.000320 0.174856
1 1 0.099003 0.480381 0.242686 0.009068 0.168862
4 1 0.004803 0.178267 0.144375 0.000610 0.671945
4 1 0.009346 0.257379 0.243561 0.001404 0.488310
2 1 0.003900 0.216253 0.492284 0.005960 0.281602
2 1 0.000245 0.082564 0.811683 0.003797 0.101711
2 1 0.002156 0.162590 0.642318 0.087199 0.105738
4 1 0.001356 0.094403 0.381078 0.002484 0.520679
4 1 0.043534 0.281298 0.077140 0.004941 0.593086
4 1 0.010318 0.269000 0.324350 0.003458 0.392874
4 1 0.006725 0.228090 0.243088 0.001829 0.520268
4 1 0.001619 0.165146 0.323060 0.000051 0.510125
4 1 0.000874 0.069054 0.046753 0.000017 0.883302
4 1 0.001172 0.115207 0.147172 0.000119 0.736329
4 1 0.001945 0.161601 0.205314 0.000027 0.631114
2 1 0.003669 0.205495 0.722493 0.007949 0.060393
2 1 0.009137 0.266364 0.388084 0.005102 0.331313
2 1 0.001929 0.161515 0.688616 0.007962 0.139978
4 1 0.000801 0.130515 0.364202 0.000254 0.504229
2 1 0.004831 0.236570 0.617542 0.000948 0.140109
4 1 0.016409 0.232317 0.105097 0.001499 0.644678
2 1 0.009801 0.264606 0.516073 0.035254 0.174266
4 1 0.111649 0.233307 0.223786 0.040565 0.390693
1 1 0.047063 0.510333 0.141733 0.000009 0.300862
2 1 0.035678 0.281873 0.560153 0.006160 0.116137
2 2 0.009665 0.197372 0.728806 0.044491 0.019666
4 2 0.026084 0.316155 0.202143 0.005746 0.449872
4 2 0.016772 0.212538 0.077564 0.001205 0.691920
4 2 0.011434 0.276824 0.314238 0.004559 0.392946
2 2 0.004460 0.237606 0.651559 0.000578 0.105797
4 2 0.004939 0.092968 0.022269 0.000090 0.879735
4 2 0.006511 0.235618 0.304201 0.000851 0.452819
4 2 0.037051 0.052313 0.054999 0.000972 0.854665
4 2 0.206631 0.262273 0.148239 0.100882 0.281974
4 2 0.105355 0.066563 0.042104 0.000281 0.785698
4 2 0.005434 0.228066 0.184235 0.000046 0.582220
4 2 0.004935 0.235195 0.216962 0.000024 0.542883
1 2 0.026770 0.442632 0.355837 0.000101 0.174660
4 2 0.005719 0.172074 0.114722 0.000356 0.707129
2 2 0.030520 0.349107 0.373673 0.019294 0.227405
2 2 0.037048 0.385443 0.529978 0.001102 0.046429
2 2 0.019079 0.306941 0.593648 0.011960 0.068371
2 2 0.010325 0.274167 0.477266 0.033073 0.205168
2 2 0.001793 0.163595 0.639688 0.002814 0.192110
4 2 0.017597 0.216844 0.056515 0.000196 0.708849
2 2 0.023635 0.331076 0.387838 0.013127 0.244323
4 2 0.010069 0.263975 0.207954 0.000877 0.517125
4 2 0.012146 0.083260 0.168250 0.000384 0.735960
2 2 0.010165 0.277284 0.417025 0.002387 0.293139
2 2 0.007911 0.259959 0.468497 0.015220 0.248413
2 2 0.012606 0.275867 0.659122 0.007840 0.044565
0 2 0.443539 0.334780 0.126648 0.000052 0.094980
1 2 0.280668 0.528973 0.172854 0.000259 0.017245
1 2 0.070239 0.517743 0.160555 0.000105 0.251358
2 2 0.142032 0.376246 0.432104 0.009826 0.039793
1 2 0.130182 0.499890 0.313098 0.003979 0.052851
0 1 0.445015 0.438602 0.081870 0.001171 0.033341
0 1 0.505590 0.094204 0.104230 0.112324 0.183652
0 1 0.777476 0.162757 0.030866 0.000088 0.028812
1 1 0.073312 0.476583 0.337138 0.003837 0.109130
4 1 0.015991 0.268463 0.252627 0.006106 0.456813
2 1 0.004902 0.216009 0.723457 0.003108 0.052524
2 1 0.017794 0.348442 0.471643 0.002547 0.159574
2 1 0.002622 0.192346 0.535827 0.003438 0.265767
2 1 0.000601 0.118360 0.806752 0.000182 0.074106
2 2 0.000056 0.033275 0.960525 0.000046 0.006099
2 2 0.005980 0.267553 0.555914 0.001680 0.168874
2 2 0.001981 0.156579 0.715713 0.008567 0.117161
2 2 0.000224 0.036152 0.963065 0.000339 0.000220
2 2 0.001646 0.133528 0.843452 0.001200 0.020174
2 2 0.001031 0.130904 0.851901 0.000171 0.015994
2 2 0.000744 0.097949 0.885071 0.004019 0.012216
2 2 0.000052 0.035409 0.959154 0.000612 0.004774
2 2 0.000008 0.007414 0.985165 0.007347 0.000065
2 2 0.000423 0.074827 0.853439 0.039513 0.031798
2 2 0.000244 0.062360 0.901644 0.016086 0.019666
2 2 0.000049 0.016221 0.978148 0.005486 0.000096
2 2 0.000039 0.014998 0.972618 0.012101 0.000246
2 2 0.000002 0.002839 0.979129 0.017994 0.000037
2 2 0.000000 0.000694 0.870714 0.128581 0.000012
3 3 0.000400 0.013418 0.450302 0.532184 0.003697
2 3 0.000019 0.007658 0.813474 0.178783 0.000066
2 3 0.000001 0.003586 0.912752 0.083299 0.000362
2 3 0.000027 0.008829 0.890004 0.100864 0.000276
2 3 0.000001 0.002198 0.909509 0.088180 0.000112
2 3 0.000002 0.004192 0.970735 0.024991 0.000080
2 3 0.000000 0.000153 0.726328 0.273518 0.000002
3 3 0.000893 0.002143 0.078108 0.915872 0.002983
2 3 0.057725 0.352615 0.494022 0.034077 0.061560
3 3 0.069518 0.159363 0.297035 0.376559 0.097526
0 3 0.629017 0.169050 0.092050 0.016034 0.093851
2 3 0.015486 0.165166 0.768817 0.031254 0.019277
2 1 0.001422 0.082017 0.844950 0.060092 0.011519
2 1 0.016786 0.256384 0.629955 0.033156 0.063719
4 1 0.006387 0.209890 0.201490 0.000693 0.581540
2 1 0.001835 0.166874 0.642307 0.005848 0.183135
2 1 0.000665 0.079475 0.876084 0.016733 0.027043
2 2 0.001981 0.159785 0.703775 0.013142 0.121317
2 2 0.000159 0.052754 0.871948 0.050480 0.024660
2 2 0.000002 0.003113 0.941908 0.054634 0.000343
2 2 0.000725 0.070465 0.850812 0.062984 0.015015
2 2 0.000281 0.077420 0.843933 0.021617 0.056749
2 2 0.000165 0.079277 0.776033 0.015518 0.129007
2 2 0.004237 0.203427 0.628207 0.030967 0.133162
2 3 0.000002 0.004345 0.876969 0.118152 0.000533
3 3 0.000009 0.004666 0.414276 0.580042 0.001007
2 3 0.000001 0.002838 0.981222 0.015841 0.000097
2 3 0.000000 0.000247 0.915006 0.084735 0.000011
2 3 0.000741 0.096648 0.829876 0.026465 0.046271
2 3 0.000007 0.007694 0.838421 0.152966 0.000912
3 3 0.000006 0.001892 0.263354 0.734662 0.000086
2 3 0.000001 0.000276 0.680582 0.319130 0.000012
2 3 0.000000 0.001091 0.813539 0.185083 0.000287
3 3 0.000070 0.008533 0.483492 0.505404 0.002501
3 3 0.000001 0.000627 0.174738 0.824533 0.000100
3 3 0.000000 0.000286 0.296284 0.703399 0.000030
3 3 0.000007 0.003209 0.280724 0.715912 0.000147
3 3 0.000056 0.003567 0.139852 0.855697 0.000827
3 3 0.000690 0.003146 0.073453 0.920752 0.001960
3 3 0.000007 0.000212 0.063026 0.936464 0.000291
3 3 0.000000 0.000479 0.468989 0.530464 0.000067
2 3 0.000000 0.000532 0.532366 0.467024 0.000078
3 3 0.000011 0.003060 0.225071 0.771561 0.000298
3 3 0.000074 0.005016 0.251913 0.739271 0.003726
3 3 0.000000 0.000012 0.033654 0.966332 0.000003
3 3 0.000000 0.000044 0.082457 0.917469 0.000029
3 3 0.000000 0.000136 0.057542 0.942310 0.000011
3 3 0.000371 0.005919 0.124865 0.864438 0.004407
3 3 0.000000 0.000023 0.070443 0.929527 0.000007
3 3 0.000004 0.000104 0.086811 0.912935 0.000146
3 3 0.000000 0.000034 0.039139 0.960825 0.000002
3 3 0.000005 0.000302 0.088560 0.910927 0.000205
3 3 0.000007 0.000479 0.042916 0.956550 0.000047
3 3 0.000000 0.000001 0.002285 0.997714 0.000000
3 3 0.000000 0.000000 0.005181 0.994819 0.000000
3 3 0.000000 0.000000 0.000609 0.999391 0.000000
3 3 0.000001 0.000662 0.110831 0.888483 0.000023
3 3 0.000000 0.000008 0.023779 0.976211 0.000001
3 3 0.000000 0.000009 0.048378 0.951610 0.000003
3 3 0.000000 0.000000 0.002457 0.997543 0.000000
3 3 0.000004 0.000003 0.001294 0.998694 0.000005
3 3 0.000000 0.000004 0.012082 0.987912 0.000002
3 3 0.000000 0.000000 0.001740 0.998259 0.000000
3 3 0.000000 0.000000 0.000146 0.999854 0.000000
3 3 0.000001 0.000008 0.002491 0.997496 0.000003
3 3 0.000002 0.000027 0.009937 0.990002 0.000031
3 3 0.000000 0.000001 0.001002 0.998997 0.000000
3 3 0.000022 0.000018 0.004222 0.995689 0.000049
3 3 0.000010 0.000772 0.036762 0.962370 0.000086
3 3 0.000030 0.000125 0.020153 0.979361 0.000331
3 3 0.000000 0.000005 0.005682 0.994309 0.000004
3 3 0.000000 0.000002 0.001250 0.998747 0.000001
3 3 0.000002 0.000039 0.005717 0.994234 0.000007
3 3 0.000000 0.000008 0.005618 0.994371 0.000003
3 3 0.000000 0.000000 0.000474 0.999525 0.000000
3 3 0.000000 0.000000 0.001441 0.998559 0.000000
3 3 0.000000 0.000000 0.000768 0.999232 0.000000
3 3 0.000002 0.000032 0.009821 0.990124 0.000022
3 3 0.000189 0.000053 0.006128 0.993383 0.000248
3 3 0.000002 0.000008 0.003055 0.996928 0.000008
3 3 0.000006 0.000027 0.004204 0.995753 0.000011
3 3 0.000010 0.000024 0.003734 0.996218 0.000014
3 3 0.000015 0.000216 0.019310 0.980364 0.000096
3 3 0.000338 0.000162 0.008110 0.991136 0.000254
3 3 0.000004 0.000005 0.002480 0.997497 0.000014
3 3 0.000000 0.000000 0.000704 0.999296 0.000000
3 3 0.000000 0.000000 0.001401 0.998599 0.000000
3 3 0.000000 0.000000 0.000991 0.999009 0.000000
3 3 0.000000 0.000001 0.003346 0.996653 0.000000
3 3 0.000001 0.000001 0.000929 0.999067 0.000002
3 3 0.000009 0.000026 0.003927 0.996024 0.000014
3 3 0.000039 0.000170 0.010421 0.989302 0.000068
3 3 0.000000 0.000000 0.000065 0.999935 0.000000
3 3 0.000000 0.000001 0.001232 0.998767 0.000000
3 3 0.000000 0.000000 0.000291 0.999709 0.000000
3 3 0.000000 0.000000 0.000018 0.999982 0.000000
3 3 0.000000 0.000000 0.000325 0.999674 0.000000
3 3 0.000001 0.000000 0.000426 0.999572 0.000001
3 3 0.000031 0.000175 0.012462 0.987249 0.000082
3 3 0.000025 0.000028 0.003680 0.996240 0.000027
3 3 0.000013 0.000686 0.063556 0.935314 0.000431
3 3 0.000005 0.000009 0.002609 0.997368 0.000009
3 3 0.000000 0.000001 0.000957 0.999041 0.000000
3 3 0.000000 0.000000 0.000058 0.999942 0.000000
3 3 0.000929 0.000129 0.008037 0.990172 0.000733
3 3 0.000000 0.000000 0.001133 0.998866 0.000001
3 3 0.000006 0.000035 0.010679 0.989214 0.000066
3 3 0.000025 0.000026 0.005405 0.994475 0.000069
3 3 0.000000 0.000005 0.007313 0.992676 0.000006
3 3 0.000000 0.000000 0.000230 0.999770 0.000000
3 3 0.000000 0.000001 0.000606 0.999393 0.000000
3 3 0.000000 0.000001 0.002232 0.997766 0.000001
3 3 0.000012 0.000026 0.003809 0.996137 0.000016
3 3 0.000651 0.000645 0.017250 0.980823 0.000630
3 3 0.000000 0.000000 0.000299 0.999700 0.000000
3 3 0.000000 0.000002 0.001133 0.998865 0.000000
3 3 0.000000 0.000000 0.000267 0.999733 0.000000
3 3 0.000010 0.000072 0.010960 0.988902 0.000056
3 3 0.000011 0.000150 0.011022 0.988788 0.000029
3 3 0.000000 0.000000 0.000506 0.999494 0.000000
3 3 0.000000 0.000000 0.000463 0.999537 0.000000
3 3 0.000000 0.000002 0.004853 0.995144 0.000000
3 3 0.000000 0.000005 0.003202 0.996791 0.000002
3 3 0.000007 0.000003 0.001036 0.998949 0.000005
3 3 0.000023 0.000069 0.008111 0.991737 0.000059
3 3 0.000002 0.000005 0.002450 0.997536 0.000007
3 3 0.000555 0.000178 0.008172 0.990736 0.000358
3 3 0.000000 0.000000 0.000178 0.999822 0.000000
3 3 0.000890 0.000263 0.009826 0.988468 0.000552
3 3 0.003982 0.003166 0.049400 0.941177 0.002275
4 2 0.096010 0.158473 0.258659 0.041464 0.445394
2 2 0.029139 0.188377 0.477070 0.059899 0.245514
2 2 0.004569 0.192667 0.677597 0.029110 0.096057
2 2 0.001404 0.142727 0.725461 0.005344 0.125065
4 2 0.008449 0.249422 0.303417 0.001676 0.437036
4 2 0.002936 0.160477 0.183102 0.000213 0.653272
4 2 0.101683 0.217565 0.286482 0.045077 0.349192
4 2 0.067811 0.147162 0.122082 0.008603 0.654342
2 2 0.018115 0.312027 0.365645 0.007419 0.296793
4 2 0.018385 0.275775 0.170999 0.002790 0.532051
4 2 0.023058 0.264990 0.254078 0.006048 0.451826
1 4 0.047680 0.473019 0.296999 0.000527 0.181775
4 4 0.038776 0.358975 0.227138 0.011627 0.363484
4 4 0.180537 0.074646 0.122012 0.000622 0.622184
4 4 0.113998 0.060876 0.046040 0.001710 0.777375
1 4 0.074860 0.506202 0.280331 0.000997 0.137610
2 1 0.037903 0.334996 0.458156 0.055591 0.113354
4 1 0.016196 0.236958 0.113651 0.001574 0.631620
2 1 0.007668 0.249369 0.379607 0.002010 0.361346
2 1 0.010176 0.267330 0.511747 0.012232 0.198514
2 1 0.003216 0.195648 0.584147 0.003487 0.213502
2 1 0.003711 0.064734 0.888940 0.037562 0.005053
4 1 0.024005 0.365835 0.234711 0.000620 0.374828
4 1 0.004965 0.194670 0.203357 0.000486 0.596521
4 1 0.018794 0.289536 0.203937 0.003485 0.484249
4 1 0.031054 0.151105 0.397666 0.007302 0.412874
4 1 0.023650 0.324797 0.271024 0.007147 0.373382
4 1 0.011790 0.238829 0.162782 0.001372 0.585228
4 4 0.003496 0.013343 0.007443 0.000019 0.975699
4 4 0.011241 0.083629 0.040208 0.000340 0.864582
2 4 0.002476 0.199042 0.585493 0.001184 0.211806
4 4 0.006321 0.044733 0.042970 0.000142 0.905834
4 4 0.047101 0.116529 0.049533 0.003021 0.783816
4 4 0.150764 0.111418 0.149844 0.145949 0.442026
4 4 0.003186 0.173010 0.219962 0.000279 0.603562
4 4 0.006415 0.004170 0.004747 0.000026 0.984643
4 4 0.035348 0.026522 0.012212 0.000566 0.925353
4 4 0.006311 0.004877 0.003451 0.000022 0.985340
2 4 0.000153 0.080706 0.754698 0.000067 0.164377
4 4 0.000792 0.119587 0.297114 0.000054 0.582452
4 4 0.012159 0.197307 0.246361 0.003639 0.540534
4 4 0.012093 0.105097 0.047207 0.000440 0.835163
4 4 0.014405 0.263151 0.187969 0.002132 0.532343
4 4 0.006297 0.145056 0.062345 0.000255 0.786048
4 4 0.015511 0.162581 0.085292 0.001018 0.735597
2 4 0.009452 0.255393 0.541157 0.046586 0.147411
2 4 0.002706 0.185786 0.421064 0.000497 0.389946
2 4 0.008960 0.260048 0.373307 0.002488 0.355197
4 4 0.009666 0.234666 0.190710 0.001198 0.563760
2 4 0.006578 0.235251 0.572666 0.025784 0.159721
1 4 0.071848 0.377382 0.231248 0.036194 0.283327
4 4 0.011299 0.183285 0.155851 0.001084 0.648481
1 4 0.081334 0.436537 0.367285 0.021439 0.093405
4 4 0.029350 0.187440 0.192340 0.004342 0.586528
4 4 0.057396 0.016446 0.010677 0.000885 0.914595
4 4 0.007707 0.079455 0.064389 0.000271 0.848177
2 4 0.009448 0.263862 0.373513 0.002704 0.350473
4 4 0.002974 0.136340 0.106719 0.000134 0.753833
4 4 0.017571 0.285988 0.254861 0.002988 0.438591
4 4 0.013487 0.254984 0.179113 0.001839 0.550576
4 4 0.277647 0.212021 0.088515 0.000485 0.421333
1 4 0.110258 0.461165 0.297420 0.025868 0.105289
4 4 0.005889 0.230601 0.366356 0.001271 0.395883
2 4 0.002818 0.165734 0.801167 0.000896 0.029385
4 4 0.005921 0.244620 0.327431 0.000351 0.421677
4 4 0.004820 0.198425 0.227176 0.000522 0.569056
2 4 0.001799 0.118273 0.833763 0.012931 0.033233
2 4 0.026412 0.360829 0.443113 0.005236 0.164409
4 4 0.023397 0.058847 0.031329 0.000188 0.886237
4 4 0.126679 0.105501 0.065152 0.000106 0.702561
0 4 0.722431 0.130421 0.060465 0.011421 0.075263
0 0 0.766957 0.089762 0.036789 0.001626 0.104866
0 0 0.839342 0.075770 0.035881 0.004414 0.044592
0 0 0.391261 0.116823 0.088223 0.191458 0.212235
0 0 0.995833 0.001283 0.000974 0.000037 0.001874
0 0 0.808832 0.009668 0.015645 0.076906 0.088948
0 0 0.994655 0.001408 0.001194 0.000077 0.002666
0 0 0.967106 0.003744 0.003710 0.000589 0.024851
0 0 0.570276 0.112258 0.038005 0.000131 0.279330
0 0 0.791724 0.019986 0.019200 0.001519 0.167572
0 0 0.510880 0.059520 0.045866 0.026211 0.357523
0 0 0.459342 0.033059 0.035435 0.057210 0.414954
4 0 0.010991 0.031861 0.042074 0.000039 0.915036
4 0 0.032609 0.081632 0.059183 0.000120 0.826456
4 1 0.009338 0.229285 0.181594 0.001085 0.578697
4 1 0.035856 0.311740 0.163086 0.007145 0.482173
0 4 0.957990 0.010514 0.006577 0.000330 0.024589
0 4 0.946799 0.028835 0.008355 0.000029 0.015983
0 4 0.999087 0.000217 0.000199 0.000004 0.000493
0 4 0.998017 0.000437 0.000428 0.000021 0.001097
0 4 0.923238 0.040700 0.015642 0.000381 0.020039
0 4 0.900854 0.040374 0.033326 0.001196 0.024250
0 4 0.505139 0.059841 0.110016 0.004154 0.320851
0 4 0.811920 0.047619 0.014007 0.000034 0.126419
1 4 0.033176 0.400831 0.327663 0.002318 0.236012
4 4 0.119517 0.086006 0.043891 0.008134 0.742452
4 4 0.009856 0.180603 0.078226 0.000567 0.730748
4 4 0.000582 0.057145 0.041236 0.000007 0.901029
4 4 0.001820 0.143300 0.211324 0.000122 0.643434
4 4 0.003904 0.173904 0.177350 0.000303 0.644539
2 4 0.001605 0.159803 0.462628 0.000285 0.375680
4 4 0.000395 0.103879 0.399812 0.000064 0.495850
4 4 0.002254 0.149940 0.194453 0.000152 0.653201
4 2 0.001918 0.119554 0.110374 0.000075 0.768078
4 2 0.009771 0.191688 0.094745 0.000652 0.703145
4 2 0.010756 0.187664 0.086136 0.001221 0.714223
4 2 0.000724 0.084848 0.103132 0.000019 0.811278
4 2 0.006347 0.098758 0.041307 0.000176 0.853412
4 2 0.019432 0.337110 0.176703 0.000188 0.466567
4 2 0.002065 0.129128 0.130056 0.000095 0.738655
4 2 0.004509 0.208403 0.293134 0.000942 0.493013
4 2 0.017674 0.235475 0.102075 0.001630 0.643146
4 2 0.002897 0.142564 0.125840 0.000148 0.728551
4 2 0.007721 0.208235 0.158106 0.000721 0.625216
4 2 0.000869 0.129488 0.318870 0.000186 0.550587
4 2 0.000595 0.092898 0.160054 0.000029 0.746424
2 2 0.002159 0.170237 0.614734 0.001212 0.211658
4 4 0.001441 0.156369 0.344752 0.000637 0.496801
4 4 0.009811 0.265858 0.360200 0.002704 0.361426
4 4 0.005831 0.217148 0.260724 0.000801 0.515495
4 4 0.074129 0.266549 0.094737 0.011358 0.553228
4 4 0.004433 0.197971 0.250518 0.000514 0.546564
4 4 0.002817 0.161726 0.197744 0.000211 0.637501
4 4 0.003038 0.178356 0.264617 0.000317 0.553671
4 4 0.015533 0.265348 0.178036 0.002257 0.538827
4 1 0.014156 0.278799 0.248653 0.002847 0.455545
2 1 0.012453 0.284436 0.386134 0.004434 0.312544
4 1 0.004964 0.214947 0.317444 0.000805 0.461840
4 1 0.012457 0.154008 0.167243 0.001193 0.665098
4 1 0.007118 0.024402 0.018584 0.000089 0.949807
1 1 0.025476 0.335294 0.305467 0.009669 0.324094
4 1 0.005201 0.217281 0.311662 0.000842 0.465014
2 1 0.009764 0.267197 0.417495 0.003468 0.302076
2 1 0.006372 0.243803 0.561565 0.001294 0.186966
4 1 0.005247 0.224023 0.383062 0.001145 0.386524
2 1 0.001888 0.169121 0.599163 0.002065 0.227763
4 1 0.006859 0.251436 0.317768 0.000013 0.423925
1 1 0.235988 0.389745 0.252027 0.001495 0.120746
2 1 0.014108 0.248026 0.615505 0.042216 0.080145
4 1 0.010691 0.271337 0.348107 0.002929 0.366936
2 1 0.005455 0.229354 0.447264 0.001934 0.315994
2 1 0.005253 0.228215 0.391011 0.002076 0.373445
2 1 0.001161 0.079000 0.827773 0.078058 0.014008
2 1 0.001217 0.116260 0.796907 0.031674 0.053941
2 2 0.044815 0.185321 0.543783 0.012357 0.213724
2 2 0.000823 0.046327 0.901592 0.003080 0.048177
2 2 0.000064 0.033813 0.957857 0.000724 0.007542
2 2 0.000019 0.020921 0.976943 0.000048 0.002069
2 2 0.001278 0.181404 0.579253 0.000162 0.237903
1 2 0.047659 0.504935 0.243003 0.000096 0.204307
1 2 0.096770 0.524369 0.365834 0.000013 0.013013
2 2 0.002795 0.148586 0.782578 0.024312 0.041729
2 2 0.004612 0.266692 0.561884 0.000751 0.166060
2 2 0.000418 0.064784 0.908765 0.013230 0.012804
2 2 0.000543 0.083765 0.897778 0.004066 0.013848
2 2 0.000020 0.016948 0.979556 0.002125 0.001352
2 2 0.000034 0.022140 0.963260 0.009407 0.005159
2 2 0.000181 0.066149 0.912209 0.000390 0.021070
2 2 0.000213 0.051981 0.917680 0.009780 0.020346
2 2 0.000061 0.035784 0.933522 0.011366 0.019267
2 2 0.001106 0.139485 0.762533 0.001168 0.095708
2 2 0.002341 0.212676 0.659248 0.000170 0.125566
2 2 0.002589 0.179940 0.654098 0.013804 0.149569
2 2 0.000018 0.018060 0.966721 0.008607 0.006594
2 2 0.000289 0.060116 0.927485 0.002421 0.009689
2 2 0.000157 0.044469 0.952229 0.000333 0.002811
2 2 0.000293 0.071077 0.888022 0.004559 0.036049
2 2 0.000639 0.095178 0.830481 0.021967 0.051735
2 2 0.000183 0.063505 0.887774 0.007301 0.041237
2 2 0.000082 0.032080 0.936317 0.022093 0.009429
2 2 0.000189 0.080474 0.768934 0.000935 0.149467
2 2 0.000287 0.071506 0.887199 0.004262 0.036747
2 2 0.000118 0.049572 0.910953 0.007627 0.031730
2 2 0.000204 0.037066 0.755064 0.201383 0.006282
2 2 0.000200 0.033204 0.806797 0.156809 0.002989
2 2 0.000529 0.070460 0.861090 0.050720 0.017202
2 2 0.000205 0.052295 0.907019 0.020450 0.020032
2 2 0.000024 0.010114 0.941178 0.029166 0.019518
2 2 0.004551 0.225298 0.476794 0.006167 0.287190
2 2 0.001321 0.117315 0.793232 0.045048 0.043084
2 2 0.000059 0.020979 0.853973 0.123180 0.001810
2 2 0.000000 0.001586 0.911585 0.086800 0.000028
2 2 0.000022 0.013708 0.980873 0.004956 0.000441
2 2 0.000093 0.022354 0.792672 0.182862 0.002020
2 2 0.000006 0.003776 0.859843 0.134104 0.002272
2 2 0.000539 0.076417 0.757931 0.030022 0.135090
2 2 0.000051 0.024751 0.897411 0.071940 0.005847
2 2 0.000001 0.001633 0.617000 0.381229 0.000137
2 2 0.000064 0.016910 0.938273 0.044194 0.000559
2 2 0.000487 0.024462 0.969372 0.004520 0.001159
2 2 0.000009 0.008214 0.829539 0.161382 0.000856
2 2 0.001520 0.090144 0.659005 0.230232 0.019099
2 2 0.000793 0.103537 0.847260 0.007017 0.041394
2 2 0.000717 0.105250 0.803872 0.024318 0.065844
2 2 0.000001 0.002453 0.720543 0.276883 0.000120
2 2 0.000123 0.030228 0.860670 0.104836 0.004143
2 2 0.000010 0.008417 0.944990 0.045713 0.000871
2 2 0.000121 0.031779 0.854016 0.108226 0.005858
2 2 0.000100 0.018714 0.600842 0.378687 0.001657
2 2 0.000000 0.000918 0.938079 0.060979 0.000023
2 2 0.000001 0.001068 0.898852 0.099817 0.000263
3 2 0.000001 0.000617 0.396437 0.602832 0.000113
2 2 0.000170 0.025716 0.655491 0.314218 0.004405
2 3 0.021899 0.123904 0.627706 0.208006 0.018485
2 3 0.000693 0.072507 0.714894 0.193457 0.018449
2 3 0.001632 0.153633 0.696865 0.029893 0.117977
2 3 0.000001 0.005365 0.970758 0.021300 0.002576
2 3 0.000000 0.001263 0.808050 0.190574 0.000112
2 3 0.063987 0.249226 0.575438 0.049604 0.061744
2 2 0.182017 0.269711 0.477500 0.033190 0.037582
2 2 0.000091 0.014718 0.508986 0.475217 0.000989
2 2 0.000832 0.053809 0.667614 0.271556 0.006189
2 2 0.000020 0.010606 0.921494 0.067514 0.000365
2 2 0.000632 0.062527 0.899501 0.032717 0.004622
2 2 0.000581 0.043767 0.808208 0.056128 0.091316
2 2 0.024075 0.285623 0.585015 0.069275 0.036012
2 2 0.004361 0.214139 0.445159 0.001118 0.335223
2 2 0.000630 0.083634 0.861925 0.020422 0.033390
2 2 0.011227 0.261885 0.560957 0.027140 0.138791
2 2 0.000155 0.037288 0.902865 0.051780 0.007913
2 2 0.000119 0.040119 0.904801 0.041855 0.013105
2 2 0.003028 0.082510 0.733391 0.098733 0.082338
2 2 0.000979 0.151154 0.533049 0.000889 0.313930
2 2 0.001554 0.136338 0.766426 0.008567 0.087114
2 2 0.000687 0.089531 0.877105 0.010135 0.022541
2 2 0.000158 0.062262 0.877057 0.003807 0.056715
2 2 0.000027 0.020554 0.900265 0.073239 0.005915
2 2 0.000003 0.008191 0.991088 0.000084 0.000634
2 2 0.000378 0.069318 0.863264 0.039745 0.027295
2 2 0.000334 0.101007 0.711341 0.001728 0.185590
2 2 0.000970 0.115734 0.827584 0.008419 0.047294
2 2 0.001385 0.099149 0.852702 0.033249 0.013515
2 2 0.000165 0.052626 0.942021 0.000086 0.005102
2 2 0.002389 0.194501 0.780681 0.000023 0.022405
2 2 0.001206 0.096816 0.872195 0.011241 0.018541
1 0 0.252900 0.337159 0.260577 0.050248 0.099116
2 1 0.033693 0.449708 0.475715 0.000025 0.040859
1 1 0.022725 0.397263 0.371047 0.000374 0.208592
4 1 0.013774 0.024849 0.021836 0.000226 0.939315
4 1 0.092056 0.030857 0.022983 0.002931 0.851174
2 1 0.034153 0.404147 0.450151 0.001686 0.109863
2 1 0.014470 0.296427 0.377273 0.006319 0.305512
2 1 0.037653 0.339296 0.449680 0.050589 0.122782
2 1 0.007632 0.208259 0.622201 0.096988 0.064920
2 1 0.005444 0.225799 0.511500 0.002104 0.255154
4 1 0.002115 0.142354 0.158149 0.000075 0.697307
2 1 0.001288 0.153645 0.616602 0.002591 0.225874
2 1 0.000529 0.101646 0.789721 0.002157 0.105947
4 1 0.001941 0.154080 0.155503 0.000013 0.688463
2 1 0.002812 0.188661 0.463115 0.000621 0.344790
4 1 0.124696 0.174642 0.307669 0.074757 0.318236
4 1 0.030486 0.092743 0.133369 0.002633 0.740769
4 1 0.004565 0.150126 0.093930 0.000221 0.751157
4 1 0.003542 0.046186 0.043936 0.000083 0.906253
2 1 0.007277 0.299575 0.465353 0.000093 0.227702
2 1 0.011567 0.278527 0.371081 0.003677 0.335147
1 1 0.110628 0.392826 0.365659 0.003197 0.127690
4 1 0.021576 0.321987 0.228849 0.002454 0.425135
4 1 0.007976 0.208050 0.152210 0.000730 0.631034
4 1 0.011250 0.244545 0.187639 0.001474 0.555093
2 1 0.025032 0.329855 0.433552 0.018894 0.192668
2 1 0.003494 0.203490 0.477796 0.001431 0.313789
4 1 0.017334 0.304619 0.306552 0.005176 0.366319
4 1 0.008657 0.251312 0.304485 0.001747 0.433799
4 1 0.001914 0.169172 0.332182 0.000110 0.496621
4 1 0.006779 0.264186 0.306740 0.000184 0.422110
2 1 0.013626 0.275329 0.545613 0.014326 0.151106
2 1 0.001113 0.120773 0.787379 0.003302 0.087433
4 1 0.010117 0.206597 0.116195 0.000811 0.666280
4 1 0.006640 0.222625 0.239571 0.001019 0.530145
4 1 0.124061 0.033561 0.019480 0.001865 0.821033
4 1 0.025438 0.224823 0.117810 0.001444 0.630484
2 1 0.000523 0.092360 0.825465 0.001131 0.080522
2 1 0.000692 0.113601 0.773074 0.006467 0.106166
