4 4 0.442006 0.036720 0.014951 0.000077 0.506245
1 4 0.348395 0.361490 0.032457 0.000014 0.257645
0 4 0.956391 0.020227 0.012713 0.000018 0.010650
0 4 0.790161 0.020617 0.009630 0.000036 0.179555
0 4 0.808169 0.024433 0.016832 0.000239 0.150326
4 4 0.172038 0.198680 0.040287 0.000002 0.588993
0 4 0.828397 0.080028 0.048854 0.000113 0.042607
0 4 0.484030 0.379914 0.078130 0.000235 0.057691
0 4 0.470221 0.444019 0.055046 0.000000 0.030713
0 4 0.457791 0.426281 0.020845 0.000001 0.095082
1 4 0.368026 0.392443 0.077404 0.000076 0.162051
1 4 0.077298 0.692848 0.105034 0.000017 0.124803
1 4 0.005968 0.625982 0.227056 0.000049 0.140945
1 4 0.005609 0.652293 0.161481 0.000079 0.180539
1 4 0.067846 0.672625 0.225690 0.000032 0.033808
1 4 0.082573 0.702769 0.108160 0.000063 0.106434
0 4 0.398321 0.325999 0.048321 0.000217 0.227141
2 4 0.404655 0.124854 0.455772 0.008236 0.006484
0 0 0.894415 0.072593 0.011023 0.000674 0.021295
1 1 0.261339 0.492633 0.213982 0.000264 0.031781
2 1 0.037484 0.368773 0.551183 0.001467 0.041092
0 1 0.323587 0.319796 0.192751 0.000118 0.163748
0 1 0.905609 0.050993 0.036298 0.000124 0.006976
2 1 0.159129 0.308148 0.389323 0.000074 0.143326
2 2 0.079082 0.372482 0.541038 0.000650 0.006748
2 2 0.014302 0.141119 0.840832 0.000155 0.003593
2 2 0.075066 0.043164 0.833550 0.043060 0.005161
2 2 0.067628 0.037251 0.862018 0.029605 0.003498
2 2 0.265221 0.326830 0.384007 0.002832 0.021110
2 2 0.039528 0.249334 0.674065 0.003925 0.033149
2 2 0.000005 0.000501 0.998179 0.001310 0.000006
2 2 0.000031 0.001329 0.997709 0.000869 0.000062
2 2 0.000604 0.008177 0.986161 0.001737 0.003321
2 2 0.000028 0.000963 0.998331 0.000627 0.000051
2 2 0.000000 0.000054 0.997590 0.002355 0.000001
2 2 0.000004 0.000322 0.987236 0.012435 0.000002
2 2 0.000000 0.000144 0.998615 0.001240 0.000001
2 2 0.000010 0.000447 0.931578 0.067961 0.000004
2 3 0.000000 0.000045 0.545297 0.454655 0.000002
2 2 0.000018 0.000633 0.899523 0.099756 0.000070
3 3 0.000000 0.000004 0.251889 0.748108 0.000000
2 3 0.000000 0.000037 0.942284 0.057677 0.000002
2 3 0.000000 0.000135 0.839846 0.159987 0.000032
3 3 0.000001 0.000140 0.144653 0.855202 0.000003
2 3 0.000000 0.000019 0.986746 0.013234 0.000002
2 3 0.000000 0.000218 0.658953 0.340828 0.000001
2 3 0.000000 0.000046 0.690600 0.309353 0.000001
2 3 0.000000 0.000024 0.636880 0.363096 0.000000
3 3 0.000127 0.002022 0.480622 0.514662 0.002567
2 3 0.000021 0.002761 0.693290 0.302755 0.001173
2 3 0.000000 0.000136 0.895981 0.103877 0.000006
2 3 0.000000 0.000037 0.998953 0.001007 0.000003
2 3 0.000000 0.000073 0.776657 0.223259 0.000010
2 3 0.000000 0.001127 0.819398 0.179392 0.000082
3 3 0.000000 0.000156 0.483307 0.516533 0.000004
2 3 0.000000 0.000175 0.622136 0.377666 0.000023
3 3 0.000000 0.000000 0.005580 0.994420 0.000000
3 3 0.000000 0.000001 0.057931 0.942068 0.000000
3 3 0.000000 0.000001 0.056657 0.943342 0.000000
3 3 0.000000 0.000002 0.015618 0.984379 0.000001
3 3 0.000000 0.000007 0.218990 0.781003 0.000000
3 3 0.000000 0.000401 0.306316 0.693188 0.000095
2 3 0.000105 0.002036 0.830776 0.166779 0.000304
2 3 0.000000 0.000453 0.728778 0.270751 0.000018
3 3 0.000000 0.000006 0.092135 0.907859 0.000000
3 3 0.000000 0.000018 0.210133 0.789848 0.000001
3 3 0.000000 0.000031 0.024288 0.975678 0.000003
2 3 0.000001 0.001109 0.881064 0.117771 0.000055
3 3 0.000000 0.000073 0.139490 0.860433 0.000003
3 3 0.000103 0.002393 0.334089 0.662321 0.001093
2 3 0.000000 0.000037 0.517205 0.482748 0.000010
3 3 0.000000 0.000159 0.248339 0.751493 0.000010
3 3 0.000000 0.000001 0.023308 0.976690 0.000000
3 3 0.000000 0.000001 0.040802 0.959197 0.000000
3 3 0.000000 0.000004 0.070968 0.929027 0.000000
3 3 0.000000 0.000000 0.078611 0.921389 0.000000
2 3 0.000001 0.000558 0.738282 0.261142 0.000018
3 3 0.000000 0.000018 0.138399 0.861581 0.000002
3 3 0.000000 0.000108 0.318709 0.681164 0.000019
3 3 0.000000 0.000005 0.030947 0.969048 0.000000
3 3 0.000000 0.000015 0.380166 0.619818 0.000001
3 3 0.000000 0.000000 0.400107 0.599893 0.000000
3 3 0.000000 0.000012 0.057235 0.942751 0.000002
3 3 0.000000 0.000018 0.029665 0.970316 0.000001
2 3 0.000000 0.000114 0.562920 0.436964 0.000002
3 3 0.000062 0.010719 0.377246 0.609352 0.002621
2 3 0.007788 0.062172 0.483785 0.440500 0.005756
3 2 0.000020 0.001991 0.126860 0.871002 0.000128
3 3 0.006603 0.034316 0.446175 0.510258 0.002648
2 3 0.000542 0.010643 0.538979 0.449618 0.000219
2 3 0.000382 0.065181 0.800597 0.131113 0.002727
3 3 0.000518 0.035255 0.419391 0.541504 0.003331
2 2 0.020834 0.306751 0.652715 0.008328 0.011372
2 2 0.076931 0.110721 0.731498 0.078341 0.002510
2 2 0.000576 0.077566 0.903761 0.016447 0.001650
2 2 0.049459 0.376752 0.504162 0.031070 0.038558
2 2 0.002258 0.084189 0.904585 0.008215 0.000752
2 2 0.000470 0.111850 0.885550 0.001268 0.000862
2 2 0.010703 0.079766 0.907800 0.000939 0.000792
2 2 0.009074 0.021235 0.964395 0.004873 0.000422
2 2 0.009662 0.158382 0.782192 0.013653 0.036111
2 2 0.025342 0.227974 0.743391 0.001422 0.001871
2 2 0.142853 0.324791 0.413911 0.013228 0.105217
2 2 0.016800 0.152896 0.817869 0.004624 0.007811
2 2 0.004924 0.096291 0.803443 0.087339 0.008003
2 2 0.001538 0.077352 0.910688 0.009499 0.000923
2 2 0.220432 0.215755 0.539956 0.012445 0.011411
2 2 0.002935 0.101016 0.886442 0.008339 0.001267
2 2 0.001060 0.434264 0.562168 0.000019 0.002489
2 2 0.004049 0.187055 0.805167 0.000875 0.002854
2 2 0.002139 0.026994 0.970290 0.000535 0.000041
2 2 0.003309 0.071010 0.924759 0.000725 0.000196
2 2 0.000065 0.033148 0.965622 0.000320 0.000845
2 2 0.000798 0.178533 0.818058 0.000899 0.001712
2 2 0.227478 0.202708 0.554919 0.009879 0.005015
2 2 0.009337 0.114797 0.872281 0.002812 0.000773
2 2 0.007018 0.039333 0.953066 0.000545 0.000039
2 2 0.011207 0.034811 0.948738 0.005171 0.000073
2 2 0.100539 0.180591 0.710361 0.005825 0.002684
2 2 0.086887 0.348637 0.553432 0.002304 0.008739
2 2 0.001054 0.020581 0.956585 0.021694 0.000085
2 2 0.001136 0.040612 0.955220 0.002917 0.000115
2 2 0.007095 0.087684 0.904349 0.000630 0.000243
2 2 0.000325 0.052431 0.946557 0.000580 0.000107
2 2 0.024493 0.100593 0.797582 0.073334 0.003998
2 2 0.050228 0.188820 0.759481 0.000499 0.000972
2 2 0.150944 0.410277 0.429101 0.000777 0.008902
2 2 0.036689 0.205872 0.744139 0.008365 0.004935
2 2 0.032700 0.276379 0.689462 0.000175 0.001285
2 2 0.057007 0.121802 0.819667 0.001036 0.000487
2 2 0.008107 0.130716 0.841602 0.016940 0.002634
2 2 0.217788 0.228756 0.551653 0.000321 0.001482
2 2 0.003142 0.031593 0.950055 0.015069 0.000141
2 2 0.011145 0.146212 0.839079 0.002404 0.001160
2 2 0.264714 0.239512 0.494832 0.000066 0.000875
2 2 0.050589 0.168793 0.779969 0.000160 0.000489
2 2 0.009934 0.163925 0.824712 0.000546 0.000882
1 2 0.048270 0.725819 0.218758 0.000007 0.007147
0 2 0.556513 0.269776 0.172510 0.000007 0.001194
0 2 0.567337 0.385812 0.042411 0.000001 0.004440
1 2 0.179665 0.481883 0.334516 0.000024 0.003913
1 2 0.169326 0.672861 0.155264 0.000000 0.002549
2 2 0.001044 0.038241 0.960524 0.000158 0.000033
2 2 0.003115 0.137338 0.859103 0.000110 0.000334
1 2 0.128140 0.434891 0.431973 0.000117 0.004880
1 2 0.050625 0.840169 0.092915 0.000002 0.016289
2 2 0.158650 0.138723 0.698176 0.003385 0.001066
2 2 0.265050 0.200107 0.533174 0.000434 0.001234
1 2 0.057098 0.577874 0.358365 0.000047 0.006617
1 2 0.172996 0.463544 0.358347 0.000071 0.005042
2 2 0.316851 0.120789 0.561358 0.000615 0.000388
2 2 0.259655 0.165327 0.574598 0.000087 0.000333
1 2 0.260017 0.625353 0.111692 0.000000 0.002937
2 2 0.215143 0.139269 0.645377 0.000053 0.000157
2 2 0.008863 0.300318 0.689946 0.000020 0.000851
2 2 0.036351 0.165721 0.797431 0.000137 0.000360
0 2 0.390907 0.332305 0.264038 0.001247 0.011502
1 2 0.181219 0.684988 0.091816 0.000042 0.041935
2 2 0.109747 0.084435 0.772768 0.028122 0.004928
2 2 0.006923 0.032329 0.952324 0.008336 0.000088
2 2 0.021413 0.356321 0.621125 0.000028 0.001113
2 2 0.008499 0.131619 0.859725 0.000030 0.000127
2 2 0.022241 0.267285 0.709974 0.000020 0.000479
2 2 0.000633 0.014791 0.984056 0.000512 0.000008
2 2 0.000224 0.004180 0.995420 0.000173 0.000004
2 2 0.003530 0.011166 0.985102 0.000166 0.000036
2 2 0.004122 0.027350 0.968056 0.000455 0.000017
2 2 0.042496 0.120112 0.831672 0.004805 0.000915
2 2 0.010584 0.061594 0.926537 0.001141 0.000144
2 2 0.009181 0.030346 0.957415 0.003015 0.000043
0 2 0.419437 0.172283 0.406267 0.000712 0.001301
2 2 0.053974 0.091165 0.816802 0.036719 0.001341
2 2 0.050410 0.132594 0.814753 0.001531 0.000712
2 2 0.029511 0.052947 0.917434 0.000040 0.000068
2 2 0.002880 0.018668 0.936720 0.041317 0.000415
2 2 0.130222 0.046588 0.805624 0.009521 0.008045
2 2 0.002519 0.028466 0.965288 0.003491 0.000236
2 2 0.000622 0.002213 0.948161 0.048955 0.000048
2 2 0.024127 0.075295 0.881737 0.007319 0.011522
2 2 0.010097 0.153182 0.820533 0.000187 0.016001
2 2 0.029130 0.012501 0.949540 0.007277 0.001552
2 2 0.000242 0.003666 0.992555 0.003363 0.000174
2 2 0.000257 0.002195 0.995798 0.001548 0.000201
2 2 0.000040 0.006486 0.991001 0.001506 0.000967
2 2 0.165964 0.064522 0.762886 0.003501 0.003126
2 2 0.010949 0.306715 0.676423 0.000003 0.005910
2 2 0.063506 0.155477 0.767376 0.002279 0.011362
0 2 0.468351 0.220264 0.284718 0.013736 0.012931
2 2 0.002419 0.031542 0.963590 0.000115 0.002335
2 2 0.003836 0.037816 0.953975 0.004037 0.000336
2 2 0.002362 0.072833 0.922531 0.001924 0.000349
2 2 0.009314 0.133193 0.856586 0.000434 0.000473
1 4 0.348188 0.391116 0.071540 0.000049 0.189108
1 4 0.207802 0.573069 0.198656 0.000110 0.020362
1 4 0.081427 0.609252 0.306238 0.000004 0.003079
1 4 0.191874 0.685569 0.096848 0.000016 0.025693
1 4 0.188335 0.519188 0.289280 0.000013 0.003185
2 4 0.016510 0.462385 0.517404 0.000051 0.003650
0 4 0.952544 0.038240 0.004254 0.000035 0.004927
0 4 0.873076 0.091616 0.026266 0.000301 0.008742
0 4 0.867615 0.096633 0.033289 0.000020 0.002444
0 4 0.953618 0.034183 0.010024 0.000064 0.002111
0 0 0.972837 0.017050 0.006747 0.000034 0.003332
0 4 0.511086 0.433563 0.035021 0.000007 0.020323
0 4 0.452948 0.210731 0.229015 0.000287 0.107019
0 4 0.451885 0.327429 0.089713 0.004560 0.126412
0 4 0.884131 0.084740 0.027684 0.000069 0.003375
0 4 0.686963 0.249971 0.046695 0.000083 0.016288
0 4 0.534329 0.154220 0.287760 0.016259 0.007431
0 4 0.839643 0.079677 0.072417 0.003175 0.005087
0 4 0.761695 0.202412 0.030515 0.000003 0.005375
1 4 0.046219 0.633380 0.315645 0.000009 0.004747
0 4 0.585518 0.178867 0.231706 0.000717 0.003192
0 1 0.863580 0.080826 0.054056 0.000081 0.001456
0 0 0.994627 0.003033 0.000889 0.000005 0.001447
1 1 0.266570 0.623325 0.078180 0.000026 0.031899
0 1 0.562262 0.212064 0.222806 0.000196 0.002672
2 1 0.336070 0.249947 0.412587 0.000083 0.001313
1 1 0.383252 0.527432 0.082176 0.000002 0.007139
0 0 0.994901 0.004416 0.000332 0.000001 0.000350
1 1 0.166865 0.419287 0.410272 0.000064 0.003513
2 1 0.136748 0.338781 0.522142 0.000108 0.002221
2 1 0.025797 0.344550 0.626784 0.000249 0.002620
2 1 0.148218 0.269334 0.577979 0.001143 0.003327
2 1 0.017921 0.106316 0.872937 0.002186 0.000640
2 1 0.003826 0.288301 0.706662 0.000053 0.001158
0 1 0.900280 0.069519 0.028079 0.000054 0.002068
1 1 0.361757 0.524364 0.100497 0.000016 0.013366
0 0 0.673589 0.196621 0.078470 0.006936 0.044384
2 1 0.262572 0.312538 0.420002 0.000432 0.004456
2 1 0.174296 0.145299 0.678601 0.001094 0.000710
2 1 0.016625 0.144130 0.838887 0.000094 0.000265
2 4 0.113666 0.221942 0.662259 0.000620 0.001513
2 2 0.034409 0.096544 0.868864 0.000088 0.000095
2 2 0.124884 0.422903 0.449094 0.000096 0.003023
2 2 0.022915 0.162298 0.813600 0.000470 0.000717
2 2 0.001748 0.034548 0.963157 0.000505 0.000042
2 2 0.070746 0.091157 0.831254 0.006317 0.000526
2 2 0.011091 0.123508 0.864963 0.000076 0.000361
2 2 0.004147 0.060340 0.935110 0.000313 0.000090
2 2 0.007383 0.063845 0.928147 0.000507 0.000118
2 2 0.001286 0.018392 0.978557 0.001747 0.000018
2 2 0.021689 0.057738 0.915274 0.005109 0.000191
2 2 0.214724 0.304113 0.477244 0.000381 0.003538
2 2 0.112873 0.133341 0.750901 0.002121 0.000764
2 2 0.001236 0.030462 0.968003 0.000273 0.000026
2 2 0.000138 0.013631 0.985999 0.000227 0.000005
2 2 0.014662 0.101697 0.882473 0.000785 0.000383
2 2 0.005962 0.141943 0.851821 0.000053 0.000220
2 2 0.011010 0.064004 0.924554 0.000343 0.000089
2 2 0.000362 0.001890 0.986768 0.010957 0.000023
2 2 0.001420 0.017110 0.979176 0.002277 0.000017
2 2 0.413526 0.157042 0.425192 0.002354 0.001886
0 2 0.411576 0.142867 0.387062 0.051129 0.007366
2 2 0.000027 0.001534 0.937229 0.061201 0.000009
2 2 0.000004 0.001749 0.995842 0.002404 0.000000
2 2 0.039020 0.091439 0.867181 0.002009 0.000350
2 2 0.027307 0.188915 0.782634 0.000280 0.000864
2 2 0.249791 0.223056 0.518764 0.003746 0.004641
2 2 0.036253 0.159227 0.801346 0.002023 0.001150
2 2 0.002265 0.089903 0.907779 0.000007 0.000046
2 2 0.000105 0.005989 0.992953 0.000951 0.000002
2 2 0.003634 0.041911 0.924737 0.029389 0.000329
2 2 0.001160 0.092604 0.905083 0.000771 0.000382
2 2 0.020294 0.061577 0.914683 0.003239 0.000207
0 2 0.676235 0.133278 0.185047 0.000810 0.004630
2 2 0.065874 0.312041 0.618568 0.000438 0.003079
0 2 0.389139 0.264142 0.344196 0.000193 0.002330
2 2 0.318104 0.144460 0.523394 0.011462 0.002580
1 2 0.061065 0.628220 0.291786 0.000122 0.018807
0 2 0.698969 0.205774 0.079591 0.000059 0.015606
0 2 0.724923 0.139593 0.131657 0.000482 0.003345
1 1 0.281219 0.404175 0.307231 0.000200 0.007176
1 1 0.112136 0.526809 0.359135 0.000004 0.001917
2 2 0.008493 0.072672 0.918403 0.000307 0.000125
2 2 0.000512 0.023213 0.969767 0.006443 0.000065
2 2 0.051946 0.067235 0.875901 0.004690 0.000228
2 2 0.074421 0.139020 0.784851 0.001073 0.000636
2 2 0.371606 0.188054 0.437982 0.000877 0.001480
1 2 0.197440 0.483659 0.308437 0.000030 0.010434
2 2 0.009331 0.037580 0.937564 0.015369 0.000156
2 2 0.164867 0.172072 0.657763 0.003385 0.001913
2 1 0.072686 0.164626 0.753315 0.006848 0.002525
1 0 0.165282 0.680123 0.145091 0.000005 0.009500
0 1 0.629407 0.281639 0.078115 0.000087 0.010752
1 1 0.370181 0.494510 0.128789 0.000007 0.006513
0 1 0.539083 0.265773 0.189663 0.000177 0.005305
1 1 0.213028 0.514027 0.261242 0.000129 0.011575
2 1 0.164606 0.098785 0.591824 0.141291 0.003494
0 1 0.456715 0.153097 0.387415 0.001283 0.001491
1 1 0.166944 0.540226 0.284934 0.000049 0.007847
0 1 0.841625 0.120811 0.024813 0.000191 0.012559
2 1 0.026564 0.076872 0.892679 0.003557 0.000328
0 1 0.828488 0.084352 0.086151 0.000104 0.000906
2 2 0.141097 0.277988 0.577705 0.000294 0.002917
0 2 0.945035 0.043781 0.010177 0.000005 0.001002
2 2 0.069667 0.260468 0.666947 0.000669 0.002249
2 2 0.359655 0.134502 0.503934 0.001152 0.000758
1 2 0.410807 0.441889 0.127804 0.000174 0.019326
1 2 0.070635 0.672443 0.235250 0.000165 0.021507
2 2 0.249545 0.065831 0.677428 0.003475 0.003721
0 2 0.627713 0.225239 0.123768 0.004188 0.019092
2 2 0.000156 0.014372 0.985382 0.000084 0.000007
2 2 0.004932 0.029595 0.964023 0.001394 0.000056
2 2 0.363277 0.233285 0.401650 0.000230 0.001558
2 2 0.022630 0.068827 0.907947 0.000493 0.000103
2 2 0.006492 0.109475 0.883369 0.000148 0.000516
2 2 0.000486 0.010174 0.989086 0.000220 0.000035
2 2 0.000027 0.002495 0.995479 0.001967 0.000032
2 2 0.000415 0.008520 0.990686 0.000352 0.000027
2 2 0.104334 0.211272 0.681134 0.001343 0.001917
2 2 0.175897 0.154291 0.669394 0.000121 0.000297
2 2 0.289250 0.285893 0.422635 0.000167 0.002055
1 2 0.245097 0.396852 0.354945 0.000047 0.003059
2 2 0.007336 0.200053 0.792000 0.000077 0.000535
2 2 0.156071 0.214285 0.627563 0.000566 0.001515
0 2 0.848021 0.119332 0.029470 0.000014 0.003162
0 0 0.973404 0.022225 0.003469 0.000004 0.000897
0 0 0.860132 0.064708 0.034583 0.000000 0.040577
0 0 0.997413 0.002293 0.000213 0.000000 0.000081
0 0 0.999288 0.000650 0.000037 0.000000 0.000025
0 0 0.997476 0.002169 0.000208 0.000001 0.000145
0 0 0.982628 0.011866 0.004602 0.000127 0.000776
0 0 0.992516 0.005291 0.001093 0.000013 0.001087
0 0 0.996057 0.002801 0.000540 0.000003 0.000598
0 0 0.994720 0.004526 0.000559 0.000001 0.000194
0 0 0.991964 0.003187 0.002022 0.000001 0.002826
0 0 0.955330 0.013764 0.024253 0.000041 0.006612
0 4 0.498221 0.162847 0.305672 0.000279 0.032980
0 4 0.765778 0.118857 0.025045 0.000122 0.090199
0 4 0.656642 0.138177 0.057059 0.000152 0.147970
0 4 0.719848 0.125399 0.080775 0.000511 0.073467
0 4 0.646135 0.064119 0.036947 0.000545 0.252254
0 4 0.949643 0.019537 0.004908 0.000038 0.025874
0 4 0.863843 0.026872 0.007826 0.000005 0.101454
0 4 0.673836 0.026524 0.010205 0.000030 0.289405
0 4 0.586690 0.016228 0.036430 0.000143 0.360509
0 4 0.638234 0.014996 0.037984 0.001160 0.307625
4 4 0.101397 0.029874 0.014947 0.000112 0.853670
4 4 0.192927 0.011540 0.006427 0.000007 0.789099
4 4 0.199195 0.005778 0.016441 0.000107 0.778480
0 4 0.698821 0.010100 0.018702 0.000169 0.272208
4 4 0.036560 0.009252 0.009143 0.000080 0.944965
4 4 0.278276 0.096430 0.042081 0.000968 0.582246
0 4 0.661856 0.012569 0.005013 0.000003 0.320559
0 4 0.662283 0.037859 0.014222 0.000088 0.285548
0 4 0.457994 0.091846 0.134982 0.000423 0.314755
0 4 0.789070 0.102061 0.019038 0.000001 0.089831
0 4 0.981018 0.008840 0.002871 0.000029 0.007242
0 4 0.864344 0.003974 0.004569 0.000004 0.127109
4 4 0.400644 0.021984 0.028325 0.000493 0.548554
0 4 0.514259 0.194370 0.020802 0.000044 0.270526
0 4 0.416013 0.186887 0.048018 0.000037 0.349046
4 4 0.213459 0.049487 0.007759 0.000000 0.729296
0 4 0.664349 0.012210 0.007337 0.000009 0.316095
0 4 0.919297 0.003796 0.003458 0.000003 0.073446
0 4 0.562256 0.022666 0.004586 0.000002 0.410489
0 4 0.420470 0.148248 0.018772 0.000243 0.412266
4 4 0.444308 0.039104 0.017021 0.000116 0.499450
0 4 0.696219 0.011379 0.014961 0.000081 0.277360
4 4 0.443727 0.004616 0.006004 0.000004 0.545649
0 4 0.682909 0.004150 0.005166 0.000003 0.307772
4 4 0.362562 0.003366 0.004877 0.000002 0.629193
4 4 0.127713 0.002544 0.011772 0.000048 0.857923
4 4 0.351475 0.102884 0.057910 0.001209 0.486523
0 4 0.556161 0.079137 0.094979 0.001342 0.268381
0 4 0.750689 0.040016 0.077422 0.000263 0.131611
0 4 0.513401 0.027171 0.015610 0.000061 0.443756
0 4 0.764100 0.008388 0.059842 0.000921 0.166748
0 4 0.873493 0.004617 0.008437 0.000031 0.113422
0 4 0.978009 0.001585 0.002271 0.000004 0.018132
0 4 0.888418 0.009530 0.013638 0.000191 0.088224
0 4 0.857638 0.002486 0.002817 0.000001 0.137058
0 4 0.847697 0.035747 0.004171 0.000005 0.112379
0 4 0.846315 0.016540 0.009406 0.000046 0.127693
0 4 0.747586 0.043145 0.012473 0.000083 0.196714
4 4 0.053465 0.327405 0.123432 0.000002 0.495697
4 4 0.246699 0.290005 0.173164 0.000009 0.290123
0 4 0.906637 0.048865 0.007522 0.000106 0.036870
0 4 0.389429 0.360464 0.220079 0.000230 0.029798
2 4 0.328897 0.100764 0.392910 0.000201 0.177229
4 4 0.109622 0.332707 0.194127 0.000005 0.363539
1 4 0.041184 0.486699 0.100023 0.000006 0.372089
4 4 0.109698 0.244414 0.244640 0.000656 0.400592
1 4 0.186319 0.564143 0.138968 0.000011 0.110558
0 4 0.860508 0.060620 0.010933 0.000002 0.067938
1 1 0.366573 0.460695 0.168101 0.000001 0.004631
1 4 0.281781 0.394643 0.093639 0.000010 0.229928
2 4 0.014771 0.265819 0.650234 0.000090 0.069086
0 4 0.854508 0.051301 0.091573 0.000181 0.002438
1 4 0.032723 0.368803 0.232605 0.000020 0.365849
2 4 0.009993 0.297548 0.528851 0.000098 0.163510
1 4 0.053161 0.465805 0.376130 0.000095 0.104809
2 4 0.064754 0.260406 0.534560 0.000008 0.140271
2 4 0.006185 0.056284 0.928341 0.000039 0.009152
1 4 0.264123 0.469947 0.161294 0.000030 0.104606
0 4 0.706803 0.129531 0.131322 0.001236 0.031108
0 4 0.833960 0.078268 0.022814 0.000385 0.064573
0 4 0.489035 0.118918 0.078475 0.000851 0.312721
0 4 0.843562 0.027553 0.011962 0.000020 0.116903
2 4 0.075750 0.173144 0.585871 0.005773 0.159461
2 4 0.150973 0.093609 0.683904 0.003995 0.067520
4 4 0.008563 0.221011 0.058465 0.000001 0.711960
4 4 0.010736 0.153613 0.030455 0.000001 0.805195
1 4 0.411665 0.414668 0.095359 0.000002 0.078307
0 4 0.831764 0.109008 0.020612 0.000001 0.038614
1 4 0.134310 0.624931 0.162707 0.000083 0.077969
1 4 0.053189 0.603339 0.285849 0.000012 0.057612
0 0 0.595333 0.278371 0.090140 0.000206 0.035950
0 4 0.870049 0.102114 0.011226 0.000001 0.016610
0 4 0.434005 0.234241 0.240105 0.000435 0.091214
2 4 0.025112 0.418735 0.532924 0.000149 0.023080
1 4 0.192898 0.562714 0.132736 0.000364 0.111288
2 4 0.013099 0.441309 0.535038 0.000607 0.009946
2 4 0.084508 0.316021 0.586661 0.000687 0.012124
2 4 0.012054 0.185236 0.798024 0.000349 0.004337
0 4 0.735762 0.204094 0.021730 0.000218 0.038195
0 4 0.543948 0.227046 0.070950 0.029332 0.128725
0 1 0.370721 0.273225 0.239811 0.004151 0.112093
2 1 0.061176 0.192478 0.682508 0.004498 0.059340
2 1 0.292362 0.200761 0.442895 0.000082 0.063900
2 2 0.069346 0.075413 0.850507 0.001418 0.003317
2 2 0.049102 0.281354 0.650529 0.009567 0.009449
2 4 0.000231 0.084923 0.914393 0.000136 0.000317
0 4 0.528469 0.142461 0.080019 0.000008 0.249043
0 0 0.607588 0.282979 0.098055 0.000125 0.011253
2 1 0.012961 0.301280 0.637120 0.011021 0.037619
2 2 0.020174 0.167886 0.761170 0.008865 0.041906
0 2 0.681030 0.114276 0.113742 0.005162 0.085790
0 1 0.881802 0.062845 0.031206 0.000032 0.024115
2 2 0.014530 0.183298 0.790976 0.000074 0.011122
2 2 0.031892 0.075100 0.836285 0.054976 0.001747
0 2 0.554116 0.165854 0.161829 0.017226 0.100975
2 2 0.181083 0.229130 0.573882 0.005740 0.010166
2 2 0.023931 0.328458 0.614335 0.000266 0.033010
2 2 0.003784 0.178709 0.815394 0.000045 0.002068
2 2 0.000396 0.002660 0.995678 0.001221 0.000045
2 2 0.047902 0.134977 0.766826 0.001500 0.048794
0 1 0.481494 0.184854 0.046139 0.000805 0.286708
1 2 0.231535 0.563693 0.079924 0.000016 0.124833
2 2 0.000078 0.003793 0.995512 0.000469 0.000148
2 2 0.000085 0.004701 0.995103 0.000048 0.000062
2 2 0.000113 0.005071 0.994472 0.000243 0.000101
2 2 0.004644 0.070196 0.921240 0.001439 0.002481
2 2 0.000002 0.000441 0.998263 0.001290 0.000004
2 2 0.000003 0.000295 0.998882 0.000819 0.000001
2 2 0.019443 0.144213 0.791647 0.002127 0.042570
2 2 0.002285 0.065613 0.895477 0.035489 0.001136
2 2 0.005229 0.026510 0.904091 0.061560 0.002609
2 2 0.030846 0.132784 0.809353 0.008839 0.018177
2 2 0.000177 0.015228 0.982657 0.000250 0.001688
2 2 0.000205 0.019507 0.976972 0.000854 0.002462
4 2 0.154237 0.166229 0.171608 0.000181 0.507745
0 2 0.514388 0.256904 0.039196 0.000001 0.189510
1 2 0.005068 0.495385 0.263016 0.000078 0.236454
4 2 0.000973 0.402458 0.134288 0.000000 0.462281
1 2 0.019047 0.567278 0.408950 0.000021 0.004704
2 2 0.000090 0.047044 0.944542 0.007838 0.000485
2 2 0.000418 0.026921 0.967343 0.000103 0.005215
2 2 0.000002 0.003653 0.987801 0.008351 0.000192
2 2 0.000011 0.003217 0.971690 0.025021 0.000060
2 2 0.000343 0.004512 0.992266 0.002381 0.000497
2 2 0.005407 0.064681 0.922773 0.005855 0.001284
2 2 0.012361 0.313537 0.624407 0.027632 0.022063
1 2 0.003235 0.581977 0.412366 0.000003 0.002420
1 2 0.074307 0.556518 0.366304 0.000009 0.002862
2 2 0.002659 0.021311 0.974133 0.000826 0.001070
2 2 0.000786 0.008816 0.972874 0.016985 0.000539
2 2 0.000055 0.018810 0.980471 0.000598 0.000066
2 2 0.000094 0.010225 0.988279 0.001380 0.000023
2 2 0.000112 0.006149 0.989240 0.004237 0.000262
2 2 0.000226 0.030828 0.967878 0.000355 0.000714
2 2 0.000001 0.000236 0.994886 0.004875 0.000002
2 2 0.000004 0.002997 0.995264 0.001678 0.000056
2 2 0.000060 0.001732 0.978198 0.019918 0.000092
2 2 0.000968 0.009137 0.971189 0.017349 0.001356
2 2 0.000003 0.000284 0.605439 0.394266 0.000009
2 2 0.000004 0.005884 0.929561 0.063964 0.000587
2 2 0.000000 0.005035 0.994710 0.000010 0.000244
2 2 0.000053 0.023544 0.973841 0.001446 0.001116
2 2 0.000000 0.000152 0.998810 0.001037 0.000001
2 2 0.000007 0.001480 0.970813 0.027663 0.000038
2 2 0.000000 0.000040 0.999634 0.000326 0.000000
2 2 0.000002 0.000496 0.990548 0.008926 0.000027
2 2 0.000000 0.002279 0.997498 0.000194 0.000029
2 2 0.000001 0.000713 0.995100 0.004185 0.000001
2 2 0.000002 0.000327 0.997665 0.001984 0.000022
2 2 0.000000 0.000026 0.998172 0.001802 0.000000
2 2 0.000013 0.000846 0.927053 0.072049 0.000038
2 2 0.000021 0.001404 0.872800 0.125734 0.000042
2 3 0.000216 0.005233 0.599176 0.394961 0.000414
2 3 0.000208 0.004709 0.526723 0.468315 0.000045
2 2 0.003886 0.028315 0.958174 0.002226 0.007399
2 2 0.000798 0.058066 0.937918 0.000513 0.002705
2 2 0.004552 0.161276 0.788635 0.000997 0.044539
2 2 0.001849 0.007244 0.989220 0.001110 0.000577
2 2 0.059742 0.332286 0.557440 0.009235 0.041298
2 2 0.007900 0.133445 0.728566 0.025609 0.104480
2 2 0.001675 0.016658 0.965845 0.014573 0.001248
2 2 0.000898 0.087257 0.897201 0.003862 0.010782
2 2 0.008948 0.036484 0.941644 0.012325 0.000600
2 2 0.002289 0.038248 0.870543 0.088349 0.000570
2 2 0.002437 0.040445 0.931124 0.023139 0.002855
2 2 0.000199 0.007253 0.666701 0.325303 0.000543
2 2 0.000000 0.000111 0.895627 0.104262 0.000000
2 2 0.000005 0.001796 0.631956 0.366233 0.000009
2 2 0.004298 0.056448 0.930246 0.008196 0.000812
2 2 0.002561 0.026529 0.957232 0.013144 0.000535
2 2 0.001427 0.034522 0.949073 0.014311 0.000667
2 2 0.000019 0.001614 0.660038 0.338262 0.000068
2 2 0.001303 0.045848 0.921621 0.030713 0.000515
2 2 0.000171 0.007025 0.862784 0.129864 0.000155
2 2 0.000203 0.000777 0.997645 0.001308 0.000067
2 2 0.000006 0.001210 0.995391 0.003368 0.000025
2 2 0.000006 0.002066 0.997677 0.000239 0.000012
2 2 0.000011 0.010399 0.988883 0.000302 0.000405
2 2 0.011325 0.117084 0.870391 0.000758 0.000442
2 2 0.000798 0.044502 0.954316 0.000032 0.000353
2 2 0.000001 0.000466 0.997073 0.002460 0.000000
2 2 0.000029 0.001937 0.997018 0.001011 0.000006
2 2 0.000007 0.005908 0.992128 0.001560 0.000397
2 2 0.000002 0.001335 0.997427 0.001194 0.000042
2 3 0.000001 0.000365 0.994073 0.005561 0.000000
2 3 0.000025 0.001255 0.975224 0.023489 0.000007
2 2 0.000030 0.001277 0.975779 0.022910 0.000004
2 2 0.000453 0.023277 0.976055 0.000113 0.000102
2 2 0.012420 0.314267 0.671819 0.000089 0.001405
2 2 0.053139 0.302592 0.583977 0.010766 0.049526
2 2 0.004509 0.053242 0.914579 0.007503 0.020167
2 2 0.000019 0.021150 0.976379 0.001584 0.000869
2 2 0.000030 0.003070 0.995656 0.001201 0.000043
2 2 0.000003 0.000367 0.996669 0.002919 0.000042
2 2 0.006984 0.115164 0.870339 0.006372 0.001140
2 2 0.018264 0.261319 0.716933 0.000960 0.002524
2 2 0.001626 0.006724 0.988839 0.002740 0.000071
2 2 0.000223 0.011112 0.977364 0.011157 0.000144
2 2 0.001636 0.032997 0.962806 0.002143 0.000417
2 2 0.000302 0.018795 0.867780 0.112867 0.000255
2 2 0.000690 0.009043 0.985884 0.004189 0.000195
2 2 0.008091 0.338350 0.646159 0.001205 0.006195
2 2 0.001024 0.045645 0.952119 0.000234 0.000978
2 2 0.000028 0.011710 0.837416 0.150699 0.000147
2 2 0.042858 0.217215 0.728691 0.001984 0.009252
2 1 0.202155 0.274178 0.505736 0.008468 0.009463
2 2 0.014029 0.137765 0.677440 0.161293 0.009473
2 2 0.003668 0.087132 0.875311 0.032378 0.001511
2 2 0.001729 0.091394 0.879166 0.025948 0.001763
2 1 0.003784 0.338111 0.644945 0.002661 0.010499
2 1 0.061560 0.295812 0.536970 0.000492 0.105166
2 4 0.006255 0.470114 0.514709 0.000114 0.008808
1 4 0.043656 0.678082 0.252723 0.000166 0.025374
0 4 0.887941 0.081221 0.019554 0.000447 0.010838
1 4 0.101544 0.488866 0.406073 0.000032 0.003486
1 1 0.144341 0.722230 0.096347 0.000034 0.037048
2 1 0.017600 0.266985 0.709171 0.001766 0.004478
2 2 0.007323 0.040463 0.950378 0.000548 0.001287
2 4 0.000960 0.051004 0.946279 0.001584 0.000173
2 4 0.006039 0.293715 0.694580 0.001102 0.004565
2 4 0.032964 0.418262 0.527343 0.003911 0.017521
2 4 0.113276 0.185583 0.697392 0.001937 0.001812
2 1 0.113563 0.265278 0.619142 0.000289 0.001727
2 1 0.039208 0.112462 0.847912 0.000138 0.000280
2 1 0.048648 0.149317 0.800852 0.000547 0.000635
2 1 0.047851 0.141602 0.806535 0.002811 0.001200
1 4 0.340978 0.473994 0.139037 0.000686 0.045306
4 4 0.059895 0.316768 0.231358 0.037418 0.354561
2 2 0.003838 0.016613 0.977672 0.001542 0.000335
2 4 0.001607 0.089007 0.906795 0.000233 0.002357
2 2 0.000313 0.003100 0.987981 0.008329 0.000278
2 2 0.003833 0.040072 0.927047 0.028776 0.000272
0 2 0.633602 0.143680 0.218840 0.001315 0.002563
2 2 0.004162 0.032798 0.961232 0.001708 0.000101
2 2 0.037198 0.079228 0.878460 0.000490 0.004624
2 2 0.021538 0.295821 0.676273 0.001661 0.004707
2 2 0.023966 0.206658 0.766732 0.000994 0.001651
2 2 0.003264 0.029974 0.869690 0.096735 0.000337
2 2 0.000988 0.027665 0.970917 0.000403 0.000026
2 2 0.003728 0.024549 0.960148 0.011511 0.000064
2 2 0.049571 0.099180 0.845958 0.004476 0.000815
2 2 0.050806 0.134593 0.812789 0.001136 0.000676
2 2 0.020048 0.044217 0.931756 0.003884 0.000095
2 2 0.000003 0.000306 0.998839 0.000852 0.000000
2 2 0.000537 0.016871 0.982365 0.000096 0.000131
2 2 0.000067 0.002226 0.997650 0.000035 0.000022
2 2 0.000211 0.005083 0.994609 0.000095 0.000002
2 2 0.001868 0.012130 0.985862 0.000125 0.000016
2 2 0.005371 0.025054 0.956016 0.013494 0.000065
2 2 0.002449 0.053510 0.943956 0.000050 0.000035
2 2 0.001358 0.025958 0.970377 0.002261 0.000046
2 2 0.000079 0.006552 0.991776 0.001580 0.000013
2 2 0.000730 0.009761 0.984360 0.005138 0.000011
0 0 0.484317 0.305271 0.188760 0.001468 0.020184
2 1 0.000762 0.213695 0.783885 0.000234 0.001424
2 2 0.039381 0.122217 0.830134 0.006949 0.001320
2 1 0.020675 0.194892 0.744051 0.005450 0.034932
2 2 0.019806 0.052638 0.926196 0.000883 0.000478
2 2 0.003991 0.337357 0.649761 0.001710 0.007182
2 2 0.010374 0.290557 0.692656 0.000943 0.005470
2 2 0.000160 0.043909 0.953500 0.000038 0.002393
2 2 0.011467 0.069217 0.898727 0.000014 0.020574
1 1 0.008902 0.494358 0.420163 0.000993 0.075584
2 2 0.039692 0.328379 0.555946 0.000246 0.075737
2 2 0.006918 0.276985 0.683262 0.000141 0.032694
2 2 0.000031 0.040057 0.958618 0.000009 0.001284
1 2 0.019640 0.606762 0.346168 0.000038 0.027393
2 2 0.003699 0.147550 0.823348 0.000458 0.024945
2 2 0.000094 0.014028 0.985771 0.000084 0.000023
2 2 0.001507 0.035321 0.962335 0.000783 0.000054
2 2 0.000062 0.002244 0.990673 0.007018 0.000003
2 2 0.000212 0.007946 0.991507 0.000333 0.000003
2 2 0.000001 0.000745 0.999013 0.000240 0.000001
2 2 0.000240 0.012380 0.985054 0.002312 0.000014
2 2 0.102577 0.248450 0.640757 0.003744 0.004472
2 2 0.006637 0.051612 0.941082 0.000590 0.000079
2 2 0.014900 0.138942 0.845117 0.000538 0.000503
1 1 0.175302 0.648344 0.160983 0.000027 0.015343
2 1 0.002014 0.009438 0.987595 0.000687 0.000267
2 2 0.017832 0.045513 0.929591 0.006712 0.000352
2 2 0.000112 0.000943 0.998896 0.000046 0.000003
2 2 0.000650 0.010757 0.988585 0.000006 0.000003
2 2 0.002254 0.117996 0.879464 0.000090 0.000196
2 2 0.004169 0.408441 0.587002 0.000001 0.000387
2 2 0.151724 0.227821 0.608651 0.007175 0.004628
2 2 0.023638 0.085404 0.888637 0.001987 0.000334
2 2 0.000808 0.028762 0.952596 0.017657 0.000177
2 2 0.000341 0.013060 0.931883 0.054650 0.000067
2 2 0.027240 0.166156 0.795528 0.008665 0.002411
2 2 0.090493 0.170168 0.727662 0.008677 0.003000
2 2 0.032792 0.468351 0.487731 0.000619 0.010507
2 2 0.003909 0.225580 0.767324 0.000832 0.002354
2 2 0.158067 0.199402 0.637506 0.001301 0.003724
1 4 0.062861 0.511668 0.411903 0.000005 0.013563
1 4 0.226759 0.567495 0.180458 0.000257 0.025031
2 4 0.131589 0.390458 0.472792 0.000271 0.004889
2 4 0.211677 0.314361 0.465181 0.001992 0.006790
2 4 0.012692 0.126037 0.860746 0.000143 0.000382
0 4 0.798046 0.120423 0.075831 0.000474 0.005226
0 4 0.549478 0.200158 0.246116 0.000594 0.003654
2 4 0.097332 0.189610 0.712513 0.000098 0.000447
2 4 0.043733 0.355709 0.598019 0.000144 0.002394
2 4 0.339986 0.290976 0.367651 0.000053 0.001335
0 4 0.854502 0.092835 0.034513 0.000241 0.017909
1 4 0.042145 0.652672 0.289319 0.000027 0.015837
0 4 0.325627 0.225165 0.264584 0.001251 0.183372
2 4 0.004503 0.301981 0.687001 0.000974 0.005541
2 4 0.022786 0.344370 0.624369 0.001443 0.007032
0 4 0.501431 0.260580 0.232260 0.000416 0.005313
0 4 0.487779 0.291073 0.199747 0.003391 0.018010
2 4 0.020141 0.236823 0.741700 0.000263 0.001073
2 4 0.050652 0.468301 0.475100 0.000173 0.005775
2 4 0.034233 0.419583 0.521949 0.004575 0.019659
1 4 0.007845 0.650075 0.300530 0.000377 0.041173
2 4 0.001888 0.121048 0.871924 0.000168 0.004972
2 4 0.006403 0.474543 0.513126 0.000136 0.005792
2 4 0.070935 0.076033 0.784968 0.000212 0.067852
2 4 0.009351 0.067964 0.889048 0.021119 0.012518
2 4 0.003923 0.302239 0.638263 0.000018 0.055557
2 4 0.013377 0.246812 0.649826 0.000064 0.089921
1 4 0.203903 0.384124 0.334251 0.000065 0.077656
2 4 0.213402 0.244835 0.515800 0.002504 0.023459
2 4 0.273457 0.154003 0.339593 0.004601 0.228345
4 4 0.093102 0.043852 0.041131 0.004247 0.817668
4 4 0.121369 0.019880 0.023962 0.000254 0.834536
4 4 0.033130 0.010175 0.150364 0.018592 0.787740
4 4 0.167518 0.054228 0.112630 0.004843 0.660780
4 4 0.072218 0.106737 0.064853 0.000011 0.756181
0 4 0.820728 0.041135 0.067237 0.001918 0.068982
2 4 0.006032 0.203447 0.408112 0.005734 0.376675
1 4 0.094233 0.510315 0.168215 0.000976 0.226260
0 4 0.334109 0.120724 0.129650 0.098248 0.317270
0 4 0.821995 0.025279 0.064223 0.001292 0.087211
4 4 0.245781 0.042954 0.032121 0.000238 0.678906
4 4 0.076524 0.025362 0.012309 0.000106 0.885698
4 4 0.075282 0.039808 0.042927 0.004665 0.837317
4 4 0.091253 0.026650 0.045684 0.005465 0.830949
4 4 0.350008 0.024510 0.020542 0.000194 0.604745
4 4 0.163741 0.106069 0.225903 0.011949 0.492339
2 4 0.075742 0.065310 0.446045 0.053785 0.359118
4 4 0.181736 0.013560 0.013813 0.000027 0.790865
0 4 0.755248 0.003490 0.019434 0.000028 0.221800
0 4 0.761649 0.003906 0.011444 0.000040 0.222961
0 4 0.875796 0.009932 0.011703 0.000100 0.102470
0 4 0.732917 0.030143 0.051531 0.002143 0.183266
4 4 0.165936 0.048977 0.114602 0.012995 0.657489
0 4 0.833445 0.010847 0.008303 0.000026 0.147380
1 4 0.063189 0.357048 0.268610 0.000826 0.310326
0 4 0.773055 0.073567 0.021127 0.000183 0.132069
0 4 0.527528 0.253137 0.049679 0.001961 0.167695
0 4 0.683052 0.043680 0.082296 0.002421 0.188550
0 4 0.481482 0.074043 0.101991 0.006420 0.336063
0 4 0.579054 0.043836 0.059000 0.002161 0.315949
4 4 0.320835 0.019979 0.027339 0.000461 0.631387
4 4 0.033454 0.003814 0.003430 0.000004 0.959297
4 4 0.122913 0.018660 0.009591 0.000035 0.848801
0 4 0.599676 0.003660 0.036039 0.000256 0.360369
4 4 0.144535 0.021951 0.015581 0.000138 0.817795
1 4 0.090634 0.386301 0.151608 0.000090 0.371368
2 4 0.084863 0.283494 0.563025 0.000048 0.068570
0 4 0.530460 0.049315 0.103783 0.000229 0.316212
4 4 0.120117 0.045288 0.041803 0.000579 0.792214
4 4 0.161815 0.022417 0.033902 0.001351 0.780514
0 4 0.604129 0.040205 0.009668 0.000024 0.345973
0 4 0.516346 0.081383 0.360022 0.008430 0.033818
2 4 0.183744 0.190967 0.349735 0.013341 0.262213
2 4 0.303699 0.319310 0.356313 0.000033 0.020645
2 4 0.063742 0.388532 0.541161 0.000257 0.006309
2 4 0.000002 0.001496 0.998380 0.000093 0.000029
2 4 0.000002 0.005888 0.994078 0.000010 0.000022
2 4 0.000370 0.440822 0.555751 0.000002 0.003055
2 4 0.028317 0.274730 0.675493 0.002362 0.019097
2 4 0.056005 0.365759 0.568868 0.001559 0.007809
2 4 0.145017 0.405930 0.427523 0.003542 0.017988
2 4 0.017322 0.196026 0.777769 0.005238 0.003646
2 4 0.009454 0.393378 0.595969 0.000013 0.001186
2 4 0.027841 0.146866 0.822998 0.001466 0.000829
0 4 0.841419 0.067786 0.078937 0.007338 0.004519
0 4 0.879185 0.084852 0.032447 0.000083 0.003433
2 4 0.212218 0.368958 0.388171 0.006356 0.024297
2 4 0.012846 0.165589 0.817736 0.000622 0.003206
2 4 0.051708 0.113148 0.797969 0.000541 0.036634
2 4 0.182207 0.176319 0.634536 0.000914 0.006025
2 0 0.132369 0.103824 0.760339 0.000661 0.002807
1 4 0.024438 0.427712 0.331953 0.000430 0.215467
1 4 0.000380 0.656280 0.299162 0.000012 0.044167
2 4 0.009903 0.456146 0.477897 0.000355 0.055698
2 4 0.013343 0.207671 0.770026 0.004854 0.004105
1 4 0.050759 0.466478 0.423279 0.003057 0.056427
1 4 0.094572 0.482867 0.392866 0.002884 0.026811
1 4 0.122816 0.651441 0.173327 0.000002 0.052414
1 4 0.289976 0.584183 0.042859 0.000047 0.082935
1 0 0.111135 0.663131 0.015025 0.000020 0.210689
2 4 0.081855 0.269192 0.532245 0.000155 0.116553
0 4 0.675666 0.084049 0.076591 0.017510 0.146184
0 4 0.673921 0.108899 0.198991 0.000182 0.018008
1 4 0.031089 0.631140 0.303641 0.000576 0.033554
1 4 0.036765 0.584509 0.320462 0.002381 0.055883
0 4 0.471880 0.160223 0.186515 0.050270 0.131112
1 4 0.239282 0.286365 0.097430 0.101547 0.275377
1 4 0.240769 0.346555 0.166976 0.017802 0.227898
1 4 0.106169 0.491744 0.302246 0.003321 0.096520
1 4 0.317938 0.434306 0.197009 0.004025 0.046722
1 4 0.073569 0.567201 0.172787 0.003837 0.182606
2 4 0.062054 0.449151 0.470981 0.001640 0.016173
1 4 0.031222 0.461148 0.456453 0.004639 0.046539
2 4 0.068274 0.321707 0.522308 0.003716 0.083996
2 2 0.002185 0.153056 0.843857 0.000033 0.000869
0 4 0.511672 0.249235 0.111232 0.022162 0.105699
0 2 0.544907 0.295043 0.066673 0.005572 0.087805
2 2 0.002555 0.018603 0.971394 0.002594 0.004855
2 2 0.000127 0.001959 0.974708 0.022959 0.000247
2 2 0.154147 0.183896 0.423177 0.009047 0.229733
1 1 0.044555 0.688756 0.227721 0.000416 0.038552
2 2 0.000016 0.008580 0.991008 0.000074 0.000322
2 2 0.000126 0.003798 0.995821 0.000139 0.000117
2 2 0.000012 0.000515 0.998681 0.000790 0.000002
2 2 0.000006 0.000962 0.998938 0.000083 0.000011
2 2 0.001604 0.025872 0.966877 0.001041 0.004606
2 2 0.008036 0.017469 0.950991 0.020256 0.003248
2 2 0.016869 0.019059 0.955044 0.000089 0.008939
2 1 0.002523 0.079815 0.864351 0.000000 0.053311
2 2 0.001747 0.063750 0.925657 0.003219 0.005627
2 2 0.000297 0.008746 0.989562 0.000021 0.001375
2 2 0.000004 0.001968 0.996722 0.001037 0.000269
2 2 0.000313 0.034793 0.962253 0.000130 0.002511
2 2 0.000000 0.000041 0.970521 0.029434 0.000004
2 2 0.000027 0.002151 0.992609 0.005086 0.000127
2 2 0.000015 0.000738 0.998975 0.000249 0.000022
2 2 0.000000 0.000064 0.998664 0.001271 0.000001
2 1 0.000218 0.005154 0.994229 0.000234 0.000165
2 2 0.000001 0.000138 0.998162 0.001697 0.000002
2 2 0.000000 0.000639 0.987818 0.011532 0.000011
2 2 0.000001 0.001008 0.993201 0.005780 0.000011
2 2 0.000007 0.000331 0.986987 0.012652 0.000023
2 2 0.000068 0.003480 0.991426 0.004725 0.000301
2 2 0.000004 0.005037 0.994221 0.000659 0.000078
2 2 0.000007 0.002658 0.996794 0.000421 0.000120
2 2 0.000000 0.000249 0.938162 0.061576 0.000013
2 3 0.000007 0.002395 0.509987 0.485168 0.002444
2 2 0.000000 0.000354 0.993608 0.006007 0.000031
2 2 0.000001 0.000400 0.709377 0.290214 0.000008
2 2 0.386075 0.038411 0.400925 0.000388 0.174201
2 1 0.000258 0.326403 0.394088 0.000275 0.278976
2 2 0.000002 0.002206 0.939375 0.058170 0.000246
2 2 0.000022 0.007880 0.961100 0.030630 0.000368
2 2 0.000412 0.005923 0.941465 0.051451 0.000749
2 2 0.000038 0.001631 0.987492 0.010805 0.000034
2 2 0.000002 0.000490 0.998112 0.001360 0.000036
2 3 0.000055 0.004291 0.995020 0.000298 0.000336
2 2 0.000003 0.001701 0.996710 0.001508 0.000078
2 3 0.000000 0.000648 0.993298 0.006042 0.000011
2 3 0.000121 0.001386 0.993525 0.004752 0.000216
2 2 0.000341 0.004197 0.985323 0.009900 0.000238
2 2 0.000003 0.000310 0.965328 0.034359 0.000001
2 2 0.000003 0.001736 0.995687 0.002572 0.000002
2 2 0.000001 0.000262 0.995814 0.003921 0.000001
2 2 0.000000 0.000123 0.992208 0.007669 0.000000
2 2 0.000000 0.000626 0.999219 0.000148 0.000006
2 2 0.000001 0.000513 0.998956 0.000531 0.000000
2 2 0.000005 0.003741 0.971690 0.024553 0.000010
2 2 0.000017 0.018998 0.979749 0.001195 0.000040
2 3 0.000000 0.000304 0.704129 0.295556 0.000011
2 2 0.000000 0.000142 0.897762 0.102096 0.000000
2 3 0.000005 0.000441 0.989766 0.009786 0.000002
2 2 0.000006 0.000918 0.765163 0.233905 0.000008
2 2 0.000093 0.008485 0.848921 0.142440 0.000061
2 2 0.000002 0.002346 0.993384 0.004267 0.000001
2 2 0.000001 0.000824 0.989339 0.009830 0.000006
2 2 0.000045 0.013773 0.787542 0.198458 0.000183
2 2 0.000034 0.001498 0.892094 0.106334 0.000041
2 2 0.000000 0.000296 0.996395 0.003307 0.000001
2 2 0.000001 0.000209 0.972885 0.026902 0.000003
2 2 0.000000 0.000159 0.543947 0.455893 0.000001
2 2 0.000001 0.000326 0.948500 0.051173 0.000000
3 2 0.000001 0.000399 0.476256 0.523343 0.000001
2 3 0.000000 0.000185 0.961025 0.038788 0.000001
2 2 0.000000 0.000148 0.820387 0.179464 0.000001
