0 0 0.999306 0.000093 0.000082 0.000519 0.000001
0 0 0.998111 0.000932 0.000550 0.000311 0.000095
0 0 0.899305 0.034225 0.014729 0.002802 0.048940
0 0 0.972814 0.010640 0.004628 0.000569 0.011350
0 0 0.957151 0.018321 0.007615 0.000653 0.016260
0 0 0.875164 0.093244 0.028194 0.000042 0.003355
0 0 0.925581 0.049525 0.020835 0.001043 0.003016
0 0 0.915671 0.058220 0.024311 0.000748 0.001051
0 0 0.694798 0.216271 0.051857 0.000017 0.037057
0 0 0.899226 0.043637 0.017804 0.001177 0.038157
0 0 0.532834 0.150882 0.051335 0.000320 0.264629
0 0 0.605435 0.250957 0.070233 0.000165 0.073211
0 0 0.720173 0.138921 0.085852 0.044425 0.010629
0 0 0.878965 0.079632 0.034844 0.002878 0.003681
1 1 0.126843 0.593361 0.241069 0.000274 0.038453
2 2 0.004302 0.384698 0.544125 0.000181 0.066694
2 2 0.006943 0.062846 0.928639 0.000269 0.001303
2 2 0.015131 0.164674 0.786452 0.000064 0.033679
2 2 0.000409 0.022257 0.970060 0.002095 0.005178
2 2 0.000077 0.017173 0.980545 0.000436 0.001770
2 2 0.000005 0.005930 0.989192 0.000845 0.004027
2 2 0.000338 0.035206 0.955972 0.000065 0.008419
2 2 0.000025 0.013534 0.979649 0.001715 0.005078
2 2 0.000144 0.047124 0.940648 0.000220 0.011864
2 2 0.000015 0.003148 0.994254 0.002219 0.000364
2 2 0.000074 0.006767 0.992428 0.000210 0.000521
2 2 0.000000 0.001008 0.959742 0.039048 0.000202
2 2 0.000008 0.003133 0.984222 0.012264 0.000372
2 2 0.000439 0.057801 0.909532 0.018599 0.013629
2 2 0.002587 0.084222 0.903545 0.004458 0.005188
1 1 0.116196 0.544963 0.300633 0.000030 0.038178
1 0 0.141708 0.524903 0.172336 0.000016 0.161037
0 0 0.484373 0.314965 0.141913 0.037244 0.021505
1 0 0.173530 0.591707 0.157783 0.000339 0.076642
1 0 0.301868 0.521960 0.160437 0.000169 0.015566
1 1 0.146055 0.609807 0.227505 0.000071 0.016563
2 2 0.000203 0.069851 0.920208 0.001257 0.008481
2 2 0.001768 0.079412 0.913431 0.002316 0.003073
2 4 0.008589 0.093545 0.614332 0.009711 0.273823
4 4 0.021431 0.176932 0.112509 0.000021 0.689108
4 4 0.004209 0.297783 0.317071 0.000006 0.380931
4 4 0.004732 0.171186 0.193117 0.000003 0.630963
4 4 0.005157 0.213613 0.201695 0.000001 0.579533
4 4 0.013217 0.191850 0.144664 0.000011 0.650258
1 4 0.032089 0.390689 0.249292 0.000041 0.327890
4 4 0.030073 0.136103 0.098054 0.000267 0.735503
4 4 0.006261 0.191948 0.155871 0.000001 0.645920
4 4 0.010392 0.315463 0.246784 0.000021 0.427340
1 4 0.125803 0.592158 0.196604 0.000003 0.085431
1 4 0.126492 0.369182 0.239655 0.000013 0.264657
1 4 0.097718 0.555862 0.246751 0.000027 0.099641
1 4 0.169589 0.665411 0.130944 0.000001 0.034055
1 4 0.072248 0.623460 0.096067 0.000000 0.208225
4 4 0.016218 0.291474 0.134678 0.000001 0.557629
4 4 0.014741 0.263019 0.134468 0.000001 0.587771
1 4 0.022525 0.462420 0.195070 0.000000 0.319984
1 4 0.105464 0.574404 0.114715 0.000002 0.205415
1 4 0.015200 0.558029 0.290441 0.000003 0.136326
1 4 0.016726 0.593673 0.292192 0.000001 0.097409
4 4 0.012856 0.227820 0.134748 0.000001 0.624575
1 4 0.019700 0.420557 0.220402 0.000032 0.339310
4 4 0.015021 0.274068 0.144974 0.000001 0.565935
4 4 0.026047 0.310356 0.153006 0.000015 0.510577
4 4 0.007999 0.217275 0.183512 0.000000 0.591213
1 4 0.008694 0.411892 0.238967 0.000000 0.340447
4 4 0.012651 0.322937 0.170793 0.000000 0.493618
4 4 0.056729 0.195589 0.149732 0.000119 0.597833
1 4 0.185656 0.455762 0.246659 0.000106 0.111817
4 4 0.029652 0.347438 0.246487 0.000010 0.376413
2 4 0.007166 0.279566 0.376674 0.000005 0.336590
1 4 0.005835 0.501951 0.302144 0.000002 0.190068
4 4 0.020904 0.371295 0.212427 0.000052 0.395322
1 4 0.148567 0.380010 0.255149 0.001081 0.215193
0 4 0.606006 0.125404 0.043375 0.000303 0.224913
1 4 0.034112 0.620178 0.253444 0.000000 0.092266
1 4 0.022781 0.608840 0.258520 0.000000 0.109859
1 4 0.032980 0.614635 0.238979 0.000002 0.113404
1 4 0.064814 0.534400 0.224982 0.000004 0.175800
4 4 0.017958 0.184838 0.115277 0.000008 0.681919
4 4 0.026561 0.209826 0.106512 0.000009 0.657091
1 4 0.049764 0.577743 0.249991 0.000000 0.122502
1 4 0.007606 0.452270 0.273154 0.000000 0.266969
2 4 0.001539 0.202108 0.469881 0.000002 0.326471
4 4 0.002789 0.216238 0.381705 0.000003 0.399265
4 4 0.025141 0.362563 0.231006 0.000005 0.381284
1 4 0.010448 0.473411 0.212504 0.000001 0.303637
1 4 0.028573 0.417383 0.375953 0.000011 0.178080
2 2 0.002754 0.199095 0.440000 0.000010 0.358141
2 2 0.000129 0.032450 0.953212 0.000215 0.013994
2 2 0.013915 0.296485 0.623213 0.000011 0.066376
2 2 0.000126 0.053142 0.897723 0.000018 0.048991
2 2 0.001059 0.104011 0.832445 0.000033 0.062451
2 2 0.002551 0.017743 0.978044 0.000075 0.001588
2 2 0.001291 0.009946 0.987466 0.000153 0.001145
2 2 0.000046 0.006225 0.993082 0.000382 0.000265
2 2 0.000170 0.009335 0.988907 0.000558 0.001031
2 2 0.002324 0.030697 0.961704 0.004264 0.001011
2 2 0.000240 0.015172 0.978972 0.005276 0.000339
2 2 0.000038 0.003933 0.982715 0.013243 0.000071
2 2 0.000567 0.006206 0.968208 0.024696 0.000323
2 2 0.000000 0.000185 0.885372 0.114441 0.000002
2 2 0.000006 0.001439 0.694129 0.304257 0.000170
2 2 0.000011 0.007254 0.983824 0.008539 0.000372
2 2 0.000149 0.008799 0.979698 0.010687 0.000667
2 2 0.000020 0.001841 0.895979 0.102043 0.000116
3 3 0.000011 0.000118 0.145640 0.854230 0.000002
2 3 0.000005 0.003160 0.966850 0.029882 0.000103
2 3 0.000052 0.016567 0.968934 0.008875 0.005572
2 3 0.000008 0.002149 0.898874 0.098920 0.000049
2 3 0.000007 0.001137 0.889508 0.109300 0.000049
2 3 0.000034 0.004032 0.646331 0.349195 0.000408
2 3 0.000005 0.005131 0.937996 0.056026 0.000841
3 3 0.000021 0.002679 0.302704 0.691548 0.003048
3 3 0.000002 0.000140 0.125482 0.874364 0.000013
2 3 0.000007 0.002104 0.889715 0.108122 0.000052
2 3 0.000032 0.002604 0.736596 0.260727 0.000041
2 3 0.000843 0.020871 0.929778 0.047958 0.000551
2 3 0.000002 0.000442 0.751122 0.248429 0.000004
3 3 0.000883 0.020461 0.410941 0.560556 0.007159
2 3 0.000123 0.025994 0.921476 0.048710 0.003698
2 3 0.000017 0.004046 0.917307 0.078496 0.000135
2 3 0.000009 0.001231 0.680691 0.318040 0.000030
2 3 0.000349 0.004540 0.643698 0.351388 0.000026
3 3 0.000074 0.001038 0.238614 0.760252 0.000023
3 3 0.000002 0.000150 0.258381 0.741465 0.000002
3 3 0.000000 0.000032 0.335493 0.664475 0.000000
3 3 0.000004 0.000316 0.370954 0.628721 0.000005
2 3 0.000047 0.003989 0.907660 0.088273 0.000030
3 3 0.000000 0.000014 0.136825 0.863161 0.000000
3 3 0.000000 0.000056 0.329269 0.670674 0.000001
3 3 0.000001 0.000204 0.356834 0.642952 0.000009
3 3 0.000001 0.000295 0.351179 0.648508 0.000016
3 3 0.000131 0.000684 0.139225 0.859951 0.000008
2 3 0.002266 0.018604 0.628980 0.349844 0.000306
3 3 0.000002 0.000039 0.030346 0.969611 0.000003
3 3 0.000001 0.000064 0.148132 0.851802 0.000001
3 3 0.000001 0.000141 0.365515 0.634341 0.000003
3 3 0.000045 0.001298 0.277525 0.721087 0.000045
2 3 0.000000 0.000014 0.769600 0.230386 0.000000
2 3 0.000076 0.001425 0.539026 0.459468 0.000006
2 3 0.000250 0.005971 0.564196 0.429397 0.000186
3 3 0.003188 0.004148 0.072738 0.919652 0.000274
3 3 0.000371 0.005142 0.207405 0.786013 0.001070
2 3 0.000481 0.016270 0.858728 0.124243 0.000277
2 3 0.000001 0.000256 0.548868 0.450869 0.000005
2 3 0.000058 0.004548 0.857260 0.138067 0.000067
3 3 0.000000 0.000008 0.251633 0.748359 0.000000
3 3 0.000021 0.000631 0.410052 0.589292 0.000004
2 3 0.000140 0.002749 0.509184 0.487889 0.000039
3 3 0.000004 0.000196 0.201875 0.797921 0.000004
3 3 0.000000 0.000030 0.078607 0.921362 0.000001
3 3 0.000007 0.000485 0.208373 0.791089 0.000046
3 3 0.000013 0.000762 0.305317 0.693872 0.000036
2 3 0.000008 0.002334 0.892849 0.104755 0.000053
3 3 0.000000 0.000033 0.085116 0.914850 0.000001
3 3 0.000001 0.000034 0.034933 0.965031 0.000002
3 3 0.000530 0.004167 0.191417 0.803519 0.000367
3 3 0.000016 0.000195 0.053526 0.946252 0.000011
3 3 0.000175 0.001480 0.114069 0.884137 0.000139
3 3 0.001746 0.002605 0.083223 0.912346 0.000081
3 3 0.001398 0.009528 0.427274 0.561590 0.000210
3 3 0.000112 0.001116 0.240304 0.758455 0.000012
2 3 0.000070 0.003310 0.539453 0.457036 0.000131
3 3 0.000569 0.008154 0.490677 0.500374 0.000227
2 3 0.000004 0.000527 0.525361 0.474098 0.000010
2 3 0.000094 0.014750 0.887585 0.096232 0.001339
3 3 0.000080 0.001376 0.073910 0.923879 0.000756
3 3 0.000278 0.007582 0.286535 0.702948 0.002657
3 3 0.000044 0.000630 0.260301 0.739020 0.000005
3 3 0.000005 0.000045 0.050824 0.949126 0.000000
3 3 0.000001 0.000131 0.250378 0.749486 0.000003
3 3 0.000001 0.000047 0.088630 0.911321 0.000001
3 3 0.000022 0.000342 0.105219 0.894399 0.000017
3 3 0.000004 0.000056 0.044333 0.955606 0.000001
3 3 0.000001 0.000016 0.042357 0.957626 0.000000
3 3 0.000000 0.000041 0.168712 0.831246 0.000000
3 3 0.000001 0.000148 0.242129 0.757714 0.000008
3 3 0.000020 0.000435 0.267056 0.732486 0.000004
3 3 0.000057 0.003198 0.399732 0.596637 0.000376
3 3 0.000004 0.000293 0.169569 0.830109 0.000025
3 3 0.000014 0.000658 0.295468 0.703839 0.000021
3 3 0.000012 0.000779 0.333245 0.665929 0.000036
3 3 0.000168 0.001709 0.126152 0.871781 0.000188
3 3 0.000010 0.000297 0.081926 0.917723 0.000045
3 3 0.001923 0.013412 0.239514 0.743146 0.002005
3 3 0.000096 0.001555 0.134282 0.863871 0.000196
3 3 0.000008 0.000700 0.235015 0.764197 0.000080
2 3 0.000000 0.000112 0.563774 0.436112 0.000001
3 3 0.000006 0.000165 0.060134 0.939672 0.000023
3 3 0.000001 0.000042 0.139857 0.860100 0.000000
2 3 0.038034 0.130170 0.764500 0.050632 0.016663
2 2 0.156518 0.213770 0.608911 0.010969 0.009831
2 1 0.012520 0.393953 0.565214 0.000463 0.027850
1 2 0.022512 0.633084 0.316423 0.000004 0.027977
2 2 0.001055 0.149276 0.814304 0.007404 0.027961
2 2 0.000159 0.040843 0.937611 0.002216 0.019171
0 0 0.585308 0.251674 0.136730 0.006193 0.020095
0 0 0.786576 0.152601 0.057726 0.000842 0.002254
0 0 0.519149 0.085904 0.032472 0.003874 0.358601
0 0 0.459413 0.367521 0.104209 0.000299 0.068558
1 1 0.006292 0.452550 0.275505 0.000001 0.265653
2 2 0.000464 0.161766 0.802404 0.000040 0.035326
2 2 0.000101 0.011975 0.979727 0.003086 0.005111
2 2 0.002836 0.026537 0.957149 0.003868 0.009609
0 2 0.632060 0.050028 0.024591 0.000816 0.292506
4 2 0.044520 0.043765 0.025576 0.000116 0.886024
2 2 0.000590 0.096476 0.802168 0.000057 0.100709
4 2 0.006577 0.202847 0.341909 0.000040 0.448626
2 2 0.000552 0.244293 0.690246 0.000006 0.064904
2 2 0.000161 0.086769 0.877388 0.000024 0.035658
4 2 0.004198 0.088860 0.393132 0.000054 0.513756
4 2 0.079302 0.258972 0.141526 0.000002 0.520198
4 2 0.010933 0.377267 0.204820 0.000001 0.406979
4 2 0.008302 0.330235 0.174780 0.000000 0.486683
4 2 0.011499 0.243890 0.199681 0.000000 0.544929
4 2 0.005647 0.219977 0.307548 0.000001 0.466828
2 2 0.002123 0.134194 0.568780 0.000009 0.294895
2 2 0.003596 0.195377 0.492202 0.000005 0.308820
4 2 0.003062 0.146054 0.390023 0.000004 0.460857
4 4 0.008268 0.222988 0.199102 0.000008 0.569634
4 4 0.291577 0.036862 0.019851 0.000061 0.651648
4 4 0.053129 0.208804 0.103986 0.000002 0.634079
2 4 0.001605 0.184973 0.741552 0.000183 0.071687
2 0 0.027884 0.228848 0.712260 0.002255 0.028753
0 0 0.986214 0.010667 0.003117 0.000000 0.000001
1 0 0.042299 0.828560 0.129063 0.000000 0.000078
2 0 0.001810 0.345724 0.402859 0.000001 0.249607
1 0 0.000507 0.722568 0.269041 0.000000 0.007884
1 0 0.002924 0.829674 0.165794 0.000000 0.001607
1 0 0.109215 0.729586 0.157338 0.000013 0.003849
0 0 0.593011 0.308017 0.094247 0.000199 0.004527
1 0 0.207453 0.538438 0.193736 0.000091 0.060282
0 0 0.596824 0.266112 0.079242 0.000018 0.057803
1 0 0.352097 0.392936 0.086742 0.000026 0.168199
1 0 0.038290 0.709038 0.178700 0.000000 0.073972
1 1 0.001671 0.601912 0.287226 0.000000 0.109191
2 1 0.001471 0.076146 0.916201 0.000041 0.006141
2 2 0.000873 0.083661 0.886919 0.000130 0.028417
2 2 0.000542 0.055245 0.919019 0.000116 0.025078
2 2 0.001184 0.184892 0.724596 0.000014 0.089313
2 2 0.000337 0.050613 0.925696 0.000065 0.023289
2 2 0.000361 0.028962 0.938533 0.000352 0.031792
2 2 0.000651 0.174281 0.762016 0.000004 0.063048
2 2 0.000455 0.076977 0.903542 0.000014 0.019011
1 2 0.037885 0.573500 0.239787 0.000001 0.148828
1 2 0.069333 0.353185 0.225160 0.000008 0.352313
1 2 0.224722 0.596529 0.138961 0.000050 0.039739
1 2 0.064786 0.664427 0.193961 0.000001 0.076825
2 2 0.005097 0.230572 0.472325 0.000003 0.292003
2 2 0.000807 0.146407 0.719287 0.000004 0.133495
2 2 0.000022 0.016657 0.979323 0.000006 0.003991
2 2 0.002271 0.123198 0.814184 0.000021 0.060325
2 2 0.002620 0.255692 0.584741 0.000010 0.156937
2 2 0.004136 0.144290 0.788589 0.000019 0.062965
1 2 0.046546 0.461314 0.439173 0.000002 0.052964
1 2 0.029044 0.725810 0.207303 0.000000 0.037843
2 2 0.000033 0.026109 0.972896 0.000024 0.000938
2 2 0.005174 0.228610 0.740760 0.000019 0.025438
0 2 0.460578 0.404030 0.112509 0.000005 0.022878
0 0 0.755550 0.136448 0.037101 0.000060 0.070841
0 0 0.524519 0.275467 0.089951 0.000008 0.110055
1 1 0.201397 0.505033 0.172595 0.000001 0.120973
2 2 0.000178 0.040925 0.950901 0.000919 0.007076
2 2 0.000632 0.072500 0.888814 0.000417 0.037636
2 2 0.000036 0.003439 0.995360 0.000945 0.000220
2 2 0.004814 0.018441 0.974890 0.001558 0.000297
2 2 0.000025 0.014483 0.984721 0.000023 0.000748
2 2 0.001135 0.057939 0.935790 0.000006 0.005130
2 2 0.000325 0.048118 0.940657 0.000115 0.010785
2 2 0.000781 0.040192 0.933298 0.001023 0.024706
2 2 0.002213 0.026641 0.966131 0.000759 0.004257
2 2 0.000084 0.018058 0.977556 0.000568 0.003735
2 2 0.000014 0.005058 0.992194 0.001553 0.001182
2 2 0.000074 0.008407 0.990710 0.000026 0.000784
2 2 0.000922 0.042374 0.955395 0.000647 0.000662
2 2 0.000230 0.031050 0.962124 0.000155 0.006440
2 2 0.000328 0.052303 0.908638 0.000527 0.038205
2 2 0.000656 0.047279 0.893239 0.003181 0.055644
2 2 0.022808 0.196786 0.764107 0.000760 0.015539
1 2 0.063952 0.558995 0.324095 0.000010 0.052949
4 2 0.079664 0.205447 0.316282 0.001847 0.396759
1 2 0.019497 0.388176 0.254348 0.000002 0.337977
1 2 0.037762 0.575174 0.346749 0.000004 0.040310
1 2 0.078971 0.593406 0.204403 0.000002 0.123217
2 2 0.000037 0.004939 0.994444 0.000108 0.000472
2 2 0.000103 0.011919 0.987581 0.000020 0.000377
2 2 0.000976 0.022701 0.973425 0.000035 0.002863
2 2 0.002257 0.023448 0.973330 0.000082 0.000884
2 2 0.000104 0.065204 0.917221 0.000022 0.017449
2 2 0.004001 0.063909 0.929884 0.000437 0.001769
2 2 0.000040 0.001865 0.992573 0.005466 0.000056
2 2 0.000100 0.007929 0.989762 0.002072 0.000136
2 2 0.000051 0.006177 0.993170 0.000113 0.000488
2 2 0.000010 0.002702 0.996868 0.000161 0.000258
2 2 0.000822 0.012070 0.975019 0.010373 0.001717
2 2 0.000048 0.004715 0.989365 0.005198 0.000674
2 2 0.000000 0.001021 0.996755 0.002180 0.000043
2 2 0.000131 0.025824 0.970492 0.000637 0.002915
2 2 0.000022 0.007339 0.990781 0.000219 0.001639
2 2 0.000035 0.014260 0.983029 0.000407 0.002269
2 2 0.000006 0.006996 0.991238 0.000028 0.001732
2 2 0.000038 0.006017 0.988313 0.005471 0.000162
2 2 0.000004 0.004976 0.989096 0.004646 0.001278
2 3 0.000515 0.019181 0.950178 0.025425 0.004702
2 2 0.000082 0.020131 0.972841 0.000186 0.006759
2 2 0.000372 0.013236 0.985091 0.000971 0.000331
1 2 0.167915 0.462243 0.201047 0.000029 0.168766
1 2 0.193079 0.531738 0.068158 0.000000 0.207025
1 1 0.017742 0.575370 0.268093 0.000002 0.138792
1 2 0.042880 0.557324 0.138120 0.000000 0.261675
2 2 0.000034 0.023366 0.954523 0.000014 0.022064
2 2 0.000111 0.023482 0.966131 0.000297 0.009979
2 2 0.057348 0.191607 0.628314 0.025858 0.096873
0 0 0.684603 0.131027 0.044272 0.000073 0.140025
0 0 0.874156 0.089765 0.026422 0.000045 0.009612
0 0 0.754108 0.136900 0.034277 0.000023 0.074692
0 0 0.864571 0.060514 0.014424 0.000005 0.060486
1 0 0.123190 0.541835 0.307910 0.000003 0.027062
2 2 0.001095 0.047596 0.924571 0.003201 0.023536
2 2 0.036579 0.103193 0.783056 0.017568 0.059605
2 2 0.000056 0.008833 0.980709 0.004492 0.005910
2 2 0.000065 0.006912 0.991704 0.000026 0.001293
4 1 0.042515 0.186993 0.121022 0.000002 0.649469
4 1 0.020453 0.143500 0.055893 0.000000 0.780153
4 1 0.084820 0.100981 0.056564 0.000031 0.757604
4 1 0.220576 0.136678 0.051337 0.000036 0.591373
4 1 0.060806 0.144200 0.064146 0.000010 0.730838
0 1 0.702642 0.092029 0.021819 0.000012 0.183498
4 0 0.342139 0.261348 0.051748 0.000007 0.344759
1 0 0.169763 0.460404 0.098299 0.000000 0.271533
1 0 0.084945 0.467786 0.074390 0.000000 0.372880
4 1 0.020451 0.100001 0.036518 0.000000 0.843030
4 4 0.080452 0.136254 0.048862 0.000009 0.734423
4 4 0.009391 0.055230 0.060915 0.000023 0.874441
4 4 0.030989 0.350276 0.238266 0.000001 0.380468
1 4 0.115628 0.369017 0.176567 0.000002 0.338786
1 4 0.019858 0.450982 0.150812 0.000000 0.378347
4 4 0.025032 0.307063 0.138431 0.000000 0.529473
4 4 0.101986 0.213675 0.137221 0.000139 0.546980
4 4 0.208834 0.193507 0.104729 0.001546 0.491383
1 4 0.239761 0.345711 0.095774 0.000001 0.318753
0 4 0.413648 0.222503 0.107544 0.000038 0.256267
4 4 0.165582 0.074463 0.061033 0.000329 0.698593
4 4 0.015389 0.041502 0.027796 0.000003 0.915310
4 4 0.020313 0.043380 0.028772 0.000010 0.907525
4 4 0.051812 0.071055 0.025645 0.000005 0.851483
1 4 0.015651 0.394156 0.309174 0.000001 0.281019
4 4 0.017380 0.226364 0.201858 0.000047 0.554351
4 4 0.012229 0.197461 0.171291 0.000030 0.618988
4 4 0.020871 0.234711 0.176105 0.000001 0.568311
4 4 0.007960 0.264352 0.183488 0.000000 0.544200
1 4 0.021566 0.364661 0.303329 0.000006 0.310439
4 4 0.269778 0.107358 0.054603 0.000061 0.568200
4 4 0.170937 0.059769 0.027404 0.000086 0.741804
4 4 0.063618 0.290816 0.125626 0.000003 0.519937
4 4 0.044306 0.111506 0.053799 0.000000 0.790388
1 4 0.110477 0.686669 0.168858 0.000000 0.033997
1 4 0.090116 0.497700 0.117978 0.000000 0.294206
1 4 0.019271 0.555053 0.181220 0.000000 0.244456
1 4 0.018393 0.511063 0.239991 0.000000 0.230553
1 2 0.009332 0.487034 0.340644 0.000001 0.162989
2 2 0.005989 0.368332 0.526466 0.000005 0.099209
2 2 0.001498 0.214926 0.615561 0.000024 0.167991
2 2 0.004444 0.346187 0.470894 0.000008 0.178466
2 2 0.001445 0.155587 0.663220 0.000016 0.179733
2 2 0.000258 0.038853 0.933557 0.000112 0.027220
2 2 0.000256 0.027255 0.966386 0.000031 0.006072
2 2 0.000014 0.008891 0.989062 0.000016 0.002017
2 2 0.000152 0.032987 0.872012 0.000099 0.094751
2 2 0.022963 0.135484 0.460116 0.000370 0.381068
4 2 0.004722 0.330592 0.220151 0.000000 0.444535
4 2 0.002473 0.242354 0.308064 0.000001 0.447107
2 2 0.000544 0.082191 0.903930 0.000014 0.013321
2 2 0.003091 0.101734 0.835792 0.000042 0.059341
2 2 0.000027 0.028799 0.947529 0.000028 0.023617
2 2 0.000081 0.042528 0.935985 0.000021 0.021385
2 2 0.000198 0.018215 0.979045 0.000013 0.002528
2 2 0.000667 0.057272 0.929111 0.000052 0.012898
2 2 0.004171 0.095152 0.883377 0.000007 0.017292
2 2 0.002852 0.056703 0.922751 0.000130 0.017564
2 2 0.000111 0.011815 0.987363 0.000215 0.000495
2 2 0.000287 0.014548 0.984519 0.000323 0.000323
2 2 0.000057 0.011941 0.975442 0.000178 0.012382
2 2 0.000058 0.026360 0.969332 0.000034 0.004215
2 2 0.007157 0.095526 0.861958 0.000424 0.034936
1 2 0.183878 0.556832 0.234147 0.000154 0.024989
1 2 0.012184 0.505919 0.423763 0.000015 0.058121
2 2 0.001623 0.133468 0.832476 0.000118 0.032315
1 2 0.074067 0.543417 0.224692 0.000003 0.157822
2 2 0.010504 0.154276 0.719263 0.000024 0.115933
2 2 0.000165 0.008565 0.990333 0.000324 0.000613
2 2 0.000505 0.020089 0.977027 0.000145 0.002234
2 2 0.001885 0.072616 0.872121 0.000007 0.053371
2 2 0.003562 0.043150 0.938589 0.000440 0.014259
2 2 0.000013 0.022209 0.971861 0.000054 0.005862
2 2 0.000676 0.030458 0.959654 0.000506 0.008705
2 2 0.000022 0.012388 0.980103 0.000016 0.007470
2 2 0.000508 0.024648 0.969991 0.000028 0.004826
2 2 0.000410 0.022562 0.972365 0.000089 0.004574
2 2 0.018315 0.128015 0.820076 0.000047 0.033548
2 2 0.000507 0.016780 0.981412 0.000797 0.000504
2 2 0.000019 0.007729 0.990207 0.001875 0.000170
2 2 0.000347 0.025820 0.970239 0.000665 0.002929
2 2 0.002508 0.085230 0.909372 0.000127 0.002763
2 2 0.000547 0.021800 0.974398 0.001615 0.001640
2 2 0.000159 0.015206 0.980420 0.000908 0.003306
2 2 0.000037 0.007785 0.991396 0.000674 0.000107
2 2 0.000050 0.010361 0.988755 0.000417 0.000417
2 2 0.000073 0.040318 0.952772 0.000029 0.006809
2 2 0.000133 0.018983 0.974676 0.000175 0.006032
2 2 0.000005 0.001522 0.983113 0.015331 0.000029
2 2 0.000015 0.002000 0.992572 0.005347 0.000066
2 2 0.000584 0.009673 0.969873 0.019809 0.000061
2 2 0.000927 0.012422 0.977383 0.008960 0.000308
2 2 0.000009 0.001815 0.985998 0.012134 0.000043
2 2 0.000095 0.006372 0.989060 0.004448 0.000024
2 2 0.000071 0.015573 0.983462 0.000243 0.000651
2 2 0.000056 0.005905 0.993158 0.000750 0.000130
2 2 0.000008 0.001756 0.828569 0.169620 0.000047
2 2 0.000002 0.000501 0.942313 0.057183 0.000002
2 2 0.000491 0.016469 0.901500 0.080267 0.001272
2 2 0.000424 0.004940 0.986419 0.008188 0.000030
2 2 0.000021 0.006877 0.962484 0.030450 0.000168
2 2 0.000001 0.000757 0.948864 0.050369 0.000009
2 2 0.000006 0.002924 0.979160 0.017848 0.000063
2 3 0.000017 0.001340 0.529822 0.468785 0.000036
2 3 0.000073 0.005682 0.817916 0.176188 0.000141
3 3 0.000280 0.004586 0.373965 0.621003 0.000167
2 3 0.000674 0.013937 0.693647 0.291317 0.000426
2 3 0.000147 0.006522 0.847722 0.145119 0.000489
2 3 0.000002 0.001683 0.932435 0.065818 0.000062
2 3 0.000004 0.000878 0.830240 0.168867 0.000011
2 3 0.000026 0.008394 0.811088 0.178111 0.002380
2 3 0.000014 0.000995 0.503188 0.495754 0.000049
2 3 0.000034 0.002391 0.795340 0.202217 0.000019
2 3 0.000000 0.000275 0.628386 0.371328 0.000011
3 3 0.000009 0.000918 0.340975 0.658009 0.000089
2 3 0.001230 0.014955 0.684096 0.299515 0.000205
2 3 0.000019 0.001253 0.698466 0.300253 0.000009
2 3 0.000031 0.002168 0.732732 0.265026 0.000043
2 3 0.000037 0.003809 0.755379 0.240655 0.000119
2 3 0.000000 0.000055 0.551549 0.448396 0.000001
2 3 0.000079 0.011607 0.936286 0.051587 0.000440
2 3 0.000246 0.008056 0.847770 0.143862 0.000066
2 3 0.000078 0.007209 0.740232 0.252103 0.000378
3 3 0.000059 0.005139 0.316096 0.674878 0.003828
2 3 0.000003 0.000465 0.570776 0.428750 0.000005
3 3 0.000000 0.000012 0.408860 0.591127 0.000000
2 3 0.000002 0.001067 0.536669 0.461984 0.000278
2 3 0.000000 0.000085 0.739526 0.260387 0.000002
2 3 0.000538 0.015121 0.665349 0.318164 0.000827
2 3 0.000719 0.010188 0.692679 0.295709 0.000705
3 3 0.000206 0.002709 0.152124 0.844485 0.000475
3 3 0.000034 0.001746 0.333696 0.664385 0.000139
3 3 0.000064 0.000658 0.136555 0.862710 0.000012
2 3 0.000509 0.010736 0.513968 0.474304 0.000483
3 3 0.000082 0.001775 0.232724 0.765303 0.000115
2 3 0.000580 0.012357 0.819779 0.167178 0.000107
3 3 0.000509 0.003183 0.143398 0.852662 0.000249
3 3 0.000006 0.000258 0.187961 0.811770 0.000005
2 3 0.000139 0.002600 0.506197 0.491041 0.000023
2 3 0.000684 0.011374 0.809709 0.178159 0.000075
3 3 0.000223 0.005301 0.273288 0.720368 0.000821
3 3 0.000001 0.000134 0.121399 0.878447 0.000019
3 3 0.000020 0.000108 0.048780 0.951090 0.000001
2 3 0.069844 0.145189 0.747457 0.034416 0.003094
2 3 0.016079 0.048050 0.635103 0.300233 0.000535
3 3 0.000407 0.004105 0.245715 0.749555 0.000218
3 3 0.000002 0.000072 0.124065 0.875860 0.000001
3 3 0.000153 0.001721 0.102230 0.895611 0.000286
2 3 0.000023 0.003974 0.556145 0.438944 0.000914
3 3 0.000943 0.016108 0.420696 0.560385 0.001868
3 3 0.000021 0.001828 0.330266 0.667573 0.000313
3 3 0.000350 0.001623 0.081726 0.916186 0.000116
3 3 0.000261 0.004553 0.367930 0.627043 0.000214
2 3 0.001121 0.035708 0.747819 0.212645 0.002707
3 3 0.000596 0.012590 0.360713 0.623619 0.002484
3 3 0.018420 0.079106 0.318184 0.563213 0.021077
3 3 0.000003 0.000426 0.268832 0.730696 0.000043
3 3 0.000004 0.000890 0.433890 0.565133 0.000084
3 3 0.000003 0.000055 0.036148 0.963792 0.000003
3 3 0.000881 0.002993 0.077117 0.918651 0.000358
3 3 0.000002 0.000057 0.025918 0.974013 0.000010
3 3 0.000052 0.000713 0.088408 0.910751 0.000076
0 0 0.604755 0.212167 0.091378 0.021761 0.069939
0 0 0.597145 0.274606 0.109515 0.005929 0.012806
0 0 0.648775 0.227361 0.064297 0.000153 0.059414
4 0 0.163247 0.264785 0.159793 0.000180 0.411995
2 1 0.001122 0.137034 0.816823 0.000996 0.044025
2 2 0.008107 0.358982 0.481027 0.000152 0.151733
2 2 0.000843 0.110391 0.820246 0.000374 0.068146
2 2 0.031086 0.112241 0.844154 0.002667 0.009852
1 2 0.283441 0.441010 0.112282 0.000047 0.163220
1 1 0.281209 0.404991 0.163315 0.000912 0.149572
1 1 0.009007 0.556383 0.339419 0.000034 0.095156
2 1 0.001838 0.248495 0.485708 0.000012 0.263946
2 2 0.000018 0.016950 0.978048 0.002994 0.001989
4 2 0.014881 0.090719 0.263715 0.004123 0.626561
0 4 0.620690 0.199841 0.055726 0.000020 0.123723
1 4 0.012820 0.456584 0.260433 0.000013 0.270151
4 4 0.015552 0.212706 0.132145 0.000004 0.639593
4 4 0.004841 0.281788 0.287835 0.000005 0.425530
4 4 0.013717 0.281017 0.210015 0.000007 0.495244
4 4 0.022134 0.070056 0.053744 0.000065 0.854002
1 4 0.226067 0.494966 0.115532 0.000000 0.163435
1 4 0.046464 0.499458 0.132584 0.000000 0.321493
4 4 0.020019 0.299213 0.189644 0.000005 0.491119
1 4 0.017506 0.496592 0.202102 0.000000 0.283800
4 4 0.039057 0.364080 0.145226 0.000002 0.451634
4 4 0.026823 0.058657 0.052677 0.000664 0.861179
4 4 0.059876 0.067659 0.047664 0.000012 0.824789
4 4 0.105137 0.283916 0.122936 0.000006 0.488006
0 4 0.457823 0.109111 0.041555 0.000005 0.391505
4 4 0.175177 0.117501 0.079651 0.000174 0.627497
1 4 0.039321 0.703728 0.181103 0.000000 0.075848
1 4 0.023883 0.390623 0.216722 0.000011 0.368761
0 4 0.452628 0.277334 0.046266 0.000001 0.223771
4 4 0.158550 0.098332 0.033742 0.000014 0.709362
4 4 0.072113 0.071922 0.021470 0.000005 0.834489
4 4 0.099540 0.314659 0.171659 0.000086 0.414057
4 4 0.029823 0.187237 0.076967 0.000002 0.705971
4 4 0.025118 0.104613 0.044680 0.000001 0.825589
1 4 0.319071 0.394406 0.149800 0.000001 0.136722
1 4 0.078853 0.581692 0.196706 0.000000 0.142748
1 4 0.010810 0.408082 0.326955 0.000017 0.254135
4 4 0.019105 0.302149 0.139151 0.000002 0.539593
4 4 0.022427 0.123078 0.068459 0.000005 0.786031
4 4 0.043880 0.338770 0.242051 0.000008 0.375291
1 4 0.007323 0.372436 0.253250 0.000002 0.366989
4 4 0.005814 0.276232 0.251819 0.000003 0.466132
2 4 0.002643 0.216275 0.729131 0.000008 0.051944
2 4 0.000398 0.150924 0.727627 0.000011 0.121039
1 4 0.035067 0.668321 0.170731 0.000000 0.125881
1 4 0.038058 0.411977 0.182849 0.000001 0.367116
2 4 0.002100 0.298191 0.473534 0.000001 0.226176
2 4 0.001890 0.279533 0.500273 0.000000 0.218305
4 4 0.005221 0.339296 0.285524 0.000001 0.369958
4 4 0.011706 0.100554 0.084324 0.000007 0.803408
4 4 0.004513 0.268034 0.263878 0.000002 0.463573
4 4 0.011215 0.175938 0.277899 0.000008 0.534940
2 4 0.000355 0.131835 0.717186 0.000002 0.150623
4 4 0.004628 0.205678 0.291783 0.000014 0.497897
2 4 0.008411 0.293198 0.433376 0.000008 0.265006
2 2 0.003244 0.187896 0.664100 0.000216 0.144544
2 2 0.006681 0.273110 0.443211 0.000009 0.276989
2 2 0.001509 0.137946 0.618832 0.000020 0.241694
2 2 0.012187 0.157780 0.755573 0.000259 0.074200
2 2 0.000739 0.094307 0.840406 0.000294 0.064255
2 2 0.000020 0.002603 0.995854 0.001416 0.000107
2 2 0.000091 0.011857 0.986632 0.000682 0.000738
2 2 0.005413 0.156720 0.778137 0.000081 0.059650
2 2 0.188758 0.143191 0.650536 0.000787 0.016727
0 0 0.528512 0.330515 0.108698 0.001083 0.031191
0 0 0.759667 0.182538 0.055668 0.000078 0.002049
0 0 0.641317 0.242524 0.093245 0.003885 0.019030
0 0 0.918506 0.050852 0.022403 0.002378 0.005861
0 0 0.882210 0.046834 0.016236 0.000314 0.054406
0 0 0.910588 0.043394 0.014520 0.000154 0.031344
1 0 0.307285 0.555701 0.130097 0.000022 0.006894
1 0 0.128653 0.716247 0.152226 0.000009 0.002865
0 0 0.518313 0.166280 0.103695 0.001571 0.210141
4 0 0.319623 0.215578 0.080793 0.000049 0.383956
1 0 0.392312 0.475388 0.107609 0.000019 0.024672
0 0 0.688075 0.234945 0.068639 0.000106 0.008235
0 0 0.600069 0.283980 0.077322 0.000106 0.038524
0 0 0.655497 0.240384 0.047579 0.000002 0.056537
0 0 0.706491 0.191559 0.057352 0.000057 0.044542
4 0 0.212559 0.253671 0.118146 0.000057 0.415567
2 1 0.006354 0.337555 0.599843 0.000001 0.056247
2 2 0.001643 0.358440 0.565899 0.000002 0.074017
2 2 0.008173 0.282984 0.386151 0.000056 0.322635
2 2 0.003625 0.215393 0.693520 0.000118 0.087343
1 2 0.200975 0.547608 0.190338 0.000031 0.061048
4 2 0.142049 0.330227 0.102901 0.000010 0.424813
1 2 0.007985 0.458438 0.375832 0.000000 0.157746
2 2 0.000984 0.192437 0.721291 0.000001 0.085287
2 2 0.000018 0.015823 0.970674 0.000104 0.013381
2 2 0.000162 0.063285 0.870482 0.000013 0.066058
2 2 0.000684 0.089381 0.873825 0.000002 0.036108
2 2 0.000610 0.080227 0.830258 0.000014 0.088890
2 2 0.000992 0.096610 0.827567 0.000009 0.074823
2 2 0.005585 0.102228 0.861409 0.000063 0.030716
2 2 0.000279 0.090360 0.888358 0.000190 0.020813
2 2 0.001251 0.116146 0.843272 0.000196 0.039135
2 2 0.001382 0.100936 0.823072 0.000076 0.074533
2 2 0.000623 0.103016 0.785268 0.000014 0.111079
2 2 0.001271 0.056393 0.933458 0.000123 0.008756
2 2 0.000272 0.090587 0.865515 0.000008 0.043618
2 2 0.000243 0.023663 0.969714 0.000034 0.006345
2 2 0.000978 0.064530 0.902452 0.000033 0.032008
2 2 0.000009 0.012316 0.983735 0.000201 0.003738
2 2 0.000903 0.016333 0.968477 0.013843 0.000444
2 2 0.003486 0.326529 0.612286 0.000129 0.057569
2 2 0.000248 0.044207 0.948082 0.000039 0.007425
2 2 0.000015 0.013256 0.980668 0.002863 0.003199
2 2 0.000029 0.024330 0.973488 0.000994 0.001160
2 2 0.000462 0.025803 0.970175 0.000170 0.003389
2 2 0.000100 0.032144 0.964843 0.000201 0.002713
2 2 0.000323 0.033889 0.960710 0.000047 0.005030
2 2 0.000428 0.055064 0.936867 0.000063 0.007579
2 2 0.000185 0.020046 0.976850 0.000258 0.002661
2 2 0.000048 0.002671 0.995768 0.001418 0.000095
2 2 0.000124 0.010991 0.987589 0.000097 0.001199
2 2 0.001773 0.036419 0.958101 0.000249 0.003458
2 2 0.031143 0.334145 0.615567 0.000409 0.018735
1 2 0.368758 0.475752 0.124386 0.000118 0.030986
0 2 0.648008 0.251948 0.068471 0.000083 0.031490
0 0 0.417156 0.415659 0.115706 0.000251 0.051228
1 0 0.415668 0.471436 0.087185 0.000002 0.025709
1 0 0.267757 0.568447 0.097992 0.000002 0.065803
1 1 0.015274 0.533696 0.359477 0.000011 0.091542
2 2 0.003698 0.367521 0.445934 0.000002 0.182846
2 2 0.001285 0.247738 0.600651 0.000005 0.150321
2 2 0.002590 0.230790 0.651926 0.000019 0.114674
2 2 0.009167 0.269278 0.598559 0.000018 0.122977
0 2 0.658879 0.222832 0.089854 0.000465 0.027970
0 0 0.801219 0.056489 0.023393 0.004181 0.114719
0 0 0.961554 0.017022 0.008877 0.006101 0.006446
0 0 0.693236 0.198000 0.068853 0.001254 0.038656
0 0 0.384393 0.267806 0.314193 0.028397 0.005212
1 0 0.427988 0.463894 0.105282 0.000008 0.002827
0 0 0.944280 0.033711 0.016319 0.003358 0.002333
0 0 0.964486 0.023355 0.008242 0.000069 0.003847
0 0 0.919558 0.053519 0.016808 0.000058 0.010057
0 0 0.973894 0.010483 0.006356 0.008710 0.000557
0 0 0.874015 0.096857 0.028314 0.000017 0.000797
0 0 0.753994 0.163411 0.040955 0.000022 0.041617
0 0 0.940573 0.040291 0.010059 0.000003 0.009073
0 0 0.911897 0.062004 0.012012 0.000000 0.014086
0 0 0.941182 0.045557 0.009947 0.000000 0.003313
1 0 0.379914 0.466822 0.124726 0.000143 0.028395
0 0 0.736063 0.157821 0.054301 0.000491 0.051325
0 0 0.829860 0.085965 0.043416 0.005172 0.035587
0 0 0.791627 0.119021 0.053507 0.012327 0.023517
0 0 0.637613 0.182047 0.095338 0.001632 0.083370
0 0 0.691759 0.202892 0.073039 0.000074 0.032236
0 0 0.982084 0.009146 0.003918 0.000289 0.004563
0 0 0.897748 0.030240 0.011916 0.000476 0.059620
0 0 0.816414 0.105245 0.033870 0.000272 0.044200
0 0 0.945637 0.029316 0.012868 0.001657 0.010522
0 0 0.767505 0.116419 0.040491 0.000934 0.074651
0 0 0.921831 0.050329 0.016125 0.000073 0.011643
0 0 0.929520 0.031786 0.011569 0.000286 0.026838
0 0 0.851739 0.107959 0.023516 0.000002 0.016784
0 0 0.596040 0.207881 0.060617 0.000284 0.135180
0 0 0.420584 0.319301 0.147593 0.003488 0.109034
0 0 0.965872 0.021101 0.007319 0.000059 0.005648
0 0 0.941487 0.027618 0.009992 0.000210 0.020693
0 0 0.797768 0.140705 0.039866 0.000062 0.021599
0 0 0.817234 0.054589 0.017688 0.000052 0.110436
0 0 0.912309 0.036188 0.012034 0.000131 0.039338
0 0 0.907932 0.049194 0.019496 0.000954 0.022424
0 0 0.827147 0.124731 0.046859 0.000429 0.000834
0 0 0.954900 0.028162 0.013354 0.001933 0.001651
0 0 0.972454 0.010679 0.005555 0.000633 0.010679
0 0 0.846394 0.047684 0.025012 0.004321 0.076589
0 0 0.934270 0.023036 0.009868 0.001504 0.031323
0 0 0.948312 0.020065 0.008930 0.001757 0.020936
0 0 0.964424 0.021311 0.008543 0.000322 0.005400
0 0 0.839266 0.115253 0.040576 0.000353 0.004551
0 0 0.963597 0.019206 0.006683 0.000071 0.010442
0 0 0.960352 0.023390 0.007623 0.000037 0.008598
0 0 0.864777 0.067316 0.029336 0.005451 0.033121
0 0 0.927161 0.046919 0.020550 0.000980 0.004390
0 0 0.858310 0.097694 0.038222 0.001047 0.004727
0 0 0.983330 0.008389 0.004697 0.002927 0.000657
0 0 0.896354 0.035321 0.017106 0.003205 0.048015
0 0 0.979332 0.007469 0.003105 0.000225 0.009870
0 0 0.732745 0.146836 0.065195 0.000998 0.054226
0 0 0.783505 0.127107 0.041800 0.000257 0.047331
0 0 0.822984 0.118412 0.042273 0.000691 0.015640
0 0 0.962062 0.022792 0.008370 0.000133 0.006642
0 0 0.981666 0.009507 0.004432 0.000744 0.003651
0 0 0.943440 0.021245 0.009334 0.001692 0.024288
0 0 0.787572 0.038191 0.014278 0.000734 0.159225
0 0 0.902433 0.025354 0.008223 0.000074 0.063917
0 0 0.990018 0.004141 0.001785 0.000136 0.003920
0 0 0.932655 0.008135 0.002596 0.000022 0.056592
0 0 0.860869 0.084353 0.027814 0.000237 0.026726
0 0 0.809399 0.060123 0.017863 0.000089 0.112525
0 0 0.964241 0.009986 0.003864 0.000175 0.021734
4 0 0.180464 0.093341 0.056704 0.001412 0.668079
0 0 0.909230 0.017439 0.006312 0.000199 0.066819
0 0 0.923494 0.021879 0.008751 0.000739 0.045136
0 0 0.595047 0.104326 0.041501 0.000088 0.259037
0 0 0.714385 0.112777 0.028726 0.000015 0.144096
0 0 0.986307 0.007062 0.002450 0.000018 0.004163
0 0 0.907624 0.051441 0.011359 0.000001 0.029575
0 0 0.700731 0.045911 0.014362 0.000010 0.238986
0 0 0.901864 0.046586 0.013573 0.000035 0.037942
0 0 0.828515 0.102101 0.031023 0.000127 0.038234
0 0 0.922346 0.043062 0.012405 0.000023 0.022164
0 0 0.880552 0.050931 0.018390 0.000531 0.049596
0 0 0.540318 0.348047 0.085765 0.000035 0.025835
0 0 0.887279 0.037088 0.015825 0.002914 0.056895
0 0 0.934435 0.010573 0.007362 0.047014 0.000617
0 0 0.955465 0.024972 0.008483 0.000071 0.011008
0 0 0.657936 0.252525 0.059060 0.000014 0.030464
0 0 0.546857 0.324397 0.072453 0.000014 0.056280
0 0 0.687883 0.198425 0.060880 0.000326 0.052487
0 0 0.509443 0.405528 0.060950 0.000000 0.024079
0 0 0.440842 0.353891 0.055201 0.000000 0.150066
1 1 0.047512 0.478555 0.084397 0.000000 0.389537
4 1 0.050798 0.290139 0.103271 0.000018 0.555775
4 1 0.047494 0.423662 0.102132 0.000001 0.426711
4 1 0.020547 0.233026 0.118888 0.000003 0.627536
1 1 0.042927 0.643611 0.209380 0.000027 0.104054
1 1 0.329531 0.416987 0.110242 0.000221 0.143019
4 1 0.100240 0.235068 0.066135 0.000001 0.598556
4 1 0.022991 0.347300 0.137273 0.000000 0.492435
4 1 0.005359 0.175995 0.224462 0.000019 0.594166
4 1 0.005419 0.237578 0.345930 0.000011 0.411064
4 1 0.005898 0.283256 0.344928 0.000001 0.365917
4 1 0.007912 0.188616 0.163837 0.000002 0.639633
1 1 0.163258 0.614559 0.196972 0.000045 0.025166
0 0 0.515404 0.336802 0.109348 0.001026 0.037420
1 0 0.405161 0.495190 0.065130 0.000000 0.034518
1 0 0.111880 0.645607 0.191005 0.000000 0.051508
0 0 0.348011 0.314936 0.139789 0.000025 0.197239
4 1 0.231181 0.269093 0.198629 0.000237 0.300861
1 2 0.024050 0.487568 0.382741 0.000012 0.105628
1 2 0.012710 0.471740 0.454499 0.000002 0.061050
1 2 0.031384 0.515844 0.346564 0.000021 0.106188
1 2 0.039278 0.494244 0.294070 0.000036 0.172372
2 2 0.000248 0.052679 0.866226 0.000312 0.080535
2 2 0.000202 0.060454 0.831669 0.000044 0.107631
2 2 0.000286 0.078837 0.814899 0.000089 0.105888
4 2 0.003160 0.131028 0.253465 0.000007 0.612341
2 2 0.002792 0.096536 0.509958 0.000188 0.390525
2 2 0.000671 0.169337 0.688508 0.000032 0.141452
2 2 0.001441 0.103370 0.708173 0.000089 0.186926
2 2 0.001219 0.149639 0.605357 0.000004 0.243781
1 2 0.116822 0.540531 0.226407 0.000009 0.116232
1 2 0.015898 0.536753 0.365614 0.000004 0.081730
1 2 0.027092 0.488987 0.280667 0.000039 0.203215
1 2 0.004477 0.380534 0.372728 0.000018 0.242244
1 2 0.198127 0.537455 0.229603 0.000016 0.034801
1 2 0.135080 0.658165 0.195857 0.000003 0.010895
1 2 0.012565 0.432662 0.235949 0.000006 0.318817
1 2 0.015143 0.469544 0.171089 0.000000 0.344224
1 2 0.034708 0.438443 0.424572 0.000230 0.102046
2 2 0.025534 0.281393 0.485725 0.000423 0.206925
1 2 0.060718 0.534316 0.374947 0.000027 0.029993
2 2 0.012157 0.452549 0.490002 0.000003 0.045289
1 2 0.029026 0.647838 0.287978 0.000000 0.035158
1 2 0.028114 0.534292 0.232007 0.000000 0.205587
2 2 0.000142 0.017926 0.980647 0.000019 0.001266
2 2 0.000160 0.011986 0.987421 0.000013 0.000421
2 2 0.003750 0.127952 0.749852 0.000023 0.118423
2 2 0.000757 0.051857 0.913847 0.000052 0.033487
2 2 0.000806 0.036352 0.949906 0.000058 0.012879
2 2 0.000073 0.006859 0.992384 0.000077 0.000607
2 2 0.001330 0.052064 0.916306 0.000027 0.030272
2 2 0.000030 0.015595 0.960957 0.000004 0.023414
2 2 0.000051 0.008448 0.990311 0.000006 0.001185
2 2 0.086183 0.173802 0.724372 0.000239 0.015404
1 0 0.187785 0.623940 0.182568 0.000371 0.005336
0 0 0.426765 0.381213 0.117179 0.000845 0.073998
1 0 0.274654 0.570071 0.133703 0.000038 0.021533
1 0 0.238113 0.546968 0.167545 0.000127 0.047246
4 1 0.019960 0.403063 0.153793 0.000000 0.423183
1 1 0.021102 0.447157 0.223801 0.000000 0.307940
4 1 0.007203 0.115705 0.104212 0.000001 0.772878
4 1 0.004106 0.203928 0.251626 0.000000 0.540340
2 2 0.001172 0.146971 0.769452 0.000029 0.082376
1 2 0.042737 0.471080 0.272069 0.000006 0.214108
2 2 0.000658 0.142654 0.778616 0.000014 0.078059
2 2 0.002240 0.098284 0.814936 0.000015 0.084526
2 2 0.000438 0.129894 0.757630 0.000000 0.112037
2 2 0.000075 0.049926 0.892394 0.000005 0.057601
1 2 0.083162 0.619096 0.246026 0.000007 0.051708
1 0 0.132916 0.610905 0.180880 0.000075 0.075224
1 0 0.159993 0.591104 0.197308 0.000036 0.051559
1 1 0.137250 0.557967 0.285344 0.000006 0.019433
1 1 0.009194 0.541356 0.383167 0.000005 0.066278
2 1 0.008231 0.404613 0.516730 0.000007 0.070420
1 1 0.378472 0.481893 0.114848 0.000037 0.024750
1 1 0.066820 0.735834 0.148489 0.000001 0.048856
2 1 0.001937 0.184292 0.609522 0.000054 0.204195
2 2 0.000058 0.033355 0.916652 0.000008 0.049927
2 2 0.000000 0.001594 0.998129 0.000151 0.000126
2 2 0.000371 0.018868 0.978715 0.000334 0.001712
2 2 0.000168 0.058044 0.925322 0.000020 0.016446
2 2 0.000447 0.037166 0.956938 0.000012 0.005438
2 2 0.000021 0.017191 0.981657 0.000012 0.001119
2 2 0.000001 0.001002 0.998984 0.000001 0.000012
2 2 0.000773 0.041798 0.943665 0.000788 0.012976
2 2 0.002912 0.026771 0.967780 0.000335 0.002202
2 2 0.000009 0.003375 0.995791 0.000265 0.000561
2 2 0.000014 0.002451 0.996011 0.001232 0.000291
2 2 0.003913 0.029630 0.958176 0.001706 0.006575
2 2 0.000122 0.025765 0.970219 0.000159 0.003734
2 2 0.000041 0.007925 0.991480 0.000025 0.000530
2 2 0.047989 0.151652 0.781766 0.000758 0.017835
1 2 0.342429 0.435816 0.154488 0.000774 0.066493
1 1 0.228823 0.567306 0.185463 0.001795 0.016613
1 1 0.094362 0.766241 0.121041 0.000000 0.018356
1 1 0.018284 0.761450 0.168387 0.000000 0.051879
1 1 0.018505 0.380883 0.319906 0.000002 0.280704
4 2 0.011458 0.225940 0.167939 0.000006 0.594657
2 2 0.003707 0.383165 0.433011 0.000001 0.180116
1 2 0.034584 0.476785 0.231726 0.000001 0.256904
1 2 0.031638 0.666213 0.169682 0.000000 0.132466
1 2 0.005478 0.426935 0.299391 0.000000 0.268196
1 2 0.250781 0.535208 0.132383 0.000114 0.081513
0 2 0.523862 0.361058 0.079963 0.000012 0.035105
1 2 0.034230 0.522686 0.280879 0.000013 0.162191
1 2 0.014265 0.408994 0.350805 0.000021 0.225916
2 2 0.000106 0.032002 0.958504 0.000901 0.008487
2 2 0.000083 0.030544 0.960744 0.000024 0.008606
2 2 0.000012 0.006389 0.991900 0.000679 0.001020
2 2 0.000023 0.007728 0.990826 0.000105 0.001318
2 2 0.000077 0.005133 0.994696 0.000011 0.000082
2 2 0.000148 0.012688 0.985519 0.000011 0.001633
2 2 0.000266 0.011205 0.975574 0.000631 0.012324
2 2 0.004619 0.052423 0.925234 0.000136 0.017587
