0 0 0.566840 0.022549 0.009127 0.000075 0.401409
0 0 0.992140 0.000629 0.000164 0.000003 0.007065
0 0 0.991620 0.005633 0.001651 0.000109 0.000987
0 0 0.965941 0.009137 0.002283 0.000001 0.022637
0 0 0.874126 0.066690 0.023968 0.000566 0.034650
0 0 0.615314 0.122890 0.043974 0.000491 0.217331
0 0 0.961257 0.001105 0.000253 0.000003 0.037383
0 0 0.981653 0.002812 0.000747 0.000021 0.014767
0 0 0.780500 0.117447 0.051925 0.003393 0.046735
0 0 0.871065 0.045562 0.018289 0.005796 0.059289
0 0 0.390342 0.309562 0.107794 0.000021 0.192281
4 0 0.217920 0.207892 0.073210 0.000011 0.500967
1 1 0.082933 0.405877 0.350064 0.000032 0.161095
4 0 0.027310 0.395075 0.094940 0.000000 0.482675
1 0 0.030437 0.411844 0.333255 0.000025 0.224438
1 0 0.020919 0.558495 0.161724 0.000002 0.258860
4 1 0.009605 0.083953 0.029957 0.000003 0.876482
0 0 0.302431 0.245894 0.152239 0.000132 0.299304
0 0 0.635595 0.141436 0.135457 0.050306 0.037206
4 0 0.072564 0.112088 0.062765 0.000356 0.752228
0 0 0.926725 0.034973 0.014661 0.000097 0.023544
0 0 0.656552 0.032462 0.013319 0.000285 0.297384
0 0 0.755725 0.025067 0.008468 0.000231 0.210510
0 0 0.840340 0.049704 0.016525 0.000171 0.093260
0 0 0.674141 0.119084 0.190993 0.007481 0.008301
0 0 0.794043 0.123464 0.072326 0.000046 0.010121
0 0 0.965039 0.012018 0.003928 0.000531 0.018484
0 0 0.990320 0.002417 0.000812 0.000233 0.006218
3 0 0.035974 0.002372 0.002401 0.939472 0.019780
0 0 0.874454 0.057945 0.024876 0.037667 0.005059
0 0 0.867133 0.047707 0.015593 0.000628 0.068938
0 0 0.764219 0.048841 0.026285 0.014750 0.145906
0 0 0.920476 0.040874 0.011911 0.000003 0.026736
1 0 0.266909 0.362805 0.100792 0.000001 0.269493
4 4 0.117026 0.104627 0.045494 0.000001 0.732852
4 4 0.030282 0.047376 0.019820 0.000001 0.902522
4 4 0.019601 0.077520 0.068630 0.000111 0.834138
4 4 0.011638 0.025904 0.011064 0.000006 0.951388
4 4 0.029999 0.112696 0.038649 0.000003 0.818653
4 4 0.016549 0.074110 0.031186 0.000013 0.878143
4 4 0.050374 0.224098 0.122456 0.000209 0.602864
4 4 0.031195 0.238150 0.106408 0.000064 0.624183
4 4 0.102355 0.189204 0.119465 0.000156 0.588821
2 4 0.008256 0.314714 0.547782 0.000010 0.129237
2 4 0.003365 0.414472 0.432157 0.000022 0.149985
2 4 0.003766 0.257204 0.493928 0.000374 0.244729
4 4 0.001854 0.037634 0.027933 0.000020 0.932560
4 4 0.068257 0.112358 0.058000 0.000121 0.761264
4 4 0.008655 0.333816 0.218489 0.000094 0.438946
2 4 0.001389 0.277992 0.434950 0.000525 0.285144
2 4 0.002185 0.298654 0.573379 0.000368 0.125413
2 4 0.000682 0.211702 0.751474 0.000714 0.035427
1 4 0.001541 0.528315 0.329707 0.000008 0.140428
2 4 0.000196 0.175214 0.792556 0.000005 0.032029
2 4 0.001411 0.220381 0.584705 0.000071 0.193433
2 4 0.005428 0.193055 0.402969 0.000245 0.398302
2 4 0.000614 0.285449 0.668352 0.000197 0.045388
1 4 0.002324 0.407766 0.369059 0.000226 0.220625
2 4 0.008744 0.351722 0.513586 0.000031 0.125917
2 1 0.001857 0.313769 0.591651 0.000093 0.092630
1 1 0.017024 0.503618 0.229381 0.000016 0.249961
2 1 0.001361 0.147776 0.821593 0.000036 0.029234
2 1 0.001060 0.272040 0.545160 0.001231 0.180509
2 1 0.000707 0.195824 0.664372 0.001478 0.137619
2 2 0.000952 0.272529 0.364370 0.000284 0.361864
2 2 0.000736 0.297485 0.410592 0.000157 0.291030
2 2 0.000511 0.109182 0.636144 0.005161 0.249003
2 2 0.002074 0.286801 0.584863 0.000981 0.125281
2 2 0.000003 0.003797 0.988611 0.006934 0.000654
2 2 0.000011 0.006550 0.991574 0.001457 0.000408
2 2 0.000009 0.002298 0.985459 0.012126 0.000108
2 2 0.001031 0.029923 0.953347 0.006203 0.009495
2 2 0.000004 0.000883 0.775221 0.223529 0.000363
2 2 0.000027 0.003940 0.906152 0.089023 0.000858
3 2 0.000000 0.000099 0.495750 0.504114 0.000038
3 2 0.000007 0.000450 0.341045 0.658410 0.000088
3 3 0.000000 0.000030 0.332039 0.667927 0.000005
3 2 0.000040 0.001063 0.348500 0.650251 0.000146
3 3 0.000038 0.000667 0.109697 0.888815 0.000784
3 2 0.000014 0.000653 0.384611 0.614628 0.000093
3 2 0.000002 0.000135 0.158613 0.841169 0.000082
3 3 0.000000 0.000014 0.028994 0.970982 0.000009
3 2 0.000005 0.000106 0.050960 0.948807 0.000122
3 3 0.000002 0.000077 0.093647 0.906268 0.000006
3 3 0.000002 0.000120 0.186957 0.812830 0.000092
3 3 0.000151 0.002884 0.415961 0.580829 0.000175
2 3 0.000070 0.002087 0.593482 0.404207 0.000154
3 3 0.000003 0.000106 0.091416 0.908457 0.000018
3 3 0.000001 0.000047 0.163468 0.836478 0.000007
3 3 0.000000 0.000005 0.011952 0.988038 0.000005
3 3 0.000023 0.000553 0.195015 0.804255 0.000154
3 3 0.000000 0.000003 0.071676 0.928321 0.000001
3 3 0.000000 0.000007 0.049116 0.950876 0.000001
3 3 0.000031 0.000424 0.101163 0.898325 0.000056
3 3 0.000000 0.000036 0.270249 0.729710 0.000005
3 3 0.000000 0.000011 0.044747 0.955240 0.000001
3 3 0.000039 0.000993 0.184156 0.813947 0.000865
3 3 0.000238 0.004507 0.394766 0.597555 0.002934
3 3 0.000000 0.000038 0.135143 0.864802 0.000016
3 3 0.000044 0.000702 0.110767 0.888257 0.000230
3 3 0.000000 0.000019 0.082218 0.917730 0.000033
3 3 0.000000 0.000012 0.026897 0.973088 0.000003
3 3 0.000136 0.000465 0.018113 0.980865 0.000420
3 3 0.000291 0.000693 0.022329 0.976597 0.000090
3 3 0.000040 0.000379 0.057538 0.941934 0.000109
3 3 0.000000 0.000008 0.009167 0.990822 0.000003
3 3 0.000031 0.000230 0.031887 0.967791 0.000060
3 3 0.000263 0.001837 0.118822 0.878628 0.000451
3 3 0.000054 0.000251 0.024577 0.975093 0.000024
3 3 0.000026 0.000038 0.001608 0.998317 0.000011
3 3 0.000003 0.000053 0.021792 0.978097 0.000055
3 3 0.000001 0.000010 0.009736 0.990251 0.000003
3 3 0.000086 0.000811 0.058151 0.940359 0.000593
3 3 0.000005 0.000105 0.066274 0.933595 0.000021
3 3 0.000123 0.000585 0.016537 0.981472 0.001283
3 3 0.000575 0.003528 0.074061 0.918444 0.003393
3 3 0.000141 0.000458 0.017154 0.981848 0.000399
3 3 0.000000 0.000014 0.024046 0.975935 0.000004
3 3 0.000106 0.000736 0.064140 0.934816 0.000202
3 3 0.000010 0.000058 0.011479 0.988446 0.000007
3 3 0.000035 0.000285 0.048662 0.950992 0.000025
3 3 0.000003 0.000013 0.002518 0.997453 0.000012
3 3 0.000003 0.000028 0.010201 0.989755 0.000014
3 3 0.000005 0.000013 0.001135 0.998803 0.000044
3 3 0.000058 0.000442 0.044433 0.954820 0.000247
3 3 0.000103 0.000375 0.009472 0.989315 0.000735
3 3 0.001093 0.001881 0.022172 0.973186 0.001668
3 3 0.000008 0.000034 0.003277 0.996527 0.000154
3 3 0.000005 0.000212 0.050521 0.947788 0.001474
3 3 0.000003 0.000038 0.013005 0.986921 0.000033
3 3 0.000001 0.000030 0.073740 0.926225 0.000004
3 3 0.000004 0.000224 0.161509 0.838189 0.000073
3 3 0.000060 0.000745 0.114146 0.884802 0.000247
3 3 0.000001 0.000018 0.012607 0.987368 0.000006
3 3 0.000002 0.000048 0.047470 0.952474 0.000007
3 3 0.000084 0.000375 0.024769 0.974646 0.000126
3 3 0.000037 0.001070 0.191834 0.806490 0.000569
3 3 0.000006 0.000078 0.034602 0.965306 0.000009
3 1 0.024010 0.025374 0.290896 0.658914 0.000806
2 1 0.121946 0.244705 0.601501 0.028796 0.003052
2 1 0.267799 0.235530 0.479981 0.001214 0.015476
2 1 0.139514 0.105887 0.745300 0.006264 0.003034
0 1 0.479313 0.129504 0.380852 0.004992 0.005339
2 0 0.260238 0.233616 0.454257 0.045109 0.006779
4 1 0.049766 0.363768 0.129029 0.000009 0.457427
1 1 0.046194 0.416312 0.171113 0.000044 0.366337
2 2 0.004657 0.069697 0.875539 0.001756 0.048352
2 1 0.042378 0.279760 0.506259 0.000078 0.171524
0 0 0.816868 0.095433 0.018059 0.000001 0.069639
0 1 0.528607 0.208685 0.063972 0.000018 0.198718
0 0 0.982008 0.003639 0.000780 0.000000 0.013574
0 0 0.990123 0.006853 0.001555 0.000017 0.001452
0 0 0.816778 0.037493 0.016558 0.000330 0.128840
0 0 0.977306 0.014890 0.004150 0.000015 0.003639
0 0 0.997390 0.001495 0.000337 0.000003 0.000775
0 0 0.995525 0.003099 0.000809 0.000062 0.000506
0 0 0.871954 0.047160 0.013283 0.000006 0.067597
0 0 0.913671 0.051884 0.014366 0.000034 0.020046
0 0 0.780274 0.011064 0.005844 0.000890 0.201928
0 0 0.997370 0.000713 0.000173 0.000009 0.001735
0 0 0.941938 0.020471 0.004577 0.000002 0.033013
0 0 0.994206 0.002962 0.000861 0.000059 0.001912
0 0 0.606459 0.016453 0.006814 0.000109 0.370166
0 0 0.987049 0.001300 0.000480 0.001311 0.009860
0 0 0.982150 0.006067 0.001302 0.000003 0.010477
0 0 0.972207 0.014638 0.003786 0.000029 0.009339
0 0 0.999894 0.000073 0.000008 0.000000 0.000025
0 0 0.997250 0.002059 0.000439 0.000005 0.000247
0 0 0.998783 0.000989 0.000179 0.000008 0.000042
0 0 0.920826 0.063328 0.013908 0.000014 0.001924
0 0 0.977422 0.016664 0.004615 0.000005 0.001294
0 0 0.971867 0.011910 0.003140 0.000002 0.013080
0 0 0.913809 0.049618 0.012074 0.000004 0.024495
0 0 0.982726 0.004689 0.001678 0.000231 0.010676
0 0 0.976058 0.007306 0.001918 0.000040 0.014679
0 0 0.893864 0.009845 0.003847 0.000049 0.092395
0 0 0.935628 0.006634 0.002596 0.000023 0.055119
0 0 0.977939 0.007834 0.002897 0.000124 0.011206
0 0 0.902433 0.047131 0.013652 0.000004 0.036780
0 0 0.959804 0.027648 0.006568 0.000001 0.005978
0 0 0.631346 0.136289 0.027819 0.000000 0.204547
0 0 0.971398 0.018814 0.003479 0.000000 0.006308
0 0 0.895406 0.079150 0.017524 0.000002 0.007919
1 1 0.026908 0.650350 0.155022 0.000002 0.167718
0 1 0.481131 0.305888 0.088624 0.000001 0.124356
1 1 0.015985 0.571901 0.231908 0.000003 0.180204
1 1 0.088881 0.587574 0.141484 0.000001 0.182060
0 0 0.654540 0.118278 0.031828 0.000008 0.195345
0 0 0.876714 0.054712 0.024693 0.003090 0.040791
0 0 0.774942 0.080007 0.029065 0.000033 0.115953
4 1 0.292269 0.317332 0.065927 0.000000 0.324472
4 1 0.266208 0.318866 0.075845 0.000000 0.339080
1 1 0.080948 0.615096 0.166449 0.000006 0.137501
1 1 0.002002 0.484639 0.411052 0.000112 0.102195
2 1 0.000409 0.109439 0.840360 0.004238 0.045554
2 1 0.001909 0.175708 0.769497 0.000551 0.052335
2 1 0.008515 0.149702 0.714285 0.000255 0.127243
1 1 0.006668 0.425884 0.407474 0.000082 0.159893
2 2 0.010002 0.235406 0.700426 0.000204 0.053961
2 1 0.022492 0.368692 0.431948 0.000076 0.176793
0 1 0.777113 0.116871 0.051538 0.000096 0.054382
0 0 0.895060 0.045725 0.011613 0.000001 0.047601
0 0 0.476453 0.394057 0.074462 0.000001 0.055027
0 1 0.668132 0.249490 0.058899 0.000008 0.023471
0 1 0.617726 0.275234 0.054227 0.000001 0.052813
1 1 0.143426 0.617098 0.123442 0.000001 0.116033
2 1 0.148684 0.220494 0.617935 0.001137 0.011752
1 1 0.400843 0.429294 0.125174 0.000003 0.044685
2 1 0.100848 0.320656 0.558725 0.000469 0.019301
2 2 0.016010 0.312286 0.634388 0.000016 0.037300
2 2 0.091916 0.244734 0.639390 0.000069 0.023891
2 2 0.027815 0.280779 0.666207 0.000248 0.024951
2 2 0.072097 0.381621 0.479049 0.000049 0.067184
2 2 0.009168 0.268051 0.699144 0.000045 0.023592
0 1 0.640405 0.240832 0.102207 0.000113 0.016442
1 1 0.361881 0.459314 0.125861 0.000026 0.052918
1 1 0.380624 0.434487 0.147263 0.000030 0.037596
1 1 0.178274 0.546575 0.206194 0.000015 0.068941
1 1 0.021892 0.564112 0.158314 0.000002 0.255681
1 1 0.040369 0.462738 0.391223 0.000019 0.105651
2 2 0.005748 0.126447 0.848801 0.000328 0.018675
2 2 0.044328 0.333505 0.575307 0.000104 0.046755
1 1 0.389385 0.417430 0.131441 0.000045 0.061700
1 2 0.178825 0.495683 0.252796 0.000081 0.072616
1 1 0.018129 0.535849 0.338569 0.000019 0.107434
2 1 0.031858 0.334355 0.581993 0.000044 0.051750
1 1 0.061444 0.467826 0.428150 0.000387 0.042193
2 1 0.058937 0.393635 0.515532 0.005069 0.026827
2 2 0.014144 0.432116 0.434262 0.000022 0.119457
2 2 0.017913 0.211240 0.761586 0.000307 0.008954
2 2 0.015283 0.110796 0.868049 0.000663 0.005209
2 2 0.117805 0.247461 0.616121 0.002586 0.016027
2 2 0.018659 0.177420 0.785707 0.008877 0.009337
2 1 0.130899 0.337696 0.498928 0.000594 0.031882
1 1 0.096661 0.490921 0.283991 0.000046 0.128382
2 2 0.007150 0.253193 0.617804 0.000174 0.121679
2 2 0.000395 0.036332 0.958826 0.001530 0.002917
2 2 0.007997 0.221952 0.726088 0.000074 0.043889
2 2 0.022638 0.347771 0.511043 0.000015 0.118533
2 2 0.000411 0.058129 0.934909 0.000353 0.006199
0 2 0.904803 0.058197 0.015520 0.000001 0.021479
2 1 0.080235 0.245899 0.611590 0.000852 0.061425
2 1 0.025089 0.127759 0.831419 0.008463 0.007270
2 1 0.086708 0.219460 0.677262 0.000554 0.016016
1 1 0.249052 0.417730 0.263408 0.000026 0.069784
1 1 0.175470 0.502050 0.135071 0.000001 0.187407
0 2 0.548385 0.296200 0.110701 0.000136 0.044578
0 2 0.446707 0.376724 0.120403 0.000010 0.056155
2 2 0.086882 0.279340 0.598374 0.000233 0.035172
2 2 0.010841 0.129155 0.840098 0.000139 0.019767
2 2 0.022608 0.212812 0.729519 0.000359 0.034702
2 2 0.018452 0.106763 0.860886 0.010189 0.003710
1 2 0.257157 0.392247 0.169633 0.000027 0.180935
2 2 0.194612 0.365991 0.390477 0.000108 0.048812
1 2 0.071397 0.446624 0.373315 0.000130 0.108534
2 2 0.070368 0.374285 0.504800 0.000312 0.050234
2 2 0.007541 0.111471 0.865682 0.001134 0.014172
2 2 0.050699 0.194044 0.737980 0.000983 0.016293
2 2 0.084249 0.184598 0.713605 0.000737 0.016810
2 2 0.018319 0.141439 0.830069 0.000489 0.009683
2 2 0.030152 0.082666 0.860176 0.021298 0.005708
0 1 0.611329 0.108672 0.255408 0.015702 0.008888
2 1 0.002588 0.092705 0.896304 0.000497 0.007906
2 2 0.006532 0.310550 0.612162 0.000155 0.070601
2 2 0.001117 0.051383 0.935555 0.002112 0.009832
2 2 0.001625 0.048425 0.926070 0.006502 0.017377
2 1 0.014403 0.085260 0.892799 0.004283 0.003255
2 1 0.127008 0.230079 0.626124 0.002408 0.014380
1 1 0.087516 0.482841 0.274030 0.000018 0.155595
2 2 0.005201 0.151287 0.831002 0.000537 0.011973
2 2 0.008374 0.107722 0.870387 0.001121 0.012396
2 2 0.004445 0.049478 0.939253 0.002829 0.003994
2 2 0.079533 0.143608 0.750257 0.006553 0.020048
2 2 0.053655 0.261811 0.604445 0.008446 0.071644
2 2 0.002571 0.093898 0.885898 0.000129 0.017504
2 2 0.011079 0.296605 0.651939 0.000121 0.040256
2 2 0.009717 0.274989 0.634911 0.000017 0.080366
2 2 0.013202 0.206178 0.765796 0.001069 0.013755
2 2 0.000492 0.052859 0.939129 0.000196 0.007325
2 2 0.000523 0.018597 0.970912 0.009144 0.000825
2 2 0.000612 0.018679 0.973406 0.006580 0.000722
2 2 0.015787 0.097119 0.852315 0.023005 0.011773
2 2 0.012969 0.083683 0.890361 0.006614 0.006372
0 1 0.846525 0.063268 0.059516 0.002356 0.028336
2 1 0.013518 0.216508 0.714741 0.001051 0.054182
2 2 0.010115 0.171484 0.754218 0.000324 0.063859
2 2 0.003504 0.097364 0.882478 0.001142 0.015512
2 2 0.001257 0.065510 0.925930 0.001537 0.005765
2 2 0.013197 0.174972 0.800940 0.003295 0.007596
2 2 0.005226 0.172948 0.800460 0.004236 0.017130
2 2 0.000812 0.025403 0.963221 0.004601 0.005963
2 1 0.019635 0.127509 0.840175 0.005793 0.006888
2 1 0.007766 0.082758 0.900481 0.001708 0.007286
2 1 0.031682 0.199283 0.751908 0.003182 0.013945
2 1 0.000411 0.060818 0.928098 0.004468 0.006206
2 2 0.000272 0.043248 0.951101 0.000723 0.004656
2 2 0.000541 0.060669 0.930453 0.000823 0.007514
2 2 0.000029 0.028094 0.968791 0.000029 0.003056
2 2 0.000016 0.007581 0.987680 0.004273 0.000450
2 2 0.000271 0.038056 0.955908 0.002134 0.003631
2 2 0.000117 0.014260 0.969946 0.014654 0.001023
2 2 0.000034 0.017276 0.981083 0.000183 0.001424
2 2 0.000130 0.038879 0.956375 0.000671 0.003945
2 2 0.000200 0.022010 0.970692 0.005190 0.001908
2 2 0.000043 0.003941 0.964835 0.031055 0.000126
2 2 0.000295 0.039502 0.955097 0.000414 0.004692
2 2 0.001464 0.036120 0.952711 0.005515 0.004191
2 2 0.000041 0.011049 0.985376 0.002741 0.000793
2 2 0.002276 0.029613 0.955605 0.011414 0.001092
2 2 0.001555 0.021296 0.954851 0.021538 0.000760
2 2 0.000218 0.016347 0.967147 0.015309 0.000979
2 2 0.000141 0.014868 0.978885 0.004691 0.001416
2 2 0.000184 0.006863 0.935144 0.057423 0.000385
2 3 0.006084 0.052620 0.861767 0.074644 0.004884
2 2 0.000130 0.002530 0.604505 0.392814 0.000021
2 2 0.002553 0.026839 0.889215 0.080819 0.000575
2 1 0.026253 0.299809 0.645041 0.001197 0.027701
1 1 0.214284 0.379020 0.350189 0.000144 0.056362
1 1 0.087006 0.605788 0.269319 0.000053 0.037833
1 1 0.046572 0.539186 0.379040 0.000043 0.035158
2 1 0.132360 0.263216 0.582392 0.012776 0.009257
2 1 0.008191 0.155429 0.829939 0.001568 0.004874
2 2 0.000915 0.035219 0.959901 0.002313 0.001652
2 2 0.003965 0.138580 0.850621 0.001045 0.005789
2 2 0.002347 0.057083 0.931491 0.000142 0.008937
2 2 0.002999 0.072238 0.918152 0.000205 0.006405
2 2 0.000061 0.009026 0.983427 0.007054 0.000433
2 2 0.000216 0.005624 0.974302 0.019593 0.000266
2 2 0.000424 0.062065 0.917970 0.009266 0.010275
2 2 0.000354 0.032294 0.961093 0.003443 0.002817
2 2 0.000070 0.008060 0.988711 0.002619 0.000539
2 2 0.000120 0.024373 0.971132 0.003304 0.001072
2 2 0.080699 0.284153 0.587600 0.000117 0.047432
2 1 0.010394 0.180771 0.790924 0.001145 0.016767
2 2 0.000349 0.020799 0.976272 0.000102 0.002478
1 1 0.136478 0.461948 0.375293 0.000103 0.026178
2 2 0.017076 0.134231 0.824554 0.012365 0.011775
2 2 0.000810 0.019450 0.974663 0.003979 0.001097
2 2 0.000523 0.021302 0.974206 0.002768 0.001200
2 2 0.028807 0.160543 0.799950 0.002126 0.008573
0 1 0.402372 0.249851 0.333257 0.002274 0.012246
2 1 0.070648 0.268367 0.644495 0.002813 0.013678
2 2 0.000466 0.041461 0.942614 0.013092 0.002367
2 2 0.000338 0.040461 0.947798 0.007655 0.003748
2 2 0.000047 0.006767 0.992106 0.000303 0.000777
2 2 0.017872 0.106535 0.867889 0.002583 0.005121
1 2 0.036067 0.490365 0.414163 0.000453 0.058953
1 1 0.155813 0.392688 0.368514 0.000083 0.082902
1 1 0.231776 0.532333 0.182923 0.000049 0.052918
1 1 0.189366 0.534331 0.222303 0.000019 0.053980
1 1 0.004702 0.505015 0.437770 0.000156 0.052357
2 2 0.041087 0.312272 0.568707 0.000707 0.077227
1 1 0.023989 0.574529 0.354183 0.000067 0.047232
1 2 0.052423 0.501540 0.403053 0.000326 0.042658
2 1 0.006121 0.193225 0.786371 0.000521 0.013762
2 2 0.022695 0.213412 0.745547 0.001159 0.017188
2 2 0.010130 0.160812 0.820375 0.002133 0.006551
2 2 0.008777 0.337316 0.642713 0.001277 0.009916
2 2 0.002122 0.095027 0.862263 0.028573 0.012015
2 2 0.003717 0.147875 0.841999 0.001641 0.004768
1 2 0.216390 0.481672 0.275042 0.000380 0.026516
0 2 0.533819 0.267408 0.186573 0.000335 0.011864
1 0 0.138883 0.489226 0.345809 0.000285 0.025797
1 1 0.004470 0.563338 0.392509 0.000013 0.039670
2 2 0.000427 0.164528 0.816825 0.000682 0.017538
2 2 0.000035 0.024535 0.972831 0.001275 0.001324
2 2 0.000165 0.033297 0.959076 0.005372 0.002090
2 2 0.000011 0.002234 0.995156 0.002474 0.000125
2 2 0.000031 0.014118 0.983926 0.000827 0.001099
2 2 0.000619 0.178252 0.794091 0.000246 0.026793
2 2 0.000076 0.013351 0.974755 0.011112 0.000706
2 2 0.000604 0.014576 0.977196 0.007299 0.000324
2 2 0.000092 0.015069 0.983090 0.000209 0.001541
2 2 0.000990 0.038169 0.955807 0.000329 0.004705
2 2 0.000019 0.002738 0.984009 0.013188 0.000046
2 2 0.000346 0.056791 0.934826 0.000112 0.007925
2 4 0.001821 0.106328 0.854125 0.000742 0.036984
4 4 0.003058 0.093407 0.179545 0.000006 0.723984
4 4 0.004439 0.003457 0.001518 0.000001 0.990584
4 4 0.003500 0.001714 0.000696 0.000000 0.994089
4 4 0.019236 0.028315 0.011579 0.000004 0.940867
4 4 0.001775 0.025996 0.013072 0.000034 0.959124
4 4 0.007094 0.013622 0.006387 0.000008 0.972889
4 4 0.113625 0.045183 0.022770 0.000032 0.818389
4 4 0.003165 0.036864 0.018658 0.000047 0.941266
4 4 0.011029 0.039000 0.024048 0.000307 0.925615
4 4 0.024861 0.131679 0.052083 0.000011 0.791366
4 4 0.007199 0.026707 0.011528 0.000028 0.954538
1 4 0.021006 0.429598 0.120190 0.000001 0.429205
4 4 0.007661 0.370598 0.207993 0.000003 0.413744
4 4 0.012116 0.294985 0.307743 0.000197 0.384959
4 4 0.011347 0.284190 0.175465 0.000036 0.528962
1 4 0.008194 0.372061 0.332842 0.000128 0.286775
4 4 0.027301 0.167935 0.059406 0.000005 0.745354
4 4 0.048590 0.020050 0.008831 0.000005 0.922525
4 4 0.117022 0.275895 0.077771 0.000001 0.529311
1 4 0.001707 0.375133 0.367893 0.000058 0.255209
1 4 0.017144 0.548497 0.187857 0.000002 0.246501
4 4 0.054263 0.005343 0.002545 0.000011 0.937839
4 4 0.031452 0.015050 0.006058 0.000002 0.947439
4 4 0.036660 0.014737 0.003715 0.000000 0.944889
4 4 0.034427 0.103536 0.030540 0.000000 0.831496
4 4 0.005468 0.108775 0.044731 0.000016 0.841010
4 4 0.010709 0.133064 0.108320 0.000028 0.747879
4 4 0.011869 0.195652 0.065732 0.000004 0.726743
4 1 0.002704 0.102790 0.063456 0.000001 0.831049
4 1 0.008154 0.268848 0.129405 0.000002 0.593591
4 1 0.002275 0.118802 0.071710 0.000001 0.807211
4 0 0.141073 0.102037 0.024296 0.000000 0.732595
1 1 0.108136 0.514576 0.196174 0.000005 0.181110
0 0 0.963625 0.018332 0.006523 0.000018 0.011503
0 0 0.816484 0.075774 0.037654 0.000174 0.069913
0 1 0.419926 0.363502 0.093343 0.000002 0.123228
1 1 0.104611 0.556077 0.235266 0.000002 0.104043
1 1 0.029671 0.609224 0.150823 0.000001 0.210281
1 1 0.020782 0.485011 0.387877 0.000003 0.106328
1 1 0.097198 0.528015 0.121364 0.000004 0.253419
1 1 0.142552 0.566352 0.114554 0.000001 0.176540
1 1 0.056262 0.702755 0.145580 0.000002 0.095402
1 1 0.239089 0.503693 0.143590 0.000058 0.113570
1 1 0.020375 0.694652 0.162887 0.000004 0.122083
1 1 0.037957 0.641626 0.144879 0.000001 0.175537
1 1 0.076823 0.396651 0.132363 0.000032 0.394132
1 1 0.061612 0.423013 0.274287 0.000127 0.240962
1 1 0.005922 0.420555 0.212119 0.000331 0.361073
1 1 0.034290 0.570534 0.354910 0.000079 0.040187
2 1 0.119465 0.350679 0.449109 0.000034 0.080712
1 1 0.110672 0.626100 0.152672 0.000005 0.110552
1 1 0.100296 0.612565 0.171530 0.000012 0.115597
0 0 0.349109 0.232591 0.150473 0.000492 0.267335
1 1 0.016974 0.601358 0.201466 0.000123 0.180079
1 1 0.005689 0.493315 0.421757 0.000117 0.079122
1 1 0.049341 0.658504 0.232939 0.000110 0.059107
2 1 0.004857 0.401803 0.540096 0.000014 0.053231
2 1 0.003591 0.335288 0.586463 0.000088 0.074570
2 1 0.009544 0.324071 0.589981 0.000014 0.076390
2 2 0.001169 0.182956 0.783154 0.000102 0.032619
2 2 0.000083 0.153700 0.817791 0.000007 0.028419
2 2 0.000394 0.030358 0.964092 0.000992 0.004164
2 2 0.000228 0.016666 0.980937 0.000467 0.001703
2 2 0.003449 0.182807 0.775110 0.000083 0.038551
2 2 0.002829 0.306837 0.611020 0.000011 0.079302
2 2 0.000170 0.016905 0.980676 0.000042 0.002207
2 2 0.000185 0.055909 0.934869 0.000009 0.009027
2 2 0.000273 0.062281 0.928500 0.002626 0.006320
2 2 0.000492 0.071925 0.917190 0.002334 0.008059
2 2 0.000106 0.013455 0.983440 0.001489 0.001510
2 2 0.000080 0.025723 0.971289 0.000388 0.002520
2 2 0.000001 0.001330 0.995887 0.002732 0.000050
2 2 0.000003 0.001708 0.988674 0.009522 0.000093
2 2 0.002545 0.136567 0.838680 0.001546 0.020662
2 2 0.013582 0.222188 0.711254 0.000078 0.052898
2 0 0.052897 0.224658 0.709017 0.003612 0.009816
2 0 0.173920 0.304120 0.502376 0.000274 0.019309
1 1 0.128552 0.486908 0.353712 0.002597 0.028232
1 1 0.139033 0.511140 0.295128 0.000182 0.054518
1 1 0.024213 0.613650 0.202423 0.000018 0.159696
2 2 0.000860 0.235131 0.725907 0.000044 0.038058
2 2 0.039659 0.332331 0.572942 0.000064 0.055003
1 2 0.235982 0.379333 0.326135 0.000061 0.058490
2 1 0.001562 0.120306 0.859409 0.008680 0.010044
2 0 0.058017 0.133385 0.794171 0.009959 0.004469
2 1 0.004312 0.285414 0.666496 0.000128 0.043651
2 1 0.002182 0.187794 0.791172 0.000162 0.018690
2 2 0.000800 0.123070 0.853984 0.000040 0.022105
2 2 0.000084 0.025130 0.971961 0.000230 0.002596
2 2 0.000007 0.008771 0.990004 0.000662 0.000556
2 2 0.000604 0.150995 0.825508 0.000212 0.022681
2 2 0.000059 0.010355 0.975272 0.013874 0.000440
2 2 0.000005 0.003106 0.974967 0.021720 0.000202
2 2 0.000251 0.031674 0.963474 0.001334 0.003267
2 2 0.001510 0.047722 0.944792 0.000187 0.005789
2 2 0.000008 0.005741 0.991671 0.002185 0.000395
2 2 0.000158 0.033660 0.961362 0.001608 0.003212
2 2 0.000108 0.044703 0.948503 0.001319 0.005367
2 2 0.000367 0.015108 0.971794 0.011741 0.000991
2 2 0.000505 0.030512 0.962580 0.001964 0.004439
2 2 0.000113 0.013048 0.980972 0.004338 0.001530
2 2 0.000190 0.008604 0.965854 0.024996 0.000357
2 2 0.000069 0.005507 0.932857 0.061446 0.000120
2 2 0.000010 0.003037 0.947442 0.048885 0.000626
2 2 0.000048 0.006511 0.980396 0.011939 0.001106
2 2 0.000707 0.059360 0.924735 0.012532 0.002666
2 2 0.000186 0.009346 0.927732 0.062358 0.000377
3 2 0.000121 0.001987 0.347788 0.649951 0.000154
3 2 0.000001 0.000031 0.085756 0.914212 0.000000
2 2 0.001790 0.053899 0.780077 0.152114 0.012119
3 2 0.000051 0.001685 0.272312 0.724643 0.001308
2 2 0.001016 0.035453 0.823405 0.130906 0.009220
2 2 0.000174 0.015923 0.864499 0.115342 0.004063
2 2 0.000143 0.009070 0.847768 0.141844 0.001175
2 2 0.000132 0.004697 0.524950 0.469090 0.001131
3 2 0.000155 0.004751 0.405118 0.588944 0.001032
2 2 0.000291 0.005275 0.704853 0.289501 0.000080
3 2 0.000008 0.000623 0.382067 0.617092 0.000210
3 2 0.000082 0.001093 0.148523 0.850140 0.000161
2 2 0.000534 0.010251 0.504378 0.482180 0.002656
3 3 0.000389 0.004802 0.216489 0.775777 0.002543
2 2 0.000141 0.006165 0.597046 0.395310 0.001337
3 2 0.000059 0.001799 0.446274 0.551743 0.000125
3 2 0.021301 0.059841 0.228419 0.646166 0.044273
3 2 0.000245 0.003178 0.225468 0.770006 0.001104
3 2 0.000444 0.007209 0.404161 0.586753 0.001433
3 3 0.000087 0.000655 0.072461 0.926705 0.000092
3 3 0.000026 0.000342 0.043686 0.955430 0.000516
3 2 0.000315 0.002455 0.131405 0.865134 0.000691
3 3 0.000011 0.000176 0.041901 0.957807 0.000104
3 3 0.000393 0.002152 0.093777 0.903237 0.000442
3 3 0.000025 0.000309 0.067637 0.931952 0.000076
3 3 0.000046 0.000345 0.043229 0.956337 0.000044
3 3 0.009167 0.029371 0.221621 0.731450 0.008391
3 3 0.005858 0.015945 0.197693 0.777856 0.002649
3 3 0.000794 0.012139 0.458945 0.523549 0.004572
3 3 0.000019 0.001269 0.466862 0.531492 0.000358
3 3 0.000280 0.004186 0.424752 0.570453 0.000329
3 3 0.001039 0.002296 0.040030 0.955985 0.000651
3 3 0.000032 0.000427 0.061582 0.937786 0.000173
3 3 0.000028 0.000116 0.008885 0.990854 0.000116
3 3 0.000480 0.000670 0.009845 0.988680 0.000325
3 3 0.000322 0.000650 0.013576 0.985059 0.000393
3 3 0.000162 0.001115 0.100942 0.897687 0.000094
3 3 0.000114 0.000717 0.062256 0.936695 0.000218
3 3 0.016669 0.049347 0.207552 0.702799 0.023632
3 3 0.000688 0.008796 0.243204 0.743194 0.004118
3 3 0.000012 0.000370 0.130632 0.868862 0.000124
3 3 0.000054 0.000652 0.062772 0.935940 0.000582
3 3 0.000014 0.000620 0.302034 0.697181 0.000152
3 3 0.000025 0.000488 0.151843 0.847550 0.000094
3 3 0.000001 0.000024 0.027501 0.972461 0.000013
3 3 0.000006 0.000145 0.085925 0.913900 0.000024
3 3 0.000007 0.000202 0.083348 0.916385 0.000059
3 3 0.000699 0.009973 0.241063 0.739905 0.008360
3 3 0.000027 0.000325 0.053647 0.945655 0.000347
3 3 0.000000 0.000017 0.032565 0.967405 0.000013
3 3 0.000151 0.001746 0.191037 0.806622 0.000443
3 3 0.000001 0.000067 0.154581 0.845312 0.000039
3 3 0.000000 0.000008 0.008513 0.991472 0.000007
3 3 0.000002 0.000038 0.045206 0.954754 0.000001
3 3 0.000063 0.000340 0.027980 0.971497 0.000120
3 3 0.000010 0.000110 0.021613 0.978120 0.000146
3 3 0.000005 0.000047 0.009494 0.990252 0.000202
3 3 0.000018 0.000119 0.010031 0.989263 0.000569
3 3 0.000002 0.000055 0.028218 0.971659 0.000066
3 3 0.000004 0.000099 0.057475 0.942371 0.000050
3 3 0.001553 0.014457 0.259108 0.699388 0.025494
3 3 0.000051 0.000474 0.052244 0.946740 0.000490
3 3 0.000047 0.000998 0.120929 0.876999 0.001027
3 3 0.000010 0.000391 0.114832 0.884520 0.000247
3 3 0.000017 0.000324 0.040559 0.958223 0.000877
3 3 0.000000 0.000009 0.013493 0.986491 0.000007
3 3 0.000626 0.008998 0.277456 0.699824 0.013095
3 3 0.000002 0.000061 0.043621 0.956268 0.000047
3 3 0.000112 0.000693 0.065058 0.934073 0.000066
3 3 0.002936 0.011699 0.107198 0.869998 0.008170
3 3 0.001143 0.018423 0.415014 0.546230 0.019190
3 3 0.000456 0.004571 0.162321 0.830541 0.002111
3 3 0.000003 0.000062 0.022821 0.976953 0.000161
3 3 0.000032 0.000841 0.076701 0.920329 0.002097
3 3 0.000013 0.000544 0.329867 0.669465 0.000111
3 3 0.000147 0.001038 0.080822 0.917691 0.000302
3 3 0.002740 0.011298 0.215980 0.767018 0.002964
3 3 0.001511 0.009230 0.183734 0.802632 0.002893
2 3 0.000066 0.003731 0.839030 0.156950 0.000222
3 3 0.000230 0.005761 0.374483 0.615340 0.004186
3 3 0.000920 0.011398 0.291301 0.689092 0.007289
3 2 0.062231 0.055590 0.243703 0.631251 0.007225
2 1 0.250198 0.235182 0.442134 0.009310 0.063176
2 1 0.095723 0.284325 0.558857 0.016027 0.045067
2 1 0.008847 0.152382 0.828301 0.000623 0.009847
2 1 0.101171 0.343970 0.544693 0.003752 0.006414
1 1 0.365469 0.435251 0.145482 0.000104 0.053693
1 1 0.284040 0.357801 0.339797 0.000362 0.018000
2 1 0.060353 0.152612 0.754996 0.026056 0.005982
2 1 0.064731 0.297348 0.623321 0.006809 0.007791
2 2 0.161330 0.267959 0.543537 0.004345 0.022829
2 2 0.042854 0.245674 0.687660 0.002691 0.021122
1 0 0.040666 0.493048 0.415019 0.001610 0.049657
2 1 0.004015 0.344601 0.584610 0.000510 0.066264
2 2 0.001601 0.093688 0.890051 0.000742 0.013918
2 1 0.022687 0.344459 0.552645 0.000528 0.079682
2 1 0.007892 0.125623 0.772259 0.000079 0.094146
2 1 0.009670 0.170345 0.781870 0.000460 0.037656
1 1 0.032748 0.460900 0.457247 0.000483 0.048622
2 2 0.000286 0.111659 0.879332 0.001100 0.007624
2 1 0.066714 0.306358 0.610404 0.001013 0.015511
2 1 0.038368 0.413028 0.516765 0.000412 0.031426
2 1 0.006786 0.225488 0.751205 0.002074 0.014446
2 2 0.001256 0.110165 0.880391 0.000363 0.007825
2 2 0.036286 0.177923 0.774333 0.001124 0.010334
2 2 0.001017 0.073392 0.919288 0.001788 0.004516
2 2 0.001244 0.059099 0.928235 0.002661 0.008760
2 1 0.002132 0.119659 0.871523 0.001368 0.005318
2 1 0.004644 0.103018 0.878363 0.002735 0.011240
2 2 0.007742 0.197986 0.770293 0.000751 0.023228
2 1 0.022939 0.188749 0.775569 0.000838 0.011905
1 1 0.087844 0.479649 0.398884 0.000205 0.033418
2 1 0.021396 0.288573 0.682077 0.001804 0.006150
2 1 0.048076 0.304499 0.626758 0.001477 0.019190
1 1 0.094584 0.671757 0.201091 0.000083 0.032485
1 1 0.118473 0.650082 0.170155 0.000012 0.061278
0 1 0.756377 0.177477 0.044721 0.000007 0.021418
1 1 0.251221 0.548780 0.136120 0.000020 0.063859
1 1 0.004876 0.512238 0.431633 0.000067 0.051186
2 1 0.012068 0.304193 0.665772 0.000079 0.017887
1 1 0.220895 0.547098 0.153813 0.000022 0.078171
0 0 0.467492 0.307258 0.199251 0.000670 0.025329
1 1 0.224574 0.418954 0.280182 0.000913 0.075377
1 1 0.018903 0.488159 0.398360 0.000028 0.094550
1 1 0.088412 0.659260 0.189466 0.000023 0.062840
1 1 0.065414 0.692711 0.131827 0.000001 0.110048
1 1 0.009956 0.535367 0.376652 0.000049 0.077975
1 1 0.010117 0.574172 0.216250 0.000176 0.199284
1 1 0.219484 0.573177 0.157273 0.000049 0.050017
0 1 0.758261 0.170707 0.064202 0.000007 0.006822
1 0 0.321561 0.356695 0.109157 0.000000 0.212587
1 1 0.121998 0.503967 0.096612 0.000000 0.277423
4 1 0.004161 0.221221 0.079317 0.000061 0.695241
1 1 0.019265 0.549775 0.106310 0.000000 0.324650
1 1 0.041085 0.691722 0.165408 0.000005 0.101780
1 1 0.101654 0.559418 0.236321 0.000049 0.102559
1 1 0.037225 0.637025 0.140147 0.000001 0.185603
1 1 0.183755 0.516861 0.146260 0.000001 0.153123
1 1 0.011947 0.612434 0.174304 0.000001 0.201314
1 1 0.010746 0.558311 0.322232 0.000008 0.108703
1 1 0.195028 0.480103 0.123261 0.000005 0.201602
1 1 0.089837 0.649714 0.167242 0.000011 0.093197
1 1 0.108011 0.537274 0.284351 0.000127 0.070236
1 1 0.336899 0.481029 0.121549 0.000003 0.060521
2 0 0.240874 0.333512 0.334742 0.000010 0.090862
0 0 0.636898 0.132176 0.218048 0.000156 0.012722
1 0 0.168294 0.431848 0.274879 0.000006 0.124973
1 1 0.186347 0.432883 0.121579 0.000001 0.259189
0 1 0.719747 0.199399 0.055980 0.000016 0.024859
1 1 0.058745 0.626041 0.144140 0.000001 0.171073
0 1 0.743354 0.182959 0.047449 0.000006 0.026231
0 1 0.524737 0.329199 0.084853 0.000005 0.061204
1 1 0.164812 0.580717 0.118660 0.000001 0.135811
1 1 0.223831 0.478436 0.110715 0.000002 0.187016
1 1 0.241188 0.531705 0.149137 0.000021 0.077949
1 1 0.280539 0.508463 0.131424 0.000010 0.079564
1 1 0.201487 0.422278 0.139568 0.000000 0.236666
0 0 0.568403 0.167709 0.245821 0.001554 0.016513
0 0 0.380107 0.370914 0.189229 0.000022 0.059728
1 1 0.301586 0.421543 0.118761 0.000001 0.158109
1 1 0.121125 0.434336 0.172644 0.000082 0.271812
0 0 0.936423 0.035789 0.009360 0.000000 0.018428
0 0 0.965036 0.025900 0.008176 0.000127 0.000760
0 0 0.982695 0.013731 0.003325 0.000031 0.000218
0 0 0.989042 0.004078 0.000816 0.000001 0.006064
0 0 0.931292 0.023106 0.007074 0.000063 0.038465
0 0 0.977494 0.001620 0.000571 0.000098 0.020217
0 0 0.963717 0.022061 0.005774 0.000050 0.008397
0 0 0.988406 0.002715 0.000822 0.000011 0.008046
0 0 0.880309 0.072042 0.022111 0.000035 0.025503
0 0 0.984767 0.006580 0.002571 0.001543 0.004539
0 0 0.968338 0.021329 0.006281 0.000088 0.003964
0 0 0.958452 0.028873 0.011309 0.000268 0.001098
0 0 0.980517 0.014157 0.002271 0.000001 0.003055
0 0 0.945611 0.012437 0.004580 0.000006 0.037366
0 0 0.994050 0.004046 0.001100 0.000052 0.000752
0 0 0.983904 0.010163 0.003521 0.000753 0.001659
0 0 0.979601 0.015571 0.002850 0.000001 0.001978
0 0 0.993555 0.004859 0.001190 0.000056 0.000341
0 0 0.974946 0.015892 0.004296 0.000145 0.004721
0 0 0.998576 0.000772 0.000144 0.000000 0.000508
0 0 0.991116 0.003503 0.000699 0.000002 0.004680
0 0 0.995400 0.002221 0.000593 0.000015 0.001771
0 0 0.988013 0.004553 0.001392 0.000024 0.006018
0 0 0.684809 0.184106 0.045360 0.000001 0.085724
0 0 0.920235 0.061030 0.011800 0.000001 0.006934
1 0 0.290813 0.404137 0.144474 0.000000 0.160575
1 0 0.200190 0.480320 0.188244 0.000004 0.131243
0 0 0.944235 0.037725 0.013742 0.000780 0.003519
0 0 0.470570 0.082156 0.026219 0.000126 0.420930
0 0 0.902648 0.009092 0.002889 0.000007 0.085363
0 0 0.970537 0.009490 0.003991 0.000907 0.015076
0 0 0.983243 0.005848 0.001745 0.000009 0.009156
0 0 0.990223 0.005985 0.001899 0.000210 0.001682
0 0 0.641079 0.013360 0.003434 0.000000 0.342127
0 0 0.867083 0.012530 0.003663 0.000091 0.116633
0 0 0.853227 0.026954 0.006887 0.000016 0.112916
0 0 0.731667 0.019444 0.004268 0.000009 0.244612
0 0 0.992083 0.004381 0.001363 0.000141 0.002033
0 0 0.946629 0.008484 0.002476 0.000069 0.042343
0 0 0.988337 0.004121 0.001279 0.000018 0.006246
0 0 0.915785 0.016187 0.012945 0.001390 0.053694
0 0 0.977451 0.014570 0.005077 0.002116 0.000786
0 0 0.992766 0.004814 0.001420 0.000242 0.000758
0 0 0.978662 0.013505 0.003710 0.000117 0.004006
0 0 0.951890 0.014939 0.004466 0.000021 0.028684
0 0 0.992515 0.002244 0.000684 0.000047 0.004510
0 0 0.976064 0.008636 0.003098 0.000243 0.011959
0 0 0.474675 0.038545 0.014529 0.000048 0.472204
0 0 0.973878 0.012693 0.004107 0.000111 0.009211
0 0 0.827046 0.108445 0.030812 0.000022 0.033675
0 0 0.980560 0.003522 0.001037 0.000043 0.014839
0 0 0.920523 0.009555 0.003503 0.000131 0.066288
0 0 0.978692 0.009215 0.003099 0.000108 0.008887
0 0 0.998202 0.000290 0.000059 0.000001 0.001448
0 0 0.878230 0.001201 0.000318 0.000006 0.120245
0 0 0.983002 0.008987 0.002509 0.000043 0.005459
0 0 0.924458 0.016247 0.006189 0.000155 0.052950
0 0 0.984070 0.011123 0.003316 0.000033 0.001458
0 0 0.989780 0.007417 0.002036 0.000034 0.000732
0 0 0.934659 0.002314 0.000558 0.000000 0.062470
0 0 0.988131 0.002604 0.000939 0.000545 0.007781
0 0 0.965667 0.016899 0.005606 0.000094 0.011734
0 0 0.574849 0.014006 0.005318 0.000399 0.405428
0 0 0.493493 0.026915 0.007730 0.000001 0.471862
0 0 0.949641 0.037675 0.008036 0.000002 0.004646
0 0 0.982944 0.003598 0.000889 0.000003 0.012567
0 0 0.994071 0.001084 0.000321 0.000061 0.004463
0 0 0.944731 0.031718 0.007106 0.000059 0.016385
0 0 0.984891 0.002655 0.000720 0.000168 0.011566
0 0 0.852794 0.005197 0.001764 0.000089 0.140156
0 0 0.684077 0.062604 0.019819 0.000053 0.233447
0 0 0.988346 0.003435 0.001131 0.000066 0.007022
0 0 0.985348 0.010192 0.003234 0.000436 0.000790
0 0 0.728997 0.126744 0.052789 0.000092 0.091379
0 0 0.981252 0.010742 0.003772 0.003420 0.000814
0 0 0.992686 0.004300 0.001348 0.000411 0.001255
0 0 0.988147 0.002488 0.000936 0.003937 0.004492
0 0 0.863900 0.088048 0.027485 0.000022 0.020545
0 0 0.789342 0.102931 0.068897 0.007301 0.031529
4 0 0.334904 0.042401 0.015547 0.000029 0.607119
0 0 0.667208 0.050678 0.019300 0.000355 0.262459
0 0 0.999301 0.000556 0.000090 0.000001 0.000052
0 0 0.996106 0.003050 0.000689 0.000062 0.000093
0 0 0.991267 0.006192 0.001602 0.000007 0.000931
0 0 0.897825 0.049125 0.012206 0.000002 0.040841
0 0 0.859313 0.094042 0.027522 0.000005 0.019117
0 0 0.983766 0.003908 0.000962 0.000004 0.011360
0 0 0.895198 0.016183 0.005241 0.000014 0.083363
0 0 0.941496 0.008857 0.001874 0.000001 0.047772
0 0 0.959456 0.021455 0.006249 0.000048 0.012792
0 0 0.970649 0.014705 0.005024 0.000248 0.009374
0 0 0.981176 0.013033 0.002414 0.000000 0.003377
0 0 0.557930 0.083165 0.018393 0.000000 0.340512
0 0 0.951596 0.029107 0.008059 0.000009 0.011230
1 1 0.108531 0.666876 0.109925 0.000000 0.114668
0 1 0.424558 0.420840 0.120298 0.000068 0.034236
0 0 0.683755 0.199228 0.058863 0.000070 0.058083
0 0 0.930761 0.051033 0.011691 0.000011 0.006504
0 0 0.883392 0.066878 0.045457 0.000054 0.004220
0 0 0.997074 0.002293 0.000486 0.000011 0.000137
0 0 0.991023 0.006025 0.001437 0.000004 0.001511
0 0 0.874314 0.082429 0.035254 0.000019 0.007984
0 0 0.979725 0.014479 0.003062 0.000006 0.002727
0 0 0.867627 0.064512 0.023877 0.000738 0.043245
0 0 0.870322 0.064796 0.030277 0.000420 0.034185
0 1 0.420401 0.398978 0.080200 0.000001 0.100420
1 1 0.024855 0.734730 0.134468 0.000001 0.105946
4 1 0.013904 0.230096 0.070573 0.000002 0.685426
4 1 0.108062 0.209903 0.209776 0.000031 0.472227
0 1 0.694613 0.159667 0.044999 0.000015 0.100706
0 0 0.789050 0.148220 0.029118 0.000002 0.033609
0 1 0.616743 0.281705 0.063409 0.000009 0.038133
0 0 0.658388 0.227372 0.038078 0.000000 0.076162
0 0 0.958248 0.016180 0.003957 0.000001 0.021614
0 0 0.946307 0.017945 0.004606 0.000013 0.031129
0 0 0.969390 0.006319 0.001344 0.000001 0.022946
0 0 0.972988 0.014231 0.004093 0.000094 0.008594
0 0 0.969835 0.010469 0.002782 0.000003 0.016911
0 0 0.882888 0.009692 0.002845 0.000015 0.104558
0 0 0.940019 0.008389 0.002891 0.000015 0.048686
0 0 0.887019 0.001241 0.000397 0.000004 0.111338
0 0 0.973935 0.004273 0.001052 0.000001 0.020739
0 0 0.997669 0.001189 0.000276 0.000006 0.000860
0 0 0.993368 0.002882 0.000771 0.000004 0.002975
0 0 0.724736 0.030688 0.008726 0.000037 0.235813
0 0 0.995350 0.000190 0.000043 0.000002 0.004415
0 0 0.992943 0.000758 0.000212 0.000016 0.006069
0 0 0.809732 0.096488 0.035050 0.000065 0.058665
0 0 0.895968 0.073381 0.012928 0.000000 0.017723
0 0 0.968122 0.027835 0.003849 0.000003 0.000191
0 0 0.992900 0.005674 0.001219 0.000006 0.000201
0 0 0.994371 0.004582 0.000951 0.000006 0.000091
0 0 0.992492 0.004494 0.001410 0.000582 0.001022
0 0 0.976246 0.014122 0.003355 0.000034 0.006243
0 0 0.986056 0.005973 0.001714 0.000015 0.006242
0 0 0.998277 0.001371 0.000230 0.000001 0.000120
0 0 0.995558 0.003264 0.000744 0.000006 0.000428
0 0 0.999105 0.000590 0.000122 0.000025 0.000158
0 0 0.999215 0.000342 0.000071 0.000011 0.000361
0 0 0.987245 0.007886 0.002268 0.000008 0.002593
0 0 0.978969 0.001720 0.000453 0.000003 0.018856
0 0 0.620900 0.042653 0.016612 0.000077 0.319758
0 0 0.940315 0.004426 0.001746 0.000239 0.053273
0 0 0.989915 0.003132 0.000929 0.000038 0.005986
0 0 0.990107 0.007963 0.001810 0.000019 0.000101
0 0 0.975154 0.016591 0.004243 0.000005 0.004006
0 0 0.675098 0.091644 0.136415 0.007397 0.089445
0 0 0.917903 0.029555 0.008186 0.000015 0.044341
0 0 0.951427 0.019617 0.008278 0.001333 0.019345
0 0 0.968058 0.019197 0.003957 0.000002 0.008785
0 0 0.984717 0.002038 0.000682 0.000067 0.012496
0 0 0.906352 0.024615 0.009048 0.000091 0.059895
0 0 0.886136 0.065672 0.022848 0.000437 0.024907
0 0 0.995415 0.002534 0.000570 0.000001 0.001481
0 0 0.877662 0.093580 0.019233 0.000001 0.009523
0 0 0.989717 0.002654 0.000789 0.000010 0.006830
0 0 0.997530 0.001044 0.000235 0.000002 0.001190
0 0 0.996122 0.001756 0.000406 0.000002 0.001713
0 0 0.944981 0.023689 0.005136 0.000029 0.026165
0 0 0.959977 0.030801 0.006338 0.000004 0.002880
0 0 0.941922 0.046093 0.010962 0.000040 0.000982
0 0 0.898760 0.040485 0.013417 0.000032 0.047305
0 0 0.884116 0.076266 0.019473 0.000049 0.020096
0 0 0.953570 0.028910 0.007101 0.000010 0.010408
0 0 0.941685 0.033185 0.009444 0.000162 0.015524
0 0 0.993711 0.004606 0.001221 0.000240 0.000222
0 0 0.995171 0.003272 0.000894 0.000149 0.000514
0 0 0.981465 0.011308 0.003898 0.000182 0.003147
0 0 0.928274 0.023110 0.009496 0.000425 0.038695
0 0 0.953642 0.010548 0.001856 0.000000 0.033954
0 0 0.867371 0.039194 0.009514 0.000001 0.083921
