0 0 0.987540 0.006946 0.002219 0.000001 0.003294
0 0 0.967667 0.009474 0.000871 0.000109 0.021879
0 0 0.979336 0.008684 0.011294 0.000179 0.000507
0 0 0.969969 0.023903 0.005671 0.000004 0.000454
1 0 0.066711 0.469377 0.151033 0.000410 0.312469
4 1 0.074620 0.258391 0.069370 0.001436 0.596182
4 1 0.116765 0.040434 0.004124 0.011011 0.827666
4 1 0.015533 0.230795 0.342937 0.007828 0.402907
4 1 0.013243 0.103998 0.097931 0.000590 0.784239
4 1 0.019387 0.090094 0.066361 0.000115 0.824043
4 1 0.108254 0.179162 0.052266 0.000588 0.659729
4 1 0.145729 0.064610 0.015912 0.008345 0.765403
4 1 0.300758 0.111434 0.009021 0.000190 0.578597
0 1 0.725679 0.202553 0.036016 0.000009 0.035744
1 2 0.098782 0.479823 0.247323 0.003228 0.170844
1 2 0.112074 0.637040 0.124752 0.000579 0.125554
1 2 0.413809 0.457288 0.112331 0.000273 0.016299
2 2 0.056188 0.315766 0.611710 0.004330 0.012006
0 2 0.679993 0.123618 0.030053 0.001364 0.164972
4 2 0.218109 0.168101 0.036929 0.000195 0.576667
0 2 0.371938 0.271492 0.038293 0.000008 0.318269
0 2 0.492149 0.200003 0.082158 0.000767 0.224923
0 4 0.638246 0.122996 0.035404 0.010447 0.192907
4 4 0.095523 0.205141 0.044129 0.001188 0.654019
4 4 0.040751 0.283135 0.141164 0.001033 0.533917
2 4 0.003145 0.155463 0.772600 0.015264 0.053528
2 4 0.034523 0.289829 0.461188 0.001287 0.213173
1 1 0.144699 0.398551 0.072336 0.000494 0.383921
1 1 0.336328 0.345183 0.103506 0.002242 0.212741
2 1 0.009566 0.168651 0.641681 0.168500 0.011602
0 1 0.824141 0.040024 0.023346 0.015968 0.096520
4 1 0.158808 0.283289 0.070459 0.003026 0.484418
0 1 0.407493 0.241545 0.328951 0.010070 0.011942
0 1 0.841506 0.098293 0.056037 0.000298 0.003866
2 1 0.126050 0.346912 0.482955 0.024990 0.019094
2 1 0.148222 0.362634 0.450058 0.014239 0.024847
4 1 0.029413 0.035737 0.014417 0.000035 0.920398
4 4 0.236981 0.130316 0.015352 0.000459 0.616891
1 4 0.092507 0.488132 0.268172 0.000416 0.150773
4 4 0.314387 0.169809 0.045818 0.000481 0.469506
4 4 0.282927 0.157192 0.012298 0.001482 0.546101
4 4 0.121823 0.060038 0.006919 0.001496 0.809724
2 4 0.012731 0.345585 0.345931 0.004470 0.291283
2 4 0.011981 0.235853 0.659959 0.033084 0.059123
4 4 0.039727 0.227350 0.277880 0.004433 0.450609
1 4 0.042601 0.418146 0.282418 0.000080 0.256755
2 4 0.001287 0.038429 0.758476 0.193039 0.008770
2 4 0.003423 0.217258 0.526963 0.001335 0.251021
2 2 0.010980 0.138346 0.783835 0.022405 0.044434
2 2 0.071935 0.138893 0.717214 0.032135 0.039823
2 2 0.002039 0.152279 0.806102 0.011647 0.027933
2 2 0.002908 0.040235 0.925370 0.028177 0.003309
2 2 0.001566 0.063733 0.904167 0.019416 0.011118
2 2 0.028785 0.101603 0.844409 0.004902 0.020301
2 2 0.000842 0.050270 0.933676 0.005745 0.009466
2 2 0.002881 0.066251 0.906928 0.004182 0.019758
2 2 0.004204 0.080573 0.906202 0.005282 0.003739
2 2 0.000631 0.015817 0.977338 0.005865 0.000350
2 2 0.000830 0.020409 0.939539 0.036841 0.002382
2 2 0.001492 0.029037 0.911731 0.051669 0.006071
2 2 0.000003 0.002110 0.996229 0.001626 0.000032
2 2 0.000183 0.002373 0.972045 0.025275 0.000124
2 2 0.000091 0.002260 0.944029 0.053539 0.000081
2 2 0.000182 0.012266 0.970427 0.016796 0.000328
2 2 0.000499 0.009655 0.684981 0.299272 0.005594
2 2 0.000067 0.006084 0.779505 0.213834 0.000510
2 2 0.000006 0.000160 0.732006 0.267828 0.000001
3 2 0.000021 0.000675 0.462686 0.536610 0.000008
3 2 0.001039 0.002353 0.215959 0.780272 0.000377
2 2 0.019382 0.024302 0.746488 0.201850 0.007977
2 2 0.000011 0.004037 0.924370 0.071467 0.000115
3 2 0.000075 0.000845 0.342563 0.656489 0.000028
2 3 0.003934 0.006577 0.760354 0.229060 0.000076
2 3 0.000263 0.010722 0.663710 0.325053 0.000252
3 3 0.000175 0.001011 0.349569 0.649188 0.000057
3 3 0.000006 0.000050 0.080609 0.919333 0.000002
3 3 0.000006 0.000188 0.121883 0.877916 0.000008
3 3 0.000003 0.000131 0.247789 0.752074 0.000004
3 3 0.003041 0.003798 0.265000 0.722929 0.005232
3 3 0.000070 0.000365 0.119136 0.880343 0.000087
3 3 0.000090 0.001330 0.020735 0.976880 0.000965
3 3 0.000661 0.001550 0.108109 0.887161 0.002519
3 3 0.000000 0.000047 0.088658 0.911293 0.000001
3 3 0.000000 0.000035 0.245318 0.754645 0.000001
2 3 0.003303 0.019724 0.580293 0.395836 0.000843
3 3 0.000523 0.001075 0.131793 0.866574 0.000035
3 3 0.000001 0.000005 0.073798 0.926195 0.000001
3 3 0.000014 0.000013 0.027884 0.972089 0.000000
3 3 0.000023 0.000319 0.123082 0.875832 0.000744
3 3 0.000169 0.000534 0.077148 0.922121 0.000028
3 3 0.000005 0.000023 0.021473 0.978477 0.000022
3 3 0.000045 0.000078 0.005326 0.994492 0.000059
3 3 0.000082 0.000124 0.012385 0.987322 0.000086
3 3 0.000016 0.000009 0.003716 0.996257 0.000002
3 3 0.000020 0.000097 0.011915 0.987919 0.000049
3 3 0.001852 0.001642 0.165967 0.828163 0.002376
3 3 0.000014 0.000028 0.014953 0.985000 0.000005
3 3 0.000017 0.000147 0.022371 0.977423 0.000042
3 3 0.001393 0.002786 0.090338 0.905082 0.000400
3 3 0.000290 0.000762 0.051516 0.947339 0.000093
3 3 0.000956 0.005413 0.039354 0.948407 0.005869
3 3 0.001353 0.002299 0.032204 0.962104 0.002040
2 3 0.032712 0.126652 0.826207 0.004582 0.009847
2 3 0.000037 0.004206 0.544188 0.450985 0.000583
3 3 0.000143 0.002591 0.175442 0.821273 0.000551
3 3 0.012980 0.006469 0.351995 0.628266 0.000291
2 3 0.057119 0.086611 0.786207 0.064360 0.005703
2 3 0.006207 0.012738 0.787559 0.192645 0.000851
2 3 0.000187 0.004619 0.647678 0.347185 0.000332
2 3 0.001852 0.004807 0.635563 0.357603 0.000175
2 3 0.000002 0.000651 0.737239 0.262104 0.000003
3 3 0.000006 0.000089 0.018791 0.981106 0.000008
3 3 0.000732 0.015917 0.339697 0.642719 0.000935
3 3 0.000378 0.007546 0.415035 0.576794 0.000247
3 3 0.001919 0.000962 0.166110 0.830984 0.000025
3 3 0.000100 0.000144 0.175095 0.824658 0.000003
3 3 0.000021 0.001015 0.133794 0.865127 0.000043
3 3 0.000076 0.000436 0.039875 0.959554 0.000058
3 3 0.000118 0.003235 0.236269 0.760133 0.000246
3 3 0.000053 0.001551 0.176632 0.821691 0.000073
3 3 0.000457 0.001261 0.100780 0.894360 0.003142
3 3 0.000333 0.000671 0.034601 0.963995 0.000400
2 3 0.000054 0.000676 0.502258 0.496988 0.000023
3 3 0.000099 0.000775 0.273451 0.725658 0.000017
2 3 0.158523 0.092862 0.419309 0.312869 0.016438
3 3 0.000277 0.003550 0.069098 0.926037 0.001038
2 3 0.001052 0.006716 0.627831 0.364322 0.000079
3 3 0.000209 0.005230 0.464504 0.530003 0.000055
3 3 0.000005 0.000099 0.039083 0.960801 0.000013
3 3 0.000017 0.000752 0.178349 0.820871 0.000012
2 3 0.000410 0.019853 0.657600 0.321826 0.000311
3 3 0.000685 0.003243 0.209401 0.786534 0.000137
2 3 0.017066 0.111895 0.555021 0.274829 0.041189
2 3 0.050096 0.353657 0.536364 0.038725 0.021158
2 3 0.225317 0.190446 0.401713 0.131651 0.050873
2 3 0.181783 0.353853 0.444807 0.008045 0.011512
3 3 0.002295 0.033713 0.233866 0.707603 0.022522
2 3 0.004858 0.046383 0.630195 0.312373 0.006192
2 3 0.001054 0.005263 0.878831 0.114704 0.000147
2 3 0.045359 0.058040 0.711533 0.171029 0.014039
2 3 0.001519 0.068724 0.718770 0.205927 0.005061
2 3 0.000827 0.034246 0.805300 0.158146 0.001481
2 3 0.000181 0.021389 0.941387 0.035555 0.001488
2 3 0.000127 0.004857 0.624946 0.369472 0.000598
2 3 0.000146 0.002284 0.939971 0.057580 0.000019
2 3 0.000063 0.002404 0.679727 0.317786 0.000020
2 3 0.005168 0.037986 0.588716 0.359465 0.008665
3 3 0.001324 0.004733 0.098852 0.892944 0.002146
2 3 0.001056 0.022434 0.938870 0.035817 0.001823
3 3 0.000128 0.002416 0.196990 0.800176 0.000290
2 3 0.018911 0.191981 0.683375 0.065593 0.040141
2 3 0.003354 0.037277 0.797622 0.161140 0.000607
3 3 0.029507 0.085976 0.392848 0.410884 0.080785
0 3 0.358431 0.263653 0.320829 0.025727 0.031360
2 3 0.025830 0.409244 0.541136 0.006074 0.017715
2 3 0.026897 0.160166 0.780549 0.017506 0.014882
1 2 0.125734 0.675083 0.123054 0.000961 0.075168
2 2 0.038435 0.327910 0.523244 0.078317 0.032094
2 2 0.009628 0.113512 0.864929 0.007808 0.004123
2 2 0.002794 0.121312 0.867791 0.000621 0.007482
2 2 0.001846 0.037086 0.904440 0.055345 0.001284
2 2 0.000111 0.003272 0.989293 0.007314 0.000009
2 2 0.008964 0.062116 0.901626 0.026831 0.000463
2 2 0.010114 0.079937 0.907923 0.001196 0.000831
2 2 0.012381 0.042495 0.816337 0.123220 0.005568
0 0 0.583446 0.023699 0.263162 0.126572 0.003121
0 0 0.735308 0.186063 0.076982 0.000040 0.001607
0 0 0.862098 0.040450 0.091396 0.003043 0.003013
0 0 0.806655 0.005926 0.011799 0.002230 0.173389
0 0 0.992175 0.003912 0.002274 0.000175 0.001464
0 0 0.997424 0.001391 0.000211 0.000009 0.000965
0 0 0.999199 0.000182 0.000165 0.000129 0.000325
0 0 0.999772 0.000207 0.000014 0.000000 0.000008
0 0 0.910985 0.056120 0.032622 0.000005 0.000269
0 0 0.972434 0.018595 0.003864 0.000075 0.005032
0 0 0.760571 0.155955 0.005611 0.000002 0.077860
4 0 0.050640 0.255459 0.120738 0.000064 0.573099
0 1 0.494199 0.209047 0.017947 0.000176 0.278631
0 1 0.702277 0.161476 0.007620 0.000161 0.128466
0 0 0.998376 0.000150 0.001471 0.000003 0.000001
0 0 0.608316 0.185636 0.067905 0.010078 0.128066
0 0 0.467122 0.359831 0.019317 0.000223 0.153507
1 0 0.283207 0.467461 0.044466 0.001010 0.203855
1 0 0.300657 0.471378 0.045466 0.000885 0.181615
0 0 0.551916 0.152133 0.007689 0.000044 0.288219
0 0 0.793864 0.057948 0.098421 0.000926 0.048840
0 0 0.749198 0.065228 0.029389 0.000008 0.156177
4 1 0.341476 0.239503 0.016940 0.001588 0.400493
1 1 0.030232 0.468696 0.300519 0.000082 0.200471
1 1 0.167810 0.452095 0.081651 0.000096 0.298348
4 1 0.042447 0.353213 0.158434 0.005617 0.440289
2 1 0.006608 0.303465 0.515097 0.000216 0.174615
2 2 0.014096 0.294958 0.644617 0.001794 0.044535
2 2 0.006383 0.233063 0.629815 0.003375 0.127364
2 2 0.000746 0.073473 0.821553 0.008373 0.095855
2 2 0.003665 0.033233 0.943850 0.016398 0.002854
4 2 0.056830 0.157558 0.056299 0.001727 0.727586
1 2 0.055455 0.452790 0.249426 0.000044 0.242284
2 2 0.006815 0.108499 0.818545 0.043591 0.022549
2 2 0.003507 0.060286 0.932404 0.002493 0.001310
2 2 0.000292 0.038093 0.948920 0.006685 0.006010
2 2 0.001327 0.029558 0.960476 0.006762 0.001876
2 2 0.000454 0.053641 0.873383 0.066809 0.005713
2 2 0.000466 0.017761 0.965155 0.015877 0.000740
2 2 0.000448 0.015738 0.955618 0.027247 0.000949
2 2 0.000636 0.008791 0.989208 0.001091 0.000274
2 2 0.001797 0.106519 0.856074 0.002865 0.032745
2 2 0.000148 0.023056 0.916319 0.049531 0.010946
2 2 0.000037 0.002611 0.982503 0.014813 0.000035
2 2 0.000255 0.006830 0.978163 0.014580 0.000172
2 2 0.000028 0.006474 0.989678 0.003605 0.000215
2 2 0.000045 0.005244 0.990488 0.004155 0.000068
2 2 0.000017 0.002488 0.993245 0.004095 0.000154
2 2 0.000743 0.031967 0.958159 0.008002 0.001129
2 2 0.009085 0.295798 0.610453 0.009982 0.074681
2 2 0.044365 0.333345 0.559848 0.009129 0.053313
2 2 0.004346 0.038677 0.926466 0.029169 0.001342
2 2 0.001430 0.007285 0.723202 0.267886 0.000196
2 2 0.001947 0.039778 0.896638 0.059932 0.001705
2 2 0.005114 0.021077 0.490774 0.482108 0.000927
2 2 0.015951 0.121396 0.707351 0.143937 0.011364
2 2 0.000306 0.035254 0.916403 0.046483 0.001554
2 2 0.000416 0.030773 0.965540 0.002663 0.000607
2 2 0.000688 0.050417 0.946450 0.000313 0.002133
2 2 0.016376 0.086259 0.732676 0.140357 0.024332
2 2 0.000925 0.021138 0.662988 0.313283 0.001665
2 2 0.000268 0.017758 0.946659 0.034891 0.000424
2 2 0.000039 0.001387 0.832836 0.165727 0.000010
2 2 0.000016 0.001872 0.608101 0.389934 0.000078
2 2 0.000457 0.009750 0.932382 0.056950 0.000461
2 2 0.028631 0.253767 0.688623 0.023709 0.005270
2 2 0.016008 0.186721 0.671892 0.112429 0.012951
2 2 0.005352 0.079549 0.862302 0.049341 0.003456
2 2 0.000209 0.011019 0.967930 0.020660 0.000183
2 2 0.000772 0.013957 0.766237 0.218427 0.000607
2 2 0.000875 0.028144 0.630717 0.338724 0.001540
2 2 0.000247 0.007614 0.915461 0.076431 0.000246
2 2 0.000165 0.005326 0.772658 0.221729 0.000122
2 2 0.000005 0.002072 0.987892 0.009983 0.000049
2 2 0.000255 0.009982 0.948183 0.041434 0.000146
2 2 0.000458 0.028503 0.958803 0.012149 0.000087
2 2 0.000384 0.011670 0.957081 0.030597 0.000268
3 2 0.000016 0.001670 0.385183 0.613069 0.000062
2 2 0.001272 0.010610 0.551428 0.436515 0.000174
2 2 0.010739 0.268913 0.701378 0.005253 0.013717
2 2 0.010418 0.127223 0.796132 0.052410 0.013816
2 2 0.000004 0.002440 0.795204 0.202301 0.000051
3 2 0.000030 0.002052 0.347457 0.650164 0.000297
2 2 0.000144 0.016498 0.880013 0.099969 0.003376
2 2 0.000122 0.010520 0.765651 0.223010 0.000697
2 2 0.000339 0.011696 0.983067 0.004312 0.000586
2 2 0.001382 0.076906 0.908416 0.010175 0.003122
2 2 0.000081 0.002843 0.966660 0.030394 0.000022
2 2 0.000055 0.004382 0.974234 0.021301 0.000028
2 2 0.000538 0.052339 0.895768 0.044814 0.006540
2 2 0.000272 0.005640 0.930000 0.064011 0.000076
2 2 0.029857 0.301527 0.621142 0.031986 0.015488
2 2 0.051648 0.267164 0.667526 0.003134 0.010529
2 2 0.003039 0.037298 0.914278 0.041577 0.003808
2 2 0.005641 0.092753 0.882776 0.013082 0.005748
2 2 0.001554 0.031618 0.943070 0.021004 0.002754
2 2 0.001702 0.009472 0.960969 0.027705 0.000153
2 2 0.000031 0.005174 0.984241 0.010512 0.000042
2 2 0.000373 0.027044 0.905493 0.066144 0.000946
2 2 0.000568 0.088177 0.884364 0.018510 0.008382
2 2 0.000648 0.033769 0.877489 0.085491 0.002602
2 2 0.033101 0.408504 0.498043 0.010546 0.049807
2 2 0.023440 0.231350 0.728627 0.002676 0.013906
1 2 0.193603 0.388561 0.325520 0.025088 0.067229
1 2 0.231012 0.450082 0.292145 0.000382 0.026379
2 2 0.018470 0.333861 0.629956 0.000593 0.017120
1 2 0.066466 0.490301 0.376252 0.001661 0.065320
2 2 0.006952 0.166095 0.763766 0.024220 0.038967
2 2 0.014175 0.114251 0.855736 0.011717 0.004120
2 2 0.091206 0.215984 0.558563 0.085844 0.048403
2 2 0.190934 0.099417 0.566057 0.052573 0.091019
1 2 0.119753 0.623905 0.130991 0.000025 0.125326
1 2 0.072536 0.522437 0.172787 0.000071 0.232169
0 2 0.727564 0.143004 0.042046 0.003862 0.083524
0 2 0.510369 0.306545 0.158271 0.001843 0.022972
1 2 0.388357 0.552152 0.043707 0.000011 0.015773
1 2 0.136547 0.577638 0.158869 0.001108 0.125837
0 2 0.898044 0.031690 0.024636 0.000085 0.045544
0 0 0.926224 0.014707 0.011650 0.000597 0.046821
0 0 0.508479 0.095272 0.047646 0.004062 0.344541
0 0 0.953051 0.029033 0.015149 0.000180 0.002587
1 0 0.332213 0.433292 0.078535 0.000678 0.155282
1 0 0.292153 0.550696 0.089813 0.000468 0.066869
1 1 0.421932 0.514865 0.025846 0.000010 0.037347
1 1 0.187324 0.632154 0.072915 0.000214 0.107393
1 0 0.220600 0.589660 0.166976 0.000006 0.022757
0 0 0.534248 0.358179 0.105072 0.000004 0.002497
0 0 0.431765 0.254286 0.298297 0.000758 0.014894
2 0 0.223755 0.297785 0.464905 0.000306 0.013249
0 0 0.760372 0.175125 0.022530 0.000227 0.041745
0 0 0.538958 0.194132 0.031896 0.002364 0.232651
0 0 0.953549 0.019464 0.000830 0.000026 0.026131
1 0 0.272819 0.648840 0.045614 0.000013 0.032714
0 0 0.529057 0.412338 0.049878 0.000021 0.008705
0 0 0.753865 0.187040 0.043582 0.000234 0.015279
2 0 0.155705 0.342826 0.488895 0.002757 0.009817
1 0 0.156660 0.565617 0.177318 0.000164 0.100241
1 1 0.150688 0.427393 0.238367 0.000041 0.183511
0 0 0.533228 0.153465 0.245040 0.006680 0.061587
0 0 0.500870 0.351651 0.140242 0.000255 0.006983
0 0 0.445422 0.375889 0.142735 0.000212 0.035743
1 0 0.314168 0.609650 0.051902 0.000009 0.024272
1 1 0.224771 0.609114 0.140497 0.000088 0.025530
2 1 0.018657 0.334398 0.619020 0.002174 0.025751
1 1 0.113717 0.542179 0.151299 0.000256 0.192549
2 1 0.009451 0.429372 0.540855 0.000427 0.019895
2 1 0.240045 0.233516 0.481767 0.013946 0.030727
1 1 0.029383 0.664725 0.280586 0.000109 0.025197
1 1 0.039761 0.598487 0.306588 0.000227 0.054937
2 1 0.014737 0.217488 0.711046 0.001306 0.055424
2 1 0.006737 0.231287 0.748916 0.000699 0.012362
2 1 0.001592 0.228940 0.751065 0.008028 0.010374
2 2 0.000432 0.020103 0.952940 0.025979 0.000547
2 2 0.005526 0.209701 0.765021 0.009563 0.010190
2 2 0.003323 0.122722 0.856964 0.011970 0.005021
2 2 0.014259 0.345463 0.630914 0.004565 0.004799
2 2 0.002745 0.173483 0.715143 0.078026 0.030604
2 2 0.017334 0.422195 0.513472 0.002157 0.044841
1 2 0.011969 0.501349 0.464906 0.000288 0.021488
2 2 0.000156 0.011011 0.985450 0.003250 0.000134
2 2 0.000034 0.001401 0.992262 0.006300 0.000002
1 2 0.083535 0.535806 0.379068 0.000200 0.001392
2 2 0.000199 0.005110 0.981807 0.012876 0.000009
2 2 0.000140 0.040133 0.928445 0.030866 0.000416
2 2 0.002219 0.077931 0.789393 0.128058 0.002399
1 2 0.224798 0.611264 0.149291 0.000265 0.014381
1 2 0.020851 0.629584 0.336785 0.000617 0.012163
2 2 0.017121 0.127729 0.847612 0.005100 0.002438
2 2 0.125746 0.256975 0.615827 0.000091 0.001361
1 2 0.071099 0.617479 0.200073 0.000039 0.111310
1 2 0.083980 0.638212 0.175200 0.000026 0.102581
2 2 0.000110 0.022243 0.967055 0.009818 0.000774
2 2 0.000714 0.027557 0.897964 0.071947 0.001818
2 2 0.000788 0.016943 0.974221 0.007096 0.000952
2 2 0.000233 0.018257 0.914176 0.066205 0.001129
2 2 0.002056 0.027347 0.809819 0.159723 0.001055
2 2 0.000032 0.006852 0.873638 0.119158 0.000320
2 2 0.000150 0.013423 0.979910 0.005885 0.000632
2 2 0.000019 0.003221 0.975707 0.020985 0.000068
3 2 0.000002 0.000795 0.090286 0.908880 0.000038
2 2 0.000961 0.016428 0.888800 0.093389 0.000422
2 2 0.000095 0.010622 0.741365 0.247507 0.000410
2 2 0.000005 0.000914 0.747436 0.251590 0.000055
2 2 0.064889 0.148695 0.560541 0.204000 0.021875
2 2 0.001978 0.017746 0.643138 0.336389 0.000749
2 2 0.001237 0.033582 0.826630 0.136354 0.002198
2 2 0.000272 0.015774 0.818979 0.163824 0.001151
2 2 0.000198 0.011503 0.797203 0.190128 0.000969
2 2 0.000148 0.014396 0.788069 0.196679 0.000707
3 2 0.001906 0.020436 0.487422 0.488658 0.001577
2 2 0.000410 0.010726 0.682983 0.305139 0.000742
2 2 0.000982 0.048894 0.780161 0.168431 0.001532
2 2 0.001067 0.010370 0.787786 0.200732 0.000045
2 2 0.087727 0.100462 0.696042 0.112253 0.003515
2 2 0.004070 0.067036 0.897415 0.029647 0.001832
3 2 0.000009 0.000522 0.291585 0.707878 0.000006
2 2 0.001133 0.019301 0.522357 0.455318 0.001891
3 2 0.000003 0.000524 0.183357 0.816105 0.000011
2 2 0.000003 0.000497 0.661654 0.337843 0.000003
3 2 0.000032 0.001167 0.090482 0.908126 0.000194
3 2 0.000027 0.000423 0.052448 0.946882 0.000220
3 2 0.000033 0.001420 0.104893 0.893227 0.000427
3 2 0.000302 0.005673 0.281649 0.712195 0.000181
3 3 0.003756 0.012712 0.192278 0.789138 0.002115
3 3 0.000054 0.000648 0.146859 0.852328 0.000111
3 3 0.000034 0.000344 0.011912 0.987519 0.000191
3 3 0.000252 0.001545 0.248030 0.750107 0.000066
3 3 0.000004 0.000054 0.039954 0.959980 0.000009
3 3 0.000017 0.000617 0.074461 0.924808 0.000097
3 3 0.000250 0.001131 0.033419 0.964816 0.000383
3 3 0.001882 0.013087 0.184822 0.797964 0.002245
3 3 0.000739 0.002467 0.058139 0.937940 0.000715
3 3 0.000020 0.001670 0.354440 0.643831 0.000039
3 3 0.000003 0.000270 0.030262 0.969382 0.000083
3 3 0.000012 0.000071 0.014618 0.985248 0.000052
3 3 0.001438 0.006176 0.433402 0.556513 0.002471
3 3 0.000576 0.001919 0.102091 0.894443 0.000970
3 3 0.000264 0.001130 0.154636 0.843826 0.000145
3 3 0.000004 0.000043 0.007405 0.992538 0.000009
3 3 0.000010 0.000029 0.005749 0.994205 0.000007
3 3 0.000034 0.000123 0.007768 0.992012 0.000064
3 3 0.000000 0.000006 0.008227 0.991767 0.000000
3 3 0.000015 0.000069 0.031884 0.967993 0.000039
3 3 0.000229 0.000197 0.003812 0.995231 0.000531
3 3 0.000008 0.000120 0.010910 0.988933 0.000028
3 3 0.001564 0.001320 0.020326 0.975468 0.001322
3 3 0.000027 0.000424 0.037130 0.962380 0.000039
3 3 0.000117 0.000115 0.003557 0.996034 0.000177
3 3 0.000036 0.000186 0.032141 0.967462 0.000176
3 3 0.000001 0.000017 0.005947 0.994033 0.000002
3 3 0.002681 0.000170 0.018290 0.978805 0.000054
3 3 0.000046 0.000712 0.104757 0.894256 0.000229
3 3 0.000968 0.009459 0.224624 0.760505 0.004444
1 3 0.309179 0.454342 0.129074 0.000256 0.107150
4 3 0.113478 0.242112 0.048968 0.000811 0.594631
1 2 0.296277 0.345067 0.042951 0.003271 0.312433
2 2 0.017640 0.362017 0.437388 0.004648 0.178306
2 2 0.029773 0.359529 0.514727 0.000865 0.095107
2 2 0.072950 0.205905 0.693155 0.002454 0.025536
2 2 0.006151 0.355993 0.582597 0.005311 0.049948
2 2 0.008189 0.285295 0.633063 0.003335 0.070118
4 2 0.017012 0.071398 0.041728 0.007026 0.862835
4 2 0.007819 0.155134 0.213203 0.010133 0.613710
4 4 0.003134 0.099361 0.251633 0.015191 0.630681
4 4 0.031412 0.042686 0.013106 0.000733 0.912063
4 4 0.078270 0.261796 0.083140 0.000160 0.576634
4 4 0.056708 0.244631 0.336907 0.000183 0.361570
4 4 0.020709 0.032131 0.013086 0.000312 0.933763
4 4 0.062757 0.249149 0.093622 0.000140 0.594332
4 4 0.015513 0.110597 0.083914 0.004567 0.785409
4 4 0.019349 0.122271 0.092752 0.000705 0.764923
4 4 0.011536 0.315472 0.318599 0.007810 0.346583
4 4 0.024274 0.332508 0.206091 0.003802 0.433325
2 4 0.092281 0.225890 0.465475 0.062236 0.154118
4 4 0.040801 0.070623 0.027433 0.007089 0.854054
4 4 0.053297 0.042069 0.010050 0.000395 0.894188
4 4 0.045626 0.043824 0.009731 0.001268 0.899550
4 4 0.152080 0.169760 0.027487 0.000276 0.650397
4 4 0.055340 0.199948 0.065768 0.003320 0.675624
4 4 0.042072 0.186628 0.086464 0.000183 0.684653
4 4 0.082123 0.225665 0.054890 0.001415 0.635907
4 4 0.015167 0.019484 0.009051 0.000111 0.956186
4 4 0.012506 0.016382 0.007802 0.000265 0.963044
4 4 0.133043 0.057486 0.013394 0.000161 0.795916
4 4 0.059900 0.085584 0.023741 0.000199 0.830576
4 4 0.016820 0.021596 0.008673 0.000349 0.952562
4 4 0.087401 0.106136 0.016529 0.008428 0.781506
4 4 0.059972 0.078664 0.020268 0.000311 0.840786
4 4 0.067601 0.120644 0.035115 0.000157 0.776483
4 0 0.064857 0.382794 0.165203 0.000026 0.387120
1 1 0.321005 0.402074 0.077431 0.000382 0.199108
1 1 0.156054 0.668320 0.106353 0.000006 0.069267
1 1 0.166669 0.695766 0.105883 0.000000 0.031682
2 1 0.104023 0.437960 0.449500 0.000171 0.008347
0 1 0.479767 0.378246 0.115991 0.000063 0.025933
0 0 0.661419 0.177117 0.154985 0.000626 0.005854
0 0 0.676536 0.206750 0.046879 0.000186 0.069650
4 1 0.109478 0.371698 0.085070 0.000475 0.433279
1 1 0.109977 0.554947 0.128976 0.000106 0.205994
1 1 0.176879 0.390760 0.187079 0.000423 0.244858
2 4 0.080849 0.281064 0.432058 0.001528 0.204500
0 4 0.420459 0.364347 0.100889 0.000275 0.114031
2 4 0.076635 0.248319 0.666912 0.002364 0.005770
1 4 0.062578 0.380242 0.212567 0.000156 0.344457
1 4 0.057944 0.611704 0.214292 0.000108 0.115952
1 4 0.047716 0.437562 0.370309 0.026167 0.118247
4 4 0.026362 0.307733 0.167057 0.035372 0.463477
2 4 0.090814 0.199721 0.437173 0.037497 0.234795
2 4 0.243666 0.267391 0.362014 0.007645 0.119284
1 0 0.223472 0.553162 0.178729 0.000149 0.044488
1 1 0.201989 0.645123 0.114167 0.000004 0.038717
0 1 0.501900 0.360916 0.020253 0.000025 0.116905
1 1 0.241916 0.534301 0.087137 0.000148 0.136499
1 1 0.404854 0.417207 0.045566 0.000393 0.131980
0 1 0.524268 0.379523 0.064402 0.000023 0.031785
1 1 0.152047 0.403603 0.353032 0.001286 0.090032
4 1 0.088604 0.233723 0.319814 0.010243 0.347616
1 0 0.221268 0.620237 0.070989 0.000462 0.087045
1 1 0.369130 0.484183 0.116661 0.000063 0.029963
0 1 0.378887 0.366680 0.239235 0.001568 0.013630
1 1 0.362242 0.408236 0.208959 0.000226 0.020338
1 1 0.215220 0.635833 0.123611 0.000322 0.025015
1 1 0.140463 0.661090 0.100764 0.000441 0.097242
1 1 0.043423 0.653728 0.222621 0.001979 0.078249
1 1 0.024249 0.640075 0.297940 0.001136 0.036600
1 1 0.149135 0.593958 0.106225 0.000209 0.150473
1 1 0.140228 0.552606 0.079690 0.002707 0.224769
1 1 0.317005 0.597207 0.053660 0.000034 0.032094
1 1 0.284356 0.574873 0.107661 0.000012 0.033098
0 1 0.592398 0.299398 0.070763 0.000196 0.037245
2 1 0.081467 0.250190 0.620781 0.010328 0.037233
1 1 0.014687 0.488978 0.448131 0.000115 0.048089
1 1 0.054210 0.513829 0.412755 0.001491 0.017715
1 1 0.166857 0.443937 0.186910 0.001240 0.201056
1 1 0.013579 0.462850 0.434222 0.000244 0.089106
2 1 0.004734 0.377666 0.572733 0.001169 0.043698
1 1 0.100613 0.475365 0.128551 0.000088 0.295383
0 0 0.937013 0.030441 0.004706 0.000054 0.027785
1 0 0.324182 0.533222 0.115833 0.000014 0.026749
1 0 0.326457 0.514322 0.120071 0.000089 0.039061
1 0 0.206140 0.673145 0.073455 0.000007 0.047254
0 0 0.412574 0.337182 0.242416 0.000088 0.007741
1 0 0.030692 0.484607 0.460571 0.000477 0.023652
0 1 0.498798 0.228007 0.268530 0.001121 0.003543
2 1 0.153035 0.400890 0.434985 0.003392 0.007697
2 1 0.054389 0.128535 0.811707 0.004304 0.001065
2 1 0.003927 0.033246 0.960412 0.002315 0.000099
2 1 0.062197 0.402325 0.530149 0.000106 0.005224
2 1 0.218119 0.249697 0.526424 0.000266 0.005494
2 1 0.018189 0.091575 0.888601 0.000641 0.000994
2 1 0.068035 0.146727 0.781743 0.001271 0.002224
1 1 0.245118 0.544083 0.206664 0.000141 0.003994
2 1 0.215182 0.342264 0.434576 0.001895 0.006084
1 1 0.070593 0.514423 0.395736 0.000194 0.019055
2 1 0.137318 0.093446 0.740421 0.027519 0.001297
0 0 0.567138 0.249020 0.176344 0.000089 0.007410
2 1 0.035451 0.147999 0.812415 0.001803 0.002331
2 1 0.056445 0.296823 0.622400 0.001461 0.022871
1 1 0.182837 0.415011 0.339567 0.000215 0.062371
1 1 0.275536 0.450722 0.269778 0.000017 0.003946
2 2 0.114305 0.313702 0.565717 0.002039 0.004236
2 2 0.315035 0.326721 0.347216 0.000950 0.010079
2 2 0.300873 0.236853 0.457034 0.001845 0.003395
1 2 0.210186 0.617044 0.159566 0.000012 0.013193
2 2 0.104532 0.332014 0.554550 0.004502 0.004402
1 2 0.037452 0.673079 0.253897 0.000124 0.035448
1 2 0.084604 0.460674 0.442823 0.000642 0.011257
0 2 0.857805 0.032637 0.109092 0.000262 0.000204
0 2 0.551948 0.252248 0.191482 0.000470 0.003852
2 2 0.013190 0.282342 0.672309 0.012090 0.020070
2 2 0.014664 0.120000 0.846019 0.018614 0.000703
1 2 0.117442 0.446738 0.421872 0.000297 0.013651
2 2 0.012051 0.272093 0.705820 0.003525 0.006512
2 2 0.007069 0.076117 0.912594 0.004033 0.000188
2 2 0.003486 0.118047 0.869240 0.008120 0.001107
2 2 0.016031 0.155785 0.801284 0.022181 0.004719
2 2 0.004156 0.118613 0.796819 0.066223 0.014189
2 2 0.000478 0.019363 0.977066 0.002948 0.000146
2 2 0.000777 0.026706 0.927142 0.045180 0.000195
2 2 0.000135 0.010848 0.923621 0.065281 0.000115
2 2 0.009502 0.070140 0.905946 0.014233 0.000179
1 2 0.013511 0.554556 0.419010 0.003723 0.009200
2 2 0.002262 0.068123 0.928107 0.001123 0.000384
2 2 0.001613 0.102443 0.884808 0.010467 0.000670
2 2 0.002251 0.089441 0.886945 0.021022 0.000342
2 2 0.002935 0.121041 0.864055 0.008369 0.003600
2 2 0.000370 0.019119 0.979368 0.001108 0.000036
2 2 0.000100 0.009877 0.823113 0.166771 0.000139
2 2 0.001588 0.023800 0.956522 0.018009 0.000081
2 2 0.001018 0.051743 0.862687 0.083911 0.000641
2 2 0.003957 0.030197 0.886757 0.077248 0.001842
3 2 0.000356 0.068002 0.460098 0.466672 0.004873
2 2 0.000197 0.017593 0.802612 0.179436 0.000161
3 2 0.000029 0.006019 0.384375 0.609442 0.000136
2 2 0.004144 0.181632 0.755116 0.044692 0.014416
2 2 0.003493 0.049763 0.885400 0.060800 0.000544
2 2 0.022768 0.096884 0.808310 0.058976 0.013062
2 2 0.001625 0.031745 0.876767 0.088468 0.001396
2 2 0.029782 0.158014 0.795288 0.015349 0.001567
2 2 0.003980 0.130944 0.830662 0.033384 0.001029
2 2 0.000069 0.016349 0.974651 0.008774 0.000158
2 2 0.017872 0.064342 0.725358 0.190507 0.001921
2 2 0.000189 0.009192 0.972566 0.017987 0.000066
0 2 0.940579 0.009494 0.030861 0.004055 0.015011
1 2 0.300337 0.524519 0.162235 0.000354 0.012556
0 0 0.663903 0.186279 0.090806 0.000282 0.058730
2 0 0.095713 0.295029 0.588897 0.002799 0.017563
1 0 0.159793 0.439162 0.313543 0.000074 0.087427
1 0 0.087336 0.483135 0.338674 0.000214 0.090641
1 0 0.070113 0.564729 0.294937 0.000149 0.070072
2 2 0.089372 0.218347 0.682613 0.001453 0.008214
2 2 0.060042 0.269466 0.634965 0.000746 0.034781
1 2 0.099889 0.425005 0.401404 0.000394 0.073307
2 2 0.016607 0.182724 0.788830 0.000077 0.011762
2 2 0.014313 0.114858 0.865298 0.001088 0.004442
2 2 0.034518 0.258759 0.461112 0.018905 0.226707
2 2 0.013249 0.154457 0.805427 0.007598 0.019269
2 2 0.000555 0.009707 0.989077 0.000505 0.000156
2 2 0.078455 0.278217 0.627177 0.003329 0.012822
2 2 0.001240 0.041635 0.930314 0.025702 0.001109
2 2 0.005358 0.030707 0.903993 0.057605 0.002337
2 2 0.306411 0.234985 0.435219 0.000188 0.023197
2 2 0.009349 0.175980 0.804523 0.006355 0.003793
2 2 0.020089 0.099930 0.873538 0.003157 0.003287
2 2 0.002857 0.061072 0.923297 0.011107 0.001667
2 2 0.004381 0.101250 0.877525 0.006411 0.010433
2 2 0.001295 0.092797 0.877084 0.014673 0.014152
2 2 0.003964 0.118049 0.868349 0.001305 0.008334
2 2 0.001794 0.080331 0.893418 0.016615 0.007842
2 2 0.000110 0.008595 0.983595 0.007115 0.000585
2 2 0.000173 0.015376 0.960347 0.023237 0.000866
2 2 0.000008 0.002339 0.990103 0.007517 0.000033
2 2 0.000056 0.013525 0.985823 0.000393 0.000202
2 2 0.004985 0.075722 0.868144 0.042796 0.008353
2 2 0.003224 0.057793 0.926622 0.010930 0.001431
2 2 0.003116 0.051270 0.909458 0.030669 0.005487
2 2 0.006292 0.068415 0.894225 0.028646 0.002422
2 2 0.002423 0.015422 0.712877 0.266181 0.003096
2 2 0.000046 0.003086 0.785405 0.211361 0.000102
2 2 0.000278 0.009471 0.980502 0.009253 0.000496
2 2 0.000087 0.006673 0.982529 0.010588 0.000123
2 2 0.000344 0.022274 0.839036 0.136697 0.001649
2 2 0.000282 0.023417 0.864307 0.111281 0.000714
2 2 0.000527 0.014569 0.872141 0.111457 0.001306
2 2 0.000005 0.002838 0.952680 0.044394 0.000083
2 2 0.000197 0.017599 0.961664 0.014358 0.006183
2 2 0.020360 0.066410 0.734312 0.160451 0.018468
2 2 0.000935 0.056890 0.818820 0.110609 0.012747
2 2 0.000639 0.025167 0.960624 0.011099 0.002471
2 2 0.000026 0.001492 0.727255 0.271184 0.000044
2 2 0.001019 0.010602 0.953549 0.033328 0.001502
2 2 0.001888 0.035183 0.560161 0.395921 0.006847
2 3 0.000473 0.039415 0.880524 0.074858 0.004731
2 3 0.001571 0.019448 0.930876 0.047774 0.000330
2 3 0.005597 0.056161 0.929925 0.005895 0.002421
2 3 0.000017 0.010052 0.971038 0.018435 0.000458
2 3 0.000001 0.001450 0.989571 0.008958 0.000019
2 3 0.000487 0.037181 0.637160 0.313142 0.012029
2 3 0.000216 0.003590 0.606561 0.389191 0.000442
2 3 0.002342 0.135026 0.804074 0.024912 0.033646
2 3 0.001563 0.075539 0.882679 0.029328 0.010889
2 3 0.047516 0.088564 0.813594 0.036163 0.014163
2 3 0.165339 0.338293 0.385691 0.016215 0.094462
0 3 0.423425 0.321331 0.100243 0.000893 0.154108
1 2 0.035772 0.446675 0.411768 0.000438 0.105347
2 2 0.018633 0.205530 0.759633 0.000693 0.015510
2 2 0.001307 0.012737 0.984917 0.000668 0.000371
0 2 0.505729 0.353781 0.114686 0.000008 0.025797
1 2 0.118613 0.653822 0.122831 0.000091 0.104643
1 2 0.020565 0.494523 0.389403 0.001376 0.094133
2 2 0.010750 0.191617 0.768533 0.008756 0.020344
1 2 0.108989 0.630399 0.139174 0.000038 0.121400
2 2 0.108800 0.344809 0.448009 0.000744 0.097639
2 2 0.011633 0.462122 0.498062 0.000243 0.027940
2 2 0.018594 0.113979 0.857545 0.003198 0.006684
2 2 0.015005 0.085695 0.890352 0.002597 0.006351
2 2 0.013741 0.096886 0.881151 0.005292 0.002930
2 2 0.004271 0.105733 0.874687 0.006926 0.008384
2 2 0.002872 0.025210 0.971216 0.000599 0.000103
2 2 0.009223 0.062417 0.920545 0.004890 0.002925
2 2 0.075837 0.337166 0.548182 0.014506 0.024309
2 2 0.000093 0.023028 0.893510 0.080684 0.002686
2 2 0.000750 0.031846 0.965374 0.000887 0.001143
2 2 0.001724 0.142027 0.813918 0.003684 0.038647
2 2 0.001262 0.033664 0.813057 0.150829 0.001188
2 2 0.006677 0.152837 0.819525 0.010187 0.010774
2 2 0.028641 0.255262 0.612801 0.015704 0.087592
2 2 0.001882 0.050671 0.938792 0.005012 0.003643
2 2 0.036378 0.231048 0.616089 0.003220 0.113264
2 2 0.049846 0.339880 0.438732 0.002532 0.169010
2 2 0.026526 0.386589 0.425552 0.000929 0.160405
2 2 0.035551 0.295653 0.458677 0.000140 0.209980
0 0 0.364163 0.362784 0.231261 0.000835 0.040957
0 0 0.925189 0.016396 0.001586 0.000408 0.056421
0 0 0.970434 0.012184 0.006155 0.001262 0.009965
1 0 0.248653 0.498683 0.078491 0.000105 0.174068
1 0 0.062550 0.636315 0.198439 0.000175 0.102522
1 0 0.084948 0.448834 0.148552 0.000056 0.317610
4 1 0.017075 0.204873 0.186263 0.000135 0.591654
4 4 0.116874 0.023016 0.007060 0.000103 0.852948
4 4 0.082283 0.026085 0.008502 0.000081 0.883050
4 4 0.008104 0.018638 0.013644 0.000103 0.959511
4 0 0.249470 0.060995 0.022083 0.031022 0.636430
0 0 0.633453 0.263388 0.034445 0.000491 0.068223
1 0 0.083275 0.414423 0.408111 0.000523 0.093668
4 1 0.159839 0.299319 0.047046 0.000883 0.492913
4 1 0.203219 0.183107 0.022673 0.000437 0.590563
4 2 0.021639 0.184376 0.133423 0.002558 0.658004
4 4 0.006938 0.076791 0.127393 0.000330 0.788547
4 4 0.113106 0.172507 0.175640 0.000055 0.538693
4 4 0.130380 0.159366 0.215227 0.000845 0.494183
4 4 0.122690 0.245312 0.207796 0.000047 0.424154
4 4 0.055763 0.059803 0.036312 0.000045 0.848077
4 4 0.159096 0.250071 0.054531 0.000021 0.536282
1 4 0.069043 0.482088 0.175386 0.000055 0.273427
4 4 0.100061 0.082965 0.026746 0.000396 0.789832
4 4 0.098780 0.165438 0.035329 0.000527 0.699927
4 4 0.006191 0.008778 0.006595 0.000069 0.978368
4 4 0.030142 0.034083 0.011665 0.000131 0.923979
4 4 0.080083 0.081556 0.031576 0.000287 0.806498
1 4 0.176743 0.425604 0.084793 0.000022 0.312838
4 4 0.030249 0.199323 0.112392 0.001736 0.656300
1 4 0.157862 0.355224 0.163378 0.000378 0.323158
4 4 0.006939 0.001901 0.000812 0.000005 0.990342
4 4 0.050429 0.009059 0.001880 0.000041 0.938592
0 4 0.755534 0.011427 0.002273 0.000084 0.230681
4 4 0.115856 0.124392 0.053533 0.000063 0.706156
1 4 0.087421 0.404313 0.211083 0.000357 0.296826
4 4 0.025705 0.053197 0.022018 0.000375 0.898706
4 4 0.081470 0.072522 0.025897 0.000054 0.820058
4 4 0.063142 0.065101 0.023039 0.000261 0.848457
0 4 0.788225 0.174332 0.028060 0.000058 0.009326
0 4 0.885760 0.055490 0.017131 0.000043 0.041576
1 0 0.060463 0.455669 0.161259 0.000327 0.322282
4 0 0.144723 0.382938 0.076102 0.000186 0.396051
4 0 0.072403 0.036929 0.005613 0.000829 0.884226
4 0 0.332822 0.139754 0.019557 0.001062 0.506806
4 0 0.065688 0.243668 0.068364 0.002227 0.620054
1 0 0.204342 0.478041 0.180701 0.000592 0.136324
2 0 0.004972 0.130525 0.831270 0.000173 0.033059
2 1 0.023838 0.218180 0.702358 0.000200 0.055424
4 1 0.017533 0.117612 0.080386 0.000658 0.783812
4 1 0.027484 0.150817 0.078973 0.000762 0.741963
4 2 0.082584 0.182880 0.053142 0.000361 0.681032
4 2 0.204138 0.312953 0.049126 0.000173 0.433609
4 2 0.075093 0.143897 0.048130 0.000028 0.732853
4 2 0.117406 0.024493 0.002379 0.000310 0.855412
4 4 0.200624 0.118224 0.013000 0.000427 0.667724
4 4 0.115128 0.376456 0.092973 0.000129 0.415314
4 4 0.012552 0.033853 0.021632 0.000169 0.931794
4 4 0.044932 0.070947 0.025993 0.000052 0.858075
4 4 0.048439 0.087447 0.024121 0.001230 0.838762
4 4 0.110157 0.388598 0.103270 0.000081 0.397895
4 4 0.014718 0.138723 0.119486 0.000336 0.726737
1 4 0.032874 0.447953 0.406065 0.000265 0.112842
1 0 0.134341 0.338960 0.233735 0.001179 0.291785
1 0 0.039715 0.404402 0.216881 0.000082 0.338920
1 1 0.068173 0.351560 0.332091 0.000612 0.247564
1 1 0.025343 0.524540 0.331393 0.000258 0.118465
1 1 0.044919 0.530300 0.221652 0.000708 0.202422
1 2 0.098122 0.559584 0.133991 0.000166 0.208138
0 2 0.328067 0.159925 0.221425 0.002794 0.287789
0 2 0.935850 0.037822 0.018584 0.000578 0.007167
2 0 0.139489 0.255652 0.541146 0.000950 0.062764
2 0 0.064027 0.361726 0.510417 0.000109 0.063721
1 0 0.337242 0.413763 0.041631 0.000027 0.207336
1 1 0.218738 0.560265 0.097364 0.000122 0.123511
1 1 0.208763 0.526467 0.079998 0.000026 0.184746
1 1 0.042951 0.600537 0.250652 0.000229 0.105632
4 1 0.204289 0.343705 0.067057 0.000044 0.384905
1 1 0.233527 0.385906 0.051495 0.000136 0.328936
4 1 0.079315 0.226869 0.064180 0.000451 0.629185
1 1 0.159209 0.516645 0.088117 0.000166 0.235862
2 1 0.101705 0.317507 0.386480 0.015561 0.178747
2 1 0.006294 0.255862 0.401151 0.009633 0.327060
2 1 0.003480 0.222157 0.534717 0.001183 0.238463
2 1 0.009920 0.285695 0.380560 0.000538 0.323287
1 1 0.078789 0.479025 0.341198 0.000355 0.100632
1 2 0.029937 0.436762 0.270723 0.000253 0.262325
2 2 0.004719 0.184276 0.771924 0.005197 0.033884
2 2 0.003302 0.070896 0.880073 0.028216 0.017514
4 2 0.011196 0.278662 0.316845 0.002611 0.390685
1 2 0.072382 0.511435 0.162737 0.000396 0.253049
0 2 0.504181 0.314557 0.079818 0.000057 0.101387
0 2 0.696006 0.128469 0.131477 0.000131 0.043916
1 2 0.394392 0.456805 0.103949 0.000086 0.044767
0 2 0.427191 0.325578 0.189307 0.000194 0.057729
1 0 0.240378 0.609248 0.108704 0.000010 0.041660
0 0 0.463823 0.347702 0.166610 0.000352 0.021513
1 0 0.330137 0.446420 0.219174 0.000004 0.004265
2 2 0.032564 0.415260 0.469864 0.000009 0.082303
1 2 0.253986 0.589838 0.080395 0.000290 0.075490
1 2 0.256618 0.509250 0.071068 0.000797 0.162267
1 2 0.025092 0.471847 0.310773 0.001545 0.190743
2 2 0.008630 0.327399 0.419895 0.003107 0.240969
2 2 0.011070 0.175354 0.554490 0.027496 0.231590
2 2 0.011761 0.183038 0.754346 0.003842 0.047014
2 2 0.008272 0.405996 0.461601 0.008157 0.115975
2 2 0.011746 0.282906 0.690531 0.000374 0.014444
2 2 0.175235 0.243279 0.496108 0.001761 0.083617
0 2 0.763440 0.052231 0.183199 0.000072 0.001058
1 0 0.109447 0.525388 0.285937 0.000003 0.079225
1 0 0.339367 0.439900 0.180851 0.000194 0.039688
2 0 0.071946 0.261696 0.655168 0.001684 0.009506
2 0 0.022877 0.437224 0.455256 0.003465 0.081178
1 2 0.218893 0.470397 0.296479 0.000673 0.013557
2 2 0.074622 0.159584 0.757334 0.006904 0.001556
2 2 0.012351 0.187663 0.789923 0.002820 0.007242
2 2 0.020673 0.318344 0.625148 0.003098 0.032736
2 2 0.041269 0.085484 0.856546 0.009554 0.007147
2 2 0.052504 0.084883 0.840590 0.021175 0.000848
2 2 0.005479 0.078295 0.731853 0.182091 0.002281
2 2 0.059049 0.330156 0.598274 0.007605 0.004916
2 2 0.001447 0.008398 0.981465 0.008677 0.000013
2 2 0.003955 0.041827 0.950648 0.003448 0.000122
2 2 0.002801 0.027701 0.927611 0.041645 0.000242
2 2 0.006753 0.048166 0.711912 0.231854 0.001314
2 2 0.005575 0.010534 0.694984 0.288804 0.000104
3 2 0.000963 0.000974 0.365793 0.632245 0.000024
2 2 0.000271 0.005607 0.920603 0.073508 0.000010
2 2 0.000777 0.002790 0.592636 0.403784 0.000014
2 3 0.000301 0.002492 0.907161 0.090022 0.000024
2 3 0.000298 0.002271 0.852441 0.144985 0.000005
2 3 0.000615 0.006736 0.764120 0.228121 0.000409
2 3 0.001847 0.016199 0.498920 0.482364 0.000670
3 3 0.000087 0.000221 0.168992 0.830698 0.000002
3 3 0.000028 0.000487 0.484462 0.515022 0.000001
3 3 0.000055 0.001617 0.160680 0.837602 0.000046
3 3 0.000198 0.000804 0.059745 0.939115 0.000138
3 3 0.000058 0.000265 0.016069 0.983521 0.000087
3 3 0.000028 0.000148 0.009791 0.989973 0.000060
2 3 0.000325 0.004892 0.658751 0.336014 0.000017
3 3 0.001394 0.001903 0.203282 0.793365 0.000055
3 3 0.000542 0.005312 0.178263 0.814586 0.001297
3 3 0.011165 0.014972 0.358943 0.613959 0.000961
3 3 0.011055 0.003622 0.071058 0.912634 0.001631
3 3 0.001508 0.003625 0.241226 0.753500 0.000141
3 3 0.000955 0.000492 0.059935 0.938421 0.000196
3 3 0.000335 0.000362 0.045622 0.953610 0.000071
2 3 0.071182 0.012851 0.469403 0.445575 0.000989
3 3 0.000861 0.000649 0.041128 0.957237 0.000125
3 3 0.002107 0.001343 0.067932 0.928205 0.000414
3 3 0.005146 0.007649 0.329625 0.656100 0.001480
2 3 0.004098 0.007411 0.575417 0.412073 0.001001
3 3 0.005990 0.029877 0.308088 0.652294 0.003751
3 3 0.001646 0.001042 0.078250 0.918188 0.000874
3 3 0.000083 0.000387 0.024513 0.974882 0.000135
3 3 0.001346 0.005142 0.168793 0.823233 0.001486
3 3 0.000872 0.001877 0.160574 0.836608 0.000069
3 3 0.000916 0.000747 0.043244 0.954957 0.000136
3 3 0.000495 0.000690 0.075024 0.923272 0.000520
3 3 0.015575 0.005681 0.139578 0.838215 0.000951
3 3 0.004209 0.001739 0.030657 0.962079 0.001316
3 3 0.000200 0.000134 0.013384 0.986154 0.000129
3 3 0.000007 0.000095 0.018845 0.981033 0.000020
3 3 0.001506 0.002282 0.036428 0.958256 0.001528
3 3 0.001903 0.002200 0.045464 0.949450 0.000983
3 3 0.000845 0.000472 0.039798 0.958819 0.000066
3 3 0.005070 0.002234 0.066053 0.925792 0.000851
3 3 0.000009 0.000133 0.008869 0.990949 0.000041
3 3 0.000171 0.000991 0.077396 0.921364 0.000077
3 3 0.001581 0.000490 0.054183 0.943693 0.000053
3 3 0.000047 0.000234 0.091586 0.908129 0.000003
3 3 0.000357 0.001242 0.115634 0.882602 0.000166
3 3 0.000193 0.001875 0.311085 0.686828 0.000019
3 3 0.007632 0.003403 0.288235 0.700575 0.000156
3 3 0.002306 0.001136 0.099439 0.897042 0.000078
3 3 0.021845 0.002234 0.056108 0.918740 0.001072
3 3 0.004911 0.010109 0.130956 0.851101 0.002923
3 3 0.001826 0.006178 0.070123 0.918798 0.003075
3 3 0.000340 0.001120 0.081306 0.916910 0.000325
