1 0 0.050858 0.529411 0.402237 0.000187 0.017306
2 0 0.005585 0.078642 0.912055 0.002463 0.001256
2 0 0.102635 0.349240 0.536757 0.000102 0.011266
0 0 0.846653 0.117700 0.031204 0.000000 0.004443
2 0 0.378309 0.079280 0.523483 0.006610 0.012318
2 0 0.030149 0.099549 0.751881 0.108854 0.009567
2 0 0.014922 0.021828 0.693441 0.268178 0.001631
2 0 0.001346 0.356727 0.639758 0.000207 0.001962
2 0 0.002741 0.021695 0.951155 0.023931 0.000478
2 0 0.047536 0.016547 0.734419 0.199440 0.002058
1 0 0.013684 0.597496 0.328697 0.001230 0.058892
1 0 0.015123 0.617434 0.342947 0.000122 0.024375
2 0 0.082749 0.292345 0.616898 0.000247 0.007761
2 0 0.008136 0.164682 0.824798 0.000579 0.001804
1 0 0.136442 0.528296 0.319626 0.000018 0.015618
1 0 0.021042 0.700234 0.270069 0.000000 0.008655
0 0 0.701315 0.203328 0.069498 0.000007 0.025852
0 0 0.749906 0.107662 0.128685 0.000027 0.013721
0 0 0.925515 0.050925 0.015268 0.000000 0.008291
0 0 0.958107 0.032257 0.003510 0.000000 0.006126
0 0 0.990221 0.002962 0.004144 0.000020 0.002653
2 0 0.222951 0.027307 0.744253 0.002954 0.002535
0 0 0.790339 0.130895 0.037819 0.000048 0.040899
0 0 0.922326 0.035442 0.019330 0.000129 0.022773
0 0 0.879865 0.023565 0.088599 0.000193 0.007778
0 0 0.998182 0.000550 0.000268 0.000000 0.000999
0 0 0.993733 0.002620 0.000368 0.000000 0.003279
0 0 0.638585 0.082902 0.257058 0.002964 0.018491
0 0 0.991394 0.002222 0.002722 0.000033 0.003629
0 0 0.973455 0.007463 0.006110 0.000090 0.012883
0 0 0.807409 0.022375 0.100768 0.049771 0.019676
0 0 0.946605 0.002205 0.030086 0.017160 0.003944
0 0 0.816573 0.048018 0.080624 0.015371 0.039413
2 0 0.137075 0.021062 0.615349 0.221752 0.004762
0 0 0.713884 0.105417 0.111623 0.000901 0.068175
1 0 0.302106 0.418130 0.212248 0.000032 0.067484
0 0 0.729422 0.036120 0.018889 0.000168 0.215400
0 0 0.980228 0.005720 0.003377 0.000020 0.010654
1 0 0.379909 0.467417 0.127209 0.000002 0.025464
0 0 0.816677 0.054651 0.050274 0.000059 0.078339
0 0 0.900986 0.017298 0.042037 0.009870 0.029808
0 0 0.889020 0.011767 0.051665 0.021051 0.026497
0 0 0.923986 0.030694 0.026032 0.000283 0.019005
0 0 0.712161 0.032012 0.218139 0.024528 0.013161
0 0 0.914781 0.050322 0.004060 0.000005 0.030831
0 0 0.945719 0.025679 0.011346 0.000088 0.017168
4 0 0.030729 0.263895 0.101442 0.000057 0.603876
4 0 0.220122 0.346836 0.046074 0.000052 0.386916
2 0 0.012332 0.314618 0.618473 0.000950 0.053626
2 0 0.020801 0.202203 0.601338 0.003928 0.171729
0 0 0.498747 0.189789 0.215425 0.000063 0.095976
0 0 0.668386 0.108275 0.171909 0.006434 0.044996
0 0 0.974329 0.008516 0.002821 0.000009 0.014325
4 0 0.267359 0.066018 0.035327 0.000771 0.630526
0 0 0.831215 0.003516 0.054256 0.104078 0.006935
0 0 0.959604 0.000564 0.018285 0.019924 0.001623
0 0 0.987606 0.004215 0.002419 0.000014 0.005746
0 0 0.966678 0.016563 0.001659 0.000002 0.015098
0 0 0.967973 0.005764 0.008674 0.000191 0.017398
0 0 0.970417 0.004801 0.015027 0.002015 0.007739
0 0 0.996906 0.000334 0.001849 0.000053 0.000857
0 0 0.799570 0.000210 0.028001 0.171421 0.000798
0 0 0.915041 0.013173 0.039868 0.013876 0.018042
0 0 0.990292 0.000318 0.006593 0.001844 0.000952
0 0 0.965795 0.004396 0.023519 0.001219 0.005071
0 0 0.796930 0.101025 0.040520 0.000925 0.060599
0 0 0.937538 0.017844 0.021532 0.001934 0.021152
0 0 0.959142 0.004597 0.022226 0.006219 0.007816
0 0 0.578281 0.103088 0.290508 0.002596 0.025527
0 0 0.981104 0.001749 0.015652 0.000072 0.001424
0 0 0.958943 0.006662 0.026301 0.001161 0.006934
2 0 0.104578 0.440632 0.449744 0.000001 0.005045
0 0 0.680605 0.095077 0.200503 0.001162 0.022652
0 0 0.546622 0.238715 0.181267 0.000169 0.033226
0 0 0.994643 0.002312 0.001278 0.000000 0.001767
0 0 0.987861 0.005909 0.001722 0.000001 0.004507
0 0 0.977496 0.003135 0.012239 0.001605 0.005525
0 0 0.993204 0.001695 0.003741 0.000005 0.001354
0 0 0.983611 0.002307 0.008958 0.000865 0.004258
0 0 0.987431 0.002000 0.008485 0.000076 0.002008
0 0 0.979548 0.012251 0.000328 0.000000 0.007872
0 1 0.982538 0.004522 0.005505 0.000104 0.007331
1 1 0.251354 0.468668 0.068086 0.000254 0.211638
4 1 0.009246 0.221936 0.271305 0.000740 0.496773
2 2 0.001724 0.256524 0.696309 0.001076 0.044368
2 2 0.000976 0.152557 0.602313 0.009316 0.234836
2 2 0.000717 0.059125 0.745416 0.054363 0.140380
2 2 0.006240 0.192317 0.506886 0.004737 0.289820
2 2 0.007079 0.284720 0.491923 0.002302 0.213977
4 2 0.011437 0.313523 0.236494 0.000017 0.438529
2 2 0.001735 0.023150 0.946045 0.021941 0.007129
2 2 0.000323 0.059943 0.881168 0.022419 0.036147
2 2 0.001436 0.023857 0.774916 0.156288 0.043503
2 2 0.004170 0.033666 0.667542 0.109798 0.184823
2 2 0.000053 0.011201 0.976575 0.010739 0.001433
2 2 0.000052 0.025969 0.940733 0.027653 0.005593
2 3 0.002489 0.026398 0.615743 0.265263 0.090108
2 3 0.002971 0.041647 0.588038 0.331939 0.035405
3 3 0.000001 0.000284 0.386885 0.612798 0.000031
3 3 0.000000 0.000397 0.218925 0.780658 0.000020
2 3 0.000690 0.019103 0.710179 0.212994 0.057034
3 3 0.000049 0.004705 0.418786 0.574901 0.001559
3 3 0.000035 0.003994 0.209269 0.786308 0.000395
2 3 0.000051 0.006078 0.588200 0.405171 0.000501
3 3 0.000219 0.004256 0.199329 0.792221 0.003975
3 3 0.000207 0.009110 0.288742 0.697272 0.004669
2 3 0.000146 0.010220 0.572746 0.410201 0.006687
3 3 0.000516 0.018719 0.431325 0.535793 0.013647
3 3 0.000753 0.003013 0.072867 0.919005 0.004362
3 3 0.000210 0.007273 0.207095 0.782182 0.003240
3 3 0.000010 0.002776 0.064484 0.932406 0.000325
3 3 0.000018 0.003949 0.231168 0.764543 0.000321
3 3 0.000258 0.012412 0.213907 0.748676 0.024748
3 3 0.000681 0.018312 0.180886 0.771533 0.028589
3 3 0.000154 0.002685 0.066562 0.930423 0.000177
3 3 0.000068 0.000644 0.059454 0.939663 0.000171
3 3 0.000187 0.003583 0.037738 0.957161 0.001331
3 3 0.000385 0.005583 0.068051 0.923235 0.002747
3 3 0.000067 0.003214 0.053565 0.942827 0.000328
3 3 0.000216 0.007199 0.077499 0.907287 0.007799
3 3 0.000031 0.001517 0.033888 0.963284 0.001280
3 3 0.000099 0.004181 0.063932 0.929717 0.002071
3 3 0.000006 0.000045 0.007713 0.992232 0.000004
3 3 0.000021 0.000353 0.031605 0.967927 0.000094
3 3 0.000316 0.003452 0.036283 0.958891 0.001058
3 3 0.000085 0.002781 0.060859 0.935060 0.001215
3 3 0.000748 0.007750 0.091131 0.894964 0.005407
3 3 0.000493 0.007843 0.130265 0.858646 0.002752
3 3 0.000107 0.000513 0.053374 0.945620 0.000386
3 3 0.000025 0.000160 0.021910 0.977884 0.000021
3 3 0.001126 0.038486 0.149815 0.739487 0.071086
3 3 0.000292 0.009503 0.050901 0.936629 0.002675
3 3 0.000120 0.005375 0.136557 0.857036 0.000912
3 3 0.000170 0.004445 0.183236 0.810513 0.001636
3 3 0.000022 0.001102 0.109306 0.889361 0.000209
3 3 0.000017 0.003259 0.077792 0.917375 0.001557
3 3 0.000008 0.000193 0.023319 0.976453 0.000028
3 3 0.000102 0.003328 0.055699 0.940056 0.000815
3 3 0.000040 0.003612 0.071375 0.924355 0.000617
3 3 0.000113 0.005090 0.050256 0.941038 0.003503
0 0 0.779257 0.044489 0.086874 0.036793 0.052587
3 3 0.000860 0.001573 0.468610 0.528850 0.000107
3 3 0.000696 0.008639 0.355603 0.634172 0.000891
3 3 0.003615 0.011724 0.274986 0.707672 0.002004
3 3 0.000030 0.001766 0.065210 0.932929 0.000064
2 3 0.000038 0.005527 0.627204 0.367183 0.000048
3 3 0.000045 0.001510 0.234848 0.763560 0.000036
3 3 0.000001 0.000130 0.158541 0.841327 0.000001
3 3 0.000001 0.000191 0.055754 0.944051 0.000002
3 3 0.000048 0.002345 0.312276 0.685291 0.000039
3 3 0.000142 0.003584 0.209769 0.786387 0.000118
3 3 0.000010 0.001357 0.256191 0.742428 0.000013
3 3 0.000078 0.002213 0.138246 0.859389 0.000073
3 3 0.000017 0.001183 0.169584 0.829197 0.000018
3 3 0.000000 0.000036 0.041904 0.958059 0.000000
3 3 0.000000 0.000011 0.034598 0.965391 0.000000
3 3 0.000003 0.000195 0.027192 0.972605 0.000005
3 3 0.000069 0.002741 0.268428 0.728659 0.000103
3 3 0.000776 0.004524 0.052850 0.941180 0.000670
3 3 0.000033 0.000141 0.018530 0.981282 0.000014
3 3 0.000005 0.000423 0.026085 0.973476 0.000012
3 3 0.000008 0.001027 0.054930 0.944014 0.000021
3 3 0.000059 0.003383 0.059050 0.937356 0.000152
3 3 0.000203 0.003361 0.026204 0.969823 0.000408
3 3 0.000005 0.001147 0.019738 0.979076 0.000034
3 3 0.000006 0.000903 0.029800 0.969219 0.000073
3 3 0.000009 0.000602 0.009221 0.990129 0.000038
3 3 0.000039 0.001167 0.015713 0.982945 0.000136
3 3 0.000205 0.005704 0.320504 0.673299 0.000289
3 3 0.000219 0.004299 0.095248 0.897938 0.002296
3 -1 0.000037 0.001897 0.111629 0.885881 0.000556
3 0 0.000284 0.004325 0.087200 0.903442 0.004749
1 0 0.072299 0.481155 0.267808 0.004549 0.174188
1 0 0.128553 0.404495 0.190044 0.123177 0.153731
3 0 0.322049 0.045117 0.140808 0.447856 0.044170
3 0 0.033621 0.010176 0.084747 0.865556 0.005900
1 1 0.061178 0.558674 0.322286 0.004720 0.053143
2 1 0.000011 0.014759 0.984028 0.001013 0.000191
2 1 0.004303 0.142158 0.832603 0.002077 0.018859
2 1 0.000298 0.022629 0.965877 0.008930 0.002266
2 1 0.024198 0.252552 0.711429 0.002093 0.009728
2 0 0.000531 0.033016 0.955676 0.010489 0.000288
1 1 0.240577 0.589044 0.093740 0.000086 0.076553
2 2 0.010933 0.355957 0.465871 0.000320 0.166918
2 2 0.004072 0.194967 0.629322 0.000565 0.171075
4 2 0.095006 0.255958 0.286779 0.000868 0.361389
2 2 0.001670 0.055586 0.890982 0.004906 0.046856
2 2 0.001117 0.066929 0.900595 0.003200 0.028159
2 2 0.000213 0.036557 0.950899 0.001871 0.010460
2 2 0.000470 0.132158 0.857158 0.000569 0.009644
2 2 0.001391 0.031220 0.940946 0.002376 0.024068
2 2 0.003267 0.087279 0.863556 0.000344 0.045554
2 2 0.000036 0.005418 0.974131 0.019962 0.000453
2 2 0.001744 0.025859 0.965346 0.001068 0.005983
2 2 0.000591 0.033268 0.952631 0.010622 0.002887
2 2 0.000030 0.007512 0.981249 0.009351 0.001858
2 3 0.000706 0.015219 0.895028 0.063509 0.025538
2 3 0.000725 0.009272 0.902136 0.087249 0.000619
0 3 0.324507 0.228119 0.302304 0.059839 0.085231
2 2 0.000006 0.037915 0.944864 0.017083 0.000132
2 2 0.000180 0.011126 0.965048 0.010648 0.012998
2 2 0.003760 0.035714 0.941089 0.000330 0.019107
2 3 0.000740 0.014141 0.936328 0.034676 0.014115
2 2 0.000054 0.009208 0.983290 0.004884 0.002563
2 2 0.008771 0.047328 0.789836 0.025919 0.128146
2 4 0.000188 0.013341 0.959039 0.009241 0.018192
4 4 0.050761 0.136928 0.248128 0.000774 0.563410
4 4 0.008876 0.116916 0.068129 0.000008 0.806071
4 4 0.007104 0.096431 0.284569 0.000251 0.611645
4 4 0.019747 0.194710 0.330571 0.000008 0.454962
2 4 0.007801 0.077507 0.792744 0.000004 0.121944
4 4 0.008587 0.112534 0.354895 0.000014 0.523970
4 4 0.006832 0.228971 0.275456 0.000077 0.488665
2 4 0.003543 0.253137 0.442526 0.000010 0.300783
1 4 0.098467 0.527670 0.203006 0.000960 0.169897
4 4 0.016242 0.188134 0.096513 0.000009 0.699103
2 4 0.015046 0.240044 0.561961 0.000070 0.182879
1 4 0.120640 0.353928 0.321375 0.000090 0.203967
4 4 0.009016 0.118400 0.190630 0.000036 0.681918
4 4 0.013647 0.108876 0.040270 0.000049 0.837157
4 4 0.025364 0.193902 0.047213 0.000003 0.733518
4 4 0.006756 0.139863 0.285387 0.000070 0.567924
4 4 0.011197 0.270654 0.261943 0.000114 0.456092
4 4 0.009387 0.153932 0.114927 0.000156 0.721598
4 4 0.014843 0.252225 0.175664 0.000082 0.557187
2 4 0.008793 0.150305 0.431878 0.000255 0.408768
4 4 0.080187 0.107137 0.055064 0.000193 0.757418
1 4 0.040183 0.359438 0.310453 0.000822 0.289104
2 4 0.007622 0.242798 0.519341 0.000560 0.229679
2 4 0.011000 0.335435 0.339639 0.000035 0.313892
1 4 0.050417 0.522389 0.284548 0.000210 0.142436
2 4 0.017252 0.441848 0.452459 0.000075 0.088365
1 1 0.078935 0.569198 0.189984 0.000046 0.161837
1 4 0.046472 0.510114 0.407802 0.001636 0.033976
4 4 0.004633 0.182942 0.239350 0.000575 0.572500
4 4 0.005186 0.186284 0.212675 0.000032 0.595824
4 4 0.022684 0.175977 0.047189 0.000005 0.754144
4 4 0.051470 0.383216 0.120719 0.000030 0.444565
4 4 0.016629 0.107777 0.086055 0.000685 0.788853
4 4 0.003734 0.141558 0.184792 0.000060 0.669856
2 4 0.007481 0.118689 0.475384 0.001701 0.396746
4 4 0.016575 0.208118 0.227866 0.000272 0.547170
4 4 0.004908 0.141123 0.178661 0.000279 0.675029
4 4 0.010065 0.258026 0.234061 0.000047 0.497801
2 4 0.003174 0.122432 0.758827 0.000438 0.115130
4 4 0.008477 0.221344 0.244357 0.000194 0.525627
4 4 0.004292 0.188254 0.309564 0.000154 0.497735
2 4 0.000783 0.183155 0.637096 0.000186 0.178779
4 4 0.063325 0.159516 0.338510 0.000144 0.438505
2 1 0.011698 0.363004 0.459139 0.000319 0.165840
1 1 0.099971 0.631413 0.228253 0.000113 0.040249
2 1 0.006026 0.325080 0.640878 0.000062 0.027954
2 2 0.002914 0.067799 0.873217 0.000830 0.055240
2 2 0.000846 0.035165 0.897233 0.028398 0.038358
4 2 0.083433 0.203612 0.228880 0.000080 0.483995
2 2 0.033597 0.163105 0.627083 0.000208 0.176008
2 1 0.054156 0.280064 0.643811 0.000010 0.021959
1 1 0.217726 0.636164 0.123336 0.000001 0.022772
2 1 0.027985 0.282162 0.557448 0.000227 0.132179
2 1 0.001015 0.080753 0.909083 0.000934 0.008215
2 1 0.000504 0.008650 0.980601 0.008916 0.001328
2 1 0.000205 0.015736 0.980609 0.002842 0.000608
2 2 0.000523 0.013761 0.985248 0.000170 0.000298
2 2 0.000229 0.007795 0.990031 0.001174 0.000770
2 2 0.003077 0.050793 0.941469 0.003096 0.001565
2 2 0.004906 0.037928 0.953521 0.000781 0.002863
1 2 0.035279 0.368652 0.266776 0.002425 0.326869
2 1 0.003871 0.203197 0.522095 0.000366 0.270471
2 1 0.001744 0.128816 0.619716 0.000043 0.249681
4 1 0.004381 0.209559 0.377416 0.000058 0.408586
2 2 0.000265 0.029468 0.934185 0.011462 0.024620
2 2 0.000501 0.077102 0.812115 0.001158 0.109124
2 2 0.000138 0.005372 0.975652 0.013882 0.004956
2 1 0.000896 0.042938 0.936451 0.000720 0.018996
2 1 0.001291 0.047319 0.845113 0.003446 0.102830
2 2 0.012299 0.158502 0.673704 0.000786 0.154709
2 2 0.000249 0.008920 0.971700 0.013971 0.005161
2 2 0.000344 0.014445 0.919478 0.055470 0.010262
2 2 0.002178 0.167546 0.618676 0.000314 0.211286
4 2 0.009411 0.114543 0.276123 0.000320 0.599602
2 2 0.000421 0.036501 0.910048 0.001331 0.051699
2 2 0.000246 0.016658 0.956977 0.001882 0.024238
2 3 0.000763 0.037645 0.906909 0.018945 0.035739
2 2 0.001586 0.030913 0.910189 0.013698 0.043615
2 2 0.003266 0.060881 0.882006 0.004504 0.049343
2 3 0.000181 0.020201 0.948212 0.010151 0.021255
2 2 0.000120 0.015875 0.976819 0.003312 0.003873
2 2 0.000242 0.072645 0.868612 0.001158 0.057343
2 2 0.000802 0.024721 0.889372 0.043821 0.041284
2 2 0.000151 0.015812 0.915859 0.055123 0.013054
2 2 0.000245 0.011240 0.894849 0.072590 0.021076
2 3 0.000778 0.060445 0.869013 0.056704 0.013061
2 2 0.000357 0.010347 0.933636 0.050482 0.005178
2 2 0.000055 0.004121 0.908376 0.086886 0.000562
2 2 0.000494 0.027014 0.897020 0.016794 0.058678
2 2 0.000536 0.015455 0.700686 0.260222 0.023101
2 2 0.000947 0.010891 0.857493 0.115194 0.015475
2 2 0.000593 0.042007 0.881069 0.028710 0.047622
2 2 0.000024 0.001891 0.676506 0.321208 0.000371
3 3 0.000003 0.000156 0.484947 0.514885 0.000008
2 2 0.000010 0.007296 0.903099 0.087190 0.002405
2 2 0.000416 0.045456 0.867709 0.069346 0.017072
2 2 0.005743 0.028875 0.713271 0.190497 0.061614
2 2 0.000927 0.022046 0.835945 0.116346 0.024736
2 2 0.000956 0.014968 0.696444 0.286375 0.001257
2 2 0.000051 0.008015 0.729418 0.261902 0.000615
2 2 0.000501 0.006171 0.589566 0.403549 0.000213
2 2 0.000081 0.010515 0.825482 0.163351 0.000571
2 2 0.000841 0.029826 0.740427 0.226148 0.002758
3 3 0.000095 0.003174 0.412001 0.584535 0.000195
3 3 0.003954 0.016981 0.454222 0.522194 0.002650
2 2 0.000414 0.009351 0.651214 0.337964 0.001056
2 3 0.000109 0.015656 0.893770 0.090129 0.000335
2 3 0.000110 0.006926 0.651186 0.341686 0.000092
3 3 0.000193 0.003844 0.166605 0.829175 0.000182
3 3 0.000773 0.004077 0.453137 0.541186 0.000826
3 3 0.000071 0.006581 0.356189 0.636756 0.000403
3 3 0.000024 0.006881 0.461080 0.531917 0.000098
3 3 0.000173 0.001175 0.338537 0.660081 0.000034
2 3 0.000069 0.006559 0.555889 0.437402 0.000080
3 3 0.000004 0.001516 0.355644 0.642829 0.000008
3 3 0.000094 0.004001 0.388785 0.607045 0.000075
3 3 0.000007 0.001372 0.323107 0.675505 0.000010
3 3 0.000158 0.011179 0.391765 0.596656 0.000242
2 3 0.000073 0.009674 0.638489 0.351658 0.000106
3 3 0.000022 0.001337 0.385812 0.612815 0.000014
3 3 0.000077 0.003297 0.405515 0.591056 0.000056
3 3 0.000280 0.006478 0.268107 0.724896 0.000238
3 3 0.000025 0.002529 0.259349 0.738062 0.000034
3 3 0.000867 0.015721 0.223318 0.759096 0.000998
3 3 0.000075 0.002044 0.478601 0.519165 0.000115
3 3 0.000016 0.001947 0.485746 0.512276 0.000015
3 3 0.000020 0.002410 0.168582 0.828928 0.000060
2 3 0.000250 0.012418 0.723281 0.263379 0.000672
3 3 0.000010 0.000335 0.137450 0.862197 0.000008
3 3 0.000006 0.000148 0.054974 0.944868 0.000004
3 3 0.000070 0.004691 0.139692 0.855085 0.000462
3 3 0.000137 0.004040 0.220060 0.775637 0.000126
3 3 0.000035 0.006357 0.128989 0.864480 0.000140
3 3 0.000096 0.014976 0.245290 0.739302 0.000336
3 3 0.000009 0.000913 0.095673 0.903374 0.000031
3 3 0.000139 0.003039 0.049160 0.946756 0.000906
3 3 0.000139 0.007495 0.144200 0.847880 0.000285
3 3 0.000470 0.014488 0.153612 0.821916 0.009513
3 3 0.000045 0.004327 0.031070 0.963650 0.000908
3 3 0.000116 0.023725 0.069259 0.899305 0.007594
3 3 0.000307 0.007274 0.167467 0.821310 0.003642
3 3 0.000180 0.014807 0.103293 0.877940 0.003780
3 3 0.000018 0.004288 0.218900 0.776345 0.000449
3 3 0.000417 0.015429 0.354745 0.628087 0.001322
3 3 0.000070 0.002064 0.101106 0.896506 0.000254
3 3 0.000068 0.000993 0.040214 0.958597 0.000129
3 3 0.000004 0.000222 0.022360 0.977404 0.000009
3 3 0.000070 0.002437 0.165995 0.831335 0.000163
3 3 0.000035 0.001094 0.035373 0.963373 0.000126
3 3 0.001428 0.008158 0.068858 0.919518 0.002038
3 3 0.001085 0.016647 0.215902 0.759862 0.006504
3 3 0.000227 0.011437 0.275901 0.711065 0.001370
3 3 0.000146 0.004085 0.170866 0.823931 0.000972
3 3 0.000014 0.001483 0.060498 0.937567 0.000438
3 3 0.000044 0.001055 0.094782 0.903948 0.000170
3 3 0.000035 0.001153 0.106542 0.892087 0.000184
3 3 0.000077 0.002278 0.029717 0.967124 0.000804
3 3 0.000340 0.004844 0.109724 0.881216 0.003876
3 3 0.000097 0.001934 0.103054 0.894299 0.000616
3 3 0.000136 0.011800 0.095765 0.887928 0.004371
3 3 0.000029 0.004665 0.025173 0.969636 0.000497
3 3 0.000074 0.003747 0.040006 0.954254 0.001919
3 3 0.000003 0.001001 0.035886 0.963073 0.000037
3 3 0.000395 0.009167 0.057374 0.929306 0.003758
3 3 0.000138 0.012978 0.333813 0.650620 0.002450
3 3 0.000390 0.032268 0.320054 0.644361 0.002926
3 3 0.000095 0.003821 0.051341 0.940625 0.004118
3 3 0.000008 0.000462 0.010362 0.989140 0.000027
3 3 0.000982 0.020898 0.108059 0.846907 0.023154
3 3 0.001116 0.010387 0.070766 0.913403 0.004328
3 3 0.001000 0.013281 0.090503 0.881771 0.013445
3 3 0.000487 0.006343 0.133137 0.854700 0.005333
3 3 0.000047 0.001300 0.022860 0.975575 0.000219
3 3 0.000180 0.003608 0.026201 0.969599 0.000412
3 3 0.000620 0.005789 0.037662 0.954981 0.000948
3 3 0.000019 0.000595 0.040796 0.958556 0.000034
3 3 0.000050 0.003202 0.064367 0.932252 0.000128
3 3 0.000158 0.002591 0.037817 0.959187 0.000247
3 3 0.000028 0.000973 0.022838 0.976103 0.000058
3 3 0.000156 0.006438 0.071262 0.921755 0.000389
3 3 0.000236 0.001549 0.035367 0.962448 0.000400
3 3 0.000028 0.000436 0.044879 0.954534 0.000122
3 3 0.000115 0.006412 0.110683 0.880440 0.002350
3 3 0.000003 0.000754 0.107581 0.891564 0.000098
3 3 0.000007 0.001314 0.013497 0.985082 0.000100
3 3 0.000287 0.004791 0.052703 0.939668 0.002551
3 3 0.000086 0.004634 0.040130 0.954816 0.000334
3 3 0.002246 0.026579 0.136022 0.803124 0.032029
2 3 0.002583 0.010080 0.859303 0.125441 0.002594
2 2 0.000210 0.030811 0.843678 0.124938 0.000362
2 3 0.001727 0.109681 0.767766 0.117662 0.003164
2 3 0.000667 0.032818 0.835419 0.130444 0.000652
2 3 0.000700 0.064303 0.911585 0.022438 0.000973
2 2 0.000671 0.049210 0.934486 0.015088 0.000545
2 2 0.000165 0.011060 0.983556 0.004873 0.000347
2 2 0.003429 0.062060 0.926621 0.006364 0.001525
2 3 0.001563 0.122571 0.849715 0.004236 0.021915
2 2 0.000774 0.097925 0.849798 0.023242 0.028261
2 3 0.004285 0.076165 0.806274 0.006492 0.106783
2 2 0.000823 0.004638 0.937552 0.056031 0.000955
2 2 0.003024 0.096017 0.879753 0.000359 0.020847
2 2 0.014231 0.185417 0.737509 0.001559 0.061285
2 2 0.000798 0.058543 0.916218 0.022197 0.002244
2 2 0.001958 0.072878 0.908815 0.003171 0.013177
2 2 0.001226 0.026206 0.818140 0.075866 0.078562
2 2 0.004619 0.042534 0.877023 0.003484 0.072341
2 2 0.000911 0.028123 0.887682 0.076170 0.007114
2 2 0.000869 0.012000 0.892884 0.061357 0.032889
2 2 0.012032 0.054840 0.860187 0.003236 0.069706
2 2 0.000644 0.040700 0.923246 0.013698 0.021712
2 2 0.002515 0.018433 0.829266 0.133103 0.016684
2 2 0.000565 0.009665 0.760884 0.227800 0.001085
4 4 0.008767 0.194876 0.152513 0.000035 0.643810
4 4 0.010330 0.219308 0.185745 0.000041 0.584576
2 4 0.047789 0.187164 0.693503 0.000302 0.071241
1 4 0.042625 0.494904 0.270574 0.000116 0.191780
4 4 0.020816 0.268992 0.108707 0.000006 0.601479
4 4 0.157141 0.184415 0.035842 0.000021 0.622581
4 4 0.067037 0.291836 0.195890 0.000035 0.445202
2 4 0.020409 0.362434 0.429022 0.000013 0.188121
1 4 0.034447 0.377117 0.223390 0.000015 0.365032
1 4 0.125379 0.351030 0.193082 0.000006 0.330503
2 4 0.037389 0.226923 0.607270 0.000463 0.127954
2 4 0.014871 0.216881 0.594068 0.000402 0.173778
4 4 0.022358 0.273840 0.104296 0.000005 0.599500
4 1 0.055465 0.395727 0.098845 0.000003 0.449960
2 4 0.012048 0.296733 0.405540 0.001391 0.284289
4 4 0.015323 0.283939 0.242248 0.000235 0.458255
4 4 0.166094 0.156572 0.015593 0.000016 0.661725
4 4 0.057607 0.300267 0.068368 0.000022 0.573735
4 4 0.016077 0.200430 0.085819 0.000011 0.697663
4 4 0.030727 0.334772 0.177838 0.000169 0.456494
4 4 0.080735 0.365915 0.056902 0.000003 0.496445
2 4 0.017495 0.353248 0.384340 0.000808 0.244109
1 4 0.092069 0.433217 0.069013 0.000002 0.405699
1 4 0.167388 0.430249 0.054725 0.000018 0.347620
4 4 0.021169 0.327312 0.173616 0.000018 0.477885
4 4 0.010756 0.187884 0.120631 0.000033 0.680695
4 4 0.073279 0.339702 0.104579 0.000517 0.481923
4 4 0.012214 0.314910 0.244428 0.000013 0.428434
4 4 0.045846 0.083946 0.050826 0.000008 0.819374
4 4 0.030038 0.292713 0.078731 0.000001 0.598517
1 4 0.122016 0.558195 0.081011 0.000001 0.238776
4 4 0.066073 0.347897 0.118559 0.000517 0.466953
4 4 0.036677 0.354221 0.230582 0.001789 0.376731
4 4 0.041301 0.332604 0.113494 0.000035 0.512566
4 4 0.030601 0.228644 0.071611 0.000026 0.669118
1 4 0.068296 0.416299 0.141566 0.000197 0.373643
1 4 0.103902 0.667508 0.195494 0.000017 0.033078
1 4 0.061371 0.595215 0.307991 0.000119 0.035305
4 4 0.067801 0.267642 0.141361 0.000050 0.523146
4 4 0.036472 0.117406 0.018771 0.000020 0.827332
4 4 0.106367 0.103472 0.008957 0.000025 0.781179
4 4 0.225838 0.043443 0.016233 0.000089 0.714398
1 4 0.110910 0.611505 0.104972 0.000001 0.172611
4 4 0.071645 0.287672 0.049942 0.000013 0.590728
4 4 0.032365 0.101743 0.021418 0.000199 0.844276
4 4 0.021955 0.029343 0.011403 0.000172 0.937127
4 4 0.011062 0.010414 0.001252 0.000001 0.977271
4 4 0.024575 0.038567 0.003507 0.000005 0.933346
4 4 0.040546 0.185655 0.047407 0.000108 0.726284
4 4 0.053890 0.294819 0.067229 0.000016 0.584045
4 4 0.112911 0.355958 0.046180 0.000006 0.484946
4 4 0.085937 0.330528 0.057992 0.000019 0.525524
4 4 0.021815 0.047597 0.006159 0.000028 0.924400
4 4 0.062607 0.090590 0.010656 0.000059 0.836088
4 4 0.035753 0.044071 0.008250 0.000045 0.911881
4 4 0.013632 0.068204 0.014240 0.000008 0.903916
4 4 0.028917 0.117909 0.020826 0.000010 0.832339
4 4 0.054659 0.280972 0.061771 0.000018 0.602579
4 4 0.016309 0.176160 0.087575 0.000005 0.719951
4 4 0.050543 0.386564 0.105905 0.000008 0.456979
1 4 0.087531 0.501091 0.083202 0.000001 0.328176
1 4 0.064966 0.437289 0.108190 0.000008 0.389547
1 4 0.046641 0.424896 0.107729 0.000001 0.420734
4 4 0.018361 0.323992 0.184951 0.000014 0.472682
4 4 0.027397 0.192668 0.060359 0.000020 0.719556
4 4 0.044646 0.310645 0.090171 0.000024 0.554514
4 4 0.019161 0.343836 0.174197 0.000005 0.462801
1 4 0.020206 0.423979 0.409401 0.000209 0.146206
4 4 0.016196 0.253702 0.136034 0.000017 0.594051
1 4 0.015480 0.481999 0.364065 0.000002 0.138454
4 4 0.035784 0.220163 0.124027 0.000032 0.619995
4 4 0.010777 0.233465 0.184073 0.000045 0.571640
4 4 0.039954 0.207670 0.075652 0.000029 0.676695
4 4 0.028023 0.226279 0.105781 0.000392 0.639525
4 4 0.097256 0.272490 0.037451 0.000019 0.592784
1 4 0.059370 0.425968 0.141945 0.000059 0.372658
4 4 0.012837 0.095723 0.037212 0.000106 0.854121
4 4 0.051388 0.253599 0.054698 0.000019 0.640297
1 4 0.042887 0.407255 0.161432 0.000039 0.388386
1 4 0.044936 0.542267 0.235200 0.000014 0.177582
4 4 0.011352 0.175256 0.124518 0.000161 0.688713
2 4 0.001906 0.178342 0.436525 0.000025 0.383202
1 4 0.029789 0.372221 0.231661 0.000240 0.366088
1 2 0.026129 0.449639 0.312710 0.000064 0.211457
2 2 0.012216 0.332464 0.343342 0.000084 0.311895
1 2 0.020880 0.397574 0.210210 0.000004 0.371332
2 2 0.007919 0.030570 0.783695 0.007038 0.170778
2 2 0.008959 0.026086 0.898756 0.007335 0.058864
2 2 0.005737 0.102867 0.760189 0.001451 0.129757
2 2 0.030843 0.186901 0.508553 0.001003 0.272700
4 2 0.012142 0.087036 0.413499 0.000864 0.486458
2 2 0.005900 0.086458 0.773405 0.001024 0.133212
2 2 0.000942 0.172163 0.575137 0.000042 0.251716
2 2 0.003746 0.279574 0.520126 0.000011 0.196543
2 2 0.001332 0.152415 0.559727 0.000402 0.286123
2 2 0.000388 0.088154 0.848101 0.004648 0.058710
2 2 0.001244 0.115087 0.854102 0.000883 0.028684
2 2 0.001862 0.238686 0.638007 0.000081 0.121363
2 2 0.002664 0.203180 0.646367 0.000785 0.147004
2 2 0.001044 0.149520 0.805989 0.000937 0.042510
4 2 0.036621 0.077541 0.297294 0.000191 0.588352
2 2 0.005725 0.123922 0.527639 0.000075 0.342639
2 2 0.002191 0.121375 0.678801 0.003003 0.194629
2 2 0.000132 0.026304 0.950007 0.003772 0.019786
2 2 0.004523 0.275325 0.535618 0.000056 0.184478
2 2 0.003524 0.162068 0.658712 0.000099 0.175597
2 2 0.001733 0.062820 0.815796 0.012417 0.107234
2 2 0.007256 0.147478 0.691822 0.000128 0.153316
2 2 0.011362 0.347936 0.380678 0.000184 0.259841
1 2 0.016305 0.467576 0.437864 0.000029 0.078225
2 2 0.008579 0.142513 0.724221 0.000131 0.124557
2 2 0.010140 0.181378 0.597907 0.000064 0.210511
2 2 0.000538 0.020494 0.955099 0.012558 0.011311
2 2 0.000532 0.031838 0.940008 0.002758 0.024864
2 2 0.005700 0.304257 0.626887 0.000093 0.063064
2 2 0.005056 0.298807 0.595993 0.000065 0.100079
2 2 0.001640 0.049475 0.915867 0.017896 0.015122
2 2 0.001847 0.061589 0.909617 0.000418 0.026528
2 2 0.046565 0.417490 0.437699 0.000707 0.097539
2 2 0.001962 0.103068 0.869244 0.002919 0.022807
2 2 0.023165 0.029000 0.929247 0.000245 0.018343
2 2 0.000675 0.022362 0.970353 0.000039 0.006571
2 2 0.001597 0.038316 0.936188 0.003119 0.020781
2 2 0.002342 0.210837 0.705163 0.000287 0.081371
2 2 0.003081 0.128134 0.836262 0.000085 0.032437
2 2 0.000656 0.200555 0.773213 0.000348 0.025228
2 4 0.017292 0.282163 0.640565 0.000057 0.059924
2 2 0.001106 0.167088 0.819691 0.000138 0.011976
2 2 0.017107 0.458197 0.463433 0.001860 0.059404
2 2 0.000416 0.018538 0.927024 0.031699 0.022324
2 2 0.001986 0.147453 0.841338 0.000688 0.008534
2 2 0.000490 0.053378 0.931052 0.000746 0.014335
2 2 0.002228 0.078600 0.889462 0.013091 0.016619
2 2 0.011397 0.304334 0.524343 0.000183 0.159742
2 2 0.001615 0.040546 0.946609 0.005661 0.005569
2 2 0.000199 0.061094 0.931810 0.000306 0.006591
2 2 0.030640 0.111851 0.823069 0.000875 0.033566
2 2 0.016429 0.100411 0.851049 0.001826 0.030286
2 2 0.001096 0.009907 0.962749 0.025838 0.000409
2 2 0.001681 0.038713 0.932745 0.023093 0.003769
2 2 0.005719 0.130078 0.816843 0.001425 0.045936
2 2 0.000159 0.040811 0.955262 0.001698 0.002070
2 2 0.000512 0.012495 0.969478 0.009182 0.008333
2 2 0.000208 0.014424 0.938451 0.046728 0.000188
2 2 0.002217 0.051745 0.904445 0.001602 0.039990
2 2 0.000414 0.054576 0.940767 0.002064 0.002179
1 2 0.075225 0.500875 0.291243 0.000448 0.132209
2 2 0.000730 0.232901 0.745230 0.000584 0.020555
2 3 0.000531 0.013406 0.971794 0.013743 0.000527
2 2 0.004537 0.020041 0.965605 0.002150 0.007667
2 3 0.003858 0.052721 0.883317 0.000063 0.060040
2 3 0.002314 0.023261 0.753138 0.000734 0.220554
2 3 0.000896 0.053205 0.939168 0.002956 0.003774
2 3 0.001162 0.108374 0.874428 0.000446 0.015588
2 3 0.002602 0.042795 0.933925 0.011321 0.009357
2 2 0.000160 0.016181 0.971223 0.006623 0.005812
2 2 0.008219 0.051987 0.910430 0.005234 0.024130
2 2 0.000130 0.011410 0.980545 0.006638 0.001277
2 2 0.000555 0.008567 0.984225 0.004143 0.002510
2 2 0.000162 0.010502 0.985595 0.002727 0.001014
2 2 0.003850 0.025283 0.946563 0.002735 0.021570
2 2 0.000136 0.022402 0.969285 0.006377 0.001800
2 2 0.002996 0.041892 0.865421 0.013345 0.076347
2 2 0.000299 0.126634 0.842334 0.008845 0.021888
2 2 0.002704 0.067660 0.896855 0.006029 0.026752
2 2 0.000281 0.010059 0.984281 0.003482 0.001896
2 2 0.003102 0.140340 0.836762 0.004082 0.015715
2 2 0.000298 0.020513 0.935778 0.004618 0.038793
4 2 0.016968 0.126057 0.403327 0.001282 0.452366
1 1 0.049068 0.421329 0.252303 0.000083 0.277218
2 2 0.002749 0.288687 0.698480 0.004754 0.005331
2 2 0.000549 0.065049 0.928692 0.000291 0.005420
2 2 0.001524 0.100819 0.891468 0.000218 0.005972
1 2 0.034478 0.389834 0.207910 0.000135 0.367644
2 2 0.001655 0.123433 0.750350 0.001912 0.122650
2 2 0.000691 0.116575 0.696476 0.006570 0.179688
2 2 0.001582 0.049523 0.872120 0.017747 0.059028
2 2 0.001163 0.036663 0.901588 0.006611 0.053975
2 2 0.001798 0.022934 0.879923 0.049528 0.045817
2 2 0.000490 0.038327 0.908980 0.006296 0.045908
2 2 0.001826 0.042675 0.908849 0.024545 0.022105
2 2 0.006123 0.098713 0.755658 0.001981 0.137525
2 2 0.000922 0.046519 0.891096 0.031550 0.029913
2 2 0.000414 0.026001 0.898174 0.012221 0.063191
2 2 0.000909 0.043370 0.911186 0.002436 0.042099
2 2 0.000169 0.013188 0.960134 0.012208 0.014301
2 2 0.000173 0.044007 0.919459 0.002410 0.033952
2 2 0.000161 0.007999 0.939926 0.047910 0.004004
2 2 0.003831 0.088910 0.740164 0.079349 0.087746
2 2 0.000544 0.040653 0.942001 0.006060 0.010742
2 2 0.005183 0.057666 0.813879 0.104734 0.018538
2 2 0.001327 0.020841 0.908762 0.061547 0.007523
2 2 0.001076 0.011304 0.954612 0.014251 0.018757
2 2 0.001096 0.027127 0.944113 0.004861 0.022803
2 2 0.004508 0.073809 0.800219 0.060919 0.060545
2 2 0.002011 0.035160 0.854453 0.063344 0.045032
2 2 0.000302 0.006906 0.958104 0.029985 0.004704
2 2 0.000193 0.035368 0.934790 0.015351 0.014299
2 2 0.001249 0.009605 0.920427 0.064825 0.003895
2 2 0.000394 0.022833 0.908660 0.052245 0.015867
2 3 0.001948 0.028127 0.858781 0.088111 0.023034
2 3 0.000671 0.016246 0.855524 0.123622 0.003937
2 3 0.001316 0.050631 0.532455 0.407712 0.007885
2 3 0.000401 0.031027 0.833375 0.099546 0.035651
3 3 0.002427 0.014334 0.294638 0.680579 0.008023
2 3 0.000947 0.004279 0.846997 0.132849 0.014929
2 2 0.000312 0.019280 0.965816 0.012917 0.001675
2 2 0.003526 0.085430 0.861161 0.026084 0.023799
2 2 0.000163 0.032626 0.958340 0.008053 0.000818
2 2 0.000093 0.008498 0.982300 0.008315 0.000795
2 2 0.001343 0.014778 0.970835 0.011640 0.001403
2 2 0.000275 0.018105 0.965508 0.012046 0.004066
2 2 0.000047 0.013352 0.985253 0.001125 0.000223
2 2 0.000356 0.033308 0.957274 0.008541 0.000521
2 2 0.000166 0.005558 0.975022 0.019044 0.000210
2 2 0.000010 0.001209 0.983627 0.015123 0.000030
2 2 0.000330 0.012881 0.854993 0.131174 0.000621
2 2 0.000020 0.005426 0.944703 0.049729 0.000122
2 2 0.000125 0.009366 0.988521 0.001902 0.000086
2 2 0.004874 0.021752 0.957105 0.014965 0.001304
2 2 0.000005 0.000943 0.953038 0.046012 0.000002
2 2 0.000388 0.006344 0.976222 0.016975 0.000071
2 2 0.000603 0.006423 0.981411 0.011493 0.000070
2 2 0.000579 0.014274 0.867985 0.116655 0.000507
2 2 0.000321 0.008787 0.569621 0.420937 0.000334
2 2 0.001649 0.013890 0.891579 0.092484 0.000399
2 2 0.001368 0.006948 0.953189 0.038067 0.000428
2 2 0.001090 0.008230 0.987932 0.002249 0.000499
2 2 0.000266 0.005854 0.981581 0.012244 0.000055
2 2 0.000320 0.009848 0.981245 0.008328 0.000260
2 2 0.000207 0.011211 0.958640 0.029729 0.000213
2 2 0.000243 0.011798 0.970463 0.016864 0.000631
2 2 0.000042 0.006409 0.966619 0.026900 0.000030
2 2 0.000023 0.002531 0.853301 0.144133 0.000013
2 3 0.000229 0.005354 0.895740 0.098482 0.000195
2 2 0.000094 0.005563 0.898498 0.095766 0.000080
2 2 0.000302 0.008961 0.905379 0.085234 0.000123
2 3 0.000040 0.004773 0.922054 0.073100 0.000032
2 3 0.000115 0.015823 0.838218 0.145689 0.000154
2 2 0.000176 0.013040 0.934888 0.051772 0.000124
2 2 0.000119 0.012454 0.976645 0.010278 0.000504
2 2 0.000019 0.001480 0.989683 0.008773 0.000045
2 3 0.000065 0.002997 0.970180 0.026740 0.000018
2 2 0.000415 0.018685 0.936384 0.044317 0.000199
2 2 0.124333 0.183705 0.527323 0.018298 0.146342
2 2 0.011196 0.101967 0.700921 0.034771 0.151146
2 2 0.000552 0.060275 0.864193 0.004891 0.070089
2 2 0.000580 0.115476 0.796195 0.000381 0.087368
2 2 0.004541 0.344957 0.500965 0.000156 0.149380
2 2 0.005381 0.261473 0.676970 0.001337 0.054838
2 2 0.000725 0.048571 0.914425 0.017847 0.018432
2 2 0.000415 0.012822 0.911716 0.068380 0.006667
2 2 0.000571 0.024910 0.930691 0.003613 0.040215
2 2 0.001603 0.056674 0.862169 0.002356 0.077198
2 2 0.027093 0.118225 0.675419 0.001261 0.178002
2 2 0.001517 0.067039 0.882444 0.007507 0.041493
2 3 0.000269 0.040116 0.948629 0.004773 0.006214
2 2 0.000064 0.021055 0.971882 0.003491 0.003507
2 2 0.001154 0.095213 0.777780 0.003766 0.122088
2 2 0.001374 0.066973 0.895959 0.008215 0.027478
2 2 0.001343 0.078777 0.775626 0.003505 0.140749
2 2 0.007653 0.057793 0.828194 0.003748 0.102612
2 4 0.003968 0.280726 0.444721 0.000157 0.270427
2 4 0.000111 0.041678 0.927506 0.000278 0.030427
4 4 0.017799 0.200688 0.066200 0.000003 0.715310
4 4 0.034892 0.380942 0.139568 0.000009 0.444589
4 4 0.017224 0.297422 0.177650 0.000022 0.507681
4 4 0.009734 0.238416 0.209655 0.000019 0.542175
0 1 0.672346 0.154321 0.041660 0.000007 0.131666
1 4 0.067858 0.489425 0.158795 0.000044 0.283877
4 4 0.023960 0.196404 0.213599 0.000017 0.566021
4 4 0.018214 0.154035 0.202606 0.000052 0.625094
4 4 0.082471 0.238252 0.038230 0.000025 0.641022
4 4 0.018995 0.150807 0.074351 0.000585 0.755261
4 4 0.239438 0.150540 0.157904 0.000227 0.451891
4 4 0.056353 0.269908 0.333257 0.000222 0.340260
4 4 0.051817 0.249714 0.053136 0.000002 0.645331
4 4 0.048340 0.140167 0.020826 0.000023 0.790644
4 4 0.112810 0.112282 0.006023 0.000005 0.768880
4 4 0.007824 0.129504 0.079173 0.000028 0.783471
4 4 0.029452 0.103374 0.016920 0.000013 0.850241
4 4 0.018524 0.139259 0.037045 0.000006 0.805166
4 4 0.024993 0.343292 0.220573 0.000171 0.410970
4 4 0.040079 0.032315 0.009419 0.000062 0.918126
4 4 0.070106 0.273484 0.035753 0.000002 0.620655
4 4 0.028078 0.273245 0.078601 0.000003 0.620074
1 4 0.037262 0.494625 0.236918 0.000018 0.231176
4 4 0.036633 0.216646 0.059783 0.000041 0.686897
4 4 0.174607 0.352233 0.032998 0.000007 0.440155
4 4 0.052596 0.071938 0.003607 0.000000 0.871858
4 4 0.026265 0.160129 0.036545 0.000007 0.777054
1 4 0.143854 0.481554 0.109176 0.000323 0.265093
4 4 0.029160 0.238331 0.171714 0.000249 0.560546
4 4 0.016192 0.187436 0.083419 0.000025 0.712928
4 4 0.043700 0.023016 0.008547 0.000045 0.924692
4 4 0.176826 0.054046 0.011020 0.000033 0.758075
1 4 0.059627 0.633751 0.248712 0.000009 0.057901
1 4 0.024033 0.463219 0.329062 0.000035 0.183651
4 4 0.014737 0.237740 0.287526 0.000061 0.459935
4 4 0.008355 0.246713 0.244438 0.000038 0.500456
4 4 0.011334 0.238235 0.350177 0.000145 0.400110
4 4 0.009986 0.316483 0.291709 0.000013 0.381808
4 4 0.121306 0.049463 0.041316 0.000408 0.787506
4 4 0.026066 0.116962 0.026170 0.000035 0.830766
4 4 0.028414 0.045892 0.023039 0.001031 0.901624
4 4 0.018363 0.010796 0.021970 0.001444 0.947426
4 4 0.024632 0.120401 0.025694 0.000014 0.829259
4 4 0.092623 0.118087 0.009705 0.000034 0.779551
4 4 0.087982 0.327456 0.075847 0.000214 0.508501
4 4 0.022606 0.354537 0.145682 0.000002 0.477172
4 4 0.170432 0.369530 0.028961 0.000001 0.431075
4 4 0.037751 0.229100 0.055767 0.000013 0.677370
4 4 0.028902 0.357269 0.174815 0.000039 0.438975
4 4 0.038100 0.270006 0.185955 0.000017 0.505923
1 1 0.147699 0.664819 0.105859 0.000002 0.081621
1 1 0.086609 0.640511 0.246821 0.000023 0.026036
2 1 0.047650 0.296154 0.460509 0.000366 0.195321
1 1 0.019746 0.394794 0.386474 0.000353 0.198633
2 1 0.014963 0.411953 0.494380 0.000155 0.078549
1 1 0.071960 0.592327 0.292831 0.000257 0.042625
2 1 0.002171 0.213072 0.699965 0.000109 0.084683
2 1 0.001995 0.125994 0.865043 0.000242 0.006726
1 1 0.090382 0.665717 0.217092 0.000016 0.026793
1 1 0.019287 0.481950 0.469558 0.000037 0.029169
4 1 0.012685 0.115623 0.318305 0.000682 0.552705
4 1 0.025875 0.297626 0.269230 0.007787 0.399481
1 1 0.094207 0.555455 0.169654 0.000061 0.180623
1 1 0.040880 0.508042 0.398596 0.000767 0.051715
2 1 0.039757 0.423548 0.473929 0.000228 0.062538
2 1 0.017572 0.447191 0.502757 0.000105 0.032375
2 2 0.008664 0.338869 0.630930 0.000125 0.021412
2 1 0.002281 0.235672 0.739103 0.000031 0.022913
2 2 0.048986 0.136516 0.794892 0.008892 0.010713
2 2 0.046564 0.191855 0.711258 0.000166 0.050157
2 2 0.001605 0.040679 0.922178 0.003064 0.032474
4 2 0.006673 0.193156 0.292857 0.000077 0.507237
2 2 0.010087 0.113236 0.613827 0.004697 0.258153
2 2 0.005670 0.110797 0.861166 0.000113 0.022255
2 2 0.001566 0.008055 0.980097 0.006894 0.003387
2 2 0.002206 0.083410 0.908806 0.000968 0.004610
2 2 0.002703 0.267650 0.700931 0.002019 0.026697
2 2 0.010716 0.422714 0.517725 0.000007 0.048838
2 2 0.005495 0.274450 0.713419 0.001074 0.005561
2 2 0.000266 0.024331 0.975177 0.000067 0.000159
2 2 0.016469 0.461640 0.511153 0.000030 0.010708
2 2 0.006978 0.403559 0.576340 0.000018 0.013104
1 1 0.019962 0.477177 0.453518 0.000010 0.049333
2 1 0.002013 0.281379 0.710207 0.000062 0.006339
2 2 0.000167 0.033477 0.964656 0.001545 0.000154
2 2 0.000655 0.058513 0.938077 0.000123 0.002633
2 1 0.000369 0.027165 0.971544 0.000196 0.000725
2 2 0.006908 0.241226 0.744757 0.000092 0.007017
2 1 0.003381 0.273468 0.689591 0.000034 0.033527
0 0 0.552604 0.297933 0.098489 0.000075 0.050899
1 1 0.213003 0.626826 0.102020 0.000029 0.058122
1 1 0.261639 0.329566 0.259852 0.000101 0.148842
4 1 0.020707 0.317753 0.138855 0.000004 0.522681
4 2 0.016229 0.233821 0.127327 0.000033 0.622590
2 2 0.001010 0.124874 0.789326 0.004695 0.080095
2 2 0.003228 0.281253 0.573865 0.000390 0.141264
2 2 0.007718 0.204224 0.548119 0.005157 0.234782
2 2 0.000528 0.108969 0.777362 0.000547 0.112594
2 2 0.000544 0.076839 0.730359 0.000182 0.192076
2 2 0.001389 0.210454 0.426620 0.000099 0.361439
2 2 0.000292 0.097760 0.808034 0.000536 0.093378
2 2 0.008139 0.284913 0.477544 0.000171 0.229233
2 2 0.000186 0.008311 0.960757 0.009564 0.021181
2 2 0.000246 0.030513 0.933949 0.012012 0.023280
2 2 0.000795 0.091443 0.820526 0.001879 0.085358
2 2 0.001319 0.077537 0.855622 0.003573 0.061950
2 2 0.000269 0.108668 0.819700 0.000263 0.071099
2 2 0.000126 0.045368 0.895297 0.001463 0.057746
2 2 0.000855 0.195646 0.583480 0.000076 0.219943
2 2 0.000371 0.152586 0.698191 0.000119 0.148733
2 2 0.002254 0.090106 0.738667 0.004095 0.164878
2 2 0.000030 0.067477 0.908155 0.000515 0.023824
2 2 0.000353 0.026200 0.948463 0.001410 0.023575
2 2 0.000043 0.020931 0.939325 0.007214 0.032487
2 2 0.001018 0.156788 0.640638 0.000262 0.201295
2 2 0.003055 0.153617 0.724977 0.000424 0.117928
2 2 0.001131 0.207547 0.718397 0.002551 0.070374
2 2 0.000324 0.093356 0.783035 0.004337 0.118947
2 2 0.002984 0.029565 0.904286 0.004887 0.058279
2 2 0.000201 0.051347 0.919649 0.001606 0.027197
2 2 0.000296 0.033319 0.892707 0.002457 0.071221
2 2 0.000425 0.018437 0.889817 0.026246 0.065074
2 2 0.018777 0.130017 0.439886 0.000704 0.410616
2 2 0.000359 0.123641 0.767270 0.003858 0.104872
2 2 0.000390 0.032689 0.921096 0.027660 0.018166
2 2 0.000152 0.006781 0.963429 0.025002 0.004636
2 2 0.000235 0.026299 0.919973 0.007757 0.045736
2 2 0.000296 0.116735 0.779537 0.027736 0.075696
2 2 0.000804 0.065625 0.871687 0.007747 0.054137
2 2 0.000486 0.062051 0.920688 0.010491 0.006284
2 2 0.000589 0.021620 0.820926 0.144729 0.012136
2 2 0.000506 0.069780 0.861536 0.021814 0.046364
2 2 0.000041 0.007068 0.795947 0.195976 0.000968
2 2 0.000056 0.019148 0.827928 0.147033 0.005834
