0 0 0.780444 0.042586 0.019470 0.003059 0.154441
0 0 0.874774 0.077634 0.035272 0.001312 0.011008
0 0 0.942452 0.009175 0.001763 0.000001 0.046608
0 0 0.993823 0.005102 0.000362 0.000000 0.000712
0 0 0.721107 0.040902 0.011980 0.000086 0.225925
0 0 0.930403 0.029500 0.007835 0.000032 0.032230
0 0 0.991092 0.004725 0.000913 0.000001 0.003270
0 0 0.990594 0.007286 0.001840 0.000005 0.000275
0 0 0.952135 0.022147 0.004593 0.000004 0.021121
0 0 0.949533 0.015497 0.003335 0.000004 0.031630
4 0 0.405376 0.131974 0.047045 0.000164 0.415440
0 0 0.729329 0.045558 0.011883 0.000029 0.213201
0 0 0.860829 0.085391 0.017223 0.000002 0.036555
0 0 0.515270 0.357091 0.090380 0.000008 0.037252
1 0 0.295853 0.444673 0.178657 0.000012 0.080806
1 0 0.239185 0.400099 0.149988 0.000131 0.210598
0 0 0.582148 0.295250 0.093619 0.000129 0.028855
0 0 0.846200 0.066546 0.041981 0.042327 0.002947
0 0 0.983774 0.010964 0.003230 0.000037 0.001995
0 0 0.989917 0.004665 0.002054 0.000571 0.002792
4 0 0.032141 0.001138 0.000465 0.000053 0.966203
4 0 0.216528 0.010512 0.003169 0.000034 0.769757
0 0 0.522656 0.210451 0.055999 0.000033 0.210861
0 0 0.854684 0.057926 0.018839 0.000239 0.068311
0 1 0.909694 0.038354 0.009321 0.000019 0.042612
0 1 0.589878 0.038972 0.007194 0.000001 0.363955
1 1 0.216137 0.518999 0.141916 0.000005 0.122943
4 1 0.156080 0.364216 0.071346 0.000000 0.408357
1 0 0.034741 0.481497 0.268317 0.000646 0.214799
0 0 0.450046 0.201415 0.041462 0.000005 0.307072
0 0 0.747237 0.041131 0.019796 0.002014 0.189822
0 0 0.940019 0.023425 0.007578 0.000136 0.028841
0 0 0.877944 0.022704 0.007979 0.000269 0.091104
4 0 0.177272 0.251194 0.039031 0.000000 0.532503
0 0 0.758945 0.029748 0.006326 0.000006 0.204976
0 1 0.858438 0.028419 0.006258 0.000007 0.106879
1 1 0.174238 0.540906 0.149877 0.000004 0.134976
1 1 0.099211 0.584530 0.249379 0.000064 0.066816
1 1 0.084779 0.561403 0.298990 0.000473 0.054356
1 2 0.009156 0.515942 0.307555 0.000071 0.167276
2 2 0.072837 0.370307 0.539710 0.000225 0.016921
2 2 0.080306 0.406409 0.496704 0.004489 0.012092
1 2 0.128681 0.607298 0.232640 0.000015 0.031366
1 2 0.266925 0.532415 0.185419 0.000015 0.015227
2 2 0.173987 0.335130 0.384037 0.001974 0.104872
2 2 0.129504 0.252974 0.558420 0.009139 0.049964
1 2 0.164123 0.414284 0.409555 0.000939 0.011098
2 2 0.115350 0.255084 0.625314 0.001915 0.002338
2 2 0.000376 0.012579 0.958066 0.028895 0.000083
2 2 0.000408 0.009152 0.930064 0.060316 0.000059
2 2 0.009970 0.042481 0.942663 0.004518 0.000368
2 2 0.000111 0.007863 0.979455 0.012523 0.000047
2 2 0.004017 0.028825 0.963343 0.003781 0.000033
2 2 0.006096 0.035263 0.947213 0.011351 0.000077
2 0 0.109652 0.313181 0.551896 0.000739 0.024531
2 1 0.080457 0.372250 0.494497 0.003791 0.049004
2 2 0.000588 0.117576 0.833649 0.000500 0.047687
2 2 0.024743 0.342872 0.527681 0.002251 0.102454
2 2 0.064078 0.371508 0.375952 0.000616 0.187846
2 2 0.015650 0.261318 0.660697 0.025272 0.037063
2 2 0.000862 0.075623 0.910556 0.002729 0.010230
1 1 0.030327 0.446114 0.288800 0.000121 0.234638
2 2 0.069562 0.188099 0.551842 0.034447 0.156050
2 1 0.043904 0.177519 0.754871 0.007434 0.016273
2 2 0.064920 0.374375 0.489051 0.000328 0.071326
4 2 0.011190 0.317376 0.313252 0.000056 0.358126
2 2 0.005130 0.051662 0.929585 0.007061 0.006562
2 2 0.008161 0.247685 0.694259 0.000208 0.049687
1 2 0.018635 0.463181 0.278958 0.000533 0.238694
2 2 0.002748 0.097509 0.840961 0.009264 0.049518
2 2 0.003059 0.037882 0.859697 0.098003 0.001361
2 2 0.089052 0.416631 0.454430 0.005836 0.034051
2 2 0.013175 0.110477 0.800529 0.054327 0.021492
2 2 0.009734 0.126858 0.771570 0.051189 0.040649
2 2 0.041187 0.275628 0.626441 0.002077 0.054666
2 2 0.085583 0.392830 0.463842 0.004725 0.053020
2 1 0.050971 0.220931 0.709290 0.012967 0.005841
2 2 0.039136 0.175346 0.758456 0.012139 0.014923
2 2 0.000058 0.013652 0.974994 0.010509 0.000787
2 2 0.000433 0.032380 0.960192 0.006621 0.000374
2 2 0.025260 0.163872 0.796712 0.009699 0.004457
2 2 0.040265 0.288050 0.662250 0.000848 0.008587
2 2 0.001320 0.069608 0.898233 0.023620 0.007219
2 2 0.002704 0.085585 0.900600 0.006703 0.004407
2 2 0.013493 0.337789 0.602151 0.000434 0.046134
2 2 0.008445 0.043682 0.774476 0.172587 0.000810
2 2 0.004839 0.041857 0.710757 0.239960 0.002588
2 2 0.007310 0.065869 0.818464 0.103434 0.004923
3 2 0.007314 0.006118 0.129008 0.857379 0.000181
3 2 0.003598 0.011934 0.283755 0.699590 0.001123
2 2 0.037035 0.272422 0.666219 0.010945 0.013379
2 2 0.000144 0.011049 0.964885 0.023678 0.000244
2 2 0.001957 0.023012 0.889530 0.085255 0.000246
2 1 0.000072 0.002483 0.875243 0.122179 0.000024
2 2 0.002271 0.022870 0.776580 0.196623 0.001656
2 2 0.010799 0.065478 0.818144 0.103844 0.001735
2 2 0.008931 0.092469 0.829151 0.066102 0.003346
2 2 0.130182 0.323922 0.531131 0.003356 0.011409
2 2 0.003401 0.051797 0.761790 0.167377 0.015635
2 2 0.016003 0.076690 0.595558 0.305248 0.006501
2 1 0.028189 0.113197 0.836254 0.020511 0.001849
2 2 0.023664 0.091120 0.825212 0.056425 0.003579
2 2 0.001353 0.060419 0.901305 0.031213 0.005710
2 2 0.000388 0.011021 0.864961 0.123287 0.000343
2 2 0.003306 0.018789 0.817859 0.159950 0.000097
2 2 0.000699 0.002115 0.508914 0.488267 0.000004
2 2 0.016461 0.074244 0.681150 0.224139 0.004006
2 2 0.021034 0.053929 0.646875 0.277093 0.001070
2 2 0.000017 0.001150 0.893292 0.105532 0.000009
2 2 0.000004 0.000495 0.959846 0.039654 0.000001
2 2 0.002017 0.006422 0.768856 0.222697 0.000007
2 2 0.000286 0.000989 0.578590 0.420134 0.000001
2 2 0.000514 0.006096 0.833979 0.159374 0.000036
2 2 0.024860 0.059307 0.806152 0.109201 0.000481
2 2 0.000320 0.010140 0.855587 0.133563 0.000390
2 2 0.001859 0.035772 0.891066 0.069297 0.002006
3 2 0.000950 0.006526 0.486781 0.505499 0.000244
2 2 0.006270 0.075462 0.816083 0.097286 0.004899
2 2 0.010999 0.138592 0.815663 0.030585 0.004161
2 2 0.015916 0.098020 0.868662 0.016235 0.001166
2 2 0.079182 0.240398 0.655738 0.003681 0.021001
2 2 0.068261 0.439098 0.458054 0.003362 0.031225
2 2 0.005795 0.026551 0.725896 0.241424 0.000333
2 2 0.040765 0.161627 0.753335 0.031444 0.012829
2 2 0.054034 0.094413 0.825808 0.025246 0.000500
2 2 0.014434 0.065260 0.810632 0.108966 0.000709
2 2 0.004395 0.115697 0.872658 0.002765 0.004485
2 2 0.000564 0.045868 0.943445 0.007935 0.002187
2 2 0.000185 0.007280 0.951424 0.041055 0.000057
2 2 0.008637 0.075165 0.883828 0.031897 0.000473
2 2 0.000686 0.047980 0.943868 0.005728 0.001738
2 2 0.043516 0.366076 0.576980 0.000172 0.013257
2 2 0.005467 0.091828 0.896185 0.005270 0.001249
2 2 0.001827 0.031233 0.953368 0.013248 0.000324
2 2 0.000226 0.017847 0.969319 0.012346 0.000263
2 1 0.000455 0.024876 0.957102 0.016382 0.001184
1 2 0.040176 0.457338 0.368908 0.000384 0.133194
2 2 0.003547 0.076932 0.908197 0.010764 0.000560
2 2 0.001052 0.043836 0.929399 0.021805 0.003907
2 2 0.003874 0.035843 0.885966 0.073913 0.000405
2 2 0.005285 0.127075 0.840692 0.001761 0.025187
2 2 0.007768 0.238003 0.728078 0.005701 0.020450
1 2 0.072507 0.518110 0.334787 0.004227 0.070369
2 2 0.000667 0.042447 0.946166 0.009666 0.001054
2 2 0.084638 0.173963 0.727338 0.010975 0.003085
2 0 0.006540 0.102339 0.881229 0.002315 0.007577
0 1 0.843352 0.084412 0.034497 0.001751 0.035988
0 1 0.508798 0.332579 0.093312 0.000044 0.065267
1 1 0.122796 0.549865 0.249762 0.000246 0.077331
2 2 0.036093 0.366379 0.563660 0.000489 0.033380
2 0 0.002818 0.292981 0.588227 0.001399 0.114575
2 0 0.011194 0.393086 0.427375 0.000195 0.168150
0 0 0.940201 0.025150 0.012159 0.003395 0.019096
0 0 0.982773 0.007297 0.003235 0.000808 0.005887
1 1 0.250722 0.430135 0.082606 0.000000 0.236537
1 1 0.123836 0.446502 0.105538 0.000001 0.324124
1 0 0.052780 0.585249 0.212248 0.000007 0.149716
1 0 0.279356 0.514261 0.122793 0.000001 0.083588
0 1 0.763836 0.153427 0.028659 0.000004 0.054073
4 1 0.069423 0.340457 0.088268 0.000002 0.501849
2 1 0.004265 0.174040 0.782859 0.014593 0.024243
2 1 0.011569 0.368455 0.586103 0.002181 0.031692
1 1 0.296006 0.399520 0.231467 0.002578 0.070430
1 1 0.128496 0.505149 0.282843 0.001260 0.082252
2 1 0.018249 0.233716 0.732082 0.007290 0.008663
2 1 0.005416 0.274655 0.709364 0.002093 0.008472
3 1 0.179086 0.198162 0.168688 0.288593 0.165472
2 1 0.078745 0.301688 0.457920 0.112142 0.049505
2 2 0.001420 0.144769 0.848684 0.000421 0.004706
2 2 0.005318 0.244520 0.735518 0.001394 0.013250
2 1 0.004758 0.066343 0.706774 0.210965 0.011159
2 1 0.051761 0.223985 0.682019 0.039591 0.002645
0 0 0.521131 0.161223 0.163556 0.119329 0.034761
1 1 0.173411 0.286051 0.246881 0.089868 0.203789
0 0 0.834174 0.122602 0.037650 0.000199 0.005374
0 1 0.614096 0.210384 0.154303 0.001073 0.020144
2 1 0.034745 0.431494 0.457649 0.000624 0.075487
1 1 0.113355 0.433757 0.296664 0.000270 0.155953
1 1 0.145206 0.560029 0.213017 0.000050 0.081698
1 1 0.011231 0.539388 0.400043 0.000171 0.049167
1 1 0.254183 0.424862 0.305029 0.005389 0.010537
2 0 0.005404 0.062599 0.920461 0.010970 0.000565
0 0 0.617442 0.178522 0.168961 0.002970 0.032106
0 0 0.933733 0.044002 0.009710 0.000009 0.012547
0 0 0.993869 0.004021 0.001228 0.000027 0.000856
0 0 0.993920 0.003355 0.001345 0.000215 0.001165
0 0 0.723716 0.195873 0.073980 0.000620 0.005811
1 0 0.163459 0.470727 0.154614 0.000042 0.211158
0 0 0.459145 0.067593 0.022130 0.000241 0.450891
0 0 0.734316 0.161321 0.030803 0.000006 0.073554
0 0 0.526450 0.318313 0.094035 0.000027 0.061175
0 4 0.906991 0.056584 0.020734 0.000180 0.015511
4 4 0.189802 0.027365 0.004685 0.000000 0.778148
4 4 0.209833 0.079309 0.029455 0.000452 0.680951
4 4 0.350193 0.067487 0.015743 0.000015 0.566562
4 4 0.460819 0.033282 0.005262 0.000000 0.500637
4 4 0.032336 0.112565 0.047873 0.000043 0.807183
4 4 0.141435 0.038292 0.010005 0.000010 0.810258
4 4 0.038912 0.293551 0.241993 0.000728 0.424815
1 4 0.162729 0.486607 0.202098 0.000365 0.148200
4 4 0.032352 0.114820 0.036558 0.000003 0.816267
4 4 0.057963 0.175763 0.052554 0.000004 0.713717
4 4 0.018648 0.013930 0.003690 0.000000 0.963732
4 4 0.041180 0.007849 0.003828 0.000302 0.946840
4 4 0.138536 0.124913 0.049732 0.000154 0.686666
4 4 0.150899 0.119773 0.059983 0.002666 0.666679
4 4 0.308340 0.067516 0.013548 0.000004 0.610592
4 4 0.203488 0.154254 0.051360 0.000118 0.590780
4 4 0.209084 0.032909 0.013597 0.000687 0.743723
4 1 0.387805 0.080412 0.037293 0.003273 0.491218
0 4 0.515146 0.026819 0.009894 0.000387 0.447754
0 4 0.755600 0.084314 0.035086 0.001044 0.123956
4 4 0.070790 0.074760 0.040519 0.001611 0.812320
4 4 0.064571 0.082468 0.036734 0.000235 0.815992
4 4 0.259609 0.034310 0.005895 0.000001 0.700185
0 4 0.608535 0.076618 0.009427 0.000000 0.305420
4 4 0.040342 0.374678 0.069810 0.000000 0.515171
4 4 0.010991 0.314669 0.074378 0.000000 0.599962
4 4 0.042378 0.321992 0.075368 0.000000 0.560262
4 4 0.157172 0.249090 0.044959 0.000000 0.548778
4 4 0.039406 0.335276 0.111116 0.000008 0.514195
1 4 0.018604 0.407026 0.226373 0.000033 0.347964
4 4 0.009700 0.333242 0.251237 0.000001 0.405820
1 4 0.023245 0.474894 0.222177 0.000005 0.279680
1 2 0.028372 0.519578 0.284047 0.000245 0.167758
2 2 0.017904 0.262662 0.698645 0.007411 0.013379
1 1 0.028665 0.562274 0.226148 0.000002 0.182911
2 2 0.023137 0.417054 0.513557 0.000042 0.046211
2 2 0.012928 0.140011 0.841668 0.001207 0.004187
2 2 0.026866 0.303683 0.623013 0.000721 0.045718
1 2 0.049532 0.557990 0.337697 0.000677 0.054104
2 2 0.007754 0.353278 0.579706 0.000400 0.058862
1 2 0.086406 0.577510 0.280106 0.000172 0.055806
1 2 0.203533 0.527695 0.244218 0.000100 0.024454
2 2 0.045802 0.272363 0.663014 0.004237 0.014584
2 2 0.003602 0.151070 0.833636 0.000913 0.010779
2 2 0.003728 0.096840 0.882604 0.014679 0.002149
2 2 0.002712 0.077368 0.918279 0.000667 0.000974
2 2 0.033473 0.201819 0.753967 0.005485 0.005256
2 2 0.021260 0.283404 0.645868 0.025381 0.024087
2 1 0.000614 0.038291 0.954699 0.004801 0.001595
2 1 0.023305 0.125126 0.808505 0.041984 0.001080
2 2 0.030234 0.192889 0.730188 0.035472 0.011217
2 2 0.017860 0.185418 0.754395 0.034429 0.007898
2 2 0.000300 0.032856 0.952875 0.012112 0.001857
2 2 0.000786 0.071772 0.915542 0.007641 0.004258
2 2 0.000220 0.012325 0.972189 0.015053 0.000214
2 2 0.044218 0.195046 0.742753 0.014432 0.003551
2 1 0.005212 0.030621 0.807732 0.155209 0.001224
2 2 0.000840 0.030535 0.927530 0.039836 0.001259
2 2 0.000535 0.034535 0.945558 0.017998 0.001375
2 2 0.002046 0.052358 0.926257 0.017106 0.002234
2 2 0.003214 0.066033 0.923558 0.006314 0.000880
2 2 0.000013 0.003723 0.987572 0.008641 0.000050
2 2 0.001131 0.061328 0.910047 0.023347 0.004146
2 2 0.001558 0.095725 0.892344 0.006862 0.003512
2 1 0.000758 0.043871 0.799014 0.130032 0.026325
2 2 0.003284 0.151588 0.828451 0.005851 0.010826
2 2 0.005691 0.074312 0.911787 0.006802 0.001408
2 2 0.015089 0.090175 0.758928 0.125503 0.010306
2 2 0.000801 0.032332 0.935567 0.030250 0.001050
2 2 0.000892 0.058087 0.918538 0.017855 0.004628
2 2 0.000147 0.032478 0.949817 0.010895 0.006663
2 2 0.000304 0.058671 0.930476 0.004874 0.005675
2 2 0.002008 0.026955 0.810341 0.159783 0.000912
2 2 0.000485 0.008428 0.632354 0.358210 0.000523
2 2 0.001036 0.013841 0.857108 0.127846 0.000168
2 2 0.001669 0.060348 0.869879 0.059256 0.008847
2 2 0.011038 0.102365 0.860857 0.022434 0.003306
2 2 0.000919 0.019912 0.832897 0.145005 0.001267
2 2 0.078868 0.333031 0.556006 0.001516 0.030579
2 2 0.101720 0.133681 0.746609 0.016750 0.001239
2 2 0.001683 0.012849 0.852090 0.133315 0.000063
2 2 0.000614 0.017980 0.966833 0.014411 0.000162
3 0 0.000301 0.002520 0.447798 0.549333 0.000049
2 1 0.107528 0.065236 0.593986 0.233020 0.000230
2 1 0.022999 0.335355 0.551751 0.021927 0.067969
2 2 0.014330 0.162158 0.628226 0.130183 0.065102
2 0 0.033551 0.034229 0.795063 0.136980 0.000177
3 1 0.151618 0.044233 0.400248 0.403461 0.000440
1 2 0.038795 0.452463 0.178582 0.000031 0.330128
2 2 0.033404 0.384294 0.528036 0.000244 0.054022
2 1 0.092465 0.314379 0.575898 0.002057 0.015201
0 2 0.415849 0.398195 0.156785 0.000406 0.028765
2 1 0.049024 0.187224 0.643117 0.108967 0.011669
0 2 0.397488 0.372097 0.187097 0.007424 0.035894
2 1 0.010512 0.113539 0.842427 0.028665 0.004857
2 2 0.003638 0.101063 0.890284 0.001710 0.003306
2 1 0.239704 0.195721 0.558149 0.003610 0.002816
2 1 0.065163 0.109341 0.814921 0.010391 0.000185
2 2 0.041691 0.325836 0.577637 0.021127 0.033708
2 1 0.169974 0.349762 0.443933 0.024842 0.011488
2 1 0.067762 0.201436 0.725314 0.002865 0.002623
2 1 0.006070 0.057863 0.935227 0.000354 0.000486
2 1 0.150931 0.143680 0.674172 0.029291 0.001925
1 2 0.242989 0.448429 0.269924 0.011218 0.027440
1 1 0.032627 0.505715 0.330246 0.000487 0.130925
2 1 0.024956 0.254154 0.680326 0.022712 0.017853
2 2 0.001396 0.145963 0.835967 0.002349 0.014324
2 0 0.000859 0.086339 0.901279 0.005134 0.006389
1 1 0.134731 0.535337 0.316054 0.001036 0.012842
1 1 0.032953 0.557410 0.281565 0.000095 0.127977
2 1 0.013058 0.253857 0.717265 0.000805 0.015015
2 1 0.004650 0.167911 0.790188 0.016527 0.020725
2 1 0.031155 0.319705 0.638260 0.001916 0.008964
2 1 0.045659 0.349066 0.527966 0.009013 0.068296
2 1 0.009952 0.341892 0.607682 0.005222 0.035252
2 1 0.061147 0.264523 0.633812 0.026818 0.013701
2 1 0.019876 0.108434 0.746729 0.119572 0.005389
2 1 0.017871 0.150450 0.818928 0.009936 0.002815
1 2 0.125815 0.554201 0.265690 0.000329 0.053966
1 1 0.098717 0.531826 0.312173 0.001140 0.056144
2 1 0.031206 0.270044 0.652101 0.028664 0.017984
2 1 0.031582 0.306849 0.639262 0.004499 0.017808
1 1 0.020473 0.526936 0.407917 0.000122 0.044552
2 1 0.019354 0.207963 0.762952 0.001999 0.007731
2 1 0.024739 0.255946 0.693772 0.002807 0.022737
2 1 0.011363 0.206182 0.755318 0.013819 0.013318
2 1 0.179702 0.256952 0.404319 0.047468 0.111559
1 1 0.063415 0.514559 0.361675 0.006464 0.053887
0 1 0.501327 0.290904 0.164999 0.005457 0.037313
1 1 0.085957 0.484536 0.368980 0.000232 0.060295
2 2 0.002561 0.163421 0.780445 0.012792 0.040782
2 1 0.002538 0.124937 0.831159 0.019683 0.021683
2 0 0.008255 0.078041 0.886070 0.024913 0.002721
2 0 0.006322 0.030708 0.923548 0.039314 0.000108
1 1 0.145897 0.541479 0.274959 0.000607 0.037059
2 1 0.004378 0.259982 0.657717 0.000094 0.077829
2 1 0.134168 0.244681 0.569175 0.019475 0.032500
1 1 0.172471 0.480738 0.250603 0.001487 0.094700
1 0 0.314637 0.466483 0.159321 0.000073 0.059487
0 1 0.802115 0.130997 0.056824 0.001866 0.008199
1 1 0.028408 0.541850 0.277097 0.000100 0.152544
1 1 0.215186 0.451749 0.283455 0.002353 0.047258
4 1 0.039050 0.292683 0.111937 0.000026 0.556304
1 1 0.082906 0.411875 0.214581 0.000661 0.289977
1 1 0.220843 0.505331 0.226274 0.000487 0.047064
1 1 0.057721 0.546525 0.292297 0.000444 0.103013
2 1 0.065477 0.290646 0.544331 0.041567 0.057979
2 0 0.005283 0.093209 0.721516 0.153309 0.026683
0 0 0.517590 0.310635 0.151160 0.001386 0.019229
0 0 0.881307 0.084707 0.033245 0.000140 0.000600
0 0 0.940585 0.041323 0.010941 0.000019 0.007132
0 0 0.726941 0.210637 0.057973 0.000014 0.004435
0 0 0.793427 0.153595 0.049700 0.000129 0.003149
0 0 0.982197 0.013732 0.003941 0.000029 0.000102
0 0 0.964155 0.025632 0.009205 0.000272 0.000736
0 0 0.887196 0.039110 0.011305 0.000076 0.062313
4 1 0.317913 0.098268 0.016806 0.000001 0.567012
0 1 0.658909 0.128022 0.023098 0.000003 0.189968
2 1 0.007777 0.157975 0.748137 0.043877 0.042234
1 1 0.065680 0.527721 0.274921 0.000571 0.131107
1 1 0.269383 0.448047 0.254095 0.001557 0.026919
1 1 0.077856 0.464734 0.396912 0.006904 0.053593
2 2 0.000992 0.177442 0.771632 0.000824 0.049110
2 2 0.116683 0.349431 0.486718 0.002710 0.044458
2 2 0.006287 0.193704 0.793487 0.003818 0.002703
2 2 0.051444 0.137856 0.737887 0.071836 0.000977
2 2 0.035863 0.100234 0.844992 0.017217 0.001694
2 2 0.011793 0.087489 0.878246 0.021576 0.000896
2 2 0.001689 0.145217 0.842218 0.002561 0.008315
2 2 0.000301 0.032520 0.941950 0.021300 0.003929
2 2 0.022855 0.162936 0.793557 0.014435 0.006218
2 2 0.004569 0.091658 0.886522 0.014811 0.002440
2 2 0.017131 0.052354 0.716804 0.213015 0.000696
2 2 0.003398 0.019960 0.889985 0.086607 0.000050
2 2 0.002626 0.042313 0.904189 0.050120 0.000753
2 2 0.021484 0.168146 0.788279 0.016993 0.005099
2 2 0.000066 0.003633 0.801300 0.194791 0.000210
2 2 0.000204 0.007749 0.831875 0.159816 0.000357
2 2 0.000936 0.015870 0.934354 0.048754 0.000086
2 2 0.001616 0.024127 0.862598 0.110587 0.001071
2 2 0.000369 0.009462 0.769031 0.220609 0.000530
2 2 0.002481 0.027015 0.867398 0.102695 0.000412
2 3 0.000931 0.011160 0.651139 0.336138 0.000632
2 3 0.020681 0.066541 0.554356 0.351889 0.006533
2 3 0.005429 0.098713 0.861255 0.031107 0.003497
2 3 0.004180 0.033597 0.758369 0.202798 0.001056
2 3 0.001397 0.018190 0.777371 0.202385 0.000657
2 3 0.004066 0.026444 0.514218 0.452418 0.002854
2 3 0.003908 0.036896 0.598504 0.353679 0.007013
3 3 0.034744 0.070550 0.393771 0.493120 0.007816
3 3 0.004470 0.031841 0.434733 0.520714 0.008242
3 3 0.003535 0.006455 0.210195 0.779605 0.000210
2 3 0.000125 0.001161 0.681244 0.317468 0.000002
3 3 0.000009 0.000112 0.123029 0.876845 0.000005
3 3 0.001788 0.007374 0.240694 0.749345 0.000799
3 3 0.001200 0.005127 0.266740 0.726531 0.000403
3 3 0.000742 0.001755 0.079609 0.917628 0.000266
3 3 0.000997 0.002482 0.134611 0.861732 0.000179
3 3 0.019102 0.007970 0.075966 0.896496 0.000467
3 3 0.000120 0.000374 0.163151 0.836351 0.000003
2 3 0.000607 0.009182 0.617934 0.371570 0.000707
3 3 0.000515 0.001855 0.131242 0.866207 0.000181
3 3 0.000000 0.000001 0.026010 0.973990 0.000000
3 3 0.000026 0.000102 0.116639 0.883233 0.000001
3 3 0.023741 0.020016 0.312835 0.643175 0.000233
3 3 0.000003 0.000008 0.008425 0.991563 0.000001
3 3 0.000059 0.000068 0.017253 0.982618 0.000002
3 3 0.000297 0.001158 0.153593 0.844906 0.000046
3 3 0.001038 0.000857 0.036329 0.961723 0.000053
3 3 0.001506 0.001485 0.045404 0.951462 0.000143
3 3 0.000000 0.000002 0.015867 0.984131 0.000000
3 3 0.000186 0.000228 0.058703 0.940880 0.000002
3 3 0.000000 0.000003 0.014481 0.985516 0.000000
3 3 0.000006 0.000041 0.013451 0.986469 0.000033
3 3 0.000004 0.000024 0.026297 0.973673 0.000002
3 3 0.001536 0.001995 0.054912 0.941271 0.000287
3 3 0.000076 0.000063 0.009385 0.990471 0.000004
3 3 0.000001 0.000003 0.002020 0.997972 0.000003
3 3 0.000009 0.000030 0.018089 0.981869 0.000003
3 3 0.000065 0.000152 0.035725 0.964049 0.000009
3 3 0.000000 0.000008 0.034853 0.965138 0.000001
3 3 0.002064 0.001149 0.041760 0.954993 0.000035
3 3 0.000009 0.000027 0.027408 0.972555 0.000001
3 3 0.000212 0.000306 0.030617 0.968842 0.000024
3 3 0.000262 0.000440 0.030572 0.968657 0.000069
3 3 0.000085 0.000077 0.010208 0.989624 0.000007
3 3 0.000409 0.000704 0.072748 0.926112 0.000026
3 3 0.000292 0.000477 0.032972 0.966194 0.000065
3 3 0.000035 0.000231 0.077790 0.921920 0.000024
3 3 0.009783 0.010339 0.231101 0.748577 0.000201
3 3 0.000707 0.000842 0.016452 0.981380 0.000619
3 3 0.000024 0.000042 0.003415 0.996445 0.000074
3 3 0.000041 0.000099 0.020315 0.979532 0.000014
3 3 0.000339 0.000811 0.105879 0.892945 0.000027
3 3 0.000000 0.000000 0.002821 0.997179 0.000000
3 3 0.000000 0.000000 0.009048 0.990951 0.000000
3 3 0.001800 0.003802 0.135173 0.858898 0.000327
3 3 0.000091 0.000110 0.004953 0.994722 0.000124
3 3 0.000055 0.000185 0.039773 0.959967 0.000021
3 3 0.000169 0.000537 0.035001 0.964043 0.000250
3 3 0.000545 0.000765 0.055361 0.943287 0.000041
3 3 0.001079 0.001389 0.041185 0.956094 0.000253
3 3 0.000003 0.000050 0.107051 0.892895 0.000002
3 3 0.000005 0.000051 0.039658 0.960278 0.000009
3 3 0.000899 0.001659 0.063929 0.933255 0.000258
3 3 0.000006 0.000022 0.014612 0.985358 0.000002
3 3 0.001610 0.002946 0.127687 0.867590 0.000167
3 3 0.061449 0.036205 0.153812 0.745422 0.003111
3 3 0.000065 0.000289 0.011421 0.986692 0.001534
3 3 0.000792 0.000744 0.024231 0.974108 0.000126
3 3 0.000000 0.000003 0.007249 0.992746 0.000001
3 3 0.015624 0.003765 0.020248 0.959859 0.000503
3 3 0.000069 0.000218 0.026061 0.973581 0.000070
3 3 0.000005 0.000108 0.200417 0.799467 0.000003
3 3 0.000134 0.000087 0.006037 0.993726 0.000015
3 3 0.000566 0.000687 0.015601 0.982678 0.000468
3 3 0.000002 0.000011 0.013582 0.986403 0.000002
3 3 0.000252 0.000683 0.058641 0.940329 0.000094
3 3 0.000002 0.000017 0.035323 0.964657 0.000001
3 3 0.000020 0.000169 0.114673 0.885130 0.000008
3 3 0.000022 0.000103 0.043712 0.956154 0.000009
3 3 0.000218 0.000774 0.080045 0.918865 0.000098
3 3 0.000084 0.000241 0.037362 0.962282 0.000032
3 3 0.000260 0.000824 0.070652 0.928142 0.000122
3 3 0.000008 0.000031 0.033268 0.966691 0.000001
3 3 0.000005 0.000037 0.031893 0.968060 0.000004
3 3 0.004005 0.003068 0.061031 0.931682 0.000214
3 3 0.001174 0.000882 0.039736 0.958170 0.000038
3 3 0.001650 0.005367 0.157293 0.834645 0.001046
3 3 0.005189 0.011022 0.162054 0.819671 0.002063
3 3 0.006506 0.004616 0.052272 0.935966 0.000640
3 3 0.008457 0.007553 0.089031 0.894159 0.000799
3 3 0.001477 0.005667 0.136465 0.854301 0.002090
3 3 0.006367 0.007582 0.098716 0.886265 0.001070
3 3 0.000000 0.000003 0.014974 0.985023 0.000000
3 3 0.000281 0.001236 0.137982 0.860409 0.000091
3 3 0.001079 0.000597 0.005634 0.991366 0.001324
3 0 0.007811 0.003420 0.005429 0.956984 0.026356
0 0 0.639454 0.103877 0.149326 0.056131 0.051212
0 2 0.857044 0.088863 0.014769 0.000001 0.039322
4 2 0.081287 0.106547 0.067129 0.007940 0.737097
0 1 0.503801 0.279240 0.172910 0.014236 0.029813
1 1 0.128558 0.498143 0.237980 0.000530 0.134789
0 0 0.384559 0.277736 0.218774 0.054571 0.064360
4 0 0.099786 0.213619 0.173513 0.001742 0.511340
0 1 0.421883 0.254795 0.091960 0.000112 0.231250
4 1 0.007638 0.319745 0.233969 0.000487 0.438161
4 1 0.049148 0.209219 0.231359 0.003019 0.507255
4 1 0.034876 0.360571 0.162800 0.000042 0.441711
4 1 0.034468 0.247037 0.125766 0.000257 0.592472
1 1 0.363132 0.434077 0.137509 0.000053 0.065229
0 1 0.824160 0.129415 0.039912 0.000213 0.006299
1 1 0.007139 0.520528 0.376254 0.000211 0.095869
1 1 0.036253 0.538335 0.370398 0.000538 0.054476
2 1 0.014957 0.264995 0.636622 0.010862 0.072564
2 1 0.044084 0.229909 0.400092 0.049237 0.276677
1 1 0.038373 0.473646 0.242540 0.000363 0.245079
2 1 0.041313 0.363754 0.577842 0.000733 0.016357
1 2 0.055894 0.556888 0.340424 0.000824 0.045969
1 2 0.009556 0.496265 0.409134 0.001498 0.083547
4 2 0.053182 0.333857 0.265863 0.012606 0.334492
2 2 0.001187 0.045342 0.832145 0.111694 0.009632
1 2 0.040833 0.525987 0.392889 0.003601 0.036690
1 1 0.085177 0.489768 0.338082 0.000096 0.086878
1 1 0.066614 0.507167 0.399704 0.000722 0.025793
1 1 0.035846 0.528932 0.259840 0.000103 0.175279
1 1 0.068114 0.515807 0.255520 0.000444 0.160115
1 1 0.140488 0.496273 0.246712 0.001180 0.115347
2 1 0.017039 0.097165 0.598940 0.254558 0.032297
2 1 0.045580 0.339353 0.547535 0.004376 0.063155
2 1 0.018946 0.147974 0.741682 0.081621 0.009777
2 1 0.018201 0.220234 0.750482 0.001203 0.009880
2 1 0.012793 0.073741 0.568100 0.335939 0.009427
2 1 0.003677 0.112088 0.867813 0.010574 0.005848
2 1 0.002791 0.147536 0.810527 0.001323 0.037823
1 1 0.023847 0.539794 0.370315 0.000591 0.065453
2 1 0.011993 0.132465 0.831290 0.022429 0.001822
1 1 0.202843 0.499094 0.257439 0.001661 0.038963
2 1 0.015753 0.127950 0.745035 0.101495 0.009767
2 1 0.000709 0.061248 0.923674 0.010325 0.004044
2 1 0.007559 0.177242 0.799804 0.004449 0.010946
2 2 0.021336 0.313993 0.597987 0.002200 0.064483
2 1 0.001863 0.082186 0.902523 0.009155 0.004273
2 1 0.003547 0.152100 0.820995 0.011215 0.012144
2 1 0.000808 0.079679 0.906481 0.007196 0.005837
2 1 0.004062 0.135261 0.835299 0.014581 0.010796
1 1 0.041070 0.506402 0.348353 0.004007 0.100168
1 1 0.381957 0.405231 0.189895 0.001680 0.021236
1 1 0.063575 0.515836 0.385339 0.006949 0.028301
2 1 0.016768 0.426454 0.516729 0.002445 0.037605
2 1 0.003371 0.085770 0.867937 0.025973 0.016949
0 1 0.575673 0.151966 0.110816 0.145210 0.016336
1 1 0.366838 0.416739 0.184511 0.001118 0.030795
1 1 0.127198 0.533475 0.292811 0.001186 0.045330
1 1 0.123310 0.548341 0.271498 0.000477 0.056373
1 1 0.182935 0.509988 0.254048 0.001162 0.051867
2 1 0.036780 0.365346 0.473559 0.006093 0.118222
2 1 0.100249 0.319617 0.424168 0.041450 0.114517
2 1 0.090762 0.391653 0.444083 0.002798 0.070704
2 1 0.004313 0.210295 0.689466 0.017443 0.078482
0 1 0.643241 0.235547 0.119112 0.000760 0.001339
2 1 0.345867 0.220560 0.429585 0.002350 0.001639
1 1 0.048676 0.552130 0.356088 0.001058 0.042047
1 1 0.214616 0.496043 0.233410 0.000945 0.054985
2 1 0.079643 0.214770 0.505042 0.165536 0.035010
2 1 0.082119 0.147013 0.737918 0.021716 0.011235
1 1 0.080111 0.551023 0.344933 0.001149 0.022784
1 0 0.239548 0.477516 0.249114 0.001495 0.032327
1 1 0.279284 0.501611 0.211943 0.000073 0.007090
1 1 0.256404 0.491471 0.213408 0.000270 0.038448
2 2 0.004757 0.132055 0.817039 0.017889 0.028259
2 2 0.007195 0.154695 0.764610 0.046903 0.026598
2 2 0.038589 0.257905 0.678454 0.007318 0.017735
2 2 0.066840 0.196500 0.643756 0.079935 0.012969
2 4 0.006726 0.213980 0.742452 0.001847 0.034995
2 4 0.006596 0.246441 0.652780 0.000642 0.093540
4 4 0.058647 0.111608 0.030722 0.000001 0.799022
4 4 0.031187 0.068262 0.019489 0.000001 0.881061
4 4 0.108122 0.032086 0.010736 0.000053 0.849003
4 4 0.090656 0.004991 0.001078 0.000001 0.903274
4 4 0.263970 0.077836 0.034968 0.001172 0.622055
4 4 0.136168 0.090287 0.032727 0.000103 0.740716
4 4 0.143501 0.159235 0.067565 0.000646 0.629053
4 4 0.100914 0.094644 0.043963 0.000787 0.759691
4 4 0.049881 0.115017 0.059420 0.000538 0.775143
4 4 0.070745 0.055817 0.027351 0.000670 0.845416
4 4 0.132749 0.023044 0.007955 0.000109 0.836144
4 4 0.146713 0.039454 0.020532 0.004746 0.788554
4 4 0.147044 0.019829 0.006962 0.000141 0.826023
4 4 0.108659 0.009148 0.002625 0.000016 0.879552
4 4 0.246362 0.026286 0.009254 0.000196 0.717901
4 4 0.058182 0.059596 0.034620 0.002104 0.845499
0 4 0.457946 0.061874 0.022251 0.000438 0.457492
4 4 0.053107 0.025440 0.014711 0.001238 0.905504
4 4 0.103931 0.018807 0.010097 0.003530 0.863635
4 4 0.048137 0.115346 0.055800 0.000280 0.780437
4 4 0.039244 0.027166 0.009247 0.000010 0.924333
4 4 0.030786 0.011762 0.007411 0.001619 0.948423
4 4 0.123416 0.017512 0.006698 0.000243 0.852131
4 4 0.277731 0.045818 0.017108 0.000464 0.658878
4 4 0.061947 0.004445 0.002293 0.000789 0.930526
4 4 0.374446 0.109489 0.030590 0.000083 0.485393
4 4 0.007346 0.007484 0.002922 0.000002 0.982246
4 4 0.126869 0.023927 0.011056 0.001319 0.836829
2 4 0.001226 0.220156 0.540663 0.000003 0.237952
4 4 0.014544 0.084951 0.088551 0.000103 0.811852
4 4 0.028162 0.050082 0.140458 0.013148 0.768150
4 4 0.099767 0.013705 0.006199 0.000744 0.879586
4 4 0.094245 0.006657 0.001890 0.000012 0.897197
4 4 0.091130 0.007993 0.002768 0.000063 0.898046
4 4 0.029526 0.030479 0.011206 0.000011 0.928778
4 4 0.028512 0.323983 0.076999 0.000000 0.570506
4 4 0.112220 0.333331 0.087198 0.000007 0.467244
4 4 0.058317 0.096450 0.034108 0.000025 0.811100
4 2 0.074363 0.020930 0.004993 0.000001 0.899712
4 2 0.042054 0.019845 0.004654 0.000000 0.933447
1 2 0.056076 0.455081 0.128918 0.000002 0.359923
1 2 0.197723 0.456024 0.108764 0.000002 0.237488
1 2 0.051899 0.631985 0.192235 0.000001 0.123880
1 2 0.019790 0.517157 0.218663 0.000011 0.244380
2 2 0.003964 0.324775 0.389180 0.000008 0.282074
2 2 0.007746 0.276724 0.614970 0.000057 0.100503
2 2 0.001097 0.312296 0.466252 0.000007 0.220348
2 2 0.004404 0.270711 0.661149 0.000039 0.063697
2 2 0.004774 0.407728 0.419935 0.001508 0.166055
2 2 0.000234 0.063028 0.929663 0.002414 0.004662
1 2 0.052303 0.523092 0.346455 0.000204 0.077946
1 2 0.120179 0.424015 0.399417 0.000181 0.056208
2 2 0.000316 0.070840 0.918729 0.001395 0.008719
2 2 0.002101 0.158998 0.828756 0.000631 0.009514
2 2 0.000710 0.057630 0.910327 0.021973 0.009360
2 2 0.000815 0.023381 0.974996 0.000574 0.000235
2 2 0.001016 0.106523 0.881289 0.000270 0.010902
2 2 0.000639 0.097916 0.895387 0.000163 0.005896
2 2 0.001251 0.031946 0.964704 0.001514 0.000585
2 2 0.000026 0.008771 0.990687 0.000319 0.000196
2 2 0.000498 0.085696 0.909491 0.000698 0.003617
2 2 0.000129 0.042428 0.950208 0.000641 0.006594
4 2 0.050313 0.221842 0.133433 0.000721 0.593691
2 2 0.000220 0.065315 0.931661 0.000458 0.002346
1 2 0.064114 0.448497 0.431250 0.000046 0.056093
2 2 0.007038 0.207195 0.770447 0.000157 0.015163
2 2 0.001005 0.048755 0.948612 0.001231 0.000397
2 2 0.001468 0.063498 0.934577 0.000147 0.000310
1 2 0.156972 0.507249 0.319878 0.000159 0.015743
1 2 0.048368 0.539424 0.294207 0.000009 0.117992
1 2 0.031164 0.503094 0.446136 0.000644 0.018962
2 2 0.011801 0.353719 0.595232 0.000493 0.038755
2 2 0.000315 0.052430 0.944370 0.000401 0.002484
1 2 0.109575 0.527372 0.296103 0.000972 0.065978
2 2 0.012947 0.162300 0.686235 0.104891 0.033626
2 2 0.004108 0.328425 0.585780 0.001122 0.080565
1 0 0.079761 0.555934 0.246347 0.000117 0.117840
0 2 0.920594 0.063248 0.014010 0.000010 0.002138
1 0 0.270966 0.300929 0.158346 0.003359 0.266400
1 1 0.046650 0.510376 0.261959 0.000357 0.180657
1 1 0.006092 0.486213 0.399570 0.000790 0.107335
1 1 0.003424 0.469799 0.384200 0.000338 0.142239
1 1 0.029692 0.521317 0.410049 0.000358 0.038585
1 1 0.094136 0.538125 0.314819 0.001654 0.051266
1 1 0.058881 0.561721 0.267449 0.000133 0.111816
1 1 0.364931 0.383719 0.158549 0.000368 0.092432
1 1 0.014981 0.539521 0.373539 0.000397 0.071562
2 1 0.014979 0.380753 0.585616 0.002918 0.015735
2 2 0.030855 0.424282 0.480531 0.001866 0.062466
1 0 0.010729 0.527591 0.385399 0.000410 0.075871
1 1 0.013738 0.439601 0.433216 0.000473 0.112972
1 1 0.066727 0.566178 0.275563 0.000177 0.091355
1 1 0.076806 0.550928 0.258303 0.000199 0.113764
0 1 0.488600 0.367599 0.134084 0.000102 0.009615
1 1 0.083242 0.554980 0.313276 0.000780 0.047721
1 1 0.197117 0.475968 0.256424 0.003341 0.067150
1 1 0.229044 0.462462 0.285062 0.000583 0.022849
1 2 0.023071 0.445306 0.229536 0.000197 0.301890
1 1 0.157807 0.418914 0.202480 0.000105 0.220693
1 1 0.037562 0.486957 0.437688 0.000157 0.037635
1 0 0.369776 0.381399 0.198146 0.002198 0.048480
0 0 0.715806 0.191127 0.081655 0.003416 0.007995
0 1 0.852049 0.053758 0.012634 0.000017 0.081541
1 2 0.249626 0.384044 0.104300 0.000018 0.262011
1 2 0.058240 0.397621 0.205049 0.000746 0.338345
1 2 0.245212 0.421420 0.162291 0.000123 0.170954
2 2 0.002791 0.103511 0.873365 0.001186 0.019148
2 2 0.000814 0.141561 0.838256 0.002535 0.016833
1 2 0.120873 0.468675 0.401088 0.000191 0.009173
2 2 0.026275 0.333369 0.630188 0.000484 0.009684
2 2 0.017839 0.411891 0.541632 0.002031 0.026608
2 2 0.014130 0.344789 0.629075 0.000168 0.011839
2 2 0.001288 0.173439 0.788065 0.003118 0.034090
2 2 0.007043 0.164419 0.815394 0.003181 0.009962
2 2 0.003480 0.110042 0.869828 0.011694 0.004957
1 2 0.043403 0.479988 0.441451 0.000267 0.034892
2 2 0.004874 0.106380 0.863147 0.021817 0.003782
2 2 0.000580 0.051888 0.930733 0.012680 0.004118
2 1 0.019572 0.283685 0.685737 0.003138 0.007869
2 1 0.013396 0.291983 0.608218 0.022423 0.063980
2 1 0.000837 0.083093 0.911257 0.000608 0.004205
2 2 0.002582 0.248930 0.720157 0.002374 0.025957
2 2 0.018454 0.306997 0.650189 0.009283 0.015076
2 2 0.010322 0.309556 0.651731 0.000708 0.027683
2 2 0.073186 0.275411 0.637662 0.000343 0.013397
2 2 0.041276 0.438888 0.461324 0.001262 0.057249
2 2 0.000312 0.017802 0.969945 0.011808 0.000133
2 2 0.001858 0.051481 0.921948 0.023586 0.001127
2 2 0.002920 0.310771 0.640269 0.001734 0.044306
2 1 0.007194 0.298744 0.641404 0.001883 0.050776
2 1 0.064200 0.453555 0.457711 0.000254 0.024279
2 2 0.043922 0.336880 0.581237 0.002434 0.035528
2 2 0.000211 0.028193 0.970371 0.000660 0.000566
2 2 0.003019 0.128704 0.853849 0.003510 0.010918
1 2 0.039230 0.488124 0.359248 0.005692 0.107706
1 2 0.219270 0.415247 0.339899 0.005681 0.019903
2 2 0.042373 0.373685 0.525748 0.006616 0.051577
2 2 0.014165 0.263195 0.706646 0.001966 0.014029
2 2 0.004043 0.288315 0.597744 0.005432 0.104465
2 2 0.021409 0.302234 0.644641 0.007768 0.023949
2 1 0.007064 0.197867 0.786640 0.004948 0.003480
2 2 0.003211 0.181793 0.808077 0.000752 0.006167
2 2 0.000478 0.042555 0.943394 0.010679 0.002894
2 2 0.010835 0.162294 0.803357 0.019130 0.004384
2 0 0.065904 0.188431 0.720983 0.005651 0.019031
0 0 0.662722 0.063505 0.015686 0.000028 0.258059
1 1 0.242253 0.476484 0.201793 0.000318 0.079151
1 0 0.043597 0.512890 0.374268 0.000281 0.068965
4 1 0.266360 0.273573 0.146266 0.000446 0.313355
1 0 0.123833 0.381819 0.141681 0.000028 0.352640
4 1 0.254983 0.225639 0.139472 0.009472 0.370434
0 1 0.772311 0.111850 0.044773 0.000906 0.070160
1 1 0.283786 0.454095 0.166985 0.000215 0.094919
1 1 0.167244 0.511439 0.246505 0.000938 0.073873
0 1 0.890838 0.083804 0.017304 0.000007 0.008046
4 1 0.144734 0.308917 0.075505 0.000002 0.470841
1 1 0.007308 0.449742 0.331224 0.000732 0.210993
1 1 0.014103 0.366167 0.352891 0.004684 0.262154
1 1 0.094029 0.475601 0.352240 0.000307 0.077823
1 1 0.062192 0.578489 0.242730 0.000037 0.116552
1 1 0.024794 0.533430 0.354768 0.000824 0.086184
2 1 0.002108 0.302995 0.661415 0.000376 0.033106
1 1 0.333677 0.354175 0.125815 0.000321 0.186013
1 1 0.023060 0.479665 0.225489 0.000027 0.271758
2 1 0.006015 0.344738 0.477934 0.003259 0.168053
2 1 0.005258 0.269906 0.675318 0.002356 0.047162
1 1 0.102994 0.501696 0.273556 0.000864 0.120889
1 1 0.074820 0.534189 0.270338 0.000484 0.120169
0 4 0.505488 0.325840 0.158126 0.002003 0.008543
1 1 0.169607 0.411833 0.240846 0.004427 0.173287
2 1 0.040989 0.375985 0.537968 0.013761 0.031296
1 1 0.129996 0.495838 0.272343 0.003300 0.098522
1 1 0.276373 0.442955 0.153261 0.000144 0.127265
4 1 0.052472 0.360360 0.102389 0.000003 0.484775
2 1 0.027629 0.247807 0.590397 0.076233 0.057935
1 1 0.344774 0.404949 0.194101 0.001683 0.054493
2 1 0.063763 0.388403 0.531252 0.006644 0.009939
3 1 0.008354 0.008151 0.053337 0.926520 0.003638
0 1 0.486789 0.331927 0.104017 0.000159 0.077109
0 1 0.449633 0.369266 0.149508 0.000784 0.030809
1 1 0.280083 0.450286 0.176870 0.000358 0.092403
0 1 0.574990 0.283301 0.103891 0.000736 0.037083
1 1 0.066312 0.409377 0.157505 0.000088 0.366718
0 1 0.819185 0.132817 0.040898 0.000214 0.006885
2 1 0.015829 0.405598 0.527809 0.000992 0.049772
2 1 0.093581 0.353403 0.538681 0.002512 0.011823
2 0 0.040741 0.343392 0.593283 0.011394 0.011190
0 0 0.659852 0.149978 0.180183 0.001223 0.008764
0 1 0.617496 0.276973 0.067050 0.000004 0.038477
1 1 0.279246 0.479314 0.152581 0.000026 0.088834
1 1 0.128097 0.543637 0.268189 0.000287 0.059790
1 1 0.105201 0.452648 0.169668 0.000036 0.272447
1 1 0.152006 0.587766 0.209454 0.000016 0.050758
2 1 0.013273 0.188487 0.770538 0.020811 0.006891
2 1 0.042580 0.240101 0.428211 0.072383 0.216726
1 1 0.020084 0.477548 0.383161 0.001475 0.117732
1 1 0.087595 0.434419 0.233772 0.000775 0.243439
4 1 0.073132 0.298343 0.181008 0.004353 0.443164
1 1 0.091272 0.523126 0.203627 0.000062 0.181913
1 1 0.004531 0.464808 0.305092 0.000083 0.225486
0 1 0.708634 0.195700 0.073144 0.001256 0.021267
1 1 0.087951 0.537031 0.334387 0.002203 0.038428
0 1 0.503772 0.332680 0.148209 0.001602 0.013737
1 1 0.145621 0.503548 0.236468 0.000825 0.113538
2 2 0.004863 0.142796 0.827185 0.016651 0.008505
2 2 0.041097 0.431886 0.447351 0.007947 0.071718
2 2 0.004623 0.086010 0.847085 0.056660 0.005622
2 2 0.016782 0.216739 0.736404 0.007294 0.022781
1 2 0.064862 0.481587 0.399833 0.004729 0.048988
1 2 0.040948 0.525886 0.384264 0.003036 0.045865
2 2 0.013806 0.213544 0.758685 0.006939 0.007026
2 2 0.024194 0.276042 0.642531 0.000732 0.056501
2 2 0.005387 0.124384 0.844273 0.020463 0.005493
2 2 0.029024 0.258798 0.686892 0.011531 0.013754
2 2 0.038584 0.419495 0.523895 0.005593 0.012433
2 2 0.026311 0.388630 0.571006 0.000062 0.013991
1 2 0.208786 0.517932 0.216131 0.000231 0.056921
2 2 0.061664 0.444204 0.456215 0.001221 0.036696
2 1 0.031924 0.058164 0.494376 0.378381 0.037154
2 2 0.022762 0.077087 0.721253 0.158190 0.020709
1 2 0.356777 0.425063 0.195515 0.001114 0.021532
0 2 0.487889 0.174832 0.252996 0.082573 0.001710
0 1 0.876995 0.074598 0.035741 0.005383 0.007283
0 2 0.947347 0.035915 0.013180 0.000420 0.003138
0 2 0.910604 0.058252 0.027153 0.002434 0.001557
0 2 0.910058 0.053096 0.028795 0.007486 0.000565
2 1 0.101744 0.119867 0.421171 0.342701 0.014517
2 2 0.144479 0.160327 0.361524 0.318290 0.015380
0 2 0.786247 0.154753 0.045809 0.000174 0.013017
0 2 0.927229 0.055100 0.012155 0.000010 0.005507
0 2 0.676863 0.067352 0.106291 0.143533 0.005961
3 2 0.076930 0.017617 0.019844 0.873583 0.012026
2 2 0.175278 0.024882 0.551242 0.248444 0.000154
0 2 0.903272 0.040460 0.048640 0.007187 0.000441
0 2 0.406003 0.062116 0.348838 0.180046 0.002997
0 2 0.508861 0.042116 0.303843 0.145043 0.000137
0 2 0.830924 0.090740 0.075079 0.002814 0.000442
0 2 0.723046 0.171432 0.092632 0.005337 0.007553
2 2 0.154217 0.113001 0.679553 0.050039 0.003190
2 2 0.128660 0.115073 0.531263 0.214592 0.010412
0 2 0.857128 0.060271 0.034744 0.022107 0.025750
0 2 0.587376 0.222551 0.182672 0.002800 0.004600
0 2 0.655776 0.174410 0.103879 0.013402 0.052532
0 2 0.789215 0.147939 0.056877 0.001287 0.004681
2 2 0.004832 0.045874 0.771438 0.175276 0.002580
0 2 0.342540 0.154561 0.168654 0.012315 0.321930
1 2 0.146370 0.428568 0.385230 0.002756 0.037076
0 2 0.745865 0.141808 0.107309 0.002808 0.002209
0 2 0.864494 0.091477 0.040559 0.002834 0.000635
0 2 0.662760 0.224716 0.093709 0.003110 0.015705
0 2 0.746621 0.094070 0.054495 0.029728 0.075086
0 0 0.883329 0.072110 0.033305 0.003956 0.007301
0 0 0.825196 0.125014 0.045824 0.000797 0.003169
0 0 0.909597 0.060571 0.026695 0.002227 0.000910
0 0 0.961156 0.009991 0.002572 0.000014 0.026267
0 0 0.938757 0.038391 0.018033 0.003007 0.001812
0 1 0.695758 0.116216 0.069027 0.013716 0.105282
0 1 0.665960 0.156957 0.071255 0.003886 0.101942
0 1 0.370873 0.109157 0.243130 0.261787 0.015052
0 1 0.708581 0.124183 0.071745 0.033015 0.062476
2 1 0.077159 0.077723 0.360769 0.246805 0.237543
2 1 0.011776 0.072001 0.468258 0.269575 0.178390
2 1 0.109184 0.317137 0.434560 0.021917 0.117202
2 2 0.134597 0.378649 0.430487 0.030444 0.025823
2 1 0.009609 0.145938 0.747303 0.072787 0.024363
1 0 0.239507 0.367680 0.355415 0.025289 0.012109
0 1 0.605048 0.188577 0.108449 0.010035 0.087892
0 1 0.418221 0.292140 0.140764 0.003593 0.145281
