0 0 0.999265 0.000217 0.000067 0.000000 0.000452
0 0 0.999968 0.000020 0.000004 0.000000 0.000008
0 0 0.990032 0.003488 0.001412 0.000025 0.005042
0 0 0.960986 0.007847 0.003824 0.000240 0.027103
0 0 0.813881 0.010550 0.002778 0.000008 0.172783
0 0 0.701809 0.026188 0.005824 0.000012 0.266166
4 0 0.153137 0.011138 0.003020 0.000019 0.832686
0 0 0.670052 0.005497 0.001173 0.000001 0.323277
0 0 0.993725 0.002760 0.000896 0.000005 0.002614
0 0 0.831415 0.071901 0.027546 0.000076 0.069062
0 0 0.999824 0.000101 0.000041 0.000000 0.000035
0 0 0.998865 0.000707 0.000282 0.000003 0.000144
0 0 0.999950 0.000026 0.000010 0.000000 0.000014
0 0 0.999210 0.000622 0.000121 0.000000 0.000047
0 0 0.998017 0.001281 0.000628 0.000003 0.000071
0 0 0.993132 0.004305 0.002169 0.000215 0.000180
0 0 0.994901 0.003557 0.001084 0.000006 0.000452
0 0 0.999021 0.000537 0.000194 0.000001 0.000247
0 0 0.742278 0.011345 0.001370 0.000000 0.245008
0 0 0.696091 0.010174 0.002040 0.000001 0.291694
0 0 0.891428 0.016454 0.002709 0.000001 0.089408
0 0 0.848298 0.012514 0.004135 0.000041 0.135012
0 0 0.977331 0.009470 0.006071 0.000079 0.007049
0 0 0.675195 0.039935 0.066360 0.003517 0.214994
0 0 0.903032 0.036453 0.013620 0.000571 0.046325
0 0 0.933671 0.040715 0.011022 0.000109 0.014482
4 0 0.232743 0.021146 0.005744 0.000045 0.740322
0 0 0.584454 0.018982 0.035389 0.000446 0.360730
0 0 0.559167 0.038240 0.006836 0.000004 0.395753
0 0 0.548831 0.078473 0.012007 0.000001 0.360687
0 0 0.897681 0.021160 0.004333 0.000005 0.076821
0 0 0.966215 0.009166 0.001391 0.000000 0.023227
0 0 0.997986 0.001131 0.000224 0.000000 0.000658
0 0 0.985933 0.003247 0.000806 0.000000 0.010014
0 0 0.871939 0.021765 0.004559 0.000006 0.101732
4 0 0.173382 0.034570 0.008028 0.000040 0.783981
0 0 0.551581 0.043474 0.009030 0.000020 0.395895
0 0 0.497509 0.013415 0.002970 0.000004 0.486102
0 0 0.990934 0.003726 0.001143 0.000005 0.004192
4 0 0.400310 0.099047 0.019821 0.000000 0.480822
0 0 0.944777 0.022603 0.005260 0.000002 0.027358
0 0 0.999833 0.000071 0.000017 0.000000 0.000079
0 0 0.995529 0.001158 0.000515 0.000008 0.002791
0 0 0.990567 0.002436 0.000793 0.000004 0.006201
0 0 0.998850 0.000833 0.000239 0.000000 0.000078
0 0 0.993889 0.001441 0.000340 0.000000 0.004330
0 0 0.995472 0.002794 0.000925 0.000006 0.000803
0 0 0.972229 0.020069 0.004634 0.000016 0.003052
0 0 0.990520 0.000923 0.000234 0.000000 0.008324
0 0 0.942083 0.002446 0.000443 0.000000 0.055028
0 0 0.967400 0.014585 0.004213 0.000029 0.013772
0 0 0.983102 0.005857 0.002048 0.000022 0.008970
0 0 0.997366 0.001668 0.000393 0.000000 0.000573
0 0 0.778770 0.010739 0.002615 0.000005 0.207872
1 0 0.349301 0.355823 0.070286 0.000002 0.224588
0 0 0.950451 0.022491 0.004803 0.000003 0.022253
4 4 0.097054 0.185997 0.171002 0.000024 0.545924
0 4 0.705604 0.117864 0.022662 0.000014 0.153855
0 4 0.368138 0.168786 0.178223 0.000139 0.284713
4 4 0.405531 0.100013 0.025324 0.000003 0.469128
4 4 0.033383 0.153636 0.191400 0.000088 0.621493
0 4 0.360935 0.101745 0.311122 0.004740 0.221458
4 4 0.060265 0.164998 0.077193 0.000025 0.697518
0 4 0.751096 0.065487 0.057942 0.000014 0.125462
4 4 0.142513 0.035574 0.005823 0.000002 0.816088
4 4 0.301505 0.062674 0.040006 0.000401 0.595414
0 4 0.968143 0.015107 0.002456 0.000001 0.014293
1 4 0.240921 0.509269 0.110298 0.000007 0.139505
4 4 0.066411 0.277128 0.153677 0.000004 0.502780
0 4 0.484589 0.145098 0.133513 0.000411 0.236389
0 4 0.859840 0.021599 0.003941 0.000001 0.114618
4 4 0.249564 0.172424 0.036768 0.000004 0.541240
0 4 0.731788 0.048504 0.009426 0.000015 0.210266
4 4 0.361033 0.087398 0.014844 0.000010 0.536714
4 4 0.171233 0.192747 0.038527 0.000001 0.597493
4 4 0.164222 0.072450 0.012121 0.000001 0.751207
4 4 0.019111 0.077015 0.150823 0.000053 0.752997
0 4 0.724736 0.049816 0.024626 0.000058 0.200764
4 4 0.092774 0.035316 0.005694 0.000000 0.866216
0 4 0.443969 0.096621 0.017888 0.000003 0.441519
4 4 0.313543 0.097772 0.086821 0.000060 0.501803
4 4 0.228783 0.147454 0.030289 0.000013 0.593461
0 4 0.859049 0.032173 0.005507 0.000004 0.103267
4 4 0.096797 0.069032 0.019333 0.000022 0.814815
4 4 0.055086 0.049198 0.015562 0.000000 0.880153
4 4 0.116554 0.053046 0.009464 0.000001 0.820935
4 4 0.064557 0.124555 0.152717 0.000062 0.658109
0 4 0.604958 0.076159 0.014245 0.000001 0.304637
0 4 0.977107 0.013546 0.002787 0.000002 0.006558
0 4 0.910124 0.021053 0.003976 0.000001 0.064846
4 4 0.086072 0.009516 0.001905 0.000002 0.902505
4 4 0.060250 0.015865 0.002982 0.000002 0.920900
4 4 0.218703 0.186636 0.210151 0.000048 0.384463
4 4 0.269574 0.184549 0.043388 0.000037 0.502451
4 4 0.010044 0.173113 0.405905 0.000038 0.410900
2 4 0.163466 0.300955 0.326134 0.000019 0.209426
2 4 0.004424 0.244500 0.485252 0.000024 0.265799
4 4 0.019864 0.150610 0.165260 0.000027 0.664238
2 4 0.003048 0.063549 0.927300 0.001197 0.004905
2 2 0.010037 0.045865 0.928127 0.000238 0.015732
2 2 0.001969 0.064579 0.896220 0.000145 0.037087
4 2 0.061732 0.278462 0.312590 0.000044 0.347173
2 2 0.000538 0.020410 0.973291 0.001028 0.004732
2 2 0.000086 0.002002 0.994865 0.002980 0.000068
2 2 0.011656 0.062790 0.924304 0.000078 0.001172
2 2 0.001063 0.014498 0.983788 0.000497 0.000154
2 2 0.000205 0.002096 0.997131 0.000564 0.000005
2 2 0.000128 0.009627 0.978670 0.009403 0.002171
2 2 0.000635 0.004072 0.987508 0.007676 0.000108
2 2 0.000169 0.001148 0.996957 0.001723 0.000003
2 2 0.000951 0.008659 0.955590 0.032197 0.002602
2 2 0.000040 0.004081 0.958416 0.037265 0.000198
2 2 0.003575 0.005984 0.962731 0.027666 0.000044
2 2 0.016247 0.047291 0.895858 0.036066 0.004539
2 2 0.000033 0.000423 0.865350 0.134181 0.000013
2 2 0.002714 0.010312 0.971868 0.014969 0.000137
2 3 0.000005 0.000539 0.928814 0.070638 0.000005
2 3 0.000000 0.000521 0.898552 0.100914 0.000013
2 3 0.000034 0.000508 0.937467 0.061987 0.000005
2 3 0.000385 0.004364 0.979663 0.015497 0.000090
2 3 0.000161 0.001254 0.878129 0.120442 0.000014
2 3 0.000047 0.000818 0.661525 0.337603 0.000007
2 3 0.000086 0.002190 0.871667 0.126016 0.000042
3 3 0.000251 0.002132 0.294965 0.702586 0.000066
2 3 0.000275 0.003724 0.835277 0.160703 0.000021
2 3 0.000072 0.001458 0.910068 0.088393 0.000009
2 3 0.000044 0.000837 0.875839 0.123276 0.000005
2 3 0.000002 0.000198 0.569694 0.430104 0.000001
2 3 0.000028 0.001080 0.758389 0.240496 0.000006
2 3 0.000165 0.003601 0.868198 0.127968 0.000067
2 3 0.000056 0.002396 0.729150 0.268363 0.000035
2 3 0.000034 0.000442 0.714006 0.285514 0.000004
3 3 0.000000 0.000003 0.034331 0.965666 0.000000
3 3 0.000006 0.000144 0.176615 0.823233 0.000002
2 3 0.000102 0.003650 0.861404 0.134812 0.000031
3 3 0.000677 0.001561 0.097413 0.900289 0.000061
2 3 0.001768 0.014308 0.943911 0.039737 0.000275
2 3 0.001543 0.027799 0.920726 0.047161 0.002771
2 3 0.000000 0.000058 0.850689 0.149253 0.000000
2 3 0.000007 0.000163 0.824159 0.175665 0.000005
2 3 0.000031 0.001916 0.810318 0.187710 0.000026
2 3 0.000834 0.012420 0.779731 0.206151 0.000864
2 3 0.000046 0.000617 0.666204 0.333128 0.000005
3 3 0.001535 0.000743 0.114960 0.882749 0.000012
3 3 0.008540 0.002754 0.440751 0.547930 0.000025
2 3 0.017732 0.051682 0.679838 0.249620 0.001128
2 3 0.000001 0.000212 0.825583 0.174203 0.000001
3 3 0.000911 0.002071 0.176708 0.820281 0.000029
3 3 0.000025 0.000745 0.180183 0.819001 0.000047
3 3 0.019329 0.014672 0.260178 0.703335 0.002486
2 3 0.005650 0.142053 0.817184 0.014695 0.020418
2 2 0.083072 0.094372 0.639366 0.168037 0.015153
2 2 0.031738 0.214210 0.656050 0.028125 0.069877
4 2 0.039448 0.080161 0.217519 0.010158 0.652714
4 2 0.018810 0.162385 0.196445 0.000566 0.621793
4 2 0.070762 0.190844 0.121955 0.000340 0.616099
2 2 0.090321 0.267031 0.395348 0.000380 0.246920
2 2 0.114490 0.175844 0.685613 0.000111 0.023942
2 2 0.058415 0.224105 0.697371 0.000009 0.020099
2 2 0.089357 0.161196 0.734432 0.000117 0.014898
2 2 0.057710 0.229313 0.668529 0.000552 0.043896
2 2 0.129709 0.352647 0.429458 0.000124 0.088063
2 2 0.007167 0.163122 0.803819 0.000311 0.025580
2 2 0.055864 0.107836 0.827730 0.002746 0.005825
2 2 0.001267 0.082006 0.906580 0.001212 0.008935
2 2 0.067077 0.301309 0.533112 0.008939 0.089563
2 2 0.001352 0.015978 0.980461 0.001661 0.000548
2 2 0.028937 0.098300 0.870603 0.000036 0.002123
2 2 0.003348 0.123231 0.869527 0.000105 0.003790
2 2 0.003008 0.039080 0.954722 0.000026 0.003164
2 2 0.001927 0.032454 0.962103 0.000207 0.003309
2 2 0.050340 0.158904 0.754860 0.000629 0.035267
2 2 0.005669 0.009016 0.931008 0.054187 0.000120
2 2 0.005872 0.027205 0.848642 0.117198 0.001084
2 2 0.026028 0.151781 0.782914 0.000224 0.039053
2 2 0.008296 0.094989 0.876586 0.002584 0.017546
2 2 0.022705 0.066015 0.902206 0.003666 0.005409
2 2 0.029041 0.072817 0.895673 0.000394 0.002076
2 2 0.000343 0.015758 0.979420 0.004186 0.000293
2 2 0.001872 0.026935 0.962723 0.006865 0.001605
2 2 0.060466 0.285940 0.543399 0.000128 0.110066
2 2 0.003689 0.101802 0.884348 0.000382 0.009778
2 2 0.010229 0.017690 0.969161 0.000997 0.001923
2 2 0.088571 0.179380 0.708689 0.000039 0.023320
2 2 0.112032 0.048539 0.827654 0.005084 0.006691
2 2 0.141234 0.048678 0.808122 0.000041 0.001925
2 2 0.004883 0.015785 0.977518 0.000938 0.000876
2 2 0.089445 0.112906 0.762018 0.000168 0.035464
2 2 0.418213 0.098993 0.470250 0.001666 0.010878
2 2 0.000748 0.008552 0.984626 0.005567 0.000508
2 2 0.008614 0.035570 0.949443 0.005436 0.000936
2 2 0.000670 0.014589 0.978628 0.005417 0.000696
2 2 0.003859 0.028883 0.961715 0.004472 0.001071
2 2 0.008334 0.043113 0.945352 0.001363 0.001838
2 2 0.018713 0.034097 0.940016 0.006386 0.000789
2 2 0.034601 0.033456 0.927507 0.003601 0.000836
2 2 0.058325 0.090882 0.843881 0.000772 0.006141
2 1 0.102809 0.225192 0.660822 0.000411 0.010765
2 1 0.001403 0.122500 0.841903 0.000228 0.033965
2 2 0.120245 0.343955 0.414827 0.000033 0.120940
2 2 0.023161 0.225770 0.728007 0.000016 0.023047
2 2 0.007720 0.049354 0.936289 0.000677 0.005960
2 2 0.002343 0.027497 0.969156 0.000120 0.000883
2 2 0.000389 0.009089 0.990187 0.000239 0.000095
2 2 0.002122 0.019382 0.978203 0.000041 0.000252
2 2 0.003008 0.024509 0.970520 0.000554 0.001409
2 2 0.000051 0.007719 0.977167 0.014854 0.000208
2 2 0.007198 0.013077 0.977673 0.001816 0.000236
2 2 0.000990 0.046216 0.949998 0.000628 0.002168
2 2 0.000054 0.016955 0.982003 0.000243 0.000745
2 2 0.000238 0.011841 0.986717 0.000470 0.000735
2 2 0.000032 0.004190 0.995381 0.000358 0.000039
2 0 0.252351 0.114510 0.627135 0.001768 0.004236
0 0 0.606535 0.157948 0.230544 0.000571 0.004402
1 0 0.300844 0.404665 0.103967 0.000133 0.190390
1 1 0.060504 0.505012 0.284024 0.000234 0.150225
2 1 0.006082 0.034051 0.951067 0.007828 0.000972
2 2 0.060965 0.056152 0.879451 0.001604 0.001828
2 2 0.069719 0.197160 0.662580 0.001500 0.069040
0 2 0.412417 0.279195 0.140681 0.000017 0.167690
2 1 0.041780 0.200833 0.641417 0.000217 0.115753
2 1 0.374581 0.135173 0.414126 0.000363 0.075756
4 1 0.293823 0.094280 0.026237 0.000036 0.585624
0 1 0.744484 0.025927 0.003564 0.000001 0.226024
4 1 0.176944 0.140859 0.029990 0.000010 0.652196
4 1 0.240027 0.186456 0.041763 0.000006 0.531749
4 1 0.015277 0.125161 0.286248 0.000313 0.573001
2 1 0.005404 0.174198 0.432361 0.000039 0.387998
2 1 0.004930 0.250233 0.729562 0.000322 0.014953
2 2 0.000762 0.019148 0.973758 0.001772 0.004561
2 2 0.034032 0.084563 0.849414 0.000712 0.031279
2 2 0.021474 0.034209 0.938065 0.000790 0.005463
2 2 0.001150 0.020868 0.976110 0.000365 0.001507
2 2 0.033091 0.051888 0.908721 0.000071 0.006229
2 2 0.005689 0.055451 0.916742 0.000086 0.022032
2 2 0.057598 0.269433 0.560594 0.000161 0.112213
2 2 0.000853 0.009352 0.985115 0.004343 0.000336
2 2 0.037960 0.149212 0.805016 0.002067 0.005744
2 2 0.015764 0.120079 0.848747 0.000074 0.015335
2 0 0.036871 0.148734 0.808058 0.000190 0.006146
0 0 0.685690 0.147840 0.136872 0.000184 0.029414
0 1 0.806161 0.090803 0.021808 0.000025 0.081203
0 0 0.932383 0.040966 0.007682 0.000009 0.018959
0 1 0.932056 0.031243 0.008706 0.000003 0.027992
0 0 0.356133 0.288561 0.052980 0.000007 0.302319
0 1 0.865312 0.044136 0.075678 0.000461 0.014413
0 1 0.982069 0.007520 0.002209 0.000012 0.008190
0 0 0.784889 0.042017 0.005412 0.000001 0.167681
4 1 0.280564 0.134114 0.022640 0.000002 0.562679
4 1 0.278792 0.275216 0.050600 0.000000 0.395391
4 1 0.191813 0.331062 0.075289 0.000006 0.401830
4 1 0.065115 0.305576 0.177431 0.000063 0.451816
4 2 0.256994 0.261525 0.065905 0.000066 0.415510
2 2 0.127607 0.342797 0.396024 0.000138 0.133435
2 2 0.014540 0.052108 0.926049 0.002337 0.004965
2 2 0.039389 0.056496 0.884228 0.003343 0.016544
2 2 0.058075 0.162007 0.759903 0.000050 0.019966
2 2 0.051801 0.077836 0.859549 0.001168 0.009645
2 2 0.410288 0.150120 0.430709 0.000008 0.008875
0 2 0.792179 0.033046 0.171717 0.000202 0.002857
2 2 0.058597 0.107718 0.821305 0.000086 0.012294
2 2 0.271540 0.243740 0.461392 0.000007 0.023320
2 2 0.049974 0.070480 0.878691 0.000019 0.000836
2 2 0.146881 0.185155 0.643273 0.000138 0.024553
2 2 0.000386 0.004731 0.991482 0.003176 0.000225
2 2 0.000302 0.008533 0.989756 0.000571 0.000838
2 2 0.210549 0.216043 0.494104 0.000007 0.079297
2 2 0.130113 0.111057 0.732175 0.000007 0.026649
0 2 0.820520 0.112661 0.042620 0.000040 0.024159
0 2 0.698014 0.119243 0.170191 0.000495 0.012056
2 2 0.176778 0.155263 0.608496 0.001181 0.058282
2 2 0.004444 0.015963 0.978090 0.000582 0.000922
2 2 0.009044 0.034210 0.955443 0.000132 0.001171
2 2 0.151346 0.051112 0.790897 0.000215 0.006430
2 1 0.002217 0.034593 0.961786 0.000138 0.001267
2 2 0.002109 0.029327 0.968168 0.000018 0.000379
2 2 0.000024 0.000683 0.995155 0.004134 0.000005
2 2 0.023865 0.012357 0.963276 0.000450 0.000052
2 2 0.000251 0.004710 0.994827 0.000153 0.000060
2 2 0.000355 0.002997 0.995343 0.001283 0.000022
2 2 0.009013 0.035247 0.953398 0.001823 0.000518
2 2 0.040181 0.028429 0.912802 0.018088 0.000499
2 2 0.000866 0.021422 0.975693 0.000926 0.001093
2 2 0.007237 0.063158 0.926186 0.000882 0.002536
2 2 0.000388 0.019841 0.979105 0.000449 0.000217
2 2 0.000716 0.003984 0.974895 0.020357 0.000049
2 0 0.212047 0.052676 0.651849 0.082761 0.000667
2 0 0.011144 0.023564 0.960596 0.004513 0.000183
0 0 0.875197 0.063657 0.047389 0.000171 0.013586
1 1 0.142340 0.528367 0.188441 0.000585 0.140268
0 0 0.768259 0.146250 0.022615 0.000000 0.062875
1 1 0.426073 0.456174 0.098699 0.000002 0.019053
2 1 0.013285 0.351342 0.413147 0.000056 0.222170
2 2 0.074586 0.407958 0.456471 0.000112 0.060872
2 2 0.004433 0.081066 0.895255 0.001559 0.017687
2 2 0.000373 0.016202 0.980958 0.001148 0.001319
2 2 0.010602 0.144931 0.788762 0.000255 0.055450
2 2 0.035362 0.113571 0.840811 0.000394 0.009862
2 2 0.009399 0.074665 0.913955 0.000191 0.001790
2 2 0.001074 0.050052 0.937003 0.010977 0.000894
2 2 0.000020 0.008175 0.982229 0.009284 0.000292
2 2 0.012747 0.099628 0.866632 0.001343 0.019650
2 2 0.000007 0.003258 0.972677 0.023892 0.000166
2 2 0.003208 0.040021 0.952923 0.003222 0.000626
2 2 0.000126 0.004260 0.846519 0.149050 0.000046
2 2 0.007034 0.035319 0.880590 0.075731 0.001325
2 2 0.004393 0.020705 0.957619 0.016699 0.000584
2 2 0.001054 0.013969 0.908137 0.076723 0.000119
2 2 0.000143 0.014358 0.979634 0.005257 0.000608
2 2 0.035856 0.081080 0.875707 0.005837 0.001520
2 2 0.006738 0.040565 0.824216 0.124611 0.003871
2 2 0.012187 0.077681 0.848484 0.052120 0.009528
3 2 0.000274 0.005985 0.379970 0.613008 0.000762
3 2 0.001401 0.027184 0.419622 0.547231 0.004562
2 2 0.003270 0.046033 0.864325 0.076443 0.009929
1 2 0.239687 0.291032 0.253166 0.003541 0.212574
2 0 0.076730 0.106453 0.809382 0.004372 0.003064
2 0 0.068668 0.183619 0.739593 0.004797 0.003322
2 2 0.189344 0.225511 0.569420 0.000084 0.015640
2 2 0.010753 0.061749 0.925497 0.000104 0.001897
2 2 0.000089 0.032472 0.936732 0.026629 0.004078
2 2 0.001142 0.039549 0.956850 0.001406 0.001054
2 2 0.006635 0.088710 0.803281 0.097173 0.004201
2 2 0.018197 0.181731 0.772449 0.004283 0.023340
1 0 0.249679 0.422926 0.110005 0.000122 0.217268
1 1 0.059517 0.404325 0.168588 0.000004 0.367567
2 2 0.039908 0.237433 0.703837 0.001432 0.017390
1 0 0.252788 0.356377 0.107652 0.000050 0.283133
2 1 0.004065 0.207648 0.678273 0.003795 0.106218
2 2 0.023755 0.335471 0.396272 0.001583 0.242919
2 2 0.001923 0.027668 0.965356 0.004472 0.000581
2 2 0.000359 0.021210 0.880715 0.096803 0.000913
2 2 0.001440 0.040140 0.877894 0.074841 0.005684
2 2 0.000250 0.004527 0.971838 0.023320 0.000065
2 2 0.029319 0.070565 0.878800 0.018573 0.002743
2 2 0.002483 0.081382 0.867412 0.042973 0.005749
2 2 0.005790 0.011982 0.980285 0.001841 0.000103
2 2 0.001669 0.015905 0.981954 0.000030 0.000442
2 2 0.001707 0.088208 0.895747 0.010310 0.004028
2 2 0.044577 0.189758 0.748644 0.000397 0.016623
2 2 0.054574 0.213215 0.725468 0.002417 0.004325
1 1 0.396634 0.446172 0.112523 0.000064 0.044607
0 0 0.654190 0.243665 0.065307 0.000028 0.036811
0 0 0.461881 0.211402 0.041650 0.000004 0.285062
1 0 0.440984 0.466729 0.076847 0.000001 0.015439
1 1 0.112762 0.596721 0.168757 0.000011 0.121750
2 1 0.007266 0.228902 0.731676 0.000625 0.031530
1 1 0.144866 0.576984 0.254241 0.000000 0.023909
2 1 0.006887 0.322882 0.659151 0.000001 0.011079
2 2 0.016550 0.416654 0.509495 0.000007 0.057295
2 2 0.013179 0.283434 0.600778 0.000057 0.102551
2 2 0.000882 0.077707 0.903556 0.000010 0.017845
2 2 0.087344 0.316461 0.515060 0.000539 0.080595
2 2 0.130974 0.260182 0.550965 0.000098 0.057782
2 2 0.000100 0.001999 0.995324 0.002536 0.000040
2 2 0.001269 0.031007 0.966997 0.000208 0.000518
2 1 0.050405 0.294075 0.608642 0.000096 0.046782
2 2 0.007840 0.067287 0.873715 0.000132 0.051025
2 2 0.019593 0.128512 0.839460 0.000415 0.012020
2 2 0.000057 0.041372 0.956361 0.000199 0.002011
2 2 0.235014 0.252158 0.493342 0.000046 0.019440
1 1 0.029720 0.428683 0.382970 0.000031 0.158596
2 2 0.000240 0.012812 0.986879 0.000029 0.000040
2 2 0.002506 0.034149 0.962104 0.000073 0.001168
2 2 0.025741 0.348162 0.464629 0.002365 0.159102
2 2 0.034970 0.150137 0.784000 0.008134 0.022760
2 2 0.018004 0.287101 0.630177 0.000009 0.064709
2 2 0.021389 0.201816 0.690365 0.000362 0.086067
2 2 0.000756 0.059037 0.931054 0.002967 0.006185
2 2 0.002654 0.091969 0.874316 0.001213 0.029849
2 2 0.001581 0.034680 0.821141 0.140963 0.001636
2 2 0.001594 0.032203 0.935891 0.029948 0.000364
2 2 0.008045 0.076615 0.913840 0.000672 0.000828
2 2 0.003479 0.051219 0.934624 0.008708 0.001970
2 2 0.014709 0.393647 0.525384 0.001182 0.065078
2 2 0.008666 0.060197 0.911219 0.005529 0.014390
2 2 0.004105 0.027590 0.937981 0.030079 0.000245
2 2 0.003306 0.047677 0.845687 0.101053 0.002277
2 2 0.000038 0.001582 0.946934 0.051443 0.000003
2 3 0.000058 0.003913 0.957959 0.038050 0.000020
2 2 0.000216 0.004953 0.954779 0.040005 0.000047
2 2 0.000926 0.008647 0.877670 0.112709 0.000047
2 2 0.016093 0.079790 0.812747 0.084017 0.007352
2 2 0.160759 0.248920 0.424969 0.000626 0.164727
2 2 0.000172 0.005265 0.798703 0.195771 0.000089
2 2 0.000188 0.002965 0.712187 0.284637 0.000024
2 2 0.033206 0.119896 0.835243 0.008522 0.003133
2 2 0.120827 0.260779 0.600418 0.008534 0.009442
2 2 0.101907 0.379920 0.465961 0.000075 0.052138
2 2 0.074889 0.356425 0.417700 0.000033 0.150953
1 2 0.085795 0.595306 0.217940 0.000024 0.100936
2 2 0.058874 0.363643 0.565440 0.000147 0.011897
1 0 0.065418 0.513898 0.166299 0.000005 0.254380
1 0 0.087611 0.685744 0.182197 0.000002 0.044446
1 0 0.139572 0.606297 0.177101 0.000003 0.077028
0 0 0.593384 0.268538 0.085463 0.000001 0.052614
0 0 0.778397 0.142758 0.037423 0.000018 0.041404
0 1 0.745086 0.134758 0.023821 0.000003 0.096331
1 1 0.161703 0.502214 0.271563 0.000004 0.064515
2 1 0.015967 0.218135 0.444974 0.000065 0.320859
0 1 0.296426 0.191457 0.281797 0.000032 0.230288
0 2 0.726991 0.084707 0.166279 0.000017 0.022005
2 2 0.000420 0.011445 0.987269 0.000637 0.000229
2 2 0.000076 0.002660 0.996881 0.000339 0.000045
2 2 0.049240 0.042151 0.901891 0.000498 0.006221
2 2 0.326803 0.077792 0.587458 0.000060 0.007887
2 2 0.000346 0.006631 0.992889 0.000057 0.000076
2 2 0.000016 0.001114 0.998533 0.000333 0.000004
2 2 0.010374 0.024528 0.963520 0.000316 0.001263
2 2 0.044044 0.131142 0.812596 0.000092 0.012126
2 2 0.076645 0.041025 0.879524 0.000450 0.002355
2 2 0.038824 0.029549 0.929425 0.000253 0.001949
2 2 0.002303 0.012803 0.983741 0.000764 0.000389
2 2 0.012393 0.026243 0.955012 0.000751 0.005601
2 2 0.016447 0.188336 0.752977 0.000127 0.042113
2 2 0.024347 0.023507 0.934766 0.010159 0.007221
1 2 0.093033 0.426246 0.347773 0.000002 0.132946
0 1 0.672287 0.203371 0.041872 0.000001 0.082469
0 1 0.843644 0.058929 0.033348 0.000001 0.064078
0 0 0.988423 0.008558 0.002762 0.000000 0.000258
1 0 0.154803 0.490808 0.123276 0.000006 0.231108
1 0 0.126127 0.386000 0.113164 0.000043 0.374666
1 0 0.030435 0.520046 0.380278 0.000008 0.069233
2 0 0.021441 0.292528 0.540211 0.000068 0.145751
2 0 0.043963 0.299087 0.602437 0.000381 0.054132
1 0 0.083645 0.451307 0.200104 0.000004 0.264941
1 0 0.214800 0.425730 0.092006 0.000003 0.267462
1 0 0.023946 0.389676 0.371681 0.000003 0.214693
2 1 0.012976 0.148369 0.788459 0.000731 0.049465
1 1 0.228213 0.526816 0.214063 0.000017 0.030891
2 1 0.002160 0.032643 0.927677 0.000064 0.037457
2 1 0.038565 0.065374 0.887723 0.000231 0.008107
1 1 0.073180 0.528531 0.177090 0.000008 0.221191
4 1 0.025722 0.218161 0.257352 0.000017 0.498748
0 1 0.572275 0.289830 0.068586 0.000006 0.069304
0 1 0.329973 0.278165 0.309243 0.000010 0.082609
0 1 0.391184 0.355314 0.090244 0.000043 0.163216
1 1 0.177878 0.509001 0.153594 0.000009 0.159518
2 1 0.007665 0.125599 0.702757 0.000155 0.163825
4 4 0.316613 0.152514 0.175608 0.000125 0.355140
4 4 0.053017 0.043266 0.011784 0.000001 0.891932
4 4 0.118987 0.160299 0.037082 0.000003 0.683628
4 4 0.394009 0.098011 0.043297 0.000021 0.464662
4 4 0.038052 0.108046 0.061519 0.000005 0.792378
0 4 0.550291 0.134136 0.030746 0.000003 0.284825
0 4 0.488378 0.124497 0.176279 0.005027 0.205820
2 4 0.058146 0.169737 0.399211 0.000088 0.372818
4 4 0.130191 0.261676 0.108444 0.000056 0.499633
0 4 0.554764 0.276914 0.077985 0.000137 0.090201
0 4 0.527714 0.161981 0.068601 0.000186 0.241518
4 4 0.039209 0.270149 0.175735 0.000666 0.514241
4 4 0.047199 0.073006 0.026420 0.000055 0.853320
0 4 0.692084 0.103191 0.019799 0.000001 0.184925
0 0 0.814872 0.115280 0.035700 0.000001 0.034148
4 0 0.072385 0.237954 0.140980 0.000019 0.548661
4 1 0.072306 0.246616 0.240599 0.000050 0.440429
4 1 0.217885 0.316598 0.065006 0.000000 0.400510
4 0 0.309175 0.266193 0.064656 0.000007 0.359969
0 0 0.771968 0.119825 0.024975 0.000004 0.083229
0 0 0.937893 0.034590 0.004474 0.000001 0.023042
0 0 0.928593 0.036825 0.007783 0.000001 0.026799
0 0 0.795526 0.040672 0.006759 0.000000 0.157043
0 0 0.952782 0.027821 0.005010 0.000005 0.014382
0 0 0.609196 0.225465 0.041936 0.000011 0.123392
0 0 0.681132 0.191037 0.020452 0.000000 0.107378
0 0 0.785552 0.134651 0.013774 0.000000 0.066023
1 0 0.336956 0.359361 0.107788 0.000090 0.195804
0 0 0.942886 0.041628 0.007199 0.000003 0.008283
0 0 0.379855 0.307609 0.260360 0.000663 0.051512
0 0 0.548674 0.100015 0.021891 0.000006 0.329414
0 0 0.864478 0.063747 0.015722 0.000112 0.055941
0 1 0.639855 0.053057 0.012027 0.000046 0.295016
4 1 0.198460 0.127870 0.028888 0.000018 0.644763
4 1 0.384087 0.043615 0.008572 0.000016 0.563709
0 1 0.506979 0.090869 0.010696 0.000000 0.391455
0 1 0.356279 0.334908 0.050474 0.000000 0.258340
4 1 0.302259 0.174138 0.049763 0.000007 0.473834
4 1 0.279399 0.107910 0.015769 0.000000 0.596921
0 0 0.937625 0.027747 0.007625 0.000002 0.027001
0 0 0.726825 0.192632 0.042051 0.000013 0.038479
0 0 0.841876 0.096362 0.016715 0.000027 0.045020
0 0 0.485320 0.285362 0.050390 0.000034 0.178894
0 0 0.862040 0.048266 0.008186 0.000007 0.081500
0 0 0.557393 0.027439 0.004397 0.000002 0.410769
0 0 0.795271 0.103638 0.015210 0.000000 0.085880
1 0 0.281538 0.356204 0.066852 0.000001 0.295404
0 0 0.665547 0.195990 0.027178 0.000001 0.111285
4 0 0.283422 0.247103 0.040891 0.000000 0.428584
0 0 0.447995 0.258793 0.045230 0.000000 0.247982
0 0 0.622202 0.167963 0.032608 0.000007 0.177221
1 0 0.350116 0.440793 0.066084 0.000000 0.143007
0 0 0.547425 0.283551 0.034995 0.000000 0.134029
0 0 0.797089 0.088737 0.014970 0.000001 0.099204
0 0 0.503161 0.309745 0.075295 0.000005 0.111794
0 0 0.331657 0.286004 0.058510 0.000033 0.323796
4 0 0.237799 0.197751 0.037977 0.000003 0.526470
0 0 0.842656 0.098481 0.038895 0.000807 0.019160
0 0 0.725756 0.188669 0.044456 0.000046 0.041073
0 0 0.969764 0.016805 0.002600 0.000001 0.010830
0 0 0.796220 0.057268 0.010005 0.000010 0.136496
1 0 0.315447 0.393300 0.082545 0.000011 0.208697
1 0 0.230369 0.567890 0.124475 0.000009 0.077258
1 0 0.342852 0.444275 0.080764 0.000003 0.132107
0 0 0.483876 0.307369 0.046445 0.000002 0.162308
1 0 0.350573 0.517264 0.097901 0.000021 0.034241
0 0 0.570207 0.249796 0.049825 0.000010 0.130162
0 0 0.479410 0.249441 0.045243 0.000002 0.225903
0 0 0.426142 0.365371 0.060807 0.000003 0.147678
0 0 0.888385 0.083074 0.012577 0.000000 0.015963
0 0 0.809690 0.142398 0.028206 0.000003 0.019703
0 0 0.572719 0.160583 0.029043 0.000004 0.237651
0 1 0.849197 0.066994 0.012711 0.000002 0.071097
0 1 0.524592 0.195398 0.113008 0.000112 0.166890
1 1 0.287827 0.300975 0.114322 0.000011 0.296865
1 1 0.256231 0.383867 0.064807 0.000000 0.295095
4 1 0.131650 0.338403 0.086220 0.000005 0.443723
0 0 0.699078 0.170614 0.031429 0.000001 0.098878
0 1 0.942109 0.030754 0.004376 0.000000 0.022760
1 0 0.248466 0.567488 0.122031 0.000013 0.062003
1 0 0.240593 0.474831 0.124134 0.000243 0.160200
1 1 0.014323 0.399748 0.264907 0.001346 0.319676
1 1 0.034693 0.488316 0.239380 0.000444 0.237167
4 1 0.027477 0.338492 0.251137 0.000525 0.382369
4 1 0.023509 0.233238 0.216275 0.000494 0.526484
4 2 0.071647 0.346278 0.105893 0.000005 0.476177
1 1 0.026618 0.536992 0.271591 0.000209 0.164589
1 2 0.020013 0.369263 0.313893 0.000167 0.296665
2 2 0.003347 0.166087 0.709268 0.000451 0.120847
0 1 0.932313 0.050359 0.016000 0.000000 0.001328
0 0 0.933940 0.047562 0.007076 0.000000 0.011422
4 1 0.106028 0.311646 0.115215 0.002060 0.465051
4 1 0.084204 0.325390 0.113746 0.000169 0.476490
0 1 0.385288 0.188081 0.051493 0.000192 0.374947
0 0 0.662113 0.089373 0.032164 0.000067 0.216283
4 1 0.172915 0.234179 0.059765 0.000062 0.533078
1 1 0.103549 0.576154 0.166144 0.000008 0.154144
1 1 0.194650 0.477857 0.108358 0.000003 0.219132
4 1 0.092496 0.215574 0.064068 0.000038 0.627824
2 2 0.002777 0.092161 0.888335 0.000813 0.015914
2 2 0.019685 0.219461 0.380808 0.000096 0.379950
2 2 0.001608 0.118463 0.798785 0.056583 0.024561
1 2 0.036404 0.333150 0.325028 0.012517 0.292901
1 2 0.032198 0.351695 0.315311 0.000723 0.300073
1 2 0.163748 0.334762 0.211437 0.000028 0.290026
2 2 0.012170 0.064646 0.896641 0.005469 0.021074
2 2 0.007180 0.069562 0.893012 0.000030 0.030216
2 2 0.016092 0.091788 0.886710 0.000091 0.005319
2 2 0.055545 0.089985 0.849618 0.000301 0.004551
2 2 0.004503 0.091703 0.900830 0.000013 0.002951
2 2 0.004099 0.020993 0.973291 0.000341 0.001276
2 2 0.006219 0.131872 0.853602 0.000374 0.007932
2 2 0.108056 0.093846 0.777913 0.001036 0.019149
2 2 0.075680 0.317073 0.535530 0.000393 0.071324
2 2 0.000815 0.074107 0.820838 0.000229 0.104011
2 2 0.025438 0.061505 0.906918 0.001444 0.004696
2 2 0.041081 0.071109 0.883761 0.002828 0.001221
0 2 0.391253 0.169395 0.370243 0.001048 0.068061
2 2 0.040776 0.109519 0.838823 0.000681 0.010201
2 2 0.000497 0.011767 0.740799 0.246479 0.000459
2 2 0.010563 0.038939 0.943705 0.006602 0.000191
2 2 0.010413 0.111455 0.851802 0.021871 0.004459
2 2 0.030715 0.077666 0.889083 0.001248 0.001288
2 2 0.073911 0.297536 0.535998 0.001205 0.091350
2 2 0.005247 0.128307 0.861092 0.000490 0.004865
2 2 0.009807 0.034198 0.947325 0.008250 0.000421
2 2 0.003273 0.055526 0.933959 0.005073 0.002170
2 2 0.087277 0.104876 0.799213 0.004128 0.004506
2 2 0.025059 0.079970 0.877410 0.013905 0.003658
2 2 0.066819 0.278615 0.586037 0.041952 0.026577
2 2 0.125020 0.157459 0.657804 0.002021 0.057696
2 2 0.002139 0.031380 0.960368 0.005499 0.000614
2 2 0.002782 0.062665 0.899861 0.030948 0.003744
2 2 0.000554 0.009897 0.931680 0.057815 0.000054
2 2 0.000122 0.005527 0.906741 0.087550 0.000060
2 2 0.000119 0.006595 0.914749 0.078439 0.000098
2 2 0.005014 0.050984 0.904868 0.038650 0.000483
2 2 0.003434 0.019608 0.621994 0.354428 0.000536
2 2 0.013034 0.103580 0.840470 0.036457 0.006460
2 2 0.002831 0.012829 0.762505 0.221445 0.000391
2 2 0.000172 0.005755 0.854681 0.139313 0.000079
3 3 0.001383 0.005464 0.321253 0.671770 0.000131
2 3 0.000447 0.018768 0.842540 0.137484 0.000761
2 3 0.003879 0.022588 0.817714 0.155591 0.000228
3 3 0.004192 0.020201 0.281851 0.692347 0.001408
2 3 0.046942 0.193524 0.668998 0.080443 0.010093
0 3 0.413647 0.220777 0.328330 0.028326 0.008921
3 3 0.000032 0.000554 0.073486 0.925868 0.000060
3 3 0.000007 0.000180 0.148012 0.851797 0.000004
3 3 0.000029 0.000312 0.319684 0.679974 0.000002
3 3 0.000313 0.003319 0.256983 0.739247 0.000138
2 3 0.000679 0.008179 0.575228 0.415738 0.000176
2 3 0.000289 0.003513 0.566253 0.429896 0.000050
2 3 0.007051 0.067345 0.875407 0.048736 0.001461
3 3 0.021044 0.061692 0.256573 0.649908 0.010782
3 3 0.000538 0.009402 0.448338 0.541083 0.000639
2 3 0.000322 0.014421 0.771376 0.213020 0.000861
3 3 0.001167 0.006579 0.308414 0.683637 0.000203
3 3 0.003343 0.010611 0.423661 0.561863 0.000522
2 3 0.000416 0.008019 0.816943 0.174535 0.000087
3 3 0.000127 0.001636 0.079962 0.917979 0.000296
3 3 0.002170 0.006365 0.208894 0.782289 0.000283
3 3 0.008649 0.006819 0.129249 0.855015 0.000267
3 3 0.001057 0.004014 0.145202 0.849417 0.000309
3 3 0.050658 0.058077 0.261504 0.625844 0.003916
2 3 0.005628 0.044167 0.718625 0.229797 0.001783
3 3 0.002846 0.013312 0.341413 0.641839 0.000590
3 3 0.000705 0.007278 0.401014 0.590679 0.000325
3 3 0.002981 0.007469 0.126787 0.862109 0.000654
3 3 0.001909 0.020391 0.367683 0.607539 0.002478
3 3 0.001898 0.010738 0.173226 0.812300 0.001837
3 3 0.016311 0.017140 0.338832 0.626910 0.000807
2 3 0.001075 0.016717 0.533368 0.447447 0.001392
3 3 0.000599 0.004149 0.120476 0.874114 0.000662
3 3 0.023637 0.027521 0.376428 0.571719 0.000695
3 3 0.001094 0.002315 0.073875 0.922530 0.000186
3 3 0.000171 0.001092 0.078540 0.920101 0.000096
2 3 0.000373 0.008151 0.556944 0.434182 0.000350
2 3 0.009365 0.027352 0.504020 0.458345 0.000918
2 3 0.000900 0.026743 0.623736 0.345158 0.003463
2 3 0.001303 0.036543 0.871745 0.089080 0.001330
3 3 0.000580 0.002816 0.284726 0.711811 0.000067
3 3 0.009539 0.018816 0.201215 0.769095 0.001335
3 3 0.000397 0.008938 0.468872 0.521186 0.000606
2 3 0.002358 0.023054 0.606023 0.367631 0.000933
3 3 0.000061 0.001058 0.178325 0.820495 0.000061
3 3 0.000063 0.001079 0.280865 0.717973 0.000021
3 3 0.004224 0.009231 0.205973 0.780160 0.000413
3 3 0.000740 0.002565 0.205954 0.790663 0.000078
3 3 0.002790 0.001110 0.023747 0.972301 0.000052
3 3 0.003348 0.008288 0.082594 0.904051 0.001719
3 3 0.000004 0.000549 0.262883 0.736522 0.000041
3 3 0.000414 0.001396 0.092940 0.905183 0.000066
3 3 0.000627 0.002371 0.107436 0.889396 0.000171
3 3 0.000011 0.000081 0.028844 0.971060 0.000004
2 3 0.000025 0.001406 0.521411 0.477129 0.000030
3 3 0.000236 0.002475 0.229233 0.767956 0.000101
2 3 0.013920 0.028964 0.659858 0.296938 0.000320
2 3 0.005046 0.041506 0.585331 0.365165 0.002951
3 3 0.002196 0.005151 0.094075 0.898083 0.000496
3 3 0.000430 0.005631 0.359449 0.634218 0.000271
3 3 0.001250 0.006660 0.466061 0.525921 0.000107
2 3 0.016258 0.030977 0.504243 0.447886 0.000637
3 3 0.000333 0.002944 0.319376 0.677265 0.000082
2 3 0.072774 0.195056 0.571188 0.148192 0.012790
3 3 0.000171 0.000906 0.104821 0.894063 0.000039
3 3 0.000067 0.001366 0.105539 0.892821 0.000207
3 3 0.012414 0.092168 0.359560 0.504824 0.031033
2 3 0.003578 0.044602 0.688315 0.260746 0.002759
3 3 0.000078 0.002381 0.340899 0.656513 0.000129
2 3 0.000871 0.016211 0.694963 0.287273 0.000681
2 3 0.000175 0.004430 0.612938 0.382333 0.000124
2 3 0.014849 0.124427 0.711740 0.140610 0.008375
3 3 0.003207 0.012493 0.417196 0.566787 0.000316
2 3 0.002657 0.015955 0.936860 0.044470 0.000058
2 0 0.176528 0.128515 0.684891 0.008067 0.001999
1 0 0.333713 0.344979 0.285304 0.000973 0.035032
0 0 0.676610 0.224305 0.084224 0.000041 0.014821
1 1 0.163423 0.601911 0.168948 0.000145 0.065572
4 2 0.162458 0.323593 0.074355 0.000003 0.439591
1 1 0.261649 0.439847 0.109293 0.000066 0.189145
1 2 0.024065 0.486593 0.279760 0.001408 0.208174
4 2 0.077128 0.239868 0.079380 0.000022 0.603602
4 2 0.015512 0.167069 0.197892 0.002273 0.617253
2 2 0.016055 0.301810 0.554500 0.009748 0.117888
4 2 0.019049 0.246237 0.210606 0.001857 0.522251
1 2 0.031387 0.476990 0.317053 0.000126 0.174444
4 2 0.041540 0.279420 0.145297 0.000253 0.533491
0 0 0.730346 0.069864 0.017898 0.000015 0.181877
0 0 0.410475 0.410125 0.101976 0.000004 0.077421
1 1 0.096699 0.446753 0.172322 0.000023 0.284203
4 1 0.024330 0.362851 0.226822 0.000160 0.385837
4 4 0.054418 0.145708 0.054755 0.000134 0.744985
4 4 0.015358 0.234167 0.209334 0.002407 0.538732
4 4 0.025092 0.066380 0.025794 0.000147 0.882587
4 4 0.020369 0.008576 0.002166 0.000011 0.968878
4 4 0.049835 0.133306 0.050419 0.000455 0.765985
4 0 0.138047 0.229784 0.070347 0.000555 0.561268
4 4 0.021433 0.095793 0.070640 0.000153 0.811982
1 1 0.094236 0.402261 0.166353 0.005706 0.331445
4 1 0.033861 0.121499 0.051962 0.000715 0.791963
4 4 0.020030 0.057428 0.052635 0.001226 0.868681
4 4 0.036397 0.044563 0.017756 0.000153 0.901131
4 4 0.052875 0.148082 0.047759 0.000023 0.751261
4 4 0.041539 0.262451 0.128774 0.003417 0.563819
4 4 0.073522 0.108153 0.029398 0.000015 0.788912
4 4 0.051351 0.101091 0.035350 0.000286 0.811921
4 4 0.036583 0.025607 0.007428 0.000106 0.930277
4 4 0.042380 0.027517 0.008317 0.000265 0.921521
4 4 0.069014 0.066411 0.018811 0.000106 0.845658
4 4 0.139782 0.245332 0.062334 0.000014 0.552536
4 4 0.081488 0.026444 0.005627 0.000024 0.886417
4 4 0.282826 0.147068 0.032558 0.000299 0.537249
4 4 0.118607 0.048260 0.010808 0.000075 0.822250
4 4 0.446934 0.036094 0.006715 0.000008 0.510249
4 4 0.033634 0.024458 0.007166 0.000093 0.934650
4 4 0.102743 0.214147 0.064744 0.000097 0.618269
4 4 0.074376 0.059006 0.014208 0.000011 0.852399
4 4 0.184328 0.049057 0.008909 0.000017 0.757689
4 4 0.112681 0.045211 0.009541 0.000023 0.832544
4 4 0.061171 0.023082 0.004636 0.000003 0.911108
4 4 0.014137 0.137316 0.067702 0.000057 0.780788
4 4 0.020252 0.140371 0.067031 0.000214 0.772133
1 4 0.102863 0.478286 0.139617 0.000009 0.279224
4 4 0.100583 0.191201 0.046996 0.000002 0.661218
4 4 0.093263 0.079147 0.019887 0.000027 0.807675
4 4 0.086813 0.238225 0.072605 0.000032 0.602325
4 4 0.040616 0.169920 0.061117 0.000027 0.728320
4 4 0.084455 0.138826 0.037674 0.000015 0.739031
4 4 0.123884 0.179157 0.048745 0.000064 0.648151
4 4 0.140853 0.228880 0.063524 0.000098 0.566644
1 4 0.048205 0.407848 0.155601 0.000024 0.388322
4 4 0.099870 0.274524 0.090880 0.000238 0.534488
4 4 0.090897 0.176642 0.053546 0.000088 0.678826
4 4 0.204263 0.253503 0.059366 0.000027 0.482840
4 4 0.107751 0.283094 0.085952 0.000017 0.523186
4 4 0.086281 0.276112 0.103703 0.000039 0.533865
1 4 0.131642 0.425967 0.116282 0.000012 0.326097
4 4 0.386406 0.131099 0.023615 0.000061 0.458819
0 4 0.687297 0.100454 0.016239 0.000017 0.195993
0 0 0.717364 0.082909 0.017423 0.000001 0.182302
2 1 0.024100 0.445965 0.465358 0.000561 0.064016
2 1 0.008060 0.257626 0.629192 0.001978 0.103144
4 1 0.014343 0.305659 0.189657 0.000575 0.489765
4 1 0.045578 0.346289 0.157935 0.000402 0.449796
4 1 0.093970 0.217086 0.089300 0.000175 0.599468
1 1 0.046347 0.406298 0.270344 0.000217 0.276794
1 1 0.064975 0.397391 0.188789 0.000187 0.348658
4 1 0.040857 0.327179 0.271797 0.000154 0.360013
4 1 0.027479 0.195886 0.117825 0.000011 0.658800
4 1 0.160334 0.283314 0.087383 0.000008 0.468960
1 1 0.290768 0.343725 0.084154 0.000300 0.281054
4 1 0.042737 0.274256 0.276833 0.000012 0.406162
2 1 0.019501 0.197430 0.656957 0.000083 0.126028
4 1 0.197395 0.178343 0.157486 0.000100 0.466675
0 0 0.832288 0.120454 0.022983 0.000011 0.024265
4 1 0.110172 0.138118 0.035785 0.000028 0.715898
4 1 0.007644 0.086384 0.377961 0.000872 0.527139
4 4 0.089025 0.349804 0.210552 0.000060 0.350560
4 4 0.019881 0.055594 0.063425 0.000134 0.860966
4 1 0.059358 0.207144 0.242148 0.000423 0.490927
4 1 0.055421 0.149467 0.050622 0.000072 0.744417
4 1 0.170696 0.225054 0.075995 0.000065 0.528189
1 1 0.109553 0.420857 0.133730 0.000004 0.335856
1 1 0.081940 0.340153 0.259517 0.000003 0.318388
4 1 0.028660 0.129491 0.080416 0.000040 0.761392
2 1 0.033730 0.287198 0.343833 0.000022 0.335217
1 1 0.079342 0.474787 0.133475 0.000001 0.312395
4 1 0.043275 0.286019 0.221036 0.000005 0.449665
2 1 0.111960 0.244628 0.444755 0.000040 0.198616
2 4 0.104697 0.242775 0.548735 0.000167 0.103626
4 4 0.076458 0.280684 0.214101 0.000038 0.428718
1 4 0.103595 0.376362 0.333658 0.000004 0.186380
0 0 0.332780 0.267903 0.070741 0.000018 0.328558
1 1 0.212838 0.537572 0.153967 0.000078 0.095545
1 1 0.020586 0.439686 0.284414 0.000608 0.254706
4 4 0.075845 0.332616 0.102201 0.000007 0.489329
4 4 0.200775 0.292323 0.092641 0.000385 0.413875
1 4 0.249096 0.391094 0.098212 0.000146 0.261452
2 4 0.002703 0.312635 0.670098 0.000387 0.014177
1 4 0.042821 0.406180 0.402839 0.002398 0.145762
4 4 0.146494 0.276583 0.064173 0.000002 0.512747
4 4 0.182752 0.265150 0.058754 0.000004 0.493340
2 4 0.013922 0.342171 0.517248 0.001842 0.124818
4 4 0.043787 0.175674 0.064939 0.000063 0.715538
1 4 0.020402 0.491817 0.281196 0.000498 0.206086
4 1 0.029785 0.262239 0.138989 0.002325 0.566662
1 1 0.088299 0.563687 0.195670 0.000121 0.152223
1 1 0.059212 0.455836 0.211684 0.003294 0.269973
2 2 0.001837 0.122250 0.558217 0.001020 0.316676
2 2 0.000662 0.051150 0.873711 0.016209 0.058268
2 2 0.038166 0.071599 0.887609 0.000182 0.002444
2 2 0.000719 0.026954 0.969841 0.000939 0.001548
1 2 0.257594 0.394192 0.314784 0.000004 0.033426
1 2 0.317044 0.369193 0.070524 0.000004 0.243235
0 0 0.770985 0.063260 0.013667 0.000004 0.152084
4 1 0.202098 0.335203 0.077412 0.000010 0.385277
2 1 0.003186 0.378538 0.557963 0.000166 0.060147
2 1 0.011971 0.295893 0.478252 0.000057 0.213827
2 1 0.001224 0.125594 0.657369 0.000401 0.215412
2 1 0.001476 0.118972 0.717024 0.000065 0.162464
2 1 0.000299 0.049409 0.885841 0.018491 0.045960
2 1 0.005708 0.195410 0.739250 0.001373 0.058260
2 1 0.000095 0.050007 0.932084 0.000117 0.017697
2 1 0.000966 0.080400 0.879151 0.000229 0.039254
2 1 0.002441 0.096677 0.688188 0.000023 0.212671
4 1 0.019727 0.225049 0.205029 0.000035 0.550160
4 1 0.013448 0.251164 0.364133 0.000009 0.371246
4 1 0.048466 0.147768 0.099747 0.000002 0.704017
2 0 0.010211 0.167832 0.553629 0.000257 0.268071
4 1 0.042644 0.187162 0.249525 0.000250 0.520418
4 1 0.029123 0.141162 0.050204 0.000001 0.779510
4 1 0.013199 0.107527 0.177183 0.000009 0.702082
4 1 0.038821 0.290407 0.152861 0.000002 0.517909
4 1 0.106358 0.290524 0.154618 0.000011 0.448489
4 1 0.149654 0.295238 0.202310 0.000007 0.352790
1 1 0.105990 0.390294 0.135732 0.000406 0.367578
4 1 0.063197 0.180413 0.137019 0.000443 0.618930
4 1 0.112953 0.225857 0.194143 0.000275 0.466772
4 1 0.056670 0.233117 0.080481 0.000033 0.629699
1 1 0.106257 0.396424 0.124828 0.000059 0.372432
4 1 0.108864 0.233287 0.117803 0.000298 0.539748
4 1 0.235674 0.255371 0.084141 0.000054 0.424760
4 1 0.034334 0.157017 0.083603 0.000006 0.725041
4 1 0.147956 0.151983 0.059884 0.000044 0.640132
4 1 0.130903 0.321491 0.152214 0.000211 0.395180
2 1 0.061879 0.340874 0.394111 0.000016 0.203119
0 1 0.773442 0.054329 0.006678 0.000000 0.165551
4 4 0.285133 0.170363 0.032621 0.000001 0.511882
2 4 0.155657 0.247753 0.489859 0.000330 0.106402
2 4 0.015647 0.148067 0.423657 0.000416 0.412214
4 4 0.158260 0.127585 0.029182 0.000012 0.684961
0 4 0.769234 0.115179 0.018588 0.000000 0.096999
0 4 0.319994 0.246796 0.118054 0.000013 0.315142
0 4 0.571312 0.226815 0.031280 0.000000 0.170593
1 4 0.051126 0.362529 0.331222 0.000013 0.255110
0 1 0.344549 0.328494 0.073201 0.000006 0.253751
