4 1 0.018747 0.208307 0.341497 0.001328 0.430121
1 1 0.136672 0.560590 0.210426 0.000364 0.091947
0 1 0.396346 0.339304 0.210009 0.005004 0.049337
0 0 0.790016 0.146018 0.057317 0.002094 0.004555
2 0 0.033155 0.164786 0.453507 0.311729 0.036823
4 1 0.077363 0.136445 0.062508 0.005665 0.718019
4 1 0.014505 0.231372 0.340583 0.003784 0.409757
4 1 0.019047 0.124581 0.241294 0.001817 0.613262
4 1 0.016945 0.206077 0.166289 0.000035 0.610653
4 1 0.004799 0.132146 0.421452 0.000341 0.441263
4 1 0.096170 0.116004 0.040106 0.000614 0.747105
4 1 0.022375 0.304804 0.166217 0.000234 0.506370
2 1 0.004970 0.157597 0.487639 0.001720 0.348074
4 1 0.009340 0.134985 0.336400 0.003055 0.516220
4 1 0.008173 0.237466 0.345765 0.000515 0.408081
4 1 0.021108 0.139317 0.117937 0.000072 0.721567
4 1 0.014637 0.160142 0.235597 0.000811 0.588813
4 1 0.005321 0.069052 0.188615 0.001358 0.735653
4 1 0.059048 0.234564 0.120798 0.007355 0.578235
4 1 0.007386 0.120546 0.237623 0.004170 0.630275
4 1 0.013422 0.151271 0.196046 0.003561 0.635700
4 1 0.029566 0.214070 0.142551 0.000343 0.613470
4 1 0.012811 0.242312 0.183493 0.000105 0.561279
4 1 0.008815 0.131704 0.122536 0.000042 0.736903
4 1 0.073695 0.207681 0.063214 0.000057 0.655353
4 1 0.009570 0.066907 0.031078 0.000027 0.892418
4 1 0.017350 0.230690 0.254191 0.000937 0.496833
4 1 0.054906 0.262975 0.129336 0.000563 0.552220
2 1 0.003008 0.143378 0.693793 0.087758 0.072063
1 1 0.047972 0.468100 0.378781 0.002589 0.102557
2 1 0.004618 0.271718 0.607224 0.007319 0.109121
2 1 0.005616 0.193617 0.594791 0.091377 0.114598
2 1 0.004153 0.149801 0.622677 0.040375 0.182995
2 1 0.005470 0.122714 0.463184 0.239245 0.169387
2 1 0.003647 0.167471 0.538309 0.000796 0.289777
2 1 0.004299 0.164469 0.738660 0.004040 0.088532
1 2 0.246594 0.477111 0.150894 0.000134 0.125267
0 2 0.959338 0.020898 0.004803 0.000058 0.014903
2 2 0.024425 0.353194 0.559738 0.008596 0.054048
2 2 0.024861 0.331717 0.550681 0.040261 0.052481
2 2 0.003699 0.117949 0.695711 0.141919 0.040723
2 2 0.006144 0.194406 0.624710 0.056997 0.117744
2 2 0.000059 0.002809 0.951312 0.045800 0.000020
2 2 0.001140 0.022925 0.948863 0.026844 0.000229
1 2 0.236717 0.477978 0.239165 0.014573 0.031567
0 2 0.562859 0.275626 0.111803 0.004274 0.045438
0 2 0.749794 0.132127 0.025120 0.000023 0.092936
0 2 0.876326 0.075652 0.025334 0.002767 0.019921
1 2 0.353018 0.401501 0.163556 0.012352 0.069573
0 2 0.856291 0.069072 0.027284 0.006000 0.041353
2 2 0.020896 0.237169 0.684984 0.040347 0.016603
2 2 0.030181 0.183584 0.655607 0.104912 0.025716
0 2 0.863604 0.091548 0.025563 0.001078 0.018208
1 2 0.120133 0.552368 0.218079 0.000926 0.108494
2 2 0.026959 0.292410 0.663469 0.004794 0.012367
2 2 0.327936 0.284620 0.377627 0.004468 0.005349
2 2 0.006496 0.176895 0.798117 0.010677 0.007815
2 2 0.141024 0.354298 0.477579 0.016040 0.011059
1 2 0.268177 0.367421 0.263478 0.004905 0.096019
0 2 0.800670 0.136285 0.049499 0.003971 0.009575
2 2 0.006054 0.053295 0.721756 0.215903 0.002992
2 2 0.004310 0.040642 0.853566 0.100644 0.000838
1 2 0.250234 0.463206 0.243517 0.000975 0.042068
0 2 0.626290 0.251937 0.103780 0.005009 0.012983
0 2 0.883907 0.073573 0.016756 0.000197 0.025566
1 2 0.179368 0.486361 0.292178 0.003560 0.038533
0 2 0.775380 0.146427 0.050380 0.006947 0.020866
1 2 0.291136 0.473564 0.201480 0.000862 0.032958
3 2 0.002836 0.021060 0.378174 0.595008 0.002922
2 2 0.001087 0.013846 0.698441 0.286061 0.000565
2 2 0.003995 0.012640 0.518277 0.464840 0.000248
2 2 0.247080 0.092182 0.496643 0.153884 0.010212
0 2 0.636967 0.262496 0.076052 0.000077 0.024408
0 2 0.880528 0.086551 0.023047 0.000165 0.009710
0 2 0.750035 0.159778 0.066348 0.012523 0.011316
0 2 0.948800 0.035905 0.011620 0.001763 0.001912
0 0 0.945183 0.036336 0.007518 0.000060 0.010903
0 0 0.963239 0.024606 0.007991 0.001017 0.003146
0 0 0.819756 0.106596 0.035570 0.003448 0.034631
0 0 0.778490 0.136836 0.039735 0.001742 0.043198
0 0 0.681675 0.222122 0.079115 0.000663 0.016424
0 0 0.975701 0.016112 0.003698 0.000030 0.004459
0 0 0.651052 0.060485 0.015671 0.000191 0.272601
4 0 0.086367 0.062328 0.022493 0.001032 0.827780
4 1 0.063630 0.237615 0.102516 0.000196 0.596043
1 1 0.050846 0.552761 0.245840 0.002177 0.148376
4 1 0.013548 0.115108 0.246336 0.005710 0.619299
4 1 0.013629 0.120311 0.213529 0.001361 0.651170
4 1 0.037090 0.154767 0.189816 0.001016 0.617310
4 1 0.009437 0.099564 0.288692 0.000513 0.601794
4 1 0.008898 0.087583 0.113648 0.000160 0.789712
4 1 0.003727 0.121717 0.335072 0.000278 0.539205
4 1 0.033234 0.188363 0.178364 0.001006 0.599033
4 1 0.012370 0.243039 0.332666 0.001573 0.410352
2 1 0.003964 0.207709 0.538499 0.000726 0.249101
4 1 0.009267 0.113261 0.251983 0.000405 0.625084
4 4 0.003131 0.064827 0.082856 0.000018 0.849168
4 4 0.021732 0.053147 0.017911 0.000011 0.907199
4 4 0.029141 0.051141 0.020523 0.000058 0.899137
4 4 0.029464 0.018663 0.007970 0.000657 0.943245
4 4 0.007886 0.078308 0.242404 0.008531 0.662871
4 4 0.014952 0.021427 0.042649 0.007012 0.913960
4 4 0.013667 0.054931 0.104612 0.000868 0.825922
4 4 0.040903 0.089035 0.035867 0.000304 0.833891
4 4 0.002168 0.048153 0.446837 0.002649 0.500193
4 4 0.011470 0.067960 0.092464 0.000816 0.827290
4 4 0.031993 0.258970 0.295275 0.003633 0.410128
4 4 0.036787 0.073177 0.072260 0.001198 0.816578
4 4 0.075309 0.035759 0.010838 0.000168 0.877927
4 4 0.029303 0.092139 0.048827 0.000321 0.829409
4 4 0.039430 0.112985 0.085145 0.000480 0.761960
4 4 0.026851 0.246840 0.219784 0.000418 0.506106
4 4 0.030127 0.123394 0.070284 0.000089 0.776106
4 4 0.014904 0.115018 0.151839 0.002455 0.715783
4 4 0.009972 0.058991 0.162747 0.007793 0.760497
2 4 0.006919 0.126869 0.472970 0.001759 0.391483
4 4 0.029462 0.159708 0.245668 0.001926 0.563236
2 4 0.004402 0.138338 0.534545 0.000675 0.322040
4 4 0.017329 0.186446 0.226093 0.001779 0.568353
4 4 0.029175 0.300779 0.126434 0.000112 0.543501
2 4 0.002570 0.066335 0.588729 0.043520 0.298846
4 4 0.003685 0.058944 0.353126 0.003230 0.581014
4 4 0.024733 0.072555 0.255703 0.005271 0.641739
4 4 0.045848 0.062081 0.083325 0.005562 0.803184
4 4 0.024598 0.019186 0.006229 0.000023 0.949965
2 4 0.002436 0.160112 0.439734 0.000281 0.397438
4 4 0.039014 0.041322 0.014684 0.000121 0.904859
4 4 0.030733 0.096117 0.053626 0.000476 0.819049
0 4 0.858465 0.084665 0.017622 0.000075 0.039172
1 4 0.122492 0.414182 0.124625 0.000239 0.338461
4 4 0.010029 0.063313 0.096456 0.008894 0.821308
4 4 0.010930 0.054957 0.069322 0.007056 0.857735
4 2 0.015391 0.201427 0.324390 0.002610 0.456182
4 2 0.020384 0.171703 0.138294 0.000341 0.669278
4 2 0.015985 0.034810 0.029697 0.000334 0.919174
4 2 0.007301 0.038700 0.136989 0.002018 0.814992
4 2 0.021296 0.070712 0.064059 0.000829 0.843104
4 2 0.008688 0.053193 0.105805 0.002692 0.829622
4 2 0.035186 0.259658 0.202617 0.007409 0.495130
4 2 0.025849 0.204543 0.247981 0.001824 0.519803
2 2 0.003208 0.144992 0.643544 0.016498 0.191758
2 2 0.004602 0.086147 0.690662 0.012148 0.206441
2 2 0.004119 0.187619 0.532907 0.004118 0.271237
2 2 0.005195 0.170711 0.696568 0.034113 0.093413
2 2 0.003763 0.179360 0.760572 0.002170 0.054135
2 2 0.000961 0.074238 0.838666 0.022219 0.063916
2 2 0.007239 0.247460 0.462691 0.018331 0.264279
2 2 0.004891 0.142513 0.497721 0.123070 0.231805
2 2 0.002168 0.135015 0.710906 0.023969 0.127942
2 2 0.001316 0.101636 0.720463 0.098900 0.077684
2 2 0.000802 0.079993 0.811802 0.064824 0.042580
3 2 0.002527 0.040049 0.314071 0.599688 0.043666
3 2 0.000022 0.001219 0.431158 0.567277 0.000323
2 2 0.000003 0.000385 0.638540 0.360924 0.000148
2 2 0.000001 0.001329 0.783100 0.214725 0.000844
3 2 0.000025 0.001919 0.283113 0.713863 0.001080
2 2 0.000045 0.007731 0.597166 0.387920 0.007139
2 2 0.000024 0.003859 0.543145 0.447091 0.005881
3 2 0.000013 0.000890 0.188817 0.809692 0.000588
3 2 0.000075 0.000696 0.119863 0.878695 0.000671
3 2 0.000003 0.000307 0.187058 0.812479 0.000153
3 2 0.000029 0.001444 0.148840 0.848009 0.001678
3 2 0.000113 0.004596 0.285673 0.703911 0.005707
3 2 0.000109 0.000306 0.027025 0.972476 0.000084
3 2 0.000005 0.000050 0.014715 0.985201 0.000028
3 2 0.000097 0.000427 0.049270 0.949896 0.000310
3 2 0.000001 0.000044 0.020659 0.979185 0.000111
3 2 0.000158 0.000336 0.018609 0.980721 0.000177
3 2 0.000172 0.000273 0.002777 0.995432 0.001346
3 3 0.000019 0.000023 0.001318 0.998597 0.000044
3 3 0.008641 0.005317 0.008298 0.896407 0.081336
3 3 0.000006 0.000016 0.003759 0.996212 0.000007
3 3 0.000056 0.000097 0.002026 0.997437 0.000384
3 3 0.000022 0.000062 0.001698 0.997804 0.000414
3 3 0.000017 0.000221 0.002934 0.987992 0.008836
3 3 0.000000 0.000001 0.000816 0.999182 0.000002
3 3 0.000469 0.001186 0.007329 0.983530 0.007485
3 3 0.000225 0.000485 0.003726 0.992305 0.003259
3 3 0.000005 0.000019 0.002036 0.997897 0.000043
3 3 0.000007 0.000039 0.001511 0.998007 0.000436
3 3 0.000000 0.000009 0.003073 0.996854 0.000064
3 3 0.000001 0.000005 0.001046 0.998907 0.000042
3 3 0.002489 0.000764 0.002699 0.992218 0.001830
3 3 0.000980 0.000857 0.003986 0.989854 0.004323
3 3 0.000000 0.000001 0.000350 0.999644 0.000004
3 3 0.176988 0.002033 0.003011 0.812411 0.005557
3 3 0.000818 0.000830 0.003775 0.968470 0.026108
3 3 0.000001 0.000001 0.000117 0.999879 0.000002
3 3 0.000015 0.000052 0.002764 0.997008 0.000162
3 3 0.000004 0.000010 0.002162 0.997776 0.000048
3 3 0.000008 0.000020 0.000738 0.999036 0.000198
3 3 0.002343 0.000398 0.011317 0.985013 0.000929
3 3 0.000000 0.000001 0.000588 0.999410 0.000002
3 3 0.000023 0.000007 0.000587 0.999378 0.000004
3 3 0.000047 0.000380 0.008891 0.985441 0.005241
3 3 0.000800 0.000797 0.007043 0.985362 0.005998
3 3 0.001098 0.000631 0.001306 0.989253 0.007713
3 3 0.000922 0.000348 0.000781 0.993977 0.003971
3 3 0.000000 0.000003 0.000241 0.999614 0.000141
3 3 0.000000 0.000000 0.000148 0.999850 0.000002
3 3 0.000027 0.000017 0.000818 0.999116 0.000023
3 3 0.000018 0.000041 0.005781 0.994113 0.000048
3 3 0.000218 0.000440 0.009259 0.989524 0.000558
3 3 0.000300 0.000263 0.006752 0.992544 0.000140
3 3 0.001260 0.000434 0.001479 0.994479 0.002349
3 3 0.000145 0.000153 0.001387 0.996931 0.001384
3 3 0.000010 0.000040 0.002262 0.997532 0.000156
3 3 0.000007 0.000009 0.000935 0.999038 0.000012
3 3 0.000005 0.000016 0.001664 0.998276 0.000039
3 3 0.000001 0.000001 0.000333 0.999660 0.000005
3 3 0.001529 0.000070 0.001030 0.997197 0.000174
3 3 0.000097 0.000005 0.000525 0.999370 0.000004
3 3 0.043681 0.004018 0.005577 0.939354 0.007370
3 3 0.008040 0.000421 0.001811 0.988930 0.000798
3 3 0.000163 0.000137 0.001178 0.996593 0.001929
3 3 0.000007 0.000009 0.000289 0.999605 0.000090
3 3 0.000013 0.000047 0.002593 0.997200 0.000147
3 3 0.009539 0.002678 0.005093 0.973619 0.009072
3 3 0.001979 0.000668 0.002147 0.992620 0.002587
3 3 0.008167 0.000828 0.001694 0.988211 0.001099
3 3 0.001510 0.004127 0.040028 0.948722 0.005612
3 3 0.031014 0.003656 0.008387 0.955812 0.001131
3 3 0.000483 0.000425 0.001058 0.989305 0.008728
3 3 0.000220 0.000316 0.003809 0.994017 0.001639
3 3 0.000119 0.000016 0.000126 0.999630 0.000108
3 3 0.001866 0.000083 0.000281 0.997620 0.000151
3 3 0.000708 0.000057 0.001961 0.997263 0.000011
3 3 0.024802 0.001461 0.002374 0.968295 0.003068
3 3 0.000123 0.000066 0.001516 0.998212 0.000083
3 3 0.032471 0.005743 0.007727 0.939629 0.014431
3 3 0.000132 0.000043 0.001241 0.998556 0.000029
3 3 0.065859 0.005441 0.010517 0.914091 0.004092
3 3 0.000014 0.000057 0.001572 0.997776 0.000580
3 3 0.000851 0.000410 0.002079 0.995429 0.001232
3 3 0.000107 0.000048 0.001385 0.998415 0.000044
3 3 0.000140 0.000147 0.003248 0.996263 0.000202
3 3 0.000040 0.000219 0.001863 0.990319 0.007559
3 3 0.000019 0.000018 0.000832 0.999087 0.000043
3 3 0.000016 0.000017 0.000841 0.999086 0.000040
3 3 0.000002 0.000005 0.000654 0.999327 0.000012
3 3 0.000447 0.000142 0.002853 0.996498 0.000061
3 3 0.069426 0.009317 0.011795 0.897010 0.012452
3 3 0.003240 0.006376 0.035673 0.946743 0.007968
3 3 0.007588 0.005342 0.035837 0.949652 0.001580
3 3 0.000019 0.000389 0.198076 0.801485 0.000032
3 3 0.000087 0.000716 0.300567 0.698617 0.000014
3 3 0.000077 0.001529 0.376427 0.621865 0.000103
3 3 0.000594 0.001616 0.060265 0.937158 0.000367
2 3 0.071443 0.144126 0.532642 0.214891 0.036897
3 3 0.001504 0.005809 0.292859 0.699201 0.000626
3 3 0.002855 0.012104 0.351986 0.631378 0.001677
3 3 0.004944 0.021015 0.361385 0.607948 0.004708
3 3 0.005720 0.022410 0.200078 0.763297 0.008495
3 3 0.000002 0.000028 0.106007 0.893963 0.000001
3 3 0.000546 0.004012 0.398620 0.596637 0.000185
3 3 0.000152 0.003245 0.407519 0.588743 0.000341
3 3 0.003999 0.015614 0.430706 0.548315 0.001366
3 3 0.000958 0.003822 0.244628 0.750355 0.000237
3 3 0.001532 0.002092 0.021669 0.973483 0.001224
3 3 0.102753 0.027255 0.052293 0.800395 0.017303
2 3 0.002840 0.023402 0.645162 0.327386 0.001210
2 3 0.001206 0.037088 0.860227 0.098627 0.002852
2 3 0.001673 0.049230 0.866077 0.079164 0.003856
2 3 0.004273 0.029136 0.674695 0.290721 0.001176
2 3 0.002101 0.032213 0.880008 0.084814 0.000863
2 3 0.000627 0.008256 0.834898 0.156103 0.000115
2 2 0.003252 0.135904 0.812204 0.028178 0.020462
1 2 0.055880 0.471592 0.446165 0.005589 0.020775
2 2 0.006971 0.130161 0.690156 0.076542 0.096170
2 2 0.001898 0.072223 0.848714 0.042973 0.034192
2 2 0.011559 0.147066 0.466329 0.115079 0.259967
4 2 0.006041 0.101307 0.303986 0.042760 0.545906
2 2 0.000227 0.023391 0.692100 0.267825 0.016456
2 2 0.004798 0.109438 0.594115 0.040351 0.251298
2 2 0.004049 0.051109 0.517009 0.179749 0.248084
2 2 0.008494 0.046074 0.390554 0.257945 0.296933
2 2 0.004776 0.110012 0.497567 0.141091 0.246553
4 2 0.006760 0.076101 0.325260 0.118840 0.473038
2 2 0.002649 0.098427 0.545741 0.005889 0.347294
4 2 0.003164 0.070985 0.408107 0.048829 0.468916
2 2 0.000875 0.057898 0.826123 0.018889 0.096216
2 2 0.007464 0.087308 0.502536 0.028555 0.374136
2 2 0.004865 0.098539 0.461990 0.118607 0.315999
2 2 0.011093 0.222713 0.412029 0.018928 0.335238
2 2 0.002222 0.112301 0.543040 0.018258 0.324179
4 2 0.008940 0.082228 0.179499 0.015964 0.713370
4 2 0.014985 0.199610 0.130377 0.001901 0.653126
4 2 0.012113 0.190250 0.329359 0.026543 0.441735
4 2 0.006506 0.110008 0.333617 0.030547 0.519323
4 2 0.005169 0.074761 0.351939 0.128195 0.439936
4 2 0.015107 0.107494 0.122066 0.002878 0.752455
4 2 0.006976 0.125653 0.236581 0.000433 0.630357
4 2 0.003871 0.135831 0.160417 0.000660 0.699221
4 2 0.028897 0.105918 0.060971 0.001224 0.802989
2 1 0.003594 0.231218 0.441705 0.000099 0.323384
1 1 0.011586 0.394185 0.216020 0.000156 0.378053
4 1 0.026643 0.234151 0.145262 0.003625 0.590319
4 1 0.025502 0.147439 0.160720 0.020626 0.645713
2 1 0.002669 0.105517 0.669450 0.122978 0.099385
2 1 0.056900 0.264554 0.488092 0.013153 0.177301
2 1 0.010593 0.132955 0.816590 0.035194 0.004668
2 1 0.001120 0.138748 0.822604 0.010115 0.027414
3 1 0.010113 0.093722 0.400602 0.447642 0.047922
3 1 0.007137 0.095708 0.395213 0.434039 0.067903
2 1 0.004483 0.144347 0.628307 0.144724 0.078139
2 1 0.018296 0.238148 0.594905 0.099853 0.048798
1 2 0.179092 0.471017 0.248752 0.044649 0.056490
2 2 0.019618 0.098326 0.659273 0.217295 0.005487
2 2 0.002901 0.085959 0.899565 0.009672 0.001903
2 2 0.012859 0.124731 0.836788 0.023328 0.002294
2 2 0.100364 0.198180 0.466841 0.220892 0.013722
2 2 0.100442 0.336574 0.457093 0.080289 0.025602
2 2 0.000768 0.079810 0.868710 0.032684 0.018027
2 2 0.002705 0.103396 0.859746 0.026151 0.008003
2 2 0.021096 0.257245 0.694311 0.016536 0.010811
1 2 0.139864 0.385925 0.306632 0.104435 0.063144
2 2 0.035946 0.290195 0.613608 0.036880 0.023371
2 2 0.007597 0.090810 0.686173 0.204741 0.010680
2 2 0.000072 0.003110 0.776760 0.219946 0.000112
2 2 0.004007 0.023978 0.906232 0.065642 0.000142
2 2 0.000829 0.005158 0.745231 0.248741 0.000040
2 2 0.036434 0.024495 0.522766 0.416170 0.000135
2 2 0.006780 0.082175 0.894134 0.015946 0.000965
2 2 0.005943 0.262216 0.702733 0.005682 0.023426
3 2 0.003246 0.035074 0.394229 0.556754 0.010696
2 2 0.004132 0.157226 0.749226 0.052815 0.036601
2 2 0.004783 0.098741 0.859126 0.032921 0.004429
2 2 0.040882 0.142822 0.697910 0.114288 0.004097
2 2 0.000001 0.000140 0.940832 0.059027 0.000000
2 2 0.000040 0.000521 0.916183 0.083255 0.000000
2 2 0.000118 0.002532 0.935334 0.062006 0.000009
2 2 0.000518 0.008641 0.947992 0.042802 0.000047
2 2 0.003359 0.037997 0.908715 0.048859 0.001070
2 2 0.035982 0.132696 0.763693 0.065450 0.002179
2 2 0.001168 0.048066 0.930781 0.018555 0.001429
2 2 0.023049 0.119779 0.691429 0.159130 0.006613
3 2 0.000027 0.000979 0.468649 0.530296 0.000050
2 2 0.000000 0.000027 0.972332 0.027640 0.000000
2 2 0.003461 0.055333 0.919835 0.020625 0.000746
2 2 0.071844 0.182693 0.692347 0.050622 0.002493
2 2 0.000001 0.000093 0.721220 0.278685 0.000001
2 2 0.001668 0.011306 0.640907 0.345822 0.000297
2 2 0.004718 0.019397 0.801784 0.173949 0.000152
2 2 0.090981 0.138448 0.717124 0.049074 0.004373
2 2 0.000093 0.004143 0.892777 0.102913 0.000074
2 2 0.001522 0.012451 0.760243 0.225597 0.000187
1 2 0.108689 0.436720 0.209476 0.007613 0.237502
2 2 0.075735 0.435677 0.448195 0.010852 0.029541
2 2 0.004047 0.093272 0.843244 0.053367 0.006069
2 2 0.000715 0.009244 0.771485 0.218370 0.000187
2 2 0.003639 0.208344 0.736163 0.015777 0.036078
2 2 0.004425 0.274122 0.680036 0.006288 0.035128
2 2 0.000410 0.075656 0.896417 0.012605 0.014912
2 2 0.029325 0.427046 0.486653 0.012377 0.044598
1 2 0.287656 0.435155 0.228663 0.026856 0.021670
0 2 0.433728 0.236242 0.099319 0.003321 0.227389
1 2 0.144657 0.524262 0.277389 0.015306 0.038386
1 2 0.125968 0.536155 0.260376 0.009860 0.067640
1 2 0.080272 0.430712 0.251560 0.039695 0.197761
2 2 0.005269 0.246208 0.699863 0.013404 0.035256
2 2 0.006839 0.081548 0.836009 0.072601 0.003003
2 2 0.054238 0.333142 0.558535 0.025399 0.028685
2 2 0.028977 0.083453 0.687774 0.191471 0.008325
0 2 0.810506 0.054469 0.033864 0.089827 0.011333
0 2 0.874187 0.026582 0.007902 0.000249 0.091080
0 1 0.659963 0.195820 0.073299 0.012597 0.058322
2 1 0.023889 0.191080 0.584627 0.162757 0.037647
2 4 0.016148 0.197510 0.736334 0.035389 0.014619
4 4 0.073198 0.106048 0.081962 0.037841 0.700950
4 4 0.017966 0.073183 0.170062 0.068794 0.669995
4 4 0.020527 0.185486 0.103382 0.000885 0.689719
2 4 0.004888 0.207484 0.502413 0.002270 0.282945
2 4 0.003486 0.248423 0.532804 0.000722 0.214565
2 4 0.000131 0.053182 0.876633 0.014219 0.055836
4 4 0.020868 0.247583 0.269035 0.008989 0.453525
4 4 0.024518 0.344691 0.166763 0.000311 0.463717
1 4 0.060946 0.442615 0.198165 0.000551 0.297723
4 4 0.013034 0.301282 0.334930 0.001066 0.349689
4 4 0.047952 0.155331 0.084316 0.001618 0.710782
4 4 0.004430 0.152326 0.389914 0.000897 0.452433
4 4 0.099446 0.358152 0.148963 0.000899 0.392540
0 4 0.772471 0.094237 0.028707 0.001218 0.103367
1 4 0.248498 0.480218 0.184745 0.000774 0.085765
4 4 0.045680 0.107089 0.054253 0.004062 0.788916
4 4 0.041307 0.032134 0.012631 0.000485 0.913443
4 4 0.036327 0.062451 0.022774 0.000097 0.878350
4 4 0.021662 0.030555 0.039188 0.010069 0.898526
4 4 0.023539 0.015397 0.007048 0.000760 0.953256
4 4 0.034036 0.080981 0.046254 0.000394 0.838335
4 4 0.026788 0.023326 0.007722 0.000031 0.942133
4 4 0.027969 0.155621 0.074236 0.000445 0.741729
4 4 0.039234 0.058342 0.023924 0.000428 0.878073
4 4 0.048924 0.122547 0.056518 0.001718 0.770292
4 4 0.034377 0.066439 0.035710 0.001285 0.862189
0 4 0.404367 0.331853 0.168836 0.001606 0.093338
4 4 0.021309 0.162892 0.076515 0.000173 0.739111
4 4 0.022240 0.073124 0.122492 0.005496 0.776649
4 4 0.043426 0.146425 0.249888 0.002393 0.557869
4 4 0.007371 0.137444 0.374341 0.008688 0.472157
4 4 0.031792 0.170228 0.169695 0.002223 0.626062
4 4 0.071278 0.250351 0.097696 0.000668 0.580007
4 4 0.022162 0.067547 0.243340 0.043622 0.623328
4 4 0.011840 0.074632 0.104801 0.005171 0.803555
4 4 0.001513 0.057950 0.325248 0.001168 0.614122
2 4 0.009260 0.154662 0.516939 0.004978 0.314160
4 4 0.008570 0.105061 0.342087 0.004067 0.540216
4 4 0.005217 0.078092 0.273086 0.005393 0.638211
4 4 0.013419 0.071005 0.186796 0.078039 0.650741
2 4 0.010450 0.158729 0.423277 0.002211 0.405333
4 4 0.019484 0.221362 0.326527 0.005896 0.426730
1 4 0.009362 0.358931 0.310153 0.000450 0.321104
1 4 0.025546 0.408269 0.214778 0.000318 0.351090
2 4 0.004184 0.079131 0.698956 0.019327 0.198402
2 4 0.003785 0.118150 0.724598 0.010966 0.142501
4 4 0.005178 0.144605 0.397690 0.005833 0.446694
4 4 0.010502 0.125421 0.403879 0.014480 0.445717
2 4 0.001748 0.111242 0.763551 0.018920 0.104539
2 4 0.004998 0.102445 0.594158 0.010327 0.288071
2 2 0.004102 0.093275 0.562895 0.025806 0.313922
2 2 0.011529 0.105680 0.497087 0.022654 0.363050
2 2 0.003749 0.181528 0.592515 0.036300 0.185907
4 2 0.009541 0.176363 0.293489 0.004863 0.515743
4 2 0.084902 0.116028 0.032885 0.000050 0.766135
4 2 0.066242 0.236000 0.129736 0.005843 0.562180
2 2 0.006802 0.332881 0.536567 0.005494 0.118256
2 2 0.001032 0.132064 0.803050 0.017809 0.046044
1 2 0.057371 0.407492 0.392390 0.001720 0.141027
0 2 0.692467 0.222811 0.062764 0.000077 0.021881
1 2 0.207876 0.501490 0.265508 0.007042 0.018083
1 2 0.031192 0.523894 0.371656 0.006242 0.067016
2 2 0.004748 0.158474 0.649503 0.113112 0.074163
1 2 0.286603 0.377485 0.207005 0.024826 0.104080
2 2 0.004657 0.035550 0.790046 0.167942 0.001804
2 2 0.004016 0.038922 0.904988 0.051595 0.000479
2 2 0.000035 0.005717 0.979859 0.014278 0.000112
2 2 0.007116 0.022575 0.802794 0.167367 0.000147
2 2 0.000095 0.001930 0.860365 0.137599 0.000011
2 2 0.016522 0.034568 0.829867 0.118839 0.000204
2 2 0.000602 0.004834 0.888037 0.106495 0.000032
2 2 0.001271 0.010255 0.784382 0.203975 0.000117
2 2 0.019637 0.066566 0.879058 0.031176 0.003563
2 2 0.105402 0.383532 0.483175 0.011447 0.016444
2 2 0.001431 0.022378 0.741933 0.233009 0.001249
2 2 0.003086 0.021218 0.889210 0.085954 0.000533
1 2 0.332398 0.436453 0.195197 0.005895 0.030058
2 2 0.033153 0.239517 0.639424 0.067553 0.020354
2 2 0.000246 0.040211 0.819338 0.109121 0.031083
2 2 0.000425 0.026785 0.949208 0.021581 0.002001
1 2 0.147156 0.510492 0.218627 0.001515 0.122209
2 2 0.006452 0.098093 0.834630 0.026792 0.034033
3 2 0.000141 0.003040 0.472742 0.523836 0.000241
2 2 0.000016 0.002276 0.728120 0.269248 0.000339
2 2 0.003570 0.013278 0.906518 0.076418 0.000216
2 2 0.000863 0.009706 0.960709 0.027717 0.001005
2 2 0.000123 0.017692 0.907774 0.071628 0.002783
2 2 0.000234 0.011520 0.857426 0.130034 0.000785
2 2 0.061668 0.164645 0.760412 0.009664 0.003610
2 2 0.078847 0.418195 0.450545 0.025409 0.027004
2 2 0.007739 0.179369 0.783154 0.019228 0.010510
2 2 0.011996 0.167493 0.783121 0.029941 0.007449
2 2 0.000031 0.002286 0.960328 0.037336 0.000019
2 2 0.000069 0.003289 0.860144 0.136418 0.000080
2 2 0.020450 0.073589 0.770306 0.134425 0.001230
2 2 0.106431 0.210666 0.642297 0.038153 0.002452
2 2 0.001531 0.066198 0.869615 0.052938 0.009719
2 2 0.010716 0.075484 0.755573 0.154981 0.003246
0 2 0.702459 0.208913 0.084200 0.000308 0.004119
1 2 0.220197 0.494741 0.227956 0.007146 0.049960
2 2 0.009818 0.424007 0.501045 0.004127 0.061003
2 2 0.005856 0.125404 0.838807 0.024430 0.005503
2 2 0.026124 0.119762 0.725544 0.124686 0.003884
2 2 0.029781 0.149955 0.769991 0.047320 0.002954
2 2 0.000001 0.000038 0.773249 0.226713 0.000000
2 2 0.000012 0.000742 0.951604 0.047640 0.000003
2 2 0.000773 0.027729 0.967837 0.003524 0.000137
2 2 0.000076 0.001334 0.880287 0.118299 0.000004
2 2 0.000797 0.010331 0.970382 0.018465 0.000026
2 2 0.001023 0.009582 0.922474 0.066878 0.000044
2 2 0.000114 0.002801 0.915344 0.081725 0.000016
2 2 0.000127 0.001670 0.784815 0.213379 0.000008
3 2 0.000005 0.000153 0.448228 0.551613 0.000001
2 2 0.005628 0.063651 0.754981 0.168119 0.007620
2 2 0.000004 0.000574 0.955688 0.043729 0.000004
2 2 0.000134 0.001942 0.710937 0.286966 0.000021
2 2 0.336963 0.155129 0.475217 0.025498 0.007192
0 2 0.476419 0.264633 0.113982 0.005633 0.139333
1 2 0.355208 0.447491 0.154049 0.000235 0.043016
1 2 0.235163 0.511539 0.159295 0.000080 0.093922
2 2 0.037797 0.370951 0.482440 0.013469 0.095343
2 2 0.064688 0.207210 0.707433 0.011746 0.008923
0 0 0.760254 0.071195 0.039737 0.049286 0.079529
0 0 0.904287 0.047911 0.021732 0.013383 0.012687
0 0 0.983140 0.011247 0.003034 0.000130 0.002450
0 0 0.983634 0.008893 0.003398 0.000899 0.003176
0 0 0.820673 0.089009 0.029976 0.002586 0.057757
0 0 0.607846 0.248897 0.080585 0.003163 0.059510
0 1 0.411563 0.380420 0.158209 0.008691 0.041117
2 1 0.029798 0.381675 0.558051 0.004948 0.025528
1 1 0.278727 0.431014 0.218704 0.002517 0.069038
1 1 0.313557 0.378167 0.132409 0.001896 0.173971
0 1 0.691470 0.212410 0.067103 0.000899 0.028119
1 1 0.075707 0.455652 0.423126 0.016486 0.029030
0 0 0.911348 0.051895 0.020025 0.005249 0.011483
0 0 0.998402 0.001208 0.000258 0.000005 0.000127
0 0 0.981785 0.008308 0.002019 0.000034 0.007853
0 0 0.744986 0.174491 0.056244 0.000843 0.023435
4 0 0.200510 0.157128 0.062036 0.006577 0.573750
4 0 0.156497 0.075227 0.019292 0.000151 0.748833
1 0 0.149464 0.445753 0.178988 0.006047 0.219747
1 1 0.113620 0.513063 0.177159 0.000470 0.195689
1 1 0.241779 0.485333 0.220101 0.007046 0.045740
1 1 0.053939 0.478974 0.335005 0.013393 0.118688
2 1 0.009228 0.161022 0.611195 0.002809 0.215746
4 1 0.012671 0.274249 0.300368 0.000804 0.411907
2 1 0.014483 0.113092 0.456816 0.066789 0.348820
4 4 0.029204 0.095293 0.072921 0.000312 0.802270
4 4 0.025141 0.052225 0.034492 0.000606 0.887536
4 4 0.022664 0.033723 0.025536 0.000988 0.917089
4 4 0.012799 0.059781 0.047291 0.001186 0.878942
4 4 0.011248 0.048402 0.041633 0.000741 0.897977
4 4 0.034819 0.023250 0.009061 0.000346 0.932524
4 4 0.037666 0.068379 0.059423 0.001884 0.832648
2 4 0.002662 0.213824 0.644916 0.006076 0.132523
4 4 0.005842 0.167522 0.398511 0.001370 0.426755
4 4 0.019621 0.009928 0.003581 0.000059 0.966811
4 4 0.055645 0.048103 0.020840 0.002329 0.873082
4 4 0.029088 0.085103 0.245649 0.025830 0.614330
4 4 0.013521 0.043614 0.078763 0.004473 0.859629
4 4 0.030007 0.074715 0.043114 0.001616 0.850548
2 4 0.006219 0.192657 0.518594 0.008928 0.273601
4 4 0.013045 0.089666 0.136684 0.003920 0.756685
4 4 0.010299 0.128279 0.142913 0.000695 0.717815
4 4 0.019305 0.065642 0.103770 0.003525 0.807758
4 4 0.031968 0.026269 0.010860 0.000232 0.930671
4 4 0.018544 0.174610 0.155783 0.003107 0.647957
4 4 0.029846 0.043565 0.018457 0.000339 0.907792
4 4 0.034017 0.126960 0.064600 0.001677 0.772746
4 4 0.018397 0.058434 0.024367 0.000061 0.898741
4 4 0.027012 0.186049 0.209678 0.001573 0.575688
4 4 0.011082 0.111241 0.175020 0.002096 0.700561
2 4 0.007851 0.203927 0.480641 0.002213 0.305369
4 4 0.015065 0.163246 0.347388 0.034285 0.440016
4 4 0.036759 0.210549 0.240453 0.011994 0.500244
4 4 0.026473 0.190649 0.229540 0.001235 0.552103
4 4 0.036196 0.110685 0.058945 0.000829 0.793344
4 4 0.019520 0.115103 0.121453 0.000818 0.743106
2 4 0.002659 0.227946 0.552545 0.000363 0.216488
2 4 0.007742 0.173604 0.445282 0.013808 0.359563
2 4 0.000453 0.059799 0.865005 0.025050 0.049694
2 4 0.001024 0.080365 0.731814 0.066613 0.120184
2 4 0.003930 0.131681 0.655960 0.016115 0.192315
2 4 0.006273 0.095960 0.668916 0.047943 0.180908
2 4 0.000220 0.024097 0.671010 0.283119 0.021554
2 4 0.001884 0.097649 0.591587 0.198137 0.110743
2 4 0.000681 0.095187 0.848611 0.019076 0.036445
2 1 0.000328 0.052050 0.901142 0.014066 0.032414
2 1 0.005775 0.145508 0.540827 0.091830 0.216060
2 1 0.000810 0.127937 0.806289 0.014916 0.050049
4 1 0.008805 0.142542 0.340252 0.112585 0.395815
3 1 0.001479 0.036469 0.362216 0.470795 0.129041
2 1 0.000284 0.015355 0.741438 0.206257 0.036666
2 1 0.004793 0.127103 0.571872 0.013950 0.282282
2 1 0.001532 0.048157 0.699326 0.119609 0.131376
2 2 0.004515 0.094400 0.861117 0.013080 0.026888
2 2 0.000019 0.001726 0.531125 0.466815 0.000316
2 2 0.000221 0.017344 0.745703 0.223499 0.013233
2 2 0.004492 0.080507 0.909051 0.004946 0.001005
1 2 0.025431 0.503708 0.438053 0.002333 0.030475
0 2 0.901452 0.065550 0.019612 0.001287 0.012099
0 2 0.507769 0.332461 0.140069 0.003320 0.016381
1 2 0.065281 0.597068 0.271852 0.000677 0.065122
2 2 0.019574 0.345227 0.470068 0.031642 0.133489
2 2 0.041441 0.209110 0.506280 0.062114 0.181056
1 2 0.277529 0.368508 0.277025 0.006141 0.070797
2 2 0.005820 0.031146 0.851151 0.111572 0.000311
2 2 0.003546 0.118788 0.866086 0.006766 0.004814
2 2 0.001139 0.060698 0.932591 0.004526 0.001046
2 2 0.002847 0.043192 0.944976 0.008169 0.000816
2 2 0.000000 0.000106 0.927477 0.072416 0.000001
2 2 0.000000 0.000065 0.956594 0.043341 0.000000
3 2 0.000008 0.000312 0.413085 0.586585 0.000010
2 2 0.000773 0.005173 0.751125 0.242877 0.000053
2 2 0.000438 0.019964 0.960401 0.018863 0.000333
2 2 0.003977 0.014736 0.932832 0.048279 0.000175
2 2 0.000024 0.000961 0.849671 0.149336 0.000007
2 2 0.000001 0.000102 0.853817 0.146080 0.000000
2 2 0.000004 0.000226 0.953346 0.046424 0.000000
2 2 0.000023 0.000406 0.901521 0.098049 0.000001
3 2 0.000116 0.000582 0.298166 0.701130 0.000006
3 2 0.000001 0.000027 0.354913 0.645059 0.000000
3 2 0.000004 0.000046 0.332170 0.667779 0.000000
2 2 0.000003 0.000287 0.910204 0.089504 0.000001
2 2 0.000000 0.000060 0.849907 0.150032 0.000000
2 3 0.000001 0.000065 0.755459 0.244475 0.000000
3 3 0.000059 0.000586 0.140046 0.859255 0.000054
3 3 0.000001 0.000083 0.417346 0.582566 0.000004
3 3 0.000001 0.000147 0.469390 0.530450 0.000012
3 3 0.000633 0.001556 0.084958 0.912557 0.000296
2 3 0.000003 0.000173 0.614868 0.384954 0.000002
2 3 0.000000 0.000023 0.646916 0.353061 0.000000
2 3 0.000001 0.000144 0.829343 0.170510 0.000002
2 3 0.000358 0.005155 0.518388 0.475821 0.000278
3 3 0.000037 0.001335 0.334753 0.663681 0.000193
3 3 0.000001 0.000058 0.173255 0.826678 0.000008
3 3 0.000289 0.000510 0.054121 0.945046 0.000033
3 3 0.000228 0.000317 0.032110 0.967322 0.000023
3 3 0.000114 0.000207 0.033434 0.966229 0.000017
3 3 0.000001 0.000004 0.012510 0.987485 0.000000
3 3 0.000434 0.000114 0.006101 0.993342 0.000009
3 3 0.000252 0.000516 0.051100 0.948090 0.000043
3 3 0.000095 0.000329 0.068235 0.931321 0.000020
3 3 0.000001 0.000003 0.008043 0.991952 0.000000
3 3 0.002102 0.000945 0.007278 0.989111 0.000564
3 3 0.004277 0.000739 0.005353 0.989236 0.000395
3 3 0.000140 0.000152 0.010130 0.989547 0.000031
3 3 0.000004 0.000012 0.003173 0.996805 0.000005
3 3 0.000760 0.002884 0.049686 0.944455 0.002216
3 3 0.004149 0.001378 0.004560 0.988054 0.001859
3 3 0.090587 0.007085 0.029804 0.870742 0.001783
3 3 0.000275 0.000077 0.003271 0.996364 0.000013
3 3 0.000547 0.000497 0.002701 0.993986 0.002270
3 3 0.000045 0.000047 0.002429 0.997440 0.000040
3 3 0.000001 0.000001 0.000472 0.999522 0.000004
3 3 0.034666 0.004477 0.006114 0.947714 0.007030
3 3 0.000623 0.000191 0.003785 0.995341 0.000060
3 3 0.000000 0.000000 0.000311 0.999689 0.000000
3 3 0.004716 0.000761 0.001469 0.987216 0.005838
3 3 0.009401 0.001293 0.002337 0.984150 0.002818
3 3 0.002108 0.004078 0.044006 0.947671 0.002137
3 3 0.000197 0.000090 0.004084 0.995608 0.000021
3 3 0.001910 0.001266 0.003993 0.988386 0.004446
3 3 0.000213 0.000153 0.002130 0.997209 0.000296
3 3 0.003358 0.003936 0.008197 0.965602 0.018907
3 3 0.000021 0.000002 0.000448 0.999529 0.000000
3 3 0.006589 0.000862 0.002750 0.988907 0.000892
3 3 0.000026 0.000022 0.001525 0.998407 0.000019
3 3 0.000178 0.000119 0.001915 0.997580 0.000208
3 3 0.000075 0.000054 0.001357 0.998398 0.000116
3 3 0.009257 0.000068 0.001567 0.989104 0.000004
3 3 0.010513 0.000752 0.016362 0.972333 0.000040
2 3 0.062114 0.069629 0.496564 0.364516 0.007177
2 3 0.063124 0.190424 0.558496 0.121625 0.066331
3 3 0.076626 0.034385 0.320420 0.565212 0.003357
2 3 0.089142 0.162164 0.620340 0.120462 0.007891
2 3 0.013911 0.075364 0.686477 0.217909 0.006339
2 3 0.000184 0.005153 0.671199 0.323138 0.000327
2 3 0.001372 0.022803 0.946243 0.029383 0.000199
2 3 0.011481 0.089154 0.850334 0.043966 0.005064
2 3 0.000443 0.022885 0.960655 0.015602 0.000415
2 3 0.003829 0.028231 0.805969 0.160961 0.001011
3 3 0.000932 0.008850 0.430240 0.559265 0.000713
2 3 0.003414 0.026771 0.712504 0.256303 0.001008
2 3 0.007414 0.067930 0.817968 0.093922 0.012766
2 3 0.041409 0.051843 0.821934 0.083954 0.000861
3 3 0.158188 0.047088 0.322862 0.471428 0.000435
2 3 0.001720 0.008381 0.631517 0.358267 0.000115
2 2 0.000010 0.000789 0.954008 0.045190 0.000004
2 2 0.001098 0.021912 0.947155 0.029597 0.000239
2 2 0.000714 0.006489 0.736813 0.255902 0.000082
2 2 0.000006 0.000369 0.932815 0.066809 0.000001
2 2 0.000263 0.006706 0.804518 0.188307 0.000206
2 2 0.000030 0.002983 0.832822 0.163985 0.000181
2 2 0.008966 0.084397 0.875183 0.023890 0.007565
2 2 0.006612 0.153557 0.790393 0.029342 0.020097
3 2 0.000185 0.004578 0.143875 0.845946 0.005417
3 2 0.009622 0.098765 0.417189 0.423814 0.050610
2 2 0.000368 0.027256 0.578116 0.365383 0.028877
3 2 0.000061 0.001186 0.185246 0.813243 0.000264
3 2 0.000411 0.009501 0.141118 0.797103 0.051868
2 2 0.001052 0.042519 0.433418 0.369108 0.153902
4 2 0.010262 0.026370 0.043220 0.012306 0.907843
4 4 0.008525 0.020419 0.097947 0.021496 0.851613
4 4 0.024535 0.113396 0.125767 0.001232 0.735069
4 4 0.014253 0.107178 0.249674 0.014928 0.613966
4 4 0.022385 0.187915 0.161455 0.001682 0.626562
4 4 0.019354 0.168459 0.298838 0.002488 0.510862
2 4 0.002976 0.119112 0.750402 0.006818 0.120693
2 4 0.006406 0.159674 0.487542 0.042859 0.303519
4 4 0.014955 0.268030 0.325092 0.004399 0.387524
4 4 0.010836 0.084360 0.126370 0.004767 0.773667
4 4 0.010670 0.087615 0.239752 0.005185 0.656778
4 4 0.019009 0.088848 0.093325 0.000226 0.798591
4 4 0.005172 0.072019 0.050503 0.000337 0.871969
4 4 0.006452 0.019864 0.012067 0.000345 0.961273
4 4 0.003029 0.062291 0.193453 0.004046 0.737181
4 4 0.011971 0.110540 0.212211 0.015512 0.649766
4 4 0.002642 0.150324 0.350545 0.003744 0.492745
4 4 0.006378 0.134450 0.160730 0.000111 0.698331
4 4 0.044182 0.222022 0.113626 0.000695 0.619475
4 4 0.010272 0.046372 0.110085 0.006635 0.826636
4 4 0.022465 0.044725 0.028612 0.010892 0.893307
4 4 0.010939 0.013527 0.018528 0.005999 0.951007
4 4 0.005366 0.105905 0.375184 0.016579 0.496966
4 4 0.031057 0.066279 0.059325 0.002070 0.841270
4 4 0.026923 0.049886 0.024942 0.001289 0.896960
4 4 0.016881 0.137745 0.309423 0.016798 0.519154
4 4 0.011929 0.127969 0.186347 0.003584 0.670171
4 4 0.004768 0.068016 0.194377 0.007500 0.725338
4 4 0.033930 0.060183 0.061133 0.001772 0.842982
4 4 0.004034 0.086649 0.414615 0.022362 0.472341
4 4 0.002974 0.032874 0.265044 0.033952 0.665156
2 4 0.009517 0.186011 0.420039 0.005728 0.378705
0 4 0.555481 0.186663 0.079846 0.012728 0.165282
1 1 0.264749 0.472230 0.202593 0.005702 0.054727
3 1 0.010000 0.071269 0.347406 0.546166 0.025158
2 1 0.009483 0.111945 0.586848 0.262543 0.029181
2 1 0.009155 0.175553 0.632093 0.130779 0.052421
2 1 0.033624 0.202960 0.677722 0.075008 0.010686
2 1 0.004717 0.087512 0.585299 0.288850 0.033622
2 1 0.001907 0.035950 0.741292 0.217353 0.003499
2 1 0.003288 0.028702 0.654859 0.311783 0.001368
2 1 0.004318 0.125949 0.835984 0.025077 0.008673
2 1 0.024099 0.099813 0.733532 0.139550 0.003007
3 2 0.023051 0.035407 0.316559 0.623027 0.001956
2 2 0.001117 0.025513 0.874187 0.098292 0.000890
2 2 0.016524 0.363679 0.567208 0.004455 0.048135
2 2 0.001112 0.098032 0.799234 0.058145 0.043477
2 2 0.003288 0.049684 0.609045 0.326548 0.011435
2 2 0.014231 0.082082 0.832404 0.069901 0.001382
2 2 0.000027 0.000983 0.546521 0.452430 0.000038
2 2 0.003957 0.041683 0.771142 0.181307 0.001911
2 2 0.044055 0.093358 0.594053 0.265649 0.002886
2 2 0.000034 0.001437 0.778893 0.219608 0.000027
2 2 0.000090 0.000952 0.693229 0.305716 0.000014
2 2 0.005879 0.036654 0.896337 0.060480 0.000650
2 2 0.000113 0.001652 0.916203 0.082011 0.000021
3 2 0.000197 0.002062 0.243090 0.754455 0.000195
2 2 0.000000 0.000076 0.869874 0.130049 0.000001
3 2 0.000018 0.000468 0.248476 0.751003 0.000034
2 2 0.001012 0.004767 0.595326 0.398840 0.000054
2 2 0.000000 0.000068 0.874919 0.125013 0.000001
2 2 0.000047 0.001123 0.853960 0.144863 0.000006
2 2 0.036409 0.214827 0.672964 0.048003 0.027796
2 2 0.041635 0.198353 0.691201 0.055833 0.012979
2 2 0.000137 0.004888 0.953698 0.041240 0.000038
2 2 0.000022 0.000282 0.805167 0.194529 0.000000
2 2 0.000241 0.006629 0.829730 0.163245 0.000155
2 2 0.000157 0.014231 0.957726 0.027401 0.000484
2 2 0.000003 0.000807 0.972854 0.026327 0.000009
2 2 0.000378 0.007152 0.821261 0.171047 0.000161
0 0 0.950752 0.021043 0.008399 0.002043 0.017762
0 0 0.984973 0.010180 0.002459 0.000057 0.002331
0 0 0.778832 0.166691 0.043181 0.000016 0.011281
0 1 0.853346 0.101601 0.030422 0.000528 0.014103
2 1 0.013165 0.146997 0.772544 0.058600 0.008695
2 1 0.007849 0.113483 0.822022 0.051349 0.005296
0 1 0.975490 0.017215 0.005717 0.000361 0.001217
0 1 0.985984 0.010058 0.002151 0.000027 0.001780
1 1 0.141039 0.452174 0.180354 0.002186 0.224247
1 1 0.069475 0.516920 0.247004 0.002003 0.164598
2 1 0.004637 0.171730 0.702416 0.065206 0.056010
2 1 0.028671 0.171566 0.371198 0.344775 0.083789
2 1 0.002649 0.074536 0.744604 0.161281 0.016929
2 1 0.000864 0.012093 0.933908 0.053052 0.000084
3 1 0.000012 0.000267 0.489610 0.510109 0.000002
2 2 0.000003 0.000200 0.813956 0.185840 0.000001
1 2 0.136171 0.436775 0.318399 0.049133 0.059522
2 2 0.006136 0.124929 0.807892 0.051294 0.009749
2 2 0.001005 0.023398 0.844311 0.130250 0.001036
2 2 0.033657 0.129888 0.596592 0.229094 0.010768
2 2 0.000009 0.000424 0.924599 0.074967 0.000001
2 2 0.000004 0.000110 0.623533 0.376352 0.000000
3 2 0.016504 0.021989 0.255862 0.704319 0.001326
2 2 0.003898 0.013022 0.639036 0.343893 0.000151
3 2 0.000000 0.000008 0.140863 0.859129 0.000000
2 2 0.000102 0.003664 0.864658 0.131508 0.000068
2 2 0.000003 0.000095 0.552132 0.447770 0.000000
2 2 0.000109 0.000562 0.617811 0.381518 0.000001
2 2 0.146567 0.115554 0.638267 0.080949 0.018664
0 2 0.447716 0.126053 0.179746 0.121471 0.125014
2 2 0.000744 0.026332 0.471918 0.471365 0.029641
3 2 0.000023 0.000258 0.162399 0.837310 0.000011
2 2 0.000209 0.009305 0.908952 0.081246 0.000287
2 2 0.000575 0.006204 0.960846 0.032310 0.000065
2 2 0.000102 0.002699 0.873907 0.123268 0.000025
2 2 0.000002 0.000256 0.773293 0.226444 0.000005
3 2 0.000005 0.000234 0.479914 0.519842 0.000005
3 2 0.000003 0.000229 0.453057 0.546701 0.000009
2 2 0.000381 0.005806 0.943579 0.050205 0.000029
1 2 0.250527 0.507168 0.179047 0.000274 0.062984
2 3 0.000071 0.009715 0.673397 0.311405 0.005412
2 3 0.000053 0.003629 0.727649 0.267118 0.001551
2 3 0.001717 0.024459 0.897850 0.075530 0.000444
2 3 0.005098 0.042336 0.818672 0.132624 0.001270
2 3 0.000000 0.000032 0.516305 0.483661 0.000001
2 3 0.000000 0.000033 0.717317 0.282649 0.000000
2 3 0.085595 0.056855 0.788652 0.067813 0.001085
2 3 0.059201 0.183708 0.745590 0.009159 0.002342
2 3 0.016970 0.190639 0.418776 0.255549 0.118066
2 3 0.040218 0.078150 0.617602 0.262146 0.001884
3 3 0.007485 0.021814 0.279894 0.688336 0.002471
3 3 0.000097 0.000415 0.277684 0.721800 0.000003
2 3 0.005012 0.033006 0.876578 0.085064 0.000339
2 3 0.000023 0.000663 0.615599 0.383705 0.000010
3 3 0.000041 0.000811 0.084101 0.914490 0.000556
3 2 0.000100 0.002138 0.406852 0.590739 0.000172
2 2 0.002745 0.017812 0.539205 0.439265 0.000972
2 2 0.010149 0.110917 0.710429 0.155871 0.012634
2 2 0.000123 0.004223 0.909553 0.086051 0.000049
2 2 0.000187 0.008292 0.959872 0.031553 0.000097
2 2 0.000003 0.000220 0.856295 0.143480 0.000001
2 2 0.000007 0.000333 0.651057 0.348599 0.000004
2 2 0.000003 0.000464 0.746795 0.252720 0.000018
3 2 0.000003 0.000069 0.222193 0.777733 0.000001
3 2 0.000074 0.001217 0.346290 0.652360 0.000059
3 2 0.000086 0.000257 0.263892 0.735764 0.000001
2 2 0.000000 0.000004 0.899577 0.100419 0.000000
2 2 0.000003 0.000179 0.689554 0.310263 0.000002
3 2 0.000188 0.006169 0.424635 0.567502 0.001505
3 2 0.000338 0.003035 0.344079 0.652379 0.000170
3 2 0.000013 0.000108 0.033640 0.966215 0.000024
3 2 0.000791 0.000629 0.030327 0.968207 0.000045
3 2 0.000128 0.000225 0.207908 0.791738 0.000001
3 2 0.000043 0.000257 0.179928 0.819743 0.000029
3 2 0.000000 0.000004 0.079440 0.920555 0.000000
3 2 0.014122 0.007048 0.236070 0.742691 0.000069
