0 0 0.997340 0.000762 0.000325 0.000002 0.001572
0 0 0.995972 0.001134 0.000572 0.000003 0.002318
0 0 0.987573 0.004506 0.003232 0.000122 0.004567
0 0 0.870461 0.080857 0.031062 0.000042 0.017577
0 0 0.981676 0.008903 0.005740 0.000001 0.003680
2 0 0.265608 0.116940 0.596568 0.000940 0.019944
0 0 0.998258 0.000579 0.000366 0.000002 0.000795
0 0 0.999956 0.000017 0.000004 0.000000 0.000022
0 0 0.999032 0.000251 0.000101 0.000000 0.000616
0 0 0.975550 0.014112 0.008525 0.000004 0.001809
0 0 0.997906 0.000587 0.000247 0.000001 0.001260
0 0 0.997539 0.000700 0.000297 0.000001 0.001463
0 0 0.993917 0.001712 0.000750 0.000006 0.003616
0 0 0.992083 0.001983 0.000854 0.000006 0.005074
0 0 0.683566 0.033819 0.014305 0.000300 0.268011
0 0 0.963035 0.006307 0.002656 0.000025 0.027977
0 0 0.997864 0.000599 0.000252 0.000001 0.001283
0 0 0.997409 0.000740 0.000315 0.000001 0.001534
0 0 0.999117 0.000227 0.000091 0.000000 0.000565
0 0 0.996094 0.001158 0.000505 0.000003 0.002239
0 0 0.999800 0.000044 0.000016 0.000000 0.000140
0 0 0.999644 0.000083 0.000031 0.000000 0.000241
0 0 0.998195 0.000498 0.000208 0.000001 0.001098
0 0 0.977515 0.006804 0.011066 0.001779 0.002836
0 0 0.996983 0.000874 0.000376 0.000002 0.001765
0 0 0.998533 0.000397 0.000163 0.000000 0.000906
0 0 0.999387 0.000152 0.000059 0.000000 0.000402
0 0 0.998328 0.000458 0.000190 0.000001 0.001023
0 0 0.998648 0.000461 0.000374 0.000003 0.000513
0 0 0.999605 0.000093 0.000035 0.000000 0.000266
0 0 0.998734 0.000338 0.000138 0.000000 0.000790
0 0 0.999879 0.000025 0.000009 0.000000 0.000087
0 0 0.992702 0.002281 0.001034 0.000012 0.003972
0 0 0.991943 0.002538 0.001158 0.000015 0.004347
0 0 0.996920 0.000894 0.000385 0.000002 0.001800
0 0 0.999304 0.000235 0.000080 0.000000 0.000381
0 0 0.992249 0.002434 0.001107 0.000014 0.004196
0 0 0.998212 0.000493 0.000205 0.000001 0.001088
0 0 0.996850 0.000916 0.000395 0.000002 0.001837
0 0 0.976628 0.007959 0.003871 0.000135 0.011407
0 0 0.998071 0.000536 0.000224 0.000001 0.001168
0 0 0.999418 0.000143 0.000056 0.000000 0.000383
0 0 0.998921 0.000283 0.000114 0.000000 0.000681
0 0 0.996938 0.000888 0.000382 0.000002 0.001790
0 0 0.983810 0.005376 0.002557 0.000063 0.008194
0 0 0.996764 0.000943 0.000407 0.000002 0.001883
0 0 0.974794 0.006047 0.014235 0.001079 0.003846
0 0 0.984557 0.003348 0.008385 0.000207 0.003503
0 0 0.968178 0.011303 0.006064 0.000319 0.014136
0 0 0.917391 0.026384 0.026342 0.000540 0.029343
0 0 0.992833 0.001927 0.001277 0.000010 0.003953
0 0 0.999300 0.000176 0.000069 0.000000 0.000455
0 0 0.999301 0.000203 0.000104 0.000000 0.000392
0 0 0.997126 0.000802 0.000870 0.000006 0.001195
0 0 0.996378 0.001067 0.000464 0.000003 0.002089
0 0 0.998092 0.000530 0.000221 0.000001 0.001156
0 0 0.997607 0.000605 0.000701 0.000003 0.001085
0 0 0.972300 0.019043 0.005463 0.000001 0.003194
0 0 0.990463 0.003044 0.001403 0.000021 0.005069
0 0 0.976454 0.008595 0.007976 0.000714 0.006261
0 0 0.998025 0.000550 0.000230 0.000001 0.001194
0 0 0.996743 0.001470 0.001011 0.000002 0.000774
0 0 0.997915 0.000584 0.000245 0.000001 0.001255
0 0 0.999103 0.000231 0.000092 0.000000 0.000574
0 0 0.998803 0.000318 0.000129 0.000000 0.000750
0 0 0.995826 0.001269 0.000580 0.000004 0.002321
0 0 0.929004 0.025732 0.013394 0.001324 0.030547
0 0 0.977262 0.012629 0.004274 0.000007 0.005828
0 0 0.998835 0.000710 0.000166 0.000000 0.000289
0 0 0.988041 0.006522 0.002121 0.000002 0.003314
0 0 0.986516 0.009330 0.002259 0.000000 0.001895
0 0 0.992401 0.004121 0.001293 0.000001 0.002184
0 0 0.989975 0.003455 0.001971 0.000044 0.004555
0 0 0.994991 0.003204 0.000933 0.000000 0.000872
0 0 0.998635 0.000367 0.000150 0.000000 0.000847
0 0 0.993324 0.003768 0.001123 0.000000 0.001786
4 0 0.190507 0.225056 0.140238 0.000839 0.443360
0 0 0.707065 0.102735 0.033705 0.000105 0.156392
0 0 0.665423 0.080755 0.080482 0.000835 0.172505
0 0 0.785779 0.146677 0.044833 0.000075 0.022636
0 0 0.997608 0.000678 0.000288 0.000001 0.001425
0 0 0.993087 0.003583 0.002066 0.000004 0.001260
4 1 0.218714 0.178958 0.058646 0.000349 0.543333
1 1 0.016326 0.488645 0.088021 0.000009 0.406999
0 0 0.438946 0.232490 0.060877 0.000041 0.267646
4 1 0.143777 0.150908 0.029091 0.000002 0.676221
0 4 0.469767 0.075024 0.019379 0.000004 0.435825
4 4 0.459867 0.045637 0.013297 0.000013 0.481185
4 4 0.175377 0.139263 0.045171 0.000246 0.639943
4 4 0.018847 0.149126 0.071191 0.000003 0.760832
4 4 0.352611 0.057269 0.020203 0.000133 0.569785
4 4 0.131683 0.028081 0.010697 0.000159 0.829380
4 4 0.083500 0.076991 0.019892 0.000016 0.819601
4 4 0.066976 0.145873 0.021914 0.000000 0.765236
4 4 0.134339 0.101824 0.041308 0.000014 0.722514
4 4 0.305592 0.198934 0.051981 0.000038 0.443455
4 4 0.080451 0.083408 0.023366 0.000040 0.812735
4 4 0.101941 0.058511 0.014002 0.000005 0.825541
0 4 0.577367 0.103056 0.021112 0.000001 0.298463
4 4 0.109650 0.044872 0.011899 0.000009 0.833570
0 4 0.471009 0.049573 0.018144 0.000140 0.461134
4 4 0.350884 0.036513 0.013420 0.000097 0.599087
4 4 0.375439 0.016733 0.005875 0.000024 0.601930
4 4 0.061016 0.028899 0.011267 0.000277 0.898541
0 4 0.384535 0.231631 0.042038 0.000001 0.341795
4 4 0.073801 0.269759 0.067883 0.000004 0.588552
4 4 0.126213 0.085859 0.020701 0.000008 0.767220
4 4 0.018471 0.164084 0.038876 0.000004 0.778565
4 4 0.035574 0.063979 0.014265 0.000004 0.886179
4 4 0.116025 0.043025 0.009197 0.000001 0.831752
4 4 0.370434 0.098902 0.026230 0.000016 0.504418
0 4 0.384547 0.293878 0.054432 0.000002 0.267141
4 4 0.183540 0.199653 0.048927 0.000025 0.567855
4 4 0.096746 0.136267 0.027723 0.000003 0.739261
4 4 0.118254 0.050825 0.012614 0.000003 0.818304
4 4 0.020720 0.009517 0.002598 0.000003 0.967162
4 4 0.295559 0.068115 0.016505 0.000003 0.619818
0 4 0.493011 0.041274 0.014496 0.000072 0.451147
4 4 0.306190 0.024488 0.009096 0.000075 0.660151
4 4 0.214608 0.077531 0.020934 0.000017 0.686909
4 4 0.017484 0.032451 0.008224 0.000007 0.941833
4 4 0.289212 0.020304 0.007308 0.000044 0.683133
4 4 0.111314 0.099239 0.026186 0.000025 0.763236
4 4 0.059354 0.140592 0.028885 0.000004 0.771165
4 4 0.209449 0.014539 0.004951 0.000019 0.771042
4 4 0.070001 0.024986 0.009476 0.000165 0.895372
4 4 0.196994 0.024363 0.009022 0.000086 0.769534
4 4 0.194379 0.089106 0.019897 0.000003 0.696615
4 4 0.118730 0.071794 0.060126 0.000007 0.749343
4 4 0.068998 0.140744 0.048924 0.000000 0.741334
4 4 0.085082 0.283918 0.081590 0.000002 0.549408
4 4 0.014349 0.117396 0.024531 0.000006 0.843718
4 4 0.034338 0.070911 0.016052 0.000005 0.878693
4 4 0.026536 0.044255 0.009697 0.000002 0.919510
4 4 0.058855 0.335381 0.061842 0.000001 0.543922
1 0 0.122543 0.352976 0.217623 0.000003 0.306856
4 1 0.096592 0.049789 0.027573 0.000001 0.826045
4 2 0.040377 0.169540 0.025109 0.000000 0.764974
4 2 0.005768 0.053946 0.220491 0.000578 0.719216
4 2 0.002297 0.132540 0.339219 0.000330 0.525614
4 2 0.011110 0.158254 0.135196 0.000053 0.695388
2 1 0.001006 0.093982 0.543761 0.000040 0.361211
4 1 0.002627 0.333434 0.071768 0.000009 0.592161
1 1 0.019961 0.396899 0.247999 0.000034 0.335107
2 1 0.000206 0.031298 0.877557 0.000147 0.090791
4 1 0.004285 0.117168 0.303521 0.000400 0.574625
2 1 0.000588 0.110647 0.803488 0.000347 0.084930
2 1 0.000358 0.045985 0.882841 0.000449 0.070367
2 2 0.000758 0.308000 0.589479 0.000272 0.101492
2 2 0.000701 0.067401 0.914743 0.003478 0.013677
2 2 0.001148 0.181509 0.486029 0.000207 0.331108
2 2 0.000138 0.108141 0.820127 0.003605 0.067989
2 2 0.000969 0.230036 0.419639 0.001932 0.347424
2 2 0.000117 0.138771 0.772747 0.002498 0.085867
2 2 0.000110 0.016438 0.966334 0.013154 0.003964
2 2 0.000086 0.013195 0.948517 0.025538 0.012665
2 2 0.000361 0.029519 0.931642 0.021298 0.017180
2 2 0.001277 0.071907 0.764497 0.000740 0.161580
2 2 0.000009 0.006175 0.981545 0.003168 0.009102
2 2 0.000001 0.001930 0.986948 0.009750 0.001371
2 2 0.000021 0.001871 0.980251 0.014991 0.002865
2 2 0.000001 0.000417 0.929090 0.070111 0.000381
2 2 0.000629 0.010996 0.957189 0.007600 0.023585
2 2 0.000264 0.025801 0.963048 0.000530 0.010356
2 2 0.000006 0.003084 0.959026 0.037451 0.000433
2 2 0.000000 0.000656 0.962649 0.036540 0.000155
2 2 0.000005 0.000972 0.716269 0.282372 0.000381
2 3 0.000008 0.005528 0.722106 0.269802 0.002556
3 3 0.000000 0.000057 0.121771 0.878046 0.000126
3 3 0.000000 0.000035 0.148688 0.851085 0.000193
3 3 0.000000 0.000056 0.473530 0.526404 0.000010
3 3 0.000000 0.000143 0.118392 0.881361 0.000104
3 3 0.000001 0.000057 0.081044 0.918814 0.000084
3 3 0.000000 0.000000 0.005419 0.994581 0.000000
3 3 0.000002 0.000277 0.093452 0.906222 0.000047
3 3 0.000000 0.000003 0.011393 0.988601 0.000002
3 3 0.000001 0.000114 0.060996 0.938852 0.000036
3 3 0.000008 0.000448 0.066356 0.932925 0.000262
3 3 0.000000 0.000011 0.029869 0.970115 0.000005
3 3 0.000000 0.000003 0.089512 0.910483 0.000002
3 3 0.000000 0.000017 0.032801 0.967180 0.000001
3 3 0.000000 0.000004 0.035038 0.964953 0.000005
3 3 0.000000 0.000004 0.007799 0.992195 0.000001
3 3 0.000000 0.000014 0.042996 0.956990 0.000001
3 3 0.000000 0.000001 0.033543 0.966455 0.000000
3 3 0.000001 0.000182 0.074794 0.925010 0.000013
3 3 0.000000 0.000034 0.039790 0.960172 0.000004
3 3 0.000000 0.000008 0.026214 0.973775 0.000003
3 3 0.000001 0.000024 0.008144 0.991831 0.000000
3 3 0.000000 0.000004 0.013876 0.986120 0.000001
3 3 0.000000 0.000019 0.049223 0.950731 0.000027
3 3 0.000000 0.000001 0.037183 0.962814 0.000002
3 3 0.000000 0.000000 0.012815 0.987184 0.000000
3 3 0.000000 0.000000 0.002959 0.997041 0.000000
3 3 0.000001 0.000148 0.055184 0.944648 0.000019
3 3 0.000000 0.000019 0.013543 0.986430 0.000008
3 3 0.000000 0.000000 0.004847 0.995153 0.000000
3 3 0.000000 0.000006 0.009501 0.990489 0.000004
3 3 0.000000 0.000011 0.018871 0.981118 0.000000
3 3 0.000000 0.000030 0.013484 0.986473 0.000013
3 3 0.000002 0.000050 0.010147 0.989792 0.000009
3 3 0.000000 0.000007 0.003777 0.996215 0.000001
3 3 0.000000 0.000014 0.055367 0.944612 0.000007
3 3 0.000000 0.000034 0.028148 0.971790 0.000028
3 3 0.000000 0.000002 0.010147 0.989850 0.000002
3 3 0.000000 0.000012 0.007219 0.992768 0.000001
3 3 0.000000 0.000036 0.120228 0.879729 0.000008
3 3 0.000011 0.000859 0.165200 0.833833 0.000096
3 3 0.000000 0.000012 0.005129 0.994858 0.000001
3 3 0.000000 0.000011 0.016152 0.983833 0.000005
3 3 0.000003 0.000133 0.005490 0.994344 0.000029
3 3 0.000003 0.000065 0.014711 0.985210 0.000012
3 3 0.000000 0.000074 0.104093 0.895818 0.000015
3 3 0.000001 0.000041 0.023228 0.976714 0.000016
3 3 0.000000 0.000000 0.009543 0.990456 0.000000
3 3 0.000000 0.000004 0.003460 0.996535 0.000000
3 3 0.000919 0.003526 0.038285 0.956864 0.000406
3 2 0.000585 0.004247 0.029172 0.965141 0.000855
3 3 0.000012 0.002333 0.345955 0.641282 0.010419
3 3 0.000108 0.006770 0.279712 0.656840 0.056570
2 2 0.000007 0.004797 0.964968 0.026734 0.003493
2 2 0.002594 0.051211 0.822512 0.034376 0.089307
2 2 0.001559 0.057481 0.694220 0.233686 0.013054
2 2 0.000267 0.003781 0.786624 0.209056 0.000271
2 2 0.008103 0.079599 0.525454 0.376050 0.010794
2 2 0.003041 0.307489 0.646266 0.029862 0.013343
2 2 0.002117 0.112281 0.795193 0.005239 0.085170
2 2 0.000071 0.005231 0.637536 0.349385 0.007777
3 2 0.000002 0.000245 0.284535 0.715143 0.000074
2 2 0.000002 0.000858 0.972396 0.026487 0.000257
2 2 0.001097 0.016971 0.862397 0.079187 0.040347
2 2 0.000013 0.001739 0.896635 0.100582 0.001031
2 2 0.000000 0.000053 0.591410 0.408482 0.000055
3 3 0.000000 0.000140 0.226871 0.772845 0.000144
3 2 0.000000 0.000126 0.257223 0.742309 0.000342
3 2 0.000002 0.000715 0.480839 0.517465 0.000979
2 2 0.000049 0.002584 0.809884 0.182492 0.004990
2 3 0.000002 0.001664 0.815318 0.180256 0.002761
3 2 0.000006 0.000876 0.159049 0.839793 0.000276
2 3 0.000007 0.005459 0.813877 0.179647 0.001010
3 3 0.000003 0.001428 0.423385 0.572553 0.002632
2 2 0.000012 0.005115 0.615547 0.357316 0.022011
2 2 0.003670 0.026760 0.783154 0.184264 0.002151
2 2 0.011740 0.106447 0.664990 0.138806 0.078017
3 2 0.000003 0.000894 0.396929 0.601650 0.000523
2 2 0.000000 0.000302 0.933472 0.066125 0.000100
3 3 0.000029 0.002784 0.367539 0.628023 0.001624
2 2 0.000002 0.001761 0.783689 0.214183 0.000365
2 2 0.000383 0.045595 0.878707 0.039104 0.036211
2 2 0.000865 0.030133 0.620034 0.321353 0.027615
2 2 0.000010 0.001636 0.578495 0.419280 0.000579
2 2 0.000004 0.006200 0.949612 0.041412 0.002772
2 2 0.000001 0.001247 0.770313 0.227759 0.000680
2 2 0.000001 0.000539 0.730322 0.267382 0.001757
3 2 0.000025 0.005709 0.472516 0.520637 0.001114
2 2 0.000005 0.005767 0.784952 0.189410 0.019866
2 2 0.000000 0.000274 0.505321 0.493171 0.001234
2 2 0.000007 0.000754 0.648937 0.348872 0.001429
2 3 0.000016 0.002920 0.538254 0.457105 0.001705
2 3 0.000068 0.003658 0.605906 0.387605 0.002763
3 3 0.000001 0.000333 0.114890 0.884295 0.000481
3 3 0.000000 0.000040 0.049726 0.950179 0.000055
2 3 0.000004 0.002193 0.601995 0.391680 0.004128
3 0 0.000000 0.000037 0.086640 0.913303 0.000020
2 2 0.311027 0.208080 0.425934 0.000037 0.054921
2 2 0.004857 0.030162 0.939727 0.019014 0.006239
2 2 0.000003 0.001410 0.616766 0.381689 0.000132
3 2 0.000074 0.019362 0.474744 0.496918 0.008901
2 2 0.000001 0.002176 0.900873 0.096023 0.000927
2 2 0.000004 0.002053 0.957601 0.039776 0.000566
2 2 0.000010 0.004077 0.722747 0.271074 0.002091
3 2 0.000002 0.000076 0.438484 0.561411 0.000027
3 3 0.000024 0.001988 0.362807 0.633185 0.001996
3 2 0.000028 0.003978 0.468872 0.523088 0.004034
3 2 0.000005 0.002325 0.399204 0.582099 0.016367
3 2 0.000000 0.000491 0.271435 0.725790 0.002285
3 3 0.000000 0.000305 0.287083 0.712251 0.000361
2 2 0.000006 0.000492 0.811724 0.187335 0.000442
3 3 0.000000 0.000286 0.261083 0.738593 0.000038
3 2 0.000018 0.005254 0.375406 0.615735 0.003587
3 3 0.000050 0.001879 0.495899 0.501638 0.000535
3 3 0.000003 0.000372 0.158722 0.840530 0.000373
2 2 0.000007 0.007658 0.761859 0.229481 0.000995
2 3 0.000017 0.000380 0.529563 0.469498 0.000542
2 2 0.000127 0.023460 0.476592 0.463569 0.036253
3 0 0.009691 0.017951 0.051254 0.917479 0.003624
2 2 0.002710 0.055783 0.646774 0.292043 0.002690
2 2 0.000069 0.007199 0.575547 0.414117 0.003068
3 2 0.000129 0.011028 0.268929 0.706126 0.013788
2 2 0.000180 0.013781 0.792380 0.171641 0.022019
2 2 0.000012 0.003629 0.900107 0.093991 0.002260
3 2 0.000511 0.020808 0.412256 0.549954 0.016471
2 2 0.000014 0.008241 0.766091 0.216744 0.008909
3 2 0.000000 0.000058 0.281428 0.718348 0.000166
2 2 0.000001 0.000935 0.671813 0.325881 0.001369
2 2 0.000000 0.000614 0.563356 0.434964 0.001065
3 2 0.000000 0.000575 0.443675 0.555558 0.000192
2 2 0.000003 0.000803 0.684663 0.313804 0.000727
2 2 0.000012 0.007507 0.728810 0.253869 0.009802
3 2 0.000001 0.000204 0.047255 0.952439 0.000101
2 2 0.000253 0.034281 0.703148 0.177832 0.084486
2 3 0.000055 0.003168 0.739213 0.247893 0.009671
3 2 0.000001 0.000374 0.383296 0.615563 0.000767
3 3 0.000009 0.001124 0.128102 0.867645 0.003120
3 3 0.000003 0.000184 0.117646 0.881791 0.000376
2 3 0.000026 0.006107 0.532175 0.457954 0.003738
3 3 0.000003 0.000091 0.039150 0.960752 0.000005
3 3 0.000000 0.000111 0.103073 0.896786 0.000029
2 0 0.000047 0.008564 0.502766 0.488226 0.000398
3 3 0.000012 0.000222 0.045497 0.954245 0.000024
3 2 0.000000 0.000149 0.242351 0.757425 0.000075
3 2 0.000032 0.001401 0.371354 0.626513 0.000700
3 2 0.000005 0.001031 0.388448 0.610261 0.000255
3 2 0.000001 0.000078 0.428465 0.571447 0.000010
2 3 0.000004 0.005644 0.810836 0.181285 0.002231
2 3 0.000000 0.000411 0.640628 0.358044 0.000918
3 3 0.000000 0.000200 0.251144 0.748574 0.000083
3 2 0.000002 0.000123 0.093600 0.906239 0.000037
2 2 0.001372 0.032321 0.489526 0.420630 0.056151
2 2 0.006339 0.029091 0.874193 0.051748 0.038628
3 3 0.000014 0.002350 0.404662 0.592386 0.000588
3 3 0.000214 0.005206 0.143754 0.846729 0.004097
3 0 0.000003 0.001268 0.490502 0.508057 0.000171
2 2 0.000108 0.001667 0.696104 0.302050 0.000071
2 2 0.001120 0.022919 0.951231 0.014649 0.010081
2 2 0.000000 0.000367 0.588120 0.411118 0.000394
2 2 0.000000 0.000236 0.620052 0.379677 0.000035
2 2 0.000000 0.000052 0.685795 0.314087 0.000066
3 2 0.000002 0.001069 0.276317 0.720730 0.001884
2 2 0.000002 0.000902 0.722997 0.275952 0.000147
2 2 0.000126 0.016688 0.627593 0.350584 0.005009
3 2 0.000298 0.002753 0.324049 0.667594 0.005306
2 2 0.000002 0.001170 0.801680 0.194601 0.002546
2 2 0.004692 0.085966 0.799720 0.060277 0.049345
2 2 0.000337 0.029115 0.856509 0.018607 0.095432
2 2 0.000007 0.002951 0.944792 0.051708 0.000542
2 2 0.000516 0.030977 0.958639 0.001772 0.008096
2 2 0.058907 0.259661 0.645078 0.000530 0.035824
2 2 0.002198 0.307765 0.387248 0.000018 0.302771
2 1 0.007719 0.085494 0.760717 0.000067 0.146002
2 1 0.026569 0.161398 0.685762 0.000158 0.126113
2 1 0.006144 0.132520 0.812027 0.000083 0.049226
2 0 0.062566 0.175405 0.505801 0.000498 0.255730
2 1 0.145674 0.153006 0.511034 0.000287 0.189999
4 0 0.003264 0.169286 0.131673 0.000250 0.695526
4 4 0.015615 0.258225 0.255280 0.000019 0.470862
4 4 0.053903 0.156384 0.102360 0.000031 0.687322
2 4 0.019165 0.200290 0.442182 0.000150 0.338214
4 4 0.009941 0.021420 0.016561 0.000003 0.952075
4 4 0.063057 0.124735 0.092620 0.000010 0.719578
4 4 0.119412 0.107866 0.033804 0.000025 0.738893
4 4 0.062425 0.140465 0.033539 0.000003 0.763568
0 0 0.317733 0.081941 0.281823 0.001043 0.317460
2 0 0.129824 0.197515 0.455722 0.000012 0.216927
4 0 0.060618 0.236042 0.214629 0.000001 0.488710
4 0 0.012053 0.176840 0.144185 0.000001 0.666921
4 1 0.029347 0.257926 0.127980 0.000014 0.584733
1 1 0.072980 0.460048 0.249497 0.000006 0.217469
2 1 0.005136 0.212958 0.428439 0.000362 0.353105
2 1 0.002625 0.043795 0.679828 0.016829 0.256924
2 2 0.000025 0.011309 0.986085 0.000437 0.002144
2 2 0.000013 0.001152 0.997242 0.001165 0.000426
2 2 0.000031 0.015713 0.979944 0.000107 0.004204
2 2 0.000159 0.030319 0.961239 0.000286 0.007997
2 2 0.000014 0.002548 0.978651 0.006700 0.012086
2 2 0.000009 0.009601 0.975629 0.007865 0.006896
2 2 0.000185 0.031749 0.958565 0.006050 0.003452
2 2 0.000025 0.009916 0.974435 0.001146 0.014478
2 2 0.000071 0.051863 0.917815 0.003200 0.027051
2 2 0.000040 0.008791 0.967533 0.021128 0.002508
2 2 0.000028 0.006629 0.985168 0.000997 0.007177
2 2 0.000554 0.021043 0.969507 0.001415 0.007481
2 2 0.000328 0.013122 0.975659 0.001297 0.009595
2 2 0.000003 0.005526 0.990330 0.001403 0.002738
2 2 0.000033 0.007636 0.935320 0.050987 0.006025
2 2 0.000014 0.001813 0.951692 0.045124 0.001357
2 2 0.000039 0.007717 0.964864 0.024928 0.002452
2 2 0.000112 0.011685 0.951975 0.012881 0.023346
2 2 0.000008 0.000609 0.908092 0.090750 0.000541
2 2 0.000002 0.001210 0.969083 0.029304 0.000401
2 2 0.000006 0.003591 0.976991 0.018825 0.000587
2 2 0.010071 0.213296 0.750064 0.000527 0.026041
2 2 0.000002 0.004123 0.687883 0.305273 0.002720
2 2 0.000020 0.009052 0.964043 0.019872 0.007014
2 2 0.000004 0.002166 0.610093 0.384653 0.003084
2 2 0.000000 0.000535 0.942456 0.056694 0.000315
2 2 0.000007 0.000882 0.980092 0.018536 0.000483
2 2 0.000004 0.001128 0.992282 0.005994 0.000593
3 2 0.000000 0.000178 0.468335 0.531413 0.000074
2 2 0.000311 0.017908 0.913529 0.053528 0.014725
2 0 0.000232 0.005030 0.986901 0.003842 0.003995
2 1 0.084991 0.116750 0.766403 0.000072 0.031784
2 2 0.000449 0.111488 0.867802 0.002537 0.017724
2 2 0.000015 0.004342 0.882845 0.109953 0.002845
2 2 0.000001 0.001578 0.932964 0.064295 0.001162
2 2 0.000000 0.000281 0.864442 0.135096 0.000182
2 2 0.000000 0.000164 0.995369 0.004423 0.000044
2 2 0.000005 0.001579 0.976644 0.020186 0.001587
2 2 0.000009 0.003214 0.945626 0.046271 0.004881
2 2 0.000011 0.002446 0.892377 0.103587 0.001580
2 2 0.000123 0.016874 0.967511 0.006388 0.009105
2 2 0.000087 0.011121 0.983048 0.002526 0.003217
2 2 0.000005 0.002232 0.985029 0.011981 0.000753
2 2 0.000007 0.002024 0.972437 0.023455 0.002076
2 2 0.000005 0.005864 0.975311 0.015570 0.003251
2 2 0.000005 0.000642 0.964780 0.034258 0.000316
2 2 0.000000 0.000523 0.820965 0.178224 0.000286
2 2 0.000108 0.016125 0.929463 0.047692 0.006612
2 3 0.000008 0.007007 0.925999 0.044644 0.022341
2 2 0.000089 0.002556 0.971666 0.023259 0.002430
3 2 0.000005 0.000487 0.231518 0.767235 0.000754
3 2 0.000000 0.000024 0.404183 0.595788 0.000005
2 2 0.000031 0.003162 0.884507 0.110644 0.001656
2 2 0.000014 0.003267 0.725890 0.266132 0.004697
2 2 0.000002 0.001366 0.510061 0.487216 0.001356
2 2 0.000036 0.010173 0.691939 0.287649 0.010203
3 2 0.000000 0.000097 0.296926 0.702862 0.000115
3 2 0.000002 0.000815 0.471132 0.527078 0.000974
3 3 0.000050 0.001220 0.292614 0.705908 0.000208
3 3 0.000245 0.008637 0.371730 0.618259 0.001129
3 2 0.000000 0.000008 0.223868 0.776123 0.000002
3 2 0.000000 0.000038 0.132941 0.866984 0.000036
2 3 0.000001 0.000859 0.912385 0.085945 0.000808
2 3 0.001417 0.019461 0.889099 0.063743 0.026280
2 3 0.000000 0.000939 0.623855 0.373551 0.001655
3 3 0.000040 0.002470 0.438051 0.556517 0.002922
3 3 0.000013 0.001416 0.216776 0.781055 0.000740
2 3 0.000003 0.001988 0.616319 0.380338 0.001351
3 3 0.000000 0.000008 0.045936 0.954045 0.000011
3 3 0.000000 0.000069 0.138593 0.861316 0.000022
3 3 0.000000 0.000516 0.304627 0.694380 0.000477
3 3 0.000000 0.000030 0.068240 0.931633 0.000097
3 3 0.000000 0.000016 0.035332 0.964633 0.000018
3 3 0.000000 0.000222 0.381495 0.618160 0.000122
3 3 0.000000 0.000022 0.058085 0.941890 0.000003
3 3 0.000007 0.000833 0.155788 0.843316 0.000057
3 3 0.000000 0.000093 0.115238 0.884651 0.000018
3 3 0.000001 0.000136 0.116145 0.883697 0.000021
3 3 0.000000 0.000039 0.105788 0.894165 0.000007
3 3 0.000000 0.000026 0.083123 0.916817 0.000034
3 3 0.000000 0.000001 0.033054 0.966944 0.000001
3 3 0.000000 0.000002 0.022021 0.977975 0.000002
3 3 0.000000 0.000005 0.026052 0.973942 0.000000
3 3 0.000001 0.000052 0.077829 0.922100 0.000018
3 3 0.000001 0.000188 0.060736 0.938990 0.000085
3 3 0.000000 0.000002 0.003802 0.996196 0.000000
3 3 0.000002 0.000100 0.012513 0.987354 0.000031
3 3 0.000000 0.000031 0.146356 0.853595 0.000018
3 3 0.000000 0.000201 0.359013 0.640575 0.000210
3 3 0.000000 0.000040 0.052931 0.946996 0.000033
3 3 0.000000 0.000156 0.454167 0.545672 0.000005
3 3 0.000193 0.001917 0.155981 0.841287 0.000622
3 3 0.000002 0.000643 0.190768 0.807709 0.000878
2 3 0.000013 0.001497 0.907062 0.088234 0.003194
3 3 0.000000 0.000031 0.292538 0.707415 0.000016
2 3 0.000001 0.000821 0.863427 0.133394 0.002358
3 3 0.000000 0.000063 0.163354 0.836571 0.000011
3 3 0.000015 0.001150 0.108014 0.889880 0.000941
3 3 0.000099 0.003065 0.103862 0.892055 0.000919
3 3 0.000117 0.002377 0.095406 0.899617 0.002484
3 3 0.000000 0.000363 0.353260 0.646176 0.000201
3 3 0.000000 0.000051 0.335456 0.664488 0.000004
3 3 0.000031 0.001108 0.072192 0.925356 0.001313
3 3 0.000001 0.000098 0.040194 0.959690 0.000017
3 3 0.000000 0.000003 0.144221 0.855773 0.000004
3 3 0.000000 0.000022 0.099007 0.900964 0.000007
3 3 0.000000 0.000010 0.019337 0.980650 0.000003
3 3 0.000000 0.000086 0.034478 0.965428 0.000007
3 3 0.000001 0.000056 0.012393 0.987549 0.000001
3 3 0.000001 0.000016 0.004956 0.995026 0.000001
3 3 0.000005 0.001056 0.271362 0.727171 0.000406
3 3 0.000001 0.000084 0.015697 0.984206 0.000012
3 3 0.000000 0.000005 0.058047 0.941948 0.000000
3 3 0.000006 0.000308 0.123059 0.876572 0.000055
3 3 0.000002 0.000059 0.013136 0.986794 0.000009
3 3 0.000030 0.000823 0.043292 0.955305 0.000550
3 3 0.000000 0.000011 0.034497 0.965485 0.000006
3 3 0.000000 0.000009 0.027022 0.972940 0.000028
3 3 0.000000 0.000003 0.010431 0.989565 0.000001
3 3 0.000001 0.000072 0.044761 0.955066 0.000100
3 3 0.000000 0.000081 0.029563 0.970311 0.000045
3 3 0.000000 0.000009 0.009750 0.990237 0.000003
3 3 0.000000 0.000004 0.003034 0.996962 0.000000
3 3 0.000005 0.000100 0.011048 0.988831 0.000016
3 3 0.000000 0.000001 0.001548 0.998450 0.000000
3 3 0.000000 0.000000 0.002705 0.997295 0.000000
3 3 0.000000 0.000008 0.022151 0.977838 0.000004
3 3 0.000000 0.000002 0.005771 0.994227 0.000000
3 0 0.000018 0.000588 0.059456 0.939669 0.000269
3 0 0.001773 0.016180 0.135339 0.844735 0.001973
3 2 0.038955 0.157214 0.356881 0.442229 0.004720
3 2 0.000705 0.005350 0.244179 0.744664 0.005102
3 3 0.000066 0.003645 0.238612 0.740516 0.017160
3 3 0.000019 0.000707 0.203512 0.795625 0.000138
2 3 0.000347 0.052194 0.870113 0.073719 0.003626
3 2 0.000086 0.002945 0.485657 0.510491 0.000821
2 2 0.000025 0.038027 0.937373 0.015880 0.008695
2 4 0.000049 0.014385 0.968326 0.012874 0.004367
2 4 0.059750 0.068544 0.681372 0.035058 0.155276
4 4 0.155965 0.101246 0.303273 0.001108 0.438409
4 4 0.304294 0.112970 0.081238 0.000399 0.501099
4 4 0.094216 0.169189 0.202813 0.002205 0.531577
4 4 0.031516 0.122030 0.290550 0.000074 0.555831
0 4 0.630728 0.099751 0.043713 0.000089 0.225719
2 4 0.244458 0.267454 0.291093 0.000020 0.196974
0 4 0.538816 0.041476 0.031064 0.000725 0.387918
4 4 0.045269 0.017174 0.010931 0.000018 0.926608
4 4 0.099832 0.023624 0.008472 0.000078 0.867994
0 4 0.502040 0.022854 0.008598 0.000064 0.466444
4 4 0.106825 0.037159 0.034803 0.000026 0.821186
4 4 0.075511 0.040605 0.016498 0.000104 0.867281
4 4 0.071205 0.090845 0.038071 0.000203 0.799676
4 4 0.290694 0.169475 0.129523 0.000022 0.410287
0 4 0.600094 0.138571 0.029648 0.000003 0.231685
0 4 0.697595 0.027358 0.010729 0.000107 0.264211
4 4 0.126662 0.206960 0.075107 0.000048 0.591223
4 4 0.021466 0.250894 0.044804 0.000003 0.682833
4 4 0.089059 0.139566 0.029708 0.000005 0.741662
4 4 0.107248 0.065775 0.075438 0.000834 0.750704
4 4 0.196414 0.025644 0.015158 0.000139 0.762645
4 4 0.194495 0.133171 0.036046 0.000038 0.636250
4 0 0.162990 0.058416 0.011874 0.000001 0.766719
4 4 0.352457 0.155833 0.039835 0.000021 0.451854
4 4 0.231849 0.233931 0.047654 0.000002 0.486565
4 4 0.189011 0.224742 0.050311 0.000006 0.535931
2 4 0.025659 0.276065 0.350947 0.000005 0.347323
2 4 0.069498 0.069712 0.576160 0.000685 0.283945
2 4 0.013801 0.160658 0.535105 0.000012 0.290425
2 4 0.116936 0.145777 0.440055 0.000025 0.297207
4 4 0.055984 0.085046 0.138140 0.000308 0.720523
2 4 0.016640 0.085774 0.517535 0.001152 0.378898
2 4 0.074092 0.106518 0.602340 0.001208 0.215842
4 4 0.034472 0.088619 0.227088 0.000060 0.649762
4 4 0.164181 0.254356 0.116476 0.000045 0.464941
4 4 0.134007 0.069667 0.030874 0.000001 0.765451
4 4 0.087024 0.059328 0.036553 0.000066 0.817029
4 4 0.062932 0.038709 0.021648 0.000228 0.876483
4 4 0.052090 0.194957 0.076502 0.000044 0.676407
4 4 0.212138 0.097173 0.078158 0.000068 0.612463
4 4 0.019447 0.134335 0.027085 0.000005 0.819128
4 4 0.079293 0.119103 0.022563 0.000001 0.779040
4 4 0.167326 0.053396 0.012708 0.000003 0.766567
0 4 0.685589 0.125299 0.022894 0.000000 0.166217
0 4 0.811980 0.012899 0.004003 0.000001 0.171117
4 4 0.209544 0.083475 0.022424 0.000016 0.684542
4 4 0.062242 0.187390 0.088869 0.000007 0.661491
0 4 0.356254 0.225937 0.065115 0.000000 0.352695
4 4 0.165973 0.112250 0.022742 0.000002 0.699034
4 4 0.195838 0.113428 0.025473 0.000005 0.665256
0 4 0.663147 0.043799 0.015821 0.000000 0.277232
4 4 0.228078 0.158938 0.090814 0.000015 0.522156
4 4 0.281410 0.095927 0.027311 0.000002 0.595351
4 4 0.250606 0.072104 0.019989 0.000019 0.657282
4 4 0.026022 0.302607 0.175271 0.000003 0.496097
4 4 0.039501 0.218531 0.211903 0.000006 0.530060
4 0 0.169811 0.199189 0.149471 0.000002 0.481527
4 0 0.343448 0.154211 0.108884 0.000004 0.393454
0 0 0.906131 0.005882 0.017110 0.000008 0.070869
0 0 0.392535 0.149631 0.153900 0.000005 0.303929
0 0 0.427606 0.150787 0.059264 0.000021 0.362321
4 0 0.147364 0.288395 0.090258 0.000001 0.473982
4 1 0.277738 0.174641 0.026369 0.000000 0.521252
4 1 0.008701 0.273163 0.212383 0.000053 0.505700
4 1 0.021174 0.288525 0.058023 0.000013 0.632265
4 1 0.207829 0.205096 0.026689 0.000000 0.560386
4 0 0.096682 0.315315 0.049114 0.000001 0.538888
1 1 0.333820 0.346840 0.059427 0.000000 0.259912
1 1 0.114788 0.425869 0.069037 0.000001 0.390305
4 0 0.313973 0.294954 0.063581 0.000009 0.327483
0 0 0.501377 0.083543 0.016961 0.000000 0.398119
0 0 0.745648 0.101867 0.039364 0.000051 0.113070
0 0 0.849523 0.038520 0.018702 0.000001 0.093253
0 0 0.734541 0.028520 0.016829 0.000005 0.220105
0 0 0.419698 0.119504 0.179564 0.000001 0.281234
0 0 0.979478 0.001260 0.000542 0.000000 0.018720
0 0 0.980031 0.004228 0.002151 0.000020 0.013570
0 0 0.850854 0.013578 0.003736 0.000001 0.131831
0 0 0.879295 0.046689 0.016116 0.000000 0.057900
0 0 0.681122 0.023312 0.010939 0.000108 0.284518
0 0 0.883721 0.018201 0.005940 0.000009 0.092129
0 0 0.792580 0.027045 0.009618 0.000038 0.170720
0 0 0.976738 0.007919 0.003851 0.000134 0.011358
0 0 0.988719 0.003648 0.001698 0.000030 0.005906
0 0 0.970595 0.013256 0.005515 0.000057 0.010578
0 0 0.969136 0.004497 0.001823 0.000011 0.024533
0 0 0.922309 0.002255 0.000718 0.000000 0.074717
0 0 0.944688 0.004455 0.001660 0.000005 0.049192
0 0 0.794177 0.014983 0.005797 0.000039 0.185003
0 0 0.784704 0.012514 0.004942 0.000024 0.197816
0 0 0.882345 0.006512 0.002347 0.000006 0.108789
0 0 0.936479 0.026675 0.008422 0.000010 0.028413
2 0 0.265998 0.131106 0.395693 0.024787 0.182416
0 0 0.641263 0.037213 0.015766 0.000356 0.305403
0 0 0.809547 0.111154 0.031376 0.000024 0.047899
0 0 0.988698 0.003254 0.001469 0.000019 0.006560
0 0 0.977042 0.008443 0.005917 0.000356 0.008243
0 0 0.951755 0.017161 0.008722 0.000598 0.021763
0 0 0.973027 0.007728 0.003145 0.000023 0.016078
0 0 0.978553 0.002720 0.001060 0.000004 0.017664
0 0 0.965406 0.003556 0.001358 0.000004 0.029675
0 0 0.873061 0.013174 0.005309 0.000047 0.108408
0 0 0.638856 0.021670 0.008351 0.000069 0.331054
0 1 0.480923 0.166577 0.051206 0.000124 0.301171
1 1 0.213398 0.572200 0.102984 0.000004 0.111415
0 0 0.370291 0.269494 0.073716 0.000082 0.286417
0 1 0.399735 0.223971 0.047626 0.000005 0.328663
1 1 0.073319 0.680055 0.152460 0.000003 0.094164
1 1 0.017633 0.738459 0.159120 0.000019 0.084769
1 1 0.043248 0.593374 0.166496 0.000134 0.196748
1 1 0.006065 0.438753 0.218598 0.000853 0.335731
2 2 0.000249 0.113095 0.733420 0.004362 0.148874
4 1 0.005115 0.277300 0.340574 0.018926 0.358084
1 1 0.060902 0.510458 0.098253 0.000012 0.330375
1 1 0.041788 0.584266 0.169082 0.000040 0.204824
1 1 0.069655 0.654507 0.149848 0.000083 0.125907
4 1 0.004223 0.305434 0.194121 0.000591 0.495632
1 1 0.283404 0.527118 0.117876 0.000003 0.071599
0 1 0.688193 0.198457 0.043789 0.000005 0.069556
0 1 0.535208 0.160695 0.052788 0.000217 0.251092
4 2 0.039350 0.293814 0.321757 0.000044 0.345035
2 2 0.006496 0.263380 0.641327 0.001116 0.087682
2 2 0.001031 0.067248 0.850257 0.001651 0.079813
2 2 0.013980 0.107082 0.796090 0.000483 0.082365
2 2 0.016615 0.236890 0.415785 0.002065 0.328646
2 1 0.006973 0.205655 0.607466 0.000012 0.179893
4 1 0.048909 0.172888 0.285551 0.000157 0.492494
1 1 0.007471 0.544662 0.321379 0.000001 0.126487
1 1 0.041063 0.519790 0.302496 0.000040 0.136611
1 1 0.008825 0.482003 0.406253 0.000018 0.102900
2 2 0.000298 0.140504 0.772754 0.000656 0.085788
2 2 0.000028 0.022737 0.922327 0.002114 0.052794
2 2 0.000036 0.027551 0.921945 0.001578 0.048891
2 2 0.001416 0.088825 0.725844 0.001968 0.181947
2 2 0.058062 0.145583 0.593008 0.000223 0.203124
2 2 0.004608 0.078484 0.779868 0.000893 0.136148
2 2 0.000007 0.005650 0.980796 0.007761 0.005786
2 1 0.009869 0.072393 0.833466 0.000037 0.084234
2 1 0.005428 0.117372 0.837267 0.000054 0.039879
1 1 0.097478 0.528390 0.143705 0.000007 0.230420
2 1 0.034191 0.302091 0.335959 0.000004 0.327755
2 2 0.003098 0.321337 0.588363 0.000439 0.086763
2 2 0.000774 0.109980 0.820883 0.001088 0.067275
2 2 0.006676 0.180914 0.735572 0.000344 0.076495
1 0 0.042534 0.370477 0.254514 0.001139 0.331335
4 1 0.345138 0.171068 0.132972 0.000006 0.350816
4 2 0.008752 0.207488 0.230323 0.000141 0.553296
2 2 0.000957 0.079900 0.865367 0.005673 0.048103
2 2 0.000503 0.021285 0.964097 0.008792 0.005323
2 2 0.001808 0.182449 0.757296 0.012482 0.045965
2 2 0.012281 0.282196 0.493868 0.003785 0.207870
2 2 0.000063 0.007103 0.959051 0.025903 0.007880
2 2 0.000001 0.001452 0.981143 0.015798 0.001606
2 2 0.000689 0.027502 0.960198 0.003561 0.008050
2 2 0.001840 0.044417 0.919851 0.003099 0.030794
2 2 0.010587 0.072170 0.637917 0.009655 0.269672
2 2 0.003447 0.084831 0.827306 0.037172 0.047245
2 2 0.000101 0.034514 0.937547 0.000176 0.027661
2 2 0.000851 0.036312 0.905795 0.001639 0.055403
2 2 0.000020 0.028944 0.949540 0.011681 0.009815
2 2 0.000003 0.000941 0.954315 0.043660 0.001082
2 2 0.000013 0.001144 0.998233 0.000485 0.000126
2 2 0.000020 0.001053 0.994262 0.004342 0.000323
2 2 0.000269 0.009662 0.969221 0.010566 0.010283
2 1 0.001289 0.089028 0.824339 0.004943 0.080401
2 1 0.006322 0.244822 0.625733 0.001584 0.121539
2 1 0.007365 0.102313 0.644536 0.047134 0.198652
2 2 0.003683 0.207928 0.713363 0.000050 0.074976
2 0 0.002329 0.092447 0.855815 0.000198 0.049211
2 0 0.077972 0.266917 0.608136 0.000008 0.046967
0 1 0.628172 0.287086 0.052285 0.000001 0.032457
1 2 0.017486 0.497161 0.229363 0.000128 0.255862
1 2 0.019038 0.404391 0.395820 0.002315 0.178436
2 2 0.000001 0.000487 0.958900 0.040305 0.000306
2 2 0.000000 0.000826 0.930301 0.068614 0.000259
2 2 0.005841 0.094383 0.826436 0.006659 0.066682
2 2 0.000006 0.006552 0.989208 0.003805 0.000430
2 2 0.000007 0.002750 0.984298 0.012115 0.000829
2 2 0.000074 0.004897 0.987043 0.004711 0.003274
2 2 0.000153 0.015944 0.956131 0.008357 0.019415
2 2 0.001258 0.037154 0.761941 0.138771 0.060876
2 2 0.000427 0.027526 0.934338 0.012406 0.025303
2 2 0.000813 0.010155 0.832446 0.149549 0.007037
2 2 0.000141 0.014236 0.944069 0.036495 0.005059
2 2 0.000126 0.011277 0.948872 0.037753 0.001973
2 2 0.000006 0.001455 0.991170 0.006999 0.000371
2 2 0.000225 0.004517 0.881533 0.111091 0.002635
2 2 0.002091 0.047314 0.938399 0.000417 0.011778
2 2 0.002909 0.107514 0.851806 0.007151 0.030620
2 2 0.000226 0.002646 0.996084 0.000530 0.000514
2 2 0.000004 0.001215 0.956810 0.041838 0.000132
2 2 0.000004 0.002304 0.588218 0.404530 0.004944
2 2 0.000015 0.000447 0.754722 0.244615 0.000201
2 2 0.000086 0.012298 0.913612 0.030565 0.043440
2 2 0.000007 0.000915 0.795191 0.203251 0.000635
2 2 0.000033 0.007308 0.911439 0.072670 0.008550
2 2 0.000008 0.001943 0.797833 0.199220 0.000996
2 2 0.000005 0.001345 0.848851 0.149270 0.000528
2 2 0.000000 0.000084 0.637864 0.362012 0.000040
2 2 0.000064 0.006901 0.885037 0.105242 0.002756
2 2 0.000002 0.003212 0.945873 0.048153 0.002759
2 2 0.000010 0.002466 0.577065 0.412106 0.008353
2 3 0.007997 0.009824 0.662424 0.298051 0.021705
2 2 0.000000 0.000264 0.526909 0.472589 0.000237
2 3 0.000067 0.002107 0.621504 0.374242 0.002080
3 3 0.000000 0.000093 0.222470 0.777317 0.000120
3 3 0.000000 0.000111 0.093011 0.906773 0.000104
2 3 0.000000 0.000040 0.538831 0.461005 0.000123
3 3 0.000001 0.000503 0.302867 0.695085 0.001544
3 3 0.000000 0.000008 0.084645 0.915344 0.000003
3 3 0.000002 0.000425 0.096990 0.900515 0.002068
2 3 0.000014 0.003203 0.635298 0.357773 0.003711
3 3 0.000000 0.000035 0.224253 0.775707 0.000006
3 3 0.000000 0.000007 0.069886 0.930107 0.000000
3 3 0.000000 0.000019 0.047513 0.952464 0.000004
3 3 0.000021 0.000482 0.058716 0.940631 0.000151
3 3 0.000006 0.000180 0.029092 0.970653 0.000068
3 3 0.000001 0.000393 0.423195 0.575760 0.000651
3 3 0.000000 0.000052 0.354156 0.645697 0.000095
3 3 0.000001 0.000177 0.169598 0.829910 0.000314
3 3 0.000000 0.000001 0.027829 0.972169 0.000001
3 3 0.000001 0.001145 0.480681 0.517852 0.000320
3 3 0.000000 0.000039 0.098613 0.901279 0.000068
3 3 0.000004 0.003453 0.311116 0.684900 0.000527
3 3 0.000001 0.000073 0.030065 0.969826 0.000035
3 3 0.000000 0.000112 0.078585 0.921211 0.000091
3 3 0.000000 0.000004 0.002252 0.997744 0.000000
3 3 0.000009 0.000544 0.063137 0.936144 0.000165
3 3 0.000000 0.000001 0.013134 0.986864 0.000001
3 3 0.000014 0.000996 0.145191 0.853694 0.000104
3 3 0.000002 0.000083 0.043257 0.956638 0.000021
3 3 0.000000 0.000006 0.018296 0.981697 0.000001
3 3 0.000000 0.000002 0.002547 0.997451 0.000000
3 3 0.000000 0.000020 0.039434 0.960544 0.000002
3 3 0.000000 0.000012 0.063332 0.936655 0.000001
3 3 0.000002 0.000086 0.030183 0.969722 0.000007
3 3 0.000009 0.000100 0.010842 0.989044 0.000006
3 3 0.000000 0.000071 0.201623 0.798302 0.000005
3 3 0.000035 0.000699 0.076938 0.921869 0.000458
3 3 0.000000 0.000010 0.033125 0.966864 0.000001
3 3 0.000000 0.000034 0.029750 0.970211 0.000005
3 3 0.000000 0.000007 0.020356 0.979637 0.000000
3 3 0.000000 0.000003 0.009326 0.990670 0.000001
3 0 0.010748 0.017155 0.265800 0.689547 0.016751
2 1 0.176309 0.237819 0.312789 0.000258 0.272825
2 2 0.000067 0.014057 0.959337 0.014082 0.012458
2 2 0.000031 0.007004 0.812696 0.171824 0.008445
2 2 0.000055 0.009861 0.970767 0.008951 0.010366
2 1 0.010699 0.083756 0.850703 0.035838 0.019004
2 1 0.005276 0.177556 0.615984 0.000594 0.200590
4 1 0.072076 0.215502 0.156648 0.000245 0.555528
4 1 0.033431 0.077556 0.088885 0.000371 0.799756
4 4 0.058514 0.212220 0.302368 0.000783 0.426115
4 4 0.002972 0.250953 0.244900 0.000564 0.500611
1 4 0.044202 0.413818 0.247012 0.000071 0.294898
4 4 0.052469 0.263644 0.336097 0.000012 0.347778
4 4 0.346632 0.049714 0.055316 0.000045 0.548293
4 0 0.242425 0.069039 0.136656 0.000172 0.551709
0 0 0.627494 0.106706 0.032507 0.000025 0.233268
4 4 0.328074 0.101258 0.021655 0.000001 0.549012
4 4 0.038741 0.297998 0.053518 0.000004 0.609740
4 4 0.395513 0.015869 0.006385 0.000023 0.582211
4 4 0.232975 0.013258 0.004448 0.000014 0.749306
4 4 0.226376 0.191217 0.063714 0.000057 0.518636
0 4 0.406138 0.172474 0.282375 0.000002 0.139011
4 4 0.052968 0.113149 0.043729 0.000002 0.790152
1 4 0.115936 0.435956 0.251612 0.000011 0.196485
4 4 0.023640 0.142736 0.124928 0.000078 0.708618
4 4 0.014321 0.222570 0.077272 0.000110 0.685727
4 4 0.056010 0.128404 0.106233 0.000130 0.709222
4 4 0.349599 0.098226 0.024014 0.000007 0.528154
4 4 0.078930 0.042747 0.009742 0.000002 0.868580
4 4 0.040483 0.146739 0.052340 0.000002 0.760436
4 0 0.007250 0.389586 0.041981 0.000000 0.561183
1 0 0.004884 0.644176 0.347186 0.000003 0.003751
0 4 0.506978 0.151637 0.068281 0.000003 0.273101
0 4 0.487778 0.055564 0.044215 0.000017 0.412426
4 4 0.127048 0.133860 0.035604 0.000037 0.703450
4 4 0.078823 0.269809 0.045711 0.000001 0.605656
4 4 0.018960 0.147929 0.097466 0.000021 0.735624
1 4 0.099702 0.540801 0.094414 0.000001 0.265081
4 4 0.233438 0.204897 0.039323 0.000002 0.522340
4 4 0.139711 0.146958 0.025002 0.000001 0.688329
4 4 0.032428 0.162485 0.031077 0.000003 0.774008
4 4 0.010979 0.243015 0.043399 0.000004 0.702603
0 4 0.520569 0.070329 0.031093 0.000026 0.377984
0 4 0.464837 0.060669 0.018284 0.000027 0.456182
0 4 0.544246 0.030631 0.008651 0.000005 0.416466
4 4 0.384886 0.048088 0.016088 0.000060 0.550877
4 4 0.144124 0.018428 0.006885 0.000047 0.830515
4 4 0.460410 0.020651 0.007586 0.000046 0.511307
4 4 0.161208 0.027491 0.010403 0.000135 0.800763
4 4 0.079128 0.122474 0.029691 0.000016 0.768691
0 4 0.410694 0.264609 0.058356 0.000002 0.266339
4 4 0.144646 0.195781 0.026247 0.000000 0.633325
4 4 0.272179 0.283506 0.036584 0.000000 0.407732
4 4 0.328945 0.205903 0.035591 0.000001 0.429560
0 4 0.455884 0.073296 0.044755 0.000022 0.426044
4 4 0.054648 0.089403 0.248494 0.000045 0.607410
4 4 0.016682 0.054892 0.044658 0.000012 0.883755
4 4 0.032591 0.082423 0.106988 0.000002 0.777996
4 4 0.010192 0.036486 0.017285 0.000024 0.936013
4 4 0.172964 0.214530 0.071575 0.000025 0.540906
4 4 0.097382 0.056309 0.016062 0.000004 0.830242
4 4 0.128251 0.073011 0.029049 0.000047 0.769642
4 4 0.273969 0.085052 0.027175 0.000003 0.613801
4 0 0.323300 0.078253 0.027332 0.000012 0.571104
0 0 0.743965 0.099076 0.024174 0.000005 0.132780
4 1 0.316070 0.134737 0.023059 0.000000 0.526133
4 1 0.303589 0.145518 0.028161 0.000001 0.522730
4 1 0.017042 0.261261 0.129322 0.000001 0.592374
4 1 0.001425 0.198224 0.141476 0.000029 0.658846
1 2 0.008503 0.400514 0.284091 0.000003 0.306889
4 2 0.061849 0.269108 0.091001 0.000046 0.577997
2 2 0.003993 0.117881 0.503005 0.000006 0.375114
4 2 0.032204 0.085594 0.041472 0.000027 0.840704
4 1 0.005182 0.409564 0.133767 0.000006 0.451481
