4 0 0.434917 0.116700 0.000009 0.000000 0.448375
1 0 0.000358 0.986511 0.000106 0.000000 0.013024
4 0 0.054045 0.005751 0.000120 0.000000 0.940084
4 0 0.076636 0.030156 0.007051 0.000014 0.886143
1 1 0.008473 0.684820 0.144393 0.000000 0.162313
1 1 0.004605 0.571479 0.315669 0.000001 0.108245
0 1 0.818140 0.167342 0.012715 0.000000 0.001803
0 0 0.995582 0.003816 0.000560 0.000000 0.000042
0 0 0.786788 0.189775 0.016449 0.000000 0.006987
0 0 0.849158 0.104540 0.035916 0.000015 0.010371
0 0 0.698875 0.060672 0.020835 0.000221 0.219396
4 0 0.096568 0.029640 0.003320 0.000000 0.870473
1 0 0.117681 0.693719 0.058728 0.000000 0.129873
4 0 0.049472 0.269516 0.029165 0.000000 0.651848
1 0 0.142779 0.454448 0.022249 0.000000 0.380524
1 1 0.009646 0.759525 0.050080 0.000000 0.180748
4 1 0.054691 0.345926 0.069242 0.000000 0.530140
4 1 0.192245 0.371538 0.037671 0.000000 0.398546
1 1 0.023031 0.469473 0.070760 0.000000 0.436736
1 1 0.021899 0.443334 0.116585 0.000001 0.418181
1 1 0.019990 0.502846 0.105040 0.000000 0.372123
4 1 0.032557 0.306089 0.079218 0.000002 0.582133
4 1 0.032931 0.302363 0.024692 0.000000 0.640013
4 1 0.036214 0.254157 0.031578 0.000000 0.678051
1 1 0.007774 0.713890 0.140570 0.000000 0.137765
1 1 0.021009 0.486683 0.102158 0.000000 0.390150
4 4 0.035160 0.167958 0.055310 0.000003 0.741569
4 4 0.055291 0.042567 0.010074 0.000009 0.892059
1 4 0.021033 0.416016 0.202291 0.000014 0.360646
1 4 0.021193 0.482449 0.103613 0.000000 0.392744
1 4 0.032476 0.453529 0.127712 0.000725 0.385558
1 4 0.012335 0.482660 0.201233 0.000844 0.302927
1 4 0.003917 0.482473 0.296208 0.045904 0.171498
1 4 0.015615 0.557646 0.382014 0.000641 0.044084
2 4 0.000190 0.083996 0.908420 0.000594 0.006800
2 4 0.000182 0.037071 0.943021 0.003849 0.015877
2 4 0.016366 0.180232 0.793784 0.000053 0.009565
2 4 0.001364 0.163001 0.825137 0.000155 0.010343
2 2 0.009669 0.099743 0.782177 0.028757 0.079655
2 2 0.008491 0.083307 0.742774 0.026857 0.138572
1 2 0.043269 0.580575 0.323457 0.000083 0.052616
1 2 0.025380 0.568073 0.217042 0.000040 0.189465
4 2 0.215326 0.098003 0.076417 0.000694 0.609560
4 4 0.142517 0.098213 0.062388 0.000631 0.696252
2 4 0.000603 0.036318 0.774594 0.179936 0.008548
2 4 0.002045 0.074474 0.833637 0.081393 0.008451
2 2 0.001558 0.228004 0.753504 0.003163 0.013771
2 2 0.000317 0.018370 0.769937 0.210797 0.000578
2 2 0.092420 0.248659 0.309049 0.189758 0.160114
2 2 0.039529 0.201004 0.483288 0.176261 0.099918
2 2 0.060170 0.122321 0.798883 0.006512 0.012114
2 2 0.002073 0.014076 0.573562 0.410004 0.000285
2 2 0.000515 0.016085 0.872804 0.110473 0.000122
2 2 0.000289 0.005023 0.509634 0.484934 0.000120
2 2 0.000615 0.039928 0.554510 0.397671 0.007276
2 2 0.000124 0.017023 0.940240 0.042471 0.000142
2 2 0.000143 0.016354 0.583684 0.399189 0.000630
2 2 0.000059 0.010743 0.581553 0.407260 0.000386
2 2 0.000094 0.007685 0.593576 0.398119 0.000526
2 2 0.002108 0.038436 0.935351 0.022943 0.001162
2 2 0.006035 0.030883 0.738923 0.221219 0.002941
2 2 0.000864 0.026396 0.596008 0.373832 0.002900
2 2 0.007855 0.053229 0.808153 0.129731 0.001032
2 2 0.003206 0.148362 0.812995 0.031281 0.004156
2 2 0.000767 0.011383 0.965015 0.022653 0.000182
2 2 0.000006 0.000710 0.626162 0.373104 0.000018
2 2 0.000316 0.040050 0.946509 0.012707 0.000418
2 2 0.000045 0.005731 0.767223 0.226970 0.000031
2 2 0.000184 0.015409 0.849366 0.135000 0.000042
2 2 0.000482 0.005809 0.809014 0.184600 0.000096
3 2 0.000343 0.010494 0.311573 0.677054 0.000536
3 2 0.000000 0.000183 0.381649 0.618167 0.000001
3 2 0.000041 0.000359 0.028797 0.970796 0.000007
3 2 0.000008 0.000083 0.051679 0.948222 0.000008
2 2 0.001386 0.009821 0.567582 0.421026 0.000185
2 2 0.000078 0.003437 0.764414 0.232059 0.000012
3 2 0.000312 0.001901 0.158975 0.838365 0.000447
3 2 0.001036 0.001401 0.096574 0.900904 0.000085
3 2 0.000132 0.010232 0.272286 0.717026 0.000325
3 2 0.000232 0.001391 0.061707 0.936566 0.000103
3 2 0.000077 0.000924 0.086179 0.912776 0.000044
2 2 0.002136 0.017490 0.642950 0.335892 0.001532
3 2 0.000744 0.004369 0.473937 0.520895 0.000055
2 2 0.000150 0.003883 0.686069 0.309889 0.000009
2 2 0.109129 0.267991 0.590372 0.017577 0.014931
2 2 0.007333 0.074549 0.883807 0.031626 0.002684
2 2 0.001306 0.032795 0.704120 0.260487 0.001291
3 2 0.000663 0.011850 0.276319 0.710154 0.001014
2 2 0.000591 0.057452 0.644197 0.294342 0.003418
2 2 0.000220 0.009034 0.530818 0.459072 0.000856
2 2 0.000380 0.015359 0.943511 0.040679 0.000072
2 2 0.000027 0.008234 0.765044 0.226657 0.000037
2 2 0.000051 0.008465 0.713522 0.277511 0.000451
2 2 0.000009 0.003742 0.903689 0.092530 0.000029
2 2 0.001387 0.058889 0.873978 0.064127 0.001620
2 2 0.000120 0.007029 0.885603 0.107197 0.000050
2 2 0.000124 0.008532 0.711789 0.279426 0.000129
3 2 0.000014 0.000422 0.081076 0.918413 0.000075
2 2 0.003413 0.036647 0.732166 0.223989 0.003785
2 2 0.003161 0.038759 0.826752 0.127332 0.003996
2 2 0.000356 0.009372 0.665279 0.324861 0.000132
3 2 0.000186 0.006288 0.276425 0.716965 0.000137
3 2 0.000172 0.002375 0.249061 0.748337 0.000056
3 2 0.000083 0.002410 0.140623 0.856187 0.000697
2 2 0.017809 0.020475 0.782728 0.177116 0.001872
2 2 0.006907 0.031075 0.955314 0.005796 0.000909
2 2 0.018469 0.142861 0.775623 0.026078 0.036969
2 2 0.070567 0.254504 0.607162 0.030793 0.036974
3 2 0.001217 0.019763 0.386975 0.587708 0.004337
2 2 0.000124 0.012379 0.801193 0.185722 0.000581
2 2 0.003336 0.057408 0.654050 0.276099 0.009107
2 2 0.034005 0.056052 0.700249 0.200313 0.009381
2 2 0.000282 0.020978 0.933487 0.044880 0.000372
2 2 0.000998 0.030061 0.665491 0.301908 0.001542
2 2 0.003426 0.096829 0.873040 0.024409 0.002295
2 2 0.001888 0.073450 0.902618 0.019023 0.003021
2 2 0.000203 0.011798 0.932512 0.055411 0.000076
2 2 0.006661 0.118737 0.862986 0.009946 0.001669
2 2 0.001576 0.054958 0.880895 0.061444 0.001126
2 2 0.002230 0.047014 0.922879 0.025533 0.002345
2 2 0.001757 0.120785 0.871399 0.002496 0.003564
2 2 0.000236 0.009756 0.951154 0.038807 0.000047
2 2 0.000788 0.063560 0.814481 0.119412 0.001759
2 2 0.001679 0.070566 0.879663 0.046699 0.001393
2 2 0.002133 0.157074 0.833371 0.005018 0.002405
2 2 0.000603 0.046612 0.882541 0.067913 0.002331
2 2 0.007457 0.028295 0.957149 0.006614 0.000485
2 2 0.033219 0.126337 0.829312 0.008129 0.003003
2 2 0.003071 0.046077 0.942663 0.006591 0.001598
2 2 0.003236 0.111585 0.882059 0.000189 0.002931
0 2 0.806930 0.126280 0.012124 0.000000 0.054666
0 2 0.711338 0.046038 0.001788 0.000000 0.240836
0 0 0.995430 0.002438 0.000351 0.000000 0.001781
0 0 0.999518 0.000298 0.000004 0.000000 0.000180
0 0 0.747192 0.142993 0.027386 0.000018 0.082411
0 0 0.635205 0.232065 0.031720 0.000004 0.101006
0 0 0.628991 0.248141 0.061017 0.000005 0.061846
0 0 0.725796 0.210892 0.039268 0.000000 0.024044
1 0 0.384355 0.439382 0.107473 0.000029 0.068761
1 0 0.365669 0.482656 0.135145 0.000002 0.016528
1 0 0.117525 0.628911 0.246025 0.000033 0.007505
1 0 0.254545 0.601830 0.100918 0.000001 0.042706
0 0 0.988578 0.006485 0.002186 0.000027 0.002724
0 0 0.714488 0.070421 0.014234 0.000008 0.200849
1 0 0.129361 0.564200 0.141463 0.000215 0.164760
1 0 0.277545 0.447715 0.096122 0.000002 0.178615
0 0 0.953042 0.016842 0.004610 0.000023 0.025483
0 0 0.938847 0.043124 0.011930 0.000011 0.006088
4 0 0.346398 0.049360 0.006720 0.000005 0.597518
0 0 0.981160 0.003501 0.000308 0.000000 0.015031
0 0 0.983061 0.008830 0.002878 0.000031 0.005201
0 0 0.971228 0.014968 0.003058 0.000004 0.010742
0 0 0.920001 0.034570 0.021762 0.000382 0.023285
0 0 0.980722 0.012795 0.002381 0.000001 0.004101
0 0 0.716973 0.111506 0.037509 0.001405 0.132607
0 0 0.790725 0.120616 0.055317 0.000697 0.032644
0 0 0.968946 0.010762 0.002124 0.000002 0.018165
0 0 0.772279 0.070988 0.010346 0.000001 0.146386
0 0 0.647320 0.085471 0.031342 0.000292 0.235575
0 0 0.676932 0.044108 0.007998 0.000004 0.270958
0 0 0.806657 0.087143 0.013824 0.000000 0.092376
0 1 0.416009 0.383336 0.070269 0.000005 0.130381
0 0 0.618745 0.201236 0.060812 0.000003 0.119205
1 0 0.296523 0.325931 0.311085 0.000814 0.065646
1 0 0.270359 0.342585 0.245137 0.000315 0.141604
2 0 0.055957 0.234535 0.666320 0.005192 0.037997
1 0 0.174059 0.564104 0.183837 0.000016 0.077984
1 0 0.204205 0.415571 0.082280 0.000078 0.297866
0 0 0.980163 0.013101 0.003329 0.000005 0.003402
0 0 0.914795 0.019149 0.003910 0.000006 0.062140
0 0 0.687004 0.047381 0.012332 0.000043 0.253240
0 0 0.655587 0.071519 0.012003 0.000002 0.260888
0 1 0.623715 0.086951 0.015822 0.000079 0.273433
0 1 0.975835 0.008211 0.001556 0.000002 0.014395
0 0 0.847596 0.114915 0.034116 0.000002 0.003371
0 0 0.690352 0.177421 0.050068 0.000012 0.082147
0 0 0.598130 0.159949 0.023268 0.000006 0.218647
0 0 0.697881 0.161395 0.080047 0.000039 0.060638
0 0 0.986761 0.008966 0.002961 0.000035 0.001277
1 0 0.389126 0.485509 0.088293 0.000001 0.037070
1 0 0.100634 0.617567 0.086170 0.000000 0.195628
1 0 0.062514 0.606033 0.056931 0.000000 0.274522
4 4 0.033009 0.299797 0.077389 0.000002 0.589802
1 4 0.017021 0.530293 0.139422 0.000001 0.313263
4 4 0.026413 0.404961 0.081831 0.000000 0.486795
4 4 0.025523 0.424574 0.115377 0.000001 0.434524
4 4 0.031987 0.323458 0.040785 0.000000 0.603771
4 4 0.038880 0.203401 0.018501 0.000000 0.739218
2 4 0.003586 0.176466 0.558768 0.000004 0.261176
4 4 0.010220 0.250808 0.296041 0.000003 0.442928
4 4 0.035074 0.274140 0.040211 0.000000 0.650575
1 4 0.015240 0.545539 0.159974 0.000001 0.279246
1 4 0.018647 0.464633 0.185665 0.000012 0.331043
4 4 0.027860 0.369782 0.102319 0.000002 0.500037
4 4 0.038294 0.226872 0.047634 0.000001 0.687200
4 4 0.052784 0.012861 0.001102 0.000000 0.933252
4 4 0.121692 0.011775 0.001016 0.000000 0.865516
4 4 0.053957 0.010794 0.001154 0.000000 0.934094
4 4 0.041685 0.014608 0.001800 0.000000 0.941907
4 4 0.128009 0.158692 0.029641 0.000581 0.683076
4 4 0.094155 0.040810 0.021437 0.000043 0.843556
4 4 0.275592 0.034129 0.004246 0.000001 0.686032
4 4 0.048560 0.066305 0.007627 0.000000 0.877508
4 4 0.051841 0.035713 0.005027 0.000000 0.907419
4 4 0.261811 0.026045 0.003637 0.000001 0.708505
4 4 0.050177 0.013150 0.000786 0.000000 0.935886
4 4 0.015222 0.016563 0.001470 0.000000 0.966744
4 4 0.026699 0.012293 0.001061 0.000000 0.959947
4 4 0.015417 0.040713 0.060610 0.000005 0.883255
4 4 0.046225 0.089808 0.015458 0.000000 0.848509
1 4 0.014464 0.586951 0.126727 0.000000 0.271857
1 4 0.014862 0.592263 0.110729 0.000000 0.282146
0 4 0.674256 0.216437 0.028736 0.000001 0.080570
0 4 0.604045 0.265254 0.028108 0.000000 0.102594
1 4 0.018885 0.614347 0.210707 0.000009 0.156052
1 4 0.012323 0.445345 0.404929 0.000008 0.137394
0 4 0.827911 0.096889 0.017941 0.000001 0.057258
0 0 0.560394 0.239611 0.065627 0.001628 0.132741
1 0 0.083403 0.519647 0.088636 0.000002 0.308312
0 0 0.682684 0.083805 0.013448 0.000001 0.220062
0 0 0.464035 0.287488 0.033090 0.000000 0.215387
0 0 0.847824 0.108150 0.043300 0.000004 0.000722
0 0 0.997219 0.001833 0.000462 0.000002 0.000483
0 0 0.998738 0.000875 0.000326 0.000007 0.000054
0 0 0.861939 0.031471 0.004510 0.000001 0.102079
4 0 0.166051 0.102950 0.019101 0.000002 0.711895
1 0 0.232514 0.454763 0.174249 0.004855 0.133619
0 0 0.829362 0.082103 0.024215 0.000026 0.064294
4 0 0.231223 0.333007 0.090748 0.000009 0.345014
1 0 0.136381 0.478803 0.180523 0.000099 0.204193
1 0 0.252723 0.382173 0.278202 0.000003 0.086899
0 0 0.393112 0.210757 0.058589 0.000110 0.337431
0 0 0.699288 0.159472 0.034130 0.000012 0.107097
0 0 0.412680 0.379151 0.087130 0.000009 0.121029
0 0 0.932348 0.021594 0.003227 0.000000 0.042831
0 0 0.956308 0.012995 0.002709 0.000005 0.027983
0 0 0.961566 0.029311 0.006384 0.000000 0.002739
0 0 0.985327 0.010062 0.003903 0.000017 0.000692
0 0 0.889934 0.067015 0.030270 0.000025 0.012756
0 0 0.835706 0.060059 0.010533 0.000060 0.093643
1 0 0.024859 0.794946 0.113095 0.000000 0.067100
2 0 0.005312 0.184170 0.781646 0.000212 0.028661
1 0 0.021304 0.604045 0.331831 0.000355 0.042464
1 1 0.057385 0.620975 0.301554 0.000012 0.020075
1 4 0.008539 0.721956 0.256474 0.000146 0.012885
2 4 0.095864 0.331339 0.552320 0.000663 0.019814
2 4 0.019930 0.445819 0.491865 0.006471 0.035914
2 4 0.006362 0.300311 0.648662 0.003648 0.041016
1 4 0.038444 0.580253 0.299012 0.001041 0.081249
1 2 0.020188 0.730108 0.237137 0.000052 0.012515
1 2 0.164007 0.418598 0.386296 0.000011 0.031089
0 2 0.731507 0.197810 0.067193 0.000003 0.003488
1 2 0.375073 0.454240 0.137591 0.000003 0.033093
1 2 0.024520 0.564285 0.074356 0.000001 0.336837
1 2 0.051145 0.516680 0.166901 0.000007 0.265266
4 2 0.059878 0.256441 0.051565 0.000001 0.632115
1 2 0.004450 0.531830 0.195119 0.000096 0.268505
1 2 0.007177 0.572763 0.181258 0.000005 0.238798
0 2 0.566001 0.168466 0.086036 0.000038 0.179459
1 2 0.379881 0.400809 0.049127 0.000001 0.170183
0 2 0.426926 0.350448 0.067798 0.000003 0.154825
1 2 0.067526 0.648579 0.127564 0.000042 0.156289
0 2 0.736900 0.143931 0.034363 0.000007 0.084799
0 2 0.904389 0.056683 0.008984 0.000000 0.029944
0 2 0.753692 0.173112 0.057519 0.000022 0.015655
0 0 0.904294 0.046372 0.011317 0.000181 0.037836
4 0 0.269231 0.309852 0.042245 0.000002 0.378669
4 0 0.010394 0.429052 0.086576 0.000003 0.473975
2 1 0.000099 0.097252 0.894359 0.000352 0.007939
2 1 0.002718 0.092555 0.882828 0.000413 0.021486
1 2 0.004815 0.529256 0.142533 0.000110 0.323286
2 2 0.005260 0.285993 0.525435 0.003507 0.179805
0 2 0.813157 0.066987 0.003510 0.000000 0.116346
0 2 0.652876 0.273682 0.059212 0.000004 0.014225
1 2 0.005666 0.614363 0.300321 0.000309 0.079340
1 2 0.010716 0.474611 0.410967 0.001070 0.102636
1 2 0.211810 0.442709 0.169160 0.000542 0.175779
1 2 0.068059 0.465162 0.320334 0.000499 0.145945
2 2 0.010137 0.221267 0.746571 0.004576 0.017449
2 2 0.000072 0.031142 0.894214 0.073093 0.001479
2 2 0.056523 0.130305 0.787450 0.000918 0.024804
1 2 0.191296 0.431401 0.338260 0.000027 0.039015
2 2 0.000121 0.018612 0.962913 0.018126 0.000228
2 2 0.000035 0.007087 0.724520 0.268296 0.000062
2 2 0.000004 0.001875 0.969352 0.028755 0.000014
2 2 0.000123 0.009043 0.990728 0.000077 0.000029
2 2 0.002486 0.133302 0.858817 0.003508 0.001887
2 2 0.000057 0.007263 0.963197 0.029437 0.000046
2 2 0.000087 0.002540 0.767387 0.229966 0.000021
2 2 0.000024 0.005711 0.895083 0.099164 0.000019
2 2 0.000025 0.011914 0.982424 0.005576 0.000062
2 2 0.000163 0.021626 0.968647 0.009450 0.000114
2 2 0.002612 0.246187 0.718119 0.000862 0.032220
2 2 0.000488 0.065933 0.924371 0.007039 0.002169
2 2 0.000931 0.067821 0.927968 0.000919 0.002362
2 2 0.000567 0.036008 0.954081 0.009125 0.000219
2 2 0.000928 0.113789 0.847359 0.000812 0.037111
2 2 0.008891 0.239211 0.726800 0.003248 0.021851
2 2 0.003602 0.064878 0.923157 0.007744 0.000618
2 2 0.001184 0.027374 0.962864 0.004732 0.003845
2 2 0.001141 0.044791 0.940631 0.012404 0.001033
2 2 0.001297 0.058524 0.925745 0.012813 0.001621
2 2 0.002966 0.197961 0.775265 0.011234 0.012574
2 2 0.000184 0.049826 0.940436 0.008646 0.000908
2 2 0.000467 0.097338 0.886506 0.009746 0.005944
2 2 0.001483 0.023457 0.887175 0.086819 0.001067
2 2 0.008847 0.195775 0.724154 0.021269 0.049956
2 2 0.000147 0.042889 0.879835 0.076034 0.001095
2 2 0.000219 0.009055 0.888446 0.097036 0.005243
2 2 0.003358 0.130196 0.814128 0.003261 0.049058
2 2 0.000011 0.001194 0.644571 0.354166 0.000058
3 2 0.000082 0.007230 0.483780 0.507932 0.000977
0 2 0.442704 0.168159 0.329011 0.052011 0.008116
0 2 0.692428 0.219180 0.084352 0.000046 0.003993
2 2 0.000376 0.049561 0.659822 0.288488 0.001753
2 2 0.000004 0.002251 0.921061 0.076521 0.000163
2 2 0.079044 0.156843 0.740766 0.016450 0.006898
2 4 0.042181 0.293126 0.652067 0.006152 0.006474
2 4 0.001399 0.051253 0.935388 0.010735 0.001224
2 4 0.000085 0.010681 0.953840 0.035288 0.000106
2 4 0.000353 0.044314 0.896665 0.056418 0.002250
3 4 0.000049 0.017747 0.346481 0.635417 0.000305
2 4 0.001702 0.088622 0.808878 0.098235 0.002562
2 2 0.001411 0.030587 0.851964 0.115362 0.000676
2 2 0.007728 0.067182 0.889384 0.024174 0.011532
2 2 0.001237 0.020335 0.974953 0.003179 0.000295
2 2 0.000068 0.013910 0.629475 0.356165 0.000382
2 2 0.000012 0.002089 0.659246 0.338636 0.000016
2 2 0.000326 0.038090 0.935595 0.023350 0.002639
2 2 0.016895 0.068346 0.875744 0.036137 0.002878
1 2 0.081815 0.823540 0.092079 0.000000 0.002566
1 2 0.046203 0.709031 0.218735 0.000199 0.025832
1 2 0.203196 0.560563 0.169696 0.000007 0.066537
2 2 0.057803 0.423298 0.441773 0.000029 0.077097
2 2 0.087871 0.429348 0.446553 0.000487 0.035741
0 0 0.659117 0.219572 0.101640 0.000010 0.019660
1 0 0.220378 0.673416 0.058932 0.000000 0.047274
1 0 0.465395 0.471685 0.027249 0.000000 0.035671
2 1 0.002264 0.196931 0.795498 0.000044 0.005264
2 1 0.003144 0.098716 0.893729 0.000087 0.004324
2 2 0.001151 0.151325 0.840067 0.004679 0.002778
2 2 0.000427 0.028406 0.959969 0.009745 0.001452
2 2 0.000852 0.094234 0.895686 0.008118 0.001110
2 2 0.000051 0.012045 0.782273 0.204842 0.000788
2 2 0.002036 0.047854 0.934137 0.015242 0.000731
2 2 0.000056 0.010397 0.986773 0.002620 0.000153
2 2 0.001505 0.093677 0.895627 0.008210 0.000981
2 2 0.000197 0.016501 0.912091 0.070748 0.000464
2 2 0.004831 0.093761 0.896602 0.001156 0.003650
1 2 0.158208 0.614803 0.141587 0.000001 0.085401
2 2 0.014566 0.387663 0.571596 0.001551 0.024624
2 2 0.002757 0.027035 0.885156 0.082642 0.002410
2 2 0.000210 0.026707 0.967701 0.005168 0.000214
2 2 0.008034 0.086829 0.871304 0.025683 0.008150
2 2 0.000208 0.090814 0.886402 0.017126 0.005451
2 2 0.000016 0.004515 0.967832 0.027593 0.000043
2 2 0.000006 0.000182 0.638549 0.361257 0.000005
2 2 0.000826 0.007179 0.866591 0.124796 0.000608
0 2 0.597133 0.317029 0.045783 0.000000 0.040055
1 2 0.002501 0.751742 0.228655 0.000006 0.017097
2 2 0.012775 0.073126 0.884492 0.024100 0.005507
2 2 0.000157 0.009113 0.802459 0.188077 0.000194
2 2 0.007146 0.340166 0.646291 0.000450 0.005948
2 2 0.004318 0.269368 0.707343 0.000195 0.018775
2 2 0.000146 0.040067 0.958317 0.000526 0.000944
2 2 0.007508 0.162296 0.811581 0.000052 0.018564
2 2 0.001026 0.042922 0.940822 0.014654 0.000576
2 2 0.001123 0.074269 0.915460 0.006061 0.003086
2 2 0.000156 0.008464 0.968562 0.021895 0.000923
2 2 0.000513 0.045384 0.927954 0.023838 0.002311
2 2 0.000048 0.083921 0.912252 0.003091 0.000688
2 2 0.000059 0.013199 0.965584 0.020553 0.000605
2 2 0.000015 0.007363 0.963001 0.029441 0.000181
2 2 0.000038 0.018740 0.967532 0.013077 0.000613
2 2 0.000095 0.013895 0.871497 0.114282 0.000231
3 2 0.000044 0.000589 0.213539 0.785814 0.000013
3 2 0.002096 0.017999 0.462178 0.515925 0.001803
2 2 0.003959 0.037150 0.675987 0.277359 0.005546
3 2 0.002072 0.020391 0.335303 0.638215 0.004019
2 2 0.000345 0.014041 0.876910 0.105942 0.002761
2 2 0.001171 0.041614 0.907442 0.044581 0.005191
2 2 0.001112 0.019813 0.836247 0.123899 0.018928
2 2 0.000059 0.015887 0.924770 0.057258 0.002025
2 2 0.000183 0.007209 0.576131 0.414845 0.001632
2 2 0.000296 0.007276 0.532384 0.458613 0.001431
2 2 0.000160 0.029177 0.935447 0.032301 0.002915
2 2 0.003250 0.058952 0.931205 0.005760 0.000833
1 2 0.156577 0.496523 0.334826 0.002602 0.009472
2 2 0.037612 0.447505 0.495450 0.000183 0.019250
2 2 0.003333 0.401483 0.582438 0.000520 0.012225
2 2 0.000085 0.016003 0.956442 0.027390 0.000079
2 2 0.000134 0.017730 0.980771 0.001012 0.000352
2 2 0.002464 0.038840 0.670808 0.285344 0.002544
3 2 0.000365 0.004538 0.344608 0.650407 0.000082
2 2 0.000343 0.033774 0.924265 0.040600 0.001018
2 2 0.000708 0.056027 0.913982 0.019119 0.010164
2 2 0.003149 0.113899 0.878991 0.000648 0.003314
2 2 0.001379 0.046968 0.949199 0.002006 0.000447
2 2 0.000042 0.006068 0.576181 0.417610 0.000099
3 2 0.000235 0.005336 0.435300 0.559080 0.000050
2 2 0.000463 0.184079 0.791401 0.022951 0.001105
2 2 0.000369 0.033678 0.656286 0.306669 0.002998
3 2 0.000420 0.021274 0.363433 0.614530 0.000343
2 2 0.000556 0.018564 0.678705 0.301691 0.000484
2 2 0.003988 0.012193 0.529655 0.453423 0.000741
2 2 0.004861 0.019225 0.742391 0.230960 0.002562
3 2 0.000100 0.005257 0.406469 0.587497 0.000678
2 2 0.000149 0.002420 0.581835 0.415497 0.000098
2 2 0.269739 0.232663 0.418547 0.003957 0.075095
4 2 0.332987 0.242860 0.068342 0.000019 0.355793
2 2 0.009085 0.385280 0.579419 0.000115 0.026101
2 2 0.088693 0.125683 0.766026 0.016000 0.003598
2 2 0.003211 0.115449 0.870109 0.006427 0.004803
2 2 0.001718 0.124883 0.839949 0.020183 0.013267
2 2 0.000358 0.102697 0.816837 0.048786 0.031322
2 2 0.007657 0.183032 0.598572 0.100744 0.109996
2 2 0.000482 0.021664 0.964434 0.012321 0.001099
2 2 0.018920 0.043413 0.931886 0.001933 0.003849
2 2 0.121037 0.348027 0.499566 0.003282 0.028089
2 2 0.001123 0.026419 0.946714 0.019511 0.006233
2 2 0.000011 0.011125 0.958554 0.030011 0.000299
2 2 0.000010 0.003459 0.967738 0.028722 0.000071
2 2 0.002286 0.046237 0.931219 0.015167 0.005090
2 2 0.000153 0.012598 0.944888 0.041246 0.001115
2 2 0.000047 0.039121 0.904464 0.051764 0.004605
2 2 0.000001 0.003504 0.985305 0.011130 0.000060
2 2 0.000052 0.018008 0.965732 0.014696 0.001512
2 2 0.000534 0.023345 0.880671 0.091390 0.004060
2 2 0.000006 0.003799 0.908910 0.087195 0.000090
2 2 0.000012 0.002435 0.686816 0.310607 0.000131
2 2 0.000037 0.004969 0.977818 0.017012 0.000164
2 2 0.000101 0.005816 0.873546 0.120434 0.000102
3 2 0.000548 0.004928 0.129979 0.861890 0.002654
2 2 0.000057 0.003278 0.723269 0.273298 0.000098
3 2 0.000262 0.011856 0.484364 0.502689 0.000830
3 2 0.000003 0.000729 0.392107 0.607099 0.000062
3 2 0.000005 0.000167 0.041077 0.958735 0.000016
3 2 0.000001 0.000145 0.046415 0.953378 0.000061
3 2 0.000000 0.000054 0.069499 0.930423 0.000023
3 2 0.000001 0.000120 0.092595 0.907283 0.000001
3 2 0.000010 0.000184 0.088261 0.911534 0.000010
3 3 0.000002 0.000053 0.082224 0.917713 0.000008
2 3 0.000484 0.011516 0.519204 0.468187 0.000609
3 3 0.000204 0.005107 0.253775 0.739913 0.001002
3 3 0.000055 0.000289 0.040983 0.958656 0.000017
3 3 0.000013 0.000137 0.078494 0.921321 0.000035
3 3 0.000001 0.000076 0.031489 0.968427 0.000007
3 3 0.000063 0.000949 0.096085 0.902893 0.000009
3 3 0.000205 0.002644 0.275518 0.721505 0.000128
3 3 0.000136 0.000885 0.141663 0.857308 0.000009
3 3 0.000105 0.006054 0.278844 0.714590 0.000407
3 3 0.000065 0.001041 0.465333 0.533550 0.000012
3 3 0.000004 0.000071 0.112442 0.887481 0.000001
2 3 0.000005 0.000323 0.580446 0.419224 0.000002
3 3 0.000017 0.000717 0.099310 0.899930 0.000026
3 3 0.000008 0.000482 0.080002 0.919466 0.000041
3 3 0.000557 0.004128 0.248971 0.746306 0.000038
3 3 0.000147 0.002405 0.230817 0.766595 0.000037
2 3 0.000719 0.020538 0.638974 0.339356 0.000413
3 3 0.000831 0.014684 0.141516 0.841847 0.001122
3 3 0.004065 0.006630 0.123314 0.865404 0.000586
3 3 0.000707 0.003563 0.220662 0.773089 0.001979
3 3 0.000110 0.001438 0.273354 0.725057 0.000041
3 3 0.001340 0.013685 0.318876 0.665431 0.000667
3 3 0.004085 0.002725 0.090972 0.901993 0.000226
3 3 0.000422 0.002720 0.154619 0.842049 0.000190
3 3 0.002832 0.010462 0.184645 0.801706 0.000355
3 3 0.003244 0.004866 0.125133 0.864800 0.001958
3 3 0.000434 0.004141 0.173943 0.821270 0.000212
3 3 0.001398 0.002423 0.103339 0.892666 0.000174
2 3 0.001874 0.028557 0.521005 0.447604 0.000961
3 3 0.000471 0.005995 0.068370 0.924840 0.000324
2 3 0.134897 0.219283 0.633343 0.007672 0.004806
0 3 0.629511 0.196600 0.163727 0.001569 0.008593
1 0 0.197634 0.532294 0.259555 0.000532 0.009986
1 2 0.025783 0.574261 0.374360 0.000975 0.024621
2 2 0.001469 0.091671 0.867087 0.037158 0.002615
2 2 0.000593 0.043072 0.536749 0.416632 0.002954
2 2 0.000048 0.007543 0.937378 0.054985 0.000046
2 2 0.000207 0.019459 0.950853 0.028927 0.000554
1 2 0.025245 0.493457 0.427577 0.013883 0.039837
1 2 0.014775 0.555386 0.392630 0.000013 0.037196
2 2 0.018155 0.072817 0.835488 0.065563 0.007976
2 2 0.005213 0.096667 0.863937 0.009173 0.025009
2 1 0.003726 0.084851 0.910018 0.000519 0.000886
2 4 0.002072 0.020987 0.974467 0.000225 0.002250
2 4 0.001330 0.143428 0.825918 0.001152 0.028172
2 4 0.006003 0.124872 0.595763 0.009100 0.264262
4 4 0.017040 0.207862 0.312264 0.000871 0.461962
1 4 0.080893 0.397384 0.360295 0.000118 0.161309
4 4 0.097337 0.023989 0.004198 0.000003 0.874473
4 4 0.129069 0.038226 0.008504 0.000012 0.824189
4 4 0.235836 0.173759 0.043501 0.000011 0.546892
4 4 0.053793 0.029708 0.006159 0.000005 0.910336
4 4 0.093067 0.037199 0.007168 0.000012 0.862554
4 4 0.054260 0.013987 0.001876 0.000000 0.929876
4 4 0.028160 0.162642 0.065036 0.000158 0.744004
4 4 0.019987 0.229055 0.237336 0.000292 0.513330
4 4 0.059077 0.378972 0.150970 0.000042 0.410939
4 4 0.036770 0.248980 0.050926 0.000001 0.663324
4 4 0.047112 0.104459 0.021010 0.000001 0.827417
4 4 0.084730 0.081873 0.013672 0.000001 0.819724
4 4 0.191492 0.118120 0.136133 0.007088 0.547167
4 4 0.233001 0.057860 0.017208 0.000093 0.691839
4 4 0.046706 0.098671 0.013925 0.000000 0.840698
4 4 0.050594 0.041848 0.004821 0.000000 0.902737
4 4 0.035533 0.097446 0.059698 0.000105 0.807219
4 4 0.022810 0.309880 0.187036 0.000059 0.480216
1 4 0.171944 0.380616 0.108261 0.000007 0.339172
0 4 0.487258 0.248510 0.067360 0.000012 0.196861
1 4 0.019036 0.440196 0.207444 0.000040 0.333284
4 4 0.020966 0.231158 0.262823 0.001361 0.483692
1 4 0.018259 0.389545 0.215619 0.000027 0.376550
4 4 0.035596 0.250791 0.102247 0.000059 0.611306
4 4 0.021424 0.068333 0.010960 0.000003 0.899280
4 4 0.033796 0.032570 0.015725 0.000014 0.917895
4 4 0.018598 0.192213 0.270751 0.000964 0.517474
4 4 0.014790 0.224830 0.320466 0.000402 0.439512
4 4 0.055251 0.152403 0.067475 0.000076 0.724795
4 4 0.016203 0.078134 0.182946 0.000510 0.722208
4 4 0.024458 0.261241 0.218665 0.000732 0.494905
4 4 0.045981 0.129034 0.047234 0.000067 0.777685
4 4 0.268706 0.294789 0.080632 0.000011 0.355862
4 4 0.229386 0.228641 0.168655 0.000282 0.373036
4 4 0.044005 0.150653 0.040912 0.000007 0.764423
4 4 0.023815 0.312911 0.149628 0.000012 0.513634
2 4 0.012790 0.199908 0.416173 0.002476 0.368652
4 4 0.049577 0.089860 0.061471 0.006638 0.792455
4 4 0.034567 0.259363 0.115036 0.000098 0.590936
4 4 0.042738 0.165453 0.072195 0.000166 0.719448
4 4 0.017045 0.317895 0.257622 0.000081 0.407357
4 4 0.035782 0.140997 0.080136 0.000121 0.742964
4 4 0.025007 0.285993 0.160039 0.000042 0.528920
4 4 0.019016 0.212415 0.255688 0.000473 0.512408
2 4 0.007721 0.191129 0.453629 0.000121 0.347400
4 4 0.026405 0.159130 0.159201 0.000550 0.654715
2 0 0.083482 0.188850 0.651668 0.002498 0.073502
0 0 0.442915 0.312587 0.051210 0.000000 0.193288
1 0 0.024154 0.719902 0.170676 0.000000 0.085268
1 0 0.024046 0.682760 0.218209 0.000001 0.074984
1 0 0.062384 0.617549 0.195948 0.000002 0.124117
1 0 0.069059 0.402626 0.138990 0.000016 0.389310
1 0 0.020149 0.737582 0.172415 0.000000 0.069853
1 0 0.013105 0.636514 0.300561 0.000001 0.049819
0 0 0.593863 0.341725 0.038318 0.000000 0.026093
1 0 0.190954 0.617767 0.058314 0.000000 0.132965
0 0 0.673290 0.178715 0.022889 0.000000 0.125105
1 0 0.119883 0.704552 0.157771 0.000000 0.017794
0 0 0.581890 0.243407 0.087894 0.000005 0.086804
0 0 0.367171 0.209133 0.235363 0.000276 0.188057
1 0 0.277086 0.590519 0.089925 0.000000 0.042469
0 0 0.666802 0.214335 0.039247 0.000001 0.079616
1 0 0.051763 0.612526 0.144958 0.000004 0.190748
1 0 0.040178 0.610828 0.243715 0.000012 0.105266
1 0 0.061457 0.611686 0.185488 0.000003 0.141366
1 0 0.127478 0.627810 0.207027 0.000002 0.037683
0 0 0.849060 0.015090 0.000622 0.000000 0.135228
0 0 0.962146 0.022501 0.007209 0.000021 0.008124
0 0 0.968860 0.012279 0.002480 0.000002 0.016380
0 0 0.604742 0.141724 0.025058 0.000001 0.228474
4 0 0.406853 0.108633 0.007646 0.000000 0.476869
1 0 0.256681 0.598577 0.075780 0.000000 0.068962
1 0 0.156942 0.589983 0.078567 0.000000 0.174508
1 0 0.086917 0.771774 0.126768 0.000001 0.014540
1 0 0.053013 0.471187 0.037094 0.000000 0.438706
1 0 0.050789 0.690720 0.088873 0.000000 0.169618
0 0 0.787243 0.174754 0.015507 0.000000 0.022497
0 0 0.471118 0.435728 0.035333 0.000000 0.057822
0 0 0.495200 0.363325 0.033596 0.000000 0.107879
0 0 0.448512 0.375886 0.067953 0.000000 0.107648
0 0 0.735295 0.125679 0.036684 0.000018 0.102323
4 0 0.125023 0.250881 0.046505 0.000047 0.577544
1 0 0.208966 0.598840 0.066554 0.000000 0.125640
1 0 0.292809 0.387498 0.053473 0.000000 0.266220
4 0 0.055880 0.382528 0.101936 0.000003 0.459653
4 0 0.159149 0.362831 0.097062 0.000006 0.380952
1 1 0.097494 0.352864 0.259072 0.000032 0.290539
1 1 0.046505 0.644289 0.160503 0.000000 0.148704
1 1 0.122951 0.630363 0.201541 0.000002 0.045142
1 1 0.008795 0.514034 0.384362 0.000002 0.092807
2 1 0.007638 0.227520 0.689960 0.000095 0.074787
2 1 0.031208 0.216599 0.696351 0.003183 0.052657
2 1 0.001119 0.175207 0.802892 0.000069 0.020712
1 1 0.004789 0.459548 0.417488 0.000017 0.118158
4 4 0.021632 0.363390 0.095767 0.000003 0.519209
4 4 0.029986 0.259959 0.089103 0.000003 0.620950
1 4 0.009155 0.349421 0.332336 0.000005 0.309083
1 4 0.020975 0.504662 0.313424 0.000013 0.160925
2 4 0.000188 0.107747 0.866200 0.000007 0.025858
2 4 0.000458 0.114648 0.849249 0.000381 0.035263
2 2 0.006407 0.110450 0.552068 0.004325 0.326749
2 2 0.000786 0.072842 0.862617 0.002130 0.061624
2 2 0.002733 0.311700 0.586985 0.000037 0.098545
2 2 0.000188 0.171669 0.807171 0.000631 0.020341
2 2 0.000070 0.068167 0.916805 0.001451 0.013506
2 2 0.000038 0.018223 0.964616 0.005028 0.012095
2 2 0.003485 0.303083 0.573935 0.000078 0.119418
2 2 0.000081 0.046091 0.945815 0.000079 0.007934
2 2 0.000015 0.037929 0.952449 0.003282 0.006325
2 2 0.000137 0.027601 0.961767 0.000077 0.010417
2 2 0.001999 0.173932 0.758345 0.000039 0.065684
2 2 0.005748 0.290192 0.637050 0.000008 0.067002
1 2 0.011195 0.571488 0.213994 0.000003 0.203320
1 2 0.001598 0.568126 0.315476 0.000473 0.114327
2 2 0.000093 0.037193 0.960383 0.001501 0.000830
2 2 0.000026 0.004699 0.990829 0.001995 0.002451
2 2 0.000541 0.037095 0.933069 0.003510 0.025785
2 2 0.000006 0.011647 0.982628 0.003252 0.002467
2 2 0.000045 0.048450 0.937662 0.000273 0.013570
2 2 0.005825 0.294092 0.590704 0.000015 0.109363
2 2 0.000738 0.061255 0.925299 0.000346 0.012361
2 2 0.000469 0.040770 0.954071 0.000046 0.004645
2 2 0.006431 0.266803 0.506993 0.000209 0.219564
4 2 0.023574 0.275024 0.188381 0.000107 0.512914
2 2 0.000685 0.175272 0.796384 0.000013 0.027646
2 2 0.000012 0.023905 0.969673 0.001381 0.005029
2 2 0.000120 0.119768 0.853008 0.003548 0.023557
2 2 0.000036 0.024611 0.898476 0.059078 0.017799
2 2 0.000657 0.111193 0.834582 0.000095 0.053472
2 2 0.000470 0.047825 0.896193 0.000807 0.054705
2 2 0.000479 0.111369 0.836081 0.000739 0.051332
2 2 0.000455 0.063176 0.887383 0.000132 0.048854
2 2 0.002480 0.437527 0.465976 0.000012 0.094005
2 2 0.001740 0.125344 0.768290 0.000551 0.104075
1 0 0.335389 0.339112 0.073915 0.000069 0.251516
1 0 0.390918 0.401127 0.094752 0.000002 0.113201
0 0 0.695656 0.125268 0.012145 0.000000 0.166931
1 0 0.168862 0.681709 0.073305 0.000000 0.076124
1 0 0.131866 0.730503 0.123258 0.000000 0.014373
1 0 0.090322 0.522046 0.043359 0.000000 0.344273
1 0 0.053255 0.767030 0.137246 0.000008 0.042461
1 0 0.036119 0.847521 0.070322 0.000000 0.046038
0 0 0.827922 0.029840 0.006296 0.000011 0.135932
4 0 0.260410 0.121621 0.011931 0.000001 0.606037
1 0 0.094960 0.729818 0.078401 0.000000 0.096822
1 0 0.039019 0.758217 0.087715 0.000000 0.115049
1 0 0.082473 0.675670 0.176973 0.000000 0.064883
1 1 0.017615 0.755847 0.177575 0.000000 0.048963
1 1 0.039470 0.718749 0.127487 0.000001 0.114293
1 1 0.092900 0.665940 0.125178 0.000000 0.115982
2 1 0.018562 0.319118 0.626161 0.000286 0.035873
1 1 0.014082 0.491756 0.425535 0.000004 0.068623
1 1 0.092727 0.493516 0.308490 0.000003 0.105264
1 2 0.012878 0.521908 0.369931 0.000001 0.095283
1 2 0.039147 0.485546 0.407251 0.000019 0.068036
1 2 0.028845 0.574601 0.222072 0.000007 0.174475
2 2 0.000323 0.099384 0.868587 0.000387 0.031320
2 2 0.002987 0.349734 0.590998 0.000002 0.056279
2 2 0.000468 0.297960 0.669438 0.000133 0.032001
2 4 0.000565 0.289215 0.695786 0.000002 0.014432
1 4 0.047911 0.570883 0.308436 0.000006 0.072764
1 4 0.070933 0.654233 0.206428 0.000001 0.068404
2 2 0.002821 0.100709 0.732739 0.006220 0.157511
2 2 0.007913 0.141811 0.829095 0.001890 0.019291
1 2 0.016612 0.762474 0.205633 0.000000 0.015280
1 2 0.074258 0.708111 0.190115 0.000000 0.027516
2 4 0.004734 0.339902 0.644752 0.000374 0.010239
2 4 0.082835 0.347236 0.517834 0.000324 0.051772
2 4 0.003922 0.135919 0.853274 0.000169 0.006716
2 2 0.001959 0.084943 0.902539 0.000471 0.010088
2 2 0.005432 0.234390 0.752667 0.000025 0.007486
2 2 0.003932 0.253684 0.642520 0.000017 0.099846
2 2 0.045442 0.302797 0.624727 0.000230 0.026805
2 2 0.001247 0.173486 0.799114 0.002215 0.023938
2 2 0.001153 0.023084 0.969648 0.005258 0.000857
2 2 0.010336 0.232258 0.737508 0.000070 0.019828
2 2 0.001932 0.059916 0.934018 0.000620 0.003514
2 2 0.002951 0.077634 0.911521 0.003325 0.004570
2 2 0.001892 0.188281 0.797439 0.000168 0.012220
2 2 0.001230 0.044963 0.916793 0.001632 0.035382
2 2 0.002274 0.268017 0.724486 0.000026 0.005197
2 2 0.000115 0.039865 0.959393 0.000200 0.000427
2 2 0.018482 0.098198 0.877496 0.004495 0.001329
2 2 0.022914 0.072463 0.899867 0.000081 0.004676
2 2 0.003460 0.158370 0.832937 0.000139 0.005094
2 2 0.021032 0.417099 0.543992 0.000003 0.017874
2 2 0.001649 0.088557 0.908081 0.000216 0.001496
2 2 0.008642 0.144010 0.835340 0.001096 0.010912
0 4 0.925050 0.031448 0.003198 0.000000 0.040304
0 0 0.700585 0.215239 0.038949 0.000000 0.045227
1 0 0.279684 0.544738 0.088254 0.000005 0.087319
0 0 0.838093 0.044001 0.009607 0.000008 0.108291
4 0 0.045080 0.112652 0.012367 0.000000 0.829901
4 1 0.036945 0.394079 0.110496 0.000003 0.458477
1 1 0.010550 0.562876 0.227782 0.000003 0.198788
1 1 0.011782 0.525024 0.253866 0.000019 0.209310
2 2 0.010015 0.358439 0.536864 0.000103 0.094579
2 2 0.020176 0.360610 0.432329 0.001395 0.185490
2 2 0.015092 0.178730 0.757637 0.000806 0.047735
2 2 0.001922 0.071835 0.888525 0.000097 0.037622
2 2 0.000114 0.074871 0.900515 0.003655 0.020844
2 2 0.000028 0.040036 0.948919 0.001504 0.009513
2 2 0.000002 0.002374 0.996818 0.000699 0.000107
2 2 0.000005 0.003569 0.967012 0.029057 0.000357
2 2 0.000052 0.022135 0.946962 0.020069 0.010782
2 2 0.000001 0.015736 0.974804 0.007585 0.001874
2 2 0.000170 0.027628 0.959696 0.002787 0.009718
2 2 0.000007 0.006820 0.974952 0.017604 0.000616
2 2 0.000262 0.041590 0.921554 0.007054 0.029540
2 2 0.000003 0.001178 0.982934 0.015823 0.000062
2 2 0.000134 0.014648 0.961796 0.002490 0.020932
2 2 0.000039 0.018021 0.979070 0.002306 0.000564
2 2 0.000279 0.033511 0.940729 0.009819 0.015662
2 2 0.000120 0.026703 0.830278 0.135664 0.007235
2 2 0.000147 0.028230 0.963876 0.001807 0.005940
2 2 0.002424 0.323147 0.507127 0.000920 0.166382
2 2 0.001145 0.087151 0.869003 0.037079 0.005621
2 2 0.001711 0.085025 0.892771 0.003217 0.017276
2 2 0.000140 0.062320 0.930364 0.000288 0.006888
2 2 0.000094 0.043635 0.949847 0.000122 0.006302
2 2 0.000141 0.054849 0.936677 0.001111 0.007222
2 2 0.000159 0.065135 0.901222 0.001639 0.031845
2 2 0.000211 0.082214 0.912298 0.000079 0.005197
2 2 0.000255 0.048355 0.944173 0.003893 0.003324
2 2 0.000322 0.050147 0.927192 0.008478 0.013860
2 2 0.000136 0.005943 0.983075 0.010233 0.000612
2 2 0.000012 0.011341 0.985661 0.002266 0.000719
2 2 0.000550 0.039422 0.947195 0.010332 0.002501
2 2 0.000010 0.000850 0.914310 0.084802 0.000029
2 2 0.000069 0.009083 0.954302 0.035868 0.000678
2 2 0.003025 0.029689 0.934171 0.023904 0.009211
2 2 0.010052 0.064015 0.907250 0.009901 0.008783
2 2 0.000014 0.051453 0.943576 0.000771 0.004186
2 2 0.000034 0.024466 0.960488 0.011803 0.003209
2 2 0.000068 0.033341 0.949002 0.013757 0.003833
2 2 0.000631 0.036775 0.925365 0.023995 0.013234
2 2 0.000029 0.009797 0.969238 0.018629 0.002307
2 2 0.000021 0.015041 0.956335 0.026175 0.002427
2 2 0.000020 0.015286 0.978110 0.003217 0.003368
2 2 0.000007 0.004134 0.975944 0.019797 0.000118
2 2 0.000344 0.055926 0.935482 0.005142 0.003107
2 2 0.000033 0.009993 0.977395 0.010616 0.001963
2 2 0.000674 0.028117 0.831022 0.138803 0.001384
2 2 0.000085 0.014448 0.876746 0.107330 0.001390
2 2 0.000125 0.040342 0.947338 0.007843 0.004352
2 2 0.000001 0.000802 0.876123 0.123026 0.000048
2 2 0.000001 0.012677 0.985421 0.000818 0.001082
2 2 0.000047 0.010897 0.984863 0.001613 0.002580
2 2 0.000176 0.051647 0.912110 0.012855 0.023211
2 2 0.000607 0.145058 0.751859 0.029287 0.073189
2 2 0.000002 0.013843 0.984529 0.001332 0.000294
2 2 0.000004 0.001775 0.962792 0.035405 0.000025
2 2 0.000031 0.023410 0.968056 0.005835 0.002669
2 2 0.000037 0.017230 0.941927 0.024398 0.016407
2 2 0.000199 0.057065 0.920740 0.018913 0.003083
2 2 0.000107 0.021988 0.964415 0.011814 0.001676
2 2 0.002843 0.067759 0.923813 0.000045 0.005541
1 2 0.164526 0.607421 0.185025 0.000001 0.043027
2 2 0.000175 0.051565 0.946737 0.000388 0.001135
2 2 0.000054 0.010657 0.981839 0.006761 0.000689
2 2 0.001055 0.306118 0.656494 0.000025 0.036309
1 2 0.029351 0.545185 0.342187 0.000115 0.083162
2 2 0.000844 0.049077 0.947427 0.000701 0.001951
2 2 0.009318 0.229617 0.726218 0.000010 0.034836
1 2 0.001868 0.522177 0.442878 0.000001 0.033077
2 2 0.000512 0.078683 0.905184 0.000069 0.015551
2 2 0.004405 0.352929 0.444735 0.000998 0.196934
2 2 0.000230 0.101180 0.867244 0.002060 0.029286
2 2 0.000667 0.024431 0.957801 0.011825 0.005277
2 2 0.001254 0.116543 0.863364 0.000483 0.018357
2 2 0.000199 0.011820 0.986466 0.001097 0.000418
2 2 0.000023 0.035205 0.961834 0.002204 0.000735
4 2 0.088021 0.363984 0.109193 0.000103 0.438699
4 2 0.055043 0.150254 0.015996 0.000000 0.778708
1 2 0.063172 0.561650 0.265794 0.000003 0.109381
2 2 0.025469 0.371023 0.597259 0.000010 0.006239
2 2 0.022316 0.437313 0.497037 0.000173 0.043160
1 2 0.019354 0.727656 0.207077 0.000000 0.045913
1 2 0.160349 0.647441 0.172930 0.000028 0.019251
0 0 0.619850 0.270692 0.101109 0.000101 0.008249
1 0 0.013183 0.728415 0.201791 0.000000 0.056611
1 0 0.003697 0.632085 0.296133 0.000002 0.068083
2 1 0.027979 0.383208 0.400794 0.001298 0.186722
1 1 0.007142 0.439393 0.395665 0.000076 0.157724
1 1 0.041192 0.555385 0.163224 0.000002 0.240197
1 1 0.017601 0.544169 0.244460 0.000015 0.193756
2 2 0.008640 0.373591 0.385689 0.000048 0.232031
1 2 0.007100 0.487662 0.376307 0.000145 0.128785
4 2 0.016475 0.311822 0.309922 0.000048 0.361733
2 2 0.004460 0.298974 0.553748 0.000174 0.142644
2 2 0.000171 0.066566 0.914489 0.000023 0.018751
2 2 0.000340 0.099599 0.868666 0.000014 0.031381
0 2 0.392386 0.200639 0.033153 0.000001 0.373821
0 2 0.559729 0.073496 0.007264 0.000000 0.359511
1 0 0.174010 0.678073 0.074338 0.000000 0.073579
1 0 0.087040 0.762379 0.100881 0.000000 0.049700
0 0 0.923658 0.056822 0.011989 0.000001 0.007531
0 0 0.811214 0.053009 0.013487 0.000021 0.122268
1 0 0.043213 0.577951 0.093967 0.000000 0.284868
4 0 0.040699 0.184637 0.024466 0.000000 0.750199
4 0 0.017682 0.219106 0.215785 0.000038 0.547390
4 0 0.042633 0.164991 0.079638 0.000329 0.712409
4 1 0.035443 0.254820 0.098198 0.000040 0.611499
4 1 0.049238 0.094037 0.038580 0.000198 0.817948
4 1 0.009690 0.236956 0.209157 0.000014 0.544183
4 4 0.030175 0.186306 0.142319 0.000433 0.640768
4 4 0.019770 0.054255 0.062728 0.000051 0.863197
4 4 0.114754 0.336128 0.086281 0.000264 0.462574
4 4 0.058698 0.257968 0.051067 0.005077 0.627190
4 4 0.096156 0.142373 0.031526 0.000697 0.729248
0 4 0.512703 0.086031 0.032803 0.000549 0.367914
4 4 0.055252 0.010691 0.001124 0.000000 0.932934
4 4 0.042290 0.164862 0.025950 0.000000 0.766897
4 4 0.045712 0.125854 0.028821 0.000003 0.799610
4 4 0.015264 0.320948 0.124530 0.000157 0.539101
4 4 0.008081 0.270516 0.295300 0.000066 0.426037
4 4 0.018174 0.308386 0.222244 0.000032 0.451165
4 4 0.022664 0.376025 0.211654 0.000191 0.389466
4 4 0.048926 0.094705 0.032350 0.000056 0.823962
4 4 0.041783 0.179460 0.048331 0.000006 0.730420
4 4 0.019587 0.177296 0.046575 0.000003 0.756539
1 4 0.005132 0.573474 0.168554 0.000020 0.252821
4 4 0.016554 0.331094 0.278298 0.000154 0.373901
4 4 0.024232 0.322216 0.191926 0.000134 0.461492
4 4 0.054549 0.026291 0.006043 0.000010 0.913106
4 4 0.048373 0.033596 0.006752 0.000004 0.911276
