0 0 0.886906 0.091155 0.017775 0.000003 0.004161
0 0 0.841039 0.093055 0.040499 0.000022 0.025384
1 0 0.249756 0.503855 0.239182 0.000259 0.006949
1 0 0.156200 0.525877 0.310385 0.000833 0.006705
2 1 0.015397 0.182646 0.793842 0.000643 0.007472
0 1 0.423999 0.318892 0.151198 0.000116 0.105795
1 1 0.213304 0.394788 0.217238 0.000005 0.174665
4 1 0.015619 0.157105 0.334414 0.000068 0.492794
4 4 0.164991 0.022886 0.035833 0.000709 0.775581
4 4 0.287016 0.043175 0.093170 0.001969 0.574670
4 4 0.032686 0.021282 0.021241 0.000283 0.924509
4 4 0.068595 0.032930 0.051864 0.000853 0.845759
4 4 0.022083 0.029165 0.038920 0.000457 0.909375
4 4 0.019145 0.047352 0.322970 0.003702 0.606832
4 4 0.253443 0.073593 0.008362 0.000000 0.664601
2 4 0.033741 0.095242 0.480960 0.000109 0.389948
2 4 0.040598 0.270634 0.462192 0.000004 0.226572
2 4 0.020734 0.227354 0.576818 0.000019 0.175075
4 4 0.075313 0.013038 0.047391 0.007846 0.856412
4 4 0.045686 0.020016 0.079514 0.003519 0.851265
4 4 0.022103 0.022311 0.051984 0.000630 0.902972
4 4 0.091494 0.091986 0.207760 0.004244 0.604516
4 4 0.025292 0.164435 0.164532 0.000268 0.645472
4 4 0.053501 0.182248 0.151307 0.000009 0.612935
4 4 0.111714 0.057457 0.171387 0.006447 0.652996
4 4 0.022809 0.073397 0.122254 0.000096 0.781444
2 4 0.000166 0.034934 0.951736 0.000019 0.013145
2 4 0.009998 0.263686 0.489753 0.000045 0.236518
2 1 0.000182 0.014657 0.982446 0.000103 0.002613
2 1 0.000248 0.020926 0.971933 0.000007 0.006887
2 1 0.000526 0.026751 0.960299 0.000132 0.012292
2 1 0.000522 0.036679 0.958470 0.000024 0.004305
2 1 0.000009 0.009445 0.989654 0.000157 0.000734
2 1 0.000394 0.019625 0.978083 0.001620 0.000278
2 1 0.000063 0.014529 0.983029 0.001418 0.000962
2 1 0.000020 0.007086 0.992213 0.000315 0.000365
2 1 0.000005 0.010412 0.987647 0.000419 0.001517
2 2 0.000005 0.007771 0.985027 0.004546 0.002651
2 2 0.000001 0.000602 0.994323 0.005070 0.000004
2 2 0.000001 0.000717 0.992589 0.006686 0.000008
2 2 0.000001 0.000618 0.987118 0.012251 0.000012
2 2 0.000001 0.000575 0.995528 0.003890 0.000006
2 2 0.000040 0.001157 0.998209 0.000589 0.000005
2 2 0.000002 0.000307 0.999075 0.000615 0.000001
2 2 0.000000 0.000001 0.994030 0.005969 0.000000
2 3 0.000000 0.000001 0.990964 0.009034 0.000000
2 3 0.000000 0.000001 0.997642 0.002356 0.000000
2 3 0.000000 0.000008 0.997898 0.002093 0.000000
2 3 0.000000 0.000010 0.992364 0.007626 0.000000
2 3 0.000040 0.001029 0.991652 0.007270 0.000009
2 3 0.000601 0.008268 0.928970 0.061935 0.000224
2 3 0.000000 0.000012 0.957013 0.042974 0.000000
2 3 0.000000 0.000001 0.941127 0.058871 0.000000
2 3 0.000000 0.000001 0.980951 0.019048 0.000000
2 3 0.000000 0.000000 0.655318 0.344682 0.000000
2 3 0.000000 0.000000 0.920960 0.079040 0.000000
2 3 0.000000 0.000000 0.980714 0.019286 0.000000
2 3 0.000000 0.000002 0.967698 0.032300 0.000000
2 3 0.000000 0.000001 0.809196 0.190803 0.000000
2 3 0.000000 0.000000 0.725864 0.274136 0.000000
2 3 0.000000 0.000000 0.936632 0.063368 0.000000
2 3 0.000000 0.000035 0.951267 0.048697 0.000000
2 3 0.000000 0.000000 0.734412 0.265588 0.000000
2 3 0.000000 0.000000 0.930943 0.069056 0.000000
3 3 0.000000 0.000000 0.228053 0.771947 0.000000
3 3 0.000000 0.000000 0.221015 0.778984 0.000000
2 3 0.000000 0.000004 0.522670 0.477326 0.000000
3 3 0.000000 0.000000 0.019735 0.980265 0.000000
3 3 0.000000 0.000003 0.033993 0.966003 0.000001
3 3 0.000000 0.000001 0.116178 0.883821 0.000000
3 3 0.000000 0.000003 0.288420 0.711577 0.000000
3 3 0.000000 0.000000 0.105887 0.894113 0.000000
3 3 0.000000 0.000000 0.037683 0.962317 0.000000
3 3 0.000000 0.000000 0.028396 0.971604 0.000000
3 3 0.000000 0.000000 0.001772 0.998228 0.000000
3 3 0.000000 0.000000 0.001501 0.998499 0.000000
3 3 0.000000 0.000000 0.265528 0.734472 0.000000
3 3 0.000001 0.000003 0.004094 0.995896 0.000006
3 3 0.000001 0.000011 0.097679 0.902306 0.000004
2 3 0.000000 0.000024 0.582250 0.417725 0.000001
3 3 0.000000 0.000000 0.000609 0.999391 0.000000
3 3 0.000000 0.000000 0.012197 0.987803 0.000000
3 3 0.000000 0.000000 0.076908 0.923092 0.000000
3 3 0.000000 0.000003 0.257689 0.742308 0.000000
3 3 0.000000 0.000001 0.045699 0.954300 0.000000
3 3 0.000000 0.000000 0.008058 0.991942 0.000000
3 3 0.000003 0.000032 0.128975 0.870987 0.000004
3 3 0.000000 0.000004 0.025065 0.974929 0.000001
3 3 0.000000 0.000002 0.003060 0.996929 0.000009
3 3 0.000001 0.000005 0.007121 0.992862 0.000011
3 3 0.000000 0.000000 0.002434 0.997566 0.000000
3 3 0.000000 0.000001 0.004556 0.995443 0.000001
3 3 0.000012 0.000010 0.002458 0.997499 0.000022
3 3 0.000000 0.000001 0.020620 0.979378 0.000000
3 3 0.000002 0.000023 0.370476 0.629498 0.000001
3 3 0.000000 0.000000 0.003259 0.996741 0.000000
3 3 0.000000 0.000000 0.002703 0.997297 0.000000
3 3 0.000000 0.000002 0.065182 0.934815 0.000000
3 3 0.000001 0.000007 0.055377 0.944613 0.000001
3 3 0.000000 0.000000 0.019763 0.980237 0.000000
3 3 0.000000 0.000000 0.000254 0.999746 0.000000
3 3 0.000000 0.000000 0.000306 0.999694 0.000000
3 3 0.000000 0.000000 0.002055 0.997945 0.000000
3 3 0.000000 0.000000 0.000809 0.999190 0.000000
3 3 0.000000 0.000000 0.003836 0.996163 0.000001
3 3 0.000000 0.000001 0.032346 0.967652 0.000001
3 3 0.000000 0.000000 0.005062 0.994938 0.000000
3 3 0.000000 0.000001 0.006108 0.993891 0.000001
3 3 0.000006 0.000032 0.030225 0.969721 0.000017
3 3 0.000000 0.000001 0.022141 0.977858 0.000001
3 3 0.000003 0.000007 0.012693 0.987294 0.000003
3 3 0.000040 0.000032 0.003472 0.996370 0.000086
3 3 0.000000 0.000001 0.002246 0.997753 0.000001
3 3 0.000000 0.000000 0.008675 0.991324 0.000000
3 3 0.000000 0.000000 0.002244 0.997756 0.000000
3 3 0.000000 0.000000 0.004410 0.995590 0.000000
3 3 0.000000 0.000000 0.001452 0.998548 0.000000
3 3 0.000011 0.000009 0.001860 0.998091 0.000029
3 3 0.000000 0.000000 0.016090 0.983909 0.000000
3 3 0.000000 0.000000 0.020971 0.979029 0.000000
3 3 0.000000 0.000000 0.001350 0.998650 0.000000
3 3 0.000000 0.000000 0.001986 0.998013 0.000000
3 3 0.000000 0.000001 0.034583 0.965416 0.000000
3 3 0.000001 0.000005 0.006462 0.993519 0.000013
3 3 0.000000 0.000000 0.001168 0.998831 0.000001
3 3 0.000000 0.000000 0.005020 0.994980 0.000000
3 3 0.000000 0.000000 0.014256 0.985744 0.000000
3 3 0.000000 0.000000 0.002619 0.997381 0.000000
3 3 0.000008 0.000053 0.074634 0.925292 0.000013
3 3 0.000000 0.000005 0.039437 0.960556 0.000001
3 3 0.000000 0.000000 0.001087 0.998913 0.000000
3 3 0.000000 0.000001 0.003603 0.996396 0.000001
3 3 0.000000 0.000000 0.002305 0.997695 0.000000
3 3 0.000002 0.000039 0.326504 0.673454 0.000002
3 3 0.000000 0.000000 0.000050 0.999950 0.000000
3 3 0.003094 0.007709 0.303137 0.684139 0.001921
2 3 0.057960 0.085576 0.766748 0.086280 0.003436
3 2 0.003070 0.016330 0.198210 0.766295 0.016094
3 2 0.001082 0.008526 0.477894 0.509869 0.002628
2 2 0.000131 0.001483 0.563394 0.434718 0.000274
2 2 0.004798 0.055212 0.767705 0.163157 0.009129
2 2 0.067300 0.088421 0.804831 0.037787 0.001661
0 1 0.547693 0.304009 0.141078 0.000559 0.006662
1 1 0.292195 0.471576 0.215286 0.000691 0.020253
2 0 0.136504 0.220041 0.535038 0.081723 0.026694
2 1 0.001102 0.024995 0.916220 0.056243 0.001440
1 1 0.035059 0.441762 0.337191 0.000137 0.185852
4 0 0.215064 0.175271 0.059755 0.000373 0.549537
2 1 0.026995 0.173784 0.739807 0.027810 0.031603
2 1 0.000936 0.069612 0.905192 0.013552 0.010708
2 1 0.000009 0.003710 0.979699 0.016443 0.000140
2 2 0.000001 0.000119 0.990912 0.008968 0.000000
2 2 0.000000 0.000017 0.613762 0.386220 0.000000
2 2 0.000000 0.000000 0.913151 0.086848 0.000000
2 2 0.000000 0.000004 0.992916 0.007080 0.000000
2 2 0.000000 0.000056 0.988206 0.011737 0.000001
2 2 0.000003 0.006022 0.964562 0.027650 0.001762
2 2 0.000001 0.001609 0.948667 0.049511 0.000212
2 2 0.000001 0.007343 0.990187 0.001793 0.000676
2 2 0.000000 0.003605 0.982711 0.013071 0.000614
2 2 0.000000 0.000022 0.989681 0.010297 0.000001
2 2 0.000000 0.000077 0.808984 0.190924 0.000015
2 2 0.000000 0.000044 0.942453 0.057501 0.000003
2 2 0.000000 0.000079 0.936339 0.063575 0.000007
2 2 0.000001 0.003165 0.990805 0.005362 0.000667
2 2 0.000003 0.002680 0.983196 0.013675 0.000445
2 2 0.000000 0.000001 0.992584 0.007415 0.000000
2 2 0.000000 0.000007 0.981179 0.018814 0.000000
2 2 0.000000 0.000089 0.713426 0.286471 0.000014
2 2 0.000000 0.000033 0.930344 0.069621 0.000002
2 2 0.000011 0.007126 0.983106 0.009465 0.000291
2 2 0.000046 0.028381 0.875324 0.081577 0.014672
2 2 0.000000 0.000047 0.992653 0.007299 0.000001
2 2 0.000000 0.000124 0.974336 0.025534 0.000006
2 2 0.000000 0.000775 0.996693 0.002519 0.000012
2 2 0.000000 0.001401 0.990831 0.007688 0.000079
2 2 0.000006 0.023396 0.964126 0.006453 0.006019
2 2 0.001365 0.136950 0.815404 0.000381 0.045900
2 0 0.124327 0.202784 0.586403 0.071547 0.014939
2 1 0.000895 0.080150 0.893947 0.017937 0.007071
2 1 0.000024 0.005696 0.801473 0.191195 0.001612
2 2 0.000000 0.000062 0.974063 0.025874 0.000001
2 2 0.000000 0.000096 0.992355 0.007547 0.000001
2 2 0.000000 0.000060 0.974653 0.025286 0.000001
2 2 0.001545 0.029008 0.968546 0.000525 0.000376
2 2 0.001344 0.056037 0.940862 0.001223 0.000534
2 2 0.000421 0.015720 0.950932 0.032350 0.000577
2 2 0.001048 0.067977 0.905269 0.018430 0.007277
2 2 0.000015 0.004069 0.993907 0.001986 0.000023
2 2 0.000029 0.002888 0.993121 0.003949 0.000014
2 2 0.000016 0.003297 0.988639 0.008004 0.000044
2 2 0.000205 0.009634 0.980884 0.009167 0.000110
2 2 0.001034 0.109414 0.877228 0.006640 0.005684
2 2 0.000364 0.024647 0.949971 0.023802 0.001217
2 2 0.000063 0.002375 0.976115 0.021423 0.000024
2 2 0.000001 0.000727 0.997106 0.002162 0.000004
2 2 0.000009 0.004563 0.984709 0.010571 0.000149
2 2 0.000105 0.024242 0.970984 0.004123 0.000546
2 2 0.000137 0.010779 0.982203 0.006747 0.000134
2 2 0.000000 0.000050 0.981054 0.018896 0.000000
2 2 0.002333 0.065658 0.917276 0.012671 0.002064
2 2 0.000094 0.008611 0.979675 0.011460 0.000159
2 2 0.000001 0.001386 0.969239 0.029281 0.000093
2 2 0.004998 0.101345 0.814093 0.006901 0.072663
2 2 0.006086 0.199119 0.768469 0.001068 0.025258
2 0 0.177887 0.340000 0.463165 0.001010 0.017938
0 0 0.476873 0.268832 0.129301 0.003334 0.121660
1 0 0.066671 0.500765 0.226233 0.000667 0.205665
2 1 0.000001 0.002019 0.986975 0.010898 0.000107
2 1 0.000010 0.001366 0.987593 0.011013 0.000018
2 2 0.000499 0.009002 0.864176 0.120450 0.005873
2 2 0.000029 0.004070 0.982141 0.013684 0.000076
2 2 0.001637 0.030586 0.966016 0.001507 0.000255
2 2 0.001360 0.057432 0.934817 0.002190 0.004201
1 2 0.010174 0.389645 0.331148 0.001919 0.267114
2 2 0.004658 0.061649 0.931189 0.000998 0.001507
2 2 0.000006 0.004478 0.992057 0.003388 0.000071
2 2 0.000622 0.078310 0.911470 0.001083 0.008515
2 2 0.000026 0.003938 0.992601 0.003412 0.000024
2 2 0.000334 0.015531 0.972150 0.011711 0.000274
2 2 0.000242 0.059916 0.935725 0.002554 0.001564
2 2 0.001137 0.047275 0.945382 0.005153 0.001053
2 2 0.000179 0.001670 0.994999 0.003151 0.000001
2 2 0.004182 0.103982 0.889979 0.000696 0.001161
2 2 0.000079 0.017249 0.977721 0.004215 0.000736
2 2 0.005013 0.094866 0.889176 0.008719 0.002226
2 2 0.001809 0.032043 0.959136 0.006699 0.000313
2 2 0.000216 0.004230 0.988733 0.006624 0.000197
2 2 0.000113 0.008884 0.984191 0.006712 0.000100
2 2 0.003281 0.312177 0.652600 0.004490 0.027452
2 2 0.042163 0.467759 0.470048 0.001933 0.018097
1 2 0.044435 0.606793 0.314864 0.000103 0.033805
2 2 0.000350 0.040596 0.944457 0.012535 0.002061
2 2 0.000292 0.046472 0.945036 0.006382 0.001818
1 2 0.139942 0.540235 0.204340 0.000205 0.115279
1 0 0.314441 0.498759 0.159965 0.000041 0.026794
1 0 0.036108 0.473317 0.392479 0.001352 0.096744
2 0 0.019868 0.304167 0.622346 0.003223 0.050396
1 1 0.033579 0.568885 0.333315 0.000694 0.063527
1 1 0.158092 0.509692 0.233793 0.001220 0.097203
2 1 0.004144 0.096235 0.882383 0.003109 0.014129
4 1 0.046834 0.283199 0.320642 0.009676 0.339648
1 1 0.041273 0.617224 0.321852 0.000097 0.019555
2 1 0.012121 0.229773 0.745693 0.000566 0.011846
2 1 0.001797 0.135951 0.858228 0.001399 0.002625
2 1 0.001649 0.041574 0.952911 0.003149 0.000717
2 1 0.003384 0.143738 0.833072 0.011269 0.008537
2 1 0.003512 0.274800 0.711248 0.000157 0.010283
0 0 0.992121 0.002585 0.001034 0.000586 0.003674
0 0 0.999749 0.000087 0.000018 0.000000 0.000145
0 0 0.996230 0.002747 0.000767 0.000006 0.000251
0 0 0.995200 0.003400 0.000988 0.000011 0.000401
0 0 0.986391 0.010563 0.002046 0.000001 0.000999
0 0 0.985241 0.009910 0.003361 0.000085 0.001403
0 0 0.955899 0.011908 0.004845 0.002558 0.024789
0 0 0.992868 0.003562 0.000907 0.000017 0.002646
0 0 0.987424 0.004203 0.000677 0.000001 0.007694
0 0 0.993426 0.003448 0.000755 0.000005 0.002365
0 0 0.766429 0.083853 0.031247 0.000758 0.117713
4 0 0.060249 0.137978 0.124648 0.000774 0.676351
0 0 0.749483 0.185882 0.026883 0.000000 0.037751
0 0 0.853544 0.080220 0.008597 0.000000 0.057639
1 0 0.076093 0.410059 0.330864 0.000022 0.182962
0 0 0.864127 0.106752 0.017277 0.000000 0.011844
1 0 0.107823 0.408220 0.273230 0.000107 0.210621
2 0 0.065753 0.411850 0.474685 0.000113 0.047599
1 0 0.198692 0.498280 0.196377 0.000003 0.106647
2 1 0.007519 0.123816 0.862843 0.000031 0.005792
1 1 0.157781 0.607892 0.182550 0.000003 0.051775
1 1 0.076638 0.522904 0.261472 0.000001 0.138985
2 1 0.000024 0.006249 0.993020 0.000620 0.000088
2 1 0.009767 0.143470 0.819460 0.001279 0.026023
2 1 0.049046 0.245868 0.614899 0.000191 0.089997
2 1 0.022943 0.181811 0.710851 0.000113 0.084281
4 1 0.006325 0.298997 0.321767 0.000219 0.372692
2 1 0.000053 0.045579 0.899771 0.000612 0.053984
2 1 0.032310 0.193556 0.752185 0.000538 0.021411
1 0 0.302689 0.487328 0.173434 0.000135 0.036413
1 0 0.237018 0.490666 0.248137 0.000434 0.023746
1 0 0.235810 0.506046 0.232307 0.000423 0.025414
0 0 0.987244 0.007629 0.004310 0.000089 0.000728
0 0 0.986313 0.006715 0.001875 0.000052 0.005045
0 0 0.977504 0.013769 0.005402 0.000413 0.002912
1 0 0.272559 0.396532 0.175872 0.001541 0.153496
0 0 0.943226 0.044738 0.010854 0.000003 0.001179
0 0 0.894980 0.049425 0.050595 0.000684 0.004315
0 0 0.548213 0.333869 0.105101 0.000065 0.012751
0 0 0.454309 0.379645 0.135118 0.000037 0.030891
2 0 0.001634 0.076137 0.921551 0.000089 0.000588
2 0 0.002776 0.041181 0.951149 0.000514 0.004381
2 0 0.000380 0.051594 0.823330 0.000172 0.124523
2 0 0.000016 0.010711 0.982285 0.000462 0.006526
2 0 0.006436 0.160954 0.496830 0.000748 0.335031
2 0 0.058902 0.183514 0.647757 0.001398 0.108429
2 0 0.002997 0.092205 0.813586 0.001811 0.089401
2 0 0.000109 0.025152 0.944421 0.002235 0.028082
4 0 0.004604 0.187185 0.335446 0.000135 0.472629
4 0 0.016777 0.086161 0.175461 0.000250 0.721352
4 0 0.018848 0.066851 0.242935 0.000991 0.670376
2 0 0.002877 0.049733 0.495720 0.013150 0.438519
4 0 0.013787 0.131210 0.248637 0.000152 0.606214
2 0 0.017249 0.114947 0.671598 0.006040 0.190167
2 0 0.021508 0.170352 0.588548 0.000783 0.218810
2 0 0.018920 0.075356 0.605732 0.010356 0.289636
4 0 0.016826 0.052251 0.147058 0.019890 0.763975
4 0 0.153668 0.026482 0.022306 0.005573 0.791972
2 0 0.001390 0.035750 0.873216 0.003072 0.086572
2 0 0.002556 0.042083 0.800756 0.002653 0.151953
2 0 0.000102 0.033875 0.961219 0.000302 0.004502
2 0 0.000108 0.052554 0.934401 0.000111 0.012825
2 0 0.001718 0.138767 0.815012 0.000006 0.044496
2 0 0.002397 0.220851 0.525422 0.000100 0.251230
2 0 0.002194 0.047246 0.785161 0.022760 0.142639
4 0 0.002819 0.050569 0.202372 0.001542 0.742698
2 0 0.005984 0.054957 0.668877 0.008563 0.261619
4 0 0.013677 0.082695 0.257362 0.006297 0.639969
2 0 0.002924 0.067865 0.814834 0.009292 0.105084
2 0 0.000504 0.036293 0.747903 0.010630 0.204670
2 0 0.001124 0.050104 0.791373 0.004544 0.152856
4 1 0.005445 0.081035 0.293688 0.006020 0.613812
2 1 0.000443 0.181728 0.776896 0.000575 0.040358
2 1 0.000003 0.007775 0.990623 0.000745 0.000854
2 1 0.000787 0.021447 0.929876 0.002416 0.045474
2 0 0.004037 0.032621 0.932205 0.015081 0.016057
2 0 0.000009 0.011084 0.987784 0.000231 0.000893
2 1 0.001696 0.107840 0.811640 0.001122 0.077702
2 1 0.000632 0.030176 0.957471 0.009597 0.002124
2 1 0.008821 0.239843 0.628536 0.000477 0.122322
2 1 0.000007 0.005775 0.992001 0.001982 0.000235
2 1 0.000001 0.000994 0.990788 0.008177 0.000041
2 1 0.000002 0.010575 0.973149 0.010454 0.005820
2 1 0.000007 0.016401 0.971513 0.005673 0.006406
2 1 0.000484 0.072113 0.904154 0.007010 0.016239
2 2 0.000030 0.031438 0.960706 0.002109 0.005717
2 2 0.000003 0.002441 0.932490 0.063957 0.001109
2 2 0.000001 0.000896 0.964560 0.034481 0.000062
2 2 0.000000 0.000163 0.998232 0.001604 0.000000
2 2 0.000000 0.000034 0.991303 0.008664 0.000000
2 2 0.000000 0.000005 0.996460 0.003534 0.000000
2 2 0.000009 0.000689 0.997343 0.001954 0.000005
2 2 0.003645 0.121129 0.871640 0.000425 0.003161
1 1 0.209336 0.563057 0.177069 0.000031 0.050507
1 1 0.066698 0.558083 0.336093 0.001441 0.037685
2 1 0.001901 0.101226 0.874603 0.011696 0.010574
0 0 0.469072 0.104387 0.216174 0.051207 0.159161
0 1 0.499730 0.151207 0.037634 0.000044 0.311385
2 1 0.000392 0.086335 0.884027 0.000797 0.028449
2 2 0.000026 0.043619 0.952447 0.001780 0.002128
2 2 0.000007 0.001033 0.991136 0.007818 0.000006
2 2 0.000006 0.000524 0.995984 0.003484 0.000002
2 2 0.000002 0.000125 0.997283 0.002590 0.000000
2 2 0.000000 0.000139 0.999359 0.000501 0.000000
2 2 0.000033 0.000742 0.975642 0.023461 0.000122
2 2 0.000020 0.001724 0.994038 0.004202 0.000016
1 2 0.019298 0.520991 0.318782 0.000051 0.140878
1 0 0.048330 0.599046 0.243636 0.000072 0.108916
0 0 0.779751 0.131297 0.026603 0.000011 0.062338
1 0 0.349379 0.485122 0.132394 0.000015 0.033091
2 1 0.000006 0.005653 0.979861 0.014116 0.000364
2 1 0.000104 0.022610 0.971381 0.004671 0.001234
2 2 0.000004 0.001509 0.994777 0.003700 0.000010
2 2 0.000000 0.000093 0.999626 0.000281 0.000000
2 2 0.000000 0.000009 0.995014 0.004978 0.000000
2 2 0.000001 0.000516 0.988174 0.011270 0.000039
2 2 0.000001 0.000853 0.943874 0.055215 0.000057
2 2 0.000066 0.004232 0.986400 0.009263 0.000038
2 2 0.017970 0.101995 0.870632 0.005927 0.003476
2 2 0.123853 0.372994 0.460750 0.000430 0.041972
4 2 0.184482 0.180442 0.045623 0.000034 0.589420
2 2 0.002060 0.164047 0.795617 0.000841 0.037434
2 2 0.000001 0.000343 0.959373 0.040266 0.000018
2 2 0.000467 0.016882 0.979309 0.001857 0.001485
1 0 0.279953 0.401419 0.309665 0.000318 0.008645
1 0 0.302424 0.356094 0.318843 0.000819 0.021820
2 1 0.000075 0.015287 0.979622 0.004192 0.000824
2 2 0.000000 0.000406 0.997061 0.002530 0.000002
2 2 0.000255 0.034264 0.958732 0.002491 0.004258
2 2 0.034703 0.290905 0.633082 0.000215 0.041095
2 2 0.008664 0.322403 0.566008 0.001099 0.101827
2 2 0.000002 0.000594 0.995262 0.004129 0.000014
2 2 0.000293 0.004791 0.994375 0.000505 0.000036
2 2 0.000368 0.014106 0.983898 0.001138 0.000490
2 2 0.000086 0.019384 0.978396 0.000593 0.001541
2 2 0.000107 0.007941 0.988745 0.002550 0.000656
2 2 0.000000 0.000420 0.974747 0.024793 0.000040
2 2 0.000000 0.000439 0.997834 0.001716 0.000010
2 2 0.000001 0.000950 0.991529 0.007358 0.000161
2 2 0.000000 0.000025 0.978660 0.021314 0.000001
2 2 0.000000 0.000432 0.995803 0.003757 0.000006
2 2 0.000000 0.000113 0.977017 0.022868 0.000002
2 2 0.000008 0.002719 0.987907 0.009142 0.000223
2 2 0.000001 0.002053 0.946436 0.051223 0.000287
2 2 0.000000 0.000000 0.967733 0.032267 0.000000
2 2 0.000000 0.000010 0.937716 0.062274 0.000000
2 2 0.000000 0.000010 0.882735 0.117255 0.000000
2 2 0.000000 0.000188 0.911389 0.088414 0.000009
2 2 0.000000 0.000000 0.908623 0.091377 0.000000
2 2 0.000000 0.000001 0.943457 0.056543 0.000000
2 2 0.000005 0.000966 0.926958 0.072012 0.000058
2 2 0.000001 0.000099 0.956971 0.042928 0.000001
2 2 0.000000 0.000013 0.923224 0.076763 0.000000
2 3 0.000000 0.000000 0.945492 0.054508 0.000000
3 3 0.000000 0.000003 0.073138 0.926859 0.000001
2 3 0.000000 0.000002 0.653242 0.346756 0.000000
3 3 0.000038 0.001386 0.409826 0.588333 0.000416
2 3 0.000032 0.001906 0.937895 0.060114 0.000054
2 3 0.000000 0.000028 0.933273 0.066698 0.000000
2 3 0.000183 0.002604 0.861436 0.135688 0.000089
3 3 0.000000 0.000001 0.128614 0.871385 0.000000
2 3 0.000001 0.000113 0.627036 0.372840 0.000011
3 3 0.000000 0.000000 0.096416 0.903584 0.000000
3 3 0.000000 0.000010 0.185984 0.814005 0.000001
2 3 0.000000 0.000000 0.935688 0.064311 0.000000
3 3 0.000000 0.000000 0.275385 0.724615 0.000000
2 3 0.000085 0.001398 0.707462 0.290976 0.000079
3 3 0.000001 0.000034 0.137824 0.862132 0.000009
2 3 0.000000 0.000004 0.562389 0.437606 0.000000
2 3 0.000000 0.000058 0.856617 0.143323 0.000001
3 3 0.000001 0.000037 0.395499 0.604460 0.000003
3 3 0.000001 0.000024 0.128716 0.871254 0.000005
3 3 0.000000 0.000021 0.470117 0.529857 0.000006
2 3 0.000000 0.000154 0.576922 0.422807 0.000117
3 3 0.000000 0.000001 0.016291 0.983707 0.000002
3 3 0.000000 0.000008 0.061003 0.938985 0.000005
3 3 0.000000 0.000001 0.152334 0.847665 0.000000
3 3 0.000000 0.000022 0.184440 0.815534 0.000004
3 3 0.000000 0.000000 0.000477 0.999522 0.000001
3 3 0.000000 0.000000 0.000437 0.999563 0.000000
3 3 0.000000 0.000023 0.126309 0.873661 0.000006
3 3 0.000011 0.000042 0.016081 0.983816 0.000049
3 3 0.000000 0.000000 0.008375 0.991625 0.000000
3 3 0.000000 0.000001 0.161423 0.838576 0.000000
3 3 0.000000 0.000002 0.004855 0.995138 0.000004
3 3 0.000000 0.000054 0.352168 0.647750 0.000028
3 3 0.000000 0.000000 0.011124 0.988876 0.000000
3 3 0.000000 0.000001 0.029261 0.970738 0.000000
3 3 0.000000 0.000000 0.000495 0.999505 0.000000
3 3 0.000012 0.000111 0.112508 0.887341 0.000028
3 3 0.000000 0.000002 0.004323 0.995668 0.000007
3 3 0.000014 0.000161 0.033711 0.965852 0.000262
3 3 0.000000 0.000003 0.002689 0.997293 0.000014
3 3 0.000000 0.000008 0.024711 0.975271 0.000011
3 3 0.000000 0.000000 0.000353 0.999647 0.000000
3 3 0.000000 0.000002 0.003896 0.996098 0.000004
3 3 0.000023 0.000217 0.115489 0.884196 0.000075
3 3 0.000000 0.000001 0.034285 0.965714 0.000000
3 3 0.000003 0.000018 0.004268 0.995633 0.000078
3 3 0.000000 0.000000 0.000374 0.999626 0.000000
3 3 0.000000 0.000013 0.213116 0.786867 0.000003
3 3 0.000000 0.000001 0.019304 0.980693 0.000002
3 3 0.000001 0.000005 0.057793 0.942202 0.000000
3 3 0.000000 0.000000 0.058715 0.941285 0.000000
3 3 0.000001 0.000003 0.001932 0.998054 0.000010
3 3 0.000000 0.000000 0.000490 0.999510 0.000000
3 3 0.000001 0.000001 0.000570 0.999419 0.000009
3 3 0.000002 0.000005 0.001180 0.998767 0.000046
3 3 0.000000 0.000001 0.003323 0.996675 0.000001
3 3 0.000001 0.000006 0.012001 0.987986 0.000007
3 3 0.000000 0.000000 0.011766 0.988234 0.000000
3 3 0.000000 0.000000 0.020372 0.979627 0.000000
3 3 0.000000 0.000000 0.002752 0.997247 0.000001
3 3 0.000000 0.000033 0.046937 0.952984 0.000045
3 3 0.000002 0.000006 0.003268 0.996708 0.000017
3 3 0.000436 0.000707 0.022242 0.975208 0.001406
3 3 0.192752 0.061566 0.284405 0.361275 0.100001
3 3 0.001483 0.001879 0.079907 0.915743 0.000988
2 1 0.069876 0.378913 0.525534 0.008444 0.017233
2 1 0.000509 0.015384 0.955203 0.028080 0.000825
2 1 0.000013 0.001628 0.968004 0.030320 0.000035
2 1 0.000086 0.007355 0.902446 0.089417 0.000696
2 1 0.000003 0.000393 0.663426 0.336132 0.000047
2 2 0.000005 0.001343 0.969245 0.029369 0.000038
2 2 0.000000 0.000004 0.978999 0.020996 0.000000
2 2 0.000000 0.000040 0.942998 0.056961 0.000000
3 2 0.000082 0.001045 0.488772 0.510007 0.000094
2 2 0.000000 0.000147 0.953548 0.046301 0.000005
2 2 0.000053 0.029060 0.962542 0.006650 0.001695
2 2 0.000018 0.010486 0.986154 0.003140 0.000201
2 2 0.000000 0.001349 0.993341 0.005233 0.000076
2 2 0.000001 0.001602 0.996091 0.002235 0.000071
3 2 0.000035 0.006393 0.374619 0.603708 0.015246
2 2 0.000103 0.024809 0.898452 0.055656 0.020980
2 2 0.000030 0.026267 0.961357 0.009267 0.003080
2 2 0.000154 0.032605 0.922697 0.036759 0.007785
2 2 0.000000 0.000702 0.995332 0.003904 0.000062
2 2 0.000007 0.010754 0.987900 0.000579 0.000760
2 2 0.000005 0.004224 0.992920 0.002384 0.000467
2 2 0.000111 0.022396 0.973231 0.001324 0.002938
2 1 0.001260 0.050921 0.547112 0.061795 0.338913
2 1 0.005810 0.093476 0.893013 0.001155 0.006545
2 1 0.000177 0.106692 0.861346 0.004442 0.027342
2 1 0.000573 0.083195 0.870269 0.016569 0.029395
2 1 0.000058 0.055234 0.873541 0.002293 0.068874
2 1 0.000080 0.073644 0.866693 0.000794 0.058789
2 1 0.000150 0.067582 0.915363 0.000296 0.016609
2 1 0.000141 0.031159 0.875062 0.031942 0.061696
2 1 0.000382 0.067061 0.907500 0.001345 0.023714
2 1 0.000005 0.005792 0.992258 0.001293 0.000652
2 1 0.000001 0.005591 0.972507 0.017344 0.004557
2 1 0.000025 0.017721 0.937776 0.005805 0.038674
2 1 0.000026 0.026489 0.952399 0.002016 0.019070
2 1 0.000163 0.053295 0.822646 0.000951 0.122945
2 1 0.000024 0.027791 0.926152 0.011361 0.034672
2 1 0.000035 0.029312 0.884296 0.070316 0.016042
4 1 0.004612 0.211999 0.384483 0.000152 0.398754
2 1 0.027810 0.416167 0.424803 0.000223 0.130997
2 1 0.000252 0.070553 0.778803 0.002918 0.147474
2 1 0.000757 0.105631 0.821395 0.001780 0.070438
1 0 0.097276 0.571165 0.306565 0.000569 0.024424
1 1 0.402192 0.419469 0.128793 0.000090 0.049456
2 1 0.000598 0.026854 0.967884 0.002989 0.001674
2 1 0.005101 0.147568 0.835678 0.000286 0.011367
2 1 0.004523 0.122797 0.867857 0.001928 0.002895
2 1 0.002337 0.158366 0.829467 0.002210 0.007621
2 1 0.000069 0.015683 0.966843 0.016535 0.000869
2 1 0.000018 0.012145 0.987369 0.000286 0.000182
2 1 0.000840 0.135127 0.836961 0.001169 0.025902
2 1 0.001024 0.092112 0.905603 0.000356 0.000905
2 1 0.001548 0.185937 0.801502 0.000933 0.010080
2 1 0.000493 0.046865 0.947702 0.003646 0.001293
2 1 0.003053 0.201331 0.780659 0.000150 0.014807
0 1 0.550550 0.354026 0.073264 0.000003 0.022158
2 1 0.006171 0.297694 0.671561 0.002887 0.021687
2 1 0.000291 0.145361 0.826016 0.006658 0.021674
2 1 0.000279 0.030502 0.960208 0.008112 0.000899
2 1 0.000074 0.036304 0.959285 0.002993 0.001344
2 1 0.000620 0.100599 0.872330 0.014536 0.011914
2 1 0.000870 0.155889 0.824866 0.005854 0.012520
2 1 0.000043 0.008897 0.987153 0.003802 0.000106
2 1 0.000064 0.008149 0.974331 0.017211 0.000246
2 2 0.000115 0.058310 0.933411 0.004032 0.004132
2 2 0.002928 0.373208 0.577445 0.000870 0.045549
2 2 0.000179 0.068802 0.914074 0.009657 0.007288
2 2 0.000014 0.010031 0.983063 0.006509 0.000382
2 2 0.000026 0.011535 0.979186 0.008790 0.000463
2 2 0.000001 0.000815 0.997004 0.002176 0.000004
2 2 0.000000 0.000002 0.937456 0.062542 0.000000
2 2 0.000000 0.000005 0.993764 0.006231 0.000000
2 2 0.000004 0.002150 0.990716 0.007095 0.000034
2 2 0.000250 0.021569 0.971015 0.006764 0.000403
2 2 0.000007 0.001112 0.982801 0.016066 0.000014
2 2 0.000023 0.006539 0.986803 0.006459 0.000176
2 2 0.000949 0.189874 0.799652 0.001923 0.007601
2 0 0.005946 0.081083 0.911282 0.000982 0.000708
2 0 0.000301 0.057398 0.935919 0.004408 0.001974
2 1 0.002608 0.211332 0.725564 0.001946 0.058550
2 1 0.004666 0.350197 0.579341 0.001010 0.064786
2 1 0.006227 0.368288 0.604554 0.000947 0.019984
1 1 0.065524 0.558752 0.363274 0.000254 0.012196
1 1 0.010433 0.478386 0.395701 0.001142 0.114338
2 2 0.000053 0.015730 0.970182 0.013197 0.000838
2 2 0.000006 0.014933 0.981361 0.002962 0.000739
2 2 0.013405 0.313850 0.661699 0.000936 0.010110
2 2 0.062294 0.383953 0.511546 0.002309 0.039897
2 2 0.041435 0.372454 0.476367 0.000738 0.109006
1 1 0.068597 0.534056 0.328082 0.000053 0.069212
2 1 0.012931 0.400007 0.521654 0.010057 0.055351
1 1 0.254936 0.347625 0.227402 0.002773 0.167264
0 1 0.571112 0.143732 0.045625 0.000114 0.239416
0 0 0.984265 0.003523 0.000672 0.000005 0.011535
0 0 0.997893 0.001442 0.000563 0.000029 0.000074
0 0 0.970513 0.019871 0.009264 0.000184 0.000169
0 0 0.816745 0.103974 0.046461 0.002587 0.030233
0 0 0.685385 0.109978 0.026766 0.000031 0.177841
2 0 0.018257 0.195131 0.517317 0.000630 0.268665
2 0 0.000019 0.013554 0.979782 0.003353 0.003292
2 1 0.000040 0.017833 0.980528 0.000719 0.000880
2 1 0.000001 0.001139 0.997967 0.000846 0.000047
2 1 0.000004 0.003679 0.995261 0.001014 0.000042
2 1 0.000044 0.010088 0.984837 0.004242 0.000790
2 1 0.000145 0.037693 0.959843 0.000692 0.001628
2 1 0.000002 0.002437 0.997434 0.000105 0.000022
2 1 0.000000 0.000455 0.975797 0.023715 0.000034
2 2 0.000000 0.000022 0.966656 0.033321 0.000001
2 2 0.000003 0.002744 0.996484 0.000716 0.000054
2 2 0.236346 0.224215 0.534181 0.000018 0.005241
2 2 0.002458 0.201436 0.768833 0.000215 0.027058
2 2 0.000756 0.071844 0.916029 0.002071 0.009301
2 2 0.013929 0.159190 0.791146 0.011370 0.024365
2 2 0.012348 0.162130 0.808685 0.001221 0.015616
2 1 0.000032 0.008671 0.984997 0.006058 0.000242
2 1 0.000062 0.025959 0.968290 0.002705 0.002985
2 1 0.000201 0.041052 0.955491 0.002490 0.000766
2 1 0.000060 0.008319 0.986677 0.004850 0.000094
2 1 0.023127 0.205351 0.704404 0.010629 0.056489
2 1 0.007142 0.218539 0.642098 0.000821 0.131400
2 1 0.002147 0.116525 0.858465 0.000036 0.022827
2 1 0.006111 0.162123 0.805817 0.000032 0.025918
2 1 0.000237 0.072186 0.918495 0.000145 0.008937
2 1 0.000374 0.067884 0.913796 0.003881 0.014066
1 1 0.241207 0.433735 0.310659 0.000004 0.014396
1 0 0.186674 0.568176 0.157248 0.000014 0.087887
2 1 0.004368 0.214065 0.770760 0.000116 0.010691
2 1 0.010115 0.149042 0.833733 0.000184 0.006925
2 1 0.000032 0.019000 0.975522 0.004737 0.000708
2 1 0.000001 0.001323 0.987180 0.011453 0.000043
2 1 0.000039 0.017154 0.974591 0.007472 0.000744
2 1 0.000119 0.016905 0.962734 0.017909 0.002333
1 1 0.028042 0.547802 0.365423 0.000416 0.058316
2 1 0.001249 0.119729 0.868351 0.002368 0.008303
2 1 0.000317 0.131153 0.859566 0.002258 0.006706
2 1 0.000381 0.106212 0.876240 0.007288 0.009879
2 1 0.000902 0.100188 0.894943 0.002035 0.001932
2 1 0.000265 0.034761 0.961832 0.002652 0.000491
2 1 0.000039 0.026497 0.972805 0.000465 0.000194
2 1 0.011202 0.166959 0.813566 0.000750 0.007522
2 1 0.003033 0.109708 0.877470 0.006489 0.003299
2 1 0.015408 0.104405 0.878066 0.000190 0.001930
0 1 0.635473 0.126004 0.083257 0.006016 0.149251
2 1 0.011626 0.137079 0.838511 0.002384 0.010400
2 1 0.002004 0.071248 0.920154 0.001985 0.004608
2 1 0.002377 0.079524 0.899732 0.008731 0.009635
2 1 0.010080 0.305721 0.600011 0.009715 0.074473
2 1 0.005303 0.189356 0.766760 0.009235 0.029346
2 1 0.007565 0.371648 0.441979 0.002035 0.176773
1 1 0.207187 0.470778 0.260779 0.000442 0.060814
1 0 0.407795 0.423257 0.168034 0.000019 0.000896
0 0 0.891388 0.082698 0.025868 0.000003 0.000042
0 0 0.985136 0.006817 0.003579 0.002584 0.001885
0 0 0.982970 0.010636 0.003169 0.000059 0.003165
0 0 0.993552 0.004256 0.001765 0.000124 0.000304
0 0 0.969073 0.021663 0.007822 0.000126 0.001316
0 0 0.999221 0.000585 0.000159 0.000001 0.000034
0 0 0.939617 0.048576 0.011795 0.000000 0.000012
1 0 0.285773 0.465671 0.109147 0.000012 0.139397
0 0 0.592360 0.299688 0.064473 0.000009 0.043469
0 0 0.557790 0.233840 0.179857 0.002324 0.026188
0 0 0.530912 0.250353 0.214011 0.001957 0.002766
0 0 0.528520 0.324901 0.097600 0.000119 0.048860
0 0 0.528439 0.260634 0.183059 0.000043 0.027825
2 0 0.002759 0.031801 0.944185 0.003582 0.017674
2 0 0.047282 0.055296 0.522432 0.031446 0.343544
2 0 0.000368 0.079267 0.741761 0.000499 0.178105
2 0 0.000466 0.060675 0.880895 0.000156 0.057807
2 0 0.002184 0.089456 0.862223 0.000043 0.046093
2 1 0.002056 0.182318 0.684947 0.000030 0.130648
4 1 0.002135 0.035132 0.146849 0.002617 0.813267
4 4 0.016173 0.021808 0.016903 0.000049 0.945067
4 4 0.005979 0.073360 0.259664 0.001758 0.659238
4 4 0.016597 0.023915 0.056298 0.003584 0.899606
4 4 0.007179 0.058710 0.135887 0.000392 0.797833
4 4 0.014469 0.056672 0.119575 0.000579 0.808704
4 4 0.009960 0.048669 0.243214 0.007332 0.690825
2 4 0.005315 0.191848 0.426638 0.000262 0.375937
4 4 0.010523 0.063258 0.155250 0.000256 0.770713
4 4 0.009120 0.105713 0.051911 0.000027 0.833229
4 4 0.015411 0.140376 0.186683 0.001617 0.655913
4 4 0.028083 0.103576 0.084095 0.000291 0.783955
4 4 0.078442 0.049529 0.075856 0.020671 0.775503
4 4 0.039674 0.068004 0.044948 0.000580 0.846794
4 4 0.007817 0.028808 0.011813 0.000059 0.951504
4 4 0.025544 0.084251 0.034341 0.000053 0.855811
4 4 0.024498 0.031611 0.078317 0.022552 0.843022
4 4 0.043752 0.024637 0.008049 0.000088 0.923476
4 4 0.024767 0.046780 0.039271 0.000056 0.889126
4 4 0.011753 0.026817 0.202562 0.026445 0.732423
4 4 0.053753 0.071848 0.086455 0.002182 0.785762
4 4 0.010595 0.065410 0.171317 0.003573 0.749105
2 4 0.000562 0.039173 0.848361 0.027079 0.084825
2 4 0.002255 0.103249 0.713414 0.000205 0.180877
2 4 0.074777 0.123695 0.406191 0.002174 0.393163
2 4 0.005326 0.172840 0.656108 0.000132 0.165594
4 4 0.066025 0.012300 0.006640 0.000252 0.914783
4 4 0.095588 0.010689 0.002168 0.000007 0.891548
4 4 0.017427 0.088205 0.038842 0.000098 0.855428
4 4 0.072909 0.093873 0.082566 0.000318 0.750334
4 4 0.007107 0.096172 0.233052 0.000973 0.662697
2 4 0.005504 0.074271 0.552996 0.046905 0.320325
4 4 0.019585 0.027516 0.045689 0.000134 0.907077
4 4 0.023267 0.050902 0.044168 0.000121 0.881543
4 4 0.006446 0.036120 0.032195 0.000038 0.925201
4 4 0.040590 0.057188 0.066631 0.000092 0.835499
2 4 0.000418 0.038638 0.937357 0.013966 0.009619
4 4 0.018264 0.234834 0.263429 0.003097 0.480377
4 4 0.002776 0.104570 0.427298 0.000773 0.464584
4 4 0.050740 0.165742 0.238954 0.000867 0.543698
0 4 0.508191 0.028382 0.029021 0.008873 0.425532
0 4 0.428102 0.250417 0.171573 0.000706 0.149203
4 4 0.004744 0.237022 0.097224 0.000013 0.660997
2 4 0.001459 0.179029 0.640923 0.000482 0.178107
2 1 0.003632 0.128686 0.829704 0.000143 0.037835
2 4 0.005297 0.219142 0.547816 0.000027 0.227718
4 4 0.005857 0.123257 0.133365 0.000028 0.737493
2 4 0.010592 0.267366 0.543433 0.000848 0.177760
4 4 0.052599 0.065294 0.035228 0.000059 0.846819
4 4 0.080449 0.069513 0.021940 0.000032 0.828065
2 4 0.000506 0.118682 0.619367 0.000093 0.261352
2 4 0.000022 0.019514 0.968994 0.002033 0.009437
4 4 0.004652 0.148709 0.112843 0.000061 0.733735
4 4 0.028209 0.122253 0.092718 0.000087 0.756733
2 4 0.012071 0.039801 0.466691 0.022662 0.458774
4 4 0.138152 0.037677 0.008902 0.000021 0.815248
4 4 0.028902 0.144645 0.129714 0.000445 0.696295
4 4 0.014189 0.207002 0.341723 0.000121 0.436966
4 4 0.047150 0.058509 0.052180 0.000799 0.841362
4 4 0.031610 0.081765 0.085208 0.000401 0.801016
4 4 0.004561 0.174208 0.048203 0.000001 0.773026
4 1 0.000902 0.065068 0.193449 0.000235 0.740346
4 1 0.003119 0.211146 0.260754 0.000041 0.524940
4 1 0.055861 0.269687 0.058651 0.000005 0.615795
4 1 0.003037 0.272228 0.195688 0.000071 0.528976
2 1 0.003090 0.320160 0.401543 0.000017 0.275190
4 4 0.004045 0.110976 0.082044 0.000110 0.802825
4 4 0.023285 0.053765 0.086949 0.000650 0.835351
2 4 0.000010 0.033418 0.944736 0.000993 0.020843
2 1 0.000032 0.047535 0.905649 0.000327 0.046457
2 1 0.001859 0.196688 0.420123 0.000193 0.381137
2 1 0.000049 0.043137 0.942858 0.000197 0.013759
1 0 0.067141 0.460571 0.439310 0.000525 0.032453
2 1 0.001515 0.166254 0.787277 0.000337 0.044618
2 1 0.003446 0.163876 0.752670 0.000351 0.079657
2 1 0.004853 0.098140 0.792798 0.000962 0.103248
2 1 0.000570 0.087280 0.875346 0.002974 0.033830
2 1 0.000557 0.044776 0.948337 0.002269 0.004061
1 1 0.188388 0.512348 0.260294 0.000143 0.038827
0 1 0.467677 0.251859 0.262098 0.000028 0.018338
2 1 0.000124 0.020982 0.976530 0.000688 0.001675
2 1 0.000156 0.042115 0.951307 0.001360 0.005061
2 1 0.000510 0.132306 0.782202 0.000538 0.084444
2 1 0.000167 0.042701 0.951238 0.001101 0.004792
2 1 0.002653 0.071211 0.924114 0.000443 0.001578
2 1 0.004954 0.219577 0.731586 0.001238 0.042645
2 1 0.000002 0.006410 0.989136 0.003427 0.001025
2 1 0.000001 0.002620 0.996924 0.000364 0.000090
2 1 0.000001 0.004782 0.992101 0.002947 0.000169
2 1 0.000002 0.002073 0.994787 0.003033 0.000105
2 1 0.000000 0.001448 0.983133 0.015198 0.000221
2 2 0.000001 0.001980 0.982716 0.014986 0.000317
2 2 0.000035 0.010835 0.961758 0.016802 0.010569
2 2 0.000032 0.005132 0.978634 0.015753 0.000450
2 2 0.000000 0.000019 0.991887 0.008094 0.000000
2 2 0.000000 0.000013 0.988699 0.011287 0.000000
2 2 0.000002 0.000676 0.920054 0.079228 0.000039
2 2 0.000054 0.004248 0.898857 0.093655 0.003187
2 2 0.000002 0.003277 0.993940 0.002605 0.000176
2 2 0.000000 0.000028 0.980807 0.019166 0.000000
2 2 0.000001 0.000666 0.995051 0.004122 0.000159
2 2 0.000000 0.000042 0.991792 0.008160 0.000006
2 2 0.000090 0.002701 0.997043 0.000153 0.000012
0 2 0.679222 0.265873 0.052778 0.000000 0.002127
0 1 0.400968 0.288912 0.267822 0.000123 0.042176
1 1 0.044936 0.595937 0.229918 0.000049 0.129160
2 2 0.000000 0.000789 0.996147 0.003029 0.000035
2 2 0.000000 0.000007 0.995670 0.004323 0.000000
2 2 0.000000 0.000982 0.996072 0.002884 0.000062
2 2 0.000001 0.002334 0.986681 0.010833 0.000150
2 2 0.000000 0.000020 0.991828 0.008152 0.000000
2 2 0.000008 0.002188 0.995119 0.002607 0.000079
2 2 0.000008 0.006488 0.984426 0.006580 0.002499
2 2 0.000006 0.001245 0.986037 0.012476 0.000235
2 2 0.000005 0.007333 0.977662 0.009884 0.005115
2 2 0.002580 0.054177 0.942275 0.000144 0.000824
2 2 0.042983 0.306680 0.575367 0.000339 0.074631
1 0 0.067079 0.465483 0.438295 0.000061 0.029082
2 1 0.000915 0.042830 0.952144 0.001896 0.002216
2 2 0.047976 0.337943 0.605565 0.000214 0.008301
2 2 0.000000 0.000972 0.997714 0.001298 0.000016
2 2 0.000000 0.000542 0.998543 0.000901 0.000014
2 2 0.005271 0.076268 0.916041 0.000061 0.002359
2 2 0.051045 0.254542 0.646431 0.000178 0.047805
2 2 0.001356 0.156260 0.711477 0.000043 0.130864
2 2 0.003735 0.214642 0.706014 0.000058 0.075552
2 2 0.000352 0.048762 0.930942 0.001967 0.017977
2 2 0.000104 0.022174 0.963592 0.006180 0.007950
2 2 0.000002 0.001215 0.997582 0.001175 0.000026
2 2 0.000309 0.008875 0.989389 0.001288 0.000138
2 2 0.000000 0.001001 0.992600 0.006301 0.000097
2 2 0.000018 0.004374 0.983911 0.001947 0.009750
2 2 0.000000 0.000054 0.974115 0.025829 0.000001
2 2 0.000000 0.000083 0.988758 0.011158 0.000001
2 2 0.000001 0.001681 0.997275 0.000832 0.000211
2 2 0.000000 0.000026 0.992445 0.007528 0.000001
2 2 0.001079 0.038457 0.957932 0.000502 0.002030
2 2 0.002214 0.037867 0.944277 0.014880 0.000761
1 2 0.199068 0.598003 0.136229 0.000002 0.066698
2 2 0.001127 0.061910 0.934556 0.000157 0.002249
2 2 0.000000 0.000165 0.996136 0.003695 0.000003
2 2 0.000001 0.000295 0.998962 0.000736 0.000007
1 2 0.255002 0.587911 0.142934 0.000001 0.014152
1 1 0.310648 0.472383 0.157136 0.000129 0.059704
2 1 0.008949 0.341671 0.592787 0.000058 0.056534
2 1 0.000017 0.020155 0.971204 0.002113 0.006512
2 2 0.001620 0.049509 0.943485 0.003794 0.001592
2 2 0.000017 0.003389 0.995808 0.000582 0.000203
2 2 0.000000 0.000009 0.991993 0.007998 0.000000
2 2 0.000000 0.000060 0.923367 0.076567 0.000006
2 2 0.000000 0.000031 0.995573 0.004395 0.000000
2 2 0.000007 0.003057 0.994408 0.002353 0.000176
2 2 0.000000 0.000007 0.999008 0.000985 0.000000
2 2 0.000000 0.000007 0.996460 0.003533 0.000000
2 2 0.000000 0.000211 0.999182 0.000605 0.000002
2 2 0.000002 0.000558 0.990452 0.008975 0.000013
2 2 0.000000 0.000060 0.984141 0.015796 0.000003
2 2 0.000000 0.000136 0.986739 0.013121 0.000004
2 2 0.000000 0.000018 0.980125 0.019857 0.000000
2 2 0.000000 0.000014 0.972808 0.027178 0.000000
2 2 0.000001 0.000352 0.959223 0.040416 0.000007
2 2 0.000002 0.000292 0.990277 0.009427 0.000001
2 2 0.000000 0.000615 0.995639 0.003727 0.000019
2 3 0.000000 0.000154 0.976713 0.023125 0.000009
2 3 0.000000 0.000286 0.973393 0.026291 0.000030
2 3 0.000000 0.000005 0.984908 0.015087 0.000000
3 3 0.000000 0.000004 0.278729 0.721266 0.000001
2 3 0.000000 0.000031 0.982043 0.017924 0.000002
2 3 0.000005 0.000262 0.836488 0.163239 0.000006
2 3 0.002343 0.011305 0.972864 0.013431 0.000056
2 3 0.000431 0.004284 0.881360 0.113823 0.000102
2 3 0.000404 0.016661 0.975754 0.006409 0.000771
2 3 0.000000 0.000002 0.996456 0.003542 0.000000
2 3 0.000000 0.000035 0.991590 0.008375 0.000000
3 2 0.000000 0.000004 0.321937 0.678059 0.000000
2 2 0.000000 0.000001 0.972978 0.027021 0.000000
2 2 0.000000 0.000003 0.974801 0.025196 0.000000
2 2 0.000000 0.000011 0.987866 0.012123 0.000000
2 2 0.000000 0.000000 0.952464 0.047536 0.000000
2 2 0.000000 0.000002 0.783620 0.216378 0.000000
