0 0 0.980003 0.001226 0.003080 0.000481 0.015210
0 0 0.941949 0.010006 0.005705 0.000024 0.042316
0 0 0.992488 0.000848 0.001343 0.000034 0.005287
0 0 0.950366 0.014835 0.011238 0.000472 0.023088
0 0 0.608149 0.095842 0.036259 0.000414 0.259336
0 0 0.928523 0.010568 0.007915 0.000099 0.052895
0 0 0.898435 0.013955 0.015673 0.001476 0.070461
0 0 0.900637 0.011675 0.019077 0.007427 0.061184
0 0 0.983990 0.001970 0.003017 0.000158 0.010865
0 0 0.997334 0.000129 0.000351 0.000008 0.002178
0 0 0.994565 0.000276 0.000750 0.000035 0.004375
0 0 0.969961 0.008175 0.006665 0.000194 0.015004
0 0 0.847583 0.024760 0.020150 0.000949 0.106557
0 0 0.976018 0.003311 0.003703 0.000086 0.016883
0 0 0.993422 0.000705 0.001153 0.000027 0.004693
0 0 0.939509 0.010199 0.007087 0.000070 0.043135
0 0 0.841102 0.081702 0.019558 0.000055 0.057584
0 0 0.878176 0.015791 0.012078 0.000002 0.093954
0 0 0.847518 0.072444 0.026735 0.000420 0.052883
1 0 0.081632 0.780659 0.079076 0.000025 0.058608
4 0 0.158988 0.244928 0.095809 0.000013 0.500262
4 0 0.027597 0.202425 0.121290 0.000027 0.648661
1 1 0.009580 0.503081 0.319482 0.000011 0.167847
4 1 0.001993 0.142387 0.115889 0.000005 0.739725
4 1 0.006847 0.129322 0.038214 0.000001 0.825616
4 1 0.035038 0.113113 0.031468 0.000000 0.820381
2 1 0.006302 0.272932 0.489871 0.000059 0.230836
4 4 0.002013 0.237706 0.095932 0.000001 0.664348
4 4 0.001695 0.193783 0.084729 0.000004 0.719789
4 4 0.006730 0.091381 0.067802 0.000024 0.834064
0 4 0.529698 0.007453 0.009212 0.000186 0.453451
4 1 0.075009 0.198455 0.041095 0.000034 0.685407
4 1 0.036766 0.039480 0.035096 0.000003 0.888655
4 1 0.103859 0.220476 0.066848 0.000012 0.608805
4 1 0.026444 0.175397 0.206505 0.000006 0.591648
4 1 0.029120 0.039736 0.035435 0.000001 0.895708
4 4 0.012214 0.015121 0.018984 0.000050 0.953630
4 4 0.320013 0.019130 0.012176 0.000081 0.648598
4 4 0.203174 0.065278 0.043064 0.003706 0.684778
4 1 0.083623 0.025816 0.017450 0.000670 0.872441
4 1 0.305051 0.064054 0.029519 0.000402 0.600974
4 1 0.011532 0.231973 0.186379 0.000014 0.570102
1 1 0.111502 0.417561 0.086393 0.000057 0.384488
4 1 0.006354 0.029961 0.019096 0.000256 0.944334
2 1 0.016523 0.157513 0.575175 0.000007 0.250783
2 1 0.022931 0.256895 0.375035 0.000005 0.345133
2 1 0.016988 0.134211 0.492988 0.000041 0.355772
2 1 0.013983 0.211215 0.561589 0.000322 0.212891
2 1 0.000081 0.348095 0.593818 0.000009 0.057998
1 1 0.000646 0.669522 0.201385 0.000003 0.128444
2 1 0.000029 0.019860 0.971854 0.001466 0.006791
2 1 0.000190 0.103211 0.884285 0.000121 0.012193
2 2 0.000010 0.026487 0.973031 0.000024 0.000448
2 2 0.000000 0.000564 0.998245 0.001167 0.000024
2 2 0.003278 0.011868 0.974441 0.007441 0.002971
2 2 0.000769 0.031937 0.958898 0.000811 0.007585
2 2 0.000000 0.000750 0.997020 0.002229 0.000001
2 2 0.000001 0.000774 0.991779 0.007432 0.000014
2 2 0.000011 0.005861 0.944730 0.049366 0.000031
3 2 0.000000 0.000310 0.270717 0.728971 0.000002
2 2 0.000002 0.000267 0.846702 0.153025 0.000003
2 2 0.000000 0.000276 0.959206 0.040518 0.000001
2 3 0.000003 0.000085 0.942614 0.057296 0.000002
2 3 0.000014 0.000886 0.913668 0.085386 0.000046
3 3 0.000000 0.000003 0.226834 0.773163 0.000000
3 3 0.000000 0.000005 0.222484 0.777511 0.000000
3 3 0.000000 0.000002 0.060841 0.939157 0.000000
3 3 0.000000 0.000000 0.005338 0.994662 0.000000
3 3 0.000000 0.000001 0.091030 0.908969 0.000000
3 3 0.000000 0.000078 0.272429 0.727493 0.000000
3 3 0.000000 0.000000 0.003074 0.996926 0.000000
3 3 0.000000 0.000000 0.001758 0.998242 0.000000
3 3 0.000000 0.000001 0.010094 0.989906 0.000000
3 3 0.000000 0.000002 0.039062 0.960935 0.000000
3 3 0.000000 0.000000 0.002106 0.997894 0.000000
3 3 0.000000 0.000003 0.121904 0.878093 0.000000
3 3 0.000000 0.000001 0.001565 0.998434 0.000000
3 3 0.000000 0.000000 0.000054 0.999946 0.000000
3 3 0.000000 0.000000 0.000626 0.999374 0.000000
3 3 0.000000 0.000000 0.001508 0.998492 0.000000
3 3 0.000000 0.000000 0.002002 0.997998 0.000000
3 3 0.000000 0.000002 0.014843 0.985156 0.000000
3 3 0.000000 0.000001 0.003158 0.996842 0.000000
3 3 0.000000 0.000000 0.000162 0.999838 0.000000
3 3 0.000000 0.000000 0.007761 0.992238 0.000000
3 3 0.000000 0.000001 0.001074 0.998926 0.000000
3 3 0.000000 0.000000 0.000658 0.999342 0.000000
3 3 0.000000 0.000002 0.004614 0.995384 0.000000
3 3 0.000000 0.000000 0.003252 0.996748 0.000000
3 3 0.000000 0.000000 0.000054 0.999946 0.000000
3 3 0.000000 0.000000 0.000462 0.999538 0.000000
3 3 0.000000 0.000000 0.000353 0.999647 0.000000
3 3 0.000000 0.000000 0.000565 0.999435 0.000000
3 3 0.000000 0.000001 0.001569 0.998430 0.000000
3 3 0.000001 0.000001 0.009421 0.990577 0.000001
3 3 0.000893 0.000111 0.055051 0.943799 0.000146
3 3 0.000000 0.000000 0.000422 0.999578 0.000000
3 3 0.000000 0.000000 0.000308 0.999692 0.000000
3 3 0.000000 0.000000 0.000749 0.999251 0.000000
3 3 0.000000 0.000001 0.001254 0.998745 0.000000
3 3 0.000000 0.000001 0.001079 0.998920 0.000000
3 3 0.000000 0.000002 0.002010 0.997988 0.000000
3 3 0.000000 0.000000 0.000139 0.999861 0.000000
3 3 0.000000 0.000000 0.000688 0.999311 0.000000
3 3 0.000000 0.000000 0.000136 0.999864 0.000000
3 3 0.000000 0.000000 0.000036 0.999964 0.000000
3 3 0.000000 0.000000 0.000739 0.999261 0.000000
3 3 0.000000 0.000001 0.002572 0.997427 0.000000
3 3 0.000000 0.000000 0.000135 0.999865 0.000000
3 3 0.000000 0.000000 0.000087 0.999913 0.000000
3 3 0.000000 0.000000 0.000086 0.999914 0.000000
3 3 0.000000 0.000000 0.000211 0.999789 0.000000
3 3 0.000000 0.000000 0.000310 0.999689 0.000000
3 3 0.000000 0.000001 0.000372 0.999627 0.000000
3 3 0.000000 0.000000 0.000204 0.999796 0.000000
3 3 0.000116 0.000009 0.008320 0.991548 0.000006
3 3 0.000000 0.000000 0.000561 0.999439 0.000000
3 3 0.000002 0.000003 0.003667 0.996328 0.000001
3 3 0.000000 0.000000 0.000155 0.999845 0.000000
3 3 0.000000 0.000000 0.000189 0.999811 0.000000
3 3 0.000000 0.000000 0.001948 0.998052 0.000000
3 3 0.000000 0.000000 0.000582 0.999418 0.000000
3 3 0.000000 0.000000 0.000186 0.999813 0.000000
3 3 0.000000 0.000000 0.000023 0.999977 0.000000
3 3 0.000000 0.000007 0.001575 0.998417 0.000000
3 3 0.000000 0.000000 0.000282 0.999718 0.000000
3 3 0.000000 0.000001 0.000582 0.999418 0.000000
3 3 0.000000 0.000000 0.000026 0.999974 0.000000
3 3 0.000000 0.000000 0.000464 0.999536 0.000000
3 3 0.000000 0.000000 0.001557 0.998443 0.000000
3 3 0.000001 0.000003 0.001961 0.998034 0.000000
3 3 0.000002 0.000008 0.004269 0.995718 0.000003
3 3 0.000005 0.000001 0.002497 0.997497 0.000000
3 3 0.000000 0.000001 0.003991 0.996008 0.000000
3 3 0.000000 0.000000 0.000011 0.999989 0.000000
3 3 0.000000 0.000000 0.000054 0.999946 0.000000
3 3 0.000000 0.000000 0.000225 0.999775 0.000000
3 3 0.000005 0.000007 0.010459 0.989527 0.000001
3 3 0.000000 0.000000 0.000044 0.999956 0.000000
3 3 0.000000 0.000000 0.000176 0.999824 0.000000
3 3 0.000000 0.000000 0.006318 0.993682 0.000000
3 3 0.000000 0.000000 0.000759 0.999241 0.000000
3 3 0.000000 0.000000 0.000093 0.999907 0.000000
3 3 0.000001 0.000003 0.001671 0.998325 0.000000
3 3 0.000000 0.000000 0.000030 0.999970 0.000000
3 3 0.000000 0.000000 0.000132 0.999868 0.000000
3 3 0.000000 0.000007 0.001341 0.998651 0.000001
3 3 0.000000 0.000000 0.000664 0.999336 0.000000
3 3 0.000000 0.000005 0.001085 0.998910 0.000000
3 3 0.000000 0.000003 0.002457 0.997540 0.000000
3 3 0.000000 0.000007 0.002903 0.997090 0.000000
3 3 0.000000 0.000000 0.000297 0.999703 0.000000
3 3 0.000001 0.000001 0.002235 0.997763 0.000000
3 3 0.000020 0.000013 0.005108 0.994855 0.000004
3 3 0.000000 0.000024 0.031257 0.968715 0.000004
2 2 0.000000 0.001339 0.702445 0.296184 0.000031
2 2 0.001427 0.000874 0.896499 0.101106 0.000095
2 2 0.000807 0.027205 0.932056 0.038703 0.001229
2 2 0.007878 0.194791 0.738121 0.045205 0.014004
2 2 0.000075 0.008229 0.954613 0.036822 0.000261
2 2 0.000000 0.000555 0.883094 0.116226 0.000125
2 2 0.000003 0.000730 0.932512 0.066577 0.000178
2 2 0.000011 0.000457 0.904055 0.095423 0.000054
2 2 0.000013 0.001690 0.995215 0.002949 0.000132
2 2 0.000710 0.022191 0.857503 0.101442 0.018154
2 2 0.000233 0.032270 0.960785 0.003945 0.002767
2 2 0.000000 0.000153 0.998977 0.000864 0.000005
2 2 0.000003 0.002797 0.994157 0.002917 0.000126
2 2 0.000001 0.000421 0.998376 0.001126 0.000076
2 2 0.000006 0.001625 0.993024 0.005024 0.000322
2 2 0.000006 0.001011 0.990259 0.008608 0.000115
2 2 0.000004 0.006326 0.992839 0.000548 0.000283
2 2 0.000001 0.000915 0.998615 0.000329 0.000140
2 2 0.000248 0.039198 0.955038 0.000566 0.004950
1 0 0.021015 0.740016 0.141862 0.000040 0.097066
2 0 0.034663 0.404315 0.479806 0.001406 0.079810
2 2 0.000098 0.029068 0.968984 0.001402 0.000447
2 2 0.000002 0.012510 0.985563 0.001744 0.000181
2 2 0.000245 0.025877 0.972150 0.000798 0.000931
2 2 0.005399 0.257377 0.672538 0.000162 0.064524
2 2 0.000008 0.001704 0.985333 0.012661 0.000294
2 2 0.000210 0.003494 0.983749 0.012033 0.000514
2 2 0.000029 0.013879 0.985146 0.000282 0.000665
2 2 0.000018 0.003366 0.994612 0.001183 0.000821
2 2 0.000003 0.002859 0.992623 0.004366 0.000150
2 2 0.000000 0.001395 0.968750 0.029830 0.000025
2 2 0.000000 0.003110 0.994180 0.002684 0.000025
2 2 0.000015 0.002941 0.995493 0.000325 0.001225
2 2 0.000000 0.000049 0.987713 0.012233 0.000005
2 2 0.000000 0.000281 0.996919 0.002796 0.000004
2 2 0.002271 0.005177 0.976136 0.016360 0.000056
2 2 0.115802 0.069565 0.806139 0.005593 0.002901
4 2 0.073958 0.313140 0.185359 0.000228 0.427314
1 1 0.156327 0.486319 0.207160 0.000253 0.149940
1 1 0.039161 0.714825 0.124033 0.000098 0.121883
1 1 0.006894 0.747652 0.166334 0.000009 0.079112
2 1 0.012360 0.308412 0.592072 0.000324 0.086831
2 1 0.005058 0.360528 0.499938 0.001034 0.133442
2 1 0.042583 0.100648 0.813932 0.000251 0.042586
2 1 0.004864 0.159797 0.802105 0.000355 0.032880
2 2 0.000000 0.000166 0.875245 0.124536 0.000052
2 2 0.000001 0.000123 0.984303 0.015567 0.000008
2 2 0.000024 0.005086 0.994136 0.000690 0.000064
2 2 0.000020 0.002904 0.994655 0.002136 0.000285
2 2 0.000038 0.000687 0.998922 0.000241 0.000111
2 2 0.000004 0.000672 0.987889 0.011255 0.000181
2 2 0.000018 0.010007 0.984098 0.002583 0.003294
2 2 0.000001 0.001240 0.993890 0.004825 0.000045
2 2 0.000008 0.002369 0.996527 0.000307 0.000790
2 2 0.000003 0.000700 0.999110 0.000110 0.000077
2 2 0.000008 0.000886 0.998287 0.000809 0.000011
2 2 0.000025 0.001918 0.994337 0.003681 0.000039
2 2 0.000000 0.000211 0.979896 0.019878 0.000014
2 2 0.000003 0.000597 0.987980 0.011399 0.000020
2 2 0.072921 0.070474 0.829776 0.022808 0.004022
2 1 0.008676 0.241426 0.695745 0.001578 0.052576
1 1 0.161010 0.485961 0.320913 0.000659 0.031457
0 1 0.872097 0.071296 0.037746 0.000094 0.018768
0 1 0.637547 0.165373 0.027329 0.000029 0.169722
1 1 0.001750 0.753137 0.170792 0.000003 0.074317
1 1 0.056718 0.637876 0.222514 0.000008 0.082884
1 1 0.118556 0.402931 0.392068 0.000121 0.086325
2 1 0.000263 0.235784 0.746584 0.000094 0.017275
2 1 0.001227 0.379344 0.600432 0.000099 0.018898
2 2 0.000000 0.000114 0.825234 0.174652 0.000001
2 2 0.000000 0.000075 0.956718 0.043201 0.000006
2 2 0.000062 0.009718 0.988738 0.000091 0.001391
2 2 0.000006 0.000774 0.994297 0.004918 0.000006
2 2 0.000029 0.002197 0.997579 0.000181 0.000013
2 2 0.000004 0.000648 0.996599 0.002739 0.000010
2 2 0.060662 0.068827 0.846050 0.014596 0.009865
0 1 0.627656 0.071296 0.184862 0.031813 0.084374
1 1 0.001140 0.703363 0.260450 0.000002 0.035045
1 1 0.022317 0.608746 0.284925 0.000037 0.083975
1 1 0.270581 0.489820 0.217683 0.000002 0.021914
2 1 0.023737 0.215454 0.751958 0.000158 0.008693
2 1 0.000027 0.019494 0.952937 0.026875 0.000667
2 2 0.000000 0.001275 0.998580 0.000081 0.000064
2 2 0.000008 0.000621 0.981763 0.017526 0.000082
2 2 0.000029 0.005662 0.993935 0.000164 0.000210
2 2 0.000001 0.000971 0.998573 0.000436 0.000019
2 2 0.000011 0.000693 0.996781 0.002442 0.000073
2 2 0.000002 0.000926 0.998833 0.000192 0.000047
2 2 0.000003 0.000230 0.997737 0.002017 0.000012
2 2 0.000021 0.000604 0.995218 0.004129 0.000027
2 2 0.000009 0.000334 0.997816 0.001824 0.000016
2 2 0.000016 0.002181 0.984838 0.012575 0.000390
2 2 0.000083 0.005576 0.988407 0.005765 0.000169
2 2 0.000000 0.000033 0.991983 0.007984 0.000000
2 2 0.000017 0.002362 0.991089 0.006517 0.000015
2 2 0.000001 0.000891 0.789737 0.209369 0.000002
2 2 0.000000 0.000209 0.904152 0.095625 0.000014
2 2 0.000327 0.029453 0.968486 0.000727 0.001006
2 2 0.000348 0.039105 0.936183 0.023730 0.000634
2 0 0.028953 0.225054 0.677030 0.036075 0.032887
0 0 0.500514 0.160304 0.304677 0.004602 0.029903
0 0 0.934410 0.036048 0.013013 0.000129 0.016400
0 0 0.546313 0.144127 0.123113 0.000810 0.185637
0 0 0.938859 0.009762 0.005212 0.000015 0.046152
0 0 0.951900 0.004908 0.005397 0.000125 0.037670
0 0 0.825488 0.025005 0.034919 0.018884 0.095704
0 0 0.988569 0.003197 0.002450 0.000023 0.005760
0 0 0.883255 0.016695 0.007207 0.000011 0.092832
4 0 0.446129 0.043445 0.024973 0.000385 0.485068
0 0 0.665501 0.068479 0.146887 0.002160 0.116974
0 0 0.992360 0.001550 0.001835 0.000013 0.004243
1 0 0.244702 0.388288 0.267506 0.000024 0.099480
1 1 0.169019 0.332098 0.311549 0.000001 0.187333
1 1 0.000612 0.538852 0.398453 0.000007 0.062076
2 1 0.002980 0.399582 0.537416 0.000009 0.060013
2 1 0.002653 0.303546 0.605572 0.000002 0.088226
2 1 0.001496 0.162849 0.769853 0.000023 0.065778
2 1 0.002155 0.228831 0.729944 0.000209 0.038861
2 1 0.000371 0.030363 0.957957 0.002644 0.008666
2 1 0.001902 0.278798 0.533684 0.000171 0.185445
2 1 0.001781 0.221633 0.744514 0.000006 0.032066
2 1 0.002371 0.056267 0.898887 0.001228 0.041247
2 1 0.005423 0.155231 0.792741 0.001068 0.045536
2 2 0.000002 0.003087 0.996501 0.000278 0.000133
2 2 0.000005 0.015850 0.977108 0.005891 0.001145
2 2 0.000004 0.000836 0.997683 0.001444 0.000033
2 2 0.000039 0.026842 0.969922 0.000118 0.003079
2 2 0.000001 0.000024 0.999857 0.000116 0.000002
2 2 0.000053 0.002203 0.996995 0.000421 0.000328
2 2 0.000014 0.000734 0.999216 0.000026 0.000010
2 2 0.000008 0.000046 0.999887 0.000059 0.000001
2 2 0.000097 0.021864 0.970977 0.000082 0.006981
2 2 0.000008 0.000322 0.998134 0.001520 0.000016
2 2 0.000001 0.000197 0.999549 0.000247 0.000007
2 2 0.000002 0.000242 0.999156 0.000581 0.000019
2 2 0.000006 0.000942 0.995084 0.003963 0.000005
2 2 0.000001 0.000663 0.997122 0.002200 0.000015
2 2 0.000006 0.001310 0.996489 0.002152 0.000043
2 0 0.000227 0.003464 0.975492 0.020803 0.000014
1 0 0.330086 0.387319 0.131721 0.029357 0.121517
1 0 0.104164 0.385871 0.270195 0.007561 0.232209
2 1 0.003038 0.324553 0.643600 0.000297 0.028512
2 1 0.001975 0.065448 0.926971 0.001008 0.004598
2 1 0.000096 0.098922 0.888306 0.000476 0.012199
2 1 0.000288 0.158576 0.832023 0.000493 0.008620
2 2 0.000000 0.000114 0.998424 0.001462 0.000000
2 2 0.000000 0.000033 0.968334 0.031633 0.000000
2 2 0.000005 0.002831 0.993249 0.003740 0.000175
2 2 0.014730 0.194442 0.676490 0.000261 0.114077
2 2 0.000015 0.000555 0.982928 0.016498 0.000004
2 2 0.000000 0.000076 0.999077 0.000847 0.000000
2 2 0.000006 0.001055 0.996086 0.002849 0.000004
2 2 0.006437 0.004933 0.988428 0.000085 0.000116
2 2 0.000019 0.000396 0.997970 0.001598 0.000017
2 2 0.000014 0.002376 0.996320 0.001152 0.000138
2 2 0.000046 0.003619 0.932831 0.063444 0.000060
2 2 0.000042 0.001597 0.981902 0.016421 0.000038
2 2 0.029937 0.036065 0.931151 0.002374 0.000473
2 0 0.175214 0.285465 0.529462 0.003463 0.006397
1 0 0.190079 0.717465 0.069225 0.000272 0.022959
1 0 0.145509 0.685943 0.090537 0.000059 0.077952
1 0 0.110130 0.525851 0.308213 0.000142 0.055664
1 0 0.221331 0.392041 0.136436 0.000126 0.250066
1 0 0.067452 0.551000 0.184979 0.000052 0.196517
4 1 0.214452 0.265618 0.226466 0.000005 0.293459
2 1 0.002522 0.094113 0.893631 0.000254 0.009479
2 2 0.000000 0.000510 0.998993 0.000450 0.000046
2 2 0.008358 0.080248 0.788505 0.000366 0.122523
2 2 0.000950 0.027289 0.962799 0.000461 0.008501
2 2 0.000002 0.002517 0.997074 0.000188 0.000219
2 2 0.000000 0.000490 0.997314 0.002191 0.000004
2 2 0.000000 0.000353 0.997849 0.001772 0.000025
2 2 0.000001 0.000141 0.977670 0.022167 0.000021
2 2 0.009900 0.119254 0.674133 0.000019 0.196693
2 2 0.000127 0.009678 0.989770 0.000119 0.000307
2 2 0.000032 0.012253 0.982118 0.000232 0.005365
2 2 0.000144 0.022559 0.972790 0.000351 0.004156
2 2 0.000000 0.000238 0.999595 0.000140 0.000026
2 2 0.000000 0.000090 0.991455 0.008452 0.000003
2 2 0.002298 0.034558 0.934034 0.017235 0.011875
2 2 0.000027 0.002932 0.995083 0.001796 0.000162
2 2 0.000000 0.000691 0.990571 0.008648 0.000089
2 2 0.000003 0.000836 0.998159 0.000745 0.000256
2 2 0.000012 0.000095 0.967551 0.032342 0.000001
2 2 0.000008 0.002259 0.965287 0.032431 0.000015
2 2 0.073136 0.107033 0.778332 0.031707 0.009792
2 0 0.004058 0.267971 0.725037 0.002155 0.000779
2 0 0.020902 0.455081 0.516104 0.001400 0.006513
2 0 0.100071 0.286223 0.592036 0.006095 0.015576
0 0 0.925461 0.027026 0.017431 0.000684 0.029397
1 0 0.071473 0.429199 0.271692 0.000065 0.227571
4 0 0.012416 0.349967 0.258659 0.000005 0.378954
2 1 0.010182 0.249036 0.656505 0.000305 0.083973
2 2 0.000000 0.000204 0.718286 0.281509 0.000001
2 2 0.000000 0.000154 0.996050 0.003795 0.000001
2 2 0.000001 0.000290 0.974753 0.024929 0.000025
2 2 0.000002 0.000112 0.892058 0.107825 0.000003
2 2 0.000000 0.000184 0.999462 0.000352 0.000001
2 2 0.000025 0.003129 0.993785 0.002863 0.000198
2 2 0.000003 0.000319 0.992827 0.006850 0.000001
2 2 0.000000 0.000017 0.996906 0.003078 0.000000
2 2 0.000000 0.000226 0.985555 0.014217 0.000002
2 2 0.000117 0.002119 0.996913 0.000640 0.000211
2 2 0.000000 0.000073 0.993529 0.006397 0.000001
2 2 0.000000 0.000047 0.998814 0.001139 0.000000
2 2 0.000028 0.001348 0.983883 0.014248 0.000493
2 2 0.000003 0.000058 0.993421 0.006518 0.000000
2 2 0.000002 0.000594 0.993573 0.005790 0.000041
2 2 0.000000 0.000003 0.994590 0.005407 0.000000
2 2 0.000002 0.001212 0.981720 0.017002 0.000063
2 2 0.000002 0.000466 0.997458 0.002036 0.000038
2 2 0.000001 0.000117 0.988459 0.011422 0.000001
2 2 0.000000 0.000024 0.934335 0.065641 0.000000
2 2 0.000000 0.000129 0.997266 0.002603 0.000002
2 2 0.000091 0.009372 0.987236 0.002264 0.001036
2 2 0.000000 0.000502 0.996964 0.002534 0.000000
2 2 0.000113 0.003456 0.992647 0.003727 0.000057
0 0 0.952198 0.024251 0.009815 0.000093 0.013642
0 0 0.995332 0.001089 0.000950 0.000005 0.002625
0 0 0.640028 0.186441 0.051665 0.000785 0.121082
1 0 0.202096 0.409616 0.312855 0.000390 0.075043
2 0 0.323646 0.278030 0.367273 0.000040 0.031012
2 0 0.138158 0.075738 0.761923 0.000887 0.023293
0 0 0.992942 0.001054 0.001350 0.000022 0.004633
1 0 0.167274 0.733095 0.057764 0.000285 0.041582
4 0 0.272977 0.199030 0.130738 0.000033 0.397223
1 0 0.041987 0.573596 0.337382 0.009073 0.037963
1 0 0.070814 0.535549 0.319050 0.000008 0.074580
1 0 0.063050 0.439025 0.271731 0.000014 0.226180
4 0 0.053490 0.235343 0.302757 0.000090 0.408320
2 0 0.242542 0.344865 0.383028 0.000300 0.029265
1 0 0.066627 0.567785 0.266772 0.000027 0.098789
1 0 0.012333 0.675533 0.275642 0.000004 0.036488
4 0 0.000505 0.004963 0.006107 0.000001 0.988424
4 0 0.079403 0.015710 0.011360 0.000264 0.893263
4 0 0.024065 0.271188 0.253779 0.000182 0.450787
4 0 0.038467 0.074180 0.114231 0.001234 0.771889
4 0 0.107376 0.095636 0.058751 0.000010 0.738228
4 0 0.420933 0.084357 0.032659 0.000302 0.461750
0 0 0.632971 0.113488 0.029440 0.000095 0.224006
4 0 0.380703 0.019537 0.021473 0.000226 0.578061
0 0 0.656160 0.006515 0.009056 0.000254 0.328015
0 0 0.892393 0.003068 0.005426 0.000229 0.098884
0 0 0.566731 0.090256 0.036856 0.000103 0.306054
0 0 0.811100 0.125906 0.021871 0.000039 0.041085
4 0 0.074198 0.284473 0.064956 0.000021 0.576351
4 0 0.143812 0.053264 0.033562 0.000027 0.769336
4 0 0.041587 0.181243 0.088616 0.000065 0.688489
1 0 0.230932 0.409731 0.253710 0.000016 0.105610
4 0 0.042619 0.323530 0.082757 0.000040 0.551053
0 0 0.417982 0.262712 0.157285 0.000021 0.162001
1 0 0.025718 0.643326 0.307145 0.000003 0.023808
0 0 0.963012 0.017639 0.013731 0.000031 0.005587
1 0 0.240127 0.403935 0.313737 0.021258 0.020942
0 0 0.482214 0.226105 0.157754 0.000712 0.133215
4 0 0.076847 0.384063 0.126873 0.000214 0.412004
4 0 0.155375 0.211092 0.046620 0.000026 0.586887
4 0 0.163263 0.083005 0.012021 0.000003 0.741709
1 0 0.171704 0.428709 0.043530 0.000003 0.356054
4 0 0.242991 0.263041 0.157921 0.000029 0.336018
4 0 0.086163 0.213935 0.104579 0.000002 0.595320
4 0 0.024667 0.132012 0.128399 0.000230 0.714692
4 0 0.021015 0.133630 0.061391 0.000293 0.783671
4 0 0.249047 0.146738 0.071040 0.000126 0.533049
4 0 0.106089 0.225606 0.061394 0.000416 0.606495
4 0 0.078370 0.042353 0.027083 0.002010 0.850184
4 0 0.150375 0.020194 0.016407 0.000574 0.812450
4 0 0.287205 0.058760 0.045400 0.005202 0.603433
4 0 0.268212 0.028743 0.015099 0.000097 0.687849
4 0 0.009432 0.002338 0.001337 0.000003 0.986891
4 0 0.020577 0.005821 0.003525 0.000024 0.970053
4 1 0.015246 0.084862 0.050826 0.002229 0.846837
4 1 0.003621 0.373447 0.150998 0.000138 0.471796
2 1 0.010059 0.446862 0.463171 0.000026 0.079881
4 1 0.002743 0.165025 0.360576 0.000009 0.471647
2 1 0.000103 0.046292 0.925320 0.000012 0.028273
2 1 0.000058 0.028189 0.952437 0.000059 0.019257
2 1 0.011828 0.172851 0.662565 0.000010 0.152746
2 1 0.011211 0.203589 0.424899 0.000001 0.360300
2 1 0.001328 0.098778 0.850624 0.000161 0.049109
2 1 0.044609 0.327539 0.527543 0.000370 0.099939
2 1 0.000206 0.170133 0.721303 0.000995 0.107363
2 1 0.001552 0.079003 0.839894 0.000462 0.079089
2 1 0.005028 0.160499 0.773121 0.000070 0.061281
2 1 0.004761 0.359551 0.550070 0.000005 0.085614
2 1 0.000259 0.051863 0.943812 0.000311 0.003755
2 1 0.000018 0.016857 0.980843 0.000056 0.002226
0 1 0.476295 0.276909 0.104470 0.000764 0.141561
1 1 0.093348 0.707285 0.178471 0.000012 0.020884
1 1 0.000962 0.400385 0.255193 0.000083 0.343376
2 1 0.000370 0.221293 0.667525 0.000009 0.110804
2 1 0.000585 0.271263 0.668716 0.000223 0.059212
2 1 0.001006 0.045323 0.902283 0.001710 0.049678
2 1 0.000914 0.397598 0.404021 0.000017 0.197450
2 2 0.000092 0.075649 0.906209 0.000683 0.017368
2 2 0.000001 0.006159 0.992423 0.000120 0.001297
2 2 0.000005 0.016495 0.981934 0.000140 0.001426
2 2 0.000003 0.008764 0.987195 0.001951 0.002086
2 2 0.000000 0.000060 0.998691 0.001247 0.000001
2 2 0.000001 0.001218 0.998314 0.000280 0.000187
2 2 0.000030 0.008082 0.986868 0.000700 0.004319
2 2 0.000444 0.024293 0.969309 0.000440 0.005514
2 2 0.000038 0.029142 0.969256 0.000053 0.001511
2 2 0.000001 0.001243 0.996948 0.001554 0.000255
2 2 0.000160 0.029613 0.967510 0.000299 0.002418
2 2 0.000009 0.009420 0.987043 0.000037 0.003490
1 2 0.048696 0.423922 0.357908 0.000007 0.169466
2 2 0.000002 0.008744 0.990795 0.000223 0.000237
2 2 0.000017 0.018791 0.980285 0.000086 0.000821
2 2 0.000000 0.000368 0.993338 0.006275 0.000018
2 2 0.000032 0.004343 0.994315 0.000117 0.001194
2 2 0.000034 0.006076 0.993654 0.000033 0.000203
2 2 0.000051 0.001377 0.972357 0.026204 0.000011
1 0 0.352673 0.388648 0.135925 0.022409 0.100345
1 1 0.146816 0.434230 0.144211 0.000012 0.274730
0 1 0.361980 0.306762 0.104440 0.000097 0.226720
0 0 0.943598 0.034071 0.015362 0.000001 0.006968
1 0 0.354809 0.608524 0.026715 0.000012 0.009939
0 0 0.777209 0.200404 0.017973 0.000000 0.004414
1 0 0.213127 0.609096 0.159053 0.000137 0.018586
1 0 0.096790 0.764782 0.119922 0.000003 0.018502
1 1 0.017211 0.840862 0.111368 0.000016 0.030542
1 2 0.005156 0.740525 0.213887 0.000020 0.040412
2 2 0.000047 0.024271 0.967130 0.007172 0.001380
2 2 0.002620 0.440697 0.522411 0.000048 0.034225
1 2 0.009349 0.546008 0.393300 0.000158 0.051186
2 2 0.011738 0.079842 0.900998 0.001745 0.005677
2 2 0.000036 0.003699 0.994494 0.001698 0.000074
2 2 0.000654 0.018529 0.972867 0.005257 0.002693
2 2 0.000035 0.007816 0.991780 0.000346 0.000023
2 2 0.006237 0.154346 0.830557 0.001509 0.007351
2 2 0.000017 0.004367 0.993922 0.001461 0.000233
2 2 0.000865 0.043946 0.953967 0.000371 0.000851
2 2 0.000036 0.011502 0.984776 0.003438 0.000248
2 2 0.000002 0.000540 0.970203 0.029245 0.000011
2 2 0.000629 0.158560 0.839143 0.000346 0.001321
2 2 0.070947 0.115195 0.803299 0.001209 0.009350
2 2 0.000020 0.001351 0.985954 0.012672 0.000003
2 2 0.000414 0.016209 0.977387 0.004733 0.001256
2 2 0.004610 0.038253 0.951816 0.003481 0.001840
2 2 0.000070 0.006283 0.992832 0.000676 0.000139
2 2 0.000026 0.006296 0.986149 0.007523 0.000006
2 2 0.000022 0.001844 0.977916 0.020214 0.000003
2 2 0.000750 0.031239 0.730434 0.236826 0.000752
2 2 0.000707 0.009177 0.949087 0.040758 0.000270
2 3 0.001966 0.006766 0.752293 0.237857 0.001117
3 2 0.000470 0.007017 0.339471 0.652493 0.000549
2 2 0.000049 0.003048 0.973710 0.023174 0.000018
2 2 0.001869 0.007347 0.971214 0.019363 0.000207
2 2 0.000012 0.001240 0.927514 0.071229 0.000004
2 2 0.000017 0.005168 0.801747 0.193036 0.000032
2 2 0.000000 0.000156 0.953724 0.046119 0.000001
2 2 0.000000 0.000095 0.943848 0.056055 0.000002
2 2 0.000000 0.000331 0.982524 0.017143 0.000001
2 2 0.000002 0.000245 0.998608 0.001113 0.000031
2 2 0.000009 0.000868 0.914683 0.084422 0.000018
2 2 0.000005 0.000492 0.964869 0.034622 0.000013
2 2 0.000001 0.000746 0.985043 0.014207 0.000003
2 2 0.000004 0.000263 0.979828 0.019905 0.000000
2 2 0.000000 0.000336 0.968114 0.031550 0.000001
2 2 0.000000 0.000024 0.970572 0.029404 0.000000
2 2 0.000000 0.000060 0.595877 0.404062 0.000000
2 2 0.000000 0.000003 0.559518 0.440479 0.000000
2 2 0.000002 0.000641 0.907327 0.092026 0.000003
2 2 0.000021 0.010557 0.890042 0.099183 0.000197
3 2 0.000000 0.000007 0.211582 0.788411 0.000000
3 3 0.000129 0.000229 0.456066 0.543566 0.000008
3 3 0.000000 0.000015 0.305706 0.694279 0.000000
2 3 0.000000 0.000077 0.953213 0.046709 0.000000
3 3 0.000030 0.000287 0.154145 0.845529 0.000009
3 3 0.000023 0.000059 0.062824 0.937086 0.000007
3 3 0.000000 0.000001 0.063793 0.936206 0.000000
3 3 0.000000 0.000060 0.051783 0.948156 0.000000
3 3 0.000000 0.000000 0.024177 0.975823 0.000000
3 3 0.000000 0.000000 0.006962 0.993038 0.000000
3 3 0.000000 0.000002 0.038388 0.961610 0.000000
3 3 0.000000 0.000006 0.084313 0.915681 0.000000
3 3 0.000000 0.000000 0.001752 0.998248 0.000000
3 3 0.000000 0.000000 0.007514 0.992485 0.000000
3 3 0.000000 0.000002 0.018394 0.981604 0.000000
3 3 0.000000 0.000000 0.002088 0.997912 0.000000
3 3 0.000000 0.000001 0.016376 0.983623 0.000000
3 3 0.000002 0.000023 0.042192 0.957782 0.000000
3 3 0.000000 0.000006 0.006129 0.993865 0.000000
3 3 0.000000 0.000000 0.000883 0.999117 0.000000
3 3 0.000000 0.000002 0.007398 0.992600 0.000000
3 3 0.000000 0.000000 0.000469 0.999531 0.000000
3 3 0.000008 0.000160 0.034692 0.965134 0.000006
3 3 0.000002 0.000092 0.016267 0.983633 0.000006
3 3 0.000724 0.004301 0.076156 0.918468 0.000351
3 3 0.000030 0.001030 0.058632 0.940288 0.000020
3 3 0.000002 0.000053 0.007602 0.992342 0.000001
3 3 0.000001 0.000215 0.072208 0.927575 0.000001
3 3 0.000001 0.000001 0.001739 0.998258 0.000000
3 3 0.000028 0.000018 0.013815 0.986138 0.000002
3 3 0.000000 0.000006 0.001587 0.998407 0.000000
3 3 0.001228 0.001426 0.044222 0.952694 0.000430
3 3 0.000009 0.000177 0.010276 0.989529 0.000010
3 3 0.000221 0.002333 0.074718 0.922649 0.000078
3 3 0.000061 0.000471 0.011349 0.988013 0.000107
3 3 0.000159 0.002853 0.064933 0.931928 0.000128
3 3 0.000000 0.000001 0.006725 0.993274 0.000000
3 3 0.000001 0.000029 0.003087 0.996881 0.000003
3 3 0.000021 0.000023 0.011227 0.988726 0.000003
3 3 0.000000 0.000001 0.002658 0.997341 0.000000
3 3 0.000000 0.000000 0.000483 0.999517 0.000000
3 3 0.000009 0.000002 0.004854 0.995134 0.000000
3 3 0.000000 0.000003 0.001796 0.998201 0.000000
3 3 0.000000 0.000007 0.003318 0.996674 0.000000
3 3 0.000909 0.002416 0.037839 0.958123 0.000713
3 3 0.000158 0.003816 0.115953 0.879874 0.000199
3 3 0.000006 0.000004 0.005569 0.994421 0.000000
3 3 0.000000 0.000000 0.000201 0.999799 0.000000
3 3 0.000002 0.000033 0.002908 0.997053 0.000004
3 3 0.001098 0.002529 0.093935 0.902227 0.000211
3 3 0.000000 0.000002 0.000992 0.999006 0.000000
3 3 0.000011 0.000064 0.018615 0.981306 0.000004
3 3 0.000000 0.000002 0.001624 0.998374 0.000000
3 3 0.000025 0.001239 0.062704 0.936023 0.000010
3 3 0.000000 0.000001 0.001562 0.998437 0.000000
3 3 0.000007 0.000220 0.015799 0.983968 0.000007
3 3 0.000000 0.000004 0.001384 0.998612 0.000000
3 3 0.001138 0.001144 0.067817 0.929732 0.000169
3 3 0.000000 0.000010 0.002230 0.997759 0.000000
3 3 0.000000 0.000008 0.001990 0.998002 0.000000
3 3 0.000000 0.000006 0.001512 0.998482 0.000000
3 3 0.000002 0.000003 0.002087 0.997907 0.000001
3 3 0.000000 0.000002 0.001423 0.998574 0.000000
3 3 0.000000 0.000009 0.002173 0.997817 0.000000
3 3 0.000064 0.000150 0.009974 0.989767 0.000045
3 3 0.000000 0.000000 0.000152 0.999848 0.000000
3 3 0.000000 0.000008 0.001540 0.998452 0.000001
3 3 0.000006 0.000087 0.013702 0.986196 0.000009
3 3 0.000001 0.000000 0.001298 0.998700 0.000000
3 3 0.001792 0.004040 0.134474 0.859389 0.000306
3 3 0.000033 0.000290 0.008868 0.990750 0.000059
3 3 0.000005 0.000030 0.005776 0.994186 0.000003
3 3 0.000032 0.000058 0.007155 0.992738 0.000017
3 3 0.000331 0.001084 0.135171 0.863286 0.000128
2 2 0.001842 0.051420 0.843073 0.101297 0.002369
2 2 0.000403 0.057064 0.939014 0.003029 0.000491
2 2 0.135064 0.086819 0.749273 0.000419 0.028426
1 1 0.259405 0.483819 0.250972 0.000331 0.005474
1 1 0.037154 0.474304 0.383550 0.000084 0.104908
1 1 0.042943 0.607071 0.171404 0.000004 0.178579
0 0 0.885341 0.034786 0.026490 0.002761 0.050622
0 0 0.399840 0.232718 0.274390 0.031981 0.061071
0 0 0.298155 0.242480 0.167494 0.000300 0.291571
4 1 0.004792 0.018196 0.014391 0.000073 0.962548
4 1 0.010719 0.181962 0.111151 0.000055 0.696113
4 0 0.006492 0.006261 0.017025 0.000006 0.970217
4 0 0.158859 0.293252 0.099700 0.000141 0.448049
0 0 0.422677 0.171550 0.328310 0.006179 0.071285
0 0 0.792802 0.046335 0.017346 0.000070 0.143448
0 0 0.565686 0.064438 0.021747 0.000068 0.348062
4 0 0.201444 0.019714 0.016679 0.000537 0.761627
4 0 0.254973 0.032788 0.023257 0.000710 0.688273
0 0 0.484931 0.055733 0.099148 0.000682 0.359507
4 1 0.090990 0.172517 0.057468 0.000206 0.678819
0 1 0.480839 0.035628 0.014668 0.000037 0.468828
0 1 0.578153 0.014771 0.017064 0.000827 0.389185
4 1 0.024151 0.335698 0.101782 0.000001 0.538367
4 1 0.237738 0.192616 0.037913 0.000113 0.531620
0 1 0.997744 0.000376 0.000415 0.000002 0.001464
0 0 0.858890 0.033242 0.031851 0.006715 0.069303
0 0 0.825265 0.007353 0.011463 0.000917 0.155003
0 0 0.854750 0.037424 0.023185 0.000007 0.084634
0 0 0.888381 0.016218 0.010790 0.000121 0.084491
4 0 0.092832 0.038393 0.012322 0.000017 0.856436
4 0 0.412845 0.006097 0.007412 0.000105 0.573541
0 0 0.853314 0.002190 0.004042 0.000094 0.140360
0 0 0.946420 0.004977 0.009601 0.002628 0.036374
0 0 0.597707 0.026707 0.015958 0.000125 0.359504
4 0 0.306565 0.140835 0.058207 0.000804 0.493588
4 0 0.344706 0.017004 0.017346 0.000701 0.620243
4 0 0.147514 0.031006 0.012251 0.000040 0.809188
4 0 0.071925 0.041169 0.013016 0.000047 0.873843
0 0 0.908745 0.014806 0.021835 0.000496 0.054119
0 0 0.692153 0.029738 0.032903 0.000405 0.244801
4 0 0.389695 0.044107 0.041684 0.006001 0.518512
4 0 0.141161 0.012758 0.010804 0.000219 0.835057
4 0 0.166491 0.010816 0.009718 0.000170 0.812804
4 0 0.078465 0.012146 0.009041 0.000156 0.900192
0 0 0.497837 0.006965 0.008808 0.000176 0.486214
4 0 0.386696 0.008655 0.009894 0.000199 0.594556
4 0 0.012217 0.020999 0.009670 0.000270 0.956844
4 0 0.049281 0.142260 0.070093 0.000081 0.738284
4 0 0.458381 0.047190 0.029372 0.000737 0.464320
0 0 0.773459 0.040240 0.029883 0.001743 0.154674
4 0 0.021597 0.322026 0.037471 0.000005 0.618900
1 0 0.162953 0.562613 0.066663 0.000052 0.207719
4 0 0.027141 0.049311 0.056640 0.000547 0.866360
4 0 0.040535 0.005776 0.004067 0.000028 0.949594
4 0 0.099684 0.107129 0.034692 0.000563 0.757932
1 0 0.058529 0.394542 0.167103 0.000002 0.379824
4 0 0.069194 0.010951 0.006487 0.000039 0.913330
4 0 0.006130 0.032537 0.011853 0.000010 0.949470
4 0 0.112956 0.145380 0.057148 0.000010 0.684505
4 0 0.006715 0.084566 0.033347 0.000002 0.875369
4 0 0.064427 0.073965 0.026236 0.000033 0.835339
4 0 0.020392 0.029634 0.009764 0.000073 0.940138
4 0 0.065415 0.305714 0.175319 0.000076 0.453476
1 0 0.060781 0.446573 0.056532 0.000021 0.436092
1 0 0.116825 0.570197 0.195704 0.000003 0.117271
0 0 0.671374 0.298989 0.028261 0.000000 0.001376
1 0 0.113147 0.616673 0.228920 0.002246 0.039014
1 1 0.032106 0.644467 0.112930 0.000042 0.210455
4 1 0.014240 0.157748 0.079169 0.000025 0.748818
1 1 0.041516 0.435731 0.090246 0.000040 0.432467
4 4 0.004552 0.068982 0.025080 0.000055 0.901330
4 4 0.091045 0.152823 0.052119 0.000252 0.703761
4 4 0.093940 0.192501 0.097469 0.036665 0.579426
4 4 0.221565 0.030607 0.025972 0.001678 0.720178
4 4 0.066121 0.010551 0.007689 0.000111 0.915528
4 4 0.437074 0.013776 0.015411 0.000590 0.533148
4 4 0.037894 0.114036 0.037942 0.000002 0.810125
1 4 0.127621 0.388569 0.152920 0.000004 0.330886
0 1 0.713759 0.257712 0.019782 0.000013 0.008734
1 1 0.141783 0.613079 0.220621 0.000210 0.024307
1 1 0.255099 0.396801 0.204219 0.000727 0.143153
1 1 0.058447 0.780606 0.146942 0.000031 0.013973
1 1 0.062687 0.700078 0.181964 0.000002 0.055269
1 1 0.068019 0.698508 0.138628 0.000009 0.094837
2 1 0.085767 0.266548 0.359260 0.000003 0.288422
1 1 0.053585 0.370028 0.227487 0.000000 0.348899
1 1 0.071040 0.638227 0.074293 0.000029 0.216411
1 1 0.026603 0.732232 0.154794 0.000071 0.086300
0 1 0.397815 0.114227 0.115399 0.000049 0.372510
1 1 0.030521 0.727379 0.199057 0.000180 0.042863
1 1 0.042347 0.718754 0.232443 0.000127 0.006329
1 1 0.140328 0.527734 0.307405 0.000353 0.024180
1 1 0.003477 0.556168 0.415161 0.000033 0.025161
1 1 0.105982 0.617436 0.230999 0.000029 0.045555
1 1 0.127714 0.520058 0.341817 0.000273 0.010139
1 1 0.032596 0.588193 0.258886 0.000064 0.120261
2 1 0.008028 0.359800 0.597127 0.000126 0.034919
2 1 0.003693 0.243007 0.740825 0.000045 0.012429
1 1 0.000711 0.539598 0.306536 0.000028 0.153128
2 1 0.000843 0.219460 0.757966 0.002410 0.019321
1 1 0.024515 0.531290 0.340428 0.000012 0.103755
1 1 0.006930 0.517107 0.356723 0.000002 0.119238
1 1 0.041158 0.651927 0.218133 0.000152 0.088630
2 1 0.006379 0.267874 0.691323 0.000786 0.033639
4 1 0.008837 0.192050 0.138940 0.000005 0.660168
1 1 0.019053 0.397935 0.243638 0.000111 0.339263
1 1 0.017141 0.480876 0.248862 0.000017 0.253103
4 1 0.198003 0.281732 0.123316 0.000075 0.396874
4 1 0.003120 0.354987 0.256526 0.000013 0.385354
1 1 0.002117 0.375411 0.261834 0.000344 0.360295
2 1 0.000379 0.034507 0.559029 0.000178 0.405907
2 1 0.000065 0.045122 0.902719 0.000155 0.051938
2 1 0.000026 0.018773 0.970895 0.000897 0.009410
2 1 0.000132 0.146243 0.772698 0.000013 0.080914
2 1 0.000114 0.073543 0.911976 0.000104 0.014263
2 1 0.000762 0.125882 0.856216 0.000176 0.016964
2 1 0.006638 0.069937 0.549577 0.000411 0.373436
2 1 0.011671 0.065004 0.789113 0.000275 0.133937
2 1 0.086262 0.174156 0.724205 0.000053 0.015324
1 1 0.119976 0.556367 0.274127 0.000331 0.049199
2 1 0.000432 0.139745 0.797542 0.000255 0.062026
2 1 0.011347 0.242327 0.611676 0.000057 0.134594
2 1 0.001134 0.082623 0.905750 0.000435 0.010058
2 1 0.000317 0.238881 0.679807 0.000114 0.080881
2 1 0.000740 0.136058 0.812660 0.000012 0.050530
2 2 0.000582 0.162100 0.788415 0.000165 0.048738
2 2 0.000431 0.108668 0.844612 0.000438 0.045850
2 2 0.001299 0.108909 0.841409 0.009410 0.038972
2 2 0.000624 0.095594 0.897314 0.000089 0.006379
2 2 0.000026 0.094069 0.903071 0.000010 0.002824
2 2 0.000012 0.004820 0.994970 0.000004 0.000194
2 2 0.000037 0.000905 0.998704 0.000350 0.000004
2 2 0.000007 0.043140 0.951648 0.000402 0.004803
2 2 0.000014 0.002761 0.995166 0.001392 0.000667
2 2 0.000997 0.118387 0.862245 0.000035 0.018337
2 2 0.000080 0.035297 0.960726 0.000041 0.003856
2 2 0.013725 0.084688 0.893121 0.000187 0.008279
2 2 0.000022 0.001070 0.997341 0.001531 0.000036
2 2 0.000219 0.038172 0.958776 0.000295 0.002537
2 2 0.000032 0.025379 0.973966 0.000399 0.000225
2 2 0.000024 0.002966 0.996475 0.000417 0.000117
2 2 0.000308 0.010739 0.988528 0.000290 0.000135
2 2 0.000024 0.013263 0.986253 0.000054 0.000406
2 2 0.000479 0.032899 0.947290 0.000381 0.018951
2 2 0.000001 0.001431 0.998214 0.000328 0.000026
2 2 0.000047 0.022082 0.977200 0.000062 0.000609
2 2 0.000022 0.020365 0.973283 0.006176 0.000154
2 2 0.002757 0.065265 0.925970 0.002006 0.004002
2 2 0.000003 0.004269 0.995608 0.000025 0.000095
2 2 0.000004 0.000767 0.998971 0.000241 0.000018
2 2 0.000000 0.000743 0.998585 0.000669 0.000002
2 2 0.000046 0.023173 0.975751 0.000410 0.000620
2 2 0.000060 0.001967 0.997645 0.000073 0.000256
2 2 0.000010 0.002690 0.997105 0.000117 0.000078
2 2 0.000004 0.005196 0.994355 0.000009 0.000436
2 2 0.000003 0.007117 0.992326 0.000167 0.000387
2 2 0.000255 0.014359 0.974957 0.010098 0.000331
2 2 0.000020 0.038630 0.957000 0.002293 0.002056
2 2 0.000033 0.002026 0.995949 0.001925 0.000067
2 2 0.000065 0.011143 0.988238 0.000295 0.000259
2 2 0.000076 0.000692 0.994586 0.004611 0.000036
2 2 0.000055 0.015101 0.983091 0.000476 0.001276
2 2 0.000000 0.000114 0.986948 0.012936 0.000001
2 2 0.000026 0.000487 0.985117 0.014363 0.000008
2 2 0.012011 0.141390 0.835595 0.007854 0.003150
1 2 0.032932 0.627933 0.314665 0.000431 0.024039
2 2 0.005972 0.131354 0.854870 0.000919 0.006884
2 2 0.001938 0.123295 0.859663 0.001004 0.014101
0 0 0.948005 0.012561 0.021514 0.000151 0.017768
0 0 0.679029 0.107208 0.181814 0.000857 0.031091
0 0 0.547795 0.102011 0.154117 0.009865 0.186213
0 0 0.407480 0.329916 0.073322 0.000382 0.188901
4 0 0.004529 0.151471 0.280220 0.000182 0.563598
1 0 0.028688 0.525713 0.150050 0.000038 0.295511
2 0 0.003122 0.297061 0.386194 0.000001 0.313622
2 0 0.001354 0.297278 0.441475 0.000004 0.259889
2 0 0.003763 0.335855 0.584591 0.000008 0.075782
2 1 0.001392 0.259864 0.729259 0.000004 0.009480
1 1 0.012037 0.632542 0.254854 0.000008 0.100560
1 1 0.006958 0.575994 0.209181 0.000034 0.207834
1 1 0.001759 0.463921 0.445817 0.000136 0.088367
2 1 0.000359 0.139865 0.834042 0.000028 0.025706
1 1 0.010331 0.588359 0.394412 0.000000 0.006899
1 1 0.011119 0.652919 0.330238 0.000000 0.005724
2 1 0.006900 0.237489 0.709313 0.000066 0.046232
1 1 0.016650 0.534541 0.395557 0.000002 0.053251
1 1 0.013378 0.478021 0.397372 0.000027 0.111202
2 1 0.004807 0.134784 0.808878 0.000040 0.051491
2 1 0.003514 0.096162 0.813056 0.000013 0.087255
2 1 0.131211 0.250673 0.329058 0.000004 0.289053
1 1 0.047239 0.580221 0.315317 0.000579 0.056644
1 1 0.092995 0.439261 0.246868 0.000010 0.220867
2 1 0.008198 0.143630 0.762271 0.000753 0.085148
1 4 0.001625 0.611596 0.282484 0.000009 0.104286
4 4 0.016699 0.172074 0.210864 0.000031 0.600332
4 4 0.040154 0.031741 0.020667 0.000766 0.906672
1 1 0.074186 0.405726 0.281943 0.000562 0.237583
2 1 0.222513 0.256582 0.329420 0.000025 0.191460
4 1 0.062267 0.096093 0.100762 0.000017 0.740861
4 1 0.012418 0.118637 0.250903 0.000024 0.618018
4 1 0.017478 0.107352 0.043285 0.000000 0.831884
4 1 0.068092 0.357081 0.134373 0.000006 0.440448
4 4 0.345100 0.079262 0.047346 0.002766 0.525527
4 4 0.371373 0.055444 0.033636 0.000506 0.539041
4 4 0.216064 0.165978 0.047010 0.000032 0.570916
4 4 0.030705 0.034577 0.021102 0.000031 0.913584
0 4 0.408840 0.171409 0.123882 0.000375 0.295494
0 4 0.943029 0.015206 0.009625 0.000154 0.031986
0 1 0.742074 0.049937 0.019806 0.000026 0.188156
0 1 0.845211 0.051429 0.022985 0.000000 0.080375
0 1 0.556880 0.110096 0.065402 0.000848 0.266773
4 1 0.358504 0.142777 0.029846 0.000053 0.468819
4 0 0.121521 0.057291 0.031920 0.000253 0.789014
0 0 0.856184 0.055358 0.019954 0.000038 0.068467
1 0 0.136730 0.447568 0.257930 0.000385 0.157388
4 0 0.052645 0.337473 0.103348 0.000146 0.506388
1 0 0.037713 0.520321 0.320291 0.000123 0.121552
4 0 0.027942 0.234729 0.106555 0.000046 0.630729
4 1 0.021484 0.029995 0.019228 0.000066 0.929226
4 1 0.154361 0.106088 0.097119 0.002559 0.639873
4 1 0.034329 0.111515 0.225632 0.000008 0.628516
4 1 0.015173 0.111596 0.092747 0.000004 0.780480
