0 0 0.952052 0.025094 0.001885 0.000000 0.020969
4 0 0.110309 0.033660 0.008027 0.000006 0.847998
4 0 0.287091 0.037912 0.037960 0.000296 0.636740
0 0 0.983134 0.007816 0.001393 0.000003 0.007653
0 0 0.970659 0.022456 0.003120 0.000006 0.003760
0 0 0.978597 0.019275 0.001661 0.000001 0.000465
0 0 0.855081 0.117399 0.017068 0.000003 0.010449
0 0 0.946262 0.040733 0.006708 0.000025 0.006272
0 0 0.728170 0.208447 0.036127 0.000002 0.027254
0 0 0.871631 0.111045 0.015914 0.000000 0.001410
0 0 0.985421 0.013507 0.001011 0.000001 0.000061
0 0 0.923180 0.067713 0.008669 0.000003 0.000435
0 0 0.839797 0.110587 0.039735 0.000032 0.009849
0 0 0.840243 0.112927 0.020122 0.000001 0.026707
4 1 0.009287 0.301634 0.243420 0.000011 0.445649
4 1 0.031523 0.155351 0.142613 0.000011 0.670502
4 1 0.002225 0.144332 0.339444 0.000003 0.513996
4 1 0.007786 0.087228 0.085260 0.000009 0.819716
4 1 0.033985 0.333085 0.248500 0.000078 0.384352
4 1 0.061012 0.159383 0.075258 0.000002 0.704344
0 1 0.631674 0.057818 0.010050 0.000007 0.300451
0 1 0.523418 0.103495 0.044487 0.000026 0.328575
4 1 0.012100 0.265323 0.105497 0.000000 0.617079
4 1 0.003542 0.176001 0.304330 0.000028 0.516099
4 1 0.022581 0.236480 0.115799 0.000011 0.625129
0 1 0.473837 0.310680 0.118635 0.000224 0.096623
4 1 0.024787 0.110298 0.075882 0.000003 0.789029
4 1 0.007653 0.140429 0.105222 0.000000 0.746695
4 4 0.017745 0.211940 0.295640 0.000427 0.474248
4 4 0.026532 0.126643 0.205943 0.000877 0.640006
4 4 0.042313 0.008596 0.003400 0.000017 0.945674
4 4 0.033122 0.031086 0.015102 0.000045 0.920646
4 4 0.015330 0.001122 0.000869 0.000032 0.982647
4 4 0.074916 0.020403 0.003874 0.000001 0.900806
0 4 0.685920 0.075669 0.019231 0.000098 0.219082
4 4 0.142696 0.097159 0.036062 0.000508 0.723575
4 4 0.021659 0.308330 0.171723 0.000035 0.498253
4 4 0.031995 0.236534 0.048710 0.000000 0.682760
4 4 0.068677 0.072676 0.020427 0.000017 0.838203
4 4 0.039487 0.102959 0.031343 0.000006 0.826205
4 4 0.048410 0.131090 0.087667 0.000067 0.732767
4 4 0.023001 0.099784 0.037866 0.000002 0.839346
4 4 0.035157 0.097838 0.116523 0.000222 0.750260
4 4 0.035530 0.056216 0.027279 0.000014 0.880961
4 4 0.180920 0.068931 0.089332 0.003865 0.656951
4 4 0.068741 0.033135 0.012445 0.000078 0.885602
4 4 0.050974 0.288698 0.059128 0.000001 0.601199
4 4 0.026974 0.141299 0.061024 0.000007 0.770695
4 4 0.025291 0.317374 0.120479 0.000023 0.536832
4 4 0.100925 0.146555 0.016807 0.000000 0.735713
4 4 0.023602 0.246913 0.136898 0.000003 0.592583
4 4 0.058640 0.027774 0.004846 0.000000 0.908739
2 4 0.008198 0.236322 0.382584 0.000015 0.372882
4 4 0.030016 0.028799 0.029441 0.000151 0.911592
4 4 0.041269 0.048800 0.027621 0.000053 0.882256
4 4 0.028875 0.040629 0.018845 0.000025 0.911627
4 4 0.027923 0.261387 0.185876 0.000057 0.524757
4 4 0.021191 0.053915 0.053906 0.000208 0.870780
2 4 0.005788 0.085962 0.623306 0.009722 0.275221
4 4 0.026183 0.084580 0.156997 0.001119 0.731120
4 4 0.024416 0.097566 0.114718 0.000182 0.763117
4 4 0.011819 0.080716 0.016879 0.000000 0.890586
4 4 0.063474 0.036230 0.014639 0.000010 0.885646
4 4 0.019673 0.056563 0.024475 0.000002 0.899286
4 4 0.037992 0.031716 0.017695 0.000004 0.912593
2 4 0.073124 0.321157 0.428071 0.000720 0.176928
4 4 0.037705 0.276340 0.064942 0.000002 0.621011
4 4 0.015389 0.338747 0.212976 0.000003 0.432884
4 4 0.027520 0.209874 0.281463 0.000341 0.480801
4 4 0.017582 0.180181 0.180769 0.000042 0.621426
4 4 0.049266 0.210903 0.139943 0.000028 0.599861
1 4 0.111580 0.426947 0.288995 0.000317 0.172162
0 4 0.517597 0.322022 0.046500 0.000006 0.113874
0 4 0.589663 0.198375 0.047651 0.000113 0.164199
1 4 0.283220 0.286246 0.196101 0.001322 0.233111
4 4 0.160039 0.249969 0.119858 0.000345 0.469789
2 4 0.001663 0.058870 0.902864 0.001420 0.035183
2 4 0.014643 0.214566 0.638772 0.000767 0.131252
2 4 0.006252 0.237920 0.519055 0.000408 0.236365
2 4 0.006779 0.100435 0.746376 0.010690 0.135720
1 4 0.167394 0.404272 0.379480 0.000125 0.048728
0 2 0.681945 0.205071 0.092068 0.000484 0.020432
0 2 0.393888 0.301582 0.186814 0.002633 0.115084
2 2 0.124212 0.289346 0.534064 0.006560 0.045818
1 2 0.281724 0.462225 0.140335 0.000024 0.115691
1 2 0.307641 0.456678 0.149526 0.000191 0.085964
2 2 0.016183 0.196334 0.732455 0.001778 0.053249
2 2 0.014330 0.090857 0.752067 0.021852 0.120894
4 2 0.055793 0.236319 0.280631 0.002426 0.424831
0 2 0.373362 0.264169 0.326258 0.005060 0.031152
2 2 0.042126 0.184059 0.600926 0.005744 0.167145
2 2 0.002900 0.103324 0.633408 0.001577 0.258791
2 2 0.053420 0.329523 0.565349 0.000998 0.050711
2 2 0.004002 0.125062 0.850486 0.003674 0.016775
2 2 0.003676 0.043228 0.917675 0.033347 0.002074
2 2 0.009826 0.044999 0.826779 0.113983 0.004413
2 2 0.000254 0.038660 0.929223 0.013137 0.018726
2 2 0.000654 0.044768 0.853336 0.005514 0.095728
2 2 0.001353 0.022242 0.826597 0.148280 0.001529
2 2 0.000814 0.018028 0.888275 0.089820 0.003064
2 2 0.002440 0.055023 0.911570 0.029350 0.001617
2 2 0.004224 0.047383 0.887113 0.047177 0.014103
2 2 0.003726 0.117432 0.860011 0.000919 0.017912
2 2 0.000059 0.006130 0.989819 0.003698 0.000294
2 2 0.001223 0.015248 0.647313 0.333405 0.002811
3 2 0.000089 0.003990 0.441735 0.553000 0.001186
3 2 0.003029 0.014153 0.329893 0.622723 0.030201
3 2 0.001055 0.005402 0.341433 0.651187 0.000923
2 2 0.004202 0.029840 0.931886 0.033633 0.000439
2 2 0.000415 0.011073 0.741845 0.245410 0.001257
3 2 0.000088 0.003895 0.294528 0.693492 0.007997
3 2 0.001327 0.008068 0.170086 0.791423 0.029096
3 2 0.001760 0.004544 0.094493 0.898163 0.001040
2 2 0.000405 0.009634 0.762908 0.226524 0.000530
3 2 0.002269 0.017916 0.341938 0.633951 0.003927
3 2 0.001387 0.011054 0.388764 0.595927 0.002868
2 2 0.037247 0.275466 0.480292 0.000848 0.206147
0 2 0.427478 0.329291 0.190408 0.004388 0.048434
2 2 0.029206 0.203085 0.748298 0.004606 0.014805
2 2 0.005283 0.098568 0.887476 0.002346 0.006326
2 2 0.000132 0.024027 0.954264 0.016487 0.005090
2 2 0.000268 0.022127 0.902970 0.069252 0.005383
2 2 0.000028 0.001665 0.602329 0.395922 0.000056
3 2 0.005091 0.023092 0.453981 0.504213 0.013623
2 2 0.007389 0.102954 0.832112 0.040892 0.016654
2 2 0.001467 0.067719 0.787287 0.052773 0.090754
2 2 0.000582 0.030633 0.952996 0.014405 0.001384
2 2 0.001525 0.024430 0.779151 0.188470 0.006424
3 2 0.000290 0.000515 0.031368 0.967759 0.000068
3 2 0.000018 0.001591 0.400663 0.597093 0.000634
3 2 0.001315 0.012781 0.424156 0.560621 0.001128
3 2 0.000256 0.005238 0.338705 0.654469 0.001331
2 2 0.001820 0.025804 0.488328 0.458601 0.025447
2 2 0.000646 0.016066 0.750785 0.219366 0.013136
2 2 0.000342 0.012082 0.673688 0.309973 0.003916
2 2 0.000327 0.009507 0.952910 0.037044 0.000212
3 2 0.000341 0.005738 0.305207 0.686676 0.002038
3 2 0.000804 0.006085 0.298175 0.691841 0.003095
3 2 0.002727 0.004518 0.066161 0.925387 0.001207
3 2 0.001219 0.003500 0.114785 0.879843 0.000655
3 2 0.000002 0.000068 0.045135 0.954732 0.000063
3 2 0.000094 0.001280 0.147291 0.850526 0.000810
3 2 0.001663 0.020543 0.454275 0.505327 0.018191
3 2 0.000380 0.001367 0.090747 0.906690 0.000816
3 2 0.001104 0.007415 0.254882 0.735847 0.000752
3 2 0.001216 0.006638 0.278151 0.680966 0.033029
3 2 0.000327 0.000948 0.038631 0.959697 0.000398
3 2 0.000167 0.001220 0.134420 0.864082 0.000112
3 2 0.000049 0.000135 0.015413 0.984347 0.000056
3 3 0.000002 0.000027 0.023180 0.976786 0.000005
3 3 0.001700 0.007402 0.178866 0.809804 0.002228
2 2 0.080559 0.065814 0.786507 0.049525 0.017595
2 2 0.053973 0.201284 0.526219 0.003111 0.215412
2 1 0.069292 0.157843 0.614451 0.001297 0.157116
2 1 0.007496 0.163229 0.626371 0.005920 0.196984
2 1 0.000786 0.070087 0.848345 0.015213 0.065569
2 1 0.004231 0.204411 0.720943 0.000253 0.070162
2 1 0.003337 0.132651 0.657305 0.001241 0.205466
2 1 0.033767 0.149560 0.759566 0.022906 0.034201
2 1 0.054303 0.236983 0.654566 0.011488 0.042660
2 1 0.000073 0.017929 0.959715 0.007723 0.014560
2 1 0.003601 0.152176 0.704479 0.001019 0.138726
2 1 0.007180 0.117544 0.707950 0.002862 0.164463
2 1 0.002994 0.051887 0.918096 0.019097 0.007925
2 1 0.001426 0.115073 0.809992 0.008186 0.065323
4 1 0.009452 0.159119 0.348370 0.000224 0.482835
2 1 0.005591 0.167464 0.668275 0.003679 0.154990
2 1 0.013288 0.101785 0.734221 0.015051 0.135655
2 1 0.019217 0.112181 0.439519 0.048263 0.380821
4 1 0.008370 0.132644 0.414291 0.001709 0.442985
2 1 0.002788 0.155645 0.706232 0.001213 0.134122
2 1 0.001947 0.068257 0.740036 0.001200 0.188559
4 1 0.007531 0.313057 0.248205 0.000010 0.431196
4 1 0.012864 0.297437 0.288667 0.000071 0.400961
2 1 0.001870 0.107260 0.856184 0.000948 0.033738
2 1 0.005584 0.138036 0.788742 0.003732 0.063907
2 1 0.002339 0.232126 0.513303 0.000014 0.252218
2 1 0.001774 0.264666 0.552925 0.000004 0.180630
2 1 0.001585 0.088784 0.876875 0.003111 0.029645
2 1 0.000700 0.052632 0.903114 0.003634 0.039920
4 1 0.015588 0.062735 0.121766 0.001060 0.798851
4 1 0.024875 0.199113 0.160363 0.000069 0.615580
2 0 0.081360 0.313755 0.600027 0.000031 0.004826
0 0 0.749182 0.178812 0.068472 0.000010 0.003525
2 0 0.114924 0.403229 0.431954 0.001424 0.048468
2 0 0.014262 0.152002 0.706666 0.010100 0.116970
1 0 0.104270 0.468144 0.313699 0.000006 0.113881
0 0 0.580564 0.204124 0.150898 0.000074 0.064340
1 0 0.157711 0.439576 0.164282 0.000003 0.238427
0 0 0.738018 0.100505 0.145753 0.000811 0.014913
0 0 0.671568 0.192783 0.105315 0.000018 0.030316
0 0 0.791164 0.102823 0.104692 0.000012 0.001309
0 0 0.530560 0.236196 0.217487 0.000079 0.015677
0 0 0.828033 0.139589 0.027834 0.000036 0.004507
0 0 0.844934 0.138072 0.015653 0.000000 0.001341
0 0 0.997864 0.002048 0.000086 0.000000 0.000002
0 0 0.973949 0.019287 0.003607 0.000025 0.003132
0 0 0.994253 0.004803 0.000271 0.000000 0.000674
0 0 0.878675 0.091456 0.015536 0.000008 0.014324
0 0 0.899604 0.046420 0.033570 0.000138 0.020267
0 0 0.643822 0.183941 0.160709 0.000378 0.011150
0 0 0.739687 0.190375 0.027476 0.000003 0.042460
1 0 0.193288 0.490197 0.280217 0.000019 0.036280
1 0 0.078958 0.461159 0.328018 0.000019 0.131846
0 0 0.898415 0.088168 0.006494 0.000000 0.006922
0 0 0.954849 0.038551 0.005010 0.000003 0.001586
0 0 0.971916 0.011189 0.002651 0.000019 0.014225
0 0 0.805977 0.105393 0.024819 0.000019 0.063792
2 0 0.115852 0.226400 0.640942 0.000490 0.016315
0 0 0.677328 0.257573 0.052774 0.000001 0.012324
0 0 0.853103 0.074367 0.070774 0.001116 0.000640
0 0 0.756155 0.211492 0.027263 0.000001 0.005089
0 0 0.996564 0.002512 0.000326 0.000000 0.000596
0 0 0.987317 0.009306 0.002067 0.000036 0.001274
0 0 0.970556 0.019501 0.003977 0.000029 0.005937
0 0 0.990021 0.007919 0.000753 0.000000 0.001306
0 0 0.886995 0.081136 0.025535 0.000048 0.006287
1 0 0.253406 0.514575 0.195255 0.000001 0.036763
0 0 0.997629 0.002166 0.000156 0.000000 0.000049
0 0 0.998681 0.001238 0.000073 0.000000 0.000009
0 0 0.984020 0.008370 0.001330 0.000002 0.006278
0 0 0.928879 0.063295 0.006916 0.000001 0.000909
1 0 0.209825 0.492283 0.278701 0.000008 0.019182
1 0 0.025293 0.415598 0.353406 0.000002 0.205700
4 0 0.107962 0.153417 0.138400 0.000015 0.600206
4 0 0.207850 0.281041 0.155030 0.000013 0.356066
4 1 0.040882 0.197032 0.157056 0.000001 0.605029
4 1 0.065368 0.159973 0.070753 0.000034 0.703873
4 1 0.046989 0.102146 0.023192 0.000002 0.827671
4 1 0.018574 0.126673 0.046965 0.000003 0.807786
4 1 0.300621 0.313414 0.032347 0.000000 0.353617
4 1 0.036487 0.160777 0.035902 0.000000 0.766833
4 1 0.023036 0.383825 0.143057 0.000007 0.450075
4 1 0.048841 0.054287 0.015431 0.000006 0.881435
1 1 0.203448 0.437371 0.192125 0.000337 0.166720
2 1 0.129506 0.272527 0.296909 0.005469 0.295589
4 1 0.047652 0.097900 0.042575 0.000004 0.811869
4 1 0.416032 0.088892 0.022728 0.000006 0.472342
4 1 0.052556 0.076680 0.080780 0.000064 0.789920
4 1 0.025030 0.179538 0.377381 0.000525 0.417526
4 1 0.074024 0.334299 0.156003 0.000012 0.435661
4 1 0.064514 0.045043 0.011114 0.000005 0.879323
0 1 0.423295 0.345416 0.047862 0.000003 0.183424
4 1 0.163940 0.380375 0.055292 0.000000 0.400394
4 1 0.059962 0.318580 0.099956 0.000003 0.521500
4 1 0.006635 0.281032 0.164649 0.000000 0.547683
4 1 0.018446 0.299400 0.251390 0.000094 0.430669
4 1 0.036439 0.085321 0.058462 0.000027 0.819751
4 1 0.059018 0.094971 0.022785 0.000004 0.823221
4 1 0.043177 0.156294 0.047239 0.000011 0.753278
2 1 0.004544 0.267835 0.438225 0.000053 0.289343
2 1 0.004169 0.141237 0.499082 0.000255 0.355257
4 1 0.159780 0.058819 0.012896 0.000007 0.768497
0 1 0.787707 0.068647 0.006821 0.000001 0.136824
2 1 0.004619 0.280960 0.427353 0.000074 0.286994
1 1 0.014393 0.429774 0.358491 0.000003 0.197340
4 1 0.016685 0.113994 0.142522 0.000002 0.726798
4 1 0.019011 0.061869 0.068773 0.000058 0.850288
2 1 0.003067 0.218515 0.393853 0.000006 0.384559
4 1 0.006967 0.206242 0.200799 0.000002 0.585990
1 1 0.019597 0.438139 0.282841 0.000013 0.259411
1 1 0.059819 0.390318 0.253851 0.000008 0.296005
4 1 0.006224 0.305101 0.225153 0.000003 0.463519
4 1 0.023186 0.099737 0.068448 0.000050 0.808578
4 1 0.023693 0.150412 0.185529 0.000078 0.640287
4 1 0.015733 0.062824 0.060474 0.000013 0.860956
4 1 0.006779 0.277317 0.178955 0.000000 0.536948
4 1 0.006062 0.244909 0.338446 0.000003 0.410580
2 1 0.007123 0.233779 0.509138 0.000557 0.249403
2 1 0.004227 0.132923 0.661876 0.006068 0.194906
4 1 0.045712 0.209587 0.056764 0.000002 0.687935
4 1 0.374901 0.159641 0.030673 0.000011 0.434774
1 1 0.112101 0.443178 0.429643 0.000227 0.014851
2 0 0.088972 0.416943 0.482379 0.000253 0.011453
0 0 0.561096 0.266699 0.110618 0.000401 0.061185
1 1 0.057439 0.523960 0.247125 0.000008 0.171468
2 1 0.179471 0.301223 0.473630 0.000403 0.045274
0 1 0.680546 0.206272 0.078120 0.000046 0.035016
0 0 0.848877 0.070031 0.056585 0.007793 0.016713
0 0 0.853384 0.112140 0.016947 0.000039 0.017490
0 0 0.922698 0.068687 0.006287 0.000000 0.002329
0 0 0.471198 0.449960 0.075438 0.000000 0.003404
0 0 0.989074 0.006659 0.001124 0.000003 0.003140
0 0 0.975206 0.013640 0.004346 0.000188 0.006619
0 0 0.980348 0.011819 0.001224 0.000000 0.006610
0 0 0.838988 0.052788 0.008180 0.000003 0.100042
0 0 0.914016 0.077793 0.003285 0.000000 0.004906
0 0 0.976823 0.021215 0.001949 0.000000 0.000013
0 0 0.923597 0.024444 0.047570 0.003072 0.001316
0 0 0.926112 0.041127 0.030358 0.000686 0.001716
0 0 0.930411 0.036881 0.007295 0.000028 0.025386
0 0 0.560402 0.252379 0.104651 0.000034 0.082534
0 0 0.854653 0.033522 0.004865 0.000002 0.106957
0 0 0.938158 0.017888 0.001989 0.000000 0.041966
0 0 0.982082 0.013007 0.004035 0.000044 0.000832
0 0 0.988695 0.008734 0.001169 0.000002 0.001400
0 0 0.980738 0.015456 0.003553 0.000009 0.000244
0 0 0.930340 0.062901 0.005600 0.000001 0.001159
0 0 0.982055 0.016650 0.001113 0.000000 0.000182
2 0 0.038057 0.080745 0.874560 0.000938 0.005700
0 0 0.961106 0.032541 0.005330 0.000002 0.001020
0 0 0.983033 0.013883 0.001928 0.000005 0.001151
0 0 0.855729 0.111032 0.015521 0.000003 0.017715
0 0 0.421625 0.343797 0.148715 0.000044 0.085818
0 0 0.675160 0.143176 0.008057 0.000000 0.173607
0 0 0.878605 0.088471 0.025612 0.000010 0.007302
2 0 0.283471 0.310783 0.403460 0.000091 0.002196
2 0 0.087371 0.354974 0.542608 0.000360 0.014687
0 0 0.756127 0.206445 0.021251 0.000000 0.016176
0 0 0.723515 0.189919 0.084548 0.000010 0.002009
0 0 0.980937 0.014958 0.001520 0.000001 0.002584
0 0 0.701737 0.234384 0.056640 0.000007 0.007233
0 0 0.512713 0.325328 0.140897 0.000021 0.021042
1 0 0.197233 0.489738 0.294826 0.000042 0.018161
1 0 0.240118 0.379773 0.369943 0.000162 0.010004
0 0 0.970633 0.024314 0.003180 0.000006 0.001867
1 0 0.176003 0.360628 0.287796 0.000019 0.175554
0 0 0.820060 0.127444 0.024526 0.000010 0.027959
1 0 0.051408 0.391940 0.338530 0.000004 0.218117
1 0 0.279760 0.491247 0.161929 0.000004 0.067059
1 0 0.385042 0.410012 0.058056 0.000001 0.146888
2 0 0.064470 0.338723 0.499974 0.000179 0.096654
0 0 0.933086 0.055464 0.010120 0.000004 0.001327
0 0 0.956029 0.036601 0.004758 0.000007 0.002605
0 0 0.806475 0.126976 0.010023 0.000001 0.056526
0 0 0.869144 0.068313 0.007245 0.000002 0.055297
0 0 0.455625 0.409815 0.111363 0.000017 0.023181
2 1 0.050001 0.309957 0.595701 0.000089 0.044253
2 1 0.046773 0.299432 0.402472 0.000128 0.251195
2 1 0.002077 0.070965 0.760037 0.001625 0.165296
2 1 0.008200 0.141539 0.474501 0.001120 0.374640
2 1 0.003789 0.176390 0.693522 0.000704 0.125594
2 1 0.007006 0.267595 0.474956 0.000124 0.250320
4 1 0.024297 0.228167 0.313623 0.000258 0.433654
1 1 0.104498 0.503783 0.371690 0.000066 0.019962
2 1 0.039688 0.403820 0.546555 0.000151 0.009786
1 1 0.078000 0.422704 0.221635 0.000024 0.277637
2 1 0.012377 0.231357 0.651705 0.000221 0.104340
2 1 0.000151 0.034103 0.962395 0.000942 0.002409
2 1 0.051704 0.107696 0.677637 0.020352 0.142611
2 1 0.066188 0.163715 0.717697 0.009056 0.043345
2 1 0.014049 0.077042 0.892472 0.013388 0.003049
2 1 0.012294 0.122718 0.680899 0.009748 0.174341
2 1 0.005183 0.131181 0.822384 0.005341 0.035911
2 1 0.002375 0.087912 0.732998 0.093254 0.083461
2 1 0.001634 0.063013 0.907986 0.008432 0.018935
2 1 0.002049 0.094783 0.875838 0.005397 0.021933
2 1 0.006721 0.300865 0.606527 0.000136 0.085751
1 1 0.383945 0.399226 0.141774 0.001100 0.073956
1 1 0.033264 0.366166 0.328548 0.000092 0.271930
2 1 0.000725 0.061564 0.914403 0.003974 0.019335
2 1 0.000791 0.090601 0.886298 0.007101 0.015208
2 1 0.017277 0.183153 0.746487 0.028678 0.024406
2 1 0.005733 0.129458 0.853832 0.000781 0.010195
2 1 0.000017 0.012884 0.983041 0.003534 0.000524
2 1 0.001162 0.070597 0.922642 0.001048 0.004550
2 1 0.003877 0.067752 0.914616 0.011811 0.001944
2 1 0.000109 0.009033 0.825188 0.164072 0.001598
2 1 0.000847 0.019399 0.880328 0.099147 0.000278
2 1 0.001099 0.040302 0.944875 0.010729 0.002994
2 1 0.022898 0.214175 0.753583 0.002670 0.006675
2 1 0.003883 0.070625 0.908159 0.014712 0.002621
2 1 0.000194 0.036284 0.948637 0.010214 0.004671
2 1 0.000014 0.005429 0.917876 0.073356 0.003325
2 1 0.000921 0.043416 0.929195 0.024104 0.002363
2 1 0.001152 0.028000 0.860261 0.108582 0.002005
2 1 0.006772 0.093613 0.811359 0.073930 0.014325
2 1 0.047384 0.191280 0.680211 0.013094 0.068030
2 1 0.069546 0.402937 0.503913 0.000737 0.022867
2 1 0.038660 0.434976 0.488999 0.000380 0.036984
2 1 0.085432 0.279045 0.627341 0.000949 0.007234
2 1 0.003073 0.118444 0.871911 0.000806 0.005766
2 1 0.006437 0.134233 0.813935 0.025515 0.019881
2 1 0.016188 0.099345 0.729068 0.014416 0.140983
2 1 0.001468 0.114391 0.844672 0.007719 0.031750
2 1 0.015522 0.203146 0.767950 0.002292 0.011089
1 1 0.140242 0.559353 0.223159 0.000006 0.077241
1 1 0.145988 0.614561 0.098311 0.000000 0.141141
4 1 0.041870 0.068679 0.174595 0.034311 0.680544
2 1 0.043431 0.152645 0.451124 0.007915 0.344884
2 1 0.012223 0.349998 0.553978 0.000158 0.083642
2 1 0.040361 0.308805 0.607281 0.000835 0.042717
1 1 0.146641 0.556521 0.255391 0.000009 0.041438
2 1 0.011034 0.202789 0.765678 0.001315 0.019184
2 1 0.015300 0.364736 0.449365 0.000049 0.170550
2 1 0.002834 0.218553 0.584883 0.000174 0.193556
2 1 0.002789 0.100178 0.836027 0.005391 0.055615
2 1 0.077761 0.317774 0.570266 0.001381 0.032818
0 1 0.872757 0.071104 0.018315 0.000045 0.037779
0 0 0.953439 0.038104 0.001417 0.000000 0.007040
0 0 0.957715 0.032611 0.005890 0.000009 0.003774
0 0 0.990070 0.007069 0.002384 0.000040 0.000438
0 0 0.992467 0.006431 0.000420 0.000000 0.000683
0 0 0.992395 0.007010 0.000460 0.000000 0.000136
0 0 0.992455 0.006778 0.000503 0.000000 0.000263
0 0 0.997650 0.001965 0.000203 0.000000 0.000182
0 0 0.990805 0.006953 0.001448 0.000022 0.000772
0 0 0.986126 0.010565 0.001213 0.000001 0.002096
0 0 0.750595 0.057248 0.017630 0.000159 0.174367
0 0 0.950749 0.028567 0.013915 0.000080 0.006689
0 0 0.885168 0.066823 0.023627 0.000064 0.024318
0 0 0.969113 0.021484 0.001765 0.000000 0.007638
0 0 0.883041 0.088371 0.025064 0.003021 0.000503
0 0 0.907274 0.079940 0.007753 0.000000 0.005034
1 0 0.331957 0.383686 0.112185 0.000024 0.172149
4 1 0.154291 0.349705 0.136094 0.000011 0.359899
4 1 0.064770 0.199695 0.298358 0.001259 0.435918
4 1 0.147336 0.163414 0.060092 0.000013 0.629146
4 1 0.012469 0.066623 0.205099 0.000764 0.715045
4 1 0.021496 0.111364 0.144395 0.000106 0.722639
4 1 0.009370 0.269249 0.131602 0.000000 0.589779
4 1 0.019589 0.116669 0.132402 0.000036 0.731303
4 1 0.039361 0.060498 0.011171 0.000000 0.888970
4 1 0.042734 0.054878 0.026341 0.000109 0.875938
4 4 0.058903 0.057861 0.069001 0.010339 0.803896
4 4 0.066499 0.040120 0.027319 0.003333 0.862730
4 4 0.166180 0.051031 0.021531 0.000401 0.760856
4 4 0.254707 0.192950 0.070794 0.000640 0.480909
4 4 0.055176 0.127066 0.027104 0.000002 0.790652
4 4 0.039650 0.258337 0.062329 0.000003 0.639681
4 4 0.059679 0.017514 0.008832 0.000138 0.913837
4 4 0.049956 0.053081 0.022027 0.000067 0.874868
4 4 0.032963 0.258499 0.154730 0.000048 0.553761
4 4 0.043481 0.265067 0.067651 0.000006 0.623795
4 4 0.023765 0.260585 0.180195 0.000013 0.535443
4 4 0.030877 0.190029 0.046904 0.000001 0.732189
4 4 0.055525 0.261973 0.066444 0.000012 0.616046
4 4 0.034156 0.100334 0.044006 0.000021 0.821483
4 4 0.200956 0.078312 0.031720 0.000637 0.688375
4 4 0.040426 0.005680 0.003458 0.000099 0.950337
4 4 0.043508 0.010994 0.004789 0.000037 0.940673
4 4 0.067518 0.019517 0.004968 0.000005 0.907991
4 4 0.023495 0.135117 0.057557 0.000007 0.783824
4 4 0.115826 0.032437 0.011227 0.000048 0.840463
4 4 0.094512 0.015806 0.004874 0.000012 0.884796
4 4 0.054940 0.015005 0.005345 0.000022 0.924687
4 4 0.108044 0.023809 0.007323 0.000021 0.860802
0 4 0.623211 0.106866 0.028890 0.000212 0.240821
4 4 0.033764 0.256121 0.151134 0.000015 0.558966
4 4 0.049632 0.365822 0.087230 0.000001 0.497315
4 4 0.015802 0.169378 0.289312 0.000600 0.524909
4 4 0.068383 0.178250 0.168673 0.000052 0.584642
4 4 0.039442 0.116203 0.088736 0.000096 0.755524
4 4 0.013831 0.142430 0.215323 0.000017 0.628400
4 4 0.023268 0.178541 0.328382 0.000156 0.469653
2 4 0.009401 0.273851 0.440658 0.000045 0.276045
4 4 0.027877 0.076662 0.078637 0.000049 0.816774
4 4 0.024076 0.084342 0.053877 0.000000 0.837705
4 4 0.011112 0.286243 0.268211 0.000019 0.434415
4 4 0.009567 0.170616 0.265258 0.000035 0.554524
4 4 0.012638 0.267237 0.162224 0.000006 0.557896
4 4 0.020106 0.135843 0.107589 0.000061 0.736401
4 4 0.044360 0.017616 0.011521 0.000578 0.925925
4 4 0.052546 0.019006 0.010820 0.000406 0.917222
4 4 0.035854 0.265864 0.135922 0.000136 0.562223
4 4 0.018162 0.227611 0.244227 0.000336 0.509664
4 4 0.196274 0.030686 0.010548 0.000064 0.762429
4 4 0.052404 0.003647 0.001396 0.000004 0.942549
4 4 0.386153 0.047089 0.021180 0.000654 0.544925
4 4 0.384944 0.014244 0.003691 0.000005 0.597116
4 4 0.207529 0.036328 0.001338 0.000000 0.754805
1 4 0.219555 0.486773 0.108445 0.000012 0.185215
4 4 0.037242 0.227404 0.297188 0.000481 0.437685
4 4 0.022180 0.130448 0.134162 0.000151 0.713059
2 4 0.006746 0.252701 0.467053 0.000191 0.273309
4 4 0.008656 0.309929 0.234454 0.000010 0.446951
1 4 0.025718 0.434190 0.363371 0.000018 0.176703
1 4 0.061913 0.333104 0.287564 0.000083 0.317335
2 4 0.004361 0.240681 0.525314 0.000211 0.229432
2 4 0.000808 0.093442 0.836756 0.000407 0.068587
2 4 0.035203 0.180741 0.667764 0.014417 0.101876
4 4 0.034987 0.177490 0.266779 0.002401 0.518342
4 4 0.006444 0.245455 0.361873 0.000015 0.386213
2 4 0.008451 0.159774 0.671106 0.001132 0.159537
2 4 0.017262 0.379415 0.540682 0.000167 0.062473
2 4 0.022850 0.419334 0.474443 0.000043 0.083331
2 4 0.035562 0.305581 0.526236 0.001510 0.131111
1 4 0.049479 0.411638 0.221337 0.000012 0.317535
2 4 0.011681 0.124572 0.840802 0.003368 0.019577
2 4 0.007028 0.234060 0.683842 0.000158 0.074911
0 4 0.561476 0.243386 0.182119 0.000002 0.013017
0 4 0.982424 0.015930 0.001541 0.000003 0.000101
0 4 0.836256 0.095946 0.059762 0.000324 0.007712
4 4 0.311047 0.083243 0.023957 0.000005 0.581747
0 4 0.672568 0.011975 0.002020 0.000001 0.313437
0 4 0.980903 0.014703 0.000658 0.000000 0.003736
0 4 0.912437 0.026885 0.002570 0.000000 0.058108
0 4 0.916495 0.065340 0.005107 0.000000 0.013057
4 4 0.175583 0.120820 0.058605 0.000012 0.644979
4 4 0.030541 0.042150 0.047739 0.000037 0.879532
4 4 0.042559 0.119422 0.023694 0.000001 0.814325
4 4 0.010433 0.290464 0.135879 0.000001 0.563224
4 4 0.029783 0.245824 0.108069 0.000017 0.616307
4 4 0.048323 0.131724 0.025417 0.000000 0.794535
4 4 0.089481 0.065096 0.014797 0.000009 0.830616
4 4 0.061679 0.086959 0.041949 0.000421 0.808992
4 1 0.074193 0.099130 0.223993 0.004463 0.598221
4 1 0.028354 0.196794 0.254985 0.000204 0.519662
4 1 0.076170 0.232849 0.035938 0.000001 0.655042
2 2 0.023039 0.213667 0.627146 0.002222 0.133926
1 2 0.088399 0.392636 0.297082 0.001018 0.220865
1 2 0.176897 0.428834 0.349568 0.000290 0.044411
2 2 0.013843 0.232807 0.665573 0.005120 0.082658
2 1 0.042142 0.324167 0.562633 0.002117 0.068942
4 1 0.015225 0.295189 0.280619 0.000089 0.408878
2 1 0.004888 0.177497 0.759636 0.000987 0.056992
2 1 0.006767 0.221809 0.653312 0.001190 0.116923
2 1 0.001271 0.058020 0.877924 0.006916 0.055869
2 1 0.000287 0.085889 0.885857 0.000582 0.027385
2 2 0.001177 0.071724 0.772736 0.016970 0.137392
2 2 0.001161 0.050788 0.905095 0.024329 0.018627
2 2 0.006976 0.090080 0.792308 0.012018 0.098618
2 2 0.003420 0.128816 0.829803 0.001003 0.036958
2 2 0.007315 0.064101 0.901850 0.003803 0.022931
2 2 0.011671 0.163408 0.799185 0.001403 0.024333
1 2 0.052529 0.445408 0.160808 0.000031 0.341224
1 2 0.068860 0.396599 0.370479 0.000768 0.163295
2 2 0.041225 0.293551 0.390936 0.000809 0.273479
2 2 0.132757 0.283912 0.576991 0.001011 0.005329
2 1 0.104789 0.319134 0.352324 0.001626 0.222126
4 1 0.025556 0.326176 0.122001 0.000001 0.526266
4 1 0.017051 0.307992 0.114048 0.000002 0.560907
0 0 0.933111 0.058176 0.005651 0.000000 0.003062
1 1 0.084938 0.616510 0.185723 0.000003 0.112825
1 1 0.138481 0.451855 0.091252 0.000003 0.318409
1 1 0.188077 0.358212 0.148478 0.000211 0.305023
2 1 0.004035 0.093375 0.629031 0.008633 0.264926
2 1 0.003189 0.072958 0.904007 0.002247 0.017600
2 1 0.048330 0.383192 0.486242 0.000461 0.081774
4 1 0.008577 0.304114 0.334473 0.000041 0.352795
2 1 0.012449 0.212339 0.481597 0.000365 0.293249
2 1 0.044555 0.371147 0.375798 0.000253 0.208247
2 1 0.004024 0.287725 0.644206 0.000134 0.063911
1 1 0.013882 0.564101 0.296592 0.000002 0.125422
2 1 0.005966 0.252505 0.637859 0.000012 0.103658
2 1 0.007278 0.238145 0.596622 0.000139 0.157816
2 1 0.017005 0.293098 0.644689 0.004385 0.040824
1 0 0.055504 0.505323 0.167545 0.000005 0.271623
1 1 0.165853 0.578649 0.209894 0.000004 0.045599
1 1 0.274804 0.573155 0.130476 0.000002 0.021563
1 1 0.033838 0.434209 0.322569 0.000052 0.209333
2 1 0.018727 0.237860 0.526078 0.000500 0.216835
2 1 0.008335 0.292896 0.574129 0.000326 0.124314
0 0 0.461978 0.296333 0.139319 0.000022 0.102348
2 1 0.004314 0.259004 0.398270 0.000010 0.338401
1 1 0.052192 0.435343 0.178450 0.000028 0.333987
0 1 0.584297 0.281565 0.050646 0.000001 0.083491
0 0 0.918335 0.062034 0.013545 0.000001 0.006085
0 0 0.624305 0.301005 0.034417 0.000000 0.040273
0 0 0.728051 0.222041 0.047934 0.000001 0.001973
0 0 0.680791 0.130552 0.183702 0.000011 0.004944
0 0 0.986089 0.011260 0.001806 0.000000 0.000846
0 0 0.973233 0.014672 0.002819 0.000011 0.009266
0 0 0.993364 0.005236 0.001117 0.000030 0.000254
0 0 0.667943 0.223971 0.064381 0.000050 0.043653
0 0 0.866441 0.115163 0.017892 0.000006 0.000498
0 0 0.987169 0.011595 0.001017 0.000000 0.000219
0 0 0.954484 0.041160 0.004215 0.000000 0.000140
0 0 0.987430 0.009019 0.001925 0.000025 0.001601
0 0 0.990247 0.007946 0.001293 0.000009 0.000504
0 0 0.989284 0.009232 0.000911 0.000001 0.000573
0 0 0.997492 0.002036 0.000159 0.000000 0.000313
0 0 0.969987 0.025027 0.004492 0.000063 0.000430
0 0 0.997452 0.002359 0.000157 0.000000 0.000032
0 0 0.979395 0.014265 0.004086 0.000209 0.002046
0 0 0.988296 0.009673 0.001273 0.000003 0.000755
0 0 0.961827 0.027010 0.004307 0.000011 0.006844
0 0 0.991581 0.007501 0.000893 0.000000 0.000025
0 0 0.997064 0.002171 0.000490 0.000011 0.000263
0 0 0.995619 0.002612 0.000104 0.000000 0.001664
0 0 0.999535 0.000425 0.000031 0.000000 0.000009
0 0 0.996958 0.002725 0.000283 0.000001 0.000034
0 0 0.988253 0.010568 0.000908 0.000000 0.000271
0 0 0.992200 0.005885 0.000276 0.000000 0.001639
0 0 0.793257 0.140041 0.063620 0.000043 0.003038
0 0 0.933889 0.049577 0.004401 0.000000 0.012133
0 0 0.996283 0.002894 0.000391 0.000001 0.000432
0 0 0.985065 0.010824 0.001319 0.000001 0.002790
0 0 0.998060 0.001067 0.000328 0.000015 0.000530
0 0 0.907655 0.023658 0.004627 0.000009 0.064051
0 0 0.980120 0.016776 0.002303 0.000003 0.000798
0 0 0.978200 0.018772 0.002724 0.000002 0.000301
0 0 0.874700 0.111294 0.011315 0.000000 0.002689
0 0 0.519654 0.432629 0.040444 0.000000 0.007273
0 0 0.926715 0.065385 0.006976 0.000001 0.000923
0 0 0.838887 0.143672 0.015505 0.000000 0.001936
1 0 0.260162 0.581614 0.098186 0.000000 0.060038
0 0 0.498087 0.387928 0.050496 0.000001 0.063487
0 0 0.978389 0.015932 0.004295 0.000008 0.001376
0 0 0.876142 0.103810 0.016264 0.000001 0.003783
0 0 0.434922 0.242776 0.113797 0.000093 0.208411
0 0 0.933171 0.051321 0.005675 0.000001 0.009832
0 0 0.968944 0.018252 0.005811 0.000282 0.006710
0 0 0.974511 0.018363 0.004194 0.000073 0.002858
0 0 0.995793 0.002539 0.000279 0.000000 0.001390
0 0 0.983408 0.011329 0.001394 0.000001 0.003867
0 0 0.992590 0.006712 0.000387 0.000000 0.000312
0 1 0.382490 0.208517 0.049098 0.000005 0.359890
4 1 0.042260 0.164743 0.048089 0.000004 0.744904
4 1 0.022676 0.165362 0.046503 0.000000 0.765459
4 1 0.033598 0.345626 0.200381 0.000002 0.420394
0 1 0.465023 0.356648 0.092928 0.000003 0.085398
4 1 0.149370 0.142617 0.029980 0.000002 0.678031
4 1 0.042031 0.121634 0.040266 0.000005 0.796065
4 4 0.048227 0.013477 0.006410 0.000091 0.931795
4 4 0.073725 0.006030 0.005460 0.001020 0.913765
4 4 0.247670 0.009898 0.005480 0.000177 0.736775
4 4 0.025659 0.003049 0.001960 0.000052 0.969279
4 4 0.071065 0.014158 0.003751 0.000004 0.911021
4 4 0.032895 0.005602 0.002821 0.000034 0.958649
4 4 0.033340 0.007984 0.006294 0.000650 0.951732
4 4 0.089856 0.026202 0.015254 0.000788 0.867900
4 4 0.015493 0.001271 0.000956 0.000033 0.982247
4 4 0.040966 0.005765 0.001451 0.000001 0.951818
4 4 0.039554 0.022575 0.010423 0.000020 0.927428
4 4 0.480026 0.028425 0.010571 0.000122 0.480855
1 4 0.021946 0.346618 0.292590 0.000201 0.338645
4 4 0.041201 0.079507 0.049450 0.000614 0.829228
4 4 0.047251 0.059719 0.034077 0.000458 0.858495
4 4 0.024327 0.039541 0.048225 0.007110 0.880796
4 4 0.038171 0.011370 0.009297 0.001345 0.939817
4 4 0.070516 0.025247 0.007856 0.000023 0.896357
0 4 0.453119 0.182838 0.061892 0.001348 0.300802
4 4 0.190373 0.084244 0.029295 0.000083 0.696004
4 4 0.040395 0.069061 0.014651 0.000001 0.875893
4 4 0.015294 0.096305 0.062421 0.000012 0.825968
4 4 0.006360 0.301205 0.099847 0.000000 0.592588
4 4 0.013319 0.215767 0.075017 0.000001 0.695896
4 4 0.121908 0.046217 0.007732 0.000002 0.824141
4 4 0.131230 0.068110 0.015554 0.000006 0.785099
4 4 0.047736 0.080905 0.072091 0.002014 0.797255
4 4 0.082002 0.052114 0.018136 0.000097 0.847651
4 4 0.033023 0.007441 0.005493 0.000410 0.953633
4 4 0.022462 0.003508 0.003244 0.000456 0.970329
4 4 0.080517 0.213091 0.239578 0.001871 0.464942
4 4 0.055000 0.350383 0.126613 0.000025 0.467978
4 4 0.063257 0.123229 0.046996 0.000125 0.766392
4 4 0.028860 0.087937 0.100465 0.000653 0.782085
4 4 0.375513 0.057195 0.023947 0.000584 0.542762
4 4 0.071396 0.114155 0.027892 0.000010 0.786548
4 4 0.023125 0.296956 0.094758 0.000005 0.585156
4 4 0.009097 0.045745 0.090008 0.000090 0.855061
4 4 0.039991 0.126930 0.041706 0.000012 0.791361
4 4 0.046801 0.048630 0.013397 0.000004 0.891167
4 4 0.025906 0.129557 0.154751 0.000394 0.689392
4 4 0.019498 0.124555 0.074643 0.000005 0.781299
1 4 0.035760 0.551747 0.236321 0.000014 0.176158
4 4 0.021651 0.313487 0.092678 0.000002 0.572182
4 4 0.030750 0.004580 0.002175 0.000018 0.962477
4 4 0.211302 0.032784 0.011030 0.000064 0.744820
4 4 0.070724 0.057598 0.020856 0.000083 0.850738
4 4 0.018601 0.108795 0.021724 0.000000 0.850880
2 4 0.001065 0.080732 0.810881 0.000656 0.106666
4 4 0.035341 0.019428 0.007873 0.000015 0.937344
4 4 0.038074 0.050420 0.014378 0.000003 0.897126
4 4 0.032214 0.119549 0.027889 0.000001 0.820347
4 1 0.008176 0.308551 0.201036 0.000004 0.482233
2 1 0.000553 0.074009 0.828497 0.000385 0.096556
4 1 0.007740 0.162785 0.305918 0.000033 0.523524
2 1 0.002351 0.101661 0.549804 0.000058 0.346126
4 1 0.012579 0.174813 0.258148 0.000043 0.554418
4 1 0.009738 0.090286 0.399760 0.001801 0.498414
4 1 0.060138 0.051107 0.049617 0.001874 0.837263
4 1 0.093407 0.074290 0.012552 0.000002 0.819750
4 1 0.019297 0.138907 0.093876 0.000004 0.747917
4 1 0.006454 0.256507 0.178091 0.000003 0.558945
4 1 0.023235 0.182315 0.055738 0.000002 0.738711
4 1 0.008212 0.313661 0.286086 0.000012 0.392029
4 1 0.023460 0.264288 0.131541 0.000004 0.580707
4 1 0.014257 0.243564 0.271468 0.000011 0.470699
2 1 0.002343 0.091290 0.552287 0.000075 0.354004
4 1 0.021798 0.248644 0.177547 0.000002 0.552009
2 1 0.004678 0.140780 0.524832 0.000444 0.329267
2 1 0.002180 0.109847 0.521856 0.000192 0.365925
4 1 0.026073 0.197909 0.234606 0.000073 0.541340
4 2 0.011780 0.103803 0.261960 0.000321 0.622135
0 2 0.646094 0.265103 0.083080 0.001041 0.004683
2 2 0.018167 0.304019 0.575743 0.000106 0.101965
4 2 0.029600 0.130526 0.105877 0.000317 0.733681
4 2 0.019964 0.129394 0.291694 0.005306 0.553643
1 2 0.107067 0.398824 0.301009 0.000005 0.193096
0 2 0.460762 0.350230 0.070547 0.000006 0.118455
4 2 0.035581 0.146208 0.163595 0.000454 0.654161
1 1 0.153491 0.465017 0.109879 0.000011 0.271601
1 1 0.032851 0.386636 0.229930 0.000020 0.350562
1 1 0.068898 0.418175 0.111015 0.000006 0.401906
1 1 0.024608 0.480602 0.205226 0.000010 0.289554
4 1 0.014133 0.315390 0.116544 0.000004 0.553929
0 0 0.421213 0.326663 0.058167 0.000035 0.193922
0 0 0.492203 0.393584 0.088871 0.000039 0.025301
0 1 0.797539 0.115827 0.012440 0.000001 0.074194
4 1 0.117018 0.177999 0.033764 0.000004 0.671215
2 1 0.001087 0.114784 0.782197 0.000104 0.101829
2 1 0.004195 0.165160 0.715760 0.000034 0.114852
4 2 0.008327 0.097993 0.437026 0.003288 0.453368
2 2 0.001310 0.034613 0.840426 0.035229 0.088423
2 2 0.000044 0.030125 0.957468 0.001362 0.011001
2 2 0.001212 0.043478 0.926258 0.006310 0.022742
4 2 0.028290 0.287263 0.215313 0.000103 0.469031
4 2 0.011138 0.225998 0.256641 0.000005 0.506218
2 2 0.003026 0.124431 0.638484 0.003559 0.230501
2 2 0.000598 0.063479 0.853737 0.007279 0.074907
2 2 0.003582 0.067802 0.851289 0.008989 0.068338
2 2 0.004699 0.048601 0.862190 0.029760 0.054749
2 2 0.000082 0.010063 0.912161 0.062798 0.014895
2 2 0.000008 0.003137 0.938293 0.054677 0.003884
2 2 0.000000 0.000296 0.968525 0.031160 0.000020
2 2 0.000001 0.000548 0.819477 0.179914 0.000060
2 2 0.000002 0.001698 0.939643 0.058417 0.000240
3 2 0.000002 0.000499 0.465540 0.533830 0.000129
2 2 0.000006 0.000545 0.763507 0.235939 0.000002
3 2 0.000385 0.005252 0.410096 0.583186 0.001081
2 2 0.013110 0.040409 0.489146 0.454875 0.002460
2 2 0.009665 0.049426 0.684782 0.242966 0.013160
2 2 0.000044 0.005326 0.768999 0.224819 0.000811
2 2 0.000367 0.007750 0.691963 0.299410 0.000511
3 2 0.000000 0.000023 0.111255 0.888714 0.000007
3 2 0.000012 0.000409 0.304564 0.695004 0.000012
3 2 0.000007 0.001037 0.350591 0.647030 0.001335
2 2 0.000317 0.011421 0.552998 0.432031 0.003232
2 2 0.000009 0.002092 0.661101 0.335937 0.000861
2 2 0.000591 0.021994 0.759015 0.211450 0.006950
3 2 0.000883 0.008675 0.329942 0.659519 0.000981
2 2 0.015553 0.123473 0.844013 0.010435 0.006526
1 0 0.094465 0.477978 0.416565 0.000087 0.010904
2 1 0.013421 0.250084 0.728714 0.001013 0.006769
2 1 0.072819 0.444620 0.473264 0.000051 0.009247
2 1 0.040007 0.245911 0.699202 0.004707 0.010173
2 1 0.023490 0.373028 0.410937 0.000077 0.192467
2 1 0.008983 0.271241 0.556677 0.001254 0.161845
1 1 0.019582 0.377799 0.260510 0.000017 0.342092
2 1 0.003162 0.295498 0.387905 0.000015 0.313420
4 1 0.036742 0.274479 0.074629 0.000006 0.614144
4 1 0.041767 0.191818 0.350186 0.001277 0.414952
2 1 0.004847 0.130281 0.632991 0.001541 0.230340
2 1 0.004515 0.158533 0.617123 0.000981 0.218848
2 1 0.008365 0.190207 0.764152 0.000105 0.037170
4 1 0.012413 0.201703 0.275092 0.000133 0.510660
1 1 0.013812 0.375092 0.290871 0.000030 0.320195
2 1 0.006787 0.224109 0.394582 0.000010 0.374513
2 1 0.004185 0.147364 0.606864 0.001227 0.240361
4 1 0.006347 0.166207 0.247614 0.000036 0.579796
2 1 0.002935 0.256287 0.573518 0.000005 0.167255
4 1 0.043053 0.368505 0.078908 0.000000 0.509534
4 1 0.015626 0.316551 0.208368 0.000039 0.459416
2 1 0.011350 0.336310 0.342590 0.000024 0.309726
1 1 0.002779 0.378816 0.332034 0.000000 0.286371
1 1 0.028951 0.426345 0.221038 0.000004 0.323661
4 1 0.277934 0.091049 0.014173 0.000004 0.616839
4 1 0.144665 0.286990 0.130927 0.000119 0.437299
4 1 0.086447 0.177057 0.043958 0.000005 0.692533
4 1 0.113363 0.214711 0.042356 0.000001 0.629569
4 1 0.026188 0.191105 0.077119 0.000013 0.705576
4 1 0.008751 0.185657 0.330388 0.000148 0.475056
2 1 0.010250 0.330710 0.611327 0.000061 0.047652
2 1 0.013241 0.359234 0.564836 0.000038 0.062651
4 1 0.080015 0.205722 0.029555 0.000000 0.684706
4 1 0.034904 0.388608 0.175712 0.000002 0.400775
4 1 0.025959 0.234483 0.070364 0.000003 0.669190
1 1 0.017095 0.446877 0.271323 0.000023 0.264683
2 1 0.005888 0.264782 0.436905 0.000175 0.292250
2 1 0.011801 0.297905 0.572994 0.002647 0.114654
2 1 0.009085 0.293735 0.582669 0.000504 0.114008
4 1 0.013071 0.114337 0.337664 0.001381 0.533546
2 1 0.028258 0.219792 0.725514 0.002566 0.023870
2 1 0.001098 0.087806 0.885429 0.005981 0.019686
1 2 0.021826 0.516876 0.299306 0.000053 0.161939
2 2 0.007262 0.341661 0.547022 0.000205 0.103850
2 2 0.020017 0.223108 0.740986 0.000839 0.015050
1 2 0.159389 0.453861 0.342377 0.000257 0.044117
2 2 0.014365 0.245454 0.673478 0.002438 0.064265
2 2 0.038368 0.228977 0.701251 0.006198 0.025206
2 2 0.020833 0.340719 0.489823 0.006047 0.142577
1 2 0.043765 0.445992 0.423471 0.000015 0.086757
2 2 0.000044 0.009731 0.964147 0.024915 0.001164
2 2 0.001836 0.140581 0.739001 0.000682 0.117899
2 2 0.010724 0.215517 0.752491 0.000202 0.021066
2 2 0.015929 0.338538 0.575322 0.000177 0.070035
2 2 0.002426 0.131015 0.839578 0.002221 0.024759
2 2 0.001162 0.104453 0.867082 0.001006 0.026298
1 2 0.014727 0.409959 0.315608 0.000089 0.259617
1 2 0.346928 0.358196 0.174843 0.000402 0.119632
2 2 0.021881 0.430029 0.506067 0.000035 0.041988
1 2 0.193722 0.399105 0.364016 0.000280 0.042878
1 2 0.047100 0.526911 0.195643 0.000012 0.230334
4 2 0.016951 0.298766 0.149070 0.000007 0.535205
2 2 0.038365 0.332165 0.425024 0.000067 0.204380
4 2 0.050510 0.234947 0.048087 0.000002 0.666454
1 2 0.080267 0.433246 0.264342 0.000099 0.222046
4 1 0.019710 0.380402 0.183982 0.000003 0.415903
1 1 0.023717 0.405916 0.296592 0.000016 0.273759
4 0 0.253418 0.289248 0.056669 0.000022 0.400643
0 0 0.729937 0.115905 0.014927 0.000006 0.139224
0 0 0.748256 0.173643 0.026849 0.000042 0.051210
1 0 0.352344 0.409344 0.221993 0.000093 0.016226
0 0 0.954367 0.041827 0.002887 0.000000 0.000919
0 0 0.431753 0.131319 0.032622 0.000002 0.404305
0 0 0.472363 0.231871 0.023363 0.000001 0.272402
0 0 0.948107 0.022985 0.002674 0.000000 0.026234
0 0 0.907689 0.067047 0.020055 0.000005 0.005205
0 0 0.888839 0.079002 0.004273 0.000000 0.027886
0 0 0.966267 0.030631 0.001656 0.000000 0.001446
2 0 0.008742 0.227942 0.414416 0.000027 0.348873
4 1 0.024247 0.138921 0.046693 0.000001 0.790138
4 1 0.008562 0.038809 0.063082 0.000022 0.889525
4 1 0.007731 0.203910 0.126363 0.000002 0.661995
4 1 0.031172 0.110421 0.032977 0.000002 0.825429
4 1 0.050319 0.038533 0.009596 0.000002 0.901551
0 1 0.541539 0.147178 0.009373 0.000000 0.301910
4 1 0.087186 0.087955 0.057297 0.000002 0.767560
4 4 0.068733 0.038458 0.019833 0.000168 0.872808
4 4 0.103075 0.074711 0.012716 0.000002 0.809495
4 4 0.042444 0.050700 0.068463 0.001288 0.837105
4 4 0.409469 0.106585 0.029900 0.000177 0.453869
0 4 0.730153 0.170868 0.092205 0.000177 0.006598
4 4 0.052927 0.168342 0.081185 0.000032 0.697515
