0 0 0.818368 0.108567 0.033022 0.008839 0.031205
0 0 0.454430 0.162098 0.331177 0.002542 0.049753
4 0 0.031267 0.310299 0.220306 0.020888 0.417240
1 0 0.159232 0.446630 0.239629 0.002854 0.151654
4 0 0.192459 0.174010 0.100262 0.001471 0.531798
1 0 0.287042 0.308052 0.160862 0.002867 0.241176
4 0 0.037810 0.200658 0.141903 0.002518 0.617111
4 0 0.010191 0.247873 0.209035 0.003486 0.529414
4 0 0.110469 0.065423 0.025891 0.000034 0.798183
4 0 0.168855 0.222557 0.079534 0.000067 0.528986
0 0 0.484431 0.128309 0.055959 0.001136 0.330165
0 0 0.675224 0.164705 0.053486 0.000796 0.105790
1 0 0.071160 0.394835 0.290167 0.003211 0.240626
1 0 0.021489 0.529119 0.309243 0.000147 0.140002
1 0 0.171015 0.376757 0.157728 0.000210 0.294289
4 0 0.269155 0.207233 0.100404 0.000782 0.422427
0 0 0.891244 0.023278 0.004323 0.000018 0.081137
0 0 0.625378 0.253095 0.055948 0.000080 0.065499
0 0 0.721602 0.179462 0.038713 0.000085 0.060138
0 0 0.428957 0.417299 0.122682 0.000780 0.030283
1 0 0.244322 0.374114 0.171558 0.001779 0.208227
0 0 0.409901 0.355107 0.124829 0.000704 0.109459
1 0 0.318435 0.382357 0.119818 0.000271 0.179120
0 0 0.678457 0.112450 0.035177 0.000802 0.173114
0 0 0.715486 0.124508 0.044370 0.005476 0.110160
0 0 0.703606 0.143788 0.100883 0.013526 0.038197
0 0 0.422157 0.150458 0.049145 0.000217 0.378023
0 0 0.806963 0.065067 0.016672 0.000148 0.111149
0 0 0.671885 0.109043 0.045122 0.002494 0.171456
4 0 0.230269 0.079318 0.034190 0.001294 0.654929
0 0 0.753774 0.032431 0.006120 0.000032 0.207644
0 0 0.944388 0.032470 0.006665 0.000219 0.016259
0 0 0.498231 0.138801 0.038732 0.005626 0.318609
0 0 0.643712 0.160983 0.075491 0.026809 0.093005
0 0 0.500075 0.159082 0.075922 0.003034 0.261887
0 0 0.554359 0.151520 0.061653 0.008197 0.224271
0 0 0.532091 0.160327 0.240580 0.009421 0.057582
0 0 0.881689 0.062180 0.016528 0.000991 0.038612
1 0 0.289897 0.468770 0.204270 0.002732 0.034332
0 0 0.962781 0.019910 0.003260 0.000047 0.014002
0 0 0.640232 0.238866 0.080687 0.002952 0.037262
0 0 0.436482 0.424723 0.120177 0.001047 0.017571
0 0 0.698282 0.186931 0.042196 0.000094 0.072496
2 0 0.087764 0.346901 0.507377 0.026669 0.031289
0 0 0.370477 0.273657 0.233387 0.010486 0.111993
0 0 0.689365 0.198700 0.078435 0.001311 0.032188
0 0 0.546135 0.252745 0.140291 0.031253 0.029577
0 0 0.500659 0.181691 0.135717 0.079347 0.102587
0 0 0.498158 0.268731 0.091968 0.002988 0.138154
0 0 0.805346 0.119166 0.027096 0.000301 0.048091
0 0 0.672739 0.215933 0.061771 0.000732 0.048825
0 0 0.424962 0.424503 0.109015 0.000216 0.041304
0 0 0.742638 0.069526 0.115010 0.071672 0.001154
1 0 0.297820 0.411956 0.219022 0.015877 0.055325
4 1 0.015179 0.146330 0.156027 0.000300 0.682163
4 1 0.013696 0.114193 0.271103 0.005024 0.595984
4 4 0.013156 0.029088 0.018637 0.003007 0.936112
4 4 0.013621 0.012741 0.004735 0.000136 0.968767
4 4 0.010349 0.061421 0.031035 0.000472 0.896724
4 4 0.013954 0.010862 0.003760 0.000077 0.971348
4 4 0.006213 0.097570 0.085615 0.004132 0.806470
4 4 0.051262 0.051118 0.118482 0.000450 0.778688
4 4 0.005488 0.014824 0.006731 0.000890 0.972067
4 4 0.037811 0.063932 0.054182 0.008084 0.835992
4 4 0.037145 0.115245 0.062447 0.000437 0.784726
4 4 0.001272 0.248543 0.254695 0.000345 0.495146
4 4 0.018954 0.256138 0.177374 0.001032 0.546501
1 4 0.013331 0.379550 0.294687 0.001197 0.311236
2 4 0.007688 0.322290 0.383771 0.015978 0.270273
2 4 0.002708 0.140293 0.791637 0.010892 0.054470
4 4 0.027598 0.058088 0.040589 0.009251 0.864474
4 4 0.015591 0.030397 0.016048 0.002112 0.935852
4 4 0.009469 0.081285 0.043828 0.000624 0.864793
4 4 0.013412 0.134919 0.082755 0.001142 0.767771
4 4 0.019619 0.051438 0.022581 0.000142 0.906221
4 4 0.007577 0.252880 0.148474 0.000174 0.590895
2 4 0.080816 0.333233 0.537685 0.010670 0.037595
2 4 0.006208 0.208473 0.485302 0.003054 0.296963
4 4 0.015865 0.023487 0.011066 0.000856 0.948726
4 4 0.024713 0.075130 0.049379 0.006713 0.844064
4 4 0.014763 0.026297 0.009450 0.000038 0.949453
4 4 0.031568 0.068584 0.037461 0.001066 0.861321
4 4 0.021527 0.145924 0.111317 0.010475 0.710756
4 4 0.017146 0.091588 0.054794 0.001727 0.834744
4 4 0.016583 0.151645 0.116386 0.004596 0.710790
4 4 0.002408 0.229380 0.311169 0.100889 0.356154
0 4 0.750022 0.127577 0.106080 0.006882 0.009439
0 4 0.596663 0.180460 0.180884 0.036347 0.005645
4 4 0.021612 0.145239 0.152758 0.005785 0.674607
4 4 0.170169 0.183660 0.137654 0.006255 0.502261
4 4 0.006216 0.087010 0.063818 0.014452 0.828504
4 4 0.005240 0.121650 0.087936 0.006978 0.778197
4 4 0.079684 0.141962 0.101175 0.045917 0.631261
4 4 0.006738 0.056070 0.256727 0.117280 0.563185
2 4 0.001307 0.112374 0.459899 0.029794 0.396626
4 4 0.003455 0.106588 0.275998 0.068671 0.545289
4 4 0.005353 0.126346 0.318783 0.023163 0.526355
4 4 0.005585 0.098719 0.275372 0.020905 0.599418
4 4 0.006042 0.074944 0.041941 0.000993 0.876080
4 4 0.017529 0.035212 0.019478 0.002927 0.924854
4 4 0.004689 0.017367 0.008638 0.001927 0.967379
4 4 0.013041 0.030086 0.032050 0.006588 0.918235
4 4 0.002585 0.108679 0.313500 0.066316 0.508920
4 4 0.003062 0.105770 0.241911 0.015224 0.634033
4 4 0.003740 0.098746 0.295216 0.221010 0.381288
2 4 0.002381 0.121309 0.529731 0.036673 0.309905
2 4 0.010221 0.088814 0.587225 0.059522 0.254218
2 4 0.006634 0.104587 0.535251 0.042122 0.311407
2 4 0.001538 0.138396 0.622508 0.067638 0.169918
2 4 0.001396 0.107379 0.572288 0.152454 0.166482
2 4 0.000125 0.021896 0.891500 0.075244 0.011234
2 4 0.000130 0.022779 0.953094 0.015778 0.008219
2 4 0.000017 0.008526 0.877133 0.110063 0.004261
2 4 0.000050 0.006410 0.793891 0.195008 0.004641
2 4 0.001211 0.046138 0.697874 0.157237 0.097541
2 2 0.000461 0.024684 0.627179 0.306734 0.040942
3 2 0.001344 0.043365 0.430213 0.463674 0.061404
2 2 0.006932 0.084944 0.377786 0.262838 0.267501
2 2 0.000157 0.011282 0.504940 0.471978 0.011643
2 2 0.000170 0.020624 0.742655 0.221257 0.015294
2 3 0.000796 0.047447 0.459914 0.437601 0.054243
2 3 0.000095 0.007778 0.570012 0.417990 0.004125
3 3 0.000756 0.050116 0.418227 0.463874 0.067028
3 3 0.000198 0.006500 0.253214 0.730064 0.010024
3 3 0.000028 0.006610 0.244565 0.740212 0.008586
3 3 0.000106 0.007899 0.424722 0.558462 0.008811
3 3 0.000050 0.005846 0.280540 0.706041 0.007522
3 3 0.000035 0.002489 0.059656 0.929394 0.008427
3 3 0.000020 0.001042 0.089067 0.907867 0.002004
3 3 0.000193 0.001770 0.026765 0.969684 0.001588
3 3 0.000042 0.000567 0.056814 0.942421 0.000156
3 3 0.000048 0.004261 0.033829 0.950177 0.011685
3 3 0.000071 0.000917 0.033458 0.965183 0.000371
3 3 0.000008 0.000230 0.006482 0.992918 0.000362
3 3 0.000055 0.002301 0.051523 0.941237 0.004884
3 3 0.000026 0.000166 0.017944 0.981745 0.000119
3 3 0.002875 0.044460 0.070204 0.828110 0.054350
3 3 0.000468 0.003772 0.059874 0.934786 0.001100
3 3 0.000016 0.000480 0.071982 0.926886 0.000637
3 3 0.000449 0.004458 0.114713 0.878106 0.002275
3 3 0.000067 0.001758 0.426994 0.570871 0.000310
3 3 0.000002 0.000055 0.070773 0.929129 0.000041
3 3 0.000041 0.000844 0.028464 0.968132 0.002519
3 3 0.000009 0.000203 0.011154 0.988279 0.000355
3 3 0.000003 0.000083 0.026089 0.973763 0.000063
3 3 0.000276 0.001476 0.009715 0.988281 0.000252
3 3 0.000001 0.000021 0.011856 0.988060 0.000063
3 3 0.000020 0.000158 0.015922 0.983809 0.000090
3 3 0.000004 0.000155 0.006070 0.993491 0.000279
3 3 0.000102 0.000906 0.013383 0.985165 0.000444
3 3 0.000010 0.000950 0.100233 0.897147 0.001661
3 3 0.000004 0.000113 0.009408 0.990251 0.000223
3 3 0.000000 0.000008 0.001293 0.998696 0.000003
3 3 0.000003 0.000045 0.000964 0.998982 0.000005
3 3 0.000000 0.000021 0.001360 0.998593 0.000026
3 3 0.000000 0.000014 0.007862 0.992077 0.000048
3 3 0.000063 0.000775 0.036361 0.961506 0.001295
3 3 0.000076 0.000918 0.041987 0.955914 0.001104
3 3 0.000001 0.000024 0.008333 0.991556 0.000086
3 3 0.000000 0.000064 0.002634 0.997041 0.000261
3 3 0.000060 0.001076 0.017196 0.980178 0.001490
3 3 0.000597 0.003996 0.035224 0.957497 0.002686
3 3 0.000001 0.000034 0.002454 0.997459 0.000053
3 3 0.000007 0.000059 0.003876 0.996043 0.000014
3 3 0.000000 0.000031 0.018705 0.981243 0.000020
3 3 0.000002 0.000066 0.004894 0.994915 0.000123
3 3 0.000008 0.000139 0.007023 0.992707 0.000123
3 3 0.000046 0.000225 0.010547 0.989120 0.000062
3 3 0.000037 0.000884 0.028490 0.966655 0.003935
3 3 0.000005 0.000128 0.006417 0.993360 0.000090
3 3 0.000000 0.000006 0.001744 0.998247 0.000002
3 3 0.000034 0.000865 0.048411 0.950457 0.000232
3 3 0.000008 0.000032 0.008322 0.991632 0.000006
3 3 0.000001 0.000016 0.007763 0.992199 0.000022
3 3 0.000127 0.000636 0.022833 0.976095 0.000309
3 3 0.000133 0.002525 0.012148 0.983105 0.002088
3 3 0.000085 0.000472 0.028939 0.970145 0.000360
3 3 0.000040 0.001412 0.172883 0.825203 0.000462
3 3 0.000001 0.000046 0.001270 0.998650 0.000033
3 3 0.000005 0.000114 0.007427 0.992281 0.000174
3 3 0.000090 0.001155 0.008811 0.989415 0.000528
3 3 0.000022 0.000269 0.006927 0.992652 0.000129
3 3 0.000007 0.000054 0.002686 0.997245 0.000009
3 3 0.000003 0.000184 0.044561 0.955161 0.000091
3 3 0.000002 0.000069 0.022841 0.976977 0.000111
3 3 0.000002 0.000039 0.002598 0.997336 0.000025
3 3 0.000028 0.000212 0.017251 0.982418 0.000090
3 3 0.000005 0.000213 0.002241 0.997392 0.000149
3 3 0.000005 0.000057 0.005520 0.994387 0.000031
3 3 0.000006 0.000035 0.005146 0.994804 0.000008
3 3 0.000022 0.000202 0.010402 0.989260 0.000114
3 3 0.000840 0.001265 0.036084 0.961606 0.000205
3 3 0.000027 0.000139 0.004653 0.995162 0.000019
3 3 0.000120 0.000675 0.003717 0.995433 0.000055
3 3 0.000005 0.000321 0.005520 0.993331 0.000822
3 3 0.000155 0.001478 0.005769 0.992311 0.000287
3 3 0.000019 0.000063 0.004685 0.995226 0.000006
3 3 0.000372 0.000969 0.013619 0.984926 0.000113
3 3 0.000019 0.000278 0.011452 0.987967 0.000284
3 3 0.000002 0.000059 0.011894 0.987864 0.000180
3 3 0.000006 0.000097 0.002935 0.996928 0.000034
3 3 0.000138 0.002039 0.030911 0.963319 0.003593
3 3 0.000033 0.000563 0.014916 0.983989 0.000499
3 3 0.000014 0.000108 0.012517 0.987286 0.000076
3 3 0.000006 0.000059 0.005467 0.994441 0.000028
3 3 0.000092 0.000348 0.016010 0.983452 0.000097
3 3 0.000011 0.000247 0.002666 0.996987 0.000088
3 3 0.000167 0.001146 0.006980 0.991509 0.000197
3 3 0.000001 0.000010 0.002586 0.997397 0.000006
3 3 0.000045 0.000848 0.003261 0.995615 0.000231
3 3 0.000227 0.002635 0.013080 0.982746 0.001311
3 3 0.000144 0.001779 0.005369 0.992295 0.000413
3 3 0.000015 0.000168 0.024572 0.975150 0.000095
3 3 0.000025 0.000125 0.010126 0.989684 0.000039
3 3 0.000013 0.000390 0.005550 0.993656 0.000391
3 3 0.000206 0.003931 0.020439 0.970349 0.005075
3 3 0.000073 0.000675 0.008789 0.990221 0.000242
3 3 0.000004 0.000047 0.004713 0.995212 0.000024
3 3 0.000000 0.000018 0.000935 0.999037 0.000010
3 3 0.000285 0.002210 0.011743 0.985121 0.000641
3 3 0.000003 0.000029 0.007538 0.992404 0.000026
3 3 0.000006 0.000181 0.005267 0.994339 0.000207
3 3 0.000002 0.000008 0.016082 0.983900 0.000008
3 3 0.000111 0.000440 0.008369 0.991018 0.000062
3 3 0.000022 0.000256 0.017472 0.981929 0.000321
3 3 0.000004 0.000059 0.005076 0.994817 0.000044
3 3 0.000000 0.000003 0.001351 0.998640 0.000006
3 3 0.000008 0.000102 0.004098 0.995755 0.000036
3 3 0.000000 0.000012 0.001826 0.998153 0.000008
3 3 0.000003 0.000014 0.001836 0.998147 0.000001
3 3 0.000000 0.000008 0.016062 0.983928 0.000002
3 3 0.000005 0.000069 0.005716 0.994166 0.000043
3 3 0.000095 0.000223 0.002988 0.996687 0.000007
3 3 0.001333 0.002391 0.005329 0.990894 0.000053
2 3 0.008947 0.087691 0.578213 0.300790 0.024359
3 3 0.002330 0.045569 0.359677 0.575325 0.017099
3 3 0.000043 0.000418 0.032590 0.966873 0.000075
3 3 0.000019 0.000130 0.021473 0.978237 0.000140
3 3 0.000213 0.002898 0.220655 0.771335 0.004898
3 3 0.000030 0.000457 0.077053 0.921489 0.000970
3 3 0.000021 0.001427 0.139295 0.857313 0.001944
3 1 0.000005 0.000343 0.118534 0.880594 0.000523
2 1 0.006179 0.195396 0.590918 0.023244 0.184264
2 1 0.001096 0.125649 0.513571 0.185529 0.174155
2 1 0.000003 0.001359 0.826527 0.171396 0.000714
2 1 0.000058 0.013532 0.720070 0.254717 0.011623
2 1 0.002435 0.248951 0.498792 0.002625 0.247197
4 1 0.007706 0.159912 0.291257 0.004648 0.536477
4 1 0.006292 0.191696 0.206442 0.119086 0.476484
4 1 0.003195 0.224852 0.202757 0.003531 0.565664
3 1 0.000719 0.075099 0.346303 0.483121 0.094758
3 1 0.001634 0.124347 0.251376 0.331701 0.290942
2 4 0.010667 0.157132 0.781965 0.008541 0.041694
2 4 0.002906 0.150109 0.502587 0.077320 0.267078
4 4 0.002159 0.145272 0.123215 0.023091 0.706264
4 4 0.015893 0.258390 0.242237 0.016955 0.466525
4 4 0.005724 0.034706 0.022641 0.015159 0.921771
4 4 0.004844 0.021345 0.011541 0.003694 0.958576
4 4 0.010980 0.155716 0.109082 0.003505 0.720717
4 4 0.018763 0.210601 0.308456 0.048580 0.413600
4 4 0.007561 0.100633 0.085496 0.036808 0.769503
4 4 0.002537 0.124055 0.145636 0.051434 0.676338
4 4 0.005225 0.218980 0.213989 0.040637 0.521169
4 4 0.002700 0.162564 0.254508 0.018740 0.561488
4 4 0.006361 0.201470 0.165551 0.009801 0.616817
4 4 0.002616 0.148363 0.120066 0.014199 0.714756
2 4 0.001271 0.148701 0.684034 0.006719 0.159275
2 4 0.000949 0.024892 0.655446 0.289646 0.029067
2 4 0.000708 0.023896 0.530315 0.414053 0.031029
2 4 0.002912 0.054715 0.572573 0.292322 0.077478
2 4 0.000280 0.025276 0.899484 0.061842 0.013118
2 4 0.000231 0.006070 0.642557 0.345564 0.005578
2 4 0.000034 0.002336 0.612657 0.383087 0.001885
2 4 0.000744 0.020544 0.706227 0.254499 0.017987
2 2 0.008509 0.099591 0.663326 0.018740 0.209835
4 2 0.008028 0.138985 0.145709 0.020329 0.686949
2 2 0.000018 0.004750 0.941203 0.052088 0.001940
2 2 0.000004 0.002767 0.878866 0.117065 0.001298
2 2 0.001893 0.037423 0.943444 0.013821 0.003419
2 2 0.008524 0.147623 0.811899 0.025229 0.006724
2 2 0.002255 0.053652 0.679967 0.127822 0.136304
2 2 0.000442 0.010637 0.788560 0.184173 0.016188
2 2 0.000940 0.079777 0.636426 0.096653 0.186204
2 2 0.000681 0.037820 0.791250 0.128256 0.041993
2 2 0.000314 0.020024 0.893545 0.073782 0.012335
2 2 0.000023 0.003074 0.944219 0.051401 0.001283
2 2 0.000181 0.019789 0.836156 0.112686 0.031189
2 2 0.000062 0.013789 0.862305 0.115353 0.008491
2 2 0.000096 0.017280 0.790376 0.172050 0.020198
2 2 0.000094 0.005026 0.802840 0.188604 0.003436
2 3 0.000012 0.000310 0.599103 0.400316 0.000258
2 3 0.000051 0.003582 0.570870 0.422249 0.003248
2 3 0.000071 0.001956 0.721779 0.274667 0.001527
2 3 0.000044 0.001246 0.817061 0.180912 0.000738
3 3 0.000058 0.000784 0.175536 0.822332 0.001290
2 3 0.000049 0.000827 0.592690 0.405679 0.000755
3 3 0.000472 0.010898 0.101610 0.883101 0.003919
3 3 0.001721 0.005489 0.076324 0.916293 0.000174
3 3 0.000069 0.003757 0.285389 0.705810 0.004975
2 3 0.000737 0.014173 0.817358 0.157225 0.010507
2 3 0.019159 0.052466 0.496920 0.364079 0.067376
3 3 0.000046 0.007705 0.313612 0.673766 0.004872
2 3 0.001865 0.345665 0.624049 0.003336 0.025086
2 3 0.000793 0.081651 0.598364 0.246359 0.072833
2 3 0.000224 0.002817 0.666941 0.326353 0.003666
2 3 0.000073 0.003928 0.769385 0.223805 0.002809
2 3 0.000420 0.018890 0.661660 0.302087 0.016943
2 3 0.000067 0.008534 0.770044 0.215461 0.005895
2 3 0.000229 0.008857 0.924061 0.063592 0.003262
2 3 0.000021 0.004916 0.799301 0.192746 0.003015
2 3 0.000054 0.011314 0.734468 0.246126 0.008038
2 3 0.001866 0.010910 0.608020 0.367190 0.012014
2 3 0.000011 0.004876 0.824477 0.167921 0.002715
2 3 0.000044 0.001141 0.633044 0.364794 0.000977
3 3 0.000164 0.007211 0.486855 0.498034 0.007736
3 3 0.000094 0.002284 0.327844 0.666827 0.002952
3 3 0.000058 0.000666 0.325072 0.673645 0.000559
3 3 0.000076 0.000291 0.082216 0.917287 0.000130
2 3 0.000255 0.013243 0.537414 0.436327 0.012760
3 3 0.000086 0.003991 0.472327 0.522438 0.001159
2 3 0.000018 0.002987 0.650804 0.343906 0.002284
3 3 0.000143 0.001829 0.188415 0.806534 0.003079
3 3 0.000026 0.000608 0.161744 0.837479 0.000142
3 3 0.000008 0.000228 0.137189 0.862318 0.000256
3 3 0.000088 0.003147 0.222296 0.772916 0.001553
3 3 0.000097 0.001374 0.153439 0.844551 0.000539
3 3 0.000033 0.003827 0.277358 0.716356 0.002426
3 3 0.000421 0.024087 0.341490 0.604575 0.029426
3 3 0.000929 0.002554 0.374113 0.622239 0.000165
3 3 0.000021 0.000858 0.224118 0.774935 0.000068
3 3 0.000040 0.000758 0.185829 0.812906 0.000467
3 3 0.000037 0.000322 0.421058 0.578485 0.000098
3 3 0.000317 0.001571 0.157409 0.840406 0.000296
3 3 0.000008 0.000059 0.053217 0.946710 0.000005
3 3 0.000185 0.001962 0.213281 0.784069 0.000503
3 3 0.000077 0.001631 0.387579 0.610668 0.000045
3 3 0.000055 0.002770 0.081767 0.914506 0.000902
3 3 0.000708 0.010765 0.154577 0.825305 0.008644
3 3 0.078230 0.077743 0.285335 0.523735 0.034957
0 3 0.787747 0.123047 0.032214 0.048581 0.008411
3 3 0.000994 0.012347 0.120391 0.857228 0.009039
3 3 0.000726 0.017738 0.276950 0.699535 0.005051
2 3 0.000265 0.009384 0.697681 0.285375 0.007295
2 3 0.000751 0.043296 0.717777 0.197790 0.040386
3 3 0.000375 0.026511 0.367318 0.591647 0.014149
3 3 0.000183 0.002606 0.311895 0.684727 0.000589
2 3 0.034204 0.040531 0.881136 0.039229 0.004901
2 3 0.000351 0.022431 0.849464 0.124772 0.002983
3 3 0.001308 0.089421 0.299585 0.486237 0.123449
2 3 0.000885 0.035613 0.494049 0.461282 0.008171
3 3 0.000038 0.000761 0.161790 0.836654 0.000757
3 3 0.000034 0.000474 0.174753 0.824366 0.000373
3 3 0.000063 0.004172 0.236501 0.754592 0.004672
3 3 0.000074 0.004269 0.254650 0.739719 0.001288
2 3 0.017202 0.112465 0.416051 0.167021 0.287261
2 3 0.000225 0.011192 0.679263 0.302305 0.007014
2 3 0.000129 0.000600 0.552286 0.446899 0.000086
2 3 0.000400 0.003421 0.570633 0.423828 0.001718
2 3 0.001559 0.028696 0.795668 0.162637 0.011439
2 3 0.000542 0.006073 0.767704 0.224654 0.001027
2 3 0.001260 0.135416 0.627793 0.070596 0.164936
2 3 0.001441 0.036757 0.887178 0.064951 0.009674
1 3 0.019349 0.369475 0.303673 0.013962 0.293541
2 3 0.007968 0.207532 0.350735 0.173389 0.260376
3 3 0.001319 0.042254 0.350764 0.541773 0.063889
3 3 0.000340 0.008545 0.447910 0.529768 0.013436
2 3 0.000044 0.003305 0.708655 0.285845 0.002152
3 3 0.000268 0.010833 0.474560 0.500167 0.014172
3 3 0.000030 0.001479 0.414914 0.581995 0.001583
3 3 0.000147 0.012929 0.282383 0.686946 0.017595
2 3 0.000008 0.001312 0.617140 0.380539 0.001002
3 3 0.000010 0.000426 0.369415 0.629692 0.000457
2 3 0.000144 0.006011 0.674188 0.314536 0.005120
2 3 0.000097 0.006296 0.805888 0.186565 0.001154
3 3 0.000005 0.000944 0.344133 0.653950 0.000968
3 3 0.000117 0.004723 0.482048 0.512550 0.000562
2 3 0.000047 0.005834 0.512771 0.471108 0.010240
2 3 0.000127 0.006702 0.769552 0.221097 0.002521
3 3 0.000004 0.000030 0.030779 0.969161 0.000026
3 3 0.000039 0.001009 0.325297 0.673430 0.000225
3 3 0.000060 0.002012 0.155463 0.841305 0.001160
3 3 0.001270 0.054046 0.314226 0.553725 0.076733
2 3 0.000021 0.000514 0.660495 0.338561 0.000409
2 3 0.000024 0.000439 0.855979 0.143299 0.000260
2 3 0.000199 0.018268 0.914293 0.063140 0.004100
2 3 0.000169 0.002934 0.765916 0.230323 0.000659
3 3 0.000022 0.001413 0.379466 0.618159 0.000940
3 3 0.000096 0.002989 0.263816 0.729488 0.003611
3 3 0.000113 0.002681 0.275358 0.721323 0.000524
3 3 0.000007 0.000086 0.043461 0.956422 0.000024
2 3 0.000268 0.010342 0.504967 0.484066 0.000358
3 3 0.000048 0.000777 0.249388 0.749600 0.000186
3 3 0.000022 0.000103 0.027729 0.972098 0.000048
3 3 0.000322 0.003587 0.063464 0.931359 0.001268
3 3 0.000002 0.000120 0.089227 0.910594 0.000058
3 3 0.000001 0.000020 0.007065 0.992898 0.000016
3 3 0.000049 0.001285 0.495353 0.502643 0.000669
3 3 0.000111 0.001003 0.233092 0.765767 0.000027
3 3 0.000328 0.005455 0.276545 0.715582 0.002090
2 3 0.000540 0.009613 0.627437 0.358841 0.003569
3 3 0.000095 0.008995 0.050296 0.936180 0.004433
2 3 0.007809 0.182788 0.498891 0.260998 0.049513
2 3 0.004921 0.096486 0.707713 0.169224 0.021656
2 3 0.036784 0.165467 0.502039 0.279135 0.016575
2 3 0.011554 0.189813 0.768191 0.004112 0.026329
1 3 0.045991 0.449021 0.378551 0.022369 0.104069
4 3 0.006247 0.157515 0.209217 0.159974 0.467048
1 3 0.023417 0.360537 0.341290 0.039857 0.234899
2 3 0.003083 0.121790 0.721622 0.137009 0.016496
2 0 0.050158 0.135501 0.527320 0.266094 0.020927
2 0 0.193950 0.288392 0.401202 0.099736 0.016720
1 0 0.077465 0.573963 0.320534 0.006001 0.022036
0 0 0.708005 0.164645 0.045715 0.000365 0.081271
0 0 0.829860 0.085186 0.026608 0.002223 0.056123
0 0 0.581232 0.072471 0.018317 0.000473 0.327507
0 0 0.828077 0.027252 0.004847 0.000022 0.139802
4 0 0.413784 0.090081 0.032124 0.001153 0.462859
4 1 0.139657 0.167775 0.146289 0.002537 0.543741
4 1 0.001683 0.180858 0.367717 0.054040 0.395703
4 4 0.010598 0.135122 0.184868 0.008370 0.661043
4 4 0.013689 0.118933 0.092510 0.017681 0.757188
4 4 0.002510 0.193930 0.213608 0.124004 0.465948
4 4 0.008762 0.253332 0.201837 0.004085 0.531985
4 4 0.003592 0.251651 0.226456 0.012273 0.506029
4 4 0.022825 0.169186 0.114874 0.000929 0.692186
4 4 0.122555 0.152236 0.084995 0.000342 0.639872
4 4 0.004005 0.039780 0.020113 0.000759 0.935342
4 4 0.009459 0.250716 0.142895 0.000134 0.596796
4 4 0.040698 0.145908 0.107539 0.007658 0.698197
4 4 0.007086 0.102933 0.181749 0.314972 0.393259
4 4 0.059530 0.155871 0.102264 0.003478 0.678857
4 4 0.044203 0.057388 0.024663 0.000103 0.873644
4 4 0.013727 0.080525 0.068846 0.080492 0.756410
4 4 0.006548 0.039771 0.027023 0.019811 0.906848
3 4 0.003008 0.092737 0.155124 0.487731 0.261401
4 4 0.025678 0.091302 0.413070 0.026058 0.443891
4 4 0.002550 0.084689 0.073033 0.047637 0.792092
4 4 0.005281 0.098535 0.231322 0.211217 0.453645
4 4 0.020662 0.202267 0.123487 0.000506 0.653078
4 4 0.020863 0.274956 0.343238 0.010971 0.349972
4 4 0.002113 0.017213 0.009636 0.006251 0.964787
4 4 0.005199 0.032304 0.020717 0.013703 0.928077
4 4 0.010061 0.103355 0.108840 0.005051 0.772693
4 4 0.003883 0.185930 0.146099 0.003026 0.661062
4 4 0.017121 0.063880 0.044961 0.024188 0.849850
4 4 0.016370 0.064830 0.041874 0.006628 0.870297
4 4 0.009250 0.040014 0.025816 0.011931 0.912989
4 4 0.016004 0.062660 0.043882 0.016384 0.861070
4 4 0.003953 0.036330 0.025576 0.029978 0.904164
4 4 0.011617 0.043297 0.027943 0.011091 0.906052
4 4 0.005880 0.121934 0.103320 0.035887 0.732978
4 4 0.016112 0.226821 0.205688 0.022950 0.528429
4 4 0.007333 0.105362 0.080963 0.017674 0.788668
4 4 0.008537 0.299133 0.339399 0.004978 0.347953
4 4 0.014095 0.147911 0.103779 0.004061 0.730154
4 4 0.010485 0.100348 0.076627 0.018786 0.793754
4 4 0.035596 0.183034 0.119660 0.001894 0.659815
4 4 0.185369 0.271621 0.183709 0.001247 0.358054
1 4 0.018856 0.457511 0.291101 0.002790 0.229742
1 4 0.049733 0.490895 0.275556 0.000580 0.183236
4 4 0.014388 0.122125 0.102239 0.035450 0.725797
4 4 0.004289 0.150257 0.150893 0.091070 0.603491
2 4 0.004859 0.118975 0.458165 0.067959 0.350042
2 4 0.007920 0.099370 0.414212 0.138171 0.340326
3 4 0.001560 0.113603 0.326374 0.336670 0.221793
2 4 0.001136 0.070792 0.753532 0.041914 0.132626
4 4 0.004617 0.250867 0.272757 0.065185 0.406574
4 4 0.014748 0.295545 0.251029 0.004867 0.433811
4 4 0.004635 0.311500 0.280171 0.005947 0.397748
2 4 0.010753 0.261062 0.308445 0.172861 0.246878
2 4 0.017017 0.173938 0.480269 0.026049 0.302727
2 4 0.019063 0.154088 0.611217 0.076039 0.139594
4 4 0.018356 0.172831 0.205535 0.024602 0.578676
4 4 0.032090 0.322808 0.217247 0.003387 0.424468
4 4 0.024766 0.298321 0.200158 0.002144 0.474610
2 4 0.052932 0.299104 0.395024 0.066733 0.186208
1 4 0.052791 0.474362 0.275184 0.001172 0.196490
1 4 0.071873 0.401077 0.225944 0.001624 0.299481
4 1 0.002331 0.098722 0.246591 0.111010 0.541346
2 1 0.000698 0.073118 0.609388 0.231582 0.085213
2 1 0.000158 0.007423 0.535427 0.449499 0.007494
3 1 0.000178 0.043565 0.361424 0.543944 0.050888
4 1 0.022648 0.173660 0.241528 0.027177 0.534987
2 1 0.009052 0.105627 0.346117 0.202505 0.336699
4 1 0.003785 0.270453 0.199769 0.001394 0.524598
4 0 0.007237 0.218677 0.182975 0.009768 0.581344
0 0 0.616108 0.121875 0.053773 0.003518 0.204725
0 0 0.516509 0.210895 0.102592 0.005208 0.164796
1 0 0.161950 0.392405 0.228287 0.003800 0.213557
4 1 0.002391 0.181339 0.157202 0.018569 0.640499
4 1 0.065620 0.071124 0.041012 0.001878 0.820366
4 1 0.016399 0.168228 0.151619 0.040159 0.623595
4 1 0.007926 0.033990 0.039450 0.020162 0.898473
4 1 0.035019 0.279140 0.171953 0.003681 0.510207
4 1 0.011074 0.066719 0.042613 0.005364 0.874230
2 1 0.001247 0.092368 0.499884 0.095638 0.310863
4 1 0.005019 0.162186 0.250518 0.077577 0.504701
4 1 0.008441 0.161858 0.134989 0.019062 0.675650
4 1 0.011657 0.215839 0.125660 0.001006 0.645838
1 1 0.109033 0.394890 0.322161 0.064107 0.109809
1 1 0.057983 0.487577 0.322722 0.007324 0.124394
1 1 0.068333 0.444411 0.311236 0.048416 0.127603
4 1 0.003912 0.314754 0.257372 0.002264 0.421698
4 1 0.008254 0.229120 0.169535 0.002520 0.590571
1 0 0.120423 0.592370 0.228888 0.000360 0.057959
1 0 0.162420 0.440369 0.217989 0.001087 0.178135
0 0 0.724962 0.202430 0.043063 0.000162 0.029384
1 0 0.380067 0.454649 0.128168 0.000397 0.036719
0 0 0.776537 0.159528 0.047703 0.005031 0.011201
0 0 0.712670 0.225332 0.051760 0.005379 0.004859
0 0 0.930453 0.048533 0.011826 0.001734 0.007455
0 0 0.557694 0.227619 0.097811 0.004347 0.112529
4 0 0.007968 0.114732 0.075479 0.004038 0.797783
4 0 0.015617 0.263775 0.169077 0.003274 0.548257
4 0 0.412207 0.084018 0.032648 0.000801 0.470327
4 0 0.142587 0.107777 0.066361 0.001789 0.681486
2 0 0.135278 0.303542 0.500387 0.049288 0.011505
2 0 0.023813 0.358978 0.592347 0.001213 0.023649
4 1 0.012283 0.237252 0.187014 0.004599 0.558852
4 1 0.008946 0.320014 0.231587 0.000718 0.438735
1 1 0.091577 0.553657 0.262757 0.000126 0.091883
1 1 0.077196 0.605778 0.247505 0.000224 0.069295
1 1 0.019760 0.481002 0.322792 0.002409 0.174038
1 1 0.102219 0.534301 0.205695 0.000096 0.157689
4 1 0.108610 0.268016 0.198288 0.010660 0.414426
4 1 0.077330 0.144360 0.088676 0.006375 0.683261
4 0 0.051827 0.288297 0.277940 0.010534 0.371403
0 0 0.556145 0.200957 0.063784 0.000505 0.178609
4 0 0.232510 0.286792 0.132841 0.002203 0.345655
1 0 0.206381 0.389981 0.145087 0.001555 0.256996
4 0 0.014199 0.295461 0.221677 0.004976 0.463687
4 0 0.011396 0.203160 0.108133 0.000146 0.677165
0 0 0.582994 0.154689 0.114562 0.028436 0.119320
0 0 0.453500 0.138009 0.313990 0.004400 0.090100
0 0 0.404609 0.202633 0.086983 0.029703 0.276072
0 0 0.683990 0.096813 0.029676 0.001577 0.187946
0 0 0.394171 0.265013 0.176404 0.103003 0.061409
1 0 0.321223 0.433103 0.130460 0.000760 0.114454
0 0 0.605970 0.129594 0.046196 0.001745 0.216495
1 0 0.357664 0.415808 0.125227 0.001128 0.100174
4 0 0.310686 0.174840 0.065565 0.018531 0.430378
4 0 0.219479 0.062223 0.031302 0.000562 0.686434
1 0 0.318189 0.369713 0.190881 0.006881 0.114335
0 0 0.458469 0.293130 0.114912 0.001472 0.132017
0 0 0.909364 0.063913 0.014018 0.004201 0.008504
0 0 0.686504 0.127669 0.088442 0.088153 0.009232
0 0 0.984041 0.011276 0.001413 0.000025 0.003245
0 0 0.853610 0.117520 0.023226 0.000621 0.005023
0 0 0.577657 0.257221 0.087199 0.051287 0.026635
2 0 0.044307 0.123374 0.509609 0.305001 0.017709
4 0 0.261789 0.194701 0.085757 0.034315 0.423437
3 0 0.171436 0.080782 0.106539 0.636412 0.004831
1 0 0.357218 0.454926 0.145356 0.002513 0.039987
0 0 0.947866 0.037162 0.007985 0.000818 0.006168
0 0 0.942836 0.040841 0.009160 0.001159 0.006003
0 0 0.953781 0.033182 0.006605 0.000481 0.005951
0 0 0.479390 0.389493 0.105321 0.001185 0.024610
0 0 0.402000 0.341847 0.153483 0.004302 0.098368
0 0 0.842622 0.119998 0.028067 0.001287 0.008026
0 0 0.688802 0.171200 0.091730 0.000645 0.047623
2 0 0.084502 0.229821 0.496394 0.137124 0.052159
0 0 0.322845 0.177908 0.270218 0.049186 0.179843
0 0 0.982674 0.013464 0.001813 0.000072 0.001977
0 0 0.992186 0.006445 0.000621 0.000015 0.000732
0 0 0.644253 0.153663 0.049470 0.144741 0.007873
0 0 0.557970 0.184727 0.061387 0.020873 0.175044
0 0 0.351846 0.226071 0.134917 0.018102 0.269064
2 0 0.043996 0.261617 0.390422 0.001118 0.302848
4 0 0.079912 0.249315 0.160609 0.004312 0.505852
4 1 0.006850 0.249763 0.203764 0.005233 0.534390
4 1 0.002685 0.203543 0.263652 0.009381 0.520740
4 1 0.009561 0.090397 0.204124 0.030762 0.665158
4 1 0.010174 0.041529 0.020592 0.000662 0.927044
4 1 0.061508 0.078981 0.038172 0.000235 0.821102
4 4 0.055745 0.055406 0.029340 0.002527 0.856982
4 4 0.063619 0.083602 0.056904 0.008706 0.787168
4 4 0.010290 0.056292 0.041887 0.033646 0.857885
4 4 0.024095 0.086970 0.070030 0.043633 0.775272
4 4 0.024480 0.017149 0.006629 0.000154 0.951587
4 4 0.007306 0.020821 0.010465 0.001826 0.959583
4 4 0.006384 0.041719 0.021316 0.000855 0.929726
4 4 0.005101 0.238626 0.193092 0.005275 0.557905
4 4 0.070227 0.077960 0.043331 0.006019 0.802463
4 4 0.014930 0.027892 0.014279 0.001681 0.941218
4 4 0.005339 0.009735 0.003716 0.000225 0.980986
4 4 0.022697 0.032295 0.013029 0.001547 0.930432
4 4 0.006649 0.104784 0.070330 0.004229 0.814007
4 4 0.007984 0.074075 0.046868 0.003971 0.867103
4 4 0.005954 0.070692 0.041903 0.002017 0.879433
4 4 0.013327 0.095982 0.058894 0.002043 0.829754
4 4 0.393064 0.078849 0.023258 0.000760 0.504070
4 4 0.030452 0.051244 0.030857 0.004655 0.882793
4 4 0.003262 0.017228 0.009025 0.003245 0.967239
4 4 0.004059 0.097001 0.070800 0.010885 0.817255
4 4 0.003777 0.086746 0.066820 0.022477 0.820180
4 4 0.009815 0.030641 0.017404 0.004356 0.937784
4 4 0.009924 0.036683 0.022517 0.007942 0.922933
4 4 0.019267 0.052215 0.030960 0.003661 0.893897
4 4 0.012993 0.074568 0.050825 0.009303 0.852311
4 4 0.031190 0.060668 0.034901 0.002237 0.871004
4 4 0.012810 0.044586 0.028722 0.010584 0.903297
4 4 0.011838 0.039967 0.024809 0.008171 0.915215
4 4 0.009437 0.037734 0.023639 0.009449 0.919741
4 4 0.008420 0.121495 0.088946 0.008538 0.772601
4 4 0.016145 0.037310 0.021432 0.004038 0.921076
4 4 0.021953 0.081512 0.064420 0.039668 0.792447
2 4 0.012141 0.142921 0.524686 0.020809 0.299443
4 4 0.008740 0.169888 0.312936 0.028972 0.479464
4 4 0.003855 0.130539 0.271064 0.171577 0.422965
4 4 0.004895 0.156519 0.158325 0.030612 0.649648
2 4 0.005625 0.203968 0.463100 0.042681 0.284627
2 4 0.005116 0.128047 0.609956 0.032305 0.224575
4 4 0.003022 0.151864 0.108415 0.003750 0.732949
4 2 0.001970 0.284147 0.264431 0.010362 0.439091
4 2 0.003327 0.149235 0.250513 0.005047 0.591877
4 2 0.006967 0.218341 0.148513 0.001160 0.625019
2 2 0.011469 0.328920 0.371621 0.031739 0.256251
4 2 0.007232 0.295912 0.259890 0.002803 0.434163
4 2 0.009613 0.185493 0.137749 0.004419 0.662725
4 2 0.007634 0.165320 0.107875 0.001397 0.717774
4 2 0.006432 0.052263 0.037886 0.026834 0.876585
4 2 0.009620 0.051355 0.036961 0.026920 0.875145
4 2 0.313515 0.125733 0.078485 0.004836 0.477432
4 2 0.072662 0.159704 0.268983 0.010086 0.488566
4 2 0.107058 0.236277 0.127161 0.001942 0.527562
4 2 0.041695 0.064983 0.041670 0.006667 0.844985
4 2 0.104155 0.157570 0.090087 0.057503 0.590686
0 2 0.942792 0.020087 0.024630 0.000726 0.011765
2 2 0.005157 0.087389 0.445856 0.347363 0.114235
2 2 0.002799 0.162000 0.444196 0.011153 0.379851
2 2 0.001284 0.097977 0.557771 0.139887 0.203081
2 2 0.000815 0.067339 0.490025 0.282658 0.159164
4 2 0.000497 0.237061 0.246058 0.040683 0.475700
2 2 0.000728 0.104326 0.598866 0.208162 0.087917
2 2 0.001737 0.130539 0.452963 0.062772 0.351990
3 2 0.000200 0.011636 0.304302 0.663107 0.020755
2 2 0.001514 0.138481 0.505719 0.169055 0.185232
2 2 0.001564 0.068981 0.674844 0.148194 0.106416
2 2 0.002503 0.105630 0.457159 0.229891 0.204816
3 2 0.005590 0.117557 0.258640 0.378548 0.239665
2 2 0.000739 0.074300 0.644463 0.145966 0.134532
2 3 0.001605 0.057700 0.559795 0.285294 0.095605
2 3 0.000052 0.013480 0.495238 0.473839 0.017391
2 3 0.000053 0.013146 0.541407 0.433500 0.011894
2 3 0.003485 0.153924 0.441055 0.021748 0.379788
2 3 0.003524 0.110326 0.613673 0.099462 0.173014
2 3 0.003227 0.061167 0.839365 0.041606 0.054634
2 3 0.000705 0.077399 0.836467 0.042519 0.042909
2 3 0.000249 0.016986 0.924280 0.049971 0.008514
2 3 0.000598 0.042996 0.609678 0.306632 0.040096
2 3 0.000506 0.061852 0.673267 0.211287 0.053088
3 3 0.000449 0.024279 0.372482 0.563588 0.039203
2 3 0.003825 0.104962 0.442378 0.261883 0.186952
2 3 0.002493 0.067640 0.689017 0.164841 0.076009
2 3 0.000493 0.008254 0.627420 0.355726 0.008107
2 3 0.000178 0.012695 0.501402 0.472502 0.013223
2 3 0.000016 0.005729 0.671689 0.318415 0.004150
2 3 0.000020 0.003005 0.935368 0.060307 0.001300
3 3 0.000014 0.003091 0.445231 0.548708 0.002957
3 3 0.000022 0.001028 0.111518 0.885590 0.001842
3 3 0.000178 0.010387 0.176595 0.795440 0.017400
3 3 0.000436 0.016720 0.454858 0.508480 0.019506
2 3 0.000040 0.004929 0.831652 0.160390 0.002990
3 3 0.000209 0.001574 0.428714 0.567586 0.001918
3 3 0.000015 0.001627 0.251748 0.744551 0.002059
3 3 0.000286 0.011614 0.094887 0.868105 0.025109
3 3 0.000432 0.010402 0.265173 0.708104 0.015889
3 3 0.000008 0.000624 0.391141 0.607783 0.000444
3 3 0.000060 0.001363 0.069031 0.926461 0.003086
3 3 0.000095 0.002523 0.055817 0.935300 0.006265
3 3 0.000029 0.001352 0.123619 0.872629 0.002370
3 3 0.000062 0.001647 0.078506 0.916221 0.003564
3 3 0.000002 0.000918 0.035525 0.962750 0.000805
3 3 0.000027 0.004212 0.100619 0.887468 0.007674
3 3 0.000064 0.002118 0.064945 0.932357 0.000515
3 3 0.000091 0.002254 0.186569 0.807501 0.003585
3 3 0.000028 0.000640 0.137988 0.860252 0.001092
3 3 0.000020 0.001139 0.128651 0.868612 0.001578
3 3 0.000206 0.004256 0.095754 0.890289 0.009495
3 3 0.000347 0.027796 0.082244 0.827782 0.061831
3 3 0.000012 0.000864 0.042386 0.955063 0.001675
3 3 0.000024 0.002280 0.175691 0.817416 0.004590
3 3 0.000037 0.000402 0.009857 0.989483 0.000221
3 3 0.000004 0.000079 0.010671 0.989086 0.000161
3 3 0.000110 0.002879 0.093176 0.897777 0.006058
3 3 0.000008 0.000442 0.062549 0.936758 0.000242
3 3 0.000001 0.000055 0.007178 0.992566 0.000201
3 3 0.000003 0.000055 0.020208 0.979694 0.000040
3 3 0.000001 0.000055 0.013476 0.986424 0.000043
3 3 0.000005 0.000386 0.006167 0.992236 0.001205
3 3 0.000008 0.000550 0.031145 0.967303 0.000995
3 3 0.000005 0.000215 0.006409 0.992926 0.000445
3 3 0.000069 0.001088 0.035858 0.960121 0.002864
3 3 0.000020 0.000465 0.006444 0.992705 0.000365
3 3 0.000024 0.001094 0.194728 0.802550 0.001605
3 3 0.000001 0.000035 0.035597 0.964317 0.000051
3 3 0.000291 0.007551 0.358548 0.632275 0.001335
3 3 0.000117 0.002870 0.187349 0.808800 0.000863
3 3 0.000015 0.001408 0.019691 0.973143 0.005744
3 3 0.000009 0.000309 0.008255 0.990874 0.000553
3 3 0.000006 0.000081 0.030686 0.969012 0.000215
3 3 0.000087 0.000783 0.008994 0.989868 0.000269
3 3 0.000026 0.001937 0.082016 0.912168 0.003852
3 3 0.000458 0.007004 0.039737 0.949966 0.002835
3 3 0.000037 0.000623 0.032341 0.966662 0.000338
3 3 0.000106 0.000698 0.019968 0.978832 0.000397
3 3 0.000026 0.001434 0.006046 0.990218 0.002275
3 3 0.000049 0.002224 0.017027 0.973209 0.007491
3 3 0.000093 0.001108 0.070934 0.927295 0.000570
3 3 0.000104 0.001180 0.100074 0.897993 0.000649
3 3 0.000005 0.000600 0.031169 0.966768 0.001458
3 3 0.000005 0.000212 0.008815 0.990397 0.000571
3 3 0.000015 0.000466 0.093801 0.905399 0.000319
3 3 0.000001 0.000017 0.011021 0.988922 0.000039
3 3 0.000047 0.000783 0.016967 0.981120 0.001084
3 3 0.000017 0.000472 0.017686 0.981661 0.000163
3 3 0.000269 0.002629 0.009533 0.986804 0.000765
3 3 0.000109 0.000759 0.004211 0.994856 0.000065
3 3 0.000001 0.000021 0.009882 0.990044 0.000052
3 3 0.000056 0.000925 0.024407 0.972853 0.001759
3 3 0.000075 0.002314 0.144019 0.852442 0.001150
3 3 0.000067 0.001052 0.015915 0.981795 0.001171
3 3 0.000020 0.000375 0.007875 0.991418 0.000311
3 3 0.000035 0.000349 0.007588 0.991891 0.000138
3 3 0.000005 0.000126 0.006341 0.993367 0.000160
3 3 0.000060 0.001023 0.009341 0.988857 0.000719
3 3 0.000014 0.000229 0.008110 0.991562 0.000086
3 3 0.000005 0.000038 0.004702 0.995243 0.000013
3 3 0.000007 0.000282 0.004238 0.995144 0.000329
3 3 0.000000 0.000048 0.002863 0.996903 0.000186
3 3 0.000044 0.000308 0.008976 0.990573 0.000099
3 3 0.000085 0.000246 0.018801 0.980823 0.000045
3 3 0.000088 0.000447 0.024073 0.975138 0.000254
3 3 0.000327 0.007895 0.090582 0.897355 0.003840
3 3 0.000077 0.002522 0.024006 0.965259 0.008135
3 3 0.000055 0.001004 0.015631 0.981996 0.001314
3 3 0.000133 0.000936 0.019201 0.979222 0.000508
3 3 0.000540 0.005636 0.045261 0.940892 0.007671
3 3 0.000005 0.000088 0.004401 0.995446 0.000060
3 3 0.000330 0.004512 0.009299 0.984205 0.001654
3 3 0.000137 0.003100 0.068309 0.926512 0.001942
3 3 0.000021 0.000752 0.009706 0.988111 0.001409
3 3 0.000029 0.001026 0.008960 0.988339 0.001647
3 3 0.000057 0.002689 0.015947 0.972768 0.008538
3 3 0.000016 0.000334 0.007888 0.991426 0.000336
3 3 0.000040 0.000417 0.004798 0.994641 0.000104
3 3 0.000532 0.016623 0.068107 0.892274 0.022463
3 3 0.000095 0.010505 0.165516 0.811930 0.011954
3 3 0.000012 0.000260 0.115283 0.883994 0.000451
3 3 0.000045 0.001521 0.186969 0.811114 0.000351
3 3 0.000001 0.000013 0.126398 0.873585 0.000004
2 3 0.000686 0.033468 0.509099 0.420231 0.036515
2 1 0.173802 0.307095 0.429779 0.018187 0.071137
2 1 0.011450 0.104316 0.781782 0.083994 0.018458
2 1 0.001118 0.035340 0.802709 0.133537 0.027295
2 1 0.000260 0.015567 0.640994 0.321462 0.021717
2 1 0.002019 0.155709 0.356141 0.300087 0.186044
4 1 0.003843 0.183966 0.229814 0.154828 0.427549
4 1 0.009712 0.220706 0.334810 0.020921 0.413851
4 1 0.015506 0.187095 0.206004 0.067290 0.524105
4 1 0.001670 0.120189 0.133234 0.111203 0.633704
4 1 0.004584 0.123832 0.144080 0.104638 0.622866
4 1 0.002945 0.155670 0.144019 0.048585 0.648782
4 1 0.012373 0.279885 0.237187 0.002693 0.467862
4 1 0.002311 0.088749 0.093759 0.274569 0.540612
4 1 0.002655 0.172418 0.180171 0.101303 0.543454
1 1 0.002384 0.392735 0.344661 0.001265 0.258955
2 1 0.000817 0.145890 0.408361 0.225632 0.219300
4 1 0.025335 0.133789 0.087699 0.002530 0.750647
4 1 0.026306 0.198554 0.291550 0.069336 0.414254
4 1 0.014600 0.123837 0.082470 0.003245 0.775848
4 1 0.043824 0.165497 0.125788 0.008202 0.656689
2 1 0.004273 0.237924 0.428949 0.055050 0.273803
2 1 0.003285 0.147366 0.339159 0.193734 0.316456
4 1 0.000601 0.149486 0.162306 0.153743 0.533863
3 1 0.001231 0.090611 0.210938 0.498769 0.198451
2 1 0.000452 0.176411 0.685723 0.015059 0.122355
3 1 0.000820 0.035258 0.232934 0.642298 0.088691
3 1 0.000398 0.050976 0.333585 0.543323 0.071717
2 1 0.000954 0.149035 0.440962 0.130157 0.278893
2 1 0.002013 0.086001 0.586581 0.130276 0.195129
2 1 0.000633 0.093730 0.780633 0.041979 0.083024
2 1 0.000472 0.050821 0.504223 0.367346 0.077138
3 1 0.000092 0.013938 0.222215 0.740555 0.023201
2 1 0.000165 0.077682 0.828358 0.049451 0.044343
2 1 0.002787 0.092296 0.531474 0.240085 0.133359
4 1 0.003878 0.321944 0.238545 0.000793 0.434838
2 1 0.023281 0.312006 0.356356 0.044308 0.264050
4 1 0.031698 0.249962 0.151430 0.012679 0.554231
1 0 0.038910 0.433622 0.262429 0.002685 0.262355
0 0 0.926906 0.037120 0.022830 0.001731 0.011413
0 0 0.985020 0.006994 0.003932 0.000034 0.004019
0 0 0.965377 0.026869 0.004919 0.000697 0.002138
0 0 0.801850 0.123199 0.024217 0.000056 0.050678
2 0 0.001586 0.286023 0.464351 0.042983 0.205057
4 1 0.001873 0.121843 0.233724 0.207689 0.434871
2 1 0.000671 0.061990 0.428445 0.365233 0.143661
2 1 0.002376 0.127367 0.441865 0.079134 0.349258
4 1 0.001203 0.102532 0.422182 0.031180 0.442902
4 1 0.006536 0.219798 0.379388 0.008860 0.385418
4 1 0.006544 0.193015 0.234102 0.127463 0.438876
4 1 0.001754 0.106984 0.286003 0.081051 0.524207
4 1 0.008700 0.039269 0.014806 0.000035 0.937191
4 4 0.015169 0.039119 0.020407 0.001317 0.923988
4 4 0.005336 0.069199 0.039456 0.001345 0.884664
4 4 0.014788 0.037422 0.021811 0.004656 0.921323
4 4 0.002548 0.011215 0.005082 0.001104 0.980051
4 4 0.016065 0.055127 0.074965 0.040147 0.813696
4 4 0.016221 0.063775 0.031411 0.000358 0.888235
0 4 0.702135 0.144652 0.049673 0.001268 0.102272
4 4 0.021924 0.331440 0.186892 0.004376 0.455367
4 4 0.012457 0.050202 0.033324 0.012331 0.891686
4 4 0.004338 0.088875 0.150780 0.086557 0.669450
4 4 0.000565 0.296775 0.241224 0.001998 0.459438
4 4 0.003191 0.156182 0.149989 0.067875 0.622764
2 4 0.006654 0.051417 0.381674 0.184618 0.375638
