0 0 0.678327 0.113557 0.186174 0.009205 0.012737
0 0 0.564816 0.145600 0.256737 0.016928 0.015919
0 0 0.628833 0.101757 0.249391 0.013642 0.006376
0 0 0.670965 0.118672 0.193164 0.005147 0.012052
0 0 0.621031 0.124664 0.236862 0.007081 0.010362
0 0 0.452539 0.145065 0.375456 0.018336 0.008605
0 0 0.498664 0.133980 0.352574 0.008114 0.006668
0 0 0.448633 0.160920 0.368498 0.011347 0.010602
0 0 0.466157 0.150486 0.350909 0.021567 0.010882
0 0 0.437829 0.185172 0.356093 0.006410 0.014496
2 1 0.269871 0.310208 0.381994 0.001215 0.036712
2 1 0.176197 0.254280 0.548654 0.004854 0.016014
2 2 0.119986 0.219247 0.636685 0.007548 0.016534
2 2 0.112159 0.138407 0.732732 0.003090 0.013611
2 2 0.067742 0.125348 0.781086 0.003707 0.022116
2 2 0.160529 0.183885 0.622397 0.008872 0.024317
2 2 0.092594 0.178061 0.718593 0.002160 0.008593
2 2 0.072971 0.191219 0.721932 0.002468 0.011410
2 2 0.042093 0.195813 0.750362 0.001998 0.009733
2 2 0.058270 0.118398 0.810296 0.007192 0.005844
2 2 0.113346 0.197012 0.631665 0.046434 0.011544
2 2 0.048784 0.116593 0.819420 0.009655 0.005548
2 2 0.044912 0.120797 0.810115 0.016824 0.007352
2 2 0.242960 0.177038 0.556798 0.009626 0.013577
0 1 0.543866 0.157122 0.277550 0.006997 0.014465
2 1 0.352065 0.134033 0.444116 0.062866 0.006921
2 1 0.357665 0.206274 0.381161 0.028553 0.026347
2 1 0.380450 0.174138 0.410897 0.022144 0.012371
0 0 0.878171 0.042082 0.077049 0.000342 0.002356
0 0 0.975592 0.011359 0.012573 0.000000 0.000475
0 1 0.990555 0.004454 0.004814 0.000000 0.000177
0 1 0.633514 0.094181 0.257702 0.009934 0.004669
0 0 0.492156 0.171169 0.290361 0.025049 0.021265
0 0 0.664857 0.077254 0.231593 0.022402 0.003894
0 0 0.599272 0.078144 0.295024 0.024815 0.002745
2 0 0.347815 0.215896 0.419593 0.002629 0.014066
2 1 0.230707 0.214315 0.523005 0.017976 0.013997
2 1 0.221626 0.247379 0.496251 0.013705 0.021039
2 1 0.154289 0.203440 0.616502 0.012860 0.012909
2 2 0.207324 0.204984 0.570282 0.003845 0.013564
2 2 0.054551 0.146932 0.789501 0.005192 0.003824
2 2 0.006557 0.035500 0.950592 0.006198 0.001153
2 2 0.000656 0.005460 0.990861 0.002913 0.000111
2 2 0.021055 0.072574 0.891366 0.012989 0.002016
2 2 0.000395 0.004014 0.993450 0.002049 0.000093
2 2 0.000342 0.001600 0.955814 0.042230 0.000014
2 2 0.000295 0.001604 0.970892 0.027198 0.000011
2 2 0.000415 0.001920 0.968136 0.029513 0.000016
2 2 0.000261 0.000858 0.937048 0.061828 0.000005
2 2 0.000100 0.000485 0.945446 0.053965 0.000003
2 2 0.000172 0.000931 0.945252 0.053636 0.000010
2 2 0.000141 0.001010 0.959271 0.039565 0.000012
2 2 0.000233 0.000985 0.872445 0.126317 0.000020
2 2 0.000151 0.000590 0.808035 0.191210 0.000014
2 3 0.001031 0.001175 0.647710 0.350069 0.000016
2 3 0.000258 0.001174 0.865171 0.133366 0.000031
2 3 0.000192 0.001014 0.634996 0.363665 0.000134
2 3 0.000557 0.002577 0.820020 0.176696 0.000149
2 3 0.000477 0.001583 0.733470 0.264392 0.000078
2 3 0.000634 0.002575 0.844683 0.152008 0.000101
2 3 0.000765 0.002108 0.777794 0.219265 0.000069
2 3 0.000191 0.001106 0.668833 0.329721 0.000148
2 3 0.000075 0.000671 0.832731 0.166476 0.000047
3 3 0.000200 0.000487 0.324055 0.675184 0.000074
3 3 0.000298 0.000495 0.235559 0.763568 0.000079
3 3 0.000332 0.001182 0.473957 0.524313 0.000217
3 3 0.000485 0.000415 0.139280 0.859761 0.000059
3 3 0.000552 0.001288 0.403496 0.594473 0.000192
3 3 0.000713 0.002073 0.480082 0.516762 0.000369
3 3 0.000197 0.000602 0.234680 0.764248 0.000273
3 3 0.000520 0.000692 0.246021 0.752678 0.000089
3 3 0.000647 0.000888 0.330787 0.667601 0.000077
3 3 0.000648 0.001230 0.268447 0.729366 0.000308
3 3 0.000510 0.001122 0.236985 0.760963 0.000420
3 3 0.000821 0.001457 0.293052 0.704367 0.000303
3 3 0.002154 0.000743 0.075456 0.921543 0.000104
3 3 0.001952 0.001784 0.197429 0.798508 0.000326
3 3 0.001019 0.000361 0.029412 0.969047 0.000162
3 3 0.000507 0.000422 0.066656 0.932217 0.000198
3 3 0.001548 0.001146 0.171045 0.826105 0.000157
3 3 0.000280 0.000291 0.089829 0.909505 0.000095
3 3 0.000879 0.001296 0.221726 0.775773 0.000325
3 3 0.000329 0.000279 0.063620 0.935657 0.000116
3 3 0.001405 0.001099 0.113990 0.883189 0.000318
3 3 0.000364 0.000309 0.072470 0.926748 0.000109
3 3 0.000266 0.000356 0.117163 0.882096 0.000119
3 3 0.000600 0.000381 0.071448 0.927469 0.000101
3 3 0.000273 0.000462 0.119714 0.879306 0.000246
3 3 0.000823 0.000854 0.108769 0.889198 0.000356
3 3 0.000966 0.001906 0.218464 0.777732 0.000931
3 3 0.000494 0.000228 0.067491 0.931756 0.000032
3 3 0.001139 0.001665 0.217998 0.778705 0.000494
3 3 0.000681 0.000702 0.129426 0.868993 0.000198
3 3 0.000217 0.000299 0.103410 0.895955 0.000119
3 3 0.000581 0.000401 0.086552 0.912375 0.000090
3 3 0.001766 0.002099 0.117054 0.877576 0.001505
3 3 0.000392 0.000252 0.044013 0.955226 0.000118
3 3 0.001030 0.001656 0.156300 0.840003 0.001011
3 3 0.000886 0.001746 0.197248 0.799128 0.000993
3 3 0.000598 0.000581 0.081035 0.917493 0.000294
2 3 0.054646 0.045353 0.458095 0.436442 0.005464
2 2 0.352331 0.095933 0.447432 0.096932 0.007371
0 1 0.418426 0.181476 0.355250 0.026802 0.018045
0 2 0.475495 0.149694 0.333073 0.029357 0.012382
0 2 0.619349 0.092815 0.237776 0.043301 0.006759
0 1 0.644832 0.107152 0.212489 0.024917 0.010610
0 1 0.584203 0.145712 0.235018 0.016671 0.018396
0 1 0.655655 0.139731 0.174997 0.006834 0.022783
0 1 0.657029 0.106910 0.215130 0.011922 0.009009
0 2 0.671736 0.103989 0.204136 0.011109 0.009031
2 2 0.209207 0.228108 0.545856 0.004775 0.012054
2 2 0.177396 0.215731 0.593622 0.004257 0.008995
2 2 0.176296 0.213749 0.595988 0.004364 0.009602
2 2 0.106421 0.228596 0.651778 0.001214 0.011991
2 2 0.091167 0.253801 0.641730 0.002205 0.011097
2 2 0.007964 0.099733 0.888666 0.000279 0.003358
2 2 0.046070 0.215505 0.727215 0.000634 0.010576
2 2 0.011889 0.062763 0.921674 0.000465 0.003210
2 2 0.048265 0.152610 0.790852 0.000834 0.007438
2 2 0.006997 0.083806 0.905301 0.001073 0.002823
2 2 0.002205 0.029098 0.967386 0.000460 0.000851
2 2 0.014128 0.110563 0.871085 0.000288 0.003935
2 2 0.111808 0.236468 0.633863 0.005398 0.012463
2 2 0.030709 0.074740 0.890275 0.001392 0.002885
2 2 0.028889 0.153879 0.808538 0.001476 0.007219
2 2 0.044366 0.117613 0.831326 0.000671 0.006024
2 2 0.064109 0.180392 0.748225 0.000214 0.007060
2 2 0.041723 0.176124 0.774248 0.001260 0.006644
2 2 0.006579 0.040401 0.950875 0.000311 0.001835
2 2 0.001727 0.047525 0.948862 0.000165 0.001721
2 2 0.001313 0.040539 0.955777 0.000759 0.001611
2 2 0.001929 0.034576 0.961482 0.000409 0.001604
2 2 0.005488 0.081055 0.908944 0.001131 0.003382
2 2 0.010368 0.063462 0.921999 0.001074 0.003097
2 2 0.001522 0.046807 0.948761 0.000722 0.002188
2 2 0.045538 0.207240 0.737101 0.000513 0.009608
2 2 0.005520 0.096618 0.891877 0.000139 0.005846
2 2 0.001582 0.043575 0.952300 0.000102 0.002441
2 2 0.003949 0.072747 0.918961 0.000777 0.003566
2 2 0.005015 0.073706 0.918136 0.000184 0.002958
2 2 0.001201 0.048343 0.947641 0.000599 0.002215
2 2 0.001083 0.042384 0.954293 0.000068 0.002172
2 2 0.001349 0.030273 0.965107 0.002325 0.000946
2 2 0.000458 0.018618 0.978293 0.001988 0.000642
2 2 0.000522 0.020991 0.977230 0.000507 0.000750
2 2 0.001019 0.012367 0.977237 0.009117 0.000259
2 2 0.000138 0.002690 0.981627 0.015460 0.000085
2 2 0.000058 0.003601 0.992724 0.003458 0.000159
2 2 0.000143 0.004125 0.982604 0.012888 0.000240
2 2 0.000383 0.004582 0.979970 0.014975 0.000090
2 2 0.000107 0.007490 0.989352 0.002624 0.000426
2 2 0.000078 0.003293 0.984421 0.011934 0.000274
2 2 0.001296 0.019936 0.961832 0.015646 0.001290
2 2 0.000397 0.006433 0.978042 0.014897 0.000231
2 2 0.000346 0.006635 0.991130 0.001679 0.000210
2 2 0.000134 0.001623 0.982482 0.015741 0.000020
2 2 0.000041 0.001051 0.979292 0.019578 0.000038
2 2 0.000088 0.001167 0.973253 0.025469 0.000023
2 2 0.000156 0.001036 0.926932 0.071855 0.000021
2 2 0.000718 0.003311 0.846808 0.148987 0.000176
2 2 0.006750 0.026752 0.894351 0.070738 0.001410
2 2 0.001472 0.009279 0.927129 0.061655 0.000466
2 2 0.001019 0.004972 0.866331 0.127390 0.000288
2 2 0.002250 0.007694 0.917985 0.071902 0.000170
2 2 0.000853 0.004127 0.808041 0.186628 0.000352
2 2 0.000565 0.003238 0.688528 0.306999 0.000670
2 2 0.002829 0.007054 0.767401 0.222326 0.000390
2 2 0.001382 0.004453 0.716121 0.277654 0.000391
2 3 0.001140 0.005527 0.724090 0.268298 0.000945
2 3 0.002825 0.007475 0.676853 0.312042 0.000804
3 3 0.001308 0.002940 0.399933 0.595165 0.000653
3 3 0.001120 0.001631 0.234740 0.762102 0.000407
3 3 0.006053 0.005553 0.334538 0.653198 0.000658
3 3 0.001018 0.003321 0.350342 0.643521 0.001798
3 3 0.001917 0.002952 0.335793 0.658789 0.000549
3 3 0.002715 0.002981 0.244281 0.749394 0.000629
3 3 0.000367 0.000344 0.070946 0.928189 0.000155
3 3 0.000478 0.000845 0.143964 0.854225 0.000488
3 3 0.001053 0.000926 0.112766 0.884958 0.000297
3 3 0.003620 0.005251 0.266946 0.722300 0.001882
3 3 0.001922 0.001641 0.180028 0.816100 0.000309
3 3 0.000322 0.000439 0.102677 0.896349 0.000213
3 3 0.001416 0.001160 0.123801 0.873300 0.000323
3 3 0.000268 0.000158 0.039467 0.960046 0.000061
3 3 0.001529 0.001684 0.212037 0.784410 0.000339
3 3 0.005221 0.006387 0.222779 0.762860 0.002753
3 3 0.011005 0.015148 0.302262 0.665015 0.006570
3 3 0.002985 0.002233 0.090550 0.902949 0.001283
3 3 0.001845 0.003423 0.245320 0.747742 0.001669
3 3 0.004309 0.004251 0.186868 0.803077 0.001496
3 3 0.001459 0.000831 0.048526 0.948658 0.000527
3 3 0.001133 0.000630 0.048674 0.949233 0.000330
3 3 0.000263 0.000329 0.062012 0.937120 0.000275
3 3 0.000464 0.000632 0.090449 0.908000 0.000455
3 3 0.000956 0.000422 0.035389 0.963019 0.000213
3 3 0.001499 0.001082 0.061353 0.935308 0.000758
3 3 0.004099 0.005276 0.201838 0.786187 0.002600
3 3 0.001850 0.000878 0.062864 0.934126 0.000283
3 3 0.017764 0.012638 0.308113 0.659680 0.001806
3 3 0.000707 0.000540 0.042024 0.956197 0.000533
3 3 0.001803 0.001921 0.191117 0.804685 0.000474
3 3 0.001645 0.001337 0.115648 0.880929 0.000441
3 3 0.002362 0.001822 0.151297 0.844105 0.000414
3 3 0.003414 0.001947 0.108701 0.885420 0.000519
3 3 0.004726 0.003218 0.139303 0.851802 0.000950
3 3 0.003520 0.003831 0.217105 0.774409 0.001136
3 3 0.003916 0.005805 0.283051 0.705203 0.002025
3 3 0.005304 0.003712 0.135510 0.854192 0.001282
3 3 0.004604 0.005137 0.258713 0.730233 0.001313
3 3 0.002774 0.004284 0.195824 0.794423 0.002694
3 3 0.019928 0.006398 0.087456 0.884330 0.001888
3 3 0.003016 0.002215 0.100057 0.893672 0.001040
3 3 0.001346 0.001350 0.051230 0.943736 0.002339
3 3 0.001241 0.001060 0.062534 0.934259 0.000906
3 3 0.002469 0.001913 0.067397 0.926491 0.001730
3 3 0.000987 0.000449 0.029675 0.968571 0.000318
3 3 0.003947 0.002087 0.104659 0.888756 0.000551
3 3 0.000542 0.000825 0.095215 0.902678 0.000740
3 3 0.000170 0.000135 0.019637 0.979837 0.000221
3 3 0.002973 0.000643 0.026964 0.969205 0.000216
3 3 0.003197 0.002002 0.053461 0.939376 0.001965
3 3 0.010627 0.006200 0.143445 0.837817 0.001912
3 3 0.004794 0.002465 0.078811 0.912860 0.001071
3 3 0.001678 0.000846 0.040767 0.956107 0.000601
3 3 0.002163 0.003360 0.176419 0.815759 0.002299
3 3 0.001557 0.001473 0.097260 0.898848 0.000861
3 3 0.004958 0.002820 0.124603 0.866903 0.000715
3 3 0.003098 0.001654 0.071298 0.923218 0.000733
3 3 0.001653 0.000647 0.036352 0.961024 0.000325
3 3 0.005368 0.001923 0.055982 0.935966 0.000760
3 3 0.001013 0.001169 0.083334 0.913453 0.001032
3 3 0.014696 0.004021 0.085722 0.894795 0.000766
3 3 0.002941 0.001685 0.080889 0.913811 0.000674
3 3 0.007161 0.003429 0.106617 0.881830 0.000963
3 3 0.024890 0.013214 0.208282 0.750982 0.002632
2 2 0.094503 0.249386 0.592855 0.007966 0.055290
2 2 0.101347 0.209785 0.672497 0.001054 0.015316
2 2 0.049727 0.225600 0.704956 0.001244 0.018473
2 2 0.004702 0.104429 0.876949 0.002242 0.011677
2 2 0.017122 0.173618 0.793837 0.000427 0.014995
2 2 0.004284 0.070998 0.919987 0.000088 0.004643
2 2 0.010048 0.199757 0.779005 0.000862 0.010328
2 2 0.000652 0.049906 0.945123 0.000138 0.004181
2 2 0.001045 0.066249 0.928431 0.000026 0.004249
2 2 0.000436 0.045740 0.950500 0.000017 0.003307
2 2 0.132583 0.313749 0.531319 0.000636 0.021712
2 2 0.003286 0.166512 0.819122 0.000025 0.011054
2 2 0.000057 0.029991 0.965616 0.000068 0.004268
2 2 0.000252 0.032878 0.955182 0.002262 0.009426
2 4 0.000895 0.078632 0.914241 0.000619 0.005613
2 4 0.000533 0.080698 0.872955 0.000344 0.045470
2 4 0.000988 0.115648 0.797575 0.000991 0.084797
2 4 0.004645 0.293191 0.629454 0.000099 0.072611
2 4 0.001170 0.140525 0.784120 0.001323 0.072862
2 4 0.001825 0.164699 0.791213 0.000529 0.041734
2 4 0.003770 0.170505 0.529843 0.000673 0.295209
2 4 0.018563 0.272647 0.619940 0.000511 0.088339
2 4 0.011585 0.342505 0.500709 0.000140 0.145061
2 4 0.007476 0.256000 0.514435 0.000345 0.221745
2 4 0.004206 0.255840 0.565525 0.000048 0.174382
1 4 0.052662 0.403358 0.279130 0.000043 0.264807
1 4 0.032205 0.542328 0.278578 0.000009 0.146880
4 4 0.013362 0.298789 0.276066 0.000109 0.411674
2 4 0.004362 0.236790 0.504846 0.000493 0.253509
1 4 0.022498 0.500763 0.305030 0.000020 0.171689
1 4 0.072950 0.416793 0.361213 0.000859 0.148185
2 4 0.148008 0.265090 0.446149 0.006578 0.134175
1 4 0.247399 0.389338 0.228252 0.000538 0.134474
4 4 0.004489 0.144559 0.300278 0.001761 0.548913
1 4 0.146642 0.429806 0.309092 0.000348 0.114111
4 4 0.138651 0.292527 0.086210 0.000033 0.482578
4 4 0.055198 0.202610 0.073815 0.000043 0.668334
1 4 0.296708 0.307709 0.138743 0.000201 0.256639
4 4 0.062080 0.126904 0.039931 0.000053 0.771033
4 4 0.138798 0.188902 0.107091 0.000125 0.565084
2 4 0.022977 0.308519 0.386395 0.000166 0.281944
1 4 0.009252 0.417940 0.409567 0.000044 0.163197
2 4 0.004840 0.258837 0.529649 0.000106 0.206568
2 4 0.007606 0.384457 0.450836 0.000025 0.157076
2 4 0.005293 0.238987 0.429971 0.000090 0.325659
1 4 0.011274 0.376045 0.292416 0.000023 0.320241
1 4 0.081412 0.533954 0.221171 0.000007 0.163457
2 4 0.010490 0.372394 0.436673 0.000053 0.180390
1 4 0.078986 0.359648 0.253570 0.000114 0.307681
2 4 0.012154 0.355603 0.392425 0.000033 0.239785
1 4 0.025576 0.536321 0.300920 0.000011 0.137173
1 4 0.018174 0.505559 0.325858 0.000011 0.150398
2 4 0.010903 0.272043 0.612497 0.000067 0.104490
2 4 0.017458 0.375798 0.410556 0.000060 0.196127
1 4 0.116174 0.505105 0.292791 0.000009 0.085921
2 4 0.003899 0.345876 0.539613 0.000018 0.110594
2 4 0.001842 0.231367 0.584645 0.000059 0.182087
2 4 0.000700 0.186106 0.713532 0.000011 0.099650
2 4 0.002577 0.315946 0.588982 0.000007 0.092489
2 4 0.000937 0.245464 0.621403 0.000011 0.132186
2 2 0.000096 0.051466 0.935348 0.000195 0.012894
2 2 0.000403 0.071947 0.919803 0.000056 0.007791
2 2 0.000149 0.024802 0.971810 0.000023 0.003216
2 2 0.000023 0.016133 0.980559 0.000016 0.003269
2 2 0.000091 0.044264 0.949144 0.000035 0.006467
2 2 0.000957 0.097726 0.893468 0.000013 0.007836
2 2 0.000017 0.017144 0.979906 0.000037 0.002896
2 2 0.000024 0.018365 0.978261 0.000055 0.003295
2 2 0.000043 0.023146 0.973165 0.000080 0.003567
2 2 0.000068 0.019503 0.975790 0.000153 0.004485
2 2 0.000025 0.025098 0.970931 0.000076 0.003869
2 2 0.000042 0.023351 0.971663 0.000236 0.004708
2 2 0.000019 0.020535 0.973242 0.000106 0.006099
2 2 0.000042 0.023804 0.970786 0.000238 0.005130
2 2 0.000035 0.014791 0.977840 0.000969 0.006364
2 2 0.000047 0.021884 0.973845 0.000256 0.003968
2 2 0.000040 0.019778 0.976022 0.000297 0.003863
2 2 0.000069 0.020590 0.976962 0.000032 0.002346
2 2 0.000015 0.006364 0.991264 0.000821 0.001537
2 2 0.000034 0.011572 0.984932 0.000816 0.002647
2 2 0.000054 0.007086 0.991189 0.001215 0.000456
2 2 0.000021 0.005390 0.993001 0.000957 0.000631
2 2 0.000047 0.004556 0.993900 0.001336 0.000161
2 2 0.000066 0.009625 0.987878 0.001415 0.001016
2 2 0.000063 0.009094 0.989454 0.000643 0.000746
2 2 0.000049 0.006018 0.991562 0.001866 0.000504
2 2 0.000036 0.010797 0.987884 0.000301 0.000981
2 2 0.000041 0.007340 0.989161 0.002115 0.001343
2 2 0.000034 0.007020 0.991367 0.000924 0.000654
2 2 0.000302 0.010222 0.987961 0.001088 0.000427
2 2 0.000074 0.008513 0.989836 0.001114 0.000463
2 2 0.000429 0.014790 0.981371 0.002348 0.001061
2 1 0.236310 0.229801 0.521240 0.001732 0.010917
2 1 0.008016 0.127640 0.857409 0.000341 0.006594
2 2 0.013929 0.139503 0.838237 0.000741 0.007591
2 2 0.000740 0.040411 0.956618 0.000047 0.002185
2 2 0.003101 0.048417 0.945941 0.000094 0.002447
2 2 0.000323 0.018029 0.980265 0.000787 0.000596
2 2 0.000585 0.053430 0.943320 0.000071 0.002594
2 2 0.000272 0.026258 0.972544 0.000078 0.000847
2 2 0.002255 0.039449 0.955738 0.001208 0.001351
2 2 0.001499 0.033418 0.963422 0.000682 0.000979
2 2 0.000419 0.027593 0.970413 0.000737 0.000838
2 2 0.000383 0.011590 0.986790 0.000917 0.000319
2 2 0.000391 0.024670 0.973868 0.000231 0.000840
2 2 0.000727 0.020540 0.974555 0.003464 0.000714
2 2 0.000488 0.028841 0.969408 0.000096 0.001167
2 2 0.000616 0.013134 0.981289 0.004638 0.000323
2 2 0.000836 0.036090 0.959623 0.001804 0.001648
2 2 0.001046 0.023457 0.972654 0.001819 0.001024
2 1 0.200725 0.197415 0.583476 0.005387 0.012998
2 1 0.138468 0.258045 0.590546 0.001267 0.011674
2 2 0.021716 0.133227 0.836206 0.001514 0.007336
2 2 0.046986 0.194337 0.748043 0.000951 0.009684
2 2 0.001452 0.061966 0.932505 0.000018 0.004059
2 2 0.000340 0.027666 0.970631 0.000147 0.001216
2 2 0.000162 0.014232 0.985044 0.000102 0.000460
2 2 0.000582 0.025781 0.972337 0.000133 0.001167
2 2 0.000473 0.013444 0.985181 0.000443 0.000458
2 2 0.000354 0.018942 0.979122 0.001042 0.000539
2 2 0.000223 0.063959 0.922088 0.000214 0.013516
2 2 0.004379 0.163401 0.811590 0.000129 0.020501
2 2 0.007948 0.174168 0.804079 0.000195 0.013611
2 2 0.012012 0.151087 0.825386 0.000492 0.011024
2 2 0.281354 0.274836 0.423182 0.000622 0.020006
0 2 0.407414 0.190491 0.377316 0.009496 0.015284
2 2 0.333819 0.178023 0.467478 0.008373 0.012307
0 0 0.484675 0.206396 0.275482 0.005282 0.028165
0 1 0.397853 0.223188 0.353662 0.003745 0.021553
2 2 0.156826 0.239763 0.567597 0.011676 0.024138
2 2 0.015654 0.102897 0.874090 0.002081 0.005278
2 2 0.000085 0.032702 0.965410 0.000018 0.001786
2 2 0.001573 0.073956 0.920531 0.000095 0.003845
2 2 0.000515 0.023312 0.974733 0.000233 0.001207
2 2 0.000024 0.005978 0.992898 0.000639 0.000461
2 2 0.000300 0.038017 0.958699 0.000399 0.002584
2 2 0.000348 0.032630 0.964978 0.000042 0.002002
2 2 0.000075 0.027574 0.970177 0.000099 0.002076
2 2 0.000286 0.025455 0.972980 0.000147 0.001133
2 2 0.000246 0.020483 0.978029 0.000242 0.001000
2 2 0.000038 0.010689 0.987388 0.000595 0.001289
2 2 0.000107 0.021094 0.976973 0.000357 0.001470
2 2 0.000250 0.021718 0.976667 0.000576 0.000789
2 2 0.000101 0.008420 0.989011 0.001923 0.000545
2 2 0.000558 0.027504 0.969322 0.000405 0.002211
2 2 0.000087 0.007458 0.988134 0.003532 0.000789
2 2 0.000225 0.009215 0.986452 0.003724 0.000385
2 2 0.000238 0.012708 0.985323 0.001386 0.000344
2 2 0.000129 0.014041 0.984294 0.000847 0.000689
2 2 0.000064 0.008468 0.990523 0.000635 0.000310
2 2 0.000139 0.008080 0.989391 0.002096 0.000293
2 2 0.000399 0.014294 0.982934 0.001784 0.000588
2 2 0.000220 0.009302 0.987107 0.003044 0.000326
2 2 0.000160 0.013512 0.983835 0.001623 0.000870
2 2 0.000485 0.013568 0.982211 0.003373 0.000363
2 2 0.000470 0.006161 0.983754 0.009511 0.000104
2 2 0.000327 0.006421 0.985508 0.007589 0.000154
2 2 0.000442 0.009410 0.983249 0.006628 0.000270
2 2 0.000160 0.006626 0.988158 0.004755 0.000301
2 2 0.000066 0.005098 0.992375 0.002223 0.000237
2 2 0.000161 0.002463 0.971070 0.026217 0.000090
2 2 0.000200 0.003933 0.980463 0.015255 0.000149
2 2 0.000452 0.003384 0.952182 0.043896 0.000087
2 2 0.000744 0.003911 0.954183 0.041100 0.000062
2 2 0.000404 0.003261 0.931463 0.064731 0.000141
2 2 0.000861 0.006510 0.903190 0.088899 0.000539
2 2 0.000932 0.006793 0.928239 0.063666 0.000370
2 3 0.000461 0.004843 0.922479 0.071783 0.000433
2 3 0.000734 0.006638 0.853452 0.137953 0.001222
2 3 0.000605 0.006369 0.940749 0.051821 0.000456
2 3 0.001237 0.007746 0.673564 0.314400 0.003053
2 3 0.009922 0.018119 0.648618 0.321406 0.001936
2 3 0.005366 0.018908 0.779692 0.193139 0.002894
2 3 0.003436 0.017937 0.708013 0.264206 0.006409
2 3 0.000695 0.003184 0.579723 0.415579 0.000820
3 3 0.002584 0.004856 0.312118 0.678617 0.001824
3 3 0.003967 0.005652 0.372234 0.617118 0.001028
3 3 0.002175 0.002115 0.215828 0.779490 0.000392
3 3 0.013116 0.015538 0.483669 0.485715 0.001962
3 3 0.000791 0.002105 0.317061 0.679222 0.000822
3 3 0.005577 0.016118 0.426597 0.541301 0.010406
2 3 0.009221 0.014916 0.529030 0.444546 0.002286
3 3 0.003477 0.005229 0.195343 0.792487 0.003465
3 3 0.003041 0.008010 0.457902 0.528310 0.002737
3 3 0.001385 0.003200 0.192528 0.799627 0.003260
3 3 0.005503 0.008305 0.207123 0.772765 0.006305
3 3 0.004163 0.010534 0.266900 0.706429 0.011974
2 3 0.003883 0.018158 0.488084 0.472197 0.017678
3 3 0.005322 0.012790 0.344985 0.628196 0.008707
3 3 0.004422 0.009191 0.376540 0.606140 0.003707
3 3 0.005612 0.002574 0.197039 0.794571 0.000204
3 3 0.005985 0.005886 0.194555 0.791316 0.002257
3 3 0.001628 0.002516 0.159034 0.835100 0.001721
3 3 0.003817 0.005818 0.203231 0.783222 0.003912
3 3 0.002847 0.004075 0.142645 0.846563 0.003870
3 3 0.026282 0.025877 0.342845 0.598197 0.006800
3 3 0.005355 0.005127 0.145862 0.840760 0.002895
3 3 0.001686 0.003646 0.215194 0.776500 0.002974
3 3 0.004953 0.007072 0.180312 0.801751 0.005912
3 3 0.014154 0.011780 0.293655 0.678116 0.002295
3 3 0.001734 0.005230 0.438911 0.552202 0.001924
2 3 0.004345 0.010119 0.506098 0.476968 0.002470
3 3 0.002530 0.004562 0.309358 0.681986 0.001563
3 3 0.003638 0.005923 0.252502 0.734977 0.002960
3 3 0.001710 0.002950 0.189962 0.803491 0.001888
3 3 0.009879 0.007303 0.144355 0.834686 0.003777
3 3 0.003306 0.005129 0.180145 0.807330 0.004090
3 3 0.006506 0.007948 0.186154 0.794153 0.005239
3 3 0.004110 0.003465 0.142897 0.848133 0.001395
3 3 0.007623 0.008520 0.163571 0.813954 0.006331
3 3 0.001716 0.003906 0.283662 0.708612 0.002104
3 3 0.007348 0.007217 0.219093 0.763893 0.002450
3 3 0.000875 0.002320 0.216209 0.778625 0.001971
3 3 0.004033 0.004136 0.151288 0.838339 0.002204
3 3 0.007715 0.006955 0.291033 0.693092 0.001206
2 3 0.025170 0.041301 0.622799 0.292602 0.018128
2 3 0.017125 0.042773 0.626092 0.285222 0.028788
3 3 0.014682 0.022332 0.378332 0.565187 0.019468
2 3 0.020175 0.039967 0.628723 0.296785 0.014350
2 2 0.128534 0.184357 0.586102 0.075644 0.025364
2 1 0.249541 0.256602 0.474995 0.001243 0.017620
2 1 0.033809 0.375261 0.554381 0.000220 0.036329
2 2 0.001056 0.147658 0.803369 0.000092 0.047826
2 2 0.008550 0.297760 0.648773 0.000168 0.044749
2 2 0.015590 0.369267 0.572963 0.000033 0.042146
2 2 0.000109 0.035599 0.958554 0.000146 0.005592
2 2 0.000648 0.089208 0.901886 0.000069 0.008189
2 2 0.000814 0.081411 0.912539 0.000055 0.005181
2 2 0.078039 0.234455 0.673948 0.000788 0.012770
2 2 0.006186 0.150567 0.831696 0.000034 0.011518
2 2 0.012227 0.150633 0.829401 0.000444 0.007295
2 2 0.000797 0.070489 0.924318 0.000027 0.004369
2 2 0.000117 0.020630 0.977823 0.000031 0.001399
2 2 0.000071 0.013983 0.984624 0.000164 0.001158
2 2 0.000080 0.029647 0.968016 0.000024 0.002233
2 2 0.001753 0.161492 0.776752 0.000161 0.059842
2 4 0.001304 0.198417 0.742721 0.000044 0.057514
2 4 0.001345 0.182370 0.767488 0.000076 0.048721
2 4 0.001236 0.218397 0.733593 0.000045 0.046728
2 4 0.002887 0.199355 0.646977 0.000846 0.149935
1 4 0.047078 0.458157 0.423750 0.000041 0.070974
2 4 0.002151 0.152781 0.572770 0.002523 0.269776
2 4 0.005742 0.196014 0.591891 0.000808 0.205545
2 4 0.041410 0.396329 0.497918 0.000052 0.064291
1 4 0.026146 0.478262 0.366336 0.000031 0.129225
4 4 0.023353 0.345682 0.235543 0.000081 0.395341
4 4 0.012892 0.142547 0.285169 0.004259 0.555133
2 4 0.054306 0.294751 0.334595 0.000580 0.315768
1 4 0.226689 0.370420 0.185422 0.000050 0.217419
1 4 0.305530 0.353270 0.256944 0.000503 0.083754
4 4 0.128641 0.370611 0.125454 0.000017 0.375277
1 4 0.172091 0.465542 0.095280 0.000001 0.267087
4 4 0.068558 0.321274 0.122153 0.000034 0.487980
4 4 0.048742 0.310058 0.093971 0.000002 0.547227
4 4 0.042521 0.158398 0.124673 0.001782 0.672626
4 4 0.025150 0.163323 0.114926 0.000702 0.695900
1 4 0.235920 0.397045 0.273660 0.000284 0.093092
0 0 0.582755 0.217137 0.149892 0.000250 0.049966
0 0 0.454691 0.283034 0.190219 0.000355 0.071700
0 1 0.586061 0.205396 0.174892 0.000247 0.033404
2 1 0.043297 0.399892 0.531470 0.000048 0.025293
2 1 0.043987 0.346904 0.584337 0.000090 0.024682
2 2 0.000714 0.163262 0.818458 0.000006 0.017560
2 2 0.002698 0.145817 0.837686 0.000023 0.013777
2 2 0.001202 0.121518 0.865045 0.000040 0.012195
2 2 0.003143 0.131651 0.854807 0.000040 0.010358
2 2 0.001870 0.174795 0.810666 0.000017 0.012652
2 2 0.000230 0.043981 0.947365 0.000036 0.008388
2 2 0.000105 0.053551 0.934661 0.000064 0.011619
2 2 0.000064 0.040168 0.950649 0.000061 0.009058
2 2 0.000558 0.128815 0.847428 0.000031 0.023167
2 2 0.000050 0.033174 0.957331 0.000061 0.009384
2 2 0.000039 0.022735 0.964937 0.000577 0.011712
2 2 0.000157 0.080852 0.908023 0.000064 0.010905
2 2 0.000334 0.067510 0.920490 0.000038 0.011628
2 2 0.000065 0.038988 0.952899 0.000014 0.008034
2 2 0.000126 0.054060 0.934973 0.000004 0.010836
2 2 0.000119 0.053939 0.936613 0.000006 0.009323
2 2 0.000083 0.056798 0.935096 0.000020 0.008003
2 2 0.000180 0.062426 0.925133 0.000093 0.012169
2 2 0.000171 0.068939 0.916597 0.000003 0.014290
2 2 0.000521 0.121327 0.852217 0.000010 0.025924
2 2 0.000352 0.157224 0.814910 0.000015 0.027500
2 2 0.000098 0.074306 0.911432 0.000015 0.014149
2 2 0.000269 0.090241 0.893244 0.000003 0.016243
2 2 0.004734 0.213711 0.763329 0.000027 0.018200
2 2 0.000094 0.059127 0.933344 0.000017 0.007418
2 2 0.000303 0.070904 0.919027 0.000028 0.009738
2 2 0.002521 0.197877 0.784623 0.000027 0.014952
2 2 0.000221 0.063740 0.927819 0.000014 0.008206
2 2 0.000320 0.080690 0.911983 0.000032 0.006975
2 2 0.001555 0.124582 0.864490 0.000026 0.009347
2 2 0.000159 0.039093 0.954736 0.000031 0.005981
2 2 0.000300 0.053246 0.940199 0.000024 0.006231
2 2 0.000345 0.046637 0.948514 0.000126 0.004378
2 2 0.000587 0.065218 0.930201 0.000384 0.003609
2 2 0.000283 0.037884 0.958650 0.000025 0.003159
2 1 0.102487 0.244016 0.638484 0.001093 0.013921
2 1 0.284509 0.268697 0.426403 0.000814 0.019577
2 2 0.279036 0.235969 0.471452 0.001061 0.012482
2 2 0.009433 0.187274 0.794827 0.000038 0.008428
2 2 0.011433 0.104110 0.879717 0.000068 0.004672
2 2 0.014814 0.138907 0.838785 0.000085 0.007409
2 2 0.004052 0.132115 0.856409 0.000035 0.007389
2 2 0.172889 0.274933 0.538354 0.000505 0.013320
2 2 0.007857 0.126809 0.858279 0.000052 0.007003
2 2 0.276941 0.236582 0.475540 0.000433 0.010504
2 2 0.057625 0.313178 0.609299 0.001096 0.018802
2 2 0.001836 0.114802 0.876579 0.000385 0.006397
2 2 0.000432 0.025355 0.972062 0.000056 0.002095
2 2 0.000168 0.050886 0.942258 0.000216 0.006472
2 2 0.001597 0.173869 0.810023 0.000008 0.014502
2 2 0.000034 0.028844 0.965510 0.000024 0.005588
2 2 0.000823 0.088146 0.903020 0.000036 0.007975
2 2 0.001434 0.167854 0.815987 0.000013 0.014711
2 2 0.000069 0.018932 0.978626 0.000103 0.002271
2 2 0.004322 0.134597 0.852157 0.000448 0.008477
2 2 0.000706 0.082926 0.910739 0.000036 0.005592
2 2 0.000355 0.042584 0.953867 0.000061 0.003133
2 2 0.000715 0.048641 0.945632 0.000082 0.004929
2 2 0.000316 0.071164 0.919514 0.000052 0.008954
2 2 0.000219 0.061238 0.927031 0.000004 0.011509
2 2 0.000040 0.032822 0.961711 0.000072 0.005355
2 2 0.001568 0.074081 0.915695 0.000283 0.008373
2 2 0.000484 0.127671 0.859789 0.000012 0.012044
2 2 0.000341 0.031409 0.966164 0.000161 0.001925
2 2 0.001425 0.084804 0.907557 0.000018 0.006195
2 2 0.000279 0.041034 0.956380 0.000028 0.002279
2 2 0.000163 0.042742 0.953409 0.000016 0.003671
2 2 0.000348 0.042631 0.954831 0.000091 0.002100
2 2 0.001621 0.051764 0.943657 0.000181 0.002777
2 2 0.107795 0.277089 0.603696 0.000386 0.011034
2 2 0.220160 0.260296 0.507177 0.000386 0.011980
2 2 0.162093 0.263264 0.563002 0.000510 0.011131
2 2 0.048288 0.172610 0.771172 0.000342 0.007589
2 2 0.012202 0.108946 0.873952 0.000134 0.004766
2 2 0.024035 0.224323 0.742971 0.000058 0.008613
2 2 0.002367 0.090541 0.901553 0.000054 0.005485
2 2 0.001867 0.072603 0.922544 0.000841 0.002145
2 2 0.010029 0.161954 0.819617 0.000065 0.008335
2 2 0.002581 0.062536 0.932275 0.000663 0.001943
2 2 0.004232 0.102949 0.888807 0.000047 0.003965
2 2 0.003066 0.046916 0.947504 0.001195 0.001319
2 2 0.003345 0.077562 0.916340 0.000255 0.002498
2 2 0.002150 0.078403 0.916852 0.000391 0.002204
2 2 0.005281 0.096217 0.895013 0.000471 0.003019
2 2 0.007270 0.068601 0.920423 0.001538 0.002168
2 2 0.049910 0.288316 0.643356 0.000727 0.017691
2 2 0.001941 0.105413 0.887059 0.000012 0.005574
2 2 0.002038 0.053111 0.942344 0.000087 0.002420
2 2 0.010120 0.085296 0.899420 0.000256 0.004908
2 2 0.279789 0.205102 0.499987 0.002730 0.012392
2 2 0.152296 0.237405 0.598354 0.001061 0.010884
2 2 0.308901 0.218006 0.459502 0.001866 0.011725
2 2 0.249492 0.266426 0.456767 0.004105 0.023210
2 2 0.057305 0.206287 0.721845 0.002656 0.011907
2 2 0.028754 0.230606 0.730206 0.000109 0.010325
2 2 0.153684 0.277975 0.551934 0.001104 0.015303
2 2 0.000337 0.039139 0.958316 0.000313 0.001895
2 2 0.000353 0.040881 0.955996 0.000028 0.002742
0 2 0.582878 0.211450 0.156020 0.000477 0.049174
0 2 0.709830 0.149461 0.109452 0.000209 0.031048
0 0 0.714095 0.147619 0.082118 0.000439 0.055729
0 0 0.750002 0.124745 0.078087 0.001049 0.046117
0 0 0.794487 0.087116 0.092544 0.006526 0.019328
0 0 0.638697 0.144451 0.193380 0.004227 0.019244
0 0 0.740681 0.104328 0.140227 0.002192 0.012572
0 0 0.502201 0.213258 0.247322 0.003431 0.033789
0 0 0.798298 0.070297 0.121624 0.003485 0.006296
0 0 0.508864 0.207062 0.262031 0.000720 0.021323
0 0 0.646366 0.059118 0.009506 0.000030 0.284980
0 0 0.603027 0.176969 0.034354 0.000008 0.185642
4 0 0.270351 0.078600 0.008435 0.000001 0.642614
4 0 0.209138 0.078845 0.009772 0.000001 0.702244
4 0 0.141838 0.095687 0.010827 0.000000 0.751648
4 0 0.411085 0.032328 0.009123 0.000276 0.547189
0 0 0.626956 0.052301 0.017357 0.000375 0.303011
4 0 0.366594 0.054086 0.012457 0.000232 0.566631
0 0 0.814969 0.096993 0.034026 0.000044 0.053968
0 0 0.738121 0.136229 0.023078 0.000000 0.102572
0 0 0.471176 0.182246 0.335139 0.000858 0.010581
2 0 0.263636 0.219032 0.503317 0.002867 0.011149
0 0 0.414304 0.169783 0.403967 0.003502 0.008444
0 0 0.486156 0.172911 0.327889 0.001929 0.011115
2 0 0.343809 0.222324 0.415442 0.002808 0.015617
0 0 0.401223 0.187968 0.390745 0.006910 0.013154
0 0 0.434394 0.182225 0.367812 0.003669 0.011899
2 0 0.228450 0.202763 0.538197 0.018896 0.011694
0 0 0.400241 0.220913 0.358124 0.002157 0.018566
0 0 0.402748 0.189060 0.396052 0.001876 0.010264
2 0 0.252162 0.345373 0.367356 0.000144 0.034966
2 0 0.235854 0.327962 0.413429 0.000080 0.022675
2 0 0.048291 0.423244 0.488664 0.000122 0.039679
2 1 0.096410 0.388560 0.487392 0.000070 0.027569
2 1 0.054464 0.404664 0.507641 0.000126 0.033105
2 1 0.007028 0.389673 0.579676 0.000004 0.023619
2 2 0.019895 0.453542 0.496296 0.000009 0.030259
2 2 0.005537 0.137325 0.848193 0.000077 0.008869
2 2 0.002312 0.158342 0.828532 0.000045 0.010769
2 2 0.005928 0.239919 0.738750 0.000041 0.015362
2 2 0.000733 0.223791 0.750019 0.000003 0.025454
2 2 0.000078 0.049046 0.935938 0.000020 0.014918
2 2 0.000074 0.067130 0.906800 0.000049 0.025947
1 4 0.017388 0.583609 0.307881 0.000001 0.091121
1 4 0.006862 0.562602 0.375112 0.000001 0.055423
2 4 0.003243 0.160743 0.484222 0.000368 0.351423
1 4 0.056947 0.483332 0.368931 0.000034 0.090757
2 4 0.005930 0.373194 0.457589 0.000014 0.163273
1 4 0.043495 0.502567 0.367348 0.000019 0.086572
1 4 0.031929 0.419561 0.416037 0.000128 0.132345
4 4 0.055959 0.110956 0.030520 0.000016 0.802548
4 4 0.162274 0.135158 0.032258 0.000022 0.670288
4 4 0.118942 0.111980 0.024376 0.000017 0.744685
4 4 0.099330 0.071622 0.021201 0.000478 0.807369
4 4 0.195260 0.270288 0.077046 0.000027 0.457379
1 4 0.138439 0.404623 0.134453 0.000008 0.322477
4 4 0.059783 0.310840 0.096399 0.000004 0.532975
1 4 0.157028 0.371376 0.108409 0.000006 0.363182
4 4 0.030867 0.214865 0.094995 0.000039 0.659235
0 0 0.435415 0.295621 0.134602 0.000248 0.134114
1 1 0.116987 0.537979 0.262876 0.000001 0.082157
2 1 0.004206 0.288882 0.479878 0.000017 0.227018
2 4 0.004383 0.323477 0.526471 0.000012 0.145657
1 4 0.021584 0.421601 0.237637 0.000018 0.319161
1 4 0.056104 0.550438 0.280311 0.000006 0.113141
2 4 0.079143 0.236963 0.570845 0.019346 0.093704
0 0 0.594331 0.166281 0.208149 0.005507 0.025733
0 0 0.725277 0.079855 0.174102 0.014499 0.006267
0 0 0.600650 0.144875 0.240147 0.002256 0.012073
0 0 0.695327 0.115288 0.177022 0.001760 0.010603
1 1 0.232348 0.437478 0.262494 0.000009 0.067671
2 1 0.003747 0.411237 0.525126 0.000002 0.059889
2 2 0.000140 0.085454 0.844423 0.000305 0.069678
2 2 0.000116 0.080443 0.859300 0.000246 0.059895
2 2 0.000246 0.125967 0.830142 0.000036 0.043609
2 4 0.004614 0.311622 0.440000 0.000038 0.243726
1 4 0.012426 0.485882 0.344319 0.000013 0.157360
2 4 0.000570 0.154267 0.676933 0.000094 0.168136
2 4 0.000463 0.147524 0.706004 0.000124 0.145885
2 4 0.014837 0.339505 0.382170 0.000125 0.263363
1 4 0.004835 0.346897 0.337902 0.000017 0.310349
1 4 0.020052 0.403902 0.204969 0.000007 0.371070
2 4 0.004969 0.386396 0.409928 0.000003 0.198703
1 4 0.012210 0.431773 0.370357 0.000009 0.185651
4 4 0.008098 0.199703 0.364562 0.000298 0.427339
4 4 0.039688 0.102924 0.040391 0.000177 0.816820
4 4 0.096658 0.185404 0.054501 0.000039 0.663398
4 4 0.041192 0.193603 0.059229 0.000004 0.705972
4 4 0.025654 0.104478 0.039905 0.000038 0.829924
4 4 0.074980 0.204673 0.073287 0.000086 0.646974
4 4 0.019288 0.317491 0.296584 0.000061 0.366575
2 4 0.001488 0.217116 0.567318 0.000057 0.214021
1 2 0.010085 0.420262 0.395504 0.000009 0.174139
1 2 0.020068 0.571792 0.298699 0.000002 0.109439
2 2 0.001590 0.223157 0.581123 0.000042 0.194088
2 2 0.000064 0.075531 0.892672 0.000069 0.031665
2 2 0.000063 0.055559 0.914780 0.000148 0.029450
2 2 0.000524 0.171176 0.786098 0.000017 0.042185
2 2 0.000183 0.113919 0.851736 0.000030 0.034132
2 2 0.000097 0.087995 0.877898 0.000065 0.033945
2 2 0.001339 0.192296 0.606978 0.000208 0.199179
2 4 0.007427 0.299200 0.513781 0.000124 0.179467
1 4 0.020496 0.433936 0.364151 0.000056 0.181361
2 4 0.005376 0.271600 0.422203 0.000073 0.300747
4 4 0.012710 0.321460 0.268455 0.000097 0.397278
1 4 0.030171 0.585921 0.262418 0.000002 0.121489
1 4 0.012367 0.500386 0.335976 0.000003 0.151267
1 4 0.009885 0.461200 0.413641 0.000013 0.115261
2 4 0.007086 0.417503 0.450806 0.000004 0.124602
2 4 0.005176 0.283345 0.565657 0.000037 0.145785
1 4 0.038986 0.407164 0.157696 0.000004 0.396150
4 4 0.012717 0.220133 0.107244 0.000007 0.659899
4 4 0.069341 0.206876 0.059050 0.000009 0.664725
4 4 0.062696 0.230072 0.074944 0.000016 0.632272
4 4 0.045471 0.244305 0.083255 0.000008 0.626961
4 4 0.009131 0.186722 0.204102 0.000026 0.600019
4 4 0.017718 0.268160 0.278663 0.000116 0.435342
4 4 0.039871 0.384011 0.164055 0.000012 0.412051
1 4 0.030837 0.472781 0.220005 0.000006 0.276371
4 4 0.047376 0.379268 0.161975 0.000021 0.411360
1 4 0.034515 0.420658 0.366914 0.000009 0.177904
1 4 0.009008 0.409047 0.392389 0.000005 0.189552
2 4 0.050534 0.370634 0.426447 0.000081 0.152305
1 4 0.032013 0.566262 0.278832 0.000005 0.122889
2 4 0.001702 0.216405 0.538719 0.000143 0.243031
2 4 0.006066 0.379297 0.421516 0.000021 0.193099
1 4 0.009202 0.562800 0.353820 0.000001 0.074178
2 4 0.003596 0.427495 0.454158 0.000002 0.114748
2 4 0.003019 0.371332 0.513584 0.000006 0.112059
2 4 0.000394 0.153822 0.771975 0.000009 0.073799
2 2 0.000151 0.127380 0.832262 0.000020 0.040187
2 2 0.000357 0.156398 0.791856 0.000043 0.051346
2 2 0.000215 0.099788 0.850281 0.000076 0.049640
2 2 0.000175 0.125222 0.833446 0.000032 0.041124
2 2 0.000100 0.057483 0.919116 0.000082 0.023219
2 2 0.000025 0.023959 0.968400 0.000161 0.007455
2 2 0.000046 0.031452 0.960932 0.000031 0.007539
2 2 0.000043 0.031448 0.955093 0.000270 0.013147
2 2 0.000031 0.032534 0.958093 0.000108 0.009234
2 2 0.000066 0.035944 0.953995 0.000115 0.009879
2 2 0.000062 0.012682 0.986002 0.000455 0.000799
2 2 0.000050 0.008730 0.990533 0.000236 0.000450
2 2 0.000055 0.015217 0.983390 0.000294 0.001044
2 2 0.000038 0.006334 0.992991 0.000291 0.000346
2 2 0.000023 0.005504 0.992464 0.001227 0.000782
2 2 0.000023 0.009073 0.989759 0.000303 0.000842
2 2 0.000027 0.007496 0.991141 0.000604 0.000732
2 2 0.000168 0.029529 0.968345 0.000317 0.001642
2 2 0.000040 0.015366 0.983313 0.000187 0.001094
2 2 0.000059 0.013682 0.984578 0.000114 0.001568
2 2 0.000062 0.005451 0.992544 0.001706 0.000237
2 2 0.000146 0.009452 0.989532 0.000588 0.000282
2 2 0.000067 0.005026 0.993322 0.001445 0.000140
2 2 0.000056 0.006069 0.993194 0.000557 0.000124
2 2 0.000105 0.009958 0.989066 0.000624 0.000246
2 2 0.000094 0.002586 0.991901 0.005375 0.000045
2 2 0.000066 0.001698 0.983334 0.014842 0.000061
2 2 0.000018 0.001921 0.996457 0.001544 0.000059
2 2 0.000051 0.002109 0.993811 0.003985 0.000044
2 2 0.000072 0.002776 0.993238 0.003856 0.000057
2 2 0.000146 0.005633 0.989004 0.004993 0.000224
2 2 0.000055 0.008500 0.990714 0.000451 0.000279
2 2 0.000091 0.003747 0.989379 0.006610 0.000173
2 2 0.000144 0.006329 0.991007 0.002369 0.000151
2 2 0.000115 0.006092 0.989896 0.003608 0.000289
2 2 0.000173 0.004012 0.985802 0.009885 0.000128
2 2 0.000098 0.002833 0.986427 0.010533 0.000110
2 2 0.000027 0.001549 0.993726 0.004647 0.000051
2 2 0.000023 0.001733 0.994347 0.003823 0.000074
2 2 0.000096 0.001796 0.981027 0.017032 0.000048
2 2 0.000091 0.002480 0.984882 0.012450 0.000097
2 2 0.000191 0.002665 0.954356 0.042642 0.000146
2 2 0.000045 0.001710 0.990991 0.007203 0.000050
2 2 0.000325 0.002667 0.950508 0.046425 0.000075
2 2 0.000042 0.001140 0.983275 0.015506 0.000037
2 2 0.000255 0.002106 0.973561 0.024051 0.000027
2 2 0.000731 0.005721 0.969274 0.024162 0.000112
2 2 0.000167 0.001756 0.967321 0.030721 0.000036
2 2 0.000133 0.001691 0.952286 0.045820 0.000069
2 2 0.000185 0.002160 0.964341 0.033249 0.000064
2 2 0.000342 0.003683 0.913023 0.082604 0.000349
2 2 0.000453 0.005746 0.943147 0.050155 0.000499
2 3 0.000242 0.004431 0.916490 0.077898 0.000939
2 3 0.000359 0.003244 0.836830 0.159074 0.000493
2 3 0.000333 0.004269 0.928449 0.066511 0.000438
2 3 0.000338 0.013007 0.964825 0.018744 0.003086
2 3 0.000136 0.004787 0.983983 0.010759 0.000335
2 3 0.000246 0.007437 0.985419 0.006585 0.000314
2 3 0.000156 0.003280 0.980502 0.015930 0.000133
2 3 0.000256 0.003378 0.956471 0.039712 0.000183
2 3 0.000222 0.001669 0.966952 0.031136 0.000021
2 3 0.000146 0.001505 0.975214 0.023114 0.000021
2 3 0.000073 0.000889 0.972343 0.026681 0.000014
2 3 0.001007 0.002829 0.888159 0.107960 0.000044
2 3 0.000274 0.001152 0.659214 0.339259 0.000101
2 3 0.000175 0.004756 0.985349 0.009524 0.000197
2 3 0.000403 0.002952 0.862468 0.133925 0.000252
2 3 0.000322 0.005457 0.981409 0.012648 0.000164
2 3 0.000354 0.004496 0.960287 0.034633 0.000230
2 3 0.000439 0.005716 0.961315 0.032207 0.000322
2 3 0.000531 0.006847 0.936422 0.055465 0.000735
2 3 0.001048 0.014166 0.934994 0.047717 0.002075
2 3 0.000401 0.006539 0.966652 0.025979 0.000429
2 3 0.002212 0.014666 0.760110 0.218107 0.004904
2 2 0.006660 0.077777 0.905303 0.006888 0.003372
2 2 0.008838 0.208580 0.769662 0.000319 0.012600
2 2 0.001939 0.116692 0.873547 0.000038 0.007784
2 2 0.050133 0.251240 0.683140 0.000776 0.014710
2 2 0.006041 0.255051 0.721948 0.000012 0.016947
2 2 0.004189 0.164375 0.816732 0.000017 0.014686
2 2 0.000503 0.042694 0.953804 0.000014 0.002985
2 2 0.002499 0.106644 0.885312 0.000315 0.005230
2 2 0.000487 0.072167 0.922267 0.000004 0.005075
2 2 0.000313 0.029643 0.968333 0.000045 0.001666
2 2 0.000631 0.039543 0.957314 0.000094 0.002417
2 2 0.000244 0.064872 0.928736 0.000026 0.006121
2 2 0.001502 0.153674 0.832791 0.000011 0.012023
2 2 0.000722 0.045154 0.950963 0.000025 0.003137
2 2 0.000656 0.085764 0.905992 0.000012 0.007577
2 2 0.003123 0.130267 0.855989 0.000047 0.010574
2 2 0.001100 0.089012 0.890942 0.000420 0.018526
