0 0 0.986758 0.001869 0.000159 0.000000 0.011214
0 0 0.830069 0.008472 0.004945 0.000357 0.156157
0 0 0.988209 0.002253 0.000364 0.000000 0.009174
0 0 0.977930 0.002107 0.001776 0.000035 0.018152
0 0 0.988322 0.001111 0.000855 0.000006 0.009707
0 0 0.972421 0.007794 0.002089 0.000001 0.017695
0 0 0.994955 0.003463 0.000072 0.000000 0.001509
0 0 0.992329 0.003112 0.000187 0.000000 0.004372
0 0 0.995554 0.003229 0.000049 0.000000 0.001168
0 0 0.995157 0.002620 0.000079 0.000000 0.002144
0 0 0.952469 0.033543 0.003183 0.000000 0.010806
0 0 0.969556 0.014536 0.006861 0.000000 0.009046
0 0 0.974758 0.017352 0.001431 0.000000 0.006459
0 0 0.970410 0.018485 0.001997 0.000000 0.009107
0 0 0.982209 0.010548 0.003433 0.000000 0.003810
0 0 0.970739 0.016328 0.008988 0.000000 0.003945
0 0 0.969347 0.012734 0.015128 0.000000 0.002791
0 0 0.954235 0.021931 0.020249 0.000000 0.003585
0 0 0.971101 0.014165 0.012271 0.000000 0.002463
0 0 0.961670 0.018079 0.016528 0.000000 0.003723
0 0 0.979989 0.011574 0.005827 0.000000 0.002610
0 0 0.984834 0.006925 0.006548 0.000000 0.001692
0 0 0.986000 0.006305 0.006040 0.000000 0.001656
0 0 0.972031 0.012294 0.010106 0.000000 0.005569
0 0 0.889147 0.064156 0.019376 0.000002 0.027319
0 0 0.965179 0.022762 0.005610 0.000000 0.006449
0 0 0.961042 0.030987 0.002403 0.000000 0.005568
0 0 0.984301 0.009979 0.002801 0.000000 0.002920
0 0 0.981029 0.009174 0.006354 0.000000 0.003443
0 0 0.971846 0.016054 0.007034 0.000000 0.005066
0 0 0.976199 0.009388 0.011855 0.000000 0.002558
0 0 0.865623 0.039586 0.085263 0.000028 0.009500
0 0 0.577144 0.120015 0.262831 0.000370 0.039640
0 0 0.903638 0.057436 0.028938 0.000000 0.009988
0 0 0.950964 0.025708 0.018543 0.000000 0.004785
0 0 0.950689 0.026321 0.017381 0.000000 0.005609
0 0 0.945686 0.024833 0.020267 0.000002 0.009212
0 0 0.924980 0.037021 0.027669 0.000002 0.010328
0 0 0.788999 0.142121 0.044232 0.000002 0.024646
0 0 0.952268 0.027941 0.014235 0.000000 0.005555
0 0 0.800539 0.098116 0.087054 0.000009 0.014281
0 1 0.382824 0.279771 0.307629 0.000260 0.029516
1 1 0.287444 0.360365 0.284161 0.001460 0.066570
2 1 0.246750 0.333552 0.361200 0.002532 0.055966
1 1 0.332630 0.351685 0.257444 0.000644 0.057597
2 1 0.315016 0.315128 0.318306 0.001376 0.050175
2 1 0.219101 0.247480 0.485039 0.008629 0.039751
2 1 0.255390 0.327125 0.361567 0.002345 0.053572
0 2 0.374535 0.219227 0.350774 0.004420 0.051044
2 2 0.174772 0.316059 0.435186 0.011319 0.062664
2 2 0.186731 0.193661 0.511667 0.007552 0.100388
2 2 0.066738 0.122141 0.782931 0.007754 0.020435
2 2 0.051848 0.191811 0.723329 0.001134 0.031878
0 1 0.633051 0.215731 0.102564 0.000036 0.048619
0 1 0.357353 0.297141 0.321394 0.000093 0.024019
0 1 0.618769 0.173937 0.188429 0.000033 0.018832
0 1 0.610155 0.167693 0.202379 0.000054 0.019718
2 1 0.277859 0.217068 0.488050 0.000508 0.016515
2 1 0.292636 0.284945 0.395878 0.000351 0.026190
2 1 0.174452 0.285763 0.496078 0.003531 0.040175
2 1 0.125118 0.178672 0.677236 0.004024 0.014950
2 2 0.109400 0.078129 0.738845 0.059997 0.013629
2 2 0.035805 0.092822 0.841682 0.011190 0.018501
2 2 0.047961 0.139163 0.784374 0.009365 0.019137
2 2 0.011165 0.094794 0.873364 0.003427 0.017250
2 2 0.005037 0.014956 0.965456 0.009986 0.004566
2 2 0.002879 0.011563 0.962537 0.015246 0.007775
2 1 0.223382 0.244342 0.512561 0.000592 0.019123
2 2 0.035132 0.106061 0.844563 0.002482 0.011762
2 2 0.091193 0.165329 0.726834 0.004210 0.012434
2 2 0.012619 0.123553 0.840585 0.000333 0.022910
2 2 0.166579 0.242280 0.571062 0.000803 0.019276
2 2 0.031735 0.072863 0.876310 0.001171 0.017921
0 0 0.673792 0.156188 0.136904 0.000037 0.033078
0 0 0.802056 0.142641 0.034924 0.000000 0.020378
0 0 0.866793 0.116331 0.009457 0.000000 0.007420
0 0 0.984230 0.010296 0.001251 0.000000 0.004223
0 0 0.970202 0.010749 0.007085 0.000002 0.011961
0 0 0.986796 0.008330 0.001211 0.000000 0.003663
0 0 0.988663 0.007527 0.000576 0.000000 0.003234
0 0 0.992770 0.004163 0.000203 0.000000 0.002864
0 0 0.953356 0.015970 0.007969 0.000006 0.022699
0 0 0.975462 0.014946 0.001093 0.000000 0.008499
0 0 0.986617 0.008156 0.000509 0.000000 0.004718
0 0 0.992075 0.005570 0.000156 0.000000 0.002199
0 0 0.989981 0.007246 0.000201 0.000000 0.002571
0 0 0.992138 0.005836 0.000125 0.000000 0.001901
0 0 0.992918 0.004557 0.000144 0.000000 0.002380
0 0 0.991373 0.005572 0.000204 0.000000 0.002852
0 0 0.993389 0.004427 0.000115 0.000000 0.002068
0 0 0.987645 0.008467 0.000418 0.000000 0.003470
0 0 0.990642 0.005658 0.000335 0.000000 0.003365
0 0 0.991794 0.004782 0.000272 0.000000 0.003151
0 0 0.979855 0.015167 0.000926 0.000000 0.004053
0 0 0.989407 0.007180 0.000362 0.000000 0.003052
0 0 0.970862 0.017477 0.001769 0.000000 0.009891
0 0 0.987953 0.006625 0.000808 0.000000 0.004613
0 0 0.983175 0.008196 0.001145 0.000000 0.007485
0 0 0.982869 0.012398 0.000639 0.000000 0.004093
0 0 0.987915 0.007387 0.000516 0.000000 0.004182
0 0 0.989150 0.006536 0.000388 0.000000 0.003926
0 0 0.989842 0.005772 0.000370 0.000000 0.004015
0 0 0.993204 0.004097 0.000181 0.000000 0.002518
0 0 0.989592 0.005807 0.000324 0.000000 0.004278
0 0 0.976574 0.010876 0.001471 0.000000 0.011078
0 0 0.984860 0.010838 0.000544 0.000000 0.003758
0 0 0.983101 0.011862 0.000661 0.000000 0.004376
0 0 0.990821 0.006708 0.000264 0.000000 0.002207
0 0 0.975088 0.015813 0.001241 0.000000 0.007858
0 0 0.968492 0.018848 0.002426 0.000000 0.010234
0 0 0.966766 0.023351 0.002868 0.000000 0.007016
0 0 0.956023 0.029236 0.008161 0.000000 0.006580
0 0 0.968344 0.021850 0.005486 0.000000 0.004321
0 0 0.892439 0.066117 0.031454 0.000001 0.009989
0 0 0.976528 0.014310 0.005462 0.000000 0.003700
0 0 0.962985 0.023937 0.002829 0.000000 0.010250
0 0 0.987162 0.008193 0.001461 0.000000 0.003184
0 0 0.979391 0.012067 0.004353 0.000000 0.004189
0 0 0.985458 0.009480 0.000713 0.000000 0.004349
0 0 0.949383 0.019215 0.016240 0.000002 0.015160
0 0 0.854653 0.051788 0.030928 0.000099 0.062532
0 0 0.923270 0.030002 0.012445 0.000009 0.034273
0 0 0.915690 0.039103 0.006318 0.000001 0.038888
0 0 0.995621 0.003032 0.000063 0.000000 0.001284
0 0 0.993011 0.004582 0.000122 0.000000 0.002285
0 0 0.965833 0.025471 0.001999 0.000000 0.006698
0 0 0.989795 0.005377 0.002550 0.000000 0.002278
0 0 0.986874 0.008245 0.001743 0.000000 0.003138
0 0 0.988388 0.007106 0.002038 0.000000 0.002469
0 0 0.984669 0.008908 0.003690 0.000000 0.002734
0 0 0.964643 0.019411 0.011268 0.000000 0.004678
0 0 0.989567 0.005323 0.003661 0.000000 0.001449
0 0 0.971211 0.017693 0.005427 0.000000 0.005669
0 0 0.987948 0.005573 0.005119 0.000000 0.001360
0 0 0.968578 0.020776 0.006599 0.000000 0.004047
0 0 0.983058 0.009683 0.005035 0.000000 0.002224
0 0 0.985043 0.007652 0.005215 0.000000 0.002091
0 0 0.989336 0.005840 0.003319 0.000000 0.001506
0 0 0.960322 0.024120 0.007434 0.000000 0.008125
0 0 0.987202 0.007845 0.002759 0.000000 0.002194
0 0 0.986624 0.008644 0.002843 0.000000 0.001890
0 0 0.986922 0.006984 0.004383 0.000000 0.001711
0 0 0.975292 0.016158 0.005143 0.000000 0.003407
0 0 0.978865 0.012794 0.005789 0.000000 0.002551
0 0 0.946318 0.040200 0.008154 0.000000 0.005328
0 0 0.984006 0.009856 0.003679 0.000000 0.002459
0 0 0.984396 0.011145 0.001812 0.000000 0.002648
0 0 0.960868 0.022795 0.010612 0.000000 0.005725
0 0 0.987242 0.008550 0.001941 0.000000 0.002267
0 0 0.990162 0.006243 0.001726 0.000000 0.001869
0 0 0.975240 0.017452 0.002140 0.000000 0.005168
0 0 0.991413 0.005769 0.000314 0.000000 0.002503
0 0 0.976950 0.015578 0.001162 0.000000 0.006310
0 0 0.981016 0.012575 0.000847 0.000000 0.005563
0 0 0.953849 0.041030 0.001688 0.000000 0.003433
0 0 0.984024 0.012735 0.000501 0.000000 0.002740
0 0 0.984923 0.009808 0.000588 0.000000 0.004681
0 0 0.902161 0.076666 0.005588 0.000000 0.015584
0 0 0.986835 0.009714 0.000408 0.000000 0.003043
0 0 0.981094 0.014397 0.000689 0.000000 0.003820
0 0 0.977234 0.011645 0.001115 0.000000 0.010006
0 0 0.979286 0.011452 0.001195 0.000000 0.008067
0 0 0.979299 0.011622 0.001155 0.000000 0.007924
0 0 0.985133 0.010567 0.000526 0.000000 0.003774
0 0 0.986915 0.008340 0.000542 0.000000 0.004203
0 0 0.980901 0.011221 0.005776 0.000000 0.002102
0 0 0.964552 0.020290 0.011706 0.000000 0.003453
0 0 0.741009 0.202478 0.043379 0.000000 0.013134
0 0 0.942047 0.039816 0.007650 0.000000 0.010487
0 0 0.971457 0.018276 0.007270 0.000000 0.002998
0 0 0.982959 0.011998 0.001608 0.000000 0.003435
0 0 0.967253 0.025300 0.002542 0.000000 0.004905
0 0 0.699324 0.238306 0.040752 0.000000 0.021617
0 0 0.981044 0.014297 0.001341 0.000000 0.003318
0 0 0.826955 0.141818 0.016884 0.000000 0.014343
0 0 0.974136 0.017872 0.001224 0.000000 0.006768
0 0 0.990641 0.006450 0.000313 0.000000 0.002596
0 0 0.990268 0.007519 0.000258 0.000000 0.001955
0 0 0.825683 0.148830 0.014148 0.000000 0.011340
0 0 0.989056 0.007957 0.000371 0.000000 0.002616
0 0 0.970018 0.024164 0.001324 0.000000 0.004494
0 0 0.892069 0.094916 0.005575 0.000000 0.007439
0 0 0.823680 0.149768 0.014920 0.000000 0.011631
0 0 0.748067 0.203710 0.025208 0.000000 0.023014
0 0 0.849822 0.129403 0.010962 0.000000 0.009813
0 1 0.494824 0.352173 0.117158 0.000007 0.035837
0 1 0.908007 0.059529 0.023010 0.000000 0.009453
1 1 0.359780 0.380267 0.209436 0.000120 0.050397
0 1 0.465862 0.365025 0.129666 0.000011 0.039436
0 1 0.476617 0.357703 0.134108 0.000006 0.031568
2 1 0.312905 0.288875 0.363741 0.000688 0.033791
1 1 0.309663 0.325966 0.323816 0.000478 0.040077
2 1 0.236976 0.288663 0.443228 0.000499 0.030635
2 1 0.270588 0.277212 0.426408 0.000467 0.025324
2 1 0.264204 0.326886 0.370499 0.000602 0.037809
2 1 0.247002 0.347290 0.371316 0.000287 0.034105
2 1 0.198126 0.216018 0.562137 0.002566 0.021152
2 2 0.186768 0.270671 0.515826 0.001174 0.025562
2 2 0.232866 0.081852 0.666720 0.003164 0.015398
2 2 0.100343 0.210025 0.662834 0.003524 0.023274
2 2 0.017696 0.060896 0.905533 0.004419 0.011457
2 2 0.081946 0.248304 0.632495 0.003110 0.034145
2 2 0.034619 0.063310 0.866308 0.014821 0.020942
2 2 0.015695 0.064457 0.905538 0.005132 0.009177
2 2 0.020019 0.009256 0.955627 0.012260 0.002839
2 2 0.004861 0.018262 0.968272 0.004712 0.003893
2 2 0.000464 0.009794 0.987122 0.001335 0.001285
2 2 0.020695 0.100247 0.867420 0.000244 0.011394
2 2 0.013898 0.010470 0.958866 0.012487 0.004280
2 2 0.005295 0.017851 0.969914 0.003394 0.003546
2 2 0.045654 0.143266 0.791994 0.001883 0.017203
2 2 0.006845 0.018386 0.969905 0.001751 0.003113
2 2 0.003504 0.003131 0.900840 0.091206 0.001319
2 2 0.018799 0.011822 0.958676 0.005818 0.004885
2 2 0.005020 0.048315 0.932492 0.005284 0.008890
2 2 0.004855 0.003907 0.904975 0.084346 0.001916
2 2 0.003478 0.002435 0.845716 0.147562 0.000809
2 2 0.000483 0.001037 0.567311 0.430779 0.000391
2 3 0.007957 0.010148 0.865194 0.110701 0.006000
2 3 0.000244 0.000930 0.574825 0.423406 0.000596
3 3 0.000653 0.000278 0.131029 0.867871 0.000169
3 3 0.000183 0.000088 0.055514 0.944117 0.000098
3 3 0.000356 0.000137 0.086805 0.912576 0.000126
3 3 0.000317 0.000078 0.043770 0.955773 0.000063
3 3 0.000462 0.000367 0.128501 0.870208 0.000462
3 3 0.000386 0.000118 0.038940 0.960458 0.000098
3 3 0.000454 0.000070 0.028885 0.970519 0.000073
3 3 0.000200 0.000054 0.045406 0.954304 0.000036
3 3 0.000244 0.000057 0.029690 0.969955 0.000053
3 3 0.000786 0.000126 0.056668 0.942355 0.000064
3 3 0.000298 0.000062 0.020716 0.978829 0.000096
3 3 0.000453 0.000083 0.030287 0.969102 0.000074
3 3 0.000279 0.000052 0.024658 0.974976 0.000034
3 3 0.000420 0.000135 0.053471 0.945861 0.000113
3 3 0.000461 0.000045 0.014440 0.984999 0.000055
3 3 0.000535 0.000052 0.010072 0.989228 0.000112
3 3 0.000368 0.000036 0.017145 0.982405 0.000046
3 3 0.000137 0.000014 0.008054 0.991776 0.000019
3 3 0.000084 0.000010 0.010881 0.989017 0.000007
3 3 0.000150 0.000013 0.008642 0.991181 0.000014
3 3 0.000425 0.000028 0.006833 0.992649 0.000066
3 3 0.000629 0.000042 0.011874 0.987398 0.000058
3 3 0.000461 0.000026 0.007067 0.992404 0.000042
3 3 0.000179 0.000020 0.009520 0.990255 0.000026
3 3 0.000282 0.000014 0.005688 0.993995 0.000020
3 3 0.000332 0.000022 0.006226 0.993380 0.000041
3 3 0.000183 0.000013 0.010049 0.989746 0.000010
3 3 0.000155 0.000013 0.010442 0.989379 0.000011
3 3 0.000210 0.000023 0.009749 0.989993 0.000025
3 3 0.000177 0.000012 0.011751 0.988054 0.000005
3 3 0.000231 0.000014 0.009508 0.990233 0.000014
3 3 0.000177 0.000018 0.017215 0.982579 0.000011
3 3 0.000240 0.000014 0.007241 0.992475 0.000030
3 3 0.000115 0.000006 0.006842 0.993033 0.000003
3 3 0.000196 0.000015 0.011093 0.988682 0.000014
3 3 0.000235 0.000026 0.016416 0.983299 0.000024
3 3 0.000348 0.000021 0.006580 0.993023 0.000029
3 3 0.000193 0.000014 0.006717 0.993054 0.000023
3 3 0.000159 0.000020 0.011989 0.987812 0.000019
3 3 0.000286 0.000037 0.021982 0.977669 0.000026
3 3 0.000348 0.000028 0.007740 0.991828 0.000056
3 3 0.000313 0.000010 0.003140 0.996517 0.000020
3 3 0.000255 0.000022 0.007706 0.991981 0.000036
3 3 0.000144 0.000014 0.008754 0.991063 0.000026
3 3 0.000181 0.000012 0.006017 0.993772 0.000018
3 3 0.000256 0.000021 0.008187 0.991506 0.000030
3 3 0.000251 0.000011 0.005702 0.994024 0.000012
3 3 0.000330 0.000030 0.008566 0.991025 0.000049
3 3 0.000257 0.000010 0.003762 0.995956 0.000015
3 3 0.000175 0.000007 0.004844 0.994967 0.000007
3 3 0.000326 0.000014 0.004594 0.995046 0.000020
3 3 0.000155 0.000007 0.004289 0.995539 0.000010
3 3 0.000139 0.000007 0.004607 0.995232 0.000015
3 3 0.000133 0.000008 0.008456 0.991399 0.000004
3 3 0.000099 0.000007 0.008285 0.991606 0.000004
3 3 0.000181 0.000013 0.005947 0.993838 0.000021
3 3 0.000180 0.000031 0.014194 0.985550 0.000045
3 3 0.000365 0.000015 0.005818 0.993782 0.000020
3 3 0.000227 0.000017 0.006736 0.992985 0.000035
3 3 0.000412 0.000034 0.008077 0.991393 0.000084
3 3 0.000105 0.000008 0.007636 0.992246 0.000005
3 3 0.000100 0.000013 0.009205 0.990661 0.000021
3 3 0.000186 0.000019 0.008909 0.990866 0.000019
3 3 0.000253 0.000010 0.003812 0.995910 0.000015
3 3 0.000174 0.000008 0.005173 0.994637 0.000007
3 3 0.000154 0.000047 0.030194 0.969548 0.000058
3 3 0.000320 0.000059 0.023702 0.975823 0.000096
3 2 0.018834 0.007654 0.230724 0.739356 0.003431
2 2 0.136642 0.060255 0.503749 0.276041 0.023313
3 2 0.057786 0.012569 0.364415 0.560325 0.004905
2 2 0.034785 0.107783 0.847237 0.001038 0.009157
2 2 0.097851 0.185895 0.702531 0.000810 0.012913
2 2 0.017569 0.013891 0.964058 0.002221 0.002262
2 2 0.003997 0.012550 0.974148 0.006702 0.002603
2 2 0.012153 0.032066 0.948403 0.001082 0.006296
2 2 0.003923 0.060194 0.924158 0.001568 0.010156
2 2 0.016340 0.098081 0.869206 0.001194 0.015178
2 2 0.007337 0.055726 0.930732 0.000221 0.005983
2 2 0.086093 0.058932 0.841354 0.001558 0.012063
2 2 0.005752 0.035760 0.953997 0.000894 0.003596
2 2 0.013276 0.008989 0.967185 0.006737 0.003812
2 2 0.001126 0.024466 0.963326 0.005761 0.005321
2 2 0.003554 0.025593 0.958933 0.005226 0.006694
2 2 0.006809 0.024121 0.960857 0.002151 0.006062
2 2 0.003162 0.010550 0.970354 0.010883 0.005051
2 2 0.002186 0.009561 0.945113 0.033431 0.009709
2 2 0.006613 0.017261 0.929351 0.035750 0.011026
2 2 0.000454 0.012599 0.953348 0.030302 0.003298
2 2 0.003476 0.023526 0.958178 0.007101 0.007719
2 2 0.000562 0.032728 0.951355 0.001697 0.013657
2 4 0.011128 0.151758 0.775587 0.003364 0.058162
2 4 0.008511 0.155284 0.758546 0.001564 0.076095
2 4 0.004333 0.167804 0.677700 0.001411 0.148752
2 4 0.018634 0.114234 0.712417 0.002628 0.152088
2 4 0.004419 0.166827 0.668824 0.002027 0.157903
2 4 0.060048 0.143367 0.467422 0.003703 0.325460
2 4 0.044794 0.336514 0.416555 0.003843 0.198294
2 4 0.043486 0.290015 0.541767 0.002852 0.121880
2 4 0.011159 0.135320 0.487565 0.005933 0.360023
2 4 0.006133 0.206876 0.569804 0.000642 0.216544
2 4 0.017834 0.293039 0.534734 0.000793 0.153599
2 4 0.013995 0.245279 0.604985 0.000504 0.135237
2 4 0.003885 0.201232 0.596981 0.000427 0.197475
2 4 0.008712 0.183339 0.699241 0.000845 0.107862
2 4 0.002611 0.133791 0.734500 0.000611 0.128487
2 4 0.000611 0.029766 0.960259 0.000840 0.008524
2 2 0.000378 0.017566 0.968460 0.002556 0.011040
2 2 0.003063 0.024878 0.960918 0.002321 0.008820
2 2 0.000248 0.022974 0.957528 0.000569 0.018681
2 2 0.003282 0.078769 0.901524 0.000435 0.015990
2 2 0.007078 0.075567 0.812647 0.007643 0.097064
2 4 0.001990 0.122457 0.768317 0.000845 0.106391
2 4 0.006007 0.133131 0.796485 0.001697 0.062679
2 4 0.002446 0.131651 0.765035 0.000741 0.100126
2 4 0.000937 0.087475 0.828282 0.000711 0.082596
4 4 0.022197 0.094658 0.407820 0.007127 0.468199
4 4 0.103092 0.167322 0.249587 0.010741 0.469259
1 4 0.236452 0.387509 0.204041 0.002255 0.169744
4 4 0.012120 0.065594 0.380147 0.023735 0.518404
4 4 0.052591 0.065125 0.267141 0.016539 0.598605
2 4 0.015329 0.181688 0.776791 0.000221 0.025971
2 4 0.004822 0.102490 0.870235 0.000107 0.022345
2 4 0.000319 0.047389 0.926887 0.000127 0.025279
2 4 0.000179 0.032561 0.939462 0.000559 0.027239
2 2 0.000743 0.031428 0.958907 0.000367 0.008555
2 2 0.000397 0.017284 0.976669 0.000436 0.005213
2 2 0.000221 0.015315 0.979971 0.000604 0.003889
2 2 0.000101 0.009094 0.986963 0.001363 0.002479
2 2 0.001135 0.024263 0.961109 0.001893 0.011601
2 2 0.000318 0.016894 0.978080 0.000296 0.004412
2 2 0.000824 0.019484 0.976120 0.000503 0.003069
2 2 0.000157 0.004492 0.985337 0.008289 0.001725
2 2 0.000951 0.008223 0.987171 0.001280 0.002376
2 2 0.000300 0.006181 0.984463 0.007214 0.001842
2 2 0.000042 0.005420 0.991648 0.001063 0.001827
2 2 0.000215 0.007505 0.989152 0.001313 0.001816
2 2 0.000281 0.006725 0.982888 0.006665 0.003441
2 2 0.000859 0.005375 0.987026 0.005102 0.001639
2 2 0.000280 0.007926 0.987414 0.002321 0.002059
2 2 0.000890 0.011790 0.984609 0.000516 0.002195
2 2 0.001603 0.004729 0.981090 0.010754 0.001824
2 2 0.000685 0.004668 0.984319 0.008259 0.002068
2 2 0.002697 0.003435 0.964778 0.027558 0.001532
2 2 0.001594 0.016594 0.975362 0.001144 0.005305
2 2 0.003611 0.010246 0.949208 0.030925 0.006010
2 2 0.001650 0.003495 0.918556 0.073723 0.002576
2 2 0.000470 0.001170 0.737023 0.260655 0.000682
2 2 0.000619 0.001982 0.780071 0.216548 0.000780
2 2 0.002033 0.004226 0.875830 0.114778 0.003133
2 2 0.001913 0.003254 0.855589 0.136683 0.002560
2 2 0.001072 0.004589 0.836742 0.153587 0.004009
2 2 0.000437 0.002327 0.702577 0.293124 0.001536
2 2 0.002433 0.004260 0.927540 0.063322 0.002445
2 2 0.001861 0.001688 0.665246 0.330436 0.000769
2 2 0.000294 0.001377 0.574800 0.422665 0.000864
3 2 0.001019 0.000905 0.211195 0.786296 0.000585
3 2 0.000810 0.001250 0.431770 0.565205 0.000965
3 2 0.000540 0.000659 0.311207 0.687183 0.000412
3 2 0.000994 0.002154 0.492128 0.503758 0.000965
3 2 0.000662 0.000670 0.316877 0.681473 0.000319
2 2 0.000397 0.001275 0.709156 0.288632 0.000539
2 2 0.000972 0.007078 0.760093 0.225667 0.006190
2 2 0.004856 0.004059 0.551826 0.436974 0.002285
2 2 0.165839 0.235998 0.571374 0.002868 0.023921
2 2 0.308554 0.259452 0.408744 0.000252 0.022998
2 2 0.004735 0.012205 0.975473 0.004174 0.003414
2 2 0.002840 0.007108 0.959197 0.028737 0.002119
2 2 0.003220 0.013741 0.963163 0.015104 0.004771
2 2 0.009403 0.010951 0.954073 0.021763 0.003809
2 2 0.005478 0.008183 0.896494 0.084668 0.005178
2 2 0.011019 0.006635 0.818834 0.161262 0.002250
2 2 0.006177 0.008214 0.782400 0.196350 0.006860
2 2 0.004579 0.003965 0.625881 0.363026 0.002548
2 2 0.013939 0.009121 0.627154 0.341225 0.008561
3 2 0.001100 0.001568 0.280656 0.715382 0.001294
3 3 0.000305 0.000197 0.082693 0.916625 0.000180
3 3 0.001355 0.000654 0.102673 0.894812 0.000507
3 3 0.001260 0.000399 0.091001 0.906918 0.000422
3 3 0.002172 0.000516 0.106806 0.890121 0.000385
3 3 0.003608 0.000664 0.110955 0.884256 0.000517
3 3 0.001131 0.000104 0.012716 0.985891 0.000159
3 3 0.000350 0.000020 0.007805 0.991805 0.000019
3 3 0.001285 0.000152 0.018564 0.979815 0.000184
3 3 0.000637 0.000045 0.010255 0.989002 0.000060
3 3 0.000819 0.000060 0.010622 0.988430 0.000070
3 3 0.002301 0.000210 0.021267 0.975973 0.000249
3 3 0.001461 0.000117 0.013268 0.984992 0.000163
3 3 0.000447 0.000026 0.007031 0.992465 0.000031
3 3 0.000670 0.000046 0.007572 0.991650 0.000062
3 3 0.000695 0.000060 0.012289 0.986895 0.000062
3 3 0.000564 0.000040 0.007536 0.991790 0.000069
3 3 0.000538 0.000060 0.014176 0.985120 0.000106
3 3 0.000261 0.000012 0.004265 0.995446 0.000016
3 3 0.000175 0.000016 0.011460 0.988337 0.000012
3 3 0.000141 0.000012 0.006564 0.993259 0.000024
3 3 0.000490 0.000043 0.014183 0.985245 0.000040
3 3 0.000783 0.000047 0.008383 0.990720 0.000067
3 3 0.000119 0.000011 0.009013 0.990849 0.000009
3 3 0.000196 0.000018 0.008054 0.991703 0.000028
3 3 0.000207 0.000014 0.006084 0.993673 0.000022
3 3 0.000440 0.000034 0.012206 0.987295 0.000025
3 3 0.000295 0.000011 0.003487 0.996189 0.000019
3 3 0.000246 0.000013 0.004874 0.994849 0.000018
3 3 0.000268 0.000023 0.007732 0.991939 0.000037
3 3 0.000316 0.000021 0.008064 0.991580 0.000018
3 3 0.000334 0.000011 0.003743 0.995891 0.000021
3 3 0.000186 0.000022 0.010087 0.989674 0.000031
3 3 0.000187 0.000018 0.008175 0.991604 0.000017
3 3 0.000206 0.000012 0.010388 0.989386 0.000009
3 3 0.000480 0.000023 0.004907 0.994538 0.000053
3 3 0.000253 0.000012 0.004262 0.995456 0.000018
3 3 0.000300 0.000030 0.009062 0.990532 0.000077
3 3 0.000135 0.000007 0.005760 0.994093 0.000005
3 3 0.000442 0.000050 0.015657 0.983797 0.000055
3 3 0.000302 0.000015 0.004892 0.994772 0.000020
3 3 0.000524 0.000025 0.006723 0.992691 0.000036
3 3 0.000502 0.000023 0.005407 0.994025 0.000043
3 3 0.000444 0.000032 0.007970 0.991493 0.000060
3 3 0.000331 0.000022 0.006480 0.993128 0.000039
3 3 0.000147 0.000007 0.003728 0.996108 0.000010
3 3 0.000447 0.000038 0.008393 0.991007 0.000115
3 3 0.000210 0.000019 0.007593 0.992142 0.000037
3 3 0.000264 0.000028 0.009690 0.989975 0.000044
3 3 0.000478 0.000032 0.006940 0.992487 0.000062
3 3 0.000289 0.000024 0.007681 0.991978 0.000029
3 3 0.000456 0.000035 0.007795 0.991654 0.000061
3 3 0.000246 0.000023 0.009086 0.990622 0.000023
3 3 0.000214 0.000009 0.005109 0.994659 0.000009
3 3 0.000496 0.000052 0.010603 0.988703 0.000146
3 3 0.000989 0.000081 0.009454 0.989231 0.000245
3 3 0.000973 0.000051 0.006421 0.992408 0.000148
3 3 0.000451 0.000025 0.005728 0.993738 0.000057
3 3 0.000218 0.000015 0.006427 0.993322 0.000018
3 3 0.001710 0.000087 0.010320 0.987701 0.000182
3 3 0.000189 0.000015 0.006731 0.993040 0.000025
3 3 0.000738 0.000058 0.008621 0.990426 0.000157
3 3 0.000275 0.000018 0.005942 0.993731 0.000034
3 3 0.000576 0.000029 0.005356 0.993969 0.000069
3 3 0.000659 0.000035 0.006211 0.993017 0.000078
3 3 0.000243 0.000024 0.008960 0.990746 0.000027
3 3 0.000669 0.000024 0.004049 0.995197 0.000061
3 3 0.000352 0.000018 0.005654 0.993949 0.000027
3 3 0.001911 0.000111 0.009677 0.988063 0.000238
3 3 0.000564 0.000034 0.009811 0.989556 0.000035
3 3 0.000451 0.000034 0.007466 0.991952 0.000098
3 3 0.001851 0.000705 0.139781 0.856822 0.000841
3 2 0.056863 0.021835 0.405089 0.505400 0.010814
2 2 0.161324 0.108563 0.596091 0.104127 0.029895
2 2 0.142125 0.067360 0.663435 0.111170 0.015911
2 2 0.015218 0.004552 0.651284 0.327845 0.001101
2 2 0.000399 0.005683 0.957009 0.034971 0.001939
2 2 0.003189 0.020908 0.952377 0.014643 0.008883
2 2 0.080977 0.094954 0.763709 0.032439 0.027921
2 2 0.002494 0.008833 0.949424 0.037287 0.001961
2 2 0.022045 0.029626 0.939388 0.004672 0.004270
2 2 0.047279 0.070220 0.860401 0.001234 0.020865
2 2 0.003521 0.013598 0.977854 0.003151 0.001876
2 2 0.004183 0.039463 0.947822 0.000432 0.008101
2 2 0.014577 0.033052 0.945217 0.001209 0.005945
2 2 0.010523 0.056982 0.926324 0.000138 0.006033
2 2 0.004528 0.021705 0.965429 0.005963 0.002376
2 2 0.011467 0.012512 0.967536 0.006580 0.001904
2 2 0.005421 0.038102 0.950402 0.001740 0.004336
2 2 0.004862 0.041980 0.945614 0.001388 0.006156
2 2 0.002461 0.009547 0.962137 0.024090 0.001766
2 2 0.015193 0.044678 0.933981 0.001134 0.005014
2 2 0.029444 0.030144 0.933565 0.002709 0.004139
2 2 0.020818 0.041786 0.922343 0.005446 0.009607
2 2 0.034854 0.017501 0.942514 0.002243 0.002888
2 2 0.048004 0.038523 0.893510 0.004122 0.015840
2 2 0.057655 0.024460 0.889242 0.020198 0.008445
2 2 0.066552 0.035722 0.876065 0.013842 0.007819
2 2 0.058577 0.083063 0.796342 0.039125 0.022892
2 2 0.020332 0.075820 0.848375 0.043025 0.012449
2 2 0.052025 0.031309 0.864029 0.041644 0.010993
2 2 0.182839 0.111432 0.681430 0.004164 0.020134
2 2 0.037313 0.068715 0.875930 0.002662 0.015380
2 2 0.010009 0.043011 0.940695 0.000955 0.005329
2 2 0.002937 0.022830 0.971318 0.000923 0.001993
2 2 0.032001 0.056820 0.900008 0.002346 0.008826
2 2 0.018957 0.080162 0.886007 0.000700 0.014175
2 2 0.005232 0.015888 0.970468 0.007062 0.001350
2 2 0.003394 0.037012 0.953841 0.000371 0.005381
2 2 0.006386 0.032385 0.957449 0.000918 0.002862
2 2 0.051196 0.049923 0.892545 0.000543 0.005792
2 2 0.092580 0.033892 0.866668 0.000651 0.006209
2 2 0.002196 0.024481 0.969585 0.001038 0.002699
2 2 0.011956 0.024304 0.956650 0.003227 0.003863
2 2 0.029188 0.019335 0.943421 0.003036 0.005020
2 2 0.034360 0.039531 0.919473 0.000758 0.005878
2 2 0.008829 0.034345 0.949029 0.002429 0.005368
2 2 0.044221 0.036977 0.907404 0.001627 0.009771
2 2 0.012973 0.020004 0.958037 0.005182 0.003805
2 2 0.057454 0.036962 0.888179 0.003609 0.013797
2 2 0.073718 0.042422 0.875981 0.001629 0.006250
2 2 0.072576 0.028673 0.889863 0.002845 0.006042
2 2 0.035118 0.029440 0.917779 0.009731 0.007933
2 2 0.010113 0.020379 0.953104 0.011258 0.005146
2 2 0.068165 0.033065 0.887768 0.003180 0.007822
2 2 0.096846 0.037906 0.841264 0.017503 0.006481
2 2 0.007757 0.050879 0.934717 0.000482 0.006166
2 2 0.008159 0.020018 0.959426 0.007684 0.004713
2 2 0.011824 0.023102 0.960491 0.001797 0.002786
2 2 0.012068 0.044725 0.932588 0.001671 0.008949
2 2 0.002461 0.027059 0.963972 0.002775 0.003733
2 2 0.018711 0.012824 0.944077 0.022327 0.002062
2 2 0.051711 0.031404 0.900522 0.006629 0.009734
2 2 0.042305 0.021855 0.927272 0.004252 0.004316
2 2 0.017077 0.046492 0.930175 0.001488 0.004767
2 2 0.018593 0.026382 0.931278 0.011210 0.012538
2 2 0.009847 0.017512 0.950144 0.019300 0.003197
2 2 0.018066 0.022587 0.951729 0.003926 0.003692
2 2 0.036279 0.024440 0.911097 0.021803 0.006381
2 2 0.118472 0.092249 0.716253 0.053168 0.019858
2 2 0.029468 0.077470 0.859110 0.017279 0.016674
2 2 0.019525 0.029173 0.920902 0.023668 0.006732
2 2 0.029171 0.028781 0.916338 0.014946 0.010765
2 2 0.006510 0.060284 0.924758 0.000555 0.007893
2 4 0.014645 0.075026 0.871708 0.001411 0.037210
2 4 0.003117 0.074466 0.899475 0.001284 0.021658
2 4 0.014190 0.160429 0.610979 0.001106 0.213297
2 4 0.029823 0.346476 0.431065 0.000246 0.192390
2 4 0.020400 0.314016 0.457630 0.000513 0.207440
1 4 0.104644 0.416610 0.341238 0.001251 0.136257
2 4 0.029012 0.234452 0.498511 0.001941 0.236085
1 4 0.079630 0.430669 0.345579 0.000019 0.144103
1 4 0.097639 0.438210 0.297430 0.000052 0.166668
2 4 0.038693 0.380800 0.427695 0.000013 0.152800
0 0 0.825718 0.124832 0.019394 0.000001 0.030056
0 1 0.792762 0.173424 0.023535 0.000000 0.010280
0 1 0.487640 0.353718 0.126488 0.000005 0.032149
1 2 0.213786 0.413713 0.313971 0.000018 0.058512
1 2 0.155318 0.417609 0.363024 0.000037 0.064012
2 2 0.030581 0.342547 0.488588 0.000098 0.138186
2 2 0.006438 0.144479 0.783798 0.000237 0.065047
2 4 0.033160 0.119338 0.745138 0.013410 0.088953
2 4 0.016542 0.117995 0.538131 0.021973 0.305359
0 4 0.354874 0.154861 0.258954 0.039784 0.191528
2 4 0.052282 0.306547 0.469344 0.011816 0.160010
4 4 0.084100 0.063422 0.270262 0.019653 0.562562
4 4 0.417460 0.019989 0.013672 0.004583 0.544296
4 4 0.212447 0.015265 0.018076 0.005250 0.748962
4 4 0.403180 0.020544 0.013508 0.003312 0.559456
4 4 0.277508 0.013964 0.024193 0.012301 0.672034
0 4 0.500372 0.075452 0.023512 0.001207 0.399456
2 4 0.031088 0.128241 0.455534 0.015500 0.369637
4 4 0.008824 0.110950 0.300754 0.016227 0.563246
0 4 0.508547 0.101999 0.174726 0.024892 0.189836
2 4 0.031661 0.188345 0.486161 0.033330 0.260503
2 4 0.130155 0.127519 0.331903 0.093620 0.316802
4 4 0.030808 0.141572 0.270054 0.012076 0.545490
2 4 0.043118 0.166710 0.381266 0.032208 0.376698
4 4 0.063636 0.145162 0.216035 0.033706 0.541461
4 4 0.239534 0.161314 0.112003 0.001964 0.485186
4 4 0.042178 0.080047 0.129975 0.011062 0.736738
4 4 0.148887 0.030252 0.062018 0.005728 0.753115
4 4 0.093984 0.061582 0.067560 0.006653 0.770221
4 4 0.246129 0.068670 0.118732 0.051114 0.515356
4 4 0.134945 0.120763 0.166460 0.047723 0.530109
0 4 0.386345 0.286583 0.085386 0.005666 0.236021
4 4 0.058539 0.057372 0.074951 0.014299 0.794839
4 4 0.191953 0.067209 0.052412 0.005085 0.683341
4 4 0.040310 0.041540 0.056699 0.004284 0.857166
4 4 0.194610 0.027399 0.050131 0.021094 0.706766
4 4 0.187140 0.023742 0.082303 0.011778 0.695037
4 4 0.339054 0.134564 0.070511 0.006247 0.449624
4 4 0.132184 0.195177 0.188756 0.005571 0.478312
4 4 0.034172 0.056804 0.141366 0.007176 0.760482
4 4 0.120477 0.155003 0.190516 0.003313 0.530690
4 4 0.193965 0.132939 0.077572 0.004980 0.590545
0 4 0.511444 0.045211 0.032431 0.012059 0.398855
4 4 0.282203 0.049164 0.038155 0.012788 0.617691
4 4 0.406423 0.076934 0.045235 0.014048 0.457360
4 4 0.309829 0.027563 0.037328 0.003781 0.621498
4 4 0.039319 0.042205 0.112526 0.012978 0.792971
2 4 0.003539 0.120291 0.742230 0.006439 0.127502
2 4 0.002380 0.090105 0.656998 0.009537 0.240980
2 4 0.074558 0.285194 0.472468 0.056040 0.111740
2 4 0.080658 0.175243 0.547708 0.023410 0.172981
2 4 0.011769 0.155164 0.672072 0.015691 0.145304
2 4 0.007866 0.134114 0.527512 0.011582 0.318926
2 4 0.005235 0.176268 0.625720 0.002877 0.189901
4 4 0.030596 0.134663 0.334674 0.012466 0.487600
2 4 0.021450 0.157909 0.712108 0.004921 0.103613
2 4 0.011463 0.199454 0.643716 0.005191 0.140176
2 4 0.006584 0.161400 0.692273 0.011398 0.128345
2 4 0.008322 0.203565 0.614923 0.008499 0.164691
2 4 0.053891 0.187864 0.543351 0.019830 0.195063
2 4 0.005538 0.155485 0.672530 0.002995 0.163452
2 4 0.060199 0.336984 0.347106 0.004775 0.250936
2 4 0.002807 0.125194 0.761245 0.001340 0.109414
2 4 0.003564 0.145258 0.720187 0.000688 0.130303
2 4 0.001476 0.124989 0.708120 0.000826 0.164590
2 4 0.008494 0.172518 0.703279 0.002929 0.112780
2 4 0.012198 0.209228 0.653945 0.001169 0.123459
4 4 0.034323 0.283731 0.292457 0.003180 0.386309
4 4 0.045081 0.075596 0.189684 0.009560 0.680078
4 4 0.197778 0.129007 0.126539 0.006310 0.540367
4 4 0.044896 0.232991 0.267360 0.011493 0.443260
4 4 0.025722 0.089311 0.306982 0.028326 0.549658
2 4 0.036780 0.176962 0.567622 0.013875 0.204761
2 4 0.001107 0.107507 0.718176 0.002860 0.170351
2 4 0.005481 0.117251 0.642687 0.003584 0.230996
2 4 0.001849 0.126835 0.714893 0.002921 0.153503
2 4 0.001239 0.077404 0.759459 0.005187 0.156711
2 2 0.000179 0.040578 0.920550 0.000449 0.038244
2 2 0.000311 0.051389 0.908893 0.000386 0.039021
2 2 0.001355 0.047148 0.935490 0.000277 0.015729
2 2 0.000863 0.047945 0.932435 0.000163 0.018594
2 2 0.014214 0.190431 0.754252 0.000348 0.040755
2 2 0.000400 0.026714 0.965199 0.000071 0.007616
2 2 0.000058 0.007062 0.990345 0.000623 0.001912
2 2 0.000255 0.015901 0.979943 0.000105 0.003796
2 2 0.000097 0.010899 0.985836 0.000151 0.003017
2 2 0.000179 0.015204 0.980361 0.000121 0.004136
2 2 0.000274 0.017215 0.978115 0.000217 0.004180
2 2 0.000581 0.023396 0.971628 0.000091 0.004304
2 2 0.000360 0.015651 0.980604 0.000081 0.003304
2 2 0.000099 0.006991 0.991156 0.000223 0.001531
2 2 0.002685 0.015966 0.961106 0.000617 0.019626
2 2 0.000246 0.025537 0.962874 0.000416 0.010926
2 2 0.000026 0.004105 0.994263 0.000537 0.001069
2 2 0.000027 0.004669 0.993060 0.000946 0.001297
2 2 0.001710 0.011800 0.981547 0.000797 0.004147
2 2 0.000173 0.010990 0.985655 0.000466 0.002716
2 2 0.000308 0.016049 0.979041 0.000305 0.004297
2 2 0.000369 0.008912 0.988936 0.000682 0.001101
2 2 0.000179 0.006432 0.989521 0.002276 0.001592
2 2 0.001055 0.017324 0.974211 0.000952 0.006457
2 2 0.001455 0.020063 0.973806 0.000333 0.004343
2 2 0.001183 0.007998 0.984641 0.003873 0.002306
2 2 0.000515 0.007709 0.984095 0.004622 0.003059
2 2 0.000301 0.007562 0.976611 0.012732 0.002794
2 2 0.000107 0.002785 0.985879 0.010528 0.000701
2 2 0.000053 0.002522 0.990284 0.006680 0.000461
2 2 0.000476 0.012396 0.980620 0.002981 0.003528
2 2 0.000386 0.006551 0.987092 0.004931 0.001039
2 2 0.000375 0.002885 0.970055 0.025590 0.001094
2 2 0.005304 0.008087 0.970778 0.011932 0.003900
2 2 0.123516 0.272779 0.570466 0.000639 0.032600
2 2 0.001179 0.039294 0.949870 0.000130 0.009528
2 2 0.000860 0.025861 0.968183 0.000114 0.004982
2 2 0.001045 0.015088 0.981643 0.000066 0.002158
2 2 0.002328 0.026616 0.966581 0.000954 0.003522
2 2 0.001922 0.029457 0.965315 0.000025 0.003281
2 2 0.001075 0.025297 0.970125 0.000037 0.003466
2 2 0.006220 0.042581 0.943797 0.000101 0.007301
2 2 0.005468 0.016889 0.974135 0.001296 0.002213
2 2 0.002632 0.022080 0.973228 0.000269 0.001792
2 2 0.007634 0.023873 0.967382 0.000107 0.001004
2 2 0.001107 0.016852 0.978988 0.000189 0.002864
2 2 0.001268 0.018177 0.978077 0.000236 0.002242
2 2 0.001472 0.023107 0.972649 0.000060 0.002712
2 2 0.003965 0.022224 0.971821 0.000411 0.001580
2 2 0.003721 0.033269 0.958940 0.000083 0.003988
2 2 0.003075 0.024961 0.969972 0.000030 0.001962
2 2 0.006622 0.020430 0.970070 0.000271 0.002607
2 2 0.000804 0.026722 0.966280 0.000059 0.006135
2 2 0.000732 0.015972 0.979965 0.000590 0.002741
2 2 0.000936 0.007780 0.984910 0.004852 0.001522
2 2 0.006613 0.015113 0.967383 0.008039 0.002851
2 2 0.007306 0.010202 0.943021 0.033881 0.005590
2 2 0.003318 0.013014 0.969593 0.009497 0.004580
2 2 0.004394 0.004499 0.904225 0.085276 0.001605
2 2 0.002116 0.009498 0.936055 0.048095 0.004236
2 2 0.037654 0.010005 0.795396 0.152013 0.004931
3 2 0.000383 0.001369 0.400556 0.595102 0.002590
3 2 0.000293 0.000268 0.188727 0.810595 0.000116
3 2 0.000749 0.001585 0.300358 0.695372 0.001936
3 3 0.000492 0.000942 0.224670 0.772677 0.001219
3 3 0.000420 0.000438 0.118189 0.880458 0.000495
3 3 0.000572 0.000278 0.087992 0.910915 0.000243
3 3 0.000379 0.000226 0.064975 0.934201 0.000219
3 3 0.000783 0.000851 0.164422 0.832397 0.001547
3 3 0.000214 0.000122 0.092869 0.906713 0.000082
3 3 0.000840 0.000531 0.130418 0.867726 0.000485
3 3 0.000429 0.000605 0.116789 0.881132 0.001045
3 3 0.000463 0.000360 0.103578 0.895337 0.000262
3 3 0.000634 0.000555 0.105475 0.892607 0.000729
3 3 0.000253 0.000200 0.074289 0.925051 0.000207
3 3 0.000449 0.000150 0.060450 0.938843 0.000108
3 3 0.000897 0.000206 0.075606 0.923200 0.000092
3 3 0.000465 0.000435 0.122312 0.875962 0.000826
3 3 0.000484 0.000140 0.039136 0.960176 0.000063
3 3 0.000680 0.000225 0.067743 0.931157 0.000194
3 3 0.000122 0.000123 0.090790 0.908871 0.000095
3 3 0.000203 0.000057 0.033383 0.966327 0.000030
3 3 0.000364 0.000333 0.104303 0.894590 0.000410
3 3 0.000209 0.000119 0.064885 0.934727 0.000060
3 3 0.000791 0.000296 0.065908 0.932790 0.000215
3 3 0.000546 0.000171 0.041630 0.957524 0.000129
3 3 0.001331 0.001132 0.124809 0.871689 0.001039
3 3 0.001892 0.000685 0.102506 0.894504 0.000412
3 3 0.000345 0.000216 0.079185 0.920036 0.000218
3 3 0.002331 0.001375 0.193666 0.801531 0.001097
3 3 0.000843 0.001483 0.325578 0.669847 0.002249
3 3 0.002411 0.003230 0.377392 0.614390 0.002577
2 2 0.008815 0.018041 0.629035 0.319373 0.024736
2 2 0.002125 0.009469 0.626086 0.349144 0.013175
2 2 0.034699 0.033740 0.605306 0.302549 0.023706
2 2 0.000150 0.005794 0.977720 0.015159 0.001176
2 2 0.001441 0.018120 0.960931 0.010725 0.008784
2 2 0.000363 0.005291 0.898467 0.093071 0.002807
2 2 0.000844 0.014622 0.952133 0.024435 0.007966
2 2 0.000522 0.028797 0.955131 0.002872 0.012679
2 2 0.001227 0.063908 0.801668 0.014837 0.118360
2 1 0.250537 0.114218 0.494600 0.005994 0.134651
2 2 0.016354 0.205568 0.704413 0.000540 0.073124
2 2 0.003403 0.101798 0.810837 0.000891 0.083071
2 2 0.002193 0.042309 0.852870 0.008168 0.094461
2 4 0.004327 0.191850 0.553976 0.001642 0.248206
2 4 0.006035 0.208698 0.555789 0.001435 0.228042
2 4 0.017168 0.111740 0.523079 0.005545 0.342468
2 4 0.019525 0.282748 0.470642 0.005280 0.221805
2 4 0.063128 0.320805 0.403371 0.001690 0.211005
4 4 0.005266 0.077077 0.430830 0.009823 0.477004
2 4 0.004703 0.213205 0.497223 0.000385 0.284484
4 4 0.015402 0.100684 0.398116 0.002237 0.483561
2 4 0.009097 0.145734 0.607338 0.004032 0.233799
2 4 0.057144 0.346324 0.436510 0.003261 0.156761
2 4 0.075862 0.343681 0.458326 0.002418 0.119714
2 4 0.100009 0.202433 0.563370 0.012170 0.122018
2 4 0.003372 0.170262 0.635306 0.000608 0.190452
2 4 0.005212 0.189161 0.620857 0.001410 0.183359
2 4 0.118958 0.295226 0.488029 0.003351 0.094436
2 4 0.004141 0.142674 0.652087 0.000951 0.200147
2 4 0.002077 0.143956 0.618793 0.001368 0.233805
2 4 0.002187 0.137054 0.638261 0.003514 0.218984
2 4 0.012956 0.230466 0.546820 0.004870 0.204888
4 4 0.018329 0.081216 0.395239 0.003659 0.501557
4 4 0.103562 0.194755 0.196482 0.004161 0.501041
2 4 0.033325 0.339222 0.376089 0.002052 0.249311
2 4 0.065645 0.233011 0.423844 0.003825 0.273675
2 4 0.007917 0.224432 0.455272 0.000553 0.311826
2 4 0.006655 0.230613 0.427570 0.001130 0.334032
1 4 0.102046 0.367113 0.360866 0.009019 0.160956
1 4 0.313183 0.351777 0.244854 0.002714 0.087473
2 4 0.010823 0.152726 0.429516 0.004499 0.402436
4 4 0.090572 0.139500 0.377669 0.013289 0.378969
2 4 0.180242 0.307714 0.333759 0.018407 0.159878
2 1 0.093307 0.322336 0.380958 0.000861 0.202539
2 2 0.004952 0.133934 0.685541 0.001296 0.174277
2 4 0.011018 0.210535 0.606499 0.005322 0.166626
2 4 0.077464 0.193889 0.394595 0.008362 0.325690
2 4 0.091338 0.170013 0.535450 0.023882 0.179317
4 4 0.212843 0.152900 0.148743 0.006615 0.478899
4 4 0.082929 0.104591 0.228273 0.003599 0.580608
4 4 0.005799 0.106070 0.283215 0.004956 0.599961
4 4 0.016371 0.079359 0.201082 0.009241 0.693947
4 4 0.189169 0.208504 0.159017 0.001814 0.441495
4 4 0.329226 0.065355 0.039771 0.007317 0.558331
4 4 0.194025 0.034330 0.028879 0.005138 0.737628
4 4 0.367922 0.091938 0.045306 0.010193 0.484642
4 4 0.298069 0.063738 0.045625 0.008442 0.584126
4 4 0.406635 0.069689 0.081158 0.028252 0.414265
4 4 0.237508 0.161620 0.089766 0.006615 0.504490
4 4 0.037821 0.034584 0.070409 0.012444 0.844741
4 4 0.360480 0.085976 0.064249 0.016579 0.472715
4 4 0.216976 0.031013 0.067548 0.023919 0.660543
4 4 0.275105 0.081699 0.048359 0.009394 0.585444
4 4 0.119178 0.012999 0.017778 0.005329 0.844715
4 4 0.356800 0.012600 0.022507 0.017936 0.590158
4 4 0.212956 0.010578 0.016218 0.007376 0.752873
4 4 0.179178 0.013650 0.033125 0.032525 0.741523
4 4 0.179406 0.014495 0.015797 0.003966 0.786335
4 4 0.338897 0.103890 0.055344 0.005061 0.496808
4 4 0.088685 0.031684 0.068908 0.003953 0.806770
4 4 0.309762 0.091638 0.062960 0.003023 0.532617
0 4 0.450263 0.167897 0.118988 0.004030 0.258823
4 4 0.117435 0.083590 0.172265 0.051828 0.574882
0 4 0.510086 0.056707 0.022421 0.003063 0.407723
4 4 0.095834 0.023346 0.027191 0.003812 0.849817
4 4 0.384299 0.083531 0.039700 0.007403 0.485067
4 4 0.272238 0.027504 0.021580 0.005156 0.673523
4 4 0.054458 0.017286 0.024383 0.001612 0.902261
4 4 0.357151 0.030388 0.017882 0.002362 0.592217
4 4 0.272581 0.026067 0.017516 0.001754 0.682082
4 4 0.250167 0.019883 0.027518 0.005327 0.697106
4 4 0.038129 0.018431 0.027221 0.001752 0.914467
4 4 0.116357 0.027403 0.027340 0.002974 0.825927
4 4 0.082478 0.084305 0.200508 0.005625 0.627084
2 4 0.066122 0.251044 0.449893 0.004128 0.228813
2 4 0.029409 0.172169 0.440922 0.008235 0.349266
2 4 0.056813 0.334457 0.435112 0.002416 0.171201
2 4 0.028554 0.143718 0.576039 0.013803 0.237885
2 4 0.017795 0.251100 0.527924 0.003784 0.199397
2 4 0.009290 0.177205 0.477761 0.004080 0.331663
4 4 0.124681 0.095804 0.372215 0.013743 0.393557
2 4 0.021406 0.149805 0.617851 0.020894 0.190044
2 1 0.021211 0.224725 0.501780 0.001496 0.250789
2 1 0.011261 0.139037 0.762323 0.008357 0.079021
2 4 0.011661 0.164544 0.724040 0.011161 0.088595
2 4 0.051521 0.290195 0.534544 0.006955 0.116785
2 4 0.012628 0.235252 0.600531 0.006734 0.144854
2 4 0.004909 0.136955 0.763873 0.004162 0.090101
2 4 0.001134 0.114550 0.694143 0.001339 0.188835
