0 0 0.903838 0.016396 0.014280 0.002140 0.063347
0 0 0.894722 0.028826 0.024324 0.001417 0.050712
0 0 0.901731 0.029682 0.016883 0.000451 0.051253
0 0 0.943207 0.014404 0.011368 0.000597 0.030425
0 0 0.884901 0.034413 0.015171 0.000314 0.065201
0 0 0.842295 0.047469 0.062996 0.005967 0.041273
0 0 0.894748 0.031896 0.038074 0.002188 0.033094
0 0 0.839060 0.046947 0.070998 0.006622 0.036374
0 0 0.796836 0.065046 0.089014 0.005916 0.043188
0 0 0.742892 0.095016 0.103421 0.003688 0.054983
0 0 0.797282 0.060701 0.078690 0.004107 0.059219
0 0 0.669336 0.113936 0.156030 0.008384 0.052313
0 0 0.832848 0.054653 0.064010 0.003833 0.044656
0 0 0.802426 0.059608 0.094633 0.006663 0.036670
0 0 0.848206 0.050499 0.057131 0.002581 0.041583
0 0 0.753969 0.050822 0.151985 0.005957 0.037267
0 0 0.754364 0.059203 0.140616 0.017394 0.028424
0 0 0.798462 0.062242 0.094650 0.006260 0.038386
0 0 0.632610 0.108683 0.197648 0.017558 0.043499
0 0 0.793973 0.058222 0.104287 0.009304 0.034214
0 0 0.825424 0.055181 0.080680 0.003831 0.034884
0 0 0.659072 0.108621 0.181769 0.008963 0.041574
0 0 0.676728 0.107527 0.161350 0.008136 0.046258
0 0 0.710218 0.098477 0.131087 0.008013 0.052205
0 0 0.543251 0.182654 0.205718 0.005446 0.062931
2 0 0.134504 0.268394 0.544622 0.021814 0.030666
2 1 0.220634 0.300141 0.424218 0.010033 0.044974
2 1 0.134063 0.396762 0.413859 0.005941 0.049374
2 1 0.150807 0.315910 0.480662 0.014017 0.038604
2 2 0.122812 0.378382 0.447676 0.006686 0.044444
2 2 0.120736 0.375541 0.458014 0.006274 0.039434
1 2 0.140912 0.419302 0.371990 0.003528 0.064269
2 2 0.104503 0.346780 0.494254 0.008453 0.046010
2 1 0.125826 0.391177 0.437127 0.004447 0.041424
1 2 0.142793 0.419423 0.375666 0.003748 0.058370
2 2 0.066235 0.257530 0.626655 0.017110 0.032470
2 2 0.026400 0.187735 0.739759 0.002254 0.043853
2 2 0.065192 0.277290 0.613547 0.005950 0.038022
2 2 0.063276 0.282683 0.600621 0.004174 0.049246
2 2 0.026552 0.190197 0.741574 0.002862 0.038815
2 2 0.126737 0.382425 0.439411 0.007012 0.044416
2 2 0.032825 0.183342 0.747781 0.006874 0.029178
2 2 0.016562 0.129158 0.826492 0.002524 0.025263
2 2 0.006804 0.072219 0.907738 0.001815 0.011425
2 2 0.013095 0.119326 0.843502 0.000938 0.023139
2 2 0.005463 0.059331 0.921952 0.006110 0.007145
2 2 0.003622 0.049159 0.929044 0.008422 0.009754
2 2 0.002680 0.035420 0.940215 0.017360 0.004324
2 2 0.004072 0.049457 0.920239 0.018641 0.007592
2 2 0.003061 0.031363 0.939343 0.023939 0.002295
2 2 0.001642 0.028599 0.907998 0.057228 0.004533
2 2 0.003535 0.049568 0.929378 0.009255 0.008264
2 2 0.001755 0.025135 0.937842 0.033045 0.002223
2 2 0.001553 0.030263 0.915513 0.044266 0.008406
2 2 0.001257 0.014296 0.888960 0.093217 0.002269
2 2 0.001078 0.020301 0.784214 0.189271 0.005136
2 2 0.000434 0.013351 0.712557 0.269688 0.003971
2 2 0.000556 0.005223 0.546105 0.446348 0.001769
2 2 0.001067 0.011153 0.668472 0.315460 0.003848
2 2 0.000564 0.002905 0.517912 0.478166 0.000453
3 2 0.000757 0.004993 0.388051 0.603860 0.002339
3 2 0.001505 0.005291 0.380419 0.610709 0.002076
3 2 0.000610 0.005945 0.487375 0.504758 0.001312
3 3 0.000996 0.004080 0.302592 0.690624 0.001709
3 3 0.000899 0.002840 0.284371 0.711155 0.000736
3 3 0.000912 0.002995 0.257800 0.737204 0.001089
3 3 0.000665 0.002910 0.291027 0.704573 0.000825
3 3 0.000303 0.001435 0.216288 0.781469 0.000505
3 3 0.000962 0.002292 0.236711 0.759214 0.000821
3 3 0.000396 0.000989 0.243682 0.754679 0.000254
3 3 0.000803 0.000744 0.064950 0.932918 0.000585
3 3 0.000347 0.000553 0.073899 0.924813 0.000387
3 3 0.000357 0.000145 0.021449 0.977947 0.000103
3 3 0.000682 0.000273 0.030647 0.968137 0.000261
3 3 0.000677 0.000423 0.038847 0.959771 0.000281
3 3 0.000451 0.000824 0.087557 0.910686 0.000481
3 3 0.000561 0.001035 0.124628 0.873277 0.000499
3 3 0.000339 0.000443 0.053133 0.945740 0.000345
3 3 0.000166 0.000499 0.095419 0.903608 0.000308
3 3 0.000389 0.000309 0.053171 0.945876 0.000255
3 3 0.000482 0.000210 0.017335 0.981552 0.000422
3 3 0.000799 0.000129 0.009248 0.989426 0.000398
3 3 0.000692 0.000165 0.012666 0.986072 0.000404
3 3 0.000580 0.000189 0.017231 0.981725 0.000275
3 3 0.000255 0.000047 0.008700 0.990958 0.000041
3 3 0.009444 0.002424 0.049962 0.935889 0.002281
3 3 0.005825 0.002840 0.098461 0.889328 0.003545
2 2 0.114833 0.076842 0.421661 0.369439 0.017226
3 2 0.054963 0.075604 0.374415 0.466293 0.028725
2 2 0.149118 0.095432 0.480274 0.259260 0.015917
2 2 0.140534 0.227748 0.530103 0.033146 0.068470
2 2 0.032196 0.156119 0.742863 0.034856 0.033966
2 2 0.082606 0.147639 0.692575 0.049086 0.028094
2 2 0.056526 0.217321 0.663720 0.029403 0.033030
1 0 0.285027 0.350036 0.287187 0.003233 0.074517
0 0 0.650596 0.146770 0.141604 0.001928 0.059100
0 0 0.423095 0.263395 0.238377 0.003196 0.071937
0 0 0.561164 0.175020 0.202666 0.004078 0.057071
0 1 0.509919 0.168885 0.262600 0.010297 0.048299
2 1 0.271978 0.242472 0.420405 0.013066 0.052078
2 2 0.021649 0.128129 0.792538 0.038033 0.019651
2 2 0.026974 0.154324 0.787342 0.010858 0.020501
2 2 0.019853 0.145475 0.804816 0.002431 0.027425
2 2 0.037777 0.204729 0.719178 0.005151 0.033165
2 2 0.013588 0.111297 0.853559 0.002789 0.018767
2 2 0.030607 0.164442 0.771176 0.012979 0.020796
2 2 0.023337 0.136295 0.808093 0.015079 0.017196
2 2 0.014524 0.051660 0.907368 0.017587 0.008862
2 2 0.027067 0.157770 0.780631 0.009712 0.024820
2 1 0.113386 0.376260 0.465690 0.003713 0.040952
1 1 0.247704 0.359837 0.321244 0.003906 0.067309
1 1 0.140095 0.436188 0.371407 0.001561 0.050749
2 2 0.105090 0.390389 0.430663 0.001549 0.072310
1 1 0.171944 0.494498 0.261994 0.000504 0.071061
2 2 0.051257 0.262684 0.631260 0.002354 0.052446
2 2 0.014433 0.112027 0.848572 0.004572 0.020396
2 2 0.012133 0.113765 0.834486 0.008897 0.030718
2 2 0.008070 0.078074 0.887212 0.010926 0.015718
2 2 0.010801 0.086840 0.881586 0.007997 0.012776
2 2 0.006063 0.090853 0.868487 0.000794 0.033803
2 2 0.009091 0.085003 0.888017 0.002875 0.015013
2 2 0.015452 0.109565 0.855741 0.006971 0.012272
2 2 0.004425 0.059404 0.919546 0.001793 0.014832
2 2 0.003868 0.052058 0.932401 0.001287 0.010387
2 2 0.011988 0.111054 0.850451 0.001274 0.025234
2 2 0.017803 0.112721 0.843132 0.014639 0.011706
2 2 0.005077 0.070231 0.903560 0.003732 0.017400
2 1 0.043563 0.207680 0.718240 0.007579 0.022939
2 1 0.038740 0.219879 0.702884 0.002439 0.036057
2 2 0.027051 0.177769 0.762173 0.002211 0.030796
2 2 0.015997 0.108972 0.853181 0.009806 0.012044
2 2 0.125785 0.387174 0.439467 0.005311 0.042263
2 2 0.074463 0.290469 0.594048 0.007740 0.033281
2 2 0.031923 0.189562 0.749209 0.003140 0.026167
2 2 0.017529 0.134361 0.824255 0.002089 0.021767
2 2 0.092794 0.363498 0.494609 0.001666 0.047433
2 2 0.099528 0.392396 0.434223 0.000944 0.072909
2 2 0.051968 0.287043 0.610501 0.000669 0.049819
2 2 0.049777 0.283189 0.620005 0.000551 0.046478
2 2 0.032969 0.221530 0.709293 0.000559 0.035649
2 2 0.014622 0.122976 0.839730 0.001476 0.021195
2 2 0.016375 0.143789 0.807444 0.000624 0.031769
2 2 0.000972 0.018369 0.964455 0.013731 0.002473
2 2 0.001997 0.027411 0.962765 0.004912 0.002915
2 2 0.000782 0.015649 0.968978 0.012608 0.001982
2 2 0.001530 0.022929 0.878052 0.095225 0.002264
2 2 0.000868 0.014646 0.921394 0.062034 0.001057
2 2 0.003213 0.046233 0.912040 0.029553 0.008959
2 2 0.000941 0.020433 0.905142 0.069901 0.003583
2 2 0.001144 0.018523 0.927962 0.050573 0.001799
2 2 0.000442 0.007875 0.940482 0.050738 0.000463
2 2 0.001170 0.024017 0.926977 0.043387 0.004449
2 2 0.000856 0.021574 0.920255 0.051777 0.005539
2 2 0.001745 0.009928 0.823097 0.163406 0.001824
2 2 0.000538 0.010723 0.897699 0.088799 0.002241
2 2 0.000387 0.013336 0.809261 0.171526 0.005490
2 2 0.000236 0.010401 0.740587 0.245713 0.003063
2 2 0.000559 0.005593 0.723075 0.268981 0.001791
2 2 0.000385 0.006775 0.640156 0.350042 0.002642
2 2 0.000220 0.005284 0.662308 0.331113 0.001075
3 2 0.000106 0.000681 0.282703 0.716377 0.000132
3 2 0.000143 0.002085 0.387275 0.609969 0.000529
3 3 0.000242 0.002887 0.453909 0.542360 0.000602
3 3 0.000180 0.001841 0.379515 0.618080 0.000384
3 3 0.000099 0.000823 0.276897 0.722015 0.000168
3 3 0.001080 0.001284 0.091214 0.905206 0.001216
3 3 0.000293 0.000269 0.079918 0.919456 0.000065
3 3 0.000212 0.000208 0.043918 0.955560 0.000102
3 3 0.000461 0.000330 0.051236 0.947721 0.000252
3 3 0.000831 0.000377 0.044417 0.954024 0.000351
3 3 0.000227 0.000108 0.017459 0.982131 0.000076
3 3 0.000316 0.000120 0.016964 0.982420 0.000181
3 3 0.000416 0.000245 0.021721 0.977320 0.000299
3 3 0.000279 0.000194 0.021787 0.977503 0.000237
3 3 0.000343 0.000138 0.014751 0.984596 0.000172
3 3 0.000580 0.000110 0.013990 0.985159 0.000161
3 3 0.000938 0.000192 0.016920 0.981760 0.000190
3 3 0.000413 0.000086 0.011535 0.987869 0.000098
3 3 0.000627 0.000110 0.009323 0.989764 0.000177
3 3 0.000404 0.000077 0.007309 0.992091 0.000118
3 3 0.000479 0.000074 0.009133 0.990212 0.000103
3 3 0.000402 0.000036 0.003828 0.995647 0.000086
3 3 0.000815 0.000145 0.009609 0.989109 0.000322
3 3 0.000561 0.000087 0.005865 0.993323 0.000164
3 3 0.000446 0.000059 0.004845 0.994530 0.000121
3 3 0.003602 0.000412 0.015563 0.979620 0.000803
3 3 0.002674 0.000378 0.017348 0.978586 0.001015
3 3 0.034074 0.004718 0.051329 0.905308 0.004571
2 3 0.120773 0.086594 0.401072 0.362956 0.028605
0 2 0.320101 0.053616 0.309764 0.302856 0.013663
2 2 0.058498 0.196188 0.667900 0.063159 0.014254
2 2 0.042822 0.153136 0.696967 0.092836 0.014239
2 2 0.010161 0.084159 0.716454 0.175430 0.013795
2 2 0.003637 0.049919 0.722188 0.212674 0.011583
2 2 0.013941 0.087915 0.755263 0.130940 0.011941
2 2 0.003388 0.049843 0.819076 0.113868 0.013825
2 2 0.000987 0.029059 0.848292 0.108322 0.013341
2 2 0.000820 0.027678 0.870718 0.084858 0.015926
2 2 0.000318 0.014172 0.859932 0.120599 0.004979
2 2 0.000167 0.007221 0.946051 0.045393 0.001167
2 2 0.000312 0.005810 0.902551 0.090661 0.000666
2 2 0.003425 0.047711 0.793069 0.144916 0.010878
2 2 0.003277 0.038471 0.768838 0.184787 0.004627
2 2 0.000399 0.015832 0.871870 0.106544 0.005355
2 2 0.000214 0.005808 0.946690 0.046987 0.000301
2 2 0.000488 0.009902 0.681749 0.303972 0.003890
2 2 0.000563 0.011541 0.608106 0.375874 0.003915
2 2 0.000168 0.005022 0.796955 0.196769 0.001086
2 2 0.000079 0.004692 0.708166 0.286033 0.001031
2 3 0.000288 0.004436 0.646296 0.347610 0.001370
3 3 0.000134 0.000932 0.381181 0.617619 0.000134
3 3 0.000070 0.000895 0.273630 0.725161 0.000244
3 3 0.000141 0.001327 0.385159 0.613033 0.000340
3 3 0.000166 0.001697 0.315976 0.681148 0.001012
3 3 0.000144 0.001570 0.325864 0.671872 0.000551
3 3 0.000151 0.000322 0.126831 0.872589 0.000108
3 3 0.000094 0.000285 0.081699 0.917780 0.000142
3 3 0.000150 0.000498 0.089786 0.909246 0.000321
3 3 0.000128 0.000408 0.104885 0.894330 0.000249
3 3 0.000181 0.000363 0.094860 0.904456 0.000140
3 3 0.000182 0.000402 0.072165 0.926867 0.000383
3 3 0.000140 0.000147 0.044979 0.954644 0.000090
3 3 0.000249 0.000357 0.039564 0.959649 0.000182
3 3 0.000353 0.000452 0.043003 0.955751 0.000442
3 3 0.000666 0.000984 0.065726 0.931520 0.001104
3 3 0.001210 0.000299 0.028369 0.969726 0.000395
3 3 0.001974 0.000473 0.023117 0.973477 0.000960
3 3 0.002567 0.000916 0.057669 0.937927 0.000922
3 3 0.003637 0.000415 0.014634 0.980475 0.000839
3 3 0.015800 0.004575 0.065917 0.911164 0.002544
2 2 0.030147 0.091551 0.667819 0.178748 0.031735
2 2 0.002558 0.032367 0.478426 0.477195 0.009454
2 2 0.002246 0.038461 0.761880 0.188232 0.009180
2 2 0.002729 0.012212 0.558541 0.422109 0.004409
2 2 0.001246 0.015120 0.755218 0.225090 0.003326
2 2 0.001714 0.009178 0.800867 0.186676 0.001564
2 2 0.001787 0.013702 0.776441 0.204230 0.003840
2 2 0.002555 0.026695 0.719735 0.245700 0.005315
2 2 0.001935 0.015056 0.744326 0.232273 0.006409
2 2 0.001000 0.014254 0.716590 0.259505 0.008651
2 2 0.000372 0.007856 0.800836 0.189158 0.001778
2 2 0.000296 0.012829 0.864715 0.118403 0.003757
2 2 0.001043 0.006563 0.761304 0.228938 0.002152
2 2 0.000296 0.010196 0.826892 0.160367 0.002249
2 2 0.000684 0.014671 0.807327 0.174937 0.002382
2 2 0.000254 0.011460 0.917921 0.066929 0.003435
2 2 0.000615 0.017334 0.792423 0.186287 0.003341
2 2 0.000194 0.006868 0.885069 0.107266 0.000604
2 2 0.000450 0.016897 0.866762 0.110261 0.005631
2 2 0.001132 0.020508 0.816930 0.155168 0.006262
2 2 0.001510 0.020953 0.962503 0.012607 0.002428
2 2 0.000500 0.009591 0.979546 0.009553 0.000811
2 2 0.000707 0.023353 0.960499 0.002604 0.012837
2 2 0.003547 0.069654 0.881981 0.000032 0.044786
2 2 0.004277 0.079535 0.872244 0.000026 0.043919
2 2 0.002322 0.103997 0.611792 0.000039 0.281850
1 2 0.165767 0.515244 0.126644 0.000021 0.192324
1 2 0.116616 0.514439 0.164302 0.000003 0.204640
4 2 0.011497 0.231074 0.363887 0.000031 0.393511
4 4 0.007048 0.149594 0.320175 0.000599 0.522584
4 4 0.008226 0.061806 0.084611 0.009540 0.835816
4 4 0.005887 0.049225 0.088897 0.004486 0.851505
4 4 0.002989 0.104684 0.183999 0.004535 0.703793
4 4 0.003704 0.123812 0.351175 0.001331 0.519978
4 4 0.026136 0.280101 0.253258 0.000884 0.439622
2 2 0.007809 0.167237 0.668012 0.000004 0.156938
2 2 0.006408 0.124781 0.706316 0.000330 0.162165
2 2 0.004536 0.138103 0.623203 0.000019 0.234139
2 2 0.002419 0.100418 0.735899 0.000003 0.161261
2 2 0.002676 0.101545 0.700031 0.000023 0.195725
4 4 0.018947 0.060468 0.098760 0.002707 0.819118
4 4 0.016209 0.166117 0.229203 0.009882 0.578589
2 4 0.012360 0.154785 0.572030 0.017694 0.243130
4 4 0.020051 0.256458 0.336313 0.000459 0.386720
4 4 0.033541 0.306658 0.312468 0.000535 0.346798
2 2 0.022211 0.191512 0.730285 0.000220 0.055772
2 2 0.007365 0.124936 0.786600 0.000009 0.081091
2 2 0.003336 0.071564 0.868204 0.000030 0.056867
2 2 0.002200 0.063370 0.872344 0.000014 0.062073
2 2 0.003526 0.059783 0.914302 0.000135 0.022254
2 2 0.001279 0.028880 0.960085 0.000315 0.009441
2 2 0.000317 0.012347 0.980915 0.001568 0.004853
2 2 0.001089 0.031598 0.949138 0.000192 0.017983
2 2 0.000720 0.022590 0.961828 0.000656 0.014206
2 2 0.000881 0.019856 0.972469 0.001321 0.005473
2 2 0.001305 0.010811 0.906733 0.079401 0.001751
2 2 0.000833 0.024064 0.925947 0.038897 0.010258
2 2 0.000460 0.017446 0.943879 0.029855 0.008360
2 2 0.000310 0.010282 0.958515 0.029008 0.001886
2 2 0.000253 0.012591 0.937929 0.043538 0.005689
2 2 0.000148 0.009380 0.886649 0.100180 0.003644
2 2 0.000303 0.005166 0.772539 0.219634 0.002359
2 2 0.000127 0.010105 0.845072 0.138454 0.006242
2 2 0.000097 0.007817 0.895877 0.092505 0.003705
2 2 0.000067 0.004521 0.898378 0.096302 0.000732
2 2 0.000226 0.003093 0.722345 0.273186 0.001150
2 2 0.000343 0.010288 0.769333 0.214922 0.005113
2 2 0.001486 0.009472 0.648834 0.334924 0.005283
2 2 0.000132 0.004034 0.566715 0.426987 0.002132
2 2 0.003822 0.038531 0.723849 0.230280 0.003518
2 2 0.000356 0.007332 0.656236 0.333681 0.002394
2 2 0.000211 0.002611 0.572854 0.423911 0.000413
2 2 0.000241 0.002059 0.585718 0.411556 0.000427
3 2 0.000254 0.002576 0.454203 0.541940 0.001027
3 2 0.000331 0.003325 0.495842 0.499283 0.001220
3 2 0.000360 0.003810 0.345879 0.647782 0.002168
3 2 0.000139 0.001453 0.367851 0.629990 0.000567
3 2 0.000180 0.002127 0.405868 0.591119 0.000707
3 2 0.000170 0.001591 0.291667 0.705641 0.000932
3 2 0.000243 0.001540 0.321794 0.675985 0.000438
3 2 0.000092 0.000525 0.123274 0.875867 0.000242
3 2 0.000096 0.000555 0.170249 0.828949 0.000151
3 3 0.000162 0.000554 0.147055 0.852093 0.000136
3 3 0.000135 0.000493 0.115741 0.883425 0.000206
3 3 0.000114 0.000261 0.065264 0.934214 0.000147
3 3 0.000677 0.000204 0.017514 0.981313 0.000291
3 3 0.000511 0.000145 0.011625 0.987521 0.000198
3 3 0.000579 0.000095 0.006241 0.992747 0.000339
3 3 0.000938 0.000335 0.015164 0.983051 0.000511
3 3 0.000679 0.000181 0.024547 0.974353 0.000240
3 3 0.001109 0.000121 0.004915 0.993514 0.000342
3 3 0.001004 0.000086 0.005449 0.993339 0.000122
3 3 0.000747 0.000130 0.010428 0.988565 0.000131
3 3 0.000514 0.000047 0.004603 0.994767 0.000069
3 3 0.000835 0.000110 0.007132 0.991653 0.000269
3 3 0.000766 0.000096 0.006316 0.992659 0.000163
3 3 0.001880 0.000165 0.007819 0.989860 0.000276
3 3 0.000981 0.000110 0.006816 0.991966 0.000127
3 3 0.000846 0.000152 0.011522 0.987129 0.000350
3 3 0.000843 0.000132 0.006968 0.991745 0.000311
3 3 0.001831 0.000177 0.006542 0.990832 0.000619
3 3 0.002879 0.000151 0.005366 0.991153 0.000450
3 3 0.001985 0.000204 0.005673 0.991347 0.000790
3 2 0.075412 0.007298 0.103272 0.811933 0.002085
3 2 0.006344 0.001102 0.026808 0.964855 0.000890
2 2 0.001058 0.008305 0.583487 0.406010 0.001140
2 2 0.000369 0.005564 0.559516 0.433774 0.000776
2 2 0.000276 0.003390 0.649569 0.346428 0.000338
2 2 0.000564 0.003705 0.664739 0.330607 0.000386
2 2 0.000533 0.006088 0.627734 0.364719 0.000926
3 2 0.000949 0.002999 0.222812 0.771907 0.001333
3 2 0.001095 0.001767 0.222484 0.774200 0.000454
3 3 0.000727 0.003232 0.278886 0.716037 0.001118
3 3 0.000883 0.002587 0.212395 0.783126 0.001009
3 3 0.000638 0.001265 0.218654 0.779200 0.000243
3 3 0.002172 0.002565 0.129251 0.865066 0.000947
3 3 0.000972 0.000973 0.073050 0.924273 0.000731
3 3 0.001897 0.000844 0.064751 0.931730 0.000777
3 3 0.002449 0.004498 0.104895 0.884962 0.003196
3 3 0.000989 0.001644 0.094902 0.900948 0.001517
3 3 0.000289 0.002194 0.246750 0.749672 0.001095
3 3 0.000478 0.003371 0.366513 0.627692 0.001945
3 3 0.000221 0.002335 0.294994 0.701407 0.001043
3 3 0.000276 0.001206 0.195746 0.802332 0.000440
3 3 0.000226 0.002079 0.267856 0.728865 0.000973
3 3 0.000227 0.001838 0.117209 0.879016 0.001710
3 3 0.000292 0.000823 0.161055 0.837615 0.000214
3 3 0.000159 0.000588 0.120356 0.878645 0.000251
3 3 0.000107 0.000352 0.055590 0.943811 0.000140
3 3 0.000035 0.000062 0.041119 0.958771 0.000013
3 3 0.000456 0.000155 0.027406 0.971889 0.000094
3 3 0.000477 0.000111 0.016521 0.982805 0.000085
3 3 0.000684 0.000110 0.007961 0.991120 0.000125
3 3 0.000416 0.000107 0.007757 0.991603 0.000118
3 3 0.000414 0.000088 0.014460 0.984955 0.000083
3 3 0.001086 0.000067 0.005211 0.993499 0.000137
3 3 0.001187 0.000103 0.006923 0.991683 0.000103
3 3 0.001472 0.000114 0.006364 0.991893 0.000157
3 3 0.001748 0.000122 0.007038 0.990937 0.000156
3 3 0.001270 0.000085 0.004787 0.993695 0.000163
3 3 0.006308 0.001062 0.052418 0.939119 0.001093
3 3 0.078986 0.003578 0.068870 0.847565 0.001002
3 3 0.190754 0.050676 0.301361 0.445384 0.011825
3 3 0.129246 0.047467 0.290033 0.520290 0.012964
2 3 0.204558 0.120144 0.495995 0.159334 0.019968
2 3 0.032580 0.064237 0.637574 0.260341 0.005269
2 3 0.014875 0.050468 0.621670 0.309430 0.003556
2 3 0.034828 0.168631 0.695906 0.084316 0.016319
2 3 0.007561 0.057966 0.837496 0.084555 0.012422
2 3 0.003926 0.064585 0.852796 0.061459 0.017234
2 3 0.005669 0.071922 0.816809 0.089327 0.016272
2 2 0.005704 0.032996 0.719236 0.237773 0.004290
2 2 0.003907 0.052150 0.793144 0.141279 0.009521
2 2 0.001563 0.021409 0.634612 0.335008 0.007408
2 2 0.001597 0.022918 0.697929 0.271333 0.006222
2 2 0.000948 0.018036 0.545408 0.431294 0.004314
3 2 0.001444 0.008291 0.453073 0.533361 0.003831
2 2 0.000955 0.006820 0.498464 0.492413 0.001348
3 2 0.000996 0.009751 0.430454 0.554852 0.003947
3 3 0.001355 0.009733 0.459601 0.527720 0.001591
3 3 0.000634 0.005333 0.326564 0.664651 0.002818
3 3 0.000363 0.001715 0.199841 0.797141 0.000940
3 3 0.000621 0.006095 0.279330 0.710544 0.003410
3 3 0.000810 0.004320 0.274456 0.717760 0.002654
3 3 0.000327 0.001495 0.121536 0.876003 0.000639
3 3 0.002054 0.002612 0.124906 0.869406 0.001022
3 3 0.001807 0.001282 0.054784 0.941303 0.000824
3 3 0.001519 0.000969 0.064701 0.932453 0.000358
3 3 0.001381 0.001291 0.062283 0.934066 0.000979
3 3 0.001429 0.002252 0.068252 0.926311 0.001756
3 2 0.055491 0.058757 0.379502 0.492959 0.013290
3 2 0.007445 0.020789 0.333310 0.634201 0.004255
2 2 0.004718 0.018061 0.546049 0.427460 0.003712
2 2 0.002606 0.019391 0.548345 0.422686 0.006972
2 2 0.002979 0.011422 0.576151 0.403923 0.005525
2 2 0.001913 0.019934 0.489501 0.483125 0.005527
3 3 0.001003 0.006787 0.478628 0.511832 0.001750
3 3 0.000529 0.007463 0.447036 0.541905 0.003068
3 3 0.000401 0.002524 0.329911 0.666314 0.000850
3 3 0.001643 0.003395 0.430820 0.563258 0.000884
3 3 0.000314 0.002597 0.256470 0.739025 0.001594
3 3 0.000817 0.001645 0.216104 0.780255 0.001180
3 3 0.000807 0.002803 0.216811 0.777933 0.001648
3 3 0.000527 0.001640 0.243391 0.753662 0.000780
3 3 0.000738 0.002634 0.219775 0.775671 0.001182
3 3 0.000292 0.001043 0.113382 0.884428 0.000855
3 3 0.000157 0.000844 0.130520 0.867989 0.000490
3 3 0.000088 0.000449 0.116537 0.882771 0.000154
3 3 0.000183 0.000438 0.172977 0.826335 0.000067
3 3 0.000306 0.001157 0.153123 0.844829 0.000585
3 3 0.000524 0.000438 0.043809 0.954945 0.000284
3 3 0.000254 0.000414 0.059437 0.939631 0.000264
3 3 0.000244 0.000562 0.120814 0.878237 0.000143
3 3 0.000320 0.000871 0.095185 0.902918 0.000707
3 3 0.000140 0.000250 0.079624 0.919915 0.000071
3 3 0.000984 0.000838 0.088607 0.909125 0.000446
3 3 0.000603 0.000399 0.055958 0.942734 0.000306
3 3 0.001860 0.000904 0.044896 0.951113 0.001227
3 3 0.000768 0.000618 0.057576 0.940364 0.000674
3 2 0.025581 0.008528 0.104675 0.857960 0.003256
2 2 0.272161 0.112557 0.457050 0.105618 0.052614
2 1 0.166962 0.139385 0.570741 0.106581 0.016331
2 2 0.020958 0.063800 0.568938 0.316939 0.029366
2 2 0.012322 0.025873 0.590338 0.352174 0.019293
3 2 0.002762 0.006968 0.349194 0.635224 0.005852
2 2 0.001279 0.015786 0.775608 0.199969 0.007358
2 2 0.001525 0.013908 0.745532 0.234715 0.004320
2 2 0.001782 0.044577 0.859032 0.069901 0.024708
2 2 0.001150 0.032942 0.876917 0.070253 0.018738
2 2 0.002870 0.056524 0.874329 0.030078 0.036200
4 2 0.002365 0.098186 0.333874 0.002994 0.562582
4 2 0.002646 0.081225 0.280136 0.010822 0.625171
4 2 0.002213 0.097654 0.434722 0.001098 0.464313
4 2 0.001694 0.085029 0.318366 0.002828 0.592083
4 4 0.003233 0.067329 0.112372 0.002609 0.814457
4 4 0.004663 0.136660 0.211952 0.001298 0.645427
4 4 0.017479 0.286531 0.235067 0.000015 0.460908
4 4 0.007108 0.125391 0.289020 0.000550 0.577931
2 4 0.001869 0.095772 0.468949 0.000260 0.433151
4 4 0.003351 0.126896 0.389989 0.000256 0.479508
4 4 0.002977 0.089689 0.314669 0.002742 0.589924
4 4 0.001164 0.073672 0.345843 0.001643 0.577678
4 4 0.004945 0.042246 0.038192 0.000683 0.913935
4 4 0.014210 0.218889 0.145519 0.000704 0.620678
4 4 0.010274 0.082682 0.196900 0.002362 0.707782
2 4 0.002713 0.087154 0.846946 0.000000 0.063188
2 4 0.002547 0.088778 0.844016 0.000000 0.064659
2 2 0.005149 0.109039 0.796574 0.000010 0.089227
2 2 0.003455 0.088491 0.834314 0.000004 0.073736
2 2 0.004671 0.105900 0.817093 0.000002 0.072334
2 2 0.006343 0.147170 0.750795 0.000000 0.095692
2 2 0.015808 0.249529 0.561053 0.000001 0.173609
2 2 0.013990 0.222726 0.627239 0.000001 0.136044
2 2 0.014238 0.197805 0.613909 0.000065 0.173984
2 2 0.003393 0.105425 0.817084 0.000000 0.074098
2 2 0.003819 0.116713 0.594645 0.000392 0.284431
4 2 0.006275 0.149234 0.418914 0.001817 0.423760
2 2 0.003854 0.115001 0.658480 0.000127 0.222537
2 2 0.002496 0.098126 0.559794 0.000957 0.338627
4 2 0.043137 0.328181 0.176308 0.001305 0.451070
2 2 0.003638 0.103476 0.818415 0.000000 0.074471
2 2 0.006063 0.141453 0.759872 0.000000 0.092612
2 2 0.001573 0.063978 0.876204 0.000000 0.058245
2 2 0.017134 0.235383 0.612028 0.000002 0.135454
2 2 0.005575 0.122078 0.790999 0.000001 0.081347
2 2 0.001792 0.066345 0.840638 0.000014 0.091211
2 2 0.002804 0.081610 0.839711 0.000004 0.075871
2 2 0.006607 0.127192 0.773605 0.000006 0.092590
2 2 0.003824 0.086892 0.811518 0.000116 0.097651
2 2 0.003091 0.082603 0.822646 0.000028 0.091631
2 2 0.002418 0.043762 0.935765 0.000281 0.017775
2 2 0.003395 0.064588 0.899767 0.000047 0.032203
2 2 0.002568 0.045806 0.926773 0.000341 0.024512
2 2 0.003173 0.045329 0.938692 0.001240 0.011567
2 2 0.001590 0.033790 0.949590 0.000201 0.014829
2 2 0.001282 0.028486 0.957999 0.000274 0.011960
2 2 0.007992 0.084596 0.888464 0.001182 0.017766
2 2 0.003496 0.055151 0.921783 0.000328 0.019242
2 2 0.000519 0.014921 0.981308 0.000145 0.003108
2 2 0.001553 0.033020 0.950056 0.000537 0.014833
2 2 0.000833 0.024111 0.961331 0.002322 0.011403
2 2 0.000511 0.012342 0.978335 0.006288 0.002523
2 2 0.000496 0.016872 0.972015 0.001280 0.009338
2 2 0.000894 0.015983 0.974539 0.005820 0.002764
2 2 0.000817 0.020233 0.968691 0.003184 0.007076
2 2 0.000292 0.011582 0.962813 0.021586 0.003727
2 2 0.000744 0.019975 0.949570 0.023104 0.006606
2 2 0.000351 0.010812 0.963332 0.023541 0.001964
2 2 0.000556 0.018962 0.949206 0.022135 0.009142
2 2 0.000575 0.016319 0.960185 0.018083 0.004837
2 2 0.000607 0.020682 0.936660 0.031904 0.010147
2 2 0.000519 0.019403 0.919546 0.051402 0.009130
2 2 0.000609 0.018986 0.918730 0.055559 0.006116
2 2 0.000281 0.011292 0.962205 0.022675 0.003547
2 2 0.000269 0.010201 0.921772 0.065840 0.001918
2 2 0.000162 0.009712 0.838086 0.148663 0.003376
2 2 0.000270 0.009310 0.808907 0.177132 0.004381
2 2 0.000221 0.010223 0.895618 0.091359 0.002579
2 2 0.000435 0.019014 0.876819 0.093607 0.010125
2 2 0.000265 0.010557 0.888770 0.098322 0.002086
2 2 0.027117 0.068239 0.792615 0.082511 0.029519
2 2 0.025456 0.142041 0.805410 0.013985 0.013108
2 2 0.020772 0.117208 0.792814 0.057832 0.011374
2 2 0.007358 0.070082 0.900037 0.012213 0.010309
2 2 0.001584 0.020532 0.960417 0.015912 0.001555
2 2 0.001194 0.020760 0.929516 0.045779 0.002751
2 2 0.001105 0.021848 0.937258 0.035605 0.004184
2 2 0.000876 0.021766 0.918587 0.053095 0.005675
2 2 0.000490 0.013084 0.956397 0.027752 0.002276
2 2 0.000348 0.012254 0.948522 0.035868 0.003009
2 2 0.000855 0.010007 0.777723 0.209230 0.002185
2 2 0.000328 0.012295 0.810044 0.174850 0.002484
2 2 0.000308 0.008635 0.908419 0.081923 0.000715
2 2 0.000108 0.004843 0.733201 0.261081 0.000767
2 2 0.000256 0.005583 0.850458 0.143231 0.000471
2 2 0.001117 0.005594 0.520494 0.471507 0.001289
2 2 0.000356 0.002119 0.512818 0.484417 0.000290
3 2 0.000386 0.002819 0.493267 0.503045 0.000483
3 2 0.000475 0.003515 0.444125 0.551014 0.000870
3 2 0.000266 0.003679 0.429121 0.565979 0.000955
3 3 0.001726 0.001913 0.103863 0.891144 0.001354
3 3 0.001984 0.007743 0.283195 0.700234 0.006844
3 3 0.001803 0.002591 0.165162 0.829148 0.001295
3 3 0.001570 0.001604 0.161224 0.834964 0.000637
3 3 0.000483 0.001913 0.209705 0.786978 0.000921
3 3 0.001683 0.001297 0.069668 0.926565 0.000786
3 3 0.001112 0.001320 0.097871 0.897998 0.001699
3 3 0.000419 0.000499 0.060866 0.937817 0.000399
3 3 0.000522 0.000258 0.021084 0.977811 0.000325
3 3 0.000485 0.000330 0.036736 0.962145 0.000304
3 3 0.001050 0.000175 0.014277 0.984235 0.000264
3 3 0.001878 0.000232 0.012977 0.984764 0.000149
3 3 0.001040 0.000097 0.006628 0.992061 0.000174
3 3 0.001221 0.000178 0.013206 0.985161 0.000235
3 3 0.001628 0.000286 0.010246 0.987147 0.000693
3 3 0.001304 0.000141 0.008431 0.989920 0.000205
3 3 0.001871 0.000227 0.008382 0.988981 0.000539
3 3 0.001460 0.000150 0.007110 0.991012 0.000267
3 3 0.001090 0.000109 0.007390 0.991159 0.000253
3 3 0.000920 0.000151 0.010642 0.988137 0.000149
3 3 0.001640 0.000125 0.005170 0.992747 0.000317
3 3 0.001149 0.000078 0.003946 0.994622 0.000205
3 3 0.001409 0.000058 0.003950 0.994482 0.000101
3 3 0.000901 0.000035 0.002668 0.996312 0.000084
3 3 0.001112 0.000099 0.005364 0.993252 0.000173
3 3 0.003037 0.001423 0.081241 0.913298 0.001002
3 3 0.011910 0.002950 0.063624 0.919543 0.001972
3 3 0.035999 0.012283 0.130229 0.817313 0.004177
2 2 0.225622 0.096803 0.490239 0.172790 0.014546
3 2 0.070929 0.041380 0.287533 0.585203 0.014955
2 2 0.008730 0.077709 0.887622 0.013913 0.012026
2 2 0.003043 0.040965 0.922303 0.026847 0.006842
2 2 0.009782 0.076136 0.892168 0.013477 0.008437
2 2 0.006310 0.082726 0.879463 0.004047 0.027454
2 2 0.004201 0.054463 0.925483 0.005104 0.010750
2 2 0.002214 0.035905 0.923957 0.027642 0.010282
2 2 0.001765 0.033271 0.951646 0.004546 0.008772
2 2 0.001464 0.018676 0.953838 0.024619 0.001402
2 2 0.002846 0.045293 0.933399 0.007053 0.011408
2 2 0.001615 0.024426 0.956008 0.014542 0.003409
2 2 0.001071 0.023583 0.890457 0.079858 0.005031
2 2 0.000805 0.012204 0.834824 0.148734 0.003433
2 2 0.001328 0.012366 0.852378 0.131160 0.002768
2 2 0.000691 0.020632 0.877178 0.095360 0.006139
2 2 0.000682 0.021154 0.904399 0.066228 0.007537
3 2 0.000712 0.005532 0.480785 0.510509 0.002461
2 2 0.000689 0.013849 0.592366 0.385487 0.007609
3 2 0.000459 0.004919 0.435352 0.557280 0.001991
2 2 0.000781 0.010151 0.563740 0.418689 0.006638
2 2 0.000578 0.009575 0.563896 0.420480 0.005471
2 2 0.019325 0.021655 0.509017 0.431712 0.018290
3 2 0.006893 0.012072 0.434041 0.535224 0.011770
3 2 0.005680 0.010519 0.332887 0.638662 0.012253
3 1 0.038720 0.015693 0.307892 0.631227 0.006468
0 1 0.624106 0.114071 0.201234 0.016057 0.044531
2 1 0.009925 0.072708 0.743314 0.152046 0.022008
2 2 0.031614 0.148968 0.774111 0.034332 0.010975
2 2 0.006046 0.041640 0.867556 0.064369 0.020389
2 2 0.042045 0.131717 0.774315 0.038496 0.013426
2 2 0.010592 0.083180 0.840490 0.055054 0.010685
2 2 0.000256 0.008268 0.965475 0.024881 0.001120
2 2 0.001194 0.018184 0.948113 0.030760 0.001749
2 2 0.004046 0.044762 0.930154 0.015207 0.005832
2 2 0.001007 0.028463 0.943249 0.014899 0.012382
2 2 0.000485 0.014489 0.953706 0.027773 0.003547
2 2 0.000794 0.015340 0.971226 0.010191 0.002449
2 2 0.000493 0.014384 0.973944 0.006858 0.004322
2 2 0.001080 0.019411 0.971076 0.005096 0.003337
2 2 0.000358 0.011124 0.967833 0.018402 0.002282
2 2 0.001055 0.027463 0.958445 0.001200 0.011837
2 2 0.000701 0.022756 0.903771 0.062915 0.009856
2 2 0.000367 0.015780 0.903589 0.073649 0.006615
2 2 0.000416 0.012059 0.927591 0.058135 0.001799
2 2 0.000291 0.012393 0.888540 0.095313 0.003464
2 2 0.000631 0.014983 0.929109 0.052773 0.002504
2 2 0.002497 0.029921 0.934868 0.023094 0.009620
2 2 0.009680 0.045564 0.909762 0.030131 0.004863
2 2 0.030831 0.104508 0.822710 0.030700 0.011251
2 2 0.033188 0.179221 0.758555 0.007913 0.021123
0 0 0.485823 0.205128 0.242212 0.006108 0.060728
1 1 0.146798 0.479276 0.281260 0.000345 0.092321
2 2 0.120340 0.386534 0.446467 0.004005 0.042654
2 2 0.070204 0.307889 0.577876 0.002364 0.041667
2 2 0.058158 0.279371 0.627984 0.001903 0.032584
2 2 0.034406 0.192409 0.745465 0.001967 0.025753
2 2 0.045809 0.274954 0.632071 0.000434 0.046732
2 2 0.028515 0.189480 0.748986 0.001424 0.031596
2 2 0.010203 0.092058 0.882748 0.002347 0.012645
2 2 0.048078 0.264009 0.645155 0.001108 0.041650
2 2 0.032674 0.186236 0.752059 0.004614 0.024417
2 2 0.057126 0.273349 0.631296 0.002443 0.035787
2 2 0.013686 0.149070 0.794308 0.001752 0.041184
2 2 0.022369 0.149757 0.804611 0.001175 0.022088
2 2 0.112735 0.269842 0.575309 0.007079 0.035035
0 0 0.416625 0.281158 0.236125 0.001325 0.064766
0 0 0.536748 0.152210 0.255284 0.011119 0.044638
0 0 0.595248 0.158762 0.187966 0.003760 0.054265
0 1 0.353097 0.288543 0.289365 0.004119 0.064875
0 1 0.754083 0.083300 0.118809 0.003950 0.039858
1 1 0.282781 0.327524 0.321407 0.004391 0.063898
0 0 0.757589 0.099074 0.081959 0.001311 0.060066
0 0 0.724830 0.098137 0.133064 0.002972 0.040998
1 1 0.317893 0.327134 0.268970 0.001111 0.084892
2 1 0.088947 0.319642 0.523944 0.000937 0.066530
0 0 0.723004 0.101020 0.127823 0.003092 0.045061
0 0 0.736970 0.099543 0.111208 0.002564 0.049715
0 0 0.780817 0.081459 0.086034 0.002285 0.049405
0 1 0.616236 0.139722 0.184268 0.006550 0.053224
2 1 0.029562 0.135946 0.723087 0.014167 0.097238
2 1 0.090531 0.244729 0.597477 0.004154 0.063109
2 2 0.003823 0.107272 0.705339 0.000136 0.183429
2 2 0.002702 0.088815 0.703769 0.000502 0.204211
2 2 0.001592 0.072020 0.774310 0.000034 0.152044
2 2 0.001787 0.077802 0.692112 0.000318 0.227981
2 2 0.002646 0.086921 0.734244 0.000236 0.175953
4 2 0.003601 0.033719 0.057598 0.005160 0.899921
4 2 0.002630 0.071701 0.114759 0.000952 0.809957
4 4 0.006540 0.017503 0.027432 0.015357 0.933167
4 4 0.012760 0.082908 0.053235 0.010914 0.840183
4 4 0.012256 0.031724 0.015187 0.005757 0.935076
4 4 0.011050 0.009808 0.010249 0.002316 0.966577
4 4 0.011085 0.011840 0.006905 0.001857 0.968312
4 4 0.023752 0.007289 0.004935 0.002370 0.961654
4 4 0.018914 0.011405 0.006367 0.002577 0.960738
4 4 0.016075 0.007749 0.004837 0.000861 0.970478
4 4 0.017192 0.064322 0.029824 0.000176 0.888485
1 4 0.054665 0.425128 0.131261 0.000008 0.388939
4 4 0.005830 0.120778 0.272338 0.000019 0.601036
4 4 0.042510 0.199050 0.156010 0.000082 0.602348
4 4 0.006485 0.161064 0.157793 0.000511 0.674147
4 4 0.021543 0.013092 0.009098 0.002344 0.953923
4 4 0.020450 0.032324 0.018218 0.001711 0.927298
4 4 0.016878 0.014410 0.007555 0.001218 0.959939
4 4 0.060314 0.057409 0.020751 0.001411 0.860115
4 4 0.025838 0.009227 0.004945 0.000931 0.959059
4 4 0.015275 0.081498 0.097805 0.005452 0.799970
4 4 0.013691 0.031089 0.029831 0.002647 0.922742
4 4 0.013669 0.052304 0.039204 0.004906 0.889917
4 4 0.020957 0.059371 0.029996 0.005422 0.884253
4 4 0.020280 0.047381 0.066027 0.004302 0.862010
4 4 0.011244 0.244078 0.214540 0.000012 0.530126
4 4 0.006129 0.196452 0.363715 0.000005 0.433700
2 4 0.002408 0.107407 0.655305 0.000009 0.234871
2 4 0.002982 0.115188 0.593002 0.000057 0.288771
2 4 0.005851 0.194806 0.454593 0.000001 0.344749
4 4 0.040737 0.328944 0.124562 0.000480 0.505277
2 4 0.004946 0.156462 0.438099 0.000060 0.400433
4 4 0.006747 0.172972 0.361288 0.000207 0.458787
4 4 0.006063 0.156901 0.375588 0.000624 0.460824
2 4 0.005251 0.132871 0.509057 0.001667 0.351154
4 4 0.003287 0.114114 0.390458 0.002053 0.490088
4 4 0.002543 0.101000 0.387457 0.002610 0.506391
4 4 0.005618 0.140859 0.343089 0.003790 0.506644
4 4 0.010837 0.190757 0.286366 0.002328 0.509712
4 4 0.004381 0.126972 0.248310 0.003913 0.616425
4 4 0.023636 0.037751 0.031806 0.020654 0.886153
4 4 0.021976 0.027836 0.030480 0.003853 0.915855
4 4 0.025876 0.063627 0.046580 0.028777 0.835139
4 4 0.024132 0.056569 0.056354 0.004405 0.858540
4 4 0.040911 0.027709 0.017687 0.016469 0.897225
4 4 0.010670 0.014932 0.010289 0.001670 0.962440
4 4 0.017349 0.039568 0.026061 0.002462 0.914560
4 4 0.010633 0.030519 0.024106 0.000463 0.934279
4 4 0.029434 0.064502 0.025730 0.003130 0.877204
4 4 0.010520 0.021256 0.013616 0.001117 0.953491
4 4 0.021784 0.260089 0.165837 0.000823 0.551467
4 4 0.009084 0.182856 0.214452 0.001122 0.592486
4 4 0.021717 0.105867 0.091392 0.002267 0.778757
4 4 0.034649 0.170606 0.103899 0.000577 0.690269
4 4 0.038276 0.130290 0.087060 0.005379 0.738994
2 4 0.003786 0.117708 0.797143 0.000000 0.081363
2 4 0.002178 0.072348 0.871444 0.000000 0.054029
2 2 0.002598 0.079054 0.852619 0.000001 0.065728
2 2 0.001467 0.058991 0.893442 0.000000 0.046100
2 2 0.001413 0.059360 0.892699 0.000000 0.046528
2 2 0.000913 0.046092 0.909394 0.000000 0.043601
2 2 0.001152 0.046532 0.914742 0.000000 0.037574
2 2 0.001338 0.055445 0.899400 0.000000 0.043818
2 2 0.000689 0.035286 0.932174 0.000000 0.031851
2 2 0.001209 0.049852 0.904949 0.000000 0.043991
2 2 0.001322 0.066140 0.847485 0.000001 0.085053
2 2 0.001618 0.066313 0.871024 0.000000 0.061044
2 2 0.002040 0.064235 0.873173 0.000004 0.060549
2 2 0.001430 0.064800 0.878113 0.000000 0.055657
2 2 0.001622 0.057905 0.892229 0.000001 0.048244
2 2 0.002543 0.062115 0.880349 0.000139 0.054854
2 2 0.003985 0.083223 0.844211 0.000037 0.068543
2 2 0.002285 0.063278 0.871809 0.000021 0.062607
2 2 0.001957 0.054128 0.897464 0.000012 0.046438
2 2 0.001505 0.043924 0.927076 0.000047 0.027447
2 2 0.001414 0.043050 0.921272 0.000006 0.034259
2 2 0.002851 0.065072 0.884561 0.000013 0.047503
2 2 0.001088 0.039396 0.927300 0.000002 0.032215
2 2 0.000510 0.014870 0.980434 0.000168 0.004018
2 2 0.000911 0.037095 0.931096 0.000001 0.030897
2 2 0.000383 0.010536 0.986216 0.000732 0.002132
2 2 0.000678 0.020428 0.970149 0.000156 0.008588
2 2 0.000643 0.014852 0.980424 0.000985 0.003096
2 2 0.003236 0.050887 0.931214 0.000379 0.014285
2 2 0.001882 0.039563 0.944254 0.000100 0.014201
2 2 0.000604 0.013538 0.978571 0.005515 0.001772
2 2 0.000727 0.020303 0.956749 0.013656 0.008564
2 2 0.001368 0.029051 0.957732 0.002686 0.009163
2 2 0.000652 0.015469 0.968192 0.012250 0.003438
2 2 0.001057 0.024590 0.963635 0.002927 0.007791
2 2 0.001222 0.030751 0.952006 0.000841 0.015181
2 2 0.000799 0.017971 0.975600 0.001407 0.004223
2 2 0.000528 0.017079 0.974383 0.001338 0.006673
2 2 0.000587 0.017064 0.976636 0.000855 0.004858
2 2 0.000925 0.020942 0.969022 0.003582 0.005528
2 2 0.001722 0.039167 0.934427 0.003372 0.021312
2 2 0.000730 0.017209 0.966846 0.011259 0.003956
2 2 0.000711 0.016193 0.975802 0.003823 0.003470
2 2 0.000927 0.028240 0.949828 0.002682 0.018324
2 2 0.000569 0.016172 0.968612 0.008820 0.005827
2 2 0.000586 0.020360 0.937421 0.031460 0.010174
2 2 0.000431 0.014627 0.927062 0.054026 0.003853
2 2 0.000224 0.007535 0.920797 0.070700 0.000745
2 2 0.000505 0.017135 0.905845 0.071234 0.005282
2 2 0.000732 0.009181 0.857513 0.131246 0.001329
2 2 0.000439 0.010920 0.747738 0.236987 0.003917
2 2 0.001130 0.009095 0.639364 0.345427 0.004984
2 2 0.000842 0.010724 0.645638 0.338715 0.004082
2 2 0.001022 0.006875 0.625401 0.364701 0.002001
2 2 0.000370 0.004234 0.556204 0.436881 0.002312
3 2 0.000501 0.004969 0.377358 0.614591 0.002581
3 2 0.000475 0.003945 0.377285 0.613774 0.004521
3 2 0.000533 0.006085 0.432002 0.558712 0.002667
3 2 0.000661 0.006774 0.448133 0.539831 0.004600
3 3 0.000378 0.002346 0.433366 0.562719 0.001191
3 3 0.000715 0.007673 0.444821 0.543387 0.003402
3 3 0.000495 0.002831 0.365233 0.630131 0.001310
3 3 0.000673 0.003374 0.420724 0.573831 0.001397
3 3 0.000426 0.003657 0.309170 0.684306 0.002441
3 3 0.000713 0.004036 0.316345 0.674857 0.004048
3 3 0.000562 0.001346 0.115087 0.881900 0.001104
3 3 0.000384 0.001355 0.110350 0.886509 0.001402
3 3 0.000305 0.000254 0.051595 0.947676 0.000170
3 3 0.000647 0.000571 0.038952 0.959121 0.000708
3 3 0.000249 0.000235 0.040778 0.958617 0.000121
3 3 0.000331 0.000116 0.013762 0.985664 0.000126
3 3 0.000214 0.000197 0.023038 0.976394 0.000157
3 3 0.000270 0.000097 0.016314 0.983252 0.000067
3 3 0.000324 0.000297 0.037011 0.962086 0.000282
3 3 0.000265 0.000121 0.018200 0.981311 0.000103
3 3 0.000838 0.000188 0.013067 0.985573 0.000335
3 3 0.000263 0.000070 0.010645 0.988934 0.000087
3 3 0.000270 0.000117 0.024857 0.974686 0.000070
3 3 0.000188 0.000109 0.012700 0.986756 0.000246
3 3 0.000434 0.000190 0.015515 0.983469 0.000392
3 3 0.000625 0.000155 0.008590 0.990322 0.000308
3 3 0.001347 0.000171 0.011690 0.986308 0.000484
3 3 0.000622 0.000133 0.007253 0.991647 0.000346
3 3 0.000470 0.000093 0.005919 0.993306 0.000212
3 3 0.000251 0.000056 0.006980 0.992640 0.000073
3 3 0.000423 0.000085 0.007225 0.992148 0.000120
3 3 0.000426 0.000092 0.006068 0.993180 0.000234
3 3 0.000563 0.000089 0.006601 0.992553 0.000193
3 3 0.000501 0.000044 0.003780 0.995584 0.000091
3 3 0.000537 0.000040 0.004106 0.995275 0.000042
3 3 0.000978 0.000052 0.003512 0.995348 0.000109
3 3 0.000718 0.000041 0.002867 0.996273 0.000102
3 3 0.000816 0.000035 0.002880 0.996200 0.000069
3 3 0.000711 0.000044 0.003623 0.995552 0.000070
3 3 0.001290 0.000067 0.003880 0.994613 0.000150
3 3 0.000990 0.000071 0.004151 0.994637 0.000150
3 3 0.001200 0.000150 0.007724 0.990575 0.000352
3 3 0.001139 0.000129 0.008506 0.990119 0.000107
3 3 0.001222 0.000124 0.006616 0.991784 0.000254
3 3 0.001325 0.000128 0.006326 0.991955 0.000266
3 3 0.006833 0.002428 0.096566 0.892016 0.002157
3 2 0.163974 0.021204 0.172809 0.635947 0.006067
2 2 0.124496 0.081619 0.442625 0.337326 0.013933
2 2 0.154661 0.208657 0.549940 0.060837 0.025905
2 2 0.206326 0.100218 0.475521 0.200513 0.017422
2 2 0.008623 0.064228 0.892749 0.028760 0.005641
2 2 0.002493 0.028333 0.951774 0.015263 0.002137
2 2 0.003692 0.034227 0.919789 0.039685 0.002606
2 2 0.001999 0.025254 0.958921 0.011502 0.002324
2 2 0.001488 0.023201 0.928106 0.044236 0.002969
2 2 0.000520 0.011744 0.955397 0.031075 0.001264
2 2 0.000487 0.009663 0.932940 0.056367 0.000542
2 2 0.001730 0.030894 0.947233 0.013994 0.006149
2 2 0.000933 0.017229 0.930847 0.049056 0.001934
2 2 0.000446 0.010728 0.944014 0.043765 0.001047
2 2 0.000950 0.022854 0.929005 0.040769 0.006422
