0 0 0.852973 0.066391 0.045421 0.010895 0.024319
0 0 0.867498 0.052348 0.035548 0.009205 0.035402
0 0 0.900573 0.043660 0.027099 0.018542 0.010126
0 0 0.885069 0.052499 0.033266 0.019645 0.009521
0 0 0.800935 0.074071 0.041689 0.062586 0.020719
0 0 0.918022 0.041965 0.021592 0.007008 0.011413
0 0 0.841576 0.055804 0.027116 0.006150 0.069354
0 0 0.894282 0.052948 0.031188 0.005293 0.016288
0 0 0.888384 0.063511 0.031101 0.008083 0.008921
0 0 0.874029 0.061293 0.036221 0.011854 0.016602
0 0 0.931261 0.032814 0.008711 0.000010 0.027203
0 0 0.930739 0.029754 0.009287 0.000033 0.030187
0 0 0.947818 0.026857 0.005628 0.000002 0.019695
0 0 0.959261 0.012417 0.004868 0.000185 0.023269
0 0 0.845412 0.042812 0.020987 0.000591 0.090198
0 0 0.962548 0.010496 0.002895 0.000014 0.024047
0 0 0.959401 0.014652 0.004153 0.000017 0.021777
0 0 0.968572 0.007787 0.002548 0.000049 0.021044
0 0 0.973828 0.007406 0.002179 0.000024 0.016563
0 0 0.981168 0.004829 0.001395 0.000023 0.012585
0 0 0.952263 0.017662 0.008218 0.000688 0.021170
0 0 0.956250 0.013225 0.005247 0.000198 0.025080
0 0 0.975259 0.007232 0.002418 0.000064 0.015026
0 0 0.917383 0.022144 0.008572 0.000130 0.051771
0 0 0.966138 0.007940 0.002567 0.000044 0.023312
0 0 0.956044 0.012681 0.004897 0.000159 0.026218
0 0 0.987661 0.004569 0.001528 0.000084 0.006159
0 0 0.989776 0.003625 0.001127 0.000050 0.005422
0 0 0.983192 0.004932 0.001534 0.000042 0.010300
0 0 0.985520 0.004293 0.001298 0.000035 0.008855
0 0 0.985357 0.006716 0.002810 0.000490 0.004626
0 0 0.979127 0.009085 0.003943 0.000567 0.007278
0 0 0.983043 0.007796 0.003410 0.000668 0.005083
0 0 0.986758 0.006366 0.002781 0.000746 0.003349
0 0 0.828127 0.104987 0.053630 0.001579 0.011678
0 0 0.980070 0.006760 0.002390 0.000108 0.010673
0 0 0.986374 0.005244 0.001845 0.000121 0.006415
0 0 0.980598 0.005814 0.001893 0.000057 0.011638
0 0 0.978227 0.007125 0.002514 0.000103 0.012031
0 0 0.986429 0.004095 0.001232 0.000035 0.008209
0 0 0.978141 0.007371 0.002653 0.000121 0.011714
0 0 0.983570 0.007137 0.002903 0.000368 0.006023
0 0 0.985997 0.006003 0.002316 0.000254 0.005430
0 0 0.941212 0.017740 0.007557 0.000307 0.033184
0 0 0.833178 0.097969 0.048105 0.001003 0.019746
0 0 0.978618 0.009625 0.005173 0.003677 0.002908
0 0 0.965063 0.015299 0.008918 0.005748 0.004972
0 0 0.952483 0.022507 0.013452 0.007396 0.004162
0 0 0.936282 0.029869 0.017612 0.004888 0.011349
0 0 0.936790 0.031978 0.019003 0.006417 0.005812
0 0 0.965609 0.016211 0.007599 0.000939 0.009641
0 0 0.946540 0.024176 0.011936 0.001176 0.016172
0 0 0.974085 0.010254 0.004312 0.000396 0.010953
0 0 0.946610 0.028663 0.012406 0.000497 0.011824
0 0 0.968463 0.012962 0.005927 0.000723 0.011925
0 0 0.983869 0.006484 0.002455 0.000206 0.006985
0 0 0.968676 0.009723 0.003619 0.000136 0.017846
0 0 0.986050 0.004905 0.001567 0.000057 0.007421
0 0 0.963216 0.012993 0.005472 0.000344 0.017976
0 0 0.946860 0.017856 0.007957 0.000461 0.026867
0 0 0.969668 0.015565 0.006889 0.000675 0.007203
0 0 0.969175 0.011733 0.004997 0.000407 0.013688
0 0 0.959702 0.014310 0.006187 0.000409 0.019391
0 0 0.934501 0.030794 0.015307 0.001194 0.018204
0 0 0.949000 0.023152 0.009911 0.000400 0.017537
0 0 0.890803 0.047902 0.030291 0.016681 0.014323
0 0 0.907132 0.034111 0.017543 0.037159 0.004056
0 0 0.888648 0.050918 0.034908 0.014720 0.010805
0 0 0.925555 0.035945 0.022701 0.010008 0.005791
0 0 0.895625 0.047566 0.030983 0.008789 0.017037
0 0 0.776753 0.138331 0.073689 0.006440 0.004787
0 0 0.948702 0.022247 0.012747 0.003820 0.012484
0 0 0.818735 0.105193 0.063017 0.006359 0.006697
0 0 0.810109 0.106319 0.065614 0.006200 0.011757
0 0 0.755619 0.152580 0.083209 0.002946 0.005647
0 0 0.668335 0.213266 0.111422 0.001959 0.005017
0 0 0.665018 0.226190 0.103761 0.000789 0.004242
0 0 0.570340 0.287094 0.136964 0.000855 0.004748
1 1 0.382506 0.421725 0.191249 0.000385 0.004135
0 1 0.454448 0.365351 0.173234 0.000572 0.006395
0 1 0.743591 0.185298 0.063790 0.000091 0.007231
0 0 0.768017 0.120173 0.072389 0.003450 0.035971
0 0 0.873454 0.086704 0.033605 0.000267 0.005971
0 0 0.862442 0.068923 0.038422 0.002339 0.027874
0 0 0.709728 0.131399 0.087712 0.005571 0.065590
0 0 0.902062 0.038958 0.020137 0.002908 0.035936
0 0 0.941536 0.024536 0.012095 0.003541 0.018292
0 0 0.943102 0.029748 0.014448 0.001171 0.011531
0 0 0.930956 0.040788 0.017719 0.000541 0.009995
0 0 0.916705 0.039968 0.021020 0.001734 0.020572
0 0 0.884923 0.044030 0.026983 0.004207 0.039857
0 0 0.852347 0.076561 0.046292 0.004687 0.020114
0 0 0.778036 0.132681 0.069215 0.007158 0.012909
0 0 0.781864 0.134776 0.072631 0.002477 0.008251
0 0 0.818167 0.127159 0.051688 0.000472 0.002515
0 0 0.448733 0.310769 0.217667 0.006063 0.016767
0 0 0.541484 0.267695 0.173089 0.005622 0.012110
0 0 0.588904 0.270424 0.135769 0.001424 0.003480
0 1 0.546224 0.304006 0.145866 0.000989 0.002916
0 1 0.578133 0.274565 0.141661 0.001630 0.004012
0 1 0.843996 0.096225 0.048975 0.001690 0.009114
0 0 0.838682 0.094832 0.049822 0.001817 0.014847
0 0 0.852587 0.066696 0.040946 0.004352 0.035420
0 0 0.853504 0.083032 0.047946 0.004002 0.011516
0 0 0.883119 0.059614 0.033277 0.002615 0.021376
0 0 0.958907 0.024281 0.010723 0.001138 0.004951
0 0 0.917488 0.029543 0.015459 0.001372 0.036138
0 0 0.896563 0.036590 0.020167 0.001858 0.044822
0 0 0.865023 0.060636 0.030642 0.000986 0.042713
0 0 0.856087 0.087038 0.044761 0.001771 0.010343
0 0 0.865371 0.080788 0.045555 0.005092 0.003193
0 0 0.746130 0.114239 0.080225 0.009285 0.050121
0 0 0.785151 0.108923 0.074309 0.010418 0.021200
0 0 0.762722 0.136734 0.079310 0.009264 0.011969
0 0 0.774881 0.153773 0.068807 0.001076 0.001463
0 0 0.659779 0.205656 0.109226 0.001330 0.024009
0 0 0.589161 0.260095 0.142958 0.002421 0.005366
0 0 0.528301 0.311744 0.154773 0.001381 0.003801
0 1 0.405535 0.394404 0.195534 0.000823 0.003703
0 1 0.459339 0.350729 0.183233 0.001582 0.005116
1 1 0.172417 0.554360 0.262164 0.000147 0.010913
1 1 0.389304 0.416142 0.180459 0.000193 0.013901
1 1 0.263853 0.489329 0.239785 0.000375 0.006659
1 1 0.051612 0.483792 0.411233 0.000200 0.053164
1 1 0.080280 0.602906 0.298082 0.000072 0.018659
2 2 0.000197 0.105960 0.892591 0.000002 0.001249
2 2 0.000286 0.181659 0.816380 0.000000 0.001675
2 2 0.000076 0.047540 0.951535 0.000001 0.000848
2 2 0.000109 0.068351 0.930707 0.000002 0.000831
2 2 0.000203 0.089947 0.908236 0.000002 0.001613
2 2 0.000027 0.020960 0.978642 0.000003 0.000368
2 2 0.000054 0.024118 0.975181 0.000008 0.000640
2 2 0.000047 0.025426 0.973683 0.000001 0.000842
2 2 0.000033 0.017914 0.981632 0.000009 0.000412
2 2 0.000018 0.011997 0.987535 0.000002 0.000448
2 2 0.000007 0.004726 0.995067 0.000006 0.000194
2 2 0.000029 0.018472 0.981150 0.000008 0.000342
2 2 0.000008 0.007437 0.992269 0.000001 0.000285
2 2 0.000016 0.007414 0.992241 0.000016 0.000313
2 2 0.000023 0.012057 0.987577 0.000015 0.000327
2 2 0.000002 0.001508 0.998370 0.000017 0.000103
2 2 0.000010 0.004427 0.995309 0.000101 0.000153
2 2 0.000011 0.004210 0.995457 0.000164 0.000158
2 2 0.000005 0.002260 0.997492 0.000123 0.000120
2 3 0.000006 0.002107 0.997040 0.000769 0.000078
2 3 0.000003 0.001121 0.997754 0.001071 0.000051
2 3 0.000001 0.000344 0.996262 0.003361 0.000031
2 3 0.000005 0.000984 0.995359 0.003562 0.000090
2 3 0.000001 0.000279 0.997241 0.002457 0.000021
2 3 0.000000 0.000098 0.994126 0.005763 0.000013
2 3 0.000001 0.000079 0.977102 0.022805 0.000013
2 3 0.000001 0.000131 0.980655 0.019183 0.000029
2 3 0.000001 0.000154 0.973906 0.025913 0.000027
2 3 0.000000 0.000098 0.985518 0.014361 0.000022
2 3 0.000001 0.000126 0.945524 0.054303 0.000047
2 3 0.000002 0.000063 0.720721 0.279189 0.000024
2 3 0.000004 0.000137 0.867440 0.132371 0.000049
2 3 0.000006 0.000178 0.787537 0.212226 0.000053
2 3 0.000022 0.000248 0.878110 0.121562 0.000058
2 3 0.000005 0.000147 0.735500 0.264300 0.000048
2 3 0.000008 0.000176 0.664393 0.335359 0.000064
2 3 0.000000 0.000025 0.532955 0.467003 0.000017
2 3 0.000002 0.000069 0.668464 0.331434 0.000030
2 3 0.000006 0.000102 0.758368 0.241490 0.000035
2 3 0.000002 0.000037 0.513826 0.486119 0.000015
3 3 0.000001 0.000024 0.269398 0.730565 0.000012
3 3 0.000002 0.000030 0.298296 0.701658 0.000014
2 3 0.000004 0.000220 0.699307 0.300305 0.000164
2 3 0.000002 0.000060 0.590860 0.409044 0.000035
2 3 0.000014 0.000167 0.561733 0.438024 0.000062
3 3 0.000001 0.000030 0.461257 0.538696 0.000015
3 3 0.000013 0.000103 0.467590 0.532259 0.000035
3 3 0.000003 0.000046 0.422081 0.577851 0.000020
3 3 0.000001 0.000022 0.365109 0.634854 0.000014
3 3 0.000001 0.000031 0.275349 0.724601 0.000017
3 3 0.000002 0.000035 0.349268 0.650669 0.000026
3 3 0.000002 0.000018 0.220846 0.779124 0.000009
3 3 0.000002 0.000023 0.174689 0.825269 0.000017
3 3 0.000002 0.000013 0.113519 0.886457 0.000008
3 3 0.000003 0.000049 0.163313 0.836596 0.000039
3 3 0.000001 0.000031 0.281638 0.718300 0.000030
3 3 0.000001 0.000015 0.263745 0.736227 0.000012
3 3 0.000002 0.000037 0.267154 0.732780 0.000028
3 3 0.000001 0.000023 0.287280 0.712679 0.000017
3 3 0.000003 0.000041 0.271737 0.728194 0.000026
3 3 0.000001 0.000013 0.112102 0.887871 0.000013
3 3 0.000003 0.000068 0.341949 0.657921 0.000058
3 3 0.000001 0.000025 0.110188 0.889761 0.000026
3 3 0.000010 0.000061 0.298856 0.701035 0.000039
3 3 0.000008 0.000098 0.161901 0.837928 0.000065
3 3 0.000001 0.000019 0.125097 0.874872 0.000011
3 3 0.000001 0.000016 0.215532 0.784443 0.000008
3 3 0.000001 0.000012 0.229390 0.770587 0.000010
3 3 0.000000 0.000005 0.130378 0.869613 0.000003
3 3 0.000001 0.000008 0.182193 0.817792 0.000006
3 3 0.000001 0.000023 0.111239 0.888713 0.000024
3 3 0.000001 0.000016 0.238938 0.761029 0.000016
3 3 0.000001 0.000020 0.224326 0.775638 0.000016
3 3 0.000000 0.000005 0.060216 0.939774 0.000005
3 3 0.000001 0.000016 0.192765 0.807202 0.000016
3 3 0.000000 0.000005 0.103801 0.896190 0.000004
3 3 0.000000 0.000005 0.057640 0.942350 0.000005
3 3 0.000001 0.000008 0.102267 0.897717 0.000007
3 3 0.000001 0.000005 0.055729 0.944260 0.000005
3 3 0.000010 0.000096 0.340442 0.659383 0.000070
1 2 0.085653 0.573028 0.335440 0.000304 0.005575
2 3 0.019172 0.407800 0.561650 0.000124 0.011254
2 3 0.007028 0.374242 0.602463 0.000039 0.016228
2 2 0.012065 0.342687 0.630618 0.000118 0.014513
2 2 0.007788 0.276973 0.695452 0.000042 0.019745
2 2 0.000202 0.095898 0.902550 0.000002 0.001348
2 2 0.000229 0.089513 0.908985 0.000004 0.001269
2 2 0.001339 0.156942 0.839668 0.000015 0.002036
2 2 0.000964 0.159348 0.837962 0.000016 0.001709
2 2 0.000121 0.056199 0.942377 0.000002 0.001302
2 2 0.000925 0.091948 0.906043 0.000009 0.001076
2 2 0.000206 0.031566 0.967144 0.000013 0.001071
2 2 0.000168 0.033990 0.965422 0.000052 0.000368
2 2 0.000393 0.072898 0.925205 0.000014 0.001490
2 2 0.000095 0.034446 0.964366 0.000006 0.001088
2 2 0.000342 0.068105 0.929611 0.000009 0.001933
2 2 0.000135 0.047529 0.951474 0.000005 0.000857
2 2 0.000034 0.014032 0.985183 0.000004 0.000747
2 2 0.000034 0.012714 0.986618 0.000010 0.000623
2 2 0.000010 0.006227 0.993577 0.000023 0.000164
2 2 0.000013 0.008304 0.991358 0.000004 0.000320
2 2 0.000019 0.010075 0.989440 0.000004 0.000462
2 2 0.000020 0.009559 0.989916 0.000004 0.000501
2 2 0.000036 0.017382 0.981970 0.000005 0.000606
2 2 0.000153 0.024756 0.973696 0.000110 0.001284
2 2 0.000063 0.022220 0.977184 0.000052 0.000481
2 2 0.000071 0.015642 0.983747 0.000034 0.000506
2 2 0.000017 0.008156 0.991464 0.000012 0.000351
2 2 0.000012 0.005082 0.994628 0.000121 0.000158
2 2 0.000026 0.008670 0.990859 0.000045 0.000400
2 2 0.000020 0.004234 0.994998 0.000454 0.000294
2 3 0.000019 0.005451 0.994021 0.000272 0.000237
2 3 0.000013 0.006354 0.993379 0.000038 0.000215
2 3 0.000041 0.010354 0.989003 0.000106 0.000496
2 3 0.000009 0.002316 0.997106 0.000369 0.000200
2 3 0.000020 0.002365 0.992357 0.005004 0.000255
2 3 0.000017 0.002043 0.991922 0.005777 0.000240
2 3 0.000016 0.002978 0.995787 0.000964 0.000254
2 3 0.000040 0.004900 0.992384 0.002256 0.000419
2 3 0.000671 0.016336 0.963454 0.017171 0.002367
2 2 0.000135 0.019101 0.979466 0.000727 0.000570
2 2 0.000012 0.006426 0.993311 0.000017 0.000234
2 2 0.000174 0.027171 0.971471 0.000172 0.001012
2 2 0.000020 0.010876 0.988857 0.000056 0.000191
2 2 0.000149 0.025927 0.973293 0.000141 0.000490
2 2 0.000111 0.028762 0.970360 0.000028 0.000739
2 2 0.000081 0.021992 0.977326 0.000062 0.000540
2 2 0.000030 0.011597 0.987965 0.000044 0.000363
2 2 0.000057 0.024767 0.974470 0.000005 0.000701
2 2 0.000058 0.020892 0.978487 0.000017 0.000546
2 2 0.000133 0.039528 0.959125 0.000012 0.001202
2 2 0.000033 0.016555 0.982678 0.000002 0.000732
2 2 0.000027 0.009415 0.989982 0.000014 0.000561
2 2 0.000061 0.031546 0.967737 0.000005 0.000651
2 2 0.000077 0.023534 0.975634 0.000032 0.000722
2 2 0.000016 0.002622 0.995170 0.001973 0.000219
2 2 0.000138 0.010049 0.988340 0.000932 0.000541
2 2 0.000021 0.005322 0.994135 0.000211 0.000311
2 3 0.000044 0.008540 0.990524 0.000471 0.000421
2 3 0.000022 0.001943 0.988300 0.009431 0.000303
2 3 0.000003 0.000495 0.988902 0.010513 0.000086
2 3 0.000020 0.002071 0.990409 0.007222 0.000277
2 3 0.000006 0.000468 0.974865 0.024552 0.000109
2 3 0.000010 0.000783 0.966330 0.032693 0.000183
2 3 0.000003 0.000440 0.985883 0.013593 0.000080
2 3 0.001116 0.006289 0.838678 0.152625 0.001292
2 3 0.000119 0.003585 0.820279 0.174210 0.001807
2 3 0.000552 0.008340 0.931332 0.057077 0.002700
2 3 0.000468 0.007696 0.967775 0.022966 0.001095
2 2 0.018463 0.061322 0.901602 0.015762 0.002851
2 2 0.004773 0.193556 0.800277 0.000195 0.001199
2 2 0.000120 0.028107 0.970818 0.000070 0.000885
2 2 0.000051 0.010378 0.988692 0.000062 0.000817
2 2 0.000077 0.019697 0.979423 0.000054 0.000749
2 2 0.000067 0.022541 0.976746 0.000032 0.000614
2 2 0.000050 0.011970 0.987173 0.000038 0.000769
2 2 0.000230 0.083454 0.914833 0.000005 0.001478
2 2 0.000044 0.014791 0.984321 0.000008 0.000836
2 2 0.000149 0.031668 0.966077 0.000009 0.002097
2 2 0.000034 0.011587 0.987668 0.000010 0.000700
2 2 0.000199 0.055454 0.943654 0.000008 0.000685
2 2 0.000043 0.015279 0.984184 0.000043 0.000450
2 2 0.000021 0.006920 0.992523 0.000017 0.000519
2 2 0.000028 0.012426 0.987097 0.000014 0.000435
2 2 0.000013 0.005079 0.994595 0.000049 0.000264
2 2 0.000038 0.009722 0.989470 0.000027 0.000742
2 2 0.000070 0.025415 0.973968 0.000019 0.000529
2 2 0.000043 0.013964 0.985302 0.000018 0.000672
2 2 0.000008 0.004186 0.995557 0.000017 0.000231
2 2 0.000009 0.003907 0.995809 0.000021 0.000255
2 2 0.000109 0.025554 0.972710 0.000010 0.001617
2 2 0.000117 0.027849 0.970290 0.000008 0.001735
2 2 0.000304 0.056375 0.941028 0.000022 0.002270
1 1 0.121195 0.556842 0.315426 0.000432 0.006106
2 2 0.000464 0.092170 0.905959 0.000014 0.001393
2 2 0.000128 0.039808 0.958618 0.000006 0.001440
2 2 0.000048 0.022284 0.976860 0.000003 0.000806
2 2 0.000034 0.017350 0.981944 0.000003 0.000669
2 2 0.000186 0.067410 0.930690 0.000003 0.001711
2 2 0.000034 0.016768 0.982615 0.000005 0.000579
2 2 0.000082 0.028269 0.970070 0.000002 0.001578
2 2 0.000115 0.028674 0.969145 0.000004 0.002062
2 2 0.000456 0.098072 0.898859 0.000012 0.002602
2 4 0.000131 0.034523 0.963820 0.000009 0.001517
2 4 0.000772 0.095199 0.899278 0.000025 0.004727
4 4 0.036232 0.054349 0.008628 0.000000 0.900790
4 4 0.040315 0.048852 0.007261 0.000000 0.903573
4 4 0.086573 0.154444 0.019371 0.000000 0.739611
4 4 0.052046 0.138811 0.026859 0.000000 0.782285
4 4 0.043361 0.123087 0.021441 0.000000 0.812111
4 4 0.189261 0.326720 0.092562 0.000002 0.391454
4 4 0.062331 0.237380 0.044302 0.000000 0.655987
4 4 0.063215 0.175423 0.039427 0.000000 0.721936
4 4 0.060250 0.193977 0.043314 0.000000 0.702460
4 4 0.081301 0.076940 0.023991 0.000000 0.817768
4 4 0.060941 0.118095 0.025793 0.000000 0.795170
4 4 0.037214 0.071518 0.010978 0.000000 0.880290
4 4 0.100906 0.054130 0.006475 0.000000 0.838489
4 4 0.052571 0.022263 0.005109 0.000000 0.920057
4 4 0.349214 0.135381 0.015834 0.000000 0.499571
4 4 0.044526 0.035530 0.008007 0.000011 0.911926
0 4 0.605921 0.121858 0.014750 0.000000 0.257471
4 4 0.357224 0.020245 0.003270 0.000000 0.619261
4 4 0.164450 0.029142 0.006793 0.000001 0.799614
4 4 0.363179 0.034815 0.005873 0.000000 0.596133
4 4 0.165844 0.005218 0.000524 0.000000 0.828415
4 4 0.130513 0.057059 0.006070 0.000000 0.806359
4 4 0.160445 0.003755 0.000626 0.000000 0.835174
4 4 0.134927 0.007165 0.000613 0.000000 0.857295
4 4 0.072353 0.017546 0.002033 0.000000 0.908068
0 4 0.488443 0.129923 0.046250 0.000020 0.335364
0 1 0.706068 0.205588 0.049769 0.000004 0.038571
0 1 0.527185 0.317807 0.058942 0.000000 0.096066
0 1 0.607478 0.310270 0.043389 0.000000 0.038863
1 1 0.366959 0.396187 0.089810 0.000001 0.147043
1 1 0.007159 0.599561 0.292818 0.000000 0.100462
2 1 0.004344 0.193103 0.670308 0.000000 0.132244
2 2 0.003917 0.189853 0.674522 0.000000 0.131708
2 2 0.002524 0.142367 0.735296 0.000000 0.119813
2 2 0.003455 0.234036 0.640721 0.000000 0.121788
2 2 0.000009 0.007840 0.991955 0.000003 0.000193
2 2 0.000003 0.002359 0.997504 0.000005 0.000130
2 2 0.000010 0.009383 0.990279 0.000001 0.000327
2 2 0.000021 0.011744 0.987693 0.000002 0.000540
2 2 0.000019 0.012718 0.986822 0.000002 0.000439
2 2 0.000003 0.002190 0.997695 0.000026 0.000087
2 2 0.000008 0.004511 0.995293 0.000031 0.000158
2 2 0.000024 0.014619 0.985054 0.000013 0.000290
2 2 0.000004 0.002525 0.997319 0.000020 0.000132
2 2 0.000005 0.002844 0.997001 0.000024 0.000126
2 2 0.000007 0.004081 0.995721 0.000038 0.000152
2 2 0.000007 0.003565 0.996241 0.000029 0.000158
2 2 0.000011 0.006216 0.993498 0.000010 0.000265
2 2 0.000026 0.007512 0.992179 0.000080 0.000203
2 2 0.000005 0.002976 0.996868 0.000016 0.000135
2 2 0.000015 0.008390 0.991296 0.000011 0.000288
2 2 0.000019 0.011419 0.988296 0.000017 0.000248
2 2 0.000001 0.001124 0.998787 0.000014 0.000074
2 2 0.000013 0.007017 0.992677 0.000012 0.000282
2 2 0.000011 0.007310 0.992490 0.000017 0.000172
2 2 0.000004 0.002043 0.997769 0.000032 0.000152
2 2 0.000063 0.026825 0.972373 0.000007 0.000731
2 2 0.000021 0.009542 0.990061 0.000018 0.000358
2 2 0.000008 0.005118 0.994648 0.000007 0.000220
2 2 0.000326 0.052336 0.946462 0.000019 0.000856
2 2 0.000003 0.001727 0.998148 0.000037 0.000084
2 2 0.000004 0.002822 0.997042 0.000029 0.000102
2 2 0.000008 0.003979 0.995790 0.000018 0.000205
2 2 0.000010 0.004985 0.994789 0.000047 0.000169
2 2 0.000006 0.002362 0.997393 0.000112 0.000127
2 2 0.000048 0.005128 0.993486 0.000200 0.001138
2 2 0.000219 0.013198 0.983190 0.000436 0.002957
2 2 0.009446 0.071382 0.910493 0.003883 0.004796
1 1 0.273175 0.452975 0.270045 0.000598 0.003207
1 1 0.101403 0.459219 0.436741 0.000295 0.002342
2 1 0.040144 0.444771 0.513824 0.000116 0.001146
2 1 0.018805 0.331751 0.648343 0.000111 0.000990
2 1 0.010647 0.337556 0.650999 0.000006 0.000792
2 1 0.012534 0.377646 0.608855 0.000014 0.000950
2 1 0.008002 0.238823 0.751506 0.000023 0.001647
2 1 0.002597 0.144600 0.850903 0.000009 0.001891
2 1 0.007396 0.331783 0.659630 0.000019 0.001172
2 2 0.047238 0.461703 0.489873 0.000090 0.001097
2 2 0.001815 0.168256 0.828601 0.000012 0.001316
2 2 0.002049 0.154410 0.842260 0.000015 0.001267
2 2 0.000849 0.114926 0.883340 0.000013 0.000871
2 2 0.008082 0.257871 0.732313 0.000067 0.001666
2 2 0.004463 0.195837 0.798085 0.000063 0.001552
2 2 0.012852 0.314587 0.671309 0.000082 0.001170
2 2 0.003495 0.231926 0.763821 0.000021 0.000736
2 2 0.061077 0.431206 0.505362 0.000149 0.002206
2 2 0.008900 0.225628 0.762608 0.000215 0.002650
2 2 0.005412 0.207116 0.784223 0.000386 0.002863
2 2 0.018163 0.303161 0.676762 0.000149 0.001766
2 2 0.059499 0.318927 0.616864 0.001108 0.003603
2 2 0.099856 0.267950 0.622614 0.003768 0.005812
2 2 0.067949 0.217795 0.704473 0.004493 0.005290
2 2 0.091926 0.262103 0.629209 0.007546 0.009215
2 2 0.145675 0.257376 0.581330 0.007161 0.008459
2 3 0.094909 0.275948 0.602675 0.009924 0.016545
2 3 0.161654 0.268933 0.538058 0.017756 0.013599
2 3 0.084381 0.180017 0.663113 0.053874 0.018615
2 3 0.135049 0.166599 0.628086 0.060525 0.009741
2 3 0.124526 0.148071 0.674746 0.039568 0.013090
2 3 0.145592 0.186104 0.624573 0.031307 0.012423
2 3 0.038784 0.079822 0.788933 0.080608 0.011854
2 3 0.082283 0.115521 0.682729 0.106559 0.012907
2 3 0.216698 0.154211 0.569172 0.045134 0.014786
2 3 0.233513 0.153407 0.547833 0.050048 0.015198
2 3 0.130195 0.149625 0.622704 0.081938 0.015538
2 3 0.362694 0.183290 0.416118 0.026272 0.011626
2 3 0.314932 0.205681 0.415258 0.042651 0.021479
2 3 0.118099 0.116637 0.628930 0.120949 0.015385
2 3 0.142372 0.118982 0.561136 0.160486 0.017025
2 3 0.335425 0.215703 0.396603 0.040670 0.011598
2 3 0.141279 0.109904 0.615308 0.120772 0.012737
2 3 0.231012 0.118925 0.506827 0.129719 0.013517
2 3 0.213624 0.105963 0.530707 0.137779 0.011927
2 3 0.265297 0.180691 0.497297 0.040066 0.016649
2 3 0.312665 0.170673 0.482898 0.025095 0.008668
2 3 0.138432 0.173405 0.560984 0.103872 0.023306
2 3 0.185153 0.144717 0.544857 0.108958 0.016315
2 3 0.274663 0.190391 0.444120 0.076693 0.014134
0 3 0.407737 0.173042 0.371781 0.033350 0.014090
2 3 0.310106 0.213168 0.392779 0.070039 0.013908
2 3 0.112005 0.145334 0.610003 0.111906 0.020753
2 3 0.157394 0.127782 0.602049 0.099657 0.013119
2 3 0.334225 0.277054 0.349117 0.024894 0.014711
2 3 0.159146 0.135421 0.621329 0.067701 0.016402
2 3 0.103017 0.135907 0.571657 0.172156 0.017264
2 3 0.321589 0.123439 0.471737 0.075194 0.008042
2 3 0.060598 0.085743 0.614725 0.230635 0.008300
2 3 0.012436 0.029943 0.526168 0.425742 0.005710
2 3 0.051891 0.056078 0.577264 0.307794 0.006972
2 3 0.100484 0.065472 0.585032 0.241688 0.007324
2 3 0.184965 0.123910 0.549761 0.126818 0.014547
0 3 0.395933 0.209990 0.361364 0.020762 0.011951
2 3 0.204815 0.149187 0.490254 0.138452 0.017292
2 3 0.222184 0.186707 0.450568 0.124655 0.015886
2 3 0.164560 0.136013 0.542232 0.143442 0.013752
2 3 0.019428 0.050030 0.650061 0.269772 0.010710
2 3 0.142088 0.205112 0.580197 0.056794 0.015809
2 3 0.037436 0.083541 0.782078 0.090482 0.006463
2 3 0.135492 0.131054 0.677999 0.043637 0.011818
2 3 0.095340 0.105636 0.653755 0.135612 0.009657
2 3 0.083644 0.180083 0.678945 0.043495 0.013833
2 3 0.184070 0.214719 0.561062 0.027709 0.012440
2 3 0.153455 0.175784 0.637287 0.022690 0.010785
2 3 0.130718 0.163824 0.664405 0.029444 0.011609
2 3 0.172340 0.206760 0.586347 0.020458 0.014094
0 1 0.533093 0.264281 0.177530 0.006372 0.018724
2 1 0.242609 0.261178 0.430986 0.009760 0.055466
2 2 0.022267 0.101575 0.824633 0.015273 0.036253
2 2 0.007562 0.063692 0.892991 0.001749 0.034006
2 2 0.006378 0.051640 0.880148 0.001222 0.060612
2 2 0.000018 0.009067 0.990506 0.000006 0.000403
2 2 0.000116 0.037449 0.961508 0.000019 0.000907
2 2 0.014208 0.359085 0.619107 0.000191 0.007409
2 2 0.000158 0.047917 0.950926 0.000026 0.000972
2 2 0.000011 0.007333 0.992387 0.000006 0.000262
2 2 0.000011 0.010679 0.989083 0.000002 0.000224
2 2 0.000012 0.004841 0.994769 0.000012 0.000366
2 2 0.000018 0.009461 0.990179 0.000011 0.000331
2 2 0.000021 0.008007 0.991429 0.000009 0.000534
2 2 0.000004 0.003616 0.996209 0.000004 0.000166
2 2 0.000013 0.006743 0.992921 0.000010 0.000312
2 2 0.000004 0.002514 0.997326 0.000018 0.000138
2 2 0.000016 0.007311 0.992303 0.000013 0.000356
2 2 0.000007 0.003360 0.996418 0.000018 0.000198
2 2 0.000013 0.005700 0.993988 0.000028 0.000271
2 2 0.000086 0.012984 0.986233 0.000111 0.000587
2 2 0.000014 0.004239 0.995370 0.000082 0.000295
2 2 0.000024 0.009807 0.989539 0.000005 0.000625
2 2 0.000033 0.010004 0.989227 0.000013 0.000724
2 2 0.000007 0.004845 0.994936 0.000004 0.000209
2 2 0.000010 0.004173 0.995536 0.000023 0.000259
2 2 0.000014 0.007109 0.992595 0.000020 0.000262
2 2 0.000013 0.005877 0.993815 0.000021 0.000273
2 2 0.000007 0.002872 0.996832 0.000021 0.000267
2 2 0.000007 0.003323 0.996454 0.000030 0.000186
2 2 0.000027 0.009308 0.989943 0.000007 0.000714
2 2 0.000034 0.009879 0.989380 0.000019 0.000687
2 2 0.000105 0.028885 0.969208 0.000004 0.001797
2 2 0.000018 0.010741 0.988851 0.000004 0.000387
2 2 0.000170 0.049104 0.949367 0.000012 0.001346
2 2 0.000179 0.074392 0.923138 0.000001 0.002290
2 2 0.000038 0.018451 0.980118 0.000000 0.001394
2 2 0.000045 0.029436 0.969485 0.000000 0.001033
2 2 0.000312 0.100709 0.895422 0.000001 0.003556
2 2 0.000107 0.036855 0.960973 0.000001 0.002064
2 2 0.015997 0.176517 0.495079 0.000002 0.312405
4 2 0.070353 0.270282 0.106100 0.000001 0.553264
4 2 0.015923 0.107192 0.426781 0.000005 0.450099
2 2 0.015886 0.166965 0.440392 0.000023 0.376734
1 1 0.346618 0.419206 0.136020 0.000011 0.098145
2 2 0.000337 0.116995 0.881961 0.000014 0.000693
1 1 0.036624 0.590922 0.367400 0.000141 0.004914
2 2 0.000148 0.068174 0.930335 0.000002 0.001342
2 2 0.000019 0.015544 0.983972 0.000001 0.000464
2 2 0.000011 0.007250 0.992320 0.000001 0.000417
2 2 0.000055 0.030152 0.968802 0.000001 0.000990
2 2 0.000121 0.046113 0.951931 0.000001 0.001833
2 2 0.000049 0.021805 0.976989 0.000001 0.001156
2 2 0.000037 0.017490 0.981663 0.000002 0.000808
2 2 0.000063 0.032874 0.965805 0.000001 0.001257
2 2 0.000041 0.027212 0.971446 0.000000 0.001300
2 2 0.000042 0.020056 0.979065 0.000002 0.000835
2 2 0.000083 0.038681 0.959373 0.000000 0.001862
2 2 0.000103 0.036775 0.960240 0.000000 0.002882
2 2 0.000062 0.026539 0.971751 0.000001 0.001648
2 2 0.000024 0.014049 0.985223 0.000001 0.000703
2 2 0.000013 0.008089 0.991590 0.000005 0.000304
2 2 0.000013 0.006944 0.992649 0.000004 0.000390
2 2 0.000021 0.007849 0.991477 0.000006 0.000647
2 2 0.000093 0.026910 0.971452 0.000005 0.001541
2 2 0.000019 0.009379 0.990132 0.000005 0.000465
2 2 0.000054 0.020496 0.978459 0.000004 0.000988
2 2 0.000009 0.005153 0.994500 0.000004 0.000334
2 2 0.000013 0.005390 0.994167 0.000007 0.000423
2 2 0.000027 0.013302 0.986256 0.000010 0.000406
2 2 0.000053 0.021178 0.977817 0.000003 0.000948
2 2 0.000030 0.012102 0.986982 0.000002 0.000883
2 2 0.000035 0.017591 0.981672 0.000003 0.000699
2 2 0.000047 0.018095 0.981011 0.000005 0.000842
2 2 0.000113 0.036491 0.961634 0.000002 0.001760
2 2 0.000096 0.027926 0.970694 0.000008 0.001277
2 2 0.000015 0.007793 0.991818 0.000007 0.000366
2 2 0.000017 0.008787 0.990739 0.000003 0.000454
2 2 0.007165 0.078824 0.910600 0.000345 0.003066
2 1 0.035294 0.389621 0.570064 0.000319 0.004702
2 2 0.081419 0.257820 0.438887 0.000038 0.221836
0 0 0.552170 0.334873 0.101707 0.000023 0.011229
0 0 0.443535 0.418837 0.130438 0.000024 0.007166
1 1 0.347830 0.483898 0.149929 0.000013 0.018330
0 0 0.486936 0.334735 0.162540 0.000562 0.015226
1 0 0.250866 0.547268 0.148389 0.000002 0.053475
1 1 0.055437 0.514330 0.326432 0.000012 0.103789
1 1 0.227982 0.562885 0.172101 0.000006 0.037027
1 0 0.316069 0.482317 0.178924 0.000041 0.022649
1 0 0.249679 0.563918 0.178143 0.000013 0.008247
1 1 0.044192 0.548585 0.317976 0.000001 0.089245
1 1 0.042764 0.670596 0.211276 0.000000 0.075363
1 0 0.159539 0.623520 0.179851 0.000002 0.037087
1 0 0.152589 0.688551 0.149124 0.000000 0.009736
1 0 0.121416 0.693564 0.177934 0.000001 0.007085
1 0 0.003623 0.508090 0.487464 0.000002 0.000820
2 1 0.001057 0.335478 0.661308 0.000000 0.002156
2 1 0.000217 0.139317 0.857836 0.000000 0.002630
2 2 0.000034 0.043200 0.955835 0.000000 0.000931
2 2 0.000164 0.076113 0.920866 0.000000 0.002857
2 2 0.000059 0.019503 0.980073 0.000003 0.000361
2 2 0.000012 0.009318 0.990327 0.000001 0.000342
2 2 0.000043 0.018937 0.980422 0.000002 0.000596
2 2 0.000017 0.009760 0.989760 0.000003 0.000460
2 2 0.000012 0.008724 0.991036 0.000006 0.000222
2 2 0.000017 0.010845 0.988710 0.000002 0.000426
2 2 0.000010 0.007394 0.992238 0.000001 0.000358
2 2 0.000017 0.011028 0.988496 0.000002 0.000456
2 2 0.000024 0.012412 0.987073 0.000005 0.000486
2 2 0.000011 0.007829 0.991876 0.000004 0.000280
2 2 0.000010 0.007896 0.991845 0.000004 0.000245
2 2 0.000042 0.020066 0.979233 0.000005 0.000655
2 2 0.000004 0.003141 0.996714 0.000009 0.000132
2 2 0.000019 0.009955 0.989578 0.000004 0.000444
2 2 0.000014 0.006855 0.992816 0.000013 0.000302
2 2 0.000015 0.006952 0.992675 0.000013 0.000346
2 2 0.000009 0.004499 0.995253 0.000021 0.000218
2 2 0.000027 0.010855 0.988699 0.000022 0.000397
2 2 0.000007 0.004036 0.995766 0.000017 0.000173
2 2 0.000007 0.005064 0.994710 0.000005 0.000214
2 2 0.000048 0.015184 0.983913 0.000010 0.000845
2 2 0.000025 0.011236 0.988174 0.000005 0.000560
2 2 0.000063 0.024765 0.974381 0.000008 0.000783
2 2 0.000017 0.008876 0.990553 0.000002 0.000550
2 2 0.000022 0.011046 0.988476 0.000006 0.000449
2 2 0.000032 0.014403 0.984719 0.000002 0.000845
2 2 0.000018 0.007557 0.991981 0.000011 0.000432
2 2 0.000012 0.006718 0.992970 0.000007 0.000293
2 2 0.000026 0.011147 0.988266 0.000007 0.000555
2 2 0.000026 0.009940 0.989481 0.000011 0.000543
2 2 0.000008 0.004504 0.995243 0.000009 0.000236
2 2 0.000055 0.014987 0.983980 0.000013 0.000965
2 2 0.000007 0.003424 0.996352 0.000088 0.000128
2 2 0.000018 0.005309 0.994158 0.000022 0.000494
2 2 0.000008 0.004528 0.995213 0.000010 0.000242
2 2 0.000252 0.029179 0.968472 0.000110 0.001987
2 2 0.000131 0.020523 0.978563 0.000020 0.000763
2 2 0.000020 0.008833 0.990750 0.000015 0.000381
2 2 0.000019 0.006236 0.993322 0.000028 0.000395
2 2 0.000037 0.010244 0.989316 0.000013 0.000391
2 2 0.000025 0.011661 0.987730 0.000004 0.000581
2 2 0.000051 0.017259 0.981632 0.000004 0.001054
2 2 0.000032 0.010985 0.988274 0.000009 0.000699
2 2 0.000067 0.030762 0.968416 0.000005 0.000750
2 2 0.000040 0.016228 0.982988 0.000005 0.000739
2 2 0.000047 0.018990 0.980048 0.000003 0.000912
2 2 0.000135 0.043960 0.953926 0.000002 0.001976
2 2 0.000017 0.009027 0.990573 0.000006 0.000377
2 2 0.000016 0.008362 0.991253 0.000007 0.000362
2 2 0.000028 0.008915 0.990430 0.000016 0.000611
2 2 0.000003 0.001172 0.998442 0.000309 0.000075
2 2 0.000005 0.002324 0.997208 0.000394 0.000070
2 2 0.000007 0.003030 0.996713 0.000091 0.000159
2 2 0.000004 0.002189 0.997631 0.000100 0.000075
2 2 0.000004 0.001894 0.997868 0.000154 0.000080
2 2 0.000006 0.002953 0.996792 0.000139 0.000110
2 2 0.000003 0.001502 0.998160 0.000276 0.000058
2 2 0.000012 0.003721 0.995725 0.000375 0.000167
2 2 0.000002 0.001377 0.998193 0.000385 0.000043
2 3 0.000010 0.004069 0.995618 0.000147 0.000156
2 3 0.000017 0.005211 0.994380 0.000144 0.000249
2 3 0.000004 0.002787 0.997065 0.000053 0.000091
2 3 0.000037 0.006311 0.992358 0.000916 0.000378
2 3 0.000003 0.002041 0.997837 0.000043 0.000076
2 3 0.000012 0.005344 0.994383 0.000039 0.000222
2 3 0.000005 0.002248 0.997097 0.000582 0.000068
2 3 0.000004 0.001723 0.997506 0.000705 0.000061
2 3 0.000013 0.002899 0.995621 0.001298 0.000169
2 3 0.000002 0.001078 0.998436 0.000445 0.000039
2 3 0.000005 0.001920 0.997217 0.000786 0.000072
2 3 0.000074 0.008152 0.989407 0.001726 0.000641
2 3 0.000022 0.003374 0.993815 0.002531 0.000257
2 3 0.000052 0.003701 0.986806 0.008894 0.000547
2 3 0.000068 0.011435 0.987528 0.000244 0.000725
2 2 0.000030 0.009049 0.990384 0.000038 0.000499
2 2 0.000003 0.001724 0.998132 0.000067 0.000075
2 2 0.000072 0.011918 0.987400 0.000114 0.000496
2 2 0.000069 0.013947 0.985411 0.000036 0.000537
2 2 0.000013 0.004190 0.995424 0.000150 0.000222
2 2 0.000071 0.018828 0.980664 0.000094 0.000343
2 2 0.000018 0.009596 0.990207 0.000022 0.000157
2 2 0.000056 0.022411 0.976940 0.000017 0.000576
2 2 0.000400 0.042082 0.956026 0.000008 0.001483
2 2 0.000008 0.005547 0.994268 0.000013 0.000165
2 2 0.000021 0.012331 0.987266 0.000005 0.000377
2 2 0.000344 0.042188 0.954028 0.000033 0.003407
2 2 0.000104 0.026232 0.972112 0.000008 0.001545
2 2 0.000022 0.007734 0.991624 0.000008 0.000611
2 2 0.007394 0.107209 0.878289 0.000294 0.006815
2 2 0.010588 0.407625 0.572500 0.000040 0.009247
2 2 0.000016 0.007384 0.992136 0.000005 0.000459
2 2 0.000044 0.022887 0.976287 0.000002 0.000780
2 2 0.000013 0.007181 0.992444 0.000005 0.000356
2 2 0.000046 0.024521 0.974860 0.000005 0.000567
2 4 0.000438 0.055290 0.941625 0.000093 0.002554
4 4 0.189801 0.268921 0.036176 0.000000 0.505103
4 4 0.048699 0.098237 0.018756 0.000000 0.834307
4 4 0.075444 0.124647 0.018351 0.000000 0.781558
4 4 0.065817 0.055089 0.012256 0.000000 0.866838
4 4 0.054119 0.036640 0.008666 0.000000 0.900575
4 4 0.090570 0.116483 0.024054 0.000000 0.768893
4 4 0.050489 0.051958 0.010921 0.000000 0.886631
4 4 0.052774 0.127988 0.026054 0.000000 0.793183
4 4 0.044066 0.090205 0.016627 0.000000 0.849102
4 4 0.054886 0.086717 0.018535 0.000000 0.839861
4 4 0.366749 0.073448 0.016181 0.000006 0.543617
4 4 0.134459 0.037771 0.009959 0.000018 0.817793
4 4 0.068136 0.084866 0.025166 0.000222 0.821610
4 4 0.052628 0.086878 0.021359 0.000122 0.839014
4 4 0.131155 0.090686 0.026224 0.000034 0.751902
4 4 0.054828 0.050441 0.011744 0.000001 0.882986
4 4 0.159142 0.048432 0.007218 0.000000 0.785208
4 4 0.045689 0.038403 0.005803 0.000000 0.910105
4 4 0.040065 0.012066 0.002073 0.000000 0.945795
4 4 0.218384 0.029764 0.005449 0.000000 0.746404
4 4 0.265586 0.049745 0.013634 0.000010 0.671025
4 4 0.102755 0.025468 0.007257 0.000016 0.864505
4 4 0.339971 0.020875 0.005447 0.000005 0.633702
4 4 0.457891 0.023681 0.006974 0.000009 0.511445
0 4 0.536254 0.045661 0.012351 0.000003 0.405731
4 4 0.069530 0.016606 0.004302 0.000002 0.909559
4 4 0.172704 0.026263 0.006547 0.000019 0.794467
4 4 0.370918 0.065355 0.011773 0.000004 0.551949
4 4 0.044620 0.031421 0.007103 0.000007 0.916849
4 4 0.175296 0.100574 0.021088 0.000000 0.703042
4 4 0.052041 0.246081 0.047967 0.000000 0.653911
4 4 0.017360 0.148824 0.331574 0.000000 0.502242
4 4 0.014084 0.146517 0.352896 0.000000 0.486503
4 4 0.013332 0.129750 0.319017 0.000000 0.537901
4 4 0.011036 0.164808 0.390098 0.000000 0.434058
4 4 0.027140 0.080838 0.065212 0.000000 0.826809
4 4 0.120841 0.217516 0.024846 0.000000 0.636797
4 4 0.046269 0.351794 0.050426 0.000000 0.551512
4 4 0.036649 0.160397 0.022692 0.000000 0.780262
4 4 0.031662 0.101111 0.012934 0.000000 0.854293
1 4 0.029542 0.467764 0.068563 0.000000 0.434131
4 4 0.012663 0.159164 0.362381 0.000000 0.465792
2 4 0.011481 0.163315 0.467176 0.000002 0.358027
2 4 0.012159 0.201481 0.397443 0.000000 0.388917
2 4 0.009883 0.148925 0.488799 0.000000 0.352393
4 4 0.024629 0.225093 0.213733 0.000000 0.536545
1 4 0.015268 0.514016 0.255222 0.000000 0.215494
1 4 0.036526 0.540815 0.113383 0.000000 0.309276
2 4 0.009518 0.147809 0.467156 0.000000 0.375517
2 4 0.010168 0.150976 0.486472 0.000000 0.352384
2 4 0.006333 0.119426 0.568130 0.000000 0.306111
2 4 0.006073 0.142314 0.603281 0.000000 0.248331
1 0 0.099083 0.685114 0.125399 0.000000 0.090404
1 1 0.014507 0.552311 0.231004 0.000000 0.202178
2 1 0.009951 0.265807 0.446598 0.000000 0.277643
2 2 0.000327 0.088633 0.906460 0.000001 0.004579
2 2 0.000087 0.068919 0.929045 0.000000 0.001948
2 2 0.000263 0.098347 0.896828 0.000000 0.004562
2 2 0.000047 0.022629 0.975779 0.000000 0.001545
2 2 0.000060 0.030429 0.967789 0.000000 0.001722
2 2 0.000014 0.008160 0.991461 0.000004 0.000362
2 2 0.000016 0.010199 0.989413 0.000003 0.000370
2 2 0.000043 0.018301 0.980818 0.000003 0.000835
2 2 0.000015 0.011285 0.988266 0.000001 0.000433
2 2 0.000011 0.007062 0.992531 0.000002 0.000394
2 2 0.000014 0.008368 0.991390 0.000023 0.000204
2 2 0.000007 0.004308 0.995519 0.000017 0.000149
2 2 0.000004 0.003763 0.996100 0.000004 0.000128
2 2 0.000004 0.003436 0.996439 0.000013 0.000109
2 2 0.000002 0.001658 0.998259 0.000009 0.000072
2 2 0.000006 0.004264 0.995593 0.000020 0.000117
2 2 0.000003 0.003196 0.996691 0.000010 0.000099
2 2 0.000006 0.002718 0.997077 0.000038 0.000161
2 2 0.000003 0.002169 0.997692 0.000068 0.000068
2 2 0.000002 0.001583 0.998317 0.000025 0.000072
2 2 0.000006 0.003691 0.996157 0.000028 0.000119
2 2 0.000004 0.002237 0.997611 0.000027 0.000121
2 2 0.000002 0.001746 0.998144 0.000010 0.000097
2 2 0.000006 0.003721 0.996089 0.000088 0.000095
2 2 0.000006 0.005206 0.994601 0.000004 0.000182
2 2 0.000009 0.006568 0.993196 0.000007 0.000220
2 2 0.000011 0.006561 0.993217 0.000016 0.000195
2 2 0.000009 0.006569 0.993137 0.000003 0.000282
2 2 0.000010 0.007944 0.991759 0.000002 0.000285
2 2 0.000012 0.005747 0.993937 0.000012 0.000292
2 2 0.000001 0.000707 0.998948 0.000312 0.000031
2 2 0.000002 0.001653 0.998205 0.000074 0.000065
2 2 0.000002 0.001072 0.998730 0.000138 0.000059
2 2 0.000002 0.001479 0.998323 0.000134 0.000062
2 2 0.000001 0.000607 0.999200 0.000176 0.000017
2 2 0.000006 0.002855 0.996933 0.000045 0.000161
2 2 0.000020 0.008234 0.991372 0.000022 0.000352
2 2 0.000006 0.003045 0.996736 0.000076 0.000137
2 2 0.000002 0.001204 0.998636 0.000093 0.000066
2 2 0.000003 0.002449 0.997413 0.000060 0.000074
2 2 0.000001 0.000420 0.998601 0.000959 0.000019
2 2 0.000000 0.000303 0.998516 0.001166 0.000015
2 2 0.000001 0.000573 0.998229 0.001169 0.000028
2 3 0.000001 0.000362 0.998655 0.000966 0.000016
2 3 0.000001 0.000226 0.996760 0.002994 0.000020
2 3 0.000001 0.000572 0.997594 0.001796 0.000036
2 3 0.000001 0.000650 0.998397 0.000924 0.000028
2 3 0.000001 0.000360 0.997572 0.002042 0.000025
2 3 0.000000 0.000259 0.997831 0.001893 0.000017
2 3 0.000000 0.000177 0.996124 0.003681 0.000017
2 3 0.000000 0.000115 0.991125 0.008740 0.000019
2 3 0.000002 0.000339 0.993835 0.005787 0.000038
2 3 0.000001 0.000160 0.987852 0.011958 0.000028
2 3 0.000001 0.000130 0.945123 0.054714 0.000033
2 3 0.000009 0.000180 0.857723 0.142059 0.000029
2 3 0.000001 0.000152 0.832726 0.167074 0.000047
2 3 0.000002 0.000450 0.979559 0.019910 0.000079
2 3 0.000005 0.000532 0.975132 0.024246 0.000085
2 3 0.000001 0.000108 0.913429 0.086425 0.000036
2 3 0.000005 0.000176 0.938005 0.061770 0.000044
2 3 0.000002 0.000216 0.754118 0.245551 0.000112
2 3 0.000017 0.000835 0.936408 0.062537 0.000204
2 3 0.000012 0.000660 0.963858 0.035271 0.000199
2 3 0.000302 0.003335 0.846502 0.148860 0.001002
2 3 0.000004 0.000339 0.949916 0.049613 0.000127
2 3 0.000003 0.001610 0.997919 0.000425 0.000044
2 3 0.000002 0.001071 0.998630 0.000257 0.000040
2 3 0.000002 0.000704 0.998052 0.001208 0.000035
2 3 0.000003 0.000533 0.996970 0.002469 0.000026
2 3 0.000002 0.000400 0.996223 0.003345 0.000030
2 3 0.000016 0.000969 0.966545 0.032232 0.000237
2 3 0.000044 0.002567 0.905433 0.091386 0.000569
2 3 0.000006 0.000542 0.924200 0.075052 0.000199
2 3 0.000008 0.000579 0.973860 0.025394 0.000160
2 3 0.000031 0.000820 0.855320 0.143623 0.000206
2 3 0.000003 0.000511 0.991177 0.008232 0.000077
2 3 0.000008 0.001771 0.996095 0.002012 0.000114
2 3 0.000002 0.000316 0.975293 0.024340 0.000049
2 3 0.000028 0.001054 0.983120 0.015693 0.000105
2 3 0.000016 0.001520 0.931145 0.067140 0.000180
2 3 0.000033 0.000532 0.825587 0.173703 0.000145
2 3 0.000032 0.000596 0.632295 0.366917 0.000159
2 3 0.000023 0.000224 0.675150 0.324548 0.000055
2 3 0.000026 0.000234 0.530375 0.469312 0.000053
3 3 0.000026 0.000449 0.406289 0.593107 0.000129
2 3 0.001940 0.024692 0.876652 0.076936 0.019780
2 3 0.003237 0.022726 0.811893 0.151286 0.010857
2 2 0.013149 0.084546 0.801106 0.010464 0.090735
2 2 0.068353 0.142683 0.738467 0.021524 0.028973
1 2 0.265981 0.439305 0.279081 0.002043 0.013590
2 2 0.000110 0.050091 0.948533 0.000002 0.001264
2 2 0.000048 0.018563 0.980196 0.000002 0.001191
2 2 0.000140 0.052188 0.945774 0.000001 0.001897
2 2 0.000077 0.048021 0.950766 0.000001 0.001136
2 2 0.000180 0.083572 0.914307 0.000001 0.001940
2 2 0.000072 0.035471 0.963428 0.000001 0.001028
2 2 0.000022 0.014347 0.985202 0.000003 0.000426
2 2 0.000027 0.020836 0.978615 0.000001 0.000521
2 2 0.000011 0.009119 0.990529 0.000001 0.000340
2 2 0.000026 0.014564 0.984757 0.000001 0.000652
2 2 0.000064 0.028377 0.970650 0.000003 0.000905
2 2 0.000026 0.013700 0.985499 0.000001 0.000774
2 2 0.000126 0.061067 0.937748 0.000003 0.001057
2 2 0.000014 0.008415 0.991146 0.000002 0.000422
2 2 0.000075 0.030169 0.968357 0.000001 0.001397
2 2 0.000028 0.011720 0.987664 0.000007 0.000580
2 2 0.000023 0.012435 0.986977 0.000002 0.000562
2 2 0.000016 0.010148 0.989418 0.000002 0.000415
2 2 0.000026 0.015263 0.984107 0.000001 0.000602
2 2 0.000009 0.007725 0.992048 0.000003 0.000215
2 2 0.000176 0.042218 0.956913 0.000023 0.000671
