0 0 0.959126 0.007652 0.007362 0.003195 0.022666
0 0 0.983845 0.003805 0.003513 0.001040 0.007797
0 0 0.986838 0.003495 0.003152 0.000770 0.005745
0 0 0.972949 0.012950 0.008235 0.000449 0.005417
0 0 0.987055 0.005935 0.004718 0.000350 0.001942
0 0 0.964663 0.015643 0.007832 0.000345 0.011517
0 0 0.972549 0.009940 0.004475 0.000204 0.012833
0 0 0.979484 0.005920 0.003091 0.000238 0.011266
0 0 0.985393 0.004755 0.003077 0.000316 0.006459
0 0 0.982535 0.006699 0.004578 0.000423 0.005765
0 0 0.956847 0.014991 0.010368 0.001236 0.016558
0 0 0.971186 0.010218 0.006872 0.000727 0.010998
0 0 0.975807 0.007730 0.006895 0.001371 0.008198
0 0 0.955816 0.018233 0.010667 0.000723 0.014562
0 0 0.979464 0.008593 0.005829 0.000464 0.005650
0 0 0.936170 0.021040 0.015034 0.002123 0.025633
0 0 0.966489 0.010694 0.011402 0.002994 0.008422
0 0 0.970677 0.014749 0.009151 0.000422 0.005001
0 0 0.933409 0.035545 0.018502 0.000612 0.011932
0 0 0.961137 0.013455 0.010294 0.001466 0.013648
0 0 0.967436 0.010693 0.009035 0.001621 0.011214
0 0 0.986498 0.005689 0.004791 0.000486 0.002536
0 0 0.981178 0.009052 0.006351 0.000371 0.003048
0 0 0.982794 0.006444 0.005492 0.000755 0.004515
0 0 0.974231 0.012596 0.007267 0.000325 0.005580
0 0 0.974049 0.012536 0.008875 0.000531 0.004009
0 0 0.969364 0.012860 0.009652 0.000923 0.007201
0 0 0.942237 0.014749 0.013802 0.004306 0.024907
0 0 0.928447 0.025054 0.016632 0.001908 0.027959
0 0 0.974719 0.008442 0.008312 0.001782 0.006745
0 0 0.985270 0.004945 0.005579 0.001306 0.002900
0 0 0.975731 0.008570 0.007879 0.001387 0.006433
0 0 0.969640 0.008879 0.012291 0.004590 0.004600
0 0 0.975937 0.009828 0.008540 0.001021 0.004674
0 0 0.959041 0.008124 0.010054 0.006354 0.016427
0 0 0.986895 0.006430 0.002758 0.000068 0.003848
0 0 0.993758 0.002139 0.002140 0.000396 0.001566
0 0 0.991091 0.003028 0.002673 0.000434 0.002773
0 0 0.982066 0.006968 0.002946 0.000104 0.007916
0 0 0.994579 0.002541 0.001839 0.000108 0.000932
0 0 0.986672 0.004727 0.003623 0.000452 0.004526
0 0 0.949531 0.009879 0.008694 0.003107 0.028789
0 0 0.991677 0.003820 0.002311 0.000116 0.002076
0 0 0.993062 0.003214 0.002247 0.000134 0.001343
0 0 0.958716 0.013088 0.008155 0.000885 0.019156
0 0 0.967357 0.008946 0.007279 0.001539 0.014879
0 0 0.832192 0.027362 0.026364 0.014806 0.099276
0 0 0.990362 0.003372 0.003214 0.000558 0.002494
0 0 0.982535 0.003860 0.004186 0.001777 0.007642
0 0 0.987712 0.002966 0.003511 0.001493 0.004318
0 0 0.991034 0.003069 0.001934 0.000169 0.003794
0 0 0.991364 0.003318 0.001120 0.000023 0.004175
0 0 0.976924 0.008656 0.003588 0.000129 0.010703
0 0 0.991511 0.003588 0.002027 0.000106 0.002768
0 0 0.993439 0.003122 0.001754 0.000070 0.001615
0 0 0.983936 0.005067 0.002496 0.000152 0.008349
0 0 0.995101 0.002329 0.001102 0.000032 0.001436
0 0 0.987236 0.005859 0.002988 0.000116 0.003801
0 0 0.993852 0.002972 0.001555 0.000053 0.001568
0 0 0.971266 0.007635 0.004158 0.000392 0.016548
0 0 0.980165 0.009345 0.005422 0.000260 0.004807
0 0 0.992837 0.002583 0.002437 0.000383 0.001759
0 0 0.994979 0.002274 0.001826 0.000131 0.000790
0 0 0.990147 0.005062 0.003093 0.000118 0.001579
0 0 0.981521 0.005460 0.004536 0.000866 0.007617
0 0 0.981281 0.007832 0.004419 0.000252 0.006216
0 0 0.904609 0.016270 0.011060 0.002733 0.065328
0 0 0.989474 0.006591 0.002653 0.000029 0.001253
0 0 0.993960 0.003778 0.001673 0.000019 0.000570
0 0 0.981602 0.007951 0.004900 0.000309 0.005238
0 0 0.991356 0.004872 0.002558 0.000058 0.001156
0 0 0.990134 0.005765 0.002624 0.000044 0.001434
0 0 0.988643 0.005864 0.003197 0.000105 0.002191
0 0 0.984938 0.008307 0.002880 0.000038 0.003838
0 0 0.981281 0.007755 0.004009 0.000196 0.006759
0 0 0.997279 0.001878 0.000612 0.000003 0.000229
0 0 0.988490 0.003336 0.000991 0.000021 0.007163
0 0 0.992440 0.001879 0.000861 0.000052 0.004768
0 0 0.983693 0.004640 0.001533 0.000042 0.010092
0 0 0.937583 0.009134 0.003482 0.000247 0.049554
0 0 0.934737 0.009908 0.005014 0.000669 0.049671
0 0 0.992811 0.004153 0.001895 0.000033 0.001109
0 0 0.992253 0.005003 0.001434 0.000008 0.001302
0 0 0.977994 0.008319 0.004988 0.000378 0.008321
0 0 0.968953 0.009035 0.002908 0.000079 0.019024
0 0 0.987908 0.004607 0.002930 0.000232 0.004322
0 0 0.986205 0.005965 0.003081 0.000137 0.004613
0 0 0.983294 0.006170 0.004784 0.000582 0.005170
0 0 0.993247 0.003665 0.001897 0.000047 0.001143
0 0 0.983535 0.007021 0.004584 0.000323 0.004536
0 0 0.981743 0.007522 0.001750 0.000016 0.008969
0 0 0.984958 0.006846 0.001890 0.000021 0.006285
0 0 0.982414 0.008572 0.003403 0.000076 0.005534
0 0 0.980584 0.007291 0.002940 0.000098 0.009088
0 0 0.988920 0.005761 0.001731 0.000019 0.003570
0 0 0.982837 0.007548 0.003092 0.000086 0.006437
0 0 0.988451 0.006115 0.002160 0.000031 0.003242
0 0 0.980709 0.009971 0.002510 0.000020 0.006789
0 0 0.984700 0.008301 0.002395 0.000023 0.004582
0 0 0.982835 0.007747 0.002298 0.000031 0.007089
0 0 0.992884 0.004339 0.002155 0.000031 0.000592
0 0 0.974444 0.013055 0.007983 0.000340 0.004179
0 0 0.912425 0.016141 0.014133 0.005551 0.051749
0 0 0.936842 0.024391 0.016748 0.001745 0.020274
0 0 0.988063 0.004281 0.003864 0.000606 0.003185
0 0 0.988657 0.004314 0.003416 0.000394 0.003219
0 0 0.988485 0.005567 0.002912 0.000106 0.002930
0 0 0.988796 0.004083 0.003723 0.000571 0.002828
0 0 0.892694 0.015523 0.010666 0.003074 0.078043
0 0 0.985617 0.006974 0.003753 0.000145 0.003512
0 0 0.932629 0.016045 0.014168 0.004351 0.032808
0 0 0.960859 0.017107 0.010473 0.000686 0.010876
0 0 0.837670 0.051688 0.024455 0.001709 0.084478
0 0 0.752194 0.063868 0.034227 0.004021 0.145690
0 0 0.786703 0.110250 0.037110 0.000693 0.065244
0 0 0.765682 0.106509 0.086512 0.005823 0.035475
0 0 0.730101 0.104205 0.105162 0.012728 0.047804
0 0 0.720054 0.102148 0.124426 0.020062 0.033310
0 0 0.442938 0.077432 0.101814 0.087778 0.290039
0 0 0.390252 0.062048 0.136355 0.239183 0.172161
0 0 0.460870 0.072158 0.094120 0.092074 0.280778
0 0 0.560462 0.093424 0.099417 0.041594 0.205103
0 0 0.605070 0.063831 0.136367 0.040636 0.154096
0 0 0.355839 0.067689 0.107818 0.139978 0.328675
0 0 0.896440 0.038008 0.042676 0.008392 0.014484
0 0 0.568360 0.123864 0.211921 0.051295 0.044560
0 0 0.503090 0.166610 0.214504 0.039309 0.076487
0 0 0.494302 0.209882 0.219393 0.018223 0.058200
0 0 0.634064 0.153381 0.173377 0.012129 0.027049
0 0 0.640072 0.138830 0.155544 0.016944 0.048610
0 0 0.594043 0.135826 0.210982 0.029418 0.029731
0 0 0.591857 0.121713 0.230958 0.037585 0.017888
0 0 0.377219 0.208059 0.323215 0.043077 0.048430
2 0 0.156421 0.126290 0.435003 0.192543 0.089743
2 0 0.193884 0.066533 0.376303 0.292225 0.071055
0 0 0.549967 0.097484 0.177056 0.063759 0.111733
3 0 0.183433 0.052576 0.184047 0.444268 0.135676
0 0 0.570412 0.151836 0.141754 0.021014 0.114983
0 0 0.381884 0.129113 0.250412 0.078668 0.159923
0 0 0.749837 0.080666 0.098256 0.022817 0.048423
0 0 0.707661 0.092415 0.093757 0.019557 0.086610
0 0 0.664108 0.124246 0.116032 0.015246 0.080368
0 0 0.375244 0.095893 0.196370 0.177452 0.155041
2 0 0.181565 0.187228 0.416354 0.035104 0.179749
0 0 0.695670 0.079508 0.085137 0.029464 0.110221
0 0 0.714001 0.065374 0.059741 0.021912 0.138972
0 0 0.647406 0.110654 0.107317 0.023715 0.110909
0 0 0.836170 0.060156 0.064927 0.013598 0.025148
0 0 0.864868 0.061660 0.052184 0.005008 0.016280
0 0 0.806499 0.080473 0.069335 0.009476 0.034217
0 0 0.965269 0.012292 0.011241 0.002019 0.009178
0 0 0.883615 0.052467 0.020268 0.000584 0.043067
0 0 0.940970 0.024649 0.013681 0.000848 0.019851
0 0 0.966052 0.014556 0.010943 0.001008 0.007442
0 0 0.959065 0.015628 0.012890 0.001762 0.010656
0 0 0.953639 0.012117 0.013875 0.005635 0.014735
0 0 0.948474 0.021078 0.019592 0.002636 0.008220
0 0 0.937932 0.028882 0.024430 0.002011 0.006745
0 0 0.929421 0.027646 0.025661 0.003998 0.013275
0 0 0.944290 0.026586 0.020437 0.001456 0.007231
0 0 0.937959 0.025028 0.013383 0.000818 0.022811
0 0 0.977242 0.006646 0.004848 0.000747 0.010517
0 0 0.975561 0.007065 0.004935 0.000711 0.011728
0 0 0.982672 0.007119 0.004953 0.000419 0.004837
0 0 0.985537 0.004047 0.002552 0.000293 0.007570
0 0 0.972433 0.006153 0.003193 0.000313 0.017908
0 0 0.982029 0.005738 0.003690 0.000391 0.008152
0 0 0.981831 0.006031 0.003828 0.000377 0.007933
0 0 0.929200 0.006964 0.005523 0.002701 0.055611
0 0 0.975070 0.005343 0.003536 0.000604 0.015448
0 0 0.965796 0.007437 0.006027 0.001601 0.019139
0 0 0.952154 0.007367 0.005546 0.001721 0.033212
0 0 0.934963 0.011096 0.008945 0.003064 0.041931
0 0 0.917433 0.013678 0.009142 0.002192 0.057556
0 0 0.983781 0.004175 0.003336 0.000683 0.008025
0 0 0.959306 0.011573 0.014704 0.005726 0.008692
0 0 0.977287 0.008102 0.007484 0.001293 0.005834
0 0 0.939474 0.017661 0.014788 0.003245 0.024831
0 0 0.871007 0.047651 0.040304 0.006773 0.034265
0 0 0.951595 0.026915 0.015274 0.000462 0.005754
0 0 0.932311 0.037526 0.018771 0.000521 0.010870
0 0 0.704800 0.106937 0.056114 0.004538 0.127612
0 0 0.797423 0.049368 0.038465 0.010149 0.104595
0 0 0.942331 0.036642 0.013264 0.000141 0.007621
0 0 0.925768 0.051427 0.013162 0.000060 0.009583
0 0 0.825088 0.099448 0.055080 0.001151 0.019233
0 0 0.787321 0.131164 0.049907 0.000603 0.031006
0 0 0.838329 0.105211 0.031783 0.000244 0.024434
0 0 0.837698 0.096265 0.043351 0.000768 0.021917
0 0 0.880713 0.076005 0.025689 0.000265 0.017329
0 0 0.825179 0.098266 0.054781 0.001312 0.020462
0 0 0.811658 0.117664 0.042143 0.000469 0.028067
0 0 0.871234 0.072877 0.036847 0.001026 0.018017
0 0 0.877746 0.072351 0.033165 0.000635 0.016103
0 0 0.905374 0.052273 0.031364 0.000915 0.010075
0 0 0.914107 0.037129 0.022497 0.001598 0.024670
0 0 0.963548 0.018291 0.010254 0.000424 0.007483
0 0 0.966340 0.015406 0.009402 0.000549 0.008302
0 0 0.969358 0.014522 0.010413 0.000682 0.005025
0 0 0.894646 0.060892 0.023919 0.000427 0.020117
0 0 0.983164 0.006877 0.004664 0.000381 0.004913
0 0 0.970926 0.015809 0.007345 0.000179 0.005740
0 0 0.978987 0.006256 0.004819 0.000801 0.009137
0 0 0.988467 0.003409 0.002770 0.000486 0.004869
0 0 0.979284 0.006814 0.005101 0.000708 0.008094
0 0 0.974727 0.007217 0.001657 0.000021 0.016378
0 0 0.959980 0.009776 0.004641 0.000360 0.025243
0 0 0.969445 0.010907 0.002851 0.000040 0.016756
0 0 0.986698 0.006897 0.002203 0.000028 0.004175
0 0 0.958141 0.016614 0.003933 0.000041 0.021271
0 0 0.987261 0.004011 0.002469 0.000235 0.006023
0 0 0.993021 0.001884 0.001454 0.000244 0.003396
0 0 0.975718 0.005392 0.002841 0.000286 0.015763
0 0 0.960317 0.008661 0.008905 0.003759 0.018357
0 0 0.855964 0.055687 0.030368 0.002237 0.055743
0 0 0.851810 0.098750 0.025938 0.000155 0.023347
0 0 0.897899 0.068467 0.019133 0.000119 0.014382
0 0 0.803635 0.132509 0.029890 0.000135 0.033831
0 0 0.892072 0.073905 0.018408 0.000088 0.015528
0 0 0.869130 0.089210 0.021625 0.000102 0.019933
0 0 0.927043 0.047365 0.016257 0.000150 0.009184
0 0 0.896008 0.069735 0.019408 0.000120 0.014730
0 0 0.825207 0.121102 0.024523 0.000082 0.029086
0 0 0.765964 0.152129 0.039201 0.000260 0.042445
0 0 0.844018 0.099554 0.031456 0.000299 0.024673
0 0 0.843988 0.094675 0.040563 0.000585 0.020189
0 0 0.783062 0.121320 0.064689 0.001681 0.029249
0 0 0.641635 0.201410 0.109103 0.002253 0.045599
0 0 0.478181 0.265228 0.189028 0.005931 0.061632
2 0 0.252892 0.307098 0.363264 0.004334 0.072412
1 0 0.246310 0.349693 0.276401 0.000987 0.126609
0 0 0.415255 0.243308 0.273101 0.004153 0.064184
0 0 0.352377 0.297845 0.262374 0.001384 0.086020
0 0 0.535852 0.259356 0.130392 0.001541 0.072859
0 0 0.414940 0.297716 0.206368 0.002879 0.078098
0 0 0.402155 0.292923 0.224249 0.000681 0.079991
0 0 0.433336 0.266613 0.237176 0.002001 0.060874
0 0 0.528033 0.285506 0.099813 0.000086 0.086562
0 0 0.555666 0.251245 0.117653 0.000123 0.075312
0 0 0.387535 0.362759 0.140653 0.000071 0.108982
1 1 0.264032 0.367087 0.259044 0.000007 0.109830
1 1 0.117455 0.445148 0.278261 0.000002 0.159134
1 1 0.051050 0.439663 0.325324 0.000001 0.183962
1 1 0.108182 0.396928 0.348545 0.000004 0.146341
2 1 0.032593 0.359428 0.440111 0.000002 0.167866
2 1 0.017968 0.180075 0.757298 0.000196 0.044463
2 2 0.011904 0.216326 0.697562 0.000052 0.074155
2 2 0.000981 0.061886 0.888610 0.000126 0.048397
2 2 0.000373 0.038722 0.946615 0.000341 0.013949
2 2 0.000294 0.036098 0.948393 0.000156 0.015058
2 2 0.002317 0.057615 0.921907 0.002582 0.015580
2 2 0.000274 0.030852 0.961452 0.001204 0.006219
2 2 0.000179 0.025510 0.968738 0.001734 0.003838
2 2 0.000099 0.015418 0.975887 0.005802 0.002794
2 2 0.000191 0.023291 0.969839 0.002885 0.003794
2 2 0.000248 0.016119 0.949785 0.030100 0.003747
2 2 0.000494 0.012107 0.940523 0.044512 0.002364
2 2 0.000163 0.006931 0.873210 0.118326 0.001371
2 2 0.000093 0.005843 0.812918 0.180194 0.000952
2 2 0.000494 0.015371 0.901587 0.079147 0.003401
3 2 0.000366 0.004181 0.435240 0.559129 0.001084
3 3 0.000277 0.003486 0.416953 0.578372 0.000912
3 3 0.000163 0.003644 0.412802 0.582413 0.000978
2 3 0.000390 0.007605 0.746080 0.244173 0.001751
3 3 0.000143 0.003887 0.403265 0.591377 0.001328
3 3 0.000079 0.001191 0.144101 0.854212 0.000417
3 3 0.000177 0.000814 0.100465 0.898215 0.000330
3 3 0.000091 0.000510 0.061745 0.937436 0.000219
3 3 0.000073 0.001102 0.143243 0.855091 0.000491
3 3 0.000349 0.003459 0.287782 0.707283 0.001127
3 3 0.000082 0.000830 0.102732 0.895959 0.000397
3 3 0.000190 0.000814 0.051424 0.947140 0.000432
3 3 0.000259 0.001336 0.116861 0.880724 0.000820
3 3 0.000111 0.000377 0.040245 0.959136 0.000130
3 3 0.000192 0.000632 0.059028 0.939775 0.000372
3 3 0.000055 0.000096 0.010379 0.989380 0.000091
3 3 0.000086 0.000120 0.011262 0.988412 0.000120
3 3 0.000076 0.000171 0.014385 0.985204 0.000165
3 3 0.000103 0.000208 0.018508 0.981023 0.000158
3 3 0.000030 0.000108 0.012326 0.987447 0.000089
3 3 0.000291 0.000776 0.053060 0.945210 0.000663
3 3 0.000117 0.000449 0.036331 0.962657 0.000447
3 3 0.000044 0.000082 0.009091 0.990689 0.000094
3 3 0.000372 0.000333 0.020958 0.978123 0.000214
3 3 0.000050 0.000053 0.007425 0.992425 0.000047
3 3 0.000068 0.000231 0.018299 0.981215 0.000187
3 3 0.000540 0.000485 0.025795 0.972760 0.000420
3 3 0.000073 0.000161 0.012880 0.986689 0.000197
3 3 0.000138 0.000194 0.012877 0.986512 0.000280
3 3 0.000146 0.000110 0.009410 0.990196 0.000138
3 3 0.000191 0.000124 0.010136 0.989404 0.000145
3 3 0.000107 0.000094 0.008594 0.991077 0.000129
3 3 0.000108 0.000072 0.007425 0.992304 0.000092
3 3 0.000109 0.000092 0.008739 0.990945 0.000115
3 3 0.000333 0.000166 0.011296 0.987998 0.000207
3 3 0.000092 0.000108 0.009528 0.990128 0.000145
3 3 0.000113 0.000129 0.009139 0.990349 0.000271
3 3 0.000155 0.000098 0.008668 0.990951 0.000127
3 3 0.000092 0.000185 0.013657 0.985839 0.000227
3 3 0.000473 0.000291 0.018396 0.980637 0.000203
3 3 0.000226 0.000112 0.009076 0.990439 0.000146
3 3 0.000074 0.000069 0.007845 0.991933 0.000078
3 3 0.000385 0.000319 0.014204 0.984428 0.000663
3 3 0.000206 0.000168 0.012262 0.987174 0.000190
3 3 0.000123 0.000137 0.010696 0.988855 0.000189
3 3 0.000184 0.000142 0.009479 0.989921 0.000274
3 3 0.000165 0.000199 0.012149 0.987137 0.000349
3 3 0.000146 0.000123 0.010225 0.989358 0.000148
3 3 0.000158 0.000136 0.009488 0.989966 0.000252
3 3 0.000080 0.000112 0.009424 0.990208 0.000176
3 3 0.000160 0.000117 0.008553 0.990947 0.000223
3 3 0.000186 0.000158 0.010829 0.988582 0.000245
3 3 0.000429 0.000328 0.017800 0.981109 0.000333
3 3 0.000325 0.000146 0.009854 0.989456 0.000219
3 3 0.000269 0.000225 0.013291 0.985896 0.000320
3 3 0.000615 0.000305 0.014810 0.983832 0.000438
3 3 0.000216 0.000119 0.008617 0.990841 0.000207
3 3 0.000214 0.000076 0.006111 0.993432 0.000168
3 3 0.000323 0.000206 0.012540 0.986649 0.000282
3 3 0.000194 0.000118 0.010226 0.989343 0.000119
3 3 0.000210 0.000117 0.008266 0.991176 0.000231
3 3 0.000227 0.000122 0.008509 0.990910 0.000232
3 3 0.000265 0.000125 0.008451 0.990920 0.000240
3 3 0.000138 0.000082 0.007416 0.992235 0.000129
3 3 0.000267 0.000222 0.012555 0.986585 0.000372
3 3 0.000157 0.000144 0.008054 0.991138 0.000507
3 3 0.000731 0.000148 0.009878 0.989065 0.000177
3 3 0.000111 0.000091 0.007002 0.992570 0.000226
3 3 0.000352 0.000174 0.011175 0.988057 0.000241
3 3 0.000089 0.000048 0.005264 0.994508 0.000091
3 3 0.000264 0.000123 0.008102 0.991246 0.000265
3 3 0.000112 0.000112 0.008188 0.991338 0.000250
3 3 0.000090 0.000082 0.007585 0.992110 0.000133
3 3 0.000152 0.000120 0.009265 0.990275 0.000188
3 3 0.000240 0.000156 0.010303 0.989047 0.000254
3 3 0.000321 0.000216 0.012487 0.986644 0.000331
3 3 0.000143 0.000181 0.010373 0.988845 0.000458
3 3 0.000112 0.000047 0.005545 0.994232 0.000064
3 3 0.000209 0.000133 0.009277 0.990152 0.000229
3 3 0.000331 0.000246 0.013368 0.985670 0.000385
3 3 0.000146 0.000083 0.007217 0.992413 0.000141
3 3 0.000132 0.000074 0.006585 0.993066 0.000142
3 3 0.000121 0.000078 0.006543 0.993083 0.000175
3 3 0.000214 0.000185 0.012222 0.987125 0.000254
3 3 0.000197 0.000107 0.009122 0.990442 0.000131
3 3 0.000175 0.000122 0.008682 0.990785 0.000236
3 3 0.000202 0.000130 0.008511 0.990865 0.000291
3 3 0.000266 0.000126 0.009084 0.990326 0.000198
3 3 0.000264 0.000092 0.007034 0.992439 0.000172
3 3 0.000380 0.000160 0.009024 0.990065 0.000370
3 3 0.000110 0.000095 0.008245 0.991397 0.000152
3 3 0.000218 0.000128 0.009084 0.990349 0.000220
3 3 0.000242 0.000145 0.008935 0.990357 0.000321
3 3 0.000199 0.000098 0.008506 0.991075 0.000123
3 3 0.000405 0.000272 0.016542 0.982535 0.000246
3 3 0.000167 0.000123 0.009626 0.989911 0.000173
3 3 0.000137 0.000111 0.009378 0.990227 0.000147
3 3 0.000257 0.000175 0.012320 0.987052 0.000196
3 3 0.000174 0.000085 0.007851 0.991783 0.000108
3 2 0.064611 0.023334 0.285821 0.624641 0.001593
2 2 0.036016 0.094867 0.633624 0.224830 0.010663
2 2 0.042893 0.097873 0.665794 0.182956 0.010483
2 2 0.022399 0.050671 0.696614 0.226166 0.004151
2 2 0.010195 0.049082 0.764734 0.171857 0.004132
2 2 0.030501 0.136911 0.748401 0.067113 0.017074
2 2 0.012669 0.050217 0.823165 0.109628 0.004321
2 2 0.004266 0.041627 0.678465 0.271599 0.004044
2 2 0.026101 0.045179 0.792502 0.132889 0.003328
2 2 0.001634 0.020246 0.735160 0.237106 0.005854
2 2 0.000727 0.018992 0.674393 0.295421 0.010468
2 2 0.003661 0.059701 0.829894 0.032627 0.074118
2 2 0.004873 0.060731 0.781227 0.047463 0.105706
2 2 0.005585 0.068957 0.765212 0.021794 0.138451
2 2 0.003035 0.055355 0.845728 0.042611 0.053271
2 2 0.004514 0.061788 0.796891 0.071299 0.065509
2 2 0.008810 0.098779 0.770930 0.046368 0.075113
2 2 0.108022 0.307173 0.481359 0.003520 0.099926
2 2 0.005432 0.078423 0.813550 0.043505 0.059090
2 2 0.009375 0.085037 0.717877 0.068713 0.118998
2 2 0.006749 0.092007 0.803786 0.037036 0.060422
2 2 0.002006 0.051472 0.879772 0.042073 0.024677
2 2 0.003232 0.033135 0.716320 0.221990 0.025322
2 2 0.005573 0.067083 0.745841 0.017376 0.164127
2 2 0.003628 0.039615 0.663743 0.227528 0.065486
2 2 0.004964 0.064554 0.782849 0.027747 0.119886
2 2 0.007038 0.095489 0.687377 0.002083 0.208013
2 2 0.005005 0.083448 0.709579 0.001274 0.200694
2 2 0.006230 0.088980 0.688512 0.001812 0.214466
2 2 0.003640 0.087511 0.775123 0.000600 0.133125
2 2 0.004966 0.097507 0.771620 0.001381 0.124526
2 2 0.003682 0.094973 0.789881 0.000534 0.110930
2 2 0.003448 0.075672 0.746985 0.000684 0.173210
2 2 0.005331 0.096154 0.738271 0.001150 0.159093
2 2 0.002760 0.075382 0.781776 0.000430 0.139651
2 2 0.003618 0.083987 0.807070 0.001427 0.103898
2 2 0.004162 0.104615 0.790490 0.000585 0.100147
2 2 0.004158 0.091741 0.797101 0.001383 0.105617
2 2 0.003599 0.099353 0.813433 0.000654 0.082961
2 2 0.003139 0.084504 0.788740 0.000465 0.123153
2 2 0.002001 0.065965 0.852908 0.000926 0.078199
2 2 0.001476 0.061870 0.895444 0.001299 0.039912
2 2 0.002551 0.062249 0.869325 0.008138 0.057736
2 2 0.002778 0.059937 0.854336 0.009890 0.073059
2 2 0.002533 0.060630 0.847367 0.004360 0.085110
2 2 0.001094 0.024715 0.940071 0.024411 0.009709
2 2 0.000977 0.048459 0.928908 0.005050 0.016606
2 2 0.118619 0.317108 0.487657 0.001315 0.075301
2 2 0.000572 0.043984 0.941755 0.001316 0.012372
2 2 0.000395 0.037120 0.952415 0.001353 0.008718
2 2 0.000536 0.037889 0.951367 0.001894 0.008314
2 2 0.000364 0.037512 0.949999 0.000524 0.011602
2 2 0.000729 0.049615 0.931678 0.001023 0.016955
2 2 0.001365 0.063572 0.906892 0.001545 0.026627
2 2 0.001118 0.059940 0.912961 0.001024 0.024957
2 2 0.000921 0.047237 0.937361 0.002626 0.011855
2 2 0.000406 0.022453 0.970663 0.004078 0.002400
2 2 0.000947 0.022791 0.947667 0.023544 0.005051
2 2 0.002492 0.030808 0.952885 0.010225 0.003591
2 2 0.001104 0.025243 0.947095 0.023290 0.003268
2 2 0.001229 0.012630 0.943875 0.041179 0.001087
2 2 0.002029 0.014144 0.894116 0.088847 0.000864
2 2 0.004681 0.025719 0.928160 0.038003 0.003437
2 2 0.001802 0.031299 0.934772 0.028431 0.003696
2 2 0.002102 0.023484 0.916544 0.056521 0.001349
2 2 0.003377 0.020700 0.942774 0.031920 0.001230
2 2 0.002794 0.011885 0.819849 0.164387 0.001085
2 2 0.001099 0.011048 0.778044 0.209185 0.000624
2 2 0.001259 0.014197 0.873802 0.110201 0.000540
2 2 0.001349 0.012063 0.837512 0.148053 0.001023
2 2 0.003026 0.016921 0.813761 0.164651 0.001641
2 2 0.003609 0.029957 0.707627 0.250113 0.008693
2 2 0.005523 0.027691 0.880939 0.079603 0.006243
2 2 0.003327 0.017823 0.882163 0.093843 0.002844
2 2 0.003142 0.023226 0.685998 0.282680 0.004954
2 2 0.002261 0.019875 0.739576 0.231619 0.006669
2 2 0.001057 0.010027 0.534461 0.451658 0.002796
2 2 0.001710 0.012252 0.603986 0.378498 0.003553
2 2 0.009783 0.024664 0.510045 0.448474 0.007034
3 2 0.003001 0.011627 0.417012 0.561982 0.006378
2 2 0.008295 0.029091 0.719391 0.235962 0.007261
2 2 0.000988 0.012641 0.734691 0.248439 0.003240
2 2 0.001677 0.008697 0.524164 0.464058 0.001404
3 2 0.000715 0.008555 0.486056 0.500791 0.003884
2 2 0.001116 0.012731 0.617426 0.366073 0.002655
3 2 0.000639 0.004562 0.275754 0.716905 0.002140
3 2 0.000291 0.002244 0.158426 0.838052 0.000987
3 2 0.000303 0.003016 0.309090 0.687060 0.000531
3 2 0.001468 0.004141 0.243604 0.749670 0.001116
3 2 0.001149 0.005611 0.328028 0.663941 0.001271
3 2 0.000318 0.001254 0.094895 0.903042 0.000491
3 2 0.001681 0.003358 0.193115 0.800104 0.001742
3 2 0.000797 0.001425 0.058980 0.937654 0.001145
3 3 0.000883 0.001764 0.097155 0.899231 0.000968
3 3 0.001552 0.003927 0.136498 0.855686 0.002337
3 3 0.001657 0.001323 0.040876 0.955206 0.000939
3 3 0.000879 0.005029 0.142923 0.844097 0.007072
3 3 0.003098 0.006381 0.206640 0.777559 0.006322
3 3 0.004741 0.010087 0.204082 0.775983 0.005108
3 3 0.000724 0.000864 0.035330 0.962339 0.000743
3 3 0.003558 0.002256 0.042493 0.948172 0.003521
3 3 0.002190 0.001637 0.046199 0.948888 0.001087
3 3 0.000507 0.000991 0.039619 0.958252 0.000632
3 3 0.001933 0.000973 0.026834 0.968839 0.001422
3 3 0.000327 0.000695 0.027416 0.970721 0.000841
3 3 0.002635 0.003585 0.070531 0.919194 0.004055
3 3 0.000762 0.002409 0.095189 0.898342 0.003298
3 2 0.000979 0.001360 0.039782 0.956565 0.001314
2 2 0.109531 0.067779 0.456735 0.360121 0.005834
2 2 0.077676 0.095942 0.509422 0.306419 0.010542
2 2 0.181376 0.185540 0.508632 0.100645 0.023808
2 2 0.223079 0.189210 0.532127 0.030225 0.025359
2 2 0.215039 0.275936 0.445408 0.014335 0.049281
2 2 0.135599 0.301656 0.486812 0.014188 0.061744
0 2 0.412608 0.180412 0.345844 0.036803 0.024333
2 2 0.186313 0.281993 0.469717 0.012311 0.049666
2 2 0.381114 0.142938 0.393599 0.065491 0.016858
2 2 0.355866 0.228339 0.359215 0.026010 0.030570
2 2 0.006134 0.044886 0.875481 0.068807 0.004692
2 2 0.003847 0.030446 0.867311 0.094220 0.004176
2 2 0.236965 0.168917 0.516996 0.058248 0.018875
2 2 0.049600 0.202862 0.711544 0.004185 0.031809
2 2 0.004528 0.040126 0.939629 0.012289 0.003428
2 2 0.018108 0.076488 0.887888 0.007710 0.009806
2 2 0.001605 0.029289 0.961617 0.004522 0.002966
2 2 0.083071 0.142843 0.737390 0.016508 0.020188
2 2 0.187905 0.304253 0.455440 0.001296 0.051106
2 2 0.044598 0.212307 0.709164 0.002183 0.031749
2 2 0.011786 0.079163 0.893241 0.005047 0.010763
2 2 0.034409 0.092824 0.854373 0.007973 0.010421
2 2 0.020815 0.177810 0.769303 0.001426 0.030646
2 2 0.135638 0.250793 0.556855 0.005296 0.051417
2 2 0.034596 0.288847 0.596386 0.001147 0.079023
2 2 0.012829 0.096801 0.858086 0.012442 0.019841
2 2 0.034582 0.246769 0.643606 0.000911 0.074132
2 2 0.005205 0.056436 0.920377 0.006894 0.011088
2 2 0.005516 0.052708 0.931633 0.002283 0.007860
2 2 0.002121 0.058481 0.924797 0.002879 0.011722
2 2 0.005334 0.049934 0.929193 0.008359 0.007181
2 2 0.075597 0.107230 0.800759 0.004809 0.011605
2 2 0.005021 0.057190 0.926559 0.001535 0.009696
2 2 0.008157 0.041518 0.934671 0.011409 0.004246
2 2 0.001762 0.046954 0.940492 0.003046 0.007746
2 2 0.001248 0.028634 0.962019 0.004174 0.003924
2 2 0.001994 0.033766 0.937071 0.023762 0.003407
2 2 0.000575 0.032290 0.956991 0.004872 0.005273
2 2 0.000518 0.042642 0.943266 0.000989 0.012585
2 2 0.207939 0.208783 0.546310 0.004331 0.032636
1 2 0.126695 0.433212 0.317927 0.000288 0.121878
2 2 0.005508 0.069651 0.904910 0.003049 0.016881
2 2 0.007065 0.075492 0.900529 0.003352 0.013562
2 2 0.009573 0.062850 0.908590 0.009149 0.009838
2 2 0.004032 0.037856 0.944981 0.007926 0.005206
2 2 0.006750 0.051896 0.919043 0.015664 0.006648
2 2 0.006656 0.054456 0.919499 0.011609 0.007779
2 2 0.008113 0.044358 0.923182 0.019149 0.005197
2 2 0.001657 0.023362 0.955009 0.018197 0.001775
2 2 0.001585 0.030636 0.912856 0.047564 0.007359
2 2 0.001989 0.041963 0.933216 0.017142 0.005690
2 2 0.000844 0.026134 0.942197 0.026180 0.004646
2 2 0.001159 0.023044 0.939860 0.033196 0.002741
2 2 0.002699 0.045545 0.911878 0.023312 0.016567
2 2 0.001447 0.048782 0.906929 0.008375 0.034468
2 2 0.001627 0.049997 0.900178 0.009267 0.038931
2 2 0.000809 0.035561 0.946649 0.005828 0.011153
2 2 0.002038 0.053393 0.888686 0.018326 0.037557
2 2 0.004115 0.086042 0.870573 0.004819 0.034452
2 2 0.000989 0.042811 0.922290 0.004768 0.029143
2 2 0.001624 0.072478 0.880406 0.000518 0.044974
2 2 0.176012 0.237981 0.524878 0.004369 0.056759
2 2 0.067368 0.346620 0.495053 0.000860 0.090099
2 2 0.033653 0.164421 0.748997 0.001201 0.051727
2 2 0.003358 0.113023 0.781739 0.000155 0.101725
2 2 0.002231 0.089238 0.824128 0.000159 0.084244
2 2 0.001417 0.083015 0.837705 0.000044 0.077820
2 2 0.001336 0.070996 0.858069 0.000099 0.069499
2 2 0.001085 0.068244 0.863918 0.000057 0.066696
2 4 0.002733 0.146049 0.731831 0.000011 0.119376
2 4 0.001059 0.066484 0.867014 0.000062 0.065381
2 4 0.000690 0.069597 0.864030 0.000009 0.065675
2 4 0.000656 0.064995 0.871955 0.000011 0.062383
2 4 0.004419 0.126195 0.757636 0.000208 0.111542
2 4 0.001860 0.071221 0.823579 0.000203 0.103138
2 4 0.002273 0.086935 0.778981 0.000097 0.131714
2 4 0.004215 0.119594 0.768703 0.000252 0.107237
2 4 0.009822 0.132798 0.642332 0.001035 0.214013
2 4 0.010890 0.157597 0.550408 0.000268 0.280837
2 4 0.010856 0.209029 0.616009 0.000160 0.163946
1 4 0.042702 0.485105 0.224635 0.000003 0.247556
2 4 0.003050 0.104077 0.666408 0.000038 0.226427
2 4 0.010809 0.118253 0.530987 0.000859 0.339092
2 4 0.005666 0.077365 0.642623 0.001565 0.272782
2 4 0.033517 0.177937 0.465280 0.006219 0.317048
2 4 0.010972 0.107592 0.638672 0.004311 0.238453
2 4 0.014752 0.114973 0.600152 0.007117 0.263006
2 4 0.006903 0.106278 0.696670 0.001272 0.188878
4 4 0.027409 0.083079 0.289485 0.015262 0.584765
4 4 0.055242 0.248531 0.223783 0.000372 0.472073
4 4 0.059739 0.068776 0.148151 0.121193 0.602141
4 4 0.048554 0.101752 0.219549 0.022336 0.607809
4 4 0.049200 0.116952 0.230906 0.013795 0.589148
4 4 0.147963 0.283899 0.254857 0.001316 0.311965
4 4 0.020257 0.084029 0.311155 0.005567 0.578992
4 4 0.062170 0.144339 0.237905 0.012136 0.543450
4 4 0.026369 0.083119 0.214540 0.003909 0.672063
4 4 0.029308 0.098773 0.318439 0.012037 0.541443
2 4 0.007069 0.155142 0.705668 0.000291 0.131830
2 4 0.018487 0.274293 0.508056 0.000128 0.199036
2 4 0.004452 0.137548 0.683948 0.000057 0.173995
2 4 0.003056 0.104381 0.685143 0.000045 0.207375
2 4 0.001987 0.073365 0.727123 0.000070 0.197455
2 4 0.001728 0.085069 0.832951 0.000081 0.080171
2 4 0.001237 0.069072 0.861769 0.000088 0.067834
2 4 0.001309 0.071833 0.856792 0.000085 0.069981
2 4 0.001066 0.070162 0.860796 0.000045 0.067931
2 4 0.001674 0.067267 0.825834 0.000179 0.105046
2 4 0.004397 0.059525 0.574606 0.001135 0.360337
2 4 0.010874 0.082214 0.504526 0.004292 0.398093
2 4 0.004287 0.077580 0.658956 0.000585 0.258591
2 4 0.004097 0.085524 0.646405 0.000265 0.263710
2 4 0.005743 0.102331 0.707352 0.000811 0.183764
2 2 0.002280 0.123540 0.768709 0.000018 0.105453
2 2 0.000687 0.060751 0.878881 0.000021 0.059661
2 2 0.001206 0.068452 0.862961 0.000085 0.067296
2 2 0.001013 0.069872 0.861570 0.000037 0.067508
2 2 0.000878 0.062673 0.874440 0.000044 0.061965
2 2 0.001300 0.069781 0.858525 0.000097 0.070298
2 2 0.002071 0.079400 0.829228 0.000211 0.089090
2 2 0.001344 0.071146 0.857781 0.000100 0.069628
2 2 0.001563 0.075070 0.850238 0.000127 0.073002
2 2 0.001856 0.079766 0.841204 0.000165 0.077008
2 2 0.000808 0.049078 0.934853 0.003320 0.011941
2 2 0.000276 0.025494 0.962216 0.005178 0.006836
2 2 0.001080 0.047181 0.915439 0.002845 0.033455
2 2 0.000321 0.032173 0.958924 0.002761 0.005821
2 2 0.000078 0.016039 0.980243 0.001680 0.001960
2 2 0.000129 0.019915 0.974033 0.002038 0.003884
2 2 0.000127 0.015963 0.977467 0.005098 0.001345
2 2 0.000128 0.017136 0.974027 0.003982 0.004727
2 2 0.000218 0.021959 0.966537 0.008277 0.003010
2 2 0.000210 0.024515 0.966674 0.001939 0.006663
2 2 0.000036 0.014855 0.981098 0.000032 0.003980
2 2 0.000011 0.008171 0.990819 0.000090 0.000908
2 2 0.000018 0.010455 0.987806 0.000060 0.001661
2 2 0.000013 0.008593 0.990374 0.000153 0.000867
2 2 0.000013 0.006807 0.992464 0.000212 0.000504
2 2 0.000062 0.013870 0.982000 0.001397 0.002670
2 2 0.000073 0.016480 0.979918 0.001334 0.002195
2 2 0.000112 0.019760 0.975393 0.001420 0.003316
2 2 0.000084 0.014160 0.982470 0.001775 0.001510
2 2 0.000071 0.014211 0.982429 0.001650 0.001638
2 2 0.000132 0.005819 0.987661 0.006108 0.000279
2 2 0.000038 0.004215 0.991279 0.004380 0.000088
2 2 0.000024 0.005231 0.988327 0.006187 0.000231
2 2 0.000073 0.004574 0.987516 0.007733 0.000103
2 2 0.000080 0.005624 0.983941 0.010180 0.000175
2 2 0.000061 0.007988 0.953912 0.037149 0.000890
2 2 0.000185 0.006116 0.940802 0.052526 0.000372
2 2 0.000075 0.008122 0.952373 0.038654 0.000775
2 2 0.000102 0.005581 0.947439 0.046690 0.000188
2 2 0.000179 0.005623 0.967234 0.026674 0.000289
2 2 0.001115 0.012059 0.784413 0.200136 0.002277
2 2 0.000495 0.007539 0.745186 0.245324 0.001456
2 2 0.000414 0.004142 0.564224 0.430182 0.001039
2 2 0.000361 0.005028 0.628744 0.365105 0.000762
3 2 0.000268 0.005185 0.439310 0.553725 0.001513
3 2 0.000520 0.004623 0.310891 0.681032 0.002934
2 2 0.001017 0.008491 0.512260 0.473442 0.004790
3 2 0.000655 0.007042 0.475510 0.508352 0.008441
3 2 0.000228 0.004081 0.277660 0.715838 0.002193
3 2 0.000153 0.001858 0.223579 0.773378 0.001032
3 2 0.000318 0.002014 0.233223 0.763705 0.000739
3 2 0.000372 0.002532 0.248111 0.748016 0.000968
3 2 0.000108 0.000900 0.092291 0.906354 0.000348
3 2 0.000277 0.002559 0.247954 0.748356 0.000853
3 2 0.000137 0.001201 0.087779 0.910234 0.000649
3 3 0.000231 0.000792 0.055927 0.942697 0.000354
3 3 0.000175 0.001400 0.121700 0.875999 0.000726
3 3 0.000240 0.000964 0.070386 0.927885 0.000525
3 3 0.000211 0.000696 0.040150 0.958544 0.000400
3 3 0.000179 0.000343 0.021984 0.977244 0.000250
3 3 0.000910 0.001441 0.046357 0.949307 0.001985
3 3 0.000149 0.000246 0.015305 0.983981 0.000320
3 3 0.000115 0.000249 0.018138 0.981292 0.000206
3 3 0.000169 0.000436 0.025083 0.973858 0.000454
3 3 0.000144 0.000378 0.025806 0.973333 0.000339
3 3 0.000515 0.000810 0.031547 0.966400 0.000728
3 3 0.000077 0.000208 0.018927 0.980669 0.000119
3 3 0.000269 0.000497 0.027272 0.971632 0.000330
3 3 0.000359 0.001025 0.045503 0.952568 0.000545
3 3 0.000074 0.000146 0.013776 0.985888 0.000117
3 3 0.001222 0.006766 0.184880 0.796826 0.010306
3 3 0.000401 0.003372 0.132207 0.861202 0.002817
3 3 0.001923 0.007376 0.246166 0.741766 0.002769
3 3 0.000641 0.004432 0.164838 0.826745 0.003343
3 3 0.001600 0.010660 0.230932 0.748623 0.008184
3 3 0.000196 0.001355 0.095980 0.901856 0.000613
3 3 0.000250 0.001312 0.087835 0.910174 0.000430
3 3 0.000570 0.003176 0.198734 0.796086 0.001433
3 3 0.000296 0.001877 0.110927 0.885962 0.000937
3 3 0.000124 0.001679 0.082762 0.914759 0.000677
3 3 0.001380 0.003596 0.167491 0.826778 0.000755
3 3 0.000246 0.001195 0.090714 0.907363 0.000483
3 3 0.000179 0.000876 0.095758 0.902923 0.000265
3 3 0.000273 0.000944 0.070577 0.927712 0.000495
3 3 0.000175 0.000792 0.038099 0.960348 0.000586
2 3 0.009952 0.025364 0.470463 0.464235 0.029986
2 2 0.015352 0.095821 0.786478 0.089454 0.012895
2 2 0.017547 0.062176 0.662184 0.240267 0.017826
2 2 0.045355 0.134172 0.738281 0.061142 0.021050
2 2 0.023037 0.104215 0.734194 0.125947 0.012607
2 2 0.002820 0.025527 0.848824 0.120618 0.002211
2 2 0.001621 0.016032 0.880891 0.100106 0.001349
2 2 0.002102 0.024466 0.880999 0.091121 0.001311
2 2 0.000922 0.009770 0.666263 0.319215 0.003830
2 2 0.000370 0.008054 0.663078 0.326299 0.002199
2 2 0.004139 0.034008 0.846073 0.104698 0.011082
2 2 0.001918 0.025742 0.901080 0.067733 0.003528
2 2 0.001337 0.018884 0.815377 0.159165 0.005237
2 2 0.002052 0.034571 0.873902 0.069631 0.019843
2 2 0.001263 0.019186 0.717741 0.255240 0.006569
2 2 0.001924 0.040985 0.846936 0.075589 0.034566
2 2 0.002869 0.050114 0.802544 0.111276 0.033197
2 2 0.002073 0.024845 0.827972 0.129600 0.015510
2 2 0.004197 0.062984 0.790546 0.110734 0.031538
2 2 0.002795 0.047853 0.815269 0.089695 0.044388
2 2 0.003751 0.022889 0.653811 0.315457 0.004092
2 2 0.002179 0.020929 0.597597 0.364441 0.014854
3 2 0.000978 0.010883 0.371366 0.608064 0.008709
3 2 0.000883 0.013864 0.352518 0.624936 0.007800
2 2 0.002572 0.020678 0.577496 0.386475 0.012779
2 2 0.005403 0.025539 0.511918 0.442047 0.015093
3 2 0.001430 0.011018 0.376441 0.604877 0.006235
3 2 0.001144 0.009211 0.294785 0.689729 0.005131
3 2 0.001497 0.011234 0.397527 0.583250 0.006494
2 2 0.003506 0.020522 0.504865 0.455205 0.015901
3 2 0.001128 0.008405 0.326602 0.661261 0.002604
3 2 0.003240 0.015372 0.418290 0.554696 0.008402
2 2 0.003793 0.021778 0.685774 0.279763 0.008891
3 2 0.000788 0.008582 0.447387 0.540431 0.002812
2 2 0.003069 0.018862 0.559824 0.414027 0.004217
3 2 0.000739 0.006295 0.264643 0.726375 0.001948
3 2 0.000843 0.008218 0.281650 0.704539 0.004750
2 2 0.002237 0.012003 0.542812 0.438809 0.004139
3 2 0.000768 0.009170 0.361524 0.623806 0.004732
2 2 0.002367 0.015427 0.490743 0.485494 0.005968
3 2 0.001537 0.009400 0.270414 0.712104 0.006546
3 2 0.002083 0.011951 0.296814 0.682282 0.006870
2 2 0.004848 0.025253 0.578699 0.386141 0.005059
3 2 0.000737 0.008212 0.442020 0.544673 0.004357
2 2 0.003737 0.028882 0.501350 0.455125 0.010905
3 2 0.001479 0.012784 0.343224 0.635921 0.006591
3 2 0.001659 0.009124 0.353592 0.629329 0.006297
2 2 0.004454 0.026728 0.506814 0.434493 0.027511
3 2 0.032940 0.033365 0.432601 0.498568 0.002526
2 2 0.268773 0.108841 0.438969 0.172165 0.011252
0 2 0.528954 0.202138 0.223918 0.011953 0.033037
0 2 0.391517 0.331012 0.196951 0.002805 0.077714
2 2 0.262051 0.255733 0.422439 0.010258 0.049519
2 2 0.180033 0.299214 0.459626 0.007355 0.053771
0 2 0.389856 0.267352 0.284577 0.005742 0.052472
2 2 0.127665 0.261645 0.565032 0.002054 0.043605
2 2 0.090500 0.214113 0.662689 0.002321 0.030377
2 2 0.257647 0.264737 0.431535 0.003744 0.042337
2 2 0.303786 0.305897 0.331197 0.002725 0.056395
2 2 0.242286 0.301333 0.397738 0.002341 0.056301
2 2 0.061721 0.290039 0.590832 0.001730 0.055679
2 2 0.218491 0.316898 0.402797 0.002681 0.059134
2 2 0.226899 0.236213 0.493111 0.003495 0.040282
2 2 0.149207 0.301369 0.493426 0.001913 0.054086
2 2 0.206284 0.240374 0.513159 0.003412 0.036771
2 2 0.156591 0.226167 0.565766 0.015913 0.035562
2 2 0.118085 0.192115 0.651937 0.008478 0.029385
2 2 0.143382 0.303419 0.490868 0.004210 0.058122
2 2 0.216498 0.269738 0.465694 0.003989 0.044081
2 2 0.111698 0.299488 0.526419 0.005467 0.056929
2 2 0.131740 0.272237 0.543544 0.005470 0.047009
2 2 0.154455 0.211145 0.594879 0.008882 0.030638
2 2 0.048724 0.212594 0.695832 0.005274 0.037575
2 2 0.071198 0.169787 0.727990 0.005227 0.025798
2 2 0.031481 0.150157 0.780726 0.010008 0.027628
2 2 0.014037 0.085217 0.880702 0.007325 0.012720
2 2 0.025683 0.083548 0.866637 0.014565 0.009567
2 2 0.014556 0.100973 0.854476 0.014074 0.015921
2 2 0.067380 0.107016 0.754264 0.059527 0.011814
2 2 0.026047 0.238084 0.683191 0.003998 0.048681
2 2 0.004306 0.033886 0.842226 0.112167 0.007415
2 2 0.001157 0.031894 0.873998 0.082025 0.010926
2 2 0.002190 0.028685 0.718106 0.240133 0.010887
2 2 0.007025 0.035077 0.788535 0.164544 0.004819
2 2 0.004850 0.038432 0.838560 0.112030 0.006128
2 2 0.001790 0.022254 0.837519 0.135392 0.003045
2 2 0.000958 0.021039 0.829615 0.144133 0.004254
2 2 0.001183 0.015449 0.857937 0.123266 0.002164
2 2 0.002833 0.029630 0.872472 0.092305 0.002761
2 2 0.002077 0.016731 0.808161 0.169705 0.003325
2 2 0.001718 0.037220 0.906252 0.033967 0.020843
2 2 0.005480 0.061493 0.887363 0.029609 0.016055
2 2 0.273275 0.234198 0.433474 0.025493 0.033559
2 2 0.119805 0.282103 0.546375 0.005440 0.046276
2 2 0.088644 0.147997 0.724138 0.020168 0.019053
2 2 0.077732 0.180625 0.713299 0.001031 0.027313
2 2 0.016531 0.076034 0.898432 0.001699 0.007305
2 2 0.019917 0.081184 0.886690 0.003835 0.008374
2 2 0.054332 0.185122 0.730631 0.000792 0.029124
2 2 0.025512 0.133403 0.819266 0.000587 0.021232
2 2 0.087497 0.254959 0.612718 0.001179 0.043648
2 2 0.060433 0.211505 0.690196 0.001944 0.035922
2 2 0.096796 0.247748 0.609257 0.001814 0.044385
2 2 0.031000 0.175954 0.752174 0.002098 0.038773
2 2 0.006688 0.066359 0.906219 0.005863 0.014871
2 2 0.000927 0.025008 0.960753 0.011020 0.002291
2 2 0.000431 0.014544 0.967407 0.016918 0.000700
2 2 0.000551 0.028003 0.961495 0.006713 0.003237
2 2 0.000493 0.020690 0.941928 0.032471 0.004417
2 2 0.092843 0.088716 0.767235 0.042050 0.009156
2 2 0.053419 0.331891 0.522971 0.000863 0.090855
2 2 0.001066 0.055525 0.922157 0.001311 0.019941
2 2 0.001167 0.033356 0.953665 0.007285 0.004527
2 2 0.000874 0.052881 0.927316 0.001462 0.017466
2 2 0.001100 0.061663 0.903539 0.000457 0.033240
2 2 0.001495 0.073901 0.852486 0.000118 0.072000
2 2 0.002124 0.083627 0.833769 0.000203 0.080276
2 2 0.000980 0.064755 0.870353 0.000054 0.063858
2 2 0.001366 0.071566 0.856975 0.000103 0.069990
2 2 0.001010 0.065273 0.869316 0.000058 0.064343
2 4 0.004143 0.096479 0.757767 0.000517 0.141094
2 4 0.003293 0.091294 0.754399 0.000253 0.150762
2 4 0.007043 0.057804 0.500624 0.004427 0.430102
2 4 0.004503 0.106826 0.779297 0.000621 0.108754
2 4 0.029975 0.361352 0.372771 0.000057 0.235845
2 4 0.005056 0.110182 0.774385 0.000811 0.109566
2 4 0.002079 0.086126 0.829818 0.000153 0.081824
2 4 0.003044 0.094480 0.804384 0.000315 0.097777
2 4 0.002960 0.086103 0.800263 0.000396 0.110278
2 4 0.004152 0.114970 0.776264 0.000313 0.104300
2 4 0.011431 0.075821 0.502689 0.007894 0.402165
2 4 0.017335 0.106841 0.573299 0.018158 0.284366
2 4 0.018037 0.099814 0.526898 0.017638 0.337613
2 4 0.009804 0.083370 0.572181 0.005066 0.329579
2 4 0.012065 0.080560 0.468843 0.005098 0.433434
2 4 0.010305 0.127073 0.696834 0.002882 0.162906
2 4 0.003684 0.080559 0.669760 0.000292 0.245705
2 4 0.006871 0.085505 0.656099 0.002364 0.249162
2 4 0.037246 0.350681 0.377266 0.000167 0.234640
2 4 0.005689 0.119920 0.724939 0.000463 0.148989
2 4 0.007745 0.081030 0.508846 0.001217 0.401161
2 4 0.021265 0.136040 0.510139 0.005530 0.327027
2 4 0.013765 0.135283 0.604439 0.002521 0.243991
2 4 0.015022 0.119750 0.594370 0.005899 0.264959
2 4 0.027144 0.122778 0.473629 0.020181 0.356267
2 4 0.004220 0.124048 0.761600 0.000196 0.109936
2 4 0.002565 0.099628 0.803397 0.000124 0.094285
2 4 0.002737 0.096053 0.803492 0.000188 0.097530
2 4 0.006464 0.113116 0.745170 0.001311 0.133940
2 4 0.003116 0.098270 0.780690 0.000204 0.117720
2 4 0.001131 0.066952 0.865856 0.000077 0.065985
