4 0 0.256032 0.060877 0.053177 0.000232 0.629682
4 0 0.408528 0.002594 0.001986 0.000337 0.586555
0 0 0.726996 0.002464 0.000834 0.000023 0.269683
4 0 0.428249 0.002791 0.001790 0.000239 0.566932
0 0 0.718808 0.003071 0.001188 0.000219 0.276714
4 0 0.114184 0.211750 0.139363 0.014113 0.520590
1 0 0.210773 0.459616 0.201072 0.007399 0.121139
1 0 0.211905 0.448027 0.139969 0.017118 0.182980
1 0 0.236030 0.331924 0.130996 0.030671 0.270380
1 0 0.145530 0.430270 0.205417 0.027693 0.191091
1 0 0.129415 0.370637 0.324353 0.080687 0.094907
1 1 0.092012 0.337281 0.330755 0.160866 0.079087
2 1 0.083132 0.294309 0.372080 0.170180 0.080299
2 1 0.222804 0.260341 0.296256 0.122962 0.097637
2 1 0.091683 0.334969 0.353037 0.147293 0.073017
1 1 0.106666 0.353124 0.296869 0.018581 0.224760
1 1 0.037319 0.340905 0.303982 0.006608 0.311186
1 1 0.111182 0.428984 0.301505 0.003321 0.155008
1 1 0.068667 0.386186 0.360618 0.004180 0.180348
1 1 0.057600 0.378579 0.348449 0.001933 0.213440
2 1 0.049843 0.328220 0.449780 0.030973 0.141184
2 1 0.061233 0.344158 0.435020 0.028665 0.130925
2 1 0.048960 0.324404 0.443980 0.047180 0.135477
2 1 0.025987 0.265193 0.541793 0.033037 0.133989
2 2 0.029306 0.281185 0.492380 0.048079 0.149051
2 2 0.009670 0.149724 0.696630 0.095130 0.048846
2 2 0.018380 0.204693 0.676474 0.031406 0.069047
2 2 0.002865 0.113332 0.736617 0.048393 0.098793
2 2 0.001508 0.085139 0.809902 0.015590 0.087861
2 2 0.000746 0.057558 0.869118 0.019287 0.053291
2 2 0.001237 0.054201 0.821929 0.103140 0.019493
2 2 0.000624 0.049666 0.866251 0.045876 0.037583
2 2 0.000562 0.041668 0.892869 0.042033 0.022869
2 2 0.000537 0.033284 0.894979 0.055165 0.016035
2 2 0.052598 0.246938 0.623184 0.044291 0.032990
2 2 0.000004 0.001247 0.822222 0.176427 0.000100
2 2 0.000006 0.001692 0.790649 0.207491 0.000162
2 2 0.000012 0.002969 0.885062 0.111556 0.000401
2 2 0.000012 0.002723 0.943410 0.053554 0.000301
2 2 0.000004 0.001257 0.767760 0.230867 0.000112
2 2 0.000019 0.003299 0.657976 0.338336 0.000369
2 3 0.000010 0.001137 0.506897 0.491803 0.000153
2 3 0.000003 0.000820 0.626665 0.372432 0.000081
2 3 0.000012 0.001632 0.526332 0.471875 0.000149
3 3 0.000005 0.000483 0.315019 0.684443 0.000050
3 3 0.000015 0.000853 0.299378 0.699599 0.000154
3 3 0.000010 0.000389 0.193113 0.806398 0.000090
3 3 0.000009 0.000459 0.184994 0.814467 0.000071
3 3 0.000010 0.000408 0.195764 0.803748 0.000070
3 3 0.000007 0.000288 0.156945 0.842713 0.000048
3 3 0.000044 0.000484 0.088688 0.910623 0.000161
3 3 0.000018 0.000212 0.057944 0.941749 0.000077
3 3 0.000033 0.000290 0.064495 0.934992 0.000190
3 3 0.000021 0.000244 0.065045 0.934573 0.000117
3 3 0.000031 0.000241 0.052816 0.946798 0.000114
3 3 0.000040 0.000214 0.040484 0.959173 0.000088
3 3 0.000051 0.000253 0.044536 0.955014 0.000145
3 3 0.000083 0.000517 0.064204 0.934958 0.000238
3 3 0.000052 0.000418 0.067344 0.931980 0.000206
3 3 0.000043 0.000182 0.037305 0.962349 0.000121
3 3 0.000124 0.000260 0.031806 0.967595 0.000215
3 3 0.000205 0.000227 0.023295 0.976014 0.000258
3 3 0.000090 0.000154 0.024035 0.975566 0.000156
3 3 0.000308 0.000294 0.024522 0.974520 0.000356
3 3 0.000157 0.000303 0.034487 0.964722 0.000332
3 3 0.000213 0.000336 0.029487 0.969737 0.000227
3 3 0.000084 0.000345 0.047531 0.951818 0.000222
2 2 0.021084 0.060784 0.651060 0.259613 0.007458
3 2 0.000078 0.000963 0.145658 0.852715 0.000586
3 3 0.000111 0.000744 0.097270 0.901396 0.000478
3 3 0.000014 0.000134 0.044937 0.954860 0.000055
3 3 0.000021 0.000162 0.041719 0.958040 0.000057
3 3 0.000024 0.000127 0.032718 0.967073 0.000057
3 3 0.000011 0.000121 0.044441 0.955385 0.000043
3 3 0.000009 0.000106 0.043906 0.955938 0.000041
3 3 0.000141 0.000213 0.027690 0.971659 0.000296
3 3 0.000165 0.000193 0.020857 0.978630 0.000154
3 3 0.000185 0.000195 0.020166 0.979288 0.000166
3 3 0.000122 0.000229 0.028845 0.970604 0.000201
3 3 0.000147 0.000201 0.024282 0.975156 0.000215
3 3 0.000021 0.000072 0.021541 0.978328 0.000038
3 3 0.000019 0.000093 0.030234 0.969588 0.000066
3 3 0.000078 0.000172 0.025788 0.973858 0.000104
3 3 0.000064 0.000136 0.021779 0.977955 0.000065
3 3 0.000059 0.000104 0.018879 0.980891 0.000068
3 3 0.000159 0.000141 0.018261 0.981218 0.000221
3 3 0.000273 0.000172 0.015227 0.984156 0.000171
3 3 0.000183 0.000196 0.021350 0.978060 0.000212
3 3 0.000383 0.000263 0.020485 0.978494 0.000375
3 3 0.000271 0.000154 0.015682 0.983608 0.000285
3 3 0.000132 0.000202 0.025424 0.974037 0.000204
3 3 0.000145 0.000160 0.019048 0.980508 0.000139
3 3 0.000290 0.000235 0.020824 0.978343 0.000308
3 3 0.000237 0.000297 0.026581 0.972613 0.000272
3 3 0.000234 0.000463 0.040551 0.958303 0.000449
3 3 0.001624 0.000629 0.022716 0.974028 0.001002
3 3 0.001284 0.000415 0.020502 0.976343 0.001456
3 3 0.000875 0.000440 0.023961 0.973723 0.001001
3 3 0.001255 0.000773 0.033163 0.963147 0.001661
3 3 0.001313 0.001006 0.040325 0.955416 0.001941
3 3 0.000610 0.000429 0.025745 0.972572 0.000644
3 3 0.000406 0.000392 0.030509 0.967944 0.000749
3 3 0.001330 0.000491 0.019823 0.977606 0.000749
3 3 0.000588 0.000374 0.023191 0.975280 0.000567
3 3 0.000839 0.000390 0.020986 0.977063 0.000722
3 3 0.004485 0.002351 0.050031 0.937195 0.005937
3 3 0.004995 0.001044 0.025299 0.964124 0.004538
3 3 0.004567 0.001669 0.038787 0.949166 0.005812
3 3 0.090363 0.018436 0.193423 0.685179 0.012599
3 3 0.012601 0.028073 0.232291 0.675596 0.051439
3 3 0.001488 0.011883 0.328657 0.650752 0.007219
3 3 0.004641 0.032972 0.360674 0.593332 0.008380
3 3 0.007980 0.064467 0.436910 0.479726 0.010917
3 3 0.001451 0.018646 0.383852 0.590054 0.005997
3 3 0.001298 0.010846 0.290446 0.689246 0.008164
3 3 0.005668 0.028864 0.247724 0.709770 0.007974
3 3 0.007288 0.017964 0.169838 0.795813 0.009097
3 3 0.003488 0.008786 0.140848 0.841743 0.005136
3 3 0.003831 0.013700 0.176578 0.801183 0.004709
3 3 0.001321 0.005152 0.141687 0.848001 0.003839
3 3 0.003795 0.006055 0.101488 0.883480 0.005182
3 3 0.003987 0.007582 0.121905 0.859574 0.006951
3 3 0.004915 0.007180 0.110197 0.869376 0.008332
3 3 0.013326 0.028202 0.189698 0.752496 0.016278
3 3 0.032619 0.039861 0.161866 0.745062 0.020592
3 3 0.003101 0.002491 0.060867 0.928322 0.005219
3 3 0.009601 0.009984 0.099686 0.872501 0.008228
3 3 0.006088 0.007627 0.101719 0.877021 0.007545
3 3 0.009516 0.005805 0.066339 0.911689 0.006650
3 3 0.004451 0.004737 0.082042 0.902690 0.006080
3 3 0.006112 0.002253 0.036316 0.952324 0.002994
3 3 0.005586 0.001092 0.022597 0.967793 0.002931
3 3 0.003191 0.000865 0.021860 0.972660 0.001425
3 3 0.005449 0.001810 0.031797 0.958424 0.002520
3 3 0.003409 0.000925 0.024202 0.969285 0.002179
3 3 0.010027 0.003011 0.039059 0.942597 0.005306
3 3 0.010176 0.002702 0.037710 0.942639 0.006773
3 3 0.009718 0.002588 0.036385 0.945435 0.005873
3 3 0.011659 0.002530 0.032075 0.948388 0.005347
3 3 0.029831 0.009083 0.056125 0.894354 0.010607
3 3 0.006412 0.002723 0.045412 0.940173 0.005281
3 3 0.009089 0.002129 0.031837 0.951854 0.005092
3 3 0.012886 0.004478 0.044675 0.933154 0.004807
3 3 0.004277 0.001689 0.038867 0.950386 0.004782
3 3 0.005541 0.001513 0.031784 0.956245 0.004918
3 3 0.006480 0.002013 0.034936 0.952328 0.004243
3 3 0.002921 0.001646 0.042105 0.950284 0.003044
3 3 0.005532 0.003054 0.049727 0.937833 0.003853
3 3 0.005810 0.001532 0.031074 0.956854 0.004730
3 3 0.003988 0.002002 0.043215 0.947043 0.003752
3 3 0.006292 0.001496 0.024649 0.965566 0.001997
3 3 0.003398 0.000705 0.019028 0.975148 0.001720
3 3 0.004226 0.000913 0.023346 0.968281 0.003234
3 3 0.002784 0.000593 0.018440 0.976520 0.001663
3 3 0.003126 0.000768 0.022194 0.971708 0.002205
3 3 0.004046 0.001715 0.038929 0.951327 0.003984
3 3 0.005596 0.004593 0.074795 0.907559 0.007456
3 3 0.008017 0.002954 0.042080 0.942233 0.004715
3 3 0.006732 0.002662 0.044221 0.940735 0.005649
3 3 0.002554 0.001580 0.044894 0.947497 0.003475
3 3 0.004311 0.001583 0.033897 0.957105 0.003103
3 3 0.004604 0.002736 0.050098 0.938822 0.003740
3 3 0.005469 0.002278 0.042711 0.944634 0.004910
3 3 0.007699 0.004267 0.056381 0.926574 0.005079
3 3 0.007922 0.002680 0.039418 0.945329 0.004651
3 3 0.003769 0.001923 0.045833 0.943433 0.005042
3 3 0.004564 0.001212 0.027226 0.963914 0.003084
3 3 0.003750 0.001315 0.032092 0.959623 0.003220
3 2 0.061304 0.027728 0.097869 0.787288 0.025811
3 2 0.008950 0.026277 0.278629 0.586214 0.099930
2 2 0.001211 0.038122 0.609780 0.282331 0.068556
2 2 0.001600 0.048743 0.644382 0.228715 0.076560
2 2 0.001070 0.070390 0.680238 0.109144 0.139159
2 2 0.002113 0.063470 0.628684 0.189041 0.116692
2 2 0.001134 0.089155 0.710811 0.035651 0.163248
2 2 0.001699 0.108730 0.650421 0.012909 0.226241
2 2 0.001818 0.116266 0.544197 0.007716 0.330004
2 2 0.002615 0.132249 0.550526 0.009281 0.305329
2 2 0.002037 0.117034 0.632541 0.032038 0.216350
2 2 0.002217 0.122232 0.603180 0.009880 0.262491
2 2 0.001106 0.091465 0.648666 0.002901 0.255862
2 2 0.001016 0.089936 0.653839 0.000452 0.254758
2 2 0.001042 0.088364 0.665958 0.002557 0.242079
2 2 0.001315 0.096332 0.663045 0.002901 0.236407
2 2 0.003049 0.139476 0.543875 0.008027 0.305573
2 2 0.004585 0.156916 0.607627 0.002127 0.228745
2 2 0.001334 0.095143 0.683932 0.002578 0.217013
2 2 0.000608 0.069042 0.721513 0.001402 0.207434
2 2 0.002428 0.121797 0.640046 0.004341 0.231388
2 2 0.001736 0.104806 0.679960 0.002966 0.210532
2 2 0.002389 0.122353 0.656104 0.000406 0.218748
2 2 0.001029 0.090967 0.629128 0.001498 0.277377
2 2 0.001383 0.103669 0.604264 0.000925 0.289758
2 2 0.001944 0.116557 0.585362 0.005310 0.290827
2 2 0.002310 0.121494 0.619205 0.004786 0.252205
2 2 0.001154 0.099303 0.506709 0.004754 0.388079
2 2 0.000850 0.088320 0.523139 0.003048 0.384643
2 2 0.001516 0.109226 0.519511 0.006500 0.363248
2 2 0.001263 0.102631 0.526627 0.003106 0.366374
4 2 0.004157 0.155020 0.186983 0.001474 0.652366
2 2 0.001760 0.087254 0.820274 0.003772 0.086941
2 2 0.015607 0.229366 0.593268 0.020798 0.140961
2 2 0.002220 0.093384 0.821703 0.008230 0.074463
2 2 0.000065 0.016680 0.959120 0.001670 0.022465
2 2 0.000143 0.026423 0.936437 0.000690 0.036307
2 2 0.000087 0.014137 0.975229 0.002754 0.007793
2 2 0.000047 0.009386 0.984428 0.001676 0.004463
2 2 0.000020 0.006029 0.987459 0.003630 0.002862
2 2 0.000048 0.009789 0.982186 0.003269 0.004707
2 2 0.019633 0.188761 0.740781 0.005586 0.045239
2 2 0.000048 0.007386 0.985553 0.005315 0.001698
2 2 0.000009 0.003186 0.986872 0.009076 0.000859
2 2 0.002701 0.060516 0.908436 0.018060 0.010287
2 2 0.000261 0.016048 0.960177 0.021268 0.002245
2 2 0.000006 0.002402 0.992188 0.004865 0.000539
2 2 0.000038 0.006970 0.986522 0.004582 0.001888
2 2 0.000002 0.001152 0.995069 0.003563 0.000215
2 2 0.000002 0.001121 0.995068 0.003569 0.000241
2 2 0.000010 0.003130 0.985384 0.010778 0.000698
2 2 0.000008 0.002683 0.987072 0.009727 0.000510
2 2 0.000019 0.004021 0.978399 0.016934 0.000627
2 2 0.000001 0.000591 0.922894 0.076449 0.000066
2 2 0.000003 0.001212 0.972160 0.026482 0.000143
2 2 0.000016 0.003622 0.978700 0.017114 0.000548
2 2 0.000004 0.001414 0.962972 0.035466 0.000144
2 2 0.000077 0.007817 0.839955 0.151231 0.000920
2 2 0.000090 0.007886 0.786970 0.204256 0.000797
2 2 0.000086 0.009837 0.881946 0.106384 0.001747
2 2 0.000170 0.010861 0.830191 0.157785 0.000993
2 2 0.000252 0.013920 0.819857 0.164573 0.001397
2 2 0.000491 0.021537 0.822677 0.152691 0.002604
2 2 0.000266 0.013883 0.852592 0.131998 0.001261
2 2 0.000728 0.021516 0.762475 0.212890 0.002391
2 2 0.000084 0.007198 0.768647 0.223418 0.000653
2 2 0.001131 0.028725 0.827702 0.140174 0.002268
2 2 0.008113 0.139245 0.741536 0.064311 0.046795
2 2 0.013199 0.191121 0.674557 0.036262 0.084860
2 2 0.003006 0.079671 0.831290 0.043781 0.042253
2 2 0.007134 0.028687 0.750033 0.140189 0.073957
2 1 0.225572 0.169534 0.433870 0.027672 0.143350
2 2 0.000448 0.019625 0.881042 0.096823 0.002062
2 2 0.000019 0.004204 0.957341 0.037731 0.000705
2 2 0.000001 0.000693 0.931324 0.067907 0.000075
2 2 0.000004 0.001721 0.918696 0.079317 0.000262
2 2 0.000008 0.002583 0.937394 0.059568 0.000448
2 2 0.000042 0.006667 0.794490 0.197550 0.001251
2 2 0.000063 0.003161 0.623635 0.372265 0.000876
2 2 0.000024 0.005074 0.841595 0.152306 0.001001
2 2 0.000144 0.006155 0.752742 0.239403 0.001555
2 2 0.000101 0.004755 0.659956 0.334402 0.000786
2 2 0.000050 0.006831 0.773736 0.218265 0.001118
2 2 0.000021 0.002767 0.662980 0.333757 0.000475
2 2 0.000011 0.001559 0.707218 0.290977 0.000235
2 2 0.000038 0.002756 0.562646 0.434116 0.000444
2 2 0.000062 0.003051 0.662073 0.334318 0.000496
3 2 0.000046 0.002079 0.373283 0.624152 0.000440
3 2 0.000064 0.001496 0.278811 0.719222 0.000407
3 2 0.000060 0.001632 0.320393 0.677448 0.000466
3 2 0.000222 0.003809 0.300339 0.694630 0.001000
3 2 0.000127 0.002265 0.248525 0.748482 0.000601
3 3 0.000153 0.001869 0.254885 0.742242 0.000852
3 3 0.000138 0.001647 0.259275 0.738362 0.000578
3 3 0.000186 0.003143 0.267364 0.728159 0.001149
3 3 0.000492 0.005224 0.326485 0.666244 0.001555
3 3 0.000200 0.002293 0.185147 0.811461 0.000898
3 3 0.000388 0.001712 0.101001 0.895345 0.001554
3 3 0.000651 0.002476 0.102986 0.892206 0.001680
3 3 0.001400 0.003287 0.093976 0.898798 0.002540
3 3 0.001132 0.002037 0.069382 0.925733 0.001716
3 3 0.000511 0.002212 0.111746 0.883434 0.002098
3 3 0.001412 0.008380 0.176993 0.810434 0.002782
3 3 0.001318 0.006079 0.144070 0.846159 0.002374
3 3 0.002132 0.006551 0.127983 0.860149 0.003185
3 3 0.001414 0.004902 0.124161 0.866795 0.002728
3 3 0.001203 0.003597 0.118114 0.874068 0.003018
3 3 0.002022 0.001977 0.057032 0.936018 0.002950
3 3 0.003582 0.002207 0.045457 0.946120 0.002634
3 3 0.004129 0.003764 0.060962 0.928641 0.002504
3 3 0.001573 0.001934 0.059065 0.935376 0.002053
3 3 0.002402 0.001484 0.037899 0.956608 0.001607
3 3 0.006541 0.003697 0.054669 0.930291 0.004802
3 3 0.005040 0.003813 0.059336 0.928397 0.003414
3 3 0.002135 0.001558 0.045208 0.948665 0.002434
3 3 0.001665 0.003362 0.087629 0.904838 0.002506
3 3 0.001857 0.002731 0.073544 0.919088 0.002781
3 3 0.005037 0.006313 0.092299 0.890832 0.005519
3 3 0.002786 0.002971 0.072220 0.916893 0.005130
3 3 0.006350 0.004941 0.070115 0.912924 0.005670
3 3 0.003824 0.004746 0.084910 0.901578 0.004942
3 3 0.003234 0.002664 0.057164 0.933609 0.003329
3 3 0.003601 0.001644 0.034627 0.958186 0.001943
3 3 0.001959 0.002411 0.066242 0.926496 0.002892
3 3 0.003773 0.001915 0.036452 0.956213 0.001647
3 3 0.002355 0.001455 0.036406 0.958439 0.001344
3 3 0.001911 0.001743 0.047161 0.947639 0.001546
3 3 0.001331 0.001657 0.058776 0.935952 0.002284
3 3 0.003883 0.004316 0.078764 0.908160 0.004877
3 3 0.003878 0.003675 0.064934 0.924311 0.003202
3 3 0.002159 0.002180 0.058503 0.934362 0.002796
3 3 0.003985 0.003840 0.066170 0.922772 0.003232
3 3 0.012096 0.002978 0.035845 0.943335 0.005746
3 3 0.005584 0.002207 0.039731 0.948450 0.004027
3 3 0.008253 0.003348 0.048392 0.933432 0.006575
3 3 0.007611 0.004913 0.064666 0.916791 0.006019
3 3 0.007270 0.003167 0.048994 0.934365 0.006203
3 3 0.010178 0.003567 0.045318 0.934554 0.006383
3 3 0.009814 0.003136 0.040284 0.941683 0.005083
3 3 0.004737 0.001132 0.025084 0.966171 0.002875
3 3 0.008365 0.002351 0.034261 0.950820 0.004203
3 3 0.005966 0.002366 0.039038 0.949227 0.003402
3 3 0.040265 0.018648 0.096352 0.813378 0.031358
3 3 0.027439 0.007158 0.051398 0.901285 0.012720
3 3 0.011072 0.005364 0.067070 0.902800 0.013695
3 3 0.030625 0.013031 0.098412 0.827196 0.030735
0 2 0.342375 0.212135 0.187106 0.109212 0.149172
2 2 0.003050 0.065388 0.720068 0.199778 0.011715
2 2 0.000523 0.015758 0.672228 0.307800 0.003691
2 2 0.000090 0.008428 0.736015 0.254229 0.001239
2 2 0.001048 0.011254 0.565819 0.417785 0.004093
2 2 0.000630 0.015184 0.602467 0.377887 0.003831
2 2 0.000971 0.039574 0.746371 0.146147 0.066937
2 2 0.001388 0.081535 0.767621 0.071570 0.077886
2 2 0.000839 0.038474 0.761308 0.157729 0.041650
2 4 0.005189 0.159379 0.618900 0.039788 0.176743
2 4 0.001755 0.111956 0.613496 0.008908 0.263886
2 4 0.002613 0.133580 0.533736 0.013018 0.317053
2 4 0.003790 0.144705 0.618089 0.038219 0.195196
2 4 0.001662 0.113933 0.551157 0.025350 0.307898
2 4 0.001424 0.105902 0.594582 0.030588 0.267504
2 4 0.001514 0.108294 0.549386 0.005680 0.335127
4 4 0.002869 0.139401 0.296372 0.011604 0.549753
4 4 0.003357 0.076240 0.189634 0.007410 0.723359
4 4 0.001521 0.107868 0.242808 0.004304 0.643499
4 4 0.004571 0.164644 0.250440 0.007242 0.573103
4 4 0.002544 0.072177 0.123554 0.001329 0.800396
4 4 0.007265 0.054308 0.130442 0.001396 0.806589
4 4 0.238863 0.272721 0.029660 0.000173 0.458584
4 4 0.004953 0.088548 0.124491 0.001485 0.780523
4 4 0.013511 0.241521 0.190392 0.001155 0.553421
4 4 0.044386 0.315720 0.097564 0.000221 0.542109
4 4 0.003658 0.151071 0.242062 0.005815 0.597394
4 4 0.005277 0.173549 0.338289 0.027414 0.455471
4 4 0.004178 0.159662 0.339049 0.024557 0.472554
4 4 0.007341 0.197655 0.321736 0.022267 0.451001
4 4 0.004930 0.173098 0.339486 0.019416 0.463070
4 4 0.020784 0.033395 0.037872 0.000925 0.907024
4 4 0.011186 0.218420 0.143753 0.000301 0.626340
4 4 0.003286 0.131444 0.116662 0.000324 0.748283
4 4 0.003251 0.136010 0.149843 0.001046 0.709851
4 4 0.001873 0.090681 0.122431 0.000610 0.784406
2 1 0.003114 0.132110 0.650821 0.005639 0.208316
2 1 0.001971 0.110528 0.670131 0.003325 0.214044
2 1 0.002294 0.118917 0.645536 0.004106 0.229147
2 1 0.001456 0.098752 0.677057 0.002796 0.219939
2 1 0.002548 0.125157 0.626941 0.004480 0.240874
4 1 0.001736 0.111439 0.192984 0.000920 0.692921
4 1 0.002462 0.128165 0.211644 0.003013 0.654717
4 1 0.004748 0.168704 0.240952 0.001897 0.583699
4 1 0.059480 0.317727 0.046480 0.000100 0.576213
4 1 0.006070 0.174450 0.131781 0.000031 0.687669
2 1 0.001589 0.113398 0.499810 0.002127 0.383076
2 2 0.010873 0.224799 0.480168 0.002993 0.281167
2 2 0.003888 0.152857 0.572992 0.001233 0.269030
2 2 0.001114 0.097260 0.560238 0.001624 0.339763
2 2 0.001629 0.110210 0.592432 0.001778 0.293949
2 2 0.008168 0.174967 0.669749 0.026277 0.120840
2 2 0.001159 0.069976 0.855913 0.011518 0.061433
2 2 0.000676 0.044865 0.920248 0.008699 0.025513
2 2 0.000429 0.045995 0.902460 0.001030 0.050086
2 2 0.026059 0.131357 0.701543 0.023661 0.117380
2 2 0.000136 0.013150 0.981591 0.001768 0.003356
2 2 0.000003 0.001624 0.994612 0.003413 0.000347
2 2 0.000003 0.001539 0.995134 0.003028 0.000296
2 2 0.000012 0.003195 0.993281 0.002909 0.000603
2 2 0.000010 0.002959 0.988765 0.007693 0.000573
2 2 0.000027 0.005656 0.991168 0.001535 0.001614
2 2 0.000009 0.003244 0.994464 0.001202 0.001082
2 2 0.000094 0.012375 0.981519 0.001330 0.004681
2 2 0.000035 0.005795 0.991807 0.001098 0.001265
2 2 0.000066 0.009242 0.986809 0.001186 0.002697
2 2 0.001166 0.087074 0.754232 0.001125 0.156403
2 2 0.007970 0.120685 0.612231 0.002681 0.256433
2 1 0.040673 0.283779 0.546943 0.039441 0.089164
1 1 0.114374 0.441308 0.267083 0.002048 0.175186
2 2 0.003620 0.119922 0.780760 0.004178 0.091519
2 2 0.000108 0.007290 0.984631 0.007468 0.000502
2 2 0.000001 0.000586 0.989464 0.009897 0.000051
2 2 0.000002 0.000970 0.991514 0.007407 0.000107
2 2 0.000003 0.001244 0.996209 0.002373 0.000171
2 2 0.000001 0.000678 0.993869 0.005391 0.000061
2 2 0.020530 0.083573 0.716003 0.005175 0.174719
2 2 0.005057 0.024105 0.665931 0.010475 0.294432
0 0 0.681499 0.120596 0.116607 0.005223 0.076074
1 0 0.239477 0.454393 0.209797 0.002956 0.093377
1 1 0.202655 0.425822 0.294980 0.004274 0.072270
2 1 0.013639 0.195942 0.666207 0.033965 0.090246
2 1 0.130848 0.366148 0.417453 0.025435 0.060115
2 1 0.058052 0.316318 0.517213 0.016801 0.091617
2 1 0.008587 0.165242 0.710654 0.025481 0.090036
2 2 0.010496 0.187107 0.666372 0.020781 0.115245
4 1 0.098469 0.330129 0.229007 0.000081 0.342314
1 1 0.294450 0.469772 0.085325 0.000091 0.150362
1 1 0.087616 0.423744 0.266562 0.000431 0.221647
1 1 0.321904 0.459956 0.131892 0.000048 0.086200
1 1 0.063608 0.409625 0.243789 0.000026 0.282951
2 1 0.075345 0.256365 0.631585 0.011091 0.025614
2 1 0.064837 0.221313 0.681177 0.015895 0.016778
2 2 0.002810 0.065530 0.912171 0.005069 0.014420
2 2 0.001105 0.039047 0.938082 0.014305 0.007460
2 2 0.002361 0.066087 0.905136 0.008168 0.018248
2 2 0.000547 0.027910 0.962690 0.001715 0.007139
2 2 0.003280 0.059192 0.923161 0.006518 0.007850
2 2 0.000110 0.011145 0.984461 0.001774 0.002510
2 2 0.000039 0.006021 0.991538 0.001161 0.001241
2 2 0.000071 0.009474 0.987030 0.000567 0.002858
2 2 0.000036 0.005266 0.993120 0.000690 0.000887
2 2 0.000386 0.018182 0.977936 0.000809 0.002687
2 2 0.000276 0.017361 0.978088 0.000431 0.003843
2 2 0.000577 0.023770 0.970834 0.000834 0.003986
2 2 0.000136 0.011849 0.984884 0.000523 0.002608
2 2 0.001304 0.040206 0.948203 0.002719 0.007568
2 2 0.002097 0.043590 0.946283 0.002820 0.005209
2 2 0.001172 0.037047 0.952728 0.002442 0.006612
2 2 0.002198 0.045088 0.943718 0.003600 0.005395
2 2 0.001335 0.035815 0.954579 0.003547 0.004724
2 2 0.002130 0.051226 0.930031 0.008299 0.008314
2 2 0.000777 0.030268 0.952663 0.011318 0.004974
2 2 0.001213 0.037197 0.948260 0.007532 0.005798
2 2 0.003342 0.045884 0.932431 0.015495 0.002847
2 2 0.003978 0.060268 0.917720 0.011937 0.006096
2 2 0.003225 0.056055 0.927795 0.006311 0.006614
2 2 0.001133 0.034481 0.953084 0.006381 0.004920
2 2 0.001043 0.035555 0.952018 0.005094 0.006290
2 2 0.003606 0.051619 0.933715 0.006885 0.004175
2 2 0.004645 0.058255 0.921518 0.011212 0.004369
2 2 0.001136 0.042105 0.939852 0.006908 0.009998
2 2 0.005114 0.063813 0.916553 0.009114 0.005406
2 2 0.009404 0.099834 0.865067 0.014181 0.011515
2 2 0.007181 0.086567 0.882788 0.013520 0.009943
2 2 0.002824 0.051531 0.923491 0.016723 0.005432
2 2 0.001727 0.040736 0.943518 0.009184 0.004835
2 2 0.005342 0.070690 0.894712 0.022354 0.006902
2 2 0.000211 0.016785 0.972994 0.006112 0.003897
2 2 0.003087 0.054283 0.910436 0.026581 0.005613
2 2 0.011033 0.097763 0.850025 0.033097 0.008082
2 2 0.004103 0.062175 0.910740 0.016605 0.006377
2 2 0.007994 0.088057 0.869812 0.025409 0.008728
2 2 0.002360 0.054571 0.923260 0.010948 0.008860
2 2 0.000503 0.023296 0.944991 0.027855 0.003355
2 2 0.004863 0.069957 0.886875 0.030880 0.007425
2 2 0.003043 0.058963 0.876365 0.054150 0.007478
2 2 0.006125 0.077641 0.881244 0.027051 0.007940
2 2 0.006931 0.080988 0.854358 0.050141 0.007582
2 2 0.018929 0.124928 0.785381 0.061425 0.009338
2 2 0.002423 0.038559 0.894035 0.059334 0.005649
2 2 0.019730 0.169295 0.721679 0.061130 0.028166
2 2 0.022439 0.083476 0.805451 0.073067 0.015568
1 0 0.148842 0.398286 0.367681 0.019286 0.065904
2 1 0.018989 0.189140 0.689070 0.056360 0.046441
2 2 0.003310 0.076625 0.868502 0.033891 0.017672
2 2 0.004374 0.073940 0.885588 0.025444 0.010654
2 2 0.001128 0.033497 0.946894 0.014299 0.004182
2 2 0.001440 0.042666 0.936291 0.012423 0.007180
2 2 0.002211 0.045614 0.927203 0.020118 0.004854
2 2 0.002309 0.049161 0.932763 0.009428 0.006340
2 2 0.001083 0.042210 0.918339 0.028671 0.009697
2 2 0.002660 0.054314 0.890884 0.045410 0.006732
2 2 0.004852 0.064224 0.895381 0.030077 0.005467
2 2 0.000771 0.021811 0.927198 0.045508 0.004712
2 0 0.187506 0.202905 0.513649 0.044083 0.051858
0 0 0.813482 0.001343 0.000436 0.000082 0.184658
0 0 0.938437 0.000380 0.000293 0.001426 0.059464
0 0 0.866875 0.000464 0.000571 0.002920 0.129169
0 0 0.931579 0.000251 0.000236 0.001387 0.066547
0 0 0.893763 0.000270 0.000395 0.003634 0.101937
0 0 0.721899 0.005114 0.002978 0.001697 0.268313
0 0 0.696908 0.002141 0.002460 0.004511 0.293980
0 0 0.577960 0.005801 0.006151 0.006769 0.403319
0 0 0.586358 0.004874 0.002384 0.000424 0.405960
0 0 0.579623 0.002004 0.002019 0.001421 0.414934
4 0 0.225661 0.024948 0.015844 0.001417 0.732131
0 0 0.640970 0.056609 0.028448 0.003880 0.270093
1 0 0.150745 0.402700 0.099705 0.000069 0.346780
1 1 0.261778 0.458435 0.045152 0.000001 0.234634
1 1 0.116124 0.427944 0.073049 0.000004 0.382879
2 1 0.020355 0.265703 0.539443 0.000123 0.174376
2 1 0.133202 0.394835 0.413566 0.000001 0.058395
2 1 0.135255 0.397003 0.409512 0.000001 0.058230
2 1 0.058413 0.327085 0.538293 0.000002 0.076206
1 1 0.191904 0.433953 0.318011 0.000000 0.056132
2 1 0.066895 0.320637 0.540118 0.000713 0.071637
2 1 0.012065 0.200050 0.655858 0.001535 0.130492
2 2 0.005185 0.151642 0.672996 0.004582 0.165596
2 2 0.001638 0.101800 0.689156 0.002730 0.204677
2 2 0.003463 0.134575 0.663800 0.004299 0.193863
2 2 0.000010 0.003023 0.989917 0.006444 0.000606
2 2 0.000006 0.002379 0.993740 0.003342 0.000532
2 2 0.000010 0.003006 0.988431 0.007968 0.000585
2 2 0.000030 0.006099 0.989319 0.002795 0.001758
2 2 0.000007 0.002427 0.991865 0.005201 0.000500
2 2 0.000014 0.003488 0.993503 0.002311 0.000684
2 2 0.000011 0.003057 0.991078 0.005257 0.000597
2 2 0.000003 0.001437 0.993871 0.004445 0.000243
2 2 0.000014 0.003582 0.992451 0.003230 0.000722
2 2 0.000010 0.002729 0.991987 0.004844 0.000430
2 2 0.000004 0.001917 0.996457 0.001146 0.000476
2 2 0.000008 0.003059 0.995094 0.000843 0.000996
2 2 0.000006 0.002490 0.996155 0.000574 0.000776
2 2 0.000012 0.003820 0.994010 0.000839 0.001319
2 2 0.000044 0.008051 0.987940 0.001015 0.002950
2 2 0.000001 0.000627 0.997266 0.002032 0.000075
2 2 0.000000 0.000382 0.996700 0.002882 0.000035
2 2 0.000000 0.000298 0.995442 0.004237 0.000022
2 2 0.000001 0.000634 0.996951 0.002337 0.000076
2 2 0.000001 0.000556 0.994880 0.004514 0.000048
2 2 0.000003 0.001552 0.996940 0.001171 0.000333
2 2 0.000005 0.002080 0.995160 0.002335 0.000420
2 2 0.000003 0.001387 0.996219 0.002115 0.000277
2 2 0.000003 0.001380 0.996874 0.001474 0.000269
2 2 0.000011 0.003016 0.993521 0.002875 0.000577
2 2 0.000066 0.012517 0.979359 0.000952 0.007106
2 2 0.000091 0.016043 0.970164 0.001734 0.011968
2 2 0.005098 0.065778 0.897465 0.005695 0.025963
2 1 0.060640 0.228538 0.677239 0.012360 0.021223
2 2 0.001355 0.045857 0.938626 0.002561 0.011601
2 2 0.000078 0.011133 0.982060 0.002889 0.003840
2 2 0.000062 0.011034 0.981615 0.001896 0.005394
2 2 0.000091 0.009037 0.974707 0.008283 0.007881
2 2 0.001161 0.038249 0.951258 0.001476 0.007856
2 2 0.000056 0.010553 0.982363 0.001720 0.005308
2 2 0.000015 0.003898 0.994324 0.000713 0.001050
2 2 0.000007 0.002250 0.991048 0.006329 0.000366
2 2 0.000001 0.000754 0.997865 0.001261 0.000119
2 2 0.000019 0.004072 0.988759 0.006420 0.000730
2 2 0.002568 0.051483 0.936404 0.002233 0.007312
2 2 0.000026 0.004219 0.991214 0.003999 0.000542
2 2 0.000019 0.003679 0.988580 0.007226 0.000496
2 2 0.000006 0.002024 0.991006 0.006651 0.000313
2 2 0.000003 0.001193 0.992193 0.006480 0.000130
2 2 0.000001 0.000612 0.985575 0.013762 0.000050
2 2 0.000004 0.001438 0.994928 0.003450 0.000180
2 2 0.000005 0.001471 0.989501 0.008887 0.000136
2 2 0.000001 0.000740 0.993894 0.005286 0.000079
2 2 0.000007 0.002349 0.993075 0.004170 0.000399
2 2 0.000024 0.004664 0.991446 0.002979 0.000887
2 2 0.000004 0.001650 0.980443 0.017682 0.000222
2 2 0.000005 0.001824 0.983073 0.014854 0.000244
2 2 0.000007 0.002185 0.984492 0.012996 0.000320
2 2 0.000056 0.005764 0.962612 0.031074 0.000495
2 2 0.000017 0.003453 0.979148 0.016947 0.000435
2 2 0.000189 0.014742 0.976648 0.005531 0.002889
2 2 0.000079 0.008737 0.984104 0.005559 0.001521
2 2 0.000042 0.006327 0.985668 0.006809 0.001154
2 2 0.000020 0.004332 0.988252 0.006534 0.000862
2 2 0.000049 0.007207 0.983264 0.008020 0.001461
2 2 0.000022 0.003889 0.945820 0.049822 0.000448
2 2 0.000028 0.005387 0.945968 0.047636 0.000981
2 2 0.000030 0.005010 0.946485 0.047764 0.000712
2 2 0.000048 0.006098 0.916941 0.076182 0.000731
2 2 0.000018 0.003621 0.940809 0.055091 0.000462
2 2 0.000108 0.011816 0.874971 0.110641 0.002465
2 2 0.000131 0.011749 0.872675 0.113593 0.001852
2 2 0.000887 0.027764 0.779348 0.189083 0.002918
2 2 0.000222 0.016617 0.894224 0.085927 0.003010
2 3 0.000151 0.009524 0.792091 0.196346 0.001889
3 3 0.000079 0.003119 0.367879 0.628261 0.000662
3 3 0.000249 0.005396 0.470945 0.522186 0.001225
3 3 0.000078 0.001449 0.242499 0.755646 0.000328
3 3 0.000082 0.002979 0.324235 0.672119 0.000584
3 3 0.000486 0.006128 0.378533 0.613631 0.001222
3 3 0.000694 0.006847 0.299986 0.689601 0.002872
3 3 0.001018 0.013885 0.366319 0.614332 0.004447
3 3 0.003414 0.016808 0.445798 0.522815 0.011165
2 3 0.003439 0.048626 0.501718 0.439250 0.006968
3 3 0.002334 0.024172 0.394076 0.573518 0.005900
3 3 0.001072 0.009565 0.254405 0.730933 0.004024
3 3 0.001619 0.013670 0.290944 0.689036 0.004732
3 3 0.000851 0.006766 0.214586 0.775137 0.002660
3 3 0.002548 0.015313 0.290065 0.688682 0.003392
3 3 0.000411 0.002750 0.142069 0.852740 0.002029
3 3 0.001950 0.008745 0.155063 0.831652 0.002590
3 3 0.001370 0.010145 0.198705 0.787269 0.002511
3 3 0.001351 0.007287 0.169511 0.818639 0.003213
3 3 0.001829 0.005913 0.123671 0.865976 0.002612
3 3 0.005136 0.012854 0.183745 0.794712 0.003553
3 3 0.003545 0.010896 0.154103 0.826371 0.005085
3 3 0.003097 0.010134 0.174531 0.802957 0.009281
3 3 0.003501 0.009146 0.137053 0.845452 0.004848
3 3 0.002547 0.006321 0.130141 0.854866 0.006125
3 3 0.014263 0.014938 0.116397 0.846407 0.007996
3 3 0.006158 0.010125 0.123200 0.852662 0.007856
3 3 0.010205 0.023790 0.205771 0.743585 0.016650
3 3 0.003158 0.009246 0.160396 0.818743 0.008457
3 3 0.007899 0.025633 0.215347 0.738793 0.012329
3 3 0.004467 0.017850 0.239905 0.718002 0.019776
3 3 0.002466 0.002499 0.058605 0.934007 0.002422
3 3 0.002033 0.002738 0.068117 0.924778 0.002334
3 3 0.003685 0.004761 0.074808 0.914406 0.002340
3 3 0.001078 0.002034 0.068870 0.926543 0.001475
3 3 0.003578 0.002573 0.052259 0.938515 0.003075
2 3 0.006359 0.049506 0.493497 0.414333 0.036306
2 2 0.081006 0.304126 0.482382 0.087050 0.045436
1 2 0.296199 0.404218 0.172436 0.004238 0.122909
2 2 0.021312 0.246725 0.581426 0.027064 0.123473
2 2 0.004251 0.053376 0.801373 0.023787 0.117212
2 2 0.002604 0.128221 0.605907 0.049763 0.213505
2 4 0.001330 0.105097 0.578926 0.010793 0.303854
2 4 0.002177 0.126433 0.477606 0.007653 0.386132
2 4 0.005219 0.168614 0.547042 0.024816 0.254309
4 4 0.038638 0.285055 0.235438 0.008878 0.431991
4 4 0.001951 0.124104 0.289579 0.000490 0.583877
4 4 0.121026 0.401874 0.055146 0.000160 0.421794
4 4 0.001933 0.122464 0.271780 0.000676 0.603147
4 4 0.002758 0.126855 0.289341 0.001454 0.579593
4 4 0.004198 0.168043 0.389332 0.000547 0.437880
4 4 0.005380 0.027532 0.057401 0.001356 0.908331
4 4 0.046989 0.101216 0.078350 0.003074 0.770372
4 4 0.043597 0.106054 0.097728 0.005594 0.747027
4 4 0.059464 0.023785 0.049413 0.014020 0.853318
4 4 0.048763 0.072926 0.044245 0.000849 0.833217
2 4 0.008122 0.208852 0.419739 0.002338 0.360950
4 4 0.006373 0.194137 0.397481 0.001016 0.400993
2 4 0.003373 0.150161 0.485651 0.008143 0.352672
2 4 0.008017 0.201803 0.453867 0.011558 0.324756
2 4 0.002396 0.133037 0.479628 0.003125 0.381814
4 4 0.017829 0.241494 0.092966 0.000080 0.647630
4 4 0.002176 0.117460 0.156079 0.000774 0.723511
4 4 0.003746 0.107303 0.157840 0.000690 0.730420
4 4 0.008492 0.093331 0.057250 0.000128 0.840799
4 4 0.007210 0.189945 0.147052 0.000032 0.655761
4 4 0.021373 0.012533 0.025998 0.001914 0.938183
4 4 0.050170 0.009765 0.024063 0.006110 0.909892
4 4 0.012021 0.045478 0.029138 0.000118 0.913245
4 4 0.011417 0.021026 0.019557 0.000136 0.947864
4 4 0.029830 0.030165 0.028117 0.000611 0.911277
4 4 0.013166 0.083229 0.163081 0.015162 0.725361
4 4 0.019631 0.115957 0.141019 0.007331 0.716063
4 4 0.062994 0.056027 0.086943 0.019217 0.774819
4 4 0.029814 0.083835 0.213552 0.040792 0.632006
4 4 0.019212 0.103710 0.165252 0.015743 0.696082
4 4 0.004778 0.121523 0.223229 0.008268 0.642202
4 4 0.050011 0.346036 0.103845 0.000347 0.499761
4 4 0.003556 0.144633 0.159030 0.000196 0.692585
4 4 0.003772 0.153426 0.242064 0.004159 0.596580
4 4 0.008110 0.096029 0.130165 0.003080 0.762616
4 4 0.011982 0.067071 0.176483 0.018912 0.725553
4 4 0.005638 0.052121 0.143356 0.009632 0.789252
4 4 0.031881 0.216072 0.179544 0.010370 0.562133
4 4 0.023630 0.291166 0.242573 0.016112 0.426519
4 4 0.004864 0.088527 0.182029 0.007058 0.717522
4 4 0.012899 0.007138 0.019319 0.001302 0.959342
4 4 0.012308 0.037079 0.031883 0.000244 0.918486
4 4 0.043910 0.010166 0.018510 0.002023 0.925391
4 4 0.031771 0.016072 0.016611 0.000397 0.935148
4 4 0.027287 0.036409 0.015992 0.000058 0.920253
4 4 0.015064 0.049881 0.053430 0.000957 0.880668
4 4 0.018533 0.018680 0.058587 0.011507 0.892694
4 4 0.020884 0.025789 0.079550 0.016461 0.857315
4 4 0.006258 0.047597 0.059215 0.000598 0.886332
4 4 0.016056 0.075472 0.107237 0.005024 0.796211
4 4 0.020279 0.030608 0.052158 0.000027 0.896928
4 1 0.002637 0.089223 0.073912 0.000045 0.834183
4 4 0.001394 0.093209 0.105968 0.000056 0.799373
4 4 0.007384 0.192562 0.142226 0.000010 0.657819
4 4 0.005589 0.085622 0.068038 0.000031 0.840721
4 4 0.003913 0.044672 0.170763 0.010685 0.769966
4 4 0.002336 0.126038 0.204323 0.001201 0.666103
4 4 0.001882 0.118308 0.273675 0.007235 0.598900
4 4 0.005368 0.093716 0.097865 0.000775 0.802276
4 4 0.003587 0.155861 0.325596 0.002158 0.512798
4 4 0.005706 0.188920 0.287079 0.000100 0.518196
4 4 0.001988 0.126531 0.404550 0.000816 0.466115
4 4 0.002940 0.147014 0.313169 0.000280 0.536597
2 4 0.004119 0.159395 0.470115 0.010145 0.356227
4 4 0.009820 0.215740 0.193748 0.001156 0.579536
4 4 0.005688 0.185006 0.363455 0.002708 0.443143
4 4 0.010617 0.229624 0.364428 0.003909 0.391421
4 4 0.002483 0.136615 0.360016 0.001630 0.499256
2 4 0.008137 0.207751 0.403058 0.005426 0.375629
1 1 0.155840 0.390458 0.121950 0.001682 0.330069
2 1 0.005090 0.169467 0.498054 0.012494 0.314895
2 1 0.006435 0.189946 0.477604 0.001865 0.324149
2 1 0.009004 0.198697 0.555256 0.011142 0.225900
2 4 0.009115 0.202709 0.527028 0.013111 0.248036
2 4 0.004883 0.165732 0.534751 0.007090 0.287545
4 4 0.006548 0.190478 0.263585 0.004317 0.535071
4 4 0.011041 0.229170 0.349947 0.013133 0.396708
4 4 0.005234 0.176782 0.284963 0.003850 0.529171
2 4 0.009306 0.218926 0.384202 0.004092 0.383474
4 4 0.006477 0.193216 0.335268 0.003401 0.461637
4 4 0.002247 0.129617 0.400364 0.006702 0.461070
2 4 0.002703 0.138064 0.481497 0.003912 0.373824
2 4 0.003170 0.146254 0.473161 0.005109 0.372306
2 4 0.003197 0.142732 0.546158 0.004805 0.303109
2 4 0.004107 0.159388 0.478829 0.008002 0.349674
2 4 0.003037 0.137624 0.571008 0.006662 0.281669
2 4 0.003294 0.141207 0.580820 0.005430 0.269248
2 4 0.002907 0.135839 0.592658 0.001790 0.266806
2 4 0.002060 0.118658 0.593906 0.004636 0.280741
2 4 0.002591 0.134252 0.530867 0.002525 0.329766
4 4 0.005105 0.177261 0.367493 0.003752 0.446389
4 4 0.002667 0.138395 0.377532 0.006423 0.474983
4 4 0.005790 0.186286 0.401039 0.002073 0.404813
4 4 0.003077 0.146243 0.378712 0.005749 0.466219
4 4 0.001923 0.123932 0.379580 0.001827 0.492739
4 4 0.003712 0.012407 0.049746 0.002814 0.931322
4 4 0.069898 0.050799 0.075427 0.015948 0.787927
4 4 0.026831 0.055375 0.132249 0.034225 0.751320
4 4 0.033811 0.051512 0.076750 0.007305 0.830622
4 4 0.027540 0.050980 0.101245 0.015739 0.804495
4 4 0.032804 0.019975 0.017061 0.000291 0.929870
4 4 0.030166 0.030188 0.010465 0.000023 0.929158
4 4 0.051403 0.023031 0.024738 0.001072 0.899756
4 4 0.049367 0.049678 0.017222 0.000075 0.883657
4 4 0.005107 0.021194 0.024655 0.000119 0.948925
2 4 0.000816 0.091621 0.476367 0.000043 0.431154
4 4 0.003478 0.159521 0.295003 0.000022 0.541976
2 4 0.007446 0.209085 0.443663 0.000031 0.339775
2 4 0.001850 0.126101 0.454174 0.000033 0.417842
2 4 0.002805 0.147597 0.479024 0.000013 0.370561
2 4 0.003855 0.154185 0.544269 0.002023 0.295668
2 4 0.004939 0.168408 0.601283 0.000016 0.225354
2 4 0.000805 0.083800 0.625917 0.000626 0.288852
2 4 0.001064 0.093600 0.620037 0.000518 0.284781
2 4 0.000713 0.077724 0.673573 0.000349 0.247642
2 4 0.001034 0.096011 0.611480 0.000016 0.291459
2 4 0.000493 0.067027 0.680902 0.000435 0.251143
2 4 0.000838 0.088404 0.620751 0.000013 0.289994
2 2 0.001288 0.094675 0.690958 0.000614 0.212466
2 2 0.000753 0.077231 0.685350 0.001948 0.234717
2 2 0.001638 0.100184 0.724914 0.009259 0.164005
2 2 0.001794 0.106890 0.683349 0.005656 0.202312
2 2 0.001977 0.094963 0.795971 0.017701 0.089387
2 2 0.010460 0.175927 0.656286 0.072898 0.084429
2 2 0.018723 0.199411 0.634611 0.087473 0.059781
2 2 0.001494 0.084435 0.811477 0.003378 0.099216
2 2 0.000885 0.059769 0.878428 0.001134 0.059784
2 2 0.000714 0.060597 0.846589 0.000935 0.091165
2 2 0.002251 0.100080 0.781452 0.001519 0.114698
2 2 0.002044 0.099250 0.768533 0.001656 0.128517
2 2 0.001257 0.056600 0.909332 0.000535 0.032277
2 2 0.000772 0.044614 0.927374 0.000565 0.026675
2 2 0.000110 0.018761 0.962652 0.000595 0.017882
2 2 0.000184 0.024703 0.951817 0.001054 0.022241
2 2 0.000203 0.024203 0.955647 0.000428 0.019520
2 2 0.000603 0.040970 0.929120 0.000358 0.028950
2 2 0.000138 0.016380 0.974552 0.000234 0.008696
2 2 0.000105 0.015392 0.974003 0.000216 0.010284
2 2 0.000154 0.017942 0.971886 0.000756 0.009262
2 2 0.000087 0.012591 0.980700 0.000176 0.006446
2 2 0.000026 0.006223 0.990731 0.000382 0.002637
2 2 0.000006 0.002406 0.996258 0.000548 0.000781
2 2 0.000017 0.004204 0.994225 0.000221 0.001334
2 2 0.000023 0.005237 0.992667 0.000332 0.001741
2 2 0.000005 0.002216 0.996765 0.000223 0.000791
2 2 0.002352 0.109397 0.765283 0.000481 0.122488
2 2 0.001077 0.084041 0.769346 0.000377 0.145160
2 2 0.002446 0.115785 0.743978 0.000162 0.137629
0 1 0.492792 0.205307 0.200766 0.004284 0.096851
2 2 0.009032 0.183595 0.656629 0.008201 0.142543
2 2 0.000269 0.019641 0.970004 0.005124 0.004963
2 2 0.010981 0.086901 0.860628 0.007264 0.034226
2 2 0.000610 0.036894 0.940484 0.007270 0.014741
2 2 0.000062 0.011185 0.980725 0.002523 0.005505
2 2 0.000070 0.012497 0.977600 0.003214 0.006620
2 2 0.000002 0.000986 0.997131 0.001765 0.000115
2 2 0.000002 0.000843 0.993302 0.005761 0.000093
2 2 0.000002 0.001092 0.993940 0.004811 0.000156
2 2 0.000001 0.000749 0.997176 0.001963 0.000111
2 2 0.000003 0.001168 0.996108 0.002578 0.000143
2 2 0.000005 0.001863 0.993563 0.004224 0.000346
2 2 0.000002 0.000919 0.985442 0.013542 0.000095
2 2 0.000002 0.001048 0.992084 0.006727 0.000139
2 2 0.000001 0.000491 0.990125 0.009333 0.000052
2 2 0.000002 0.001173 0.990023 0.008628 0.000174
2 2 0.000002 0.000869 0.972547 0.026495 0.000087
2 2 0.000005 0.001682 0.974999 0.023112 0.000203
2 2 0.000001 0.000773 0.953578 0.045582 0.000066
2 2 0.000007 0.001994 0.927351 0.070431 0.000217
2 2 0.000002 0.000959 0.973976 0.024987 0.000076
2 2 0.000001 0.000591 0.820018 0.179344 0.000046
2 2 0.000009 0.001789 0.781533 0.216564 0.000105
2 2 0.000001 0.000596 0.762423 0.236941 0.000039
2 2 0.000002 0.000839 0.842402 0.156705 0.000052
2 2 0.000003 0.000894 0.780355 0.218700 0.000048
2 2 0.000006 0.001631 0.736036 0.262181 0.000146
2 2 0.000004 0.001146 0.769308 0.229471 0.000072
2 2 0.000003 0.000624 0.749521 0.249786 0.000065
2 2 0.000001 0.000590 0.696170 0.303200 0.000038
2 2 0.000002 0.000697 0.581835 0.417437 0.000029
2 2 0.000002 0.000927 0.854680 0.144309 0.000082
2 2 0.000002 0.001040 0.950709 0.048126 0.000123
2 2 0.000002 0.000728 0.782931 0.216289 0.000051
2 2 0.000001 0.000521 0.715160 0.284285 0.000033
2 2 0.000005 0.001227 0.768007 0.230702 0.000060
2 2 0.000013 0.002951 0.686327 0.310287 0.000422
2 2 0.000012 0.002141 0.690241 0.307341 0.000264
2 2 0.000144 0.004715 0.518553 0.475792 0.000795
3 2 0.000010 0.000722 0.498405 0.500738 0.000125
3 2 0.000008 0.000678 0.375428 0.623782 0.000105
2 2 0.000016 0.002153 0.612580 0.384993 0.000258
2 2 0.000018 0.003543 0.702502 0.293468 0.000469
3 2 0.000035 0.001547 0.389451 0.608718 0.000249
3 2 0.000023 0.001090 0.420349 0.578368 0.000171
3 2 0.000017 0.000860 0.382225 0.616769 0.000131
3 2 0.000021 0.000689 0.224442 0.774732 0.000116
3 2 0.000008 0.000236 0.114265 0.885451 0.000039
3 3 0.000018 0.000507 0.141190 0.858216 0.000069
3 3 0.000009 0.000244 0.108807 0.890899 0.000041
3 3 0.000074 0.000831 0.195188 0.803684 0.000223
2 3 0.000026 0.003489 0.628863 0.367316 0.000305
2 2 0.000001 0.000468 0.513319 0.486183 0.000029
2 2 0.000002 0.000384 0.509220 0.490364 0.000030
2 2 0.000010 0.001456 0.546622 0.451791 0.000122
3 2 0.000006 0.000991 0.483869 0.515085 0.000049
3 2 0.000009 0.000618 0.258128 0.741183 0.000062
