4 0 0.137469 0.106340 0.202947 0.004292 0.548952
4 0 0.019306 0.194472 0.248096 0.000036 0.538090
4 0 0.036714 0.067068 0.135441 0.001204 0.759572
4 0 0.020183 0.045339 0.152090 0.002158 0.780231
4 0 0.204807 0.205017 0.148814 0.000428 0.440933
2 0 0.036292 0.101051 0.536064 0.003258 0.323335
2 0 0.012675 0.122933 0.556411 0.000324 0.307657
4 0 0.013022 0.059646 0.359283 0.002135 0.565914
2 0 0.020062 0.127717 0.506658 0.000529 0.345034
2 0 0.010451 0.087292 0.458210 0.000609 0.443440
4 0 0.010265 0.037095 0.150041 0.001381 0.801219
4 0 0.017317 0.063790 0.266626 0.001579 0.650688
4 0 0.196406 0.103738 0.207709 0.008101 0.484046
4 0 0.104473 0.069853 0.145254 0.006201 0.674219
4 0 0.157653 0.079199 0.179036 0.011223 0.572889
4 0 0.186603 0.069900 0.084183 0.004979 0.654335
0 0 0.553304 0.185012 0.170091 0.001554 0.090039
4 0 0.012783 0.076724 0.418222 0.001136 0.491135
4 0 0.020843 0.078241 0.338094 0.001633 0.561188
2 0 0.050705 0.159652 0.423460 0.000810 0.365373
2 0 0.017187 0.078356 0.739049 0.002928 0.162480
2 0 0.019999 0.091668 0.724712 0.002130 0.161490
2 0 0.026743 0.161201 0.635472 0.000421 0.176163
2 0 0.019400 0.148351 0.717371 0.000328 0.114549
2 0 0.053939 0.135942 0.603214 0.002265 0.204640
2 0 0.018407 0.153020 0.517027 0.000248 0.311297
4 0 0.013548 0.065308 0.124404 0.000224 0.796515
4 0 0.144483 0.177783 0.275856 0.001338 0.400540
2 0 0.160444 0.232549 0.328878 0.000757 0.277372
4 0 0.138391 0.162263 0.200046 0.000981 0.498318
2 0 0.147422 0.280250 0.511366 0.000363 0.060599
2 0 0.243023 0.232137 0.472617 0.001167 0.051056
2 0 0.182557 0.292915 0.482258 0.000384 0.041887
2 0 0.198007 0.255119 0.491005 0.000695 0.055174
2 0 0.120801 0.277802 0.538373 0.000307 0.062717
2 0 0.113857 0.197132 0.487157 0.001406 0.200448
2 0 0.209127 0.282361 0.304472 0.000434 0.203607
2 0 0.058951 0.240817 0.454839 0.000243 0.245149
4 0 0.047173 0.131075 0.312460 0.000891 0.508400
4 0 0.080948 0.176464 0.348151 0.000862 0.393575
4 0 0.187041 0.086995 0.165484 0.009001 0.551478
4 0 0.068455 0.057869 0.100759 0.002930 0.769987
4 0 0.140482 0.077611 0.180861 0.010352 0.590694
4 0 0.073545 0.072750 0.172743 0.004415 0.676547
4 0 0.049879 0.068348 0.237401 0.005432 0.638939
4 0 0.034585 0.046877 0.091623 0.001659 0.825256
4 0 0.106888 0.073929 0.191117 0.009003 0.619063
4 0 0.007157 0.037495 0.210228 0.001438 0.743682
4 0 0.042875 0.056846 0.162052 0.003821 0.734406
4 0 0.006015 0.038379 0.254992 0.001449 0.699164
2 0 0.005697 0.147956 0.588256 0.000048 0.258043
2 0 0.002169 0.102904 0.628739 0.000039 0.266148
2 0 0.005989 0.093339 0.604179 0.000277 0.296216
2 0 0.018814 0.201431 0.545841 0.000098 0.233816
2 0 0.004654 0.102459 0.649559 0.000140 0.243188
2 0 0.004241 0.080951 0.530705 0.000225 0.383878
4 0 0.007132 0.100373 0.414847 0.000175 0.477473
4 0 0.005184 0.071707 0.411845 0.000325 0.510938
0 0 0.400059 0.123608 0.130645 0.004433 0.341255
0 0 0.523864 0.149273 0.143868 0.005360 0.177636
0 0 0.705133 0.107970 0.131775 0.005628 0.049493
0 0 0.499297 0.145895 0.167864 0.004277 0.182667
0 0 0.572737 0.171963 0.213089 0.002076 0.040136
0 0 0.560201 0.145046 0.231777 0.005209 0.057767
0 0 0.689875 0.130232 0.138147 0.002796 0.038951
2 0 0.348414 0.224673 0.386748 0.001305 0.038861
2 0 0.212074 0.152756 0.544223 0.006772 0.084175
2 0 0.326903 0.209579 0.416415 0.001892 0.045211
2 0 0.062104 0.137816 0.755342 0.001727 0.043011
2 0 0.201234 0.181847 0.567467 0.002686 0.046766
0 0 0.549724 0.087621 0.064591 0.004856 0.293208
0 0 0.709552 0.097233 0.062579 0.002973 0.127663
0 0 0.810123 0.038910 0.048211 0.031365 0.071390
0 0 0.813195 0.037900 0.049252 0.034194 0.065459
0 0 0.813198 0.041385 0.052826 0.029067 0.063524
0 0 0.757191 0.046791 0.038890 0.014679 0.142450
0 0 0.641685 0.058613 0.049979 0.012190 0.237532
0 0 0.813195 0.037900 0.049252 0.034194 0.065459
0 0 0.810010 0.038586 0.049909 0.035417 0.066078
0 0 0.759774 0.049872 0.057897 0.051701 0.080756
0 0 0.777844 0.044667 0.041701 0.018443 0.117346
0 0 0.780903 0.044289 0.042170 0.019158 0.113479
0 0 0.813195 0.037900 0.049252 0.034194 0.065459
0 0 0.758435 0.046680 0.039045 0.014865 0.140974
0 0 0.747298 0.047606 0.037706 0.013326 0.154065
0 0 0.811078 0.047107 0.058534 0.022715 0.060566
0 0 0.796015 0.062336 0.070064 0.012511 0.059073
0 0 0.773406 0.066502 0.059754 0.008952 0.091385
0 0 0.793962 0.053494 0.055256 0.015286 0.082002
0 0 0.730788 0.061359 0.043467 0.007549 0.156836
4 0 0.111510 0.058521 0.064612 0.002447 0.762909
4 0 0.164532 0.056518 0.040688 0.001922 0.736340
4 0 0.162080 0.059738 0.050598 0.002441 0.725143
4 0 0.148918 0.056339 0.043545 0.001923 0.749275
4 0 0.225485 0.060912 0.042968 0.002647 0.667989
4 0 0.319237 0.069152 0.059552 0.005374 0.546685
4 0 0.377995 0.071586 0.067386 0.007517 0.475516
4 0 0.098572 0.057622 0.068370 0.002392 0.773044
4 0 0.213809 0.061585 0.046342 0.002760 0.675504
4 0 0.048241 0.044187 0.051434 0.001057 0.855081
4 0 0.103850 0.050244 0.039121 0.001306 0.805479
4 0 0.161092 0.059955 0.051546 0.002482 0.724925
4 0 0.017962 0.028652 0.030262 0.000307 0.922817
4 0 0.047490 0.039967 0.036391 0.000706 0.875446
4 0 0.179129 0.059040 0.044823 0.002297 0.714711
4 0 0.253014 0.157448 0.212564 0.002766 0.374208
0 0 0.789952 0.043034 0.043675 0.021645 0.101694
0 0 0.801544 0.041000 0.045977 0.026107 0.085372
0 0 0.745987 0.047706 0.037555 0.013163 0.155589
0 0 0.809158 0.039189 0.047920 0.030620 0.073114
0 0 0.793563 0.066250 0.076458 0.011371 0.052359
0 0 0.793394 0.066395 0.076588 0.011318 0.052305
0 0 0.781737 0.075870 0.084916 0.008482 0.048996
0 0 0.765226 0.088188 0.095310 0.006045 0.045231
0 0 0.694513 0.136737 0.132514 0.002040 0.034196
0 0 0.812974 0.042474 0.053926 0.027685 0.062941
0 0 0.781443 0.074260 0.078401 0.008463 0.057434
0 0 0.741844 0.048415 0.037335 0.012473 0.159933
0 0 0.813195 0.037900 0.049252 0.034194 0.065459
0 0 0.799872 0.041335 0.045608 0.025333 0.087853
0 0 0.762861 0.046271 0.039610 0.015564 0.135694
0 0 0.514153 0.066607 0.041307 0.004889 0.373044
0 0 0.794203 0.045837 0.047540 0.019991 0.092430
0 0 0.515013 0.064492 0.049456 0.007826 0.363212
0 0 0.781995 0.055971 0.052575 0.012760 0.096699
4 0 0.334823 0.055629 0.025517 0.002103 0.581929
0 0 0.464349 0.057670 0.029184 0.003585 0.445213
0 0 0.608400 0.149145 0.064410 0.000726 0.177319
0 0 0.666519 0.127438 0.089292 0.002164 0.114587
0 0 0.689740 0.131875 0.086174 0.001649 0.090562
0 0 0.581827 0.212703 0.181730 0.000545 0.023195
2 0 0.249461 0.171188 0.533309 0.003845 0.042196
2 0 0.368034 0.186051 0.397790 0.003087 0.045038
2 0 0.228139 0.158982 0.558902 0.005113 0.048864
2 0 0.170172 0.140211 0.645543 0.005650 0.038423
2 0 0.240941 0.156192 0.524049 0.021193 0.057624
2 0 0.182345 0.192166 0.564933 0.016430 0.044126
2 0 0.264905 0.132592 0.545890 0.010894 0.045720
2 0 0.125850 0.100742 0.725977 0.012512 0.034919
2 0 0.124502 0.150778 0.684419 0.006104 0.034197
2 0 0.047527 0.136368 0.755947 0.002464 0.057695
2 0 0.147599 0.197748 0.487060 0.001894 0.165700
2 1 0.013161 0.088660 0.816667 0.001025 0.080486
2 1 0.063463 0.184835 0.669466 0.000769 0.081467
2 1 0.008039 0.147349 0.739118 0.000081 0.105413
2 1 0.072301 0.286243 0.536689 0.000163 0.104604
0 0 0.419128 0.257479 0.282224 0.000595 0.040574
2 1 0.037871 0.303074 0.552274 0.000445 0.106336
2 1 0.122424 0.282644 0.536488 0.000282 0.058163
2 2 0.047503 0.285813 0.589065 0.000084 0.077534
2 2 0.000468 0.043864 0.944773 0.000467 0.010428
2 2 0.000443 0.072859 0.915188 0.003722 0.007787
2 2 0.000158 0.041049 0.941205 0.007111 0.010477
2 2 0.000150 0.012360 0.978613 0.001530 0.007347
2 2 0.000065 0.016475 0.973625 0.002985 0.006849
2 2 0.000000 0.000177 0.996856 0.002964 0.000003
2 2 0.000000 0.000173 0.998165 0.001655 0.000007
2 2 0.000000 0.000084 0.993301 0.006613 0.000002
2 2 0.000000 0.000084 0.996811 0.003102 0.000003
2 2 0.000000 0.000084 0.997756 0.002157 0.000003
2 2 0.000000 0.000101 0.998249 0.001647 0.000004
2 2 0.000000 0.000160 0.999038 0.000795 0.000007
2 2 0.000000 0.000099 0.996628 0.003269 0.000004
2 2 0.000000 0.000095 0.997362 0.002539 0.000005
2 2 0.000000 0.000127 0.986037 0.013831 0.000006
2 2 0.000000 0.000166 0.920282 0.079542 0.000010
2 2 0.000000 0.000150 0.866817 0.133027 0.000005
2 3 0.000000 0.000190 0.857773 0.142027 0.000010
2 3 0.000000 0.000209 0.849840 0.149940 0.000010
2 3 0.000000 0.000151 0.854102 0.145741 0.000005
3 3 0.000001 0.000371 0.468483 0.531123 0.000023
2 3 0.000000 0.000175 0.562867 0.436940 0.000018
3 3 0.000001 0.000193 0.492976 0.506813 0.000018
2 3 0.000000 0.000123 0.509475 0.490392 0.000010
2 3 0.000001 0.000361 0.583894 0.415711 0.000032
3 3 0.000000 0.000102 0.176990 0.822896 0.000011
3 3 0.000000 0.000050 0.138153 0.861793 0.000004
3 3 0.000001 0.000137 0.137710 0.862141 0.000012
3 3 0.000000 0.000075 0.116780 0.883140 0.000005
3 3 0.000000 0.000056 0.167330 0.832608 0.000006
3 3 0.000000 0.000034 0.050496 0.949466 0.000004
3 3 0.000000 0.000059 0.061029 0.938906 0.000006
3 3 0.000000 0.000049 0.050357 0.949590 0.000004
3 3 0.000001 0.000142 0.089710 0.910130 0.000017
3 3 0.000000 0.000040 0.044039 0.955917 0.000004
3 3 0.000031 0.001607 0.303794 0.694291 0.000277
3 3 0.000010 0.000641 0.197668 0.801557 0.000125
3 3 0.000013 0.000808 0.172121 0.826894 0.000163
2 2 0.038111 0.091915 0.786202 0.074909 0.008863
2 2 0.000171 0.008341 0.656926 0.333751 0.000810
2 2 0.008763 0.062520 0.912587 0.004536 0.011594
2 2 0.003243 0.020868 0.962209 0.006302 0.007378
2 2 0.002503 0.072986 0.913337 0.002071 0.009103
2 2 0.010905 0.060739 0.912821 0.001200 0.014335
2 1 0.128535 0.319709 0.540141 0.000079 0.011536
2 2 0.001401 0.115405 0.863095 0.017024 0.003075
2 2 0.000137 0.019850 0.965932 0.010140 0.003940
2 2 0.000149 0.038876 0.953147 0.003476 0.004352
2 2 0.000031 0.004746 0.984623 0.008947 0.001653
2 2 0.000219 0.011142 0.980300 0.005078 0.003260
2 2 0.000000 0.000167 0.996692 0.003138 0.000004
2 2 0.000000 0.000097 0.994145 0.005755 0.000003
2 2 0.000000 0.000229 0.998200 0.001562 0.000009
2 2 0.000000 0.000165 0.989123 0.010708 0.000004
2 2 0.000000 0.000186 0.984257 0.015550 0.000007
2 2 0.000002 0.000397 0.985819 0.013752 0.000030
2 2 0.000002 0.000499 0.971810 0.027662 0.000027
2 2 0.000012 0.001029 0.987073 0.011815 0.000071
2 3 0.000009 0.000905 0.985572 0.013450 0.000065
2 3 0.000005 0.001125 0.935079 0.063744 0.000047
2 3 0.000039 0.001784 0.577851 0.420084 0.000242
2 3 0.000021 0.000878 0.679855 0.319103 0.000143
2 3 0.000034 0.001357 0.633340 0.365057 0.000211
2 3 0.000036 0.001195 0.705620 0.292924 0.000224
3 3 0.000007 0.000741 0.470387 0.528769 0.000096
3 3 0.000001 0.000153 0.134438 0.865387 0.000021
3 3 0.000001 0.000205 0.098667 0.901102 0.000024
3 3 0.000003 0.000323 0.142763 0.856864 0.000048
3 3 0.000003 0.000194 0.133594 0.866176 0.000033
3 3 0.000000 0.000124 0.097216 0.902649 0.000011
3 3 0.000001 0.000131 0.037060 0.962790 0.000018
3 3 0.000000 0.000053 0.024874 0.975069 0.000004
3 3 0.000000 0.000047 0.019815 0.980134 0.000004
3 3 0.000001 0.000054 0.021038 0.978900 0.000007
3 3 0.000002 0.000150 0.048366 0.951461 0.000021
3 3 0.000001 0.000095 0.047758 0.952128 0.000018
3 3 0.000001 0.000088 0.029909 0.969989 0.000012
3 3 0.000000 0.000064 0.018827 0.981103 0.000006
3 3 0.000002 0.000129 0.023029 0.976826 0.000013
3 3 0.000000 0.000049 0.023934 0.976010 0.000006
2 2 0.003049 0.060293 0.874040 0.060739 0.001878
2 2 0.001654 0.034261 0.832456 0.129769 0.001860
2 2 0.002140 0.032662 0.821084 0.142182 0.001932
2 3 0.012060 0.031020 0.876196 0.076510 0.004213
2 3 0.006487 0.036328 0.860643 0.093120 0.003422
2 3 0.001111 0.018908 0.622307 0.355347 0.002327
2 3 0.004434 0.027547 0.644384 0.319842 0.003794
2 3 0.001882 0.028587 0.551317 0.415524 0.002689
2 3 0.001514 0.015655 0.588081 0.392586 0.002164
2 3 0.008524 0.048174 0.614661 0.323713 0.004928
3 3 0.054917 0.073308 0.360377 0.497380 0.014017
3 3 0.031694 0.043153 0.189319 0.727132 0.008703
3 3 0.037956 0.054551 0.196088 0.701055 0.010349
3 3 0.022309 0.042691 0.157534 0.770374 0.007092
3 3 0.021805 0.046170 0.176441 0.748731 0.006853
3 3 0.058348 0.062326 0.218555 0.646747 0.014024
3 3 0.040211 0.036930 0.154529 0.758097 0.010233
3 3 0.053346 0.068024 0.223926 0.641218 0.013485
3 3 0.038662 0.049712 0.168373 0.732439 0.010813
3 3 0.016006 0.030231 0.195098 0.752172 0.006494
3 3 0.000761 0.004258 0.078597 0.915512 0.000872
3 3 0.004820 0.007640 0.058797 0.926996 0.001748
3 3 0.002374 0.005588 0.049760 0.941293 0.000985
3 3 0.001879 0.006408 0.069446 0.921201 0.001067
3 3 0.000677 0.004028 0.061114 0.933510 0.000670
3 3 0.000802 0.002335 0.019182 0.977225 0.000456
3 3 0.000780 0.002566 0.018296 0.977884 0.000474
3 3 0.000772 0.002394 0.016002 0.980350 0.000481
3 3 0.000411 0.001036 0.012639 0.985679 0.000236
3 3 0.000421 0.001738 0.018680 0.978906 0.000256
3 3 0.006609 0.007455 0.028669 0.954379 0.002887
3 3 0.008622 0.010217 0.045671 0.932175 0.003315
3 3 0.015830 0.016707 0.089830 0.872850 0.004783
3 3 0.004161 0.006471 0.036126 0.951461 0.001781
3 3 0.001350 0.002423 0.015702 0.979798 0.000728
3 3 0.000015 0.000276 0.012548 0.987115 0.000046
3 3 0.000024 0.000328 0.015946 0.983641 0.000060
3 3 0.000019 0.000172 0.004941 0.994847 0.000022
3 3 0.000025 0.000284 0.008344 0.991310 0.000037
3 3 0.000029 0.000324 0.007056 0.992551 0.000041
3 3 0.000072 0.000270 0.004274 0.995327 0.000058
3 3 0.000163 0.000573 0.005490 0.993643 0.000131
3 3 0.000089 0.000376 0.004200 0.995256 0.000078
3 3 0.000097 0.000486 0.005362 0.993971 0.000085
3 3 0.000102 0.000372 0.004768 0.994676 0.000082
0 2 0.312061 0.225455 0.274414 0.071999 0.116072
4 2 0.034378 0.282093 0.325549 0.022785 0.335195
0 1 0.366270 0.173889 0.255172 0.019279 0.185390
1 2 0.301924 0.335379 0.298117 0.011477 0.053103
0 2 0.345748 0.323471 0.266073 0.014967 0.049741
2 2 0.137697 0.337595 0.379302 0.003070 0.142336
1 2 0.171744 0.429841 0.325450 0.003359 0.069606
1 2 0.089166 0.456772 0.349977 0.004269 0.099815
1 2 0.153164 0.433780 0.345496 0.001486 0.066074
2 2 0.007186 0.293819 0.449038 0.001205 0.248751
2 2 0.001650 0.165669 0.807396 0.005932 0.019353
2 2 0.000099 0.035922 0.947742 0.003074 0.013163
2 2 0.001663 0.113863 0.856026 0.010006 0.018442
2 2 0.000673 0.044470 0.933150 0.014217 0.007490
2 2 0.001042 0.024932 0.950756 0.013226 0.010045
2 2 0.000380 0.034208 0.916022 0.044787 0.004602
2 2 0.000018 0.006116 0.969499 0.022390 0.001977
2 2 0.000236 0.017062 0.953836 0.025979 0.002887
2 2 0.000197 0.025868 0.900583 0.069473 0.003879
2 2 0.001481 0.021537 0.919095 0.054684 0.003204
2 2 0.000148 0.046788 0.944514 0.003926 0.004624
2 2 0.000097 0.009708 0.982491 0.005777 0.001927
2 2 0.001484 0.086105 0.890421 0.015938 0.006053
2 2 0.000316 0.060477 0.928394 0.005481 0.005332
2 2 0.000065 0.004627 0.991692 0.000868 0.002748
2 2 0.004159 0.232233 0.746136 0.000171 0.017301
2 2 0.000155 0.020922 0.959059 0.000345 0.019520
2 2 0.000257 0.017040 0.961061 0.000588 0.021054
2 2 0.000645 0.039199 0.937383 0.000085 0.022687
2 2 0.001231 0.160196 0.819149 0.000198 0.019226
2 2 0.000453 0.055017 0.880954 0.000115 0.063461
2 2 0.000175 0.022909 0.915121 0.000088 0.061707
2 2 0.000303 0.048529 0.836569 0.000021 0.114577
2 2 0.000236 0.047735 0.838715 0.000027 0.113287
2 2 0.003716 0.190466 0.642230 0.000149 0.163438
2 2 0.000523 0.095576 0.481322 0.000013 0.422565
4 2 0.000911 0.089057 0.448260 0.000011 0.461761
4 2 0.001173 0.095418 0.421531 0.000035 0.481843
4 4 0.002588 0.109080 0.376765 0.000022 0.511545
4 4 0.004401 0.083162 0.361837 0.000122 0.550479
2 4 0.003364 0.202862 0.564654 0.000019 0.229100
2 4 0.001551 0.113134 0.615359 0.000016 0.269941
2 4 0.004085 0.140828 0.565984 0.000033 0.289070
2 4 0.002247 0.127076 0.594008 0.000019 0.276651
2 4 0.006790 0.220241 0.542012 0.000015 0.230942
4 4 0.004793 0.036363 0.111941 0.000240 0.846663
4 4 0.022327 0.148758 0.371722 0.000235 0.456959
4 4 0.001926 0.109005 0.284096 0.000046 0.604927
4 4 0.006391 0.119737 0.186349 0.000694 0.686829
4 4 0.004215 0.056099 0.205076 0.000151 0.734459
2 4 0.003263 0.116752 0.559460 0.000044 0.320481
2 4 0.001244 0.098326 0.509475 0.000015 0.390940
2 4 0.003485 0.097785 0.611302 0.000099 0.287328
4 4 0.003478 0.091000 0.367344 0.000063 0.538115
2 4 0.003317 0.152255 0.537639 0.000065 0.306724
4 4 0.000557 0.053604 0.240713 0.000009 0.705117
4 4 0.000515 0.048711 0.238477 0.000011 0.712286
4 4 0.000908 0.065590 0.241244 0.000010 0.692248
4 4 0.001723 0.038570 0.126052 0.000048 0.833606
4 4 0.002745 0.040640 0.071814 0.000092 0.884708
4 4 0.002095 0.084614 0.337904 0.000038 0.575348
4 4 0.002830 0.111280 0.354040 0.000021 0.531829
2 4 0.002974 0.138599 0.510657 0.000019 0.347752
4 4 0.000854 0.065793 0.398743 0.000022 0.534588
2 4 0.011889 0.204047 0.446822 0.000036 0.337205
2 4 0.001005 0.109901 0.534008 0.000008 0.355079
2 4 0.003426 0.208425 0.568490 0.000096 0.219563
2 4 0.001156 0.128352 0.568438 0.000009 0.302045
2 4 0.002352 0.190775 0.625107 0.000111 0.181656
2 2 0.003459 0.208043 0.609660 0.000122 0.178715
2 2 0.000182 0.019807 0.973993 0.001905 0.004113
2 2 0.000019 0.005094 0.992477 0.000263 0.002146
2 2 0.000484 0.029607 0.964407 0.001268 0.004234
2 2 0.000074 0.010382 0.985759 0.000993 0.002792
2 2 0.000945 0.043919 0.948186 0.002042 0.004908
2 2 0.000147 0.011793 0.984129 0.002569 0.001362
2 2 0.000711 0.026888 0.967909 0.003118 0.001373
2 2 0.024114 0.114334 0.851929 0.002202 0.007422
2 2 0.000561 0.019370 0.976786 0.000357 0.002925
2 2 0.000575 0.040598 0.955899 0.000751 0.002178
2 2 0.000028 0.009548 0.987339 0.002671 0.000414
2 2 0.000011 0.002832 0.994097 0.002468 0.000592
2 2 0.000011 0.003674 0.989395 0.006584 0.000336
2 2 0.000077 0.008326 0.978565 0.012674 0.000358
2 2 0.000041 0.005309 0.992376 0.001853 0.000421
2 2 0.000034 0.006292 0.975466 0.018021 0.000188
2 2 0.000057 0.003759 0.988974 0.006940 0.000269
2 2 0.000014 0.003124 0.979232 0.017461 0.000169
2 2 0.000043 0.003663 0.976119 0.019896 0.000280
2 2 0.000044 0.001875 0.984432 0.013348 0.000301
2 2 0.000356 0.016166 0.907380 0.074756 0.001342
2 2 0.000148 0.011357 0.954826 0.031524 0.002145
2 2 0.001201 0.016706 0.875579 0.104812 0.001701
2 2 0.000608 0.020237 0.825904 0.151399 0.001852
2 2 0.002872 0.027664 0.888203 0.077950 0.003311
2 2 0.000229 0.015889 0.915421 0.067567 0.000893
2 3 0.000562 0.019716 0.934633 0.043940 0.001149
2 3 0.000219 0.004980 0.960764 0.032798 0.001239
2 3 0.000759 0.031079 0.922624 0.043888 0.001650
2 3 0.000904 0.040225 0.875306 0.081346 0.002218
2 3 0.000822 0.018898 0.805907 0.172912 0.001461
2 3 0.000438 0.003824 0.918402 0.076643 0.000693
2 3 0.000481 0.015161 0.878528 0.104952 0.000878
2 3 0.000903 0.018151 0.895615 0.084032 0.001298
2 3 0.000787 0.012856 0.887447 0.097901 0.001008
2 3 0.008863 0.057403 0.674680 0.252921 0.006134
2 3 0.003657 0.037702 0.640058 0.312913 0.005669
2 3 0.006347 0.015889 0.795515 0.177518 0.004731
2 3 0.003500 0.028109 0.648417 0.315264 0.004709
2 3 0.007470 0.029873 0.752352 0.204448 0.005857
2 3 0.005432 0.035308 0.653850 0.300607 0.004804
2 3 0.005384 0.020542 0.711354 0.257719 0.005001
2 3 0.005550 0.024254 0.709246 0.256451 0.004500
2 3 0.004940 0.038409 0.708187 0.240674 0.007790
2 3 0.005156 0.019308 0.749636 0.220765 0.005135
2 3 0.001271 0.007929 0.707182 0.281139 0.002479
2 3 0.001610 0.026927 0.600882 0.367424 0.003158
2 3 0.004219 0.039144 0.687391 0.264187 0.005059
2 3 0.003576 0.015262 0.710203 0.266075 0.004884
2 3 0.001753 0.014730 0.655349 0.325581 0.002586
3 3 0.013822 0.028366 0.402876 0.545756 0.009181
3 3 0.002265 0.014293 0.283733 0.695300 0.004410
3 3 0.006689 0.022207 0.413694 0.551447 0.005962
3 3 0.005838 0.017015 0.367485 0.601393 0.008269
3 3 0.002394 0.017142 0.308942 0.667480 0.004042
3 3 0.002806 0.019765 0.399514 0.574138 0.003777
3 3 0.001318 0.014909 0.384295 0.597031 0.002446
3 3 0.004772 0.022998 0.352664 0.615534 0.004032
3 3 0.001026 0.010947 0.290952 0.695031 0.002044
3 3 0.002608 0.014763 0.398609 0.580903 0.003118
3 3 0.004598 0.016620 0.165541 0.809891 0.003351
3 3 0.002141 0.010905 0.150510 0.833710 0.002734
3 3 0.003495 0.016696 0.161848 0.814206 0.003756
3 3 0.002523 0.013346 0.176923 0.804246 0.002962
3 3 0.001183 0.007947 0.258444 0.729985 0.002442
3 3 0.004962 0.010535 0.102981 0.878716 0.002805
3 3 0.001583 0.009460 0.158820 0.826550 0.003587
3 3 0.001190 0.005579 0.075717 0.916195 0.001319
3 3 0.005971 0.007506 0.031750 0.952188 0.002585
3 3 0.002764 0.008735 0.131518 0.854439 0.002544
2 3 0.016614 0.116258 0.591739 0.146063 0.129327
0 1 0.444464 0.173334 0.289858 0.034457 0.057886
2 2 0.017254 0.061174 0.721263 0.071834 0.128474
2 2 0.031745 0.227832 0.529619 0.023833 0.186972
2 1 0.283128 0.136431 0.406576 0.012591 0.161274
2 1 0.144026 0.207213 0.596615 0.002506 0.049640
2 2 0.016267 0.229714 0.632437 0.002009 0.119573
2 2 0.002373 0.116004 0.798710 0.004002 0.078911
2 2 0.001884 0.032885 0.911949 0.001137 0.052145
2 2 0.015405 0.215548 0.708345 0.000923 0.059779
2 2 0.016266 0.170522 0.778078 0.002409 0.032723
2 2 0.004221 0.248856 0.701525 0.003571 0.041828
2 2 0.001220 0.052275 0.900997 0.001953 0.043555
2 2 0.000975 0.043308 0.908735 0.002208 0.044773
2 2 0.000253 0.032043 0.938674 0.000882 0.028149
2 2 0.000460 0.023804 0.971359 0.001818 0.002560
2 2 0.000412 0.043457 0.949344 0.001492 0.005296
2 2 0.000482 0.025237 0.967045 0.000709 0.006527
2 2 0.000188 0.033401 0.959473 0.001865 0.005073
2 2 0.000224 0.011895 0.983172 0.000464 0.004245
2 2 0.000121 0.007152 0.991428 0.000459 0.000839
2 2 0.000589 0.031093 0.964423 0.002302 0.001593
2 2 0.000016 0.002255 0.996588 0.000505 0.000636
2 2 0.000055 0.002789 0.995608 0.001027 0.000520
2 2 0.013109 0.182752 0.799341 0.000350 0.004448
2 2 0.003076 0.067673 0.927139 0.000035 0.002077
2 2 0.001693 0.039479 0.956930 0.000079 0.001820
2 2 0.020408 0.120350 0.851699 0.000200 0.007343
2 2 0.001097 0.044474 0.952105 0.000030 0.002294
2 2 0.000773 0.034445 0.962313 0.000042 0.002427
2 2 0.001689 0.035629 0.951177 0.000320 0.011186
2 2 0.000305 0.023831 0.961103 0.000090 0.014670
2 2 0.003845 0.039214 0.934156 0.001257 0.021528
2 2 0.000818 0.025237 0.951707 0.000459 0.021779
2 2 0.002018 0.093900 0.893624 0.000084 0.010373
2 2 0.000243 0.011286 0.974539 0.000717 0.013215
2 2 0.014237 0.069701 0.895594 0.001337 0.019131
2 2 0.152821 0.180454 0.612635 0.002201 0.051889
0 1 0.371968 0.265073 0.340667 0.002113 0.020179
2 2 0.027569 0.236252 0.720521 0.001159 0.014499
2 2 0.007533 0.231926 0.751010 0.000116 0.009416
2 2 0.013771 0.129711 0.843372 0.000113 0.013032
2 2 0.001864 0.127127 0.857266 0.000005 0.013738
2 2 0.001548 0.072698 0.916077 0.000022 0.009655
2 2 0.003275 0.067612 0.918881 0.000098 0.010134
2 2 0.000006 0.002637 0.996592 0.000259 0.000506
2 2 0.000105 0.024157 0.972711 0.000725 0.002302
2 2 0.000026 0.002870 0.996169 0.000312 0.000622
2 2 0.003082 0.036599 0.955310 0.000460 0.004550
2 2 0.000011 0.004535 0.994356 0.000382 0.000717
2 2 0.000041 0.004670 0.993355 0.000231 0.001703
2 2 0.000127 0.014689 0.982499 0.000075 0.002610
2 2 0.000016 0.002480 0.996086 0.000315 0.001104
2 2 0.000036 0.005775 0.992481 0.000360 0.001348
2 2 0.002802 0.022568 0.967986 0.002026 0.004619
2 2 0.000544 0.102227 0.894910 0.000384 0.001935
2 2 0.000283 0.017137 0.977133 0.000531 0.004916
2 2 0.000207 0.059977 0.936528 0.000120 0.003167
2 2 0.000004 0.001564 0.997398 0.000538 0.000496
2 2 0.000026 0.002768 0.995936 0.000407 0.000863
2 2 0.000014 0.002181 0.996208 0.000418 0.001178
2 2 0.000151 0.025771 0.970382 0.001921 0.001776
2 2 0.000003 0.005068 0.992393 0.001409 0.001127
2 2 0.000009 0.002275 0.996351 0.000473 0.000893
2 2 0.002820 0.087827 0.901212 0.002599 0.005543
2 2 0.004254 0.152958 0.826843 0.000198 0.015747
2 2 0.001255 0.047846 0.935066 0.000722 0.015110
2 2 0.000178 0.039592 0.944608 0.000079 0.015544
2 2 0.000504 0.011738 0.977097 0.001651 0.009010
2 2 0.003280 0.187912 0.784859 0.000374 0.023576
2 2 0.000542 0.039044 0.930645 0.000064 0.029706
2 2 0.001209 0.060388 0.918550 0.000349 0.019504
2 2 0.000161 0.014939 0.971584 0.000145 0.013171
2 2 0.021395 0.271757 0.668993 0.000087 0.037767
2 2 0.010114 0.171849 0.787829 0.000039 0.030169
0 1 0.548730 0.230840 0.192424 0.001122 0.026884
2 2 0.013503 0.271827 0.654725 0.019641 0.040305
2 2 0.007870 0.178605 0.734561 0.029459 0.049505
2 2 0.003036 0.063336 0.868189 0.003633 0.061805
2 2 0.004546 0.042901 0.897952 0.022573 0.032027
2 2 0.000050 0.004934 0.993786 0.000644 0.000587
2 2 0.000005 0.002517 0.996639 0.000648 0.000191
2 2 0.000004 0.001558 0.997625 0.000551 0.000262
2 2 0.000063 0.021875 0.976365 0.000211 0.001485
2 2 0.000004 0.002045 0.997305 0.000374 0.000272
2 2 0.000002 0.000881 0.998844 0.000090 0.000183
2 2 0.000013 0.007197 0.992001 0.000349 0.000439
2 2 0.000002 0.000854 0.998680 0.000309 0.000155
2 2 0.000001 0.000793 0.999036 0.000053 0.000117
2 2 0.000006 0.004891 0.994297 0.000220 0.000586
2 2 0.000000 0.000226 0.999436 0.000320 0.000018
2 2 0.000000 0.000167 0.993830 0.005995 0.000008
2 2 0.000000 0.000219 0.995729 0.004041 0.000010
2 2 0.000000 0.000258 0.983351 0.016384 0.000007
2 2 0.000002 0.000640 0.998649 0.000672 0.000037
2 2 0.000014 0.001573 0.986482 0.011517 0.000414
2 2 0.000013 0.002953 0.987974 0.008631 0.000430
2 2 0.000035 0.005328 0.985267 0.008699 0.000670
2 2 0.000163 0.014301 0.977505 0.006200 0.001831
2 2 0.000032 0.005986 0.977721 0.015953 0.000308
2 2 0.000011 0.003424 0.996139 0.000082 0.000344
2 2 0.000009 0.003933 0.994772 0.001005 0.000281
2 2 0.000066 0.009475 0.989921 0.000064 0.000474
2 2 0.000003 0.001467 0.998222 0.000093 0.000215
2 2 0.000068 0.008481 0.990388 0.000570 0.000493
2 2 0.000002 0.002149 0.991185 0.006625 0.000038
2 2 0.000006 0.001230 0.997399 0.001262 0.000104
2 2 0.000000 0.000388 0.988758 0.010842 0.000011
2 2 0.000000 0.000230 0.996298 0.003457 0.000015
2 2 0.000000 0.000526 0.994461 0.004987 0.000026
2 2 0.000000 0.000222 0.987205 0.012564 0.000009
2 2 0.000000 0.000359 0.990122 0.009493 0.000025
2 2 0.000000 0.000400 0.977904 0.021681 0.000014
2 2 0.000000 0.000235 0.989352 0.010400 0.000012
2 2 0.000000 0.000294 0.988463 0.011232 0.000011
2 2 0.000025 0.003158 0.888244 0.108354 0.000219
2 2 0.000034 0.001636 0.961804 0.036189 0.000337
2 2 0.000317 0.006653 0.933877 0.058476 0.000677
2 2 0.000149 0.006041 0.951504 0.041864 0.000442
2 2 0.000101 0.004081 0.944381 0.050875 0.000561
2 2 0.000013 0.001994 0.944115 0.053710 0.000167
2 3 0.000036 0.004132 0.982250 0.013051 0.000531
2 3 0.000023 0.005125 0.973818 0.020826 0.000208
2 3 0.000003 0.000759 0.980321 0.018786 0.000131
2 3 0.000037 0.003331 0.937701 0.058671 0.000261
2 3 0.000015 0.001189 0.828450 0.170144 0.000202
2 3 0.000107 0.005310 0.893657 0.100458 0.000468
2 3 0.000136 0.002790 0.859542 0.136976 0.000556
2 3 0.000085 0.004130 0.848161 0.147195 0.000430
2 3 0.000057 0.004857 0.795113 0.199613 0.000360
2 3 0.000011 0.001646 0.660233 0.337944 0.000166
2 3 0.000014 0.001481 0.609634 0.388752 0.000120
2 3 0.000070 0.003164 0.764918 0.231603 0.000245
2 3 0.000007 0.000710 0.650254 0.348933 0.000095
2 3 0.000012 0.001011 0.508906 0.489957 0.000114
3 3 0.000022 0.000845 0.443170 0.555734 0.000229
3 3 0.000013 0.001010 0.314256 0.684569 0.000151
3 3 0.000016 0.000803 0.432739 0.566224 0.000218
2 3 0.000155 0.003586 0.520500 0.475234 0.000525
3 3 0.000027 0.001395 0.416400 0.581879 0.000298
2 3 0.011866 0.045879 0.908341 0.010051 0.023862
2 3 0.012054 0.045991 0.901058 0.012856 0.028041
2 3 0.036621 0.035399 0.857270 0.052291 0.018420
0 0 0.458880 0.270108 0.233280 0.003365 0.034367
2 0 0.238095 0.153009 0.539250 0.028937 0.040709
0 0 0.587907 0.210980 0.174967 0.000558 0.025588
0 0 0.564192 0.243424 0.145344 0.000315 0.046725
0 0 0.677494 0.151819 0.123270 0.001421 0.045996
0 0 0.428529 0.194431 0.223297 0.002098 0.151646
4 0 0.145324 0.151779 0.138350 0.000659 0.563887
2 0 0.120543 0.265063 0.491316 0.000440 0.122637
2 0 0.189292 0.336130 0.418337 0.000187 0.056053
2 0 0.140954 0.321533 0.437617 0.000208 0.099689
2 0 0.044585 0.248663 0.510521 0.000155 0.196076
2 1 0.031955 0.377038 0.499600 0.000053 0.091354
4 1 0.006149 0.187840 0.315717 0.000010 0.490284
4 1 0.000917 0.050757 0.243939 0.000025 0.704361
4 0 0.062912 0.092748 0.193575 0.001898 0.648868
4 0 0.098981 0.178268 0.160000 0.000281 0.562469
2 0 0.118394 0.239476 0.328723 0.000450 0.312957
0 0 0.393025 0.235487 0.337199 0.000931 0.033359
2 0 0.246293 0.201281 0.431413 0.002606 0.118407
2 0 0.112357 0.313326 0.508141 0.000168 0.066009
2 0 0.267277 0.301665 0.394628 0.000319 0.036111
2 0 0.200286 0.327092 0.423514 0.000212 0.048895
2 0 0.236010 0.295152 0.447333 0.000266 0.021238
2 0 0.149730 0.293846 0.516387 0.000253 0.039784
2 0 0.214488 0.294446 0.470024 0.000251 0.020791
2 0 0.205808 0.330116 0.439965 0.000153 0.023958
2 0 0.152457 0.375694 0.444576 0.000073 0.027200
2 0 0.017204 0.223074 0.716395 0.000039 0.043288
2 0 0.076958 0.294173 0.583317 0.000119 0.045432
2 0 0.017860 0.286021 0.642774 0.000016 0.053328
2 0 0.043722 0.330066 0.582845 0.000032 0.043335
2 1 0.054757 0.332670 0.563037 0.000045 0.049492
2 1 0.060095 0.416779 0.442733 0.000202 0.080192
1 1 0.103593 0.429611 0.392814 0.000032 0.073950
1 1 0.101922 0.443872 0.397209 0.000039 0.056959
2 1 0.061127 0.416148 0.431885 0.000021 0.090818
2 2 0.062075 0.291189 0.502909 0.000172 0.143655
2 1 0.031566 0.388197 0.470683 0.000012 0.109541
2 1 0.021468 0.326345 0.530352 0.000016 0.121818
1 1 0.196203 0.406416 0.319221 0.000371 0.077789
2 1 0.039058 0.343428 0.455426 0.000030 0.162058
2 1 0.014096 0.309401 0.539785 0.000011 0.136707
2 1 0.011529 0.308753 0.556156 0.000008 0.123555
2 1 0.034121 0.416913 0.476678 0.000057 0.072231
2 1 0.012845 0.336389 0.563368 0.000045 0.087352
2 2 0.003517 0.287837 0.581264 0.000015 0.127368
2 2 0.001395 0.183856 0.569919 0.000005 0.244825
2 2 0.000243 0.042711 0.913820 0.000026 0.043199
2 2 0.000234 0.075385 0.872244 0.000035 0.052103
2 2 0.000240 0.053355 0.911851 0.000038 0.034515
2 2 0.000565 0.064916 0.902896 0.000026 0.031596
2 2 0.000182 0.049340 0.902671 0.000047 0.047760
2 2 0.000034 0.031602 0.959989 0.000168 0.008208
2 2 0.000046 0.011457 0.981961 0.001561 0.004975
2 2 0.000053 0.007219 0.986786 0.001426 0.004517
2 2 0.000047 0.010062 0.983293 0.000363 0.006235
2 2 0.000027 0.014584 0.979626 0.000241 0.005522
2 2 0.000004 0.004801 0.993873 0.000526 0.000797
2 2 0.000018 0.003769 0.994412 0.000799 0.001002
2 2 0.000004 0.001880 0.997427 0.000188 0.000502
2 2 0.000257 0.015328 0.981113 0.000124 0.003178
2 2 0.000211 0.078446 0.916914 0.000039 0.004390
2 2 0.000171 0.050899 0.908332 0.000006 0.040591
2 2 0.000095 0.025550 0.950862 0.000014 0.023479
2 2 0.000370 0.028993 0.951545 0.000074 0.019018
2 2 0.000507 0.075115 0.892328 0.000031 0.032019
2 2 0.000291 0.036470 0.935215 0.000059 0.027965
2 2 0.000000 0.000414 0.997621 0.001940 0.000025
2 2 0.000001 0.001597 0.997465 0.000894 0.000044
2 2 0.000007 0.002463 0.997059 0.000392 0.000078
2 2 0.000000 0.000571 0.998355 0.001008 0.000066
2 2 0.000001 0.000800 0.998581 0.000560 0.000057
2 2 0.000000 0.000172 0.996120 0.003699 0.000009
2 2 0.000000 0.000306 0.989637 0.010051 0.000006
2 2 0.000000 0.000152 0.981543 0.018300 0.000005
2 2 0.000000 0.000079 0.987511 0.012407 0.000003
2 2 0.000000 0.000221 0.981481 0.018286 0.000012
2 2 0.000001 0.000703 0.989740 0.009498 0.000058
2 2 0.000025 0.002624 0.996634 0.000469 0.000249
2 2 0.000000 0.000571 0.996586 0.002805 0.000038
2 2 0.000000 0.000285 0.996432 0.003260 0.000022
2 2 0.000000 0.000299 0.990886 0.008790 0.000025
2 2 0.000001 0.001900 0.997892 0.000143 0.000064
2 2 0.000000 0.000422 0.999273 0.000279 0.000024
2 2 0.000001 0.000229 0.998514 0.001239 0.000016
2 2 0.000000 0.000094 0.998647 0.001254 0.000006
2 2 0.000000 0.000145 0.998884 0.000963 0.000008
2 2 0.000758 0.023919 0.942763 0.000696 0.031864
2 2 0.000273 0.023419 0.952065 0.000105 0.024139
2 2 0.007706 0.105975 0.862690 0.000348 0.023281
2 2 0.000233 0.073430 0.881662 0.000064 0.044610
2 2 0.001151 0.045340 0.919046 0.001068 0.033395
2 2 0.000001 0.000895 0.998469 0.000559 0.000075
2 2 0.000002 0.000675 0.998986 0.000267 0.000070
2 2 0.000003 0.000725 0.998873 0.000309 0.000090
2 2 0.000117 0.018525 0.980470 0.000318 0.000570
2 2 0.000010 0.011245 0.988272 0.000133 0.000339
2 2 0.001478 0.129050 0.788523 0.000008 0.080942
2 2 0.000809 0.061935 0.897536 0.000238 0.039482
2 2 0.001936 0.082371 0.857359 0.000053 0.058281
2 2 0.006193 0.167743 0.780629 0.000024 0.045412
2 2 0.017054 0.215301 0.724377 0.000044 0.043223
2 1 0.044252 0.273779 0.589326 0.000096 0.092547
2 1 0.112293 0.386500 0.441421 0.000059 0.059727
2 1 0.029626 0.284597 0.547391 0.000048 0.138337
2 1 0.020347 0.255949 0.572782 0.000043 0.150878
2 1 0.011198 0.287770 0.563475 0.000148 0.137410
2 2 0.006985 0.194770 0.503077 0.000021 0.295146
2 2 0.013186 0.293323 0.484877 0.000012 0.208603
2 1 0.053160 0.318257 0.496322 0.000068 0.132193
2 1 0.034071 0.353875 0.434768 0.000021 0.177265
0 0 0.378866 0.314595 0.172580 0.000189 0.133770
2 0 0.072425 0.223373 0.678696 0.000261 0.025245
2 0 0.057306 0.164590 0.760477 0.000494 0.017133
2 0 0.015554 0.090516 0.873613 0.000627 0.019690
2 0 0.108988 0.195867 0.675151 0.000661 0.019332
2 0 0.233156 0.273620 0.467641 0.000407 0.025176
2 0 0.062989 0.131655 0.707901 0.002872 0.094584
2 0 0.028156 0.169703 0.738490 0.000288 0.063363
2 0 0.291770 0.298742 0.378356 0.001247 0.029885
2 1 0.038903 0.348392 0.568921 0.000482 0.043302
2 1 0.034371 0.184851 0.748391 0.000206 0.032180
2 1 0.010493 0.331405 0.515152 0.000015 0.142934
2 1 0.014828 0.349753 0.530569 0.000057 0.104794
2 2 0.001985 0.158932 0.623807 0.000016 0.215261
2 2 0.002944 0.158887 0.591879 0.000013 0.246277
2 2 0.008517 0.253455 0.568157 0.000049 0.169821
2 2 0.000748 0.129955 0.805215 0.000129 0.063953
2 2 0.000688 0.103228 0.847077 0.000211 0.048796
2 2 0.000164 0.024906 0.921441 0.000056 0.053432
2 2 0.000211 0.043244 0.898251 0.000204 0.058089
2 2 0.001353 0.106357 0.838960 0.000036 0.053294
2 2 0.000611 0.039185 0.954195 0.000135 0.005875
2 2 0.002415 0.152960 0.830575 0.000016 0.014036
2 2 0.000441 0.053184 0.931976 0.000023 0.014376
2 2 0.000408 0.059553 0.929764 0.000005 0.010270
2 2 0.000051 0.008194 0.986009 0.000102 0.005644
2 2 0.000000 0.000575 0.998154 0.001249 0.000022
2 2 0.000000 0.000182 0.998941 0.000862 0.000014
2 2 0.000002 0.000759 0.998938 0.000246 0.000056
2 2 0.000000 0.000697 0.998098 0.001180 0.000025
2 2 0.000000 0.000161 0.997468 0.002361 0.000010
2 2 0.000000 0.000554 0.995758 0.003664 0.000024
2 2 0.000000 0.000390 0.996579 0.003015 0.000016
2 2 0.000000 0.000307 0.999113 0.000553 0.000028
2 2 0.000000 0.000352 0.999087 0.000526 0.000034
2 2 0.000001 0.001029 0.996464 0.002461 0.000046
2 2 0.019618 0.272380 0.625234 0.000028 0.082741
1 1 0.173293 0.432630 0.362270 0.000037 0.031769
2 2 0.040090 0.392714 0.518152 0.000013 0.049032
2 2 0.031450 0.288703 0.588127 0.000046 0.091674
2 2 0.030795 0.295444 0.599078 0.000038 0.074646
2 1 0.011082 0.270965 0.675402 0.000009 0.042542
2 1 0.008831 0.257956 0.666654 0.000009 0.066550
2 2 0.001397 0.137376 0.798377 0.000005 0.062845
2 2 0.002051 0.147836 0.773166 0.000013 0.076934
2 2 0.000837 0.045045 0.928451 0.000073 0.025595
2 2 0.004097 0.191195 0.776421 0.000158 0.028129
2 2 0.000110 0.013678 0.974847 0.000192 0.011172
2 2 0.000150 0.036100 0.949973 0.000102 0.013675
2 2 0.000189 0.019166 0.968060 0.000079 0.012507
2 2 0.000049 0.028732 0.954664 0.000223 0.016332
2 2 0.000003 0.000929 0.998764 0.000173 0.000131
2 2 0.000000 0.002119 0.996808 0.001004 0.000068
2 2 0.000000 0.000773 0.998582 0.000588 0.000057
2 2 0.000001 0.000619 0.998334 0.001004 0.000042
2 2 0.000000 0.000412 0.998945 0.000616 0.000025
2 2 0.000002 0.000913 0.998645 0.000268 0.000173
2 2 0.000005 0.001107 0.996808 0.001820 0.000260
2 2 0.000002 0.001258 0.995129 0.003425 0.000185
2 2 0.000004 0.001493 0.997510 0.000768 0.000225
2 2 0.000001 0.001267 0.995392 0.003197 0.000143
2 2 0.000000 0.000191 0.984666 0.015141 0.000002
2 2 0.000000 0.000046 0.996684 0.003268 0.000001
2 2 0.000000 0.000053 0.988637 0.011309 0.000001
2 2 0.000000 0.000045 0.994474 0.005479 0.000001
2 2 0.000000 0.000038 0.987700 0.012261 0.000001
2 2 0.000002 0.001541 0.964081 0.034188 0.000188
2 2 0.000006 0.001692 0.991933 0.005941 0.000428
2 2 0.000003 0.002513 0.987641 0.009458 0.000385
2 2 0.000002 0.001432 0.985155 0.013060 0.000351
2 2 0.000002 0.001144 0.988934 0.009636 0.000284
4 2 0.000456 0.020702 0.280585 0.000207 0.698050
4 2 0.001656 0.038245 0.101548 0.001065 0.857487
4 4 0.002206 0.034638 0.100308 0.000182 0.862666
4 4 0.002826 0.029738 0.101908 0.000372 0.865156
4 4 0.008293 0.030497 0.057727 0.000526 0.902956
4 4 0.001319 0.042953 0.190383 0.000049 0.765297
4 4 0.000432 0.016083 0.059865 0.000020 0.923600
4 4 0.001092 0.019586 0.047683 0.000030 0.931610
4 4 0.000915 0.023288 0.060666 0.000021 0.915110
4 4 0.004577 0.016458 0.018345 0.000075 0.960545
4 4 0.022696 0.101995 0.078147 0.000045 0.797116
4 4 0.015678 0.196120 0.183704 0.000014 0.604484
4 1 0.104360 0.211826 0.261233 0.000407 0.422174
4 1 0.001993 0.163279 0.229999 0.000001 0.604727
4 2 0.001481 0.123533 0.254335 0.000003 0.620647
4 2 0.000804 0.021207 0.080415 0.000041 0.897533
4 4 0.000943 0.010206 0.018455 0.000029 0.970368
4 4 0.001074 0.017154 0.053168 0.000057 0.928548
4 4 0.001396 0.011290 0.017333 0.000034 0.969947
4 4 0.001154 0.011036 0.018775 0.000034 0.969000
4 4 0.000540 0.007213 0.010150 0.000011 0.982087
4 4 0.001600 0.011574 0.016379 0.000035 0.970412
4 4 0.001685 0.010923 0.012771 0.000027 0.974593
4 4 0.000686 0.008953 0.016441 0.000021 0.973899
4 4 0.002562 0.013058 0.015182 0.000043 0.969155
4 4 0.003752 0.013312 0.010961 0.000038 0.971938
4 4 0.003304 0.013622 0.013493 0.000044 0.969538
4 4 0.003236 0.012888 0.011431 0.000036 0.972409
4 4 0.004117 0.014534 0.013412 0.000050 0.967888
4 4 0.002473 0.012051 0.012002 0.000032 0.973442
4 4 0.001993 0.012505 0.016980 0.000041 0.968481
4 4 0.000793 0.012111 0.039892 0.000061 0.947143
4 4 0.002610 0.013549 0.016882 0.000049 0.966910
4 4 0.001594 0.012247 0.019926 0.000043 0.966190
4 4 0.000721 0.025074 0.059896 0.000011 0.914299
4 4 0.000919 0.013283 0.047234 0.000080 0.938484
4 4 0.000478 0.026010 0.115489 0.000019 0.858005
4 4 0.002980 0.017685 0.017425 0.000027 0.961883
4 4 0.002043 0.016259 0.032560 0.000070 0.949068
4 4 0.008927 0.022636 0.027482 0.000178 0.940776
4 4 0.001887 0.011713 0.014389 0.000033 0.971978
4 4 0.007103 0.018502 0.017403 0.000093 0.956899
4 4 0.004193 0.015482 0.016305 0.000063 0.963957
4 4 0.001497 0.010563 0.012881 0.000026 0.975034
4 4 0.004382 0.015710 0.016374 0.000065 0.963469
4 4 0.000645 0.009875 0.024469 0.000031 0.964980
4 4 0.003145 0.015970 0.024402 0.000082 0.956401
4 4 0.000957 0.010422 0.019520 0.000031 0.969070
4 4 0.004236 0.013989 0.011450 0.000043 0.970282
4 4 0.000959 0.010906 0.022722 0.000036 0.965376
4 4 0.004407 0.015222 0.014626 0.000057 0.965687
4 4 0.003322 0.014654 0.017188 0.000057 0.964778
4 4 0.005799 0.017233 0.016823 0.000079 0.960066
4 4 0.002627 0.012608 0.013144 0.000037 0.971584
4 4 0.004037 0.013176 0.009826 0.000035 0.972926
4 4 0.002757 0.013163 0.014465 0.000042 0.969572
4 4 0.001034 0.010163 0.016535 0.000027 0.972241
4 4 0.000871 0.008518 0.010870 0.000015 0.979727
4 4 0.001305 0.010625 0.015120 0.000028 0.972922
4 4 0.001436 0.009978 0.011087 0.000021 0.977478
4 4 0.002538 0.013961 0.019241 0.000055 0.964204
4 4 0.003209 0.013107 0.012204 0.000039 0.971442
4 4 0.005713 0.016920 0.016052 0.000074 0.961241
4 4 0.001823 0.010402 0.009991 0.000022 0.977763
4 4 0.004142 0.014474 0.013142 0.000049 0.968194
4 4 0.002169 0.013455 0.019961 0.000052 0.964363
4 4 0.002478 0.010779 0.008232 0.000021 0.978490
4 4 0.000517 0.009154 0.023758 0.000026 0.966545
4 4 0.004262 0.012961 0.008799 0.000032 0.973946
4 4 0.003620 0.013743 0.012661 0.000043 0.969934
2 4 0.000865 0.110104 0.510128 0.000006 0.378897
2 4 0.000738 0.097700 0.551654 0.000007 0.349901
2 4 0.000409 0.078148 0.487447 0.000005 0.433991
2 4 0.001781 0.087249 0.472717 0.000037 0.438217
2 4 0.001353 0.101174 0.523494 0.000016 0.373963
2 4 0.004841 0.166372 0.653714 0.000025 0.175049
