0 0 0.583369 0.009192 0.016743 0.002777 0.387919
0 0 0.959850 0.001107 0.002083 0.000962 0.035998
0 0 0.953501 0.004955 0.004642 0.000476 0.036425
0 0 0.952798 0.002757 0.002973 0.000887 0.040586
0 0 0.962153 0.000833 0.001882 0.000944 0.034188
0 0 0.962953 0.001328 0.001776 0.000644 0.033299
0 0 0.958545 0.001076 0.002211 0.001093 0.037074
0 0 0.923708 0.001569 0.004304 0.002213 0.068205
0 0 0.935940 0.000896 0.004697 0.004899 0.053568
0 0 0.956062 0.000878 0.002467 0.001508 0.039085
0 0 0.760488 0.001900 0.006463 0.001358 0.229791
0 0 0.949754 0.000547 0.001427 0.000436 0.047837
0 0 0.972025 0.000982 0.001053 0.000294 0.025646
0 0 0.709447 0.003466 0.002423 0.000073 0.284591
0 0 0.965339 0.000956 0.001591 0.000638 0.031476
4 0 0.459193 0.009168 0.029254 0.001363 0.501022
4 0 0.223921 0.020714 0.031908 0.003208 0.720249
4 0 0.385899 0.059472 0.067946 0.019147 0.467536
4 0 0.327730 0.059219 0.052481 0.008332 0.552238
0 0 0.525459 0.079090 0.028718 0.000595 0.366138
4 0 0.276906 0.121158 0.172988 0.147157 0.281791
0 0 0.497212 0.145186 0.128271 0.058725 0.170606
4 0 0.148330 0.036186 0.141001 0.088152 0.586331
0 0 0.704565 0.124495 0.063528 0.005533 0.101878
4 0 0.330799 0.030980 0.106735 0.075172 0.456314
4 0 0.149634 0.074681 0.214360 0.242768 0.318557
0 0 0.500894 0.119956 0.138588 0.079189 0.161374
0 0 0.543183 0.094816 0.209021 0.026734 0.126247
0 0 0.400281 0.135209 0.203309 0.115930 0.145271
3 0 0.232325 0.043807 0.183296 0.370994 0.169578
0 0 0.683237 0.145727 0.058448 0.006052 0.106535
0 0 0.633902 0.060621 0.067011 0.057324 0.181142
0 0 0.721137 0.127955 0.053662 0.003807 0.093438
0 0 0.484099 0.126888 0.062298 0.016456 0.310259
0 0 0.575566 0.075302 0.104665 0.055512 0.188955
0 0 0.521569 0.205795 0.133269 0.015480 0.123887
0 1 0.380329 0.140275 0.157913 0.062268 0.259215
0 1 0.490627 0.161836 0.161721 0.037441 0.148375
0 2 0.413488 0.125798 0.198746 0.095123 0.166846
4 2 0.275232 0.136304 0.220079 0.039252 0.329133
2 2 0.031320 0.176313 0.727260 0.051116 0.013990
2 2 0.013845 0.117751 0.840308 0.022826 0.005270
2 2 0.026279 0.162113 0.764153 0.036326 0.011128
2 2 0.002286 0.017859 0.971411 0.006370 0.002074
2 2 0.051850 0.198063 0.737142 0.002319 0.010625
2 2 0.015352 0.125065 0.792660 0.060405 0.006519
2 2 0.017247 0.038758 0.933168 0.006845 0.003981
2 2 0.045905 0.200664 0.623573 0.106735 0.023123
2 2 0.027497 0.164898 0.767999 0.028387 0.011219
2 2 0.011342 0.032450 0.942392 0.007125 0.006691
2 2 0.018312 0.078257 0.876022 0.020921 0.006488
2 2 0.021831 0.104011 0.865504 0.004029 0.004624
2 2 0.036631 0.117262 0.828329 0.009241 0.008536
2 2 0.007678 0.034046 0.951238 0.003343 0.003695
2 2 0.001956 0.019284 0.972591 0.003122 0.003046
2 2 0.001096 0.009231 0.972315 0.016812 0.000546
2 2 0.004959 0.010197 0.964595 0.018856 0.001393
2 2 0.001368 0.005924 0.954922 0.037162 0.000625
2 2 0.066664 0.224700 0.685306 0.009655 0.013674
2 2 0.020991 0.073859 0.869517 0.028129 0.007503
2 2 0.001096 0.011505 0.981039 0.004198 0.002163
2 1 0.078755 0.230305 0.676025 0.001466 0.013448
2 2 0.008206 0.088177 0.893171 0.007758 0.002688
2 2 0.017772 0.134319 0.798069 0.042471 0.007369
2 2 0.014093 0.038989 0.936023 0.007065 0.003830
2 2 0.003795 0.022919 0.970521 0.000942 0.001823
2 2 0.000961 0.011740 0.982642 0.003665 0.000992
2 2 0.010137 0.059519 0.901972 0.024797 0.003575
2 2 0.011472 0.082019 0.895645 0.007829 0.003035
2 2 0.000656 0.004497 0.972869 0.021643 0.000334
2 2 0.007234 0.013101 0.800494 0.176465 0.002706
2 2 0.005819 0.007784 0.910498 0.074249 0.001650
2 2 0.002109 0.005305 0.858580 0.133328 0.000678
2 2 0.002219 0.004866 0.848180 0.144020 0.000716
2 3 0.001810 0.002859 0.799855 0.194662 0.000814
3 3 0.003427 0.005474 0.423824 0.565799 0.001476
2 3 0.006331 0.005909 0.697165 0.288232 0.002363
2 3 0.000917 0.001675 0.595327 0.401769 0.000311
3 3 0.002044 0.002705 0.404316 0.590109 0.000827
3 3 0.001397 0.002228 0.426628 0.569205 0.000543
3 3 0.002302 0.002587 0.376620 0.617544 0.000948
3 3 0.001142 0.001366 0.239807 0.757198 0.000488
3 3 0.001800 0.001896 0.201385 0.794084 0.000834
3 3 0.000774 0.000838 0.118240 0.879780 0.000368
3 3 0.000739 0.000874 0.080568 0.917436 0.000382
3 3 0.001858 0.002522 0.350537 0.644309 0.000774
3 3 0.000783 0.001300 0.187513 0.810054 0.000350
3 3 0.004175 0.010698 0.339868 0.643226 0.002034
3 3 0.022159 0.047406 0.367897 0.550068 0.012470
2 3 0.029678 0.081202 0.554776 0.322221 0.012123
2 3 0.009150 0.017998 0.756801 0.212404 0.003646
2 3 0.002171 0.005020 0.858891 0.133223 0.000695
2 3 0.010844 0.013280 0.833708 0.138302 0.003866
2 3 0.001793 0.004356 0.886440 0.106863 0.000549
2 3 0.003885 0.005402 0.708763 0.280537 0.001414
3 3 0.004067 0.004939 0.481990 0.507324 0.001680
3 3 0.002324 0.002569 0.416155 0.578022 0.000931
3 3 0.001140 0.001679 0.373026 0.623710 0.000445
3 3 0.001668 0.002304 0.211975 0.783276 0.000776
3 3 0.000837 0.001042 0.162818 0.834924 0.000379
3 3 0.001271 0.001311 0.162271 0.834555 0.000593
3 3 0.002695 0.001705 0.143363 0.850890 0.001348
3 3 0.000676 0.000776 0.096222 0.901994 0.000332
3 3 0.001183 0.000968 0.103317 0.893940 0.000592
3 3 0.000878 0.000809 0.157450 0.840472 0.000391
3 3 0.000513 0.000430 0.056338 0.942453 0.000266
3 3 0.000584 0.000639 0.073802 0.924678 0.000298
3 3 0.001356 0.001179 0.150588 0.846239 0.000638
3 3 0.003534 0.004536 0.089019 0.900753 0.002157
2 3 0.082799 0.088881 0.491244 0.312464 0.024612
2 2 0.006097 0.013226 0.898418 0.078435 0.003824
2 2 0.023044 0.115093 0.675177 0.175508 0.011178
2 2 0.005031 0.009021 0.866394 0.117844 0.001710
2 2 0.002567 0.006279 0.877959 0.112370 0.000825
2 2 0.010997 0.042997 0.703309 0.237810 0.004886
2 2 0.018190 0.033904 0.902086 0.040075 0.005746
2 2 0.001998 0.012936 0.940837 0.042734 0.001495
2 2 0.003494 0.016484 0.942471 0.032865 0.004686
2 2 0.024651 0.076971 0.856880 0.033803 0.007695
2 2 0.006506 0.020991 0.934630 0.035753 0.002120
2 2 0.002549 0.006077 0.965759 0.024628 0.000987
2 2 0.032589 0.174692 0.731759 0.049605 0.011355
2 2 0.047317 0.075220 0.833405 0.033636 0.010423
2 2 0.004053 0.024592 0.940182 0.029872 0.001301
2 2 0.003787 0.008173 0.919872 0.066979 0.001188
2 2 0.081301 0.077722 0.813558 0.012433 0.014986
2 2 0.037428 0.189658 0.712724 0.044718 0.015473
2 2 0.010085 0.042127 0.913204 0.031313 0.003270
2 2 0.004127 0.016931 0.968086 0.009304 0.001553
2 2 0.009043 0.033073 0.920775 0.033659 0.003451
2 2 0.011449 0.039972 0.911059 0.033513 0.004006
2 2 0.005312 0.011859 0.969509 0.009760 0.003560
2 2 0.007636 0.022452 0.917333 0.049978 0.002601
2 2 0.001046 0.008187 0.979954 0.009618 0.001194
2 2 0.004637 0.012865 0.947634 0.033444 0.001421
2 2 0.021429 0.038812 0.917168 0.017422 0.005168
2 2 0.000319 0.002590 0.955766 0.041071 0.000254
2 2 0.028385 0.085441 0.775857 0.097914 0.012404
2 2 0.002037 0.011645 0.956775 0.027742 0.001801
2 2 0.001570 0.011743 0.964962 0.020308 0.001418
2 2 0.001615 0.006577 0.961337 0.029348 0.001124
2 2 0.002366 0.008053 0.923804 0.062978 0.002799
2 2 0.012837 0.025358 0.720161 0.235627 0.006016
2 2 0.004251 0.010221 0.920531 0.063401 0.001597
2 2 0.004387 0.008431 0.843661 0.141065 0.002456
2 2 0.009381 0.014257 0.887965 0.085260 0.003138
2 2 0.008968 0.019599 0.875868 0.091683 0.003881
2 2 0.002060 0.004858 0.955238 0.036500 0.001343
2 2 0.034780 0.140776 0.737327 0.071427 0.015690
2 2 0.001324 0.007107 0.967767 0.021608 0.002194
2 2 0.008800 0.027014 0.940181 0.019107 0.004897
2 2 0.000999 0.005113 0.975946 0.016031 0.001912
2 2 0.016290 0.042228 0.899266 0.036793 0.005423
2 2 0.001772 0.008989 0.968278 0.019708 0.001253
2 2 0.005287 0.010761 0.938714 0.043637 0.001601
2 2 0.003430 0.006043 0.870306 0.119088 0.001134
2 2 0.002705 0.005764 0.945509 0.044153 0.001870
2 2 0.002258 0.006199 0.913435 0.076316 0.001791
2 2 0.002475 0.005104 0.892030 0.098645 0.001745
2 2 0.002278 0.003677 0.868541 0.124598 0.000906
2 2 0.004400 0.004315 0.786420 0.203370 0.001495
2 2 0.003408 0.004319 0.800827 0.190064 0.001382
2 2 0.003440 0.005486 0.803707 0.186193 0.001173
2 2 0.012750 0.012241 0.907902 0.064222 0.002886
2 2 0.009109 0.022022 0.658858 0.303379 0.006632
3 2 0.003218 0.003645 0.436869 0.554945 0.001323
3 2 0.002720 0.004411 0.459972 0.531781 0.001117
2 3 0.004233 0.004652 0.551394 0.438050 0.001670
3 3 0.002345 0.002512 0.424183 0.570026 0.000933
3 3 0.001904 0.002372 0.270733 0.724150 0.000841
3 3 0.001457 0.001185 0.105204 0.891410 0.000744
3 3 0.000672 0.000559 0.083995 0.914444 0.000330
3 3 0.001164 0.000837 0.078199 0.919190 0.000610
3 3 0.001162 0.001036 0.087210 0.909986 0.000607
3 3 0.000549 0.000694 0.066861 0.931608 0.000288
3 3 0.000429 0.000347 0.042659 0.956334 0.000231
3 3 0.000691 0.000512 0.056430 0.941999 0.000367
3 3 0.000499 0.000366 0.047512 0.951359 0.000264
3 3 0.000483 0.000480 0.034272 0.964483 0.000281
3 3 0.000600 0.000438 0.039817 0.958808 0.000337
3 3 0.000599 0.000473 0.072550 0.926079 0.000298
3 3 0.000300 0.000245 0.041508 0.957791 0.000156
3 3 0.000223 0.000206 0.026646 0.972800 0.000125
3 3 0.000296 0.000203 0.020888 0.978439 0.000174
3 3 0.000932 0.000577 0.041844 0.956111 0.000537
3 3 0.000639 0.000621 0.051457 0.946931 0.000352
3 3 0.001036 0.000860 0.080541 0.917022 0.000540
3 3 0.000499 0.000424 0.052637 0.946178 0.000262
3 3 0.000677 0.000457 0.072085 0.926442 0.000338
3 3 0.000425 0.000334 0.040498 0.958513 0.000230
3 3 0.001135 0.000789 0.063708 0.933750 0.000618
3 3 0.000454 0.000378 0.038168 0.960748 0.000252
3 3 0.000501 0.000452 0.037422 0.961340 0.000285
3 3 0.000426 0.000320 0.033930 0.965084 0.000239
3 3 0.000650 0.000450 0.062039 0.936527 0.000334
3 3 0.000953 0.000635 0.057021 0.940871 0.000519
3 3 0.000839 0.000563 0.045275 0.952849 0.000473
3 3 0.000373 0.000280 0.029871 0.969265 0.000211
3 3 0.000262 0.000211 0.017077 0.982290 0.000161
3 3 0.000269 0.000235 0.040227 0.959130 0.000140
3 3 0.000554 0.000581 0.049430 0.949131 0.000304
3 3 0.000709 0.000530 0.059024 0.939363 0.000374
3 3 0.000424 0.000277 0.037531 0.961539 0.000229
3 3 0.000385 0.000321 0.037625 0.961459 0.000210
3 3 0.000281 0.000207 0.022768 0.976581 0.000163
3 3 0.000279 0.000191 0.019766 0.979598 0.000165
3 3 0.000563 0.000413 0.042702 0.956012 0.000310
3 3 0.000250 0.000181 0.024810 0.974619 0.000140
3 3 0.000523 0.000442 0.035071 0.963664 0.000301
3 3 0.000316 0.000265 0.040172 0.959080 0.000167
3 3 0.000267 0.000166 0.021134 0.978280 0.000154
3 3 0.000872 0.000574 0.055993 0.942089 0.000471
3 3 0.000696 0.000607 0.059413 0.938913 0.000371
3 3 0.000622 0.000496 0.057970 0.940586 0.000327
3 3 0.000353 0.000329 0.034759 0.964363 0.000196
3 3 0.000172 0.000148 0.020619 0.978963 0.000098
3 3 0.000692 0.000453 0.060024 0.938472 0.000359
3 3 0.000410 0.000309 0.034873 0.964180 0.000228
3 3 0.000413 0.000309 0.045619 0.953444 0.000216
3 3 0.000279 0.000209 0.023766 0.975587 0.000160
3 3 0.000825 0.000608 0.049169 0.948938 0.000460
3 3 0.001058 0.000935 0.065381 0.932045 0.000581
3 3 0.000842 0.000605 0.035033 0.963015 0.000505
3 3 0.000329 0.000300 0.028767 0.970415 0.000189
3 3 0.000351 0.000266 0.028900 0.970284 0.000199
3 3 0.000513 0.000360 0.039088 0.959756 0.000283
3 3 0.000742 0.000714 0.051517 0.946612 0.000415
3 3 0.000445 0.000408 0.054270 0.944647 0.000231
3 3 0.001104 0.000984 0.061753 0.935542 0.000617
3 3 0.000585 0.000614 0.091741 0.906776 0.000283
3 3 0.000552 0.000452 0.040751 0.957937 0.000309
3 3 0.000210 0.000248 0.022949 0.976470 0.000123
3 3 0.000203 0.000170 0.020501 0.979009 0.000117
3 3 0.000229 0.000193 0.028509 0.970944 0.000125
3 3 0.000525 0.000500 0.060945 0.937758 0.000272
3 3 0.001040 0.000700 0.050610 0.947063 0.000587
3 3 0.000603 0.000560 0.050748 0.947760 0.000329
3 3 0.000469 0.000343 0.067104 0.931855 0.000229
3 3 0.000986 0.000767 0.048370 0.949311 0.000566
3 3 0.000511 0.000370 0.035273 0.963557 0.000289
3 3 0.000731 0.000538 0.038281 0.960027 0.000424
3 3 0.000335 0.000335 0.043309 0.955843 0.000178
3 3 0.000306 0.000236 0.028468 0.970819 0.000171
3 3 0.000341 0.000286 0.035206 0.963981 0.000186
3 3 0.000904 0.000492 0.033622 0.964445 0.000537
3 3 0.000518 0.000493 0.036693 0.961998 0.000298
3 3 0.000227 0.000204 0.024474 0.974966 0.000129
3 3 0.000516 0.000371 0.036614 0.962209 0.000290
3 3 0.000297 0.000199 0.027461 0.971878 0.000165
3 3 0.000686 0.000473 0.038313 0.960135 0.000393
3 3 0.001441 0.001010 0.086099 0.910692 0.000757
3 3 0.000564 0.000522 0.045262 0.953339 0.000313
3 3 0.003014 0.007687 0.100650 0.886778 0.001872
3 3 0.008200 0.008571 0.226419 0.752421 0.004389
2 3 0.151670 0.175654 0.475410 0.157446 0.039819
0 3 0.378066 0.322752 0.197211 0.009026 0.092945
0 2 0.457878 0.159223 0.291049 0.013369 0.078481
0 2 0.749245 0.069290 0.090419 0.001874 0.089172
0 2 0.528802 0.203762 0.154159 0.008938 0.104338
0 1 0.527997 0.216254 0.138285 0.011371 0.106093
1 0 0.298124 0.334641 0.240664 0.036077 0.090495
0 0 0.325153 0.252899 0.270222 0.066728 0.084999
0 1 0.356454 0.329518 0.203245 0.020917 0.089865
2 0 0.298762 0.160681 0.415070 0.041523 0.083965
1 0 0.280615 0.336581 0.269875 0.036297 0.076633
2 1 0.206427 0.328955 0.407724 0.008582 0.048312
2 1 0.101271 0.254502 0.584971 0.025967 0.033289
2 2 0.060398 0.128118 0.741725 0.049349 0.020411
2 2 0.032855 0.032208 0.896335 0.021033 0.017568
2 2 0.034971 0.163905 0.745297 0.040668 0.015159
2 2 0.003113 0.020834 0.966947 0.003090 0.006017
2 2 0.029607 0.114137 0.844919 0.003794 0.007543
2 2 0.015317 0.097669 0.879606 0.003027 0.004381
2 2 0.002706 0.032793 0.957803 0.002334 0.004365
2 2 0.113205 0.283029 0.562750 0.010049 0.030968
2 2 0.038502 0.132660 0.818782 0.000389 0.009666
2 2 0.008749 0.038543 0.941301 0.001674 0.009732
2 2 0.000792 0.012836 0.982979 0.001303 0.002089
2 2 0.005255 0.032519 0.956026 0.000725 0.005475
2 2 0.002326 0.033461 0.958973 0.001161 0.004079
2 2 0.002041 0.063495 0.924176 0.000022 0.010266
2 2 0.027220 0.068342 0.884476 0.001217 0.018745
2 2 0.011191 0.126465 0.856158 0.000461 0.005725
2 2 0.006625 0.049609 0.931120 0.000209 0.012436
2 2 0.006732 0.167102 0.811525 0.000057 0.014584
2 2 0.003309 0.050536 0.939010 0.000143 0.007000
2 2 0.020153 0.091354 0.872090 0.000143 0.016260
2 2 0.004238 0.116169 0.873249 0.000077 0.006267
2 2 0.007902 0.068745 0.910864 0.000065 0.012425
2 2 0.029163 0.079394 0.874627 0.000073 0.016743
2 2 0.132643 0.055616 0.461271 0.000222 0.350248
2 2 0.071792 0.064083 0.527052 0.000207 0.336867
2 2 0.055614 0.087943 0.531437 0.000105 0.324901
4 2 0.048572 0.095741 0.342532 0.000256 0.512899
2 2 0.067391 0.154691 0.417185 0.000037 0.360696
4 4 0.034407 0.009626 0.018219 0.000059 0.937689
4 4 0.133804 0.044875 0.103219 0.000043 0.718059
4 4 0.099986 0.017812 0.037419 0.000073 0.844710
4 4 0.063146 0.020572 0.084120 0.000208 0.831953
4 4 0.163116 0.140036 0.099733 0.000003 0.597111
4 2 0.074298 0.200874 0.252372 0.000006 0.472450
4 2 0.247558 0.209014 0.113021 0.000003 0.430404
4 4 0.080102 0.048728 0.048611 0.000017 0.822542
4 4 0.031774 0.146923 0.157166 0.000002 0.664135
4 4 0.038251 0.207511 0.178636 0.000011 0.575592
4 4 0.050219 0.251506 0.261950 0.000000 0.436325
1 4 0.049682 0.544941 0.210912 0.000000 0.194465
2 4 0.013612 0.163384 0.560374 0.000002 0.262627
4 4 0.020632 0.179108 0.368905 0.000002 0.431354
2 4 0.012196 0.071909 0.629446 0.000021 0.286427
2 4 0.042052 0.196381 0.702813 0.000094 0.058660
2 2 0.001203 0.066253 0.920862 0.000012 0.011670
2 2 0.002719 0.103207 0.882721 0.000009 0.011345
2 2 0.005868 0.086068 0.896957 0.000066 0.011042
2 2 0.000412 0.021564 0.974913 0.000053 0.003057
2 2 0.000328 0.019785 0.977026 0.000072 0.002789
2 2 0.000325 0.014049 0.983490 0.000080 0.002056
2 2 0.000506 0.019990 0.974115 0.000099 0.005290
2 2 0.000241 0.012652 0.984972 0.000108 0.002027
2 2 0.000231 0.015282 0.980292 0.000108 0.004087
2 2 0.000118 0.010272 0.986995 0.000087 0.002528
2 2 0.000191 0.008824 0.988838 0.000341 0.001806
2 2 0.009074 0.046514 0.934023 0.000956 0.009433
2 2 0.000730 0.031913 0.962011 0.000062 0.005284
2 2 0.002445 0.049574 0.939132 0.000069 0.008780
2 2 0.000596 0.008847 0.986898 0.001268 0.002390
2 2 0.000520 0.006445 0.989338 0.002029 0.001668
1 1 0.311706 0.326717 0.321819 0.001185 0.038573
2 2 0.083766 0.241420 0.655085 0.004430 0.015299
2 2 0.006046 0.024365 0.963799 0.002211 0.003578
2 2 0.003967 0.030706 0.959866 0.000582 0.004878
2 2 0.059811 0.091879 0.836019 0.000816 0.011475
2 2 0.021955 0.115701 0.854211 0.000145 0.007988
2 2 0.000404 0.008568 0.989119 0.000738 0.001171
2 2 0.003440 0.017075 0.972107 0.003124 0.004254
2 2 0.003158 0.024620 0.964524 0.003772 0.003926
2 2 0.002817 0.013521 0.977122 0.002030 0.004509
2 2 0.001686 0.011709 0.980098 0.003050 0.003457
2 2 0.008061 0.049634 0.929286 0.007119 0.005901
2 2 0.004669 0.018836 0.967437 0.003297 0.005761
2 2 0.042471 0.076911 0.868326 0.001879 0.010413
2 2 0.004852 0.019258 0.967797 0.001485 0.006607
2 2 0.015309 0.028982 0.940497 0.001283 0.013928
2 2 0.106459 0.241423 0.641023 0.000551 0.010544
2 2 0.001463 0.014396 0.980295 0.001198 0.002648
0 1 0.345371 0.326527 0.285371 0.001464 0.041267
2 1 0.071896 0.204359 0.709734 0.002877 0.011133
2 2 0.029681 0.052845 0.909476 0.002821 0.005176
2 2 0.059896 0.207282 0.719602 0.003119 0.010102
2 2 0.030129 0.055880 0.901065 0.007490 0.005436
2 2 0.020467 0.028436 0.931515 0.001901 0.017681
2 2 0.001379 0.017347 0.974521 0.003232 0.003522
2 2 0.012561 0.020528 0.958244 0.004177 0.004490
2 2 0.001970 0.014569 0.979596 0.001876 0.001989
2 2 0.001114 0.014839 0.975595 0.000752 0.007700
2 2 0.050318 0.191766 0.746823 0.002463 0.008630
2 2 0.008858 0.025729 0.957836 0.003333 0.004244
2 2 0.003475 0.022874 0.964015 0.000727 0.008908
2 2 0.001681 0.009083 0.982899 0.003777 0.002561
2 2 0.000415 0.007798 0.989268 0.001311 0.001209
2 2 0.006458 0.027393 0.956834 0.000481 0.008834
2 2 0.006003 0.021239 0.962934 0.001062 0.008762
2 2 0.000388 0.007515 0.988735 0.001120 0.002242
2 2 0.000628 0.010186 0.985195 0.000670 0.003321
2 2 0.012026 0.045915 0.933158 0.002558 0.006343
2 2 0.001900 0.018559 0.974247 0.001739 0.003556
2 2 0.001026 0.009524 0.984102 0.002451 0.002896
2 2 0.008074 0.028891 0.954442 0.000488 0.008104
2 2 0.010043 0.016828 0.964527 0.003689 0.004914
2 2 0.001281 0.014532 0.979321 0.001317 0.003550
2 2 0.002092 0.008227 0.970301 0.016273 0.003107
2 2 0.000752 0.003725 0.972492 0.022024 0.001008
2 2 0.003451 0.009260 0.968541 0.015762 0.002986
2 2 0.002544 0.007158 0.969264 0.019194 0.001841
2 2 0.001531 0.005552 0.967889 0.023551 0.001476
2 2 0.010352 0.010804 0.924746 0.051594 0.002503
2 2 0.024971 0.014365 0.936378 0.019918 0.004369
2 2 0.016622 0.012574 0.947517 0.020235 0.003053
2 2 0.008035 0.007354 0.928082 0.053770 0.002759
2 2 0.001916 0.004354 0.889147 0.103309 0.001274
2 2 0.023690 0.012452 0.934601 0.025011 0.004246
2 2 0.002902 0.004329 0.851880 0.139961 0.000928
2 2 0.093014 0.024914 0.856213 0.014897 0.010962
2 2 0.010360 0.008260 0.918444 0.059154 0.003782
2 2 0.006626 0.005004 0.801689 0.184406 0.002275
2 2 0.013313 0.010704 0.908208 0.064196 0.003579
2 2 0.002856 0.004213 0.899729 0.092334 0.000867
2 2 0.002487 0.005292 0.878830 0.112308 0.001082
2 2 0.001673 0.004392 0.817963 0.175026 0.000946
2 2 0.012213 0.011545 0.915810 0.057361 0.003072
2 2 0.002011 0.005936 0.920117 0.069186 0.002750
2 2 0.008840 0.007613 0.932878 0.048825 0.001844
2 2 0.002242 0.004223 0.894903 0.097676 0.000957
2 2 0.003096 0.004710 0.913932 0.076350 0.001912
2 2 0.006596 0.006369 0.873189 0.110458 0.003389
2 2 0.025903 0.012867 0.872473 0.082768 0.005989
3 3 0.006456 0.008451 0.470483 0.511761 0.002848
2 3 0.008617 0.008935 0.802791 0.176539 0.003117
2 3 0.004026 0.004440 0.770187 0.219963 0.001384
2 3 0.020427 0.011573 0.843697 0.118987 0.005316
2 3 0.005231 0.006246 0.676641 0.309903 0.001979
2 3 0.023611 0.015132 0.851150 0.104533 0.005574
2 3 0.011520 0.009395 0.713236 0.261728 0.004122
2 3 0.009172 0.005561 0.676381 0.305412 0.003475
2 3 0.009506 0.010304 0.828932 0.148590 0.002668
2 3 0.006044 0.008737 0.781916 0.200700 0.002602
2 3 0.007649 0.006939 0.738484 0.243094 0.003835
2 3 0.007153 0.007792 0.610183 0.371981 0.002890
2 3 0.005730 0.004804 0.811741 0.175569 0.002157
2 3 0.005771 0.008966 0.747352 0.235750 0.002161
2 3 0.003884 0.005067 0.675643 0.312888 0.002519
2 3 0.004843 0.005557 0.761064 0.226820 0.001716
2 3 0.013986 0.043033 0.659552 0.277006 0.006423
2 3 0.061333 0.221899 0.590260 0.107219 0.019289
2 3 0.050232 0.012924 0.869107 0.059648 0.008089
2 2 0.053547 0.203035 0.720053 0.013437 0.009927
2 2 0.018638 0.015321 0.935253 0.027454 0.003334
2 2 0.012687 0.016431 0.956277 0.010412 0.004193
2 2 0.361698 0.116905 0.464448 0.006763 0.050186
0 1 0.428566 0.314505 0.201364 0.001272 0.054293
2 2 0.065774 0.220423 0.697134 0.003161 0.013507
2 2 0.035264 0.163690 0.792888 0.001531 0.006626
2 2 0.011960 0.050841 0.928074 0.000689 0.008437
2 2 0.052039 0.126143 0.812870 0.001137 0.007811
2 2 0.024736 0.061518 0.901538 0.000539 0.011669
2 2 0.039520 0.079566 0.871933 0.002649 0.006332
2 2 0.002593 0.038638 0.955770 0.000306 0.002692
2 2 0.002062 0.020490 0.972071 0.000597 0.004780
2 2 0.118266 0.251682 0.616678 0.000294 0.013080
2 2 0.001496 0.023250 0.972786 0.000964 0.001504
2 2 0.002149 0.008795 0.978809 0.008861 0.001385
2 2 0.078667 0.147719 0.751116 0.008221 0.014277
2 2 0.001749 0.009983 0.983300 0.002803 0.002165
2 2 0.070191 0.047763 0.863143 0.008700 0.010204
2 2 0.016503 0.028557 0.928012 0.022599 0.004329
2 2 0.001851 0.012921 0.972844 0.011215 0.001169
2 2 0.004461 0.022811 0.960051 0.005450 0.007226
2 2 0.004350 0.015304 0.970821 0.003890 0.005635
2 2 0.000470 0.007336 0.986495 0.002876 0.002823
2 2 0.002551 0.021550 0.970831 0.002751 0.002318
2 2 0.000364 0.009857 0.985835 0.000708 0.003236
2 2 0.001159 0.011827 0.981423 0.001970 0.003621
2 2 0.000619 0.006461 0.988995 0.002498 0.001426
2 2 0.061228 0.215440 0.706563 0.003452 0.013318
2 2 0.009876 0.041139 0.939260 0.004304 0.005420
2 2 0.012904 0.033048 0.945991 0.000915 0.007143
2 2 0.004450 0.016409 0.962324 0.008544 0.008273
2 2 0.006001 0.020363 0.967157 0.002227 0.004252
2 2 0.001600 0.014132 0.981008 0.001196 0.002064
2 2 0.001618 0.013789 0.979407 0.002263 0.002923
2 2 0.001177 0.012706 0.981026 0.001577 0.003514
2 2 0.001160 0.006539 0.983863 0.006351 0.002088
2 2 0.001235 0.009444 0.981086 0.002100 0.006135
2 2 0.000624 0.006349 0.988767 0.002832 0.001428
2 2 0.000733 0.007174 0.986890 0.003125 0.002077
2 2 0.001861 0.010207 0.980336 0.004150 0.003446
2 2 0.001650 0.011426 0.980267 0.002710 0.003946
2 2 0.004876 0.014568 0.969971 0.004639 0.005946
2 2 0.014379 0.024163 0.916062 0.040941 0.004454
2 2 0.018210 0.036329 0.933272 0.008498 0.003691
2 2 0.000633 0.010895 0.986258 0.000695 0.001520
2 2 0.002123 0.008170 0.975991 0.012363 0.001353
2 2 0.000543 0.009078 0.986693 0.001757 0.001929
2 2 0.003621 0.015130 0.975385 0.001581 0.004283
2 2 0.000462 0.006062 0.989852 0.002226 0.001398
2 2 0.002064 0.012163 0.976555 0.004513 0.004706
2 2 0.011788 0.015088 0.958205 0.007612 0.007306
2 2 0.000529 0.004898 0.985723 0.007454 0.001396
2 2 0.002426 0.006411 0.958619 0.031295 0.001249
2 2 0.000820 0.006460 0.975287 0.015831 0.001601
2 2 0.004310 0.006972 0.918228 0.065736 0.004754
2 2 0.007877 0.011605 0.958339 0.017408 0.004770
2 2 0.006810 0.008054 0.909153 0.072602 0.003381
2 2 0.001811 0.004051 0.926572 0.066233 0.001333
2 2 0.004147 0.004485 0.946452 0.043579 0.001337
2 2 0.004998 0.006505 0.914882 0.072137 0.001478
2 2 0.002732 0.006205 0.898845 0.090204 0.002014
2 2 0.005740 0.006196 0.915775 0.070708 0.001581
2 2 0.082930 0.105923 0.765386 0.028210 0.017552
2 2 0.004364 0.009516 0.948417 0.036461 0.001241
2 2 0.003103 0.012553 0.964926 0.016124 0.003294
2 1 0.076342 0.205561 0.690469 0.007469 0.020159
2 2 0.096021 0.259444 0.611068 0.014607 0.018861
2 2 0.074577 0.107360 0.804749 0.003472 0.009842
2 2 0.016657 0.027487 0.944225 0.008594 0.003038
2 2 0.067289 0.218337 0.700098 0.001860 0.012416
2 2 0.026807 0.097635 0.869434 0.001707 0.004417
2 2 0.030009 0.029100 0.925915 0.009260 0.005717
2 2 0.011025 0.034847 0.939314 0.000656 0.014158
2 2 0.003107 0.018548 0.973427 0.000909 0.004008
2 2 0.099375 0.083863 0.740352 0.043818 0.032592
2 2 0.088474 0.100326 0.771860 0.019250 0.020090
1 2 0.251993 0.338756 0.337874 0.008914 0.062464
2 2 0.069564 0.074748 0.832519 0.010876 0.012293
2 2 0.099180 0.211485 0.619850 0.036540 0.032944
2 2 0.022881 0.062454 0.906104 0.000814 0.007747
2 2 0.005528 0.031365 0.957709 0.002084 0.003314
2 2 0.001197 0.027700 0.965699 0.000182 0.005221
2 2 0.002296 0.016848 0.970907 0.002419 0.007530
2 2 0.031742 0.167301 0.787575 0.003531 0.009851
2 2 0.001117 0.013651 0.980895 0.001040 0.003297
2 2 0.001356 0.011461 0.983014 0.001718 0.002452
2 2 0.002737 0.015664 0.972438 0.003479 0.005682
2 2 0.001374 0.022408 0.964843 0.000414 0.010961
2 2 0.043317 0.127566 0.820563 0.001818 0.006736
2 2 0.029281 0.062910 0.896867 0.003959 0.006983
2 2 0.073751 0.186024 0.733046 0.000256 0.006922
2 2 0.059409 0.201469 0.728751 0.000868 0.009502
2 2 0.084478 0.073244 0.831819 0.001194 0.009265
2 2 0.019900 0.085997 0.876305 0.000889 0.016910
2 1 0.133939 0.283192 0.557088 0.002613 0.023168
2 1 0.100612 0.200199 0.676732 0.002311 0.020146
2 2 0.092809 0.256125 0.624750 0.006815 0.019500
2 2 0.091253 0.097894 0.802861 0.000482 0.007510
2 2 0.018963 0.070603 0.903321 0.001665 0.005447
2 2 0.026028 0.186289 0.774826 0.000108 0.012749
2 2 0.000527 0.036691 0.959855 0.000032 0.002895
2 2 0.001634 0.042645 0.948562 0.000129 0.007030
2 2 0.001110 0.039387 0.954119 0.000052 0.005332
2 2 0.000975 0.027949 0.965575 0.000086 0.005415
2 2 0.041821 0.099536 0.850107 0.000446 0.008089
2 2 0.002371 0.018725 0.973050 0.001826 0.004028
2 2 0.000225 0.006754 0.991304 0.000559 0.001158
2 2 0.001523 0.016786 0.973425 0.000856 0.007411
2 2 0.000348 0.014031 0.982830 0.000356 0.002435
2 2 0.000228 0.003880 0.992341 0.003071 0.000479
2 2 0.003751 0.023762 0.959148 0.002241 0.011097
2 2 0.025180 0.150482 0.815657 0.001645 0.007036
2 2 0.000872 0.007093 0.987082 0.003108 0.001845
2 2 0.000747 0.010866 0.985676 0.000951 0.001760
2 2 0.002727 0.020872 0.968541 0.000797 0.007063
2 2 0.133749 0.286686 0.550388 0.002831 0.026347
2 2 0.010571 0.071303 0.910586 0.003745 0.003795
2 2 0.009058 0.028555 0.956317 0.002224 0.003846
2 2 0.069522 0.169513 0.737493 0.008864 0.014608
2 2 0.004183 0.026415 0.963881 0.001386 0.004135
2 2 0.003695 0.028505 0.961130 0.000629 0.006041
2 2 0.015572 0.033171 0.942044 0.001675 0.007539
2 2 0.198051 0.305863 0.468534 0.000859 0.026692
2 2 0.012582 0.026149 0.954777 0.002140 0.004352
2 2 0.327635 0.032342 0.582901 0.010325 0.046797
2 2 0.055988 0.022379 0.829070 0.053142 0.039420
2 2 0.187375 0.027864 0.716588 0.026098 0.042075
0 0 0.594789 0.206833 0.133493 0.001380 0.063505
0 0 0.657100 0.148708 0.138364 0.001186 0.054642
0 0 0.803652 0.090788 0.063194 0.000296 0.042069
0 0 0.592836 0.248492 0.079199 0.002128 0.077344
0 0 0.738584 0.087738 0.088098 0.003336 0.082244
0 0 0.604259 0.128311 0.117845 0.018475 0.131111
0 0 0.645935 0.161545 0.112523 0.002542 0.077455
4 0 0.250909 0.171835 0.152960 0.002214 0.422081
0 0 0.454394 0.130921 0.126427 0.000554 0.287703
0 0 0.438172 0.075749 0.049459 0.004788 0.431832
0 0 0.417331 0.298188 0.053501 0.000148 0.230832
4 0 0.304063 0.272196 0.068769 0.000181 0.354791
4 0 0.236272 0.261908 0.224196 0.001841 0.275782
1 0 0.373141 0.373863 0.149074 0.000371 0.103552
0 0 0.469104 0.319655 0.066124 0.000039 0.145077
4 0 0.094488 0.219503 0.221244 0.002300 0.462466
0 0 0.334466 0.243245 0.180240 0.000215 0.241834
0 0 0.503436 0.169811 0.044775 0.000672 0.281306
4 0 0.230638 0.033700 0.065984 0.000504 0.669174
4 0 0.317457 0.265915 0.095660 0.001614 0.319355
0 0 0.384311 0.323203 0.048975 0.000165 0.243346
4 0 0.285221 0.060448 0.180648 0.000749 0.472934
0 0 0.342769 0.336708 0.175562 0.011156 0.133804
1 1 0.150471 0.341517 0.314139 0.022388 0.171486
0 1 0.572173 0.153204 0.156582 0.003518 0.114525
0 1 0.358694 0.305333 0.165655 0.006242 0.164077
0 1 0.623058 0.240963 0.084580 0.000514 0.050886
1 1 0.041012 0.514804 0.343326 0.000000 0.100858
1 2 0.019223 0.439674 0.430211 0.000002 0.110889
2 2 0.024585 0.435223 0.459464 0.000002 0.080726
2 2 0.010683 0.415258 0.476750 0.000001 0.097308
2 2 0.005809 0.082496 0.773441 0.000135 0.138119
2 2 0.000714 0.088197 0.905461 0.000003 0.005626
2 2 0.000592 0.072482 0.921944 0.000002 0.004979
2 2 0.000077 0.018732 0.979246 0.000007 0.001938
2 2 0.000232 0.079246 0.913962 0.000001 0.006559
2 2 0.000304 0.073024 0.922203 0.000001 0.004468
2 2 0.000366 0.031717 0.964104 0.000058 0.003756
2 2 0.000213 0.029762 0.966700 0.000008 0.003317
2 2 0.000416 0.040650 0.955907 0.000024 0.003002
2 2 0.000509 0.060878 0.933839 0.000005 0.004769
2 2 0.000769 0.045575 0.947580 0.000014 0.006061
2 2 0.002768 0.046690 0.944402 0.000122 0.006018
2 2 0.000208 0.013548 0.983289 0.000140 0.002815
2 2 0.000116 0.013892 0.982832 0.000033 0.003127
2 2 0.000523 0.016199 0.980121 0.000392 0.002765
2 2 0.001477 0.023062 0.967139 0.000173 0.008149
2 2 0.008883 0.117931 0.866892 0.000217 0.006077
2 2 0.000367 0.013091 0.985103 0.000215 0.001224
2 2 0.000297 0.014625 0.983321 0.000065 0.001692
2 2 0.000076 0.011207 0.987067 0.000043 0.001608
2 2 0.000166 0.012686 0.985459 0.000109 0.001580
2 2 0.000068 0.011720 0.987138 0.000020 0.001055
2 2 0.000072 0.010367 0.988408 0.000088 0.001064
2 2 0.000316 0.020700 0.975802 0.000071 0.003111
2 2 0.000437 0.023100 0.972417 0.000036 0.004011
2 2 0.000036 0.006732 0.992728 0.000049 0.000454
2 2 0.000089 0.005395 0.993521 0.000356 0.000639
2 2 0.000176 0.007382 0.990443 0.001142 0.000856
2 2 0.000227 0.011323 0.986749 0.000146 0.001556
2 2 0.000132 0.006951 0.991147 0.000185 0.001584
2 2 0.000295 0.006137 0.991893 0.000853 0.000821
2 2 0.000471 0.008471 0.987581 0.001537 0.001939
2 2 0.000354 0.003901 0.988701 0.006471 0.000573
2 2 0.000602 0.010680 0.982886 0.001409 0.004424
2 2 0.000218 0.003467 0.993488 0.002032 0.000795
2 2 0.000523 0.004618 0.990168 0.003383 0.001307
2 2 0.000870 0.006763 0.985231 0.005010 0.002126
2 2 0.000918 0.005721 0.976316 0.015531 0.001514
2 2 0.000948 0.007043 0.984513 0.005233 0.002262
2 2 0.000571 0.004131 0.978713 0.015334 0.001251
2 2 0.000777 0.004123 0.982669 0.011192 0.001240
2 2 0.002541 0.007572 0.947232 0.041580 0.001074
2 2 0.000598 0.002531 0.960756 0.035667 0.000448
2 2 0.001076 0.005434 0.970068 0.022026 0.001395
2 2 0.000893 0.003776 0.959847 0.034746 0.000738
2 2 0.000607 0.002635 0.964658 0.031575 0.000525
2 2 0.002461 0.005284 0.897243 0.093523 0.001489
2 2 0.000788 0.002513 0.884290 0.112052 0.000358
2 2 0.001263 0.002957 0.906316 0.088861 0.000603
2 2 0.002841 0.006862 0.760333 0.227572 0.002392
2 2 0.002153 0.004892 0.905119 0.086904 0.000932
2 2 0.002241 0.002417 0.769797 0.224824 0.000721
2 3 0.002554 0.007929 0.835387 0.151225 0.002904
2 3 0.004541 0.006045 0.803857 0.182782 0.002775
2 3 0.001081 0.002496 0.696626 0.299270 0.000528
2 3 0.003499 0.004452 0.836762 0.153972 0.001316
2 3 0.005927 0.005892 0.593065 0.392777 0.002339
2 3 0.002367 0.003698 0.505203 0.487471 0.001261
3 3 0.002281 0.002797 0.473319 0.520716 0.000888
3 3 0.002447 0.003067 0.420122 0.573370 0.000995
3 3 0.005023 0.004843 0.345527 0.642329 0.002279
2 3 0.003766 0.003754 0.531361 0.459649 0.001471
2 3 0.001684 0.002027 0.500069 0.495597 0.000622
3 3 0.002541 0.003155 0.459600 0.533693 0.001011
3 3 0.006371 0.005175 0.297752 0.687667 0.003034
3 3 0.002644 0.002840 0.383059 0.610360 0.001096
3 3 0.001529 0.002427 0.336883 0.658523 0.000638
2 3 0.003742 0.005808 0.531006 0.457923 0.001520
2 3 0.002666 0.003828 0.551203 0.441279 0.001023
3 3 0.003928 0.003561 0.449767 0.541139 0.001606
3 3 0.005596 0.006169 0.418557 0.567206 0.002472
2 3 0.003046 0.004381 0.652958 0.338497 0.001119
3 3 0.001181 0.001965 0.401724 0.594671 0.000459
3 3 0.003207 0.003287 0.390058 0.602101 0.001347
3 3 0.005992 0.004654 0.426950 0.559498 0.002907
2 3 0.002256 0.003199 0.526628 0.467055 0.000861
3 3 0.001634 0.002193 0.383743 0.611776 0.000654
3 3 0.005541 0.004526 0.400888 0.586636 0.002408
3 3 0.001181 0.001771 0.417920 0.578678 0.000450
3 3 0.004024 0.003616 0.269784 0.720695 0.001881
3 3 0.002410 0.002236 0.196942 0.797265 0.001147
3 3 0.003863 0.003014 0.365202 0.626275 0.001645
3 3 0.003024 0.002843 0.245543 0.747184 0.001405
3 3 0.003396 0.003572 0.445893 0.545752 0.001388
3 3 0.002772 0.002422 0.320730 0.672888 0.001187
3 3 0.003130 0.002734 0.201352 0.791266 0.001519
3 3 0.003819 0.003471 0.316967 0.674036 0.001707
3 3 0.001258 0.001442 0.157768 0.838937 0.000596
3 3 0.002436 0.001769 0.188878 0.805770 0.001147
3 3 0.001670 0.001384 0.157999 0.838154 0.000793
3 3 0.001760 0.001963 0.174680 0.820752 0.000844
3 3 0.001332 0.001721 0.311171 0.685227 0.000548
3 3 0.001973 0.002167 0.330008 0.665027 0.000824
3 3 0.003155 0.003055 0.269386 0.722960 0.001444
3 3 0.003844 0.003264 0.224343 0.766691 0.001857
3 3 0.004226 0.003441 0.338979 0.651494 0.001861
3 3 0.002812 0.002364 0.428757 0.564952 0.001114
3 3 0.003444 0.002876 0.216359 0.775666 0.001655
3 3 0.002021 0.002690 0.207293 0.787034 0.000963
3 3 0.006936 0.006867 0.483416 0.499797 0.002984
3 3 0.001880 0.001752 0.131505 0.863910 0.000953
3 3 0.003724 0.002996 0.223943 0.767553 0.001785
3 3 0.001873 0.001574 0.162053 0.833603 0.000897
3 3 0.002355 0.002447 0.189555 0.804504 0.001140
3 3 0.004090 0.004078 0.414779 0.575320 0.001733
3 3 0.002467 0.002272 0.187164 0.806908 0.001190
3 3 0.001954 0.002360 0.224152 0.770631 0.000903
3 3 0.001673 0.001686 0.225567 0.770329 0.000746
3 3 0.001801 0.001892 0.177272 0.818176 0.000859
3 3 0.012021 0.017217 0.262962 0.701137 0.006663
2 3 0.044097 0.035513 0.573646 0.332127 0.014617
2 3 0.030780 0.164011 0.790090 0.006688 0.008431
2 2 0.008091 0.047471 0.937284 0.001419 0.005735
2 2 0.001049 0.020734 0.975243 0.000486 0.002488
2 2 0.001617 0.012454 0.982369 0.001430 0.002130
2 2 0.006268 0.030596 0.957805 0.001909 0.003423
2 2 0.022024 0.123119 0.834069 0.000021 0.020767
2 2 0.002838 0.048769 0.939934 0.000044 0.008416
2 2 0.011155 0.143982 0.835395 0.000006 0.009463
2 2 0.003103 0.123061 0.865571 0.000021 0.008245
2 2 0.001726 0.042721 0.926826 0.000042 0.028686
4 2 0.038923 0.055637 0.199785 0.000032 0.705622
1 2 0.041565 0.493439 0.128618 0.000001 0.336377
4 2 0.111126 0.211731 0.208864 0.000004 0.468275
4 2 0.037071 0.058918 0.120663 0.000019 0.783329
4 2 0.025500 0.085423 0.094062 0.000003 0.795011
4 4 0.150425 0.009810 0.001860 0.000004 0.837901
4 4 0.053441 0.006356 0.002311 0.000006 0.937885
4 4 0.026224 0.003167 0.003564 0.000006 0.967041
4 4 0.057086 0.002262 0.002056 0.000009 0.938587
4 4 0.050017 0.003593 0.001975 0.000006 0.944409
4 4 0.038335 0.002270 0.000783 0.000001 0.958612
4 4 0.166997 0.003297 0.002204 0.000013 0.827489
4 4 0.019424 0.001625 0.001320 0.000003 0.977628
4 4 0.093598 0.001586 0.001892 0.000011 0.902913
4 4 0.010948 0.002077 0.001909 0.000005 0.985062
4 4 0.048670 0.002381 0.001228 0.000002 0.947717
4 4 0.058573 0.002196 0.000811 0.000001 0.938420
4 4 0.015243 0.000888 0.000784 0.000001 0.983084
4 4 0.017155 0.001521 0.000744 0.000001 0.980580
4 4 0.035593 0.001238 0.001878 0.000009 0.961282
4 4 0.036205 0.002516 0.001735 0.000005 0.959539
4 4 0.044142 0.002227 0.002117 0.000009 0.951505
4 4 0.069855 0.001746 0.001494 0.000005 0.926901
4 4 0.052785 0.006347 0.001278 0.000002 0.939588
4 4 0.135867 0.045542 0.001765 0.000000 0.816825
4 4 0.228138 0.297582 0.088969 0.000028 0.385283
4 4 0.073286 0.301715 0.237632 0.000897 0.386471
4 4 0.095707 0.029287 0.096899 0.001441 0.776666
4 4 0.069293 0.037114 0.046017 0.000333 0.847242
4 4 0.047037 0.074745 0.174255 0.000355 0.703608
4 4 0.174907 0.000759 0.000354 0.000000 0.823980
4 4 0.071708 0.000684 0.000778 0.000002 0.926829
4 4 0.115379 0.001699 0.001059 0.000003 0.881860
4 4 0.014422 0.002260 0.000466 0.000000 0.982852
4 4 0.031941 0.002286 0.000410 0.000000 0.965363
4 4 0.009891 0.003025 0.000653 0.000000 0.986430
4 4 0.011969 0.000226 0.000647 0.000001 0.987157
4 4 0.028389 0.001122 0.000231 0.000000 0.970259
4 4 0.019036 0.001657 0.000653 0.000001 0.978653
4 4 0.009075 0.001710 0.000384 0.000000 0.988830
4 4 0.028058 0.011696 0.073821 0.003964 0.882461
4 4 0.068284 0.114557 0.244707 0.000728 0.571723
4 1 0.081763 0.059909 0.092616 0.002794 0.762918
4 1 0.054789 0.128444 0.258601 0.000623 0.557544
4 2 0.013335 0.048111 0.192816 0.000528 0.745210
4 2 0.008368 0.007625 0.020407 0.000022 0.963578
4 4 0.039641 0.002812 0.001362 0.000003 0.956182
4 4 0.030226 0.012558 0.001997 0.000000 0.955219
4 4 0.017036 0.003250 0.001522 0.000002 0.978190
4 4 0.054048 0.001532 0.000598 0.000001 0.943821
4 4 0.014269 0.010855 0.004867 0.000002 0.970008
4 4 0.014764 0.009530 0.018259 0.000028 0.957419
4 4 0.060700 0.023592 0.009427 0.000006 0.906274
4 4 0.014786 0.003758 0.004289 0.000006 0.977161
4 4 0.035620 0.004811 0.003074 0.000013 0.956482
4 4 0.009146 0.001587 0.001176 0.000002 0.988090
4 4 0.053686 0.013067 0.001862 0.000000 0.931384
4 4 0.033312 0.008320 0.003392 0.000003 0.954973
4 4 0.012257 0.001782 0.000790 0.000001 0.985169
4 4 0.025359 0.012331 0.001317 0.000000 0.960992
4 4 0.009391 0.002911 0.003883 0.000011 0.983804
4 4 0.015982 0.001131 0.000755 0.000001 0.982131
4 4 0.025735 0.000954 0.001380 0.000005 0.971926
4 4 0.012251 0.001002 0.000967 0.000002 0.985778
4 4 0.008676 0.014149 0.018777 0.000009 0.958388
4 2 0.005802 0.079861 0.376041 0.000037 0.538259
4 2 0.029267 0.140995 0.412393 0.000004 0.417341
2 2 0.024433 0.075125 0.496677 0.000092 0.403673
4 2 0.013539 0.327707 0.214216 0.000000 0.444537
1 2 0.014678 0.464208 0.210221 0.000000 0.310893
2 2 0.020227 0.138962 0.590613 0.000007 0.250191
4 2 0.004666 0.167344 0.402860 0.000002 0.425128
2 2 0.006768 0.176377 0.588562 0.000005 0.228288
2 2 0.001287 0.069943 0.650134 0.000059 0.278578
2 2 0.017811 0.264508 0.514187 0.000001 0.203494
2 2 0.009170 0.197905 0.651476 0.000005 0.141445
2 2 0.002555 0.051905 0.755763 0.000058 0.189719
2 2 0.002618 0.097871 0.718367 0.000013 0.181131
2 2 0.004103 0.103143 0.707528 0.000006 0.185219
2 2 0.004272 0.200278 0.633240 0.000006 0.162204
2 2 0.011235 0.197443 0.453408 0.000001 0.337913
4 2 0.011955 0.053213 0.106093 0.000004 0.828734
2 2 0.006960 0.187030 0.406022 0.000001 0.399987
2 2 0.003506 0.070721 0.479740 0.000015 0.446017
2 2 0.011187 0.173095 0.484140 0.000002 0.331577
2 2 0.001791 0.129532 0.813301 0.000002 0.055374
2 2 0.005008 0.309071 0.621161 0.000002 0.064758
2 2 0.003801 0.167274 0.763388 0.000013 0.065524
2 2 0.000632 0.064297 0.879257 0.000008 0.055805
2 2 0.000971 0.046783 0.908875 0.000006 0.043364
2 2 0.148965 0.138815 0.699204 0.000027 0.012990
2 2 0.061123 0.223755 0.690546 0.007022 0.017553
2 2 0.009284 0.097766 0.886518 0.000037 0.006395
2 2 0.004082 0.066335 0.918470 0.000038 0.011074
2 2 0.000355 0.020891 0.974740 0.000106 0.003909
2 2 0.000040 0.013826 0.985516 0.000004 0.000614
2 2 0.000068 0.018080 0.980508 0.000004 0.001341
2 2 0.000034 0.019247 0.979722 0.000002 0.000995
2 2 0.000083 0.029810 0.968351 0.000001 0.001754
2 2 0.000057 0.035047 0.962517 0.000001 0.002378
2 2 0.000184 0.022241 0.974644 0.000023 0.002908
2 2 0.000100 0.014308 0.984054 0.000027 0.001512
2 2 0.000156 0.018480 0.979373 0.000024 0.001967
2 2 0.000146 0.012059 0.985503 0.000080 0.002213
2 2 0.000102 0.010155 0.988694 0.000087 0.000962
2 2 0.000135 0.017142 0.980412 0.000021 0.002289
2 2 0.000080 0.010358 0.987975 0.000064 0.001524
2 2 0.000145 0.008955 0.989458 0.000140 0.001302
2 2 0.000253 0.011393 0.986267 0.000139 0.001948
2 2 0.000292 0.024537 0.972715 0.000053 0.002403
2 2 0.000290 0.020704 0.975858 0.000048 0.003100
2 2 0.000104 0.005798 0.992928 0.000283 0.000887
2 2 0.000289 0.014053 0.983151 0.000088 0.002419
2 2 0.000223 0.016573 0.979806 0.000099 0.003298
2 2 0.000197 0.013621 0.984129 0.000079 0.001974
2 2 0.000088 0.006326 0.992246 0.000169 0.001172
2 2 0.000237 0.008293 0.989641 0.000323 0.001506
2 2 0.000219 0.007195 0.991000 0.000472 0.001114
2 2 0.000307 0.018368 0.977192 0.000065 0.004068
2 2 0.000165 0.006787 0.991553 0.000315 0.001180
2 2 0.000171 0.007851 0.989978 0.000473 0.001527
