4 0 0.005017 0.269746 0.077862 0.000032 0.647342
4 0 0.005876 0.104746 0.042923 0.000094 0.846361
4 1 0.002543 0.202071 0.307308 0.000338 0.487739
4 1 0.001270 0.136918 0.350552 0.000099 0.511161
4 2 0.002688 0.151065 0.260868 0.000347 0.585032
2 2 0.005653 0.193771 0.471286 0.000233 0.329057
2 2 0.001983 0.104370 0.684830 0.000884 0.207933
2 2 0.001098 0.014348 0.856903 0.010919 0.116732
4 2 0.010268 0.144977 0.280689 0.000229 0.563837
2 2 0.000744 0.013074 0.902618 0.002535 0.081030
2 2 0.028092 0.063227 0.903464 0.000850 0.004367
0 2 0.653284 0.062879 0.277763 0.000061 0.006013
0 2 0.704500 0.061353 0.226523 0.000017 0.007607
2 2 0.460910 0.045252 0.488477 0.000080 0.005280
2 2 0.447935 0.062303 0.480511 0.000108 0.009143
2 2 0.408489 0.089389 0.495043 0.000448 0.006631
0 2 0.670460 0.065752 0.257407 0.000081 0.006301
2 2 0.329266 0.059172 0.605392 0.001222 0.004947
0 2 0.632652 0.068417 0.292403 0.000118 0.006410
0 2 0.663338 0.069663 0.259818 0.000129 0.007051
2 2 0.310899 0.044677 0.638243 0.002213 0.003968
2 2 0.346383 0.043358 0.603308 0.002672 0.004280
2 2 0.152879 0.041181 0.792973 0.009603 0.003363
2 2 0.230209 0.068750 0.691502 0.003966 0.005573
2 2 0.105000 0.061031 0.819987 0.009924 0.004058
2 2 0.225201 0.043654 0.709810 0.016364 0.004971
2 2 0.211688 0.046794 0.716442 0.019547 0.005529
2 2 0.069833 0.026221 0.845756 0.055791 0.002399
2 3 0.063163 0.032513 0.849132 0.052422 0.002771
2 3 0.077436 0.031213 0.859881 0.029027 0.002442
2 3 0.047945 0.027609 0.867600 0.054769 0.002077
2 3 0.050802 0.036170 0.869099 0.041494 0.002436
2 3 0.112600 0.030986 0.811677 0.041686 0.003052
2 3 0.077538 0.026215 0.854580 0.039597 0.002070
2 3 0.028456 0.018387 0.877567 0.074390 0.001200
2 3 0.102130 0.025066 0.815602 0.054538 0.002664
2 3 0.086424 0.036017 0.843139 0.031507 0.002914
2 3 0.040366 0.028082 0.871259 0.058246 0.002047
2 3 0.065667 0.037503 0.844746 0.049079 0.003005
2 3 0.146143 0.030664 0.780315 0.039549 0.003329
2 3 0.092720 0.033832 0.824239 0.046077 0.003132
2 3 0.073193 0.038512 0.835496 0.049524 0.003275
2 3 0.045715 0.030799 0.836106 0.084855 0.002525
2 3 0.061751 0.029979 0.839590 0.065972 0.002709
2 3 0.071004 0.026178 0.839666 0.060812 0.002340
2 3 0.041902 0.018731 0.856670 0.081227 0.001470
2 3 0.125498 0.029202 0.797850 0.044392 0.003058
2 3 0.037208 0.022983 0.844683 0.093333 0.001792
2 3 0.057884 0.034585 0.818826 0.085650 0.003054
2 3 0.050864 0.026954 0.851878 0.068194 0.002110
2 3 0.071629 0.037531 0.791572 0.095319 0.003949
2 3 0.131263 0.029518 0.775696 0.059978 0.003545
2 3 0.130879 0.037197 0.764910 0.062363 0.004650
2 3 0.144838 0.038918 0.730630 0.080078 0.005536
2 3 0.153566 0.055683 0.725284 0.057736 0.007731
2 3 0.056576 0.033784 0.839215 0.067646 0.002780
2 3 0.035337 0.022853 0.865068 0.075050 0.001691
2 3 0.125480 0.034777 0.796242 0.040084 0.003417
2 3 0.126510 0.033323 0.796770 0.040004 0.003393
2 3 0.061955 0.028209 0.842324 0.065068 0.002443
2 2 0.248942 0.051973 0.664169 0.026799 0.008116
0 2 0.582857 0.138719 0.244214 0.002171 0.032039
0 2 0.554048 0.072259 0.361242 0.001473 0.010978
0 2 0.537584 0.101894 0.343741 0.001346 0.015434
0 2 0.536119 0.074467 0.378744 0.000938 0.009733
0 2 0.657452 0.083904 0.252671 0.000028 0.005945
0 2 0.771842 0.060422 0.162618 0.000005 0.005113
0 2 0.719373 0.088397 0.187040 0.000008 0.005182
0 2 0.775020 0.062074 0.158873 0.000006 0.004027
0 2 0.736654 0.088786 0.170058 0.000004 0.004497
0 2 0.580960 0.121370 0.294038 0.000004 0.003629
0 2 0.792979 0.050389 0.154064 0.000002 0.002565
0 2 0.822712 0.042457 0.132113 0.000001 0.002717
0 2 0.781740 0.041506 0.173249 0.000001 0.003504
0 2 0.700305 0.059518 0.237127 0.000007 0.003043
0 2 0.613164 0.065992 0.316143 0.000060 0.004641
0 2 0.757678 0.048414 0.190476 0.000012 0.003420
0 2 0.683195 0.049856 0.263467 0.000026 0.003456
0 2 0.687374 0.062046 0.245997 0.000032 0.004551
0 2 0.672019 0.055490 0.267875 0.000063 0.004553
2 2 0.216936 0.075207 0.697381 0.004407 0.006069
0 2 0.494745 0.034545 0.465329 0.001413 0.003969
2 2 0.362772 0.038647 0.591721 0.002773 0.004087
2 2 0.253152 0.048753 0.689454 0.004272 0.004369
2 2 0.273786 0.042276 0.674696 0.005036 0.004206
2 2 0.281940 0.043173 0.662336 0.007963 0.004588
2 2 0.280730 0.061519 0.645388 0.006047 0.006316
2 2 0.207029 0.035315 0.744870 0.009383 0.003403
2 2 0.299049 0.028643 0.661266 0.007776 0.003267
2 2 0.142597 0.049279 0.793598 0.010768 0.003759
2 2 0.254601 0.040352 0.684531 0.015577 0.004939
2 2 0.316938 0.064807 0.602749 0.007773 0.007733
2 2 0.073254 0.054420 0.837112 0.030952 0.004261
2 2 0.169707 0.048616 0.756561 0.019963 0.005153
2 2 0.208755 0.036501 0.732514 0.018256 0.003974
2 2 0.186524 0.039453 0.750810 0.018972 0.004241
2 2 0.154993 0.037668 0.780432 0.022980 0.003928
2 2 0.186298 0.049508 0.729840 0.028487 0.005867
2 2 0.120908 0.058508 0.789136 0.026136 0.005312
2 2 0.107229 0.052078 0.793229 0.042344 0.005120
0 2 0.502561 0.046622 0.430810 0.009730 0.010276
2 2 0.425444 0.089439 0.452435 0.014243 0.018439
0 2 0.514937 0.087587 0.369936 0.007443 0.020096
0 2 0.899846 0.034400 0.042613 0.000597 0.022543
0 2 0.870381 0.038272 0.082479 0.000057 0.008810
0 2 0.708329 0.096104 0.190181 0.000008 0.005379
0 2 0.804357 0.045100 0.146544 0.000003 0.003995
0 2 0.759182 0.052661 0.184478 0.000011 0.003668
0 2 0.750243 0.080750 0.162957 0.000011 0.006039
0 2 0.794006 0.054376 0.147776 0.000006 0.003836
0 2 0.853646 0.039041 0.104196 0.000003 0.003114
0 2 0.858539 0.041096 0.096753 0.000004 0.003609
0 2 0.854720 0.038545 0.104109 0.000002 0.002624
0 2 0.790235 0.045338 0.160696 0.000002 0.003730
0 2 0.630369 0.061296 0.303548 0.000078 0.004709
0 2 0.688327 0.045913 0.261313 0.000091 0.004357
2 2 0.337040 0.108912 0.547350 0.000363 0.006336
0 2 0.625191 0.038424 0.332515 0.000195 0.003674
0 2 0.582192 0.062764 0.349503 0.000193 0.005349
0 2 0.485635 0.044732 0.464670 0.000724 0.004240
0 2 0.519417 0.042215 0.431206 0.001708 0.005454
0 2 0.578059 0.045684 0.367805 0.001621 0.006832
0 2 0.550718 0.045529 0.396522 0.001334 0.005898
2 3 0.420976 0.053214 0.513920 0.004757 0.007135
2 3 0.314236 0.042434 0.633168 0.005441 0.004721
2 3 0.216193 0.027788 0.738635 0.014357 0.003026
2 3 0.097734 0.027341 0.848532 0.024203 0.002190
2 3 0.202925 0.036828 0.735788 0.020250 0.004209
2 3 0.322612 0.046719 0.616935 0.008078 0.005656
2 3 0.164662 0.043674 0.768030 0.019365 0.004270
2 3 0.276891 0.043107 0.662578 0.012177 0.005246
2 3 0.181974 0.034514 0.760904 0.018933 0.003675
2 3 0.326716 0.049263 0.608482 0.009194 0.006344
2 3 0.093540 0.037655 0.845107 0.020723 0.002975
2 3 0.232287 0.050505 0.684555 0.025971 0.006681
2 3 0.276967 0.041171 0.662213 0.014307 0.005341
2 3 0.207038 0.044887 0.726564 0.016523 0.004988
2 3 0.237018 0.041053 0.697931 0.018847 0.005152
2 3 0.287899 0.064475 0.628621 0.011067 0.007937
2 3 0.168040 0.058446 0.736336 0.030156 0.007022
2 3 0.279239 0.044087 0.642843 0.026911 0.006920
2 3 0.238476 0.038858 0.676522 0.040122 0.006022
2 3 0.269616 0.086016 0.607996 0.023612 0.012760
2 3 0.282962 0.046504 0.633016 0.029852 0.007666
2 3 0.174506 0.081775 0.693213 0.039919 0.010587
2 3 0.137174 0.044729 0.750788 0.061519 0.005790
2 3 0.183823 0.044917 0.734486 0.031342 0.005432
2 3 0.115007 0.046667 0.785012 0.048462 0.004851
2 3 0.085351 0.057773 0.792665 0.058377 0.005834
2 2 0.111127 0.070664 0.766472 0.043613 0.008124
0 2 0.803953 0.098722 0.088642 0.000009 0.008674
0 2 0.845466 0.050679 0.097694 0.000013 0.006148
0 1 0.794977 0.105270 0.090370 0.000010 0.009373
0 1 0.882254 0.049466 0.063333 0.000004 0.004943
0 1 0.871057 0.046896 0.075423 0.000013 0.006611
0 1 0.754786 0.094571 0.141199 0.000024 0.009420
0 2 0.859043 0.033803 0.102202 0.000003 0.004949
0 2 0.840868 0.035724 0.117723 0.000004 0.005682
0 2 0.800825 0.087657 0.102403 0.000015 0.009100
0 2 0.708581 0.149765 0.129384 0.000020 0.012250
0 2 0.883836 0.039368 0.068230 0.000031 0.008535
0 1 0.847046 0.086195 0.055791 0.000011 0.010956
0 1 0.892462 0.048883 0.051308 0.000009 0.007337
0 1 0.928125 0.024428 0.043568 0.000004 0.003875
0 1 0.913199 0.030561 0.050965 0.000008 0.005267
0 2 0.817830 0.053397 0.124454 0.000006 0.004313
0 2 0.667497 0.158204 0.164030 0.000016 0.010253
0 2 0.819205 0.062209 0.113993 0.000005 0.004588
0 2 0.748774 0.095919 0.149931 0.000005 0.005371
0 2 0.819137 0.065904 0.110835 0.000003 0.004121
2 2 0.234124 0.236709 0.450560 0.000016 0.078591
2 2 0.304530 0.168633 0.428045 0.000017 0.098775
1 4 0.087098 0.508523 0.214018 0.000296 0.190065
2 4 0.004178 0.163403 0.685246 0.000404 0.146768
2 4 0.014097 0.230145 0.606023 0.000064 0.149671
4 4 0.001635 0.075763 0.268462 0.000123 0.654016
4 4 0.001936 0.063882 0.248925 0.000150 0.685107
4 4 0.001623 0.051575 0.063509 0.000018 0.883275
4 4 0.002185 0.096740 0.218077 0.000236 0.682763
4 4 0.001360 0.085131 0.353564 0.000085 0.559860
2 4 0.000921 0.098129 0.475878 0.000036 0.425036
4 4 0.001663 0.090105 0.418437 0.000104 0.489691
4 4 0.003122 0.097921 0.309719 0.000308 0.588931
2 4 0.001895 0.125896 0.479347 0.000137 0.392725
4 4 0.001826 0.103916 0.404104 0.000130 0.490024
4 4 0.002029 0.015891 0.010250 0.000003 0.971827
4 4 0.001587 0.023685 0.017801 0.000004 0.956923
4 4 0.001743 0.022915 0.004425 0.000002 0.970916
4 4 0.001507 0.041047 0.092383 0.000012 0.865050
4 4 0.001269 0.032443 0.050080 0.000010 0.916197
4 4 0.002434 0.018367 0.022926 0.000003 0.956270
4 4 0.005189 0.001839 0.000084 0.000000 0.992888
4 4 0.005357 0.001912 0.000126 0.000000 0.992605
4 4 0.004835 0.002374 0.000103 0.000000 0.992688
4 4 0.003799 0.003429 0.000334 0.000000 0.992438
4 4 0.001901 0.044174 0.099448 0.000052 0.854424
4 4 0.000908 0.074322 0.300113 0.000051 0.624606
4 4 0.004691 0.135290 0.171716 0.000062 0.688240
4 4 0.002362 0.042798 0.139636 0.000238 0.814966
4 4 0.003765 0.093571 0.128573 0.000978 0.773114
4 4 0.007249 0.138476 0.283592 0.003042 0.567641
4 4 0.004240 0.096525 0.121484 0.000214 0.777537
2 4 0.037630 0.186888 0.392984 0.008934 0.373565
4 4 0.007399 0.180561 0.196122 0.000434 0.615483
4 4 0.005767 0.109492 0.266423 0.000284 0.618034
4 4 0.004217 0.144512 0.328136 0.000544 0.522592
2 4 0.005090 0.087519 0.478317 0.004204 0.424870
4 4 0.003797 0.184543 0.251446 0.001016 0.559198
2 4 0.004528 0.099800 0.484551 0.002563 0.408559
4 4 0.005660 0.143281 0.270922 0.002418 0.577718
4 4 0.003353 0.013720 0.019740 0.000220 0.962968
4 4 0.002268 0.006792 0.005104 0.000040 0.985796
4 4 0.008465 0.007667 0.001769 0.000015 0.982084
4 4 0.007283 0.006354 0.001348 0.000009 0.985006
4 4 0.002644 0.011718 0.009023 0.000190 0.976425
4 4 0.004798 0.005370 0.001761 0.000009 0.988062
4 4 0.018580 0.005660 0.000571 0.000003 0.975187
4 4 0.004064 0.009917 0.005736 0.000041 0.980242
4 4 0.002795 0.006772 0.003301 0.000030 0.987101
4 4 0.013391 0.005221 0.000454 0.000001 0.980934
4 4 0.006518 0.010881 0.003135 0.000023 0.979442
4 4 0.005183 0.025012 0.016559 0.000280 0.952966
4 4 0.013825 0.003246 0.000231 0.000001 0.982698
4 4 0.009963 0.006074 0.000998 0.000006 0.982959
4 4 0.004531 0.006200 0.001768 0.000014 0.987488
4 4 0.003555 0.010351 0.002386 0.000006 0.983701
4 4 0.004217 0.049405 0.051755 0.001105 0.893517
4 4 0.003268 0.026388 0.038026 0.001070 0.931247
4 4 0.004600 0.018380 0.009593 0.000112 0.967315
4 4 0.003401 0.011801 0.007717 0.000151 0.976930
4 4 0.012685 0.202117 0.065750 0.000128 0.719320
4 1 0.002098 0.109034 0.253288 0.000215 0.635365
4 1 0.002320 0.097724 0.251321 0.000234 0.648401
4 1 0.001317 0.066122 0.307041 0.000079 0.625441
4 2 0.002147 0.091664 0.290059 0.000186 0.615943
2 2 0.000409 0.088136 0.809594 0.000012 0.101849
2 2 0.000237 0.075268 0.840509 0.000005 0.083981
2 2 0.000174 0.021714 0.849446 0.000005 0.128661
2 2 0.000225 0.019596 0.902829 0.000073 0.077277
2 2 0.000145 0.023562 0.893863 0.000005 0.082424
2 2 0.001194 0.042074 0.910318 0.000128 0.046285
2 2 0.000955 0.009944 0.915564 0.000248 0.073290
2 2 0.001824 0.130427 0.817847 0.000199 0.049702
2 2 0.003413 0.135065 0.820266 0.000062 0.041194
2 2 0.000124 0.003594 0.968911 0.000103 0.027268
2 2 0.000079 0.003171 0.989792 0.001140 0.005817
2 2 0.000133 0.005101 0.985617 0.002313 0.006837
2 2 0.000396 0.023581 0.961953 0.000394 0.013675
2 2 0.000286 0.024284 0.966727 0.000471 0.008233
2 2 0.000058 0.002865 0.991930 0.000895 0.004251
2 2 0.000360 0.034894 0.937039 0.000881 0.026824
2 2 0.000030 0.001879 0.992998 0.000388 0.004705
2 2 0.000094 0.003949 0.987454 0.000365 0.008139
2 2 0.000072 0.006802 0.987198 0.000362 0.005566
2 2 0.000109 0.006628 0.986152 0.000471 0.006640
2 2 0.000083 0.005212 0.989327 0.001016 0.004361
2 2 0.000055 0.003576 0.989613 0.000339 0.006416
2 2 0.000069 0.004409 0.990222 0.000540 0.004760
2 2 0.000134 0.005402 0.985858 0.002519 0.006087
2 2 0.000042 0.002961 0.991667 0.000821 0.004510
2 2 0.000152 0.003174 0.957633 0.037591 0.001450
2 2 0.000090 0.003730 0.980352 0.014182 0.001646
2 2 0.000103 0.002393 0.941407 0.053853 0.002244
2 2 0.000120 0.002039 0.945842 0.050404 0.001595
2 2 0.000200 0.004034 0.916221 0.076138 0.003408
2 2 0.000056 0.002695 0.962679 0.033175 0.001395
2 2 0.000133 0.004113 0.932477 0.062127 0.001150
2 2 0.000218 0.003413 0.874394 0.119175 0.002799
2 2 0.000117 0.003645 0.968508 0.025794 0.001936
2 2 0.000123 0.001920 0.934046 0.061191 0.002720
2 2 0.000478 0.006460 0.670214 0.318084 0.004764
2 2 0.000383 0.004072 0.637140 0.353692 0.004714
3 2 0.000523 0.006871 0.394190 0.595579 0.002836
2 2 0.000417 0.004426 0.544439 0.447502 0.003216
3 2 0.000433 0.004093 0.430812 0.562256 0.002406
3 2 0.001390 0.010547 0.411794 0.558773 0.017495
3 2 0.000664 0.005856 0.398206 0.587404 0.007871
3 3 0.001957 0.013646 0.379782 0.589479 0.015136
3 3 0.000991 0.007966 0.337083 0.644890 0.009069
3 3 0.001391 0.007315 0.205045 0.776294 0.009955
3 3 0.000851 0.005338 0.151569 0.840424 0.001817
3 3 0.000698 0.004002 0.159121 0.834306 0.001873
3 3 0.000658 0.004314 0.093434 0.900045 0.001549
3 3 0.000398 0.001929 0.102522 0.894042 0.001109
3 3 0.000478 0.002755 0.050971 0.945090 0.000706
3 3 0.000607 0.002459 0.056157 0.939346 0.001431
3 3 0.000586 0.002933 0.073156 0.921913 0.001412
3 3 0.000452 0.002167 0.040620 0.956203 0.000558
3 3 0.000554 0.002304 0.040553 0.955966 0.000623
3 3 0.000482 0.001925 0.034360 0.962801 0.000433
3 3 0.000298 0.000643 0.015136 0.983436 0.000487
3 3 0.000574 0.000792 0.013477 0.984771 0.000387
3 3 0.000403 0.000637 0.012565 0.986074 0.000320
3 3 0.000544 0.000969 0.017596 0.980277 0.000614
3 3 0.000361 0.000626 0.012867 0.985850 0.000297
3 3 0.000275 0.000394 0.008836 0.990315 0.000180
3 3 0.000556 0.001369 0.027551 0.968458 0.002066
3 3 0.000479 0.000745 0.013975 0.984358 0.000443
3 3 0.000499 0.000874 0.016686 0.981280 0.000661
3 3 0.000531 0.000736 0.012898 0.985478 0.000357
3 3 0.000532 0.000737 0.012905 0.985469 0.000357
3 3 0.000835 0.001130 0.016707 0.980756 0.000572
3 3 0.000503 0.000797 0.014762 0.983442 0.000496
3 3 0.000714 0.001176 0.019398 0.977865 0.000847
3 3 0.000429 0.000812 0.016716 0.981349 0.000694
3 3 0.001576 0.002197 0.025987 0.968904 0.001336
3 3 0.001963 0.003007 0.033637 0.959096 0.002297
3 3 0.001385 0.002032 0.025549 0.969702 0.001332
3 3 0.001151 0.002908 0.045006 0.945614 0.005321
3 3 0.001672 0.002548 0.030185 0.963731 0.001865
3 3 0.000307 0.000534 0.011444 0.987506 0.000209
3 3 0.000304 0.000900 0.019448 0.979080 0.000268
3 3 0.000316 0.000449 0.009564 0.989464 0.000207
3 3 0.000296 0.000445 0.009698 0.989365 0.000196
3 3 0.000188 0.000372 0.010475 0.988667 0.000298
3 3 0.001320 0.001885 0.023940 0.971694 0.001160
3 3 0.001925 0.002715 0.029932 0.963672 0.001756
3 3 0.001007 0.001806 0.026893 0.968647 0.001646
3 3 0.001223 0.002037 0.027687 0.967387 0.001666
3 3 0.000740 0.001117 0.017767 0.979692 0.000683
3 3 0.000726 0.001078 0.016771 0.980923 0.000502
3 3 0.000870 0.001437 0.021500 0.975349 0.000845
3 3 0.000540 0.001133 0.021317 0.976119 0.000891
3 3 0.000837 0.001262 0.019186 0.977926 0.000789
3 3 0.000838 0.001398 0.021843 0.974854 0.001067
3 3 0.000397 0.000875 0.019300 0.978437 0.000991
3 3 0.000764 0.001195 0.018984 0.978267 0.000790
3 3 0.000619 0.000851 0.014078 0.984033 0.000419
3 3 0.000897 0.001210 0.017412 0.979864 0.000617
3 3 0.000362 0.000540 0.011080 0.987738 0.000280
3 3 0.009847 0.054713 0.336853 0.570163 0.028424
3 3 0.007538 0.030539 0.178612 0.776138 0.007174
3 3 0.013535 0.034307 0.230508 0.681883 0.039767
1 0 0.219718 0.416519 0.216961 0.024572 0.122230
1 0 0.141404 0.444198 0.284608 0.026571 0.103219
0 0 0.860130 0.097789 0.020153 0.000008 0.021919
0 0 0.975941 0.016281 0.003938 0.000000 0.003839
0 0 0.948293 0.025011 0.021599 0.000004 0.005093
0 0 0.960877 0.028850 0.004190 0.000000 0.006083
0 1 0.961701 0.016340 0.018273 0.000003 0.003683
0 1 0.940233 0.028119 0.024816 0.000008 0.006824
0 0 0.962961 0.021890 0.005703 0.000002 0.009444
0 0 0.938477 0.034414 0.012917 0.000006 0.014186
0 0 0.858512 0.106235 0.013393 0.000008 0.021852
2 1 0.153114 0.098721 0.451795 0.000250 0.296120
2 1 0.000075 0.002641 0.989337 0.002573 0.005373
2 2 0.000133 0.007036 0.985672 0.001245 0.005913
2 2 0.000089 0.007854 0.987199 0.000248 0.004610
2 2 0.000310 0.020736 0.972514 0.002362 0.004078
2 2 0.000044 0.003567 0.992947 0.000652 0.002790
2 2 0.000105 0.005209 0.987407 0.003299 0.003981
2 2 0.000055 0.002493 0.988732 0.005880 0.002840
2 2 0.000089 0.004416 0.981008 0.010849 0.003638
2 2 0.000367 0.035985 0.948515 0.001640 0.013493
2 2 0.000120 0.007518 0.983705 0.003371 0.005286
2 2 0.000168 0.004823 0.975321 0.003937 0.015751
2 2 0.000376 0.007448 0.962606 0.017040 0.012531
2 2 0.002346 0.141309 0.805568 0.005309 0.045468
2 2 0.001080 0.053204 0.919074 0.003427 0.023214
2 2 0.000195 0.003363 0.974995 0.009161 0.012286
2 2 0.002253 0.023675 0.846721 0.019563 0.107788
2 2 0.003901 0.034360 0.763957 0.021661 0.176120
2 2 0.010407 0.324533 0.458622 0.002449 0.203989
1 2 0.067409 0.510261 0.311098 0.001856 0.109375
1 2 0.015774 0.558242 0.281606 0.000140 0.144238
2 2 0.000123 0.016046 0.977742 0.000039 0.006050
2 2 0.000094 0.019801 0.976688 0.000097 0.003320
2 2 0.000029 0.002915 0.994191 0.000113 0.002753
2 2 0.000069 0.013138 0.981815 0.000027 0.004951
2 2 0.000031 0.001086 0.993110 0.001098 0.004675
2 2 0.000030 0.001822 0.994886 0.000372 0.002890
2 2 0.000060 0.002362 0.988885 0.004723 0.003970
2 2 0.000067 0.002478 0.985283 0.009986 0.002185
2 2 0.000276 0.011742 0.978784 0.003533 0.005666
2 2 0.000230 0.012106 0.981175 0.002620 0.003869
2 2 0.000068 0.009819 0.985640 0.000166 0.004308
2 2 0.000033 0.002441 0.993304 0.000493 0.003729
2 2 0.000131 0.005333 0.987050 0.000592 0.006894
2 2 0.000058 0.004647 0.992623 0.000593 0.002078
2 2 0.000058 0.007703 0.987775 0.000154 0.004311
2 2 0.000069 0.002881 0.990877 0.001145 0.005028
2 2 0.000055 0.004011 0.990257 0.000372 0.005305
2 2 0.000102 0.012018 0.982154 0.000554 0.005171
2 2 0.000162 0.013528 0.976969 0.001326 0.008016
2 2 0.000128 0.010147 0.982254 0.000747 0.006724
2 2 0.000384 0.008715 0.951291 0.031964 0.007645
2 2 0.000358 0.016785 0.967646 0.005772 0.009438
2 2 0.000191 0.008162 0.974640 0.007377 0.009630
2 2 0.000665 0.017493 0.954031 0.014978 0.012833
2 2 0.000106 0.003562 0.981574 0.010158 0.004599
2 2 0.000830 0.013511 0.906769 0.055598 0.023292
2 2 0.000873 0.018802 0.921321 0.031525 0.027479
2 2 0.000950 0.009518 0.902642 0.057978 0.028912
2 2 0.000490 0.006146 0.927753 0.049377 0.016234
2 2 0.000460 0.008854 0.912820 0.061551 0.016315
2 2 0.000489 0.011377 0.957568 0.019233 0.011332
2 2 0.000088 0.002009 0.970631 0.023094 0.004178
2 2 0.000685 0.015006 0.930534 0.038593 0.015182
2 2 0.000210 0.003837 0.931772 0.059262 0.004919
2 2 0.000699 0.019446 0.941867 0.031142 0.006847
2 2 0.000123 0.002982 0.911977 0.084152 0.000767
2 2 0.000075 0.001639 0.942259 0.054731 0.001295
2 2 0.000083 0.002450 0.962625 0.034074 0.000767
2 2 0.000057 0.001036 0.940171 0.057236 0.001500
2 2 0.000125 0.003841 0.967808 0.027401 0.000825
2 2 0.000246 0.004659 0.959799 0.026215 0.009081
2 2 0.000476 0.009396 0.936240 0.039073 0.014815
2 2 0.000239 0.005283 0.923636 0.063557 0.007286
2 2 0.000819 0.019616 0.917442 0.047755 0.014368
2 2 0.000351 0.011959 0.966051 0.009982 0.011657
2 2 0.000863 0.010382 0.828988 0.143510 0.016256
2 2 0.000756 0.011023 0.862669 0.113064 0.012487
2 2 0.000168 0.002517 0.875422 0.117287 0.004606
2 2 0.001783 0.017491 0.687244 0.269336 0.024146
2 2 0.000936 0.020320 0.899413 0.063469 0.015862
2 2 0.000243 0.002817 0.856985 0.132916 0.007038
2 2 0.000669 0.013372 0.867391 0.103274 0.015294
2 2 0.002771 0.038920 0.637425 0.310971 0.009914
2 2 0.001583 0.022827 0.805184 0.150587 0.019819
2 2 0.000518 0.014314 0.894960 0.081328 0.008880
2 2 0.006358 0.025177 0.891747 0.030178 0.046541
2 2 0.004299 0.023727 0.906513 0.025305 0.040155
2 2 0.007840 0.081815 0.816856 0.030352 0.063136
1 0 0.325573 0.457032 0.147522 0.000875 0.068998
1 1 0.137166 0.561237 0.257336 0.000919 0.043343
0 1 0.675891 0.233721 0.076730 0.000001 0.013657
0 2 0.534474 0.391120 0.063535 0.000001 0.010870
0 2 0.626657 0.324655 0.036721 0.000001 0.011966
0 2 0.746322 0.197930 0.046879 0.000000 0.008869
0 2 0.646415 0.210209 0.127452 0.000000 0.015924
0 2 0.702763 0.238133 0.039804 0.000007 0.019293
0 2 0.821893 0.107760 0.059755 0.000008 0.010584
0 2 0.868293 0.057923 0.067400 0.000003 0.006382
0 2 0.876812 0.055063 0.062646 0.000004 0.005475
0 1 0.751088 0.152546 0.080577 0.000020 0.015770
0 1 0.787725 0.099402 0.106098 0.000006 0.006769
0 1 0.655919 0.148270 0.186615 0.000016 0.009180
0 1 0.728218 0.102271 0.164136 0.000005 0.005369
0 1 0.812856 0.052937 0.130354 0.000003 0.003851
0 2 0.834481 0.042407 0.120020 0.000003 0.003088
0 2 0.766809 0.070917 0.156291 0.000013 0.005970
0 2 0.713498 0.062707 0.218339 0.000031 0.005425
0 2 0.707941 0.067533 0.218753 0.000037 0.005736
0 2 0.789150 0.053275 0.153168 0.000010 0.004396
0 2 0.674001 0.143928 0.172369 0.000017 0.009685
0 2 0.837026 0.073279 0.073053 0.000070 0.016572
0 4 0.702961 0.156576 0.104940 0.000267 0.035255
0 4 0.648703 0.201155 0.112648 0.000234 0.037261
0 4 0.786859 0.087560 0.101630 0.000223 0.023728
0 4 0.723846 0.131227 0.107363 0.000428 0.037136
0 4 0.854428 0.109296 0.018345 0.000004 0.017926
0 4 0.774755 0.174700 0.027195 0.000011 0.023340
0 4 0.697877 0.225249 0.036351 0.000051 0.040472
0 4 0.587359 0.313314 0.049650 0.000088 0.049589
0 4 0.761633 0.197720 0.014289 0.000005 0.026353
0 4 0.802328 0.159022 0.004899 0.000001 0.033750
0 4 0.737862 0.219420 0.011435 0.000006 0.031277
0 4 0.808950 0.145731 0.014974 0.000006 0.030338
0 4 0.867112 0.088394 0.014537 0.000002 0.029954
0 4 0.868957 0.087510 0.009525 0.000001 0.034008
0 4 0.863972 0.109319 0.012819 0.000002 0.013888
0 4 0.910363 0.068509 0.007873 0.000002 0.013253
0 4 0.904396 0.062179 0.013358 0.000007 0.020061
0 4 0.940349 0.039987 0.008681 0.000004 0.010979
0 4 0.936256 0.044068 0.008276 0.000001 0.011400
0 4 0.365514 0.237138 0.070478 0.000015 0.326854
4 4 0.268842 0.285579 0.123026 0.000117 0.322435
4 4 0.168684 0.243286 0.028310 0.000012 0.559708
4 4 0.019809 0.140647 0.158317 0.000158 0.681069
4 4 0.021516 0.130703 0.131389 0.000044 0.716348
4 4 0.007755 0.005600 0.001005 0.000006 0.985634
4 4 0.005727 0.008368 0.002739 0.000029 0.983137
4 4 0.007794 0.007390 0.001505 0.000009 0.983301
4 4 0.007403 0.007479 0.001843 0.000016 0.983259
4 4 0.004416 0.015657 0.006014 0.000012 0.973901
4 4 0.002938 0.037878 0.014748 0.000025 0.944411
4 4 0.003198 0.091736 0.132797 0.000537 0.771732
4 4 0.002048 0.057211 0.232896 0.000160 0.707685
4 4 0.006398 0.131635 0.133092 0.001459 0.727415
4 4 0.001978 0.131378 0.199391 0.000047 0.667206
4 4 0.005465 0.241000 0.287957 0.000216 0.465361
4 4 0.004299 0.167819 0.264611 0.000091 0.563180
4 4 0.005561 0.059076 0.294363 0.000039 0.640961
1 0 0.101250 0.521895 0.039117 0.000009 0.337729
4 4 0.006394 0.175985 0.214336 0.000120 0.603165
2 4 0.002214 0.129408 0.592998 0.000472 0.274908
2 4 0.003516 0.125576 0.671119 0.004050 0.195739
2 4 0.003003 0.116321 0.667500 0.002545 0.210632
2 4 0.002602 0.106763 0.676976 0.001343 0.212316
2 4 0.003436 0.130268 0.635965 0.002630 0.227701
4 4 0.006330 0.055367 0.207598 0.003680 0.727024
4 4 0.005534 0.051087 0.320494 0.005624 0.617261
4 4 0.003021 0.026113 0.020579 0.000271 0.950016
4 4 0.004237 0.070151 0.044552 0.000241 0.880819
4 4 0.006318 0.070003 0.212778 0.002486 0.708415
2 4 0.003131 0.090459 0.617245 0.002831 0.286335
2 4 0.002923 0.125705 0.627551 0.001515 0.242306
2 4 0.003699 0.083487 0.712997 0.007071 0.192745
2 4 0.002823 0.105640 0.531309 0.000750 0.359478
2 4 0.002664 0.066062 0.736990 0.004453 0.189831
4 4 0.003908 0.052499 0.161589 0.000517 0.781488
4 4 0.003392 0.041898 0.050522 0.000112 0.904076
4 4 0.003530 0.037447 0.013633 0.000030 0.945360
4 4 0.004640 0.086610 0.130644 0.000882 0.777225
4 4 0.003644 0.068174 0.143770 0.000526 0.783886
2 4 0.000473 0.067633 0.910206 0.000460 0.021227
2 4 0.000187 0.017435 0.970918 0.000105 0.011355
2 4 0.000201 0.021238 0.964467 0.000234 0.013860
2 1 0.000046 0.002221 0.990330 0.001108 0.006295
2 2 0.000064 0.006450 0.981642 0.000276 0.011569
2 2 0.000044 0.004007 0.991730 0.000056 0.004164
2 2 0.000054 0.011270 0.984714 0.000023 0.003939
2 2 0.000064 0.004903 0.988845 0.000099 0.006088
2 2 0.000026 0.002026 0.995470 0.000088 0.002389
2 2 0.000079 0.010915 0.984147 0.000057 0.004801
2 2 0.000043 0.005866 0.990589 0.000139 0.003363
2 2 0.000023 0.001354 0.996340 0.000554 0.001729
2 2 0.000039 0.005858 0.991623 0.000070 0.002410
2 2 0.000042 0.004218 0.992920 0.000043 0.002777
2 2 0.000015 0.002854 0.995011 0.000029 0.002091
2 2 0.000047 0.003853 0.993243 0.000326 0.002531
2 2 0.000078 0.010478 0.986175 0.000649 0.002620
2 2 0.000064 0.004438 0.992059 0.001198 0.002240
2 2 0.000049 0.003298 0.993600 0.000350 0.002703
2 2 0.000022 0.001327 0.994166 0.002904 0.001581
2 2 0.000059 0.002163 0.992310 0.002743 0.002725
2 2 0.000120 0.007464 0.985749 0.003364 0.003303
2 2 0.000168 0.009104 0.973878 0.014436 0.002414
2 2 0.000108 0.007490 0.978324 0.010948 0.003130
2 2 0.000056 0.003496 0.992115 0.001810 0.002523
2 2 0.000033 0.003047 0.994343 0.001378 0.001199
2 2 0.000078 0.002563 0.993752 0.001690 0.001917
2 2 0.000036 0.001324 0.994974 0.001046 0.002619
2 2 0.000101 0.004847 0.987797 0.005397 0.001858
2 2 0.000086 0.007140 0.989538 0.000412 0.002823
2 2 0.000048 0.002556 0.994937 0.000797 0.001662
2 2 0.000031 0.001697 0.995084 0.002653 0.000534
2 2 0.000064 0.005226 0.992642 0.001305 0.000762
2 2 0.000031 0.001263 0.996410 0.001139 0.001157
2 2 0.000041 0.002930 0.994140 0.001381 0.001508
2 2 0.000062 0.001838 0.981237 0.014768 0.002094
2 2 0.000046 0.002125 0.994532 0.001754 0.001543
2 2 0.000056 0.001791 0.985314 0.011565 0.001273
2 2 0.000059 0.001696 0.982916 0.014453 0.000875
2 2 0.000114 0.005411 0.979340 0.013659 0.001477
2 2 0.000186 0.002938 0.843894 0.151496 0.001486
2 2 0.000249 0.004117 0.936634 0.056753 0.002247
2 2 0.000117 0.001792 0.894517 0.101937 0.001637
2 2 0.000254 0.003479 0.860662 0.134033 0.001572
2 2 0.000310 0.004947 0.886077 0.106012 0.002653
2 2 0.000167 0.001564 0.798361 0.197695 0.002214
2 2 0.000462 0.005689 0.852874 0.139047 0.001928
2 2 0.000490 0.005131 0.782720 0.210349 0.001311
2 2 0.000183 0.002472 0.821935 0.174144 0.001265
2 2 0.000299 0.004831 0.842542 0.150684 0.001645
2 2 0.001514 0.010574 0.597357 0.374810 0.015745
2 2 0.001567 0.013878 0.651717 0.310866 0.021972
2 2 0.001153 0.014122 0.731831 0.232971 0.019923
2 2 0.004628 0.054650 0.680081 0.217418 0.043222
2 2 0.000992 0.009500 0.774388 0.198307 0.016813
2 2 0.003025 0.017145 0.857087 0.057662 0.065081
2 2 0.012075 0.103918 0.761644 0.073557 0.048806
2 2 0.003018 0.020206 0.889963 0.023775 0.063038
2 2 0.001872 0.008278 0.916051 0.051078 0.022721
1 0 0.268429 0.474986 0.173423 0.001974 0.081188
2 1 0.000137 0.014453 0.971359 0.000018 0.014033
2 1 0.000370 0.046747 0.936435 0.000011 0.016438
2 2 0.000232 0.049950 0.938508 0.000005 0.011305
2 2 0.000035 0.002601 0.988342 0.000024 0.008998
2 2 0.000224 0.026798 0.958026 0.000020 0.014931
2 2 0.000011 0.000968 0.998058 0.000097 0.000866
2 2 0.000021 0.003323 0.995778 0.000029 0.000849
2 2 0.000022 0.006224 0.993009 0.000050 0.000695
2 2 0.000029 0.005174 0.993699 0.000069 0.001029
2 2 0.000021 0.001695 0.995777 0.000052 0.002455
2 2 0.000409 0.019665 0.958382 0.000531 0.021013
2 2 0.000276 0.018250 0.968496 0.000464 0.012514
2 2 0.000281 0.016741 0.960272 0.000329 0.022378
2 2 0.000090 0.009030 0.975282 0.000045 0.015553
2 2 0.001072 0.078147 0.887899 0.000146 0.032737
2 2 0.000156 0.003543 0.986584 0.001727 0.007991
2 2 0.000072 0.003411 0.991567 0.001491 0.003458
2 2 0.000053 0.003152 0.992187 0.000305 0.004302
2 2 0.000141 0.006440 0.987154 0.000947 0.005318
2 2 0.000357 0.017663 0.970138 0.001802 0.010040
2 2 0.000253 0.005745 0.983266 0.002176 0.008560
2 2 0.000078 0.003316 0.989693 0.000417 0.006496
2 2 0.000982 0.089958 0.885468 0.000664 0.022929
2 2 0.000078 0.002952 0.988971 0.004416 0.003583
2 2 0.000235 0.009360 0.981489 0.000934 0.007981
2 2 0.000093 0.002584 0.990093 0.000451 0.006780
2 2 0.000078 0.003391 0.990638 0.000094 0.005799
2 2 0.000260 0.020337 0.969121 0.000184 0.010098
2 2 0.000044 0.002756 0.992631 0.000144 0.004426
2 2 0.000208 0.020217 0.972797 0.000067 0.006711
2 2 0.000015 0.001471 0.996201 0.000104 0.002208
2 2 0.000068 0.004875 0.990456 0.000132 0.004468
2 2 0.000067 0.006108 0.990918 0.000130 0.002776
2 2 0.000049 0.001675 0.995061 0.000361 0.002854
2 2 0.000045 0.003150 0.992809 0.000097 0.003899
2 2 0.000025 0.001157 0.996072 0.001064 0.001682
2 2 0.000087 0.010038 0.987411 0.000324 0.002140
2 2 0.000063 0.003781 0.993452 0.000153 0.002551
2 2 0.000053 0.003735 0.993727 0.000297 0.002188
2 2 0.000049 0.001897 0.994235 0.001044 0.002774
2 2 0.000107 0.002440 0.982312 0.011575 0.003565
2 2 0.000059 0.004327 0.990829 0.002632 0.002153
2 2 0.000080 0.008184 0.986852 0.000822 0.004061
2 2 0.000034 0.002464 0.994496 0.000481 0.002525
2 2 0.000031 0.003263 0.994557 0.000612 0.001536
2 2 0.000203 0.010429 0.980395 0.002475 0.006498
2 2 0.000087 0.005215 0.990869 0.000958 0.002871
2 2 0.000058 0.002208 0.990303 0.005752 0.001679
2 2 0.000067 0.001513 0.975710 0.020358 0.002352
2 2 0.000161 0.009878 0.982680 0.004016 0.003264
2 2 0.000439 0.018733 0.962087 0.013749 0.004993
2 2 0.000129 0.004751 0.974209 0.018060 0.002851
2 2 0.000114 0.002035 0.964315 0.029773 0.003764
2 2 0.000044 0.001309 0.988477 0.008261 0.001909
2 2 0.000244 0.009020 0.969555 0.016821 0.004361
2 2 0.021035 0.049144 0.810808 0.001196 0.117817
2 2 0.006639 0.020149 0.834438 0.000327 0.138446
0 1 0.378915 0.346155 0.211825 0.000884 0.062221
2 2 0.024482 0.079738 0.743837 0.000652 0.151291
0 0 0.492820 0.326178 0.114636 0.000642 0.065724
0 0 0.443178 0.427168 0.057574 0.000002 0.072079
1 0 0.226967 0.450408 0.108067 0.000024 0.214535
1 0 0.357334 0.471384 0.114919 0.000024 0.056338
0 0 0.548599 0.192946 0.195236 0.000016 0.063204
0 1 0.485135 0.142190 0.277621 0.000009 0.095045
2 1 0.376882 0.148009 0.466880 0.000004 0.008225
2 1 0.313025 0.269633 0.411725 0.000009 0.005609
2 1 0.408470 0.129767 0.450296 0.000001 0.011465
2 2 0.308273 0.182096 0.497322 0.000001 0.012308
2 2 0.226947 0.277960 0.489159 0.000017 0.005917
2 2 0.300039 0.180223 0.514088 0.000003 0.005647
2 2 0.222440 0.163378 0.606070 0.000004 0.008108
2 2 0.145210 0.238117 0.609982 0.000005 0.006686
2 2 0.242643 0.264141 0.484842 0.000005 0.008369
2 2 0.134302 0.234541 0.622797 0.000004 0.008355
2 2 0.191978 0.286809 0.518578 0.000002 0.002633
0 2 0.473807 0.149314 0.372062 0.000002 0.004815
2 2 0.300342 0.172967 0.521348 0.000000 0.005343
2 2 0.380731 0.138490 0.472386 0.000001 0.008391
2 2 0.323215 0.165916 0.505313 0.000001 0.005555
0 2 0.834949 0.047300 0.104926 0.000008 0.012817
0 2 0.817858 0.055733 0.116322 0.000027 0.010061
0 2 0.816901 0.063613 0.109413 0.000023 0.010050
0 0 0.823584 0.052038 0.109829 0.000155 0.014393
0 0 0.676123 0.195219 0.091831 0.000173 0.036654
0 1 0.416060 0.181622 0.399410 0.000002 0.002907
0 1 0.510523 0.109663 0.373831 0.000000 0.005983
0 2 0.571228 0.118555 0.306122 0.000001 0.004094
0 2 0.494419 0.171357 0.331580 0.000001 0.002643
0 2 0.527904 0.128956 0.337612 0.000001 0.005528
0 2 0.527665 0.113084 0.354713 0.000000 0.004538
0 2 0.503243 0.123468 0.369300 0.000001 0.003989
0 2 0.447406 0.160150 0.389372 0.000003 0.003069
0 2 0.445803 0.133599 0.415342 0.000000 0.005255
2 2 0.397417 0.163423 0.435881 0.000001 0.003278
0 2 0.481381 0.128102 0.386787 0.000000 0.003729
0 2 0.519764 0.144707 0.331629 0.000001 0.003899
0 2 0.531955 0.130941 0.333446 0.000001 0.003657
0 2 0.515447 0.130002 0.350480 0.000001 0.004070
0 2 0.571528 0.121333 0.303365 0.000000 0.003774
0 2 0.476112 0.089179 0.319119 0.000044 0.115546
1 1 0.112645 0.432122 0.398622 0.000698 0.055912
2 1 0.000722 0.007161 0.968515 0.000266 0.023336
2 2 0.001099 0.008449 0.950718 0.000148 0.039586
2 2 0.002736 0.034057 0.925884 0.002483 0.034840
4 2 0.002850 0.079283 0.325891 0.000237 0.591739
4 2 0.003006 0.113386 0.331763 0.000301 0.551544
4 2 0.014897 0.290303 0.074671 0.000080 0.620049
4 4 0.002415 0.101312 0.323986 0.000215 0.572072
4 4 0.003629 0.100696 0.238528 0.000284 0.656863
4 4 0.015062 0.059585 0.039355 0.000066 0.885932
4 4 0.012296 0.031290 0.008921 0.000002 0.947491
4 4 0.166683 0.091336 0.031981 0.000067 0.709933
4 4 0.047753 0.232017 0.063117 0.000351 0.656761
4 4 0.057688 0.160261 0.021075 0.000003 0.760973
2 4 0.001993 0.192540 0.542531 0.000173 0.262763
2 4 0.001186 0.191207 0.533205 0.000086 0.274317
2 4 0.003038 0.207635 0.452817 0.000415 0.336095
2 4 0.002534 0.184460 0.457965 0.000255 0.354787
2 4 0.003367 0.124901 0.558932 0.001511 0.311289
4 4 0.001439 0.040146 0.117587 0.000060 0.840768
4 4 0.001815 0.022380 0.089911 0.000164 0.885729
4 4 0.001268 0.027945 0.046121 0.000062 0.924604
4 4 0.002273 0.037917 0.049855 0.000087 0.909868
4 4 0.002708 0.006617 0.002679 0.000004 0.987991
4 4 0.384547 0.036618 0.004294 0.000001 0.574540
0 1 0.551461 0.218405 0.031445 0.000001 0.198688
0 1 0.355944 0.245222 0.074828 0.000003 0.324003
4 1 0.224374 0.334158 0.095816 0.000007 0.345646
4 4 0.045219 0.109894 0.021937 0.000006 0.822945
4 4 0.004847 0.022200 0.028358 0.000700 0.943894
4 4 0.035110 0.006411 0.000478 0.000002 0.957999
4 4 0.003740 0.019525 0.014666 0.000284 0.961785
4 4 0.003565 0.018289 0.029263 0.000206 0.948677
4 4 0.004187 0.004959 0.001197 0.000007 0.989650
4 4 0.007857 0.009787 0.003021 0.000036 0.979299
4 4 0.028284 0.020222 0.003820 0.000037 0.947637
4 4 0.014886 0.005623 0.000654 0.000003 0.978834
4 4 0.004734 0.013219 0.007734 0.000158 0.974154
4 4 0.004441 0.005890 0.001619 0.000012 0.988039
4 4 0.009862 0.006460 0.000869 0.000002 0.982807
4 4 0.011556 0.005294 0.000662 0.000002 0.982485
4 4 0.009954 0.021520 0.007610 0.000007 0.960909
4 4 0.013572 0.007494 0.000821 0.000002 0.978110
4 4 0.223898 0.052185 0.008011 0.000145 0.715762
4 4 0.006172 0.034665 0.058560 0.005454 0.895149
4 4 0.007587 0.056842 0.130355 0.006702 0.798514
4 4 0.003222 0.041093 0.047645 0.000736 0.907304
4 4 0.005255 0.054935 0.050574 0.000316 0.888920
4 4 0.007625 0.048590 0.105856 0.009592 0.828337
4 4 0.008509 0.026268 0.020501 0.000872 0.943851
4 4 0.006215 0.024108 0.021359 0.000895 0.947423
4 4 0.007441 0.027427 0.024488 0.001154 0.939490
4 4 0.027201 0.022206 0.006698 0.000159 0.943736
4 4 0.009847 0.042696 0.061122 0.006811 0.879525
4 4 0.003110 0.007228 0.002434 0.000015 0.987213
4 4 0.014104 0.010138 0.001505 0.000007 0.974245
4 4 0.003408 0.014382 0.011429 0.000290 0.970491
4 4 0.004094 0.029836 0.060199 0.000752 0.905119
4 4 0.002386 0.019715 0.015276 0.000187 0.962436
2 4 0.026216 0.294779 0.447876 0.002473 0.228657
2 4 0.038715 0.300398 0.396038 0.002469 0.262381
2 4 0.023991 0.185550 0.575214 0.001943 0.213302
0 1 0.575726 0.195245 0.146415 0.003253 0.079360
2 1 0.322965 0.116745 0.455907 0.000053 0.104330
0 1 0.909553 0.035458 0.049174 0.000008 0.005807
0 1 0.924500 0.027608 0.044096 0.000003 0.003793
0 1 0.903427 0.034411 0.055916 0.000012 0.006233
0 1 0.896891 0.038597 0.058752 0.000009 0.005752
0 1 0.870617 0.061718 0.061919 0.000004 0.005743
0 1 0.595559 0.256573 0.142254 0.000001 0.005613
0 1 0.360082 0.349274 0.282866 0.000004 0.007774
0 1 0.540863 0.265323 0.184024 0.000005 0.009785
0 1 0.547785 0.206404 0.236651 0.000002 0.009157
0 1 0.411777 0.259021 0.311112 0.000002 0.018088
2 1 0.090494 0.204148 0.659658 0.000000 0.045699
2 1 0.087983 0.364510 0.527565 0.000000 0.019942
1 1 0.171935 0.443912 0.353207 0.000001 0.030945
1 1 0.080262 0.621041 0.284751 0.000001 0.013945
1 1 0.096017 0.645923 0.243649 0.000001 0.014410
0 1 0.464899 0.377234 0.075293 0.000004 0.082569
0 1 0.485189 0.318061 0.102263 0.000001 0.094486
0 1 0.446445 0.419612 0.081263 0.000003 0.052677
0 1 0.597476 0.333715 0.036051 0.000004 0.032753
0 1 0.912547 0.040307 0.013951 0.000160 0.033035
2 1 0.001268 0.159673 0.748843 0.000124 0.090093
2 1 0.000886 0.107584 0.837239 0.000322 0.053969
2 1 0.000369 0.029339 0.930950 0.000184 0.039157
2 1 0.000186 0.017238 0.947417 0.000225 0.034935
2 2 0.000100 0.011970 0.956395 0.000085 0.031449
2 2 0.000033 0.002537 0.993143 0.000488 0.003799
2 2 0.000274 0.040148 0.950725 0.000142 0.008711
2 2 0.000048 0.006915 0.987441 0.000164 0.005433
2 2 0.000031 0.004390 0.992256 0.000128 0.003195
2 2 0.000064 0.004758 0.987361 0.000191 0.007627
2 2 0.000014 0.001499 0.996499 0.000220 0.001768
2 2 0.000016 0.001868 0.995715 0.000386 0.002015
2 2 0.000040 0.002698 0.993019 0.003446 0.000797
2 2 0.000015 0.001167 0.994714 0.003501 0.000602
2 2 0.000066 0.008538 0.987768 0.001131 0.002496
2 2 0.000052 0.005232 0.990462 0.002465 0.001788
2 2 0.000024 0.001391 0.994016 0.001865 0.002704
2 2 0.000051 0.004436 0.989037 0.003934 0.002542
2 2 0.000134 0.007114 0.970319 0.018002 0.004432
2 2 0.000037 0.003203 0.990797 0.004078 0.001884
2 2 0.000012 0.001100 0.987205 0.011383 0.000299
2 2 0.000017 0.002377 0.994305 0.002783 0.000518
2 2 0.000021 0.000961 0.986424 0.012119 0.000476
2 2 0.000009 0.000389 0.979142 0.020191 0.000269
2 2 0.000019 0.001739 0.986734 0.011235 0.000274
2 2 0.000159 0.003523 0.817905 0.177268 0.001144
2 2 0.000095 0.003310 0.897649 0.097368 0.001579
2 2 0.000077 0.002057 0.772321 0.224079 0.001466
2 2 0.000076 0.001395 0.802173 0.195311 0.001045
2 2 0.000140 0.002313 0.847513 0.148200 0.001834
2 2 0.001513 0.016872 0.664745 0.299626 0.017243
2 2 0.000379 0.003236 0.547791 0.445184 0.003410
2 2 0.000354 0.003566 0.761685 0.230064 0.004331
3 2 0.001036 0.007302 0.435851 0.549811 0.006000
2 2 0.001709 0.012981 0.536636 0.443213 0.005461
2 2 0.023581 0.187590 0.544869 0.004904 0.239055
0 0 0.738016 0.169990 0.073328 0.000019 0.018647
1 1 0.125501 0.538930 0.208565 0.000048 0.126956
2 2 0.165707 0.343434 0.371517 0.000064 0.119278
2 2 0.171462 0.201196 0.530429 0.000056 0.096857
2 2 0.028384 0.172586 0.783946 0.000006 0.015077
2 2 0.026587 0.069016 0.863391 0.000003 0.041005
2 2 0.014117 0.141044 0.828209 0.000005 0.016625
2 2 0.024039 0.154474 0.789483 0.000002 0.032001
1 2 0.370915 0.471756 0.145993 0.000004 0.011333
1 2 0.016650 0.481941 0.449184 0.000003 0.052221
2 2 0.007813 0.269201 0.682733 0.000006 0.040247
2 2 0.021437 0.290573 0.637175 0.000012 0.050803
2 2 0.006812 0.224960 0.707833 0.000022 0.060372
2 2 0.001576 0.045865 0.795906 0.000005 0.156647
0 2 0.771594 0.100995 0.085865 0.000494 0.041052
0 0 0.821635 0.118649 0.016861 0.000062 0.042792
0 0 0.895148 0.070297 0.018247 0.000011 0.016297
0 0 0.940946 0.031798 0.019555 0.000006 0.007694
0 0 0.932611 0.035935 0.023734 0.000007 0.007713
0 0 0.775146 0.103844 0.113704 0.000007 0.007299
0 0 0.715284 0.118558 0.157286 0.000016 0.008856
0 0 0.820402 0.077674 0.094979 0.000008 0.006936
0 0 0.880746 0.048873 0.067237 0.000001 0.003143
0 1 0.907216 0.029540 0.060337 0.000002 0.002904
0 1 0.812225 0.057860 0.126573 0.000003 0.003339
0 1 0.760768 0.109141 0.124528 0.000004 0.005560
0 1 0.888410 0.040855 0.068196 0.000001 0.002538
0 1 0.851068 0.058980 0.086350 0.000002 0.003601
0 1 0.834594 0.043856 0.118652 0.000001 0.002897
0 1 0.773822 0.073898 0.149673 0.000001 0.002604
