0 0 0.812433 0.025953 0.006256 0.000163 0.155194
0 0 0.792922 0.020938 0.003752 0.000046 0.182343
0 0 0.832515 0.040092 0.018314 0.002466 0.106613
0 0 0.826030 0.031901 0.010333 0.000576 0.131160
0 0 0.808982 0.024880 0.005653 0.000127 0.160358
0 0 0.808874 0.053152 0.025327 0.003023 0.109624
0 0 0.780483 0.034770 0.010876 0.000275 0.173596
0 0 0.828546 0.046431 0.026857 0.006627 0.091539
0 0 0.816806 0.046456 0.020145 0.002020 0.114573
0 0 0.822920 0.046058 0.022080 0.003056 0.105886
0 0 0.792061 0.061605 0.028712 0.002794 0.114829
0 0 0.816176 0.052426 0.036372 0.014084 0.080942
0 0 0.816469 0.052026 0.036758 0.015153 0.079593
0 0 0.788318 0.066753 0.045623 0.013497 0.085809
0 0 0.831682 0.043103 0.022075 0.003986 0.099154
0 0 0.829542 0.034552 0.012590 0.000949 0.122367
0 0 0.743181 0.028891 0.006390 0.000154 0.221383
0 0 0.822472 0.029934 0.008841 0.000389 0.138364
0 0 0.817841 0.040142 0.014655 0.000974 0.126388
0 0 0.827918 0.033193 0.011397 0.000738 0.126754
0 0 0.832221 0.041926 0.020544 0.003312 0.101997
0 0 0.832488 0.040709 0.019044 0.002726 0.105033
0 0 0.832510 0.040418 0.018697 0.002601 0.105775
0 0 0.832381 0.041362 0.019839 0.003028 0.103391
0 0 0.831809 0.037438 0.015391 0.001582 0.113780
0 0 0.809134 0.036632 0.015661 0.001066 0.137507
0 0 0.829380 0.034402 0.012455 0.000924 0.122839
0 0 0.831681 0.043105 0.022077 0.003987 0.099150
0 0 0.830346 0.035370 0.013347 0.001101 0.119836
0 0 0.830710 0.044452 0.023929 0.004910 0.095999
0 0 0.815858 0.027139 0.006967 0.000214 0.149822
0 0 0.813061 0.026160 0.006377 0.000171 0.154230
0 0 0.815764 0.027105 0.006946 0.000212 0.149972
0 0 0.825972 0.031865 0.010304 0.000572 0.131287
0 0 0.817400 0.027722 0.007335 0.000243 0.147300
0 0 0.831641 0.043173 0.022169 0.004030 0.098988
0 0 0.829443 0.034460 0.012507 0.000934 0.122656
0 0 0.829535 0.034546 0.012585 0.000948 0.122386
0 0 0.832429 0.039223 0.017319 0.002138 0.108891
0 0 0.832388 0.041330 0.019800 0.003012 0.103471
0 0 0.832069 0.038001 0.015983 0.001741 0.112207
0 0 0.830707 0.044456 0.023933 0.004912 0.095992
0 0 0.832209 0.038376 0.016385 0.001855 0.111174
0 0 0.832498 0.039758 0.017927 0.002335 0.107482
0 0 0.827681 0.033017 0.011248 0.000714 0.127340
0 0 0.823052 0.030225 0.009052 0.000413 0.137259
0 0 0.832214 0.038390 0.016400 0.001860 0.111136
0 0 0.829307 0.034335 0.012394 0.000912 0.123052
0 0 0.829941 0.034942 0.012947 0.001019 0.121151
0 0 0.824583 0.031043 0.009664 0.000487 0.134223
0 0 0.827891 0.046903 0.027594 0.007111 0.090501
0 0 0.830884 0.036009 0.013958 0.001233 0.117917
0 0 0.827426 0.032833 0.011094 0.000689 0.127959
0 0 0.821004 0.029238 0.008348 0.000337 0.141074
0 0 0.830265 0.035283 0.013264 0.001084 0.120104
0 0 0.826565 0.032244 0.010609 0.000616 0.129966
0 0 0.825107 0.031343 0.009895 0.000516 0.133139
0 0 0.831140 0.036350 0.014292 0.001310 0.116909
0 0 0.832234 0.041886 0.020494 0.003292 0.102094
0 0 0.829878 0.045316 0.025175 0.005601 0.094030
0 0 0.831479 0.036856 0.014797 0.001431 0.115438
0 0 0.828995 0.034059 0.012148 0.000867 0.123931
0 0 0.828080 0.033316 0.011502 0.000755 0.126348
0 0 0.806046 0.024045 0.005210 0.000104 0.164597
0 0 0.818865 0.028310 0.007718 0.000276 0.144830
0 0 0.832444 0.039312 0.017419 0.002170 0.108654
0 0 0.832281 0.041736 0.020306 0.003214 0.102463
0 0 0.823303 0.030353 0.009146 0.000424 0.136774
0 0 0.832515 0.040109 0.018334 0.002473 0.106569
0 0 0.831475 0.043440 0.022528 0.004201 0.098357
0 0 0.832029 0.037905 0.015881 0.001713 0.112472
0 0 0.825160 0.031374 0.009919 0.000520 0.133027
0 0 0.820953 0.029215 0.008332 0.000335 0.141165
0 0 0.831625 0.037101 0.015045 0.001493 0.114737
0 0 0.831588 0.043261 0.022286 0.004085 0.098779
0 0 0.832444 0.039307 0.017413 0.002168 0.108669
0 0 0.832506 0.039857 0.018041 0.002373 0.107222
0 0 0.832069 0.038000 0.015981 0.001741 0.112209
0 0 0.830266 0.035283 0.013265 0.001084 0.120102
0 0 0.832444 0.039307 0.017414 0.002168 0.108667
0 0 0.770566 0.029122 0.005279 0.000050 0.194984
0 0 0.826345 0.032101 0.010494 0.000599 0.130461
0 0 0.822187 0.029795 0.008740 0.000378 0.138901
0 0 0.826810 0.047604 0.028719 0.007894 0.088973
0 0 0.829779 0.045409 0.025311 0.005680 0.093822
0 0 0.830845 0.044293 0.023704 0.004791 0.096367
0 0 0.832499 0.039764 0.017934 0.002337 0.107465
0 0 0.832310 0.038704 0.016743 0.001961 0.110282
0 0 0.811283 0.025583 0.006044 0.000150 0.156940
0 0 0.828961 0.034029 0.012122 0.000863 0.124025
0 0 0.798948 0.056096 0.046097 0.027997 0.070862
0 0 0.832047 0.042378 0.021123 0.003558 0.100895
0 0 0.832307 0.038690 0.016728 0.001956 0.110319
0 0 0.830988 0.044116 0.023456 0.004663 0.096776
0 0 0.787872 0.062308 0.027451 0.002216 0.120154
0 0 0.781050 0.038062 0.018909 0.001031 0.160948
0 0 0.812860 0.052578 0.026821 0.004001 0.103740
0 0 0.819661 0.050938 0.034613 0.012910 0.081878
0 0 0.827216 0.047351 0.028309 0.007603 0.089522
0 0 0.811617 0.054739 0.030777 0.005993 0.096875
0 0 0.832246 0.041849 0.020447 0.003272 0.102186
0 0 0.830630 0.035697 0.013657 0.001167 0.118849
0 0 0.832031 0.037910 0.015887 0.001715 0.112457
0 0 0.832125 0.042188 0.020878 0.003453 0.101356
0 0 0.757209 0.031777 0.012665 0.000317 0.198033
0 0 0.821470 0.029453 0.008498 0.000352 0.140226
0 0 0.831223 0.036468 0.014409 0.001337 0.116563
0 0 0.767930 0.016719 0.002218 0.000013 0.213120
0 0 0.831109 0.036308 0.014250 0.001300 0.117034
0 0 0.832235 0.041883 0.020490 0.003290 0.102102
0 0 0.573993 0.176062 0.145369 0.025951 0.078624
0 0 0.445427 0.204172 0.255000 0.038337 0.057063
0 0 0.563235 0.184113 0.148462 0.024598 0.079592
0 0 0.519595 0.183429 0.196042 0.034999 0.065935
0 0 0.600841 0.144927 0.147810 0.037315 0.069107
0 0 0.789436 0.051059 0.018838 0.001107 0.139560
0 0 0.785619 0.058036 0.051620 0.038411 0.066313
0 0 0.785619 0.058036 0.051620 0.038411 0.066313
0 0 0.771888 0.065117 0.057413 0.037361 0.068221
0 0 0.705772 0.114562 0.066287 0.006943 0.106436
0 0 0.585108 0.170830 0.138780 0.025773 0.079509
0 0 0.354118 0.319486 0.240940 0.014318 0.071137
0 1 0.443700 0.259600 0.201448 0.018540 0.076713
0 1 0.354742 0.319059 0.240667 0.014347 0.071186
1 1 0.306787 0.352436 0.261588 0.012179 0.067011
2 1 0.173705 0.368348 0.406853 0.012871 0.038223
2 2 0.195535 0.335723 0.413463 0.017026 0.038253
2 2 0.173428 0.370867 0.404607 0.012612 0.038485
2 2 0.115153 0.379699 0.467278 0.010181 0.027689
2 2 0.043182 0.199173 0.725773 0.008395 0.023477
2 2 0.044919 0.216959 0.712239 0.011383 0.014501
2 2 0.111510 0.242788 0.600335 0.028399 0.016967
2 2 0.019519 0.169176 0.793439 0.005333 0.012533
2 2 0.029970 0.141138 0.803724 0.017898 0.007270
2 2 0.065160 0.187589 0.710012 0.024009 0.013230
2 2 0.038677 0.154141 0.778935 0.014767 0.013480
2 2 0.012400 0.120265 0.853724 0.009862 0.003749
2 2 0.008127 0.017346 0.921113 0.051131 0.002282
2 2 0.002478 0.074686 0.918190 0.002059 0.002588
2 2 0.005656 0.044123 0.937985 0.006872 0.005363
2 2 0.003210 0.032728 0.952992 0.009403 0.001666
2 2 0.021875 0.058281 0.875153 0.040139 0.004551
2 2 0.002018 0.015231 0.967457 0.014288 0.001006
2 2 0.001688 0.006320 0.948867 0.042657 0.000468
2 2 0.001271 0.014980 0.975730 0.006908 0.001111
2 2 0.000259 0.003380 0.984496 0.011717 0.000148
2 2 0.000211 0.001742 0.968894 0.029085 0.000068
2 2 0.000358 0.002092 0.964228 0.033200 0.000122
2 2 0.000183 0.001355 0.957383 0.040958 0.000121
2 2 0.000231 0.003379 0.979808 0.016441 0.000142
2 3 0.000256 0.001652 0.918651 0.079307 0.000135
2 3 0.000089 0.000935 0.981352 0.017574 0.000051
2 3 0.000397 0.003002 0.905321 0.091075 0.000204
2 3 0.000351 0.003028 0.710665 0.285637 0.000319
2 3 0.000200 0.001216 0.604083 0.394274 0.000227
2 3 0.000039 0.000836 0.874614 0.124444 0.000067
2 3 0.000182 0.000800 0.554186 0.444675 0.000157
2 3 0.000118 0.000903 0.691144 0.307699 0.000135
3 3 0.000177 0.000670 0.479368 0.519684 0.000100
2 3 0.000096 0.001065 0.619559 0.379116 0.000163
3 3 0.000204 0.001476 0.421477 0.576534 0.000308
3 3 0.000299 0.000910 0.183770 0.814668 0.000353
3 3 0.002725 0.008493 0.203983 0.782253 0.002546
3 3 0.000067 0.000277 0.363937 0.635649 0.000069
2 3 0.001546 0.002026 0.617219 0.378859 0.000351
2 3 0.000241 0.001129 0.572220 0.426219 0.000191
3 3 0.000117 0.000348 0.330130 0.669310 0.000095
3 3 0.000506 0.001825 0.177440 0.819888 0.000341
3 3 0.000152 0.000682 0.186250 0.812616 0.000300
3 3 0.000115 0.000413 0.476761 0.522636 0.000075
3 3 0.000040 0.000226 0.212381 0.787273 0.000080
3 3 0.000076 0.000586 0.294795 0.704376 0.000167
3 3 0.000702 0.001664 0.229165 0.767977 0.000492
3 3 0.000155 0.000332 0.202096 0.797324 0.000094
3 3 0.000163 0.000268 0.037425 0.961998 0.000145
3 3 0.000133 0.000547 0.220712 0.778417 0.000190
3 3 0.000262 0.001268 0.264385 0.733767 0.000318
3 3 0.000039 0.000257 0.175296 0.824305 0.000103
3 3 0.000212 0.000744 0.382837 0.616021 0.000185
3 3 0.000098 0.000872 0.268393 0.730335 0.000301
3 3 0.000084 0.000440 0.212291 0.787047 0.000139
3 3 0.000069 0.000526 0.309652 0.689586 0.000167
3 3 0.000168 0.000421 0.073225 0.925980 0.000205
3 3 0.000134 0.000559 0.069100 0.929884 0.000323
3 3 0.000298 0.000756 0.232731 0.765988 0.000227
3 3 0.000144 0.000960 0.288404 0.710246 0.000245
3 3 0.000192 0.000505 0.130848 0.868271 0.000184
3 3 0.000924 0.001443 0.058237 0.938739 0.000657
3 3 0.000279 0.000399 0.040292 0.958807 0.000222
3 3 0.000068 0.000610 0.171989 0.827097 0.000235
3 3 0.000244 0.000800 0.144190 0.854396 0.000370
3 3 0.000463 0.001801 0.182481 0.814614 0.000641
3 3 0.000034 0.000107 0.045579 0.954219 0.000061
3 3 0.000029 0.000111 0.121888 0.877933 0.000038
3 3 0.000179 0.000839 0.272029 0.726712 0.000242
3 3 0.000264 0.000526 0.055023 0.943922 0.000265
3 3 0.000037 0.000169 0.089285 0.910433 0.000076
3 3 0.000091 0.000216 0.078614 0.920973 0.000107
3 3 0.000037 0.000168 0.060542 0.939146 0.000107
3 3 0.000038 0.000211 0.102191 0.897472 0.000088
3 3 0.000235 0.000850 0.122661 0.875927 0.000327
3 3 0.000355 0.000502 0.041168 0.957746 0.000229
3 3 0.000094 0.000169 0.037028 0.962623 0.000086
3 3 0.000042 0.000251 0.116556 0.883016 0.000135
3 3 0.000065 0.000210 0.081527 0.918103 0.000094
3 3 0.000123 0.000267 0.080789 0.918673 0.000148
3 3 0.000188 0.000386 0.078369 0.920903 0.000154
3 3 0.021604 0.022742 0.439714 0.513707 0.002233
2 3 0.025085 0.046180 0.588059 0.336798 0.003878
2 3 0.007242 0.035142 0.869682 0.086659 0.001275
2 3 0.144992 0.108711 0.630764 0.099883 0.015649
2 2 0.135509 0.142726 0.635891 0.070002 0.015871
2 2 0.116308 0.107968 0.685725 0.071702 0.018298
2 2 0.126722 0.172530 0.637048 0.040830 0.022870
2 2 0.131143 0.290455 0.531480 0.017828 0.029093
2 2 0.254686 0.203118 0.458030 0.043483 0.040684
2 2 0.211235 0.258868 0.466165 0.032632 0.031099
2 2 0.223628 0.338760 0.376895 0.016614 0.044102
2 2 0.211530 0.259481 0.457312 0.023075 0.048602
0 0 0.382160 0.300411 0.228622 0.015614 0.073192
0 0 0.564036 0.183624 0.148107 0.024641 0.079593
0 2 0.471649 0.241512 0.189067 0.019908 0.077864
0 2 0.549348 0.192632 0.154614 0.023864 0.079541
0 2 0.449023 0.256134 0.199091 0.018798 0.076954
0 2 0.499471 0.223773 0.176730 0.021297 0.078727
0 2 0.657441 0.128130 0.106903 0.029862 0.077664
0 2 0.506415 0.219387 0.173651 0.021649 0.078898
0 2 0.417642 0.276711 0.212973 0.017287 0.075387
0 0 0.629372 0.144468 0.119241 0.028234 0.078685
0 0 0.665764 0.126151 0.101723 0.026166 0.080196
0 0 0.629014 0.144678 0.119398 0.028214 0.078696
0 0 0.568227 0.181067 0.146251 0.024864 0.079591
0 0 0.557886 0.187387 0.150831 0.024314 0.079582
0 2 0.506067 0.219607 0.173805 0.021631 0.078890
0 2 0.541185 0.197671 0.158232 0.023437 0.079475
0 2 0.476910 0.238137 0.186734 0.020169 0.078049
0 2 0.484865 0.233053 0.183208 0.020565 0.078310
0 2 0.339843 0.329320 0.247189 0.013667 0.069981
0 2 0.371634 0.307535 0.233252 0.015125 0.072454
0 2 0.394382 0.290235 0.225515 0.016607 0.073261
2 2 0.077873 0.269807 0.597368 0.004727 0.050226
1 2 0.158854 0.409908 0.378155 0.008348 0.044735
0 2 0.370369 0.308394 0.233808 0.015067 0.072362
2 2 0.230609 0.249566 0.445095 0.026433 0.048297
0 2 0.377112 0.249865 0.287724 0.028928 0.056372
2 2 0.219821 0.290563 0.375177 0.005409 0.109030
1 2 0.263076 0.383818 0.280426 0.010256 0.062424
0 2 0.527374 0.189976 0.178817 0.028042 0.075791
1 2 0.325806 0.342971 0.248976 0.011616 0.070631
0 2 0.464026 0.246418 0.192445 0.019532 0.077578
0 2 0.589806 0.167998 0.136703 0.026029 0.079464
0 2 0.588134 0.148295 0.103769 0.003887 0.155915
0 2 0.559128 0.199505 0.135905 0.012473 0.092988
0 0 0.721938 0.104731 0.063507 0.008415 0.101408
0 0 0.732509 0.098765 0.057169 0.006963 0.104594
0 0 0.804403 0.055072 0.043511 0.023893 0.073121
0 0 0.785619 0.058036 0.051620 0.038411 0.066313
0 0 0.753800 0.074627 0.065107 0.036045 0.070421
0 1 0.748924 0.077223 0.067192 0.035702 0.070959
0 2 0.695445 0.106516 0.090293 0.032171 0.075574
0 2 0.580815 0.173424 0.140679 0.025541 0.079542
0 2 0.517095 0.212673 0.168914 0.022193 0.079125
0 2 0.391283 0.294273 0.224605 0.016041 0.073799
0 2 0.402488 0.286776 0.219664 0.016568 0.074504
0 2 0.428913 0.269280 0.207991 0.017826 0.075990
1 2 0.312689 0.348272 0.259025 0.012442 0.067571
1 2 0.287799 0.361972 0.274349 0.011824 0.064056
1 2 0.188403 0.440139 0.311746 0.007087 0.052626
2 2 0.068760 0.187032 0.667351 0.003373 0.073484
2 2 0.065789 0.229084 0.628445 0.002855 0.073827
0 2 0.439285 0.262481 0.203402 0.018326 0.076505
0 1 0.569005 0.180593 0.145906 0.024906 0.079590
0 1 0.406058 0.284397 0.218089 0.016737 0.074720
0 2 0.506421 0.219384 0.173648 0.021649 0.078898
1 2 0.308131 0.333486 0.281684 0.014023 0.062676
0 2 0.430856 0.268004 0.207131 0.017920 0.076089
1 2 0.261693 0.322951 0.320746 0.007809 0.086801
0 2 0.364524 0.293564 0.257566 0.018530 0.065817
2 2 0.267716 0.261461 0.384120 0.018470 0.068233
2 2 0.306850 0.272659 0.324032 0.011897 0.084562
0 2 0.453756 0.253060 0.196995 0.019029 0.077160
0 2 0.448719 0.256331 0.199226 0.018784 0.076940
2 2 0.295243 0.296759 0.314714 0.011520 0.081763
0 2 0.353422 0.298278 0.264970 0.014034 0.069296
1 2 0.311822 0.331972 0.264556 0.007999 0.083651
1 2 0.299196 0.344555 0.274531 0.012392 0.069327
2 2 0.065817 0.241457 0.567363 0.000763 0.124601
2 2 0.215270 0.266126 0.432744 0.015453 0.070407
0 1 0.467249 0.244342 0.191017 0.019691 0.077702
1 1 0.299900 0.357316 0.264573 0.011873 0.066339
2 2 0.214192 0.298721 0.427173 0.023323 0.036591
1 2 0.170018 0.420222 0.347601 0.007004 0.055155
2 2 0.050138 0.153574 0.706715 0.001420 0.088152
2 2 0.069632 0.190055 0.663356 0.002486 0.074470
2 2 0.063335 0.203093 0.665379 0.003226 0.064967
2 2 0.001907 0.070422 0.917955 0.000398 0.009317
2 2 0.003839 0.089153 0.893761 0.000730 0.012516
2 2 0.000388 0.039500 0.957664 0.000294 0.002154
2 2 0.002240 0.050070 0.941555 0.001846 0.004289
2 2 0.006970 0.055755 0.922421 0.003012 0.011843
2 2 0.073445 0.170219 0.616243 0.001011 0.139083
2 2 0.037920 0.149754 0.716454 0.000816 0.095057
0 2 0.525360 0.207504 0.165249 0.022617 0.079270
1 2 0.288350 0.362206 0.273396 0.011772 0.064277
1 2 0.303622 0.326850 0.293995 0.016150 0.059383
0 1 0.520660 0.210441 0.167333 0.022375 0.079191
1 2 0.216676 0.410418 0.308951 0.008900 0.055054
2 2 0.113361 0.227849 0.591313 0.009313 0.058164
2 2 0.191644 0.243499 0.474368 0.008041 0.082449
0 2 0.325944 0.280257 0.316007 0.024369 0.053423
0 2 0.690178 0.120178 0.083580 0.014586 0.091479
0 0 0.628701 0.144862 0.119536 0.028196 0.078705
0 0 0.802317 0.055483 0.044527 0.025451 0.072222
0 0 0.788417 0.064228 0.048842 0.020718 0.077795
0 0 0.798547 0.060741 0.043413 0.016075 0.081224
0 0 0.765018 0.068705 0.060328 0.036853 0.069096
0 0 0.689487 0.109865 0.092889 0.031800 0.075960
0 0 0.616670 0.151959 0.124839 0.027516 0.079016
0 1 0.610345 0.155712 0.127629 0.027162 0.079152
0 2 0.572043 0.178744 0.144562 0.025068 0.079583
0 2 0.392680 0.293335 0.223989 0.016106 0.073889
0 2 0.349723 0.322505 0.242866 0.014117 0.070789
0 2 0.355614 0.298080 0.263203 0.018273 0.064830
2 2 0.200289 0.354821 0.374313 0.010758 0.059819
2 2 0.113066 0.255462 0.497806 0.002037 0.131629
1 2 0.252352 0.389626 0.287335 0.009993 0.060694
2 2 0.055556 0.203625 0.704633 0.010896 0.025290
2 2 0.164378 0.199965 0.562956 0.027422 0.045279
2 2 0.047639 0.273133 0.639056 0.004585 0.035587
2 2 0.126571 0.335605 0.472501 0.007841 0.057483
2 2 0.193153 0.270286 0.463943 0.018215 0.054403
2 2 0.233927 0.322622 0.377303 0.017272 0.048875
2 2 0.240740 0.261822 0.413380 0.020114 0.063944
2 2 0.060701 0.291637 0.601988 0.005226 0.040447
2 2 0.240889 0.259327 0.424578 0.024982 0.050225
2 2 0.145122 0.333112 0.456897 0.008792 0.056077
2 2 0.272961 0.310668 0.330182 0.014513 0.071677
1 2 0.174408 0.439213 0.330682 0.007217 0.048479
2 2 0.058033 0.191630 0.699994 0.006879 0.043464
2 2 0.072322 0.276496 0.600925 0.005909 0.044349
2 2 0.108374 0.236317 0.598343 0.014251 0.042715
2 2 0.018448 0.222553 0.693088 0.000347 0.065564
2 2 0.156665 0.293249 0.490032 0.015232 0.044822
0 2 0.400266 0.288259 0.220644 0.016463 0.074368
2 2 0.035187 0.153932 0.781266 0.009748 0.019867
2 2 0.000991 0.032452 0.962977 0.001406 0.002173
2 2 0.000799 0.023668 0.972180 0.001689 0.001664
2 2 0.000884 0.018529 0.976428 0.002611 0.001549
2 2 0.000465 0.015594 0.981287 0.001400 0.001254
2 2 0.000421 0.015305 0.981685 0.001068 0.001521
2 2 0.002816 0.040487 0.946391 0.001207 0.009100
2 2 0.003276 0.030105 0.956381 0.001440 0.008798
2 2 0.030350 0.092341 0.844673 0.015428 0.017208
2 2 0.001949 0.039027 0.952178 0.001029 0.005816
2 2 0.019395 0.118667 0.842851 0.009987 0.009100
2 2 0.011067 0.075861 0.893808 0.005213 0.014052
2 2 0.004690 0.030125 0.949230 0.001124 0.014830
2 2 0.005024 0.072398 0.906275 0.001090 0.015214
2 2 0.005875 0.061270 0.919010 0.001736 0.012109
2 2 0.013400 0.195353 0.774488 0.002354 0.014405
2 2 0.138173 0.255071 0.499392 0.002775 0.104590
2 2 0.033910 0.244574 0.587191 0.000191 0.134134
2 2 0.189824 0.350363 0.353335 0.003025 0.103454
2 4 0.108457 0.302366 0.419851 0.000585 0.168741
2 4 0.069914 0.296788 0.484268 0.000657 0.148373
1 4 0.219516 0.410638 0.303263 0.008535 0.058048
1 4 0.185854 0.422230 0.328999 0.007410 0.055507
2 4 0.076474 0.350663 0.453069 0.000521 0.119273
1 4 0.199645 0.372507 0.324934 0.002493 0.100422
2 4 0.160885 0.313729 0.430981 0.004955 0.089450
2 4 0.100609 0.392225 0.430096 0.001969 0.075102
2 4 0.154558 0.353036 0.397955 0.002861 0.091589
2 4 0.075475 0.319873 0.504898 0.001125 0.098629
2 4 0.063412 0.320674 0.512876 0.000718 0.102320
2 4 0.086035 0.319965 0.429457 0.007811 0.156732
2 4 0.119445 0.245474 0.347749 0.014425 0.272906
0 4 0.349019 0.328760 0.236806 0.011074 0.074341
1 4 0.194961 0.383252 0.296405 0.009761 0.115622
1 4 0.209609 0.423731 0.303001 0.007972 0.055687
1 4 0.194990 0.389972 0.327351 0.003830 0.083857
2 4 0.171504 0.260522 0.323475 0.000524 0.243975
2 4 0.066124 0.227410 0.505655 0.000308 0.200503
1 4 0.094810 0.437562 0.326252 0.000197 0.141178
1 4 0.346310 0.355693 0.202649 0.004569 0.090779
0 4 0.536904 0.123540 0.090179 0.044065 0.205312
0 4 0.515109 0.238856 0.130371 0.004891 0.110773
0 4 0.526380 0.226595 0.138008 0.007708 0.101309
1 4 0.166603 0.334676 0.292594 0.000380 0.205746
0 4 0.359304 0.320683 0.186298 0.002168 0.131546
0 4 0.617416 0.151518 0.124510 0.027557 0.078999
2 4 0.044442 0.236775 0.598586 0.000461 0.119736
1 4 0.113034 0.502396 0.341066 0.004049 0.039455
1 4 0.233673 0.393550 0.282640 0.005938 0.084199
1 4 0.261277 0.385131 0.281195 0.010178 0.062218
1 4 0.132077 0.478164 0.340673 0.004907 0.044179
0 4 0.388762 0.335273 0.128209 0.000798 0.146957
2 4 0.091530 0.316984 0.353098 0.000117 0.238270
2 2 0.189037 0.193861 0.412690 0.001420 0.202992
1 2 0.127807 0.386417 0.325817 0.000366 0.159593
0 2 0.366198 0.311231 0.235640 0.014874 0.072057
1 2 0.204864 0.459403 0.265716 0.003343 0.066674
0 2 0.465786 0.245284 0.191665 0.019619 0.077646
2 4 0.091169 0.349274 0.435619 0.000669 0.123269
2 4 0.140739 0.336047 0.345419 0.000518 0.177277
2 4 0.055711 0.321562 0.432879 0.000095 0.189753
1 4 0.233718 0.409949 0.278545 0.005000 0.072788
1 4 0.259142 0.386693 0.282107 0.010085 0.061973
1 4 0.207766 0.434950 0.292469 0.006188 0.058627
1 4 0.231129 0.366462 0.284497 0.005167 0.112746
2 4 0.069304 0.363063 0.448719 0.000390 0.118524
1 2 0.081409 0.439434 0.364807 0.000282 0.114068
2 2 0.035757 0.315953 0.528522 0.000150 0.119618
2 2 0.023965 0.218400 0.568903 0.000056 0.188676
1 2 0.115746 0.406080 0.379307 0.001095 0.097772
1 2 0.107896 0.422868 0.386215 0.001340 0.081681
2 2 0.116697 0.394575 0.405467 0.002002 0.081259
2 2 0.085915 0.328901 0.505119 0.001901 0.078163
2 2 0.067537 0.380333 0.479168 0.001163 0.071799
2 2 0.076273 0.283599 0.571942 0.003768 0.064418
2 2 0.014752 0.140066 0.753689 0.000140 0.091353
2 2 0.005634 0.039449 0.941755 0.006561 0.006601
2 2 0.017333 0.187247 0.765395 0.002188 0.027838
2 2 0.030331 0.178204 0.770241 0.010493 0.010730
2 2 0.033822 0.230054 0.715799 0.008062 0.012264
2 2 0.005057 0.103429 0.879515 0.001491 0.010507
2 2 0.003847 0.047430 0.940243 0.005024 0.003455
2 2 0.003202 0.068013 0.922792 0.002893 0.003101
2 2 0.013104 0.141333 0.832596 0.005327 0.007639
2 2 0.017211 0.086184 0.873294 0.018374 0.004938
2 2 0.004652 0.020967 0.947413 0.025385 0.001583
2 2 0.010535 0.106365 0.867457 0.003874 0.011770
2 2 0.029499 0.107595 0.832387 0.011895 0.018625
2 2 0.174606 0.281658 0.489508 0.025723 0.028506
2 2 0.003410 0.076977 0.904769 0.000320 0.014524
2 2 0.002607 0.097631 0.889214 0.000402 0.010146
2 2 0.009824 0.053646 0.919143 0.009614 0.007774
2 2 0.006675 0.064889 0.917161 0.006111 0.005163
2 2 0.008091 0.047193 0.928818 0.009460 0.006438
2 2 0.004239 0.077032 0.908234 0.001810 0.008684
2 2 0.011270 0.086159 0.887816 0.008098 0.006657
2 2 0.001776 0.021921 0.962001 0.012855 0.001447
2 2 0.008420 0.044349 0.925376 0.018978 0.002877
2 2 0.003336 0.038073 0.948816 0.007907 0.001867
2 2 0.070326 0.075815 0.756687 0.087930 0.009242
2 2 0.003701 0.043745 0.942995 0.007515 0.002045
2 2 0.002236 0.009587 0.809079 0.178555 0.000544
2 3 0.003785 0.020484 0.941771 0.033226 0.000734
2 3 0.002057 0.011206 0.871345 0.114514 0.000877
2 3 0.004517 0.021776 0.710521 0.262077 0.001109
2 3 0.005962 0.021277 0.834736 0.136905 0.001120
2 3 0.010456 0.051308 0.835894 0.098918 0.003424
2 3 0.000619 0.010354 0.844650 0.143174 0.001203
2 3 0.013792 0.033360 0.836370 0.113706 0.002771
3 3 0.003154 0.016063 0.346861 0.630751 0.003171
3 3 0.004329 0.030362 0.468880 0.491834 0.004595
2 3 0.018559 0.058721 0.689377 0.223685 0.009658
2 3 0.077626 0.139038 0.693702 0.079987 0.009646
2 3 0.057100 0.098571 0.577934 0.253359 0.013036
2 3 0.058996 0.088931 0.613528 0.228618 0.009926
2 3 0.030369 0.049378 0.575098 0.339126 0.006029
2 3 0.038749 0.159312 0.703420 0.087120 0.011399
2 3 0.022234 0.049298 0.675872 0.244840 0.007756
2 3 0.044271 0.107127 0.593289 0.241707 0.013606
3 3 0.026445 0.048163 0.360757 0.553899 0.010737
2 3 0.098997 0.084666 0.427280 0.368810 0.020247
2 3 0.019813 0.070335 0.590140 0.312535 0.007177
2 3 0.027564 0.060258 0.675700 0.230398 0.006080
2 3 0.164260 0.077752 0.548209 0.200325 0.009455
3 3 0.083896 0.049579 0.402352 0.454137 0.010035
2 3 0.005976 0.094189 0.834404 0.059932 0.005499
2 3 0.001766 0.010145 0.944011 0.043600 0.000477
2 3 0.005263 0.008979 0.820646 0.164367 0.000744
2 3 0.003134 0.011670 0.764194 0.220012 0.000990
2 3 0.001725 0.008721 0.877801 0.111259 0.000494
2 3 0.002539 0.014496 0.696112 0.285868 0.000984
3 3 0.024511 0.026726 0.257001 0.684289 0.007472
2 3 0.012926 0.016295 0.493926 0.472915 0.003938
2 3 0.002181 0.014974 0.732741 0.247035 0.003069
3 3 0.046185 0.047708 0.347335 0.546927 0.011846
2 3 0.015462 0.026617 0.702973 0.250124 0.004824
2 3 0.003573 0.009210 0.609972 0.376053 0.001192
3 3 0.002079 0.004771 0.279841 0.712195 0.001113
3 3 0.000709 0.002297 0.158804 0.837590 0.000600
3 3 0.008168 0.008617 0.159894 0.821282 0.002039
3 3 0.011662 0.022459 0.317372 0.644932 0.003575
2 3 0.002974 0.008703 0.494223 0.492712 0.001387
3 3 0.027221 0.024860 0.389633 0.555011 0.003274
3 3 0.002863 0.003347 0.130716 0.862209 0.000865
3 3 0.000337 0.000990 0.120401 0.877874 0.000398
2 3 0.001030 0.007561 0.615547 0.375206 0.000656
3 3 0.003811 0.006717 0.265492 0.722439 0.001540
3 3 0.004861 0.004550 0.197274 0.792091 0.001224
3 3 0.015562 0.022412 0.442110 0.517235 0.002681
3 3 0.014563 0.014599 0.425626 0.542886 0.002326
3 3 0.000917 0.004087 0.249878 0.744261 0.000857
3 3 0.001503 0.005865 0.280369 0.711022 0.001242
3 3 0.006770 0.007548 0.134548 0.849075 0.002059
3 3 0.005625 0.010400 0.256839 0.725384 0.001751
3 3 0.003038 0.009334 0.347858 0.638675 0.001094
3 3 0.010674 0.027817 0.368651 0.588955 0.003903
3 3 0.010452 0.014289 0.261305 0.711256 0.002699
3 3 0.001484 0.003376 0.247395 0.746814 0.000931
3 3 0.001377 0.001982 0.095468 0.900585 0.000588
3 3 0.001149 0.003048 0.183796 0.811234 0.000773
3 3 0.002367 0.003737 0.168947 0.824204 0.000745
3 3 0.003900 0.006078 0.126568 0.861981 0.001473
3 3 0.001349 0.001907 0.139155 0.857098 0.000491
3 3 0.009560 0.006849 0.223892 0.758171 0.001528
3 3 0.001609 0.002922 0.149221 0.845555 0.000693
2 3 0.006430 0.025809 0.523128 0.441760 0.002873
3 3 0.004161 0.009194 0.256369 0.728794 0.001482
3 3 0.002719 0.002952 0.271346 0.722333 0.000650
3 3 0.005556 0.008778 0.207467 0.776168 0.002032
2 2 0.260197 0.105099 0.463086 0.153866 0.017752
2 2 0.057530 0.039992 0.477735 0.419647 0.005096
0 2 0.373740 0.174108 0.317633 0.084325 0.050194
2 2 0.026155 0.118850 0.772958 0.060463 0.021574
2 2 0.068059 0.137450 0.747423 0.028509 0.018560
2 2 0.040735 0.053929 0.816920 0.077709 0.010707
2 2 0.120615 0.332363 0.507478 0.014770 0.024774
2 2 0.004723 0.051231 0.934201 0.004701 0.005144
2 2 0.008279 0.036911 0.933505 0.017211 0.004093
2 2 0.001035 0.039650 0.955728 0.001123 0.002464
2 2 0.001157 0.041756 0.952948 0.001071 0.003069
2 2 0.000270 0.026515 0.970637 0.001211 0.001367
2 2 0.006133 0.051785 0.929165 0.009828 0.003088
2 2 0.001303 0.020664 0.972149 0.004499 0.001385
2 2 0.000149 0.010302 0.987836 0.000859 0.000854
2 2 0.001107 0.027946 0.965072 0.004280 0.001595
2 2 0.007193 0.020130 0.892163 0.077073 0.003442
2 2 0.003231 0.029914 0.906967 0.050271 0.009618
2 2 0.002439 0.021278 0.928095 0.040713 0.007475
2 2 0.011191 0.022743 0.937544 0.015599 0.012923
2 2 0.187337 0.217277 0.526289 0.045504 0.023593
2 2 0.010775 0.096191 0.879034 0.005818 0.008182
2 2 0.003646 0.048773 0.939149 0.003479 0.004954
2 2 0.001683 0.061379 0.932113 0.001095 0.003731
2 2 0.028013 0.035238 0.857280 0.073408 0.006061
2 2 0.036769 0.108614 0.820719 0.021390 0.012509
2 2 0.082356 0.176160 0.695167 0.023980 0.022336
2 2 0.012846 0.126245 0.841523 0.003413 0.015973
2 2 0.012137 0.083605 0.884884 0.003646 0.015727
2 2 0.001868 0.059100 0.933233 0.001025 0.004774
2 2 0.003371 0.092589 0.896597 0.002024 0.005419
2 2 0.003011 0.041177 0.942193 0.000464 0.013154
2 2 0.015070 0.041138 0.921110 0.009416 0.013266
2 2 0.038185 0.091991 0.831115 0.024659 0.014050
2 2 0.006201 0.062449 0.918644 0.003013 0.009692
2 2 0.008129 0.078156 0.901211 0.005252 0.007252
2 2 0.025082 0.083190 0.862109 0.014392 0.015227
2 2 0.004439 0.032098 0.951101 0.008703 0.003658
2 2 0.009534 0.065587 0.909677 0.009810 0.005391
2 2 0.007438 0.029881 0.939472 0.019533 0.003675
2 2 0.012988 0.046779 0.914637 0.019466 0.006130
2 2 0.026078 0.127692 0.822944 0.011933 0.011352
2 2 0.005887 0.090809 0.876458 0.006155 0.020691
2 2 0.007295 0.063633 0.911723 0.008938 0.008410
2 2 0.006074 0.067118 0.912796 0.005488 0.008524
2 2 0.004441 0.099918 0.883859 0.000938 0.010845
2 2 0.004746 0.068323 0.914846 0.001531 0.010553
2 2 0.038361 0.111608 0.815347 0.017473 0.017212
2 2 0.040478 0.136603 0.791197 0.016489 0.015233
2 2 0.072541 0.122595 0.753271 0.032352 0.019241
2 2 0.007118 0.078059 0.901195 0.001917 0.011711
2 2 0.037840 0.070541 0.855923 0.014970 0.020726
2 2 0.007097 0.041730 0.918036 0.030212 0.002925
2 2 0.001708 0.044517 0.942496 0.008802 0.002477
2 2 0.002644 0.019825 0.907972 0.067733 0.001825
2 2 0.008599 0.017804 0.873450 0.098351 0.001796
2 2 0.001958 0.030902 0.941236 0.023738 0.002166
2 2 0.024626 0.099206 0.814895 0.047093 0.014180
2 2 0.013305 0.064423 0.853570 0.043936 0.024766
2 2 0.009540 0.124578 0.830555 0.015538 0.019789
2 2 0.036485 0.134142 0.769498 0.040215 0.019660
2 2 0.026130 0.108513 0.821285 0.020244 0.023828
2 2 0.001713 0.026653 0.924372 0.043905 0.003357
2 2 0.006081 0.031889 0.897333 0.060423 0.004275
2 2 0.001130 0.020180 0.816197 0.159634 0.002859
2 2 0.007956 0.030111 0.838863 0.118619 0.004451
2 2 0.001726 0.025289 0.924064 0.045815 0.003107
2 2 0.000611 0.004881 0.799083 0.194848 0.000577
2 2 0.000192 0.004943 0.756176 0.238019 0.000671
2 2 0.008588 0.023438 0.769682 0.195728 0.002565
2 2 0.000931 0.006989 0.586442 0.404299 0.001340
2 2 0.001638 0.011902 0.863752 0.122009 0.000699
2 2 0.269540 0.302315 0.359282 0.021987 0.046876
2 2 0.067851 0.100016 0.772561 0.042786 0.016787
2 2 0.107812 0.214019 0.628152 0.034886 0.015131
2 2 0.013258 0.055901 0.908554 0.010461 0.011827
2 2 0.011477 0.053503 0.914466 0.014590 0.005964
2 2 0.029582 0.149026 0.766736 0.002741 0.051916
2 2 0.036756 0.162793 0.767725 0.008322 0.024404
2 2 0.012442 0.200715 0.741810 0.000975 0.044059
2 2 0.035691 0.259633 0.674229 0.004375 0.026072
2 2 0.037250 0.238378 0.680641 0.002323 0.041408
2 2 0.060981 0.197587 0.632797 0.000998 0.107636
2 2 0.091671 0.306575 0.434681 0.003353 0.163720
0 4 0.426184 0.273388 0.207427 0.014579 0.078422
2 4 0.045495 0.201713 0.427947 0.002529 0.322316
1 4 0.179860 0.401941 0.351694 0.007639 0.058866
0 1 0.381005 0.254940 0.266556 0.014532 0.082967
1 1 0.242292 0.440047 0.223110 0.001724 0.092827
1 2 0.186444 0.443060 0.296444 0.003228 0.070825
2 4 0.035783 0.289580 0.464275 0.001224 0.209138
2 4 0.067426 0.290500 0.397961 0.002255 0.241857
2 4 0.050527 0.414971 0.500345 0.002845 0.031312
2 4 0.011179 0.221810 0.746864 0.001117 0.019031
2 2 0.007503 0.120116 0.833019 0.000287 0.039075
2 2 0.018251 0.165840 0.787560 0.002126 0.026224
2 2 0.010457 0.055478 0.894619 0.000812 0.038634
2 2 0.005590 0.062841 0.910936 0.000747 0.019886
2 2 0.017640 0.147315 0.801605 0.001319 0.032121
2 2 0.011856 0.107486 0.862140 0.002820 0.015699
2 2 0.069575 0.174944 0.707251 0.014157 0.034073
2 2 0.022136 0.085825 0.860992 0.005799 0.025248
2 2 0.022900 0.085448 0.858037 0.004038 0.029578
2 2 0.022298 0.107101 0.834796 0.002536 0.033269
2 2 0.005607 0.082388 0.892430 0.000806 0.018770
2 2 0.006962 0.099198 0.868219 0.000645 0.024975
2 2 0.007764 0.129953 0.830445 0.000444 0.031394
2 2 0.014173 0.091345 0.829534 0.000322 0.064625
0 1 0.440952 0.261392 0.202664 0.018407 0.076584
1 2 0.269536 0.379116 0.277660 0.010537 0.063151
2 2 0.226617 0.295055 0.394735 0.011990 0.071603
2 2 0.047210 0.223474 0.623942 0.000641 0.104734
2 2 0.038750 0.152558 0.767118 0.005193 0.036381
2 2 0.020123 0.187331 0.744729 0.000513 0.047303
2 2 0.033143 0.150507 0.774481 0.004014 0.037855
2 2 0.019955 0.186279 0.749654 0.001047 0.043065
2 2 0.015261 0.183529 0.735378 0.000246 0.065586
2 2 0.007190 0.130926 0.836731 0.000450 0.024703
2 2 0.004579 0.095780 0.874235 0.000232 0.025175
2 2 0.007458 0.133191 0.832213 0.000433 0.026704
2 2 0.012725 0.190914 0.763328 0.000648 0.032386
2 2 0.047197 0.190844 0.709000 0.003267 0.049693
2 2 0.049131 0.125134 0.781087 0.009352 0.035296
2 2 0.025132 0.156253 0.787800 0.002637 0.028178
2 2 0.033226 0.129823 0.791606 0.003364 0.041980
2 2 0.027460 0.167568 0.758692 0.001659 0.044621
2 2 0.013480 0.155827 0.786732 0.000443 0.043518
2 2 0.010178 0.076937 0.898337 0.007711 0.006837
2 2 0.013848 0.105648 0.861841 0.005265 0.013399
2 2 0.009202 0.083855 0.892744 0.004854 0.009344
2 2 0.003044 0.057585 0.932414 0.002408 0.004549
2 2 0.010924 0.059741 0.911510 0.010494 0.007331
2 2 0.008973 0.112835 0.864219 0.003039 0.010934
2 2 0.046822 0.085547 0.820323 0.029259 0.018049
2 2 0.038734 0.143795 0.787901 0.015617 0.013953
2 2 0.010289 0.075335 0.899332 0.007337 0.007707
2 2 0.009929 0.105010 0.866688 0.002951 0.015421
2 2 0.001162 0.043094 0.948739 0.000321 0.006684
2 2 0.010332 0.039517 0.926771 0.017867 0.005513
2 2 0.018235 0.044971 0.903485 0.024383 0.008926
2 2 0.015381 0.052065 0.905569 0.019714 0.007271
2 2 0.009572 0.108100 0.869284 0.004030 0.009015
2 2 0.043520 0.140853 0.776923 0.011439 0.027265
2 2 0.025544 0.132728 0.815041 0.007562 0.019126
2 2 0.040564 0.105256 0.817439 0.021044 0.015696
2 2 0.031771 0.076010 0.854508 0.018646 0.019065
2 2 0.042454 0.101580 0.815537 0.027905 0.012524
2 2 0.021403 0.067077 0.882249 0.018774 0.010497
2 2 0.021546 0.064140 0.882956 0.022639 0.008719
2 2 0.062322 0.107935 0.778204 0.033010 0.018529
2 2 0.026947 0.086842 0.855038 0.013412 0.017761
2 2 0.028921 0.061973 0.873784 0.020764 0.014559
2 2 0.003757 0.020042 0.935601 0.038957 0.001643
2 2 0.010345 0.042894 0.915182 0.029095 0.002484
2 2 0.008966 0.029971 0.901301 0.057008 0.002754
2 3 0.024920 0.027842 0.821633 0.122626 0.002979
2 3 0.006839 0.035425 0.912283 0.043390 0.002063
2 3 0.003380 0.012870 0.899002 0.083784 0.000964
2 3 0.003005 0.019588 0.811979 0.163313 0.002115
2 3 0.016568 0.036112 0.810062 0.133450 0.003808
2 3 0.007152 0.019066 0.795176 0.176445 0.002161
2 3 0.006600 0.016581 0.896125 0.079707 0.000987
2 3 0.002461 0.005774 0.806511 0.184709 0.000544
2 3 0.000250 0.006488 0.883814 0.109026 0.000422
2 3 0.001076 0.006377 0.700009 0.291886 0.000653
2 3 0.002100 0.010167 0.760766 0.225549 0.001418
2 3 0.010250 0.022769 0.692127 0.273001 0.001854
2 3 0.017954 0.062853 0.745929 0.149830 0.023434
2 3 0.014599 0.058313 0.593210 0.300427 0.033451
3 3 0.106167 0.045294 0.345027 0.489491 0.014020
3 3 0.095071 0.087218 0.320782 0.415729 0.081200
2 2 0.241550 0.195299 0.260482 0.185071 0.117599
0 2 0.396324 0.271943 0.243646 0.020720 0.067368
1 2 0.291199 0.363514 0.268336 0.011487 0.065464
2 2 0.094920 0.227258 0.603495 0.003949 0.070378
2 2 0.068728 0.234321 0.646803 0.005215 0.044932
2 2 0.041358 0.165358 0.729543 0.001615 0.062125
2 2 0.032587 0.142971 0.789737 0.003653 0.031052
2 2 0.060012 0.192381 0.699462 0.005610 0.042535
2 2 0.019675 0.149107 0.788878 0.001065 0.041275
2 2 0.023143 0.137254 0.786246 0.001073 0.052283
2 2 0.025927 0.131294 0.785891 0.001155 0.055733
2 2 0.015886 0.142762 0.802474 0.000812 0.038066
2 2 0.010481 0.128456 0.831000 0.000796 0.029267
2 2 0.013639 0.147415 0.798121 0.000530 0.040296
2 2 0.107433 0.212386 0.620828 0.010554 0.048798
2 2 0.047058 0.181602 0.724909 0.003832 0.042599
2 2 0.032956 0.094156 0.832504 0.003827 0.036557
1 1 0.278298 0.372776 0.273897 0.010920 0.064110
2 2 0.020869 0.166200 0.753702 0.000481 0.058748
2 2 0.200679 0.191043 0.530319 0.044772 0.033187
2 2 0.046747 0.193557 0.713563 0.004066 0.042067
2 2 0.007756 0.102890 0.860261 0.000468 0.028625
2 2 0.003662 0.097066 0.872179 0.000156 0.026938
2 2 0.011750 0.109783 0.855955 0.002005 0.020506
2 2 0.005135 0.076698 0.901614 0.000784 0.015769
2 2 0.005065 0.079116 0.890562 0.000397 0.024860
2 2 0.007577 0.091639 0.820515 0.000076 0.080194
2 2 0.028336 0.151503 0.749010 0.000788 0.070364
2 2 0.047292 0.093246 0.780022 0.007648 0.071791
0 0 0.490535 0.229442 0.180693 0.020848 0.078481
1 1 0.219654 0.416084 0.298811 0.008395 0.057056
0 2 0.367821 0.236659 0.309898 0.034327 0.051295
1 2 0.308491 0.351232 0.260848 0.012255 0.067174
2 2 0.138311 0.287153 0.523529 0.017148 0.033859
2 2 0.192445 0.286837 0.448269 0.016016 0.056434
2 2 0.284479 0.244032 0.390729 0.030640 0.050121
2 2 0.076871 0.258069 0.616725 0.008658 0.039676
1 2 0.241287 0.396383 0.293638 0.009636 0.059055
2 2 0.049216 0.221175 0.692296 0.007296 0.030016
2 2 0.005483 0.075113 0.872621 0.000144 0.046639
2 2 0.008699 0.121858 0.812123 0.000163 0.057158
2 2 0.009685 0.095707 0.866653 0.001006 0.026949
2 2 0.014573 0.064430 0.891371 0.002500 0.027127
2 2 0.003563 0.073202 0.885453 0.000096 0.037686
2 2 0.012531 0.071460 0.880201 0.001092 0.034716
2 2 0.013673 0.137851 0.803620 0.000659 0.044197
2 2 0.073176 0.164292 0.550313 0.000531 0.211687
2 2 0.088634 0.145145 0.617494 0.001524 0.147203
0 2 0.407568 0.176719 0.258901 0.010518 0.146294
0 2 0.422782 0.273316 0.210701 0.017533 0.075668
0 2 0.612301 0.154550 0.126766 0.027271 0.079112
0 2 0.482060 0.234843 0.184451 0.020425 0.078221
0 2 0.375616 0.304835 0.231501 0.015310 0.072738
0 2 0.333809 0.333504 0.249825 0.013393 0.069469
0 2 0.429094 0.253680 0.224548 0.021720 0.070958
0 1 0.415397 0.278197 0.213965 0.017180 0.075261
2 2 0.178884 0.365072 0.403909 0.013276 0.038859
2 2 0.059732 0.169965 0.730344 0.015237 0.024722
2 2 0.011907 0.101174 0.860468 0.001630 0.024820
2 2 0.027380 0.094457 0.843331 0.006422 0.028410
2 2 0.064015 0.152017 0.740926 0.020146 0.022897
2 2 0.084461 0.247442 0.591379 0.003304 0.073414
2 2 0.055464 0.152716 0.723261 0.003340 0.065219
2 2 0.086857 0.239941 0.608242 0.005041 0.059919
2 2 0.017379 0.240170 0.699116 0.000780 0.042554
2 2 0.024246 0.280799 0.633964 0.000479 0.060512
2 4 0.062845 0.347276 0.467754 0.000346 0.121780
1 4 0.228944 0.409077 0.294912 0.008789 0.058278
2 4 0.140534 0.367680 0.382706 0.001669 0.107410
2 4 0.145653 0.341240 0.403553 0.002206 0.107347
1 4 0.113626 0.362194 0.340794 0.005103 0.178283
1 4 0.109836 0.462971 0.315022 0.002145 0.110026
2 4 0.108980 0.295950 0.410372 0.001917 0.182781
0 4 0.340137 0.279849 0.233478 0.003310 0.143226
0 4 0.551492 0.184773 0.163056 0.023859 0.076820
1 4 0.331341 0.335219 0.250902 0.013281 0.069256
4 4 0.199630 0.188062 0.183632 0.005191 0.423485
0 4 0.429168 0.269112 0.207878 0.017839 0.076003
1 4 0.287250 0.381920 0.251445 0.007190 0.072196
0 4 0.359002 0.336771 0.207436 0.006728 0.090063
0 4 0.330669 0.287380 0.179350 0.009187 0.193414
0 4 0.396426 0.260493 0.109488 0.001352 0.232240
0 4 0.387440 0.330939 0.176211 0.003742 0.101668
0 1 0.501698 0.222365 0.175743 0.021410 0.078784
0 1 0.557476 0.211556 0.086873 0.001593 0.142502
1 4 0.233611 0.267471 0.262117 0.000674 0.236126
1 4 0.146147 0.400590 0.352309 0.001558 0.099395
1 4 0.221378 0.329231 0.259730 0.001370 0.188290
2 4 0.130532 0.334375 0.390503 0.000917 0.143673
1 4 0.179359 0.424888 0.276966 0.001031 0.117757
1 1 0.314436 0.347043 0.258266 0.012521 0.067735
0 1 0.371791 0.358217 0.135962 0.000923 0.133107
2 4 0.164100 0.290216 0.306792 0.000372 0.238520
1 4 0.214046 0.464282 0.183739 0.000326 0.137606
1 4 0.187796 0.367727 0.220828 0.000717 0.222933
0 4 0.306000 0.219440 0.214136 0.001081 0.259343
0 4 0.489252 0.237567 0.111338 0.003381 0.158462
4 4 0.051157 0.198914 0.331741 0.001722 0.416467
2 4 0.054744 0.319653 0.356384 0.000028 0.269191
0 4 0.363487 0.343159 0.195745 0.004741 0.092867
1 4 0.303446 0.388728 0.200973 0.002123 0.104730
2 4 0.176967 0.205787 0.340332 0.000699 0.276216
0 4 0.376266 0.304395 0.231216 0.015340 0.072783
0 4 0.524507 0.208037 0.165627 0.022573 0.079257
1 4 0.208266 0.401161 0.199585 0.002092 0.188896
1 4 0.179950 0.361428 0.310812 0.000956 0.146854
1 2 0.148976 0.391632 0.248883 0.000151 0.210358
2 2 0.083069 0.322270 0.344960 0.000088 0.249612
2 2 0.104561 0.240100 0.413549 0.000344 0.241446
1 2 0.353739 0.364451 0.171011 0.002114 0.108685
1 2 0.153543 0.349470 0.339767 0.000750 0.156469
1 2 0.251078 0.397074 0.256411 0.003069 0.092369
1 2 0.212928 0.418624 0.247596 0.005335 0.115518
1 2 0.186224 0.429322 0.295531 0.002175 0.086747
0 4 0.402294 0.279809 0.174479 0.002571 0.140848
1 4 0.346830 0.354658 0.203543 0.004710 0.090259
1 4 0.261388 0.375604 0.218701 0.002643 0.141664
0 4 0.457397 0.262947 0.148188 0.003166 0.128302
1 4 0.263624 0.410121 0.246923 0.004722 0.074610
1 4 0.183769 0.386240 0.271805 0.001045 0.157141
1 4 0.292868 0.347159 0.193845 0.005496 0.160632
1 4 0.226338 0.433824 0.268536 0.004727 0.066575
0 4 0.398949 0.294847 0.198543 0.006371 0.101289
0 4 0.397526 0.301477 0.182734 0.003878 0.114386
4 4 0.226712 0.204438 0.193010 0.001545 0.374295
1 4 0.135846 0.369599 0.263887 0.000355 0.230313
1 4 0.255920 0.377943 0.275047 0.004705 0.086385
2 4 0.083872 0.387168 0.417837 0.000539 0.110584
1 4 0.069264 0.378336 0.368450 0.003625 0.180326
2 4 0.062398 0.304121 0.479448 0.000268 0.153765
2 4 0.125922 0.256928 0.393276 0.000580 0.223294
0 1 0.559751 0.210567 0.099961 0.002887 0.126834
