0 0 0.518016 0.163936 0.078455 0.006946 0.232647
4 0 0.182655 0.220564 0.106035 0.006903 0.483843
1 0 0.357179 0.378654 0.104411 0.000767 0.158989
4 1 0.060057 0.283419 0.150015 0.009919 0.496591
1 1 0.209371 0.399231 0.143891 0.001921 0.245586
1 1 0.024710 0.340741 0.293223 0.001972 0.339353
2 1 0.094833 0.405914 0.426441 0.006381 0.066432
2 1 0.015495 0.358487 0.432479 0.002460 0.191079
1 4 0.114357 0.441453 0.359870 0.005229 0.079091
2 4 0.017968 0.344765 0.366861 0.003086 0.267320
2 4 0.033734 0.343248 0.380351 0.014665 0.228002
1 4 0.043226 0.341026 0.332573 0.006678 0.276496
1 4 0.306082 0.409308 0.209857 0.001597 0.073156
4 4 0.030598 0.315044 0.214865 0.000714 0.438780
4 4 0.019526 0.315058 0.291858 0.002832 0.370726
1 1 0.183225 0.381805 0.377672 0.003164 0.054135
2 1 0.021519 0.343227 0.460600 0.003921 0.170733
1 1 0.092750 0.464743 0.362288 0.003833 0.076386
2 1 0.035237 0.340761 0.473831 0.022874 0.127296
1 1 0.112545 0.412532 0.376535 0.010831 0.087558
2 1 0.012378 0.334834 0.582792 0.002696 0.067299
2 1 0.012066 0.309317 0.581103 0.003294 0.094220
1 1 0.113279 0.446026 0.395553 0.000948 0.044193
2 1 0.077117 0.370685 0.510790 0.002563 0.038845
2 1 0.030001 0.340392 0.550525 0.019013 0.060069
2 1 0.024121 0.295563 0.648899 0.004097 0.027319
2 1 0.033041 0.309906 0.631904 0.001843 0.023306
2 1 0.019685 0.304986 0.651112 0.001898 0.022318
2 2 0.039413 0.358005 0.574810 0.001194 0.026578
2 2 0.027408 0.329628 0.619652 0.001156 0.022157
2 2 0.057227 0.385131 0.501944 0.005001 0.050697
2 2 0.032435 0.363556 0.504182 0.016562 0.083265
2 2 0.060315 0.324158 0.536085 0.020279 0.059162
2 2 0.141719 0.377136 0.417617 0.005356 0.058172
2 2 0.072887 0.305219 0.557147 0.015637 0.049110
2 2 0.044835 0.381446 0.506379 0.008651 0.058688
1 2 0.142413 0.433087 0.364328 0.002130 0.058042
1 1 0.077730 0.432437 0.417878 0.004830 0.067125
2 1 0.046217 0.417418 0.466301 0.006306 0.063758
2 1 0.112641 0.414204 0.417851 0.002617 0.052688
2 1 0.063066 0.386185 0.486185 0.006918 0.057647
2 1 0.072436 0.294865 0.565857 0.018236 0.048606
2 1 0.052314 0.370535 0.528239 0.004396 0.044517
2 2 0.047330 0.339130 0.555768 0.009499 0.048273
2 2 0.103298 0.403282 0.449686 0.001686 0.042048
2 2 0.041413 0.296662 0.637395 0.002012 0.022518
2 2 0.037517 0.308974 0.629068 0.001697 0.022745
2 2 0.037103 0.322026 0.615711 0.001526 0.023634
2 2 0.021881 0.262476 0.693852 0.002592 0.019198
2 2 0.007715 0.196821 0.779404 0.001773 0.014287
2 2 0.000423 0.006298 0.960877 0.032212 0.000190
2 2 0.006142 0.054320 0.928947 0.008062 0.002530
2 2 0.011502 0.106999 0.858472 0.014785 0.008242
2 2 0.011818 0.092757 0.879513 0.010004 0.005909
2 3 0.007865 0.036219 0.948301 0.006282 0.001333
2 3 0.012179 0.115072 0.853984 0.010532 0.008232
2 3 0.047369 0.080154 0.869317 0.000840 0.002321
2 3 0.004951 0.041432 0.920347 0.030619 0.002651
2 3 0.012876 0.128989 0.843372 0.006428 0.008335
2 3 0.008129 0.079812 0.889475 0.016994 0.005589
2 3 0.002097 0.013591 0.871687 0.111742 0.000883
2 3 0.011348 0.042563 0.884121 0.058457 0.003511
2 3 0.000288 0.003650 0.671438 0.324388 0.000236
2 3 0.000499 0.006070 0.707897 0.285092 0.000442
2 3 0.000203 0.003037 0.722904 0.273692 0.000164
2 3 0.000262 0.003093 0.621179 0.375259 0.000207
2 3 0.000775 0.007040 0.688881 0.302738 0.000566
2 3 0.000218 0.002378 0.553716 0.443523 0.000165
2 3 0.000036 0.000541 0.529509 0.469892 0.000022
2 3 0.005032 0.013812 0.644576 0.334283 0.002297
2 3 0.000106 0.001089 0.577353 0.421398 0.000053
3 3 0.000027 0.000347 0.400209 0.599401 0.000016
3 3 0.000050 0.000494 0.406412 0.593014 0.000029
3 3 0.000036 0.000468 0.448293 0.551181 0.000021
3 3 0.000041 0.000310 0.277108 0.722517 0.000022
3 3 0.004942 0.008447 0.391222 0.593153 0.002235
3 3 0.006992 0.009002 0.182529 0.796093 0.005385
3 3 0.003753 0.009790 0.256559 0.726726 0.003172
3 3 0.000221 0.000584 0.148574 0.850500 0.000121
3 3 0.004005 0.013316 0.337964 0.641321 0.003395
2 3 0.000461 0.004327 0.667817 0.327093 0.000302
2 3 0.001507 0.010584 0.823468 0.163711 0.000730
2 3 0.001026 0.005756 0.921177 0.071814 0.000226
2 3 0.000072 0.000968 0.546297 0.452614 0.000048
3 3 0.000107 0.000848 0.418038 0.580941 0.000066
2 3 0.000279 0.002802 0.533789 0.462914 0.000215
3 3 0.000014 0.000216 0.423302 0.576459 0.000008
2 3 0.000214 0.002115 0.594362 0.403180 0.000129
2 3 0.000115 0.001236 0.523898 0.474680 0.000071
3 3 0.000010 0.000149 0.376290 0.623545 0.000005
3 3 0.000019 0.000143 0.250154 0.749676 0.000009
3 3 0.000018 0.000098 0.186630 0.813246 0.000008
3 3 0.000086 0.000253 0.191144 0.808481 0.000036
3 3 0.000029 0.000187 0.235248 0.764523 0.000014
3 3 0.000079 0.000307 0.184060 0.815515 0.000040
3 3 0.000062 0.000080 0.057827 0.942006 0.000024
3 3 0.000402 0.000376 0.066974 0.932057 0.000191
3 3 0.002787 0.002542 0.104193 0.888731 0.001747
3 3 0.002806 0.003070 0.166796 0.825965 0.001363
3 3 0.000329 0.000659 0.120537 0.878294 0.000182
3 3 0.002608 0.001877 0.094124 0.900059 0.001332
3 3 0.003293 0.002842 0.098873 0.892887 0.002104
3 3 0.005919 0.003126 0.095929 0.892037 0.002989
3 3 0.003746 0.001883 0.065097 0.927127 0.002148
3 3 0.001240 0.000604 0.046752 0.950799 0.000605
3 3 0.005303 0.001825 0.058886 0.931379 0.002608
3 3 0.005899 0.001898 0.050320 0.938631 0.003251
3 3 0.001538 0.000402 0.028901 0.968488 0.000671
3 3 0.013535 0.002974 0.050093 0.926372 0.007026
3 3 0.006145 0.001519 0.040560 0.948570 0.003207
3 3 0.003692 0.001584 0.056651 0.936036 0.002037
3 3 0.005588 0.002541 0.086301 0.902950 0.002620
3 3 0.005425 0.001389 0.040405 0.949976 0.002805
3 3 0.015597 0.002806 0.041276 0.932009 0.008313
3 3 0.000824 0.000249 0.027452 0.971134 0.000341
3 3 0.003227 0.001217 0.048907 0.944953 0.001696
3 3 0.006268 0.001756 0.045428 0.943173 0.003375
3 3 0.005631 0.002011 0.074986 0.915005 0.002367
3 3 0.006867 0.001985 0.047865 0.939512 0.003771
3 3 0.001667 0.000363 0.025218 0.972046 0.000706
3 3 0.003724 0.001254 0.046139 0.946937 0.001946
3 3 0.007921 0.002222 0.051207 0.934452 0.004198
3 3 0.001409 0.000509 0.037409 0.960019 0.000654
3 3 0.001967 0.000614 0.036200 0.960294 0.000925
3 3 0.005399 0.001359 0.042698 0.947936 0.002609
3 3 0.009907 0.003872 0.068199 0.911881 0.006142
3 3 0.014773 0.013877 0.153434 0.805960 0.011956
3 3 0.013158 0.016483 0.186172 0.772946 0.011242
3 3 0.057384 0.031776 0.289702 0.597866 0.023272
2 2 0.116877 0.191233 0.468808 0.158845 0.064237
2 2 0.103373 0.311129 0.537959 0.007009 0.040530
2 2 0.038473 0.226936 0.630512 0.059181 0.044899
2 2 0.059240 0.275127 0.597426 0.022765 0.045442
2 2 0.111070 0.338882 0.495196 0.006860 0.047992
2 2 0.071880 0.265918 0.617616 0.010819 0.033766
2 2 0.010688 0.194054 0.760772 0.014440 0.020045
2 2 0.035302 0.187401 0.767367 0.001128 0.008802
2 2 0.039771 0.202635 0.745988 0.001256 0.010350
2 2 0.009237 0.113926 0.855573 0.012711 0.008553
2 2 0.037109 0.313157 0.624593 0.001729 0.023412
0 2 0.380812 0.379277 0.112964 0.003008 0.123939
0 2 0.582998 0.205987 0.086699 0.004806 0.119510
4 1 0.275662 0.213122 0.162660 0.003662 0.344894
4 1 0.140809 0.320890 0.163237 0.021768 0.353296
1 1 0.111345 0.373014 0.213561 0.075875 0.226204
1 1 0.146456 0.445602 0.349460 0.001601 0.056881
1 1 0.091587 0.455653 0.376784 0.003805 0.072170
1 1 0.165506 0.450434 0.302964 0.003050 0.078046
1 1 0.074614 0.477380 0.374529 0.002884 0.070593
1 1 0.109760 0.494026 0.320635 0.001959 0.073620
1 1 0.057716 0.445997 0.435818 0.002879 0.057590
2 1 0.085589 0.425488 0.441084 0.001736 0.046103
2 1 0.038835 0.397505 0.510193 0.004210 0.049257
2 1 0.031768 0.291630 0.599880 0.025987 0.050734
2 1 0.038237 0.430459 0.480340 0.002467 0.048497
2 1 0.017537 0.296108 0.647761 0.006756 0.031838
2 1 0.032032 0.374096 0.559092 0.001864 0.032915
2 1 0.025671 0.296150 0.650002 0.003088 0.025089
2 1 0.041272 0.363221 0.568584 0.001005 0.025918
2 2 0.019744 0.253317 0.708472 0.001964 0.016504
1 2 0.120065 0.442441 0.385324 0.001440 0.050730
1 2 0.212431 0.450287 0.243788 0.002980 0.090514
1 2 0.092547 0.445495 0.382733 0.004802 0.074423
1 2 0.117328 0.445657 0.367784 0.002973 0.066258
1 2 0.157066 0.435456 0.354742 0.001318 0.051417
1 2 0.297916 0.393936 0.137614 0.009367 0.161168
0 2 0.380225 0.376906 0.108002 0.001830 0.133037
4 2 0.191767 0.307947 0.124839 0.002857 0.372589
4 4 0.197928 0.195048 0.086163 0.003516 0.517346
0 4 0.361370 0.209090 0.075359 0.002899 0.351282
4 4 0.149091 0.064012 0.030077 0.000538 0.756282
4 4 0.177001 0.063512 0.030421 0.000873 0.728193
4 4 0.053500 0.096130 0.059113 0.002674 0.788585
4 4 0.192771 0.088332 0.037014 0.000532 0.681352
4 4 0.210808 0.065356 0.026385 0.000258 0.697193
2 4 0.026385 0.419932 0.466065 0.001350 0.086268
2 4 0.013578 0.346482 0.493113 0.002425 0.144401
1 4 0.058698 0.460350 0.403024 0.004577 0.073351
2 4 0.018111 0.383365 0.503448 0.003537 0.091539
1 4 0.147714 0.485355 0.255634 0.001781 0.109515
2 4 0.027977 0.431023 0.483454 0.000706 0.056840
2 1 0.015234 0.393242 0.506589 0.000326 0.084609
2 1 0.015632 0.365520 0.480264 0.002744 0.135840
2 1 0.015260 0.373752 0.515395 0.002647 0.092947
2 1 0.009063 0.343011 0.535948 0.001077 0.110902
2 1 0.008602 0.322657 0.582000 0.001290 0.085452
2 1 0.009552 0.329379 0.580232 0.001537 0.079300
2 1 0.004217 0.288276 0.589661 0.000349 0.117497
2 1 0.010011 0.321642 0.593718 0.001908 0.072720
2 1 0.010039 0.285729 0.638897 0.003081 0.062254
2 1 0.034619 0.417178 0.461631 0.010914 0.075658
1 1 0.062369 0.463622 0.400236 0.003748 0.070025
2 1 0.054110 0.431429 0.432909 0.007429 0.074122
2 1 0.019287 0.353603 0.528851 0.005707 0.092552
2 1 0.109015 0.391139 0.410384 0.003383 0.086079
1 1 0.125141 0.432306 0.293260 0.018308 0.130985
1 1 0.240698 0.437267 0.173602 0.002700 0.145733
1 1 0.159908 0.483733 0.258419 0.002945 0.094995
1 1 0.125343 0.434953 0.347573 0.006606 0.085524
1 1 0.094799 0.466148 0.322163 0.008866 0.108024
2 1 0.044704 0.435831 0.471199 0.001915 0.046350
1 1 0.119884 0.421433 0.397789 0.002941 0.057954
2 1 0.039641 0.383762 0.515953 0.006733 0.053911
2 1 0.028903 0.384740 0.526597 0.006735 0.053026
2 1 0.012710 0.362345 0.515202 0.001903 0.107841
2 1 0.014370 0.348595 0.589629 0.003366 0.044041
2 1 0.018829 0.345755 0.602804 0.002436 0.030176
2 2 0.017481 0.321324 0.628844 0.003290 0.029061
2 2 0.068736 0.327187 0.583409 0.000706 0.019963
2 2 0.016925 0.288296 0.667968 0.003141 0.023671
2 2 0.004671 0.104713 0.874903 0.002591 0.013123
2 2 0.031800 0.301620 0.645025 0.001372 0.020183
2 2 0.013984 0.263242 0.704862 0.001609 0.016304
2 2 0.020199 0.311209 0.644209 0.001767 0.022616
2 2 0.006914 0.242049 0.723724 0.002434 0.024879
1 2 0.261232 0.467073 0.186286 0.001091 0.084317
1 2 0.072282 0.451666 0.333592 0.007061 0.135399
1 2 0.281356 0.430235 0.160454 0.003875 0.124081
1 2 0.355833 0.415256 0.130176 0.000898 0.097837
1 2 0.076027 0.437817 0.278732 0.002702 0.204722
1 2 0.072375 0.475264 0.360315 0.002326 0.089721
1 2 0.162021 0.444521 0.290593 0.000843 0.102022
2 2 0.022630 0.405628 0.463333 0.001504 0.106906
1 2 0.036140 0.436470 0.418922 0.001642 0.106826
2 2 0.017010 0.379794 0.506768 0.003174 0.093253
1 2 0.196712 0.495169 0.235325 0.000868 0.071925
1 2 0.115110 0.443503 0.346726 0.006649 0.088013
1 1 0.345252 0.350484 0.220141 0.003652 0.080471
1 1 0.087233 0.470223 0.339405 0.006558 0.096582
1 1 0.211499 0.471152 0.212714 0.002643 0.101991
2 1 0.030775 0.338809 0.599655 0.002152 0.028609
2 1 0.004020 0.264802 0.661115 0.000471 0.069592
2 1 0.005531 0.258042 0.685402 0.001128 0.049896
2 2 0.026274 0.311857 0.643531 0.000763 0.017575
2 2 0.003597 0.067257 0.916163 0.000436 0.012548
2 2 0.010546 0.155177 0.799237 0.003706 0.031335
2 2 0.142830 0.388855 0.429357 0.001234 0.037724
1 1 0.161855 0.433083 0.349340 0.001542 0.054181
2 1 0.037728 0.363743 0.552450 0.004362 0.041717
2 1 0.008693 0.251096 0.685011 0.003598 0.051602
2 1 0.015188 0.392024 0.492040 0.000314 0.100433
1 1 0.043289 0.461033 0.441569 0.000715 0.053395
2 1 0.015637 0.394473 0.510720 0.000363 0.078806
2 1 0.010049 0.281665 0.638699 0.001560 0.068027
1 2 0.061085 0.480089 0.412994 0.000831 0.045000
2 2 0.031187 0.235750 0.716914 0.001738 0.014410
2 2 0.014308 0.134155 0.834707 0.002053 0.014777
2 2 0.070520 0.353721 0.532018 0.003796 0.039944
2 2 0.012381 0.245798 0.698162 0.007680 0.035979
2 2 0.021297 0.331468 0.620260 0.001744 0.025231
2 2 0.001328 0.095179 0.894760 0.001105 0.007628
2 2 0.002550 0.114358 0.873782 0.000356 0.008955
2 2 0.005698 0.218253 0.759882 0.002149 0.014018
2 2 0.007216 0.078256 0.908604 0.000243 0.005681
2 2 0.000772 0.020408 0.977318 0.000573 0.000929
2 2 0.001488 0.032895 0.963080 0.001323 0.001214
2 2 0.003045 0.035339 0.958658 0.002069 0.000890
2 2 0.000166 0.006070 0.989981 0.003571 0.000212
2 2 0.018184 0.079746 0.898559 0.001103 0.002407
2 2 0.014152 0.123400 0.855307 0.001852 0.005289
2 2 0.007460 0.141160 0.844205 0.001385 0.005790
2 2 0.011000 0.115242 0.867617 0.001602 0.004538
2 2 0.000248 0.004430 0.994025 0.001196 0.000101
2 2 0.001639 0.019579 0.975829 0.002460 0.000493
2 2 0.002319 0.027717 0.967177 0.002134 0.000653
2 2 0.006329 0.062015 0.927490 0.002152 0.002015
2 2 0.001580 0.011918 0.983639 0.002643 0.000220
2 2 0.000297 0.011149 0.984652 0.003342 0.000559
2 2 0.000746 0.041051 0.953143 0.001152 0.003908
2 2 0.001922 0.014423 0.982188 0.001113 0.000354
2 2 0.000873 0.007794 0.986037 0.005054 0.000242
2 2 0.003120 0.045420 0.935634 0.013540 0.002286
2 2 0.001910 0.039783 0.940610 0.015724 0.001973
2 2 0.021866 0.071678 0.899314 0.004023 0.003119
2 2 0.000209 0.005969 0.948324 0.045204 0.000294
2 2 0.005132 0.055961 0.851388 0.081790 0.005729
2 2 0.023093 0.114245 0.827495 0.024243 0.010924
2 2 0.093205 0.303178 0.568543 0.003858 0.031215
2 2 0.064283 0.277597 0.625275 0.004988 0.027857
2 2 0.023717 0.148362 0.800658 0.013836 0.013427
1 2 0.113751 0.368738 0.335405 0.050658 0.131448
1 2 0.288589 0.437047 0.161401 0.002515 0.110449
1 2 0.215176 0.449540 0.198167 0.006192 0.130925
1 2 0.209561 0.451473 0.188245 0.002256 0.148465
0 2 0.421607 0.314842 0.118794 0.002073 0.142684
1 2 0.144105 0.424798 0.210597 0.010235 0.210266
1 2 0.207594 0.451220 0.200655 0.005534 0.134996
1 1 0.264258 0.421090 0.161577 0.007296 0.145778
4 1 0.096671 0.305479 0.151131 0.002962 0.443757
1 1 0.134696 0.411909 0.206888 0.013086 0.233421
2 1 0.003765 0.217145 0.692332 0.000810 0.085948
2 1 0.020185 0.335694 0.603902 0.004693 0.035527
2 1 0.006980 0.273803 0.628326 0.001476 0.089415
2 1 0.009107 0.292769 0.621612 0.002195 0.074317
2 1 0.012141 0.344450 0.559639 0.002239 0.081532
2 1 0.012655 0.363101 0.528034 0.001930 0.094280
2 1 0.007114 0.291624 0.590683 0.001166 0.109412
2 1 0.010002 0.348654 0.530126 0.001271 0.109947
2 1 0.010544 0.333225 0.571537 0.001836 0.082859
2 1 0.011877 0.359846 0.547873 0.001790 0.078613
1 1 0.079017 0.508393 0.284480 0.000020 0.128090
1 1 0.067068 0.437060 0.265453 0.000498 0.229920
1 1 0.365991 0.449514 0.131718 0.000027 0.052749
1 1 0.058426 0.480377 0.329771 0.000127 0.131299
1 1 0.069962 0.499248 0.305614 0.000042 0.125134
2 1 0.041005 0.369258 0.510593 0.000185 0.078959
2 1 0.012137 0.324436 0.564802 0.001289 0.097337
2 1 0.005221 0.312307 0.573223 0.000431 0.108818
2 1 0.010063 0.359421 0.521052 0.000385 0.109079
2 1 0.006305 0.321755 0.549617 0.000580 0.121744
2 1 0.007585 0.299068 0.553640 0.001149 0.138558
2 1 0.011814 0.349888 0.475152 0.001604 0.161542
2 1 0.010181 0.304622 0.504344 0.001911 0.178942
2 1 0.010632 0.345913 0.491605 0.001360 0.150490
2 4 0.011204 0.289180 0.481287 0.002641 0.215688
2 4 0.018302 0.344118 0.362354 0.003181 0.272045
1 4 0.053031 0.424423 0.378441 0.014671 0.129433
1 4 0.052472 0.353709 0.241004 0.003155 0.349661
2 4 0.025204 0.281073 0.358523 0.012590 0.322610
2 4 0.038469 0.376929 0.433207 0.017928 0.133467
4 4 0.023684 0.263204 0.196025 0.002585 0.514503
1 4 0.079854 0.361171 0.292540 0.055686 0.210749
4 4 0.051085 0.265936 0.219298 0.013936 0.449745
4 4 0.031694 0.262986 0.182046 0.003322 0.519952
1 4 0.060466 0.390575 0.285991 0.024907 0.238061
4 4 0.023898 0.307779 0.261071 0.005087 0.402165
4 4 0.070517 0.298460 0.208279 0.007074 0.415671
1 4 0.022808 0.340122 0.321281 0.004616 0.311174
4 4 0.026234 0.275465 0.257122 0.008748 0.432430
1 1 0.235570 0.457141 0.192520 0.003202 0.111567
2 1 0.019431 0.275847 0.587477 0.014867 0.102377
2 2 0.029781 0.333787 0.557124 0.020209 0.059100
2 1 0.061762 0.318525 0.464793 0.063817 0.091102
2 1 0.098575 0.347438 0.460141 0.020547 0.073299
2 1 0.023625 0.217034 0.663041 0.056464 0.039835
2 1 0.053040 0.368768 0.458858 0.025495 0.093840
2 1 0.016851 0.368696 0.447156 0.002880 0.164417
2 1 0.043879 0.412842 0.433600 0.018107 0.091572
1 1 0.045610 0.418880 0.386460 0.016139 0.132911
2 1 0.025622 0.296215 0.503287 0.018438 0.156438
2 1 0.031014 0.292230 0.602599 0.024549 0.049608
2 1 0.023363 0.323830 0.591457 0.013536 0.047813
2 1 0.021445 0.286087 0.625273 0.017721 0.049474
2 1 0.026124 0.331102 0.565848 0.015600 0.061326
2 1 0.012991 0.241782 0.673738 0.010335 0.061154
2 1 0.017213 0.265387 0.633570 0.013836 0.069995
2 1 0.008833 0.340445 0.527245 0.001016 0.122461
2 1 0.078153 0.424680 0.445318 0.002272 0.049577
2 1 0.027818 0.404257 0.497815 0.007976 0.062134
2 1 0.036870 0.373999 0.493189 0.006740 0.089202
2 1 0.053027 0.332173 0.572361 0.004908 0.037532
2 1 0.012330 0.319181 0.554320 0.002949 0.111219
2 1 0.018147 0.343634 0.535156 0.005515 0.097547
2 1 0.051970 0.382868 0.480998 0.013606 0.070558
1 1 0.288634 0.455833 0.199282 0.000373 0.055877
2 1 0.065339 0.370017 0.497339 0.009062 0.058243
2 1 0.087708 0.418232 0.429409 0.004211 0.060440
2 2 0.069517 0.353023 0.505352 0.012439 0.059668
2 2 0.056195 0.359929 0.524897 0.007722 0.051257
2 2 0.043069 0.386056 0.478729 0.016458 0.075688
2 2 0.034706 0.357330 0.527822 0.016600 0.063542
2 2 0.044956 0.362190 0.515612 0.014226 0.063015
2 2 0.031466 0.336627 0.543991 0.021750 0.066166
1 2 0.082517 0.449156 0.416032 0.001630 0.050666
2 2 0.115892 0.309271 0.508410 0.014227 0.052200
1 2 0.128951 0.476819 0.282550 0.005547 0.106132
1 2 0.244976 0.446907 0.165246 0.000913 0.141958
1 2 0.050997 0.409068 0.342482 0.006765 0.190688
1 2 0.095279 0.433089 0.325367 0.005340 0.140925
1 2 0.089456 0.451214 0.279733 0.003410 0.176188
2 2 0.038666 0.334589 0.519586 0.033789 0.073369
1 2 0.095496 0.425368 0.410285 0.004333 0.064518
2 2 0.096477 0.390264 0.451056 0.005238 0.056965
2 2 0.057590 0.334093 0.514499 0.025641 0.068176
1 2 0.090380 0.402043 0.383815 0.007814 0.115948
2 2 0.008065 0.327546 0.585089 0.000943 0.078356
1 2 0.126665 0.480064 0.272814 0.000238 0.120220
2 2 0.023151 0.396765 0.512649 0.005724 0.061711
1 2 0.087886 0.433104 0.432915 0.001392 0.044703
2 2 0.017639 0.235787 0.698500 0.005516 0.042557
1 2 0.166689 0.419845 0.302131 0.009538 0.101797
2 2 0.043451 0.379715 0.439987 0.023747 0.113101
1 2 0.097546 0.426213 0.368292 0.012066 0.095883
1 2 0.278059 0.425091 0.224347 0.001159 0.071343
1 2 0.119533 0.443622 0.352418 0.004948 0.079478
1 2 0.302170 0.355129 0.122471 0.005402 0.214829
0 2 0.381126 0.380916 0.113570 0.002807 0.121581
1 2 0.261999 0.401738 0.152117 0.013121 0.171025
1 1 0.308500 0.403613 0.136613 0.004263 0.147011
0 1 0.400451 0.203676 0.081676 0.006023 0.308175
0 1 0.419002 0.344504 0.101743 0.000352 0.134399
1 1 0.086604 0.460044 0.296888 0.002340 0.154123
1 1 0.090229 0.449507 0.300857 0.006496 0.152910
1 1 0.142300 0.495955 0.281359 0.001749 0.078637
1 1 0.176026 0.492892 0.249007 0.001462 0.080613
2 1 0.007964 0.176263 0.803932 0.002313 0.009527
2 1 0.001239 0.040892 0.953451 0.002573 0.001845
2 2 0.000339 0.016680 0.979445 0.002901 0.000634
2 2 0.000267 0.012761 0.985821 0.000414 0.000736
2 2 0.008902 0.067422 0.917282 0.003687 0.002708
2 2 0.000387 0.008168 0.988859 0.002304 0.000283
2 2 0.000297 0.015112 0.980257 0.003109 0.001225
2 2 0.000873 0.016296 0.978139 0.004318 0.000374
2 2 0.000055 0.003745 0.985787 0.010310 0.000103
2 2 0.000078 0.001874 0.990848 0.007170 0.000031
2 2 0.000022 0.000623 0.983307 0.016041 0.000007
2 2 0.000479 0.014859 0.982102 0.001817 0.000743
2 2 0.000239 0.011638 0.981449 0.005977 0.000698
2 2 0.002829 0.018852 0.975319 0.002259 0.000741
2 2 0.000244 0.010384 0.972515 0.016494 0.000363
2 2 0.000226 0.003628 0.768629 0.227327 0.000190
2 2 0.000376 0.004276 0.784562 0.210555 0.000231
2 3 0.000030 0.000605 0.673629 0.325717 0.000019
2 3 0.000133 0.002200 0.732505 0.265058 0.000103
2 3 0.000028 0.000514 0.610847 0.388593 0.000017
2 3 0.004426 0.026538 0.621199 0.343249 0.004587
2 3 0.002617 0.024641 0.732645 0.237246 0.002850
2 3 0.008123 0.037099 0.892543 0.059348 0.002886
2 3 0.000184 0.002302 0.614160 0.383215 0.000139
2 3 0.054087 0.056229 0.750862 0.126622 0.012200
2 3 0.055458 0.228565 0.483325 0.158132 0.074520
2 3 0.188656 0.331937 0.359301 0.028479 0.091627
0 3 0.359330 0.346801 0.183669 0.005736 0.104464
1 3 0.158810 0.372581 0.322354 0.029570 0.116685
2 1 0.151994 0.356805 0.370865 0.025328 0.095008
2 1 0.044893 0.335137 0.579043 0.004460 0.036468
2 1 0.023220 0.252464 0.682516 0.012075 0.029725
2 1 0.020059 0.240342 0.695885 0.014667 0.029047
2 1 0.006647 0.145525 0.806831 0.012718 0.028278
2 2 0.004077 0.100280 0.864153 0.013205 0.018284
2 2 0.002513 0.026963 0.944712 0.023959 0.001853
2 2 0.000321 0.006382 0.943518 0.049555 0.000223
2 2 0.003633 0.052790 0.917504 0.022721 0.003352
2 2 0.002579 0.023880 0.935320 0.036928 0.001293
2 2 0.004898 0.049812 0.931373 0.011427 0.002489
2 2 0.000034 0.001094 0.901320 0.097526 0.000025
2 3 0.001063 0.017085 0.937095 0.043910 0.000848
2 3 0.001475 0.012490 0.974920 0.010765 0.000350
2 3 0.000047 0.001741 0.932186 0.065952 0.000075
2 3 0.000066 0.001939 0.899105 0.098836 0.000055
2 3 0.000441 0.006901 0.813650 0.178596 0.000412
2 3 0.000564 0.006763 0.713173 0.278993 0.000507
2 3 0.000594 0.008703 0.809851 0.180279 0.000573
2 3 0.000533 0.003420 0.763924 0.231912 0.000212
2 3 0.000058 0.001122 0.725142 0.273637 0.000041
3 3 0.000054 0.000462 0.363109 0.636344 0.000031
2 3 0.000506 0.003833 0.517877 0.477425 0.000359
3 3 0.000008 0.000128 0.383348 0.616511 0.000004
3 3 0.000137 0.001217 0.474232 0.524338 0.000077
3 3 0.000029 0.000390 0.433407 0.566157 0.000017
3 3 0.000024 0.000182 0.276414 0.723368 0.000012
3 3 0.000008 0.000089 0.282596 0.717304 0.000004
3 3 0.000015 0.000156 0.297665 0.702157 0.000007
2 3 0.000334 0.003067 0.503598 0.492743 0.000259
3 3 0.000063 0.000701 0.419799 0.579397 0.000040
3 3 0.000011 0.000119 0.302406 0.697459 0.000005
3 3 0.000018 0.000212 0.339993 0.659768 0.000009
3 3 0.000052 0.000489 0.362407 0.637021 0.000030
3 3 0.000096 0.000906 0.378642 0.620293 0.000063
3 3 0.000020 0.000248 0.363105 0.636616 0.000011
3 3 0.000056 0.000495 0.318982 0.680434 0.000033
3 3 0.000096 0.000564 0.253383 0.745901 0.000056
3 3 0.000051 0.000499 0.360105 0.639315 0.000030
3 3 0.000004 0.000046 0.229747 0.770201 0.000002
3 3 0.000314 0.001493 0.314676 0.683314 0.000203
3 3 0.000004 0.000015 0.075786 0.924195 0.000001
3 3 0.000018 0.000054 0.081884 0.918035 0.000007
3 3 0.000004 0.000014 0.070247 0.929733 0.000001
3 3 0.000014 0.000043 0.081033 0.918905 0.000005
3 3 0.000005 0.000023 0.096207 0.903763 0.000002
3 3 0.000061 0.000124 0.070897 0.928891 0.000027
3 3 0.000214 0.000378 0.099487 0.899813 0.000108
3 3 0.000003 0.000011 0.052756 0.947229 0.000001
3 3 0.000017 0.000035 0.050762 0.949180 0.000006
3 3 0.000040 0.000094 0.077903 0.921947 0.000017
3 3 0.000009 0.000004 0.010382 0.989603 0.000002
3 3 0.000010 0.000006 0.014522 0.985460 0.000003
3 3 0.000008 0.000006 0.016149 0.983835 0.000002
3 3 0.000003 0.000004 0.022210 0.977783 0.000001
3 3 0.000012 0.000007 0.014221 0.985756 0.000003
3 3 0.000603 0.000401 0.049866 0.948844 0.000286
3 3 0.000557 0.000390 0.051017 0.947772 0.000264
3 3 0.000438 0.000339 0.052034 0.946983 0.000206
3 3 0.000441 0.000276 0.043421 0.955664 0.000198
3 3 0.000504 0.000245 0.036170 0.962864 0.000217
3 3 0.000457 0.000156 0.025855 0.973353 0.000179
3 3 0.000036 0.000018 0.017421 0.982515 0.000011
3 3 0.000366 0.000092 0.018625 0.980787 0.000130
3 3 0.000417 0.000065 0.012644 0.986739 0.000135
3 3 0.000081 0.000024 0.013889 0.985981 0.000024
3 3 0.001921 0.000415 0.026087 0.970748 0.000828
3 3 0.000954 0.000217 0.022364 0.976087 0.000378
3 3 0.002529 0.000435 0.023069 0.972892 0.001075
3 3 0.002658 0.000292 0.015784 0.980237 0.001028
3 3 0.003638 0.000630 0.025740 0.968363 0.001628
3 3 0.001330 0.000269 0.022192 0.975672 0.000537
3 3 0.000528 0.000177 0.026501 0.972584 0.000211
3 3 0.000134 0.000049 0.019244 0.980527 0.000045
3 3 0.001469 0.000238 0.018749 0.978973 0.000572
3 3 0.000623 0.000101 0.014621 0.984439 0.000216
3 3 0.000186 0.000044 0.014594 0.985116 0.000060
3 3 0.000481 0.000060 0.010769 0.988540 0.000151
3 3 0.001471 0.000228 0.018023 0.979711 0.000567
3 3 0.000202 0.000045 0.013983 0.985706 0.000064
3 3 0.000348 0.000063 0.013697 0.985777 0.000114
3 3 0.002216 0.000252 0.015436 0.981253 0.000843
3 3 0.001098 0.000191 0.018383 0.979911 0.000417
3 3 0.000359 0.000070 0.014683 0.984769 0.000120
3 3 0.001984 0.000331 0.020960 0.975914 0.000810
3 3 0.000559 0.000151 0.022369 0.976706 0.000214
3 3 0.001005 0.000198 0.020036 0.978373 0.000388
3 3 0.000998 0.000106 0.011536 0.987025 0.000335
3 3 0.000387 0.000079 0.015684 0.983718 0.000132
3 3 0.000217 0.000043 0.012988 0.986683 0.000068
3 3 0.000440 0.000104 0.018479 0.980820 0.000158
3 3 0.000577 0.000126 0.018722 0.980363 0.000212
3 3 0.000572 0.000145 0.021262 0.977804 0.000216
3 3 0.000224 0.000029 0.009059 0.990623 0.000064
3 3 0.001105 0.000159 0.015599 0.982735 0.000403
3 3 0.002733 0.000311 0.016409 0.979476 0.001070
3 3 0.000682 0.000118 0.015957 0.983001 0.000243
3 3 0.001561 0.000183 0.014357 0.983330 0.000570
3 3 0.004696 0.000667 0.023224 0.969332 0.002081
3 3 0.000697 0.000183 0.023185 0.975662 0.000273
3 3 0.002304 0.000344 0.019842 0.976573 0.000937
3 3 0.001225 0.000262 0.022735 0.975283 0.000495
3 3 0.000684 0.000219 0.027488 0.971329 0.000280
3 3 0.000230 0.000054 0.015385 0.984255 0.000076
3 3 0.000764 0.000161 0.019664 0.979122 0.000289
3 3 0.000281 0.000049 0.012363 0.987218 0.000089
3 3 0.000679 0.000226 0.028341 0.970474 0.000280
3 3 0.000786 0.000155 0.018623 0.980142 0.000294
3 3 0.000133 0.000030 0.012771 0.987026 0.000040
3 3 0.000250 0.000046 0.012657 0.986968 0.000079
3 3 0.000082 0.000018 0.010934 0.988942 0.000023
3 3 0.000307 0.000082 0.018556 0.980948 0.000108
3 3 0.000991 0.000245 0.024270 0.974092 0.000402
3 3 0.000100 0.000027 0.013462 0.986381 0.000030
3 3 0.000404 0.000074 0.014465 0.984920 0.000136
3 3 0.001018 0.000150 0.015508 0.982955 0.000369
3 3 0.017997 0.005303 0.065391 0.898888 0.012422
3 3 0.012214 0.005559 0.081765 0.892380 0.008083
3 2 0.035170 0.025186 0.183061 0.731650 0.024932
3 2 0.031676 0.047577 0.280416 0.611738 0.028593
3 2 0.033866 0.078540 0.322732 0.525091 0.039772
2 2 0.035872 0.224855 0.530252 0.101498 0.107523
2 2 0.039277 0.219949 0.525497 0.130673 0.084604
2 2 0.053308 0.306504 0.415045 0.069209 0.155934
1 2 0.072346 0.390614 0.377453 0.037346 0.122243
1 2 0.070298 0.367215 0.341380 0.010803 0.210303
1 2 0.071972 0.429433 0.297948 0.008803 0.191844
1 2 0.039614 0.345056 0.332995 0.017202 0.265133
4 2 0.043495 0.343551 0.251865 0.014074 0.347014
4 4 0.057188 0.347822 0.205425 0.003078 0.386487
1 4 0.106119 0.438623 0.280107 0.024540 0.150611
2 4 0.114661 0.305860 0.439004 0.054225 0.086250
2 4 0.115410 0.234949 0.350677 0.062820 0.236144
1 4 0.172390 0.376025 0.324541 0.021051 0.105992
2 1 0.066846 0.348974 0.364862 0.064499 0.154818
2 1 0.102019 0.322494 0.438932 0.047660 0.088895
2 1 0.023620 0.267120 0.614503 0.027309 0.067447
2 1 0.029896 0.280996 0.596289 0.038421 0.054397
2 1 0.028220 0.324769 0.559796 0.019666 0.067549
2 1 0.080820 0.276210 0.551663 0.035534 0.055773
2 1 0.038487 0.294261 0.603701 0.017969 0.045582
2 1 0.062916 0.348181 0.365837 0.056754 0.166312
1 1 0.046209 0.371593 0.281569 0.012169 0.288459
1 1 0.221481 0.381147 0.259102 0.010573 0.127696
1 1 0.061158 0.407294 0.313146 0.025714 0.192688
4 1 0.044411 0.309401 0.247435 0.019928 0.378825
4 4 0.118459 0.232056 0.125124 0.006127 0.518235
4 4 0.057560 0.299668 0.183932 0.020553 0.438287
4 4 0.033998 0.257428 0.167197 0.010040 0.531336
4 4 0.072437 0.254045 0.153521 0.012324 0.507674
0 4 0.408054 0.287306 0.103172 0.008771 0.192697
4 4 0.060870 0.174931 0.111886 0.017599 0.634713
4 4 0.053597 0.214030 0.133791 0.019280 0.579300
4 4 0.045677 0.059084 0.039559 0.001930 0.853751
4 4 0.084703 0.210036 0.125755 0.026150 0.553356
4 4 0.050329 0.192163 0.123362 0.016967 0.617180
2 4 0.027223 0.321509 0.541840 0.018018 0.091411
2 4 0.027466 0.317484 0.546373 0.019359 0.089318
2 4 0.049693 0.378177 0.442335 0.033024 0.096771
2 4 0.047307 0.322363 0.488943 0.055979 0.085408
2 4 0.031748 0.295158 0.547194 0.034307 0.091593
1 4 0.031726 0.368174 0.328072 0.008115 0.263913
1 4 0.043989 0.360688 0.314389 0.006576 0.274358
2 4 0.027533 0.378019 0.383860 0.006781 0.203806
2 4 0.017653 0.367063 0.429836 0.003079 0.182369
2 4 0.019312 0.363900 0.432816 0.003955 0.180017
1 4 0.110020 0.453753 0.263565 0.005156 0.167505
1 4 0.036497 0.391743 0.352888 0.009805 0.209067
1 4 0.130358 0.452926 0.270339 0.013108 0.133269
4 4 0.119419 0.277937 0.174828 0.008124 0.419692
1 4 0.199982 0.433082 0.252993 0.006667 0.107275
4 4 0.050438 0.334279 0.221303 0.012918 0.381061
4 4 0.108738 0.242026 0.127543 0.002939 0.518754
4 4 0.051270 0.307713 0.193890 0.018985 0.428142
4 4 0.033599 0.308475 0.229038 0.009203 0.419685
1 4 0.064784 0.383510 0.259760 0.018282 0.273664
1 4 0.167427 0.437640 0.261856 0.008267 0.124811
2 4 0.038765 0.377032 0.439876 0.018627 0.125701
1 4 0.059296 0.391850 0.308288 0.026411 0.214155
1 4 0.112768 0.412779 0.324664 0.024545 0.125244
2 4 0.055980 0.371599 0.416997 0.042460 0.112964
1 4 0.146006 0.417004 0.220452 0.033154 0.183384
1 4 0.046637 0.335583 0.300089 0.023476 0.294215
1 4 0.087324 0.385450 0.258160 0.030378 0.238689
1 4 0.123781 0.352774 0.182213 0.013404 0.327829
1 4 0.092085 0.405849 0.236569 0.010989 0.254508
4 4 0.165001 0.177512 0.058382 0.000166 0.598938
4 4 0.075669 0.043224 0.018746 0.000042 0.862319
4 4 0.185867 0.048643 0.017696 0.000045 0.747749
4 0 0.316197 0.058541 0.023113 0.000418 0.601730
4 0 0.336072 0.071042 0.025520 0.000284 0.567083
0 0 0.712770 0.050941 0.011529 0.000040 0.224720
0 0 0.773416 0.038606 0.009561 0.000107 0.178310
0 0 0.793684 0.037583 0.009927 0.000243 0.158562
0 0 0.703220 0.061405 0.015617 0.000162 0.219595
4 0 0.440189 0.042987 0.013955 0.000095 0.502775
4 0 0.201921 0.124232 0.053301 0.001436 0.619110
0 0 0.463834 0.062834 0.021714 0.000403 0.451214
0 0 0.581630 0.060891 0.017614 0.000174 0.339691
4 0 0.041909 0.042118 0.028662 0.001104 0.886207
4 0 0.056267 0.033232 0.019099 0.000238 0.891165
4 0 0.057863 0.267406 0.157514 0.023646 0.493570
4 1 0.035917 0.192832 0.124438 0.010474 0.636339
4 1 0.037048 0.153714 0.104119 0.010261 0.694858
4 4 0.070210 0.192022 0.103727 0.005223 0.628819
0 4 0.423988 0.136922 0.053979 0.001346 0.383766
4 4 0.385965 0.038294 0.014567 0.000234 0.560939
0 4 0.645577 0.049227 0.016639 0.000863 0.287695
4 4 0.447518 0.051021 0.018456 0.000375 0.482631
4 4 0.411543 0.050901 0.014976 0.000041 0.522539
4 4 0.194079 0.032858 0.015355 0.000268 0.757439
4 4 0.047457 0.073566 0.046881 0.001895 0.830201
4 4 0.060431 0.348435 0.200853 0.003128 0.387154
4 4 0.045943 0.171072 0.099621 0.001832 0.681533
4 4 0.017539 0.178093 0.103752 0.000349 0.700267
4 4 0.040928 0.258140 0.135430 0.001029 0.564474
2 4 0.009594 0.339941 0.491028 0.001125 0.158311
2 4 0.011627 0.355251 0.504800 0.001600 0.126723
2 4 0.007566 0.331071 0.531330 0.000778 0.129255
2 4 0.008175 0.285174 0.555838 0.001607 0.149206
2 4 0.007256 0.316182 0.534259 0.000824 0.141478
2 2 0.011566 0.343470 0.452202 0.001506 0.191255
2 2 0.020040 0.345550 0.403027 0.004577 0.226807
2 2 0.014059 0.331991 0.396558 0.002188 0.255204
2 2 0.012613 0.347525 0.444955 0.001740 0.193167
1 2 0.036262 0.413673 0.388305 0.005321 0.156440
2 2 0.031951 0.319431 0.538575 0.026472 0.083572
2 2 0.024771 0.370608 0.474636 0.007651 0.122334
2 2 0.015665 0.267971 0.550151 0.009005 0.157208
2 2 0.019683 0.257986 0.551287 0.017440 0.153604
2 2 0.019571 0.314802 0.541788 0.008907 0.114932
4 2 0.017963 0.286016 0.256854 0.003165 0.436003
2 2 0.014382 0.336750 0.386324 0.002122 0.260423
2 2 0.010155 0.336638 0.460456 0.001211 0.191539
2 2 0.023207 0.372365 0.394623 0.004950 0.204856
2 4 0.011902 0.317468 0.371867 0.001537 0.297226
1 4 0.032614 0.386209 0.360699 0.008603 0.211874
1 4 0.036928 0.365295 0.302835 0.010522 0.284420
1 4 0.045349 0.362337 0.271568 0.012935 0.307810
4 4 0.019837 0.319941 0.302673 0.003659 0.353891
4 4 0.030585 0.316460 0.248771 0.007755 0.396429
2 4 0.011903 0.356988 0.506103 0.001670 0.123335
2 4 0.032197 0.422496 0.460173 0.004391 0.080743
2 1 0.020498 0.266016 0.622482 0.020231 0.070774
2 1 0.010310 0.345708 0.501074 0.001301 0.141607
2 1 0.012016 0.358250 0.510911 0.001710 0.117113
1 1 0.071078 0.421183 0.311527 0.011404 0.184808
2 1 0.041017 0.345900 0.402297 0.024635 0.186151
2 1 0.034084 0.410620 0.421454 0.009840 0.124002
2 1 0.020472 0.352452 0.362588 0.003851 0.260638
2 1 0.034174 0.412828 0.430813 0.010027 0.112158
2 1 0.013155 0.349623 0.441927 0.001866 0.193429
2 1 0.016052 0.369600 0.464734 0.002692 0.146922
2 1 0.025733 0.373307 0.443880 0.007446 0.149635
2 1 0.028609 0.365343 0.466504 0.007569 0.131974
2 1 0.150603 0.384267 0.393413 0.006280 0.065436
1 1 0.127777 0.431004 0.376753 0.002861 0.061606
2 1 0.020547 0.336275 0.550445 0.008210 0.084522
2 1 0.022972 0.350759 0.550795 0.009261 0.066213
2 1 0.012651 0.284240 0.616730 0.005212 0.081166
2 1 0.016003 0.250588 0.659637 0.014652 0.059119
2 1 0.010201 0.202991 0.755946 0.011131 0.019732
2 2 0.017869 0.156171 0.797765 0.013833 0.014361
2 2 0.007551 0.170116 0.794439 0.010083 0.017811
2 2 0.002498 0.072706 0.912576 0.001698 0.010521
2 2 0.004553 0.124188 0.852160 0.001807 0.017292
2 2 0.006155 0.103722 0.872549 0.001933 0.015641
2 2 0.019918 0.246336 0.697633 0.001942 0.034171
1 2 0.122721 0.506866 0.311075 0.000266 0.059071
2 2 0.006791 0.178747 0.784636 0.001105 0.028721
2 2 0.003861 0.143159 0.819690 0.003784 0.029506
2 2 0.000158 0.018466 0.979374 0.000259 0.001743
2 2 0.000060 0.004793 0.994414 0.000309 0.000425
2 2 0.000226 0.015232 0.982286 0.000304 0.001952
2 2 0.000062 0.009515 0.988897 0.000884 0.000641
2 2 0.000012 0.001005 0.998401 0.000540 0.000042
2 2 0.000417 0.030479 0.966030 0.000427 0.002647
2 2 0.000019 0.002902 0.995003 0.001860 0.000217
2 2 0.006924 0.051397 0.937793 0.001926 0.001960
2 2 0.000734 0.022476 0.975406 0.000319 0.001064
2 2 0.000051 0.008584 0.990102 0.000575 0.000689
2 2 0.000042 0.004597 0.992094 0.003055 0.000213
2 2 0.000147 0.007235 0.991546 0.000675 0.000397
2 2 0.000132 0.009097 0.989018 0.001146 0.000607
2 2 0.000100 0.006446 0.991730 0.001401 0.000323
2 2 0.000032 0.004185 0.993689 0.001859 0.000235
2 2 0.000199 0.004426 0.994457 0.000764 0.000154
2 2 0.000007 0.000840 0.992823 0.006312 0.000018
2 2 0.000011 0.001583 0.996726 0.001600 0.000080
2 2 0.000019 0.001045 0.995407 0.003507 0.000022
2 2 0.000068 0.003276 0.993170 0.003382 0.000103
2 2 0.000043 0.002321 0.974061 0.023513 0.000063
2 2 0.000156 0.009728 0.982394 0.007211 0.000510
2 2 0.000176 0.006418 0.985873 0.007286 0.000246
2 2 0.000013 0.000505 0.976405 0.023067 0.000011
2 2 0.000148 0.002519 0.965257 0.032023 0.000053
2 2 0.001301 0.027315 0.939493 0.030451 0.001440
2 2 0.000204 0.004708 0.968331 0.026639 0.000118
2 2 0.002194 0.026966 0.937341 0.032045 0.001454
2 2 0.000233 0.004179 0.942748 0.052713 0.000127
2 2 0.000352 0.010509 0.950870 0.037738 0.000532
2 2 0.000265 0.003433 0.838041 0.158113 0.000148
2 2 0.000359 0.003011 0.840041 0.156465 0.000124
2 2 0.002750 0.023466 0.867426 0.104518 0.001840
2 2 0.000098 0.001813 0.755533 0.242481 0.000075
2 2 0.000018 0.000304 0.714883 0.284788 0.000007
2 2 0.004971 0.030992 0.921412 0.040679 0.001946
2 2 0.000205 0.003669 0.885935 0.110051 0.000139
2 2 0.001762 0.015377 0.951444 0.030761 0.000657
2 2 0.000152 0.003535 0.906104 0.090089 0.000122
2 2 0.000238 0.005636 0.906140 0.087756 0.000230
2 2 0.000190 0.002912 0.754567 0.242186 0.000145
2 2 0.000182 0.002567 0.814538 0.182606 0.000106
2 2 0.000245 0.003519 0.721890 0.274144 0.000202
2 2 0.000161 0.002629 0.744848 0.252234 0.000128
2 2 0.000088 0.001527 0.722026 0.276296 0.000063
2 2 0.000040 0.000601 0.545633 0.453701 0.000025
2 2 0.000044 0.000613 0.508099 0.491217 0.000027
2 2 0.000171 0.001912 0.541170 0.456622 0.000125
2 2 0.000055 0.000747 0.521103 0.478060 0.000035
3 2 0.000015 0.000211 0.398314 0.601452 0.000008
2 3 0.000361 0.003790 0.802979 0.192683 0.000187
2 3 0.000085 0.001756 0.795927 0.202167 0.000065
2 3 0.000303 0.005603 0.848702 0.145112 0.000280
2 3 0.000094 0.001643 0.869640 0.128575 0.000049
2 3 0.000199 0.002938 0.715205 0.281499 0.000159
2 3 0.083315 0.212744 0.633182 0.035330 0.035429
2 2 0.012948 0.079504 0.637415 0.253763 0.016370
2 2 0.008808 0.064612 0.694590 0.220943 0.011046
2 2 0.003589 0.031935 0.729781 0.230634 0.004061
2 2 0.026951 0.109351 0.768218 0.079751 0.015728
2 2 0.003696 0.080042 0.883286 0.021539 0.011438
2 2 0.001709 0.030983 0.934179 0.027560 0.005569
2 2 0.011974 0.080077 0.882504 0.019510 0.005935
2 2 0.006728 0.106095 0.841852 0.034672 0.010654
2 2 0.008360 0.143134 0.810802 0.022335 0.015369
2 2 0.006189 0.083200 0.891632 0.013507 0.005472
2 2 0.004834 0.068905 0.910255 0.011389 0.004617
2 2 0.000505 0.011756 0.956137 0.030793 0.000808
2 2 0.028866 0.097415 0.855969 0.010912 0.006837
2 2 0.000901 0.024304 0.961148 0.011238 0.002410
2 2 0.000193 0.009730 0.988658 0.001039 0.000380
2 2 0.000075 0.005376 0.993983 0.000166 0.000400
2 2 0.000034 0.007192 0.991638 0.000495 0.000641
2 2 0.000151 0.009418 0.988597 0.001228 0.000607
2 2 0.000030 0.004105 0.995248 0.000153 0.000464
2 2 0.000032 0.002423 0.987110 0.010358 0.000078
2 2 0.000092 0.007856 0.987304 0.004099 0.000650
2 2 0.000049 0.001195 0.993643 0.005091 0.000023
2 2 0.000671 0.021223 0.974860 0.002415 0.000832
2 2 0.000202 0.009199 0.987528 0.002603 0.000469
2 2 0.003506 0.081979 0.893905 0.004742 0.015869
2 2 0.080427 0.367525 0.462988 0.004170 0.084890
2 0 0.047071 0.306053 0.603430 0.007158 0.036288
2 1 0.046030 0.278335 0.644518 0.004595 0.026521
2 1 0.014647 0.294529 0.640654 0.006755 0.043415
2 1 0.040963 0.351840 0.419829 0.007807 0.179561
1 1 0.149331 0.470779 0.222593 0.000887 0.156410
1 1 0.194225 0.475441 0.245388 0.001820 0.083127
1 1 0.096934 0.464797 0.327056 0.008008 0.103205
2 1 0.053001 0.366707 0.481282 0.021899 0.077111
2 1 0.076239 0.297918 0.567682 0.013410 0.044750
2 1 0.020577 0.316623 0.580504 0.009607 0.072688
2 1 0.032696 0.271843 0.564131 0.004741 0.126589
2 1 0.011792 0.297026 0.583349 0.003015 0.104818
2 1 0.022466 0.315073 0.565924 0.012960 0.083577
1 1 0.047130 0.441859 0.402590 0.005225 0.103197
2 1 0.019445 0.377687 0.419478 0.001945 0.181445
1 1 0.085116 0.433885 0.296504 0.002981 0.181514
1 1 0.058247 0.342169 0.312631 0.000483 0.286469
2 1 0.028779 0.400087 0.415010 0.005806 0.150317
1 1 0.036609 0.359942 0.310602 0.000551 0.292296
1 1 0.081652 0.448260 0.301417 0.006144 0.162527
1 1 0.047874 0.425549 0.381605 0.012680 0.132293
2 1 0.104641 0.357136 0.416475 0.007420 0.114328
1 1 0.033397 0.386041 0.356452 0.008950 0.215160
1 1 0.056539 0.409414 0.386338 0.000822 0.146887
2 1 0.009200 0.253490 0.617763 0.003567 0.115980
2 1 0.012538 0.291120 0.570554 0.004290 0.121498
2 1 0.013462 0.295045 0.583287 0.004013 0.104193
2 1 0.016018 0.288809 0.564647 0.007743 0.122783
2 1 0.033622 0.351074 0.425465 0.004202 0.185638
2 1 0.017151 0.303753 0.509674 0.003644 0.165779
2 1 0.010533 0.303853 0.550209 0.002358 0.133048
2 1 0.017778 0.318940 0.520035 0.006445 0.136801
2 1 0.015728 0.318470 0.529530 0.004970 0.131302
2 1 0.019038 0.265133 0.605783 0.016709 0.093336
2 1 0.021026 0.267550 0.573017 0.019105 0.119302
1 1 0.080809 0.369225 0.313773 0.002210 0.233983
2 1 0.025331 0.306344 0.563998 0.011880 0.092446
2 1 0.010115 0.206769 0.659519 0.009278 0.114319
2 1 0.015223 0.258126 0.614674 0.010975 0.101002
