0 0 0.965455 0.018684 0.005678 0.000601 0.009581
0 0 0.977039 0.004599 0.007447 0.000169 0.010746
0 0 0.975562 0.005585 0.006862 0.000192 0.011800
0 0 0.989373 0.001832 0.002059 0.000031 0.006706
0 0 0.963290 0.017147 0.007811 0.000663 0.011088
0 0 0.714527 0.220467 0.061871 0.000562 0.002573
0 0 0.540876 0.353900 0.098806 0.000500 0.005918
0 1 0.416827 0.402815 0.171763 0.000779 0.007817
1 1 0.325783 0.394770 0.264868 0.002267 0.012313
1 1 0.253900 0.402626 0.319554 0.004013 0.019907
1 1 0.083818 0.637798 0.208684 0.000487 0.069213
1 1 0.027443 0.564622 0.234694 0.000669 0.172571
1 1 0.030734 0.724537 0.150026 0.000066 0.094638
1 1 0.017201 0.732074 0.161001 0.000028 0.089696
1 1 0.034145 0.720013 0.173116 0.000066 0.072659
1 1 0.023255 0.715892 0.157684 0.000056 0.103114
1 1 0.016152 0.417837 0.335720 0.001358 0.228933
1 4 0.026440 0.413761 0.210659 0.000184 0.348955
4 4 0.062360 0.345918 0.148945 0.000275 0.442501
1 4 0.014062 0.499211 0.317499 0.000600 0.168628
1 4 0.014511 0.558380 0.279634 0.000282 0.147193
1 4 0.032065 0.489842 0.235179 0.000899 0.242016
1 4 0.026108 0.410433 0.254803 0.000779 0.307876
1 4 0.016279 0.371450 0.339400 0.001629 0.271241
4 4 0.046143 0.261265 0.125180 0.000203 0.567209
1 4 0.010657 0.546836 0.305013 0.000198 0.137295
1 4 0.019028 0.636303 0.216226 0.000143 0.128300
1 4 0.033630 0.685795 0.155914 0.000146 0.124516
1 4 0.008236 0.494616 0.354132 0.000260 0.142756
1 4 0.028407 0.609068 0.206772 0.000350 0.155404
1 4 0.007204 0.552361 0.322172 0.000093 0.118170
1 4 0.011678 0.512837 0.316350 0.000306 0.158829
1 4 0.007644 0.485835 0.364320 0.000257 0.141944
2 4 0.004901 0.418641 0.435641 0.000295 0.140522
1 4 0.012523 0.461381 0.298801 0.000167 0.227129
1 4 0.006830 0.492602 0.366207 0.000192 0.134170
1 4 0.005221 0.450060 0.410447 0.000212 0.134060
1 4 0.010278 0.572487 0.290141 0.000131 0.126963
1 4 0.004781 0.549039 0.343830 0.000046 0.102303
1 4 0.007946 0.588913 0.291877 0.000067 0.111197
1 4 0.012654 0.496388 0.450140 0.000110 0.040708
1 4 0.016441 0.531763 0.390871 0.000184 0.060741
1 4 0.035375 0.505906 0.386938 0.000851 0.070929
1 4 0.103360 0.554620 0.309215 0.000653 0.032153
1 4 0.008698 0.524338 0.390335 0.000106 0.076524
1 4 0.059072 0.503880 0.405354 0.000585 0.031110
1 4 0.033388 0.555422 0.350552 0.000376 0.060261
1 4 0.041342 0.585158 0.326147 0.000265 0.047088
2 4 0.050361 0.446679 0.450048 0.001753 0.051159
1 2 0.025614 0.504649 0.400199 0.000538 0.069000
2 2 0.023244 0.103447 0.812916 0.055964 0.004429
2 2 0.012477 0.099635 0.802921 0.075561 0.009406
2 2 0.011009 0.084426 0.806447 0.092429 0.005689
2 2 0.006456 0.056674 0.845955 0.087478 0.003438
2 2 0.009813 0.101617 0.826082 0.053385 0.009104
2 2 0.030457 0.124881 0.783001 0.056502 0.005160
2 2 0.006823 0.035762 0.812814 0.143458 0.001142
2 2 0.007572 0.049898 0.798122 0.142260 0.002148
2 2 0.019891 0.073495 0.760420 0.143367 0.002827
2 2 0.002241 0.018810 0.761351 0.216951 0.000648
3 2 0.001167 0.005375 0.489846 0.503506 0.000106
2 2 0.000502 0.004819 0.560970 0.433601 0.000108
2 2 0.001619 0.007135 0.515370 0.475733 0.000144
3 3 0.000847 0.004100 0.483177 0.511815 0.000060
2 3 0.002899 0.009719 0.540978 0.446274 0.000130
3 3 0.000404 0.001801 0.232269 0.765483 0.000042
3 3 0.000492 0.001192 0.174342 0.823951 0.000023
3 3 0.000590 0.002491 0.203476 0.793369 0.000074
3 3 0.000630 0.004092 0.273712 0.721389 0.000176
3 3 0.000282 0.001202 0.169913 0.828574 0.000030
3 3 0.000725 0.001331 0.174848 0.823082 0.000014
3 3 0.000319 0.000342 0.111467 0.887870 0.000002
3 3 0.000457 0.000990 0.150430 0.848109 0.000013
3 3 0.000146 0.000464 0.145997 0.853388 0.000005
3 3 0.000134 0.000413 0.166009 0.833440 0.000003
3 3 0.000176 0.000316 0.047872 0.951630 0.000006
3 3 0.000021 0.000067 0.031687 0.968223 0.000001
3 3 0.000095 0.000119 0.026995 0.972789 0.000002
3 3 0.000145 0.000214 0.036958 0.962680 0.000003
3 3 0.000131 0.000492 0.068879 0.930483 0.000016
3 3 0.000064 0.000943 0.142453 0.856471 0.000069
3 3 0.000028 0.000172 0.068282 0.931513 0.000005
3 3 0.000676 0.002279 0.192669 0.804327 0.000048
3 3 0.000089 0.002097 0.201053 0.796493 0.000268
3 3 0.000046 0.000631 0.096663 0.902598 0.000062
3 3 0.000008 0.000091 0.096957 0.902942 0.000002
3 3 0.000267 0.001237 0.134108 0.864349 0.000039
3 3 0.000065 0.000400 0.100633 0.898891 0.000011
3 3 0.000035 0.000297 0.143144 0.856519 0.000006
3 3 0.000046 0.000217 0.106677 0.893057 0.000004
3 3 0.000031 0.000121 0.071696 0.928151 0.000001
3 3 0.000015 0.000069 0.049962 0.949952 0.000001
3 3 0.000041 0.000246 0.107369 0.892340 0.000004
3 3 0.000076 0.000350 0.124045 0.875524 0.000005
3 3 0.000020 0.000128 0.096175 0.903675 0.000002
3 3 0.000195 0.000461 0.058185 0.941146 0.000012
3 3 0.000024 0.000088 0.019325 0.980559 0.000003
3 3 0.000176 0.000287 0.050475 0.949057 0.000005
3 3 0.000021 0.000076 0.037364 0.962538 0.000002
3 3 0.000042 0.000047 0.016232 0.983679 0.000001
3 3 0.000208 0.000848 0.071226 0.927681 0.000038
3 3 0.000070 0.000183 0.069196 0.930549 0.000003
3 3 0.000066 0.000190 0.031815 0.967923 0.000006
3 3 0.000072 0.000189 0.052809 0.946927 0.000003
3 3 0.000136 0.000378 0.048121 0.951354 0.000011
3 3 0.000178 0.000715 0.148810 0.850284 0.000013
3 3 0.000080 0.000499 0.151193 0.848218 0.000010
3 3 0.000042 0.000318 0.101878 0.897752 0.000009
3 3 0.000007 0.000058 0.077438 0.922496 0.000001
3 3 0.000018 0.000099 0.067243 0.932638 0.000002
3 3 0.000030 0.000132 0.077819 0.922017 0.000002
3 3 0.000058 0.000107 0.056998 0.942836 0.000001
3 3 0.000021 0.000121 0.056324 0.943530 0.000003
3 3 0.000060 0.000454 0.123596 0.875876 0.000014
3 3 0.000060 0.000261 0.093594 0.906080 0.000005
3 3 0.003038 0.019068 0.469276 0.507146 0.001471
3 3 0.015413 0.031746 0.343892 0.606146 0.002804
2 2 0.005788 0.033461 0.621025 0.337660 0.002065
2 2 0.011717 0.039293 0.500905 0.445038 0.003047
2 2 0.007017 0.050097 0.649898 0.288445 0.004544
2 2 0.013645 0.070366 0.620303 0.286879 0.008807
2 0 0.014476 0.135579 0.672227 0.150958 0.026759
2 2 0.025276 0.131459 0.712819 0.114132 0.016314
2 2 0.017069 0.090298 0.581508 0.295129 0.015996
2 2 0.027685 0.110992 0.678548 0.170067 0.012708
2 2 0.025899 0.102734 0.735012 0.128635 0.007721
2 2 0.046992 0.129622 0.736033 0.080790 0.006564
2 2 0.072786 0.167979 0.661325 0.086764 0.011145
2 2 0.078569 0.225346 0.654431 0.027787 0.013867
2 2 0.034806 0.132767 0.776052 0.048286 0.008088
2 2 0.007762 0.051489 0.864197 0.074385 0.002167
2 2 0.004190 0.058249 0.881840 0.051437 0.004284
2 2 0.001800 0.040318 0.927183 0.028743 0.001955
2 2 0.000884 0.026288 0.907373 0.063759 0.001695
2 2 0.001622 0.020973 0.844494 0.132000 0.000912
2 2 0.000339 0.003612 0.686694 0.309299 0.000056
2 2 0.000164 0.001711 0.506255 0.491841 0.000029
2 2 0.000892 0.006753 0.709003 0.283249 0.000103
2 2 0.000229 0.005790 0.756609 0.237188 0.000184
2 2 0.000221 0.002842 0.723338 0.273563 0.000036
2 2 0.000710 0.009899 0.665522 0.323354 0.000515
2 2 0.000849 0.023553 0.845659 0.127948 0.001991
2 2 0.000330 0.006672 0.748393 0.244366 0.000240
2 2 0.000217 0.006665 0.736843 0.255848 0.000427
2 2 0.000285 0.007922 0.672836 0.318301 0.000657
2 2 0.004235 0.020660 0.585538 0.388356 0.001211
2 2 0.004711 0.029775 0.626004 0.337571 0.001938
2 2 0.042755 0.096656 0.638513 0.216170 0.005907
2 2 0.094340 0.145853 0.542310 0.204535 0.012963
2 2 0.002040 0.041868 0.791255 0.159262 0.005575
2 2 0.000186 0.009008 0.864314 0.125923 0.000569
2 2 0.000660 0.025419 0.894317 0.077467 0.002138
2 2 0.000379 0.021589 0.897214 0.078571 0.002248
2 2 0.000047 0.006815 0.904831 0.087849 0.000458
2 2 0.000101 0.006110 0.900962 0.092563 0.000264
2 2 0.000149 0.011590 0.911957 0.075464 0.000841
2 2 0.000324 0.009428 0.813043 0.176753 0.000453
2 2 0.000225 0.008387 0.882919 0.108138 0.000330
2 2 0.000386 0.013530 0.861757 0.123322 0.001005
2 2 0.000126 0.007205 0.847950 0.144278 0.000442
2 2 0.000079 0.003063 0.734629 0.262112 0.000117
2 2 0.000120 0.003462 0.719955 0.276351 0.000112
2 2 0.000126 0.005454 0.805266 0.188910 0.000244
2 2 0.000160 0.005350 0.733528 0.260694 0.000268
2 2 0.000215 0.006347 0.793834 0.199332 0.000271
2 2 0.000694 0.028668 0.801196 0.164726 0.004716
2 2 0.014095 0.082224 0.769785 0.128389 0.005507
2 2 0.003689 0.049836 0.820992 0.120223 0.005260
2 2 0.000253 0.016303 0.866814 0.114911 0.001719
2 2 0.000243 0.010989 0.869787 0.118227 0.000754
2 2 0.000164 0.007582 0.875802 0.116176 0.000276
2 2 0.000069 0.002004 0.765715 0.232179 0.000032
2 2 0.000078 0.003693 0.862400 0.133736 0.000093
2 2 0.000031 0.001458 0.731001 0.267480 0.000031
2 2 0.000087 0.002451 0.749913 0.247499 0.000050
2 2 0.000440 0.016557 0.767128 0.213859 0.002016
2 2 0.001467 0.014735 0.634494 0.348550 0.000755
2 2 0.001556 0.018420 0.693426 0.285406 0.001192
2 2 0.000528 0.020402 0.754057 0.221996 0.003016
2 2 0.004319 0.034740 0.620479 0.336939 0.003522
2 4 0.011330 0.059997 0.645893 0.276898 0.005883
2 4 0.046536 0.125455 0.679720 0.141097 0.007192
2 4 0.005034 0.052852 0.731504 0.204479 0.006131
2 4 0.007050 0.055079 0.788962 0.145189 0.003721
2 4 0.002179 0.041967 0.715241 0.234541 0.006073
2 2 0.028589 0.157203 0.703132 0.093136 0.017940
2 2 0.022267 0.128281 0.783606 0.054290 0.011556
2 2 0.003023 0.041450 0.753106 0.197681 0.004739
2 2 0.026779 0.066881 0.679620 0.223526 0.003195
2 2 0.020280 0.182993 0.720592 0.048613 0.027522
2 2 0.038815 0.286986 0.494682 0.061306 0.118211
2 2 0.016763 0.319802 0.433336 0.020048 0.210051
2 2 0.013241 0.244349 0.549124 0.052514 0.140771
2 2 0.009748 0.264756 0.543398 0.028173 0.153925
2 2 0.045601 0.236513 0.554819 0.097740 0.065326
2 4 0.131820 0.384239 0.450532 0.002447 0.030963
2 4 0.155068 0.367215 0.399228 0.024051 0.054438
1 4 0.104489 0.417365 0.395545 0.012316 0.070285
2 0 0.229806 0.331429 0.391567 0.003449 0.043749
1 1 0.205886 0.456265 0.301033 0.003656 0.033160
2 1 0.056702 0.412662 0.469131 0.005628 0.055877
2 2 0.033459 0.348781 0.539991 0.010225 0.067544
2 2 0.011714 0.256183 0.661132 0.010413 0.060558
2 2 0.007525 0.210609 0.714123 0.011336 0.056408
2 2 0.006581 0.232450 0.645319 0.018190 0.097460
2 2 0.003932 0.042588 0.897888 0.052343 0.003249
2 2 0.007398 0.109435 0.833258 0.037189 0.012720
2 2 0.006310 0.070928 0.887394 0.030671 0.004696
2 2 0.018784 0.282984 0.642790 0.008720 0.046722
2 0 0.108441 0.259068 0.593703 0.018645 0.020144
1 1 0.093971 0.543662 0.306111 0.001327 0.054929
1 1 0.039121 0.625363 0.233682 0.000356 0.101477
1 2 0.055539 0.560242 0.232890 0.001571 0.149759
2 2 0.028562 0.357702 0.533030 0.004514 0.076192
1 2 0.031638 0.499619 0.387742 0.000906 0.080095
2 2 0.049540 0.226680 0.677990 0.025986 0.019804
2 2 0.047504 0.200386 0.698632 0.037977 0.015501
2 2 0.007190 0.067809 0.833336 0.086405 0.005261
2 2 0.011253 0.100877 0.812161 0.065891 0.009818
2 2 0.022656 0.168375 0.785428 0.011290 0.012250
1 2 0.069336 0.596841 0.150678 0.001167 0.181977
1 2 0.042550 0.544807 0.212138 0.001536 0.198968
1 0 0.186069 0.587623 0.130005 0.001604 0.094699
1 1 0.047693 0.655091 0.150711 0.000347 0.146158
1 1 0.054334 0.536301 0.168359 0.000643 0.240365
2 2 0.031661 0.295021 0.614181 0.011788 0.047349
2 2 0.015613 0.308733 0.619098 0.003647 0.052909
2 2 0.015479 0.274105 0.609821 0.016022 0.084574
2 2 0.010173 0.301344 0.569825 0.007743 0.110916
2 2 0.009180 0.243375 0.620485 0.022065 0.104896
2 2 0.000298 0.013217 0.935182 0.050590 0.000714
2 2 0.002045 0.064108 0.899251 0.027245 0.007351
2 2 0.017584 0.187110 0.723813 0.045399 0.026094
2 2 0.002095 0.102351 0.853889 0.020858 0.020807
2 2 0.001117 0.062120 0.881197 0.044001 0.011565
2 2 0.023617 0.198989 0.647993 0.080953 0.048447
2 2 0.029612 0.297576 0.586095 0.021091 0.065627
1 2 0.320347 0.353912 0.302075 0.006554 0.017112
0 0 0.422008 0.261463 0.274222 0.025097 0.017210
0 0 0.358494 0.330429 0.277358 0.012170 0.021548
1 0 0.133052 0.422753 0.215899 0.002785 0.225511
1 0 0.200999 0.555249 0.174792 0.002098 0.066862
1 1 0.080225 0.577193 0.147024 0.001725 0.193834
1 1 0.163347 0.604717 0.111362 0.000792 0.119782
1 2 0.123837 0.556151 0.170300 0.002226 0.147486
2 2 0.160027 0.397065 0.414549 0.004263 0.024097
0 0 0.666041 0.211177 0.107236 0.007583 0.007964
1 0 0.295663 0.380603 0.292491 0.007112 0.024131
1 1 0.266700 0.437262 0.277236 0.001997 0.016805
1 2 0.257876 0.415946 0.291440 0.005575 0.029164
2 2 0.020378 0.190416 0.746578 0.020755 0.021872
2 2 0.003278 0.151686 0.796205 0.013909 0.034922
2 2 0.004439 0.108447 0.844109 0.024399 0.018606
2 2 0.002129 0.093125 0.847290 0.037031 0.020424
2 2 0.003319 0.038385 0.826275 0.128927 0.003094
2 2 0.074539 0.191718 0.653459 0.066707 0.013577
2 2 0.037207 0.094760 0.741185 0.121920 0.004929
2 2 0.043848 0.056540 0.681740 0.216414 0.001459
2 2 0.066621 0.099830 0.667620 0.161723 0.004206
0 0 0.700290 0.087974 0.166957 0.042919 0.001861
0 0 0.671980 0.169388 0.140726 0.007593 0.010313
0 0 0.667857 0.170128 0.148628 0.009174 0.004214
0 0 0.577059 0.325125 0.088979 0.000964 0.007873
0 0 0.540042 0.342200 0.102016 0.002057 0.013685
0 0 0.475252 0.362067 0.144844 0.002794 0.015045
1 1 0.169751 0.561128 0.114584 0.002722 0.151816
1 1 0.131010 0.552085 0.189939 0.003229 0.123736
1 1 0.197812 0.565024 0.134026 0.002326 0.100812
1 2 0.304277 0.366621 0.150933 0.000946 0.177223
1 2 0.234000 0.631307 0.081121 0.000351 0.053220
1 2 0.132555 0.488915 0.336444 0.002322 0.039765
1 2 0.078236 0.455916 0.393396 0.004543 0.067909
1 4 0.040788 0.432666 0.410414 0.005842 0.110290
2 4 0.086312 0.386887 0.427041 0.019100 0.080661
2 4 0.064447 0.366455 0.493850 0.013724 0.061525
2 4 0.017592 0.134726 0.736110 0.087209 0.024363
2 4 0.020938 0.218308 0.668264 0.040576 0.051915
2 2 0.051213 0.251807 0.646570 0.019767 0.030643
2 2 0.043047 0.279371 0.589256 0.034631 0.053694
2 2 0.194400 0.288895 0.458723 0.035776 0.022206
2 2 0.037545 0.264880 0.662561 0.010130 0.024884
2 2 0.014147 0.110711 0.836288 0.030491 0.008363
2 2 0.002443 0.063585 0.851413 0.071651 0.010908
2 2 0.003527 0.064823 0.881580 0.042211 0.007859
2 2 0.005808 0.099105 0.842500 0.038909 0.013678
2 2 0.000215 0.016168 0.951618 0.030964 0.001034
2 2 0.001664 0.052494 0.902388 0.038859 0.004596
2 2 0.000143 0.007857 0.968547 0.023221 0.000232
2 2 0.001168 0.058830 0.917282 0.016347 0.006373
2 2 0.000879 0.047667 0.924789 0.021450 0.005215
2 2 0.003058 0.026454 0.848871 0.120811 0.000807
2 2 0.002189 0.010907 0.712943 0.273745 0.000216
2 2 0.003621 0.024200 0.840575 0.131006 0.000598
2 2 0.011552 0.049320 0.787362 0.150126 0.001640
2 2 0.014151 0.058713 0.806844 0.118362 0.001930
2 2 0.088899 0.300514 0.546753 0.028281 0.035553
0 2 0.346256 0.302771 0.334866 0.006452 0.009656
1 1 0.327495 0.362842 0.286486 0.005820 0.017357
2 1 0.083053 0.335808 0.531746 0.014331 0.035062
2 2 0.136787 0.359751 0.471253 0.008126 0.024084
2 0 0.274497 0.332770 0.358895 0.012139 0.021699
1 1 0.303728 0.396052 0.269775 0.005823 0.024623
2 2 0.142852 0.311870 0.478884 0.030907 0.035487
2 2 0.202366 0.314281 0.431480 0.023868 0.028005
2 2 0.097135 0.218614 0.619269 0.046952 0.018030
2 2 0.046229 0.220418 0.680163 0.032345 0.020844
2 2 0.038169 0.267114 0.666009 0.006894 0.021815
2 2 0.082959 0.275329 0.597987 0.020152 0.023574
2 2 0.127585 0.305254 0.516315 0.025502 0.025345
2 2 0.070540 0.247596 0.605926 0.047338 0.028600
2 2 0.045219 0.148256 0.723968 0.073883 0.008675
2 2 0.026792 0.088406 0.713123 0.166244 0.005435
2 2 0.051381 0.134856 0.733784 0.073406 0.006574
2 2 0.155150 0.223566 0.552167 0.057843 0.011274
2 2 0.074490 0.159684 0.702796 0.056493 0.006537
2 2 0.111222 0.286093 0.528803 0.042171 0.031711
2 2 0.241945 0.346928 0.365337 0.020037 0.025753
2 2 0.259274 0.286377 0.417638 0.022061 0.014650
2 2 0.073646 0.186095 0.689538 0.039703 0.011018
2 2 0.120177 0.222900 0.565344 0.075599 0.015979
2 2 0.100137 0.178527 0.630288 0.080262 0.010787
2 2 0.208756 0.257698 0.475126 0.044604 0.013817
2 2 0.062872 0.166474 0.681635 0.077940 0.011079
2 2 0.143100 0.186525 0.542280 0.119109 0.008986
2 2 0.131512 0.171636 0.588184 0.101719 0.006949
2 2 0.080655 0.100499 0.518762 0.294239 0.005845
2 2 0.120788 0.161121 0.501871 0.204688 0.011532
2 2 0.037108 0.135519 0.605751 0.207386 0.014237
2 2 0.072310 0.160936 0.606508 0.147272 0.012974
2 2 0.097152 0.189400 0.591030 0.107863 0.014556
2 2 0.149262 0.316810 0.504021 0.011652 0.018255
2 2 0.049291 0.200661 0.657709 0.067094 0.025244
2 2 0.145178 0.298694 0.494159 0.036169 0.025800
2 2 0.129168 0.254132 0.589650 0.015012 0.012037
2 2 0.096524 0.304658 0.558530 0.015450 0.024839
2 0 0.245268 0.300034 0.418200 0.016617 0.019881
1 1 0.248686 0.432256 0.296944 0.002609 0.019505
1 1 0.124904 0.449002 0.390120 0.002783 0.033191
1 2 0.119359 0.424177 0.395539 0.008692 0.052232
2 2 0.016251 0.252470 0.682571 0.007502 0.041205
2 2 0.000023 0.003333 0.967131 0.029429 0.000084
2 2 0.000052 0.010729 0.961001 0.027494 0.000724
2 2 0.000102 0.007894 0.948378 0.043284 0.000341
2 2 0.000058 0.005322 0.932551 0.061856 0.000213
2 2 0.000053 0.005435 0.951834 0.042480 0.000198
2 2 0.000613 0.058699 0.902857 0.027089 0.010741
2 2 0.001357 0.058541 0.838656 0.088761 0.012684
2 2 0.001157 0.073672 0.886920 0.024883 0.013368
2 2 0.000717 0.034048 0.922814 0.038926 0.003495
2 2 0.002793 0.116914 0.827051 0.025808 0.027434
2 2 0.000208 0.018920 0.963867 0.015858 0.001147
2 2 0.000173 0.021746 0.950441 0.025649 0.001991
2 2 0.000264 0.030555 0.950673 0.015588 0.002921
2 2 0.000389 0.018405 0.945933 0.034203 0.001070
2 2 0.000540 0.029643 0.942612 0.024770 0.002435
2 2 0.000044 0.005609 0.954519 0.039606 0.000222
2 2 0.000267 0.006552 0.851954 0.141008 0.000219
2 2 0.000032 0.002838 0.886727 0.110312 0.000091
2 2 0.000047 0.003097 0.906267 0.090505 0.000084
2 2 0.000133 0.008010 0.931095 0.060488 0.000275
2 2 0.000024 0.001823 0.862318 0.135791 0.000044
2 2 0.000038 0.001612 0.729318 0.268993 0.000039
2 2 0.000020 0.001222 0.751125 0.247604 0.000029
2 2 0.000036 0.002734 0.808190 0.188936 0.000104
2 2 0.000036 0.002200 0.803968 0.193730 0.000065
3 2 0.000019 0.000542 0.477744 0.521684 0.000011
2 2 0.000042 0.000792 0.500430 0.498722 0.000013
2 2 0.000033 0.001050 0.670111 0.328789 0.000018
2 2 0.000686 0.005749 0.556153 0.437285 0.000127
2 2 0.000330 0.005181 0.664852 0.329504 0.000134
2 2 0.000029 0.001252 0.745924 0.252769 0.000027
3 2 0.000154 0.003094 0.440583 0.555990 0.000179
2 2 0.000038 0.001188 0.534579 0.464158 0.000038
2 2 0.000064 0.002230 0.549830 0.447764 0.000113
2 2 0.000042 0.002305 0.629743 0.367795 0.000115
2 2 0.000038 0.001110 0.549373 0.449453 0.000025
3 2 0.000026 0.000523 0.480422 0.519023 0.000007
2 2 0.000006 0.000221 0.546742 0.453029 0.000002
3 2 0.000046 0.000811 0.450864 0.548266 0.000013
2 2 0.000044 0.001500 0.587349 0.411071 0.000036
2 2 0.000157 0.007875 0.840651 0.150825 0.000492
2 2 0.000045 0.001580 0.699532 0.298803 0.000039
2 2 0.000078 0.002691 0.742600 0.254541 0.000090
2 2 0.000073 0.005085 0.808121 0.186421 0.000301
2 2 0.000064 0.003180 0.814292 0.182349 0.000115
3 2 0.001077 0.005429 0.453491 0.539844 0.000160
3 2 0.000289 0.002247 0.310152 0.687238 0.000074
3 2 0.004894 0.015589 0.489336 0.489733 0.000447
2 2 0.001285 0.010891 0.567792 0.419595 0.000436
2 2 0.002149 0.031183 0.740712 0.223634 0.002322
2 2 0.027858 0.175993 0.692584 0.075817 0.027747
2 2 0.012867 0.149956 0.727749 0.078686 0.030743
2 2 0.014350 0.171047 0.699049 0.073488 0.042066
2 2 0.125984 0.299988 0.501277 0.031622 0.041127
2 0 0.346118 0.249758 0.375000 0.019233 0.009891
0 0 0.499471 0.142284 0.276299 0.069399 0.012546
0 0 0.666536 0.212050 0.114696 0.002848 0.003871
0 0 0.790344 0.130390 0.055102 0.016809 0.007355
0 0 0.563927 0.280796 0.133902 0.007198 0.014177
0 1 0.406018 0.328147 0.232555 0.011516 0.021763
1 2 0.011053 0.406316 0.391717 0.001542 0.189371
2 2 0.010675 0.351343 0.450574 0.005015 0.182393
2 2 0.008000 0.314487 0.510489 0.007152 0.159871
2 2 0.010098 0.332475 0.447027 0.003446 0.206955
2 4 0.007764 0.355809 0.471324 0.002645 0.162459
4 4 0.035419 0.031250 0.027568 0.000260 0.905503
4 4 0.079253 0.020471 0.015181 0.001905 0.883190
4 4 0.073096 0.021561 0.016282 0.001560 0.887501
4 4 0.060016 0.029399 0.023290 0.001083 0.886212
4 4 0.069007 0.013281 0.010020 0.000994 0.906698
4 4 0.043932 0.075939 0.064985 0.000923 0.814221
4 4 0.076992 0.029723 0.022374 0.002215 0.868696
4 4 0.075138 0.017294 0.012912 0.001478 0.893179
4 4 0.054162 0.089006 0.058684 0.000533 0.797616
4 4 0.044935 0.073351 0.050000 0.000262 0.831452
1 4 0.036085 0.463194 0.199582 0.000384 0.300754
1 4 0.017356 0.498060 0.269938 0.000258 0.214389
4 4 0.015329 0.312489 0.241183 0.000115 0.430885
4 4 0.014480 0.262078 0.263763 0.000314 0.459366
4 4 0.013796 0.279789 0.281258 0.000339 0.424817
4 4 0.026414 0.040879 0.038423 0.000140 0.894143
4 4 0.085710 0.133931 0.039739 0.000050 0.740569
4 4 0.029773 0.075496 0.054370 0.000074 0.840287
4 4 0.038842 0.217356 0.096782 0.000044 0.646976
4 4 0.023830 0.113973 0.092726 0.000096 0.769376
4 4 0.035615 0.317509 0.173638 0.000300 0.472938
1 4 0.022015 0.494920 0.245222 0.000278 0.237565
4 4 0.021090 0.256105 0.241240 0.000768 0.480796
4 4 0.023773 0.294666 0.235194 0.000634 0.445733
4 4 0.022582 0.208258 0.203239 0.000661 0.565261
1 4 0.008540 0.637219 0.254745 0.000039 0.099458
1 4 0.007679 0.540831 0.326894 0.000122 0.124474
1 4 0.019227 0.625676 0.222103 0.000170 0.132824
1 4 0.007239 0.569527 0.309913 0.000074 0.113246
1 4 0.014576 0.648076 0.222688 0.000080 0.114581
1 4 0.012836 0.480091 0.308665 0.000271 0.198137
1 4 0.023954 0.666740 0.185482 0.000127 0.123697
1 4 0.034846 0.681525 0.156228 0.000163 0.127238
1 4 0.011513 0.681301 0.211459 0.000033 0.095694
1 4 0.024102 0.593136 0.227627 0.000375 0.154760
0 0 0.654335 0.169507 0.043472 0.002547 0.130139
0 0 0.649688 0.209225 0.046673 0.002778 0.091634
0 0 0.972469 0.006862 0.007272 0.000241 0.013156
0 0 0.971564 0.005734 0.009120 0.000233 0.013349
0 0 0.971863 0.012551 0.006623 0.000453 0.008510
0 0 0.960306 0.009133 0.018134 0.000605 0.011822
0 0 0.945955 0.015063 0.022091 0.001095 0.015796
0 0 0.962832 0.015001 0.012528 0.000826 0.008813
0 0 0.924780 0.035408 0.023167 0.002786 0.013860
0 0 0.819688 0.157302 0.016108 0.000944 0.005959
1 0 0.349828 0.528705 0.099261 0.000437 0.021769
0 0 0.462971 0.413477 0.109543 0.000878 0.013131
0 0 0.543092 0.291488 0.144643 0.001170 0.019607
0 0 0.491965 0.407254 0.090115 0.000508 0.010157
0 0 0.558998 0.329927 0.101526 0.001178 0.008370
1 1 0.060934 0.692897 0.116619 0.000227 0.129322
1 1 0.054514 0.620606 0.158129 0.000669 0.166082
1 1 0.032680 0.634848 0.185364 0.000309 0.146799
1 1 0.044523 0.670015 0.147613 0.000256 0.137593
1 1 0.127126 0.524056 0.154909 0.000253 0.193656
1 1 0.187158 0.382003 0.334430 0.014771 0.081639
1 1 0.057233 0.542341 0.292491 0.001591 0.106344
1 1 0.061242 0.538761 0.247311 0.002310 0.150376
1 1 0.030545 0.471796 0.336689 0.002916 0.158053
2 1 0.013602 0.357223 0.422911 0.006409 0.199856
2 1 0.004664 0.113201 0.864054 0.008224 0.009858
2 2 0.002348 0.073192 0.880736 0.032734 0.010990
2 2 0.000646 0.050722 0.906941 0.033444 0.008247
2 2 0.000364 0.018032 0.963432 0.017320 0.000852
2 2 0.000588 0.059917 0.922888 0.009007 0.007600
2 2 0.000533 0.050645 0.929290 0.013261 0.006271
2 2 0.000937 0.056728 0.914866 0.020000 0.007469
2 2 0.002331 0.054029 0.917724 0.021392 0.004524
2 2 0.000996 0.044035 0.933901 0.017483 0.003585
2 2 0.000616 0.048953 0.926574 0.017748 0.006108
2 2 0.000483 0.024857 0.923078 0.049309 0.002272
2 2 0.000408 0.009913 0.895890 0.093478 0.000311
2 2 0.000142 0.014370 0.932916 0.051413 0.001160
2 2 0.000257 0.012777 0.895868 0.090201 0.000897
2 2 0.001294 0.017882 0.822830 0.157222 0.000772
2 2 0.000408 0.036540 0.945458 0.014106 0.003489
2 2 0.000734 0.037941 0.923177 0.033989 0.004159
2 2 0.000507 0.051618 0.922320 0.018070 0.007484
2 2 0.000278 0.017399 0.945715 0.035457 0.001151
2 2 0.000149 0.015686 0.962898 0.020307 0.000960
2 2 0.000143 0.010146 0.942182 0.047002 0.000527
2 2 0.000074 0.005252 0.943808 0.050693 0.000173
2 2 0.000306 0.013795 0.933668 0.051594 0.000637
2 2 0.000227 0.013428 0.938378 0.047321 0.000645
2 2 0.000416 0.011980 0.936627 0.050684 0.000293
2 2 0.001097 0.020736 0.777071 0.199538 0.001559
2 2 0.000627 0.016004 0.727501 0.254359 0.001509
2 2 0.003264 0.043154 0.873677 0.076684 0.003220
2 2 0.001514 0.029059 0.827846 0.139283 0.002298
2 2 0.000643 0.013583 0.797560 0.187322 0.000891
2 2 0.000214 0.007004 0.888803 0.103694 0.000285
2 2 0.000416 0.006294 0.777547 0.215563 0.000180
2 2 0.000089 0.004734 0.876156 0.118845 0.000176
2 2 0.001624 0.018921 0.784488 0.194216 0.000752
2 2 0.002049 0.049445 0.879183 0.065543 0.003780
2 2 0.000077 0.005404 0.909048 0.085274 0.000197
2 2 0.000056 0.004217 0.919810 0.075784 0.000132
2 2 0.000027 0.002572 0.922511 0.074825 0.000066
2 2 0.000072 0.007787 0.932410 0.059297 0.000434
2 2 0.000048 0.002065 0.800354 0.197482 0.000051
2 2 0.000193 0.008044 0.842682 0.148602 0.000479
2 2 0.000217 0.007856 0.746773 0.244584 0.000570
2 2 0.000276 0.016060 0.904597 0.077726 0.001341
2 2 0.000150 0.006114 0.820627 0.172789 0.000320
2 2 0.000154 0.005540 0.707176 0.286771 0.000359
3 2 0.000008 0.000184 0.254079 0.745726 0.000003
3 3 0.000029 0.001046 0.414419 0.584466 0.000040
3 3 0.000010 0.000259 0.247326 0.752399 0.000007
3 3 0.000009 0.000298 0.437045 0.562644 0.000005
3 3 0.000005 0.000170 0.271286 0.728536 0.000003
3 3 0.000607 0.002688 0.358209 0.638449 0.000047
3 3 0.000038 0.000560 0.205595 0.793782 0.000025
3 3 0.000039 0.001102 0.361835 0.636970 0.000054
3 3 0.000150 0.001140 0.223915 0.774752 0.000042
3 3 0.000411 0.002241 0.309594 0.687708 0.000047
3 3 0.057122 0.055200 0.422685 0.460716 0.004277
2 0 0.137471 0.140735 0.559538 0.156566 0.005690
2 2 0.018175 0.087332 0.744674 0.144837 0.004982
2 2 0.006132 0.029834 0.697369 0.265222 0.001443
2 2 0.006566 0.032008 0.698042 0.261826 0.001557
2 2 0.000212 0.002626 0.605322 0.391790 0.000050
2 2 0.001689 0.014265 0.754081 0.229605 0.000359
2 2 0.000125 0.003677 0.807450 0.188660 0.000087
2 2 0.000038 0.001625 0.748973 0.249323 0.000041
2 2 0.000070 0.001843 0.735988 0.262065 0.000035
3 2 0.000160 0.001195 0.444891 0.553742 0.000012
3 2 0.000035 0.000419 0.398690 0.600853 0.000004
3 2 0.000024 0.000286 0.281223 0.718464 0.000004
3 2 0.000069 0.000281 0.127992 0.871653 0.000004
3 2 0.000226 0.001214 0.237169 0.761371 0.000020
2 2 0.062841 0.062580 0.509911 0.362191 0.002477
2 2 0.007678 0.053256 0.667767 0.266198 0.005101
2 2 0.009806 0.037628 0.655817 0.294616 0.002133
2 2 0.021603 0.064314 0.717237 0.193543 0.003303
2 2 0.022855 0.054570 0.652858 0.266524 0.003192
2 2 0.000201 0.003973 0.652870 0.342781 0.000174
2 2 0.000272 0.009650 0.820234 0.169191 0.000654
2 2 0.000420 0.008359 0.727037 0.263748 0.000435
2 2 0.000409 0.009618 0.771765 0.217706 0.000502
2 2 0.000428 0.011484 0.777185 0.210198 0.000705
2 2 0.035484 0.126961 0.740344 0.087468 0.009744
2 2 0.056920 0.231513 0.630199 0.056577 0.024791
2 2 0.099215 0.215112 0.586159 0.081842 0.017672
2 2 0.100611 0.189963 0.624900 0.074221 0.010304
2 2 0.084834 0.211390 0.623502 0.062671 0.017603
2 2 0.059645 0.057135 0.444276 0.436808 0.002136
2 2 0.083092 0.081992 0.474911 0.357551 0.002453
3 2 0.049784 0.059982 0.437761 0.449148 0.003326
2 2 0.044899 0.059494 0.466860 0.425737 0.003010
3 2 0.024510 0.038526 0.362149 0.572673 0.002141
3 2 0.025296 0.020458 0.230286 0.723281 0.000680
3 2 0.024856 0.029613 0.171911 0.771453 0.002168
3 2 0.017243 0.017361 0.177433 0.787119 0.000845
3 2 0.014903 0.014331 0.147815 0.822224 0.000727
3 2 0.004554 0.004773 0.117635 0.872869 0.000169
3 2 0.001788 0.005122 0.214868 0.777971 0.000252
3 2 0.001140 0.001865 0.130123 0.866820 0.000052
3 3 0.005221 0.008262 0.273874 0.712408 0.000235
3 2 0.119892 0.063101 0.348765 0.466331 0.001911
3 2 0.004122 0.014792 0.462092 0.518452 0.000542
2 2 0.000048 0.002155 0.572151 0.425535 0.000110
2 2 0.000047 0.001519 0.533049 0.465326 0.000059
3 2 0.000027 0.000716 0.394648 0.604587 0.000022
3 2 0.000025 0.000701 0.447859 0.551397 0.000019
2 2 0.000034 0.001609 0.574819 0.423471 0.000068
3 2 0.000141 0.001138 0.266320 0.732359 0.000042
3 2 0.000120 0.000948 0.245637 0.753263 0.000032
3 2 0.000082 0.001456 0.279105 0.719257 0.000100
3 2 0.000052 0.000816 0.222978 0.776112 0.000042
3 2 0.000118 0.001849 0.350187 0.647751 0.000095
3 2 0.000022 0.000167 0.079844 0.919962 0.000005
3 2 0.000006 0.000037 0.053042 0.946915 0.000001
3 2 0.000002 0.000021 0.056802 0.943175 0.000000
3 2 0.000007 0.000084 0.078328 0.921578 0.000002
3 3 0.000022 0.000147 0.093000 0.906828 0.000002
3 3 0.000038 0.000147 0.062368 0.937444 0.000003
3 3 0.000009 0.000050 0.028929 0.971011 0.000002
3 3 0.000033 0.000111 0.044349 0.955505 0.000002
3 3 0.000129 0.000176 0.024133 0.975558 0.000004
3 3 0.000020 0.000051 0.017561 0.982366 0.000001
3 3 0.000052 0.000152 0.056457 0.943336 0.000003
3 3 0.000027 0.000140 0.063797 0.936033 0.000003
3 3 0.000093 0.000194 0.057226 0.942483 0.000003
3 3 0.000147 0.000161 0.053002 0.946689 0.000001
3 3 0.000014 0.000022 0.018008 0.981956 0.000000
3 3 0.000027 0.000101 0.055632 0.944238 0.000002
3 3 0.000032 0.000085 0.038827 0.961054 0.000001
3 3 0.000064 0.000123 0.022643 0.977167 0.000003
3 3 0.000029 0.000101 0.049446 0.950422 0.000002
3 3 0.000185 0.000241 0.055497 0.944075 0.000002
3 3 0.000060 0.000059 0.020192 0.979688 0.000001
3 3 0.000058 0.000053 0.011428 0.988461 0.000001
3 3 0.000011 0.000011 0.008319 0.991658 0.000000
3 3 0.000075 0.000084 0.024474 0.975365 0.000001
3 3 0.000085 0.000064 0.013209 0.986640 0.000001
3 3 0.000053 0.000074 0.027101 0.972772 0.000001
3 3 0.000097 0.000085 0.014137 0.985680 0.000002
3 3 0.000127 0.000294 0.042188 0.957382 0.000009
3 3 0.000332 0.000995 0.115104 0.883540 0.000027
3 2 0.000072 0.000560 0.074372 0.924957 0.000039
2 2 0.021003 0.051850 0.545708 0.378477 0.002962
2 2 0.098539 0.150820 0.504210 0.235478 0.010954
2 2 0.010981 0.074316 0.671798 0.234911 0.007994
2 2 0.042564 0.086638 0.517477 0.347157 0.006164
2 2 0.025512 0.075256 0.598374 0.295193 0.005665
2 2 0.021240 0.158601 0.762474 0.041167 0.016518
2 2 0.026410 0.184730 0.718502 0.047253 0.023106
2 2 0.006381 0.103490 0.813624 0.059812 0.016693
2 0 0.036577 0.167331 0.733342 0.049976 0.012774
0 0 0.505403 0.267670 0.204160 0.010889 0.011878
4 2 0.093899 0.197929 0.059845 0.000136 0.648192
4 2 0.080558 0.119378 0.058672 0.000638 0.740755
4 2 0.096483 0.053092 0.029518 0.001391 0.819517
4 4 0.084750 0.024675 0.018011 0.002502 0.870063
4 4 0.104672 0.056324 0.018809 0.000112 0.820084
4 4 0.169491 0.018647 0.006910 0.000719 0.804233
4 4 0.087447 0.073481 0.029197 0.000171 0.809704
4 4 0.181747 0.064140 0.018912 0.000654 0.734547
4 4 0.086422 0.041923 0.023072 0.000723 0.847861
4 4 0.244308 0.023523 0.009879 0.000982 0.721308
4 4 0.180536 0.019214 0.004728 0.000121 0.795401
4 4 0.098830 0.010830 0.007966 0.000585 0.881789
4 4 0.134881 0.012192 0.003814 0.000109 0.849004
4 4 0.073150 0.046155 0.019908 0.000098 0.860689
4 4 0.093037 0.015011 0.006218 0.000121 0.885613
4 4 0.032883 0.046927 0.036949 0.000130 0.883111
4 4 0.060894 0.009088 0.006959 0.000564 0.922495
4 4 0.115021 0.189391 0.032782 0.000012 0.662795
4 4 0.054309 0.090714 0.038277 0.000042 0.816657
4 4 0.026762 0.084481 0.077632 0.000224 0.810901
4 4 0.022944 0.297508 0.213148 0.000266 0.466135
1 4 0.024840 0.382967 0.246302 0.000539 0.345352
1 4 0.009632 0.344488 0.305028 0.000092 0.340759
4 4 0.021101 0.218194 0.209020 0.000525 0.551160
4 4 0.011738 0.306855 0.302252 0.000242 0.378913
4 4 0.046180 0.332803 0.150383 0.000284 0.470350
4 4 0.050035 0.098512 0.058808 0.000240 0.792405
4 4 0.043021 0.329939 0.159438 0.000322 0.467280
4 4 0.060797 0.235250 0.085168 0.000089 0.618696
4 4 0.018857 0.208919 0.205174 0.000358 0.566692
4 4 0.046788 0.160167 0.108260 0.000691 0.684094
4 4 0.038118 0.256793 0.200316 0.002162 0.502610
4 4 0.067841 0.149543 0.080766 0.000724 0.701126
4 4 0.103223 0.090254 0.049322 0.001426 0.755774
4 4 0.048605 0.072000 0.056828 0.000821 0.821746
1 4 0.101604 0.484311 0.137974 0.002540 0.273572
4 4 0.180032 0.219866 0.042136 0.000203 0.557764
4 4 0.103405 0.251657 0.075366 0.000299 0.569274
1 4 0.200035 0.450042 0.058632 0.000333 0.290958
4 4 0.143951 0.143581 0.044936 0.000672 0.666860
1 4 0.061414 0.547434 0.120905 0.000101 0.270146
1 4 0.036572 0.552196 0.199064 0.000470 0.211699
1 4 0.085213 0.696230 0.093065 0.000245 0.125247
1 4 0.052655 0.658841 0.121639 0.000098 0.166766
1 4 0.033950 0.689674 0.153252 0.000138 0.122986
1 4 0.173093 0.563232 0.122385 0.002681 0.138610
1 4 0.275952 0.528798 0.115720 0.002562 0.076968
1 4 0.258193 0.586567 0.083072 0.000846 0.071322
1 4 0.112636 0.597506 0.111062 0.001418 0.177377
1 4 0.260736 0.526991 0.161177 0.002063 0.049033
1 4 0.196407 0.650557 0.075253 0.000376 0.077407
1 4 0.211380 0.638549 0.086436 0.000414 0.063222
1 4 0.194218 0.666123 0.062861 0.000252 0.076546
1 4 0.125092 0.532402 0.128813 0.004055 0.209638
1 4 0.103731 0.487143 0.216967 0.003313 0.188845
1 4 0.092682 0.609872 0.141966 0.001184 0.154295
1 4 0.252048 0.466995 0.207458 0.007072 0.066427
1 4 0.062065 0.634764 0.142313 0.000601 0.160256
1 4 0.113335 0.565380 0.144261 0.002575 0.174449
1 4 0.059435 0.639525 0.143213 0.000539 0.157288
1 4 0.067841 0.520820 0.262511 0.003181 0.145647
1 4 0.015713 0.411238 0.372444 0.003098 0.197507
1 4 0.026895 0.383254 0.346302 0.012149 0.231400
2 4 0.008816 0.353224 0.464349 0.003494 0.170117
2 4 0.012142 0.286186 0.493097 0.026862 0.181714
2 4 0.009223 0.322531 0.491063 0.007587 0.169596
2 4 0.006722 0.345794 0.491946 0.002563 0.152975
2 4 0.008559 0.327766 0.492191 0.005923 0.165561
2 4 0.011411 0.368937 0.427244 0.003750 0.188658
2 4 0.011401 0.358536 0.437732 0.004737 0.187594
2 2 0.018808 0.259391 0.618175 0.025766 0.077860
2 2 0.019783 0.304142 0.602788 0.007383 0.065904
2 2 0.040863 0.332512 0.499560 0.026914 0.100152
1 2 0.060736 0.463949 0.388901 0.003969 0.082444
1 2 0.142901 0.488056 0.336704 0.001769 0.030569
1 2 0.174012 0.485920 0.234365 0.007662 0.098042
1 2 0.106887 0.475682 0.324987 0.005617 0.086826
2 2 0.073244 0.185782 0.614735 0.009361 0.116879
1 2 0.151109 0.476504 0.185771 0.010958 0.175658
0 0 0.568694 0.159909 0.149296 0.040637 0.081464
1 0 0.100189 0.709563 0.088968 0.000197 0.101082
1 1 0.111863 0.678753 0.114249 0.000367 0.094767
1 1 0.183968 0.632050 0.095647 0.000666 0.087669
1 1 0.086311 0.663671 0.105963 0.000445 0.143610
1 1 0.055020 0.642237 0.147329 0.000484 0.154929
1 4 0.066291 0.578086 0.236550 0.001310 0.117762
1 4 0.020698 0.511709 0.283370 0.000922 0.183301
1 4 0.034068 0.541793 0.230764 0.001221 0.192154
1 4 0.017796 0.462976 0.321100 0.001424 0.196703
1 4 0.028721 0.396373 0.319873 0.008402 0.246631
2 4 0.011233 0.331994 0.588962 0.001555 0.066255
2 4 0.010105 0.275313 0.641267 0.005120 0.068194
2 4 0.006614 0.245559 0.676983 0.004919 0.065925
2 4 0.004930 0.224312 0.686299 0.009289 0.075170
2 4 0.012707 0.369989 0.565094 0.000691 0.051519
1 2 0.134931 0.514238 0.297989 0.001481 0.051361
1 2 0.035687 0.499169 0.247493 0.002319 0.215332
1 2 0.198441 0.526104 0.184221 0.004025 0.087209
1 2 0.071449 0.613378 0.141313 0.000927 0.172933
1 2 0.051005 0.548335 0.196096 0.001784 0.202779
1 2 0.184346 0.540259 0.213302 0.002360 0.059733
1 2 0.120676 0.485977 0.314016 0.004713 0.074618
1 2 0.153654 0.475579 0.324590 0.003364 0.042812
1 0 0.320799 0.448849 0.192266 0.003856 0.034230
1 0 0.155099 0.469598 0.333652 0.003180 0.038471
1 0 0.208495 0.467861 0.264927 0.005603 0.053114
1 0 0.305979 0.504436 0.149673 0.001865 0.038047
1 1 0.189967 0.538951 0.186441 0.003187 0.081453
1 1 0.093239 0.559593 0.141043 0.002428 0.203697
1 2 0.159372 0.471438 0.250765 0.009720 0.108705
1 2 0.159799 0.415140 0.391819 0.004945 0.028297
2 2 0.112240 0.334368 0.498538 0.015175 0.039679
2 2 0.024302 0.224209 0.675356 0.024633 0.051501
2 2 0.009864 0.137343 0.720005 0.091585 0.041202
2 2 0.015462 0.103538 0.809078 0.046302 0.025620
2 2 0.000064 0.011259 0.980015 0.008187 0.000474
2 2 0.000044 0.006614 0.986759 0.006421 0.000162
2 2 0.000037 0.006231 0.981207 0.012331 0.000194
2 2 0.000051 0.007362 0.986137 0.006260 0.000190
2 2 0.000126 0.008979 0.976548 0.014123 0.000223
2 2 0.000402 0.014982 0.977356 0.006962 0.000299
2 2 0.000361 0.027911 0.958784 0.011158 0.001786
2 2 0.000309 0.017204 0.964475 0.017276 0.000736
2 2 0.000411 0.024418 0.964868 0.009177 0.001126
2 2 0.001627 0.029667 0.947636 0.020202 0.000868
2 2 0.001858 0.024922 0.924788 0.047644 0.000788
2 2 0.001710 0.026816 0.900485 0.070001 0.000988
2 2 0.000508 0.016128 0.955830 0.026989 0.000544
2 2 0.008639 0.085247 0.866247 0.035390 0.004476
2 2 0.002729 0.035169 0.905548 0.055252 0.001302
2 2 0.000645 0.008032 0.804065 0.187069 0.000188
2 2 0.000338 0.007106 0.855899 0.136439 0.000218
2 2 0.001979 0.026600 0.899786 0.070838 0.000797
2 2 0.003242 0.020400 0.832606 0.143342 0.000410
2 2 0.000761 0.013730 0.881453 0.103595 0.000462
2 2 0.000194 0.009499 0.952416 0.037557 0.000335
2 2 0.002322 0.026665 0.905679 0.064514 0.000821
2 2 0.001820 0.021208 0.905994 0.070419 0.000559
2 2 0.000893 0.014515 0.915642 0.068611 0.000338
2 2 0.000809 0.017359 0.936222 0.045079 0.000531
2 2 0.002113 0.011810 0.708958 0.276886 0.000233
2 2 0.002649 0.011180 0.717553 0.268437 0.000182
2 2 0.004856 0.028419 0.831323 0.134751 0.000651
2 2 0.000660 0.008841 0.809427 0.180854 0.000218
2 2 0.001676 0.018350 0.783353 0.195975 0.000646
2 2 0.000289 0.004504 0.826554 0.168586 0.000067
2 2 0.000131 0.004811 0.888710 0.106235 0.000114
2 2 0.000159 0.005881 0.853744 0.140020 0.000196
2 2 0.000254 0.004314 0.848446 0.146928 0.000058
2 2 0.000066 0.003158 0.901361 0.095344 0.000071
2 2 0.001257 0.019291 0.881053 0.097641 0.000758
2 2 0.001261 0.016798 0.844028 0.137322 0.000592
2 2 0.320221 0.203036 0.395913 0.072406 0.008423
2 2 0.006698 0.073995 0.860682 0.054037 0.004587
2 2 0.000629 0.018945 0.917470 0.061803 0.001152
2 2 0.000500 0.023516 0.935212 0.038963 0.001808
2 2 0.000565 0.029222 0.907015 0.060359 0.002839
2 2 0.000546 0.027672 0.941873 0.027806 0.002104
2 2 0.000196 0.010154 0.942435 0.046751 0.000464
2 2 0.000276 0.017395 0.943085 0.038058 0.001186
2 2 0.000076 0.004640 0.895774 0.099334 0.000176
2 2 0.000189 0.009505 0.917033 0.072869 0.000404
2 2 0.000052 0.003675 0.894009 0.102138 0.000126
2 2 0.000207 0.009088 0.920257 0.070103 0.000345
2 2 0.000083 0.009079 0.925152 0.065094 0.000592
2 2 0.000065 0.003548 0.901614 0.094695 0.000078
2 2 0.000080 0.003435 0.909642 0.086778 0.000065
2 2 0.000079 0.006315 0.948541 0.044848 0.000217
2 2 0.000039 0.003045 0.888106 0.108720 0.000089
2 2 0.000036 0.001968 0.879365 0.118594 0.000038
2 2 0.000339 0.013462 0.899584 0.085886 0.000729
2 2 0.000553 0.016774 0.877707 0.104049 0.000917
2 2 0.000905 0.016679 0.898712 0.083017 0.000688
2 2 0.007333 0.043157 0.833885 0.114449 0.001176
2 2 0.016609 0.051102 0.743239 0.187422 0.001627
2 2 0.014306 0.071743 0.846387 0.065019 0.002545
2 2 0.005006 0.083832 0.851878 0.050234 0.009050
2 2 0.000332 0.011346 0.892263 0.095454 0.000604
2 2 0.000748 0.014813 0.942289 0.041724 0.000427
2 2 0.008704 0.051374 0.842391 0.095718 0.001813
2 2 0.000729 0.029478 0.930820 0.036831 0.002142
2 2 0.000919 0.025005 0.925273 0.047406 0.001397
2 2 0.000203 0.021387 0.960279 0.016599 0.001532
2 2 0.000179 0.012295 0.955644 0.031262 0.000620
2 2 0.000246 0.014296 0.955259 0.029462 0.000738
2 2 0.000031 0.002082 0.911789 0.086055 0.000043
2 2 0.000057 0.007418 0.967616 0.024606 0.000304
2 2 0.000024 0.003331 0.972968 0.023600 0.000076
2 2 0.000027 0.001849 0.919186 0.078904 0.000034
2 2 0.000022 0.001795 0.918751 0.079398 0.000034
2 2 0.000018 0.000571 0.637901 0.361502 0.000008
2 2 0.000200 0.004092 0.772281 0.223336 0.000091
2 2 0.000144 0.002574 0.571752 0.425451 0.000079
2 2 0.000406 0.007543 0.772183 0.219644 0.000224
2 2 0.000688 0.008895 0.725526 0.264637 0.000253
2 2 0.000707 0.023570 0.903845 0.070030 0.001847
2 2 0.000702 0.016851 0.889960 0.091536 0.000950
2 2 0.006945 0.077366 0.842553 0.067204 0.005932
2 2 0.003583 0.033024 0.857774 0.104463 0.001156
2 2 0.001328 0.023317 0.918297 0.056056 0.001002
2 2 0.001600 0.026294 0.882177 0.088744 0.001185
