0 0 0.904250 0.015175 0.007360 0.000416 0.072799
0 0 0.767107 0.013555 0.009727 0.001197 0.208413
0 0 0.973851 0.004207 0.002075 0.000093 0.019775
0 0 0.952584 0.007650 0.004738 0.000451 0.034577
0 0 0.924508 0.009893 0.007115 0.001012 0.057472
0 0 0.839704 0.035796 0.022426 0.003545 0.098529
0 0 0.648714 0.060402 0.033551 0.004063 0.253269
0 0 0.683059 0.153837 0.026442 0.000238 0.136424
0 0 0.659291 0.297245 0.014506 0.000002 0.028956
1 1 0.304532 0.425481 0.086793 0.002198 0.180996
2 1 0.024018 0.161280 0.622242 0.151820 0.040640
2 1 0.034624 0.198455 0.597381 0.119851 0.049690
2 1 0.035075 0.209021 0.664032 0.050650 0.041222
2 2 0.020438 0.158570 0.768247 0.028567 0.024178
2 2 0.020451 0.171067 0.729569 0.039579 0.039334
2 2 0.000194 0.007352 0.947655 0.044523 0.000276
2 2 0.000402 0.010798 0.965821 0.022681 0.000298
2 2 0.000086 0.004020 0.919388 0.076387 0.000120
2 2 0.000085 0.003768 0.852423 0.143602 0.000122
2 2 0.000078 0.003158 0.700275 0.296377 0.000113
2 2 0.000214 0.007263 0.879595 0.112618 0.000311
2 2 0.000547 0.011955 0.804465 0.182457 0.000577
2 3 0.000162 0.004852 0.680863 0.313936 0.000188
2 3 0.001713 0.025879 0.722584 0.247565 0.002260
2 3 0.000150 0.004706 0.627809 0.367112 0.000223
3 3 0.000170 0.004477 0.458851 0.536242 0.000260
2 3 0.000533 0.011173 0.701860 0.285802 0.000632
3 3 0.000196 0.004963 0.465736 0.528805 0.000300
2 3 0.000147 0.004668 0.635623 0.359343 0.000219
3 3 0.000221 0.005067 0.400667 0.593703 0.000342
3 3 0.000028 0.001161 0.360290 0.638481 0.000041
2 3 0.001339 0.016459 0.539901 0.440979 0.001322
3 3 0.000095 0.002611 0.326486 0.670663 0.000145
3 3 0.000101 0.002590 0.287130 0.710024 0.000156
3 3 0.000218 0.005060 0.409129 0.585256 0.000337
3 3 0.000040 0.001357 0.280097 0.718446 0.000060
3 3 0.000048 0.001345 0.295454 0.703086 0.000067
3 3 0.000127 0.001543 0.174309 0.823863 0.000158
3 3 0.000049 0.001621 0.304562 0.693693 0.000074
3 3 0.000038 0.001366 0.313990 0.684550 0.000057
3 3 0.000093 0.001303 0.195549 0.802940 0.000115
3 3 0.000124 0.001501 0.206678 0.791549 0.000147
3 3 0.000052 0.000849 0.254439 0.744602 0.000058
3 3 0.000043 0.000701 0.190773 0.808433 0.000050
3 3 0.000062 0.001086 0.252817 0.745961 0.000074
3 3 0.000033 0.000447 0.209694 0.789794 0.000032
3 3 0.000085 0.000944 0.199069 0.799812 0.000091
3 3 0.000056 0.000451 0.129573 0.869868 0.000052
3 3 0.000017 0.000596 0.295319 0.704046 0.000022
3 3 0.000037 0.000252 0.103905 0.895776 0.000031
3 3 0.000044 0.001234 0.287775 0.710886 0.000060
3 3 0.000049 0.000371 0.121601 0.877935 0.000044
3 3 0.000093 0.001106 0.165689 0.833002 0.000110
3 3 0.000040 0.001005 0.231744 0.767158 0.000054
3 3 0.000071 0.001005 0.199208 0.799632 0.000083
3 3 0.000055 0.000518 0.202454 0.796924 0.000050
3 3 0.000077 0.000293 0.104988 0.894587 0.000055
3 3 0.000011 0.000272 0.171733 0.827972 0.000013
3 3 0.000040 0.000274 0.106705 0.892948 0.000034
3 3 0.000026 0.000972 0.259195 0.739769 0.000038
3 3 0.000040 0.000420 0.163611 0.835892 0.000038
3 3 0.000020 0.000497 0.207411 0.792049 0.000024
3 3 0.000334 0.000543 0.100179 0.898740 0.000205
3 3 0.000052 0.000269 0.090555 0.909082 0.000041
3 3 0.000244 0.001386 0.155599 0.842532 0.000240
3 3 0.000029 0.000561 0.205266 0.794110 0.000033
3 3 0.000042 0.000678 0.150259 0.848970 0.000051
3 3 0.000059 0.000374 0.108892 0.890624 0.000051
3 3 0.000078 0.000391 0.094881 0.904584 0.000066
3 3 0.000029 0.000241 0.107647 0.892058 0.000025
3 3 0.000070 0.000529 0.147621 0.851716 0.000064
3 3 0.000038 0.000180 0.086941 0.912814 0.000027
3 3 0.000059 0.000641 0.162041 0.837197 0.000062
3 3 0.000109 0.000427 0.094165 0.905213 0.000086
3 3 0.000135 0.000414 0.102591 0.896765 0.000096
3 3 0.000046 0.000357 0.107061 0.892493 0.000042
3 3 0.000101 0.000251 0.097210 0.902376 0.000062
3 3 0.000040 0.000400 0.143843 0.855678 0.000038
3 3 0.000034 0.000744 0.274784 0.724398 0.000040
3 3 0.000024 0.000180 0.100212 0.899564 0.000020
3 3 0.000119 0.000373 0.074658 0.924759 0.000090
3 3 0.000047 0.000157 0.062747 0.937017 0.000032
3 3 0.000041 0.000141 0.070398 0.929393 0.000027
3 3 0.000041 0.000422 0.130268 0.869228 0.000040
3 3 0.000157 0.000461 0.098074 0.901195 0.000113
3 3 0.000048 0.000254 0.089191 0.910469 0.000038
3 3 0.000082 0.000298 0.086015 0.913545 0.000060
3 3 0.000170 0.000553 0.122258 0.876895 0.000125
3 3 0.000059 0.000349 0.096895 0.902646 0.000051
3 3 0.000104 0.000247 0.062064 0.937515 0.000070
3 3 0.000080 0.000291 0.072713 0.926855 0.000061
3 3 0.000046 0.000262 0.107945 0.891710 0.000036
3 3 0.000086 0.000187 0.065820 0.933855 0.000052
3 3 0.000056 0.000048 0.020571 0.979300 0.000026
3 3 0.000093 0.000367 0.088307 0.911159 0.000073
3 3 0.000145 0.000407 0.095072 0.904275 0.000102
3 3 0.000243 0.000660 0.062619 0.936274 0.000204
3 3 0.000376 0.005602 0.395183 0.598398 0.000441
3 3 0.001238 0.014630 0.469806 0.513002 0.001324
3 3 0.000433 0.007656 0.353157 0.638064 0.000689
3 3 0.000769 0.011623 0.433376 0.553272 0.000960
3 3 0.000946 0.003954 0.127997 0.866029 0.001074
3 3 0.000228 0.003042 0.243690 0.752756 0.000284
3 3 0.000296 0.005843 0.346147 0.647248 0.000466
3 3 0.000185 0.003519 0.215043 0.780958 0.000296
3 3 0.000510 0.009612 0.492942 0.496203 0.000732
3 3 0.000114 0.003205 0.394295 0.602212 0.000174
2 3 0.000560 0.010974 0.548994 0.438598 0.000874
2 3 0.000442 0.010440 0.700167 0.288277 0.000673
2 3 0.000740 0.014961 0.706332 0.276824 0.001142
2 3 0.001559 0.030281 0.860602 0.104323 0.003235
2 3 0.002476 0.054470 0.907505 0.024629 0.010920
2 3 0.020676 0.148347 0.798268 0.017637 0.015071
2 3 0.011122 0.106127 0.786182 0.079094 0.017475
2 3 0.014406 0.121809 0.730901 0.109812 0.023073
2 3 0.030199 0.278436 0.478853 0.006481 0.206030
2 3 0.018162 0.230302 0.510627 0.007822 0.233087
2 2 0.021010 0.266327 0.475057 0.001203 0.236404
2 2 0.009134 0.208818 0.492985 0.000342 0.288721
2 2 0.009404 0.207387 0.534873 0.000468 0.247869
2 2 0.009254 0.190756 0.611451 0.001419 0.187120
2 2 0.020157 0.227298 0.624543 0.006713 0.121290
2 2 0.016958 0.208223 0.650732 0.008798 0.115289
2 2 0.011086 0.171943 0.725442 0.005511 0.086018
2 2 0.003239 0.085739 0.885030 0.001416 0.024575
2 2 0.000156 0.008488 0.985740 0.005178 0.000437
2 2 0.000352 0.011640 0.974038 0.013512 0.000458
2 2 0.013273 0.130536 0.844046 0.001636 0.010509
2 2 0.000760 0.019415 0.964273 0.014589 0.000964
2 2 0.006434 0.073971 0.900967 0.013210 0.005419
2 2 0.031275 0.184929 0.751431 0.013964 0.018400
2 2 0.016685 0.124691 0.797865 0.046944 0.013815
2 2 0.012406 0.114246 0.861087 0.004208 0.008053
2 2 0.009149 0.088431 0.889692 0.007420 0.005308
2 2 0.008195 0.084472 0.862128 0.036859 0.008346
2 2 0.010406 0.087881 0.869577 0.026325 0.005811
2 2 0.003934 0.059185 0.906504 0.024344 0.006032
2 2 0.011321 0.101463 0.852679 0.025332 0.009204
2 2 0.007217 0.076697 0.877744 0.031733 0.006609
2 2 0.009053 0.082563 0.817406 0.082557 0.008420
2 2 0.001013 0.021107 0.940059 0.036778 0.001043
2 2 0.002545 0.041636 0.938025 0.015115 0.002679
2 2 0.004064 0.051185 0.877566 0.063019 0.004166
2 2 0.001493 0.027144 0.955406 0.014818 0.001139
2 2 0.000626 0.015583 0.947769 0.035327 0.000696
2 2 0.008282 0.082373 0.895286 0.009119 0.004940
2 2 0.007462 0.082123 0.846142 0.054314 0.009958
2 2 0.002186 0.036500 0.876652 0.081292 0.003370
2 2 0.010559 0.100443 0.875921 0.006270 0.006807
2 2 0.009430 0.090064 0.833848 0.056768 0.009889
1 2 0.078612 0.360055 0.274363 0.011275 0.275695
1 2 0.070406 0.395964 0.357620 0.000804 0.175205
1 2 0.114546 0.384323 0.373745 0.016155 0.111231
1 2 0.097474 0.397177 0.188699 0.001394 0.315257
2 2 0.056917 0.394085 0.404944 0.000162 0.143891
2 2 0.056501 0.362308 0.383622 0.001708 0.195862
2 2 0.034017 0.316320 0.442997 0.001037 0.205628
1 2 0.096249 0.426246 0.364911 0.000513 0.112080
1 2 0.184643 0.440470 0.224499 0.005743 0.144644
1 2 0.065482 0.367975 0.259105 0.001676 0.305761
1 2 0.100218 0.428386 0.357797 0.000589 0.113010
2 2 0.038078 0.350112 0.471165 0.000135 0.140510
1 2 0.171099 0.447596 0.295797 0.001700 0.083808
1 2 0.163359 0.425102 0.286758 0.008547 0.116234
1 2 0.105412 0.403781 0.371151 0.003763 0.115893
2 2 0.057842 0.331031 0.490308 0.006412 0.114407
1 2 0.177395 0.450014 0.239423 0.002860 0.130308
1 2 0.076269 0.407382 0.348744 0.000637 0.166967
1 2 0.088321 0.389769 0.363912 0.004563 0.153434
1 2 0.144839 0.417102 0.317807 0.008362 0.111891
1 2 0.188407 0.459465 0.128242 0.000371 0.223515
1 2 0.166765 0.441337 0.126598 0.000517 0.264784
1 2 0.148375 0.505074 0.183074 0.000031 0.163446
1 2 0.271939 0.457211 0.156916 0.002041 0.111894
1 2 0.250758 0.470624 0.180907 0.000922 0.096789
1 2 0.261536 0.453992 0.163364 0.002797 0.118311
1 2 0.076927 0.373552 0.193163 0.001169 0.355189
1 2 0.173121 0.435931 0.177866 0.003498 0.209582
1 2 0.199686 0.471483 0.220703 0.000832 0.107296
1 2 0.289892 0.458209 0.143506 0.001480 0.106913
0 2 0.348647 0.338130 0.098420 0.005495 0.209308
1 2 0.159385 0.443155 0.279347 0.002796 0.115318
1 2 0.238288 0.464092 0.175863 0.001551 0.120206
1 2 0.128242 0.445038 0.252055 0.001113 0.173552
1 1 0.344406 0.444952 0.103350 0.001034 0.106257
1 1 0.242275 0.478284 0.144853 0.000415 0.134173
1 1 0.280215 0.446828 0.116687 0.001867 0.154403
1 1 0.365423 0.429498 0.086712 0.001397 0.116971
1 1 0.299819 0.447509 0.128742 0.002377 0.121552
1 1 0.381270 0.439837 0.086379 0.000471 0.092043
0 1 0.549913 0.237648 0.064268 0.002360 0.145810
0 0 0.866686 0.034565 0.018531 0.001991 0.078228
0 0 0.552545 0.294341 0.049415 0.000633 0.103066
0 0 0.539860 0.349581 0.035065 0.000131 0.075363
1 0 0.367715 0.421824 0.082151 0.001922 0.126388
0 0 0.592351 0.260881 0.045431 0.000602 0.100735
0 0 0.438162 0.416883 0.061533 0.000246 0.083176
0 0 0.444697 0.385721 0.060903 0.000775 0.107904
0 0 0.725796 0.093578 0.030056 0.001128 0.149441
0 0 0.715456 0.137627 0.039192 0.001387 0.106339
0 0 0.432575 0.408063 0.061621 0.000606 0.097135
0 0 0.400607 0.370249 0.112859 0.001468 0.114817
0 0 0.569964 0.253697 0.056310 0.001375 0.118654
0 0 0.537766 0.267400 0.064431 0.001997 0.128406
0 0 0.396061 0.373884 0.094681 0.002564 0.132810
0 0 0.945851 0.007072 0.005673 0.001010 0.040395
0 0 0.955445 0.003893 0.004205 0.001313 0.035144
0 0 0.926360 0.012633 0.008638 0.001235 0.051133
0 0 0.859893 0.042300 0.017874 0.001107 0.078826
0 0 0.907972 0.034407 0.009689 0.000204 0.047728
0 0 0.516747 0.361849 0.039695 0.000190 0.081519
0 0 0.645722 0.215961 0.040336 0.000587 0.097395
0 0 0.738351 0.144572 0.030172 0.000493 0.086412
0 0 0.792250 0.084795 0.028699 0.001312 0.092943
0 0 0.680896 0.105960 0.049486 0.005413 0.158246
0 0 0.545031 0.301451 0.049911 0.000625 0.102982
0 0 0.420354 0.409363 0.062543 0.000759 0.106981
0 0 0.455156 0.397734 0.051752 0.000407 0.094952
0 0 0.732082 0.130533 0.035772 0.001124 0.100489
0 0 0.561504 0.206829 0.073974 0.005632 0.152062
0 0 0.624125 0.230573 0.043494 0.000668 0.101139
0 0 0.534083 0.363010 0.032549 0.000093 0.070265
0 0 0.743636 0.176151 0.019978 0.000075 0.060160
0 0 0.658860 0.167094 0.050065 0.002187 0.121794
0 0 0.881146 0.044863 0.013875 0.000405 0.059711
0 0 0.947467 0.008749 0.005449 0.000549 0.037786
0 0 0.949759 0.008591 0.005120 0.000459 0.036072
0 0 0.943323 0.010464 0.006017 0.000524 0.039672
0 0 0.945473 0.006712 0.005709 0.001158 0.040948
0 0 0.946242 0.009627 0.005606 0.000491 0.038034
0 0 0.914557 0.024028 0.009887 0.000483 0.051045
0 0 0.820086 0.055950 0.022802 0.001387 0.099775
0 0 0.893612 0.045924 0.010938 0.000166 0.049360
0 0 0.874316 0.092642 0.006031 0.000004 0.027007
0 0 0.726554 0.155965 0.009183 0.000005 0.108293
0 0 0.609513 0.222007 0.030857 0.000190 0.137433
1 0 0.294578 0.477382 0.047461 0.000003 0.180575
0 0 0.475698 0.394814 0.027075 0.000010 0.102402
1 0 0.395679 0.441159 0.027682 0.000001 0.135478
1 1 0.308829 0.467025 0.032576 0.000001 0.191569
1 1 0.388387 0.428526 0.078779 0.000751 0.103557
1 1 0.194178 0.445826 0.118405 0.000643 0.240948
1 1 0.211610 0.382281 0.090252 0.000438 0.315419
1 1 0.109278 0.399454 0.092240 0.000057 0.398970
1 1 0.052933 0.413616 0.206154 0.000009 0.327287
1 1 0.098597 0.456171 0.127927 0.000008 0.317296
1 1 0.231509 0.445200 0.087627 0.000313 0.235350
1 1 0.322887 0.483138 0.094151 0.000055 0.099769
4 1 0.055116 0.382435 0.152711 0.000017 0.409721
4 1 0.156162 0.288158 0.075316 0.000700 0.479664
4 1 0.311295 0.128273 0.044551 0.001550 0.514330
0 1 0.418213 0.409995 0.063261 0.000788 0.107743
1 1 0.290863 0.510504 0.091223 0.000009 0.107401
1 1 0.224905 0.489732 0.088321 0.000022 0.197020
1 1 0.097259 0.440937 0.139405 0.000027 0.322372
2 1 0.039042 0.291796 0.604086 0.000959 0.064117
2 1 0.015088 0.236638 0.633450 0.000278 0.114545
2 1 0.021532 0.222509 0.689716 0.002418 0.063825
2 1 0.013461 0.163219 0.740649 0.020469 0.062201
2 1 0.023914 0.210424 0.726276 0.002309 0.037078
2 1 0.001648 0.030793 0.962089 0.004286 0.001184
2 2 0.000481 0.016477 0.977554 0.004650 0.000838
2 2 0.000786 0.020226 0.963686 0.014250 0.001052
2 2 0.001020 0.022808 0.967825 0.007435 0.000913
2 2 0.000572 0.015334 0.959662 0.023752 0.000681
2 2 0.000300 0.011683 0.983368 0.004179 0.000470
2 2 0.000479 0.015289 0.962106 0.021204 0.000922
2 2 0.000370 0.015306 0.979096 0.004230 0.000998
2 2 0.001155 0.022554 0.841234 0.133290 0.001767
2 2 0.001593 0.036132 0.959538 0.000983 0.001754
2 2 0.000028 0.001832 0.909994 0.088108 0.000038
2 2 0.000138 0.005709 0.965680 0.028316 0.000157
2 2 0.000502 0.012024 0.967285 0.019889 0.000300
2 2 0.000244 0.008150 0.936396 0.054911 0.000300
2 2 0.000105 0.004816 0.949570 0.045362 0.000147
2 2 0.000261 0.007961 0.824905 0.166488 0.000385
2 2 0.005044 0.054659 0.862969 0.073382 0.003946
2 2 0.039837 0.200185 0.738020 0.007423 0.014535
2 2 0.015957 0.120356 0.844058 0.011281 0.008349
2 2 0.007466 0.072598 0.868226 0.046173 0.005537
2 2 0.010473 0.100708 0.848042 0.029988 0.010789
2 2 0.047082 0.225043 0.687112 0.016921 0.023842
2 2 0.018675 0.126852 0.723389 0.113552 0.017532
2 2 0.014315 0.123549 0.780505 0.062213 0.019418
2 2 0.004271 0.055939 0.830050 0.102987 0.006753
2 2 0.007077 0.073973 0.882322 0.030816 0.005812
3 2 0.005672 0.047388 0.461674 0.477791 0.007475
2 2 0.004445 0.048181 0.702265 0.239669 0.005440
2 2 0.009317 0.070314 0.645427 0.266967 0.007975
2 2 0.005681 0.059232 0.845273 0.085064 0.004749
3 2 0.003264 0.033762 0.464666 0.493313 0.004996
2 2 0.003121 0.040148 0.735455 0.216872 0.004404
2 2 0.003895 0.033977 0.510884 0.448099 0.003145
2 2 0.004298 0.046333 0.695263 0.249060 0.005046
2 2 0.002268 0.029296 0.571829 0.392940 0.003667
2 2 0.005287 0.054326 0.699790 0.234074 0.006523
3 2 0.001849 0.022166 0.414383 0.558570 0.003033
2 2 0.002318 0.029914 0.579456 0.384567 0.003745
2 2 0.004937 0.050787 0.752475 0.187074 0.004727
3 2 0.001094 0.015043 0.388528 0.593559 0.001776
3 2 0.002563 0.014235 0.312836 0.667718 0.002647
2 2 0.001062 0.016417 0.503408 0.477417 0.001696
3 3 0.000973 0.013476 0.362543 0.621436 0.001572
3 3 0.001026 0.013344 0.342314 0.641804 0.001512
3 3 0.000829 0.007483 0.241472 0.749051 0.001164
3 3 0.001059 0.013070 0.288590 0.695536 0.001745
3 3 0.002138 0.023312 0.366650 0.604354 0.003546
2 3 0.002649 0.027423 0.507646 0.459635 0.002647
3 3 0.002503 0.024596 0.377593 0.592143 0.003166
3 3 0.005051 0.022663 0.409441 0.558318 0.004528
2 3 0.004800 0.021099 0.621249 0.349006 0.003846
3 3 0.090186 0.046698 0.397315 0.438076 0.027726
2 3 0.043407 0.195778 0.576827 0.149077 0.034912
2 3 0.013272 0.087114 0.613707 0.274805 0.011102
2 3 0.001818 0.024960 0.698877 0.272456 0.001889
3 3 0.001015 0.015412 0.469746 0.512218 0.001609
2 3 0.000769 0.015246 0.696394 0.286402 0.001189
2 3 0.001653 0.022692 0.561232 0.412064 0.002360
3 3 0.000566 0.010499 0.487272 0.500772 0.000891
2 3 0.001811 0.022961 0.534609 0.438315 0.002304
3 3 0.000582 0.008812 0.302302 0.687364 0.000940
2 3 0.000750 0.014667 0.667387 0.316035 0.001162
3 3 0.001025 0.014310 0.392198 0.590867 0.001600
3 3 0.001092 0.014352 0.442223 0.540660 0.001673
3 3 0.002611 0.026845 0.369620 0.596571 0.004352
3 3 0.001075 0.015185 0.409580 0.572421 0.001739
3 3 0.001278 0.007630 0.204866 0.784656 0.001571
3 3 0.000773 0.010830 0.310472 0.676667 0.001258
3 3 0.000665 0.001815 0.098627 0.898287 0.000606
3 3 0.003585 0.011323 0.182228 0.798709 0.004155
3 3 0.000633 0.007852 0.240486 0.750035 0.000995
3 3 0.001836 0.016031 0.337568 0.641862 0.002702
3 3 0.000683 0.005785 0.227852 0.764830 0.000850
3 3 0.000731 0.006229 0.207023 0.785007 0.001011
3 3 0.000940 0.005619 0.189198 0.803080 0.001163
3 3 0.000396 0.001015 0.082458 0.915800 0.000331
3 3 0.000361 0.001451 0.123151 0.874698 0.000339
3 3 0.000606 0.000706 0.052197 0.946081 0.000409
3 3 0.000713 0.000738 0.056243 0.941847 0.000459
3 3 0.000376 0.000712 0.074036 0.924602 0.000273
3 3 0.005203 0.004742 0.209607 0.777807 0.002641
3 3 0.001713 0.007961 0.243420 0.745471 0.001435
2 3 0.015958 0.088916 0.487268 0.394274 0.013584
3 3 0.010750 0.024973 0.253969 0.701776 0.008532
3 3 0.001041 0.010753 0.233423 0.753138 0.001647
3 3 0.004136 0.032363 0.320353 0.637926 0.005222
3 3 0.002236 0.019671 0.315520 0.659815 0.002758
3 3 0.002784 0.017363 0.207180 0.768978 0.003695
3 3 0.002875 0.011733 0.235948 0.746577 0.002867
3 3 0.007874 0.007411 0.141240 0.838979 0.004495
3 3 0.008820 0.006234 0.089608 0.889785 0.005553
3 3 0.005871 0.014700 0.202321 0.771400 0.005707
3 3 0.005630 0.033660 0.304388 0.649333 0.006990
3 3 0.004814 0.018521 0.194890 0.775746 0.006029
3 3 0.010759 0.031402 0.301782 0.646479 0.009578
3 3 0.013837 0.009938 0.111275 0.856126 0.008824
3 3 0.156984 0.036300 0.324949 0.437969 0.043799
2 3 0.109681 0.152779 0.392953 0.283645 0.060942
3 3 0.026790 0.123354 0.409448 0.413121 0.027287
2 3 0.007059 0.057536 0.486899 0.438412 0.010094
2 3 0.000565 0.011041 0.621885 0.365813 0.000696
2 3 0.003040 0.039134 0.765290 0.188761 0.003775
2 3 0.000932 0.016029 0.761418 0.220777 0.000844
2 3 0.000858 0.014108 0.541357 0.442506 0.001171
2 3 0.000615 0.012625 0.648314 0.337494 0.000951
2 3 0.000121 0.004415 0.744384 0.250904 0.000177
2 3 0.000657 0.015031 0.839047 0.144325 0.000941
2 3 0.001837 0.027052 0.897821 0.072031 0.001259
2 3 0.000241 0.007149 0.752635 0.239615 0.000359
2 3 0.000133 0.004287 0.611549 0.383833 0.000198
2 3 0.000976 0.018194 0.712867 0.266446 0.001516
3 3 0.006238 0.046703 0.338375 0.598501 0.010182
2 3 0.009672 0.073114 0.576648 0.329576 0.010990
2 3 0.017894 0.133795 0.803836 0.030060 0.014415
2 3 0.008843 0.080059 0.781601 0.120393 0.009105
2 3 0.001421 0.025451 0.895869 0.075680 0.001578
2 3 0.002417 0.033377 0.685641 0.274708 0.003858
2 3 0.008357 0.086976 0.888649 0.009767 0.006252
2 3 0.001153 0.028323 0.960979 0.007639 0.001906
2 3 0.015088 0.116013 0.766355 0.087284 0.015259
2 3 0.058854 0.258734 0.638288 0.013864 0.030260
2 3 0.030571 0.198312 0.741812 0.007182 0.022123
2 3 0.024559 0.161103 0.712760 0.075118 0.026460
2 3 0.011840 0.106955 0.849527 0.021491 0.010187
2 3 0.021937 0.160495 0.749250 0.042640 0.025677
2 3 0.004858 0.064316 0.920298 0.006433 0.004094
2 3 0.004052 0.052335 0.940746 0.001285 0.001581
2 3 0.002113 0.035380 0.915469 0.044498 0.002540
2 3 0.000654 0.017489 0.973712 0.007469 0.000676
2 3 0.002434 0.037186 0.953993 0.005058 0.001329
2 3 0.018077 0.150279 0.771342 0.033953 0.026349
2 3 0.068897 0.314963 0.564022 0.004667 0.047450
1 3 0.219052 0.329939 0.310930 0.017847 0.122232
2 3 0.024922 0.184584 0.755874 0.009739 0.024882
2 3 0.012383 0.124768 0.835282 0.011761 0.015806
2 3 0.008930 0.092429 0.890978 0.002559 0.005104
2 3 0.000245 0.008474 0.944508 0.046444 0.000329
2 3 0.000536 0.013568 0.930635 0.054665 0.000596
2 3 0.003365 0.042693 0.902631 0.048817 0.002494
2 3 0.000903 0.018220 0.967807 0.012556 0.000514
2 3 0.001649 0.027826 0.964013 0.005690 0.000822
2 3 0.000425 0.012383 0.979956 0.006891 0.000345
2 3 0.000471 0.011889 0.907801 0.079342 0.000497
2 3 0.001207 0.021668 0.927576 0.048622 0.000927
2 2 0.000741 0.017921 0.977269 0.003574 0.000496
2 2 0.010336 0.097248 0.823027 0.057509 0.011880
2 2 0.007817 0.096440 0.829886 0.047051 0.018806
2 2 0.096106 0.365018 0.479943 0.002889 0.056044
1 2 0.159660 0.411269 0.370189 0.003291 0.055591
1 2 0.176360 0.421713 0.336699 0.003705 0.061524
1 2 0.224041 0.439637 0.214382 0.007551 0.114389
2 2 0.118259 0.371088 0.416921 0.016551 0.077181
2 2 0.056583 0.300345 0.597151 0.002286 0.043635
2 2 0.049719 0.271759 0.641891 0.002817 0.033814
2 2 0.029058 0.257324 0.656627 0.000912 0.056079
2 2 0.011508 0.102678 0.860796 0.016674 0.008345
2 2 0.013171 0.129203 0.838030 0.005816 0.013780
2 2 0.008684 0.102029 0.876871 0.003348 0.009069
2 2 0.047424 0.228351 0.687128 0.013473 0.023624
2 2 0.056122 0.272554 0.642809 0.002372 0.026143
0 2 0.426237 0.375873 0.039946 0.000158 0.157787
0 2 0.686537 0.175460 0.012500 0.000011 0.125492
0 0 0.899228 0.022005 0.013009 0.001541 0.064217
0 0 0.916839 0.017101 0.010081 0.001093 0.054887
0 0 0.949531 0.004726 0.005014 0.001590 0.039138
0 0 0.314623 0.307776 0.089573 0.000705 0.287322
1 1 0.073761 0.398031 0.314561 0.000964 0.212683
1 1 0.108311 0.446115 0.171763 0.000117 0.273694
0 0 0.433360 0.267058 0.173264 0.004918 0.121401
0 0 0.623421 0.205831 0.051388 0.001539 0.117820
1 0 0.368681 0.422733 0.065447 0.000631 0.142507
4 1 0.237910 0.280204 0.062630 0.000510 0.418746
1 1 0.295939 0.451611 0.104593 0.000919 0.146938
1 1 0.142435 0.420130 0.123004 0.000567 0.313864
1 1 0.096315 0.419021 0.139738 0.000085 0.344841
0 1 0.432425 0.164593 0.025937 0.000163 0.376882
0 4 0.575870 0.118981 0.050109 0.004033 0.251007
4 4 0.113307 0.148954 0.031517 0.000475 0.705747
4 4 0.199700 0.069890 0.028531 0.001595 0.700284
0 4 0.488240 0.046650 0.031837 0.005559 0.427714
0 4 0.420952 0.136726 0.039945 0.001210 0.401167
4 4 0.210775 0.109308 0.043633 0.002861 0.633423
4 4 0.145740 0.137457 0.046384 0.002289 0.668130
4 4 0.235883 0.111926 0.038504 0.001681 0.612005
4 4 0.356471 0.206452 0.064069 0.002922 0.370086
4 4 0.414250 0.033038 0.014234 0.000597 0.537882
4 4 0.218579 0.028573 0.014978 0.001055 0.736816
4 4 0.120527 0.084858 0.012052 0.000046 0.782518
0 4 0.758022 0.035332 0.020895 0.002456 0.183296
0 4 0.685356 0.055940 0.024662 0.001558 0.232484
0 4 0.794448 0.036173 0.014722 0.000658 0.153999
0 4 0.692393 0.044842 0.012535 0.000204 0.250026
0 4 0.840731 0.021761 0.010971 0.000720 0.125817
0 4 0.638960 0.021327 0.012877 0.001138 0.325699
0 4 0.711830 0.035890 0.020343 0.002056 0.229882
4 4 0.316705 0.074231 0.028775 0.001368 0.578921
0 4 0.701324 0.136432 0.015966 0.000047 0.146230
0 4 0.465130 0.080030 0.025070 0.000690 0.429081
0 4 0.685489 0.039665 0.025645 0.003842 0.245359
0 4 0.599536 0.042743 0.026639 0.003578 0.327504
4 4 0.070619 0.264298 0.041581 0.000071 0.623431
4 4 0.097232 0.094395 0.037739 0.002604 0.768030
0 4 0.510893 0.050678 0.028274 0.002982 0.407172
4 4 0.284196 0.071633 0.033000 0.002488 0.608683
4 4 0.282445 0.199251 0.065643 0.003463 0.449198
1 4 0.338517 0.425633 0.094962 0.003210 0.137677
4 4 0.041045 0.320930 0.279022 0.001418 0.357585
4 4 0.042409 0.341279 0.224578 0.000192 0.391543
1 4 0.114815 0.419346 0.172316 0.000785 0.292738
1 4 0.040009 0.363056 0.320267 0.000111 0.276556
4 4 0.112990 0.321698 0.077564 0.002610 0.485138
1 4 0.299342 0.422338 0.076381 0.001361 0.200577
4 4 0.387408 0.050841 0.026303 0.002244 0.533204
4 4 0.312870 0.054924 0.029891 0.003078 0.599237
0 4 0.625273 0.051762 0.026568 0.002348 0.294048
4 4 0.266725 0.059301 0.034634 0.004560 0.634781
4 4 0.153569 0.126887 0.049609 0.002257 0.667678
4 4 0.099385 0.165028 0.065840 0.006038 0.663709
1 4 0.189377 0.481195 0.142510 0.000167 0.186751
1 4 0.132670 0.477374 0.168280 0.000066 0.221610
4 4 0.206617 0.044688 0.021532 0.001508 0.725656
4 4 0.196721 0.216364 0.040445 0.000478 0.545993
0 4 0.484777 0.153706 0.062005 0.004980 0.294532
4 4 0.127330 0.162103 0.038987 0.000854 0.670726
1 4 0.076453 0.416980 0.100111 0.000003 0.406453
1 4 0.080941 0.382911 0.245572 0.002568 0.288008
4 4 0.018088 0.274459 0.333187 0.000120 0.374146
4 4 0.024225 0.275536 0.264533 0.000459 0.435247
2 4 0.017762 0.287982 0.355745 0.000045 0.338465
1 4 0.096166 0.435558 0.211991 0.000224 0.256061
2 4 0.025851 0.267562 0.443670 0.005796 0.257120
2 4 0.025370 0.264953 0.389227 0.005446 0.315003
2 4 0.035830 0.312641 0.337076 0.001530 0.312923
2 4 0.048616 0.362044 0.377990 0.000610 0.210740
2 4 0.017821 0.252363 0.500367 0.001126 0.228323
2 4 0.026433 0.252022 0.545597 0.012987 0.162961
2 4 0.013354 0.214176 0.604686 0.002064 0.165720
2 2 0.016496 0.226605 0.583806 0.003576 0.169516
2 2 0.016112 0.231158 0.577137 0.002157 0.173436
2 2 0.016671 0.221346 0.587914 0.005852 0.168217
2 2 0.000962 0.035892 0.955439 0.002109 0.005598
2 2 0.001343 0.027350 0.958396 0.011580 0.001331
2 2 0.000460 0.013811 0.952309 0.032698 0.000721
2 2 0.000993 0.021009 0.963600 0.013599 0.000799
2 2 0.001326 0.028532 0.940028 0.028015 0.002099
2 2 0.000076 0.003976 0.984506 0.011362 0.000081
2 2 0.000014 0.001354 0.991708 0.006906 0.000018
2 2 0.000161 0.006725 0.967942 0.024947 0.000225
2 2 0.000122 0.005059 0.940461 0.054215 0.000144
2 2 0.000023 0.001902 0.987159 0.010883 0.000033
2 2 0.000228 0.009856 0.974327 0.015059 0.000530
2 2 0.000395 0.010735 0.884855 0.103517 0.000498
2 2 0.002169 0.031666 0.936644 0.028195 0.001326
2 3 0.000171 0.008099 0.976238 0.015099 0.000393
2 3 0.008871 0.078586 0.871444 0.035842 0.005257
1 3 0.209414 0.453432 0.260632 0.001691 0.074830
2 3 0.064252 0.304453 0.577261 0.006012 0.048021
2 3 0.074088 0.328043 0.552902 0.002300 0.042668
2 3 0.022365 0.171093 0.789515 0.002391 0.014636
2 3 0.031366 0.194564 0.716121 0.028888 0.029061
2 3 0.002562 0.035499 0.938846 0.021625 0.001468
2 3 0.001521 0.029102 0.958246 0.009812 0.001319
2 3 0.002100 0.034255 0.941928 0.019951 0.001767
2 3 0.000372 0.010758 0.890837 0.097487 0.000547
2 3 0.000241 0.007228 0.769511 0.222663 0.000358
2 3 0.000501 0.012108 0.785528 0.201107 0.000757
2 3 0.001253 0.021009 0.674230 0.301540 0.001968
2 3 0.000850 0.017033 0.753835 0.226975 0.001308
2 3 0.001261 0.022259 0.757217 0.217365 0.001898
2 3 0.000685 0.015569 0.830505 0.152203 0.001037
3 3 0.001129 0.016024 0.430154 0.550871 0.001823
2 3 0.000703 0.016874 0.898354 0.083020 0.001050
2 3 0.000819 0.013647 0.528317 0.456056 0.001160
2 3 0.000911 0.015257 0.613854 0.368838 0.001140
3 3 0.000529 0.009443 0.422672 0.566519 0.000837
2 3 0.000352 0.007876 0.534473 0.456757 0.000543
3 3 0.000248 0.002708 0.202130 0.794609 0.000306
3 3 0.000265 0.006064 0.456308 0.536953 0.000410
3 3 0.000642 0.001410 0.116236 0.881226 0.000486
3 3 0.000071 0.002171 0.339626 0.658024 0.000107
3 3 0.001365 0.004316 0.254329 0.738926 0.001063
3 3 0.000396 0.005206 0.354772 0.639158 0.000467
3 3 0.000172 0.004013 0.343458 0.652089 0.000267
3 3 0.000106 0.001458 0.215147 0.783160 0.000129
3 3 0.000427 0.006020 0.257196 0.735703 0.000654
3 3 0.000759 0.004872 0.200340 0.793106 0.000923
3 3 0.000356 0.004633 0.223245 0.771242 0.000524
3 3 0.000299 0.004232 0.216471 0.778550 0.000448
3 3 0.000270 0.004774 0.243569 0.750957 0.000431
3 3 0.000535 0.001508 0.078965 0.918491 0.000501
3 3 0.000267 0.002930 0.222618 0.773843 0.000342
3 3 0.000417 0.001384 0.106907 0.890915 0.000377
3 3 0.001280 0.004423 0.180695 0.812318 0.001284
3 3 0.000417 0.002541 0.167971 0.828610 0.000461
3 3 0.001023 0.002959 0.138120 0.856937 0.000960
3 3 0.000281 0.001078 0.103480 0.894905 0.000256
3 3 0.000216 0.000452 0.056600 0.942573 0.000159
3 3 0.000262 0.000340 0.049586 0.949652 0.000161
3 3 0.000141 0.001441 0.190746 0.807512 0.000160
3 3 0.000285 0.000622 0.083509 0.915378 0.000206
3 3 0.000306 0.001058 0.082200 0.916152 0.000284
3 3 0.000363 0.000514 0.054636 0.944245 0.000243
3 3 0.001415 0.000803 0.048572 0.948422 0.000789
3 3 0.000550 0.001155 0.090498 0.907365 0.000432
3 3 0.000347 0.000566 0.058930 0.939914 0.000243
3 3 0.000579 0.000722 0.050699 0.947597 0.000403
3 3 0.000480 0.000577 0.056658 0.941976 0.000309
3 3 0.000226 0.001527 0.126963 0.871034 0.000251
3 3 0.000200 0.000761 0.104752 0.894117 0.000170
3 3 0.000267 0.001228 0.099564 0.898675 0.000266
3 3 0.000338 0.000364 0.069328 0.929786 0.000184
3 3 0.000239 0.000253 0.041759 0.957613 0.000136
3 3 0.000275 0.000339 0.047806 0.951412 0.000168
3 3 0.000170 0.000616 0.088477 0.910595 0.000142
3 3 0.000393 0.000487 0.063516 0.935362 0.000241
3 3 0.000173 0.000478 0.076100 0.923118 0.000131
3 3 0.000417 0.000527 0.055856 0.942931 0.000269
3 3 0.000724 0.000418 0.039952 0.958529 0.000376
3 3 0.000390 0.000952 0.070553 0.927776 0.000329
3 3 0.000152 0.000375 0.071978 0.927387 0.000108
3 3 0.000234 0.000410 0.048857 0.950335 0.000165
3 3 0.000361 0.000709 0.064579 0.934077 0.000274
3 3 0.000622 0.000503 0.038235 0.960264 0.000377
3 3 0.001593 0.000905 0.045785 0.950797 0.000921
3 3 0.000156 0.000464 0.071669 0.927589 0.000122
3 3 0.000233 0.001019 0.103444 0.895084 0.000219
3 3 0.000251 0.000273 0.045870 0.953463 0.000143
3 3 0.000877 0.000551 0.041584 0.956501 0.000488
3 3 0.000564 0.000505 0.040104 0.958478 0.000349
3 3 0.000130 0.000480 0.073504 0.925777 0.000109
3 3 0.000120 0.000330 0.061531 0.937929 0.000089
3 3 0.000053 0.000402 0.087449 0.912044 0.000052
3 3 0.000614 0.000207 0.024088 0.974827 0.000265
3 3 0.000248 0.000802 0.083337 0.915401 0.000213
3 3 0.000212 0.000534 0.076725 0.922370 0.000159
3 3 0.000408 0.000536 0.051101 0.947682 0.000273
3 3 0.000406 0.000622 0.069757 0.928943 0.000273
3 3 0.000211 0.000342 0.056327 0.942984 0.000136
3 3 0.000299 0.000126 0.020872 0.978573 0.000131
3 3 0.000449 0.000180 0.024102 0.975069 0.000199
3 3 0.000582 0.000295 0.037047 0.961800 0.000276
3 3 0.000117 0.000256 0.058835 0.940713 0.000078
3 3 0.000075 0.000542 0.102296 0.897013 0.000074
3 3 0.000262 0.000272 0.049806 0.949516 0.000144
3 3 0.000130 0.000498 0.076457 0.922807 0.000110
3 3 0.000427 0.000578 0.060512 0.938201 0.000281
3 3 0.000175 0.000477 0.065208 0.934002 0.000137
3 3 0.000414 0.000460 0.050756 0.948116 0.000255
3 3 0.000602 0.000376 0.034711 0.963987 0.000325
3 3 0.000361 0.000411 0.048807 0.950199 0.000222
3 3 0.000217 0.000383 0.060095 0.939161 0.000144
3 3 0.000388 0.001031 0.095516 0.902747 0.000318
3 3 0.000232 0.000341 0.053430 0.945851 0.000146
3 3 0.000301 0.000149 0.026100 0.973314 0.000136
3 3 0.000301 0.000516 0.059662 0.939312 0.000210
3 3 0.000440 0.000171 0.023110 0.976085 0.000194
3 3 0.001830 0.000826 0.048213 0.948176 0.000955
3 3 0.002052 0.000503 0.043472 0.953202 0.000772
3 3 0.000408 0.000958 0.086384 0.911926 0.000324
3 3 0.005592 0.021259 0.436208 0.533151 0.003790
1 3 0.155640 0.370129 0.340965 0.049640 0.083626
1 3 0.160288 0.411559 0.322367 0.011794 0.093992
2 3 0.165236 0.333694 0.352788 0.053734 0.094549
2 3 0.035842 0.241463 0.569748 0.054956 0.097991
2 3 0.037747 0.220677 0.660031 0.037981 0.043564
4 3 0.028226 0.261210 0.295831 0.007160 0.407574
4 3 0.029756 0.299693 0.306170 0.000717 0.363663
4 2 0.035857 0.285468 0.264958 0.004323 0.409395
2 2 0.021237 0.252277 0.441553 0.004540 0.280392
2 2 0.014900 0.231854 0.414291 0.001593 0.337362
4 2 0.023521 0.236286 0.238803 0.004994 0.496397
4 2 0.025352 0.260107 0.192568 0.000437 0.521536
4 2 0.025106 0.261247 0.317843 0.003831 0.391973
4 2 0.012372 0.231046 0.361680 0.000270 0.394633
4 2 0.028818 0.274813 0.258415 0.001725 0.436229
1 2 0.250660 0.381781 0.223803 0.016491 0.127264
1 2 0.061127 0.378402 0.280585 0.000705 0.279181
4 2 0.054139 0.335052 0.233439 0.002212 0.375157
1 2 0.056005 0.350847 0.276364 0.002002 0.314782
4 2 0.044028 0.212095 0.076374 0.007085 0.660418
1 2 0.147384 0.384559 0.115403 0.003727 0.348928
1 2 0.286807 0.425659 0.121424 0.007982 0.158128
4 2 0.045180 0.254787 0.104416 0.001764 0.593853
4 2 0.116877 0.358696 0.142497 0.005332 0.376598
4 2 0.092859 0.344405 0.139027 0.004800 0.418909
1 2 0.102503 0.354242 0.236192 0.038214 0.268850
1 2 0.103973 0.378385 0.191886 0.006805 0.318951
2 2 0.033889 0.283890 0.392490 0.010811 0.278920
2 2 0.009107 0.204113 0.513990 0.000533 0.272257
2 2 0.012403 0.230008 0.476752 0.000510 0.280327
2 2 0.018991 0.208827 0.653102 0.014407 0.104673
2 2 0.015761 0.215006 0.621870 0.004787 0.142576
2 2 0.013767 0.184182 0.687622 0.012424 0.102005
2 2 0.007858 0.176082 0.657894 0.001275 0.156891
2 2 0.012063 0.175924 0.716661 0.007288 0.088064
2 2 0.000269 0.009700 0.960801 0.028805 0.000425
2 2 0.000246 0.010917 0.978624 0.009584 0.000629
2 2 0.000085 0.004683 0.984410 0.010693 0.000129
2 2 0.000316 0.010851 0.973573 0.014842 0.000418
2 2 0.005701 0.060753 0.909133 0.021094 0.003319
1 2 0.227709 0.471244 0.220053 0.000744 0.080250
1 2 0.222776 0.454998 0.220289 0.002719 0.099217
1 2 0.093745 0.400128 0.232375 0.002034 0.271718
2 2 0.016419 0.237854 0.513757 0.002090 0.229880
2 2 0.047962 0.281328 0.588566 0.011959 0.070185
2 2 0.004888 0.063046 0.899591 0.026976 0.005498
2 2 0.019962 0.152743 0.816704 0.001334 0.009256
2 2 0.014636 0.127099 0.851273 0.000771 0.006222
2 2 0.029838 0.232912 0.694400 0.002332 0.040518
1 2 0.163556 0.411314 0.366379 0.003561 0.055189
2 2 0.086278 0.359512 0.472049 0.005827 0.076335
2 2 0.102586 0.367082 0.450401 0.008416 0.071516
2 2 0.035323 0.294084 0.562890 0.001859 0.105844
2 2 0.066212 0.322071 0.479568 0.022301 0.109848
2 2 0.011382 0.172661 0.730158 0.005170 0.080629
2 2 0.000243 0.011548 0.984121 0.003459 0.000629
2 2 0.000776 0.018905 0.968760 0.010800 0.000760
2 2 0.000880 0.019692 0.952474 0.026045 0.000909
2 2 0.001490 0.033300 0.946479 0.015895 0.002836
2 2 0.113260 0.325009 0.506999 0.018209 0.036523
1 2 0.187059 0.440258 0.275435 0.004184 0.093064
2 2 0.080122 0.418843 0.430607 0.000075 0.070353
2 2 0.015703 0.230098 0.607616 0.001249 0.145334
2 2 0.021166 0.225615 0.646522 0.006690 0.100007
2 2 0.013538 0.198481 0.640461 0.006541 0.140980
2 2 0.001884 0.034179 0.957446 0.005010 0.001482
2 2 0.002760 0.044743 0.936988 0.012592 0.002917
2 2 0.000393 0.015359 0.980032 0.003351 0.000864
2 2 0.000941 0.036751 0.957529 0.000411 0.004369
2 2 0.063290 0.275835 0.627863 0.005184 0.027828
1 2 0.124378 0.438248 0.335350 0.000931 0.101094
0 2 0.601498 0.155828 0.102954 0.009989 0.129731
1 2 0.237406 0.467030 0.202299 0.001202 0.092062
2 2 0.047905 0.304484 0.387244 0.024097 0.236271
2 2 0.032724 0.293472 0.518117 0.002618 0.153070
2 2 0.000498 0.014997 0.967955 0.015837 0.000713
2 2 0.001445 0.026530 0.958270 0.012701 0.001054
2 2 0.001037 0.021218 0.976608 0.000765 0.000372
2 2 0.000552 0.015131 0.980812 0.003098 0.000407
2 2 0.000086 0.004214 0.952672 0.042909 0.000119
2 2 0.000529 0.016139 0.962650 0.019744 0.000938
2 2 0.000209 0.009755 0.979668 0.009831 0.000537
2 2 0.000278 0.008833 0.895292 0.095192 0.000405
2 2 0.000400 0.019535 0.974042 0.003557 0.002466
2 2 0.001299 0.032065 0.957753 0.006377 0.002506
2 2 0.000405 0.011824 0.961057 0.026269 0.000446
2 2 0.000523 0.013347 0.868989 0.116361 0.000780
2 2 0.000401 0.009299 0.632878 0.356807 0.000614
2 2 0.000443 0.012183 0.893146 0.093573 0.000655
2 2 0.000390 0.010960 0.875301 0.112772 0.000577
2 2 0.010818 0.115091 0.760790 0.085089 0.028213
2 2 0.013192 0.112078 0.828948 0.033960 0.011822
2 2 0.119738 0.350723 0.494434 0.003588 0.031517
1 2 0.174931 0.424379 0.335076 0.003226 0.062388
2 2 0.044534 0.237936 0.667656 0.015815 0.034057
2 2 0.000225 0.007061 0.838147 0.154274 0.000293
2 2 0.000293 0.008693 0.914696 0.076004 0.000315
2 2 0.000043 0.002614 0.949096 0.048188 0.000059
2 2 0.000415 0.010893 0.930850 0.057454 0.000388
2 2 0.000641 0.015627 0.960177 0.022961 0.000595
2 2 0.012818 0.110032 0.743109 0.115551 0.018491
1 2 0.204190 0.427204 0.306970 0.003771 0.057865
2 2 0.083443 0.321937 0.529369 0.012982 0.052269
2 2 0.025057 0.177451 0.712905 0.050219 0.034368
2 2 0.009807 0.094458 0.864910 0.022402 0.008423
2 2 0.004757 0.055032 0.899865 0.036782 0.003564
2 2 0.000226 0.007806 0.924284 0.067375 0.000309
2 2 0.002154 0.034447 0.940382 0.021258 0.001759
2 2 0.001164 0.022881 0.889611 0.084829 0.001514
2 2 0.001158 0.023553 0.893439 0.080163 0.001686
2 2 0.001186 0.023823 0.887273 0.085975 0.001743
2 2 0.001052 0.020418 0.798241 0.178671 0.001618
2 2 0.000894 0.024014 0.969531 0.004272 0.001288
2 2 0.001433 0.024004 0.770883 0.201715 0.001965
2 2 0.002225 0.035456 0.835113 0.123741 0.003465
2 2 0.005086 0.060093 0.773178 0.153480 0.008163
2 2 0.011260 0.101602 0.638309 0.222992 0.025836
2 2 0.005090 0.078852 0.865078 0.035443 0.015536
2 2 0.013344 0.108079 0.655496 0.200816 0.022265
2 2 0.021632 0.145320 0.674940 0.130953 0.027153
2 2 0.050182 0.127941 0.756762 0.040045 0.025070
2 2 0.136737 0.360421 0.416240 0.026953 0.059649
2 2 0.093272 0.306131 0.502330 0.046554 0.051713
2 2 0.094825 0.338025 0.456716 0.031176 0.079258
2 2 0.140823 0.314346 0.481125 0.008982 0.054724
1 2 0.197865 0.434895 0.222020 0.009226 0.135994
0 0 0.756578 0.093560 0.048687 0.002710 0.098464
1 0 0.384889 0.431865 0.081396 0.000690 0.101160
1 1 0.165637 0.454663 0.254834 0.001658 0.123208
1 1 0.126435 0.438680 0.315207 0.001291 0.118387
1 1 0.089954 0.435299 0.257157 0.000258 0.217331
1 1 0.126620 0.419290 0.177879 0.001692 0.274519
4 2 0.159400 0.246928 0.075396 0.002133 0.516144
1 2 0.124451 0.371238 0.128845 0.004857 0.370609
4 2 0.049720 0.260186 0.112471 0.003861 0.573762
4 2 0.081039 0.200197 0.057817 0.001988 0.658958
4 2 0.088799 0.292652 0.079857 0.003691 0.535001
4 4 0.262061 0.124091 0.055802 0.002126 0.555919
0 4 0.548821 0.096472 0.045941 0.004504 0.304261
1 4 0.156511 0.406623 0.108803 0.001123 0.326940
1 4 0.332465 0.433817 0.074377 0.000634 0.158707
4 4 0.332015 0.215800 0.070893 0.003888 0.377403
0 4 0.460700 0.065269 0.028113 0.001655 0.444263
4 4 0.231329 0.115518 0.042433 0.002258 0.608462
4 4 0.202290 0.062717 0.028514 0.002020 0.704459
1 4 0.114308 0.388084 0.170937 0.000491 0.326179
4 4 0.272655 0.099401 0.045105 0.003879 0.578960
0 4 0.520175 0.162448 0.062552 0.004664 0.250160
0 4 0.493185 0.110972 0.059339 0.008524 0.327981
4 4 0.150030 0.268215 0.070609 0.002580 0.508567
0 4 0.559604 0.041233 0.026356 0.003671 0.369136
4 4 0.157006 0.035815 0.020822 0.002275 0.784083
4 4 0.182102 0.092424 0.023006 0.000391 0.702077
4 4 0.433704 0.062075 0.027993 0.001816 0.474412
4 4 0.319847 0.081954 0.031304 0.001503 0.565392
4 4 0.334658 0.075273 0.017322 0.000200 0.572546
4 4 0.320933 0.062043 0.020684 0.000596 0.595744
0 4 0.837765 0.033506 0.024744 0.005931 0.098054
0 4 0.539141 0.036032 0.016331 0.000829 0.407667
4 4 0.412356 0.031658 0.020006 0.002325 0.533655
4 4 0.082299 0.298407 0.064095 0.000346 0.554853
4 4 0.060719 0.179817 0.076086 0.002510 0.680867
4 4 0.203340 0.122941 0.051898 0.004239 0.617583
4 4 0.335290 0.047312 0.026221 0.002621 0.588555
4 4 0.207106 0.095580 0.039999 0.002789 0.654526
4 4 0.264190 0.295796 0.118643 0.014276 0.307095
4 4 0.174492 0.225330 0.099105 0.005944 0.495129
4 4 0.309672 0.083182 0.056021 0.009091 0.542034
4 4 0.099242 0.119362 0.052087 0.005130 0.724179
1 4 0.299541 0.426316 0.094361 0.003011 0.176772
4 4 0.045886 0.289690 0.171489 0.002767 0.490168
1 4 0.189895 0.409826 0.174870 0.018831 0.206577
2 4 0.042323 0.326706 0.345263 0.002261 0.283448
1 4 0.089551 0.418865 0.361569 0.000655 0.129361
1 4 0.177265 0.417884 0.228882 0.017327 0.158643
1 4 0.088821 0.428888 0.273827 0.000396 0.208068
2 4 0.021529 0.260016 0.375294 0.002129 0.341032
2 4 0.021455 0.263702 0.394644 0.001720 0.318479
1 4 0.058787 0.358890 0.299126 0.002159 0.281039
2 4 0.033887 0.317745 0.385193 0.000942 0.262232
2 4 0.021459 0.255870 0.443766 0.003736 0.275168
1 2 0.100142 0.399439 0.187794 0.001446 0.311179
1 2 0.168283 0.450068 0.221216 0.002338 0.158095
2 2 0.037191 0.318570 0.340480 0.001458 0.302302
2 2 0.023341 0.299543 0.393620 0.000205 0.283291
4 2 0.021288 0.247458 0.318880 0.003230 0.409144
1 2 0.025607 0.357249 0.348505 0.000006 0.268633
4 2 0.044534 0.331159 0.290248 0.001533 0.332526
0 2 0.541034 0.256170 0.066831 0.002491 0.133474
0 2 0.796313 0.069428 0.030544 0.002531 0.101185
1 2 0.087524 0.407232 0.342999 0.001509 0.160736
2 2 0.037099 0.292756 0.486532 0.008700 0.174914
1 2 0.126373 0.393908 0.363230 0.013420 0.103068
2 2 0.032643 0.274500 0.465406 0.015294 0.212156
2 2 0.015809 0.240279 0.507067 0.001277 0.235567
2 2 0.019519 0.240786 0.537744 0.004911 0.197039
