0 0 0.864227 0.097067 0.014073 0.000327 0.024306
1 1 0.095022 0.465322 0.242149 0.001516 0.195991
1 1 0.100954 0.489436 0.245361 0.001462 0.162786
1 4 0.324334 0.442467 0.135453 0.001691 0.096055
1 4 0.152781 0.547978 0.210050 0.002727 0.086464
4 4 0.033814 0.265881 0.219181 0.000446 0.480677
4 4 0.027625 0.263218 0.240980 0.000251 0.467926
4 4 0.009546 0.181085 0.261461 0.000030 0.547878
4 4 0.033675 0.115020 0.090850 0.000215 0.760240
4 4 0.048287 0.277071 0.204416 0.000470 0.469756
4 4 0.039832 0.205027 0.148293 0.000936 0.605912
4 4 0.037925 0.062431 0.042061 0.000234 0.857350
4 4 0.063759 0.175012 0.109948 0.000661 0.650620
4 4 0.020377 0.056597 0.043300 0.000425 0.879301
4 4 0.070979 0.264604 0.166709 0.000727 0.496981
4 4 0.023944 0.198311 0.180237 0.000367 0.597141
4 4 0.021677 0.063514 0.058700 0.000046 0.856064
4 4 0.023158 0.171667 0.153951 0.000399 0.650826
4 4 0.074132 0.148607 0.090436 0.000400 0.686425
4 4 0.037260 0.043934 0.030591 0.000072 0.888143
4 4 0.022222 0.012092 0.007855 0.000044 0.957787
4 4 0.058045 0.046296 0.025105 0.000295 0.870259
4 4 0.032613 0.168239 0.129153 0.000710 0.669287
4 4 0.037083 0.084883 0.055477 0.000750 0.821807
4 4 0.062004 0.120286 0.075088 0.000387 0.742234
1 1 0.028230 0.368992 0.353748 0.000088 0.248943
4 1 0.031862 0.328453 0.292923 0.000193 0.346570
2 1 0.020124 0.374873 0.419901 0.000027 0.185075
1 1 0.047512 0.365210 0.304708 0.000083 0.282487
2 1 0.025315 0.367417 0.371004 0.000063 0.236200
4 1 0.065334 0.194249 0.114025 0.001636 0.624756
4 1 0.060816 0.176924 0.117428 0.000414 0.644418
4 4 0.092531 0.043857 0.020734 0.000215 0.842662
4 4 0.061670 0.067450 0.040139 0.000191 0.830549
4 4 0.106243 0.056421 0.026318 0.000270 0.810748
1 4 0.060649 0.384565 0.279431 0.000188 0.275167
1 4 0.035406 0.366045 0.313815 0.000184 0.284551
1 1 0.053239 0.396520 0.278315 0.000485 0.271442
1 1 0.038210 0.363951 0.301027 0.000228 0.296584
1 1 0.048256 0.421870 0.311747 0.000282 0.217844
4 1 0.081921 0.357898 0.196544 0.002487 0.361150
1 1 0.081776 0.393515 0.344760 0.006859 0.173089
1 1 0.088450 0.440636 0.227293 0.003066 0.240556
1 2 0.102268 0.425291 0.214662 0.002354 0.255425
1 2 0.076213 0.417659 0.229619 0.002881 0.273628
0 0 0.450981 0.192929 0.158824 0.016186 0.181079
0 0 0.530467 0.232397 0.075639 0.006112 0.155384
1 1 0.160652 0.507083 0.194136 0.004628 0.133501
1 1 0.122536 0.431287 0.194587 0.004258 0.247332
1 2 0.194765 0.409131 0.159799 0.003231 0.233073
2 2 0.021244 0.257358 0.673104 0.010315 0.037979
2 2 0.071211 0.409917 0.490042 0.006935 0.021895
2 2 0.060532 0.375687 0.536056 0.008960 0.018764
2 2 0.058364 0.444185 0.468887 0.007166 0.021398
2 2 0.015147 0.109842 0.845844 0.005223 0.023944
2 2 0.022141 0.130320 0.826476 0.011965 0.009098
2 2 0.047390 0.111360 0.824037 0.004348 0.012864
2 2 0.010871 0.101697 0.873344 0.005186 0.008902
2 2 0.020279 0.101179 0.845550 0.021446 0.011546
2 2 0.034427 0.239877 0.701777 0.015659 0.008261
2 2 0.024872 0.128182 0.831030 0.005448 0.010468
2 2 0.017312 0.119689 0.849916 0.003808 0.009276
2 2 0.018412 0.136767 0.827544 0.007583 0.009694
2 2 0.006381 0.076030 0.906128 0.001889 0.009573
2 2 0.017613 0.133157 0.830493 0.008445 0.010292
2 2 0.010114 0.077605 0.892184 0.014384 0.005714
2 2 0.008928 0.057177 0.920154 0.008485 0.005256
2 2 0.009305 0.086985 0.859689 0.037450 0.006572
2 2 0.016774 0.109413 0.836936 0.029952 0.006925
2 2 0.023064 0.131533 0.799591 0.038549 0.007264
2 2 0.014325 0.103853 0.817243 0.060518 0.004061
2 2 0.023612 0.132005 0.814204 0.025905 0.004274
2 2 0.005496 0.054482 0.906317 0.031292 0.002412
2 2 0.004539 0.055462 0.901148 0.035048 0.003803
2 2 0.033522 0.085468 0.837139 0.038610 0.005261
2 2 0.011243 0.079586 0.854234 0.050807 0.004131
2 2 0.019305 0.103145 0.812583 0.058801 0.006167
2 2 0.032527 0.102245 0.826159 0.032881 0.006188
2 2 0.031664 0.100347 0.817112 0.045717 0.005160
2 2 0.055675 0.117891 0.783559 0.035928 0.006946
2 2 0.020027 0.184011 0.748746 0.039952 0.007265
2 2 0.021746 0.090890 0.851079 0.030127 0.006157
2 2 0.016074 0.112631 0.832809 0.032089 0.006398
2 2 0.009584 0.075550 0.857914 0.052588 0.004364
2 2 0.019028 0.119064 0.811803 0.042823 0.007282
2 2 0.016572 0.068996 0.835669 0.075095 0.003669
2 2 0.084531 0.155604 0.716555 0.030366 0.012944
2 2 0.018547 0.140525 0.792508 0.043075 0.005345
2 2 0.014463 0.141094 0.773485 0.065039 0.005918
2 2 0.021371 0.124011 0.810631 0.039039 0.004948
2 2 0.020651 0.150759 0.786576 0.036425 0.005590
2 2 0.014853 0.092995 0.855332 0.032444 0.004375
2 2 0.025571 0.085963 0.848466 0.035145 0.004855
2 2 0.011915 0.061972 0.895922 0.026327 0.003865
2 2 0.005984 0.058049 0.902582 0.031069 0.002317
2 2 0.003225 0.047009 0.929482 0.017747 0.002537
2 2 0.009917 0.045196 0.845809 0.096064 0.003014
2 2 0.010268 0.092706 0.797613 0.095203 0.004210
2 2 0.008122 0.069898 0.849909 0.069585 0.002485
2 3 0.005567 0.055283 0.840799 0.096900 0.001452
2 3 0.001915 0.022228 0.812991 0.161988 0.000879
2 3 0.006748 0.045119 0.833290 0.113406 0.001437
2 3 0.000981 0.015843 0.667783 0.315027 0.000366
2 3 0.003562 0.036398 0.848828 0.110243 0.000969
2 3 0.001216 0.018983 0.822505 0.156766 0.000531
2 3 0.001367 0.016018 0.680396 0.301809 0.000410
2 3 0.000320 0.007958 0.550247 0.441343 0.000132
2 3 0.000865 0.018521 0.730306 0.250024 0.000284
2 3 0.004661 0.028334 0.766670 0.199695 0.000641
2 3 0.000698 0.016035 0.619224 0.363706 0.000337
2 3 0.054907 0.108073 0.756228 0.068698 0.012093
2 3 0.164290 0.124216 0.619353 0.077008 0.015134
2 2 0.308805 0.118183 0.486826 0.069021 0.017164
0 1 0.677342 0.100354 0.161369 0.033478 0.027457
0 1 0.413399 0.231480 0.315552 0.016583 0.022987
2 1 0.059480 0.369495 0.551732 0.007394 0.011899
2 1 0.039340 0.294398 0.649232 0.008812 0.008219
2 2 0.035307 0.227108 0.708971 0.019412 0.009203
2 2 0.079021 0.181239 0.709957 0.020494 0.009289
2 2 0.045704 0.125756 0.809896 0.007436 0.011207
2 2 0.008339 0.061911 0.900368 0.026637 0.002744
2 2 0.002967 0.033895 0.946387 0.014166 0.002584
2 2 0.001241 0.025004 0.938946 0.032597 0.002212
2 2 0.008102 0.068129 0.899805 0.020842 0.003122
2 2 0.014873 0.083767 0.868116 0.026279 0.006965
2 2 0.024404 0.157417 0.777631 0.034076 0.006471
2 2 0.022675 0.155979 0.796669 0.019281 0.005396
2 2 0.025027 0.122694 0.830811 0.012772 0.008697
2 2 0.007121 0.068481 0.912414 0.006775 0.005209
2 2 0.001558 0.028099 0.947434 0.018485 0.004424
2 2 0.002278 0.031954 0.894565 0.068871 0.002332
2 2 0.002363 0.035961 0.889820 0.070220 0.001637
2 2 0.008758 0.067444 0.861645 0.060392 0.001761
2 2 0.001549 0.023020 0.784318 0.190065 0.001048
2 2 0.002070 0.027693 0.924616 0.044522 0.001100
2 3 0.003832 0.057930 0.847905 0.087353 0.002979
2 3 0.002213 0.043276 0.823214 0.129326 0.001971
2 3 0.005715 0.051916 0.769788 0.170138 0.002442
2 2 0.005837 0.061658 0.781705 0.146772 0.004029
2 2 0.001462 0.030208 0.890997 0.074486 0.002847
2 2 0.004300 0.045735 0.849263 0.098163 0.002539
2 2 0.011015 0.084740 0.835060 0.067014 0.002171
2 2 0.018246 0.094755 0.830878 0.053392 0.002728
2 2 0.007626 0.055438 0.857535 0.077805 0.001596
2 2 0.004479 0.041600 0.797453 0.155056 0.001412
2 2 0.010851 0.079975 0.859752 0.046906 0.002515
2 2 0.001373 0.027195 0.879408 0.090311 0.001714
2 2 0.004664 0.055281 0.809198 0.128472 0.002384
2 2 0.010968 0.095645 0.817237 0.072718 0.003431
2 2 0.000920 0.015269 0.914274 0.068968 0.000570
2 2 0.001931 0.024309 0.828877 0.144475 0.000408
2 2 0.000073 0.002620 0.616458 0.380811 0.000038
3 2 0.000127 0.004311 0.474705 0.520797 0.000060
2 2 0.000653 0.015764 0.769824 0.213594 0.000165
2 3 0.000440 0.008667 0.803383 0.187412 0.000098
2 3 0.000385 0.004282 0.623691 0.371545 0.000096
3 3 0.000186 0.002387 0.343564 0.653831 0.000031
2 3 0.001126 0.009858 0.636417 0.352452 0.000147
2 3 0.000515 0.009015 0.648067 0.342254 0.000148
2 3 0.000196 0.005422 0.537075 0.457223 0.000084
2 3 0.005388 0.074159 0.793755 0.124415 0.002284
2 2 0.002070 0.025461 0.790515 0.180930 0.001023
2 2 0.020515 0.057901 0.812024 0.107410 0.002150
2 2 0.001686 0.021126 0.758835 0.217714 0.000640
2 2 0.001013 0.012641 0.865913 0.120090 0.000342
2 2 0.013530 0.107749 0.836442 0.038868 0.003411
2 2 0.003125 0.041943 0.885601 0.065897 0.003434
2 2 0.005871 0.070481 0.850561 0.070496 0.002591
2 2 0.002484 0.036977 0.850902 0.108378 0.001259
2 2 0.001937 0.018687 0.855069 0.123575 0.000732
2 2 0.036760 0.126746 0.753840 0.075492 0.007161
2 2 0.076763 0.243346 0.657569 0.013844 0.008478
2 2 0.022199 0.160537 0.746513 0.061255 0.009496
2 2 0.017145 0.125274 0.755075 0.089915 0.012591
2 2 0.054422 0.136184 0.746161 0.055508 0.007725
2 2 0.013346 0.138174 0.790837 0.037778 0.019865
2 2 0.043794 0.305227 0.581008 0.040227 0.029744
2 2 0.051885 0.168833 0.736605 0.024654 0.018024
2 2 0.052940 0.258439 0.656379 0.017427 0.014815
2 2 0.007264 0.087265 0.870782 0.018245 0.016444
2 2 0.016538 0.093896 0.877030 0.004895 0.007641
2 2 0.009402 0.079976 0.892594 0.008092 0.009936
2 2 0.018456 0.075549 0.896547 0.002034 0.007414
2 2 0.034647 0.109561 0.834476 0.010229 0.011087
2 2 0.005056 0.056112 0.925348 0.004131 0.009353
2 2 0.002684 0.038789 0.945985 0.010215 0.002327
2 2 0.019950 0.145013 0.809954 0.020455 0.004628
2 2 0.004189 0.050087 0.913002 0.030498 0.002225
2 2 0.005104 0.051798 0.922833 0.016926 0.003339
2 2 0.002334 0.033928 0.942742 0.019649 0.001348
2 2 0.000760 0.014231 0.930272 0.054278 0.000459
2 2 0.000573 0.017464 0.906806 0.074570 0.000587
2 2 0.000685 0.015585 0.803418 0.179914 0.000400
2 2 0.000786 0.021387 0.835001 0.142186 0.000640
2 2 0.000497 0.012362 0.859807 0.126968 0.000366
2 2 0.005679 0.055179 0.878595 0.052682 0.007865
2 2 0.007833 0.062524 0.884374 0.041286 0.003983
2 2 0.024360 0.160468 0.775978 0.032782 0.006411
2 2 0.021964 0.169198 0.752700 0.047903 0.008234
2 2 0.135812 0.138261 0.689507 0.023383 0.013036
2 2 0.012428 0.076526 0.863825 0.041432 0.005788
2 2 0.016793 0.057769 0.901751 0.018313 0.005374
2 2 0.022202 0.146838 0.801902 0.024371 0.004687
2 2 0.008949 0.069252 0.881906 0.034431 0.005463
2 2 0.007727 0.066353 0.894171 0.027475 0.004273
2 2 0.014960 0.111286 0.853452 0.009126 0.011176
2 2 0.014515 0.098864 0.863501 0.018534 0.004586
2 2 0.021012 0.164953 0.794295 0.016239 0.003500
2 2 0.001996 0.019526 0.964643 0.011050 0.002786
2 2 0.006677 0.078962 0.897109 0.011121 0.006130
2 2 0.026673 0.087114 0.866650 0.012668 0.006896
2 2 0.013698 0.064310 0.896188 0.014178 0.011626
2 4 0.226572 0.157277 0.566603 0.025822 0.023726
2 4 0.028025 0.144031 0.778974 0.034843 0.014126
2 4 0.031411 0.146737 0.786195 0.029156 0.006500
2 2 0.011309 0.096258 0.877584 0.008644 0.006205
2 2 0.002065 0.049163 0.932554 0.009842 0.006377
2 2 0.016981 0.148864 0.798972 0.025722 0.009461
2 2 0.010980 0.085601 0.890519 0.006846 0.006054
2 2 0.019327 0.144248 0.795623 0.032830 0.007973
2 2 0.017702 0.084800 0.872725 0.011352 0.013419
2 2 0.186227 0.247443 0.485443 0.029560 0.051327
2 2 0.047117 0.312709 0.596200 0.022724 0.021250
2 2 0.052735 0.371097 0.511643 0.027335 0.037190
2 2 0.050934 0.370744 0.535674 0.017487 0.025160
2 2 0.050217 0.353587 0.576294 0.007546 0.012356
2 2 0.066668 0.263489 0.642283 0.010861 0.016700
2 2 0.058191 0.426164 0.481110 0.009843 0.024692
2 2 0.054457 0.326509 0.572758 0.021227 0.025049
2 2 0.041755 0.306627 0.616435 0.019102 0.016082
2 2 0.039420 0.315112 0.617071 0.015064 0.013333
2 2 0.035783 0.268459 0.659397 0.023161 0.013201
2 2 0.014266 0.103044 0.851745 0.020834 0.010111
2 2 0.024144 0.195605 0.742276 0.027288 0.010688
2 2 0.022771 0.154564 0.801799 0.010331 0.010535
2 2 0.017123 0.122019 0.848093 0.002229 0.010536
2 2 0.037753 0.249028 0.701382 0.004184 0.007653
2 2 0.010724 0.110685 0.859066 0.001622 0.017904
2 2 0.036656 0.131821 0.815374 0.002975 0.013174
2 2 0.024982 0.146213 0.814657 0.003376 0.010772
2 2 0.011964 0.103948 0.860721 0.013890 0.009477
2 2 0.191901 0.161775 0.616795 0.011799 0.017730
2 2 0.073994 0.179375 0.722695 0.008671 0.015264
2 2 0.020307 0.127961 0.833995 0.010384 0.007352
2 2 0.031947 0.158670 0.792171 0.010512 0.006700
2 2 0.050843 0.287402 0.598033 0.000942 0.062780
2 2 0.086548 0.298657 0.560846 0.002705 0.051244
1 2 0.109867 0.586441 0.238849 0.002978 0.061865
1 2 0.147155 0.567100 0.217368 0.001981 0.066397
2 2 0.064749 0.342356 0.405059 0.001347 0.186489
2 2 0.017106 0.240036 0.701277 0.017457 0.024124
2 2 0.053291 0.222864 0.703274 0.009979 0.010592
2 2 0.081764 0.284254 0.605898 0.010707 0.017376
2 2 0.021406 0.191703 0.764883 0.009898 0.012109
2 2 0.023756 0.183579 0.771662 0.003175 0.017828
1 2 0.149240 0.560659 0.214903 0.002221 0.072977
1 2 0.276365 0.459972 0.151780 0.003243 0.108640
2 2 0.234773 0.309731 0.394762 0.007434 0.053300
1 2 0.301706 0.486524 0.146057 0.001546 0.064167
0 4 0.334866 0.301834 0.232674 0.012989 0.117637
0 4 0.849797 0.040186 0.005334 0.001960 0.102723
0 4 0.866521 0.062303 0.008736 0.001034 0.061406
0 0 0.963436 0.011321 0.001782 0.000255 0.023206
0 0 0.970300 0.005461 0.001039 0.000886 0.022315
0 0 0.934070 0.022084 0.002413 0.000421 0.041011
0 0 0.958826 0.008591 0.007813 0.001901 0.022869
0 0 0.920249 0.018018 0.001884 0.000935 0.058913
0 0 0.925450 0.025064 0.010777 0.001819 0.036889
0 1 0.787115 0.139055 0.023562 0.000826 0.049442
0 1 0.883589 0.059437 0.008063 0.000757 0.048153
1 4 0.243090 0.323091 0.132422 0.000728 0.300669
1 4 0.115960 0.415744 0.192837 0.004144 0.271314
4 4 0.283237 0.280618 0.096989 0.002721 0.336436
1 4 0.079330 0.400915 0.228333 0.001551 0.289871
1 4 0.066970 0.379649 0.235055 0.001130 0.317196
1 1 0.061503 0.386176 0.250742 0.000825 0.300754
4 1 0.070835 0.352770 0.209156 0.001698 0.365541
1 1 0.050559 0.351624 0.249580 0.000628 0.347609
1 1 0.020911 0.411187 0.348651 0.001558 0.217693
1 1 0.080289 0.430525 0.245112 0.001243 0.242831
2 1 0.032461 0.345849 0.524058 0.003401 0.094232
2 1 0.021390 0.351668 0.565919 0.007546 0.053477
2 1 0.028777 0.431078 0.464653 0.014171 0.061322
2 1 0.013467 0.295938 0.613571 0.004564 0.072461
2 2 0.011118 0.108085 0.827377 0.003577 0.049843
1 2 0.052361 0.415401 0.381470 0.008096 0.142672
1 2 0.114373 0.526916 0.242518 0.001484 0.114709
1 2 0.073310 0.498843 0.259603 0.003815 0.164429
1 2 0.073930 0.374919 0.373387 0.001843 0.175922
1 2 0.045487 0.531066 0.292275 0.008874 0.122298
2 2 0.129872 0.348377 0.456227 0.016563 0.048961
2 2 0.061566 0.404923 0.454201 0.026789 0.052523
2 2 0.031110 0.213027 0.647962 0.078612 0.029289
2 2 0.037527 0.329647 0.573010 0.034363 0.025452
2 2 0.044573 0.151971 0.765490 0.019455 0.018511
2 2 0.055148 0.405312 0.497155 0.014388 0.027997
2 2 0.060257 0.335935 0.550196 0.022758 0.030854
2 2 0.057482 0.341713 0.548384 0.022479 0.029942
2 2 0.043435 0.293515 0.584596 0.046958 0.031496
2 2 0.026661 0.197974 0.721564 0.019549 0.034252
2 2 0.020868 0.154543 0.794679 0.014640 0.015270
2 2 0.015926 0.119913 0.845697 0.005089 0.013375
2 2 0.028001 0.115737 0.836847 0.000414 0.019001
2 2 0.042402 0.117721 0.823066 0.004111 0.012699
2 2 0.033345 0.186304 0.761931 0.009249 0.009170
2 2 0.035773 0.258889 0.678472 0.010760 0.016106
2 2 0.026904 0.187542 0.765378 0.003016 0.017159
2 2 0.016833 0.136346 0.831537 0.003115 0.012168
2 2 0.055665 0.304989 0.620281 0.007886 0.011180
2 2 0.051830 0.148664 0.782811 0.000384 0.016311
2 2 0.012780 0.127217 0.836141 0.006742 0.017121
2 2 0.008882 0.089438 0.885450 0.007642 0.008588
2 2 0.026974 0.124389 0.835609 0.001239 0.011788
2 2 0.008070 0.070204 0.911629 0.002104 0.007993
2 2 0.042437 0.221108 0.723053 0.006257 0.007145
2 2 0.004071 0.071167 0.917446 0.003876 0.003440
2 2 0.006862 0.071207 0.909290 0.007560 0.005080
2 2 0.006052 0.061329 0.911939 0.016308 0.004372
2 2 0.000830 0.021701 0.963248 0.012397 0.001823
2 2 0.002100 0.034237 0.915878 0.045840 0.001946
2 2 0.009763 0.086037 0.821637 0.079185 0.003378
2 2 0.008526 0.040605 0.904620 0.043196 0.003053
2 2 0.005732 0.053070 0.792331 0.146804 0.002062
2 2 0.007777 0.050431 0.828624 0.111157 0.002012
2 2 0.003427 0.034161 0.825168 0.135728 0.001516
2 2 0.015350 0.119128 0.792163 0.061886 0.011473
2 2 0.019284 0.148963 0.782498 0.042329 0.006926
2 2 0.024009 0.136579 0.803185 0.029651 0.006576
2 2 0.031191 0.213053 0.715574 0.029810 0.010371
2 2 0.030010 0.303308 0.639183 0.016908 0.010591
2 2 0.008434 0.079422 0.894341 0.011496 0.006307
2 2 0.008641 0.071082 0.907254 0.004843 0.008179
2 2 0.011802 0.106408 0.863376 0.011445 0.006969
2 2 0.023641 0.128645 0.832222 0.008818 0.006674
2 2 0.012368 0.101328 0.869210 0.009591 0.007502
2 2 0.001574 0.023785 0.925047 0.048517 0.001078
2 2 0.000666 0.016720 0.961755 0.020235 0.000624
2 2 0.001156 0.026545 0.924953 0.046467 0.000879
2 2 0.003319 0.043037 0.900654 0.051213 0.001776
2 2 0.004327 0.057855 0.812534 0.122723 0.002560
2 2 0.002968 0.038911 0.849416 0.107582 0.001124
2 2 0.002796 0.042832 0.812644 0.140654 0.001075
2 2 0.001140 0.023145 0.884993 0.089828 0.000895
2 2 0.002299 0.032798 0.883697 0.079683 0.001522
2 2 0.002080 0.027812 0.807779 0.161142 0.001187
2 2 0.009698 0.092539 0.784434 0.109154 0.004175
2 2 0.014995 0.120895 0.796208 0.062837 0.005065
2 2 0.019889 0.157562 0.774954 0.041362 0.006233
2 2 0.007699 0.070358 0.842156 0.076083 0.003705
2 2 0.005238 0.082389 0.820602 0.088073 0.003698
2 2 0.020914 0.137057 0.800176 0.035363 0.006490
2 2 0.014629 0.102501 0.824226 0.051839 0.006805
2 2 0.028313 0.174588 0.759354 0.030161 0.007583
2 2 0.015437 0.157779 0.764483 0.056015 0.006286
2 2 0.039265 0.224139 0.708688 0.020401 0.007508
0 0 0.535345 0.200379 0.219086 0.008273 0.036916
1 1 0.050197 0.484042 0.415192 0.013780 0.036789
2 1 0.059348 0.415088 0.476238 0.015514 0.033812
2 2 0.048908 0.135881 0.775023 0.018637 0.021550
2 2 0.026297 0.160510 0.781348 0.008901 0.022944
2 2 0.002367 0.033653 0.949620 0.013565 0.000795
2 2 0.000741 0.025745 0.935034 0.037392 0.001088
2 2 0.000381 0.011912 0.949202 0.038171 0.000335
2 2 0.000718 0.012830 0.981729 0.004330 0.000393
2 2 0.000351 0.011143 0.976242 0.012029 0.000235
2 2 0.000193 0.008183 0.864364 0.127163 0.000097
2 2 0.001394 0.026763 0.904202 0.066964 0.000678
2 2 0.000148 0.004593 0.977174 0.018009 0.000076
2 2 0.000020 0.002240 0.870183 0.127519 0.000038
2 2 0.000075 0.002792 0.855976 0.141107 0.000050
2 3 0.000270 0.002644 0.565838 0.431187 0.000062
2 3 0.000291 0.005488 0.816985 0.177046 0.000189
2 3 0.000326 0.006718 0.689016 0.303828 0.000112
2 3 0.000191 0.003559 0.586984 0.409201 0.000064
3 3 0.000035 0.001218 0.364169 0.634568 0.000010
3 3 0.000083 0.001595 0.288930 0.709362 0.000030
3 3 0.000241 0.001199 0.190126 0.808406 0.000028
3 3 0.000043 0.001433 0.263541 0.734960 0.000023
3 3 0.000033 0.000338 0.127045 0.872580 0.000005
3 3 0.000022 0.000431 0.150442 0.849100 0.000005
3 3 0.000077 0.001240 0.166543 0.832096 0.000044
3 3 0.000007 0.000321 0.079807 0.919858 0.000007
3 3 0.000010 0.000150 0.046791 0.953045 0.000004
3 3 0.000025 0.000152 0.031595 0.968222 0.000007
3 3 0.000016 0.000267 0.062246 0.937465 0.000007
3 3 0.000016 0.000389 0.066201 0.933379 0.000015
3 3 0.000064 0.000156 0.025568 0.974203 0.000009
3 3 0.000060 0.000340 0.061148 0.938439 0.000013
3 3 0.000006 0.000089 0.030435 0.969467 0.000002
3 3 0.000020 0.000175 0.045458 0.954341 0.000006
3 3 0.000033 0.000216 0.037305 0.962436 0.000011
3 3 0.000088 0.000193 0.024087 0.975612 0.000020
3 3 0.000008 0.000069 0.018054 0.981865 0.000004
3 3 0.000084 0.000356 0.033827 0.965700 0.000033
3 3 0.000017 0.000074 0.014618 0.985286 0.000005
3 3 0.000044 0.000168 0.019638 0.980133 0.000016
3 3 0.000032 0.000080 0.013353 0.986527 0.000008
3 3 0.000030 0.000094 0.014916 0.984951 0.000008
3 3 0.000083 0.000289 0.031662 0.967945 0.000021
3 3 0.000073 0.000128 0.019417 0.980371 0.000011
3 3 0.000055 0.000333 0.054820 0.944778 0.000014
3 3 0.000017 0.000087 0.020589 0.979302 0.000005
3 3 0.000006 0.000116 0.030590 0.969282 0.000005
3 3 0.000020 0.000147 0.022985 0.976838 0.000010
3 3 0.000036 0.000110 0.022318 0.977532 0.000005
3 3 0.000011 0.000099 0.022009 0.977876 0.000005
3 3 0.000010 0.000052 0.012768 0.987167 0.000003
3 3 0.000070 0.000168 0.028662 0.971090 0.000010
3 3 0.000019 0.000067 0.015154 0.984755 0.000004
3 3 0.000027 0.000192 0.031661 0.968109 0.000011
3 3 0.000110 0.000153 0.015350 0.984370 0.000017
3 3 0.000030 0.000284 0.052286 0.947389 0.000012
3 3 0.000005 0.000060 0.015405 0.984529 0.000003
3 3 0.000012 0.000049 0.016373 0.983563 0.000003
3 3 0.000007 0.000051 0.013253 0.986685 0.000004
3 3 0.000023 0.000075 0.014342 0.985555 0.000005
3 3 0.000041 0.000076 0.011070 0.988805 0.000008
3 3 0.000020 0.000106 0.019798 0.980070 0.000006
3 3 0.000030 0.000094 0.015502 0.984365 0.000010
3 3 0.000015 0.000027 0.005563 0.994391 0.000003
3 3 0.000008 0.000067 0.018611 0.981311 0.000003
3 3 0.000036 0.000086 0.016312 0.983561 0.000005
3 3 0.000007 0.000076 0.018857 0.981056 0.000004
3 3 0.000021 0.000127 0.027284 0.972563 0.000006
3 3 0.000012 0.000094 0.020173 0.979715 0.000005
3 3 0.000041 0.000102 0.016593 0.983256 0.000008
3 3 0.000019 0.000103 0.017214 0.982653 0.000010
3 3 0.000071 0.000096 0.014887 0.984936 0.000010
3 3 0.000093 0.000121 0.017099 0.982676 0.000010
3 3 0.000012 0.000049 0.013597 0.986339 0.000003
3 3 0.000784 0.002056 0.069938 0.926922 0.000299
2 1 0.005254 0.070178 0.704698 0.216316 0.003554
3 1 0.095827 0.063682 0.403953 0.426830 0.009709
3 1 0.009930 0.038819 0.455750 0.490202 0.005299
2 1 0.006890 0.078386 0.730947 0.179916 0.003861
2 1 0.013230 0.135601 0.761902 0.082886 0.006382
2 2 0.002541 0.037286 0.608290 0.349904 0.001979
2 2 0.002285 0.033789 0.821266 0.140158 0.002502
2 2 0.007350 0.068359 0.797959 0.123583 0.002749
2 2 0.007319 0.068524 0.771617 0.149283 0.003257
2 2 0.007681 0.073468 0.872938 0.041630 0.004282
2 2 0.004226 0.041709 0.895679 0.055502 0.002884
2 2 0.003893 0.041140 0.894188 0.058682 0.002098
2 2 0.002000 0.041834 0.911019 0.040246 0.004901
2 2 0.004596 0.038259 0.936461 0.018497 0.002188
2 2 0.007904 0.088138 0.887019 0.012764 0.004175
2 2 0.002276 0.025225 0.954931 0.014386 0.003183
2 2 0.010259 0.072720 0.897839 0.014050 0.005133
2 2 0.006951 0.063772 0.916986 0.009072 0.003219
2 2 0.007947 0.092200 0.873996 0.021346 0.004511
2 2 0.003669 0.045183 0.909458 0.039470 0.002220
2 2 0.015186 0.062514 0.874280 0.043777 0.004243
2 2 0.001138 0.019315 0.971281 0.006865 0.001400
2 2 0.005778 0.059549 0.885319 0.045691 0.003664
2 2 0.000732 0.020475 0.944862 0.032487 0.001444
2 2 0.005328 0.033380 0.844858 0.115109 0.001326
2 2 0.001911 0.028277 0.915545 0.053386 0.000881
2 2 0.000587 0.011731 0.949389 0.037575 0.000718
2 2 0.000514 0.011711 0.803514 0.183821 0.000440
2 2 0.004837 0.069793 0.782791 0.140248 0.002331
2 2 0.000635 0.023855 0.927624 0.047179 0.000707
2 2 0.000561 0.023405 0.888121 0.087126 0.000787
2 2 0.000965 0.025747 0.935851 0.036063 0.001374
2 2 0.001105 0.029225 0.919905 0.048373 0.001391
2 2 0.003376 0.040543 0.912511 0.041773 0.001798
2 2 0.005049 0.041528 0.801641 0.150175 0.001607
2 2 0.004524 0.016802 0.918428 0.059107 0.001140
2 2 0.002334 0.018144 0.848543 0.130207 0.000772
2 2 0.011548 0.062899 0.817742 0.105376 0.002435
2 2 0.003413 0.027562 0.743364 0.224261 0.001400
2 2 0.002801 0.029135 0.777180 0.190072 0.000812
2 2 0.000958 0.016098 0.773249 0.209072 0.000622
2 2 0.004985 0.029838 0.718021 0.246096 0.001060
2 3 0.000913 0.013015 0.757407 0.228310 0.000356
2 3 0.001166 0.023509 0.816325 0.157893 0.001107
2 3 0.007468 0.053973 0.821280 0.115166 0.002114
2 3 0.025022 0.052315 0.819041 0.099238 0.004385
2 2 0.007851 0.055636 0.845875 0.088813 0.001826
2 2 0.023149 0.053587 0.738140 0.182788 0.002337
2 2 0.013606 0.041590 0.708568 0.234106 0.002130
2 2 0.000562 0.007209 0.896172 0.095748 0.000308
2 2 0.000637 0.011077 0.788998 0.198946 0.000343
2 2 0.000610 0.010454 0.761516 0.227231 0.000189
2 2 0.003635 0.026777 0.711632 0.257212 0.000745
2 2 0.000938 0.019327 0.836997 0.142201 0.000538
2 2 0.004358 0.039797 0.816306 0.137168 0.002371
2 2 0.012544 0.130172 0.765688 0.085603 0.005993
2 2 0.010724 0.097448 0.803502 0.084462 0.003864
2 2 0.004345 0.058737 0.871572 0.061180 0.004165
2 2 0.005420 0.041598 0.895607 0.053961 0.003414
2 2 0.000790 0.016176 0.923482 0.058992 0.000559
2 2 0.000684 0.012220 0.888492 0.098256 0.000348
2 2 0.001441 0.012843 0.872520 0.113038 0.000157
2 2 0.001669 0.021706 0.888418 0.087892 0.000315
2 2 0.000376 0.008739 0.899541 0.091158 0.000186
2 2 0.002282 0.026615 0.923779 0.045324 0.002000
2 2 0.005486 0.070582 0.870885 0.048640 0.004408
2 2 0.001695 0.037983 0.944976 0.011912 0.003434
2 2 0.003744 0.049108 0.903185 0.038862 0.005102
2 2 0.007886 0.066337 0.886897 0.033085 0.005795
2 2 0.002187 0.032425 0.940496 0.022232 0.002660
2 2 0.004541 0.042020 0.935563 0.015842 0.002033
2 2 0.017707 0.108025 0.827065 0.043264 0.003940
2 2 0.003110 0.041673 0.893798 0.059017 0.002401
2 2 0.008746 0.058886 0.898797 0.030263 0.003308
2 2 0.009974 0.085989 0.896488 0.005347 0.002203
2 2 0.001194 0.025727 0.949862 0.022166 0.001050
2 2 0.000947 0.039126 0.927721 0.030728 0.001478
2 2 0.001720 0.026147 0.937901 0.033050 0.001182
2 2 0.001102 0.021199 0.939482 0.036923 0.001294
2 2 0.006622 0.077061 0.885045 0.027608 0.003664
2 2 0.004478 0.058697 0.930384 0.002705 0.003737
2 2 0.004732 0.047396 0.936642 0.007342 0.003888
2 2 0.001840 0.027460 0.956678 0.012331 0.001691
2 2 0.001191 0.023341 0.948654 0.024969 0.001845
2 2 0.001582 0.022129 0.960417 0.014690 0.001182
2 2 0.002102 0.022680 0.943892 0.030339 0.000987
2 2 0.003229 0.059364 0.919089 0.014945 0.003372
2 2 0.001440 0.026867 0.954525 0.016208 0.000960
2 2 0.001776 0.025173 0.927335 0.044422 0.001294
2 2 0.002659 0.053217 0.927587 0.012469 0.004068
2 2 0.001245 0.026359 0.965667 0.004220 0.002510
2 2 0.004822 0.041361 0.938399 0.011590 0.003828
2 2 0.005094 0.073169 0.885282 0.030782 0.005673
2 2 0.004531 0.076320 0.896023 0.018707 0.004419
2 2 0.004728 0.064105 0.894510 0.032711 0.003946
2 2 0.000955 0.021364 0.970412 0.005196 0.002072
2 2 0.001043 0.024335 0.963336 0.009309 0.001977
2 2 0.003378 0.037464 0.947683 0.009441 0.002034
2 2 0.010554 0.078189 0.873573 0.033594 0.004090
2 2 0.006994 0.163745 0.789537 0.018345 0.021378
2 2 0.004096 0.065358 0.915889 0.006958 0.007699
2 2 0.002771 0.046105 0.943117 0.001085 0.006921
2 2 0.002254 0.038733 0.953096 0.000027 0.005889
2 2 0.006975 0.091082 0.892110 0.001238 0.008595
2 2 0.018482 0.111559 0.835681 0.021954 0.012324
2 2 0.002866 0.053376 0.931270 0.005215 0.007273
2 2 0.006381 0.068664 0.895090 0.026150 0.003714
2 2 0.013091 0.135227 0.830053 0.015412 0.006218
2 2 0.007035 0.073465 0.900401 0.013537 0.005563
2 2 0.015616 0.095160 0.876337 0.001134 0.011753
2 2 0.037738 0.322861 0.617135 0.008104 0.014162
2 2 0.028702 0.226544 0.717301 0.007906 0.019547
2 2 0.050675 0.288340 0.641253 0.005564 0.014167
2 2 0.031456 0.336367 0.583127 0.022611 0.026439
2 2 0.140815 0.129301 0.633933 0.008994 0.086956
0 2 0.442665 0.271764 0.209488 0.006797 0.069285
0 4 0.542700 0.262454 0.102796 0.004461 0.087589
0 4 0.422531 0.181807 0.266137 0.021352 0.108174
0 4 0.685275 0.181750 0.073768 0.003305 0.055901
1 4 0.051019 0.495710 0.346080 0.010633 0.096558
1 4 0.067879 0.482171 0.379781 0.003915 0.066253
1 1 0.032216 0.485891 0.391596 0.009416 0.080881
1 1 0.035450 0.535257 0.324051 0.004975 0.100267
1 1 0.031215 0.518832 0.350477 0.004660 0.094816
1 2 0.057628 0.441119 0.323831 0.006849 0.170573
1 2 0.041701 0.385725 0.249471 0.005089 0.318013
1 2 0.057083 0.343405 0.260065 0.001577 0.337871
1 2 0.107869 0.448989 0.218113 0.002537 0.222492
1 2 0.081592 0.421692 0.244431 0.009997 0.242287
2 2 0.028014 0.326411 0.519785 0.002950 0.122840
2 2 0.032092 0.295406 0.570753 0.000879 0.100870
1 2 0.036908 0.432889 0.306251 0.001739 0.222213
2 2 0.012865 0.383136 0.440124 0.002862 0.161013
1 2 0.045498 0.418856 0.305751 0.000465 0.229430
2 2 0.020259 0.336402 0.472914 0.015964 0.154461
2 2 0.042855 0.357378 0.457609 0.008800 0.133359
2 2 0.015007 0.220208 0.662168 0.009421 0.093196
2 2 0.013651 0.389365 0.418669 0.009652 0.168664
1 2 0.035303 0.448125 0.370397 0.013390 0.132785
1 2 0.050487 0.369814 0.244419 0.001676 0.333605
1 2 0.058656 0.401599 0.268395 0.000622 0.270727
1 2 0.051272 0.353421 0.249232 0.000644 0.345432
1 2 0.069470 0.401731 0.245688 0.001037 0.282074
4 1 0.043759 0.307457 0.246703 0.000238 0.401843
4 1 0.074070 0.328686 0.187199 0.002414 0.407631
1 1 0.104374 0.410645 0.201792 0.003193 0.279995
4 4 0.065855 0.317940 0.191584 0.001892 0.422730
4 4 0.081851 0.280691 0.169031 0.004911 0.463515
4 4 0.225431 0.274270 0.114648 0.000829 0.384822
1 0 0.305607 0.323676 0.280512 0.012309 0.077897
1 1 0.072432 0.594463 0.266103 0.005998 0.061003
1 1 0.086405 0.561536 0.244032 0.008934 0.099093
2 1 0.056674 0.277622 0.522466 0.005800 0.137438
2 1 0.131895 0.339523 0.442516 0.004599 0.081468
2 1 0.027025 0.309091 0.433518 0.007565 0.222800
2 1 0.029232 0.329903 0.445220 0.003841 0.191804
1 1 0.049526 0.413072 0.329627 0.002386 0.205389
1 1 0.055678 0.461259 0.294907 0.003452 0.184703
1 4 0.032604 0.408737 0.311113 0.009138 0.238408
1 4 0.038735 0.455945 0.326270 0.000879 0.178170
1 4 0.072543 0.404757 0.242100 0.001149 0.279451
1 4 0.101647 0.434041 0.217574 0.002424 0.244314
4 2 0.066463 0.351774 0.215775 0.001419 0.364568
1 2 0.074835 0.356391 0.253495 0.001753 0.313526
2 2 0.044771 0.213508 0.492283 0.005213 0.244225
1 2 0.075689 0.447704 0.288021 0.009795 0.178791
1 2 0.070101 0.436256 0.251003 0.005589 0.237050
1 2 0.126084 0.455867 0.202905 0.003753 0.211391
1 1 0.100868 0.518224 0.219938 0.012096 0.148874
4 1 0.345786 0.160000 0.044521 0.006846 0.442847
4 4 0.295659 0.183515 0.090539 0.015884 0.414404
1 4 0.161245 0.425022 0.162959 0.009660 0.241114
4 4 0.155452 0.340044 0.133004 0.011204 0.360295
4 4 0.101699 0.295544 0.136948 0.008263 0.457546
1 4 0.171766 0.522896 0.194665 0.003453 0.107221
1 4 0.274646 0.405818 0.129508 0.005927 0.184101
1 4 0.288182 0.331329 0.118068 0.010409 0.252012
0 4 0.312789 0.312280 0.140116 0.011768 0.223047
0 4 0.347824 0.234638 0.067501 0.007261 0.342777
1 4 0.155714 0.529699 0.197624 0.006060 0.110902
1 4 0.160979 0.497290 0.190644 0.005168 0.145919
1 4 0.162449 0.464058 0.177915 0.007094 0.188484
1 4 0.091100 0.386373 0.219577 0.008420 0.294530
1 4 0.128924 0.383690 0.227670 0.008913 0.250802
0 4 0.405650 0.273453 0.182194 0.022811 0.115892
2 4 0.185093 0.276878 0.342628 0.071111 0.124290
0 4 0.657486 0.130704 0.089327 0.023926 0.098556
0 4 0.660566 0.109104 0.089484 0.032737 0.108109
0 4 0.408500 0.211086 0.219533 0.036612 0.124268
1 4 0.305601 0.357456 0.176159 0.008636 0.152148
1 4 0.170528 0.555458 0.203514 0.001976 0.068523
0 0 0.720740 0.114227 0.085231 0.003710 0.076094
1 1 0.155116 0.428908 0.266753 0.015990 0.133233
1 1 0.302897 0.441936 0.135288 0.003260 0.116619
1 1 0.057003 0.399305 0.270717 0.000582 0.272391
1 1 0.079218 0.414698 0.237202 0.001370 0.267512
1 1 0.048937 0.357619 0.258952 0.000538 0.333955
1 1 0.058298 0.354476 0.233638 0.000937 0.352651
4 1 0.054170 0.330815 0.223653 0.000939 0.390423
1 1 0.157641 0.466522 0.182136 0.006400 0.187301
1 1 0.047075 0.393104 0.289115 0.006477 0.264229
1 1 0.093146 0.386647 0.200655 0.002815 0.316736
4 4 0.089287 0.357249 0.186992 0.003216 0.363256
1 4 0.080552 0.425366 0.216512 0.006337 0.271234
1 4 0.111730 0.462074 0.194083 0.014616 0.217498
1 4 0.118050 0.380947 0.172560 0.005853 0.322589
1 4 0.140646 0.398139 0.161602 0.010211 0.289402
4 4 0.133108 0.321178 0.144088 0.004135 0.397491
4 4 0.106464 0.340203 0.159501 0.006217 0.387614
1 4 0.370298 0.400724 0.113013 0.002955 0.113010
1 4 0.205425 0.300940 0.183460 0.012404 0.297770
1 4 0.255210 0.333033 0.118455 0.011673 0.281629
0 4 0.468980 0.289710 0.077651 0.004578 0.159081
0 4 0.472777 0.278285 0.092322 0.005720 0.150896
2 4 0.259237 0.194081 0.398556 0.082400 0.065725
2 4 0.058879 0.160928 0.452813 0.288925 0.038455
2 4 0.202249 0.245810 0.405431 0.075815 0.070696
2 4 0.074661 0.249452 0.513342 0.101422 0.061121
2 4 0.124291 0.287028 0.395461 0.100070 0.093149
1 4 0.108044 0.435302 0.198829 0.006606 0.251219
1 4 0.153611 0.544408 0.208719 0.002876 0.090387
1 1 0.142948 0.475388 0.196602 0.004524 0.180538
1 1 0.130820 0.483496 0.210253 0.003282 0.172150
1 1 0.074605 0.433659 0.236031 0.003361 0.252343
1 4 0.107116 0.402878 0.185620 0.007040 0.297347
4 4 0.138139 0.203008 0.088941 0.002982 0.566930
4 4 0.072014 0.261009 0.141561 0.004352 0.521063
1 4 0.148994 0.472340 0.190676 0.005213 0.182777
4 4 0.116586 0.349090 0.156341 0.007442 0.370540
1 4 0.128536 0.404648 0.188738 0.006629 0.271449
1 4 0.112330 0.533010 0.220513 0.008019 0.126128
1 4 0.073352 0.471059 0.247611 0.004506 0.203472
1 4 0.104254 0.526994 0.221822 0.010189 0.136740
1 4 0.157815 0.523357 0.200625 0.003834 0.114369
2 4 0.187864 0.242477 0.428387 0.058778 0.082494
2 4 0.148762 0.344281 0.414545 0.020455 0.071956
2 4 0.037557 0.327589 0.490428 0.086543 0.057883
0 4 0.344391 0.247724 0.274492 0.054768 0.078624
2 4 0.096270 0.366937 0.448323 0.028565 0.059905
4 4 0.066450 0.214271 0.121408 0.003029 0.594843
4 4 0.112166 0.313877 0.139863 0.009171 0.424923
1 4 0.158508 0.443140 0.172262 0.007922 0.218167
4 4 0.040782 0.190209 0.136558 0.001937 0.630514
4 4 0.122001 0.228317 0.102913 0.004341 0.542428
1 4 0.088204 0.395544 0.202384 0.004332 0.309536
1 4 0.121366 0.447613 0.203514 0.003609 0.223898
1 4 0.109927 0.393627 0.186748 0.004285 0.305413
1 4 0.159153 0.466055 0.180909 0.006596 0.187287
1 4 0.099030 0.398502 0.200833 0.003040 0.298595
0 4 0.432533 0.307207 0.135395 0.006864 0.118001
0 0 0.761329 0.093988 0.077347 0.009851 0.057486
1 1 0.352981 0.454682 0.128277 0.001433 0.062628
1 1 0.156465 0.531120 0.203597 0.003468 0.105350
1 1 0.153985 0.542990 0.208141 0.002939 0.091945
1 1 0.126379 0.535277 0.215581 0.005874 0.116889
1 1 0.047771 0.503176 0.281748 0.008714 0.158591
1 1 0.073611 0.519567 0.246150 0.011407 0.149266
1 1 0.138832 0.528602 0.208656 0.005091 0.118820
1 1 0.114103 0.545364 0.224190 0.006437 0.109905
1 1 0.067938 0.468944 0.265212 0.015575 0.182331
1 1 0.128237 0.472067 0.189323 0.012957 0.197416
1 1 0.086034 0.395100 0.336308 0.015766 0.166792
1 1 0.101732 0.338482 0.287452 0.010113 0.262220
1 1 0.177517 0.454301 0.210445 0.016496 0.141241
4 1 0.032524 0.219782 0.155528 0.003276 0.588890
1 1 0.055889 0.391781 0.232867 0.004448 0.315015
1 1 0.054782 0.376030 0.223956 0.004942 0.340290
2 2 0.020623 0.116041 0.696975 0.003163 0.163198
1 2 0.040118 0.398503 0.256705 0.006064 0.298611
1 2 0.029391 0.461074 0.370322 0.044095 0.095118
2 2 0.025525 0.379942 0.456446 0.054471 0.083616
1 2 0.071208 0.511334 0.349037 0.011350 0.057071
2 2 0.024477 0.383216 0.461001 0.035383 0.095923
1 2 0.018221 0.412908 0.402684 0.026103 0.140084
2 2 0.060169 0.387751 0.473545 0.028408 0.050127
2 2 0.030765 0.171541 0.741540 0.023835 0.032319
2 2 0.021799 0.126267 0.775672 0.044029 0.032234
2 2 0.071921 0.379854 0.477411 0.022891 0.047922
2 2 0.024427 0.206477 0.694195 0.037631 0.037269
2 2 0.020715 0.123317 0.817434 0.007708 0.030826
2 2 0.041384 0.207097 0.663992 0.020241 0.067286
2 2 0.062555 0.368273 0.513945 0.015262 0.039965
2 2 0.029478 0.291338 0.636742 0.007503 0.034939
2 2 0.022431 0.102049 0.847484 0.004940 0.023096
2 2 0.071460 0.320655 0.567012 0.009276 0.031597
2 2 0.024536 0.286300 0.606964 0.011045 0.071155
2 2 0.033851 0.240457 0.627801 0.005447 0.092443
1 2 0.107553 0.431583 0.412050 0.007458 0.041355
1 2 0.042112 0.475599 0.392635 0.031280 0.058374
2 2 0.060227 0.446889 0.449018 0.011584 0.032282
0 2 0.365924 0.323533 0.252274 0.008236 0.050034
1 2 0.062269 0.576396 0.312197 0.006129 0.043008
2 2 0.246814 0.352450 0.373105 0.004333 0.023298
1 2 0.110131 0.427887 0.403139 0.008856 0.049987
1 2 0.073695 0.464613 0.426715 0.006451 0.028526
2 2 0.011415 0.262083 0.645504 0.018720 0.062277
2 2 0.038738 0.363787 0.538318 0.020565 0.038592
2 2 0.007069 0.132388 0.819914 0.011712 0.028917
2 2 0.009711 0.116195 0.835509 0.013511 0.025074
2 2 0.001293 0.030897 0.961240 0.004145 0.002425
2 2 0.009302 0.127398 0.843068 0.009879 0.010353
2 2 0.000281 0.014505 0.980851 0.002819 0.001544
2 2 0.002442 0.041961 0.949646 0.001769 0.004182
2 2 0.001343 0.032188 0.960354 0.002641 0.003473
2 2 0.001933 0.039760 0.947213 0.008183 0.002911
2 2 0.000562 0.025821 0.954006 0.017367 0.002243
2 2 0.005705 0.085909 0.886262 0.013677 0.008446
2 2 0.000794 0.025449 0.963131 0.008011 0.002615
2 2 0.000699 0.016285 0.976962 0.004707 0.001347
2 2 0.000132 0.007377 0.974516 0.017880 0.000095
2 2 0.000029 0.003267 0.864845 0.131805 0.000053
2 2 0.000093 0.004007 0.937034 0.058832 0.000034
2 2 0.000086 0.004677 0.916427 0.078773 0.000037
2 2 0.000024 0.002384 0.817951 0.179600 0.000041
2 2 0.000073 0.003754 0.933360 0.062744 0.000069
2 2 0.000015 0.001382 0.848923 0.149664 0.000016
2 2 0.000049 0.003628 0.900681 0.095591 0.000050
2 2 0.000043 0.003711 0.798929 0.197281 0.000036
2 2 0.000054 0.004392 0.886569 0.108937 0.000047
2 2 0.000093 0.004993 0.803002 0.191829 0.000082
2 2 0.000079 0.002897 0.802402 0.194556 0.000067
2 2 0.000106 0.004241 0.760120 0.235455 0.000078
2 2 0.000053 0.003115 0.786631 0.210133 0.000069
2 2 0.000210 0.009077 0.673905 0.316636 0.000172
2 3 0.000056 0.002263 0.605803 0.391846 0.000032
2 3 0.000168 0.004212 0.610793 0.384763 0.000063
3 3 0.000099 0.001537 0.457511 0.540836 0.000017
3 3 0.000087 0.002418 0.482644 0.514796 0.000055
3 3 0.000034 0.001593 0.465820 0.532521 0.000032
3 3 0.000015 0.000900 0.311830 0.687234 0.000019
2 3 0.000058 0.002813 0.551792 0.445269 0.000069
3 3 0.000011 0.000567 0.218109 0.781305 0.000007
3 3 0.000027 0.000982 0.278238 0.720744 0.000010
3 3 0.000052 0.001705 0.334819 0.663395 0.000029
3 3 0.000057 0.001408 0.345025 0.653489 0.000021
3 3 0.000016 0.000687 0.280095 0.719193 0.000009
3 3 0.000010 0.000279 0.116227 0.883481 0.000004
3 3 0.000036 0.000834 0.277809 0.721308 0.000013
3 3 0.000046 0.001298 0.236321 0.762309 0.000026
3 3 0.000015 0.000699 0.130236 0.869035 0.000015
3 3 0.000042 0.000404 0.092044 0.907497 0.000013
3 3 0.000006 0.000216 0.084466 0.915309 0.000003
3 3 0.000013 0.000182 0.046244 0.953556 0.000005
3 3 0.000008 0.000290 0.089236 0.910461 0.000005
3 3 0.000030 0.000228 0.048881 0.950853 0.000008
3 3 0.000008 0.000129 0.044421 0.955438 0.000003
3 3 0.000014 0.000340 0.115953 0.883688 0.000005
3 3 0.000013 0.000159 0.050363 0.949462 0.000004
3 3 0.000019 0.000235 0.059139 0.940600 0.000007
3 3 0.000005 0.000290 0.065015 0.934682 0.000008
3 3 0.000012 0.000143 0.040512 0.959329 0.000004
3 3 0.000038 0.000326 0.042111 0.957500 0.000025
3 3 0.000014 0.000134 0.029555 0.970292 0.000006
3 3 0.000005 0.000128 0.057942 0.941923 0.000003
3 3 0.000006 0.000138 0.044928 0.954924 0.000004
3 3 0.000002 0.000148 0.058552 0.941295 0.000003
3 3 0.000013 0.000309 0.069634 0.930035 0.000009
3 3 0.000018 0.000289 0.070434 0.929252 0.000008
3 3 0.000015 0.000192 0.057226 0.942561 0.000005
3 3 0.000023 0.000085 0.018455 0.981432 0.000006
3 3 0.000010 0.000106 0.034246 0.965635 0.000003
3 3 0.000055 0.000173 0.025164 0.974596 0.000013
3 3 0.000009 0.000104 0.026332 0.973550 0.000005
3 3 0.000042 0.000154 0.028477 0.971317 0.000010
3 3 0.000025 0.000174 0.035005 0.964788 0.000008
3 3 0.000006 0.000106 0.030194 0.969689 0.000004
3 3 0.000006 0.000087 0.027107 0.972797 0.000003
3 3 0.000017 0.000141 0.027835 0.971999 0.000008
3 3 0.000029 0.000155 0.027107 0.972699 0.000010
3 3 0.000017 0.000181 0.033336 0.966458 0.000009
3 3 0.000013 0.000089 0.019009 0.980883 0.000007
3 3 0.000025 0.000272 0.047532 0.952160 0.000012
3 3 0.000011 0.000102 0.028960 0.970924 0.000004
3 3 0.000035 0.000134 0.022275 0.977548 0.000008
3 3 0.000005 0.000049 0.018437 0.981507 0.000002
3 3 0.000097 0.000206 0.023748 0.975930 0.000019
3 3 0.000007 0.000058 0.016070 0.983861 0.000003
3 3 0.000010 0.000097 0.024652 0.975236 0.000004
3 3 0.000007 0.000254 0.060945 0.938787 0.000008
3 3 0.000007 0.000117 0.029722 0.970149 0.000005
3 3 0.000023 0.000180 0.041065 0.958725 0.000007
3 3 0.000036 0.000093 0.017450 0.982415 0.000006
3 3 0.000018 0.000135 0.028474 0.971367 0.000007
3 3 0.000052 0.000191 0.029641 0.970105 0.000011
3 3 0.011168 0.036416 0.344666 0.603055 0.004695
