4 0 0.266424 0.141907 0.070451 0.003997 0.517222
0 0 0.653456 0.081138 0.035064 0.002537 0.227805
0 0 0.418868 0.135378 0.066156 0.005299 0.374299
0 0 0.547857 0.134768 0.048409 0.002055 0.266912
0 0 0.454635 0.136631 0.054927 0.002531 0.351275
0 0 0.437267 0.253967 0.086037 0.002785 0.219944
0 0 0.380773 0.331518 0.105455 0.000445 0.181808
4 0 0.310373 0.211656 0.086230 0.004228 0.387513
0 0 0.592756 0.162122 0.061222 0.004839 0.179062
0 0 0.753983 0.064926 0.030174 0.003738 0.147179
4 0 0.158038 0.116265 0.070195 0.004728 0.650774
4 0 0.097986 0.122949 0.069431 0.003087 0.706547
4 1 0.084997 0.199466 0.107842 0.000828 0.606868
4 1 0.073389 0.189583 0.107476 0.000424 0.629128
0 1 0.392930 0.276031 0.102080 0.005478 0.223481
4 1 0.063600 0.246609 0.247956 0.008132 0.433703
4 1 0.066405 0.094445 0.103222 0.002438 0.733491
4 1 0.085037 0.225081 0.186915 0.012982 0.489986
4 1 0.062774 0.229474 0.289226 0.018189 0.400337
2 1 0.026724 0.155263 0.472965 0.024347 0.320701
2 2 0.019209 0.165456 0.603518 0.019156 0.192660
1 0 0.261999 0.311616 0.256845 0.012357 0.157183
4 0 0.077968 0.292792 0.240572 0.011754 0.376914
1 0 0.124655 0.420209 0.310915 0.001715 0.142506
1 0 0.087032 0.392515 0.350053 0.007020 0.163380
1 0 0.095945 0.360167 0.202965 0.006176 0.334746
4 0 0.273212 0.159581 0.091698 0.009820 0.465689
0 0 0.453085 0.190816 0.054668 0.001128 0.300303
1 1 0.086137 0.381007 0.174189 0.000808 0.357859
1 1 0.067074 0.355385 0.226438 0.001225 0.349878
2 1 0.019265 0.129992 0.577611 0.147981 0.125151
2 1 0.013252 0.118930 0.674747 0.081353 0.111717
2 2 0.029011 0.159485 0.520293 0.078612 0.212598
2 2 0.026773 0.197274 0.548512 0.071774 0.155667
2 2 0.013714 0.113896 0.673040 0.101819 0.097530
2 2 0.018586 0.052873 0.701898 0.219105 0.007538
2 2 0.018537 0.042963 0.571986 0.359122 0.007393
2 2 0.006072 0.020574 0.658810 0.312194 0.002350
2 2 0.008028 0.019510 0.577946 0.392093 0.002422
2 2 0.047418 0.077725 0.712173 0.147747 0.014937
2 2 0.079389 0.071976 0.589294 0.249653 0.009688
2 3 0.017077 0.029791 0.559093 0.390210 0.003829
2 3 0.009018 0.009507 0.534993 0.446026 0.000456
3 3 0.022063 0.016174 0.467730 0.493150 0.000882
2 3 0.031956 0.039340 0.562443 0.360456 0.005805
3 3 0.007464 0.002908 0.171150 0.818304 0.000175
3 3 0.006602 0.002739 0.176239 0.814256 0.000163
3 3 0.009780 0.004498 0.193707 0.791651 0.000365
3 3 0.007805 0.002438 0.143634 0.845975 0.000147
3 3 0.005287 0.002751 0.222048 0.769764 0.000151
3 3 0.002800 0.002322 0.195423 0.799237 0.000217
3 3 0.001399 0.001106 0.154748 0.842658 0.000089
3 3 0.012060 0.003578 0.169263 0.814896 0.000203
3 3 0.004678 0.001912 0.170348 0.822969 0.000093
3 3 0.003113 0.001675 0.142401 0.852638 0.000172
3 3 0.004594 0.000655 0.035700 0.958954 0.000097
3 3 0.009200 0.001122 0.041162 0.948362 0.000154
3 3 0.009015 0.001646 0.052167 0.936887 0.000286
3 3 0.004726 0.000503 0.030012 0.964695 0.000065
3 3 0.003244 0.000473 0.030316 0.965877 0.000091
3 3 0.001747 0.000612 0.076395 0.921200 0.000046
3 3 0.002564 0.000638 0.066887 0.929866 0.000044
3 3 0.002226 0.000570 0.053100 0.944044 0.000059
3 3 0.000921 0.000351 0.050522 0.948160 0.000047
3 3 0.001669 0.000590 0.046412 0.951216 0.000112
3 3 0.000976 0.000385 0.048932 0.949658 0.000049
3 3 0.004067 0.001628 0.115256 0.878899 0.000150
3 3 0.001352 0.000567 0.060977 0.937023 0.000080
3 3 0.000208 0.000058 0.022128 0.977600 0.000006
3 3 0.002988 0.000800 0.069932 0.926220 0.000060
3 3 0.001625 0.000381 0.045654 0.952310 0.000030
3 3 0.004625 0.001248 0.070775 0.923195 0.000157
3 3 0.001694 0.000621 0.081372 0.916269 0.000043
3 3 0.000780 0.000153 0.026886 0.972167 0.000015
3 3 0.002178 0.000335 0.032146 0.965308 0.000032
3 3 0.006148 0.000711 0.031810 0.961193 0.000138
3 3 0.001896 0.000180 0.019645 0.978254 0.000025
3 3 0.005169 0.000770 0.035776 0.958128 0.000157
3 3 0.004327 0.000422 0.023897 0.971258 0.000096
3 3 0.003860 0.000346 0.021248 0.974463 0.000084
3 3 0.001151 0.000378 0.074113 0.924338 0.000019
3 3 0.002124 0.000411 0.040996 0.956434 0.000035
3 3 0.004216 0.001249 0.089287 0.905134 0.000114
3 3 0.003264 0.000817 0.087525 0.908354 0.000040
3 3 0.001980 0.000373 0.039189 0.958426 0.000032
3 3 0.000672 0.000100 0.015978 0.983221 0.000030
3 3 0.003516 0.000656 0.039410 0.956317 0.000101
3 3 0.004230 0.000775 0.036951 0.957847 0.000197
3 3 0.001515 0.000398 0.032084 0.965878 0.000126
3 3 0.002446 0.000306 0.024466 0.972723 0.000059
3 3 0.003688 0.000562 0.029927 0.965663 0.000161
3 3 0.002508 0.000279 0.024640 0.972537 0.000037
3 3 0.007684 0.000770 0.030512 0.960876 0.000158
3 3 0.007710 0.001260 0.037558 0.952959 0.000513
3 3 0.003278 0.000638 0.033062 0.962803 0.000219
3 3 0.009244 0.001123 0.030583 0.958486 0.000565
3 3 0.003177 0.000437 0.026552 0.969715 0.000120
3 3 0.007636 0.001622 0.041563 0.948202 0.000978
3 3 0.008298 0.002619 0.052640 0.934174 0.002270
3 3 0.010020 0.004573 0.076584 0.905577 0.003246
3 3 0.056942 0.055780 0.350159 0.517549 0.019571
3 3 0.056800 0.034839 0.275902 0.612077 0.020383
3 3 0.028254 0.037561 0.223275 0.682095 0.028815
3 3 0.012852 0.007532 0.118028 0.858539 0.003050
3 3 0.006915 0.021632 0.286194 0.663703 0.021556
3 3 0.001363 0.004051 0.341814 0.651903 0.000869
3 3 0.002412 0.010098 0.446088 0.538970 0.002433
2 3 0.005668 0.028907 0.494363 0.458826 0.012235
3 3 0.002707 0.012410 0.421383 0.558745 0.004756
2 3 0.001129 0.010827 0.541776 0.442744 0.003524
3 3 0.001060 0.003766 0.374540 0.619903 0.000730
3 3 0.000939 0.002841 0.337336 0.658325 0.000559
3 3 0.001334 0.002825 0.295878 0.699534 0.000429
3 3 0.004527 0.006165 0.312488 0.675994 0.000825
3 3 0.001395 0.002593 0.299264 0.696452 0.000296
3 3 0.007509 0.012080 0.273097 0.703451 0.003863
3 3 0.003522 0.004573 0.299980 0.691412 0.000513
3 3 0.001278 0.001677 0.216468 0.780367 0.000209
3 3 0.001331 0.001961 0.187001 0.809366 0.000341
3 3 0.006745 0.008571 0.237793 0.744588 0.002303
3 3 0.000411 0.000958 0.189600 0.808875 0.000157
3 3 0.000135 0.000588 0.214167 0.785006 0.000105
3 3 0.000742 0.001590 0.218091 0.779347 0.000231
3 3 0.002330 0.003671 0.236666 0.756837 0.000496
3 3 0.000501 0.001384 0.187944 0.809778 0.000393
2 3 0.016236 0.073284 0.517122 0.265744 0.127614
2 2 0.050284 0.325845 0.396785 0.046356 0.180731
2 2 0.041777 0.179911 0.385692 0.206031 0.186589
2 2 0.055502 0.323332 0.373240 0.056941 0.190986
2 2 0.050553 0.325460 0.391237 0.043855 0.188895
2 2 0.040036 0.268118 0.455623 0.056945 0.179278
2 2 0.023273 0.115593 0.511636 0.192738 0.156760
2 2 0.023775 0.149046 0.540289 0.145910 0.140980
2 2 0.009829 0.057912 0.475684 0.397506 0.059069
2 2 0.025185 0.176511 0.557238 0.106571 0.134495
4 2 0.075380 0.282650 0.206068 0.003449 0.432453
4 2 0.070816 0.306154 0.243621 0.005384 0.374024
1 2 0.075140 0.401754 0.209437 0.000694 0.312976
1 2 0.063767 0.413039 0.203822 0.000261 0.319112
4 2 0.169385 0.108175 0.069401 0.003911 0.649128
4 2 0.188376 0.206697 0.106519 0.005893 0.492515
1 2 0.176042 0.400435 0.296015 0.003424 0.124084
1 2 0.083883 0.406313 0.300890 0.002895 0.206020
1 2 0.042472 0.420646 0.303340 0.000465 0.233077
1 2 0.062721 0.390006 0.278573 0.003252 0.265447
1 2 0.032776 0.412154 0.364327 0.000586 0.190157
1 2 0.051093 0.422737 0.253821 0.000318 0.272030
1 2 0.067018 0.457698 0.298672 0.000157 0.176455
1 2 0.196601 0.411789 0.168149 0.000336 0.223124
1 2 0.057594 0.437761 0.339491 0.000403 0.164750
1 2 0.171139 0.467475 0.271051 0.000055 0.090280
1 1 0.075751 0.485168 0.276791 0.000039 0.162251
1 1 0.053109 0.420891 0.305855 0.000727 0.219418
1 1 0.033774 0.427340 0.331768 0.000255 0.206863
1 1 0.036493 0.413024 0.346156 0.000666 0.203662
1 1 0.033476 0.428390 0.331206 0.000236 0.206692
1 1 0.035398 0.446784 0.283478 0.000073 0.234267
1 1 0.037670 0.465019 0.222332 0.000013 0.274966
1 1 0.048240 0.465381 0.256602 0.000041 0.229736
1 1 0.037961 0.472835 0.258599 0.000018 0.230586
4 1 0.079634 0.389653 0.114840 0.000030 0.415843
4 1 0.082567 0.377680 0.145210 0.000188 0.394355
4 1 0.124831 0.181973 0.058881 0.000375 0.633941
4 1 0.085177 0.376975 0.100804 0.000025 0.437019
4 1 0.106687 0.141078 0.068088 0.002061 0.682086
1 1 0.111274 0.467002 0.220540 0.000072 0.201112
1 1 0.143410 0.450671 0.180815 0.000075 0.225028
1 1 0.151174 0.475071 0.209486 0.000040 0.164229
1 1 0.139434 0.403708 0.239663 0.002481 0.214715
1 1 0.073960 0.390981 0.213346 0.001135 0.320579
4 1 0.157155 0.350155 0.075496 0.000031 0.417164
4 1 0.139727 0.307381 0.065868 0.000055 0.486969
4 0 0.135415 0.261528 0.114563 0.002803 0.485691
4 0 0.227679 0.188833 0.054285 0.000492 0.528711
1 0 0.281902 0.358911 0.101861 0.000189 0.257137
4 1 0.106915 0.198172 0.106630 0.003610 0.584673
4 1 0.093280 0.237577 0.148766 0.004022 0.516355
1 1 0.203869 0.392900 0.190381 0.001545 0.211305
1 1 0.323811 0.349210 0.125716 0.000829 0.200434
4 1 0.107784 0.287142 0.137016 0.002449 0.465609
4 0 0.410403 0.124696 0.041839 0.000843 0.422218
4 0 0.380192 0.159382 0.042081 0.000433 0.417912
4 0 0.244404 0.308779 0.062753 0.000098 0.383966
0 0 0.338122 0.280629 0.062425 0.000414 0.318410
0 0 0.494562 0.175774 0.025021 0.000020 0.304622
4 0 0.138892 0.292354 0.179046 0.010095 0.379613
1 0 0.113110 0.350442 0.231035 0.021222 0.284192
1 0 0.103210 0.374459 0.250754 0.009355 0.262222
1 0 0.225088 0.437195 0.183142 0.000103 0.154471
1 0 0.132188 0.407697 0.232743 0.001790 0.225581
1 0 0.208791 0.387515 0.124432 0.000195 0.279067
0 0 0.483578 0.291985 0.064162 0.000057 0.160220
1 0 0.225476 0.392333 0.106895 0.000057 0.275239
4 0 0.183783 0.273976 0.112096 0.001381 0.428764
1 0 0.216389 0.341255 0.141874 0.004415 0.296067
4 0 0.139016 0.278511 0.169946 0.022121 0.390406
0 0 0.410164 0.271023 0.091057 0.003089 0.224667
4 1 0.100918 0.263679 0.119296 0.001024 0.515083
4 1 0.095427 0.260119 0.154410 0.003707 0.486337
1 1 0.150250 0.370236 0.172240 0.002756 0.304517
4 1 0.085485 0.180066 0.121855 0.003165 0.609429
1 1 0.116122 0.366059 0.291242 0.022279 0.204299
1 1 0.056315 0.389651 0.306420 0.003759 0.243855
4 1 0.057390 0.220674 0.230076 0.004278 0.487582
1 1 0.062676 0.377704 0.302869 0.007673 0.249078
2 1 0.042013 0.358164 0.407678 0.014942 0.177204
1 1 0.109311 0.382416 0.380611 0.010255 0.117407
2 1 0.056914 0.375926 0.392331 0.009987 0.164842
1 1 0.078005 0.394090 0.269528 0.003404 0.254973
1 1 0.079015 0.370723 0.338636 0.017530 0.194097
4 1 0.126163 0.096265 0.077203 0.007853 0.692516
4 1 0.058049 0.039851 0.034149 0.002353 0.865598
1 1 0.311292 0.311342 0.090282 0.001004 0.286079
4 1 0.113230 0.356389 0.155349 0.002029 0.373002
1 1 0.214550 0.348926 0.175397 0.009269 0.251859
1 1 0.077526 0.419476 0.145875 0.000039 0.357084
1 1 0.312367 0.398328 0.092445 0.000010 0.196850
4 1 0.101746 0.238195 0.102559 0.000751 0.556749
4 0 0.222397 0.101427 0.072056 0.009286 0.594834
4 0 0.185204 0.093902 0.062396 0.005406 0.653092
0 0 0.677090 0.074241 0.024634 0.000738 0.223296
0 0 0.430651 0.147288 0.048204 0.001102 0.372755
4 0 0.124971 0.320909 0.136051 0.003987 0.414082
4 0 0.174875 0.129115 0.072542 0.004396 0.619071
0 0 0.487218 0.264416 0.064966 0.000415 0.182986
4 0 0.123859 0.118963 0.033088 0.000151 0.723939
0 0 0.540221 0.054887 0.028109 0.001785 0.374998
4 0 0.436520 0.053306 0.030207 0.001999 0.477969
4 0 0.282299 0.084265 0.024592 0.000167 0.608677
4 1 0.136921 0.204668 0.041450 0.000044 0.616917
4 1 0.073058 0.057399 0.024480 0.000229 0.844834
4 1 0.158446 0.033208 0.030259 0.003537 0.774550
4 1 0.072764 0.070757 0.054067 0.003972 0.798439
4 1 0.091255 0.098920 0.050334 0.001310 0.758181
4 1 0.099799 0.114479 0.040105 0.000272 0.745345
4 1 0.083093 0.161157 0.050700 0.000037 0.705013
4 1 0.063424 0.054701 0.045758 0.003651 0.832465
4 1 0.108773 0.234199 0.080435 0.000317 0.576276
4 1 0.107307 0.138886 0.053437 0.000621 0.699748
4 1 0.107785 0.185853 0.069965 0.000498 0.635898
4 1 0.083574 0.157277 0.055666 0.000074 0.703409
4 1 0.198007 0.299234 0.090471 0.001218 0.411071
4 1 0.252400 0.260904 0.044196 0.000048 0.442451
4 4 0.169433 0.297442 0.064742 0.000118 0.468264
4 4 0.136061 0.099779 0.030790 0.000184 0.733185
4 4 0.120219 0.176014 0.029759 0.000014 0.673993
4 4 0.105681 0.287819 0.035273 0.000001 0.571226
4 4 0.110296 0.182089 0.036135 0.000018 0.671463
4 4 0.093007 0.125500 0.020915 0.000003 0.760574
4 4 0.189063 0.143410 0.012518 0.000001 0.655008
1 4 0.146743 0.372180 0.166418 0.002021 0.312638
0 4 0.345911 0.332119 0.136663 0.002689 0.182618
1 4 0.303452 0.379167 0.156778 0.000548 0.160056
1 4 0.349746 0.367822 0.114286 0.000119 0.168027
1 0 0.235752 0.364413 0.178190 0.004265 0.217380
4 0 0.256660 0.173364 0.139170 0.053924 0.376883
4 0 0.216568 0.196951 0.092751 0.005144 0.488586
1 0 0.171199 0.340671 0.189364 0.019016 0.279749
0 0 0.380809 0.279908 0.105247 0.007724 0.226313
1 0 0.302141 0.323962 0.158263 0.012640 0.202994
4 0 0.200123 0.207735 0.059330 0.000430 0.532382
0 0 0.563026 0.138092 0.044845 0.001465 0.252572
0 0 0.694458 0.103430 0.031289 0.001046 0.169778
0 0 0.754629 0.051922 0.018193 0.000691 0.174565
4 0 0.263870 0.073745 0.041629 0.002196 0.618560
0 0 0.660649 0.079205 0.035325 0.002870 0.221951
4 0 0.327659 0.131541 0.062613 0.003423 0.474764
1 0 0.287899 0.335017 0.129028 0.002837 0.245220
1 0 0.323767 0.326722 0.104424 0.001002 0.244085
0 0 0.733594 0.075877 0.034081 0.002043 0.154404
0 0 0.631813 0.079041 0.056114 0.021348 0.211684
4 0 0.347304 0.058204 0.072438 0.012864 0.509189
4 0 0.364881 0.111206 0.086185 0.024768 0.412960
0 0 0.392824 0.250401 0.085885 0.003401 0.267489
0 0 0.845655 0.032803 0.014974 0.001699 0.104870
4 0 0.101912 0.081141 0.067740 0.003735 0.745472
4 0 0.075256 0.081351 0.090421 0.010535 0.742438
1 0 0.281588 0.307093 0.156341 0.029448 0.225531
1 1 0.251257 0.348791 0.209291 0.014767 0.175895
1 1 0.249076 0.367550 0.165429 0.002362 0.215584
4 1 0.107810 0.192696 0.113767 0.006614 0.579114
0 0 0.382180 0.202745 0.097882 0.010666 0.306527
0 0 0.559574 0.053925 0.035843 0.005742 0.344916
4 0 0.298653 0.063180 0.056013 0.013329 0.568824
0 0 0.678741 0.163942 0.053511 0.004543 0.099263
4 0 0.192655 0.041111 0.032983 0.003183 0.730068
4 0 0.121817 0.043600 0.030387 0.001516 0.802681
4 0 0.108217 0.151117 0.077181 0.003007 0.660479
4 0 0.117358 0.223950 0.071441 0.000343 0.586908
4 0 0.059050 0.042289 0.026038 0.000628 0.871995
4 0 0.094386 0.366371 0.101698 0.000052 0.437493
1 1 0.207563 0.415024 0.102016 0.000015 0.275382
4 0 0.141014 0.367593 0.083591 0.000024 0.407777
4 0 0.124345 0.122376 0.051869 0.000981 0.700430
4 0 0.212615 0.070562 0.029505 0.000486 0.686831
0 0 0.407283 0.272653 0.132223 0.028488 0.159353
0 0 0.385317 0.303051 0.196684 0.019136 0.095811
0 0 0.343100 0.310718 0.173399 0.021272 0.151512
4 0 0.185985 0.175056 0.164975 0.052541 0.421443
1 0 0.232981 0.307235 0.194062 0.038624 0.227098
4 0 0.144802 0.133909 0.083892 0.006846 0.630551
4 0 0.166315 0.091859 0.078529 0.014887 0.648410
4 0 0.121113 0.094590 0.093378 0.025365 0.665554
4 0 0.058181 0.041280 0.040228 0.004341 0.855971
4 0 0.067579 0.056737 0.036388 0.001070 0.838227
4 0 0.064664 0.044093 0.035241 0.002135 0.853868
4 0 0.066759 0.064324 0.030006 0.000183 0.838728
4 0 0.068426 0.029089 0.025878 0.001791 0.874816
4 0 0.054080 0.039658 0.033690 0.002189 0.870382
4 0 0.122689 0.151235 0.089485 0.006112 0.630478
1 0 0.104242 0.402786 0.209161 0.001113 0.282698
1 0 0.192833 0.351399 0.186684 0.005169 0.263915
4 0 0.076383 0.151449 0.097516 0.001175 0.673477
4 1 0.084425 0.173113 0.121943 0.003693 0.616825
4 1 0.075437 0.136487 0.107311 0.003543 0.677223
1 1 0.199909 0.392348 0.144862 0.000389 0.262492
4 1 0.102096 0.186657 0.099752 0.002078 0.609417
4 0 0.213235 0.105391 0.054190 0.002343 0.624841
4 0 0.302698 0.170824 0.081957 0.005479 0.439041
4 0 0.274701 0.124847 0.061290 0.003074 0.536087
0 0 0.524979 0.053480 0.013661 0.000081 0.407798
4 0 0.297257 0.084084 0.011772 0.000007 0.606878
4 0 0.271218 0.061107 0.012209 0.000019 0.655446
4 0 0.282083 0.076603 0.010866 0.000006 0.630441
0 0 0.568507 0.075350 0.008645 0.000005 0.347493
0 0 0.614116 0.187783 0.036171 0.000377 0.161553
0 0 0.746064 0.106481 0.028958 0.000969 0.117528
0 0 0.687495 0.155896 0.022744 0.000099 0.133766
0 0 0.856156 0.058516 0.016948 0.000854 0.067526
0 0 0.437942 0.228675 0.071732 0.002448 0.259203
4 0 0.087829 0.076976 0.023076 0.000080 0.812039
4 0 0.093431 0.113302 0.032011 0.000057 0.761198
4 0 0.112670 0.039090 0.018445 0.000230 0.829564
4 0 0.075053 0.065459 0.034548 0.000715 0.824225
4 0 0.147928 0.190146 0.029215 0.000009 0.632702
4 0 0.248588 0.272906 0.105564 0.003009 0.369933
1 0 0.234962 0.332848 0.133390 0.004652 0.294148
4 0 0.089737 0.153828 0.117615 0.009098 0.629721
1 0 0.196630 0.401950 0.208460 0.001443 0.191516
4 0 0.169554 0.204980 0.085083 0.002714 0.537670
2 0 0.132871 0.363397 0.372539 0.022318 0.108874
2 0 0.166065 0.361608 0.372806 0.015989 0.083533
2 0 0.068075 0.369173 0.395885 0.016050 0.150817
1 1 0.169702 0.364627 0.342172 0.018532 0.104967
2 1 0.056826 0.347972 0.356045 0.031972 0.207185
1 1 0.113926 0.393752 0.313721 0.007152 0.171449
1 1 0.172312 0.412350 0.321938 0.001327 0.092073
1 1 0.216478 0.369273 0.257483 0.011233 0.145533
1 0 0.113212 0.392563 0.263438 0.005249 0.225538
4 0 0.306562 0.210007 0.138682 0.016481 0.328268
0 0 0.699970 0.076264 0.027533 0.001250 0.194983
0 0 0.686392 0.102868 0.020976 0.000175 0.189589
0 0 0.768596 0.131062 0.012103 0.000002 0.088236
0 0 0.769422 0.128148 0.015171 0.000015 0.087245
0 0 0.510954 0.292694 0.047380 0.000004 0.148967
0 0 0.727601 0.133351 0.009863 0.000001 0.129185
0 0 0.561498 0.157675 0.012052 0.000001 0.268774
0 0 0.864362 0.051385 0.002496 0.000000 0.081757
0 0 0.587625 0.074737 0.017122 0.000108 0.320408
0 0 0.777159 0.052085 0.010495 0.000071 0.160189
0 0 0.675174 0.101875 0.019691 0.000129 0.203131
0 0 0.442464 0.186437 0.023407 0.000018 0.347673
0 0 0.602752 0.082238 0.017083 0.000088 0.297839
0 0 0.582897 0.198551 0.025725 0.000025 0.192801
4 0 0.317391 0.284650 0.058072 0.000206 0.339681
4 0 0.245741 0.199541 0.100434 0.007838 0.446446
0 0 0.391189 0.283568 0.068221 0.000474 0.256548
4 0 0.100394 0.120254 0.065290 0.002529 0.711534
4 0 0.093266 0.116671 0.045185 0.000298 0.744580
4 0 0.092898 0.111582 0.067572 0.003455 0.724493
4 0 0.077951 0.073347 0.042279 0.001279 0.805144
4 0 0.187887 0.302679 0.052282 0.000013 0.457139
4 0 0.111847 0.138113 0.049644 0.000564 0.699832
4 0 0.172151 0.188302 0.045067 0.000103 0.594377
4 0 0.156850 0.239389 0.086025 0.001292 0.516444
0 0 0.362315 0.314991 0.137310 0.006103 0.179281
0 0 0.323278 0.196895 0.150327 0.038882 0.290618
0 0 0.353986 0.276951 0.140067 0.020072 0.208923
1 0 0.189804 0.340654 0.204009 0.025439 0.240094
1 1 0.260569 0.377869 0.209648 0.002910 0.149004
1 1 0.263085 0.370856 0.137432 0.000686 0.227941
1 1 0.168152 0.406280 0.151842 0.000254 0.273472
4 1 0.094517 0.325153 0.128840 0.000393 0.451096
4 1 0.074178 0.079373 0.048223 0.001143 0.797082
4 1 0.091245 0.168616 0.087423 0.001040 0.651675
4 1 0.172655 0.070194 0.021867 0.000121 0.735162
4 1 0.187504 0.052472 0.026782 0.000661 0.732580
4 0 0.081121 0.073470 0.026984 0.000149 0.818277
4 0 0.121199 0.047534 0.023591 0.000403 0.807273
4 0 0.335685 0.060116 0.023151 0.000359 0.580690
1 0 0.257104 0.332475 0.094543 0.000506 0.315372
4 0 0.114842 0.240383 0.149850 0.006669 0.488256
0 0 0.423458 0.290340 0.097786 0.002201 0.186214
4 0 0.313177 0.155295 0.074624 0.004708 0.452196
0 0 0.442198 0.147302 0.064542 0.004155 0.341803
1 0 0.317775 0.364037 0.202944 0.002222 0.113022
1 0 0.263961 0.388168 0.188014 0.001117 0.158740
1 0 0.276069 0.351772 0.147206 0.002544 0.222409
1 0 0.268109 0.352541 0.177230 0.006149 0.195971
4 0 0.249212 0.131561 0.068518 0.004082 0.546627
0 0 0.517708 0.235789 0.064038 0.001988 0.180477
0 0 0.574608 0.155025 0.039124 0.000647 0.230596
4 0 0.294299 0.151318 0.062948 0.002243 0.489192
0 0 0.336353 0.299493 0.074191 0.000461 0.289501
4 0 0.345280 0.064514 0.034076 0.001616 0.554514
1 0 0.112313 0.363108 0.284364 0.017905 0.222310
1 0 0.343058 0.359004 0.204676 0.001581 0.091681
1 0 0.188273 0.404530 0.309050 0.001892 0.096254
1 0 0.140052 0.380277 0.334262 0.012615 0.132793
1 0 0.115038 0.323978 0.291925 0.082522 0.186537
1 0 0.255855 0.304389 0.241999 0.020525 0.177232
1 0 0.320344 0.362377 0.247699 0.001651 0.067929
1 0 0.146237 0.371044 0.356714 0.016084 0.109921
1 1 0.321727 0.350656 0.247922 0.004014 0.075681
1 1 0.131779 0.369742 0.329748 0.021134 0.147597
4 1 0.154626 0.322211 0.185482 0.005658 0.332024
1 1 0.246026 0.359221 0.248207 0.012635 0.133911
1 1 0.131641 0.394245 0.318260 0.006846 0.149008
1 1 0.070689 0.380511 0.311936 0.008732 0.228132
1 1 0.125849 0.422257 0.301754 0.001526 0.148614
2 1 0.049452 0.341164 0.396937 0.025126 0.187322
2 1 0.085509 0.391001 0.404582 0.005447 0.113462
1 1 0.146806 0.385218 0.357255 0.007671 0.103050
1 1 0.049373 0.385539 0.375406 0.005177 0.184506
2 1 0.049030 0.356795 0.380430 0.019782 0.193963
1 1 0.043963 0.381456 0.370001 0.005211 0.199369
1 1 0.040019 0.387451 0.373927 0.003025 0.195578
2 2 0.037053 0.376441 0.405101 0.004979 0.176426
2 2 0.039053 0.353510 0.404798 0.007351 0.195287
2 2 0.046229 0.250434 0.424566 0.046958 0.231813
2 2 0.027792 0.213608 0.566131 0.054268 0.138200
2 2 0.024806 0.358465 0.480318 0.004061 0.132350
2 2 0.022829 0.281892 0.574809 0.017483 0.102987
2 2 0.014533 0.164220 0.702924 0.033151 0.085173
2 2 0.016794 0.243529 0.639092 0.014992 0.085593
2 2 0.040595 0.232970 0.650133 0.028963 0.047339
2 2 0.049214 0.275547 0.582341 0.026001 0.066897
2 2 0.030096 0.218911 0.655717 0.039892 0.055384
2 2 0.008133 0.132263 0.781275 0.043868 0.034462
2 3 0.004175 0.083730 0.843130 0.051190 0.017774
2 3 0.007457 0.097526 0.752438 0.113628 0.028952
2 3 0.003724 0.045002 0.862146 0.083948 0.005180
2 3 0.001069 0.025140 0.863257 0.104251 0.006284
2 3 0.006666 0.098814 0.780205 0.088798 0.025517
2 3 0.001740 0.027353 0.782648 0.180627 0.007632
2 3 0.002974 0.058746 0.859360 0.066537 0.012382
2 3 0.001098 0.023925 0.858745 0.111490 0.004742
2 3 0.001858 0.033911 0.833572 0.121873 0.008786
2 3 0.002672 0.032869 0.772652 0.182976 0.008831
2 3 0.001047 0.020932 0.798952 0.173057 0.006012
2 3 0.000422 0.004527 0.549854 0.444206 0.000991
3 3 0.000918 0.005833 0.494595 0.497509 0.001145
3 3 0.002358 0.004580 0.422404 0.570333 0.000325
3 3 0.000957 0.003979 0.412151 0.582282 0.000632
3 3 0.001454 0.007754 0.428977 0.559633 0.002182
3 3 0.004470 0.006609 0.275622 0.711903 0.001396
3 3 0.006381 0.005185 0.282904 0.705132 0.000397
3 3 0.002716 0.004325 0.288883 0.703473 0.000603
3 3 0.002139 0.002673 0.248343 0.746551 0.000295
3 3 0.006346 0.003835 0.211203 0.778324 0.000292
3 3 0.000755 0.000761 0.188756 0.809686 0.000042
3 3 0.001244 0.001453 0.178787 0.818354 0.000163
3 3 0.001937 0.001364 0.190795 0.805822 0.000082
3 3 0.001140 0.001442 0.219003 0.778272 0.000142
3 3 0.000416 0.000703 0.159387 0.839393 0.000101
3 3 0.001967 0.001013 0.109182 0.887739 0.000099
3 3 0.001864 0.000708 0.073691 0.923666 0.000071
3 3 0.001647 0.000731 0.081841 0.915709 0.000072
3 3 0.003260 0.001380 0.124793 0.870475 0.000093
3 3 0.001062 0.000581 0.087114 0.911185 0.000058
3 3 0.002530 0.000617 0.037267 0.959411 0.000175
3 3 0.000811 0.000297 0.035118 0.963703 0.000071
3 3 0.002586 0.000569 0.039626 0.957129 0.000091
3 3 0.002867 0.001233 0.055532 0.939910 0.000459
3 3 0.001093 0.000240 0.028396 0.970227 0.000044
3 3 0.001892 0.000430 0.047968 0.949676 0.000033
3 3 0.002068 0.000900 0.072973 0.923936 0.000123
3 3 0.000899 0.000404 0.055911 0.942734 0.000052
3 3 0.001267 0.000679 0.076739 0.921222 0.000092
3 3 0.002234 0.001322 0.102374 0.893869 0.000201
3 3 0.001726 0.000629 0.072992 0.924601 0.000051
3 3 0.000896 0.000515 0.062522 0.935970 0.000096
3 3 0.001285 0.000581 0.077505 0.920572 0.000057
3 3 0.000535 0.000301 0.064253 0.934884 0.000028
3 3 0.000875 0.000206 0.030437 0.968458 0.000025
3 3 0.001979 0.000559 0.039798 0.957533 0.000131
3 3 0.002664 0.000430 0.029009 0.967794 0.000103
3 3 0.004955 0.000852 0.038842 0.955170 0.000181
3 3 0.003453 0.000512 0.030672 0.965254 0.000109
3 3 0.001638 0.000332 0.032308 0.965674 0.000049
3 3 0.000594 0.000187 0.043027 0.956179 0.000013
3 3 0.000988 0.000379 0.049896 0.948690 0.000047
3 3 0.001964 0.000454 0.052349 0.945202 0.000032
3 3 0.000471 0.000267 0.063685 0.935551 0.000026
3 3 0.000627 0.000244 0.051558 0.947552 0.000020
3 3 0.000746 0.000210 0.031903 0.967113 0.000029
3 3 0.003375 0.000900 0.058022 0.937593 0.000111
3 3 0.001347 0.000393 0.050055 0.948173 0.000033
3 3 0.000288 0.000139 0.045760 0.953800 0.000013
3 3 0.001865 0.000515 0.059619 0.937960 0.000042
3 3 0.001439 0.000450 0.038812 0.959198 0.000100
3 3 0.001660 0.000462 0.038505 0.959281 0.000092
3 3 0.000950 0.000220 0.030940 0.967864 0.000027
3 3 0.001086 0.000279 0.033656 0.964939 0.000040
3 3 0.000605 0.000143 0.023988 0.975235 0.000028
3 3 0.000864 0.000195 0.027643 0.971268 0.000031
3 3 0.000608 0.000188 0.030188 0.968983 0.000032
3 3 0.001744 0.000288 0.026913 0.971001 0.000054
3 3 0.001704 0.000445 0.034813 0.962923 0.000116
3 3 0.001062 0.000248 0.029697 0.968950 0.000043
3 3 0.001193 0.000412 0.047921 0.950421 0.000053
3 3 0.000417 0.000297 0.062861 0.936382 0.000043
3 3 0.000447 0.000136 0.033830 0.965577 0.000010
3 3 0.000693 0.000367 0.050768 0.948104 0.000068
3 3 0.000365 0.000162 0.046282 0.953177 0.000014
3 3 0.001229 0.000480 0.047111 0.951098 0.000081
3 3 0.000250 0.000063 0.021219 0.978461 0.000007
3 3 0.000998 0.000169 0.026290 0.972526 0.000016
3 3 0.001324 0.000308 0.031520 0.966790 0.000058
3 3 0.001705 0.000480 0.047956 0.949803 0.000056
3 3 0.001686 0.000214 0.018394 0.979621 0.000085
3 3 0.001943 0.000283 0.022037 0.975638 0.000100
3 3 0.003474 0.000355 0.019035 0.976955 0.000181
3 3 0.001055 0.000200 0.022113 0.976568 0.000064
3 3 0.001887 0.000315 0.023488 0.974187 0.000124
3 3 0.000618 0.000119 0.018122 0.981100 0.000041
3 3 0.000937 0.000292 0.028078 0.970556 0.000137
3 3 0.001094 0.000372 0.034672 0.963744 0.000118
3 3 0.001069 0.000190 0.020418 0.978251 0.000071
3 3 0.001676 0.000327 0.027445 0.970461 0.000091
3 3 0.000837 0.000268 0.029808 0.968997 0.000089
3 3 0.000535 0.000129 0.020570 0.978723 0.000043
3 3 0.001318 0.000262 0.023294 0.975015 0.000110
3 3 0.002454 0.000571 0.036476 0.960354 0.000145
3 3 0.001549 0.000457 0.033384 0.964427 0.000183
3 3 0.000594 0.000174 0.024749 0.974427 0.000057
3 3 0.000897 0.000121 0.019344 0.979619 0.000018
3 3 0.002105 0.000437 0.033610 0.963760 0.000087
3 3 0.000505 0.000260 0.033046 0.966069 0.000120
3 3 0.000964 0.000177 0.023624 0.975203 0.000033
3 3 0.001191 0.000172 0.016352 0.982186 0.000100
3 3 0.002361 0.000488 0.031015 0.965973 0.000162
3 3 0.002301 0.000303 0.019278 0.977940 0.000178
3 3 0.004288 0.001282 0.040194 0.953105 0.001130
3 3 0.003082 0.001607 0.051232 0.942293 0.001785
3 3 0.001156 0.002199 0.206641 0.789473 0.000531
3 3 0.000538 0.001610 0.293094 0.704493 0.000265
3 3 0.000524 0.002035 0.268307 0.728615 0.000519
3 3 0.000211 0.001566 0.299416 0.698260 0.000548
3 3 0.000193 0.001219 0.287411 0.710836 0.000341
2 3 0.001236 0.020269 0.756154 0.213593 0.008748
2 3 0.001812 0.021992 0.632323 0.332506 0.011367
2 3 0.002689 0.015080 0.490590 0.486241 0.005400
2 3 0.021288 0.128499 0.575369 0.214822 0.060023
2 3 0.062631 0.260147 0.505920 0.083389 0.087913
2 3 0.016291 0.100859 0.545149 0.268158 0.069544
2 3 0.011532 0.090218 0.614584 0.222571 0.061095
2 3 0.013665 0.101096 0.596199 0.219173 0.069867
2 3 0.027525 0.216144 0.565773 0.097033 0.093525
2 3 0.010762 0.090272 0.624884 0.224639 0.049442
2 2 0.001466 0.023350 0.735532 0.231243 0.008409
2 2 0.007671 0.080036 0.687270 0.191873 0.033150
2 2 0.004608 0.029141 0.611902 0.345550 0.008799
2 2 0.002586 0.020890 0.627963 0.342005 0.006556
2 2 0.001436 0.012809 0.642367 0.340391 0.002997
2 2 0.000756 0.011956 0.637731 0.344775 0.004782
2 2 0.003107 0.039965 0.695450 0.247463 0.014015
2 2 0.000908 0.011477 0.584445 0.398525 0.004645
2 2 0.000798 0.011643 0.622184 0.361751 0.003624
2 2 0.000995 0.010889 0.577145 0.407579 0.003393
2 2 0.002382 0.020881 0.557170 0.408202 0.011364
2 2 0.003686 0.023839 0.635489 0.330950 0.006036
2 2 0.009068 0.024746 0.578634 0.383827 0.003726
2 2 0.005864 0.064833 0.700712 0.201000 0.027592
2 2 0.001656 0.015719 0.631207 0.347021 0.004397
2 2 0.006457 0.057241 0.630112 0.269538 0.036653
2 2 0.003112 0.040537 0.750160 0.186041 0.020150
2 2 0.003744 0.042054 0.679692 0.253859 0.020650
2 2 0.031521 0.193678 0.589220 0.118839 0.066741
0 2 0.478275 0.234825 0.213234 0.011477 0.062189
2 2 0.188186 0.325486 0.358783 0.044709 0.082836
1 2 0.157233 0.366663 0.361190 0.016596 0.098318
2 2 0.045378 0.334766 0.424069 0.030506 0.165281
2 2 0.033951 0.266993 0.506209 0.050790 0.142057
2 2 0.030824 0.294712 0.519525 0.029282 0.125657
2 2 0.003965 0.044699 0.688130 0.241455 0.021751
2 2 0.004934 0.059302 0.739679 0.168812 0.027273
2 2 0.001289 0.022239 0.758494 0.210526 0.007452
2 2 0.001221 0.017811 0.666954 0.306613 0.007401
2 2 0.009872 0.109027 0.714245 0.124276 0.042580
2 2 0.023661 0.218976 0.600151 0.069930 0.087281
2 2 0.007116 0.092535 0.769354 0.094092 0.036903
2 2 0.004281 0.045331 0.669576 0.256714 0.024098
2 2 0.010205 0.095409 0.669750 0.175919 0.048717
2 2 0.003665 0.045678 0.738032 0.190662 0.021963
2 2 0.000414 0.014565 0.902115 0.080608 0.002299
2 2 0.001379 0.030744 0.850677 0.110349 0.006850
2 2 0.001638 0.042909 0.892082 0.055488 0.007882
2 2 0.000131 0.005956 0.892146 0.100944 0.000823
2 2 0.000251 0.008483 0.853777 0.135938 0.001552
2 2 0.001121 0.024823 0.855131 0.111806 0.007119
2 2 0.000662 0.023071 0.922178 0.050430 0.003658
2 2 0.001427 0.030737 0.835019 0.126244 0.006571
2 2 0.001068 0.024005 0.838248 0.131034 0.005645
2 2 0.000821 0.025214 0.901920 0.067968 0.004077
2 2 0.018422 0.226131 0.645560 0.032144 0.077744
2 2 0.049651 0.201087 0.655323 0.056891 0.037048
1 0 0.294817 0.348455 0.268751 0.008074 0.079903
1 2 0.239219 0.330854 0.317235 0.028449 0.084242
2 2 0.088754 0.362911 0.457964 0.010290 0.080080
2 2 0.026904 0.235861 0.567868 0.056934 0.112432
2 2 0.031917 0.238959 0.522158 0.067321 0.139645
2 2 0.020608 0.126482 0.589522 0.100665 0.162722
2 2 0.016421 0.125424 0.622382 0.122376 0.113398
2 2 0.010219 0.069567 0.585671 0.253943 0.080600
2 2 0.000481 0.010014 0.708828 0.277824 0.002854
2 2 0.000565 0.014824 0.836046 0.145413 0.003151
2 2 0.000094 0.003127 0.698979 0.297213 0.000586
2 2 0.000172 0.004486 0.650861 0.343498 0.000983
2 2 0.000111 0.003887 0.770685 0.224552 0.000764
2 2 0.006439 0.095589 0.794395 0.071550 0.032028
2 2 0.015375 0.180225 0.700275 0.049222 0.054903
2 2 0.013265 0.183130 0.710230 0.037327 0.056048
2 2 0.051347 0.305202 0.542668 0.019859 0.080924
0 2 0.362897 0.326049 0.203174 0.002224 0.105657
1 2 0.168055 0.365756 0.307669 0.021051 0.137470
1 2 0.057110 0.365319 0.341119 0.015255 0.221197
1 2 0.058686 0.385457 0.379734 0.006629 0.169494
1 2 0.048749 0.379473 0.354167 0.006563 0.211048
1 2 0.050797 0.395211 0.318526 0.002646 0.232819
1 2 0.098402 0.372416 0.302829 0.016744 0.209610
1 2 0.175000 0.361533 0.184440 0.005611 0.273416
0 0 0.352212 0.319185 0.151836 0.008271 0.168495
1 0 0.334880 0.340925 0.150938 0.002904 0.170354
1 0 0.164381 0.370654 0.277130 0.016724 0.171111
1 0 0.264197 0.328646 0.267903 0.031771 0.107483
1 0 0.209763 0.324538 0.311074 0.057287 0.097338
1 0 0.169514 0.359052 0.336903 0.024332 0.110200
2 0 0.100156 0.260974 0.391740 0.083178 0.163952
2 1 0.123740 0.345814 0.352176 0.047225 0.131045
1 1 0.124838 0.373773 0.351096 0.017281 0.133012
1 1 0.123389 0.385236 0.321029 0.010923 0.159423
1 1 0.271358 0.356504 0.279158 0.008051 0.084928
1 0 0.187343 0.311596 0.284566 0.092245 0.124251
1 0 0.131472 0.341643 0.272335 0.048714 0.205837
0 0 0.311216 0.258978 0.128708 0.014503 0.286595
0 0 0.570714 0.150918 0.063055 0.005781 0.209532
0 4 0.415069 0.219715 0.134882 0.055434 0.174901
1 4 0.327742 0.331072 0.180272 0.010445 0.150469
0 4 0.413884 0.262359 0.137671 0.044285 0.141802
4 4 0.139992 0.149176 0.120845 0.026261 0.563727
4 4 0.241747 0.127628 0.098128 0.021544 0.510953
4 4 0.177752 0.177187 0.139284 0.037951 0.467825
4 4 0.120044 0.208302 0.105663 0.005648 0.560343
4 4 0.186064 0.145474 0.113955 0.020706 0.533801
1 4 0.034151 0.413714 0.362314 0.000586 0.189235
1 4 0.039335 0.400391 0.356918 0.001548 0.201808
1 4 0.035537 0.412571 0.351266 0.000657 0.199970
2 4 0.045064 0.364538 0.383525 0.010354 0.196519
1 4 0.042906 0.397883 0.393798 0.002077 0.163336
1 4 0.098051 0.399435 0.367737 0.004717 0.130061
1 4 0.092942 0.426040 0.365088 0.000983 0.114948
1 4 0.154716 0.431118 0.320427 0.000540 0.093199
1 4 0.141315 0.477645 0.272822 0.000051 0.108167
1 4 0.045022 0.436407 0.325093 0.000278 0.193200
2 4 0.059748 0.403609 0.405654 0.002170 0.128819
2 4 0.035773 0.369591 0.419836 0.006439 0.168361
2 4 0.034809 0.391310 0.399094 0.002014 0.172772
2 4 0.042973 0.371546 0.388212 0.008352 0.188918
1 4 0.212353 0.318377 0.235073 0.006578 0.227619
4 4 0.127496 0.256992 0.195437 0.031482 0.388593
1 4 0.239790 0.345068 0.231907 0.023481 0.159754
1 4 0.082479 0.402514 0.349389 0.004041 0.161577
1 4 0.123644 0.417345 0.293063 0.001977 0.163972
1 4 0.094137 0.408903 0.287455 0.002584 0.206921
1 4 0.149311 0.406490 0.363379 0.001592 0.079229
1 4 0.125089 0.398526 0.367657 0.004115 0.104614
2 4 0.055528 0.372842 0.406411 0.010751 0.154469
2 4 0.068702 0.387474 0.395645 0.006612 0.141566
2 4 0.077082 0.289619 0.394734 0.040208 0.198358
1 1 0.195423 0.335276 0.230148 0.041936 0.197216
0 1 0.360137 0.288330 0.118078 0.011616 0.221838
1 4 0.261757 0.332734 0.187541 0.020528 0.197440
1 4 0.170388 0.431898 0.246143 0.000544 0.151027
1 4 0.216354 0.377611 0.272017 0.007456 0.126563
2 4 0.045159 0.355292 0.426011 0.017641 0.155896
2 4 0.042054 0.331469 0.432170 0.029625 0.164682
2 4 0.038670 0.336172 0.462895 0.019171 0.143092
2 4 0.072860 0.373305 0.415370 0.012254 0.126210
0 4 0.367188 0.311069 0.222392 0.017208 0.082144
0 4 0.454776 0.216871 0.087065 0.005782 0.235506
0 0 0.475671 0.284650 0.108124 0.002170 0.129385
1 0 0.256627 0.370009 0.228004 0.005665 0.139695
1 1 0.275036 0.414996 0.180840 0.000164 0.128964
1 1 0.130789 0.414456 0.218971 0.000995 0.234788
1 1 0.063179 0.414771 0.222767 0.000379 0.298905
1 1 0.088972 0.415431 0.262650 0.001337 0.231609
1 1 0.300169 0.412629 0.164261 0.000087 0.122854
1 1 0.288742 0.376016 0.158452 0.000841 0.175949
0 1 0.360295 0.321069 0.083801 0.000253 0.234583
1 1 0.244903 0.406008 0.204251 0.000655 0.144183
1 1 0.212599 0.464314 0.187323 0.000028 0.135736
1 1 0.154117 0.444966 0.248487 0.000304 0.152126
1 1 0.050016 0.408224 0.294821 0.001083 0.245856
1 1 0.120653 0.380611 0.274964 0.010791 0.212981
1 1 0.226733 0.422007 0.160345 0.000133 0.190782
1 1 0.324663 0.434580 0.149524 0.000008 0.091225
1 1 0.183618 0.470252 0.231597 0.000044 0.114489
1 1 0.195647 0.492532 0.195745 0.000008 0.116069
1 1 0.097962 0.442500 0.264104 0.000396 0.195038
1 1 0.043790 0.402481 0.334161 0.001550 0.218018
1 1 0.039095 0.407847 0.344310 0.000993 0.207756
1 1 0.117438 0.432053 0.324654 0.000844 0.125012
1 0 0.132496 0.401542 0.325636 0.004542 0.135784
1 0 0.221250 0.352755 0.188823 0.007048 0.230123
4 0 0.110079 0.167874 0.167441 0.051362 0.503244
1 0 0.096343 0.363954 0.302237 0.023182 0.214284
1 0 0.167003 0.380338 0.250962 0.008839 0.192858
1 0 0.124850 0.347262 0.305648 0.046246 0.175995
4 0 0.169576 0.251049 0.259737 0.050087 0.269551
4 0 0.071614 0.269046 0.281339 0.029522 0.348480
1 1 0.050532 0.383574 0.340613 0.005376 0.219905
2 1 0.053164 0.301830 0.337603 0.013082 0.294321
4 1 0.074542 0.282555 0.275616 0.035508 0.331780
1 1 0.057263 0.354700 0.350352 0.024629 0.213056
1 1 0.072362 0.313626 0.284693 0.022738 0.306581
4 1 0.074299 0.236504 0.298164 0.048692 0.342340
2 1 0.050388 0.357134 0.405931 0.019725 0.166821
2 1 0.044546 0.253568 0.400382 0.040316 0.261188
2 1 0.046938 0.255434 0.344730 0.012303 0.340596
1 0 0.208866 0.343398 0.280152 0.036225 0.131359
1 0 0.273183 0.299277 0.218797 0.074852 0.133892
0 0 0.370980 0.258512 0.156746 0.082811 0.130951
0 0 0.381469 0.293331 0.144233 0.018761 0.162207
0 0 0.295368 0.271405 0.196132 0.112318 0.124778
1 0 0.312344 0.414091 0.213642 0.000047 0.059877
1 1 0.144833 0.430423 0.336926 0.000532 0.087287
1 0 0.138403 0.428632 0.321226 0.000858 0.110882
0 0 0.382066 0.344333 0.198382 0.001277 0.073943
1 0 0.206725 0.410451 0.295052 0.000932 0.086841
0 0 0.589178 0.226672 0.106734 0.007383 0.070034
0 0 0.556262 0.180628 0.084541 0.008639 0.169930
0 0 0.686239 0.170287 0.062144 0.008405 0.072925
0 0 0.443664 0.314673 0.195909 0.000865 0.044890
0 0 0.396984 0.282130 0.193524 0.025340 0.102021
1 0 0.237695 0.430469 0.212374 0.000177 0.119284
1 0 0.040613 0.422139 0.309158 0.000415 0.227674
4 0 0.074667 0.330143 0.194812 0.001120 0.399257
1 0 0.284559 0.384219 0.211207 0.001301 0.118714
1 0 0.201617 0.444044 0.232456 0.000163 0.121720
1 1 0.080568 0.384780 0.363697 0.009611 0.161345
2 1 0.039549 0.380860 0.430306 0.003893 0.145393
2 1 0.088187 0.366600 0.390097 0.020680 0.134436
1 0 0.200778 0.353164 0.285391 0.018887 0.141780
1 0 0.056385 0.366639 0.342324 0.014221 0.220431
4 0 0.145367 0.113187 0.091416 0.003093 0.646937
4 1 0.100906 0.254612 0.188610 0.025282 0.430590
4 1 0.081847 0.302759 0.186645 0.002222 0.426527
4 1 0.079928 0.313855 0.193937 0.002106 0.410174
4 1 0.077879 0.250926 0.176850 0.002751 0.491594
1 1 0.054382 0.379168 0.332653 0.007187 0.226611
1 1 0.069444 0.399090 0.377677 0.003914 0.149875
1 1 0.118451 0.401591 0.259703 0.003345 0.216910
1 1 0.039286 0.388244 0.377924 0.003032 0.191514
1 1 0.047937 0.381394 0.354375 0.005811 0.210482
1 1 0.112934 0.412745 0.232100 0.001233 0.240988
1 1 0.202960 0.362023 0.239197 0.015640 0.180180
1 1 0.161882 0.336563 0.193272 0.005971 0.302312
1 1 0.282827 0.390554 0.173098 0.000557 0.152965
0 4 0.343918 0.231997 0.111935 0.004255 0.307895
1 4 0.204004 0.367063 0.236814 0.012084 0.180034
1 4 0.229379 0.383847 0.247249 0.004234 0.135291
0 4 0.426851 0.344820 0.170351 0.000194 0.057785
1 4 0.188076 0.394643 0.283072 0.004211 0.129999
1 4 0.266752 0.357951 0.208001 0.007940 0.159356
1 4 0.088678 0.419871 0.316637 0.001653 0.173161
1 4 0.039647 0.407298 0.343594 0.001047 0.208414
1 4 0.063141 0.425796 0.251897 0.000404 0.258762
1 4 0.094897 0.414905 0.206063 0.000513 0.283622
1 4 0.131303 0.450117 0.293369 0.000292 0.124920
1 4 0.201807 0.339888 0.264537 0.041970 0.151798
1 4 0.145605 0.387958 0.225934 0.004354 0.236149
0 1 0.537676 0.231458 0.115386 0.016506 0.098974
4 1 0.291722 0.178996 0.126895 0.011905 0.390482
1 1 0.185945 0.341752 0.247198 0.039409 0.185696
2 1 0.075713 0.351517 0.351714 0.034282 0.186774
2 1 0.048226 0.305838 0.412839 0.027053 0.206044
2 1 0.032691 0.193888 0.446767 0.030955 0.295699
2 1 0.034467 0.255557 0.425877 0.013523 0.270575
2 1 0.023105 0.166812 0.569035 0.047467 0.193580
2 1 0.000995 0.039135 0.932949 0.021869 0.005051
2 1 0.000063 0.003115 0.850549 0.145844 0.000429
2 1 0.000071 0.004677 0.934703 0.060129 0.000420
2 1 0.000051 0.005019 0.973437 0.021200 0.000293
2 1 0.000105 0.005152 0.888401 0.105720 0.000621
2 1 0.000476 0.018425 0.921844 0.056925 0.002331
2 2 0.000143 0.007102 0.916895 0.075034 0.000825
2 2 0.000098 0.005032 0.891647 0.102672 0.000551
2 2 0.000481 0.019073 0.929070 0.048878 0.002498
2 2 0.000338 0.011367 0.881629 0.104592 0.002074
2 2 0.000143 0.005537 0.848487 0.144888 0.000945
2 2 0.000809 0.025001 0.909758 0.059877 0.004554
2 2 0.000538 0.019784 0.919021 0.057952 0.002704
2 2 0.000101 0.003795 0.880654 0.115111 0.000339
2 2 0.000435 0.013134 0.865632 0.118245 0.002554
2 2 0.000151 0.005439 0.840139 0.153149 0.001122
2 2 0.000110 0.003942 0.787476 0.207695 0.000777
2 2 0.000098 0.005181 0.910740 0.083351 0.000630
2 2 0.000112 0.004228 0.793715 0.201254 0.000690
2 2 0.000070 0.002529 0.717092 0.279818 0.000491
2 2 0.021259 0.116958 0.732358 0.101631 0.027794
2 2 0.003280 0.049462 0.791113 0.138655 0.017489
2 2 0.000797 0.016986 0.800918 0.176453 0.004847
2 2 0.001752 0.028456 0.832055 0.131214 0.006523
2 3 0.001132 0.020254 0.780629 0.192490 0.005495
2 3 0.001479 0.022087 0.709615 0.257944 0.008875
