4 0 0.022244 0.012282 0.003884 0.000002 0.961586
4 0 0.068854 0.035520 0.016259 0.000099 0.879268
4 0 0.122251 0.047795 0.027479 0.000608 0.801868
4 0 0.052153 0.011233 0.006206 0.000050 0.930358
4 0 0.060749 0.014015 0.008326 0.000100 0.916810
4 0 0.013631 0.005358 0.007748 0.000792 0.972471
4 0 0.007508 0.021610 0.006058 0.000001 0.964823
4 0 0.011132 0.025239 0.008945 0.000006 0.954678
4 0 0.020452 0.003513 0.005746 0.001090 0.969200
4 0 0.006537 0.038797 0.008171 0.000001 0.946494
4 0 0.116524 0.111581 0.063990 0.001745 0.706159
0 0 0.579785 0.009940 0.018048 0.114015 0.278212
4 0 0.114510 0.030442 0.090421 0.155101 0.609527
4 0 0.107720 0.145900 0.062677 0.000612 0.683091
4 0 0.129030 0.111062 0.118699 0.037532 0.603676
1 0 0.038854 0.386427 0.294026 0.000620 0.280073
1 0 0.041689 0.384412 0.251135 0.000307 0.322457
1 0 0.039608 0.384992 0.353067 0.001707 0.220626
2 0 0.036018 0.347562 0.386694 0.005654 0.224072
2 0 0.023450 0.321891 0.374350 0.004586 0.275724
4 0 0.112302 0.207356 0.215004 0.006074 0.459264
4 0 0.053282 0.111286 0.074567 0.002133 0.758732
4 0 0.033592 0.158091 0.106212 0.001257 0.700848
4 0 0.050083 0.279963 0.169811 0.000615 0.499528
1 0 0.042837 0.361699 0.269731 0.000809 0.324924
1 0 0.024007 0.520466 0.219691 0.000004 0.235832
1 1 0.036600 0.505793 0.192059 0.000005 0.265543
4 1 0.017632 0.242475 0.157051 0.000203 0.582638
1 1 0.026963 0.403813 0.192449 0.000021 0.376755
4 1 0.015052 0.302446 0.202586 0.000116 0.479800
4 1 0.017536 0.250066 0.214780 0.001004 0.516613
4 1 0.022998 0.308531 0.218187 0.000317 0.449966
1 1 0.028425 0.448500 0.237500 0.000030 0.285545
1 1 0.032200 0.425545 0.191891 0.000018 0.350346
1 1 0.019500 0.385628 0.227883 0.000047 0.366942
1 1 0.010152 0.434979 0.358832 0.000060 0.195977
1 1 0.010832 0.427498 0.336376 0.000057 0.225237
2 1 0.006347 0.372475 0.417989 0.000228 0.202962
1 1 0.013591 0.427032 0.331526 0.000080 0.227772
1 1 0.016656 0.490157 0.323108 0.000027 0.170052
1 1 0.011105 0.405119 0.395492 0.000215 0.188069
2 1 0.008606 0.368668 0.426721 0.000467 0.195538
1 1 0.015880 0.409796 0.404267 0.000393 0.169664
2 1 0.006893 0.362961 0.426621 0.000366 0.203159
2 2 0.009566 0.336228 0.389025 0.000818 0.264363
2 2 0.006106 0.322150 0.541199 0.000911 0.129634
2 2 0.003584 0.263598 0.578389 0.001240 0.153189
2 2 0.007121 0.335594 0.534172 0.000748 0.122365
2 2 0.003575 0.289569 0.497058 0.000900 0.208898
2 2 0.006369 0.324283 0.550436 0.000789 0.118123
2 2 0.006030 0.292928 0.424009 0.001841 0.275191
2 2 0.005944 0.287973 0.452295 0.002649 0.251139
2 2 0.004249 0.295457 0.470960 0.001533 0.227802
2 2 0.006763 0.282639 0.467083 0.004281 0.239234
2 2 0.008964 0.282463 0.449382 0.004782 0.254410
2 2 0.010206 0.181796 0.489885 0.033051 0.285062
2 2 0.009314 0.187506 0.520566 0.027039 0.255575
2 2 0.015146 0.166098 0.456338 0.034221 0.328197
2 2 0.010770 0.194862 0.528529 0.027868 0.237971
2 2 0.010891 0.140901 0.551073 0.053526 0.243609
2 2 0.008069 0.142012 0.589884 0.051988 0.208046
2 2 0.008968 0.129945 0.555089 0.075929 0.230068
2 2 0.011556 0.134627 0.549060 0.087561 0.217195
2 2 0.012067 0.139241 0.540564 0.060338 0.247790
2 2 0.013264 0.126962 0.537218 0.093784 0.228773
2 2 0.013429 0.119475 0.485097 0.134565 0.247434
2 2 0.011759 0.131345 0.549123 0.094540 0.213232
2 2 0.010792 0.113405 0.545403 0.124507 0.205893
2 2 0.010282 0.102394 0.539956 0.149443 0.197925
2 2 0.014058 0.088586 0.497871 0.229979 0.169506
2 2 0.013358 0.061672 0.465305 0.348827 0.110839
2 2 0.008343 0.071090 0.579399 0.224299 0.116868
3 2 0.016742 0.027935 0.290066 0.623334 0.041924
2 2 0.013509 0.059601 0.450852 0.364514 0.111525
3 3 0.010123 0.030293 0.346550 0.552926 0.060108
3 3 0.005539 0.016602 0.360851 0.596966 0.020042
3 3 0.009096 0.029999 0.401809 0.515617 0.043478
3 3 0.005296 0.008701 0.224147 0.751716 0.010140
3 3 0.006182 0.018501 0.359581 0.591410 0.024326
3 3 0.005365 0.009591 0.242972 0.731069 0.011003
3 3 0.011377 0.025755 0.327314 0.598941 0.036613
3 3 0.014138 0.039862 0.383611 0.501124 0.061265
3 3 0.006772 0.013461 0.276128 0.687200 0.016439
3 3 0.005762 0.014876 0.304595 0.652664 0.022103
3 3 0.008606 0.015981 0.264302 0.688518 0.022594
3 3 0.019614 0.057850 0.354322 0.438200 0.130014
3 3 0.022328 0.062150 0.331489 0.429881 0.154152
2 3 0.017671 0.064741 0.392179 0.381221 0.144188
3 3 0.021774 0.062105 0.347246 0.427076 0.141798
2 3 0.022834 0.086008 0.392855 0.294177 0.204126
3 3 0.002319 0.003361 0.178081 0.813485 0.002754
3 3 0.002410 0.003730 0.190194 0.800564 0.003102
3 3 0.001761 0.004075 0.248216 0.742649 0.003300
3 3 0.006432 0.010722 0.261286 0.711818 0.009743
3 3 0.002049 0.003353 0.190870 0.800967 0.002761
3 3 0.012995 0.017428 0.240718 0.708387 0.020471
3 3 0.005283 0.010807 0.268383 0.702847 0.012680
3 3 0.006649 0.012706 0.263396 0.701241 0.016007
3 3 0.001592 0.002683 0.182793 0.810773 0.002159
3 3 0.004918 0.014835 0.356380 0.606532 0.017335
3 3 0.040575 0.042745 0.200625 0.550677 0.165376
4 3 0.063712 0.075462 0.220923 0.139669 0.500233
4 3 0.049080 0.077217 0.281896 0.239676 0.352131
4 3 0.131164 0.064850 0.258543 0.150171 0.395272
3 3 0.038611 0.056697 0.274467 0.530272 0.099953
4 2 0.021773 0.057927 0.066553 0.006557 0.847190
4 0 0.074276 0.042018 0.043542 0.005828 0.834337
4 0 0.100294 0.019646 0.025840 0.008538 0.845682
4 0 0.062295 0.014310 0.023911 0.013004 0.886480
4 0 0.064572 0.030053 0.038504 0.009494 0.857378
4 0 0.057773 0.029126 0.032699 0.004562 0.875841
4 0 0.033507 0.018404 0.025023 0.004519 0.918547
4 0 0.052002 0.029195 0.028122 0.002086 0.888596
4 1 0.044241 0.095030 0.086803 0.006640 0.767285
4 1 0.014300 0.091610 0.073185 0.001661 0.819244
4 1 0.055775 0.040994 0.021672 0.000201 0.881358
4 0 0.206653 0.024988 0.025674 0.006136 0.736548
4 0 0.251602 0.020942 0.014985 0.001071 0.711400
4 0 0.250294 0.021652 0.016246 0.001386 0.710423
4 0 0.253040 0.018582 0.017114 0.003028 0.708235
4 0 0.072172 0.017270 0.010178 0.000138 0.900242
4 0 0.100913 0.018981 0.007715 0.000034 0.872356
4 0 0.126481 0.022932 0.012020 0.000164 0.838402
4 0 0.235471 0.021762 0.016518 0.001397 0.724853
4 0 0.226688 0.030063 0.010493 0.000054 0.732702
4 0 0.037012 0.012580 0.005181 0.000012 0.945216
4 0 0.082873 0.036800 0.005226 0.000000 0.875100
4 0 0.174501 0.035064 0.006224 0.000002 0.784208
4 0 0.070381 0.011039 0.005433 0.000034 0.913113
4 0 0.074328 0.023187 0.003906 0.000001 0.898579
4 0 0.040827 0.044520 0.024951 0.000239 0.889464
4 0 0.021289 0.060955 0.052734 0.001812 0.863211
4 0 0.010531 0.099969 0.081447 0.001703 0.806349
4 0 0.016846 0.094769 0.102380 0.008059 0.777946
4 1 0.013490 0.142766 0.159519 0.009388 0.674837
2 1 0.010964 0.340588 0.483850 0.002498 0.162099
2 1 0.009206 0.348085 0.452584 0.001152 0.188973
2 1 0.012722 0.370279 0.426148 0.000877 0.189973
2 2 0.009663 0.333245 0.423540 0.001367 0.232186
2 2 0.007913 0.333285 0.474995 0.001616 0.182191
2 2 0.005702 0.313059 0.487064 0.001786 0.192389
2 2 0.011893 0.350267 0.417918 0.001182 0.218740
2 2 0.007459 0.320353 0.506268 0.002695 0.163226
2 2 0.003566 0.295070 0.457374 0.000995 0.242995
2 2 0.009781 0.356708 0.415907 0.000699 0.216905
2 2 0.006440 0.299711 0.463205 0.002593 0.228051
2 2 0.009825 0.316703 0.387747 0.001412 0.284312
2 2 0.011082 0.327189 0.429842 0.002183 0.229704
2 2 0.006103 0.308354 0.457882 0.001748 0.225912
2 2 0.007962 0.295912 0.442147 0.003363 0.250616
2 2 0.011674 0.291238 0.424715 0.006129 0.266244
2 2 0.006458 0.281642 0.394640 0.002007 0.315254
2 2 0.008112 0.252657 0.407323 0.005405 0.326502
2 2 0.008572 0.296118 0.443651 0.003861 0.247797
2 2 0.010081 0.250759 0.421703 0.007787 0.309670
2 2 0.010136 0.268612 0.396009 0.006640 0.318603
4 2 0.011476 0.249996 0.355996 0.008442 0.374090
4 2 0.008041 0.252215 0.366847 0.004985 0.367913
2 2 0.011566 0.272634 0.401428 0.007898 0.306474
2 2 0.008117 0.232479 0.427325 0.010707 0.321372
2 2 0.011341 0.163634 0.507270 0.051135 0.266619
2 2 0.013573 0.147872 0.513685 0.080927 0.243942
2 2 0.016364 0.127092 0.504051 0.094657 0.257836
2 2 0.020512 0.144116 0.523396 0.083987 0.227988
2 2 0.018740 0.148244 0.538434 0.103902 0.190679
2 2 0.005702 0.258076 0.543278 0.004683 0.188261
2 2 0.006164 0.312449 0.505678 0.002422 0.173286
2 2 0.005165 0.264569 0.512088 0.002741 0.215437
2 2 0.006793 0.247677 0.509036 0.007055 0.229439
2 2 0.003766 0.217739 0.501886 0.003969 0.272640
2 2 0.008257 0.251923 0.396201 0.007912 0.335707
2 2 0.009596 0.224309 0.448270 0.015060 0.302765
2 2 0.011688 0.229635 0.476442 0.017660 0.264575
2 2 0.018176 0.180438 0.464904 0.038062 0.298420
2 2 0.013696 0.282116 0.449892 0.009960 0.244336
4 2 0.017782 0.212851 0.268251 0.013564 0.487552
4 2 0.019020 0.208825 0.281832 0.023274 0.467049
4 0 0.111054 0.189591 0.311597 0.014980 0.372778
4 0 0.036824 0.152011 0.168813 0.005149 0.637202
4 1 0.023299 0.234848 0.314069 0.023532 0.404251
2 1 0.008034 0.245509 0.498747 0.008945 0.238764
2 2 0.008550 0.314699 0.464744 0.002809 0.209197
2 2 0.009226 0.305269 0.445712 0.003450 0.236343
2 2 0.007443 0.339401 0.444534 0.000924 0.207697
2 2 0.008824 0.331938 0.452859 0.001647 0.204732
2 2 0.009757 0.289979 0.450675 0.005770 0.243818
2 2 0.008110 0.280463 0.418380 0.004169 0.288879
2 2 0.007008 0.287612 0.435301 0.003184 0.266894
2 2 0.007392 0.249227 0.403133 0.006185 0.334063
2 0 0.036379 0.210730 0.559158 0.020469 0.173264
1 0 0.195351 0.305103 0.244919 0.012613 0.242014
2 1 0.102148 0.338487 0.376723 0.028211 0.154432
2 1 0.060638 0.359537 0.400056 0.010890 0.168878
4 2 0.070079 0.287166 0.257722 0.008340 0.376692
2 2 0.084629 0.355028 0.421325 0.022476 0.116542
2 2 0.023731 0.396530 0.432425 0.001396 0.145919
2 2 0.012672 0.363871 0.512194 0.002033 0.109230
2 2 0.009151 0.362480 0.439474 0.000692 0.188203
2 2 0.008390 0.368516 0.485614 0.000757 0.136723
2 2 0.008284 0.348018 0.524995 0.001658 0.117045
2 2 0.007295 0.315095 0.443861 0.001710 0.232039
2 2 0.007429 0.336533 0.463714 0.001198 0.191126
2 2 0.007030 0.316961 0.477055 0.002106 0.196850
2 2 0.006522 0.315235 0.471780 0.001849 0.204614
2 2 0.008609 0.324878 0.472936 0.002311 0.191266
2 2 0.010858 0.276490 0.421790 0.008085 0.282777
2 2 0.014050 0.212314 0.452388 0.023207 0.298041
2 2 0.018192 0.286020 0.385466 0.009345 0.300977
2 2 0.012851 0.227843 0.438507 0.019864 0.300934
2 2 0.018309 0.263095 0.386894 0.017095 0.314607
2 2 0.013065 0.216526 0.409564 0.016191 0.344654
2 2 0.011200 0.226616 0.394932 0.016342 0.350910
2 2 0.013923 0.253167 0.400118 0.014532 0.318259
2 2 0.010564 0.240292 0.378398 0.012137 0.358609
2 2 0.011259 0.163682 0.484376 0.050554 0.290128
2 2 0.009995 0.128631 0.490694 0.087700 0.282980
2 2 0.017511 0.125395 0.479010 0.149766 0.228319
2 2 0.013858 0.146850 0.503895 0.084227 0.251170
2 2 0.015279 0.183312 0.447867 0.048742 0.304800
2 2 0.016340 0.129150 0.519912 0.130819 0.203779
2 2 0.021488 0.133692 0.442784 0.152451 0.249585
2 2 0.124618 0.199941 0.483212 0.041887 0.150342
2 2 0.092730 0.176160 0.361918 0.046527 0.322666
2 2 0.045330 0.253872 0.459832 0.050094 0.190872
2 2 0.048207 0.230471 0.431292 0.035551 0.254479
4 0 0.034772 0.081350 0.054181 0.001041 0.828657
4 0 0.130255 0.059546 0.051086 0.005508 0.753605
4 0 0.220589 0.026807 0.024737 0.004262 0.723605
4 0 0.080977 0.036561 0.027370 0.001129 0.853963
4 0 0.092513 0.030280 0.024893 0.001517 0.850797
4 0 0.131853 0.019700 0.023698 0.006825 0.817925
4 0 0.245711 0.023112 0.016413 0.001142 0.713622
4 0 0.181560 0.019982 0.018296 0.002453 0.777709
4 0 0.145654 0.026363 0.023770 0.002713 0.801500
4 0 0.139774 0.025462 0.016818 0.000589 0.817357
4 0 0.043064 0.007531 0.003172 0.000008 0.946226
4 0 0.024838 0.002973 0.001842 0.000011 0.970336
4 0 0.033181 0.002723 0.003340 0.000285 0.960471
4 0 0.082632 0.002481 0.002102 0.000082 0.912704
4 0 0.047589 0.004615 0.002378 0.000012 0.945405
4 0 0.022066 0.011633 0.003732 0.000002 0.962566
4 0 0.022660 0.011001 0.002596 0.000001 0.963743
4 0 0.022419 0.011543 0.002918 0.000001 0.963119
4 0 0.022662 0.036323 0.003870 0.000000 0.937144
4 0 0.027161 0.011261 0.003986 0.000004 0.957588
4 0 0.026577 0.007691 0.004675 0.000032 0.961024
4 0 0.025632 0.008180 0.003843 0.000010 0.962335
4 0 0.017825 0.002814 0.001836 0.000011 0.977514
4 0 0.016642 0.005888 0.006196 0.000228 0.971047
4 0 0.028472 0.007701 0.001664 0.000000 0.962162
4 0 0.014925 0.018141 0.006186 0.000004 0.960744
4 0 0.018355 0.043621 0.017162 0.000027 0.920834
4 0 0.029911 0.014132 0.006829 0.000025 0.949103
4 0 0.026360 0.015189 0.008415 0.000047 0.949989
4 0 0.035352 0.022437 0.011074 0.000053 0.931084
4 0 0.042615 0.030835 0.015505 0.000095 0.910950
4 0 0.025519 0.072687 0.026007 0.000041 0.875747
4 0 0.023909 0.045962 0.041553 0.001674 0.886903
4 0 0.038184 0.052528 0.027700 0.000212 0.881376
4 0 0.028823 0.030296 0.020103 0.000264 0.920513
4 0 0.071999 0.016445 0.009165 0.000100 0.902291
4 0 0.069485 0.009748 0.009232 0.000618 0.910917
4 0 0.067399 0.008288 0.006582 0.000220 0.917510
4 0 0.101529 0.017238 0.023150 0.008091 0.849993
4 0 0.139174 0.011730 0.006741 0.000121 0.842234
4 0 0.054553 0.012286 0.005477 0.000021 0.927662
4 0 0.037538 0.015000 0.004213 0.000002 0.943247
4 0 0.034974 0.011344 0.004680 0.000010 0.948992
4 0 0.032805 0.013743 0.009132 0.000111 0.944208
4 0 0.035782 0.028686 0.005388 0.000001 0.930144
4 0 0.031295 0.031569 0.021833 0.000355 0.914949
4 0 0.026603 0.058347 0.033569 0.000290 0.881191
4 0 0.028527 0.110399 0.038689 0.000047 0.822339
4 0 0.028813 0.087619 0.039475 0.000163 0.843930
4 0 0.020539 0.104685 0.054533 0.000330 0.819914
4 0 0.051619 0.045304 0.037035 0.001659 0.864383
4 0 0.073197 0.048409 0.030893 0.000709 0.846792
4 0 0.147089 0.030605 0.008140 0.000011 0.814154
4 0 0.117579 0.028953 0.023010 0.001446 0.829012
4 0 0.251963 0.017363 0.016026 0.002806 0.711842
4 0 0.011480 0.019057 0.004405 0.000001 0.965057
4 0 0.019412 0.010639 0.003621 0.000003 0.966326
4 0 0.005732 0.022057 0.006879 0.000002 0.965330
4 1 0.004228 0.029752 0.008989 0.000002 0.957030
4 1 0.009234 0.061787 0.011619 0.000000 0.917360
1 1 0.028686 0.387992 0.229889 0.000091 0.353342
1 1 0.022657 0.444699 0.231132 0.000019 0.301493
1 1 0.030483 0.423335 0.207007 0.000026 0.339149
4 1 0.029473 0.337735 0.151369 0.000027 0.481396
1 1 0.085789 0.405446 0.181288 0.000099 0.327379
1 1 0.015898 0.492213 0.221334 0.000003 0.270552
1 1 0.018983 0.490676 0.182596 0.000002 0.307744
1 1 0.026543 0.462376 0.171310 0.000003 0.339767
1 1 0.024875 0.450990 0.191237 0.000007 0.332891
1 1 0.035117 0.490233 0.199708 0.000007 0.274935
1 1 0.043846 0.464780 0.198853 0.000017 0.292504
1 1 0.017444 0.438543 0.269642 0.000032 0.274339
1 1 0.042625 0.541371 0.157411 0.000001 0.258593
1 1 0.039691 0.453064 0.160853 0.000005 0.346387
1 1 0.020296 0.434073 0.256014 0.000035 0.289582
4 1 0.024473 0.395247 0.161343 0.000008 0.418929
4 1 0.036444 0.294311 0.119131 0.000029 0.550086
4 1 0.014626 0.258391 0.172901 0.000156 0.553926
4 1 0.017587 0.286320 0.129691 0.000017 0.566385
4 1 0.024496 0.234335 0.103073 0.000038 0.638059
1 1 0.018571 0.364666 0.260739 0.000150 0.355874
4 1 0.042431 0.364660 0.138739 0.000016 0.454155
4 1 0.023087 0.242622 0.129788 0.000103 0.604399
4 1 0.020725 0.276216 0.152638 0.000079 0.550341
4 4 0.032884 0.323204 0.134038 0.000023 0.509852
4 4 0.016151 0.230683 0.121425 0.000055 0.631685
4 4 0.019180 0.203015 0.102728 0.000075 0.675002
4 4 0.036002 0.307960 0.158430 0.000106 0.497502
4 4 0.021215 0.239779 0.119283 0.000059 0.619666
4 4 0.015200 0.145615 0.084752 0.000216 0.754216
1 4 0.009216 0.452298 0.370254 0.000040 0.168192
1 4 0.007687 0.456295 0.358342 0.000023 0.177653
1 4 0.017167 0.519435 0.278813 0.000008 0.184578
1 4 0.006536 0.465194 0.343258 0.000012 0.185001
1 4 0.007312 0.458238 0.357808 0.000020 0.176622
1 4 0.016249 0.438739 0.301789 0.000052 0.243171
1 4 0.013575 0.488515 0.298928 0.000013 0.198969
1 4 0.010807 0.436559 0.314385 0.000033 0.238216
1 4 0.017773 0.508555 0.307651 0.000016 0.166005
1 4 0.013730 0.459250 0.303470 0.000026 0.223523
1 4 0.010746 0.462772 0.393449 0.000054 0.132979
2 2 0.008240 0.431609 0.432045 0.000100 0.128007
1 2 0.008615 0.429301 0.426607 0.000108 0.135369
1 2 0.011259 0.454464 0.385475 0.000064 0.148737
2 2 0.010774 0.388272 0.458080 0.000142 0.142733
1 2 0.009048 0.431265 0.409531 0.000096 0.150059
1 2 0.006553 0.415138 0.401874 0.000073 0.176362
2 2 0.007882 0.394940 0.421141 0.000199 0.175838
2 2 0.006924 0.400649 0.403854 0.000115 0.188458
1 2 0.007871 0.424479 0.378709 0.000062 0.188878
2 2 0.003690 0.338945 0.444531 0.000273 0.212560
2 2 0.004886 0.340075 0.442691 0.000384 0.211963
2 2 0.006751 0.362096 0.471820 0.000225 0.159108
2 2 0.003487 0.337719 0.472921 0.000336 0.185536
2 2 0.003376 0.296827 0.459917 0.000537 0.239344
2 2 0.005584 0.327235 0.487346 0.000704 0.179132
2 2 0.006677 0.308195 0.462450 0.000724 0.221954
2 2 0.005398 0.314853 0.420909 0.000677 0.258163
2 2 0.004894 0.317218 0.470746 0.000758 0.206383
2 2 0.007081 0.288721 0.420414 0.001630 0.282155
2 2 0.006078 0.286959 0.409349 0.001575 0.296038
2 2 0.004083 0.312682 0.476099 0.000913 0.206223
2 2 0.004066 0.265552 0.470927 0.002448 0.257006
2 2 0.005974 0.280271 0.422654 0.001382 0.289720
2 2 0.005986 0.346555 0.475546 0.000699 0.171215
4 2 0.009061 0.273538 0.356476 0.002698 0.358227
2 2 0.008028 0.257133 0.399567 0.005075 0.330197
2 2 0.007451 0.293674 0.442706 0.003218 0.252951
2 2 0.006885 0.266899 0.400420 0.003791 0.322005
2 2 0.006126 0.266801 0.430477 0.004486 0.292111
2 2 0.007892 0.246823 0.427459 0.007014 0.310811
2 2 0.007475 0.217112 0.397550 0.011734 0.366128
2 2 0.006971 0.253478 0.370322 0.003924 0.365304
2 2 0.007025 0.236413 0.410345 0.007384 0.338832
2 2 0.009440 0.223848 0.441564 0.012673 0.312474
2 2 0.008989 0.181689 0.403792 0.019187 0.386343
2 2 0.010071 0.180129 0.404752 0.020726 0.384321
2 2 0.008898 0.258868 0.403813 0.007948 0.320474
4 2 0.008213 0.192368 0.375823 0.012362 0.411234
2 2 0.009432 0.264063 0.409269 0.007991 0.309246
4 2 0.008616 0.214651 0.336865 0.012560 0.427308
4 2 0.009042 0.213555 0.330782 0.013296 0.433325
4 3 0.012026 0.246869 0.358477 0.010515 0.372112
2 3 0.011409 0.184917 0.407167 0.030242 0.366266
4 3 0.012788 0.172361 0.376792 0.013981 0.424078
2 3 0.012563 0.209372 0.395457 0.024278 0.358330
2 3 0.013208 0.196954 0.412776 0.029335 0.347727
2 3 0.014230 0.224522 0.389769 0.022068 0.349410
4 3 0.014429 0.229186 0.338967 0.018775 0.398643
2 3 0.010595 0.157204 0.428632 0.049169 0.354399
2 3 0.019295 0.115326 0.437561 0.178410 0.249408
2 3 0.013970 0.145132 0.451216 0.086586 0.303096
2 3 0.019803 0.170174 0.423845 0.077119 0.309059
2 3 0.013979 0.153500 0.481335 0.075419 0.275766
2 3 0.015484 0.132070 0.433879 0.114313 0.304254
2 3 0.014731 0.203710 0.383732 0.031129 0.366699
4 3 0.016619 0.211799 0.361569 0.030141 0.379871
4 3 0.012165 0.204068 0.371352 0.013530 0.398885
2 3 0.013565 0.150873 0.408764 0.054960 0.371838
4 3 0.011460 0.159793 0.370982 0.048129 0.409637
2 3 0.022366 0.115506 0.364109 0.151105 0.346914
2 3 0.019459 0.117836 0.381895 0.167535 0.313275
2 3 0.018455 0.105739 0.366871 0.169265 0.339671
2 3 0.015524 0.148431 0.426197 0.080561 0.329286
2 3 0.019727 0.112765 0.399391 0.115133 0.352983
2 3 0.016575 0.092582 0.368978 0.227208 0.294656
2 3 0.024769 0.128277 0.385849 0.154310 0.306795
2 3 0.018980 0.109500 0.430468 0.155254 0.285798
2 3 0.013733 0.094846 0.434507 0.206550 0.250364
2 3 0.020910 0.109898 0.420897 0.193372 0.254922
2 3 0.018980 0.134575 0.383522 0.121637 0.341286
4 3 0.017823 0.162564 0.348867 0.050642 0.420103
4 3 0.015872 0.118024 0.365124 0.114174 0.386805
4 3 0.020169 0.131256 0.352308 0.079255 0.417012
4 3 0.014735 0.194804 0.317857 0.030458 0.442146
4 3 0.020531 0.126453 0.353970 0.106060 0.392986
2 3 0.015355 0.093408 0.373552 0.214909 0.302775
2 3 0.018399 0.122918 0.385820 0.143801 0.329062
2 3 0.019435 0.132235 0.376444 0.105936 0.365949
2 3 0.015796 0.138187 0.415598 0.103168 0.327251
2 3 0.018501 0.167591 0.430303 0.075490 0.308116
2 3 0.020617 0.173449 0.411530 0.068250 0.326154
2 3 0.022960 0.181133 0.422580 0.054965 0.318361
2 3 0.015475 0.173797 0.450108 0.043116 0.317505
2 3 0.013769 0.205587 0.409244 0.029196 0.342204
4 3 0.033444 0.147518 0.284068 0.074879 0.460091
2 3 0.146514 0.195798 0.364421 0.025780 0.267487
2 3 0.028099 0.207009 0.404058 0.060608 0.300226
2 2 0.053224 0.267696 0.338578 0.046205 0.294297
4 2 0.024648 0.231397 0.353063 0.030905 0.359987
2 2 0.006460 0.289187 0.429614 0.002473 0.272266
2 2 0.004178 0.311078 0.437667 0.000674 0.246404
2 2 0.007185 0.294496 0.369723 0.001181 0.327416
2 2 0.006580 0.303727 0.395063 0.001102 0.293527
2 2 0.006096 0.281037 0.423071 0.002637 0.287159
2 2 0.010653 0.217807 0.407037 0.013950 0.350553
2 2 0.009229 0.252296 0.391780 0.008933 0.337762
2 2 0.015956 0.255399 0.364448 0.014116 0.350082
2 2 0.012694 0.230438 0.389163 0.015139 0.352566
2 2 0.013693 0.257404 0.382125 0.013086 0.333691
2 2 0.011876 0.253048 0.386069 0.011126 0.337880
2 2 0.006735 0.251933 0.403214 0.006090 0.332028
2 2 0.013124 0.238738 0.391523 0.014891 0.341724
2 2 0.011092 0.261994 0.366147 0.006314 0.354452
2 2 0.007291 0.265828 0.424241 0.005814 0.296826
4 2 0.016996 0.204608 0.293844 0.028378 0.456175
4 2 0.018418 0.187717 0.286171 0.030778 0.476917
4 2 0.027284 0.215977 0.268000 0.024243 0.464496
4 2 0.057443 0.173502 0.355927 0.022977 0.390152
4 2 0.031255 0.198797 0.336224 0.021489 0.412235
4 0 0.045522 0.181109 0.143230 0.006242 0.623896
4 0 0.214346 0.057169 0.059714 0.019744 0.649027
4 0 0.125696 0.060120 0.050465 0.004902 0.758817
4 0 0.106577 0.052969 0.052041 0.007787 0.780627
4 0 0.097817 0.058303 0.057972 0.008790 0.777119
4 0 0.260357 0.014028 0.016145 0.006267 0.703203
4 0 0.124632 0.036951 0.033783 0.003927 0.800707
4 0 0.232947 0.018285 0.014261 0.001272 0.733235
4 0 0.231306 0.024382 0.020039 0.002294 0.721979
4 0 0.208490 0.027687 0.014983 0.000349 0.748491
4 0 0.090684 0.008164 0.008585 0.000972 0.891596
4 0 0.098156 0.013334 0.009398 0.000286 0.878826
4 0 0.134082 0.011697 0.007899 0.000249 0.846073
4 0 0.184244 0.014302 0.006333 0.000056 0.795066
4 0 0.146381 0.014472 0.005211 0.000018 0.833918
4 0 0.455060 0.034029 0.018281 0.000944 0.491687
4 0 0.409432 0.032726 0.013546 0.000233 0.544063
4 0 0.191418 0.029550 0.015967 0.000351 0.762714
4 0 0.365331 0.027855 0.009034 0.000054 0.597726
4 0 0.371328 0.038943 0.018070 0.000443 0.571216
4 0 0.190625 0.033318 0.025262 0.001973 0.748821
4 0 0.114071 0.036680 0.030472 0.000915 0.817862
4 0 0.056226 0.089930 0.022042 0.000015 0.831788
4 0 0.140670 0.031793 0.015850 0.000209 0.811478
4 0 0.088404 0.068496 0.024104 0.000077 0.818918
4 0 0.050313 0.012567 0.001105 0.000000 0.936015
4 0 0.035159 0.012923 0.003943 0.000003 0.947972
4 0 0.027527 0.006231 0.002848 0.000007 0.963386
4 0 0.018077 0.012343 0.004151 0.000003 0.965426
4 0 0.016188 0.021065 0.002686 0.000000 0.960062
4 0 0.052699 0.016540 0.001975 0.000000 0.928786
4 0 0.056519 0.012947 0.002934 0.000001 0.927599
4 0 0.032782 0.015648 0.005151 0.000005 0.946414
4 0 0.217882 0.013692 0.001530 0.000000 0.766896
4 0 0.037752 0.010409 0.002616 0.000001 0.949222
4 0 0.016875 0.041487 0.021764 0.000094 0.919781
4 0 0.019169 0.020523 0.014483 0.000171 0.945653
4 0 0.009990 0.079656 0.042060 0.000159 0.868135
4 0 0.007821 0.067911 0.041926 0.000233 0.882109
4 1 0.011422 0.135926 0.062772 0.000036 0.789844
1 1 0.012580 0.423618 0.212831 0.000007 0.350964
1 1 0.021198 0.452775 0.149916 0.000001 0.376110
4 1 0.029683 0.400217 0.108028 0.000001 0.462072
4 1 0.015390 0.205129 0.077342 0.000008 0.702131
4 1 0.018984 0.315515 0.152338 0.000023 0.513140
4 1 0.009940 0.240931 0.221203 0.000596 0.527330
4 1 0.020001 0.239204 0.188713 0.000844 0.551239
4 1 0.012937 0.230955 0.218737 0.001247 0.536124
4 1 0.015280 0.288165 0.250851 0.000612 0.445092
4 1 0.016144 0.306384 0.273557 0.000666 0.403249
4 1 0.015136 0.165364 0.080073 0.000056 0.739372
4 1 0.014586 0.204218 0.084357 0.000013 0.696826
4 4 0.008417 0.069300 0.046445 0.000227 0.875611
4 4 0.015466 0.036039 0.027620 0.000438 0.920437
4 4 0.013890 0.062080 0.036030 0.000220 0.887779
4 4 0.019071 0.261700 0.175311 0.000243 0.543675
4 4 0.015592 0.137725 0.109808 0.001028 0.735846
4 4 0.019549 0.239323 0.123042 0.000062 0.618024
4 4 0.010844 0.215834 0.145487 0.000139 0.627697
4 4 0.017051 0.223340 0.151427 0.000298 0.607884
4 4 0.011359 0.252761 0.134074 0.000026 0.601779
4 4 0.012490 0.294382 0.190950 0.000074 0.502105
4 4 0.007476 0.322439 0.223351 0.000035 0.446698
4 4 0.010415 0.304454 0.222094 0.000098 0.462939
4 4 0.016322 0.269425 0.136771 0.000033 0.577449
4 4 0.018947 0.269899 0.129753 0.000031 0.581370
4 4 0.010819 0.373614 0.218981 0.000018 0.396569
4 4 0.012675 0.357273 0.209218 0.000026 0.420809
1 4 0.014686 0.444029 0.191596 0.000003 0.349685
4 4 0.016526 0.407806 0.153285 0.000002 0.422381
4 4 0.007140 0.290564 0.330862 0.000717 0.370716
4 4 0.008674 0.330942 0.231503 0.000045 0.428836
1 4 0.009646 0.421936 0.327412 0.000046 0.240959
1 4 0.005978 0.358538 0.345320 0.000111 0.290053
1 4 0.004895 0.363424 0.348154 0.000072 0.283454
1 4 0.011793 0.450690 0.286753 0.000018 0.250745
1 4 0.007361 0.414553 0.348675 0.000046 0.229364
2 4 0.005744 0.333964 0.346794 0.000195 0.313303
4 4 0.008639 0.327696 0.308664 0.000249 0.354751
4 4 0.007454 0.312504 0.305781 0.000272 0.373988
4 4 0.014504 0.244813 0.234737 0.001438 0.504508
4 4 0.022864 0.279222 0.220326 0.000755 0.476833
2 4 0.014447 0.309113 0.395011 0.003722 0.277707
2 4 0.016544 0.337879 0.379286 0.001782 0.264509
2 4 0.018762 0.335451 0.339126 0.001316 0.305346
4 0 0.229404 0.254346 0.214322 0.009811 0.292117
4 0 0.077076 0.160266 0.135669 0.014242 0.612748
4 0 0.141052 0.260470 0.201003 0.013113 0.384361
1 0 0.108940 0.295925 0.291226 0.028387 0.275522
4 0 0.171066 0.287846 0.238688 0.012725 0.289676
1 0 0.208694 0.337176 0.217205 0.004681 0.232244
2 0 0.202962 0.239386 0.269906 0.018085 0.269661
0 0 0.465061 0.118973 0.172647 0.016148 0.227171
4 0 0.269377 0.087890 0.095419 0.020169 0.527145
4 1 0.156900 0.152884 0.197383 0.086631 0.406202
4 1 0.011793 0.313122 0.299357 0.000532 0.375196
4 1 0.011947 0.311093 0.239133 0.000161 0.437667
4 1 0.016303 0.297209 0.204095 0.000160 0.482234
4 1 0.012511 0.271097 0.183989 0.000116 0.532287
4 0 0.021678 0.211636 0.136757 0.000379 0.629551
1 0 0.205749 0.357080 0.353671 0.004063 0.079437
0 0 0.502939 0.177202 0.223752 0.007783 0.088324
0 0 0.398328 0.202983 0.288858 0.022515 0.087316
2 1 0.150239 0.381962 0.386010 0.013613 0.068176
1 1 0.223453 0.412411 0.314478 0.003185 0.046473
1 1 0.015920 0.445347 0.388763 0.000148 0.149823
1 1 0.019844 0.482756 0.337938 0.000052 0.159411
1 1 0.012787 0.423377 0.380402 0.000151 0.183282
1 2 0.020523 0.431804 0.348291 0.000186 0.199197
2 2 0.007313 0.305282 0.462902 0.000313 0.224190
2 2 0.006061 0.359175 0.374948 0.000171 0.259645
2 2 0.006364 0.352996 0.372887 0.000211 0.267541
2 2 0.004830 0.316945 0.383890 0.000384 0.293952
2 2 0.005713 0.288522 0.356390 0.000487 0.348888
1 2 0.007588 0.336087 0.327973 0.000223 0.328128
2 2 0.004794 0.309745 0.412824 0.000243 0.272394
2 2 0.004654 0.328224 0.409446 0.000369 0.257307
2 2 0.003499 0.311943 0.425027 0.000417 0.259114
2 2 0.003807 0.293196 0.453077 0.000423 0.249497
2 2 0.003516 0.281716 0.430911 0.000513 0.283344
4 2 0.004311 0.314675 0.335852 0.000164 0.344998
2 2 0.004311 0.320085 0.357599 0.000199 0.317807
2 2 0.003427 0.334579 0.387394 0.000138 0.274461
2 2 0.006869 0.330920 0.357086 0.000337 0.304787
1 2 0.007384 0.374671 0.353777 0.000124 0.264044
2 2 0.005950 0.341998 0.372193 0.000245 0.279614
2 2 0.004152 0.285847 0.378139 0.000651 0.331210
2 2 0.005378 0.315470 0.385626 0.000494 0.293033
2 2 0.005617 0.301604 0.376222 0.000636 0.315921
2 2 0.006152 0.322094 0.361770 0.000375 0.309609
2 2 0.003680 0.308108 0.434355 0.000564 0.253292
2 2 0.005896 0.299232 0.359436 0.000628 0.334809
2 2 0.004919 0.307957 0.364542 0.000386 0.322196
2 2 0.005199 0.251507 0.374050 0.001400 0.367844
2 2 0.005080 0.273214 0.362185 0.001076 0.358445
2 2 0.008017 0.284390 0.353684 0.001511 0.352399
2 2 0.005742 0.257958 0.376450 0.002642 0.357209
4 2 0.009530 0.301098 0.314922 0.000674 0.373777
2 2 0.007652 0.241791 0.399337 0.004653 0.346567
2 2 0.008867 0.316080 0.340754 0.000608 0.333691
2 2 0.006064 0.295616 0.404193 0.001351 0.292777
2 2 0.005345 0.267800 0.380340 0.001806 0.344709
2 2 0.005111 0.305699 0.380606 0.000552 0.308032
2 2 0.007104 0.281970 0.369081 0.001650 0.340195
2 2 0.006547 0.296500 0.449340 0.002541 0.245072
4 2 0.013545 0.263016 0.334895 0.005340 0.383205
2 2 0.009755 0.281252 0.419868 0.005705 0.283421
2 2 0.011267 0.297289 0.420625 0.004623 0.266196
1 2 0.076067 0.342710 0.308025 0.002036 0.271162
2 2 0.034870 0.339118 0.389628 0.006893 0.229492
2 2 0.017170 0.354351 0.385388 0.001356 0.241735
2 2 0.017281 0.381307 0.428596 0.001154 0.171662
2 2 0.018411 0.355516 0.438043 0.002695 0.185334
2 2 0.010425 0.343214 0.484983 0.002154 0.159223
2 2 0.008630 0.334247 0.436654 0.001262 0.219206
2 2 0.007160 0.346119 0.387480 0.000375 0.258867
2 2 0.007633 0.352929 0.405698 0.000444 0.233296
2 2 0.005281 0.282222 0.427003 0.002074 0.283420
2 2 0.006004 0.318948 0.413856 0.000780 0.260412
4 2 0.007849 0.327301 0.304701 0.000198 0.359952
2 2 0.006327 0.308158 0.382347 0.000768 0.302400
2 2 0.005726 0.293117 0.401389 0.001267 0.298501
2 2 0.007628 0.294763 0.383062 0.001568 0.312979
2 2 0.006227 0.244718 0.390783 0.001755 0.356517
2 2 0.008551 0.328737 0.432132 0.001371 0.229209
2 2 0.007895 0.285226 0.389882 0.002408 0.314590
2 2 0.010035 0.303043 0.447085 0.004308 0.235528
2 2 0.006288 0.256120 0.420759 0.003194 0.313639
2 2 0.009469 0.301888 0.430727 0.003374 0.254542
2 2 0.008662 0.249107 0.442888 0.003686 0.295658
2 2 0.008507 0.243299 0.389677 0.004476 0.354042
2 2 0.004162 0.191407 0.528869 0.008774 0.266788
2 2 0.005083 0.276394 0.435655 0.002556 0.280312
2 2 0.007974 0.251770 0.468349 0.006470 0.265437
2 2 0.007975 0.216149 0.541449 0.007415 0.227011
4 2 0.011632 0.175941 0.251853 0.010511 0.550063
4 2 0.012833 0.155370 0.255073 0.018446 0.558278
4 2 0.011015 0.167311 0.214481 0.007863 0.599329
4 2 0.011972 0.158211 0.222511 0.010155 0.597151
4 2 0.080610 0.163698 0.142668 0.003206 0.609818
4 0 0.290919 0.037417 0.034112 0.003225 0.634327
4 0 0.243978 0.036922 0.034852 0.006171 0.678077
4 0 0.070973 0.133052 0.032626 0.000018 0.763330
4 1 0.093207 0.226603 0.062683 0.000023 0.617483
4 1 0.085884 0.233227 0.071546 0.000036 0.609307
2 1 0.011486 0.362786 0.458966 0.001220 0.165541
2 1 0.008766 0.327513 0.459684 0.001962 0.202075
2 1 0.008629 0.256973 0.583175 0.001972 0.149252
2 2 0.010267 0.309006 0.523022 0.001605 0.156100
2 2 0.008268 0.300770 0.484789 0.002101 0.204073
2 2 0.006838 0.284011 0.470495 0.001411 0.237245
2 2 0.007582 0.337232 0.411687 0.000596 0.242903
2 2 0.008748 0.266734 0.532752 0.002771 0.188995
2 2 0.005416 0.315241 0.434320 0.000913 0.244110
2 2 0.005745 0.251854 0.519069 0.002253 0.221079
4 2 0.017269 0.274212 0.335695 0.001736 0.371088
2 2 0.014783 0.252202 0.407306 0.003073 0.322636
4 2 0.022244 0.270105 0.345079 0.001718 0.360854
4 2 0.104824 0.186855 0.117028 0.002142 0.589150
2 2 0.018078 0.352846 0.383772 0.001506 0.243798
2 2 0.013115 0.396905 0.418991 0.000448 0.170541
2 2 0.012146 0.408335 0.412383 0.000280 0.166856
2 2 0.008783 0.368538 0.391998 0.000326 0.230356
1 2 0.014192 0.406536 0.396358 0.000320 0.182594
1 2 0.012188 0.370821 0.338700 0.000260 0.278031
2 2 0.004881 0.312021 0.384960 0.000453 0.297684
2 2 0.004858 0.318538 0.401992 0.000470 0.274142
2 2 0.007941 0.341812 0.362747 0.000358 0.287143
2 2 0.009626 0.365878 0.403103 0.000467 0.220927
2 2 0.007142 0.300146 0.355678 0.000536 0.336498
2 2 0.004484 0.265295 0.392183 0.001686 0.336352
4 2 0.006803 0.259241 0.330961 0.001693 0.401302
4 2 0.007820 0.233735 0.329022 0.002338 0.427085
4 2 0.003828 0.236496 0.365893 0.002267 0.391516
4 1 0.013091 0.284431 0.275311 0.000885 0.426281
4 2 0.251448 0.218652 0.234413 0.007063 0.288424
2 1 0.070210 0.329634 0.357205 0.017154 0.225798
2 1 0.054974 0.303429 0.336300 0.017500 0.287797
1 1 0.043234 0.333710 0.315098 0.003816 0.304142
1 2 0.047056 0.342360 0.311361 0.003309 0.295914
2 2 0.007682 0.329396 0.448489 0.001328 0.213105
2 2 0.005940 0.323528 0.433957 0.000852 0.235724
2 2 0.008526 0.320154 0.423376 0.001558 0.246386
2 2 0.007598 0.267457 0.363527 0.002655 0.358763
2 2 0.006427 0.310739 0.407398 0.001018 0.274419
2 2 0.008610 0.324263 0.486499 0.002644 0.177984
2 2 0.009392 0.290650 0.455966 0.003919 0.240073
2 2 0.007255 0.342834 0.473355 0.001058 0.175498
2 2 0.007886 0.291002 0.428825 0.003289 0.268998
2 2 0.005955 0.317992 0.515822 0.002096 0.158135
2 2 0.010062 0.288584 0.390908 0.003375 0.307071
2 2 0.008304 0.297375 0.404468 0.002234 0.287619
2 2 0.006163 0.285937 0.398369 0.001710 0.307821
2 2 0.009937 0.316278 0.368668 0.001122 0.303995
4 2 0.007045 0.236378 0.326062 0.003520 0.426995
2 2 0.011129 0.272394 0.408971 0.008184 0.299322
2 2 0.008800 0.284441 0.405702 0.003653 0.297404
2 2 0.008102 0.275810 0.434931 0.005805 0.275350
2 2 0.012707 0.255435 0.412107 0.008298 0.311452
2 2 0.006140 0.259727 0.422595 0.005131 0.306406
2 2 0.009633 0.276070 0.416044 0.004345 0.293907
2 2 0.008634 0.249167 0.386430 0.008207 0.347561
2 2 0.006671 0.264815 0.368461 0.002467 0.357586
2 2 0.007663 0.261536 0.395052 0.005036 0.330713
2 2 0.007251 0.277002 0.413976 0.003611 0.298160
2 2 0.014232 0.282431 0.417747 0.010237 0.275353
2 2 0.012586 0.212304 0.426488 0.024278 0.324343
4 2 0.016981 0.250087 0.307174 0.004516 0.421241
2 2 0.047487 0.292863 0.470133 0.010259 0.179257
2 2 0.026132 0.279771 0.404509 0.017382 0.272206
2 2 0.009012 0.336308 0.442422 0.001369 0.210889
2 2 0.010146 0.363212 0.418075 0.000649 0.207919
2 2 0.005919 0.297935 0.394032 0.001064 0.301051
2 2 0.007023 0.316467 0.476843 0.002128 0.197539
2 2 0.007757 0.301014 0.411879 0.001961 0.277389
2 2 0.009797 0.284600 0.442976 0.002079 0.260548
2 2 0.006793 0.294181 0.394780 0.001522 0.302724
2 2 0.011031 0.326994 0.410095 0.001353 0.250527
2 2 0.007957 0.252804 0.460294 0.002938 0.276007
2 2 0.009228 0.285078 0.420319 0.002232 0.283143
4 2 0.054840 0.190865 0.152308 0.004593 0.597394
4 2 0.097060 0.289378 0.218303 0.006024 0.389235
4 0 0.206207 0.144979 0.162179 0.015795 0.470840
4 0 0.205264 0.118873 0.154624 0.019975 0.501263
4 0 0.347450 0.106201 0.172359 0.023445 0.350545
0 1 0.393521 0.204511 0.187224 0.002414 0.212330
1 1 0.073657 0.429958 0.321051 0.001012 0.174321
1 1 0.066094 0.429109 0.318810 0.000850 0.185136
1 1 0.069007 0.414923 0.277131 0.000607 0.238331
1 1 0.069580 0.400875 0.229602 0.000299 0.299643
2 2 0.006430 0.375075 0.406969 0.000193 0.211333
2 2 0.007674 0.360141 0.396895 0.000336 0.234955
2 2 0.009665 0.390980 0.394238 0.000231 0.204886
2 2 0.007568 0.340259 0.399135 0.000557 0.252481
2 2 0.005458 0.313391 0.442001 0.001058 0.238092
2 2 0.004985 0.326838 0.457420 0.000731 0.210026
4 2 0.009402 0.321910 0.315497 0.000379 0.352812
2 2 0.009878 0.332661 0.361513 0.000650 0.295297
2 2 0.012135 0.341580 0.344372 0.000574 0.301339
2 2 0.006930 0.320078 0.385774 0.000682 0.286536
2 2 0.010627 0.296627 0.423059 0.002408 0.267279
2 2 0.006484 0.268041 0.389088 0.002279 0.334107
2 2 0.005998 0.236349 0.460796 0.003603 0.293253
2 2 0.011082 0.292334 0.469087 0.002605 0.224892
2 2 0.007937 0.248686 0.384654 0.003173 0.355550
2 2 0.025737 0.354886 0.590227 0.000094 0.029057
2 0 0.234789 0.305344 0.397887 0.001779 0.060202
1 0 0.082098 0.451369 0.424530 0.000004 0.041999
1 0 0.167364 0.540802 0.255488 0.000002 0.036344
0 0 0.478356 0.213449 0.291656 0.000022 0.016517
4 0 0.143373 0.051474 0.038098 0.002445 0.764610
4 0 0.341508 0.024299 0.027387 0.014537 0.592268
4 0 0.141472 0.021124 0.020382 0.002781 0.814240
4 0 0.173096 0.025486 0.022037 0.002435 0.776946
4 0 0.161201 0.032549 0.021603 0.000904 0.783742
4 0 0.036000 0.273263 0.141157 0.000141 0.549439
1 1 0.007433 0.372819 0.279325 0.000037 0.340386
4 1 0.019858 0.320852 0.188323 0.000075 0.470892
4 1 0.020861 0.337667 0.184471 0.000047 0.456953
4 1 0.017440 0.361052 0.210748 0.000043 0.410717
4 1 0.017086 0.265048 0.158409 0.000099 0.559358
4 1 0.009991 0.203498 0.162582 0.000376 0.623553
4 1 0.015689 0.296525 0.149115 0.000024 0.538647
4 1 0.017650 0.276859 0.211356 0.000404 0.493732
4 1 0.015848 0.256892 0.107642 0.000011 0.619606
4 1 0.022014 0.118966 0.047218 0.000056 0.811745
4 1 0.021607 0.065866 0.033404 0.000165 0.878958
4 1 0.017049 0.178103 0.080795 0.000040 0.724013
4 1 0.023215 0.028251 0.028404 0.001480 0.918650
4 4 0.017428 0.026240 0.023003 0.000598 0.932731
4 4 0.017384 0.057814 0.038444 0.000436 0.885923
4 4 0.029814 0.028576 0.035479 0.004705 0.901426
4 4 0.012987 0.082583 0.038092 0.000104 0.866234
4 4 0.012293 0.064909 0.052897 0.001062 0.868840
4 4 0.015855 0.056734 0.045312 0.000949 0.881149
4 4 0.023354 0.097571 0.039753 0.000103 0.839219
4 4 0.013646 0.048685 0.025903 0.000107 0.911659
4 4 0.009005 0.073382 0.045663 0.000156 0.871793
4 4 0.008606 0.078465 0.048109 0.000191 0.864629
4 4 0.021116 0.031019 0.026486 0.000730 0.920649
4 4 0.021842 0.017764 0.024115 0.003299 0.932979
4 4 0.016815 0.055994 0.024271 0.000055 0.902864
4 4 0.028392 0.042028 0.021524 0.000117 0.907940
4 4 0.023549 0.036029 0.017951 0.000076 0.922395
4 4 0.014924 0.021712 0.020652 0.000634 0.942078
4 4 0.022521 0.041475 0.040791 0.002106 0.893107
4 4 0.017044 0.086875 0.044883 0.000222 0.850976
4 4 0.023229 0.136787 0.066808 0.000174 0.773002
4 4 0.015403 0.209911 0.118426 0.000093 0.656168
4 4 0.039410 0.142100 0.069204 0.000402 0.748884
4 4 0.016786 0.288819 0.177334 0.000093 0.516968
4 4 0.022652 0.254300 0.125182 0.000055 0.597811
4 4 0.027088 0.326615 0.143511 0.000022 0.502764
4 4 0.015079 0.369374 0.193872 0.000017 0.421657
4 4 0.021172 0.377414 0.163862 0.000010 0.437542
4 4 0.011114 0.021674 0.027070 0.001888 0.938254
4 4 0.005186 0.068662 0.045476 0.000257 0.880420
4 4 0.018630 0.026265 0.023285 0.000658 0.931163
4 4 0.011291 0.054026 0.030293 0.000139 0.904251
4 4 0.009541 0.118367 0.055876 0.000038 0.816178
4 4 0.022326 0.270413 0.228367 0.001159 0.477735
4 4 0.017628 0.151450 0.094530 0.000291 0.736101
4 4 0.018054 0.304260 0.185366 0.000090 0.492231
4 4 0.018214 0.344940 0.229773 0.000113 0.406960
4 4 0.027973 0.299985 0.165333 0.000110 0.506599
4 4 0.013402 0.198697 0.184667 0.001629 0.601606
4 4 0.011052 0.238519 0.254467 0.001761 0.494201
4 4 0.014160 0.217424 0.174156 0.000616 0.593644
4 4 0.026904 0.310443 0.192348 0.000189 0.470116
4 4 0.023992 0.323736 0.227836 0.000294 0.424142
1 4 0.016424 0.409943 0.255121 0.000039 0.318473
4 4 0.011727 0.262246 0.218495 0.000373 0.507160
4 4 0.017304 0.301388 0.209482 0.000185 0.471642
4 4 0.009685 0.294334 0.277524 0.000412 0.418045
4 4 0.013652 0.349981 0.246818 0.000091 0.389458
1 4 0.013551 0.394547 0.235969 0.000025 0.355908
1 4 0.011458 0.355838 0.278907 0.000116 0.353681
4 4 0.016941 0.335243 0.206536 0.000068 0.441212
4 4 0.013820 0.295770 0.243649 0.000350 0.446411
4 4 0.017938 0.316108 0.224991 0.000201 0.440763
1 0 0.083956 0.409744 0.310342 0.001633 0.194326
4 0 0.059351 0.349577 0.234113 0.000839 0.356120
2 0 0.030928 0.360286 0.409658 0.004194 0.194934
2 1 0.017759 0.358371 0.405897 0.001670 0.216304
1 1 0.031464 0.407667 0.369163 0.000859 0.190848
4 1 0.009030 0.312688 0.299565 0.000339 0.378378
2 1 0.006141 0.315772 0.425854 0.001019 0.251215
2 1 0.007616 0.348492 0.372776 0.000324 0.270792
2 1 0.010262 0.304718 0.389756 0.002174 0.293090
1 1 0.022403 0.354354 0.332002 0.000995 0.290246
4 1 0.021564 0.303656 0.240327 0.000566 0.433887
4 1 0.028139 0.266648 0.163296 0.000269 0.541648
4 1 0.013778 0.200086 0.194111 0.002175 0.589850
4 1 0.038752 0.240888 0.143182 0.000485 0.576694
4 1 0.019629 0.298808 0.321599 0.002834 0.357130
4 1 0.011059 0.298468 0.339424 0.001418 0.349632
1 1 0.012006 0.372593 0.371811 0.000392 0.243198
1 2 0.010785 0.342281 0.336444 0.000406 0.310085
4 2 0.007865 0.239496 0.264730 0.001177 0.486731
4 2 0.007666 0.254542 0.342989 0.001192 0.393612
2 2 0.005000 0.290697 0.458756 0.000688 0.244860
