0 0 0.523271 0.135564 0.017970 0.000150 0.323045
0 0 0.362652 0.254017 0.024204 0.000325 0.358803
0 0 0.508522 0.149230 0.018518 0.000780 0.322950
0 0 0.509667 0.036600 0.010530 0.000027 0.443176
0 0 0.573452 0.047008 0.017383 0.000054 0.362102
0 0 0.886681 0.044154 0.027646 0.000481 0.041038
0 0 0.840112 0.055214 0.031511 0.001175 0.071988
0 0 0.976137 0.008706 0.006287 0.000041 0.008830
0 0 0.958524 0.015030 0.010712 0.000130 0.015604
0 0 0.922853 0.025742 0.013578 0.000548 0.037278
1 0 0.244553 0.320190 0.132831 0.009407 0.293019
1 0 0.176706 0.410735 0.103963 0.004511 0.304085
1 0 0.220182 0.400160 0.096346 0.001831 0.281480
1 0 0.107181 0.513491 0.132217 0.003373 0.243738
1 0 0.136885 0.483417 0.115096 0.002737 0.261864
0 0 0.533017 0.231431 0.081651 0.001108 0.152793
0 0 0.769424 0.069191 0.020400 0.001776 0.139210
0 0 0.944841 0.017355 0.019282 0.000470 0.018052
0 0 0.959694 0.013940 0.009720 0.000196 0.016450
0 0 0.830512 0.032583 0.028403 0.000290 0.108212
0 0 0.533976 0.040695 0.009844 0.000046 0.415438
0 0 0.474464 0.157292 0.019653 0.001063 0.347527
4 0 0.293054 0.125066 0.022853 0.000682 0.558345
4 0 0.248899 0.062462 0.020479 0.000813 0.667348
4 1 0.268216 0.102476 0.024443 0.000114 0.604751
1 1 0.110699 0.569685 0.104980 0.000546 0.214091
1 1 0.074772 0.618179 0.157146 0.000593 0.149310
1 1 0.056030 0.586269 0.173693 0.000644 0.183364
1 0 0.057769 0.628022 0.140690 0.000107 0.173412
1 0 0.109210 0.463604 0.171202 0.000250 0.255734
4 0 0.349099 0.056371 0.020696 0.000347 0.573487
0 0 0.654962 0.047648 0.011092 0.000219 0.286078
0 0 0.654007 0.051014 0.014057 0.000506 0.280417
0 0 0.668876 0.051788 0.018971 0.000333 0.260033
4 0 0.385130 0.075244 0.010556 0.000334 0.528737
1 1 0.170288 0.438816 0.175102 0.001774 0.214020
1 1 0.067055 0.575978 0.205464 0.002367 0.149136
1 1 0.072600 0.610603 0.170882 0.000779 0.145136
1 1 0.095423 0.520136 0.199979 0.000677 0.183785
1 2 0.029948 0.401392 0.271138 0.003299 0.294222
2 2 0.018004 0.373097 0.533396 0.017469 0.058034
2 2 0.004203 0.205326 0.675669 0.015005 0.099798
2 2 0.010558 0.383688 0.493611 0.011659 0.100484
2 2 0.009445 0.331661 0.551090 0.008244 0.099560
2 2 0.005041 0.142438 0.761603 0.023280 0.067638
2 2 0.011651 0.230646 0.675797 0.045711 0.036195
2 2 0.010218 0.196574 0.719506 0.036047 0.037655
2 2 0.004468 0.100945 0.847479 0.023200 0.023908
2 2 0.002750 0.067842 0.886885 0.024614 0.017908
2 2 0.021619 0.270699 0.660068 0.025085 0.022529
2 2 0.001001 0.028293 0.958624 0.010924 0.001158
2 2 0.000667 0.024729 0.970063 0.003736 0.000806
2 2 0.000251 0.010216 0.980460 0.008519 0.000553
2 2 0.001244 0.052424 0.934866 0.008553 0.002914
2 0 0.003775 0.127523 0.829066 0.005539 0.034097
1 1 0.106579 0.403066 0.372355 0.007350 0.110650
2 2 0.029756 0.355428 0.534751 0.032361 0.047704
2 2 0.043839 0.236092 0.643888 0.048750 0.027432
2 2 0.026877 0.229612 0.676046 0.046584 0.020881
2 2 0.004727 0.115982 0.806193 0.032463 0.040634
2 2 0.003086 0.039853 0.899901 0.052749 0.004411
2 1 0.017493 0.143478 0.755554 0.072260 0.011213
2 2 0.013704 0.155825 0.701030 0.114915 0.014525
2 1 0.003569 0.053009 0.873586 0.057911 0.011925
2 2 0.021902 0.136484 0.729625 0.067268 0.044721
2 2 0.025525 0.314587 0.550794 0.052305 0.056788
2 2 0.013858 0.171215 0.579115 0.095272 0.140540
2 2 0.003364 0.053221 0.907864 0.019116 0.016434
2 2 0.007562 0.173225 0.697250 0.036916 0.085048
2 2 0.015840 0.266332 0.584072 0.074603 0.059153
2 2 0.006089 0.059783 0.770761 0.157714 0.005653
2 2 0.010303 0.071959 0.760105 0.154397 0.003237
2 2 0.005661 0.049362 0.817104 0.124514 0.003359
2 2 0.008440 0.061657 0.814012 0.113602 0.002290
2 2 0.011388 0.094577 0.736902 0.147837 0.009296
2 2 0.006116 0.112637 0.866534 0.010555 0.004158
2 1 0.005917 0.090480 0.882312 0.018542 0.002749
2 2 0.003289 0.084752 0.897447 0.007849 0.006663
2 2 0.001810 0.066325 0.921397 0.006526 0.003941
2 2 0.000733 0.047774 0.943881 0.003882 0.003729
2 2 0.005949 0.069943 0.892590 0.029443 0.002076
2 2 0.003111 0.050117 0.918909 0.024299 0.003563
2 2 0.009393 0.141916 0.808291 0.034786 0.005614
2 2 0.000905 0.012631 0.931764 0.054094 0.000606
2 2 0.006927 0.111012 0.862491 0.013218 0.006352
2 2 0.005368 0.044322 0.822336 0.125573 0.002400
2 2 0.013746 0.082612 0.781848 0.117415 0.004379
2 2 0.001298 0.011277 0.884367 0.102761 0.000297
2 2 0.006043 0.032302 0.740198 0.220519 0.000938
2 2 0.007497 0.041786 0.728912 0.220316 0.001489
2 2 0.004197 0.060516 0.895423 0.037647 0.002217
2 2 0.000724 0.013929 0.956833 0.027778 0.000735
2 2 0.001055 0.020835 0.939950 0.036875 0.001286
2 1 0.001741 0.022740 0.926007 0.047069 0.002443
2 2 0.001798 0.019657 0.896092 0.081613 0.000840
2 2 0.003512 0.051600 0.868269 0.073662 0.002956
2 2 0.004040 0.026741 0.867039 0.101335 0.000844
2 2 0.007538 0.073510 0.816484 0.099684 0.002784
2 2 0.006274 0.067736 0.795257 0.127355 0.003377
2 2 0.004098 0.039222 0.882760 0.072613 0.001307
2 1 0.005780 0.055951 0.866057 0.065436 0.006776
2 2 0.011636 0.177132 0.731192 0.050599 0.029442
2 2 0.008159 0.121952 0.771505 0.078545 0.019839
2 2 0.003889 0.078511 0.850599 0.051882 0.015119
2 2 0.001175 0.023470 0.946074 0.026084 0.003196
2 2 0.003437 0.031178 0.870813 0.093508 0.001063
2 2 0.003006 0.025848 0.886944 0.083789 0.000412
2 2 0.005531 0.038417 0.874300 0.080949 0.000803
2 2 0.001107 0.011639 0.922257 0.064668 0.000329
2 2 0.003205 0.054784 0.907443 0.032531 0.002037
2 2 0.012265 0.085529 0.705900 0.186683 0.009623
2 2 0.002914 0.028059 0.791736 0.174820 0.002472
2 2 0.004620 0.050596 0.769724 0.166589 0.008471
2 2 0.022860 0.205733 0.605558 0.141783 0.024066
2 2 0.012450 0.115743 0.702598 0.151998 0.017211
2 2 0.003564 0.049603 0.883028 0.057298 0.006507
2 2 0.007467 0.083787 0.799825 0.103236 0.005685
2 2 0.016725 0.123351 0.788314 0.064283 0.007327
2 2 0.007612 0.084858 0.863102 0.040618 0.003810
2 2 0.003376 0.041465 0.925682 0.027404 0.002073
2 2 0.007717 0.159406 0.760597 0.042541 0.029740
2 2 0.021402 0.221410 0.685795 0.052425 0.018968
2 2 0.003633 0.056385 0.885735 0.045449 0.008798
2 2 0.007653 0.088981 0.810349 0.081025 0.011992
2 2 0.005293 0.068045 0.850917 0.067808 0.007937
2 2 0.007600 0.079673 0.816207 0.083665 0.012855
2 2 0.008752 0.093871 0.811312 0.077792 0.008274
2 2 0.012957 0.089252 0.783369 0.109299 0.005124
2 2 0.007890 0.087829 0.820949 0.070811 0.012522
2 2 0.010870 0.088821 0.828413 0.068413 0.003483
2 2 0.005950 0.127819 0.804531 0.030351 0.031349
2 2 0.007904 0.067653 0.888387 0.013672 0.022384
2 2 0.016467 0.163014 0.760547 0.046697 0.013275
2 2 0.004400 0.088091 0.868774 0.018717 0.020018
2 2 0.008437 0.123514 0.815494 0.032526 0.020029
2 1 0.010372 0.132475 0.791122 0.043766 0.022264
2 2 0.020817 0.203287 0.703909 0.055688 0.016300
2 2 0.002862 0.051070 0.916132 0.022618 0.007319
2 2 0.011829 0.169396 0.768406 0.037197 0.013172
2 2 0.005817 0.057006 0.853451 0.076691 0.007035
2 2 0.009610 0.272816 0.651733 0.017770 0.048071
2 2 0.011856 0.352425 0.568652 0.011241 0.055826
2 2 0.006113 0.191372 0.748499 0.011318 0.042698
2 2 0.007255 0.127769 0.820189 0.018851 0.025936
2 2 0.005439 0.097261 0.864853 0.018239 0.014207
4 0 0.023852 0.155735 0.212161 0.009054 0.599198
4 1 0.257371 0.241215 0.153785 0.003014 0.344614
1 1 0.242361 0.435469 0.097837 0.000579 0.223754
1 1 0.090083 0.533483 0.172524 0.004014 0.199897
1 2 0.096215 0.488936 0.174509 0.010084 0.230256
1 0 0.185251 0.439920 0.183920 0.004643 0.186267
1 0 0.236453 0.370433 0.256865 0.004785 0.131464
4 0 0.284061 0.178202 0.098406 0.004521 0.434810
0 0 0.476211 0.140582 0.086328 0.005176 0.291704
1 1 0.193668 0.453517 0.128273 0.001871 0.222670
1 1 0.065894 0.675492 0.128811 0.000135 0.129668
1 0 0.036205 0.609484 0.157241 0.000028 0.197041
1 0 0.056399 0.592187 0.129638 0.000010 0.221766
1 1 0.027073 0.350035 0.283383 0.000104 0.339405
1 1 0.022947 0.525537 0.224513 0.000458 0.226544
1 1 0.022692 0.526615 0.316492 0.005564 0.128637
1 1 0.028815 0.479033 0.409308 0.004961 0.077882
1 1 0.065995 0.508955 0.324301 0.003967 0.096782
2 1 0.063688 0.380372 0.381782 0.001396 0.172761
2 1 0.028318 0.345793 0.452283 0.004290 0.169316
1 1 0.040891 0.437867 0.433589 0.002179 0.085475
1 1 0.042384 0.478672 0.406352 0.005096 0.067496
1 1 0.036392 0.546683 0.332514 0.003304 0.081107
1 2 0.031212 0.498471 0.386021 0.004889 0.079406
1 2 0.031547 0.479196 0.409003 0.002061 0.078193
2 1 0.056327 0.327582 0.573177 0.008697 0.034217
2 1 0.054144 0.237348 0.652045 0.030584 0.025879
1 0 0.066797 0.453595 0.407778 0.004001 0.067829
2 1 0.190223 0.221743 0.521819 0.003288 0.062926
2 0 0.121205 0.356145 0.434758 0.006922 0.080970
1 1 0.140734 0.434934 0.118099 0.000204 0.306029
1 1 0.061585 0.658253 0.128929 0.000299 0.150935
1 1 0.036084 0.546789 0.176859 0.001157 0.239110
1 1 0.088345 0.553317 0.139469 0.000322 0.218546
1 1 0.065248 0.637319 0.094824 0.000085 0.202525
0 1 0.436637 0.315277 0.093986 0.000405 0.153694
0 0 0.453475 0.313112 0.056460 0.000102 0.176851
0 0 0.812132 0.053748 0.019937 0.000106 0.114077
0 0 0.696495 0.052822 0.031314 0.000090 0.219279
0 0 0.973365 0.009519 0.010435 0.000047 0.006633
0 0 0.973065 0.008807 0.012046 0.000097 0.005986
0 0 0.975014 0.007813 0.011806 0.000114 0.005252
0 0 0.662222 0.157106 0.099533 0.001328 0.079811
0 0 0.931999 0.024470 0.021011 0.000125 0.022395
0 0 0.947442 0.019254 0.018605 0.000220 0.014479
4 0 0.075634 0.139835 0.018239 0.000011 0.766281
4 4 0.119520 0.073282 0.002868 0.000000 0.804331
4 4 0.067208 0.051709 0.006305 0.000001 0.874777
4 4 0.040727 0.114883 0.014238 0.000002 0.830150
4 4 0.044301 0.050002 0.007461 0.000001 0.898235
4 4 0.082469 0.098089 0.022329 0.000007 0.797106
4 4 0.092651 0.052295 0.019708 0.000041 0.835306
4 4 0.072998 0.109663 0.029191 0.000104 0.788044
4 4 0.059636 0.149078 0.040339 0.000102 0.750846
4 4 0.061806 0.116448 0.007600 0.000000 0.814146
4 4 0.050421 0.077474 0.005871 0.000000 0.866233
4 4 0.036295 0.058599 0.004130 0.000000 0.900976
4 4 0.031511 0.047109 0.008742 0.000000 0.912638
4 4 0.049087 0.009816 0.003519 0.000020 0.937558
4 4 0.103964 0.035872 0.003993 0.000001 0.856170
4 4 0.214663 0.119692 0.019439 0.000192 0.646014
4 4 0.093447 0.031062 0.013869 0.000377 0.861244
4 4 0.079215 0.037738 0.016228 0.000275 0.866544
4 4 0.108445 0.032861 0.009310 0.000103 0.849280
4 1 0.143328 0.031236 0.008941 0.000185 0.816310
4 4 0.308920 0.131097 0.012667 0.000001 0.547316
4 4 0.106779 0.022169 0.006652 0.000091 0.864310
4 4 0.103517 0.039376 0.011542 0.000122 0.845442
4 4 0.135007 0.082279 0.009644 0.000014 0.773056
4 4 0.091542 0.023350 0.008253 0.000124 0.876732
1 4 0.035079 0.505431 0.047462 0.000005 0.412023
1 4 0.043037 0.472209 0.051187 0.000001 0.433567
4 4 0.028219 0.429104 0.076177 0.000000 0.466500
4 4 0.020076 0.204453 0.160015 0.000063 0.615392
1 4 0.037936 0.450599 0.110413 0.000002 0.401050
1 4 0.013632 0.466586 0.386236 0.000049 0.133496
1 4 0.015108 0.515457 0.279455 0.000149 0.189831
1 4 0.014255 0.552568 0.227267 0.000050 0.205860
2 4 0.008048 0.343116 0.413431 0.000244 0.235160
1 2 0.012277 0.457424 0.354151 0.000125 0.176024
2 2 0.004499 0.180341 0.786839 0.003862 0.024458
2 1 0.004586 0.163782 0.809253 0.003760 0.018620
2 2 0.019757 0.273978 0.648455 0.018742 0.039068
2 2 0.006227 0.269805 0.680758 0.004571 0.038639
2 2 0.003391 0.092736 0.884187 0.003749 0.015937
2 2 0.030039 0.423331 0.502659 0.004008 0.039963
2 2 0.002267 0.073151 0.910221 0.001596 0.012765
2 2 0.005117 0.144709 0.831452 0.001187 0.017536
2 2 0.007280 0.234633 0.709307 0.014349 0.034431
2 2 0.002973 0.143859 0.816081 0.006154 0.030933
2 2 0.001441 0.045041 0.949012 0.003157 0.001349
2 2 0.000446 0.018274 0.979298 0.001419 0.000563
2 2 0.002501 0.068279 0.923312 0.002906 0.003002
2 2 0.001888 0.064400 0.929005 0.001468 0.003240
2 2 0.000597 0.025936 0.969997 0.002733 0.000736
2 1 0.000700 0.040517 0.947894 0.002462 0.008428
2 1 0.002189 0.069006 0.907642 0.009642 0.011521
2 2 0.013370 0.212035 0.748578 0.015487 0.010530
2 2 0.002856 0.063559 0.920691 0.004357 0.008537
2 2 0.006240 0.146027 0.831111 0.007207 0.009415
2 2 0.018312 0.358651 0.558345 0.017553 0.047139
2 2 0.001959 0.096244 0.872575 0.005112 0.024110
2 2 0.004501 0.166881 0.747847 0.010880 0.069891
2 1 0.010286 0.224446 0.689452 0.027241 0.048574
2 2 0.019395 0.309152 0.567654 0.010496 0.093303
2 2 0.004042 0.084864 0.886257 0.020161 0.004676
2 2 0.002283 0.047898 0.931573 0.015491 0.002756
2 2 0.000966 0.034865 0.955512 0.005722 0.002935
2 2 0.003734 0.045537 0.932344 0.015667 0.002718
2 2 0.009876 0.114141 0.836626 0.033458 0.005899
2 2 0.005908 0.122169 0.833425 0.019670 0.018828
2 1 0.010639 0.156775 0.764916 0.041275 0.026395
2 2 0.008189 0.217974 0.729848 0.011257 0.032733
2 2 0.008578 0.219777 0.723248 0.013585 0.034812
2 2 0.011965 0.230159 0.696986 0.024422 0.036467
2 2 0.017553 0.299948 0.570310 0.041738 0.070451
2 2 0.011213 0.291131 0.660147 0.007150 0.030360
2 2 0.016901 0.374732 0.531192 0.016620 0.060555
2 2 0.003917 0.087999 0.871358 0.016281 0.020444
2 2 0.023369 0.387172 0.491827 0.040633 0.057000
2 2 0.003572 0.073546 0.886570 0.023730 0.012582
2 2 0.008368 0.133996 0.807837 0.035213 0.014586
2 2 0.007211 0.138351 0.743968 0.068920 0.041551
2 2 0.002838 0.059378 0.905905 0.024060 0.007819
2 2 0.005245 0.141768 0.790340 0.038114 0.024532
2 2 0.012571 0.111908 0.768424 0.096313 0.010784
2 2 0.004059 0.044376 0.846615 0.098771 0.006179
2 2 0.004772 0.055204 0.812317 0.120471 0.007235
2 2 0.006160 0.051315 0.771022 0.164157 0.007346
2 0 0.009836 0.098198 0.730702 0.142536 0.018728
2 1 0.055662 0.138306 0.547293 0.226535 0.032204
2 1 0.051460 0.287355 0.546264 0.068073 0.046848
2 2 0.072692 0.257663 0.556830 0.067476 0.045339
2 0 0.038955 0.190552 0.600503 0.143061 0.026930
0 1 0.366295 0.248138 0.305335 0.005765 0.074467
1 2 0.092491 0.494860 0.181623 0.009815 0.221211
1 2 0.125997 0.490805 0.179742 0.004451 0.199006
1 1 0.098946 0.478950 0.177797 0.011883 0.232424
2 2 0.133572 0.272546 0.316235 0.003410 0.274236
1 1 0.082461 0.487159 0.203613 0.015205 0.211561
2 2 0.070619 0.374001 0.456371 0.026060 0.072948
1 1 0.067560 0.437493 0.367998 0.021984 0.104965
1 2 0.130578 0.426994 0.224455 0.010030 0.207943
2 1 0.052462 0.368424 0.414757 0.073338 0.091019
2 1 0.080125 0.328317 0.434939 0.019221 0.137398
2 2 0.021713 0.259808 0.678173 0.020804 0.019503
2 1 0.015520 0.161801 0.768622 0.042464 0.011594
2 1 0.015209 0.188941 0.727014 0.044755 0.024081
2 1 0.015141 0.162367 0.767222 0.038126 0.017144
2 1 0.017861 0.179488 0.704575 0.033614 0.064463
2 2 0.020413 0.420995 0.506154 0.009254 0.043183
2 1 0.016895 0.342703 0.577144 0.012452 0.050806
2 1 0.013341 0.371017 0.536694 0.003730 0.075219
2 2 0.020232 0.436740 0.455514 0.015702 0.071813
2 0 0.030267 0.410451 0.492559 0.003486 0.063238
1 1 0.053038 0.534700 0.245972 0.005429 0.160860
1 1 0.054254 0.596837 0.244055 0.001163 0.103691
1 1 0.057006 0.545778 0.196518 0.004524 0.196174
1 1 0.044055 0.597611 0.192566 0.002117 0.163652
1 1 0.076453 0.445256 0.205558 0.000571 0.272162
2 1 0.035885 0.355427 0.552577 0.015450 0.040661
1 1 0.055735 0.446997 0.430196 0.004808 0.062264
1 1 0.045136 0.461861 0.418058 0.006504 0.068441
1 1 0.058565 0.466576 0.364714 0.011781 0.098365
2 1 0.054476 0.325552 0.556653 0.020663 0.042656
1 2 0.041098 0.530140 0.267273 0.014999 0.146490
1 1 0.042592 0.521861 0.306811 0.010790 0.117945
1 1 0.040679 0.547771 0.263238 0.009906 0.138407
1 1 0.032671 0.431991 0.401424 0.006303 0.127611
1 1 0.062506 0.537363 0.293691 0.003005 0.103435
2 1 0.046658 0.389503 0.419108 0.015556 0.129175
1 1 0.062873 0.484302 0.298372 0.015934 0.138518
1 1 0.034382 0.442014 0.440028 0.015675 0.067900
2 1 0.028635 0.253200 0.616523 0.071372 0.030271
2 1 0.020926 0.382225 0.485686 0.022365 0.088798
2 1 0.023596 0.260163 0.650321 0.041222 0.024698
2 1 0.027685 0.158404 0.724463 0.076116 0.013331
2 2 0.016433 0.126141 0.770920 0.079056 0.007450
2 1 0.022010 0.231387 0.681002 0.045734 0.019868
2 0 0.019750 0.118510 0.777853 0.076591 0.007296
1 0 0.052589 0.478014 0.345181 0.010667 0.113549
1 1 0.080575 0.510605 0.288891 0.004073 0.115856
1 1 0.042728 0.536300 0.261391 0.001548 0.158032
1 1 0.036856 0.337619 0.295436 0.004607 0.325482
4 1 0.036138 0.330599 0.227497 0.004583 0.401183
1 0 0.081802 0.544374 0.124204 0.000678 0.248943
4 1 0.076159 0.193675 0.173407 0.002214 0.554544
1 1 0.071197 0.593506 0.128873 0.001325 0.205098
1 1 0.071460 0.536986 0.183949 0.006612 0.200993
1 1 0.100113 0.521836 0.134898 0.000697 0.242456
1 1 0.043765 0.508497 0.333888 0.009773 0.104078
1 1 0.049683 0.555022 0.318181 0.001372 0.075742
1 1 0.047901 0.552654 0.301123 0.002934 0.095388
1 1 0.071061 0.525842 0.294058 0.003120 0.105919
1 0 0.029689 0.583190 0.297079 0.002814 0.087228
0 0 0.412776 0.337231 0.158369 0.000209 0.091415
1 0 0.335571 0.363559 0.174269 0.000875 0.125726
0 0 0.460422 0.299470 0.148443 0.000262 0.091403
0 0 0.379552 0.321203 0.162028 0.001441 0.135777
0 0 0.377163 0.335381 0.189976 0.000556 0.096924
0 0 0.454066 0.264211 0.030231 0.000110 0.251383
0 0 0.695160 0.094949 0.038787 0.000183 0.170921
0 0 0.600166 0.110128 0.033124 0.001805 0.254777
1 1 0.277768 0.402724 0.068195 0.000398 0.250915
0 1 0.395549 0.334253 0.037138 0.000062 0.232998
1 1 0.052945 0.569766 0.239700 0.003750 0.133838
1 1 0.039752 0.584799 0.271004 0.002542 0.101902
1 1 0.046392 0.622784 0.229081 0.000839 0.100903
1 1 0.059121 0.552248 0.270200 0.003213 0.115218
2 2 0.015625 0.380923 0.433634 0.004016 0.165802
2 2 0.015019 0.177780 0.782355 0.016433 0.008413
2 2 0.014064 0.223462 0.740658 0.010878 0.010939
2 2 0.003354 0.035961 0.937652 0.020606 0.002427
2 2 0.001313 0.035735 0.955635 0.004274 0.003043
2 2 0.004130 0.088221 0.882449 0.018586 0.006614
2 2 0.004982 0.133233 0.855857 0.003236 0.002692
2 2 0.001915 0.088695 0.905643 0.001477 0.002270
2 2 0.001284 0.025473 0.964718 0.008053 0.000472
2 2 0.004441 0.096105 0.893013 0.004101 0.002340
2 2 0.003216 0.074773 0.914226 0.006807 0.000978
2 2 0.004302 0.076116 0.905820 0.011389 0.002372
2 2 0.007277 0.124696 0.839820 0.021482 0.006725
2 2 0.008042 0.143363 0.819427 0.020884 0.008284
2 2 0.006064 0.083871 0.867197 0.035997 0.006870
2 2 0.010923 0.132089 0.806267 0.044364 0.006357
2 2 0.003518 0.035816 0.857383 0.101546 0.001737
2 2 0.007704 0.070574 0.827838 0.090729 0.003155
2 2 0.012047 0.087154 0.689817 0.205740 0.005241
2 2 0.008591 0.064972 0.768069 0.154884 0.003484
2 3 0.013822 0.109986 0.765279 0.104832 0.006082
2 3 0.019050 0.112873 0.659903 0.198701 0.009472
2 3 0.015693 0.074141 0.596929 0.307373 0.005864
2 3 0.019846 0.092653 0.689018 0.191490 0.006993
2 3 0.016129 0.068528 0.602961 0.307109 0.005272
2 3 0.020628 0.092611 0.534246 0.342296 0.010218
2 3 0.024561 0.130109 0.545676 0.283042 0.016612
2 3 0.023042 0.085664 0.578477 0.304116 0.008701
2 3 0.020785 0.104561 0.580572 0.283324 0.010758
2 3 0.023119 0.144403 0.546834 0.267211 0.018433
2 3 0.028943 0.158250 0.539611 0.243145 0.030052
3 3 0.010495 0.034517 0.406811 0.545365 0.002812
3 3 0.010449 0.032524 0.410739 0.543727 0.002561
2 3 0.011180 0.039135 0.551488 0.395809 0.002388
3 3 0.009742 0.037978 0.430707 0.518667 0.002906
3 3 0.010442 0.032209 0.418233 0.536641 0.002475
3 3 0.013393 0.046340 0.394198 0.541240 0.004829
3 3 0.017290 0.052029 0.443132 0.482041 0.005508
3 3 0.014084 0.040695 0.397723 0.543402 0.004095
3 3 0.011433 0.030947 0.307635 0.646557 0.003428
3 3 0.017077 0.053251 0.360348 0.562169 0.007155
3 3 0.008463 0.022141 0.408417 0.559585 0.001393
3 3 0.009345 0.021740 0.379644 0.587731 0.001539
3 3 0.010563 0.023802 0.408453 0.555490 0.001691
3 3 0.006847 0.016597 0.264357 0.710819 0.001380
3 3 0.010511 0.034295 0.377664 0.574497 0.003034
3 3 0.021859 0.049014 0.291518 0.628644 0.008965
3 3 0.022671 0.076935 0.389964 0.498309 0.012121
3 3 0.021673 0.067002 0.366393 0.534334 0.010598
3 3 0.021701 0.058557 0.333920 0.576018 0.009804
3 3 0.023260 0.056217 0.376495 0.535666 0.008361
3 3 0.014616 0.034576 0.291644 0.654469 0.004694
3 3 0.015167 0.042696 0.330179 0.606407 0.005552
3 3 0.014396 0.036346 0.348463 0.596686 0.004110
3 3 0.011671 0.026128 0.268017 0.691000 0.003184
3 3 0.011121 0.025082 0.264332 0.696473 0.002993
3 3 0.012484 0.018114 0.183600 0.782844 0.002958
3 3 0.012869 0.032936 0.299890 0.650268 0.004036
3 3 0.014344 0.022515 0.202471 0.756851 0.003819
3 3 0.011101 0.019480 0.212971 0.753788 0.002660
3 3 0.011183 0.020158 0.218383 0.747552 0.002724
3 3 0.025510 0.075437 0.360036 0.525435 0.013581
3 3 0.018685 0.048952 0.321497 0.603342 0.007525
3 3 0.019430 0.041224 0.274857 0.657308 0.007181
3 3 0.021700 0.061686 0.346288 0.560224 0.010103
3 3 0.021686 0.057904 0.331404 0.579271 0.009735
3 3 0.023595 0.062088 0.330702 0.572502 0.011113
3 3 0.015573 0.030803 0.250891 0.697892 0.004841
3 3 0.022860 0.059364 0.326631 0.580684 0.010462
3 3 0.017199 0.039247 0.286152 0.651297 0.006105
3 3 0.017702 0.036426 0.264525 0.675272 0.006075
3 3 0.017943 0.038745 0.275573 0.661377 0.006361
3 3 0.017163 0.034340 0.257295 0.685504 0.005699
3 3 0.013833 0.023949 0.219307 0.739150 0.003761
3 3 0.019438 0.043321 0.285763 0.644110 0.007368
3 3 0.014482 0.024785 0.218917 0.737788 0.004028
3 3 0.016393 0.026192 0.210763 0.741884 0.004768
3 3 0.012134 0.032499 0.307931 0.643681 0.003755
3 3 0.010891 0.025890 0.275074 0.685177 0.002968
3 3 0.015200 0.038941 0.307634 0.632927 0.005297
3 3 0.012691 0.024454 0.236895 0.722523 0.003438
3 3 0.018536 0.048052 0.323191 0.601847 0.008375
3 3 0.013877 0.031564 0.276216 0.674044 0.004299
3 3 0.017033 0.037937 0.284875 0.654321 0.005833
3 3 0.016287 0.033669 0.262115 0.682612 0.005318
3 3 0.012110 0.026594 0.262377 0.695529 0.003390
3 3 0.016769 0.027166 0.214194 0.736895 0.004975
3 3 0.017705 0.028419 0.214512 0.733956 0.005408
3 3 0.013948 0.015526 0.146629 0.820726 0.003170
3 3 0.021595 0.042088 0.260619 0.667517 0.008180
3 3 0.022335 0.047056 0.278542 0.643076 0.008992
3 3 0.009494 0.015319 0.199603 0.773669 0.001915
3 3 0.020670 0.047295 0.294010 0.629761 0.008264
3 3 0.013163 0.029266 0.268819 0.684850 0.003902
3 3 0.016577 0.040169 0.298339 0.638986 0.005929
3 3 0.014575 0.030611 0.260845 0.689492 0.004476
3 3 0.017051 0.029691 0.228682 0.719295 0.005281
3 3 0.016656 0.037875 0.284029 0.655657 0.005783
3 3 0.016108 0.033878 0.267838 0.676960 0.005216
3 3 0.016541 0.027759 0.229840 0.721130 0.004730
3 3 0.016668 0.036884 0.277974 0.662763 0.005711
3 3 0.027182 0.048157 0.325735 0.590507 0.008418
3 3 0.019369 0.049522 0.317121 0.606109 0.007879
3 3 0.016346 0.033227 0.258664 0.686457 0.005306
3 3 0.015603 0.030463 0.248246 0.700862 0.004826
3 3 0.015378 0.029459 0.243727 0.706763 0.004672
3 3 0.007873 0.012971 0.187803 0.789855 0.001499
3 3 0.008450 0.011697 0.201699 0.776909 0.001245
3 3 0.010324 0.014185 0.217965 0.755895 0.001630
3 3 0.008529 0.014908 0.201468 0.773350 0.001745
3 3 0.008857 0.013449 0.178525 0.797422 0.001747
3 3 0.017665 0.030017 0.255374 0.692103 0.004841
3 3 0.012842 0.020668 0.202752 0.760504 0.003234
3 3 0.019839 0.040529 0.267457 0.664885 0.007290
3 3 0.029109 0.044990 0.226661 0.686302 0.012939
3 0 0.009466 0.019790 0.275477 0.688884 0.006382
3 0 0.159746 0.084355 0.249250 0.460321 0.046328
3 2 0.230643 0.094498 0.296347 0.335120 0.043392
2 2 0.249471 0.199302 0.262751 0.175011 0.113464
2 1 0.238058 0.164810 0.289422 0.224686 0.083023
2 1 0.234070 0.223871 0.299978 0.135397 0.106683
1 0 0.083575 0.372580 0.334654 0.076178 0.133012
1 0 0.114172 0.345525 0.305417 0.086395 0.148492
2 1 0.109886 0.222418 0.348301 0.186828 0.132567
1 1 0.096494 0.447055 0.253119 0.026009 0.177324
2 1 0.055322 0.319205 0.416109 0.124006 0.085358
1 1 0.034214 0.524972 0.261813 0.008209 0.170793
1 1 0.028291 0.488594 0.284339 0.008003 0.190773
1 1 0.028963 0.442459 0.251190 0.004043 0.273346
1 1 0.030071 0.525276 0.192909 0.001173 0.250571
1 1 0.039961 0.577569 0.169114 0.001229 0.212127
1 1 0.057927 0.592278 0.230606 0.001488 0.117702
1 1 0.084607 0.535726 0.245311 0.002828 0.131528
1 1 0.038233 0.559933 0.264292 0.001580 0.135962
1 1 0.080595 0.539359 0.257464 0.001973 0.120609
1 1 0.067721 0.518447 0.309583 0.003495 0.100754
1 2 0.070309 0.494298 0.138588 0.001014 0.295790
1 2 0.076824 0.561490 0.194462 0.002723 0.164502
1 2 0.077641 0.562790 0.183438 0.002671 0.173460
1 2 0.117646 0.491580 0.171939 0.002138 0.216697
1 2 0.094464 0.520922 0.148440 0.004492 0.231682
1 1 0.061868 0.522121 0.219825 0.011924 0.184261
1 1 0.074551 0.551526 0.162834 0.004079 0.207010
1 1 0.047840 0.400886 0.219209 0.006377 0.325687
1 1 0.093939 0.513999 0.156189 0.005601 0.230272
1 1 0.079849 0.455515 0.142768 0.002533 0.319334
1 1 0.049890 0.449095 0.212106 0.005496 0.283413
1 1 0.068229 0.422922 0.157088 0.002870 0.348892
1 1 0.049649 0.368756 0.212100 0.006511 0.362984
1 1 0.088503 0.438394 0.202618 0.008701 0.261783
1 1 0.100107 0.524702 0.142011 0.003364 0.229816
1 1 0.038623 0.616651 0.218521 0.000714 0.125491
1 1 0.015618 0.481242 0.316863 0.003590 0.182687
1 1 0.019918 0.475695 0.296338 0.001076 0.206973
1 1 0.028700 0.476669 0.344196 0.002252 0.148183
1 1 0.024281 0.499250 0.304506 0.003999 0.167964
1 1 0.027022 0.433418 0.408162 0.024719 0.106678
1 1 0.011289 0.431683 0.427644 0.009833 0.119552
2 1 0.015293 0.383446 0.466723 0.004488 0.130050
2 2 0.011901 0.361875 0.520126 0.016223 0.089876
2 1 0.005273 0.285453 0.593169 0.006593 0.109513
1 1 0.036199 0.400401 0.342512 0.027254 0.193634
1 1 0.046834 0.476601 0.349113 0.011108 0.116344
1 1 0.040036 0.406711 0.394167 0.001664 0.157421
1 1 0.034460 0.498676 0.290369 0.007511 0.168984
1 1 0.037548 0.430072 0.379924 0.005977 0.146479
1 1 0.050826 0.614810 0.165336 0.000485 0.168543
1 1 0.036489 0.539407 0.253711 0.002315 0.168078
1 1 0.067724 0.642540 0.160568 0.000341 0.128826
1 1 0.038556 0.572480 0.193025 0.001424 0.194514
1 1 0.087164 0.551058 0.214398 0.002195 0.145186
1 1 0.073449 0.516800 0.159782 0.003393 0.246575
1 1 0.054297 0.604310 0.161248 0.002123 0.178021
1 1 0.070575 0.522289 0.189310 0.007208 0.210618
1 1 0.015038 0.426921 0.362187 0.008953 0.186902
1 1 0.062405 0.554943 0.202708 0.002468 0.177476
1 1 0.031866 0.413548 0.361814 0.005069 0.187703
1 1 0.050394 0.547253 0.276187 0.005315 0.120851
1 1 0.087836 0.471494 0.231119 0.004275 0.205276
1 1 0.038564 0.451165 0.311966 0.010443 0.187862
1 1 0.061124 0.557193 0.284443 0.001716 0.095524
4 1 0.037071 0.279841 0.126704 0.000670 0.555714
1 1 0.082748 0.571991 0.111905 0.000965 0.232391
1 1 0.045332 0.519193 0.220847 0.004366 0.210262
1 1 0.110865 0.579595 0.088242 0.000315 0.220983
1 0 0.094537 0.591774 0.098243 0.000450 0.214996
1 1 0.240172 0.318142 0.245589 0.005494 0.190602
1 1 0.136274 0.537323 0.115479 0.000718 0.210206
1 2 0.041542 0.386484 0.259434 0.011287 0.301253
1 2 0.027290 0.384395 0.204827 0.000593 0.382895
4 2 0.020389 0.330025 0.256217 0.002995 0.390373
4 2 0.013557 0.317996 0.185017 0.000345 0.483085
4 4 0.008245 0.186450 0.176012 0.000286 0.629007
4 4 0.015054 0.226115 0.129705 0.000096 0.629029
4 4 0.025429 0.059909 0.049122 0.000467 0.865072
4 4 0.032552 0.173361 0.086579 0.000026 0.707482
4 4 0.046577 0.014053 0.003708 0.000008 0.935653
4 4 0.066048 0.019265 0.008553 0.000127 0.906007
4 4 0.260933 0.078306 0.009781 0.000079 0.650902
4 4 0.058860 0.027353 0.017888 0.000539 0.895360
4 4 0.067733 0.041069 0.010506 0.000033 0.880660
4 4 0.086338 0.028165 0.012672 0.000305 0.872519
4 4 0.054547 0.024837 0.008431 0.000040 0.912145
4 4 0.052150 0.022041 0.013847 0.000310 0.911651
4 4 0.041906 0.016792 0.004979 0.000011 0.936312
4 4 0.084650 0.015636 0.004289 0.000031 0.895394
4 4 0.060870 0.007845 0.001894 0.000006 0.929385
4 4 0.140185 0.015673 0.002703 0.000017 0.841421
4 4 0.160393 0.016835 0.002692 0.000017 0.820063
4 4 0.140668 0.023242 0.005410 0.000067 0.830612
4 4 0.138786 0.018479 0.003657 0.000030 0.839047
4 4 0.317270 0.021821 0.001996 0.000015 0.658898
4 4 0.219238 0.019876 0.003600 0.000016 0.757271
4 4 0.182689 0.039901 0.008736 0.000145 0.768528
4 4 0.089143 0.035688 0.010932 0.000060 0.864177
4 4 0.158290 0.024144 0.005106 0.000063 0.812397
4 4 0.037412 0.005504 0.001667 0.000004 0.955413
4 4 0.085445 0.007441 0.001212 0.000003 0.905898
4 4 0.082251 0.028695 0.013772 0.000355 0.874928
4 4 0.046246 0.055630 0.004928 0.000000 0.893195
4 4 0.034678 0.015444 0.004552 0.000007 0.945319
4 4 0.039623 0.008582 0.001458 0.000001 0.950336
4 4 0.008899 0.042362 0.007944 0.000000 0.940794
4 4 0.012396 0.011458 0.002712 0.000000 0.973434
4 4 0.013161 0.010637 0.001329 0.000000 0.974873
4 4 0.021329 0.004773 0.002304 0.000007 0.971586
4 4 0.041258 0.002494 0.000480 0.000000 0.955768
4 4 0.058839 0.003415 0.000448 0.000000 0.937298
4 4 0.062145 0.008911 0.002324 0.000009 0.926611
4 4 0.076460 0.055540 0.001777 0.000000 0.866223
4 4 0.029832 0.017316 0.002354 0.000000 0.950498
4 4 0.029349 0.156772 0.033014 0.000011 0.780855
4 2 0.010702 0.091125 0.119656 0.000065 0.778452
4 2 0.040148 0.348131 0.076104 0.000009 0.535607
4 2 0.020623 0.260661 0.092210 0.000073 0.626433
4 2 0.035359 0.234433 0.062251 0.000001 0.667957
2 2 0.007911 0.371998 0.446906 0.000102 0.173083
1 2 0.013189 0.499807 0.351653 0.000081 0.135270
2 2 0.006474 0.316843 0.483266 0.000035 0.193381
1 2 0.006400 0.411868 0.346563 0.000072 0.235096
1 2 0.013028 0.448437 0.342468 0.000025 0.196042
2 2 0.003138 0.266924 0.657883 0.001280 0.070775
2 2 0.004344 0.292090 0.634448 0.001131 0.067987
2 2 0.003215 0.214510 0.708654 0.002150 0.071472
2 2 0.005980 0.275190 0.639834 0.000584 0.078412
2 2 0.005759 0.212441 0.714059 0.000437 0.067304
2 2 0.000635 0.074887 0.912689 0.000525 0.011264
2 2 0.000170 0.056282 0.935827 0.000053 0.007668
2 2 0.000492 0.090292 0.893716 0.000097 0.015402
2 2 0.000330 0.079864 0.908491 0.000130 0.011185
2 2 0.000307 0.081231 0.907518 0.000107 0.010837
2 2 0.000103 0.024959 0.974023 0.000049 0.000866
2 2 0.000117 0.012289 0.987193 0.000105 0.000295
2 2 0.000118 0.046464 0.951736 0.000024 0.001659
2 2 0.000173 0.029683 0.969015 0.000120 0.001009
2 2 0.000058 0.015292 0.984225 0.000039 0.000386
2 2 0.001185 0.104863 0.859172 0.000109 0.034671
2 2 0.000533 0.086384 0.904105 0.000226 0.008752
2 2 0.000422 0.091099 0.891795 0.000024 0.016660
2 2 0.000131 0.040899 0.955140 0.000041 0.003789
2 2 0.000312 0.078724 0.911352 0.000086 0.009526
2 2 0.000325 0.102415 0.875243 0.000170 0.021846
2 2 0.000632 0.107934 0.877927 0.000114 0.013393
2 2 0.001738 0.175657 0.807289 0.000257 0.015059
2 2 0.007152 0.274292 0.700664 0.000917 0.016975
2 2 0.001506 0.147391 0.833510 0.000072 0.017521
2 2 0.020176 0.265767 0.466798 0.000532 0.246727
1 2 0.054991 0.518417 0.321655 0.005020 0.099917
1 2 0.046118 0.552319 0.304047 0.003072 0.094444
2 2 0.022066 0.317574 0.515872 0.001276 0.143212
1 0 0.040217 0.481716 0.384823 0.008343 0.084901
4 2 0.210682 0.232259 0.148776 0.007650 0.400633
1 0 0.124175 0.515691 0.142259 0.002199 0.215676
1 1 0.211697 0.405077 0.126756 0.004475 0.251995
1 1 0.201393 0.441243 0.123786 0.002094 0.231484
1 1 0.165305 0.486121 0.153565 0.001740 0.193270
1 1 0.018198 0.431664 0.353815 0.011594 0.184729
1 1 0.051864 0.512920 0.272357 0.000630 0.162229
1 1 0.046351 0.592824 0.195213 0.003776 0.161836
1 1 0.066941 0.346284 0.264144 0.000820 0.321811
1 1 0.055347 0.576161 0.183358 0.002657 0.182477
1 1 0.094054 0.525268 0.139921 0.000576 0.240181
1 2 0.082133 0.416694 0.148074 0.003412 0.349687
1 0 0.035639 0.417507 0.249239 0.006189 0.291426
1 1 0.082736 0.393480 0.167773 0.002399 0.353612
1 1 0.072386 0.545518 0.176397 0.005181 0.200517
1 1 0.044733 0.377295 0.231599 0.001935 0.344438
1 1 0.074620 0.558866 0.207677 0.001284 0.157553
1 1 0.052478 0.431483 0.176796 0.002321 0.336922
1 1 0.067426 0.510937 0.166565 0.003360 0.251713
4 1 0.025748 0.222149 0.309110 0.003320 0.439673
1 2 0.062190 0.449309 0.144767 0.001210 0.342524
1 1 0.088959 0.587085 0.095074 0.000542 0.228340
1 1 0.088723 0.392456 0.126042 0.000676 0.392102
1 0 0.071605 0.575752 0.132525 0.001462 0.218656
4 0 0.055812 0.312199 0.221377 0.002431 0.408181
1 1 0.063565 0.544437 0.227942 0.000651 0.163405
1 2 0.027124 0.463239 0.294963 0.000759 0.213914
4 2 0.018098 0.274818 0.260656 0.000619 0.445809
1 2 0.048664 0.447805 0.179406 0.001351 0.322774
1 2 0.035899 0.508990 0.182164 0.000582 0.272365
2 2 0.014081 0.322074 0.500096 0.006098 0.157651
2 2 0.008408 0.295524 0.571817 0.001145 0.123106
2 2 0.010582 0.249559 0.495361 0.001547 0.242951
2 2 0.014691 0.326825 0.487373 0.002469 0.168642
2 2 0.013493 0.301994 0.571493 0.001605 0.111415
2 2 0.004513 0.239195 0.659288 0.001366 0.095637
2 2 0.005635 0.267834 0.687300 0.000918 0.038313
2 2 0.004287 0.224280 0.729024 0.000295 0.042113
2 2 0.002407 0.218354 0.704739 0.000100 0.074400
2 2 0.006274 0.225455 0.694430 0.001097 0.072743
2 2 0.001056 0.110620 0.866068 0.000704 0.021553
2 1 0.000615 0.120252 0.849736 0.000359 0.029039
2 1 0.003133 0.158748 0.807740 0.002540 0.027840
2 1 0.002296 0.194503 0.776292 0.000126 0.026784
2 2 0.004520 0.227808 0.733648 0.001377 0.032646
2 2 0.009638 0.167538 0.572684 0.003780 0.246360
2 2 0.005992 0.343994 0.561349 0.002745 0.085921
2 2 0.018344 0.235291 0.663293 0.002492 0.080580
2 2 0.023395 0.410626 0.482798 0.003811 0.079370
2 2 0.029024 0.337603 0.546145 0.017608 0.069620
2 2 0.001343 0.102770 0.877600 0.001316 0.016971
2 2 0.001187 0.146540 0.819415 0.000763 0.032095
2 1 0.005248 0.325033 0.628282 0.002785 0.038652
2 1 0.003108 0.235684 0.725761 0.001025 0.034422
2 2 0.003016 0.229700 0.721491 0.000245 0.045548
2 2 0.004497 0.143977 0.821724 0.001367 0.028435
2 2 0.013273 0.338765 0.602589 0.000791 0.044582
2 2 0.008352 0.216592 0.681307 0.000511 0.093239
2 2 0.005952 0.154461 0.813471 0.000544 0.025573
2 2 0.006633 0.276453 0.659605 0.004269 0.053040
2 2 0.001722 0.164929 0.782894 0.000236 0.050218
2 2 0.003505 0.205242 0.750466 0.000289 0.040499
2 2 0.015723 0.349880 0.565415 0.000409 0.068573
2 1 0.003570 0.206270 0.748632 0.000209 0.041320
2 2 0.003680 0.254561 0.712136 0.000119 0.029504
1 2 0.070151 0.463070 0.305808 0.002269 0.158702
1 2 0.051207 0.335769 0.308561 0.000594 0.303870
1 0 0.059699 0.412675 0.379221 0.005037 0.143369
4 0 0.199652 0.237500 0.205424 0.003408 0.354016
1 1 0.161853 0.432907 0.260496 0.005380 0.139363
1 0 0.216800 0.402249 0.053561 0.000665 0.326724
4 1 0.308304 0.166564 0.057232 0.002053 0.465847
4 0 0.223753 0.345390 0.046140 0.000496 0.384221
4 1 0.209042 0.079178 0.022635 0.000944 0.688202
1 1 0.244719 0.361027 0.064995 0.001872 0.327387
1 1 0.127949 0.455841 0.165348 0.005286 0.245576
1 1 0.164855 0.528173 0.073949 0.000202 0.232821
4 1 0.082576 0.235580 0.065608 0.000182 0.616054
1 1 0.052248 0.411566 0.131466 0.000597 0.404122
1 1 0.099496 0.578079 0.080178 0.000374 0.241874
1 1 0.034337 0.584581 0.197529 0.001998 0.181556
1 1 0.064729 0.511759 0.161245 0.001325 0.260942
1 1 0.060650 0.597713 0.130117 0.000802 0.210717
1 1 0.045987 0.541484 0.186193 0.001276 0.225060
1 1 0.034100 0.616437 0.208063 0.003134 0.138266
1 1 0.084814 0.374647 0.187778 0.004058 0.348703
4 1 0.061406 0.278128 0.193956 0.011079 0.455431
1 1 0.090828 0.490314 0.158281 0.004867 0.255710
1 1 0.075901 0.428565 0.178763 0.006453 0.310318
1 1 0.114069 0.497168 0.131790 0.004151 0.252821
1 1 0.103129 0.570206 0.137380 0.000903 0.188382
1 4 0.111760 0.468019 0.187343 0.009737 0.223141
1 1 0.064478 0.456280 0.183305 0.004369 0.291567
1 1 0.080143 0.505903 0.169093 0.002771 0.242090
1 1 0.091388 0.533886 0.162042 0.003387 0.209296
1 1 0.060852 0.362671 0.232326 0.002327 0.341824
1 1 0.077693 0.444529 0.112346 0.000885 0.364546
1 1 0.111147 0.561936 0.072429 0.000320 0.254167
4 1 0.050352 0.250423 0.140185 0.002347 0.556693
4 1 0.086521 0.380640 0.124270 0.002050 0.406519
4 1 0.084458 0.324895 0.117496 0.002005 0.471146
1 1 0.150420 0.488275 0.072900 0.000711 0.287694
1 1 0.102616 0.442097 0.079817 0.000423 0.375047
4 1 0.060044 0.334640 0.085546 0.000267 0.519503
4 1 0.084591 0.368400 0.129313 0.002410 0.415287
1 1 0.072334 0.542084 0.127969 0.001216 0.256397
1 1 0.150652 0.487169 0.104210 0.000446 0.257522
4 1 0.050758 0.384395 0.098753 0.000200 0.465894
4 1 0.073044 0.337049 0.106331 0.000586 0.482990
4 0 0.049165 0.385608 0.143086 0.000271 0.421870
4 0 0.115585 0.268130 0.110737 0.000469 0.505079
4 1 0.048027 0.313702 0.114681 0.000440 0.523150
1 1 0.173148 0.473893 0.049131 0.000224 0.303605
1 1 0.103964 0.533947 0.067168 0.000198 0.294723
1 1 0.085491 0.498389 0.092773 0.000463 0.322884
1 1 0.085013 0.413167 0.134786 0.001390 0.365644
1 1 0.103155 0.523290 0.095131 0.000571 0.277854
1 1 0.068352 0.559401 0.110341 0.000569 0.261337
1 1 0.089091 0.502646 0.129234 0.001177 0.277852
4 1 0.064552 0.277721 0.096168 0.000472 0.561087
1 1 0.056892 0.632314 0.144308 0.000838 0.165648
1 1 0.060938 0.592845 0.108371 0.000301 0.237544
1 1 0.049828 0.575492 0.134156 0.000209 0.240315
1 1 0.069186 0.623707 0.135517 0.000579 0.171011
4 1 0.041854 0.328364 0.151792 0.000748 0.477242
1 1 0.025673 0.467222 0.413396 0.000848 0.092861
2 1 0.007207 0.280747 0.497940 0.000133 0.213973
1 2 0.027648 0.560001 0.278729 0.000983 0.132640
1 2 0.017901 0.457161 0.381376 0.000193 0.143368
1 2 0.013586 0.407059 0.385769 0.000531 0.193055
2 2 0.000361 0.044962 0.948816 0.000254 0.005606
2 2 0.000475 0.100326 0.890036 0.000108 0.009054
2 2 0.001113 0.133322 0.850160 0.000137 0.015269
2 2 0.001261 0.150960 0.836536 0.000256 0.010987
2 2 0.000462 0.058356 0.935359 0.000063 0.005760
2 2 0.009238 0.223226 0.662140 0.000057 0.105339
2 2 0.017359 0.437776 0.496395 0.000517 0.047953
1 2 0.018886 0.469450 0.455151 0.000279 0.056233
2 2 0.016399 0.443102 0.489640 0.000316 0.050543
2 2 0.013409 0.337726 0.583999 0.000156 0.064710
1 2 0.151318 0.396815 0.155637 0.001672 0.294559
1 1 0.098279 0.415521 0.143322 0.003533 0.339344
4 2 0.083447 0.217091 0.139819 0.003374 0.556269
4 2 0.142522 0.222084 0.121766 0.000705 0.512924
2 2 0.179578 0.179302 0.436474 0.006631 0.198015
4 1 0.312288 0.090171 0.248846 0.009410 0.339285
0 2 0.355364 0.088882 0.261353 0.001796 0.292605
4 2 0.284145 0.113735 0.179447 0.001695 0.420978
0 2 0.329318 0.255993 0.184633 0.000461 0.229594
4 1 0.169703 0.301756 0.108261 0.000650 0.419631
1 2 0.348554 0.378429 0.102186 0.000362 0.170469
1 2 0.235282 0.327118 0.175844 0.003509 0.258246
4 2 0.285214 0.232712 0.158938 0.001392 0.321744
2 2 0.281994 0.108852 0.515911 0.018207 0.075035
4 2 0.155681 0.162810 0.294732 0.008675 0.378102
2 2 0.279895 0.066088 0.571219 0.068332 0.014466
2 2 0.150370 0.073637 0.615118 0.148167 0.012707
2 2 0.154574 0.071310 0.686388 0.063053 0.024675
2 2 0.356290 0.113156 0.451051 0.053505 0.025998
2 2 0.369140 0.110688 0.440504 0.054773 0.024895
2 2 0.069566 0.128360 0.671584 0.064935 0.065554
2 2 0.045289 0.172064 0.520424 0.163198 0.099026
2 2 0.078178 0.153301 0.620424 0.006665 0.141433
2 2 0.073830 0.199719 0.449479 0.118371 0.158601
2 2 0.340806 0.229402 0.350751 0.015134 0.063907
2 2 0.073599 0.261837 0.443223 0.006553 0.214787
2 2 0.142822 0.276592 0.424657 0.001708 0.154221
1 2 0.117570 0.399597 0.380082 0.005681 0.097070
2 2 0.192721 0.284041 0.431836 0.009230 0.082172
2 2 0.090980 0.204691 0.467675 0.002253 0.234401
4 2 0.060582 0.238505 0.198606 0.001069 0.501239
1 2 0.086414 0.408981 0.169985 0.001054 0.333567
4 2 0.107245 0.184110 0.216071 0.000789 0.491785
1 2 0.226717 0.334542 0.174932 0.001848 0.261959
1 0 0.173515 0.425272 0.144116 0.001618 0.255478
0 0 0.565909 0.116230 0.225411 0.009641 0.082810
0 0 0.546437 0.143444 0.148088 0.019327 0.142705
0 0 0.552586 0.149646 0.175139 0.026034 0.096595
0 0 0.593913 0.133511 0.126188 0.031751 0.114637
0 1 0.746738 0.107119 0.087451 0.001349 0.057343
4 1 0.242313 0.256766 0.133067 0.000576 0.367279
4 1 0.252359 0.285226 0.155344 0.000545 0.306526
4 1 0.176721 0.224368 0.291926 0.002908 0.304077
0 1 0.612197 0.133114 0.172309 0.000172 0.082208
1 1 0.157966 0.475279 0.111731 0.000493 0.254531
4 1 0.094313 0.248447 0.101068 0.001992 0.554180
1 2 0.084316 0.476615 0.127829 0.001737 0.309503
4 1 0.054962 0.372200 0.154983 0.002001 0.415854
1 0 0.113270 0.427964 0.135753 0.004890 0.318123
4 1 0.100943 0.338405 0.192801 0.002831 0.365021
1 1 0.078673 0.385409 0.215378 0.019184 0.301356
