1 1 0.040833 0.465867 0.216720 0.000132 0.276449
1 1 0.089952 0.430038 0.319903 0.000639 0.159467
0 1 0.364676 0.351102 0.094216 0.000771 0.189235
1 0 0.314290 0.468607 0.150142 0.002430 0.064530
1 0 0.205240 0.591145 0.135964 0.001468 0.066183
1 1 0.049471 0.489172 0.214055 0.000121 0.247180
4 1 0.016716 0.304643 0.327433 0.000542 0.350666
4 1 0.015231 0.302000 0.316783 0.000149 0.365838
4 1 0.019391 0.225293 0.327653 0.000125 0.427537
1 1 0.021951 0.400641 0.262261 0.000082 0.315064
4 1 0.033442 0.201083 0.260687 0.007081 0.497707
1 1 0.008035 0.359517 0.352173 0.000368 0.279908
2 1 0.005743 0.323531 0.392528 0.000521 0.277677
1 1 0.013370 0.386974 0.311386 0.000581 0.287689
2 1 0.006994 0.301292 0.388114 0.000623 0.302978
2 1 0.005851 0.205533 0.435277 0.000284 0.353055
2 1 0.005328 0.315703 0.503790 0.000844 0.174336
2 1 0.004232 0.261487 0.487078 0.000215 0.246987
1 1 0.009316 0.511202 0.327897 0.000131 0.151454
2 1 0.003742 0.250690 0.473455 0.000154 0.271959
2 1 0.007892 0.202928 0.582501 0.000735 0.205945
2 1 0.005050 0.410533 0.414965 0.000076 0.169375
1 1 0.012593 0.376205 0.349759 0.000009 0.261434
1 1 0.013913 0.414751 0.393586 0.000396 0.177355
1 1 0.006393 0.495302 0.337637 0.000112 0.160556
2 1 0.003330 0.295159 0.548895 0.000160 0.152456
2 1 0.003114 0.391561 0.418148 0.000013 0.187164
2 1 0.001847 0.272635 0.577176 0.000083 0.148259
2 1 0.004442 0.221436 0.637629 0.000902 0.135591
1 1 0.010546 0.555987 0.327567 0.000655 0.105244
2 1 0.022690 0.389834 0.540843 0.009947 0.036687
2 1 0.011486 0.361543 0.478768 0.001023 0.147179
2 1 0.009692 0.202742 0.724956 0.011565 0.051045
2 1 0.009061 0.302689 0.583577 0.005471 0.099203
2 1 0.008252 0.176185 0.771740 0.006685 0.037139
4 1 0.133590 0.285756 0.140875 0.000413 0.439366
4 2 0.162676 0.339495 0.110481 0.000193 0.387156
0 2 0.453433 0.212567 0.097529 0.003817 0.232654
1 2 0.297681 0.431265 0.046986 0.000138 0.223930
1 2 0.244662 0.445735 0.096621 0.001290 0.211692
2 2 0.036359 0.280948 0.629892 0.033877 0.018925
2 2 0.011604 0.138524 0.808684 0.031802 0.009385
2 2 0.026197 0.250620 0.671107 0.033125 0.018951
2 2 0.005436 0.063404 0.889383 0.035923 0.005855
2 2 0.074358 0.290366 0.569785 0.041963 0.023528
0 2 0.750355 0.118614 0.075437 0.002346 0.053247
0 2 0.453553 0.323273 0.147158 0.004004 0.072012
0 2 0.593930 0.242631 0.096583 0.001558 0.065298
0 2 0.443073 0.362888 0.153761 0.002790 0.037489
0 2 0.492413 0.283785 0.164621 0.006107 0.053073
2 2 0.261625 0.330887 0.344357 0.014313 0.048818
0 2 0.430451 0.244248 0.270836 0.006308 0.048157
0 2 0.451372 0.302864 0.172572 0.003380 0.069811
1 2 0.288331 0.372843 0.279457 0.014259 0.045110
1 2 0.145214 0.423001 0.320034 0.015507 0.096244
0 2 0.435179 0.283775 0.232966 0.008921 0.039159
1 2 0.254741 0.367265 0.319588 0.014254 0.044153
0 2 0.379753 0.346849 0.197957 0.006586 0.068855
0 2 0.358091 0.285793 0.299131 0.012080 0.044905
1 2 0.275245 0.472996 0.190066 0.005060 0.056633
0 2 0.455907 0.327537 0.149624 0.003866 0.063066
0 2 0.496679 0.245472 0.182156 0.008974 0.066719
0 2 0.572098 0.223621 0.145727 0.006084 0.052470
0 2 0.611312 0.192704 0.128093 0.005603 0.062289
0 2 0.674405 0.176928 0.076475 0.001348 0.070844
1 2 0.180485 0.496984 0.254309 0.005192 0.063030
1 2 0.113536 0.455668 0.347782 0.002852 0.080162
1 2 0.123963 0.450376 0.351301 0.004498 0.069862
1 2 0.104765 0.450712 0.370787 0.007594 0.066143
2 2 0.084763 0.290509 0.564178 0.008986 0.051564
0 2 0.411348 0.179235 0.354075 0.022033 0.033309
0 2 0.770905 0.060358 0.135735 0.011563 0.021439
0 2 0.445757 0.305173 0.198466 0.009015 0.041590
0 2 0.740719 0.124153 0.087162 0.003140 0.044826
0 2 0.727029 0.112157 0.106910 0.007416 0.046488
0 2 0.864550 0.058754 0.019922 0.000141 0.056633
0 0 0.920442 0.027836 0.016222 0.000252 0.035248
0 0 0.942556 0.018035 0.013863 0.000309 0.025238
0 0 0.953766 0.013840 0.009621 0.000158 0.022613
0 0 0.930095 0.022189 0.018165 0.000511 0.029040
0 0 0.883178 0.038276 0.021470 0.000407 0.056670
0 0 0.898053 0.040944 0.025676 0.000498 0.034829
0 0 0.772012 0.053859 0.015631 0.000128 0.158370
0 0 0.459218 0.121111 0.019916 0.000102 0.399653
0 1 0.599465 0.144670 0.010936 0.000002 0.244926
1 1 0.014451 0.481365 0.405073 0.000435 0.098676
2 1 0.006130 0.412316 0.456317 0.000172 0.125064
2 1 0.002483 0.286729 0.515160 0.000031 0.195598
2 1 0.003706 0.377484 0.464983 0.000009 0.153818
2 1 0.003602 0.314414 0.517143 0.000045 0.164796
2 1 0.010630 0.338365 0.473606 0.000154 0.177245
2 1 0.001650 0.277281 0.576616 0.000057 0.144395
1 1 0.011930 0.475611 0.372570 0.000432 0.139458
2 1 0.002710 0.397538 0.434684 0.000022 0.165046
2 1 0.003095 0.352774 0.484273 0.000022 0.159836
4 1 0.050057 0.246290 0.124538 0.000125 0.578990
4 4 0.046603 0.153107 0.151893 0.000608 0.647789
4 4 0.026986 0.228819 0.109300 0.000020 0.634875
4 4 0.028396 0.152369 0.120886 0.000287 0.698063
4 4 0.082172 0.175608 0.168049 0.000877 0.573294
4 4 0.052502 0.099869 0.124519 0.000675 0.722436
4 4 0.087577 0.179380 0.084898 0.002658 0.645488
4 4 0.045417 0.121678 0.120868 0.000701 0.711336
4 4 0.052032 0.106285 0.101006 0.000653 0.740024
4 4 0.053193 0.156398 0.090410 0.000377 0.699622
4 4 0.040249 0.363701 0.194398 0.000162 0.401490
1 4 0.109470 0.445251 0.187278 0.000163 0.257838
4 4 0.041933 0.288290 0.327325 0.000708 0.341745
1 4 0.042501 0.417205 0.240604 0.000334 0.299356
1 4 0.018342 0.397645 0.288857 0.000203 0.294953
1 4 0.018642 0.433047 0.322829 0.000240 0.225243
1 4 0.011633 0.403180 0.324510 0.000109 0.260567
2 4 0.015233 0.281524 0.375706 0.000122 0.327415
1 4 0.008992 0.402795 0.358395 0.000238 0.229581
4 4 0.028913 0.238068 0.308154 0.000060 0.424804
2 4 0.011348 0.279172 0.453161 0.000097 0.256223
1 4 0.007302 0.430937 0.314320 0.000048 0.247393
2 4 0.005452 0.275457 0.417293 0.000077 0.301721
2 4 0.020690 0.375419 0.378709 0.000114 0.225068
1 4 0.016908 0.409379 0.344109 0.000038 0.229567
4 4 0.029848 0.232752 0.345779 0.000501 0.391120
4 4 0.041758 0.217592 0.295619 0.001355 0.443676
4 4 0.023997 0.242426 0.312040 0.000859 0.420678
4 4 0.037984 0.254933 0.300115 0.000597 0.406371
4 4 0.040595 0.292170 0.211680 0.001019 0.454536
4 4 0.046695 0.291343 0.212628 0.000425 0.448909
4 4 0.084624 0.368107 0.152316 0.000445 0.394508
0 4 0.444965 0.327619 0.151110 0.003156 0.073150
0 4 0.471736 0.333958 0.116239 0.001811 0.076256
1 4 0.255850 0.416937 0.223570 0.011618 0.092025
2 4 0.003168 0.315284 0.553732 0.000483 0.127333
2 4 0.001997 0.276712 0.513089 0.000123 0.208080
2 2 0.003764 0.338996 0.491681 0.000124 0.165436
2 2 0.003637 0.274715 0.559636 0.000636 0.161376
2 2 0.007982 0.276469 0.506627 0.000826 0.208097
2 2 0.006483 0.196894 0.581833 0.000270 0.214520
2 2 0.004827 0.315476 0.515068 0.000485 0.164143
2 2 0.003440 0.290982 0.558979 0.000324 0.146275
2 2 0.001887 0.304030 0.532759 0.000152 0.161172
2 2 0.003512 0.353240 0.500388 0.000724 0.142136
2 2 0.002444 0.254968 0.652520 0.000668 0.089401
2 2 0.004832 0.438056 0.467378 0.000994 0.088740
2 2 0.005387 0.409565 0.493007 0.000436 0.091604
2 2 0.001530 0.249717 0.656567 0.000353 0.091832
2 2 0.001868 0.197284 0.716646 0.000417 0.083785
2 2 0.003205 0.325911 0.534981 0.000355 0.135549
2 2 0.002637 0.359853 0.495544 0.000381 0.141585
2 2 0.005596 0.291122 0.581243 0.001285 0.120755
2 2 0.005022 0.263241 0.623009 0.002157 0.106570
2 2 0.002894 0.198720 0.726874 0.004175 0.067337
2 2 0.002242 0.015843 0.846619 0.134612 0.000684
2 2 0.000915 0.004278 0.747818 0.246785 0.000204
2 2 0.001214 0.005700 0.725031 0.267730 0.000325
2 2 0.000627 0.002295 0.796804 0.200251 0.000023
2 2 0.001400 0.007175 0.832000 0.159145 0.000280
2 2 0.001480 0.004097 0.598597 0.395691 0.000135
2 2 0.000895 0.003440 0.575587 0.419886 0.000192
2 2 0.001681 0.004868 0.614520 0.378727 0.000205
2 2 0.000710 0.002560 0.530220 0.466375 0.000135
2 2 0.000396 0.001337 0.509672 0.488566 0.000029
3 2 0.000418 0.000624 0.104711 0.894218 0.000029
3 2 0.000736 0.001321 0.185092 0.812779 0.000072
3 2 0.000399 0.000674 0.103163 0.895714 0.000050
3 2 0.000946 0.001597 0.176383 0.820968 0.000106
3 2 0.000945 0.001246 0.102501 0.895206 0.000102
3 2 0.000279 0.000370 0.064403 0.934930 0.000019
3 2 0.000340 0.000415 0.068591 0.930637 0.000017
3 2 0.000228 0.000225 0.029261 0.970271 0.000015
3 2 0.000558 0.000460 0.038887 0.960068 0.000027
3 3 0.000363 0.000483 0.051271 0.947837 0.000047
3 3 0.000370 0.000296 0.022724 0.976580 0.000029
3 3 0.000647 0.000540 0.035259 0.963505 0.000050
3 3 0.000185 0.000181 0.024545 0.975075 0.000013
3 3 0.000530 0.000405 0.022140 0.976869 0.000055
3 3 0.000323 0.000288 0.025731 0.973630 0.000028
3 3 0.000326 0.000234 0.017442 0.981976 0.000022
3 3 0.000360 0.000222 0.013274 0.986119 0.000024
3 3 0.000146 0.000103 0.014080 0.985666 0.000005
3 3 0.000209 0.000163 0.017577 0.982038 0.000012
3 3 0.000287 0.000195 0.014426 0.985072 0.000019
3 3 0.000339 0.000207 0.011881 0.987549 0.000025
3 3 0.000218 0.000120 0.007681 0.991967 0.000014
3 3 0.000187 0.000119 0.009712 0.989970 0.000012
3 3 0.000378 0.000195 0.007370 0.992032 0.000026
3 3 0.000310 0.000133 0.007390 0.992157 0.000010
3 3 0.000285 0.000146 0.007052 0.992495 0.000022
3 3 0.000255 0.000136 0.006925 0.992661 0.000022
3 3 0.000203 0.000113 0.007715 0.991956 0.000013
3 3 0.000298 0.000139 0.006939 0.992608 0.000016
3 3 0.000319 0.000158 0.007673 0.991831 0.000020
3 3 0.000306 0.000165 0.006134 0.993357 0.000037
3 3 0.000242 0.000110 0.005060 0.994572 0.000017
3 3 0.000223 0.000103 0.005532 0.994130 0.000013
3 3 0.000324 0.000136 0.006151 0.993374 0.000015
3 3 0.000243 0.000101 0.005062 0.994583 0.000011
3 3 0.000239 0.000114 0.007025 0.992611 0.000011
3 3 0.000171 0.000095 0.006791 0.992931 0.000011
3 3 0.000772 0.000291 0.011040 0.987878 0.000019
3 3 0.000283 0.000138 0.005650 0.993903 0.000027
3 3 0.000313 0.000134 0.006007 0.993531 0.000016
3 3 0.000632 0.000369 0.010643 0.988292 0.000064
3 3 0.000410 0.000227 0.007763 0.991558 0.000041
3 3 0.000267 0.000152 0.008378 0.991181 0.000022
3 3 0.000290 0.000192 0.015542 0.983962 0.000015
3 3 0.000439 0.000213 0.008942 0.990379 0.000027
3 3 0.000406 0.000163 0.007156 0.992262 0.000014
3 3 0.000207 0.000083 0.004584 0.995117 0.000008
3 3 0.000249 0.000120 0.006505 0.993112 0.000014
3 3 0.000332 0.000157 0.006272 0.993211 0.000027
3 3 0.000488 0.000265 0.008840 0.990369 0.000038
3 3 0.000315 0.000153 0.006193 0.993314 0.000025
3 3 0.000287 0.000132 0.005675 0.993887 0.000021
3 3 0.000384 0.000161 0.006995 0.992444 0.000015
3 3 0.000331 0.000162 0.006614 0.992872 0.000021
3 3 0.000290 0.000125 0.005711 0.993858 0.000015
3 3 0.000274 0.000112 0.005499 0.994103 0.000011
3 3 0.000316 0.000128 0.006047 0.993497 0.000012
3 3 0.000283 0.000121 0.005618 0.993963 0.000015
3 3 0.000400 0.000165 0.007092 0.992326 0.000017
3 3 0.000371 0.000169 0.006748 0.992687 0.000025
3 3 0.000192 0.000109 0.008400 0.991288 0.000010
3 3 0.000420 0.000202 0.007658 0.991693 0.000026
3 3 0.000308 0.000132 0.005946 0.993598 0.000016
3 3 0.000296 0.000124 0.005791 0.993776 0.000013
3 3 0.000217 0.000102 0.005820 0.993849 0.000012
3 3 0.000389 0.000179 0.006972 0.992434 0.000027
3 3 0.000353 0.000164 0.006535 0.992922 0.000026
3 3 0.000357 0.000152 0.006570 0.992904 0.000017
3 3 0.000198 0.000096 0.004560 0.995128 0.000018
3 3 0.000283 0.000120 0.005621 0.993963 0.000014
3 3 0.000356 0.000166 0.006855 0.992599 0.000024
3 3 0.000393 0.000165 0.007006 0.992418 0.000018
3 3 0.000281 0.000120 0.005588 0.993997 0.000014
3 3 0.000348 0.000153 0.006466 0.993013 0.000020
3 3 0.000392 0.000167 0.007002 0.992421 0.000018
3 3 0.000290 0.000132 0.005713 0.993845 0.000020
3 3 0.000495 0.000215 0.008196 0.991069 0.000025
3 3 0.000335 0.000160 0.006308 0.993169 0.000028
3 3 0.000384 0.000178 0.006912 0.992499 0.000028
3 3 0.001154 0.000412 0.014471 0.983943 0.000020
3 3 0.001689 0.001189 0.061335 0.935729 0.000059
3 3 0.004452 0.004220 0.056262 0.934345 0.000720
3 3 0.005511 0.003889 0.048840 0.941169 0.000590
3 3 0.003186 0.004222 0.087705 0.903987 0.000900
3 3 0.001964 0.001331 0.046314 0.950264 0.000126
3 3 0.003334 0.003981 0.227695 0.764799 0.000192
3 3 0.020964 0.052913 0.459335 0.461719 0.005069
3 3 0.007416 0.011446 0.249379 0.730756 0.001003
3 3 0.012199 0.027828 0.434492 0.522519 0.002962
3 3 0.013725 0.028103 0.350887 0.604809 0.002475
3 3 0.004382 0.004216 0.123769 0.867290 0.000343
3 3 0.006468 0.009524 0.184323 0.798565 0.001121
3 3 0.002231 0.003980 0.182157 0.811053 0.000579
3 3 0.001976 0.002352 0.128414 0.867044 0.000213
3 3 0.003608 0.004060 0.112723 0.879114 0.000495
3 3 0.006523 0.006379 0.112404 0.873653 0.001041
3 3 0.019587 0.024135 0.144686 0.808368 0.003224
3 3 0.008155 0.005649 0.117440 0.868285 0.000472
2 3 0.097196 0.142363 0.417981 0.338819 0.003641
3 3 0.015239 0.013796 0.132067 0.837400 0.001498
2 3 0.128138 0.154046 0.408522 0.302493 0.006802
2 3 0.117982 0.195713 0.425054 0.252367 0.008884
2 3 0.108592 0.130217 0.410869 0.343931 0.006391
2 3 0.023479 0.043532 0.543742 0.385689 0.003557
2 3 0.040537 0.091874 0.547857 0.311404 0.008328
2 3 0.095329 0.117346 0.708117 0.068052 0.011156
0 2 0.357465 0.296122 0.299556 0.014191 0.032667
1 2 0.112129 0.426554 0.398524 0.051466 0.011327
2 2 0.182327 0.326258 0.414768 0.051562 0.025085
2 2 0.065585 0.162747 0.653688 0.104545 0.013435
2 2 0.004663 0.154333 0.750893 0.028466 0.061645
2 2 0.010053 0.182914 0.687412 0.045564 0.074057
2 2 0.007421 0.195856 0.689856 0.039687 0.067180
2 2 0.009440 0.195892 0.698414 0.035726 0.060528
2 2 0.003337 0.149270 0.755996 0.015382 0.076015
2 2 0.001281 0.046641 0.892810 0.040063 0.019205
2 2 0.002234 0.082063 0.831375 0.031993 0.052335
2 2 0.003803 0.153768 0.747687 0.021657 0.073084
2 2 0.004443 0.205450 0.672922 0.015891 0.101295
2 2 0.002748 0.148249 0.767538 0.013534 0.067930
2 2 0.004001 0.118227 0.771743 0.042110 0.063919
2 2 0.005571 0.154845 0.703799 0.037098 0.098687
2 2 0.006861 0.219733 0.631938 0.022775 0.118693
2 2 0.008789 0.290831 0.564542 0.014729 0.121109
2 2 0.003536 0.188353 0.621048 0.017018 0.170045
2 2 0.003339 0.132780 0.575061 0.005104 0.283715
2 2 0.004530 0.351402 0.470377 0.001647 0.172043
2 2 0.002428 0.356499 0.419075 0.001165 0.220832
2 2 0.004910 0.277238 0.373047 0.000094 0.344711
2 2 0.002073 0.213944 0.524788 0.001418 0.257777
2 2 0.012101 0.142220 0.583507 0.034306 0.227866
2 2 0.003463 0.250496 0.497640 0.008471 0.239930
2 2 0.004717 0.286071 0.438394 0.009424 0.261394
2 2 0.005036 0.161759 0.670360 0.035691 0.127154
2 1 0.007484 0.229714 0.580735 0.026751 0.155316
2 1 0.003981 0.285408 0.484393 0.002372 0.223846
2 1 0.008473 0.295812 0.537040 0.010798 0.147877
2 1 0.003756 0.297386 0.482326 0.005522 0.211009
2 1 0.012236 0.239037 0.579247 0.010107 0.159373
2 1 0.038417 0.250659 0.494331 0.032563 0.184030
1 1 0.033042 0.420555 0.419526 0.016238 0.110640
2 1 0.015811 0.377320 0.451195 0.016441 0.139233
2 1 0.015995 0.167981 0.707962 0.062974 0.045088
2 1 0.015047 0.243224 0.607856 0.044304 0.089569
2 1 0.010441 0.186082 0.698959 0.042686 0.061833
2 1 0.028568 0.284805 0.562426 0.079904 0.044297
2 2 0.018302 0.179745 0.690063 0.080818 0.031071
2 2 0.008555 0.051475 0.809044 0.123490 0.007436
2 2 0.035145 0.166086 0.712870 0.066068 0.019832
2 2 0.015750 0.147600 0.731481 0.081123 0.024047
2 2 0.188943 0.275163 0.477855 0.035483 0.022556
2 2 0.048095 0.249396 0.634175 0.052727 0.015607
2 2 0.042443 0.113419 0.703555 0.132178 0.008404
2 2 0.213053 0.253271 0.480073 0.029210 0.024393
2 2 0.047169 0.229877 0.668169 0.039043 0.015742
2 2 0.035935 0.281029 0.632159 0.031924 0.018954
2 2 0.089828 0.323189 0.530385 0.040111 0.016487
2 2 0.023190 0.208483 0.727951 0.030011 0.010365
2 2 0.004704 0.013412 0.795428 0.185816 0.000640
2 2 0.014071 0.052514 0.877570 0.052815 0.003029
2 2 0.012574 0.039542 0.827797 0.117761 0.002327
2 2 0.094353 0.078284 0.673353 0.148203 0.005807
2 2 0.045295 0.102492 0.737873 0.108033 0.006307
2 2 0.053399 0.214636 0.630858 0.090515 0.010592
2 2 0.038182 0.143884 0.754626 0.054418 0.008889
2 2 0.038918 0.196500 0.694547 0.058107 0.011928
2 2 0.038167 0.207613 0.696350 0.047512 0.010357
2 2 0.026496 0.080836 0.849041 0.038511 0.005117
2 2 0.028541 0.062742 0.856511 0.047571 0.004635
2 2 0.009198 0.032563 0.900243 0.056280 0.001716
2 2 0.016574 0.040473 0.888779 0.051915 0.002259
2 2 0.037588 0.074318 0.805784 0.077684 0.004627
2 2 0.180282 0.309094 0.452027 0.039865 0.018732
2 2 0.059611 0.162954 0.671884 0.097410 0.008141
2 2 0.049409 0.141763 0.754093 0.044525 0.010210
2 2 0.096532 0.357145 0.497991 0.028354 0.019978
2 2 0.031123 0.139328 0.789867 0.029436 0.010246
2 2 0.064427 0.081822 0.760441 0.086531 0.006779
2 2 0.024017 0.170051 0.755960 0.039683 0.010289
2 2 0.155426 0.308228 0.471309 0.045507 0.019529
2 2 0.168077 0.096857 0.656897 0.069879 0.008289
2 2 0.103859 0.112371 0.711961 0.062271 0.009539
2 2 0.059085 0.088998 0.792373 0.051785 0.007759
2 2 0.168916 0.210566 0.565119 0.038771 0.016629
2 2 0.142637 0.164174 0.619724 0.062081 0.011385
2 2 0.214960 0.361727 0.375671 0.016544 0.031098
1 2 0.308275 0.396111 0.239756 0.012294 0.043564
1 2 0.164676 0.502925 0.293475 0.015763 0.023161
2 2 0.239974 0.341964 0.344237 0.047084 0.026741
2 2 0.240518 0.342247 0.353046 0.044463 0.019726
1 2 0.229928 0.416688 0.298546 0.022800 0.032038
1 2 0.110972 0.513094 0.319347 0.027407 0.029180
1 2 0.176789 0.453952 0.314499 0.021951 0.032810
1 2 0.155848 0.455886 0.331618 0.030426 0.026222
1 2 0.204919 0.468692 0.275274 0.015721 0.035395
0 2 0.603489 0.203861 0.150600 0.006598 0.035452
1 2 0.159023 0.572626 0.221755 0.006635 0.039961
1 2 0.195242 0.494938 0.251143 0.012301 0.046376
1 2 0.291535 0.408649 0.250509 0.012691 0.036616
1 2 0.250449 0.406948 0.279289 0.020886 0.042429
1 2 0.306180 0.437988 0.144345 0.003125 0.108362
1 2 0.336054 0.475517 0.146508 0.001712 0.040209
1 2 0.336499 0.446684 0.135693 0.002048 0.079076
0 2 0.744287 0.134744 0.080408 0.001946 0.038614
0 2 0.699177 0.167167 0.081150 0.001537 0.050970
1 1 0.200742 0.511772 0.225277 0.008618 0.053591
1 1 0.165527 0.521517 0.228098 0.008852 0.076006
1 4 0.095575 0.485961 0.288867 0.012070 0.117526
1 4 0.150283 0.388281 0.351268 0.022626 0.087542
1 4 0.041045 0.501103 0.323552 0.003755 0.130545
1 4 0.009911 0.446756 0.326045 0.000512 0.216775
2 4 0.009726 0.312198 0.402785 0.000429 0.274862
1 4 0.010699 0.428502 0.367790 0.000482 0.192526
2 4 0.009097 0.342027 0.449774 0.001065 0.198036
2 4 0.007913 0.269943 0.424029 0.000768 0.297347
1 4 0.018360 0.423748 0.263800 0.000089 0.294004
1 4 0.014808 0.467591 0.297718 0.000146 0.219736
1 4 0.012074 0.498854 0.192799 0.000044 0.296230
1 4 0.011525 0.446026 0.316069 0.000397 0.225983
2 4 0.018615 0.327127 0.376153 0.000186 0.277919
4 4 0.040160 0.198662 0.176615 0.005383 0.579180
4 4 0.178160 0.178501 0.151171 0.006730 0.485438
4 4 0.044996 0.339585 0.191305 0.001879 0.422234
4 4 0.032157 0.197475 0.237223 0.003948 0.529197
4 4 0.044516 0.145696 0.150643 0.001267 0.657878
4 4 0.028329 0.155956 0.143422 0.001975 0.670318
4 4 0.017317 0.172305 0.180837 0.002572 0.626970
4 4 0.046237 0.107322 0.106731 0.004294 0.735416
4 4 0.108993 0.263353 0.106761 0.007768 0.513125
4 4 0.047144 0.120674 0.122266 0.004096 0.705820
4 4 0.061241 0.146861 0.150191 0.002204 0.639504
1 4 0.071416 0.519265 0.073096 0.000390 0.335833
4 4 0.046353 0.267144 0.146061 0.001438 0.539004
4 4 0.053985 0.166284 0.139731 0.000772 0.639228
4 4 0.116239 0.286691 0.100808 0.000443 0.495820
1 4 0.031452 0.368698 0.286756 0.000920 0.312174
4 4 0.034710 0.210468 0.296651 0.001188 0.456983
1 4 0.023377 0.344185 0.327593 0.002990 0.301853
2 4 0.015544 0.255729 0.366679 0.002047 0.360001
2 4 0.012640 0.288753 0.349536 0.002405 0.346667
4 4 0.012419 0.245954 0.328913 0.001336 0.411377
4 4 0.026950 0.209734 0.371737 0.004375 0.387205
4 4 0.018858 0.210386 0.339850 0.004129 0.426777
1 4 0.014051 0.368458 0.274546 0.001130 0.341815
4 4 0.006861 0.266790 0.278467 0.000307 0.447575
1 4 0.011572 0.362071 0.319800 0.004076 0.302482
2 4 0.023292 0.306164 0.348236 0.008470 0.313837
2 4 0.027094 0.293517 0.375038 0.009942 0.294409
2 4 0.015248 0.318140 0.391382 0.017157 0.258073
1 4 0.035762 0.333106 0.299830 0.005384 0.325919
2 4 0.008255 0.334813 0.457937 0.001839 0.197155
2 4 0.013071 0.305595 0.572496 0.010456 0.098381
2 4 0.010727 0.292370 0.570692 0.010519 0.115691
2 4 0.006960 0.310882 0.493490 0.003549 0.185119
2 4 0.006980 0.250083 0.536742 0.003252 0.202942
2 4 0.004573 0.356194 0.486104 0.000924 0.152205
2 4 0.009334 0.280356 0.551490 0.000998 0.157822
2 4 0.008629 0.325152 0.551362 0.003721 0.111136
2 2 0.003251 0.311096 0.556378 0.001656 0.127618
2 2 0.007004 0.372072 0.482360 0.001621 0.136944
2 2 0.023091 0.347833 0.372149 0.001122 0.255805
2 2 0.012017 0.350332 0.405635 0.001458 0.230559
1 2 0.119452 0.436838 0.259016 0.002003 0.182691
2 2 0.017227 0.355329 0.439646 0.004115 0.183683
1 2 0.027464 0.441670 0.407336 0.006142 0.117388
1 2 0.032589 0.483855 0.255722 0.004761 0.223073
1 2 0.057849 0.477102 0.308327 0.001785 0.154938
0 2 0.382803 0.381743 0.165602 0.004415 0.065438
1 2 0.190515 0.526515 0.228801 0.008244 0.045926
1 2 0.139357 0.563065 0.226903 0.009568 0.061107
1 2 0.072755 0.579923 0.300910 0.008857 0.037555
1 2 0.045320 0.549015 0.355315 0.010956 0.039395
2 2 0.077959 0.409051 0.469633 0.016133 0.027224
2 2 0.041325 0.347251 0.572790 0.012425 0.026208
2 2 0.009650 0.133462 0.831176 0.014696 0.011016
2 2 0.022452 0.194586 0.752591 0.017878 0.012493
2 2 0.020628 0.136114 0.814814 0.017163 0.011280
2 2 0.013052 0.106266 0.841749 0.033536 0.005397
2 2 0.020162 0.140040 0.815370 0.015443 0.008984
2 2 0.027528 0.264601 0.668519 0.028342 0.011010
2 2 0.115658 0.171718 0.665199 0.034943 0.012482
1 2 0.270973 0.446850 0.244228 0.009239 0.028710
2 2 0.076652 0.274647 0.612774 0.015984 0.019943
2 2 0.327976 0.285697 0.330515 0.024140 0.031671
0 2 0.438066 0.333157 0.198511 0.006060 0.024206
2 2 0.031486 0.311918 0.614125 0.013810 0.028661
2 2 0.019560 0.125575 0.820635 0.024883 0.009347
2 2 0.043309 0.197682 0.729550 0.009497 0.019962
2 2 0.063113 0.392005 0.505622 0.011426 0.027834
2 2 0.034544 0.181971 0.754404 0.008765 0.020316
2 2 0.007612 0.047415 0.910122 0.032315 0.002536
2 2 0.002663 0.055191 0.931443 0.008753 0.001951
2 2 0.002819 0.016615 0.931083 0.049042 0.000440
2 2 0.002010 0.020353 0.954651 0.022385 0.000601
2 2 0.002590 0.041451 0.942304 0.012160 0.001494
2 2 0.042898 0.098468 0.842557 0.004832 0.011246
2 2 0.161308 0.197014 0.566708 0.057484 0.017486
1 2 0.175595 0.480089 0.309284 0.017384 0.017647
2 2 0.215784 0.284355 0.454128 0.016866 0.028867
2 2 0.204512 0.315710 0.443873 0.011340 0.024564
2 2 0.019899 0.065361 0.786393 0.126040 0.002308
2 2 0.018138 0.064558 0.811836 0.102280 0.003188
2 2 0.150471 0.177087 0.572985 0.084855 0.014602
2 2 0.061213 0.224407 0.634486 0.067428 0.012465
2 2 0.029393 0.117108 0.768069 0.079838 0.005593
0 2 0.579392 0.216468 0.161965 0.007460 0.034716
1 2 0.279284 0.480516 0.185297 0.004281 0.050622
1 2 0.227513 0.431657 0.286784 0.019524 0.034522
1 2 0.182446 0.500111 0.268512 0.013687 0.035244
1 2 0.181080 0.485077 0.267967 0.015577 0.050299
2 2 0.193692 0.341460 0.418605 0.021154 0.025089
2 2 0.040115 0.113722 0.800025 0.036989 0.009151
2 2 0.038305 0.145919 0.792936 0.009386 0.013454
2 2 0.034637 0.086228 0.814532 0.059454 0.005149
2 2 0.050775 0.151506 0.767347 0.017998 0.012375
2 2 0.020438 0.110041 0.799865 0.065239 0.004417
2 2 0.017777 0.106926 0.818003 0.051935 0.005360
2 2 0.005749 0.017439 0.845237 0.130903 0.000672
2 2 0.034390 0.038112 0.773586 0.151357 0.002555
2 2 0.012529 0.085202 0.835784 0.062090 0.004395
2 2 0.027687 0.032130 0.576862 0.361735 0.001586
2 2 0.033869 0.071016 0.643390 0.245744 0.005981
2 2 0.049016 0.109942 0.669395 0.161996 0.009651
2 2 0.033090 0.061906 0.637644 0.264230 0.003130
2 2 0.129883 0.129780 0.377095 0.355057 0.008186
0 2 0.415464 0.351671 0.195115 0.005998 0.031752
1 2 0.298434 0.462530 0.206655 0.004779 0.027602
0 2 0.490255 0.341675 0.108445 0.001215 0.058409
1 2 0.408866 0.409056 0.113043 0.001153 0.067882
0 2 0.478679 0.297719 0.174063 0.006154 0.043385
0 0 0.840701 0.074765 0.055817 0.001587 0.027130
0 0 0.765101 0.118175 0.079888 0.002311 0.034524
0 0 0.908395 0.037533 0.033718 0.001055 0.019298
0 0 0.926395 0.024569 0.031913 0.001822 0.015301
0 0 0.771202 0.115598 0.079176 0.002253 0.031771
1 0 0.189410 0.536070 0.233981 0.007422 0.033117
0 1 0.406368 0.360789 0.183001 0.005481 0.044362
1 1 0.207620 0.524768 0.213810 0.006480 0.047322
1 1 0.251147 0.413684 0.283865 0.018884 0.032420
0 1 0.661055 0.176711 0.122591 0.004362 0.035280
0 1 0.723630 0.151422 0.044256 0.000340 0.080352
0 1 0.476373 0.353706 0.054250 0.000181 0.115489
0 0 0.747612 0.102683 0.038775 0.000533 0.110397
0 0 0.893335 0.039708 0.040626 0.001886 0.024445
0 0 0.880203 0.046455 0.032625 0.000876 0.039841
0 0 0.561664 0.220334 0.159258 0.008203 0.050542
0 0 0.335880 0.328060 0.272978 0.024107 0.038975
0 0 0.457005 0.263211 0.208594 0.015708 0.055482
1 0 0.299539 0.348656 0.260672 0.024453 0.066680
1 1 0.297210 0.335997 0.303881 0.031400 0.031512
1 1 0.076196 0.449347 0.382628 0.020677 0.071152
1 1 0.071990 0.544795 0.204479 0.000624 0.178112
2 1 0.022130 0.301299 0.382503 0.000465 0.293603
1 1 0.013222 0.419692 0.355209 0.000859 0.211018
2 1 0.020816 0.317202 0.370584 0.000720 0.290679
4 4 0.040663 0.117241 0.122383 0.001006 0.718707
4 4 0.065216 0.075261 0.047099 0.002371 0.810053
4 4 0.063936 0.121343 0.057721 0.000691 0.756310
4 4 0.028718 0.103203 0.141220 0.001622 0.725236
4 4 0.037699 0.125374 0.092381 0.002124 0.742421
4 4 0.062585 0.157410 0.114658 0.002455 0.662891
4 4 0.032521 0.168605 0.101288 0.000679 0.696907
4 4 0.033043 0.209897 0.129169 0.000677 0.627214
4 4 0.026818 0.197750 0.108652 0.000116 0.666665
4 4 0.054795 0.136777 0.064762 0.009188 0.734478
4 4 0.037486 0.114138 0.106687 0.002805 0.738884
4 4 0.025405 0.214858 0.146602 0.001610 0.611525
4 4 0.017230 0.118517 0.117432 0.000400 0.746422
4 4 0.011033 0.116306 0.168177 0.003263 0.701221
4 4 0.018919 0.197367 0.185884 0.001159 0.596672
4 4 0.017984 0.184156 0.205017 0.005836 0.587007
4 4 0.032585 0.228565 0.218407 0.007513 0.512930
4 4 0.021970 0.119240 0.106848 0.001418 0.750524
4 4 0.033312 0.135851 0.159709 0.004320 0.666808
4 4 0.033016 0.230825 0.219336 0.007951 0.508873
4 4 0.021692 0.193645 0.272802 0.005658 0.506202
1 4 0.029084 0.330944 0.303536 0.017781 0.318655
4 4 0.049478 0.158937 0.244608 0.007077 0.539900
4 4 0.020372 0.355650 0.241067 0.008402 0.374510
4 4 0.024778 0.284732 0.256239 0.005523 0.428728
4 4 0.012541 0.279107 0.338791 0.001446 0.368114
2 4 0.024018 0.309846 0.334118 0.001346 0.330672
4 4 0.040650 0.323449 0.230028 0.003271 0.402601
4 4 0.024723 0.275072 0.331069 0.001960 0.367176
4 4 0.024751 0.260734 0.289338 0.002868 0.422309
2 4 0.010160 0.326623 0.423735 0.000397 0.239084
2 4 0.002469 0.254418 0.572491 0.000510 0.170112
2 4 0.004694 0.355130 0.464337 0.000819 0.175019
2 4 0.004847 0.348800 0.480531 0.000166 0.165656
2 4 0.003634 0.326631 0.509597 0.000752 0.159386
2 4 0.004732 0.333010 0.515038 0.001017 0.146203
2 4 0.018522 0.389641 0.432653 0.004971 0.154214
2 4 0.006146 0.308568 0.547035 0.001621 0.136630
2 4 0.005036 0.394247 0.442402 0.000404 0.157912
2 4 0.010707 0.306069 0.594381 0.008520 0.080323
2 1 0.004872 0.276778 0.605571 0.005884 0.106896
2 1 0.004602 0.224311 0.676789 0.009292 0.085006
2 1 0.003820 0.153052 0.781732 0.014662 0.046734
2 1 0.013296 0.129099 0.790025 0.028817 0.038764
2 1 0.005591 0.113724 0.824100 0.029674 0.026911
2 1 0.002587 0.036697 0.922271 0.035938 0.002507
2 1 0.001031 0.007719 0.873313 0.117447 0.000490
2 1 0.001465 0.019501 0.934475 0.043428 0.001131
2 2 0.001094 0.013674 0.892673 0.091306 0.001253
2 2 0.001246 0.005557 0.870824 0.122234 0.000138
2 2 0.028035 0.092053 0.829480 0.044580 0.005852
0 2 0.416321 0.311574 0.225184 0.012302 0.034620
1 2 0.210846 0.490837 0.254480 0.010750 0.033087
1 2 0.367857 0.389187 0.182088 0.005433 0.055436
1 2 0.151454 0.619303 0.173827 0.003093 0.052324
1 2 0.202617 0.479224 0.264263 0.011974 0.041923
1 2 0.153117 0.489094 0.303494 0.022217 0.032079
1 2 0.159339 0.432582 0.319379 0.039113 0.049588
1 2 0.248773 0.425628 0.246833 0.008426 0.070340
2 2 0.117656 0.286156 0.532748 0.026232 0.037208
2 2 0.118490 0.258375 0.579944 0.015925 0.027267
2 2 0.037539 0.452835 0.468639 0.015490 0.025497
2 2 0.089387 0.190752 0.650837 0.045861 0.023163
2 2 0.042756 0.232996 0.675623 0.032131 0.016495
2 2 0.016907 0.117999 0.839944 0.015453 0.009697
2 2 0.001875 0.007721 0.900761 0.089465 0.000177
2 2 0.001542 0.005874 0.888718 0.103765 0.000100
2 2 0.002386 0.012769 0.927100 0.057474 0.000271
2 2 0.002630 0.018641 0.941235 0.036937 0.000557
2 2 0.001555 0.011344 0.951981 0.034856 0.000264
2 2 0.007732 0.037323 0.883900 0.069785 0.001260
2 2 0.006073 0.036977 0.892233 0.063374 0.001343
2 2 0.004714 0.010886 0.805301 0.178882 0.000217
2 2 0.008774 0.038544 0.865292 0.086374 0.001016
2 2 0.005288 0.039981 0.878903 0.073883 0.001945
2 2 0.005393 0.010781 0.671052 0.312432 0.000342
2 2 0.001993 0.004319 0.635317 0.358305 0.000065
2 2 0.005716 0.010079 0.640448 0.343504 0.000253
3 3 0.004053 0.006752 0.423980 0.564899 0.000317
2 3 0.008012 0.016686 0.623576 0.351023 0.000704
2 3 0.007045 0.021960 0.609926 0.359518 0.001551
2 3 0.002281 0.004810 0.564328 0.428464 0.000116
3 3 0.005553 0.015779 0.475454 0.502287 0.000926
2 3 0.006260 0.019970 0.553995 0.418505 0.001270
2 3 0.003501 0.006333 0.521667 0.468312 0.000187
3 3 0.002267 0.004696 0.404225 0.588534 0.000277
3 3 0.009601 0.016202 0.298426 0.674627 0.001145
3 3 0.001947 0.003602 0.329839 0.664420 0.000192
3 3 0.000883 0.001224 0.150300 0.847544 0.000050
3 3 0.004567 0.007999 0.269243 0.717758 0.000433
3 3 0.001366 0.002336 0.193841 0.802247 0.000210
3 3 0.003450 0.003480 0.104982 0.887791 0.000297
3 3 0.002335 0.002070 0.119119 0.876388 0.000088
3 3 0.003791 0.003030 0.082616 0.910276 0.000286
3 3 0.001015 0.001019 0.076619 0.921284 0.000063
3 3 0.002978 0.001980 0.054043 0.940785 0.000214
3 3 0.001226 0.001153 0.060044 0.937455 0.000121
3 3 0.001976 0.001809 0.035315 0.960548 0.000352
3 3 0.000887 0.000777 0.062802 0.935498 0.000037
3 3 0.002153 0.001284 0.045145 0.951330 0.000088
3 3 0.000958 0.000562 0.023644 0.974784 0.000051
3 3 0.001205 0.000765 0.020832 0.977082 0.000116
3 3 0.000653 0.000468 0.026370 0.972464 0.000045
3 3 0.001354 0.001128 0.027774 0.969551 0.000193
3 3 0.000866 0.000456 0.014787 0.983833 0.000059
3 3 0.000846 0.000460 0.012954 0.985684 0.000057
3 3 0.000833 0.000444 0.013068 0.985611 0.000044
3 3 0.000529 0.000267 0.008793 0.990366 0.000046
3 3 0.000588 0.000266 0.009211 0.989900 0.000035
3 3 0.000453 0.000276 0.008509 0.990704 0.000058
3 3 0.000445 0.000242 0.010764 0.988516 0.000033
3 3 0.000724 0.000408 0.011710 0.987098 0.000058
3 3 0.000604 0.000300 0.010075 0.988988 0.000033
3 3 0.000364 0.000202 0.008971 0.990428 0.000034
3 3 0.000522 0.000322 0.014419 0.984692 0.000046
3 3 0.000604 0.000299 0.009426 0.989616 0.000055
3 3 0.000464 0.000290 0.008539 0.990632 0.000075
3 3 0.000771 0.000541 0.013115 0.985468 0.000105
3 3 0.000713 0.000391 0.013819 0.985018 0.000060
3 3 0.000547 0.000327 0.009750 0.989317 0.000059
3 3 0.000442 0.000228 0.007612 0.991665 0.000053
3 3 0.000467 0.000239 0.008324 0.990923 0.000047
3 3 0.000491 0.000235 0.008161 0.991074 0.000040
3 3 0.000863 0.000365 0.011929 0.986808 0.000035
3 3 0.043041 0.036381 0.273777 0.646560 0.000240
3 3 0.096784 0.098542 0.331953 0.464759 0.007962
2 3 0.174014 0.303973 0.403965 0.099679 0.018370
2 3 0.113637 0.144465 0.370857 0.357487 0.013555
2 3 0.126290 0.189762 0.413257 0.259649 0.011042
2 3 0.167174 0.349142 0.385851 0.074660 0.023173
2 3 0.074621 0.093714 0.481599 0.345203 0.004863
2 3 0.137113 0.143898 0.440760 0.268506 0.009724
2 3 0.167332 0.318674 0.414955 0.079949 0.019089
2 3 0.299930 0.140079 0.415340 0.130534 0.014116
2 3 0.108004 0.276940 0.480779 0.120387 0.013890
2 3 0.116566 0.192598 0.582655 0.092670 0.015511
2 3 0.176372 0.162300 0.527232 0.118668 0.015429
2 3 0.196758 0.332674 0.385988 0.066716 0.017863
2 3 0.117094 0.089780 0.625622 0.160056 0.007449
2 3 0.162912 0.240803 0.464917 0.111647 0.019721
2 3 0.017847 0.066762 0.792596 0.119542 0.003252
2 2 0.020128 0.048096 0.755485 0.174279 0.002012
2 2 0.028039 0.114652 0.757791 0.094846 0.004672
2 2 0.029004 0.089801 0.758492 0.116812 0.005892
2 2 0.047316 0.158836 0.671329 0.114125 0.008394
2 2 0.041748 0.158068 0.694728 0.096865 0.008591
2 2 0.032462 0.119795 0.739444 0.102291 0.006008
2 2 0.037169 0.192387 0.688984 0.068208 0.013252
2 2 0.108448 0.287882 0.442456 0.150842 0.010371
2 2 0.036562 0.100600 0.643257 0.212241 0.007340
2 2 0.006832 0.027375 0.801701 0.161507 0.002584
2 2 0.005262 0.050777 0.785792 0.150120 0.008048
2 2 0.001819 0.018789 0.859402 0.117444 0.002546
2 2 0.004420 0.093093 0.842095 0.039138 0.021253
2 2 0.005209 0.119399 0.812520 0.038559 0.024313
4 2 0.048843 0.173091 0.216104 0.031445 0.530517
4 4 0.063272 0.169863 0.315733 0.039401 0.411731
4 4 0.019145 0.208357 0.252390 0.002535 0.517573
4 4 0.014141 0.173917 0.315086 0.005506 0.491349
1 4 0.062122 0.345356 0.220671 0.061146 0.310704
4 4 0.006014 0.221217 0.381837 0.000797 0.390134
2 4 0.004485 0.205241 0.483369 0.002467 0.304438
2 4 0.012809 0.274677 0.363834 0.003968 0.344711
4 4 0.010656 0.231193 0.349249 0.005066 0.403836
4 4 0.007721 0.204812 0.366555 0.002499 0.418413
4 4 0.024778 0.228101 0.275898 0.004793 0.466431
4 4 0.014514 0.286107 0.219185 0.004647 0.475547
4 4 0.014382 0.187713 0.281505 0.005543 0.510857
4 4 0.006231 0.255821 0.285403 0.002183 0.450361
4 4 0.012609 0.207935 0.334376 0.006686 0.438393
2 4 0.011796 0.339043 0.356459 0.004733 0.287968
4 4 0.021890 0.244104 0.335072 0.005577 0.393357
2 4 0.006266 0.257584 0.409758 0.003590 0.322802
2 4 0.016308 0.295418 0.396939 0.004390 0.286945
2 4 0.013637 0.241699 0.371736 0.005412 0.367515
4 4 0.022624 0.210021 0.163394 0.003663 0.600298
4 4 0.028804 0.107295 0.127537 0.004064 0.732299
4 4 0.014066 0.144755 0.164440 0.000495 0.676244
4 4 0.025589 0.170157 0.155968 0.000658 0.647629
4 4 0.041282 0.122105 0.102257 0.002684 0.731672
2 4 0.012637 0.342434 0.421252 0.002551 0.221126
2 4 0.007398 0.270818 0.490745 0.001431 0.229609
2 4 0.006281 0.367523 0.424468 0.003583 0.198145
1 4 0.012002 0.361783 0.361447 0.005558 0.259210
2 4 0.009940 0.343652 0.403899 0.002728 0.239781
1 4 0.054957 0.350021 0.256700 0.000825 0.337497
1 4 0.034627 0.428376 0.260085 0.000504 0.276407
1 4 0.296722 0.377620 0.158734 0.002509 0.164415
1 1 0.063297 0.457794 0.126280 0.000407 0.352222
1 1 0.026816 0.403522 0.289597 0.000980 0.279085
2 1 0.012546 0.255201 0.627072 0.030390 0.074791
2 1 0.016599 0.219140 0.663055 0.052454 0.048751
2 1 0.018018 0.282200 0.585453 0.042956 0.071374
2 1 0.018944 0.244444 0.624555 0.041946 0.070110
2 1 0.009604 0.204257 0.683346 0.035915 0.066878
2 1 0.002134 0.045342 0.912867 0.032270 0.007387
2 1 0.006711 0.169138 0.773938 0.022071 0.028142
2 1 0.003080 0.067726 0.880144 0.034544 0.014506
2 2 0.004825 0.061852 0.857446 0.067452 0.008425
2 2 0.002893 0.074463 0.889084 0.020301 0.013259
1 2 0.081810 0.506059 0.353256 0.038937 0.019938
2 2 0.009585 0.178866 0.781918 0.016259 0.013373
2 2 0.003228 0.085729 0.889626 0.013149 0.008268
2 2 0.003358 0.045461 0.928877 0.019594 0.002711
2 2 0.002278 0.020464 0.934286 0.041826 0.001146
2 2 0.004680 0.018361 0.896436 0.079834 0.000690
2 2 0.019004 0.130211 0.792469 0.052239 0.006076
2 2 0.004295 0.016684 0.862761 0.115293 0.000967
2 2 0.012059 0.046747 0.899045 0.039515 0.002635
2 2 0.004935 0.038233 0.872445 0.080976 0.003411
2 2 0.000534 0.023608 0.970972 0.004172 0.000714
2 2 0.001481 0.042032 0.948611 0.006400 0.001475
2 2 0.001093 0.033454 0.958072 0.005775 0.001606
2 2 0.000371 0.005391 0.972019 0.022046 0.000173
2 2 0.000547 0.010434 0.967283 0.021327 0.000408
2 2 0.012186 0.090789 0.850060 0.042653 0.004312
2 2 0.060156 0.126115 0.755224 0.048211 0.010294
1 2 0.200352 0.410569 0.338115 0.030660 0.020304
2 2 0.111033 0.290349 0.497209 0.084243 0.017167
2 2 0.189643 0.239297 0.464017 0.088177 0.018866
2 2 0.086121 0.189146 0.662324 0.051676 0.010734
1 2 0.123344 0.421823 0.394810 0.035748 0.024275
1 2 0.139164 0.442107 0.336394 0.043037 0.039299
2 2 0.112065 0.332248 0.492327 0.043961 0.019399
2 2 0.092014 0.202499 0.640963 0.052199 0.012325
0 0 0.674370 0.162501 0.108254 0.004051 0.050824
0 0 0.424067 0.388900 0.130901 0.001783 0.054348
1 0 0.235070 0.559285 0.087269 0.000491 0.117885
0 1 0.418313 0.377275 0.110841 0.001433 0.092137
1 1 0.323839 0.429936 0.190612 0.005317 0.050296
1 1 0.189374 0.567647 0.169580 0.003388 0.070011
0 1 0.387057 0.379978 0.140503 0.003046 0.089416
0 1 0.581467 0.224687 0.118245 0.003584 0.072016
1 1 0.281367 0.459020 0.201630 0.006124 0.051859
1 1 0.224320 0.499006 0.196897 0.006411 0.073366
2 1 0.058563 0.319820 0.548983 0.059864 0.012771
2 1 0.019510 0.080930 0.723335 0.168522 0.007704
2 1 0.023181 0.099748 0.697724 0.173650 0.005696
2 1 0.013461 0.047867 0.811198 0.124266 0.003208
2 1 0.016626 0.028399 0.600766 0.352505 0.001705
2 2 0.028261 0.047400 0.675150 0.246564 0.002624
2 2 0.176128 0.305567 0.449141 0.043798 0.025366
2 2 0.062323 0.241834 0.590649 0.093443 0.011751
2 2 0.055399 0.129034 0.669854 0.136104 0.009609
2 2 0.084090 0.154593 0.665469 0.087134 0.008714
2 2 0.004988 0.020174 0.797797 0.175616 0.001426
2 2 0.003428 0.009695 0.776520 0.210009 0.000348
2 2 0.009795 0.077685 0.775209 0.128166 0.009145
2 2 0.004736 0.011650 0.733761 0.249373 0.000480
2 2 0.002562 0.009047 0.774973 0.212883 0.000535
2 2 0.043462 0.151655 0.731890 0.049716 0.023277
2 2 0.018855 0.061493 0.712438 0.199608 0.007606
2 2 0.027901 0.103156 0.781567 0.077489 0.009887
2 2 0.058894 0.123798 0.753956 0.043296 0.020055
2 2 0.061658 0.214278 0.629299 0.069434 0.025332
2 2 0.033126 0.105181 0.770485 0.085912 0.005296
2 2 0.014293 0.044365 0.744348 0.194386 0.002608
2 2 0.011467 0.056013 0.776015 0.151011 0.005495
2 2 0.012450 0.028673 0.822655 0.134417 0.001805
2 2 0.022125 0.052307 0.748978 0.174212 0.002378
2 2 0.002726 0.010690 0.841201 0.144755 0.000627
2 2 0.004229 0.024091 0.877474 0.092568 0.001637
2 2 0.005331 0.023571 0.835835 0.133283 0.001981
2 2 0.013241 0.087198 0.800327 0.092655 0.006579
2 2 0.061388 0.242630 0.590679 0.094950 0.010354
2 3 0.004141 0.050471 0.869286 0.071865 0.004236
2 3 0.002171 0.008474 0.800701 0.188168 0.000486
2 3 0.003476 0.025931 0.871891 0.096962 0.001740
2 3 0.003519 0.022832 0.886255 0.086173 0.001222
2 3 0.002833 0.017892 0.878396 0.099724 0.001155
2 3 0.006079 0.049695 0.885383 0.055409 0.003434
2 3 0.016793 0.057734 0.790959 0.131265 0.003249
1 3 0.103282 0.580755 0.288191 0.012346 0.015426
2 3 0.063583 0.186260 0.605365 0.135331 0.009461
2 3 0.078163 0.240373 0.543794 0.126750 0.010919
2 3 0.043592 0.119792 0.641320 0.187476 0.007821
2 3 0.007962 0.026943 0.717101 0.244995 0.003000
2 3 0.035301 0.083131 0.689362 0.187309 0.004898
2 3 0.024399 0.064081 0.658873 0.248294 0.004352
2 3 0.018232 0.037997 0.568500 0.371989 0.003282
2 2 0.004116 0.022875 0.908674 0.063296 0.001039
2 2 0.004145 0.023472 0.898990 0.072630 0.000763
2 2 0.001949 0.018944 0.936387 0.042032 0.000688
2 2 0.003586 0.027599 0.933511 0.034414 0.000890
2 2 0.004295 0.026312 0.894552 0.074023 0.000817
2 2 0.011011 0.070170 0.860480 0.054956 0.003384
2 2 0.004874 0.036124 0.880334 0.076536 0.002132
2 2 0.004724 0.026469 0.885376 0.082225 0.001207
2 2 0.008960 0.058201 0.859246 0.070056 0.003537
2 2 0.015736 0.081219 0.836923 0.061884 0.004238
2 2 0.006098 0.012669 0.688488 0.292339 0.000407
2 2 0.007889 0.022783 0.820037 0.148204 0.001087
2 2 0.006097 0.021904 0.821270 0.149666 0.001063
2 2 0.008810 0.056572 0.833763 0.096687 0.004168
2 2 0.002433 0.016203 0.815361 0.164740 0.001263
2 2 0.003316 0.011089 0.607867 0.376448 0.001279
2 2 0.005466 0.015043 0.689143 0.289435 0.000913
2 2 0.004611 0.009568 0.519322 0.465810 0.000688
2 2 0.012918 0.033802 0.612964 0.337463 0.002853
2 2 0.012554 0.029853 0.593947 0.361255 0.002391
2 2 0.026140 0.035350 0.475773 0.459099 0.003637
