2 2 0.017121 0.232322 0.590965 0.061613 0.097979
2 2 0.031364 0.326050 0.541399 0.048981 0.052206
1 4 0.063345 0.456420 0.422423 0.005486 0.052326
2 4 0.049949 0.386455 0.496051 0.019200 0.048346
2 4 0.053595 0.272493 0.574232 0.063378 0.036302
4 4 0.108917 0.188751 0.169698 0.004997 0.527636
0 4 0.380271 0.348456 0.173719 0.000928 0.096626
1 4 0.148826 0.473916 0.239044 0.005377 0.132837
1 4 0.276314 0.428259 0.151770 0.000979 0.142679
1 4 0.226623 0.288544 0.199213 0.001247 0.284372
2 4 0.161969 0.365153 0.419647 0.001070 0.052161
1 4 0.076023 0.514564 0.338300 0.002652 0.068461
1 4 0.061294 0.477972 0.354141 0.003273 0.103320
1 4 0.049534 0.389562 0.235943 0.001542 0.323420
2 4 0.063281 0.355358 0.393143 0.002733 0.185485
1 4 0.128945 0.528004 0.205139 0.001999 0.135913
1 4 0.019516 0.435894 0.295035 0.004495 0.245059
1 4 0.083655 0.475325 0.287741 0.003750 0.149530
1 4 0.102915 0.493270 0.291985 0.006324 0.105506
1 4 0.175597 0.449750 0.303058 0.001563 0.070031
1 4 0.263605 0.427534 0.164689 0.001453 0.142719
1 4 0.324776 0.372106 0.191751 0.001799 0.109568
1 4 0.247046 0.317363 0.200462 0.004881 0.230248
0 4 0.372101 0.324998 0.171396 0.002449 0.129056
1 4 0.199846 0.477083 0.173887 0.001503 0.147680
2 4 0.041929 0.373506 0.553725 0.005370 0.025470
2 4 0.113326 0.376424 0.474865 0.002711 0.032675
2 4 0.080280 0.418668 0.461838 0.002861 0.036353
2 4 0.038749 0.399451 0.509500 0.012054 0.040247
2 4 0.072134 0.350618 0.546740 0.004772 0.025737
2 4 0.046493 0.308100 0.626911 0.003539 0.014957
2 4 0.028959 0.343581 0.612422 0.001908 0.013129
2 2 0.027041 0.210811 0.694344 0.051596 0.016208
2 2 0.029900 0.254447 0.679496 0.019790 0.016367
2 2 0.021194 0.198583 0.734814 0.033917 0.011492
2 2 0.007932 0.156331 0.804981 0.025357 0.005399
2 2 0.011634 0.121581 0.853721 0.010364 0.002701
2 2 0.005661 0.045349 0.897004 0.050206 0.001780
2 2 0.008866 0.105559 0.858670 0.024173 0.002731
2 2 0.006455 0.106417 0.842285 0.041636 0.003207
2 3 0.017834 0.107734 0.806118 0.063532 0.004782
2 3 0.018131 0.142962 0.805488 0.027781 0.005638
2 3 0.012151 0.104665 0.833309 0.046192 0.003682
2 3 0.018088 0.153430 0.799785 0.022769 0.005928
2 3 0.013225 0.139307 0.770851 0.069297 0.007321
2 3 0.016767 0.131297 0.757972 0.086310 0.007654
2 3 0.018758 0.141877 0.771345 0.060359 0.007661
2 3 0.023328 0.160326 0.770575 0.037548 0.008224
2 3 0.010210 0.061438 0.814286 0.111919 0.002147
2 3 0.022363 0.102537 0.777535 0.092115 0.005450
3 3 0.007678 0.019261 0.443513 0.528456 0.001092
2 3 0.016959 0.060571 0.681337 0.237510 0.003624
2 3 0.018803 0.120916 0.687804 0.162984 0.009493
2 3 0.027976 0.095357 0.677379 0.191717 0.007571
2 3 0.018621 0.088597 0.701650 0.185182 0.005950
2 3 0.016737 0.064120 0.653669 0.261201 0.004272
2 3 0.010699 0.063916 0.653989 0.267453 0.003942
2 3 0.009865 0.067287 0.671828 0.247041 0.003978
2 3 0.021352 0.083626 0.761686 0.128834 0.004503
2 3 0.022092 0.114413 0.714458 0.140851 0.008186
2 3 0.016316 0.088834 0.732365 0.157223 0.005262
2 3 0.014417 0.068545 0.739848 0.173683 0.003506
2 3 0.014726 0.081954 0.739949 0.158856 0.004515
2 3 0.022321 0.101965 0.745113 0.124333 0.006268
2 3 0.010944 0.075600 0.728309 0.181139 0.004008
2 3 0.023355 0.083355 0.697257 0.190302 0.005732
2 3 0.015061 0.092356 0.729944 0.157111 0.005529
2 3 0.019273 0.115168 0.723684 0.134057 0.007819
2 3 0.019575 0.103843 0.710399 0.158971 0.007212
2 3 0.017575 0.082846 0.725038 0.169579 0.004962
2 3 0.021873 0.098715 0.689753 0.182300 0.007359
2 3 0.021203 0.093389 0.717420 0.161818 0.006170
2 3 0.012322 0.065030 0.623873 0.294252 0.004523
2 3 0.011840 0.075271 0.632097 0.275352 0.005440
2 3 0.016226 0.107177 0.739854 0.130203 0.006540
2 3 0.010307 0.079104 0.709320 0.196763 0.004506
2 3 0.016923 0.111373 0.738412 0.126349 0.006943
2 3 0.017945 0.089957 0.752534 0.134536 0.005027
2 3 0.010945 0.074757 0.715441 0.194742 0.004116
2 3 0.012517 0.114830 0.771915 0.094788 0.005949
2 3 0.022212 0.095724 0.630171 0.243326 0.008567
2 3 0.023180 0.087182 0.600708 0.280678 0.008252
2 3 0.028953 0.081420 0.611104 0.271031 0.007492
2 3 0.039441 0.157228 0.625063 0.160140 0.018129
2 3 0.026562 0.085591 0.576600 0.302427 0.008820
2 3 0.026117 0.127547 0.594295 0.237411 0.014630
2 3 0.022372 0.114860 0.591228 0.259040 0.012500
2 3 0.032143 0.160086 0.679171 0.113999 0.014601
2 3 0.027156 0.103102 0.668414 0.192680 0.008648
2 3 0.035743 0.151770 0.613793 0.180787 0.017908
3 3 0.021029 0.050310 0.329260 0.590881 0.008520
3 3 0.018402 0.068667 0.444183 0.459793 0.008955
3 3 0.013551 0.049366 0.438853 0.492994 0.005236
3 3 0.030353 0.094299 0.385587 0.470764 0.018997
3 3 0.021819 0.053298 0.392235 0.525200 0.007450
0 3 0.313127 0.236319 0.158055 0.083853 0.208646
1 3 0.113228 0.283885 0.269302 0.162581 0.171004
0 3 0.299443 0.256236 0.178642 0.072674 0.193005
0 0 0.377379 0.165059 0.162515 0.047608 0.247439
0 1 0.618736 0.057903 0.035735 0.008857 0.278769
0 2 0.636615 0.069130 0.068519 0.014576 0.211160
0 0 0.656228 0.069280 0.117854 0.007510 0.149129
0 0 0.728841 0.056640 0.049807 0.006691 0.158020
0 0 0.608012 0.159260 0.057856 0.003957 0.170915
0 0 0.478673 0.237558 0.075917 0.002437 0.205415
2 0 0.018445 0.221260 0.734737 0.015419 0.010139
2 0 0.018876 0.166993 0.792064 0.015959 0.006108
2 1 0.022863 0.204238 0.752630 0.011958 0.008311
2 1 0.029660 0.215179 0.725277 0.018456 0.011429
2 1 0.024921 0.184580 0.775698 0.008576 0.006225
2 1 0.032060 0.195843 0.749691 0.013692 0.008714
2 1 0.030055 0.250284 0.695311 0.011438 0.012911
2 1 0.035811 0.258835 0.689388 0.005156 0.010810
2 2 0.026268 0.209950 0.734656 0.018511 0.010614
2 2 0.022395 0.149601 0.793697 0.027900 0.006407
2 2 0.018203 0.101947 0.850243 0.026524 0.003083
2 2 0.021203 0.142183 0.813176 0.018483 0.004956
2 2 0.024181 0.156289 0.805029 0.009720 0.004781
2 2 0.026939 0.188020 0.768675 0.009554 0.006812
2 2 0.028620 0.276819 0.677425 0.005289 0.011847
2 1 0.019191 0.162473 0.789930 0.021853 0.006553
2 2 0.009315 0.089967 0.841946 0.055854 0.002918
2 2 0.012039 0.084548 0.870293 0.030931 0.002188
2 2 0.014180 0.105496 0.847647 0.029147 0.003530
2 2 0.015020 0.149873 0.815292 0.015115 0.004701
2 2 0.011302 0.128498 0.845326 0.011781 0.003094
2 2 0.021842 0.201230 0.759470 0.009966 0.007492
2 2 0.018772 0.170962 0.799491 0.006230 0.004545
2 2 0.011265 0.133658 0.839579 0.012150 0.003348
2 2 0.015524 0.135943 0.834332 0.010685 0.003516
2 2 0.025906 0.170141 0.778712 0.018143 0.007098
2 1 0.027208 0.172641 0.783611 0.010501 0.006038
2 2 0.017497 0.118746 0.839506 0.020634 0.003617
2 2 0.023865 0.198579 0.756572 0.012821 0.008163
2 2 0.023325 0.146081 0.797928 0.026584 0.006082
2 2 0.010043 0.093495 0.878735 0.014826 0.002901
2 2 0.016533 0.129502 0.844095 0.006975 0.002895
2 2 0.014811 0.202554 0.762886 0.012232 0.007518
2 2 0.023622 0.163941 0.803313 0.005020 0.004104
2 2 0.022207 0.149095 0.815567 0.008942 0.004189
2 2 0.023925 0.180023 0.780286 0.009625 0.006140
2 2 0.015587 0.196013 0.775333 0.007167 0.005901
2 2 0.015046 0.110524 0.849738 0.021466 0.003226
2 2 0.030231 0.184571 0.776837 0.003255 0.005105
2 2 0.012537 0.113545 0.859374 0.011978 0.002566
2 2 0.024159 0.206225 0.739639 0.019678 0.010299
2 2 0.023020 0.152524 0.773251 0.043271 0.007933
2 2 0.021605 0.186921 0.760819 0.021950 0.008705
2 2 0.028757 0.219199 0.728459 0.013202 0.010384
2 2 0.023559 0.153640 0.787026 0.028888 0.006886
2 2 0.026149 0.185218 0.769488 0.012000 0.007145
2 2 0.023085 0.210521 0.742579 0.014379 0.009436
2 2 0.035527 0.214905 0.726880 0.012413 0.010275
2 2 0.022576 0.243582 0.710102 0.012062 0.011679
2 2 0.029341 0.210973 0.732934 0.016278 0.010474
2 2 0.042275 0.284920 0.639793 0.013490 0.019522
2 2 0.046168 0.314487 0.613401 0.006774 0.019170
2 2 0.034657 0.243219 0.700981 0.009396 0.011747
2 1 0.038589 0.259512 0.670267 0.015212 0.016420
2 1 0.022804 0.223035 0.704579 0.034821 0.014761
2 1 0.042654 0.296183 0.615875 0.020359 0.024929
2 1 0.043254 0.298399 0.600293 0.028785 0.029269
2 1 0.052327 0.343469 0.565833 0.010138 0.028232
2 0 0.047215 0.306169 0.607780 0.014602 0.024234
2 1 0.046946 0.294807 0.616635 0.017651 0.023961
2 1 0.036508 0.232429 0.680889 0.032716 0.017458
2 1 0.045974 0.301718 0.613273 0.015315 0.023720
2 1 0.054625 0.339620 0.566547 0.010736 0.028472
2 1 0.042888 0.270277 0.647061 0.019565 0.020209
2 1 0.044342 0.307770 0.611305 0.013323 0.023259
2 1 0.052043 0.317495 0.597780 0.009618 0.023064
2 1 0.046100 0.309267 0.600746 0.017487 0.026400
2 0 0.053536 0.287923 0.592434 0.034911 0.031196
2 1 0.059573 0.298828 0.593659 0.020080 0.027861
2 1 0.053227 0.280272 0.627714 0.016896 0.021891
2 1 0.045733 0.287057 0.610192 0.029463 0.027556
2 1 0.047782 0.298196 0.611931 0.017490 0.024602
2 1 0.061076 0.290171 0.614435 0.012058 0.022260
2 1 0.055101 0.281647 0.625700 0.015700 0.021851
2 1 0.045313 0.291276 0.616440 0.021842 0.025130
2 2 0.038560 0.199030 0.739576 0.013494 0.009340
2 2 0.043946 0.198194 0.738290 0.010379 0.009190
2 2 0.045384 0.221625 0.719213 0.004978 0.008800
2 1 0.038634 0.256974 0.673151 0.015162 0.016079
2 1 0.033689 0.244337 0.694914 0.013583 0.013475
2 1 0.063235 0.367701 0.525374 0.009359 0.034331
2 1 0.045599 0.297188 0.607835 0.022674 0.026704
2 1 0.052379 0.320979 0.579460 0.017418 0.029764
2 1 0.054936 0.347982 0.559740 0.009044 0.028297
2 1 0.044266 0.339558 0.571289 0.014692 0.030196
2 2 0.047353 0.310375 0.619124 0.005541 0.017606
2 2 0.040365 0.242669 0.688869 0.014027 0.014071
2 2 0.030254 0.264109 0.669120 0.019059 0.017458
2 2 0.043185 0.145151 0.779176 0.025282 0.007205
2 2 0.032963 0.201492 0.744355 0.012294 0.008897
2 2 0.026061 0.288236 0.653248 0.014321 0.018134
2 2 0.042367 0.292777 0.637312 0.009432 0.018113
2 1 0.027880 0.291150 0.652888 0.011016 0.017066
2 2 0.035252 0.283842 0.649363 0.013211 0.018331
2 2 0.019352 0.221632 0.728103 0.019660 0.011254
1 2 0.214175 0.385370 0.332911 0.003223 0.064320
2 0 0.268318 0.321478 0.376831 0.000966 0.032407
1 0 0.157793 0.468789 0.236250 0.005015 0.132153
1 1 0.053020 0.503545 0.354349 0.008423 0.080664
1 1 0.069816 0.457852 0.375622 0.014369 0.082340
2 1 0.070987 0.349219 0.523568 0.016675 0.039552
1 1 0.147174 0.448938 0.348121 0.001354 0.054413
1 1 0.209368 0.372644 0.361622 0.002870 0.053496
2 1 0.051617 0.419015 0.467163 0.011996 0.050208
2 2 0.049660 0.368359 0.503114 0.028429 0.050437
2 2 0.013134 0.161742 0.817239 0.004482 0.003403
2 2 0.003019 0.114026 0.873843 0.003039 0.006073
2 2 0.001766 0.064157 0.927927 0.004078 0.002072
2 2 0.005639 0.115552 0.867609 0.006967 0.004233
2 2 0.008809 0.150638 0.827901 0.009102 0.003550
2 2 0.008171 0.113682 0.863601 0.002517 0.012029
2 2 0.010627 0.133220 0.836856 0.012319 0.006979
2 2 0.007953 0.055743 0.911577 0.003351 0.021376
2 4 0.015439 0.284937 0.688966 0.002386 0.008272
2 4 0.008583 0.217315 0.744869 0.014115 0.015118
4 4 0.047353 0.361701 0.103579 0.000165 0.487202
4 4 0.069783 0.283233 0.094117 0.000568 0.552299
1 4 0.237785 0.495549 0.112118 0.000197 0.154351
1 4 0.254246 0.377824 0.137393 0.000295 0.230241
4 4 0.056159 0.202214 0.079122 0.000736 0.661769
4 4 0.215782 0.125387 0.012541 0.000028 0.646261
4 4 0.174152 0.073495 0.006434 0.000005 0.745914
4 4 0.369619 0.131068 0.009562 0.000027 0.489725
4 4 0.112477 0.032228 0.007104 0.000011 0.848180
4 4 0.236961 0.057196 0.009283 0.000028 0.696532
1 4 0.196247 0.446925 0.149914 0.003820 0.203094
1 4 0.102188 0.556721 0.213964 0.001702 0.125424
1 4 0.094280 0.564544 0.230843 0.001407 0.108926
1 4 0.087105 0.578619 0.192865 0.001584 0.139826
1 4 0.060263 0.537522 0.295070 0.005017 0.102129
2 4 0.025927 0.462034 0.470542 0.004614 0.036883
1 4 0.021197 0.478942 0.452019 0.005679 0.042164
2 4 0.024510 0.422403 0.507752 0.008862 0.036472
2 4 0.019870 0.443486 0.500660 0.004799 0.031185
2 4 0.017564 0.471628 0.471802 0.004356 0.034651
2 4 0.010036 0.178929 0.797467 0.008685 0.004882
2 2 0.010189 0.151827 0.814223 0.018932 0.004828
2 2 0.009781 0.161226 0.811175 0.013150 0.004668
2 2 0.001620 0.042182 0.948854 0.004470 0.002873
2 2 0.002233 0.035793 0.946589 0.014213 0.001172
2 2 0.002500 0.047338 0.925246 0.022793 0.002123
2 2 0.000829 0.016874 0.970018 0.011371 0.000909
2 2 0.011625 0.155595 0.823672 0.005732 0.003376
2 0 0.017212 0.197710 0.774582 0.005075 0.005421
2 0 0.028782 0.181122 0.784523 0.001890 0.003683
2 1 0.087667 0.365847 0.475462 0.019332 0.051692
2 1 0.103554 0.352029 0.483928 0.014034 0.046456
2 1 0.078102 0.408158 0.438959 0.014865 0.059916
2 1 0.066715 0.371449 0.494861 0.019044 0.047930
2 1 0.216918 0.327996 0.403793 0.005173 0.046120
2 0 0.067076 0.321731 0.559333 0.018612 0.033249
2 1 0.062132 0.279637 0.598237 0.030917 0.029077
2 1 0.063649 0.269175 0.599200 0.038401 0.029576
2 1 0.041953 0.305147 0.582350 0.036698 0.033851
2 1 0.037837 0.266211 0.651407 0.024016 0.020529
2 1 0.023017 0.337779 0.612492 0.007323 0.019389
2 1 0.032594 0.273676 0.663642 0.013361 0.016727
2 2 0.020625 0.272645 0.676301 0.014897 0.015532
2 1 0.024653 0.297726 0.652858 0.008776 0.015986
2 1 0.019521 0.284177 0.671796 0.010054 0.014451
2 1 0.017086 0.218483 0.747136 0.009221 0.008074
2 2 0.016896 0.219996 0.743324 0.011067 0.008717
2 2 0.021509 0.222813 0.740108 0.007420 0.008151
2 2 0.027613 0.178335 0.784841 0.004124 0.005088
2 2 0.006327 0.052122 0.921511 0.015652 0.004388
2 2 0.002976 0.110581 0.881332 0.001970 0.003141
2 2 0.006746 0.142128 0.840634 0.007635 0.002857
2 2 0.003070 0.098916 0.889902 0.003316 0.004795
2 2 0.001766 0.081338 0.912006 0.002283 0.002606
2 2 0.004733 0.202032 0.785558 0.002156 0.005521
2 2 0.007300 0.079772 0.892540 0.018452 0.001937
2 2 0.014625 0.171281 0.798663 0.010264 0.005167
2 1 0.016533 0.165474 0.800541 0.012160 0.005292
2 2 0.010924 0.104731 0.871430 0.010817 0.002097
2 2 0.014017 0.118442 0.830728 0.032719 0.004093
2 2 0.002776 0.053881 0.912937 0.027902 0.002505
2 2 0.003012 0.054678 0.937537 0.002103 0.002670
2 2 0.010254 0.104766 0.835492 0.045932 0.003557
2 2 0.008616 0.118731 0.846861 0.022554 0.003238
2 2 0.011072 0.082286 0.895189 0.009660 0.001793
2 2 0.008556 0.099437 0.772147 0.115132 0.004728
2 2 0.017104 0.076700 0.830437 0.072932 0.002828
2 1 0.012438 0.071813 0.847444 0.066032 0.002274
2 1 0.015218 0.082054 0.835355 0.064442 0.002930
2 2 0.015316 0.067026 0.834650 0.080698 0.002309
2 2 0.010487 0.123274 0.851630 0.011774 0.002836
2 2 0.011452 0.099045 0.865164 0.021310 0.003029
2 2 0.002631 0.060722 0.919476 0.014157 0.003015
2 2 0.001031 0.030086 0.944332 0.022586 0.001966
2 2 0.001376 0.032909 0.943690 0.019291 0.002734
2 2 0.006868 0.104474 0.866241 0.018409 0.004007
2 2 0.004546 0.094723 0.873001 0.022835 0.004896
2 2 0.017913 0.158459 0.781269 0.034967 0.007392
2 2 0.016297 0.168344 0.791849 0.016278 0.007232
2 2 0.005871 0.101531 0.839884 0.047414 0.005299
2 2 0.016089 0.127182 0.804613 0.046630 0.005486
2 2 0.007970 0.061663 0.806331 0.121889 0.002147
2 2 0.001582 0.022123 0.917609 0.057136 0.001549
2 2 0.009696 0.056475 0.876158 0.055956 0.001716
2 2 0.008169 0.109274 0.821677 0.054866 0.006014
2 2 0.008368 0.051926 0.804078 0.133914 0.001714
2 2 0.009491 0.056578 0.778981 0.152776 0.002173
2 2 0.006092 0.039709 0.817208 0.134544 0.002447
2 2 0.004556 0.051327 0.805737 0.136868 0.001512
2 2 0.006709 0.047011 0.812882 0.131422 0.001975
2 2 0.009151 0.047945 0.789800 0.151468 0.001636
2 2 0.012522 0.120681 0.809444 0.052367 0.004987
2 2 0.006816 0.047223 0.797850 0.146631 0.001480
2 2 0.011740 0.093152 0.833562 0.058248 0.003299
2 2 0.006948 0.066499 0.789180 0.134460 0.002914
2 2 0.006158 0.047762 0.854553 0.089879 0.001648
2 2 0.013113 0.094496 0.816561 0.072044 0.003787
2 2 0.012962 0.135391 0.780308 0.064619 0.006720
2 2 0.011149 0.078533 0.822699 0.084736 0.002883
2 3 0.015390 0.122577 0.776608 0.079033 0.006392
2 2 0.007737 0.031785 0.745718 0.213763 0.000998
2 2 0.011052 0.061863 0.757686 0.166669 0.002730
2 2 0.013249 0.052213 0.726849 0.205256 0.002432
2 2 0.006385 0.046144 0.707713 0.237862 0.001896
2 3 0.011924 0.077114 0.758385 0.148617 0.003961
2 2 0.013141 0.068390 0.618112 0.295348 0.005010
2 3 0.035896 0.112327 0.656001 0.185286 0.010489
2 2 0.028776 0.100423 0.732553 0.131585 0.006663
2 3 0.022503 0.101536 0.679711 0.188307 0.007944
2 3 0.034085 0.144441 0.745790 0.066259 0.009425
2 2 0.029351 0.151895 0.714216 0.092868 0.011670
2 2 0.022745 0.113677 0.712562 0.142806 0.008210
2 2 0.031579 0.172815 0.702653 0.079005 0.013948
2 2 0.047651 0.210308 0.686581 0.038966 0.016495
2 0 0.047696 0.219223 0.696155 0.022540 0.014386
2 1 0.050372 0.236281 0.631548 0.056869 0.024930
2 2 0.054016 0.258389 0.606902 0.051382 0.029311
2 1 0.058225 0.312731 0.527976 0.053692 0.047375
2 1 0.204651 0.287073 0.469779 0.005306 0.033190
2 1 0.091018 0.316224 0.534089 0.019974 0.038695
1 1 0.190449 0.405813 0.344888 0.002025 0.056825
1 1 0.089489 0.426025 0.401167 0.013378 0.069941
2 1 0.099843 0.395504 0.435003 0.011610 0.058039
2 1 0.072588 0.349381 0.513286 0.020886 0.043860
2 1 0.064372 0.396020 0.468756 0.017060 0.053792
2 1 0.047367 0.406770 0.478264 0.016420 0.051179
2 1 0.038269 0.358245 0.555383 0.014943 0.033160
2 1 0.049224 0.369082 0.506293 0.026454 0.048946
2 1 0.058762 0.382843 0.494050 0.017020 0.047325
2 0 0.075497 0.369194 0.513163 0.007770 0.034376
0 1 0.534312 0.239602 0.082622 0.001024 0.142441
1 1 0.251215 0.355533 0.087474 0.004838 0.300940
0 1 0.522786 0.227874 0.103852 0.003489 0.141999
0 0 0.518631 0.204830 0.141652 0.000717 0.134171
0 0 0.399998 0.277433 0.086387 0.004318 0.231863
1 0 0.104051 0.426255 0.393888 0.009129 0.066678
2 0 0.051843 0.429244 0.450478 0.012849 0.055587
2 0 0.061653 0.426288 0.446669 0.011015 0.054375
2 0 0.067662 0.389881 0.480758 0.013783 0.047916
2 0 0.083854 0.417509 0.433427 0.009397 0.055813
0 0 0.588923 0.173509 0.020552 0.000088 0.216928
0 0 0.599041 0.073411 0.014951 0.000044 0.312553
0 0 0.509547 0.041402 0.012676 0.000347 0.436028
0 0 0.596987 0.082258 0.025947 0.001674 0.293134
0 0 0.542135 0.061189 0.020894 0.000319 0.375462
0 0 0.472528 0.231144 0.211701 0.007296 0.077331
2 0 0.087679 0.335549 0.452773 0.055665 0.068334
2 0 0.078616 0.395514 0.414517 0.032202 0.079152
1 0 0.121005 0.401893 0.374451 0.018599 0.084052
1 0 0.081432 0.459791 0.347794 0.015593 0.095390
2 1 0.010074 0.407597 0.554726 0.005307 0.022296
2 1 0.012311 0.388863 0.575465 0.004238 0.019124
2 1 0.024036 0.315618 0.626787 0.012815 0.020743
2 1 0.016500 0.377112 0.577694 0.006510 0.022184
2 1 0.018078 0.346199 0.605307 0.009264 0.021151
2 2 0.010937 0.184689 0.787916 0.010773 0.005685
2 2 0.000601 0.014979 0.969227 0.014441 0.000752
2 2 0.002379 0.059123 0.929469 0.003340 0.005688
2 2 0.001736 0.103128 0.888668 0.001851 0.004617
2 2 0.000542 0.007186 0.980632 0.010491 0.001149
2 2 0.004010 0.126652 0.853774 0.010368 0.005196
2 2 0.000934 0.033550 0.957527 0.006515 0.001473
2 2 0.005716 0.157711 0.828202 0.004920 0.003450
2 2 0.002702 0.078308 0.908912 0.006888 0.003190
2 2 0.002867 0.066208 0.925500 0.002368 0.003057
2 1 0.019104 0.223842 0.748838 0.002043 0.006173
2 2 0.004106 0.120195 0.866550 0.003184 0.005965
2 2 0.001613 0.043436 0.940353 0.008669 0.005929
2 1 0.010412 0.165104 0.805787 0.013692 0.005005
2 1 0.015171 0.200491 0.777266 0.002717 0.004356
2 1 0.028156 0.283185 0.667494 0.007288 0.013877
2 1 0.035995 0.285674 0.665549 0.002416 0.010366
2 1 0.021658 0.278010 0.676232 0.009996 0.014104
2 1 0.017976 0.261254 0.699676 0.009423 0.011672
2 2 0.008751 0.152171 0.801926 0.020221 0.016931
2 2 0.000249 0.019322 0.976607 0.002440 0.001382
2 2 0.000150 0.007917 0.984013 0.007493 0.000426
2 2 0.000382 0.038520 0.957471 0.001585 0.002042
2 2 0.000391 0.016719 0.981077 0.000668 0.001145
2 2 0.000104 0.013486 0.983961 0.001584 0.000866
2 2 0.001771 0.037701 0.948773 0.008961 0.002794
2 2 0.000586 0.023852 0.965621 0.008420 0.001521
2 2 0.000546 0.024318 0.969331 0.004252 0.001553
2 2 0.003420 0.093832 0.889452 0.009608 0.003687
2 2 0.001705 0.035757 0.943172 0.018053 0.001312
2 2 0.000523 0.033765 0.960212 0.003690 0.001810
2 2 0.003623 0.062107 0.920244 0.011938 0.002087
2 2 0.000234 0.006549 0.955980 0.036873 0.000364
2 2 0.000664 0.026097 0.947224 0.022524 0.003490
2 2 0.004971 0.098099 0.856525 0.036937 0.003468
2 2 0.004104 0.103335 0.879936 0.008256 0.004369
2 2 0.001986 0.071334 0.916176 0.006925 0.003580
2 2 0.000857 0.027487 0.942092 0.027847 0.001717
2 2 0.000617 0.016581 0.943451 0.038543 0.000808
2 2 0.003620 0.160785 0.823294 0.005598 0.006702
2 2 0.007726 0.091799 0.839498 0.057747 0.003230
2 2 0.006033 0.065434 0.856701 0.069750 0.002082
2 2 0.007865 0.098360 0.743099 0.145508 0.005169
2 2 0.007246 0.105107 0.826684 0.056726 0.004237
2 2 0.005645 0.053116 0.874826 0.064697 0.001715
2 2 0.010420 0.078901 0.844386 0.063763 0.002530
2 2 0.009936 0.082621 0.801867 0.102225 0.003350
2 2 0.010089 0.099703 0.726201 0.158174 0.005833
2 2 0.004189 0.023569 0.669609 0.301665 0.000970
2 2 0.008525 0.095193 0.796596 0.095683 0.004004
2 2 0.002544 0.007864 0.529161 0.460238 0.000194
2 2 0.007159 0.038399 0.688533 0.264358 0.001551
2 3 0.013404 0.057632 0.783987 0.142664 0.002313
2 3 0.007392 0.045772 0.705555 0.239347 0.001934
2 3 0.003525 0.024987 0.744531 0.225978 0.000979
2 3 0.012413 0.105659 0.762449 0.113853 0.005626
2 3 0.007610 0.057320 0.769685 0.163178 0.002207
2 3 0.012051 0.060189 0.817170 0.108477 0.002113
2 3 0.010225 0.099655 0.713322 0.170683 0.006116
2 3 0.008333 0.055730 0.747138 0.186478 0.002322
2 3 0.018543 0.074990 0.567497 0.331923 0.007047
2 3 0.022205 0.104109 0.555393 0.306161 0.012132
2 2 0.045168 0.207686 0.637874 0.086487 0.022785
2 2 0.018865 0.131097 0.656426 0.181833 0.011778
2 2 0.024534 0.166607 0.733722 0.063980 0.011157
2 2 0.004733 0.064684 0.865313 0.061481 0.003789
2 2 0.008761 0.087677 0.816975 0.083305 0.003282
2 2 0.014763 0.173105 0.763102 0.040213 0.008816
2 2 0.017868 0.162924 0.782103 0.029806 0.007300
2 2 0.001084 0.010848 0.872358 0.115254 0.000456
2 2 0.025447 0.153728 0.771824 0.037969 0.011033
2 1 0.033407 0.258089 0.664106 0.025341 0.019058
2 1 0.028153 0.208068 0.718565 0.032109 0.013106
2 2 0.032206 0.240842 0.688220 0.022941 0.015791
2 2 0.070980 0.196377 0.704630 0.015431 0.012581
2 2 0.022333 0.147118 0.778955 0.044147 0.007447
2 2 0.042006 0.158758 0.778977 0.013503 0.006757
2 1 0.038926 0.225455 0.700769 0.020853 0.013996
2 1 0.032901 0.209294 0.734693 0.013281 0.009830
2 1 0.033627 0.235476 0.711671 0.008620 0.010606
2 1 0.019426 0.227129 0.712744 0.027302 0.013399
2 1 0.008443 0.117150 0.845719 0.022705 0.005983
2 2 0.010362 0.080684 0.855412 0.049355 0.004187
2 2 0.008747 0.109028 0.861465 0.015294 0.005466
2 2 0.005549 0.058885 0.906406 0.025515 0.003644
2 2 0.000931 0.051756 0.943584 0.001119 0.002609
2 2 0.000416 0.018754 0.966181 0.013719 0.000931
2 2 0.001185 0.049184 0.940274 0.006631 0.002727
2 2 0.000968 0.046168 0.940832 0.009592 0.002440
2 2 0.000486 0.044020 0.950967 0.001264 0.003262
2 2 0.005745 0.074872 0.903718 0.012833 0.002832
2 2 0.002868 0.051461 0.930847 0.013194 0.001631
2 2 0.002452 0.072353 0.911067 0.010358 0.003770
2 2 0.004704 0.040962 0.942754 0.010513 0.001068
2 2 0.003288 0.052094 0.884958 0.058196 0.001465
2 2 0.008855 0.090596 0.838403 0.059153 0.002994
2 2 0.000656 0.009078 0.920796 0.068960 0.000510
2 2 0.012408 0.111454 0.831544 0.040679 0.003915
2 2 0.002959 0.040682 0.912050 0.042494 0.001815
2 2 0.008237 0.089421 0.809869 0.089017 0.003456
2 2 0.007541 0.075327 0.809767 0.104618 0.002747
2 2 0.005392 0.041218 0.885197 0.066255 0.001938
2 2 0.004319 0.060690 0.865704 0.066985 0.002302
2 2 0.008256 0.068004 0.791485 0.129601 0.002653
2 2 0.004260 0.031047 0.882596 0.080785 0.001312
2 2 0.000912 0.008205 0.864750 0.125197 0.000936
2 2 0.004802 0.046536 0.838137 0.109129 0.001396
2 2 0.005864 0.049188 0.840884 0.102781 0.001283
2 2 0.000613 0.014038 0.904348 0.079792 0.001209
2 2 0.006061 0.077371 0.779088 0.134354 0.003125
2 2 0.003183 0.050813 0.914688 0.030152 0.001164
2 2 0.012942 0.097597 0.828047 0.057785 0.003629
2 2 0.001539 0.024220 0.908138 0.065272 0.000832
2 2 0.010370 0.126028 0.803654 0.054677 0.005272
2 2 0.001468 0.023078 0.867215 0.107451 0.000789
2 2 0.002733 0.043580 0.924044 0.026790 0.002853
2 2 0.011716 0.120682 0.770693 0.090642 0.006267
2 2 0.005536 0.048981 0.821001 0.123106 0.001377
2 2 0.009523 0.065951 0.849574 0.072998 0.001955
2 2 0.009066 0.072261 0.829620 0.086622 0.002432
2 2 0.007286 0.054033 0.818869 0.118140 0.001670
2 2 0.006639 0.057681 0.828035 0.105764 0.001881
2 2 0.004037 0.042267 0.789908 0.161297 0.002491
2 2 0.006360 0.061747 0.801661 0.127522 0.002710
2 2 0.007983 0.087570 0.809501 0.091587 0.003360
2 2 0.000833 0.019571 0.944695 0.032400 0.002501
2 2 0.005498 0.066552 0.862360 0.063157 0.002433
2 2 0.008338 0.063162 0.803440 0.122798 0.002262
2 2 0.005019 0.050359 0.819470 0.123622 0.001530
2 2 0.011906 0.085665 0.800377 0.098425 0.003627
2 2 0.005052 0.054774 0.788514 0.149857 0.001802
2 2 0.005294 0.084986 0.749367 0.156472 0.003881
2 2 0.008556 0.116609 0.803214 0.066795 0.004826
2 2 0.004427 0.048548 0.861353 0.082798 0.002874
2 2 0.005738 0.048978 0.811915 0.131933 0.001436
2 2 0.004331 0.017848 0.671028 0.306209 0.000584
2 2 0.008785 0.066922 0.735585 0.185537 0.003171
2 2 0.006237 0.038779 0.752704 0.201011 0.001269
2 2 0.007932 0.054813 0.715532 0.219239 0.002483
2 2 0.008756 0.050019 0.789195 0.150300 0.001731
2 2 0.009194 0.046073 0.620961 0.321186 0.002586
2 2 0.024448 0.101185 0.704831 0.162208 0.007328
2 2 0.017927 0.095551 0.726977 0.153543 0.006002
2 2 0.010012 0.037219 0.610918 0.339899 0.001952
2 2 0.008823 0.051322 0.672487 0.264759 0.002608
3 2 0.001108 0.004354 0.436816 0.557594 0.000127
2 2 0.005985 0.043038 0.674025 0.275090 0.001862
2 2 0.009532 0.058626 0.700002 0.228873 0.002967
2 2 0.013235 0.071528 0.762447 0.149399 0.003390
2 2 0.004514 0.026971 0.639412 0.328147 0.000956
2 2 0.015782 0.070798 0.747595 0.162203 0.003622
2 2 0.009215 0.054488 0.694901 0.237495 0.003901
2 2 0.009516 0.081588 0.704178 0.199996 0.004723
2 2 0.015175 0.072239 0.762296 0.146778 0.003511
2 2 0.014470 0.098650 0.700441 0.179774 0.006665
2 2 0.007384 0.032129 0.734393 0.223384 0.002709
2 2 0.013644 0.062031 0.676589 0.244061 0.003675
2 3 0.010679 0.039684 0.667806 0.279977 0.001855
2 2 0.015118 0.071446 0.704239 0.204982 0.004215
2 1 0.030378 0.149512 0.699304 0.108445 0.012362
2 2 0.033080 0.179981 0.689062 0.082343 0.015535
2 0 0.127483 0.264104 0.584885 0.005066 0.018461
2 1 0.034488 0.276523 0.632200 0.032303 0.024486
2 1 0.039789 0.275719 0.628736 0.030943 0.024812
2 2 0.036732 0.231232 0.686719 0.028859 0.016457
2 2 0.033323 0.431287 0.445633 0.011668 0.078088
1 2 0.048798 0.491960 0.392253 0.005832 0.061157
2 4 0.036707 0.379922 0.433187 0.034242 0.115943
2 4 0.016580 0.297347 0.576440 0.002268 0.107365
1 4 0.027601 0.460497 0.382354 0.015490 0.114058
4 4 0.060879 0.193904 0.037530 0.000133 0.707555
4 4 0.053592 0.140754 0.026616 0.000057 0.778981
4 4 0.098348 0.111444 0.017131 0.000034 0.773043
4 4 0.068287 0.081608 0.027707 0.000134 0.822264
4 4 0.149751 0.334198 0.049442 0.000546 0.466064
4 4 0.107671 0.300938 0.036695 0.000161 0.554535
4 4 0.297525 0.090099 0.015415 0.000105 0.596857
4 4 0.056697 0.086863 0.021310 0.000050 0.835080
4 4 0.076622 0.098340 0.022815 0.000070 0.802154
4 4 0.073585 0.054943 0.024298 0.000148 0.847026
4 4 0.199798 0.126094 0.009445 0.000011 0.664651
4 4 0.130873 0.066453 0.005699 0.000003 0.796973
4 4 0.259613 0.148516 0.011775 0.000025 0.580070
4 4 0.232432 0.038960 0.006882 0.000018 0.721709
4 4 0.169263 0.047961 0.005965 0.000007 0.776805
4 4 0.082382 0.375848 0.083863 0.000819 0.457089
1 4 0.037963 0.420903 0.123718 0.000382 0.417033
1 4 0.083790 0.456429 0.129582 0.000225 0.329974
1 4 0.096463 0.584394 0.105244 0.000523 0.213376
4 4 0.047735 0.358373 0.109573 0.000407 0.483913
1 4 0.010651 0.479061 0.417760 0.003610 0.088918
1 4 0.036027 0.592937 0.290940 0.002326 0.077770
1 4 0.025316 0.468770 0.398923 0.002428 0.104562
1 4 0.013790 0.496196 0.349525 0.002095 0.138394
1 4 0.009881 0.391721 0.372694 0.012677 0.213028
4 4 0.026530 0.197767 0.098511 0.001149 0.676043
4 4 0.049518 0.361358 0.131545 0.002618 0.454961
4 4 0.050456 0.352111 0.100614 0.001612 0.495207
4 4 0.051937 0.310531 0.141011 0.000264 0.496256
4 4 0.024441 0.337515 0.257117 0.001678 0.379248
1 4 0.055257 0.560922 0.272886 0.003305 0.107630
1 4 0.034349 0.497139 0.233883 0.001037 0.233592
1 4 0.021998 0.600794 0.244391 0.001546 0.131270
1 4 0.022020 0.491848 0.233495 0.000245 0.252392
1 4 0.012181 0.580748 0.231344 0.000815 0.174912
1 4 0.072939 0.512755 0.297356 0.008753 0.108197
1 4 0.048344 0.546236 0.253025 0.010784 0.141611
1 4 0.078608 0.481027 0.257483 0.022578 0.160304
1 4 0.061309 0.475336 0.276519 0.022107 0.164728
1 4 0.144843 0.376977 0.225889 0.003498 0.248794
1 4 0.213018 0.375697 0.060807 0.001647 0.348831
4 4 0.263098 0.309529 0.033581 0.000381 0.393411
4 4 0.153040 0.337825 0.043574 0.000382 0.465180
4 4 0.381595 0.137513 0.032591 0.000167 0.448135
4 4 0.061252 0.069396 0.025316 0.000112 0.843924
4 4 0.368194 0.096432 0.027662 0.000763 0.506948
4 4 0.179522 0.231733 0.042694 0.000502 0.545550
4 4 0.114536 0.064230 0.034576 0.000524 0.786135
4 4 0.147941 0.088569 0.036780 0.000581 0.726129
4 4 0.353649 0.243820 0.042175 0.001373 0.358984
4 4 0.230113 0.309248 0.059759 0.000095 0.400785
1 4 0.032040 0.438037 0.149340 0.002089 0.378494
1 4 0.212083 0.488494 0.182185 0.000323 0.116915
4 4 0.061088 0.371226 0.111112 0.001244 0.455329
4 4 0.039533 0.335453 0.109160 0.000804 0.515050
1 4 0.113179 0.469733 0.108279 0.003422 0.305386
1 4 0.094512 0.402720 0.170471 0.002239 0.330059
4 4 0.161933 0.258606 0.123601 0.000194 0.455667
1 4 0.242293 0.371474 0.107578 0.002489 0.276166
4 4 0.177160 0.366428 0.075595 0.001700 0.379117
4 4 0.090009 0.343321 0.161307 0.000847 0.404515
1 4 0.122170 0.557351 0.155085 0.000996 0.164397
1 4 0.090520 0.595611 0.156233 0.000828 0.156807
1 4 0.066594 0.377194 0.187659 0.001895 0.366658
1 4 0.096816 0.485473 0.237661 0.015818 0.164233
4 4 0.187529 0.217569 0.050650 0.000916 0.543337
4 4 0.347427 0.162416 0.036958 0.001073 0.452126
0 4 0.424768 0.184887 0.030944 0.000897 0.358505
0 4 0.336333 0.299973 0.043976 0.000681 0.319036
0 4 0.435909 0.263931 0.034704 0.000205 0.265252
4 4 0.103400 0.323054 0.159990 0.003460 0.410096
4 4 0.149102 0.152708 0.068262 0.000811 0.629117
4 4 0.085820 0.219967 0.113021 0.004643 0.576549
1 4 0.297618 0.360344 0.075023 0.001271 0.265744
1 4 0.216344 0.448304 0.101809 0.001134 0.232408
4 4 0.088162 0.403009 0.079735 0.000841 0.428253
4 4 0.126622 0.258235 0.095600 0.000170 0.519373
4 4 0.094830 0.156464 0.041885 0.000213 0.706608
4 4 0.067236 0.227787 0.071581 0.000881 0.632514
4 4 0.068782 0.287931 0.099396 0.001028 0.542862
1 4 0.015997 0.501915 0.337491 0.003011 0.141585
1 4 0.016383 0.540715 0.342350 0.001038 0.099515
1 4 0.069397 0.557115 0.314734 0.000767 0.057986
1 4 0.013465 0.573643 0.334455 0.000650 0.077786
1 4 0.017399 0.391311 0.376254 0.007022 0.208013
1 4 0.132881 0.417699 0.126539 0.000526 0.322355
1 4 0.018963 0.440019 0.121340 0.000932 0.418746
1 4 0.086626 0.587434 0.131565 0.000994 0.193380
1 4 0.079168 0.466869 0.182206 0.000160 0.271597
1 4 0.086878 0.595950 0.114991 0.000253 0.201928
1 4 0.020824 0.406493 0.263430 0.000246 0.309007
1 4 0.056729 0.547108 0.209299 0.001901 0.184964
1 4 0.097144 0.461817 0.364772 0.005652 0.070615
1 4 0.036277 0.603949 0.266081 0.002567 0.091126
1 4 0.048743 0.626540 0.197091 0.001146 0.126480
1 4 0.012816 0.592362 0.297325 0.000281 0.097217
1 4 0.013666 0.466347 0.359267 0.000120 0.160600
1 4 0.019606 0.509322 0.367526 0.001361 0.102185
1 4 0.008911 0.460344 0.381699 0.001636 0.147410
1 4 0.011157 0.577607 0.299147 0.000159 0.111930
1 4 0.032207 0.619824 0.259129 0.001913 0.086926
1 4 0.029556 0.540684 0.314302 0.009323 0.106136
1 4 0.046986 0.551822 0.319701 0.003807 0.077685
1 1 0.063113 0.476765 0.357432 0.001147 0.101543
1 1 0.039835 0.595180 0.261112 0.003281 0.100591
1 1 0.035968 0.464100 0.422650 0.013411 0.063871
2 1 0.061124 0.388956 0.506209 0.007590 0.036121
2 1 0.059625 0.401217 0.492823 0.007337 0.038997
2 1 0.049243 0.421264 0.459173 0.015053 0.055267
2 1 0.032155 0.342730 0.567813 0.023282 0.034020
1 1 0.033012 0.523968 0.361916 0.007441 0.073662
1 0 0.073724 0.501383 0.356591 0.003266 0.065037
1 1 0.034531 0.557684 0.336131 0.003438 0.068216
1 1 0.052732 0.504715 0.377772 0.004393 0.060388
1 0 0.045894 0.473650 0.408157 0.009225 0.063073
1 1 0.058808 0.495864 0.360729 0.007827 0.076772
1 1 0.039601 0.465719 0.418563 0.012181 0.063937
1 1 0.051447 0.485987 0.380179 0.009411 0.072976
2 1 0.049132 0.419920 0.445318 0.021468 0.064163
1 1 0.046319 0.476479 0.391454 0.012237 0.073511
2 1 0.051312 0.347360 0.520242 0.033764 0.047322
2 0 0.048768 0.372721 0.473735 0.042200 0.062577
2 0 0.029287 0.341546 0.577621 0.020365 0.031182
2 1 0.048130 0.384379 0.504050 0.017826 0.045615
2 1 0.037578 0.342151 0.555940 0.026823 0.037509
1 1 0.050182 0.545293 0.299101 0.006385 0.099039
1 1 0.036071 0.539915 0.334283 0.006786 0.082945
1 1 0.048840 0.532487 0.279933 0.012029 0.126710
1 1 0.053810 0.517337 0.331411 0.008050 0.089392
1 1 0.053490 0.527334 0.339887 0.004716 0.074573
2 0 0.057501 0.414201 0.465518 0.012114 0.050666
2 0 0.039146 0.399042 0.494432 0.018886 0.048494
2 0 0.025355 0.414417 0.476387 0.012859 0.070981
2 1 0.026387 0.420778 0.503836 0.010162 0.038836
1 1 0.041303 0.449438 0.424130 0.017349 0.067779
1 0 0.038138 0.480841 0.399841 0.011787 0.069393
1 0 0.045709 0.514414 0.367380 0.005414 0.067083
1 0 0.041215 0.449125 0.422879 0.018011 0.068771
2 1 0.049883 0.401027 0.459556 0.026990 0.062544
2 1 0.025341 0.416683 0.453493 0.025349 0.079134
1 1 0.038907 0.482340 0.427677 0.004449 0.046627
2 1 0.030477 0.446533 0.468280 0.009079 0.045631
2 1 0.054346 0.441477 0.449236 0.007052 0.047890
1 1 0.047004 0.499552 0.375547 0.007529 0.070368
1 1 0.029565 0.524115 0.389391 0.003824 0.053104
2 1 0.036478 0.435242 0.481143 0.006959 0.040178
2 1 0.029954 0.455347 0.458368 0.008811 0.047520
2 1 0.031814 0.410580 0.513196 0.008597 0.035814
2 1 0.047309 0.396388 0.512970 0.007891 0.035442
2 1 0.024927 0.424417 0.488067 0.015752 0.046837
2 2 0.038023 0.435326 0.465366 0.011470 0.049815
1 2 0.045656 0.459602 0.435873 0.007276 0.051592
1 1 0.058005 0.435775 0.431728 0.013143 0.061348
2 1 0.064060 0.421191 0.431374 0.017717 0.065658
1 1 0.045544 0.482017 0.387189 0.011442 0.073808
1 1 0.136836 0.458707 0.318439 0.003987 0.082032
1 1 0.084081 0.444990 0.376449 0.013964 0.080517
1 1 0.088994 0.440280 0.334826 0.024977 0.110923
2 0 0.149797 0.379881 0.411684 0.005786 0.052852
1 0 0.143703 0.440472 0.325764 0.005747 0.084314
1 1 0.040838 0.570797 0.309282 0.002978 0.076105
1 1 0.028827 0.563502 0.326690 0.004596 0.076384
1 1 0.039703 0.508416 0.365120 0.009236 0.077524
1 1 0.040747 0.533979 0.367216 0.002754 0.055304
1 1 0.034422 0.514698 0.389387 0.004666 0.056827
1 1 0.038041 0.555310 0.340952 0.002751 0.062945
2 1 0.041106 0.437882 0.450496 0.013978 0.056538
1 1 0.036408 0.559962 0.320170 0.004333 0.079126
1 1 0.040368 0.550420 0.344054 0.002781 0.062378
1 1 0.031822 0.506141 0.396716 0.006252 0.059070
2 1 0.018132 0.257200 0.702139 0.010672 0.011857
2 2 0.003204 0.148082 0.829004 0.002948 0.016763
2 2 0.023406 0.346094 0.612003 0.003220 0.015276
2 1 0.025377 0.334914 0.610020 0.008831 0.020858
2 2 0.018135 0.260939 0.704605 0.006254 0.010067
2 2 0.021152 0.261839 0.703605 0.004258 0.009147
2 1 0.017211 0.252163 0.713797 0.007100 0.009730
2 2 0.011758 0.212380 0.764429 0.002010 0.009423
2 2 0.005314 0.121118 0.856640 0.009298 0.007630
2 2 0.005180 0.155495 0.830796 0.001931 0.006598
2 2 0.019698 0.130523 0.810751 0.024368 0.014661
2 2 0.029269 0.189066 0.756819 0.016324 0.008522
2 0 0.029805 0.343475 0.613729 0.001336 0.011655
2 2 0.013285 0.179978 0.788441 0.010664 0.007631
2 2 0.001777 0.073877 0.899644 0.005300 0.019402
2 2 0.000069 0.016479 0.981788 0.000335 0.001330
2 2 0.000195 0.013438 0.980566 0.005156 0.000646
2 2 0.000059 0.015202 0.983076 0.000479 0.001184
2 2 0.000107 0.010149 0.984575 0.004648 0.000521
2 2 0.000127 0.018070 0.978666 0.001635 0.001501
2 2 0.000172 0.012844 0.972967 0.013313 0.000705
2 2 0.000173 0.014207 0.977690 0.007448 0.000482
2 2 0.000076 0.017092 0.981410 0.000280 0.001141
2 2 0.000047 0.014788 0.983440 0.000420 0.001306
2 2 0.000098 0.010782 0.985414 0.002993 0.000713
2 2 0.000280 0.031858 0.962496 0.002837 0.002529
2 2 0.000123 0.008708 0.976608 0.014259 0.000302
2 2 0.000127 0.015914 0.980722 0.002215 0.001023
2 2 0.000427 0.035797 0.957765 0.003850 0.002161
2 2 0.000139 0.009846 0.974127 0.015539 0.000350
2 2 0.000177 0.012561 0.966313 0.020046 0.000902
2 2 0.000363 0.015870 0.968156 0.014815 0.000796
2 2 0.000185 0.005690 0.965789 0.027922 0.000414
2 2 0.000597 0.021434 0.962894 0.014048 0.001028
2 2 0.000439 0.034843 0.954772 0.007340 0.002605
2 2 0.000553 0.014677 0.950103 0.034210 0.000457
2 2 0.000203 0.007367 0.951738 0.040296 0.000397
2 2 0.000335 0.010513 0.966883 0.021210 0.001059
2 2 0.000132 0.003810 0.913632 0.082208 0.000219
2 2 0.000599 0.018817 0.951749 0.027497 0.001339
2 2 0.000519 0.005750 0.785312 0.208148 0.000272
2 2 0.000228 0.005174 0.866079 0.128184 0.000336
2 2 0.000323 0.003873 0.688857 0.306803 0.000144
2 2 0.000276 0.003701 0.707617 0.288278 0.000129
2 2 0.000321 0.009122 0.915366 0.074621 0.000570
2 2 0.003955 0.022772 0.619758 0.352757 0.000759
3 2 0.000728 0.002995 0.322154 0.674007 0.000116
3 2 0.001316 0.006217 0.423058 0.569239 0.000170
3 2 0.001072 0.005504 0.463495 0.529740 0.000189
3 2 0.002643 0.009950 0.439144 0.547938 0.000326
2 3 0.001649 0.009535 0.588865 0.399333 0.000618
3 3 0.000736 0.005362 0.371985 0.621722 0.000195
3 3 0.001057 0.005925 0.402114 0.590765 0.000138
3 3 0.001219 0.006614 0.384935 0.606997 0.000234
2 3 0.005369 0.024916 0.571655 0.397009 0.001052
3 3 0.001279 0.004358 0.294550 0.699543 0.000269
3 3 0.001199 0.003806 0.297893 0.696997 0.000104
3 3 0.001792 0.006164 0.277875 0.713910 0.000259
3 3 0.002065 0.008728 0.361148 0.627730 0.000329
3 3 0.001701 0.004943 0.270005 0.723163 0.000188
3 3 0.001827 0.006377 0.344267 0.647319 0.000210
3 3 0.001460 0.004164 0.251676 0.742548 0.000152
3 3 0.002295 0.007817 0.320262 0.669298 0.000329
3 3 0.001996 0.005911 0.287035 0.704821 0.000238
3 3 0.000648 0.002857 0.304070 0.692319 0.000107
3 3 0.001401 0.004493 0.230139 0.763778 0.000189
3 3 0.002742 0.006542 0.261584 0.728801 0.000331
3 3 0.001028 0.003036 0.196062 0.799757 0.000117
3 3 0.001432 0.004471 0.227836 0.766069 0.000191
3 3 0.003427 0.009009 0.293393 0.693677 0.000493
3 3 0.001103 0.003270 0.214433 0.781074 0.000120
3 3 0.003566 0.008260 0.272655 0.715044 0.000475
3 3 0.002194 0.005546 0.180648 0.811231 0.000381
3 3 0.001105 0.003103 0.177292 0.818362 0.000138
3 3 0.002507 0.006153 0.263067 0.727980 0.000293
3 3 0.001677 0.004560 0.246359 0.747219 0.000185
3 3 0.001778 0.005092 0.223951 0.768931 0.000249
3 3 0.003164 0.009366 0.299105 0.687860 0.000504
3 3 0.003314 0.009756 0.357029 0.629467 0.000434
3 3 0.001095 0.003253 0.214292 0.781241 0.000119
3 3 0.002312 0.005520 0.218998 0.772866 0.000304
3 3 0.000471 0.001563 0.129177 0.868730 0.000058
3 3 0.001541 0.004074 0.203740 0.790453 0.000191
3 3 0.002111 0.005160 0.168290 0.824072 0.000367
3 3 0.001282 0.003535 0.194540 0.800487 0.000156
3 3 0.001002 0.003108 0.225777 0.770010 0.000102
3 3 0.001378 0.004085 0.258084 0.736295 0.000158
3 3 0.000855 0.002936 0.271228 0.724907 0.000075
3 3 0.002213 0.005499 0.240520 0.751499 0.000268
3 3 0.001870 0.006683 0.275684 0.715464 0.000299
3 3 0.001794 0.005066 0.223523 0.769369 0.000248
3 3 0.000600 0.001978 0.163334 0.834021 0.000067
3 3 0.002345 0.007866 0.296232 0.693189 0.000368
3 3 0.001657 0.005040 0.210389 0.782654 0.000260
3 3 0.001981 0.005444 0.305483 0.686899 0.000193
3 3 0.002379 0.006646 0.303269 0.687431 0.000275
3 3 0.002175 0.005677 0.274983 0.716926 0.000239
3 3 0.003617 0.011014 0.348190 0.636629 0.000550
3 3 0.001127 0.003335 0.217715 0.777702 0.000122
3 3 0.005155 0.018757 0.454201 0.520943 0.000944
3 3 0.005011 0.012626 0.269378 0.711990 0.000995
