0 0 0.913549 0.014849 0.003302 0.000007 0.068293
0 0 0.732807 0.022200 0.006026 0.000001 0.238966
0 0 0.787256 0.004229 0.000539 0.000001 0.207975
0 0 0.983496 0.003313 0.000406 0.000000 0.012785
0 0 0.609032 0.001137 0.000009 0.000000 0.389822
0 0 0.943901 0.008008 0.001133 0.000000 0.046958
0 0 0.855337 0.006875 0.001087 0.000003 0.136698
0 0 0.895068 0.007166 0.000743 0.000000 0.097022
0 0 0.939196 0.015712 0.004358 0.000010 0.040724
0 0 0.915779 0.021322 0.006104 0.000021 0.056775
0 0 0.419805 0.346026 0.178367 0.000902 0.054900
0 0 0.437056 0.333096 0.171143 0.000927 0.057778
0 0 0.558475 0.256690 0.133465 0.000218 0.051153
0 0 0.400128 0.362110 0.186323 0.000825 0.050614
1 1 0.366331 0.367661 0.204697 0.001625 0.059685
1 1 0.188644 0.474618 0.301607 0.001962 0.033169
1 1 0.062285 0.505678 0.411397 0.003354 0.017285
2 1 0.032159 0.204459 0.715146 0.032355 0.015881
2 1 0.027632 0.259002 0.694811 0.002205 0.016350
2 1 0.010662 0.084501 0.869085 0.029450 0.006301
2 1 0.011017 0.139276 0.834900 0.007581 0.007227
2 2 0.023147 0.127759 0.809757 0.029638 0.009698
2 2 0.016854 0.078294 0.817500 0.082898 0.004454
2 2 0.029767 0.067780 0.883265 0.012478 0.006710
2 2 0.003294 0.016820 0.853006 0.125755 0.001124
2 2 0.003281 0.033586 0.928391 0.031529 0.003213
2 2 0.003925 0.046768 0.933228 0.013274 0.002805
2 2 0.005556 0.035833 0.916174 0.038970 0.003466
2 2 0.026116 0.156695 0.766168 0.042342 0.008679
2 2 0.006819 0.031836 0.828436 0.130589 0.002320
2 2 0.009481 0.042357 0.813897 0.131592 0.002673
2 2 0.007295 0.017982 0.536983 0.436027 0.001713
2 2 0.014744 0.034410 0.662383 0.285136 0.003327
2 2 0.003995 0.014664 0.733267 0.246954 0.001120
2 2 0.008469 0.044697 0.845522 0.095263 0.006050
2 2 0.005701 0.012182 0.581653 0.399186 0.001277
2 2 0.045908 0.083115 0.758262 0.098136 0.014580
2 2 0.023033 0.047614 0.780230 0.142351 0.006772
2 3 0.001960 0.005175 0.510818 0.481315 0.000732
2 3 0.009616 0.030602 0.675220 0.279865 0.004697
2 3 0.013722 0.020613 0.567822 0.394085 0.003758
2 3 0.008002 0.030336 0.753407 0.204556 0.003699
3 3 0.010615 0.018106 0.421853 0.546072 0.003354
2 3 0.019868 0.025221 0.628384 0.322834 0.003693
2 3 0.014910 0.040422 0.605386 0.334362 0.004920
3 3 0.006047 0.010574 0.327811 0.653901 0.001667
2 3 0.004589 0.011624 0.524975 0.456987 0.001825
2 3 0.005549 0.015991 0.609499 0.366707 0.002254
2 3 0.006007 0.014924 0.530474 0.446872 0.001724
3 3 0.017376 0.027064 0.452902 0.498124 0.004533
3 3 0.003213 0.003735 0.145376 0.847065 0.000611
3 3 0.002170 0.003311 0.230489 0.763670 0.000360
3 3 0.011098 0.020428 0.380857 0.584844 0.002773
3 3 0.005848 0.011852 0.406892 0.573669 0.001740
3 3 0.006573 0.011228 0.319844 0.660649 0.001705
3 3 0.003182 0.003478 0.129157 0.863645 0.000538
3 3 0.007982 0.014065 0.340694 0.634706 0.002554
2 3 0.011696 0.027287 0.756170 0.201097 0.003750
3 3 0.005948 0.007915 0.205049 0.779654 0.001435
2 3 0.009402 0.023505 0.545574 0.417805 0.003714
3 3 0.009429 0.012069 0.204691 0.771694 0.002118
3 3 0.003528 0.004786 0.197112 0.793786 0.000787
3 3 0.003294 0.003013 0.202486 0.790748 0.000459
3 3 0.006845 0.006570 0.182893 0.802249 0.001442
3 3 0.003648 0.005626 0.244598 0.744808 0.001320
3 3 0.002199 0.002515 0.131879 0.862978 0.000429
3 3 0.015530 0.020227 0.408983 0.551276 0.003984
3 3 0.003377 0.005203 0.240469 0.749631 0.001320
3 3 0.030067 0.031666 0.321389 0.611717 0.005160
3 3 0.003027 0.003559 0.141875 0.850379 0.001161
3 3 0.009104 0.010629 0.169899 0.807984 0.002384
3 3 0.012617 0.008020 0.205188 0.771083 0.003093
3 3 0.005923 0.009863 0.300226 0.682127 0.001861
3 3 0.008789 0.007519 0.142741 0.838356 0.002595
3 3 0.008141 0.015290 0.379500 0.594951 0.002118
3 3 0.006312 0.009523 0.256725 0.725580 0.001860
3 3 0.004876 0.004974 0.117354 0.871401 0.001395
3 3 0.010247 0.009611 0.112823 0.864894 0.002425
3 3 0.005946 0.005722 0.110068 0.877125 0.001139
3 3 0.009520 0.012488 0.212589 0.762877 0.002526
3 3 0.005638 0.006570 0.153143 0.832198 0.002450
3 3 0.002862 0.002852 0.100914 0.892349 0.001024
3 3 0.005212 0.006197 0.162039 0.825030 0.001521
3 3 0.004184 0.004999 0.158633 0.831225 0.000960
3 3 0.003256 0.004995 0.242841 0.748114 0.000793
3 3 0.006645 0.007701 0.160283 0.823745 0.001625
3 3 0.005002 0.008328 0.289483 0.695046 0.002142
3 3 0.005949 0.007443 0.181666 0.803349 0.001595
3 3 0.002151 0.002322 0.118139 0.877041 0.000347
3 3 0.004669 0.009446 0.389950 0.593915 0.002020
3 3 0.009746 0.017025 0.344239 0.625988 0.003003
3 3 0.004825 0.006171 0.185084 0.802836 0.001083
3 3 0.004824 0.010199 0.411334 0.570700 0.002943
3 3 0.004910 0.005191 0.127388 0.861318 0.001192
3 3 0.004407 0.003142 0.056011 0.935678 0.000762
3 3 0.011654 0.019050 0.315694 0.649888 0.003713
3 3 0.003503 0.004422 0.284540 0.706831 0.000703
3 3 0.013083 0.015898 0.192062 0.775233 0.003724
3 3 0.012726 0.024221 0.399606 0.559150 0.004297
3 3 0.004299 0.008152 0.358952 0.627562 0.001035
3 3 0.012383 0.020591 0.324544 0.637964 0.004518
3 3 0.015421 0.022526 0.368022 0.590055 0.003976
3 3 0.007077 0.007470 0.135128 0.848696 0.001630
3 3 0.004190 0.007537 0.324527 0.662313 0.001433
3 3 0.017626 0.027492 0.411609 0.538341 0.004933
3 3 0.005652 0.006637 0.161196 0.825266 0.001250
3 3 0.007756 0.015541 0.412859 0.561629 0.002215
3 3 0.007888 0.005434 0.057333 0.927847 0.001499
3 3 0.007685 0.006256 0.082049 0.902757 0.001253
2 3 0.010705 0.023743 0.485691 0.476921 0.002940
2 3 0.017138 0.049432 0.639722 0.288655 0.005053
2 3 0.009905 0.028540 0.635455 0.323651 0.002449
2 3 0.039949 0.124154 0.652353 0.179768 0.003776
2 3 0.014364 0.038508 0.610857 0.333953 0.002318
2 3 0.005381 0.018907 0.696536 0.276302 0.002874
2 3 0.002766 0.012176 0.780945 0.202552 0.001562
3 3 0.004022 0.009141 0.460964 0.524880 0.000992
2 3 0.001668 0.004666 0.539281 0.453786 0.000600
2 3 0.003034 0.012932 0.768910 0.212967 0.002157
2 2 0.003932 0.017085 0.777555 0.198978 0.002450
2 2 0.004317 0.027816 0.871364 0.093501 0.003002
2 2 0.016003 0.105879 0.828866 0.041218 0.008035
2 2 0.004736 0.038413 0.916984 0.036449 0.003418
2 2 0.004544 0.069389 0.913059 0.006549 0.006459
2 2 0.005954 0.188383 0.753857 0.003666 0.048139
2 2 0.010664 0.189327 0.698153 0.001135 0.100722
2 1 0.053381 0.370887 0.537868 0.004057 0.033808
2 1 0.020795 0.315262 0.633502 0.004806 0.025635
2 1 0.159183 0.285239 0.502690 0.003365 0.049522
2 1 0.072889 0.416605 0.482871 0.002617 0.025018
2 1 0.021865 0.350839 0.378974 0.001362 0.246960
1 1 0.114504 0.494704 0.309082 0.002625 0.079086
2 1 0.008285 0.228786 0.579028 0.002664 0.181238
1 1 0.171575 0.510075 0.220559 0.000111 0.097681
2 1 0.295503 0.283293 0.328086 0.000851 0.092267
2 1 0.091185 0.246507 0.348289 0.000101 0.313918
2 1 0.058184 0.267993 0.355042 0.000157 0.318625
4 4 0.041551 0.156117 0.252045 0.000688 0.549600
4 4 0.057758 0.112196 0.091709 0.000560 0.737776
4 4 0.052127 0.230388 0.221966 0.000122 0.495398
2 4 0.115250 0.349745 0.442857 0.001658 0.090491
4 4 0.018368 0.158784 0.328993 0.001512 0.492343
0 4 0.310249 0.235947 0.142953 0.002504 0.308347
0 4 0.487361 0.374146 0.096846 0.000017 0.041629
4 4 0.066300 0.195176 0.290878 0.002835 0.444811
2 4 0.107824 0.308327 0.312895 0.001140 0.269815
4 4 0.109518 0.180448 0.185177 0.000225 0.524632
4 4 0.073049 0.117465 0.214472 0.000899 0.594115
1 4 0.200151 0.298748 0.275930 0.000388 0.224784
4 4 0.041035 0.234137 0.349900 0.001111 0.373816
0 4 0.529014 0.322207 0.123015 0.000060 0.025703
4 4 0.204608 0.297570 0.194185 0.000910 0.302727
1 4 0.045383 0.380738 0.295096 0.000129 0.278655
1 4 0.205261 0.476993 0.231180 0.000339 0.086227
1 4 0.209197 0.404709 0.248205 0.000137 0.137752
2 4 0.123824 0.335200 0.466253 0.001680 0.073043
1 4 0.277674 0.485386 0.219769 0.000104 0.017068
2 4 0.031977 0.383926 0.546675 0.003038 0.034384
2 4 0.020995 0.229759 0.710701 0.002082 0.036462
2 4 0.054812 0.269943 0.640720 0.001907 0.032617
2 4 0.005290 0.138796 0.847305 0.001262 0.007346
2 2 0.007941 0.142716 0.835568 0.001991 0.011784
2 2 0.004110 0.084754 0.904177 0.002431 0.004528
2 2 0.031001 0.348945 0.605325 0.001468 0.013261
2 2 0.010498 0.098950 0.877337 0.004071 0.009144
2 2 0.002781 0.068434 0.922211 0.001987 0.004587
2 2 0.011797 0.140566 0.838839 0.000236 0.008563
2 2 0.026011 0.299986 0.659047 0.002714 0.012242
2 2 0.002756 0.094325 0.895401 0.001567 0.005952
2 2 0.010089 0.153384 0.829789 0.001143 0.005594
2 2 0.003932 0.153708 0.833755 0.000191 0.008413
2 2 0.021520 0.132921 0.836679 0.000608 0.008272
2 2 0.005011 0.097903 0.890427 0.000860 0.005798
2 2 0.025820 0.105684 0.852131 0.000420 0.015945
2 2 0.005111 0.107889 0.877214 0.002619 0.007167
2 2 0.006940 0.059081 0.902498 0.027809 0.003672
2 2 0.004109 0.065770 0.922687 0.004292 0.003142
2 2 0.006506 0.135192 0.851989 0.001679 0.004634
2 2 0.013017 0.089821 0.884481 0.003656 0.009025
2 2 0.025154 0.200961 0.762360 0.000723 0.010801
2 2 0.008445 0.099768 0.876742 0.010272 0.004774
2 2 0.020473 0.267565 0.702149 0.000483 0.009331
2 2 0.001420 0.040303 0.943157 0.007745 0.007375
2 2 0.010945 0.112304 0.857984 0.006685 0.012082
2 2 0.016450 0.210390 0.759622 0.005779 0.007760
2 2 0.016182 0.178061 0.788395 0.009295 0.008067
2 2 0.022935 0.206220 0.752739 0.009186 0.008920
2 2 0.054427 0.220355 0.710435 0.002206 0.012577
2 2 0.009208 0.086792 0.879945 0.018979 0.005076
2 2 0.017420 0.139618 0.830432 0.004821 0.007710
2 2 0.019711 0.136514 0.801368 0.032955 0.009452
2 2 0.019578 0.189918 0.769404 0.012173 0.008928
2 2 0.008732 0.105250 0.868726 0.009820 0.007472
2 2 0.011869 0.076709 0.863175 0.043496 0.004750
2 2 0.002366 0.052661 0.936504 0.004357 0.004112
2 2 0.023674 0.085478 0.841184 0.043187 0.006476
2 2 0.013580 0.169076 0.798699 0.007248 0.011398
2 2 0.004363 0.024593 0.874137 0.094655 0.002253
2 2 0.013603 0.095789 0.847808 0.036719 0.006081
2 2 0.016093 0.228545 0.740253 0.004307 0.010802
2 2 0.004027 0.015888 0.762177 0.216353 0.001555
2 2 0.006295 0.047089 0.908997 0.034254 0.003364
2 2 0.029552 0.097713 0.782173 0.083261 0.007300
2 2 0.010439 0.052675 0.837808 0.095719 0.003359
2 2 0.020397 0.142148 0.794032 0.032096 0.011327
2 2 0.010338 0.069524 0.866421 0.047091 0.006626
2 2 0.013772 0.086386 0.843577 0.050220 0.006045
2 2 0.008332 0.042360 0.844479 0.101519 0.003311
2 2 0.147707 0.222809 0.555422 0.057887 0.016176
2 2 0.064889 0.346034 0.540919 0.030238 0.017920
2 2 0.016890 0.096640 0.818329 0.059967 0.008175
2 2 0.024516 0.115495 0.765046 0.085430 0.009513
2 2 0.007024 0.092531 0.887759 0.008124 0.004562
2 2 0.018612 0.125070 0.808861 0.037171 0.010286
2 2 0.007203 0.045276 0.871984 0.068450 0.007087
2 2 0.025953 0.182994 0.750005 0.027215 0.013834
2 2 0.013329 0.064479 0.820568 0.097899 0.003725
2 2 0.026445 0.134328 0.760155 0.067845 0.011227
2 2 0.012286 0.038142 0.677679 0.269010 0.002883
2 2 0.031340 0.143900 0.735914 0.080303 0.008542
2 2 0.058123 0.080612 0.638132 0.207470 0.015663
2 2 0.024674 0.169375 0.767882 0.029603 0.008466
2 2 0.015782 0.101359 0.827340 0.045597 0.009922
2 2 0.021211 0.082780 0.745965 0.143227 0.006817
2 2 0.038839 0.251973 0.666341 0.026446 0.016401
2 2 0.017982 0.146971 0.804753 0.021362 0.008932
2 2 0.019674 0.125685 0.798688 0.044462 0.011490
2 2 0.017096 0.078761 0.794627 0.103402 0.006114
2 2 0.014927 0.094393 0.835770 0.047854 0.007057
2 2 0.014343 0.096371 0.839719 0.041531 0.008036
2 2 0.019199 0.056004 0.649286 0.271281 0.004230
2 2 0.019629 0.068717 0.709491 0.192219 0.009944
2 2 0.031384 0.082018 0.592960 0.288065 0.005574
2 2 0.008115 0.020752 0.569328 0.400520 0.001285
2 2 0.016611 0.078972 0.805238 0.094793 0.004385
2 3 0.016758 0.054985 0.701183 0.223109 0.003965
2 3 0.016827 0.094689 0.824365 0.060166 0.003953
2 3 0.022499 0.154202 0.784611 0.031168 0.007521
2 3 0.048861 0.276412 0.631601 0.032665 0.010461
2 3 0.027147 0.188870 0.746673 0.027089 0.010221
2 3 0.038124 0.184767 0.700834 0.063063 0.013212
2 2 0.020941 0.194838 0.771889 0.003706 0.008626
2 2 0.041920 0.252015 0.687175 0.002556 0.016334
2 2 0.039332 0.249636 0.682009 0.017327 0.011696
2 2 0.038668 0.270416 0.657927 0.020684 0.012304
2 2 0.012337 0.107278 0.849186 0.023496 0.007703
2 2 0.067757 0.303952 0.600514 0.010249 0.017528
2 2 0.016556 0.101652 0.818758 0.050999 0.012035
2 2 0.040621 0.194163 0.690713 0.062612 0.011890
2 2 0.012418 0.068468 0.841564 0.072861 0.004689
2 2 0.020788 0.243968 0.721016 0.002848 0.011380
2 2 0.044221 0.177411 0.761754 0.004601 0.012013
2 2 0.013522 0.102434 0.847341 0.030136 0.006566
2 2 0.017398 0.140265 0.821457 0.013926 0.006954
2 2 0.007050 0.225788 0.737557 0.002211 0.027394
2 2 0.027772 0.155745 0.756429 0.049940 0.010114
2 2 0.015942 0.184462 0.779131 0.008647 0.011819
2 2 0.010280 0.088762 0.864167 0.030492 0.006299
2 2 0.021522 0.141480 0.792359 0.036252 0.008387
2 2 0.101506 0.347241 0.524135 0.002690 0.024429
2 2 0.050925 0.213547 0.702376 0.020949 0.012203
2 2 0.015168 0.076347 0.818647 0.085210 0.004627
2 2 0.025605 0.122584 0.765800 0.078919 0.007092
2 2 0.017904 0.102642 0.774818 0.082634 0.022002
2 2 0.022151 0.131333 0.805670 0.033053 0.007794
2 2 0.016541 0.086946 0.811938 0.076040 0.008536
2 2 0.017424 0.123106 0.817254 0.033112 0.009104
2 2 0.078676 0.323229 0.572777 0.006996 0.018322
2 2 0.017900 0.099165 0.806222 0.064977 0.011737
2 2 0.021363 0.144667 0.790591 0.033700 0.009679
2 2 0.016500 0.156806 0.799922 0.014614 0.012157
2 2 0.017117 0.132306 0.815514 0.025847 0.009216
2 2 0.008635 0.070782 0.883744 0.030344 0.006495
2 2 0.028063 0.256897 0.692444 0.011399 0.011197
2 2 0.046286 0.151724 0.782476 0.005255 0.014259
2 2 0.020573 0.050166 0.561305 0.363996 0.003961
2 2 0.004762 0.017569 0.740646 0.235725 0.001298
2 2 0.038938 0.224007 0.682524 0.038115 0.016417
2 2 0.019508 0.180917 0.776736 0.013979 0.008859
2 2 0.007685 0.125373 0.852344 0.003518 0.011080
2 2 0.022620 0.129865 0.802150 0.037550 0.007816
2 2 0.009639 0.047130 0.830631 0.108195 0.004406
2 2 0.035510 0.135867 0.699746 0.120566 0.008311
2 2 0.065495 0.251293 0.587993 0.082126 0.013093
2 2 0.023633 0.158321 0.779311 0.032130 0.006604
2 2 0.048056 0.264727 0.633789 0.036766 0.016662
2 2 0.080594 0.399857 0.482721 0.013717 0.023111
2 2 0.022187 0.150567 0.789365 0.031890 0.005990
2 2 0.020173 0.179925 0.775783 0.015387 0.008732
2 2 0.018844 0.178137 0.788680 0.005577 0.008762
2 2 0.006251 0.106952 0.879016 0.003954 0.003826
2 2 0.035260 0.194172 0.752479 0.005148 0.012941
2 2 0.009556 0.107099 0.868202 0.011159 0.003985
2 2 0.091908 0.387203 0.492918 0.006709 0.021262
2 2 0.019267 0.196195 0.771019 0.006401 0.007118
2 2 0.026525 0.205556 0.746297 0.014002 0.007620
2 2 0.012551 0.269607 0.708540 0.001355 0.007948
2 2 0.013780 0.138720 0.828688 0.013023 0.005789
2 2 0.008613 0.079018 0.886882 0.020939 0.004548
2 2 0.007186 0.110308 0.870687 0.005517 0.006302
2 2 0.012424 0.084872 0.894226 0.001461 0.007017
2 1 0.035102 0.188302 0.763624 0.003755 0.009218
2 1 0.010340 0.227009 0.749521 0.000316 0.012814
2 1 0.092664 0.418295 0.462869 0.002530 0.023642
1 1 0.086792 0.525862 0.366188 0.002333 0.018825
1 1 0.187840 0.492931 0.289847 0.001137 0.028245
1 1 0.101539 0.441645 0.426058 0.002306 0.028452
1 1 0.176259 0.480936 0.318360 0.000568 0.023877
1 1 0.146367 0.507167 0.318974 0.001625 0.025867
1 1 0.152391 0.479284 0.329132 0.003698 0.035494
2 1 0.102701 0.405959 0.462607 0.001224 0.027509
1 1 0.182844 0.502594 0.288737 0.000867 0.024959
1 1 0.156366 0.407648 0.381650 0.004168 0.050168
1 1 0.096472 0.437008 0.402984 0.016932 0.046605
1 1 0.167294 0.493980 0.307533 0.000513 0.030679
2 1 0.024664 0.389946 0.572626 0.002092 0.010672
1 1 0.050858 0.498657 0.429850 0.004430 0.016205
2 1 0.023486 0.354338 0.610413 0.001514 0.010248
2 1 0.026418 0.247514 0.695865 0.011382 0.018822
2 1 0.010803 0.080900 0.865281 0.034846 0.008171
2 1 0.001216 0.049727 0.942705 0.002053 0.004299
2 2 0.012833 0.130219 0.836420 0.013383 0.007145
2 2 0.005818 0.045841 0.939592 0.000499 0.008250
2 2 0.001028 0.022686 0.966842 0.007632 0.001812
2 2 0.008699 0.121100 0.860259 0.004820 0.005122
2 2 0.008399 0.068067 0.916295 0.003073 0.004167
2 2 0.004087 0.096341 0.890346 0.000317 0.008910
2 2 0.002689 0.064050 0.925633 0.002983 0.004646
2 2 0.002875 0.061313 0.926829 0.003839 0.005144
2 2 0.013362 0.079013 0.890470 0.010544 0.006611
2 2 0.001528 0.048474 0.942980 0.002803 0.004216
2 2 0.018174 0.099611 0.855446 0.021525 0.005244
2 2 0.001804 0.052106 0.940836 0.002029 0.003226
2 2 0.001589 0.025022 0.962824 0.009019 0.001546
2 2 0.001622 0.027866 0.952998 0.010147 0.007367
2 2 0.005082 0.066521 0.915213 0.009387 0.003797
2 2 0.001477 0.053704 0.937542 0.001783 0.005494
2 2 0.011164 0.082067 0.898431 0.003467 0.004871
2 2 0.026810 0.185621 0.760029 0.016094 0.011446
2 2 0.004169 0.040868 0.929434 0.022505 0.003023
2 2 0.006447 0.058056 0.908104 0.024233 0.003160
2 2 0.052414 0.128269 0.800703 0.008150 0.010464
2 2 0.038463 0.141161 0.793963 0.014118 0.012296
2 2 0.006634 0.081798 0.894797 0.010315 0.006455
2 2 0.035706 0.335519 0.608959 0.006276 0.013540
1 2 0.229108 0.511006 0.242889 0.000171 0.016826
1 2 0.106435 0.517931 0.351024 0.002301 0.022309
1 2 0.083884 0.524036 0.370443 0.002603 0.019034
2 2 0.039898 0.430087 0.508637 0.004534 0.016843
2 2 0.018691 0.245513 0.701746 0.002348 0.031702
2 2 0.013908 0.193967 0.779827 0.004922 0.007376
2 2 0.005027 0.059999 0.917637 0.012466 0.004871
2 2 0.004352 0.043139 0.936376 0.013576 0.002557
2 2 0.006081 0.066229 0.913860 0.009385 0.004445
2 2 0.007790 0.118035 0.861621 0.005300 0.007253
2 2 0.005264 0.053262 0.935409 0.002035 0.004030
2 2 0.001192 0.062595 0.928928 0.000991 0.006294
2 2 0.006641 0.044939 0.938643 0.005265 0.004513
2 2 0.000822 0.046751 0.947988 0.000722 0.003717
2 2 0.001353 0.022111 0.961978 0.012013 0.002546
2 2 0.000903 0.014134 0.957668 0.024075 0.003219
2 2 0.000943 0.030543 0.957749 0.006430 0.004335
2 2 0.001133 0.037661 0.954321 0.003363 0.003522
2 2 0.000576 0.020385 0.966314 0.008095 0.004630
2 2 0.027740 0.098126 0.838493 0.030552 0.005091
2 2 0.000991 0.025875 0.950651 0.014318 0.008165
2 2 0.012136 0.083190 0.885657 0.012306 0.006712
2 2 0.001067 0.040603 0.941345 0.005218 0.011767
2 2 0.005003 0.042137 0.917606 0.032086 0.003169
2 2 0.002871 0.025462 0.934597 0.033885 0.003185
2 2 0.001989 0.026985 0.955004 0.013786 0.002236
2 2 0.000978 0.022893 0.966400 0.006959 0.002771
2 2 0.002012 0.021762 0.952136 0.021752 0.002338
2 2 0.001582 0.013108 0.933787 0.048806 0.002717
2 2 0.004542 0.044186 0.923424 0.022990 0.004858
2 2 0.002729 0.040470 0.940788 0.012512 0.003502
2 2 0.002771 0.042486 0.929788 0.018254 0.006700
2 2 0.004757 0.038048 0.890682 0.059923 0.006591
2 2 0.003384 0.020119 0.879835 0.092759 0.003904
2 2 0.002208 0.015109 0.912602 0.068845 0.001237
2 2 0.000992 0.018168 0.963807 0.014703 0.002330
2 2 0.005006 0.020019 0.765307 0.206419 0.003248
2 2 0.002487 0.009808 0.746142 0.240404 0.001159
2 2 0.002509 0.009210 0.705269 0.281284 0.001728
2 2 0.004744 0.013591 0.594629 0.384389 0.002647
2 2 0.002574 0.012871 0.836485 0.146181 0.001888
2 2 0.003478 0.017329 0.763361 0.211460 0.004373
2 2 0.002385 0.010467 0.784555 0.200532 0.002060
2 2 0.002032 0.011788 0.835212 0.148865 0.002102
2 2 0.001141 0.004229 0.676508 0.317249 0.000873
2 2 0.004553 0.019110 0.708535 0.260240 0.007561
2 2 0.003351 0.007745 0.577294 0.408756 0.002853
2 2 0.005286 0.018712 0.713814 0.259324 0.002863
3 2 0.002640 0.003706 0.199387 0.793584 0.000683
2 2 0.006543 0.019649 0.633321 0.336869 0.003619
2 2 0.006087 0.016303 0.564592 0.409627 0.003390
2 2 0.004472 0.013615 0.623779 0.354990 0.003144
2 2 0.002240 0.006832 0.595198 0.394141 0.001589
2 2 0.005006 0.014226 0.586424 0.390503 0.003840
2 2 0.002428 0.006399 0.516938 0.473111 0.001124
3 2 0.000996 0.001785 0.260898 0.735890 0.000430
2 2 0.006548 0.021913 0.683387 0.282506 0.005647
2 2 0.004450 0.011045 0.515997 0.467177 0.001330
3 2 0.002498 0.003728 0.219512 0.773491 0.000771
3 2 0.009373 0.009433 0.127296 0.851354 0.002544
3 2 0.003262 0.004792 0.214114 0.775723 0.002109
3 2 0.003470 0.006298 0.319535 0.669353 0.001345
3 2 0.008813 0.006393 0.064400 0.918296 0.002099
3 2 0.003485 0.004822 0.194327 0.795301 0.002065
3 2 0.003152 0.003399 0.122107 0.870454 0.000888
3 2 0.004679 0.009300 0.377835 0.605866 0.002321
3 3 0.001149 0.000822 0.042755 0.954932 0.000341
3 3 0.003331 0.003284 0.102963 0.889538 0.000884
3 3 0.001691 0.002336 0.181614 0.813988 0.000371
3 3 0.004137 0.005402 0.182646 0.806177 0.001638
3 3 0.002361 0.001388 0.032760 0.963062 0.000430
3 3 0.003134 0.003322 0.117464 0.875145 0.000935
3 3 0.003767 0.005563 0.226528 0.762681 0.001460
3 3 0.002648 0.002453 0.084288 0.909389 0.001222
3 3 0.004201 0.005376 0.180630 0.808770 0.001023
3 3 0.003222 0.001666 0.026083 0.968400 0.000629
3 3 0.001523 0.000897 0.030552 0.966784 0.000244
3 3 0.001966 0.001878 0.087561 0.908037 0.000558
3 3 0.003808 0.002612 0.049349 0.943358 0.000873
3 3 0.005304 0.003121 0.038017 0.952562 0.000997
3 3 0.003744 0.002566 0.048188 0.944299 0.001203
3 3 0.002700 0.003068 0.131589 0.861822 0.000820
3 3 0.001483 0.001048 0.044453 0.952700 0.000316
3 3 0.009396 0.009188 0.127254 0.853271 0.000891
2 3 0.033131 0.078827 0.559447 0.325777 0.002819
2 3 0.041537 0.192310 0.691782 0.066230 0.008141
2 3 0.014361 0.048077 0.711610 0.222629 0.003323
2 3 0.013689 0.076097 0.838402 0.067862 0.003951
2 2 0.027008 0.095899 0.709840 0.161174 0.006079
2 2 0.046886 0.074191 0.801321 0.066004 0.011598
2 2 0.039412 0.233912 0.679245 0.034069 0.013361
2 2 0.025222 0.201941 0.744670 0.018565 0.009602
2 2 0.006821 0.066426 0.900264 0.022583 0.003906
2 2 0.003788 0.129728 0.855243 0.001936 0.009305
2 2 0.049338 0.253411 0.644135 0.003104 0.050012
4 2 0.062575 0.299780 0.268482 0.001546 0.367617
4 4 0.018828 0.096265 0.171290 0.001872 0.711746
4 4 0.084869 0.328749 0.191755 0.000136 0.394491
4 4 0.040641 0.169057 0.178117 0.000768 0.611416
4 4 0.017393 0.182830 0.274832 0.000980 0.523965
4 4 0.147211 0.258036 0.046634 0.000041 0.548079
4 4 0.056045 0.026826 0.012337 0.000040 0.904753
4 4 0.227707 0.072373 0.017284 0.000594 0.682042
4 4 0.156002 0.060684 0.016421 0.000005 0.766888
4 4 0.090460 0.053901 0.018815 0.000264 0.836561
4 4 0.091214 0.053826 0.028429 0.000352 0.826180
4 4 0.152320 0.154837 0.062065 0.000489 0.630290
4 4 0.110776 0.080397 0.052055 0.000695 0.756076
0 4 0.826666 0.130930 0.012683 0.000000 0.029721
0 4 0.583788 0.214639 0.037620 0.000008 0.163945
1 4 0.323989 0.326275 0.149099 0.003168 0.197469
4 4 0.027067 0.320451 0.104786 0.000153 0.547542
4 4 0.173922 0.067622 0.104839 0.000347 0.653270
4 4 0.024494 0.068210 0.084975 0.000710 0.821611
1 4 0.247674 0.363872 0.229606 0.000615 0.158232
4 4 0.027600 0.043577 0.062781 0.000116 0.865926
4 4 0.066244 0.218853 0.132031 0.000282 0.582590
4 4 0.040989 0.063412 0.054358 0.000068 0.841173
4 4 0.053309 0.046811 0.076827 0.000540 0.822513
4 4 0.142214 0.165759 0.065821 0.000043 0.626162
2 4 0.067750 0.249524 0.363693 0.015018 0.304015
4 4 0.147428 0.210658 0.232229 0.003399 0.406287
0 4 0.460871 0.333268 0.158512 0.000456 0.046893
0 4 0.501099 0.334385 0.114117 0.000088 0.050312
4 4 0.039333 0.221935 0.339867 0.006521 0.392345
2 4 0.084850 0.274692 0.333228 0.001295 0.305934
2 4 0.108114 0.309076 0.409669 0.000376 0.172765
4 4 0.033582 0.215747 0.366657 0.000802 0.383213
4 4 0.121180 0.150073 0.246058 0.002798 0.479891
1 4 0.051249 0.380979 0.365491 0.000695 0.201586
2 4 0.018406 0.240280 0.684196 0.004056 0.053063
2 4 0.021835 0.242240 0.465761 0.007270 0.262894
2 4 0.035188 0.302179 0.588778 0.001901 0.071954
2 4 0.014805 0.236914 0.670850 0.001683 0.075749
2 4 0.012977 0.292535 0.580746 0.002336 0.111407
2 4 0.014013 0.396706 0.513269 0.001820 0.074192
2 4 0.010707 0.352229 0.510390 0.000767 0.125906
2 4 0.009843 0.336499 0.574149 0.003562 0.075947
2 4 0.056708 0.203241 0.462788 0.004026 0.273237
2 4 0.065934 0.350243 0.534822 0.001053 0.047949
2 4 0.058143 0.299249 0.583216 0.003890 0.055502
2 4 0.004868 0.259817 0.600883 0.003290 0.131142
2 4 0.068491 0.380637 0.507237 0.003630 0.040005
2 4 0.002795 0.157864 0.703617 0.003754 0.131970
2 4 0.023031 0.279797 0.590209 0.001813 0.105150
2 4 0.063652 0.293123 0.464512 0.003696 0.175017
2 4 0.015628 0.175202 0.608279 0.000311 0.200581
2 4 0.014423 0.181119 0.421129 0.001327 0.382001
2 4 0.014684 0.165697 0.565662 0.000565 0.253391
2 4 0.156429 0.264731 0.295122 0.004585 0.279133
4 4 0.117325 0.059477 0.036218 0.000498 0.786481
4 4 0.135242 0.258299 0.075117 0.000014 0.531328
4 4 0.073359 0.053353 0.032427 0.000377 0.840485
4 4 0.050681 0.050588 0.044161 0.000421 0.854149
4 4 0.021633 0.092783 0.139928 0.000283 0.745373
0 4 0.508335 0.239174 0.092130 0.000261 0.160100
4 4 0.036116 0.093384 0.089671 0.000054 0.780775
4 4 0.030124 0.061528 0.071446 0.000618 0.836283
4 4 0.101699 0.139915 0.134315 0.000262 0.623809
4 4 0.066733 0.118104 0.079587 0.000091 0.735486
4 4 0.052363 0.278970 0.143774 0.000004 0.524888
4 4 0.034892 0.041149 0.060842 0.000342 0.862776
4 4 0.111466 0.150405 0.104397 0.000092 0.633640
1 4 0.108764 0.452532 0.224563 0.001070 0.213072
4 4 0.045734 0.083956 0.129633 0.001403 0.739273
4 4 0.257915 0.125634 0.098922 0.000302 0.517228
4 4 0.093469 0.202183 0.052613 0.000574 0.651160
4 4 0.081430 0.107890 0.114831 0.000262 0.695587
1 4 0.237078 0.368296 0.066078 0.000023 0.328525
4 4 0.106715 0.276227 0.117321 0.000476 0.499261
1 4 0.150637 0.391625 0.376039 0.001571 0.080128
1 2 0.258838 0.439392 0.243382 0.001805 0.056583
1 2 0.049571 0.460386 0.309843 0.000077 0.180123
1 2 0.280647 0.359550 0.243403 0.003591 0.112810
1 2 0.206683 0.373582 0.250685 0.000837 0.168213
1 2 0.291267 0.374208 0.246760 0.006641 0.081124
1 2 0.149631 0.438318 0.348996 0.009533 0.053522
2 1 0.045900 0.378132 0.502229 0.004420 0.069319
2 1 0.012279 0.308188 0.559687 0.000685 0.119162
1 1 0.287759 0.394511 0.247751 0.003956 0.066024
1 1 0.060842 0.457767 0.427589 0.005035 0.048766
2 1 0.021837 0.328957 0.598371 0.005675 0.045161
2 1 0.004647 0.302386 0.629908 0.000930 0.062130
2 1 0.005925 0.314497 0.603487 0.002039 0.074052
2 1 0.051994 0.443655 0.454268 0.009147 0.040937
1 1 0.075203 0.513346 0.328773 0.001465 0.081213
2 1 0.006959 0.273479 0.581438 0.002219 0.135905
2 1 0.041374 0.323192 0.534867 0.000680 0.099889
2 1 0.046390 0.348843 0.524410 0.002211 0.078146
2 1 0.032391 0.387002 0.491329 0.000693 0.088585
2 1 0.018331 0.275451 0.612252 0.001877 0.092090
2 1 0.011746 0.358646 0.559272 0.000885 0.069451
1 1 0.092704 0.467491 0.399229 0.001791 0.038785
1 1 0.183723 0.509971 0.283466 0.000624 0.022217
1 2 0.042877 0.500431 0.398686 0.001895 0.056111
2 2 0.000986 0.121356 0.860565 0.000324 0.016769
2 2 0.000432 0.075491 0.902060 0.000288 0.021729
2 2 0.001685 0.046804 0.936696 0.006497 0.008318
2 2 0.001376 0.056161 0.929611 0.002112 0.010739
2 2 0.001515 0.062026 0.923959 0.001567 0.010934
2 2 0.002782 0.175193 0.700291 0.002916 0.118819
2 1 0.018541 0.246175 0.623459 0.002889 0.108937
1 1 0.200490 0.514474 0.256214 0.000035 0.028788
1 1 0.211393 0.495527 0.268138 0.000572 0.024370
1 1 0.292328 0.471480 0.215540 0.000160 0.020492
0 1 0.764417 0.166828 0.049115 0.000008 0.019632
0 1 0.754548 0.175685 0.051295 0.000007 0.018464
0 1 0.693028 0.205303 0.071638 0.000038 0.029994
0 0 0.708896 0.202806 0.062764 0.000016 0.025517
0 0 0.426960 0.267095 0.169764 0.008035 0.128146
1 0 0.270385 0.449448 0.244345 0.000834 0.034988
1 1 0.129913 0.457844 0.353395 0.011214 0.047634
2 1 0.027963 0.246795 0.670116 0.015090 0.040037
2 1 0.006801 0.171520 0.784944 0.003849 0.032886
2 1 0.004702 0.088276 0.842629 0.012310 0.052083
2 1 0.003955 0.046606 0.917358 0.023307 0.008773
2 2 0.001478 0.046848 0.939976 0.003309 0.008390
2 2 0.000496 0.022260 0.973225 0.001869 0.002151
2 2 0.000488 0.015001 0.979227 0.003082 0.002201
2 2 0.000176 0.014103 0.982857 0.000626 0.002238
2 2 0.000619 0.017064 0.979593 0.000402 0.002322
2 2 0.000382 0.022746 0.972172 0.001514 0.003185
2 2 0.000127 0.012036 0.983698 0.000945 0.003193
2 2 0.000153 0.017823 0.977998 0.000664 0.003362
2 2 0.000214 0.015140 0.980666 0.001500 0.002481
2 2 0.000697 0.022507 0.971988 0.000146 0.004662
2 2 0.000444 0.030792 0.959244 0.000091 0.009429
2 2 0.000151 0.021210 0.975225 0.000172 0.003242
2 2 0.000565 0.063713 0.922234 0.000032 0.013456
2 2 0.000603 0.025339 0.967988 0.000129 0.005942
2 2 0.000049 0.011939 0.986236 0.000204 0.001571
2 2 0.000336 0.015359 0.981114 0.000294 0.002896
2 2 0.000759 0.024400 0.970752 0.000854 0.003235
2 2 0.000240 0.022468 0.970265 0.000973 0.006054
2 2 0.000209 0.019238 0.974874 0.001074 0.004605
2 2 0.000780 0.020832 0.972550 0.002495 0.003343
2 2 0.003147 0.031244 0.939335 0.023736 0.002538
2 2 0.000253 0.017316 0.979304 0.001044 0.002084
2 2 0.000496 0.026031 0.969885 0.000300 0.003288
2 2 0.002189 0.037246 0.946479 0.010248 0.003837
2 2 0.000962 0.037985 0.952439 0.000184 0.008431
2 2 0.000179 0.013184 0.981824 0.001900 0.002913
2 2 0.000182 0.015882 0.980325 0.000946 0.002666
2 2 0.000206 0.018617 0.978748 0.000641 0.001788
2 2 0.000181 0.015531 0.982422 0.000629 0.001238
2 2 0.000884 0.018181 0.967603 0.010977 0.002356
2 2 0.000731 0.009776 0.964616 0.022983 0.001894
2 2 0.001386 0.019168 0.947614 0.027255 0.004577
2 2 0.000460 0.024383 0.970976 0.001345 0.002837
2 2 0.000372 0.016035 0.980118 0.001737 0.001739
2 2 0.000686 0.018664 0.976321 0.003081 0.001248
2 2 0.000578 0.025405 0.959991 0.005386 0.008641
2 2 0.000563 0.006836 0.967180 0.024657 0.000764
2 2 0.030380 0.226889 0.714997 0.019917 0.007817
2 2 0.003865 0.045668 0.934014 0.014375 0.002078
2 2 0.002195 0.042395 0.942133 0.009292 0.003985
2 2 0.000557 0.021203 0.972858 0.003675 0.001707
2 2 0.000853 0.026008 0.964952 0.005580 0.002606
2 2 0.000488 0.010839 0.971029 0.015802 0.001842
2 2 0.010283 0.036227 0.930493 0.020163 0.002834
2 2 0.000856 0.032739 0.958479 0.003385 0.004541
2 2 0.001081 0.025551 0.958936 0.009982 0.004450
2 2 0.025530 0.275875 0.680739 0.003149 0.014707
2 2 0.041571 0.452069 0.490344 0.004069 0.011947
2 2 0.068045 0.252421 0.577244 0.087803 0.014486
2 2 0.060133 0.404501 0.506340 0.014654 0.014372
2 2 0.056870 0.414379 0.504028 0.011768 0.012955
2 2 0.029022 0.161357 0.744100 0.050818 0.014703
2 2 0.031760 0.171880 0.727930 0.052207 0.016223
2 2 0.007144 0.130191 0.848123 0.004084 0.010458
2 2 0.020605 0.185138 0.765028 0.015236 0.013992
2 2 0.000722 0.019466 0.973281 0.004513 0.002018
2 2 0.002513 0.029780 0.943612 0.016258 0.007837
2 2 0.010006 0.100814 0.861502 0.015896 0.011781
2 2 0.022090 0.147606 0.782277 0.034933 0.013094
1 2 0.057343 0.473849 0.445957 0.007188 0.015664
2 2 0.028182 0.208219 0.723960 0.022609 0.017030
2 2 0.000591 0.036794 0.956023 0.001067 0.005526
2 2 0.006543 0.118771 0.858057 0.004378 0.012251
2 2 0.000731 0.014780 0.973919 0.009143 0.001426
2 2 0.000365 0.006009 0.956269 0.036048 0.001308
2 2 0.001587 0.015796 0.973363 0.006751 0.002503
2 2 0.001011 0.024877 0.961323 0.006732 0.006058
2 2 0.000366 0.007847 0.988103 0.002280 0.001404
2 2 0.000687 0.007926 0.966504 0.024061 0.000822
2 2 0.001718 0.021459 0.956663 0.016961 0.003199
2 2 0.000485 0.010679 0.980462 0.007369 0.001005
2 2 0.000753 0.007616 0.956642 0.034344 0.000644
2 2 0.000189 0.007229 0.984302 0.006448 0.001832
2 2 0.000418 0.012487 0.983607 0.001634 0.001855
2 2 0.004328 0.050834 0.936437 0.005272 0.003128
2 2 0.005394 0.047740 0.911330 0.028635 0.006901
2 2 0.000562 0.020305 0.966241 0.007491 0.005400
1 2 0.101597 0.511970 0.359414 0.003100 0.023919
2 1 0.075537 0.383158 0.513524 0.002800 0.024982
2 1 0.016688 0.296353 0.674661 0.002022 0.010275
2 1 0.012923 0.203523 0.767390 0.003654 0.012510
2 1 0.009605 0.157856 0.822198 0.003703 0.006639
2 1 0.000521 0.033759 0.960645 0.001091 0.003985
2 2 0.006924 0.153417 0.807389 0.004703 0.027566
1 2 0.236863 0.422834 0.296037 0.001332 0.042935
1 2 0.104739 0.500105 0.362572 0.004474 0.028110
1 2 0.100518 0.445856 0.419404 0.003386 0.030837
2 2 0.022323 0.300025 0.638372 0.002361 0.036920
2 2 0.012159 0.372798 0.570824 0.001986 0.042233
1 2 0.044943 0.470182 0.464732 0.004227 0.015915
2 2 0.028387 0.294848 0.651523 0.007645 0.017597
2 2 0.001988 0.099883 0.884347 0.001199 0.012582
2 2 0.007544 0.045986 0.866499 0.072265 0.007706
2 2 0.000506 0.028354 0.963238 0.002006 0.005896
2 2 0.000293 0.019767 0.975481 0.001365 0.003094
2 2 0.001436 0.014089 0.956716 0.026457 0.001302
2 2 0.002495 0.056268 0.933605 0.003348 0.004284
2 2 0.000953 0.072401 0.920604 0.000391 0.005651
2 2 0.001997 0.025580 0.956746 0.013559 0.002119
2 2 0.001136 0.017859 0.974444 0.002759 0.003802
2 2 0.000346 0.035050 0.956739 0.000692 0.007174
2 2 0.015890 0.176808 0.790714 0.009049 0.007539
2 2 0.002821 0.070694 0.919857 0.002426 0.004203
2 2 0.000689 0.016944 0.979727 0.000534 0.002106
2 2 0.000401 0.018731 0.976258 0.000391 0.004219
2 2 0.000223 0.018145 0.975195 0.001586 0.004850
2 2 0.000274 0.030329 0.964816 0.000129 0.004452
2 2 0.002033 0.032745 0.957525 0.004094 0.003602
2 2 0.039652 0.333900 0.605861 0.010827 0.009760
2 2 0.000517 0.022446 0.969443 0.004182 0.003412
2 2 0.000393 0.033514 0.960182 0.000795 0.005116
2 2 0.002086 0.051062 0.942588 0.002142 0.002122
2 2 0.000539 0.012365 0.983676 0.002340 0.001080
2 2 0.000180 0.017442 0.978159 0.000534 0.003686
2 2 0.000469 0.022418 0.974401 0.000788 0.001924
2 2 0.000155 0.012559 0.984400 0.001394 0.001491
2 2 0.000733 0.021826 0.967240 0.006672 0.003528
2 2 0.002828 0.017253 0.975967 0.001560 0.002392
2 2 0.000310 0.008878 0.980847 0.007794 0.002171
2 2 0.000203 0.021545 0.973497 0.001128 0.003627
2 2 0.000381 0.009577 0.982630 0.006094 0.001318
2 2 0.000373 0.023957 0.967237 0.000775 0.007658
2 2 0.000506 0.009927 0.977842 0.010539 0.001187
2 2 0.000710 0.034639 0.955496 0.002064 0.007091
2 2 0.001108 0.010874 0.952947 0.033507 0.001564
2 2 0.000353 0.016290 0.976840 0.003606 0.002912
2 2 0.000330 0.010397 0.983184 0.004728 0.001362
2 2 0.000291 0.006611 0.981885 0.010289 0.000924
2 2 0.000766 0.010174 0.957068 0.030253 0.001739
2 2 0.000766 0.018392 0.967964 0.009381 0.003496
2 2 0.050924 0.310145 0.616111 0.010629 0.012190
2 2 0.028018 0.146433 0.756518 0.060113 0.008918
1 2 0.288440 0.398405 0.282781 0.001316 0.029059
2 2 0.058186 0.450847 0.466793 0.009044 0.015129
1 2 0.241522 0.341305 0.095443 0.000580 0.321149
4 2 0.154132 0.196714 0.068612 0.000800 0.579742
0 2 0.468016 0.188427 0.090499 0.000214 0.252844
0 0 0.582577 0.095585 0.028429 0.000371 0.293038
0 0 0.802101 0.096340 0.037131 0.000150 0.064279
0 0 0.786144 0.058078 0.026272 0.000825 0.128681
0 0 0.915554 0.031801 0.009565 0.000019 0.043060
0 0 0.883821 0.049407 0.016294 0.000042 0.050437
0 0 0.867194 0.071499 0.016423 0.000006 0.044878
0 0 0.767703 0.026507 0.006939 0.000082 0.198769
1 0 0.178184 0.401993 0.374193 0.008854 0.036775
1 0 0.228612 0.430838 0.289679 0.003583 0.047287
1 0 0.125733 0.517636 0.332244 0.001641 0.022747
1 1 0.131925 0.500214 0.336229 0.002792 0.028839
2 1 0.037970 0.383463 0.540118 0.004457 0.033993
1 1 0.026274 0.433812 0.427027 0.009571 0.103316
2 1 0.007432 0.260309 0.682998 0.002745 0.046516
1 1 0.098221 0.510804 0.363505 0.003409 0.024061
2 1 0.019375 0.389301 0.562740 0.000921 0.027663
2 1 0.046529 0.416706 0.521903 0.001139 0.013723
1 1 0.203370 0.456237 0.275846 0.001126 0.063421
1 1 0.042109 0.434859 0.364884 0.001154 0.156994
1 1 0.074999 0.486634 0.343267 0.000187 0.094914
2 1 0.022222 0.326454 0.457949 0.000274 0.193101
2 1 0.008604 0.285910 0.491748 0.000623 0.213115
4 1 0.013813 0.080642 0.131368 0.000043 0.774134
4 1 0.020816 0.070622 0.104597 0.000009 0.803956
4 4 0.011553 0.021298 0.035108 0.000018 0.932023
4 4 0.155662 0.056198 0.014109 0.000253 0.773778
4 4 0.086909 0.040483 0.011439 0.000018 0.861152
4 4 0.090131 0.121430 0.046869 0.000005 0.741565
0 4 0.598265 0.126712 0.013337 0.000002 0.261684
4 4 0.093751 0.040275 0.029767 0.000187 0.836020
4 4 0.057174 0.044849 0.025955 0.000216 0.871806
4 4 0.330311 0.083599 0.025774 0.001415 0.558900
4 4 0.112077 0.032444 0.012175 0.000062 0.843241
4 4 0.047059 0.017233 0.006282 0.000002 0.929424
4 4 0.366116 0.050487 0.011595 0.000045 0.571757
0 4 0.443507 0.193361 0.015307 0.000001 0.347824
4 4 0.084252 0.035113 0.011782 0.000072 0.868782
4 4 0.045942 0.033918 0.018555 0.000091 0.901493
4 4 0.217916 0.053609 0.034212 0.000470 0.693793
4 4 0.067974 0.077677 0.052559 0.000285 0.801504
4 4 0.141180 0.058983 0.013906 0.000005 0.785926
4 4 0.294423 0.239530 0.035305 0.000016 0.430727
4 4 0.142335 0.025690 0.007148 0.000022 0.824804
4 4 0.085034 0.039144 0.020718 0.000135 0.854970
4 4 0.121657 0.028753 0.007877 0.000036 0.841678
4 4 0.020505 0.020725 0.013322 0.000004 0.945444
4 4 0.175753 0.051237 0.014191 0.000025 0.758794
4 4 0.103324 0.041995 0.028374 0.000200 0.826107
4 4 0.102041 0.046985 0.010697 0.000061 0.840216
4 4 0.269093 0.059529 0.017075 0.000403 0.653900
0 4 0.654735 0.124059 0.026168 0.000036 0.195003
4 4 0.144881 0.147319 0.036988 0.000012 0.670800
4 4 0.186892 0.020514 0.004321 0.000012 0.788261
4 4 0.083671 0.020115 0.010171 0.000019 0.886024
4 4 0.087944 0.017791 0.006081 0.000009 0.888175
4 4 0.432665 0.022535 0.003285 0.000021 0.541495
4 4 0.090424 0.015623 0.004013 0.000001 0.889940
4 4 0.131637 0.009488 0.002023 0.000001 0.856850
4 4 0.107099 0.013206 0.003864 0.000004 0.875827
4 4 0.227380 0.012322 0.002858 0.000003 0.757437
4 4 0.210372 0.009293 0.000722 0.000001 0.779612
4 4 0.027635 0.005620 0.001970 0.000000 0.964775
4 4 0.235146 0.214723 0.205206 0.005628 0.339297
4 4 0.031370 0.150178 0.390354 0.001501 0.426598
4 4 0.096448 0.146662 0.242293 0.006253 0.508345
4 4 0.249183 0.231358 0.216098 0.006207 0.297153
2 4 0.042251 0.341285 0.407161 0.002325 0.206978
4 4 0.074703 0.082841 0.073131 0.001969 0.767356
4 4 0.138442 0.212728 0.217172 0.002172 0.429486
1 4 0.242874 0.329874 0.205270 0.001878 0.220104
0 4 0.389483 0.378797 0.144819 0.000382 0.086519
1 4 0.227092 0.446608 0.201749 0.000622 0.123929
2 4 0.165465 0.351507 0.379964 0.002912 0.100152
1 4 0.166264 0.544938 0.218437 0.000592 0.069768
1 4 0.232975 0.406659 0.287310 0.000906 0.072149
0 4 0.475896 0.366112 0.137542 0.000044 0.020407
1 4 0.319129 0.489181 0.156748 0.000051 0.034890
1 1 0.411159 0.420747 0.145925 0.000035 0.022133
0 1 0.452091 0.361587 0.155228 0.000156 0.030937
1 1 0.254080 0.454735 0.254458 0.001028 0.035699
2 1 0.147184 0.247931 0.428236 0.001128 0.175521
1 1 0.127565 0.320508 0.212612 0.018956 0.320359
2 1 0.004854 0.213722 0.713776 0.002815 0.064833
2 1 0.003962 0.099292 0.822111 0.007729 0.066906
2 1 0.005954 0.168456 0.705884 0.008082 0.111625
2 1 0.004108 0.074883 0.821921 0.013290 0.085798
2 1 0.066249 0.433785 0.446765 0.008193 0.045009
2 1 0.004127 0.072309 0.857743 0.018373 0.047448
2 1 0.001424 0.035614 0.953114 0.004682 0.005165
2 2 0.001224 0.048463 0.924589 0.003997 0.021727
2 2 0.002411 0.049803 0.927152 0.007426 0.013209
2 2 0.010576 0.144666 0.786280 0.005217 0.053261
2 2 0.001422 0.055264 0.910129 0.005209 0.027975
2 2 0.001287 0.089414 0.817352 0.002625 0.089322
2 2 0.000551 0.059661 0.901056 0.000879 0.037854
2 2 0.003889 0.129283 0.798592 0.004801 0.063436
2 2 0.014001 0.077336 0.761436 0.010428 0.136799
2 2 0.005390 0.097522 0.889038 0.000463 0.007586
2 1 0.001014 0.042328 0.950169 0.001525 0.004965
2 1 0.004375 0.120187 0.852652 0.002864 0.019921
2 1 0.000625 0.033491 0.952104 0.002652 0.011128
2 1 0.000560 0.025859 0.964404 0.002562 0.006615
2 1 0.002903 0.054272 0.933652 0.004880 0.004293
2 1 0.001402 0.066956 0.919754 0.001146 0.010742
2 1 0.001724 0.030030 0.945975 0.012852 0.009419
2 1 0.001466 0.013781 0.948687 0.034464 0.001602
2 1 0.000131 0.008396 0.986537 0.003340 0.001596
2 2 0.001312 0.018744 0.973147 0.004245 0.002551
2 2 0.000524 0.005783 0.981609 0.011576 0.000508
2 2 0.000354 0.009186 0.980452 0.008071 0.001937
2 2 0.001122 0.010990 0.972412 0.013593 0.001883
2 2 0.000672 0.008818 0.966754 0.022137 0.001619
2 2 0.000969 0.009106 0.946959 0.041225 0.001741
2 2 0.000470 0.009793 0.979049 0.009596 0.001092
2 2 0.001785 0.016285 0.941589 0.037459 0.002883
2 3 0.000201 0.010713 0.984974 0.002543 0.001569
2 3 0.000520 0.005198 0.940414 0.053216 0.000652
2 3 0.001696 0.007055 0.986397 0.004076 0.000776
