0 0 0.817312 0.038961 0.011965 0.001510 0.130253
0 0 0.877181 0.036728 0.025275 0.000708 0.060108
0 0 0.808984 0.073443 0.014861 0.000348 0.102364
0 0 0.746572 0.070243 0.019733 0.002193 0.161259
0 0 0.820306 0.047380 0.097418 0.000995 0.033902
0 0 0.701703 0.088385 0.168131 0.003250 0.038532
0 1 0.533236 0.234732 0.108305 0.005384 0.118343
0 0 0.507073 0.247052 0.154640 0.004012 0.087223
0 1 0.700410 0.094085 0.173377 0.001911 0.030217
0 1 0.460017 0.282054 0.045185 0.002294 0.210451
1 0 0.308910 0.344512 0.243856 0.016031 0.086691
2 0 0.222872 0.056570 0.468463 0.227511 0.024585
2 0 0.240765 0.103980 0.443440 0.138069 0.073745
0 0 0.581738 0.050286 0.336194 0.016316 0.015466
2 0 0.394274 0.103654 0.407094 0.064364 0.030614
2 0 0.252960 0.074223 0.604197 0.040605 0.028016
0 0 0.621319 0.057969 0.258824 0.030805 0.031083
0 0 0.632476 0.103384 0.203896 0.016576 0.043668
0 1 0.640451 0.089077 0.224123 0.011859 0.034489
0 0 0.588937 0.225694 0.079281 0.001963 0.104125
0 0 0.456431 0.098015 0.330175 0.068953 0.046426
0 0 0.579676 0.050938 0.340840 0.010407 0.018139
0 0 0.631678 0.111147 0.149414 0.015085 0.092675
0 0 0.530309 0.193747 0.067485 0.012250 0.196209
0 0 0.546640 0.145866 0.193209 0.034893 0.079392
0 0 0.439036 0.139968 0.262901 0.091156 0.066939
2 0 0.372321 0.126317 0.455030 0.022305 0.024026
0 0 0.394461 0.117069 0.356097 0.090084 0.042289
2 0 0.229976 0.090450 0.551884 0.081463 0.046227
2 0 0.217236 0.069183 0.538226 0.144733 0.030622
2 0 0.282921 0.103766 0.408607 0.128145 0.076562
0 0 0.723120 0.068155 0.140165 0.008639 0.059921
0 0 0.805986 0.044009 0.119931 0.002674 0.027400
0 0 0.832328 0.043878 0.077088 0.005610 0.041096
0 0 0.878483 0.033505 0.059377 0.001355 0.027280
0 0 0.875948 0.038160 0.032863 0.000709 0.052320
0 0 0.749951 0.119261 0.011527 0.000148 0.119113
0 0 0.919184 0.023948 0.009090 0.000152 0.047625
0 0 0.917412 0.025685 0.016965 0.000284 0.039655
0 0 0.851733 0.039906 0.021559 0.001586 0.085216
0 0 0.937806 0.014516 0.003401 0.000063 0.044214
0 0 0.973731 0.007811 0.002339 0.000008 0.016112
0 0 0.947474 0.016061 0.007162 0.000060 0.029243
0 0 0.971042 0.010370 0.007316 0.000012 0.011261
0 0 0.950162 0.015321 0.010200 0.000023 0.024293
0 0 0.907885 0.016004 0.002813 0.000074 0.073225
0 0 0.973966 0.009008 0.001436 0.000001 0.015588
0 0 0.978110 0.005287 0.002136 0.000000 0.014467
0 0 0.968229 0.010568 0.011013 0.000006 0.010184
0 0 0.971093 0.009190 0.004149 0.000008 0.015561
0 0 0.758109 0.036361 0.026074 0.000043 0.179413
4 0 0.167470 0.123663 0.016780 0.000028 0.692059
4 0 0.337957 0.054030 0.007229 0.000027 0.600757
4 0 0.349573 0.066496 0.005358 0.000004 0.578568
0 0 0.668697 0.035399 0.014938 0.000067 0.280899
0 0 0.972052 0.009879 0.010143 0.000008 0.007919
0 0 0.957877 0.014319 0.014574 0.000046 0.013185
0 0 0.972273 0.009865 0.006170 0.000011 0.011681
0 0 0.961663 0.013406 0.011957 0.000024 0.012950
0 0 0.940536 0.017707 0.007683 0.000083 0.033991
0 0 0.876093 0.028132 0.008291 0.000491 0.086994
0 0 0.959237 0.013914 0.015726 0.000023 0.011100
0 0 0.934399 0.020952 0.023834 0.000240 0.020575
0 0 0.962135 0.012326 0.016619 0.000037 0.008882
0 0 0.963737 0.011755 0.016769 0.000021 0.007717
0 0 0.906050 0.025196 0.010141 0.000319 0.058293
0 0 0.948114 0.017150 0.013234 0.000115 0.021388
0 0 0.912349 0.027912 0.032936 0.000213 0.026590
0 0 0.970421 0.010494 0.006823 0.000013 0.012249
0 0 0.955554 0.014916 0.016776 0.000046 0.012708
0 0 0.935014 0.018146 0.006748 0.000098 0.039993
0 0 0.970838 0.009974 0.005072 0.000012 0.014103
0 0 0.854639 0.027783 0.006413 0.000500 0.110665
0 0 0.929045 0.014843 0.002899 0.000076 0.053137
0 0 0.893268 0.014698 0.001522 0.000112 0.090401
0 0 0.736672 0.026110 0.004811 0.000123 0.232285
0 0 0.751430 0.016609 0.001966 0.000021 0.229973
0 0 0.808063 0.026365 0.006913 0.000106 0.158553
0 0 0.879639 0.011035 0.001017 0.000015 0.108294
0 0 0.783987 0.013723 0.001223 0.000017 0.201049
0 0 0.848475 0.017781 0.002376 0.000078 0.131290
0 0 0.644469 0.026438 0.004168 0.000121 0.324803
0 0 0.555478 0.044103 0.006525 0.000110 0.393783
0 0 0.870472 0.022538 0.005093 0.000159 0.101739
0 0 0.845302 0.023309 0.004306 0.000208 0.126876
0 0 0.916649 0.010718 0.001123 0.000024 0.071486
0 0 0.785329 0.019301 0.002056 0.000051 0.193263
0 0 0.910068 0.022564 0.042918 0.000039 0.024411
0 0 0.876977 0.030827 0.026118 0.000094 0.065984
0 0 0.482842 0.036421 0.007698 0.000013 0.473026
0 0 0.847478 0.028067 0.017991 0.000033 0.106431
0 0 0.840118 0.023248 0.007881 0.000035 0.128719
0 0 0.804497 0.032421 0.019034 0.000055 0.143994
0 0 0.921642 0.019055 0.016004 0.000011 0.043288
0 0 0.535381 0.091127 0.005112 0.000005 0.368375
0 0 0.901137 0.033070 0.006804 0.000091 0.058897
0 0 0.950208 0.013996 0.007542 0.000015 0.028239
0 0 0.937175 0.017718 0.007851 0.000062 0.037195
0 0 0.927487 0.018722 0.009298 0.000040 0.044452
0 0 0.952979 0.015853 0.010463 0.000046 0.020658
0 0 0.942272 0.018198 0.011882 0.000055 0.027593
0 0 0.956361 0.014920 0.011436 0.000046 0.017236
0 0 0.953456 0.015718 0.010643 0.000048 0.020136
0 0 0.784140 0.062556 0.007110 0.000366 0.145828
0 0 0.907476 0.029503 0.025018 0.000301 0.037702
0 0 0.882104 0.030181 0.013293 0.000380 0.074042
0 0 0.957925 0.013939 0.007619 0.000034 0.020483
0 0 0.971691 0.009682 0.004833 0.000011 0.013783
0 0 0.958033 0.010379 0.002368 0.000022 0.029199
0 0 0.886604 0.021900 0.004392 0.000272 0.086832
0 0 0.762324 0.028181 0.004668 0.000358 0.204469
0 0 0.688710 0.030483 0.005388 0.000294 0.275124
0 0 0.766418 0.028722 0.004843 0.000407 0.199610
0 0 0.747399 0.034042 0.006646 0.000760 0.211153
0 0 0.825384 0.032250 0.012478 0.000218 0.129670
0 0 0.873925 0.018384 0.002255 0.000212 0.105224
0 0 0.882441 0.017759 0.002258 0.000184 0.097358
0 0 0.801094 0.025736 0.003991 0.000350 0.168828
0 0 0.759640 0.037105 0.007852 0.001291 0.194112
0 0 0.822004 0.019473 0.002391 0.000124 0.156009
0 0 0.813937 0.028062 0.004737 0.000616 0.152646
0 0 0.767036 0.027599 0.004493 0.000340 0.200532
0 0 0.699007 0.039350 0.003697 0.000043 0.257904
0 0 0.773437 0.027886 0.003723 0.000174 0.194779
0 0 0.758517 0.034772 0.009376 0.000404 0.196932
0 0 0.958895 0.014303 0.012490 0.000028 0.014283
0 0 0.776989 0.048145 0.008480 0.001133 0.165253
0 0 0.792812 0.043777 0.010113 0.001421 0.151879
0 0 0.923025 0.021403 0.008513 0.000162 0.046898
0 0 0.945142 0.016743 0.007586 0.000068 0.030462
0 0 0.889396 0.017905 0.003584 0.000066 0.089049
0 0 0.932026 0.018213 0.007083 0.000075 0.042603
0 0 0.949671 0.015491 0.006917 0.000053 0.027868
0 0 0.942704 0.016395 0.006174 0.000070 0.034656
0 0 0.964692 0.012316 0.008208 0.000021 0.014763
0 0 0.960645 0.008611 0.003311 0.000002 0.027432
0 0 0.964995 0.010711 0.007313 0.000005 0.016976
0 0 0.971933 0.007191 0.001962 0.000004 0.018910
0 0 0.962467 0.011115 0.003819 0.000021 0.022578
0 0 0.909940 0.011688 0.001021 0.000058 0.077293
0 0 0.971104 0.007526 0.001480 0.000007 0.019883
0 0 0.896366 0.018709 0.002576 0.000126 0.082222
0 0 0.962921 0.012960 0.010075 0.000021 0.014023
0 0 0.962418 0.012883 0.011342 0.000029 0.013328
0 0 0.961137 0.011967 0.004711 0.000025 0.022160
0 0 0.648796 0.019447 0.003332 0.000012 0.328413
0 0 0.804371 0.011581 0.001411 0.000003 0.182634
0 0 0.870597 0.011388 0.002315 0.000002 0.115699
0 0 0.932179 0.009624 0.002169 0.000002 0.056026
0 0 0.853235 0.022033 0.007629 0.000029 0.117074
0 0 0.950716 0.009707 0.001968 0.000010 0.037599
0 0 0.821002 0.016175 0.001564 0.000040 0.161219
0 0 0.946752 0.014044 0.004112 0.000049 0.035043
0 0 0.938095 0.009581 0.001000 0.000027 0.051298
0 0 0.945681 0.008500 0.001005 0.000012 0.044803
0 0 0.937959 0.009413 0.000944 0.000026 0.051657
0 0 0.888869 0.015940 0.001804 0.000138 0.093249
0 0 0.934643 0.007568 0.000481 0.000017 0.057291
0 0 0.933820 0.012887 0.002178 0.000049 0.051065
0 0 0.936106 0.010768 0.001324 0.000035 0.051766
0 0 0.883706 0.016496 0.001863 0.000155 0.097779
0 0 0.895336 0.014316 0.001454 0.000103 0.088792
0 0 0.936817 0.014615 0.003378 0.000065 0.045126
0 0 0.869743 0.025117 0.005651 0.000355 0.099133
0 0 0.858687 0.021416 0.002953 0.000331 0.116614
0 0 0.865511 0.020045 0.002626 0.000273 0.111544
0 0 0.895301 0.014709 0.001567 0.000110 0.088314
0 0 0.859572 0.021237 0.002909 0.000323 0.115959
0 0 0.911757 0.011370 0.000973 0.000054 0.075847
0 0 0.868677 0.023950 0.004555 0.000384 0.102434
0 0 0.735063 0.056691 0.049930 0.000711 0.157604
0 0 0.687601 0.105110 0.044154 0.001763 0.161372
0 1 0.718449 0.185167 0.015175 0.000039 0.081169
0 1 0.630488 0.229763 0.010913 0.000060 0.128776
0 1 0.534818 0.277405 0.022958 0.000334 0.164485
1 1 0.135002 0.612949 0.194627 0.000972 0.056450
1 2 0.058951 0.577239 0.240460 0.001333 0.122018
1 2 0.064579 0.607838 0.163263 0.000389 0.163931
1 2 0.063934 0.542208 0.240145 0.000189 0.153524
1 1 0.043213 0.484492 0.207232 0.001522 0.263541
1 2 0.048452 0.491677 0.249403 0.002799 0.207669
1 4 0.042535 0.535700 0.240773 0.001166 0.179825
1 4 0.069132 0.483954 0.303432 0.002205 0.141277
1 4 0.051681 0.436099 0.361823 0.011883 0.138513
1 4 0.075025 0.445769 0.154900 0.000407 0.323900
1 4 0.260784 0.475278 0.067702 0.000026 0.196209
1 4 0.097046 0.441448 0.089792 0.000640 0.371074
1 4 0.159101 0.419529 0.051536 0.000027 0.369807
1 4 0.114188 0.440957 0.072092 0.000348 0.372416
4 0 0.148505 0.341417 0.161836 0.000359 0.347882
4 4 0.270958 0.256293 0.057302 0.000466 0.414981
1 4 0.153869 0.458587 0.095371 0.001775 0.290398
1 1 0.363439 0.440055 0.057118 0.000400 0.138987
1 1 0.191678 0.524721 0.104723 0.004196 0.174683
1 4 0.374774 0.455705 0.069694 0.000351 0.099476
4 1 0.105415 0.148038 0.051439 0.000620 0.694489
1 1 0.333885 0.384428 0.100824 0.000227 0.180637
1 1 0.228047 0.418618 0.049800 0.000313 0.303222
1 1 0.226200 0.405289 0.046072 0.000232 0.322207
1 4 0.287401 0.460798 0.069767 0.002284 0.179749
4 1 0.263217 0.268334 0.048552 0.000673 0.419224
0 1 0.505306 0.234887 0.063440 0.000648 0.195720
0 1 0.473196 0.244618 0.049344 0.000290 0.232553
0 4 0.307790 0.216383 0.246845 0.003838 0.225144
0 4 0.369314 0.355963 0.029129 0.000157 0.245436
4 4 0.142411 0.287235 0.036453 0.000026 0.533876
4 4 0.157709 0.264932 0.043061 0.000023 0.534276
4 4 0.176922 0.323210 0.028149 0.000019 0.471700
1 4 0.309083 0.389644 0.046015 0.000066 0.255192
1 4 0.230128 0.360600 0.070331 0.000414 0.338526
1 4 0.200393 0.423281 0.124387 0.000156 0.251783
1 4 0.161160 0.394773 0.106867 0.002541 0.334658
1 4 0.123596 0.541281 0.080642 0.000169 0.254312
1 4 0.143396 0.545579 0.102873 0.000144 0.208008
1 4 0.134976 0.436461 0.081526 0.000109 0.346927
1 4 0.169735 0.559357 0.104730 0.000107 0.166071
1 4 0.164669 0.496717 0.119476 0.000077 0.219061
1 4 0.285069 0.503296 0.090197 0.000016 0.121423
1 4 0.166298 0.481869 0.075121 0.000033 0.276679
1 4 0.141571 0.570444 0.146271 0.000486 0.141228
1 4 0.041247 0.561985 0.302723 0.000503 0.093543
1 4 0.047525 0.538717 0.239166 0.000474 0.174118
1 4 0.041283 0.589470 0.290260 0.000143 0.078844
1 2 0.027413 0.450650 0.399800 0.001127 0.121010
2 2 0.008627 0.072341 0.902811 0.000876 0.015344
2 2 0.001313 0.040336 0.957026 0.000454 0.000870
2 2 0.001311 0.037100 0.959436 0.000154 0.002000
2 2 0.000448 0.015854 0.981733 0.001381 0.000584
2 2 0.000616 0.024107 0.973166 0.001026 0.001086
2 2 0.000676 0.019248 0.976622 0.002541 0.000914
2 2 0.002965 0.036270 0.957484 0.001430 0.001851
2 1 0.002997 0.052771 0.935208 0.006491 0.002532
2 2 0.011870 0.130546 0.847427 0.007471 0.002685
2 2 0.010633 0.125680 0.857932 0.002057 0.003698
2 1 0.048645 0.255053 0.690785 0.000897 0.004619
2 2 0.062310 0.309374 0.607282 0.001798 0.019237
2 2 0.005053 0.073520 0.906600 0.011641 0.003186
2 2 0.002087 0.033029 0.956718 0.006623 0.001543
2 2 0.001647 0.018175 0.926602 0.051403 0.002174
2 2 0.001396 0.020590 0.970556 0.005829 0.001629
2 2 0.002273 0.014842 0.850225 0.132207 0.000452
2 2 0.009122 0.043429 0.796747 0.148685 0.002018
2 2 0.001988 0.016417 0.913479 0.067433 0.000683
2 2 0.003551 0.018310 0.862781 0.114891 0.000468
2 2 0.003088 0.013105 0.730656 0.252707 0.000443
2 3 0.006369 0.021917 0.722501 0.248644 0.000569
2 2 0.003592 0.011040 0.543537 0.441499 0.000333
2 3 0.001843 0.007482 0.751459 0.239015 0.000201
2 3 0.004402 0.010815 0.615918 0.368603 0.000263
2 3 0.002483 0.009043 0.538296 0.449855 0.000324
2 3 0.005213 0.016954 0.512867 0.464419 0.000548
2 3 0.004778 0.016528 0.740821 0.237565 0.000308
2 3 0.003347 0.009130 0.504091 0.483209 0.000223
3 2 0.002637 0.005836 0.437397 0.553986 0.000144
3 3 0.002619 0.005321 0.417142 0.574778 0.000140
3 3 0.005737 0.016449 0.369702 0.607278 0.000834
3 3 0.008818 0.032160 0.461978 0.495353 0.001692
2 2 0.002686 0.006319 0.566570 0.424257 0.000169
2 2 0.007342 0.018759 0.531417 0.441703 0.000779
3 2 0.006723 0.021474 0.447649 0.523174 0.000979
3 2 0.005852 0.014411 0.354880 0.624063 0.000794
3 3 0.009150 0.033588 0.473353 0.482053 0.001857
3 2 0.011816 0.042532 0.451245 0.491557 0.002851
3 2 0.009613 0.033366 0.440831 0.514204 0.001986
2 2 0.013860 0.051531 0.637822 0.294255 0.002533
2 3 0.009977 0.033756 0.561423 0.393276 0.001569
3 2 0.002569 0.005216 0.282037 0.709975 0.000203
2 2 0.004850 0.014731 0.490587 0.489352 0.000480
3 3 0.003455 0.010539 0.373436 0.612211 0.000359
3 3 0.004733 0.013522 0.425801 0.555433 0.000511
3 3 0.002094 0.005644 0.324209 0.667898 0.000156
3 3 0.001107 0.001777 0.185153 0.811905 0.000058
3 3 0.002114 0.005233 0.251364 0.741098 0.000192
3 3 0.001030 0.002364 0.221193 0.775355 0.000058
3 3 0.002685 0.006377 0.422951 0.567823 0.000164
3 3 0.002888 0.009112 0.324477 0.663210 0.000313
3 3 0.001483 0.003766 0.244562 0.750080 0.000108
3 3 0.000965 0.002375 0.121618 0.874943 0.000099
3 3 0.004548 0.013208 0.409511 0.572228 0.000504
3 3 0.001577 0.004885 0.219018 0.774360 0.000160
3 3 0.001773 0.004856 0.208167 0.785019 0.000186
3 3 0.004393 0.014702 0.347128 0.633139 0.000638
3 3 0.003385 0.011284 0.372531 0.612426 0.000374
2 3 0.008239 0.032414 0.574168 0.383936 0.001243
3 3 0.004664 0.014930 0.420974 0.558877 0.000555
3 3 0.004517 0.011680 0.234542 0.748457 0.000804
3 3 0.004490 0.015736 0.303592 0.675391 0.000791
3 3 0.002426 0.006137 0.142563 0.848438 0.000436
3 3 0.003794 0.012568 0.323022 0.660088 0.000528
3 3 0.004252 0.012185 0.243087 0.739714 0.000761
3 3 0.002710 0.008032 0.261220 0.727706 0.000332
3 3 0.001499 0.004090 0.215480 0.778797 0.000133
3 3 0.002024 0.005917 0.182051 0.809726 0.000282
3 3 0.001982 0.005024 0.251142 0.741678 0.000175
3 3 0.004370 0.013417 0.337826 0.643782 0.000605
3 3 0.002349 0.006963 0.228602 0.761791 0.000296
2 3 0.007289 0.031138 0.510044 0.450289 0.001239
3 3 0.001368 0.003767 0.172473 0.822249 0.000143
3 3 0.002805 0.008609 0.212572 0.775568 0.000446
3 3 0.000915 0.002417 0.114173 0.882393 0.000102
3 3 0.002604 0.006123 0.174466 0.816426 0.000380
3 3 0.005507 0.012983 0.393111 0.587783 0.000617
3 3 0.007230 0.027190 0.417542 0.546662 0.001375
3 3 0.006948 0.019249 0.402770 0.570001 0.001033
3 3 0.004696 0.010588 0.173011 0.810669 0.001037
3 3 0.001472 0.003225 0.099750 0.895325 0.000228
3 3 0.001938 0.004037 0.201442 0.792404 0.000178
3 3 0.001267 0.003671 0.111958 0.882906 0.000198
3 3 0.000994 0.002183 0.111650 0.885071 0.000103
3 3 0.000966 0.002028 0.155156 0.841782 0.000068
3 3 0.000995 0.002385 0.123502 0.873018 0.000101
3 3 0.001416 0.003474 0.110868 0.884031 0.000211
3 3 0.002221 0.006000 0.190417 0.801065 0.000297
3 3 0.001828 0.004681 0.163682 0.829575 0.000234
3 3 0.003157 0.008308 0.226197 0.761884 0.000453
3 3 0.007097 0.019347 0.284692 0.687344 0.001520
3 3 0.002620 0.005206 0.196243 0.795633 0.000297
3 3 0.002981 0.008528 0.139135 0.848646 0.000709
3 3 0.003758 0.010748 0.159710 0.824856 0.000929
3 3 0.003283 0.007513 0.143438 0.845091 0.000675
3 3 0.004715 0.012858 0.220330 0.761131 0.000965
3 3 0.001959 0.005086 0.192880 0.799848 0.000228
3 3 0.002017 0.004428 0.117298 0.875919 0.000338
3 3 0.001977 0.004448 0.100499 0.892690 0.000387
3 3 0.001260 0.002588 0.113564 0.882443 0.000145
3 3 0.000986 0.002409 0.071347 0.925087 0.000171
3 3 0.001911 0.004922 0.159609 0.833297 0.000261
3 3 0.000563 0.000845 0.040789 0.957731 0.000072
3 3 0.001291 0.002645 0.094626 0.901258 0.000180
3 3 0.002029 0.004400 0.192213 0.801149 0.000209
2 2 0.036157 0.182799 0.399736 0.353003 0.028304
2 2 0.046777 0.298649 0.483233 0.133781 0.037559
2 2 0.142826 0.388527 0.434804 0.004439 0.029404
2 2 0.086933 0.351991 0.508900 0.022218 0.029958
2 2 0.050757 0.251892 0.575241 0.098338 0.023772
1 0 0.083296 0.516239 0.340794 0.008502 0.051169
2 1 0.097044 0.394136 0.465223 0.007854 0.035743
1 1 0.086725 0.450141 0.399572 0.017672 0.045890
2 2 0.036960 0.350730 0.501634 0.047705 0.062971
2 2 0.010800 0.063275 0.899238 0.009409 0.017280
2 2 0.003207 0.041709 0.933502 0.013331 0.008250
2 2 0.011245 0.171150 0.770252 0.028944 0.018408
2 2 0.008099 0.130343 0.837888 0.006828 0.016842
2 1 0.003556 0.079129 0.901727 0.004140 0.011448
2 2 0.013825 0.265391 0.686689 0.003874 0.030221
2 2 0.011481 0.090858 0.872721 0.002049 0.022891
2 1 0.058307 0.395200 0.506162 0.005362 0.034969
2 1 0.022180 0.215291 0.732258 0.003872 0.026398
1 2 0.082249 0.456268 0.434973 0.002067 0.024444
1 2 0.056323 0.599670 0.313122 0.001533 0.029353
1 2 0.099155 0.486089 0.391666 0.001046 0.022044
2 2 0.015069 0.144977 0.791233 0.030011 0.018710
2 2 0.114368 0.387117 0.468481 0.004369 0.025665
1 2 0.088266 0.472036 0.401925 0.005449 0.032324
2 2 0.060358 0.382012 0.526182 0.007831 0.023617
2 2 0.077255 0.360886 0.494710 0.012274 0.054875
1 2 0.104228 0.461048 0.390072 0.006298 0.038354
2 2 0.047445 0.143205 0.765936 0.003885 0.039529
2 1 0.121343 0.257188 0.541459 0.010211 0.069800
1 1 0.225854 0.418702 0.290128 0.004483 0.060833
1 1 0.103483 0.535995 0.303837 0.005327 0.051358
1 2 0.121515 0.482118 0.344127 0.005755 0.046485
1 1 0.170018 0.552751 0.228634 0.000910 0.047688
1 1 0.137152 0.510190 0.299742 0.003094 0.049822
1 1 0.154806 0.577917 0.223869 0.000558 0.042850
1 1 0.083095 0.610727 0.198468 0.001749 0.105961
1 1 0.126809 0.596976 0.202002 0.001981 0.072232
1 1 0.108987 0.601543 0.212100 0.003148 0.074222
1 1 0.116139 0.578922 0.196625 0.001450 0.106864
1 2 0.187427 0.544934 0.185664 0.001199 0.080776
2 2 0.018053 0.223386 0.729413 0.004540 0.024609
2 2 0.013415 0.133752 0.833827 0.003799 0.015207
1 2 0.129826 0.565987 0.269921 0.000275 0.033991
1 2 0.064245 0.574670 0.318781 0.000812 0.041492
2 2 0.032297 0.265363 0.670674 0.000453 0.031212
1 2 0.108342 0.589040 0.226825 0.001503 0.074289
1 1 0.131975 0.415622 0.387957 0.000913 0.063532
1 1 0.145260 0.558034 0.236881 0.001731 0.058094
1 1 0.249567 0.447797 0.183228 0.001147 0.118261
1 1 0.124065 0.573832 0.251355 0.001803 0.048945
1 1 0.109441 0.548852 0.286024 0.003513 0.052170
1 1 0.120174 0.461951 0.361891 0.006951 0.049034
1 2 0.106604 0.542999 0.301512 0.002811 0.046073
1 2 0.114001 0.584583 0.229032 0.003449 0.068935
1 2 0.153386 0.581760 0.208947 0.000950 0.054957
1 2 0.115809 0.616599 0.136799 0.000127 0.130666
1 2 0.130922 0.611414 0.162367 0.000642 0.094654
1 2 0.131658 0.619819 0.153320 0.000236 0.094968
1 2 0.158164 0.618580 0.100411 0.000274 0.122570
1 2 0.141082 0.561395 0.161659 0.000131 0.135734
1 2 0.107537 0.621018 0.189161 0.000574 0.081710
1 2 0.133024 0.616968 0.144381 0.000143 0.105484
1 2 0.084830 0.556156 0.228410 0.001197 0.129406
1 2 0.076169 0.483486 0.308245 0.000277 0.131823
1 0 0.273537 0.465317 0.211409 0.000154 0.049583
0 1 0.519764 0.198357 0.129279 0.005104 0.147496
1 1 0.276200 0.423119 0.068040 0.001752 0.230889
1 1 0.275243 0.433584 0.087689 0.005123 0.198360
1 2 0.214236 0.489129 0.106917 0.006421 0.183297
1 2 0.252344 0.481096 0.083367 0.003361 0.179833
1 2 0.177974 0.529473 0.146947 0.007392 0.138215
1 2 0.139757 0.465724 0.220266 0.033170 0.141082
1 2 0.199828 0.524873 0.111159 0.004578 0.159563
1 0 0.224779 0.502384 0.095114 0.004097 0.173625
0 0 0.514202 0.237954 0.192644 0.000886 0.054314
0 1 0.488911 0.201191 0.228964 0.006923 0.074011
0 1 0.517341 0.257407 0.177028 0.001443 0.046781
0 1 0.412444 0.365188 0.145150 0.001424 0.075794
1 1 0.302937 0.401290 0.228810 0.003850 0.063112
1 1 0.162832 0.501657 0.225001 0.013758 0.096753
1 1 0.119214 0.620577 0.160000 0.001177 0.099031
1 1 0.113423 0.575001 0.184626 0.000639 0.126311
1 1 0.114929 0.599086 0.168453 0.001144 0.116387
1 1 0.188303 0.553143 0.168024 0.000514 0.090015
1 1 0.098828 0.552034 0.166757 0.000632 0.181749
1 1 0.176260 0.533774 0.249216 0.000552 0.040198
1 1 0.142249 0.599002 0.203157 0.000308 0.055285
1 1 0.125009 0.489540 0.328424 0.001055 0.055973
2 1 0.062057 0.352513 0.543966 0.002558 0.038906
1 1 0.059465 0.612693 0.225468 0.000643 0.101730
2 0 0.106757 0.356470 0.424684 0.007297 0.104791
2 1 0.306184 0.286920 0.370523 0.002435 0.033939
1 1 0.217127 0.436898 0.304695 0.001502 0.039778
1 1 0.100078 0.438861 0.330097 0.048340 0.082624
1 1 0.134914 0.530772 0.257840 0.006291 0.070183
1 2 0.043856 0.494883 0.330224 0.000828 0.130208
2 2 0.028136 0.259681 0.618944 0.000285 0.092955
1 2 0.046431 0.434279 0.406110 0.000368 0.112812
1 2 0.060673 0.508601 0.317398 0.000714 0.112615
1 2 0.046418 0.541882 0.306788 0.000439 0.104474
1 2 0.057912 0.560446 0.303094 0.000125 0.078424
1 2 0.038153 0.527604 0.353670 0.000555 0.080018
2 2 0.007319 0.118048 0.841669 0.000388 0.032576
2 2 0.046345 0.424149 0.481325 0.000889 0.047291
1 2 0.035107 0.456772 0.419857 0.000722 0.087542
1 2 0.073087 0.464147 0.409851 0.009698 0.043217
1 2 0.082577 0.467397 0.373033 0.009511 0.067481
1 2 0.095094 0.541360 0.231065 0.001922 0.130559
1 2 0.076243 0.510488 0.336058 0.011993 0.065218
2 2 0.063202 0.374192 0.524929 0.003695 0.033981
2 2 0.135807 0.148975 0.631520 0.014061 0.069637
2 2 0.123409 0.167498 0.568822 0.004784 0.135487
2 0 0.221244 0.236014 0.391931 0.044642 0.106169
0 0 0.499196 0.268029 0.155036 0.001508 0.076232
0 0 0.661966 0.103407 0.181352 0.002670 0.050605
0 0 0.957112 0.014541 0.009226 0.000036 0.019086
0 0 0.861936 0.030643 0.006953 0.000006 0.100463
0 0 0.969677 0.010394 0.006665 0.000010 0.013255
0 0 0.973210 0.007904 0.002324 0.000008 0.016555
0 0 0.975678 0.006123 0.001177 0.000005 0.017018
0 0 0.624905 0.161679 0.026789 0.001340 0.185287
0 0 0.645386 0.221377 0.019149 0.000114 0.113973
0 0 0.759573 0.145029 0.013414 0.000049 0.081934
0 0 0.783305 0.060689 0.053067 0.000363 0.102576
0 0 0.660025 0.074755 0.059351 0.003442 0.202426
0 0 0.413600 0.299383 0.156804 0.000169 0.130045
1 1 0.184175 0.589896 0.080625 0.001437 0.143867
1 1 0.196155 0.476869 0.056805 0.000200 0.269970
1 1 0.171836 0.419775 0.051411 0.000056 0.356922
1 1 0.140515 0.504634 0.070491 0.000109 0.284251
1 1 0.097270 0.572106 0.137976 0.000787 0.191861
1 1 0.093201 0.578487 0.144467 0.000675 0.183170
1 1 0.115748 0.512131 0.107312 0.000165 0.264644
1 4 0.149861 0.558683 0.081236 0.000052 0.210168
1 4 0.054789 0.438726 0.210653 0.010657 0.285174
1 4 0.327688 0.390794 0.059251 0.001689 0.220577
0 4 0.343049 0.270168 0.055741 0.000919 0.330124
1 4 0.332752 0.366806 0.059261 0.001808 0.239373
0 4 0.372880 0.270373 0.079931 0.001169 0.275647
0 4 0.363981 0.345094 0.041058 0.000578 0.249289
0 4 0.494138 0.197117 0.021252 0.000254 0.287239
4 4 0.336446 0.108469 0.036551 0.002385 0.516149
0 4 0.451744 0.223542 0.019503 0.000111 0.305100
4 4 0.342710 0.103867 0.019585 0.000263 0.533576
4 4 0.271501 0.129114 0.031790 0.000623 0.566972
0 4 0.494530 0.207913 0.008066 0.000006 0.289485
0 4 0.463001 0.236602 0.012129 0.000019 0.288250
4 4 0.356149 0.091801 0.045435 0.000841 0.505774
0 4 0.478411 0.101071 0.043433 0.000504 0.376581
4 4 0.256037 0.153906 0.016989 0.000037 0.573032
4 4 0.082700 0.251451 0.097530 0.000630 0.567688
1 4 0.124060 0.461442 0.073407 0.000413 0.340678
1 4 0.135008 0.355924 0.175809 0.001380 0.331879
1 1 0.253439 0.427929 0.038820 0.000041 0.279771
1 1 0.301325 0.354731 0.041247 0.000012 0.302685
1 1 0.089241 0.481242 0.150151 0.000007 0.279358
1 1 0.061350 0.502329 0.176999 0.000067 0.259255
1 1 0.077428 0.582503 0.144978 0.000007 0.195084
1 1 0.092729 0.553677 0.157829 0.000003 0.195762
1 1 0.147342 0.579751 0.144790 0.000008 0.128109
1 1 0.042246 0.479228 0.166510 0.000093 0.311924
1 1 0.087327 0.587212 0.143713 0.000007 0.181741
1 1 0.055120 0.501069 0.179619 0.000058 0.264134
1 1 0.070234 0.517970 0.247710 0.000213 0.163873
1 1 0.050292 0.542782 0.245260 0.000594 0.161071
1 1 0.107060 0.636543 0.134739 0.000022 0.121635
1 1 0.104337 0.486148 0.100181 0.000008 0.309327
1 1 0.060950 0.475444 0.141432 0.000034 0.322141
1 1 0.134502 0.552852 0.104987 0.000008 0.207651
1 1 0.168044 0.613591 0.128666 0.000021 0.089678
1 0 0.298746 0.549033 0.076263 0.000028 0.075930
1 0 0.275443 0.416819 0.256137 0.001118 0.050483
1 1 0.308224 0.524623 0.122087 0.000111 0.044955
1 1 0.174082 0.554898 0.112363 0.000623 0.158033
1 1 0.260989 0.514329 0.135491 0.000232 0.088960
1 1 0.113372 0.607079 0.177791 0.000262 0.101496
1 1 0.142044 0.548210 0.124908 0.000095 0.184742
1 1 0.099220 0.566309 0.195509 0.000169 0.138793
1 1 0.151064 0.600698 0.142614 0.000138 0.105486
1 1 0.123836 0.506979 0.128288 0.000720 0.240176
1 1 0.103878 0.559742 0.102800 0.000213 0.233367
1 1 0.112390 0.608234 0.129246 0.000270 0.149861
1 1 0.259437 0.558303 0.088693 0.000039 0.093528
1 1 0.228856 0.563896 0.088446 0.000028 0.118774
1 1 0.211740 0.556342 0.130732 0.000045 0.101141
1 2 0.131352 0.607579 0.202682 0.000896 0.057491
1 1 0.112510 0.520419 0.274774 0.000330 0.091967
1 2 0.109484 0.541953 0.219295 0.000129 0.129139
1 2 0.117428 0.533662 0.229282 0.000104 0.119524
2 1 0.076122 0.385486 0.492470 0.002702 0.043219
2 2 0.078614 0.432057 0.438385 0.000142 0.050803
1 2 0.083647 0.556863 0.314660 0.000128 0.044702
2 2 0.074942 0.334843 0.556445 0.000244 0.033527
1 2 0.083136 0.421830 0.417369 0.000073 0.077592
2 2 0.050994 0.327595 0.556784 0.000059 0.064569
2 0 0.023328 0.080411 0.875575 0.000151 0.020535
1 0 0.188460 0.385495 0.365799 0.000108 0.060138
1 1 0.216422 0.548789 0.205771 0.000120 0.028898
1 0 0.148065 0.592804 0.198060 0.000366 0.060705
1 0 0.192524 0.385190 0.367944 0.001301 0.053042
1 1 0.322421 0.530872 0.077461 0.000074 0.069171
1 1 0.291067 0.520879 0.066348 0.000129 0.121577
1 1 0.181285 0.553833 0.074627 0.000977 0.189277
1 0 0.221938 0.550909 0.106035 0.000504 0.120614
1 0 0.267131 0.404507 0.184537 0.000082 0.143742
0 1 0.478732 0.281281 0.172202 0.001122 0.066663
1 1 0.380796 0.436498 0.123986 0.000243 0.058477
1 1 0.231333 0.555366 0.128650 0.000807 0.083844
1 2 0.201390 0.549454 0.134497 0.002285 0.112374
1 2 0.228513 0.517012 0.089921 0.002458 0.162096
0 0 0.484561 0.349514 0.018260 0.000082 0.147583
0 0 0.575771 0.264110 0.031414 0.000137 0.128567
0 0 0.400023 0.108011 0.161563 0.001360 0.329042
4 0 0.327430 0.229758 0.075392 0.002016 0.365404
0 1 0.532269 0.263012 0.046519 0.001060 0.157140
1 1 0.221597 0.496829 0.213897 0.002422 0.065255
1 1 0.208008 0.512666 0.218778 0.002002 0.058546
1 1 0.171270 0.550943 0.125568 0.000952 0.151267
1 0 0.175191 0.575085 0.174431 0.001307 0.073986
0 0 0.369459 0.244038 0.288154 0.001710 0.096640
0 0 0.819722 0.060315 0.009114 0.000271 0.110578
0 0 0.878972 0.046019 0.009515 0.000114 0.065380
0 0 0.879044 0.034352 0.020546 0.000530 0.065528
0 0 0.913582 0.032523 0.009720 0.000078 0.044097
0 0 0.806886 0.073963 0.022019 0.000566 0.096566
0 0 0.517973 0.186858 0.111031 0.005306 0.178832
0 0 0.549056 0.312855 0.026494 0.000118 0.111477
0 0 0.603878 0.248332 0.047294 0.000319 0.100178
0 0 0.615296 0.201497 0.054661 0.001101 0.127445
0 0 0.690101 0.190325 0.024922 0.000132 0.094520
1 1 0.163784 0.508251 0.295126 0.000637 0.032201
1 1 0.101448 0.541164 0.317483 0.002024 0.037881
1 1 0.097966 0.593306 0.265878 0.001205 0.041645
1 1 0.143783 0.584616 0.230516 0.000547 0.040538
1 1 0.088947 0.576514 0.260208 0.002696 0.071636
1 1 0.063603 0.594285 0.247221 0.001503 0.093388
1 1 0.034182 0.506236 0.374795 0.004615 0.080172
1 2 0.071760 0.554774 0.267248 0.000365 0.105853
1 2 0.049557 0.506283 0.289507 0.002821 0.151831
2 2 0.028074 0.210415 0.682458 0.001517 0.077538
2 2 0.015582 0.279442 0.661830 0.003773 0.039373
2 2 0.021782 0.180208 0.767466 0.001944 0.028599
2 1 0.058554 0.415178 0.496440 0.001531 0.028296
1 1 0.087451 0.475211 0.413066 0.001159 0.023113
2 2 0.040704 0.303702 0.638801 0.000503 0.016291
1 0 0.075260 0.455440 0.356248 0.000847 0.112205
1 1 0.210729 0.439895 0.309273 0.000845 0.039258
1 1 0.108939 0.577176 0.224597 0.003073 0.086214
1 1 0.140764 0.550826 0.168183 0.001581 0.138646
1 1 0.097683 0.487873 0.346170 0.002684 0.065591
2 1 0.262596 0.250466 0.394616 0.002093 0.090229
1 1 0.301912 0.385835 0.264985 0.001236 0.046031
1 1 0.189191 0.448698 0.294964 0.006056 0.061091
1 1 0.162068 0.557298 0.143366 0.005042 0.132227
1 1 0.172771 0.494051 0.245408 0.007659 0.080111
1 1 0.125273 0.563033 0.233811 0.004291 0.073591
1 1 0.236857 0.473628 0.171827 0.005412 0.112277
1 0 0.337826 0.367946 0.254917 0.000643 0.038667
1 1 0.293816 0.410687 0.231938 0.002109 0.061450
1 1 0.203825 0.539841 0.179641 0.001328 0.075366
1 1 0.117322 0.556500 0.306693 0.000134 0.019351
2 1 0.022682 0.321887 0.612692 0.005443 0.037297
2 2 0.017891 0.183381 0.781823 0.000617 0.016289
2 2 0.008912 0.071482 0.907248 0.000258 0.012100
2 2 0.009573 0.070628 0.907279 0.000314 0.012206
2 2 0.000525 0.039675 0.957677 0.000131 0.001992
2 2 0.000611 0.048894 0.947954 0.000083 0.002458
2 2 0.000377 0.013582 0.984643 0.000520 0.000878
2 2 0.000429 0.013931 0.984844 0.000023 0.000773
2 2 0.000583 0.048054 0.948825 0.000065 0.002472
2 2 0.006960 0.154669 0.827573 0.000222 0.010576
2 2 0.003144 0.088605 0.901442 0.000342 0.006466
2 2 0.004395 0.103437 0.883219 0.000647 0.008303
2 2 0.002452 0.081587 0.909736 0.000073 0.006152
2 2 0.004615 0.077728 0.912492 0.000093 0.005073
2 2 0.002777 0.055500 0.938089 0.000322 0.003313
2 2 0.003527 0.078689 0.908895 0.004832 0.004056
2 2 0.004251 0.056243 0.936088 0.000690 0.002728
2 2 0.006116 0.050662 0.939980 0.000276 0.002966
2 2 0.007488 0.098669 0.884816 0.003458 0.005569
2 2 0.095503 0.403616 0.429484 0.016557 0.054840
2 2 0.077509 0.414162 0.453769 0.012927 0.041633
1 0 0.198328 0.390148 0.369208 0.003621 0.038695
2 0 0.321135 0.261460 0.386804 0.001715 0.028887
1 2 0.132404 0.557580 0.249546 0.002151 0.058320
2 2 0.011572 0.254082 0.719578 0.003290 0.011478
2 2 0.014685 0.185613 0.786032 0.002483 0.011187
2 2 0.005427 0.121693 0.862136 0.002451 0.008294
2 2 0.003803 0.039304 0.952348 0.000751 0.003794
2 2 0.003006 0.064625 0.921941 0.005762 0.004666
2 2 0.001444 0.056871 0.937252 0.000344 0.004090
2 2 0.004096 0.123233 0.860470 0.000554 0.011647
2 1 0.004051 0.121369 0.865740 0.000135 0.008705
2 2 0.002251 0.100077 0.890302 0.000386 0.006984
2 2 0.002970 0.052182 0.940368 0.000539 0.003941
2 2 0.005659 0.108072 0.874818 0.005054 0.006397
2 2 0.003013 0.052759 0.933292 0.004939 0.005997
2 2 0.008905 0.186281 0.781048 0.007451 0.016315
2 2 0.003853 0.099443 0.879919 0.007100 0.009686
2 2 0.006076 0.131851 0.848692 0.001768 0.011613
2 2 0.002619 0.045971 0.944033 0.004597 0.002780
2 2 0.003144 0.060353 0.924161 0.009035 0.003307
2 2 0.010502 0.112123 0.834167 0.035343 0.007865
2 2 0.001503 0.030995 0.964420 0.001211 0.001872
2 2 0.004144 0.061769 0.929591 0.000862 0.003635
2 2 0.010003 0.187522 0.788160 0.005569 0.008747
2 2 0.002420 0.040760 0.942882 0.011824 0.002114
2 2 0.001914 0.041600 0.947584 0.007296 0.001606
2 2 0.000735 0.014178 0.981426 0.002990 0.000671
2 2 0.013987 0.148042 0.801671 0.027812 0.008488
2 2 0.008021 0.079906 0.878344 0.028614 0.005115
2 2 0.003103 0.036793 0.953562 0.004609 0.001932
2 2 0.012898 0.110620 0.857458 0.014423 0.004601
2 2 0.002450 0.044962 0.948579 0.001213 0.002797
2 2 0.006210 0.122902 0.859704 0.005263 0.005920
2 2 0.007907 0.124027 0.852629 0.008082 0.007355
2 2 0.007796 0.095824 0.886674 0.003299 0.006407
2 2 0.003739 0.039951 0.952694 0.000804 0.002812
2 2 0.001924 0.027236 0.965232 0.003590 0.002017
2 2 0.008439 0.076972 0.891434 0.018602 0.004553
2 2 0.011100 0.131654 0.825345 0.022198 0.009703
2 2 0.013862 0.135999 0.816565 0.024624 0.008949
2 2 0.006445 0.055771 0.903302 0.030885 0.003597
2 2 0.039906 0.285310 0.643006 0.017176 0.014601
2 2 0.021239 0.163929 0.765042 0.041595 0.008194
2 2 0.030439 0.149107 0.790411 0.020473 0.009570
2 2 0.010988 0.067948 0.903876 0.010576 0.006612
2 2 0.017357 0.110432 0.830529 0.034911 0.006771
2 2 0.012957 0.074910 0.880263 0.027406 0.004463
2 2 0.017954 0.125957 0.838351 0.010365 0.007372
2 2 0.010900 0.102654 0.863814 0.019544 0.003089
2 2 0.006034 0.050714 0.896513 0.044427 0.002312
2 2 0.010666 0.078875 0.862168 0.045671 0.002620
2 1 0.012405 0.098066 0.845969 0.040084 0.003476
2 1 0.024005 0.229650 0.724446 0.014564 0.007335
2 1 0.003397 0.057249 0.932052 0.003686 0.003616
2 2 0.013284 0.149600 0.826732 0.000845 0.009539
2 2 0.010397 0.146041 0.816191 0.015850 0.011521
2 2 0.007107 0.135114 0.842640 0.005357 0.009782
2 2 0.004703 0.079195 0.893349 0.015554 0.007198
2 2 0.016118 0.210013 0.739304 0.020703 0.013861
2 2 0.004352 0.091546 0.893529 0.004174 0.006400
2 2 0.012403 0.147712 0.816399 0.014756 0.008730
2 2 0.007909 0.102694 0.880034 0.001782 0.007582
2 2 0.012228 0.109512 0.845254 0.027509 0.005497
2 2 0.036991 0.212450 0.702886 0.036974 0.010700
2 2 0.025937 0.142386 0.782555 0.042690 0.006432
2 2 0.020369 0.126083 0.753893 0.092420 0.007235
2 2 0.018258 0.067125 0.800233 0.111105 0.003279
2 2 0.022652 0.138883 0.752158 0.078254 0.008053
2 2 0.030983 0.122823 0.737559 0.101337 0.007297
2 2 0.024062 0.125579 0.742731 0.101373 0.006255
2 2 0.031655 0.185880 0.649858 0.119530 0.013077
2 2 0.023841 0.124859 0.712824 0.131729 0.006749
2 2 0.033277 0.105231 0.741898 0.112641 0.006953
2 2 0.081539 0.360275 0.469074 0.037799 0.051313
1 2 0.166767 0.489933 0.269419 0.006009 0.067873
2 0 0.062942 0.203535 0.628308 0.077347 0.027868
2 0 0.290801 0.308064 0.369702 0.001291 0.030142
0 1 0.345191 0.327541 0.246674 0.004917 0.075677
1 2 0.150812 0.411496 0.316739 0.000808 0.120145
1 2 0.192354 0.563398 0.174111 0.000546 0.069590
1 2 0.110814 0.580498 0.153599 0.002767 0.152322
1 2 0.158309 0.554842 0.168001 0.001083 0.117765
1 2 0.153756 0.471553 0.149663 0.001088 0.223940
2 2 0.055306 0.324357 0.555840 0.002189 0.062308
1 2 0.088245 0.556478 0.252750 0.000583 0.101943
1 2 0.051179 0.542323 0.295159 0.000934 0.110405
1 2 0.146542 0.556706 0.241813 0.000845 0.054094
1 2 0.089364 0.606959 0.223820 0.000758 0.079099
2 2 0.046086 0.242354 0.665783 0.009564 0.036213
2 2 0.046251 0.315614 0.546672 0.001943 0.089521
1 2 0.068264 0.522675 0.265706 0.000363 0.142991
1 2 0.065008 0.503765 0.336763 0.000678 0.093787
1 2 0.065633 0.496264 0.372297 0.000599 0.065207
2 2 0.053087 0.288415 0.563259 0.001832 0.093408
1 2 0.096643 0.583717 0.171560 0.000151 0.147928
1 2 0.107471 0.569392 0.148050 0.000100 0.174987
1 2 0.062133 0.549821 0.229501 0.000683 0.157861
1 1 0.101267 0.525191 0.193860 0.000206 0.179475
1 1 0.142443 0.552827 0.244302 0.000299 0.060128
1 2 0.063200 0.582274 0.227419 0.000648 0.126460
1 1 0.060954 0.572003 0.246039 0.000184 0.120819
1 1 0.100204 0.567347 0.243390 0.000196 0.088864
1 1 0.086305 0.622207 0.205912 0.000071 0.085505
1 2 0.153898 0.613026 0.133119 0.000373 0.099584
1 2 0.185607 0.405879 0.171341 0.000070 0.237102
1 2 0.137616 0.512701 0.177330 0.000621 0.171732
1 2 0.129124 0.571937 0.098270 0.000099 0.200570
1 2 0.217364 0.576769 0.085176 0.000217 0.120473
1 2 0.196066 0.565479 0.138462 0.001662 0.098331
1 2 0.250367 0.536584 0.110387 0.000995 0.101666
1 2 0.158233 0.576340 0.144212 0.003633 0.117581
1 2 0.287043 0.425543 0.143887 0.000778 0.142749
1 2 0.172633 0.508234 0.122553 0.002100 0.194479
1 2 0.306073 0.472771 0.118591 0.001086 0.101479
1 0 0.252705 0.538055 0.109411 0.000897 0.098932
0 1 0.380596 0.237253 0.291551 0.015614 0.074985
1 1 0.228480 0.520039 0.149114 0.001901 0.100466
1 1 0.239317 0.471257 0.205354 0.003050 0.081021
1 1 0.258325 0.568686 0.105814 0.000268 0.066906
1 1 0.248371 0.550472 0.091242 0.000118 0.109797
1 1 0.158695 0.587984 0.107301 0.000084 0.145937
1 1 0.153988 0.577409 0.090889 0.000134 0.177581
1 1 0.125132 0.544937 0.093338 0.000248 0.236344
1 2 0.185240 0.572018 0.126910 0.000485 0.115347
1 1 0.110300 0.518152 0.120823 0.001080 0.249645
1 1 0.177164 0.580956 0.171959 0.001025 0.068896
1 0 0.175900 0.560366 0.199479 0.001129 0.063126
1 4 0.298369 0.411123 0.253825 0.000357 0.036326
1 4 0.273653 0.486245 0.054982 0.000756 0.184364
1 4 0.148223 0.538309 0.087085 0.000677 0.225706
4 4 0.116696 0.216387 0.046260 0.000212 0.620446
1 4 0.227563 0.404473 0.093487 0.000460 0.274017
4 4 0.137412 0.275870 0.079851 0.000201 0.506666
4 4 0.429771 0.106702 0.018258 0.000320 0.444949
4 4 0.266720 0.136619 0.021007 0.000088 0.575566
4 4 0.268212 0.095897 0.022841 0.000348 0.612703
0 4 0.515605 0.078680 0.018527 0.000151 0.387037
4 4 0.311057 0.127031 0.019024 0.000123 0.542764
0 4 0.619727 0.172154 0.014199 0.000183 0.193737
0 4 0.600848 0.203405 0.020338 0.000497 0.174911
4 4 0.423157 0.087273 0.025905 0.001795 0.461870
4 4 0.396474 0.092172 0.021392 0.000188 0.489774
4 4 0.368549 0.193256 0.023400 0.000162 0.414633
0 4 0.672214 0.115377 0.008685 0.000085 0.203639
0 4 0.552217 0.043494 0.012315 0.000572 0.391402
4 4 0.340311 0.058824 0.015853 0.000446 0.584566
0 4 0.454012 0.081309 0.011528 0.000123 0.453028
4 4 0.391701 0.061977 0.020128 0.000514 0.525680
0 4 0.465412 0.110352 0.032677 0.003308 0.388250
0 4 0.650255 0.068098 0.032319 0.000596 0.248732
0 4 0.612808 0.092575 0.014900 0.000178 0.279539
4 4 0.422816 0.095118 0.009195 0.000017 0.472854
0 4 0.608010 0.163332 0.019751 0.000308 0.208599
4 4 0.326140 0.226308 0.010776 0.000005 0.436771
4 4 0.243504 0.162011 0.030372 0.000262 0.563851
4 4 0.270027 0.089542 0.009226 0.000014 0.631191
4 4 0.266596 0.051304 0.013196 0.000196 0.668709
4 4 0.286030 0.137562 0.051748 0.000459 0.524202
4 4 0.151582 0.196115 0.032621 0.000104 0.619579
4 4 0.175793 0.222319 0.022946 0.000027 0.578914
4 4 0.214588 0.216174 0.065896 0.000249 0.503093
0 4 0.372380 0.295446 0.013058 0.000009 0.319107
4 4 0.263834 0.289998 0.037906 0.000232 0.408031
4 4 0.205952 0.055214 0.022606 0.000796 0.715432
4 4 0.354903 0.072852 0.019485 0.000161 0.552599
4 4 0.274952 0.181980 0.021072 0.000065 0.521931
4 4 0.282141 0.169445 0.010782 0.000007 0.537626
4 4 0.281471 0.144212 0.012230 0.000015 0.562072
1 4 0.233272 0.467378 0.091947 0.000049 0.207354
1 4 0.137047 0.456449 0.115320 0.000372 0.290812
1 4 0.221286 0.474549 0.052955 0.000051 0.251159
1 4 0.136829 0.468207 0.101702 0.001840 0.291421
1 4 0.149185 0.412369 0.130482 0.001046 0.306918
4 4 0.347107 0.267280 0.022860 0.000073 0.362680
4 4 0.291513 0.253660 0.034420 0.000247 0.420159
0 4 0.520199 0.129564 0.074302 0.000663 0.275272
4 4 0.267195 0.090315 0.032675 0.001518 0.608297
0 4 0.514774 0.163799 0.014620 0.000099 0.306709
1 4 0.345437 0.387004 0.037451 0.000323 0.229784
4 4 0.192407 0.168343 0.063107 0.000403 0.575740
1 4 0.289967 0.352501 0.017751 0.000013 0.339769
4 4 0.167255 0.269984 0.015555 0.000004 0.547202
4 4 0.199771 0.230496 0.040714 0.000059 0.528960
4 4 0.378535 0.158135 0.010715 0.000014 0.452601
0 4 0.504977 0.216967 0.024969 0.000440 0.252647
4 4 0.409327 0.116530 0.029838 0.001109 0.443196
0 4 0.412493 0.239084 0.016301 0.000039 0.332083
4 4 0.348497 0.194862 0.021570 0.000103 0.434968
4 4 0.352139 0.133520 0.061920 0.000431 0.451989
0 4 0.496217 0.121185 0.010353 0.000044 0.372201
4 4 0.366354 0.184062 0.018955 0.000079 0.430549
4 4 0.290310 0.140937 0.011346 0.000013 0.557394
0 4 0.441155 0.158639 0.014707 0.000066 0.385433
1 4 0.262745 0.506787 0.053817 0.000016 0.176635
4 1 0.077839 0.269119 0.076944 0.000182 0.575916
1 1 0.323408 0.397187 0.051773 0.000020 0.227612
4 1 0.136471 0.385104 0.053485 0.000054 0.424885
4 1 0.166314 0.340228 0.039665 0.000035 0.453759
1 1 0.084049 0.439316 0.110244 0.000050 0.366341
1 1 0.084502 0.479061 0.078178 0.000039 0.358221
1 1 0.125901 0.516709 0.087929 0.000039 0.269421
1 1 0.192732 0.468901 0.167074 0.000006 0.171287
1 0 0.125416 0.504880 0.116375 0.000012 0.253318
1 1 0.167827 0.632439 0.112765 0.000060 0.086908
