0 0 0.870518 0.027035 0.025667 0.002809 0.073971
0 0 0.702252 0.048826 0.050983 0.008755 0.189183
0 0 0.605960 0.119534 0.043412 0.003191 0.227904
0 0 0.602296 0.202683 0.067152 0.013947 0.113923
0 0 0.543271 0.116561 0.070938 0.013382 0.255848
0 0 0.859668 0.056508 0.031912 0.004883 0.047029
0 0 0.565442 0.261504 0.066396 0.014131 0.092528
0 0 0.784863 0.121590 0.039828 0.006400 0.047319
0 0 0.424905 0.382246 0.071692 0.001107 0.120051
0 0 0.702247 0.152703 0.042189 0.004235 0.098626
0 0 0.490420 0.336597 0.117322 0.001689 0.053972
0 0 0.701039 0.228996 0.038645 0.001536 0.029784
0 0 0.708568 0.153417 0.071133 0.003045 0.063838
0 0 0.613522 0.275734 0.053629 0.003372 0.053744
1 1 0.396864 0.454807 0.097455 0.000679 0.050195
2 2 0.000049 0.028227 0.970554 0.000118 0.001053
2 2 0.000237 0.060839 0.937647 0.000029 0.001248
2 2 0.000584 0.068142 0.930063 0.000037 0.001174
2 2 0.000508 0.039171 0.959196 0.000279 0.000846
2 2 0.000502 0.064809 0.932943 0.000091 0.001655
2 2 0.000017 0.007338 0.992353 0.000195 0.000096
2 2 0.000035 0.004185 0.995681 0.000040 0.000059
2 2 0.000878 0.034401 0.964139 0.000016 0.000567
2 2 0.000045 0.014832 0.984826 0.000091 0.000205
2 2 0.000286 0.010611 0.988643 0.000108 0.000352
2 2 0.000092 0.007801 0.988453 0.003482 0.000171
2 2 0.000707 0.034030 0.964259 0.000253 0.000753
2 2 0.000062 0.015691 0.983947 0.000075 0.000225
2 2 0.000517 0.037359 0.961241 0.000059 0.000824
2 2 0.000706 0.066313 0.931519 0.000087 0.001375
1 1 0.242740 0.553928 0.192926 0.000021 0.010385
0 0 0.493089 0.356578 0.119685 0.001291 0.029358
1 0 0.371532 0.399866 0.162650 0.003520 0.062432
0 0 0.512184 0.345754 0.092685 0.001995 0.047382
0 0 0.539264 0.316858 0.109789 0.001976 0.032114
1 1 0.259484 0.434835 0.283861 0.000594 0.021227
2 2 0.005614 0.325278 0.613590 0.000286 0.055231
2 2 0.066512 0.278519 0.605669 0.000028 0.049272
2 4 0.098837 0.311257 0.548287 0.000465 0.041153
2 4 0.001535 0.221369 0.747078 0.000003 0.030015
4 4 0.015569 0.176952 0.375005 0.000006 0.432468
2 4 0.011948 0.200385 0.465241 0.000002 0.322424
2 4 0.012222 0.225357 0.446754 0.000001 0.315666
4 4 0.055235 0.211676 0.155462 0.000033 0.577594
4 4 0.058435 0.347322 0.205336 0.000091 0.388815
4 4 0.178391 0.232129 0.069521 0.001935 0.518024
4 4 0.027003 0.176634 0.212115 0.000007 0.584242
4 4 0.027479 0.254624 0.224519 0.000004 0.493373
1 4 0.189720 0.502994 0.072948 0.000026 0.234311
4 4 0.176194 0.256146 0.054281 0.000115 0.513263
4 4 0.081829 0.293586 0.085982 0.000001 0.538602
1 4 0.139730 0.425522 0.076133 0.000008 0.358607
0 4 0.486553 0.413262 0.042564 0.000055 0.057566
4 4 0.116035 0.317548 0.096771 0.000001 0.469644
4 4 0.181572 0.187004 0.081102 0.000090 0.550231
4 4 0.078548 0.323720 0.149811 0.000431 0.447490
4 4 0.084000 0.281282 0.179640 0.000094 0.454984
1 4 0.226369 0.574817 0.094365 0.000052 0.104397
1 4 0.049396 0.514906 0.168243 0.000124 0.267331
4 4 0.095407 0.323818 0.165290 0.000084 0.415401
4 4 0.084136 0.244956 0.085270 0.000311 0.585326
1 4 0.050188 0.444448 0.105698 0.000008 0.399658
4 4 0.048442 0.218212 0.077703 0.000144 0.655499
4 4 0.074555 0.264840 0.113046 0.000014 0.547544
4 4 0.038118 0.222010 0.253716 0.000011 0.486145
4 4 0.027520 0.145778 0.177727 0.000015 0.648961
4 4 0.230931 0.166498 0.087117 0.003481 0.511973
1 4 0.219254 0.604337 0.095989 0.000307 0.080113
1 4 0.226813 0.556638 0.087605 0.000946 0.127998
1 4 0.047914 0.643105 0.150651 0.000064 0.158266
1 4 0.035364 0.671353 0.168587 0.000009 0.124687
1 4 0.052310 0.500580 0.244180 0.000249 0.202680
4 4 0.228860 0.202260 0.066581 0.008893 0.493406
4 4 0.166978 0.245469 0.093428 0.003447 0.490678
1 4 0.017598 0.406956 0.248457 0.000001 0.326987
4 4 0.062286 0.371848 0.179789 0.000000 0.386076
4 4 0.108526 0.319382 0.067859 0.000018 0.504214
1 4 0.079094 0.463706 0.091803 0.000002 0.365394
4 4 0.021822 0.177183 0.275408 0.000018 0.525569
4 4 0.052731 0.072775 0.040630 0.000258 0.833606
1 4 0.153549 0.669062 0.096892 0.000078 0.080418
2 4 0.009852 0.296220 0.382395 0.000003 0.311530
2 4 0.007126 0.278572 0.390166 0.000022 0.324113
2 4 0.015781 0.133048 0.581578 0.000002 0.269591
1 4 0.094059 0.323022 0.273518 0.000003 0.309398
2 4 0.008782 0.422131 0.529443 0.000038 0.039606
2 4 0.018216 0.405652 0.545057 0.000008 0.031067
2 2 0.003686 0.232326 0.726186 0.000001 0.037800
2 2 0.008117 0.203178 0.755040 0.000009 0.033656
2 2 0.005521 0.104543 0.863449 0.000070 0.026416
2 2 0.000012 0.012111 0.987730 0.000021 0.000127
2 2 0.000088 0.029787 0.969912 0.000009 0.000204
2 2 0.000082 0.018588 0.981104 0.000027 0.000198
2 2 0.002348 0.037265 0.959501 0.000008 0.000877
2 2 0.002458 0.061885 0.934086 0.000020 0.001551
2 2 0.000017 0.009636 0.990224 0.000042 0.000082
2 2 0.000061 0.008463 0.990771 0.000613 0.000093
2 2 0.000014 0.003219 0.993786 0.002936 0.000045
2 2 0.000031 0.003985 0.989363 0.006555 0.000066
2 2 0.000101 0.006373 0.989823 0.003625 0.000078
2 2 0.000020 0.002329 0.983085 0.014533 0.000033
2 2 0.000030 0.002462 0.926521 0.070919 0.000068
2 2 0.000042 0.004834 0.992848 0.002217 0.000060
2 2 0.000016 0.002284 0.980877 0.016778 0.000045
2 2 0.000012 0.002125 0.969598 0.028207 0.000057
2 3 0.000090 0.004322 0.898667 0.096760 0.000161
2 3 0.000006 0.001105 0.949060 0.049801 0.000028
2 3 0.000006 0.001896 0.985879 0.012172 0.000047
2 3 0.000015 0.001934 0.967845 0.030163 0.000044
2 3 0.000013 0.001582 0.896806 0.101541 0.000058
2 3 0.000009 0.001319 0.948591 0.050054 0.000027
2 3 0.000018 0.001755 0.855114 0.143040 0.000073
2 3 0.000019 0.001471 0.703080 0.295359 0.000071
2 3 0.000199 0.006310 0.872582 0.120656 0.000253
2 3 0.000007 0.000895 0.730293 0.268771 0.000034
2 3 0.000080 0.002815 0.549062 0.447789 0.000255
2 3 0.000096 0.002989 0.580269 0.416461 0.000186
2 3 0.000057 0.003653 0.922697 0.073456 0.000137
2 3 0.000213 0.008029 0.548380 0.442106 0.001272
2 3 0.000012 0.001920 0.945218 0.052783 0.000067
2 3 0.000047 0.005304 0.955814 0.038554 0.000280
2 3 0.000080 0.003855 0.847635 0.148248 0.000182
2 3 0.000025 0.001789 0.711394 0.286690 0.000102
2 3 0.000019 0.001789 0.758986 0.239110 0.000095
2 3 0.000118 0.004043 0.718916 0.276680 0.000243
3 3 0.000035 0.001309 0.388166 0.610407 0.000083
2 3 0.000033 0.002023 0.685827 0.311989 0.000127
2 3 0.000017 0.001197 0.570906 0.427813 0.000066
2 3 0.000030 0.001731 0.611453 0.386676 0.000109
2 3 0.000008 0.000721 0.523434 0.475805 0.000032
2 3 0.000010 0.000847 0.548171 0.450932 0.000040
2 3 0.000009 0.001334 0.902275 0.096332 0.000049
3 3 0.000030 0.000932 0.245659 0.753295 0.000083
2 3 0.000018 0.001262 0.585667 0.412983 0.000070
2 3 0.000006 0.000850 0.767362 0.231751 0.000030
3 3 0.000073 0.001696 0.280781 0.717260 0.000191
3 3 0.000132 0.002852 0.317566 0.679061 0.000389
3 3 0.000043 0.001247 0.286562 0.712039 0.000109
3 3 0.000015 0.000839 0.385680 0.613415 0.000051
2 3 0.000042 0.002058 0.592491 0.405260 0.000148
3 3 0.000013 0.000764 0.375483 0.623694 0.000045
3 3 0.000035 0.000883 0.210359 0.788655 0.000068
3 3 0.000025 0.001262 0.453134 0.545493 0.000086
2 3 0.000037 0.002130 0.687651 0.310059 0.000123
3 3 0.000071 0.001674 0.292321 0.705770 0.000165
2 3 0.000014 0.002138 0.933733 0.064020 0.000095
2 3 0.000032 0.001941 0.591245 0.406647 0.000135
2 3 0.000065 0.002357 0.529314 0.468088 0.000176
2 3 0.000124 0.003615 0.613709 0.382318 0.000234
2 3 0.000058 0.002818 0.693472 0.303449 0.000202
2 3 0.000277 0.005641 0.647766 0.345975 0.000341
3 3 0.000121 0.003161 0.462221 0.534149 0.000348
3 3 0.000097 0.002594 0.453907 0.543200 0.000201
2 3 0.000051 0.002242 0.526785 0.470737 0.000185
2 3 0.000073 0.004111 0.718123 0.277331 0.000362
3 3 0.000019 0.000664 0.211663 0.787599 0.000054
3 3 0.000028 0.000810 0.204977 0.794109 0.000076
3 3 0.000043 0.001021 0.201167 0.797659 0.000109
2 3 0.000018 0.001291 0.560968 0.437648 0.000075
3 3 0.000032 0.001086 0.295870 0.702920 0.000092
3 3 0.000022 0.000827 0.269949 0.729137 0.000065
3 3 0.000052 0.001722 0.404206 0.593887 0.000133
3 3 0.000039 0.001021 0.219581 0.779256 0.000103
3 3 0.000006 0.000417 0.288665 0.710891 0.000021
3 3 0.000030 0.001225 0.377583 0.621069 0.000093
3 3 0.000013 0.000717 0.337809 0.661417 0.000044
3 3 0.000011 0.000481 0.211480 0.787996 0.000033
2 3 0.000013 0.001130 0.660148 0.338656 0.000054
3 3 0.000034 0.001439 0.423411 0.575006 0.000110
3 3 0.000015 0.000467 0.145693 0.853784 0.000041
3 3 0.000030 0.000737 0.163811 0.835345 0.000076
3 3 0.000032 0.000994 0.251322 0.747562 0.000090
3 3 0.000030 0.000902 0.231315 0.767672 0.000082
3 3 0.000038 0.001070 0.243878 0.754911 0.000103
3 3 0.000055 0.001164 0.188319 0.810322 0.000140
3 3 0.000010 0.000620 0.333715 0.665618 0.000036
3 3 0.000022 0.000854 0.281421 0.717638 0.000066
2 3 0.000023 0.001492 0.611569 0.386828 0.000088
3 3 0.000023 0.000428 0.087077 0.912422 0.000050
3 3 0.000016 0.000662 0.254220 0.745054 0.000048
3 3 0.000034 0.001518 0.460824 0.537512 0.000112
3 3 0.000064 0.001515 0.268417 0.729845 0.000159
2 3 0.000071 0.002854 0.645829 0.351062 0.000183
2 3 0.000078 0.003084 0.638201 0.358396 0.000241
2 3 0.000049 0.002274 0.611786 0.385736 0.000154
3 3 0.000031 0.001087 0.297539 0.701250 0.000092
3 3 0.000027 0.000992 0.298419 0.700482 0.000080
3 3 0.000046 0.001026 0.191861 0.806953 0.000114
3 3 0.000130 0.002472 0.257811 0.739227 0.000361
3 3 0.000039 0.001271 0.312182 0.686394 0.000113
2 3 0.011382 0.048387 0.478859 0.450187 0.011185
2 2 0.084953 0.233865 0.633742 0.028670 0.018770
2 1 0.080213 0.300213 0.587398 0.009850 0.022325
2 2 0.054004 0.270328 0.656012 0.004895 0.014762
2 2 0.026445 0.160815 0.795145 0.009534 0.008061
2 2 0.034837 0.290388 0.607050 0.006797 0.060928
2 0 0.215483 0.330559 0.366762 0.037075 0.050122
0 0 0.487586 0.289695 0.168631 0.011006 0.043082
0 0 0.446109 0.155028 0.174823 0.184468 0.039572
0 0 0.426085 0.328700 0.209316 0.004730 0.031169
2 1 0.010696 0.178108 0.802081 0.001672 0.007442
2 2 0.000496 0.072642 0.918763 0.001250 0.006849
2 2 0.000166 0.018779 0.976357 0.003429 0.001269
2 2 0.036779 0.101664 0.776885 0.061668 0.023005
2 2 0.145109 0.136396 0.443375 0.254216 0.020903
2 2 0.008960 0.339509 0.527818 0.000796 0.122918
2 2 0.006933 0.173144 0.751646 0.000506 0.067771
2 2 0.002589 0.279386 0.684062 0.000007 0.033955
1 2 0.036251 0.647490 0.278214 0.000027 0.038017
2 2 0.001419 0.191682 0.761585 0.000068 0.045245
2 2 0.010377 0.192409 0.535996 0.000020 0.261198
1 2 0.066705 0.498458 0.276273 0.000103 0.158461
1 2 0.039520 0.589338 0.278599 0.000003 0.092540
1 2 0.015236 0.503982 0.335318 0.000018 0.145447
1 2 0.061568 0.519862 0.266982 0.000002 0.151585
2 2 0.004747 0.333084 0.461885 0.000041 0.200242
2 2 0.015002 0.288518 0.376384 0.000014 0.320083
1 2 0.023258 0.436915 0.395194 0.000005 0.144629
2 2 0.006793 0.378031 0.453913 0.000002 0.161261
2 4 0.020980 0.373234 0.374315 0.000073 0.231398
4 4 0.189071 0.086002 0.087240 0.004052 0.633635
1 4 0.072684 0.469415 0.256079 0.004221 0.197601
1 4 0.275693 0.475324 0.157775 0.002188 0.089021
1 0 0.217119 0.337085 0.241184 0.001156 0.203455
0 0 0.911998 0.050728 0.018145 0.000660 0.018468
0 0 0.884790 0.078055 0.021519 0.002535 0.013101
1 0 0.275608 0.411404 0.239273 0.005453 0.068262
0 0 0.886369 0.093192 0.015604 0.000340 0.004495
0 0 0.903731 0.076281 0.015214 0.000358 0.004416
0 0 0.766088 0.151847 0.054196 0.001813 0.026055
0 0 0.610869 0.284447 0.071384 0.001129 0.032170
0 0 0.639104 0.254271 0.068914 0.002794 0.034918
0 0 0.534299 0.332267 0.079605 0.002316 0.051513
1 0 0.330648 0.384278 0.105241 0.014630 0.165204
1 0 0.241708 0.514326 0.132382 0.001709 0.109875
2 1 0.003607 0.203592 0.785920 0.000076 0.006804
2 1 0.027869 0.291209 0.666056 0.000471 0.014396
2 2 0.041638 0.093858 0.844769 0.000016 0.019719
2 2 0.001241 0.084311 0.903798 0.000061 0.010589
2 2 0.001174 0.039322 0.954373 0.000713 0.004418
2 2 0.002925 0.131957 0.845463 0.000065 0.019590
2 2 0.001808 0.110266 0.879962 0.000025 0.007939
2 2 0.001763 0.115097 0.864722 0.000008 0.018410
2 2 0.002167 0.118831 0.868397 0.000010 0.010595
2 2 0.002332 0.178257 0.814629 0.000016 0.004767
1 2 0.328927 0.404336 0.210863 0.003378 0.052496
1 2 0.314357 0.453833 0.157364 0.002375 0.072071
1 2 0.175898 0.465048 0.313852 0.002322 0.042879
1 2 0.014672 0.481246 0.462006 0.000065 0.042011
2 2 0.021925 0.346406 0.593726 0.000302 0.037641
2 2 0.001551 0.090429 0.905955 0.000002 0.002063
2 2 0.000662 0.049906 0.948678 0.000004 0.000751
2 2 0.001184 0.138004 0.858907 0.000016 0.001890
2 2 0.000072 0.027441 0.972139 0.000007 0.000341
2 2 0.000827 0.089088 0.908878 0.000020 0.001187
2 2 0.004651 0.266382 0.723874 0.000020 0.005073
2 2 0.003335 0.145447 0.846565 0.000092 0.004561
2 2 0.002807 0.106732 0.886724 0.000350 0.003387
2 2 0.013350 0.220060 0.754424 0.001611 0.010556
0 0 0.516361 0.242785 0.232622 0.002220 0.006012
2 0 0.073655 0.226150 0.667023 0.017178 0.015995
2 1 0.004060 0.196680 0.784724 0.000713 0.013822
2 2 0.008856 0.257672 0.721775 0.000191 0.011507
2 2 0.002104 0.025685 0.966400 0.000006 0.005804
2 2 0.001098 0.064570 0.928095 0.000090 0.006146
2 2 0.000402 0.057434 0.940730 0.000085 0.001348
2 2 0.000168 0.050817 0.947627 0.000042 0.001347
2 2 0.000022 0.018117 0.981470 0.000033 0.000358
2 2 0.000046 0.007486 0.991289 0.000961 0.000218
2 2 0.000329 0.042594 0.955557 0.000008 0.001511
2 2 0.000158 0.015905 0.983384 0.000004 0.000549
2 2 0.000018 0.007192 0.992628 0.000091 0.000072
2 2 0.000017 0.005485 0.994400 0.000047 0.000051
2 2 0.000108 0.011860 0.987705 0.000003 0.000324
2 2 0.000596 0.044624 0.954081 0.000122 0.000577
2 2 0.005401 0.087441 0.905077 0.000498 0.001584
2 2 0.000471 0.024271 0.974735 0.000034 0.000490
2 2 0.003645 0.051238 0.939947 0.000071 0.005099
2 2 0.006878 0.088298 0.898831 0.003055 0.002938
2 2 0.054860 0.218324 0.723446 0.000617 0.002753
2 2 0.023675 0.233410 0.727156 0.002580 0.013179
2 2 0.095484 0.258820 0.594337 0.022558 0.028802
2 2 0.056712 0.277569 0.650499 0.002792 0.012428
2 2 0.033264 0.370227 0.576157 0.000601 0.019751
2 2 0.032653 0.277883 0.671615 0.000547 0.017301
2 2 0.000342 0.043747 0.954567 0.000024 0.001321
2 2 0.000040 0.014988 0.984658 0.000025 0.000289
2 2 0.000038 0.008575 0.991100 0.000021 0.000265
2 2 0.000020 0.004636 0.995022 0.000187 0.000134
2 2 0.001610 0.094645 0.902242 0.000070 0.001433
2 2 0.001061 0.019759 0.977443 0.000035 0.001703
2 2 0.000017 0.008611 0.991080 0.000143 0.000150
2 2 0.000016 0.006841 0.992514 0.000483 0.000146
2 2 0.000081 0.007004 0.992683 0.000016 0.000216
2 2 0.000025 0.005856 0.993456 0.000495 0.000168
2 2 0.000026 0.004370 0.994158 0.001303 0.000143
2 2 0.000361 0.017311 0.981472 0.000446 0.000409
2 2 0.000412 0.049148 0.949249 0.000122 0.001069
2 2 0.000051 0.016270 0.983343 0.000057 0.000279
2 2 0.000562 0.052892 0.942867 0.001115 0.002564
2 2 0.012447 0.083742 0.894380 0.000002 0.009428
2 2 0.000309 0.034620 0.964180 0.000224 0.000666
2 2 0.000075 0.014835 0.983005 0.001507 0.000578
2 3 0.000272 0.024740 0.972349 0.001796 0.000842
2 2 0.000463 0.056755 0.942097 0.000023 0.000663
2 2 0.028704 0.126496 0.838582 0.002700 0.003518
2 2 0.164070 0.286760 0.534276 0.003227 0.011667
2 2 0.094894 0.387387 0.502396 0.000868 0.014456
2 1 0.059053 0.299117 0.633283 0.000729 0.007817
2 2 0.041508 0.321206 0.618895 0.000175 0.018215
2 2 0.000552 0.077163 0.919372 0.000051 0.002862
2 2 0.001282 0.084421 0.909363 0.000141 0.004793
2 2 0.146586 0.343807 0.491526 0.001154 0.016928
2 0 0.342442 0.194728 0.373852 0.051324 0.037654
2 0 0.240881 0.173483 0.502929 0.064872 0.017835
1 0 0.201620 0.419588 0.298946 0.007778 0.072068
0 0 0.289547 0.205949 0.255176 0.018103 0.231225
1 0 0.069397 0.510979 0.387887 0.000046 0.031692
2 2 0.018134 0.391339 0.488965 0.000944 0.100618
2 2 0.023367 0.135860 0.681777 0.012206 0.146791
2 2 0.011631 0.111834 0.766722 0.000876 0.108937
2 2 0.032399 0.105032 0.759050 0.000042 0.103477
2 1 0.046455 0.146396 0.633870 0.000881 0.172397
2 1 0.077315 0.365821 0.464300 0.000724 0.091839
2 1 0.052050 0.098687 0.559446 0.005058 0.284759
4 1 0.164060 0.098714 0.068957 0.000009 0.668260
4 1 0.102693 0.142106 0.087941 0.000354 0.666907
4 1 0.113170 0.078318 0.049637 0.001476 0.757400
0 0 0.509525 0.205503 0.039105 0.000241 0.245626
0 0 0.618193 0.316835 0.024764 0.000007 0.040201
1 0 0.354805 0.395131 0.082989 0.000233 0.166841
4 1 0.168295 0.339522 0.087264 0.000000 0.404919
4 4 0.190604 0.116417 0.040756 0.000033 0.652190
4 4 0.140236 0.154503 0.085970 0.000034 0.619257
4 4 0.027550 0.181906 0.186014 0.000002 0.604528
4 4 0.045709 0.135673 0.235461 0.000043 0.583115
4 4 0.056692 0.258073 0.119218 0.000009 0.566008
4 4 0.115078 0.318460 0.119325 0.000047 0.447089
4 4 0.155366 0.290346 0.110044 0.000034 0.444210
1 4 0.299241 0.428352 0.060950 0.001759 0.209698
1 4 0.375373 0.511709 0.035071 0.000013 0.077834
4 4 0.194886 0.101443 0.034944 0.001536 0.667192
4 4 0.155051 0.092314 0.064449 0.000222 0.687964
4 4 0.057732 0.148431 0.064742 0.000229 0.728866
4 4 0.044006 0.119408 0.083431 0.000826 0.752329
4 4 0.051432 0.169116 0.037068 0.000002 0.742382
1 4 0.056150 0.428340 0.123412 0.000001 0.392097
4 4 0.036936 0.185984 0.082306 0.000027 0.694748
4 4 0.013560 0.225883 0.194961 0.000005 0.565591
4 4 0.067336 0.140718 0.046786 0.000125 0.745035
4 4 0.024181 0.216828 0.141305 0.000001 0.617686
4 4 0.114117 0.315771 0.118560 0.000002 0.451550
4 4 0.108694 0.133545 0.065738 0.000124 0.691899
4 4 0.248367 0.061906 0.022707 0.000574 0.666446
4 4 0.227295 0.291713 0.049267 0.000014 0.431711
4 4 0.074781 0.218995 0.095116 0.000061 0.611047
1 4 0.307468 0.543079 0.061741 0.000022 0.087690
1 4 0.217844 0.376283 0.063482 0.000064 0.342328
1 4 0.202479 0.475049 0.094071 0.000013 0.228388
1 4 0.035817 0.506833 0.146256 0.000009 0.311086
1 2 0.009605 0.473094 0.409551 0.000022 0.107727
1 2 0.022476 0.435555 0.401477 0.000003 0.140489
2 2 0.004984 0.286709 0.567335 0.000011 0.140961
2 2 0.009148 0.340256 0.529735 0.000017 0.120844
2 2 0.005537 0.215410 0.621404 0.000002 0.157647
2 2 0.000880 0.100516 0.882425 0.000011 0.016168
2 2 0.001415 0.080687 0.896228 0.000001 0.021669
2 2 0.003671 0.092280 0.882679 0.000001 0.021369
2 2 0.000434 0.115046 0.874945 0.000022 0.009553
2 2 0.020359 0.206308 0.698875 0.000039 0.074419
1 2 0.013951 0.502838 0.427638 0.000010 0.055563
2 2 0.002661 0.175616 0.744576 0.000010 0.077137
2 2 0.004300 0.140105 0.776793 0.000026 0.078775
2 2 0.040785 0.447496 0.456952 0.000002 0.054765
2 2 0.005596 0.333807 0.580492 0.000002 0.080104
2 2 0.000345 0.047476 0.951341 0.000006 0.000832
2 2 0.000649 0.027357 0.970057 0.000000 0.001937
2 2 0.000041 0.011822 0.987919 0.000001 0.000217
2 2 0.001529 0.015305 0.982061 0.000002 0.001102
2 2 0.000147 0.014315 0.985261 0.000009 0.000269
2 2 0.000354 0.014223 0.984709 0.000009 0.000705
2 2 0.000572 0.031217 0.967252 0.000037 0.000922
2 2 0.000115 0.037373 0.962026 0.000022 0.000463
2 2 0.000127 0.015196 0.984303 0.000112 0.000262
2 2 0.000146 0.064487 0.934181 0.000015 0.001170
2 2 0.231276 0.250237 0.486951 0.017282 0.014254
2 2 0.115393 0.315141 0.557797 0.001748 0.009921
2 2 0.021894 0.235629 0.738030 0.000130 0.004317
2 2 0.017619 0.195902 0.780370 0.000602 0.005506
2 2 0.007525 0.070707 0.913072 0.000001 0.008695
2 2 0.000082 0.013531 0.985913 0.000006 0.000469
2 2 0.000030 0.006985 0.992822 0.000013 0.000150
2 2 0.000045 0.006150 0.993706 0.000004 0.000094
2 2 0.000166 0.013450 0.986055 0.000005 0.000324
2 2 0.000020 0.009695 0.990156 0.000040 0.000088
2 2 0.000017 0.014844 0.984971 0.000013 0.000155
2 2 0.000684 0.010764 0.987305 0.000172 0.001075
2 2 0.000040 0.016432 0.983315 0.000036 0.000177
2 2 0.000175 0.011677 0.987581 0.000180 0.000387
2 2 0.000586 0.013597 0.984761 0.000006 0.001050
2 2 0.000055 0.009710 0.990007 0.000118 0.000110
2 2 0.000258 0.024681 0.974334 0.000169 0.000557
2 2 0.000041 0.010761 0.988967 0.000124 0.000106
2 2 0.000153 0.012185 0.987032 0.000220 0.000409
2 2 0.000096 0.013687 0.985747 0.000298 0.000173
2 2 0.000258 0.013995 0.985398 0.000033 0.000315
2 2 0.000033 0.006116 0.992670 0.001091 0.000090
2 2 0.000338 0.020036 0.979014 0.000285 0.000326
2 2 0.000385 0.010291 0.988947 0.000030 0.000347
2 2 0.000041 0.007975 0.991508 0.000384 0.000092
2 2 0.000049 0.005863 0.992733 0.001293 0.000061
2 2 0.000006 0.004488 0.995371 0.000096 0.000038
2 2 0.000754 0.005700 0.991386 0.001605 0.000556
2 2 0.000223 0.014643 0.984880 0.000044 0.000210
2 2 0.000077 0.007878 0.989659 0.002256 0.000129
2 2 0.000007 0.001998 0.987315 0.010630 0.000050
2 2 0.000058 0.007444 0.992073 0.000372 0.000053
2 2 0.000003 0.001241 0.991696 0.007035 0.000025
2 2 0.000172 0.009676 0.956636 0.033076 0.000439
2 2 0.000042 0.004110 0.992554 0.003247 0.000047
2 2 0.000018 0.005233 0.990153 0.004424 0.000172
2 2 0.000031 0.004893 0.991135 0.003846 0.000095
2 2 0.000045 0.004918 0.987671 0.007245 0.000120
2 2 0.000218 0.007922 0.947629 0.043934 0.000298
2 2 0.000019 0.002700 0.986031 0.011199 0.000051
2 3 0.000015 0.002259 0.984145 0.013540 0.000042
2 3 0.000032 0.002505 0.903390 0.093993 0.000080
2 3 0.000134 0.004367 0.766754 0.228546 0.000199
2 3 0.000064 0.003297 0.856461 0.140060 0.000117
2 3 0.000003 0.001471 0.981642 0.016840 0.000044
2 3 0.000013 0.001854 0.963876 0.034208 0.000048
2 3 0.000133 0.006589 0.942203 0.050833 0.000242
2 3 0.000009 0.001670 0.900136 0.098115 0.000069
2 3 0.000018 0.001802 0.856539 0.141557 0.000084
2 3 0.000035 0.002301 0.832128 0.165459 0.000077
2 3 0.000114 0.004396 0.777672 0.217534 0.000284
2 3 0.000045 0.002978 0.752652 0.244114 0.000211
2 3 0.000112 0.004593 0.810548 0.184450 0.000297
2 3 0.000039 0.002670 0.814086 0.183041 0.000164
2 3 0.000030 0.004212 0.944269 0.051278 0.000212
2 3 0.000002 0.000709 0.967144 0.032129 0.000016
2 3 0.000310 0.008341 0.917058 0.074016 0.000274
2 3 0.000020 0.002150 0.924330 0.073425 0.000074
2 3 0.000015 0.001581 0.823405 0.174926 0.000072
2 3 0.000066 0.003390 0.754872 0.241415 0.000257
3 3 0.000027 0.001091 0.340727 0.658070 0.000084
3 3 0.000028 0.001151 0.361663 0.637070 0.000088
2 3 0.000054 0.002193 0.542838 0.454750 0.000165
2 3 0.000043 0.002440 0.704869 0.292486 0.000162
2 3 0.000038 0.002393 0.764242 0.233189 0.000138
3 3 0.000092 0.002791 0.485556 0.511287 0.000274
3 3 0.000149 0.003203 0.417383 0.578933 0.000332
3 3 0.000048 0.002189 0.454158 0.543405 0.000199
2 3 0.000020 0.002423 0.902534 0.094900 0.000123
2 3 0.000090 0.003715 0.625176 0.370668 0.000351
3 3 0.000138 0.002590 0.309678 0.687265 0.000329
2 3 0.000086 0.003800 0.607967 0.387817 0.000329
3 3 0.000025 0.001254 0.466348 0.532295 0.000079
2 3 0.000039 0.002370 0.747441 0.250011 0.000140
3 3 0.000027 0.001011 0.308380 0.690503 0.000080
2 3 0.000089 0.003381 0.669273 0.327015 0.000242
2 3 0.000030 0.002745 0.931033 0.066078 0.000114
2 3 0.000198 0.005452 0.753456 0.240590 0.000303
2 3 0.000039 0.002587 0.791088 0.206125 0.000162
3 3 0.000069 0.001777 0.316145 0.681820 0.000188
2 3 0.000116 0.003448 0.638575 0.357686 0.000175
2 3 0.000123 0.004151 0.723998 0.271479 0.000250
3 3 0.000040 0.001505 0.399957 0.598376 0.000123
2 3 0.000039 0.001996 0.594822 0.403002 0.000141
2 3 0.000043 0.002200 0.666900 0.330733 0.000125
2 3 0.000243 0.004697 0.567107 0.427668 0.000285
3 3 0.000028 0.001392 0.471700 0.526782 0.000097
3 3 0.000026 0.001307 0.458608 0.539969 0.000090
3 3 0.000031 0.001077 0.296823 0.701979 0.000091
2 3 0.000124 0.004566 0.754629 0.240425 0.000256
2 3 0.000109 0.003700 0.643797 0.352099 0.000296
2 3 0.000051 0.002664 0.630215 0.366860 0.000209
3 3 0.000030 0.001003 0.274291 0.724591 0.000086
2 3 0.000132 0.004219 0.657916 0.337371 0.000363
3 3 0.000096 0.002415 0.363056 0.634159 0.000274
3 3 0.000032 0.001203 0.339294 0.659372 0.000098
3 3 0.000014 0.000781 0.376860 0.622298 0.000047
3 3 0.000049 0.001371 0.288328 0.710118 0.000135
3 3 0.000051 0.001648 0.366284 0.631865 0.000151
2 0 0.076576 0.133726 0.722746 0.060140 0.006812
0 0 0.430918 0.357519 0.156704 0.006107 0.048752
1 0 0.314520 0.480614 0.148153 0.000907 0.055807
1 0 0.169069 0.409245 0.260928 0.013281 0.147477
1 1 0.017341 0.456517 0.420159 0.000833 0.105150
1 2 0.128837 0.499412 0.277697 0.001683 0.092372
2 2 0.016056 0.425877 0.492576 0.000432 0.065059
1 2 0.298555 0.401563 0.191622 0.004756 0.103504
1 2 0.388527 0.396532 0.147720 0.003816 0.063406
1 1 0.182579 0.414313 0.239047 0.019869 0.144191
1 1 0.150757 0.491131 0.303568 0.001701 0.052843
2 1 0.001629 0.090347 0.872104 0.000116 0.035804
2 2 0.004232 0.114003 0.819780 0.000233 0.061752
2 2 0.034428 0.165086 0.665423 0.007756 0.127307
0 4 0.401996 0.299192 0.141381 0.024734 0.132697
2 4 0.001877 0.281683 0.686000 0.000030 0.030410
4 4 0.026461 0.237944 0.132376 0.000303 0.602916
4 4 0.017068 0.355228 0.154873 0.000090 0.472742
4 4 0.025060 0.343020 0.180475 0.000017 0.451428
4 4 0.120120 0.121771 0.079001 0.000425 0.678683
1 4 0.294326 0.473515 0.059790 0.000079 0.172291
1 4 0.070323 0.462320 0.175171 0.000006 0.292179
1 4 0.044143 0.369227 0.301423 0.000002 0.285205
1 4 0.049885 0.581768 0.149729 0.000021 0.218597
4 4 0.024383 0.187644 0.143397 0.000208 0.644369
1 4 0.124590 0.460160 0.100185 0.001637 0.313428
0 4 0.378485 0.261197 0.036530 0.001314 0.322474
4 4 0.045018 0.140445 0.062705 0.000148 0.751685
4 4 0.115987 0.162786 0.063627 0.000370 0.657230
4 4 0.083576 0.103720 0.048492 0.000384 0.763828
1 4 0.148321 0.571494 0.067688 0.000136 0.212363
4 4 0.172619 0.169942 0.039413 0.000007 0.618020
4 4 0.327890 0.178529 0.027774 0.000003 0.465804
4 4 0.151670 0.110410 0.028294 0.000546 0.709080
4 4 0.096319 0.037515 0.010724 0.000131 0.855311
4 4 0.154546 0.184503 0.052285 0.000203 0.608464
4 4 0.034395 0.077855 0.050446 0.000465 0.836839
4 4 0.058773 0.170508 0.223985 0.000018 0.546716
4 4 0.097762 0.393384 0.111548 0.000006 0.397300
1 4 0.120067 0.572437 0.079737 0.000009 0.227750
1 4 0.065332 0.595734 0.110838 0.000028 0.228068
1 4 0.120043 0.337396 0.219333 0.000086 0.323142
1 4 0.095538 0.401417 0.161064 0.000444 0.341537
1 4 0.018483 0.366289 0.332638 0.000002 0.282587
1 4 0.006767 0.424562 0.297761 0.000015 0.270895
2 4 0.007919 0.227016 0.390580 0.000030 0.374456
2 4 0.015476 0.203545 0.530211 0.000006 0.250762
2 4 0.007045 0.338011 0.418928 0.000012 0.236005
1 4 0.048767 0.592699 0.195682 0.000186 0.162666
1 4 0.010492 0.400943 0.377100 0.000006 0.211459
2 4 0.007243 0.278554 0.490094 0.000016 0.224093
1 4 0.010973 0.406305 0.338169 0.000007 0.244545
2 4 0.010124 0.212480 0.458491 0.000003 0.318903
4 4 0.020462 0.137745 0.154827 0.000102 0.686865
1 4 0.025896 0.397322 0.240244 0.000005 0.336533
2 4 0.018125 0.279981 0.380054 0.000006 0.321834
2 4 0.003452 0.406862 0.434022 0.000006 0.155658
1 4 0.031364 0.450884 0.383915 0.000243 0.133595
2 4 0.012576 0.240209 0.578399 0.000005 0.168810
2 2 0.012332 0.236326 0.605397 0.000018 0.145927
2 2 0.009748 0.289454 0.549862 0.000008 0.150928
2 2 0.000138 0.053939 0.943883 0.000070 0.001970
2 2 0.000151 0.031904 0.966585 0.000010 0.001349
2 2 0.000023 0.033712 0.965325 0.000013 0.000928
2 2 0.004272 0.041868 0.949953 0.000009 0.003898
2 2 0.000123 0.048460 0.950135 0.000057 0.001225
2 2 0.001636 0.047810 0.943511 0.000010 0.007033
2 2 0.348881 0.130008 0.473564 0.000004 0.047543
0 0 0.618537 0.226509 0.143039 0.001829 0.010086
0 0 0.681732 0.192431 0.099560 0.005377 0.020900
0 0 0.693599 0.194347 0.105815 0.001028 0.005211
0 0 0.628645 0.231852 0.100817 0.007529 0.031157
1 0 0.184395 0.406480 0.213388 0.021273 0.174465
0 0 0.596994 0.200612 0.098167 0.044303 0.059924
0 0 0.616368 0.246378 0.077413 0.010230 0.049611
0 0 0.476059 0.365359 0.102523 0.002469 0.053591
1 0 0.306906 0.392312 0.190217 0.016915 0.093650
1 0 0.252665 0.442889 0.256964 0.002282 0.045200
0 0 0.378880 0.340985 0.224552 0.007231 0.048353
1 0 0.312868 0.335913 0.300865 0.016029 0.034325
0 0 0.411036 0.307652 0.169883 0.032813 0.078615
0 0 0.645315 0.268521 0.059986 0.001025 0.025154
1 0 0.134743 0.393714 0.291324 0.021441 0.158779
1 0 0.024157 0.443168 0.442889 0.001609 0.088176
1 1 0.011212 0.487190 0.451087 0.000078 0.050433
2 2 0.052919 0.340016 0.540810 0.000064 0.066191
2 2 0.002990 0.276476 0.690248 0.000038 0.030248
2 2 0.011096 0.394917 0.562597 0.000156 0.031234
2 2 0.079092 0.413487 0.471055 0.001597 0.034769
1 2 0.140958 0.384311 0.365673 0.025702 0.083355
1 2 0.094019 0.499484 0.385836 0.000143 0.020519
2 2 0.000546 0.097288 0.899660 0.000046 0.002460
2 2 0.000217 0.033027 0.965837 0.000020 0.000900
2 2 0.000008 0.009910 0.989851 0.000060 0.000172
2 2 0.000023 0.019855 0.979623 0.000008 0.000490
2 2 0.001630 0.033254 0.960776 0.000004 0.004336
2 2 0.000007 0.007069 0.992792 0.000051 0.000081
2 2 0.000160 0.024374 0.974944 0.000003 0.000519
2 2 0.000011 0.012152 0.987325 0.000196 0.000316
2 2 0.000091 0.018955 0.980652 0.000012 0.000290
2 2 0.000584 0.012741 0.985825 0.000007 0.000843
2 2 0.000305 0.052796 0.944258 0.000011 0.002630
2 2 0.000410 0.028994 0.968710 0.000003 0.001884
2 2 0.000170 0.038876 0.959353 0.000022 0.001580
2 2 0.000407 0.037396 0.959502 0.000007 0.002688
2 2 0.000058 0.048526 0.950566 0.000010 0.000839
2 2 0.000269 0.032906 0.965314 0.000037 0.001475
2 2 0.000207 0.024398 0.974343 0.000519 0.000532
2 2 0.054881 0.258311 0.681398 0.000592 0.004818
2 2 0.003018 0.160180 0.833497 0.000078 0.003227
2 2 0.000047 0.014383 0.985109 0.000167 0.000295
2 2 0.000020 0.009522 0.990097 0.000193 0.000169
2 2 0.000298 0.010060 0.989174 0.000004 0.000465
2 2 0.000018 0.006911 0.992927 0.000023 0.000122
2 2 0.000067 0.012286 0.987420 0.000004 0.000224
2 2 0.000037 0.008134 0.991614 0.000132 0.000084
2 2 0.000083 0.012807 0.986792 0.000014 0.000304
2 2 0.000110 0.034274 0.965214 0.000019 0.000382
2 2 0.000012 0.009575 0.990212 0.000067 0.000134
2 2 0.000043 0.009517 0.990243 0.000031 0.000165
2 2 0.001889 0.047664 0.947330 0.001739 0.001378
1 2 0.221673 0.440447 0.312800 0.001036 0.024044
2 2 0.191316 0.384912 0.396921 0.003299 0.023552
0 0 0.419385 0.317373 0.203908 0.012348 0.046986
0 0 0.525303 0.255962 0.202597 0.002608 0.013529
0 0 0.416496 0.341929 0.227202 0.001079 0.013294
2 1 0.028292 0.376121 0.567027 0.000550 0.028011
2 2 0.005341 0.328167 0.644933 0.000059 0.021501
2 2 0.024294 0.407678 0.539173 0.000226 0.028628
2 2 0.006084 0.237919 0.741292 0.000227 0.014478
2 2 0.002798 0.164557 0.804240 0.000008 0.028398
0 2 0.598234 0.233995 0.070361 0.000093 0.097316
0 0 0.743877 0.093202 0.044483 0.005710 0.112727
0 0 0.656563 0.167943 0.046880 0.004847 0.123766
0 0 0.542464 0.110489 0.044596 0.003188 0.299264
0 0 0.630921 0.119556 0.044000 0.003525 0.201997
0 0 0.697075 0.150232 0.038746 0.003082 0.110865
0 0 0.707754 0.085803 0.055006 0.009740 0.141698
0 0 0.825377 0.086792 0.034514 0.004847 0.048470
4 0 0.357078 0.118255 0.057071 0.006045 0.461550
0 0 0.440692 0.139928 0.101256 0.036391 0.281733
0 0 0.600551 0.203381 0.080979 0.029535 0.085553
1 0 0.307567 0.309545 0.222655 0.019434 0.140799
0 0 0.599429 0.272358 0.059077 0.005426 0.063710
0 0 0.529261 0.331483 0.108773 0.001151 0.029332
0 0 0.655992 0.270557 0.058029 0.000356 0.015066
0 0 0.802960 0.153227 0.015952 0.000569 0.027292
0 0 0.750015 0.120781 0.023887 0.000846 0.104471
0 0 0.678337 0.091864 0.036773 0.002409 0.190616
0 0 0.695717 0.056770 0.039073 0.003519 0.204920
0 0 0.628494 0.135283 0.055681 0.007310 0.173233
0 0 0.706980 0.201779 0.038916 0.004800 0.047525
1 0 0.319516 0.346623 0.089542 0.022271 0.222048
0 0 0.516334 0.094924 0.074717 0.016191 0.297834
0 0 0.611400 0.136648 0.045272 0.003613 0.203067
4 0 0.281182 0.075843 0.052818 0.006096 0.584061
0 0 0.413801 0.138170 0.073456 0.012513 0.362060
0 0 0.363586 0.336381 0.079963 0.015917 0.204153
0 0 0.380465 0.169951 0.096950 0.028585 0.324050
0 0 0.524107 0.154330 0.051352 0.004438 0.265772
0 0 0.643415 0.109954 0.040230 0.002794 0.203607
0 0 0.564595 0.156611 0.057973 0.006981 0.213841
0 0 0.588346 0.168912 0.058943 0.007862 0.175937
0 0 0.552436 0.208302 0.086746 0.028889 0.123627
0 0 0.330563 0.267515 0.093007 0.010487 0.298427
0 0 0.518530 0.306655 0.058378 0.008404 0.108033
0 0 0.808514 0.138528 0.014265 0.000340 0.038354
0 0 0.752408 0.032711 0.023751 0.001127 0.190003
0 0 0.952776 0.013186 0.008169 0.000301 0.025568
0 0 0.858296 0.011033 0.016834 0.001013 0.112825
0 0 0.802597 0.026027 0.035131 0.005013 0.131233
0 0 0.665856 0.108975 0.049914 0.005875 0.169380
0 0 0.701551 0.067636 0.043166 0.004599 0.183048
0 0 0.767553 0.083963 0.048008 0.008575 0.091901
0 0 0.652123 0.095005 0.065469 0.013943 0.173459
0 0 0.718660 0.111763 0.072189 0.031870 0.065518
0 0 0.426702 0.127503 0.094071 0.028637 0.323087
0 0 0.378129 0.241777 0.076758 0.012889 0.290447
0 0 0.497755 0.113225 0.089489 0.027077 0.272456
0 0 0.680698 0.176940 0.046017 0.005431 0.090915
0 0 0.449871 0.148391 0.090792 0.025017 0.285929
0 0 0.879942 0.015512 0.018345 0.001297 0.084905
0 0 0.776898 0.024543 0.022719 0.001210 0.174631
0 0 0.601655 0.027590 0.030928 0.002049 0.337777
0 0 0.755424 0.035731 0.019113 0.000570 0.189162
4 0 0.193500 0.014638 0.009615 0.000110 0.782137
0 0 0.763203 0.041591 0.032982 0.002883 0.159340
0 0 0.658888 0.071800 0.056968 0.009667 0.202678
0 0 0.677125 0.162360 0.071845 0.027966 0.060704
0 0 0.571388 0.121547 0.071165 0.014147 0.221754
0 0 0.610283 0.073869 0.065933 0.013719 0.236196
4 0 0.305111 0.087814 0.143991 0.047424 0.415661
0 0 0.571062 0.126918 0.083448 0.019113 0.199459
0 0 0.440344 0.212951 0.112561 0.053881 0.180262
0 0 0.472987 0.285349 0.111189 0.029917 0.100558
0 0 0.439629 0.238735 0.116026 0.066494 0.139115
0 0 0.557922 0.254332 0.118943 0.017235 0.051568
0 0 0.620534 0.183358 0.074165 0.016108 0.105835
0 0 0.508534 0.238936 0.116177 0.052798 0.083556
0 0 0.610907 0.244478 0.080348 0.009104 0.055163
0 0 0.413522 0.230054 0.120317 0.060563 0.175545
0 0 0.381258 0.328215 0.201639 0.012469 0.076419
0 0 0.548117 0.312617 0.087064 0.003027 0.049174
0 0 0.646705 0.246883 0.074332 0.002502 0.029577
1 0 0.287561 0.410533 0.188213 0.007277 0.106416
0 0 0.538913 0.278856 0.103394 0.014031 0.064806
0 0 0.665893 0.212344 0.075796 0.010422 0.035545
0 0 0.557366 0.283319 0.126259 0.004026 0.029030
0 0 0.427801 0.262310 0.143352 0.072053 0.094484
0 0 0.596890 0.187419 0.116908 0.053263 0.045520
0 0 0.391837 0.147522 0.155212 0.215476 0.089952
0 0 0.445353 0.272882 0.128726 0.054464 0.098574
0 0 0.553353 0.236373 0.114597 0.042293 0.053384
0 0 0.364681 0.308114 0.202993 0.055522 0.068690
1 0 0.332045 0.375819 0.213559 0.016198 0.062379
0 0 0.403426 0.256580 0.160843 0.091742 0.087409
0 0 0.508472 0.362347 0.080422 0.001390 0.047369
0 0 0.518759 0.353318 0.087755 0.001188 0.038980
1 1 0.111092 0.627660 0.185860 0.000252 0.075137
1 1 0.098096 0.652126 0.180648 0.000155 0.068975
1 1 0.021739 0.676127 0.215431 0.000045 0.086658
2 1 0.001312 0.308315 0.600089 0.000087 0.090196
1 1 0.023788 0.484536 0.223705 0.000149 0.267822
0 1 0.729356 0.208466 0.031986 0.001605 0.028587
1 1 0.219493 0.531043 0.133652 0.001493 0.114319
1 1 0.040746 0.548627 0.285340 0.000577 0.124710
2 1 0.003583 0.292852 0.461027 0.000238 0.242300
2 1 0.003593 0.287955 0.469915 0.000010 0.238528
2 1 0.004961 0.167036 0.651643 0.000059 0.176302
1 1 0.089038 0.345606 0.338024 0.000079 0.227252
1 1 0.351646 0.410374 0.087812 0.003946 0.146222
0 0 0.649818 0.245198 0.041313 0.004631 0.059041
1 0 0.241218 0.524776 0.148811 0.001097 0.084098
1 0 0.107237 0.663136 0.163974 0.000129 0.065524
4 0 0.078680 0.247777 0.218559 0.001026 0.453958
1 1 0.074447 0.433060 0.292340 0.002673 0.197480
1 2 0.020035 0.545455 0.312364 0.000089 0.122057
1 2 0.030383 0.499402 0.368198 0.000009 0.102007
1 2 0.036055 0.605378 0.258222 0.000163 0.100180
2 2 0.010979 0.290629 0.517115 0.000043 0.181233
2 2 0.005294 0.129886 0.595223 0.000058 0.269540
2 2 0.004059 0.144141 0.763582 0.000265 0.087953
2 2 0.003306 0.242435 0.641822 0.000022 0.112415
2 2 0.001522 0.142693 0.763640 0.000062 0.092083
2 2 0.003452 0.140224 0.759545 0.000011 0.096768
2 2 0.002413 0.145429 0.768414 0.000067 0.083677
2 2 0.004862 0.274712 0.416657 0.000035 0.303734
2 2 0.014788 0.257667 0.378425 0.000046 0.349074
1 2 0.018493 0.467269 0.307082 0.000003 0.207153
1 2 0.028002 0.505103 0.198380 0.000107 0.268408
1 2 0.026018 0.410880 0.286392 0.000015 0.276695
1 2 0.013554 0.361071 0.339249 0.000044 0.286082
2 2 0.016388 0.346554 0.495021 0.000010 0.142027
1 2 0.268586 0.586789 0.096781 0.000158 0.047686
2 2 0.006274 0.388319 0.438100 0.000014 0.167293
1 2 0.015474 0.542463 0.294548 0.000014 0.147500
2 2 0.009649 0.343090 0.600171 0.000005 0.047085
2 2 0.015996 0.356726 0.534132 0.000026 0.093120
2 2 0.003428 0.309255 0.654386 0.000072 0.032859
2 2 0.018742 0.353013 0.564350 0.000013 0.063882
1 2 0.017288 0.506278 0.434088 0.000010 0.042336
2 2 0.000811 0.147912 0.847194 0.000030 0.004054
2 2 0.000609 0.067217 0.929705 0.000112 0.002357
2 2 0.002000 0.042058 0.948205 0.000003 0.007735
2 2 0.000244 0.085291 0.912027 0.000007 0.002431
2 2 0.001425 0.035759 0.958559 0.000002 0.004257
2 2 0.000156 0.011967 0.987344 0.000001 0.000532
2 2 0.000065 0.018793 0.980751 0.000025 0.000365
2 2 0.000069 0.038387 0.961047 0.000009 0.000488
2 2 0.000038 0.010597 0.989141 0.000014 0.000211
2 2 0.003606 0.023904 0.969360 0.000000 0.003130
0 2 0.434386 0.165986 0.378377 0.000126 0.021125
0 0 0.557122 0.242629 0.174924 0.008334 0.016991
1 0 0.299113 0.370349 0.207331 0.019724 0.103483
0 0 0.375976 0.328097 0.235143 0.016662 0.044122
2 0 0.188791 0.334016 0.444689 0.007950 0.024554
1 1 0.043973 0.471565 0.337949 0.000138 0.146376
1 1 0.083907 0.606876 0.254020 0.000123 0.055074
2 1 0.029189 0.214612 0.473141 0.000019 0.283039
2 1 0.032396 0.277673 0.496257 0.000016 0.193658
2 2 0.027453 0.330867 0.458921 0.000014 0.182745
2 2 0.008370 0.272995 0.696193 0.000715 0.021727
2 2 0.000888 0.190980 0.802273 0.000004 0.005855
2 2 0.002203 0.052957 0.937154 0.000000 0.007686
2 2 0.001490 0.044128 0.950190 0.000068 0.004124
2 2 0.000591 0.036762 0.958951 0.000008 0.003688
1 2 0.056044 0.513535 0.364652 0.000184 0.065584
0 0 0.429690 0.415286 0.116669 0.000735 0.037620
0 0 0.576927 0.314619 0.084520 0.000695 0.023239
1 1 0.352194 0.452436 0.145279 0.000971 0.049121
1 1 0.015044 0.449085 0.435252 0.000447 0.100172
2 1 0.001874 0.241050 0.713032 0.000028 0.044016
0 1 0.577074 0.302813 0.082722 0.001783 0.035607
1 1 0.410610 0.423093 0.136330 0.000622 0.029345
2 1 0.004706 0.274901 0.680950 0.000586 0.038856
2 2 0.004247 0.104335 0.820123 0.000006 0.071290
2 2 0.000012 0.012062 0.987413 0.000091 0.000422
2 2 0.000025 0.004076 0.995435 0.000063 0.000401
2 2 0.000034 0.024068 0.975313 0.000040 0.000545
2 2 0.000042 0.012485 0.986865 0.000006 0.000602
2 2 0.000190 0.032738 0.966076 0.000012 0.000983
2 2 0.000098 0.004840 0.994534 0.000004 0.000523
2 2 0.000094 0.018839 0.980665 0.000019 0.000382
2 2 0.000116 0.009989 0.989321 0.000010 0.000564
2 2 0.000022 0.002579 0.997222 0.000037 0.000140
2 2 0.000124 0.015685 0.983409 0.000002 0.000779
2 2 0.002380 0.020172 0.972609 0.000004 0.004834
2 2 0.000042 0.003959 0.995706 0.000045 0.000248
2 2 0.000071 0.003954 0.995626 0.000042 0.000307
2 2 0.000500 0.097807 0.899899 0.000017 0.001777
2 2 0.017686 0.154692 0.825089 0.000346 0.002187
0 1 0.576241 0.345166 0.048712 0.000390 0.029491
1 1 0.308196 0.556041 0.099487 0.000135 0.036141
1 1 0.048296 0.613896 0.257944 0.000070 0.079794
2 1 0.003528 0.368795 0.506372 0.000016 0.121288
1 2 0.014401 0.531676 0.357544 0.000083 0.096296
1 2 0.015240 0.524024 0.399507 0.000057 0.061172
1 2 0.029900 0.623069 0.297389 0.000044 0.049598
1 2 0.032657 0.613640 0.291731 0.000078 0.061894
1 2 0.030019 0.479469 0.420919 0.000086 0.069507
0 2 0.579754 0.293685 0.086322 0.002378 0.037861
1 2 0.036094 0.462976 0.416047 0.000944 0.083939
1 2 0.114982 0.481387 0.258784 0.007320 0.137526
2 2 0.021300 0.295766 0.590170 0.000046 0.092718
2 2 0.002450 0.110202 0.813392 0.000064 0.073892
2 2 0.004108 0.084011 0.813319 0.000008 0.098553
2 2 0.000025 0.012759 0.986905 0.000020 0.000290
2 2 0.000023 0.022110 0.977347 0.000034 0.000485
2 2 0.000004 0.002997 0.996696 0.000205 0.000097
2 2 0.004265 0.011216 0.981586 0.000002 0.002930
2 2 0.000011 0.009007 0.990515 0.000177 0.000291
2 2 0.165105 0.290279 0.408469 0.000097 0.136049
