4 0 0.082901 0.047067 0.026650 0.001366 0.842016
4 0 0.198099 0.307424 0.074595 0.001974 0.417908
4 0 0.130510 0.135428 0.023160 0.000073 0.710829
4 0 0.149412 0.117960 0.013156 0.000009 0.719464
4 0 0.232259 0.083325 0.021458 0.000160 0.662798
4 0 0.150079 0.024091 0.008895 0.000065 0.816871
4 0 0.094523 0.014980 0.003290 0.000003 0.887203
4 0 0.088817 0.027238 0.002260 0.000000 0.881684
4 0 0.043041 0.010289 0.003326 0.000008 0.943337
4 0 0.050052 0.015805 0.002652 0.000001 0.931490
4 0 0.053623 0.021098 0.004755 0.000007 0.920517
4 0 0.057664 0.024149 0.002288 0.000000 0.915899
4 0 0.033233 0.013220 0.002550 0.000002 0.950996
4 0 0.045815 0.030144 0.007043 0.000016 0.916982
4 0 0.034464 0.010620 0.002475 0.000002 0.952438
4 0 0.040598 0.035702 0.014390 0.000206 0.909105
4 0 0.045915 0.064530 0.025044 0.000537 0.863974
4 0 0.103073 0.159569 0.024200 0.000061 0.713096
4 0 0.195399 0.262195 0.013819 0.000002 0.528585
4 0 0.021842 0.181509 0.034233 0.000001 0.762416
4 0 0.007408 0.234941 0.261402 0.000008 0.496241
1 0 0.053242 0.419519 0.169983 0.000014 0.357243
1 0 0.007889 0.552882 0.224837 0.000030 0.214362
1 0 0.011859 0.536657 0.233536 0.000021 0.217926
1 1 0.006061 0.419687 0.346074 0.000166 0.228012
1 1 0.017525 0.496351 0.136325 0.000002 0.349796
1 1 0.038517 0.461498 0.068901 0.000003 0.431080
4 1 0.055048 0.318399 0.064534 0.000061 0.561958
1 1 0.035914 0.504200 0.106681 0.000011 0.353193
4 1 0.009427 0.296850 0.117620 0.000020 0.576083
1 0 0.018366 0.511218 0.199268 0.000112 0.271036
4 0 0.043420 0.177124 0.077416 0.000197 0.701843
4 1 0.030223 0.267094 0.143573 0.001080 0.558030
1 1 0.026470 0.418825 0.139496 0.000267 0.414941
4 0 0.075429 0.272027 0.147151 0.010913 0.494480
4 0 0.032553 0.351248 0.248624 0.000248 0.367327
4 1 0.017164 0.296482 0.237076 0.001450 0.447829
1 0 0.036652 0.413698 0.224305 0.006379 0.318966
1 0 0.030877 0.555271 0.262714 0.002280 0.148858
4 0 0.010572 0.281128 0.265105 0.000168 0.443027
1 0 0.019319 0.496250 0.153393 0.000013 0.331024
1 1 0.016533 0.472270 0.193882 0.000006 0.317309
1 1 0.008783 0.574270 0.200939 0.000033 0.215975
1 1 0.018580 0.579821 0.154238 0.000085 0.247275
1 1 0.042362 0.554013 0.063208 0.000141 0.340277
4 0 0.108013 0.125987 0.016479 0.000021 0.749501
4 0 0.122093 0.162452 0.036003 0.000310 0.679142
4 0 0.084147 0.052722 0.010109 0.000019 0.853003
4 0 0.075186 0.036401 0.013335 0.000138 0.874941
4 0 0.080975 0.031550 0.019714 0.000965 0.866795
4 0 0.013113 0.019047 0.008648 0.000116 0.959076
4 0 0.014943 0.090004 0.009379 0.000001 0.885673
4 0 0.051051 0.086640 0.012149 0.000007 0.850153
4 0 0.030812 0.049475 0.025310 0.001053 0.893350
4 0 0.149676 0.058358 0.005262 0.000001 0.786704
4 0 0.062081 0.038366 0.006116 0.000005 0.893431
4 0 0.054343 0.052203 0.007753 0.000007 0.885694
4 0 0.052025 0.023536 0.006399 0.000018 0.918023
4 0 0.055143 0.043604 0.004941 0.000002 0.896310
4 0 0.051622 0.148910 0.007734 0.000001 0.791733
4 1 0.097208 0.250707 0.010513 0.000001 0.641571
4 1 0.108520 0.187531 0.010299 0.000001 0.693649
4 0 0.040084 0.020539 0.009750 0.000144 0.929483
4 0 0.017664 0.012963 0.008658 0.000271 0.960444
4 0 0.030871 0.013357 0.008962 0.000278 0.946532
4 0 0.103744 0.029220 0.002856 0.000000 0.864180
4 0 0.082754 0.022467 0.003869 0.000002 0.890908
4 0 0.041730 0.011672 0.003859 0.000011 0.942727
4 0 0.064473 0.021342 0.005356 0.000011 0.908818
4 0 0.031682 0.008759 0.005418 0.000090 0.954050
4 0 0.389973 0.068732 0.011072 0.000018 0.530205
4 0 0.141020 0.026706 0.015318 0.000489 0.816467
4 0 0.179607 0.048629 0.034724 0.003844 0.733196
4 0 0.248034 0.054364 0.036101 0.003652 0.657850
4 0 0.133464 0.039999 0.034164 0.005523 0.786851
0 0 0.418170 0.088437 0.087470 0.025611 0.380312
4 0 0.321144 0.065007 0.082838 0.027628 0.503384
4 0 0.374705 0.071634 0.060368 0.009748 0.483545
4 0 0.235173 0.057020 0.066893 0.019706 0.621208
4 0 0.307055 0.075797 0.042304 0.003554 0.571291
4 0 0.043715 0.032950 0.019224 0.000818 0.903293
4 0 0.027221 0.030961 0.013324 0.000214 0.928280
4 0 0.019048 0.112457 0.034563 0.000180 0.833753
4 0 0.025951 0.069335 0.032453 0.000430 0.871831
4 0 0.040604 0.029732 0.018338 0.000854 0.910472
4 0 0.035850 0.013492 0.003529 0.000006 0.947123
4 0 0.032882 0.015624 0.010756 0.000411 0.940327
4 0 0.043165 0.025007 0.006449 0.000017 0.925363
4 0 0.066222 0.031570 0.008989 0.000037 0.893183
4 0 0.077216 0.033629 0.015520 0.000310 0.873325
1 0 0.171473 0.394835 0.125746 0.001257 0.306689
1 1 0.066825 0.513719 0.214262 0.000611 0.204584
1 1 0.044876 0.513545 0.231345 0.000208 0.210025
1 1 0.031893 0.552915 0.199290 0.000244 0.215658
1 2 0.005448 0.523578 0.297934 0.000015 0.173025
2 2 0.004886 0.378883 0.558019 0.000823 0.057389
2 2 0.009533 0.357685 0.575780 0.002158 0.054844
2 2 0.005437 0.314221 0.634518 0.000933 0.044891
2 2 0.000649 0.230735 0.732659 0.000149 0.035808
2 2 0.011421 0.374141 0.538334 0.001077 0.075027
2 2 0.004948 0.273686 0.684871 0.001236 0.035260
2 2 0.002032 0.274808 0.689221 0.000374 0.033565
2 2 0.002508 0.299284 0.659258 0.000450 0.038499
2 2 0.004652 0.287467 0.653659 0.001541 0.052681
2 3 0.001729 0.268663 0.673256 0.000559 0.055793
1 3 0.147233 0.386796 0.240721 0.002905 0.222345
1 3 0.038287 0.474638 0.324206 0.001246 0.161623
1 3 0.006806 0.447034 0.402264 0.001778 0.142118
2 3 0.007016 0.381662 0.398200 0.004100 0.209022
2 3 0.003448 0.371398 0.513271 0.001082 0.110801
2 2 0.000631 0.076710 0.888892 0.002820 0.030947
2 2 0.000758 0.030808 0.936036 0.019764 0.012634
2 2 0.002273 0.090289 0.843554 0.016474 0.047409
2 2 0.000780 0.023632 0.924143 0.039407 0.012038
2 3 0.001455 0.038846 0.905010 0.036199 0.018489
2 3 0.008356 0.198760 0.475186 0.044234 0.273464
2 3 0.016864 0.178297 0.443980 0.118823 0.242035
2 3 0.009374 0.163505 0.509783 0.080058 0.237281
4 3 0.080275 0.254575 0.263653 0.018492 0.383006
4 3 0.065190 0.226444 0.333166 0.012750 0.362450
4 3 0.228594 0.177277 0.102256 0.009694 0.482178
4 0 0.205940 0.189598 0.141255 0.004854 0.458353
4 0 0.296250 0.312787 0.068292 0.001526 0.321146
4 0 0.266550 0.254387 0.027101 0.000041 0.451921
4 1 0.170184 0.362209 0.058641 0.000518 0.408447
4 0 0.359378 0.062479 0.011651 0.000026 0.566465
4 0 0.237977 0.056472 0.009575 0.000013 0.695962
4 0 0.204780 0.045693 0.009527 0.000021 0.739979
4 0 0.210213 0.042934 0.018351 0.000361 0.728140
4 0 0.085363 0.035162 0.017501 0.000459 0.861515
4 0 0.045568 0.046898 0.019353 0.000377 0.887803
4 0 0.029018 0.031571 0.003136 0.000001 0.936274
4 0 0.026110 0.122411 0.017582 0.000000 0.833897
4 1 0.027645 0.154488 0.011794 0.000000 0.806073
4 1 0.006221 0.144525 0.032577 0.000000 0.816677
4 1 0.030222 0.406263 0.047508 0.000008 0.515998
4 0 0.086444 0.267171 0.018608 0.000001 0.627776
4 0 0.106694 0.188625 0.038786 0.000309 0.665586
4 0 0.069640 0.214609 0.027058 0.000017 0.688676
4 0 0.075935 0.070123 0.021857 0.000246 0.831839
4 0 0.078963 0.026795 0.003628 0.000001 0.890613
4 0 0.054646 0.082557 0.006484 0.000001 0.856312
4 1 0.043390 0.309696 0.017267 0.000000 0.629646
4 0 0.132593 0.269267 0.019624 0.000009 0.578507
4 0 0.054172 0.052633 0.009750 0.000017 0.883428
4 0 0.046939 0.020364 0.003660 0.000003 0.929034
4 0 0.014059 0.015692 0.002809 0.000002 0.967438
4 0 0.025791 0.018515 0.006399 0.000033 0.949262
4 1 0.017583 0.052838 0.011349 0.000000 0.918230
4 0 0.026564 0.015505 0.006497 0.000053 0.951381
4 0 0.019411 0.012220 0.002292 0.000001 0.966076
4 0 0.038694 0.022613 0.003894 0.000003 0.934796
4 0 0.022144 0.011493 0.002837 0.000003 0.963522
4 0 0.049905 0.012940 0.006419 0.000072 0.930664
4 0 0.024659 0.011181 0.002378 0.000002 0.961780
4 0 0.254432 0.100842 0.009629 0.000004 0.635094
4 0 0.037467 0.179447 0.035872 0.000003 0.747211
4 0 0.142609 0.192342 0.014942 0.000006 0.650101
4 0 0.058303 0.151351 0.031532 0.000211 0.758603
4 0 0.169441 0.147505 0.031256 0.000214 0.651584
4 1 0.036736 0.256565 0.137801 0.008831 0.560068
4 0 0.181836 0.214022 0.082057 0.005812 0.516273
4 1 0.050784 0.192162 0.115217 0.030868 0.610969
4 1 0.039887 0.273613 0.155147 0.016684 0.514669
4 0 0.059833 0.187794 0.089823 0.010885 0.651665
4 0 0.098299 0.082054 0.017733 0.000072 0.801842
4 0 0.114026 0.175421 0.024524 0.000002 0.686027
4 0 0.077228 0.029662 0.007018 0.000015 0.886076
4 0 0.098568 0.034159 0.014128 0.000201 0.852944
4 0 0.055353 0.027749 0.008638 0.000043 0.908216
4 0 0.156500 0.147469 0.017933 0.000021 0.678077
4 0 0.057395 0.073999 0.016265 0.000065 0.852276
4 0 0.052340 0.031611 0.021460 0.001402 0.893187
4 0 0.026798 0.027733 0.018434 0.001059 0.925976
4 0 0.147040 0.118641 0.055139 0.003654 0.675525
4 0 0.025177 0.015401 0.006217 0.000045 0.953160
4 0 0.090988 0.040435 0.009959 0.000032 0.858586
4 0 0.027930 0.046930 0.015260 0.000040 0.909840
4 0 0.097580 0.059399 0.040580 0.004659 0.797783
4 0 0.035255 0.057089 0.013435 0.000054 0.894166
4 0 0.128243 0.086377 0.031617 0.000712 0.753052
4 0 0.059219 0.076942 0.030069 0.000763 0.833007
4 0 0.065056 0.052540 0.009315 0.000014 0.873075
4 0 0.047962 0.067376 0.014922 0.000057 0.869683
4 0 0.039409 0.050672 0.021852 0.000531 0.887536
4 0 0.036772 0.031068 0.020002 0.001118 0.911041
4 0 0.059420 0.034279 0.018568 0.000634 0.887100
4 0 0.042674 0.040010 0.019586 0.000570 0.897160
4 0 0.035281 0.084422 0.019316 0.000102 0.860879
4 0 0.044902 0.039923 0.008668 0.000019 0.906487
4 0 0.053927 0.036048 0.006159 0.000006 0.903860
4 0 0.050310 0.077563 0.007075 0.000002 0.865050
4 0 0.046872 0.311074 0.020443 0.000000 0.621611
4 0 0.115492 0.079395 0.012026 0.000015 0.793072
4 0 0.243131 0.094017 0.034638 0.000909 0.627305
4 0 0.031506 0.013700 0.009104 0.000279 0.945411
4 0 0.033047 0.013487 0.006460 0.000070 0.946936
4 0 0.054389 0.038663 0.014971 0.000199 0.891779
4 0 0.038874 0.051700 0.012879 0.000057 0.896491
4 0 0.077023 0.090120 0.005239 0.000000 0.827619
1 0 0.051942 0.409630 0.193828 0.003170 0.341430
1 0 0.014538 0.604020 0.203735 0.000566 0.177142
1 1 0.036370 0.597178 0.195841 0.004751 0.165860
1 1 0.017801 0.572102 0.204141 0.000158 0.205798
1 1 0.022053 0.563917 0.213418 0.000228 0.200383
4 0 0.122221 0.154078 0.031824 0.000207 0.691670
4 0 0.033564 0.071951 0.034346 0.001608 0.858531
4 1 0.060617 0.196709 0.016126 0.000007 0.726540
4 0 0.065878 0.023971 0.014366 0.000489 0.895296
4 0 0.025798 0.015139 0.005507 0.000028 0.953528
4 0 0.038792 0.012714 0.001830 0.000000 0.946663
4 0 0.049215 0.008825 0.002280 0.000002 0.939679
4 0 0.041639 0.007588 0.003466 0.000019 0.947288
4 0 0.088065 0.028093 0.002593 0.000000 0.881248
4 0 0.055754 0.020765 0.001165 0.000000 0.922315
4 0 0.054015 0.025124 0.006021 0.000012 0.914828
4 0 0.090499 0.044911 0.004716 0.000001 0.859872
4 0 0.030916 0.057047 0.003270 0.000000 0.908767
4 0 0.033882 0.027331 0.011757 0.000166 0.926864
4 0 0.064267 0.057379 0.007624 0.000005 0.870724
1 0 0.055168 0.525176 0.127317 0.000103 0.292236
1 0 0.156211 0.445897 0.101333 0.000223 0.296336
1 1 0.024455 0.579907 0.144101 0.000142 0.251395
1 1 0.018966 0.588199 0.182045 0.000243 0.210547
1 0 0.108604 0.496667 0.107426 0.000346 0.286957
1 0 0.317249 0.354295 0.142043 0.001867 0.184546
1 1 0.062647 0.500580 0.099923 0.000047 0.336802
1 1 0.103757 0.509034 0.090971 0.000446 0.295791
1 1 0.015761 0.533961 0.146756 0.000020 0.303501
4 1 0.008742 0.349114 0.227002 0.000044 0.415099
4 1 0.006641 0.319258 0.211521 0.000049 0.462531
4 0 0.024165 0.308864 0.214883 0.002321 0.449767
4 1 0.012662 0.221672 0.167255 0.000154 0.598257
4 1 0.017329 0.284892 0.238221 0.002108 0.457450
4 1 0.014869 0.282110 0.243804 0.002104 0.457113
4 4 0.022382 0.035603 0.018824 0.000666 0.922525
4 4 0.025087 0.133048 0.036760 0.000111 0.804994
4 4 0.009842 0.037636 0.022556 0.000153 0.929812
4 4 0.012845 0.025235 0.015027 0.000603 0.946290
4 4 0.013014 0.118227 0.064548 0.000127 0.804084
4 4 0.049393 0.270381 0.198077 0.002885 0.479264
4 4 0.016410 0.372365 0.173566 0.001022 0.436637
1 4 0.030427 0.464019 0.187882 0.001343 0.316328
1 4 0.052438 0.592463 0.119507 0.001737 0.233856
1 1 0.040984 0.549331 0.230001 0.001131 0.178553
1 1 0.028686 0.462469 0.409089 0.004763 0.094993
2 1 0.006026 0.444393 0.469396 0.000589 0.079596
2 1 0.008424 0.397176 0.527212 0.001308 0.065880
2 1 0.003864 0.431323 0.485760 0.000568 0.078485
2 1 0.002419 0.405923 0.530139 0.000294 0.061227
2 1 0.001279 0.208733 0.692813 0.001364 0.095811
2 2 0.000716 0.281333 0.665441 0.000150 0.052360
2 2 0.000169 0.140842 0.829369 0.000086 0.029535
2 2 0.000347 0.211367 0.738279 0.000121 0.049886
2 2 0.000527 0.212236 0.722491 0.000267 0.064478
2 2 0.005864 0.178534 0.768802 0.007000 0.039800
2 2 0.000583 0.067740 0.907705 0.002657 0.021315
2 2 0.001038 0.059810 0.918949 0.005712 0.014492
2 2 0.000685 0.026204 0.955456 0.011903 0.005753
2 2 0.000174 0.048732 0.941397 0.000524 0.009173
2 2 0.000301 0.029896 0.960413 0.002804 0.006586
2 2 0.000141 0.010565 0.983185 0.004560 0.001549
2 2 0.000336 0.017561 0.968117 0.009602 0.004384
2 3 0.000963 0.019889 0.960878 0.015991 0.002279
2 3 0.000343 0.008023 0.959736 0.030237 0.001661
4 3 0.058645 0.355975 0.163782 0.001536 0.420062
0 0 0.625790 0.135832 0.046668 0.002903 0.188807
4 0 0.157589 0.293361 0.081026 0.001703 0.466320
4 0 0.213881 0.308584 0.040347 0.000148 0.437041
4 1 0.048249 0.319548 0.087690 0.000075 0.544439
1 1 0.025746 0.528150 0.200450 0.000040 0.245614
1 1 0.019880 0.570531 0.190628 0.000136 0.218825
1 1 0.010650 0.546582 0.249017 0.000044 0.193708
1 1 0.007784 0.534242 0.298647 0.000062 0.159264
1 1 0.011397 0.546432 0.193795 0.000012 0.248363
4 1 0.045624 0.287084 0.106368 0.001380 0.559544
1 1 0.043262 0.404191 0.177591 0.000043 0.374914
1 1 0.210958 0.362971 0.162982 0.001604 0.261485
4 0 0.063863 0.386793 0.132193 0.001609 0.415541
1 1 0.031660 0.536813 0.174885 0.000064 0.256579
1 1 0.014858 0.496800 0.387639 0.002395 0.098307
2 1 0.014574 0.434777 0.457625 0.003341 0.089684
2 1 0.005632 0.399063 0.531477 0.000929 0.062900
2 2 0.003895 0.337093 0.557449 0.001520 0.100043
2 2 0.001533 0.181842 0.741483 0.000465 0.074678
2 2 0.002288 0.087442 0.820475 0.027602 0.062193
2 2 0.001101 0.107945 0.837127 0.004557 0.049270
2 2 0.000910 0.066289 0.895296 0.007515 0.029991
2 2 0.008167 0.197925 0.676741 0.020307 0.096861
2 2 0.024816 0.154241 0.670106 0.022606 0.128232
2 2 0.019209 0.263442 0.603386 0.009534 0.104429
2 2 0.036477 0.266352 0.560348 0.047472 0.089351
2 2 0.001832 0.143881 0.777739 0.005509 0.071038
2 2 0.000328 0.084875 0.872844 0.001217 0.040737
2 3 0.000234 0.024399 0.965613 0.003417 0.006336
2 3 0.000283 0.006129 0.933097 0.058584 0.001907
2 3 0.000439 0.012261 0.939226 0.043124 0.004949
2 3 0.000467 0.013309 0.938298 0.042382 0.005544
2 3 0.000789 0.006486 0.633066 0.354471 0.005188
2 3 0.001675 0.012176 0.732266 0.247949 0.005934
3 3 0.000856 0.002757 0.209249 0.783552 0.003586
3 3 0.001587 0.006430 0.309077 0.675320 0.007586
3 3 0.000977 0.002965 0.187470 0.804425 0.004163
3 3 0.001374 0.002275 0.128598 0.865481 0.002272
3 3 0.001498 0.002417 0.141365 0.852725 0.001995
3 3 0.001337 0.002508 0.068300 0.921286 0.006570
3 3 0.001985 0.002467 0.045398 0.944184 0.005965
3 3 0.002472 0.008926 0.171696 0.793666 0.023240
3 3 0.002146 0.002923 0.055863 0.932215 0.006852
3 3 0.001612 0.002864 0.060309 0.926878 0.008337
3 3 0.001485 0.002640 0.056745 0.931052 0.008078
3 3 0.001966 0.003926 0.076528 0.906765 0.010816
3 3 0.002490 0.005378 0.084639 0.892861 0.014632
3 3 0.002124 0.003448 0.058640 0.926160 0.009627
3 3 0.002311 0.003867 0.061948 0.920849 0.011025
3 3 0.002330 0.004098 0.080451 0.904452 0.008670
3 3 0.000925 0.000966 0.032241 0.963576 0.002292
3 3 0.000815 0.000806 0.032941 0.963781 0.001657
3 3 0.001364 0.001463 0.039047 0.954952 0.003174
3 3 0.001426 0.002216 0.080829 0.912082 0.003446
3 3 0.002000 0.002189 0.033984 0.955346 0.006482
3 3 0.001107 0.001569 0.037817 0.954198 0.005309
3 3 0.001541 0.002275 0.047908 0.941875 0.006401
3 3 0.001565 0.001377 0.026876 0.966559 0.003622
3 3 0.002295 0.003269 0.044305 0.939746 0.010384
3 3 0.001399 0.001310 0.028199 0.965801 0.003291
3 3 0.000566 0.000267 0.011412 0.987178 0.000577
3 3 0.001408 0.001016 0.025356 0.970311 0.001908
3 3 0.002704 0.001808 0.039507 0.953852 0.002130
3 3 0.000868 0.000417 0.013902 0.983973 0.000839
3 3 0.013476 0.030962 0.105248 0.740067 0.110247
3 3 0.015198 0.028321 0.119383 0.776422 0.060677
1 3 0.082862 0.253612 0.227673 0.200407 0.235446
3 3 0.027698 0.075881 0.171861 0.558570 0.165989
3 3 0.024229 0.077917 0.239737 0.522151 0.135966
2 3 0.006501 0.040502 0.552371 0.358803 0.041822
2 3 0.002246 0.012859 0.599359 0.377902 0.007634
2 3 0.002421 0.045464 0.703220 0.173991 0.074904
2 2 0.009150 0.044528 0.589253 0.328462 0.028607
2 3 0.005420 0.026409 0.563010 0.388168 0.016992
2 3 0.005397 0.103172 0.764990 0.054714 0.071727
2 3 0.000981 0.073175 0.855068 0.011722 0.059054
2 3 0.001752 0.114716 0.765537 0.013950 0.104045
2 3 0.002712 0.068836 0.834128 0.046180 0.048144
2 3 0.003010 0.240618 0.656125 0.002840 0.097408
2 3 0.003230 0.194246 0.656537 0.007263 0.138724
4 2 0.007223 0.148339 0.380789 0.007853 0.455796
2 2 0.001600 0.217512 0.569547 0.003174 0.208167
2 2 0.002932 0.218684 0.603374 0.005659 0.169351
1 2 0.009327 0.414283 0.406421 0.002411 0.167558
2 2 0.008163 0.299604 0.536774 0.007733 0.147725
2 2 0.006426 0.283263 0.521719 0.007950 0.180642
2 2 0.005381 0.136962 0.651749 0.045539 0.160368
2 2 0.004683 0.264412 0.468978 0.008313 0.253615
2 2 0.005958 0.191527 0.587154 0.023085 0.192275
1 2 0.030571 0.486451 0.248906 0.010708 0.223365
4 2 0.011015 0.191993 0.308385 0.006726 0.481881
2 2 0.010718 0.274158 0.377561 0.023029 0.314534
1 2 0.043056 0.374604 0.344372 0.002428 0.235541
1 2 0.065556 0.405774 0.282684 0.004032 0.241953
4 2 0.129699 0.128894 0.034778 0.000395 0.706235
4 2 0.190047 0.172044 0.041263 0.000500 0.596145
4 0 0.170027 0.054359 0.033463 0.002555 0.739597
4 0 0.102771 0.102504 0.020615 0.000082 0.774028
4 0 0.196442 0.278856 0.016146 0.000004 0.508552
1 0 0.041133 0.569130 0.179222 0.000770 0.209746
1 1 0.044493 0.556159 0.167762 0.000394 0.231193
1 1 0.027249 0.564543 0.167936 0.000140 0.240132
1 1 0.032361 0.557509 0.161509 0.000142 0.248479
1 1 0.103668 0.461989 0.214770 0.004839 0.214734
1 1 0.027613 0.580841 0.115012 0.000139 0.276395
1 1 0.059233 0.598020 0.138082 0.006052 0.198612
1 1 0.020872 0.551260 0.144328 0.000027 0.283513
1 1 0.063420 0.480388 0.118792 0.000023 0.337378
4 1 0.071320 0.234974 0.139539 0.000852 0.553316
4 1 0.076901 0.169888 0.046144 0.000799 0.706269
4 1 0.055799 0.370623 0.044597 0.000024 0.528957
4 1 0.019138 0.131118 0.039241 0.000783 0.809720
4 0 0.045305 0.054100 0.034867 0.003171 0.862557
4 1 0.053845 0.061190 0.026654 0.000776 0.857535
1 1 0.021930 0.461811 0.140454 0.000086 0.375718
1 1 0.028440 0.575864 0.174940 0.000548 0.220208
1 1 0.205943 0.366123 0.168236 0.010662 0.249036
4 1 0.090334 0.399828 0.087860 0.000471 0.421507
4 1 0.073773 0.287239 0.082677 0.000882 0.555429
4 1 0.039562 0.362756 0.207073 0.017509 0.373100
1 1 0.054606 0.413989 0.213380 0.017367 0.300659
4 1 0.033576 0.336570 0.235281 0.026878 0.367694
1 1 0.072237 0.562025 0.153685 0.002640 0.209413
1 1 0.107788 0.432270 0.175487 0.004197 0.280258
4 0 0.052965 0.131417 0.049310 0.001864 0.764444
1 1 0.031957 0.589369 0.107596 0.000277 0.270802
1 1 0.025737 0.546106 0.110075 0.000049 0.318032
1 1 0.030817 0.550439 0.096413 0.000047 0.322283
4 1 0.012230 0.347792 0.133026 0.000136 0.506816
4 1 0.064380 0.136295 0.043365 0.000076 0.755885
4 0 0.064908 0.037680 0.015777 0.000259 0.881376
4 0 0.056434 0.102249 0.029032 0.000352 0.811933
4 0 0.341625 0.088668 0.020089 0.000116 0.549503
4 0 0.136848 0.036842 0.031914 0.005006 0.789390
4 0 0.153392 0.079771 0.014271 0.000031 0.752534
4 0 0.061612 0.018654 0.008315 0.000090 0.911329
4 0 0.037730 0.020314 0.004425 0.000006 0.937525
4 0 0.100481 0.032289 0.007653 0.000018 0.859559
4 0 0.128139 0.061934 0.007011 0.000003 0.802913
4 0 0.067241 0.023147 0.013651 0.000428 0.895534
4 0 0.170345 0.222361 0.008612 0.000000 0.598682
4 0 0.093344 0.067615 0.014629 0.000050 0.824362
4 0 0.044162 0.025030 0.010827 0.000141 0.919840
4 0 0.065680 0.166879 0.012514 0.000004 0.754923
4 0 0.033807 0.361025 0.185600 0.002648 0.416920
1 0 0.044143 0.431548 0.125838 0.000366 0.398106
4 0 0.016610 0.287361 0.196295 0.001063 0.498672
4 1 0.015462 0.324255 0.124260 0.000703 0.535320
4 1 0.014428 0.248068 0.125467 0.000292 0.611746
2 1 0.007660 0.210026 0.408660 0.000424 0.373230
2 1 0.007837 0.294298 0.382041 0.000473 0.315351
2 1 0.006204 0.263403 0.449077 0.000782 0.280534
1 1 0.016262 0.534956 0.331811 0.002337 0.114634
1 1 0.009954 0.522588 0.339956 0.000338 0.127163
2 1 0.010645 0.315346 0.566829 0.006544 0.100637
2 1 0.006436 0.300811 0.512611 0.006516 0.173626
2 1 0.009745 0.281208 0.471717 0.015877 0.221453
2 1 0.004358 0.241089 0.579971 0.007393 0.167190
2 2 0.008971 0.137909 0.714789 0.053940 0.084391
2 2 0.000810 0.059206 0.926681 0.002840 0.010463
2 2 0.000824 0.040650 0.952161 0.001430 0.004935
2 2 0.000861 0.093038 0.871028 0.002481 0.032592
2 2 0.001623 0.082443 0.892313 0.002243 0.021378
2 2 0.020003 0.141264 0.798592 0.003095 0.037046
4 0 0.163201 0.280164 0.076792 0.002554 0.477289
4 0 0.026843 0.353980 0.086213 0.000185 0.532779
1 0 0.101856 0.456884 0.062563 0.000445 0.378252
4 0 0.119120 0.266148 0.073851 0.002318 0.538563
4 0 0.052460 0.425754 0.083997 0.000335 0.437453
4 0 0.175992 0.161961 0.032498 0.000208 0.629342
4 0 0.053972 0.049604 0.030239 0.002103 0.864082
4 0 0.035338 0.054331 0.019605 0.000292 0.890434
4 0 0.026689 0.307796 0.049919 0.000015 0.615581
4 0 0.031191 0.292309 0.059813 0.000033 0.616653
1 1 0.012287 0.377820 0.251035 0.000545 0.358313
1 1 0.019402 0.414950 0.190322 0.001223 0.374103
1 1 0.127958 0.464816 0.131883 0.002248 0.273095
1 0 0.109760 0.519447 0.175605 0.004225 0.190963
1 0 0.106630 0.473206 0.126064 0.003679 0.290420
1 1 0.012906 0.566664 0.280928 0.000857 0.138645
1 1 0.024651 0.594738 0.211447 0.002961 0.166204
1 1 0.031118 0.588519 0.221598 0.004163 0.154602
1 1 0.065257 0.533552 0.246665 0.007757 0.146769
1 1 0.026155 0.552283 0.256911 0.000812 0.163839
1 1 0.086219 0.468407 0.058550 0.000049 0.386774
4 1 0.109797 0.068033 0.035278 0.001910 0.784982
4 1 0.091821 0.268338 0.085570 0.004240 0.550032
4 0 0.210599 0.078569 0.046639 0.004600 0.659594
4 0 0.042800 0.146315 0.055824 0.000373 0.754688
1 1 0.049308 0.506036 0.094613 0.000028 0.350015
4 1 0.056521 0.139819 0.074139 0.001016 0.728504
4 0 0.135692 0.291289 0.097437 0.002946 0.472635
1 0 0.136768 0.476906 0.063008 0.000452 0.322867
4 0 0.091424 0.156671 0.059289 0.002708 0.689909
1 0 0.064040 0.565946 0.155049 0.001951 0.213015
1 1 0.033726 0.582367 0.145147 0.000388 0.238372
1 1 0.030456 0.592178 0.141528 0.001430 0.234409
1 1 0.013035 0.402984 0.210521 0.001630 0.371830
1 1 0.013495 0.390070 0.222148 0.002265 0.372023
2 1 0.005012 0.104753 0.760677 0.052943 0.076616
2 2 0.001106 0.044452 0.936029 0.008963 0.009449
2 2 0.000749 0.081758 0.887935 0.002739 0.026819
2 2 0.000492 0.014436 0.964928 0.017226 0.002918
2 2 0.000571 0.023922 0.957623 0.011939 0.005946
2 2 0.000087 0.016898 0.981340 0.000416 0.001259
2 2 0.000499 0.012189 0.960561 0.024238 0.002513
2 2 0.000150 0.013719 0.982189 0.002144 0.001798
2 2 0.000564 0.031651 0.958659 0.004223 0.004903
2 2 0.000141 0.011445 0.980984 0.004850 0.002580
2 2 0.000756 0.023009 0.894959 0.064402 0.016873
2 2 0.001687 0.032866 0.854093 0.088345 0.023009
2 2 0.000997 0.021674 0.897259 0.068754 0.011317
2 2 0.000648 0.025076 0.923540 0.034638 0.016098
2 2 0.002102 0.012891 0.687548 0.291597 0.005862
2 3 0.002420 0.008135 0.544037 0.442603 0.002805
2 3 0.000911 0.008716 0.799215 0.187505 0.003653
2 3 0.016153 0.050078 0.570180 0.342844 0.020745
2 3 0.030798 0.097634 0.778696 0.084406 0.008466
2 3 0.028618 0.086922 0.666353 0.198280 0.019827
1 3 0.030361 0.392490 0.324686 0.022983 0.229479
1 3 0.221406 0.382770 0.254321 0.006185 0.135318
1 0 0.055555 0.464589 0.249060 0.002812 0.227983
1 0 0.074770 0.553540 0.203033 0.013609 0.155048
1 1 0.033252 0.548515 0.282233 0.005491 0.130509
2 1 0.005512 0.100443 0.824267 0.030313 0.039464
2 1 0.015322 0.160983 0.775322 0.022964 0.025409
2 2 0.009545 0.109607 0.843297 0.021255 0.016297
2 2 0.002707 0.106941 0.840391 0.010699 0.039261
2 2 0.002485 0.081550 0.902762 0.004192 0.009011
2 2 0.002125 0.015955 0.578654 0.387008 0.016258
2 2 0.005919 0.038344 0.574158 0.343693 0.037885
2 2 0.007006 0.047879 0.632223 0.273904 0.038988
2 3 0.009696 0.055384 0.650392 0.250784 0.033743
2 3 0.011514 0.067414 0.564788 0.295776 0.060508
4 3 0.016466 0.339398 0.267280 0.020386 0.356469
4 3 0.044303 0.286624 0.237425 0.011558 0.420090
1 3 0.050686 0.369406 0.270757 0.026550 0.282601
1 3 0.050835 0.565408 0.209068 0.003659 0.171031
1 3 0.074266 0.351718 0.236028 0.009045 0.328943
1 3 0.111535 0.540629 0.101761 0.003096 0.242979
1 2 0.059942 0.517526 0.106332 0.000455 0.315746
4 2 0.072055 0.390129 0.112191 0.006909 0.418716
4 1 0.019120 0.318298 0.121001 0.001530 0.540051
4 1 0.068803 0.126280 0.078210 0.014069 0.712638
1 1 0.011133 0.562289 0.213426 0.000278 0.212874
1 1 0.016089 0.513535 0.184141 0.000026 0.286210
1 1 0.052780 0.442976 0.282455 0.000292 0.221497
1 1 0.015902 0.507783 0.230532 0.000122 0.245662
1 1 0.004882 0.393390 0.254434 0.000334 0.346959
2 1 0.007829 0.413490 0.459841 0.002298 0.116541
2 1 0.007202 0.308744 0.534907 0.005915 0.143232
2 1 0.007121 0.397418 0.500278 0.001873 0.093310
2 1 0.002646 0.340906 0.496013 0.000453 0.159982
2 1 0.008200 0.377740 0.464575 0.003911 0.145573
2 1 0.006809 0.323628 0.562587 0.003568 0.103409
2 1 0.006237 0.241379 0.574496 0.012668 0.165220
2 1 0.008259 0.258978 0.552689 0.014460 0.165614
2 1 0.013967 0.175823 0.594162 0.074865 0.141183
2 1 0.005643 0.240918 0.551396 0.011487 0.190556
2 1 0.002747 0.365454 0.516137 0.000358 0.115305
2 1 0.003401 0.328374 0.533559 0.001803 0.132863
2 1 0.002993 0.273670 0.576823 0.002747 0.143768
2 1 0.001329 0.240204 0.662087 0.000941 0.095439
2 1 0.005148 0.428661 0.495173 0.000745 0.070273
2 1 0.013047 0.294632 0.414486 0.021594 0.256240
2 1 0.004966 0.331367 0.535925 0.000872 0.126870
2 1 0.004596 0.333073 0.409656 0.004099 0.248575
2 1 0.003842 0.272825 0.429688 0.002826 0.290819
4 1 0.016000 0.270758 0.250525 0.002963 0.459753
4 1 0.107848 0.281836 0.286973 0.010952 0.312391
2 1 0.022403 0.318146 0.367557 0.015952 0.275942
2 1 0.021196 0.223685 0.471528 0.086378 0.197214
2 1 0.016373 0.283892 0.423384 0.036055 0.240297
2 1 0.019236 0.330923 0.390306 0.023409 0.236126
2 1 0.020311 0.364515 0.457938 0.013181 0.144055
2 1 0.018582 0.331809 0.412329 0.021452 0.215827
2 1 0.013832 0.309375 0.492474 0.016427 0.167892
2 1 0.007476 0.308800 0.493094 0.007606 0.183024
1 1 0.031144 0.492178 0.366959 0.006338 0.103381
2 1 0.011316 0.059289 0.654544 0.243438 0.031412
2 1 0.006547 0.042591 0.761836 0.171934 0.017092
2 2 0.006201 0.053670 0.798928 0.119084 0.022117
2 2 0.001329 0.013486 0.888232 0.093365 0.003587
2 2 0.001267 0.010874 0.922037 0.064445 0.001377
2 2 0.000436 0.006110 0.951237 0.041356 0.000860
2 2 0.000554 0.006056 0.925264 0.067229 0.000898
2 2 0.000499 0.008792 0.957621 0.031645 0.001444
2 2 0.001293 0.019236 0.919787 0.054514 0.005170
2 2 0.000096 0.001923 0.973018 0.024772 0.000191
2 2 0.001452 0.008828 0.642380 0.342640 0.004700
2 2 0.001158 0.005921 0.652735 0.338003 0.002184
2 2 0.003898 0.026167 0.630457 0.319202 0.020277
3 2 0.001101 0.004519 0.477230 0.514634 0.002516
3 2 0.003210 0.008505 0.350932 0.631767 0.005586
3 2 0.001580 0.003202 0.239548 0.753865 0.001805
3 3 0.001400 0.002632 0.125539 0.867050 0.003379
3 3 0.000905 0.001000 0.064635 0.932283 0.001177
3 3 0.002285 0.003300 0.073581 0.914710 0.006123
3 3 0.002145 0.002583 0.071222 0.920286 0.003764
3 3 0.000912 0.000940 0.040305 0.956126 0.001717
3 3 0.000965 0.000892 0.048383 0.948665 0.001094
3 3 0.001113 0.001680 0.095310 0.899916 0.001980
3 3 0.001114 0.000851 0.039027 0.957992 0.001017
3 3 0.000723 0.000357 0.015701 0.982623 0.000595
3 3 0.001102 0.000806 0.020108 0.975899 0.002085
3 3 0.001224 0.001621 0.043929 0.949111 0.004115
3 3 0.001497 0.001270 0.028446 0.965976 0.002812
3 3 0.001110 0.001329 0.035115 0.958782 0.003663
3 3 0.001521 0.001415 0.030702 0.963006 0.003357
3 3 0.002393 0.004062 0.042993 0.931062 0.019491
3 3 0.002115 0.004260 0.049427 0.924251 0.019946
3 3 0.001362 0.001484 0.025878 0.965482 0.005794
3 3 0.001423 0.001438 0.025188 0.966681 0.005270
3 3 0.001683 0.001760 0.029197 0.961611 0.005748
3 3 0.000450 0.000180 0.009779 0.989267 0.000325
3 3 0.000582 0.000291 0.011159 0.987221 0.000747
3 3 0.000878 0.000502 0.015861 0.981654 0.001104
3 3 0.000716 0.000390 0.013951 0.984065 0.000879
3 3 0.000787 0.000471 0.015765 0.981909 0.001068
3 3 0.000711 0.000413 0.014563 0.983349 0.000964
3 3 0.001097 0.000794 0.019993 0.976086 0.002030
3 3 0.000845 0.000736 0.017915 0.977694 0.002810
3 3 0.000576 0.000389 0.014023 0.983870 0.001142
3 3 0.001263 0.001097 0.022284 0.971822 0.003533
3 3 0.000953 0.000703 0.018815 0.977620 0.001910
3 3 0.000819 0.000569 0.015087 0.981607 0.001918
3 3 0.000838 0.000591 0.017696 0.979350 0.001526
3 3 0.001023 0.000607 0.015138 0.981499 0.001733
3 3 0.001235 0.001143 0.022875 0.970850 0.003897
3 3 0.001336 0.001338 0.024796 0.967761 0.004769
3 3 0.001448 0.001517 0.028176 0.964016 0.004843
3 3 0.001252 0.001210 0.022388 0.970432 0.004718
3 3 0.001240 0.000935 0.019449 0.975434 0.002942
3 3 0.001696 0.002040 0.034039 0.955729 0.006497
3 3 0.000950 0.000568 0.015754 0.981275 0.001453
3 3 0.000840 0.000455 0.014148 0.983469 0.001089
3 3 0.000972 0.000547 0.015744 0.981475 0.001262
3 3 0.000771 0.000518 0.015449 0.981754 0.001508
3 3 0.000759 0.000577 0.016414 0.980380 0.001870
3 3 0.000238 0.000080 0.006919 0.992630 0.000133
3 3 0.000431 0.000174 0.009464 0.989594 0.000336
3 3 0.000419 0.000164 0.009409 0.989717 0.000292
3 3 0.000478 0.000202 0.009944 0.988962 0.000413
3 3 0.000203 0.000069 0.006214 0.993381 0.000132
3 3 0.001164 0.000873 0.021535 0.974280 0.002148
3 3 0.001177 0.001039 0.028173 0.967218 0.002392
3 3 0.002487 0.001736 0.040172 0.953404 0.002200
3 3 0.003124 0.002118 0.043701 0.948416 0.002641
3 3 0.006224 0.004471 0.065946 0.919176 0.004183
3 3 0.030264 0.075299 0.337033 0.494797 0.062607
2 3 0.024231 0.147201 0.527285 0.190018 0.111265
3 3 0.025222 0.038090 0.193944 0.706207 0.036539
3 3 0.033135 0.062015 0.218227 0.618335 0.068289
2 3 0.018089 0.104390 0.451523 0.303801 0.122197
2 2 0.014174 0.217836 0.356438 0.068730 0.342822
4 2 0.018137 0.236165 0.293670 0.066965 0.385063
3 2 0.015473 0.094897 0.312591 0.351419 0.225620
2 2 0.046024 0.258796 0.496373 0.028394 0.170414
2 2 0.056492 0.347499 0.439347 0.005494 0.151167
2 2 0.112765 0.243481 0.391948 0.011566 0.240241
4 2 0.056712 0.158735 0.193567 0.046367 0.544620
2 2 0.031484 0.172366 0.287687 0.236992 0.271471
2 2 0.033703 0.202139 0.343834 0.179276 0.241048
4 2 0.071787 0.170221 0.230164 0.109806 0.418023
4 2 0.026778 0.198106 0.147390 0.094556 0.533170
4 2 0.017615 0.098958 0.102498 0.089627 0.691302
4 2 0.023089 0.066544 0.054605 0.013836 0.841925
4 2 0.038773 0.095239 0.097976 0.033922 0.734090
4 2 0.019464 0.082458 0.103046 0.086018 0.709014
4 2 0.019915 0.095436 0.057856 0.003747 0.823046
4 2 0.015315 0.151584 0.092370 0.000524 0.740207
4 2 0.025855 0.152083 0.091696 0.011068 0.719297
4 2 0.025687 0.053952 0.046444 0.011123 0.862793
4 2 0.186452 0.158019 0.093165 0.017920 0.544444
4 2 0.034518 0.226425 0.163226 0.114740 0.461091
4 2 0.054517 0.154024 0.205786 0.167413 0.418260
4 2 0.025109 0.177626 0.139548 0.093625 0.564091
4 1 0.021209 0.218542 0.181817 0.080586 0.497845
4 1 0.067550 0.112142 0.111730 0.018380 0.690198
4 1 0.037247 0.293929 0.254570 0.074678 0.339576
1 1 0.075083 0.337565 0.230173 0.092828 0.264350
4 1 0.033397 0.275759 0.230858 0.077252 0.382734
4 1 0.022982 0.143672 0.170663 0.010639 0.652044
4 1 0.038387 0.202690 0.263036 0.074479 0.421408
4 1 0.050692 0.153653 0.148584 0.021761 0.625310
1 1 0.085895 0.412322 0.203828 0.054101 0.243854
4 1 0.043608 0.205340 0.161449 0.018751 0.570853
4 1 0.030289 0.271904 0.213766 0.025023 0.459017
4 1 0.027605 0.171206 0.185321 0.030105 0.585763
4 1 0.029587 0.290622 0.169853 0.054004 0.455933
4 1 0.026729 0.203385 0.156398 0.042300 0.571188
1 2 0.051373 0.403084 0.239243 0.022762 0.283538
4 2 0.051778 0.301043 0.170540 0.075779 0.400860
4 2 0.057916 0.304035 0.193660 0.095331 0.349058
2 2 0.053279 0.204394 0.309903 0.238518 0.193907
2 2 0.029838 0.229543 0.391983 0.121798 0.226838
2 2 0.057789 0.316243 0.427146 0.070662 0.128160
2 2 0.035987 0.196263 0.365346 0.190479 0.211925
3 2 0.048530 0.163910 0.305794 0.312767 0.168999
2 2 0.026037 0.195691 0.326520 0.153294 0.298458
2 2 0.009306 0.263136 0.367914 0.022367 0.337277
2 2 0.068511 0.309685 0.385875 0.009280 0.226650
2 2 0.018992 0.216760 0.350707 0.095529 0.318011
2 2 0.016008 0.239612 0.402930 0.032765 0.308685
4 2 0.016675 0.350625 0.232628 0.001642 0.398430
4 2 0.019679 0.281438 0.170294 0.003935 0.524653
4 2 0.062402 0.307609 0.177799 0.024320 0.427869
1 1 0.065389 0.527540 0.193885 0.003804 0.209382
1 1 0.030196 0.456892 0.173781 0.013482 0.325648
1 1 0.011857 0.507916 0.330783 0.002333 0.147111
4 1 0.015259 0.262945 0.330837 0.012933 0.378026
1 1 0.099048 0.484401 0.259676 0.004696 0.152180
1 1 0.054987 0.485893 0.301175 0.000971 0.156973
1 0 0.214249 0.408516 0.211715 0.006392 0.159128
1 0 0.087739 0.448783 0.269805 0.014377 0.179296
0 0 0.399345 0.260791 0.229352 0.003339 0.107172
4 0 0.077366 0.343184 0.187509 0.012889 0.379051
1 0 0.038035 0.401587 0.224008 0.002435 0.333935
1 1 0.025789 0.397879 0.295777 0.002345 0.278210
4 1 0.005771 0.232715 0.351357 0.006132 0.404025
2 1 0.009372 0.314399 0.370338 0.012796 0.293095
1 1 0.011857 0.478638 0.320370 0.001904 0.187231
1 1 0.019914 0.395430 0.290136 0.014897 0.279624
1 1 0.060863 0.421722 0.309484 0.004938 0.202992
4 1 0.106497 0.107806 0.013476 0.000013 0.772208
4 0 0.016821 0.011155 0.006316 0.000104 0.965604
4 0 0.054083 0.010072 0.002976 0.000005 0.932864
4 0 0.013810 0.005467 0.004789 0.000173 0.975762
4 0 0.016284 0.004549 0.004118 0.000138 0.974911
1 0 0.061496 0.466278 0.313324 0.020624 0.138277
2 0 0.006657 0.196687 0.574697 0.026200 0.195759
2 1 0.013451 0.236093 0.474077 0.043474 0.232905
2 1 0.006271 0.250667 0.470890 0.013992 0.258181
2 1 0.011982 0.226805 0.529098 0.037262 0.194854
4 1 0.085805 0.243338 0.049883 0.000525 0.620448
4 0 0.098914 0.134536 0.070008 0.007575 0.688967
4 0 0.100555 0.108755 0.073156 0.014555 0.702978
4 0 0.046209 0.033136 0.029650 0.004884 0.886120
4 0 0.087944 0.054616 0.030345 0.001675 0.825420
4 0 0.057075 0.322903 0.146082 0.005336 0.468604
4 0 0.014051 0.260677 0.197046 0.003938 0.524288
4 1 0.011476 0.222489 0.231231 0.001753 0.533051
4 1 0.012821 0.202113 0.248205 0.032305 0.504555
1 1 0.135190 0.333731 0.219713 0.004747 0.306619
1 1 0.010692 0.354919 0.287011 0.010596 0.336782
1 1 0.052218 0.441603 0.262220 0.005011 0.238948
4 0 0.025524 0.247126 0.176802 0.005463 0.545085
4 1 0.017330 0.327936 0.239470 0.009267 0.405997
4 1 0.017305 0.120089 0.123292 0.005177 0.734137
4 1 0.025291 0.360098 0.149246 0.002604 0.462761
4 1 0.025467 0.346057 0.239623 0.002249 0.386605
1 1 0.119596 0.531373 0.155368 0.010936 0.182726
1 1 0.017536 0.583577 0.191823 0.000202 0.206862
4 1 0.007646 0.238506 0.220579 0.003410 0.529860
1 1 0.036411 0.386798 0.230067 0.031408 0.315315
1 1 0.011981 0.377076 0.286883 0.008509 0.315551
1 1 0.016255 0.398180 0.384244 0.007620 0.193702
1 1 0.011583 0.337234 0.328949 0.011365 0.310869
1 1 0.014987 0.336903 0.320654 0.009242 0.318214
1 1 0.051352 0.402686 0.334561 0.034140 0.177261
1 1 0.037617 0.407910 0.354487 0.022368 0.177617
2 1 0.012466 0.302092 0.436179 0.019127 0.230135
2 1 0.028963 0.288125 0.443202 0.054654 0.185057
2 1 0.009962 0.288443 0.425874 0.017232 0.258490
2 1 0.010626 0.351226 0.497742 0.006257 0.134149
2 2 0.009653 0.297465 0.451298 0.014981 0.226604
2 2 0.014499 0.328720 0.406902 0.001073 0.248806
2 2 0.007128 0.334949 0.490275 0.002928 0.164720
2 2 0.009172 0.217995 0.593267 0.027274 0.152292
2 2 0.014234 0.201288 0.462187 0.082299 0.239992
2 2 0.016717 0.399837 0.416251 0.008483 0.158712
1 2 0.056213 0.393559 0.323612 0.007741 0.218875
1 2 0.027915 0.413834 0.353106 0.015837 0.189308
2 2 0.024599 0.266410 0.463482 0.035071 0.210438
2 2 0.060216 0.357363 0.421685 0.004266 0.156469
2 2 0.007302 0.307905 0.504388 0.007129 0.173276
2 2 0.004063 0.270678 0.497339 0.006202 0.221718
2 2 0.004859 0.252172 0.511981 0.009809 0.221179
2 2 0.003937 0.298122 0.525757 0.003520 0.168664
2 2 0.000316 0.030880 0.960639 0.002390 0.005775
2 2 0.000224 0.033658 0.960488 0.000982 0.004648
2 2 0.000437 0.031111 0.965380 0.001154 0.001918
2 2 0.000359 0.016133 0.974626 0.006627 0.002255
2 2 0.000168 0.010748 0.986708 0.001718 0.000658
2 2 0.005118 0.079603 0.850580 0.039770 0.024928
2 2 0.001289 0.033972 0.941901 0.015917 0.006920
2 2 0.004543 0.094466 0.828173 0.033097 0.039721
2 2 0.016684 0.259977 0.639010 0.003976 0.080353
2 2 0.014922 0.319147 0.614646 0.003461 0.047824
2 2 0.012805 0.174644 0.681320 0.045401 0.085831
2 2 0.011101 0.143599 0.680075 0.070916 0.094310
2 2 0.010026 0.107289 0.771318 0.066652 0.044714
2 2 0.009538 0.185812 0.704970 0.023047 0.076632
2 2 0.009561 0.123314 0.744066 0.063998 0.059061
2 2 0.000907 0.026025 0.959318 0.010529 0.003220
2 2 0.002749 0.016110 0.869077 0.109336 0.002728
2 2 0.000628 0.010417 0.966418 0.021434 0.001103
2 2 0.000168 0.006550 0.987978 0.004809 0.000496
2 2 0.000365 0.011267 0.982434 0.005255 0.000679
2 3 0.000366 0.008883 0.958975 0.029822 0.001954
2 3 0.000128 0.006563 0.986589 0.005932 0.000788
2 3 0.000482 0.006664 0.933257 0.058178 0.001419
2 3 0.000660 0.006848 0.960980 0.030983 0.000530
2 3 0.001672 0.034018 0.935812 0.021515 0.006982
2 3 0.003099 0.029722 0.818549 0.136347 0.012284
2 3 0.003462 0.049694 0.844988 0.078054 0.023802
2 3 0.000837 0.003859 0.770273 0.224358 0.000673
2 3 0.008993 0.077115 0.845961 0.053338 0.014593
2 3 0.011098 0.188678 0.739658 0.017151 0.043414
2 3 0.009762 0.197755 0.661175 0.027462 0.103847
2 3 0.005647 0.150531 0.740464 0.023806 0.079552
2 3 0.008168 0.142319 0.753095 0.034425 0.061993
2 3 0.008978 0.084885 0.752343 0.110468 0.043326
2 3 0.004050 0.071899 0.781044 0.087366 0.055641
2 3 0.001190 0.008960 0.883305 0.104984 0.001561
2 3 0.001281 0.035566 0.939646 0.015756 0.007750
2 3 0.000765 0.009365 0.933067 0.055342 0.001462
2 3 0.001216 0.018859 0.911899 0.061998 0.006028
2 3 0.000813 0.004053 0.749595 0.244660 0.000880
2 3 0.002063 0.008407 0.670331 0.316776 0.002424
2 3 0.002088 0.012367 0.734277 0.246539 0.004728
2 3 0.011216 0.049158 0.782017 0.148094 0.009516
2 3 0.000582 0.008397 0.925957 0.063113 0.001951
2 3 0.001115 0.013704 0.894707 0.086607 0.003868
2 3 0.000351 0.006244 0.946975 0.045159 0.001271
2 3 0.000915 0.010744 0.897756 0.087936 0.002648
2 3 0.002026 0.010011 0.716335 0.268643 0.002986
2 3 0.001399 0.008404 0.695047 0.291508 0.003642
2 3 0.000647 0.013772 0.929129 0.051769 0.004682
2 3 0.002337 0.018510 0.689819 0.276399 0.012935
2 3 0.002389 0.011924 0.636086 0.344319 0.005283
2 3 0.000958 0.003540 0.605332 0.389226 0.000945
2 3 0.002055 0.016807 0.805235 0.169222 0.006681
2 3 0.000601 0.005525 0.828047 0.164158 0.001670
3 3 0.002657 0.008269 0.356693 0.626057 0.006324
2 3 0.002800 0.010373 0.537105 0.445054 0.004668
3 3 0.003306 0.010753 0.333191 0.642114 0.010636
2 3 0.005964 0.037000 0.555868 0.366587 0.034580
3 3 0.005808 0.018889 0.460465 0.502971 0.011867
3 3 0.000663 0.000948 0.430338 0.567947 0.000104
3 3 0.001052 0.001201 0.409576 0.588069 0.000102
3 3 0.000371 0.000399 0.331908 0.667288 0.000034
3 3 0.001840 0.002670 0.365444 0.629488 0.000558
2 3 0.000900 0.003624 0.607402 0.386939 0.001134
3 3 0.002097 0.002495 0.213755 0.780779 0.000874
3 3 0.000854 0.001312 0.298823 0.698670 0.000341
3 3 0.001205 0.003307 0.472114 0.522247 0.001127
3 3 0.001722 0.001921 0.285904 0.710099 0.000354
3 3 0.001500 0.002084 0.261770 0.733957 0.000690
3 3 0.002156 0.005787 0.194976 0.789248 0.007832
