4 0 0.414234 0.054178 0.011439 0.005051 0.515098
0 0 0.576942 0.039641 0.011735 0.001856 0.369825
4 0 0.273408 0.032170 0.014405 0.012229 0.667788
0 0 0.569083 0.027868 0.014847 0.061164 0.327038
0 0 0.576971 0.067740 0.015188 0.008558 0.331543
0 0 0.478206 0.040757 0.015920 0.029010 0.436108
0 0 0.816125 0.010607 0.003046 0.027448 0.142774
4 0 0.422337 0.052571 0.025769 0.008279 0.491045
0 0 0.865511 0.028547 0.007303 0.007280 0.091358
0 0 0.557944 0.087970 0.019689 0.000455 0.333941
4 0 0.232204 0.249333 0.090844 0.003382 0.424236
4 0 0.083841 0.205638 0.110520 0.011558 0.588444
0 1 0.358459 0.318692 0.165117 0.003408 0.154323
4 0 0.095374 0.381364 0.134497 0.000345 0.388420
1 0 0.249918 0.379386 0.216335 0.013667 0.140694
1 0 0.119062 0.461984 0.279597 0.001028 0.138328
1 1 0.126652 0.448186 0.265838 0.002465 0.156859
1 0 0.174702 0.413572 0.235374 0.005702 0.170649
0 0 0.399906 0.138291 0.096288 0.217355 0.148160
1 0 0.195971 0.361538 0.323263 0.036963 0.082265
0 0 0.423775 0.114725 0.046719 0.026356 0.388425
0 0 0.596999 0.099142 0.034313 0.004807 0.264738
0 0 0.709441 0.084160 0.044257 0.014751 0.147391
0 0 0.725988 0.073484 0.035187 0.015389 0.149952
0 0 0.468248 0.177530 0.057071 0.024392 0.272759
4 0 0.359403 0.104415 0.020380 0.005373 0.510429
0 0 0.473925 0.090456 0.018598 0.009608 0.407413
4 0 0.385573 0.020907 0.007565 0.009139 0.576816
0 0 0.761612 0.015818 0.010482 0.065988 0.146099
0 0 0.850578 0.020564 0.009088 0.022196 0.097574
0 0 0.656044 0.031038 0.031668 0.028545 0.252705
0 0 0.616609 0.042199 0.028123 0.020222 0.292847
4 0 0.347939 0.138771 0.031176 0.000260 0.481854
4 0 0.251817 0.120581 0.022887 0.000112 0.604603
4 4 0.212637 0.073151 0.010555 0.000071 0.703586
4 4 0.151571 0.237030 0.060268 0.000369 0.550762
4 4 0.177055 0.250395 0.068107 0.001967 0.502477
4 4 0.352768 0.196494 0.055534 0.003045 0.392159
4 4 0.133600 0.127281 0.022329 0.000554 0.716236
4 4 0.206360 0.241284 0.066086 0.001210 0.485060
1 4 0.188458 0.398826 0.309148 0.011234 0.092334
1 4 0.190302 0.354695 0.321348 0.048405 0.085250
1 4 0.212596 0.379382 0.329207 0.011754 0.067061
1 4 0.084951 0.446479 0.290004 0.001801 0.176766
1 4 0.127335 0.442077 0.275841 0.003234 0.151513
1 4 0.118072 0.384506 0.142898 0.000984 0.353540
1 4 0.107918 0.385004 0.140647 0.001609 0.364821
4 4 0.198890 0.312783 0.112185 0.024682 0.351460
1 4 0.161596 0.381766 0.153425 0.000523 0.302690
1 4 0.101305 0.444382 0.202734 0.001885 0.249694
1 4 0.109948 0.449520 0.218516 0.001954 0.220062
1 4 0.106960 0.459667 0.238217 0.001270 0.193886
1 4 0.117025 0.429700 0.190572 0.000875 0.261827
1 4 0.072164 0.438351 0.178464 0.000315 0.310706
1 4 0.104183 0.436907 0.193746 0.002396 0.262768
1 4 0.093487 0.459341 0.267763 0.001113 0.178296
1 4 0.145112 0.435107 0.264080 0.004792 0.150910
1 4 0.104400 0.461562 0.239826 0.001128 0.193084
1 4 0.118985 0.451646 0.245597 0.002114 0.181658
1 1 0.098968 0.466391 0.245721 0.000838 0.188082
1 1 0.080723 0.464836 0.250793 0.000672 0.202976
1 1 0.083087 0.467258 0.231260 0.000581 0.217814
1 1 0.050229 0.414463 0.317553 0.000664 0.217091
1 1 0.128602 0.427386 0.277083 0.006872 0.160057
1 2 0.060118 0.393437 0.344479 0.003018 0.198948
2 2 0.050819 0.256211 0.656680 0.005099 0.031191
2 2 0.028046 0.170235 0.770097 0.011703 0.019919
2 2 0.097732 0.253195 0.531294 0.086940 0.030839
2 2 0.007482 0.065257 0.839946 0.075853 0.011462
2 2 0.005422 0.071004 0.876292 0.028735 0.018547
2 2 0.000881 0.008648 0.707581 0.282428 0.000463
2 2 0.000425 0.007961 0.871268 0.119577 0.000769
2 2 0.002591 0.020468 0.699415 0.275744 0.001781
3 2 0.000490 0.005101 0.480134 0.513876 0.000398
3 2 0.001035 0.008680 0.366956 0.622196 0.001134
2 2 0.000811 0.007592 0.514894 0.476224 0.000479
3 3 0.000112 0.001419 0.209496 0.788866 0.000107
2 2 0.001215 0.010257 0.498997 0.488973 0.000559
3 3 0.000186 0.002210 0.278972 0.718467 0.000165
3 2 0.000125 0.001658 0.285615 0.712484 0.000118
3 2 0.000083 0.001191 0.251013 0.747641 0.000073
3 3 0.000056 0.000889 0.235533 0.763480 0.000042
3 2 0.000247 0.002994 0.390301 0.606316 0.000141
3 3 0.000143 0.001863 0.291513 0.706391 0.000090
3 3 0.000428 0.004708 0.461326 0.533360 0.000179
3 3 0.000122 0.001670 0.299834 0.698289 0.000085
3 3 0.000084 0.001193 0.243105 0.755545 0.000074
2 3 0.000664 0.006606 0.497592 0.494857 0.000281
3 3 0.000215 0.002386 0.236556 0.760691 0.000152
3 3 0.000093 0.001217 0.193724 0.804879 0.000088
3 3 0.000029 0.000482 0.147754 0.851701 0.000034
3 3 0.000085 0.001166 0.208383 0.790301 0.000065
3 3 0.000033 0.000493 0.109995 0.889440 0.000039
3 3 0.000012 0.000198 0.065220 0.934551 0.000020
3 3 0.000090 0.001243 0.228593 0.770001 0.000073
3 3 0.000011 0.000196 0.073615 0.926159 0.000019
3 3 0.000093 0.001175 0.170775 0.827863 0.000093
3 3 0.000133 0.001549 0.181583 0.816604 0.000131
3 3 0.000011 0.000199 0.071712 0.928057 0.000021
3 3 0.000072 0.000903 0.124511 0.874434 0.000081
3 3 0.000053 0.000777 0.165925 0.833202 0.000044
3 3 0.000014 0.000234 0.068496 0.931232 0.000024
3 3 0.000005 0.000100 0.052671 0.947215 0.000009
3 3 0.000019 0.000295 0.079561 0.920097 0.000028
3 3 0.000014 0.000245 0.090528 0.909195 0.000019
3 3 0.000052 0.000641 0.092671 0.906567 0.000070
3 3 0.000029 0.000423 0.091851 0.907653 0.000044
3 3 0.000091 0.001133 0.159544 0.839138 0.000094
3 3 0.000005 0.000103 0.052177 0.947703 0.000011
3 3 0.000034 0.000472 0.084907 0.914536 0.000051
3 3 0.000044 0.000616 0.117516 0.881776 0.000048
3 3 0.000192 0.002117 0.205227 0.792314 0.000150
3 3 0.000026 0.000395 0.090967 0.908576 0.000035
3 3 0.000030 0.000441 0.099697 0.899795 0.000037
3 3 0.000074 0.001040 0.196556 0.802265 0.000065
3 3 0.000044 0.000698 0.185709 0.813508 0.000041
3 3 0.000055 0.000775 0.149558 0.849558 0.000054
3 3 0.000015 0.000245 0.070805 0.928912 0.000022
3 3 0.000030 0.000487 0.129505 0.869948 0.000030
3 3 0.000012 0.000206 0.066488 0.933275 0.000020
3 3 0.000012 0.000136 0.049348 0.950487 0.000017
3 3 0.000025 0.000380 0.091835 0.907728 0.000032
3 3 0.000018 0.000299 0.092879 0.906781 0.000023
3 3 0.000009 0.000098 0.041998 0.957880 0.000015
3 3 0.000136 0.001685 0.223319 0.774772 0.000089
3 3 0.000036 0.000508 0.101036 0.898372 0.000048
3 3 0.000076 0.000957 0.137898 0.860979 0.000090
3 3 0.000077 0.000760 0.091318 0.907746 0.000099
3 3 0.000026 0.000370 0.076509 0.923048 0.000047
3 3 0.000058 0.000701 0.092901 0.906248 0.000093
3 3 0.000032 0.000490 0.114997 0.884445 0.000036
3 3 0.000005 0.000096 0.050129 0.949759 0.000011
3 3 0.000007 0.000136 0.058257 0.941587 0.000013
3 3 0.000037 0.000433 0.104732 0.894762 0.000036
3 3 0.000018 0.000280 0.074306 0.925371 0.000025
3 3 0.000327 0.002798 0.140339 0.856132 0.000405
3 3 0.000534 0.004084 0.153276 0.841415 0.000691
3 3 0.004845 0.026011 0.358833 0.607552 0.002759
2 1 0.024070 0.097535 0.642359 0.229043 0.006993
2 1 0.069358 0.208202 0.668160 0.040252 0.014028
2 1 0.151187 0.326215 0.447036 0.029818 0.045744
2 1 0.148763 0.315361 0.391279 0.081565 0.063032
2 1 0.163440 0.335624 0.394852 0.045277 0.060807
2 0 0.169656 0.346053 0.422272 0.015596 0.046423
2 1 0.111152 0.353060 0.463844 0.013297 0.058647
2 1 0.124027 0.381491 0.400911 0.012420 0.081152
2 2 0.074413 0.373315 0.462249 0.004387 0.085636
2 1 0.156178 0.330743 0.428544 0.033919 0.050617
1 0 0.176788 0.364991 0.336149 0.029707 0.092364
1 1 0.203813 0.372739 0.339930 0.016000 0.067518
0 0 0.484984 0.063887 0.015345 0.002079 0.433705
0 0 0.656090 0.083172 0.026958 0.000768 0.233012
0 0 0.517161 0.073919 0.014299 0.000259 0.394362
0 0 0.609509 0.048988 0.012535 0.003902 0.325066
0 0 0.685221 0.049223 0.009917 0.002165 0.253474
0 0 0.788970 0.023512 0.004096 0.001434 0.181989
4 0 0.282946 0.054336 0.016914 0.007240 0.638565
0 0 0.584089 0.019448 0.007087 0.010990 0.378385
4 0 0.259930 0.008271 0.006486 0.009208 0.716105
4 0 0.412842 0.066728 0.010971 0.001918 0.507540
4 0 0.283312 0.076086 0.011840 0.001496 0.627266
0 0 0.759153 0.009690 0.002909 0.005052 0.223196
0 0 0.655499 0.005904 0.001248 0.003020 0.334329
0 0 0.670242 0.013774 0.004669 0.002114 0.309201
0 0 0.948296 0.007938 0.002811 0.001936 0.039020
0 0 0.902065 0.001127 0.000331 0.012043 0.084433
0 0 0.827085 0.010454 0.001393 0.000572 0.160496
0 0 0.944146 0.005967 0.002295 0.003700 0.043892
0 0 0.934588 0.006447 0.001139 0.003012 0.054814
0 0 0.946902 0.006769 0.001355 0.001679 0.043295
4 0 0.475489 0.039685 0.005467 0.001425 0.477934
4 0 0.298349 0.074149 0.011547 0.001600 0.614355
0 0 0.503791 0.013089 0.010444 0.011290 0.461386
0 0 0.860639 0.014812 0.004612 0.003332 0.116605
0 0 0.607726 0.015368 0.005558 0.011401 0.359946
4 0 0.259677 0.213321 0.056954 0.001356 0.468692
4 0 0.293712 0.214116 0.059693 0.000205 0.432275
4 0 0.328656 0.241320 0.077981 0.005488 0.346555
1 0 0.178136 0.373073 0.161474 0.036328 0.250989
1 0 0.140731 0.362847 0.132441 0.010508 0.353473
1 0 0.159178 0.406258 0.268730 0.017164 0.148669
1 0 0.164682 0.413008 0.284342 0.010917 0.127050
1 0 0.198244 0.385366 0.299539 0.020812 0.096038
1 1 0.166585 0.433399 0.290187 0.003127 0.106701
1 1 0.157810 0.435906 0.249844 0.004622 0.151818
1 1 0.235646 0.329092 0.125671 0.003629 0.305963
0 1 0.370637 0.298199 0.141868 0.012883 0.176414
4 0 0.265656 0.202419 0.052539 0.002566 0.476819
4 0 0.299887 0.061862 0.028347 0.023803 0.586100
0 0 0.396102 0.163418 0.043622 0.016691 0.380167
1 1 0.211600 0.402490 0.244764 0.014719 0.126427
1 1 0.132714 0.452112 0.261364 0.002022 0.151789
1 1 0.136443 0.451918 0.291484 0.001458 0.118698
1 1 0.099923 0.465773 0.245351 0.000875 0.188079
1 1 0.089503 0.457564 0.220641 0.000981 0.231310
1 1 0.084613 0.443880 0.326228 0.001562 0.143717
1 1 0.079902 0.426729 0.378809 0.001592 0.112968
2 1 0.045670 0.361245 0.491930 0.001030 0.100126
2 2 0.037505 0.305266 0.561622 0.002404 0.093203
1 1 0.187087 0.368459 0.276816 0.048822 0.118816
0 1 0.413089 0.250093 0.106116 0.003258 0.227445
1 0 0.293606 0.344314 0.171068 0.012424 0.178588
1 0 0.201435 0.402864 0.219050 0.014228 0.162422
1 1 0.193716 0.416677 0.268164 0.007472 0.113971
1 1 0.203341 0.410518 0.274751 0.008087 0.103302
1 1 0.204842 0.375786 0.364979 0.005392 0.049001
1 1 0.196255 0.361977 0.323854 0.036093 0.081822
1 1 0.130413 0.434189 0.336061 0.002062 0.097275
1 1 0.159901 0.395109 0.355507 0.008984 0.080499
1 2 0.131498 0.449442 0.315804 0.001144 0.102112
2 2 0.080737 0.386793 0.464750 0.001493 0.066227
2 2 0.062088 0.347435 0.525188 0.001993 0.063296
2 2 0.030040 0.292507 0.591238 0.001172 0.085042
2 2 0.011982 0.177872 0.751252 0.001556 0.057338
2 1 0.137586 0.329443 0.435223 0.041137 0.056612
1 1 0.190236 0.397981 0.343677 0.004357 0.063749
1 1 0.181745 0.421249 0.307492 0.003398 0.086116
1 1 0.220653 0.382807 0.305266 0.014091 0.077183
1 1 0.117444 0.458686 0.294772 0.001053 0.128046
1 1 0.092941 0.445328 0.335561 0.001326 0.124844
2 2 0.019033 0.225801 0.688993 0.001836 0.064338
2 2 0.020080 0.214129 0.702224 0.002316 0.061251
2 1 0.117751 0.351569 0.431242 0.023091 0.076347
2 2 0.122489 0.317269 0.502789 0.019035 0.038419
2 1 0.096133 0.386562 0.456514 0.002166 0.058624
2 1 0.174333 0.345788 0.373295 0.040261 0.066323
2 1 0.110472 0.373986 0.454391 0.004572 0.056580
2 1 0.159722 0.381311 0.391623 0.007081 0.060263
1 2 0.110635 0.417288 0.392496 0.001833 0.077749
2 2 0.059487 0.371848 0.500616 0.000790 0.067259
2 2 0.072086 0.320032 0.573684 0.002050 0.032148
2 2 0.031502 0.283227 0.630265 0.000732 0.054274
2 2 0.023681 0.156361 0.778698 0.018657 0.022602
2 1 0.061284 0.318778 0.576650 0.002343 0.040945
2 1 0.102986 0.256611 0.476451 0.125207 0.038745
2 2 0.089143 0.339780 0.530425 0.003095 0.037557
2 2 0.008358 0.130812 0.823557 0.002096 0.035176
2 2 0.011686 0.155044 0.807329 0.000595 0.025346
2 2 0.044012 0.315120 0.573706 0.001695 0.065468
2 2 0.010011 0.154490 0.787408 0.001866 0.046226
2 2 0.043857 0.151441 0.724195 0.068116 0.012392
2 1 0.106571 0.289993 0.545260 0.026435 0.031741
2 1 0.118623 0.337278 0.463837 0.024493 0.055770
2 1 0.089067 0.330877 0.550514 0.001490 0.028052
2 1 0.148562 0.321783 0.437412 0.042542 0.049701
2 1 0.077746 0.227126 0.670583 0.011988 0.012556
2 2 0.111362 0.344797 0.495309 0.006296 0.042235
2 2 0.073472 0.370057 0.497065 0.001767 0.057638
2 2 0.047881 0.285663 0.619786 0.002671 0.043999
2 2 0.010966 0.143065 0.817009 0.001648 0.027311
2 2 0.016837 0.192255 0.723750 0.004697 0.062461
2 2 0.020102 0.215495 0.703888 0.001844 0.058671
2 2 0.011532 0.168384 0.774186 0.001230 0.044668
2 2 0.021543 0.183779 0.753685 0.003921 0.037072
2 2 0.019772 0.194938 0.730225 0.003876 0.051189
2 2 0.012069 0.138842 0.810692 0.005379 0.033017
2 2 0.012300 0.108734 0.855616 0.009122 0.014228
2 2 0.015556 0.118158 0.833207 0.016072 0.017006
2 2 0.003005 0.063852 0.915536 0.003100 0.014507
2 2 0.009014 0.090044 0.878501 0.009628 0.012812
2 2 0.016987 0.099339 0.728029 0.135976 0.019669
2 1 0.035875 0.124233 0.562628 0.260163 0.017101
2 1 0.089478 0.340451 0.534855 0.001885 0.033331
2 2 0.065739 0.300360 0.590845 0.004994 0.038061
2 2 0.036225 0.222539 0.692244 0.009530 0.039463
2 2 0.017213 0.224355 0.696061 0.001139 0.061233
2 1 0.095900 0.241215 0.461650 0.158189 0.043046
2 1 0.109197 0.378852 0.466347 0.001432 0.044171
2 1 0.065231 0.315607 0.590892 0.001197 0.027073
2 2 0.076563 0.375836 0.497785 0.001036 0.048779
2 2 0.044519 0.334909 0.569141 0.000361 0.051071
2 2 0.078337 0.334293 0.538560 0.003317 0.045493
2 2 0.039251 0.239099 0.661144 0.006949 0.053557
2 2 0.023733 0.174066 0.770750 0.006253 0.025197
2 2 0.048023 0.226980 0.678027 0.012951 0.034019
2 2 0.038946 0.284557 0.620788 0.001706 0.054002
2 2 0.020638 0.208466 0.711687 0.003587 0.055623
2 2 0.032056 0.241583 0.688664 0.001447 0.036250
2 2 0.011925 0.134150 0.827020 0.003297 0.023609
2 2 0.037569 0.190749 0.687975 0.046373 0.037334
2 2 0.009277 0.067344 0.875695 0.041860 0.005824
2 2 0.088486 0.241557 0.598689 0.049503 0.021766
2 2 0.094231 0.250155 0.571082 0.059072 0.025461
2 1 0.060770 0.133587 0.428798 0.342096 0.034748
2 1 0.076249 0.236717 0.659129 0.012908 0.014996
2 2 0.038781 0.274107 0.645170 0.001651 0.040291
2 2 0.016909 0.157577 0.795234 0.003145 0.027134
2 2 0.038960 0.200955 0.717111 0.014139 0.028835
2 2 0.049464 0.199212 0.697803 0.027800 0.025721
2 2 0.085050 0.305695 0.560266 0.011661 0.037328
2 2 0.032934 0.216660 0.707162 0.006662 0.036582
2 1 0.105615 0.287503 0.546470 0.027343 0.033068
2 1 0.142103 0.317074 0.483742 0.020562 0.036519
2 1 0.142686 0.314015 0.439947 0.053475 0.049877
2 1 0.097626 0.351671 0.500773 0.004491 0.045439
2 2 0.045359 0.343702 0.514952 0.001293 0.094693
1 2 0.092627 0.449730 0.345709 0.000820 0.111113
2 2 0.053398 0.366138 0.457906 0.001737 0.120821
2 2 0.121591 0.379346 0.408881 0.011495 0.078687
1 2 0.097884 0.446040 0.319734 0.001635 0.134708
2 2 0.063540 0.337937 0.521832 0.003374 0.073316
2 2 0.042262 0.274827 0.605023 0.004563 0.073326
2 2 0.121292 0.383822 0.425265 0.005350 0.064271
2 2 0.072648 0.367085 0.487406 0.002226 0.070635
2 2 0.115655 0.344609 0.478426 0.009563 0.051746
2 2 0.098084 0.303740 0.552510 0.011539 0.034128
2 2 0.038395 0.220623 0.704242 0.006080 0.030659
2 2 0.032189 0.184986 0.752880 0.007871 0.022074
2 2 0.016904 0.157874 0.797141 0.003131 0.024950
2 2 0.050566 0.190036 0.687465 0.045728 0.026205
2 2 0.057861 0.260300 0.621632 0.013509 0.046698
2 2 0.066378 0.239982 0.624452 0.033839 0.035348
2 2 0.082685 0.275391 0.567403 0.028753 0.045768
2 3 0.064790 0.186420 0.524911 0.190713 0.033166
2 2 0.130044 0.310923 0.485069 0.032985 0.040979
2 2 0.100997 0.257785 0.519569 0.088839 0.032810
2 1 0.097251 0.243411 0.449367 0.169709 0.040261
2 1 0.079990 0.226462 0.636759 0.037719 0.019071
2 1 0.148829 0.323826 0.496011 0.004981 0.026353
2 1 0.105242 0.329515 0.535092 0.002321 0.027829
2 1 0.170085 0.367811 0.407465 0.006598 0.048040
2 1 0.151698 0.392956 0.402397 0.002173 0.050776
1 2 0.090998 0.429475 0.391009 0.001031 0.087486
2 2 0.044803 0.304239 0.564094 0.003245 0.083618
2 2 0.050796 0.284239 0.608466 0.005253 0.051247
2 2 0.114251 0.307006 0.537331 0.011395 0.030017
2 2 0.031677 0.227412 0.689704 0.006516 0.044691
2 2 0.081497 0.260680 0.591932 0.032996 0.032894
2 2 0.071996 0.341515 0.532688 0.003238 0.050564
2 2 0.018824 0.210359 0.728044 0.001162 0.041611
2 2 0.032103 0.270928 0.634379 0.001505 0.061085
2 2 0.033129 0.243467 0.666648 0.004840 0.051916
2 2 0.045122 0.252401 0.648710 0.007782 0.045984
2 1 0.078898 0.358256 0.513483 0.002168 0.047195
2 2 0.052791 0.310091 0.581622 0.002655 0.052841
2 1 0.138696 0.313213 0.497294 0.017457 0.033340
2 2 0.081204 0.315599 0.567032 0.004256 0.031909
2 2 0.077963 0.377480 0.493532 0.001099 0.049926
2 2 0.052094 0.255615 0.635916 0.010695 0.045680
2 2 0.043371 0.191324 0.716041 0.024575 0.024690
2 1 0.137079 0.311102 0.512758 0.010703 0.028358
2 1 0.134156 0.384211 0.416153 0.005040 0.060440
2 2 0.060400 0.306556 0.552446 0.006701 0.073897
2 2 0.034031 0.238031 0.661784 0.007594 0.058560
2 2 0.019970 0.234704 0.661363 0.001629 0.082334
1 2 0.165288 0.373790 0.347964 0.026013 0.086944
1 2 0.084081 0.453001 0.342052 0.000701 0.120166
2 1 0.169550 0.341993 0.386306 0.039706 0.062446
1 1 0.113269 0.465772 0.296200 0.000676 0.124083
1 1 0.179595 0.423978 0.299870 0.003608 0.092949
1 1 0.114841 0.463775 0.311329 0.000582 0.109473
1 2 0.183364 0.420800 0.302490 0.003826 0.089520
1 1 0.110860 0.467054 0.284785 0.000729 0.136572
1 2 0.122045 0.458787 0.265941 0.001375 0.151852
1 1 0.140924 0.445075 0.284986 0.002333 0.126682
1 2 0.110875 0.436980 0.341992 0.001902 0.108251
2 2 0.053162 0.383846 0.481230 0.000543 0.081219
1 2 0.101201 0.466316 0.314286 0.000504 0.117692
1 2 0.127234 0.443459 0.288443 0.002693 0.138171
1 2 0.100822 0.441898 0.327165 0.001897 0.128218
2 2 0.062756 0.385010 0.425604 0.001767 0.124863
1 2 0.159003 0.425522 0.347589 0.001240 0.066645
1 0 0.142311 0.448717 0.293275 0.000697 0.115000
1 1 0.115892 0.464188 0.286918 0.000838 0.132165
1 2 0.095221 0.474377 0.269960 0.000503 0.159939
2 2 0.053058 0.328754 0.541303 0.003415 0.073471
2 2 0.047959 0.321862 0.558551 0.001686 0.069942
2 2 0.016833 0.206519 0.713322 0.002635 0.060691
2 2 0.032039 0.270413 0.596822 0.003806 0.096920
2 2 0.058353 0.355605 0.468042 0.004236 0.113764
2 2 0.028822 0.292795 0.589413 0.001207 0.087764
2 2 0.016422 0.191535 0.716641 0.003762 0.071641
2 2 0.019660 0.235145 0.679141 0.001049 0.065005
2 2 0.030805 0.301613 0.559426 0.001450 0.106707
2 2 0.044686 0.283038 0.565384 0.010383 0.096509
4 2 0.134760 0.223543 0.053696 0.000617 0.587384
4 4 0.116266 0.214098 0.049069 0.000737 0.619829
4 4 0.226581 0.189405 0.045137 0.000801 0.538077
4 4 0.333234 0.149822 0.034900 0.010606 0.471438
4 4 0.093055 0.021112 0.021193 0.016429 0.848210
4 4 0.081272 0.285777 0.122875 0.003252 0.506824
1 4 0.159698 0.371161 0.143734 0.006064 0.319344
4 4 0.127715 0.185241 0.113252 0.027791 0.546001
4 4 0.121244 0.359733 0.124232 0.000598 0.394194
4 4 0.069359 0.363563 0.116417 0.000190 0.450470
4 4 0.092681 0.186674 0.088251 0.012606 0.619788
1 4 0.179392 0.345647 0.126385 0.003928 0.344647
4 4 0.165068 0.280320 0.147930 0.025378 0.381304
1 4 0.161610 0.388243 0.160235 0.000615 0.289297
4 4 0.119077 0.305283 0.090037 0.000252 0.485351
4 4 0.193570 0.208954 0.051201 0.000197 0.546079
4 4 0.290012 0.289149 0.104745 0.004008 0.312086
4 4 0.176792 0.288404 0.087535 0.001282 0.445986
4 4 0.140027 0.194579 0.043178 0.000535 0.621680
4 4 0.119846 0.072535 0.056663 0.011849 0.739106
4 4 0.190680 0.187834 0.042958 0.000318 0.578210
4 4 0.246613 0.195437 0.048784 0.008879 0.500287
4 4 0.255766 0.165707 0.037543 0.000331 0.540653
4 4 0.240833 0.042692 0.033985 0.019873 0.662616
4 4 0.173852 0.121477 0.033079 0.004593 0.666999
4 4 0.105915 0.370204 0.128607 0.000263 0.395011
1 4 0.117696 0.390607 0.148145 0.001308 0.342244
4 4 0.105265 0.341931 0.109312 0.000396 0.443096
1 4 0.097266 0.394452 0.145508 0.000263 0.362512
1 4 0.082981 0.435192 0.179984 0.000414 0.301430
1 1 0.120401 0.450336 0.230366 0.000621 0.198276
1 1 0.098528 0.448423 0.206827 0.000098 0.246125
1 1 0.086887 0.461631 0.220354 0.000229 0.230899
1 0 0.163176 0.433203 0.242928 0.001269 0.159424
1 1 0.090267 0.440190 0.189797 0.000164 0.279582
0 0 0.325191 0.273297 0.245136 0.056149 0.100226
1 0 0.112600 0.423679 0.335841 0.004800 0.123079
1 1 0.094815 0.476269 0.283113 0.000410 0.145392
1 1 0.104494 0.466370 0.262173 0.000869 0.166095
1 1 0.115225 0.462719 0.266794 0.001091 0.154171
1 1 0.108556 0.465548 0.262019 0.000933 0.162944
1 1 0.117467 0.457598 0.248747 0.001540 0.174647
1 1 0.133671 0.445297 0.236468 0.003055 0.181510
1 1 0.122237 0.460217 0.279560 0.000959 0.137027
1 1 0.150053 0.443250 0.269367 0.002852 0.134478
1 1 0.130229 0.454516 0.268314 0.001699 0.145243
1 1 0.162458 0.432910 0.248140 0.005290 0.151203
1 1 0.096570 0.472245 0.262691 0.000590 0.167905
1 1 0.174948 0.428530 0.271877 0.004868 0.119778
1 1 0.115916 0.464080 0.298918 0.000711 0.120374
1 1 0.146738 0.443751 0.258332 0.003090 0.148088
1 1 0.188144 0.418019 0.237413 0.004915 0.151508
1 1 0.111536 0.462182 0.253836 0.000919 0.171527
1 1 0.167588 0.433172 0.278851 0.003753 0.116635
1 0 0.152603 0.442776 0.267748 0.000373 0.136500
1 1 0.201766 0.409007 0.300360 0.005470 0.083397
1 1 0.117118 0.463059 0.278948 0.000975 0.139900
1 1 0.120624 0.458499 0.259767 0.001441 0.159669
1 1 0.091840 0.468768 0.241909 0.000667 0.196816
1 1 0.105407 0.466911 0.260307 0.000855 0.166520
2 1 0.059660 0.368419 0.473980 0.001868 0.096074
2 2 0.020390 0.237604 0.663697 0.001687 0.076622
2 2 0.020265 0.286349 0.605026 0.000310 0.088050
2 2 0.038703 0.327999 0.520810 0.001984 0.110504
2 2 0.038964 0.341271 0.510902 0.001019 0.107844
2 2 0.032090 0.307633 0.561440 0.001193 0.097643
2 2 0.041492 0.331680 0.514926 0.001860 0.110042
2 2 0.011122 0.185605 0.730828 0.001032 0.071413
2 2 0.029383 0.337130 0.496898 0.000768 0.135821
2 2 0.032152 0.309390 0.554601 0.001130 0.102728
2 2 0.020305 0.172555 0.771253 0.005081 0.030807
2 2 0.016156 0.212821 0.688240 0.001816 0.080966
2 2 0.021141 0.190363 0.732878 0.005423 0.050196
2 2 0.012354 0.163700 0.768847 0.002873 0.052226
2 2 0.022056 0.217737 0.699286 0.002852 0.058069
2 2 0.018990 0.157541 0.791377 0.005780 0.026311
2 2 0.016425 0.082528 0.826594 0.066907 0.007546
2 0 0.118977 0.281396 0.463127 0.092500 0.044000
2 0 0.078019 0.224048 0.639739 0.041281 0.016913
2 1 0.123379 0.293962 0.541747 0.014855 0.026057
1 1 0.145123 0.411563 0.373953 0.002241 0.067120
2 1 0.124579 0.395413 0.417366 0.002613 0.060029
2 2 0.064665 0.405694 0.456056 0.000533 0.073051
2 2 0.028440 0.272079 0.597246 0.002227 0.100008
2 2 0.032607 0.259637 0.619662 0.004019 0.084076
2 1 0.133315 0.302907 0.459445 0.058750 0.045583
2 0 0.190061 0.364410 0.390674 0.007813 0.047043
1 1 0.118428 0.456152 0.339221 0.000459 0.085740
1 1 0.094097 0.443981 0.346381 0.001184 0.114357
2 2 0.015547 0.269613 0.618193 0.000249 0.096399
2 2 0.016751 0.179712 0.765661 0.002244 0.035632
2 2 0.008108 0.142312 0.799073 0.001632 0.048875
2 2 0.009996 0.134603 0.818068 0.003009 0.034324
2 2 0.005356 0.101926 0.855171 0.003213 0.034334
2 2 0.002408 0.069959 0.905323 0.001154 0.021156
2 2 0.008881 0.120117 0.824030 0.009310 0.037662
2 2 0.008143 0.132079 0.801029 0.004752 0.053996
2 2 0.011271 0.125553 0.810934 0.015532 0.036710
2 2 0.015361 0.163796 0.756934 0.010409 0.053500
2 2 0.010067 0.123839 0.827253 0.007436 0.031404
2 2 0.010983 0.121492 0.820446 0.014289 0.032790
2 2 0.016444 0.112440 0.827755 0.027991 0.015370
2 2 0.030201 0.161380 0.728471 0.048740 0.031208
2 2 0.017054 0.110768 0.826597 0.030763 0.014817
2 2 0.073724 0.209114 0.567044 0.121792 0.028326
2 2 0.009718 0.068922 0.876318 0.038598 0.006444
2 2 0.012190 0.075436 0.817427 0.083874 0.011073
2 2 0.028480 0.142503 0.771845 0.039681 0.017490
2 2 0.023161 0.095504 0.739415 0.132829 0.009090
2 2 0.043748 0.145562 0.599802 0.192266 0.018622
2 2 0.075025 0.216408 0.601583 0.086749 0.020235
2 2 0.104124 0.264284 0.536471 0.063610 0.031511
2 2 0.073514 0.201847 0.489630 0.199503 0.035507
2 2 0.020866 0.120886 0.757153 0.079514 0.021582
2 2 0.037018 0.127258 0.573165 0.244154 0.018405
2 2 0.018448 0.078890 0.624566 0.270656 0.007440
2 2 0.017692 0.072975 0.512375 0.388337 0.008621
2 2 0.038178 0.134512 0.635502 0.178494 0.013313
2 2 0.012273 0.057526 0.573783 0.351132 0.005285
3 2 0.007896 0.036646 0.356450 0.592952 0.006057
2 2 0.006789 0.036509 0.523641 0.429900 0.003161
3 2 0.002639 0.016461 0.348153 0.631046 0.001703
2 3 0.008911 0.044460 0.504312 0.438709 0.003608
3 2 0.002005 0.013567 0.357811 0.625372 0.001245
3 2 0.001821 0.011965 0.291821 0.693030 0.001364
3 2 0.008264 0.038039 0.359384 0.588274 0.006040
3 2 0.013670 0.057124 0.403053 0.518700 0.007454
3 2 0.004765 0.024085 0.287446 0.679988 0.003716
3 3 0.019460 0.075592 0.432200 0.463698 0.009049
3 3 0.023439 0.084216 0.391974 0.487873 0.012497
3 2 0.004352 0.021546 0.241981 0.728319 0.003802
3 3 0.033251 0.110317 0.402571 0.439623 0.014237
3 3 0.008259 0.038700 0.381367 0.566186 0.005488
3 3 0.011472 0.047618 0.324187 0.609738 0.006985
2 3 0.028221 0.099328 0.448399 0.409257 0.014794
3 3 0.006039 0.028600 0.287438 0.673022 0.004900
3 3 0.012951 0.056412 0.440114 0.484563 0.005959
3 3 0.008204 0.037870 0.340859 0.608580 0.004486
3 3 0.003356 0.018909 0.303791 0.671450 0.002495
3 3 0.005371 0.028713 0.406493 0.556025 0.003398
3 3 0.001925 0.011834 0.255772 0.728137 0.002333
3 3 0.004589 0.024447 0.330861 0.637264 0.002840
3 3 0.003330 0.017309 0.225510 0.750493 0.003358
3 3 0.002730 0.016567 0.322821 0.656072 0.001811
3 3 0.001120 0.007363 0.181624 0.808631 0.001263
3 3 0.003667 0.018954 0.241574 0.732427 0.003378
3 3 0.001464 0.009778 0.249614 0.737899 0.001246
3 3 0.004498 0.022874 0.273955 0.695296 0.003377
3 3 0.000514 0.003980 0.153178 0.841683 0.000644
3 3 0.001194 0.007782 0.185995 0.803762 0.001267
3 3 0.004917 0.023937 0.252595 0.714780 0.003772
3 3 0.018548 0.070437 0.380112 0.520732 0.010172
3 3 0.006821 0.031010 0.269718 0.687677 0.004774
3 3 0.001878 0.010974 0.198665 0.786302 0.002182
3 3 0.004303 0.021281 0.239664 0.730828 0.003924
3 3 0.001268 0.007487 0.178739 0.811240 0.001265
2 3 0.017744 0.073948 0.504141 0.397924 0.006242
3 3 0.002114 0.007459 0.153892 0.834903 0.001633
3 3 0.004444 0.024348 0.364091 0.604218 0.002899
3 3 0.001408 0.009211 0.218973 0.769199 0.001210
3 3 0.006485 0.033540 0.422721 0.533885 0.003369
3 3 0.001715 0.010490 0.210451 0.775675 0.001668
3 3 0.003589 0.011484 0.175390 0.807104 0.002433
3 3 0.000292 0.001909 0.107972 0.889391 0.000436
3 3 0.001421 0.008912 0.194641 0.793413 0.001613
3 3 0.000541 0.004180 0.157828 0.836838 0.000613
3 3 0.000255 0.002282 0.130440 0.866669 0.000355
3 3 0.003553 0.019844 0.306652 0.667551 0.002400
3 3 0.000323 0.002754 0.138260 0.858238 0.000425
3 3 0.000885 0.006173 0.176336 0.815682 0.000924
3 3 0.005246 0.025035 0.255291 0.709924 0.004504
3 3 0.004374 0.021678 0.243276 0.726944 0.003728
3 3 0.007133 0.032396 0.281113 0.674518 0.004840
3 3 0.002397 0.013449 0.213867 0.767913 0.002373
3 3 0.009742 0.042858 0.348440 0.592723 0.006237
3 3 0.003801 0.019256 0.232693 0.740604 0.003646
3 3 0.003805 0.018960 0.224845 0.747993 0.004397
3 3 0.011628 0.045906 0.281519 0.651218 0.009728
3 3 0.023951 0.085653 0.385662 0.493264 0.011471
2 3 0.032065 0.108581 0.428709 0.415934 0.014710
3 3 0.005800 0.029062 0.332779 0.628767 0.003592
3 3 0.001753 0.010688 0.207911 0.778149 0.001500
3 3 0.000998 0.006755 0.178905 0.812253 0.001088
3 3 0.002765 0.015297 0.227949 0.751769 0.002219
3 3 0.014235 0.059697 0.417145 0.502278 0.006645
3 3 0.002887 0.015791 0.235747 0.742824 0.002752
3 3 0.002384 0.013284 0.210028 0.771719 0.002585
3 3 0.008491 0.037359 0.298404 0.650146 0.005600
3 3 0.002770 0.015554 0.245423 0.733926 0.002326
3 3 0.005064 0.024931 0.271959 0.694333 0.003713
2 2 0.153544 0.325155 0.411789 0.052651 0.056861
2 1 0.136699 0.304907 0.435956 0.071324 0.051113
2 1 0.133552 0.305903 0.486607 0.035289 0.038649
2 1 0.143246 0.316647 0.456521 0.038558 0.045028
2 1 0.156148 0.360302 0.429314 0.007650 0.046587
2 1 0.169035 0.354135 0.392339 0.023873 0.060619
2 1 0.169435 0.346029 0.426795 0.013445 0.044296
2 1 0.182672 0.356553 0.381676 0.020663 0.058436
2 1 0.182851 0.357820 0.393084 0.014163 0.052083
1 2 0.104634 0.428243 0.385276 0.001126 0.080720
2 2 0.093746 0.331177 0.506369 0.012435 0.056273
1 0 0.150332 0.290609 0.268556 0.191031 0.099471
1 1 0.080798 0.429482 0.394877 0.000979 0.093864
2 2 0.037295 0.300579 0.567091 0.004103 0.090933
2 1 0.169257 0.342057 0.389159 0.038140 0.061386
1 1 0.085645 0.434429 0.317298 0.002929 0.159698
1 1 0.149960 0.441948 0.308267 0.001654 0.098172
1 1 0.112629 0.464894 0.313643 0.000525 0.108309
1 2 0.135595 0.439855 0.294859 0.002932 0.126759
1 1 0.096908 0.473852 0.321472 0.000268 0.107501
1 1 0.108437 0.463994 0.334399 0.000349 0.092821
1 1 0.109210 0.416382 0.375662 0.003425 0.095322
1 2 0.111381 0.444367 0.312196 0.002014 0.130042
1 2 0.102142 0.457854 0.349780 0.000382 0.089842
1 2 0.085776 0.425827 0.348494 0.001888 0.138015
2 2 0.054385 0.364786 0.433370 0.003414 0.144045
1 1 0.223961 0.383107 0.291646 0.016729 0.084557
1 1 0.102310 0.469043 0.329467 0.000298 0.098882
1 2 0.073081 0.424089 0.374304 0.001296 0.127230
1 1 0.197346 0.411995 0.274643 0.008325 0.107691
1 1 0.179464 0.424460 0.256469 0.006731 0.132877
1 1 0.127520 0.455652 0.312378 0.000853 0.103596
1 1 0.195552 0.392253 0.236808 0.026469 0.148916
1 1 0.136038 0.449506 0.316817 0.001027 0.096613
1 1 0.102017 0.466346 0.342456 0.000251 0.088930
1 1 0.105707 0.463708 0.343042 0.000285 0.087258
1 1 0.125613 0.458370 0.294593 0.001023 0.120402
1 1 0.092075 0.477600 0.280311 0.000245 0.149769
1 1 0.086869 0.476001 0.256430 0.000431 0.180269
1 1 0.106942 0.465689 0.258540 0.000928 0.167903
1 0 0.231795 0.389605 0.289990 0.010355 0.078256
1 1 0.099027 0.449615 0.214361 0.001609 0.235388
1 1 0.102568 0.469485 0.265371 0.000715 0.161863
1 1 0.089375 0.477849 0.271114 0.000388 0.161274
1 1 0.107826 0.466620 0.265584 0.000862 0.159108
1 1 0.094821 0.473058 0.261883 0.000402 0.169835
1 1 0.096374 0.474120 0.272409 0.000508 0.156589
1 1 0.183447 0.425405 0.267501 0.001503 0.122145
1 1 0.194602 0.417078 0.239794 0.000079 0.148448
1 0 0.240157 0.389661 0.216414 0.000426 0.153342
1 1 0.095874 0.437510 0.189308 0.000500 0.276807
1 1 0.140200 0.446160 0.248548 0.001012 0.164080
1 1 0.099441 0.441588 0.196915 0.000404 0.261651
1 1 0.118070 0.424078 0.183585 0.000295 0.273973
1 1 0.106027 0.448765 0.213043 0.000664 0.231500
1 1 0.145902 0.441008 0.239007 0.000164 0.173918
1 1 0.149006 0.441801 0.248732 0.000768 0.159694
1 1 0.114374 0.444860 0.212825 0.000824 0.227117
1 1 0.129925 0.447448 0.234837 0.000150 0.187640
1 1 0.175087 0.392931 0.171413 0.001032 0.259537
1 1 0.148947 0.400231 0.168793 0.001142 0.280887
1 1 0.173544 0.381503 0.157354 0.000794 0.286805
1 1 0.216891 0.394984 0.201826 0.000296 0.186002
1 0 0.201832 0.411249 0.230849 0.001550 0.154519
1 0 0.314116 0.337650 0.165957 0.000527 0.181749
1 0 0.108189 0.456758 0.231660 0.000301 0.203093
1 1 0.147815 0.440227 0.244676 0.003920 0.163362
1 1 0.117457 0.460030 0.258037 0.000907 0.163570
1 1 0.120483 0.458060 0.257242 0.001490 0.162726
1 1 0.102455 0.468455 0.260027 0.000770 0.168293
1 1 0.123960 0.459437 0.287683 0.001070 0.127850
1 1 0.149233 0.445058 0.276678 0.000575 0.128456
1 1 0.120639 0.460245 0.269012 0.000626 0.149479
1 1 0.103573 0.456741 0.227001 0.001347 0.211337
1 1 0.084659 0.472114 0.240944 0.000495 0.201788
1 1 0.111991 0.456048 0.235392 0.001585 0.194984
1 0 0.257955 0.378176 0.205265 0.000146 0.158459
1 0 0.153920 0.420245 0.199292 0.000171 0.226371
1 1 0.077900 0.452804 0.199426 0.000412 0.269457
1 1 0.177926 0.422703 0.230567 0.001583 0.167221
4 0 0.399567 0.102246 0.020502 0.000766 0.476920
0 0 0.430135 0.137085 0.033581 0.000283 0.398916
4 0 0.370294 0.113400 0.023322 0.000150 0.492834
4 0 0.428762 0.043445 0.024475 0.008438 0.494881
4 0 0.374335 0.169579 0.044525 0.004522 0.407038
0 0 0.484760 0.050960 0.007939 0.000611 0.455730
0 0 0.473513 0.091530 0.018787 0.001677 0.414493
0 0 0.504535 0.027281 0.016777 0.006493 0.444914
0 0 0.470265 0.068817 0.012181 0.000125 0.448611
4 0 0.334871 0.109850 0.021486 0.004963 0.528830
0 0 0.652096 0.032056 0.006292 0.001039 0.308517
0 0 0.692739 0.045297 0.008892 0.003808 0.249264
0 0 0.521975 0.016073 0.008339 0.013189 0.440424
4 0 0.449486 0.035770 0.004593 0.000048 0.510103
0 0 0.824197 0.029172 0.006239 0.000524 0.139867
4 0 0.364060 0.059199 0.011161 0.003092 0.562488
4 0 0.440351 0.084869 0.016141 0.000227 0.458411
0 0 0.522718 0.046925 0.009604 0.006071 0.414682
0 0 0.811458 0.017837 0.007808 0.004437 0.158459
0 0 0.736378 0.030605 0.015018 0.003463 0.214535
4 0 0.331486 0.019078 0.009359 0.010892 0.629185
4 0 0.406182 0.051396 0.015628 0.003048 0.523746
4 0 0.390346 0.100475 0.019780 0.001667 0.487732
4 0 0.342279 0.129973 0.028236 0.008008 0.491505
4 0 0.290263 0.182443 0.045859 0.012508 0.468927
4 0 0.263339 0.261015 0.081819 0.002116 0.391712
4 0 0.285792 0.212244 0.058224 0.001250 0.442491
0 0 0.465622 0.170211 0.056587 0.008899 0.298681
0 0 0.508335 0.128670 0.045638 0.001315 0.316042
4 0 0.235592 0.155292 0.052432 0.016631 0.540053
4 0 0.433490 0.059489 0.009452 0.001085 0.496484
4 0 0.339658 0.074687 0.012501 0.000161 0.572994
4 0 0.438000 0.074303 0.013191 0.001423 0.473083
4 0 0.210974 0.032981 0.014297 0.007637 0.734111
4 0 0.301313 0.023460 0.012273 0.004557 0.658397
0 0 0.947226 0.004720 0.000802 0.002051 0.045202
0 0 0.707981 0.003866 0.001232 0.008318 0.278603
0 0 0.838847 0.006276 0.001427 0.002898 0.150551
0 0 0.919723 0.003811 0.001774 0.015189 0.059503
0 0 0.895166 0.005697 0.000816 0.002111 0.096211
4 0 0.213827 0.161870 0.034778 0.004322 0.585202
0 0 0.797077 0.046318 0.011759 0.000824 0.144022
0 0 0.555557 0.017672 0.013520 0.038210 0.375041
4 0 0.439372 0.016469 0.013738 0.045870 0.484551
0 0 0.471833 0.087601 0.017649 0.008743 0.414174
4 0 0.282263 0.199467 0.052347 0.005108 0.460816
4 0 0.310365 0.106149 0.049161 0.008184 0.526141
4 0 0.210824 0.215119 0.055005 0.009144 0.509908
4 0 0.248001 0.074051 0.034853 0.014138 0.628956
0 0 0.712981 0.040212 0.007693 0.000923 0.238191
0 0 0.729349 0.016379 0.003101 0.006001 0.245170
4 0 0.300827 0.014686 0.005390 0.004821 0.674276
4 0 0.383872 0.012356 0.004321 0.003061 0.596390
4 0 0.323714 0.034604 0.011252 0.007261 0.623169
0 0 0.882658 0.009527 0.002340 0.002476 0.102999
4 0 0.263323 0.029715 0.013244 0.002854 0.690864
0 0 0.642548 0.043411 0.011520 0.005564 0.296957
0 0 0.493777 0.063008 0.010991 0.004957 0.427267
4 0 0.278757 0.151538 0.033469 0.006733 0.529503
4 0 0.293933 0.061528 0.013625 0.003427 0.627487
0 0 0.660538 0.054446 0.011043 0.000317 0.273656
0 0 0.499279 0.097481 0.021663 0.014476 0.367101
4 0 0.441597 0.022944 0.006705 0.007173 0.521580
4 0 0.301532 0.016857 0.006036 0.004987 0.670588
0 0 0.510792 0.066880 0.012212 0.001333 0.408783
0 0 0.862774 0.005077 0.000703 0.001807 0.129640
0 0 0.927314 0.006304 0.001050 0.003987 0.061345
0 0 0.855364 0.006774 0.001486 0.012187 0.124189
4 0 0.154587 0.023722 0.011368 0.005021 0.805302
4 0 0.370313 0.008815 0.003076 0.004229 0.613566
4 0 0.312652 0.059423 0.046558 0.008697 0.572670
4 0 0.241166 0.029507 0.016409 0.013221 0.699697
4 0 0.355983 0.105718 0.020673 0.003673 0.513953
0 0 0.531735 0.073501 0.014438 0.000129 0.380196
0 0 0.667935 0.071365 0.017144 0.005788 0.237768
0 0 0.456926 0.115952 0.026655 0.004592 0.395875
0 0 0.727841 0.024913 0.005802 0.005568 0.235875
4 0 0.458345 0.048471 0.011588 0.004699 0.476897
0 0 0.817068 0.015059 0.003884 0.012406 0.151583
4 0 0.343074 0.019594 0.011749 0.020323 0.605259
0 0 0.882070 0.009708 0.001712 0.001400 0.105110
0 0 0.604791 0.017436 0.005892 0.005810 0.366070
0 0 0.817008 0.012500 0.002709 0.000916 0.166867
0 0 0.693780 0.017964 0.002294 0.001260 0.284701
0 0 0.657385 0.033503 0.005341 0.000962 0.302810
4 0 0.285800 0.097530 0.017140 0.002562 0.596968
0 0 0.622537 0.033694 0.011751 0.008496 0.323522
4 0 0.338308 0.066759 0.011201 0.000993 0.582739
4 0 0.322913 0.106799 0.029832 0.011858 0.528598
0 0 0.488459 0.058208 0.011241 0.004075 0.438018
4 0 0.391676 0.066497 0.061906 0.025907 0.454014
0 0 0.314058 0.267773 0.095261 0.018327 0.304581
4 0 0.274996 0.264245 0.085184 0.002501 0.373075
4 0 0.351031 0.183168 0.049147 0.003008 0.413646
4 1 0.268750 0.235625 0.068442 0.000073 0.427110
1 1 0.184623 0.355670 0.135660 0.001214 0.322834
1 0 0.262315 0.366511 0.184214 0.004314 0.182646
0 0 0.408514 0.213389 0.069966 0.002179 0.305952
4 0 0.349472 0.220932 0.068133 0.003826 0.357637
0 0 0.488707 0.145947 0.084712 0.010344 0.270289
4 0 0.230589 0.206184 0.052165 0.003911 0.507152
0 0 0.406075 0.154182 0.039542 0.003610 0.396593
0 0 0.548268 0.044265 0.031361 0.008394 0.367712
0 0 0.569826 0.102830 0.028476 0.003279 0.295590
4 0 0.231041 0.143780 0.029396 0.003820 0.591963
1 1 0.156108 0.436578 0.248537 0.004529 0.154248
1 1 0.136676 0.445956 0.240779 0.000857 0.175733
1 1 0.088421 0.435947 0.183558 0.000943 0.291131
1 1 0.163487 0.420203 0.206800 0.000824 0.208685
0 1 0.341517 0.314465 0.144910 0.000236 0.198873
0 0 0.416315 0.177279 0.050660 0.002293 0.353453
0 1 0.535340 0.197734 0.079052 0.001350 0.186524
0 0 0.439986 0.194607 0.062046 0.001484 0.301877
0 0 0.559509 0.152226 0.049383 0.002087 0.236795
4 0 0.378464 0.063223 0.071732 0.028874 0.457707
0 0 0.812183 0.011878 0.001615 0.002871 0.171452
0 0 0.876770 0.012629 0.002199 0.004282 0.104119
0 0 0.900570 0.012680 0.002455 0.001839 0.082457
0 0 0.804205 0.019808 0.003307 0.000924 0.171756
4 0 0.448815 0.028970 0.005512 0.002810 0.513894
0 0 0.866816 0.007930 0.001062 0.000383 0.123808
0 0 0.834259 0.003714 0.000985 0.008214 0.152828
0 0 0.859806 0.008571 0.001160 0.000834 0.129630
0 0 0.880163 0.007957 0.001124 0.000633 0.110123
0 0 0.838589 0.005189 0.001388 0.003225 0.151608
4 0 0.415865 0.052418 0.014364 0.004432 0.512920
4 0 0.222088 0.050563 0.025650 0.013560 0.688139
4 0 0.208580 0.091814 0.028017 0.006448 0.665141
4 0 0.313845 0.116923 0.023110 0.000367 0.545755
4 0 0.218342 0.160364 0.034413 0.003875 0.583006
4 0 0.402065 0.044554 0.006025 0.001264 0.546093
0 0 0.598299 0.020700 0.003279 0.002621 0.375101
0 0 0.632761 0.018808 0.002240 0.000788 0.345402
0 0 0.815511 0.009368 0.002524 0.003976 0.168621
0 0 0.736623 0.011405 0.002965 0.002011 0.246995
4 0 0.310566 0.029337 0.007383 0.003046 0.649669
4 0 0.358751 0.031068 0.006309 0.002305 0.601566
0 0 0.734405 0.014464 0.002643 0.005623 0.242865
0 0 0.594310 0.009255 0.003612 0.009444 0.383379
4 0 0.337548 0.037818 0.011431 0.006858 0.606345
0 0 0.455787 0.075324 0.013715 0.000396 0.454778
0 0 0.904230 0.007241 0.001278 0.003680 0.083572
0 0 0.494778 0.010552 0.004176 0.011591 0.478903
4 0 0.333888 0.026102 0.009202 0.007737 0.623072
0 0 0.719837 0.027927 0.004550 0.001978 0.245708
4 0 0.403674 0.027452 0.007975 0.005503 0.555395
4 0 0.244673 0.138532 0.028116 0.003966 0.584712
4 0 0.408762 0.087296 0.016292 0.000483 0.487168
0 0 0.646020 0.031869 0.004883 0.001422 0.315807
4 0 0.423110 0.022679 0.006558 0.003394 0.544259
4 0 0.195095 0.055357 0.036500 0.031317 0.681731
4 0 0.408867 0.065496 0.038197 0.007759 0.479682
4 0 0.279646 0.214269 0.059752 0.018944 0.427389
4 0 0.320800 0.121222 0.024585 0.001482 0.531911
0 0 0.594286 0.054683 0.010054 0.001749 0.339228
0 0 0.650901 0.077210 0.029971 0.008439 0.233479
4 0 0.199357 0.215937 0.083358 0.026851 0.474497
4 0 0.262624 0.122309 0.039320 0.005349 0.570398
4 0 0.321973 0.243019 0.078645 0.009679 0.346683
4 0 0.336183 0.129937 0.048195 0.004651 0.481033
0 0 0.641758 0.094684 0.025722 0.005812 0.232024
4 0 0.359722 0.103978 0.020205 0.001281 0.514814
4 0 0.286235 0.128476 0.029563 0.004005 0.551721
4 0 0.412691 0.057471 0.008807 0.000844 0.520186
4 0 0.365634 0.020279 0.017233 0.025019 0.571835
4 0 0.449934 0.064033 0.010709 0.000764 0.474560
4 0 0.293620 0.037565 0.011383 0.005430 0.652002
4 0 0.282409 0.056236 0.014243 0.003043 0.644068
4 0 0.289926 0.140664 0.030107 0.006157 0.533146
4 0 0.317620 0.121178 0.024508 0.000148 0.536546
4 0 0.210714 0.310467 0.105920 0.001325 0.371573
