4 0 0.332136 0.043226 0.012750 0.000055 0.611832
4 0 0.072166 0.031921 0.012616 0.000075 0.883222
4 0 0.411496 0.112820 0.050716 0.007169 0.417800
4 0 0.228022 0.114517 0.034002 0.000108 0.623351
4 1 0.161542 0.236283 0.049529 0.000011 0.552635
4 1 0.119082 0.227006 0.054575 0.000023 0.599315
4 1 0.192520 0.315491 0.071591 0.000043 0.420355
0 0 0.652595 0.070711 0.025755 0.001171 0.249767
0 0 0.538202 0.145315 0.042282 0.000539 0.273663
0 0 0.776011 0.049462 0.033009 0.002266 0.139252
0 0 0.757092 0.089842 0.070245 0.005615 0.077206
0 0 0.348577 0.212656 0.100154 0.007423 0.331190
1 0 0.317832 0.474617 0.132798 0.002672 0.072081
1 0 0.153775 0.461259 0.125863 0.000342 0.258761
1 0 0.367791 0.444866 0.120723 0.002493 0.064126
1 1 0.014366 0.748579 0.168955 0.000047 0.068052
1 1 0.005716 0.685717 0.216356 0.000162 0.092049
1 1 0.124398 0.678721 0.153382 0.000021 0.043478
1 1 0.009875 0.713667 0.199439 0.000016 0.077003
1 1 0.004854 0.514441 0.341535 0.000071 0.139099
1 1 0.013285 0.477647 0.325535 0.002733 0.180800
1 1 0.004512 0.518169 0.305088 0.001112 0.171119
1 1 0.055244 0.595859 0.263290 0.001058 0.084549
1 1 0.014513 0.682530 0.220498 0.000341 0.082119
1 1 0.027591 0.622980 0.260134 0.000703 0.088593
1 1 0.016286 0.585343 0.252279 0.001357 0.144735
1 4 0.027162 0.566661 0.279592 0.001934 0.124651
1 4 0.087392 0.501280 0.241622 0.001078 0.168627
1 4 0.008907 0.514311 0.313301 0.001543 0.161938
1 4 0.031996 0.603219 0.223638 0.001736 0.139410
1 4 0.095003 0.448325 0.377076 0.009495 0.070102
2 4 0.167716 0.384592 0.408362 0.012214 0.027116
1 4 0.055169 0.455636 0.381381 0.017044 0.090770
2 4 0.060055 0.380868 0.486211 0.018532 0.054334
1 4 0.039429 0.491303 0.397333 0.006075 0.065861
2 4 0.010926 0.160944 0.758203 0.038215 0.031712
2 4 0.020100 0.163407 0.760149 0.037998 0.018347
2 4 0.008712 0.187921 0.721043 0.037068 0.045257
2 2 0.023795 0.213461 0.719094 0.019974 0.023676
2 2 0.021243 0.168805 0.768557 0.022228 0.019166
1 2 0.395630 0.426895 0.149389 0.002388 0.025697
1 2 0.094242 0.497243 0.290481 0.012183 0.105851
1 2 0.219521 0.458629 0.221680 0.011590 0.088580
1 4 0.346749 0.372843 0.171014 0.003845 0.105550
1 4 0.216178 0.434195 0.288445 0.012152 0.049029
2 4 0.105214 0.239595 0.609436 0.028126 0.017629
2 2 0.125880 0.303295 0.540085 0.016250 0.014491
2 2 0.085083 0.192686 0.667206 0.040848 0.014177
2 2 0.228594 0.287712 0.454699 0.010952 0.018043
2 2 0.064760 0.164529 0.722688 0.037487 0.010536
2 2 0.057404 0.171262 0.739479 0.024865 0.006990
2 2 0.048358 0.124363 0.767836 0.053685 0.005758
2 2 0.037006 0.103961 0.820006 0.035106 0.003922
2 2 0.031590 0.088918 0.814762 0.059654 0.005076
2 2 0.098482 0.228764 0.643497 0.020945 0.008311
2 2 0.037843 0.138183 0.796597 0.020853 0.006524
2 2 0.146020 0.245950 0.584414 0.017125 0.006490
2 2 0.103420 0.174411 0.683573 0.033514 0.005082
2 2 0.065847 0.153828 0.739769 0.032164 0.008391
2 2 0.086249 0.152313 0.722322 0.034244 0.004872
2 2 0.051777 0.082870 0.747468 0.115586 0.002298
2 2 0.076167 0.153685 0.703220 0.056679 0.010249
2 2 0.072189 0.159132 0.729138 0.032816 0.006725
2 2 0.068052 0.130527 0.725537 0.068702 0.007182
2 2 0.066920 0.118896 0.713458 0.094977 0.005749
2 2 0.084819 0.123520 0.701307 0.083079 0.007274
2 2 0.090489 0.160103 0.643391 0.091600 0.014417
2 2 0.102621 0.199648 0.614084 0.069854 0.013793
2 2 0.060190 0.142792 0.715715 0.069668 0.011635
2 2 0.091542 0.171045 0.686048 0.044737 0.006628
2 2 0.120216 0.157078 0.663256 0.054471 0.004980
2 2 0.089053 0.121120 0.705490 0.078244 0.006093
2 2 0.099827 0.170206 0.631739 0.088695 0.009534
2 2 0.218774 0.159758 0.527038 0.087182 0.007248
2 2 0.065537 0.160167 0.603394 0.146192 0.024710
2 2 0.153018 0.176417 0.594162 0.069707 0.006696
2 2 0.067513 0.127935 0.693940 0.098580 0.012033
2 2 0.157411 0.156679 0.602655 0.078009 0.005247
2 2 0.080933 0.100182 0.699025 0.116239 0.003622
2 2 0.087367 0.128529 0.699412 0.080164 0.004528
2 2 0.097671 0.146731 0.590912 0.149552 0.015134
2 2 0.179838 0.194476 0.526962 0.083718 0.015006
2 2 0.117210 0.133187 0.579492 0.161595 0.008516
2 2 0.197179 0.175641 0.483999 0.129900 0.013281
0 2 0.346295 0.231615 0.306478 0.037615 0.077997
2 2 0.050408 0.149316 0.628475 0.145415 0.026387
2 2 0.017249 0.121943 0.568137 0.250946 0.041724
2 2 0.039486 0.242232 0.567322 0.103052 0.047909
2 2 0.064717 0.180240 0.675014 0.069615 0.010414
2 2 0.012520 0.087330 0.695447 0.189669 0.015034
2 2 0.028938 0.129164 0.773360 0.061839 0.006699
2 2 0.040682 0.145026 0.753274 0.055889 0.005129
2 2 0.015715 0.087229 0.766549 0.124061 0.006446
2 2 0.013318 0.079306 0.834199 0.068613 0.004563
2 2 0.007214 0.068949 0.881802 0.038008 0.004027
2 2 0.086242 0.200974 0.662275 0.040850 0.009659
2 2 0.055723 0.195329 0.659271 0.069802 0.019875
2 2 0.075663 0.169474 0.662284 0.081632 0.010948
2 2 0.046286 0.151096 0.732085 0.059296 0.011237
2 2 0.023496 0.098220 0.675127 0.177628 0.025529
2 2 0.058059 0.153206 0.717252 0.062957 0.008526
2 2 0.055526 0.156098 0.718076 0.061261 0.009038
2 2 0.066621 0.142763 0.729122 0.053577 0.007917
2 2 0.012572 0.045341 0.559592 0.374364 0.008132
2 2 0.013451 0.094987 0.771339 0.108207 0.012016
2 2 0.052084 0.193998 0.642912 0.082990 0.028016
2 2 0.081638 0.209658 0.626347 0.055976 0.026381
2 2 0.065444 0.303135 0.531546 0.049059 0.050816
2 2 0.063458 0.262723 0.594078 0.043577 0.036164
2 2 0.037301 0.191786 0.658124 0.079022 0.033767
2 2 0.047256 0.199167 0.673090 0.056958 0.023530
2 2 0.050620 0.216475 0.681845 0.027529 0.023531
2 2 0.054316 0.228055 0.634414 0.058177 0.025038
2 2 0.037164 0.226569 0.661174 0.042109 0.032985
2 2 0.118858 0.233811 0.609191 0.028375 0.009764
2 2 0.070809 0.193175 0.630237 0.085080 0.020699
2 2 0.058273 0.201672 0.645263 0.076326 0.018466
2 2 0.033028 0.158934 0.742901 0.050578 0.014559
2 2 0.076697 0.225278 0.628096 0.051195 0.018734
2 2 0.043555 0.191311 0.673887 0.064690 0.026557
2 2 0.104537 0.305039 0.537132 0.025109 0.028182
2 2 0.089264 0.268573 0.581214 0.037943 0.023006
2 2 0.059771 0.272976 0.615242 0.020846 0.031165
2 2 0.040317 0.196918 0.700986 0.037773 0.024005
2 2 0.073734 0.278054 0.609702 0.015844 0.022665
2 2 0.067013 0.379594 0.500345 0.008632 0.044416
2 2 0.052922 0.262267 0.643918 0.012178 0.028715
2 2 0.072576 0.401252 0.471914 0.008791 0.045467
2 2 0.095546 0.394910 0.475117 0.005220 0.029207
2 2 0.055487 0.284653 0.613999 0.017830 0.028032
4 2 0.414462 0.091452 0.024913 0.000097 0.469077
0 2 0.722010 0.018023 0.010092 0.000249 0.249626
0 0 0.560989 0.020185 0.006279 0.000092 0.412455
0 0 0.643695 0.014759 0.004041 0.000033 0.337472
0 0 0.650642 0.123993 0.022468 0.000016 0.202881
0 0 0.452772 0.303476 0.209264 0.006527 0.027961
1 0 0.335717 0.438870 0.158136 0.005121 0.062156
0 0 0.441571 0.363377 0.155446 0.006307 0.033299
1 0 0.316023 0.424642 0.182760 0.008778 0.067798
1 0 0.372787 0.405602 0.174775 0.005964 0.040873
1 0 0.370837 0.432124 0.103741 0.000657 0.092642
0 0 0.440093 0.409413 0.082375 0.000236 0.067883
0 0 0.583607 0.227794 0.060499 0.000469 0.127631
0 0 0.400672 0.180075 0.064544 0.002136 0.352574
1 0 0.262308 0.452084 0.129181 0.001257 0.155169
0 0 0.553907 0.127300 0.029651 0.000078 0.289063
4 0 0.258668 0.037121 0.014764 0.000370 0.689077
4 0 0.276586 0.060060 0.023562 0.000610 0.639182
0 0 0.540446 0.149986 0.033994 0.000076 0.275499
0 0 0.544552 0.036589 0.012560 0.000359 0.405940
4 0 0.247891 0.067511 0.023735 0.000251 0.660611
4 0 0.456385 0.043747 0.015310 0.000363 0.484195
4 0 0.350229 0.151853 0.048138 0.000480 0.449300
4 0 0.135711 0.068037 0.026496 0.000287 0.769468
4 0 0.200701 0.109449 0.035593 0.000181 0.654075
4 0 0.356788 0.089074 0.033412 0.000962 0.519765
4 0 0.320659 0.169426 0.063148 0.001813 0.444954
4 0 0.292865 0.138990 0.059448 0.003661 0.505036
4 0 0.140899 0.211353 0.077713 0.000765 0.569269
0 0 0.526678 0.213947 0.050185 0.000178 0.209012
1 0 0.191181 0.373653 0.107112 0.000405 0.327649
4 1 0.334589 0.190898 0.049996 0.000133 0.424385
0 0 0.369639 0.302142 0.077785 0.000324 0.250110
4 0 0.073556 0.176914 0.068519 0.000081 0.680931
4 0 0.166968 0.266679 0.061662 0.000031 0.504659
4 0 0.154086 0.202369 0.043721 0.000011 0.599813
4 0 0.097011 0.249708 0.055681 0.000011 0.597588
4 0 0.423552 0.089756 0.029947 0.000501 0.456244
4 0 0.399181 0.042566 0.015381 0.000364 0.542507
0 0 0.523279 0.039314 0.013923 0.000460 0.423024
4 0 0.322528 0.171865 0.044308 0.000095 0.461205
4 0 0.182175 0.071307 0.023903 0.000126 0.722489
4 1 0.305863 0.164679 0.041885 0.000074 0.487499
4 1 0.344874 0.029619 0.010409 0.000159 0.614939
0 0 0.535484 0.068790 0.020418 0.000224 0.375084
0 0 0.732591 0.082982 0.033789 0.001831 0.148807
0 0 0.688209 0.166817 0.041176 0.000505 0.103293
0 0 0.654453 0.085056 0.042744 0.003617 0.214129
0 0 0.603203 0.133144 0.043933 0.001839 0.217880
0 0 0.709577 0.188722 0.037810 0.000173 0.063718
1 0 0.166555 0.637932 0.123105 0.000102 0.072306
1 0 0.019234 0.685965 0.183181 0.000138 0.111482
4 4 0.022543 0.409648 0.157222 0.000380 0.410207
1 4 0.013710 0.647519 0.197205 0.000082 0.141484
1 4 0.026447 0.612414 0.190644 0.000382 0.170113
1 4 0.023605 0.469978 0.407608 0.000449 0.098359
1 4 0.002716 0.434651 0.362523 0.001525 0.198585
1 4 0.004223 0.538716 0.303000 0.000642 0.153418
1 4 0.012064 0.618030 0.269823 0.000173 0.099909
1 4 0.005403 0.583228 0.263808 0.000512 0.147049
1 4 0.027193 0.477295 0.189691 0.001262 0.304558
1 4 0.017251 0.507900 0.228189 0.002888 0.243771
1 4 0.006284 0.462623 0.212532 0.000983 0.317579
4 4 0.010822 0.270085 0.136919 0.001195 0.580978
4 4 0.027088 0.268050 0.229764 0.001955 0.473143
4 4 0.032431 0.040081 0.017467 0.000097 0.909923
4 4 0.156344 0.129587 0.028824 0.000008 0.685238
4 4 0.165877 0.029697 0.016313 0.002303 0.785810
4 4 0.126699 0.020997 0.010398 0.000523 0.841383
4 4 0.170951 0.024325 0.009395 0.000115 0.795213
4 4 0.107996 0.018505 0.008917 0.000313 0.864269
4 4 0.140135 0.016241 0.008073 0.000461 0.835090
4 4 0.054126 0.083362 0.022895 0.000009 0.839608
4 4 0.016654 0.063316 0.018780 0.000004 0.901246
4 4 0.052490 0.090625 0.021782 0.000003 0.835100
4 4 0.091130 0.079229 0.031306 0.000252 0.798083
4 4 0.163222 0.021662 0.011437 0.001185 0.802494
4 4 0.084242 0.071199 0.025667 0.000099 0.818793
4 4 0.035702 0.043816 0.019577 0.000142 0.900763
4 4 0.048373 0.119156 0.029782 0.000005 0.802683
1 4 0.021667 0.585087 0.154550 0.000060 0.238635
1 4 0.011628 0.621271 0.187620 0.000137 0.179344
4 4 0.098029 0.335933 0.122076 0.000052 0.443910
1 4 0.191895 0.583144 0.101678 0.000029 0.123254
1 4 0.038335 0.700895 0.139596 0.000024 0.121151
1 4 0.039169 0.599485 0.162332 0.000153 0.198860
1 4 0.233371 0.479429 0.096469 0.000061 0.190670
0 0 0.428816 0.360669 0.101980 0.000613 0.107922
1 0 0.248777 0.525438 0.146991 0.002235 0.076560
0 0 0.533743 0.303350 0.067617 0.000348 0.094942
0 0 0.704699 0.160093 0.022340 0.000005 0.112863
0 0 0.640438 0.115558 0.017378 0.000003 0.226623
4 0 0.271766 0.016129 0.006738 0.000244 0.705123
0 0 0.599199 0.027667 0.010575 0.000256 0.362303
0 0 0.578261 0.044194 0.011183 0.000044 0.366318
1 0 0.269156 0.458840 0.201086 0.003210 0.067709
4 0 0.229273 0.278984 0.159478 0.009839 0.322426
4 0 0.095807 0.279465 0.129468 0.005149 0.490111
1 0 0.137622 0.425900 0.309185 0.014273 0.113020
1 0 0.153278 0.564916 0.175408 0.002692 0.103705
1 0 0.147980 0.402217 0.154064 0.003869 0.291870
0 0 0.336705 0.288802 0.088260 0.000992 0.285240
0 0 0.396192 0.352389 0.093613 0.000790 0.157016
0 0 0.406001 0.303629 0.089661 0.001303 0.199405
1 0 0.292419 0.320819 0.129283 0.002727 0.254753
0 0 0.497347 0.173759 0.102663 0.008199 0.218031
1 0 0.223579 0.429716 0.208122 0.012140 0.126443
0 0 0.671138 0.162093 0.094312 0.008710 0.063747
0 0 0.399776 0.343673 0.167540 0.015174 0.073837
0 0 0.630811 0.217164 0.097044 0.004183 0.050797
1 0 0.105924 0.464447 0.371712 0.005970 0.051947
1 0 0.041867 0.559804 0.330667 0.001030 0.066632
1 0 0.048799 0.536538 0.345591 0.002362 0.066709
2 1 0.078098 0.442096 0.449563 0.001861 0.028381
2 4 0.108935 0.403781 0.459110 0.005388 0.022786
2 4 0.080733 0.297331 0.589135 0.012313 0.020487
2 4 0.109863 0.377826 0.489415 0.003002 0.019894
2 4 0.083481 0.352887 0.539087 0.004260 0.020284
2 4 0.044920 0.395342 0.513566 0.003776 0.042397
2 2 0.104693 0.355685 0.518927 0.003629 0.017067
1 2 0.191652 0.457757 0.322968 0.002907 0.024716
0 2 0.384722 0.297571 0.299318 0.003557 0.014833
1 2 0.201671 0.393432 0.307461 0.009467 0.087968
1 2 0.209877 0.546449 0.200204 0.001233 0.042237
1 2 0.100451 0.550279 0.252879 0.004281 0.092109
1 2 0.108511 0.457916 0.185264 0.000978 0.247331
1 2 0.071224 0.568246 0.170561 0.000593 0.189375
1 2 0.085625 0.637555 0.168474 0.000476 0.107870
1 2 0.222160 0.315996 0.275313 0.001216 0.185314
1 2 0.169793 0.636179 0.128619 0.000165 0.065244
4 2 0.301933 0.146689 0.057379 0.001113 0.492886
1 2 0.343283 0.453029 0.106268 0.000512 0.096908
0 2 0.419203 0.344570 0.083084 0.000385 0.152758
0 2 0.519672 0.276289 0.061577 0.000214 0.142248
0 2 0.582976 0.236146 0.056038 0.000379 0.124461
0 0 0.387569 0.322916 0.129299 0.000640 0.159576
1 0 0.301675 0.379298 0.114456 0.001180 0.203391
1 0 0.047260 0.666867 0.184558 0.000444 0.100870
1 1 0.115600 0.599895 0.167786 0.000868 0.115850
1 1 0.018719 0.462521 0.283637 0.005204 0.229919
1 2 0.119225 0.490339 0.305836 0.005643 0.078958
1 2 0.192803 0.474084 0.251578 0.006241 0.075294
0 2 0.599415 0.186864 0.140572 0.001451 0.071697
1 2 0.353828 0.475901 0.128399 0.001523 0.040348
1 2 0.118227 0.578026 0.195709 0.002513 0.105525
2 2 0.047494 0.290239 0.615843 0.022176 0.024248
2 2 0.111820 0.306847 0.542244 0.021098 0.017991
2 2 0.033854 0.252830 0.643430 0.039113 0.030773
2 2 0.083960 0.251854 0.632072 0.018360 0.013753
2 2 0.057071 0.187679 0.707084 0.039543 0.008623
2 2 0.031572 0.218021 0.733250 0.004309 0.012848
2 2 0.033359 0.268303 0.684833 0.002215 0.011291
2 2 0.045897 0.159978 0.784312 0.005356 0.004457
2 2 0.029189 0.225348 0.727627 0.004995 0.012840
2 2 0.014988 0.176371 0.782816 0.010956 0.014868
2 2 0.017170 0.107944 0.805172 0.056095 0.013618
2 2 0.036142 0.178205 0.758997 0.015616 0.011040
2 2 0.012080 0.085238 0.868563 0.028927 0.005192
2 2 0.002465 0.034020 0.941822 0.020053 0.001641
2 2 0.018114 0.127895 0.796412 0.046223 0.011356
2 2 0.011784 0.050573 0.897695 0.038839 0.001108
2 2 0.053321 0.151185 0.749818 0.038577 0.007098
2 2 0.018643 0.096813 0.813357 0.062545 0.008642
2 2 0.043900 0.122905 0.788848 0.040571 0.003776
2 2 0.029949 0.115563 0.801361 0.047313 0.005814
2 2 0.026044 0.137802 0.800745 0.025029 0.010380
2 2 0.054000 0.182216 0.711958 0.034843 0.016982
2 2 0.057417 0.238153 0.673828 0.016768 0.013834
2 2 0.014844 0.086311 0.816162 0.072428 0.010255
2 2 0.061696 0.257678 0.649438 0.013230 0.017958
2 2 0.092608 0.276035 0.609114 0.007512 0.014731
2 2 0.079453 0.240694 0.627494 0.024931 0.027427
2 2 0.046243 0.212433 0.708714 0.017224 0.015385
2 2 0.050423 0.230182 0.679991 0.017097 0.022307
2 2 0.064703 0.231428 0.676896 0.012327 0.014647
2 2 0.029442 0.120265 0.828294 0.016699 0.005301
2 2 0.022369 0.127555 0.815685 0.024132 0.010258
2 2 0.087328 0.230148 0.660018 0.012552 0.009954
2 2 0.027007 0.140948 0.772692 0.048980 0.010373
2 2 0.011345 0.087576 0.885387 0.012197 0.003495
2 2 0.023622 0.151212 0.733846 0.068063 0.023258
2 2 0.031760 0.163600 0.723072 0.060585 0.020984
2 2 0.117464 0.173142 0.612655 0.080761 0.015977
2 2 0.148838 0.268951 0.551086 0.016871 0.014254
2 2 0.040796 0.216758 0.646823 0.070268 0.025354
2 2 0.033558 0.250208 0.654262 0.026768 0.035204
2 2 0.117980 0.275704 0.507743 0.015964 0.082609
2 4 0.108750 0.332663 0.509389 0.018561 0.030637
2 4 0.065525 0.257457 0.597105 0.042333 0.037580
2 4 0.046752 0.147029 0.753910 0.041025 0.011285
2 4 0.021271 0.083412 0.782404 0.105631 0.007282
2 4 0.021353 0.114749 0.810358 0.044872 0.008668
2 4 0.071672 0.131677 0.734630 0.056200 0.005821
2 2 0.035712 0.125291 0.761705 0.065576 0.011716
2 2 0.113029 0.234177 0.623149 0.018238 0.011408
2 2 0.126451 0.255803 0.585359 0.016628 0.015758
2 2 0.054919 0.199722 0.712422 0.020728 0.012211
2 2 0.020319 0.159401 0.762053 0.034905 0.023322
2 2 0.059760 0.260602 0.646402 0.012401 0.020836
2 2 0.062405 0.211616 0.660693 0.034506 0.030779
0 2 0.572398 0.219171 0.068214 0.002073 0.138143
1 2 0.355640 0.463737 0.139264 0.002040 0.039319
1 2 0.360188 0.459692 0.123652 0.002057 0.054411
1 2 0.267088 0.534158 0.136606 0.001464 0.060684
1 2 0.285623 0.369404 0.116548 0.001734 0.226691
0 0 0.690125 0.137945 0.072254 0.003580 0.096096
0 0 0.464070 0.407489 0.089317 0.000821 0.038303
1 0 0.427271 0.431871 0.099807 0.001188 0.039863
1 1 0.066815 0.621336 0.197722 0.001566 0.112561
1 1 0.060691 0.531538 0.215161 0.005268 0.187343
2 2 0.061918 0.198651 0.718074 0.013052 0.008305
2 2 0.015717 0.099918 0.838201 0.040020 0.006144
2 2 0.013756 0.095666 0.873674 0.012940 0.003964
2 2 0.007981 0.059272 0.886731 0.043053 0.002962
2 2 0.007700 0.116001 0.854456 0.010716 0.011127
2 2 0.087571 0.202700 0.674823 0.023939 0.010967
2 2 0.017918 0.130991 0.810093 0.024895 0.016102
2 2 0.065564 0.201167 0.697850 0.021922 0.013497
2 2 0.039783 0.141298 0.729231 0.074690 0.014998
2 2 0.222352 0.339897 0.396349 0.007331 0.034071
2 2 0.097716 0.280687 0.595410 0.012227 0.013959
2 2 0.098531 0.234044 0.632180 0.021573 0.013672
2 2 0.059340 0.204449 0.684568 0.030858 0.020785
2 2 0.122869 0.251764 0.594657 0.019759 0.010952
2 2 0.038011 0.183332 0.751272 0.017788 0.009598
2 2 0.065979 0.266532 0.595994 0.038280 0.033216
2 2 0.064426 0.154609 0.665629 0.100936 0.014400
2 2 0.042797 0.193372 0.557477 0.081699 0.124655
1 2 0.312657 0.344249 0.278527 0.020110 0.044457
1 2 0.235628 0.370769 0.359279 0.012785 0.021540
2 2 0.029676 0.157541 0.725729 0.065592 0.021462
2 2 0.069624 0.187656 0.692578 0.034010 0.016133
2 2 0.045256 0.302415 0.621681 0.005851 0.024798
2 2 0.054218 0.224660 0.695028 0.010700 0.015394
2 2 0.038050 0.178913 0.742263 0.022283 0.018491
2 2 0.057076 0.268469 0.650777 0.007763 0.015914
2 2 0.032409 0.160660 0.776840 0.019281 0.010809
2 2 0.053874 0.197590 0.679578 0.044393 0.024565
2 2 0.033419 0.195876 0.744887 0.012948 0.012869
2 2 0.028728 0.174392 0.754003 0.023377 0.019500
2 2 0.006817 0.089741 0.886352 0.011816 0.005275
2 2 0.008366 0.063908 0.905006 0.020055 0.002665
2 2 0.003938 0.065918 0.904782 0.019507 0.005855
2 2 0.008172 0.091990 0.870356 0.021520 0.007961
2 2 0.003688 0.059055 0.903259 0.028989 0.005009
2 2 0.013446 0.064214 0.689555 0.222852 0.009934
2 2 0.080976 0.132426 0.591933 0.171076 0.023589
2 2 0.040368 0.115626 0.726351 0.111346 0.006309
2 2 0.057413 0.143388 0.681251 0.109203 0.008745
2 2 0.020565 0.082883 0.589452 0.288299 0.018801
2 2 0.010040 0.076987 0.837440 0.069347 0.006186
2 2 0.013815 0.110080 0.813493 0.051236 0.011375
2 2 0.013129 0.085846 0.839750 0.055144 0.006131
2 2 0.013114 0.061787 0.831551 0.089743 0.003805
2 2 0.009961 0.049987 0.779781 0.152784 0.007487
2 2 0.081415 0.278218 0.576975 0.025078 0.038314
2 2 0.105244 0.220145 0.483093 0.122493 0.069024
0 2 0.596569 0.209423 0.100105 0.003823 0.090080
0 2 0.431054 0.341688 0.200097 0.008861 0.018300
2 2 0.209357 0.326529 0.397874 0.036165 0.030075
2 2 0.039748 0.180877 0.738992 0.024750 0.015633
2 2 0.030919 0.176444 0.756496 0.021335 0.014805
2 2 0.042806 0.145959 0.752601 0.046173 0.012461
2 2 0.013045 0.101186 0.848117 0.029483 0.008168
2 2 0.055437 0.152336 0.735518 0.047643 0.009065
2 2 0.038542 0.150481 0.772439 0.027719 0.010819
2 2 0.036632 0.160507 0.783961 0.011497 0.007403
2 2 0.015126 0.123901 0.833065 0.019358 0.008550
2 2 0.011556 0.110616 0.843683 0.022359 0.011787
2 2 0.048547 0.163916 0.742126 0.034022 0.011389
2 2 0.071173 0.166356 0.713098 0.041381 0.007992
2 2 0.033460 0.132933 0.793827 0.032929 0.006851
2 2 0.029169 0.119696 0.761366 0.078451 0.011318
2 2 0.063018 0.197984 0.671861 0.047353 0.019784
2 2 0.049163 0.105626 0.685152 0.150727 0.009332
2 2 0.101481 0.206191 0.470915 0.134972 0.086441
2 2 0.146971 0.254864 0.514303 0.060352 0.023510
2 2 0.095806 0.180669 0.523074 0.142590 0.057861
2 2 0.258086 0.242236 0.447417 0.025407 0.026854
0 2 0.314830 0.263581 0.304635 0.008664 0.108291
2 2 0.095932 0.255223 0.614927 0.019148 0.014769
2 2 0.101229 0.197638 0.594438 0.080485 0.026210
2 2 0.055561 0.242248 0.653713 0.026296 0.022183
2 2 0.041270 0.197289 0.735786 0.014061 0.011593
2 2 0.013963 0.141640 0.818403 0.014229 0.011766
2 2 0.071484 0.244365 0.625614 0.020378 0.038160
2 2 0.159561 0.328261 0.474447 0.015309 0.022421
2 2 0.121954 0.256974 0.555551 0.011661 0.053860
2 2 0.096521 0.383686 0.487876 0.004643 0.027274
2 2 0.032191 0.217524 0.712601 0.013388 0.024295
2 2 0.002306 0.038390 0.937919 0.019172 0.002213
2 2 0.004235 0.060883 0.909900 0.021453 0.003530
2 2 0.024273 0.093959 0.842349 0.032963 0.006456
2 2 0.009956 0.078528 0.875321 0.031074 0.005120
2 2 0.004539 0.054222 0.920714 0.018753 0.001772
2 2 0.001691 0.054387 0.937212 0.003903 0.002807
2 2 0.000884 0.031535 0.962391 0.003997 0.001193
2 2 0.004276 0.048870 0.938347 0.007242 0.001264
2 2 0.000437 0.016839 0.967962 0.013930 0.000832
2 2 0.004825 0.056649 0.928275 0.007826 0.002426
2 2 0.015892 0.077252 0.826513 0.075606 0.004738
2 2 0.007394 0.041774 0.843665 0.104088 0.003079
2 2 0.011911 0.073866 0.829925 0.079107 0.005191
2 2 0.005092 0.040096 0.816390 0.133750 0.004672
2 2 0.002851 0.031248 0.823309 0.139675 0.002917
2 2 0.002976 0.011985 0.660042 0.324535 0.000461
2 2 0.002188 0.008297 0.581573 0.407338 0.000604
2 2 0.002409 0.010974 0.613771 0.372333 0.000513
2 2 0.002170 0.010066 0.742598 0.244942 0.000224
2 2 0.001873 0.013363 0.702725 0.281308 0.000731
3 2 0.004887 0.013041 0.472815 0.508361 0.000897
2 3 0.004218 0.012740 0.578497 0.403414 0.001130
2 3 0.004289 0.016965 0.657793 0.320180 0.000774
2 3 0.002877 0.009319 0.549685 0.437489 0.000630
3 3 0.008129 0.015253 0.474239 0.501251 0.001129
3 3 0.009050 0.021151 0.448751 0.519451 0.001596
2 3 0.027240 0.045602 0.525716 0.397561 0.003881
3 3 0.010853 0.017329 0.455837 0.514472 0.001509
3 3 0.016188 0.028169 0.409533 0.543210 0.002900
3 3 0.006556 0.010259 0.248841 0.732686 0.001659
3 3 0.012762 0.023171 0.460084 0.501743 0.002240
3 3 0.016418 0.023965 0.424909 0.531951 0.002758
3 3 0.026331 0.031681 0.376816 0.561461 0.003710
3 3 0.030056 0.026637 0.345481 0.595029 0.002797
3 3 0.020394 0.019166 0.364852 0.593266 0.002323
2 3 0.127581 0.153808 0.520567 0.186947 0.011096
2 3 0.191848 0.184571 0.432426 0.169211 0.021944
2 3 0.172632 0.159379 0.468503 0.186313 0.013172
2 3 0.176969 0.148079 0.457766 0.206015 0.011170
2 3 0.219650 0.171178 0.439285 0.158603 0.011285
3 3 0.031259 0.028521 0.363044 0.574108 0.003068
3 3 0.124004 0.076136 0.364270 0.429620 0.005970
2 3 0.068366 0.066274 0.561870 0.300528 0.002962
3 3 0.092988 0.061077 0.379012 0.462169 0.004753
3 3 0.078062 0.066444 0.415279 0.434420 0.005795
3 3 0.059680 0.035008 0.348460 0.554917 0.001934
2 3 0.021246 0.027482 0.501739 0.448190 0.001342
3 3 0.144903 0.089608 0.344640 0.412598 0.008252
3 3 0.061360 0.051174 0.376769 0.507135 0.003562
2 3 0.083822 0.095996 0.562663 0.252585 0.004933
3 3 0.278094 0.111154 0.231641 0.364198 0.014912
0 3 0.411261 0.111211 0.234069 0.236715 0.006744
0 3 0.460699 0.141261 0.205342 0.160663 0.032035
3 3 0.159963 0.131014 0.293940 0.369819 0.045264
2 0 0.218672 0.175123 0.333318 0.251563 0.021324
2 2 0.052889 0.321983 0.563611 0.021723 0.039794
2 2 0.042751 0.265276 0.638869 0.026180 0.026925
2 2 0.011685 0.166407 0.714315 0.057488 0.050106
2 2 0.028135 0.200974 0.690926 0.050444 0.029522
2 2 0.033545 0.207933 0.701892 0.032410 0.024220
1 2 0.052475 0.619110 0.276328 0.000406 0.051682
1 2 0.043033 0.493402 0.392005 0.001693 0.069867
2 2 0.023364 0.254595 0.681898 0.006875 0.033268
2 2 0.045305 0.370651 0.543625 0.003098 0.037321
1 1 0.034495 0.592004 0.309547 0.000509 0.063444
1 4 0.096497 0.569573 0.256879 0.001297 0.075753
1 4 0.008487 0.616406 0.246550 0.000371 0.128186
1 4 0.041787 0.483047 0.267318 0.000097 0.207752
1 4 0.082258 0.602309 0.211852 0.000145 0.103435
4 4 0.117923 0.294577 0.144108 0.000298 0.443094
4 4 0.157402 0.123395 0.029914 0.000015 0.689273
4 4 0.345641 0.072390 0.017483 0.000021 0.564465
4 4 0.242056 0.103818 0.024985 0.000019 0.629122
4 4 0.140222 0.024190 0.009842 0.000140 0.825606
4 4 0.211861 0.013779 0.006185 0.000273 0.767902
4 4 0.081210 0.199707 0.104858 0.000738 0.613488
1 4 0.052884 0.446179 0.159682 0.000848 0.340407
1 4 0.045573 0.579217 0.179756 0.000329 0.195125
4 4 0.093898 0.362203 0.160612 0.000169 0.383118
1 4 0.060375 0.501541 0.176845 0.001221 0.260018
4 4 0.060544 0.138244 0.047590 0.000106 0.753515
4 4 0.093470 0.103500 0.038239 0.000205 0.764586
4 4 0.466520 0.038677 0.014496 0.000571 0.479735
4 4 0.074775 0.090943 0.031976 0.000095 0.802211
4 4 0.093293 0.177251 0.055497 0.000105 0.673855
1 4 0.125685 0.445730 0.151807 0.000056 0.276722
4 4 0.088348 0.354470 0.132833 0.000248 0.424100
4 4 0.034958 0.232682 0.140196 0.000339 0.591825
1 4 0.073798 0.657061 0.174592 0.000507 0.094043
0 4 0.348651 0.244079 0.088896 0.000406 0.317969
1 4 0.015973 0.631746 0.251955 0.000104 0.100222
1 4 0.026160 0.598297 0.261999 0.000205 0.113339
1 4 0.017149 0.561973 0.335030 0.000060 0.085787
1 4 0.021385 0.566169 0.269783 0.000125 0.142538
1 4 0.038254 0.417470 0.365157 0.000069 0.179050
1 4 0.156013 0.380576 0.147446 0.000036 0.315930
1 4 0.082223 0.595926 0.121990 0.000025 0.199836
1 4 0.036060 0.405342 0.202694 0.001570 0.354334
4 4 0.092979 0.286203 0.130781 0.000071 0.489966
1 4 0.121351 0.563614 0.128879 0.000099 0.186057
1 4 0.021939 0.524318 0.376689 0.000178 0.076877
1 4 0.064838 0.455947 0.267166 0.001305 0.210744
1 4 0.096121 0.587355 0.254024 0.000329 0.062171
1 4 0.057886 0.539258 0.245444 0.000643 0.156769
1 4 0.054577 0.620743 0.262483 0.000235 0.061962
1 4 0.048768 0.566284 0.207140 0.002172 0.175636
1 4 0.057574 0.611324 0.139969 0.000060 0.191073
4 4 0.080625 0.323655 0.111300 0.000286 0.484133
1 4 0.101786 0.494564 0.184158 0.000425 0.219067
4 4 0.110341 0.289878 0.156967 0.000260 0.442554
1 4 0.015003 0.564228 0.334743 0.000038 0.085989
1 4 0.036290 0.581317 0.271195 0.000031 0.111167
1 4 0.057377 0.576613 0.292821 0.000016 0.073173
1 4 0.042454 0.617073 0.299714 0.000005 0.040754
1 4 0.038030 0.626668 0.276707 0.000029 0.058567
1 4 0.011879 0.637708 0.239234 0.000102 0.111078
1 0 0.182152 0.547683 0.188431 0.000342 0.081392
1 0 0.137932 0.694089 0.135186 0.000208 0.032584
1 0 0.047844 0.675534 0.197352 0.000630 0.078639
1 0 0.061660 0.748365 0.140967 0.000016 0.048992
1 0 0.019407 0.694207 0.218564 0.000017 0.067805
1 0 0.020160 0.703710 0.216333 0.000004 0.059794
1 0 0.049003 0.698817 0.210333 0.000002 0.041846
1 0 0.017396 0.731984 0.198440 0.000022 0.052159
1 0 0.080517 0.664171 0.187842 0.000004 0.067466
1 0 0.303538 0.531468 0.125468 0.000699 0.038827
1 0 0.190943 0.571490 0.186279 0.000847 0.050440
1 0 0.088319 0.650168 0.212905 0.000414 0.048195
1 0 0.162216 0.660009 0.143477 0.000275 0.034024
1 0 0.180391 0.438087 0.335463 0.004282 0.041777
1 0 0.093199 0.573261 0.260619 0.001147 0.071774
1 0 0.138057 0.556382 0.232523 0.000270 0.072768
1 0 0.138807 0.637314 0.164530 0.000326 0.059023
1 0 0.089994 0.681761 0.168083 0.000525 0.059637
1 0 0.027818 0.691782 0.235067 0.000172 0.045162
1 0 0.310700 0.460202 0.098131 0.000169 0.130799
0 0 0.737489 0.171188 0.043322 0.001028 0.046973
0 0 0.602408 0.181963 0.061461 0.002149 0.152019
0 0 0.522086 0.246991 0.079106 0.003336 0.148481
0 0 0.443442 0.310111 0.090610 0.001675 0.154162
0 0 0.382039 0.356617 0.088616 0.000326 0.172401
1 0 0.092727 0.568711 0.149990 0.000271 0.188301
1 0 0.185771 0.586617 0.120612 0.000121 0.106879
1 0 0.372305 0.380079 0.095288 0.000300 0.152027
1 0 0.235020 0.437443 0.132139 0.001282 0.194116
1 0 0.131967 0.550105 0.131765 0.000169 0.185993
0 0 0.475343 0.353102 0.060885 0.000041 0.110630
1 0 0.132902 0.587278 0.120990 0.000063 0.158766
1 0 0.175538 0.577734 0.107953 0.000042 0.138733
0 0 0.672784 0.175958 0.041072 0.000088 0.110096
1 0 0.237216 0.422316 0.281307 0.002985 0.056175
1 0 0.250414 0.474426 0.212727 0.002056 0.060376
1 0 0.266792 0.515890 0.178247 0.001394 0.037677
1 0 0.178316 0.551011 0.224611 0.000784 0.045279
1 0 0.052182 0.522148 0.257676 0.007211 0.160784
1 0 0.067015 0.493299 0.332064 0.006838 0.100783
1 1 0.018334 0.383522 0.367969 0.008163 0.222012
1 1 0.059316 0.566453 0.303458 0.000894 0.069878
1 1 0.053389 0.442101 0.417040 0.006229 0.081241
1 1 0.012127 0.584099 0.279003 0.000894 0.123878
1 1 0.007109 0.536821 0.398685 0.000173 0.057211
1 1 0.008147 0.514262 0.435921 0.000143 0.041527
1 1 0.002898 0.496125 0.396634 0.000410 0.103932
2 1 0.006559 0.461343 0.475957 0.000264 0.055877
1 4 0.002628 0.472895 0.456974 0.000202 0.067301
2 4 0.003568 0.242673 0.722936 0.000852 0.029970
2 4 0.003349 0.212708 0.764378 0.000417 0.019148
2 4 0.004481 0.230359 0.739304 0.000853 0.025002
2 4 0.004909 0.213905 0.767910 0.000487 0.012789
2 4 0.001552 0.149336 0.828282 0.000684 0.020146
2 2 0.000856 0.214006 0.743500 0.000341 0.041296
2 2 0.001172 0.108025 0.858974 0.003432 0.028397
2 2 0.005017 0.265630 0.706503 0.000367 0.022483
2 2 0.000670 0.104354 0.882480 0.000350 0.012147
2 2 0.000780 0.177873 0.790516 0.000522 0.030309
2 2 0.000387 0.055019 0.937342 0.001059 0.006193
2 2 0.000413 0.079160 0.913604 0.000344 0.006478
2 2 0.003222 0.083012 0.911235 0.000420 0.002110
2 2 0.000479 0.090676 0.898111 0.000468 0.010266
2 2 0.000711 0.047296 0.949560 0.000511 0.001922
2 2 0.001295 0.112070 0.870255 0.001568 0.014813
2 2 0.003152 0.148204 0.828637 0.002780 0.017228
2 2 0.004035 0.173052 0.811271 0.000764 0.010877
2 2 0.015607 0.290022 0.658767 0.002287 0.033317
2 2 0.001539 0.160589 0.794886 0.003155 0.039831
2 2 0.002295 0.140292 0.846743 0.000593 0.010077
2 2 0.007167 0.149659 0.831152 0.000452 0.011570
2 2 0.001099 0.097536 0.895552 0.000352 0.005460
2 2 0.001682 0.121758 0.860094 0.001080 0.015387
2 2 0.000677 0.113242 0.877463 0.000139 0.008479
2 2 0.000526 0.048259 0.948595 0.000425 0.002196
2 2 0.000829 0.061672 0.925479 0.003237 0.008783
2 2 0.001583 0.182059 0.801331 0.000242 0.014785
2 2 0.004479 0.176896 0.801773 0.001176 0.015676
2 2 0.001465 0.125045 0.854743 0.001487 0.017260
2 2 0.001625 0.065310 0.930796 0.000489 0.001779
2 2 0.000264 0.043620 0.952435 0.000750 0.002930
2 2 0.000706 0.044442 0.948142 0.003469 0.003241
2 2 0.000146 0.023200 0.974144 0.001038 0.001472
2 2 0.000405 0.049168 0.945522 0.001116 0.003789
2 2 0.010541 0.170114 0.798268 0.005058 0.016020
2 2 0.015599 0.437412 0.481015 0.001209 0.064765
2 2 0.017588 0.416008 0.513369 0.000833 0.052201
2 2 0.010969 0.362316 0.578136 0.001049 0.047530
1 0 0.259182 0.462921 0.242664 0.001409 0.033824
0 0 0.499625 0.333346 0.094842 0.001641 0.070547
0 0 0.488404 0.364289 0.079944 0.000468 0.066895
1 0 0.366730 0.504408 0.099656 0.000465 0.028741
1 0 0.367181 0.493298 0.104487 0.000674 0.034360
0 0 0.453793 0.426429 0.089177 0.000726 0.029876
0 0 0.493946 0.312158 0.166612 0.005982 0.021302
0 0 0.603512 0.291686 0.091473 0.001469 0.011862
0 0 0.508794 0.297407 0.164518 0.004593 0.024688
0 0 0.543265 0.283480 0.132987 0.003319 0.036949
0 0 0.630664 0.292052 0.066182 0.000552 0.010550
1 0 0.063870 0.746940 0.148355 0.000106 0.040729
1 0 0.034496 0.725903 0.186301 0.000224 0.053077
1 1 0.067458 0.673183 0.184215 0.000690 0.074453
1 1 0.279697 0.567339 0.106551 0.000016 0.046398
1 1 0.053863 0.708225 0.182473 0.000323 0.055115
1 1 0.020676 0.564531 0.365445 0.000271 0.049077
1 1 0.026400 0.566686 0.351903 0.000373 0.054638
1 1 0.019932 0.557124 0.382058 0.000197 0.040689
1 2 0.036548 0.600494 0.324658 0.000210 0.038090
1 2 0.060642 0.569992 0.323263 0.000428 0.045674
2 2 0.035244 0.288508 0.652448 0.002722 0.021079
2 2 0.021153 0.325761 0.613445 0.001939 0.037702
2 2 0.028942 0.377969 0.569049 0.001007 0.023034
2 2 0.099305 0.318720 0.564939 0.003265 0.013771
2 4 0.038574 0.218955 0.717614 0.007675 0.017182
2 4 0.048278 0.355444 0.567885 0.003150 0.025243
2 4 0.017891 0.363391 0.589887 0.000497 0.028333
2 2 0.022554 0.313481 0.636697 0.001630 0.025637
2 2 0.050763 0.377801 0.557781 0.000424 0.013231
1 2 0.069579 0.464325 0.438800 0.000539 0.026757
1 2 0.053804 0.489261 0.416045 0.001386 0.039504
1 4 0.160919 0.477206 0.336463 0.001356 0.024056
2 4 0.027725 0.393445 0.541816 0.001170 0.035843
1 4 0.060856 0.520643 0.394145 0.000360 0.023995
2 2 0.057547 0.311045 0.613402 0.002345 0.015660
2 2 0.064235 0.383097 0.534549 0.001112 0.017006
2 2 0.007943 0.312329 0.659112 0.000283 0.020332
2 2 0.039541 0.292273 0.645617 0.003758 0.018811
2 2 0.043997 0.305252 0.640221 0.001194 0.009335
2 2 0.070600 0.344673 0.557108 0.003926 0.023693
2 2 0.118632 0.392482 0.472128 0.001879 0.014879
2 2 0.044279 0.368614 0.550133 0.003175 0.033800
2 2 0.023889 0.207878 0.751273 0.006102 0.010858
2 2 0.045358 0.377507 0.557277 0.001059 0.018799
2 2 0.063887 0.261018 0.654434 0.005722 0.014939
2 2 0.035392 0.339421 0.599503 0.001836 0.023849
2 2 0.023487 0.354447 0.570632 0.002758 0.048677
2 2 0.045243 0.312736 0.618319 0.003157 0.020546
2 2 0.126165 0.390561 0.408625 0.005875 0.068774
1 2 0.142963 0.462310 0.367443 0.002461 0.024824
1 2 0.200476 0.519446 0.216285 0.002434 0.061360
1 2 0.207385 0.437840 0.312508 0.004237 0.038029
2 2 0.083081 0.403441 0.451497 0.006663 0.055318
0 4 0.503032 0.277033 0.112395 0.000985 0.106555
0 0 0.638792 0.248273 0.095381 0.001045 0.016509
1 0 0.192412 0.385382 0.164363 0.000965 0.256877
1 0 0.330885 0.404306 0.125717 0.000092 0.139000
1 0 0.137663 0.636306 0.114926 0.000031 0.111074
1 1 0.018036 0.589128 0.166831 0.000094 0.225911
1 1 0.028345 0.649676 0.162375 0.000079 0.159525
1 1 0.010127 0.476081 0.463391 0.000265 0.050136
1 2 0.007596 0.457921 0.456288 0.000518 0.077676
2 2 0.008720 0.438621 0.486426 0.000462 0.065771
2 2 0.002757 0.266433 0.662503 0.001153 0.067154
2 2 0.016599 0.241781 0.714217 0.003363 0.024039
2 2 0.004431 0.110224 0.881255 0.000513 0.003576
2 2 0.000468 0.099770 0.889964 0.000255 0.009542
2 2 0.000471 0.052659 0.932760 0.004717 0.009394
2 2 0.000492 0.057193 0.934858 0.001038 0.006419
2 2 0.000277 0.073484 0.917080 0.000385 0.008774
2 2 0.000533 0.011624 0.971141 0.016237 0.000466
2 2 0.000741 0.031629 0.963629 0.002678 0.001322
2 2 0.001637 0.053328 0.938197 0.003954 0.002884
2 2 0.000411 0.025620 0.962413 0.009400 0.002156
2 2 0.000083 0.005900 0.986606 0.007177 0.000234
2 2 0.000152 0.024199 0.974530 0.000335 0.000785
2 2 0.001168 0.054359 0.939637 0.002277 0.002558
2 2 0.000274 0.019870 0.977245 0.001764 0.000846
2 2 0.001020 0.027538 0.965957 0.004499 0.000986
2 2 0.001145 0.041905 0.940063 0.013162 0.003725
2 2 0.021170 0.223015 0.745591 0.001659 0.008565
2 2 0.012588 0.106770 0.868916 0.006386 0.005341
2 2 0.002297 0.086609 0.902409 0.002283 0.006403
2 2 0.000378 0.046329 0.949546 0.000652 0.003095
2 2 0.007551 0.128736 0.857444 0.001495 0.004774
2 2 0.001460 0.052464 0.939111 0.003623 0.003342
2 2 0.006000 0.115486 0.859673 0.007651 0.011191
2 2 0.003231 0.119030 0.869422 0.001024 0.007293
2 2 0.004608 0.074949 0.902365 0.011923 0.006156
2 2 0.013252 0.159663 0.816785 0.002613 0.007688
2 2 0.001551 0.069717 0.924705 0.001044 0.002983
2 2 0.001513 0.069184 0.921188 0.003241 0.004875
2 2 0.002187 0.091191 0.898989 0.001395 0.006238
2 2 0.011437 0.095031 0.879570 0.008761 0.005202
2 2 0.002277 0.059337 0.922860 0.008234 0.007293
2 2 0.005265 0.104802 0.849434 0.019349 0.021151
2 2 0.001631 0.079525 0.908205 0.002373 0.008265
2 2 0.003159 0.144679 0.840967 0.000849 0.010346
2 2 0.002991 0.087408 0.900924 0.002942 0.005735
2 2 0.008121 0.153979 0.818037 0.004539 0.015324
2 2 0.000397 0.044995 0.946388 0.002295 0.005924
2 2 0.000424 0.042689 0.953848 0.000673 0.002366
2 2 0.000621 0.029627 0.959637 0.007761 0.002354
2 2 0.000654 0.041548 0.947637 0.005688 0.004472
2 2 0.002572 0.091908 0.901472 0.000524 0.003523
2 2 0.001634 0.055363 0.937779 0.002509 0.002715
2 2 0.000612 0.045265 0.945343 0.003876 0.004903
2 2 0.009010 0.084880 0.873491 0.025119 0.007500
2 2 0.009235 0.130776 0.832424 0.013857 0.013708
2 2 0.001194 0.043346 0.942941 0.009822 0.002697
2 2 0.000953 0.033872 0.950843 0.012234 0.002098
2 2 0.001873 0.043533 0.945921 0.006963 0.001709
2 2 0.000526 0.029217 0.966131 0.002999 0.001126
2 2 0.000382 0.032088 0.961968 0.003492 0.002070
2 2 0.000950 0.055277 0.930605 0.006829 0.006338
2 2 0.000298 0.045696 0.950456 0.000446 0.003104
2 2 0.001014 0.044222 0.949462 0.003229 0.002072
2 2 0.003991 0.121186 0.855016 0.005664 0.014143
2 2 0.001160 0.089102 0.888599 0.004588 0.016551
2 2 0.009917 0.200999 0.781936 0.000507 0.006642
2 2 0.006755 0.286322 0.641376 0.002650 0.062898
2 2 0.024526 0.238469 0.715477 0.003468 0.018060
2 2 0.023373 0.454415 0.493716 0.000173 0.028323
2 2 0.011070 0.395396 0.560867 0.000187 0.032480
2 2 0.024438 0.333248 0.594094 0.003771 0.044449
2 2 0.038354 0.401072 0.540005 0.000445 0.020125
2 2 0.040801 0.449467 0.478370 0.000575 0.030787
2 2 0.011658 0.254522 0.707362 0.001088 0.025371
2 2 0.026942 0.272907 0.676170 0.002787 0.021194
2 2 0.017542 0.464757 0.466457 0.000523 0.050722
2 2 0.010104 0.475588 0.480102 0.000134 0.034072
1 2 0.007577 0.486017 0.478045 0.000078 0.028283
2 2 0.002999 0.290201 0.643664 0.000637 0.062499
2 2 0.006797 0.251808 0.627688 0.008102 0.105605
2 2 0.005324 0.304454 0.671806 0.000072 0.018344
2 2 0.009293 0.168056 0.791225 0.006370 0.025055
2 2 0.012054 0.289537 0.641668 0.002315 0.054427
2 2 0.090231 0.292478 0.506879 0.001354 0.109058
1 2 0.042641 0.673311 0.254786 0.000109 0.029153
1 2 0.061829 0.664347 0.220925 0.000381 0.052518
1 2 0.083048 0.721398 0.156262 0.000141 0.039150
1 2 0.099750 0.632029 0.173129 0.000409 0.094684
1 2 0.106308 0.709305 0.128284 0.000057 0.056046
1 2 0.270867 0.583776 0.094305 0.000049 0.051003
0 0 0.464248 0.265410 0.080053 0.001604 0.188685
1 0 0.076907 0.664718 0.183036 0.000066 0.075273
1 0 0.031341 0.690531 0.209739 0.000035 0.068354
1 1 0.013638 0.656718 0.218544 0.000047 0.111052
1 1 0.016207 0.705854 0.226443 0.000017 0.051479
1 1 0.033883 0.665394 0.254218 0.000008 0.046497
1 1 0.009397 0.555323 0.410015 0.000009 0.025256
2 2 0.003359 0.473838 0.492005 0.000027 0.030771
1 2 0.001999 0.554655 0.408068 0.000020 0.035258
1 2 0.005800 0.569044 0.395078 0.000054 0.030025
1 2 0.004026 0.537643 0.423026 0.000045 0.035260
1 2 0.039088 0.666942 0.183219 0.000111 0.110640
1 2 0.031619 0.576012 0.299547 0.000550 0.092272
1 2 0.128500 0.599354 0.142481 0.000236 0.129428
1 2 0.263421 0.442765 0.112753 0.000429 0.180632
1 0 0.100457 0.743280 0.126992 0.000065 0.029205
1 0 0.112754 0.596273 0.122006 0.000049 0.168917
0 0 0.434648 0.357132 0.075272 0.000160 0.132788
0 0 0.356948 0.294683 0.058621 0.000034 0.289714
1 0 0.112460 0.527313 0.117372 0.000061 0.242793
1 0 0.209917 0.568039 0.080102 0.000005 0.141937
1 0 0.060958 0.512379 0.112071 0.000023 0.314568
4 0 0.033294 0.360755 0.090591 0.000018 0.515341
4 1 0.020717 0.232138 0.067480 0.000015 0.679649
4 1 0.049777 0.171307 0.061518 0.000070 0.717328
4 1 0.047468 0.158075 0.073766 0.000073 0.720618
4 4 0.055225 0.233892 0.075708 0.000118 0.635056
0 4 0.368112 0.278123 0.070792 0.000243 0.282730
4 4 0.144405 0.112779 0.032796 0.000053 0.709967
4 4 0.250276 0.051945 0.023520 0.001443 0.672816
4 4 0.317410 0.085155 0.035699 0.001875 0.559860
4 4 0.062850 0.111972 0.047948 0.000494 0.776736
4 4 0.109136 0.239204 0.068585 0.000025 0.583049
1 4 0.185698 0.479555 0.098178 0.000046 0.236523
4 4 0.023785 0.330726 0.103945 0.000071 0.541474
4 4 0.029823 0.141271 0.059976 0.000297 0.768633
1 4 0.105713 0.488495 0.252756 0.000341 0.152695
1 4 0.025508 0.572934 0.200555 0.000167 0.200837
1 4 0.015676 0.614679 0.198431 0.000316 0.170897
4 4 0.024842 0.407006 0.155042 0.000536 0.412574
1 4 0.028744 0.612571 0.214829 0.000113 0.143742
4 4 0.046057 0.236497 0.119113 0.000340 0.597994
1 4 0.035952 0.607295 0.179006 0.000312 0.177435
1 4 0.014044 0.490641 0.187678 0.000519 0.307118
1 4 0.016866 0.473396 0.178690 0.000498 0.330550
4 4 0.067408 0.305755 0.131796 0.000248 0.494793
4 4 0.132618 0.193895 0.121022 0.000137 0.552329
