4 0 0.167772 0.081152 0.028869 0.001456 0.720751
4 0 0.118508 0.038163 0.010682 0.000081 0.832566
4 0 0.156907 0.011552 0.003382 0.000074 0.828084
4 0 0.146320 0.019985 0.003020 0.000004 0.830672
4 0 0.174537 0.032081 0.008474 0.000147 0.784761
4 0 0.149245 0.010520 0.001239 0.000001 0.838995
4 0 0.328307 0.016315 0.000943 0.000000 0.654434
4 0 0.377911 0.024649 0.000686 0.000000 0.596753
4 0 0.229019 0.137134 0.004105 0.000000 0.629742
4 0 0.288679 0.067071 0.003415 0.000000 0.640835
4 0 0.283559 0.007094 0.000439 0.000000 0.708907
0 0 0.598922 0.035341 0.003731 0.000011 0.361995
0 0 0.513722 0.025976 0.002637 0.000004 0.457660
4 0 0.207075 0.016488 0.003944 0.000048 0.772444
4 0 0.304466 0.019073 0.006651 0.000444 0.669366
0 0 0.595858 0.018289 0.001767 0.000003 0.384082
4 0 0.364029 0.018752 0.001420 0.000001 0.615799
0 0 0.778603 0.011979 0.002260 0.000007 0.207151
4 0 0.326889 0.018824 0.004403 0.000017 0.649868
4 0 0.263334 0.014716 0.001449 0.000001 0.720500
4 0 0.198536 0.058239 0.023140 0.000783 0.719303
4 0 0.126161 0.073315 0.038636 0.004261 0.757626
4 0 0.316517 0.060160 0.026947 0.003227 0.593149
4 0 0.158130 0.075520 0.025141 0.000818 0.740391
4 0 0.244191 0.299727 0.059435 0.002051 0.394596
4 0 0.154719 0.215846 0.165571 0.025507 0.438356
1 1 0.125630 0.414790 0.263521 0.048553 0.147505
1 0 0.147452 0.370319 0.229067 0.131997 0.121164
2 0 0.320483 0.267235 0.321707 0.049401 0.041174
4 0 0.097767 0.184919 0.178632 0.069972 0.468709
1 1 0.079011 0.422734 0.332493 0.000933 0.164829
1 1 0.029090 0.399817 0.398584 0.000119 0.172391
1 1 0.057989 0.438573 0.264986 0.000318 0.238134
1 1 0.030444 0.407329 0.361282 0.000036 0.200910
1 1 0.045796 0.429322 0.290201 0.000091 0.234589
1 1 0.066502 0.443316 0.256426 0.000891 0.232866
1 1 0.103720 0.424499 0.300114 0.000779 0.170888
1 1 0.078937 0.371556 0.208595 0.001369 0.339544
1 4 0.074768 0.444061 0.225160 0.000664 0.255347
1 4 0.086754 0.443654 0.229100 0.000975 0.239518
2 4 0.160086 0.326272 0.444133 0.009709 0.059801
2 4 0.222739 0.277930 0.441571 0.018679 0.039081
2 4 0.278252 0.290552 0.369464 0.014283 0.047449
2 4 0.257574 0.316301 0.355148 0.005752 0.065225
1 4 0.104249 0.427894 0.298496 0.002327 0.167034
4 4 0.133654 0.252589 0.216413 0.000914 0.396430
1 4 0.117218 0.420610 0.126387 0.000345 0.335441
1 4 0.093095 0.434561 0.165394 0.000298 0.306651
1 4 0.105649 0.406200 0.113485 0.000052 0.374614
4 4 0.067847 0.389586 0.143439 0.000008 0.399121
4 4 0.059049 0.377098 0.114285 0.000000 0.449568
4 4 0.077291 0.394797 0.117582 0.000003 0.410326
4 4 0.089761 0.370810 0.087102 0.000002 0.452325
4 4 0.054866 0.354896 0.096284 0.000000 0.493955
4 4 0.077903 0.324797 0.074737 0.000001 0.522563
1 4 0.079406 0.399566 0.121574 0.000005 0.399449
4 4 0.154897 0.375146 0.073479 0.000148 0.396330
4 4 0.060754 0.214831 0.102316 0.001220 0.620879
4 4 0.081691 0.365959 0.087058 0.000001 0.465291
4 4 0.068929 0.389981 0.119096 0.000001 0.421993
1 4 0.036801 0.391922 0.215485 0.000001 0.355792
1 4 0.036792 0.403930 0.209880 0.000000 0.349398
1 4 0.040518 0.413775 0.224281 0.000002 0.321425
1 4 0.035632 0.406326 0.224063 0.000000 0.333978
4 4 0.017437 0.199073 0.187592 0.000003 0.595895
4 4 0.122892 0.378968 0.082266 0.000027 0.415847
4 4 0.096935 0.350146 0.069590 0.000001 0.483328
4 4 0.143141 0.379692 0.086282 0.000023 0.390862
4 4 0.212714 0.168286 0.039722 0.000694 0.578583
4 4 0.200554 0.355754 0.057692 0.000586 0.385413
1 4 0.029789 0.405508 0.368573 0.000040 0.196090
2 1 0.013316 0.329766 0.500081 0.000009 0.156828
2 1 0.021929 0.376329 0.453327 0.000084 0.148331
2 1 0.014159 0.347093 0.498609 0.000009 0.140131
2 1 0.024881 0.391351 0.409104 0.000040 0.174625
0 1 0.360118 0.262914 0.315922 0.020318 0.040727
1 1 0.255922 0.330581 0.289097 0.051409 0.072991
2 0 0.287630 0.237279 0.432257 0.004616 0.038218
0 0 0.384498 0.226653 0.333232 0.003530 0.052087
0 0 0.411443 0.291815 0.223226 0.005554 0.067962
4 0 0.059530 0.298173 0.170263 0.000958 0.471077
4 0 0.254734 0.322363 0.049096 0.000047 0.373759
1 0 0.130965 0.418449 0.124522 0.000402 0.325662
1 0 0.119006 0.400039 0.101743 0.000081 0.379131
1 0 0.314262 0.341596 0.077949 0.000146 0.266047
2 0 0.090757 0.364035 0.454228 0.005492 0.085488
1 0 0.117450 0.433325 0.262282 0.002538 0.184404
2 0 0.064979 0.396760 0.414098 0.006419 0.117744
1 0 0.027766 0.399473 0.389394 0.000049 0.183318
1 0 0.043551 0.427130 0.297967 0.000078 0.231274
1 0 0.098788 0.417361 0.131220 0.000079 0.352552
1 0 0.105487 0.420130 0.131285 0.000155 0.342944
1 0 0.103982 0.431679 0.151019 0.000425 0.312894
1 0 0.278910 0.371331 0.153575 0.000056 0.196128
1 0 0.169471 0.416323 0.112049 0.009648 0.292508
0 0 0.447533 0.242172 0.222277 0.000488 0.087530
0 0 0.746377 0.102087 0.098475 0.003059 0.050002
1 0 0.253617 0.363537 0.205248 0.040170 0.137428
1 0 0.225446 0.363436 0.192655 0.044440 0.174023
0 0 0.578456 0.175965 0.130780 0.018432 0.096366
4 0 0.418416 0.024854 0.004619 0.000003 0.552109
4 0 0.419962 0.051470 0.003970 0.000009 0.524589
0 0 0.743842 0.025492 0.007870 0.000025 0.222772
0 0 0.705686 0.052904 0.007637 0.000008 0.233764
0 0 0.711776 0.023639 0.010183 0.000122 0.254279
0 0 0.420338 0.174838 0.115866 0.056793 0.232165
3 0 0.077587 0.074810 0.115548 0.450892 0.281162
4 0 0.209901 0.076354 0.050580 0.041398 0.621768
0 0 0.684297 0.123019 0.067555 0.004714 0.120415
1 0 0.283281 0.341690 0.254554 0.034647 0.085828
1 0 0.089857 0.433146 0.165421 0.000207 0.311369
1 1 0.065715 0.441458 0.241443 0.000380 0.251004
1 1 0.063312 0.439856 0.241022 0.000253 0.255556
1 1 0.074202 0.443739 0.224924 0.000606 0.256530
1 0 0.081983 0.443497 0.205724 0.000660 0.268136
4 0 0.295361 0.071305 0.014223 0.000053 0.619058
4 0 0.246570 0.042839 0.008531 0.000131 0.701928
4 0 0.421165 0.123071 0.018111 0.000134 0.437518
4 0 0.305262 0.141100 0.011114 0.000010 0.542513
4 0 0.221772 0.052509 0.017645 0.001545 0.706529
1 1 0.199541 0.366265 0.070921 0.001617 0.361656
4 4 0.179652 0.319257 0.046694 0.000035 0.454362
1 4 0.121680 0.409410 0.110762 0.000187 0.357961
1 4 0.188394 0.419958 0.147212 0.013564 0.230873
4 0 0.266926 0.309742 0.054315 0.000498 0.368521
0 0 0.576464 0.077210 0.030450 0.001864 0.314012
0 0 0.599448 0.130043 0.033240 0.000391 0.236879
4 0 0.294809 0.259381 0.032423 0.000015 0.413373
4 0 0.234494 0.270104 0.057417 0.000053 0.437932
0 0 0.899243 0.036914 0.020749 0.000112 0.042983
0 0 0.491702 0.103046 0.096520 0.011447 0.297285
0 0 0.771030 0.084739 0.064678 0.006653 0.072899
0 0 0.400228 0.128028 0.125491 0.105722 0.240531
0 0 0.476483 0.214855 0.154113 0.039502 0.115048
1 0 0.241183 0.349918 0.259868 0.058973 0.090058
1 4 0.074947 0.417701 0.151866 0.000016 0.355470
4 4 0.127757 0.322106 0.049529 0.000003 0.500605
4 4 0.055806 0.390700 0.135058 0.000000 0.418435
4 4 0.049653 0.375708 0.124398 0.000000 0.450241
1 4 0.048857 0.399486 0.161056 0.000000 0.390600
2 4 0.014549 0.339580 0.525945 0.000044 0.119881
2 2 0.018865 0.348526 0.475086 0.000090 0.157433
2 2 0.016634 0.357621 0.483324 0.000021 0.142401
2 2 0.029206 0.398986 0.403650 0.000156 0.168002
2 2 0.020919 0.380983 0.424390 0.000014 0.173694
2 2 0.008300 0.278120 0.637550 0.000069 0.075960
2 2 0.006809 0.244676 0.679297 0.000189 0.069029
2 2 0.024322 0.265988 0.660561 0.000667 0.048463
2 2 0.015860 0.315600 0.579940 0.000188 0.088411
2 2 0.003551 0.178108 0.754765 0.000159 0.063417
2 2 0.007925 0.272999 0.646066 0.000073 0.072936
2 2 0.094535 0.254041 0.613957 0.005787 0.031680
2 2 0.038997 0.324794 0.561212 0.000874 0.074123
2 2 0.009384 0.284843 0.629584 0.000153 0.076037
2 2 0.026141 0.298503 0.611654 0.001722 0.061980
2 2 0.044947 0.282756 0.620585 0.005252 0.046460
2 2 0.013184 0.279042 0.644719 0.000746 0.062309
2 2 0.056722 0.304088 0.580849 0.003467 0.054873
2 2 0.016507 0.306206 0.601488 0.001093 0.074706
2 2 0.036505 0.293224 0.613179 0.001541 0.055552
2 1 0.131138 0.279308 0.543849 0.006456 0.039249
2 1 0.021123 0.334649 0.554057 0.003960 0.086211
2 2 0.007591 0.207013 0.664017 0.002903 0.118476
2 1 0.043343 0.336359 0.540840 0.003655 0.075803
2 2 0.016940 0.293693 0.622038 0.001188 0.066141
2 2 0.005701 0.239698 0.698323 0.000083 0.056195
2 2 0.002039 0.123654 0.818573 0.000816 0.054920
2 2 0.023223 0.264572 0.663765 0.001071 0.047369
2 2 0.033843 0.220916 0.714859 0.003291 0.027090
2 2 0.014400 0.318389 0.578966 0.000704 0.087541
0 1 0.367043 0.230748 0.336347 0.037060 0.028803
0 1 0.385542 0.235776 0.329746 0.017810 0.031126
1 4 0.317813 0.329797 0.236545 0.024888 0.090956
0 0 0.446325 0.224593 0.285576 0.003307 0.040198
2 0 0.212907 0.320459 0.321534 0.080683 0.064418
2 0 0.219524 0.273473 0.339079 0.101830 0.066094
2 0 0.270337 0.273403 0.327519 0.085466 0.043275
1 0 0.247375 0.308212 0.299187 0.084460 0.060766
2 0 0.321136 0.239985 0.347099 0.060996 0.030784
2 0 0.315260 0.209856 0.378824 0.016397 0.079663
1 0 0.152173 0.308164 0.260477 0.206089 0.073096
2 0 0.079703 0.316467 0.338379 0.028883 0.236568
2 1 0.300839 0.274435 0.332862 0.048915 0.042949
1 1 0.184287 0.337329 0.329467 0.076218 0.072698
1 1 0.138661 0.376357 0.272628 0.100631 0.111722
1 1 0.027185 0.402298 0.358597 0.000010 0.211909
1 1 0.033283 0.413101 0.342909 0.000039 0.210668
1 1 0.031410 0.409221 0.356761 0.000040 0.202567
1 1 0.026684 0.400751 0.365698 0.000012 0.206855
1 1 0.029835 0.408610 0.312791 0.000004 0.248760
2 2 0.018558 0.375379 0.426016 0.000005 0.180043
2 2 0.024454 0.392071 0.400791 0.000023 0.182661
2 2 0.023982 0.390315 0.406074 0.000024 0.179605
2 2 0.024266 0.389107 0.415286 0.000041 0.171300
1 2 0.032733 0.407506 0.382241 0.000189 0.177332
2 2 0.017307 0.353802 0.501042 0.000075 0.127774
2 2 0.017317 0.350253 0.511855 0.000129 0.120446
2 2 0.007078 0.238442 0.633618 0.000061 0.120801
2 2 0.008601 0.287577 0.618503 0.000031 0.085288
2 2 0.022587 0.365518 0.491678 0.000754 0.119462
2 2 0.026093 0.385680 0.442160 0.000296 0.145772
2 2 0.041289 0.387863 0.436344 0.000310 0.134194
2 2 0.016991 0.342220 0.532428 0.000307 0.108054
2 2 0.017359 0.352823 0.504397 0.000091 0.125330
2 2 0.024597 0.370272 0.484716 0.001331 0.119083
2 1 0.025923 0.286421 0.628939 0.005328 0.053388
2 2 0.011071 0.227314 0.722289 0.001935 0.037390
2 2 0.020780 0.281987 0.637968 0.005678 0.053587
2 2 0.008157 0.219102 0.732237 0.000631 0.039873
2 2 0.013946 0.244957 0.696339 0.002614 0.042143
2 2 0.002831 0.099343 0.817317 0.022546 0.057964
2 2 0.026715 0.201327 0.740105 0.009857 0.021996
2 2 0.002840 0.120966 0.827496 0.004992 0.043706
2 2 0.009392 0.188784 0.774788 0.002089 0.024947
2 2 0.004952 0.140780 0.819745 0.003634 0.030889
2 2 0.063403 0.191039 0.705317 0.023918 0.016323
2 2 0.013540 0.223091 0.726793 0.002894 0.033683
2 2 0.009431 0.203100 0.728756 0.007057 0.051656
2 2 0.016468 0.206658 0.745588 0.004842 0.026445
2 2 0.013880 0.231567 0.672491 0.014332 0.067728
2 2 0.008626 0.198201 0.671797 0.024157 0.097219
2 3 0.032880 0.302874 0.592103 0.014884 0.057258
2 3 0.024221 0.285104 0.628860 0.009248 0.052567
2 2 0.013231 0.258644 0.613213 0.016119 0.098792
2 2 0.039592 0.313287 0.565593 0.020468 0.061060
2 3 0.025633 0.241514 0.616566 0.044049 0.072238
2 3 0.013070 0.168703 0.736746 0.031183 0.050298
2 3 0.044375 0.259015 0.525315 0.094418 0.076878
2 3 0.021554 0.206180 0.635509 0.064922 0.071835
2 3 0.006157 0.079756 0.539675 0.302157 0.072255
2 3 0.052754 0.284167 0.551758 0.052322 0.058998
2 3 0.024417 0.224697 0.659745 0.034753 0.056389
2 3 0.037488 0.191257 0.566269 0.148327 0.056659
2 3 0.046042 0.288537 0.525325 0.062861 0.077236
2 3 0.066863 0.274441 0.577138 0.042512 0.039045
2 3 0.085875 0.248463 0.574525 0.061383 0.029754
2 2 0.043996 0.332119 0.530365 0.024021 0.069499
2 3 0.036031 0.334773 0.537402 0.017826 0.073969
2 3 0.034695 0.316992 0.531851 0.029743 0.086720
2 3 0.038308 0.318434 0.560706 0.019103 0.063449
2 3 0.025025 0.338030 0.543688 0.010403 0.082855
2 3 0.039098 0.322765 0.552724 0.019818 0.065595
2 3 0.029149 0.280009 0.568526 0.037637 0.084680
2 3 0.040393 0.258563 0.645273 0.019289 0.036482
2 3 0.050382 0.266059 0.618805 0.027187 0.037567
2 3 0.047332 0.231843 0.669881 0.023877 0.027067
2 3 0.067879 0.295105 0.545144 0.044670 0.047203
2 3 0.054816 0.289144 0.578365 0.031773 0.045901
2 3 0.033079 0.273378 0.635209 0.014515 0.043818
2 3 0.047870 0.356613 0.482493 0.028432 0.084593
2 3 0.060182 0.316385 0.527550 0.038064 0.057819
2 3 0.080904 0.263053 0.564819 0.056737 0.034487
2 3 0.091353 0.253343 0.555809 0.068262 0.031232
2 3 0.081848 0.240635 0.593667 0.056328 0.027523
2 3 0.081792 0.238927 0.596080 0.056160 0.027041
1 2 0.271678 0.330128 0.317815 0.009195 0.071184
1 1 0.075244 0.441892 0.264668 0.006382 0.211815
1 2 0.071552 0.443460 0.257916 0.002291 0.224782
1 2 0.096632 0.444526 0.245074 0.005058 0.208710
1 1 0.250503 0.360509 0.285773 0.001364 0.101851
1 1 0.176401 0.386544 0.309695 0.019764 0.107595
1 0 0.065003 0.273611 0.266829 0.156661 0.237896
2 1 0.143583 0.354356 0.361836 0.060539 0.079685
1 1 0.156154 0.415187 0.265901 0.017326 0.145432
1 1 0.086453 0.447953 0.241494 0.008625 0.215474
1 1 0.087817 0.379563 0.347122 0.080692 0.104807
1 1 0.212336 0.318208 0.225414 0.031906 0.212136
2 1 0.118162 0.350116 0.365479 0.086793 0.079450
1 1 0.068831 0.440689 0.294158 0.010062 0.186261
1 1 0.069688 0.434858 0.302377 0.021371 0.171705
1 1 0.142819 0.393269 0.089440 0.000224 0.374248
1 1 0.142806 0.405995 0.107422 0.000257 0.343519
1 1 0.158759 0.397808 0.090872 0.000798 0.351764
1 0 0.188738 0.384572 0.077185 0.001890 0.347615
1 0 0.179012 0.401330 0.099669 0.001205 0.318784
1 0 0.048951 0.429542 0.333856 0.001370 0.186281
2 1 0.034797 0.398586 0.425919 0.003048 0.137649
1 1 0.060193 0.413367 0.374583 0.001203 0.150653
1 1 0.037385 0.417403 0.351235 0.000180 0.193797
1 1 0.036285 0.414852 0.361609 0.000213 0.187042
1 1 0.029378 0.407839 0.324232 0.000005 0.238546
1 1 0.033881 0.415105 0.311677 0.000012 0.239325
1 1 0.029349 0.405507 0.362665 0.000026 0.202452
1 1 0.024007 0.396321 0.356895 0.000003 0.222774
1 1 0.031611 0.411490 0.306580 0.000005 0.250314
4 4 0.075351 0.120598 0.027850 0.000013 0.776188
4 4 0.076284 0.313918 0.055554 0.000000 0.554245
4 4 0.113795 0.335128 0.056652 0.000002 0.494424
4 4 0.130150 0.276089 0.030508 0.000000 0.563252
4 4 0.071239 0.122853 0.027398 0.000013 0.778498
1 4 0.058469 0.424836 0.195091 0.000013 0.321591
1 4 0.045775 0.407367 0.185010 0.000001 0.361848
4 4 0.053908 0.373233 0.115823 0.000000 0.457036
1 4 0.051266 0.413622 0.184541 0.000002 0.350569
1 4 0.082134 0.412800 0.136899 0.000018 0.368150
4 4 0.052902 0.268405 0.145163 0.000251 0.533280
1 4 0.084081 0.426981 0.158724 0.000073 0.330140
1 4 0.079779 0.406145 0.129639 0.000009 0.384429
1 4 0.054235 0.415977 0.182707 0.000004 0.347077
1 4 0.088592 0.429962 0.160038 0.000134 0.321275
4 4 0.182801 0.154058 0.005876 0.000000 0.657265
4 4 0.226011 0.199342 0.010649 0.000001 0.563996
4 4 0.062412 0.006000 0.001995 0.000008 0.929585
4 4 0.033355 0.003884 0.002617 0.000037 0.960108
4 4 0.232022 0.106910 0.002834 0.000000 0.658233
4 4 0.082611 0.347617 0.073142 0.000000 0.496629
4 4 0.174832 0.309170 0.038211 0.000014 0.477774
4 4 0.061277 0.329003 0.071303 0.000000 0.538417
4 4 0.076371 0.346050 0.074852 0.000000 0.502726
4 4 0.096046 0.370165 0.083965 0.000003 0.449822
0 0 0.383909 0.217614 0.043666 0.000653 0.354159
0 0 0.630804 0.127099 0.035891 0.000407 0.205799
0 0 0.507108 0.079372 0.080741 0.006024 0.326754
4 0 0.327727 0.159447 0.040159 0.005493 0.467174
4 0 0.361509 0.106061 0.036812 0.008286 0.487331
0 0 0.446592 0.257722 0.079262 0.001121 0.215304
4 0 0.108461 0.394383 0.099971 0.000028 0.397157
4 0 0.143932 0.365182 0.068485 0.000045 0.422356
4 1 0.088103 0.381461 0.097026 0.000003 0.433407
4 1 0.093592 0.370855 0.085489 0.000002 0.450062
1 0 0.026244 0.401285 0.348735 0.000005 0.223731
1 1 0.027058 0.403569 0.319566 0.000002 0.249804
1 1 0.025258 0.399923 0.321146 0.000001 0.253672
1 2 0.022862 0.394092 0.352571 0.000002 0.230474
1 2 0.030354 0.387435 0.290987 0.000004 0.291220
2 2 0.011207 0.310680 0.581295 0.000057 0.096762
2 2 0.007274 0.264396 0.659799 0.000073 0.068458
2 2 0.010771 0.309379 0.581584 0.000038 0.098228
2 2 0.007757 0.268270 0.654870 0.000104 0.068999
2 2 0.005173 0.222948 0.699913 0.000060 0.071907
2 2 0.006117 0.240565 0.699202 0.000188 0.053927
2 2 0.007649 0.245814 0.670035 0.000435 0.076067
2 2 0.008684 0.263936 0.667463 0.000846 0.059072
2 2 0.003583 0.148857 0.784392 0.001089 0.062079
2 2 0.001219 0.091295 0.863155 0.000468 0.043863
2 2 0.000946 0.089422 0.875463 0.000364 0.033805
2 2 0.001720 0.124351 0.840231 0.000476 0.033222
2 2 0.000647 0.071376 0.903537 0.000341 0.024098
2 2 0.002021 0.138301 0.826119 0.000346 0.033213
2 2 0.001301 0.075122 0.894606 0.001900 0.027071
1 0 0.095137 0.434877 0.250033 0.000305 0.219647
1 1 0.052145 0.431846 0.247018 0.000047 0.268944
1 2 0.032972 0.413113 0.336170 0.000026 0.217718
1 2 0.042609 0.426135 0.301359 0.000073 0.229824
1 2 0.040872 0.424160 0.298379 0.000042 0.236546
2 2 0.010174 0.217486 0.725590 0.000554 0.046195
2 2 0.013567 0.258231 0.676865 0.000866 0.050471
2 2 0.002748 0.144905 0.790553 0.000686 0.061109
2 2 0.019173 0.294398 0.620852 0.001641 0.063937
2 2 0.011679 0.293183 0.620710 0.000565 0.073863
2 2 0.031166 0.385813 0.427132 0.001278 0.154612
1 2 0.066902 0.424247 0.343745 0.001939 0.163167
2 1 0.043575 0.375192 0.465445 0.014441 0.101346
2 2 0.076438 0.388813 0.416799 0.012328 0.105622
2 1 0.075656 0.380074 0.437609 0.001674 0.104987
2 2 0.000865 0.061617 0.912770 0.002337 0.022412
2 2 0.005311 0.151081 0.811314 0.001803 0.030491
2 2 0.007985 0.184289 0.777541 0.000922 0.029263
2 2 0.005046 0.162892 0.810036 0.000640 0.021386
2 2 0.002049 0.115481 0.839179 0.002696 0.040594
2 2 0.002582 0.110641 0.860239 0.001818 0.024719
2 2 0.001777 0.091737 0.875454 0.002716 0.028316
2 2 0.001564 0.082819 0.865438 0.007969 0.042209
2 2 0.020301 0.225975 0.719435 0.001987 0.032302
2 2 0.002029 0.100429 0.859013 0.003672 0.034856
2 2 0.008258 0.231659 0.683994 0.003745 0.072344
2 1 0.047756 0.289721 0.589586 0.025737 0.047201
2 2 0.012231 0.232591 0.714508 0.002189 0.038481
2 2 0.004339 0.150762 0.768948 0.007159 0.068791
2 2 0.029328 0.276542 0.638761 0.008517 0.046852
2 0 0.053369 0.344282 0.517030 0.009509 0.075809
2 1 0.028798 0.365188 0.494228 0.001144 0.110642
2 2 0.008613 0.202992 0.713700 0.001591 0.073103
2 2 0.032084 0.275582 0.642226 0.001328 0.048781
2 2 0.033878 0.350642 0.521007 0.001581 0.092893
2 2 0.001048 0.092735 0.867192 0.000390 0.038635
2 2 0.011449 0.259268 0.674570 0.000481 0.054232
2 2 0.003771 0.185101 0.768117 0.000130 0.042881
2 2 0.004491 0.199822 0.741084 0.000318 0.054284
2 2 0.003436 0.179257 0.769504 0.000107 0.047696
1 2 0.135901 0.393681 0.352589 0.003233 0.114596
1 1 0.090745 0.419613 0.338811 0.008584 0.142246
1 2 0.066294 0.431281 0.328598 0.005909 0.167918
1 2 0.064323 0.426056 0.341075 0.002169 0.166377
1 1 0.211926 0.363191 0.327855 0.006352 0.090676
2 1 0.069207 0.300113 0.570428 0.010641 0.049611
2 2 0.037935 0.295907 0.608245 0.002345 0.055569
2 2 0.043943 0.384356 0.452964 0.002549 0.116189
2 2 0.028751 0.347611 0.500876 0.003840 0.118921
2 1 0.021219 0.342911 0.538847 0.005768 0.091255
0 0 0.405386 0.284736 0.203050 0.009930 0.096897
1 0 0.243320 0.312659 0.195794 0.020806 0.227422
1 0 0.244783 0.374871 0.227961 0.035236 0.117148
1 1 0.255917 0.343087 0.305481 0.016762 0.078754
1 1 0.195949 0.415285 0.205862 0.005033 0.177872
2 1 0.022740 0.374180 0.465816 0.000221 0.137043
2 1 0.028446 0.387628 0.445178 0.000857 0.137890
2 1 0.027210 0.388135 0.438465 0.000384 0.145806
2 1 0.025800 0.383016 0.450313 0.000390 0.140481
2 2 0.024219 0.377343 0.462391 0.000362 0.135686
2 2 0.011455 0.274743 0.652267 0.001551 0.059984
2 2 0.003463 0.136246 0.826455 0.000842 0.032994
2 1 0.012231 0.288263 0.631117 0.003399 0.064989
2 2 0.026531 0.278023 0.636766 0.010501 0.048179
2 2 0.010608 0.244990 0.696896 0.000990 0.046516
2 2 0.004622 0.136183 0.830474 0.002570 0.026150
2 2 0.011613 0.198072 0.761133 0.002875 0.026307
2 2 0.007295 0.196408 0.765539 0.001274 0.029484
2 2 0.006046 0.196889 0.764584 0.000578 0.031904
2 2 0.000765 0.065622 0.888085 0.002379 0.043150
2 2 0.008534 0.207800 0.749780 0.001846 0.032041
2 2 0.002667 0.146398 0.806619 0.001126 0.043190
2 2 0.001610 0.099649 0.842983 0.004786 0.050972
2 2 0.007042 0.212665 0.743176 0.001400 0.035717
2 2 0.010197 0.245938 0.695755 0.002110 0.046000
2 2 0.002790 0.148347 0.799853 0.001049 0.047961
2 2 0.002006 0.110483 0.821254 0.004031 0.062226
2 2 0.006674 0.228703 0.709468 0.001438 0.053716
2 2 0.008381 0.256449 0.679522 0.001408 0.054240
2 2 0.006173 0.208379 0.723689 0.003291 0.058467
2 2 0.009592 0.249373 0.663810 0.004067 0.073158
2 2 0.008271 0.253057 0.684768 0.001843 0.052060
2 2 0.005570 0.220572 0.731141 0.000917 0.041800
2 2 0.009862 0.268644 0.661501 0.002425 0.057567
2 2 0.006843 0.236835 0.708286 0.001374 0.046662
2 2 0.003097 0.134801 0.831937 0.001441 0.028724
2 2 0.006905 0.220576 0.710806 0.003222 0.058491
2 2 0.003415 0.122977 0.830659 0.004993 0.037956
2 2 0.002859 0.148239 0.809154 0.001446 0.038302
2 2 0.001979 0.114705 0.854238 0.001150 0.027928
2 2 0.005966 0.144851 0.814159 0.004533 0.030491
2 2 0.010604 0.189288 0.764339 0.004365 0.031404
2 2 0.007557 0.157980 0.794397 0.006139 0.033927
2 2 0.005737 0.118215 0.824996 0.015324 0.035728
2 2 0.012052 0.185959 0.732135 0.017940 0.051914
2 2 0.014208 0.293243 0.609179 0.006050 0.077320
2 2 0.010222 0.225527 0.712511 0.004180 0.047560
2 2 0.015279 0.241606 0.699474 0.004477 0.039164
2 2 0.014898 0.306607 0.601362 0.004642 0.072491
2 2 0.018384 0.191568 0.703914 0.034923 0.051212
2 2 0.016095 0.270182 0.576245 0.024684 0.112795
2 3 0.025821 0.277081 0.643977 0.003117 0.050003
2 2 0.019459 0.318724 0.581070 0.004926 0.075821
2 2 0.011170 0.283967 0.637693 0.001795 0.065376
2 2 0.006391 0.209826 0.717171 0.003212 0.063400
2 2 0.184218 0.295863 0.448926 0.025775 0.045218
2 0 0.127662 0.332170 0.445140 0.032865 0.062163
1 1 0.075499 0.387920 0.362660 0.063379 0.110543
1 2 0.038841 0.403146 0.391608 0.002335 0.164070
2 1 0.047026 0.399691 0.417432 0.010554 0.125297
1 2 0.042418 0.413142 0.390306 0.004770 0.149363
2 2 0.085033 0.296324 0.565803 0.005028 0.047812
2 2 0.068114 0.398754 0.406883 0.007732 0.118517
1 1 0.069380 0.395660 0.322790 0.033328 0.178842
2 1 0.047940 0.387216 0.443443 0.009644 0.111757
1 1 0.049519 0.432801 0.292020 0.000219 0.225442
1 2 0.052344 0.434206 0.311564 0.000971 0.200914
1 1 0.073533 0.436675 0.197150 0.000138 0.292504
1 1 0.039251 0.416768 0.368330 0.000658 0.174993
1 1 0.039966 0.423111 0.309537 0.000055 0.227331
2 2 0.014840 0.330143 0.553278 0.000226 0.101513
2 2 0.016731 0.347960 0.515216 0.000107 0.119986
2 2 0.008295 0.255143 0.624813 0.000109 0.111640
2 1 0.014856 0.335152 0.540353 0.000115 0.109525
2 2 0.007078 0.267121 0.652715 0.000034 0.073051
2 2 0.016118 0.341807 0.529230 0.000149 0.112695
2 2 0.015121 0.341786 0.523331 0.000057 0.119705
2 2 0.026468 0.391035 0.422765 0.000138 0.159594
2 2 0.033101 0.340787 0.534442 0.000367 0.091303
2 2 0.016253 0.346639 0.516244 0.000084 0.120780
2 2 0.004047 0.221166 0.720778 0.000012 0.053997
2 2 0.010689 0.297663 0.608743 0.000169 0.082736
2 2 0.007302 0.264701 0.659349 0.000074 0.068575
2 2 0.007775 0.272580 0.645409 0.000058 0.074179
2 2 0.011145 0.311301 0.579336 0.000048 0.098170
2 2 0.014928 0.339258 0.529399 0.000068 0.116347
2 2 0.011361 0.312594 0.577533 0.000053 0.098459
2 2 0.013088 0.327097 0.551230 0.000055 0.108530
2 2 0.016492 0.335191 0.539324 0.000076 0.108918
2 2 0.019223 0.357192 0.501526 0.000226 0.121834
2 2 0.012041 0.318488 0.567032 0.000054 0.102384
2 2 0.008561 0.266972 0.643922 0.000199 0.080346
2 2 0.020973 0.366143 0.483032 0.000222 0.129630
2 2 0.010385 0.298893 0.604262 0.000096 0.086365
2 2 0.016274 0.345530 0.519611 0.000101 0.118484
1 1 0.085243 0.445500 0.208697 0.001173 0.259388
1 1 0.089114 0.424579 0.149538 0.000080 0.336689
1 1 0.114156 0.431108 0.144186 0.000775 0.309775
1 1 0.081725 0.441019 0.196840 0.000404 0.280011
1 1 0.093370 0.439807 0.177908 0.000608 0.288306
2 1 0.026464 0.395004 0.403463 0.000057 0.175012
1 2 0.029086 0.402010 0.385977 0.000067 0.182860
2 2 0.022719 0.387658 0.407671 0.000015 0.181937
2 1 0.028288 0.395647 0.413602 0.000178 0.162285
1 1 0.036117 0.417366 0.335569 0.000063 0.210884
2 2 0.020592 0.377963 0.435857 0.000020 0.165569
2 2 0.018571 0.358633 0.493588 0.000106 0.129102
2 2 0.025209 0.391447 0.411499 0.000050 0.171795
2 2 0.026573 0.390100 0.427415 0.000178 0.155734
1 1 0.031035 0.410569 0.326350 0.000010 0.232036
2 2 0.020510 0.349377 0.518464 0.000243 0.111406
2 2 0.016030 0.338080 0.538754 0.000233 0.106904
2 2 0.005062 0.205016 0.703045 0.000147 0.086730
2 2 0.011610 0.315613 0.571551 0.000048 0.101179
2 2 0.011546 0.312492 0.578992 0.000068 0.096901
1 0 0.182491 0.373634 0.107043 0.000271 0.336561
1 4 0.108429 0.424598 0.136348 0.000279 0.330346
1 4 0.096907 0.424073 0.142593 0.000126 0.336300
4 4 0.086359 0.389037 0.105242 0.000004 0.419358
1 4 0.069487 0.413161 0.150745 0.000007 0.366599
1 4 0.051548 0.434186 0.276879 0.000165 0.237223
1 4 0.053313 0.435848 0.285959 0.000354 0.224526
1 4 0.048793 0.426510 0.235588 0.000015 0.289095
1 4 0.053187 0.434551 0.313527 0.001268 0.197466
1 4 0.046161 0.429734 0.293324 0.000114 0.230667
4 4 0.199836 0.151977 0.006022 0.000000 0.642164
4 4 0.059680 0.016358 0.008339 0.000128 0.915495
4 4 0.272705 0.110109 0.004265 0.000000 0.612921
4 4 0.138570 0.195178 0.011827 0.000000 0.654425
4 4 0.167224 0.113949 0.008335 0.000001 0.710492
4 4 0.214342 0.183188 0.027813 0.000124 0.574533
4 4 0.133984 0.181602 0.048204 0.000516 0.635693
4 4 0.256214 0.141766 0.017705 0.000057 0.584259
4 4 0.215493 0.303107 0.034262 0.000076 0.447063
4 4 0.107207 0.046935 0.020229 0.000637 0.824992
4 4 0.205021 0.050519 0.007011 0.000015 0.737434
4 4 0.303536 0.106120 0.005579 0.000001 0.584764
4 4 0.168294 0.107731 0.012905 0.000009 0.711061
4 4 0.193511 0.053532 0.007054 0.000010 0.745892
4 4 0.233001 0.200608 0.011238 0.000001 0.555151
1 4 0.076240 0.406122 0.132747 0.000007 0.384884
4 4 0.069782 0.361201 0.090039 0.000000 0.478978
4 4 0.033066 0.190265 0.114602 0.000037 0.662030
4 4 0.073951 0.388053 0.112634 0.000002 0.425360
4 4 0.077075 0.364416 0.107226 0.000004 0.451278
4 4 0.122878 0.016450 0.002141 0.000001 0.858530
4 4 0.078471 0.007895 0.000916 0.000000 0.912719
4 4 0.327880 0.015279 0.000373 0.000000 0.656468
4 4 0.173748 0.019341 0.000485 0.000000 0.806425
4 4 0.247472 0.065178 0.001083 0.000000 0.686267
1 4 0.035749 0.413891 0.364158 0.000205 0.185997
1 4 0.049256 0.424982 0.226327 0.000011 0.299424
1 4 0.053110 0.429986 0.231413 0.000028 0.285464
1 4 0.054489 0.436109 0.267780 0.000191 0.241430
1 4 0.040182 0.423399 0.304597 0.000047 0.231775
1 4 0.053239 0.428614 0.224610 0.000021 0.293516
1 4 0.063660 0.441170 0.250160 0.000415 0.244596
1 4 0.056402 0.433266 0.233016 0.000054 0.277261
1 1 0.061374 0.438874 0.243593 0.000208 0.255951
1 4 0.039955 0.420291 0.261278 0.000007 0.278470
0 4 0.669877 0.047723 0.189187 0.086968 0.006246
0 0 0.566098 0.053017 0.308212 0.069848 0.002824
3 0 0.365160 0.000457 0.013523 0.620777 0.000083
3 0 0.297635 0.000705 0.007188 0.693939 0.000533
0 0 0.463111 0.066781 0.247828 0.214693 0.007587
4 0 0.164983 0.298290 0.035185 0.000005 0.501536
4 0 0.102837 0.374740 0.085009 0.000006 0.437409
4 0 0.116303 0.304375 0.042101 0.000000 0.537220
4 4 0.102444 0.318369 0.050665 0.000000 0.528521
4 4 0.093426 0.336268 0.062278 0.000000 0.508028
1 4 0.057943 0.436025 0.241666 0.000106 0.264259
1 0 0.103115 0.394805 0.382341 0.001607 0.118132
1 1 0.043989 0.427435 0.309859 0.000147 0.218570
1 1 0.036692 0.416473 0.352530 0.000158 0.194146
1 1 0.043936 0.426334 0.327985 0.000330 0.201414
1 1 0.060050 0.420724 0.180908 0.000008 0.338310
1 1 0.062686 0.411114 0.156690 0.000004 0.369506
1 1 0.064696 0.415028 0.160721 0.000006 0.359549
1 1 0.074895 0.435910 0.192249 0.000130 0.296815
1 0 0.129449 0.424074 0.126917 0.001049 0.318511
1 1 0.043148 0.417276 0.224182 0.000003 0.315391
1 1 0.040316 0.418703 0.247954 0.000004 0.293023
1 1 0.034769 0.414245 0.272788 0.000003 0.278196
1 1 0.029751 0.407444 0.290706 0.000001 0.272097
1 2 0.033558 0.411389 0.265541 0.000002 0.289511
1 2 0.036401 0.417520 0.281337 0.000007 0.264735
1 2 0.036502 0.418424 0.293341 0.000011 0.251721
1 2 0.038341 0.408107 0.278790 0.000015 0.274748
1 2 0.031358 0.364610 0.298108 0.000019 0.305906
1 2 0.030764 0.409825 0.335312 0.000013 0.224087
2 1 0.023010 0.368648 0.484313 0.000630 0.123399
2 1 0.021200 0.371950 0.464838 0.000103 0.141909
2 2 0.013269 0.275359 0.524693 0.000246 0.186433
2 1 0.020112 0.362996 0.488476 0.000188 0.128229
2 2 0.010244 0.255100 0.593417 0.000383 0.140856
2 2 0.001925 0.095315 0.855171 0.003295 0.044294
2 2 0.000876 0.047802 0.926123 0.005726 0.019472
2 2 0.003307 0.161881 0.790349 0.001630 0.042833
2 2 0.000951 0.051968 0.935357 0.000727 0.010998
2 1 0.018184 0.280248 0.641382 0.006023 0.054163
2 2 0.000712 0.044992 0.930523 0.003036 0.020738
2 2 0.006500 0.225434 0.696412 0.000601 0.071052
2 2 0.002673 0.110931 0.820571 0.004813 0.061012
2 2 0.006110 0.199040 0.709900 0.002479 0.082472
2 1 0.023925 0.293295 0.616847 0.009168 0.056766
2 2 0.002504 0.131321 0.796045 0.001180 0.068950
2 2 0.010052 0.254106 0.615876 0.000721 0.119245
2 2 0.001309 0.087003 0.844003 0.003324 0.064360
2 2 0.008477 0.268298 0.658591 0.000345 0.064290
2 1 0.009362 0.267238 0.663318 0.001481 0.058601
1 2 0.042840 0.424430 0.265424 0.000016 0.267290
1 0 0.129436 0.403997 0.102597 0.000205 0.363764
1 1 0.060362 0.439899 0.260332 0.000387 0.239020
1 1 0.059384 0.433316 0.221477 0.000053 0.285770
1 1 0.056736 0.432618 0.228351 0.000046 0.282249
2 1 0.026591 0.391972 0.419391 0.000124 0.161923
2 1 0.022324 0.380934 0.437457 0.000048 0.159236
2 2 0.021162 0.380662 0.428503 0.000019 0.169654
2 2 0.021710 0.379495 0.438804 0.000039 0.159952
2 2 0.018274 0.342369 0.441015 0.000024 0.198318
2 2 0.001623 0.092415 0.865025 0.003894 0.037043
2 2 0.001136 0.096513 0.875053 0.000734 0.026564
2 2 0.000618 0.072915 0.901522 0.000373 0.024572
2 2 0.000547 0.052999 0.930630 0.000755 0.015068
2 2 0.000327 0.034171 0.950670 0.001083 0.013749
2 2 0.000212 0.032797 0.955028 0.000526 0.011437
2 2 0.000413 0.028533 0.959653 0.002378 0.009023
2 2 0.000170 0.023442 0.967965 0.000666 0.007756
2 2 0.000213 0.024602 0.969558 0.000361 0.005266
2 2 0.000435 0.041386 0.943014 0.001240 0.013925
2 2 0.000318 0.037214 0.950065 0.000717 0.011686
2 2 0.000218 0.029964 0.953524 0.001493 0.014801
2 2 0.000325 0.034589 0.946956 0.002113 0.016016
2 2 0.000197 0.022572 0.964305 0.002196 0.010729
2 2 0.000447 0.046650 0.929748 0.001911 0.021245
2 2 0.000905 0.071021 0.896337 0.002390 0.029347
2 2 0.000839 0.074842 0.886359 0.002421 0.035540
2 2 0.000677 0.059340 0.900259 0.004487 0.035236
2 2 0.000350 0.036085 0.944410 0.001877 0.017279
2 2 0.000378 0.040228 0.928156 0.004441 0.026797
2 2 0.001041 0.055011 0.892769 0.015671 0.035508
2 2 0.000570 0.037754 0.927184 0.010715 0.023778
2 2 0.001018 0.069384 0.888445 0.005264 0.035889
2 2 0.001066 0.060618 0.873707 0.018442 0.046166
2 2 0.014935 0.277749 0.631573 0.006947 0.068796
2 2 0.004458 0.202625 0.755923 0.000711 0.036283
2 2 0.000892 0.064799 0.900481 0.003746 0.030083
2 2 0.000917 0.075899 0.879631 0.003529 0.040024
2 2 0.000838 0.059243 0.901027 0.006037 0.032855
2 2 0.000745 0.054470 0.918939 0.003133 0.022713
2 2 0.000630 0.049971 0.920339 0.004060 0.025000
2 2 0.000388 0.040813 0.930172 0.003744 0.024883
2 2 0.000493 0.050882 0.902421 0.006205 0.039999
2 2 0.000674 0.048602 0.905706 0.010602 0.034416
2 2 0.001954 0.090057 0.842174 0.013481 0.052333
2 2 0.010761 0.274513 0.652635 0.002524 0.059566
2 1 0.006777 0.236021 0.709449 0.001354 0.046399
2 2 0.003706 0.155683 0.777536 0.004808 0.058267
2 2 0.003722 0.166431 0.764740 0.001019 0.064088
2 2 0.001295 0.092104 0.854664 0.002169 0.049769
2 2 0.002371 0.145671 0.818120 0.000721 0.033118
2 2 0.001197 0.090292 0.863595 0.002050 0.042867
2 2 0.000769 0.070686 0.886835 0.002046 0.039664
2 2 0.000449 0.041918 0.935479 0.002632 0.019521
2 2 0.000703 0.063015 0.888873 0.005368 0.042040
2 2 0.002546 0.137870 0.813772 0.002135 0.043677
2 2 0.001725 0.097773 0.832608 0.009103 0.058792
2 2 0.001331 0.072303 0.853557 0.018354 0.054455
2 2 0.001441 0.074576 0.876389 0.009021 0.038573
2 3 0.001064 0.071562 0.885151 0.005307 0.036917
2 2 0.019428 0.350326 0.511736 0.000478 0.118032
2 2 0.004385 0.156654 0.684783 0.000784 0.153395
2 2 0.009796 0.232016 0.602552 0.001227 0.154409
2 2 0.017216 0.329611 0.522842 0.000377 0.129954
1 1 0.061235 0.413611 0.366191 0.000485 0.158478
2 1 0.009013 0.261663 0.671943 0.001843 0.055539
2 2 0.003444 0.163170 0.780419 0.001254 0.051713
2 2 0.002014 0.117897 0.805007 0.000702 0.074381
2 2 0.002361 0.136666 0.795288 0.000336 0.065349
2 1 0.010125 0.270158 0.657528 0.000542 0.061648
2 1 0.013720 0.309622 0.595258 0.001112 0.080288
2 1 0.013448 0.323380 0.563052 0.000137 0.099983
2 2 0.004853 0.194310 0.699481 0.000161 0.101194
2 2 0.011125 0.283342 0.581644 0.000157 0.123732
2 1 0.012363 0.305769 0.598789 0.000439 0.082640
1 2 0.067478 0.424488 0.209077 0.000156 0.298802
4 2 0.019720 0.273630 0.335002 0.000043 0.371605
2 2 0.012165 0.243371 0.469837 0.000114 0.274512
4 0 0.155980 0.182214 0.111786 0.000512 0.549508
1 0 0.119687 0.441774 0.166615 0.005305 0.266620
1 1 0.024244 0.397581 0.315527 0.000001 0.262648
1 1 0.028508 0.399869 0.252330 0.000000 0.319293
1 1 0.029499 0.406250 0.282510 0.000001 0.281740
1 1 0.020416 0.388527 0.334626 0.000000 0.256432
1 1 0.032946 0.412349 0.282961 0.000003 0.271742
2 1 0.025613 0.392430 0.409847 0.000055 0.172055
2 2 0.017537 0.358597 0.486925 0.000043 0.136898
2 2 0.001682 0.113269 0.775776 0.000056 0.109217
1 1 0.031138 0.410417 0.335225 0.000014 0.223206
2 1 0.024348 0.376202 0.466650 0.000472 0.132328
4 2 0.101834 0.291062 0.039138 0.000000 0.567966
4 2 0.062939 0.233955 0.050854 0.000000 0.652253
4 4 0.081444 0.130479 0.022576 0.000005 0.765497
4 4 0.019356 0.011658 0.006197 0.000008 0.962781
4 4 0.070357 0.023644 0.011423 0.000203 0.894373
4 4 0.044690 0.022440 0.018922 0.000994 0.912955
4 4 0.129661 0.272696 0.029518 0.000000 0.568125
4 4 0.125307 0.171293 0.023219 0.000005 0.680176
4 4 0.225464 0.287582 0.032860 0.000083 0.454012
4 4 0.114238 0.281625 0.033972 0.000000 0.570165
4 4 0.100916 0.338356 0.061371 0.000001 0.499356
4 4 0.087763 0.109678 0.040500 0.000441 0.761618
4 4 0.074411 0.100198 0.029496 0.000084 0.795811
4 4 0.090570 0.351214 0.072444 0.000001 0.485772
4 4 0.135519 0.316024 0.044330 0.000002 0.504125
1 0 0.079849 0.446404 0.225888 0.001401 0.246457
1 4 0.063958 0.437337 0.223936 0.000124 0.274646
4 4 0.034132 0.302947 0.269418 0.000269 0.393233
1 4 0.056493 0.431876 0.225879 0.000040 0.285713
1 4 0.061630 0.427373 0.194594 0.000021 0.316382
1 4 0.090528 0.405407 0.120780 0.000018 0.383267
1 4 0.110754 0.399446 0.104083 0.000046 0.385672
1 4 0.173309 0.378779 0.073937 0.000526 0.373448
4 4 0.115493 0.387447 0.091230 0.000029 0.405801
4 4 0.123440 0.337389 0.056015 0.000003 0.483154
4 4 0.170716 0.078003 0.016558 0.000113 0.734611
4 4 0.164908 0.112726 0.031306 0.000595 0.690464
4 4 0.226636 0.263708 0.024029 0.000022 0.485605
4 4 0.122851 0.074182 0.024881 0.000420 0.777666
4 4 0.055293 0.027404 0.018248 0.000623 0.898432
4 4 0.293272 0.103070 0.004664 0.000000 0.598992
4 4 0.255577 0.143340 0.007310 0.000001 0.593772
4 4 0.182807 0.019058 0.001542 0.000000 0.796592
4 4 0.041011 0.006314 0.002744 0.000011 0.949921
4 4 0.139603 0.014642 0.002198 0.000003 0.843553
4 4 0.171991 0.285028 0.030297 0.000004 0.512680
4 4 0.103894 0.089816 0.021152 0.000058 0.785081
4 4 0.096060 0.064496 0.024556 0.000357 0.814530
4 4 0.057316 0.047488 0.024646 0.000333 0.870217
4 4 0.147912 0.068421 0.014641 0.000069 0.768956
4 4 0.159643 0.028884 0.002944 0.000001 0.808528
4 4 0.258027 0.015602 0.001075 0.000000 0.725296
4 4 0.287602 0.016180 0.001117 0.000000 0.695101
4 4 0.093407 0.010062 0.003100 0.000022 0.893409
4 4 0.381355 0.031569 0.001113 0.000000 0.585963
1 4 0.040765 0.420847 0.257602 0.000007 0.280778
1 4 0.055915 0.388618 0.197360 0.000035 0.358072
1 4 0.053029 0.417100 0.188454 0.000004 0.341414
1 4 0.051576 0.429043 0.234048 0.000024 0.285310
1 4 0.040868 0.407793 0.203116 0.000001 0.348222
1 4 0.039214 0.422210 0.300984 0.000031 0.237561
1 4 0.041879 0.424263 0.275634 0.000020 0.258204
1 2 0.035544 0.416617 0.335913 0.000055 0.211871
2 2 0.023826 0.384920 0.431459 0.000071 0.159725
1 2 0.032657 0.413179 0.322623 0.000013 0.231527
1 2 0.027233 0.402513 0.357054 0.000010 0.213189
1 2 0.024380 0.396384 0.365952 0.000005 0.213279
1 2 0.025811 0.396569 0.387320 0.000022 0.190279
1 2 0.025291 0.395572 0.387877 0.000018 0.191242
1 2 0.034515 0.413272 0.357723 0.000107 0.194382
1 2 0.069251 0.440221 0.220999 0.000243 0.269286
1 2 0.051861 0.421454 0.203883 0.000006 0.322795
1 2 0.051819 0.422025 0.205798 0.000007 0.320351
1 0 0.079312 0.442842 0.208148 0.000526 0.269172
1 0 0.050780 0.430079 0.244048 0.000032 0.275060
1 1 0.039372 0.420932 0.273626 0.000010 0.266061
1 1 0.028587 0.406330 0.311201 0.000002 0.253880
1 1 0.036561 0.418211 0.287821 0.000009 0.257398
1 1 0.031855 0.411387 0.294532 0.000003 0.262222
1 1 0.038357 0.417150 0.254827 0.000003 0.289663
2 2 0.009113 0.235026 0.580855 0.000225 0.174782
2 2 0.026865 0.351227 0.354900 0.000056 0.266952
1 2 0.037879 0.419896 0.329670 0.000079 0.212476
1 0 0.037675 0.412326 0.383913 0.000890 0.165195
2 1 0.033095 0.402271 0.409242 0.000750 0.154642
2 1 0.018013 0.346825 0.524807 0.000380 0.109974
2 1 0.012542 0.298198 0.589007 0.000440 0.099813
2 2 0.007559 0.229810 0.659544 0.000547 0.102541
2 2 0.007521 0.237216 0.652201 0.000259 0.102803
2 2 0.002438 0.126007 0.772954 0.000604 0.097997
2 2 0.000459 0.041397 0.938976 0.002014 0.017153
2 2 0.000850 0.063816 0.897848 0.001918 0.035568
2 2 0.000771 0.069137 0.894889 0.001591 0.033612
2 1 0.002542 0.151843 0.812337 0.000709 0.032568
2 2 0.001843 0.113375 0.854541 0.001146 0.029096
2 1 0.010664 0.206737 0.750280 0.002557 0.029761
2 2 0.000417 0.031275 0.955111 0.002378 0.010819
2 2 0.000696 0.037900 0.945337 0.003776 0.012291
2 2 0.000781 0.050412 0.921396 0.004858 0.022554
2 2 0.000415 0.027173 0.955451 0.005297 0.011664
2 2 0.000209 0.019576 0.972504 0.001452 0.006259
2 2 0.000305 0.021875 0.967316 0.002923 0.007581
2 2 0.000283 0.028071 0.959293 0.001689 0.010664
2 2 0.000272 0.021592 0.966279 0.003240 0.008617
2 2 0.000200 0.020925 0.968677 0.001850 0.008347
2 2 0.000289 0.025751 0.958045 0.003601 0.012313
2 2 0.000577 0.040373 0.936811 0.004354 0.017884
2 2 0.000444 0.041610 0.935146 0.002807 0.019992
2 2 0.000561 0.043247 0.933032 0.003621 0.019540
2 2 0.000779 0.052681 0.924484 0.002795 0.019260
2 2 0.002114 0.111620 0.833442 0.003762 0.049061
2 0 0.017955 0.248035 0.689979 0.003194 0.040837
2 1 0.011340 0.244147 0.698026 0.002898 0.043590
2 2 0.001012 0.057628 0.920006 0.002895 0.018458
2 2 0.001296 0.072970 0.890564 0.003067 0.032102
2 2 0.000614 0.046013 0.923197 0.005290 0.024886
2 2 0.000754 0.046183 0.919130 0.007416 0.026517
2 2 0.000652 0.045218 0.920945 0.007384 0.025801
2 2 0.004672 0.090591 0.821806 0.002156 0.080774
2 2 0.000604 0.042280 0.923682 0.008198 0.025236
2 2 0.001366 0.057962 0.891333 0.017291 0.032048
2 2 0.000666 0.041098 0.922752 0.010839 0.024645
2 2 0.001937 0.067853 0.870559 0.022930 0.036720
2 2 0.001372 0.063864 0.872173 0.020252 0.042339
2 2 0.001384 0.066536 0.874788 0.016125 0.041168
2 2 0.002553 0.089728 0.830677 0.024131 0.052911
2 2 0.001114 0.044148 0.885209 0.037877 0.031652
2 2 0.001928 0.070323 0.864653 0.023105 0.039990
2 3 0.002466 0.089985 0.844364 0.016836 0.046349
2 3 0.005355 0.126077 0.791501 0.023301 0.053767
2 0 0.014778 0.275368 0.650677 0.004417 0.054759
2 2 0.003824 0.151548 0.772907 0.007225 0.064495
2 2 0.001436 0.094999 0.852273 0.004356 0.046935
2 2 0.001280 0.058916 0.907942 0.007669 0.024194
2 2 0.001312 0.078607 0.861214 0.005608 0.053260
2 2 0.000901 0.064124 0.892188 0.006160 0.036627
