0 0 0.976300 0.001178 0.000197 0.000000 0.022325
0 0 0.988072 0.000674 0.000223 0.000000 0.011031
0 0 0.987218 0.000905 0.000647 0.000005 0.011225
0 0 0.984791 0.001274 0.000981 0.000009 0.012944
0 0 0.989130 0.000493 0.000235 0.000001 0.010142
0 0 0.987841 0.001702 0.003538 0.000183 0.006736
0 0 0.986401 0.001463 0.004322 0.000526 0.007288
0 0 0.984386 0.001865 0.004289 0.000349 0.009111
0 0 0.973536 0.003586 0.006460 0.000450 0.015969
0 0 0.891985 0.033764 0.032033 0.000989 0.041229
1 0 0.376720 0.401115 0.125580 0.000937 0.095648
1 1 0.272415 0.421390 0.181649 0.003312 0.121234
1 1 0.138030 0.410373 0.292100 0.015815 0.143683
1 1 0.217579 0.414804 0.266997 0.008382 0.092238
1 1 0.085448 0.375480 0.331304 0.029062 0.178706
2 1 0.041834 0.324279 0.468393 0.002069 0.163425
2 1 0.071219 0.355653 0.439001 0.001560 0.132567
2 1 0.070625 0.360157 0.423884 0.001847 0.143486
1 1 0.150728 0.432052 0.271412 0.000359 0.145448
2 1 0.084439 0.357616 0.437762 0.002699 0.117484
2 1 0.032640 0.279978 0.552232 0.003785 0.131365
2 1 0.025110 0.246146 0.623264 0.003516 0.101964
2 1 0.021471 0.278970 0.454820 0.000383 0.244356
2 1 0.008427 0.191578 0.655604 0.010950 0.133441
2 1 0.012065 0.221434 0.594976 0.004169 0.167357
2 1 0.006793 0.176166 0.668930 0.003642 0.144469
2 1 0.015160 0.228668 0.609825 0.005145 0.141202
2 1 0.012011 0.224732 0.581323 0.001268 0.180667
2 1 0.007536 0.191939 0.589109 0.003027 0.208390
2 1 0.007574 0.183897 0.641159 0.001847 0.165524
4 1 0.015976 0.266152 0.356386 0.003761 0.357725
4 1 0.020447 0.287532 0.224219 0.000216 0.467586
4 1 0.041793 0.356498 0.228885 0.000206 0.372618
4 1 0.021267 0.266267 0.215160 0.001356 0.495950
4 1 0.052303 0.371974 0.192815 0.000227 0.382680
2 1 0.006861 0.187236 0.616998 0.003432 0.185473
2 1 0.007480 0.182539 0.649678 0.016527 0.143775
2 1 0.019839 0.259744 0.575750 0.003798 0.140869
2 1 0.038695 0.305381 0.508125 0.000793 0.147007
2 1 0.009244 0.198134 0.657384 0.008066 0.127172
2 2 0.000635 0.033283 0.784333 0.174591 0.007159
2 2 0.000410 0.023733 0.695531 0.276656 0.003671
2 2 0.000282 0.020146 0.740755 0.235785 0.003032
2 2 0.000298 0.019001 0.632147 0.346195 0.002359
2 2 0.000615 0.031091 0.747198 0.214974 0.006122
3 2 0.000395 0.018266 0.440204 0.539252 0.001883
2 2 0.000373 0.019300 0.520025 0.458130 0.002172
2 3 0.000163 0.013124 0.578123 0.407354 0.001235
2 3 0.000437 0.022078 0.571157 0.403512 0.002816
2 3 0.000154 0.013119 0.612064 0.373386 0.001277
3 3 0.000121 0.006452 0.345038 0.647785 0.000603
3 3 0.000116 0.007952 0.416858 0.574412 0.000662
3 3 0.000159 0.004664 0.280801 0.713657 0.000719
3 3 0.000126 0.006642 0.339531 0.653094 0.000607
3 3 0.000184 0.006046 0.282740 0.710265 0.000764
3 3 0.000050 0.002130 0.189954 0.807670 0.000195
3 3 0.000109 0.004699 0.270323 0.724404 0.000466
3 3 0.000119 0.003027 0.191097 0.805332 0.000425
3 3 0.000070 0.004141 0.283608 0.711854 0.000327
3 3 0.000060 0.002201 0.157319 0.840224 0.000196
3 3 0.000104 0.001204 0.067574 0.930918 0.000200
3 3 0.000063 0.001502 0.137224 0.861005 0.000206
3 3 0.000098 0.001176 0.082673 0.915826 0.000227
3 3 0.000098 0.000890 0.048076 0.950780 0.000156
3 3 0.000140 0.002028 0.098418 0.899099 0.000315
3 3 0.000084 0.000972 0.053124 0.945679 0.000141
3 3 0.000094 0.001274 0.088865 0.909542 0.000225
3 3 0.000065 0.001546 0.110327 0.887888 0.000174
3 3 0.000060 0.000573 0.038321 0.960955 0.000091
3 3 0.000061 0.000895 0.061676 0.937249 0.000119
3 3 0.000084 0.000582 0.033613 0.965607 0.000114
3 3 0.000090 0.000671 0.034106 0.965015 0.000118
3 3 0.000160 0.000672 0.032065 0.966900 0.000202
3 3 0.000134 0.000852 0.037398 0.961441 0.000176
3 3 0.000101 0.000713 0.039382 0.959656 0.000147
3 3 0.000032 0.000608 0.077149 0.922124 0.000087
3 3 0.000065 0.000360 0.023602 0.975896 0.000077
3 3 0.000079 0.000583 0.031696 0.967540 0.000102
3 3 0.000076 0.000360 0.022859 0.976617 0.000088
3 3 0.000092 0.000513 0.028262 0.971021 0.000113
3 3 0.000142 0.000918 0.038965 0.959786 0.000188
3 3 0.000099 0.001866 0.123045 0.874712 0.000278
3 3 0.000078 0.001213 0.074145 0.924402 0.000161
3 3 0.000104 0.000519 0.028460 0.970788 0.000129
3 3 0.000056 0.000868 0.066649 0.932311 0.000117
3 3 0.000471 0.001859 0.050691 0.946345 0.000633
3 3 0.000464 0.001139 0.036300 0.961540 0.000558
3 3 0.000696 0.001615 0.042824 0.954001 0.000862
3 3 0.000725 0.003822 0.076429 0.917936 0.001089
3 3 0.001408 0.012487 0.148612 0.834945 0.002548
2 3 0.081356 0.244899 0.559614 0.090735 0.023396
2 3 0.050759 0.206468 0.547781 0.169433 0.025559
2 3 0.175210 0.257703 0.464902 0.059712 0.042473
1 3 0.131723 0.387272 0.319049 0.029855 0.132101
2 3 0.055220 0.242261 0.531209 0.134819 0.036492
2 3 0.059770 0.235963 0.536442 0.135312 0.032513
2 3 0.010689 0.114956 0.520933 0.326061 0.027361
2 3 0.012961 0.101856 0.487253 0.383814 0.014116
2 3 0.031362 0.176600 0.599844 0.165486 0.026708
2 3 0.041589 0.184347 0.571769 0.183684 0.018611
2 3 0.035105 0.173663 0.540486 0.229246 0.021500
2 3 0.055044 0.200828 0.588250 0.138609 0.017269
2 2 0.005527 0.076292 0.522027 0.381477 0.014678
2 2 0.010192 0.094329 0.543789 0.339324 0.012366
2 2 0.022708 0.135726 0.525442 0.301006 0.015119
2 2 0.040366 0.173486 0.571614 0.197971 0.016562
2 2 0.011461 0.117971 0.683159 0.168467 0.018942
3 2 0.007749 0.081864 0.438303 0.458368 0.013716
2 2 0.063790 0.208871 0.586913 0.123117 0.017309
2 2 0.015011 0.102856 0.498355 0.373907 0.009871
2 2 0.027313 0.174328 0.692455 0.082713 0.023191
2 2 0.007282 0.094132 0.673261 0.210771 0.014554
2 2 0.002272 0.048174 0.725564 0.219265 0.004724
2 2 0.012275 0.129367 0.683262 0.151608 0.023489
2 2 0.008794 0.095316 0.676547 0.206253 0.013090
2 2 0.004985 0.072357 0.652830 0.259746 0.010083
2 2 0.017684 0.112526 0.502133 0.356003 0.011654
2 2 0.001575 0.048376 0.682962 0.255410 0.011678
3 2 0.009955 0.083031 0.429555 0.467838 0.009622
2 2 0.006111 0.073832 0.524452 0.385543 0.010061
2 2 0.026608 0.134178 0.563614 0.264577 0.011022
2 2 0.006511 0.074609 0.498417 0.410324 0.010139
2 2 0.002424 0.040361 0.499245 0.453102 0.004868
2 2 0.001603 0.029412 0.557740 0.406278 0.004967
3 2 0.001959 0.043465 0.450581 0.496368 0.007628
2 3 0.004200 0.061236 0.501220 0.424917 0.008426
2 3 0.001524 0.040026 0.497819 0.453725 0.006906
3 3 0.001072 0.023475 0.472956 0.497156 0.005340
3 3 0.002280 0.044229 0.427285 0.519562 0.006643
3 3 0.000699 0.022914 0.378260 0.595514 0.002614
3 3 0.001072 0.021545 0.334661 0.639103 0.003618
2 3 0.000977 0.031317 0.533382 0.429119 0.005205
3 3 0.001070 0.026257 0.407080 0.561359 0.004234
3 3 0.002559 0.038919 0.345044 0.605924 0.007553
3 3 0.001501 0.026848 0.362017 0.604435 0.005199
3 3 0.000626 0.013548 0.295387 0.688309 0.002130
3 3 0.000989 0.023111 0.341383 0.631199 0.003319
3 3 0.001331 0.026685 0.317997 0.650012 0.003975
3 3 0.001874 0.028240 0.266447 0.698836 0.004602
3 3 0.000974 0.014693 0.273747 0.707565 0.003022
3 3 0.006417 0.035718 0.244532 0.704083 0.009250
3 3 0.004935 0.027703 0.242535 0.713295 0.011532
3 3 0.006775 0.021549 0.204945 0.760666 0.006065
2 3 0.017296 0.107459 0.526527 0.339766 0.008952
3 3 0.004609 0.012670 0.140384 0.835780 0.006557
2 3 0.004264 0.076920 0.543133 0.358201 0.017483
3 3 0.001744 0.036185 0.401511 0.555850 0.004710
3 3 0.001333 0.025466 0.441896 0.527832 0.003473
2 3 0.032289 0.144302 0.576425 0.235602 0.011381
3 3 0.006606 0.050576 0.429962 0.506414 0.006441
2 3 0.000918 0.026942 0.577738 0.391951 0.002451
2 3 0.000527 0.024078 0.619852 0.351738 0.003805
2 3 0.000823 0.030767 0.564540 0.399094 0.004775
2 3 0.001053 0.034391 0.625449 0.334640 0.004467
2 3 0.001100 0.022716 0.615689 0.357430 0.003065
2 3 0.007353 0.071719 0.462638 0.442546 0.015744
2 3 0.006994 0.083848 0.533767 0.363099 0.012292
3 3 0.005536 0.050353 0.421560 0.513282 0.009268
2 3 0.038029 0.139481 0.499967 0.298670 0.023852
2 3 0.258941 0.291431 0.395804 0.019507 0.034317
3 3 0.005742 0.063243 0.432875 0.491525 0.006616
2 3 0.000822 0.034789 0.707303 0.250081 0.007004
2 3 0.000618 0.027436 0.676577 0.291054 0.004315
2 3 0.001039 0.042604 0.707741 0.240112 0.008505
2 3 0.001481 0.041751 0.552886 0.396147 0.007735
4 2 0.014530 0.253794 0.364434 0.002058 0.365184
2 2 0.009286 0.223222 0.430310 0.002211 0.334971
2 4 0.016619 0.256533 0.370620 0.001433 0.354795
2 4 0.010664 0.232447 0.378189 0.001829 0.376871
2 4 0.011597 0.232146 0.397379 0.002608 0.356270
1 4 0.056545 0.368247 0.219444 0.000526 0.355238
4 4 0.014413 0.239646 0.189257 0.000502 0.556182
4 4 0.029845 0.311201 0.208711 0.000392 0.449851
4 4 0.014137 0.243154 0.236038 0.000820 0.505851
4 4 0.018774 0.263740 0.236437 0.001491 0.479558
2 4 0.025376 0.294815 0.343456 0.009900 0.326453
4 4 0.014349 0.256324 0.286879 0.001462 0.440986
4 4 0.021259 0.264209 0.201292 0.001062 0.512177
4 4 0.030351 0.298838 0.161836 0.000500 0.508475
1 4 0.056956 0.360489 0.273203 0.003454 0.305898
4 4 0.020592 0.100591 0.022521 0.000027 0.856269
4 4 0.040471 0.228125 0.032453 0.000020 0.698932
4 4 0.028517 0.122034 0.039912 0.000060 0.809476
4 4 0.044899 0.282608 0.028339 0.000015 0.644139
4 4 0.042074 0.275195 0.026664 0.000012 0.656055
1 4 0.057046 0.411677 0.239153 0.000047 0.292077
4 4 0.021465 0.279451 0.253321 0.000620 0.445142
4 4 0.047179 0.389743 0.172799 0.000038 0.390240
4 4 0.017154 0.273467 0.251165 0.000237 0.457976
4 4 0.010185 0.237945 0.364721 0.001488 0.385660
2 4 0.009801 0.219519 0.524428 0.001398 0.244853
2 4 0.018998 0.249468 0.536978 0.000650 0.193906
2 4 0.014851 0.243650 0.537224 0.000896 0.203379
2 4 0.004618 0.167005 0.636361 0.003052 0.188964
2 4 0.007145 0.179038 0.650841 0.003301 0.159675
2 4 0.003798 0.111341 0.833079 0.005499 0.046284
2 2 0.014618 0.187177 0.729808 0.005062 0.063334
2 2 0.003940 0.107502 0.844285 0.006887 0.037386
2 2 0.004372 0.109438 0.841876 0.005233 0.039081
2 2 0.044648 0.247314 0.663933 0.001460 0.042645
1 2 0.262549 0.310805 0.302531 0.004951 0.119165
0 2 0.423899 0.397005 0.092628 0.000305 0.086162
0 2 0.870985 0.022187 0.017600 0.000691 0.088537
0 0 0.883515 0.017750 0.019121 0.001361 0.078253
0 0 0.915754 0.015519 0.014621 0.000568 0.053538
0 0 0.855245 0.017554 0.001893 0.000001 0.125307
0 0 0.914604 0.004798 0.001523 0.000008 0.079067
0 0 0.964449 0.001001 0.000342 0.000001 0.034208
0 0 0.973283 0.000752 0.000313 0.000001 0.025650
0 0 0.968267 0.000866 0.000419 0.000003 0.030445
0 0 0.922502 0.003113 0.001176 0.000009 0.073200
0 0 0.878890 0.011802 0.002275 0.000005 0.107029
0 0 0.861067 0.006875 0.002331 0.000020 0.129706
0 0 0.935895 0.002044 0.000979 0.000011 0.061071
0 0 0.918498 0.003368 0.002813 0.000122 0.075199
0 0 0.828510 0.035735 0.008455 0.000030 0.127270
0 0 0.960777 0.003425 0.004274 0.000224 0.031301
0 0 0.838173 0.019459 0.011943 0.000370 0.130056
0 0 0.875962 0.034803 0.007840 0.000017 0.081378
0 0 0.877701 0.010283 0.008056 0.000367 0.103592
2 0 0.132333 0.316982 0.494604 0.014108 0.041973
2 0 0.028643 0.228702 0.664527 0.025709 0.052418
2 1 0.097078 0.303773 0.550050 0.010275 0.038823
2 1 0.017724 0.202557 0.676966 0.036344 0.066408
2 1 0.006218 0.144215 0.762654 0.020787 0.066127
2 1 0.000378 0.022070 0.904371 0.070516 0.002666
2 2 0.003617 0.065172 0.919060 0.006264 0.005887
2 2 0.001104 0.047495 0.919033 0.022401 0.009968
2 2 0.002429 0.066604 0.883394 0.036352 0.011220
2 2 0.001711 0.055772 0.894855 0.037595 0.010067
2 2 0.001140 0.040441 0.884728 0.067887 0.005805
2 2 0.001961 0.058538 0.873171 0.056268 0.010063
2 2 0.000611 0.024047 0.923681 0.050039 0.001622
2 2 0.000293 0.020919 0.789862 0.185654 0.003272
2 2 0.001019 0.042112 0.777837 0.169550 0.009482
2 2 0.004704 0.089781 0.786521 0.102820 0.016175
2 2 0.000462 0.026437 0.749815 0.218478 0.004808
2 2 0.001156 0.039124 0.668710 0.284039 0.006971
2 2 0.000238 0.017145 0.704997 0.275776 0.001844
2 2 0.002882 0.054916 0.751275 0.185108 0.005820
2 2 0.000209 0.014176 0.684214 0.299729 0.001672
2 2 0.000506 0.023133 0.537885 0.435531 0.002945
2 2 0.000530 0.024145 0.557172 0.414945 0.003209
2 2 0.000522 0.017600 0.507808 0.472199 0.001871
2 2 0.000539 0.024286 0.553453 0.418494 0.003228
2 2 0.001728 0.044248 0.710826 0.237791 0.005408
2 2 0.001170 0.033353 0.618840 0.342497 0.004140
2 2 0.002393 0.049404 0.471437 0.467320 0.009446
2 3 0.001455 0.039390 0.768816 0.186598 0.003741
3 3 0.002361 0.044075 0.421772 0.525614 0.006179
2 3 0.000730 0.030112 0.611109 0.353208 0.004840
3 3 0.000683 0.011747 0.208982 0.776863 0.001725
3 3 0.001093 0.020588 0.338981 0.635534 0.003804
3 3 0.001046 0.024094 0.299087 0.672773 0.003000
3 3 0.001061 0.016335 0.291112 0.688937 0.002554
3 3 0.000223 0.004990 0.278412 0.715387 0.000987
3 3 0.000482 0.007187 0.190045 0.800976 0.001310
3 3 0.000549 0.014271 0.351468 0.631503 0.002209
3 3 0.000323 0.005094 0.153887 0.839893 0.000803
3 3 0.000581 0.007536 0.182589 0.807790 0.001504
3 3 0.000363 0.005002 0.142679 0.851108 0.000849
3 3 0.000307 0.003849 0.112859 0.882351 0.000634
3 3 0.000357 0.003774 0.140509 0.854448 0.000912
3 3 0.000271 0.004764 0.154243 0.840035 0.000687
3 3 0.000238 0.005113 0.167160 0.826858 0.000631
3 3 0.000222 0.003574 0.175965 0.819534 0.000704
3 3 0.000121 0.002386 0.123533 0.873647 0.000313
3 3 0.000233 0.002131 0.063296 0.933987 0.000353
3 3 0.000240 0.003680 0.155067 0.840343 0.000669
3 3 0.000227 0.003422 0.129187 0.866616 0.000548
3 3 0.000331 0.003776 0.147104 0.847908 0.000881
3 3 0.000322 0.002932 0.090675 0.905468 0.000603
3 3 0.000321 0.002576 0.068096 0.928518 0.000489
3 3 0.000447 0.004624 0.124400 0.869574 0.000955
3 3 0.000312 0.003060 0.076680 0.919452 0.000495
3 3 0.000487 0.003102 0.071369 0.924308 0.000734
3 3 0.000427 0.002323 0.060092 0.936547 0.000611
3 3 0.000637 0.003803 0.077983 0.916604 0.000972
3 3 0.000481 0.004874 0.114469 0.879240 0.000936
3 3 0.000778 0.005280 0.093698 0.898994 0.001250
3 3 0.001956 0.011999 0.136229 0.846425 0.003391
3 3 0.003442 0.014191 0.137235 0.839351 0.005781
3 3 0.003189 0.015690 0.148358 0.827223 0.005539
3 3 0.002085 0.008266 0.105594 0.880772 0.003283
3 3 0.002156 0.011523 0.130431 0.852235 0.003656
3 3 0.002543 0.012694 0.134830 0.845612 0.004321
3 3 0.001382 0.003944 0.069384 0.923361 0.001929
3 3 0.002469 0.004921 0.072420 0.916818 0.003372
3 3 0.001155 0.003094 0.060828 0.933365 0.001558
3 3 0.001670 0.004040 0.068118 0.923884 0.002288
3 3 0.002998 0.006777 0.086623 0.899298 0.004304
3 3 0.002885 0.015369 0.149038 0.827658 0.005050
3 3 0.002018 0.002433 0.046558 0.946590 0.002402
3 3 0.003062 0.009995 0.111603 0.870538 0.004803
3 3 0.002326 0.004018 0.063841 0.926760 0.003054
3 3 0.000826 0.001466 0.038809 0.957921 0.000979
3 3 0.001528 0.003518 0.063048 0.929856 0.002050
3 3 0.001643 0.002892 0.054442 0.938935 0.002088
3 3 0.001548 0.002806 0.053920 0.939758 0.001968
3 3 0.001520 0.001786 0.039694 0.955254 0.001746
3 3 0.001520 0.002181 0.045539 0.948931 0.001829
3 3 0.001424 0.001369 0.033442 0.962214 0.001552
3 3 0.001421 0.002572 0.051614 0.942602 0.001790
3 3 0.002739 0.002865 0.050973 0.940425 0.002998
3 3 0.002445 0.003495 0.057539 0.933431 0.003089
3 3 0.001996 0.002043 0.041381 0.952294 0.002286
3 3 0.002033 0.001800 0.038263 0.955713 0.002192
3 3 0.002626 0.002347 0.043249 0.948778 0.003000
3 3 0.001070 0.001537 0.038218 0.957933 0.001241
3 3 0.001241 0.001810 0.041594 0.953888 0.001467
3 3 0.004284 0.002234 0.038131 0.950799 0.004551
3 3 0.004163 0.003599 0.053149 0.934135 0.004953
3 3 0.002907 0.003689 0.057802 0.931962 0.003639
3 3 0.003321 0.002460 0.042738 0.947757 0.003724
3 3 0.006583 0.005417 0.082817 0.900700 0.004483
2 3 0.204780 0.221701 0.504200 0.049759 0.019560
2 3 0.044200 0.161274 0.609156 0.174881 0.010490
3 3 0.006918 0.070410 0.354614 0.556678 0.011381
3 2 0.006779 0.047819 0.449491 0.468319 0.027591
2 2 0.001969 0.046144 0.482115 0.461513 0.008258
3 2 0.004619 0.053749 0.392741 0.543866 0.005024
3 2 0.000379 0.012642 0.477332 0.507368 0.002279
2 2 0.000274 0.011451 0.549615 0.436604 0.002056
2 2 0.001437 0.021797 0.486971 0.485294 0.004501
2 2 0.003596 0.060347 0.516122 0.411908 0.008027
2 2 0.001239 0.035221 0.780747 0.179879 0.002913
2 2 0.000155 0.013528 0.810092 0.175156 0.001068
2 2 0.003450 0.085051 0.793524 0.099301 0.018674
2 2 0.001056 0.044357 0.756054 0.188340 0.010194
2 2 0.002463 0.084374 0.846622 0.038353 0.028188
4 4 0.012727 0.241985 0.349383 0.002021 0.393885
2 4 0.017456 0.263504 0.458092 0.013887 0.247062
2 4 0.014149 0.255511 0.440914 0.006767 0.282659
4 4 0.023318 0.283664 0.264441 0.000809 0.427767
4 4 0.016482 0.258279 0.312272 0.002517 0.410450
4 4 0.025801 0.253042 0.075722 0.000264 0.645171
4 4 0.095916 0.355890 0.064537 0.000461 0.483195
4 4 0.034741 0.280965 0.111356 0.001043 0.571896
4 4 0.038655 0.179194 0.055419 0.000365 0.726366
4 4 0.039781 0.100474 0.075438 0.000834 0.783472
4 4 0.021578 0.277595 0.320642 0.003645 0.376540
4 4 0.031553 0.309932 0.274733 0.000870 0.382912
4 4 0.021536 0.267362 0.228680 0.001224 0.481198
4 4 0.025863 0.294906 0.260689 0.004146 0.414395
4 4 0.021387 0.272983 0.257352 0.001868 0.446410
4 4 0.041430 0.316452 0.204277 0.001828 0.436013
1 4 0.089874 0.391996 0.201268 0.005073 0.311789
1 4 0.179784 0.448459 0.137576 0.000369 0.233812
1 4 0.041719 0.332525 0.300208 0.015228 0.310320
4 4 0.050201 0.345006 0.209942 0.003838 0.391012
2 4 0.041754 0.322642 0.451678 0.001643 0.182283
2 4 0.037200 0.310890 0.465458 0.002134 0.184319
2 4 0.010741 0.222146 0.546852 0.007079 0.213182
2 4 0.020564 0.252003 0.586854 0.006698 0.133880
2 4 0.008012 0.197287 0.582630 0.007607 0.204464
2 4 0.009323 0.201267 0.606573 0.001577 0.181259
2 4 0.004728 0.165184 0.657759 0.003330 0.168998
2 4 0.005420 0.168089 0.672109 0.001952 0.152430
2 4 0.005393 0.158536 0.704945 0.016930 0.114196
2 4 0.014351 0.225654 0.593345 0.001081 0.165570
2 4 0.003646 0.125886 0.779394 0.009563 0.081510
2 4 0.002556 0.105849 0.820039 0.011309 0.060246
2 4 0.004856 0.133078 0.784101 0.008899 0.069067
2 4 0.006346 0.157286 0.726523 0.004381 0.105463
2 4 0.015969 0.213372 0.677021 0.005678 0.087960
2 2 0.000510 0.026481 0.950775 0.018421 0.003813
2 2 0.000340 0.020419 0.926141 0.050800 0.002300
2 2 0.000683 0.041122 0.926577 0.021658 0.009960
2 2 0.003480 0.060298 0.912954 0.017644 0.005624
2 2 0.001637 0.052228 0.924300 0.013409 0.008426
2 2 0.000236 0.017288 0.943476 0.037075 0.001924
2 2 0.000183 0.018704 0.935164 0.041723 0.004226
2 2 0.010114 0.115777 0.845355 0.014191 0.014563
2 2 0.000199 0.016435 0.900378 0.081025 0.001963
2 2 0.004505 0.078522 0.895816 0.011419 0.009738
2 2 0.012375 0.122540 0.772143 0.079112 0.013830
2 2 0.007941 0.096104 0.844652 0.041697 0.009606
2 2 0.001683 0.057725 0.890457 0.039920 0.010216
2 2 0.000500 0.028918 0.883781 0.081970 0.004831
2 2 0.030381 0.168308 0.748299 0.035335 0.017677
1 2 0.273901 0.362401 0.316642 0.008016 0.039040
2 2 0.049985 0.271776 0.555675 0.065080 0.057485
2 2 0.007778 0.143970 0.750461 0.047201 0.050590
2 2 0.013130 0.170920 0.668522 0.101395 0.046033
2 2 0.008290 0.132597 0.728621 0.096537 0.033955
2 2 0.002208 0.080782 0.887310 0.004765 0.024936
2 2 0.000480 0.021649 0.903237 0.073243 0.001391
2 2 0.003105 0.072055 0.882808 0.031457 0.010575
2 2 0.000195 0.016713 0.899876 0.080970 0.002246
2 2 0.000674 0.033368 0.911460 0.049577 0.004921
2 2 0.009009 0.129204 0.820662 0.014673 0.026451
2 2 0.094496 0.242041 0.621168 0.026576 0.015719
2 2 0.028395 0.187909 0.739928 0.020318 0.023450
2 2 0.003964 0.081937 0.861363 0.038876 0.013860
2 2 0.001935 0.063557 0.826062 0.093414 0.015031
2 2 0.000251 0.019633 0.801361 0.175596 0.003159
2 2 0.000208 0.016749 0.712350 0.268548 0.002145
2 2 0.000362 0.024379 0.814728 0.155628 0.004903
2 2 0.006847 0.086453 0.804760 0.092968 0.008972
2 2 0.001847 0.045186 0.772341 0.175733 0.004893
2 2 0.000400 0.023581 0.814204 0.158592 0.003223
2 2 0.000405 0.022154 0.773392 0.201791 0.002259
2 2 0.001089 0.044686 0.848747 0.096505 0.008972
2 2 0.000431 0.024337 0.770271 0.201561 0.003401
2 2 0.001709 0.040263 0.787352 0.167746 0.002931
2 2 0.005490 0.086030 0.721998 0.173504 0.012978
2 0 0.079400 0.253499 0.587325 0.054165 0.025611
2 2 0.101115 0.274990 0.549627 0.051956 0.022312
2 2 0.014681 0.146361 0.694647 0.121849 0.022461
2 2 0.009640 0.115757 0.655310 0.200115 0.019177
2 2 0.003365 0.067391 0.837652 0.082776 0.008816
2 2 0.001095 0.045717 0.883588 0.060152 0.009449
2 2 0.013420 0.135206 0.802220 0.030848 0.018306
2 2 0.001358 0.052385 0.857121 0.077841 0.011295
2 2 0.000793 0.032559 0.868189 0.094413 0.004047
2 2 0.000735 0.035086 0.746912 0.210130 0.007138
2 2 0.003012 0.068946 0.804144 0.112272 0.011626
2 2 0.000739 0.031803 0.683782 0.278411 0.005266
2 2 0.000766 0.031181 0.734217 0.229677 0.004160
2 2 0.008950 0.090925 0.687454 0.202701 0.009970
2 2 0.135208 0.282375 0.528426 0.035092 0.018899
2 2 0.057410 0.262072 0.603164 0.037920 0.039434
2 2 0.053325 0.255269 0.616494 0.037288 0.037624
2 2 0.007258 0.104853 0.753003 0.118310 0.016575
2 2 0.005270 0.106147 0.691636 0.170640 0.026307
2 2 0.007454 0.094779 0.765569 0.121002 0.011195
2 2 0.000592 0.027773 0.778504 0.189548 0.003583
2 2 0.000429 0.027637 0.823756 0.142271 0.005907
2 2 0.010371 0.118268 0.734051 0.121013 0.016297
2 2 0.007020 0.098077 0.779721 0.102184 0.012998
4 2 0.290719 0.267023 0.006269 0.000001 0.435988
0 2 0.820274 0.017741 0.001669 0.000001 0.160315
0 0 0.931320 0.001854 0.000275 0.000000 0.066551
0 0 0.908251 0.005109 0.000575 0.000000 0.086065
0 0 0.972609 0.000822 0.000172 0.000000 0.026397
0 0 0.862412 0.006088 0.005319 0.000379 0.125802
0 0 0.935167 0.003376 0.004388 0.000405 0.056663
0 0 0.938206 0.003835 0.003826 0.000186 0.053946
0 0 0.562591 0.225743 0.027342 0.000032 0.184292
0 0 0.961257 0.002195 0.002714 0.000153 0.033682
0 0 0.427573 0.374358 0.132095 0.000881 0.065093
0 0 0.541503 0.236701 0.126478 0.002338 0.092980
0 0 0.497750 0.336651 0.125172 0.000583 0.039844
0 1 0.357635 0.352000 0.255275 0.003475 0.031615
2 2 0.035060 0.225633 0.657959 0.039130 0.042219
2 2 0.004318 0.078629 0.891267 0.017090 0.008696
2 2 0.035516 0.214982 0.708963 0.009353 0.031186
2 2 0.016492 0.145430 0.813475 0.007133 0.017470
2 2 0.036678 0.205668 0.725550 0.009890 0.022214
2 2 0.052829 0.216276 0.708450 0.004655 0.017790
2 2 0.018804 0.145494 0.807524 0.013099 0.015079
2 2 0.006455 0.111061 0.857324 0.003964 0.021196
2 2 0.002987 0.073860 0.905465 0.004284 0.013405
2 2 0.005622 0.096322 0.879006 0.004826 0.014224
2 2 0.013542 0.132178 0.832487 0.005604 0.016189
2 2 0.002252 0.063053 0.897290 0.028055 0.009349
2 2 0.033052 0.204570 0.702830 0.034485 0.025063
2 2 0.080502 0.286112 0.588300 0.008444 0.036641
2 2 0.026335 0.183384 0.747313 0.016350 0.026618
2 2 0.015674 0.166333 0.764339 0.015983 0.037672
2 2 0.007830 0.091864 0.862654 0.028034 0.009617
2 2 0.013421 0.115728 0.826967 0.033672 0.010213
2 2 0.014784 0.136230 0.813842 0.016900 0.018243
2 2 0.029328 0.166250 0.771871 0.016176 0.016375
2 2 0.046705 0.218269 0.679402 0.025797 0.029826
2 2 0.113402 0.331879 0.492815 0.003617 0.058287
2 2 0.127297 0.333486 0.496278 0.003621 0.039318
1 2 0.275274 0.377211 0.298889 0.002646 0.045980
2 2 0.148499 0.333766 0.465662 0.010862 0.041211
2 2 0.088434 0.316250 0.536666 0.002031 0.056619
4 2 0.296496 0.215858 0.128475 0.013421 0.345749
0 2 0.647814 0.194877 0.042479 0.000118 0.114711
0 0 0.837750 0.035318 0.026565 0.001003 0.099364
0 0 0.911958 0.006693 0.010202 0.001520 0.069627
0 0 0.913336 0.007518 0.009885 0.001032 0.068228
0 0 0.482915 0.035634 0.025845 0.003856 0.451750
0 0 0.578338 0.046526 0.030096 0.002670 0.342371
0 0 0.796586 0.032847 0.016928 0.000401 0.153238
1 0 0.332669 0.384427 0.048940 0.000107 0.233858
4 0 0.080068 0.312095 0.063040 0.002019 0.542778
2 4 0.024295 0.272900 0.535072 0.000674 0.167058
2 4 0.005087 0.175553 0.590513 0.000939 0.227909
2 4 0.007443 0.200676 0.549131 0.000334 0.242415
2 4 0.014015 0.246718 0.456376 0.000629 0.282263
2 4 0.011215 0.232978 0.487215 0.000423 0.268169
4 4 0.023253 0.254225 0.096662 0.000337 0.625523
4 4 0.016401 0.241841 0.131833 0.000302 0.609623
4 4 0.041113 0.102500 0.031725 0.000030 0.824632
4 4 0.017330 0.226302 0.065003 0.000089 0.691277
4 4 0.032555 0.103121 0.058399 0.000262 0.805663
4 4 0.030817 0.273554 0.109151 0.000774 0.585704
4 4 0.068782 0.344039 0.074844 0.000267 0.512069
4 4 0.021386 0.137648 0.088552 0.000270 0.752144
4 4 0.023644 0.264730 0.150498 0.000854 0.560274
4 4 0.047853 0.224544 0.066007 0.000429 0.661167
4 4 0.153668 0.059732 0.008529 0.000085 0.777985
4 4 0.186824 0.071102 0.007585 0.000044 0.734445
4 4 0.187311 0.156787 0.010936 0.000022 0.644944
4 4 0.086561 0.032123 0.017443 0.000165 0.863708
4 4 0.163508 0.213472 0.015307 0.000033 0.607679
4 4 0.093296 0.047743 0.018579 0.000038 0.840344
4 4 0.021689 0.243679 0.076750 0.000189 0.657692
1 4 0.140162 0.412329 0.050457 0.000051 0.397001
4 4 0.041932 0.315978 0.051361 0.000017 0.590712
4 4 0.052991 0.181547 0.046659 0.000019 0.718784
4 4 0.077325 0.055707 0.014828 0.000076 0.852065
4 4 0.075841 0.236665 0.031775 0.000270 0.655449
4 4 0.041116 0.255847 0.041469 0.000142 0.661427
4 4 0.071674 0.048214 0.018166 0.000052 0.861893
4 4 0.057161 0.127443 0.015656 0.000042 0.799698
4 4 0.033737 0.056027 0.036990 0.000234 0.873013
4 4 0.042519 0.116280 0.056388 0.000535 0.784277
4 4 0.035570 0.278498 0.095989 0.000818 0.589126
4 4 0.050966 0.200748 0.077855 0.001185 0.669246
4 4 0.045105 0.228413 0.083280 0.001021 0.642180
4 4 0.047362 0.224169 0.064448 0.000709 0.663311
4 4 0.023838 0.231887 0.109421 0.000450 0.634403
4 4 0.028517 0.269685 0.111949 0.000690 0.589160
4 4 0.027397 0.271226 0.134056 0.000916 0.566405
4 4 0.028749 0.274800 0.140341 0.001118 0.554993
4 4 0.038598 0.292726 0.103666 0.000704 0.564306
4 4 0.034012 0.279051 0.108246 0.000941 0.577750
4 4 0.021203 0.245135 0.084165 0.000214 0.649283
4 4 0.020078 0.118266 0.105889 0.000352 0.755415
4 4 0.055907 0.315951 0.117395 0.002209 0.508537
4 4 0.041699 0.312469 0.207509 0.004425 0.433898
4 4 0.022375 0.204998 0.166230 0.000931 0.605466
4 4 0.032086 0.302547 0.214137 0.003922 0.447309
4 4 0.019078 0.271969 0.292745 0.002895 0.413313
4 4 0.065827 0.353543 0.211792 0.009451 0.359387
4 4 0.033448 0.317402 0.256375 0.000876 0.391899
2 4 0.079656 0.367992 0.394250 0.001216 0.156886
2 4 0.030817 0.310257 0.391463 0.002415 0.265049
2 4 0.049744 0.352314 0.365830 0.001246 0.230866
2 4 0.011584 0.224711 0.533656 0.003650 0.226400
2 4 0.061597 0.345355 0.441053 0.000522 0.151473
2 4 0.031189 0.297069 0.439499 0.001688 0.230554
2 4 0.042921 0.333825 0.405350 0.000727 0.217178
2 4 0.011634 0.231228 0.508822 0.003676 0.244640
2 4 0.011167 0.220888 0.535855 0.003945 0.228145
1 4 0.130762 0.392565 0.328932 0.002129 0.145612
2 4 0.061351 0.354575 0.383641 0.010193 0.190240
2 4 0.036501 0.322734 0.374659 0.008960 0.257145
2 4 0.016848 0.267348 0.414031 0.007770 0.294002
4 4 0.025624 0.292499 0.336227 0.003979 0.341670
2 4 0.024874 0.293966 0.462816 0.007323 0.211021
2 4 0.054912 0.353577 0.391883 0.004322 0.195306
2 4 0.022604 0.285669 0.404950 0.005833 0.280944
1 4 0.131430 0.407063 0.309639 0.001855 0.150014
1 4 0.152386 0.427369 0.260567 0.000940 0.158739
2 4 0.022251 0.244013 0.614720 0.001105 0.117911
2 4 0.009803 0.201051 0.641645 0.003497 0.144004
2 4 0.011719 0.200907 0.668452 0.009415 0.109507
2 4 0.010023 0.189803 0.694839 0.002302 0.103033
2 4 0.006460 0.163356 0.728303 0.004485 0.097396
2 2 0.002683 0.081573 0.888621 0.004350 0.022773
2 2 0.006789 0.123347 0.836160 0.002039 0.031666
2 2 0.001871 0.074933 0.894721 0.001236 0.027239
2 2 0.001160 0.058275 0.918139 0.002844 0.019582
2 2 0.000728 0.041025 0.942629 0.004734 0.010884
2 2 0.002138 0.084400 0.869482 0.010758 0.033222
2 2 0.009200 0.137408 0.820040 0.001951 0.031402
2 2 0.003937 0.094033 0.871150 0.009182 0.021698
2 2 0.002162 0.071515 0.901403 0.007291 0.017630
2 2 0.034347 0.214449 0.710393 0.005533 0.035278
2 2 0.158993 0.300644 0.490896 0.027578 0.021889
2 2 0.024473 0.251195 0.597948 0.026468 0.099916
2 2 0.034924 0.235730 0.664945 0.021331 0.043070
1 2 0.290614 0.341569 0.338540 0.006050 0.023226
0 2 0.324811 0.292977 0.290455 0.013037 0.078720
1 2 0.152521 0.425837 0.178921 0.001224 0.241497
1 2 0.072758 0.373529 0.318037 0.015781 0.219896
1 2 0.135493 0.411956 0.276957 0.018419 0.157175
2 2 0.036020 0.322426 0.332456 0.006546 0.302552
2 2 0.048079 0.347202 0.364006 0.027109 0.213604
2 2 0.000070 0.010072 0.939030 0.049545 0.001283
2 2 0.000031 0.005732 0.983012 0.010727 0.000498
2 2 0.000058 0.008274 0.949812 0.041177 0.000679
2 2 0.000015 0.004573 0.953390 0.041604 0.000418
2 2 0.000195 0.014921 0.953464 0.029946 0.001474
2 2 0.000043 0.006913 0.972674 0.019795 0.000574
2 2 0.000040 0.007238 0.969994 0.021908 0.000819
2 2 0.000014 0.004113 0.944470 0.051134 0.000270
2 2 0.000065 0.010237 0.955195 0.032637 0.001866
2 2 0.000033 0.006930 0.920947 0.071334 0.000757
2 2 0.000026 0.006039 0.823249 0.170162 0.000523
2 2 0.000051 0.007386 0.632679 0.359360 0.000525
2 2 0.000042 0.006943 0.673241 0.319274 0.000499
2 2 0.000047 0.007869 0.822020 0.169410 0.000655
2 2 0.000072 0.009279 0.738351 0.251569 0.000728
2 2 0.000188 0.015372 0.730897 0.251948 0.001595
2 2 0.000379 0.020204 0.820998 0.156936 0.001482
2 2 0.000442 0.023286 0.760918 0.212835 0.002519
2 2 0.000551 0.025810 0.765551 0.205310 0.002779
2 2 0.000366 0.015177 0.661404 0.321840 0.001213
2 3 0.000241 0.017202 0.720927 0.259848 0.001783
2 3 0.000278 0.018212 0.625219 0.354104 0.002187
2 3 0.000224 0.018004 0.752871 0.226316 0.002584
2 3 0.000197 0.015248 0.632119 0.350776 0.001659
2 3 0.000438 0.020973 0.732086 0.244223 0.002279
2 3 0.005729 0.071734 0.578913 0.335269 0.008355
3 3 0.002121 0.033609 0.477221 0.482691 0.004357
2 3 0.004576 0.066225 0.617903 0.303472 0.007825
2 3 0.000269 0.013626 0.534959 0.449326 0.001821
2 3 0.000238 0.011257 0.559818 0.427492 0.001196
2 3 0.000149 0.013648 0.679225 0.305505 0.001473
3 3 0.000117 0.008642 0.450278 0.540244 0.000718
2 3 0.000221 0.015533 0.584066 0.398555 0.001625
3 3 0.000202 0.011652 0.435644 0.551414 0.001088
3 3 0.000253 0.011214 0.422744 0.564447 0.001342
3 3 0.000148 0.005878 0.251142 0.742286 0.000546
3 3 0.000095 0.006799 0.475646 0.516787 0.000674
3 3 0.000105 0.006630 0.386509 0.606168 0.000588
3 3 0.000142 0.009080 0.432485 0.557479 0.000815
3 3 0.000307 0.011854 0.371532 0.614932 0.001376
3 3 0.000175 0.004798 0.245464 0.748877 0.000685
3 3 0.000356 0.010137 0.321112 0.666953 0.001443
3 3 0.000124 0.005230 0.340920 0.653071 0.000655
3 3 0.000093 0.003878 0.206313 0.789394 0.000323
3 3 0.000472 0.006412 0.176007 0.815866 0.001242
3 3 0.000118 0.004070 0.224613 0.770757 0.000442
3 3 0.000118 0.003039 0.170201 0.826264 0.000377
3 3 0.000134 0.004305 0.222613 0.772458 0.000490
3 3 0.000174 0.004227 0.194129 0.800903 0.000566
3 3 0.000183 0.004729 0.204004 0.790486 0.000599
3 3 0.000378 0.004990 0.123865 0.869991 0.000777
3 3 0.000289 0.003871 0.131336 0.863822 0.000682
3 3 0.000501 0.003581 0.115191 0.879626 0.001101
3 3 0.000324 0.008240 0.249703 0.740651 0.001082
3 3 0.000411 0.003122 0.090730 0.904977 0.000759
3 3 0.000222 0.004023 0.163389 0.831737 0.000628
3 3 0.000267 0.004791 0.167939 0.826270 0.000733
3 3 0.000968 0.011659 0.210732 0.774135 0.002505
3 3 0.000364 0.007257 0.224998 0.766231 0.001150
3 3 0.000273 0.006142 0.221525 0.771164 0.000896
3 3 0.000245 0.004254 0.150541 0.844330 0.000631
3 3 0.000209 0.003664 0.161625 0.833896 0.000605
3 3 0.000404 0.003857 0.086534 0.908544 0.000662
3 3 0.000587 0.008308 0.167191 0.822567 0.001348
3 3 0.000340 0.002994 0.089366 0.906674 0.000626
3 3 0.000364 0.001693 0.049860 0.947588 0.000494
3 3 0.000310 0.006211 0.244878 0.747477 0.001125
3 3 0.000722 0.005047 0.108078 0.884817 0.001336
3 3 0.000494 0.002579 0.062818 0.933398 0.000711
3 3 0.000621 0.004137 0.084721 0.909534 0.000988
3 3 0.000383 0.001784 0.051202 0.946108 0.000523
3 3 0.000353 0.001409 0.045393 0.952373 0.000472
3 3 0.000284 0.002448 0.088366 0.908349 0.000553
3 3 0.000710 0.002076 0.050694 0.945592 0.000929
3 3 0.000441 0.003942 0.141760 0.852729 0.001127
3 3 0.000922 0.002289 0.051628 0.943968 0.001194
3 3 0.000782 0.003524 0.073450 0.921072 0.001172
3 3 0.000585 0.002012 0.051411 0.945213 0.000779
3 3 0.000813 0.003228 0.066778 0.928023 0.001158
3 3 0.001809 0.005892 0.086523 0.903096 0.002679
2 3 0.093634 0.135035 0.490921 0.254052 0.026357
1 3 0.130954 0.369684 0.346025 0.038841 0.114497
2 3 0.034967 0.204844 0.443256 0.242709 0.074224
2 2 0.031045 0.250863 0.422291 0.183866 0.111935
2 2 0.036637 0.191387 0.449100 0.150540 0.172336
2 2 0.000332 0.021147 0.691082 0.284414 0.003025
2 2 0.001064 0.040181 0.791460 0.160928 0.006367
2 2 0.000074 0.010669 0.842745 0.145137 0.001375
2 2 0.000134 0.010790 0.719426 0.268034 0.001615
2 2 0.000095 0.012208 0.846308 0.139659 0.001729
2 2 0.000116 0.013745 0.860675 0.123261 0.002203
2 2 0.000336 0.022820 0.779992 0.192829 0.004023
2 2 0.000174 0.015720 0.752776 0.229255 0.002075
2 2 0.000033 0.006640 0.789831 0.202933 0.000563
2 2 0.000256 0.017729 0.741951 0.237511 0.002553
2 2 0.006367 0.172318 0.653497 0.010551 0.157268
2 2 0.007836 0.189638 0.610212 0.007524 0.184790
2 2 0.006280 0.173883 0.635772 0.007818 0.176248
2 2 0.007524 0.197585 0.583622 0.006732 0.204537
2 4 0.007365 0.199742 0.562630 0.001628 0.228635
4 4 0.041187 0.174730 0.079434 0.000803 0.703846
4 4 0.035671 0.116409 0.051951 0.000321 0.795647
4 4 0.041717 0.170218 0.070327 0.000117 0.717621
4 4 0.039838 0.263939 0.050471 0.000317 0.645434
4 4 0.028258 0.166626 0.056561 0.000201 0.748355
4 4 0.029561 0.236700 0.098982 0.000580 0.634177
4 4 0.039123 0.105067 0.048509 0.000362 0.806940
4 4 0.028263 0.255602 0.069712 0.000275 0.646148
4 4 0.030760 0.217140 0.071117 0.000342 0.680641
4 4 0.030955 0.250457 0.051450 0.000193 0.666945
4 4 0.065864 0.100241 0.059377 0.000235 0.774282
4 4 0.037825 0.084469 0.052207 0.000427 0.825072
4 4 0.135550 0.233201 0.046170 0.001063 0.584017
4 4 0.061141 0.193127 0.087593 0.002203 0.655936
4 4 0.051466 0.220983 0.059609 0.000737 0.667205
2 4 0.042340 0.332774 0.387866 0.005983 0.231036
2 4 0.028371 0.296006 0.421295 0.010741 0.243587
4 4 0.021556 0.285578 0.316737 0.004741 0.371389
1 4 0.078799 0.391912 0.306077 0.000544 0.222668
2 4 0.012530 0.248217 0.416042 0.003892 0.319320
4 4 0.012329 0.242174 0.283552 0.000606 0.461339
2 4 0.009824 0.218248 0.500359 0.004983 0.266586
4 4 0.015040 0.257496 0.355027 0.000982 0.371455
1 4 0.043260 0.343500 0.318796 0.000608 0.293836
1 4 0.086970 0.394289 0.336079 0.000458 0.182204
1 4 0.135814 0.392628 0.083043 0.000835 0.387680
0 4 0.330928 0.316125 0.114879 0.002671 0.235397
4 4 0.139022 0.247681 0.069127 0.003154 0.541016
1 4 0.209060 0.419715 0.103333 0.001492 0.266401
1 4 0.161622 0.398615 0.093815 0.001791 0.344158
2 4 0.005849 0.165356 0.677628 0.005396 0.145772
2 4 0.007910 0.177927 0.681575 0.011859 0.120730
2 4 0.004296 0.151186 0.708559 0.004311 0.131648
2 4 0.002491 0.125594 0.733043 0.003241 0.135632
2 4 0.003718 0.136745 0.742347 0.011199 0.105991
2 4 0.009089 0.210374 0.595097 0.013656 0.171784
2 4 0.045637 0.324490 0.465192 0.009753 0.154929
1 4 0.146584 0.387652 0.324260 0.002926 0.138579
2 4 0.074948 0.326730 0.489349 0.036807 0.072165
1 4 0.081218 0.380324 0.347390 0.009930 0.181139
1 4 0.090862 0.384285 0.348540 0.010614 0.165699
2 4 0.014282 0.252053 0.474642 0.010022 0.249001
1 4 0.081497 0.379079 0.357406 0.003389 0.178629
2 4 0.029356 0.284771 0.517520 0.019621 0.148732
2 4 0.069082 0.363352 0.401242 0.006120 0.160205
0 4 0.458448 0.391187 0.069541 0.000113 0.080711
0 4 0.455443 0.372577 0.109365 0.000447 0.062167
0 4 0.464416 0.392917 0.069464 0.000065 0.073138
0 4 0.560478 0.329372 0.072705 0.000093 0.037352
0 0 0.456472 0.373238 0.110105 0.000366 0.059820
2 0 0.198157 0.330332 0.437543 0.003264 0.030704
1 4 0.337843 0.376342 0.240996 0.001132 0.043686
2 4 0.120649 0.329343 0.501064 0.005872 0.043072
2 4 0.143182 0.326646 0.494601 0.004867 0.030704
1 4 0.301666 0.387257 0.261913 0.000859 0.048305
2 4 0.035717 0.220597 0.708436 0.000590 0.034660
2 4 0.002722 0.080688 0.895014 0.001635 0.019941
2 2 0.003070 0.104255 0.843807 0.000914 0.047954
2 2 0.002501 0.090735 0.870853 0.001247 0.034664
2 2 0.001216 0.061908 0.912480 0.002379 0.022018
2 2 0.000401 0.020956 0.967636 0.009027 0.001981
2 2 0.001025 0.046892 0.935902 0.006676 0.009506
2 2 0.000773 0.034095 0.948134 0.011698 0.005301
2 2 0.001853 0.061613 0.918466 0.005997 0.012071
2 2 0.001192 0.045641 0.936784 0.008967 0.007416
2 2 0.001311 0.051755 0.917873 0.018807 0.010255
2 2 0.042729 0.200943 0.729265 0.010310 0.016753
2 2 0.005418 0.108161 0.858810 0.006106 0.021505
2 2 0.003189 0.078523 0.897377 0.005572 0.015340
2 2 0.004886 0.102725 0.858502 0.012448 0.021440
2 2 0.002026 0.062246 0.912061 0.011352 0.012316
2 2 0.001663 0.066014 0.905291 0.008498 0.018533
2 2 0.011126 0.134539 0.827893 0.004376 0.022066
2 2 0.006297 0.106321 0.858678 0.008814 0.019890
2 2 0.007396 0.106119 0.860673 0.009202 0.016610
2 2 0.088577 0.308942 0.522918 0.027860 0.051704
2 2 0.135201 0.358448 0.418933 0.030170 0.057248
2 2 0.047786 0.273251 0.565165 0.055924 0.057873
2 2 0.176861 0.373746 0.378659 0.017569 0.053164
2 2 0.151509 0.341877 0.447510 0.021795 0.037308
2 2 0.003731 0.105274 0.796335 0.057186 0.037474
2 2 0.089994 0.284480 0.584495 0.009758 0.031274
2 2 0.005424 0.114971 0.813126 0.037540 0.028939
2 2 0.014446 0.188909 0.725317 0.015378 0.055950
2 2 0.008468 0.161326 0.751245 0.019746 0.059215
2 2 0.004141 0.074141 0.911124 0.001610 0.008983
2 2 0.000379 0.022398 0.968242 0.005768 0.003213
2 2 0.000220 0.019158 0.920042 0.056952 0.003628
2 2 0.000671 0.031979 0.945959 0.016314 0.005077
2 2 0.000056 0.007614 0.978025 0.013689 0.000616
2 2 0.001042 0.051058 0.928680 0.005450 0.013769
2 2 0.000123 0.014266 0.959835 0.023375 0.002401
2 2 0.000119 0.012242 0.962351 0.023772 0.001516
2 2 0.000319 0.023468 0.948574 0.022977 0.004662
2 2 0.000221 0.023759 0.951016 0.018086 0.006918
2 2 0.000337 0.030147 0.928919 0.030938 0.009660
2 2 0.000365 0.030285 0.913081 0.047579 0.008690
2 2 0.004606 0.075441 0.854017 0.058026 0.007911
2 2 0.000984 0.051684 0.905091 0.025432 0.016810
2 2 0.000964 0.038183 0.870074 0.085275 0.005503
2 2 0.009819 0.133446 0.768705 0.061756 0.026274
2 2 0.077235 0.280310 0.583493 0.025563 0.033399
2 2 0.013186 0.135604 0.708862 0.118586 0.023762
2 2 0.035335 0.202729 0.590746 0.136910 0.034280
2 2 0.347307 0.232023 0.366244 0.024274 0.030152
0 0 0.583180 0.079003 0.029662 0.000687 0.307468
0 0 0.605603 0.032012 0.032634 0.001635 0.328116
4 0 0.155826 0.383795 0.041477 0.000167 0.418735
4 1 0.056892 0.296653 0.063167 0.000775 0.582513
4 1 0.066168 0.251755 0.074015 0.001889 0.606174
2 1 0.003773 0.095680 0.818415 0.053982 0.028150
2 1 0.002238 0.093158 0.837680 0.024249 0.042676
2 1 0.006978 0.146155 0.760773 0.025719 0.060376
2 2 0.001458 0.058804 0.888877 0.036407 0.014453
2 2 0.001781 0.076449 0.856281 0.037529 0.027960
2 2 0.003082 0.091398 0.841597 0.038190 0.025733
2 2 0.001474 0.069153 0.889627 0.011906 0.027840
2 2 0.004935 0.090234 0.849278 0.043140 0.012413
2 2 0.016340 0.215043 0.671193 0.008007 0.089418
2 2 0.107602 0.316630 0.524721 0.006527 0.044521
4 2 0.128098 0.370273 0.067058 0.001001 0.433571
4 2 0.119259 0.369241 0.071204 0.000951 0.439344
4 2 0.192269 0.067005 0.047273 0.001559 0.691894
1 0 0.315311 0.432526 0.044409 0.000057 0.207696
4 0 0.148777 0.383944 0.054414 0.000410 0.412456
2 0 0.040902 0.277774 0.586082 0.016446 0.078796
2 4 0.027392 0.278201 0.537510 0.007007 0.149890
2 4 0.009840 0.194098 0.659229 0.024253 0.112581
2 4 0.008088 0.175421 0.708565 0.014927 0.092999
2 4 0.003135 0.123646 0.777419 0.007181 0.088619
2 4 0.010551 0.185586 0.705434 0.021283 0.077145
2 2 0.010638 0.194186 0.677448 0.012956 0.104772
2 2 0.007947 0.151632 0.768182 0.018001 0.054238
2 2 0.125079 0.346050 0.442684 0.014519 0.071669
2 2 0.029405 0.245740 0.648980 0.015734 0.060141
2 2 0.015035 0.172975 0.748724 0.023170 0.040097
2 2 0.001724 0.074269 0.868967 0.024641 0.030398
2 2 0.010897 0.137533 0.797051 0.028570 0.025950
2 2 0.001920 0.076494 0.877510 0.016543 0.027533
2 2 0.125125 0.284691 0.545739 0.014656 0.029789
4 0 0.371447 0.094800 0.000999 0.000000 0.532755
