0 0 0.691404 0.048143 0.066277 0.012767 0.181409
0 0 0.794531 0.050161 0.034941 0.005267 0.115099
0 0 0.610027 0.214293 0.061917 0.000984 0.112779
0 0 0.848884 0.058815 0.015446 0.000109 0.076747
0 0 0.787193 0.089014 0.029984 0.000472 0.093337
0 0 0.444663 0.228218 0.070613 0.005637 0.250868
0 1 0.408710 0.279387 0.094313 0.001763 0.215828
0 1 0.401728 0.274915 0.159474 0.023836 0.140046
1 1 0.398437 0.417499 0.086523 0.000647 0.096894
1 1 0.400703 0.416274 0.086684 0.000627 0.095710
0 4 0.430627 0.231481 0.196892 0.009681 0.131319
1 1 0.340260 0.403765 0.159503 0.004373 0.092099
1 1 0.365194 0.410641 0.122747 0.002255 0.099163
1 4 0.206114 0.459415 0.178281 0.003806 0.152385
1 4 0.193717 0.411923 0.213489 0.019136 0.161736
1 4 0.073974 0.383030 0.335251 0.010736 0.197009
2 4 0.035758 0.327525 0.405919 0.011143 0.219654
1 4 0.056788 0.406319 0.264002 0.002450 0.270441
1 4 0.077375 0.395682 0.333774 0.002465 0.190705
2 4 0.042990 0.342796 0.431674 0.004570 0.177970
4 4 0.063447 0.141602 0.070575 0.000548 0.723827
4 4 0.058744 0.258668 0.075944 0.000148 0.606497
4 4 0.135885 0.181094 0.074270 0.000593 0.608158
4 4 0.168233 0.209610 0.100611 0.000706 0.520841
1 4 0.166980 0.519109 0.040885 0.000226 0.272800
1 4 0.051538 0.422974 0.205753 0.001685 0.318050
4 4 0.113803 0.216105 0.137451 0.001341 0.531300
4 4 0.057598 0.364842 0.129175 0.001333 0.447052
1 4 0.055102 0.431705 0.209976 0.001093 0.302124
1 4 0.076728 0.447149 0.197811 0.001734 0.276578
1 4 0.069167 0.412837 0.264716 0.003988 0.249292
4 4 0.095486 0.161243 0.136359 0.003436 0.603477
1 4 0.041172 0.352197 0.266343 0.026592 0.313696
1 4 0.093213 0.419875 0.218014 0.012551 0.256347
1 4 0.108685 0.430444 0.215406 0.009003 0.236461
2 1 0.145891 0.317251 0.429128 0.035246 0.072484
2 1 0.073050 0.228894 0.561206 0.079572 0.057277
2 1 0.121912 0.270520 0.510023 0.047661 0.049883
2 1 0.106469 0.239520 0.549692 0.063818 0.040501
2 1 0.176882 0.328240 0.397823 0.030358 0.066698
2 2 0.026504 0.097663 0.741061 0.122589 0.012183
2 2 0.027971 0.108278 0.699336 0.148315 0.016100
2 2 0.016162 0.097298 0.776375 0.093231 0.016934
2 2 0.016641 0.068439 0.730570 0.177218 0.007132
2 2 0.007063 0.045176 0.778718 0.164552 0.004491
2 2 0.004330 0.020674 0.651227 0.322740 0.001029
2 3 0.005555 0.015908 0.683720 0.294405 0.000412
2 3 0.002129 0.011991 0.603281 0.382131 0.000468
2 3 0.000841 0.010120 0.677524 0.310954 0.000561
2 3 0.001860 0.007807 0.509448 0.480686 0.000199
3 3 0.000499 0.002821 0.394353 0.602278 0.000050
3 3 0.000214 0.001973 0.391363 0.606412 0.000038
3 3 0.000337 0.002117 0.382578 0.614935 0.000033
3 3 0.000327 0.001789 0.351343 0.646518 0.000023
3 3 0.000308 0.001792 0.344357 0.653517 0.000025
3 3 0.000139 0.001325 0.203744 0.794759 0.000033
3 3 0.000162 0.001382 0.213032 0.785392 0.000032
3 3 0.000111 0.001817 0.373845 0.624173 0.000054
3 3 0.000162 0.001246 0.232317 0.766253 0.000023
3 3 0.000119 0.000839 0.132252 0.866773 0.000016
3 3 0.001271 0.006015 0.273691 0.718793 0.000231
3 3 0.001739 0.008697 0.366744 0.622452 0.000367
3 3 0.003361 0.012037 0.419362 0.564786 0.000454
3 3 0.002309 0.009266 0.290374 0.697627 0.000423
3 3 0.001093 0.006695 0.351947 0.639988 0.000277
3 3 0.000146 0.000967 0.204424 0.794449 0.000014
3 3 0.000301 0.001753 0.239299 0.758615 0.000033
3 3 0.000143 0.000968 0.158624 0.840248 0.000018
3 3 0.000105 0.000744 0.172268 0.826872 0.000011
3 3 0.000107 0.000816 0.183900 0.815164 0.000013
3 3 0.000198 0.001272 0.145013 0.853487 0.000030
3 3 0.000156 0.001044 0.139521 0.859257 0.000023
3 3 0.000174 0.001145 0.136239 0.862416 0.000027
3 3 0.000164 0.001140 0.112140 0.886523 0.000033
3 3 0.000102 0.000741 0.113087 0.886055 0.000015
3 3 0.000096 0.000714 0.086354 0.912819 0.000018
3 3 0.000113 0.000806 0.118763 0.880300 0.000017
3 3 0.000164 0.001092 0.136074 0.862644 0.000025
3 3 0.000193 0.001264 0.108573 0.889931 0.000039
3 3 0.000279 0.001663 0.189096 0.808924 0.000037
3 3 0.000026 0.000161 0.045506 0.954303 0.000004
3 3 0.000028 0.000263 0.051610 0.948093 0.000006
3 3 0.000053 0.000434 0.087616 0.911890 0.000008
3 3 0.000053 0.000432 0.106090 0.893418 0.000007
3 3 0.000067 0.000527 0.091913 0.907483 0.000011
3 3 0.000087 0.000649 0.109244 0.890008 0.000013
3 3 0.000065 0.000512 0.110896 0.888519 0.000009
3 3 0.000184 0.000353 0.058523 0.940917 0.000022
3 3 0.000141 0.000977 0.097991 0.900864 0.000028
3 3 0.000068 0.000346 0.061708 0.937867 0.000011
3 3 0.000128 0.000684 0.073586 0.925577 0.000025
3 3 0.000062 0.000449 0.043353 0.956119 0.000017
3 3 0.000078 0.000606 0.062972 0.936325 0.000019
3 3 0.000086 0.000402 0.036928 0.962561 0.000023
3 3 0.000151 0.000296 0.027359 0.972161 0.000033
3 3 0.000055 0.000278 0.058716 0.940943 0.000008
3 3 0.000042 0.000262 0.062854 0.936836 0.000006
3 3 0.000085 0.000632 0.126359 0.872913 0.000011
3 3 0.000069 0.000536 0.105990 0.893396 0.000010
3 3 0.000060 0.000481 0.103781 0.895669 0.000008
3 3 0.000175 0.000217 0.027510 0.972069 0.000028
3 3 0.000079 0.000362 0.059830 0.939716 0.000013
3 3 0.000086 0.000342 0.035560 0.963992 0.000020
3 3 0.000193 0.000532 0.049602 0.949636 0.000038
3 3 0.000171 0.000830 0.085852 0.913116 0.000031
3 3 0.000127 0.000347 0.050076 0.949430 0.000020
3 3 0.000063 0.000503 0.079140 0.920283 0.000011
3 3 0.000172 0.000641 0.064355 0.934799 0.000033
3 3 0.000070 0.000553 0.079594 0.919770 0.000013
3 3 0.000041 0.000354 0.066876 0.932722 0.000007
3 3 0.000048 0.000261 0.043728 0.955953 0.000009
3 3 0.000186 0.000203 0.021739 0.977838 0.000034
3 3 0.000040 0.000354 0.058037 0.941561 0.000008
3 3 0.000194 0.000194 0.028273 0.971313 0.000027
3 3 0.000074 0.000581 0.072599 0.926731 0.000015
3 3 0.000116 0.000474 0.060145 0.939245 0.000021
3 3 0.000178 0.000828 0.076581 0.922378 0.000035
3 3 0.000100 0.000305 0.043124 0.956453 0.000017
3 3 0.000087 0.000654 0.091925 0.907319 0.000015
3 3 0.000137 0.000957 0.099348 0.899531 0.000026
3 3 0.000787 0.002760 0.074778 0.921405 0.000270
3 3 0.000552 0.001128 0.040254 0.957893 0.000174
3 3 0.000549 0.003050 0.085287 0.910909 0.000205
3 3 0.006135 0.006859 0.086864 0.898140 0.002003
3 3 0.002310 0.009681 0.172868 0.814407 0.000733
3 3 0.001698 0.006898 0.397698 0.593515 0.000191
3 3 0.001436 0.005839 0.464987 0.527614 0.000124
2 3 0.003695 0.012115 0.577589 0.406276 0.000325
3 3 0.000959 0.004211 0.445870 0.548884 0.000076
3 3 0.000932 0.004218 0.381595 0.613166 0.000089
3 3 0.000884 0.003939 0.444229 0.550880 0.000068
3 3 0.000240 0.001402 0.308335 0.690005 0.000018
3 3 0.000355 0.001903 0.366222 0.631494 0.000025
3 3 0.000700 0.003911 0.419813 0.575492 0.000084
3 3 0.001012 0.004409 0.442737 0.551761 0.000082
3 3 0.000271 0.001885 0.415490 0.582327 0.000027
3 3 0.000369 0.002522 0.412321 0.584742 0.000045
3 3 0.000388 0.003004 0.464274 0.532273 0.000062
3 3 0.001104 0.004782 0.421440 0.572575 0.000099
2 3 0.000314 0.002661 0.526245 0.470733 0.000048
2 2 0.003743 0.073649 0.702607 0.191437 0.028565
2 2 0.005114 0.085911 0.630446 0.241767 0.036763
2 2 0.004097 0.106211 0.668991 0.149660 0.071040
2 2 0.009442 0.112410 0.664953 0.169900 0.043294
2 2 0.006197 0.102407 0.673625 0.171042 0.046729
2 2 0.008276 0.163321 0.661836 0.061995 0.104573
2 2 0.008613 0.151745 0.646433 0.091665 0.101544
2 1 0.011271 0.173898 0.635569 0.074148 0.105115
2 1 0.014467 0.177524 0.646161 0.072938 0.088909
2 1 0.007456 0.151348 0.644911 0.088138 0.108147
2 1 0.014170 0.169124 0.703128 0.034801 0.078777
2 2 0.010049 0.141126 0.694778 0.083805 0.070242
2 2 0.009663 0.150269 0.696419 0.059427 0.084223
2 2 0.015308 0.155864 0.722546 0.047788 0.058494
2 2 0.038835 0.206384 0.662322 0.033849 0.058611
2 2 0.050929 0.114009 0.710505 0.115333 0.009225
2 2 0.029118 0.095636 0.720131 0.144082 0.011033
2 2 0.020969 0.096939 0.779603 0.088863 0.013626
2 2 0.021629 0.071276 0.748834 0.151961 0.006300
2 2 0.023911 0.074549 0.726272 0.168535 0.006733
2 2 0.044479 0.117554 0.642232 0.180755 0.014981
2 2 0.028126 0.095709 0.569760 0.292316 0.014089
2 2 0.154659 0.246726 0.529098 0.042876 0.026640
2 2 0.129320 0.214966 0.527829 0.100403 0.027483
2 2 0.139038 0.227620 0.541774 0.065628 0.025940
2 2 0.071191 0.166871 0.570655 0.163998 0.027285
2 2 0.087123 0.189844 0.559184 0.133250 0.030600
2 2 0.050742 0.150217 0.628873 0.144377 0.025791
2 2 0.067294 0.146718 0.586617 0.179672 0.019700
2 2 0.099601 0.184468 0.501075 0.185312 0.029544
2 2 0.036227 0.140559 0.691626 0.105735 0.025853
2 2 0.039759 0.145938 0.641227 0.144599 0.028477
2 2 0.040648 0.134333 0.652399 0.150331 0.022288
2 2 0.069812 0.144511 0.541389 0.223413 0.020875
2 2 0.105048 0.187834 0.511069 0.168133 0.027916
2 2 0.168330 0.263490 0.481226 0.052529 0.034424
2 2 0.071284 0.196937 0.554771 0.133303 0.043706
2 2 0.170592 0.287332 0.415851 0.070377 0.055848
2 2 0.101547 0.243141 0.553113 0.058691 0.043507
2 2 0.115026 0.228560 0.530123 0.089655 0.036636
2 1 0.102741 0.252854 0.499154 0.085441 0.059811
2 1 0.192131 0.290491 0.420683 0.051267 0.045428
2 1 0.139981 0.269359 0.466966 0.072155 0.051539
2 1 0.232847 0.331586 0.334460 0.037504 0.063603
2 1 0.181799 0.278422 0.405363 0.083637 0.050779
2 1 0.186154 0.283883 0.442398 0.046909 0.040656
2 1 0.157578 0.250580 0.472015 0.082836 0.036991
2 2 0.183966 0.281476 0.440805 0.052217 0.041537
2 2 0.164080 0.258122 0.445303 0.090417 0.042078
2 2 0.217379 0.316571 0.391340 0.028017 0.046692
1 2 0.270539 0.363754 0.283234 0.015771 0.066701
1 2 0.191470 0.354092 0.336595 0.028133 0.089710
1 1 0.264440 0.358129 0.264181 0.029557 0.083693
2 1 0.091648 0.317211 0.476262 0.019480 0.095399
2 1 0.166081 0.313700 0.408122 0.044461 0.067636
2 1 0.179085 0.322412 0.393486 0.038014 0.067003
2 1 0.180163 0.281419 0.424146 0.066816 0.047456
1 1 0.280950 0.370387 0.291165 0.006383 0.051114
2 1 0.167824 0.312078 0.393503 0.054318 0.072277
2 1 0.134873 0.308102 0.424300 0.051132 0.081592
1 1 0.267296 0.365874 0.267820 0.020453 0.078557
2 1 0.164314 0.334012 0.403969 0.025657 0.072048
1 1 0.225766 0.368774 0.315324 0.014837 0.075299
2 1 0.143992 0.337940 0.410150 0.023823 0.084096
1 1 0.154410 0.376723 0.352401 0.011785 0.104682
2 1 0.062914 0.334517 0.477359 0.004970 0.120240
1 1 0.192686 0.364116 0.338504 0.018637 0.086057
2 2 0.111263 0.336809 0.437379 0.017590 0.096959
2 2 0.093803 0.335623 0.457217 0.012165 0.101192
2 2 0.109007 0.315395 0.445072 0.034486 0.096040
1 2 0.252849 0.349421 0.303045 0.026336 0.068349
1 2 0.273039 0.365609 0.283842 0.013471 0.064039
1 2 0.213543 0.357210 0.319522 0.025917 0.083808
1 2 0.237037 0.361724 0.296985 0.023297 0.080955
2 2 0.214598 0.313978 0.387941 0.034193 0.049290
2 2 0.090820 0.236744 0.541726 0.079755 0.050954
2 2 0.172802 0.268059 0.418336 0.092970 0.047834
2 2 0.230591 0.329585 0.353530 0.030221 0.056073
1 2 0.256935 0.350986 0.340635 0.008069 0.043375
2 2 0.148769 0.274328 0.447504 0.075634 0.053766
1 1 0.290798 0.377824 0.267732 0.006429 0.057216
1 1 0.269018 0.362577 0.282018 0.017579 0.068809
1 1 0.334701 0.403245 0.193660 0.002614 0.065780
2 1 0.194259 0.332729 0.366146 0.035702 0.071163
2 1 0.207413 0.351873 0.352570 0.019366 0.068778
2 1 0.215250 0.316218 0.385329 0.033100 0.050103
2 1 0.226268 0.329731 0.364014 0.026387 0.053601
2 1 0.091006 0.298866 0.507366 0.023657 0.079105
2 1 0.141641 0.295088 0.468143 0.038789 0.056339
2 2 0.064553 0.246250 0.594523 0.033409 0.061265
2 2 0.047181 0.169147 0.653656 0.095595 0.034422
2 2 0.033876 0.138604 0.705871 0.095891 0.025757
2 2 0.027122 0.125982 0.741691 0.082347 0.022858
2 2 0.070151 0.203577 0.628463 0.062810 0.034998
2 2 0.054800 0.177118 0.610364 0.119769 0.037948
2 1 0.238201 0.336635 0.336715 0.028660 0.059788
2 1 0.229534 0.328512 0.342225 0.038116 0.061614
2 1 0.172066 0.334268 0.396010 0.026880 0.070775
1 1 0.245218 0.342733 0.310888 0.032381 0.068781
1 1 0.288533 0.376777 0.255733 0.010379 0.068578
2 1 0.088541 0.288536 0.468900 0.068530 0.085494
1 1 0.199125 0.353414 0.351100 0.021131 0.075229
1 1 0.203244 0.351191 0.322389 0.033518 0.089658
2 1 0.234256 0.332940 0.352525 0.025772 0.054507
1 1 0.261703 0.356789 0.292329 0.020912 0.068266
2 1 0.048612 0.220766 0.621688 0.045161 0.063772
2 1 0.051224 0.245885 0.599236 0.027929 0.075726
2 1 0.039219 0.193883 0.682397 0.036923 0.047577
2 1 0.069041 0.262283 0.567029 0.031039 0.070608
2 1 0.062813 0.255156 0.596734 0.022392 0.062906
2 1 0.058073 0.230252 0.604834 0.046081 0.060760
2 1 0.062192 0.210254 0.604700 0.074301 0.048553
2 2 0.137547 0.283308 0.503998 0.030540 0.044608
2 2 0.034512 0.173029 0.668593 0.076984 0.046882
2 2 0.023164 0.170918 0.675760 0.068931 0.061228
2 2 0.037173 0.179637 0.667619 0.067040 0.048531
2 2 0.026402 0.144975 0.716674 0.077460 0.034489
2 2 0.029104 0.147185 0.688615 0.100473 0.034622
2 2 0.022258 0.141849 0.707940 0.090174 0.037779
2 2 0.021257 0.129482 0.710817 0.107474 0.030971
2 2 0.051667 0.214705 0.586115 0.087359 0.060153
2 2 0.076073 0.231443 0.570120 0.069861 0.052502
2 2 0.120088 0.264389 0.501966 0.061800 0.051757
2 2 0.087767 0.252644 0.553653 0.050344 0.055592
2 2 0.233382 0.331681 0.367591 0.019447 0.047899
1 2 0.318887 0.394737 0.228731 0.002702 0.054943
1 2 0.307975 0.389133 0.227308 0.006248 0.069337
1 2 0.262843 0.357713 0.291347 0.020118 0.067980
1 2 0.260278 0.355129 0.318468 0.012491 0.053634
1 2 0.308944 0.389356 0.238947 0.004144 0.058608
1 2 0.256098 0.352164 0.298821 0.024377 0.068539
1 2 0.244123 0.341840 0.315953 0.031300 0.066784
2 2 0.083157 0.297642 0.502545 0.026910 0.089746
1 2 0.285161 0.374453 0.258705 0.011835 0.069846
2 2 0.157140 0.332537 0.407826 0.027162 0.075334
2 2 0.045874 0.217516 0.582765 0.085009 0.068836
2 1 0.134358 0.309250 0.458929 0.031041 0.066422
2 1 0.071741 0.255215 0.567925 0.039071 0.066047
2 1 0.041002 0.228007 0.577206 0.070673 0.083112
2 1 0.132896 0.315517 0.445991 0.031535 0.074061
2 1 0.082573 0.310079 0.514044 0.012007 0.081298
2 1 0.048404 0.263119 0.560715 0.030365 0.097398
2 1 0.097181 0.347129 0.424040 0.012973 0.118676
2 1 0.069642 0.291079 0.525343 0.020762 0.093174
2 1 0.059493 0.305318 0.482460 0.022830 0.129899
1 1 0.184714 0.402641 0.275094 0.012455 0.125095
1 1 0.203708 0.389682 0.292473 0.011775 0.102361
2 1 0.141433 0.362734 0.385006 0.014051 0.096776
1 0 0.280435 0.369806 0.294183 0.006002 0.049574
0 0 0.352282 0.303599 0.299304 0.003585 0.041230
0 0 0.784288 0.063231 0.035834 0.002995 0.113651
0 0 0.429522 0.417022 0.064619 0.000192 0.088646
0 1 0.492957 0.405475 0.030447 0.000010 0.071110
0 1 0.457066 0.414154 0.047462 0.000057 0.081260
0 1 0.460388 0.398647 0.054549 0.000109 0.086307
1 1 0.291697 0.378464 0.233021 0.014162 0.082657
1 1 0.293293 0.379568 0.231785 0.013350 0.082005
1 1 0.345067 0.407129 0.166085 0.002823 0.078897
1 1 0.327285 0.399542 0.195914 0.004074 0.073185
1 1 0.307062 0.388566 0.224890 0.007050 0.072432
2 1 0.228903 0.327951 0.345863 0.036987 0.060296
1 1 0.253864 0.349930 0.327757 0.014814 0.053636
2 1 0.240696 0.336742 0.372998 0.009932 0.039633
1 1 0.245755 0.343227 0.335190 0.020089 0.055738
2 1 0.190022 0.288172 0.421596 0.054612 0.045599
1 1 0.359211 0.410833 0.138551 0.002294 0.089110
1 1 0.339075 0.405117 0.182065 0.002717 0.071026
1 1 0.370370 0.415518 0.134497 0.001276 0.078338
1 1 0.345712 0.408112 0.179370 0.001847 0.064959
1 1 0.307733 0.386881 0.192930 0.012961 0.099495
1 4 0.311948 0.396413 0.198237 0.007726 0.085676
1 4 0.311532 0.391109 0.215855 0.006676 0.074828
1 1 0.288912 0.377036 0.254536 0.010439 0.069076
1 1 0.272842 0.365498 0.275875 0.016260 0.069525
1 1 0.369545 0.414749 0.132035 0.001432 0.082240
0 1 0.439288 0.416397 0.058104 0.000126 0.086085
0 1 0.421762 0.417205 0.070141 0.000266 0.090626
0 1 0.426128 0.417136 0.066996 0.000222 0.089518
0 4 0.628197 0.213576 0.050060 0.000452 0.107715
0 4 0.540866 0.197452 0.058357 0.001828 0.201496
1 4 0.352445 0.409629 0.127382 0.003410 0.107134
1 4 0.293959 0.409705 0.151519 0.013751 0.131066
1 4 0.307424 0.411384 0.161837 0.008830 0.110525
1 4 0.335992 0.406309 0.140905 0.005632 0.111162
0 4 0.508442 0.290769 0.088131 0.001622 0.111035
0 4 0.831182 0.062093 0.004019 0.000005 0.102700
0 4 0.667516 0.217816 0.008308 0.000002 0.106358
0 4 0.501737 0.020760 0.006345 0.000377 0.470780
0 0 0.785859 0.019758 0.006136 0.000093 0.188154
0 0 0.609730 0.101113 0.007499 0.000001 0.281657
0 0 0.404887 0.295580 0.088498 0.000869 0.210166
0 0 0.734454 0.114841 0.040521 0.000974 0.109210
0 0 0.529369 0.292788 0.067993 0.000673 0.109178
1 0 0.361729 0.434399 0.085766 0.001146 0.116960
1 1 0.377621 0.412794 0.107380 0.001519 0.100686
1 1 0.252013 0.445722 0.137656 0.010252 0.154356
1 1 0.359062 0.415930 0.114428 0.002392 0.108187
4 4 0.082265 0.263325 0.136384 0.004739 0.513286
1 4 0.191943 0.440593 0.163489 0.013029 0.190946
1 4 0.328791 0.438128 0.097890 0.002755 0.132436
1 4 0.172956 0.371642 0.353897 0.012545 0.088960
2 4 0.095820 0.364670 0.386423 0.014925 0.138162
1 4 0.131772 0.397156 0.324877 0.007620 0.138575
1 4 0.070461 0.401026 0.307091 0.004310 0.217113
1 4 0.120495 0.397988 0.323178 0.006101 0.152239
1 4 0.216639 0.464469 0.134834 0.003498 0.180560
1 4 0.094739 0.410472 0.236768 0.016322 0.241700
1 4 0.129175 0.412573 0.260160 0.020502 0.177590
1 4 0.235608 0.457597 0.148696 0.002230 0.155869
4 4 0.137941 0.274808 0.188037 0.002682 0.396533
1 4 0.050592 0.430400 0.143006 0.002216 0.373787
4 4 0.036428 0.290224 0.114593 0.002431 0.556325
4 4 0.062966 0.126999 0.072895 0.000934 0.736205
4 4 0.051027 0.094515 0.056061 0.000682 0.797715
4 4 0.101394 0.350823 0.162053 0.002098 0.383632
2 4 0.068930 0.341606 0.430642 0.016729 0.142092
2 4 0.085830 0.347047 0.427610 0.019562 0.119951
1 4 0.046098 0.362060 0.323531 0.006664 0.261648
1 1 0.188848 0.436375 0.226484 0.003123 0.145170
1 1 0.158394 0.391338 0.336537 0.007560 0.106171
1 1 0.140624 0.438185 0.237413 0.002751 0.181027
1 1 0.122890 0.398579 0.347412 0.004447 0.126673
1 1 0.098609 0.408716 0.275297 0.007032 0.210346
1 1 0.116859 0.415345 0.278214 0.007311 0.182271
1 1 0.135415 0.475899 0.194415 0.000651 0.193619
1 1 0.251088 0.347947 0.307437 0.026460 0.067068
1 0 0.293224 0.379780 0.256753 0.007478 0.062765
1 1 0.256246 0.398897 0.228580 0.010370 0.105906
2 1 0.184136 0.359122 0.360817 0.016865 0.079059
1 1 0.338083 0.403604 0.168332 0.004102 0.085878
1 1 0.285009 0.374244 0.267775 0.009562 0.063410
1 1 0.218457 0.356932 0.311986 0.027622 0.085004
1 1 0.282399 0.373222 0.274380 0.009037 0.060963
1 1 0.223863 0.350156 0.341728 0.019796 0.064458
1 1 0.302204 0.385339 0.247806 0.005165 0.059486
1 1 0.354756 0.407377 0.133197 0.003275 0.101396
1 0 0.382685 0.419002 0.123688 0.000770 0.073854
1 0 0.348107 0.408768 0.189988 0.001046 0.052092
1 1 0.363772 0.412928 0.137506 0.001788 0.084005
1 0 0.364158 0.415108 0.165137 0.000738 0.054859
1 0 0.382127 0.413680 0.103139 0.001284 0.099771
1 0 0.366459 0.389794 0.155840 0.002966 0.084940
1 0 0.387967 0.414678 0.097783 0.001029 0.098543
1 1 0.402449 0.423828 0.110647 0.000297 0.062779
0 0 0.388951 0.360904 0.149029 0.004302 0.096815
0 0 0.586106 0.253171 0.058088 0.000434 0.102201
0 0 0.745174 0.085724 0.063991 0.003371 0.101741
0 0 0.640148 0.152351 0.127605 0.004308 0.075588
1 0 0.399249 0.416132 0.087911 0.000664 0.096044
0 1 0.528815 0.349253 0.039534 0.000042 0.082356
1 1 0.386206 0.415838 0.103780 0.001011 0.093165
1 0 0.328521 0.399993 0.190490 0.004334 0.076662
1 0 0.392409 0.410017 0.131365 0.000622 0.065587
0 0 0.446262 0.416444 0.054782 0.000091 0.082422
1 1 0.398716 0.416077 0.088363 0.000678 0.096166
1 1 0.286914 0.374258 0.284758 0.004930 0.049140
2 1 0.231003 0.326284 0.402730 0.007612 0.032371
1 1 0.272772 0.365351 0.287022 0.012681 0.062174
1 1 0.252049 0.347414 0.344729 0.010359 0.045450
1 1 0.261780 0.355191 0.329742 0.007932 0.045355
1 1 0.322293 0.396443 0.191455 0.006185 0.083623
1 1 0.323259 0.396590 0.228160 0.001915 0.050076
1 1 0.324147 0.396136 0.176461 0.007565 0.095691
1 1 0.300974 0.384593 0.223787 0.010367 0.080279
1 1 0.328122 0.398808 0.178082 0.005903 0.089084
2 1 0.207370 0.352349 0.363204 0.014856 0.062221
2 2 0.161348 0.346319 0.419034 0.010861 0.062438
2 2 0.108015 0.316531 0.472695 0.021719 0.081039
2 2 0.107953 0.304000 0.494320 0.023699 0.070027
2 2 0.195105 0.337633 0.369062 0.028930 0.069270
2 2 0.154205 0.264958 0.485343 0.056295 0.039199
2 2 0.073869 0.213969 0.631067 0.046096 0.034999
2 2 0.046731 0.178747 0.688483 0.052962 0.033077
2 2 0.055647 0.159324 0.713831 0.052906 0.018292
2 2 0.050676 0.176811 0.705402 0.040737 0.026373
2 2 0.023776 0.082495 0.747191 0.138001 0.008536
2 2 0.019559 0.085496 0.785563 0.099024 0.010358
2 2 0.015934 0.076436 0.810478 0.088320 0.008832
2 2 0.018865 0.065629 0.766823 0.143143 0.005540
2 2 0.034798 0.115290 0.698046 0.135904 0.015961
2 2 0.019953 0.079311 0.777123 0.115104 0.008509
2 2 0.019740 0.072549 0.770284 0.130539 0.006888
2 2 0.038681 0.112188 0.671924 0.162995 0.014212
2 2 0.016936 0.099347 0.761288 0.104855 0.017575
2 2 0.019185 0.067999 0.756546 0.150201 0.006070
2 2 0.020696 0.074065 0.763233 0.134941 0.007064
2 2 0.023445 0.064706 0.712499 0.194515 0.004835
2 2 0.036683 0.086261 0.644848 0.224373 0.007835
2 2 0.031239 0.086831 0.676326 0.196956 0.008648
2 2 0.020223 0.083973 0.716878 0.168371 0.010554
2 2 0.020100 0.059985 0.494288 0.419412 0.006215
2 2 0.028346 0.080983 0.453822 0.425741 0.011108
2 2 0.013537 0.084594 0.608508 0.276258 0.017102
2 2 0.012484 0.075957 0.641554 0.256843 0.013162
2 2 0.017279 0.055434 0.486505 0.435000 0.005783
3 2 0.010207 0.029861 0.433841 0.524146 0.001945
3 3 0.002085 0.012772 0.369562 0.614725 0.000855
3 3 0.004028 0.016982 0.354484 0.623397 0.001108
3 3 0.004267 0.017657 0.340667 0.636197 0.001212
3 3 0.002242 0.009147 0.258688 0.729461 0.000461
3 3 0.000750 0.003819 0.164268 0.830998 0.000166
3 3 0.000656 0.003405 0.172285 0.823522 0.000131
3 3 0.001010 0.004744 0.244183 0.749899 0.000165
3 3 0.000654 0.003383 0.183888 0.811952 0.000122
3 3 0.000462 0.002576 0.142779 0.854085 0.000098
3 3 0.000941 0.004532 0.208470 0.785880 0.000177
3 3 0.000430 0.002427 0.141175 0.855878 0.000090
3 3 0.000828 0.004098 0.193719 0.801195 0.000160
3 3 0.000922 0.004477 0.197138 0.797281 0.000182
3 3 0.000635 0.003302 0.181764 0.814181 0.000119
3 3 0.001248 0.005643 0.250170 0.742724 0.000215
3 3 0.001436 0.006488 0.187082 0.804642 0.000353
3 3 0.000527 0.003232 0.189039 0.807077 0.000126
3 3 0.000636 0.003386 0.122214 0.873588 0.000177
3 3 0.000636 0.003343 0.154540 0.841340 0.000141
3 3 0.000313 0.001619 0.098340 0.899657 0.000072
3 3 0.000278 0.001710 0.111141 0.886809 0.000062
3 3 0.000312 0.001865 0.133637 0.864125 0.000061
3 3 0.000423 0.002391 0.146111 0.850990 0.000085
3 3 0.000308 0.001866 0.108528 0.889224 0.000074
3 3 0.000279 0.001715 0.110080 0.887863 0.000063
3 3 0.000287 0.001053 0.068088 0.930506 0.000066
3 3 0.000123 0.000880 0.083789 0.915181 0.000027
3 3 0.000186 0.000871 0.065301 0.933598 0.000044
3 3 0.000237 0.001513 0.087417 0.910770 0.000063
3 3 0.000807 0.003903 0.137263 0.857818 0.000210
3 3 0.000407 0.002365 0.095458 0.901649 0.000122
3 3 0.000837 0.004216 0.143225 0.851502 0.000221
3 3 0.000779 0.001118 0.060452 0.937500 0.000151
3 3 0.000266 0.001678 0.072974 0.924995 0.000088
3 3 0.000397 0.001185 0.072111 0.926221 0.000086
3 3 0.000151 0.000965 0.083473 0.915378 0.000033
3 3 0.000278 0.001730 0.088715 0.909200 0.000078
3 3 0.000209 0.000599 0.057919 0.941234 0.000038
3 3 0.000320 0.001953 0.079287 0.918335 0.000105
3 3 0.000764 0.001468 0.067147 0.930451 0.000170
3 3 0.000412 0.002397 0.089668 0.907391 0.000132
3 3 0.000570 0.001396 0.056452 0.941425 0.000157
3 3 0.000907 0.001043 0.053254 0.944620 0.000176
3 3 0.000670 0.001423 0.052548 0.945169 0.000190
3 3 0.000314 0.001908 0.096278 0.901415 0.000085
3 3 0.000678 0.001314 0.068614 0.929254 0.000140
3 3 0.000621 0.000699 0.034001 0.964533 0.000146
3 3 0.000693 0.001219 0.054966 0.942959 0.000164
3 3 0.001117 0.001110 0.044562 0.952960 0.000251
3 3 0.000182 0.001210 0.102595 0.895975 0.000038
3 3 0.000411 0.002340 0.140529 0.856635 0.000085
3 3 0.000147 0.001017 0.091028 0.907777 0.000032
3 3 0.000236 0.001494 0.109856 0.888364 0.000050
3 3 0.000274 0.001693 0.106211 0.891758 0.000064
3 3 0.000186 0.000306 0.029936 0.969536 0.000036
3 3 0.000077 0.000593 0.061228 0.938084 0.000019
3 3 0.000196 0.000772 0.079489 0.919509 0.000034
3 3 0.000117 0.000273 0.025839 0.973743 0.000028
3 3 0.000093 0.000537 0.057326 0.942025 0.000021
3 3 0.000278 0.001718 0.100822 0.897113 0.000069
3 3 0.000275 0.001732 0.068651 0.929244 0.000097
3 3 0.000300 0.001846 0.085902 0.911863 0.000089
3 3 0.000275 0.001722 0.079216 0.918702 0.000085
3 3 0.000598 0.001800 0.077327 0.920123 0.000151
3 3 0.000451 0.001373 0.058488 0.939559 0.000129
3 3 0.000196 0.001309 0.063204 0.935225 0.000066
3 3 0.001298 0.000777 0.026613 0.970986 0.000325
3 3 0.000284 0.001778 0.068333 0.929503 0.000102
3 3 0.000558 0.001034 0.045614 0.952648 0.000146
3 3 0.000472 0.002655 0.113210 0.883535 0.000127
3 3 0.000215 0.001408 0.074880 0.923433 0.000064
3 3 0.000201 0.001319 0.086851 0.911579 0.000051
3 3 0.000630 0.003319 0.150462 0.845448 0.000142
3 3 0.000211 0.002545 0.139918 0.857148 0.000178
3 3 0.000737 0.006767 0.334891 0.657201 0.000404
3 3 0.007750 0.024574 0.356757 0.609198 0.001722
2 3 0.001446 0.012667 0.506335 0.478702 0.000850
2 2 0.000861 0.011441 0.587161 0.399678 0.000859
2 2 0.001612 0.014193 0.551773 0.431449 0.000972
2 2 0.119088 0.201493 0.580418 0.078011 0.020989
2 2 0.075581 0.223205 0.529145 0.119219 0.052851
2 2 0.009344 0.125224 0.656185 0.151073 0.058173
2 1 0.011685 0.141596 0.695325 0.094595 0.056798
2 1 0.021530 0.173219 0.696569 0.050521 0.058161
2 1 0.005540 0.142495 0.616372 0.111767 0.123827
2 1 0.007850 0.161203 0.635106 0.074319 0.121522
2 1 0.013993 0.216348 0.589652 0.039610 0.140397
2 1 0.016359 0.190084 0.597335 0.092567 0.103655
2 1 0.015350 0.191302 0.639342 0.056387 0.097618
2 1 0.088254 0.283934 0.505109 0.050980 0.071723
1 1 0.282534 0.370715 0.295908 0.004732 0.046112
1 1 0.236715 0.334900 0.318386 0.040664 0.069335
2 1 0.036962 0.202979 0.563677 0.121357 0.075024
2 1 0.184539 0.328996 0.361581 0.045658 0.079226
2 1 0.056225 0.345795 0.390157 0.021132 0.186690
2 1 0.020382 0.290916 0.396007 0.015076 0.277620
1 1 0.083775 0.361801 0.354396 0.023128 0.176900
1 1 0.052819 0.390749 0.341402 0.003716 0.211315
2 1 0.028464 0.286534 0.481563 0.027820 0.175620
4 4 0.040148 0.035457 0.017852 0.004167 0.902377
4 4 0.064512 0.060401 0.028978 0.003457 0.842652
4 4 0.060316 0.158826 0.041117 0.001890 0.737851
4 4 0.024677 0.150100 0.053940 0.003843 0.767440
4 4 0.034492 0.042546 0.033431 0.015314 0.874218
4 4 0.077864 0.028082 0.015716 0.006387 0.871952
4 4 0.018439 0.019021 0.009738 0.002910 0.949893
4 4 0.235322 0.020821 0.008718 0.000275 0.734864
4 4 0.064038 0.064193 0.016896 0.000203 0.854670
4 4 0.098192 0.013665 0.006797 0.002311 0.879035
4 4 0.092968 0.082119 0.040811 0.011318 0.772784
4 4 0.060316 0.072542 0.045342 0.004839 0.816960
4 4 0.070335 0.078614 0.057203 0.003011 0.790837
4 4 0.087013 0.158899 0.065674 0.003339 0.685074
4 4 0.224754 0.288890 0.063537 0.002480 0.420338
1 4 0.333788 0.364692 0.045037 0.002842 0.253640
4 4 0.069294 0.094513 0.051589 0.002192 0.782412
4 4 0.042371 0.049377 0.038486 0.004600 0.865166
4 4 0.103906 0.151808 0.048696 0.015458 0.680133
4 4 0.101932 0.253777 0.069621 0.001882 0.572788
1 4 0.105471 0.436089 0.204966 0.010178 0.243296
1 4 0.106695 0.426829 0.199912 0.005747 0.260817
4 4 0.087630 0.201365 0.138568 0.008004 0.564433
1 4 0.179868 0.439402 0.175602 0.013274 0.191854
2 4 0.072945 0.359454 0.362460 0.053993 0.151147
1 4 0.076062 0.414733 0.243284 0.013812 0.252108
1 4 0.290949 0.414426 0.189685 0.009139 0.095801
1 4 0.361290 0.412752 0.144414 0.001758 0.079787
1 4 0.179491 0.422311 0.240170 0.026841 0.131188
1 4 0.215044 0.377679 0.271359 0.039755 0.096163
2 1 0.031084 0.259783 0.510899 0.064233 0.134001
2 1 0.038305 0.251364 0.564272 0.057217 0.088843
2 1 0.049539 0.320805 0.485588 0.015276 0.128792
1 1 0.208813 0.379822 0.324379 0.012517 0.074469
2 1 0.020634 0.231017 0.550324 0.061584 0.136440
2 1 0.015686 0.184258 0.647747 0.056426 0.095884
2 1 0.013148 0.172780 0.647311 0.069938 0.096823
2 1 0.036374 0.253619 0.580300 0.026393 0.103314
2 1 0.014617 0.190292 0.652917 0.032237 0.109938
2 1 0.016826 0.188495 0.680864 0.031295 0.082520
2 1 0.021372 0.229976 0.594734 0.024223 0.129696
2 1 0.041162 0.262742 0.564256 0.024012 0.107827
2 1 0.024482 0.235790 0.585743 0.025116 0.128868
2 1 0.070372 0.315299 0.491806 0.012625 0.109898
2 1 0.014586 0.200991 0.627918 0.030018 0.126488
2 1 0.017904 0.187712 0.662496 0.042327 0.089561
2 1 0.013185 0.183473 0.642797 0.045636 0.114909
2 1 0.024681 0.232288 0.590440 0.029288 0.123302
2 1 0.014876 0.187666 0.643674 0.046039 0.107746
2 1 0.039313 0.287023 0.546670 0.008902 0.118092
2 1 0.083833 0.370006 0.383709 0.007424 0.155029
2 1 0.074234 0.355475 0.418258 0.013000 0.139033
1 1 0.276092 0.367901 0.278307 0.012801 0.064898
1 1 0.184100 0.398339 0.323411 0.007374 0.086776
1 1 0.147641 0.406721 0.311627 0.005397 0.128614
2 1 0.056577 0.298528 0.486318 0.036446 0.122132
1 1 0.137281 0.389538 0.340943 0.013599 0.118639
2 1 0.211223 0.352800 0.356063 0.016090 0.063825
2 1 0.040299 0.254704 0.545725 0.050912 0.108360
2 1 0.056307 0.277497 0.512384 0.049848 0.103964
2 1 0.042052 0.239588 0.636421 0.013691 0.068247
2 1 0.021091 0.181950 0.687404 0.035587 0.073968
2 1 0.048562 0.246108 0.623383 0.015701 0.066245
2 1 0.027902 0.194095 0.671676 0.036926 0.069401
2 1 0.013867 0.137453 0.779277 0.024580 0.044823
2 1 0.011195 0.109677 0.823932 0.026941 0.028254
2 1 0.010311 0.098839 0.839488 0.028668 0.022694
2 2 0.019078 0.126701 0.777477 0.047848 0.028896
2 2 0.015082 0.120254 0.823624 0.017675 0.023366
2 2 0.010436 0.097233 0.823466 0.046667 0.022198
2 2 0.026798 0.147617 0.765022 0.032519 0.028043
2 2 0.020486 0.131668 0.767567 0.049724 0.030554
2 2 0.012991 0.111663 0.815371 0.033232 0.026742
2 2 0.015442 0.087380 0.800251 0.084013 0.012914
2 2 0.015884 0.095323 0.812975 0.060345 0.015473
2 2 0.015498 0.094940 0.815478 0.058527 0.015556
2 2 0.009614 0.078192 0.822855 0.075687 0.013652
2 2 0.016505 0.106570 0.804281 0.052498 0.020147
2 2 0.027905 0.124232 0.738196 0.087982 0.021686
2 2 0.016247 0.113454 0.781367 0.064224 0.024707
2 2 0.010153 0.084414 0.826147 0.063465 0.015821
2 2 0.009088 0.093609 0.832927 0.042241 0.022134
2 2 0.009853 0.090801 0.822760 0.057018 0.019569
2 2 0.008652 0.087278 0.819327 0.065054 0.019688
2 2 0.016708 0.119471 0.768183 0.067569 0.028069
2 2 0.029337 0.144261 0.735811 0.061430 0.029161
2 2 0.026770 0.134695 0.719503 0.090795 0.028237
2 2 0.009281 0.106976 0.761085 0.088796 0.033862
2 2 0.015221 0.107069 0.749010 0.105198 0.023501
2 2 0.026091 0.179227 0.707067 0.038400 0.049215
2 2 0.005484 0.061625 0.842538 0.079145 0.011209
2 2 0.011830 0.087995 0.791099 0.092689 0.016387
2 2 0.006968 0.075598 0.801431 0.099441 0.016563
2 2 0.008993 0.067151 0.834441 0.079815 0.009600
2 2 0.010704 0.060459 0.756363 0.165397 0.007076
2 2 0.026513 0.088995 0.732641 0.142143 0.009707
2 2 0.014484 0.066581 0.774445 0.137490 0.006999
2 2 0.102136 0.177715 0.651652 0.054692 0.013805
2 2 0.034363 0.116893 0.701465 0.130661 0.016618
2 2 0.014996 0.078798 0.810870 0.085331 0.010004
2 2 0.124676 0.214402 0.544393 0.089823 0.026706
2 2 0.238494 0.336477 0.355890 0.018974 0.050166
2 2 0.231092 0.329562 0.371569 0.020267 0.047509
2 2 0.231578 0.329719 0.375932 0.017645 0.045126
2 0 0.221080 0.320407 0.375764 0.031522 0.051227
1 1 0.269190 0.362709 0.281598 0.017569 0.068934
2 1 0.243481 0.340934 0.347036 0.017408 0.051141
1 1 0.338421 0.404683 0.199898 0.001592 0.055405
1 1 0.316331 0.393846 0.211546 0.005498 0.072779
2 1 0.151910 0.303453 0.427690 0.050169 0.066778
2 1 0.122109 0.310068 0.462997 0.030759 0.074066
1 1 0.305229 0.387162 0.243902 0.004670 0.059037
1 1 0.315733 0.392103 0.242307 0.002098 0.047759
1 1 0.313832 0.392505 0.220105 0.005151 0.068406
1 1 0.296174 0.381772 0.236894 0.010232 0.074928
2 1 0.163371 0.266624 0.455089 0.073708 0.041208
2 1 0.228241 0.327094 0.371585 0.023829 0.049251
2 1 0.148726 0.272519 0.509233 0.032985 0.036537
2 1 0.149910 0.295321 0.443986 0.050627 0.060156
2 1 0.212811 0.312214 0.387343 0.037397 0.050235
2 2 0.145873 0.354677 0.388591 0.017469 0.093390
2 2 0.096487 0.318486 0.496537 0.012144 0.076346
1 2 0.320819 0.396095 0.220768 0.003058 0.059261
1 1 0.306675 0.398791 0.213797 0.005044 0.075692
1 1 0.268925 0.361388 0.311700 0.008246 0.049740
1 1 0.315938 0.391711 0.184938 0.009915 0.097497
1 1 0.299936 0.417945 0.158810 0.004344 0.118965
1 1 0.292119 0.405648 0.176038 0.007975 0.118221
0 1 0.430664 0.417950 0.065476 0.000177 0.085734
1 1 0.356251 0.410218 0.144050 0.002416 0.087064
1 1 0.326316 0.397732 0.178397 0.006486 0.091069
1 1 0.278272 0.368967 0.249354 0.020397 0.083009
1 1 0.329161 0.398509 0.170065 0.006533 0.095731
1 1 0.180293 0.408889 0.264246 0.011317 0.135255
1 1 0.212776 0.438255 0.209074 0.002928 0.136967
1 1 0.311378 0.390862 0.211512 0.007470 0.078779
1 1 0.298576 0.382819 0.221757 0.012296 0.084553
1 1 0.304101 0.385674 0.206844 0.012223 0.091158
1 1 0.328419 0.402642 0.189924 0.003720 0.075295
1 1 0.334196 0.400170 0.155875 0.006255 0.103505
1 1 0.110146 0.409021 0.266120 0.023763 0.190950
1 1 0.321307 0.347412 0.221182 0.015738 0.094362
1 1 0.272608 0.392520 0.252487 0.010721 0.071664
1 1 0.116047 0.424126 0.220439 0.012665 0.226724
1 1 0.152928 0.441937 0.199665 0.006906 0.198564
1 1 0.241279 0.403269 0.229428 0.013850 0.112175
1 1 0.091206 0.384407 0.259687 0.003854 0.260846
1 1 0.074371 0.401535 0.293647 0.010699 0.219748
1 1 0.087759 0.392526 0.380605 0.003290 0.135821
2 1 0.042125 0.301517 0.453644 0.042657 0.160057
1 1 0.036120 0.372572 0.246302 0.005644 0.339363
1 1 0.052252 0.414759 0.245173 0.001417 0.286398
1 1 0.069160 0.419491 0.232366 0.004223 0.274760
1 4 0.120924 0.427454 0.183263 0.000880 0.267479
1 4 0.036458 0.389206 0.208269 0.003353 0.362714
4 4 0.230066 0.130859 0.025085 0.000058 0.613932
4 4 0.142538 0.079664 0.007896 0.000037 0.769864
4 4 0.094444 0.037575 0.010192 0.000122 0.857667
4 4 0.158829 0.022866 0.006495 0.000067 0.811744
4 4 0.074804 0.022597 0.006269 0.000938 0.895392
4 4 0.137821 0.022632 0.010123 0.001893 0.827531
4 4 0.160937 0.025955 0.009949 0.003713 0.799446
4 4 0.439858 0.029457 0.006750 0.000206 0.523730
0 4 0.617467 0.030859 0.008467 0.000434 0.342774
4 4 0.333236 0.104853 0.022493 0.002507 0.536910
4 4 0.074224 0.199967 0.097620 0.007156 0.621032
1 4 0.091198 0.461978 0.123998 0.003843 0.318983
4 4 0.110119 0.287235 0.095029 0.003283 0.504335
0 4 0.431311 0.251733 0.065086 0.007314 0.244555
0 4 0.429527 0.101647 0.058872 0.002967 0.406987
4 4 0.031546 0.013015 0.002667 0.000063 0.952710
4 4 0.078932 0.010173 0.001839 0.000261 0.908796
4 4 0.039425 0.014634 0.003607 0.000066 0.942268
4 4 0.042216 0.004475 0.001815 0.000265 0.951230
4 4 0.032468 0.005087 0.001209 0.000578 0.960658
4 4 0.218539 0.259965 0.054176 0.002298 0.465022
4 4 0.171653 0.106597 0.035908 0.003192 0.682650
4 4 0.220782 0.149520 0.036783 0.001881 0.591034
4 4 0.122644 0.063602 0.032859 0.002801 0.778094
4 4 0.137339 0.091809 0.026475 0.001146 0.743232
4 4 0.075943 0.138440 0.079705 0.001830 0.704081
1 4 0.167699 0.368338 0.114164 0.003404 0.346394
4 4 0.148100 0.289134 0.110502 0.000524 0.451741
1 4 0.193868 0.479579 0.115008 0.002733 0.208813
4 4 0.075096 0.219354 0.111270 0.002221 0.592058
1 4 0.173326 0.405987 0.131475 0.006103 0.283109
4 4 0.057927 0.292926 0.196410 0.008770 0.443967
4 4 0.135306 0.320153 0.087184 0.002439 0.454919
1 4 0.062632 0.415185 0.172459 0.010938 0.338786
1 4 0.147066 0.445511 0.162793 0.013306 0.231324
2 4 0.072427 0.366696 0.403070 0.015043 0.142764
2 4 0.048873 0.299247 0.458382 0.050066 0.143432
2 4 0.035212 0.328811 0.435016 0.018568 0.182393
2 4 0.043060 0.329521 0.421351 0.020969 0.185098
2 4 0.051564 0.315015 0.437987 0.037594 0.157840
2 4 0.035199 0.229511 0.611967 0.037128 0.086195
2 1 0.019487 0.199724 0.623340 0.055100 0.102350
2 1 0.019271 0.198839 0.639616 0.043355 0.098919
2 1 0.013372 0.159829 0.665084 0.083362 0.078353
2 1 0.046976 0.226850 0.627571 0.033066 0.065537
1 1 0.125444 0.396754 0.331628 0.007420 0.138754
1 1 0.194481 0.428680 0.254301 0.003337 0.119202
1 1 0.083190 0.373444 0.355119 0.014635 0.173611
1 1 0.196662 0.440135 0.233771 0.009410 0.120022
1 1 0.062742 0.361869 0.347899 0.016947 0.210543
2 1 0.027507 0.170882 0.689530 0.060629 0.051451
2 2 0.024861 0.158041 0.689744 0.080641 0.046713
2 2 0.033585 0.172728 0.653653 0.091628 0.048407
2 2 0.021364 0.166372 0.677505 0.075179 0.059580
2 2 0.016231 0.157901 0.710353 0.052935 0.062579
2 2 0.011918 0.134855 0.748155 0.054295 0.050777
2 2 0.016851 0.142891 0.753659 0.042157 0.044442
2 2 0.013701 0.129058 0.805656 0.018171 0.033415
2 2 0.011038 0.110299 0.816065 0.033207 0.029391
2 2 0.032033 0.168977 0.699520 0.055915 0.043556
2 2 0.023538 0.114822 0.803385 0.042587 0.015668
2 2 0.007794 0.091883 0.857483 0.020271 0.022569
2 2 0.008139 0.102865 0.841043 0.018121 0.029832
2 2 0.006301 0.071482 0.885138 0.023379 0.013699
2 2 0.014166 0.116952 0.805577 0.034805 0.028500
2 2 0.008628 0.085544 0.847628 0.040234 0.017966
2 2 0.015083 0.083622 0.819883 0.069967 0.011445
2 2 0.006891 0.059822 0.874300 0.050669 0.008318
2 2 0.003277 0.049045 0.893158 0.045822 0.008698
2 2 0.007737 0.052475 0.878956 0.055428 0.005404
2 2 0.006495 0.044572 0.829257 0.115326 0.004350
2 2 0.007527 0.080956 0.812660 0.080561 0.018296
2 2 0.010844 0.064126 0.776887 0.140202 0.007941
2 2 0.006215 0.050333 0.863757 0.073808 0.005886
2 2 0.009504 0.072108 0.808685 0.098286 0.011416
2 2 0.000660 0.008452 0.852486 0.138059 0.000343
2 2 0.003340 0.025852 0.832168 0.136853 0.001787
2 2 0.001310 0.014621 0.864340 0.118910 0.000818
2 2 0.002912 0.025105 0.848567 0.121608 0.001807
2 2 0.000721 0.011275 0.841532 0.145789 0.000684
2 2 0.000790 0.008968 0.787476 0.202390 0.000376
2 2 0.001078 0.011741 0.812822 0.173784 0.000574
2 2 0.001193 0.012705 0.807348 0.178099 0.000655
2 3 0.001259 0.010948 0.780879 0.206472 0.000441
2 3 0.001178 0.014256 0.803835 0.179836 0.000895
2 3 0.000476 0.004866 0.635056 0.359463 0.000139
2 3 0.000776 0.007390 0.589459 0.402076 0.000300
2 3 0.000679 0.006258 0.582409 0.410435 0.000219
3 3 0.001201 0.006584 0.469289 0.522733 0.000193
2 3 0.000555 0.006163 0.600080 0.392961 0.000240
2 3 0.032014 0.086173 0.729798 0.145054 0.006960
2 3 0.015107 0.092160 0.714436 0.161415 0.016882
2 3 0.003680 0.051913 0.785869 0.147955 0.010583
2 3 0.010315 0.074089 0.773667 0.129914 0.012014
2 2 0.014997 0.106098 0.738017 0.117308 0.023580
2 2 0.002411 0.017726 0.730887 0.247993 0.000983
2 2 0.002319 0.025800 0.795801 0.173612 0.002468
2 2 0.001928 0.017358 0.684550 0.294987 0.001176
2 2 0.003998 0.019247 0.560599 0.415117 0.001039
2 2 0.000867 0.013347 0.794483 0.190335 0.000969
2 2 0.009904 0.077751 0.728470 0.168991 0.014884
2 2 0.016269 0.073502 0.690600 0.210433 0.009196
2 3 0.013624 0.077212 0.632240 0.263928 0.012996
2 3 0.120145 0.202714 0.597846 0.060209 0.019087
2 3 0.021613 0.099388 0.692838 0.170207 0.015954
2 3 0.001796 0.016952 0.759734 0.220455 0.001063
2 3 0.000881 0.011727 0.739513 0.247146 0.000732
2 3 0.002422 0.016823 0.647997 0.331804 0.000954
2 3 0.002883 0.023599 0.751475 0.220296 0.001747
2 3 0.001222 0.009766 0.681950 0.306681 0.000380
2 3 0.001286 0.015759 0.550071 0.431359 0.001524
2 3 0.003295 0.032222 0.650334 0.310134 0.004015
2 3 0.002343 0.020432 0.604104 0.371398 0.001722
2 3 0.001849 0.023223 0.568687 0.403200 0.003041
2 3 0.001803 0.022218 0.618337 0.355072 0.002570
3 3 0.000384 0.002508 0.266415 0.730631 0.000063
3 3 0.000329 0.001912 0.181920 0.815791 0.000048
3 3 0.000329 0.002037 0.197043 0.800539 0.000053
3 3 0.000245 0.001533 0.183053 0.815135 0.000034
3 3 0.000223 0.001682 0.200084 0.797969 0.000043
3 3 0.000113 0.000890 0.158976 0.840004 0.000017
3 3 0.000133 0.001509 0.258249 0.740069 0.000039
3 3 0.000171 0.001125 0.143111 0.855568 0.000025
3 3 0.000128 0.001189 0.181610 0.817043 0.000030
3 3 0.000244 0.001495 0.174150 0.824077 0.000033
3 3 0.000184 0.001230 0.084560 0.913980 0.000046
