0 0 0.693364 0.009673 0.000346 0.000000 0.296617
0 0 0.770068 0.010848 0.000372 0.000000 0.218712
0 0 0.857291 0.007624 0.000229 0.000000 0.134856
0 0 0.693046 0.011506 0.000353 0.000000 0.295095
0 0 0.853563 0.011264 0.000479 0.000000 0.134693
0 0 0.934805 0.007187 0.000307 0.000000 0.057701
0 0 0.892021 0.013179 0.000933 0.000001 0.093866
0 0 0.768211 0.016145 0.000694 0.000003 0.214948
0 0 0.674851 0.023570 0.001670 0.000007 0.299902
0 0 0.739153 0.019928 0.001057 0.000011 0.239851
0 0 0.866838 0.012432 0.000608 0.000001 0.120122
0 0 0.845492 0.012740 0.000595 0.000000 0.141173
0 0 0.831027 0.013110 0.000541 0.000001 0.155321
0 0 0.945355 0.005727 0.000203 0.000000 0.048715
0 0 0.920537 0.013340 0.001003 0.000006 0.065114
0 0 0.957339 0.006510 0.000281 0.000000 0.035869
4 0 0.351866 0.025183 0.001579 0.000020 0.621353
0 0 0.948734 0.004845 0.000129 0.000000 0.046292
0 0 0.793433 0.016277 0.000908 0.000001 0.189381
0 0 0.944595 0.006114 0.000229 0.000000 0.049063
0 0 0.861202 0.007056 0.000195 0.000000 0.131548
0 0 0.712181 0.015767 0.001013 0.000000 0.271040
0 0 0.907767 0.011004 0.000578 0.000001 0.080650
0 0 0.978694 0.002975 0.000073 0.000000 0.018258
0 0 0.919142 0.007323 0.000296 0.000000 0.073239
0 0 0.954966 0.008015 0.000496 0.000001 0.036523
0 0 0.969110 0.004878 0.000189 0.000000 0.025822
0 0 0.965903 0.005559 0.000244 0.000000 0.028294
0 0 0.926952 0.008862 0.000484 0.000000 0.063702
0 0 0.821804 0.017654 0.001182 0.000003 0.159357
0 0 0.931033 0.009727 0.000498 0.000001 0.058740
0 0 0.841053 0.014643 0.000804 0.000001 0.143499
0 0 0.954503 0.007295 0.000362 0.000000 0.037840
0 0 0.880664 0.008845 0.000302 0.000000 0.110188
0 0 0.976509 0.002437 0.000044 0.000000 0.021010
0 0 0.890212 0.015060 0.000940 0.000014 0.093775
0 0 0.934486 0.010298 0.000632 0.000002 0.054583
0 0 0.834415 0.016067 0.001328 0.000000 0.148189
0 0 0.921765 0.010015 0.000623 0.000000 0.067597
0 0 0.832587 0.017556 0.001244 0.000003 0.148610
0 0 0.735898 0.058084 0.006980 0.000026 0.199012
0 0 0.823561 0.031593 0.005342 0.000104 0.139401
0 0 0.696607 0.039044 0.005329 0.000436 0.258583
0 0 0.713471 0.038306 0.005661 0.000246 0.242316
0 0 0.700495 0.043848 0.007484 0.000726 0.247447
0 0 0.836928 0.020005 0.001805 0.000006 0.141257
0 0 0.776298 0.020114 0.001621 0.000002 0.201965
0 0 0.797001 0.018525 0.001443 0.000001 0.183031
0 0 0.903814 0.016578 0.001476 0.000017 0.078115
0 0 0.792253 0.019388 0.001404 0.000003 0.186952
0 0 0.839293 0.024683 0.002772 0.000050 0.133202
0 0 0.874102 0.021010 0.002050 0.000059 0.102779
0 0 0.864090 0.023406 0.002569 0.000092 0.109844
0 0 0.790049 0.032391 0.004400 0.000200 0.172960
0 0 0.860368 0.024330 0.002788 0.000107 0.112407
0 0 0.864009 0.023376 0.002798 0.000047 0.109769
0 0 0.865792 0.022808 0.002411 0.000084 0.108905
0 0 0.891101 0.020212 0.002288 0.000035 0.086363
0 0 0.928359 0.014625 0.001605 0.000006 0.055405
0 0 0.917486 0.015620 0.001566 0.000010 0.065318
0 0 0.929317 0.013311 0.001205 0.000005 0.056162
0 0 0.840773 0.024414 0.002447 0.000102 0.132264
0 0 0.885912 0.021492 0.002590 0.000045 0.089961
0 0 0.890218 0.022309 0.003318 0.000061 0.084094
0 0 0.761765 0.036482 0.006621 0.000462 0.194671
0 0 0.501435 0.035691 0.003874 0.000073 0.458928
4 0 0.433456 0.037206 0.004515 0.000064 0.524759
4 0 0.293457 0.030062 0.002907 0.000028 0.673545
4 0 0.450845 0.024780 0.001581 0.000006 0.522789
0 1 0.596500 0.058153 0.003354 0.000001 0.341992
2 1 0.064328 0.370572 0.532272 0.016667 0.016161
2 1 0.076077 0.414979 0.483062 0.009365 0.016517
2 2 0.025650 0.233939 0.648890 0.082214 0.009307
2 2 0.006958 0.058947 0.891345 0.037126 0.005624
2 2 0.001524 0.020141 0.957586 0.019104 0.001644
2 1 0.005878 0.068995 0.880157 0.043845 0.001125
2 2 0.001883 0.021706 0.914450 0.061556 0.000404
2 2 0.001400 0.010064 0.917721 0.070705 0.000110
2 2 0.000802 0.006595 0.879648 0.112865 0.000090
2 2 0.000544 0.005771 0.880605 0.112908 0.000172
2 2 0.064310 0.209638 0.689211 0.027038 0.009804
2 2 0.052232 0.211380 0.692874 0.033588 0.009926
2 0 0.193073 0.281613 0.501592 0.005142 0.018580
2 1 0.077636 0.418216 0.449315 0.027854 0.026979
2 2 0.016356 0.092452 0.806177 0.079770 0.005245
2 2 0.000348 0.004235 0.946036 0.049307 0.000074
2 2 0.000435 0.004729 0.872557 0.122193 0.000087
2 2 0.000537 0.006045 0.926976 0.066351 0.000090
2 2 0.000518 0.005481 0.800252 0.193623 0.000126
2 2 0.000506 0.003418 0.757441 0.238585 0.000050
2 2 0.011664 0.052918 0.523510 0.406978 0.004930
3 2 0.004264 0.020672 0.420818 0.551399 0.002848
2 2 0.115791 0.221610 0.637801 0.012660 0.012137
2 2 0.066637 0.261538 0.649172 0.012269 0.010384
2 2 0.158724 0.134938 0.668776 0.026596 0.010967
1 2 0.296294 0.323310 0.238710 0.036097 0.105589
1 2 0.282130 0.436630 0.189330 0.004347 0.087563
0 2 0.605199 0.151140 0.180770 0.005077 0.057813
0 0 0.624074 0.101091 0.073990 0.022105 0.178740
1 0 0.271788 0.515902 0.102363 0.003501 0.106447
2 1 0.019686 0.193104 0.711733 0.070257 0.005219
2 2 0.009880 0.128558 0.818431 0.040087 0.003043
2 2 0.000806 0.012684 0.962407 0.023364 0.000739
2 2 0.007901 0.050194 0.858906 0.081289 0.001709
2 2 0.000771 0.014800 0.948998 0.034748 0.000684
2 2 0.000380 0.004614 0.940832 0.054077 0.000097
2 2 0.000620 0.005435 0.845566 0.148242 0.000137
2 2 0.000731 0.008566 0.816382 0.174128 0.000193
2 2 0.000504 0.003681 0.755923 0.239819 0.000073
2 2 0.000965 0.007174 0.605436 0.386174 0.000251
3 3 0.000297 0.001356 0.349651 0.648677 0.000019
3 2 0.000352 0.001157 0.221968 0.776504 0.000020
3 2 0.000509 0.002080 0.312074 0.685297 0.000042
3 2 0.000260 0.001376 0.230916 0.767420 0.000030
3 2 0.000279 0.001532 0.270207 0.727940 0.000041
3 2 0.000714 0.004009 0.398234 0.596940 0.000104
3 2 0.000299 0.001286 0.183192 0.815172 0.000051
3 2 0.001146 0.004873 0.325764 0.668140 0.000078
3 2 0.000354 0.001811 0.278228 0.719552 0.000055
3 2 0.000478 0.002070 0.268134 0.729248 0.000070
3 3 0.000367 0.001247 0.167413 0.830935 0.000038
3 2 0.000469 0.001139 0.169185 0.829180 0.000028
3 2 0.000219 0.000912 0.176724 0.822121 0.000025
3 2 0.000381 0.001352 0.226147 0.772098 0.000023
3 2 0.000266 0.001011 0.251585 0.747128 0.000010
3 2 0.000204 0.000623 0.122738 0.876427 0.000008
3 2 0.000152 0.000416 0.099423 0.900001 0.000007
3 2 0.000256 0.000829 0.135617 0.863287 0.000011
3 2 0.000149 0.000402 0.087579 0.911865 0.000005
3 2 0.000149 0.000583 0.209608 0.789655 0.000006
3 2 0.000644 0.002407 0.154750 0.842109 0.000090
3 2 0.000447 0.001712 0.190816 0.806957 0.000068
3 2 0.000828 0.003035 0.181161 0.814846 0.000130
3 2 0.000748 0.001990 0.125240 0.871934 0.000087
3 2 0.001229 0.003810 0.200765 0.793966 0.000230
3 2 0.000124 0.000392 0.105341 0.894138 0.000005
3 2 0.000164 0.000492 0.136905 0.862431 0.000009
3 2 0.000129 0.000382 0.118332 0.881150 0.000007
3 2 0.000104 0.000332 0.089343 0.910212 0.000009
3 2 0.000167 0.000488 0.132653 0.866682 0.000010
3 2 0.000191 0.000431 0.065258 0.934107 0.000013
3 2 0.000233 0.000637 0.091242 0.907861 0.000027
3 3 0.000214 0.000546 0.085945 0.913278 0.000017
3 2 0.000170 0.000437 0.090740 0.908644 0.000009
3 2 0.000277 0.000848 0.088711 0.910145 0.000019
3 2 0.000287 0.000829 0.116007 0.882855 0.000021
3 2 0.000281 0.000644 0.092099 0.906960 0.000016
3 2 0.000228 0.000459 0.081328 0.917973 0.000012
3 3 0.000180 0.000450 0.069811 0.929547 0.000013
3 2 0.000286 0.000580 0.077289 0.921831 0.000014
3 2 0.000380 0.001029 0.093916 0.904631 0.000043
3 3 0.000545 0.001147 0.087912 0.910354 0.000042
3 3 0.000312 0.000995 0.109546 0.889109 0.000038
3 2 0.000363 0.000813 0.090060 0.908728 0.000035
3 2 0.000364 0.000968 0.095967 0.902648 0.000052
3 2 0.000499 0.000904 0.105159 0.893413 0.000025
3 3 0.000288 0.000854 0.083221 0.915600 0.000037
3 3 0.000420 0.001063 0.091405 0.907065 0.000048
3 2 0.000324 0.000912 0.101465 0.897260 0.000039
3 2 0.000401 0.000961 0.100041 0.898558 0.000039
3 2 0.000403 0.000731 0.085462 0.913384 0.000021
3 2 0.000245 0.000599 0.085056 0.914080 0.000019
3 2 0.000323 0.000977 0.153956 0.844720 0.000025
3 2 0.000362 0.000998 0.090803 0.907811 0.000025
3 2 0.000401 0.001097 0.113160 0.885309 0.000034
3 2 0.000218 0.000454 0.061302 0.938011 0.000016
3 2 0.000378 0.000740 0.065774 0.933075 0.000033
3 2 0.000269 0.000603 0.060990 0.938116 0.000023
3 2 0.000748 0.002136 0.124039 0.873014 0.000064
3 2 0.000342 0.000685 0.070274 0.928663 0.000037
3 2 0.000282 0.000831 0.098792 0.900068 0.000028
3 2 0.000183 0.000493 0.061242 0.938064 0.000019
3 2 0.000360 0.001047 0.111211 0.887355 0.000027
3 2 0.000170 0.000655 0.091789 0.907370 0.000016
3 2 0.000281 0.000800 0.099252 0.899634 0.000033
3 2 0.000146 0.000371 0.089058 0.910419 0.000006
3 2 0.000145 0.000364 0.069625 0.929856 0.000011
3 2 0.000281 0.000588 0.091417 0.907701 0.000012
3 2 0.000223 0.000465 0.087837 0.911467 0.000008
3 2 0.000168 0.000287 0.134134 0.865408 0.000003
3 2 0.010862 0.024720 0.095243 0.861809 0.007366
3 2 0.013105 0.022773 0.154665 0.802690 0.006767
3 2 0.095529 0.100689 0.218388 0.548285 0.037110
2 0 0.123473 0.247612 0.599365 0.013610 0.015940
2 0 0.176367 0.237916 0.521306 0.037110 0.027301
1 1 0.239563 0.352978 0.342189 0.015242 0.050028
1 1 0.090014 0.629244 0.243137 0.002535 0.035070
1 1 0.103484 0.556185 0.279484 0.010191 0.050656
1 2 0.128536 0.515044 0.300248 0.007757 0.048416
2 2 0.122984 0.201255 0.613322 0.043159 0.019280
2 2 0.046896 0.316876 0.618886 0.006932 0.010409
2 2 0.029527 0.173336 0.756063 0.025641 0.015433
2 2 0.074790 0.395925 0.500381 0.008127 0.020778
2 2 0.051030 0.378809 0.544063 0.006036 0.020062
2 4 0.033783 0.397977 0.519983 0.002571 0.045686
1 4 0.081261 0.565341 0.295253 0.000325 0.057819
2 4 0.022915 0.344100 0.437828 0.000353 0.194804
1 4 0.039805 0.467755 0.348061 0.000072 0.144308
1 4 0.057631 0.466963 0.380889 0.000525 0.093993
1 4 0.060190 0.487268 0.339835 0.000198 0.112509
1 4 0.039730 0.473514 0.376879 0.000158 0.109719
2 4 0.008501 0.211887 0.511591 0.001714 0.266308
2 4 0.022680 0.418035 0.420745 0.000097 0.138443
2 4 0.022186 0.393537 0.445839 0.000341 0.138098
2 4 0.016302 0.385033 0.461029 0.000299 0.137337
1 4 0.080925 0.466130 0.327958 0.000332 0.124655
1 4 0.067721 0.502078 0.325346 0.000740 0.104116
1 4 0.111639 0.525619 0.267420 0.000215 0.095107
2 4 0.028543 0.328106 0.357204 0.003871 0.282276
1 4 0.062854 0.455404 0.309821 0.000094 0.171827
1 4 0.048935 0.446445 0.364560 0.000188 0.139872
1 4 0.053332 0.472427 0.310779 0.000060 0.163401
1 4 0.058267 0.509416 0.301163 0.000063 0.131091
1 4 0.050710 0.566927 0.333366 0.000237 0.048759
1 4 0.052304 0.446748 0.333530 0.000103 0.167316
2 4 0.038742 0.434254 0.503245 0.002520 0.021238
1 4 0.042622 0.485292 0.454229 0.002489 0.015368
2 4 0.021745 0.283384 0.672161 0.004065 0.018644
2 2 0.021122 0.220403 0.738865 0.006758 0.012852
2 2 0.011501 0.178057 0.796322 0.002384 0.011735
2 2 0.005236 0.059425 0.884208 0.050375 0.000756
2 2 0.003577 0.043646 0.913694 0.038632 0.000451
2 2 0.001264 0.026129 0.950783 0.021407 0.000418
2 2 0.000862 0.015099 0.955911 0.027970 0.000158
2 2 0.001898 0.023705 0.936997 0.037006 0.000394
2 2 0.002213 0.028073 0.927547 0.041832 0.000335
2 2 0.001513 0.018596 0.941884 0.037726 0.000281
2 2 0.001758 0.016503 0.931852 0.049629 0.000258
2 2 0.002593 0.026509 0.926214 0.044158 0.000526
2 2 0.076107 0.213134 0.698093 0.006614 0.006052
2 2 0.362981 0.204550 0.381390 0.012471 0.038608
2 2 0.273084 0.184860 0.487147 0.024719 0.030190
0 2 0.445870 0.190300 0.317815 0.007365 0.038650
1 2 0.227103 0.366019 0.286366 0.042185 0.078326
1 2 0.161549 0.480718 0.294654 0.010746 0.052334
2 2 0.045752 0.298309 0.573845 0.067263 0.014830
2 2 0.043722 0.209192 0.680859 0.057766 0.008461
2 2 0.026619 0.208984 0.623866 0.131788 0.008743
2 2 0.042890 0.136663 0.731855 0.081582 0.007011
2 2 0.087811 0.249596 0.642450 0.009719 0.010425
2 2 0.127566 0.151765 0.663664 0.043120 0.013885
2 2 0.170599 0.311661 0.485809 0.007597 0.024334
1 0 0.226556 0.369158 0.336066 0.015556 0.052664
1 1 0.120258 0.573895 0.260888 0.004011 0.040948
1 1 0.130697 0.466454 0.339644 0.017793 0.045412
1 2 0.157894 0.454685 0.329475 0.010047 0.047899
1 2 0.169997 0.469999 0.287024 0.011910 0.061070
1 2 0.133099 0.602935 0.206932 0.003681 0.053353
1 2 0.227801 0.441085 0.289926 0.001739 0.039449
2 2 0.231357 0.362298 0.363127 0.005050 0.038168
1 2 0.320959 0.451084 0.158532 0.000891 0.068533
0 2 0.392063 0.363684 0.168071 0.001426 0.074756
0 0 0.507912 0.230550 0.192812 0.003589 0.065136
1 1 0.173016 0.551428 0.150363 0.018699 0.106494
1 1 0.195771 0.510649 0.181644 0.013920 0.098015
2 1 0.065649 0.330342 0.596445 0.001699 0.005865
2 1 0.014737 0.213545 0.761997 0.007433 0.002288
2 2 0.000389 0.010692 0.977804 0.010796 0.000320
2 2 0.000648 0.015588 0.969016 0.014368 0.000380
2 2 0.001237 0.025686 0.952454 0.020147 0.000476
2 2 0.006087 0.045959 0.893699 0.052515 0.001741
2 2 0.008862 0.092566 0.858695 0.035343 0.004534
2 2 0.004929 0.051466 0.905542 0.035953 0.002111
2 2 0.068301 0.297067 0.620594 0.005345 0.008694
2 2 0.063625 0.372136 0.553241 0.002431 0.008566
0 2 0.404822 0.251686 0.301683 0.003574 0.038235
2 2 0.185487 0.294702 0.490281 0.006911 0.022619
2 2 0.227964 0.270248 0.468767 0.007622 0.025399
2 2 0.210309 0.284166 0.472946 0.007432 0.025148
2 2 0.212723 0.266879 0.447677 0.033658 0.039063
2 2 0.059627 0.235681 0.489198 0.194576 0.020918
2 2 0.007517 0.060857 0.888070 0.038922 0.004634
2 2 0.023716 0.089629 0.832067 0.050834 0.003754
2 2 0.147330 0.299411 0.526956 0.007459 0.018844
2 2 0.014547 0.079644 0.865039 0.037750 0.003020
2 2 0.001178 0.009590 0.929236 0.059739 0.000258
2 2 0.001275 0.016146 0.951366 0.030843 0.000369
2 2 0.003410 0.031543 0.918933 0.045262 0.000851
2 2 0.001358 0.008703 0.940442 0.049134 0.000363
2 2 0.117700 0.338141 0.535396 0.001078 0.007684
2 2 0.192983 0.256216 0.510762 0.013938 0.026101
2 2 0.295081 0.293122 0.369363 0.005546 0.036888
1 2 0.190561 0.470999 0.220635 0.031469 0.086336
1 2 0.117781 0.581208 0.220220 0.014013 0.066779
1 2 0.144373 0.410721 0.342685 0.043763 0.058457
2 2 0.020307 0.180196 0.783574 0.013037 0.002886
2 2 0.005379 0.087948 0.880259 0.022929 0.003485
2 2 0.011633 0.123970 0.847001 0.014085 0.003310
2 2 0.004539 0.064297 0.901718 0.027130 0.002316
2 2 0.007954 0.085465 0.887179 0.017436 0.001965
2 2 0.001119 0.021394 0.954971 0.022145 0.000371
2 2 0.001812 0.032731 0.940346 0.024513 0.000598
2 2 0.002171 0.044383 0.936910 0.015918 0.000617
2 2 0.001399 0.026979 0.949890 0.021170 0.000562
2 2 0.002144 0.049949 0.925963 0.021248 0.000696
2 2 0.000940 0.024778 0.957965 0.015909 0.000408
2 2 0.001271 0.017787 0.949599 0.031040 0.000302
2 2 0.002043 0.043761 0.930863 0.022696 0.000637
2 2 0.001351 0.026554 0.951003 0.020528 0.000564
2 2 0.004423 0.066457 0.894696 0.033379 0.001046
2 2 0.214735 0.216078 0.516360 0.023921 0.028906
2 2 0.317197 0.321842 0.324639 0.002441 0.033881
2 2 0.330814 0.230186 0.392815 0.009874 0.036311
2 2 0.274550 0.240325 0.442646 0.011051 0.031428
2 0 0.213426 0.326370 0.425820 0.005395 0.028989
0 0 0.632060 0.177016 0.084306 0.004666 0.101952
0 0 0.570413 0.328768 0.042214 0.000026 0.058579
1 0 0.371853 0.458403 0.113014 0.000175 0.056555
1 1 0.399802 0.458579 0.089857 0.000074 0.051688
1 1 0.359136 0.481758 0.107219 0.000119 0.051768
2 1 0.039780 0.314657 0.630056 0.007576 0.007932
2 2 0.024661 0.109267 0.808425 0.054287 0.003361
2 2 0.042757 0.259325 0.681416 0.009729 0.006773
2 2 0.024933 0.185817 0.767057 0.018222 0.003971
2 2 0.028183 0.175706 0.772620 0.019416 0.004074
2 2 0.148520 0.243855 0.572443 0.015601 0.019581
2 2 0.120423 0.338601 0.498963 0.015016 0.026996
1 2 0.177005 0.428595 0.365091 0.002060 0.027249
1 0 0.104859 0.524567 0.324861 0.006918 0.038795
1 1 0.079005 0.610856 0.261887 0.007480 0.040772
2 2 0.015281 0.146542 0.809077 0.025816 0.003283
2 2 0.002146 0.051728 0.928686 0.016018 0.001423
2 2 0.002927 0.047110 0.923905 0.024689 0.001369
2 2 0.003738 0.034740 0.920908 0.039184 0.001430
2 2 0.005648 0.076946 0.891662 0.024190 0.001554
2 2 0.000735 0.006153 0.950218 0.042753 0.000141
2 2 0.003257 0.045532 0.897889 0.052513 0.000809
2 2 0.001389 0.019121 0.950312 0.028742 0.000436
2 2 0.001868 0.020787 0.936777 0.040192 0.000376
2 2 0.001020 0.011762 0.948159 0.038803 0.000256
2 2 0.003717 0.037965 0.871483 0.085428 0.001407
2 2 0.001314 0.011364 0.934867 0.052284 0.000172
2 2 0.003769 0.020809 0.807904 0.167007 0.000511
2 2 0.002332 0.014581 0.879618 0.103016 0.000454
2 1 0.079443 0.304817 0.603401 0.003778 0.008561
2 1 0.004633 0.049709 0.887367 0.057805 0.000486
2 2 0.002533 0.022733 0.907000 0.067541 0.000192
2 1 0.004040 0.036623 0.890524 0.068473 0.000341
2 2 0.003198 0.026333 0.895327 0.074913 0.000229
2 2 0.003624 0.035665 0.895810 0.064600 0.000300
2 2 0.140645 0.254102 0.568856 0.016059 0.020339
1 2 0.193558 0.384467 0.382119 0.004660 0.035197
1 2 0.312130 0.431790 0.208763 0.000779 0.046538
1 2 0.172586 0.499759 0.286485 0.001731 0.039440
1 2 0.212544 0.399915 0.351697 0.002702 0.033141
1 2 0.107643 0.533619 0.328385 0.001972 0.028381
1 1 0.128914 0.492029 0.290787 0.029856 0.058415
1 1 0.105372 0.564377 0.250305 0.018099 0.061847
1 1 0.083352 0.611119 0.251589 0.008929 0.045012
2 2 0.070231 0.256652 0.612487 0.019219 0.041412
2 2 0.025824 0.173734 0.775661 0.019178 0.005603
2 2 0.002284 0.037198 0.941899 0.015015 0.003603
2 2 0.023788 0.178685 0.769436 0.013527 0.014565
2 2 0.057450 0.410574 0.500386 0.011910 0.019679
2 1 0.041257 0.371060 0.553734 0.020261 0.013688
2 2 0.021791 0.147230 0.807155 0.017950 0.005874
2 2 0.026453 0.279594 0.677559 0.005621 0.010774
2 2 0.012958 0.174018 0.794864 0.007754 0.010405
2 2 0.033654 0.260961 0.678137 0.019202 0.008046
2 2 0.006547 0.072698 0.899411 0.016486 0.004858
2 2 0.004606 0.046525 0.907590 0.040586 0.000693
2 2 0.001488 0.016393 0.946137 0.035589 0.000393
2 2 0.002138 0.019143 0.926195 0.052204 0.000319
2 2 0.011333 0.059590 0.689107 0.238072 0.001898
2 1 0.079014 0.259556 0.649128 0.004933 0.007369
1 1 0.286413 0.359475 0.269874 0.015205 0.069033
1 1 0.102350 0.613889 0.241074 0.002942 0.039744
1 1 0.101031 0.562782 0.300768 0.003047 0.032372
1 1 0.121289 0.421006 0.393129 0.022289 0.042288
2 2 0.088847 0.253114 0.626876 0.016902 0.014260
2 2 0.036524 0.240744 0.710712 0.007298 0.004722
2 2 0.003269 0.050560 0.921704 0.022985 0.001483
2 2 0.009116 0.083813 0.876429 0.027979 0.002662
2 2 0.028685 0.235040 0.720189 0.011247 0.004839
2 2 0.063360 0.282007 0.636756 0.008436 0.009440
0 0 0.332914 0.287461 0.299907 0.017458 0.062260
1 0 0.286661 0.399449 0.229267 0.008368 0.076254
1 1 0.143152 0.552882 0.208052 0.016111 0.079804
1 1 0.136024 0.587470 0.204913 0.007277 0.064316
1 1 0.126112 0.554070 0.230217 0.017606 0.071995
0 0 0.411886 0.346295 0.131272 0.002867 0.107679
0 0 0.454389 0.075097 0.033347 0.009887 0.427280
1 0 0.367429 0.390621 0.064419 0.007338 0.170194
0 1 0.357701 0.320464 0.080236 0.000082 0.241517
0 1 0.405344 0.188328 0.065664 0.000149 0.340515
0 0 0.809620 0.027932 0.001906 0.000003 0.160538
0 0 0.796683 0.055150 0.002488 0.000001 0.145678
0 0 0.721841 0.032870 0.004198 0.000059 0.241033
0 0 0.787100 0.022831 0.001613 0.000001 0.188456
0 0 0.739066 0.057281 0.003229 0.000003 0.200421
0 0 0.619993 0.224378 0.031251 0.000424 0.123954
0 0 0.565032 0.264604 0.050190 0.000713 0.119461
0 0 0.514845 0.240268 0.051398 0.006156 0.187333
0 0 0.634619 0.150580 0.030193 0.002914 0.181694
0 0 0.613795 0.164967 0.028069 0.003027 0.190142
0 0 0.892784 0.031132 0.003610 0.000018 0.072457
0 0 0.830292 0.032637 0.004792 0.000299 0.131980
0 0 0.797539 0.038468 0.003380 0.000029 0.160584
0 0 0.729044 0.030403 0.002243 0.000127 0.238183
0 0 0.814654 0.046507 0.004583 0.000137 0.134119
0 0 0.578577 0.152235 0.027865 0.008602 0.232722
0 0 0.673274 0.125080 0.020803 0.001841 0.179001
0 0 0.495250 0.261218 0.038469 0.005265 0.199798
0 0 0.497002 0.280072 0.041844 0.003372 0.177710
0 1 0.443869 0.360710 0.055296 0.001789 0.138336
1 1 0.125661 0.427110 0.332977 0.001700 0.112552
1 0 0.147536 0.548192 0.207178 0.011928 0.085166
1 1 0.098719 0.502773 0.310373 0.002963 0.085173
1 1 0.085108 0.551529 0.281831 0.019736 0.061796
1 1 0.104946 0.535179 0.265735 0.008178 0.085962
2 1 0.025675 0.171642 0.754490 0.043715 0.004478
2 2 0.028967 0.264461 0.686356 0.014644 0.005572
2 2 0.002210 0.035433 0.939031 0.021279 0.002046
2 2 0.002812 0.033374 0.927864 0.035096 0.000854
2 2 0.004117 0.045979 0.908495 0.040337 0.001071
2 2 0.003772 0.032513 0.923261 0.038743 0.001712
2 2 0.018349 0.079426 0.854613 0.044551 0.003061
2 2 0.055312 0.289445 0.644230 0.004447 0.006568
2 2 0.023779 0.093446 0.834616 0.045719 0.002440
2 2 0.076831 0.281426 0.629577 0.004367 0.007799
2 2 0.002118 0.015707 0.911927 0.070058 0.000190
2 2 0.003103 0.029245 0.914844 0.052327 0.000481
2 2 0.007242 0.044798 0.858884 0.088371 0.000704
2 2 0.001194 0.012929 0.948196 0.037422 0.000259
2 2 0.056162 0.279066 0.657605 0.002471 0.004696
2 2 0.004059 0.037271 0.919052 0.037815 0.001802
2 2 0.010133 0.050510 0.841188 0.097007 0.001163
2 2 0.009654 0.065166 0.797469 0.124809 0.002901
2 2 0.035625 0.139040 0.781199 0.039253 0.004883
2 0 0.251041 0.228435 0.499476 0.004719 0.016328
1 1 0.247110 0.481549 0.137046 0.012508 0.121788
1 1 0.143531 0.563176 0.181611 0.021094 0.090588
1 1 0.180485 0.531499 0.174393 0.015590 0.098033
1 0 0.217918 0.457850 0.149105 0.035781 0.139345
1 1 0.154464 0.520661 0.174715 0.039470 0.110691
1 1 0.045102 0.455553 0.396077 0.009727 0.093542
1 1 0.066315 0.479206 0.335593 0.018267 0.100619
1 1 0.051560 0.448680 0.376132 0.008402 0.115226
2 1 0.037082 0.410390 0.429919 0.007450 0.115158
2 2 0.045330 0.333149 0.518601 0.007004 0.095916
2 2 0.003255 0.027921 0.910210 0.058164 0.000450
2 2 0.001368 0.013380 0.946998 0.037892 0.000362
2 2 0.003823 0.038432 0.908786 0.048246 0.000712
2 2 0.003105 0.027604 0.910853 0.058039 0.000399
2 2 0.000949 0.011862 0.959789 0.027040 0.000361
2 2 0.014577 0.063335 0.872546 0.044173 0.005369
2 2 0.095476 0.197340 0.662863 0.030881 0.013439
2 2 0.238277 0.281543 0.454890 0.004122 0.021168
2 0 0.159833 0.316984 0.498345 0.005286 0.019552
1 1 0.085977 0.478975 0.375074 0.024626 0.035348
1 1 0.152843 0.532977 0.184983 0.028981 0.100216
1 2 0.182120 0.500875 0.186650 0.024429 0.105927
1 2 0.279447 0.449125 0.176753 0.004393 0.090283
0 0 0.406074 0.303824 0.226457 0.002903 0.060742
0 0 0.454049 0.180877 0.151787 0.026296 0.186991
1 0 0.150767 0.457049 0.162974 0.095529 0.133681
1 1 0.110504 0.578814 0.204052 0.028172 0.078459
1 1 0.114066 0.462053 0.203651 0.079621 0.140609
1 1 0.081690 0.441118 0.318527 0.016647 0.142018
1 1 0.083803 0.485177 0.294894 0.028680 0.107446
2 1 0.033100 0.355051 0.430850 0.000825 0.180173
2 1 0.024975 0.342492 0.414699 0.000135 0.217699
2 4 0.029503 0.375048 0.403957 0.002192 0.189301
2 4 0.028110 0.347426 0.396951 0.000123 0.227390
1 4 0.037254 0.447128 0.364511 0.002074 0.149034
4 4 0.103589 0.212801 0.089896 0.023859 0.569856
4 4 0.133144 0.142231 0.054172 0.002376 0.668076
4 4 0.171830 0.097601 0.030354 0.015097 0.685118
4 4 0.312841 0.207492 0.045315 0.000110 0.434243
4 4 0.130834 0.081402 0.022697 0.044177 0.720890
4 4 0.130220 0.317109 0.122357 0.062939 0.367374
4 4 0.128331 0.167459 0.069778 0.060442 0.573989
4 4 0.336251 0.264883 0.059117 0.002012 0.337737
4 4 0.133990 0.135392 0.097595 0.000049 0.632974
4 4 0.227357 0.298133 0.085792 0.019070 0.369648
4 4 0.112317 0.098872 0.038336 0.008626 0.741849
4 4 0.069963 0.142059 0.105872 0.000033 0.682073
4 4 0.134087 0.316284 0.108132 0.000149 0.441349
4 4 0.109321 0.195787 0.097936 0.000006 0.596950
4 4 0.068107 0.091862 0.043846 0.035143 0.761042
4 4 0.172536 0.283375 0.073027 0.000059 0.471003
4 4 0.046130 0.042809 0.026968 0.000738 0.883355
4 4 0.106149 0.079847 0.030142 0.000473 0.783390
4 4 0.109681 0.194158 0.076327 0.000084 0.619750
4 4 0.071185 0.088248 0.042697 0.001077 0.796793
4 4 0.208080 0.205176 0.073680 0.000015 0.513049
4 4 0.098726 0.061057 0.019972 0.003926 0.816319
4 4 0.155805 0.149357 0.033044 0.000242 0.661552
4 4 0.261502 0.241209 0.047316 0.001749 0.448223
4 4 0.130229 0.136301 0.035945 0.001898 0.695628
4 4 0.228447 0.263958 0.078937 0.000267 0.428390
4 4 0.101815 0.189921 0.124148 0.000021 0.584094
4 4 0.126515 0.289622 0.134666 0.000011 0.449186
4 4 0.085463 0.229081 0.115597 0.000212 0.569646
4 0 0.210379 0.198685 0.054242 0.000100 0.536594
2 4 0.036172 0.278853 0.364234 0.001240 0.319501
1 4 0.089671 0.490932 0.264674 0.004297 0.150426
1 4 0.078056 0.465715 0.283453 0.002474 0.170303
1 4 0.069458 0.463180 0.260141 0.030557 0.176663
4 4 0.053002 0.303444 0.257661 0.074830 0.311063
4 4 0.206818 0.152347 0.031655 0.000075 0.609106
4 4 0.144806 0.105516 0.023012 0.000973 0.725693
4 4 0.142058 0.121684 0.042203 0.000002 0.694052
4 4 0.062778 0.047567 0.030976 0.000073 0.858607
4 4 0.132549 0.070289 0.016870 0.000731 0.779561
4 4 0.109771 0.150158 0.092251 0.000014 0.647806
4 4 0.106848 0.171069 0.117158 0.000027 0.604897
4 4 0.072751 0.104302 0.061171 0.012366 0.749410
4 4 0.080347 0.138949 0.067761 0.010731 0.702213
4 4 0.091768 0.146539 0.054066 0.007867 0.699761
4 4 0.167498 0.107833 0.043833 0.000136 0.680700
4 4 0.203843 0.176323 0.051470 0.011301 0.557063
4 4 0.152140 0.130608 0.033909 0.005064 0.678280
4 4 0.246929 0.139103 0.030395 0.014126 0.569447
4 4 0.258573 0.176973 0.039170 0.008180 0.517103
4 4 0.307476 0.310338 0.046033 0.000328 0.335825
4 4 0.211951 0.300597 0.082108 0.000008 0.405336
4 4 0.095794 0.148615 0.053776 0.002362 0.699452
4 4 0.154817 0.187931 0.075637 0.000376 0.581240
4 4 0.123600 0.071819 0.022939 0.005065 0.776577
4 4 0.165142 0.137767 0.027116 0.001561 0.668414
4 4 0.090601 0.086880 0.030761 0.000044 0.791714
4 4 0.109001 0.159286 0.086585 0.000008 0.645120
4 4 0.133085 0.239161 0.071025 0.000082 0.556646
4 4 0.093914 0.063888 0.019685 0.003553 0.818959
4 4 0.251528 0.130093 0.039901 0.013454 0.565025
4 4 0.189430 0.111983 0.037945 0.017768 0.642874
4 4 0.125942 0.179094 0.108919 0.000052 0.585993
4 4 0.157107 0.290186 0.109918 0.000831 0.441959
4 4 0.168101 0.240972 0.093079 0.006333 0.491515
4 4 0.106812 0.277185 0.184058 0.000424 0.431522
4 4 0.102190 0.237033 0.187989 0.000460 0.472328
4 4 0.096450 0.195488 0.087371 0.094280 0.526410
4 4 0.089623 0.126738 0.065516 0.065096 0.653026
1 4 0.231723 0.345845 0.123114 0.011837 0.287481
1 4 0.231583 0.376623 0.145305 0.000312 0.246177
4 4 0.078774 0.210376 0.193316 0.000237 0.517298
4 4 0.047322 0.179386 0.143156 0.017107 0.613028
4 4 0.070916 0.281785 0.218704 0.000044 0.428551
4 4 0.048696 0.209909 0.186509 0.000022 0.554864
4 4 0.041401 0.213957 0.272342 0.000125 0.472175
4 4 0.051582 0.262598 0.217347 0.019270 0.449202
4 4 0.088361 0.302717 0.156050 0.001413 0.451460
4 4 0.058411 0.211407 0.231687 0.000115 0.498381
4 4 0.038002 0.212318 0.276980 0.000116 0.472583
2 4 0.021945 0.238472 0.469342 0.000725 0.269517
1 4 0.053439 0.413223 0.381964 0.000367 0.151008
1 4 0.118118 0.446079 0.276231 0.000266 0.159307
1 4 0.104438 0.531249 0.259647 0.000130 0.104536
1 4 0.052815 0.441033 0.348562 0.000155 0.157435
1 0 0.257955 0.512165 0.177726 0.000535 0.051620
1 1 0.290164 0.525055 0.119069 0.000055 0.065657
1 1 0.186147 0.529376 0.171399 0.000051 0.113027
1 1 0.215996 0.566551 0.149080 0.000058 0.068314
1 1 0.198620 0.589106 0.152811 0.000057 0.059405
1 1 0.108277 0.536757 0.270302 0.000330 0.084334
1 1 0.101277 0.504290 0.270965 0.000147 0.123321
1 1 0.120191 0.455811 0.255383 0.000153 0.168462
1 1 0.137765 0.641792 0.184887 0.000522 0.035033
1 1 0.089312 0.538719 0.269208 0.001506 0.101255
2 1 0.017802 0.364245 0.588721 0.002082 0.027151
2 2 0.003230 0.065618 0.913744 0.012646 0.004762
2 2 0.017085 0.301820 0.658867 0.002604 0.019624
2 2 0.013437 0.245667 0.726336 0.002947 0.011613
2 2 0.008583 0.142215 0.836111 0.007831 0.005260
2 2 0.001061 0.022374 0.959104 0.016845 0.000615
2 2 0.001302 0.032937 0.951134 0.013567 0.001060
2 2 0.000491 0.010521 0.974394 0.014271 0.000323
2 2 0.001506 0.032018 0.948895 0.016558 0.001023
2 2 0.000950 0.018400 0.959981 0.020301 0.000368
2 2 0.001304 0.028467 0.952837 0.016593 0.000798
2 2 0.001728 0.031840 0.943670 0.022034 0.000727
2 2 0.042676 0.388283 0.561379 0.001700 0.005962
2 2 0.000703 0.021379 0.966985 0.010223 0.000711
2 2 0.000765 0.010865 0.966581 0.021381 0.000407
2 2 0.001779 0.023653 0.942410 0.031659 0.000499
2 2 0.000276 0.004348 0.974494 0.020795 0.000087
2 2 0.000685 0.008057 0.961456 0.029605 0.000197
2 2 0.000622 0.007007 0.959178 0.032993 0.000200
2 2 0.000444 0.005757 0.970216 0.023411 0.000172
2 2 0.000706 0.011598 0.967275 0.020087 0.000334
2 2 0.001020 0.013327 0.938865 0.046296 0.000491
2 2 0.001988 0.030016 0.923988 0.043017 0.000992
2 2 0.000730 0.009914 0.962369 0.026766 0.000221
2 2 0.000486 0.006226 0.939443 0.053700 0.000145
2 2 0.001036 0.009489 0.915644 0.073545 0.000286
2 2 0.001068 0.011510 0.923038 0.063937 0.000447
2 2 0.000667 0.006020 0.949693 0.043490 0.000130
2 2 0.005160 0.060713 0.886557 0.046711 0.000859
2 2 0.002722 0.030802 0.922741 0.043238 0.000497
2 2 0.089807 0.325242 0.563077 0.007259 0.014615
2 2 0.045738 0.115096 0.786049 0.036917 0.016199
2 1 0.122847 0.317064 0.532925 0.008111 0.019053
2 1 0.077844 0.335681 0.566560 0.006622 0.013293
2 1 0.106454 0.343148 0.527486 0.006003 0.016910
2 1 0.004000 0.069336 0.901067 0.023585 0.002012
2 2 0.004359 0.078075 0.895231 0.020054 0.002282
2 2 0.006887 0.068639 0.880113 0.042104 0.002257
2 2 0.012835 0.150658 0.819098 0.014484 0.002925
2 2 0.002897 0.052029 0.923212 0.019851 0.002011
2 2 0.001650 0.031531 0.943450 0.022785 0.000583
2 2 0.005297 0.100294 0.880258 0.012526 0.001624
2 2 0.001963 0.047599 0.931348 0.018209 0.000882
2 2 0.000551 0.013966 0.970078 0.015167 0.000238
2 2 0.001260 0.026788 0.952294 0.019117 0.000541
2 2 0.000756 0.012029 0.964062 0.022881 0.000272
2 2 0.000749 0.011166 0.962802 0.025049 0.000234
2 2 0.001429 0.016353 0.921873 0.059892 0.000454
2 2 0.001363 0.014552 0.856048 0.127537 0.000499
2 2 0.000761 0.008994 0.948612 0.041450 0.000183
2 2 0.000859 0.006242 0.906130 0.086685 0.000083
2 2 0.001200 0.011157 0.897518 0.089884 0.000242
2 1 0.007205 0.048710 0.838775 0.104399 0.000911
2 2 0.000679 0.006379 0.932044 0.060794 0.000104
2 2 0.001179 0.011410 0.851205 0.135809 0.000396
2 2 0.000921 0.006721 0.743984 0.248130 0.000245
2 2 0.000918 0.008744 0.787976 0.202024 0.000338
2 2 0.000389 0.004108 0.799085 0.196307 0.000111
2 2 0.000744 0.007132 0.855015 0.136890 0.000219
2 2 0.000914 0.006099 0.656630 0.336117 0.000240
2 2 0.000596 0.003988 0.578502 0.416814 0.000100
2 2 0.000767 0.004890 0.647845 0.346370 0.000129
2 2 0.001059 0.005954 0.579737 0.413098 0.000152
2 2 0.000974 0.005090 0.641376 0.352442 0.000118
2 2 0.001009 0.007488 0.716489 0.274795 0.000219
2 2 0.001090 0.007818 0.687555 0.303294 0.000242
2 2 0.001331 0.009516 0.625349 0.363557 0.000247
2 2 0.001017 0.004988 0.527254 0.466540 0.000200
2 2 0.000517 0.003895 0.650442 0.345024 0.000123
2 2 0.000987 0.005558 0.499233 0.493979 0.000243
2 2 0.000557 0.003189 0.631378 0.364815 0.000061
3 2 0.001645 0.008824 0.466780 0.522607 0.000143
2 2 0.001209 0.007633 0.685191 0.305790 0.000177
2 2 0.001735 0.008106 0.538462 0.451532 0.000164
2 2 0.000987 0.006075 0.650933 0.341890 0.000115
2 2 0.003492 0.020605 0.590620 0.383965 0.001319
2 2 0.003069 0.017777 0.513741 0.464295 0.001119
2 2 0.005343 0.036533 0.619567 0.337308 0.001249
2 2 0.003971 0.030238 0.711660 0.252410 0.001721
2 2 0.012341 0.081604 0.674460 0.228762 0.002833
2 2 0.001356 0.008544 0.707097 0.282821 0.000182
2 2 0.000746 0.004056 0.708020 0.287103 0.000075
2 2 0.000960 0.006518 0.761506 0.230871 0.000145
2 2 0.001900 0.012303 0.599161 0.386412 0.000225
2 2 0.000938 0.005748 0.671048 0.322117 0.000148
2 2 0.001371 0.007626 0.626222 0.364631 0.000151
2 2 0.000940 0.004715 0.679045 0.315216 0.000083
2 2 0.001094 0.006262 0.658821 0.333616 0.000208
3 2 0.000745 0.003292 0.455879 0.540026 0.000059
2 2 0.000842 0.005318 0.609228 0.384498 0.000114
2 2 0.001888 0.011500 0.706339 0.279945 0.000328
3 2 0.001881 0.010523 0.482085 0.505211 0.000298
2 2 0.002069 0.012713 0.516391 0.468369 0.000458
2 2 0.002715 0.016508 0.615935 0.364347 0.000495
2 2 0.002524 0.012405 0.532216 0.452453 0.000402
3 2 0.001499 0.005186 0.423201 0.570006 0.000108
3 2 0.001125 0.004262 0.472807 0.521760 0.000046
3 2 0.000919 0.004064 0.426222 0.568734 0.000060
3 2 0.000857 0.003413 0.344571 0.651089 0.000070
3 2 0.001083 0.004147 0.400711 0.594007 0.000051
3 2 0.001029 0.004306 0.340362 0.654227 0.000077
3 2 0.000763 0.003408 0.366070 0.629685 0.000073
3 2 0.001425 0.005270 0.383920 0.609281 0.000105
3 2 0.001013 0.004360 0.459305 0.535251 0.000071
3 2 0.001109 0.004059 0.270740 0.724017 0.000075
3 2 0.001060 0.003473 0.295947 0.699462 0.000058
3 2 0.000782 0.002507 0.258525 0.738148 0.000039
3 2 0.000670 0.001927 0.215748 0.781623 0.000032
3 2 0.000526 0.001471 0.224441 0.773543 0.000020
3 2 0.000546 0.001528 0.225586 0.772319 0.000021
3 2 0.000578 0.001914 0.233617 0.763866 0.000026
3 2 0.000486 0.001461 0.228859 0.769176 0.000018
3 2 0.000928 0.003060 0.297679 0.698287 0.000046
3 2 0.000545 0.002037 0.251842 0.745552 0.000025
3 2 0.000437 0.001165 0.197479 0.800903 0.000016
3 2 0.001652 0.006290 0.253639 0.738257 0.000162
3 2 0.001256 0.003550 0.232744 0.762365 0.000085
3 2 0.001070 0.003283 0.247128 0.748453 0.000066
3 2 0.001369 0.004948 0.261296 0.732278 0.000110
3 2 0.001202 0.003724 0.188771 0.806199 0.000104
3 2 0.001158 0.003865 0.299977 0.694933 0.000067
3 2 0.000519 0.001528 0.156211 0.841705 0.000038
3 2 0.000800 0.002373 0.220607 0.776167 0.000053
3 2 0.000744 0.001910 0.187462 0.809811 0.000074
3 2 0.000636 0.001611 0.178864 0.818857 0.000032
3 2 0.000431 0.001075 0.108930 0.889539 0.000025
3 2 0.000440 0.001157 0.171357 0.827029 0.000018
3 2 0.000541 0.001681 0.208609 0.789141 0.000028
3 2 0.000450 0.001527 0.141266 0.856729 0.000028
3 2 0.001746 0.004857 0.359099 0.634178 0.000120
1 0 0.277295 0.475061 0.187051 0.000912 0.059682
1 1 0.367360 0.444406 0.126445 0.000304 0.061484
1 2 0.268072 0.508086 0.171024 0.000486 0.052331
1 2 0.224734 0.511722 0.211344 0.000963 0.051237
0 2 0.406837 0.273312 0.243004 0.006233 0.070614
1 2 0.149589 0.425029 0.391629 0.003760 0.029992
2 2 0.194323 0.311620 0.445222 0.012325 0.036510
1 2 0.114018 0.440590 0.300425 0.014927 0.130039
2 2 0.067179 0.229584 0.512385 0.046451 0.144401
1 2 0.138286 0.366796 0.342946 0.010124 0.141848
2 2 0.141025 0.353627 0.472129 0.007390 0.025829
2 2 0.105364 0.322574 0.518578 0.026122 0.027363
2 2 0.108131 0.293163 0.562403 0.013926 0.022378
2 2 0.047865 0.193311 0.709879 0.028197 0.020747
2 2 0.092067 0.436851 0.449783 0.003093 0.018206
2 2 0.005135 0.115024 0.860509 0.006704 0.012628
2 2 0.006616 0.141054 0.834892 0.005994 0.011444
2 2 0.017111 0.263835 0.700702 0.004385 0.013968
2 2 0.006845 0.160227 0.817766 0.006614 0.008547
2 2 0.008011 0.157967 0.811587 0.006892 0.015543
1 2 0.039921 0.422046 0.419868 0.000421 0.117745
2 2 0.043639 0.415062 0.419362 0.000525 0.121412
1 2 0.071215 0.493303 0.353117 0.000556 0.081809
2 2 0.032672 0.296739 0.597058 0.001833 0.071698
1 2 0.124254 0.522172 0.299647 0.001318 0.052610
1 2 0.156096 0.469970 0.344022 0.001762 0.028150
2 2 0.153508 0.393280 0.424222 0.003745 0.025245
2 2 0.081088 0.377031 0.380567 0.011577 0.149736
2 2 0.088823 0.353322 0.475364 0.017493 0.064997
2 2 0.059878 0.221395 0.657886 0.024319 0.036522
2 2 0.005377 0.131489 0.845331 0.007167 0.010637
2 2 0.003744 0.087776 0.889933 0.009142 0.009405
2 2 0.006105 0.106225 0.850271 0.015611 0.021789
2 2 0.009115 0.141821 0.795494 0.033258 0.020313
2 2 0.012629 0.173915 0.717834 0.058046 0.037575
2 2 0.075431 0.360812 0.389156 0.009987 0.164613
1 2 0.115967 0.578217 0.233704 0.011210 0.060902
1 2 0.145759 0.497357 0.242238 0.028881 0.085766
1 2 0.168712 0.468723 0.320809 0.002794 0.038962
1 2 0.107691 0.540441 0.263952 0.022924 0.064991
1 2 0.111421 0.451039 0.309803 0.005524 0.122213
1 2 0.139816 0.509993 0.253539 0.018481 0.078172
1 2 0.115415 0.471706 0.294406 0.007715 0.110759
1 2 0.115033 0.474988 0.330491 0.006807 0.072680
1 2 0.214364 0.407880 0.339418 0.002715 0.035622
1 0 0.265046 0.465948 0.176263 0.004419 0.088324
0 0 0.443214 0.333547 0.127696 0.002768 0.092774
1 0 0.168271 0.575547 0.167878 0.007600 0.080704
1 1 0.279965 0.483978 0.164957 0.001330 0.069771
1 1 0.191546 0.574046 0.179667 0.001207 0.053533
1 1 0.103716 0.612682 0.225865 0.006771 0.050966
1 1 0.125535 0.596520 0.195102 0.012035 0.070808
1 1 0.156473 0.554760 0.237517 0.002295 0.048956
1 1 0.231057 0.493697 0.201114 0.000568 0.073565
1 1 0.175271 0.521750 0.216920 0.005146 0.080913
1 1 0.251686 0.549120 0.114907 0.001743 0.082544
1 1 0.367599 0.394843 0.123583 0.003331 0.110644
0 0 0.532839 0.222753 0.134905 0.007975 0.101527
1 0 0.201500 0.532002 0.147533 0.012550 0.106414
1 0 0.248934 0.517246 0.171595 0.001064 0.061161
1 1 0.091024 0.501773 0.326807 0.002437 0.077959
1 1 0.101662 0.528038 0.297737 0.002314 0.070249
1 1 0.075643 0.457873 0.344434 0.004684 0.117366
1 1 0.103951 0.584568 0.259254 0.005973 0.046254
1 1 0.076078 0.424055 0.369617 0.000777 0.129473
1 1 0.168145 0.510128 0.218848 0.007986 0.094893
1 1 0.140679 0.470589 0.248283 0.005380 0.135068
1 0 0.240760 0.497402 0.199022 0.001521 0.061295
1 1 0.161733 0.507943 0.166367 0.044770 0.119186
1 1 0.076212 0.393650 0.290109 0.027622 0.212407
1 1 0.039745 0.495737 0.387157 0.020962 0.056400
1 1 0.074559 0.521261 0.303054 0.029761 0.071364
2 1 0.024758 0.278818 0.652970 0.013068 0.030386
2 2 0.015236 0.150496 0.745310 0.055706 0.033252
2 2 0.027357 0.238480 0.677192 0.007791 0.049181
2 2 0.001161 0.024865 0.957727 0.015378 0.000869
2 2 0.000646 0.017873 0.971137 0.009406 0.000938
2 2 0.001561 0.061370 0.926572 0.007787 0.002710
2 2 0.001003 0.032754 0.955818 0.008971 0.001453
2 2 0.001163 0.025258 0.959860 0.012073 0.001645
2 2 0.001389 0.024208 0.957662 0.015038 0.001703
2 2 0.000680 0.012001 0.969151 0.017777 0.000391
2 2 0.001667 0.035241 0.947086 0.014203 0.001803
2 2 0.000809 0.014025 0.969391 0.014944 0.000830
2 2 0.000705 0.012642 0.970886 0.015147 0.000620
2 4 0.021217 0.233897 0.513512 0.001506 0.229868
2 4 0.022289 0.227918 0.514799 0.001877 0.233117
2 4 0.020458 0.294563 0.544526 0.001731 0.138721
1 4 0.044122 0.373468 0.361524 0.015027 0.205859
2 4 0.025371 0.286347 0.503298 0.001699 0.183285
4 4 0.097069 0.237312 0.226336 0.000226 0.439056
4 4 0.115985 0.287648 0.224942 0.000341 0.371084
0 0 0.402463 0.219402 0.110279 0.005334 0.262522
1 0 0.253317 0.571827 0.134290 0.000129 0.040438
1 4 0.217740 0.443922 0.158430 0.000605 0.179303
1 4 0.291873 0.377864 0.085476 0.000006 0.244781
4 4 0.116413 0.214826 0.075733 0.007934 0.585094
4 4 0.169387 0.271089 0.075283 0.003283 0.480958
4 4 0.106201 0.191441 0.079014 0.001465 0.621879
1 4 0.268393 0.346936 0.065677 0.000027 0.318967
4 4 0.231400 0.042030 0.005865 0.000117 0.720589
4 4 0.145216 0.039263 0.008479 0.000045 0.806998
4 4 0.201612 0.046586 0.006595 0.000179 0.745028
4 4 0.235764 0.032470 0.004051 0.000015 0.727701
0 4 0.469468 0.084048 0.006570 0.000001 0.439912
4 4 0.207469 0.065129 0.017741 0.010624 0.699037
0 4 0.469346 0.128069 0.014765 0.001323 0.386496
0 4 0.408698 0.163373 0.025097 0.000025 0.402806
0 0 0.594532 0.094896 0.027784 0.001143 0.281644
4 1 0.283420 0.156077 0.032259 0.006503 0.521741
4 4 0.091884 0.232103 0.173176 0.018777 0.484060
1 4 0.179717 0.376237 0.124456 0.060947 0.258643
4 4 0.067145 0.240776 0.183171 0.008915 0.499993
4 4 0.074177 0.189067 0.108671 0.013055 0.615029
4 4 0.153320 0.312147 0.106018 0.036462 0.392052
4 4 0.169020 0.358664 0.103007 0.000509 0.368801
4 4 0.074566 0.222879 0.143742 0.000194 0.558620
4 4 0.114082 0.224146 0.057924 0.003422 0.600426
4 4 0.153264 0.119542 0.032639 0.003538 0.691017
4 4 0.158068 0.195508 0.074474 0.000004 0.571947
4 4 0.057351 0.227674 0.180256 0.001749 0.532969
4 4 0.074009 0.248792 0.142855 0.001650 0.532695
4 4 0.065200 0.198434 0.170420 0.000701 0.565245
1 4 0.084716 0.406004 0.163337 0.000726 0.345217
4 4 0.099697 0.163318 0.080344 0.001502 0.655139
1 4 0.353529 0.461876 0.071209 0.001471 0.111915
