4 0 0.450336 0.023074 0.002111 0.000000 0.524478
4 0 0.468491 0.038222 0.004930 0.000000 0.488357
0 0 0.513190 0.032606 0.002759 0.000000 0.451445
4 0 0.367161 0.031568 0.004548 0.000000 0.596723
0 1 0.519656 0.127616 0.027975 0.001099 0.323653
4 1 0.192733 0.030158 0.008857 0.000007 0.768245
4 4 0.274289 0.027087 0.006608 0.000001 0.692016
4 4 0.252319 0.063307 0.015542 0.000005 0.668828
4 4 0.116599 0.013784 0.001998 0.000000 0.867619
4 4 0.113495 0.185399 0.057108 0.000419 0.643578
1 4 0.087661 0.423234 0.186961 0.007790 0.294353
1 4 0.029184 0.360434 0.276309 0.021610 0.312463
1 1 0.034930 0.374190 0.248627 0.008156 0.334097
2 1 0.007230 0.244365 0.385741 0.014933 0.347731
1 2 0.034834 0.364990 0.302748 0.014416 0.283012
2 2 0.025587 0.303684 0.440371 0.020027 0.210330
2 2 0.032002 0.326271 0.375787 0.021044 0.244897
1 2 0.019340 0.327560 0.312214 0.025293 0.315594
2 2 0.017464 0.295004 0.430373 0.024904 0.232255
2 2 0.010079 0.244800 0.448913 0.030721 0.265486
2 2 0.009254 0.250529 0.417019 0.023053 0.300144
2 2 0.015959 0.296506 0.407553 0.021905 0.258076
2 3 0.010268 0.263171 0.394181 0.022278 0.310101
2 3 0.005611 0.221937 0.417758 0.014142 0.340552
2 3 0.005465 0.188727 0.544193 0.026158 0.235457
2 3 0.015682 0.294193 0.372851 0.030421 0.286854
4 3 0.006925 0.248837 0.353778 0.011810 0.378650
2 2 0.006555 0.231841 0.413624 0.016028 0.331951
4 2 0.007817 0.259291 0.342087 0.012328 0.378477
2 2 0.007982 0.239059 0.448989 0.017733 0.286237
4 1 0.013682 0.309592 0.284486 0.013184 0.379057
4 1 0.009019 0.274921 0.309146 0.010798 0.396116
4 1 0.009620 0.284730 0.273339 0.008260 0.424051
4 1 0.005836 0.234506 0.321120 0.005246 0.433293
4 1 0.019374 0.331340 0.256081 0.009386 0.383819
4 1 0.020278 0.335753 0.268834 0.012889 0.362246
4 1 0.010035 0.284835 0.303860 0.012247 0.389023
4 1 0.005123 0.231626 0.342232 0.008321 0.412698
4 1 0.007566 0.265900 0.298264 0.009023 0.419247
4 1 0.010339 0.278111 0.338280 0.015217 0.358054
2 1 0.014969 0.301465 0.343049 0.023752 0.316765
2 1 0.010001 0.270602 0.382342 0.015342 0.321713
2 2 0.017302 0.292118 0.452831 0.021148 0.216601
2 2 0.022585 0.331550 0.349618 0.028249 0.267999
1 2 0.042534 0.383278 0.296149 0.009220 0.268820
2 2 0.029608 0.256681 0.580702 0.036582 0.096428
2 2 0.032747 0.249217 0.565854 0.064381 0.087801
2 2 0.031565 0.262974 0.577319 0.036810 0.091333
2 3 0.033527 0.220439 0.631211 0.055821 0.059002
2 3 0.027674 0.264166 0.551463 0.044909 0.111788
2 3 0.016083 0.069677 0.648428 0.247767 0.018045
2 3 0.011560 0.040916 0.532850 0.403180 0.011495
2 3 0.007415 0.021712 0.601934 0.365718 0.003221
2 3 0.004069 0.026326 0.606148 0.356694 0.006763
2 3 0.004558 0.038046 0.592241 0.348773 0.016382
2 3 0.000549 0.003014 0.523655 0.472431 0.000351
2 3 0.000941 0.004794 0.524980 0.468685 0.000600
3 3 0.000611 0.002641 0.432385 0.563960 0.000403
3 3 0.000435 0.001754 0.262644 0.734769 0.000398
3 3 0.002625 0.007074 0.363279 0.625362 0.001661
3 3 0.000202 0.000395 0.096912 0.902294 0.000197
3 3 0.001385 0.002344 0.178885 0.816390 0.000996
3 3 0.000291 0.000719 0.085663 0.912949 0.000378
3 3 0.000449 0.001054 0.134903 0.863153 0.000441
3 3 0.000500 0.000752 0.065134 0.933048 0.000566
3 3 0.000191 0.000117 0.018822 0.980657 0.000213
3 3 0.000249 0.000208 0.027756 0.971503 0.000285
3 3 0.000559 0.000818 0.060939 0.937031 0.000654
3 3 0.000453 0.000426 0.043763 0.954898 0.000459
3 3 0.000173 0.000120 0.020787 0.978722 0.000198
3 3 0.000171 0.000081 0.014238 0.985325 0.000185
3 3 0.000105 0.000046 0.011306 0.988426 0.000116
3 3 0.000101 0.000041 0.010264 0.989484 0.000110
3 3 0.000385 0.000127 0.012792 0.986326 0.000369
3 3 0.000067 0.000029 0.009718 0.990109 0.000077
3 3 0.000138 0.000031 0.006259 0.993439 0.000134
3 3 0.000087 0.000015 0.004229 0.995584 0.000085
3 3 0.000093 0.000021 0.005612 0.994180 0.000094
3 3 0.000072 0.000013 0.004160 0.995684 0.000071
3 3 0.000091 0.000018 0.004797 0.995005 0.000090
3 3 0.000376 0.000045 0.004610 0.994661 0.000309
3 3 0.000298 0.000045 0.005395 0.994004 0.000258
3 3 0.000121 0.000020 0.004588 0.995157 0.000114
3 3 0.000170 0.000027 0.004770 0.994879 0.000155
3 3 0.000153 0.000016 0.003011 0.996688 0.000132
3 3 0.000057 0.000014 0.005192 0.994677 0.000060
3 3 0.000067 0.000013 0.004402 0.995450 0.000068
3 3 0.000120 0.000020 0.004520 0.995226 0.000113
3 3 0.000077 0.000015 0.004688 0.995144 0.000077
3 3 0.000078 0.000014 0.004335 0.995495 0.000077
3 3 0.000137 0.000021 0.004361 0.995354 0.000127
3 3 0.000100 0.000016 0.004210 0.995579 0.000095
3 3 0.000164 0.000018 0.003265 0.996412 0.000141
3 3 0.000333 0.000038 0.004302 0.995053 0.000274
3 3 0.000054 0.000009 0.003601 0.996281 0.000054
3 3 0.000152 0.000019 0.003706 0.995987 0.000135
3 3 0.000209 0.000033 0.005132 0.994438 0.000188
3 3 0.000078 0.000014 0.004161 0.995671 0.000077
3 3 0.000127 0.000013 0.002880 0.996869 0.000111
3 3 0.000103 0.000010 0.002519 0.997277 0.000091
3 3 0.000062 0.000005 0.001899 0.997979 0.000055
3 3 0.000082 0.000008 0.002423 0.997412 0.000074
3 3 0.000086 0.000010 0.002925 0.996899 0.000079
3 3 0.000101 0.000006 0.001634 0.998175 0.000083
3 3 0.000063 0.000007 0.002414 0.997459 0.000058
3 3 0.000608 0.000098 0.007203 0.991586 0.000505
3 3 0.001639 0.000389 0.014398 0.982233 0.001341
3 3 0.000775 0.000295 0.018203 0.980006 0.000721
3 3 0.000914 0.000430 0.023547 0.974242 0.000867
3 3 0.002418 0.000934 0.026127 0.968453 0.002069
3 3 0.002058 0.003176 0.136213 0.856824 0.001729
3 3 0.004061 0.005086 0.094085 0.892711 0.004057
3 3 0.003290 0.005419 0.113672 0.874202 0.003417
3 3 0.002623 0.004720 0.115676 0.874172 0.002809
3 3 0.006066 0.015205 0.193139 0.779222 0.006368
3 3 0.002839 0.011205 0.316027 0.667251 0.002677
3 3 0.001175 0.004016 0.273883 0.719903 0.001023
3 3 0.001666 0.008599 0.254096 0.733494 0.002145
3 3 0.003974 0.020730 0.369006 0.602070 0.004220
3 3 0.002020 0.010897 0.317108 0.667668 0.002306
2 3 0.007835 0.044409 0.493126 0.444399 0.010230
3 3 0.002000 0.006707 0.228142 0.760866 0.002286
3 3 0.004463 0.017768 0.334052 0.637806 0.005910
3 3 0.001445 0.005789 0.237612 0.753552 0.001603
3 3 0.003498 0.015187 0.360433 0.614793 0.006089
3 3 0.001018 0.007525 0.468793 0.521039 0.001624
2 3 0.010675 0.044326 0.564138 0.374095 0.006766
2 3 0.001798 0.009817 0.496371 0.490652 0.001363
3 3 0.003736 0.018994 0.465570 0.508543 0.003156
2 3 0.003472 0.014846 0.501135 0.478228 0.002319
3 3 0.001852 0.007986 0.344182 0.644312 0.001667
3 3 0.004818 0.023462 0.476347 0.490290 0.005083
3 3 0.005904 0.017255 0.477414 0.496123 0.003304
3 3 0.002451 0.012234 0.437545 0.545735 0.002035
3 3 0.001236 0.006841 0.319057 0.671469 0.001396
3 3 0.004177 0.008861 0.287001 0.697150 0.002812
3 3 0.001777 0.004392 0.138214 0.853564 0.002054
3 3 0.001401 0.002233 0.088011 0.906664 0.001691
3 3 0.000664 0.002397 0.163939 0.832184 0.000816
3 3 0.005048 0.007737 0.167891 0.815307 0.004017
3 3 0.016459 0.050209 0.454475 0.468246 0.010611
2 3 0.028628 0.076111 0.479030 0.400293 0.015938
3 3 0.010635 0.032123 0.342943 0.605656 0.008642
2 3 0.023793 0.064053 0.527468 0.372703 0.011983
3 3 0.013621 0.034666 0.454766 0.489254 0.007692
3 3 0.003804 0.016722 0.455902 0.519810 0.003762
3 3 0.002715 0.013035 0.331339 0.649534 0.003378
3 3 0.007742 0.029149 0.452394 0.505129 0.005586
3 3 0.001869 0.007083 0.379775 0.609547 0.001726
2 3 0.001435 0.011346 0.576286 0.408511 0.002422
3 3 0.003862 0.009692 0.229635 0.753368 0.003443
3 3 0.007620 0.016239 0.251043 0.718800 0.006299
3 3 0.006073 0.022158 0.291181 0.669366 0.011222
3 3 0.004723 0.018607 0.290679 0.680670 0.005321
3 3 0.006140 0.025116 0.383063 0.580280 0.005401
3 3 0.013297 0.032319 0.335247 0.609545 0.009591
2 3 0.006258 0.029458 0.486988 0.471078 0.006218
2 3 0.006028 0.035326 0.527131 0.423339 0.008176
3 3 0.003962 0.010466 0.359161 0.623092 0.003318
3 3 0.006966 0.017555 0.272553 0.697138 0.005788
3 3 0.005865 0.007375 0.211826 0.769866 0.005068
3 3 0.001983 0.004833 0.191773 0.799570 0.001841
3 3 0.006839 0.014871 0.183408 0.786152 0.008729
3 3 0.003781 0.009074 0.195191 0.788300 0.003654
3 3 0.023299 0.049752 0.361469 0.550678 0.014801
2 3 0.029665 0.116736 0.464103 0.364182 0.025314
2 3 0.024835 0.123832 0.477934 0.339694 0.033706
2 3 0.011068 0.080295 0.513522 0.368051 0.027064
2 3 0.021678 0.094369 0.602683 0.263834 0.017436
2 3 0.009819 0.053520 0.639744 0.282842 0.014075
2 3 0.008115 0.071880 0.626927 0.268758 0.024320
2 3 0.009822 0.074611 0.565848 0.321659 0.028060
2 3 0.013299 0.080784 0.538963 0.344924 0.022029
2 3 0.018093 0.104983 0.493446 0.352247 0.031232
2 2 0.013725 0.149666 0.569247 0.189763 0.077599
2 2 0.044346 0.328795 0.353670 0.103422 0.169766
1 2 0.065575 0.355736 0.301793 0.122602 0.154295
2 2 0.063763 0.310596 0.356607 0.157511 0.111522
1 2 0.048394 0.373415 0.296980 0.069283 0.211927
1 2 0.068657 0.407264 0.308738 0.036576 0.178765
1 2 0.077941 0.379549 0.283846 0.106908 0.151756
2 2 0.041342 0.316819 0.389441 0.095615 0.156783
1 2 0.061043 0.345163 0.340965 0.110392 0.142436
1 2 0.054643 0.379597 0.328545 0.057981 0.179233
2 2 0.050717 0.335917 0.401173 0.074498 0.137695
2 2 0.041150 0.337316 0.347027 0.085401 0.189105
2 2 0.073809 0.345888 0.353506 0.110504 0.116294
2 2 0.047926 0.340271 0.375269 0.079396 0.157138
2 2 0.053196 0.323473 0.344266 0.134026 0.145039
1 2 0.052956 0.377370 0.377042 0.031431 0.161200
2 2 0.040861 0.249180 0.407563 0.200431 0.101964
2 2 0.021434 0.240819 0.482984 0.108104 0.146658
2 2 0.039796 0.228292 0.491329 0.165581 0.075002
2 2 0.031398 0.267746 0.432096 0.128720 0.140040
2 2 0.024290 0.253529 0.463083 0.109702 0.149395
2 2 0.013356 0.177841 0.608428 0.098590 0.101784
2 2 0.009152 0.192794 0.565819 0.061949 0.170286
2 2 0.021808 0.260916 0.459066 0.087116 0.171094
2 2 0.025542 0.260449 0.453303 0.108205 0.152501
2 2 0.019905 0.232840 0.495447 0.107743 0.144064
2 2 0.026674 0.322449 0.363111 0.053012 0.234754
2 2 0.017077 0.213692 0.538839 0.094008 0.136384
2 2 0.025588 0.314020 0.376721 0.055709 0.227963
2 2 0.028997 0.326860 0.359343 0.057384 0.227417
2 2 0.021073 0.264500 0.454595 0.079353 0.180479
2 2 0.010439 0.196091 0.561411 0.071778 0.160282
2 3 0.019241 0.255422 0.468357 0.078026 0.178955
2 3 0.011067 0.199204 0.556293 0.074706 0.158730
2 3 0.012969 0.173648 0.658363 0.062750 0.092270
2 3 0.017673 0.216750 0.530397 0.103450 0.131730
2 2 0.015144 0.221273 0.535728 0.076302 0.151553
2 2 0.019031 0.288665 0.408233 0.048399 0.235672
2 2 0.025837 0.297201 0.413170 0.067346 0.196445
2 2 0.016394 0.181870 0.614252 0.100253 0.087231
2 3 0.014609 0.130297 0.723390 0.080372 0.051332
2 3 0.012040 0.177067 0.680269 0.040975 0.089650
2 3 0.032717 0.282890 0.479582 0.074142 0.130670
2 1 0.057248 0.266535 0.481637 0.123153 0.071427
2 1 0.047193 0.305004 0.433778 0.095057 0.118968
2 1 0.081288 0.307550 0.518806 0.035694 0.056663
1 1 0.048914 0.364914 0.325992 0.047045 0.213134
1 1 0.057283 0.364853 0.345586 0.073410 0.158868
2 1 0.018580 0.295962 0.389875 0.041350 0.254234
1 2 0.034390 0.350972 0.324185 0.054425 0.236027
2 2 0.028378 0.338129 0.346020 0.043817 0.243656
2 2 0.025605 0.300407 0.404543 0.065249 0.204196
2 2 0.031863 0.323693 0.367395 0.069601 0.207447
2 2 0.042376 0.334801 0.379141 0.075176 0.168506
2 2 0.031187 0.297503 0.403502 0.092556 0.175253
1 2 0.055110 0.384981 0.288228 0.068991 0.202690
1 2 0.062127 0.371683 0.335265 0.074993 0.155933
1 2 0.097054 0.407874 0.323721 0.049248 0.122103
2 2 0.012290 0.243078 0.474962 0.045558 0.224112
2 2 0.072090 0.339423 0.407787 0.074753 0.105947
1 2 0.051408 0.379997 0.314910 0.058351 0.195334
2 2 0.042276 0.333113 0.369927 0.082640 0.172043
2 2 0.055379 0.307381 0.453792 0.084678 0.098771
2 2 0.036377 0.247468 0.492272 0.129498 0.094386
2 2 0.077125 0.345127 0.401451 0.078819 0.097478
2 2 0.038319 0.290097 0.431565 0.106490 0.133529
2 3 0.011771 0.159105 0.592997 0.139695 0.096432
2 3 0.007950 0.130930 0.642425 0.132392 0.086302
2 3 0.019321 0.150300 0.614558 0.163692 0.052129
2 3 0.008577 0.075192 0.781408 0.115312 0.019510
2 3 0.021696 0.188991 0.595973 0.117886 0.075454
2 3 0.012681 0.118338 0.733308 0.097813 0.037860
2 3 0.026962 0.209647 0.547599 0.133274 0.082517
2 3 0.016344 0.193212 0.639465 0.061052 0.089926
2 3 0.031673 0.223381 0.593922 0.079996 0.071027
2 2 0.021838 0.244232 0.553890 0.056934 0.123106
1 2 0.104645 0.425446 0.274282 0.036128 0.159498
1 2 0.058608 0.371115 0.303365 0.020427 0.246485
1 2 0.051781 0.379056 0.294822 0.044584 0.229758
1 2 0.046812 0.363963 0.242620 0.005621 0.340984
2 2 0.024772 0.247874 0.361901 0.014565 0.350887
2 2 0.014895 0.067479 0.628190 0.277916 0.011519
2 3 0.006066 0.028839 0.688078 0.273274 0.003743
2 3 0.006948 0.050251 0.763632 0.168896 0.010273
2 3 0.015967 0.062301 0.689135 0.224409 0.008188
2 3 0.004218 0.028018 0.652994 0.309484 0.005287
2 3 0.011304 0.088956 0.688319 0.185920 0.025500
2 3 0.011534 0.054686 0.694283 0.231110 0.008387
2 3 0.011240 0.084057 0.667387 0.213868 0.023449
2 3 0.010089 0.040520 0.660898 0.283399 0.005094
2 3 0.005038 0.035805 0.697781 0.254088 0.007289
2 3 0.013987 0.089774 0.778519 0.100092 0.017628
2 3 0.013109 0.173170 0.639087 0.082624 0.092009
2 3 0.014865 0.105437 0.669188 0.181453 0.029057
2 2 0.023395 0.193530 0.635955 0.080486 0.066635
2 2 0.020851 0.179370 0.639335 0.095869 0.064575
2 2 0.048361 0.301298 0.431439 0.103853 0.115048
2 2 0.052839 0.339442 0.425893 0.027225 0.154600
2 2 0.069547 0.298873 0.493258 0.036722 0.101599
2 2 0.039087 0.298648 0.488306 0.046577 0.127382
2 2 0.051534 0.334897 0.340713 0.112388 0.160468
2 2 0.014274 0.237078 0.565821 0.029309 0.153517
2 3 0.014139 0.210511 0.575384 0.064739 0.135227
2 3 0.012037 0.153173 0.631389 0.121861 0.081540
2 3 0.010338 0.199794 0.555131 0.066946 0.167792
2 2 0.015438 0.252875 0.501720 0.042310 0.187656
2 2 0.004744 0.191073 0.508385 0.020297 0.275501
2 2 0.010353 0.252649 0.429499 0.027989 0.279509
4 2 0.009209 0.273107 0.329493 0.013326 0.374866
4 4 0.009140 0.138986 0.405146 0.021417 0.425310
2 4 0.012803 0.221816 0.421807 0.013633 0.329941
4 4 0.031288 0.144576 0.143653 0.006710 0.673772
4 4 0.016479 0.080669 0.108179 0.004886 0.789787
4 4 0.020022 0.097889 0.106555 0.006791 0.768741
4 4 0.020594 0.090115 0.085160 0.003396 0.800735
4 4 0.020161 0.104775 0.114514 0.005185 0.755366
4 4 0.005526 0.164515 0.310939 0.012167 0.506853
4 4 0.012462 0.143785 0.283361 0.016661 0.543730
4 4 0.006289 0.256980 0.273123 0.006423 0.457186
4 4 0.009774 0.285556 0.291622 0.010994 0.402054
4 2 0.010965 0.294074 0.278351 0.009943 0.406667
2 2 0.028172 0.331273 0.349510 0.051263 0.239782
2 2 0.017172 0.259216 0.460543 0.062394 0.200675
2 2 0.014610 0.195930 0.549333 0.114047 0.126080
2 2 0.016325 0.219391 0.519644 0.097959 0.146681
2 2 0.018927 0.178607 0.623226 0.104952 0.074288
2 3 0.014758 0.204518 0.540691 0.103528 0.136505
2 3 0.011817 0.184867 0.572981 0.100225 0.130110
2 3 0.023687 0.218539 0.492023 0.153469 0.112282
2 3 0.025766 0.260436 0.452805 0.109431 0.151562
2 3 0.012485 0.181870 0.561370 0.104243 0.140032
1 2 0.177384 0.429995 0.190501 0.043952 0.158169
1 1 0.168595 0.441775 0.146003 0.001872 0.241755
0 1 0.358052 0.296956 0.103130 0.000010 0.241852
1 4 0.158396 0.386732 0.132307 0.000759 0.321807
1 4 0.058253 0.395831 0.269672 0.048908 0.227336
2 4 0.023116 0.248390 0.441037 0.019265 0.268193
2 4 0.048515 0.342591 0.361203 0.067888 0.179802
2 2 0.029975 0.239446 0.459387 0.154525 0.116667
2 2 0.024108 0.254965 0.462088 0.106901 0.151938
2 3 0.023435 0.251230 0.475687 0.095482 0.154166
2 3 0.010245 0.221486 0.511194 0.046019 0.211057
2 2 0.013485 0.215866 0.529455 0.078648 0.162546
2 2 0.011598 0.235035 0.488969 0.046853 0.217545
2 2 0.020262 0.245382 0.490364 0.079293 0.164700
2 2 0.011560 0.214874 0.562220 0.046445 0.164902
1 1 0.039114 0.347626 0.336374 0.032862 0.244024
1 1 0.036733 0.337965 0.300866 0.022564 0.301872
2 1 0.022000 0.301563 0.391993 0.050472 0.233971
2 1 0.025307 0.315040 0.374188 0.053885 0.231580
2 1 0.027994 0.335076 0.340149 0.038771 0.258010
2 1 0.013246 0.206792 0.542483 0.086785 0.150694
2 2 0.023948 0.277773 0.434655 0.080913 0.182711
2 2 0.017223 0.229312 0.505861 0.092947 0.154658
2 3 0.016206 0.231163 0.508901 0.081021 0.162709
2 3 0.019980 0.179424 0.628177 0.103413 0.069006
2 3 0.009191 0.160447 0.611460 0.102032 0.116869
2 3 0.007687 0.147975 0.666469 0.073586 0.104283
2 3 0.008049 0.121989 0.657142 0.140500 0.072320
2 3 0.005588 0.073186 0.753993 0.137656 0.029577
2 3 0.011342 0.132477 0.658768 0.135704 0.061709
2 2 0.048374 0.333159 0.356792 0.099610 0.162065
1 2 0.117641 0.430707 0.253562 0.021489 0.176601
1 2 0.054657 0.377028 0.348362 0.029147 0.190806
2 2 0.079539 0.335988 0.359359 0.013971 0.211142
2 2 0.047331 0.363455 0.367690 0.035860 0.185664
1 2 0.068995 0.405629 0.189087 0.005242 0.331047
1 2 0.051393 0.392092 0.237838 0.012586 0.306090
4 2 0.036989 0.369360 0.205109 0.004843 0.383699
1 0 0.125978 0.436246 0.201438 0.024093 0.212244
4 0 0.192694 0.301416 0.088538 0.001630 0.415723
0 0 0.460197 0.099430 0.022438 0.000040 0.417893
0 0 0.792766 0.064729 0.016900 0.000000 0.125604
0 0 0.637990 0.063752 0.012938 0.000000 0.285320
0 0 0.509080 0.201541 0.033556 0.000012 0.255811
0 0 0.657778 0.077615 0.013500 0.000001 0.251107
4 0 0.203222 0.143734 0.057397 0.000500 0.595147
4 0 0.185513 0.135356 0.063474 0.001139 0.614518
1 0 0.084673 0.374531 0.180118 0.008481 0.352197
4 1 0.064282 0.231982 0.106390 0.001766 0.595580
4 1 0.024197 0.344949 0.238648 0.007583 0.384622
2 1 0.010734 0.253366 0.432852 0.029706 0.273341
2 1 0.007053 0.188689 0.510391 0.034796 0.259072
2 1 0.005877 0.168282 0.601326 0.046718 0.177796
2 1 0.015551 0.239629 0.492266 0.070114 0.182440
2 1 0.015783 0.245211 0.485134 0.065336 0.188536
4 2 0.018686 0.329493 0.262666 0.010535 0.378621
4 2 0.017195 0.314575 0.312594 0.016654 0.338981
1 2 0.035363 0.373050 0.248755 0.013625 0.329207
4 4 0.044501 0.232298 0.120573 0.001933 0.600695
1 4 0.025658 0.350302 0.296817 0.030946 0.296277
2 2 0.025302 0.281592 0.428722 0.083543 0.180840
2 2 0.030701 0.160362 0.574869 0.111902 0.122167
2 3 0.039697 0.129870 0.511231 0.264417 0.054785
2 3 0.011641 0.098968 0.560142 0.255898 0.073351
2 3 0.009825 0.086648 0.650219 0.218830 0.034478
2 3 0.003485 0.041875 0.748599 0.192175 0.013865
2 3 0.003260 0.033875 0.768802 0.185182 0.008881
2 3 0.005866 0.032870 0.747927 0.208558 0.004778
2 3 0.011160 0.042146 0.671459 0.270273 0.004962
2 3 0.016709 0.054519 0.755713 0.167868 0.005191
2 3 0.041565 0.144245 0.679412 0.115143 0.019636
2 3 0.043846 0.199758 0.600157 0.114128 0.042111
2 3 0.047364 0.246607 0.550770 0.091551 0.063708
2 2 0.048379 0.280504 0.501623 0.082940 0.086554
2 2 0.038314 0.327039 0.480011 0.026100 0.128536
2 2 0.060589 0.329141 0.385879 0.017726 0.206665
1 2 0.040142 0.373853 0.284525 0.029016 0.272464
1 2 0.031977 0.346925 0.327522 0.046220 0.247356
2 2 0.040233 0.333518 0.417447 0.018202 0.190600
2 2 0.051305 0.304924 0.431706 0.052503 0.159562
4 2 0.037191 0.299402 0.254238 0.005567 0.403601
2 2 0.032116 0.339281 0.352546 0.053156 0.222902
1 2 0.038238 0.372408 0.288657 0.037478 0.263219
1 2 0.028601 0.341034 0.328433 0.035544 0.266389
1 2 0.036573 0.369106 0.293814 0.046180 0.254327
1 2 0.026387 0.350146 0.333380 0.012826 0.277262
2 2 0.018327 0.309777 0.344290 0.023090 0.304515
1 2 0.027873 0.352245 0.303391 0.035768 0.280722
4 2 0.015558 0.318572 0.293522 0.017646 0.354702
1 2 0.024241 0.345682 0.300209 0.029759 0.300109
2 2 0.017504 0.248876 0.478320 0.073924 0.181376
2 2 0.009533 0.223600 0.500198 0.040227 0.226442
2 2 0.023596 0.288598 0.435169 0.060702 0.191934
2 2 0.020381 0.248570 0.535950 0.055884 0.139216
2 2 0.016757 0.253128 0.470661 0.065327 0.194126
1 2 0.047280 0.381963 0.284616 0.040458 0.245683
2 2 0.032094 0.304546 0.428194 0.031501 0.203665
1 2 0.038388 0.352263 0.326002 0.064074 0.219273
1 2 0.053116 0.382574 0.284024 0.070591 0.209695
1 2 0.047949 0.376838 0.291912 0.065324 0.217976
1 2 0.040108 0.373177 0.292105 0.051272 0.243338
1 2 0.043495 0.383981 0.272942 0.032596 0.266987
1 2 0.048502 0.384234 0.282115 0.052286 0.232863
2 1 0.034606 0.329476 0.366228 0.050493 0.219197
2 1 0.018547 0.299786 0.347863 0.013620 0.320183
1 1 0.060266 0.391668 0.212237 0.010775 0.325054
1 1 0.035109 0.372783 0.253651 0.015230 0.323227
4 1 0.025443 0.347349 0.231200 0.006649 0.389359
4 1 0.052138 0.358734 0.216229 0.009740 0.363159
4 4 0.056998 0.148576 0.070029 0.000682 0.723714
2 4 0.026322 0.245704 0.412711 0.061972 0.253290
2 4 0.052498 0.180471 0.404087 0.064924 0.298020
2 2 0.019895 0.201384 0.492632 0.089787 0.196303
2 3 0.020631 0.129992 0.485863 0.215533 0.147981
2 3 0.015703 0.098500 0.534148 0.229101 0.122549
2 3 0.026611 0.098590 0.605278 0.253939 0.015582
2 3 0.089695 0.251566 0.474740 0.142681 0.041319
2 3 0.069274 0.194394 0.514843 0.191668 0.029821
2 3 0.108775 0.348533 0.415112 0.061217 0.066363
2 3 0.112707 0.254755 0.544347 0.061204 0.026988
2 3 0.104274 0.338053 0.389572 0.095711 0.072390
2 2 0.064889 0.336859 0.380695 0.099983 0.117574
2 2 0.027535 0.244816 0.588449 0.014135 0.125066
2 2 0.036069 0.338891 0.381881 0.053084 0.190076
2 2 0.052499 0.321933 0.431438 0.072627 0.121504
2 2 0.029444 0.178408 0.645984 0.100784 0.045380
2 3 0.011166 0.180902 0.629743 0.063546 0.114642
2 3 0.009350 0.097814 0.764294 0.096325 0.032217
2 3 0.008372 0.104197 0.735818 0.108218 0.043394
2 3 0.005242 0.080868 0.760961 0.114699 0.038230
2 3 0.001536 0.016458 0.765261 0.213113 0.003633
2 3 0.001846 0.014549 0.763836 0.217487 0.002283
2 3 0.001644 0.009022 0.749476 0.238990 0.000869
2 3 0.000610 0.008665 0.725854 0.262668 0.002203
2 3 0.001643 0.018454 0.796793 0.178912 0.004198
2 3 0.000594 0.005855 0.514211 0.478127 0.001213
2 3 0.001648 0.008022 0.581663 0.407716 0.000951
3 3 0.000827 0.004427 0.365303 0.628679 0.000764
2 3 0.001195 0.006836 0.635045 0.356167 0.000758
3 3 0.000454 0.002725 0.331451 0.664905 0.000465
3 3 0.000183 0.000483 0.076489 0.922590 0.000255
3 3 0.000325 0.000443 0.048456 0.950383 0.000392
3 3 0.000288 0.000348 0.041507 0.957513 0.000345
3 3 0.000188 0.000304 0.048324 0.950941 0.000243
3 3 0.000132 0.000224 0.045547 0.953920 0.000176
3 3 0.000156 0.000121 0.022428 0.977112 0.000183
3 3 0.000232 0.000158 0.022264 0.977088 0.000258
3 3 0.000667 0.000283 0.019349 0.979062 0.000639
3 3 0.000642 0.000248 0.017446 0.981056 0.000607
3 3 0.000300 0.000230 0.027055 0.972081 0.000334
3 3 0.000257 0.000049 0.006538 0.992923 0.000233
3 3 0.000217 0.000047 0.007062 0.992470 0.000204
3 3 0.000188 0.000050 0.008306 0.991272 0.000184
3 3 0.000191 0.000045 0.007284 0.992298 0.000183
3 3 0.000180 0.000028 0.004785 0.994845 0.000163
3 3 0.000404 0.000037 0.003615 0.995628 0.000317
3 3 0.000295 0.000031 0.003792 0.995639 0.000242
3 3 0.000342 0.000060 0.006607 0.992690 0.000301
3 3 0.000463 0.000070 0.006199 0.992880 0.000388
3 3 0.000153 0.000021 0.004089 0.995599 0.000138
3 3 0.000305 0.000052 0.006205 0.993169 0.000269
3 3 0.000282 0.000052 0.006453 0.992961 0.000253
3 3 0.000427 0.000065 0.006123 0.993025 0.000360
3 3 0.000202 0.000025 0.003944 0.995654 0.000175
3 3 0.000432 0.000043 0.004064 0.995118 0.000342
3 3 0.000272 0.000031 0.004038 0.995432 0.000228
3 3 0.000329 0.000037 0.004133 0.995231 0.000270
3 3 0.000565 0.000115 0.008865 0.989967 0.000489
3 3 0.000596 0.000052 0.003919 0.994981 0.000451
3 3 0.000383 0.000060 0.006047 0.993184 0.000327
3 3 0.000925 0.000147 0.008131 0.990054 0.000743
3 3 0.000799 0.000070 0.004314 0.994225 0.000592
3 3 0.000308 0.000042 0.005014 0.994373 0.000262
3 3 0.000495 0.000062 0.005242 0.993801 0.000401
3 3 0.000446 0.000044 0.004052 0.995106 0.000352
3 3 0.000368 0.000036 0.003799 0.995503 0.000294
3 3 0.000249 0.000022 0.003073 0.996453 0.000202
3 3 0.000278 0.000023 0.002860 0.996619 0.000220
3 3 0.000246 0.000029 0.004006 0.995510 0.000208
3 3 0.000286 0.000024 0.003006 0.996456 0.000227
3 3 0.000184 0.000020 0.003401 0.996237 0.000158
3 3 0.000356 0.000041 0.004336 0.994975 0.000292
3 3 0.000171 0.000019 0.003341 0.996322 0.000147
3 3 0.000118 0.000015 0.003446 0.996314 0.000107
3 3 0.000407 0.000046 0.004497 0.994720 0.000330
3 3 0.000359 0.000029 0.003045 0.996289 0.000278
3 3 0.000409 0.000028 0.002687 0.996572 0.000305
3 3 0.000294 0.000033 0.004054 0.995375 0.000244
3 3 0.000486 0.000022 0.001940 0.997214 0.000338
3 3 0.000414 0.000045 0.004297 0.994913 0.000332
3 3 0.000286 0.000027 0.003360 0.996095 0.000231
3 3 0.000577 0.000057 0.004409 0.994511 0.000446
3 3 0.000352 0.000031 0.003355 0.995985 0.000277
3 3 0.000746 0.000074 0.004763 0.993852 0.000566
3 3 0.000692 0.000076 0.005161 0.993533 0.000537
3 3 0.000280 0.000018 0.002238 0.997250 0.000213
3 3 0.000459 0.000049 0.004380 0.994748 0.000365
3 3 0.000176 0.000009 0.001609 0.998071 0.000135
3 3 0.000261 0.000020 0.002715 0.996797 0.000207
3 3 0.000364 0.000051 0.005401 0.993876 0.000308
3 3 0.000371 0.000051 0.005260 0.994008 0.000311
3 3 0.000437 0.000034 0.003159 0.996037 0.000332
3 3 0.000223 0.000028 0.004199 0.995357 0.000192
3 3 0.000519 0.000028 0.002325 0.996759 0.000368
3 3 0.000354 0.000028 0.002991 0.996353 0.000274
3 3 0.000794 0.000045 0.002761 0.995851 0.000549
3 3 0.000492 0.000040 0.003408 0.995688 0.000373
3 3 0.000233 0.000020 0.002843 0.996715 0.000188
3 3 0.000356 0.000034 0.003654 0.995673 0.000284
3 3 0.000356 0.000026 0.002801 0.996545 0.000273
3 3 0.000553 0.000050 0.003969 0.995006 0.000423
3 3 0.000639 0.000055 0.003964 0.994860 0.000481
3 3 0.000443 0.000039 0.003560 0.995616 0.000343
3 3 0.000640 0.000025 0.001791 0.997119 0.000425
3 3 0.000524 0.000031 0.002577 0.996491 0.000377
3 3 0.000405 0.000021 0.002032 0.997253 0.000290
3 3 0.000444 0.000040 0.003646 0.995526 0.000345
3 3 0.000440 0.000042 0.003877 0.995296 0.000345
3 3 0.000219 0.000019 0.002864 0.996719 0.000179
3 3 0.000789 0.000120 0.007384 0.991071 0.000636
3 3 0.000186 0.000014 0.002345 0.997304 0.000150
3 3 0.000676 0.000058 0.003995 0.994765 0.000505
3 3 0.000237 0.000020 0.002860 0.996691 0.000191
3 3 0.000565 0.000034 0.002652 0.996344 0.000405
3 3 0.000552 0.000022 0.001773 0.997280 0.000373
3 3 0.000177 0.000011 0.001915 0.997758 0.000139
3 3 0.000339 0.000037 0.004041 0.995307 0.000276
3 3 0.000246 0.000019 0.002643 0.996898 0.000195
3 3 0.000167 0.000022 0.003920 0.995742 0.000148
3 3 0.000176 0.000020 0.003436 0.996217 0.000151
3 3 0.000685 0.000125 0.008461 0.990154 0.000575
3 3 0.001472 0.000263 0.010509 0.986595 0.001161
3 3 0.003753 0.001265 0.026121 0.965819 0.003042
3 3 0.002221 0.000502 0.015052 0.980462 0.001762
3 3 0.001304 0.000609 0.026073 0.970810 0.001204
3 3 0.004943 0.007034 0.111373 0.871783 0.004868
3 3 0.000906 0.001004 0.053970 0.943138 0.000981
3 3 0.002178 0.002409 0.069807 0.923403 0.002203
3 3 0.003862 0.004643 0.106235 0.881875 0.003384
3 3 0.002175 0.001540 0.045572 0.948656 0.002057
3 3 0.008563 0.008918 0.097323 0.877480 0.007716
3 3 0.006562 0.006051 0.080778 0.900679 0.005930
3 3 0.006448 0.007319 0.097448 0.882769 0.006017
3 3 0.006947 0.004872 0.066931 0.915442 0.005809
3 3 0.008193 0.004370 0.051292 0.929438 0.006706
3 3 0.006954 0.006489 0.083016 0.897273 0.006267
3 3 0.007853 0.004174 0.050497 0.931030 0.006446
3 3 0.008716 0.003823 0.044532 0.936152 0.006777
3 3 0.002625 0.001629 0.042464 0.950882 0.002399
3 3 0.006594 0.003771 0.051493 0.932595 0.005547
3 3 0.014852 0.017147 0.147222 0.783512 0.037266
3 3 0.020023 0.055721 0.345768 0.383769 0.194719
2 1 0.011214 0.051547 0.465497 0.280184 0.191557
3 1 0.017011 0.057743 0.364557 0.406593 0.154096
2 1 0.011494 0.072422 0.456130 0.218970 0.240984
2 1 0.005904 0.090307 0.518101 0.069996 0.315693
2 1 0.008988 0.084360 0.432790 0.105015 0.368847
4 1 0.014090 0.083814 0.353978 0.063110 0.485007
2 1 0.009368 0.146477 0.404570 0.044415 0.395170
4 1 0.010916 0.121852 0.347807 0.053173 0.466253
2 1 0.010550 0.202627 0.378806 0.029741 0.378276
4 4 0.009286 0.138295 0.338597 0.024677 0.489144
2 4 0.011523 0.213658 0.394585 0.020661 0.359573
4 4 0.016144 0.175600 0.356027 0.018959 0.433270
4 4 0.031167 0.116646 0.256627 0.035917 0.559644
4 4 0.015084 0.071481 0.220291 0.031455 0.661689
4 4 0.011188 0.218350 0.337783 0.019795 0.412883
4 4 0.016787 0.118039 0.280320 0.040391 0.544463
4 4 0.020637 0.171199 0.300488 0.028338 0.479338
4 4 0.023257 0.130651 0.233167 0.016606 0.596319
4 4 0.015284 0.056916 0.092983 0.007579 0.827238
4 4 0.014931 0.057701 0.109918 0.007927 0.809523
4 4 0.017851 0.088624 0.125433 0.009831 0.758261
4 4 0.014198 0.049789 0.078097 0.004820 0.853096
4 4 0.040061 0.053474 0.044903 0.004312 0.857250
2 4 0.013558 0.221230 0.409256 0.041921 0.314036
4 4 0.020096 0.240624 0.274878 0.016064 0.448338
4 4 0.007473 0.257611 0.335916 0.011364 0.387637
4 4 0.014424 0.260991 0.315382 0.018734 0.390469
2 4 0.010158 0.248124 0.390851 0.023222 0.327646
2 4 0.027175 0.200942 0.455802 0.155271 0.160810
2 2 0.009718 0.218281 0.514774 0.045435 0.211792
2 2 0.013678 0.163362 0.557677 0.101260 0.164023
2 2 0.011571 0.236334 0.483760 0.045263 0.223072
2 2 0.023156 0.207200 0.484874 0.153834 0.130936
2 2 0.013314 0.239476 0.368586 0.030857 0.347766
2 2 0.019047 0.211246 0.379234 0.041849 0.348623
4 2 0.027510 0.146363 0.344638 0.058466 0.423022
2 4 0.023211 0.234074 0.436084 0.078069 0.228562
2 2 0.016376 0.273891 0.403898 0.041071 0.264762
2 2 0.022959 0.262650 0.455520 0.091610 0.167261
2 2 0.013845 0.233917 0.499958 0.063557 0.188722
2 2 0.018012 0.245867 0.482778 0.080177 0.173166
2 2 0.015262 0.232359 0.503800 0.075256 0.173323
2 2 0.019279 0.189800 0.520723 0.164744 0.105454
2 2 0.024524 0.182944 0.515311 0.114895 0.162326
2 2 0.010551 0.180731 0.582877 0.091183 0.134659
2 2 0.005890 0.105251 0.674300 0.144920 0.069639
2 2 0.009770 0.166925 0.601653 0.100482 0.121169
2 2 0.012443 0.214435 0.531901 0.071316 0.169906
2 2 0.012841 0.194176 0.558838 0.098626 0.135519
2 2 0.015917 0.238895 0.501998 0.068641 0.174550
2 2 0.010016 0.181600 0.593139 0.077381 0.137864
2 2 0.011505 0.204286 0.554287 0.069786 0.160136
2 2 0.016395 0.268405 0.440345 0.050653 0.224203
2 2 0.017166 0.196995 0.537587 0.134866 0.113386
2 2 0.011065 0.178174 0.583420 0.100810 0.126531
2 2 0.006052 0.117904 0.671719 0.119142 0.085182
2 2 0.011849 0.168415 0.586032 0.125863 0.107840
2 2 0.014537 0.233614 0.501455 0.068788 0.181607
2 2 0.012040 0.140725 0.586391 0.185633 0.075210
2 2 0.012117 0.144526 0.581822 0.164894 0.096641
2 2 0.012298 0.217165 0.527202 0.067392 0.175943
2 2 0.007404 0.115000 0.686993 0.107603 0.083000
2 2 0.011814 0.185772 0.572048 0.098941 0.131425
2 2 0.018552 0.179718 0.582852 0.137207 0.081672
2 2 0.010091 0.134268 0.636934 0.145033 0.073673
2 2 0.006220 0.104512 0.729827 0.101158 0.058283
2 2 0.006135 0.117083 0.676976 0.083813 0.115993
2 2 0.008097 0.158045 0.620553 0.089314 0.123991
2 2 0.004148 0.051620 0.854913 0.074489 0.014830
2 2 0.008232 0.067622 0.837401 0.072666 0.014079
2 2 0.013717 0.149184 0.730645 0.052936 0.053518
2 2 0.009530 0.076071 0.764738 0.130980 0.018681
2 2 0.010553 0.080033 0.703364 0.184929 0.021121
2 2 0.004119 0.028280 0.809561 0.153685 0.004354
2 2 0.003264 0.024009 0.875711 0.093724 0.003292
2 2 0.014003 0.048783 0.723185 0.208932 0.005097
2 2 0.001752 0.014321 0.792803 0.188908 0.002216
2 2 0.005345 0.033993 0.763452 0.191689 0.005521
2 2 0.013816 0.068544 0.543186 0.359909 0.014545
2 2 0.006844 0.080708 0.646941 0.229473 0.036034
2 2 0.008399 0.072097 0.689906 0.208105 0.021493
2 2 0.005555 0.058101 0.693482 0.222976 0.019886
2 2 0.005897 0.038363 0.598336 0.348585 0.008818
2 2 0.007677 0.061583 0.831898 0.086254 0.012588
2 2 0.002377 0.029932 0.882681 0.077765 0.007245
2 2 0.006389 0.077079 0.815215 0.076199 0.025119
2 2 0.003162 0.047005 0.859420 0.074795 0.015619
2 2 0.015312 0.095941 0.779110 0.091181 0.018456
2 2 0.008524 0.114585 0.729078 0.095652 0.052161
2 2 0.009047 0.052666 0.625060 0.295153 0.018074
2 2 0.021563 0.132290 0.640975 0.170882 0.034290
2 3 0.011364 0.097379 0.658388 0.200417 0.032452
2 3 0.022179 0.145205 0.559941 0.225990 0.046686
2 3 0.025586 0.211755 0.532020 0.134600 0.096039
2 3 0.033449 0.151981 0.590753 0.038312 0.185504
2 3 0.016584 0.217052 0.521428 0.103013 0.141923
2 3 0.026432 0.176046 0.610284 0.134047 0.053191
2 3 0.009773 0.167028 0.601539 0.100362 0.121299
2 3 0.008348 0.062768 0.542421 0.366770 0.019692
2 3 0.007435 0.055340 0.712055 0.212187 0.012983
2 3 0.005659 0.051724 0.780331 0.149255 0.013031
2 3 0.003010 0.023715 0.707381 0.261215 0.004679
2 3 0.013051 0.062109 0.604191 0.309366 0.011284
2 3 0.008229 0.071466 0.756619 0.144524 0.019162
2 3 0.052658 0.132751 0.617508 0.179334 0.017750
2 3 0.009535 0.103445 0.705402 0.141376 0.040243
2 3 0.011567 0.122563 0.655849 0.157930 0.052091
2 3 0.013555 0.085162 0.600856 0.278218 0.022209
2 3 0.004429 0.057939 0.738394 0.176274 0.022963
2 2 0.004801 0.078900 0.782865 0.095860 0.037574
2 2 0.009407 0.059806 0.772292 0.147475 0.011021
2 2 0.006393 0.108596 0.730770 0.093231 0.061011
2 2 0.003583 0.051624 0.743320 0.179754 0.021718
2 2 0.004251 0.058214 0.789295 0.126266 0.021974
2 2 0.005239 0.079773 0.761713 0.116149 0.037125
2 2 0.009683 0.135492 0.652020 0.127195 0.075609
2 2 0.010566 0.103579 0.729732 0.121319 0.034805
2 3 0.008986 0.162702 0.610505 0.095709 0.122097
2 3 0.006539 0.084193 0.750583 0.124277 0.034408
2 3 0.012015 0.055604 0.622667 0.300428 0.009287
2 3 0.011045 0.073639 0.524149 0.369194 0.021972
2 3 0.007790 0.071221 0.726999 0.172805 0.021186
2 3 0.006013 0.053228 0.709875 0.216150 0.014734
2 3 0.016367 0.074776 0.581955 0.312763 0.014138
3 3 0.006886 0.027374 0.474766 0.481451 0.009523
3 3 0.011789 0.035264 0.418910 0.526026 0.008010
2 3 0.011609 0.052693 0.529649 0.395325 0.010723
2 3 0.010715 0.060355 0.507077 0.402501 0.019352
3 3 0.016572 0.054177 0.382845 0.525950 0.020456
2 3 0.010676 0.049639 0.480622 0.447101 0.011962
3 3 0.008278 0.038191 0.421918 0.518768 0.012845
3 3 0.012633 0.026229 0.251622 0.699337 0.010179
3 3 0.006828 0.019856 0.310317 0.653605 0.009394
2 3 0.019876 0.071785 0.544405 0.329209 0.034725
3 3 0.013229 0.040833 0.445907 0.485018 0.015013
3 3 0.016049 0.051450 0.299633 0.613790 0.019077
3 3 0.015489 0.042895 0.269376 0.651514 0.020725
2 3 0.022349 0.074072 0.468366 0.411253 0.023961
2 3 0.009352 0.072101 0.604425 0.270347 0.043775
2 3 0.019049 0.135617 0.623864 0.177310 0.044159
2 3 0.006820 0.073247 0.607846 0.276731 0.035355
2 3 0.021219 0.125930 0.537700 0.277945 0.037206
2 3 0.011734 0.155003 0.591924 0.149094 0.092244
2 2 0.019391 0.195579 0.551936 0.135574 0.097520
2 2 0.017561 0.165828 0.613312 0.133854 0.069445
2 2 0.019676 0.258892 0.463127 0.077105 0.181200
2 2 0.023450 0.202784 0.494482 0.181348 0.097936
2 2 0.020178 0.219898 0.561617 0.057075 0.141233
2 2 0.016236 0.077921 0.587670 0.261260 0.056912
2 3 0.013271 0.128250 0.559801 0.224628 0.074050
2 3 0.009809 0.165178 0.603067 0.103627 0.118319
2 3 0.015585 0.217312 0.523981 0.094485 0.148639
2 3 0.012086 0.081180 0.494123 0.364340 0.048270
2 3 0.021408 0.244673 0.502480 0.069373 0.162065
2 3 0.028906 0.254308 0.449078 0.134301 0.133407
2 3 0.047584 0.345433 0.350697 0.055087 0.201200
2 0 0.150660 0.277423 0.333187 0.020569 0.218161
1 1 0.066583 0.375065 0.284351 0.102690 0.171310
2 1 0.024355 0.276456 0.461953 0.069683 0.167552
2 1 0.018649 0.255467 0.468297 0.074474 0.183114
2 1 0.016162 0.227292 0.510318 0.087357 0.158871
2 1 0.024395 0.221022 0.547678 0.107836 0.099069
2 1 0.016939 0.237723 0.495136 0.081555 0.168648
1 1 0.024260 0.334608 0.328417 0.036589 0.276125
2 1 0.021908 0.284142 0.426002 0.059045 0.208902
2 1 0.012005 0.261699 0.424908 0.031875 0.269513
2 1 0.021234 0.317501 0.353522 0.037499 0.270245
1 1 0.030296 0.359655 0.296061 0.037324 0.276664
2 1 0.010603 0.236987 0.476415 0.038773 0.237222
2 1 0.006766 0.219702 0.466202 0.022550 0.284780
2 2 0.007575 0.247206 0.385776 0.015627 0.343816
4 2 0.021199 0.269439 0.291095 0.012495 0.405772
4 2 0.010543 0.092205 0.334379 0.020342 0.542531
4 4 0.036641 0.059372 0.045228 0.002518 0.856242
4 4 0.023695 0.113692 0.116326 0.011293 0.734994
4 4 0.031829 0.064180 0.040814 0.000876 0.862301
4 4 0.043813 0.047107 0.036881 0.003098 0.869100
0 4 0.496349 0.061971 0.032779 0.000002 0.408899
4 4 0.337217 0.158721 0.074144 0.000080 0.429838
4 4 0.052333 0.174631 0.083288 0.001110 0.688638
4 4 0.015975 0.312188 0.225685 0.004170 0.441982
4 4 0.017025 0.322252 0.256974 0.008672 0.395076
4 4 0.019135 0.332107 0.275377 0.014169 0.359212
4 4 0.042823 0.226457 0.148691 0.006123 0.575905
4 4 0.019201 0.295594 0.251291 0.012372 0.421542
4 4 0.030854 0.100400 0.138861 0.002280 0.727604
4 4 0.032240 0.295566 0.181762 0.004329 0.486102
4 4 0.014325 0.299996 0.247897 0.006987 0.430795
4 4 0.008450 0.237953 0.343091 0.015234 0.395272
4 4 0.008338 0.195886 0.297086 0.015031 0.483658
4 4 0.014741 0.113143 0.224590 0.019136 0.628390
4 4 0.010648 0.100522 0.238016 0.010518 0.640296
4 4 0.010912 0.191784 0.306032 0.016392 0.474880
4 4 0.012691 0.167056 0.269434 0.021748 0.529070
4 4 0.015838 0.166551 0.287122 0.022273 0.508217
4 4 0.019679 0.305474 0.316634 0.023588 0.334624
4 4 0.014880 0.164574 0.278966 0.022416 0.519164
4 4 0.011106 0.191208 0.276845 0.014678 0.506163
4 4 0.030027 0.090496 0.058466 0.001183 0.819828
4 4 0.034811 0.091069 0.055069 0.001054 0.817997
4 4 0.061301 0.075336 0.044402 0.001806 0.817154
4 4 0.050359 0.113166 0.072006 0.002911 0.761557
4 4 0.087561 0.155382 0.089021 0.005545 0.662490
4 4 0.013352 0.060775 0.127072 0.010005 0.788796
4 4 0.010253 0.157084 0.197421 0.008382 0.626860
4 4 0.018916 0.082963 0.215920 0.032903 0.649298
4 4 0.018315 0.078990 0.213861 0.023973 0.664862
4 4 0.024117 0.083498 0.166048 0.023890 0.702447
4 4 0.030006 0.032914 0.029183 0.002494 0.905404
4 4 0.023272 0.059007 0.056352 0.002194 0.859175
4 4 0.022544 0.116102 0.130240 0.006964 0.724150
4 4 0.017997 0.049367 0.065808 0.006238 0.860590
4 4 0.042749 0.076772 0.056507 0.003329 0.820643
4 4 0.032403 0.032091 0.020508 0.000523 0.914474
4 4 0.039982 0.022995 0.017384 0.001281 0.918358
4 4 0.032798 0.023162 0.017996 0.001107 0.924937
4 4 0.035181 0.032479 0.023191 0.001042 0.908105
4 4 0.044441 0.023698 0.014814 0.000588 0.916459
4 4 0.025498 0.174746 0.127374 0.003472 0.668910
4 4 0.037868 0.056639 0.038037 0.001339 0.866117
4 4 0.027452 0.114934 0.123196 0.005327 0.729092
4 4 0.023078 0.093274 0.082178 0.003131 0.798339
4 4 0.016979 0.135353 0.197256 0.014920 0.635492
4 4 0.013394 0.145425 0.184945 0.012028 0.644207
4 4 0.029415 0.065855 0.081294 0.005664 0.817772
4 4 0.019049 0.128976 0.174815 0.011920 0.665240
4 4 0.026792 0.058011 0.124098 0.021659 0.769440
4 4 0.028640 0.095985 0.258588 0.058215 0.558572
4 1 0.023669 0.173166 0.278888 0.032441 0.491835
2 1 0.014125 0.158545 0.395622 0.055294 0.376414
4 1 0.033032 0.154912 0.338251 0.049127 0.424678
4 1 0.030893 0.181810 0.337932 0.040275 0.409090
2 1 0.019115 0.278047 0.377143 0.034525 0.291170
2 1 0.036037 0.335663 0.352292 0.067497 0.208511
1 1 0.035473 0.356789 0.315248 0.052760 0.239730
2 1 0.021787 0.306505 0.380998 0.046990 0.243720
2 1 0.031089 0.335052 0.347662 0.037560 0.248636
1 1 0.032242 0.359697 0.302462 0.042279 0.263320
4 1 0.011637 0.298898 0.288606 0.012752 0.388108
4 1 0.032614 0.222878 0.124240 0.001670 0.618597
4 1 0.015895 0.319998 0.293076 0.017792 0.353240
4 1 0.012184 0.302036 0.289504 0.013423 0.382853
4 1 0.007174 0.250144 0.358266 0.012552 0.371865
2 2 0.006910 0.220064 0.468599 0.023368 0.281060
2 2 0.008951 0.255168 0.393947 0.019359 0.322575
4 2 0.006494 0.199750 0.357607 0.009519 0.426631
2 2 0.013207 0.283922 0.374446 0.025554 0.302870
2 2 0.013007 0.292898 0.341930 0.020372 0.331792
4 2 0.013229 0.259565 0.281359 0.010328 0.435519
1 2 0.022732 0.343676 0.288946 0.022485 0.322161
4 2 0.032869 0.190511 0.199855 0.008666 0.568100
4 2 0.021687 0.241439 0.211309 0.008056 0.517509
4 2 0.053750 0.235201 0.312795 0.011701 0.386553
2 2 0.007777 0.225335 0.470284 0.026658 0.269946
2 2 0.013171 0.254093 0.455098 0.043153 0.234485
2 2 0.012309 0.262512 0.426056 0.033003 0.266120
2 2 0.013245 0.271806 0.410399 0.032325 0.272224
2 2 0.022290 0.290410 0.413636 0.061594 0.212070
2 2 0.012425 0.111945 0.548949 0.215891 0.110790
