4 4 0.262829 0.081950 0.015293 0.000281 0.639648
1 4 0.244077 0.371390 0.036685 0.000064 0.347785
4 4 0.202947 0.350155 0.050503 0.000085 0.396310
4 4 0.329314 0.137258 0.017460 0.000088 0.515880
4 4 0.181585 0.230898 0.019468 0.000079 0.567971
1 4 0.174334 0.488361 0.165629 0.000755 0.170922
1 4 0.146862 0.525118 0.193304 0.000513 0.134204
1 4 0.092363 0.603511 0.206123 0.001137 0.096866
1 4 0.088936 0.553051 0.206685 0.000576 0.150752
1 4 0.117290 0.537534 0.216431 0.001076 0.127669
4 4 0.215770 0.282974 0.168448 0.000541 0.332268
1 4 0.102484 0.508304 0.159942 0.000364 0.228906
1 4 0.090665 0.543717 0.158093 0.000077 0.207447
1 4 0.090955 0.607917 0.167572 0.000493 0.133063
1 4 0.118597 0.605925 0.174026 0.000753 0.100699
1 4 0.130574 0.534914 0.259758 0.002093 0.072661
1 4 0.246707 0.489712 0.229408 0.002737 0.031436
1 4 0.090419 0.545387 0.263436 0.001907 0.098851
1 0 0.157808 0.533241 0.263940 0.003030 0.041981
1 1 0.125079 0.599775 0.251396 0.002512 0.021238
1 1 0.110435 0.551360 0.323493 0.002529 0.012184
1 1 0.117123 0.556086 0.310529 0.002582 0.013680
1 1 0.088250 0.568415 0.327075 0.001446 0.014814
1 1 0.156571 0.538857 0.289549 0.002672 0.012351
1 2 0.104462 0.515168 0.358293 0.003815 0.018261
2 2 0.020032 0.222771 0.746539 0.001684 0.008974
2 2 0.015081 0.182619 0.792961 0.003821 0.005518
2 2 0.019039 0.183066 0.787928 0.003866 0.006101
2 2 0.111631 0.406746 0.472435 0.003180 0.006009
2 2 0.085542 0.389991 0.511892 0.002262 0.010312
2 2 0.000173 0.029424 0.967138 0.002698 0.000568
2 2 0.000067 0.015483 0.976212 0.007472 0.000767
2 2 0.000646 0.070787 0.922586 0.004890 0.001091
2 2 0.000069 0.014960 0.980200 0.003788 0.000983
2 2 0.000017 0.005851 0.990215 0.003162 0.000755
2 2 0.000037 0.010813 0.982017 0.006517 0.000616
2 2 0.000045 0.010674 0.972026 0.016840 0.000415
2 2 0.000028 0.009753 0.978812 0.010962 0.000445
2 3 0.000039 0.012070 0.967036 0.020399 0.000456
2 2 0.000104 0.020275 0.952517 0.026344 0.000760
2 3 0.000018 0.006968 0.958473 0.034145 0.000396
2 3 0.000033 0.005681 0.861009 0.132931 0.000346
2 3 0.000023 0.007003 0.767921 0.224702 0.000351
2 3 0.000036 0.011196 0.914545 0.073912 0.000311
2 3 0.000021 0.007726 0.860513 0.131449 0.000291
2 3 0.000103 0.015051 0.730980 0.253013 0.000854
3 3 0.000151 0.011662 0.431993 0.555580 0.000613
2 3 0.000084 0.008031 0.578375 0.412864 0.000646
3 3 0.000171 0.009169 0.362718 0.627256 0.000686
2 3 0.000105 0.014255 0.556904 0.428144 0.000593
3 3 0.000106 0.004748 0.289677 0.704945 0.000524
3 3 0.000067 0.003032 0.250854 0.745753 0.000295
3 3 0.000104 0.009218 0.342051 0.647986 0.000642
3 3 0.000103 0.008420 0.309487 0.681542 0.000447
3 3 0.000094 0.004430 0.303197 0.691828 0.000450
3 3 0.000172 0.002938 0.114908 0.881699 0.000283
3 3 0.000254 0.005107 0.135494 0.858784 0.000361
3 3 0.000102 0.004481 0.301481 0.693391 0.000545
3 3 0.000102 0.003439 0.185404 0.810554 0.000501
3 3 0.000159 0.008161 0.287413 0.703372 0.000895
3 3 0.000111 0.004616 0.181000 0.813592 0.000680
3 3 0.000287 0.006138 0.160723 0.831955 0.000896
3 3 0.000615 0.023020 0.257047 0.717884 0.001434
3 3 0.000361 0.007418 0.168034 0.823399 0.000787
3 3 0.000423 0.010314 0.226963 0.761282 0.001018
3 3 0.000297 0.013645 0.286865 0.697485 0.001708
3 3 0.000648 0.032516 0.372698 0.592939 0.001199
3 3 0.000353 0.018948 0.308950 0.670655 0.001095
3 3 0.000325 0.011432 0.204831 0.782627 0.000785
3 3 0.000200 0.012790 0.305708 0.680303 0.000999
3 3 0.000095 0.007662 0.270180 0.721350 0.000713
3 3 0.000089 0.002417 0.244794 0.752478 0.000222
3 3 0.000084 0.005830 0.223123 0.770551 0.000413
3 3 0.000081 0.003262 0.162635 0.833711 0.000311
3 3 0.000070 0.005029 0.246490 0.747811 0.000600
3 3 0.000088 0.006663 0.270369 0.722451 0.000428
3 3 0.000056 0.005643 0.305355 0.688523 0.000423
3 3 0.000080 0.002990 0.161305 0.835364 0.000261
3 3 0.000080 0.004382 0.209801 0.785304 0.000433
3 3 0.000084 0.002669 0.153462 0.843561 0.000223
3 3 0.000077 0.002137 0.129525 0.868028 0.000233
3 3 0.000276 0.004212 0.109490 0.885792 0.000230
3 3 0.000064 0.001792 0.121262 0.876638 0.000245
3 3 0.000073 0.002462 0.140466 0.856762 0.000237
3 3 0.000075 0.003932 0.148196 0.847490 0.000307
1 3 0.066293 0.460033 0.457196 0.008749 0.007729
1 3 0.085783 0.493638 0.405079 0.007349 0.008151
1 2 0.049278 0.502201 0.436249 0.004409 0.007864
1 3 0.052627 0.489718 0.446687 0.004268 0.006699
2 3 0.027561 0.370138 0.585472 0.007673 0.009157
1 3 0.130580 0.462471 0.393585 0.005861 0.007502
1 3 0.071503 0.501565 0.411013 0.007378 0.008541
1 2 0.093468 0.473814 0.415044 0.002777 0.014897
2 2 0.033043 0.382150 0.566115 0.008631 0.010061
1 2 0.056608 0.515533 0.413672 0.005920 0.008268
2 2 0.026392 0.307371 0.648207 0.012588 0.005441
2 2 0.042382 0.423282 0.529197 0.002252 0.002888
2 2 0.055026 0.468054 0.471175 0.002462 0.003283
2 2 0.016957 0.201386 0.762799 0.014712 0.004146
2 2 0.031605 0.444374 0.517159 0.003392 0.003470
1 2 0.086264 0.561426 0.340019 0.005387 0.006904
1 2 0.148208 0.448440 0.389311 0.008835 0.005206
1 2 0.122728 0.447192 0.407734 0.008565 0.013780
1 2 0.109080 0.438647 0.434043 0.011777 0.006453
1 2 0.093062 0.510997 0.383653 0.005233 0.007055
1 2 0.196713 0.424842 0.362578 0.002911 0.012956
2 2 0.074026 0.449273 0.464505 0.005176 0.007020
1 2 0.125893 0.534153 0.330393 0.002636 0.006925
1 2 0.160934 0.441385 0.386606 0.001795 0.009280
1 2 0.071185 0.508495 0.404404 0.004538 0.011379
1 2 0.095272 0.556369 0.335571 0.002019 0.010768
1 2 0.121512 0.525030 0.340746 0.002386 0.010326
1 2 0.106753 0.527077 0.355336 0.002751 0.008082
1 2 0.123894 0.495472 0.372638 0.002176 0.005821
1 2 0.109236 0.481524 0.398399 0.002624 0.008216
2 2 0.061171 0.389831 0.535724 0.007731 0.005543
2 2 0.091491 0.384641 0.516192 0.003963 0.003713
2 2 0.042669 0.323315 0.613465 0.008311 0.012240
1 2 0.106848 0.444944 0.438388 0.003179 0.006641
1 2 0.080310 0.461756 0.444909 0.007993 0.005032
1 2 0.193163 0.417521 0.377295 0.003422 0.008600
1 2 0.126689 0.504917 0.357937 0.002791 0.007666
1 2 0.133661 0.441030 0.413766 0.005537 0.006006
1 2 0.058245 0.499590 0.428845 0.005068 0.008253
1 2 0.111354 0.476461 0.397206 0.006779 0.008200
1 2 0.106015 0.492318 0.389304 0.003217 0.009146
1 2 0.219269 0.436044 0.329451 0.004236 0.010999
1 2 0.180825 0.480633 0.325742 0.002514 0.010287
1 2 0.145139 0.527971 0.315770 0.003892 0.007228
1 2 0.140623 0.432848 0.410668 0.006556 0.009305
1 2 0.121447 0.440840 0.427312 0.002872 0.007528
2 2 0.036511 0.271430 0.682713 0.003678 0.005668
2 2 0.050997 0.421034 0.519581 0.003094 0.005294
1 2 0.066977 0.467084 0.458125 0.003738 0.004076
1 2 0.065494 0.527457 0.398488 0.003483 0.005078
1 2 0.152072 0.510529 0.314367 0.003166 0.019866
1 2 0.152785 0.488687 0.341249 0.006067 0.011212
1 2 0.150965 0.479051 0.350137 0.003342 0.016505
1 2 0.198688 0.517480 0.267618 0.003026 0.013188
1 2 0.113436 0.596282 0.275422 0.003055 0.011806
1 2 0.186862 0.522438 0.274777 0.003458 0.012464
1 2 0.149149 0.529222 0.307020 0.002879 0.011729
1 2 0.133574 0.555359 0.295900 0.003754 0.011413
1 2 0.149678 0.516711 0.304931 0.002643 0.026038
1 2 0.186898 0.513920 0.279185 0.005346 0.014651
1 2 0.140063 0.480763 0.372084 0.002939 0.004151
1 2 0.099281 0.519558 0.374848 0.002386 0.003928
1 2 0.090702 0.500185 0.401938 0.002994 0.004181
1 2 0.119600 0.501401 0.369876 0.003153 0.005971
2 2 0.096270 0.428514 0.464040 0.003796 0.007380
2 2 0.072144 0.357966 0.556531 0.002602 0.010758
1 2 0.074142 0.531993 0.382404 0.002077 0.009383
1 2 0.110808 0.526771 0.353319 0.002086 0.007016
1 2 0.068814 0.463212 0.454995 0.002201 0.010779
1 2 0.061262 0.488852 0.440260 0.001958 0.007668
1 2 0.118740 0.486501 0.376755 0.004546 0.013459
1 2 0.175912 0.489564 0.322707 0.002043 0.009773
1 2 0.124647 0.533949 0.329482 0.002068 0.009853
1 2 0.140372 0.455736 0.389806 0.002906 0.011180
2 2 0.045324 0.375721 0.555127 0.005125 0.018704
2 2 0.085231 0.374549 0.534314 0.001238 0.004668
2 2 0.080825 0.451966 0.457797 0.003035 0.006377
1 2 0.149684 0.463091 0.375280 0.003370 0.008575
2 2 0.025434 0.332878 0.629953 0.003432 0.008302
2 2 0.004660 0.117026 0.864841 0.008175 0.005298
2 2 0.003270 0.145233 0.842949 0.001942 0.006606
2 2 0.009231 0.235934 0.748410 0.001170 0.005254
2 2 0.013609 0.338430 0.641034 0.001787 0.005140
2 2 0.012911 0.234743 0.745865 0.002638 0.003844
2 2 0.001714 0.073632 0.917494 0.001957 0.005203
1 2 0.068012 0.479009 0.442124 0.002773 0.008081
1 2 0.134198 0.438933 0.414735 0.001973 0.010162
2 2 0.059305 0.410284 0.518883 0.003351 0.008177
2 2 0.039058 0.431428 0.514117 0.001885 0.013512
2 2 0.046373 0.376853 0.564929 0.002883 0.008961
2 2 0.011410 0.151950 0.827580 0.006110 0.002950
2 2 0.034773 0.350090 0.610397 0.002010 0.002729
2 2 0.001452 0.034694 0.955428 0.002789 0.005637
2 2 0.002277 0.077175 0.910726 0.005184 0.004638
2 2 0.002489 0.073083 0.911181 0.004711 0.008536
2 2 0.009587 0.267107 0.715656 0.002249 0.005400
2 2 0.000646 0.044802 0.948485 0.000893 0.005173
2 2 0.000780 0.039554 0.947898 0.003133 0.008635
2 2 0.004812 0.135364 0.848651 0.008365 0.002808
2 2 0.019215 0.440635 0.533905 0.001424 0.004820
2 2 0.020258 0.237063 0.734059 0.004584 0.004036
2 2 0.003137 0.101472 0.882620 0.006117 0.006655
2 2 0.040266 0.458987 0.493881 0.001810 0.005056
2 2 0.016443 0.333148 0.641253 0.003067 0.006088
2 2 0.057081 0.398636 0.534655 0.003189 0.006440
1 2 0.214685 0.486377 0.278745 0.003811 0.016382
1 2 0.148005 0.471065 0.363504 0.003798 0.013628
1 4 0.253864 0.376675 0.322525 0.001870 0.045065
1 4 0.269960 0.476690 0.237265 0.002491 0.013594
1 4 0.229540 0.522714 0.233441 0.001595 0.012710
1 4 0.238085 0.487740 0.256363 0.003270 0.014542
1 4 0.105587 0.498385 0.376737 0.004346 0.014945
1 4 0.120406 0.529131 0.336273 0.004376 0.009814
1 4 0.198260 0.523704 0.255446 0.002426 0.020164
1 4 0.141650 0.563720 0.278520 0.004955 0.011155
1 4 0.177197 0.468725 0.313245 0.007812 0.033020
1 4 0.282549 0.420282 0.266301 0.004244 0.026623
1 0 0.303237 0.468473 0.201037 0.004503 0.022750
1 4 0.202031 0.549902 0.218718 0.007322 0.022027
1 4 0.164769 0.589991 0.220037 0.005065 0.020137
1 4 0.182040 0.499302 0.303031 0.003401 0.012226
1 4 0.146373 0.535624 0.306932 0.003041 0.008031
1 4 0.106528 0.551820 0.325106 0.003948 0.012598
1 4 0.112679 0.527086 0.342088 0.003358 0.014789
1 4 0.156104 0.552646 0.272914 0.002800 0.015536
1 4 0.218765 0.485810 0.271228 0.002633 0.021564
1 4 0.171971 0.564260 0.230959 0.002649 0.030161
1 4 0.119250 0.590951 0.266308 0.002202 0.021289
1 1 0.142934 0.603139 0.230204 0.001865 0.021858
0 0 0.402161 0.259789 0.238275 0.002473 0.097303
1 1 0.177221 0.532399 0.276773 0.003104 0.010503
1 1 0.178162 0.514599 0.290428 0.005069 0.011742
1 1 0.132217 0.568694 0.281104 0.003081 0.014904
1 1 0.152554 0.572930 0.260817 0.002848 0.010851
1 0 0.317261 0.351199 0.252037 0.001986 0.077517
1 1 0.079396 0.546182 0.364217 0.001575 0.008630
1 1 0.120032 0.562880 0.304682 0.001841 0.010565
1 1 0.058533 0.547919 0.374716 0.002342 0.016490
1 1 0.117886 0.471793 0.395099 0.002540 0.012681
1 1 0.130191 0.528332 0.330731 0.002069 0.008676
1 1 0.194896 0.492452 0.300829 0.002776 0.009047
1 1 0.116928 0.502710 0.366616 0.004520 0.009226
1 1 0.245305 0.439077 0.299265 0.001907 0.014446
1 0 0.204979 0.459644 0.310661 0.002596 0.022119
1 1 0.121243 0.546061 0.321502 0.003511 0.007683
1 1 0.047052 0.479771 0.463944 0.002149 0.007084
2 1 0.103729 0.419492 0.468820 0.001922 0.006037
2 4 0.128183 0.355615 0.503735 0.001854 0.010613
2 2 0.034473 0.263171 0.691026 0.003785 0.007545
2 2 0.060572 0.394229 0.532935 0.002832 0.009433
2 2 0.060137 0.408897 0.522283 0.004131 0.004552
2 2 0.084388 0.436475 0.471491 0.002410 0.005237
2 2 0.017277 0.177214 0.796903 0.003804 0.004802
2 2 0.038568 0.292285 0.659670 0.004321 0.005156
2 2 0.072340 0.456945 0.461347 0.002914 0.006455
1 2 0.062334 0.486517 0.441877 0.001654 0.007619
2 2 0.006213 0.142910 0.835851 0.003270 0.011755
2 2 0.014521 0.228839 0.743509 0.005052 0.008078
2 2 0.092172 0.361759 0.538912 0.002189 0.004967
2 2 0.031137 0.424682 0.530756 0.003839 0.009587
2 2 0.016849 0.269520 0.703639 0.001463 0.008529
2 2 0.029183 0.314727 0.648435 0.001658 0.005998
2 2 0.027163 0.419921 0.542606 0.002135 0.008177
2 2 0.080318 0.390654 0.516444 0.001089 0.011494
2 2 0.073781 0.290055 0.624749 0.002711 0.008704
2 2 0.004539 0.082244 0.896808 0.005159 0.011249
2 2 0.047343 0.301310 0.638618 0.004054 0.008675
2 2 0.071144 0.223624 0.688705 0.001795 0.014732
2 2 0.028559 0.401698 0.562350 0.001931 0.005462
2 2 0.013389 0.124568 0.844951 0.011758 0.005335
2 2 0.069822 0.428228 0.486974 0.004613 0.010364
1 2 0.043895 0.492507 0.454290 0.002412 0.006896
1 2 0.148383 0.483283 0.359790 0.002701 0.005843
1 2 0.198914 0.392783 0.392750 0.002496 0.013057
1 2 0.097405 0.529784 0.364276 0.001819 0.006716
1 2 0.142760 0.470466 0.374711 0.001735 0.010329
2 2 0.028196 0.170036 0.783776 0.003533 0.014460
1 2 0.093978 0.505425 0.391973 0.001626 0.006997
2 2 0.049843 0.454748 0.482177 0.001674 0.011558
2 2 0.043234 0.281339 0.661073 0.002104 0.012250
2 2 0.207363 0.353608 0.415719 0.005017 0.018293
2 2 0.239955 0.325655 0.420261 0.002427 0.011702
2 2 0.127613 0.324128 0.529787 0.005020 0.013453
2 2 0.236168 0.343025 0.400069 0.007134 0.013604
1 2 0.194493 0.484423 0.308084 0.004198 0.008802
1 2 0.291611 0.400079 0.292391 0.004480 0.011440
1 2 0.193683 0.448836 0.333240 0.009016 0.015226
1 1 0.182958 0.497762 0.297491 0.004765 0.017024
1 1 0.174178 0.474498 0.339807 0.002673 0.008845
1 2 0.122423 0.477038 0.385051 0.006897 0.008590
2 2 0.052954 0.420054 0.514928 0.004353 0.007712
2 2 0.038843 0.160219 0.766033 0.009223 0.025682
1 2 0.090761 0.510833 0.390246 0.002238 0.005922
2 2 0.021732 0.218267 0.745206 0.002528 0.012266
1 2 0.165739 0.429908 0.374661 0.001800 0.027893
2 2 0.129653 0.267914 0.551660 0.006620 0.044154
0 2 0.466730 0.323777 0.174214 0.002302 0.032976
1 1 0.351047 0.449448 0.173488 0.002965 0.023052
0 0 0.463067 0.240578 0.197887 0.003709 0.094759
0 1 0.402154 0.354501 0.176818 0.005373 0.061154
1 1 0.153613 0.535468 0.299071 0.002296 0.009552
1 1 0.099222 0.551342 0.337207 0.003623 0.008606
1 1 0.158889 0.508902 0.323227 0.001972 0.007010
1 1 0.143803 0.525546 0.317536 0.002918 0.010197
1 1 0.165113 0.510413 0.313642 0.003394 0.007438
1 1 0.209448 0.517443 0.256449 0.001691 0.014969
1 1 0.173799 0.471417 0.325480 0.004414 0.024891
1 1 0.151302 0.530686 0.300894 0.003936 0.013182
1 1 0.169039 0.507344 0.301557 0.004519 0.017542
1 2 0.096723 0.547488 0.331789 0.004111 0.019889
1 2 0.125705 0.483077 0.363966 0.001229 0.026022
1 2 0.097582 0.486441 0.402371 0.004452 0.009153
1 2 0.133645 0.463489 0.391991 0.004010 0.006864
1 2 0.149788 0.544424 0.291538 0.003584 0.010667
2 2 0.149182 0.356363 0.469659 0.004564 0.020233
2 2 0.010599 0.150063 0.831875 0.002609 0.004854
2 2 0.040752 0.353634 0.590780 0.002327 0.012506
2 2 0.005221 0.131639 0.854911 0.000568 0.007660
2 2 0.007270 0.189224 0.785127 0.002698 0.015681
1 2 0.055977 0.491990 0.443497 0.001239 0.007297
2 2 0.015766 0.209869 0.764233 0.005187 0.004944
2 2 0.034555 0.201978 0.753445 0.004093 0.005929
2 2 0.012849 0.246209 0.728311 0.006588 0.006044
2 2 0.013299 0.231910 0.740712 0.006893 0.007186
1 2 0.078263 0.485008 0.430546 0.001397 0.004786
1 2 0.079810 0.523881 0.386285 0.004807 0.005217
2 2 0.047650 0.396877 0.540442 0.008138 0.006892
2 2 0.160227 0.326792 0.502663 0.002779 0.007539
1 2 0.093424 0.464132 0.432981 0.003638 0.005826
1 2 0.140289 0.492882 0.356902 0.002353 0.007574
0 2 0.601480 0.276861 0.094958 0.000800 0.025900
0 2 0.807649 0.098800 0.037582 0.000170 0.055799
0 0 0.932653 0.023879 0.025535 0.002206 0.015728
0 0 0.937995 0.028774 0.019749 0.001595 0.011887
0 0 0.883786 0.028175 0.018424 0.001458 0.068157
0 0 0.531577 0.052096 0.011118 0.000205 0.405005
0 0 0.826376 0.011811 0.001810 0.000029 0.159973
0 0 0.883735 0.008092 0.000862 0.000010 0.107301
0 0 0.673878 0.016641 0.001329 0.000002 0.308150
0 0 0.605416 0.025763 0.002041 0.000001 0.366778
4 0 0.124652 0.175544 0.027021 0.000013 0.672769
4 0 0.277345 0.171873 0.041741 0.000065 0.508976
1 0 0.095065 0.410454 0.093012 0.000029 0.401440
1 4 0.101927 0.494858 0.102215 0.000050 0.300950
1 4 0.103444 0.431076 0.087918 0.000051 0.377512
1 4 0.166853 0.391627 0.076806 0.000110 0.364604
4 4 0.239979 0.296541 0.057035 0.000643 0.405802
1 4 0.231866 0.442504 0.077185 0.000729 0.247717
4 4 0.261381 0.108776 0.021064 0.000532 0.608247
4 4 0.274463 0.179745 0.051269 0.000256 0.494267
4 4 0.306789 0.131444 0.012835 0.000013 0.548919
4 4 0.352425 0.082150 0.008849 0.000020 0.556555
4 4 0.426772 0.045991 0.006541 0.000056 0.520640
4 4 0.388737 0.045121 0.006079 0.000055 0.560007
4 4 0.408480 0.048720 0.003948 0.000014 0.538837
0 4 0.766337 0.027427 0.004931 0.000054 0.201251
0 4 0.592428 0.060444 0.003808 0.000016 0.343304
0 4 0.686281 0.057040 0.019485 0.000426 0.236767
0 4 0.763444 0.062261 0.004893 0.000038 0.169364
0 4 0.728807 0.058723 0.014642 0.000142 0.197686
4 4 0.356801 0.031635 0.002907 0.000016 0.608641
0 4 0.512676 0.080625 0.007044 0.000132 0.399523
4 4 0.335299 0.036856 0.002954 0.000016 0.624875
4 4 0.266280 0.090524 0.010189 0.000016 0.632992
4 4 0.283855 0.034558 0.002996 0.000014 0.678577
4 4 0.405319 0.032998 0.003516 0.000026 0.558140
4 4 0.273732 0.046815 0.001441 0.000002 0.678010
4 4 0.309560 0.080732 0.011682 0.000028 0.597999
4 4 0.289189 0.025067 0.001587 0.000004 0.684153
4 4 0.443307 0.055461 0.002991 0.000005 0.498236
4 4 0.443860 0.021915 0.001414 0.000004 0.532807
4 4 0.419994 0.027325 0.002478 0.000014 0.550188
0 4 0.495971 0.056892 0.003677 0.000007 0.443453
4 4 0.386279 0.035090 0.003822 0.000029 0.574780
4 4 0.468443 0.021148 0.001612 0.000007 0.508792
0 4 0.540088 0.013817 0.000348 0.000000 0.445746
4 4 0.346482 0.017887 0.000907 0.000002 0.634723
4 4 0.274680 0.012143 0.000365 0.000000 0.712811
4 4 0.329272 0.024166 0.001597 0.000005 0.644960
4 4 0.245817 0.105005 0.010999 0.000007 0.638173
4 4 0.436775 0.089527 0.003999 0.000014 0.469685
4 4 0.160735 0.177501 0.027871 0.000019 0.633874
0 4 0.519225 0.044114 0.008495 0.000198 0.427968
4 4 0.432357 0.082513 0.009541 0.000203 0.475387
4 4 0.390412 0.072008 0.014563 0.000179 0.522838
0 4 0.588218 0.022640 0.002058 0.000006 0.387079
0 4 0.643557 0.025771 0.000980 0.000001 0.329690
0 4 0.713667 0.021447 0.003647 0.000081 0.261158
0 4 0.649860 0.011632 0.000773 0.000003 0.337731
0 4 0.677356 0.016579 0.001250 0.000009 0.304807
4 4 0.145970 0.172721 0.033947 0.000106 0.647257
1 4 0.123780 0.449826 0.107889 0.000439 0.318066
4 4 0.161572 0.311401 0.096759 0.000239 0.430029
4 4 0.356584 0.199158 0.070694 0.000187 0.373376
4 4 0.162722 0.211683 0.049927 0.000171 0.575496
1 4 0.067083 0.477777 0.198542 0.000017 0.256581
1 4 0.047269 0.416590 0.278780 0.000040 0.257321
1 4 0.051237 0.436768 0.334758 0.000224 0.177013
1 4 0.064833 0.481002 0.264356 0.000110 0.189699
1 4 0.068877 0.431296 0.209639 0.000045 0.290143
1 4 0.280484 0.435649 0.112171 0.000508 0.171187
1 1 0.169632 0.500856 0.103223 0.000220 0.226069
4 4 0.316865 0.228693 0.092057 0.000220 0.362165
1 4 0.151417 0.500505 0.157321 0.001985 0.188772
1 4 0.110552 0.428247 0.116719 0.000195 0.344287
1 4 0.047612 0.469494 0.291275 0.000022 0.191597
1 4 0.038972 0.413687 0.367080 0.000057 0.180203
1 4 0.036834 0.420219 0.367637 0.000042 0.175269
1 4 0.040772 0.452624 0.336929 0.000028 0.169647
2 4 0.034745 0.396711 0.404423 0.000071 0.164050
4 4 0.103403 0.291061 0.053923 0.000023 0.551590
4 4 0.118939 0.405135 0.060199 0.000051 0.415675
4 4 0.230252 0.208235 0.054809 0.000069 0.506635
4 4 0.134539 0.368620 0.076958 0.000104 0.419780
4 4 0.208422 0.117140 0.026948 0.000195 0.647295
1 4 0.151066 0.519749 0.215384 0.000747 0.113053
1 4 0.067888 0.557822 0.208389 0.000048 0.165853
1 4 0.067412 0.501623 0.218339 0.000033 0.212593
1 4 0.079479 0.436851 0.193397 0.000059 0.290214
1 4 0.063450 0.578616 0.225442 0.000063 0.132428
1 4 0.141910 0.543843 0.290289 0.001960 0.021999
1 4 0.118495 0.566498 0.258684 0.001949 0.054373
1 4 0.095697 0.610510 0.269828 0.002903 0.021062
1 0 0.131491 0.532447 0.293731 0.006357 0.035975
1 4 0.152184 0.544455 0.275786 0.003551 0.024025
1 4 0.047461 0.623330 0.306000 0.002677 0.020532
1 4 0.066411 0.576424 0.337537 0.001696 0.017932
1 4 0.059727 0.538806 0.385611 0.004066 0.011790
1 4 0.069841 0.547301 0.367298 0.002293 0.013267
1 4 0.095023 0.547565 0.338078 0.005340 0.013994
1 4 0.158523 0.612045 0.169289 0.000471 0.059672
1 4 0.258337 0.503739 0.158172 0.000649 0.079103
1 4 0.263406 0.418747 0.189962 0.001846 0.126038
1 1 0.224942 0.529873 0.181127 0.001075 0.062982
1 1 0.135922 0.573587 0.224902 0.001174 0.064414
1 1 0.096079 0.480420 0.409551 0.004915 0.009036
1 2 0.081430 0.458300 0.438078 0.006613 0.015579
1 2 0.156977 0.432496 0.398624 0.003726 0.008177
1 4 0.172350 0.459004 0.350632 0.002275 0.015738
1 4 0.234538 0.386375 0.354671 0.006196 0.018219
1 0 0.179373 0.484278 0.309265 0.004941 0.022143
1 1 0.251627 0.441745 0.288758 0.006794 0.011076
2 2 0.191360 0.275129 0.505899 0.008490 0.019122
0 2 0.391773 0.293441 0.276446 0.014950 0.023390
1 1 0.304782 0.445081 0.226568 0.003614 0.019955
2 2 0.075353 0.398488 0.516883 0.003630 0.005645
2 2 0.072553 0.417441 0.500453 0.003876 0.005677
2 2 0.095762 0.220413 0.669396 0.005986 0.008444
2 2 0.082861 0.339063 0.567347 0.006237 0.004493
1 2 0.111689 0.439719 0.438732 0.004446 0.005413
2 2 0.064741 0.293829 0.631454 0.002256 0.007719
2 2 0.008181 0.134342 0.837094 0.005712 0.014671
1 2 0.048369 0.482979 0.461849 0.003004 0.003800
1 1 0.139549 0.431415 0.418050 0.002975 0.008012
2 2 0.016017 0.218228 0.757745 0.004553 0.003457
2 2 0.002885 0.108997 0.881442 0.000984 0.005692
2 2 0.003745 0.137658 0.849221 0.001060 0.008316
2 2 0.003603 0.126085 0.859909 0.000167 0.010237
2 2 0.013099 0.333898 0.646229 0.000245 0.006529
2 2 0.004759 0.160174 0.828141 0.000550 0.006376
2 2 0.016514 0.363346 0.610546 0.000802 0.008793
1 2 0.102815 0.499045 0.387748 0.000921 0.009470
2 2 0.031188 0.456144 0.502684 0.000577 0.009407
2 2 0.026293 0.288293 0.672898 0.003571 0.008946
1 2 0.080060 0.490670 0.419725 0.001144 0.008401
2 2 0.002805 0.111174 0.879742 0.002250 0.004029
2 2 0.003181 0.121849 0.861957 0.006279 0.006734
2 2 0.002375 0.129899 0.860962 0.002285 0.004480
2 2 0.009303 0.197728 0.788152 0.000627 0.004191
2 2 0.004768 0.142992 0.847752 0.001290 0.003198
1 2 0.074525 0.517195 0.395979 0.001610 0.010691
2 2 0.116825 0.418549 0.446982 0.001286 0.016358
1 2 0.053641 0.478513 0.459860 0.001768 0.006218
2 2 0.008581 0.239984 0.740372 0.003360 0.007703
2 2 0.008026 0.146027 0.834691 0.004010 0.007246
2 2 0.019685 0.191457 0.768316 0.012414 0.008128
2 2 0.028822 0.172602 0.784905 0.007528 0.006143
2 2 0.069809 0.391454 0.522876 0.005807 0.010055
1 2 0.096681 0.481529 0.413950 0.002791 0.005049
1 2 0.088068 0.523296 0.382202 0.002104 0.004331
2 2 0.084234 0.452082 0.458226 0.002313 0.003144
2 2 0.051737 0.465516 0.475979 0.003600 0.003168
2 2 0.020667 0.246893 0.720980 0.008388 0.003072
2 2 0.011363 0.213510 0.750921 0.020690 0.003517
2 2 0.017544 0.250114 0.720393 0.007745 0.004205
2 2 0.002200 0.125772 0.865092 0.004298 0.002637
2 2 0.004131 0.187971 0.799838 0.004376 0.003685
2 2 0.002490 0.145675 0.845705 0.003570 0.002560
2 2 0.001020 0.065048 0.927603 0.002289 0.004039
2 2 0.002661 0.129191 0.860688 0.005173 0.002288
2 2 0.002920 0.150011 0.835002 0.009127 0.002939
2 2 0.001368 0.096889 0.893925 0.006063 0.001755
2 2 0.002235 0.104835 0.870223 0.020893 0.001814
2 2 0.000937 0.047906 0.938406 0.009894 0.002857
2 2 0.000582 0.046838 0.938368 0.011457 0.002756
2 2 0.000559 0.036883 0.925004 0.033099 0.004455
2 2 0.002432 0.116887 0.849902 0.027684 0.003095
2 2 0.000526 0.042932 0.927492 0.026477 0.002573
2 2 0.000597 0.044027 0.939306 0.012615 0.003456
2 2 0.000779 0.051350 0.915332 0.029121 0.003419
2 2 0.000449 0.035699 0.947236 0.013100 0.003516
2 2 0.001292 0.083051 0.904363 0.008552 0.002742
2 2 0.001059 0.071202 0.915843 0.009036 0.002860
2 2 0.001936 0.084005 0.873052 0.035901 0.005107
2 2 0.003151 0.111398 0.850848 0.028408 0.006195
2 3 0.034530 0.454217 0.496836 0.008084 0.006334
2 3 0.031186 0.408304 0.546037 0.007099 0.007375
2 2 0.023420 0.354738 0.608009 0.008360 0.005473
2 2 0.012896 0.306000 0.659358 0.012818 0.008929
2 2 0.011974 0.208280 0.769954 0.003495 0.006297
2 2 0.004846 0.133020 0.853818 0.004756 0.003561
2 2 0.021843 0.296573 0.672389 0.006070 0.003124
2 2 0.011469 0.286518 0.691523 0.006605 0.003884
2 2 0.001735 0.090406 0.894494 0.009469 0.003897
2 2 0.004527 0.188055 0.785614 0.017965 0.003839
2 2 0.009268 0.265459 0.710751 0.010058 0.004464
2 2 0.005711 0.206858 0.773496 0.008341 0.005595
2 2 0.008743 0.261323 0.716727 0.008875 0.004332
2 2 0.002971 0.133327 0.849958 0.009603 0.004141
2 2 0.002439 0.110617 0.872597 0.010094 0.004253
2 2 0.018854 0.375322 0.599042 0.002624 0.004157
2 2 0.005048 0.191300 0.793806 0.005430 0.004416
2 2 0.004183 0.198645 0.789289 0.003681 0.004202
2 2 0.004111 0.144963 0.841252 0.006778 0.002897
2 2 0.000992 0.034819 0.954525 0.007177 0.002487
2 2 0.012844 0.330913 0.644363 0.007225 0.004656
2 2 0.000910 0.057368 0.926217 0.011633 0.003872
2 2 0.001156 0.055336 0.908992 0.028182 0.006335
2 2 0.002721 0.098308 0.871923 0.019977 0.007071
2 2 0.003455 0.112197 0.857172 0.019392 0.007785
2 2 0.001964 0.114393 0.869286 0.011827 0.002529
2 2 0.012335 0.306150 0.674785 0.004681 0.002049
2 2 0.001006 0.062573 0.904587 0.028580 0.003253
2 2 0.001405 0.085190 0.893808 0.016812 0.002784
2 2 0.000855 0.059681 0.926040 0.010374 0.003050
2 2 0.001747 0.090349 0.870599 0.033987 0.003318
2 2 0.001656 0.074988 0.842092 0.076855 0.004409
2 3 0.002490 0.064551 0.895528 0.035133 0.002298
2 3 0.004547 0.089276 0.870652 0.033104 0.002421
2 2 0.001749 0.104155 0.871073 0.021302 0.001721
2 2 0.008420 0.244005 0.724338 0.017023 0.006213
2 2 0.027832 0.328291 0.631519 0.006231 0.006127
2 2 0.038022 0.408791 0.539972 0.007407 0.005807
2 2 0.035483 0.363414 0.585325 0.006916 0.008862
2 2 0.007687 0.208375 0.768574 0.008998 0.006366
2 2 0.002664 0.119093 0.865614 0.008097 0.004533
2 2 0.001744 0.081345 0.907054 0.003779 0.006078
2 2 0.021087 0.406061 0.566830 0.001490 0.004532
2 2 0.018122 0.420913 0.554416 0.001125 0.005423
2 2 0.002702 0.115816 0.869475 0.006935 0.005072
2 2 0.022398 0.464324 0.498128 0.003433 0.011718
2 2 0.021033 0.383783 0.579125 0.002509 0.013549
2 2 0.012512 0.179859 0.796555 0.003170 0.007903
2 2 0.010871 0.233928 0.731456 0.007684 0.016061
2 2 0.071405 0.309491 0.599696 0.002164 0.017244
2 2 0.026604 0.442962 0.517564 0.001913 0.010957
2 2 0.010141 0.152660 0.822161 0.004039 0.010999
2 2 0.022584 0.375644 0.575885 0.004951 0.020935
1 1 0.063458 0.542942 0.386881 0.001176 0.005543
1 2 0.073507 0.574744 0.343971 0.000922 0.006856
1 2 0.077552 0.485492 0.422794 0.004743 0.009417
2 2 0.029110 0.296119 0.650468 0.013525 0.010777
1 1 0.111692 0.519372 0.360698 0.001729 0.006510
1 1 0.040922 0.546239 0.400489 0.003942 0.008408
1 4 0.131106 0.516683 0.341199 0.002381 0.008631
1 4 0.124145 0.568887 0.291875 0.003342 0.011751
1 4 0.244673 0.484036 0.255137 0.002400 0.013754
1 4 0.184599 0.507249 0.298066 0.002540 0.007546
1 1 0.087265 0.523948 0.368825 0.007492 0.012470
1 1 0.105263 0.511981 0.363937 0.005895 0.012924
1 2 0.072837 0.497338 0.358827 0.001085 0.069913
1 4 0.087736 0.534264 0.342075 0.001773 0.034153
1 4 0.051724 0.616943 0.296847 0.001741 0.032746
1 4 0.083010 0.622757 0.265715 0.001767 0.026751
1 4 0.274108 0.467740 0.207050 0.001168 0.049935
1 1 0.149259 0.561433 0.271510 0.001995 0.015803
1 1 0.072785 0.561719 0.318433 0.002830 0.044233
1 1 0.086297 0.567601 0.326247 0.002484 0.017371
1 1 0.119734 0.552738 0.309929 0.002722 0.014876
1 4 0.120949 0.553776 0.296200 0.003636 0.025440
1 4 0.246992 0.395816 0.203367 0.000885 0.152941
1 2 0.079935 0.517434 0.292950 0.002185 0.107497
1 4 0.124925 0.520291 0.240542 0.001848 0.112393
1 2 0.057673 0.459839 0.366901 0.000939 0.114649
1 2 0.094764 0.569982 0.274275 0.001750 0.059230
2 2 0.010350 0.152200 0.828625 0.005109 0.003715
2 2 0.004617 0.150290 0.833355 0.003586 0.008153
2 2 0.019020 0.228727 0.735416 0.003062 0.013776
2 2 0.024165 0.352212 0.614772 0.003148 0.005704
1 2 0.069076 0.479179 0.445152 0.001866 0.004726
2 2 0.020162 0.232703 0.728746 0.003222 0.015167
1 2 0.047679 0.521308 0.416553 0.002889 0.011571
2 2 0.018466 0.219334 0.743819 0.001956 0.016424
1 2 0.078510 0.570597 0.341532 0.000918 0.008444
1 2 0.137505 0.510005 0.334418 0.001269 0.016803
2 2 0.018157 0.342732 0.625710 0.000163 0.013238
2 2 0.000888 0.061238 0.930993 0.000354 0.006526
2 2 0.009169 0.282357 0.690839 0.000381 0.017254
2 2 0.009024 0.263138 0.708622 0.000463 0.018754
2 2 0.004276 0.172824 0.810334 0.000512 0.012054
2 2 0.006237 0.141048 0.839743 0.001580 0.011392
2 2 0.002633 0.098125 0.886639 0.002984 0.009619
1 2 0.032754 0.499839 0.459537 0.000673 0.007197
1 2 0.028958 0.530477 0.432299 0.000922 0.007344
2 2 0.013915 0.338361 0.636780 0.001270 0.009674
2 2 0.020977 0.257159 0.685195 0.001800 0.034869
1 0 0.122035 0.436410 0.416699 0.003098 0.021758
1 1 0.068609 0.542616 0.376756 0.001634 0.010386
1 2 0.059486 0.476005 0.447866 0.004467 0.012176
1 1 0.057249 0.527137 0.398371 0.003356 0.013887
2 2 0.010385 0.140667 0.830256 0.011124 0.007568
2 2 0.019627 0.356129 0.602283 0.013403 0.008559
2 2 0.025064 0.276564 0.669961 0.008582 0.019828
2 2 0.017394 0.295792 0.660000 0.013958 0.012857
2 2 0.018247 0.294333 0.665020 0.014399 0.008002
1 1 0.128679 0.580478 0.242616 0.001028 0.047200
1 2 0.160228 0.486946 0.289425 0.001838 0.061565
1 2 0.095764 0.570078 0.280920 0.001489 0.051749
1 2 0.079927 0.484305 0.256471 0.000356 0.178941
1 2 0.081344 0.579213 0.263799 0.000549 0.075095
2 2 0.030754 0.359062 0.533104 0.001372 0.075708
2 2 0.024792 0.305701 0.591595 0.001425 0.076487
2 2 0.138656 0.372180 0.376219 0.001063 0.111882
2 2 0.025135 0.355526 0.565826 0.001188 0.052325
2 2 0.027388 0.428073 0.500059 0.001182 0.043298
2 2 0.008916 0.197234 0.776618 0.002373 0.014860
2 2 0.015318 0.313087 0.648607 0.000998 0.021989
1 2 0.052736 0.599095 0.334250 0.001120 0.012800
2 2 0.010139 0.208046 0.748811 0.002403 0.030600
2 2 0.017314 0.337234 0.613061 0.001134 0.031256
1 1 0.246923 0.364126 0.338941 0.002856 0.047153
2 1 0.052630 0.428501 0.501496 0.004849 0.012522
1 2 0.099872 0.479403 0.392296 0.001733 0.026695
2 2 0.022858 0.156622 0.782579 0.004327 0.033614
2 2 0.016594 0.233465 0.712330 0.001858 0.035752
1 2 0.086535 0.545916 0.352726 0.003155 0.011668
1 2 0.174612 0.459481 0.352393 0.001941 0.011572
1 2 0.080186 0.486423 0.418484 0.003313 0.011594
1 2 0.043384 0.518698 0.414945 0.009932 0.013040
1 2 0.080220 0.490597 0.415111 0.003375 0.010698
2 2 0.031025 0.253611 0.657735 0.000631 0.056998
2 2 0.042637 0.356060 0.529436 0.001015 0.070852
1 2 0.087866 0.513427 0.361119 0.000792 0.036796
1 2 0.060153 0.593707 0.311865 0.000225 0.034050
1 2 0.077420 0.613213 0.285342 0.000632 0.023393
2 2 0.139263 0.328942 0.497746 0.002062 0.031987
1 4 0.168148 0.518675 0.287565 0.002895 0.022717
1 4 0.239662 0.372799 0.348481 0.002399 0.036659
1 4 0.176849 0.534797 0.259597 0.001514 0.027243
1 4 0.119375 0.524913 0.281412 0.001165 0.073134
1 4 0.209161 0.491570 0.146892 0.000382 0.151996
1 4 0.263021 0.421060 0.179750 0.002246 0.133923
1 4 0.127599 0.574203 0.174677 0.000875 0.122647
1 4 0.249309 0.529439 0.150689 0.001365 0.069198
1 4 0.328977 0.408743 0.163571 0.002443 0.096266
1 4 0.218220 0.575253 0.149278 0.001161 0.056088
1 4 0.346234 0.428561 0.151443 0.001270 0.072492
0 4 0.404599 0.390587 0.142118 0.001859 0.060837
1 4 0.397599 0.407938 0.134744 0.001036 0.058682
1 4 0.295290 0.500597 0.163048 0.001415 0.039650
1 4 0.050785 0.629125 0.294878 0.003149 0.022064
1 4 0.116687 0.553855 0.307363 0.004660 0.017435
1 4 0.088454 0.603601 0.286211 0.002002 0.019732
1 4 0.094297 0.567654 0.316344 0.001939 0.019766
1 4 0.079190 0.562666 0.324057 0.003867 0.030220
1 4 0.142379 0.524117 0.244667 0.000850 0.087988
1 4 0.135527 0.591630 0.206407 0.000686 0.065751
1 4 0.087542 0.518101 0.227710 0.000569 0.166079
1 4 0.091956 0.481397 0.278989 0.000913 0.146744
1 4 0.088196 0.497605 0.222823 0.000421 0.190955
1 4 0.094486 0.562445 0.181230 0.000535 0.161303
1 4 0.099651 0.442292 0.156352 0.000197 0.301508
1 4 0.100766 0.439094 0.125922 0.000107 0.334111
1 4 0.175775 0.458258 0.170637 0.001605 0.193726
4 4 0.235857 0.258601 0.111224 0.000271 0.394048
0 4 0.531088 0.047916 0.003546 0.000040 0.417410
0 4 0.527599 0.032608 0.002158 0.000015 0.437620
0 4 0.515867 0.027915 0.003260 0.000032 0.452927
4 4 0.422056 0.060663 0.004090 0.000010 0.513181
4 4 0.365553 0.116501 0.008515 0.000047 0.509384
0 4 0.478376 0.080551 0.020368 0.000240 0.420464
0 4 0.422916 0.133376 0.027327 0.000115 0.416266
1 4 0.283648 0.356420 0.045093 0.000301 0.314538
4 4 0.360010 0.080621 0.014938 0.000116 0.544315
0 4 0.407715 0.160065 0.044452 0.000295 0.387472
0 4 0.499591 0.146915 0.008421 0.000015 0.345058
4 4 0.419565 0.064798 0.012699 0.000162 0.502775
4 4 0.355971 0.038938 0.004427 0.000036 0.600628
4 4 0.430501 0.042026 0.006118 0.000081 0.521274
4 4 0.360327 0.038402 0.003816 0.000015 0.597439
4 4 0.371120 0.040995 0.005083 0.000048 0.582754
4 4 0.376107 0.132830 0.008371 0.000005 0.482686
4 4 0.224216 0.047489 0.003980 0.000007 0.724308
4 4 0.301371 0.029723 0.001241 0.000003 0.667662
4 4 0.338120 0.047011 0.006277 0.000066 0.608526
4 4 0.442051 0.050234 0.009132 0.000181 0.498402
0 4 0.670260 0.085230 0.004929 0.000008 0.239573
4 4 0.431665 0.043368 0.003955 0.000004 0.521008
0 4 0.509495 0.032834 0.004343 0.000053 0.453275
0 4 0.489457 0.029519 0.003110 0.000018 0.477896
0 4 0.550291 0.048175 0.002152 0.000012 0.399370
4 4 0.335855 0.034988 0.003413 0.000021 0.625723
0 4 0.483954 0.103645 0.002376 0.000001 0.410023
0 4 0.478604 0.040889 0.002007 0.000003 0.478498
4 4 0.412550 0.086718 0.004409 0.000001 0.496322
0 4 0.687090 0.027463 0.001017 0.000004 0.284426
0 4 0.595763 0.029199 0.003411 0.000013 0.371613
0 4 0.671047 0.031311 0.006383 0.000152 0.291107
4 4 0.386151 0.093936 0.008688 0.000010 0.511215
4 4 0.426031 0.024068 0.001614 0.000004 0.548283
1 4 0.318978 0.417105 0.059191 0.000185 0.204540
1 4 0.245940 0.519697 0.051838 0.000073 0.182451
4 4 0.109014 0.365200 0.073146 0.000063 0.452577
1 4 0.133513 0.437621 0.098652 0.000482 0.329732
4 4 0.288601 0.282132 0.057780 0.000137 0.371349
4 4 0.369990 0.041424 0.005180 0.000050 0.583356
4 4 0.264098 0.088587 0.001870 0.000000 0.645445
4 4 0.181041 0.208252 0.015091 0.000001 0.595615
4 4 0.252699 0.148980 0.010382 0.000001 0.587939
4 4 0.340967 0.170169 0.004987 0.000000 0.483877
1 4 0.062849 0.629211 0.242354 0.000157 0.065429
1 4 0.075548 0.482892 0.229440 0.000106 0.212014
1 4 0.072196 0.518553 0.224626 0.000084 0.184540
1 4 0.053508 0.574836 0.264602 0.000049 0.107005
1 4 0.043094 0.618800 0.277232 0.000056 0.060818
1 4 0.138637 0.529864 0.282048 0.001134 0.048317
1 4 0.135688 0.564499 0.264532 0.001868 0.033414
1 4 0.091301 0.617354 0.255697 0.004189 0.031460
1 4 0.193416 0.560230 0.203187 0.001341 0.041826
1 4 0.111414 0.536051 0.245707 0.001932 0.104897
1 4 0.245222 0.480281 0.231154 0.004989 0.038354
1 4 0.310405 0.473360 0.189494 0.002958 0.023784
1 4 0.221759 0.522103 0.224952 0.004745 0.026441
1 4 0.143481 0.582207 0.234314 0.007789 0.032209
1 4 0.292326 0.388458 0.235123 0.002158 0.081934
1 4 0.101278 0.624275 0.229663 0.004762 0.040022
1 0 0.257454 0.381482 0.232538 0.002152 0.126373
1 4 0.199542 0.566048 0.202356 0.004738 0.027316
1 4 0.137414 0.582337 0.243435 0.005911 0.030902
1 4 0.290299 0.469244 0.206213 0.003434 0.030810
1 4 0.182665 0.561044 0.234856 0.005747 0.015687
1 4 0.219314 0.527172 0.220188 0.006610 0.026717
1 4 0.268450 0.486071 0.220540 0.006303 0.018636
1 4 0.252615 0.467092 0.233975 0.002681 0.043637
1 4 0.284842 0.392622 0.226457 0.006888 0.089190
1 0 0.288328 0.502579 0.163018 0.006421 0.039653
0 4 0.423607 0.357777 0.159435 0.003431 0.055751
0 4 0.431008 0.327722 0.157191 0.005942 0.078137
1 4 0.402153 0.427766 0.139562 0.002210 0.028309
1 4 0.391947 0.445392 0.138711 0.006977 0.016973
1 4 0.357380 0.421918 0.179798 0.008641 0.032263
0 4 0.446441 0.348602 0.124520 0.019454 0.060984
0 4 0.452008 0.329420 0.139427 0.012126 0.067019
1 4 0.369329 0.405567 0.172020 0.011615 0.041468
1 4 0.383682 0.409185 0.156436 0.008035 0.042661
1 4 0.203288 0.553174 0.228386 0.003288 0.011864
1 4 0.265211 0.464977 0.235497 0.003027 0.031288
1 4 0.261843 0.492208 0.225745 0.003369 0.016835
1 4 0.208416 0.475564 0.294723 0.002255 0.019042
1 4 0.285601 0.421954 0.236846 0.002911 0.052688
1 2 0.085485 0.524467 0.368303 0.002699 0.019047
1 4 0.326984 0.328939 0.295482 0.001646 0.046950
1 2 0.250157 0.420007 0.315615 0.002316 0.011905
1 2 0.105377 0.492284 0.380260 0.005084 0.016995
2 2 0.155889 0.245811 0.563673 0.005904 0.028722
2 2 0.108252 0.380870 0.476515 0.000559 0.033805
1 1 0.105272 0.514462 0.359870 0.000457 0.019939
2 2 0.012322 0.203761 0.763422 0.001966 0.018529
2 2 0.008422 0.144660 0.826144 0.002564 0.018210
2 2 0.007740 0.176879 0.798232 0.001316 0.015833
2 2 0.001037 0.056123 0.936945 0.000642 0.005254
2 2 0.002200 0.112640 0.874194 0.000380 0.010587
2 2 0.001803 0.104242 0.886381 0.000242 0.007332
2 2 0.010442 0.233132 0.744585 0.000212 0.011629
2 1 0.016092 0.383732 0.591523 0.000387 0.008266
2 2 0.024985 0.371659 0.597521 0.000214 0.005621
2 2 0.002514 0.139955 0.850876 0.001263 0.005392
2 2 0.004474 0.192741 0.793847 0.001209 0.007729
2 2 0.001546 0.095511 0.897111 0.001022 0.004810
2 2 0.000515 0.036053 0.955655 0.002735 0.005041
2 2 0.000261 0.026126 0.968910 0.000989 0.003713
2 2 0.000134 0.018628 0.977919 0.000884 0.002436
2 2 0.000358 0.033056 0.961748 0.001347 0.003491
2 1 0.010883 0.179556 0.794302 0.001490 0.013769
2 2 0.000392 0.036133 0.958657 0.001623 0.003195
2 2 0.000343 0.037036 0.958276 0.002172 0.002172
2 2 0.000179 0.027227 0.969326 0.001900 0.001369
2 2 0.000152 0.025699 0.970505 0.002527 0.001117
2 2 0.000028 0.007988 0.989301 0.001710 0.000973
2 2 0.000054 0.010599 0.985509 0.002148 0.001690
2 2 0.000457 0.054698 0.939900 0.003773 0.001172
2 2 0.000062 0.011820 0.982194 0.004413 0.001511
2 3 0.000067 0.013543 0.981839 0.003311 0.001240
2 2 0.000146 0.022672 0.972978 0.002724 0.001480
2 2 0.000114 0.018526 0.971899 0.008064 0.001398
2 2 0.000666 0.047767 0.942397 0.005393 0.003777
2 1 0.001981 0.141910 0.851564 0.001098 0.003447
2 2 0.000389 0.042503 0.953550 0.001614 0.001943
2 2 0.001105 0.081831 0.910694 0.004130 0.002239
2 2 0.000693 0.050232 0.940992 0.004478 0.003605
2 2 0.000599 0.055591 0.938404 0.003397 0.002010
2 2 0.000474 0.040758 0.945888 0.010139 0.002741
2 3 0.000411 0.032440 0.935819 0.027835 0.003494
2 2 0.001009 0.080153 0.911989 0.004923 0.001926
2 3 0.000500 0.044681 0.945294 0.007094 0.002431
2 3 0.001745 0.088962 0.900966 0.002628 0.005699
2 2 0.004003 0.146846 0.837323 0.003886 0.007942
2 2 0.001032 0.056917 0.933730 0.002081 0.006241
2 2 0.002140 0.113988 0.875888 0.003164 0.004820
2 2 0.001807 0.090682 0.898692 0.003646 0.005173
2 2 0.000379 0.035151 0.958031 0.003451 0.002989
2 2 0.002792 0.129480 0.858202 0.004499 0.005027
2 2 0.001627 0.087683 0.899892 0.006645 0.004153
2 2 0.001340 0.080206 0.911520 0.003083 0.003851
2 2 0.000777 0.062743 0.929695 0.004430 0.002355
2 3 0.000389 0.034688 0.933524 0.028873 0.002526
2 2 0.000152 0.021562 0.965219 0.011482 0.001585
2 3 0.000127 0.018342 0.967116 0.012699 0.001716
2 2 0.000380 0.039688 0.931365 0.026944 0.001623
2 2 0.000914 0.074059 0.909333 0.013933 0.001760
2 2 0.000383 0.035741 0.942124 0.019383 0.002369
2 2 0.000179 0.021828 0.958258 0.017692 0.002042
2 2 0.000349 0.032058 0.917982 0.047289 0.002322
2 2 0.000266 0.029447 0.949596 0.018746 0.001945
2 2 0.000161 0.019865 0.928668 0.049478 0.001827
2 2 0.000253 0.023700 0.896788 0.076684 0.002575
2 2 0.000160 0.020409 0.942599 0.035055 0.001777
2 2 0.000302 0.029721 0.907359 0.060584 0.002034
2 2 0.000182 0.022296 0.926275 0.049553 0.001693
2 3 0.000090 0.012656 0.930983 0.054326 0.001945
2 2 0.000198 0.022137 0.913273 0.062434 0.001958
