0 0 0.935581 0.004106 0.003345 0.000028 0.056941
0 0 0.872320 0.025245 0.008154 0.000013 0.094268
0 0 0.935387 0.002784 0.003295 0.000069 0.058465
0 0 0.961066 0.003201 0.002664 0.000017 0.033052
0 0 0.974798 0.006050 0.002758 0.000003 0.016391
0 0 0.979633 0.002956 0.002324 0.000009 0.015078
0 0 0.898062 0.011164 0.005794 0.000025 0.084955
0 0 0.949399 0.003762 0.003353 0.000031 0.043456
0 0 0.964043 0.003522 0.005358 0.000191 0.026886
0 0 0.946272 0.004055 0.004974 0.000124 0.044575
0 0 0.977337 0.001284 0.001680 0.000021 0.019678
0 0 0.905500 0.004665 0.003403 0.000026 0.086407
0 0 0.928887 0.015825 0.007872 0.000027 0.047389
0 0 0.962624 0.002591 0.002457 0.000020 0.032307
0 0 0.905694 0.006001 0.003192 0.000011 0.085102
0 0 0.800262 0.041888 0.017251 0.000093 0.140505
0 0 0.657512 0.042364 0.019769 0.000150 0.280205
0 0 0.824108 0.091982 0.022402 0.000027 0.061481
0 0 0.664646 0.045968 0.030043 0.000732 0.258612
0 0 0.669526 0.154437 0.036036 0.000026 0.139974
1 0 0.249929 0.504030 0.100355 0.000013 0.145673
4 0 0.174470 0.291099 0.083685 0.000024 0.450722
1 1 0.078675 0.620702 0.097106 0.000015 0.203503
1 1 0.166885 0.406369 0.162753 0.000020 0.263973
1 1 0.053755 0.452495 0.190290 0.000024 0.303436
1 1 0.199155 0.410552 0.118492 0.000012 0.271790
1 1 0.157150 0.509065 0.080591 0.000010 0.253184
1 4 0.224381 0.360903 0.063446 0.000004 0.351266
1 4 0.214865 0.481692 0.076194 0.000010 0.227239
1 4 0.132610 0.484592 0.077174 0.000009 0.305616
4 4 0.125717 0.097797 0.036922 0.000074 0.739490
4 1 0.110740 0.148305 0.036396 0.000010 0.704549
4 1 0.095516 0.182281 0.033676 0.000002 0.688525
4 1 0.128252 0.250036 0.045329 0.000004 0.576379
4 1 0.099093 0.216261 0.042873 0.000005 0.641768
4 1 0.210271 0.192303 0.039183 0.000006 0.558237
4 4 0.113310 0.110357 0.022256 0.000002 0.754075
4 4 0.108819 0.058088 0.019661 0.000014 0.813417
4 4 0.205228 0.036381 0.017766 0.000074 0.740551
4 1 0.321362 0.118493 0.026088 0.000004 0.534053
4 1 0.163441 0.200014 0.048130 0.000017 0.588398
4 1 0.109072 0.161843 0.037013 0.000007 0.692064
4 1 0.246568 0.111919 0.029592 0.000011 0.611910
4 1 0.132753 0.132489 0.028039 0.000003 0.706715
4 1 0.080604 0.222460 0.041613 0.000004 0.655320
1 1 0.034753 0.515903 0.212149 0.000021 0.237173
1 1 0.074814 0.527103 0.205328 0.000023 0.192733
1 1 0.033662 0.385821 0.372650 0.000078 0.207789
1 1 0.016528 0.495187 0.319792 0.000261 0.168232
1 1 0.031379 0.524794 0.269000 0.000099 0.174727
2 1 0.012318 0.180631 0.774673 0.004131 0.028247
2 1 0.003549 0.133990 0.841334 0.001711 0.019416
2 2 0.001670 0.093889 0.884935 0.001451 0.018056
2 2 0.004536 0.110360 0.871050 0.002361 0.011692
2 2 0.010666 0.062220 0.914478 0.001516 0.011119
2 2 0.000522 0.013779 0.963070 0.021695 0.000934
2 2 0.000934 0.012473 0.965087 0.021059 0.000446
2 2 0.000983 0.010878 0.948288 0.039421 0.000431
2 2 0.000693 0.012221 0.966413 0.020172 0.000501
2 2 0.001386 0.019502 0.942809 0.035201 0.001102
2 2 0.000343 0.002946 0.796779 0.199842 0.000090
2 2 0.000099 0.000886 0.803521 0.195485 0.000010
2 3 0.000229 0.001654 0.702086 0.295995 0.000036
2 3 0.000228 0.001294 0.622415 0.376039 0.000023
2 3 0.000322 0.001826 0.582304 0.415496 0.000052
3 3 0.000209 0.001186 0.454982 0.543585 0.000039
3 3 0.000072 0.000326 0.198577 0.801014 0.000011
3 3 0.000082 0.000567 0.324568 0.674760 0.000023
3 3 0.000065 0.000436 0.372960 0.626528 0.000011
3 3 0.000162 0.000697 0.344129 0.654995 0.000017
3 3 0.000076 0.000305 0.106073 0.893525 0.000021
3 3 0.000284 0.000867 0.225182 0.773635 0.000033
3 3 0.000155 0.000430 0.137372 0.862026 0.000017
3 3 0.000064 0.000249 0.150275 0.849403 0.000008
3 3 0.000069 0.000185 0.063915 0.935821 0.000011
3 3 0.000021 0.000111 0.107638 0.892225 0.000004
3 3 0.000017 0.000092 0.099489 0.900398 0.000004
3 3 0.000072 0.000164 0.060224 0.939532 0.000008
3 3 0.000132 0.000308 0.094371 0.905176 0.000013
3 3 0.000066 0.000212 0.095660 0.904054 0.000009
3 3 0.000036 0.000134 0.073047 0.926776 0.000007
3 3 0.000123 0.000352 0.096661 0.902844 0.000021
3 3 0.000133 0.000285 0.069925 0.929642 0.000016
3 3 0.000041 0.000118 0.060442 0.939393 0.000006
3 3 0.000034 0.000091 0.050459 0.949412 0.000004
3 3 0.000032 0.000078 0.036433 0.963453 0.000004
3 3 0.000044 0.000107 0.056617 0.943228 0.000004
3 3 0.000059 0.000121 0.034949 0.964862 0.000008
3 3 0.000106 0.000210 0.057863 0.941811 0.000011
3 3 0.000065 0.000131 0.036021 0.963773 0.000009
3 3 0.000169 0.000416 0.069970 0.929406 0.000038
3 3 0.000534 0.000777 0.063668 0.934949 0.000073
3 3 0.000363 0.000535 0.042953 0.956084 0.000066
3 3 0.001073 0.001304 0.066762 0.930718 0.000143
3 3 0.000299 0.000530 0.067914 0.931215 0.000042
3 3 0.000440 0.000755 0.094112 0.904645 0.000047
3 3 0.002426 0.003236 0.193160 0.801004 0.000174
3 3 0.000491 0.000889 0.107038 0.891524 0.000057
3 3 0.000924 0.001422 0.114741 0.882813 0.000100
3 3 0.000896 0.000824 0.058266 0.939963 0.000052
3 3 0.001997 0.002378 0.124381 0.871077 0.000168
3 3 0.000320 0.000491 0.050768 0.948375 0.000046
3 3 0.001188 0.000920 0.039786 0.958017 0.000090
3 3 0.002707 0.002804 0.103342 0.890893 0.000254
3 3 0.002148 0.001882 0.105668 0.890209 0.000094
3 3 0.001032 0.000995 0.082661 0.915266 0.000046
3 3 0.000715 0.000663 0.051852 0.946729 0.000041
3 3 0.000804 0.000872 0.066152 0.932114 0.000059
3 3 0.001384 0.001593 0.130989 0.865964 0.000070
3 3 0.000289 0.000573 0.098854 0.900252 0.000032
3 3 0.002115 0.001342 0.044089 0.952333 0.000122
3 3 0.002198 0.001424 0.046794 0.949456 0.000128
3 3 0.002062 0.001157 0.031979 0.964675 0.000127
3 3 0.000542 0.000528 0.038523 0.960364 0.000045
3 3 0.004215 0.001951 0.044625 0.949047 0.000161
3 3 0.000818 0.000731 0.054547 0.943861 0.000044
3 3 0.000734 0.000682 0.051558 0.946981 0.000044
3 3 0.000791 0.001099 0.090859 0.907174 0.000077
3 3 0.001012 0.000865 0.042089 0.955951 0.000084
3 3 0.000291 0.000403 0.044975 0.954297 0.000033
3 3 0.010416 0.007178 0.111722 0.869908 0.000777
3 3 0.009018 0.004957 0.063962 0.921388 0.000675
3 3 0.025987 0.011054 0.125446 0.836731 0.000781
3 3 0.002993 0.001895 0.029501 0.965191 0.000420
3 3 0.004600 0.002857 0.050301 0.941840 0.000402
3 3 0.002122 0.001703 0.062160 0.933861 0.000154
3 3 0.002052 0.001347 0.040186 0.956268 0.000147
3 3 0.008351 0.004155 0.079131 0.908052 0.000311
3 3 0.002042 0.001937 0.075561 0.920279 0.000182
3 3 0.004139 0.002570 0.052346 0.940634 0.000311
3 3 0.001697 0.001758 0.113502 0.882951 0.000092
3 3 0.002014 0.002189 0.112705 0.882944 0.000149
3 3 0.001804 0.001747 0.093265 0.903072 0.000112
3 3 0.001401 0.001415 0.106531 0.890589 0.000065
3 3 0.003153 0.002227 0.083675 0.910805 0.000139
3 3 0.004647 0.004317 0.122935 0.867721 0.000380
3 3 0.007340 0.004962 0.100300 0.886950 0.000448
3 3 0.003139 0.004017 0.144085 0.848367 0.000392
3 3 0.002299 0.002072 0.077555 0.917888 0.000186
3 3 0.013058 0.008393 0.126867 0.850899 0.000783
3 3 0.026193 0.019676 0.175454 0.775876 0.002802
3 3 0.033871 0.025326 0.221914 0.715851 0.003038
3 3 0.005727 0.004098 0.047998 0.941162 0.001014
3 3 0.013545 0.014730 0.191338 0.778085 0.002302
3 3 0.026664 0.011871 0.092015 0.867933 0.001516
3 3 0.007572 0.005175 0.129052 0.857866 0.000335
3 3 0.006733 0.004010 0.081241 0.907664 0.000352
3 3 0.003023 0.002498 0.091144 0.903149 0.000185
3 3 0.004316 0.002833 0.072896 0.919710 0.000244
3 3 0.003080 0.002517 0.089700 0.904514 0.000190
3 3 0.011135 0.007378 0.077195 0.902932 0.001359
3 3 0.054917 0.028038 0.160038 0.753264 0.003743
3 3 0.013011 0.009042 0.072672 0.902965 0.002310
3 3 0.024158 0.016217 0.154511 0.803043 0.002071
3 3 0.019469 0.015160 0.112265 0.849485 0.003620
2 2 0.019495 0.178473 0.633977 0.071645 0.096409
2 2 0.011713 0.127772 0.715899 0.087930 0.056687
2 2 0.016840 0.200442 0.664748 0.026730 0.091239
2 2 0.061916 0.199857 0.631210 0.057924 0.049094
2 2 0.103884 0.327543 0.491098 0.010911 0.066564
2 2 0.045552 0.171085 0.738509 0.023665 0.021189
2 2 0.014748 0.226912 0.659243 0.012319 0.086777
2 2 0.015394 0.190191 0.721411 0.014879 0.058125
2 2 0.031970 0.246762 0.642511 0.012993 0.065765
2 2 0.008385 0.158757 0.722731 0.027882 0.082245
2 2 0.003979 0.163080 0.793387 0.002651 0.036903
2 2 0.003938 0.101981 0.872064 0.005558 0.016460
2 2 0.001787 0.101082 0.860119 0.005782 0.031229
2 2 0.001596 0.086436 0.896750 0.002126 0.013092
2 2 0.000427 0.054306 0.935305 0.001606 0.008355
2 2 0.004553 0.157384 0.760640 0.010234 0.067189
2 2 0.004766 0.154337 0.786436 0.006620 0.047840
2 2 0.013134 0.082560 0.868565 0.004473 0.031267
2 2 0.037899 0.308983 0.597555 0.003624 0.051939
2 0 0.108157 0.249258 0.557896 0.029313 0.055377
2 0 0.060384 0.353407 0.565664 0.000566 0.019980
2 2 0.233063 0.351698 0.386126 0.000254 0.028859
2 2 0.160249 0.237881 0.567161 0.000311 0.034397
2 2 0.062034 0.261880 0.652053 0.001687 0.022347
2 2 0.127946 0.401243 0.449131 0.000610 0.021070
2 2 0.023080 0.156963 0.811512 0.001517 0.006927
2 2 0.022732 0.125446 0.843534 0.002114 0.006174
2 2 0.011011 0.149711 0.828568 0.000638 0.010072
2 2 0.030772 0.112399 0.842996 0.000218 0.013615
2 2 0.001722 0.030418 0.963882 0.001209 0.002769
2 2 0.001204 0.066906 0.918926 0.003198 0.009766
2 2 0.004134 0.048589 0.937201 0.002802 0.007274
2 2 0.001390 0.074293 0.909564 0.003006 0.011747
2 2 0.004767 0.074519 0.910571 0.002783 0.007359
2 2 0.007233 0.146395 0.814919 0.005323 0.026130
2 2 0.029692 0.242070 0.601435 0.002318 0.124486
0 2 0.483695 0.314695 0.119989 0.000625 0.080996
1 2 0.088368 0.502574 0.336430 0.000558 0.072070
1 1 0.190337 0.459371 0.292638 0.000915 0.056739
1 1 0.181474 0.534888 0.221828 0.000560 0.061249
1 1 0.192125 0.443463 0.308388 0.000156 0.055867
1 1 0.105068 0.449751 0.405012 0.000796 0.039373
1 1 0.109851 0.474895 0.357320 0.000175 0.057758
1 1 0.098023 0.473471 0.381565 0.000580 0.046360
1 1 0.074655 0.453621 0.417848 0.000288 0.053588
2 2 0.004866 0.074708 0.914516 0.002074 0.003836
2 2 0.000433 0.025479 0.971044 0.001668 0.001376
2 2 0.000455 0.019999 0.977521 0.000992 0.001033
2 2 0.001540 0.017119 0.979120 0.001114 0.001106
2 2 0.000412 0.025922 0.971671 0.000669 0.001326
2 2 0.000178 0.019607 0.977420 0.001311 0.001484
2 2 0.004129 0.044503 0.944529 0.003981 0.002858
2 2 0.003765 0.042361 0.946969 0.003602 0.003303
2 2 0.001762 0.049520 0.942712 0.002965 0.003041
2 2 0.000622 0.019922 0.977780 0.000538 0.001138
2 2 0.002660 0.053688 0.930279 0.008230 0.005143
2 2 0.008104 0.058439 0.920526 0.007747 0.005184
2 2 0.006537 0.053963 0.928556 0.007141 0.003804
2 2 0.017486 0.068271 0.903070 0.005498 0.005676
2 2 0.026665 0.100601 0.861301 0.006793 0.004641
0 1 0.319409 0.310308 0.110356 0.000336 0.259592
4 1 0.174242 0.348331 0.090649 0.000094 0.386684
1 1 0.301036 0.378280 0.078228 0.000036 0.242421
0 1 0.613983 0.185581 0.053531 0.000133 0.146772
1 1 0.356719 0.431381 0.079153 0.000033 0.132715
1 1 0.223930 0.462813 0.274919 0.000330 0.038009
1 1 0.303778 0.481781 0.184984 0.000285 0.029173
1 1 0.135057 0.425390 0.408320 0.000284 0.030949
2 1 0.119825 0.329531 0.521038 0.000755 0.028850
2 2 0.021362 0.094778 0.842033 0.000306 0.041521
2 2 0.000663 0.030087 0.966812 0.001236 0.001203
2 2 0.000433 0.024117 0.973542 0.001101 0.000806
2 2 0.000528 0.023396 0.974427 0.000389 0.001259
2 2 0.000205 0.030505 0.967441 0.000342 0.001508
2 2 0.000375 0.024570 0.973539 0.000470 0.001046
1 2 0.170651 0.339542 0.277472 0.001094 0.211241
4 1 0.263964 0.218668 0.124532 0.002136 0.390699
1 1 0.113821 0.587008 0.103814 0.000031 0.195326
1 1 0.095162 0.473713 0.105922 0.000067 0.325137
1 1 0.157197 0.546344 0.101719 0.000039 0.194700
2 1 0.089776 0.346156 0.539912 0.001194 0.022963
2 1 0.032422 0.187590 0.758144 0.004869 0.016976
2 2 0.010756 0.155492 0.819252 0.001634 0.012866
2 2 0.008741 0.158358 0.806286 0.001214 0.025400
2 2 0.028795 0.079957 0.857873 0.000429 0.032945
2 2 0.000442 0.024707 0.972027 0.001590 0.001234
2 2 0.000464 0.040665 0.955673 0.000603 0.002594
2 2 0.004164 0.029404 0.962137 0.001525 0.002769
2 2 0.001113 0.027975 0.967402 0.000302 0.003209
2 2 0.002501 0.030737 0.963598 0.000908 0.002256
2 2 0.000608 0.008267 0.987398 0.003466 0.000261
2 2 0.000094 0.007928 0.991160 0.000643 0.000174
2 2 0.000012 0.003680 0.995517 0.000692 0.000099
2 2 0.000098 0.009378 0.989073 0.001192 0.000259
2 2 0.000026 0.004807 0.993779 0.001256 0.000132
2 2 0.018224 0.209061 0.720010 0.007724 0.044981
2 2 0.014369 0.086676 0.872625 0.002318 0.024012
2 2 0.016763 0.150817 0.781092 0.001579 0.049749
2 2 0.052727 0.285060 0.624372 0.003741 0.034100
2 0 0.103770 0.268500 0.577448 0.005995 0.044287
0 0 0.767878 0.087316 0.034092 0.000210 0.110504
0 0 0.763330 0.047223 0.023299 0.000251 0.165898
0 0 0.859555 0.060072 0.015315 0.000017 0.065041
0 0 0.865199 0.051826 0.019369 0.000060 0.063546
0 0 0.931954 0.017673 0.018687 0.000531 0.031155
0 0 0.894617 0.032346 0.027733 0.000672 0.044633
0 0 0.759032 0.075788 0.033899 0.000314 0.130968
0 0 0.527213 0.101307 0.037651 0.000133 0.333696
0 0 0.478681 0.058414 0.031911 0.000507 0.430487
0 0 0.805998 0.073569 0.022737 0.000059 0.097637
0 0 0.522138 0.047416 0.025835 0.000369 0.404241
4 0 0.201333 0.086401 0.026008 0.000015 0.686242
4 1 0.270187 0.202397 0.038554 0.000005 0.488858
4 1 0.179044 0.223191 0.038167 0.000002 0.559596
4 1 0.141972 0.253917 0.038691 0.000001 0.565419
1 1 0.030679 0.564350 0.291852 0.000206 0.112912
2 1 0.030273 0.413643 0.452415 0.000181 0.103487
2 1 0.015169 0.376644 0.525402 0.000583 0.082203
2 1 0.016992 0.432245 0.480083 0.000177 0.070504
1 1 0.016684 0.448890 0.442458 0.000470 0.091498
2 1 0.009207 0.368486 0.561980 0.000358 0.059970
2 1 0.005664 0.257211 0.662528 0.000650 0.073947
2 1 0.021059 0.317852 0.597346 0.000208 0.063535
2 2 0.003393 0.130493 0.793213 0.000259 0.072642
2 2 0.005883 0.137723 0.785221 0.000846 0.070327
2 2 0.000109 0.012433 0.985487 0.001308 0.000662
2 2 0.000067 0.010091 0.988421 0.000670 0.000751
2 2 0.000217 0.009815 0.988066 0.001479 0.000423
2 2 0.000060 0.005614 0.993339 0.000762 0.000224
2 2 0.000110 0.009558 0.989149 0.000372 0.000810
2 2 0.000245 0.011111 0.987151 0.000637 0.000856
2 2 0.000071 0.014298 0.984664 0.000236 0.000732
2 2 0.000055 0.005370 0.994058 0.000246 0.000271
2 2 0.000098 0.017836 0.980997 0.000280 0.000788
2 2 0.000126 0.020644 0.977374 0.000707 0.001149
2 2 0.006617 0.024584 0.954926 0.008241 0.005631
2 2 0.001727 0.041915 0.934620 0.006437 0.015301
2 2 0.001852 0.048617 0.928043 0.010348 0.011140
1 0 0.322657 0.338228 0.309870 0.002254 0.026992
1 0 0.247647 0.384956 0.330380 0.003440 0.033578
1 0 0.067583 0.503966 0.279395 0.000456 0.148599
2 1 0.023603 0.386356 0.491027 0.000278 0.098736
1 1 0.026279 0.432325 0.392566 0.000098 0.148732
2 1 0.036042 0.366554 0.500112 0.000189 0.097103
2 1 0.026282 0.275589 0.607936 0.000159 0.090034
2 2 0.008803 0.028379 0.953567 0.005804 0.003447
2 2 0.001502 0.029501 0.962686 0.001555 0.004756
2 2 0.003986 0.080980 0.898209 0.007467 0.009357
2 2 0.004096 0.113326 0.865688 0.002548 0.014342
2 2 0.006936 0.080699 0.900916 0.002640 0.008808
2 2 0.000581 0.028142 0.969385 0.000378 0.001513
2 2 0.000069 0.011586 0.987188 0.000744 0.000412
2 2 0.002354 0.010850 0.985668 0.000604 0.000523
2 2 0.000047 0.011670 0.987303 0.000489 0.000490
2 2 0.000089 0.004765 0.994504 0.000398 0.000243
2 2 0.004649 0.073511 0.890696 0.001186 0.029958
2 2 0.004702 0.062841 0.911918 0.003816 0.016723
2 2 0.071721 0.119487 0.767928 0.001542 0.039322
0 0 0.456140 0.279473 0.236168 0.002700 0.025519
1 0 0.429719 0.447712 0.090375 0.000177 0.032017
0 0 0.561209 0.353580 0.047433 0.000008 0.037770
0 0 0.503144 0.378472 0.068956 0.000051 0.049376
1 0 0.370080 0.472704 0.094717 0.000111 0.062388
1 0 0.191772 0.544952 0.136348 0.000063 0.126866
1 1 0.046470 0.505243 0.336394 0.000123 0.111770
2 1 0.025646 0.259788 0.695473 0.000547 0.018546
2 2 0.011123 0.142972 0.820680 0.000253 0.024972
2 2 0.006625 0.107708 0.860885 0.000187 0.024595
2 2 0.003582 0.128431 0.839034 0.001204 0.027748
2 2 0.010597 0.103951 0.861317 0.000332 0.023803
2 2 0.001198 0.012133 0.985351 0.000716 0.000602
2 2 0.000525 0.006729 0.991452 0.000985 0.000310
2 2 0.000374 0.025179 0.973108 0.000543 0.000796
2 2 0.001813 0.042057 0.953156 0.000847 0.002127
2 2 0.001147 0.021290 0.975625 0.000997 0.000942
2 2 0.003686 0.078009 0.908616 0.000449 0.009240
2 2 0.000289 0.039804 0.954065 0.001106 0.004736
2 2 0.003394 0.035082 0.953129 0.005992 0.002403
2 2 0.004393 0.047869 0.939317 0.002652 0.005769
2 2 0.001001 0.039483 0.952382 0.003711 0.003423
2 2 0.000683 0.019787 0.973987 0.003396 0.002147
2 2 0.003123 0.045945 0.940014 0.006441 0.004477
2 2 0.004900 0.028141 0.958352 0.004868 0.003739
2 2 0.001473 0.031189 0.955399 0.009897 0.002042
2 2 0.001504 0.028101 0.958092 0.010419 0.001884
2 2 0.087962 0.261936 0.591721 0.001811 0.056570
1 0 0.282660 0.360961 0.281128 0.002791 0.072459
0 0 0.465285 0.354667 0.104458 0.000718 0.074872
0 0 0.506193 0.352991 0.086695 0.000286 0.053835
1 0 0.229678 0.440500 0.270065 0.002136 0.057620
1 0 0.056670 0.473959 0.401495 0.000798 0.067078
2 0 0.020844 0.376815 0.530736 0.001093 0.070512
2 1 0.012645 0.258858 0.675444 0.002299 0.050755
2 2 0.011754 0.145442 0.797699 0.002063 0.043042
2 2 0.008416 0.142784 0.789213 0.002113 0.057473
2 2 0.000137 0.017743 0.979536 0.001533 0.001051
2 2 0.002123 0.018810 0.971742 0.006293 0.001032
2 2 0.000708 0.013131 0.983196 0.001533 0.001432
2 2 0.000741 0.022598 0.973604 0.002049 0.001008
2 2 0.000442 0.017936 0.976648 0.004178 0.000796
2 2 0.001330 0.025988 0.970288 0.000412 0.001981
2 2 0.001502 0.024845 0.971225 0.000720 0.001709
2 2 0.000468 0.037855 0.957355 0.000300 0.004022
2 2 0.006437 0.093822 0.892726 0.001349 0.005667
2 2 0.000272 0.022844 0.974372 0.000432 0.002080
2 2 0.000134 0.005877 0.988710 0.005084 0.000195
2 2 0.000248 0.009910 0.983271 0.006241 0.000329
2 2 0.000119 0.008100 0.988076 0.003404 0.000301
2 2 0.000093 0.007961 0.990827 0.000738 0.000382
2 2 0.000030 0.002426 0.992184 0.005308 0.000053
2 2 0.002209 0.041460 0.943029 0.009814 0.003488
2 2 0.000618 0.019426 0.973240 0.005512 0.001204
2 2 0.004295 0.044305 0.935040 0.013764 0.002596
2 2 0.001404 0.012564 0.981118 0.003893 0.001022
2 2 0.001538 0.033438 0.952694 0.009866 0.002464
2 2 0.083729 0.133421 0.424611 0.002194 0.356044
0 2 0.453171 0.132767 0.261366 0.004463 0.148232
0 0 0.743555 0.116801 0.075902 0.001977 0.061765
0 0 0.829374 0.085801 0.051350 0.000650 0.032825
0 0 0.519196 0.231924 0.106221 0.002535 0.140124
0 0 0.564493 0.198606 0.058747 0.000152 0.178001
0 0 0.377654 0.186901 0.065240 0.000229 0.369976
0 0 0.690893 0.074538 0.019998 0.000014 0.214557
0 0 0.543455 0.127428 0.043385 0.000094 0.285637
0 0 0.366816 0.255230 0.091144 0.000534 0.286277
1 0 0.133523 0.489253 0.179643 0.000026 0.197556
1 0 0.308180 0.340534 0.093875 0.000127 0.257285
0 0 0.434925 0.389359 0.062086 0.000013 0.113618
0 0 0.424088 0.382057 0.057592 0.000008 0.136255
0 0 0.589086 0.233706 0.041012 0.000009 0.136187
0 0 0.622982 0.182717 0.039324 0.000019 0.154958
0 0 0.567319 0.202044 0.037868 0.000008 0.192761
4 0 0.279988 0.325668 0.044532 0.000002 0.349809
4 0 0.146160 0.220822 0.038382 0.000002 0.594634
4 0 0.142569 0.114820 0.039953 0.000060 0.702597
4 0 0.258603 0.249811 0.045173 0.000005 0.446409
4 0 0.274611 0.217398 0.045627 0.000010 0.462354
4 0 0.171104 0.125833 0.028881 0.000005 0.674177
0 0 0.738820 0.108600 0.025762 0.000018 0.126800
4 0 0.245438 0.116586 0.048474 0.000222 0.589280
0 0 0.587319 0.121038 0.026688 0.000008 0.264948
4 0 0.184716 0.063351 0.020583 0.000014 0.731336
4 0 0.177199 0.055671 0.022083 0.000040 0.745007
4 0 0.292037 0.129061 0.032754 0.000012 0.546135
0 0 0.651472 0.069408 0.025267 0.000076 0.253776
4 0 0.358843 0.206283 0.044807 0.000013 0.390055
4 0 0.332019 0.116268 0.031482 0.000016 0.520215
4 0 0.253350 0.194162 0.036118 0.000003 0.516367
0 0 0.503941 0.193865 0.046053 0.000028 0.256113
4 0 0.176859 0.175877 0.047630 0.000028 0.599606
0 0 0.425949 0.286399 0.130463 0.000543 0.156646
0 0 0.773753 0.115879 0.069350 0.000519 0.040498
0 0 0.703963 0.199577 0.044651 0.000064 0.051745
0 0 0.602081 0.264998 0.067980 0.000206 0.064734
0 0 0.627361 0.251469 0.061438 0.000147 0.059586
1 0 0.194746 0.351930 0.141609 0.000419 0.311296
0 0 0.419949 0.342051 0.107513 0.000198 0.130289
1 0 0.302856 0.330964 0.090877 0.000034 0.275268
0 0 0.604791 0.176395 0.068505 0.000796 0.149514
0 0 0.788138 0.125628 0.029263 0.000036 0.056935
4 0 0.210473 0.316960 0.071059 0.000031 0.401478
4 0 0.164319 0.223615 0.051541 0.000016 0.560509
4 0 0.112798 0.128790 0.040143 0.000035 0.718234
4 0 0.096279 0.204042 0.045269 0.000009 0.654400
4 0 0.161696 0.212998 0.053742 0.000026 0.571538
4 0 0.155731 0.043979 0.017005 0.000022 0.783262
4 0 0.185183 0.031862 0.016110 0.000072 0.766773
4 0 0.193565 0.025032 0.014480 0.000113 0.766811
4 0 0.390787 0.164682 0.042791 0.000027 0.401713
0 0 0.485098 0.069653 0.021378 0.000018 0.423853
4 0 0.208812 0.176920 0.052739 0.000055 0.561473
4 1 0.120645 0.211798 0.033879 0.000001 0.633677
4 1 0.120467 0.201076 0.040123 0.000005 0.638330
4 1 0.122238 0.307012 0.049624 0.000003 0.521123
4 1 0.105871 0.205815 0.036677 0.000002 0.651634
1 1 0.055699 0.435381 0.208775 0.000035 0.300110
1 1 0.043803 0.413821 0.260976 0.000032 0.281368
1 1 0.063028 0.453493 0.216694 0.000011 0.266774
1 1 0.060162 0.459076 0.225287 0.000023 0.255451
1 1 0.038501 0.441213 0.281991 0.000084 0.238212
1 1 0.072860 0.547830 0.251396 0.000058 0.127857
1 1 0.012508 0.550635 0.249619 0.000094 0.187144
1 1 0.022842 0.396016 0.387689 0.000131 0.193323
1 1 0.049253 0.422529 0.361682 0.000125 0.166411
1 1 0.033698 0.431954 0.311862 0.000054 0.222432
1 1 0.027660 0.475981 0.366863 0.000139 0.129356
1 1 0.037774 0.526926 0.281029 0.000062 0.154210
1 1 0.208129 0.438771 0.222069 0.000207 0.130824
1 1 0.021548 0.593731 0.228032 0.000054 0.156636
1 1 0.025151 0.458096 0.370286 0.000042 0.146425
1 1 0.027840 0.468399 0.309545 0.000033 0.194182
1 1 0.007947 0.439775 0.366075 0.000192 0.186011
1 1 0.035410 0.428055 0.332373 0.000033 0.204130
1 1 0.041568 0.407844 0.381056 0.000075 0.169457
1 2 0.007870 0.433635 0.359227 0.000179 0.199089
2 2 0.000721 0.109079 0.879613 0.000184 0.010402
2 2 0.005343 0.075425 0.902001 0.000093 0.017138
2 2 0.002405 0.140135 0.843039 0.000476 0.013945
2 2 0.002603 0.088323 0.889410 0.000052 0.019612
2 2 0.006127 0.040580 0.940439 0.000113 0.012741
2 2 0.000431 0.077515 0.906978 0.000561 0.014515
2 2 0.006034 0.207384 0.758928 0.000360 0.027294
2 2 0.002465 0.090119 0.877264 0.000078 0.030073
2 2 0.009708 0.116053 0.835973 0.000043 0.038223
2 2 0.006014 0.151389 0.821060 0.000214 0.021324
2 2 0.002380 0.101225 0.879780 0.000180 0.016435
2 2 0.002623 0.085309 0.900193 0.000183 0.011691
2 2 0.001577 0.086222 0.903013 0.000365 0.008824
2 2 0.001187 0.067521 0.922501 0.000187 0.008605
2 2 0.003064 0.045239 0.941861 0.000153 0.009683
2 2 0.086864 0.137194 0.635540 0.000676 0.139727
2 2 0.036787 0.192597 0.641532 0.001498 0.127586
2 2 0.252459 0.251484 0.378390 0.003262 0.114406
0 0 0.665960 0.140184 0.150670 0.002598 0.040588
0 1 0.448570 0.354290 0.111733 0.001014 0.084393
1 1 0.280615 0.534282 0.100429 0.000074 0.084600
0 0 0.740534 0.147526 0.071507 0.000146 0.040288
0 0 0.673947 0.201474 0.058212 0.000201 0.066165
0 0 0.631122 0.257776 0.058949 0.000111 0.052042
0 0 0.581697 0.286564 0.071482 0.000207 0.060050
1 0 0.369079 0.461924 0.129715 0.000372 0.038909
1 1 0.383136 0.453451 0.127044 0.000371 0.035998
1 2 0.159666 0.416392 0.385800 0.001457 0.036685
2 2 0.030199 0.109600 0.832159 0.001659 0.026383
2 2 0.034417 0.240391 0.702659 0.001462 0.021071
2 2 0.020288 0.081295 0.892176 0.001271 0.004971
2 2 0.067560 0.063176 0.864879 0.001046 0.003338
2 2 0.026307 0.124349 0.841178 0.002270 0.005897
2 2 0.016070 0.087804 0.888690 0.003849 0.003587
2 2 0.060137 0.063443 0.870116 0.002240 0.004063
2 2 0.057726 0.083262 0.849558 0.002562 0.006891
2 2 0.050143 0.114833 0.824909 0.004975 0.005141
2 2 0.076789 0.096605 0.817494 0.002777 0.006335
2 2 0.051996 0.108332 0.830267 0.003958 0.005448
2 2 0.023099 0.075381 0.893650 0.004325 0.003545
2 2 0.021623 0.027377 0.945893 0.004013 0.001095
2 2 0.043384 0.063079 0.884449 0.005702 0.003387
2 2 0.048217 0.059610 0.880877 0.007575 0.003720
2 2 0.007092 0.040468 0.941265 0.010002 0.001173
2 2 0.017215 0.066430 0.907384 0.006815 0.002156
2 2 0.019717 0.064244 0.901356 0.012020 0.002662
2 2 0.076168 0.088486 0.814815 0.016624 0.003907
2 2 0.041783 0.076171 0.861472 0.017367 0.003207
2 2 0.024205 0.082314 0.870628 0.019037 0.003816
2 2 0.025991 0.067460 0.885644 0.018971 0.001934
2 3 0.026772 0.051163 0.822819 0.097458 0.001788
2 2 0.024117 0.045817 0.842585 0.086181 0.001299
2 2 0.005481 0.022433 0.902634 0.068734 0.000718
2 2 0.000306 0.002779 0.788815 0.208009 0.000090
2 2 0.001917 0.008961 0.792353 0.196434 0.000335
2 2 0.003028 0.015349 0.813475 0.167254 0.000895
2 2 0.002883 0.017534 0.908580 0.070253 0.000751
2 2 0.039377 0.106722 0.801908 0.044633 0.007361
2 2 0.004166 0.014472 0.835276 0.145436 0.000650
2 2 0.003899 0.012724 0.894869 0.087397 0.001111
2 2 0.000083 0.003788 0.987013 0.009011 0.000104
2 2 0.000042 0.001238 0.968666 0.030038 0.000015
2 2 0.000049 0.002115 0.976817 0.020973 0.000046
2 2 0.000222 0.002943 0.931211 0.065561 0.000063
2 2 0.000041 0.001783 0.975311 0.022832 0.000034
2 2 0.000437 0.003138 0.804728 0.191619 0.000078
2 2 0.000505 0.003597 0.793512 0.202282 0.000105
2 2 0.000308 0.001576 0.641556 0.356533 0.000027
2 2 0.002301 0.003961 0.870510 0.123097 0.000131
2 2 0.000389 0.002826 0.799375 0.197344 0.000067
3 2 0.000035 0.000328 0.463833 0.535798 0.000006
3 3 0.000093 0.000578 0.391579 0.607735 0.000015
3 3 0.000039 0.000219 0.219313 0.780423 0.000006
3 3 0.000101 0.000650 0.436088 0.563146 0.000016
3 3 0.000245 0.000850 0.336772 0.662114 0.000019
3 3 0.000149 0.000458 0.178242 0.821136 0.000015
3 3 0.000065 0.000262 0.109668 0.889990 0.000015
3 3 0.000090 0.000343 0.157248 0.842305 0.000014
3 3 0.000078 0.000305 0.163377 0.836229 0.000011
3 3 0.000082 0.000272 0.120227 0.879408 0.000011
3 3 0.000891 0.001490 0.115160 0.882339 0.000121
3 3 0.000251 0.000602 0.096781 0.902320 0.000046
3 3 0.000090 0.000293 0.106571 0.893031 0.000015
3 3 0.001394 0.001656 0.088059 0.908748 0.000143
3 3 0.000137 0.000269 0.044854 0.954716 0.000025
3 3 0.000092 0.000251 0.122581 0.877069 0.000007
3 3 0.000993 0.001492 0.214567 0.782908 0.000040
3 3 0.000238 0.000681 0.238965 0.760098 0.000018
3 3 0.005035 0.005923 0.297130 0.691685 0.000227
3 3 0.000914 0.001413 0.165772 0.831845 0.000057
3 3 0.013071 0.009317 0.194237 0.782816 0.000558
3 3 0.008252 0.008186 0.220047 0.762967 0.000548
3 3 0.025740 0.013813 0.188535 0.771069 0.000843
3 3 0.019318 0.013286 0.253010 0.713715 0.000671
3 3 0.090004 0.040272 0.363353 0.504861 0.001510
3 3 0.048805 0.032378 0.353236 0.563744 0.001838
3 3 0.098651 0.040306 0.320217 0.539146 0.001681
3 3 0.040927 0.027909 0.384960 0.544958 0.001247
3 3 0.082856 0.039448 0.345494 0.530462 0.001740
3 3 0.080114 0.038284 0.350704 0.529283 0.001615
3 3 0.023608 0.014483 0.271425 0.689881 0.000604
3 3 0.042093 0.022154 0.315877 0.619044 0.000833
3 3 0.081088 0.032982 0.366867 0.518143 0.000920
3 3 0.021182 0.014417 0.288321 0.675462 0.000619
3 3 0.052783 0.028294 0.341173 0.576592 0.001159
2 3 0.105457 0.055740 0.438170 0.398347 0.002287
3 3 0.056894 0.029849 0.242004 0.669018 0.002234
2 3 0.115516 0.060109 0.421512 0.400124 0.002739
3 3 0.112056 0.048561 0.358390 0.478953 0.002040
3 3 0.063368 0.041239 0.379723 0.513260 0.002410
3 3 0.132394 0.043777 0.283242 0.538797 0.001791
3 3 0.089098 0.033345 0.234675 0.641057 0.001825
3 3 0.053724 0.023649 0.244560 0.676923 0.001144
3 3 0.040275 0.019370 0.206689 0.732490 0.001176
3 3 0.077056 0.023210 0.207201 0.691656 0.000877
3 3 0.067592 0.033280 0.322101 0.575496 0.001531
3 3 0.038063 0.019672 0.269189 0.672215 0.000861
3 3 0.061030 0.033121 0.310899 0.593110 0.001840
3 3 0.027767 0.015503 0.201323 0.754417 0.000989
3 3 0.057597 0.025561 0.247011 0.668521 0.001309
3 3 0.029506 0.013467 0.208748 0.747725 0.000554
3 3 0.031051 0.015689 0.210406 0.742027 0.000828
3 3 0.057991 0.024637 0.246667 0.669547 0.001159
3 3 0.035690 0.017768 0.176690 0.768503 0.001349
3 3 0.060749 0.027473 0.287579 0.623016 0.001183
3 3 0.111025 0.047877 0.312283 0.526270 0.002544
3 3 0.146265 0.046668 0.245278 0.559361 0.002429
3 3 0.084994 0.027175 0.183269 0.703027 0.001535
3 3 0.055699 0.025783 0.211775 0.704933 0.001810
3 3 0.098101 0.034966 0.274328 0.591179 0.001427
3 3 0.067512 0.027474 0.231624 0.671913 0.001478
3 3 0.273447 0.064237 0.233540 0.426023 0.002752
3 3 0.046441 0.026431 0.270836 0.654638 0.001654
3 3 0.055917 0.027755 0.285971 0.628981 0.001376
3 3 0.113193 0.050434 0.391227 0.443236 0.001911
3 3 0.027089 0.014467 0.323026 0.635044 0.000374
3 3 0.024944 0.016582 0.346107 0.611800 0.000566
3 3 0.008438 0.007234 0.235681 0.748325 0.000323
3 3 0.009671 0.006708 0.242669 0.740748 0.000204
3 3 0.033581 0.016924 0.264383 0.684461 0.000652
3 3 0.091525 0.050631 0.365192 0.489685 0.002967
3 3 0.159843 0.067677 0.346835 0.421738 0.003907
3 3 0.113507 0.046357 0.283169 0.554314 0.002653
2 3 0.214068 0.127000 0.506074 0.147159 0.005699
2 2 0.131111 0.135161 0.518520 0.200292 0.014917
2 2 0.124271 0.319058 0.464478 0.007892 0.084301
2 2 0.034663 0.348112 0.536180 0.003450 0.077595
1 1 0.278803 0.372971 0.261054 0.002587 0.084585
1 1 0.046200 0.478858 0.385340 0.000926 0.088676
1 1 0.091956 0.521123 0.329993 0.000493 0.056435
0 0 0.512489 0.315226 0.092700 0.000564 0.079020
0 0 0.513852 0.289601 0.108267 0.001328 0.086952
0 0 0.411478 0.352467 0.127644 0.002041 0.106369
1 1 0.143094 0.360662 0.159943 0.000663 0.335637
1 1 0.138173 0.474921 0.221529 0.001504 0.163874
4 0 0.203744 0.098379 0.032008 0.000032 0.665837
0 0 0.616368 0.095829 0.034936 0.000132 0.252735
0 0 0.647453 0.086153 0.036935 0.000332 0.229128
4 0 0.379081 0.106925 0.035665 0.000056 0.478273
0 0 0.577993 0.048080 0.020564 0.000090 0.353273
4 0 0.250598 0.067237 0.031736 0.000184 0.650245
0 0 0.584011 0.121122 0.028457 0.000012 0.266398
4 0 0.312887 0.087263 0.032010 0.000064 0.567776
4 1 0.361703 0.209527 0.043264 0.000010 0.385496
4 1 0.269678 0.075374 0.022517 0.000013 0.632419
0 1 0.708831 0.056237 0.019784 0.000049 0.215099
0 1 0.603626 0.104775 0.033425 0.000065 0.258109
0 1 0.637912 0.100367 0.027149 0.000023 0.234550
0 1 0.806511 0.038639 0.017495 0.000118 0.137237
0 0 0.703425 0.054361 0.022096 0.000113 0.220005
0 0 0.702043 0.019736 0.008568 0.000027 0.269626
0 0 0.573803 0.042949 0.013979 0.000013 0.369256
0 0 0.810823 0.024777 0.009813 0.000033 0.154554
0 0 0.551677 0.046914 0.014884 0.000012 0.386513
0 0 0.596930 0.020605 0.008832 0.000021 0.373611
0 0 0.940056 0.007359 0.007770 0.000166 0.044650
0 0 0.557685 0.021081 0.017951 0.000747 0.402535
0 0 0.723902 0.057390 0.016602 0.000015 0.202090
0 0 0.951543 0.013411 0.012453 0.000184 0.022409
0 0 0.788762 0.019412 0.007351 0.000015 0.184461
0 0 0.829617 0.033303 0.012175 0.000038 0.124867
0 0 0.892382 0.017441 0.013566 0.000227 0.076384
0 0 0.801504 0.036969 0.016179 0.000099 0.145249
0 0 0.731666 0.040233 0.016082 0.000063 0.211955
0 0 0.869897 0.004912 0.005899 0.000236 0.119056
0 0 0.622914 0.013199 0.008949 0.000153 0.354786
0 0 0.722373 0.021593 0.009261 0.000031 0.246741
0 0 0.681602 0.015713 0.008106 0.000047 0.294533
0 0 0.650024 0.038557 0.015613 0.000050 0.295756
0 0 0.496993 0.023808 0.013614 0.000143 0.465443
4 0 0.148974 0.055146 0.021444 0.000033 0.774402
4 0 0.163703 0.066873 0.020769 0.000011 0.748644
4 0 0.179921 0.061997 0.017444 0.000005 0.740633
4 0 0.362739 0.229145 0.043430 0.000007 0.364680
4 0 0.367045 0.156035 0.043059 0.000034 0.433827
0 0 0.624826 0.158691 0.031791 0.000009 0.184684
4 0 0.326600 0.208827 0.048766 0.000020 0.415787
4 0 0.145189 0.047927 0.027843 0.000335 0.778707
4 0 0.130652 0.042328 0.021005 0.000097 0.805918
0 0 0.529881 0.147778 0.042877 0.000059 0.279404
4 0 0.101742 0.087417 0.031152 0.000041 0.779648
4 0 0.297322 0.174020 0.046730 0.000031 0.481897
4 0 0.132535 0.215369 0.037853 0.000002 0.614241
4 0 0.213656 0.192018 0.039906 0.000007 0.554413
0 0 0.572890 0.183609 0.043342 0.000029 0.200130
4 0 0.098522 0.241996 0.073843 0.000102 0.585537
1 0 0.161225 0.550242 0.119129 0.000114 0.169290
0 0 0.568086 0.299486 0.061449 0.000057 0.070922
1 0 0.219728 0.482157 0.095002 0.000045 0.203069
0 0 0.641472 0.187053 0.061394 0.000378 0.109703
0 0 0.567652 0.268519 0.061522 0.000074 0.102234
1 1 0.229829 0.475451 0.081865 0.000018 0.212837
4 1 0.140348 0.343641 0.099992 0.000176 0.415844
4 1 0.276455 0.308361 0.093628 0.000238 0.321318
4 4 0.115099 0.174525 0.045638 0.000020 0.664718
0 4 0.639754 0.106039 0.034226 0.000080 0.219901
0 4 0.752672 0.051310 0.020662 0.000114 0.175241
4 4 0.468306 0.026389 0.024844 0.001515 0.478946
0 4 0.494238 0.040042 0.021704 0.000251 0.443765
0 4 0.552276 0.033191 0.015100 0.000065 0.399368
1 4 0.149617 0.437073 0.112568 0.000154 0.300588
0 4 0.476857 0.187715 0.079525 0.001037 0.254866
0 1 0.686593 0.208633 0.048672 0.000084 0.056018
0 1 0.652791 0.253472 0.051866 0.000063 0.041808
0 1 0.696602 0.193972 0.047405 0.000093 0.061927
0 1 0.668624 0.246118 0.039557 0.000012 0.045689
0 1 0.478118 0.391044 0.061689 0.000017 0.069132
1 1 0.119530 0.616744 0.149842 0.000079 0.113805
1 1 0.131856 0.490825 0.239825 0.000099 0.137395
1 1 0.180565 0.438306 0.232831 0.000118 0.148180
1 1 0.380155 0.453039 0.090947 0.000068 0.075792
1 1 0.273916 0.552371 0.095355 0.000046 0.078312
1 1 0.253187 0.532636 0.117520 0.000072 0.096585
0 1 0.749845 0.162736 0.036043 0.000043 0.051333
0 1 0.705245 0.208994 0.041891 0.000039 0.043832
0 1 0.609679 0.290004 0.042534 0.000007 0.057776
0 1 0.549279 0.323399 0.048156 0.000008 0.079157
1 1 0.318159 0.495243 0.066767 0.000006 0.119825
0 1 0.418010 0.400020 0.074860 0.000038 0.107072
1 1 0.169844 0.573350 0.132457 0.000084 0.124265
1 1 0.110502 0.518623 0.221280 0.000060 0.149535
1 1 0.208035 0.430280 0.204961 0.000029 0.156695
1 1 0.179021 0.527888 0.167508 0.000063 0.125520
1 1 0.175633 0.514742 0.157431 0.000045 0.152149
1 1 0.163498 0.374153 0.292252 0.000071 0.170027
1 1 0.250753 0.542237 0.103426 0.000072 0.103512
1 1 0.179552 0.635735 0.087543 0.000012 0.097158
1 1 0.117960 0.624512 0.099834 0.000021 0.157673
1 1 0.032495 0.545467 0.183225 0.000049 0.238764
1 1 0.138125 0.621668 0.109606 0.000023 0.130578
1 1 0.113106 0.644622 0.109408 0.000032 0.132832
1 1 0.119227 0.623745 0.121731 0.000016 0.135280
1 1 0.079262 0.632252 0.117962 0.000054 0.170471
1 1 0.034923 0.553920 0.293356 0.000177 0.117623
2 1 0.031089 0.354470 0.417953 0.000134 0.196354
2 1 0.015269 0.268854 0.605320 0.000155 0.110403
2 1 0.025246 0.372191 0.507982 0.000087 0.094493
2 1 0.014132 0.281570 0.605461 0.000385 0.098452
2 1 0.019579 0.275764 0.611534 0.000364 0.092760
1 1 0.015303 0.513736 0.366493 0.000187 0.104281
2 1 0.008207 0.261503 0.637391 0.000271 0.092629
1 1 0.017060 0.476501 0.397382 0.000155 0.108902
2 1 0.051446 0.307615 0.573104 0.000216 0.067619
1 1 0.035385 0.518254 0.334051 0.000189 0.112122
2 1 0.017681 0.356275 0.512635 0.000168 0.113240
1 1 0.018179 0.425035 0.362751 0.000050 0.193986
1 1 0.025669 0.474265 0.356647 0.000071 0.143349
2 1 0.013588 0.381922 0.426616 0.000098 0.177776
2 1 0.016458 0.349015 0.452133 0.000068 0.182326
2 2 0.023140 0.384065 0.415849 0.000054 0.176892
2 2 0.006583 0.321088 0.608110 0.000536 0.063683
2 2 0.004724 0.205490 0.749623 0.000763 0.039400
2 2 0.001518 0.187570 0.767476 0.000567 0.042870
2 2 0.010199 0.134815 0.799291 0.000124 0.055571
2 2 0.003428 0.097931 0.861977 0.000055 0.036609
2 2 0.000797 0.045749 0.945586 0.000530 0.007338
2 2 0.000721 0.086645 0.902158 0.000456 0.010018
2 2 0.001538 0.029612 0.962494 0.000252 0.006104
2 2 0.000167 0.039718 0.955688 0.000187 0.004240
2 2 0.000215 0.043700 0.951196 0.000419 0.004471
2 2 0.000020 0.002704 0.996719 0.000479 0.000078
2 2 0.000046 0.005281 0.993818 0.000693 0.000162
2 2 0.000059 0.006838 0.992280 0.000557 0.000266
2 2 0.000101 0.008946 0.989858 0.000886 0.000208
2 2 0.000132 0.006364 0.992622 0.000664 0.000219
2 2 0.000191 0.015816 0.982426 0.000211 0.001355
2 2 0.000158 0.013168 0.984812 0.000522 0.001339
2 2 0.000622 0.029570 0.966984 0.000399 0.002425
2 2 0.000384 0.011601 0.986351 0.000482 0.001182
2 2 0.000096 0.028541 0.968447 0.000379 0.002536
2 2 0.002823 0.064359 0.927143 0.001425 0.004250
2 2 0.002391 0.035194 0.956295 0.000373 0.005747
2 2 0.001518 0.089329 0.903927 0.000273 0.004953
2 2 0.000930 0.044207 0.950666 0.000813 0.003385
2 2 0.000475 0.029340 0.965735 0.000306 0.004144
2 2 0.000316 0.019948 0.978565 0.000270 0.000900
2 2 0.000032 0.008632 0.990380 0.000593 0.000363
2 2 0.000063 0.005069 0.994266 0.000286 0.000316
2 2 0.000039 0.004828 0.994212 0.000715 0.000206
2 2 0.000088 0.016049 0.982628 0.000371 0.000864
2 2 0.000011 0.003275 0.996214 0.000394 0.000107
2 2 0.000051 0.007147 0.992126 0.000519 0.000156
2 2 0.000214 0.009508 0.989256 0.000766 0.000256
2 2 0.000029 0.004146 0.993391 0.002306 0.000128
2 2 0.002455 0.024511 0.970502 0.001895 0.000636
2 2 0.000170 0.037136 0.957197 0.000770 0.004728
2 2 0.000380 0.029275 0.967026 0.000666 0.002652
2 2 0.000603 0.016018 0.980635 0.000210 0.002534
2 2 0.038941 0.136122 0.808721 0.000669 0.015547
2 2 0.024384 0.166544 0.800683 0.000875 0.007515
2 2 0.016692 0.278841 0.662239 0.001116 0.041112
2 2 0.030944 0.251498 0.653132 0.000703 0.063724
2 0 0.260703 0.263330 0.411390 0.003013 0.061564
0 0 0.467489 0.348116 0.104888 0.000776 0.078731
0 0 0.529168 0.255404 0.132682 0.002249 0.080497
0 0 0.531752 0.320380 0.084005 0.000328 0.063535
1 0 0.223097 0.513567 0.144103 0.000109 0.119125
1 0 0.319992 0.421253 0.137090 0.000127 0.121538
1 0 0.091290 0.601199 0.158955 0.000122 0.148434
1 0 0.063376 0.474271 0.288437 0.000118 0.173799
1 0 0.031457 0.473555 0.307744 0.000052 0.187192
1 1 0.025090 0.493222 0.346861 0.000076 0.134751
1 1 0.060447 0.671257 0.144433 0.000045 0.123817
1 1 0.056125 0.654211 0.171902 0.000028 0.117735
1 1 0.028120 0.605940 0.220785 0.000067 0.145088
1 1 0.036239 0.512307 0.271063 0.000017 0.180373
1 1 0.120166 0.507292 0.179506 0.000016 0.193020
1 1 0.048176 0.598402 0.139891 0.000020 0.213512
1 1 0.056637 0.424353 0.359729 0.000085 0.159196
1 1 0.065789 0.532070 0.198008 0.000022 0.204112
1 1 0.075337 0.532216 0.229654 0.000071 0.162722
1 1 0.027322 0.397291 0.370830 0.000060 0.204497
1 1 0.080655 0.604934 0.159672 0.000024 0.154715
1 1 0.057780 0.486199 0.265397 0.000029 0.190596
1 1 0.298312 0.541196 0.094690 0.000058 0.065743
4 1 0.079745 0.337331 0.058447 0.000005 0.524472
4 1 0.053704 0.185042 0.040469 0.000007 0.720778
4 4 0.135069 0.231207 0.040358 0.000003 0.593363
4 4 0.133229 0.274226 0.050998 0.000006 0.541541
4 4 0.157491 0.201348 0.035893 0.000002 0.605265
0 1 0.378286 0.289976 0.095820 0.000465 0.235454
4 1 0.203954 0.276948 0.059549 0.000017 0.459531
4 1 0.168255 0.243497 0.067812 0.000064 0.520371
4 1 0.136356 0.339500 0.084435 0.000061 0.439647
4 1 0.058688 0.197147 0.068169 0.000142 0.675854
4 1 0.125012 0.116274 0.038929 0.000047 0.719738
0 4 0.722967 0.096493 0.028677 0.000053 0.151810
4 4 0.256114 0.143051 0.039998 0.000026 0.560811
4 4 0.232389 0.122136 0.036909 0.000031 0.608535
4 4 0.137807 0.289159 0.053959 0.000007 0.519068
4 4 0.361662 0.131677 0.042183 0.000063 0.464415
4 4 0.397881 0.078472 0.031737 0.000111 0.491798
0 1 0.570769 0.158703 0.045041 0.000068 0.225420
4 1 0.305663 0.091907 0.034882 0.000087 0.567462
4 1 0.405613 0.125387 0.040043 0.000060 0.428897
0 1 0.427990 0.265668 0.051797 0.000013 0.254531
0 0 0.651490 0.048428 0.021103 0.000122 0.278856
4 0 0.414295 0.084827 0.034234 0.000130 0.466514
4 0 0.283486 0.258259 0.074362 0.000111 0.383781
0 0 0.775479 0.113410 0.023938 0.000012 0.087161
0 0 0.340760 0.311961 0.075873 0.000068 0.271338
1 0 0.245062 0.397952 0.090987 0.000069 0.265930
4 1 0.150176 0.252955 0.057767 0.000019 0.539083
4 1 0.182479 0.266470 0.088939 0.000258 0.461853
1 1 0.098881 0.418792 0.069500 0.000007 0.412821
1 1 0.146383 0.373607 0.279334 0.000225 0.200451
