0 0 0.805352 0.032859 0.004815 0.000212 0.156762
0 0 0.706713 0.022793 0.005072 0.000295 0.265128
0 0 0.506949 0.042638 0.004549 0.000207 0.445656
0 0 0.809946 0.021189 0.003414 0.000432 0.165019
0 0 0.754520 0.020613 0.002803 0.000331 0.221731
0 0 0.920061 0.009416 0.001774 0.000377 0.068372
0 0 0.710814 0.041475 0.016596 0.000666 0.230448
0 0 0.717816 0.041128 0.016044 0.001010 0.224002
0 0 0.759429 0.022103 0.005489 0.000395 0.212584
0 0 0.494810 0.139748 0.021270 0.000308 0.343864
4 0 0.367784 0.068471 0.038625 0.002093 0.523026
0 0 0.638879 0.093012 0.018375 0.000739 0.248996
0 0 0.463875 0.113621 0.051904 0.002067 0.368533
0 0 0.608071 0.121867 0.034677 0.001556 0.233830
0 0 0.663163 0.056426 0.026783 0.001786 0.251842
0 0 0.513588 0.090029 0.059676 0.006164 0.330542
0 0 0.411016 0.261883 0.151673 0.010650 0.164779
0 0 0.702276 0.106027 0.030517 0.001708 0.159472
0 0 0.366133 0.255464 0.109051 0.004584 0.264768
0 0 0.458163 0.227292 0.073095 0.002891 0.238558
2 0 0.238708 0.272763 0.403181 0.036013 0.049336
2 0 0.313138 0.247458 0.395975 0.019541 0.023889
2 0 0.243103 0.235615 0.386064 0.068955 0.066263
2 0 0.174476 0.276812 0.488564 0.032361 0.027787
2 1 0.088537 0.263528 0.563002 0.055530 0.029403
2 1 0.033583 0.251477 0.599267 0.080123 0.035550
2 1 0.036992 0.248735 0.574162 0.098601 0.041511
2 1 0.070299 0.287160 0.526381 0.061255 0.054905
2 1 0.097365 0.273248 0.559809 0.042253 0.027325
2 4 0.120440 0.292396 0.511890 0.021199 0.054075
0 4 0.608007 0.096295 0.051648 0.002479 0.241571
1 4 0.258937 0.323265 0.103567 0.003122 0.311109
4 4 0.228918 0.102926 0.034509 0.001533 0.632114
0 4 0.364193 0.338829 0.110716 0.001649 0.184614
0 4 0.436465 0.126343 0.049431 0.001977 0.385784
0 4 0.368517 0.204331 0.060498 0.003857 0.362797
0 4 0.405934 0.119367 0.102463 0.008319 0.363916
0 4 0.397884 0.250786 0.081669 0.003296 0.266367
0 4 0.387279 0.107635 0.133546 0.006668 0.364872
0 4 0.311039 0.300374 0.133888 0.007013 0.247686
1 4 0.182892 0.267370 0.265698 0.020536 0.263504
4 4 0.315997 0.237725 0.086395 0.007070 0.352812
0 4 0.635893 0.069632 0.073984 0.004641 0.215851
0 4 0.515026 0.155805 0.062325 0.007575 0.259269
0 4 0.509399 0.268474 0.103892 0.002040 0.116195
0 4 0.593628 0.191059 0.061068 0.001713 0.152532
0 4 0.642102 0.161209 0.047093 0.001272 0.148324
0 0 0.923257 0.015208 0.008420 0.000886 0.052230
0 0 0.900047 0.017382 0.004494 0.001139 0.076938
0 0 0.791508 0.099152 0.026469 0.000519 0.082351
0 0 0.815701 0.056632 0.012538 0.000536 0.114592
0 0 0.815068 0.055220 0.011603 0.000456 0.117652
0 0 0.787514 0.098756 0.023032 0.000342 0.090355
0 0 0.655418 0.062709 0.019542 0.001087 0.261244
0 0 0.823954 0.092606 0.018639 0.000122 0.064679
1 1 0.324037 0.405633 0.127981 0.000869 0.141481
1 1 0.159288 0.442345 0.155910 0.002477 0.239980
1 1 0.169468 0.388838 0.114798 0.002012 0.324884
0 4 0.374047 0.184656 0.066837 0.001161 0.373298
4 4 0.299415 0.205307 0.060386 0.002129 0.432764
0 4 0.491059 0.290015 0.096971 0.001132 0.120823
1 4 0.248850 0.328118 0.117123 0.003705 0.302204
0 4 0.360951 0.265851 0.103244 0.005270 0.264684
1 4 0.280085 0.378972 0.140004 0.002714 0.198225
0 4 0.396563 0.220706 0.127822 0.010938 0.243971
0 4 0.371533 0.255910 0.095900 0.003571 0.273087
1 4 0.266543 0.326733 0.107957 0.003030 0.295737
4 4 0.224280 0.237145 0.102918 0.007069 0.428588
4 4 0.303257 0.275533 0.077652 0.002368 0.341190
4 4 0.180976 0.259336 0.065822 0.002491 0.491375
1 4 0.205741 0.382327 0.305982 0.010203 0.095747
1 4 0.212793 0.377305 0.314214 0.011264 0.084424
2 4 0.141243 0.218499 0.445085 0.022430 0.172743
1 4 0.242226 0.364597 0.319875 0.008310 0.064992
1 4 0.155740 0.380775 0.356474 0.015169 0.091842
4 4 0.342508 0.053572 0.021072 0.000795 0.582053
0 4 0.703028 0.114213 0.027788 0.000787 0.154184
0 4 0.697168 0.110535 0.024720 0.000636 0.166941
0 4 0.518006 0.074334 0.018424 0.001025 0.388212
0 4 0.588707 0.153924 0.024517 0.000207 0.232645
0 4 0.588485 0.198561 0.037416 0.000237 0.175302
0 1 0.524761 0.190599 0.039196 0.000548 0.244896
0 0 0.882845 0.023748 0.012686 0.001227 0.079495
0 0 0.895889 0.028471 0.009790 0.000949 0.064900
0 0 0.626190 0.048426 0.013512 0.000708 0.311164
0 0 0.622796 0.049682 0.011690 0.000597 0.315235
0 0 0.653907 0.030410 0.005534 0.000428 0.309720
4 0 0.443138 0.046640 0.005482 0.000342 0.504399
0 0 0.486145 0.045720 0.009498 0.000404 0.458232
0 0 0.561854 0.059578 0.006394 0.000138 0.372037
4 1 0.163747 0.080936 0.012641 0.000581 0.742095
4 1 0.074132 0.189306 0.036543 0.001413 0.698606
4 4 0.090227 0.163938 0.033815 0.002116 0.709904
4 4 0.210972 0.056821 0.019333 0.000811 0.712062
4 4 0.149374 0.068883 0.012773 0.000358 0.768611
1 4 0.169424 0.397688 0.170754 0.005039 0.257095
1 4 0.186617 0.407164 0.224213 0.007226 0.174779
1 4 0.270579 0.345484 0.143607 0.004378 0.235952
1 4 0.141089 0.411948 0.229649 0.008149 0.209165
0 4 0.397991 0.195300 0.166620 0.003560 0.236528
0 4 0.665207 0.136082 0.025324 0.000280 0.173108
1 4 0.345145 0.361424 0.095074 0.000718 0.197639
4 4 0.405524 0.118127 0.023796 0.001519 0.451033
0 4 0.466357 0.083476 0.018446 0.001156 0.430565
0 4 0.463517 0.173416 0.047461 0.002578 0.313027
0 4 0.529053 0.120134 0.022162 0.000695 0.327956
0 0 0.803521 0.061691 0.019916 0.000890 0.113981
4 1 0.381429 0.060454 0.027811 0.001876 0.528430
0 4 0.675154 0.139301 0.030126 0.000436 0.154983
0 0 0.695966 0.064309 0.018381 0.001452 0.219892
0 0 0.626862 0.147451 0.047118 0.001396 0.177173
1 1 0.309306 0.415845 0.134195 0.000916 0.139737
4 1 0.062692 0.397176 0.126964 0.003300 0.409868
4 1 0.114663 0.309948 0.111786 0.001297 0.462306
1 1 0.057986 0.416971 0.144409 0.003654 0.376980
4 1 0.047625 0.318267 0.064140 0.000848 0.569121
4 1 0.026638 0.067963 0.034058 0.000577 0.870765
4 4 0.041291 0.170650 0.034294 0.000491 0.753274
4 4 0.019825 0.022995 0.015960 0.000438 0.940781
4 4 0.021596 0.032875 0.021702 0.000502 0.923324
4 4 0.023996 0.026446 0.006793 0.000180 0.942585
4 4 0.042974 0.142957 0.037872 0.000714 0.775483
4 4 0.045529 0.163321 0.023202 0.000371 0.767577
4 4 0.021580 0.039019 0.013646 0.000230 0.925526
4 4 0.019504 0.014045 0.011241 0.000482 0.954728
4 4 0.026374 0.010178 0.003128 0.000242 0.960078
4 4 0.029391 0.007316 0.003731 0.000194 0.959367
4 4 0.060023 0.109533 0.014578 0.000513 0.815353
4 4 0.024226 0.007072 0.002050 0.000186 0.966465
4 4 0.019800 0.010371 0.002287 0.000096 0.967446
4 4 0.055468 0.040473 0.003776 0.000242 0.900041
4 4 0.060343 0.050343 0.011587 0.000901 0.876827
4 4 0.061643 0.089030 0.011222 0.000482 0.837623
4 4 0.038996 0.040433 0.017367 0.000263 0.902941
4 4 0.050571 0.089213 0.009927 0.000287 0.850002
4 4 0.024089 0.091527 0.117741 0.001097 0.765546
4 4 0.032383 0.263784 0.146042 0.001514 0.556277
4 4 0.043971 0.387898 0.094579 0.001112 0.472439
4 4 0.033205 0.308069 0.149288 0.001468 0.507970
4 4 0.029478 0.153958 0.178414 0.002744 0.635406
2 4 0.008223 0.147627 0.773598 0.025492 0.045061
2 4 0.007524 0.174366 0.713735 0.042511 0.061864
2 4 0.007869 0.225935 0.646391 0.014002 0.105803
2 1 0.014016 0.328796 0.546778 0.039455 0.070955
2 1 0.006112 0.155074 0.741857 0.033551 0.063406
2 1 0.004320 0.115923 0.854402 0.005769 0.019587
2 1 0.001827 0.080372 0.854851 0.037516 0.025434
2 1 0.001303 0.069644 0.889192 0.010516 0.029345
2 1 0.002118 0.098307 0.839766 0.026757 0.033052
2 1 0.002310 0.075165 0.840636 0.056289 0.025599
2 1 0.003859 0.100237 0.801302 0.058636 0.035966
2 1 0.001626 0.067473 0.873259 0.026209 0.031433
2 1 0.003732 0.119982 0.795539 0.040939 0.039809
2 1 0.002778 0.109010 0.820277 0.027429 0.040505
2 1 0.001702 0.084808 0.858553 0.024967 0.029971
2 1 0.001030 0.035631 0.819303 0.139390 0.004646
2 1 0.000836 0.031017 0.805789 0.155881 0.006476
2 1 0.000927 0.036567 0.732282 0.225457 0.004768
2 1 0.001258 0.050756 0.869574 0.065512 0.012900
2 1 0.014774 0.103643 0.760866 0.110881 0.009835
2 1 0.142353 0.222613 0.616138 0.012908 0.005989
2 1 0.021553 0.103497 0.700442 0.170313 0.004195
2 2 0.001896 0.022412 0.582403 0.392715 0.000574
2 2 0.008351 0.017205 0.838007 0.135990 0.000448
2 2 0.022054 0.042735 0.913447 0.021049 0.000714
2 2 0.000055 0.001951 0.876960 0.121016 0.000019
2 2 0.000268 0.004174 0.938195 0.057313 0.000051
2 2 0.000074 0.002435 0.853486 0.143956 0.000049
2 2 0.000114 0.002673 0.922510 0.074679 0.000024
2 2 0.000051 0.001656 0.922885 0.075395 0.000013
2 2 0.000515 0.005773 0.949201 0.044431 0.000080
2 2 0.000150 0.003685 0.862551 0.133564 0.000049
2 2 0.000046 0.001887 0.838464 0.159575 0.000027
2 2 0.000026 0.001535 0.724317 0.274103 0.000018
2 2 0.000040 0.001558 0.891181 0.107211 0.000010
2 2 0.001596 0.014310 0.884737 0.099104 0.000252
2 2 0.000187 0.007016 0.864570 0.128082 0.000144
2 2 0.000148 0.004083 0.787755 0.207916 0.000097
2 2 0.000037 0.001982 0.675771 0.322187 0.000023
2 2 0.000064 0.002510 0.773780 0.223600 0.000046
2 2 0.000042 0.001795 0.837130 0.161018 0.000015
2 2 0.000003 0.000424 0.786910 0.212662 0.000001
2 2 0.000003 0.000446 0.719889 0.279657 0.000005
2 2 0.000044 0.001637 0.894219 0.104079 0.000020
2 2 0.000012 0.000945 0.758883 0.240157 0.000004
3 2 0.000166 0.001911 0.347790 0.650055 0.000077
3 2 0.000203 0.004439 0.465365 0.529831 0.000163
3 2 0.000815 0.007821 0.442280 0.548784 0.000300
3 2 0.000082 0.001604 0.386851 0.611409 0.000054
3 2 0.000098 0.002363 0.265787 0.731628 0.000124
2 2 0.008258 0.020865 0.552058 0.418069 0.000750
3 2 0.000056 0.000635 0.088451 0.910817 0.000041
3 3 0.000506 0.001683 0.118755 0.878958 0.000097
3 3 0.000810 0.003354 0.118103 0.877340 0.000393
3 3 0.000017 0.000163 0.041533 0.958272 0.000014
3 3 0.001064 0.002342 0.056662 0.939615 0.000317
3 3 0.010496 0.012289 0.161985 0.813649 0.001581
3 3 0.000937 0.002369 0.057775 0.938607 0.000312
3 3 0.000138 0.000304 0.011871 0.987619 0.000068
3 3 0.001195 0.000975 0.018618 0.978811 0.000400
3 3 0.005004 0.003780 0.049550 0.940430 0.001235
3 3 0.001155 0.000572 0.013332 0.984710 0.000231
3 3 0.003925 0.001518 0.015908 0.977156 0.001494
3 3 0.000866 0.000536 0.010759 0.987535 0.000304
3 3 0.003642 0.001438 0.021073 0.973088 0.000759
3 3 0.000567 0.001180 0.035093 0.962986 0.000174
3 3 0.011981 0.013466 0.167530 0.805214 0.001809
3 3 0.021165 0.029115 0.283964 0.662532 0.003224
2 3 0.064827 0.079730 0.483990 0.364087 0.007366
2 3 0.039344 0.043977 0.677656 0.233435 0.005588
2 2 0.003932 0.017203 0.508425 0.468506 0.001934
2 2 0.084587 0.110605 0.609663 0.188898 0.006245
2 2 0.063521 0.112549 0.554477 0.259723 0.009730
0 2 0.546634 0.098532 0.247962 0.089806 0.017066
2 2 0.073214 0.130737 0.559900 0.224044 0.012105
2 2 0.033159 0.132682 0.760013 0.070414 0.003731
2 2 0.003015 0.055088 0.571851 0.367086 0.002959
2 2 0.003801 0.039184 0.485181 0.470044 0.001789
2 2 0.017955 0.061304 0.824374 0.095241 0.001126
2 2 0.001107 0.009541 0.818675 0.170460 0.000217
2 2 0.000128 0.003438 0.852766 0.143647 0.000022
2 2 0.000005 0.000537 0.515872 0.483580 0.000005
2 2 0.000093 0.003042 0.801847 0.194973 0.000046
2 2 0.000053 0.002542 0.614075 0.383294 0.000037
2 2 0.000066 0.002494 0.808053 0.189374 0.000012
3 2 0.000023 0.001036 0.418780 0.580132 0.000029
2 2 0.003969 0.016449 0.553236 0.425899 0.000447
3 2 0.000136 0.004094 0.390274 0.605389 0.000108
3 2 0.000653 0.012390 0.476351 0.510368 0.000238
3 2 0.000007 0.000401 0.258248 0.741331 0.000014
2 2 0.000035 0.001808 0.702133 0.295999 0.000026
2 2 0.000152 0.003039 0.696926 0.299802 0.000081
2 2 0.001108 0.006430 0.818693 0.173691 0.000078
2 2 0.000017 0.001174 0.734428 0.264370 0.000010
3 2 0.000008 0.000667 0.347854 0.651451 0.000020
2 2 0.000054 0.002450 0.690530 0.306923 0.000042
3 2 0.000004 0.000204 0.151450 0.848336 0.000006
2 2 0.000008 0.000825 0.536208 0.462944 0.000015
2 2 0.000018 0.001199 0.567754 0.431004 0.000026
3 2 0.000002 0.000298 0.382437 0.617255 0.000008
3 2 0.000360 0.004082 0.344772 0.650619 0.000166
3 2 0.000012 0.000437 0.125594 0.873931 0.000025
3 2 0.000011 0.000244 0.057852 0.941869 0.000024
3 2 0.000002 0.000102 0.054712 0.945178 0.000006
3 2 0.000282 0.001483 0.122980 0.875162 0.000093
3 2 0.000023 0.000536 0.128117 0.871306 0.000019
3 2 0.000062 0.001229 0.256170 0.742460 0.000079
3 2 0.000071 0.001836 0.267152 0.730838 0.000103
3 2 0.000130 0.001856 0.115311 0.882545 0.000159
3 2 0.000078 0.001044 0.092330 0.906446 0.000103
2 2 0.001905 0.013983 0.676438 0.307165 0.000508
3 3 0.000229 0.001686 0.109991 0.887905 0.000189
3 3 0.000257 0.001311 0.080940 0.917394 0.000099
3 3 0.000391 0.007333 0.259461 0.732328 0.000488
2 3 0.017285 0.077455 0.634883 0.267146 0.003231
2 3 0.249930 0.270703 0.375631 0.036394 0.067342
0 2 0.405343 0.241926 0.242677 0.005800 0.104254
2 1 0.177904 0.329021 0.441323 0.016021 0.035730
2 1 0.047715 0.284150 0.512370 0.088047 0.067719
2 1 0.060074 0.291288 0.503197 0.079145 0.066295
2 1 0.001330 0.031820 0.529316 0.435980 0.001555
2 1 0.002456 0.041689 0.594722 0.359490 0.001642
2 1 0.003293 0.042293 0.585268 0.367127 0.002018
2 2 0.000306 0.006236 0.800596 0.192728 0.000135
2 2 0.000466 0.006662 0.685957 0.306726 0.000189
2 2 0.001624 0.018330 0.785860 0.193702 0.000484
2 2 0.001103 0.011669 0.882476 0.104634 0.000118
2 2 0.000086 0.002914 0.796695 0.200258 0.000047
2 2 0.000135 0.003609 0.844528 0.151708 0.000020
2 2 0.000053 0.002105 0.824007 0.173800 0.000035
2 2 0.003550 0.015326 0.540023 0.440143 0.000958
2 2 0.003861 0.030491 0.726726 0.237630 0.001292
2 2 0.000600 0.007419 0.767215 0.224495 0.000272
2 2 0.092347 0.121924 0.731898 0.048762 0.005070
3 2 0.002606 0.028704 0.421081 0.546371 0.001238
3 2 0.000034 0.002049 0.480867 0.517021 0.000030
2 2 0.000038 0.001643 0.853708 0.144605 0.000007
3 2 0.000002 0.000199 0.407360 0.592438 0.000001
2 2 0.000113 0.002909 0.894840 0.102117 0.000021
2 2 0.000341 0.004323 0.957486 0.037814 0.000035
2 2 0.000090 0.002657 0.875625 0.121611 0.000017
2 2 0.000029 0.001498 0.766043 0.232415 0.000014
2 2 0.000064 0.001785 0.933405 0.064706 0.000041
2 2 0.000319 0.006824 0.748988 0.243760 0.000109
2 2 0.000528 0.014458 0.674250 0.310484 0.000280
2 2 0.022742 0.033066 0.677581 0.260625 0.005986
2 2 0.138786 0.190985 0.579549 0.077796 0.012883
2 2 0.107726 0.209806 0.580652 0.083578 0.018238
2 2 0.164434 0.204256 0.511311 0.093519 0.026481
0 2 0.546104 0.152951 0.243375 0.030084 0.027487
2 2 0.025679 0.159077 0.691569 0.113424 0.010251
2 1 0.019251 0.157913 0.723402 0.090804 0.008630
2 1 0.013339 0.079449 0.559152 0.342578 0.005483
2 2 0.006786 0.075026 0.631360 0.281614 0.005215
2 2 0.006222 0.039409 0.670344 0.280341 0.003684
2 2 0.002783 0.014500 0.951968 0.030538 0.000211
2 2 0.000224 0.004357 0.840457 0.154891 0.000071
2 2 0.000131 0.003480 0.852299 0.144054 0.000036
2 2 0.000070 0.001817 0.943670 0.054427 0.000017
2 2 0.005921 0.031198 0.952648 0.009406 0.000827
2 2 0.004204 0.013574 0.664104 0.316954 0.001164
2 2 0.012230 0.038193 0.735841 0.208865 0.004871
2 2 0.052909 0.129208 0.666317 0.145374 0.006192
2 2 0.094845 0.132511 0.577732 0.184466 0.010446
0 0 0.416714 0.179810 0.338228 0.039534 0.025714
2 1 0.034292 0.149901 0.757098 0.054272 0.004438
2 1 0.014889 0.116932 0.753479 0.110450 0.004249
2 2 0.006149 0.064145 0.749967 0.175485 0.004255
2 2 0.007986 0.031464 0.898098 0.061650 0.000803
2 2 0.002057 0.011836 0.860436 0.125318 0.000353
2 2 0.001438 0.011457 0.929665 0.057069 0.000372
2 2 0.003810 0.031968 0.672215 0.291203 0.000804
2 2 0.005184 0.030661 0.848250 0.115572 0.000334
2 2 0.056927 0.164399 0.731386 0.041899 0.005389
2 2 0.026406 0.101422 0.701039 0.167387 0.003746
0 4 0.367325 0.222916 0.059415 0.002254 0.348090
0 4 0.644009 0.077608 0.021261 0.000992 0.256131
4 4 0.318859 0.071275 0.023929 0.000769 0.585168
4 4 0.416743 0.135617 0.024336 0.000802 0.422502
1 4 0.258287 0.433183 0.103179 0.000436 0.204915
2 4 0.005301 0.066599 0.615269 0.309524 0.003307
2 4 0.008532 0.055923 0.635839 0.297967 0.001739
2 2 0.002321 0.021699 0.772262 0.203262 0.000455
2 2 0.000328 0.005389 0.734153 0.260034 0.000096
2 2 0.000389 0.007846 0.712589 0.279032 0.000144
2 2 0.066166 0.153847 0.632157 0.137729 0.010101
2 2 0.367049 0.199582 0.382821 0.028866 0.021683
2 2 0.037510 0.169143 0.624942 0.152324 0.016081
2 2 0.012559 0.101371 0.560507 0.314928 0.010634
2 2 0.034735 0.038914 0.558101 0.361760 0.006490
2 2 0.000023 0.001346 0.774244 0.224377 0.000010
2 2 0.000098 0.002697 0.890760 0.106423 0.000022
2 2 0.000110 0.002223 0.957464 0.040192 0.000011
2 2 0.000030 0.001459 0.841886 0.156613 0.000013
2 2 0.000094 0.002710 0.878698 0.118475 0.000022
2 2 0.000468 0.007689 0.834924 0.156808 0.000112
2 2 0.000047 0.002166 0.735087 0.262673 0.000027
2 2 0.000126 0.003672 0.798076 0.198074 0.000053
2 2 0.001506 0.018583 0.662931 0.316540 0.000440
2 2 0.002294 0.019842 0.830069 0.147436 0.000360
2 2 0.049536 0.116002 0.731200 0.100112 0.003150
3 2 0.000591 0.017702 0.408564 0.572615 0.000528
2 2 0.000306 0.007353 0.618074 0.374133 0.000133
2 2 0.000023 0.001237 0.824277 0.174432 0.000031
2 2 0.000034 0.001409 0.589254 0.409266 0.000036
2 2 0.000008 0.000742 0.773946 0.225299 0.000005
2 2 0.000254 0.004423 0.914771 0.080490 0.000062
2 2 0.000044 0.001949 0.794508 0.203464 0.000035
2 2 0.000055 0.001745 0.917607 0.080577 0.000016
2 2 0.000040 0.001759 0.835008 0.163184 0.000009
2 2 0.042542 0.095106 0.747845 0.112444 0.002064
2 2 0.030657 0.084282 0.642819 0.238693 0.003549
2 2 0.181116 0.180529 0.577727 0.051393 0.009236
2 2 0.019316 0.062256 0.666299 0.250412 0.001717
2 2 0.027157 0.038350 0.650984 0.282160 0.001349
2 2 0.001486 0.016780 0.790787 0.189598 0.001348
2 2 0.013989 0.124745 0.767602 0.080552 0.013113
2 2 0.003149 0.106481 0.759397 0.113682 0.017291
2 2 0.020715 0.211700 0.710827 0.043212 0.013545
2 2 0.006204 0.153640 0.681891 0.134011 0.024254
4 4 0.031662 0.116776 0.114054 0.001616 0.735891
4 4 0.052474 0.128936 0.032153 0.000924 0.785513
4 4 0.089885 0.101547 0.035096 0.003581 0.769890
4 4 0.032212 0.034876 0.042447 0.002262 0.888203
4 4 0.056510 0.266371 0.052173 0.001009 0.623938
4 4 0.089809 0.113178 0.079804 0.002499 0.714710
4 4 0.063816 0.346138 0.093084 0.002312 0.494650
4 4 0.087632 0.199585 0.078295 0.006660 0.627828
4 4 0.078830 0.212328 0.116139 0.008611 0.584091
1 4 0.079533 0.410437 0.111949 0.001676 0.396405
4 4 0.060784 0.327721 0.080107 0.001769 0.529619
4 4 0.052608 0.050566 0.040753 0.001442 0.854631
4 4 0.085213 0.026293 0.021492 0.000712 0.866290
4 4 0.285504 0.094259 0.013868 0.000616 0.605753
4 4 0.041319 0.044166 0.019380 0.000756 0.894379
4 4 0.126856 0.091648 0.059182 0.010579 0.711735
0 4 0.576455 0.108437 0.028900 0.001330 0.284877
4 4 0.265572 0.298105 0.081438 0.002051 0.352834
1 4 0.218046 0.301196 0.183509 0.021855 0.275393
4 4 0.212762 0.275539 0.133167 0.008390 0.370142
1 4 0.081768 0.321189 0.311919 0.044953 0.240171
2 4 0.028928 0.390148 0.409821 0.023602 0.147500
2 4 0.019485 0.343882 0.506473 0.041375 0.088785
2 4 0.021374 0.392201 0.447329 0.023935 0.115161
2 4 0.012249 0.246853 0.621332 0.040754 0.078810
4 4 0.029025 0.075852 0.118619 0.005435 0.771069
1 4 0.072491 0.484776 0.240483 0.004249 0.198000
1 4 0.036065 0.449067 0.273913 0.008883 0.232071
4 4 0.049053 0.343438 0.224654 0.003853 0.379002
1 4 0.046059 0.444777 0.250215 0.009286 0.249663
2 1 0.005538 0.123072 0.672875 0.178982 0.019533
2 1 0.007671 0.132605 0.619216 0.218925 0.021582
2 1 0.006033 0.145213 0.680499 0.145358 0.022897
2 1 0.004805 0.081541 0.750216 0.150378 0.013060
2 1 0.009691 0.132859 0.629963 0.210959 0.016529
3 1 0.002354 0.026927 0.434311 0.535296 0.001111
3 1 0.000063 0.003551 0.439363 0.556759 0.000264
2 1 0.002707 0.020670 0.855624 0.120388 0.000610
3 2 0.000304 0.003834 0.474084 0.521688 0.000090
2 2 0.046904 0.116063 0.708831 0.124343 0.003858
2 2 0.038352 0.226272 0.677908 0.043285 0.014183
2 2 0.038336 0.163603 0.664115 0.122532 0.011414
2 2 0.011492 0.128492 0.607428 0.238571 0.014017
2 2 0.004072 0.071232 0.563244 0.351664 0.009788
2 2 0.005400 0.023347 0.833465 0.134034 0.003755
2 2 0.000110 0.002332 0.950127 0.047421 0.000010
2 2 0.000095 0.002012 0.958621 0.039256 0.000015
2 2 0.000125 0.002817 0.924145 0.072892 0.000021
2 2 0.001192 0.014635 0.772488 0.211401 0.000284
2 2 0.000157 0.003147 0.930982 0.065689 0.000024
2 2 0.000026 0.001168 0.901763 0.097030 0.000014
2 2 0.000044 0.001631 0.900109 0.098205 0.000010
2 2 0.000134 0.002994 0.915147 0.081661 0.000065
2 2 0.000022 0.001023 0.911406 0.087540 0.000009
2 2 0.000006 0.000568 0.827356 0.172063 0.000006
2 2 0.019082 0.036842 0.906049 0.035250 0.002777
2 2 0.008401 0.020481 0.551472 0.416351 0.003296
2 0 0.091954 0.139428 0.604508 0.154766 0.009343
2 0 0.228303 0.144876 0.540274 0.073295 0.013251
0 1 0.510569 0.162883 0.283656 0.009924 0.032968
2 1 0.223659 0.242154 0.428444 0.063179 0.042564
0 1 0.327320 0.237690 0.275367 0.022106 0.137516
2 1 0.264965 0.264461 0.342737 0.042730 0.085107
2 1 0.043896 0.291924 0.531273 0.072152 0.060756
2 1 0.191047 0.257138 0.451057 0.056050 0.044707
2 1 0.038951 0.155007 0.737236 0.063369 0.005438
2 1 0.022870 0.133469 0.713491 0.123654 0.006516
2 1 0.007866 0.054351 0.664494 0.271896 0.001393
2 1 0.000555 0.006805 0.822606 0.169930 0.000105
2 1 0.010785 0.019504 0.864575 0.104644 0.000491
2 2 0.000429 0.004828 0.961003 0.033712 0.000029
2 2 0.000004 0.000377 0.883292 0.116324 0.000003
2 2 0.000028 0.001091 0.938303 0.060574 0.000004
2 2 0.000004 0.000397 0.878296 0.121299 0.000004
2 2 0.000003 0.000287 0.909909 0.089799 0.000003
2 2 0.004464 0.028730 0.835600 0.130606 0.000601
2 2 0.023665 0.120017 0.774776 0.078377 0.003165
2 2 0.002045 0.021998 0.679775 0.295623 0.000560
2 2 0.006208 0.042072 0.686481 0.264400 0.000839
2 2 0.006632 0.021740 0.814838 0.155609 0.001181
2 2 0.020742 0.079146 0.714629 0.183406 0.002077
2 2 0.008163 0.048122 0.710775 0.232063 0.000877
2 2 0.028635 0.095327 0.733007 0.140459 0.002572
2 2 0.005796 0.036915 0.764276 0.191441 0.001573
2 2 0.005890 0.019078 0.761571 0.212624 0.000837
2 2 0.000044 0.002075 0.929940 0.067902 0.000040
2 2 0.000145 0.003056 0.925752 0.071017 0.000030
2 2 0.000019 0.001243 0.761593 0.237134 0.000010
2 2 0.000019 0.001208 0.773995 0.224769 0.000008
2 2 0.000051 0.001798 0.895684 0.102457 0.000010
2 2 0.000065 0.001862 0.570488 0.427554 0.000032
2 2 0.000124 0.004409 0.546798 0.448591 0.000078
3 2 0.000286 0.003603 0.471811 0.524175 0.000125
3 2 0.000202 0.003158 0.340332 0.656218 0.000090
3 2 0.000045 0.001236 0.389369 0.609337 0.000012
3 2 0.000311 0.003235 0.214523 0.781787 0.000144
2 2 0.005625 0.014898 0.499482 0.479002 0.000992
3 2 0.000115 0.000390 0.041820 0.957641 0.000035
3 2 0.000358 0.001971 0.186183 0.811320 0.000168
3 3 0.000351 0.002162 0.181116 0.816173 0.000197
3 3 0.003052 0.002206 0.035000 0.959013 0.000729
3 3 0.007968 0.004385 0.062671 0.923896 0.001080
3 3 0.000816 0.000500 0.010635 0.987783 0.000266
3 3 0.000708 0.000453 0.009781 0.988808 0.000250
3 3 0.001464 0.000588 0.008391 0.988944 0.000614
3 3 0.001830 0.000379 0.004948 0.992199 0.000644
3 3 0.001832 0.000329 0.005053 0.992335 0.000450
3 3 0.001485 0.000264 0.004493 0.993415 0.000343
3 3 0.001496 0.000241 0.003997 0.993912 0.000353
3 3 0.002384 0.000386 0.005636 0.991075 0.000520
3 3 0.007827 0.001321 0.014974 0.974643 0.001235
3 3 0.021715 0.001720 0.013318 0.960431 0.002816
3 3 0.004987 0.000525 0.005709 0.987759 0.001020
3 3 0.002585 0.000331 0.004107 0.992290 0.000686
3 3 0.001194 0.000183 0.003462 0.994913 0.000249
3 3 0.011331 0.000477 0.004031 0.982527 0.001635
3 3 0.015737 0.000376 0.003049 0.979185 0.001654
3 3 0.004741 0.000248 0.002529 0.991549 0.000933
3 3 0.022700 0.000634 0.005111 0.969609 0.001946
3 3 0.015705 0.000765 0.005656 0.975436 0.002437
3 3 0.032175 0.000692 0.004587 0.959629 0.002917
3 3 0.001202 0.000095 0.001205 0.997051 0.000448
3 3 0.005845 0.000177 0.001653 0.991323 0.001001
3 3 0.005079 0.000197 0.001873 0.991856 0.000995
3 3 0.019697 0.000448 0.003358 0.974470 0.002027
3 3 0.007966 0.000306 0.003333 0.987524 0.000870
3 3 0.001547 0.000140 0.001980 0.995922 0.000412
3 3 0.216377 0.005718 0.028802 0.741104 0.007999
3 3 0.186422 0.016951 0.066812 0.712424 0.017391
0 3 0.335935 0.074484 0.257635 0.312102 0.019844
3 3 0.023089 0.016491 0.156583 0.800565 0.003272
0 3 0.389381 0.110873 0.349906 0.134860 0.014981
2 2 0.230754 0.097771 0.333946 0.315381 0.022148
0 2 0.456383 0.086376 0.243281 0.191749 0.022210
2 2 0.100506 0.118616 0.447468 0.314291 0.019119
3 2 0.000060 0.001282 0.102202 0.896346 0.000110
3 2 0.001624 0.015701 0.466452 0.515576 0.000646
3 2 0.001500 0.002612 0.311274 0.684514 0.000100
2 2 0.000157 0.001909 0.566050 0.431814 0.000070
2 2 0.000311 0.004496 0.535198 0.459912 0.000083
3 2 0.000001 0.000293 0.443735 0.555967 0.000003
2 2 0.000004 0.000548 0.530529 0.468913 0.000006
3 2 0.000013 0.000642 0.375883 0.623455 0.000006
2 2 0.000003 0.000350 0.509556 0.490087 0.000004
2 2 0.000009 0.000783 0.606553 0.392646 0.000008
2 2 0.000017 0.000771 0.506069 0.493105 0.000038
2 2 0.000047 0.001220 0.729948 0.268773 0.000013
2 2 0.000009 0.000550 0.564585 0.434850 0.000006
2 2 0.000011 0.000944 0.691966 0.307071 0.000008
2 2 0.000022 0.001365 0.746801 0.251789 0.000023
3 2 0.028439 0.039109 0.434708 0.489856 0.007888
2 2 0.025937 0.076643 0.450373 0.438094 0.008953
2 2 0.036153 0.101689 0.544419 0.308219 0.009520
2 2 0.096383 0.150926 0.561960 0.176595 0.014135
0 0 0.548656 0.105056 0.284869 0.040576 0.020843
0 0 0.754026 0.054617 0.022690 0.001168 0.167499
0 1 0.752648 0.106891 0.034764 0.001542 0.104155
0 1 0.652281 0.143153 0.056349 0.003788 0.144430
0 1 0.501454 0.204273 0.059700 0.002034 0.232538
1 1 0.268669 0.385663 0.125979 0.001850 0.217839
3 1 0.000805 0.014376 0.383646 0.600844 0.000329
3 1 0.000022 0.001648 0.295699 0.702592 0.000039
3 2 0.000125 0.004560 0.473386 0.521866 0.000063
2 2 0.000303 0.005136 0.753594 0.240911 0.000056
2 2 0.001655 0.011661 0.942351 0.044074 0.000259
2 2 0.000039 0.001245 0.948977 0.049725 0.000013
2 2 0.000020 0.001314 0.714217 0.284441 0.000008
2 2 0.000001 0.000299 0.554784 0.444914 0.000001
2 2 0.000013 0.000809 0.890303 0.108869 0.000005
2 2 0.000012 0.000986 0.702931 0.296059 0.000013
2 2 0.000037 0.001642 0.836967 0.161316 0.000038
2 2 0.000007 0.000672 0.708936 0.290378 0.000007
2 2 0.000010 0.000884 0.685107 0.313983 0.000015
2 2 0.000004 0.000442 0.850577 0.148971 0.000005
2 2 0.000001 0.000294 0.572132 0.427569 0.000003
2 2 0.000043 0.001534 0.587634 0.410773 0.000016
2 2 0.000005 0.000592 0.590990 0.408406 0.000008
2 2 0.000054 0.001732 0.918504 0.079692 0.000016
2 2 0.000107 0.003226 0.828224 0.168425 0.000017
2 2 0.000043 0.001978 0.769955 0.228005 0.000020
2 2 0.000019 0.001451 0.513590 0.484915 0.000024
2 2 0.000054 0.002690 0.518340 0.478858 0.000058
2 2 0.000011 0.001028 0.571872 0.427076 0.000013
3 2 0.000008 0.000503 0.189348 0.810126 0.000015
3 2 0.000022 0.001452 0.321551 0.676937 0.000039
2 2 0.000229 0.006305 0.557338 0.435880 0.000249
3 2 0.000347 0.003320 0.267546 0.728381 0.000406
3 2 0.000220 0.002255 0.144394 0.852919 0.000212
2 2 0.059326 0.131037 0.687106 0.117338 0.005194
2 2 0.012874 0.095188 0.599295 0.285641 0.007002
3 2 0.001169 0.015125 0.416485 0.565348 0.001873
3 2 0.000099 0.002340 0.444182 0.553294 0.000086
3 2 0.000068 0.002696 0.368960 0.628101 0.000175
2 2 0.003605 0.026751 0.694285 0.274588 0.000771
2 2 0.011094 0.052870 0.739905 0.193956 0.002176
2 2 0.051349 0.201146 0.669524 0.064409 0.013572
3 2 0.000840 0.019040 0.330141 0.648688 0.001291
2 2 0.000442 0.006219 0.793941 0.199093 0.000305
2 2 0.000473 0.009729 0.577015 0.412498 0.000286
2 2 0.000690 0.007962 0.634236 0.356349 0.000763
2 2 0.000298 0.004872 0.833820 0.160914 0.000096
2 2 0.000232 0.005970 0.674658 0.318993 0.000147
2 2 0.000414 0.006775 0.662104 0.330567 0.000140
2 2 0.000071 0.002622 0.790947 0.206316 0.000045
2 2 0.068999 0.118658 0.749719 0.058003 0.004622
2 2 0.083663 0.163236 0.656919 0.087870 0.008312
2 1 0.014487 0.078133 0.630819 0.273025 0.003536
2 1 0.005239 0.046313 0.480230 0.465588 0.002630
3 1 0.000110 0.003318 0.262790 0.733628 0.000154
2 1 0.006721 0.028667 0.753030 0.211194 0.000387
2 2 0.043239 0.147276 0.631378 0.166991 0.011116
2 2 0.018433 0.144578 0.595731 0.224030 0.017229
2 2 0.023443 0.135266 0.641268 0.189360 0.010664
2 2 0.029971 0.138772 0.618831 0.200457 0.011969
2 2 0.012766 0.128569 0.625903 0.220444 0.012317
2 2 0.071136 0.210876 0.599274 0.097768 0.020945
2 2 0.142065 0.245306 0.499159 0.070818 0.042651
2 4 0.110099 0.212636 0.598436 0.063718 0.015112
2 4 0.063477 0.199588 0.639286 0.082837 0.014812
2 4 0.083700 0.231099 0.617504 0.051089 0.016608
1 4 0.202171 0.455472 0.183224 0.002311 0.156822
1 4 0.231605 0.351645 0.175700 0.009467 0.231583
0 4 0.765630 0.109468 0.040579 0.001150 0.083173
0 4 0.404870 0.143562 0.085738 0.005135 0.360696
0 4 0.348390 0.282476 0.086345 0.002431 0.280358
2 4 0.217876 0.278474 0.383071 0.047705 0.072875
2 4 0.096430 0.204552 0.520013 0.054044 0.124961
0 4 0.347698 0.294345 0.257133 0.013631 0.087192
2 4 0.069304 0.377113 0.462915 0.021534 0.069135
2 4 0.025665 0.316266 0.505443 0.065366 0.087260
2 4 0.013654 0.285123 0.579751 0.063972 0.057500
2 4 0.016640 0.275011 0.570816 0.070672 0.066862
2 4 0.022015 0.327352 0.552841 0.037697 0.060095
2 4 0.003008 0.109847 0.806215 0.013863 0.067067
2 4 0.014730 0.272272 0.586769 0.044229 0.082000
4 4 0.047853 0.197481 0.042608 0.000740 0.711318
4 4 0.074020 0.193528 0.037749 0.001439 0.693264
4 4 0.032346 0.031529 0.023846 0.001223 0.911055
4 4 0.070589 0.061109 0.022023 0.002180 0.844098
4 4 0.054747 0.337554 0.078458 0.001389 0.527852
4 4 0.047627 0.093562 0.010186 0.000253 0.848372
4 4 0.049094 0.015546 0.004345 0.000362 0.930654
4 4 0.195477 0.026859 0.002889 0.000531 0.774244
4 4 0.109875 0.011121 0.001981 0.000901 0.876122
4 4 0.043623 0.008371 0.001519 0.000185 0.946302
4 4 0.061061 0.033259 0.009165 0.000556 0.895959
4 4 0.050272 0.104685 0.025251 0.000779 0.819013
4 4 0.268635 0.086190 0.011788 0.000572 0.632815
4 4 0.075690 0.072788 0.009266 0.000585 0.841670
4 4 0.134355 0.038004 0.011239 0.001055 0.815347
4 4 0.032606 0.136823 0.197836 0.005067 0.627668
1 4 0.040242 0.451901 0.265534 0.008945 0.233379
4 4 0.048378 0.196029 0.144956 0.004165 0.606472
1 4 0.035889 0.455284 0.282238 0.009036 0.217553
4 4 0.023973 0.172979 0.162179 0.001839 0.639030
4 4 0.092894 0.217658 0.053466 0.003128 0.632855
4 4 0.103518 0.157452 0.035170 0.003002 0.700859
4 4 0.065669 0.237435 0.055480 0.001589 0.639827
4 4 0.034275 0.020847 0.022664 0.001581 0.920633
4 4 0.068710 0.320450 0.076066 0.001635 0.533139
1 4 0.051677 0.426825 0.205441 0.007353 0.308704
4 4 0.034631 0.055262 0.072931 0.004855 0.832321
4 4 0.051652 0.086705 0.090027 0.006542 0.765075
4 4 0.074964 0.090890 0.075737 0.009718 0.748691
4 4 0.074761 0.351042 0.144279 0.007898 0.422020
4 4 0.050095 0.376734 0.116178 0.001933 0.455060
4 4 0.032291 0.053100 0.041014 0.001358 0.872237
4 4 0.057437 0.133025 0.038537 0.001333 0.769669
4 4 0.048611 0.382870 0.093358 0.001324 0.473836
4 4 0.057401 0.340082 0.082556 0.001620 0.518341
4 4 0.057968 0.179035 0.069343 0.002185 0.691469
4 4 0.032113 0.062416 0.039426 0.001069 0.864976
4 4 0.051454 0.040713 0.045231 0.004824 0.857778
4 4 0.046820 0.359655 0.079344 0.001016 0.513165
4 4 0.050923 0.405466 0.111099 0.001811 0.430701
2 4 0.004041 0.153948 0.763713 0.042077 0.036220
2 4 0.006307 0.195820 0.706163 0.046778 0.044933
2 1 0.003598 0.110697 0.788834 0.068615 0.028255
2 1 0.004834 0.143291 0.763823 0.043466 0.044586
2 1 0.007636 0.195000 0.687759 0.066800 0.042805
2 1 0.008628 0.225371 0.657279 0.064094 0.044628
2 1 0.006121 0.125131 0.741366 0.090199 0.037183
2 1 0.002588 0.062649 0.830774 0.078887 0.025103
2 1 0.003364 0.084046 0.807994 0.075737 0.028859
2 1 0.003934 0.135867 0.773768 0.054292 0.032139
2 1 0.003889 0.095130 0.756435 0.122810 0.021736
2 1 0.004086 0.102819 0.705604 0.170895 0.016596
2 1 0.003193 0.080170 0.742616 0.158133 0.015888
2 1 0.002653 0.078182 0.770606 0.133280 0.015279
2 1 0.001479 0.041604 0.773436 0.174187 0.009294
2 1 0.008468 0.188683 0.682038 0.076711 0.044100
2 1 0.014496 0.296633 0.567952 0.058550 0.062370
2 1 0.038455 0.328559 0.558249 0.029475 0.045262
2 1 0.009106 0.192484 0.685130 0.053066 0.060214
2 1 0.017290 0.299912 0.550337 0.063575 0.068885
2 1 0.013298 0.331629 0.529118 0.017679 0.108276
2 1 0.033552 0.342067 0.451600 0.056447 0.116333
2 1 0.017612 0.298296 0.549572 0.065522 0.068998
2 1 0.014058 0.304719 0.551619 0.022485 0.107119
2 1 0.011150 0.215200 0.632840 0.020667 0.120143
0 0 0.862157 0.064958 0.024589 0.001252 0.047044
0 0 0.870047 0.025169 0.010442 0.001508 0.092834
0 0 0.977263 0.005737 0.001815 0.000470 0.014714
0 0 0.973463 0.006413 0.002195 0.000757 0.017172
0 0 0.680486 0.128176 0.063303 0.009070 0.118965
0 0 0.664861 0.096467 0.035881 0.000622 0.202169
4 0 0.259471 0.167168 0.070221 0.002395 0.500745
0 0 0.437063 0.246599 0.067484 0.001495 0.247358
4 1 0.343039 0.232226 0.048580 0.000904 0.375250
4 1 0.095614 0.340222 0.114047 0.005232 0.444885
2 1 0.012659 0.204397 0.596781 0.148922 0.037240
2 1 0.017512 0.288072 0.555565 0.073167 0.065684
2 1 0.028267 0.269331 0.525210 0.099045 0.078146
2 1 0.015415 0.262910 0.577803 0.088953 0.054919
2 1 0.021290 0.266704 0.590628 0.075402 0.045977
2 1 0.098727 0.284172 0.450425 0.083431 0.083245
2 1 0.134036 0.350312 0.443643 0.018333 0.053675
2 1 0.064562 0.369844 0.490694 0.019267 0.055634
2 1 0.032037 0.336933 0.454808 0.054528 0.121695
4 4 0.122251 0.238118 0.303605 0.032037 0.303988
2 4 0.153305 0.248791 0.312406 0.099768 0.185731
2 4 0.259958 0.322461 0.345866 0.011739 0.059976
2 4 0.028633 0.314278 0.537117 0.053854 0.066118
2 4 0.069312 0.388515 0.448473 0.019162 0.074538
1 4 0.187612 0.345670 0.310688 0.020281 0.135749
2 4 0.076625 0.230609 0.409669 0.052792 0.230305
2 4 0.148184 0.366809 0.371534 0.016847 0.096627
2 4 0.025249 0.316152 0.502702 0.066519 0.089378
2 4 0.050453 0.278283 0.495715 0.094319 0.081230
2 4 0.020644 0.264741 0.540989 0.103752 0.069873
2 2 0.001337 0.020259 0.827626 0.150218 0.000560
2 2 0.000009 0.000658 0.885487 0.113839 0.000006
2 2 0.000009 0.000572 0.933050 0.066365 0.000004
2 2 0.000010 0.000688 0.870317 0.128980 0.000005
2 2 0.001628 0.011903 0.938951 0.047414 0.000104
2 2 0.003878 0.031803 0.925101 0.038709 0.000509
2 2 0.001325 0.015343 0.937583 0.045096 0.000653
2 2 0.000028 0.001187 0.908951 0.089825 0.000010
2 2 0.000117 0.003020 0.887145 0.109684 0.000034
2 2 0.000059 0.001642 0.943327 0.054953 0.000019
2 2 0.000310 0.003567 0.972129 0.023951 0.000044
2 2 0.000195 0.002959 0.963352 0.033458 0.000035
2 2 0.000047 0.001796 0.876283 0.121860 0.000013
2 2 0.000048 0.001851 0.866875 0.131214 0.000012
2 2 0.000029 0.001565 0.784638 0.213762 0.000006
2 2 0.000115 0.002659 0.923742 0.073446 0.000038
2 2 0.000030 0.001360 0.879513 0.119087 0.000009
2 2 0.000205 0.004211 0.889891 0.105657 0.000035
2 2 0.000046 0.001826 0.858435 0.139663 0.000030
2 2 0.000014 0.000956 0.813462 0.185559 0.000010
2 2 0.000020 0.001128 0.841904 0.156931 0.000017
2 2 0.000012 0.000874 0.793537 0.205572 0.000006
2 2 0.000015 0.000939 0.502587 0.496447 0.000012
2 2 0.000006 0.000647 0.653105 0.346236 0.000006
2 2 0.000004 0.000492 0.607127 0.392373 0.000005
2 2 0.000279 0.004167 0.534883 0.460569 0.000102
3 2 0.000015 0.000710 0.302062 0.697190 0.000022
2 2 0.000287 0.005478 0.516702 0.477450 0.000084
3 2 0.000024 0.001108 0.380778 0.618076 0.000014
3 2 0.000004 0.000286 0.156833 0.842866 0.000011
3 2 0.001810 0.004334 0.221095 0.772339 0.000422
3 2 0.000185 0.000691 0.049315 0.949708 0.000100
3 3 0.000253 0.000922 0.047368 0.951373 0.000083
3 3 0.000341 0.001320 0.111342 0.886873 0.000124
3 3 0.000059 0.000323 0.041069 0.958488 0.000061
3 3 0.000391 0.000625 0.016482 0.982319 0.000184
3 3 0.000356 0.000697 0.018694 0.980070 0.000184
3 3 0.000511 0.000522 0.015070 0.983750 0.000147
3 3 0.004008 0.001875 0.030063 0.963369 0.000685
3 3 0.002625 0.001379 0.022051 0.973315 0.000630
3 3 0.000204 0.000119 0.002951 0.996598 0.000128
3 3 0.001183 0.000594 0.012878 0.985075 0.000270
3 3 0.000537 0.000295 0.006246 0.992693 0.000229
3 3 0.000543 0.000112 0.002681 0.996527 0.000136
3 3 0.002278 0.000705 0.010462 0.985955 0.000601
3 3 0.002587 0.000240 0.003050 0.993526 0.000597
3 3 0.001885 0.000160 0.002184 0.995317 0.000455
3 3 0.004768 0.000382 0.004678 0.989435 0.000737
3 3 0.001290 0.000166 0.002378 0.995744 0.000421
3 3 0.000931 0.000195 0.003700 0.994920 0.000254
3 3 0.001619 0.000283 0.004365 0.993308 0.000425
3 3 0.007852 0.000384 0.003558 0.986931 0.001275
3 3 0.001619 0.000237 0.003331 0.994326 0.000487
3 3 0.002578 0.000455 0.006791 0.989652 0.000524
3 3 0.000901 0.000092 0.001434 0.997278 0.000295
3 3 0.001383 0.000125 0.001850 0.996276 0.000364
3 3 0.001908 0.000181 0.002365 0.995031 0.000516
3 3 0.001741 0.000181 0.002780 0.994920 0.000378
3 3 0.001551 0.000166 0.002078 0.995660 0.000545
3 3 0.000899 0.000059 0.001000 0.997817 0.000225
3 3 0.002416 0.000115 0.001320 0.995567 0.000582
3 3 0.001300 0.000125 0.001717 0.996443 0.000415
3 3 0.001904 0.000107 0.001167 0.996191 0.000631
3 3 0.001480 0.000091 0.001171 0.996820 0.000438
3 3 0.006000 0.000251 0.002383 0.990290 0.001076
3 3 0.003137 0.000174 0.002013 0.994025 0.000651
3 3 0.004436 0.000184 0.001877 0.992649 0.000854
3 3 0.000801 0.000078 0.001213 0.997625 0.000282
3 3 0.017282 0.001035 0.008587 0.970969 0.002127
3 3 0.001907 0.000082 0.001048 0.996540 0.000424
3 3 0.001506 0.000086 0.001180 0.996849 0.000379
3 3 0.001353 0.000068 0.000898 0.997307 0.000374
3 3 0.001252 0.000111 0.001502 0.996722 0.000414
3 3 0.001017 0.000058 0.000764 0.997804 0.000358
3 3 0.001587 0.000075 0.000997 0.996955 0.000386
3 3 0.000574 0.000045 0.000816 0.998388 0.000177
3 3 0.066522 0.002627 0.018371 0.908685 0.003796
3 3 0.286927 0.018181 0.061409 0.611766 0.021718
0 0 0.613381 0.014153 0.042059 0.313970 0.016436
0 0 0.708476 0.046478 0.080844 0.128125 0.036077
3 1 0.012965 0.014520 0.108289 0.858944 0.005283
3 1 0.102513 0.052321 0.244574 0.585327 0.015266
3 1 0.020820 0.013516 0.094155 0.865540 0.005968
3 1 0.058454 0.072764 0.331332 0.520283 0.017166
3 1 0.020023 0.024408 0.169138 0.779741 0.006690
0 1 0.500965 0.140270 0.217088 0.085294 0.056383
2 1 0.147102 0.155082 0.367923 0.268993 0.060900
3 1 0.074149 0.137254 0.352208 0.370576 0.065813
2 1 0.183228 0.147871 0.294036 0.281567 0.093299
2 1 0.110688 0.175369 0.391428 0.254970 0.067545
2 1 0.006768 0.146181 0.624201 0.202961 0.019889
2 1 0.007627 0.137979 0.597577 0.237586 0.019231
2 1 0.026871 0.185203 0.660262 0.111163 0.016502
2 1 0.009823 0.157626 0.591586 0.216013 0.024952
2 1 0.008767 0.133996 0.632615 0.197510 0.027113
2 1 0.010352 0.242959 0.620609 0.084906 0.041175
2 1 0.008650 0.211387 0.639913 0.108000 0.032050
2 1 0.006818 0.160510 0.715257 0.078307 0.039107
2 1 0.006562 0.138873 0.745184 0.038086 0.071295
2 1 0.009101 0.243026 0.631823 0.077272 0.038778
2 1 0.006056 0.120494 0.677147 0.174022 0.022281
2 1 0.005459 0.149551 0.721573 0.095097 0.028321
2 1 0.007676 0.150716 0.615371 0.205205 0.021032
2 1 0.013790 0.206664 0.617636 0.129601 0.032309
2 1 0.010408 0.193505 0.642881 0.126825 0.026381
2 1 0.014487 0.130834 0.637047 0.206009 0.011623
2 1 0.001053 0.026357 0.521741 0.447962 0.002887
2 1 0.006289 0.107349 0.559928 0.312649 0.013785
2 1 0.008056 0.123720 0.563044 0.287305 0.017876
2 1 0.011186 0.134578 0.551618 0.279141 0.023477
1 1 0.040384 0.430876 0.290043 0.012396 0.226301
1 1 0.040680 0.437370 0.276881 0.011104 0.233965
4 4 0.077324 0.158580 0.141030 0.006056 0.617009
4 4 0.126412 0.259131 0.181987 0.016907 0.415563
4 4 0.061142 0.365545 0.154596 0.006901 0.411816
2 4 0.060800 0.208827 0.370753 0.219184 0.140436
2 4 0.061927 0.284726 0.525955 0.066605 0.060787
2 4 0.039540 0.263715 0.434685 0.130930 0.131129
2 4 0.061771 0.260805 0.513367 0.103467 0.060591
2 4 0.072824 0.237154 0.421655 0.160019 0.108348
2 4 0.011811 0.219897 0.608877 0.120435 0.038980
2 4 0.006431 0.129472 0.674354 0.166185 0.023558
2 4 0.011217 0.185484 0.602056 0.169913 0.031329
2 4 0.052690 0.295267 0.544703 0.052071 0.055269
2 4 0.025927 0.257673 0.593095 0.081691 0.041614
2 4 0.010033 0.242278 0.623569 0.083686 0.040434
