1 1 0.020882 0.574241 0.253256 0.003473 0.148149
1 1 0.082507 0.327798 0.276216 0.000504 0.312976
1 1 0.036367 0.401058 0.233508 0.000293 0.328775
1 1 0.013848 0.632132 0.240599 0.000382 0.113038
1 1 0.011016 0.470492 0.362069 0.002386 0.154037
2 1 0.004960 0.354985 0.517021 0.005269 0.117766
1 1 0.005946 0.460883 0.421982 0.000794 0.110395
1 1 0.009251 0.529591 0.348184 0.000072 0.112901
1 1 0.002505 0.473649 0.386280 0.003912 0.133656
2 1 0.025551 0.174142 0.537874 0.153678 0.108755
1 1 0.221206 0.348301 0.310287 0.043867 0.076338
1 1 0.049237 0.416346 0.312479 0.119187 0.102750
0 1 0.721186 0.115875 0.095888 0.005010 0.062042
0 1 0.705284 0.131410 0.107162 0.012681 0.043463
1 1 0.200452 0.340652 0.256896 0.014279 0.187721
0 1 0.667717 0.105924 0.082612 0.002428 0.141320
1 1 0.308770 0.507782 0.115137 0.000740 0.067571
1 1 0.115275 0.523529 0.195973 0.007304 0.157918
4 1 0.105577 0.165237 0.309399 0.099567 0.320219
0 0 0.621629 0.141868 0.125301 0.005913 0.105289
1 0 0.041389 0.559649 0.349857 0.018832 0.030273
2 1 0.002706 0.250665 0.586859 0.130220 0.029550
2 1 0.009861 0.298703 0.598730 0.069101 0.023604
2 1 0.005520 0.249682 0.612321 0.100256 0.032220
2 1 0.005041 0.129578 0.722936 0.105813 0.036633
2 1 0.000414 0.033622 0.806064 0.156016 0.003883
2 1 0.001378 0.058644 0.853154 0.080455 0.006370
2 1 0.000339 0.042311 0.842203 0.112301 0.002847
2 2 0.001334 0.037121 0.709096 0.244785 0.007664
2 2 0.035640 0.128135 0.765789 0.044593 0.025843
2 2 0.006155 0.120181 0.698287 0.159065 0.016311
2 2 0.007264 0.119607 0.776674 0.083375 0.013080
2 2 0.006316 0.164952 0.740955 0.075606 0.012170
2 2 0.013129 0.164454 0.688628 0.117439 0.016349
2 2 0.010445 0.092908 0.741704 0.139116 0.015826
2 2 0.008407 0.082892 0.617266 0.269664 0.021770
2 2 0.013415 0.168218 0.578475 0.211778 0.028114
2 2 0.005932 0.066261 0.596384 0.307823 0.023600
2 2 0.008691 0.073804 0.565995 0.332125 0.019386
2 2 0.008632 0.066759 0.470171 0.428621 0.025816
3 2 0.003186 0.026610 0.337437 0.623677 0.009089
3 2 0.004002 0.018584 0.248441 0.720910 0.008063
3 2 0.004653 0.024556 0.190885 0.770014 0.009892
3 2 0.008908 0.038745 0.348506 0.590854 0.012987
3 3 0.005047 0.012830 0.211637 0.763209 0.007277
3 3 0.000561 0.002580 0.065081 0.930905 0.000873
3 3 0.000803 0.003222 0.086067 0.908694 0.001214
3 3 0.002137 0.005320 0.055009 0.934974 0.002560
3 3 0.000690 0.001527 0.062106 0.934951 0.000725
3 3 0.001147 0.001609 0.067556 0.928711 0.000976
3 3 0.001380 0.005407 0.140657 0.850333 0.002223
3 3 0.001044 0.002347 0.060473 0.935000 0.001135
3 3 0.001900 0.005581 0.048944 0.941124 0.002452
3 3 0.001812 0.005514 0.084254 0.906291 0.002130
3 3 0.003159 0.007076 0.080392 0.905600 0.003774
3 3 0.002482 0.006642 0.061662 0.926061 0.003152
3 3 0.003810 0.014517 0.123004 0.852267 0.006402
3 3 0.003055 0.004480 0.046240 0.943460 0.002764
3 3 0.004388 0.007221 0.035952 0.948781 0.003658
3 3 0.001226 0.002666 0.036376 0.958458 0.001274
3 3 0.003064 0.003091 0.013244 0.978535 0.002066
3 3 0.005159 0.007310 0.021177 0.961867 0.004487
3 3 0.002133 0.002148 0.015235 0.979068 0.001416
3 3 0.003237 0.004004 0.019049 0.971197 0.002513
3 3 0.002793 0.005465 0.050954 0.937822 0.002966
3 3 0.003512 0.004033 0.038855 0.950860 0.002739
3 3 0.002477 0.003699 0.050352 0.941225 0.002247
3 3 0.002912 0.005129 0.016437 0.972821 0.002700
3 3 0.003748 0.004577 0.045209 0.943363 0.003103
3 3 0.005323 0.007549 0.028622 0.953764 0.004742
3 3 0.002632 0.003300 0.033983 0.958211 0.001874
3 3 0.000819 0.001597 0.035290 0.961514 0.000779
3 3 0.001066 0.001989 0.044120 0.951802 0.001023
3 3 0.001981 0.002455 0.028066 0.965968 0.001531
3 3 0.001216 0.002049 0.016652 0.979044 0.001039
3 3 0.001083 0.002809 0.087927 0.906866 0.001315
3 3 0.001282 0.002697 0.035902 0.958808 0.001311
3 3 0.001453 0.003056 0.071405 0.922510 0.001577
3 3 0.002354 0.004331 0.039121 0.951850 0.002343
3 3 0.003489 0.004950 0.048052 0.940373 0.003137
3 3 0.000637 0.000798 0.024390 0.973719 0.000455
3 3 0.002990 0.004666 0.028604 0.961039 0.002701
3 3 0.002360 0.004244 0.037264 0.953820 0.002312
3 3 0.001649 0.002792 0.024800 0.969278 0.001482
3 3 0.000915 0.001800 0.039698 0.956698 0.000888
3 3 0.001290 0.001939 0.024551 0.971153 0.001067
3 3 0.000848 0.001606 0.027749 0.969015 0.000782
3 3 0.000727 0.001024 0.030560 0.967121 0.000568
3 3 0.000920 0.001480 0.020619 0.976217 0.000764
3 3 0.001444 0.002181 0.039788 0.955338 0.001249
3 3 0.001465 0.001497 0.016721 0.979356 0.000962
3 3 0.001608 0.001448 0.009536 0.986454 0.000954
3 3 0.001488 0.002075 0.026723 0.968514 0.001200
3 3 0.001989 0.002320 0.018740 0.975505 0.001446
3 3 0.001984 0.002142 0.014493 0.980024 0.001357
3 3 0.001865 0.001776 0.014164 0.981010 0.001184
3 3 0.003782 0.005576 0.028100 0.959183 0.003359
3 3 0.002777 0.007067 0.033583 0.953267 0.003306
3 3 0.004645 0.004772 0.017364 0.969905 0.003314
3 3 0.002405 0.002305 0.017802 0.975904 0.001583
3 3 0.002826 0.004801 0.033257 0.956422 0.002694
3 3 0.003209 0.006099 0.023337 0.964154 0.003200
3 3 0.002943 0.003257 0.012390 0.979338 0.002073
3 3 0.001023 0.001342 0.011457 0.985444 0.000734
3 3 0.003628 0.003446 0.010064 0.980513 0.002348
3 3 0.001375 0.002845 0.044645 0.949713 0.001422
3 3 0.000886 0.001497 0.025238 0.971614 0.000764
3 3 0.001337 0.001816 0.023178 0.972625 0.001045
3 3 0.001297 0.001899 0.017402 0.978369 0.001033
3 3 0.002762 0.004161 0.049347 0.941198 0.002532
3 3 0.001558 0.002135 0.016930 0.978168 0.001209
3 3 0.001140 0.001239 0.018786 0.978066 0.000768
3 3 0.001311 0.002172 0.022108 0.973272 0.001137
3 3 0.001241 0.001381 0.013233 0.983314 0.000831
3 3 0.001093 0.001731 0.027213 0.969035 0.000928
3 3 0.003499 0.004779 0.020300 0.968527 0.002897
3 3 0.002002 0.002449 0.023802 0.970227 0.001519
3 3 0.002757 0.004987 0.033334 0.956206 0.002716
3 3 0.001649 0.001504 0.007998 0.987874 0.000975
3 3 0.003194 0.003963 0.031358 0.958915 0.002570
3 3 0.001094 0.001319 0.006936 0.989924 0.000727
3 3 0.001828 0.001768 0.011901 0.983348 0.001155
3 3 0.001845 0.003900 0.041499 0.950797 0.001959
3 3 0.001011 0.002216 0.014774 0.981021 0.000978
3 3 0.001154 0.001471 0.012580 0.983968 0.000827
3 3 0.001977 0.003041 0.011471 0.981894 0.001617
3 3 0.000882 0.000982 0.012368 0.985193 0.000575
3 3 0.002098 0.003178 0.017055 0.975914 0.001756
3 3 0.001487 0.001526 0.017295 0.978709 0.000983
3 3 0.001739 0.002194 0.017568 0.977197 0.001302
3 3 0.005513 0.005069 0.015068 0.970644 0.003706
3 3 0.002796 0.003120 0.008082 0.983979 0.002023
3 3 0.017977 0.011920 0.024663 0.940464 0.004976
3 3 0.007937 0.016126 0.044194 0.922596 0.009148
3 3 0.063559 0.068815 0.107459 0.740309 0.019856
3 3 0.123483 0.153009 0.202030 0.473559 0.047919
3 3 0.129129 0.097450 0.226214 0.501882 0.045325
3 3 0.153907 0.059070 0.099928 0.655057 0.032037
0 3 0.377897 0.165377 0.170960 0.243703 0.042063
0 3 0.292563 0.196983 0.223806 0.235035 0.051613
0 3 0.297797 0.280815 0.218321 0.017703 0.185365
0 3 0.487375 0.215565 0.145900 0.004360 0.146801
0 2 0.455609 0.232238 0.185987 0.016099 0.110067
1 2 0.358456 0.392692 0.181591 0.003246 0.064016
0 0 0.429604 0.392399 0.150348 0.001274 0.026375
0 0 0.491958 0.301815 0.171200 0.001642 0.033385
0 2 0.440237 0.285027 0.165737 0.001576 0.107423
1 2 0.364471 0.367244 0.197757 0.001785 0.068744
1 2 0.139409 0.549693 0.260764 0.008340 0.041794
1 2 0.094237 0.610763 0.245546 0.010252 0.039203
1 2 0.145480 0.430582 0.311702 0.053822 0.058415
4 2 0.134580 0.235646 0.196733 0.019232 0.413808
2 2 0.213437 0.292010 0.307940 0.039818 0.146795
1 2 0.137356 0.396232 0.253242 0.030372 0.182797
3 2 0.015967 0.263096 0.293850 0.308394 0.118693
1 2 0.182428 0.439931 0.185367 0.013158 0.179115
0 2 0.503687 0.135149 0.080279 0.004953 0.275932
0 2 0.450051 0.192000 0.135379 0.018369 0.204201
0 2 0.701421 0.108946 0.080612 0.005435 0.103585
0 2 0.500897 0.211017 0.117416 0.006425 0.164245
0 2 0.468736 0.212493 0.146332 0.041115 0.131325
0 2 0.876595 0.068725 0.031173 0.000155 0.023353
0 2 0.828680 0.066941 0.044296 0.002088 0.057995
0 2 0.666076 0.178502 0.092680 0.001593 0.061148
0 2 0.655935 0.162063 0.091158 0.005559 0.085285
0 2 0.691499 0.130092 0.062592 0.001150 0.114667
0 2 0.832009 0.051785 0.025729 0.000298 0.090179
0 2 0.793568 0.071003 0.047104 0.001828 0.086497
1 2 0.253568 0.447489 0.158385 0.005206 0.135352
4 2 0.162592 0.261569 0.163985 0.028830 0.383025
4 2 0.032141 0.328231 0.125687 0.003576 0.510364
4 4 0.031396 0.147404 0.078162 0.002829 0.740209
4 4 0.022927 0.157496 0.075699 0.000670 0.743208
4 4 0.022296 0.174029 0.082607 0.004104 0.716964
1 4 0.017435 0.413172 0.151498 0.005302 0.412592
4 4 0.027321 0.272432 0.137061 0.003250 0.559936
4 4 0.020583 0.264151 0.106221 0.001846 0.607199
4 4 0.041735 0.344489 0.178369 0.008591 0.426817
4 4 0.025882 0.205037 0.111680 0.005724 0.651677
1 4 0.030853 0.450806 0.167176 0.002315 0.348850
4 4 0.058756 0.246269 0.060493 0.000251 0.634232
4 4 0.037181 0.082860 0.025710 0.000100 0.854149
4 4 0.021488 0.067008 0.025566 0.000143 0.885796
4 4 0.042970 0.042046 0.013642 0.000010 0.901332
4 4 0.038881 0.035562 0.013711 0.000020 0.911827
4 4 0.062106 0.030207 0.011878 0.000019 0.895789
4 4 0.054011 0.076917 0.043269 0.005670 0.820133
4 4 0.028253 0.046605 0.011074 0.000003 0.914067
4 4 0.053392 0.024828 0.010131 0.000019 0.911630
4 4 0.031297 0.074350 0.026891 0.001672 0.865791
4 4 0.104220 0.040786 0.028910 0.000442 0.825641
4 4 0.107347 0.071780 0.051574 0.001219 0.768081
4 4 0.033772 0.210325 0.131237 0.020828 0.603839
4 4 0.028049 0.182526 0.097179 0.011790 0.680456
4 4 0.069629 0.167438 0.127935 0.020169 0.614830
4 4 0.013666 0.277673 0.129121 0.007087 0.572453
4 4 0.141990 0.169820 0.072033 0.000168 0.615990
1 4 0.050924 0.505431 0.104091 0.000015 0.339538
4 4 0.013243 0.374437 0.158526 0.003141 0.450653
4 4 0.015531 0.229319 0.104371 0.002103 0.648677
1 4 0.012297 0.384812 0.343126 0.091882 0.167882
2 2 0.066685 0.111497 0.599099 0.166891 0.055828
2 2 0.208416 0.207119 0.376894 0.118249 0.089322
2 2 0.058565 0.297459 0.441124 0.149010 0.053843
1 2 0.096146 0.463826 0.315750 0.099778 0.024501
0 2 0.512459 0.186572 0.116612 0.024100 0.160257
0 2 0.752472 0.090367 0.076280 0.016744 0.064136
0 2 0.880684 0.050327 0.032328 0.005046 0.031615
0 2 0.806676 0.075427 0.044569 0.010450 0.062879
0 2 0.573727 0.149905 0.121882 0.033804 0.120682
0 2 0.629495 0.132122 0.123211 0.026839 0.088334
0 2 0.571141 0.124738 0.114136 0.033815 0.156170
0 2 0.578682 0.197159 0.143282 0.019232 0.061646
0 2 0.797316 0.096916 0.062218 0.000991 0.042559
0 0 0.607003 0.180124 0.100560 0.001616 0.110697
0 0 0.648857 0.179700 0.070528 0.000287 0.100627
0 2 0.782404 0.080791 0.032684 0.000152 0.103969
1 2 0.160464 0.399615 0.197851 0.017256 0.224814
0 2 0.446953 0.229859 0.149782 0.005662 0.167744
1 2 0.189543 0.358527 0.172273 0.015668 0.263990
0 2 0.331862 0.296747 0.160867 0.006039 0.204485
0 2 0.841626 0.063391 0.039812 0.001296 0.053875
0 2 0.719106 0.117330 0.087978 0.007886 0.067700
0 2 0.545190 0.305069 0.103968 0.001189 0.044584
1 2 0.273262 0.436262 0.194843 0.011498 0.084134
2 2 0.001832 0.364990 0.591177 0.021138 0.020864
2 2 0.000653 0.259030 0.656529 0.060832 0.022956
2 2 0.000806 0.300364 0.617054 0.042638 0.039139
2 2 0.000495 0.233759 0.702377 0.040225 0.023145
2 2 0.001110 0.304341 0.617954 0.037036 0.039560
2 2 0.000201 0.055657 0.891357 0.047859 0.004926
2 2 0.000102 0.063881 0.885813 0.046443 0.003761
2 2 0.000030 0.030955 0.936025 0.031576 0.001415
2 2 0.000025 0.052626 0.917429 0.028162 0.001758
2 2 0.000021 0.017109 0.964575 0.017376 0.000919
2 2 0.003083 0.154319 0.769108 0.028838 0.044651
2 2 0.020118 0.259115 0.620998 0.019891 0.079878
1 2 0.197351 0.436506 0.334659 0.001013 0.030471
0 0 0.423741 0.292280 0.215798 0.005180 0.063001
1 2 0.014658 0.560441 0.387584 0.018039 0.019277
2 2 0.001109 0.159634 0.792215 0.039428 0.007613
2 2 0.000090 0.070062 0.884091 0.041994 0.003762
2 2 0.000096 0.026968 0.939389 0.031144 0.002404
2 2 0.000139 0.035888 0.941512 0.018833 0.003629
2 2 0.004712 0.099926 0.876878 0.005724 0.012760
2 2 0.000170 0.079236 0.909520 0.009845 0.001229
2 2 0.000036 0.033482 0.962848 0.002966 0.000667
2 2 0.000020 0.017846 0.963794 0.017409 0.000931
2 2 0.000056 0.022926 0.967207 0.008508 0.001304
2 2 0.000019 0.016959 0.970089 0.012007 0.000926
2 2 0.000010 0.005136 0.920108 0.074484 0.000263
2 2 0.000016 0.008659 0.916300 0.074613 0.000412
2 2 0.000022 0.011577 0.958754 0.029213 0.000433
2 2 0.000021 0.014073 0.951439 0.034004 0.000462
2 2 0.000104 0.007285 0.856911 0.134706 0.000995
2 2 0.000103 0.061084 0.891532 0.044128 0.003153
2 2 0.000146 0.020323 0.907088 0.070159 0.002283
2 2 0.000104 0.034706 0.891223 0.071403 0.002564
2 2 0.000141 0.020351 0.898147 0.079150 0.002211
2 2 0.000171 0.018344 0.898912 0.080272 0.002301
2 2 0.000121 0.014919 0.878360 0.104945 0.001655
2 2 0.000025 0.008830 0.894244 0.096341 0.000560
2 2 0.000238 0.010547 0.845833 0.141523 0.001859
2 2 0.000261 0.010131 0.834013 0.153713 0.001883
2 2 0.000087 0.013357 0.797531 0.187813 0.001211
2 2 0.000305 0.029882 0.834702 0.131335 0.003776
2 2 0.000431 0.029410 0.827483 0.138235 0.004441
2 2 0.000606 0.008467 0.806169 0.182189 0.002568
2 2 0.000345 0.030184 0.819933 0.145553 0.003986
2 2 0.000268 0.028818 0.772964 0.194682 0.003269
2 2 0.000339 0.005930 0.629480 0.362846 0.001405
2 2 0.000245 0.004135 0.610072 0.384584 0.000964
2 2 0.000178 0.004667 0.600805 0.393478 0.000872
2 2 0.000193 0.010728 0.701223 0.286343 0.001513
2 2 0.000194 0.005369 0.669254 0.324166 0.001017
2 2 0.000242 0.004633 0.606104 0.388001 0.001020
2 2 0.000155 0.004662 0.651051 0.343301 0.000831
2 2 0.000264 0.003987 0.498451 0.496360 0.000938
2 2 0.000592 0.006278 0.565796 0.425456 0.001878
2 2 0.000136 0.004076 0.574300 0.420792 0.000697
2 2 0.000877 0.008672 0.559919 0.427787 0.002744
2 3 0.001348 0.017413 0.520703 0.455576 0.004959
3 3 0.002166 0.015480 0.415567 0.561101 0.005686
3 3 0.000649 0.012976 0.485884 0.497645 0.002846
3 3 0.001738 0.028138 0.436507 0.526481 0.007137
3 3 0.003881 0.038593 0.407509 0.537265 0.012752
3 3 0.002018 0.015622 0.363940 0.613022 0.005398
3 3 0.002327 0.017968 0.369954 0.603456 0.006294
2 3 0.008362 0.032215 0.480465 0.461264 0.017695
2 3 0.087799 0.083630 0.419520 0.379128 0.029923
2 3 0.053340 0.073811 0.496265 0.350247 0.026338
2 3 0.128022 0.137680 0.570710 0.130861 0.032727
2 3 0.076691 0.263653 0.462792 0.169384 0.027480
3 3 0.006007 0.028738 0.433715 0.520001 0.011539
2 3 0.014983 0.111889 0.612671 0.235691 0.024766
2 3 0.001260 0.014471 0.583041 0.396788 0.004440
2 3 0.000861 0.020211 0.681308 0.293478 0.004143
2 3 0.001840 0.028343 0.569213 0.392797 0.007807
2 3 0.003058 0.026413 0.485452 0.476062 0.009016
2 3 0.001705 0.024549 0.586930 0.379833 0.006983
3 3 0.001119 0.009989 0.410804 0.574920 0.003167
3 3 0.001746 0.029416 0.475850 0.486479 0.006508
3 3 0.000530 0.010854 0.483015 0.503281 0.002320
3 3 0.000545 0.007310 0.400801 0.589512 0.001831
2 3 0.000836 0.015043 0.492521 0.488068 0.003532
3 3 0.001266 0.015004 0.415003 0.564491 0.004235
3 3 0.002237 0.009038 0.306502 0.678115 0.004108
3 3 0.001817 0.014575 0.447138 0.531383 0.005087
3 3 0.000721 0.008286 0.409779 0.578939 0.002275
3 3 0.001734 0.009835 0.305948 0.678708 0.003774
3 3 0.000671 0.005867 0.406832 0.584819 0.001810
3 3 0.000528 0.005227 0.333684 0.659102 0.001459
3 3 0.002021 0.013532 0.393166 0.587527 0.003753
3 3 0.000994 0.007449 0.295400 0.693738 0.002418
3 3 0.000975 0.006031 0.222696 0.768234 0.002064
3 3 0.004047 0.014860 0.247019 0.726913 0.007160
3 3 0.002334 0.010307 0.255613 0.727327 0.004418
3 3 0.002653 0.022225 0.315053 0.652658 0.007411
3 3 0.002953 0.021580 0.337737 0.629951 0.007779
3 3 0.001671 0.017595 0.384363 0.591097 0.005274
3 3 0.000434 0.003577 0.129806 0.865215 0.000968
3 3 0.000859 0.003027 0.119864 0.875002 0.001248
3 3 0.000406 0.001149 0.121495 0.876453 0.000498
3 3 0.000537 0.002137 0.106254 0.890271 0.000800
3 3 0.030863 0.028852 0.249464 0.679172 0.011648
3 3 0.077282 0.075378 0.112372 0.715460 0.019507
3 3 0.051908 0.092874 0.135597 0.696647 0.022975
3 3 0.078534 0.129985 0.172033 0.592314 0.027133
0 3 0.439264 0.096190 0.218701 0.219101 0.026744
0 0 0.706982 0.086173 0.091378 0.095124 0.020343
0 0 0.671361 0.154465 0.070615 0.002243 0.101317
0 0 0.854148 0.062956 0.042115 0.002700 0.038082
0 0 0.811992 0.093573 0.039472 0.001948 0.053015
0 0 0.830640 0.061215 0.036063 0.000733 0.071348
0 0 0.787420 0.086110 0.041365 0.002912 0.082192
0 0 0.929513 0.032445 0.011231 0.000078 0.026733
0 0 0.945069 0.021364 0.007806 0.000138 0.025623
0 0 0.953837 0.021126 0.007606 0.000084 0.017347
0 0 0.952106 0.017573 0.005710 0.000069 0.024541
0 0 0.908190 0.034493 0.011516 0.000077 0.045723
0 0 0.945073 0.026577 0.010409 0.000081 0.017860
0 0 0.840456 0.052804 0.018488 0.000273 0.087980
0 0 0.912979 0.032948 0.012914 0.000083 0.041075
0 0 0.685063 0.141862 0.049507 0.000360 0.123209
0 0 0.956244 0.020914 0.007277 0.000048 0.015517
0 0 0.812804 0.062618 0.031031 0.001333 0.092215
0 0 0.414835 0.217368 0.088695 0.004896 0.274206
4 1 0.374444 0.148625 0.089322 0.011332 0.376277
0 1 0.776602 0.090336 0.034166 0.000496 0.098401
0 0 0.801691 0.110019 0.045989 0.000148 0.042153
0 0 0.702882 0.127405 0.063074 0.002629 0.104010
0 0 0.626877 0.237195 0.074285 0.000283 0.061360
0 0 0.390353 0.270452 0.105723 0.006903 0.226568
0 0 0.924741 0.036924 0.018604 0.000565 0.019167
0 0 0.892278 0.040254 0.020427 0.000770 0.046270
0 0 0.952745 0.018056 0.005249 0.000011 0.023939
0 0 0.931468 0.030258 0.009023 0.000172 0.029079
0 0 0.947503 0.019415 0.006158 0.000029 0.026894
0 0 0.956130 0.018913 0.005346 0.000004 0.019606
0 0 0.964944 0.014902 0.003855 0.000004 0.016294
0 0 0.755860 0.104824 0.089263 0.004016 0.046037
0 0 0.505189 0.249567 0.194118 0.010925 0.040202
0 0 0.515348 0.229692 0.158995 0.011455 0.084510
1 0 0.146026 0.451357 0.305575 0.025691 0.071350
1 1 0.269166 0.418592 0.251194 0.031104 0.029945
0 1 0.755978 0.156130 0.055600 0.002572 0.029720
0 1 0.805316 0.073876 0.046502 0.005872 0.068434
0 1 0.817163 0.072677 0.046021 0.000680 0.063459
0 0 0.897179 0.047005 0.026087 0.000810 0.028920
0 0 0.830394 0.061915 0.035560 0.002689 0.069442
0 0 0.849781 0.068236 0.046491 0.001941 0.033551
0 0 0.885715 0.042172 0.025144 0.005891 0.041078
0 0 0.667219 0.077532 0.060164 0.018756 0.176329
0 0 0.702060 0.083528 0.076274 0.049317 0.088821
0 0 0.659482 0.215910 0.076671 0.000769 0.047167
1 0 0.249134 0.289815 0.186795 0.003231 0.271027
1 0 0.081784 0.420985 0.200070 0.008131 0.289030
1 0 0.048541 0.600689 0.194472 0.003179 0.153119
1 1 0.028235 0.471234 0.175657 0.002163 0.322712
4 1 0.039637 0.343420 0.137259 0.002224 0.477460
4 1 0.017609 0.042225 0.013525 0.000091 0.926550
4 4 0.038929 0.010311 0.003348 0.000003 0.947410
4 4 0.049382 0.033402 0.005185 0.000000 0.912031
4 4 0.147300 0.012006 0.002412 0.000000 0.838281
4 4 0.028450 0.019945 0.003389 0.000000 0.948216
4 4 0.021091 0.032379 0.011017 0.000021 0.935493
4 4 0.045600 0.092357 0.030588 0.000351 0.831104
4 4 0.027696 0.059586 0.023737 0.001434 0.887547
4 4 0.095076 0.016757 0.009925 0.000078 0.878164
4 4 0.057258 0.023053 0.010471 0.000029 0.909188
4 4 0.055128 0.031531 0.015482 0.000563 0.897296
4 4 0.070124 0.025101 0.011743 0.000040 0.892992
4 4 0.201070 0.026831 0.009120 0.000010 0.762969
4 4 0.036657 0.070019 0.033607 0.000489 0.859228
4 4 0.121283 0.058282 0.022078 0.000033 0.798323
0 4 0.718870 0.137601 0.040201 0.000031 0.103295
4 4 0.081519 0.061487 0.025748 0.000106 0.831140
4 4 0.210975 0.037367 0.012876 0.000022 0.738760
4 4 0.064146 0.143925 0.057191 0.002868 0.731869
4 4 0.082523 0.042966 0.016751 0.000027 0.857733
4 4 0.044279 0.136359 0.082338 0.005249 0.731775
4 4 0.032096 0.236444 0.154159 0.014182 0.563118
4 4 0.034146 0.222876 0.144708 0.016389 0.581881
4 4 0.045954 0.185846 0.121923 0.006204 0.640072
4 4 0.046956 0.112641 0.067130 0.001793 0.771480
4 4 0.042058 0.190262 0.109371 0.008446 0.649863
4 4 0.032696 0.112988 0.057589 0.000779 0.795949
4 4 0.044121 0.144577 0.066476 0.000719 0.744107
4 4 0.040338 0.097037 0.036716 0.000200 0.825709
4 4 0.029084 0.202048 0.114984 0.009725 0.644159
4 4 0.025211 0.235176 0.134151 0.017346 0.588117
4 4 0.092986 0.053151 0.031741 0.000253 0.821870
4 4 0.040058 0.146562 0.087435 0.002754 0.723191
4 4 0.021141 0.227765 0.105599 0.007282 0.638213
4 4 0.030561 0.199618 0.115245 0.015909 0.638667
1 4 0.005621 0.472216 0.341181 0.060891 0.120092
1 4 0.004742 0.425587 0.345171 0.126618 0.097883
1 4 0.013691 0.458106 0.346234 0.016578 0.165391
1 4 0.013635 0.388280 0.339002 0.085819 0.173264
2 4 0.016011 0.269823 0.473467 0.066941 0.173758
2 4 0.010233 0.333615 0.428383 0.116639 0.111129
2 2 0.008617 0.423264 0.426813 0.032360 0.108946
2 2 0.004441 0.350471 0.491307 0.067102 0.086679
2 2 0.017233 0.260223 0.599371 0.021894 0.101278
2 2 0.007029 0.395033 0.401315 0.066243 0.130379
1 2 0.002621 0.419157 0.408024 0.021290 0.148909
2 2 0.004776 0.271108 0.528193 0.008476 0.187447
2 2 0.002087 0.396054 0.456356 0.006275 0.139228
2 2 0.001780 0.407612 0.454541 0.008875 0.127192
2 2 0.004285 0.344076 0.495673 0.023978 0.131988
2 2 0.004620 0.386134 0.454820 0.034750 0.119676
1 2 0.033187 0.490824 0.299973 0.020058 0.155957
1 2 0.098225 0.482687 0.343687 0.010739 0.064662
1 2 0.073092 0.384212 0.356842 0.013826 0.172029
1 2 0.046887 0.552426 0.317981 0.012945 0.069762
2 2 0.003557 0.332110 0.615668 0.015873 0.032793
2 2 0.001270 0.300153 0.669397 0.012135 0.017045
2 2 0.000688 0.216972 0.719731 0.040490 0.022120
2 2 0.001088 0.229855 0.697272 0.039369 0.032416
2 2 0.001332 0.224432 0.701062 0.036870 0.036305
2 2 0.000020 0.034193 0.933682 0.030896 0.001209
2 2 0.000019 0.031391 0.950347 0.017014 0.001229
2 2 0.000030 0.055093 0.908030 0.034936 0.001911
2 2 0.000024 0.029789 0.949714 0.019156 0.001318
2 2 0.000060 0.023963 0.948847 0.025310 0.001820
2 2 0.000009 0.006635 0.959660 0.033372 0.000324
2 2 0.000006 0.007443 0.958116 0.034149 0.000285
2 2 0.000002 0.004451 0.967750 0.027680 0.000117
2 2 0.000004 0.005588 0.962608 0.031608 0.000192
2 2 0.000003 0.006311 0.973722 0.019789 0.000176
2 2 0.000002 0.001878 0.961942 0.036100 0.000078
2 2 0.000001 0.002967 0.958349 0.038602 0.000080
2 2 0.000002 0.002513 0.963498 0.033897 0.000089
2 2 0.000002 0.003494 0.965175 0.031235 0.000094
2 2 0.000003 0.002769 0.962494 0.034625 0.000110
2 2 0.000016 0.002960 0.925624 0.071148 0.000252
2 2 0.000002 0.001989 0.950612 0.047334 0.000064
2 2 0.000001 0.002597 0.950512 0.046825 0.000065
2 2 0.000002 0.002448 0.937271 0.060190 0.000088
2 2 0.000003 0.002468 0.925284 0.072149 0.000096
2 2 0.000061 0.002577 0.712004 0.284975 0.000383
2 2 0.000006 0.002588 0.884729 0.112539 0.000138
2 2 0.000028 0.003305 0.841802 0.154544 0.000321
2 2 0.000033 0.002265 0.770854 0.226577 0.000270
2 2 0.000012 0.001652 0.746497 0.251705 0.000134
3 2 0.000090 0.001497 0.376976 0.621138 0.000299
3 2 0.000068 0.001107 0.456627 0.541971 0.000227
2 2 0.000115 0.001967 0.523988 0.473512 0.000418
3 2 0.000178 0.002105 0.343407 0.653805 0.000506
3 2 0.000033 0.001075 0.465277 0.533460 0.000155
3 2 0.000096 0.000472 0.124220 0.875068 0.000145
3 2 0.000111 0.000698 0.145061 0.853933 0.000197
3 2 0.000191 0.000511 0.083556 0.915533 0.000209
3 2 0.000171 0.000350 0.077031 0.922289 0.000160
3 2 0.000114 0.000449 0.125406 0.873877 0.000155
3 3 0.000125 0.000349 0.102176 0.897212 0.000139
3 3 0.000038 0.000275 0.064079 0.935546 0.000063
3 3 0.000060 0.000281 0.061827 0.937750 0.000081
3 3 0.000081 0.000262 0.070278 0.929288 0.000092
3 3 0.000162 0.000460 0.075147 0.924052 0.000180
3 3 0.000242 0.000376 0.025061 0.974138 0.000183
3 3 0.000382 0.001023 0.038010 0.960171 0.000414
3 3 0.000362 0.000750 0.045968 0.952576 0.000344
3 3 0.000222 0.000339 0.029359 0.969913 0.000167
3 3 0.000257 0.000484 0.040628 0.958407 0.000225
3 3 0.000910 0.002477 0.055085 0.940446 0.001082
3 3 0.000942 0.002032 0.018768 0.977343 0.000914
3 3 0.000224 0.000348 0.032302 0.966955 0.000171
3 3 0.000508 0.000643 0.015177 0.983325 0.000348
3 3 0.000365 0.000946 0.067768 0.930518 0.000404
3 3 0.001314 0.001341 0.009955 0.986564 0.000826
3 3 0.000659 0.000723 0.012908 0.985291 0.000419
3 3 0.001411 0.001863 0.016868 0.978793 0.001065
3 3 0.001799 0.003263 0.015903 0.977398 0.001637
3 3 0.001895 0.002053 0.014252 0.980506 0.001294
3 3 0.000415 0.001269 0.028317 0.969523 0.000476
3 3 0.000351 0.000558 0.030112 0.968700 0.000279
3 3 0.000199 0.000439 0.030123 0.969056 0.000183
3 3 0.000166 0.000255 0.023893 0.975564 0.000121
3 3 0.000342 0.000694 0.036053 0.962597 0.000314
3 3 0.000301 0.000389 0.016162 0.982946 0.000202
3 3 0.000696 0.001892 0.049609 0.946997 0.000806
3 3 0.000534 0.000586 0.010956 0.987592 0.000332
3 3 0.000826 0.000969 0.011999 0.985655 0.000551
3 3 0.000226 0.000303 0.015104 0.984215 0.000151
3 3 0.000637 0.000841 0.016462 0.981606 0.000455
3 3 0.000807 0.000915 0.014655 0.983089 0.000535
3 3 0.001023 0.001268 0.008325 0.988688 0.000696
3 3 0.000999 0.001009 0.011712 0.985660 0.000620
3 3 0.002035 0.002629 0.032504 0.961203 0.001629
3 3 0.000391 0.000656 0.015098 0.983548 0.000307
3 3 0.000228 0.000302 0.014439 0.984880 0.000151
3 3 0.000405 0.000539 0.023392 0.975374 0.000290
3 3 0.000494 0.000521 0.008292 0.990400 0.000293
3 3 0.000659 0.000804 0.008324 0.989782 0.000432
3 3 0.000853 0.000923 0.014694 0.982978 0.000553
3 3 0.000960 0.000971 0.009751 0.987731 0.000588
3 3 0.000710 0.000855 0.013038 0.984918 0.000479
3 3 0.000530 0.000511 0.005683 0.992984 0.000293
3 3 0.000624 0.000856 0.010299 0.987781 0.000441
3 3 0.000353 0.000434 0.014250 0.984732 0.000231
3 3 0.000460 0.000483 0.007863 0.990925 0.000270
3 3 0.000339 0.000405 0.009769 0.989273 0.000213
3 3 0.000410 0.000607 0.011303 0.987384 0.000296
3 3 0.000983 0.001466 0.016992 0.979783 0.000775
3 3 0.001973 0.001750 0.010356 0.984737 0.001183
3 3 0.000864 0.000902 0.012396 0.985295 0.000543
3 3 0.000822 0.000660 0.003203 0.994908 0.000407
3 3 0.001558 0.001380 0.008580 0.987574 0.000908
3 3 0.001609 0.001423 0.008706 0.987324 0.000939
3 3 0.000814 0.001230 0.014713 0.982611 0.000632
3 3 0.001021 0.001019 0.011288 0.986043 0.000629
3 3 0.000733 0.000701 0.005229 0.992927 0.000410
3 3 0.000656 0.000915 0.018071 0.979870 0.000488
3 3 0.000429 0.000465 0.006524 0.992330 0.000252
3 3 0.001523 0.001260 0.005973 0.990413 0.000832
3 3 0.001562 0.001153 0.003429 0.993084 0.000773
3 3 0.000953 0.000921 0.005073 0.992510 0.000544
3 3 0.002290 0.002171 0.010763 0.983334 0.001442
3 3 0.001180 0.001242 0.016438 0.980364 0.000776
3 3 0.001135 0.001033 0.007687 0.989492 0.000652
3 3 0.001430 0.001363 0.011609 0.984717 0.000880
3 3 0.000997 0.000800 0.003692 0.994006 0.000504
3 3 0.001564 0.001380 0.008419 0.987729 0.000908
3 3 0.001738 0.001636 0.008413 0.987161 0.001053
3 3 0.000676 0.000635 0.006054 0.992260 0.000376
3 3 0.000569 0.000775 0.003184 0.995105 0.000367
3 3 0.001094 0.001162 0.016277 0.980749 0.000719
3 3 0.002915 0.003477 0.014558 0.976889 0.002162
3 3 0.001153 0.001355 0.007295 0.989436 0.000761
3 3 0.002332 0.002458 0.013460 0.980167 0.001583
3 3 0.001247 0.001284 0.004227 0.992502 0.000741
3 3 0.003503 0.002740 0.008581 0.983165 0.002010
3 3 0.014667 0.013487 0.055682 0.906345 0.009819
3 3 0.065390 0.045317 0.074159 0.801536 0.013598
0 0 0.710629 0.094475 0.100092 0.075327 0.019478
0 0 0.384825 0.193851 0.209554 0.169052 0.042718
1 2 0.092437 0.309640 0.301671 0.222223 0.074028
3 2 0.063343 0.235810 0.274281 0.327239 0.099327
0 2 0.560957 0.110021 0.165827 0.131337 0.031858
0 2 0.875286 0.047859 0.022870 0.000122 0.053863
0 2 0.721912 0.121977 0.050417 0.002940 0.102755
0 2 0.664494 0.130651 0.051888 0.000707 0.152260
0 2 0.742649 0.054481 0.031446 0.001324 0.170100
0 2 0.697381 0.069860 0.031928 0.000565 0.200266
0 2 0.480571 0.163512 0.112821 0.015251 0.227845
1 2 0.213140 0.398122 0.227429 0.060074 0.101236
1 2 0.072679 0.461956 0.253540 0.038321 0.173505
2 2 0.066815 0.285384 0.290245 0.118205 0.239351
0 2 0.535972 0.180632 0.146398 0.011426 0.125572
0 2 0.555317 0.158753 0.127359 0.004027 0.154545
1 2 0.048934 0.630042 0.229280 0.009564 0.082180
1 2 0.020490 0.517651 0.307225 0.064988 0.089646
1 2 0.013413 0.561603 0.272673 0.031981 0.120330
1 2 0.007986 0.441688 0.313500 0.044015 0.192812
4 2 0.015861 0.319911 0.178537 0.017399 0.468291
1 2 0.033654 0.383033 0.203700 0.025382 0.354231
0 2 0.492265 0.161122 0.095667 0.000940 0.250006
4 2 0.031349 0.315636 0.144355 0.014219 0.494442
4 2 0.066556 0.198076 0.083284 0.000694 0.651391
4 2 0.016362 0.088326 0.029514 0.000313 0.865485
4 2 0.018010 0.034182 0.011162 0.000008 0.936638
4 4 0.040943 0.037079 0.016858 0.000124 0.904996
4 4 0.049920 0.030230 0.014425 0.000157 0.905269
4 4 0.035596 0.052128 0.023439 0.000258 0.888579
4 4 0.044234 0.039883 0.019112 0.000109 0.896661
4 4 0.077376 0.075617 0.027285 0.000033 0.819690
4 4 0.083370 0.142732 0.036879 0.000024 0.736995
4 4 0.051577 0.051818 0.023490 0.000160 0.872955
4 4 0.056146 0.083711 0.048989 0.005948 0.805205
4 4 0.069771 0.078950 0.052542 0.000864 0.797874
4 4 0.039503 0.156216 0.078017 0.002662 0.723602
4 4 0.038422 0.090632 0.047086 0.000658 0.823202
1 4 0.096157 0.393873 0.173790 0.003699 0.332481
4 4 0.031810 0.270504 0.136831 0.007298 0.553557
4 4 0.021592 0.201260 0.100579 0.002893 0.673677
4 4 0.053348 0.131324 0.036786 0.000019 0.778523
4 4 0.038871 0.080116 0.041318 0.000268 0.839426
4 4 0.022826 0.187923 0.084332 0.001464 0.703455
4 4 0.050075 0.101284 0.059826 0.002848 0.785967
4 4 0.265649 0.174526 0.107687 0.004842 0.447296
4 4 0.328313 0.169179 0.090188 0.008797 0.403523
0 4 0.511048 0.255545 0.109110 0.008006 0.116292
0 0 0.644976 0.102713 0.085033 0.010760 0.156518
0 2 0.333888 0.309517 0.147522 0.015544 0.193529
0 2 0.474828 0.161447 0.082012 0.009328 0.272385
0 2 0.675208 0.136271 0.080926 0.009932 0.097663
4 2 0.074228 0.237863 0.145897 0.033297 0.508716
0 2 0.706678 0.095992 0.083535 0.012783 0.101011
0 2 0.837918 0.065150 0.044191 0.003218 0.049523
0 2 0.498199 0.147459 0.123590 0.037962 0.192790
0 2 0.332017 0.285257 0.166508 0.014425 0.201792
0 2 0.608315 0.198297 0.103619 0.011049 0.078720
0 2 0.738781 0.090723 0.078932 0.016623 0.074940
0 2 0.633860 0.097420 0.091413 0.029551 0.147756
0 2 0.970172 0.017475 0.006091 0.000058 0.006204
0 2 0.967265 0.017698 0.006573 0.000187 0.008277
0 2 0.873462 0.059219 0.026543 0.000697 0.040079
0 2 0.962280 0.019534 0.007362 0.000168 0.010656
0 2 0.943306 0.025471 0.011613 0.001075 0.018535
4 2 0.121129 0.335077 0.148665 0.002695 0.392433
1 2 0.014592 0.422793 0.252248 0.031428 0.278939
4 2 0.023947 0.300932 0.202129 0.023894 0.449098
4 2 0.031900 0.305899 0.281722 0.070970 0.309509
4 2 0.030640 0.293575 0.227465 0.036822 0.411497
2 2 0.001041 0.243340 0.646440 0.089210 0.019969
2 2 0.001732 0.219514 0.631500 0.119739 0.027516
2 2 0.001074 0.306399 0.600704 0.065995 0.025828
2 2 0.001704 0.289422 0.544504 0.131335 0.033034
2 2 0.001393 0.231391 0.652043 0.084465 0.030707
2 2 0.005246 0.329739 0.511944 0.056256 0.096816
1 2 0.011435 0.574990 0.348579 0.000970 0.064026
2 2 0.002088 0.386996 0.486612 0.020963 0.103340
2 2 0.002771 0.339542 0.545098 0.010507 0.102082
2 2 0.001606 0.328642 0.594548 0.019828 0.055376
1 2 0.013442 0.506614 0.281999 0.009398 0.188547
1 2 0.008731 0.479829 0.262281 0.017017 0.232142
1 2 0.007497 0.443406 0.287800 0.046337 0.214959
0 2 0.622153 0.154828 0.118509 0.003289 0.101220
1 0 0.333015 0.472802 0.138690 0.000198 0.055295
2 2 0.002200 0.347377 0.624891 0.009092 0.016439
2 2 0.001407 0.344773 0.591563 0.024581 0.037676
2 2 0.000882 0.230589 0.708742 0.029687 0.030100
2 2 0.000732 0.210216 0.704703 0.064247 0.020102
2 2 0.001086 0.235590 0.709168 0.027392 0.026764
2 2 0.000158 0.053087 0.890534 0.052028 0.004193
2 2 0.000076 0.035856 0.933526 0.028449 0.002092
2 2 0.000065 0.060362 0.898689 0.037923 0.002962
2 2 0.000035 0.035432 0.932305 0.030563 0.001665
2 2 0.000043 0.044176 0.948683 0.006020 0.001078
2 2 0.000015 0.020876 0.946270 0.032047 0.000792
2 2 0.000026 0.026649 0.956408 0.016250 0.000668
2 2 0.000017 0.015903 0.949664 0.033678 0.000737
2 2 0.000015 0.012324 0.962545 0.024505 0.000612
2 2 0.000015 0.022112 0.943047 0.034005 0.000821
2 2 0.000604 0.096057 0.855194 0.035994 0.012150
2 2 0.001273 0.140278 0.770320 0.068085 0.020044
2 2 0.030550 0.320140 0.602003 0.014449 0.032858
2 2 0.009152 0.219389 0.719819 0.016272 0.035368
1 2 0.077966 0.513193 0.395362 0.001688 0.011792
2 2 0.000687 0.081897 0.881248 0.032162 0.004006
2 2 0.000012 0.018806 0.952127 0.028361 0.000694
2 2 0.000011 0.014376 0.956287 0.028751 0.000575
2 2 0.000036 0.011351 0.941319 0.046439 0.000855
2 2 0.000011 0.019814 0.954274 0.025215 0.000686
2 2 0.000030 0.019941 0.915815 0.063198 0.001016
2 2 0.000008 0.008350 0.948610 0.042693 0.000339
2 2 0.000005 0.013777 0.961520 0.024337 0.000360
2 2 0.000005 0.007595 0.959686 0.032451 0.000263
2 2 0.000006 0.007142 0.958872 0.033714 0.000266
2 2 0.000018 0.018793 0.936179 0.044227 0.000783
2 2 0.000079 0.020180 0.905304 0.072793 0.001645
2 2 0.000014 0.010744 0.932717 0.056033 0.000493
2 2 0.000023 0.020111 0.924991 0.053964 0.000912
2 2 0.000078 0.015682 0.911876 0.070936 0.001428
2 2 0.000055 0.011390 0.849407 0.138231 0.000916
2 2 0.000098 0.009826 0.832693 0.156270 0.001112
2 2 0.000145 0.019239 0.811389 0.167276 0.001952
2 2 0.000181 0.010553 0.724937 0.262857 0.001472
2 2 0.000170 0.022899 0.819064 0.155513 0.002355
2 2 0.000156 0.013069 0.854275 0.130799 0.001700
2 2 0.000572 0.034414 0.809123 0.150356 0.005534
2 2 0.000459 0.036235 0.822522 0.135629 0.005155
2 2 0.000208 0.018003 0.787434 0.192132 0.002223
2 2 0.000150 0.011942 0.807808 0.178587 0.001513
2 2 0.000392 0.021403 0.727536 0.247413 0.003257
2 2 0.000206 0.023434 0.756410 0.217443 0.002507
2 2 0.000835 0.036307 0.760659 0.195541 0.006659
2 2 0.000639 0.026756 0.692043 0.275905 0.004658
2 2 0.000346 0.011831 0.765959 0.219615 0.002249
2 2 0.002888 0.031887 0.531711 0.423153 0.010360
2 2 0.002115 0.033353 0.478292 0.477404 0.008837
3 2 0.002867 0.033628 0.395846 0.557616 0.010043
3 2 0.017068 0.029183 0.438604 0.502080 0.013064
2 2 0.036404 0.074084 0.598695 0.266699 0.024118
2 2 0.000597 0.015298 0.615790 0.365155 0.003159
2 2 0.001111 0.011414 0.598929 0.384872 0.003673
2 2 0.000507 0.005463 0.608544 0.383849 0.001637
2 2 0.000508 0.010360 0.645525 0.341233 0.002374
3 2 0.000703 0.010731 0.466052 0.519864 0.002649
2 2 0.000695 0.020202 0.655535 0.319498 0.004071
2 2 0.001379 0.020044 0.622144 0.350754 0.005679
2 2 0.000800 0.027144 0.669332 0.297516 0.005207
2 2 0.001484 0.038201 0.564291 0.387779 0.008246
2 2 0.001528 0.014712 0.628830 0.349874 0.005057
2 2 0.000575 0.037482 0.700162 0.256418 0.005363
2 2 0.000662 0.038459 0.707729 0.247266 0.005883
2 2 0.001603 0.043549 0.728947 0.215761 0.010140
2 2 0.001826 0.037345 0.678613 0.272600 0.009615
2 2 0.001360 0.028345 0.710190 0.252915 0.007190
2 2 0.000270 0.008190 0.567703 0.422385 0.001452
2 2 0.000276 0.005460 0.528253 0.464856 0.001155
3 2 0.000710 0.010467 0.443762 0.542456 0.002604
3 2 0.000429 0.006868 0.481314 0.509774 0.001615
3 2 0.000256 0.003521 0.414031 0.581358 0.000834
3 2 0.000283 0.003419 0.495316 0.500091 0.000891
2 2 0.000287 0.003967 0.540577 0.454178 0.000992
2 2 0.000260 0.004308 0.523758 0.470693 0.000980
3 2 0.000205 0.003588 0.429180 0.566270 0.000756
2 2 0.000212 0.004182 0.512356 0.482385 0.000865
3 2 0.001449 0.022366 0.375817 0.594791 0.005578
2 2 0.002243 0.024990 0.523901 0.440965 0.007901
3 2 0.001887 0.023147 0.430678 0.537625 0.006663
3 2 0.001277 0.017047 0.412586 0.564529 0.004562
2 2 0.001577 0.022709 0.515250 0.454242 0.006221
3 2 0.000250 0.002384 0.259654 0.737088 0.000624
3 2 0.000270 0.001992 0.213754 0.783408 0.000575
3 2 0.000443 0.002330 0.206691 0.789728 0.000808
3 2 0.000379 0.002962 0.282659 0.713120 0.000880
3 2 0.000320 0.003732 0.222784 0.772271 0.000892
3 2 0.000579 0.012216 0.413088 0.571595 0.002522
3 2 0.000512 0.005123 0.392177 0.600735 0.001452
3 2 0.000395 0.003709 0.404673 0.590156 0.001068
3 2 0.001332 0.011058 0.325561 0.658507 0.003542
3 2 0.001312 0.005520 0.372816 0.617912 0.002440
3 2 0.002492 0.024162 0.310148 0.655698 0.007500
3 2 0.001707 0.017843 0.404083 0.570951 0.005415
3 2 0.004287 0.029029 0.390318 0.564999 0.011367
3 2 0.001646 0.027301 0.478820 0.485292 0.006941
3 2 0.002818 0.025511 0.347992 0.615312 0.008367
3 2 0.000863 0.004775 0.269939 0.722682 0.001741
3 2 0.000422 0.001355 0.142693 0.854965 0.000564
3 2 0.000648 0.007910 0.337841 0.651562 0.002040
3 2 0.000183 0.001337 0.135327 0.862790 0.000363
3 2 0.000611 0.002534 0.214218 0.781634 0.001002
3 2 0.000599 0.002731 0.225303 0.770328 0.001039
3 2 0.000595 0.003898 0.253187 0.741046 0.001275
3 2 0.000481 0.008113 0.325470 0.664172 0.001765
3 2 0.001586 0.007376 0.194302 0.793812 0.002923
3 2 0.000589 0.006906 0.325366 0.665346 0.001793
3 2 0.004226 0.073901 0.282266 0.621376 0.018231
3 2 0.006141 0.032839 0.188210 0.759405 0.013405
3 2 0.005775 0.035328 0.239449 0.705573 0.013875
3 2 0.007786 0.034381 0.296936 0.644526 0.016372
3 2 0.003468 0.031617 0.311415 0.643159 0.010341
3 2 0.004788 0.021115 0.277028 0.687451 0.009618
3 2 0.001775 0.008840 0.312546 0.673227 0.003611
3 2 0.001343 0.009996 0.285704 0.699648 0.003309
3 2 0.002771 0.011838 0.240060 0.740156 0.005175
3 2 0.001836 0.011342 0.207929 0.774868 0.004025
3 3 0.000741 0.003915 0.235853 0.758071 0.001420
3 3 0.000624 0.010371 0.308849 0.677860 0.002296
3 3 0.001276 0.011007 0.272750 0.711588 0.003379
3 3 0.000419 0.004552 0.320317 0.673520 0.001193
3 3 0.001169 0.013572 0.316311 0.665253 0.003695
3 3 0.000587 0.002729 0.089245 0.906493 0.000945
3 3 0.000684 0.001446 0.058881 0.938292 0.000698
3 3 0.000804 0.002793 0.109932 0.885326 0.001145
3 3 0.000302 0.001321 0.089265 0.908661 0.000450
3 3 0.001291 0.004120 0.119147 0.873619 0.001823
3 3 0.000120 0.000478 0.120375 0.878863 0.000164
3 3 0.000151 0.000453 0.057772 0.941455 0.000169
3 3 0.000200 0.001340 0.114921 0.883165 0.000374
3 3 0.000094 0.000486 0.055987 0.943295 0.000137
3 3 0.000132 0.000493 0.062269 0.936940 0.000166
3 3 0.001572 0.011537 0.185295 0.797890 0.003707
3 3 0.001848 0.005986 0.094673 0.894849 0.002644
3 3 0.002568 0.020515 0.186948 0.783396 0.006573
3 3 0.002902 0.013874 0.120608 0.857199 0.005416
3 3 0.002348 0.008849 0.150733 0.834208 0.003862
3 3 0.000531 0.004764 0.076257 0.917244 0.001204
3 3 0.001672 0.006177 0.125753 0.863782 0.002616
3 3 0.000474 0.001297 0.048867 0.948825 0.000537
3 3 0.001590 0.003405 0.031348 0.962008 0.001649
3 3 0.000733 0.001409 0.037151 0.960018 0.000689
3 3 0.000810 0.003938 0.089142 0.904744 0.001365
3 3 0.000775 0.001924 0.015247 0.981264 0.000791
3 3 0.000481 0.001195 0.024708 0.973124 0.000492
3 3 0.000842 0.002522 0.051819 0.943772 0.001045
3 3 0.001512 0.001696 0.027380 0.968327 0.001085
3 3 0.030545 0.025334 0.081736 0.852185 0.010200
3 3 0.102046 0.060090 0.106070 0.711349 0.020445
3 3 0.095301 0.075664 0.110882 0.702358 0.015795
0 3 0.307560 0.267478 0.286392 0.108860 0.029710
3 3 0.012215 0.065538 0.102492 0.804823 0.014932
1 3 0.089792 0.328247 0.272314 0.083481 0.226167
4 3 0.179334 0.195961 0.194449 0.108814 0.321442
0 0 0.889712 0.050000 0.032118 0.004194 0.023976
0 0 0.801511 0.070540 0.054698 0.014615 0.058636
0 2 0.716847 0.156814 0.075427 0.006419 0.044492
2 2 0.015085 0.285379 0.401506 0.258332 0.039699
2 2 0.006166 0.046350 0.510002 0.418693 0.018788
2 2 0.011331 0.136378 0.513246 0.290146 0.048898
1 2 0.042050 0.464533 0.355300 0.107210 0.030906
2 2 0.005920 0.217434 0.382723 0.352066 0.041857
4 2 0.076579 0.152595 0.134906 0.111409 0.524511
4 2 0.072127 0.185107 0.134125 0.055855 0.552785
4 2 0.221540 0.137586 0.107051 0.031802 0.502020
0 2 0.833595 0.066385 0.039648 0.000901 0.059471
0 2 0.647765 0.102528 0.048102 0.000703 0.200903
4 4 0.066185 0.182468 0.152625 0.025552 0.573171
2 4 0.027907 0.254439 0.259163 0.245530 0.212960
4 4 0.029125 0.291610 0.250081 0.111120 0.318063
4 4 0.076820 0.235086 0.194427 0.037929 0.455738
4 4 0.025210 0.301731 0.213948 0.043150 0.415961
4 4 0.114160 0.014384 0.006761 0.000023 0.864672
