0 0 0.419071 0.339493 0.171637 0.000768 0.069031
1 0 0.132836 0.360264 0.235175 0.001985 0.269740
1 0 0.272912 0.385443 0.156906 0.000075 0.184664
1 1 0.129921 0.437996 0.209614 0.000252 0.222217
1 1 0.115679 0.395108 0.344405 0.005529 0.139278
1 1 0.157123 0.419435 0.387755 0.024022 0.011665
1 1 0.125542 0.569829 0.258560 0.000446 0.045623
1 1 0.031741 0.475559 0.416631 0.001306 0.074763
1 1 0.021742 0.467924 0.396745 0.003629 0.109960
1 1 0.016348 0.477262 0.374946 0.003198 0.128247
2 2 0.001852 0.126062 0.848512 0.017563 0.006012
2 2 0.003759 0.085774 0.867570 0.039707 0.003189
2 2 0.001441 0.057192 0.912382 0.026469 0.002516
2 2 0.002011 0.089806 0.894245 0.011762 0.002176
2 2 0.000487 0.006789 0.915487 0.076958 0.000279
2 2 0.000138 0.002979 0.608319 0.388387 0.000176
2 2 0.000151 0.002352 0.710126 0.287278 0.000093
3 3 0.000004 0.000050 0.195196 0.804748 0.000001
2 3 0.000085 0.001584 0.690886 0.307405 0.000040
3 3 0.000005 0.000056 0.345592 0.654346 0.000001
3 3 0.000080 0.000541 0.160661 0.838569 0.000149
3 3 0.000048 0.000322 0.156412 0.843165 0.000053
3 3 0.000001 0.000016 0.024789 0.975191 0.000003
3 3 0.000010 0.000059 0.073030 0.926893 0.000008
3 3 0.000735 0.006019 0.337593 0.653729 0.001923
2 2 0.003936 0.034243 0.859131 0.102080 0.000611
2 2 0.008192 0.168678 0.793711 0.022979 0.006440
2 2 0.003334 0.032588 0.888947 0.073732 0.001399
2 2 0.004586 0.164482 0.807139 0.016544 0.007250
2 2 0.003547 0.173243 0.809856 0.008502 0.004852
2 2 0.000149 0.004323 0.950505 0.044991 0.000032
2 2 0.000040 0.000942 0.930323 0.068672 0.000023
2 2 0.000118 0.003057 0.927815 0.068934 0.000076
2 3 0.000052 0.000621 0.692156 0.307156 0.000016
3 3 0.000004 0.000071 0.407101 0.592823 0.000001
3 3 0.000032 0.000087 0.024236 0.975594 0.000051
3 3 0.000085 0.000275 0.038677 0.960879 0.000084
3 3 0.000078 0.000307 0.058828 0.940665 0.000123
3 3 0.000010 0.000049 0.022324 0.977606 0.000012
3 3 0.000043 0.000107 0.013507 0.986327 0.000017
3 3 0.000034 0.000063 0.008978 0.990885 0.000040
3 3 0.000048 0.000103 0.006830 0.992912 0.000107
3 3 0.000011 0.000016 0.001917 0.998048 0.000008
3 3 0.000084 0.000078 0.003754 0.996053 0.000031
3 3 0.000021 0.000035 0.003333 0.996586 0.000025
3 3 0.000037 0.000048 0.003263 0.996622 0.000029
3 3 0.000014 0.000013 0.000401 0.999565 0.000008
3 3 0.000033 0.000045 0.002999 0.996893 0.000030
3 3 0.000008 0.000010 0.001122 0.998855 0.000005
3 3 0.000021 0.000023 0.001052 0.998889 0.000015
3 3 0.000011 0.000015 0.001424 0.998542 0.000008
3 3 0.000021 0.000026 0.001212 0.998723 0.000018
3 3 0.000011 0.000010 0.000773 0.999201 0.000005
3 3 0.000030 0.000049 0.003835 0.996049 0.000037
3 3 0.000036 0.000039 0.000863 0.999031 0.000031
3 3 0.000027 0.000022 0.000672 0.999266 0.000013
3 3 0.000015 0.000019 0.000881 0.999070 0.000014
3 3 0.000019 0.000020 0.000480 0.999465 0.000016
3 3 0.000010 0.000012 0.001260 0.998711 0.000006
3 3 0.000088 0.000061 0.000721 0.999087 0.000043
3 3 0.000162 0.000191 0.005248 0.994249 0.000150
3 3 0.000050 0.000034 0.001041 0.998860 0.000015
3 3 0.000021 0.000023 0.000643 0.999293 0.000019
3 3 0.000029 0.000038 0.001016 0.998879 0.000038
3 3 0.000015 0.000015 0.000417 0.999542 0.000011
3 3 0.000159 0.000110 0.000552 0.999071 0.000109
3 3 0.000034 0.000027 0.000270 0.999644 0.000025
3 3 0.000058 0.000041 0.000391 0.999476 0.000033
3 3 0.000068 0.000039 0.000354 0.999512 0.000026
3 3 0.000060 0.000041 0.000449 0.999421 0.000029
3 3 0.000111 0.000075 0.001166 0.998605 0.000043
3 3 0.000057 0.000043 0.000466 0.999399 0.000035
3 3 0.000031 0.000026 0.001058 0.998872 0.000013
3 3 0.000038 0.000037 0.001398 0.998505 0.000023
3 3 0.000032 0.000031 0.001018 0.998900 0.000019
3 3 0.000045 0.000018 0.000140 0.999787 0.000009
3 3 0.000032 0.000018 0.000159 0.999778 0.000012
3 3 0.000028 0.000015 0.000301 0.999650 0.000006
3 3 0.000046 0.000025 0.000209 0.999704 0.000016
3 3 0.000040 0.000020 0.000106 0.999818 0.000016
3 3 0.000170 0.000078 0.000305 0.999390 0.000057
3 3 0.000137 0.000083 0.000374 0.999328 0.000077
3 3 0.000083 0.000072 0.000404 0.999351 0.000090
3 3 0.000145 0.000049 0.000191 0.999589 0.000027
3 3 0.000030 0.000016 0.000147 0.999797 0.000010
3 3 0.000031 0.000045 0.000770 0.999094 0.000059
3 3 0.000012 0.000014 0.001068 0.998897 0.000008
3 3 0.000018 0.000011 0.000263 0.999703 0.000006
3 3 0.000024 0.000021 0.000232 0.999703 0.000020
3 3 0.000102 0.000106 0.001429 0.998257 0.000106
3 3 0.000057 0.000030 0.000194 0.999697 0.000022
3 3 0.000086 0.000097 0.000830 0.998856 0.000131
3 3 0.000074 0.000044 0.000355 0.999495 0.000032
3 3 0.000048 0.000064 0.001049 0.998761 0.000077
3 3 0.000014 0.000014 0.000705 0.999258 0.000009
3 3 0.000023 0.000017 0.000144 0.999799 0.000017
3 3 0.000025 0.000015 0.000191 0.999758 0.000010
3 3 0.000065 0.000035 0.000209 0.999663 0.000027
3 3 0.000037 0.000020 0.000140 0.999788 0.000015
3 3 0.000044 0.000030 0.000358 0.999547 0.000021
3 3 0.000025 0.000017 0.000335 0.999613 0.000010
3 3 0.000030 0.000021 0.000141 0.999788 0.000020
3 3 0.000031 0.000015 0.000068 0.999873 0.000013
3 3 0.000077 0.000035 0.000191 0.999674 0.000023
3 3 0.000025 0.000020 0.000300 0.999638 0.000016
3 3 0.000112 0.000637 0.091426 0.907793 0.000031
3 3 0.001058 0.004305 0.357793 0.636488 0.000356
3 3 0.000391 0.002911 0.190271 0.805719 0.000708
3 3 0.000278 0.001884 0.172140 0.824899 0.000799
3 3 0.000673 0.003077 0.174464 0.820260 0.001525
2 1 0.013300 0.278069 0.655522 0.002590 0.050519
1 1 0.022183 0.478709 0.377651 0.001398 0.120059
1 1 0.029356 0.585616 0.273777 0.000149 0.111103
1 1 0.026914 0.549599 0.313797 0.000342 0.109347
1 1 0.036712 0.596323 0.254368 0.000061 0.112537
1 1 0.077794 0.513146 0.225523 0.000068 0.183469
1 1 0.065575 0.543735 0.225316 0.000050 0.165324
1 1 0.080798 0.483691 0.250185 0.000174 0.185152
2 1 0.026000 0.255057 0.635425 0.000593 0.082926
1 1 0.074959 0.461467 0.341997 0.000437 0.121141
1 1 0.170734 0.460769 0.261316 0.000791 0.106391
2 1 0.098662 0.241558 0.602403 0.017717 0.039660
2 1 0.131250 0.222022 0.556604 0.033217 0.056908
0 0 0.337358 0.320864 0.275768 0.009883 0.056127
0 0 0.436468 0.350011 0.184444 0.002422 0.026655
2 0 0.279107 0.269830 0.414012 0.016779 0.020272
2 0 0.345492 0.211837 0.406733 0.021189 0.014749
0 0 0.316322 0.181038 0.193832 0.304317 0.004490
0 0 0.552318 0.256987 0.156212 0.031415 0.003068
0 0 0.394415 0.314366 0.247556 0.040483 0.003180
0 0 0.468332 0.378182 0.137733 0.000491 0.015261
1 0 0.192211 0.501377 0.202604 0.000126 0.103682
1 0 0.250856 0.519534 0.216547 0.001288 0.011775
1 0 0.255873 0.525220 0.200944 0.000561 0.017402
1 0 0.328810 0.511171 0.149160 0.000195 0.010664
1 0 0.307924 0.444547 0.123989 0.000014 0.123526
1 0 0.365673 0.470952 0.111060 0.000013 0.052301
1 0 0.133264 0.494281 0.135778 0.000005 0.236673
1 0 0.237356 0.581892 0.111154 0.000003 0.069596
1 0 0.132497 0.602269 0.204384 0.000067 0.060783
1 0 0.120676 0.567156 0.145600 0.000004 0.166564
1 0 0.127935 0.509224 0.101654 0.000001 0.261186
1 0 0.105502 0.537405 0.125808 0.000002 0.231284
1 0 0.098000 0.610371 0.130921 0.000001 0.160707
1 0 0.123872 0.523037 0.132697 0.000003 0.220391
1 0 0.064376 0.614535 0.151707 0.000002 0.169380
1 0 0.050487 0.627466 0.178677 0.000006 0.143364
1 0 0.098902 0.573112 0.172352 0.000011 0.155623
1 0 0.088080 0.627540 0.195852 0.000023 0.088505
1 0 0.037088 0.602207 0.246962 0.000049 0.113693
1 0 0.137458 0.467943 0.126714 0.000004 0.267881
1 0 0.116688 0.506588 0.147312 0.000006 0.229406
1 0 0.190541 0.480752 0.195376 0.000099 0.133232
1 0 0.163154 0.534845 0.114184 0.000002 0.187816
1 0 0.300879 0.536337 0.106828 0.000005 0.055952
1 0 0.257171 0.493595 0.188958 0.000177 0.060099
1 0 0.186549 0.510668 0.255304 0.000916 0.046563
1 0 0.080933 0.448757 0.304441 0.000395 0.165473
1 0 0.178289 0.493920 0.265849 0.001053 0.060889
1 0 0.223477 0.508116 0.239918 0.001172 0.027318
1 0 0.283794 0.521556 0.117335 0.000007 0.077309
1 0 0.218715 0.467998 0.203042 0.000186 0.110059
1 0 0.090883 0.497835 0.208133 0.000050 0.203098
1 0 0.183487 0.511724 0.212190 0.000161 0.092438
1 0 0.302685 0.522840 0.121242 0.000012 0.053222
0 0 0.447523 0.309837 0.195285 0.004115 0.043241
2 0 0.246231 0.322029 0.382661 0.018824 0.030256
2 0 0.219020 0.345926 0.369682 0.035438 0.029935
1 0 0.172763 0.431895 0.222720 0.000273 0.172348
0 0 0.421215 0.355742 0.141986 0.000171 0.080887
1 0 0.103429 0.591597 0.162752 0.000007 0.142214
1 0 0.042221 0.657848 0.171850 0.000004 0.128077
1 1 0.085616 0.573851 0.137259 0.000002 0.203272
1 1 0.037764 0.649862 0.126473 0.000002 0.185899
1 1 0.021101 0.684311 0.125902 0.000003 0.168683
1 1 0.041057 0.673974 0.131535 0.000001 0.153433
1 1 0.024609 0.670845 0.172764 0.000009 0.131774
1 1 0.017131 0.675649 0.140046 0.000008 0.167167
1 1 0.018643 0.666893 0.174095 0.000017 0.140352
1 1 0.018074 0.685338 0.133309 0.000004 0.163275
1 1 0.042557 0.537715 0.076123 0.000001 0.343604
1 1 0.071826 0.582478 0.070792 0.000000 0.274903
1 1 0.046913 0.588008 0.077526 0.000000 0.287552
1 1 0.048825 0.540866 0.097867 0.000003 0.312440
1 1 0.055938 0.513528 0.070458 0.000001 0.360076
1 1 0.067457 0.435094 0.085079 0.000005 0.412366
4 1 0.047456 0.415537 0.083323 0.000012 0.453672
1 1 0.064612 0.465952 0.060169 0.000000 0.409266
4 1 0.052187 0.423558 0.043238 0.000000 0.481017
4 4 0.080085 0.317897 0.149507 0.000119 0.452392
4 4 0.084439 0.367481 0.084307 0.000011 0.463762
4 4 0.062806 0.183605 0.058697 0.000318 0.694574
4 4 0.072944 0.232784 0.058214 0.000047 0.636011
4 4 0.066847 0.301171 0.043476 0.000002 0.588504
4 4 0.118319 0.254629 0.034464 0.000000 0.592588
4 4 0.056514 0.291799 0.031809 0.000000 0.619877
4 4 0.050291 0.318280 0.071092 0.000035 0.560301
4 4 0.085380 0.304523 0.055645 0.000004 0.554449
4 4 0.029421 0.222679 0.047145 0.000099 0.700655
4 4 0.061629 0.258238 0.048981 0.000012 0.631140
4 4 0.060777 0.245838 0.046101 0.000012 0.647273
4 4 0.024820 0.119657 0.032089 0.000725 0.822709
4 4 0.040305 0.116470 0.021695 0.000036 0.821495
4 4 0.026977 0.226106 0.020118 0.000001 0.726798
4 4 0.057258 0.221683 0.018527 0.000000 0.702531
1 4 0.032531 0.642484 0.217369 0.000008 0.107608
1 0 0.012361 0.578152 0.329530 0.000018 0.079939
1 0 0.013981 0.610423 0.249633 0.000049 0.125915
1 0 0.023848 0.473754 0.384937 0.000458 0.117003
1 0 0.066905 0.632124 0.182076 0.000009 0.118886
2 0 0.046325 0.350732 0.590807 0.004111 0.008025
2 0 0.028313 0.262004 0.689813 0.009712 0.010159
2 0 0.065509 0.293662 0.627078 0.004270 0.009481
2 0 0.029077 0.166850 0.778273 0.016709 0.009092
2 0 0.058550 0.341631 0.582898 0.002677 0.014244
2 0 0.051059 0.388214 0.498884 0.002518 0.059326
2 0 0.024877 0.228235 0.709543 0.002360 0.034985
2 0 0.075757 0.214508 0.669675 0.006126 0.033935
2 0 0.025806 0.415287 0.493340 0.000104 0.065462
1 0 0.014113 0.478085 0.388069 0.002196 0.117536
1 0 0.085231 0.455890 0.267514 0.000224 0.191142
1 0 0.043458 0.590514 0.239484 0.000045 0.126499
1 0 0.015983 0.508293 0.413394 0.000512 0.061818
2 0 0.060660 0.371053 0.499321 0.002449 0.066518
1 0 0.090889 0.472589 0.356218 0.001269 0.079036
1 0 0.091369 0.477400 0.134600 0.000012 0.296620
4 0 0.105396 0.379163 0.103231 0.000016 0.412194
1 0 0.174313 0.415379 0.103994 0.000002 0.306312
1 0 0.117883 0.477609 0.151150 0.000010 0.253348
4 0 0.176618 0.254339 0.067272 0.000009 0.501763
1 0 0.046602 0.579710 0.241437 0.000053 0.132199
1 0 0.036505 0.674665 0.172391 0.000003 0.116436
1 1 0.053337 0.580839 0.220187 0.000030 0.145607
1 1 0.049954 0.643325 0.163339 0.000003 0.143379
1 1 0.059020 0.585211 0.198907 0.000016 0.156846
1 1 0.035514 0.610479 0.243268 0.000041 0.110698
1 1 0.016284 0.680692 0.196448 0.000015 0.106562
1 1 0.067142 0.525023 0.241390 0.000090 0.166354
1 1 0.045431 0.615737 0.206591 0.000015 0.132226
1 1 0.006839 0.632145 0.266000 0.000288 0.094727
1 1 0.002214 0.539893 0.439520 0.000104 0.018268
2 1 0.001265 0.289685 0.690003 0.002119 0.016929
2 1 0.000719 0.281953 0.707663 0.000530 0.009135
2 1 0.001211 0.101024 0.882307 0.001317 0.014140
2 2 0.001601 0.187894 0.791132 0.001082 0.018290
2 2 0.000679 0.093566 0.886475 0.007469 0.011810
2 2 0.001804 0.154869 0.830759 0.000705 0.011863
2 2 0.000920 0.198965 0.780876 0.002450 0.016789
2 2 0.002543 0.254001 0.735009 0.000369 0.008078
1 2 0.007544 0.521138 0.450995 0.000138 0.020185
1 2 0.027066 0.555832 0.332315 0.000093 0.084695
1 2 0.010672 0.673912 0.262913 0.000043 0.052459
2 2 0.012628 0.266336 0.669301 0.000246 0.051490
1 2 0.009871 0.508968 0.381556 0.001225 0.098379
1 2 0.020588 0.656546 0.246013 0.000029 0.076824
2 2 0.002008 0.175577 0.816051 0.003202 0.003162
2 2 0.003231 0.313748 0.677091 0.004216 0.001713
2 2 0.000444 0.053695 0.940183 0.002032 0.003645
2 2 0.000303 0.043826 0.949593 0.003079 0.003199
2 2 0.001094 0.118724 0.871705 0.000219 0.008258
2 2 0.001472 0.159256 0.828398 0.000148 0.010726
2 2 0.006983 0.414425 0.554990 0.000109 0.023493
2 2 0.004207 0.450211 0.520313 0.000127 0.025143
2 2 0.001133 0.066005 0.924117 0.001339 0.007406
2 2 0.000693 0.074643 0.918513 0.000750 0.005401
2 2 0.000012 0.002477 0.993018 0.004486 0.000006
2 2 0.000013 0.003356 0.994116 0.002489 0.000026
2 2 0.000005 0.001613 0.995584 0.002794 0.000004
2 2 0.000014 0.003147 0.992596 0.004237 0.000006
2 2 0.000352 0.053141 0.941468 0.004914 0.000124
2 2 0.000370 0.041174 0.953295 0.004044 0.001118
2 2 0.000104 0.014536 0.979278 0.005583 0.000500
2 2 0.000847 0.039821 0.947724 0.010695 0.000913
2 2 0.000119 0.035359 0.962305 0.001168 0.001049
2 2 0.000274 0.027134 0.967016 0.004617 0.000960
2 2 0.000045 0.004465 0.986303 0.009135 0.000053
2 2 0.000060 0.007979 0.986885 0.004988 0.000087
2 2 0.000023 0.002005 0.975338 0.022612 0.000023
2 2 0.000024 0.001708 0.963398 0.034853 0.000017
2 2 0.000596 0.016666 0.955235 0.027179 0.000324
2 2 0.001060 0.024652 0.916079 0.056288 0.001920
2 2 0.000583 0.022600 0.924876 0.050207 0.001734
2 2 0.000096 0.003006 0.738024 0.258639 0.000235
2 2 0.001225 0.028420 0.922610 0.045817 0.001927
2 2 0.001106 0.027796 0.910340 0.059627 0.001130
2 2 0.000238 0.009359 0.959953 0.029975 0.000474
2 2 0.000843 0.016537 0.946779 0.035181 0.000660
2 2 0.000968 0.020501 0.941820 0.036261 0.000450
2 2 0.000960 0.019843 0.910944 0.067235 0.001018
2 2 0.001280 0.021002 0.930947 0.046111 0.000661
2 2 0.001431 0.017254 0.775130 0.204519 0.001667
2 2 0.002173 0.015009 0.828485 0.151905 0.002428
2 3 0.003326 0.017984 0.813728 0.164450 0.000513
2 3 0.000871 0.013811 0.577507 0.404757 0.003054
2 3 0.001105 0.012919 0.733174 0.249930 0.002873
2 3 0.000398 0.056699 0.933888 0.006548 0.002468
2 3 0.000813 0.048639 0.940642 0.008524 0.001382
2 3 0.002364 0.067166 0.908018 0.020567 0.001885
2 2 0.000685 0.044882 0.933928 0.017970 0.002536
2 2 0.000962 0.126262 0.865453 0.002483 0.004841
2 2 0.001387 0.038022 0.921810 0.034648 0.004133
2 2 0.002766 0.047784 0.912220 0.034972 0.002258
2 2 0.001063 0.035214 0.941577 0.020404 0.001742
2 2 0.000507 0.022727 0.951933 0.023483 0.001350
2 2 0.000806 0.016133 0.875533 0.105397 0.002132
2 2 0.000179 0.017642 0.965728 0.015565 0.000886
2 2 0.000384 0.016547 0.958924 0.023722 0.000423
2 2 0.000236 0.006516 0.841701 0.151136 0.000411
2 2 0.000196 0.014646 0.956831 0.028057 0.000269
2 2 0.000198 0.016314 0.962827 0.019309 0.001352
2 2 0.000835 0.031380 0.946777 0.019628 0.001380
2 2 0.000847 0.025823 0.942881 0.030278 0.000172
2 2 0.001147 0.025605 0.936049 0.036833 0.000366
2 2 0.000402 0.010400 0.940394 0.048213 0.000591
2 2 0.000180 0.017603 0.972866 0.008434 0.000915
2 2 0.002561 0.117502 0.860569 0.005484 0.013883
2 2 0.003634 0.311767 0.662530 0.000197 0.021872
2 2 0.004577 0.098349 0.874364 0.001644 0.021066
2 2 0.002825 0.279553 0.698581 0.000529 0.018511
2 2 0.003925 0.323050 0.648660 0.000596 0.023769
2 2 0.003443 0.104588 0.854818 0.028873 0.008278
2 2 0.001208 0.113767 0.859293 0.009327 0.016405
2 2 0.000844 0.119300 0.871861 0.001449 0.006546
2 2 0.002285 0.171592 0.803325 0.005467 0.017332
2 2 0.003235 0.129375 0.855412 0.003647 0.008332
1 2 0.013821 0.530327 0.396292 0.000040 0.059520
1 2 0.031599 0.627217 0.304933 0.000101 0.036150
2 2 0.003536 0.415224 0.541262 0.000366 0.039612
2 2 0.003240 0.342507 0.611687 0.004009 0.038558
2 2 0.002430 0.081381 0.884758 0.003838 0.027592
2 2 0.000316 0.025437 0.967356 0.005034 0.001857
2 2 0.002161 0.081853 0.899580 0.014390 0.002017
2 2 0.000274 0.020254 0.972249 0.005809 0.001413
2 2 0.000123 0.014200 0.981191 0.003890 0.000596
2 2 0.006697 0.258834 0.725398 0.007236 0.001834
2 2 0.020729 0.476084 0.479016 0.000363 0.023808
2 2 0.011962 0.395957 0.555827 0.000782 0.035471
2 2 0.002553 0.281728 0.702050 0.002284 0.011384
2 2 0.000835 0.057118 0.924525 0.009241 0.008281
2 2 0.001203 0.165369 0.811825 0.005191 0.016412
2 2 0.000996 0.029761 0.950249 0.016549 0.002444
2 2 0.000184 0.024867 0.962707 0.010106 0.002136
2 2 0.000623 0.020993 0.959717 0.017857 0.000809
2 2 0.001154 0.022294 0.937410 0.038365 0.000777
2 2 0.000138 0.007841 0.966384 0.025330 0.000307
2 2 0.004001 0.309433 0.659034 0.000963 0.026568
1 2 0.067914 0.651940 0.257240 0.000268 0.022637
2 2 0.013451 0.462516 0.468668 0.000518 0.054847
2 2 0.005502 0.242728 0.720674 0.001276 0.029820
2 2 0.005128 0.159686 0.809133 0.000175 0.025878
1 2 0.075720 0.563427 0.167428 0.000008 0.193417
1 2 0.064037 0.567314 0.203965 0.000022 0.164662
1 2 0.119717 0.464293 0.173871 0.000025 0.242095
1 2 0.131898 0.475787 0.130912 0.000004 0.261398
1 2 0.074128 0.470500 0.128005 0.000017 0.327350
1 2 0.019051 0.707476 0.199088 0.000005 0.074379
1 1 0.013688 0.544977 0.322062 0.000073 0.119201
2 1 0.004805 0.399532 0.516115 0.001267 0.078281
1 1 0.014113 0.657517 0.212425 0.000055 0.115890
1 1 0.008129 0.534612 0.327328 0.000401 0.129529
2 2 0.003745 0.084370 0.885446 0.007197 0.019242
1 2 0.010255 0.511417 0.431861 0.000262 0.046205
1 2 0.005075 0.482298 0.463281 0.001897 0.047449
2 2 0.003496 0.138203 0.826267 0.004765 0.027270
2 2 0.004607 0.177321 0.793890 0.000518 0.023664
1 2 0.050203 0.475999 0.266133 0.000584 0.207081
1 2 0.058912 0.589443 0.194645 0.000014 0.156986
1 2 0.047016 0.528623 0.230103 0.000173 0.194086
1 2 0.078538 0.505763 0.228828 0.000043 0.186827
1 0 0.135252 0.514397 0.194699 0.000048 0.155604
0 0 0.450210 0.129076 0.031366 0.000001 0.389346
4 0 0.363602 0.121697 0.056194 0.003217 0.455290
4 0 0.197916 0.153593 0.040393 0.000010 0.608088
4 0 0.319760 0.147270 0.081913 0.006101 0.444956
0 0 0.492907 0.100452 0.052027 0.020220 0.334394
0 0 0.532946 0.099141 0.051917 0.058340 0.257656
0 0 0.774620 0.084979 0.038880 0.000093 0.101429
0 0 0.842105 0.067255 0.017630 0.000003 0.073006
0 0 0.760371 0.074486 0.051433 0.002678 0.111031
4 0 0.404837 0.124590 0.055053 0.000311 0.415209
1 0 0.087498 0.468455 0.304499 0.000105 0.139441
1 0 0.075756 0.554391 0.185528 0.000014 0.184310
1 0 0.057616 0.613371 0.172596 0.000005 0.156411
1 0 0.097665 0.551362 0.240669 0.000131 0.110173
1 0 0.094276 0.448117 0.248728 0.000068 0.208812
0 0 0.603838 0.175085 0.099076 0.000679 0.121322
4 0 0.275456 0.185211 0.056275 0.000008 0.483050
4 0 0.150767 0.245164 0.062906 0.000011 0.541152
4 0 0.098020 0.197342 0.049453 0.000031 0.655154
4 0 0.166745 0.299041 0.102365 0.000267 0.431583
4 0 0.203134 0.081593 0.044304 0.000938 0.670030
4 0 0.145579 0.161986 0.068363 0.000314 0.623757
4 0 0.158522 0.153235 0.042337 0.000023 0.645882
4 0 0.061826 0.081325 0.019987 0.000116 0.836746
4 0 0.075286 0.165064 0.031575 0.000015 0.728060
2 0 0.043062 0.292218 0.485127 0.001778 0.177815
1 0 0.044580 0.410982 0.297623 0.001407 0.245408
1 0 0.045859 0.575215 0.184308 0.000029 0.194590
1 0 0.067439 0.535039 0.206560 0.000044 0.190918
1 0 0.037026 0.504874 0.314049 0.001031 0.143020
1 0 0.100622 0.498433 0.182448 0.000023 0.218475
1 0 0.061464 0.462781 0.246828 0.000549 0.228379
1 0 0.064909 0.552193 0.175257 0.000018 0.207623
1 0 0.064001 0.460966 0.230364 0.000409 0.244260
1 0 0.117512 0.427202 0.202490 0.000037 0.252759
1 0 0.087164 0.517076 0.196314 0.000029 0.199418
1 0 0.048397 0.564011 0.149111 0.000014 0.238468
1 0 0.082018 0.484902 0.153077 0.000024 0.279979
1 0 0.100014 0.500550 0.181601 0.000022 0.217813
1 0 0.039511 0.585268 0.200589 0.000043 0.174589
1 0 0.039437 0.429330 0.295454 0.001111 0.234668
2 0 0.125102 0.298363 0.308718 0.001418 0.266399
1 0 0.101307 0.536893 0.221885 0.000076 0.139838
1 0 0.081589 0.486327 0.294720 0.000595 0.136769
1 0 0.062836 0.452614 0.226859 0.000486 0.257205
1 0 0.079746 0.411760 0.170514 0.000199 0.337781
1 0 0.059908 0.464904 0.205145 0.000115 0.269929
1 0 0.052948 0.505826 0.293955 0.000122 0.147149
1 0 0.043836 0.520487 0.165834 0.000066 0.269776
1 0 0.035021 0.570172 0.167957 0.000040 0.226810
1 0 0.055187 0.480778 0.150121 0.000057 0.313857
1 0 0.104741 0.406754 0.187253 0.000180 0.301072
0 0 0.395733 0.283540 0.171410 0.000897 0.148420
1 0 0.103769 0.434530 0.218409 0.000185 0.243107
2 0 0.140207 0.288221 0.292584 0.002234 0.276754
0 0 0.312503 0.256265 0.123908 0.000352 0.306972
4 0 0.276079 0.264039 0.055793 0.000001 0.404089
4 0 0.315285 0.190693 0.043427 0.000001 0.450594
0 0 0.364486 0.261488 0.138422 0.000546 0.235058
4 0 0.172653 0.299950 0.111890 0.000046 0.415460
0 0 0.461542 0.278299 0.190487 0.004243 0.065428
1 0 0.243489 0.332866 0.265995 0.003985 0.153666
0 0 0.489801 0.310305 0.161656 0.001614 0.036624
1 0 0.193900 0.413390 0.221385 0.000357 0.170969
1 0 0.245251 0.422791 0.231005 0.000780 0.100173
1 0 0.100459 0.498923 0.182309 0.000022 0.218287
1 0 0.135819 0.510240 0.227889 0.000155 0.125897
1 0 0.055539 0.603233 0.189621 0.000010 0.151597
1 0 0.058549 0.574093 0.187833 0.000018 0.179508
1 1 0.053996 0.561807 0.157183 0.000014 0.227000
1 1 0.068419 0.606962 0.228658 0.000053 0.095908
1 1 0.047319 0.620235 0.189178 0.000010 0.143258
1 1 0.022617 0.649852 0.245626 0.000031 0.081874
1 1 0.040441 0.615447 0.221174 0.000015 0.122923
1 1 0.024394 0.579067 0.221883 0.000186 0.174469
1 1 0.019920 0.467474 0.437310 0.000088 0.075208
1 1 0.030789 0.664141 0.202450 0.000009 0.102611
1 1 0.021563 0.684039 0.213999 0.000010 0.080388
1 1 0.006035 0.668642 0.258045 0.000192 0.067086
1 1 0.007701 0.641391 0.241759 0.000364 0.108785
1 1 0.009534 0.606037 0.337576 0.000014 0.046839
2 2 0.004714 0.440130 0.489546 0.001949 0.063661
2 2 0.004116 0.295761 0.645134 0.001001 0.053987
1 2 0.010742 0.584943 0.353657 0.000019 0.050639
1 2 0.009449 0.512799 0.383109 0.000106 0.094538
2 2 0.000255 0.086811 0.910219 0.000950 0.001766
2 2 0.000574 0.183447 0.812531 0.000948 0.002500
2 2 0.000154 0.059270 0.937997 0.000788 0.001791
2 2 0.000139 0.043377 0.953890 0.001021 0.001573
2 2 0.000267 0.030725 0.963580 0.003125 0.002303
2 2 0.000103 0.045007 0.952948 0.000645 0.001297
2 2 0.000246 0.112185 0.884207 0.000595 0.002767
2 2 0.000142 0.046868 0.950418 0.000953 0.001619
2 2 0.000325 0.128912 0.866666 0.000672 0.003425
2 2 0.000281 0.123544 0.872657 0.000404 0.003114
2 2 0.000258 0.062745 0.933138 0.001287 0.002571
2 2 0.000072 0.023032 0.974957 0.001049 0.000890
2 2 0.000099 0.046041 0.951944 0.000656 0.001260
2 2 0.000129 0.042776 0.954645 0.000959 0.001492
2 2 0.000409 0.030469 0.959549 0.007327 0.002246
2 2 0.000040 0.012503 0.985847 0.001414 0.000196
2 2 0.000083 0.010854 0.981375 0.007631 0.000057
2 2 0.000033 0.004841 0.990023 0.005074 0.000029
2 2 0.000023 0.004020 0.992305 0.003609 0.000043
2 0 0.002475 0.052531 0.888467 0.056416 0.000111
2 0 0.000461 0.025337 0.955371 0.018769 0.000062
2 0 0.000270 0.021350 0.967213 0.011092 0.000075
2 0 0.000183 0.012364 0.975261 0.012107 0.000085
2 2 0.000237 0.012716 0.972236 0.014684 0.000127
2 2 0.000268 0.015089 0.969428 0.015118 0.000097
2 2 0.000457 0.009341 0.934013 0.056067 0.000122
2 3 0.000085 0.001586 0.872590 0.125704 0.000034
2 3 0.000183 0.004845 0.894108 0.100756 0.000107
3 3 0.000037 0.000534 0.445454 0.553953 0.000021
2 3 0.000112 0.001921 0.884444 0.113473 0.000050
3 3 0.000466 0.004211 0.437792 0.556683 0.000849
3 3 0.000427 0.002506 0.277812 0.718819 0.000436
3 3 0.000191 0.001053 0.245038 0.753591 0.000128
3 3 0.000101 0.000709 0.312424 0.686689 0.000078
3 3 0.000037 0.000332 0.189034 0.810549 0.000048
3 3 0.000057 0.000230 0.047134 0.952501 0.000079
3 3 0.000020 0.000120 0.038469 0.961361 0.000031
3 3 0.000062 0.000323 0.032859 0.966582 0.000174
3 3 0.000056 0.000268 0.039984 0.959599 0.000092
3 3 0.000050 0.000199 0.037771 0.961870 0.000110
3 3 0.000511 0.001558 0.042923 0.953655 0.001354
3 3 0.000099 0.000171 0.006565 0.993008 0.000157
3 3 0.000035 0.000071 0.004249 0.995606 0.000039
3 3 0.000053 0.000142 0.010775 0.988942 0.000088
3 3 0.000019 0.000032 0.005551 0.994385 0.000013
3 3 0.000041 0.000054 0.001964 0.997896 0.000045
3 3 0.000025 0.000041 0.001729 0.998162 0.000042
3 3 0.000016 0.000019 0.001341 0.998616 0.000008
3 3 0.000012 0.000017 0.001199 0.998760 0.000012
3 3 0.000068 0.000083 0.002034 0.997739 0.000076
3 3 0.000330 0.000329 0.002078 0.996847 0.000416
3 3 0.000052 0.000073 0.001693 0.998101 0.000081
3 3 0.000100 0.000086 0.000425 0.999276 0.000113
3 3 0.000077 0.000051 0.000519 0.999318 0.000036
3 3 0.000058 0.000040 0.000310 0.999557 0.000034
3 3 0.000127 0.000074 0.000353 0.999383 0.000064
3 3 0.000036 0.000021 0.000209 0.999721 0.000013
3 3 0.000130 0.000109 0.000904 0.998751 0.000106
3 3 0.000064 0.000051 0.000388 0.999445 0.000051
3 3 0.000014 0.000014 0.000330 0.999629 0.000013
3 3 0.000042 0.000045 0.000732 0.999137 0.000044
3 3 0.000860 0.000595 0.002238 0.995691 0.000616
3 3 0.000102 0.000082 0.000891 0.998857 0.000067
3 3 0.000033 0.000031 0.000399 0.999505 0.000031
3 3 0.000016 0.000020 0.000577 0.999369 0.000019
3 3 0.000064 0.000051 0.000377 0.999455 0.000053
3 3 0.000329 0.000126 0.000573 0.998903 0.000068
3 3 0.000274 0.000169 0.000762 0.998644 0.000152
3 3 0.000155 0.000075 0.000287 0.999423 0.000059
3 3 0.000199 0.000139 0.000782 0.998750 0.000131
3 3 0.000132 0.000098 0.000631 0.999045 0.000094
3 3 0.000165 0.000113 0.000510 0.999093 0.000118
3 3 0.000031 0.000023 0.000331 0.999599 0.000017
3 3 0.000090 0.000079 0.000475 0.999260 0.000097
3 3 0.000038 0.000031 0.000405 0.999500 0.000026
3 3 0.000191 0.000143 0.000762 0.998755 0.000149
3 3 0.000080 0.000051 0.000402 0.999428 0.000039
3 3 0.000021 0.000022 0.000409 0.999526 0.000022
3 3 0.000116 0.000073 0.000785 0.998980 0.000046
3 3 0.000130 0.000095 0.000605 0.999079 0.000091
3 3 0.000169 0.000081 0.000271 0.999411 0.000068
3 3 0.000069 0.000043 0.000473 0.999388 0.000028
3 3 0.000270 0.000109 0.000262 0.999272 0.000086
3 3 0.000118 0.000043 0.000162 0.999650 0.000026
3 3 0.000130 0.000080 0.000263 0.999441 0.000087
3 3 0.000017 0.000013 0.000192 0.999767 0.000011
3 3 0.000116 0.000072 0.000430 0.999322 0.000060
3 3 0.000125 0.000092 0.000319 0.999343 0.000120
3 3 0.000020 0.000013 0.000133 0.999823 0.000010
3 3 0.000126 0.000110 0.000665 0.998970 0.000130
3 3 0.000257 0.000718 0.063920 0.935077 0.000027
3 3 0.000320 0.001285 0.102554 0.895506 0.000334
2 2 0.023186 0.042446 0.565498 0.367035 0.001835
2 2 0.010138 0.020617 0.522432 0.444142 0.002671
3 2 0.005473 0.018560 0.365833 0.606258 0.003875
2 2 0.005700 0.087607 0.757267 0.114125 0.035300
2 2 0.005249 0.061481 0.742465 0.181895 0.008910
2 2 0.004453 0.037468 0.679743 0.259223 0.019112
2 2 0.024039 0.366377 0.580421 0.007554 0.021609
2 2 0.007887 0.108925 0.768225 0.095711 0.019252
2 2 0.003364 0.083681 0.873315 0.020131 0.019510
2 2 0.003797 0.278101 0.664478 0.009810 0.043815
2 2 0.002109 0.255164 0.712027 0.005052 0.025648
2 2 0.004454 0.394475 0.575359 0.000336 0.025376
2 2 0.008064 0.260268 0.694284 0.000434 0.036950
1 2 0.064474 0.456449 0.082858 0.000003 0.396216
1 1 0.094693 0.468274 0.140766 0.000016 0.296252
1 1 0.062230 0.493035 0.084970 0.000002 0.359763
4 1 0.054583 0.343031 0.211389 0.000534 0.390464
1 1 0.073027 0.455826 0.098385 0.000006 0.372756
4 1 0.059534 0.205606 0.027157 0.000002 0.707702
4 1 0.087464 0.158861 0.032724 0.000014 0.720936
4 0 0.289893 0.202659 0.038160 0.000000 0.469287
4 0 0.112904 0.116115 0.020078 0.000003 0.750899
4 0 0.113973 0.117703 0.017562 0.000001 0.750760
4 0 0.079055 0.149312 0.018937 0.000001 0.752695
4 0 0.063048 0.106048 0.015636 0.000004 0.815264
4 0 0.066596 0.093131 0.011433 0.000001 0.828839
4 0 0.132445 0.205501 0.031591 0.000001 0.630462
4 0 0.023193 0.068487 0.013155 0.000120 0.895044
4 0 0.085457 0.098476 0.030260 0.000181 0.785626
4 0 0.164230 0.147755 0.047942 0.000055 0.640018
4 0 0.110084 0.153970 0.080745 0.004740 0.650461
0 0 0.420945 0.321945 0.127161 0.000105 0.129844
0 0 0.330713 0.263852 0.103214 0.001026 0.301195
4 0 0.105436 0.187896 0.023454 0.000000 0.683213
4 0 0.076645 0.143761 0.010919 0.000000 0.768676
4 2 0.054970 0.195010 0.019340 0.000000 0.730679
4 4 0.029774 0.081289 0.014044 0.000041 0.874851
4 4 0.026069 0.081474 0.012655 0.000027 0.879775
4 4 0.037789 0.010037 0.001180 0.000006 0.950987
4 4 0.066416 0.045430 0.002853 0.000000 0.885301
4 4 0.050875 0.014430 0.001062 0.000000 0.933633
4 4 0.029839 0.010932 0.000887 0.000000 0.958342
4 4 0.054742 0.044959 0.005230 0.000001 0.895068
4 4 0.045267 0.399020 0.145891 0.000386 0.409435
4 4 0.047103 0.320315 0.146098 0.001998 0.484487
4 4 0.078902 0.406160 0.065643 0.000001 0.449294
1 4 0.062717 0.428673 0.127747 0.000055 0.380808
1 4 0.066741 0.438527 0.111233 0.000019 0.383480
4 4 0.034487 0.278226 0.053830 0.000036 0.633421
4 4 0.053153 0.384561 0.075994 0.000011 0.486281
1 4 0.053479 0.514922 0.096033 0.000003 0.335562
4 4 0.022093 0.434568 0.062450 0.000007 0.480883
4 4 0.092512 0.366956 0.088476 0.000012 0.452044
1 4 0.156118 0.431967 0.167142 0.000033 0.244740
1 4 0.053975 0.619728 0.176514 0.000006 0.149777
1 1 0.030221 0.590115 0.199608 0.000067 0.179990
1 1 0.028646 0.578098 0.156655 0.000037 0.236564
1 1 0.024241 0.589478 0.203892 0.000114 0.182275
1 1 0.031668 0.544317 0.251895 0.000358 0.171763
1 1 0.041058 0.519564 0.251499 0.000179 0.187700
1 1 0.037314 0.559364 0.249102 0.000008 0.154212
1 0 0.058041 0.587237 0.199556 0.000016 0.155151
1 0 0.040896 0.376693 0.347908 0.000566 0.233937
1 0 0.019185 0.654132 0.253660 0.000035 0.072987
1 0 0.016721 0.574757 0.294391 0.000692 0.113439
1 0 0.010693 0.653713 0.247054 0.000071 0.088469
1 0 0.038618 0.631486 0.210203 0.000011 0.119683
1 0 0.020031 0.455168 0.397908 0.001212 0.125681
2 0 0.027065 0.404470 0.411589 0.000263 0.156613
1 0 0.019086 0.617373 0.222331 0.000063 0.141146
1 0 0.047920 0.470258 0.339281 0.000238 0.142304
1 0 0.061376 0.464600 0.372012 0.000150 0.101862
1 0 0.118162 0.644558 0.201251 0.000064 0.035965
1 0 0.048494 0.613441 0.203802 0.000015 0.134249
1 0 0.155896 0.427774 0.131094 0.000007 0.285229
0 0 0.416309 0.122874 0.051621 0.000005 0.409190
0 0 0.416315 0.122871 0.051618 0.000005 0.409190
0 0 0.416315 0.122871 0.051618 0.000005 0.409190
0 0 0.458444 0.097389 0.027113 0.000001 0.417052
4 0 0.360519 0.133587 0.070952 0.000004 0.434937
1 1 0.033745 0.534533 0.215222 0.000245 0.216255
1 1 0.053968 0.427683 0.367633 0.000253 0.150462
1 1 0.064483 0.516328 0.143539 0.000009 0.275641
1 1 0.011300 0.606013 0.196696 0.000083 0.185907
1 1 0.030858 0.690540 0.139590 0.000002 0.139010
1 1 0.027642 0.498700 0.332912 0.000012 0.140733
1 1 0.009516 0.664357 0.172678 0.000064 0.153385
1 1 0.006565 0.657626 0.174446 0.000152 0.161211
1 1 0.016968 0.636611 0.174493 0.000016 0.171912
1 1 0.019927 0.602734 0.212150 0.000055 0.165135
1 1 0.017359 0.666615 0.135250 0.000008 0.180769
1 1 0.072858 0.505036 0.245451 0.000073 0.176581
1 1 0.034146 0.659772 0.163183 0.000005 0.142894
1 1 0.007058 0.719285 0.157009 0.000019 0.116629
1 1 0.008813 0.683280 0.145822 0.000026 0.162059
1 1 0.006893 0.641613 0.237405 0.000025 0.114065
1 1 0.040144 0.644076 0.190850 0.000004 0.124927
1 1 0.033989 0.630566 0.188274 0.000016 0.147155
1 1 0.006664 0.575369 0.371292 0.000054 0.046621
1 1 0.004725 0.681224 0.235673 0.000061 0.078317
1 1 0.003537 0.650473 0.278224 0.000098 0.067668
1 1 0.003304 0.549287 0.375028 0.000628 0.071753
2 2 0.004912 0.197940 0.739149 0.000412 0.057588
2 2 0.000374 0.183108 0.812022 0.000491 0.004005
2 2 0.000245 0.068005 0.928445 0.000764 0.002540
2 2 0.000320 0.103724 0.891428 0.000989 0.003539
1 2 0.011974 0.610262 0.372919 0.001506 0.003339
2 2 0.000660 0.077528 0.916147 0.000289 0.005376
2 2 0.000117 0.039359 0.957946 0.001082 0.001495
2 2 0.000124 0.045880 0.951686 0.000842 0.001468
2 2 0.000091 0.047574 0.950567 0.000574 0.001195
2 2 0.000122 0.067146 0.930649 0.000523 0.001559
2 2 0.000412 0.084674 0.911093 0.001711 0.002110
2 2 0.001342 0.110041 0.880907 0.006800 0.000909
2 2 0.000538 0.054896 0.938225 0.003801 0.002540
2 2 0.000918 0.078451 0.912645 0.004548 0.003438
2 2 0.000259 0.083391 0.913333 0.001178 0.001838
2 2 0.000256 0.047513 0.949181 0.000551 0.002499
2 2 0.000204 0.022117 0.972654 0.004322 0.000703
2 2 0.000336 0.097032 0.899646 0.001170 0.001815
2 2 0.000190 0.052647 0.944286 0.001192 0.001684
2 2 0.000424 0.049838 0.944050 0.003150 0.002538
2 2 0.000261 0.057364 0.939691 0.002055 0.000629
2 2 0.000696 0.183668 0.810037 0.003307 0.002293
2 2 0.000197 0.051620 0.944916 0.001210 0.002058
2 2 0.000332 0.053914 0.940749 0.002034 0.002970
2 2 0.000217 0.029869 0.965154 0.003605 0.001156
2 2 0.000667 0.074286 0.919619 0.004457 0.000970
2 2 0.014635 0.147105 0.794418 0.039727 0.004115
2 2 0.002827 0.079653 0.894454 0.014378 0.008688
2 2 0.020731 0.213798 0.705646 0.055392 0.004433
2 2 0.013017 0.205770 0.743896 0.029312 0.008005
2 2 0.001856 0.033786 0.933439 0.024225 0.006693
2 2 0.001169 0.039310 0.940593 0.017759 0.001169
2 2 0.003289 0.052889 0.901604 0.040358 0.001860
2 2 0.001526 0.100860 0.888248 0.006977 0.002389
2 2 0.004269 0.101288 0.865321 0.027566 0.001556
2 2 0.001566 0.060330 0.922526 0.013205 0.002373
2 2 0.001651 0.069457 0.914580 0.011658 0.002654
2 2 0.002401 0.139988 0.846992 0.008110 0.002509
2 2 0.001424 0.088730 0.897284 0.005724 0.006838
2 2 0.005875 0.083829 0.867376 0.037789 0.005131
2 2 0.002769 0.081749 0.846724 0.055944 0.012814
2 2 0.002375 0.204899 0.751951 0.028097 0.012678
2 2 0.001616 0.086772 0.882152 0.024860 0.004600
2 2 0.000496 0.073392 0.918716 0.003581 0.003814
2 2 0.000850 0.072196 0.903846 0.012016 0.011092
2 2 0.000477 0.069924 0.924260 0.001524 0.003816
2 2 0.000828 0.055030 0.926118 0.008278 0.009745
2 2 0.004492 0.125998 0.850632 0.005494 0.013384
2 2 0.007752 0.143755 0.809128 0.024579 0.014786
2 2 0.021459 0.349732 0.575602 0.044668 0.008538
2 1 0.049221 0.275867 0.638779 0.020714 0.015419
1 1 0.026804 0.684437 0.194908 0.000006 0.093845
1 1 0.006432 0.558369 0.352485 0.000755 0.081959
1 1 0.003502 0.657110 0.256270 0.000836 0.082282
1 1 0.007103 0.665791 0.200933 0.000158 0.126016
2 2 0.003514 0.397862 0.461999 0.012523 0.124102
2 2 0.000277 0.070899 0.914394 0.006248 0.008182
2 2 0.000299 0.061727 0.932203 0.002195 0.003576
2 2 0.000623 0.086244 0.894850 0.007748 0.010535
2 2 0.000394 0.095120 0.898567 0.001564 0.004354
2 2 0.000796 0.055223 0.928786 0.010708 0.004486
1 2 0.097168 0.477005 0.179594 0.000038 0.246195
1 2 0.095407 0.447305 0.189991 0.000098 0.267199
1 2 0.027133 0.571167 0.234895 0.000213 0.166593
1 2 0.039289 0.582301 0.180619 0.000032 0.197759
1 2 0.078960 0.567231 0.162633 0.000006 0.191171
1 1 0.031865 0.526233 0.240797 0.000483 0.200622
1 0 0.316350 0.321346 0.260254 0.007109 0.094941
1 0 0.306254 0.454056 0.156514 0.000073 0.083102
1 0 0.126675 0.398214 0.155104 0.000055 0.319951
0 0 0.410953 0.333408 0.198850 0.002476 0.054313
1 0 0.106536 0.509954 0.216730 0.000075 0.166705
1 1 0.028821 0.612437 0.219369 0.000054 0.139319
1 1 0.047428 0.599170 0.178679 0.000014 0.174709
1 1 0.077846 0.528582 0.208323 0.000036 0.185213
1 1 0.029742 0.566409 0.239030 0.000207 0.164612
1 1 0.044158 0.643848 0.180629 0.000005 0.131360
1 1 0.007610 0.610301 0.158175 0.000229 0.223685
1 1 0.006670 0.656806 0.135296 0.000056 0.201172
1 1 0.015880 0.618430 0.139567 0.000013 0.226109
1 1 0.020468 0.616797 0.194207 0.000071 0.168458
1 1 0.051311 0.498030 0.083735 0.000002 0.366922
1 1 0.032202 0.512793 0.107609 0.000017 0.347380
1 1 0.036302 0.496374 0.067424 0.000001 0.399899
1 1 0.041427 0.547366 0.085855 0.000002 0.325351
1 1 0.061506 0.569988 0.122707 0.000003 0.245795
4 1 0.086777 0.272864 0.038986 0.000001 0.601371
4 1 0.122142 0.157177 0.034784 0.000011 0.685887
4 1 0.058264 0.259091 0.050421 0.000015 0.632208
4 1 0.036804 0.247218 0.050630 0.000050 0.665297
4 4 0.146770 0.216055 0.125794 0.050664 0.460716
4 4 0.102968 0.210856 0.034670 0.000002 0.651503
4 4 0.085557 0.173282 0.044169 0.000620 0.696371
4 4 0.028714 0.174427 0.037367 0.000129 0.759362
4 4 0.035092 0.121985 0.013008 0.000002 0.829914
4 4 0.075050 0.126334 0.023583 0.000011 0.775021
4 4 0.038073 0.026680 0.005614 0.000084 0.929548
4 4 0.061799 0.024739 0.004739 0.000608 0.908114
4 4 0.044905 0.040203 0.004383 0.000001 0.910507
4 4 0.044754 0.074038 0.011712 0.000012 0.869485
4 4 0.054117 0.036972 0.007284 0.000106 0.901522
4 4 0.037445 0.040271 0.011056 0.000577 0.910651
4 4 0.068411 0.058264 0.010017 0.000009 0.863300
4 4 0.029305 0.021894 0.003633 0.000031 0.945136
4 4 0.081759 0.030457 0.004851 0.000009 0.882923
4 4 0.032632 0.122592 0.010814 0.000001 0.833961
4 4 0.046963 0.135669 0.048499 0.005522 0.763346
4 4 0.026793 0.078120 0.017737 0.000253 0.877097
4 4 0.034371 0.169266 0.022728 0.000006 0.773629
4 4 0.044775 0.144288 0.023011 0.000011 0.787915
4 4 0.052526 0.189210 0.029158 0.000006 0.729100
4 4 0.070420 0.054335 0.013463 0.000135 0.861646
4 4 0.040802 0.034079 0.007608 0.000108 0.917402
4 4 0.067409 0.038826 0.006406 0.000007 0.887352
4 4 0.165376 0.035231 0.007569 0.000203 0.791621
4 4 0.122535 0.054723 0.017408 0.006590 0.798745
4 4 0.032915 0.033503 0.006354 0.000065 0.927162
4 4 0.058368 0.136878 0.009899 0.000000 0.794855
4 4 0.053608 0.043514 0.004042 0.000000 0.898836
4 4 0.032255 0.019726 0.003126 0.000020 0.944873
4 4 0.038179 0.055059 0.010261 0.000042 0.896459
4 4 0.029874 0.135785 0.046691 0.000752 0.786899
4 4 0.029264 0.215089 0.035900 0.000025 0.719722
4 4 0.087238 0.129759 0.043516 0.000269 0.739219
4 4 0.034977 0.099456 0.018205 0.000042 0.847319
4 4 0.031726 0.217615 0.037744 0.000027 0.712888
4 4 0.023194 0.234647 0.034434 0.000017 0.707708
4 4 0.057149 0.115080 0.014224 0.000002 0.813546
4 4 0.029514 0.136675 0.019679 0.000013 0.814119
4 4 0.043705 0.196394 0.033383 0.000015 0.726503
4 4 0.029089 0.204073 0.035754 0.000035 0.731048
1 4 0.053820 0.520133 0.181184 0.000064 0.244800
1 4 0.048561 0.630632 0.187306 0.000046 0.133455
1 4 0.012632 0.533984 0.139785 0.000235 0.313364
1 4 0.009666 0.477599 0.116965 0.000427 0.395343
1 4 0.011126 0.551424 0.148996 0.000287 0.288167
1 4 0.138939 0.466238 0.125174 0.000003 0.269646
1 4 0.028967 0.578434 0.125103 0.000013 0.267482
1 1 0.027219 0.480398 0.078123 0.000007 0.414253
1 1 0.026218 0.521254 0.135832 0.000069 0.316627
1 1 0.040484 0.491191 0.089943 0.000006 0.378376
1 1 0.003365 0.533319 0.375802 0.001198 0.086316
1 1 0.009555 0.464587 0.422899 0.000687 0.102272
1 1 0.013465 0.552502 0.328313 0.001678 0.104042
2 1 0.007309 0.377590 0.531760 0.001505 0.081837
2 2 0.004822 0.425130 0.434073 0.017169 0.118807
1 2 0.007214 0.673659 0.165382 0.000006 0.153739
1 2 0.010930 0.497021 0.302757 0.000059 0.189233
1 2 0.009012 0.544301 0.262016 0.000775 0.183896
1 2 0.010926 0.619813 0.237282 0.000031 0.131948
1 2 0.015980 0.617565 0.209855 0.000084 0.156515
1 2 0.003574 0.651453 0.214718 0.000799 0.129456
1 2 0.004747 0.564743 0.326222 0.003398 0.100890
1 2 0.010101 0.678709 0.242157 0.000054 0.068978
1 2 0.008371 0.533888 0.368132 0.000961 0.088648
1 2 0.008966 0.521101 0.381330 0.000118 0.088486
1 2 0.010356 0.532524 0.340682 0.000194 0.116244
1 2 0.007257 0.584297 0.334021 0.000308 0.074118
2 2 0.004009 0.406321 0.537952 0.000379 0.051338
1 2 0.011117 0.451660 0.397638 0.000927 0.138658
1 2 0.004022 0.522193 0.406380 0.000063 0.067343
2 1 0.012561 0.185037 0.781667 0.007014 0.013721
2 1 0.010027 0.267526 0.679056 0.001616 0.041775
2 1 0.002124 0.131813 0.848268 0.004929 0.012866
2 1 0.001779 0.408679 0.564559 0.000792 0.024192
2 1 0.001464 0.374815 0.583913 0.004009 0.035799
2 1 0.003135 0.450651 0.461757 0.000696 0.083762
