0 0 0.930583 0.011623 0.013838 0.000469 0.043488
0 0 0.921298 0.012642 0.012451 0.000346 0.053262
0 0 0.891435 0.017434 0.016129 0.000448 0.074554
0 0 0.780456 0.016916 0.013167 0.000083 0.189378
0 0 0.776024 0.040964 0.020658 0.000123 0.162231
0 0 0.590605 0.026052 0.009287 0.000006 0.374050
0 0 0.883304 0.003816 0.002209 0.000003 0.110669
0 0 0.503242 0.009260 0.001823 0.000001 0.485674
0 0 0.836789 0.003786 0.002677 0.000002 0.156746
0 0 0.887257 0.002636 0.002704 0.000002 0.107401
0 0 0.949321 0.006428 0.009884 0.000192 0.034175
0 0 0.947426 0.007650 0.013166 0.000450 0.031309
0 0 0.958196 0.007916 0.013680 0.000329 0.019879
0 0 0.963181 0.005566 0.008600 0.000253 0.022400
0 0 0.964030 0.006796 0.010011 0.000536 0.018627
0 0 0.880225 0.013687 0.010780 0.000137 0.095171
0 0 0.926463 0.005914 0.006918 0.000049 0.060655
0 0 0.969290 0.003713 0.006007 0.000103 0.020887
0 0 0.953543 0.003967 0.005164 0.000040 0.037287
0 0 0.945992 0.005117 0.006376 0.000060 0.042455
0 0 0.993508 0.001207 0.002187 0.000122 0.002977
0 0 0.988392 0.001561 0.002845 0.000063 0.007138
0 0 0.987121 0.001485 0.002664 0.000040 0.008689
0 0 0.993941 0.000989 0.001865 0.000070 0.003134
0 0 0.984942 0.002901 0.003855 0.000184 0.008118
0 0 0.982668 0.002494 0.003733 0.000089 0.011017
0 0 0.962040 0.003773 0.005099 0.000053 0.029035
0 0 0.991047 0.001084 0.002086 0.000036 0.005748
0 0 0.987059 0.001520 0.002544 0.000039 0.008838
0 0 0.934565 0.005023 0.004399 0.000025 0.055988
0 0 0.879984 0.007048 0.006638 0.000025 0.106306
0 0 0.940963 0.003920 0.004367 0.000020 0.050730
0 0 0.988741 0.001370 0.002561 0.000045 0.007284
0 0 0.950459 0.002792 0.003397 0.000012 0.043341
0 0 0.941100 0.004188 0.004244 0.000022 0.050446
0 0 0.977051 0.002389 0.003680 0.000043 0.016837
0 0 0.991188 0.001235 0.002305 0.000057 0.005215
0 0 0.990884 0.001115 0.002135 0.000038 0.005829
0 0 0.992592 0.001182 0.002187 0.000076 0.003963
0 0 0.968862 0.002647 0.003060 0.000022 0.025409
0 0 0.993880 0.001217 0.002183 0.000155 0.002565
0 0 0.988306 0.001977 0.003420 0.000138 0.006158
0 0 0.993816 0.000951 0.001814 0.000058 0.003362
0 0 0.981259 0.003815 0.005954 0.000415 0.008558
0 0 0.988713 0.002321 0.003678 0.000260 0.005028
0 0 0.988062 0.001979 0.003431 0.000131 0.006397
0 0 0.981727 0.003494 0.005567 0.000318 0.008893
0 0 0.985229 0.002059 0.003619 0.000088 0.009006
0 0 0.986393 0.002716 0.004433 0.000297 0.006161
0 0 0.981289 0.003729 0.007383 0.000169 0.007430
0 0 0.989463 0.001608 0.002884 0.000088 0.005957
0 0 0.975245 0.002476 0.003418 0.000035 0.018826
0 0 0.988993 0.001605 0.002795 0.000074 0.006533
0 0 0.993182 0.000982 0.001853 0.000049 0.003934
0 0 0.992081 0.001375 0.002358 0.000099 0.004087
0 0 0.994245 0.000885 0.001702 0.000054 0.003113
0 0 0.989879 0.001356 0.002515 0.000055 0.006195
0 0 0.978304 0.003406 0.005566 0.000181 0.012543
0 0 0.980305 0.004134 0.005254 0.000321 0.009986
0 0 0.986304 0.001586 0.002927 0.000046 0.009138
0 0 0.960353 0.005151 0.006181 0.000109 0.028205
0 0 0.989110 0.001603 0.002887 0.000080 0.006320
0 0 0.969255 0.003289 0.003852 0.000043 0.023561
0 0 0.959572 0.004312 0.005804 0.000070 0.030242
0 0 0.979168 0.002824 0.004001 0.000081 0.013926
0 0 0.960033 0.005577 0.005785 0.000112 0.028493
0 0 0.963349 0.006485 0.009708 0.000528 0.019931
0 0 0.952967 0.008023 0.008246 0.000259 0.030504
0 0 0.920678 0.013855 0.007980 0.000215 0.057271
0 0 0.918241 0.015024 0.011359 0.000384 0.054991
0 0 0.645628 0.064987 0.020364 0.000595 0.268426
0 0 0.682068 0.041257 0.011221 0.000157 0.265297
0 0 0.723101 0.025342 0.014233 0.000117 0.237207
0 0 0.833383 0.029723 0.015107 0.000438 0.121348
0 0 0.558079 0.044800 0.013724 0.000129 0.383268
0 0 0.740408 0.081637 0.040257 0.005239 0.132459
0 0 0.494829 0.200999 0.036880 0.006639 0.260653
0 0 0.511151 0.252249 0.057340 0.005289 0.173970
0 0 0.437105 0.165692 0.050595 0.001547 0.345060
0 0 0.813589 0.051978 0.036800 0.004219 0.093413
0 0 0.945571 0.012027 0.014086 0.001026 0.027291
0 0 0.873891 0.017228 0.019226 0.000408 0.089246
0 1 0.812764 0.067145 0.026289 0.001897 0.091905
0 1 0.425328 0.292772 0.191034 0.002838 0.088028
0 0 0.558189 0.196411 0.135558 0.000804 0.109039
4 1 0.190536 0.238603 0.067213 0.000440 0.503208
4 4 0.218002 0.326695 0.108414 0.000613 0.346275
1 4 0.166183 0.458286 0.081667 0.001018 0.292846
4 4 0.170021 0.328567 0.078809 0.000215 0.422388
4 4 0.134341 0.335163 0.071358 0.000755 0.458383
4 4 0.117855 0.068025 0.008068 0.000020 0.806032
4 4 0.122355 0.054245 0.004876 0.000017 0.818507
4 4 0.084176 0.050692 0.003755 0.000009 0.861368
4 4 0.102444 0.064020 0.004286 0.000021 0.829229
4 4 0.088775 0.069218 0.007966 0.000003 0.834038
4 4 0.080452 0.384937 0.041281 0.000159 0.493172
4 4 0.122502 0.245233 0.027576 0.000124 0.604565
4 4 0.103929 0.314444 0.036793 0.000167 0.544667
4 4 0.096340 0.205930 0.027131 0.000040 0.670559
4 4 0.150243 0.208870 0.044487 0.000159 0.596242
4 4 0.129426 0.036219 0.004667 0.000010 0.829678
4 4 0.096938 0.035953 0.002964 0.000006 0.864139
4 4 0.081886 0.036684 0.003034 0.000003 0.878393
4 4 0.139939 0.055531 0.003348 0.000012 0.801171
4 4 0.070528 0.072698 0.005773 0.000003 0.850998
4 4 0.095471 0.087807 0.008774 0.000008 0.807940
4 4 0.055430 0.196922 0.016861 0.000003 0.730783
4 4 0.074259 0.138409 0.010263 0.000027 0.777042
4 4 0.083619 0.135429 0.012907 0.000013 0.768032
4 4 0.068766 0.175691 0.012485 0.000006 0.743051
4 4 0.064627 0.230404 0.023992 0.000010 0.680968
4 4 0.047424 0.171459 0.012029 0.000003 0.769085
4 4 0.047862 0.226965 0.024148 0.000001 0.701024
4 4 0.070625 0.192357 0.027548 0.000002 0.709468
4 4 0.065677 0.200882 0.036130 0.000001 0.697310
4 4 0.082808 0.023691 0.001107 0.000001 0.892393
4 4 0.095088 0.034770 0.002022 0.000003 0.868117
4 4 0.112841 0.070032 0.003016 0.000002 0.814108
4 4 0.124259 0.040339 0.002260 0.000005 0.833137
4 4 0.150656 0.045196 0.002885 0.000008 0.801255
4 4 0.054938 0.034397 0.001934 0.000001 0.908730
4 4 0.089941 0.032284 0.002015 0.000003 0.875758
4 4 0.042847 0.042467 0.002280 0.000000 0.912406
4 4 0.071934 0.045189 0.001821 0.000001 0.881056
4 4 0.075267 0.037217 0.002624 0.000003 0.884889
4 4 0.066917 0.033895 0.001988 0.000003 0.897196
4 4 0.035255 0.025108 0.000690 0.000001 0.938946
4 4 0.039617 0.020549 0.000852 0.000000 0.938982
4 4 0.043205 0.054486 0.004323 0.000000 0.897985
4 4 0.037946 0.044697 0.002848 0.000000 0.914509
4 4 0.027546 0.116838 0.010036 0.000000 0.845579
4 4 0.052896 0.048782 0.005295 0.000000 0.893026
4 4 0.029091 0.041957 0.001883 0.000000 0.927069
4 4 0.040857 0.079685 0.008243 0.000000 0.871215
4 4 0.042490 0.074198 0.009660 0.000000 0.873652
4 0 0.046388 0.342962 0.102657 0.000000 0.507993
4 1 0.049375 0.320045 0.096011 0.000000 0.534569
4 2 0.056620 0.330250 0.110613 0.000000 0.502517
4 2 0.060179 0.347410 0.140165 0.000000 0.452245
4 2 0.062307 0.371555 0.121848 0.000001 0.444288
4 2 0.044672 0.386931 0.157984 0.000000 0.410413
4 1 0.054953 0.348182 0.163867 0.000000 0.432998
1 1 0.063593 0.402107 0.172752 0.000001 0.361546
4 1 0.054424 0.355230 0.184126 0.000000 0.406220
1 1 0.056206 0.478346 0.190210 0.000007 0.275232
1 1 0.062294 0.456537 0.243198 0.000008 0.237963
1 1 0.070830 0.377926 0.228319 0.000001 0.322924
1 1 0.065171 0.401509 0.266800 0.000002 0.266519
1 2 0.062999 0.404106 0.360608 0.000005 0.172281
1 2 0.052742 0.428056 0.349863 0.000010 0.169329
2 2 0.048799 0.373383 0.448029 0.000016 0.129773
2 2 0.053133 0.338712 0.485854 0.000005 0.122296
2 2 0.059274 0.375098 0.441782 0.000008 0.123838
2 2 0.034788 0.292563 0.587976 0.000051 0.084621
2 2 0.026933 0.172612 0.724882 0.000069 0.075504
2 2 0.002569 0.031385 0.958571 0.000450 0.007025
2 2 0.000831 0.028996 0.961718 0.003974 0.004481
2 2 0.005940 0.050542 0.934763 0.001487 0.007268
2 2 0.001927 0.049230 0.934733 0.009382 0.004729
2 2 0.001634 0.043049 0.948173 0.002443 0.004702
2 2 0.000256 0.012587 0.939142 0.047078 0.000937
2 2 0.000576 0.014981 0.920609 0.062611 0.001222
2 2 0.000552 0.020533 0.912016 0.064391 0.002509
2 2 0.000629 0.021025 0.926737 0.049848 0.001760
2 2 0.000332 0.014006 0.917768 0.066620 0.001274
2 2 0.000136 0.004791 0.623091 0.371341 0.000641
3 2 0.000289 0.006020 0.457517 0.535022 0.001152
2 3 0.000207 0.005931 0.552915 0.439859 0.001089
2 3 0.000167 0.005109 0.532564 0.461198 0.000962
3 3 0.000278 0.005646 0.385034 0.607539 0.001503
3 3 0.000644 0.004698 0.191519 0.802183 0.000956
3 3 0.000273 0.002087 0.113789 0.883355 0.000496
3 3 0.000398 0.002544 0.120646 0.875898 0.000514
3 3 0.001230 0.004358 0.108746 0.884812 0.000854
3 3 0.000232 0.001879 0.107523 0.889882 0.000483
3 3 0.000078 0.000646 0.059786 0.939343 0.000147
3 3 0.000430 0.001555 0.063963 0.933800 0.000251
3 3 0.000306 0.001970 0.108535 0.888828 0.000361
3 3 0.000144 0.000994 0.069130 0.929515 0.000218
3 3 0.001283 0.004130 0.120012 0.874059 0.000516
3 3 0.000107 0.000802 0.059630 0.939253 0.000208
3 3 0.000199 0.001069 0.055996 0.942466 0.000269
3 3 0.000112 0.000721 0.049098 0.949877 0.000192
3 3 0.000134 0.000602 0.034190 0.964924 0.000150
3 3 0.000733 0.002951 0.104474 0.891379 0.000462
3 3 0.000255 0.001640 0.080842 0.916815 0.000447
3 3 0.000218 0.001178 0.058448 0.939844 0.000311
3 3 0.000099 0.000721 0.049421 0.949525 0.000233
3 3 0.000237 0.001090 0.048148 0.950224 0.000300
3 3 0.000270 0.001013 0.041853 0.956620 0.000243
3 3 0.000104 0.000515 0.033628 0.965627 0.000126
3 3 0.000119 0.000574 0.034360 0.964797 0.000150
3 3 0.000089 0.000438 0.028841 0.970512 0.000119
3 3 0.000107 0.000351 0.018974 0.980480 0.000088
3 3 0.000284 0.000870 0.037392 0.961300 0.000154
3 3 0.000085 0.000359 0.023097 0.976367 0.000092
3 3 0.000052 0.000190 0.014353 0.985361 0.000044
3 3 0.000037 0.000248 0.028354 0.971307 0.000054
3 3 0.000065 0.000275 0.022307 0.977301 0.000052
3 3 0.000111 0.000551 0.036188 0.963024 0.000127
3 3 0.000369 0.001230 0.037096 0.960897 0.000408
3 3 0.000071 0.000378 0.024165 0.975245 0.000141
3 3 0.000109 0.000449 0.022709 0.976579 0.000154
3 3 0.000126 0.000753 0.044373 0.954517 0.000232
3 3 0.000142 0.000560 0.025436 0.973670 0.000191
3 3 0.000054 0.000481 0.050191 0.949153 0.000121
3 3 0.000033 0.000194 0.018140 0.981568 0.000065
3 3 0.000104 0.000516 0.032104 0.967135 0.000139
3 3 0.000055 0.000178 0.011109 0.988605 0.000053
3 3 0.000042 0.000246 0.021968 0.977672 0.000073
3 3 0.000175 0.000456 0.018002 0.981243 0.000124
3 3 0.000118 0.000394 0.019248 0.980126 0.000114
3 3 0.000064 0.000258 0.016234 0.983361 0.000083
3 3 0.000115 0.000248 0.010500 0.989069 0.000067
3 3 0.000222 0.000678 0.027675 0.971262 0.000163
3 3 0.000203 0.000857 0.049250 0.949549 0.000142
3 3 0.000391 0.001150 0.039078 0.959129 0.000253
3 2 0.002344 0.003732 0.067542 0.925941 0.000442
3 3 0.002689 0.009193 0.187894 0.798870 0.001354
3 3 0.001385 0.006442 0.211475 0.779948 0.000751
3 2 0.003382 0.020449 0.428372 0.544789 0.003008
2 2 0.001898 0.018012 0.535890 0.441686 0.002514
3 2 0.003190 0.019119 0.423445 0.551628 0.002618
3 2 0.004131 0.023864 0.432428 0.535700 0.003877
3 2 0.012298 0.045466 0.463969 0.471719 0.006548
2 2 0.044148 0.110814 0.613934 0.222427 0.008677
2 2 0.023076 0.102754 0.712350 0.151505 0.010315
2 2 0.006053 0.048415 0.705571 0.233324 0.006638
2 2 0.008172 0.037630 0.546447 0.403945 0.003807
2 2 0.010961 0.066163 0.665919 0.246761 0.010197
2 2 0.001461 0.014319 0.546376 0.436372 0.001472
2 2 0.003253 0.018607 0.563209 0.413934 0.000997
3 2 0.001066 0.009912 0.443065 0.544910 0.001046
2 3 0.011543 0.039857 0.484515 0.460248 0.003838
3 2 0.008062 0.031503 0.472168 0.485283 0.002984
2 2 0.020465 0.065400 0.658643 0.251930 0.003562
2 2 0.008608 0.044918 0.645493 0.297026 0.003955
2 3 0.007506 0.040255 0.571037 0.376234 0.004967
3 2 0.012728 0.038374 0.394650 0.549305 0.004943
2 3 0.026741 0.068106 0.500146 0.398196 0.006811
3 3 0.001698 0.009100 0.240514 0.747107 0.001580
3 2 0.002583 0.015006 0.320645 0.658867 0.002900
3 2 0.005553 0.020396 0.268032 0.701768 0.004251
3 2 0.007868 0.033809 0.411680 0.540648 0.005996
3 2 0.006490 0.031299 0.477768 0.480398 0.004044
3 2 0.001471 0.012800 0.421215 0.562563 0.001951
2 3 0.001200 0.014143 0.552878 0.429904 0.001875
3 2 0.000980 0.009631 0.403642 0.584369 0.001379
3 2 0.001998 0.013618 0.398156 0.584488 0.001740
2 2 0.002145 0.020656 0.641708 0.333531 0.001959
2 2 0.008963 0.065787 0.715214 0.199828 0.010209
2 2 0.007326 0.055662 0.843005 0.080385 0.013621
2 2 0.012158 0.086107 0.739130 0.149094 0.013511
2 2 0.012934 0.085738 0.700212 0.185268 0.015848
2 2 0.002723 0.037232 0.731561 0.220699 0.007784
2 2 0.006879 0.036445 0.557710 0.394767 0.004200
2 2 0.004658 0.034085 0.612188 0.344513 0.004555
2 2 0.005387 0.043399 0.695058 0.250495 0.005660
2 3 0.010670 0.047168 0.468663 0.464189 0.009310
3 3 0.004543 0.025364 0.429141 0.536649 0.004302
3 3 0.000465 0.004239 0.241347 0.753313 0.000636
3 3 0.000709 0.004098 0.178660 0.815982 0.000550
3 3 0.001213 0.010968 0.418898 0.567449 0.001473
3 0 0.001827 0.006748 0.183997 0.806643 0.000785
3 2 0.002049 0.007307 0.161547 0.827899 0.001198
3 2 0.007837 0.022865 0.287740 0.678383 0.003174
2 2 0.011613 0.048916 0.594193 0.340807 0.004471
3 2 0.001580 0.011997 0.436045 0.549162 0.001216
2 2 0.003787 0.022777 0.618979 0.353191 0.001266
2 2 0.007605 0.037927 0.617293 0.334213 0.002962
2 2 0.005585 0.039715 0.667615 0.282632 0.004453
2 2 0.005137 0.034484 0.575546 0.379856 0.004976
2 3 0.005411 0.036474 0.556204 0.395570 0.006341
2 2 0.009763 0.045529 0.498317 0.438514 0.007877
2 2 0.012521 0.063955 0.660647 0.255442 0.007435
3 2 0.004388 0.022559 0.441111 0.529286 0.002656
2 3 0.004273 0.026578 0.616932 0.350291 0.001926
2 2 0.005699 0.024502 0.498331 0.469780 0.001687
2 3 0.010880 0.037905 0.493562 0.454357 0.003296
3 2 0.005449 0.024301 0.421340 0.546095 0.002815
3 3 0.003190 0.014697 0.323164 0.657109 0.001839
3 3 0.001281 0.008971 0.298324 0.689998 0.001425
3 2 0.005876 0.019382 0.331535 0.641332 0.001875
3 3 0.001176 0.010146 0.383781 0.603467 0.001430
3 2 0.003169 0.012203 0.240633 0.742193 0.001802
3 0 0.002739 0.008773 0.169741 0.817375 0.001373
3 2 0.003616 0.016437 0.292123 0.684835 0.002989
3 2 0.002259 0.015076 0.381734 0.598557 0.002374
3 2 0.001583 0.010717 0.337511 0.648686 0.001504
3 2 0.001586 0.011580 0.369703 0.615508 0.001622
3 2 0.006517 0.026018 0.416630 0.548014 0.002820
2 2 0.004066 0.023606 0.488383 0.481230 0.002715
2 2 0.005211 0.026358 0.510517 0.455475 0.002439
3 2 0.001086 0.010227 0.394926 0.592196 0.001566
3 2 0.001585 0.013486 0.422992 0.559840 0.002096
2 2 0.008819 0.035946 0.482267 0.468899 0.004069
2 2 0.004507 0.027489 0.511127 0.453219 0.003659
3 2 0.007307 0.031237 0.421505 0.535292 0.004659
3 2 0.003623 0.018237 0.405632 0.570541 0.001966
3 2 0.001885 0.012797 0.308182 0.674273 0.002862
3 2 0.002103 0.011977 0.298804 0.685141 0.001974
3 3 0.001425 0.009180 0.288460 0.699514 0.001420
3 2 0.008378 0.022663 0.274758 0.691137 0.003063
3 3 0.001074 0.007685 0.255421 0.734323 0.001497
3 3 0.009833 0.027647 0.317133 0.641748 0.003639
3 3 0.003056 0.008564 0.156700 0.830436 0.001243
3 3 0.007049 0.013103 0.178853 0.799745 0.001250
3 3 0.006605 0.016465 0.255540 0.719874 0.001516
3 0 0.005536 0.019051 0.296769 0.676099 0.002545
3 3 0.001620 0.006195 0.156589 0.834615 0.000981
2 2 0.005866 0.037852 0.509914 0.438012 0.008357
2 2 0.014522 0.078374 0.689528 0.207333 0.010242
2 2 0.013243 0.054095 0.542801 0.382739 0.007122
2 2 0.004444 0.027446 0.514422 0.450035 0.003653
2 3 0.007486 0.041931 0.556735 0.387504 0.006344
2 3 0.003457 0.028268 0.544122 0.418891 0.005263
2 3 0.009906 0.060325 0.636549 0.283048 0.010172
3 2 0.011937 0.041987 0.418309 0.521054 0.006713
3 2 0.009079 0.038909 0.448494 0.497020 0.006498
2 2 0.015712 0.067188 0.554606 0.351043 0.011451
3 3 0.011671 0.032906 0.394286 0.558016 0.003121
3 3 0.005832 0.025961 0.386110 0.577979 0.004119
3 0 0.007128 0.028772 0.366970 0.592079 0.005052
3 2 0.013242 0.040888 0.381440 0.557933 0.006497
2 2 0.020341 0.075586 0.611395 0.284403 0.008275
2 2 0.003028 0.021597 0.546822 0.426323 0.002230
2 2 0.001126 0.014521 0.575972 0.406344 0.002038
2 2 0.001375 0.014814 0.551088 0.430907 0.001815
3 2 0.001625 0.013600 0.443060 0.539879 0.001835
2 2 0.002247 0.024467 0.630508 0.339010 0.003767
2 2 0.006536 0.065520 0.712446 0.198421 0.017078
2 2 0.021428 0.126615 0.669686 0.152027 0.030244
2 2 0.015489 0.086359 0.630817 0.248496 0.018839
2 2 0.016831 0.105908 0.752266 0.111111 0.013884
2 2 0.002925 0.058704 0.821303 0.098781 0.018287
2 2 0.071840 0.280744 0.369985 0.001805 0.275626
1 2 0.049095 0.502645 0.288810 0.001233 0.158217
1 2 0.071104 0.466893 0.177844 0.000028 0.284130
1 2 0.068750 0.478512 0.174603 0.000033 0.278102
1 1 0.078722 0.474008 0.192510 0.000084 0.254675
1 1 0.078127 0.420312 0.165138 0.000013 0.336410
4 1 0.086799 0.367969 0.153972 0.000006 0.391254
1 0 0.079663 0.418671 0.162740 0.000015 0.338912
1 1 0.121938 0.383161 0.153151 0.000170 0.341581
4 0 0.090441 0.374437 0.128917 0.000016 0.406189
4 4 0.045491 0.131753 0.010677 0.000001 0.812077
4 4 0.055092 0.153649 0.011624 0.000004 0.779631
4 4 0.078567 0.173181 0.018794 0.000013 0.729445
4 4 0.083510 0.194374 0.022572 0.000020 0.699523
4 4 0.091396 0.076382 0.012397 0.000001 0.819824
4 4 0.071975 0.352193 0.066276 0.000013 0.509544
4 4 0.070316 0.403535 0.118285 0.000007 0.407857
4 0 0.097576 0.382482 0.092557 0.000099 0.427286
4 0 0.102189 0.327156 0.080459 0.000042 0.490155
4 0 0.085995 0.313487 0.075407 0.000009 0.525103
1 0 0.054685 0.414674 0.160896 0.000001 0.369745
1 1 0.030401 0.622851 0.143698 0.000016 0.203034
1 1 0.042356 0.561040 0.139263 0.000018 0.257322
1 1 0.073467 0.463473 0.227350 0.000036 0.235673
1 1 0.070517 0.483898 0.252749 0.000120 0.192716
2 2 0.004464 0.081308 0.891418 0.010139 0.012671
2 2 0.004037 0.064952 0.914387 0.006202 0.010422
2 2 0.004008 0.047899 0.925776 0.009225 0.013092
2 2 0.000972 0.024619 0.964644 0.004466 0.005300
2 2 0.002753 0.051069 0.927706 0.011137 0.007335
2 2 0.005115 0.070236 0.879723 0.037269 0.007657
2 2 0.002519 0.030287 0.954937 0.005391 0.006866
2 2 0.004733 0.052706 0.921957 0.014760 0.005844
2 2 0.004563 0.071661 0.899611 0.015876 0.008290
2 2 0.006584 0.066150 0.906302 0.008057 0.012907
2 2 0.003641 0.058977 0.919765 0.006589 0.011028
2 2 0.001886 0.047011 0.929699 0.012944 0.008461
2 2 0.000900 0.021237 0.963114 0.008158 0.006591
2 2 0.001218 0.041554 0.941831 0.010040 0.005356
2 2 0.001554 0.050523 0.922269 0.019205 0.006449
2 2 0.001343 0.020074 0.961793 0.014584 0.002206
2 2 0.006267 0.048219 0.904656 0.035199 0.005658
2 2 0.006305 0.059072 0.875571 0.054338 0.004714
2 2 0.004476 0.055003 0.897820 0.038505 0.004195
2 2 0.003276 0.040274 0.842659 0.110368 0.003423
2 2 0.004577 0.037557 0.727433 0.226935 0.003498
2 2 0.014083 0.079429 0.728308 0.169493 0.008688
2 2 0.003530 0.027391 0.806627 0.160433 0.002018
2 2 0.002368 0.026747 0.815865 0.153458 0.001563
2 2 0.002002 0.023042 0.731735 0.241201 0.002020
2 2 0.004596 0.048228 0.812991 0.129297 0.004888
2 2 0.003783 0.051145 0.846524 0.092456 0.006093
2 2 0.009247 0.078412 0.817187 0.087286 0.007868
2 2 0.009044 0.061933 0.733382 0.188488 0.007153
2 2 0.009281 0.082206 0.792901 0.104080 0.011532
2 0 0.097083 0.391072 0.460692 0.010849 0.040305
2 1 0.096226 0.407426 0.414991 0.004705 0.076653
2 2 0.071861 0.378882 0.485376 0.009983 0.053898
2 2 0.039447 0.178532 0.744374 0.012209 0.025439
2 2 0.018680 0.137922 0.773628 0.051962 0.017809
2 2 0.008286 0.057619 0.788576 0.141259 0.004261
2 2 0.003104 0.036375 0.795039 0.161716 0.003766
2 2 0.009780 0.058189 0.779804 0.145098 0.007129
2 2 0.007616 0.071387 0.833907 0.080284 0.006806
2 2 0.007520 0.065423 0.776662 0.141745 0.008651
2 2 0.001697 0.033644 0.941118 0.019589 0.003953
2 2 0.001587 0.025082 0.949457 0.021112 0.002762
2 2 0.001239 0.018688 0.959533 0.017738 0.002802
2 2 0.001792 0.033015 0.899562 0.062773 0.002858
2 2 0.002286 0.051703 0.906829 0.033325 0.005857
2 2 0.001758 0.025731 0.772586 0.196937 0.002988
2 2 0.002148 0.029377 0.822882 0.143095 0.002499
2 2 0.003129 0.025324 0.800253 0.167850 0.003444
2 3 0.005356 0.034720 0.799566 0.155897 0.004461
2 2 0.015877 0.084736 0.726104 0.164221 0.009062
2 2 0.004625 0.041370 0.792327 0.158460 0.003218
2 2 0.001143 0.017551 0.665525 0.313208 0.002574
2 2 0.002852 0.038751 0.809492 0.143975 0.004930
2 2 0.005842 0.042494 0.735678 0.212436 0.003551
2 2 0.002478 0.031587 0.779673 0.182705 0.003557
2 2 0.004132 0.031645 0.600957 0.358836 0.004429
3 2 0.001666 0.013072 0.388625 0.594506 0.002131
2 2 0.005887 0.043911 0.634145 0.308770 0.007288
2 3 0.004155 0.030128 0.536667 0.423853 0.005196
2 3 0.005309 0.032555 0.491222 0.464818 0.006095
3 2 0.005624 0.027979 0.439254 0.522973 0.004171
2 2 0.002975 0.025150 0.544180 0.423434 0.004262
2 3 0.004526 0.031306 0.506884 0.451065 0.006220
3 3 0.004262 0.027149 0.474033 0.489800 0.004756
2 3 0.007948 0.040176 0.551028 0.395829 0.005020
3 3 0.001632 0.009269 0.252422 0.735057 0.001621
3 3 0.002117 0.012933 0.312364 0.670206 0.002381
3 3 0.004537 0.020455 0.313780 0.657119 0.004109
3 3 0.001383 0.007833 0.217161 0.772072 0.001551
3 3 0.001788 0.011771 0.338292 0.646374 0.001775
3 3 0.003839 0.014996 0.273648 0.705321 0.002196
3 3 0.001464 0.007464 0.209095 0.780708 0.001269
3 3 0.002919 0.012407 0.252248 0.730450 0.001976
3 3 0.001335 0.008943 0.297401 0.690996 0.001324
3 3 0.001215 0.006674 0.184396 0.806238 0.001478
3 3 0.000637 0.002959 0.100613 0.895149 0.000642
3 3 0.000407 0.002510 0.113137 0.883406 0.000540
3 3 0.001780 0.005226 0.116868 0.875312 0.000814
3 3 0.003875 0.015008 0.284281 0.694858 0.001978
3 3 0.000449 0.002394 0.098366 0.898274 0.000517
3 3 0.000353 0.001553 0.062320 0.935408 0.000367
3 3 0.000836 0.004108 0.130044 0.864148 0.000864
3 3 0.000222 0.001529 0.079079 0.918723 0.000447
3 3 0.000298 0.002645 0.139199 0.857147 0.000711
3 3 0.000546 0.002357 0.071966 0.924437 0.000693
3 3 0.003551 0.008752 0.117949 0.867756 0.001992
3 3 0.001354 0.003960 0.078707 0.914972 0.001006
3 3 0.001552 0.007307 0.167034 0.822341 0.001766
3 3 0.001950 0.010232 0.223427 0.762006 0.002385
3 3 0.001037 0.006117 0.178692 0.812696 0.001457
3 3 0.011833 0.037225 0.328871 0.614156 0.007915
2 3 0.072592 0.114067 0.432060 0.368163 0.013118
3 3 0.019045 0.050653 0.400143 0.522955 0.007204
3 3 0.015655 0.046649 0.458469 0.474233 0.004995
2 3 0.015489 0.053269 0.543773 0.382342 0.005128
3 3 0.004265 0.019616 0.363202 0.610247 0.002670
3 3 0.014504 0.035840 0.355739 0.589946 0.003971
3 3 0.025549 0.047109 0.348712 0.573902 0.004729
3 3 0.031583 0.053422 0.372301 0.538133 0.004561
3 3 0.004434 0.015919 0.236668 0.739885 0.003095
3 3 0.002331 0.008834 0.216095 0.771680 0.001062
3 3 0.002272 0.009858 0.237705 0.748789 0.001376
3 3 0.003835 0.008850 0.157402 0.828952 0.000961
3 3 0.003754 0.010274 0.191948 0.792871 0.001153
3 3 0.001077 0.003959 0.113390 0.880913 0.000661
3 3 0.003472 0.009508 0.168464 0.817259 0.001297
3 3 0.008988 0.012554 0.135155 0.841985 0.001319
3 3 0.015910 0.023860 0.207390 0.750350 0.002490
3 3 0.001630 0.003993 0.083126 0.910574 0.000677
3 3 0.004946 0.009488 0.127968 0.856279 0.001319
3 3 0.002912 0.005410 0.088036 0.902875 0.000767
3 3 0.005150 0.008074 0.100977 0.884709 0.001091
3 3 0.001022 0.002374 0.058180 0.938027 0.000396
3 3 0.001433 0.002953 0.063037 0.932121 0.000456
3 3 0.004507 0.005827 0.084495 0.904628 0.000544
3 3 0.003331 0.008019 0.118608 0.868499 0.001542
3 3 0.011737 0.018260 0.148763 0.818195 0.003046
3 3 0.002143 0.005568 0.099315 0.891871 0.001103
3 3 0.002042 0.004242 0.067428 0.925353 0.000935
3 3 0.002080 0.004470 0.067587 0.924751 0.001112
3 3 0.005256 0.007648 0.080383 0.905315 0.001397
3 3 0.007840 0.009509 0.078975 0.901896 0.001780
3 3 0.016194 0.015230 0.100099 0.866408 0.002070
3 3 0.006052 0.004982 0.043090 0.945116 0.000760
3 3 0.004175 0.006004 0.064539 0.924029 0.001253
3 3 0.002390 0.003931 0.065598 0.927520 0.000561
3 3 0.000776 0.001559 0.035370 0.961956 0.000339
3 3 0.002117 0.003518 0.058311 0.935485 0.000568
3 0 0.003473 0.006496 0.096411 0.892645 0.000975
3 0 0.002672 0.004562 0.077601 0.914578 0.000588
3 2 0.002087 0.008331 0.159276 0.828275 0.002031
3 2 0.000895 0.005547 0.169586 0.822553 0.001419
3 3 0.006516 0.017513 0.214268 0.758700 0.003004
3 3 0.000631 0.005519 0.208693 0.783610 0.001546
3 3 0.001940 0.010039 0.234902 0.751137 0.001982
2 2 0.051169 0.322607 0.438045 0.042842 0.145337
2 2 0.016942 0.180904 0.593228 0.102558 0.106368
2 4 0.040868 0.322958 0.496500 0.027228 0.112446
1 4 0.095902 0.384133 0.329851 0.010025 0.180089
2 4 0.092170 0.340477 0.358871 0.007692 0.200791
4 4 0.139633 0.171964 0.036536 0.000045 0.651823
4 4 0.113264 0.346812 0.094962 0.000098 0.444863
4 4 0.134872 0.301390 0.090256 0.000112 0.473370
4 4 0.125609 0.287595 0.059364 0.000190 0.527242
4 4 0.095889 0.285048 0.071668 0.000010 0.547385
4 4 0.123248 0.057913 0.006229 0.000028 0.812582
4 4 0.195487 0.052889 0.010836 0.000050 0.740738
4 4 0.192086 0.077666 0.014609 0.000131 0.715508
4 4 0.144037 0.075343 0.009711 0.000072 0.770837
4 4 0.122291 0.050784 0.005697 0.000020 0.821207
4 4 0.218484 0.079606 0.020132 0.000106 0.681672
4 4 0.128008 0.154810 0.030568 0.000023 0.686592
4 4 0.090317 0.260599 0.029722 0.000115 0.619247
4 4 0.133165 0.258136 0.051639 0.000197 0.556862
4 4 0.178256 0.109515 0.024599 0.000069 0.687561
4 4 0.124002 0.323233 0.056356 0.000661 0.495748
4 4 0.224180 0.230015 0.041783 0.000502 0.503520
4 4 0.104092 0.358707 0.057960 0.000437 0.478804
4 4 0.155134 0.180528 0.033326 0.000222 0.630790
4 4 0.217792 0.190226 0.052126 0.000914 0.538941
4 4 0.071607 0.320212 0.039050 0.000042 0.569089
4 0 0.081322 0.222977 0.022730 0.000045 0.672927
4 4 0.115602 0.175157 0.027259 0.000044 0.681938
4 4 0.102847 0.201769 0.042088 0.000008 0.653287
4 4 0.102895 0.195693 0.040483 0.000008 0.660922
4 4 0.098527 0.361389 0.098671 0.000045 0.441367
4 4 0.111458 0.254454 0.091282 0.000005 0.542801
4 4 0.097731 0.264476 0.084032 0.000003 0.553759
4 4 0.098954 0.302277 0.077849 0.000017 0.520904
4 4 0.082761 0.386834 0.075540 0.000063 0.454803
4 4 0.097677 0.126003 0.025784 0.000001 0.750535
4 4 0.095240 0.184371 0.031557 0.000008 0.688824
4 4 0.065903 0.176191 0.018067 0.000005 0.739834
4 4 0.065463 0.192556 0.022803 0.000003 0.719175
4 4 0.106171 0.140239 0.018467 0.000026 0.735097
4 4 0.116170 0.142105 0.023717 0.000018 0.717990
4 4 0.073187 0.217896 0.028742 0.000007 0.680169
4 4 0.055854 0.118991 0.008840 0.000003 0.816312
4 4 0.083807 0.136801 0.019934 0.000003 0.759455
4 4 0.062748 0.166944 0.011000 0.000023 0.759285
4 4 0.050909 0.316245 0.046254 0.000002 0.586590
4 4 0.086739 0.216593 0.035980 0.000008 0.660680
4 4 0.049825 0.318266 0.031191 0.000002 0.600715
4 4 0.057094 0.200115 0.031909 0.000000 0.710881
4 4 0.075119 0.176650 0.033863 0.000001 0.714368
4 4 0.105023 0.292233 0.065420 0.000037 0.537286
4 4 0.060908 0.378351 0.049654 0.000010 0.511077
4 4 0.084045 0.260527 0.052122 0.000006 0.603300
4 4 0.057937 0.214155 0.028374 0.000001 0.699533
4 4 0.055460 0.276396 0.046511 0.000001 0.621632
4 4 0.056418 0.321227 0.052361 0.000002 0.569992
4 4 0.060167 0.357004 0.084482 0.000002 0.498346
4 4 0.054718 0.360087 0.081513 0.000001 0.503681
4 4 0.061402 0.267339 0.081788 0.000000 0.589471
4 4 0.067829 0.275587 0.086053 0.000000 0.570530
4 0 0.050317 0.376224 0.110824 0.000000 0.462635
4 0 0.081955 0.331693 0.094472 0.000005 0.491874
4 0 0.072937 0.302019 0.098589 0.000001 0.526454
4 0 0.066447 0.360076 0.119610 0.000001 0.453866
1 0 0.036513 0.504492 0.091691 0.000003 0.367302
4 0 0.036054 0.421862 0.079886 0.000000 0.462197
4 1 0.037305 0.411677 0.077479 0.000000 0.473539
1 1 0.041591 0.463245 0.087506 0.000002 0.407657
1 1 0.043983 0.431382 0.101771 0.000001 0.422863
1 1 0.026428 0.538297 0.069128 0.000002 0.366144
4 0 0.039478 0.377641 0.058514 0.000001 0.524367
4 1 0.058157 0.313748 0.082373 0.000000 0.545721
1 1 0.034132 0.453040 0.069452 0.000001 0.443375
1 0 0.034161 0.618125 0.056355 0.000010 0.291349
4 0 0.060063 0.317479 0.077894 0.000001 0.544564
4 0 0.174462 0.345053 0.061897 0.000088 0.418500
4 0 0.083341 0.320214 0.063619 0.000017 0.532809
4 0 0.069045 0.215318 0.036568 0.000001 0.679069
4 0 0.096058 0.214201 0.055515 0.000002 0.634225
4 0 0.075446 0.207691 0.044636 0.000001 0.672227
4 0 0.275416 0.043281 0.014976 0.000061 0.666267
4 0 0.369766 0.075359 0.012647 0.000028 0.542201
4 0 0.366496 0.057623 0.010556 0.000005 0.565320
4 0 0.328217 0.041075 0.008455 0.000014 0.622240
4 0 0.294026 0.046071 0.010744 0.000048 0.649111
0 0 0.615707 0.040551 0.013504 0.000076 0.330163
0 0 0.931816 0.011372 0.008492 0.000225 0.048095
0 0 0.602214 0.018995 0.006416 0.000016 0.372359
0 0 0.815531 0.009185 0.006141 0.000017 0.169127
0 0 0.705332 0.014132 0.001727 0.000004 0.278805
0 0 0.856800 0.010868 0.010960 0.000068 0.121303
0 0 0.806593 0.014431 0.011734 0.000069 0.167173
0 0 0.712050 0.017008 0.010802 0.000041 0.260098
4 0 0.447007 0.043057 0.004926 0.000026 0.504983
4 0 0.419740 0.114230 0.024763 0.000108 0.441158
4 0 0.191495 0.049285 0.006114 0.000023 0.753083
0 0 0.467122 0.064248 0.009030 0.000106 0.459494
4 0 0.303303 0.035430 0.003443 0.000009 0.657816
0 0 0.484780 0.056059 0.007196 0.000068 0.451897
4 0 0.387450 0.053527 0.007466 0.000050 0.551508
0 0 0.927890 0.005301 0.006315 0.000037 0.060457
0 0 0.906009 0.007466 0.006076 0.000038 0.080412
0 0 0.952435 0.005212 0.004221 0.000046 0.038086
0 0 0.918847 0.009653 0.002920 0.000031 0.068549
0 0 0.894907 0.013261 0.005619 0.000073 0.086140
0 0 0.428449 0.301668 0.118811 0.002363 0.148708
0 0 0.576357 0.149822 0.069013 0.002076 0.202731
0 1 0.471210 0.290949 0.053583 0.001723 0.182534
1 1 0.286088 0.540358 0.064610 0.003941 0.105002
1 0 0.282061 0.534720 0.063822 0.004191 0.115206
1 1 0.123484 0.662873 0.073797 0.000677 0.139170
1 1 0.063751 0.550240 0.080419 0.000062 0.305529
1 1 0.112331 0.642736 0.088586 0.000881 0.155466
1 1 0.079144 0.629835 0.112519 0.000765 0.177737
1 1 0.049634 0.598641 0.108818 0.000344 0.242563
1 2 0.067061 0.482804 0.149264 0.000037 0.300834
1 1 0.085764 0.452986 0.265570 0.000948 0.194732
1 1 0.069451 0.488028 0.151960 0.000057 0.290503
1 1 0.060313 0.554334 0.129392 0.000240 0.255721
1 1 0.050360 0.624569 0.125278 0.000434 0.199358
1 1 0.036926 0.599173 0.087206 0.000062 0.276633
1 1 0.043752 0.573190 0.117604 0.000046 0.265408
1 1 0.058706 0.497896 0.116078 0.000035 0.327284
1 1 0.042284 0.638738 0.087866 0.000200 0.230912
1 2 0.044778 0.568357 0.117836 0.000046 0.268982
1 2 0.081138 0.426495 0.206269 0.000019 0.286080
1 2 0.085905 0.477803 0.255250 0.000393 0.180649
1 2 0.067809 0.531933 0.208728 0.000286 0.191244
1 2 0.067426 0.534477 0.161577 0.000235 0.236285
1 1 0.132578 0.399027 0.211392 0.000535 0.256469
1 1 0.083385 0.391558 0.205516 0.000007 0.319534
1 1 0.065403 0.451444 0.204079 0.000008 0.279066
1 1 0.042201 0.572205 0.198206 0.000031 0.187357
1 1 0.060255 0.471530 0.225589 0.000010 0.242617
1 2 0.047086 0.471318 0.333332 0.000247 0.148017
2 2 0.003508 0.062600 0.921545 0.000510 0.011837
2 2 0.006740 0.102018 0.876212 0.001571 0.013458
2 2 0.004480 0.075436 0.907719 0.000981 0.011384
2 2 0.004645 0.110299 0.871923 0.000748 0.012385
2 2 0.008999 0.094891 0.879232 0.000325 0.016553
2 2 0.032507 0.254675 0.618173 0.002058 0.092586
1 1 0.071819 0.404558 0.365289 0.000348 0.157987
1 1 0.076623 0.483267 0.277974 0.000278 0.161858
1 1 0.077421 0.502441 0.228580 0.000312 0.191245
1 1 0.059207 0.546145 0.265928 0.000624 0.128097
1 2 0.050828 0.513637 0.189942 0.000011 0.245582
1 2 0.054925 0.468522 0.146433 0.000005 0.330115
1 2 0.070855 0.461154 0.196646 0.000022 0.271323
1 0 0.097242 0.414725 0.163215 0.000066 0.324753
4 1 0.077168 0.336044 0.124310 0.000002 0.462477
1 2 0.059260 0.563584 0.190343 0.000307 0.186506
1 2 0.077678 0.493903 0.237539 0.000246 0.190633
1 2 0.077319 0.440484 0.304109 0.000301 0.177787
1 2 0.077549 0.437008 0.225356 0.000020 0.260067
1 2 0.051406 0.545278 0.249290 0.000101 0.153924
2 2 0.008210 0.081662 0.885159 0.005123 0.019847
2 2 0.003903 0.060362 0.914240 0.008747 0.012748
2 2 0.004259 0.058714 0.923695 0.002870 0.010461
2 2 0.029229 0.198479 0.729251 0.003712 0.039328
2 2 0.028174 0.206634 0.728935 0.004546 0.031711
2 2 0.019503 0.247191 0.707602 0.004520 0.021184
2 2 0.003268 0.051544 0.931638 0.003588 0.009962
2 2 0.016599 0.223936 0.733330 0.003449 0.022685
2 2 0.018414 0.226483 0.728773 0.005907 0.020423
2 2 0.002998 0.034063 0.954624 0.002111 0.006204
2 2 0.002260 0.030608 0.957455 0.002968 0.006708
2 2 0.004747 0.070584 0.904148 0.011606 0.008915
2 2 0.013862 0.128623 0.841628 0.001413 0.014475
2 1 0.002037 0.036730 0.950106 0.002526 0.008601
2 1 0.029743 0.217786 0.724128 0.001841 0.026501
1 1 0.095176 0.424240 0.200047 0.000066 0.280470
1 2 0.084391 0.488161 0.244667 0.000456 0.182325
1 0 0.062042 0.535293 0.184554 0.000127 0.217984
1 0 0.114172 0.487512 0.144518 0.000178 0.253620
1 1 0.084954 0.472284 0.138129 0.000198 0.304435
1 2 0.066435 0.450210 0.413294 0.004207 0.065855
2 2 0.042073 0.317568 0.571525 0.009064 0.059770
2 2 0.021767 0.154836 0.783370 0.011532 0.028495
2 2 0.014777 0.087126 0.855299 0.015310 0.027488
2 2 0.022750 0.201217 0.724599 0.016882 0.034552
2 2 0.002668 0.045365 0.936984 0.004621 0.010363
2 2 0.001771 0.025289 0.964069 0.001889 0.006982
2 2 0.001117 0.039118 0.945921 0.008767 0.005077
2 2 0.003209 0.044307 0.939337 0.005619 0.007529
2 2 0.006003 0.102122 0.873806 0.008720 0.009349
2 2 0.011843 0.071590 0.895850 0.015165 0.005552
2 2 0.012054 0.083327 0.887077 0.010298 0.007243
2 2 0.009739 0.102614 0.850536 0.028734 0.008378
2 2 0.002883 0.046443 0.935052 0.011900 0.003722
2 2 0.013218 0.096703 0.871840 0.010192 0.008047
2 2 0.005291 0.072628 0.903141 0.010133 0.008807
2 2 0.002492 0.042375 0.946002 0.001610 0.007520
2 2 0.002947 0.061550 0.921211 0.006639 0.007653
2 2 0.020802 0.125450 0.836110 0.004338 0.013299
2 2 0.002231 0.024453 0.964024 0.004058 0.005233
2 2 0.004849 0.063399 0.887576 0.033960 0.010216
2 2 0.003199 0.025057 0.953866 0.011166 0.006712
2 2 0.002555 0.046762 0.919576 0.024645 0.006462
2 2 0.002163 0.027639 0.931058 0.036396 0.002743
2 2 0.001197 0.030109 0.898110 0.067023 0.003561
2 2 0.002026 0.033853 0.826168 0.133372 0.004581
2 2 0.003058 0.034982 0.794677 0.163579 0.003704
2 2 0.009033 0.056599 0.861892 0.065919 0.006557
2 2 0.005756 0.059722 0.794148 0.131910 0.008464
2 2 0.005320 0.055438 0.807937 0.124696 0.006609
2 2 0.000706 0.010688 0.566213 0.421013 0.001380
2 3 0.001130 0.023174 0.725356 0.244798 0.005543
2 2 0.002922 0.024472 0.516944 0.451060 0.004603
3 3 0.001512 0.015519 0.490063 0.490263 0.002643
2 3 0.002069 0.025196 0.643368 0.324851 0.004516
3 3 0.000585 0.004343 0.183961 0.810213 0.000898
3 3 0.000512 0.005817 0.277759 0.714532 0.001381
3 3 0.000320 0.003402 0.171538 0.823660 0.001079
3 3 0.000256 0.003024 0.169689 0.826031 0.001000
3 3 0.000432 0.004733 0.233940 0.759689 0.001207
3 3 0.000210 0.001966 0.120604 0.876685 0.000534
3 3 0.000388 0.002735 0.122740 0.873445 0.000691
3 3 0.000205 0.002134 0.143383 0.853753 0.000524
3 3 0.000186 0.001714 0.113368 0.884301 0.000432
3 3 0.001560 0.005508 0.113591 0.878006 0.001335
3 3 0.000502 0.002031 0.067169 0.929789 0.000509
3 3 0.000636 0.002658 0.083810 0.912271 0.000625
3 3 0.000211 0.001493 0.085357 0.912565 0.000373
3 3 0.000363 0.002657 0.115865 0.880334 0.000781
3 3 0.000172 0.001169 0.067264 0.931065 0.000330
3 3 0.000709 0.004481 0.179399 0.814630 0.000782
3 3 0.000127 0.001639 0.136388 0.861393 0.000453
3 3 0.000368 0.002527 0.119843 0.876682 0.000580
3 3 0.000196 0.001952 0.116891 0.880336 0.000624
3 3 0.000402 0.002705 0.115488 0.880692 0.000713
3 3 0.000259 0.001212 0.056072 0.942172 0.000286
3 3 0.000177 0.001223 0.071623 0.926648 0.000329
3 3 0.000276 0.001959 0.103390 0.893909 0.000466
3 3 0.000163 0.000901 0.048602 0.950077 0.000256
3 3 0.000461 0.002565 0.119150 0.877396 0.000427
3 3 0.000093 0.000632 0.045548 0.953548 0.000180
3 3 0.000181 0.000852 0.044567 0.954195 0.000205
3 3 0.000141 0.000745 0.042427 0.956484 0.000202
3 3 0.000536 0.002099 0.075491 0.921469 0.000404
3 3 0.000318 0.001672 0.076509 0.921124 0.000377
3 3 0.000502 0.001428 0.045858 0.951930 0.000282
3 3 0.000429 0.001284 0.040713 0.957266 0.000309
3 3 0.000326 0.001505 0.059798 0.937968 0.000403
3 3 0.000340 0.001199 0.041907 0.956229 0.000325
3 3 0.000364 0.001432 0.056597 0.941297 0.000310
3 3 0.000609 0.004030 0.157661 0.836819 0.000882
3 3 0.001623 0.005061 0.114147 0.878289 0.000880
3 0 0.000762 0.007749 0.305909 0.683805 0.001776
2 1 0.060053 0.088635 0.450899 0.394133 0.006281
2 2 0.060469 0.108747 0.548870 0.274832 0.007082
1 2 0.081416 0.389380 0.368414 0.005953 0.154836
2 2 0.044899 0.346489 0.423698 0.028267 0.156648
2 1 0.064939 0.395244 0.403974 0.016855 0.118988
1 1 0.079223 0.526832 0.261646 0.003378 0.128922
1 1 0.096796 0.494297 0.271510 0.006335 0.131063
1 1 0.058978 0.591848 0.178191 0.000994 0.169989
1 4 0.107649 0.420982 0.177302 0.000180 0.293887
1 4 0.068278 0.499520 0.207379 0.000245 0.224578
1 4 0.104988 0.401031 0.194423 0.000066 0.299492
1 4 0.091469 0.467216 0.215570 0.000265 0.225480
4 4 0.098970 0.330077 0.076154 0.000044 0.494754
1 0 0.088980 0.408900 0.098529 0.000088 0.403504
1 0 0.116333 0.457026 0.090744 0.000207 0.335690
4 4 0.075838 0.301932 0.068523 0.000004 0.553703
1 4 0.059764 0.440453 0.094078 0.000013 0.405692
4 4 0.116153 0.140407 0.021730 0.000025 0.721685
4 4 0.128999 0.044052 0.005432 0.000016 0.821501
4 4 0.110216 0.088620 0.009189 0.000001 0.791974
4 4 0.100824 0.127046 0.019686 0.000006 0.752437
4 4 0.065647 0.207488 0.019336 0.000012 0.707516
4 4 0.050072 0.093304 0.005927 0.000002 0.850695
4 4 0.067515 0.072274 0.004733 0.000007 0.855472
4 4 0.059064 0.049607 0.005023 0.000000 0.886306
4 4 0.089725 0.050382 0.003929 0.000012 0.855952
4 4 0.050436 0.041730 0.002215 0.000001 0.905618
4 4 0.188788 0.205289 0.030782 0.000075 0.575066
4 4 0.141412 0.351590 0.043796 0.000132 0.463070
4 0 0.146552 0.287174 0.040702 0.000190 0.525382
0 0 0.440176 0.338447 0.031000 0.000944 0.189433
4 4 0.219728 0.299212 0.045068 0.000091 0.435902
4 4 0.071171 0.262430 0.035417 0.000010 0.630972
4 4 0.076145 0.183902 0.033434 0.000001 0.706517
4 4 0.043953 0.433192 0.049299 0.000012 0.473545
4 4 0.055860 0.282295 0.038654 0.000002 0.623188
4 4 0.048413 0.247977 0.032257 0.000001 0.671351
4 4 0.079070 0.072059 0.013537 0.000000 0.835333
4 4 0.061469 0.110266 0.011893 0.000001 0.816371
4 4 0.074994 0.052254 0.005059 0.000001 0.867691
4 4 0.088942 0.033614 0.003708 0.000001 0.873735
4 4 0.065723 0.076995 0.009130 0.000000 0.848152
4 4 0.041379 0.010274 0.000354 0.000000 0.947993
4 4 0.094270 0.007708 0.000616 0.000000 0.897406
4 4 0.081908 0.013130 0.000409 0.000000 0.904553
4 4 0.105712 0.012651 0.001607 0.000001 0.880029
4 4 0.067121 0.010602 0.000815 0.000000 0.921461
4 4 0.093832 0.077929 0.006412 0.000008 0.821819
4 4 0.094160 0.157979 0.012955 0.000027 0.734879
4 4 0.108250 0.311196 0.021288 0.000019 0.559247
4 4 0.065975 0.201713 0.017481 0.000002 0.714829
4 4 0.176589 0.190511 0.031284 0.000023 0.601593
4 4 0.042163 0.229909 0.036137 0.000000 0.691791
4 4 0.031428 0.191288 0.023827 0.000000 0.753456
4 4 0.063098 0.158004 0.034847 0.000000 0.744051
4 4 0.073960 0.191657 0.028689 0.000003 0.705692
4 4 0.052345 0.159940 0.030874 0.000000 0.756840
4 4 0.082340 0.295721 0.114262 0.000001 0.507677
4 4 0.067760 0.203243 0.040670 0.000000 0.688326
4 4 0.076264 0.200202 0.054999 0.000000 0.668535
4 4 0.076476 0.208236 0.056950 0.000000 0.658337
4 4 0.071248 0.172558 0.037403 0.000000 0.718790
1 0 0.130929 0.422574 0.049836 0.000066 0.396594
4 0 0.284781 0.201871 0.020454 0.000039 0.492855
4 1 0.094057 0.412519 0.037985 0.000016 0.455422
4 1 0.047318 0.290575 0.038736 0.000001 0.623370
4 1 0.080527 0.278691 0.058957 0.000005 0.581821
1 1 0.061205 0.410917 0.123193 0.000003 0.404682
4 2 0.111774 0.298296 0.158187 0.000004 0.431739
1 2 0.093856 0.409273 0.188632 0.000035 0.308205
1 2 0.061906 0.454873 0.156874 0.000007 0.326339
4 2 0.065443 0.355626 0.137941 0.000001 0.440989
1 1 0.037793 0.518537 0.122526 0.000002 0.321142
