0 0 0.789463 0.013832 0.003838 0.000054 0.192813
0 0 0.559925 0.028710 0.002086 0.000020 0.409258
0 0 0.604022 0.012669 0.002164 0.000170 0.380974
0 0 0.528946 0.022418 0.002412 0.000164 0.446060
0 0 0.586818 0.016090 0.002147 0.000377 0.394568
4 0 0.390673 0.008679 0.000759 0.000061 0.599828
0 0 0.618800 0.005654 0.000667 0.000246 0.374633
4 0 0.352885 0.010062 0.000856 0.000036 0.636160
0 0 0.677490 0.006069 0.000440 0.000043 0.315959
0 0 0.573142 0.006656 0.000659 0.000131 0.419412
4 0 0.314170 0.030973 0.010394 0.000209 0.644254
4 0 0.267174 0.056964 0.004293 0.000030 0.671539
4 0 0.412115 0.023981 0.005534 0.000727 0.557642
4 0 0.263720 0.118623 0.005537 0.000006 0.612113
4 0 0.442743 0.075221 0.005046 0.000034 0.476957
4 0 0.186497 0.068466 0.046022 0.000358 0.698656
4 0 0.211039 0.139998 0.057244 0.000391 0.591328
4 1 0.050579 0.400324 0.042827 0.000022 0.506249
1 1 0.041511 0.485308 0.054612 0.000022 0.418547
4 1 0.045988 0.270027 0.071486 0.000172 0.612328
4 1 0.016588 0.172966 0.101207 0.001781 0.707458
4 1 0.013012 0.224891 0.105040 0.000693 0.656364
4 4 0.012083 0.179564 0.074357 0.000427 0.733569
4 4 0.010258 0.058627 0.030155 0.000676 0.900284
4 4 0.016360 0.125318 0.064021 0.001099 0.793202
4 4 0.012351 0.110359 0.060629 0.001052 0.815609
4 4 0.013857 0.143833 0.068414 0.000751 0.773145
4 4 0.012279 0.079148 0.038931 0.000711 0.868931
4 4 0.011079 0.228256 0.108365 0.000627 0.651674
4 4 0.018579 0.132740 0.060736 0.000871 0.787074
4 4 0.028329 0.036509 0.014688 0.000776 0.919698
4 4 0.018382 0.041602 0.021295 0.001134 0.917588
4 4 0.012168 0.039677 0.020840 0.000827 0.926487
4 4 0.018878 0.062448 0.026084 0.000619 0.891971
4 4 0.018807 0.021136 0.008872 0.000577 0.950608
4 4 0.021128 0.057996 0.021419 0.000459 0.898998
4 4 0.026244 0.029682 0.012826 0.000895 0.930352
4 4 0.027868 0.048067 0.025194 0.001846 0.897025
4 4 0.027883 0.070545 0.035584 0.001679 0.864309
4 4 0.030037 0.087887 0.035292 0.000873 0.845911
4 4 0.016559 0.095357 0.054411 0.001559 0.832115
4 4 0.021645 0.266008 0.122271 0.000489 0.589587
4 4 0.016670 0.150814 0.056765 0.000420 0.775331
4 4 0.022121 0.200444 0.050752 0.000155 0.726529
4 4 0.016342 0.367901 0.073178 0.000056 0.542523
4 4 0.031718 0.178283 0.049618 0.000295 0.740085
4 4 0.031477 0.255021 0.063477 0.000210 0.649815
4 4 0.030418 0.190752 0.064422 0.000536 0.713871
4 4 0.076779 0.039721 0.021570 0.001668 0.860263
4 0 0.112087 0.049779 0.017282 0.001843 0.819008
0 0 0.782907 0.008259 0.000889 0.000076 0.207870
4 0 0.486857 0.023523 0.000886 0.000005 0.488729
0 0 0.923850 0.005386 0.000491 0.000033 0.070239
0 0 0.770320 0.008997 0.000567 0.000042 0.220075
0 0 0.986611 0.001057 0.000311 0.000059 0.011962
0 0 0.971977 0.003298 0.001019 0.000247 0.023460
0 0 0.979005 0.001735 0.001069 0.000126 0.018065
0 0 0.972554 0.003608 0.000837 0.000210 0.022792
0 0 0.903633 0.039757 0.002649 0.000068 0.053893
0 0 0.887767 0.058359 0.002727 0.000006 0.051140
4 0 0.140013 0.143499 0.035723 0.000188 0.680577
4 0 0.154587 0.239878 0.037357 0.000149 0.568030
1 0 0.137389 0.466325 0.033925 0.000017 0.362344
4 1 0.111429 0.419204 0.039268 0.000031 0.430069
4 1 0.098610 0.351298 0.040157 0.000051 0.509884
1 1 0.063789 0.506779 0.071971 0.000071 0.357390
4 1 0.090792 0.207939 0.060279 0.000455 0.640535
1 1 0.028620 0.454722 0.076743 0.000057 0.439857
4 1 0.049709 0.334415 0.109480 0.000818 0.505578
1 1 0.030036 0.411372 0.147943 0.000701 0.409949
2 1 0.002775 0.151699 0.745988 0.012947 0.086591
2 1 0.005347 0.186192 0.714308 0.003312 0.090841
2 1 0.004477 0.178601 0.725533 0.003354 0.088035
2 1 0.001127 0.082722 0.859975 0.005292 0.050885
2 1 0.001914 0.130327 0.771904 0.008860 0.086995
2 1 0.000153 0.021108 0.971031 0.001869 0.005838
2 1 0.000101 0.014757 0.978548 0.003828 0.002766
2 2 0.000427 0.038570 0.942973 0.004180 0.013850
2 2 0.000179 0.017211 0.968356 0.011426 0.002828
2 2 0.000151 0.015971 0.975446 0.005584 0.002848
2 2 0.000126 0.020308 0.904629 0.071932 0.003005
2 2 0.000108 0.015655 0.901301 0.081087 0.001849
2 2 0.000092 0.011368 0.821367 0.166211 0.000962
2 2 0.000234 0.022811 0.786542 0.187278 0.003136
2 2 0.000084 0.010100 0.716145 0.272901 0.000771
2 2 0.000052 0.005260 0.563936 0.430496 0.000256
2 2 0.000079 0.005856 0.525507 0.468255 0.000303
2 3 0.000125 0.007690 0.538040 0.453674 0.000471
2 3 0.000083 0.006776 0.567439 0.425317 0.000385
2 3 0.000097 0.007017 0.551911 0.440569 0.000407
3 3 0.000013 0.000743 0.208329 0.790897 0.000018
3 3 0.000014 0.000759 0.204276 0.794935 0.000016
3 3 0.000024 0.000528 0.116589 0.882833 0.000027
3 3 0.000030 0.000493 0.097085 0.902363 0.000029
3 3 0.000026 0.000389 0.084047 0.915510 0.000029
3 3 0.000084 0.000604 0.072299 0.926927 0.000086
3 3 0.000125 0.000963 0.093550 0.905201 0.000161
3 3 0.000101 0.000579 0.063933 0.935256 0.000131
3 3 0.000065 0.000389 0.053521 0.945963 0.000062
3 3 0.000200 0.000811 0.063505 0.935211 0.000273
3 3 0.000116 0.000223 0.023201 0.976361 0.000099
3 3 0.000108 0.000382 0.040886 0.958515 0.000108
3 3 0.000401 0.000756 0.042002 0.956393 0.000448
3 3 0.000167 0.000333 0.028778 0.970581 0.000141
3 3 0.000124 0.000248 0.024961 0.974557 0.000111
3 3 0.000363 0.000573 0.033765 0.964854 0.000444
3 3 0.000341 0.000296 0.018079 0.980971 0.000313
3 3 0.000324 0.000420 0.026009 0.972989 0.000258
3 3 0.000748 0.000776 0.031591 0.966125 0.000760
3 3 0.001375 0.001172 0.035066 0.960899 0.001488
3 3 0.000529 0.000875 0.042354 0.955577 0.000665
3 3 0.000554 0.000847 0.040078 0.957877 0.000644
3 3 0.000256 0.000358 0.025196 0.973901 0.000289
3 3 0.000362 0.000489 0.028895 0.969823 0.000432
3 3 0.000395 0.000347 0.019562 0.979355 0.000342
3 3 0.000593 0.000504 0.023300 0.974933 0.000670
3 3 0.001208 0.001103 0.035474 0.960560 0.001656
3 3 0.000743 0.000348 0.014336 0.983957 0.000616
3 3 0.001994 0.000612 0.015316 0.980327 0.001752
3 3 0.001913 0.000928 0.023775 0.971070 0.002314
3 3 0.001531 0.000625 0.017889 0.978450 0.001505
3 3 0.000778 0.000383 0.015400 0.982768 0.000671
3 3 0.001365 0.000427 0.012913 0.984226 0.001070
3 3 0.000536 0.000469 0.022929 0.975377 0.000689
3 3 0.000768 0.000252 0.010209 0.988176 0.000595
3 3 0.001015 0.000445 0.015756 0.981698 0.001086
3 3 0.002177 0.000414 0.009941 0.985763 0.001705
3 3 0.001418 0.000384 0.011440 0.985527 0.001231
3 3 0.000919 0.000383 0.014202 0.983650 0.000846
3 3 0.000741 0.000656 0.027133 0.970488 0.000982
3 3 0.000663 0.000807 0.035057 0.962648 0.000826
3 3 0.000427 0.000320 0.017415 0.981459 0.000380
3 3 0.000575 0.000522 0.024583 0.973568 0.000752
3 3 0.000657 0.000425 0.018531 0.979846 0.000540
3 3 0.001136 0.000650 0.021593 0.975454 0.001167
3 3 0.004810 0.002053 0.032927 0.952924 0.007286
3 3 0.011566 0.001892 0.021078 0.956311 0.009154
3 3 0.004221 0.000742 0.012719 0.978700 0.003618
3 3 0.004127 0.000602 0.010458 0.981314 0.003499
3 3 0.007898 0.001331 0.017141 0.965440 0.008190
3 3 0.001743 0.000315 0.008501 0.987929 0.001511
3 3 0.002942 0.001405 0.029012 0.962195 0.004446
3 3 0.001413 0.000440 0.013133 0.983804 0.001211
3 3 0.002451 0.000479 0.010833 0.984248 0.001989
3 3 0.003901 0.000979 0.017630 0.972229 0.005261
3 3 0.002473 0.000375 0.008423 0.986912 0.001818
3 3 0.007840 0.000956 0.012397 0.973327 0.005479
3 3 0.004105 0.000640 0.011144 0.980653 0.003458
3 3 0.003236 0.001089 0.021474 0.969935 0.004266
3 3 0.005817 0.000940 0.013714 0.974182 0.005346
3 3 0.001056 0.000448 0.015506 0.981984 0.001006
3 3 0.001013 0.000291 0.010223 0.987752 0.000721
3 3 0.000959 0.000517 0.018781 0.978721 0.001021
3 3 0.001064 0.000526 0.018090 0.979322 0.000997
3 3 0.001086 0.000543 0.018583 0.978543 0.001245
3 3 0.001021 0.000488 0.017135 0.980422 0.000934
3 3 0.001314 0.000621 0.019176 0.977595 0.001294
3 3 0.001816 0.000860 0.022558 0.972853 0.001912
3 3 0.000969 0.000616 0.022203 0.975173 0.001039
3 3 0.001938 0.000541 0.013680 0.982423 0.001418
3 3 0.010045 0.001352 0.015558 0.964649 0.008396
3 3 0.003980 0.000817 0.014337 0.978026 0.002840
3 3 0.003158 0.000516 0.010243 0.983665 0.002418
3 3 0.005155 0.000521 0.008106 0.982033 0.004185
3 3 0.003746 0.000403 0.007319 0.986156 0.002375
3 3 0.002370 0.005935 0.129328 0.857082 0.005285
3 3 0.001163 0.010665 0.298226 0.686514 0.003431
3 3 0.002369 0.010989 0.222636 0.760080 0.003926
3 3 0.003428 0.023218 0.355524 0.605064 0.012766
3 3 0.002582 0.009639 0.190644 0.793275 0.003859
2 3 0.000632 0.031978 0.727482 0.232426 0.007482
2 3 0.001640 0.039221 0.634208 0.311195 0.013736
2 2 0.000235 0.015379 0.664123 0.318764 0.001499
2 2 0.000872 0.020692 0.538666 0.435021 0.004749
2 2 0.000324 0.019130 0.679964 0.298423 0.002158
2 2 0.002288 0.050779 0.652023 0.272772 0.022137
2 4 0.012599 0.099646 0.461337 0.190185 0.236232
2 4 0.002133 0.088599 0.774359 0.101544 0.033366
2 4 0.006162 0.104304 0.624512 0.156477 0.108545
2 4 0.002193 0.106683 0.762710 0.078779 0.049635
2 4 0.000900 0.050204 0.794290 0.142618 0.011989
2 4 0.000647 0.039675 0.802776 0.148948 0.007954
2 4 0.000614 0.043953 0.801702 0.143970 0.009761
2 4 0.000827 0.049259 0.787856 0.150419 0.011639
2 4 0.000508 0.035213 0.780578 0.177234 0.006467
2 2 0.002290 0.097523 0.817094 0.037085 0.046008
2 2 0.000698 0.039180 0.850321 0.101823 0.007978
2 2 0.001439 0.081006 0.801940 0.085570 0.030044
2 2 0.002169 0.087098 0.810366 0.066430 0.033937
2 2 0.002501 0.100801 0.754485 0.099899 0.042313
2 2 0.000306 0.022300 0.879069 0.095244 0.003081
2 2 0.000273 0.027582 0.897753 0.069527 0.004865
2 2 0.000151 0.010716 0.798815 0.189517 0.000801
2 2 0.000353 0.022439 0.817140 0.157156 0.002913
2 2 0.000397 0.030415 0.882634 0.081093 0.005461
2 2 0.001769 0.046018 0.936390 0.004105 0.011719
2 2 0.002304 0.048167 0.938830 0.002060 0.008639
2 2 0.006419 0.116291 0.844963 0.002049 0.030278
2 2 0.004811 0.085186 0.886280 0.003330 0.020393
2 2 0.024084 0.207305 0.729921 0.001298 0.037391
2 2 0.006042 0.151088 0.786490 0.012562 0.043818
2 2 0.003898 0.090437 0.851792 0.027620 0.026254
2 2 0.001584 0.040911 0.925021 0.022766 0.009718
2 2 0.001636 0.046988 0.921536 0.016539 0.013302
2 2 0.001766 0.087312 0.821082 0.058797 0.031043
2 2 0.005533 0.122511 0.755313 0.074697 0.041946
2 2 0.002876 0.091428 0.832142 0.033668 0.039886
2 2 0.004105 0.125832 0.712689 0.094824 0.062550
2 2 0.009913 0.223926 0.639486 0.032133 0.094542
2 2 0.008801 0.225103 0.651159 0.026625 0.088312
2 2 0.008754 0.171516 0.735312 0.019581 0.064837
2 2 0.002307 0.098430 0.760515 0.097877 0.040871
2 2 0.006141 0.165437 0.703734 0.056454 0.068233
2 2 0.004224 0.120911 0.754254 0.067410 0.053201
2 2 0.005855 0.144982 0.711890 0.080003 0.057270
2 2 0.004889 0.111077 0.852092 0.003151 0.028792
2 2 0.003020 0.108427 0.842773 0.007202 0.038577
2 2 0.002928 0.109256 0.846784 0.003222 0.037810
2 2 0.001926 0.065595 0.905856 0.001194 0.025428
2 2 0.001145 0.056209 0.905909 0.017232 0.019505
2 2 0.000701 0.038380 0.914017 0.038105 0.008797
2 2 0.000257 0.027639 0.853131 0.114344 0.004629
2 2 0.000486 0.039883 0.883683 0.066821 0.009127
2 2 0.000890 0.045509 0.895115 0.047070 0.011416
2 2 0.000838 0.051957 0.891180 0.040874 0.015150
2 2 0.000316 0.036035 0.838488 0.117735 0.007426
2 2 0.000294 0.029917 0.813432 0.151206 0.005151
2 2 0.000761 0.045739 0.784085 0.159247 0.010167
2 2 0.000505 0.027694 0.720140 0.247590 0.004071
2 2 0.000526 0.054901 0.843560 0.084890 0.016123
2 2 0.005113 0.187607 0.703038 0.028907 0.075336
2 2 0.003677 0.101408 0.804268 0.049716 0.040931
2 2 0.001896 0.066072 0.861881 0.049114 0.021038
2 2 0.001736 0.067252 0.874285 0.033331 0.023397
2 2 0.001729 0.076983 0.849313 0.042694 0.029281
2 2 0.000866 0.047284 0.814150 0.126848 0.010853
2 2 0.000446 0.028901 0.750422 0.215743 0.004488
2 2 0.000207 0.017634 0.727986 0.252224 0.001949
2 2 0.000379 0.032901 0.802621 0.158151 0.005948
2 2 0.000388 0.022819 0.704940 0.268927 0.002926
2 2 0.000200 0.017097 0.724350 0.256505 0.001848
2 2 0.000300 0.023514 0.856732 0.116115 0.003339
2 2 0.001219 0.051336 0.760507 0.175074 0.011864
2 2 0.002323 0.056935 0.807561 0.120732 0.012449
2 2 0.000609 0.024342 0.656649 0.315252 0.003148
2 2 0.002978 0.074158 0.826886 0.072495 0.023483
2 2 0.005717 0.119859 0.788466 0.043070 0.042888
2 2 0.009493 0.128808 0.759033 0.072527 0.030138
2 2 0.005567 0.112038 0.773072 0.077674 0.031650
2 2 0.002384 0.064424 0.821951 0.093424 0.017817
2 2 0.012286 0.198277 0.664870 0.057884 0.066683
2 2 0.015156 0.202628 0.660901 0.058311 0.063005
2 2 0.006931 0.149210 0.713372 0.080331 0.050156
2 2 0.014068 0.249687 0.618123 0.026161 0.091961
2 2 0.015002 0.228581 0.638437 0.029798 0.088181
2 2 0.004910 0.136321 0.723831 0.080788 0.054151
2 2 0.003333 0.110140 0.784364 0.052284 0.049879
2 2 0.002303 0.100208 0.782897 0.070467 0.044125
2 2 0.002999 0.108187 0.769795 0.075307 0.043712
2 2 0.003756 0.104879 0.795594 0.056640 0.039131
2 2 0.012340 0.227527 0.649765 0.015127 0.095241
2 2 0.012403 0.242606 0.626576 0.022831 0.095584
2 2 0.044032 0.325150 0.545811 0.002300 0.082707
2 2 0.023181 0.310966 0.577055 0.003620 0.085179
2 2 0.008605 0.207012 0.675710 0.021899 0.086773
2 2 0.003782 0.113327 0.842298 0.003336 0.037257
2 2 0.003409 0.091052 0.872690 0.004496 0.028354
2 2 0.001782 0.071509 0.896734 0.005019 0.024956
2 2 0.002505 0.088898 0.865951 0.012986 0.029660
2 2 0.004799 0.116604 0.843382 0.005027 0.030188
2 2 0.012703 0.186908 0.719781 0.017266 0.063341
2 2 0.007813 0.141650 0.783551 0.017818 0.049168
2 2 0.036533 0.235573 0.677124 0.005660 0.045110
2 2 0.020658 0.230179 0.679618 0.013742 0.055805
2 2 0.011135 0.190744 0.715300 0.013523 0.069298
0 2 0.430081 0.209185 0.104014 0.002136 0.254585
0 0 0.429086 0.267839 0.123149 0.000564 0.179362
1 0 0.372847 0.447539 0.105781 0.000028 0.073805
1 0 0.365788 0.412271 0.128485 0.000351 0.093105
1 0 0.313453 0.409250 0.167983 0.000545 0.108769
2 1 0.060950 0.361450 0.475129 0.007453 0.095017
2 1 0.022059 0.313657 0.534727 0.017049 0.112507
2 2 0.017981 0.302521 0.550789 0.015231 0.113479
2 2 0.016665 0.274089 0.571111 0.024415 0.113720
2 2 0.013878 0.241882 0.627615 0.011442 0.105182
2 2 0.009672 0.223719 0.625969 0.032691 0.107949
2 2 0.010299 0.260578 0.565681 0.018730 0.144712
2 2 0.010324 0.220785 0.626813 0.037111 0.104966
2 2 0.007690 0.202404 0.653859 0.037725 0.098323
2 2 0.003989 0.154350 0.684654 0.054625 0.102382
2 2 0.009732 0.142730 0.774371 0.019835 0.053331
2 2 0.012283 0.242792 0.603798 0.030194 0.110934
2 2 0.015346 0.224930 0.639771 0.027842 0.092112
2 2 0.011696 0.210774 0.686282 0.021366 0.069882
2 2 0.056477 0.275906 0.485836 0.030443 0.151338
4 0 0.149565 0.269155 0.172405 0.003362 0.405513
1 0 0.089680 0.464350 0.259860 0.004572 0.181537
1 1 0.071749 0.476351 0.158388 0.001138 0.292374
1 1 0.041823 0.419965 0.295966 0.004461 0.237785
1 2 0.049510 0.406784 0.329212 0.007623 0.206871
1 2 0.059103 0.486748 0.231197 0.001344 0.221607
1 2 0.088641 0.457640 0.302902 0.006060 0.144758
1 2 0.070112 0.462732 0.297008 0.002839 0.167310
1 2 0.067886 0.458773 0.321504 0.004400 0.147436
1 2 0.047342 0.435729 0.285657 0.001763 0.229510
2 2 0.015198 0.294450 0.538470 0.005253 0.146629
2 2 0.020314 0.333467 0.511117 0.004867 0.130235
2 2 0.025195 0.318967 0.531360 0.006185 0.118293
2 2 0.034694 0.399353 0.404707 0.003943 0.157302
2 2 0.027735 0.347735 0.497685 0.005867 0.120978
1 2 0.228573 0.524137 0.084929 0.000384 0.161977
1 0 0.258497 0.457082 0.121265 0.002129 0.161027
0 0 0.411128 0.206507 0.107122 0.001725 0.273518
1 0 0.222989 0.495906 0.106409 0.000929 0.173767
1 0 0.299560 0.410796 0.071514 0.000611 0.217519
1 1 0.069408 0.492937 0.204637 0.000326 0.232691
1 1 0.046970 0.447440 0.272763 0.003000 0.229827
1 1 0.079081 0.485841 0.251864 0.001926 0.181289
1 2 0.057512 0.469277 0.281429 0.001898 0.189883
1 2 0.046498 0.432286 0.353720 0.001824 0.165671
2 2 0.031091 0.324194 0.532028 0.018889 0.093798
2 2 0.017216 0.288477 0.565628 0.019521 0.109159
2 2 0.023297 0.290090 0.583394 0.012258 0.090961
2 2 0.027607 0.322129 0.503758 0.019419 0.127087
2 2 0.038445 0.317415 0.529933 0.022092 0.092115
4 2 0.358729 0.187141 0.039042 0.001209 0.413880
4 0 0.271812 0.262426 0.056581 0.001058 0.408123
0 0 0.470302 0.104684 0.033560 0.000919 0.390536
1 0 0.354589 0.358491 0.057771 0.000552 0.228596
0 0 0.407193 0.144436 0.042610 0.002376 0.403384
0 0 0.455013 0.194213 0.041246 0.001629 0.307899
4 0 0.371343 0.170255 0.034956 0.001177 0.422268
0 0 0.429554 0.284288 0.034502 0.000258 0.251397
4 0 0.316908 0.165327 0.046919 0.000916 0.469930
1 0 0.352022 0.396240 0.034320 0.000073 0.217345
1 0 0.046343 0.409847 0.284939 0.003344 0.255527
1 1 0.047069 0.434536 0.353856 0.005357 0.159182
1 2 0.041348 0.408859 0.390679 0.007296 0.151818
2 2 0.049850 0.383080 0.400761 0.012375 0.153934
1 2 0.045636 0.418822 0.363389 0.006638 0.165515
2 2 0.009880 0.147869 0.798583 0.004406 0.039262
2 2 0.008547 0.160784 0.783225 0.003358 0.044086
2 2 0.007814 0.135759 0.816864 0.002757 0.036806
2 2 0.012264 0.148557 0.801031 0.004360 0.033789
2 2 0.006483 0.129782 0.821825 0.003049 0.038862
2 2 0.004486 0.106760 0.856349 0.003979 0.028426
2 2 0.006659 0.154612 0.788395 0.007244 0.043091
2 2 0.005744 0.119988 0.837782 0.005665 0.030821
2 2 0.008233 0.142479 0.813390 0.002802 0.033095
2 2 0.003917 0.116421 0.829435 0.010177 0.040050
2 2 0.010819 0.212351 0.683954 0.017878 0.074998
2 2 0.015376 0.250172 0.641305 0.006598 0.086549
2 2 0.017851 0.281987 0.596939 0.003975 0.099247
2 2 0.010052 0.202167 0.708292 0.003006 0.076483
2 2 0.016285 0.238174 0.652959 0.011294 0.081288
2 2 0.006163 0.141398 0.786266 0.017517 0.048656
2 2 0.004725 0.100209 0.836637 0.020588 0.037840
2 2 0.005846 0.117507 0.830415 0.005814 0.040418
2 2 0.011354 0.205652 0.697575 0.018421 0.066998
2 2 0.015634 0.198372 0.704948 0.030794 0.050252
4 2 0.142259 0.243130 0.047080 0.000394 0.567136
4 2 0.099575 0.419224 0.040429 0.000030 0.440742
4 2 0.142860 0.104841 0.020886 0.000404 0.731009
4 0 0.214926 0.031371 0.021257 0.001910 0.730535
4 0 0.252678 0.029983 0.018159 0.001558 0.697622
4 0 0.193971 0.066185 0.065243 0.002985 0.671617
4 0 0.164416 0.237079 0.038095 0.000246 0.560164
4 2 0.048979 0.240310 0.070520 0.000547 0.639645
4 2 0.043307 0.293142 0.114150 0.001245 0.548156
4 2 0.042131 0.320833 0.116598 0.000977 0.519462
1 2 0.009998 0.363134 0.286453 0.001443 0.338972
2 2 0.007554 0.302548 0.368474 0.003961 0.317463
2 2 0.010780 0.270232 0.431983 0.003446 0.283558
2 2 0.010759 0.266656 0.466879 0.001051 0.254656
2 2 0.006641 0.217766 0.498878 0.003766 0.272948
4 2 0.017108 0.238648 0.129214 0.001466 0.613564
4 4 0.017651 0.118122 0.073255 0.002159 0.788814
4 4 0.017882 0.115116 0.087798 0.004387 0.774817
4 4 0.019465 0.273040 0.107717 0.000598 0.599180
4 4 0.021181 0.134878 0.123814 0.006218 0.713909
4 4 0.019419 0.101063 0.036692 0.000418 0.842408
4 4 0.020406 0.066718 0.032411 0.001096 0.879370
4 4 0.014104 0.058162 0.022325 0.000353 0.905055
4 4 0.013690 0.076271 0.028245 0.000312 0.881481
4 4 0.018459 0.093185 0.030752 0.000290 0.857314
4 4 0.010376 0.265456 0.112664 0.000414 0.611090
4 4 0.030431 0.314865 0.108936 0.000607 0.545161
4 4 0.010794 0.232311 0.132720 0.001120 0.623054
4 4 0.008475 0.163472 0.114015 0.001650 0.712387
4 4 0.012625 0.088640 0.077272 0.003678 0.817785
4 4 0.009429 0.235359 0.213519 0.004461 0.537231
4 4 0.010587 0.211615 0.281621 0.010410 0.485767
4 4 0.009413 0.195446 0.172227 0.003977 0.618937
4 4 0.018720 0.145057 0.141904 0.007394 0.686925
4 1 0.028590 0.214598 0.206401 0.008256 0.542154
4 1 0.210580 0.179624 0.061101 0.001248 0.547446
1 1 0.200763 0.442489 0.087029 0.000619 0.269100
1 1 0.153445 0.447759 0.075797 0.000292 0.322708
4 0 0.172238 0.243770 0.057321 0.000894 0.525777
1 0 0.132259 0.512314 0.111453 0.000584 0.243390
4 0 0.176969 0.180554 0.050485 0.001570 0.590421
1 0 0.079216 0.490145 0.131149 0.000694 0.298796
4 0 0.094134 0.369770 0.090859 0.000600 0.444637
1 0 0.127086 0.393641 0.094907 0.000759 0.383607
4 0 0.132173 0.200593 0.076377 0.003270 0.587587
1 0 0.036343 0.409148 0.284656 0.004041 0.265812
1 0 0.054378 0.401112 0.361803 0.010221 0.172486
1 1 0.048197 0.462395 0.227490 0.001886 0.260033
1 1 0.050599 0.443404 0.217224 0.002272 0.286501
1 1 0.064007 0.445572 0.200767 0.000415 0.289239
1 0 0.149488 0.451044 0.124330 0.001018 0.274121
1 1 0.063832 0.459263 0.148067 0.001027 0.327811
1 1 0.095714 0.490590 0.134197 0.000896 0.278604
1 1 0.085743 0.412400 0.216391 0.004491 0.280976
1 1 0.122399 0.408630 0.102535 0.000837 0.365599
1 1 0.117851 0.511027 0.156334 0.000389 0.214400
1 1 0.035180 0.429467 0.306067 0.002999 0.226287
1 1 0.066762 0.490022 0.183610 0.000397 0.259210
1 1 0.042609 0.460770 0.252828 0.002051 0.241742
1 1 0.052285 0.456780 0.291272 0.002717 0.196946
1 1 0.016347 0.381024 0.352709 0.001489 0.248431
2 1 0.019140 0.339626 0.503154 0.001470 0.136611
2 1 0.006877 0.233576 0.604122 0.019297 0.136129
2 2 0.007699 0.217811 0.629965 0.029069 0.115456
2 2 0.006318 0.230086 0.612242 0.013539 0.137815
2 2 0.015668 0.324873 0.458686 0.005390 0.195383
2 2 0.011865 0.262190 0.594573 0.015479 0.115893
2 2 0.009008 0.204721 0.688809 0.001269 0.096193
2 2 0.011015 0.250910 0.606374 0.015297 0.116404
2 2 0.008360 0.221278 0.643343 0.009978 0.117041
1 2 0.052895 0.372659 0.340091 0.013710 0.220645
1 2 0.114728 0.473051 0.148717 0.001675 0.261828
1 2 0.149554 0.494535 0.128455 0.001170 0.226286
1 2 0.093865 0.410710 0.309886 0.012540 0.173000
0 2 0.385944 0.170909 0.136339 0.002258 0.304550
1 1 0.184162 0.471248 0.102711 0.000744 0.241135
0 0 0.327202 0.314794 0.120448 0.007325 0.230231
1 0 0.103204 0.490080 0.135280 0.000993 0.270443
1 0 0.138129 0.456149 0.230493 0.005897 0.169332
1 1 0.155713 0.473934 0.143053 0.001977 0.225323
1 1 0.125719 0.396252 0.081436 0.000446 0.396147
1 1 0.082691 0.432315 0.117637 0.000752 0.366606
4 1 0.159823 0.326739 0.096597 0.001806 0.415036
4 0 0.191513 0.093222 0.058906 0.003652 0.652707
4 0 0.261584 0.213474 0.050727 0.001372 0.472843
4 0 0.194487 0.144547 0.168073 0.006692 0.486201
4 0 0.082680 0.296604 0.103336 0.001615 0.515765
1 1 0.050642 0.416201 0.173677 0.001886 0.357594
1 2 0.040518 0.402719 0.198584 0.002317 0.355862
1 2 0.064220 0.438609 0.165063 0.001703 0.330405
2 2 0.026498 0.347607 0.451789 0.012245 0.161861
2 2 0.015917 0.274405 0.528395 0.017397 0.163886
2 2 0.028695 0.319295 0.503816 0.003098 0.145095
2 2 0.035692 0.340978 0.483726 0.014283 0.125322
2 2 0.036202 0.362826 0.406673 0.011636 0.182663
4 2 0.056802 0.336347 0.046299 0.000055 0.560498
4 1 0.089937 0.208635 0.057206 0.000776 0.643446
4 0 0.115060 0.135596 0.076903 0.001045 0.671396
1 0 0.048433 0.554047 0.072493 0.000042 0.324985
4 1 0.058124 0.354000 0.102387 0.000638 0.484850
2 1 0.017630 0.317106 0.490892 0.012911 0.161461
2 1 0.013137 0.233185 0.612854 0.037990 0.102834
2 1 0.030540 0.270870 0.513658 0.011718 0.173215
2 2 0.015948 0.294413 0.534700 0.016922 0.138018
2 2 0.018122 0.305739 0.509843 0.016216 0.150080
2 2 0.029165 0.330511 0.452399 0.017854 0.170071
2 2 0.048072 0.376958 0.420237 0.014228 0.140505
1 2 0.078734 0.439815 0.310672 0.007224 0.163555
1 1 0.131607 0.463358 0.279047 0.003728 0.122260
1 1 0.108864 0.371078 0.340246 0.002923 0.176889
2 2 0.007165 0.175533 0.750672 0.002382 0.064248
2 2 0.005151 0.143490 0.765379 0.020981 0.064999
2 2 0.004023 0.101936 0.854311 0.001310 0.038421
2 2 0.007231 0.189970 0.736693 0.001753 0.064353
2 2 0.003701 0.099344 0.859955 0.004903 0.032098
2 2 0.003276 0.073600 0.891480 0.015019 0.016625
2 2 0.001627 0.056616 0.906462 0.021111 0.014184
2 2 0.001835 0.052601 0.906954 0.027438 0.011171
2 2 0.000893 0.036208 0.896423 0.059338 0.007138
2 2 0.002193 0.052441 0.891449 0.042297 0.011619
2 2 0.004569 0.135096 0.770575 0.036967 0.052793
2 2 0.005042 0.125404 0.796264 0.018682 0.054608
2 2 0.004615 0.128905 0.738427 0.080341 0.047712
2 2 0.004449 0.152990 0.722118 0.048677 0.071766
2 2 0.002651 0.109489 0.781265 0.052665 0.053930
4 2 0.073206 0.344121 0.144902 0.002708 0.435062
4 2 0.134897 0.262701 0.121140 0.006392 0.474871
4 2 0.073666 0.340127 0.146110 0.002905 0.437192
4 2 0.131053 0.388294 0.087406 0.000624 0.392623
4 0 0.249124 0.088377 0.138084 0.006456 0.517959
1 0 0.349472 0.470730 0.069285 0.000424 0.110090
0 0 0.328435 0.316424 0.086893 0.002868 0.265380
1 0 0.320488 0.371602 0.081571 0.001375 0.224964
1 0 0.190456 0.508448 0.099822 0.000596 0.200678
1 1 0.171865 0.548243 0.086563 0.000268 0.193062
2 2 0.033193 0.334127 0.457952 0.019473 0.155255
1 2 0.092565 0.337883 0.318199 0.019649 0.231704
1 2 0.099521 0.470982 0.226515 0.003654 0.199328
1 2 0.085340 0.403588 0.335923 0.013646 0.161503
1 1 0.156847 0.491514 0.149263 0.001645 0.200731
1 1 0.315009 0.369143 0.024019 0.000026 0.291803
0 1 0.479690 0.172086 0.016853 0.000136 0.331235
0 1 0.536457 0.146513 0.015191 0.000181 0.301658
0 0 0.542188 0.042243 0.018739 0.000413 0.396417
4 0 0.388245 0.034343 0.008837 0.001941 0.566634
4 0 0.302449 0.083584 0.035792 0.000731 0.577443
4 0 0.348076 0.050951 0.024132 0.001684 0.575156
0 0 0.418066 0.254839 0.033147 0.000311 0.293638
1 2 0.317499 0.384139 0.026527 0.000031 0.271803
4 2 0.180991 0.332291 0.048147 0.000199 0.438372
4 2 0.033939 0.123257 0.028519 0.000167 0.814117
4 4 0.018417 0.081709 0.034808 0.000658 0.864408
4 4 0.019022 0.101972 0.032313 0.000264 0.846429
4 4 0.016360 0.042248 0.017984 0.000557 0.922852
4 4 0.015960 0.024714 0.013074 0.000444 0.945808
4 4 0.035117 0.038031 0.008517 0.000142 0.918193
4 4 0.026092 0.079104 0.014042 0.000053 0.880709
4 4 0.036523 0.025841 0.005530 0.000123 0.931982
4 4 0.030888 0.116733 0.021656 0.000074 0.830649
4 4 0.025519 0.013919 0.004473 0.000314 0.955776
4 4 0.029376 0.067043 0.017459 0.000204 0.885917
4 4 0.015255 0.028632 0.012597 0.000563 0.942953
4 4 0.028136 0.025132 0.009295 0.000570 0.936866
4 4 0.042154 0.074113 0.021877 0.000438 0.861418
4 4 0.018837 0.029848 0.009660 0.000254 0.941400
4 4 0.029835 0.028683 0.014144 0.001553 0.925786
4 4 0.034648 0.039737 0.016659 0.001083 0.907873
4 4 0.019110 0.038413 0.017919 0.000864 0.923693
4 4 0.019838 0.061494 0.024799 0.000578 0.893291
4 4 0.015876 0.059290 0.039265 0.002342 0.883227
4 4 0.015442 0.053366 0.031047 0.001483 0.898663
4 4 0.019945 0.039474 0.024916 0.002163 0.913502
4 4 0.024156 0.067917 0.039398 0.002118 0.866412
4 4 0.023954 0.161692 0.070041 0.000945 0.743368
4 4 0.017623 0.120294 0.079591 0.002732 0.779759
4 4 0.012096 0.159425 0.121116 0.002453 0.704910
4 4 0.009944 0.233321 0.142838 0.001298 0.612599
4 4 0.008833 0.203315 0.166904 0.002980 0.617968
4 4 0.006700 0.267544 0.167109 0.000962 0.557685
4 4 0.014734 0.102460 0.071168 0.002339 0.809299
2 4 0.005848 0.247638 0.440612 0.001696 0.304206
2 4 0.004569 0.219934 0.440919 0.000986 0.333592
2 4 0.005488 0.261015 0.430000 0.006802 0.296696
2 4 0.004651 0.218320 0.449600 0.003732 0.323696
2 4 0.004177 0.185132 0.540021 0.003824 0.266846
2 4 0.003830 0.167348 0.634000 0.005929 0.188893
2 4 0.002967 0.161438 0.616156 0.002483 0.216956
2 2 0.003357 0.203835 0.505458 0.012697 0.274653
2 2 0.003073 0.204201 0.472202 0.004543 0.315981
2 2 0.003604 0.162554 0.628299 0.003217 0.202326
4 2 0.053363 0.230337 0.049733 0.000218 0.666349
4 2 0.060772 0.186422 0.042263 0.000284 0.710259
4 0 0.077197 0.042299 0.018476 0.002418 0.859610
4 0 0.048379 0.093863 0.019577 0.000164 0.838017
4 0 0.097506 0.123030 0.018542 0.000114 0.760807
4 0 0.156345 0.118967 0.059065 0.002939 0.662685
1 0 0.055557 0.510707 0.106565 0.000220 0.326951
4 2 0.059110 0.191732 0.060361 0.000807 0.687990
1 2 0.061376 0.480235 0.110140 0.000327 0.347923
1 2 0.048088 0.495902 0.092620 0.000133 0.363257
4 0 0.116821 0.048972 0.017898 0.002013 0.814295
4 0 0.170194 0.111254 0.035834 0.001829 0.680890
4 0 0.122378 0.411394 0.038193 0.000033 0.428002
4 1 0.084009 0.271765 0.059307 0.000354 0.584564
4 1 0.078467 0.233111 0.062983 0.000655 0.624784
1 1 0.026514 0.435374 0.258539 0.000837 0.278736
1 1 0.038282 0.460134 0.242940 0.000381 0.258263
1 1 0.024677 0.396785 0.359036 0.001046 0.218456
1 1 0.029939 0.398668 0.355505 0.000410 0.215477
2 2 0.025578 0.336038 0.500899 0.001141 0.136344
2 2 0.005393 0.082702 0.892360 0.001426 0.018120
2 2 0.014122 0.177865 0.760120 0.003569 0.044323
2 2 0.007688 0.107514 0.859392 0.002132 0.023276
2 2 0.005477 0.082166 0.891475 0.002137 0.018744
2 2 0.005427 0.104813 0.860784 0.003530 0.025447
2 2 0.000343 0.017764 0.976778 0.001820 0.003295
2 2 0.000393 0.020083 0.972203 0.003646 0.003675
2 2 0.001482 0.038248 0.952105 0.001449 0.006717
2 2 0.000358 0.017792 0.975170 0.003523 0.003157
2 2 0.000336 0.018216 0.969725 0.008682 0.003041
2 2 0.000926 0.037925 0.923339 0.029150 0.008659
2 2 0.000554 0.027121 0.891860 0.076219 0.004246
2 2 0.000449 0.023518 0.923304 0.049181 0.003549
2 2 0.000463 0.027821 0.768645 0.198905 0.004166
2 2 0.000551 0.026981 0.885084 0.083226 0.004159
2 2 0.000334 0.023141 0.793192 0.180251 0.003082
2 2 0.000216 0.014166 0.738833 0.245501 0.001284
2 2 0.000190 0.013627 0.660161 0.324793 0.001229
2 3 0.000125 0.009998 0.628842 0.360301 0.000734
2 3 0.000196 0.013897 0.661757 0.322880 0.001270
3 3 0.000075 0.004958 0.477054 0.517681 0.000232
3 3 0.000161 0.007283 0.474391 0.517733 0.000431
3 3 0.000153 0.004378 0.327863 0.667392 0.000215
3 3 0.000061 0.004041 0.445407 0.550321 0.000170
2 3 0.000069 0.005217 0.508644 0.485819 0.000251
3 3 0.000521 0.002912 0.135460 0.860140 0.000967
3 3 0.000452 0.003308 0.162104 0.833351 0.000785
3 3 0.000515 0.004940 0.220154 0.773133 0.001259
3 3 0.000553 0.005407 0.231593 0.760896 0.001551
3 3 0.002375 0.004941 0.108231 0.880417 0.004035
3 3 0.002504 0.001953 0.043040 0.949521 0.002982
3 3 0.001113 0.002372 0.077880 0.916700 0.001934
3 3 0.001638 0.001870 0.051024 0.943204 0.002264
3 3 0.002113 0.001914 0.046171 0.946690 0.003111
3 3 0.000741 0.002519 0.099973 0.895567 0.001200
3 3 0.002733 0.002475 0.052086 0.938945 0.003761
3 3 0.004344 0.002353 0.039224 0.949269 0.004811
3 3 0.001327 0.001638 0.049762 0.945453 0.001820
3 3 0.002477 0.003628 0.079518 0.909704 0.004672
3 3 0.003198 0.003100 0.060101 0.928650 0.004951
3 3 0.006424 0.002553 0.035079 0.947930 0.008013
3 3 0.002505 0.001381 0.030693 0.962457 0.002965
3 3 0.004083 0.001404 0.024480 0.965137 0.004896
3 3 0.002769 0.000539 0.011369 0.983541 0.001782
3 3 0.002515 0.001297 0.028849 0.964221 0.003118
3 3 0.002279 0.002057 0.047777 0.944287 0.003600
3 3 0.002585 0.001910 0.041892 0.949171 0.004442
3 3 0.002896 0.001952 0.040207 0.950967 0.003978
3 3 0.010044 0.002650 0.030754 0.947042 0.009511
3 3 0.001804 0.000892 0.023406 0.972121 0.001777
3 3 0.003372 0.000775 0.014957 0.977371 0.003524
3 3 0.002972 0.001928 0.039184 0.951947 0.003969
3 3 0.003250 0.000644 0.012575 0.980966 0.002566
3 3 0.002264 0.001559 0.036422 0.956829 0.002926
3 3 0.001925 0.000704 0.017898 0.977796 0.001677
3 3 0.006415 0.002100 0.029045 0.954074 0.008365
3 3 0.002580 0.000610 0.013412 0.981167 0.002231
3 3 0.001447 0.000483 0.014206 0.982691 0.001172
3 3 0.002566 0.001083 0.023896 0.969433 0.003022
3 3 0.005101 0.001122 0.018117 0.971192 0.004468
3 3 0.002525 0.000879 0.019578 0.974277 0.002741
3 3 0.001144 0.000651 0.021538 0.975555 0.001111
3 3 0.000564 0.000473 0.022319 0.976094 0.000549
3 3 0.001480 0.000903 0.026255 0.969675 0.001687
3 3 0.001045 0.001004 0.034745 0.961817 0.001388
3 3 0.001430 0.001003 0.029644 0.966172 0.001751
3 3 0.001925 0.001117 0.028452 0.966101 0.002405
3 3 0.001465 0.000602 0.017623 0.978892 0.001418
3 3 0.002343 0.000833 0.019242 0.975141 0.002442
3 3 0.002435 0.000443 0.010032 0.985256 0.001834
3 3 0.003894 0.001417 0.025443 0.963381 0.005866
3 3 0.003224 0.000502 0.009902 0.983630 0.002742
3 3 0.006043 0.001877 0.026923 0.957753 0.007405
3 3 0.006910 0.001272 0.016980 0.968246 0.006593
3 3 0.002097 0.000902 0.022107 0.972287 0.002608
3 3 0.006027 0.001018 0.015184 0.972511 0.005260
3 3 0.004949 0.000581 0.009281 0.981442 0.003746
3 3 0.002348 0.000726 0.016742 0.977984 0.002200
3 3 0.004261 0.000445 0.007608 0.984625 0.003060
3 3 0.011024 0.001432 0.016441 0.963509 0.007594
3 3 0.021389 0.002508 0.021435 0.938778 0.015889
3 3 0.016781 0.000930 0.008796 0.964404 0.009090
3 3 0.005966 0.000635 0.009173 0.979012 0.005214
3 3 0.018598 0.001952 0.017145 0.947133 0.015172
3 3 0.010104 0.001235 0.013828 0.965010 0.009823
3 3 0.003127 0.001859 0.036982 0.953451 0.004581
3 3 0.014544 0.002444 0.024157 0.947508 0.011347
3 3 0.003218 0.000946 0.018629 0.973889 0.003318
3 3 0.005488 0.000555 0.008506 0.981270 0.004180
3 3 0.001910 0.000664 0.017096 0.978099 0.002232
3 3 0.006152 0.001528 0.021723 0.962326 0.008272
3 3 0.024922 0.001808 0.014127 0.942289 0.016854
3 3 0.071969 0.003179 0.016224 0.880748 0.027880
3 3 0.012156 0.001888 0.019740 0.951280 0.014936
3 3 0.017687 0.002139 0.018895 0.943268 0.018010
3 3 0.014461 0.001437 0.014274 0.959810 0.010018
3 3 0.004077 0.000669 0.011728 0.979516 0.004010
3 3 0.006869 0.001054 0.014747 0.972034 0.005296
3 3 0.014437 0.001943 0.019046 0.950036 0.014537
3 3 0.020600 0.001738 0.014824 0.950095 0.012743
3 3 0.003754 0.000713 0.013009 0.979469 0.003055
3 3 0.003022 0.001296 0.026348 0.965372 0.003962
3 3 0.023887 0.002341 0.019006 0.941369 0.013397
3 3 0.005011 0.000651 0.010260 0.979786 0.004293
3 3 0.002979 0.000578 0.011896 0.981592 0.002954
3 3 0.013070 0.001546 0.015983 0.958803 0.010598
3 3 0.046833 0.001628 0.010168 0.922555 0.018816
3 3 0.005470 0.000546 0.008253 0.981113 0.004618
3 3 0.012406 0.001894 0.019787 0.951758 0.014154
3 3 0.016575 0.001660 0.015014 0.952836 0.013914
3 3 0.006432 0.000918 0.012932 0.973712 0.006007
3 3 0.057833 0.001856 0.010467 0.907106 0.022739
3 3 0.004524 0.000887 0.014879 0.976235 0.003475
3 3 0.062446 0.004186 0.021486 0.873642 0.038239
3 3 0.020061 0.002104 0.018068 0.944351 0.015416
3 3 0.012691 0.017143 0.169362 0.785725 0.015080
3 3 0.003665 0.016657 0.262783 0.709632 0.007262
2 3 0.016793 0.080574 0.496461 0.384050 0.022122
3 2 0.030877 0.057464 0.325564 0.560765 0.025330
2 2 0.013145 0.094064 0.583013 0.291366 0.018413
2 2 0.016387 0.213111 0.611868 0.055970 0.102663
2 2 0.014991 0.229189 0.606019 0.047066 0.102735
2 2 0.010647 0.232773 0.590744 0.032466 0.133371
2 2 0.009375 0.207465 0.600500 0.046343 0.136317
2 2 0.006208 0.182977 0.635448 0.048610 0.126757
2 2 0.005906 0.177344 0.625433 0.052106 0.139211
2 2 0.005914 0.136421 0.660072 0.099252 0.098341
2 2 0.007269 0.139839 0.622122 0.102776 0.127994
2 4 0.010496 0.119076 0.545386 0.157206 0.167836
2 4 0.005698 0.179462 0.624986 0.048913 0.140941
4 4 0.015660 0.055027 0.051750 0.007204 0.870358
4 4 0.013976 0.038056 0.026741 0.002429 0.918798
4 4 0.015354 0.032999 0.020694 0.001815 0.929138
4 4 0.011688 0.024851 0.014649 0.001118 0.947694
4 4 0.014287 0.026494 0.017601 0.002010 0.939608
4 4 0.022909 0.045612 0.042053 0.008100 0.881327
4 4 0.025019 0.107388 0.061308 0.002342 0.803942
4 4 0.028088 0.040538 0.032940 0.007654 0.890779
4 4 0.030789 0.043880 0.037687 0.009806 0.877839
4 4 0.020530 0.027904 0.020714 0.003981 0.926871
4 4 0.026305 0.080335 0.057927 0.005138 0.830296
4 4 0.018657 0.040479 0.033951 0.005730 0.901182
4 4 0.024132 0.078415 0.036654 0.001150 0.859648
4 4 0.021814 0.035071 0.028567 0.004752 0.909797
4 4 0.026012 0.048997 0.032102 0.003042 0.889846
4 4 0.022189 0.027627 0.016666 0.002247 0.931271
4 4 0.013142 0.023680 0.011962 0.000754 0.950462
4 4 0.023087 0.022861 0.013441 0.002116 0.938496
4 4 0.027417 0.037507 0.020742 0.002123 0.912212
4 4 0.026998 0.038909 0.020571 0.001812 0.911710
4 4 0.027108 0.058556 0.031408 0.001967 0.880961
4 4 0.026855 0.044493 0.022697 0.001621 0.904334
4 4 0.021942 0.036951 0.024199 0.002970 0.913938
4 4 0.023521 0.020368 0.009713 0.001080 0.945319
4 4 0.027184 0.027724 0.018011 0.003476 0.923605
4 4 0.038157 0.018235 0.009282 0.002107 0.932219
4 4 0.028157 0.015378 0.008201 0.001808 0.946457
4 4 0.039659 0.016114 0.006494 0.001013 0.936720
4 4 0.042913 0.019958 0.007324 0.000818 0.928987
4 4 0.033912 0.017810 0.006398 0.000604 0.941276
4 4 0.039134 0.048838 0.032135 0.004546 0.875347
4 4 0.022608 0.095198 0.058158 0.002625 0.821411
4 4 0.020998 0.125469 0.084650 0.003456 0.765427
4 4 0.029033 0.129780 0.086395 0.004528 0.750264
4 4 0.042420 0.126216 0.070264 0.003553 0.757547
4 4 0.018177 0.222077 0.189075 0.006766 0.563905
4 4 0.038361 0.139787 0.129763 0.010314 0.681775
4 1 0.044041 0.137847 0.112784 0.008678 0.696650
4 1 0.020072 0.120200 0.095744 0.005667 0.758317
4 1 0.014521 0.182547 0.190712 0.010445 0.601776
4 1 0.019747 0.167512 0.133433 0.005741 0.673567
4 2 0.030454 0.156240 0.108655 0.005554 0.699098
4 2 0.026628 0.180707 0.108712 0.003082 0.680870
4 2 0.052310 0.258293 0.100419 0.001467 0.587511
4 0 0.104350 0.111221 0.137038 0.012900 0.634490
4 0 0.090112 0.148954 0.194910 0.025815 0.540209
4 0 0.031054 0.331781 0.266737 0.006234 0.364194
4 0 0.019820 0.268992 0.301203 0.011646 0.398340
4 1 0.033708 0.360521 0.212293 0.003681 0.389798
2 1 0.022690 0.334399 0.350814 0.009166 0.282930
2 1 0.011532 0.275967 0.450452 0.014410 0.247640
2 1 0.015119 0.311605 0.397915 0.009538 0.265823
2 4 0.019148 0.337103 0.410700 0.009027 0.224021
2 4 0.016249 0.322597 0.436769 0.009900 0.214484
4 4 0.030936 0.245018 0.334142 0.019762 0.370143
4 4 0.068031 0.132325 0.120016 0.014470 0.665158
4 1 0.062725 0.214973 0.165590 0.010677 0.546036
4 1 0.030621 0.330621 0.275637 0.007330 0.355791
4 1 0.040577 0.316355 0.310082 0.012058 0.320928
1 1 0.047693 0.412223 0.212176 0.002930 0.324978
1 1 0.040267 0.410013 0.250085 0.003501 0.296134
1 1 0.033474 0.388653 0.326698 0.006118 0.245057
2 1 0.096082 0.246297 0.335231 0.025965 0.296425
1 1 0.024933 0.355262 0.316193 0.006351 0.297261
1 1 0.046782 0.432223 0.217160 0.002364 0.301471
2 1 0.034294 0.313624 0.370899 0.017175 0.264009
4 1 0.034325 0.281004 0.243330 0.008791 0.432550
2 1 0.019481 0.304957 0.434375 0.016232 0.224955
1 1 0.027143 0.353668 0.278265 0.005603 0.335321
2 1 0.025983 0.245917 0.422854 0.032597 0.272649
2 1 0.009743 0.243486 0.524850 0.006819 0.215102
2 1 0.013277 0.320414 0.364384 0.006122 0.295803
2 2 0.008784 0.235698 0.551543 0.025228 0.178746
2 2 0.009958 0.241449 0.529999 0.003313 0.215282
2 2 0.009503 0.249757 0.510324 0.009056 0.221360
2 2 0.016252 0.324156 0.369979 0.007682 0.281931
2 2 0.019591 0.300533 0.472111 0.018896 0.188870
2 2 0.022200 0.326209 0.431346 0.013472 0.206774
1 2 0.019419 0.353472 0.288267 0.003952 0.334890
1 2 0.021667 0.386829 0.346416 0.004043 0.241045
2 2 0.003807 0.160635 0.662421 0.006921 0.166216
2 2 0.004798 0.208789 0.532872 0.004639 0.248901
2 2 0.004699 0.175505 0.635262 0.005226 0.179308
2 2 0.004019 0.200372 0.533153 0.012880 0.249576
2 2 0.004039 0.185250 0.596128 0.010755 0.203828
2 2 0.002896 0.124306 0.753569 0.002873 0.116356
2 2 0.002951 0.145574 0.722942 0.003329 0.125205
2 2 0.002638 0.109684 0.808035 0.001800 0.077843
2 2 0.003393 0.119300 0.789767 0.001702 0.085837
2 2 0.004882 0.193096 0.664853 0.001423 0.135747
2 1 0.053456 0.370982 0.457039 0.001540 0.116983
2 1 0.014261 0.301516 0.485505 0.002365 0.196352
2 1 0.018880 0.283509 0.568064 0.001653 0.127894
2 1 0.009756 0.188619 0.700535 0.004051 0.097040
2 2 0.007696 0.196056 0.669328 0.004197 0.122723
2 2 0.002868 0.110061 0.827042 0.005480 0.054549
2 2 0.002603 0.111054 0.832801 0.003164 0.050377
2 2 0.003345 0.114830 0.824676 0.001753 0.055397
2 2 0.003820 0.082021 0.886812 0.001169 0.026178
2 2 0.001979 0.090775 0.860990 0.002219 0.044037
2 2 0.000350 0.024099 0.958559 0.012163 0.004830
2 2 0.000747 0.040931 0.936865 0.008832 0.012625
2 2 0.000370 0.029472 0.956489 0.005643 0.008026
2 2 0.000273 0.020034 0.958753 0.017636 0.003304
2 2 0.000283 0.020376 0.968186 0.007187 0.003968
2 2 0.009726 0.234134 0.641485 0.006751 0.107904
2 2 0.020548 0.279924 0.584832 0.004648 0.110048
2 2 0.006661 0.176296 0.730679 0.002915 0.083448
2 2 0.007297 0.169610 0.723324 0.008508 0.091262
2 2 0.006366 0.140531 0.784142 0.003264 0.065697
2 2 0.000280 0.029929 0.878071 0.086221 0.005499
2 2 0.002688 0.106797 0.835951 0.010140 0.044424
2 2 0.002210 0.064239 0.886670 0.025283 0.021598
2 2 0.001816 0.058958 0.873682 0.048533 0.017011
2 2 0.000591 0.040496 0.923894 0.024304 0.010715
2 2 0.001485 0.056118 0.881733 0.044577 0.016087
