0 0 0.754941 0.079550 0.048758 0.021303 0.095448
0 0 0.764050 0.058759 0.035892 0.016300 0.124999
0 0 0.537043 0.061080 0.029074 0.004385 0.368418
0 0 0.539738 0.061168 0.029182 0.004446 0.365466
0 0 0.627275 0.071605 0.049805 0.021639 0.229677
4 0 0.331875 0.049126 0.019768 0.001419 0.597812
0 0 0.579408 0.062227 0.030722 0.005446 0.322197
0 0 0.502163 0.123400 0.054792 0.005439 0.314206
0 0 0.543146 0.061277 0.029318 0.004524 0.361735
0 0 0.559842 0.061762 0.029975 0.004927 0.343494
0 0 0.767622 0.058465 0.035933 0.016770 0.121210
0 0 0.789832 0.056245 0.036082 0.020350 0.097491
0 0 0.553127 0.061577 0.029713 0.004760 0.350824
0 0 0.471245 0.073687 0.032646 0.003465 0.418957
0 0 0.472929 0.058421 0.026381 0.003153 0.439116
0 0 0.752042 0.077072 0.046736 0.019621 0.104529
0 0 0.571909 0.062063 0.030439 0.005240 0.330350
0 0 0.566932 0.061944 0.030249 0.005108 0.335767
4 0 0.218253 0.038240 0.013820 0.000617 0.729070
0 0 0.732859 0.060769 0.035380 0.012996 0.157996
0 0 0.690445 0.062306 0.034370 0.009948 0.202930
0 0 0.709963 0.061741 0.034871 0.011201 0.182224
4 4 0.403543 0.126495 0.050906 0.003224 0.415832
4 4 0.324502 0.103967 0.039044 0.001848 0.530638
4 4 0.313328 0.047565 0.018835 0.001260 0.619013
0 4 0.419351 0.303399 0.160599 0.021273 0.095379
1 4 0.328920 0.389707 0.184158 0.015251 0.081964
0 0 0.378406 0.358868 0.165342 0.014447 0.082937
0 1 0.569239 0.127818 0.124380 0.083976 0.094586
0 4 0.375234 0.342411 0.174391 0.018989 0.088975
1 0 0.331867 0.401481 0.179022 0.012845 0.074785
1 4 0.320207 0.351555 0.200878 0.013642 0.113717
1 2 0.180816 0.403098 0.201152 0.010189 0.204745
1 2 0.190368 0.436164 0.232812 0.014385 0.126271
1 2 0.132003 0.378632 0.276727 0.027524 0.185114
2 2 0.006420 0.078714 0.870544 0.039490 0.004832
2 2 0.014662 0.110176 0.807973 0.061091 0.006098
2 2 0.002175 0.036639 0.938395 0.020324 0.002467
2 2 0.011076 0.201354 0.747976 0.031993 0.007601
2 2 0.003592 0.052906 0.935537 0.004056 0.003910
2 2 0.003845 0.071503 0.883023 0.037540 0.004089
2 2 0.001881 0.040401 0.897186 0.057469 0.003062
2 2 0.007894 0.095370 0.717570 0.173123 0.006043
2 2 0.037797 0.164735 0.670481 0.109875 0.017113
2 2 0.012147 0.187395 0.739847 0.051902 0.008708
2 0 0.056844 0.214401 0.448017 0.243231 0.037508
2 1 0.154485 0.234771 0.388496 0.167111 0.055137
2 2 0.154232 0.238320 0.384395 0.168084 0.054969
2 2 0.042779 0.297399 0.458596 0.139742 0.061484
2 2 0.032359 0.159699 0.549323 0.236520 0.022098
2 2 0.013554 0.128048 0.668045 0.179823 0.010530
2 2 0.015154 0.173814 0.676955 0.122492 0.011585
2 2 0.025296 0.149132 0.533370 0.276310 0.015891
2 2 0.017997 0.128856 0.647768 0.194390 0.010989
2 2 0.017999 0.131763 0.631952 0.206173 0.012114
2 2 0.023966 0.242023 0.533223 0.180249 0.020539
2 2 0.014046 0.080898 0.514322 0.381390 0.009344
3 2 0.009135 0.057219 0.418447 0.507560 0.007638
3 2 0.005198 0.027716 0.354338 0.608176 0.004571
2 3 0.022261 0.100240 0.494833 0.370178 0.012488
3 3 0.016378 0.093312 0.403480 0.474152 0.012678
3 3 0.008536 0.036828 0.314185 0.634901 0.005550
3 3 0.025866 0.063180 0.378233 0.519885 0.012837
3 3 0.004378 0.023770 0.268053 0.699802 0.003997
3 3 0.021524 0.080515 0.413639 0.472039 0.012283
3 3 0.060325 0.090134 0.262554 0.552930 0.034057
2 3 0.087494 0.177260 0.355305 0.329168 0.050773
2 1 0.078871 0.213550 0.388699 0.266360 0.052520
2 2 0.238193 0.183134 0.346588 0.158523 0.073562
2 2 0.165284 0.302925 0.347914 0.117512 0.066365
0 1 0.369292 0.255012 0.197252 0.057171 0.121273
0 1 0.386330 0.259325 0.168149 0.030472 0.155723
0 0 0.466862 0.265165 0.145454 0.023276 0.099243
0 1 0.723460 0.061378 0.035538 0.012475 0.167149
0 2 0.418266 0.292087 0.164254 0.025077 0.100315
2 2 0.151326 0.346578 0.355378 0.086091 0.060628
2 1 0.142517 0.329088 0.369999 0.103333 0.055064
1 1 0.184071 0.390692 0.315444 0.049824 0.059969
2 2 0.140506 0.324434 0.373340 0.108105 0.053615
1 2 0.148359 0.381850 0.351358 0.064017 0.054416
1 2 0.173162 0.359920 0.291592 0.044512 0.130813
1 2 0.148598 0.336669 0.284464 0.034053 0.196216
2 0 0.135285 0.352094 0.357141 0.085068 0.070412
0 1 0.582654 0.151799 0.113291 0.014479 0.137777
1 1 0.266039 0.457336 0.199775 0.011454 0.065396
2 2 0.045486 0.306450 0.568066 0.055130 0.024868
1 1 0.106743 0.497390 0.329850 0.024251 0.041765
1 2 0.130769 0.461491 0.328869 0.031659 0.047212
2 2 0.033843 0.147802 0.696592 0.103032 0.018731
2 2 0.071312 0.281879 0.545718 0.062023 0.039068
2 2 0.038676 0.300227 0.567204 0.071529 0.022365
2 2 0.068401 0.409560 0.450651 0.040929 0.030458
1 2 0.098951 0.478824 0.355547 0.027977 0.038701
2 2 0.048529 0.285647 0.462599 0.166907 0.036318
2 2 0.023750 0.176625 0.606288 0.177883 0.015453
2 2 0.028323 0.114736 0.687850 0.159206 0.009885
2 2 0.025455 0.168664 0.620389 0.171211 0.014281
2 2 0.022583 0.187599 0.476166 0.294803 0.018848
2 2 0.029491 0.094600 0.712837 0.154017 0.009055
2 2 0.024554 0.122353 0.551547 0.287567 0.013979
2 3 0.026124 0.132460 0.654538 0.176131 0.010747
1 3 0.046592 0.469179 0.421207 0.036466 0.026556
2 3 0.013273 0.104501 0.648678 0.224895 0.008653
2 3 0.007738 0.045014 0.567405 0.375428 0.004416
2 3 0.016211 0.155644 0.637916 0.179179 0.011050
2 3 0.207803 0.304815 0.312233 0.097239 0.077909
2 3 0.111517 0.294764 0.390488 0.145544 0.057687
1 2 0.097757 0.410109 0.371408 0.057933 0.062794
2 2 0.239810 0.282398 0.290706 0.102531 0.084555
2 2 0.163062 0.330227 0.339312 0.092690 0.074709
4 2 0.275364 0.193530 0.117341 0.013385 0.400380
1 2 0.247572 0.333251 0.241028 0.042499 0.135651
0 2 0.371269 0.270992 0.180293 0.035735 0.141710
1 0 0.259619 0.311751 0.229716 0.038798 0.160116
0 1 0.594667 0.191462 0.100819 0.019430 0.093622
1 2 0.115688 0.569544 0.266802 0.009893 0.038073
1 2 0.090990 0.483214 0.356544 0.029960 0.039292
1 2 0.073264 0.495733 0.366328 0.027863 0.036812
2 2 0.150920 0.389275 0.397888 0.027144 0.034774
1 2 0.100520 0.521012 0.322967 0.019309 0.036192
0 1 0.371451 0.361722 0.156708 0.011148 0.098971
1 2 0.168943 0.343574 0.174683 0.005161 0.307640
1 2 0.285776 0.350562 0.169788 0.003873 0.190000
1 0 0.284272 0.448816 0.186824 0.010380 0.069708
4 1 0.289934 0.220531 0.103609 0.006079 0.379847
0 0 0.409139 0.320887 0.140578 0.010862 0.118534
0 0 0.459720 0.263727 0.117607 0.010311 0.148635
0 0 0.406387 0.132527 0.095230 0.002517 0.363339
0 1 0.705702 0.109949 0.063509 0.020308 0.100533
1 1 0.364870 0.376037 0.166718 0.012931 0.079444
1 1 0.216433 0.442697 0.279744 0.011720 0.049406
1 1 0.137311 0.587774 0.221673 0.006243 0.046999
1 2 0.162492 0.541211 0.229996 0.009345 0.056956
1 2 0.189790 0.482945 0.249729 0.016349 0.061187
1 2 0.155704 0.470177 0.294439 0.021227 0.058454
1 2 0.164641 0.364132 0.267664 0.004387 0.199175
1 0 0.268691 0.338097 0.240510 0.004534 0.148169
0 1 0.358191 0.267104 0.146022 0.004251 0.224432
1 2 0.219589 0.511239 0.200931 0.008238 0.060002
1 1 0.246377 0.402754 0.139720 0.003619 0.207530
1 4 0.252377 0.454384 0.170016 0.005933 0.117290
1 0 0.262169 0.317296 0.108273 0.002754 0.309508
4 1 0.217735 0.224567 0.156084 0.003025 0.398589
0 4 0.326868 0.264846 0.132974 0.003288 0.272025
1 4 0.297007 0.326115 0.117735 0.003848 0.255296
2 4 0.049549 0.268887 0.606650 0.017946 0.056968
1 4 0.161534 0.328484 0.315902 0.002616 0.191463
2 4 0.039155 0.368660 0.516747 0.015220 0.060217
2 2 0.223626 0.255186 0.438352 0.007414 0.075422
1 2 0.183938 0.473623 0.287135 0.008524 0.046780
1 0 0.167338 0.459193 0.228914 0.005939 0.138617
1 1 0.239880 0.386512 0.207330 0.003695 0.162583
1 4 0.162503 0.561339 0.195668 0.004560 0.075931
1 1 0.191436 0.473999 0.227151 0.003586 0.103828
1 1 0.293998 0.379438 0.211808 0.006005 0.108752
0 0 0.395629 0.290740 0.119501 0.007162 0.186968
0 0 0.527908 0.180767 0.083351 0.009156 0.198817
0 0 0.706358 0.061862 0.034783 0.010953 0.186043
0 0 0.567285 0.195030 0.097016 0.014597 0.126072
0 1 0.400097 0.270141 0.110124 0.006469 0.213169
1 1 0.216542 0.458608 0.266304 0.006906 0.051640
1 2 0.217606 0.409538 0.265205 0.003508 0.104142
1 2 0.098114 0.500635 0.303761 0.003846 0.093643
1 2 0.110422 0.455391 0.326129 0.001083 0.106975
2 2 0.110548 0.361326 0.409007 0.004098 0.115021
2 2 0.181760 0.252955 0.428874 0.018841 0.117571
4 1 0.179014 0.260303 0.159113 0.001991 0.399580
1 0 0.298421 0.419105 0.167122 0.007921 0.107431
0 0 0.579362 0.172852 0.097404 0.020672 0.129709
0 1 0.551953 0.223386 0.113718 0.018325 0.092618
1 1 0.127170 0.545101 0.284717 0.004078 0.038933
1 1 0.108443 0.504944 0.309915 0.001601 0.075098
1 1 0.139332 0.434497 0.376014 0.002744 0.047414
1 4 0.089544 0.531007 0.310258 0.001331 0.067860
2 4 0.078378 0.414239 0.439050 0.000689 0.067645
2 4 0.116278 0.375564 0.462736 0.013710 0.031713
2 2 0.059720 0.314372 0.596285 0.001729 0.027894
2 2 0.088709 0.423683 0.457924 0.001971 0.027714
2 2 0.014153 0.187823 0.763621 0.000575 0.033828
2 2 0.050462 0.314654 0.604350 0.004392 0.026141
2 2 0.015800 0.204402 0.770586 0.000466 0.008745
2 2 0.016198 0.156441 0.812365 0.001978 0.013018
2 2 0.007883 0.085225 0.895946 0.003414 0.007532
2 2 0.015325 0.169558 0.802275 0.007152 0.005691
2 2 0.015354 0.126748 0.848711 0.002348 0.006838
2 1 0.028787 0.178569 0.727128 0.009460 0.056056
1 1 0.036216 0.480307 0.425807 0.015959 0.041711
1 1 0.208160 0.375446 0.343896 0.015387 0.057110
2 2 0.053612 0.296192 0.581343 0.034501 0.034351
2 2 0.029220 0.302279 0.589599 0.023791 0.055111
2 2 0.009378 0.094978 0.877490 0.010448 0.007707
2 2 0.008189 0.125461 0.836070 0.017301 0.012979
2 2 0.026914 0.305312 0.646209 0.004275 0.017290
2 2 0.026013 0.244215 0.703211 0.007545 0.019016
2 2 0.011003 0.254287 0.672350 0.048550 0.013810
0 1 0.462501 0.244901 0.107588 0.008983 0.176028
4 1 0.171030 0.168004 0.061111 0.001471 0.598384
0 0 0.422531 0.148973 0.060758 0.003988 0.363750
0 0 0.645205 0.067789 0.035482 0.008048 0.243476
0 1 0.483603 0.267771 0.126452 0.014151 0.108023
2 2 0.077500 0.426431 0.456641 0.012100 0.027327
2 2 0.045251 0.321902 0.600869 0.006439 0.025540
2 2 0.020154 0.112989 0.832704 0.005181 0.028972
1 2 0.058884 0.590466 0.305979 0.009029 0.035642
2 2 0.019172 0.216441 0.735156 0.001052 0.028179
2 2 0.025498 0.246880 0.678101 0.037331 0.012190
2 2 0.005913 0.114610 0.855625 0.012789 0.011063
2 2 0.005598 0.092784 0.875403 0.018936 0.007279
2 2 0.024946 0.192651 0.744389 0.028214 0.009800
2 2 0.011281 0.071682 0.842601 0.069211 0.005224
2 2 0.120777 0.327068 0.380981 0.084910 0.086265
2 2 0.066047 0.283667 0.420119 0.068527 0.161640
2 0 0.166611 0.224078 0.387601 0.053802 0.167908
1 1 0.220821 0.492568 0.218200 0.011106 0.057306
1 2 0.160033 0.455427 0.291999 0.027707 0.064834
4 2 0.184245 0.112569 0.035154 0.000694 0.667338
4 2 0.208376 0.107567 0.044288 0.000726 0.639043
4 0 0.267518 0.044471 0.016849 0.000924 0.670238
0 0 0.804119 0.054342 0.036045 0.023558 0.081936
0 0 0.804119 0.054342 0.036045 0.023558 0.081936
0 0 0.782726 0.057038 0.036058 0.019059 0.105119
0 0 0.524046 0.227320 0.109032 0.013560 0.126042
4 0 0.338372 0.222155 0.082396 0.003284 0.353793
0 0 0.597144 0.189645 0.100065 0.019492 0.093654
0 0 0.457229 0.235584 0.101937 0.008028 0.197221
1 0 0.106525 0.585172 0.266115 0.003406 0.038782
1 0 0.105295 0.600219 0.255308 0.003792 0.035386
1 0 0.091330 0.621448 0.245285 0.002930 0.039007
1 1 0.150192 0.578192 0.219181 0.005745 0.046691
1 1 0.093526 0.536510 0.275549 0.001194 0.093220
1 1 0.265084 0.394338 0.189834 0.007034 0.143710
1 2 0.200055 0.530985 0.204687 0.007575 0.056698
1 1 0.216851 0.513978 0.201474 0.008146 0.059550
1 4 0.158250 0.441256 0.281572 0.009778 0.109143
4 1 0.167292 0.236362 0.263563 0.009971 0.322813
4 1 0.323095 0.133827 0.049402 0.002086 0.491590
0 2 0.417835 0.137434 0.055917 0.003676 0.385138
0 0 0.379288 0.219985 0.085652 0.004265 0.310810
0 0 0.574809 0.062128 0.030549 0.005319 0.327195
0 0 0.755408 0.059410 0.035775 0.015254 0.134153
0 0 0.752412 0.059617 0.035730 0.014918 0.137323
0 0 0.752486 0.059612 0.035731 0.014926 0.137245
0 0 0.516558 0.143396 0.064536 0.006640 0.268870
4 0 0.308959 0.178708 0.064129 0.002276 0.445928
0 0 0.490819 0.107876 0.047588 0.004685 0.349032
0 0 0.623987 0.076885 0.039168 0.007729 0.252231
0 0 0.698039 0.062113 0.034572 0.010411 0.194866
4 0 0.406675 0.116008 0.047030 0.003120 0.427168
0 0 0.787520 0.056513 0.036077 0.019912 0.099979
0 0 0.678335 0.062552 0.034033 0.009268 0.215811
0 0 0.304892 0.265604 0.143406 0.002704 0.283394
0 0 0.396463 0.201257 0.085286 0.005503 0.311492
1 1 0.248525 0.469694 0.179806 0.006844 0.095131
1 1 0.292491 0.441164 0.184883 0.010646 0.070816
1 1 0.302788 0.420049 0.170258 0.008655 0.098250
1 1 0.189522 0.541839 0.206588 0.007213 0.054837
1 1 0.239197 0.441030 0.248074 0.006791 0.064908
1 1 0.126560 0.579818 0.237037 0.007637 0.048948
1 2 0.179018 0.552822 0.208387 0.006850 0.052923
1 2 0.173018 0.520588 0.253244 0.005956 0.047193
2 1 0.150644 0.262550 0.481065 0.000879 0.104862
2 2 0.062238 0.285026 0.526213 0.000433 0.126090
2 2 0.040213 0.352465 0.552196 0.000309 0.054818
2 2 0.058042 0.197839 0.713091 0.000772 0.030256
1 2 0.081996 0.598575 0.288954 0.002853 0.027621
2 2 0.092424 0.237602 0.618819 0.000567 0.050588
1 2 0.052615 0.529726 0.387685 0.006558 0.023416
1 2 0.135155 0.415833 0.415515 0.003454 0.030043
2 2 0.046329 0.373031 0.536822 0.000542 0.043276
2 2 0.023025 0.169423 0.782699 0.004134 0.020719
2 2 0.012679 0.165044 0.807648 0.000294 0.014335
2 2 0.017241 0.259364 0.692226 0.000055 0.031114
2 2 0.024393 0.290953 0.665798 0.000334 0.018522
2 2 0.019730 0.284910 0.681192 0.000147 0.014021
2 2 0.023152 0.259127 0.696630 0.000567 0.020523
2 2 0.018275 0.264267 0.692505 0.006220 0.018733
2 2 0.024256 0.243730 0.674002 0.032882 0.025130
1 2 0.047050 0.492018 0.377535 0.006823 0.076575
1 2 0.084476 0.514110 0.373836 0.002998 0.024581
2 2 0.013422 0.231631 0.725898 0.002798 0.026250
2 2 0.012409 0.168224 0.804961 0.002863 0.011543
2 2 0.037081 0.233242 0.701938 0.016127 0.011611
2 2 0.032856 0.164235 0.775582 0.009513 0.017812
2 2 0.024481 0.255719 0.688937 0.019894 0.010968
2 2 0.009121 0.164818 0.816156 0.000695 0.009210
1 2 0.053285 0.575945 0.316079 0.012422 0.042270
2 1 0.069164 0.415283 0.469351 0.016399 0.029802
2 2 0.053912 0.420348 0.457266 0.035416 0.033057
1 2 0.067306 0.558129 0.318642 0.014597 0.041326
1 2 0.076795 0.615698 0.260852 0.006931 0.039725
1 2 0.096877 0.407727 0.325483 0.029305 0.140607
1 0 0.124669 0.445474 0.291355 0.024968 0.113533
0 0 0.457242 0.274963 0.163044 0.016600 0.088151
1 0 0.231549 0.499373 0.198501 0.008641 0.061936
1 1 0.151911 0.514441 0.255408 0.014203 0.064036
1 2 0.212045 0.478544 0.230330 0.014125 0.064956
1 1 0.149896 0.499591 0.275584 0.017969 0.056961
1 2 0.122673 0.512453 0.296363 0.018631 0.049880
1 4 0.084088 0.482259 0.345859 0.028052 0.059742
0 2 0.345170 0.283083 0.212499 0.015578 0.143670
1 2 0.087822 0.554245 0.326180 0.005077 0.026676
2 2 0.029509 0.252144 0.678688 0.026971 0.012688
2 2 0.056136 0.444716 0.468701 0.008478 0.021969
2 2 0.022224 0.159129 0.795127 0.014176 0.009344
2 1 0.042517 0.186345 0.744101 0.018400 0.008636
2 1 0.060188 0.440536 0.451443 0.009845 0.037989
1 1 0.058910 0.442551 0.439963 0.020603 0.037972
2 0 0.037010 0.242675 0.644186 0.029471 0.046658
2 0 0.228892 0.251116 0.377075 0.008716 0.134201
1 0 0.095777 0.552177 0.296553 0.011297 0.044196
4 0 0.283976 0.225276 0.078127 0.002282 0.410340
4 0 0.251526 0.052642 0.028800 0.003417 0.663615
0 0 0.531776 0.119764 0.054829 0.006272 0.287360
0 0 0.392536 0.185651 0.073152 0.003961 0.344700
0 0 0.754814 0.059452 0.035766 0.015186 0.134782
1 0 0.255127 0.434818 0.215814 0.016545 0.077696
1 0 0.160417 0.572701 0.211301 0.006201 0.049380
1 1 0.181023 0.550712 0.208052 0.006920 0.053293
1 1 0.163039 0.528573 0.237330 0.010946 0.060112
1 0 0.188307 0.510242 0.229313 0.011353 0.060785
1 0 0.186087 0.490161 0.223984 0.010851 0.088916
1 0 0.161259 0.571789 0.211177 0.006231 0.049545
1 0 0.316969 0.418700 0.178944 0.011430 0.073957
1 0 0.283862 0.449200 0.186920 0.010366 0.069652
1 0 0.162736 0.570190 0.210958 0.006282 0.049833
1 0 0.093807 0.566219 0.277138 0.001787 0.061049
1 0 0.147441 0.419290 0.366506 0.002292 0.064471
1 0 0.113673 0.592561 0.252954 0.004150 0.036662
1 0 0.116728 0.466648 0.365231 0.002159 0.049234
1 0 0.071140 0.530507 0.364088 0.001516 0.032749
1 0 0.070067 0.509438 0.397519 0.002578 0.020399
2 0 0.024150 0.261288 0.702898 0.000343 0.011321
2 0 0.022626 0.184484 0.784271 0.000274 0.008343
2 2 0.007195 0.096907 0.887392 0.000079 0.008427
2 1 0.004373 0.098307 0.889350 0.001789 0.006181
1 2 0.148145 0.586157 0.213003 0.005768 0.046928
1 0 0.072954 0.573472 0.272382 0.004106 0.077087
2 0 0.226965 0.316769 0.370313 0.004813 0.081140
1 1 0.169528 0.524339 0.241496 0.004906 0.059731
1 1 0.145210 0.589419 0.213380 0.005664 0.046327
1 0 0.237193 0.490580 0.192383 0.007972 0.071871
0 1 0.374619 0.317585 0.149676 0.007304 0.150816
1 1 0.174861 0.557215 0.209070 0.006706 0.052148
1 2 0.196983 0.517235 0.194001 0.006044 0.085736
1 0 0.287084 0.332546 0.295474 0.005384 0.079512
1 1 0.310762 0.351331 0.183577 0.005182 0.149148
1 1 0.145120 0.585870 0.217508 0.005601 0.045901
1 1 0.159000 0.489702 0.271115 0.003114 0.077069
1 1 0.124511 0.610620 0.218294 0.004890 0.041686
1 1 0.177633 0.490292 0.277822 0.005394 0.048859
1 1 0.184720 0.363104 0.198693 0.001391 0.252092
1 2 0.109715 0.473784 0.342708 0.001492 0.072301
2 2 0.116273 0.383208 0.388033 0.000873 0.111613
1 2 0.112304 0.437788 0.282875 0.000816 0.166217
2 2 0.086969 0.393477 0.393487 0.000499 0.125568
2 2 0.050849 0.421712 0.503616 0.000779 0.023044
2 2 0.023926 0.283973 0.668795 0.000392 0.022914
2 2 0.037832 0.326949 0.614819 0.000380 0.020019
2 2 0.064478 0.351814 0.567997 0.001472 0.014240
2 0 0.042350 0.312070 0.625624 0.000793 0.019164
0 0 0.354721 0.323923 0.193080 0.006897 0.121380
1 1 0.248591 0.482735 0.194886 0.009209 0.064578
1 1 0.182589 0.549069 0.207787 0.006974 0.053580
1 1 0.239504 0.491569 0.196835 0.008907 0.063185
1 2 0.166705 0.540944 0.199650 0.003986 0.088716
1 2 0.121725 0.567192 0.261700 0.003627 0.045757
1 2 0.101589 0.476331 0.354342 0.002531 0.065208
2 2 0.120466 0.386156 0.419174 0.001266 0.072938
1 1 0.112009 0.492365 0.327625 0.006081 0.061919
0 1 0.369693 0.340295 0.205251 0.011282 0.073479
1 1 0.315559 0.419981 0.179292 0.011385 0.073783
1 1 0.224177 0.506668 0.200010 0.008393 0.060752
1 2 0.271924 0.349984 0.288654 0.004970 0.084468
1 2 0.110481 0.424122 0.378752 0.007630 0.079016
1 1 0.228559 0.488998 0.215012 0.008180 0.059252
2 2 0.105449 0.390790 0.463107 0.001876 0.038778
2 2 0.027588 0.314326 0.633233 0.000316 0.024537
2 2 0.027996 0.296305 0.646823 0.004224 0.024653
2 2 0.026704 0.255157 0.693391 0.001591 0.023156
2 2 0.010641 0.163646 0.805452 0.003288 0.016973
2 2 0.014082 0.219905 0.736653 0.012285 0.017075
2 2 0.048823 0.394841 0.534431 0.005073 0.016833
2 2 0.031434 0.275924 0.669503 0.009186 0.013952
1 2 0.068321 0.498717 0.404280 0.005422 0.023259
2 2 0.022922 0.229219 0.724150 0.007084 0.016624
1 2 0.119457 0.443596 0.302177 0.028272 0.106498
1 1 0.162570 0.383426 0.216237 0.012954 0.224812
1 0 0.284973 0.448161 0.186659 0.010402 0.069804
0 2 0.425055 0.242836 0.214935 0.015728 0.101445
1 2 0.182625 0.494711 0.243025 0.014462 0.065178
2 2 0.027049 0.209247 0.740852 0.007406 0.015446
2 1 0.067323 0.310857 0.599482 0.006950 0.015388
2 2 0.023174 0.231029 0.712926 0.001914 0.030956
2 2 0.038648 0.283420 0.642435 0.017317 0.018180
2 2 0.077396 0.299185 0.575171 0.009688 0.038560
1 1 0.086472 0.584576 0.273016 0.009625 0.046311
2 1 0.182546 0.318481 0.421095 0.016357 0.061521
2 1 0.181825 0.285277 0.452736 0.011521 0.068640
2 2 0.094262 0.385204 0.443674 0.036881 0.039979
2 2 0.091152 0.347166 0.517901 0.012962 0.030819
2 2 0.010923 0.180703 0.774263 0.010131 0.023980
2 2 0.066503 0.305456 0.588336 0.008241 0.031463
2 1 0.062250 0.305300 0.602573 0.012206 0.017670
2 1 0.065795 0.397898 0.501973 0.008857 0.025477
1 1 0.049104 0.459094 0.449969 0.016463 0.025369
1 1 0.194222 0.456583 0.243508 0.005126 0.100561
1 2 0.156583 0.570412 0.219193 0.005953 0.047859
1 2 0.113720 0.452854 0.349266 0.001691 0.082469
1 1 0.071705 0.436282 0.379981 0.009440 0.102592
1 1 0.239021 0.347408 0.257941 0.002614 0.153017
2 2 0.130194 0.338341 0.446854 0.016980 0.067632
2 2 0.100064 0.372910 0.461625 0.026892 0.038510
2 2 0.060637 0.336926 0.493019 0.004176 0.105243
1 2 0.110715 0.573543 0.266409 0.006484 0.042849
1 1 0.185400 0.386303 0.378682 0.009083 0.040531
1 0 0.277097 0.455544 0.188494 0.010146 0.068719
1 0 0.229549 0.346933 0.197336 0.003597 0.222584
0 1 0.378384 0.283993 0.154856 0.005759 0.177008
1 1 0.250384 0.396659 0.138036 0.003641 0.211281
1 0 0.189354 0.440755 0.165011 0.004245 0.200635
1 1 0.167111 0.380749 0.243117 0.001267 0.207756
1 0 0.212954 0.461407 0.217319 0.004286 0.104034
1 0 0.138490 0.558179 0.215553 0.002987 0.084790
1 0 0.139978 0.572693 0.223739 0.004085 0.059505
1 1 0.102060 0.436074 0.319536 0.000734 0.141595
2 2 0.037139 0.376412 0.531577 0.000197 0.054675
2 2 0.045263 0.356414 0.520856 0.000197 0.077270
1 2 0.070120 0.461482 0.422078 0.000904 0.045415
1 1 0.099912 0.435908 0.387160 0.001054 0.075965
1 0 0.086990 0.445278 0.368365 0.000710 0.098657
2 0 0.052346 0.433394 0.468316 0.000496 0.045449
2 1 0.069963 0.367997 0.464844 0.000368 0.096829
2 1 0.054813 0.397329 0.505349 0.000504 0.042005
1 1 0.042135 0.460200 0.432032 0.000285 0.065348
2 1 0.044059 0.343801 0.550403 0.000213 0.061524
1 1 0.120806 0.432701 0.372287 0.001522 0.072685
1 1 0.144773 0.481146 0.267227 0.002051 0.104803
1 0 0.124395 0.511037 0.319843 0.003268 0.041456
2 1 0.107324 0.384746 0.398860 0.000774 0.108297
2 1 0.046213 0.355677 0.467414 0.000140 0.130556
2 0 0.043641 0.377918 0.513793 0.000229 0.064418
2 0 0.067038 0.422631 0.463187 0.002290 0.044854
1 1 0.065548 0.474830 0.401899 0.000708 0.057015
2 1 0.033923 0.274785 0.632926 0.000109 0.058257
2 1 0.063688 0.433811 0.449780 0.000626 0.052095
4 1 0.127258 0.279796 0.277736 0.007494 0.307716
1 2 0.070693 0.424038 0.420980 0.000510 0.083779
2 1 0.083550 0.331504 0.415641 0.000302 0.169002
2 1 0.133449 0.260815 0.505419 0.001227 0.099090
1 0 0.139941 0.341288 0.340632 0.000789 0.177350
2 0 0.067553 0.204439 0.590268 0.000133 0.137608
2 1 0.055647 0.318241 0.517665 0.000189 0.108258
2 1 0.038694 0.302068 0.555283 0.000099 0.103856
1 1 0.100118 0.461129 0.358665 0.001131 0.078958
2 0 0.061640 0.330979 0.452652 0.000187 0.154542
4 0 0.212110 0.113480 0.036939 0.000886 0.636585
4 0 0.215988 0.130041 0.042157 0.000974 0.610840
0 0 0.704050 0.061936 0.034725 0.010799 0.188490
0 0 0.772354 0.058051 0.035982 0.017431 0.116182
0 0 0.472685 0.066570 0.029752 0.003332 0.427661
0 0 0.306619 0.285644 0.224938 0.052110 0.130689
0 0 0.535134 0.236259 0.118734 0.017875 0.091999
1 1 0.338019 0.390672 0.164439 0.010082 0.096789
1 0 0.301724 0.413737 0.164649 0.007770 0.112119
1 1 0.285907 0.447290 0.186440 0.010433 0.069931
1 1 0.055538 0.420200 0.354938 0.000211 0.169114
1 1 0.045037 0.390577 0.357937 0.000118 0.206331
2 1 0.057475 0.350310 0.356104 0.000144 0.235967
4 0 0.130288 0.184106 0.334377 0.000234 0.350994
1 0 0.090306 0.329214 0.318626 0.000282 0.261573
2 1 0.079006 0.355762 0.472461 0.000448 0.092322
2 1 0.062581 0.356321 0.482637 0.000287 0.098174
1 0 0.050025 0.526805 0.350486 0.000447 0.072238
1 1 0.069194 0.413442 0.296929 0.000269 0.220166
1 1 0.103632 0.568668 0.246042 0.001822 0.079835
1 1 0.182647 0.535001 0.188707 0.004749 0.088896
1 1 0.250377 0.368916 0.146286 0.003049 0.231372
1 1 0.136852 0.468016 0.193446 0.001310 0.200376
1 1 0.258053 0.450217 0.169923 0.006180 0.115628
1 1 0.157848 0.478674 0.222672 0.002095 0.138711
1 1 0.123925 0.421595 0.340443 0.001136 0.112901
1 0 0.142969 0.562500 0.192983 0.003003 0.098545
1 1 0.236938 0.422565 0.207944 0.004076 0.128477
1 1 0.108960 0.549426 0.259109 0.001839 0.080665
1 1 0.100091 0.417113 0.339732 0.000654 0.142409
2 2 0.020409 0.259444 0.672092 0.000051 0.048004
2 2 0.015875 0.181543 0.769064 0.000031 0.033487
2 2 0.011220 0.133772 0.819463 0.000012 0.035532
2 2 0.012209 0.142764 0.813507 0.000017 0.031504
2 0 0.006622 0.091842 0.871664 0.000004 0.029868
2 0 0.033464 0.202245 0.639981 0.000043 0.124267
2 1 0.048471 0.404844 0.441758 0.000212 0.104714
2 1 0.041714 0.378896 0.403308 0.000108 0.175975
2 1 0.030172 0.248541 0.493702 0.000031 0.227554
2 0 0.038691 0.246846 0.606037 0.000075 0.108351
1 1 0.113061 0.540539 0.306139 0.003329 0.036932
1 1 0.066664 0.455504 0.391987 0.000509 0.085335
2 1 0.028019 0.288108 0.625640 0.000084 0.058149
2 1 0.032696 0.269747 0.601582 0.000069 0.095906
2 1 0.057521 0.350014 0.532317 0.000351 0.059797
4 0 0.131354 0.251544 0.075789 0.000576 0.540738
4 0 0.132807 0.192272 0.088504 0.000392 0.586025
4 0 0.374994 0.134840 0.087994 0.002177 0.399995
4 0 0.424500 0.098522 0.041013 0.003145 0.432820
0 0 0.353599 0.226631 0.085655 0.003706 0.330409
4 0 0.164644 0.283091 0.197177 0.000701 0.354387
4 0 0.124340 0.297688 0.138892 0.000487 0.438593
4 0 0.162251 0.193472 0.073941 0.000630 0.569704
4 0 0.213117 0.184026 0.092954 0.000891 0.509011
4 0 0.264271 0.211242 0.118478 0.001476 0.404534
4 0 0.268483 0.117109 0.040946 0.001368 0.572094
4 0 0.261946 0.097789 0.034368 0.001204 0.604694
4 0 0.261153 0.095070 0.033452 0.001183 0.609142
4 0 0.170506 0.050519 0.016543 0.000449 0.761983
4 0 0.328795 0.048872 0.019614 0.001392 0.601327
1 0 0.231290 0.352525 0.202327 0.017632 0.196225
0 0 0.479795 0.272878 0.129100 0.014492 0.103735
0 0 0.538377 0.165982 0.100077 0.008181 0.187383
0 0 0.553292 0.222369 0.113317 0.018360 0.092662
1 0 0.208634 0.318048 0.280294 0.074719 0.118305
1 0 0.281654 0.410988 0.154685 0.005730 0.146943
4 0 0.208531 0.304762 0.119671 0.001489 0.365547
0 0 0.377850 0.208677 0.101375 0.003646 0.308452
0 0 0.312969 0.310724 0.125029 0.003968 0.247310
4 0 0.317600 0.161219 0.073948 0.004960 0.442273
2 0 0.136868 0.252693 0.324613 0.004662 0.281164
2 0 0.147926 0.321648 0.379256 0.000879 0.150291
1 0 0.204144 0.392325 0.315481 0.003228 0.084823
1 0 0.129110 0.423598 0.332439 0.014802 0.100052
1 0 0.142516 0.562851 0.220330 0.003622 0.070680
1 0 0.082917 0.478540 0.371977 0.000979 0.065586
2 0 0.043069 0.290049 0.541065 0.000098 0.125719
1 0 0.083435 0.503307 0.283086 0.000698 0.129473
1 0 0.173614 0.461843 0.270488 0.002974 0.091081
2 0 0.110529 0.370401 0.415782 0.000801 0.102486
1 0 0.159420 0.488167 0.286868 0.003611 0.061934
2 0 0.154456 0.296680 0.430618 0.009692 0.108554
1 0 0.183414 0.520572 0.237399 0.006636 0.051979
1 0 0.304034 0.360298 0.253992 0.012649 0.069027
1 0 0.180542 0.548680 0.210809 0.006824 0.053146
4 0 0.090279 0.209890 0.295339 0.000139 0.404353
1 0 0.138521 0.396403 0.228900 0.000905 0.235272
1 0 0.116859 0.382698 0.298561 0.000636 0.201246
1 0 0.183519 0.345644 0.236574 0.005507 0.228756
4 0 0.246402 0.212236 0.208868 0.001075 0.331418
4 0 0.269396 0.093209 0.033175 0.001240 0.602980
0 0 0.634805 0.060193 0.040089 0.006199 0.258713
0 0 0.750263 0.059761 0.035696 0.014684 0.139597
0 0 0.661787 0.062772 0.033544 0.008438 0.233459
4 0 0.316187 0.121162 0.044646 0.001895 0.516110
4 0 0.220699 0.147260 0.177897 0.000559 0.453584
0 0 0.337508 0.258667 0.096432 0.003825 0.303568
1 0 0.192988 0.363744 0.150948 0.001591 0.290729
1 0 0.168766 0.460456 0.141233 0.002012 0.227532
1 0 0.203122 0.371353 0.164622 0.001832 0.259070
1 0 0.280996 0.363539 0.182131 0.013546 0.159787
0 0 0.470703 0.287109 0.137556 0.016082 0.088550
1 1 0.220799 0.341392 0.164283 0.008440 0.265087
1 1 0.317820 0.388555 0.153989 0.007282 0.132353
0 0 0.460014 0.273870 0.146863 0.021928 0.097324
0 0 0.800251 0.054904 0.036068 0.022591 0.086184
0 0 0.798808 0.055105 0.036074 0.022251 0.087762
0 4 0.611806 0.143634 0.072761 0.012588 0.159210
0 4 0.583866 0.179523 0.090148 0.014373 0.132090
0 4 0.786659 0.056610 0.036075 0.019754 0.100903
0 4 0.428105 0.322073 0.149595 0.014842 0.085385
0 4 0.490679 0.126890 0.075602 0.004482 0.302347
4 4 0.318245 0.094691 0.051349 0.005922 0.529793
1 4 0.288451 0.303651 0.107263 0.003225 0.297409
1 4 0.329474 0.339567 0.130258 0.005536 0.195165
0 4 0.332952 0.243754 0.122706 0.010144 0.290444
0 4 0.380411 0.322789 0.133422 0.007990 0.155388
0 4 0.404936 0.341551 0.155982 0.014152 0.083379
0 4 0.385119 0.357400 0.162425 0.013881 0.081175
0 4 0.572408 0.162050 0.116315 0.043405 0.105822
1 4 0.203142 0.526137 0.200867 0.007170 0.062684
1 4 0.229832 0.491128 0.206448 0.007905 0.064688
1 4 0.352516 0.386885 0.169940 0.012549 0.078111
1 4 0.150872 0.386406 0.303717 0.038009 0.120997
1 4 0.227299 0.503572 0.199375 0.008498 0.061256
0 4 0.553142 0.172845 0.082104 0.010363 0.181546
0 4 0.499660 0.217832 0.099010 0.009839 0.173659
0 0 0.441302 0.158061 0.090951 0.012415 0.297272
0 4 0.731086 0.097743 0.058611 0.022465 0.090095
0 4 0.421414 0.268582 0.112907 0.007610 0.189486
0 4 0.564196 0.214122 0.110043 0.018647 0.092991
1 4 0.314842 0.378122 0.195101 0.018938 0.092998
1 4 0.289363 0.387324 0.146478 0.005478 0.171357
1 4 0.335018 0.400972 0.172702 0.011583 0.079724
0 4 0.425580 0.239847 0.107814 0.008602 0.218156
1 2 0.118746 0.454533 0.376375 0.006393 0.043954
2 4 0.067418 0.350494 0.507725 0.009122 0.065242
2 4 0.188575 0.260123 0.439202 0.007601 0.104499
1 4 0.193530 0.523152 0.222769 0.007040 0.053509
2 4 0.103866 0.312812 0.531315 0.017182 0.034825
2 2 0.094166 0.139820 0.687519 0.012963 0.065533
2 2 0.101410 0.298016 0.515630 0.050338 0.034606
2 2 0.264814 0.330223 0.334859 0.007973 0.062130
1 1 0.240186 0.485144 0.202561 0.009891 0.062218
1 2 0.187741 0.539109 0.212225 0.007052 0.053874
1 2 0.168699 0.404611 0.361974 0.019854 0.044862
1 1 0.150050 0.458964 0.280485 0.007692 0.102808
1 1 0.215625 0.448908 0.265912 0.009926 0.059629
1 1 0.296760 0.372014 0.168505 0.005101 0.157621
1 2 0.173769 0.476183 0.281330 0.004959 0.063760
1 2 0.135933 0.432939 0.368370 0.005381 0.057377
2 2 0.176289 0.336556 0.433922 0.008202 0.045032
2 2 0.081233 0.360701 0.510924 0.008122 0.039020
2 2 0.056551 0.317611 0.569682 0.003758 0.052399
2 2 0.209181 0.347735 0.373910 0.020479 0.048695
2 1 0.278973 0.193610 0.334580 0.002296 0.190541
1 2 0.190130 0.494863 0.249578 0.009479 0.055950
1 2 0.168221 0.564289 0.210124 0.006474 0.050891
1 2 0.123735 0.481804 0.297233 0.004576 0.092652
1 2 0.155793 0.446539 0.283603 0.001970 0.112096
4 0 0.227718 0.181364 0.149851 0.000809 0.440259
0 0 0.539250 0.119327 0.112875 0.004907 0.223641
0 1 0.342954 0.269279 0.101426 0.004182 0.282158
4 1 0.291452 0.188068 0.069012 0.002047 0.449422
1 1 0.215293 0.339490 0.108185 0.001981 0.335051
1 4 0.280827 0.421710 0.160951 0.006288 0.130224
1 1 0.233056 0.467060 0.169061 0.005049 0.125775
1 1 0.282671 0.310283 0.165570 0.002949 0.238527
1 2 0.182368 0.416191 0.269566 0.002193 0.129681
1 4 0.237152 0.475619 0.177447 0.006008 0.103774
0 4 0.362728 0.197921 0.090742 0.006553 0.342056
0 4 0.441368 0.273741 0.119513 0.009470 0.155909
0 4 0.450061 0.298725 0.138785 0.014077 0.098352
0 4 0.505758 0.259142 0.127398 0.017070 0.090633
1 4 0.333206 0.404053 0.174883 0.011944 0.075914
1 4 0.140382 0.474192 0.231912 0.009900 0.143614
1 4 0.224261 0.399532 0.257777 0.012733 0.105698
1 4 0.238622 0.492432 0.197021 0.008877 0.063048
1 4 0.328023 0.376494 0.187000 0.017121 0.091363
1 4 0.264166 0.467784 0.191444 0.009723 0.066883
4 4 0.248716 0.274400 0.090978 0.002085 0.383820
4 0 0.397315 0.106886 0.043136 0.002836 0.449826
0 0 0.507627 0.102245 0.045940 0.004954 0.339234
0 1 0.715812 0.089266 0.051139 0.016403 0.127380
0 0 0.412342 0.307820 0.132881 0.009738 0.137219
4 1 0.369934 0.113070 0.044262 0.002510 0.470225
1 1 0.274938 0.384910 0.139012 0.004368 0.196773
0 1 0.366152 0.236566 0.173813 0.003598 0.219871
1 2 0.317407 0.323277 0.120259 0.004507 0.234550
4 2 0.265063 0.289571 0.101694 0.002487 0.341185
2 4 0.093852 0.150458 0.677007 0.001026 0.077658
1 4 0.169149 0.342747 0.253437 0.001040 0.233626
1 4 0.134181 0.438985 0.367312 0.002298 0.057225
2 2 0.082418 0.357365 0.459605 0.002198 0.098415
2 2 0.047535 0.166019 0.726049 0.000328 0.060069
2 2 0.052939 0.204152 0.679310 0.001703 0.061896
2 2 0.201953 0.346369 0.404641 0.004724 0.042313
1 2 0.135029 0.455428 0.373298 0.003749 0.032496
2 2 0.008071 0.062589 0.912011 0.000863 0.016467
2 2 0.030429 0.274089 0.647521 0.009671 0.038291
2 2 0.009974 0.114010 0.849606 0.010819 0.015591
2 2 0.011580 0.160596 0.788993 0.020707 0.018123
2 2 0.008496 0.156328 0.807796 0.016185 0.011195
2 2 0.005251 0.114228 0.831167 0.035520 0.013834
2 2 0.014630 0.187984 0.758275 0.015329 0.023782
2 2 0.017042 0.129794 0.647705 0.195065 0.010393
2 2 0.042136 0.301860 0.523251 0.111344 0.021409
2 2 0.018538 0.150682 0.729831 0.091522 0.009427
2 2 0.027419 0.117946 0.724181 0.121301 0.009154
2 2 0.013215 0.092762 0.622109 0.263957 0.007957
2 2 0.024919 0.198674 0.565607 0.192941 0.017858
2 2 0.023261 0.103542 0.601689 0.261179 0.010329
2 3 0.015119 0.133779 0.600570 0.241128 0.009404
2 3 0.046628 0.169381 0.576665 0.190675 0.016650
2 3 0.007683 0.074870 0.698786 0.213580 0.005080
2 3 0.015112 0.077688 0.603226 0.296342 0.007633
2 3 0.009571 0.050953 0.590595 0.344196 0.004685
2 3 0.021957 0.076538 0.535358 0.356926 0.009222
2 3 0.014862 0.092585 0.589430 0.294829 0.008294
2 3 0.018730 0.077255 0.520149 0.374774 0.009092
3 3 0.028865 0.131272 0.401653 0.417067 0.021143
2 3 0.026897 0.183603 0.452816 0.312170 0.024514
2 0 0.041041 0.211195 0.445851 0.272356 0.029557
2 1 0.088484 0.178861 0.604884 0.081707 0.046064
2 1 0.166213 0.288724 0.446168 0.055075 0.043818
4 0 0.163961 0.196044 0.057123 0.000755 0.582117
0 0 0.509099 0.085928 0.039007 0.004522 0.361444
4 0 0.356210 0.166997 0.063324 0.002927 0.410541
0 0 0.488508 0.143854 0.064669 0.005576 0.297393
0 0 0.435699 0.150450 0.062185 0.004330 0.347335
1 0 0.326136 0.331969 0.173998 0.005139 0.162758
4 0 0.155722 0.244393 0.232892 0.000969 0.366024
1 0 0.173001 0.373872 0.168851 0.005881 0.278394
4 0 0.351207 0.147298 0.138546 0.001705 0.361244
1 0 0.325554 0.407679 0.173038 0.010838 0.082892
4 0 0.211468 0.285434 0.136146 0.001322 0.365631
4 0 0.245476 0.296942 0.146136 0.001916 0.309529
4 0 0.085193 0.274407 0.199885 0.000192 0.440324
4 0 0.135954 0.182822 0.198727 0.000270 0.482227
0 0 0.526241 0.093852 0.117694 0.003293 0.258919
0 0 0.411819 0.239453 0.175356 0.050446 0.122926
2 0 0.166102 0.246592 0.320587 0.166838 0.099881
2 0 0.157826 0.285299 0.341509 0.134559 0.080807
1 1 0.237918 0.335949 0.226321 0.025137 0.174675
0 1 0.360623 0.285857 0.159457 0.004968 0.189096
4 1 0.128874 0.261220 0.239913 0.000372 0.369621
1 1 0.130342 0.423631 0.201360 0.000917 0.243749
4 1 0.122186 0.234987 0.241002 0.000289 0.401537
1 1 0.259808 0.378428 0.212475 0.003825 0.145464
0 1 0.403259 0.332439 0.146993 0.011705 0.105604
4 0 0.260848 0.243586 0.139041 0.001642 0.354883
1 0 0.151190 0.440606 0.160882 0.001391 0.245930
4 0 0.107376 0.252240 0.234951 0.000251 0.405182
1 1 0.130732 0.474780 0.188972 0.001230 0.204287
4 1 0.187186 0.319622 0.136744 0.001220 0.355228
2 0 0.042877 0.341624 0.372588 0.000083 0.242828
1 0 0.071523 0.487813 0.129367 0.000424 0.310873
2 0 0.094965 0.195760 0.370925 0.000142 0.338208
2 1 0.066951 0.245223 0.457213 0.000117 0.230496
1 1 0.086719 0.337821 0.313295 0.000272 0.261893
4 1 0.131202 0.304396 0.106695 0.000623 0.457084
4 1 0.188562 0.222900 0.127668 0.000761 0.460110
0 1 0.368975 0.285866 0.112448 0.005565 0.227146
1 1 0.273161 0.317106 0.110012 0.003018 0.296703
0 1 0.366387 0.163434 0.138692 0.002160 0.329326
0 0 0.398523 0.141838 0.084322 0.002743 0.372574
0 1 0.729419 0.081621 0.047585 0.016716 0.124659
4 0 0.330994 0.121511 0.045489 0.002077 0.499929
0 0 0.540741 0.061201 0.029222 0.004469 0.364367
0 4 0.611149 0.062726 0.031876 0.006421 0.287828
4 4 0.292733 0.094067 0.034371 0.001451 0.577377
0 4 0.529065 0.128331 0.058534 0.006512 0.277558
0 4 0.592564 0.085170 0.041866 0.006940 0.273460
0 4 0.613788 0.062752 0.031969 0.006510 0.284981
0 4 0.677047 0.062574 0.033997 0.009200 0.217183
0 0 0.665059 0.083906 0.044633 0.010500 0.195902
0 0 0.614286 0.062757 0.031986 0.006527 0.284444
0 1 0.738516 0.063473 0.037250 0.014060 0.146700
0 0 0.573611 0.085016 0.041023 0.006264 0.294086
0 4 0.692175 0.062265 0.034417 0.010051 0.201092
0 1 0.526947 0.127596 0.058072 0.006405 0.280980
0 1 0.447993 0.110122 0.046587 0.003783 0.391515
4 1 0.393070 0.146717 0.058075 0.003335 0.398804
0 0 0.569084 0.177725 0.086811 0.012306 0.154073
0 1 0.685452 0.127540 0.072831 0.021554 0.092622
0 1 0.552668 0.203168 0.099414 0.013813 0.130937
0 1 0.539809 0.161027 0.074709 0.008617 0.215837
0 0 0.529091 0.196069 0.091500 0.010427 0.172913
0 1 0.504012 0.153848 0.068355 0.006561 0.267224
0 1 0.385058 0.204216 0.079877 0.004115 0.326735
4 1 0.325605 0.209886 0.114173 0.002401 0.347935
0 0 0.380239 0.168173 0.096664 0.002821 0.352103
4 0 0.313629 0.176449 0.063688 0.002326 0.443908
0 1 0.444098 0.167376 0.126594 0.003937 0.257995
4 1 0.128379 0.219616 0.075216 0.000470 0.576318
4 0 0.206755 0.223173 0.077266 0.001166 0.491640
1 0 0.285134 0.349424 0.125337 0.003915 0.236190
0 1 0.353597 0.307578 0.119835 0.005590 0.213400
4 1 0.229005 0.265996 0.085610 0.001719 0.417670
0 4 0.581022 0.201539 0.104962 0.019083 0.093393
4 0 0.291426 0.097390 0.084584 0.000887 0.525712
4 0 0.219992 0.092904 0.031055 0.000865 0.655183
4 1 0.254534 0.146081 0.049510 0.001388 0.548488
4 0 0.191354 0.113515 0.035826 0.000743 0.658563
4 0 0.203996 0.132882 0.050321 0.000803 0.611997
4 0 0.203506 0.142406 0.050602 0.000858 0.602628
4 0 0.239811 0.140961 0.046969 0.001222 0.571037
4 0 0.233938 0.111508 0.070839 0.000718 0.582998
4 0 0.184243 0.127291 0.039394 0.000734 0.648339
4 0 0.310234 0.060461 0.023353 0.001350 0.604602
4 0 0.118719 0.282660 0.214141 0.021974 0.362507
4 0 0.218119 0.250529 0.231082 0.001037 0.299234
4 0 0.136217 0.225776 0.199484 0.000351 0.438171
1 0 0.154369 0.318930 0.220663 0.001530 0.304507
1 0 0.169814 0.316429 0.236961 0.001104 0.275692
4 0 0.154368 0.194713 0.205640 0.000367 0.444912
4 0 0.156559 0.229937 0.201394 0.000469 0.411641
4 0 0.169968 0.264198 0.174285 0.000695 0.390853
0 0 0.311057 0.246772 0.175681 0.002433 0.264056
4 0 0.191017 0.191434 0.261698 0.000527 0.355323
2 0 0.179556 0.283703 0.346040 0.000945 0.189757
2 0 0.119420 0.329913 0.373034 0.000558 0.177075
2 0 0.107489 0.328913 0.359535 0.000427 0.203637
1 0 0.114616 0.400442 0.304266 0.000696 0.179980
2 0 0.188040 0.278708 0.328207 0.000977 0.204068
0 0 0.485949 0.119493 0.109993 0.003478 0.281087
0 0 0.395159 0.349871 0.158640 0.013857 0.082473
0 0 0.431786 0.289146 0.157773 0.023089 0.098207
0 0 0.269505 0.247237 0.201002 0.043242 0.239014
0 0 0.442168 0.250234 0.107033 0.007909 0.192655
1 0 0.149797 0.381661 0.310574 0.001145 0.156823
4 0 0.207111 0.223486 0.158835 0.000848 0.409719
2 0 0.114666 0.252472 0.325199 0.000285 0.307378
1 0 0.077896 0.333689 0.302181 0.000215 0.286018
1 0 0.115956 0.414828 0.173844 0.000698 0.294673
1 0 0.195524 0.456430 0.295881 0.005963 0.046202
2 0 0.196603 0.318348 0.385369 0.002891 0.096789
2 0 0.129083 0.395652 0.409840 0.001644 0.063781
1 0 0.169341 0.523460 0.254899 0.005828 0.046471
1 0 0.145838 0.588720 0.213300 0.005686 0.046456
1 0 0.058281 0.484533 0.396680 0.000575 0.059930
2 1 0.029050 0.354863 0.511756 0.000075 0.104256
2 1 0.018738 0.320501 0.565799 0.000034 0.094928
2 1 0.043781 0.327562 0.558241 0.000179 0.070237
2 1 0.020087 0.275099 0.625463 0.000036 0.079315
1 1 0.074431 0.428317 0.407364 0.000542 0.089347
2 1 0.035121 0.209258 0.674786 0.000067 0.080769
2 1 0.048241 0.422483 0.450484 0.000275 0.078518
2 1 0.036883 0.159695 0.620726 0.000030 0.182666
2 1 0.051122 0.309744 0.524313 0.000152 0.114669
2 1 0.039323 0.223713 0.571264 0.000052 0.165648
2 1 0.048475 0.324010 0.486227 0.000128 0.141160
2 1 0.078091 0.314072 0.481181 0.000300 0.126356
1 0 0.079296 0.416415 0.381074 0.000469 0.122746
1 0 0.161256 0.432981 0.206849 0.001552 0.197362
2 0 0.109665 0.359030 0.433561 0.000785 0.096960
2 1 0.041570 0.341642 0.528039 0.000146 0.088603
2 1 0.031333 0.251439 0.610098 0.000055 0.107075
1 0 0.057794 0.455942 0.400978 0.000399 0.084888
1 1 0.127478 0.511117 0.304781 0.002820 0.053804
1 1 0.261221 0.389187 0.175787 0.003932 0.169873
