0 0 0.457085 0.105248 0.160687 0.191717 0.085263
4 0 0.158663 0.132524 0.110598 0.027030 0.571184
4 0 0.229899 0.180874 0.186659 0.014043 0.388525
2 0 0.150128 0.187752 0.349969 0.060833 0.251318
4 0 0.313602 0.111028 0.098854 0.034864 0.441652
2 0 0.096793 0.148878 0.428748 0.139464 0.186117
4 0 0.211503 0.095167 0.096290 0.038006 0.559036
2 0 0.096774 0.180026 0.511229 0.125685 0.086286
2 0 0.179250 0.178478 0.285593 0.171330 0.185350
0 0 0.799901 0.047778 0.064837 0.054266 0.033218
3 0 0.115902 0.053824 0.198328 0.452176 0.179769
4 0 0.206973 0.210909 0.245592 0.072616 0.263910
0 0 0.331013 0.207212 0.284260 0.072137 0.105378
2 0 0.052440 0.179748 0.641666 0.056172 0.069974
4 0 0.189386 0.179832 0.175036 0.042302 0.413444
4 0 0.159176 0.135111 0.187159 0.041754 0.476800
2 0 0.100980 0.182156 0.462721 0.138472 0.115671
2 0 0.142766 0.180445 0.388068 0.076775 0.211946
2 0 0.024875 0.105145 0.685121 0.134874 0.049986
0 0 0.269008 0.114079 0.239422 0.194041 0.183450
2 0 0.147392 0.199893 0.330175 0.040076 0.282463
2 0 0.058419 0.179113 0.590543 0.079145 0.092779
2 0 0.071008 0.188364 0.507877 0.052771 0.179981
2 0 0.015894 0.055048 0.626995 0.282820 0.019242
2 0 0.036338 0.104168 0.690973 0.132329 0.036192
2 0 0.045628 0.132517 0.650123 0.119560 0.052172
2 0 0.095806 0.200359 0.431662 0.066713 0.205460
2 0 0.051712 0.103389 0.668993 0.135911 0.039995
2 0 0.027986 0.084462 0.649182 0.206702 0.031668
2 0 0.082689 0.180789 0.438284 0.070227 0.228011
2 0 0.126099 0.120005 0.345740 0.296265 0.111892
4 0 0.145069 0.095404 0.234390 0.247435 0.277702
3 0 0.071648 0.103851 0.373350 0.393460 0.057691
0 0 0.502931 0.100775 0.103139 0.058923 0.234231
2 0 0.038213 0.073289 0.481553 0.356025 0.050920
4 0 0.164520 0.144762 0.278318 0.097549 0.314850
4 0 0.194382 0.215487 0.239893 0.013975 0.336263
0 0 0.404447 0.161442 0.227691 0.107110 0.099311
0 0 0.399215 0.131787 0.161289 0.118228 0.189481
2 0 0.131212 0.157565 0.383123 0.070766 0.257334
4 0 0.176470 0.145272 0.199011 0.035426 0.443821
2 0 0.065543 0.109868 0.488186 0.210109 0.126294
2 0 0.038512 0.116626 0.627372 0.123122 0.094367
2 0 0.050350 0.110592 0.594146 0.171078 0.073835
2 0 0.142849 0.149790 0.313678 0.121900 0.271782
3 0 0.069986 0.069341 0.373437 0.421829 0.065408
2 0 0.084110 0.206987 0.485493 0.042334 0.181077
2 0 0.083394 0.109964 0.412777 0.208136 0.185729
2 0 0.031306 0.096187 0.658690 0.171286 0.042531
2 1 0.085019 0.143203 0.420352 0.170111 0.181314
0 1 0.295293 0.143499 0.174244 0.140060 0.246904
0 0 0.349704 0.192675 0.267430 0.085014 0.105177
3 0 0.164375 0.098104 0.301881 0.367959 0.067681
2 1 0.087229 0.086854 0.380830 0.360881 0.084205
2 1 0.274816 0.169046 0.280458 0.050635 0.225046
2 0 0.072948 0.091341 0.416544 0.366115 0.053052
4 1 0.179936 0.193516 0.229021 0.027383 0.370144
0 1 0.359480 0.130516 0.284334 0.127461 0.098210
3 1 0.054872 0.024914 0.153909 0.735722 0.030583
4 1 0.228977 0.155968 0.156588 0.025227 0.433241
3 2 0.058488 0.073783 0.402389 0.422575 0.042764
2 2 0.068371 0.193291 0.573883 0.061290 0.103165
2 2 0.135848 0.190531 0.466579 0.078419 0.128623
2 2 0.161063 0.184946 0.350740 0.058195 0.245056
4 2 0.132485 0.176446 0.260524 0.039748 0.390797
2 2 0.116763 0.236547 0.375809 0.016964 0.253917
2 2 0.021268 0.047289 0.473186 0.438292 0.019965
2 2 0.069308 0.179852 0.568101 0.103904 0.078834
2 2 0.039647 0.135888 0.646186 0.092525 0.085754
2 2 0.126101 0.179387 0.410179 0.060229 0.224104
2 2 0.061860 0.148757 0.586227 0.109043 0.094114
2 2 0.093669 0.186320 0.493862 0.039634 0.186515
2 2 0.057990 0.106916 0.537158 0.204122 0.093814
3 2 0.039986 0.050754 0.402906 0.475388 0.030966
2 2 0.113838 0.187910 0.393058 0.062843 0.242350
2 2 0.061717 0.165653 0.409443 0.030663 0.332525
2 2 0.049733 0.144455 0.557897 0.096937 0.150978
2 3 0.042303 0.125342 0.625417 0.130005 0.076932
2 3 0.058407 0.156733 0.573090 0.093897 0.117872
2 3 0.062376 0.168711 0.531026 0.104622 0.133265
2 3 0.024285 0.074787 0.617087 0.255497 0.028345
2 3 0.028196 0.114380 0.659241 0.117172 0.081010
2 3 0.069230 0.181792 0.481668 0.067338 0.199972
0 0 0.399940 0.090033 0.189372 0.255214 0.065441
0 0 0.361483 0.101018 0.152593 0.279605 0.105300
2 1 0.150310 0.187296 0.397118 0.083784 0.181492
2 1 0.043971 0.126730 0.561036 0.129679 0.138584
2 2 0.041441 0.152117 0.609090 0.068870 0.128481
2 2 0.043971 0.146126 0.573556 0.088426 0.147920
2 1 0.059903 0.141481 0.570060 0.126039 0.102517
2 2 0.043426 0.071224 0.475789 0.323515 0.086047
4 2 0.216136 0.194139 0.216227 0.024542 0.348956
0 0 0.639920 0.104555 0.140144 0.056361 0.059020
0 0 0.597812 0.104904 0.121115 0.054510 0.121660
2 0 0.096363 0.158818 0.454959 0.089815 0.200044
3 0 0.037743 0.059237 0.398028 0.475139 0.029854
0 0 0.430753 0.190613 0.250343 0.043816 0.084475
2 0 0.138626 0.163027 0.366778 0.228827 0.102742
4 0 0.197108 0.184682 0.220797 0.030310 0.367102
2 1 0.224207 0.189668 0.393163 0.082776 0.110187
0 1 0.354003 0.164561 0.168814 0.043335 0.269288
2 2 0.130218 0.220286 0.520709 0.047141 0.081647
2 2 0.122157 0.173157 0.390139 0.171796 0.142752
2 2 0.235066 0.205281 0.432257 0.046330 0.081065
2 2 0.262616 0.219940 0.313712 0.078813 0.124918
0 1 0.410397 0.118333 0.157306 0.161802 0.152161
3 2 0.116640 0.080426 0.285593 0.436781 0.080560
3 1 0.253909 0.106165 0.233045 0.270281 0.136601
2 1 0.099759 0.091634 0.382668 0.367329 0.058610
0 0 0.301976 0.168756 0.212382 0.116610 0.200276
2 0 0.265873 0.169726 0.286586 0.125207 0.152608
0 1 0.299250 0.135512 0.192306 0.220002 0.152931
2 0 0.270388 0.172101 0.290162 0.151625 0.115724
0 1 0.298576 0.177292 0.210947 0.087880 0.225304
2 1 0.109840 0.124463 0.354965 0.309955 0.100778
2 2 0.234765 0.161764 0.408963 0.103534 0.090974
2 2 0.277841 0.199299 0.281756 0.069573 0.171531
2 2 0.131656 0.136797 0.382948 0.252231 0.096368
0 2 0.400079 0.171781 0.193797 0.049660 0.184683
0 2 0.286126 0.189744 0.216613 0.066615 0.240902
2 2 0.185264 0.212509 0.380646 0.032200 0.189381
2 2 0.074013 0.182699 0.518070 0.065078 0.160140
4 2 0.120321 0.212353 0.300776 0.009661 0.356889
2 2 0.053900 0.181931 0.593100 0.072631 0.098438
2 2 0.038953 0.102562 0.614363 0.189425 0.054697
2 2 0.119811 0.189324 0.355764 0.036764 0.298337
2 2 0.087463 0.180100 0.473313 0.046239 0.212884
4 2 0.066790 0.158780 0.194033 0.009044 0.571353
2 2 0.047545 0.167261 0.628395 0.091619 0.065180
2 2 0.038080 0.113087 0.572784 0.189588 0.086461
2 2 0.064531 0.171348 0.503826 0.089779 0.170516
2 2 0.050324 0.154329 0.540109 0.084710 0.170528
2 2 0.010175 0.038971 0.578143 0.358418 0.014294
2 3 0.111719 0.197992 0.474015 0.053206 0.163068
4 3 0.167277 0.178481 0.289922 0.061742 0.302579
2 3 0.110940 0.141614 0.370831 0.174865 0.201750
3 3 0.047155 0.048836 0.335246 0.525429 0.043334
3 3 0.131835 0.079591 0.239188 0.361649 0.187737
2 3 0.054357 0.102331 0.472746 0.319101 0.051465
2 3 0.039039 0.070559 0.434069 0.404906 0.051428
3 3 0.039660 0.038061 0.277387 0.622781 0.022111
2 2 0.075955 0.078966 0.450735 0.356856 0.037488
0 2 0.289617 0.143075 0.246202 0.218938 0.102168
0 0 0.293885 0.210911 0.271823 0.073435 0.149946
0 0 0.642289 0.068926 0.099413 0.132164 0.057208
3 0 0.142815 0.125939 0.295378 0.347680 0.088187
3 0 0.150006 0.087243 0.234514 0.437389 0.090848
2 1 0.153135 0.127845 0.315000 0.183262 0.220758
4 1 0.248344 0.126773 0.155134 0.104921 0.364829
0 0 0.471449 0.159809 0.216731 0.067100 0.084912
0 0 0.619156 0.085575 0.121259 0.110788 0.063222
0 0 0.270702 0.201499 0.254660 0.088280 0.184859
2 0 0.074023 0.140472 0.469310 0.243783 0.072412
3 0 0.118076 0.047541 0.168059 0.618989 0.047335
3 0 0.127541 0.060938 0.215402 0.478430 0.117689
4 0 0.253439 0.145626 0.182655 0.107369 0.310911
4 0 0.228532 0.121003 0.159147 0.097479 0.393840
0 0 0.336226 0.158616 0.217367 0.107547 0.180243
4 0 0.221131 0.210478 0.233581 0.043846 0.290963
2 1 0.116873 0.212484 0.497139 0.080680 0.092825
2 1 0.116151 0.223849 0.461611 0.057046 0.141343
2 1 0.035734 0.080193 0.560995 0.288910 0.034167
2 1 0.032838 0.115546 0.699422 0.100035 0.052159
0 0 0.357482 0.106730 0.163754 0.272766 0.099267
0 0 0.399967 0.116830 0.174722 0.211012 0.097468
2 0 0.160262 0.218039 0.339990 0.144262 0.137447
2 0 0.109721 0.154105 0.425921 0.195603 0.114651
2 0 0.232136 0.147983 0.278524 0.214078 0.127279
2 0 0.233449 0.172504 0.259985 0.204942 0.129119
0 0 0.328692 0.115571 0.278171 0.210696 0.066870
2 0 0.113904 0.147628 0.408290 0.221817 0.108361
4 0 0.189988 0.109669 0.212771 0.223552 0.264020
2 0 0.179668 0.228962 0.419473 0.035259 0.136639
2 0 0.138037 0.167853 0.335024 0.074566 0.284519
2 0 0.056354 0.139428 0.573099 0.167525 0.063594
2 1 0.164467 0.191237 0.342648 0.094329 0.207320
4 1 0.167041 0.190353 0.200380 0.031099 0.411127
2 0 0.228142 0.229035 0.310234 0.045255 0.187335
2 0 0.116352 0.235168 0.452191 0.040703 0.155586
2 0 0.127681 0.165392 0.400826 0.179868 0.126233
2 0 0.100848 0.151408 0.413614 0.150044 0.184085
4 0 0.168723 0.114951 0.102377 0.016896 0.597053
2 0 0.090151 0.250972 0.433920 0.018382 0.206574
2 0 0.233662 0.216027 0.276173 0.087483 0.186656
3 0 0.061043 0.028449 0.169828 0.721493 0.019188
2 1 0.118829 0.177124 0.496586 0.052100 0.155362
3 1 0.108719 0.093167 0.305654 0.364152 0.128309
2 2 0.078352 0.156780 0.537210 0.086753 0.140905
2 2 0.101565 0.218026 0.482468 0.045760 0.152181
4 0 0.192553 0.153480 0.224541 0.094892 0.334533
2 0 0.080495 0.190539 0.476369 0.081090 0.171507
2 0 0.173819 0.223573 0.370603 0.093075 0.138930
0 0 0.305606 0.210087 0.291614 0.081810 0.110884
4 0 0.277339 0.174539 0.167687 0.034214 0.346222
2 0 0.075234 0.193417 0.531823 0.105310 0.094216
2 0 0.148605 0.124499 0.421792 0.244115 0.060989
0 0 0.316841 0.133503 0.167716 0.163242 0.218698
3 0 0.248623 0.089062 0.176290 0.328043 0.157983
3 0 0.263533 0.075566 0.155088 0.381872 0.123940
0 0 0.295670 0.110202 0.177506 0.153966 0.262657
0 0 0.361313 0.184899 0.257955 0.091434 0.104399
0 0 0.527982 0.073421 0.071832 0.066104 0.260662
0 0 0.366679 0.094181 0.095031 0.093297 0.350812
0 0 0.438789 0.105342 0.125883 0.132157 0.197828
3 0 0.140841 0.107095 0.272247 0.402165 0.077653
3 0 0.095657 0.034076 0.149965 0.686032 0.034270
0 0 0.271639 0.144354 0.216464 0.239308 0.128235
2 1 0.198033 0.193571 0.320393 0.124367 0.163636
2 1 0.194329 0.105868 0.366673 0.225368 0.107763
2 0 0.245009 0.176497 0.255767 0.141721 0.181005
0 0 0.294916 0.170551 0.211901 0.097687 0.224945
0 0 0.315385 0.146385 0.179643 0.105917 0.252671
0 0 0.294124 0.099730 0.180071 0.186490 0.239584
3 0 0.108097 0.072181 0.244181 0.460234 0.115307
2 1 0.176752 0.172644 0.455322 0.101242 0.094040
2 1 0.086293 0.117856 0.463641 0.207261 0.124950
2 1 0.162423 0.197901 0.389075 0.060630 0.189970
2 1 0.080578 0.103851 0.473458 0.293801 0.048312
0 0 0.438962 0.109990 0.163354 0.196566 0.091127
0 0 0.395124 0.140474 0.204746 0.158059 0.101596
0 0 0.370475 0.132495 0.126479 0.039188 0.331362
2 1 0.182851 0.128358 0.329919 0.246728 0.112144
3 0 0.081371 0.057192 0.243445 0.580116 0.037876
0 0 0.466570 0.120503 0.155970 0.121838 0.135119
4 0 0.277179 0.104407 0.090757 0.042209 0.485448
2 1 0.179037 0.215512 0.321507 0.018181 0.265763
2 2 0.196144 0.166339 0.353228 0.087648 0.196641
4 2 0.195766 0.224045 0.267017 0.024479 0.288694
4 2 0.136540 0.231524 0.298700 0.012667 0.320569
4 2 0.107577 0.210568 0.290850 0.012298 0.378707
2 2 0.120052 0.235018 0.356675 0.049807 0.238449
2 2 0.057142 0.153766 0.542689 0.118700 0.127703
2 2 0.023033 0.059487 0.511060 0.379385 0.027035
0 1 0.269347 0.214426 0.267722 0.071211 0.177294
2 1 0.113275 0.187496 0.342057 0.074492 0.282680
2 2 0.105743 0.243749 0.367500 0.018518 0.264491
2 2 0.081136 0.182945 0.436851 0.060858 0.238210
2 2 0.065355 0.157297 0.570166 0.108340 0.098841
4 2 0.094690 0.177019 0.347257 0.028235 0.352799
2 2 0.062373 0.173483 0.512152 0.081175 0.170818
2 2 0.046223 0.128608 0.630032 0.107863 0.087274
2 2 0.062668 0.209841 0.562223 0.044405 0.120863
2 2 0.083015 0.217592 0.504331 0.038468 0.156595
2 2 0.106749 0.224432 0.446745 0.021704 0.200370
2 2 0.069014 0.185555 0.606882 0.066612 0.071937
2 2 0.047914 0.108799 0.523065 0.206150 0.114072
2 2 0.090953 0.177320 0.393626 0.051183 0.286918
2 2 0.063100 0.149660 0.522449 0.124566 0.140225
2 2 0.022154 0.066534 0.612649 0.267642 0.031022
2 2 0.068189 0.157009 0.473442 0.116629 0.184730
2 2 0.097970 0.111940 0.536345 0.195613 0.058132
2 2 0.038206 0.101607 0.593229 0.225032 0.041927
2 2 0.085811 0.085281 0.542453 0.253580 0.032876
2 2 0.103232 0.103324 0.393314 0.285727 0.114403
2 2 0.130630 0.152522 0.399757 0.225843 0.091248
2 2 0.042998 0.059723 0.437342 0.406382 0.053555
2 2 0.146169 0.112274 0.380418 0.151087 0.210052
2 2 0.044698 0.081606 0.514960 0.308712 0.050024
2 2 0.056238 0.079107 0.468608 0.333508 0.062539
2 2 0.035797 0.056620 0.449327 0.420052 0.038205
2 2 0.106340 0.170617 0.517681 0.078085 0.127278
2 2 0.048676 0.127335 0.585868 0.175995 0.062125
2 2 0.098615 0.162199 0.439605 0.149271 0.150311
4 2 0.181486 0.160615 0.160193 0.013758 0.483949
4 2 0.163757 0.190290 0.205216 0.022588 0.418148
2 2 0.051525 0.113894 0.630802 0.127066 0.076712
2 2 0.053567 0.095736 0.564594 0.242910 0.043194
2 2 0.075776 0.161658 0.536447 0.080981 0.145138
2 2 0.065238 0.212238 0.425903 0.019796 0.276826
2 2 0.167502 0.157003 0.348100 0.136882 0.190513
0 2 0.439642 0.114220 0.090422 0.013434 0.342281
0 0 0.539516 0.141244 0.188963 0.056719 0.073559
2 1 0.070250 0.109405 0.487167 0.253655 0.079522
2 2 0.091451 0.139858 0.503049 0.135333 0.130309
2 2 0.079789 0.163157 0.530400 0.074746 0.151908
0 1 0.691357 0.059998 0.085718 0.113577 0.049349
0 1 0.626827 0.110102 0.120962 0.031742 0.110366
2 2 0.110954 0.165676 0.453259 0.090276 0.179835
2 2 0.028421 0.100283 0.646610 0.162330 0.062356
2 2 0.076131 0.116646 0.512131 0.220261 0.074830
2 2 0.051430 0.175841 0.589469 0.047414 0.135845
2 2 0.025329 0.106312 0.667333 0.123457 0.077569
2 2 0.035872 0.158233 0.653787 0.055685 0.096423
2 2 0.045277 0.157696 0.621103 0.072098 0.103826
2 2 0.087439 0.139438 0.564295 0.104597 0.104232
2 2 0.033533 0.127764 0.665761 0.109754 0.063188
2 2 0.029712 0.071962 0.534425 0.332024 0.031877
2 2 0.065189 0.129226 0.605906 0.117727 0.081952
2 2 0.049099 0.088568 0.501239 0.288644 0.072450
2 2 0.093127 0.168927 0.453348 0.077299 0.207299
2 2 0.028863 0.069823 0.525576 0.343097 0.032641
4 2 0.141731 0.156118 0.315468 0.070781 0.315902
2 2 0.239345 0.207533 0.276406 0.049949 0.226767
2 3 0.132659 0.120037 0.377429 0.221058 0.148818
2 3 0.083458 0.145416 0.494375 0.184151 0.092599
3 3 0.076435 0.055184 0.287397 0.505602 0.075382
2 3 0.144944 0.126253 0.382536 0.214822 0.131444
3 3 0.117994 0.083816 0.283974 0.455850 0.058367
3 3 0.131047 0.060687 0.231119 0.510111 0.067037
3 3 0.005390 0.006441 0.144342 0.840682 0.003145
2 3 0.107851 0.190218 0.362976 0.049788 0.289166
2 3 0.149675 0.244763 0.358532 0.026706 0.220324
2 3 0.108358 0.209216 0.326437 0.035026 0.320963
2 3 0.271577 0.207714 0.323865 0.068386 0.128458
4 3 0.151509 0.171674 0.269454 0.041558 0.365805
4 3 0.167049 0.180801 0.172482 0.035527 0.444141
2 3 0.164549 0.238157 0.390739 0.071117 0.135437
4 3 0.296323 0.160526 0.132593 0.015015 0.395542
2 3 0.096441 0.152613 0.351572 0.058434 0.340940
2 3 0.096092 0.118162 0.436711 0.291645 0.057390
2 3 0.180323 0.194690 0.301572 0.082569 0.240846
2 3 0.147233 0.169146 0.370032 0.058987 0.254601
4 3 0.181103 0.202227 0.243783 0.077042 0.295844
3 3 0.076543 0.074956 0.282073 0.517517 0.048911
2 3 0.216529 0.223530 0.376229 0.041464 0.142247
2 3 0.144427 0.149526 0.329600 0.246167 0.130280
2 3 0.110914 0.141149 0.391105 0.265252 0.091580
2 3 0.169085 0.172309 0.371681 0.177651 0.109273
2 3 0.149239 0.153183 0.378440 0.199227 0.119911
0 3 0.388504 0.146433 0.220291 0.128085 0.116687
3 3 0.193791 0.097298 0.204894 0.271142 0.232875
2 3 0.120765 0.165219 0.441198 0.185257 0.087562
2 3 0.151805 0.229415 0.388878 0.102606 0.127295
2 3 0.150612 0.232743 0.313233 0.043699 0.259713
0 3 0.353553 0.127716 0.131298 0.070095 0.317339
3 3 0.152405 0.080096 0.231789 0.444623 0.091088
0 3 0.352061 0.166180 0.239213 0.133585 0.108961
2 3 0.215981 0.223597 0.296421 0.074911 0.189090
2 3 0.106441 0.115667 0.356172 0.343158 0.078562
2 3 0.189242 0.199551 0.345422 0.139611 0.126174
4 3 0.233606 0.164523 0.152380 0.032903 0.416589
2 3 0.239654 0.154224 0.242599 0.241322 0.122201
4 3 0.263926 0.123682 0.115015 0.051968 0.445409
0 3 0.329354 0.125508 0.147121 0.136724 0.261292
4 3 0.239878 0.153526 0.155460 0.042059 0.409078
2 3 0.120906 0.158437 0.429466 0.200962 0.090230
4 3 0.207134 0.160951 0.155304 0.043041 0.433570
2 3 0.095790 0.131756 0.400547 0.293088 0.078819
2 3 0.257632 0.225965 0.313798 0.057461 0.145145
2 3 0.233788 0.205006 0.277816 0.098803 0.184587
2 3 0.098188 0.112754 0.353333 0.321107 0.114618
4 3 0.235039 0.154338 0.153053 0.046883 0.410687
3 3 0.094718 0.074593 0.262036 0.516861 0.051792
2 3 0.251159 0.226155 0.304473 0.054729 0.163483
2 3 0.193639 0.154430 0.321896 0.234609 0.095427
4 3 0.232923 0.144794 0.143677 0.063350 0.415257
2 3 0.200805 0.223858 0.339761 0.065160 0.170415
4 3 0.279398 0.150261 0.178012 0.100959 0.291370
3 3 0.190353 0.117477 0.275399 0.333336 0.083436
2 3 0.085296 0.125852 0.367277 0.346804 0.074771
0 3 0.741859 0.048549 0.068983 0.099898 0.040710
0 1 0.804923 0.032994 0.046777 0.085868 0.029439
0 1 0.471225 0.110606 0.155195 0.153385 0.109589
0 1 0.318305 0.136816 0.293733 0.166606 0.084539
2 1 0.261023 0.152557 0.325210 0.173082 0.088128
2 1 0.214755 0.185759 0.325898 0.135532 0.138055
3 1 0.171231 0.096242 0.231830 0.424339 0.076358
2 2 0.183868 0.126723 0.406018 0.222049 0.061342
3 2 0.170015 0.116390 0.295841 0.341308 0.076446
2 2 0.111100 0.132402 0.548949 0.152737 0.054812
2 2 0.094909 0.199655 0.359782 0.027256 0.318398
2 2 0.109793 0.194102 0.338271 0.072832 0.285003
2 2 0.158625 0.176327 0.365285 0.070408 0.229355
2 2 0.035526 0.123517 0.634750 0.158301 0.047906
2 2 0.024840 0.047271 0.470556 0.436784 0.020550
2 2 0.039745 0.112344 0.584009 0.188478 0.075424
2 2 0.040211 0.143464 0.642734 0.089468 0.084124
2 2 0.085510 0.215545 0.479593 0.035346 0.184006
4 2 0.126545 0.211653 0.308398 0.034092 0.319312
2 2 0.064626 0.175515 0.544213 0.064991 0.150656
2 3 0.048936 0.127476 0.563739 0.167393 0.092457
4 3 0.113099 0.211749 0.305688 0.019314 0.350150
2 3 0.050829 0.148781 0.598945 0.106716 0.094729
4 3 0.238398 0.173709 0.209705 0.063237 0.314950
2 3 0.159715 0.155791 0.337699 0.243942 0.102852
2 3 0.063218 0.165040 0.493856 0.092785 0.185100
2 3 0.033959 0.081042 0.592243 0.247263 0.045493
2 3 0.059546 0.133824 0.502912 0.141455 0.162263
4 1 0.303389 0.161037 0.163487 0.050740 0.321347
3 1 0.176560 0.093992 0.212286 0.284191 0.232972
2 1 0.163150 0.130569 0.316916 0.305606 0.083759
2 1 0.112800 0.115402 0.407346 0.241259 0.123192
2 2 0.185350 0.222975 0.350396 0.077231 0.164049
3 2 0.123356 0.094698 0.348374 0.351822 0.081750
2 2 0.105018 0.118541 0.403451 0.234074 0.138915
2 2 0.126787 0.229843 0.430660 0.025868 0.186841
2 2 0.081698 0.176873 0.554383 0.081389 0.105656
2 2 0.085154 0.161644 0.503236 0.101718 0.148247
2 2 0.041823 0.171536 0.554058 0.034529 0.198055
2 2 0.023481 0.052644 0.492809 0.404996 0.026071
2 2 0.041078 0.126807 0.611677 0.155906 0.064533
2 2 0.059171 0.131097 0.555651 0.182014 0.072066
2 2 0.058880 0.165279 0.541679 0.074529 0.159633
2 2 0.059865 0.134574 0.489912 0.147603 0.168046
4 2 0.094499 0.173679 0.292297 0.031527 0.407998
2 2 0.062670 0.159973 0.485230 0.063438 0.228690
2 2 0.023023 0.089964 0.638540 0.167062 0.081412
2 2 0.051122 0.084774 0.495499 0.301559 0.067046
2 0 0.222276 0.214744 0.263661 0.081199 0.218119
0 0 0.858199 0.027925 0.038354 0.053058 0.022465
2 1 0.209341 0.183086 0.356851 0.140106 0.110616
2 1 0.083011 0.089804 0.524736 0.264528 0.037921
2 2 0.064579 0.083787 0.528715 0.287305 0.035614
2 2 0.047890 0.082333 0.542041 0.294206 0.033531
2 2 0.069420 0.104127 0.430509 0.326873 0.069070
2 0 0.212744 0.213771 0.311214 0.131106 0.131165
3 0 0.018040 0.000058 0.001115 0.980669 0.000118
0 0 0.523489 0.157512 0.205594 0.041327 0.072079
2 1 0.129372 0.138152 0.336929 0.211462 0.184085
2 1 0.109953 0.206999 0.455156 0.046424 0.181469
2 2 0.058796 0.084903 0.468778 0.298010 0.089513
2 2 0.101473 0.145900 0.431903 0.148011 0.172713
0 2 0.334390 0.137696 0.163549 0.113132 0.251233
0 0 0.467309 0.065155 0.100972 0.295409 0.071155
0 1 0.579029 0.123735 0.156946 0.054922 0.085369
2 2 0.067960 0.179694 0.520404 0.080939 0.151004
2 2 0.108662 0.185036 0.479136 0.113429 0.113737
2 2 0.060830 0.150353 0.591295 0.090680 0.106842
2 2 0.040386 0.095461 0.569625 0.240430 0.054098
2 2 0.075509 0.136146 0.553406 0.166895 0.068046
2 2 0.060708 0.151304 0.538897 0.081271 0.167821
2 2 0.106226 0.189075 0.487165 0.061653 0.155881
2 2 0.065932 0.143177 0.615028 0.099916 0.075946
2 2 0.045073 0.141155 0.647573 0.114428 0.051772
2 2 0.032188 0.065298 0.482979 0.382435 0.037099
2 2 0.032952 0.090874 0.612554 0.213505 0.050114
2 2 0.027839 0.102264 0.670759 0.130870 0.068268
2 2 0.036196 0.129058 0.616220 0.078274 0.140252
2 2 0.026868 0.138935 0.688770 0.040983 0.104444
2 2 0.026779 0.108899 0.688667 0.118380 0.057276
2 2 0.041091 0.147932 0.701916 0.046704 0.062356
4 2 0.060209 0.183295 0.337609 0.013597 0.405290
2 2 0.033170 0.147899 0.619263 0.046843 0.152824
2 2 0.042337 0.161433 0.477872 0.029168 0.289189
2 2 0.056915 0.190237 0.452113 0.018364 0.282371
2 2 0.064333 0.210790 0.455027 0.021105 0.248745
2 2 0.043166 0.153495 0.429534 0.027774 0.346031
2 2 0.059524 0.222047 0.447252 0.011782 0.259395
2 4 0.048352 0.169888 0.536923 0.049110 0.195726
4 4 0.203654 0.158127 0.171942 0.043083 0.423194
4 4 0.205084 0.164906 0.231027 0.068187 0.330797
4 4 0.232052 0.129026 0.175033 0.125034 0.338854
4 4 0.126786 0.144932 0.119081 0.012702 0.596498
4 4 0.142250 0.190657 0.215845 0.018799 0.432449
4 4 0.235215 0.147238 0.206580 0.151083 0.259883
0 4 0.406826 0.103904 0.145964 0.217453 0.125853
3 4 0.255329 0.056464 0.126888 0.502664 0.058656
2 4 0.081164 0.102057 0.386860 0.234419 0.195499
2 4 0.158488 0.153393 0.300140 0.120351 0.267627
4 4 0.165993 0.194391 0.203165 0.020943 0.415508
2 4 0.040727 0.133182 0.619441 0.081234 0.125416
2 4 0.031047 0.122351 0.656752 0.076271 0.113579
2 4 0.032433 0.163869 0.619852 0.029378 0.154467
2 4 0.018719 0.100679 0.751493 0.069959 0.059150
2 4 0.034313 0.128984 0.623940 0.073456 0.139307
2 4 0.017195 0.101679 0.772474 0.064245 0.044406
2 4 0.029878 0.150596 0.683070 0.030155 0.106302
2 4 0.025349 0.134969 0.685838 0.046768 0.107076
2 4 0.040449 0.111195 0.599274 0.160076 0.089006
2 4 0.030493 0.144825 0.672769 0.039311 0.112603
2 4 0.053169 0.092653 0.512802 0.281014 0.060362
2 4 0.086353 0.106734 0.426141 0.190550 0.190221
2 4 0.029632 0.102927 0.635147 0.175098 0.057195
2 4 0.101251 0.132634 0.418988 0.241945 0.105181
0 4 0.321692 0.113182 0.144467 0.145623 0.275036
2 4 0.061796 0.125683 0.575782 0.143020 0.093718
0 4 0.630418 0.061993 0.082784 0.076605 0.148201
0 4 0.440675 0.104429 0.173980 0.132341 0.148575
2 4 0.126782 0.148579 0.430764 0.121150 0.172725
4 4 0.280046 0.130817 0.133138 0.067236 0.388763
2 4 0.113947 0.117912 0.368737 0.218019 0.181385
2 4 0.034326 0.077554 0.560678 0.269850 0.057592
2 4 0.012126 0.074436 0.791276 0.087692 0.034470
2 4 0.022389 0.103992 0.720841 0.078306 0.074472
2 4 0.088438 0.104268 0.504055 0.196956 0.106283
2 4 0.017799 0.088597 0.737036 0.096012 0.060555
4 4 0.279845 0.139578 0.151339 0.095985 0.333253
2 4 0.161509 0.099651 0.267292 0.233959 0.237589
0 4 0.343200 0.151147 0.194822 0.133130 0.177701
0 0 0.344776 0.204889 0.279577 0.068156 0.102603
2 1 0.014958 0.097653 0.794723 0.050775 0.041890
2 2 0.018414 0.081912 0.714826 0.129116 0.055731
2 2 0.021300 0.121350 0.724353 0.052154 0.080844
2 2 0.035332 0.153396 0.631376 0.039995 0.139901
2 2 0.014870 0.095797 0.765635 0.068142 0.055556
2 2 0.030466 0.104065 0.735690 0.088871 0.040907
2 2 0.027363 0.132330 0.702737 0.055538 0.082033
2 2 0.031539 0.109929 0.695470 0.091540 0.071523
2 2 0.018415 0.077638 0.766930 0.107040 0.029977
2 2 0.025562 0.087192 0.699328 0.147939 0.039978
2 2 0.021514 0.119257 0.724607 0.061892 0.072730
2 2 0.010551 0.057109 0.752353 0.157281 0.022706
2 2 0.014730 0.061215 0.691413 0.207158 0.025484
2 2 0.014718 0.077152 0.732277 0.137986 0.037867
2 2 0.019852 0.100738 0.724419 0.108090 0.046901
3 0 0.060956 0.001375 0.012256 0.923562 0.001851
0 0 0.887356 0.028121 0.054495 0.018790 0.011238
0 0 0.770216 0.023441 0.034909 0.144277 0.027157
0 0 0.873679 0.026568 0.036002 0.043394 0.020357
0 0 0.351075 0.121088 0.278984 0.183773 0.065080
0 0 0.408822 0.177069 0.242899 0.075947 0.095263
0 0 0.592950 0.007190 0.026230 0.365784 0.007846
0 0 0.588376 0.035724 0.055590 0.275189 0.045121
0 0 0.481672 0.113657 0.165063 0.153447 0.086161
2 0 0.139634 0.116245 0.383954 0.282389 0.077778
2 0 0.045546 0.084818 0.540756 0.286528 0.042352
2 0 0.059097 0.122740 0.607704 0.140611 0.069848
2 0 0.033887 0.086872 0.585977 0.233227 0.060037
2 0 0.066990 0.108489 0.578459 0.175641 0.070422
2 0 0.045263 0.071181 0.516698 0.313005 0.053854
2 0 0.033231 0.083618 0.601400 0.224271 0.057480
3 0 0.050819 0.057891 0.398471 0.456238 0.036581
0 0 0.358281 0.107899 0.165310 0.268917 0.099593
0 0 0.455817 0.127958 0.184409 0.140490 0.091326
0 0 0.796556 0.072122 0.087848 0.014166 0.029308
3 0 0.258285 0.052386 0.164260 0.484240 0.040828
3 0 0.114664 0.043341 0.166076 0.593825 0.082094
0 0 0.768760 0.033944 0.031693 0.035629 0.129975
0 0 0.367814 0.105235 0.118189 0.131448 0.277314
2 0 0.196507 0.136835 0.296995 0.134488 0.235175
2 0 0.078475 0.090404 0.407779 0.331511 0.091831
2 0 0.047106 0.080584 0.493776 0.295586 0.082948
3 0 0.172090 0.072537 0.195235 0.385662 0.174477
2 0 0.065337 0.090504 0.506984 0.274557 0.062618
2 0 0.163053 0.132454 0.316140 0.128529 0.259824
2 0 0.041794 0.084098 0.582516 0.242365 0.049227
2 0 0.035669 0.117206 0.652733 0.100410 0.093982
2 0 0.039523 0.115218 0.645517 0.108625 0.091118
2 1 0.036548 0.108760 0.649297 0.130850 0.074545
2 1 0.019639 0.105094 0.761017 0.066740 0.047511
2 1 0.025027 0.092499 0.692393 0.123211 0.066871
2 1 0.043640 0.132951 0.572596 0.114210 0.136603
2 1 0.030247 0.117207 0.661472 0.088631 0.102443
2 2 0.035712 0.109591 0.622067 0.141547 0.091083
2 2 0.034749 0.126031 0.646375 0.099487 0.093358
2 2 0.058023 0.150710 0.549477 0.069123 0.172667
2 2 0.019450 0.084005 0.684997 0.173180 0.038368
2 2 0.028770 0.103806 0.664006 0.106482 0.096937
2 2 0.024481 0.107981 0.676977 0.094672 0.095888
2 2 0.015247 0.085743 0.756797 0.102744 0.039468
2 2 0.039180 0.165385 0.655540 0.052766 0.087129
2 2 0.036566 0.163716 0.641853 0.045859 0.112006
2 2 0.043064 0.164893 0.585294 0.043373 0.163376
2 2 0.016382 0.092936 0.744373 0.094724 0.051585
2 2 0.013674 0.052511 0.654006 0.261241 0.018568
2 2 0.022459 0.079702 0.665279 0.171260 0.061300
2 2 0.040130 0.112454 0.615170 0.113661 0.118585
2 2 0.025792 0.115669 0.690947 0.078105 0.089487
2 2 0.011853 0.062352 0.776809 0.130208 0.018777
2 2 0.026122 0.088485 0.682963 0.150111 0.052318
4 2 0.109357 0.189569 0.266628 0.018377 0.416068
4 2 0.100159 0.229956 0.313100 0.014372 0.342413
2 2 0.110235 0.241248 0.352356 0.018910 0.277250
4 2 0.115053 0.199058 0.249385 0.015430 0.421074
2 2 0.067705 0.188403 0.541360 0.089552 0.112980
2 2 0.088897 0.177195 0.340281 0.059240 0.334387
2 2 0.124637 0.248513 0.486509 0.034525 0.105816
4 2 0.139053 0.172624 0.160606 0.011826 0.515891
2 2 0.064689 0.182644 0.547763 0.074141 0.130763
4 2 0.110215 0.202575 0.230077 0.012300 0.444833
4 2 0.115716 0.200377 0.224185 0.022104 0.437618
4 2 0.114851 0.218028 0.301052 0.034922 0.331147
4 2 0.106099 0.183864 0.191392 0.013907 0.504738
2 2 0.143776 0.240360 0.333055 0.019522 0.263288
2 2 0.135703 0.204510 0.482711 0.082590 0.094486
4 3 0.120767 0.165594 0.177603 0.020660 0.515375
2 3 0.124857 0.207809 0.412077 0.089988 0.165270
2 3 0.158759 0.152873 0.375976 0.180164 0.132228
2 3 0.176646 0.196249 0.330143 0.042986 0.253975
4 3 0.160237 0.177831 0.167083 0.026432 0.468418
2 3 0.235548 0.163017 0.281449 0.141633 0.178353
2 3 0.162534 0.238733 0.427124 0.061138 0.110471
4 3 0.179733 0.185729 0.180639 0.040243 0.413656
0 3 0.256523 0.207921 0.236050 0.057427 0.242078
2 3 0.213544 0.222085 0.275550 0.056552 0.232269
4 3 0.207850 0.151268 0.231626 0.164724 0.244532
3 3 0.286458 0.104772 0.176676 0.287007 0.145087
2 3 0.114336 0.163217 0.483655 0.164699 0.074093
0 3 0.358816 0.160535 0.240802 0.134951 0.104895
3 3 0.041069 0.023854 0.161309 0.751913 0.021856
4 3 0.225866 0.178451 0.209766 0.102853 0.283064
2 3 0.191326 0.146986 0.272993 0.164126 0.224569
0 3 0.269067 0.169581 0.228864 0.145115 0.187374
2 3 0.227150 0.139695 0.271074 0.257927 0.104153
4 3 0.182863 0.179564 0.188048 0.060330 0.389195
2 3 0.142727 0.126420 0.345205 0.308462 0.077185
3 3 0.180031 0.095235 0.224400 0.423322 0.077012
0 3 0.375030 0.124494 0.214606 0.197940 0.087931
0 3 0.326830 0.105996 0.164391 0.300733 0.102049
4 3 0.306750 0.138668 0.131947 0.045632 0.377003
0 3 0.298263 0.118452 0.186669 0.289067 0.107550
3 3 0.111043 0.064749 0.216681 0.558113 0.049414
0 3 0.313376 0.149846 0.308810 0.140167 0.087801
0 3 0.553980 0.084534 0.078853 0.037999 0.244634
3 3 0.133154 0.052490 0.169591 0.599887 0.044878
3 3 0.275251 0.110009 0.218911 0.310119 0.085711
0 3 0.371284 0.131761 0.178748 0.170153 0.148054
3 3 0.101210 0.060261 0.218186 0.559637 0.060706
3 3 0.175388 0.051555 0.175199 0.557303 0.040555
3 3 0.214964 0.066281 0.161116 0.496259 0.061379
3 3 0.009162 0.003969 0.057961 0.926050 0.002858
3 3 0.079558 0.041846 0.191434 0.656933 0.030229
3 3 0.033013 0.014583 0.121683 0.820012 0.010708
3 3 0.055343 0.038159 0.213651 0.657252 0.035596
3 3 0.066799 0.045147 0.223145 0.622668 0.042241
3 3 0.169445 0.044066 0.131379 0.609628 0.045482
3 3 0.298762 0.061168 0.121992 0.452462 0.065616
3 3 0.150338 0.073875 0.246463 0.461014 0.068309
3 3 0.044124 0.044240 0.274110 0.611630 0.025895
3 3 0.197080 0.037820 0.111343 0.576818 0.076940
0 3 0.305679 0.093039 0.180439 0.269013 0.151829
0 3 0.880610 0.020339 0.028176 0.052970 0.017906
0 1 0.839575 0.055630 0.067812 0.013189 0.023794
2 1 0.051639 0.146847 0.589551 0.089358 0.122605
2 2 0.091478 0.182906 0.431796 0.066383 0.227437
2 2 0.060726 0.106441 0.507388 0.222309 0.103136
2 2 0.049946 0.124937 0.609098 0.140029 0.075990
2 2 0.055988 0.095868 0.501453 0.294906 0.051785
2 2 0.044257 0.128386 0.625672 0.131192 0.070493
2 2 0.045679 0.098012 0.593951 0.222784 0.039574
2 2 0.147692 0.137575 0.442837 0.174993 0.096903
2 2 0.083234 0.176167 0.488148 0.106977 0.145473
2 2 0.068778 0.144424 0.568005 0.151671 0.067120
2 2 0.118165 0.155401 0.426986 0.112791 0.186657
2 2 0.060693 0.127814 0.562986 0.192559 0.055948
2 2 0.114374 0.183473 0.450286 0.089370 0.162498
2 2 0.144251 0.189460 0.471200 0.102171 0.092917
2 2 0.142316 0.157195 0.425378 0.114973 0.160138
2 2 0.086687 0.151089 0.513763 0.107205 0.141256
2 2 0.162912 0.174378 0.389694 0.063402 0.209614
2 2 0.091185 0.140206 0.508877 0.122414 0.137318
2 2 0.072665 0.208634 0.512364 0.034018 0.172319
2 2 0.090048 0.151248 0.459093 0.117611 0.182001
2 2 0.031607 0.076254 0.581086 0.264230 0.046823
2 2 0.034708 0.060790 0.453901 0.422056 0.028545
2 2 0.062771 0.125145 0.560275 0.127308 0.124501
2 2 0.140787 0.180476 0.403716 0.089775 0.185246
2 2 0.061225 0.153599 0.566357 0.136306 0.082513
2 2 0.041612 0.119517 0.653249 0.135165 0.050457
2 2 0.073500 0.195718 0.438048 0.021420 0.271314
2 2 0.057026 0.180382 0.521523 0.043549 0.197521
2 2 0.049368 0.189931 0.479920 0.023255 0.257527
2 2 0.047220 0.165489 0.436552 0.025200 0.325539
2 2 0.035004 0.157932 0.632024 0.042690 0.132351
2 2 0.050722 0.180477 0.595462 0.039751 0.133588
2 2 0.051718 0.192795 0.532929 0.034478 0.188081
2 2 0.042108 0.138218 0.566837 0.053117 0.199720
2 2 0.048937 0.155957 0.520373 0.056082 0.218650
2 2 0.059622 0.185737 0.452928 0.036376 0.265337
2 2 0.047612 0.185422 0.574734 0.029104 0.163127
2 2 0.028812 0.129843 0.689141 0.068870 0.083334
2 2 0.022989 0.079537 0.681621 0.179543 0.036310
2 2 0.040656 0.147124 0.641189 0.061262 0.109769
2 2 0.034123 0.127041 0.683802 0.081189 0.073845
2 2 0.035022 0.135255 0.631229 0.089129 0.109366
2 2 0.029007 0.111678 0.692018 0.117469 0.049828
2 2 0.017073 0.081961 0.755804 0.121630 0.023531
2 2 0.029369 0.107415 0.697707 0.101833 0.063675
2 4 0.193707 0.183331 0.405482 0.060031 0.157450
3 4 0.117817 0.066145 0.261600 0.426374 0.128064
3 4 0.086214 0.070500 0.340721 0.379569 0.122996
4 4 0.291989 0.084537 0.155028 0.120440 0.348006
0 4 0.393383 0.204550 0.272158 0.030555 0.099354
2 4 0.123020 0.129302 0.397775 0.280622 0.069282
2 4 0.211397 0.161754 0.462015 0.066095 0.098739
2 4 0.122431 0.128245 0.497148 0.157195 0.094982
0 4 0.511319 0.118680 0.168666 0.119300 0.082035
3 4 0.147992 0.044156 0.140188 0.626758 0.040906
2 4 0.025181 0.084510 0.603050 0.242152 0.045107
2 4 0.036246 0.152494 0.595493 0.042427 0.173340
4 4 0.159942 0.200347 0.261532 0.034288 0.343890
3 4 0.101710 0.070238 0.293753 0.410099 0.124201
0 4 0.427293 0.050850 0.043516 0.063299 0.415042
0 4 0.536884 0.047725 0.054610 0.178284 0.182498
4 4 0.227820 0.182804 0.171955 0.031093 0.386327
0 4 0.628921 0.064166 0.093921 0.155743 0.057248
0 1 0.648972 0.112256 0.145899 0.037991 0.054884
2 1 0.045488 0.148914 0.598427 0.068640 0.138531
2 2 0.013628 0.076445 0.763714 0.114685 0.031528
2 2 0.025536 0.128160 0.693642 0.060159 0.092504
2 2 0.011549 0.068603 0.771407 0.128931 0.019510
2 2 0.030924 0.147004 0.690777 0.061830 0.069465
2 2 0.027460 0.118512 0.687310 0.067310 0.099408
2 2 0.076364 0.161023 0.444696 0.062026 0.255891
2 2 0.027819 0.116218 0.709700 0.072388 0.073875
2 2 0.024759 0.138642 0.706472 0.032645 0.097482
2 4 0.030887 0.129695 0.649134 0.060232 0.130052
2 4 0.066869 0.160451 0.406519 0.053707 0.312453
2 4 0.080166 0.180425 0.463315 0.054251 0.221843
2 4 0.035929 0.115231 0.637674 0.124113 0.087052
2 4 0.026036 0.067257 0.578401 0.301545 0.026761
0 4 0.334289 0.171598 0.271795 0.080081 0.142237
2 4 0.021477 0.105643 0.736499 0.102674 0.033706
4 4 0.300652 0.178207 0.176976 0.036833 0.307332
0 4 0.621034 0.059214 0.063452 0.086140 0.170161
4 4 0.200064 0.177823 0.247774 0.047881 0.326457
2 4 0.168208 0.175610 0.351028 0.053878 0.251276
3 4 0.048106 0.009989 0.063369 0.868881 0.009655
0 4 0.557266 0.079316 0.103313 0.147284 0.112821
0 4 0.258990 0.211251 0.244270 0.058892 0.226596
4 4 0.056851 0.172580 0.372114 0.024427 0.374027
2 4 0.065007 0.100458 0.550987 0.214467 0.069082
0 4 0.397135 0.165388 0.176996 0.044042 0.216440
0 4 0.738971 0.009910 0.005653 0.006586 0.238881
0 4 0.711613 0.055142 0.057266 0.048827 0.127152
4 4 0.133299 0.148198 0.147795 0.007882 0.562825
3 4 0.036774 0.010195 0.085454 0.859151 0.008426
0 4 0.354328 0.111690 0.170697 0.262011 0.101274
0 1 0.412858 0.188490 0.252375 0.055816 0.090462
0 0 0.354302 0.097987 0.151804 0.299699 0.096208
2 0 0.130822 0.138498 0.526345 0.145206 0.059129
2 1 0.065563 0.191271 0.484320 0.047207 0.211639
2 1 0.067356 0.178963 0.554472 0.044100 0.155109
2 1 0.037791 0.149515 0.610173 0.043591 0.158930
2 2 0.061169 0.159507 0.431389 0.043215 0.304720
2 2 0.042733 0.125972 0.627631 0.117780 0.085884
2 2 0.053164 0.148587 0.642829 0.082870 0.072549
2 2 0.073216 0.193183 0.532893 0.033427 0.167281
2 2 0.029867 0.097925 0.615274 0.218678 0.038256
2 2 0.044205 0.152664 0.619808 0.077371 0.105952
2 2 0.032139 0.097761 0.662479 0.143996 0.063625
2 2 0.036601 0.081217 0.634762 0.202187 0.045233
2 2 0.083215 0.180676 0.468439 0.044684 0.222986
2 2 0.040937 0.102492 0.588404 0.175092 0.093076
2 2 0.054283 0.148970 0.548916 0.111126 0.136704
2 2 0.031778 0.081384 0.593244 0.241625 0.051969
2 2 0.028076 0.113136 0.685461 0.123410 0.049917
2 2 0.057053 0.166938 0.541378 0.047157 0.187474
2 2 0.019029 0.056407 0.596069 0.307574 0.020921
2 2 0.106527 0.154112 0.530296 0.111992 0.097073
2 2 0.022187 0.065333 0.535825 0.348577 0.028078
2 2 0.070480 0.153055 0.496708 0.059742 0.220014
4 2 0.146103 0.145148 0.165629 0.009644 0.533476
2 2 0.130407 0.224957 0.346466 0.013761 0.284409
2 2 0.032760 0.069037 0.593397 0.248468 0.056339
2 2 0.101432 0.113826 0.408667 0.256202 0.119873
0 2 0.333169 0.182069 0.278113 0.089242 0.117407
2 2 0.057290 0.134874 0.610952 0.145948 0.050936
3 1 0.133752 0.014887 0.106414 0.734866 0.010081
0 2 0.526573 0.062377 0.115747 0.241163 0.054140
2 2 0.040826 0.140121 0.672059 0.091200 0.055795
2 2 0.063804 0.150064 0.481373 0.073524 0.231234
2 2 0.155378 0.167514 0.372259 0.120051 0.184796
2 2 0.064041 0.138866 0.503024 0.079741 0.214328
2 2 0.068615 0.209347 0.475741 0.030765 0.215532
2 2 0.044259 0.083140 0.549188 0.259558 0.063855
2 2 0.075048 0.102720 0.546668 0.189344 0.086220
2 2 0.043271 0.105664 0.564956 0.201541 0.084569
2 2 0.094745 0.197731 0.488765 0.054902 0.163857
2 2 0.061077 0.167603 0.511324 0.064463 0.195535
2 2 0.031472 0.127084 0.697170 0.067953 0.076321
0 2 0.535427 0.112856 0.146655 0.097840 0.107221
0 1 0.602140 0.091826 0.129898 0.109800 0.066335
2 1 0.049606 0.151384 0.550083 0.061665 0.187263
2 2 0.020907 0.060942 0.627165 0.268703 0.022283
2 2 0.012817 0.054289 0.671530 0.244048 0.017315
4 2 0.214590 0.113489 0.155577 0.042445 0.473899
4 2 0.214899 0.186630 0.212076 0.031206 0.355188
2 2 0.028969 0.098346 0.688389 0.110331 0.073965
2 2 0.035875 0.149911 0.660832 0.035128 0.118255
2 2 0.019924 0.100555 0.733526 0.085057 0.060937
2 2 0.028989 0.109828 0.672639 0.109730 0.078814
2 2 0.022192 0.068900 0.622726 0.259198 0.026984
2 2 0.043502 0.121071 0.696726 0.064780 0.073921
2 2 0.039295 0.093515 0.580155 0.209907 0.077128
2 2 0.018078 0.059637 0.678414 0.214411 0.029460
2 2 0.020383 0.071525 0.682579 0.183645 0.041867
2 2 0.024369 0.072847 0.725767 0.142110 0.034907
2 2 0.026175 0.052580 0.537648 0.361058 0.022539
2 2 0.022296 0.062892 0.575730 0.314648 0.024433
2 2 0.020987 0.059870 0.616703 0.276528 0.025911
2 2 0.020894 0.080025 0.693323 0.155965 0.049793
2 2 0.030306 0.140378 0.662979 0.039802 0.126534
2 2 0.025270 0.077778 0.668184 0.153031 0.075737
2 2 0.011277 0.061043 0.743354 0.159898 0.024428
4 2 0.206571 0.021161 0.010312 0.004037 0.757920
0 1 0.885731 0.031620 0.040717 0.023026 0.018907
2 1 0.055602 0.136436 0.593575 0.131850 0.082537
2 2 0.034025 0.078284 0.601359 0.248125 0.038207
2 2 0.039344 0.083437 0.575267 0.190039 0.111914
2 2 0.029355 0.073906 0.603594 0.254900 0.038245
2 2 0.030874 0.095651 0.672467 0.117938 0.083070
2 2 0.022170 0.058399 0.620563 0.277292 0.021576
2 2 0.033170 0.098189 0.677471 0.136131 0.055038
2 4 0.019812 0.058664 0.641789 0.258731 0.021005
2 4 0.033960 0.117561 0.678108 0.092698 0.077674
2 4 0.031236 0.113178 0.687108 0.096181 0.072297
2 4 0.088547 0.198974 0.447004 0.048200 0.217275
2 4 0.043649 0.082136 0.562047 0.220933 0.091235
2 4 0.204361 0.156838 0.389546 0.119634 0.129620
0 4 0.331782 0.081158 0.112341 0.167819 0.306900
0 4 0.381481 0.089478 0.185406 0.228114 0.115521
0 4 0.471881 0.131167 0.186687 0.121500 0.088765
0 1 0.360577 0.151182 0.279415 0.128380 0.080446
2 1 0.022743 0.075830 0.679341 0.194462 0.027623
2 1 0.040414 0.149911 0.574552 0.043222 0.191901
2 1 0.027285 0.128411 0.675849 0.068288 0.100167
2 2 0.028828 0.102723 0.695825 0.099063 0.073560
2 2 0.046766 0.137941 0.610060 0.077439 0.127794
2 2 0.048953 0.170423 0.576440 0.038278 0.165907
2 2 0.053036 0.177732 0.544168 0.037987 0.187077
2 2 0.043954 0.160009 0.601082 0.070728 0.124227
2 2 0.051563 0.202919 0.459456 0.017648 0.268416
2 2 0.050738 0.154556 0.525659 0.065815 0.203232
2 2 0.035639 0.132153 0.640719 0.113524 0.077966
2 2 0.069922 0.172164 0.435771 0.032419 0.289724
2 2 0.052871 0.137590 0.551548 0.146379 0.111613
2 2 0.048827 0.146428 0.627139 0.082150 0.095456
4 2 0.066287 0.174073 0.287467 0.010853 0.461320
2 2 0.074017 0.196026 0.503779 0.045916 0.180263
2 2 0.101786 0.196489 0.407815 0.041756 0.252154
2 2 0.077008 0.145460 0.512415 0.081157 0.183960
2 2 0.047301 0.104902 0.603227 0.158564 0.086005
2 2 0.075800 0.205807 0.427377 0.039506 0.251511
2 2 0.084791 0.165641 0.496654 0.113809 0.139106
2 2 0.039783 0.087020 0.625605 0.178765 0.068827
