0 0 0.705082 0.090804 0.106763 0.095129 0.002221
2 0 0.104127 0.115729 0.480675 0.152409 0.147060
4 0 0.186724 0.068053 0.179589 0.233844 0.331790
4 0 0.413254 0.011482 0.014581 0.022815 0.537868
2 0 0.229629 0.144545 0.337752 0.251278 0.036797
2 0 0.164422 0.192025 0.465231 0.104825 0.073497
2 0 0.050677 0.095615 0.680531 0.114036 0.059141
2 0 0.019418 0.061827 0.693932 0.199024 0.025798
2 0 0.085316 0.093907 0.472133 0.294037 0.054607
2 0 0.036529 0.070680 0.580126 0.280380 0.032286
2 0 0.095875 0.102163 0.540564 0.164726 0.096673
3 0 0.041739 0.022585 0.164794 0.744806 0.026075
2 0 0.041152 0.127714 0.687569 0.059345 0.084220
2 0 0.015616 0.079439 0.817102 0.055039 0.032803
2 0 0.020396 0.097508 0.790350 0.046454 0.045292
2 0 0.024229 0.123247 0.756624 0.022937 0.072962
2 0 0.015630 0.076830 0.796363 0.078018 0.033159
2 0 0.019064 0.095252 0.778781 0.046700 0.060203
2 0 0.015745 0.080759 0.803944 0.061189 0.038364
2 0 0.015714 0.088274 0.810443 0.042414 0.043155
2 0 0.020024 0.096059 0.780188 0.054228 0.049501
2 0 0.017059 0.090857 0.798320 0.049727 0.044037
2 0 0.021204 0.097186 0.787535 0.048927 0.045149
2 0 0.017069 0.056009 0.649606 0.248332 0.028984
4 0 0.248883 0.076739 0.114160 0.056503 0.503715
2 0 0.009606 0.050457 0.778920 0.139027 0.021990
2 0 0.021028 0.091138 0.766964 0.076004 0.044865
2 0 0.014837 0.074741 0.798891 0.077426 0.034105
2 0 0.017357 0.086918 0.798365 0.056961 0.040398
2 0 0.014421 0.071826 0.789368 0.082013 0.042372
2 0 0.017639 0.075241 0.776973 0.091605 0.038541
2 0 0.039027 0.119477 0.703556 0.060896 0.077044
2 0 0.069876 0.144580 0.478775 0.035677 0.271092
2 0 0.030971 0.093054 0.648812 0.148845 0.078317
2 0 0.017693 0.089381 0.816920 0.042888 0.033118
2 0 0.028811 0.127744 0.755173 0.025512 0.062760
2 0 0.041626 0.106744 0.603182 0.158669 0.089779
4 0 0.322230 0.089089 0.129907 0.064200 0.394574
2 0 0.027118 0.092758 0.710168 0.094921 0.075035
2 0 0.030794 0.112153 0.745249 0.061292 0.050512
2 0 0.028527 0.103376 0.738643 0.056074 0.073380
2 0 0.037540 0.109062 0.693492 0.059851 0.100055
2 0 0.030943 0.122096 0.757330 0.035767 0.053864
2 0 0.096354 0.090189 0.403750 0.226674 0.183034
3 0 0.118431 0.071221 0.253547 0.509638 0.047163
3 0 0.008838 0.013522 0.181545 0.791260 0.004835
2 1 0.026592 0.097426 0.775558 0.067270 0.033153
2 1 0.023711 0.100412 0.770304 0.054700 0.050873
2 1 0.013979 0.070784 0.831181 0.061104 0.022952
2 2 0.025982 0.103527 0.730599 0.062587 0.077305
0 2 0.426662 0.149313 0.096826 0.007700 0.319499
4 2 0.151085 0.092383 0.095821 0.011747 0.648964
4 2 0.167297 0.185938 0.222099 0.008093 0.416573
4 2 0.113828 0.161614 0.224044 0.020776 0.479739
4 2 0.181581 0.080895 0.066048 0.006571 0.664905
2 2 0.091258 0.238616 0.383074 0.003868 0.283184
4 2 0.247006 0.204169 0.256691 0.016880 0.275253
2 2 0.143553 0.206013 0.433540 0.036129 0.180764
4 2 0.095238 0.233612 0.310706 0.003212 0.357232
4 2 0.126143 0.095615 0.278627 0.064250 0.435366
2 2 0.164420 0.233876 0.331461 0.016390 0.253854
4 2 0.250146 0.073594 0.143648 0.137640 0.394972
4 2 0.123127 0.172177 0.140745 0.006818 0.557134
2 2 0.040155 0.103863 0.599421 0.153508 0.103053
2 2 0.105888 0.228602 0.417229 0.010107 0.238175
2 2 0.045641 0.131745 0.529708 0.066876 0.226031
2 2 0.088894 0.194858 0.534705 0.022680 0.158863
2 2 0.112225 0.163225 0.380169 0.042552 0.301829
2 2 0.080837 0.196239 0.395315 0.011060 0.316548
2 2 0.114110 0.220539 0.367536 0.016424 0.281391
4 2 0.147878 0.168790 0.224136 0.037394 0.421802
2 2 0.104632 0.105939 0.442728 0.296589 0.050112
2 2 0.217888 0.098295 0.321065 0.301063 0.061689
2 2 0.161368 0.187291 0.308786 0.041392 0.301163
2 2 0.187755 0.170946 0.428258 0.129578 0.083463
2 2 0.094347 0.126944 0.493691 0.159845 0.125173
2 3 0.141849 0.138567 0.295467 0.151793 0.272324
2 3 0.168112 0.179971 0.442777 0.078102 0.131038
2 3 0.092665 0.125368 0.399102 0.194207 0.188658
4 3 0.161903 0.103419 0.232090 0.170957 0.331631
2 3 0.217696 0.209237 0.314637 0.044476 0.213954
3 3 0.058466 0.050815 0.241630 0.575928 0.073161
2 3 0.169825 0.172495 0.369091 0.059644 0.228945
2 3 0.118692 0.161789 0.517621 0.110651 0.091247
2 3 0.163770 0.190990 0.435754 0.078612 0.130875
2 3 0.143083 0.143054 0.360292 0.160721 0.192849
2 3 0.265928 0.235881 0.355063 0.032032 0.111096
3 3 0.090030 0.044095 0.189575 0.643093 0.033207
2 3 0.201610 0.116375 0.277994 0.270215 0.133807
3 3 0.069884 0.050453 0.221190 0.633898 0.024576
3 3 0.018704 0.013013 0.124903 0.838211 0.005169
3 3 0.142385 0.092856 0.280754 0.428213 0.055792
0 3 0.345871 0.159546 0.239473 0.099613 0.155497
4 3 0.226003 0.103934 0.195535 0.131612 0.342917
3 3 0.036975 0.024248 0.182177 0.727194 0.029407
3 3 0.109118 0.088930 0.336604 0.417370 0.047978
3 3 0.022343 0.034603 0.343667 0.586043 0.013344
3 3 0.131644 0.091300 0.287116 0.412783 0.077158
3 3 0.064646 0.016636 0.096304 0.802416 0.019998
3 3 0.010610 0.005803 0.063647 0.916806 0.003134
2 3 0.118221 0.198643 0.397352 0.026885 0.258899
2 3 0.180409 0.205972 0.398805 0.056248 0.158567
2 3 0.087727 0.114772 0.504193 0.227114 0.066195
2 3 0.164955 0.172505 0.302577 0.072545 0.287419
2 3 0.104440 0.170480 0.415411 0.044746 0.264923
3 3 0.053143 0.055237 0.264659 0.570177 0.056784
2 3 0.063917 0.173442 0.553130 0.035211 0.174300
2 3 0.056171 0.095330 0.501233 0.252110 0.095156
3 3 0.124807 0.089485 0.297016 0.413112 0.075580
4 3 0.188380 0.142521 0.119899 0.009404 0.539797
2 3 0.093681 0.139579 0.405390 0.163833 0.197517
3 3 0.083750 0.073643 0.328745 0.436217 0.077645
2 3 0.172192 0.128674 0.282867 0.170738 0.245527
2 3 0.088942 0.146699 0.446960 0.112401 0.204997
2 3 0.124491 0.124424 0.344541 0.160792 0.245751
2 3 0.094652 0.136741 0.521841 0.147751 0.099015
3 3 0.086218 0.057159 0.251387 0.530777 0.074460
2 3 0.164543 0.233923 0.332449 0.013785 0.255300
2 3 0.268329 0.220404 0.296148 0.022934 0.192184
4 3 0.172707 0.170317 0.266693 0.072501 0.317783
2 3 0.073407 0.085913 0.392038 0.388186 0.060455
2 3 0.152884 0.160340 0.306190 0.115385 0.265202
4 3 0.158039 0.154699 0.287595 0.056436 0.343231
2 3 0.195495 0.144843 0.357831 0.185116 0.116715
3 3 0.073123 0.071023 0.317326 0.488088 0.050440
3 3 0.102256 0.081216 0.311711 0.453063 0.051754
2 3 0.106001 0.161879 0.483547 0.086921 0.161652
4 3 0.204752 0.243049 0.261332 0.011996 0.278872
4 3 0.160386 0.150154 0.206924 0.035339 0.447197
3 3 0.057231 0.069838 0.362862 0.448935 0.061133
2 3 0.202361 0.180043 0.371470 0.067133 0.178993
2 3 0.098358 0.170578 0.450777 0.048308 0.231979
2 3 0.114166 0.180903 0.435090 0.078777 0.191063
2 3 0.214011 0.201658 0.346937 0.043711 0.193684
2 3 0.048603 0.107709 0.638132 0.136778 0.068777
4 3 0.154357 0.107737 0.231439 0.140654 0.365813
3 3 0.169915 0.075591 0.220611 0.337679 0.196205
0 3 0.312128 0.054226 0.137152 0.296623 0.199872
3 3 0.075262 0.075731 0.320822 0.441423 0.086762
3 3 0.261074 0.102569 0.249203 0.300521 0.086632
3 3 0.099449 0.100179 0.339642 0.392736 0.067993
2 3 0.190718 0.156401 0.363543 0.137424 0.151913
3 3 0.086999 0.081729 0.329031 0.435650 0.066592
4 3 0.218625 0.069249 0.069208 0.013592 0.629325
3 3 0.140602 0.102258 0.348251 0.364881 0.044007
4 3 0.193591 0.064945 0.147546 0.152956 0.440962
3 3 0.062282 0.035162 0.173917 0.652432 0.076207
0 3 0.308939 0.052135 0.126098 0.250580 0.262249
0 3 0.373091 0.100365 0.180218 0.168354 0.177972
4 3 0.161744 0.065781 0.183506 0.269998 0.318970
2 3 0.105578 0.106424 0.384312 0.309404 0.094282
2 3 0.238665 0.138113 0.408054 0.157490 0.057677
3 3 0.019708 0.024712 0.214627 0.720291 0.020661
2 3 0.113472 0.137997 0.489386 0.170658 0.088486
3 3 0.179983 0.080683 0.273907 0.295564 0.169863
2 3 0.311534 0.168156 0.323520 0.137999 0.058792
3 3 0.042509 0.023240 0.154896 0.771186 0.008169
0 3 0.302107 0.104237 0.206317 0.161691 0.225649
3 3 0.006302 0.006909 0.075883 0.907747 0.003160
3 3 0.084814 0.033022 0.154894 0.694957 0.032313
3 3 0.036595 0.017305 0.112611 0.816358 0.017132
4 3 0.351227 0.125095 0.137823 0.030960 0.354896
3 3 0.162145 0.074435 0.235006 0.512260 0.016154
4 3 0.311261 0.087318 0.157744 0.131367 0.312310
0 3 0.360254 0.073132 0.171753 0.322194 0.072667
0 3 0.464042 0.047924 0.096273 0.184983 0.206777
3 3 0.254033 0.067785 0.189417 0.366636 0.122130
3 3 0.160389 0.083323 0.269244 0.463455 0.023589
2 3 0.203714 0.157859 0.344036 0.124192 0.170200
0 3 0.614570 0.120559 0.118309 0.023034 0.123529
3 3 0.264055 0.103772 0.251397 0.276005 0.104771
2 3 0.200136 0.178449 0.410331 0.128559 0.082525
0 3 0.303650 0.091516 0.192853 0.223091 0.188889
4 3 0.272215 0.123808 0.202054 0.083926 0.317997
2 3 0.136502 0.099012 0.367956 0.338133 0.058398
0 3 0.535243 0.143535 0.184098 0.095718 0.041407
3 3 0.232296 0.086479 0.225215 0.334808 0.121202
0 3 0.465556 0.126244 0.157706 0.060676 0.189818
0 3 0.358106 0.162929 0.215664 0.060791 0.202510
3 3 0.010645 0.002519 0.029559 0.954868 0.002409
3 3 0.275182 0.095260 0.284063 0.291652 0.053843
2 3 0.031481 0.101474 0.650295 0.116892 0.099858
2 2 0.049616 0.166577 0.430014 0.015662 0.338132
4 2 0.108975 0.189086 0.245313 0.010354 0.446272
3 1 0.170430 0.077972 0.239860 0.473309 0.038429
4 2 0.059344 0.205129 0.350320 0.002597 0.382610
2 2 0.035765 0.117056 0.524679 0.095425 0.227074
2 2 0.071529 0.197558 0.390786 0.006150 0.333978
4 2 0.071216 0.197336 0.273819 0.003709 0.453920
4 2 0.063028 0.204894 0.218369 0.001113 0.512596
2 2 0.045994 0.142211 0.591523 0.031759 0.188512
4 2 0.084573 0.164347 0.210785 0.004143 0.536154
2 2 0.095739 0.177992 0.402991 0.026633 0.296645
4 2 0.075970 0.183316 0.148243 0.001576 0.590895
4 2 0.067974 0.194926 0.291440 0.004304 0.441356
4 2 0.064317 0.200752 0.172428 0.000715 0.561787
4 2 0.051804 0.188501 0.334614 0.004198 0.420882
2 2 0.046823 0.179775 0.402982 0.006593 0.363827
2 2 0.044683 0.171570 0.451036 0.009620 0.323091
2 2 0.047134 0.173225 0.468256 0.009651 0.301735
2 2 0.022055 0.091262 0.754184 0.073699 0.058800
2 2 0.020717 0.079124 0.746270 0.107034 0.046854
3 2 0.032242 0.045701 0.332259 0.498823 0.090975
2 2 0.197091 0.093136 0.280024 0.202100 0.227648
2 2 0.090280 0.164315 0.493187 0.074483 0.177734
2 2 0.024790 0.059037 0.593822 0.289126 0.033225
3 2 0.017258 0.031008 0.368839 0.569263 0.013633
2 2 0.039868 0.054255 0.439048 0.427809 0.039019
4 2 0.241548 0.080969 0.166634 0.086505 0.424344
2 2 0.130765 0.207788 0.489869 0.044301 0.127278
2 2 0.014962 0.043863 0.707466 0.209483 0.024226
2 2 0.147258 0.128307 0.391132 0.217438 0.115865
0 0 0.736731 0.057733 0.072872 0.078272 0.054392
0 1 0.535461 0.199263 0.185136 0.038422 0.041718
2 1 0.046994 0.120462 0.714907 0.068038 0.049599
2 2 0.079692 0.163136 0.537990 0.058787 0.160396
2 1 0.106605 0.159105 0.489008 0.115505 0.129777
2 2 0.109194 0.195918 0.594422 0.028148 0.072318
0 2 0.328286 0.240952 0.200988 0.012790 0.216984
3 2 0.048789 0.034529 0.181770 0.686401 0.048512
2 1 0.197251 0.188365 0.520392 0.053253 0.040739
2 1 0.189232 0.238335 0.389880 0.015585 0.166968
3 2 0.014249 0.018685 0.316338 0.634264 0.016465
4 2 0.344372 0.089442 0.130836 0.060621 0.374729
0 2 0.469528 0.179580 0.171931 0.028983 0.149978
2 2 0.092874 0.121576 0.515116 0.067107 0.203327
3 2 0.156593 0.044700 0.180674 0.497013 0.121020
4 2 0.190720 0.165309 0.206902 0.028594 0.408476
2 2 0.033446 0.079986 0.654333 0.187505 0.044730
2 2 0.146436 0.140487 0.331456 0.173783 0.207838
4 2 0.222744 0.128156 0.201263 0.016167 0.431670
3 2 0.082525 0.038552 0.208618 0.630709 0.039597
0 2 0.408639 0.084924 0.170289 0.170661 0.165487
2 2 0.194571 0.148621 0.423589 0.093839 0.139380
2 2 0.106479 0.199984 0.526841 0.019968 0.146729
0 2 0.377581 0.106783 0.191615 0.176364 0.147656
2 2 0.087098 0.197652 0.559445 0.026333 0.129472
2 2 0.042423 0.176165 0.538582 0.008676 0.234153
2 2 0.029437 0.117721 0.670221 0.061450 0.121171
2 2 0.034491 0.127279 0.535078 0.046377 0.256775
2 2 0.029081 0.097154 0.720345 0.094317 0.059102
2 2 0.054882 0.122230 0.576089 0.057369 0.189429
2 2 0.032073 0.095640 0.644558 0.108832 0.118897
2 2 0.026972 0.061292 0.537728 0.291148 0.082860
2 2 0.039744 0.109954 0.722269 0.081500 0.046533
2 2 0.024757 0.083039 0.697666 0.145591 0.048947
2 2 0.046447 0.111785 0.642826 0.122203 0.076739
2 2 0.034320 0.123872 0.670204 0.057412 0.114192
2 2 0.042524 0.109045 0.684114 0.060775 0.103543
2 2 0.033134 0.084497 0.636694 0.133544 0.112131
2 2 0.103686 0.162289 0.475709 0.061519 0.196797
2 2 0.054494 0.092726 0.502706 0.260507 0.089568
2 2 0.025043 0.070922 0.592094 0.250901 0.061040
2 2 0.088464 0.165928 0.546411 0.060579 0.138618
2 2 0.094965 0.175489 0.440315 0.027636 0.261595
0 1 0.433271 0.102535 0.174589 0.163811 0.125792
2 2 0.081253 0.224649 0.422380 0.005266 0.266452
2 2 0.063821 0.125836 0.680942 0.090219 0.039182
2 2 0.052540 0.142037 0.674165 0.045674 0.085584
3 2 0.042893 0.052112 0.397524 0.458259 0.049212
2 2 0.033184 0.082829 0.593279 0.244943 0.045765
2 2 0.081769 0.108110 0.425524 0.207536 0.177061
2 1 0.291681 0.145976 0.296433 0.206198 0.059712
2 2 0.074359 0.147530 0.466083 0.036948 0.275080
2 2 0.072570 0.126054 0.564845 0.126074 0.110457
2 2 0.176507 0.164635 0.452034 0.109730 0.097093
2 2 0.080878 0.146288 0.667454 0.061411 0.043969
2 2 0.066716 0.157132 0.449680 0.041735 0.284737
2 2 0.085684 0.168087 0.481364 0.046384 0.218481
2 2 0.111552 0.182747 0.505183 0.045140 0.155379
2 2 0.140152 0.227144 0.541732 0.018163 0.072809
4 2 0.310033 0.138937 0.164619 0.041423 0.344987
2 2 0.229069 0.097505 0.242328 0.232257 0.198842
4 2 0.261035 0.068398 0.078439 0.024083 0.568044
2 2 0.134476 0.137523 0.317660 0.146093 0.264248
2 2 0.186133 0.194769 0.434951 0.061459 0.122688
2 2 0.052900 0.085355 0.496057 0.314349 0.051339
3 2 0.014408 0.020361 0.251481 0.688248 0.025501
2 2 0.243505 0.109433 0.305911 0.217717 0.123433
4 2 0.165918 0.188164 0.287817 0.036222 0.321879
3 2 0.009001 0.019882 0.424351 0.538430 0.008336
3 2 0.016376 0.012460 0.100579 0.865949 0.004636
3 2 0.083190 0.059320 0.293445 0.535647 0.028397
3 2 0.186380 0.078168 0.226858 0.297048 0.211546
2 2 0.099809 0.159869 0.597842 0.064313 0.078167
2 2 0.135075 0.183188 0.439785 0.091880 0.150072
3 2 0.052604 0.051366 0.361158 0.458572 0.076300
0 2 0.292141 0.144005 0.281661 0.214606 0.067587
2 2 0.213817 0.105803 0.236520 0.226283 0.217578
2 2 0.140120 0.199511 0.403942 0.047101 0.209326
4 2 0.261947 0.068170 0.129779 0.126871 0.413232
4 2 0.271538 0.262511 0.133340 0.003162 0.329450
2 2 0.070255 0.179849 0.371250 0.014169 0.364477
2 2 0.047567 0.145737 0.668572 0.036058 0.102067
2 2 0.047984 0.094747 0.600355 0.200002 0.056913
2 2 0.033481 0.105197 0.638450 0.109792 0.113080
2 2 0.077842 0.182662 0.563045 0.028038 0.148414
2 2 0.043163 0.125488 0.578443 0.053073 0.199834
2 2 0.054401 0.141766 0.532833 0.061270 0.209730
2 2 0.031283 0.060951 0.513276 0.356513 0.037976
2 2 0.043671 0.102100 0.611949 0.156614 0.085666
4 2 0.132276 0.173402 0.165091 0.011825 0.517405
2 2 0.049556 0.082606 0.428300 0.263298 0.176240
2 2 0.113663 0.177537 0.434248 0.044564 0.229988
3 2 0.110749 0.107552 0.317934 0.321872 0.141893
4 2 0.133918 0.168285 0.298685 0.051871 0.347241
4 2 0.130491 0.167925 0.313170 0.053475 0.334940
2 2 0.146476 0.149843 0.517962 0.121240 0.064479
2 2 0.234708 0.114667 0.270890 0.131657 0.248078
4 2 0.191719 0.180946 0.187847 0.019821 0.419667
2 2 0.053264 0.088948 0.398380 0.276021 0.183387
0 2 0.270050 0.167843 0.254376 0.058069 0.249662
2 2 0.155265 0.226285 0.396649 0.019347 0.202454
3 2 0.049434 0.055027 0.367079 0.493872 0.034589
2 2 0.255586 0.184800 0.279623 0.093647 0.186344
2 2 0.135106 0.196795 0.436653 0.036249 0.195197
2 2 0.149992 0.195288 0.424904 0.066479 0.163338
2 2 0.176898 0.190545 0.382615 0.063032 0.186910
2 2 0.178298 0.129809 0.327807 0.191196 0.172891
0 2 0.339063 0.188893 0.297164 0.049950 0.124929
3 2 0.081492 0.092325 0.372784 0.385065 0.068333
2 2 0.127866 0.120018 0.379112 0.180764 0.192240
4 2 0.120254 0.180230 0.201174 0.010408 0.487934
2 2 0.151716 0.149020 0.406343 0.204937 0.087984
2 2 0.154475 0.210732 0.441673 0.041917 0.151203
2 2 0.108657 0.142514 0.419557 0.154608 0.174664
2 2 0.200010 0.192936 0.300669 0.047053 0.259332
2 2 0.066105 0.114730 0.531931 0.172416 0.114818
3 2 0.132694 0.091724 0.345412 0.348855 0.081315
2 2 0.179392 0.159851 0.458929 0.143714 0.058116
2 2 0.224315 0.126826 0.271453 0.228067 0.149340
0 2 0.331810 0.095289 0.207645 0.250301 0.114955
3 3 0.049683 0.034396 0.244426 0.634318 0.037177
2 3 0.113943 0.147134 0.372496 0.133288 0.233139
3 3 0.052752 0.046756 0.223240 0.641547 0.035705
3 3 0.029017 0.030284 0.184984 0.713157 0.042558
0 3 0.335050 0.143187 0.218949 0.086834 0.215980
4 3 0.265864 0.160164 0.177975 0.031786 0.364211
3 3 0.162954 0.054864 0.190756 0.558102 0.033324
0 3 0.391060 0.211286 0.253261 0.063089 0.081304
3 3 0.149470 0.074253 0.233746 0.423564 0.118966
2 3 0.129983 0.187273 0.442673 0.057968 0.182103
2 3 0.039916 0.095801 0.510334 0.200860 0.153089
4 2 0.142702 0.152311 0.241501 0.023600 0.439887
2 2 0.064976 0.086760 0.434248 0.333179 0.080838
4 2 0.190275 0.112841 0.130142 0.023904 0.542839
2 2 0.128633 0.108542 0.399232 0.311204 0.052390
4 2 0.135432 0.127877 0.241917 0.088289 0.406486
2 3 0.111943 0.119270 0.332139 0.252236 0.184412
4 3 0.205935 0.091219 0.081708 0.010209 0.610929
2 3 0.024905 0.102176 0.737495 0.063964 0.071460
2 3 0.025195 0.054610 0.540419 0.356943 0.022833
2 3 0.031045 0.087612 0.676101 0.152342 0.052901
2 3 0.016400 0.066528 0.774610 0.118261 0.024201
2 3 0.050257 0.113396 0.687490 0.104660 0.044196
2 3 0.018013 0.055062 0.678769 0.218093 0.030063
2 3 0.014078 0.053728 0.745333 0.155960 0.030901
2 3 0.031889 0.102421 0.704627 0.104190 0.056873
2 3 0.038354 0.098850 0.697351 0.123656 0.041789
2 3 0.016011 0.062012 0.713728 0.184313 0.023937
2 3 0.020659 0.094539 0.762839 0.057880 0.064082
2 3 0.019906 0.071801 0.755714 0.125083 0.027497
0 3 0.512469 0.074222 0.115549 0.118235 0.179525
4 1 0.292384 0.120661 0.166049 0.060750 0.360156
2 2 0.018760 0.080771 0.767435 0.091146 0.041888
2 2 0.025288 0.118584 0.728760 0.029310 0.098058
2 2 0.025333 0.106427 0.737938 0.050935 0.079368
2 2 0.022766 0.094215 0.743594 0.063641 0.075785
2 2 0.017854 0.077579 0.745352 0.115064 0.044151
2 2 0.032049 0.135985 0.701008 0.030242 0.100715
2 2 0.030301 0.140279 0.681427 0.023832 0.124161
2 2 0.024535 0.094021 0.772537 0.068251 0.040657
2 2 0.033797 0.114989 0.685420 0.060431 0.105363
2 2 0.016939 0.080045 0.745613 0.095154 0.062250
2 4 0.017836 0.089978 0.749098 0.068324 0.074764
2 4 0.071667 0.183902 0.413588 0.013496 0.317347
2 4 0.074254 0.206033 0.409462 0.010157 0.300094
2 4 0.013539 0.043676 0.662844 0.260292 0.019648
2 4 0.074492 0.202929 0.501867 0.020394 0.200318
2 4 0.025662 0.136151 0.671755 0.016230 0.150201
2 4 0.055279 0.131023 0.617772 0.031551 0.164376
2 4 0.027466 0.127637 0.721487 0.028190 0.095221
2 4 0.017399 0.104296 0.747086 0.031735 0.099485
2 4 0.020846 0.107908 0.730647 0.033845 0.106754
2 4 0.027942 0.115346 0.691202 0.037818 0.127692
2 4 0.023906 0.120789 0.709784 0.030530 0.114991
2 4 0.145067 0.081081 0.412994 0.280630 0.080229
0 4 0.289963 0.129094 0.267934 0.268301 0.044708
0 4 0.382316 0.196090 0.069961 0.001146 0.350488
2 4 0.064165 0.159678 0.618859 0.029558 0.127739
2 4 0.041494 0.180609 0.546162 0.010664 0.221070
4 4 0.195727 0.092427 0.112129 0.023933 0.575783
0 4 0.440585 0.095925 0.103483 0.034170 0.325837
2 4 0.162200 0.168097 0.354573 0.030912 0.284217
2 4 0.047314 0.145113 0.676521 0.020934 0.110117
2 4 0.093490 0.162664 0.461474 0.069779 0.212593
0 0 0.925894 0.025771 0.021742 0.024588 0.002005
0 0 0.965702 0.014256 0.009225 0.010645 0.000171
0 0 0.345645 0.260655 0.171719 0.008970 0.213011
4 0 0.183043 0.174004 0.261266 0.019434 0.362253
2 0 0.226923 0.137321 0.290640 0.237686 0.107430
4 0 0.203679 0.107300 0.106844 0.014429 0.567749
4 1 0.151814 0.147308 0.285534 0.039224 0.376121
2 1 0.181361 0.124721 0.400363 0.203657 0.089899
0 1 0.443649 0.169962 0.221966 0.085688 0.078735
4 1 0.208114 0.071878 0.133382 0.087451 0.499176
4 1 0.130540 0.065579 0.232012 0.226101 0.345768
4 1 0.178745 0.060754 0.086075 0.029389 0.645038
0 1 0.288746 0.059627 0.143626 0.246972 0.261029
0 1 0.342850 0.107482 0.199414 0.181853 0.168401
0 0 0.618454 0.108193 0.142907 0.125191 0.005255
4 0 0.159296 0.047194 0.065039 0.020932 0.707539
2 0 0.270477 0.167374 0.281968 0.043935 0.236245
4 1 0.142935 0.131984 0.131709 0.005930 0.587443
2 1 0.082960 0.138250 0.647950 0.064672 0.066168
2 1 0.066784 0.189486 0.543822 0.018015 0.181893
2 2 0.037590 0.118821 0.652187 0.067432 0.123970
2 2 0.057022 0.132005 0.555326 0.052556 0.203091
2 2 0.080353 0.167300 0.445343 0.029296 0.277708
2 2 0.087380 0.167140 0.501240 0.054279 0.189960
2 2 0.098511 0.191298 0.530920 0.017990 0.161281
2 2 0.034643 0.124586 0.721255 0.045966 0.073550
2 2 0.067385 0.183715 0.510494 0.022604 0.215803
2 2 0.059462 0.104777 0.468615 0.109640 0.257506
2 2 0.046710 0.121566 0.631940 0.074032 0.125752
2 2 0.065834 0.149279 0.576253 0.069752 0.138883
2 2 0.035110 0.103466 0.695771 0.100103 0.065551
2 2 0.033037 0.093226 0.722815 0.102253 0.048669
2 2 0.022071 0.054454 0.601921 0.299587 0.021967
2 2 0.022483 0.080597 0.738486 0.108150 0.050284
2 2 0.027001 0.074564 0.641658 0.221129 0.035647
2 2 0.034795 0.083688 0.569371 0.240859 0.071287
2 2 0.049298 0.146268 0.542183 0.048911 0.213340
2 2 0.039751 0.093917 0.588677 0.212321 0.065334
2 2 0.034868 0.121775 0.709037 0.054893 0.079428
2 2 0.046768 0.140466 0.634306 0.040148 0.138312
2 2 0.062656 0.135907 0.615234 0.095105 0.091098
2 2 0.030121 0.089047 0.687187 0.146001 0.047645
2 2 0.071358 0.099942 0.477627 0.193607 0.157466
2 2 0.017794 0.049481 0.558494 0.325385 0.048845
2 2 0.081497 0.125211 0.549868 0.191169 0.052254
2 2 0.054215 0.103945 0.568491 0.210381 0.062968
2 2 0.108484 0.087845 0.430633 0.227922 0.145116
2 2 0.033363 0.088321 0.639071 0.187698 0.051548
2 2 0.051377 0.086681 0.567205 0.244187 0.050550
2 2 0.086530 0.071277 0.393091 0.326745 0.122356
2 2 0.050746 0.096028 0.586123 0.161839 0.105264
2 2 0.022960 0.051666 0.545713 0.359428 0.020233
2 2 0.071134 0.095887 0.516409 0.188108 0.128462
2 2 0.081473 0.111303 0.502553 0.219100 0.085571
2 2 0.047275 0.103958 0.558056 0.145667 0.145044
2 2 0.065549 0.165591 0.520938 0.034995 0.212927
2 2 0.057648 0.135583 0.607896 0.101542 0.097331
2 2 0.110241 0.207586 0.478702 0.023876 0.179594
2 2 0.075626 0.167721 0.489262 0.038043 0.229349
4 2 0.125589 0.180055 0.259205 0.022901 0.412250
2 2 0.095595 0.158380 0.393123 0.068443 0.284459
2 2 0.189170 0.138456 0.368390 0.126031 0.177954
2 2 0.042417 0.062084 0.421724 0.398429 0.075345
4 2 0.150983 0.164269 0.207566 0.032042 0.445141
4 2 0.136010 0.163531 0.180576 0.010046 0.509837
3 2 0.031329 0.047366 0.377193 0.517381 0.026731
2 2 0.103274 0.104714 0.433764 0.321268 0.036979
2 3 0.124162 0.218547 0.363016 0.014777 0.279498
0 3 0.335268 0.197546 0.263316 0.080113 0.123758
0 3 0.274292 0.215359 0.267128 0.041769 0.201452
4 3 0.103228 0.166513 0.336808 0.021739 0.371712
2 3 0.129538 0.136603 0.431753 0.202205 0.099900
4 3 0.226505 0.085779 0.063710 0.005825 0.618181
3 3 0.070719 0.065296 0.369981 0.454148 0.039856
3 3 0.040961 0.022019 0.131891 0.793584 0.011545
3 3 0.250322 0.096060 0.266577 0.375395 0.011645
3 3 0.104142 0.047977 0.191733 0.550053 0.106096
2 3 0.198522 0.137692 0.377760 0.233651 0.052375
4 3 0.223737 0.155446 0.243325 0.085575 0.291917
2 3 0.161534 0.130362 0.396713 0.242324 0.069068
4 3 0.128521 0.142161 0.324898 0.069038 0.335382
0 3 0.264655 0.180958 0.242001 0.062327 0.250059
3 3 0.158755 0.056997 0.185729 0.408481 0.190038
3 3 0.177309 0.117097 0.295993 0.317441 0.092159
4 3 0.149540 0.156759 0.271467 0.069738 0.352496
4 3 0.162981 0.188676 0.236092 0.027688 0.384563
3 3 0.090981 0.036822 0.161726 0.576517 0.133954
0 3 0.279117 0.129271 0.249217 0.154531 0.187864
3 3 0.033929 0.027028 0.181613 0.750110 0.007319
4 3 0.187142 0.132406 0.112503 0.009367 0.558582
2 3 0.235390 0.123699 0.318416 0.161249 0.161246
3 3 0.118477 0.039950 0.181164 0.627824 0.032586
3 3 0.173141 0.081234 0.295166 0.406968 0.043491
2 3 0.141003 0.102525 0.382539 0.340315 0.033617
0 3 0.375219 0.140229 0.161087 0.042138 0.281328
3 3 0.084774 0.055480 0.226946 0.587980 0.044819
2 3 0.226024 0.183284 0.274784 0.081461 0.234447
2 3 0.049427 0.140694 0.479525 0.056094 0.274260
2 3 0.079985 0.156620 0.549400 0.047115 0.166879
2 3 0.150604 0.203195 0.352711 0.034525 0.258965
2 2 0.105059 0.142376 0.422098 0.154144 0.176323
4 2 0.080113 0.190576 0.207196 0.003461 0.518655
2 2 0.050652 0.148625 0.584478 0.037104 0.179141
4 2 0.097010 0.184901 0.153981 0.002818 0.561290
2 2 0.030421 0.105300 0.715818 0.084052 0.064409
2 2 0.031173 0.115951 0.672752 0.060174 0.119951
2 2 0.040042 0.113586 0.717504 0.079404 0.049463
2 2 0.063083 0.166485 0.584550 0.042471 0.143411
2 2 0.051146 0.145264 0.608609 0.066265 0.128715
2 2 0.022700 0.092759 0.721464 0.086178 0.076900
2 2 0.060076 0.158489 0.609238 0.048683 0.123514
2 2 0.017036 0.059126 0.663415 0.218854 0.041570
2 2 0.025078 0.097240 0.646817 0.110106 0.120760
2 2 0.024970 0.092769 0.716190 0.095327 0.070744
2 2 0.040684 0.139069 0.652744 0.037142 0.130361
2 2 0.018957 0.084478 0.776188 0.070665 0.049712
2 2 0.043331 0.168716 0.629288 0.015508 0.143157
3 2 0.183276 0.111289 0.289188 0.349136 0.067111
0 1 0.768264 0.076206 0.081139 0.073351 0.001039
2 1 0.033115 0.139677 0.674104 0.026242 0.126863
2 2 0.028002 0.121393 0.655153 0.037347 0.158104
2 2 0.066860 0.199748 0.524921 0.012298 0.196172
2 4 0.074316 0.210064 0.469856 0.010720 0.235044
2 4 0.063855 0.203909 0.480455 0.009857 0.241924
2 4 0.204249 0.114108 0.286234 0.111210 0.284200
2 4 0.044810 0.069876 0.458268 0.291446 0.135600
2 4 0.059226 0.172286 0.572334 0.023014 0.173140
4 4 0.189359 0.111520 0.206157 0.102796 0.390168
0 4 0.443185 0.125017 0.142942 0.047031 0.241826
2 4 0.044003 0.070110 0.489771 0.291286 0.104831
0 4 0.384633 0.071293 0.120535 0.098030 0.325509
0 4 0.513840 0.181225 0.127579 0.013056 0.164299
4 4 0.335243 0.043501 0.083688 0.122948 0.414619
4 4 0.255599 0.155108 0.201928 0.041343 0.346022
2 4 0.074539 0.129498 0.627507 0.105275 0.063181
2 4 0.077303 0.145972 0.590503 0.074609 0.111614
4 4 0.176525 0.089767 0.188222 0.119158 0.426328
4 4 0.217439 0.190656 0.202068 0.025337 0.364500
2 4 0.063069 0.177275 0.477199 0.027561 0.254896
4 4 0.257218 0.109391 0.191028 0.094838 0.347524
2 4 0.141888 0.233796 0.368834 0.013343 0.242140
0 4 0.277580 0.139500 0.228540 0.098407 0.255973
3 4 0.241436 0.107603 0.271559 0.352948 0.026454
2 4 0.074919 0.183230 0.522042 0.031857 0.187952
2 4 0.053108 0.175247 0.583805 0.018085 0.169755
2 4 0.053642 0.161799 0.449055 0.018223 0.317280
2 4 0.088554 0.158430 0.399634 0.042329 0.311053
2 4 0.039789 0.077626 0.555608 0.252514 0.074463
3 4 0.033192 0.029688 0.175631 0.735434 0.026055
4 4 0.196842 0.051969 0.149668 0.238014 0.363507
0 4 0.707585 0.052915 0.068374 0.075518 0.095608
0 4 0.640023 0.092465 0.105682 0.058341 0.103489
2 4 0.067195 0.170014 0.510204 0.033423 0.219165
4 4 0.292611 0.111094 0.077318 0.006351 0.512627
2 4 0.221291 0.169763 0.312161 0.034728 0.262058
2 4 0.290396 0.141968 0.300342 0.104789 0.162505
2 4 0.042663 0.163312 0.492522 0.017228 0.284275
2 4 0.055955 0.133558 0.550785 0.040692 0.219010
3 4 0.075951 0.020108 0.115609 0.775327 0.013005
0 4 0.663540 0.030508 0.037520 0.046260 0.222171
0 4 0.339191 0.167570 0.173636 0.031282 0.288321
2 4 0.047009 0.070246 0.524659 0.316005 0.042080
0 4 0.483523 0.108963 0.185010 0.214891 0.007612
3 4 0.186046 0.042038 0.144020 0.626317 0.001580
2 4 0.035062 0.082819 0.591847 0.115663 0.174608
0 4 0.317141 0.131566 0.224069 0.122387 0.204837
0 4 0.476099 0.146407 0.105708 0.011880 0.259904
2 4 0.122519 0.101712 0.282530 0.266619 0.226620
3 4 0.300431 0.083372 0.214492 0.376666 0.025040
2 4 0.022645 0.118310 0.641358 0.035296 0.182391
2 4 0.057882 0.157419 0.700265 0.029707 0.054727
2 4 0.046805 0.149548 0.608366 0.043941 0.151341
0 4 0.353328 0.125057 0.138339 0.034925 0.348351
2 4 0.237066 0.119751 0.350103 0.149517 0.143563
0 4 0.530888 0.053742 0.109457 0.236332 0.069582
2 1 0.170531 0.210860 0.415085 0.045463 0.158061
2 2 0.013603 0.080316 0.777869 0.056042 0.072169
0 1 0.352655 0.111969 0.206105 0.186361 0.142910
0 2 0.422466 0.127232 0.215736 0.188334 0.046232
2 2 0.023480 0.126126 0.718345 0.021565 0.110484
2 2 0.015669 0.077749 0.766760 0.077446 0.062376
2 2 0.017855 0.100725 0.738624 0.035786 0.107010
2 2 0.028858 0.132396 0.725688 0.020095 0.092964
2 2 0.018302 0.092614 0.740103 0.053721 0.095260
2 4 0.044144 0.161439 0.576877 0.021283 0.196256
2 4 0.020849 0.106068 0.736850 0.042651 0.093581
2 4 0.071002 0.150964 0.557161 0.048288 0.172586
2 4 0.258507 0.174350 0.401408 0.082051 0.083684
2 4 0.123708 0.162730 0.445526 0.056974 0.211062
0 4 0.527421 0.123149 0.181519 0.156492 0.011419
4 4 0.236326 0.145021 0.237734 0.072677 0.308242
2 4 0.085036 0.115465 0.373615 0.117476 0.308409
2 4 0.026769 0.108354 0.682919 0.071061 0.110898
2 4 0.013904 0.089441 0.748685 0.042712 0.105259
2 4 0.071961 0.146922 0.630588 0.044542 0.105988
2 4 0.084309 0.189482 0.465994 0.031124 0.229091
2 4 0.022021 0.092556 0.726763 0.083588 0.075073
2 4 0.025163 0.108772 0.706751 0.058094 0.101220
2 4 0.024635 0.118530 0.717651 0.034564 0.104620
2 4 0.013973 0.072201 0.804047 0.062925 0.046855
2 4 0.023478 0.101875 0.699858 0.066558 0.108232
2 4 0.018794 0.093815 0.792330 0.044112 0.050949
2 4 0.050399 0.161574 0.589960 0.031975 0.166092
2 4 0.021729 0.111640 0.710588 0.034974 0.121069
2 4 0.170956 0.166183 0.354257 0.144357 0.164248
0 4 0.535664 0.048196 0.098929 0.226964 0.090246
2 4 0.246610 0.120586 0.254779 0.175526 0.202499
0 4 0.360036 0.086505 0.154917 0.149270 0.249272
0 4 0.579755 0.114982 0.159290 0.138576 0.007397
2 4 0.031451 0.134500 0.693207 0.025899 0.114943
2 4 0.032894 0.134450 0.665934 0.037198 0.129524
2 4 0.024332 0.110579 0.759961 0.032473 0.072655
2 2 0.014529 0.083684 0.810725 0.041022 0.050040
2 2 0.020079 0.093662 0.772372 0.053538 0.060349
2 2 0.026880 0.121587 0.719415 0.029206 0.102913
2 2 0.020148 0.070423 0.764890 0.113040 0.031499
2 4 0.037110 0.075544 0.663018 0.201859 0.022469
2 4 0.135324 0.148479 0.354901 0.091230 0.270067
2 4 0.029289 0.113401 0.671519 0.048949 0.136842
2 4 0.193006 0.149774 0.386777 0.053557 0.216886
2 4 0.080054 0.164182 0.476179 0.028078 0.251506
2 4 0.032084 0.164752 0.483226 0.006754 0.313183
2 4 0.023075 0.108865 0.731254 0.041550 0.095256
2 4 0.025952 0.114117 0.710067 0.048893 0.100971
2 4 0.020922 0.109444 0.736852 0.032499 0.100282
2 4 0.023094 0.116067 0.723877 0.033173 0.103789
2 2 0.018692 0.084167 0.758309 0.080377 0.058455
2 2 0.015194 0.065399 0.717769 0.154249 0.047389
2 2 0.012073 0.064832 0.792991 0.089020 0.041084
2 2 0.025379 0.118574 0.740375 0.030926 0.084746
2 2 0.014547 0.074745 0.768660 0.082481 0.059567
0 4 0.421199 0.086136 0.149894 0.147540 0.195231
4 4 0.177399 0.093780 0.205197 0.159816 0.363807
2 4 0.069956 0.118074 0.603787 0.115611 0.092572
0 4 0.505099 0.091085 0.080903 0.019840 0.303072
0 4 0.475322 0.106282 0.172905 0.129408 0.116083
0 4 0.449636 0.132072 0.100737 0.012908 0.304646
0 4 0.469886 0.170141 0.202777 0.022924 0.134272
3 4 0.181319 0.025490 0.103118 0.597138 0.092934
3 4 0.304095 0.061939 0.164736 0.350679 0.118551
0 4 0.400049 0.075433 0.161620 0.263023 0.099875
2 4 0.229875 0.137613 0.290066 0.237359 0.105087
2 4 0.017227 0.099898 0.774251 0.031220 0.077404
2 4 0.035250 0.140551 0.660186 0.037182 0.126830
2 4 0.024912 0.119323 0.692917 0.033231 0.129617
2 2 0.019625 0.091834 0.774527 0.056618 0.057396
2 2 0.021662 0.069496 0.752793 0.133664 0.022384
3 4 0.059515 0.044242 0.294006 0.483213 0.119025
2 4 0.070891 0.139217 0.613744 0.065863 0.110285
0 4 0.582785 0.076619 0.112193 0.111687 0.116717
2 4 0.032972 0.146608 0.663260 0.020726 0.136434
2 4 0.018978 0.103258 0.723439 0.042577 0.111748
4 4 0.125421 0.146765 0.298891 0.022696 0.406227
2 4 0.158333 0.186176 0.482130 0.076297 0.097064
0 4 0.649640 0.049404 0.066195 0.074395 0.160366
2 4 0.059918 0.184213 0.538685 0.011297 0.205886
4 2 0.369417 0.023922 0.034149 0.041794 0.530718
0 2 0.479366 0.129537 0.201834 0.172603 0.016660
2 2 0.031572 0.108379 0.678401 0.092469 0.089179
2 2 0.027466 0.088702 0.761501 0.088672 0.033659
2 2 0.026136 0.079292 0.706573 0.156734 0.031266
2 2 0.047340 0.146088 0.681762 0.040847 0.083963
2 2 0.022821 0.082850 0.671161 0.115120 0.108048
2 2 0.024685 0.082707 0.713915 0.135505 0.043189
2 2 0.032340 0.114381 0.704025 0.064985 0.084269
2 2 0.029304 0.107012 0.664985 0.092612 0.106086
2 2 0.013164 0.055993 0.695820 0.197362 0.037660
2 2 0.051152 0.088982 0.532453 0.212395 0.115018
2 2 0.042442 0.129734 0.613351 0.082765 0.131707
2 2 0.095601 0.213831 0.448979 0.020622 0.220967
2 2 0.027099 0.098440 0.725459 0.092638 0.056364
2 2 0.052432 0.154887 0.638131 0.036429 0.118121
2 2 0.057208 0.151614 0.645650 0.048144 0.097384
2 2 0.032088 0.094172 0.570836 0.117939 0.184965
2 2 0.028821 0.096309 0.704466 0.103062 0.067342
2 2 0.057134 0.128297 0.624699 0.117157 0.072713
2 2 0.052400 0.129758 0.641248 0.086970 0.089624
2 2 0.047548 0.120257 0.650471 0.070811 0.110914
2 2 0.057526 0.110783 0.597211 0.142081 0.092399
2 2 0.020070 0.079483 0.744050 0.113249 0.043147
2 2 0.047544 0.127969 0.692934 0.046961 0.084593
2 2 0.029928 0.082586 0.693700 0.152547 0.041239
2 2 0.041079 0.103631 0.629405 0.107084 0.118800
2 2 0.082451 0.163336 0.559176 0.040599 0.154438
2 2 0.041596 0.083261 0.584891 0.254321 0.035932
2 2 0.027559 0.080142 0.682158 0.169354 0.040787
2 2 0.055370 0.102509 0.627107 0.147823 0.067191
2 2 0.030469 0.080396 0.634009 0.215311 0.039816
2 2 0.016517 0.039596 0.532277 0.399431 0.012180
2 2 0.052416 0.145261 0.658103 0.050057 0.094163
2 2 0.037379 0.081414 0.611036 0.241175 0.028996
2 2 0.070982 0.150130 0.628679 0.059892 0.090318
2 2 0.046123 0.067247 0.535983 0.297162 0.053484
2 2 0.103206 0.140628 0.587673 0.104422 0.064071
2 2 0.035822 0.091077 0.688309 0.147439 0.037354
2 2 0.045684 0.065428 0.478232 0.337715 0.072940
2 2 0.038024 0.077712 0.551375 0.287859 0.045030
2 2 0.062281 0.075090 0.458852 0.347823 0.055953
2 2 0.028912 0.085229 0.731528 0.127356 0.026975
2 2 0.027870 0.055490 0.513560 0.372426 0.030653
3 2 0.018147 0.023303 0.313443 0.631729 0.013379
3 2 0.036877 0.029545 0.226759 0.681828 0.024991
2 2 0.065882 0.108791 0.562949 0.168818 0.093560
2 2 0.098096 0.190381 0.566483 0.046357 0.098683
2 2 0.103544 0.140016 0.364875 0.091593 0.299972
4 3 0.106991 0.188253 0.337514 0.026119 0.341122
2 3 0.071401 0.121177 0.536415 0.146421 0.124587
2 3 0.208494 0.168748 0.379096 0.109860 0.133803
2 3 0.105820 0.160551 0.409747 0.064031 0.259851
2 3 0.109665 0.195946 0.379912 0.022791 0.291686
4 3 0.117945 0.233602 0.303736 0.005239 0.339477
4 3 0.083516 0.170427 0.338408 0.028173 0.379477
2 3 0.077404 0.129394 0.556100 0.128091 0.109011
2 3 0.069902 0.125938 0.510373 0.126785 0.167002
4 3 0.189930 0.187747 0.238196 0.041097 0.343029
4 3 0.147982 0.215586 0.244780 0.010265 0.381387
2 3 0.098063 0.179842 0.420573 0.035319 0.266202
4 3 0.172952 0.144494 0.218168 0.029435 0.434950
2 3 0.151311 0.172832 0.302947 0.071656 0.301254
2 3 0.165112 0.226044 0.340408 0.017874 0.250562
3 3 0.153857 0.087180 0.265486 0.458165 0.035312
3 3 0.106731 0.062896 0.221067 0.407357 0.201949
2 3 0.202494 0.108340 0.275213 0.222143 0.191809
2 3 0.108144 0.163322 0.476389 0.068644 0.183501
2 3 0.168374 0.153951 0.452850 0.137830 0.086995
4 3 0.182413 0.085042 0.222610 0.241054 0.268881
3 3 0.040115 0.054987 0.323954 0.517895 0.063049
3 3 0.031339 0.034415 0.247928 0.670229 0.016088
3 3 0.162780 0.066952 0.246062 0.470149 0.054057
4 3 0.150949 0.132061 0.289543 0.075764 0.351683
2 3 0.210405 0.134814 0.294483 0.216624 0.143673
2 3 0.154589 0.122223 0.329198 0.313843 0.080148
4 3 0.169080 0.127566 0.214397 0.067293 0.421664
4 3 0.267725 0.063926 0.111282 0.092304 0.464764
4 3 0.221532 0.192085 0.257910 0.056592 0.271881
3 3 0.132458 0.086042 0.298111 0.397379 0.086010
0 3 0.382046 0.139775 0.245172 0.174251 0.058757
3 3 0.037547 0.042462 0.338683 0.570009 0.011299
3 3 0.122424 0.070710 0.247967 0.494547 0.064351
4 3 0.248743 0.070254 0.129261 0.105889 0.445853
2 3 0.117906 0.112820 0.312622 0.280843 0.175809
3 3 0.137686 0.070341 0.217355 0.305479 0.269140
2 3 0.206942 0.139317 0.367474 0.193045 0.093222
2 3 0.212095 0.220649 0.366101 0.039742 0.161413
3 3 0.087419 0.079950 0.276280 0.407203 0.149148
2 3 0.147544 0.125012 0.383296 0.287726 0.056422
2 3 0.232855 0.122827 0.244668 0.162611 0.237040
4 3 0.122617 0.160851 0.120751 0.005008 0.590774
0 3 0.384772 0.188724 0.260586 0.097830 0.068088
3 3 0.181323 0.086010 0.250833 0.431742 0.050092
3 3 0.242134 0.060336 0.177877 0.437523 0.082130
3 3 0.122946 0.054087 0.203206 0.561526 0.058235
3 3 0.123612 0.075682 0.272607 0.470347 0.057752
2 3 0.154964 0.175247 0.453938 0.112352 0.103498
2 3 0.076592 0.090173 0.475291 0.290811 0.067134
3 3 0.024757 0.042148 0.388705 0.511984 0.032406
3 3 0.064417 0.049571 0.276696 0.597229 0.012088
2 3 0.038625 0.057588 0.525843 0.356990 0.020954
2 3 0.063238 0.078243 0.466734 0.347384 0.044401
2 3 0.058274 0.148921 0.536374 0.041120 0.215312
3 3 0.018183 0.030109 0.393369 0.553310 0.005029
3 3 0.013791 0.024041 0.346628 0.607587 0.007953
2 3 0.056635 0.106279 0.624192 0.155609 0.057285
2 3 0.088173 0.113828 0.498369 0.197007 0.102623
2 3 0.131471 0.132691 0.488667 0.164303 0.082868
3 3 0.043569 0.033417 0.297143 0.592891 0.032980
2 3 0.025457 0.056896 0.607434 0.295262 0.014950
3 3 0.006092 0.012566 0.217128 0.758291 0.005924
0 1 0.339365 0.140608 0.257707 0.215225 0.047095
2 2 0.045829 0.136760 0.710235 0.041420 0.065755
2 2 0.030440 0.073466 0.736705 0.144936 0.014452
2 2 0.057614 0.142688 0.630443 0.049774 0.119482
0 2 0.320501 0.253329 0.226233 0.012297 0.187639
0 1 0.363242 0.139672 0.248832 0.208675 0.039578
2 2 0.103169 0.209148 0.431658 0.013950 0.242075
2 2 0.062598 0.194108 0.469823 0.017532 0.255939
2 2 0.044245 0.104677 0.609638 0.093534 0.147907
2 2 0.079467 0.181172 0.537198 0.035802 0.166361
2 2 0.035742 0.158855 0.633064 0.015194 0.157145
2 2 0.029624 0.132727 0.643127 0.032231 0.162290
2 2 0.026170 0.117102 0.685598 0.043562 0.127568
2 2 0.119006 0.112704 0.313744 0.290976 0.163570
3 1 0.276755 0.118779 0.263144 0.307173 0.034150
2 2 0.027952 0.128472 0.649008 0.028276 0.166293
2 2 0.029615 0.131068 0.670328 0.028452 0.140537
2 2 0.023715 0.123324 0.683939 0.027560 0.141461
2 2 0.036393 0.157827 0.612662 0.013409 0.179709
2 2 0.033800 0.157188 0.610660 0.013554 0.184798
2 4 0.026166 0.103242 0.723397 0.067451 0.079744
2 4 0.081792 0.201312 0.538218 0.020746 0.157931
2 4 0.041661 0.164606 0.583488 0.015941 0.194305
2 4 0.029516 0.135191 0.696669 0.018549 0.120075
2 4 0.028678 0.117511 0.713716 0.045682 0.094413
4 4 0.160992 0.106279 0.177522 0.054022 0.501185
0 4 0.333511 0.068276 0.150640 0.222600 0.224973
0 4 0.497878 0.068587 0.127244 0.183006 0.123286
0 4 0.300678 0.131650 0.213454 0.091870 0.262348
2 4 0.032937 0.144328 0.620749 0.023012 0.178974
2 4 0.032074 0.125777 0.608834 0.041659 0.191655
2 4 0.043288 0.184897 0.588650 0.010585 0.172579
4 4 0.297442 0.051248 0.089701 0.093809 0.467801
0 1 0.632137 0.064380 0.090141 0.095668 0.117675
0 1 0.479146 0.173302 0.218572 0.090841 0.038139
2 2 0.034168 0.137196 0.681508 0.031745 0.115383
2 2 0.032496 0.106254 0.686325 0.065408 0.109516
2 2 0.028894 0.108604 0.735209 0.065942 0.061350
2 2 0.029737 0.075799 0.657494 0.191042 0.045928
2 2 0.062905 0.122900 0.586121 0.105209 0.122866
2 2 0.024165 0.090398 0.737726 0.074001 0.073710
2 2 0.028016 0.102112 0.716583 0.067774 0.085515
2 2 0.028493 0.104339 0.714914 0.067919 0.084335
2 2 0.034218 0.120644 0.693206 0.063095 0.088837
4 2 0.143412 0.208448 0.238119 0.007584 0.402437
3 4 0.155708 0.038778 0.143398 0.494280 0.167835
3 4 0.091969 0.056113 0.232364 0.537804 0.081749
2 4 0.031433 0.112444 0.721339 0.059925 0.074859
2 4 0.021296 0.087065 0.698760 0.112334 0.080546
2 4 0.027819 0.100139 0.712812 0.085772 0.073459
2 4 0.035909 0.107615 0.685879 0.068968 0.101629
2 2 0.039231 0.116182 0.671172 0.059677 0.113738
