4 0 0.160108 0.055493 0.155854 0.227448 0.401097
2 0 0.106815 0.110999 0.458226 0.233870 0.090090
2 0 0.107226 0.188011 0.472185 0.025292 0.207287
4 0 0.097641 0.215002 0.329032 0.017122 0.341202
2 0 0.089123 0.101878 0.481864 0.260322 0.066813
2 0 0.084142 0.140305 0.379052 0.066536 0.329966
4 0 0.088443 0.174784 0.269069 0.014588 0.453116
4 0 0.101343 0.118208 0.229198 0.021520 0.529732
4 0 0.182894 0.155740 0.276665 0.101538 0.283163
4 0 0.166755 0.143735 0.147799 0.011163 0.530547
2 1 0.200408 0.142561 0.333329 0.187556 0.136145
2 1 0.083710 0.152823 0.384730 0.149356 0.229381
3 2 0.055344 0.055665 0.186626 0.668454 0.033911
4 2 0.142225 0.098732 0.218815 0.149099 0.391128
3 2 0.032161 0.037952 0.273351 0.639211 0.017325
4 2 0.243594 0.118893 0.193721 0.114117 0.329675
2 2 0.092657 0.158421 0.492104 0.077257 0.179561
2 2 0.031188 0.092025 0.691273 0.142545 0.042968
2 2 0.100044 0.208278 0.560144 0.052400 0.079134
2 2 0.077359 0.216513 0.488066 0.032781 0.185280
2 2 0.049520 0.145764 0.613430 0.041422 0.149865
2 2 0.035520 0.111090 0.713642 0.089098 0.050651
2 2 0.107065 0.261440 0.343143 0.004138 0.284214
0 2 0.333408 0.124603 0.240210 0.255201 0.046579
0 1 0.516783 0.134528 0.174936 0.086895 0.086859
4 1 0.291397 0.118139 0.155194 0.104139 0.331131
0 1 0.342563 0.151433 0.204130 0.092026 0.209847
3 1 0.122225 0.061745 0.271911 0.527770 0.016349
0 0 0.439068 0.042155 0.040511 0.139373 0.338893
0 0 0.532142 0.143470 0.218119 0.074342 0.031926
3 1 0.065635 0.044643 0.399724 0.469348 0.020650
0 1 0.727189 0.088978 0.112942 0.057114 0.013777
0 0 0.684468 0.063654 0.096837 0.113400 0.041641
2 0 0.067706 0.140526 0.502086 0.117770 0.171912
4 0 0.100406 0.192461 0.282540 0.019852 0.404742
4 0 0.125296 0.147628 0.226844 0.017111 0.483122
4 1 0.152702 0.150159 0.201932 0.013958 0.481248
4 1 0.179811 0.128115 0.191218 0.053248 0.447608
4 1 0.204169 0.082520 0.078083 0.021644 0.613583
2 2 0.076934 0.135625 0.508862 0.172813 0.105766
2 2 0.033162 0.111525 0.572842 0.067393 0.215079
2 2 0.048407 0.106859 0.551300 0.097471 0.195964
2 2 0.046019 0.110833 0.605911 0.103138 0.134099
2 2 0.085724 0.173540 0.453793 0.051554 0.235389
2 2 0.027439 0.112089 0.687926 0.059119 0.113426
2 2 0.032318 0.138636 0.676731 0.059885 0.092430
2 2 0.032579 0.128853 0.669934 0.064223 0.104410
2 2 0.047893 0.104598 0.618291 0.078455 0.150763
2 2 0.043300 0.162576 0.575816 0.045379 0.172929
2 2 0.053943 0.158583 0.529038 0.051199 0.207237
4 2 0.143337 0.146018 0.201595 0.042823 0.466226
2 2 0.113662 0.169597 0.377923 0.071873 0.266946
2 2 0.142220 0.159352 0.441181 0.053277 0.203969
2 2 0.145941 0.159559 0.391616 0.061143 0.241741
4 3 0.170672 0.119923 0.171391 0.039918 0.498095
2 3 0.168698 0.185195 0.388624 0.064770 0.192713
2 3 0.107123 0.107432 0.407309 0.256777 0.121358
4 3 0.167640 0.179271 0.287595 0.072287 0.293207
2 3 0.137705 0.159093 0.490427 0.071115 0.141660
2 3 0.218063 0.149970 0.299208 0.057468 0.275291
4 3 0.139410 0.151648 0.239405 0.042347 0.427190
4 3 0.130431 0.156868 0.268147 0.091040 0.353514
2 3 0.056626 0.056584 0.492968 0.329830 0.063992
4 3 0.171256 0.185272 0.276046 0.053328 0.314098
2 3 0.082099 0.104292 0.597572 0.180593 0.035444
0 3 0.317443 0.162312 0.190040 0.026436 0.303768
2 3 0.094445 0.174915 0.399310 0.148686 0.182644
2 3 0.139618 0.140247 0.332566 0.078218 0.309351
4 3 0.210199 0.199315 0.220714 0.011910 0.357862
4 3 0.205010 0.149973 0.247145 0.078266 0.319605
3 3 0.157054 0.122985 0.283997 0.338909 0.097055
0 3 0.272428 0.146126 0.215910 0.118861 0.246675
4 3 0.169452 0.208264 0.269268 0.019793 0.333223
4 3 0.173014 0.137592 0.209669 0.101467 0.378257
4 3 0.238181 0.055894 0.057221 0.081207 0.567498
4 3 0.152119 0.116869 0.237742 0.206877 0.286392
3 3 0.228715 0.069701 0.139413 0.346901 0.215269
4 3 0.137996 0.097741 0.297401 0.154880 0.311982
2 3 0.046048 0.049576 0.623121 0.259289 0.021966
2 3 0.102914 0.219043 0.497684 0.043656 0.136703
2 3 0.197404 0.179490 0.283117 0.076250 0.263740
4 3 0.240166 0.128645 0.215386 0.048110 0.367692
2 3 0.176433 0.119241 0.393599 0.171252 0.139474
3 3 0.164240 0.118254 0.260844 0.348323 0.108338
4 3 0.251871 0.143576 0.183294 0.063949 0.357311
2 3 0.225161 0.201006 0.380203 0.105410 0.088220
2 3 0.133533 0.097384 0.283434 0.280369 0.205280
0 3 0.332030 0.144634 0.261828 0.117968 0.143540
3 3 0.213488 0.085816 0.251992 0.377358 0.071346
4 3 0.227128 0.147908 0.212689 0.096309 0.315965
0 3 0.313432 0.128575 0.189105 0.155969 0.212918
4 3 0.148857 0.096814 0.171080 0.256083 0.327165
0 3 0.345762 0.111195 0.173989 0.180175 0.188879
3 3 0.241226 0.118397 0.216946 0.280550 0.142881
2 3 0.104840 0.098282 0.362857 0.352834 0.081187
0 3 0.379241 0.191979 0.270158 0.057479 0.101143
4 3 0.291645 0.079094 0.090860 0.097794 0.440608
3 3 0.124386 0.067482 0.149057 0.520678 0.138397
4 3 0.205814 0.082751 0.087350 0.044508 0.579576
4 3 0.263206 0.108108 0.129085 0.077414 0.422188
4 3 0.240930 0.018374 0.013841 0.067150 0.659705
0 2 0.638290 0.048835 0.044268 0.094432 0.174175
0 1 0.306622 0.107112 0.302238 0.203058 0.080971
4 2 0.286788 0.110880 0.126161 0.056802 0.419369
3 2 0.017191 0.022218 0.294082 0.662734 0.003774
0 1 0.589436 0.035737 0.044674 0.278980 0.051173
0 1 0.727663 0.061536 0.062477 0.081516 0.066808
0 1 0.512299 0.085337 0.091875 0.100118 0.210371
0 1 0.494750 0.071543 0.072751 0.100451 0.260505
4 2 0.222292 0.031841 0.027273 0.059573 0.659022
0 2 0.549992 0.112672 0.117737 0.052271 0.167328
4 2 0.104506 0.071804 0.169927 0.213520 0.440242
4 2 0.217532 0.121268 0.256342 0.116134 0.288724
2 2 0.117367 0.131743 0.434794 0.095682 0.220415
2 2 0.033706 0.088660 0.583520 0.178492 0.115622
2 2 0.061814 0.091679 0.485846 0.231293 0.129368
2 2 0.057979 0.118274 0.642715 0.123959 0.057074
2 2 0.043001 0.175300 0.625933 0.069589 0.086178
2 2 0.162646 0.182833 0.333058 0.053180 0.268283
2 2 0.081732 0.130922 0.464183 0.095733 0.227430
2 2 0.062516 0.128464 0.475102 0.060672 0.273246
3 2 0.130921 0.076217 0.184208 0.531502 0.077153
0 2 0.317855 0.141875 0.231159 0.162548 0.146563
2 2 0.074692 0.146505 0.560131 0.072571 0.146101
2 2 0.198266 0.171874 0.357170 0.090710 0.181979
2 2 0.116947 0.099702 0.456252 0.258837 0.068261
2 2 0.062235 0.164046 0.616155 0.066434 0.091130
2 2 0.042997 0.087395 0.673938 0.102452 0.093217
2 2 0.080814 0.091714 0.593853 0.130383 0.103237
2 2 0.069268 0.131979 0.642278 0.047725 0.108750
2 2 0.047332 0.141643 0.677034 0.066863 0.067128
2 2 0.097626 0.187224 0.519393 0.103281 0.092476
2 2 0.045481 0.117244 0.636350 0.094806 0.106119
2 2 0.075571 0.192564 0.536696 0.039703 0.155466
2 2 0.026506 0.077189 0.575126 0.292173 0.029007
2 2 0.109058 0.123262 0.396510 0.103675 0.267494
2 2 0.099364 0.184226 0.434196 0.055832 0.226382
2 2 0.044478 0.105278 0.679361 0.105046 0.065837
2 2 0.071889 0.139836 0.525190 0.086464 0.176621
2 2 0.060232 0.092794 0.464005 0.103186 0.279783
2 2 0.090299 0.157549 0.507595 0.041182 0.203375
2 2 0.032508 0.081902 0.629711 0.172039 0.083840
2 2 0.055097 0.156153 0.589455 0.045127 0.154167
2 2 0.027276 0.098906 0.703594 0.107133 0.063090
2 2 0.046762 0.111827 0.590001 0.158462 0.092947
2 2 0.048288 0.143443 0.605768 0.085334 0.117166
2 2 0.027441 0.058682 0.511334 0.301883 0.100661
2 2 0.052237 0.151352 0.637408 0.029089 0.129914
2 2 0.109197 0.144806 0.361320 0.125377 0.259300
2 2 0.138203 0.164777 0.528541 0.041644 0.126834
2 2 0.090310 0.180021 0.388232 0.089024 0.252413
2 2 0.098109 0.193870 0.347914 0.051213 0.308894
4 2 0.237349 0.067311 0.072704 0.083174 0.539462
4 2 0.187375 0.166404 0.248265 0.077468 0.320489
4 2 0.090099 0.148102 0.332628 0.025094 0.404077
2 2 0.079558 0.143003 0.422726 0.062158 0.292555
2 2 0.084716 0.196138 0.442018 0.025704 0.251424
2 2 0.122608 0.208177 0.507760 0.051566 0.109889
2 2 0.119452 0.185802 0.389694 0.015965 0.289087
2 2 0.058911 0.107998 0.529052 0.194850 0.109189
4 2 0.152835 0.199499 0.276479 0.027760 0.343427
4 2 0.151249 0.164679 0.201878 0.021168 0.461026
4 2 0.288998 0.146505 0.146803 0.018197 0.399498
4 2 0.273175 0.146532 0.194808 0.051513 0.333972
3 2 0.095707 0.027901 0.178811 0.484862 0.212719
4 2 0.117205 0.162057 0.293681 0.030387 0.396670
4 2 0.118364 0.197226 0.320338 0.039660 0.324413
2 2 0.260037 0.175128 0.337133 0.076582 0.151119
3 3 0.079420 0.081570 0.302524 0.442228 0.094258
3 3 0.226444 0.095874 0.170508 0.327617 0.179557
2 3 0.227081 0.177331 0.378722 0.086782 0.130083
2 3 0.154140 0.148871 0.346031 0.222614 0.128343
0 3 0.280621 0.156401 0.230529 0.109956 0.222493
2 3 0.219839 0.224927 0.391107 0.059653 0.104474
3 3 0.062514 0.058185 0.321932 0.465406 0.091964
4 3 0.177837 0.120349 0.144971 0.040845 0.515998
3 3 0.156203 0.072201 0.258960 0.389971 0.122665
2 3 0.182819 0.215952 0.299175 0.026740 0.275314
2 3 0.125126 0.116656 0.403170 0.203068 0.151981
3 3 0.065487 0.036415 0.350677 0.417457 0.129963
2 3 0.057078 0.049179 0.449467 0.385216 0.059060
2 3 0.187752 0.129048 0.287611 0.275868 0.119721
0 3 0.360260 0.134827 0.281585 0.080668 0.142660
2 3 0.173077 0.176592 0.379588 0.129007 0.141735
4 3 0.152015 0.180851 0.268733 0.044052 0.354349
3 3 0.048908 0.022365 0.270364 0.612478 0.045885
0 3 0.270960 0.119337 0.178884 0.173175 0.257644
4 3 0.212545 0.139044 0.190034 0.079031 0.379346
4 3 0.218875 0.130844 0.177942 0.085581 0.386758
0 3 0.236569 0.121605 0.229716 0.199216 0.212894
2 3 0.132310 0.116102 0.363469 0.154688 0.233431
2 3 0.104360 0.109984 0.313223 0.203089 0.269344
4 3 0.251570 0.131147 0.140373 0.028569 0.448341
2 3 0.133553 0.104163 0.339691 0.282834 0.139759
0 3 0.355136 0.169244 0.193322 0.032710 0.249588
3 3 0.282960 0.035534 0.132850 0.370162 0.178492
4 3 0.185593 0.121504 0.140835 0.035461 0.516607
2 3 0.077753 0.093535 0.570469 0.187417 0.070827
4 3 0.159745 0.158903 0.221306 0.046821 0.413225
0 3 0.358907 0.187217 0.276015 0.069949 0.107912
2 3 0.070852 0.153871 0.535759 0.133746 0.105772
2 3 0.131218 0.169750 0.399022 0.139665 0.160344
2 3 0.053457 0.067654 0.455709 0.353819 0.069360
0 3 0.271177 0.110175 0.231009 0.197930 0.189709
4 3 0.155589 0.112548 0.176506 0.133487 0.421871
2 3 0.175159 0.067284 0.415117 0.212955 0.129485
3 3 0.033439 0.020275 0.178065 0.742843 0.025378
2 3 0.112809 0.065315 0.413026 0.372471 0.036380
2 3 0.211510 0.143343 0.256204 0.150558 0.238385
3 3 0.092979 0.089328 0.240958 0.494830 0.081905
4 3 0.181046 0.086672 0.167862 0.188839 0.375581
3 3 0.152590 0.072513 0.293693 0.311491 0.169713
2 3 0.114658 0.105905 0.405223 0.282775 0.091439
2 3 0.060412 0.114697 0.481882 0.268987 0.074022
0 3 0.273310 0.132243 0.263167 0.121521 0.209760
2 3 0.093766 0.179669 0.403834 0.101318 0.221413
2 3 0.047187 0.055176 0.452122 0.380714 0.064801
2 3 0.177280 0.170926 0.300855 0.065767 0.285174
2 3 0.060056 0.060841 0.414630 0.323381 0.141091
3 3 0.069564 0.039879 0.248455 0.471832 0.170269
2 3 0.188490 0.179754 0.361111 0.076060 0.194585
4 3 0.162143 0.138605 0.232234 0.128108 0.338910
2 3 0.170764 0.141146 0.291780 0.164854 0.231456
2 3 0.073878 0.074296 0.399603 0.389847 0.062376
4 3 0.234145 0.151042 0.213124 0.050942 0.350747
3 3 0.066231 0.033633 0.175842 0.559400 0.164893
3 3 0.058144 0.041213 0.173585 0.547544 0.179513
2 3 0.161659 0.193165 0.311951 0.022999 0.310226
3 3 0.099340 0.080960 0.335332 0.346194 0.138173
2 3 0.115886 0.176672 0.424125 0.165909 0.117408
4 3 0.181739 0.138014 0.239790 0.171140 0.269317
2 3 0.120418 0.132137 0.462673 0.147416 0.137356
4 3 0.150680 0.117489 0.258189 0.144179 0.329464
4 3 0.201868 0.173633 0.242344 0.039738 0.342417
4 3 0.314270 0.088741 0.100226 0.093992 0.402772
0 2 0.375503 0.120358 0.147670 0.097326 0.259143
4 2 0.244785 0.141248 0.172788 0.051079 0.390101
2 2 0.261068 0.178379 0.263458 0.083350 0.213746
2 2 0.164762 0.134771 0.353675 0.147900 0.198892
0 2 0.343998 0.133931 0.157467 0.062124 0.302480
0 2 0.296842 0.180088 0.264767 0.084289 0.174013
4 2 0.235040 0.211235 0.230543 0.010925 0.312258
4 2 0.154268 0.190928 0.242625 0.019309 0.392870
4 2 0.126287 0.175565 0.217019 0.014651 0.466477
2 2 0.134784 0.220563 0.357895 0.025894 0.260864
0 2 0.551671 0.144269 0.205341 0.068328 0.030391
2 2 0.165740 0.187862 0.337080 0.082197 0.227122
4 2 0.111357 0.142248 0.331499 0.045400 0.369496
2 2 0.075374 0.161614 0.421777 0.052711 0.288524
2 4 0.065542 0.178076 0.440809 0.021483 0.294091
2 4 0.062060 0.112665 0.552449 0.192714 0.080112
2 4 0.163599 0.197399 0.391809 0.054663 0.192530
2 4 0.227178 0.137225 0.376642 0.140126 0.118829
2 4 0.098906 0.110054 0.421689 0.279500 0.089852
2 4 0.105855 0.220572 0.437599 0.040372 0.195601
2 4 0.188716 0.197800 0.339489 0.048357 0.225637
3 4 0.070220 0.054474 0.345811 0.419038 0.110458
3 4 0.100967 0.036866 0.248916 0.562107 0.051144
3 4 0.046214 0.043777 0.301944 0.538246 0.069819
2 4 0.138816 0.179949 0.425283 0.083263 0.172689
3 4 0.158517 0.104636 0.283163 0.292903 0.160781
3 4 0.088835 0.064791 0.394646 0.394772 0.056956
2 4 0.065303 0.131248 0.556812 0.132674 0.113963
2 4 0.075397 0.150241 0.620161 0.058126 0.096075
2 4 0.068502 0.114621 0.624036 0.137073 0.055768
3 4 0.147889 0.089713 0.337328 0.397016 0.028053
0 4 0.782580 0.060687 0.065279 0.065232 0.026223
4 4 0.199806 0.169351 0.252209 0.078892 0.299742
2 4 0.135185 0.214116 0.487748 0.029177 0.133774
2 4 0.191388 0.217098 0.322219 0.032341 0.236954
4 4 0.294687 0.139671 0.148930 0.027452 0.389261
4 4 0.276496 0.103241 0.160357 0.139849 0.320057
0 4 0.469915 0.069224 0.063576 0.061924 0.335362
4 4 0.217786 0.030498 0.024665 0.043872 0.683179
3 4 0.012423 0.025765 0.435230 0.515706 0.010876
2 4 0.247717 0.109940 0.276285 0.178566 0.187492
2 4 0.123037 0.200959 0.372369 0.033848 0.269787
4 4 0.085701 0.169648 0.341405 0.026651 0.376595
2 4 0.096878 0.146395 0.485035 0.114542 0.157150
2 4 0.165652 0.213365 0.370888 0.047645 0.202450
4 4 0.137946 0.168906 0.271521 0.049748 0.371879
2 4 0.122336 0.092586 0.464386 0.263477 0.057214
2 4 0.116916 0.109983 0.387850 0.332862 0.052390
3 4 0.075524 0.048032 0.334283 0.499956 0.042204
2 4 0.037893 0.057253 0.543185 0.313785 0.047884
2 4 0.118803 0.103361 0.400901 0.240550 0.136384
4 4 0.117109 0.105611 0.154889 0.034667 0.587724
2 4 0.150764 0.178425 0.384659 0.029131 0.257021
2 4 0.070690 0.176868 0.498230 0.029343 0.224869
2 4 0.139857 0.103780 0.333561 0.168441 0.254362
2 4 0.055909 0.167904 0.604792 0.083967 0.087427
2 4 0.099414 0.178669 0.527418 0.036730 0.157769
4 4 0.130720 0.137493 0.240733 0.034854 0.456200
2 4 0.099831 0.167388 0.409661 0.056129 0.266990
2 4 0.142780 0.167039 0.318951 0.066551 0.304679
2 2 0.079324 0.131153 0.563327 0.139265 0.086931
2 2 0.062137 0.101511 0.563897 0.152855 0.119600
2 2 0.054706 0.171779 0.517958 0.095815 0.159742
2 2 0.054323 0.113572 0.660891 0.110496 0.060719
2 2 0.113866 0.236849 0.387900 0.019948 0.241436
4 2 0.098523 0.198844 0.258439 0.009537 0.434657
2 2 0.067182 0.145447 0.612772 0.057566 0.117032
2 2 0.088984 0.141099 0.420534 0.045751 0.303632
2 2 0.103968 0.195727 0.356016 0.017109 0.327181
4 2 0.087000 0.160902 0.293323 0.019128 0.439647
2 2 0.059850 0.169323 0.444904 0.030794 0.295129
2 2 0.065648 0.161849 0.456922 0.054541 0.261040
4 2 0.115582 0.157990 0.324547 0.031861 0.370020
4 2 0.128728 0.140191 0.251198 0.016205 0.463677
4 2 0.103722 0.176223 0.334298 0.029203 0.356555
2 2 0.059325 0.146993 0.557472 0.078019 0.158191
2 2 0.060821 0.129156 0.522680 0.061129 0.226214
2 2 0.073106 0.141970 0.417492 0.143370 0.224063
2 2 0.099414 0.155919 0.504435 0.060250 0.179982
2 2 0.083949 0.156801 0.445729 0.077298 0.236224
4 2 0.098515 0.207534 0.298580 0.008875 0.386496
2 2 0.072043 0.157498 0.513812 0.059206 0.197441
2 2 0.053909 0.090147 0.541937 0.164786 0.149222
2 2 0.046012 0.148971 0.509145 0.171256 0.124617
4 2 0.120935 0.200015 0.286040 0.021278 0.371733
2 2 0.084685 0.186921 0.494880 0.040989 0.192525
2 2 0.054154 0.138030 0.533524 0.047978 0.226315
2 2 0.102574 0.164367 0.376681 0.067818 0.288559
2 2 0.135865 0.138427 0.404253 0.073745 0.247710
4 2 0.165302 0.148997 0.277691 0.049212 0.358798
2 2 0.123070 0.191161 0.418730 0.055320 0.211720
2 2 0.236496 0.109871 0.281555 0.224965 0.147113
0 1 0.489315 0.158681 0.227733 0.074926 0.049345
4 1 0.369278 0.068261 0.066604 0.073060 0.422798
4 2 0.218387 0.074206 0.112706 0.117978 0.476723
2 2 0.056001 0.098487 0.522967 0.247916 0.074630
2 2 0.173741 0.219103 0.373265 0.056914 0.176977
2 2 0.087801 0.137353 0.593283 0.123227 0.058336
2 2 0.154156 0.188196 0.389134 0.125463 0.143051
2 2 0.105629 0.093176 0.477785 0.211300 0.112110
4 2 0.192634 0.149701 0.252644 0.132352 0.272669
3 2 0.050942 0.037573 0.273745 0.624659 0.013080
2 2 0.174903 0.132400 0.398365 0.142317 0.152014
4 2 0.280831 0.144891 0.198616 0.089531 0.286131
2 2 0.069369 0.054923 0.443207 0.371200 0.061301
3 2 0.036476 0.018661 0.266194 0.667347 0.011322
3 2 0.209459 0.098414 0.189819 0.341850 0.160458
2 2 0.153405 0.168496 0.442531 0.091168 0.144400
2 2 0.253254 0.151511 0.283751 0.113065 0.198420
2 2 0.214933 0.087385 0.344906 0.322317 0.030459
0 1 0.579165 0.049820 0.045221 0.097233 0.228560
0 1 0.477805 0.036213 0.030176 0.093440 0.362366
0 2 0.562267 0.074750 0.087428 0.147030 0.128525
4 2 0.301124 0.081539 0.092390 0.102435 0.422512
0 2 0.354421 0.104419 0.142722 0.156601 0.241836
2 2 0.047947 0.085250 0.580256 0.118025 0.168522
2 2 0.082171 0.100962 0.418787 0.234523 0.163557
2 2 0.105409 0.156180 0.346490 0.073445 0.318477
2 2 0.086089 0.175492 0.601054 0.053962 0.083404
2 2 0.148736 0.142803 0.415694 0.088475 0.204292
2 2 0.071989 0.145215 0.529166 0.128685 0.124945
0 2 0.402681 0.133194 0.196666 0.147965 0.119494
2 2 0.295265 0.167434 0.305874 0.141073 0.090354
0 2 0.479734 0.096018 0.107674 0.100064 0.216511
3 2 0.376460 0.026628 0.041853 0.506431 0.048629
2 2 0.183836 0.153367 0.379245 0.036617 0.246935
0 2 0.391260 0.159484 0.237851 0.108898 0.102507
0 0 0.475033 0.131136 0.198268 0.135303 0.060260
4 1 0.271550 0.147465 0.200642 0.088927 0.291416
4 2 0.210351 0.066618 0.064781 0.037734 0.620516
2 2 0.108647 0.165296 0.402249 0.088390 0.235418
2 2 0.067289 0.159038 0.551026 0.058713 0.163933
2 2 0.037261 0.093744 0.678652 0.107442 0.082901
2 2 0.115371 0.205645 0.398164 0.033769 0.247051
2 2 0.041787 0.130645 0.675830 0.049271 0.102468
2 2 0.051137 0.151950 0.610732 0.086755 0.099426
2 2 0.078985 0.140883 0.473076 0.071983 0.235073
2 2 0.085953 0.108113 0.484240 0.122207 0.199488
2 2 0.039469 0.083045 0.644073 0.186078 0.047334
4 2 0.100210 0.209126 0.319124 0.019527 0.352012
2 2 0.032305 0.112987 0.675613 0.097446 0.081650
2 2 0.069517 0.165825 0.588601 0.081047 0.095011
2 2 0.088924 0.125264 0.583694 0.110628 0.091490
2 2 0.059219 0.145325 0.619862 0.099318 0.076276
2 2 0.045224 0.098157 0.633293 0.159552 0.063773
2 2 0.177317 0.200676 0.305105 0.043904 0.272997
4 2 0.168754 0.131804 0.175630 0.043245 0.480567
2 2 0.086461 0.120355 0.523219 0.157569 0.112395
2 2 0.100054 0.190132 0.524589 0.055056 0.130169
2 2 0.065846 0.070809 0.479127 0.218361 0.165857
2 2 0.139132 0.106328 0.381952 0.063663 0.308926
2 2 0.129174 0.185590 0.328774 0.039720 0.316742
2 2 0.042038 0.071981 0.484874 0.288234 0.112874
2 2 0.128247 0.158448 0.361585 0.087566 0.264154
2 2 0.074018 0.094313 0.509513 0.176519 0.145636
2 2 0.117582 0.126773 0.459003 0.113779 0.182864
2 2 0.075251 0.124462 0.447149 0.308574 0.044565
2 2 0.111209 0.113307 0.429673 0.191278 0.154533
2 2 0.103774 0.116600 0.336949 0.213310 0.229367
2 2 0.082261 0.155977 0.429813 0.181954 0.149996
2 2 0.147190 0.085943 0.363811 0.122422 0.280634
2 2 0.056605 0.105730 0.600429 0.186648 0.050588
2 2 0.130674 0.186846 0.482991 0.110509 0.088980
2 2 0.115727 0.227168 0.473469 0.037609 0.146027
3 2 0.068819 0.058796 0.379373 0.430319 0.062693
0 2 0.400939 0.132256 0.190400 0.141330 0.135075
2 2 0.047631 0.121346 0.587848 0.141908 0.101267
4 3 0.239411 0.163550 0.209570 0.043394 0.344075
4 3 0.120927 0.207116 0.269953 0.013483 0.388521
4 3 0.259973 0.181055 0.231910 0.041359 0.285703
3 3 0.115035 0.043818 0.227485 0.554695 0.058967
4 3 0.171964 0.095780 0.164681 0.058523 0.509052
4 3 0.300001 0.137748 0.165646 0.059221 0.337384
4 3 0.213515 0.188434 0.270876 0.055901 0.271274
2 3 0.199760 0.163997 0.287599 0.141795 0.206849
2 3 0.124625 0.160504 0.351033 0.027083 0.336755
3 3 0.030092 0.011943 0.101720 0.840285 0.015960
3 3 0.319277 0.097059 0.171923 0.322578 0.089163
4 3 0.216657 0.187257 0.266908 0.055207 0.273971
2 3 0.056469 0.074348 0.447339 0.341286 0.080559
4 3 0.237169 0.164121 0.210966 0.047883 0.339861
2 3 0.136934 0.216853 0.495453 0.061153 0.089608
4 3 0.234806 0.151270 0.163573 0.021349 0.429003
2 3 0.152469 0.243449 0.326394 0.013318 0.264371
2 3 0.139495 0.160702 0.334714 0.140679 0.224411
0 3 0.276980 0.140235 0.209381 0.136790 0.236613
4 3 0.142063 0.085885 0.144730 0.044815 0.582507
4 3 0.149309 0.160548 0.276073 0.109511 0.304559
3 3 0.053884 0.061731 0.414486 0.446453 0.023446
4 3 0.125914 0.171665 0.247517 0.017319 0.437585
3 3 0.062442 0.061809 0.278181 0.526665 0.070904
3 3 0.071804 0.079587 0.343993 0.363724 0.140893
0 3 0.309825 0.095138 0.192140 0.176637 0.226261
4 3 0.256799 0.090945 0.126197 0.178061 0.347998
2 3 0.202744 0.117346 0.330608 0.148601 0.200701
4 3 0.131220 0.154889 0.274445 0.112303 0.327143
0 3 0.301930 0.145680 0.256016 0.166344 0.130030
2 3 0.086544 0.096220 0.400413 0.353998 0.062825
4 3 0.213589 0.128712 0.204527 0.164234 0.288937
4 3 0.140255 0.074162 0.208043 0.251710 0.325830
2 3 0.079574 0.098597 0.385290 0.319819 0.116720
2 3 0.134083 0.151718 0.327555 0.221040 0.165603
4 3 0.196859 0.134468 0.171076 0.053993 0.443604
2 3 0.215973 0.166686 0.296499 0.105162 0.215682
3 3 0.071286 0.035034 0.190394 0.634563 0.068723
2 3 0.123345 0.210536 0.378775 0.055549 0.231795
2 3 0.120557 0.072826 0.491794 0.253915 0.060907
4 3 0.241435 0.104569 0.120127 0.060323 0.473545
2 3 0.203774 0.214700 0.325450 0.044885 0.211192
2 3 0.131335 0.096236 0.443263 0.258524 0.070641
4 3 0.104430 0.095722 0.284759 0.185665 0.329424
2 3 0.218415 0.180412 0.301389 0.059903 0.239880
4 3 0.166909 0.110039 0.233369 0.089767 0.399915
2 3 0.074458 0.147870 0.522298 0.097826 0.157547
2 3 0.066589 0.072329 0.421692 0.369720 0.069669
2 3 0.070425 0.080153 0.408848 0.340112 0.100461
2 3 0.175926 0.191498 0.380413 0.106982 0.145181
3 3 0.052298 0.042406 0.158142 0.728227 0.018927
3 3 0.224668 0.062152 0.208738 0.382194 0.122248
3 2 0.077435 0.065101 0.314580 0.472552 0.070333
0 1 0.771164 0.079139 0.108654 0.037977 0.003066
0 1 0.473742 0.161846 0.232742 0.076365 0.055305
2 2 0.077253 0.133276 0.562389 0.129918 0.097164
2 2 0.118719 0.151416 0.434143 0.083243 0.212479
4 2 0.168495 0.185352 0.285856 0.027322 0.332974
4 2 0.100163 0.180247 0.294003 0.030393 0.395194
2 2 0.138378 0.120436 0.533966 0.156104 0.051116
2 2 0.135938 0.193253 0.462636 0.082825 0.125347
3 2 0.101069 0.074701 0.317907 0.435379 0.070943
2 2 0.179357 0.164367 0.352988 0.176830 0.126458
2 2 0.272493 0.161774 0.319939 0.063141 0.182654
2 2 0.092432 0.201815 0.611760 0.049787 0.044207
2 2 0.049299 0.085871 0.505238 0.291034 0.068558
2 2 0.063389 0.184251 0.609071 0.032948 0.110340
2 2 0.058078 0.135976 0.568285 0.097999 0.139663
2 2 0.045342 0.097148 0.487270 0.218201 0.152039
2 4 0.057499 0.181843 0.429142 0.018471 0.313045
2 4 0.034939 0.111285 0.695194 0.072579 0.086002
2 4 0.065427 0.148172 0.466194 0.024414 0.295793
4 4 0.067982 0.181763 0.320416 0.023593 0.406245
2 4 0.051782 0.130576 0.540235 0.098874 0.178533
2 4 0.055036 0.137984 0.499939 0.042421 0.264620
2 4 0.060861 0.147897 0.453374 0.034675 0.303193
2 4 0.071678 0.191044 0.503846 0.050018 0.183414
2 4 0.041110 0.117249 0.663376 0.080083 0.098183
4 4 0.074506 0.115592 0.305427 0.163898 0.340577
2 4 0.138548 0.120366 0.421050 0.212528 0.107508
2 4 0.132375 0.170621 0.417786 0.043399 0.235818
2 4 0.076813 0.130267 0.483235 0.112391 0.197294
0 4 0.466040 0.100702 0.203666 0.155127 0.074465
2 4 0.062076 0.165066 0.429412 0.011328 0.332117
2 4 0.077460 0.236912 0.462381 0.023602 0.199645
3 4 0.066359 0.029608 0.189287 0.625949 0.088797
4 4 0.172802 0.149255 0.206064 0.042846 0.429034
4 4 0.238062 0.060127 0.062850 0.082035 0.556925
4 4 0.145831 0.103265 0.273077 0.160698 0.317129
2 4 0.180264 0.125311 0.399393 0.209505 0.085528
0 0 0.494056 0.109298 0.128577 0.097759 0.170309
3 0 0.125972 0.058512 0.181200 0.501414 0.132901
4 1 0.234007 0.066488 0.072953 0.089469 0.537084
4 1 0.233088 0.122595 0.159075 0.069123 0.416120
4 1 0.280215 0.157078 0.184137 0.033869 0.344702
2 2 0.044404 0.123119 0.659457 0.066691 0.106329
2 2 0.058736 0.107816 0.581167 0.167648 0.084633
2 2 0.053502 0.117173 0.624650 0.050116 0.154558
4 2 0.164687 0.083356 0.224269 0.153171 0.374517
4 2 0.156014 0.116233 0.219159 0.043860 0.464735
2 2 0.105428 0.141505 0.379774 0.066990 0.306303
2 2 0.056610 0.098211 0.599801 0.114010 0.131368
2 2 0.066914 0.143971 0.475077 0.142687 0.171351
2 2 0.117317 0.142532 0.409592 0.085243 0.245316
2 2 0.118806 0.190264 0.400535 0.055999 0.234397
2 2 0.068573 0.094449 0.485482 0.148500 0.202997
2 2 0.020309 0.075538 0.591219 0.262494 0.050440
3 2 0.084503 0.088054 0.274886 0.304514 0.248042
2 2 0.048095 0.119551 0.613574 0.092230 0.126551
2 2 0.032452 0.065930 0.720912 0.144065 0.036640
2 2 0.049686 0.142277 0.518698 0.031070 0.258269
2 2 0.071908 0.165494 0.433566 0.029256 0.299776
4 2 0.132691 0.191660 0.297058 0.029287 0.349303
2 2 0.041423 0.104451 0.632745 0.075675 0.145706
2 2 0.066520 0.130907 0.519633 0.121209 0.161731
2 2 0.060571 0.141599 0.525948 0.066509 0.205373
2 2 0.062842 0.140666 0.443592 0.055733 0.297168
4 2 0.127060 0.178436 0.292707 0.015634 0.386163
4 2 0.134575 0.120411 0.185817 0.069773 0.489424
4 2 0.095579 0.149297 0.338791 0.025034 0.391299
4 2 0.085396 0.141742 0.332197 0.037981 0.402685
2 2 0.063417 0.139264 0.519843 0.059203 0.218274
2 2 0.119469 0.173448 0.444708 0.048659 0.213716
2 2 0.074940 0.164297 0.455633 0.034273 0.270856
4 2 0.209605 0.106680 0.140093 0.046266 0.497356
2 2 0.103466 0.161835 0.472746 0.070823 0.191131
2 2 0.047210 0.123430 0.662666 0.059058 0.107636
2 2 0.073091 0.146683 0.503128 0.070355 0.206744
2 2 0.064723 0.216656 0.437440 0.024866 0.256316
2 2 0.095540 0.153363 0.494391 0.056587 0.200120
4 1 0.275106 0.100350 0.135691 0.152027 0.336825
0 1 0.694629 0.014662 0.009424 0.079442 0.201843
3 2 0.261376 0.035256 0.056052 0.531776 0.115540
2 2 0.119256 0.090751 0.445240 0.278856 0.065897
2 2 0.092476 0.084067 0.409475 0.375749 0.038232
4 2 0.114609 0.190277 0.314868 0.044613 0.335633
3 2 0.248319 0.068392 0.166699 0.461543 0.055047
0 2 0.540697 0.083796 0.089759 0.099190 0.186557
3 2 0.084346 0.036993 0.148704 0.682353 0.047604
3 2 0.191949 0.077730 0.235337 0.489258 0.005726
0 2 0.574667 0.088282 0.096794 0.096349 0.143908
4 2 0.263936 0.156260 0.196731 0.045399 0.337675
2 2 0.220957 0.223523 0.383552 0.057512 0.114457
0 2 0.351988 0.139571 0.241831 0.190243 0.076368
3 2 0.241017 0.054892 0.139810 0.343555 0.220727
3 2 0.179820 0.132227 0.315254 0.319736 0.052963
2 2 0.247987 0.226988 0.373565 0.051086 0.100375
0 2 0.325013 0.197555 0.261101 0.043325 0.173006
3 2 0.119158 0.070626 0.206285 0.480638 0.123293
2 2 0.095334 0.093360 0.344174 0.283941 0.183191
2 2 0.089650 0.158522 0.553153 0.045876 0.152799
2 2 0.098670 0.169980 0.566034 0.060676 0.104639
2 2 0.093820 0.124435 0.518945 0.195635 0.067165
2 2 0.141902 0.150731 0.379667 0.110740 0.216960
2 2 0.079913 0.134612 0.543808 0.081680 0.159987
2 2 0.119709 0.166664 0.372593 0.099894 0.241140
3 2 0.271305 0.107614 0.214588 0.308106 0.098387
2 2 0.208518 0.177132 0.438291 0.026249 0.149810
2 2 0.090815 0.166318 0.595416 0.054072 0.093380
2 2 0.177221 0.216072 0.345117 0.040043 0.221547
2 2 0.085835 0.139886 0.531333 0.115640 0.127307
2 2 0.043799 0.118327 0.682695 0.118940 0.036239
4 2 0.119398 0.199550 0.301191 0.026189 0.353671
2 2 0.169670 0.130758 0.382190 0.236644 0.080739
4 2 0.234307 0.147234 0.183642 0.050010 0.384808
3 2 0.190415 0.121783 0.247131 0.309116 0.131555
4 2 0.200721 0.167786 0.248001 0.037632 0.345861
4 2 0.149786 0.148145 0.240089 0.045541 0.416439
4 2 0.106007 0.193639 0.308380 0.014823 0.377150
2 2 0.055899 0.150800 0.546893 0.053252 0.193155
2 2 0.082809 0.140942 0.506025 0.064765 0.205459
2 2 0.068865 0.090840 0.550489 0.167904 0.121902
2 2 0.102706 0.181479 0.422309 0.034744 0.258762
2 2 0.079466 0.141647 0.403970 0.044120 0.330796
2 2 0.080858 0.186368 0.438425 0.046656 0.247694
2 2 0.034855 0.069517 0.615832 0.233219 0.046577
2 2 0.055782 0.119308 0.645813 0.051440 0.127657
2 2 0.067067 0.161572 0.539854 0.056965 0.174543
2 2 0.080143 0.169791 0.462462 0.083132 0.204472
4 2 0.351632 0.071620 0.074842 0.095348 0.406558
4 2 0.237698 0.048051 0.047160 0.079310 0.587782
2 2 0.069178 0.144495 0.538996 0.069079 0.178252
2 2 0.057366 0.192317 0.421613 0.035264 0.293440
2 2 0.212608 0.211090 0.418859 0.070617 0.086826
0 2 0.312751 0.087270 0.125458 0.235143 0.239379
4 2 0.177636 0.038039 0.033308 0.036418 0.714599
4 2 0.286703 0.047836 0.042419 0.055689 0.567354
0 2 0.455251 0.106534 0.164666 0.202962 0.070588
2 2 0.133023 0.158258 0.424266 0.056440 0.228013
4 2 0.169786 0.077675 0.144279 0.050415 0.557844
4 2 0.166962 0.185848 0.253161 0.028097 0.365932
4 2 0.092361 0.218855 0.294927 0.008640 0.385217
2 2 0.058696 0.130544 0.538512 0.176647 0.095602
2 2 0.089846 0.118283 0.394619 0.237504 0.159749
4 2 0.256814 0.167196 0.185603 0.022456 0.367931
3 0 0.244992 0.047190 0.161429 0.492433 0.053956
3 0 0.058015 0.022881 0.319730 0.598536 0.000839
0 0 0.665037 0.057497 0.055275 0.092147 0.130043
2 0 0.248024 0.143566 0.287337 0.082648 0.238425
3 0 0.122548 0.058690 0.344641 0.399132 0.074989
0 0 0.419345 0.130837 0.260216 0.175305 0.014298
0 0 0.482807 0.140791 0.245719 0.113474 0.017208
3 0 0.138238 0.001742 0.006073 0.844670 0.009277
0 0 0.595745 0.066798 0.070312 0.116986 0.150160
0 0 0.397666 0.174189 0.252901 0.081902 0.093341
2 0 0.260766 0.153182 0.312092 0.116499 0.157462
2 0 0.133461 0.164292 0.406393 0.054654 0.241200
2 0 0.060234 0.117334 0.541157 0.083169 0.198107
2 0 0.172131 0.159399 0.363883 0.127870 0.176718
0 0 0.383420 0.134243 0.208613 0.165996 0.107727
0 0 0.442540 0.054693 0.051616 0.097455 0.353696
4 0 0.266364 0.104318 0.102942 0.028436 0.497939
4 0 0.177006 0.123439 0.139091 0.026830 0.533634
2 0 0.107636 0.127542 0.479985 0.220117 0.064720
2 0 0.092443 0.121759 0.561491 0.100297 0.124010
2 0 0.065425 0.139861 0.581656 0.052424 0.160634
2 0 0.061986 0.134772 0.598523 0.119839 0.084880
2 0 0.201077 0.209261 0.319636 0.041925 0.228100
4 0 0.119932 0.183706 0.298703 0.026436 0.371223
2 0 0.057238 0.133526 0.594870 0.073428 0.140938
2 0 0.090516 0.133801 0.519789 0.133211 0.122684
4 0 0.278590 0.112188 0.191083 0.129071 0.289068
4 0 0.261302 0.139889 0.193963 0.101462 0.303384
2 0 0.049234 0.148035 0.548591 0.128651 0.125488
2 0 0.071650 0.186764 0.581561 0.041441 0.118583
2 0 0.038001 0.126256 0.654901 0.082497 0.098345
2 1 0.047051 0.155582 0.665061 0.043695 0.088611
2 1 0.069090 0.184428 0.558918 0.043738 0.143825
2 1 0.029463 0.098930 0.685857 0.130365 0.055386
2 2 0.046073 0.203413 0.615459 0.026197 0.108859
2 2 0.048589 0.173951 0.652861 0.026794 0.097803
2 2 0.028630 0.123769 0.724635 0.051369 0.071597
2 2 0.060579 0.177777 0.574013 0.034444 0.153186
2 2 0.046611 0.219726 0.507035 0.011888 0.214740
2 2 0.032581 0.122653 0.680278 0.056612 0.107876
2 2 0.043474 0.170479 0.545838 0.021660 0.218548
2 4 0.041380 0.157277 0.601693 0.052164 0.147485
2 4 0.075180 0.223707 0.446237 0.006458 0.248417
2 4 0.084084 0.159268 0.461258 0.032133 0.263257
2 4 0.044561 0.123914 0.610274 0.071273 0.149978
2 4 0.046363 0.187533 0.550175 0.025608 0.190321
2 4 0.047673 0.171859 0.568322 0.028431 0.183715
2 4 0.060701 0.166394 0.574633 0.032996 0.165276
2 4 0.044617 0.128506 0.655023 0.055340 0.116514
2 4 0.094581 0.115220 0.432898 0.134595 0.222706
2 4 0.138771 0.148753 0.289559 0.135943 0.286974
2 4 0.159702 0.150940 0.283746 0.169960 0.235653
2 4 0.131631 0.150966 0.361118 0.088040 0.268245
2 4 0.076250 0.118889 0.489677 0.113019 0.202165
2 4 0.255798 0.147555 0.417909 0.118452 0.060286
2 4 0.136978 0.145794 0.429561 0.163337 0.124330
2 4 0.157935 0.175265 0.400568 0.070376 0.195856
0 0 0.381602 0.123618 0.152993 0.097143 0.244645
2 1 0.051875 0.132028 0.549492 0.052367 0.214237
2 1 0.038660 0.117320 0.662665 0.051091 0.130264
2 4 0.037398 0.138199 0.607212 0.075721 0.141469
2 4 0.036425 0.079974 0.619720 0.146637 0.117244
2 4 0.071921 0.166892 0.422441 0.024390 0.314357
4 4 0.192404 0.151649 0.231801 0.084814 0.339332
0 0 0.420887 0.153098 0.207192 0.089684 0.129139
0 0 0.631464 0.122617 0.172533 0.058317 0.015069
0 0 0.652419 0.052793 0.049181 0.093540 0.152067
0 0 0.473332 0.103538 0.114369 0.076453 0.232309
4 1 0.326854 0.066216 0.055541 0.028751 0.522637
2 1 0.108971 0.116382 0.400175 0.171089 0.203384
2 2 0.050548 0.095599 0.612900 0.118422 0.122531
2 2 0.068771 0.118938 0.569509 0.078762 0.164020
2 2 0.040615 0.115958 0.709402 0.072409 0.061617
2 4 0.070258 0.143924 0.483978 0.067035 0.234805
2 4 0.068564 0.167855 0.557924 0.044578 0.161079
2 4 0.029924 0.092099 0.661724 0.133856 0.082398
2 4 0.034880 0.112396 0.654854 0.093513 0.104357
4 4 0.127703 0.109021 0.293807 0.153871 0.315599
2 4 0.068223 0.116146 0.526421 0.131833 0.157377
2 4 0.043025 0.091315 0.660429 0.119187 0.086044
2 4 0.067766 0.185155 0.496675 0.047802 0.202601
2 4 0.037727 0.114907 0.648368 0.123337 0.075660
4 4 0.100010 0.113704 0.283968 0.083187 0.419131
2 4 0.086494 0.115729 0.392642 0.135163 0.269971
2 4 0.153717 0.179975 0.372896 0.050190 0.243222
2 4 0.047990 0.129271 0.603835 0.070454 0.148450
2 4 0.116376 0.089418 0.363861 0.266567 0.163778
0 4 0.461186 0.086178 0.091232 0.075077 0.286327
4 4 0.216353 0.187216 0.273725 0.024514 0.298191
2 4 0.023870 0.109388 0.727944 0.084872 0.053925
0 2 0.311168 0.117201 0.173828 0.173184 0.224620
2 2 0.085925 0.074191 0.475834 0.287628 0.076423
2 2 0.066728 0.180687 0.616363 0.040407 0.095815
2 2 0.049887 0.168603 0.653271 0.051414 0.076825
2 2 0.058384 0.148275 0.634604 0.072940 0.085796
2 2 0.051502 0.141235 0.628718 0.067616 0.110930
2 2 0.038098 0.100734 0.697885 0.094507 0.068776
2 2 0.056542 0.195156 0.543538 0.020352 0.184412
2 2 0.052021 0.117046 0.645407 0.088102 0.097423
2 4 0.076314 0.105084 0.459763 0.179223 0.179616
2 4 0.095369 0.105540 0.466590 0.142014 0.190487
2 4 0.130427 0.093176 0.348609 0.276100 0.151688
2 4 0.052451 0.104669 0.659639 0.123062 0.060178
2 4 0.102358 0.103860 0.436000 0.197353 0.160429
2 4 0.129641 0.135784 0.420445 0.169158 0.144972
2 4 0.175378 0.194991 0.316494 0.062374 0.250762
2 4 0.089268 0.139571 0.413796 0.083054 0.274310
4 4 0.140313 0.131699 0.297118 0.073262 0.357608
2 4 0.062984 0.088345 0.489395 0.244782 0.114494
2 4 0.108831 0.164975 0.318225 0.105191 0.302777
4 4 0.173457 0.044311 0.124381 0.264203 0.393648
4 4 0.258864 0.082758 0.093814 0.087831 0.476733
0 4 0.398386 0.094996 0.111393 0.114780 0.280446
2 4 0.117381 0.192446 0.441230 0.044330 0.204613
3 4 0.275433 0.073255 0.236183 0.311042 0.104088
0 4 0.583239 0.073143 0.066107 0.054013 0.223499
3 4 0.184652 0.097544 0.186087 0.348451 0.183265
4 4 0.253161 0.132977 0.151526 0.018393 0.443942
4 4 0.174130 0.156801 0.252010 0.107509 0.309550
2 4 0.234092 0.140488 0.298302 0.072357 0.254762
0 4 0.370975 0.177074 0.257942 0.083158 0.110850
0 4 0.363694 0.120434 0.148134 0.096927 0.270811
2 4 0.086417 0.133570 0.355431 0.081070 0.343511
4 4 0.203084 0.182566 0.275727 0.033743 0.304880
2 4 0.106120 0.126853 0.582934 0.071873 0.112220
4 4 0.149442 0.095502 0.217831 0.082995 0.454229
0 4 0.279927 0.183628 0.276075 0.073409 0.186962
2 4 0.099581 0.166704 0.546788 0.024881 0.162046
2 2 0.051283 0.147146 0.583050 0.061377 0.157143
4 2 0.133503 0.145356 0.219798 0.038613 0.462731
2 2 0.059315 0.106107 0.499313 0.270377 0.064889
2 2 0.086066 0.145027 0.447509 0.100142 0.221255
2 2 0.055375 0.087413 0.496684 0.246546 0.113982
2 2 0.102177 0.089221 0.360159 0.301360 0.147083
4 2 0.095288 0.196884 0.244694 0.007410 0.455724
2 2 0.044907 0.061127 0.546764 0.287194 0.060008
4 2 0.130564 0.174470 0.285404 0.023082 0.386480
2 2 0.112110 0.066112 0.398295 0.367647 0.055835
2 2 0.108796 0.110461 0.361288 0.097459 0.321996
2 2 0.091867 0.161936 0.505450 0.074859 0.165888
2 2 0.178561 0.135935 0.365570 0.168063 0.151873
2 2 0.082444 0.108781 0.375349 0.078246 0.355180
2 2 0.164773 0.227735 0.301371 0.014417 0.291704
2 2 0.073639 0.137866 0.611316 0.107489 0.069690
2 2 0.058019 0.114649 0.494214 0.278259 0.054858
3 2 0.046990 0.052965 0.231042 0.553848 0.115154
2 2 0.068005 0.076153 0.404521 0.365651 0.085669
2 2 0.194634 0.210969 0.455370 0.046815 0.092212
4 2 0.115848 0.196148 0.309733 0.035858 0.342413
2 2 0.135542 0.095549 0.338731 0.185214 0.244964
2 2 0.116316 0.102605 0.442269 0.282163 0.056647
2 2 0.068517 0.096219 0.468798 0.308317 0.058148
2 2 0.052906 0.096903 0.671319 0.122952 0.055921
4 2 0.104139 0.213856 0.315635 0.014275 0.352094
2 2 0.120730 0.206898 0.324907 0.033135 0.314329
2 2 0.202027 0.225625 0.367600 0.048521 0.156227
2 2 0.207386 0.190275 0.290144 0.031586 0.280609
4 2 0.130329 0.202200 0.268962 0.017701 0.380808
0 2 0.312156 0.124731 0.166637 0.117118 0.279358
2 2 0.079342 0.128706 0.453719 0.232918 0.105315
2 2 0.126908 0.165086 0.363992 0.037110 0.306904
2 2 0.079822 0.152082 0.466786 0.063199 0.238111
2 2 0.188405 0.187362 0.323535 0.092954 0.207744
4 2 0.150027 0.089193 0.275698 0.190626 0.294456
2 2 0.127525 0.092261 0.385144 0.266769 0.128301
2 2 0.147757 0.136879 0.455074 0.168409 0.091881
2 2 0.216150 0.219183 0.328424 0.038561 0.197682
2 2 0.197819 0.102680 0.338405 0.203758 0.157338
2 2 0.130247 0.152745 0.461527 0.098485 0.156996
4 2 0.182250 0.142469 0.248892 0.096605 0.329782
2 2 0.241579 0.152859 0.328506 0.122323 0.154734
2 2 0.130117 0.129465 0.395153 0.183418 0.161847
2 2 0.164466 0.162380 0.387284 0.174030 0.111840
2 2 0.185247 0.153289 0.321436 0.101283 0.238745
2 2 0.210326 0.202976 0.304320 0.048773 0.233604
4 2 0.188847 0.199209 0.281402 0.036360 0.294182
3 2 0.079589 0.062486 0.316725 0.482884 0.058316
2 2 0.164953 0.082266 0.270801 0.254314 0.227665
2 2 0.102992 0.083115 0.405233 0.329969 0.078692
2 2 0.153977 0.207648 0.374805 0.017317 0.246252
4 3 0.228634 0.118416 0.174480 0.147843 0.330628
3 3 0.083766 0.067702 0.324277 0.422151 0.102104
3 3 0.140868 0.096830 0.252143 0.340642 0.169517
2 3 0.124599 0.063384 0.296385 0.285425 0.230206
4 3 0.091575 0.119031 0.258633 0.234153 0.296608
2 3 0.266011 0.226430 0.340898 0.041667 0.124994
4 3 0.239706 0.177248 0.207015 0.024464 0.351567
4 3 0.163446 0.183425 0.260797 0.042364 0.349968
2 3 0.200645 0.100474 0.262227 0.210219 0.226435
3 3 0.150573 0.104654 0.235228 0.398027 0.111519
2 3 0.221330 0.103455 0.317505 0.198190 0.159520
3 3 0.085699 0.068203 0.303102 0.370097 0.172899
4 3 0.124574 0.079001 0.222843 0.220290 0.353293
2 3 0.098837 0.164658 0.465300 0.091811 0.179393
4 3 0.178341 0.122560 0.249950 0.121982 0.327167
4 3 0.213702 0.128407 0.171527 0.083491 0.402873
4 3 0.238320 0.115445 0.183411 0.085905 0.376919
0 3 0.284695 0.180186 0.222672 0.033613 0.278835
4 3 0.163843 0.114422 0.202419 0.206143 0.313173
3 3 0.128181 0.054422 0.174455 0.578416 0.064526
2 3 0.174098 0.153209 0.310457 0.083221 0.279016
0 3 0.470092 0.090352 0.099271 0.100532 0.239753
4 2 0.267761 0.116938 0.212253 0.132525 0.270522
3 2 0.083215 0.084896 0.402635 0.403459 0.025795
0 2 0.279887 0.158625 0.258219 0.129136 0.174133
3 2 0.029508 0.046698 0.291870 0.627640 0.004285
0 2 0.335167 0.161969 0.253644 0.100619 0.148602
2 2 0.072972 0.163136 0.589460 0.112000 0.062432
4 2 0.194687 0.137597 0.216783 0.110920 0.340013
3 2 0.081357 0.063111 0.376359 0.443607 0.035565
2 2 0.049396 0.100978 0.573748 0.125812 0.150066
2 2 0.080160 0.172519 0.564201 0.071330 0.111790
2 2 0.040409 0.121535 0.612713 0.144407 0.080936
2 2 0.053535 0.083101 0.629916 0.210100 0.023347
2 2 0.084867 0.151706 0.509120 0.171533 0.082773
2 2 0.041077 0.085946 0.588796 0.239020 0.045161
2 2 0.091233 0.149902 0.500555 0.087669 0.170641
3 2 0.158513 0.083525 0.290367 0.355377 0.112218
2 2 0.180094 0.102905 0.408891 0.277307 0.030804
