1 0 0.296427 0.484184 0.120718 0.000049 0.098622
0 0 0.623427 0.045200 0.084431 0.100225 0.146718
3 0 0.204278 0.031423 0.145228 0.582941 0.036130
0 0 0.787485 0.025681 0.052879 0.092513 0.041442
0 0 0.974170 0.001553 0.004309 0.015182 0.004785
0 0 0.456383 0.206808 0.208225 0.014721 0.113863
2 0 0.033288 0.118593 0.703042 0.054043 0.091035
2 0 0.188234 0.156062 0.390604 0.140591 0.124510
2 0 0.069422 0.155230 0.642887 0.036197 0.096263
2 0 0.259277 0.120647 0.303938 0.228539 0.087599
2 0 0.023029 0.121743 0.707121 0.065980 0.082127
2 1 0.032903 0.120738 0.610806 0.094607 0.140946
2 1 0.040137 0.116536 0.604305 0.091797 0.147225
2 1 0.029807 0.108827 0.692884 0.111419 0.057063
2 1 0.058587 0.108500 0.608166 0.128771 0.095977
2 1 0.045254 0.138532 0.613148 0.076468 0.126598
2 1 0.027412 0.097413 0.687423 0.120749 0.067002
2 1 0.029685 0.137301 0.697539 0.033762 0.101713
2 1 0.033771 0.110918 0.675812 0.085514 0.093985
2 1 0.022844 0.089719 0.705181 0.109941 0.072315
2 1 0.017552 0.073508 0.715513 0.140619 0.052808
2 1 0.037117 0.128815 0.656706 0.053435 0.123928
2 1 0.040451 0.153001 0.698315 0.048452 0.059781
2 1 0.042470 0.131038 0.648654 0.094564 0.083274
2 2 0.034452 0.123098 0.656130 0.062710 0.123611
2 2 0.025092 0.098874 0.714120 0.088350 0.073563
2 2 0.019453 0.089968 0.745023 0.101627 0.043928
2 2 0.025826 0.075090 0.688204 0.159699 0.051182
2 2 0.023388 0.092846 0.703743 0.117294 0.062728
2 2 0.022270 0.104701 0.736897 0.056186 0.079945
2 2 0.028496 0.069430 0.617795 0.243222 0.041057
2 2 0.016304 0.077603 0.710014 0.130348 0.065731
2 2 0.016973 0.074418 0.664104 0.197939 0.046567
2 2 0.028507 0.077372 0.615796 0.239935 0.038390
4 2 0.200733 0.222172 0.114854 0.002293 0.459949
2 2 0.023862 0.096815 0.681127 0.085577 0.112619
2 2 0.015571 0.061652 0.613692 0.268594 0.040491
2 2 0.020937 0.089402 0.661051 0.177454 0.051156
2 2 0.024032 0.105447 0.647046 0.107601 0.115874
2 2 0.019796 0.066654 0.669713 0.197170 0.046667
2 2 0.016740 0.069401 0.732960 0.150503 0.030396
2 3 0.030569 0.145437 0.704198 0.042986 0.076810
2 3 0.028560 0.091790 0.670323 0.142533 0.066794
2 3 0.017457 0.070802 0.644438 0.232417 0.034887
2 3 0.021968 0.091292 0.703133 0.143681 0.039927
2 3 0.017108 0.057397 0.650660 0.252256 0.022579
2 3 0.009232 0.033948 0.568464 0.375941 0.012414
2 3 0.011136 0.058104 0.638083 0.273124 0.019553
2 3 0.015939 0.057111 0.647954 0.232712 0.046284
2 3 0.011486 0.042339 0.608217 0.313725 0.024234
2 3 0.067688 0.183818 0.452646 0.038557 0.257292
2 3 0.048435 0.160222 0.510621 0.045033 0.235688
2 3 0.034021 0.127000 0.608509 0.127369 0.103102
2 3 0.071880 0.218417 0.412332 0.008484 0.288887
2 3 0.038635 0.152541 0.612785 0.054755 0.141284
2 3 0.041716 0.154587 0.572106 0.054553 0.177038
2 3 0.053528 0.157451 0.517626 0.071932 0.199462
2 3 0.084846 0.181394 0.533160 0.105604 0.094996
2 3 0.113220 0.180097 0.448845 0.044088 0.213750
2 3 0.091699 0.171292 0.427373 0.123847 0.185789
2 3 0.039946 0.128377 0.559364 0.162842 0.109471
2 3 0.021430 0.101245 0.625428 0.122884 0.129013
2 3 0.076720 0.148741 0.484110 0.161679 0.128749
2 3 0.087043 0.195070 0.422739 0.052156 0.242992
3 3 0.053433 0.058383 0.390721 0.445500 0.051964
2 3 0.050395 0.108036 0.582060 0.187519 0.071989
0 3 0.747305 0.032403 0.064868 0.106232 0.049192
0 2 0.564604 0.127319 0.066250 0.000857 0.240971
2 2 0.029182 0.122424 0.635688 0.066316 0.146390
2 3 0.058271 0.179787 0.492574 0.031893 0.237475
2 3 0.061637 0.174107 0.509649 0.063691 0.190917
2 3 0.055028 0.100487 0.515750 0.230728 0.098008
2 3 0.058978 0.178405 0.587841 0.093147 0.081629
2 3 0.100500 0.202455 0.438137 0.065588 0.193320
2 3 0.049963 0.120723 0.528643 0.201923 0.098748
4 3 0.107579 0.164436 0.275893 0.024535 0.427558
2 3 0.143093 0.166620 0.371579 0.201484 0.117224
4 3 0.234083 0.128542 0.243932 0.088086 0.305356
2 3 0.117225 0.139218 0.364276 0.277323 0.101958
2 3 0.020143 0.089347 0.608681 0.222359 0.059471
4 3 0.157766 0.246376 0.256072 0.011507 0.328279
2 3 0.112828 0.160305 0.404975 0.094302 0.227590
3 3 0.062617 0.069835 0.376236 0.446686 0.044626
2 3 0.037943 0.088879 0.481403 0.343715 0.048059
2 3 0.052379 0.146839 0.609202 0.126723 0.064857
3 3 0.134516 0.084548 0.292484 0.431207 0.057246
2 3 0.049313 0.093650 0.431676 0.352081 0.073279
2 3 0.231717 0.141094 0.270847 0.152713 0.203630
3 3 0.112587 0.062572 0.270154 0.502220 0.052467
3 3 0.021793 0.041644 0.379075 0.533414 0.024074
2 3 0.055918 0.144267 0.521915 0.183889 0.094011
2 3 0.019161 0.078419 0.691668 0.173552 0.037200
3 3 0.025525 0.025701 0.254422 0.668444 0.025908
3 3 0.054997 0.079965 0.389434 0.427241 0.048362
2 3 0.196498 0.155822 0.391151 0.150168 0.106362
3 3 0.090992 0.084762 0.293763 0.434322 0.096161
4 3 0.248251 0.089261 0.179967 0.182093 0.300429
2 3 0.125674 0.119642 0.334435 0.330964 0.089285
3 3 0.089778 0.071071 0.263571 0.530625 0.044955
2 3 0.193896 0.119160 0.343946 0.241622 0.101376
4 3 0.174849 0.151999 0.169604 0.019481 0.484067
3 3 0.035334 0.072699 0.420720 0.427625 0.043622
2 3 0.028811 0.128870 0.698466 0.085067 0.058786
2 3 0.114286 0.180427 0.351997 0.135557 0.217733
2 3 0.031344 0.081787 0.517165 0.312317 0.057387
2 3 0.104168 0.221827 0.458633 0.057940 0.157432
2 3 0.064230 0.175278 0.495795 0.062697 0.202000
2 3 0.021186 0.056053 0.496260 0.397078 0.029424
0 3 0.730984 0.035259 0.069846 0.111592 0.052319
1 3 0.255129 0.314314 0.155808 0.001801 0.272947
2 3 0.089952 0.235855 0.376954 0.007474 0.289764
4 3 0.085427 0.154240 0.193865 0.008209 0.558259
2 3 0.173848 0.247202 0.386335 0.049053 0.143562
2 3 0.054993 0.133285 0.519143 0.049935 0.242643
4 3 0.080820 0.129066 0.255843 0.033621 0.500649
4 3 0.100219 0.182243 0.242704 0.012982 0.461852
2 3 0.068995 0.218767 0.486726 0.009490 0.216022
2 3 0.094960 0.190330 0.418351 0.091375 0.204984
2 3 0.032277 0.104812 0.534092 0.271915 0.056904
2 3 0.096679 0.181857 0.344952 0.054956 0.321557
2 3 0.100359 0.199109 0.346355 0.029826 0.324350
0 3 0.305067 0.200957 0.179655 0.023005 0.291315
2 3 0.115554 0.170763 0.481698 0.077494 0.154492
2 3 0.130670 0.193209 0.328716 0.082518 0.264886
2 3 0.075212 0.096326 0.301817 0.262964 0.263681
2 3 0.093514 0.110841 0.434455 0.268929 0.092261
2 3 0.143846 0.262133 0.391267 0.030448 0.172307
2 3 0.137245 0.129230 0.339379 0.305732 0.088413
2 3 0.061781 0.121598 0.404281 0.313393 0.098947
2 3 0.194413 0.158878 0.336829 0.066034 0.243847
2 3 0.040122 0.112415 0.476674 0.258644 0.112144
2 3 0.082769 0.107457 0.457001 0.291787 0.060987
2 3 0.050283 0.103936 0.409111 0.347174 0.089496
3 3 0.073437 0.062018 0.285413 0.543192 0.035939
2 3 0.116596 0.172752 0.444105 0.118594 0.147952
2 3 0.075913 0.102672 0.527838 0.237992 0.055585
3 3 0.118401 0.097047 0.359226 0.374718 0.050607
4 3 0.313570 0.118437 0.146304 0.082925 0.338764
2 3 0.215620 0.266833 0.306688 0.050545 0.160314
2 3 0.096767 0.102994 0.435520 0.302619 0.062100
4 3 0.198281 0.230670 0.240425 0.017731 0.312894
4 3 0.155407 0.209011 0.256161 0.036720 0.342702
2 3 0.127209 0.111936 0.346683 0.316077 0.098095
2 3 0.184509 0.203252 0.314791 0.026326 0.271122
2 3 0.160976 0.147159 0.455986 0.072079 0.163800
0 3 0.291062 0.178533 0.245513 0.092470 0.192422
3 3 0.014863 0.021586 0.267775 0.683497 0.012280
2 3 0.115734 0.129570 0.368534 0.278813 0.107349
3 3 0.078215 0.085458 0.366839 0.403828 0.065660
3 3 0.174119 0.067522 0.213158 0.418978 0.126222
0 3 0.599562 0.043397 0.088948 0.116703 0.151390
3 3 0.090055 0.053416 0.240265 0.582359 0.033906
3 3 0.057923 0.014400 0.108896 0.807489 0.011293
3 3 0.094338 0.016591 0.113069 0.761615 0.014387
3 3 0.085146 0.077033 0.247578 0.537621 0.052621
0 3 0.390547 0.125752 0.197208 0.166280 0.120213
3 3 0.147315 0.046783 0.184634 0.582042 0.039226
3 3 0.102759 0.037643 0.178206 0.652485 0.028907
3 3 0.308004 0.069771 0.185919 0.368089 0.068217
3 3 0.186722 0.017836 0.108120 0.669086 0.018236
3 3 0.331383 0.067994 0.179149 0.353296 0.068178
3 3 0.198253 0.067434 0.206795 0.469133 0.058385
3 3 0.191566 0.037526 0.170450 0.550057 0.050401
0 3 0.443078 0.067948 0.178867 0.245204 0.064904
0 3 0.338209 0.152552 0.162342 0.044756 0.302141
3 3 0.023040 0.006864 0.097068 0.868103 0.004924
3 3 0.129616 0.016626 0.109407 0.728729 0.015622
0 3 0.789621 0.062635 0.073993 0.013923 0.059828
0 2 0.365179 0.119731 0.196246 0.201027 0.117817
2 2 0.138923 0.149897 0.387839 0.231425 0.091915
2 2 0.038557 0.077249 0.543750 0.258211 0.082233
2 2 0.021192 0.087206 0.621095 0.200250 0.070258
2 2 0.017533 0.070911 0.562022 0.289416 0.060119
2 2 0.025246 0.074265 0.568893 0.282176 0.049419
2 2 0.014454 0.093202 0.740506 0.097775 0.054064
2 2 0.041245 0.167936 0.612646 0.034932 0.143241
2 2 0.034787 0.146699 0.541026 0.027795 0.249693
2 2 0.047801 0.183561 0.566511 0.023647 0.178480
2 2 0.042191 0.162120 0.511443 0.023504 0.260742
2 2 0.037991 0.153571 0.490664 0.018995 0.298780
2 2 0.034210 0.149736 0.582141 0.033701 0.200212
2 2 0.050222 0.180598 0.539124 0.027719 0.202337
2 2 0.064298 0.190730 0.476725 0.026368 0.241879
2 2 0.027979 0.143059 0.618108 0.025565 0.185289
2 2 0.037437 0.169636 0.622666 0.023764 0.146497
2 2 0.042538 0.134229 0.498714 0.088593 0.235925
2 2 0.024853 0.136202 0.601862 0.019241 0.217842
2 2 0.028496 0.142240 0.616784 0.027707 0.184773
4 2 0.045192 0.167619 0.374154 0.005280 0.407756
2 2 0.050595 0.190958 0.478162 0.010156 0.270129
2 2 0.052029 0.191677 0.451995 0.008158 0.296140
2 2 0.045690 0.151325 0.398741 0.017508 0.386735
4 2 0.049854 0.166169 0.381005 0.010413 0.392559
4 2 0.054396 0.183630 0.372694 0.006121 0.383160
2 2 0.042331 0.164428 0.437939 0.009842 0.345460
2 2 0.047688 0.164065 0.505899 0.035587 0.246761
2 2 0.046287 0.178626 0.464900 0.010457 0.299730
2 2 0.026860 0.145946 0.666212 0.024822 0.136159
2 2 0.059430 0.215264 0.469255 0.007488 0.248563
4 2 0.079474 0.139391 0.256410 0.006775 0.517951
2 2 0.036904 0.168765 0.573729 0.015340 0.205262
0 2 0.560178 0.069455 0.125326 0.160858 0.084182
0 2 0.381692 0.158979 0.218024 0.108220 0.133085
2 2 0.067199 0.204492 0.365146 0.006988 0.356175
2 2 0.057249 0.193040 0.515831 0.019097 0.214783
2 2 0.026825 0.113533 0.684915 0.082853 0.091874
2 2 0.028674 0.128940 0.649107 0.078528 0.114750
2 2 0.036971 0.138083 0.624023 0.093027 0.107896
4 2 0.163137 0.159991 0.187268 0.007645 0.481960
0 2 0.484313 0.086727 0.160766 0.169955 0.098239
4 2 0.132246 0.180051 0.298289 0.016467 0.372947
2 2 0.055819 0.146118 0.503844 0.101673 0.192546
3 2 0.108387 0.073280 0.313603 0.450162 0.054568
2 2 0.224367 0.255728 0.317093 0.062259 0.140552
2 2 0.046050 0.178191 0.626989 0.029709 0.119061
2 2 0.056013 0.127876 0.486501 0.193677 0.135933
2 2 0.033437 0.132501 0.655335 0.060700 0.118026
2 2 0.018015 0.089709 0.699686 0.157802 0.034790
2 2 0.039585 0.112552 0.608287 0.108831 0.130744
2 2 0.062133 0.190477 0.497962 0.034233 0.215195
2 2 0.049139 0.168953 0.588053 0.053349 0.140507
2 2 0.016583 0.075834 0.658764 0.204731 0.044088
2 2 0.043515 0.115100 0.614858 0.135578 0.090949
3 2 0.034181 0.051295 0.362332 0.518581 0.033611
2 2 0.038496 0.113271 0.535517 0.179519 0.133196
2 2 0.033361 0.089004 0.588944 0.211099 0.077592
2 2 0.077075 0.154848 0.565696 0.097519 0.104863
2 2 0.051763 0.091433 0.544990 0.236462 0.075353
2 2 0.083101 0.098054 0.369747 0.264292 0.184806
2 2 0.061335 0.094230 0.448236 0.325008 0.071191
2 2 0.139838 0.169530 0.472012 0.081432 0.137187
2 2 0.042812 0.085597 0.519063 0.248375 0.104153
2 2 0.112783 0.222492 0.400152 0.049074 0.215498
2 2 0.043959 0.083964 0.559207 0.246502 0.066368
2 2 0.073825 0.117245 0.528987 0.215564 0.064380
4 2 0.078838 0.097305 0.254777 0.209440 0.359640
4 2 0.111331 0.118793 0.246777 0.046771 0.476328
2 2 0.096998 0.091079 0.505451 0.211204 0.095268
4 2 0.213398 0.162520 0.197971 0.106995 0.319116
0 1 0.949467 0.005615 0.012336 0.020450 0.012131
2 2 0.114691 0.098507 0.388885 0.340619 0.057298
2 2 0.040471 0.141064 0.577434 0.111005 0.130026
2 2 0.063033 0.175960 0.561373 0.095794 0.103840
2 2 0.044738 0.154483 0.574966 0.077264 0.148548
2 2 0.022211 0.092912 0.602693 0.201998 0.080187
2 2 0.037089 0.116704 0.631808 0.112315 0.102084
3 2 0.013310 0.030592 0.384798 0.555690 0.015609
2 2 0.039682 0.108748 0.607490 0.152184 0.091896
2 2 0.047766 0.081055 0.391675 0.380818 0.098686
2 2 0.080026 0.113496 0.407213 0.342297 0.056969
4 2 0.069476 0.183560 0.341194 0.010352 0.395418
4 2 0.056421 0.179665 0.338561 0.004814 0.420540
2 2 0.085403 0.222071 0.418591 0.015149 0.258786
2 2 0.051407 0.187038 0.588593 0.033141 0.139822
2 2 0.081182 0.187330 0.383945 0.028857 0.318686
2 2 0.070441 0.171049 0.471405 0.101719 0.185385
2 2 0.074752 0.190761 0.440040 0.033668 0.260779
4 2 0.133889 0.208512 0.261192 0.021368 0.375039
4 2 0.092855 0.226197 0.332876 0.007071 0.341001
4 2 0.066304 0.172800 0.323288 0.012924 0.424684
4 3 0.099787 0.205415 0.292317 0.010932 0.391548
2 3 0.058940 0.218036 0.489306 0.007974 0.225745
2 3 0.055248 0.135087 0.447937 0.158652 0.203076
4 3 0.081059 0.164600 0.306194 0.030048 0.418099
4 3 0.085106 0.187827 0.282080 0.009658 0.435329
2 3 0.052709 0.165438 0.567919 0.079445 0.134489
2 3 0.066200 0.145174 0.463968 0.235006 0.089652
2 3 0.075849 0.215098 0.435940 0.013530 0.259583
2 3 0.053104 0.113258 0.553387 0.165937 0.114314
2 3 0.132710 0.256592 0.429230 0.043057 0.138411
2 3 0.111095 0.107611 0.494427 0.161693 0.125174
4 3 0.226207 0.227588 0.224287 0.026060 0.295858
2 3 0.114643 0.261396 0.414584 0.015558 0.193818
2 3 0.050990 0.118894 0.547642 0.144120 0.138354
2 3 0.172514 0.144842 0.312823 0.157039 0.212782
4 3 0.201631 0.136738 0.242225 0.119221 0.300185
3 3 0.043864 0.060318 0.306109 0.546618 0.043092
3 3 0.050759 0.038048 0.207411 0.677533 0.026250
2 3 0.148462 0.127269 0.366884 0.146628 0.210757
3 3 0.031894 0.049696 0.419249 0.466192 0.032969
2 3 0.149538 0.182113 0.395941 0.147617 0.124790
2 3 0.243846 0.184848 0.349552 0.076563 0.145192
3 3 0.155779 0.108202 0.258248 0.394573 0.083198
3 3 0.186070 0.100304 0.242855 0.378159 0.092611
3 3 0.294489 0.090202 0.206041 0.324616 0.084652
4 3 0.221493 0.175954 0.201854 0.083418 0.317281
2 3 0.271366 0.152981 0.301303 0.137953 0.136397
0 3 0.286842 0.135852 0.203484 0.141245 0.232577
2 3 0.179783 0.187482 0.274085 0.214682 0.143968
0 3 0.270247 0.166772 0.234032 0.096340 0.232609
3 3 0.115489 0.076898 0.267741 0.485767 0.054106
2 3 0.182936 0.122757 0.348248 0.248260 0.097798
0 3 0.525067 0.132813 0.170497 0.057678 0.113945
0 3 0.613327 0.124930 0.138696 0.023711 0.099335
0 3 0.326313 0.240884 0.245194 0.037484 0.150126
3 3 0.160124 0.147901 0.277619 0.302960 0.111396
0 3 0.335731 0.264706 0.233002 0.019243 0.147317
4 3 0.249069 0.104328 0.109740 0.042621 0.494242
3 3 0.125032 0.044534 0.227588 0.565808 0.037039
3 3 0.277548 0.071794 0.194595 0.388228 0.067835
3 3 0.045747 0.012100 0.109285 0.823597 0.009270
3 3 0.011142 0.011363 0.147761 0.823335 0.006399
3 3 0.040562 0.044387 0.408220 0.481784 0.025046
0 3 0.399623 0.087835 0.163517 0.158602 0.190422
3 3 0.091019 0.031191 0.180317 0.674541 0.022933
3 3 0.084276 0.029094 0.164574 0.699300 0.022756
3 3 0.048055 0.045240 0.304525 0.576973 0.025207
3 3 0.064036 0.038458 0.297286 0.571606 0.028613
3 3 0.016947 0.007324 0.079877 0.891144 0.004708
3 3 0.112978 0.065017 0.224518 0.538254 0.059234
3 3 0.007202 0.002506 0.054953 0.933762 0.001576
2 3 0.152884 0.100251 0.354004 0.338542 0.054318
3 3 0.027646 0.014168 0.115118 0.831783 0.011285
0 3 0.599495 0.060870 0.112026 0.150605 0.077004
0 2 0.826148 0.067096 0.055222 0.002186 0.049348
2 2 0.046363 0.087581 0.503936 0.329825 0.032296
2 2 0.024828 0.115419 0.673241 0.107261 0.079251
2 2 0.026674 0.113092 0.679538 0.112816 0.067880
2 2 0.026196 0.134094 0.719393 0.063915 0.056403
2 2 0.077920 0.086926 0.486676 0.223376 0.125101
2 2 0.026434 0.081714 0.697120 0.157333 0.037398
2 2 0.013796 0.054797 0.580180 0.312874 0.038352
2 2 0.066445 0.160208 0.634671 0.064122 0.074554
2 4 0.039950 0.154416 0.646870 0.051253 0.107512
2 4 0.025066 0.137505 0.698571 0.039788 0.099070
2 4 0.040715 0.155305 0.538550 0.034492 0.230937
2 4 0.035313 0.142589 0.633766 0.085157 0.103174
2 4 0.020524 0.119131 0.712527 0.054891 0.092927
2 4 0.021893 0.127565 0.690315 0.037500 0.122727
2 4 0.022587 0.125878 0.624197 0.029126 0.198211
2 4 0.042181 0.181152 0.512238 0.010266 0.254164
2 4 0.035408 0.160630 0.604889 0.026115 0.172958
2 4 0.024220 0.129309 0.648602 0.037911 0.159959
2 4 0.038325 0.159061 0.525252 0.019619 0.257742
2 4 0.024697 0.125700 0.689579 0.075037 0.084988
0 4 0.628714 0.054774 0.102344 0.142563 0.071604
0 4 0.278382 0.168212 0.244874 0.169243 0.139290
2 4 0.033741 0.159448 0.625651 0.026697 0.154462
2 4 0.043338 0.170689 0.550270 0.026057 0.209646
2 4 0.037893 0.136423 0.621138 0.064469 0.140078
2 4 0.041878 0.165999 0.555339 0.028120 0.208665
2 4 0.041709 0.171983 0.535240 0.018269 0.232799
2 4 0.040854 0.188618 0.541554 0.007947 0.221028
2 4 0.044026 0.166738 0.486912 0.018645 0.283678
2 4 0.035100 0.154167 0.572951 0.028585 0.209197
2 4 0.087658 0.188584 0.434390 0.020529 0.268838
4 4 0.084409 0.193053 0.288044 0.009094 0.425400
2 4 0.025944 0.140745 0.640464 0.024483 0.168364
2 4 0.022121 0.123035 0.682844 0.048220 0.123780
2 4 0.020028 0.116461 0.724988 0.065911 0.072611
2 1 0.037869 0.134667 0.702805 0.060937 0.063722
2 1 0.008367 0.068520 0.765388 0.115068 0.042657
2 1 0.012270 0.091413 0.773293 0.071167 0.051857
2 1 0.016514 0.097904 0.689449 0.093601 0.102533
2 1 0.016768 0.094674 0.728812 0.075120 0.084626
2 1 0.014146 0.074748 0.749164 0.109383 0.052559
2 1 0.020414 0.115248 0.723456 0.065004 0.075878
2 1 0.021477 0.058397 0.584851 0.311931 0.023345
0 1 0.356208 0.173934 0.269647 0.085187 0.115025
2 1 0.034950 0.103340 0.579719 0.200666 0.081326
2 1 0.044837 0.154544 0.611084 0.031000 0.158535
2 2 0.024684 0.104914 0.707295 0.102444 0.060663
2 2 0.015169 0.092940 0.745478 0.081281 0.065133
2 2 0.022900 0.128256 0.680068 0.043772 0.125004
2 2 0.014049 0.075841 0.726726 0.132469 0.050915
2 2 0.015711 0.047470 0.575105 0.342887 0.018827
2 2 0.012167 0.083329 0.764065 0.089925 0.050515
2 2 0.018832 0.087688 0.745999 0.100922 0.046560
2 2 0.017331 0.093239 0.713922 0.105151 0.070357
2 2 0.077597 0.055000 0.420785 0.394845 0.051773
2 2 0.010600 0.061009 0.746134 0.146195 0.036061
2 2 0.016265 0.060537 0.607498 0.272178 0.043522
2 2 0.022019 0.075847 0.685867 0.181151 0.035116
2 2 0.017493 0.087271 0.708099 0.127209 0.059928
2 2 0.036558 0.126987 0.652196 0.064459 0.119800
2 2 0.011210 0.069071 0.750832 0.124674 0.044212
2 2 0.008797 0.063879 0.782347 0.117961 0.027016
2 2 0.016038 0.078415 0.726573 0.137455 0.041518
2 2 0.038421 0.111055 0.598790 0.100448 0.151287
2 2 0.023100 0.093645 0.697008 0.111135 0.075112
2 2 0.012641 0.059567 0.685699 0.193716 0.048377
4 2 0.307203 0.035029 0.033279 0.011278 0.613211
0 1 0.459670 0.241260 0.171599 0.005204 0.122267
0 1 0.540525 0.073918 0.132094 0.165735 0.087729
2 2 0.022678 0.074174 0.582742 0.273063 0.047344
3 2 0.038758 0.066681 0.380795 0.483654 0.030113
2 2 0.018767 0.079197 0.712148 0.133564 0.056323
2 2 0.018298 0.086082 0.732009 0.120186 0.043425
2 2 0.030409 0.131749 0.703487 0.048146 0.086209
2 2 0.019066 0.074860 0.698353 0.150421 0.057300
2 2 0.023127 0.078980 0.632689 0.178146 0.087058
3 2 0.039562 0.034984 0.246870 0.636979 0.041605
0 0 0.939193 0.002871 0.004785 0.005741 0.047409
0 0 0.796839 0.102296 0.051209 0.000258 0.049399
2 1 0.013932 0.059987 0.650759 0.243888 0.031433
3 1 0.201671 0.076925 0.292465 0.359667 0.069272
0 1 0.360341 0.244336 0.173155 0.004370 0.217797
2 1 0.182182 0.265968 0.352356 0.022452 0.177042
2 1 0.056381 0.113884 0.589527 0.193074 0.047135
2 2 0.011726 0.045962 0.571895 0.349663 0.020754
0 1 0.824854 0.019839 0.042097 0.079038 0.034172
1 1 0.316251 0.439924 0.136494 0.000138 0.107192
0 1 0.410421 0.072696 0.194115 0.242900 0.079868
2 1 0.096607 0.122140 0.452993 0.270542 0.057717
0 1 0.360882 0.190024 0.216909 0.057511 0.174673
2 1 0.045589 0.105110 0.530947 0.207116 0.111238
2 1 0.093828 0.110077 0.423007 0.122682 0.250406
2 2 0.049894 0.171879 0.561122 0.046675 0.170430
2 2 0.024935 0.097708 0.705695 0.131178 0.040484
2 2 0.048788 0.191086 0.640059 0.033383 0.086684
2 2 0.054492 0.170925 0.662460 0.037254 0.074869
2 2 0.064516 0.072670 0.711798 0.109035 0.041981
2 2 0.016037 0.106168 0.769032 0.065611 0.043152
2 2 0.043905 0.157464 0.578626 0.063624 0.156381
2 2 0.034725 0.134887 0.542575 0.053060 0.234754
2 2 0.008526 0.039067 0.569306 0.365779 0.017322
2 2 0.040135 0.129153 0.500993 0.090489 0.239231
2 2 0.062703 0.179475 0.481708 0.049074 0.227040
2 2 0.010486 0.049523 0.603756 0.305918 0.030317
2 2 0.041025 0.164643 0.643485 0.034417 0.116429
2 2 0.066631 0.150559 0.541537 0.072281 0.168992
4 2 0.190892 0.191578 0.294388 0.016308 0.306833
2 2 0.053304 0.156640 0.547176 0.073162 0.169718
2 2 0.055636 0.161323 0.537646 0.038916 0.206479
2 2 0.059501 0.117407 0.500814 0.249114 0.073164
2 2 0.039544 0.145008 0.610148 0.102696 0.102604
2 2 0.031140 0.123292 0.683969 0.085329 0.076271
2 2 0.075246 0.123890 0.494715 0.142245 0.163903
3 2 0.042904 0.054657 0.422177 0.429650 0.050611
2 2 0.046710 0.103394 0.591810 0.185612 0.072474
2 2 0.047225 0.122021 0.584581 0.147646 0.098527
2 2 0.018826 0.089066 0.665525 0.177458 0.049125
2 2 0.024164 0.054816 0.493771 0.371737 0.055512
3 2 0.011467 0.017176 0.263143 0.698764 0.009450
2 2 0.058057 0.095007 0.519148 0.278435 0.049354
2 2 0.058028 0.115058 0.553170 0.118224 0.155520
2 2 0.099637 0.124199 0.434207 0.222289 0.119668
2 2 0.060075 0.114984 0.522483 0.154614 0.147844
2 2 0.052761 0.092992 0.519487 0.266069 0.068691
2 2 0.014819 0.039998 0.499697 0.426923 0.018563
2 2 0.120653 0.111137 0.322990 0.321734 0.123486
2 2 0.065094 0.127469 0.531362 0.212648 0.063427
2 2 0.017735 0.075349 0.635911 0.224774 0.046230
3 2 0.032865 0.050738 0.371690 0.469241 0.075467
2 2 0.026784 0.057200 0.442558 0.441738 0.031719
4 2 0.145249 0.161235 0.304304 0.055921 0.333291
3 2 0.014998 0.011940 0.123657 0.842377 0.007028
2 2 0.041362 0.111963 0.620392 0.146139 0.080144
2 2 0.076097 0.082395 0.391517 0.312331 0.137661
3 2 0.039691 0.049127 0.296679 0.563659 0.050843
2 2 0.007873 0.033414 0.520334 0.416190 0.022189
2 2 0.023527 0.079627 0.556493 0.184183 0.156170
2 2 0.055329 0.153378 0.526826 0.097179 0.167288
2 2 0.012332 0.055532 0.507601 0.384913 0.039622
2 2 0.025245 0.053949 0.514509 0.381036 0.025260
2 2 0.078646 0.195835 0.445349 0.048102 0.232068
4 2 0.162975 0.140015 0.142215 0.009684 0.545111
0 0 0.345552 0.125685 0.203903 0.203904 0.120956
2 1 0.252391 0.166705 0.355664 0.066235 0.159005
2 2 0.011776 0.057286 0.623471 0.231015 0.076452
2 2 0.076098 0.155839 0.439468 0.184028 0.144567
2 2 0.080561 0.182019 0.455176 0.113071 0.169173
2 2 0.032248 0.117932 0.637923 0.136814 0.075082
2 2 0.043804 0.170392 0.553624 0.029264 0.202915
2 2 0.061139 0.157160 0.410282 0.014466 0.356953
2 2 0.028034 0.115645 0.673726 0.072923 0.109671
2 2 0.028372 0.120443 0.705473 0.075906 0.069807
2 2 0.011409 0.047679 0.514812 0.401437 0.024663
2 2 0.010445 0.042034 0.506244 0.407489 0.033789
0 0 0.286467 0.154369 0.238815 0.188838 0.131512
0 0 0.687045 0.043301 0.083539 0.125442 0.060673
0 0 0.568494 0.072872 0.121593 0.127447 0.109595
0 0 0.674887 0.043118 0.065879 0.060886 0.155231
3 0 0.258554 0.063451 0.189282 0.429119 0.059594
3 0 0.184440 0.086853 0.265279 0.400857 0.062572
3 0 0.093455 0.069330 0.343117 0.426854 0.067244
3 0 0.063806 0.061041 0.280952 0.559194 0.035007
2 0 0.296578 0.219625 0.346908 0.039360 0.097530
2 0 0.074504 0.090358 0.540302 0.236364 0.058472
2 0 0.030061 0.087549 0.755165 0.088022 0.039203
3 0 0.117142 0.073538 0.324912 0.427737 0.056672
0 0 0.519786 0.078756 0.139321 0.170695 0.091440
2 0 0.147334 0.251972 0.325474 0.023548 0.251673
2 1 0.041865 0.164337 0.560476 0.032023 0.201299
2 1 0.018238 0.116498 0.739361 0.047360 0.078542
0 1 0.701442 0.035125 0.076258 0.136402 0.050773
4 1 0.222529 0.202354 0.231048 0.025323 0.318746
2 1 0.064539 0.201297 0.511855 0.031191 0.191117
2 1 0.020879 0.099060 0.684496 0.132376 0.063188
2 1 0.034181 0.134496 0.696620 0.081083 0.053620
2 1 0.021290 0.100395 0.618564 0.125689 0.134062
2 1 0.032937 0.161070 0.619158 0.021655 0.165180
2 2 0.033850 0.139055 0.655848 0.045477 0.125770
2 2 0.016771 0.096097 0.710396 0.097994 0.078742
2 2 0.026995 0.140575 0.669199 0.035754 0.127477
2 2 0.009418 0.075553 0.770404 0.096618 0.048007
2 2 0.025681 0.144830 0.701406 0.030541 0.097543
2 2 0.016139 0.103669 0.722265 0.063211 0.094715
2 2 0.027842 0.143354 0.669400 0.035746 0.123657
2 2 0.011195 0.083003 0.772997 0.093539 0.039266
2 2 0.008396 0.028152 0.481780 0.467784 0.013888
2 2 0.005339 0.032141 0.589282 0.360293 0.012945
2 2 0.051861 0.119389 0.566008 0.129793 0.132950
2 2 0.086964 0.153093 0.558263 0.117579 0.084101
3 2 0.012826 0.030554 0.354802 0.588814 0.013003
2 2 0.030010 0.109775 0.731578 0.063620 0.065017
2 2 0.014757 0.072928 0.699741 0.158587 0.053986
2 2 0.012580 0.058816 0.591051 0.311450 0.026103
2 2 0.027604 0.079841 0.583077 0.227025 0.082453
2 2 0.054171 0.082711 0.566625 0.210352 0.086142
2 2 0.023316 0.073835 0.671030 0.190592 0.041228
2 2 0.027367 0.111082 0.704854 0.060966 0.095731
2 2 0.039990 0.096830 0.587544 0.155492 0.120143
3 2 0.010106 0.037204 0.457804 0.472260 0.022626
2 2 0.051700 0.141413 0.607782 0.084440 0.114665
2 2 0.095042 0.142750 0.490458 0.136034 0.135715
2 2 0.031299 0.092900 0.514402 0.276206 0.085193
2 2 0.021600 0.095400 0.739118 0.109422 0.034460
2 2 0.027499 0.089669 0.620419 0.216719 0.045694
2 2 0.033696 0.098905 0.700297 0.113953 0.053148
2 2 0.030053 0.080695 0.610086 0.246539 0.032626
2 2 0.019422 0.077922 0.659177 0.208985 0.034493
0 2 0.898242 0.009568 0.017491 0.024611 0.050088
0 1 0.676356 0.076698 0.111386 0.054916 0.080643
2 2 0.142174 0.222447 0.439159 0.029081 0.167139
3 2 0.014445 0.033061 0.328614 0.569091 0.054789
3 2 0.004097 0.021931 0.445762 0.519944 0.008265
2 2 0.183940 0.188724 0.262496 0.185456 0.179385
0 2 0.408702 0.107209 0.179640 0.193787 0.110662
2 2 0.033903 0.105894 0.753851 0.042764 0.063589
2 2 0.059587 0.184607 0.550843 0.056592 0.148371
2 2 0.016979 0.067028 0.681556 0.201431 0.033006
2 2 0.020330 0.064626 0.548764 0.295516 0.070764
3 2 0.136387 0.095111 0.317355 0.394341 0.056806
0 2 0.350096 0.259231 0.227280 0.018226 0.145167
2 2 0.035328 0.094318 0.658534 0.136117 0.075703
2 2 0.016533 0.058314 0.576632 0.314510 0.034011
2 2 0.024401 0.092253 0.654147 0.151386 0.077813
2 2 0.015718 0.040494 0.466344 0.448609 0.028836
3 2 0.012486 0.045579 0.448376 0.475482 0.018077
2 2 0.059443 0.118117 0.574259 0.131336 0.116844
2 2 0.017791 0.049086 0.530220 0.379217 0.023686
2 2 0.021425 0.095093 0.638056 0.202521 0.042906
2 2 0.014431 0.050285 0.571620 0.326701 0.036964
2 2 0.022490 0.083455 0.691950 0.161482 0.040624
2 2 0.030654 0.094108 0.630269 0.180618 0.064351
2 2 0.033621 0.077850 0.539220 0.269433 0.079876
2 2 0.022922 0.103383 0.717010 0.115163 0.041522
2 2 0.075943 0.093210 0.474740 0.184840 0.171267
3 2 0.009377 0.029709 0.387603 0.557052 0.016259
2 2 0.113321 0.261040 0.365805 0.008602 0.251232
4 2 0.088147 0.164873 0.262344 0.020758 0.463877
2 2 0.058798 0.210919 0.519634 0.011340 0.199309
2 2 0.047089 0.172996 0.618492 0.053488 0.107935
2 2 0.048573 0.143491 0.527613 0.119484 0.160839
2 2 0.021687 0.115845 0.709082 0.075422 0.077964
2 2 0.038043 0.151755 0.559350 0.034043 0.216809
2 2 0.063756 0.169745 0.526383 0.088904 0.151211
4 2 0.101206 0.199595 0.255741 0.008686 0.434772
2 2 0.024446 0.097366 0.591156 0.210197 0.076835
2 2 0.052013 0.160124 0.449412 0.034371 0.304079
2 2 0.124717 0.175825 0.353293 0.050547 0.295618
2 2 0.034734 0.109116 0.545882 0.184787 0.125480
2 2 0.064347 0.164315 0.530792 0.150289 0.090257
3 3 0.084901 0.114497 0.298310 0.301094 0.201198
2 3 0.058553 0.127276 0.548356 0.188683 0.077133
2 3 0.022055 0.097579 0.638808 0.189268 0.052290
2 3 0.165415 0.232696 0.401127 0.032869 0.167893
2 3 0.084482 0.207993 0.539652 0.070296 0.097578
2 3 0.079263 0.171634 0.494722 0.142417 0.111965
2 3 0.171842 0.244629 0.322438 0.034099 0.226992
4 3 0.199745 0.205428 0.171495 0.022139 0.401194
4 3 0.216402 0.138371 0.122318 0.023352 0.499558
2 3 0.098246 0.113262 0.408402 0.263380 0.116710
2 3 0.041875 0.129819 0.590433 0.157284 0.080589
0 3 0.280695 0.143992 0.230880 0.133497 0.210936
4 3 0.200550 0.122552 0.186989 0.043617 0.446293
3 3 0.118364 0.092629 0.255995 0.465651 0.067361
2 3 0.115982 0.144344 0.355346 0.287407 0.096921
3 3 0.064471 0.055017 0.267615 0.552233 0.060663
0 3 0.247517 0.159117 0.244011 0.213819 0.135535
4 3 0.254338 0.098685 0.163480 0.109570 0.373926
3 3 0.103571 0.088012 0.310644 0.446687 0.051086
2 3 0.185041 0.191534 0.352326 0.135750 0.135349
0 3 0.353826 0.222904 0.205005 0.023490 0.194773
4 3 0.180544 0.183209 0.232895 0.125714 0.277637
4 3 0.222168 0.077042 0.196522 0.198677 0.305591
0 3 0.581255 0.074969 0.074016 0.014038 0.255722
2 3 0.134104 0.206888 0.469075 0.093969 0.095964
0 3 0.355178 0.137089 0.215076 0.168963 0.123695
4 3 0.172145 0.161115 0.248080 0.077088 0.341571
4 3 0.147625 0.183489 0.268269 0.095210 0.305408
0 3 0.360602 0.247567 0.234603 0.020028 0.137200
0 3 0.320676 0.107621 0.201533 0.228306 0.141865
0 3 0.292537 0.139304 0.217016 0.190834 0.160308
3 3 0.080353 0.094206 0.271814 0.468626 0.085001
4 3 0.259678 0.088365 0.133606 0.083144 0.435206
4 3 0.253147 0.129246 0.190836 0.071215 0.355556
2 3 0.230044 0.123661 0.375209 0.199052 0.072034
3 3 0.098062 0.062971 0.239039 0.553762 0.046166
3 3 0.096021 0.035745 0.170186 0.670181 0.027866
0 2 0.756363 0.030530 0.050194 0.054684 0.108229
0 2 0.909518 0.020861 0.030518 0.011359 0.027744
2 2 0.025279 0.042958 0.505933 0.395044 0.030786
2 2 0.011544 0.049496 0.747663 0.167175 0.024122
2 2 0.025203 0.069383 0.627153 0.230105 0.048155
2 4 0.014522 0.081440 0.746409 0.119899 0.037731
2 4 0.010696 0.051452 0.727993 0.183867 0.025993
2 4 0.038437 0.071268 0.543671 0.268578 0.078045
2 4 0.179783 0.187482 0.274085 0.214682 0.143968
4 4 0.142002 0.093658 0.085468 0.025432 0.653439
0 4 0.521307 0.096346 0.154126 0.127042 0.101180
2 4 0.010307 0.061910 0.708932 0.178474 0.040377
2 4 0.025089 0.093734 0.681707 0.126204 0.073266
2 4 0.013750 0.079401 0.747582 0.122047 0.037220
2 4 0.036128 0.146086 0.675663 0.061524 0.080599
2 4 0.021543 0.065319 0.574928 0.288802 0.049409
2 4 0.039479 0.107449 0.626755 0.129741 0.096577
2 4 0.078600 0.133333 0.489707 0.037541 0.260818
2 4 0.073782 0.147172 0.583413 0.064912 0.130721
2 4 0.023194 0.126333 0.693871 0.054254 0.102349
2 4 0.015988 0.082479 0.735638 0.090889 0.075007
2 4 0.009571 0.072010 0.755560 0.123523 0.039336
2 4 0.020954 0.097215 0.713445 0.089625 0.078761
2 4 0.026745 0.073166 0.610721 0.242374 0.046995
1 4 0.290275 0.320402 0.232447 0.008883 0.147994
2 4 0.008700 0.073321 0.771578 0.082875 0.063527
2 4 0.024700 0.102642 0.629580 0.100190 0.142889
2 4 0.023420 0.086182 0.643027 0.174396 0.072974
2 4 0.015854 0.090015 0.680857 0.128418 0.084855
2 4 0.028673 0.068561 0.592166 0.237096 0.073504
0 4 0.469243 0.135590 0.126603 0.010246 0.258319
2 4 0.091575 0.168226 0.476469 0.071814 0.191915
2 4 0.015272 0.075392 0.710454 0.145244 0.053638
2 4 0.029884 0.110117 0.701859 0.086981 0.071158
2 4 0.093052 0.127134 0.529805 0.184728 0.065282
2 4 0.157117 0.226082 0.446273 0.027412 0.143115
4 4 0.220181 0.150140 0.130036 0.012831 0.486812
4 4 0.205475 0.141576 0.287480 0.048462 0.317007
2 4 0.027599 0.118203 0.698152 0.074058 0.081988
2 4 0.078630 0.126093 0.514240 0.068289 0.212748
0 4 0.398992 0.138594 0.204091 0.133027 0.125296
2 4 0.010619 0.082217 0.761281 0.085252 0.060630
2 4 0.009351 0.068024 0.712029 0.157697 0.052900
2 4 0.045603 0.114126 0.624321 0.093383 0.122567
2 4 0.024454 0.109528 0.674713 0.074263 0.117042
2 4 0.023220 0.106759 0.697098 0.069502 0.103421
2 4 0.046807 0.104652 0.609345 0.162800 0.076395
2 4 0.039149 0.088878 0.571946 0.194980 0.105047
2 4 0.015180 0.078932 0.771821 0.089638 0.044429
3 4 0.061130 0.056809 0.333633 0.522881 0.025547
2 4 0.067795 0.114099 0.587985 0.142701 0.087421
4 4 0.312069 0.111171 0.127386 0.023008 0.426366
2 4 0.243205 0.195043 0.296055 0.037725 0.227971
2 4 0.273107 0.155811 0.309969 0.047760 0.213352
2 4 0.071526 0.083336 0.425235 0.322900 0.097004
2 4 0.240522 0.171651 0.370346 0.093021 0.124460
2 4 0.053103 0.079587 0.425575 0.355085 0.086649
2 4 0.033692 0.133641 0.649657 0.060938 0.122072
2 4 0.031435 0.142278 0.681526 0.074861 0.069900
0 4 0.857656 0.015058 0.032963 0.066575 0.027748
0 1 0.364495 0.168364 0.226013 0.104369 0.136759
2 4 0.053038 0.171554 0.622971 0.034925 0.117512
2 4 0.024574 0.113009 0.702899 0.070556 0.088962
2 4 0.065402 0.092844 0.562987 0.196508 0.082259
4 4 0.124009 0.130279 0.314422 0.083156 0.348133
2 4 0.038299 0.107033 0.658677 0.120997 0.074994
2 4 0.037061 0.110405 0.652007 0.097543 0.102984
3 4 0.007350 0.029057 0.379897 0.571220 0.012476
2 4 0.029445 0.130998 0.638904 0.080725 0.119928
2 4 0.049784 0.161991 0.596933 0.043177 0.148116
2 4 0.021481 0.069043 0.689229 0.184292 0.035954
2 4 0.020387 0.097641 0.755506 0.081457 0.045009
2 4 0.015778 0.110023 0.781431 0.052229 0.040539
2 4 0.185766 0.186720 0.243862 0.151231 0.232421
2 4 0.035215 0.139744 0.613953 0.086504 0.124584
2 4 0.030456 0.099260 0.687744 0.103687 0.078852
2 4 0.011568 0.057147 0.703830 0.202819 0.024636
2 4 0.066184 0.094329 0.518377 0.276353 0.044757
0 1 0.707601 0.039475 0.077081 0.119066 0.056777
2 1 0.018058 0.065063 0.664485 0.193059 0.059334
2 1 0.048536 0.113786 0.628514 0.140448 0.068716
2 1 0.024977 0.065713 0.605507 0.267837 0.035965
2 4 0.011315 0.042767 0.606831 0.322109 0.016978
2 4 0.014369 0.067974 0.695436 0.195481 0.026739
2 4 0.019213 0.104416 0.718254 0.104564 0.053553
2 4 0.039754 0.099522 0.603718 0.152886 0.104121
2 4 0.016454 0.056198 0.630235 0.269326 0.027788
2 4 0.020847 0.100187 0.776549 0.054372 0.048045
2 4 0.259261 0.240012 0.328257 0.023768 0.148703
2 4 0.029995 0.150325 0.722774 0.041655 0.055251
2 4 0.013486 0.072907 0.762816 0.123353 0.027439
2 4 0.018742 0.065139 0.674586 0.194391 0.047141
2 4 0.022413 0.076204 0.629478 0.234146 0.037759
2 4 0.018767 0.077825 0.676566 0.189396 0.037445
2 4 0.034729 0.107555 0.634514 0.143848 0.079353
2 4 0.014325 0.069962 0.731276 0.156155 0.028282
2 4 0.038669 0.125384 0.639120 0.044351 0.152477
2 4 0.034548 0.130314 0.671381 0.097196 0.066561
2 4 0.027467 0.074936 0.582875 0.249561 0.065161
2 4 0.051984 0.167152 0.537464 0.055060 0.188340
2 4 0.040189 0.151551 0.663033 0.035954 0.109274
2 4 0.095443 0.188483 0.426275 0.070455 0.219344
2 4 0.025818 0.092659 0.665300 0.157797 0.058426
2 4 0.025671 0.116299 0.674200 0.073281 0.110548
2 4 0.097191 0.110086 0.496298 0.211637 0.084787
0 4 0.435525 0.111098 0.204174 0.151307 0.097896
2 4 0.080421 0.104201 0.429984 0.320624 0.064770
4 4 0.096389 0.109896 0.256597 0.042533 0.494585
2 4 0.157433 0.116162 0.307460 0.194709 0.224235
0 4 0.458275 0.079412 0.080269 0.020687 0.361356
0 4 0.378970 0.143287 0.265669 0.081223 0.130852
0 4 0.754768 0.031121 0.062612 0.103740 0.047758
0 4 0.918077 0.010404 0.021430 0.030540 0.019549
2 4 0.116880 0.220184 0.494656 0.050865 0.117416
2 4 0.038775 0.140156 0.601352 0.053489 0.166228
2 4 0.112961 0.132519 0.434399 0.215046 0.105074
2 4 0.104509 0.162755 0.403950 0.229406 0.099380
2 4 0.035924 0.104789 0.624783 0.166062 0.068443
2 4 0.059238 0.132511 0.556586 0.103782 0.147883
2 4 0.028693 0.097689 0.644753 0.118833 0.110033
0 4 0.257415 0.153722 0.251278 0.203233 0.134353
0 4 0.309321 0.245628 0.294995 0.026115 0.123940
2 4 0.040843 0.119667 0.658329 0.104363 0.076798
2 4 0.013526 0.074660 0.644403 0.226440 0.040971
2 4 0.031058 0.063583 0.555618 0.298752 0.050989
2 4 0.014703 0.081386 0.728676 0.140745 0.034489
2 4 0.035660 0.109180 0.615563 0.171800 0.067797
2 2 0.072404 0.112787 0.635728 0.121110 0.057970
2 2 0.026797 0.072024 0.598144 0.267015 0.036020
2 2 0.029744 0.117596 0.712443 0.079217 0.061001
2 2 0.044977 0.143675 0.577918 0.134271 0.099158
2 2 0.010815 0.046055 0.572831 0.345989 0.024310
2 2 0.030300 0.118479 0.597533 0.149373 0.104316
3 2 0.015604 0.024611 0.278383 0.667533 0.013869
2 2 0.041378 0.121588 0.588240 0.134934 0.113860
2 2 0.062302 0.147481 0.524223 0.152026 0.113968
2 2 0.033337 0.082907 0.523606 0.293040 0.067110
2 2 0.050741 0.081156 0.476356 0.331564 0.060182
2 2 0.028033 0.066278 0.558884 0.305519 0.041285
2 2 0.049781 0.106085 0.519665 0.231023 0.093448
2 2 0.036892 0.114768 0.572857 0.181531 0.093951
2 2 0.008736 0.036603 0.547418 0.388717 0.018527
2 2 0.046294 0.113240 0.601950 0.170756 0.067759
2 2 0.023249 0.070074 0.582767 0.292640 0.031271
2 2 0.008095 0.047715 0.712240 0.211462 0.020487
3 2 0.007265 0.016596 0.263248 0.704565 0.008326
2 2 0.034540 0.092433 0.657821 0.175658 0.039548
2 2 0.104962 0.200210 0.510226 0.038490 0.146112
2 2 0.035289 0.094439 0.515074 0.271066 0.084131
2 2 0.018238 0.096224 0.739595 0.099707 0.046236
2 2 0.016473 0.104385 0.735769 0.070159 0.073214
2 2 0.013529 0.070452 0.606604 0.258332 0.051083
2 2 0.076063 0.226235 0.464891 0.015428 0.217384
2 2 0.114964 0.213592 0.358474 0.021962 0.291009
2 2 0.023626 0.103807 0.568831 0.095606 0.208129
2 2 0.032768 0.095227 0.553869 0.101704 0.216431
2 2 0.084202 0.126623 0.498986 0.098259 0.191929
0 1 0.936171 0.005197 0.012748 0.033627 0.012257
0 2 0.846979 0.038174 0.052855 0.017696 0.044296
2 2 0.036176 0.168621 0.676066 0.034325 0.084812
0 2 0.575192 0.066124 0.120210 0.157021 0.081453
2 2 0.186386 0.143038 0.354617 0.231676 0.084283
2 2 0.036041 0.134916 0.596134 0.108654 0.124255
2 2 0.099332 0.193469 0.476736 0.051007 0.179457
2 2 0.034321 0.097336 0.597063 0.208276 0.063004
2 2 0.031261 0.079640 0.558934 0.228072 0.102093
2 2 0.141108 0.187404 0.331718 0.020215 0.319556
2 2 0.037070 0.129230 0.635994 0.084595 0.113110
2 2 0.062862 0.118830 0.596200 0.122985 0.099123
2 2 0.049948 0.130781 0.598021 0.132298 0.088952
2 2 0.085864 0.118827 0.498430 0.143706 0.153173
2 2 0.037597 0.133493 0.634898 0.123456 0.070556
2 2 0.078256 0.177368 0.495588 0.035390 0.213399
2 2 0.055391 0.143926 0.566209 0.035224 0.199251
2 2 0.027001 0.081076 0.543401 0.291734 0.056788
2 2 0.033428 0.122807 0.679484 0.101070 0.063211
2 2 0.061698 0.134015 0.561249 0.171353 0.071686
2 2 0.086580 0.146392 0.555015 0.105005 0.107008
2 2 0.065652 0.132395 0.407315 0.233656 0.160982
2 2 0.086129 0.131259 0.492616 0.149680 0.140315
2 2 0.044006 0.107115 0.575490 0.221997 0.051392
2 2 0.066095 0.114324 0.482860 0.227380 0.109341
2 2 0.081406 0.141658 0.443631 0.156373 0.176932
2 2 0.032747 0.052580 0.560006 0.321589 0.033077
2 2 0.246966 0.170405 0.355415 0.125958 0.101257
2 2 0.089641 0.154786 0.518908 0.154395 0.082269
2 2 0.029931 0.079862 0.459421 0.361260 0.069527
2 2 0.053765 0.095883 0.609418 0.191778 0.049156
2 2 0.096612 0.131468 0.492727 0.133317 0.145876
2 2 0.041547 0.072354 0.483758 0.366766 0.035575
2 2 0.032891 0.126410 0.624642 0.089479 0.126577
2 2 0.122096 0.125876 0.401634 0.255975 0.094419
2 2 0.152496 0.132459 0.402698 0.189785 0.122563
2 2 0.063619 0.134367 0.435624 0.179185 0.187205
2 2 0.069854 0.098034 0.442201 0.243947 0.145964
2 2 0.123098 0.233443 0.485414 0.047491 0.110553
3 2 0.014406 0.033950 0.362768 0.570277 0.018600
2 2 0.068492 0.113125 0.488409 0.164660 0.165314
3 2 0.043580 0.047898 0.283133 0.565861 0.059527
2 2 0.051708 0.194726 0.629975 0.035768 0.087823
2 2 0.114813 0.108943 0.424046 0.199017 0.153181
4 2 0.256306 0.093985 0.105440 0.038570 0.505699
2 2 0.086949 0.185239 0.380254 0.048412 0.299146
2 2 0.189311 0.196528 0.364953 0.036394 0.212814
2 2 0.122519 0.240095 0.390042 0.018836 0.228508
2 2 0.199897 0.305085 0.331653 0.015898 0.147467
4 3 0.101643 0.118791 0.153704 0.024990 0.600873
2 3 0.150217 0.178081 0.376234 0.176355 0.119113
0 3 0.338328 0.217985 0.198063 0.023380 0.222244
2 3 0.134767 0.279155 0.317449 0.005816 0.262813
2 2 0.098520 0.173262 0.381487 0.047513 0.299218
2 2 0.090036 0.199548 0.363569 0.022764 0.324084
4 2 0.152959 0.233002 0.213276 0.007066 0.393698
2 2 0.131270 0.152860 0.325689 0.132359 0.257822
4 2 0.115623 0.178499 0.308766 0.049125 0.347987
