2 0 0.047944 0.084956 0.517250 0.193720 0.156130
2 0 0.029858 0.070725 0.681791 0.209480 0.008146
3 0 0.028347 0.029892 0.232677 0.697733 0.011351
0 0 0.479339 0.073675 0.076603 0.086377 0.284006
0 0 0.713441 0.048642 0.062844 0.098496 0.076576
4 0 0.194056 0.192856 0.198224 0.103794 0.311070
2 0 0.029503 0.117817 0.691825 0.075640 0.085214
2 0 0.054014 0.133933 0.630668 0.101131 0.080254
2 0 0.041213 0.116757 0.670854 0.102756 0.068421
2 0 0.036481 0.104462 0.669038 0.130215 0.059804
4 0 0.213993 0.160375 0.208434 0.017102 0.400096
2 0 0.013693 0.057152 0.726115 0.188386 0.014653
2 0 0.056056 0.092658 0.428299 0.354779 0.068208
2 0 0.055159 0.116776 0.563401 0.072899 0.191764
2 0 0.079067 0.112257 0.453216 0.330465 0.024995
0 0 0.575750 0.034508 0.034585 0.059764 0.295393
4 0 0.259940 0.117151 0.114965 0.087406 0.420539
2 0 0.133250 0.242481 0.387702 0.027069 0.209497
2 0 0.105873 0.115529 0.433845 0.135203 0.209551
4 0 0.283154 0.150569 0.206435 0.076567 0.283274
2 0 0.031987 0.151704 0.619141 0.029528 0.167641
2 0 0.017489 0.082420 0.786427 0.076050 0.037614
2 0 0.021376 0.089782 0.753049 0.093088 0.042705
2 0 0.013144 0.070618 0.683550 0.177436 0.055252
2 0 0.080218 0.149783 0.530783 0.055562 0.183654
2 0 0.010620 0.065680 0.764162 0.123230 0.036308
0 0 0.255380 0.189281 0.248724 0.057535 0.249080
2 0 0.086961 0.159032 0.502563 0.113784 0.137659
2 0 0.013099 0.070485 0.748561 0.109702 0.058152
2 0 0.133408 0.191868 0.536130 0.058235 0.080359
2 0 0.018695 0.089991 0.801142 0.051417 0.038756
2 0 0.029001 0.108544 0.776937 0.057412 0.028106
2 0 0.020693 0.069644 0.670503 0.193288 0.045872
2 0 0.022000 0.092429 0.657500 0.108673 0.119398
2 0 0.017300 0.080214 0.758367 0.115150 0.028969
2 0 0.066100 0.146389 0.464325 0.046576 0.276610
2 0 0.084651 0.168096 0.534347 0.075550 0.137357
2 0 0.024325 0.114693 0.760813 0.046776 0.053393
2 0 0.205202 0.187703 0.352249 0.049994 0.204851
2 0 0.075624 0.137966 0.531982 0.122873 0.131556
0 0 0.320701 0.178882 0.205455 0.087014 0.207948
0 0 0.255148 0.211719 0.238946 0.123568 0.170619
2 0 0.173948 0.238088 0.441769 0.030596 0.115599
2 0 0.240461 0.116927 0.255209 0.233598 0.153806
2 0 0.058148 0.106938 0.681918 0.087683 0.065313
2 0 0.234342 0.181891 0.255545 0.145896 0.182325
2 0 0.027953 0.099139 0.642581 0.142247 0.088079
2 0 0.041020 0.094913 0.544974 0.174581 0.144512
2 0 0.059648 0.094377 0.566907 0.194780 0.084289
2 0 0.010092 0.059840 0.774637 0.131134 0.024297
2 0 0.014709 0.090882 0.799016 0.038963 0.056430
2 0 0.025070 0.114783 0.725660 0.031653 0.102836
2 0 0.029198 0.126222 0.690861 0.023895 0.129824
2 0 0.034331 0.100739 0.642292 0.079755 0.142883
2 0 0.024554 0.107038 0.748926 0.031551 0.087932
2 0 0.023423 0.102954 0.734313 0.042682 0.096627
2 0 0.043662 0.103902 0.669213 0.128515 0.054708
2 0 0.014486 0.067657 0.814378 0.068347 0.035132
2 0 0.089263 0.081687 0.428771 0.227128 0.173151
2 0 0.169857 0.130562 0.352657 0.141093 0.205831
2 0 0.017421 0.053968 0.707546 0.175917 0.045148
2 0 0.097432 0.125685 0.448453 0.103683 0.224747
2 0 0.044494 0.130400 0.672321 0.030136 0.122649
2 0 0.023355 0.097405 0.725626 0.047544 0.106070
2 0 0.033817 0.114583 0.692825 0.044311 0.114464
2 0 0.016018 0.073497 0.810703 0.058080 0.041702
2 0 0.024141 0.073609 0.721074 0.099224 0.081953
2 0 0.027821 0.095692 0.739770 0.066470 0.070247
2 0 0.029267 0.112808 0.694781 0.036056 0.127088
2 0 0.035408 0.111034 0.712325 0.052061 0.089171
2 0 0.138227 0.107998 0.325309 0.104170 0.324297
2 0 0.072330 0.051850 0.475145 0.253279 0.147396
2 0 0.045518 0.092829 0.675007 0.063275 0.123370
2 0 0.023737 0.095285 0.782926 0.050767 0.047286
2 0 0.064723 0.135830 0.630905 0.042879 0.125663
3 0 0.001699 0.004093 0.228840 0.764497 0.000872
2 0 0.108781 0.120005 0.433902 0.131354 0.205958
2 0 0.021650 0.078728 0.749997 0.083334 0.066292
2 0 0.021257 0.061677 0.774030 0.107089 0.035947
2 0 0.019793 0.059509 0.711812 0.197430 0.011456
3 0 0.008140 0.012070 0.301528 0.674415 0.003847
2 0 0.067351 0.090266 0.579185 0.155792 0.107406
2 0 0.030276 0.085560 0.692683 0.096834 0.094647
2 0 0.038850 0.096423 0.667379 0.083336 0.114012
2 0 0.040282 0.082504 0.683622 0.105615 0.087977
2 0 0.026331 0.054366 0.594126 0.309402 0.015776
4 0 0.330227 0.036481 0.036429 0.066696 0.530167
0 0 0.684296 0.045437 0.050946 0.075939 0.143382
4 0 0.208170 0.026683 0.041255 0.044799 0.679092
0 0 0.605274 0.043346 0.088500 0.228264 0.034615
2 0 0.100598 0.153686 0.306650 0.196087 0.242978
2 0 0.089265 0.127642 0.536991 0.033276 0.212827
2 0 0.033369 0.077003 0.684410 0.127825 0.077393
2 0 0.016293 0.060829 0.789254 0.092624 0.041000
2 0 0.053921 0.099798 0.631714 0.105208 0.109358
2 0 0.017784 0.070218 0.787856 0.094593 0.029550
2 0 0.035104 0.082464 0.683709 0.094750 0.103973
2 0 0.030994 0.086393 0.726648 0.113787 0.042178
2 0 0.034389 0.085530 0.725442 0.102494 0.052145
2 0 0.050468 0.112886 0.655989 0.057002 0.123655
2 0 0.029560 0.108558 0.617402 0.062600 0.181879
2 0 0.029901 0.131273 0.670796 0.035287 0.132743
4 0 0.096637 0.127150 0.335487 0.021833 0.418893
2 0 0.038185 0.119220 0.496652 0.073990 0.271954
2 0 0.032143 0.154820 0.607600 0.025775 0.179662
4 0 0.103349 0.193050 0.235327 0.011312 0.456962
0 0 0.429590 0.135411 0.191820 0.148998 0.094180
0 0 0.519765 0.148405 0.223897 0.031130 0.076802
4 0 0.294324 0.070575 0.073941 0.022727 0.538433
2 0 0.230817 0.186685 0.353942 0.157135 0.071421
4 0 0.212840 0.102690 0.102938 0.037652 0.543880
3 0 0.263916 0.099603 0.263507 0.368566 0.004408
0 0 0.840728 0.031925 0.048863 0.068684 0.009799
2 0 0.146016 0.137031 0.394421 0.294387 0.028145
0 0 0.389676 0.121077 0.176334 0.207326 0.105587
2 0 0.093680 0.183699 0.560078 0.048974 0.113568
3 0 0.015159 0.028812 0.282555 0.668844 0.004629
0 0 0.397229 0.177894 0.247903 0.140546 0.036427
0 0 0.443795 0.077923 0.197765 0.157939 0.122577
4 0 0.217056 0.066243 0.130013 0.176728 0.409960
3 0 0.038182 0.016277 0.118235 0.814547 0.012758
3 0 0.194728 0.110228 0.282122 0.388077 0.024844
4 0 0.342359 0.044238 0.062726 0.195432 0.355245
3 0 0.044739 0.017897 0.163990 0.767573 0.005801
3 0 0.018700 0.012115 0.143575 0.824199 0.001411
4 0 0.313280 0.036581 0.055365 0.223370 0.371404
4 0 0.188601 0.038837 0.072267 0.135935 0.564360
3 0 0.177718 0.096194 0.250380 0.410701 0.065007
2 0 0.021924 0.124720 0.695421 0.036097 0.121838
2 0 0.016312 0.106861 0.755747 0.033549 0.087531
2 0 0.017274 0.073950 0.682556 0.170196 0.056023
2 0 0.028046 0.146853 0.625364 0.023108 0.176628
2 0 0.026768 0.144130 0.658100 0.022715 0.148288
2 0 0.022363 0.133725 0.649418 0.023947 0.170548
2 0 0.027035 0.151033 0.598863 0.016020 0.207049
2 0 0.042554 0.184570 0.528353 0.012599 0.231924
2 0 0.046133 0.192098 0.578449 0.012168 0.171152
2 0 0.026090 0.136833 0.667327 0.031084 0.138665
2 0 0.029547 0.155183 0.618430 0.016933 0.179907
2 0 0.024180 0.137869 0.643681 0.025495 0.168775
2 0 0.025681 0.146069 0.614693 0.018289 0.195269
2 0 0.029363 0.153417 0.534980 0.015882 0.266358
2 1 0.023445 0.141586 0.572754 0.018227 0.243988
2 1 0.027509 0.151458 0.527299 0.015134 0.278600
2 1 0.025882 0.150135 0.578674 0.014194 0.231115
4 1 0.068242 0.119430 0.328495 0.041771 0.442062
2 0 0.104111 0.237898 0.361061 0.014659 0.282271
2 1 0.042219 0.184677 0.388733 0.006286 0.378086
2 1 0.034946 0.169978 0.470991 0.010188 0.313898
2 2 0.026627 0.142739 0.596242 0.024708 0.209684
2 2 0.097724 0.182940 0.357438 0.015557 0.346341
2 2 0.043567 0.134358 0.624773 0.067214 0.130087
2 2 0.034425 0.117120 0.596376 0.139895 0.112184
2 2 0.073821 0.144905 0.493183 0.139344 0.148748
2 2 0.058104 0.178917 0.646447 0.030946 0.085585
2 2 0.104084 0.168201 0.393767 0.064087 0.269862
2 2 0.024483 0.123476 0.636860 0.058884 0.156297
2 2 0.028556 0.138142 0.710543 0.028538 0.094222
2 2 0.035350 0.141955 0.668594 0.050658 0.103442
2 2 0.060863 0.143786 0.506293 0.073709 0.215350
2 2 0.027729 0.118460 0.666360 0.090659 0.096793
2 2 0.080207 0.190122 0.595872 0.042775 0.091024
2 2 0.040421 0.089017 0.477010 0.234788 0.158765
2 2 0.018848 0.084041 0.715249 0.136891 0.044972
2 2 0.094935 0.195242 0.546781 0.070574 0.092468
2 2 0.020281 0.057161 0.657010 0.232722 0.032825
2 2 0.100247 0.180824 0.616268 0.028836 0.073826
2 3 0.070426 0.164189 0.566164 0.075539 0.123683
2 3 0.037465 0.107341 0.477600 0.278743 0.098850
2 3 0.064665 0.123342 0.537220 0.185680 0.089093
2 3 0.054064 0.135424 0.654582 0.107527 0.048403
2 3 0.123043 0.148118 0.495777 0.172031 0.061031
3 3 0.044161 0.035992 0.270035 0.638497 0.011315
2 3 0.125418 0.113481 0.448331 0.258027 0.054744
2 3 0.143378 0.206788 0.467364 0.104935 0.077535
3 3 0.061372 0.072876 0.353844 0.448657 0.063250
2 3 0.187434 0.181487 0.338481 0.027727 0.264872
2 3 0.163994 0.153639 0.403002 0.207311 0.072055
3 3 0.015684 0.019308 0.254262 0.706822 0.003924
3 3 0.098843 0.102195 0.302359 0.430149 0.066453
2 3 0.046467 0.104641 0.596081 0.183836 0.068975
3 3 0.013798 0.020622 0.255455 0.703456 0.006669
3 3 0.027288 0.042745 0.373915 0.526325 0.029726
3 3 0.014035 0.035287 0.415793 0.529576 0.005309
2 3 0.133356 0.087762 0.328137 0.319826 0.130920
2 3 0.041650 0.051804 0.468192 0.426306 0.012048
2 3 0.098075 0.102390 0.529261 0.141508 0.128766
3 3 0.002357 0.003588 0.142862 0.849986 0.001207
0 2 0.464653 0.153956 0.224005 0.133862 0.023525
0 2 0.314711 0.109371 0.243160 0.247615 0.085143
2 2 0.066469 0.191950 0.551759 0.032118 0.157704
2 2 0.131711 0.200082 0.402958 0.036473 0.228776
2 2 0.026709 0.055201 0.452251 0.435826 0.030013
4 2 0.209363 0.039796 0.040739 0.007794 0.702308
4 1 0.260517 0.093340 0.089006 0.076489 0.480648
4 2 0.111515 0.223075 0.274990 0.009970 0.380451
2 2 0.140483 0.183914 0.457203 0.021241 0.197158
2 2 0.197273 0.131285 0.321930 0.064365 0.285147
2 2 0.061949 0.162217 0.606277 0.049348 0.120210
2 2 0.036680 0.131839 0.670499 0.082287 0.078695
4 2 0.062234 0.192486 0.233796 0.003900 0.507584
4 2 0.060798 0.192072 0.260440 0.005190 0.481501
4 2 0.063939 0.177866 0.227284 0.003847 0.527063
4 2 0.068011 0.193773 0.231781 0.005036 0.501399
2 2 0.035520 0.135573 0.557635 0.070580 0.200692
2 2 0.063268 0.198777 0.481664 0.019793 0.236498
4 2 0.085088 0.200387 0.233600 0.008954 0.471972
4 2 0.066351 0.193430 0.232364 0.004689 0.503166
2 3 0.071155 0.186761 0.454905 0.023835 0.263343
2 3 0.075714 0.168224 0.529999 0.049105 0.176960
2 3 0.015941 0.058308 0.672132 0.237726 0.015893
2 3 0.071065 0.165203 0.538967 0.102814 0.121950
2 3 0.057996 0.146324 0.635697 0.091152 0.068831
2 3 0.037980 0.144314 0.631521 0.066208 0.119978
2 3 0.081217 0.158148 0.536782 0.084691 0.139162
2 3 0.098110 0.164456 0.549290 0.130266 0.057879
4 3 0.154314 0.203346 0.298331 0.037572 0.306437
2 3 0.177653 0.205946 0.315227 0.118691 0.182484
2 3 0.074730 0.151057 0.535749 0.157933 0.080532
2 3 0.164008 0.186209 0.332239 0.120649 0.196895
0 3 0.360118 0.124359 0.170848 0.182397 0.162278
4 3 0.127486 0.079204 0.212647 0.198506 0.382157
2 3 0.223468 0.225693 0.392307 0.092107 0.066424
3 3 0.049027 0.042073 0.199017 0.688834 0.021049
2 3 0.231665 0.203586 0.367636 0.107143 0.089971
2 3 0.157493 0.160535 0.437692 0.094994 0.149285
2 3 0.119924 0.112375 0.355004 0.336528 0.076169
2 3 0.232984 0.149725 0.305066 0.149947 0.162277
2 3 0.129358 0.157023 0.440515 0.236019 0.037086
3 3 0.124328 0.059562 0.176530 0.621976 0.017605
0 2 0.459050 0.090577 0.103235 0.040021 0.307117
4 2 0.188092 0.174109 0.259933 0.051904 0.325962
3 2 0.045630 0.039614 0.226345 0.668036 0.020374
2 3 0.014837 0.057674 0.576481 0.316226 0.034782
4 3 0.106368 0.164084 0.250252 0.029706 0.449590
2 3 0.101147 0.203824 0.576939 0.040248 0.077842
0 3 0.244154 0.211793 0.236146 0.116433 0.191474
2 3 0.206595 0.248049 0.385661 0.041835 0.117861
4 3 0.269192 0.129718 0.131272 0.096896 0.372921
4 3 0.155573 0.225693 0.258619 0.033528 0.326587
2 3 0.248633 0.238597 0.307654 0.074889 0.130227
0 3 0.345495 0.109928 0.194683 0.286947 0.062946
4 3 0.205397 0.119802 0.120014 0.047017 0.507770
0 3 0.425921 0.102112 0.137712 0.151150 0.183105
0 3 0.310737 0.172616 0.200921 0.055298 0.260428
4 3 0.336221 0.075230 0.074446 0.057836 0.456268
3 3 0.152842 0.050719 0.243355 0.502281 0.050803
0 3 0.373120 0.126815 0.145035 0.059088 0.295941
3 3 0.005019 0.003905 0.068166 0.919802 0.003109
3 3 0.204538 0.078370 0.214872 0.435889 0.066330
3 3 0.009113 0.022271 0.283717 0.674919 0.009981
3 3 0.022296 0.029316 0.274717 0.594990 0.078681
2 3 0.152630 0.240964 0.345179 0.024791 0.236436
4 3 0.170175 0.099113 0.226190 0.062223 0.442300
2 3 0.010430 0.022598 0.513836 0.448082 0.005054
3 3 0.093712 0.073660 0.267325 0.533590 0.031713
2 3 0.039322 0.067373 0.429920 0.425473 0.037912
2 3 0.089565 0.133839 0.401325 0.195960 0.179312
2 3 0.173016 0.208977 0.401448 0.110144 0.106415
4 3 0.104028 0.065285 0.198620 0.291079 0.340988
2 3 0.142552 0.143770 0.450052 0.092110 0.171516
2 3 0.086863 0.096378 0.546627 0.187358 0.082775
2 3 0.216576 0.212162 0.279150 0.102819 0.189293
3 3 0.251582 0.091566 0.141460 0.277571 0.237821
2 3 0.091432 0.120063 0.573287 0.187631 0.027586
2 3 0.226995 0.201757 0.438013 0.058134 0.075101
2 3 0.065701 0.116237 0.603296 0.130985 0.083781
2 3 0.152619 0.140106 0.415258 0.207037 0.084980
2 3 0.158767 0.203516 0.394094 0.137427 0.106195
2 3 0.027402 0.063849 0.544394 0.351249 0.013106
2 3 0.125527 0.195405 0.401612 0.063288 0.214169
2 3 0.123143 0.105810 0.421625 0.169228 0.180193
2 3 0.209354 0.148763 0.283012 0.207022 0.151849
4 3 0.124388 0.212626 0.256542 0.028624 0.377820
2 3 0.017947 0.050820 0.625446 0.298912 0.006876
2 2 0.259979 0.129446 0.317490 0.260396 0.032689
2 2 0.187540 0.219380 0.306869 0.016683 0.269529
0 1 0.598984 0.099598 0.129046 0.114584 0.057789
0 2 0.496830 0.123386 0.168948 0.136297 0.074539
4 2 0.129811 0.194460 0.206317 0.035525 0.433887
4 2 0.100637 0.227658 0.280944 0.009075 0.381685
4 2 0.147116 0.226483 0.261801 0.028341 0.336260
4 2 0.226773 0.188229 0.222701 0.028760 0.333536
4 2 0.189209 0.090034 0.117207 0.183922 0.419628
2 2 0.101574 0.204679 0.450218 0.026944 0.216586
4 2 0.128786 0.145141 0.189744 0.053192 0.483138
4 2 0.076152 0.214727 0.268680 0.004848 0.435592
2 2 0.053155 0.186334 0.498610 0.018809 0.243091
4 2 0.127099 0.212040 0.254670 0.013247 0.392944
4 2 0.137479 0.213015 0.263999 0.011311 0.374196
2 2 0.088568 0.218016 0.384613 0.018299 0.290505
4 2 0.074860 0.194762 0.262948 0.010356 0.457073
2 2 0.140780 0.215401 0.325742 0.059324 0.258753
4 2 0.107086 0.174486 0.272533 0.055227 0.390668
2 2 0.066726 0.090641 0.433990 0.335348 0.073295
4 2 0.081809 0.151758 0.308310 0.024138 0.433986
4 2 0.065560 0.170375 0.237705 0.007587 0.518772
0 2 0.275044 0.172066 0.230814 0.080613 0.241464
4 2 0.143093 0.162650 0.194588 0.008925 0.490744
4 2 0.082079 0.195894 0.226702 0.008713 0.486612
3 2 0.178246 0.075144 0.238144 0.473316 0.035151
2 2 0.096852 0.133647 0.497541 0.217334 0.054626
2 2 0.198624 0.183938 0.340454 0.197221 0.079763
4 2 0.257479 0.158348 0.248361 0.054429 0.281383
3 2 0.131902 0.097028 0.204177 0.473321 0.093572
2 2 0.047218 0.102029 0.668367 0.164611 0.017776
2 2 0.014479 0.045107 0.529706 0.377367 0.033341
2 2 0.026369 0.085517 0.712868 0.154376 0.020870
2 2 0.073884 0.182380 0.463866 0.082691 0.197178
2 2 0.089618 0.106757 0.526751 0.228833 0.048042
2 2 0.058248 0.138262 0.635978 0.041360 0.126153
2 2 0.095032 0.109166 0.403868 0.125533 0.266401
2 2 0.070382 0.172630 0.534307 0.047690 0.174991
4 4 0.242158 0.114114 0.231018 0.050859 0.361851
0 4 0.579294 0.080187 0.091415 0.098778 0.150326
2 4 0.067871 0.132783 0.442835 0.257572 0.098939
2 4 0.038095 0.141198 0.632887 0.071842 0.115978
4 4 0.132280 0.085685 0.154238 0.058157 0.569640
2 4 0.080752 0.198880 0.360138 0.019631 0.340599
2 4 0.031631 0.096125 0.672884 0.159965 0.039396
4 4 0.104812 0.122355 0.285822 0.092828 0.394182
2 4 0.064718 0.185251 0.619764 0.031266 0.099001
2 4 0.139586 0.251984 0.407645 0.008189 0.192596
4 4 0.101941 0.128421 0.229361 0.013087 0.527189
4 4 0.140690 0.102805 0.130687 0.022942 0.602876
2 4 0.046022 0.161406 0.638683 0.034392 0.119497
2 4 0.041619 0.137672 0.540074 0.062650 0.217985
2 4 0.051262 0.147561 0.591642 0.060544 0.148991
2 4 0.089331 0.166221 0.433111 0.036213 0.275124
2 4 0.099457 0.168496 0.522453 0.123687 0.085908
2 4 0.062013 0.157419 0.637908 0.078078 0.064583
2 4 0.045909 0.170072 0.560947 0.036527 0.186545
2 4 0.038221 0.146903 0.674119 0.046027 0.094731
4 4 0.203831 0.100481 0.133872 0.027199 0.534617
4 4 0.362093 0.086793 0.086682 0.081952 0.382480
4 4 0.198339 0.136547 0.136284 0.059585 0.469243
2 4 0.156205 0.157661 0.246288 0.231733 0.208113
4 4 0.094490 0.200188 0.304623 0.029397 0.371301
2 4 0.023413 0.108218 0.685336 0.101878 0.081155
4 4 0.172544 0.179357 0.178243 0.094537 0.375320
2 4 0.053814 0.162284 0.572165 0.054693 0.157044
2 4 0.079746 0.118629 0.414219 0.213221 0.174185
2 4 0.053330 0.083692 0.567576 0.257537 0.037865
4 4 0.196965 0.164726 0.225184 0.088855 0.324269
0 2 0.536288 0.045174 0.090534 0.234654 0.093349
4 2 0.184955 0.209005 0.226264 0.065457 0.314320
2 2 0.055632 0.159868 0.678565 0.035149 0.070787
4 2 0.183900 0.102448 0.144518 0.219440 0.349695
3 2 0.246385 0.104793 0.231432 0.336828 0.080562
0 2 0.405133 0.161569 0.194577 0.128497 0.110224
2 2 0.104001 0.165961 0.409230 0.098024 0.222784
2 2 0.273309 0.160313 0.289857 0.197095 0.079426
2 2 0.101503 0.192689 0.358771 0.088564 0.258473
2 2 0.061764 0.083985 0.493190 0.332088 0.028973
4 2 0.092896 0.238932 0.311730 0.005744 0.350698
2 2 0.061070 0.205931 0.365964 0.007283 0.359751
2 2 0.065109 0.213660 0.441107 0.009715 0.270409
2 2 0.058829 0.194868 0.544922 0.018161 0.183221
2 2 0.079895 0.214671 0.573154 0.021310 0.110970
4 2 0.088550 0.213433 0.314104 0.013976 0.369937
2 2 0.044415 0.135687 0.626429 0.095840 0.097628
4 2 0.080906 0.146238 0.264892 0.014031 0.493932
4 2 0.124241 0.118452 0.162489 0.031050 0.563768
4 2 0.130939 0.190894 0.226550 0.055024 0.396592
2 2 0.056329 0.184583 0.430897 0.020520 0.307671
4 2 0.130112 0.183184 0.319559 0.027954 0.339191
2 2 0.069760 0.223247 0.449866 0.008285 0.248842
2 2 0.037822 0.119600 0.618896 0.138562 0.085119
2 2 0.148415 0.156623 0.391010 0.247656 0.056296
3 2 0.035735 0.040902 0.325874 0.582009 0.015481
4 2 0.179371 0.189530 0.222082 0.021156 0.387862
0 3 0.364916 0.121973 0.180724 0.159724 0.172661
2 3 0.135816 0.228837 0.330778 0.034390 0.270180
2 3 0.012437 0.050704 0.632900 0.290314 0.013646
0 3 0.350020 0.145097 0.233202 0.142769 0.128912
4 3 0.152835 0.131600 0.139880 0.020005 0.555679
2 3 0.069831 0.195566 0.446676 0.029237 0.258689
2 3 0.115232 0.129082 0.342498 0.206032 0.207156
3 3 0.051577 0.045483 0.304985 0.554265 0.043689
3 3 0.053524 0.066101 0.343602 0.494145 0.042628
0 3 0.301608 0.148014 0.250503 0.187766 0.112109
4 3 0.283953 0.076588 0.132304 0.182690 0.324466
4 3 0.226495 0.153283 0.172713 0.028089 0.419420
0 3 0.371417 0.074553 0.128275 0.305439 0.120316
2 3 0.209491 0.189710 0.283946 0.124340 0.192513
2 3 0.070243 0.105325 0.400086 0.383227 0.041120
3 3 0.050619 0.055285 0.215205 0.631792 0.047098
2 3 0.210104 0.206781 0.288507 0.128384 0.166225
2 3 0.199375 0.159756 0.363755 0.247920 0.029194
3 3 0.168326 0.132049 0.277730 0.385256 0.036639
2 3 0.030073 0.098016 0.472497 0.242603 0.156810
0 3 0.373841 0.111619 0.159141 0.209670 0.145729
3 3 0.102315 0.062086 0.295439 0.523244 0.016917
4 3 0.220834 0.083366 0.158588 0.234655 0.302556
4 3 0.304659 0.134905 0.153479 0.033925 0.373033
0 3 0.297484 0.136584 0.154622 0.118241 0.293069
0 3 0.298757 0.203224 0.298593 0.049359 0.150066
3 3 0.119022 0.068234 0.190229 0.582281 0.040234
2 3 0.207221 0.177270 0.352456 0.151194 0.111860
4 3 0.218275 0.121849 0.119755 0.065980 0.474141
2 3 0.221660 0.082398 0.272705 0.248196 0.175041
3 3 0.113429 0.098104 0.251810 0.440561 0.096095
2 3 0.075049 0.133386 0.632724 0.123960 0.034881
2 3 0.192196 0.113986 0.496285 0.165778 0.031755
2 3 0.139257 0.151760 0.525645 0.128791 0.054546
2 3 0.283878 0.131203 0.290489 0.132719 0.161710
3 3 0.086306 0.064182 0.361746 0.460938 0.026828
3 3 0.135482 0.032887 0.132134 0.650484 0.049013
3 3 0.159297 0.072463 0.209149 0.405934 0.153157
2 3 0.032520 0.058804 0.581477 0.302977 0.024222
2 3 0.094005 0.158176 0.569471 0.068071 0.110278
2 3 0.302013 0.165240 0.304337 0.078644 0.149766
3 3 0.163951 0.049733 0.214917 0.535714 0.035686
0 3 0.582164 0.038451 0.075663 0.263712 0.040009
2 3 0.222884 0.160650 0.353450 0.181017 0.081999
3 3 0.134144 0.038416 0.106636 0.485496 0.235307
2 1 0.265683 0.189105 0.280917 0.200620 0.063676
3 2 0.244553 0.095207 0.197755 0.281143 0.181342
2 2 0.038489 0.098921 0.652745 0.173401 0.036444
0 1 0.375854 0.136016 0.173463 0.161181 0.153487
4 1 0.187878 0.072639 0.113146 0.026305 0.600033
2 2 0.136121 0.145430 0.349534 0.075467 0.293448
2 2 0.053550 0.109542 0.547134 0.125160 0.164615
2 2 0.077420 0.116003 0.559091 0.141277 0.106209
2 2 0.099709 0.178920 0.482312 0.043182 0.195878
4 2 0.151495 0.135622 0.193745 0.009497 0.509641
4 2 0.111556 0.173154 0.209491 0.006578 0.499221
2 2 0.074194 0.223527 0.369459 0.007592 0.325227
4 2 0.043502 0.183219 0.374133 0.006941 0.392206
2 2 0.032693 0.138823 0.723726 0.034233 0.070525
2 2 0.035134 0.160343 0.521315 0.018984 0.264223
2 2 0.021867 0.111063 0.717593 0.049209 0.100267
2 2 0.024348 0.117549 0.591799 0.077681 0.188623
2 2 0.039902 0.140905 0.544291 0.070731 0.204171
2 2 0.032427 0.108342 0.675820 0.079150 0.104261
2 2 0.061724 0.217063 0.456244 0.007854 0.257116
2 2 0.023152 0.113023 0.732321 0.054631 0.076873
2 2 0.018216 0.092532 0.766928 0.074493 0.047831
2 2 0.068830 0.212982 0.394815 0.012357 0.311015
0 2 0.338059 0.177766 0.238213 0.163058 0.082904
2 2 0.030579 0.142750 0.614379 0.034769 0.177523
2 2 0.040128 0.167326 0.601547 0.024327 0.166673
2 2 0.012077 0.071124 0.803606 0.081381 0.031811
2 2 0.061071 0.215899 0.514900 0.009841 0.198290
2 2 0.028816 0.117306 0.652886 0.072358 0.128635
2 2 0.028675 0.145488 0.710643 0.017793 0.097401
4 2 0.042906 0.179754 0.371825 0.007172 0.398344
0 2 0.319886 0.209325 0.267199 0.135933 0.067656
0 2 0.398492 0.157842 0.185557 0.125699 0.132410
2 2 0.156835 0.179805 0.317135 0.188689 0.157536
2 2 0.021905 0.051907 0.583588 0.313460 0.029141
2 2 0.125383 0.159886 0.405081 0.038562 0.271088
0 2 0.651792 0.063446 0.073813 0.090623 0.120327
0 1 0.471376 0.118465 0.200550 0.188836 0.020772
2 2 0.079579 0.198840 0.543069 0.041569 0.136943
2 2 0.089508 0.152313 0.405117 0.085351 0.267711
2 2 0.037408 0.101402 0.673623 0.134193 0.053374
2 2 0.043768 0.077847 0.608267 0.237848 0.032270
2 2 0.030665 0.080333 0.708547 0.144438 0.036017
2 2 0.141219 0.171587 0.454318 0.045539 0.187337
2 2 0.068593 0.170290 0.386654 0.031622 0.342841
2 2 0.057160 0.104125 0.544310 0.144005 0.150400
2 2 0.024906 0.137695 0.674415 0.025441 0.137543
2 2 0.065137 0.119547 0.602004 0.129005 0.084307
2 2 0.041286 0.119891 0.656344 0.068987 0.113492
2 2 0.065766 0.182921 0.384610 0.019797 0.346906
2 2 0.032415 0.071428 0.649128 0.206463 0.040567
2 2 0.025105 0.102631 0.704506 0.077224 0.090534
2 2 0.052189 0.172134 0.538536 0.048101 0.189041
4 2 0.286561 0.073362 0.069049 0.069101 0.501927
2 2 0.083161 0.157210 0.492509 0.065022 0.202098
2 2 0.051369 0.123924 0.609540 0.094679 0.120489
2 2 0.101528 0.202821 0.385893 0.046588 0.263171
2 2 0.020437 0.097914 0.721200 0.073433 0.087017
2 2 0.010856 0.060866 0.771004 0.137568 0.019705
2 2 0.010644 0.037812 0.601249 0.319355 0.030941
2 2 0.046843 0.111645 0.640324 0.149586 0.051602
2 2 0.033171 0.126407 0.676137 0.084529 0.079756
2 2 0.051360 0.133052 0.676193 0.072650 0.066745
2 2 0.141481 0.201141 0.462816 0.048867 0.145694
2 2 0.055691 0.122163 0.452330 0.030187 0.339630
2 2 0.065222 0.145086 0.545692 0.053636 0.190364
2 2 0.042803 0.101152 0.710379 0.083537 0.062128
0 2 0.272781 0.081336 0.121295 0.252688 0.271900
0 2 0.297263 0.199932 0.231753 0.127579 0.143473
2 2 0.065371 0.132710 0.547392 0.048937 0.205591
2 2 0.039332 0.127648 0.691285 0.069415 0.072320
0 2 0.334846 0.175094 0.257639 0.158869 0.073551
0 2 0.389021 0.181576 0.276154 0.137251 0.015998
2 2 0.074574 0.166037 0.483314 0.048246 0.227830
4 1 0.357949 0.032312 0.029207 0.046875 0.533656
0 2 0.319665 0.061973 0.104608 0.313054 0.200701
2 2 0.137060 0.093295 0.325715 0.222897 0.221033
0 2 0.366315 0.097080 0.162957 0.100369 0.273278
2 2 0.224631 0.166598 0.330766 0.038838 0.239167
2 2 0.100033 0.108826 0.348860 0.222581 0.219700
2 2 0.109536 0.160853 0.526811 0.088934 0.113867
2 2 0.059532 0.111546 0.533503 0.087983 0.207435
2 2 0.040769 0.105141 0.585987 0.112413 0.155691
2 2 0.009153 0.066548 0.764766 0.107866 0.051667
4 2 0.223357 0.206096 0.230147 0.068348 0.272051
4 2 0.174397 0.200727 0.257597 0.074683 0.292596
4 2 0.110957 0.155285 0.173670 0.010939 0.549150
2 2 0.059107 0.179916 0.377084 0.009870 0.374022
4 2 0.104119 0.157222 0.295012 0.117843 0.325804
2 2 0.042106 0.123468 0.633109 0.084419 0.116897
4 2 0.063658 0.178233 0.266716 0.013062 0.478332
2 2 0.068078 0.124448 0.508888 0.237152 0.061434
2 2 0.102987 0.112177 0.374786 0.255917 0.154134
4 2 0.121361 0.194483 0.285078 0.012095 0.386984
4 2 0.154078 0.181679 0.208952 0.029012 0.426280
2 2 0.056126 0.158475 0.492151 0.086789 0.206459
4 2 0.132993 0.219793 0.301600 0.008387 0.337226
2 2 0.138095 0.187831 0.346179 0.054590 0.273304
2 2 0.121298 0.197058 0.387614 0.076053 0.217977
2 2 0.121716 0.181855 0.350717 0.122199 0.223513
2 2 0.187166 0.220452 0.296873 0.083100 0.212409
2 2 0.072927 0.140753 0.627030 0.091538 0.067751
2 2 0.052728 0.068544 0.497138 0.318885 0.062705
0 2 0.270650 0.218528 0.257335 0.116389 0.137098
2 2 0.174779 0.272607 0.383842 0.016574 0.152199
2 2 0.077657 0.171326 0.572293 0.096092 0.082632
4 2 0.114502 0.147108 0.261805 0.034380 0.442204
2 2 0.045418 0.154082 0.580696 0.054839 0.164965
2 2 0.056552 0.129372 0.619846 0.157151 0.037080
2 2 0.224153 0.217052 0.306675 0.027775 0.224345
4 2 0.089376 0.183664 0.328597 0.011122 0.387241
2 2 0.097272 0.144705 0.550627 0.117558 0.089838
2 2 0.039758 0.103463 0.670078 0.128036 0.058665
2 2 0.060804 0.125534 0.531293 0.210037 0.072331
3 2 0.211328 0.115391 0.234678 0.320588 0.118015
2 2 0.028869 0.084353 0.549899 0.289249 0.047630
2 2 0.024647 0.065570 0.500925 0.388040 0.020819
4 2 0.181611 0.120392 0.131657 0.016637 0.549704
4 2 0.189732 0.116153 0.118766 0.031978 0.543370
2 2 0.205671 0.193286 0.309949 0.031641 0.259453
2 3 0.102043 0.140986 0.405553 0.142525 0.208894
3 3 0.115656 0.085336 0.165201 0.439313 0.194493
0 3 0.286408 0.220637 0.269430 0.114871 0.108653
4 3 0.205922 0.143438 0.140351 0.089243 0.421045
2 3 0.128414 0.119515 0.368373 0.265809 0.117890
2 3 0.270841 0.180751 0.306397 0.096017 0.145993
2 3 0.223909 0.184203 0.443000 0.080812 0.068076
0 3 0.353544 0.046654 0.089242 0.247889 0.262671
0 3 0.505111 0.081680 0.133132 0.219328 0.060749
2 3 0.166990 0.107982 0.307817 0.250179 0.167032
4 3 0.173049 0.110919 0.194509 0.128722 0.392800
3 3 0.028491 0.021164 0.132466 0.806667 0.011212
3 3 0.039556 0.066629 0.421357 0.454738 0.017720
3 3 0.127909 0.058850 0.196349 0.451586 0.165306
3 3 0.006694 0.024385 0.431890 0.518843 0.018188
2 3 0.076739 0.105461 0.309642 0.223585 0.284573
3 3 0.022680 0.031013 0.288278 0.650846 0.007182
2 3 0.027416 0.086466 0.676864 0.172295 0.036960
2 3 0.101425 0.188595 0.453451 0.099810 0.156719
3 3 0.091806 0.076484 0.321676 0.464462 0.045572
3 3 0.235701 0.076027 0.207388 0.433160 0.047723
0 3 0.651880 0.083647 0.110709 0.107353 0.046411
0 0 0.304400 0.094200 0.217880 0.249114 0.134406
2 0 0.051931 0.089134 0.475118 0.317338 0.066478
2 0 0.057447 0.119000 0.701215 0.065216 0.057122
2 0 0.043285 0.090288 0.603366 0.237556 0.025505
3 0 0.180112 0.083474 0.187484 0.491225 0.057705
0 0 0.452949 0.156017 0.206498 0.132683 0.051853
4 0 0.287333 0.044090 0.056851 0.017362 0.594363
2 0 0.247320 0.212198 0.271544 0.058524 0.210415
0 0 0.392497 0.162579 0.193706 0.090530 0.160688
2 0 0.071579 0.164272 0.609010 0.051815 0.103324
2 0 0.032209 0.136807 0.687890 0.044385 0.098708
2 1 0.119803 0.211100 0.346014 0.021209 0.301874
2 1 0.022749 0.107994 0.593513 0.047099 0.228646
2 1 0.026910 0.147562 0.606191 0.020371 0.198966
0 0 0.519127 0.128390 0.166194 0.125176 0.061113
2 0 0.194152 0.146863 0.273940 0.224559 0.160487
2 0 0.087669 0.170301 0.389996 0.125243 0.226791
4 0 0.060056 0.154961 0.374293 0.026934 0.383755
0 0 0.355582 0.165829 0.188912 0.123127 0.166550
0 0 0.401592 0.139331 0.156285 0.116909 0.185883
2 0 0.034737 0.094462 0.712873 0.117642 0.040286
2 0 0.095190 0.150217 0.412324 0.138363 0.203905
2 0 0.106954 0.210808 0.424256 0.038767 0.219214
2 0 0.072577 0.164189 0.597884 0.085373 0.079976
4 0 0.102582 0.149953 0.306303 0.039025 0.402137
2 0 0.169677 0.140791 0.362761 0.093770 0.233001
3 0 0.009020 0.017363 0.330123 0.625039 0.018455
2 0 0.058487 0.173589 0.555426 0.026719 0.185779
2 0 0.031851 0.140874 0.663131 0.043754 0.120390
2 0 0.029114 0.136420 0.642887 0.047998 0.143580
2 0 0.050252 0.196656 0.509409 0.010349 0.233334
2 1 0.043151 0.173797 0.468871 0.023101 0.291080
4 1 0.073437 0.183239 0.325765 0.021283 0.396276
2 1 0.059145 0.192798 0.372515 0.015039 0.360503
2 1 0.033988 0.085028 0.715119 0.096883 0.068982
2 1 0.043650 0.185419 0.548145 0.010653 0.212133
2 2 0.059878 0.173255 0.595806 0.036145 0.134915
2 1 0.049106 0.184320 0.446225 0.010839 0.309509
2 1 0.076457 0.153388 0.476904 0.033291 0.259960
4 1 0.074393 0.113985 0.327711 0.059784 0.424127
2 1 0.096267 0.162666 0.493109 0.072595 0.175362
2 1 0.041443 0.175678 0.574005 0.017104 0.191771
0 1 0.612568 0.059305 0.083978 0.150206 0.093943
0 1 0.487284 0.088458 0.096407 0.080989 0.246864
4 1 0.160858 0.184977 0.247636 0.110518 0.296011
0 2 0.545894 0.100405 0.125866 0.104304 0.123531
4 2 0.218601 0.129005 0.179116 0.030748 0.442530
2 2 0.055929 0.171636 0.626167 0.036080 0.110188
2 2 0.088540 0.221273 0.382701 0.021103 0.286383
2 2 0.154163 0.235692 0.374251 0.042628 0.193265
4 2 0.162509 0.187194 0.198315 0.046721 0.405261
2 2 0.057369 0.167738 0.563375 0.073474 0.138044
2 2 0.078083 0.208162 0.505921 0.022238 0.185597
2 2 0.068163 0.120273 0.421278 0.286101 0.104184
3 2 0.035355 0.080051 0.402075 0.429699 0.052819
2 2 0.149357 0.204861 0.330710 0.096479 0.218593
2 2 0.050756 0.115687 0.674541 0.110770 0.048246
2 2 0.095311 0.167337 0.469890 0.118163 0.149299
2 2 0.235447 0.240750 0.294202 0.064268 0.165333
2 2 0.087136 0.176465 0.422553 0.051868 0.261978
2 2 0.069701 0.192415 0.577110 0.039631 0.121143
2 2 0.066943 0.171264 0.499204 0.083900 0.178689
4 2 0.079030 0.223722 0.288874 0.004774 0.403600
2 2 0.071208 0.187561 0.519086 0.057134 0.165010
0 2 0.246549 0.136263 0.196119 0.231562 0.189506
2 2 0.199269 0.230711 0.268438 0.051624 0.249958
2 2 0.058395 0.194934 0.473302 0.018654 0.254715
2 2 0.082948 0.082423 0.422589 0.322028 0.090013
3 2 0.040276 0.066369 0.343936 0.530491 0.018928
3 2 0.046682 0.076580 0.303008 0.526852 0.046878
2 2 0.100920 0.164139 0.397419 0.174873 0.162649
3 2 0.040450 0.071980 0.408002 0.451587 0.027981
2 2 0.116069 0.192875 0.422578 0.130167 0.138312
2 2 0.108226 0.152132 0.459631 0.121579 0.158432
3 2 0.140325 0.098690 0.233586 0.491683 0.035716
2 2 0.083268 0.124142 0.375431 0.327794 0.089365
3 2 0.120648 0.088035 0.253928 0.324099 0.213290
4 2 0.096272 0.195648 0.252492 0.022077 0.433512
4 2 0.182372 0.218115 0.273262 0.017301 0.308950
2 2 0.175196 0.214762 0.405893 0.067638 0.136511
2 2 0.246060 0.253847 0.353232 0.031227 0.115634
0 2 0.418246 0.134172 0.220208 0.123762 0.103612
2 2 0.058382 0.093531 0.444848 0.302990 0.100249
3 2 0.059179 0.074538 0.340812 0.420663 0.104808
2 2 0.095655 0.159775 0.560998 0.139900 0.043671
3 2 0.055027 0.082364 0.368853 0.390926 0.102829
2 2 0.071754 0.099808 0.413025 0.382769 0.032644
4 2 0.229391 0.169942 0.174439 0.103365 0.322863
4 2 0.166680 0.170310 0.185367 0.057083 0.420559
0 2 0.328926 0.211126 0.270557 0.075051 0.114341
4 2 0.136226 0.236040 0.284770 0.019127 0.323837
2 2 0.023028 0.069457 0.589326 0.297127 0.021062
2 2 0.044726 0.114749 0.654558 0.133377 0.052590
2 2 0.023273 0.087048 0.680849 0.126736 0.082094
2 2 0.030027 0.056449 0.629056 0.250697 0.033771
2 2 0.053865 0.098290 0.562010 0.243647 0.042189
2 2 0.081266 0.108995 0.449105 0.084468 0.276166
2 2 0.031434 0.127470 0.663404 0.035895 0.141796
2 2 0.009482 0.032486 0.473182 0.460103 0.024746
2 2 0.054916 0.101568 0.567751 0.171800 0.103965
4 2 0.156043 0.094890 0.205483 0.103745 0.439839
2 2 0.269982 0.221907 0.363398 0.058465 0.086248
3 1 0.142690 0.098759 0.315063 0.377456 0.066033
2 1 0.266980 0.157136 0.374561 0.123080 0.078244
4 1 0.219433 0.079651 0.147070 0.163053 0.390793
4 1 0.235370 0.072343 0.081849 0.071015 0.539422
4 1 0.291791 0.069666 0.065393 0.067544 0.505605
4 2 0.232568 0.142896 0.263300 0.045408 0.315829
2 2 0.117596 0.131857 0.390864 0.313972 0.045711
2 1 0.079561 0.219938 0.468654 0.022874 0.208973
2 1 0.159324 0.240972 0.290537 0.026937 0.282229
0 0 0.801076 0.041850 0.074416 0.079577 0.003080
2 0 0.143266 0.211155 0.312283 0.032197 0.301099
2 0 0.051512 0.137795 0.577369 0.041392 0.191932
2 0 0.041136 0.118480 0.692214 0.062913 0.085257
3 0 0.054926 0.040089 0.244558 0.659059 0.001368
0 0 0.245419 0.209995 0.233258 0.120882 0.190446
3 0 0.043164 0.054242 0.362383 0.427484 0.112728
2 0 0.068385 0.163420 0.623460 0.051917 0.092819
2 0 0.225752 0.199973 0.309811 0.019438 0.245026
2 1 0.154068 0.173414 0.419621 0.067183 0.185714
2 1 0.183315 0.144592 0.292389 0.103595 0.276108
2 1 0.111686 0.115059 0.482252 0.183936 0.107067
2 1 0.125429 0.124038 0.385071 0.237436 0.128027
2 2 0.025009 0.103170 0.713871 0.109905 0.048045
2 2 0.125757 0.220728 0.460559 0.012651 0.180305
4 2 0.099808 0.181117 0.297121 0.016320 0.405633
2 2 0.009601 0.043317 0.613957 0.309919 0.023206
2 2 0.068111 0.122950 0.603734 0.137415 0.067789
2 2 0.068595 0.147854 0.530170 0.078264 0.175117
2 2 0.017569 0.078488 0.640303 0.198923 0.064717
2 2 0.080296 0.121586 0.458665 0.087495 0.251958
2 2 0.020554 0.078131 0.658316 0.153104 0.089896
2 2 0.050830 0.168308 0.535524 0.045114 0.200224
2 2 0.086474 0.149886 0.356422 0.108482 0.298736
2 2 0.071081 0.132620 0.520742 0.162328 0.113229
2 2 0.018948 0.078422 0.781002 0.100407 0.021222
2 2 0.031413 0.119738 0.671686 0.081798 0.095365
2 2 0.009203 0.040054 0.642256 0.290095 0.018391
2 2 0.049737 0.116976 0.638474 0.167370 0.027443
2 2 0.029319 0.133474 0.621181 0.053862 0.162164
2 2 0.059165 0.151667 0.540282 0.044947 0.203939
2 2 0.067221 0.079694 0.455985 0.354057 0.043043
2 2 0.061823 0.171263 0.564538 0.059052 0.143324
2 2 0.095679 0.225541 0.370035 0.020659 0.288086
2 2 0.061574 0.119264 0.440196 0.086299 0.292668
2 2 0.140628 0.199533 0.501621 0.073987 0.084231
4 2 0.139035 0.151022 0.162759 0.019773 0.527412
0 1 0.349768 0.212192 0.292529 0.048276 0.097235
2 2 0.128981 0.207814 0.393467 0.039357 0.230381
4 2 0.098026 0.199938 0.244243 0.006960 0.450833
2 2 0.105669 0.244362 0.389414 0.012802 0.247753
2 1 0.276794 0.238207 0.341508 0.023684 0.119808
4 1 0.166466 0.172288 0.277799 0.051831 0.331616
4 2 0.112668 0.186113 0.218018 0.010408 0.472793
4 2 0.092472 0.198049 0.225330 0.012092 0.472057
2 2 0.089949 0.087156 0.370219 0.187082 0.265593
4 2 0.117650 0.094162 0.162654 0.037731 0.587802
2 2 0.225950 0.234018 0.304598 0.030821 0.204614
4 2 0.142959 0.181282 0.284749 0.052185 0.338825
2 2 0.043283 0.095365 0.535062 0.216739 0.109551
4 2 0.094509 0.175140 0.303735 0.015600 0.411016
4 2 0.090951 0.135085 0.324064 0.106155 0.343745
2 2 0.136302 0.230246 0.388725 0.019299 0.225428
2 2 0.129694 0.249061 0.319185 0.012382 0.289677
2 2 0.057630 0.126993 0.551277 0.169865 0.094235
2 2 0.107385 0.211593 0.357087 0.044115 0.279820
2 2 0.143029 0.180164 0.489732 0.135718 0.051357
3 2 0.073914 0.072519 0.336686 0.453321 0.063561
2 2 0.102883 0.125490 0.526283 0.228980 0.016364
2 2 0.030703 0.047237 0.457300 0.450084 0.014677
3 2 0.010106 0.020291 0.359982 0.607136 0.002484
2 2 0.026689 0.098952 0.647918 0.159550 0.066891
2 2 0.013617 0.060019 0.568632 0.319060 0.038672
3 2 0.018816 0.043433 0.438228 0.478685 0.020839
2 2 0.101624 0.192856 0.449129 0.112432 0.143959
2 2 0.003815 0.014110 0.535437 0.446074 0.000565
3 2 0.028649 0.041875 0.185749 0.713809 0.029918
3 2 0.018294 0.027406 0.264866 0.686567 0.002867
2 2 0.073851 0.104138 0.431786 0.356114 0.034112
3 2 0.221876 0.092985 0.178758 0.403273 0.103109
3 2 0.255987 0.105102 0.205433 0.374144 0.059334
2 2 0.175565 0.187103 0.359602 0.166008 0.111721
4 2 0.110142 0.158506 0.201605 0.018495 0.511251
4 4 0.096302 0.144501 0.166487 0.006124 0.586586
4 4 0.259650 0.081845 0.117280 0.059288 0.481938
0 4 0.498804 0.032949 0.031665 0.054653 0.381929
2 4 0.050074 0.133993 0.421086 0.043248 0.351600
4 4 0.131471 0.173807 0.271648 0.023544 0.399529
4 4 0.128553 0.141099 0.154490 0.013550 0.562308
4 4 0.144431 0.064721 0.116279 0.226537 0.448033
0 4 0.688704 0.068995 0.088697 0.097990 0.055616
4 4 0.129958 0.174056 0.238773 0.014247 0.442966
2 4 0.191109 0.248901 0.307197 0.036289 0.216504
2 1 0.291986 0.196262 0.303237 0.160753 0.047762
0 1 0.255271 0.211738 0.239016 0.123601 0.170375
2 2 0.025628 0.148866 0.535705 0.011812 0.277988
2 2 0.038991 0.178273 0.472571 0.008541 0.301623
2 4 0.026363 0.128804 0.732195 0.034137 0.078501
2 4 0.067233 0.204371 0.484784 0.021165 0.222448
2 4 0.183168 0.235279 0.320706 0.052424 0.208423
2 4 0.050902 0.184673 0.542835 0.022246 0.199343
2 4 0.071603 0.110007 0.405217 0.140419 0.272755
4 4 0.084683 0.199052 0.271725 0.014847 0.429694
2 4 0.023199 0.118752 0.630044 0.068410 0.159596
2 4 0.134042 0.206502 0.371279 0.071229 0.216947
2 4 0.051778 0.108267 0.569214 0.196899 0.073842
4 4 0.213178 0.090443 0.212854 0.228680 0.254845
2 4 0.138158 0.136788 0.253667 0.249857 0.221530
0 4 0.361178 0.067386 0.124179 0.285646 0.161611
4 4 0.127109 0.146712 0.251422 0.054016 0.420742
2 4 0.095473 0.155698 0.525075 0.036623 0.187131
2 4 0.212971 0.189994 0.302543 0.073263 0.221229
2 4 0.074542 0.175858 0.555754 0.079331 0.114514
2 4 0.074217 0.164672 0.405055 0.052275 0.303781
2 4 0.025828 0.131879 0.688067 0.032783 0.121443
2 4 0.075134 0.231234 0.405656 0.007546 0.280431
2 4 0.041113 0.173727 0.432891 0.011228 0.341042
4 4 0.084007 0.230004 0.296882 0.004966 0.384141
2 4 0.104592 0.209179 0.391230 0.061806 0.233193
2 4 0.031752 0.142283 0.695934 0.028095 0.101936
2 4 0.059068 0.086793 0.524919 0.279227 0.049992
0 4 0.352727 0.114124 0.192894 0.272245 0.068010
3 4 0.082063 0.042706 0.260954 0.605109 0.009169
0 4 0.376406 0.089394 0.139130 0.253066 0.142004
0 4 0.408110 0.109723 0.132554 0.137453 0.212161
0 4 0.400335 0.103511 0.126868 0.147898 0.221388
2 4 0.054646 0.102891 0.630804 0.134406 0.077254
2 4 0.072419 0.132009 0.607087 0.103095 0.085390
2 4 0.162804 0.212125 0.428060 0.039962 0.157049
4 4 0.213866 0.116623 0.164258 0.135558 0.369694
4 4 0.176696 0.207045 0.252515 0.017944 0.345800
2 4 0.149903 0.101873 0.351288 0.326036 0.070900
2 4 0.236252 0.185108 0.285770 0.073097 0.219773
2 4 0.242852 0.142816 0.277867 0.108003 0.228462
0 4 0.354330 0.068516 0.127775 0.351398 0.097981
0 4 0.510727 0.045257 0.071812 0.223361 0.148843
2 4 0.177379 0.143287 0.342327 0.303251 0.033756
2 4 0.138697 0.174386 0.536685 0.030054 0.120179
4 4 0.159451 0.160730 0.294340 0.073388 0.312091
2 4 0.032930 0.102762 0.643123 0.166172 0.055013
3 4 0.044749 0.039167 0.238546 0.673471 0.004067
4 4 0.339186 0.041128 0.037604 0.052798 0.529284
0 4 0.778065 0.014536 0.015297 0.041047 0.151056
3 4 0.257266 0.077663 0.194331 0.356612 0.114128
0 4 0.595144 0.031845 0.032699 0.061696 0.278616
3 4 0.228781 0.154295 0.249005 0.272826 0.095093
4 4 0.328580 0.088556 0.089747 0.065431 0.427687
0 4 0.362991 0.164815 0.188898 0.123794 0.159502
0 4 0.392180 0.166852 0.200722 0.129162 0.111084
0 4 0.745735 0.058360 0.095756 0.093295 0.006853
0 4 0.606563 0.025480 0.046175 0.233243 0.088539
2 4 0.064239 0.178715 0.501348 0.029060 0.226638
2 4 0.018233 0.096946 0.689277 0.062931 0.132613
2 4 0.028238 0.145404 0.640407 0.023560 0.162392
2 4 0.046109 0.130715 0.471713 0.078217 0.273245
2 4 0.051544 0.147527 0.570262 0.029341 0.201326
2 4 0.050014 0.110778 0.404135 0.064514 0.370559
