3 0 0.010251 0.008818 0.183680 0.794624 0.002626
2 0 0.140247 0.086441 0.336223 0.312564 0.124525
2 0 0.028235 0.093535 0.727597 0.114378 0.036255
2 0 0.255765 0.157107 0.276254 0.040630 0.270244
2 0 0.127952 0.125525 0.446769 0.136726 0.163029
2 0 0.068326 0.077691 0.518788 0.255029 0.080167
3 0 0.024950 0.030215 0.381137 0.544373 0.019325
2 0 0.033798 0.045965 0.447529 0.404490 0.068218
0 0 0.288809 0.147081 0.283635 0.101589 0.178885
0 0 0.496731 0.061535 0.094381 0.195532 0.151821
2 0 0.011423 0.036060 0.606827 0.332688 0.013002
0 0 0.419630 0.089014 0.097780 0.059777 0.333800
3 0 0.024646 0.014616 0.132619 0.799740 0.028380
2 0 0.029073 0.046236 0.525900 0.392039 0.006752
2 0 0.206156 0.201788 0.455359 0.074272 0.062425
2 0 0.162668 0.111930 0.394504 0.232265 0.098633
2 0 0.205574 0.178119 0.393606 0.069812 0.152888
2 0 0.037416 0.060582 0.596875 0.274586 0.030541
3 0 0.088230 0.027688 0.182621 0.677293 0.024168
3 0 0.074020 0.046591 0.251374 0.584025 0.043990
2 0 0.149951 0.101881 0.398987 0.294784 0.054397
2 0 0.233507 0.151654 0.341280 0.070530 0.203029
2 0 0.030713 0.044507 0.444106 0.409371 0.071303
2 0 0.040846 0.058775 0.501777 0.329845 0.068758
3 0 0.042937 0.016411 0.163386 0.768564 0.008702
2 0 0.016827 0.095020 0.749465 0.057438 0.081250
2 0 0.034096 0.138650 0.612900 0.030925 0.183429
4 0 0.281928 0.206630 0.197649 0.009427 0.304366
3 0 0.125180 0.085313 0.325344 0.371213 0.092950
2 0 0.041492 0.163942 0.619336 0.038869 0.136361
2 0 0.031622 0.124128 0.708868 0.073301 0.062081
2 0 0.026019 0.126835 0.634248 0.030187 0.182712
2 0 0.068525 0.212459 0.531767 0.020979 0.166269
2 0 0.072405 0.179169 0.587509 0.055478 0.105439
2 0 0.016065 0.116029 0.778161 0.028751 0.060994
2 0 0.015943 0.099405 0.743291 0.059645 0.081716
2 0 0.022126 0.096019 0.743422 0.075647 0.062786
2 0 0.030883 0.116996 0.622847 0.050434 0.178840
2 0 0.022169 0.089878 0.672867 0.098609 0.116477
2 0 0.012829 0.084690 0.773284 0.082830 0.046368
2 0 0.037056 0.115635 0.654805 0.108373 0.084132
2 0 0.019987 0.078519 0.748013 0.137571 0.015910
4 0 0.229857 0.164826 0.219844 0.057369 0.328104
2 0 0.046718 0.135623 0.631537 0.055577 0.130544
2 0 0.037262 0.114088 0.711884 0.068747 0.068019
2 0 0.096770 0.213416 0.365194 0.007955 0.316665
2 0 0.067559 0.217809 0.487851 0.009342 0.217439
2 0 0.030078 0.133944 0.693792 0.041418 0.100768
2 0 0.028491 0.098661 0.719250 0.083035 0.070563
0 0 0.454563 0.023332 0.038610 0.283284 0.200211
4 0 0.228737 0.159399 0.184815 0.037213 0.389837
2 0 0.101734 0.205892 0.463775 0.016967 0.211633
2 0 0.071152 0.158735 0.603782 0.029898 0.136433
2 0 0.035062 0.103576 0.722972 0.090009 0.048380
2 0 0.061238 0.115725 0.613728 0.098969 0.110340
2 1 0.083702 0.173508 0.578308 0.037088 0.127395
2 1 0.087232 0.142010 0.594247 0.057790 0.118721
2 1 0.176829 0.232448 0.336821 0.013805 0.240097
2 0 0.078176 0.182740 0.651232 0.044566 0.043287
2 0 0.043671 0.069612 0.630358 0.237061 0.019298
2 1 0.032086 0.106888 0.711078 0.078196 0.071754
2 2 0.042173 0.133951 0.726719 0.057153 0.040004
2 2 0.015017 0.080499 0.808036 0.080923 0.015526
2 2 0.038937 0.115437 0.708953 0.081748 0.054925
2 2 0.013242 0.051489 0.719638 0.194975 0.020656
2 2 0.019314 0.094738 0.763409 0.067498 0.055042
2 2 0.029920 0.130403 0.726792 0.040251 0.072633
2 2 0.023110 0.099129 0.748551 0.067088 0.062123
2 2 0.013627 0.075588 0.777282 0.092269 0.041233
2 2 0.013050 0.056123 0.752506 0.154151 0.024169
2 2 0.019689 0.095010 0.781022 0.064355 0.039924
2 2 0.011398 0.044279 0.653027 0.265502 0.025794
2 2 0.037993 0.094065 0.661465 0.140330 0.066146
2 2 0.012831 0.049147 0.666951 0.240088 0.030982
2 2 0.025462 0.064077 0.700318 0.192546 0.017597
2 3 0.010435 0.027920 0.503776 0.447383 0.010486
2 3 0.002626 0.017290 0.563359 0.411716 0.005010
2 3 0.015089 0.052785 0.716402 0.204261 0.011464
2 3 0.013478 0.027834 0.476068 0.466733 0.015888
3 3 0.005603 0.011383 0.307689 0.668526 0.006799
0 3 0.401284 0.057768 0.125874 0.335713 0.079361
0 0 0.564559 0.064381 0.098295 0.192433 0.080332
3 0 0.076838 0.017832 0.106461 0.770535 0.028334
2 0 0.241976 0.182547 0.316410 0.036164 0.222903
2 0 0.119850 0.164373 0.508486 0.053034 0.154257
2 0 0.104261 0.127323 0.455919 0.074710 0.237788
2 0 0.045129 0.123700 0.584312 0.062614 0.184245
2 1 0.024513 0.085073 0.746650 0.095627 0.048136
2 1 0.068731 0.198248 0.620911 0.027036 0.085074
2 1 0.039987 0.164634 0.696461 0.022817 0.076101
2 2 0.055745 0.145955 0.601248 0.038972 0.158081
2 1 0.018776 0.073524 0.728624 0.143731 0.035345
2 2 0.020879 0.097457 0.751936 0.066810 0.062917
2 2 0.021688 0.114690 0.753444 0.039558 0.070619
2 2 0.017854 0.113816 0.778601 0.035880 0.053849
2 2 0.014485 0.091684 0.799363 0.052722 0.041746
2 2 0.025217 0.075048 0.712100 0.147773 0.039862
2 2 0.014529 0.073714 0.762464 0.109573 0.039720
2 2 0.007150 0.028731 0.614999 0.339395 0.009725
2 2 0.005528 0.033246 0.710771 0.240166 0.010289
4 2 0.131200 0.197975 0.273096 0.016355 0.381374
2 2 0.068365 0.215767 0.493372 0.020094 0.202402
2 2 0.088568 0.155804 0.606147 0.105963 0.043518
2 2 0.091984 0.138215 0.435464 0.118206 0.216130
2 2 0.054501 0.098266 0.488737 0.242715 0.115781
4 2 0.218395 0.198071 0.237326 0.018979 0.327228
2 2 0.089194 0.167816 0.454847 0.066460 0.221683
3 3 0.085976 0.062490 0.311620 0.495924 0.043989
2 3 0.142218 0.124877 0.466205 0.181970 0.084731
4 3 0.230572 0.124035 0.235265 0.154243 0.255885
2 3 0.146217 0.190096 0.512944 0.087931 0.062812
2 3 0.080857 0.097584 0.506441 0.292234 0.022884
0 3 0.473347 0.121558 0.105019 0.026773 0.273303
0 3 0.563381 0.158089 0.138262 0.015738 0.124530
2 3 0.141252 0.149293 0.369918 0.101820 0.237717
2 3 0.254569 0.192967 0.307071 0.080404 0.164990
2 3 0.122104 0.096564 0.379266 0.360763 0.041303
2 3 0.109455 0.164372 0.496227 0.129294 0.100652
2 3 0.198695 0.175542 0.368832 0.101169 0.155762
2 3 0.081421 0.118280 0.494974 0.232815 0.072510
3 3 0.056048 0.036961 0.250580 0.638243 0.018167
3 3 0.054697 0.070716 0.368478 0.439620 0.066489
4 3 0.247547 0.198150 0.218619 0.023941 0.311743
4 3 0.203692 0.181904 0.271243 0.054044 0.289118
2 3 0.076978 0.085512 0.404916 0.376087 0.056507
2 3 0.148055 0.140065 0.435103 0.145880 0.130897
3 3 0.042889 0.047084 0.341217 0.515165 0.053645
2 3 0.117919 0.137328 0.404031 0.164173 0.176550
2 3 0.263617 0.153802 0.315487 0.152920 0.114174
2 3 0.144261 0.154814 0.396497 0.152667 0.151761
2 3 0.198358 0.151493 0.372288 0.153209 0.124651
3 3 0.036510 0.030698 0.244823 0.613747 0.074222
2 3 0.100921 0.144558 0.512783 0.161282 0.080457
0 3 0.309715 0.119656 0.213603 0.183817 0.173209
3 2 0.166477 0.084587 0.291806 0.401743 0.055388
0 2 0.321488 0.168614 0.272060 0.080085 0.157754
4 2 0.122045 0.180169 0.323391 0.029769 0.344626
4 2 0.160003 0.175763 0.301312 0.034694 0.328228
2 2 0.141591 0.206971 0.332853 0.026255 0.292330
2 2 0.074809 0.202164 0.451159 0.019816 0.252052
2 2 0.087269 0.227557 0.373708 0.010860 0.300606
2 2 0.088920 0.229852 0.432674 0.015689 0.232865
2 3 0.062072 0.193058 0.491922 0.024349 0.228599
4 3 0.163052 0.207165 0.282743 0.022966 0.324074
2 3 0.113694 0.160448 0.431556 0.121976 0.172327
0 3 0.319417 0.081672 0.179259 0.300036 0.119615
0 3 0.381376 0.182874 0.193466 0.039123 0.203161
2 3 0.065493 0.184480 0.475656 0.028893 0.245477
2 3 0.073325 0.156892 0.493510 0.060354 0.215919
4 3 0.098268 0.160657 0.309668 0.024269 0.407138
4 3 0.153447 0.190193 0.183993 0.007837 0.464531
2 3 0.112078 0.147859 0.430772 0.144096 0.165195
0 3 0.297397 0.184294 0.215649 0.031448 0.271213
4 3 0.242621 0.168105 0.165223 0.015708 0.408343
4 3 0.183908 0.175788 0.256155 0.044099 0.340051
2 3 0.198433 0.171270 0.321841 0.113817 0.194639
0 3 0.419268 0.171069 0.244827 0.096619 0.068217
3 3 0.039859 0.046763 0.348043 0.537837 0.027498
2 3 0.081115 0.135773 0.486199 0.130191 0.166722
2 3 0.100645 0.153921 0.395252 0.066108 0.284073
4 3 0.200928 0.162044 0.161337 0.017223 0.458468
2 3 0.209707 0.163442 0.339920 0.156481 0.130450
2 3 0.099905 0.107427 0.369651 0.306077 0.116940
0 3 0.313724 0.113580 0.246970 0.204606 0.121119
2 3 0.025586 0.055132 0.474334 0.390592 0.054356
4 3 0.159764 0.143005 0.168470 0.015076 0.513684
2 3 0.127797 0.150060 0.401026 0.120768 0.200349
2 3 0.201021 0.241336 0.274164 0.013479 0.270000
4 3 0.215806 0.192265 0.231957 0.027542 0.332430
2 3 0.114211 0.154971 0.394606 0.090068 0.246145
2 3 0.104624 0.099694 0.410425 0.302659 0.082599
2 3 0.126415 0.153083 0.408772 0.127334 0.184396
4 3 0.144868 0.193550 0.288119 0.025324 0.348140
2 3 0.058103 0.113994 0.537177 0.215133 0.075593
2 3 0.213375 0.150236 0.289756 0.102125 0.244508
2 3 0.107599 0.168446 0.524170 0.117474 0.082311
2 3 0.056258 0.084472 0.425348 0.359471 0.074451
0 3 0.323475 0.208946 0.282368 0.036792 0.148418
0 3 0.286902 0.104586 0.191576 0.202717 0.214219
0 3 0.369077 0.157848 0.173801 0.037282 0.261991
3 3 0.034619 0.030709 0.233906 0.650902 0.049865
2 3 0.179118 0.150371 0.315838 0.159188 0.195485
2 3 0.201394 0.118975 0.363305 0.222176 0.094150
3 3 0.026796 0.028401 0.236117 0.662505 0.046181
3 3 0.035355 0.050240 0.359713 0.512768 0.041924
4 3 0.219337 0.148916 0.157850 0.019457 0.454439
4 3 0.247209 0.140505 0.159144 0.033391 0.419750
2 3 0.085997 0.094902 0.411271 0.313370 0.094460
4 3 0.181412 0.180314 0.182471 0.013153 0.442649
2 3 0.120115 0.099560 0.417056 0.296478 0.066791
2 3 0.125877 0.161236 0.417110 0.140325 0.155453
0 3 0.287862 0.161808 0.277278 0.128008 0.145044
2 3 0.175929 0.199309 0.322359 0.052455 0.249948
2 3 0.041717 0.072731 0.472333 0.350596 0.062623
2 3 0.153669 0.174247 0.320392 0.063218 0.288473
4 3 0.149453 0.166890 0.310040 0.038977 0.334640
4 3 0.133388 0.215397 0.226815 0.006918 0.417483
2 3 0.084000 0.117761 0.468476 0.184346 0.145417
2 3 0.272562 0.144096 0.295716 0.178627 0.109000
4 3 0.238528 0.164377 0.201072 0.045192 0.350831
2 3 0.101201 0.172938 0.382721 0.040159 0.302981
2 3 0.034605 0.103799 0.658122 0.162864 0.040610
0 3 0.301922 0.106109 0.223328 0.180648 0.187993
4 3 0.238969 0.086925 0.166966 0.131971 0.375170
2 3 0.056383 0.083007 0.422388 0.318405 0.119817
2 3 0.105083 0.119739 0.411625 0.225612 0.137940
2 3 0.082323 0.123080 0.477234 0.224324 0.093039
2 3 0.055777 0.090330 0.443366 0.326067 0.084460
2 3 0.116488 0.159989 0.420123 0.097610 0.205790
2 3 0.094347 0.107038 0.398091 0.265341 0.135183
2 3 0.191633 0.188686 0.384102 0.089842 0.145737
4 3 0.241910 0.131837 0.224759 0.121336 0.280158
3 3 0.047783 0.033745 0.230999 0.622181 0.065293
0 3 0.309429 0.200557 0.306827 0.059858 0.123329
2 3 0.044453 0.079585 0.474782 0.320239 0.080940
4 3 0.160253 0.160687 0.271894 0.033940 0.373227
2 3 0.118921 0.155844 0.514897 0.132221 0.078118
2 3 0.064598 0.105190 0.515685 0.260479 0.054048
2 3 0.152557 0.127964 0.374446 0.152247 0.192786
4 3 0.158762 0.206128 0.225401 0.009987 0.399722
2 3 0.113999 0.127178 0.448595 0.240327 0.069901
4 3 0.231687 0.152256 0.183249 0.029993 0.402815
2 3 0.185800 0.233889 0.342360 0.028200 0.209750
4 3 0.208575 0.115289 0.088741 0.009030 0.578365
2 3 0.143522 0.148456 0.382259 0.139565 0.186197
0 3 0.368500 0.150511 0.227823 0.099945 0.153222
2 3 0.175955 0.127978 0.306499 0.218701 0.170866
2 3 0.088163 0.127846 0.497537 0.194040 0.092415
4 3 0.210479 0.177562 0.239390 0.046332 0.326238
3 3 0.073144 0.057030 0.295706 0.479035 0.095085
2 3 0.044134 0.071257 0.453283 0.347773 0.083554
3 3 0.134948 0.080572 0.265150 0.353248 0.166082
4 3 0.248785 0.124671 0.183614 0.053556 0.389375
4 3 0.160805 0.182826 0.174084 0.008492 0.473793
3 3 0.147036 0.072332 0.233991 0.365284 0.181357
4 3 0.262093 0.175531 0.180159 0.024853 0.357365
2 3 0.151823 0.185987 0.384860 0.080681 0.196649
3 3 0.167902 0.086574 0.318660 0.342809 0.084055
2 3 0.149858 0.156034 0.342332 0.116514 0.235263
2 3 0.164006 0.147687 0.392031 0.108553 0.187724
3 3 0.233996 0.086694 0.262949 0.364206 0.052156
0 3 0.375833 0.133703 0.164959 0.070460 0.255045
4 3 0.223246 0.138720 0.210058 0.058614 0.369362
0 3 0.325131 0.176954 0.249168 0.063382 0.185364
2 3 0.129548 0.114976 0.399072 0.292369 0.064034
4 3 0.276805 0.180985 0.194700 0.021919 0.325591
4 3 0.196651 0.163070 0.160167 0.015689 0.464423
2 3 0.251146 0.204701 0.329406 0.054002 0.160745
2 3 0.149728 0.208729 0.419809 0.065610 0.156124
2 3 0.161908 0.201006 0.366365 0.065115 0.205606
0 3 0.319265 0.085644 0.154406 0.221196 0.219490
0 1 0.733853 0.050477 0.066432 0.125591 0.023647
3 2 0.298311 0.035990 0.106053 0.466735 0.092912
2 2 0.040870 0.081667 0.586206 0.260336 0.030920
3 2 0.035473 0.015523 0.128663 0.800018 0.020323
3 2 0.001677 0.001833 0.068344 0.927616 0.000529
2 2 0.027842 0.065918 0.588439 0.291042 0.026759
2 2 0.017764 0.038929 0.483258 0.447144 0.012905
2 2 0.028125 0.059965 0.598391 0.289186 0.024333
2 2 0.100039 0.171050 0.562660 0.041918 0.124334
3 2 0.012392 0.009337 0.117170 0.846247 0.014854
2 2 0.029196 0.102728 0.652643 0.111098 0.104334
2 2 0.030988 0.080119 0.604116 0.178740 0.106038
2 2 0.062133 0.148713 0.614245 0.052356 0.122554
2 2 0.052275 0.174368 0.623386 0.038104 0.111866
2 2 0.061596 0.136995 0.564666 0.076244 0.160499
2 2 0.046101 0.176352 0.636487 0.029271 0.111788
2 2 0.016338 0.062644 0.645657 0.236313 0.039047
2 2 0.084964 0.194125 0.531170 0.022888 0.166854
2 2 0.048645 0.163139 0.570237 0.026220 0.191759
2 2 0.037982 0.161361 0.657916 0.021951 0.120791
2 2 0.050938 0.160791 0.647150 0.035875 0.105246
2 2 0.025848 0.131655 0.713634 0.044830 0.084033
2 2 0.085876 0.083616 0.410933 0.217735 0.201841
2 2 0.096662 0.202347 0.540644 0.035464 0.124884
2 2 0.036430 0.168334 0.649875 0.022072 0.123289
2 2 0.152820 0.177789 0.388828 0.034959 0.245603
2 2 0.044283 0.094805 0.621234 0.182165 0.057513
2 2 0.051109 0.154146 0.575564 0.043245 0.175937
2 2 0.038163 0.141245 0.709180 0.062303 0.049108
0 4 0.545721 0.098126 0.107121 0.036281 0.212751
4 4 0.208454 0.177387 0.222998 0.017044 0.374117
2 2 0.044188 0.110162 0.622440 0.101064 0.122147
2 2 0.019085 0.102354 0.754958 0.081265 0.042339
2 2 0.007641 0.066649 0.808937 0.088818 0.027955
2 2 0.027238 0.114149 0.715160 0.064300 0.079153
2 2 0.028345 0.133760 0.714352 0.034198 0.089346
2 2 0.016292 0.109797 0.728532 0.049393 0.095986
2 2 0.026986 0.128723 0.661326 0.039180 0.143784
2 2 0.030129 0.102527 0.627819 0.093628 0.145896
0 2 0.366938 0.092093 0.159921 0.210851 0.170197
0 2 0.422003 0.162071 0.250383 0.118162 0.047381
2 2 0.023137 0.117777 0.736924 0.047483 0.074679
2 2 0.043180 0.201598 0.560555 0.011529 0.183138
2 2 0.027093 0.130149 0.721629 0.046422 0.074707
2 2 0.009412 0.083647 0.788644 0.053094 0.065202
2 2 0.027280 0.078785 0.640798 0.217065 0.036071
2 2 0.043873 0.080984 0.569695 0.277449 0.027999
2 2 0.009743 0.042638 0.671213 0.262053 0.014354
2 2 0.085099 0.116234 0.459686 0.255765 0.083216
4 1 0.233063 0.167451 0.246299 0.077714 0.275473
2 2 0.042676 0.161930 0.597104 0.034931 0.163359
2 2 0.020159 0.112842 0.733414 0.048489 0.085097
2 2 0.037582 0.154272 0.632584 0.029083 0.146479
2 2 0.037180 0.149059 0.668191 0.033256 0.112313
2 2 0.073633 0.171117 0.479392 0.022791 0.253067
2 2 0.031412 0.121252 0.700896 0.078445 0.067994
2 2 0.031168 0.119560 0.677924 0.077118 0.094231
2 2 0.074716 0.213745 0.545424 0.021625 0.144490
2 2 0.046704 0.207550 0.601123 0.012477 0.132146
2 2 0.056653 0.173618 0.624605 0.046251 0.098873
2 2 0.066222 0.074016 0.420807 0.391198 0.047757
2 2 0.027683 0.126000 0.737545 0.053254 0.055517
2 2 0.057627 0.160166 0.647187 0.058574 0.076447
2 2 0.010940 0.031235 0.476838 0.455172 0.025815
2 2 0.011403 0.067871 0.742719 0.152195 0.025812
2 2 0.055995 0.123566 0.623044 0.124308 0.073087
2 2 0.055102 0.129538 0.669083 0.088765 0.057512
2 2 0.107981 0.183464 0.477608 0.043895 0.187052
3 2 0.015216 0.008397 0.106652 0.859714 0.010021
2 2 0.047319 0.110899 0.639450 0.151201 0.051131
2 2 0.039641 0.075246 0.601722 0.240065 0.043326
3 2 0.042694 0.042306 0.340043 0.544253 0.030704
3 2 0.014224 0.029101 0.383237 0.558734 0.014704
2 2 0.038946 0.106179 0.660927 0.130082 0.063866
3 2 0.065432 0.056168 0.317020 0.502889 0.058491
3 2 0.039520 0.024844 0.236181 0.680544 0.018910
2 2 0.093831 0.068197 0.401722 0.394523 0.041727
0 1 0.441796 0.058112 0.095042 0.224944 0.180106
2 2 0.071262 0.159355 0.608509 0.091897 0.068976
2 2 0.038686 0.121994 0.732661 0.076493 0.030165
2 2 0.054326 0.080520 0.520495 0.293361 0.051298
3 2 0.011025 0.032841 0.454804 0.483877 0.017453
3 2 0.012046 0.018047 0.249455 0.702433 0.018018
2 2 0.033792 0.082707 0.653253 0.215209 0.015039
3 2 0.085795 0.038105 0.218466 0.576516 0.081118
0 1 0.595011 0.009499 0.008808 0.067538 0.319144
0 1 0.449895 0.105328 0.170199 0.178270 0.096308
4 1 0.260389 0.097681 0.076709 0.012970 0.552252
4 2 0.136681 0.196200 0.320349 0.021305 0.325464
2 2 0.067696 0.193039 0.415323 0.011138 0.312803
2 2 0.010340 0.059931 0.727919 0.167868 0.033942
2 2 0.052647 0.177427 0.462164 0.015699 0.292062
2 2 0.033509 0.110462 0.680729 0.088079 0.087222
2 2 0.025002 0.115844 0.661850 0.056014 0.141290
2 2 0.016216 0.109732 0.759589 0.049747 0.064716
2 2 0.025086 0.046786 0.480723 0.421392 0.026012
2 2 0.037704 0.151550 0.696572 0.044462 0.069712
2 2 0.033553 0.127473 0.686746 0.078573 0.073654
2 2 0.020518 0.064734 0.590899 0.293862 0.029987
2 2 0.016158 0.048258 0.526607 0.375374 0.033603
2 2 0.020536 0.069934 0.661189 0.194690 0.053652
2 2 0.025517 0.059982 0.556271 0.306718 0.051511
2 2 0.017592 0.038305 0.523650 0.411835 0.008618
2 2 0.048403 0.063591 0.452562 0.368663 0.066780
3 2 0.011182 0.009824 0.134997 0.834859 0.009138
3 2 0.012246 0.018476 0.255808 0.687318 0.026153
3 2 0.014436 0.020689 0.279183 0.677351 0.008342
3 2 0.016167 0.017402 0.216765 0.743892 0.005775
2 2 0.008764 0.033594 0.564755 0.348655 0.044233
0 2 0.300380 0.096555 0.175716 0.210537 0.216813
0 0 0.722161 0.013513 0.018396 0.195841 0.050088
0 1 0.406714 0.179373 0.157092 0.022893 0.233928
2 2 0.031951 0.151601 0.641239 0.026292 0.148917
2 2 0.031628 0.115893 0.689193 0.079774 0.083512
4 2 0.294084 0.127097 0.134679 0.027613 0.416527
3 0 0.086789 0.029871 0.177976 0.686414 0.018951
2 1 0.167062 0.187194 0.462634 0.074012 0.109098
2 2 0.059312 0.113207 0.618113 0.150855 0.058512
2 2 0.067688 0.208850 0.485988 0.013816 0.223659
2 2 0.023750 0.117058 0.706491 0.074752 0.077949
2 2 0.070133 0.189806 0.556371 0.033715 0.149975
2 2 0.018427 0.063710 0.652066 0.237691 0.028105
3 2 0.016198 0.034873 0.419820 0.509087 0.020023
2 2 0.050435 0.136285 0.619714 0.065213 0.128353
2 2 0.023452 0.098477 0.691588 0.099853 0.086630
2 2 0.021939 0.081226 0.741056 0.143242 0.012538
2 2 0.088225 0.225703 0.532325 0.020591 0.133157
3 2 0.211915 0.072067 0.255814 0.428255 0.031949
0 0 0.451004 0.118704 0.189111 0.161498 0.079683
2 0 0.138945 0.230712 0.397159 0.014989 0.218194
4 1 0.144551 0.151801 0.122342 0.002976 0.578329
0 1 0.273663 0.140497 0.255215 0.148788 0.181837
2 2 0.207759 0.176951 0.281124 0.070697 0.263469
2 2 0.091631 0.190243 0.409381 0.022868 0.285877
2 2 0.044255 0.122504 0.629364 0.107378 0.096499
2 2 0.086914 0.179299 0.461301 0.035164 0.237322
2 2 0.061277 0.176006 0.449829 0.017513 0.295374
2 2 0.032935 0.139584 0.653975 0.041354 0.132152
2 2 0.043604 0.178917 0.681432 0.022568 0.073479
2 2 0.049437 0.131326 0.534867 0.051564 0.232806
2 2 0.089416 0.088726 0.415180 0.291489 0.115189
2 2 0.072526 0.162386 0.634001 0.051520 0.079566
2 2 0.044409 0.141138 0.623705 0.059316 0.131432
2 2 0.054088 0.113679 0.566867 0.202059 0.063307
2 2 0.062296 0.099822 0.544309 0.221772 0.071801
2 2 0.115774 0.140119 0.476417 0.127799 0.139890
4 2 0.077503 0.222419 0.346501 0.006501 0.347075
2 2 0.046846 0.108258 0.670566 0.124252 0.050078
4 2 0.110567 0.198998 0.232651 0.005633 0.452152
2 2 0.044246 0.201310 0.598738 0.015573 0.140132
2 2 0.070139 0.122948 0.584204 0.130039 0.092670
2 2 0.057244 0.088054 0.481187 0.285015 0.088499
2 2 0.012655 0.056142 0.628361 0.262561 0.040281
3 2 0.013887 0.030165 0.425504 0.509251 0.021194
2 2 0.013740 0.116466 0.735428 0.028701 0.105666
2 2 0.042558 0.149613 0.646766 0.041086 0.119977
2 2 0.030848 0.120766 0.671005 0.063436 0.113945
2 2 0.040397 0.154969 0.534225 0.021852 0.248557
2 2 0.033257 0.168719 0.628438 0.016653 0.152933
2 2 0.046894 0.111318 0.651914 0.106265 0.083609
2 2 0.025313 0.070653 0.630678 0.228682 0.044674
2 2 0.012759 0.069500 0.748303 0.138371 0.031068
2 2 0.055588 0.172140 0.647623 0.028828 0.095822
2 2 0.025162 0.080522 0.714194 0.147964 0.032158
2 2 0.022241 0.046519 0.490784 0.396250 0.044206
2 2 0.008366 0.055444 0.751067 0.151463 0.033660
2 2 0.027692 0.101596 0.653088 0.073857 0.143767
2 2 0.024363 0.099570 0.692896 0.132949 0.050223
2 2 0.028660 0.096770 0.695182 0.121902 0.057486
2 2 0.020816 0.040945 0.470054 0.447811 0.020375
3 2 0.028136 0.042732 0.450265 0.454188 0.024678
2 2 0.090625 0.178929 0.585734 0.064196 0.080516
3 2 0.002988 0.002828 0.066358 0.922931 0.004895
3 2 0.005026 0.010901 0.254738 0.721918 0.007417
3 2 0.013016 0.018453 0.280098 0.669154 0.019279
3 2 0.001091 0.002914 0.140712 0.853488 0.001795
0 2 0.453233 0.108900 0.181832 0.123821 0.132214
2 0 0.204167 0.157652 0.300231 0.151363 0.186586
0 0 0.767407 0.066448 0.080002 0.077507 0.008637
2 0 0.187984 0.246382 0.339012 0.018186 0.208436
2 1 0.191017 0.150502 0.402102 0.073868 0.182511
0 1 0.284775 0.235081 0.211956 0.006563 0.261626
2 1 0.074568 0.181698 0.629528 0.032283 0.081923
2 2 0.081903 0.115626 0.517346 0.157644 0.127481
2 2 0.086889 0.208822 0.511223 0.022522 0.170543
2 2 0.174972 0.154887 0.436597 0.066473 0.167071
2 2 0.101083 0.251575 0.542485 0.016054 0.088803
2 2 0.061820 0.143388 0.623587 0.077694 0.093511
2 2 0.092646 0.082817 0.448445 0.299095 0.076997
2 2 0.065191 0.177148 0.606298 0.033217 0.118146
2 2 0.052536 0.120357 0.652044 0.104014 0.071049
2 2 0.036654 0.152289 0.668395 0.048054 0.094609
2 2 0.042623 0.178534 0.569178 0.017659 0.192005
2 2 0.035595 0.139839 0.686675 0.035848 0.102042
2 2 0.013137 0.085021 0.763275 0.103091 0.035476
2 2 0.044326 0.149217 0.642779 0.052406 0.111272
2 0 0.027679 0.060756 0.522285 0.361984 0.027296
0 0 0.310147 0.090860 0.164558 0.216095 0.218340
3 0 0.025281 0.027456 0.251213 0.678012 0.018038
4 0 0.196602 0.182529 0.220200 0.027428 0.373242
2 1 0.191693 0.166633 0.413925 0.154146 0.073602
3 1 0.046105 0.042942 0.341499 0.545994 0.023460
2 1 0.249961 0.205224 0.318182 0.046718 0.179914
2 2 0.099873 0.126260 0.476990 0.228130 0.068747
2 2 0.074050 0.143080 0.563077 0.132469 0.087324
4 2 0.138090 0.165801 0.193923 0.006976 0.495211
2 2 0.140567 0.154846 0.380554 0.142667 0.181366
2 2 0.084316 0.133170 0.509023 0.159913 0.113579
3 2 0.016812 0.038913 0.397047 0.507448 0.039780
2 2 0.042769 0.144143 0.632848 0.071496 0.108744
2 2 0.079939 0.158118 0.550594 0.080173 0.131176
2 2 0.060553 0.184969 0.532301 0.030868 0.191309
4 2 0.066304 0.226545 0.348122 0.004932 0.354097
2 2 0.060466 0.215770 0.568821 0.016442 0.138501
2 2 0.077507 0.135668 0.500456 0.160506 0.125863
3 2 0.041841 0.018057 0.126580 0.766308 0.047215
3 2 0.115455 0.083953 0.345400 0.413015 0.042177
2 2 0.101723 0.110964 0.439070 0.275616 0.072628
2 2 0.086275 0.193768 0.566121 0.053143 0.100694
2 2 0.030768 0.073959 0.511024 0.326859 0.057390
2 2 0.207190 0.128390 0.282589 0.137003 0.244828
2 2 0.059300 0.203448 0.467261 0.014414 0.255577
2 2 0.018523 0.074251 0.632484 0.226633 0.048109
2 2 0.058666 0.168886 0.556097 0.046862 0.169489
4 2 0.143127 0.209857 0.242456 0.010926 0.393634
2 2 0.081353 0.132099 0.437462 0.105691 0.243394
2 2 0.201133 0.208636 0.381429 0.074775 0.134027
4 1 0.383999 0.078771 0.080106 0.044993 0.412131
3 1 0.201913 0.067879 0.213719 0.435895 0.080595
2 2 0.175405 0.137153 0.363276 0.156818 0.167348
2 2 0.257802 0.137449 0.333169 0.226150 0.045430
0 2 0.477968 0.077032 0.135800 0.224185 0.085015
3 2 0.077290 0.058048 0.284290 0.506013 0.074360
2 2 0.067923 0.085833 0.406075 0.317704 0.122465
2 2 0.151815 0.192084 0.351785 0.022297 0.282019
2 2 0.106655 0.208210 0.396986 0.023108 0.265042
2 2 0.111714 0.171154 0.406248 0.054701 0.256183
2 2 0.060522 0.168494 0.621273 0.058661 0.091049
2 2 0.061442 0.125039 0.579239 0.140287 0.093992
2 2 0.087139 0.240019 0.339145 0.006030 0.327667
2 2 0.129764 0.189802 0.419280 0.044593 0.216561
4 2 0.117775 0.217206 0.311047 0.009241 0.344731
2 2 0.024909 0.060145 0.516923 0.368647 0.029375
2 2 0.101886 0.132948 0.493051 0.141201 0.130915
3 2 0.061098 0.028203 0.202053 0.698163 0.010483
0 2 0.369495 0.076708 0.101587 0.101564 0.350646
3 2 0.040127 0.035431 0.237874 0.632863 0.053705
3 2 0.033073 0.022039 0.186076 0.739626 0.019186
3 2 0.119774 0.065080 0.240597 0.455110 0.119439
3 2 0.090690 0.050436 0.250874 0.563067 0.044933
2 2 0.134903 0.177782 0.385874 0.040076 0.261365
3 2 0.027038 0.035509 0.321794 0.566595 0.049064
2 2 0.115350 0.138046 0.476707 0.112920 0.156978
0 2 0.664170 0.111060 0.140009 0.074585 0.010176
4 1 0.436167 0.070426 0.040145 0.007687 0.445575
4 1 0.305612 0.062406 0.049803 0.017715 0.564463
0 1 0.486139 0.175913 0.203154 0.055953 0.078841
2 2 0.056724 0.180111 0.592936 0.032972 0.137257
4 2 0.122941 0.211470 0.218458 0.004545 0.442586
2 2 0.075538 0.151924 0.553350 0.100000 0.119189
4 2 0.111869 0.214240 0.198067 0.003191 0.472633
2 2 0.147110 0.182164 0.376525 0.052486 0.241715
4 2 0.227677 0.139340 0.252752 0.113643 0.266589
2 2 0.094340 0.176186 0.527893 0.074828 0.126753
2 2 0.114074 0.116128 0.369381 0.140756 0.259661
2 2 0.081227 0.173199 0.431786 0.029429 0.284359
2 2 0.038459 0.121066 0.646996 0.101985 0.091493
4 2 0.127388 0.153208 0.253836 0.026700 0.438869
2 2 0.025847 0.119338 0.705100 0.063198 0.086516
2 2 0.134795 0.210014 0.337893 0.021558 0.295740
2 2 0.082860 0.140445 0.514553 0.145517 0.116624
2 2 0.083944 0.201991 0.462319 0.017987 0.233758
2 2 0.072688 0.196906 0.572099 0.036585 0.121723
2 2 0.057035 0.151670 0.549816 0.051946 0.189533
4 2 0.097745 0.200123 0.314016 0.009242 0.378875
2 2 0.083013 0.200777 0.367860 0.013156 0.335195
2 2 0.053318 0.145271 0.594804 0.081777 0.124830
2 2 0.029306 0.087062 0.587854 0.204274 0.091503
2 2 0.017792 0.054168 0.572009 0.317313 0.038718
2 2 0.057816 0.082832 0.505952 0.279999 0.073402
2 2 0.120657 0.131811 0.417591 0.143213 0.186728
2 2 0.051886 0.084143 0.495243 0.266720 0.102008
3 2 0.040256 0.041599 0.280832 0.574460 0.062852
2 2 0.059750 0.178702 0.541796 0.042542 0.177209
2 2 0.194125 0.121586 0.313788 0.203695 0.166807
3 3 0.027397 0.011551 0.108992 0.833600 0.018460
3 3 0.193843 0.070594 0.233267 0.430506 0.071791
3 3 0.024308 0.031955 0.272363 0.638805 0.032568
2 3 0.052388 0.155980 0.584248 0.072288 0.135095
4 3 0.126448 0.114251 0.308898 0.079994 0.370410
2 2 0.016736 0.053087 0.514564 0.376451 0.039162
2 2 0.030345 0.070701 0.581023 0.254304 0.063627
2 2 0.090198 0.162052 0.431347 0.069004 0.247400
2 2 0.034055 0.079399 0.538138 0.187675 0.160732
2 2 0.052686 0.096384 0.555762 0.192274 0.102894
3 2 0.026967 0.016191 0.149611 0.788967 0.018264
3 2 0.127620 0.085565 0.284674 0.370933 0.131208
3 2 0.109102 0.075219 0.281438 0.407460 0.126782
3 2 0.221528 0.099341 0.256997 0.309523 0.112610
3 2 0.000408 0.001184 0.071217 0.926725 0.000465
2 2 0.014605 0.053938 0.587729 0.303949 0.039780
2 2 0.030065 0.123369 0.680283 0.081636 0.084646
3 4 0.166762 0.086786 0.253733 0.334709 0.158010
2 4 0.027908 0.113895 0.650903 0.093355 0.113939
0 4 0.412219 0.065103 0.079982 0.090420 0.352277
2 4 0.057068 0.120126 0.547696 0.150366 0.124744
2 4 0.044991 0.123995 0.590822 0.102358 0.137833
0 4 0.308943 0.072045 0.163408 0.238831 0.216774
2 4 0.038117 0.118474 0.608346 0.121322 0.113741
0 4 0.462062 0.054720 0.094116 0.178578 0.210523
0 4 0.379827 0.094530 0.112521 0.059121 0.354002
4 4 0.208834 0.195007 0.255164 0.031771 0.309224
0 4 0.291593 0.169462 0.272748 0.086571 0.179625
2 4 0.177015 0.220273 0.405087 0.047498 0.150127
4 4 0.201562 0.125699 0.226801 0.056949 0.388989
0 4 0.476505 0.185886 0.183155 0.020393 0.134062
0 4 0.430043 0.120909 0.195636 0.165025 0.088387
0 4 0.720989 0.077928 0.093708 0.084720 0.022655
3 4 0.253125 0.041527 0.134014 0.522364 0.048970
0 4 0.538204 0.124574 0.138688 0.063795 0.134739
3 4 0.230964 0.109431 0.282850 0.292258 0.084497
2 4 0.285430 0.151072 0.300249 0.132006 0.131244
0 4 0.455623 0.096612 0.177091 0.206206 0.064468
2 4 0.188105 0.151636 0.362341 0.144986 0.152932
3 4 0.256457 0.095946 0.273377 0.334084 0.040136
2 4 0.033948 0.117294 0.642582 0.117599 0.088577
2 4 0.054404 0.107254 0.579258 0.155017 0.104068
2 4 0.030566 0.087475 0.599309 0.180572 0.102078
2 4 0.044073 0.175443 0.513542 0.014313 0.252630
2 4 0.043111 0.180700 0.520859 0.015892 0.239438
2 4 0.035486 0.162707 0.588364 0.026082 0.187360
2 4 0.042860 0.180596 0.506904 0.015583 0.254058
2 4 0.029744 0.145772 0.620552 0.032918 0.171013
2 4 0.020012 0.127191 0.720755 0.035180 0.096862
2 4 0.072338 0.096475 0.537163 0.263315 0.030708
2 4 0.056283 0.154190 0.540745 0.057125 0.191657
2 4 0.060493 0.223082 0.471147 0.007813 0.237466
2 4 0.032063 0.123963 0.647642 0.083581 0.112750
2 4 0.059815 0.146491 0.607689 0.059634 0.126371
2 4 0.021728 0.128433 0.688276 0.035333 0.126230
2 4 0.028835 0.148730 0.640138 0.029835 0.152463
2 4 0.041134 0.067332 0.472918 0.338386 0.080230
3 4 0.180659 0.105775 0.314216 0.322087 0.077263
2 4 0.045046 0.109191 0.559480 0.201368 0.084915
2 4 0.033136 0.126012 0.658517 0.089712 0.092623
2 1 0.264870 0.160595 0.288285 0.150570 0.135679
2 1 0.064730 0.128745 0.557376 0.173292 0.075858
2 2 0.022748 0.147871 0.679398 0.024952 0.125031
2 2 0.034228 0.190601 0.520815 0.008665 0.245690
0 2 0.414832 0.081626 0.137718 0.215124 0.150700
0 1 0.420710 0.162199 0.250871 0.118435 0.047786
2 1 0.112365 0.212324 0.537731 0.028775 0.108804
4 2 0.092560 0.227826 0.312840 0.005663 0.361110
2 2 0.059747 0.184311 0.517391 0.031894 0.206657
2 2 0.051298 0.070821 0.427223 0.414927 0.035730
2 2 0.092185 0.124529 0.486366 0.196355 0.100566
2 2 0.073632 0.198848 0.421268 0.018631 0.287621
2 2 0.085528 0.195836 0.469441 0.023932 0.225264
2 2 0.097434 0.182086 0.408969 0.031305 0.280206
2 2 0.055394 0.161227 0.481593 0.028370 0.273417
2 2 0.059611 0.154057 0.430575 0.022084 0.333672
2 2 0.062887 0.188457 0.499591 0.025702 0.223363
2 2 0.093779 0.187938 0.527032 0.047071 0.144179
2 2 0.078384 0.141955 0.441775 0.048725 0.289161
2 2 0.102018 0.211300 0.416304 0.020862 0.249515
2 2 0.084434 0.164883 0.460993 0.035731 0.253960
0 2 0.278572 0.135660 0.224694 0.087148 0.273925
2 2 0.077654 0.134496 0.527195 0.078198 0.182457
2 2 0.087494 0.121559 0.401632 0.079494 0.309821
2 2 0.079004 0.173883 0.446347 0.038435 0.262332
2 2 0.078700 0.156073 0.438060 0.048171 0.278995
2 2 0.046734 0.170483 0.517610 0.025058 0.240115
2 2 0.095266 0.194488 0.388711 0.024347 0.297188
4 2 0.284735 0.114070 0.130467 0.037784 0.432944
2 2 0.082849 0.157484 0.459465 0.057138 0.243065
2 2 0.252269 0.164342 0.297434 0.147561 0.138394
2 2 0.204167 0.157652 0.300231 0.151363 0.186586
2 2 0.115162 0.167730 0.480369 0.117159 0.119581
2 2 0.035014 0.123989 0.702045 0.083829 0.055123
3 2 0.021434 0.038683 0.422998 0.477637 0.039248
2 2 0.155482 0.186106 0.456336 0.070970 0.131105
2 2 0.126369 0.238014 0.414187 0.017344 0.204086
2 2 0.192871 0.199998 0.397611 0.069121 0.140399
2 2 0.091883 0.094755 0.422827 0.332985 0.057549
2 2 0.085815 0.141125 0.504939 0.080640 0.187481
4 2 0.246088 0.229092 0.188177 0.005916 0.330728
2 2 0.180144 0.235646 0.321861 0.020559 0.241789
2 2 0.099027 0.189845 0.563188 0.054678 0.093261
2 2 0.036136 0.066140 0.462624 0.384256 0.050844
2 2 0.155964 0.144239 0.384160 0.183330 0.132306
2 2 0.203507 0.115185 0.345661 0.214069 0.121578
4 2 0.186758 0.183107 0.256125 0.032560 0.341450
3 2 0.073294 0.065344 0.335522 0.478441 0.047399
3 2 0.067968 0.062585 0.357100 0.490728 0.021619
3 2 0.084195 0.051837 0.282387 0.532176 0.049404
3 2 0.139995 0.073120 0.253269 0.426536 0.107079
3 2 0.010152 0.004816 0.072075 0.907264 0.005694
3 2 0.068128 0.036371 0.218310 0.647711 0.029480
3 2 0.116580 0.068858 0.348543 0.445382 0.020637
0 2 0.277109 0.174188 0.263655 0.093925 0.191124
2 2 0.071519 0.166799 0.514654 0.069072 0.177956
4 3 0.094175 0.208402 0.221691 0.003469 0.472264
2 3 0.157476 0.148319 0.445446 0.102524 0.146235
2 3 0.075481 0.144126 0.504417 0.133681 0.142295
4 3 0.162723 0.186220 0.291640 0.033567 0.325850
2 3 0.128632 0.120898 0.370777 0.263221 0.116472
2 3 0.113172 0.172621 0.402874 0.053225 0.258108
2 3 0.123095 0.201676 0.345366 0.025630 0.304233
2 3 0.095111 0.156197 0.490009 0.136767 0.121915
3 3 0.156115 0.060133 0.204923 0.467468 0.111361
3 3 0.205502 0.074258 0.226604 0.410163 0.083473
2 3 0.107861 0.139703 0.462730 0.166595 0.123111
2 3 0.178549 0.193475 0.399836 0.080757 0.147383
3 3 0.062131 0.075499 0.373196 0.425097 0.064076
2 3 0.146217 0.098450 0.367128 0.358163 0.030041
0 3 0.291394 0.079540 0.155162 0.227021 0.246884
2 3 0.149248 0.157202 0.317173 0.074796 0.301581
2 3 0.036403 0.109476 0.644020 0.150687 0.059413
3 3 0.081892 0.054710 0.255343 0.492975 0.115080
2 3 0.057716 0.116612 0.530203 0.154154 0.141315
4 3 0.181714 0.162673 0.176917 0.013554 0.465141
3 3 0.193530 0.098364 0.269273 0.320003 0.118830
0 3 0.284976 0.192259 0.278831 0.053044 0.190889
2 3 0.099364 0.100504 0.409172 0.299134 0.091826
2 3 0.127338 0.175014 0.375812 0.069509 0.252327
2 3 0.187412 0.184671 0.299942 0.045649 0.282326
2 3 0.179506 0.148547 0.320141 0.179044 0.172762
2 3 0.047655 0.111926 0.550746 0.175295 0.114378
0 3 0.341084 0.166832 0.213694 0.053914 0.224476
2 3 0.095609 0.093537 0.408398 0.360507 0.041949
2 3 0.243236 0.173189 0.312738 0.085879 0.184958
2 3 0.089127 0.141488 0.513032 0.135270 0.121083
3 3 0.058721 0.047148 0.309572 0.564816 0.019743
3 3 0.090131 0.050504 0.244464 0.545540 0.069361
2 3 0.088620 0.098014 0.403797 0.272526 0.137043
0 3 0.570732 0.089906 0.087170 0.048508 0.203684
2 3 0.153687 0.139123 0.360365 0.174114 0.172711
4 3 0.099880 0.183422 0.315486 0.016266 0.384946
2 3 0.099239 0.193798 0.376952 0.023376 0.306635
4 3 0.166341 0.164717 0.145254 0.006255 0.517434
2 3 0.083175 0.103778 0.450453 0.211386 0.151208
0 3 0.273315 0.182136 0.268138 0.053079 0.223332
4 3 0.193914 0.209181 0.229712 0.010888 0.356305
2 3 0.198196 0.201519 0.351340 0.036534 0.212411
2 3 0.164799 0.119768 0.369704 0.280810 0.064919
2 3 0.126815 0.098390 0.312070 0.272343 0.190383
4 3 0.207642 0.147415 0.148433 0.013824 0.482685
4 3 0.174809 0.217515 0.212324 0.007892 0.387460
2 3 0.133311 0.200943 0.442813 0.054489 0.168444
3 3 0.063299 0.048959 0.327686 0.518939 0.041117
3 3 0.062634 0.024334 0.165391 0.730818 0.016824
3 3 0.064515 0.031935 0.222555 0.653909 0.027086
2 3 0.023924 0.053896 0.537765 0.358678 0.025736
3 3 0.036086 0.017913 0.173012 0.760610 0.012379
2 3 0.122506 0.127643 0.444268 0.112671 0.192912
3 3 0.052233 0.027807 0.219665 0.682150 0.018146
3 3 0.110450 0.061288 0.275902 0.506675 0.045684
0 2 0.583739 0.057401 0.083153 0.176722 0.098984
0 2 0.612886 0.074030 0.107401 0.156881 0.048803
2 2 0.033191 0.171799 0.555756 0.013474 0.225780
2 2 0.050728 0.199098 0.607365 0.016566 0.126243
2 2 0.030525 0.147705 0.645322 0.035857 0.140591
2 2 0.055107 0.196586 0.565780 0.021081 0.161446
2 2 0.046353 0.165493 0.542175 0.031438 0.214541
2 2 0.029570 0.125314 0.704572 0.056734 0.083810
2 2 0.086117 0.190096 0.507682 0.033152 0.182953
0 1 0.518213 0.084634 0.131875 0.182461 0.082816
0 1 0.313266 0.167399 0.285510 0.139015 0.094809
2 2 0.182099 0.229435 0.435384 0.036503 0.116580
2 2 0.079440 0.226501 0.582516 0.018796 0.092746
2 2 0.085690 0.204915 0.521679 0.022945 0.164772
2 2 0.036695 0.160606 0.634847 0.035527 0.132325
2 2 0.076548 0.138904 0.452043 0.069032 0.263474
2 2 0.016134 0.061527 0.657021 0.219469 0.045849
3 2 0.094982 0.083779 0.353377 0.379270 0.088592
0 1 0.412098 0.142363 0.187135 0.087445 0.170959
0 2 0.304675 0.176478 0.202330 0.043633 0.272883
2 2 0.084133 0.119850 0.474053 0.239659 0.082305
2 2 0.088151 0.106751 0.413885 0.241170 0.150042
2 2 0.135593 0.130852 0.464733 0.205492 0.063330
2 2 0.069571 0.128348 0.562103 0.137723 0.102255
2 2 0.055950 0.189488 0.442954 0.009567 0.302040
2 2 0.037357 0.119702 0.669586 0.087817 0.085538
2 2 0.020586 0.113658 0.700167 0.063570 0.102019
2 2 0.048718 0.190180 0.495121 0.014825 0.251155
2 2 0.059507 0.132381 0.579204 0.076056 0.152852
2 2 0.023323 0.094103 0.679892 0.140747 0.061935
2 2 0.052309 0.197623 0.623576 0.020364 0.106128
2 2 0.062707 0.196811 0.477337 0.018987 0.244158
2 2 0.059124 0.118958 0.545876 0.159654 0.116388
2 2 0.044238 0.162472 0.582964 0.041224 0.169102
2 2 0.021300 0.074818 0.615354 0.210647 0.077881
2 2 0.028909 0.087032 0.627114 0.157988 0.098958
2 2 0.012849 0.042124 0.564879 0.352607 0.027541
2 2 0.080064 0.182295 0.367757 0.016121 0.353762
2 2 0.034815 0.078446 0.592539 0.221489 0.072711
2 2 0.043500 0.088141 0.548082 0.230424 0.089853
2 2 0.118745 0.221251 0.410861 0.020062 0.229081
2 2 0.096127 0.181601 0.527024 0.041919 0.153329
2 2 0.020911 0.111413 0.765427 0.066104 0.036146
2 2 0.052292 0.136023 0.611226 0.079471 0.120988
2 2 0.014061 0.036136 0.508356 0.416980 0.024467
3 2 0.013358 0.029160 0.414194 0.519505 0.023784
3 2 0.013167 0.025893 0.370233 0.581774 0.008934
2 2 0.023991 0.106710 0.739553 0.066483 0.063263
2 2 0.035302 0.094957 0.670559 0.156105 0.043078
2 2 0.059210 0.084559 0.590942 0.250027 0.015262
2 2 0.024623 0.060419 0.510059 0.350883 0.054016
3 2 0.017938 0.033081 0.397510 0.536488 0.014982
2 2 0.041990 0.157115 0.566567 0.026398 0.207930
2 2 0.006928 0.064633 0.807900 0.093115 0.027425
3 2 0.013309 0.025197 0.366096 0.584841 0.010557
3 2 0.016543 0.020719 0.266173 0.689000 0.007565
2 2 0.012458 0.050728 0.616642 0.296155 0.024018
2 2 0.032547 0.110826 0.681903 0.074399 0.100325
2 2 0.015593 0.086956 0.762718 0.103922 0.030811
2 2 0.038444 0.104652 0.689609 0.120515 0.046781
2 2 0.006694 0.039484 0.718163 0.224407 0.011252
2 2 0.050141 0.144074 0.615985 0.069750 0.120050
2 2 0.201621 0.153665 0.408220 0.183961 0.052533
3 2 0.004085 0.006706 0.155681 0.828518 0.005009
2 2 0.018171 0.043707 0.492849 0.432555 0.012718
2 2 0.015847 0.047401 0.598573 0.321185 0.016994
2 2 0.049655 0.061123 0.474692 0.389043 0.025487
0 1 0.394511 0.164487 0.260447 0.123870 0.056685
2 2 0.023495 0.123716 0.664039 0.048258 0.140493
2 2 0.116130 0.113774 0.371624 0.260234 0.138238
2 2 0.047261 0.151380 0.541952 0.029713 0.229694
2 4 0.043106 0.145182 0.663742 0.065732 0.082238
2 4 0.065783 0.181220 0.443170 0.018223 0.291604
2 4 0.033821 0.135800 0.644572 0.054958 0.130848
2 4 0.077117 0.162079 0.538068 0.040983 0.181753
2 4 0.261569 0.151226 0.317954 0.072956 0.196295
2 4 0.195209 0.178815 0.299237 0.039577 0.287161
2 4 0.051294 0.128309 0.538480 0.070936 0.210982
2 4 0.023883 0.134537 0.706164 0.041430 0.093986
2 4 0.035286 0.185435 0.530215 0.010830 0.238234
4 4 0.182029 0.216961 0.216213 0.006621 0.378176
0 4 0.381818 0.169044 0.162804 0.030302 0.256032
2 4 0.039054 0.161188 0.558334 0.022254 0.219170
2 4 0.101495 0.217007 0.477066 0.018450 0.185982
2 4 0.036319 0.152382 0.637072 0.032443 0.141783
2 4 0.070340 0.186254 0.531145 0.032778 0.179483
4 4 0.231801 0.160328 0.247092 0.090570 0.270209
0 4 0.507966 0.024407 0.033369 0.174410 0.259848
0 4 0.508625 0.105219 0.106505 0.049909 0.229741
0 4 0.329169 0.115003 0.202663 0.190688 0.162476
0 4 0.363026 0.158277 0.178904 0.039417 0.260376
2 4 0.050886 0.203628 0.466151 0.007914 0.271421
2 4 0.021538 0.109530 0.689555 0.055950 0.123427
2 4 0.046213 0.065927 0.453563 0.334138 0.100159
0 4 0.527216 0.039763 0.034258 0.038362 0.360401
0 4 0.507920 0.094172 0.142234 0.162228 0.093446
0 4 0.332158 0.163207 0.237162 0.064143 0.203330
2 4 0.058876 0.116468 0.575042 0.100147 0.149466
0 4 0.322754 0.182588 0.284409 0.045864 0.164384
0 4 0.600470 0.077697 0.113549 0.157520 0.050764
3 4 0.413089 0.034079 0.092314 0.437847 0.022672
0 4 0.630744 0.143724 0.155931 0.047686 0.021915
3 4 0.383155 0.032945 0.093925 0.466976 0.022999
3 4 0.252610 0.043162 0.112346 0.431783 0.160098
0 4 0.494216 0.016247 0.025064 0.258969 0.205504
0 4 0.564230 0.089816 0.133789 0.156864 0.055301
3 4 0.197427 0.098444 0.241405 0.262254 0.200469
2 4 0.033336 0.113754 0.687836 0.121499 0.043573
