0 0 0.339209 0.121953 0.216470 0.150982 0.171385
0 0 0.444876 0.066116 0.029725 0.049935 0.409349
0 0 0.496489 0.147923 0.155959 0.064729 0.134900
0 0 0.719626 0.067773 0.059677 0.108693 0.044230
3 0 0.151428 0.016078 0.069649 0.761954 0.000891
0 0 0.795403 0.067097 0.069528 0.063015 0.004957
2 0 0.153163 0.105459 0.411248 0.323782 0.006348
0 0 0.363151 0.129444 0.126968 0.052811 0.327626
4 0 0.117424 0.154903 0.295767 0.039392 0.392515
2 0 0.030321 0.118745 0.554348 0.088928 0.207657
2 0 0.029932 0.105931 0.626503 0.155518 0.082116
2 0 0.027313 0.092722 0.652437 0.177222 0.050307
2 0 0.103825 0.179249 0.525581 0.064793 0.126551
2 0 0.070055 0.085359 0.387959 0.336054 0.120573
2 0 0.055539 0.154389 0.605781 0.064475 0.119816
2 0 0.019974 0.097436 0.709194 0.110450 0.062947
2 0 0.016089 0.101208 0.765269 0.060719 0.056715
2 0 0.028412 0.141818 0.653358 0.038657 0.137754
2 0 0.018655 0.083540 0.690295 0.144403 0.063107
2 0 0.014630 0.093805 0.764069 0.072965 0.054531
2 0 0.022303 0.128672 0.720653 0.044560 0.083812
2 0 0.041088 0.150997 0.596803 0.047884 0.163228
2 0 0.031386 0.150158 0.676638 0.044389 0.097428
3 0 0.190467 0.076039 0.249731 0.433923 0.049839
0 0 0.284729 0.123962 0.230458 0.142190 0.218660
4 0 0.291118 0.151672 0.135966 0.030944 0.390300
2 0 0.026776 0.151594 0.745675 0.029913 0.046042
2 0 0.026328 0.161514 0.649103 0.022226 0.140829
3 0 0.018523 0.044355 0.447585 0.456160 0.033377
2 0 0.023185 0.122531 0.749039 0.059654 0.045591
2 0 0.022502 0.128980 0.734164 0.045944 0.068410
2 0 0.029084 0.148960 0.621568 0.040721 0.159667
2 0 0.032465 0.150610 0.584753 0.033394 0.198778
2 0 0.032499 0.126349 0.674636 0.084642 0.081873
2 0 0.027034 0.141440 0.642391 0.043168 0.145968
2 0 0.025611 0.131608 0.670037 0.055537 0.117208
2 0 0.042530 0.157126 0.581669 0.038507 0.180168
3 0 0.059316 0.063427 0.383019 0.474751 0.019487
2 0 0.042922 0.174383 0.599163 0.037980 0.145552
2 0 0.042293 0.148834 0.625087 0.072382 0.111404
2 0 0.039573 0.157065 0.549970 0.039804 0.213587
2 1 0.047902 0.120526 0.482648 0.131343 0.217581
2 1 0.035452 0.137630 0.511854 0.059402 0.255662
2 1 0.033500 0.135271 0.491275 0.043760 0.296194
4 1 0.118825 0.196647 0.230468 0.015208 0.438851
2 1 0.056804 0.131984 0.370131 0.087332 0.353750
2 1 0.023678 0.080144 0.655343 0.210761 0.030074
2 1 0.035028 0.144192 0.619027 0.054397 0.147357
2 2 0.034191 0.136915 0.558233 0.060231 0.210430
2 2 0.038717 0.120502 0.528857 0.107887 0.204038
4 2 0.075625 0.128290 0.296100 0.103955 0.396030
2 2 0.043843 0.141210 0.555500 0.087019 0.172427
2 2 0.013626 0.040974 0.463310 0.440652 0.041437
0 1 0.426569 0.105949 0.112153 0.111264 0.244065
2 1 0.047681 0.185319 0.407156 0.013625 0.346220
2 1 0.041794 0.106573 0.616483 0.180717 0.054434
2 1 0.073003 0.178202 0.471321 0.042501 0.234973
4 1 0.076677 0.177680 0.297087 0.013850 0.434707
2 1 0.045594 0.126624 0.421930 0.106373 0.299479
4 1 0.082934 0.147701 0.207002 0.017475 0.544887
2 1 0.050796 0.183919 0.526410 0.035787 0.203088
4 2 0.052156 0.159879 0.344537 0.018092 0.425335
2 2 0.035302 0.113326 0.492293 0.100608 0.258472
2 2 0.037543 0.156989 0.489006 0.021423 0.295039
2 2 0.051254 0.181074 0.457493 0.017526 0.292653
2 2 0.021016 0.103533 0.700295 0.102915 0.072240
2 2 0.043927 0.139083 0.584775 0.056568 0.175647
4 1 0.084355 0.157703 0.339160 0.030131 0.388651
2 2 0.047737 0.162669 0.532449 0.047150 0.209994
2 2 0.061561 0.143147 0.476248 0.094925 0.224120
2 2 0.063271 0.192869 0.376163 0.011802 0.355894
2 2 0.030635 0.104646 0.541815 0.119633 0.203270
4 2 0.144264 0.153625 0.281513 0.043930 0.376668
0 0 0.614721 0.109216 0.139489 0.111273 0.025301
0 0 0.492269 0.100130 0.096512 0.110157 0.200932
2 0 0.028674 0.101726 0.665958 0.160797 0.042844
4 0 0.249315 0.126654 0.227201 0.123067 0.273763
0 0 0.399388 0.219284 0.296049 0.041419 0.043860
2 0 0.037464 0.092196 0.650265 0.194834 0.025242
2 0 0.019966 0.093015 0.677794 0.121323 0.087902
3 0 0.062693 0.050735 0.307840 0.556569 0.022163
0 0 0.708392 0.069825 0.049441 0.093040 0.079302
0 0 0.838844 0.031095 0.031867 0.095251 0.002944
2 0 0.214191 0.182445 0.449456 0.115357 0.038551
2 0 0.238586 0.155620 0.298067 0.253747 0.053979
2 0 0.032183 0.140147 0.713844 0.051844 0.061982
2 0 0.038138 0.157428 0.698334 0.035727 0.070373
3 0 0.123769 0.066750 0.260156 0.493153 0.056171
2 0 0.240559 0.137408 0.261482 0.107400 0.253152
2 0 0.029617 0.138664 0.724242 0.041364 0.066112
4 0 0.212526 0.097657 0.140543 0.195139 0.354135
3 0 0.169970 0.063278 0.229422 0.505255 0.032075
2 0 0.066669 0.112914 0.577225 0.210162 0.033030
4 0 0.222094 0.122526 0.241208 0.127881 0.286291
4 0 0.141512 0.163044 0.236949 0.015768 0.442727
0 0 0.396426 0.151112 0.244451 0.120104 0.087907
0 0 0.359744 0.234668 0.195952 0.021247 0.188389
4 0 0.279361 0.146810 0.191535 0.050565 0.331729
0 0 0.392802 0.180248 0.224680 0.116567 0.085702
2 0 0.021721 0.082010 0.664170 0.176537 0.055561
2 0 0.023759 0.117881 0.676836 0.076789 0.104735
2 0 0.033619 0.114194 0.528989 0.128078 0.195121
2 0 0.018804 0.077831 0.719621 0.161570 0.022173
2 0 0.044631 0.146147 0.573466 0.076553 0.159202
3 0 0.024318 0.033250 0.307647 0.623264 0.011520
2 0 0.016147 0.082045 0.730125 0.133342 0.038341
2 0 0.012797 0.065181 0.718647 0.177111 0.026264
2 0 0.038800 0.074352 0.514788 0.325011 0.047049
3 0 0.102957 0.063082 0.217005 0.521314 0.095643
0 0 0.298999 0.104963 0.256238 0.276256 0.063545
0 0 0.374572 0.151886 0.192546 0.056923 0.224073
2 0 0.083114 0.182842 0.614371 0.057933 0.061739
2 0 0.035085 0.127543 0.627251 0.097755 0.112367
2 0 0.041178 0.219926 0.663907 0.009678 0.065311
2 0 0.037159 0.145094 0.686076 0.049778 0.081892
2 0 0.026638 0.065511 0.454677 0.403099 0.050075
2 0 0.037075 0.111129 0.616764 0.156143 0.078889
2 0 0.072765 0.192659 0.428984 0.024546 0.281046
3 0 0.075029 0.067048 0.331572 0.458349 0.068001
4 0 0.222094 0.122526 0.241208 0.127881 0.286291
0 0 0.825148 0.034373 0.036235 0.100506 0.003738
0 0 0.695573 0.020984 0.001931 0.012461 0.269050
0 0 0.351227 0.121172 0.212950 0.152502 0.162150
0 0 0.346683 0.126465 0.280748 0.206132 0.039973
2 0 0.034319 0.063936 0.493651 0.386023 0.022071
2 0 0.135570 0.185002 0.379843 0.082408 0.217177
2 0 0.060917 0.099166 0.373910 0.253618 0.212390
3 0 0.008800 0.024991 0.397203 0.562232 0.006774
2 0 0.058129 0.144874 0.487171 0.099086 0.210741
2 0 0.024388 0.120496 0.754388 0.060083 0.040645
2 0 0.024874 0.106620 0.592453 0.094814 0.181239
2 0 0.028917 0.105347 0.591446 0.139140 0.135150
2 0 0.031047 0.096943 0.571568 0.189957 0.110485
2 0 0.016823 0.086836 0.693545 0.133845 0.068952
2 0 0.034976 0.137756 0.639954 0.087475 0.099839
2 0 0.015119 0.097930 0.770361 0.076271 0.040320
2 0 0.021499 0.111820 0.687835 0.072408 0.106439
2 0 0.058201 0.189187 0.529083 0.037515 0.186015
2 0 0.042110 0.107038 0.539087 0.173141 0.138623
2 0 0.045917 0.129691 0.666906 0.093865 0.063621
2 0 0.026003 0.114470 0.643704 0.097787 0.118037
2 0 0.042104 0.138940 0.613551 0.085527 0.119878
2 0 0.024839 0.065281 0.496441 0.346296 0.067143
2 0 0.038330 0.132116 0.644536 0.107077 0.077941
2 0 0.022605 0.102732 0.674878 0.106586 0.093199
2 0 0.073372 0.181676 0.442704 0.044430 0.257819
2 0 0.052622 0.176922 0.600143 0.053804 0.116509
2 0 0.120899 0.151102 0.445436 0.133761 0.148802
2 0 0.038827 0.091383 0.614675 0.227426 0.027689
2 0 0.030067 0.092390 0.582378 0.177289 0.117877
2 0 0.152491 0.143519 0.387127 0.113201 0.203662
4 0 0.250255 0.158819 0.245815 0.054743 0.290368
3 0 0.043103 0.044811 0.290324 0.575111 0.046651
2 0 0.152224 0.172992 0.409438 0.139649 0.125697
3 0 0.028027 0.041980 0.302008 0.574614 0.053370
2 0 0.244710 0.223626 0.415927 0.056472 0.059264
2 0 0.054100 0.183260 0.696121 0.034837 0.031683
2 0 0.066512 0.173593 0.555938 0.053167 0.150790
2 0 0.113830 0.093659 0.412776 0.343495 0.036240
2 0 0.110396 0.189793 0.503931 0.055413 0.140467
3 0 0.197233 0.085129 0.216274 0.389218 0.112146
3 0 0.125667 0.068496 0.274035 0.477720 0.054081
0 0 0.556245 0.090945 0.074941 0.101180 0.176690
0 0 0.348291 0.155078 0.243777 0.150655 0.102199
2 0 0.052629 0.113097 0.589666 0.183228 0.061380
2 0 0.067601 0.117498 0.501170 0.149958 0.163772
3 0 0.011743 0.029163 0.390262 0.561961 0.006870
3 0 0.095185 0.081538 0.373258 0.408186 0.041833
0 0 0.401227 0.103213 0.102190 0.101165 0.292204
2 0 0.147338 0.145878 0.383023 0.168047 0.155713
2 0 0.053743 0.098208 0.470134 0.211439 0.166477
4 0 0.132566 0.113436 0.254466 0.198062 0.301470
2 0 0.102885 0.144655 0.417411 0.083622 0.251427
2 0 0.135910 0.206194 0.548741 0.055519 0.053636
2 0 0.202659 0.177877 0.385325 0.081184 0.152955
0 0 0.458785 0.127973 0.118732 0.067517 0.226993
2 0 0.326274 0.267871 0.347478 0.023079 0.035299
2 0 0.063381 0.125652 0.519063 0.156454 0.135450
2 0 0.057930 0.197632 0.620362 0.024434 0.099641
0 0 0.308945 0.123397 0.224676 0.146492 0.196490
2 0 0.030837 0.103596 0.625229 0.115332 0.125006
2 0 0.102467 0.226162 0.451797 0.024224 0.195350
4 0 0.094180 0.171523 0.290661 0.020402 0.423234
2 0 0.168889 0.226907 0.300491 0.021404 0.282309
3 0 0.034437 0.044234 0.308217 0.580223 0.032889
3 1 0.071225 0.083258 0.302779 0.359020 0.183718
3 1 0.022800 0.044434 0.419697 0.481405 0.031664
0 1 0.375101 0.115914 0.139094 0.107695 0.262196
4 1 0.330194 0.072387 0.043045 0.060285 0.494090
2 1 0.150554 0.134826 0.307015 0.135939 0.271665
4 1 0.124532 0.163622 0.198620 0.025508 0.487718
4 1 0.139243 0.130091 0.201711 0.049225 0.479730
2 1 0.089392 0.199401 0.454320 0.037870 0.219017
2 1 0.085467 0.101353 0.420648 0.244174 0.148358
2 1 0.158468 0.148415 0.374234 0.114192 0.204691
4 1 0.222094 0.122526 0.241208 0.127881 0.286291
2 1 0.087066 0.171430 0.437369 0.048579 0.255557
4 2 0.203940 0.086963 0.066862 0.042979 0.599256
2 2 0.058391 0.103415 0.491169 0.209411 0.137614
2 2 0.256193 0.208942 0.344062 0.043758 0.147045
4 2 0.138979 0.122665 0.119155 0.012079 0.607122
2 2 0.230376 0.260168 0.386532 0.024646 0.098279
2 2 0.158787 0.240189 0.332409 0.025117 0.243499
2 2 0.129209 0.294014 0.358224 0.004326 0.214227
2 2 0.072102 0.179906 0.516144 0.035850 0.195998
4 2 0.092680 0.140505 0.277950 0.037748 0.451117
4 2 0.080914 0.181971 0.274882 0.009387 0.452846
4 2 0.121223 0.164590 0.143035 0.004751 0.566401
4 2 0.093980 0.139807 0.315963 0.058462 0.391788
4 2 0.082077 0.147810 0.313126 0.027131 0.429856
0 2 0.354782 0.260553 0.330098 0.023827 0.030740
2 2 0.084227 0.156568 0.464109 0.070521 0.224574
4 2 0.115504 0.145820 0.223445 0.019267 0.495965
4 2 0.323640 0.123124 0.092675 0.044464 0.416097
4 2 0.240228 0.095053 0.120188 0.147160 0.397371
2 2 0.042390 0.120232 0.587668 0.124199 0.125511
4 2 0.076697 0.147062 0.330278 0.044293 0.401669
2 2 0.039427 0.091433 0.549827 0.208123 0.111190
2 3 0.076067 0.170075 0.409307 0.024607 0.319944
2 3 0.080180 0.140731 0.528753 0.107777 0.142558
2 3 0.069937 0.119856 0.508191 0.139127 0.162889
4 3 0.165404 0.103099 0.174414 0.194586 0.362497
2 3 0.162593 0.135162 0.461024 0.211591 0.029630
2 3 0.102753 0.122846 0.460403 0.254806 0.059193
2 3 0.136850 0.133812 0.382016 0.154281 0.193040
3 3 0.219988 0.098812 0.219672 0.330393 0.131134
4 3 0.160140 0.127426 0.173714 0.043049 0.495671
2 3 0.116881 0.130561 0.335839 0.124341 0.292379
3 3 0.085935 0.081350 0.375396 0.396340 0.060978
2 3 0.088114 0.089517 0.388378 0.319397 0.114594
3 3 0.052668 0.046202 0.278073 0.581766 0.041290
3 3 0.095144 0.067037 0.313448 0.481956 0.042414
4 3 0.292904 0.147128 0.170301 0.046384 0.343283
2 3 0.223934 0.216241 0.395961 0.038008 0.125856
3 3 0.136175 0.058249 0.190074 0.562233 0.053269
3 3 0.053951 0.025860 0.126270 0.777505 0.016414
0 3 0.329408 0.143547 0.219333 0.082990 0.224722
3 3 0.235023 0.085693 0.182691 0.373383 0.123210
3 3 0.168375 0.072363 0.185272 0.469082 0.104909
2 3 0.116226 0.090020 0.361119 0.352341 0.080294
2 3 0.224017 0.134463 0.363848 0.213502 0.064169
2 3 0.155523 0.096107 0.344474 0.332573 0.071323
3 3 0.206619 0.094276 0.277588 0.347449 0.074068
3 3 0.038332 0.045842 0.332753 0.555638 0.027435
0 3 0.344067 0.196475 0.236163 0.038378 0.184917
3 3 0.045707 0.040678 0.264975 0.616382 0.032259
3 3 0.082624 0.069445 0.315289 0.450345 0.082297
0 3 0.297188 0.158191 0.258357 0.067836 0.218428
4 3 0.197666 0.140427 0.225560 0.105365 0.330983
4 3 0.222308 0.134178 0.165451 0.054754 0.423309
3 3 0.025568 0.023705 0.184506 0.750704 0.015518
3 3 0.030449 0.040165 0.327778 0.572833 0.028775
2 3 0.184571 0.170696 0.333380 0.160682 0.150671
2 3 0.107655 0.091449 0.385222 0.376200 0.039474
2 3 0.146284 0.140987 0.338442 0.113856 0.260431
2 3 0.052014 0.106833 0.586523 0.199490 0.055140
2 3 0.200340 0.166958 0.284339 0.067588 0.280775
3 3 0.164455 0.105589 0.234028 0.268337 0.227591
2 3 0.142829 0.115720 0.374350 0.253061 0.114040
2 3 0.138978 0.138733 0.331379 0.097107 0.293802
3 3 0.041921 0.045147 0.257736 0.608220 0.046976
2 3 0.159954 0.110288 0.302303 0.225789 0.201666
2 3 0.087432 0.116884 0.448185 0.190763 0.156737
4 3 0.172382 0.117230 0.116904 0.024043 0.569441
2 3 0.119209 0.105736 0.370866 0.281596 0.122593
2 3 0.133482 0.117910 0.354202 0.226267 0.168139
3 3 0.127980 0.090113 0.325915 0.359848 0.096144
3 3 0.120407 0.075623 0.274598 0.489388 0.039985
2 3 0.108949 0.171325 0.340812 0.040680 0.338234
0 3 0.261714 0.129173 0.219619 0.216352 0.173143
4 3 0.305034 0.159135 0.150148 0.041175 0.344509
2 3 0.207351 0.138915 0.264572 0.136145 0.253017
2 3 0.162040 0.123570 0.359678 0.270626 0.084085
4 3 0.198719 0.142261 0.168275 0.041631 0.449114
2 3 0.046594 0.112913 0.629257 0.176895 0.034342
2 3 0.106130 0.110290 0.411641 0.232361 0.139579
2 3 0.105708 0.140307 0.371823 0.145885 0.236276
3 3 0.231942 0.079886 0.162696 0.408193 0.117284
4 3 0.277239 0.131777 0.178376 0.124178 0.288431
2 3 0.163508 0.176556 0.356106 0.083916 0.219913
3 3 0.032978 0.049021 0.386342 0.507266 0.024393
3 3 0.010797 0.016868 0.221518 0.742680 0.008137
2 3 0.127450 0.166782 0.511014 0.096526 0.098228
3 3 0.030680 0.032460 0.243337 0.668860 0.024664
2 3 0.129727 0.115342 0.343146 0.186003 0.225781
3 3 0.086678 0.078941 0.374127 0.388585 0.071669
2 3 0.123007 0.125455 0.368019 0.181523 0.201995
0 2 0.797666 0.072410 0.072750 0.052925 0.004249
0 2 0.642372 0.173272 0.084536 0.021523 0.078297
4 2 0.107954 0.265073 0.295583 0.003163 0.328227
4 2 0.181579 0.171711 0.299218 0.040977 0.306515
4 2 0.141070 0.196427 0.205287 0.007522 0.449695
4 2 0.088138 0.176283 0.227886 0.007158 0.500534
2 2 0.032448 0.113295 0.624824 0.087120 0.142313
2 2 0.065548 0.158295 0.382000 0.017266 0.376891
2 2 0.056248 0.146115 0.480282 0.052263 0.265092
2 2 0.105169 0.128971 0.371150 0.114173 0.280537
4 2 0.062913 0.164050 0.212868 0.003751 0.556417
2 2 0.121862 0.217441 0.383723 0.015176 0.261798
2 2 0.076882 0.180226 0.424002 0.023788 0.295102
3 2 0.108053 0.072742 0.300367 0.442850 0.075988
3 2 0.189333 0.066093 0.170791 0.507069 0.066715
0 2 0.355071 0.118240 0.174104 0.133473 0.219112
2 2 0.231465 0.137874 0.316240 0.157638 0.156783
3 2 0.077415 0.044233 0.234254 0.619451 0.024646
2 2 0.221830 0.111908 0.276994 0.273582 0.115685
2 2 0.143302 0.140504 0.355133 0.117234 0.243827
4 2 0.135648 0.152312 0.266314 0.026523 0.419204
2 2 0.089248 0.114927 0.477170 0.193041 0.125614
2 2 0.190219 0.234909 0.362954 0.021407 0.190511
2 4 0.200706 0.218223 0.388562 0.076317 0.116192
2 4 0.133621 0.154861 0.386555 0.068255 0.256707
2 4 0.107393 0.122478 0.407120 0.173197 0.189812
0 4 0.356625 0.127401 0.130746 0.059506 0.325722
4 4 0.306958 0.091035 0.044799 0.017848 0.539358
4 4 0.271503 0.105732 0.126554 0.093695 0.402517
0 4 0.436866 0.101403 0.108160 0.146345 0.207226
4 4 0.197529 0.166763 0.143589 0.011764 0.480355
2 4 0.131102 0.228240 0.335567 0.009586 0.295504
4 4 0.100059 0.174989 0.301248 0.019250 0.404454
4 4 0.224228 0.146142 0.228445 0.054580 0.346606
2 4 0.062119 0.076811 0.401772 0.361164 0.098134
4 4 0.149534 0.148381 0.251317 0.031979 0.418789
4 4 0.113407 0.151222 0.247899 0.018420 0.469052
4 4 0.133653 0.137047 0.184723 0.027098 0.517479
4 4 0.109015 0.155976 0.298721 0.039813 0.396475
2 2 0.045641 0.084642 0.538969 0.290424 0.040324
2 2 0.153183 0.171288 0.399905 0.075327 0.200297
3 2 0.018617 0.019261 0.190122 0.761444 0.010556
2 2 0.084708 0.238822 0.505847 0.013330 0.157293
4 2 0.117354 0.164725 0.164543 0.005818 0.547560
4 4 0.147579 0.209706 0.232076 0.010935 0.399703
4 4 0.174353 0.195697 0.271481 0.020136 0.338333
2 4 0.140426 0.215994 0.449456 0.037393 0.156732
2 4 0.113865 0.119593 0.359431 0.160915 0.246197
4 4 0.309013 0.113334 0.149059 0.111447 0.317147
2 4 0.261717 0.173209 0.370552 0.123314 0.071207
0 4 0.426922 0.088605 0.061706 0.073720 0.349047
2 4 0.201745 0.138250 0.311983 0.160632 0.187390
4 4 0.339589 0.089324 0.070817 0.073495 0.426775
2 4 0.294058 0.158538 0.330812 0.135428 0.081163
2 4 0.083172 0.154782 0.428281 0.045059 0.288706
2 4 0.041741 0.101324 0.513064 0.166009 0.177861
2 4 0.140041 0.152781 0.343644 0.073998 0.289535
2 2 0.051126 0.109814 0.611732 0.186211 0.041117
2 2 0.097168 0.122911 0.446228 0.177966 0.155726
2 2 0.194445 0.135807 0.284532 0.116719 0.268497
2 2 0.147164 0.207258 0.346952 0.026816 0.271810
3 2 0.070396 0.055168 0.288024 0.535150 0.051262
3 2 0.008228 0.018436 0.264001 0.696528 0.012807
2 2 0.029301 0.106522 0.665330 0.143363 0.055484
2 2 0.032726 0.171926 0.678571 0.022499 0.094277
2 2 0.040023 0.183260 0.615910 0.024208 0.136600
2 2 0.051879 0.156340 0.530528 0.055655 0.205598
2 2 0.057322 0.223892 0.571434 0.018504 0.128849
2 2 0.041522 0.152952 0.639013 0.054050 0.112463
2 2 0.029158 0.145003 0.726090 0.043769 0.055980
2 2 0.029417 0.110914 0.647557 0.095104 0.117008
2 2 0.031401 0.131858 0.676752 0.077100 0.082889
2 2 0.057702 0.179763 0.531734 0.045770 0.185031
2 2 0.050465 0.166440 0.480895 0.041119 0.261081
2 2 0.032106 0.113236 0.654513 0.131285 0.068860
2 2 0.075420 0.206419 0.435058 0.027729 0.255375
2 2 0.063761 0.150044 0.572206 0.119126 0.094863
2 2 0.046168 0.114165 0.602984 0.188800 0.047883
2 2 0.025325 0.074008 0.619325 0.248026 0.033315
2 2 0.069122 0.144720 0.534329 0.118589 0.133240
2 2 0.091973 0.125514 0.352415 0.207267 0.222830
2 2 0.043627 0.098502 0.563974 0.247707 0.046189
2 2 0.055604 0.116564 0.484035 0.146666 0.197131
2 2 0.041999 0.158642 0.660879 0.049657 0.088823
2 2 0.034991 0.102903 0.628575 0.149041 0.084491
2 2 0.037877 0.088307 0.530836 0.249883 0.093097
2 2 0.113586 0.202801 0.524579 0.078630 0.080405
2 2 0.074182 0.142809 0.630360 0.116558 0.036091
2 2 0.078059 0.117788 0.493511 0.238647 0.071994
2 2 0.072929 0.109967 0.468054 0.283440 0.065610
2 2 0.069075 0.153817 0.540091 0.100376 0.136641
2 2 0.071380 0.137913 0.586569 0.155019 0.049118
2 2 0.045502 0.135191 0.523212 0.088060 0.208035
2 2 0.094698 0.123014 0.430055 0.170335 0.181897
3 2 0.052353 0.059002 0.383794 0.470977 0.033873
0 2 0.343519 0.184102 0.335808 0.118664 0.017907
0 2 0.860851 0.025871 0.025203 0.086166 0.001909
0 2 0.923212 0.012851 0.010200 0.053400 0.000336
2 2 0.036166 0.099146 0.616968 0.210114 0.037605
2 2 0.049245 0.104840 0.488412 0.211554 0.145950
2 2 0.047688 0.098313 0.527197 0.238413 0.088388
2 2 0.061448 0.141626 0.569013 0.126054 0.101860
4 2 0.118617 0.159595 0.278591 0.059578 0.383619
2 2 0.042245 0.083917 0.526361 0.324656 0.022821
3 2 0.029260 0.052241 0.388110 0.474595 0.055793
4 2 0.150195 0.136781 0.272521 0.152966 0.287536
3 2 0.117281 0.092898 0.295259 0.385284 0.109278
2 2 0.095465 0.131775 0.405276 0.180012 0.187472
2 3 0.080974 0.082659 0.427025 0.391725 0.017616
2 3 0.088919 0.100177 0.386326 0.332171 0.092407
3 3 0.048354 0.045322 0.251871 0.613125 0.041328
3 3 0.045396 0.046070 0.283347 0.583692 0.041496
3 3 0.028266 0.019934 0.118928 0.814744 0.018128
4 3 0.146157 0.146847 0.260067 0.065651 0.381278
4 3 0.134305 0.155728 0.265077 0.030242 0.414648
2 3 0.076719 0.171381 0.539774 0.050551 0.161576
2 3 0.101205 0.112435 0.421343 0.215642 0.149375
4 3 0.189826 0.155934 0.201602 0.026579 0.426060
4 3 0.141804 0.135088 0.291138 0.127655 0.304315
3 3 0.017638 0.018868 0.204216 0.752297 0.006981
2 3 0.119582 0.093716 0.315275 0.301728 0.169699
2 3 0.259110 0.202741 0.313364 0.036940 0.187846
2 3 0.073610 0.108701 0.453208 0.245482 0.118999
4 3 0.214025 0.092950 0.065162 0.023703 0.604161
4 3 0.274953 0.103540 0.118216 0.090444 0.412846
3 3 0.097050 0.060823 0.301782 0.510488 0.029857
2 3 0.071380 0.109767 0.506243 0.190167 0.122443
2 3 0.081875 0.129501 0.477980 0.114723 0.195921
2 3 0.166621 0.205713 0.419983 0.058683 0.149000
2 3 0.148478 0.178952 0.421519 0.084219 0.166832
2 3 0.092633 0.090559 0.336222 0.312402 0.168183
4 3 0.162073 0.114254 0.102496 0.015917 0.605259
4 3 0.239300 0.143532 0.171662 0.037293 0.408213
3 3 0.114757 0.091692 0.329400 0.351781 0.112371
2 3 0.092119 0.176250 0.536008 0.062609 0.133014
2 3 0.187898 0.143539 0.329703 0.105811 0.233050
4 3 0.155175 0.129584 0.212255 0.070805 0.432181
4 3 0.131385 0.118937 0.292646 0.156824 0.300207
3 3 0.126752 0.064011 0.234168 0.519576 0.055493
2 3 0.122350 0.161699 0.453784 0.090514 0.171654
4 3 0.284078 0.145228 0.166991 0.047616 0.356087
2 3 0.158877 0.174550 0.355603 0.046512 0.264458
2 3 0.187379 0.116762 0.276909 0.239286 0.179664
4 3 0.222685 0.107545 0.107154 0.046554 0.516063
4 3 0.208513 0.115709 0.127911 0.044709 0.503158
3 3 0.123164 0.072024 0.208421 0.466043 0.130347
2 3 0.228240 0.166038 0.283434 0.055709 0.266579
4 3 0.189785 0.138102 0.194077 0.039426 0.438610
2 3 0.117420 0.137621 0.404012 0.141265 0.199682
2 3 0.134704 0.108136 0.353048 0.244220 0.159893
2 3 0.094154 0.094918 0.401790 0.297483 0.111655
2 3 0.076688 0.133301 0.499057 0.107487 0.183468
0 3 0.371022 0.206496 0.288572 0.059084 0.074825
2 3 0.172612 0.196548 0.402939 0.060743 0.167158
4 3 0.239236 0.132730 0.152641 0.044106 0.431286
2 3 0.155925 0.140846 0.371020 0.116575 0.215635
2 3 0.179930 0.131271 0.347258 0.183627 0.157914
4 3 0.204139 0.170477 0.165426 0.017355 0.442603
0 3 0.335873 0.191762 0.289516 0.085419 0.097429
2 3 0.133303 0.166569 0.485464 0.092919 0.121745
2 3 0.308072 0.159132 0.316649 0.123652 0.092495
0 3 0.406677 0.109208 0.124792 0.115947 0.243376
2 3 0.253016 0.186842 0.258745 0.062956 0.238441
0 3 0.592229 0.088344 0.074447 0.105318 0.139663
4 3 0.214906 0.131495 0.208851 0.125483 0.319265
2 3 0.146658 0.123191 0.345693 0.247543 0.136916
0 3 0.270832 0.128546 0.238089 0.125374 0.237159
2 3 0.241826 0.133282 0.336158 0.242026 0.046709
3 3 0.040682 0.023734 0.133023 0.786331 0.016230
3 3 0.196743 0.083554 0.222735 0.400488 0.096479
3 3 0.054952 0.039165 0.192491 0.670459 0.042933
3 3 0.110625 0.049836 0.173449 0.639833 0.026257
3 3 0.007558 0.010170 0.146184 0.831321 0.004767
3 3 0.083419 0.051338 0.252036 0.576492 0.036715
3 3 0.151956 0.053371 0.137548 0.594560 0.062565
0 3 0.417118 0.084013 0.119117 0.283980 0.095773
3 3 0.137143 0.097924 0.304704 0.404275 0.055954
3 3 0.061555 0.036651 0.138754 0.706927 0.056114
3 3 0.258562 0.105243 0.237739 0.264731 0.133725
0 2 0.263425 0.123977 0.234866 0.137858 0.239874
0 2 0.521760 0.201661 0.202611 0.035932 0.038037
4 2 0.254166 0.183388 0.185683 0.024991 0.351772
2 2 0.090890 0.168219 0.354272 0.032451 0.354168
2 2 0.041709 0.167640 0.524672 0.016831 0.249148
4 2 0.046348 0.133401 0.367557 0.038932 0.413762
2 2 0.176057 0.140552 0.423163 0.205682 0.054545
2 2 0.048315 0.140154 0.629499 0.077963 0.104069
2 2 0.032314 0.100253 0.604200 0.130462 0.132771
2 2 0.027018 0.105431 0.684043 0.108651 0.074857
2 2 0.050830 0.208446 0.563689 0.013008 0.164028
2 2 0.032569 0.136049 0.663298 0.052116 0.115967
2 2 0.043157 0.152985 0.527399 0.031228 0.245231
2 2 0.078311 0.194177 0.475456 0.031819 0.220236
2 2 0.048742 0.150979 0.457681 0.027625 0.314972
2 2 0.058740 0.167398 0.520934 0.047999 0.204929
4 2 0.055725 0.130839 0.225292 0.016382 0.571762
2 2 0.049938 0.169968 0.527037 0.035125 0.217933
2 2 0.050639 0.180759 0.555147 0.027511 0.185945
2 2 0.037633 0.146159 0.625721 0.048392 0.142095
2 2 0.065597 0.132466 0.399106 0.072201 0.330631
2 2 0.044221 0.124099 0.603639 0.090677 0.137363
2 2 0.040872 0.146658 0.587184 0.039682 0.185604
2 2 0.050573 0.153298 0.547725 0.056678 0.191726
2 2 0.093652 0.194708 0.425634 0.026365 0.259641
0 2 0.369145 0.122928 0.136027 0.078238 0.293663
0 2 0.535017 0.230896 0.168145 0.020938 0.045005
4 2 0.233620 0.195565 0.223426 0.022632 0.324758
2 2 0.048156 0.132474 0.538763 0.093278 0.187329
0 2 0.317407 0.144024 0.185309 0.070505 0.282755
2 2 0.060712 0.167099 0.593089 0.051652 0.127448
2 2 0.058769 0.163270 0.517597 0.032375 0.227989
2 2 0.037659 0.125930 0.608682 0.095716 0.132013
2 2 0.044814 0.176069 0.579518 0.021451 0.178148
2 2 0.071407 0.165883 0.525820 0.065872 0.171018
2 2 0.045255 0.126076 0.618775 0.102248 0.107645
2 2 0.051651 0.161364 0.637227 0.048197 0.101561
2 2 0.034000 0.076910 0.484148 0.300638 0.104304
2 2 0.076668 0.148473 0.478226 0.068739 0.227895
2 2 0.051655 0.114066 0.612955 0.161645 0.059678
2 2 0.059133 0.154445 0.611971 0.064530 0.109921
3 2 0.052646 0.061990 0.350537 0.457230 0.077598
4 2 0.079959 0.140173 0.353959 0.051912 0.373996
2 2 0.078540 0.106166 0.441223 0.206335 0.167736
2 2 0.027832 0.058362 0.435047 0.413692 0.065066
3 2 0.095647 0.064550 0.239626 0.534108 0.066069
0 2 0.299306 0.259017 0.268423 0.019845 0.153409
2 2 0.105160 0.106918 0.277146 0.236810 0.273966
2 2 0.116669 0.110911 0.334935 0.258975 0.178511
2 2 0.055002 0.124706 0.614614 0.135140 0.070538
2 2 0.157517 0.116903 0.387970 0.259161 0.078449
2 2 0.082880 0.098189 0.427206 0.299976 0.091748
2 2 0.106068 0.155799 0.437330 0.119847 0.180956
2 2 0.122163 0.114907 0.349490 0.224828 0.188612
2 2 0.048902 0.086504 0.503791 0.263879 0.096924
2 2 0.142733 0.150614 0.416570 0.155402 0.134680
2 2 0.063632 0.160870 0.653335 0.076240 0.045922
3 2 0.032596 0.036966 0.285542 0.623208 0.021689
4 2 0.106640 0.124111 0.185563 0.040295 0.543391
2 2 0.050611 0.088525 0.543679 0.280899 0.036285
3 2 0.022350 0.031139 0.279377 0.639868 0.027266
2 2 0.084378 0.121909 0.411925 0.172882 0.208905
2 2 0.061910 0.132650 0.475975 0.074596 0.254869
4 2 0.070313 0.158265 0.347603 0.017072 0.406746
2 2 0.108188 0.193499 0.396518 0.030053 0.271742
2 2 0.056955 0.094674 0.453879 0.266468 0.128024
3 2 0.067989 0.050125 0.268190 0.572368 0.041329
0 2 0.682857 0.075244 0.060793 0.103542 0.077565
0 2 0.755457 0.051064 0.060512 0.123102 0.009865
3 2 0.108495 0.093649 0.339586 0.392246 0.066024
3 2 0.054448 0.025967 0.144648 0.763209 0.011728
4 2 0.100740 0.150934 0.283827 0.046303 0.418197
4 4 0.111821 0.147976 0.241559 0.024934 0.473710
4 4 0.114328 0.230336 0.255581 0.008306 0.391450
2 4 0.091355 0.223553 0.426381 0.010731 0.247981
4 4 0.077470 0.165205 0.314515 0.020777 0.422033
2 4 0.092678 0.203967 0.363087 0.015543 0.324725
2 4 0.050695 0.184899 0.566982 0.018947 0.178478
2 4 0.132778 0.206103 0.325357 0.019040 0.316722
2 4 0.152274 0.250647 0.331991 0.012628 0.252460
4 4 0.107696 0.224659 0.240088 0.005450 0.422108
0 4 0.291123 0.123867 0.229006 0.143389 0.212615
0 0 0.615164 0.165229 0.177525 0.032237 0.009844
4 1 0.181559 0.148870 0.083127 0.004694 0.581749
2 1 0.060446 0.122262 0.454885 0.163794 0.198613
2 2 0.025881 0.103851 0.659206 0.094441 0.116621
2 2 0.044023 0.138474 0.496579 0.039778 0.281145
2 2 0.027139 0.113539 0.727569 0.083864 0.047889
2 2 0.046431 0.155759 0.656751 0.049032 0.092027
2 4 0.021584 0.104875 0.702517 0.078262 0.092761
2 4 0.048331 0.173118 0.451662 0.011064 0.315825
2 4 0.052454 0.117361 0.580753 0.144352 0.105081
2 4 0.043930 0.119444 0.469961 0.115582 0.251083
4 4 0.140140 0.161993 0.221168 0.013445 0.463254
4 4 0.260523 0.097412 0.111929 0.113116 0.417020
0 4 0.439062 0.106981 0.184361 0.183619 0.085978
0 4 0.547323 0.095543 0.142413 0.157778 0.056943
0 4 0.796058 0.041361 0.045994 0.110740 0.005847
0 4 0.326501 0.199903 0.234562 0.046995 0.192038
2 4 0.037074 0.191130 0.641765 0.013082 0.116949
2 4 0.035089 0.127087 0.676119 0.068593 0.093111
2 4 0.024833 0.064732 0.524936 0.312485 0.073014
2 4 0.054886 0.174539 0.624982 0.034715 0.110879
2 4 0.048940 0.115926 0.493121 0.118236 0.223777
2 4 0.030944 0.113465 0.581417 0.103453 0.170721
2 4 0.028964 0.137838 0.728352 0.045536 0.059310
2 4 0.051007 0.126021 0.531557 0.134135 0.157280
3 4 0.095026 0.065552 0.203457 0.542551 0.093415
3 4 0.056656 0.066471 0.345412 0.464896 0.066565
3 4 0.068313 0.045511 0.257687 0.606621 0.021869
2 4 0.181402 0.261072 0.394088 0.030175 0.133263
3 4 0.181251 0.082874 0.269152 0.398551 0.068173
2 4 0.230703 0.227636 0.335377 0.028089 0.178195
2 4 0.119311 0.141922 0.388696 0.162930 0.187141
2 4 0.046542 0.120180 0.459377 0.096146 0.277755
2 4 0.014253 0.093297 0.703750 0.063602 0.125098
2 4 0.038333 0.149174 0.643445 0.040900 0.128148
4 4 0.290459 0.099719 0.067170 0.030145 0.512508
0 4 0.757976 0.057970 0.032824 0.080400 0.070830
0 4 0.393771 0.161578 0.253727 0.093938 0.096986
2 4 0.040535 0.135872 0.666130 0.072838 0.084625
2 4 0.183654 0.176225 0.304709 0.039752 0.295660
4 4 0.088309 0.143574 0.272474 0.032854 0.462789
0 4 0.395856 0.140430 0.130576 0.067664 0.265474
3 4 0.064303 0.042819 0.167765 0.656210 0.068903
0 4 0.435652 0.087658 0.062209 0.077607 0.336875
0 4 0.331765 0.138065 0.230665 0.170768 0.128737
3 4 0.257413 0.083803 0.170440 0.378215 0.110129
2 4 0.224804 0.122532 0.312889 0.228243 0.111533
2 4 0.025764 0.120173 0.661493 0.055367 0.137202
2 4 0.035597 0.152549 0.599074 0.035435 0.177345
2 4 0.085998 0.141997 0.393040 0.067458 0.311506
2 4 0.100458 0.208678 0.368554 0.019628 0.302682
2 4 0.067253 0.155681 0.472689 0.090560 0.213817
2 4 0.088263 0.159696 0.392898 0.048402 0.310741
2 4 0.043943 0.127307 0.602331 0.102057 0.124362
0 4 0.431544 0.072499 0.037631 0.056291 0.402035
4 4 0.135259 0.157119 0.242688 0.049725 0.415209
4 4 0.131304 0.147541 0.190064 0.028414 0.502677
4 4 0.122914 0.128162 0.228563 0.067433 0.452927
4 4 0.137907 0.128874 0.244462 0.102994 0.385764
2 4 0.226624 0.127903 0.293178 0.179733 0.172562
1 4 0.252277 0.270174 0.230574 0.008034 0.238941
4 4 0.311345 0.087794 0.070443 0.070013 0.460404
2 4 0.049228 0.128848 0.508030 0.065007 0.248888
2 4 0.153291 0.259995 0.300716 0.008641 0.277357
2 4 0.053447 0.125299 0.433761 0.085938 0.301555
4 4 0.089189 0.205273 0.313069 0.008900 0.383568
2 4 0.065540 0.125737 0.528206 0.114921 0.165596
2 4 0.172592 0.221116 0.463155 0.040460 0.102677
0 4 0.641081 0.076314 0.048922 0.084840 0.148843
0 4 0.632950 0.084372 0.088745 0.126154 0.067779
2 4 0.163885 0.273906 0.311873 0.007155 0.243181
2 4 0.150503 0.228917 0.375098 0.020963 0.224519
2 4 0.257537 0.157621 0.357354 0.150496 0.076993
4 4 0.076435 0.125126 0.338138 0.114021 0.346281
4 4 0.124301 0.118321 0.162417 0.047675 0.547285
2 4 0.045950 0.118243 0.600510 0.112580 0.122718
2 4 0.048095 0.106466 0.523785 0.161405 0.160249
4 2 0.134999 0.204718 0.315347 0.022830 0.322106
2 2 0.058546 0.099533 0.460851 0.255538 0.125533
2 2 0.060034 0.164195 0.614405 0.056609 0.104756
0 2 0.253235 0.122807 0.242317 0.147502 0.234138
0 2 0.424424 0.114186 0.188964 0.158691 0.113736
2 2 0.065046 0.169660 0.599195 0.050036 0.116063
2 2 0.071848 0.124883 0.496217 0.131991 0.175061
2 2 0.057307 0.145945 0.662692 0.088502 0.045555
2 2 0.085298 0.124132 0.422774 0.134121 0.233675
2 2 0.045195 0.083893 0.512833 0.277115 0.080965
2 2 0.151229 0.155319 0.460468 0.127397 0.105587
2 2 0.136755 0.141049 0.458762 0.167542 0.095891
2 2 0.100656 0.113543 0.477371 0.264985 0.043445
2 2 0.068545 0.146825 0.555827 0.104144 0.124658
2 2 0.107240 0.103219 0.426176 0.289480 0.073885
2 2 0.157069 0.245955 0.480996 0.033144 0.082836
2 2 0.088758 0.205637 0.584606 0.033723 0.087277
2 2 0.035646 0.079469 0.566599 0.281809 0.036477
2 2 0.037867 0.064415 0.476381 0.383685 0.037652
3 2 0.019917 0.017993 0.187534 0.769186 0.005371
2 2 0.125960 0.183520 0.470909 0.077984 0.141626
2 2 0.118913 0.120098 0.361556 0.177790 0.221643
2 2 0.063174 0.093571 0.502298 0.261290 0.079667
0 2 0.398047 0.215419 0.283014 0.045325 0.058194
2 2 0.094258 0.129655 0.477710 0.147441 0.150935
2 2 0.048428 0.147476 0.641152 0.075748 0.087195
4 2 0.154374 0.160980 0.305316 0.053524 0.325807
2 2 0.120931 0.202565 0.395441 0.035269 0.245795
2 2 0.049018 0.161763 0.683046 0.058093 0.048080
4 2 0.083386 0.132293 0.341596 0.077999 0.364726
2 2 0.065703 0.138490 0.489212 0.086216 0.220379
2 2 0.014987 0.056737 0.590798 0.280289 0.057189
2 2 0.028819 0.105877 0.684129 0.125107 0.056067
0 2 0.309650 0.123372 0.224497 0.146607 0.195873
4 2 0.292706 0.086082 0.069072 0.067010 0.485130
2 2 0.063862 0.131015 0.462569 0.089884 0.252671
4 2 0.118174 0.121331 0.253667 0.114148 0.392680
2 2 0.113264 0.134122 0.336780 0.090490 0.325345
2 2 0.074686 0.133098 0.404520 0.091377 0.296319
2 2 0.033253 0.154825 0.690859 0.034894 0.086168
4 2 0.070602 0.207854 0.352729 0.006088 0.362726
2 2 0.040989 0.085217 0.562899 0.259937 0.050958
4 2 0.181410 0.163633 0.173897 0.022036 0.459023
2 2 0.145354 0.128351 0.385309 0.180472 0.160515
2 2 0.085986 0.228780 0.497897 0.017537 0.169800
2 2 0.088598 0.243826 0.349070 0.003710 0.314796
4 2 0.089585 0.167086 0.283581 0.021183 0.438564
2 2 0.063094 0.157507 0.648555 0.078830 0.052014
2 2 0.094556 0.185347 0.406010 0.034825 0.279262
2 2 0.079896 0.147930 0.562718 0.116442 0.093015
2 2 0.054900 0.157170 0.594731 0.062099 0.131100
2 2 0.049867 0.118298 0.594300 0.135233 0.102303
2 2 0.084388 0.179187 0.566372 0.082753 0.087299
3 2 0.082580 0.079979 0.401235 0.404736 0.031471
2 2 0.116113 0.117420 0.394038 0.317816 0.054614
3 2 0.026810 0.034101 0.288375 0.624552 0.026163
2 2 0.067759 0.079973 0.463116 0.375417 0.013736
2 2 0.115559 0.218717 0.522648 0.044021 0.099055
0 2 0.416177 0.090236 0.070825 0.092812 0.329951
2 2 0.244960 0.138661 0.250342 0.120188 0.245849
4 2 0.178014 0.122606 0.211862 0.124878 0.362640
4 2 0.143407 0.125707 0.266583 0.140097 0.324207
3 2 0.129872 0.072659 0.281602 0.453210 0.062656
0 2 0.455558 0.116119 0.138856 0.118826 0.170641
2 3 0.095720 0.096799 0.330455 0.297532 0.179494
2 3 0.139090 0.124979 0.422829 0.237482 0.075619
3 3 0.148864 0.090398 0.342227 0.384647 0.033865
3 3 0.297826 0.087559 0.188076 0.347394 0.079145
2 3 0.100230 0.096516 0.409542 0.314197 0.079515
0 3 0.438312 0.090835 0.101490 0.200901 0.168463
3 3 0.070131 0.026906 0.110550 0.775681 0.016731
2 3 0.140645 0.117860 0.349738 0.222069 0.169689
2 3 0.260576 0.157035 0.306764 0.137998 0.137627
3 3 0.228119 0.067545 0.184337 0.477706 0.042292
2 3 0.242789 0.170827 0.355003 0.121440 0.109941
3 3 0.076131 0.079349 0.377672 0.403502 0.063345
3 3 0.068865 0.038257 0.216469 0.657936 0.018473
4 3 0.330031 0.135847 0.116496 0.038045 0.379582
3 3 0.010676 0.008994 0.114500 0.863427 0.002403
2 3 0.136875 0.120803 0.460377 0.246047 0.035898
3 3 0.077462 0.064328 0.306084 0.490464 0.061661
3 3 0.070395 0.055055 0.318165 0.541752 0.014633
3 3 0.020578 0.022175 0.208140 0.735130 0.013978
3 3 0.033078 0.024543 0.201033 0.735162 0.006185
2 3 0.109352 0.102713 0.411746 0.307837 0.068351
3 3 0.159524 0.066036 0.243283 0.492637 0.038520
4 3 0.176638 0.129861 0.177850 0.054038 0.461612
2 3 0.212952 0.148204 0.371153 0.180831 0.086860
2 3 0.141314 0.163602 0.378870 0.115219 0.200996
2 3 0.038392 0.060670 0.438224 0.419489 0.043225
3 3 0.022320 0.023957 0.200778 0.733729 0.019216
3 3 0.046194 0.027062 0.168564 0.749392 0.008788
2 2 0.080846 0.085501 0.408587 0.354092 0.070975
2 2 0.089445 0.113420 0.523748 0.217987 0.055400
2 2 0.094772 0.157974 0.471273 0.082237 0.193744
4 2 0.098693 0.144045 0.342718 0.057027 0.357517
2 2 0.091517 0.149551 0.562329 0.126349 0.070254
3 2 0.027336 0.041722 0.365281 0.538213 0.027448
3 2 0.067044 0.056508 0.278840 0.551970 0.045638
2 2 0.047449 0.153565 0.626793 0.052635 0.119558
2 2 0.079148 0.156396 0.569545 0.095053 0.099859
0 1 0.425395 0.114070 0.188621 0.158738 0.113175
0 2 0.478805 0.106869 0.169046 0.160006 0.085274
2 2 0.024757 0.139105 0.745584 0.032969 0.057585
2 2 0.054246 0.150356 0.541651 0.067803 0.185944
4 4 0.053709 0.152706 0.382207 0.023173 0.388205
2 4 0.045563 0.133015 0.492330 0.053512 0.275581
2 4 0.094815 0.210428 0.514785 0.032019 0.147953
2 4 0.064326 0.122970 0.485565 0.143286 0.183852
4 4 0.313222 0.132178 0.133211 0.079387 0.342002
2 4 0.043253 0.141731 0.550187 0.054965 0.209865
4 4 0.078949 0.152012 0.189808 0.007355 0.571876
2 4 0.068098 0.182003 0.464372 0.031442 0.254086
4 4 0.051432 0.156823 0.379255 0.018679 0.393812
4 4 0.116753 0.219267 0.306999 0.014824 0.342157
4 4 0.219751 0.158320 0.161885 0.044980 0.415064
4 4 0.207983 0.128734 0.128109 0.024422 0.510751
2 4 0.110359 0.307116 0.427690 0.004266 0.150569
2 4 0.039337 0.156461 0.595019 0.039302 0.169881
4 4 0.067961 0.132427 0.284802 0.054678 0.460132
2 4 0.053541 0.200450 0.498249 0.015264 0.232495
2 4 0.043492 0.179214 0.523335 0.019664 0.234295
2 4 0.062732 0.179484 0.481641 0.029697 0.246447
2 4 0.037272 0.123421 0.541422 0.075031 0.222854
4 4 0.242781 0.118641 0.179310 0.098620 0.360648
4 4 0.177140 0.128336 0.234830 0.122283 0.337411
2 4 0.077682 0.224195 0.504676 0.020139 0.173308
2 4 0.037593 0.154478 0.624169 0.030844 0.152916
2 4 0.028361 0.141169 0.665845 0.038202 0.126424
2 4 0.033353 0.145000 0.619578 0.034495 0.167574
2 4 0.033242 0.081471 0.512424 0.282002 0.090861
2 4 0.072602 0.181831 0.579083 0.064000 0.102484
2 4 0.056111 0.196425 0.511555 0.018574 0.217334
2 4 0.084708 0.166030 0.505533 0.056025 0.187704
4 4 0.093487 0.128147 0.330012 0.101768 0.346587
0 1 0.281886 0.148576 0.225074 0.073777 0.270687
2 2 0.050333 0.193043 0.532931 0.015708 0.207986
2 4 0.029402 0.146846 0.626641 0.029418 0.167693
2 4 0.086797 0.212817 0.411780 0.016316 0.272290
2 4 0.079551 0.124949 0.363594 0.111385 0.320521
2 4 0.098102 0.209250 0.445971 0.024346 0.222330
2 4 0.087121 0.168992 0.532548 0.065885 0.145453
2 4 0.061594 0.219942 0.428022 0.009307 0.281135
2 4 0.043915 0.159430 0.624985 0.036670 0.134999
2 4 0.127466 0.150270 0.360878 0.061062 0.300324
0 4 0.473671 0.108724 0.150709 0.145467 0.121430
0 4 0.520283 0.207076 0.174044 0.032971 0.065626
4 4 0.199297 0.090116 0.059915 0.019084 0.631588
0 4 0.493463 0.104630 0.163463 0.159893 0.078551
0 4 0.859228 0.031848 0.007925 0.034718 0.066281
2 4 0.145735 0.305814 0.494714 0.009099 0.044639
2 4 0.097740 0.128931 0.394089 0.143311 0.235929
2 4 0.058146 0.139877 0.491047 0.060042 0.250888
3 4 0.123850 0.095181 0.317570 0.353572 0.109827
2 4 0.132320 0.154211 0.437481 0.211093 0.064894
4 4 0.222094 0.122526 0.241208 0.127881 0.286291
3 4 0.354244 0.078540 0.134004 0.357162 0.076049
2 4 0.284699 0.127479 0.311183 0.249121 0.027518
3 4 0.241599 0.104212 0.217633 0.267874 0.168681
4 4 0.305064 0.126638 0.121379 0.042988 0.403930
2 4 0.275565 0.175053 0.302449 0.081651 0.165282
4 4 0.122292 0.125178 0.272268 0.109244 0.371019
2 4 0.183901 0.165918 0.333056 0.111269 0.205855
2 4 0.064844 0.115865 0.624293 0.184499 0.010499
2 4 0.046172 0.174539 0.483966 0.012468 0.282856
4 4 0.091900 0.155619 0.166453 0.004961 0.581066
2 4 0.243282 0.195280 0.331256 0.057714 0.172468
2 4 0.102691 0.101534 0.413411 0.292505 0.089859
2 4 0.307123 0.207489 0.322438 0.053369 0.109581
3 4 0.064570 0.043402 0.246422 0.617587 0.028019
2 4 0.060209 0.093228 0.511386 0.281228 0.053949
2 4 0.148694 0.126009 0.333935 0.201874 0.189489
3 4 0.239314 0.086181 0.256675 0.381533 0.036296
4 4 0.238495 0.141993 0.200816 0.078480 0.340216
2 4 0.291716 0.227578 0.346837 0.043889 0.089979
4 4 0.321346 0.080627 0.055650 0.061608 0.480769
2 4 0.133991 0.230228 0.521180 0.032454 0.082147
4 4 0.190339 0.116387 0.115621 0.026870 0.550784
4 4 0.254241 0.133243 0.150694 0.122310 0.339512
2 4 0.083860 0.178960 0.551428 0.051885 0.133866
3 4 0.061004 0.068662 0.395340 0.418166 0.056828
2 4 0.224419 0.127079 0.282120 0.172442 0.193940
0 4 0.473523 0.119122 0.060929 0.033445 0.312981
0 4 0.475802 0.108387 0.146121 0.142724 0.126967
0 1 0.576575 0.098050 0.140303 0.139839 0.045234
4 1 0.218982 0.087827 0.058459 0.024287 0.610445
0 4 0.267749 0.146738 0.267597 0.109201 0.208716
4 4 0.260632 0.117351 0.182571 0.115932 0.323514
4 4 0.180948 0.126447 0.262948 0.146460 0.283196
4 4 0.255711 0.105058 0.107901 0.062096 0.469234
2 4 0.034116 0.081021 0.586296 0.246508 0.052059
