2 0 0.135194 0.140815 0.535278 0.155194 0.033519
0 0 0.247599 0.172104 0.230140 0.158200 0.191957
2 0 0.082695 0.139143 0.495308 0.115232 0.167622
2 0 0.097938 0.121046 0.424849 0.143188 0.212979
3 0 0.139685 0.119184 0.305568 0.310353 0.125211
4 0 0.261450 0.177395 0.228322 0.050587 0.282246
4 0 0.191535 0.155104 0.281394 0.014110 0.357857
4 0 0.115543 0.101018 0.232049 0.264200 0.287190
2 0 0.069781 0.133469 0.549673 0.196445 0.050633
3 0 0.142639 0.072991 0.215453 0.496613 0.072303
4 0 0.345293 0.086770 0.120906 0.069639 0.377392
2 0 0.094133 0.164717 0.577383 0.103716 0.060050
4 0 0.140303 0.127907 0.168797 0.032698 0.530295
2 0 0.143509 0.192891 0.427337 0.059116 0.177148
2 0 0.101648 0.144450 0.530274 0.133332 0.090296
2 0 0.133654 0.182780 0.411375 0.044148 0.228043
4 0 0.117150 0.147265 0.313874 0.038385 0.383326
2 0 0.128173 0.169579 0.394219 0.126861 0.181169
4 0 0.270781 0.191175 0.212993 0.029733 0.295317
2 0 0.066921 0.092309 0.395238 0.339569 0.105963
4 0 0.095357 0.181683 0.199286 0.004310 0.519364
2 0 0.081115 0.129773 0.390693 0.058321 0.340098
4 0 0.145902 0.127888 0.174387 0.083834 0.467988
2 0 0.048628 0.159606 0.571898 0.031192 0.188677
4 0 0.129651 0.204393 0.268635 0.035972 0.361348
4 0 0.127156 0.114896 0.261922 0.089914 0.406113
2 0 0.159944 0.120853 0.346442 0.141635 0.231125
2 0 0.055387 0.179926 0.591244 0.026378 0.147064
2 0 0.163498 0.118514 0.325391 0.219659 0.172938
4 0 0.177337 0.147990 0.205267 0.105411 0.363995
2 0 0.147116 0.135381 0.376795 0.045591 0.295117
4 0 0.141003 0.204102 0.227956 0.053552 0.373388
4 0 0.167561 0.159010 0.285537 0.066748 0.321145
3 0 0.124672 0.070525 0.168441 0.369678 0.266684
3 0 0.225415 0.096640 0.156738 0.281234 0.239973
0 0 0.344610 0.157710 0.266205 0.066540 0.164935
3 0 0.242273 0.100834 0.202021 0.323091 0.131781
0 0 0.291754 0.166527 0.220147 0.051185 0.270387
0 0 0.283229 0.125395 0.213991 0.218378 0.159007
3 0 0.103931 0.053390 0.176763 0.618625 0.047290
4 0 0.129493 0.098755 0.281029 0.201461 0.289261
2 0 0.187051 0.160158 0.245594 0.187378 0.219819
3 0 0.057245 0.033849 0.187963 0.706672 0.014271
2 0 0.223895 0.305066 0.312941 0.030938 0.127160
4 0 0.155981 0.179546 0.278631 0.082351 0.303491
4 0 0.249288 0.104522 0.152518 0.067270 0.426402
3 0 0.127869 0.051790 0.147533 0.631973 0.040834
0 0 0.281166 0.185159 0.233446 0.099599 0.200629
2 0 0.103129 0.137155 0.438646 0.098281 0.222788
4 0 0.190592 0.173324 0.185677 0.021428 0.428978
2 0 0.028803 0.139922 0.744922 0.027373 0.058980
1 0 0.124383 0.361336 0.347289 0.004927 0.162065
2 0 0.128522 0.180185 0.536869 0.065463 0.088960
2 0 0.027733 0.089216 0.713415 0.137966 0.031669
2 0 0.126991 0.132984 0.516540 0.097597 0.125888
2 0 0.063803 0.120477 0.654878 0.112625 0.048217
2 0 0.092661 0.132263 0.472552 0.228437 0.074088
2 0 0.198518 0.180169 0.471907 0.052301 0.097104
2 0 0.041045 0.125556 0.709160 0.078659 0.045580
2 0 0.102274 0.182427 0.431922 0.090704 0.192673
3 0 0.051028 0.083571 0.407615 0.418108 0.039678
2 0 0.021903 0.067480 0.706591 0.187540 0.016487
2 0 0.168099 0.113127 0.364968 0.285201 0.068605
2 0 0.158859 0.228755 0.478431 0.032776 0.101179
2 0 0.037551 0.112037 0.716084 0.097071 0.037256
2 0 0.103286 0.165043 0.556752 0.068108 0.106811
3 0 0.198361 0.049792 0.098139 0.640274 0.013434
3 0 0.125188 0.042098 0.105511 0.690535 0.036667
2 0 0.051222 0.091174 0.521190 0.265627 0.070787
2 0 0.046602 0.154427 0.692761 0.043672 0.062538
2 0 0.023347 0.138571 0.725906 0.026681 0.085494
2 0 0.030123 0.207428 0.636796 0.009756 0.115897
2 0 0.042581 0.114982 0.665128 0.062904 0.114405
2 0 0.047887 0.133806 0.610835 0.114162 0.093311
2 0 0.032579 0.191046 0.666193 0.010409 0.099773
2 0 0.063064 0.186601 0.535654 0.031925 0.182756
2 0 0.099083 0.185134 0.361273 0.068184 0.286325
2 0 0.027277 0.143178 0.718403 0.023849 0.087293
2 0 0.028870 0.178377 0.653600 0.020141 0.119012
2 0 0.030687 0.189889 0.620961 0.013927 0.144537
2 0 0.044963 0.180784 0.645070 0.027306 0.101876
4 0 0.077868 0.189057 0.301816 0.007401 0.423858
3 0 0.077877 0.038483 0.158782 0.695728 0.029129
2 0 0.168182 0.309597 0.427082 0.020993 0.074146
0 0 0.276906 0.152856 0.243263 0.055078 0.271897
2 0 0.126768 0.161059 0.350127 0.298930 0.063117
2 0 0.024201 0.160327 0.747837 0.027018 0.040618
0 0 0.366895 0.117002 0.293040 0.220751 0.002312
0 0 0.941896 0.017535 0.018082 0.000099 0.022388
2 0 0.025294 0.164208 0.732979 0.009877 0.067642
2 0 0.021977 0.156206 0.734750 0.018972 0.068096
2 0 0.022105 0.168124 0.717806 0.010636 0.081329
2 0 0.026771 0.195551 0.671144 0.012465 0.094070
2 0 0.026115 0.191631 0.652556 0.007890 0.121807
2 0 0.018259 0.173297 0.733592 0.008164 0.066689
2 0 0.025472 0.178825 0.673257 0.009077 0.113369
2 0 0.056153 0.141900 0.634101 0.054222 0.113625
2 0 0.047822 0.201130 0.555854 0.035101 0.160093
2 1 0.024421 0.160053 0.677270 0.013173 0.125084
2 1 0.022411 0.155455 0.710258 0.016847 0.095029
3 1 0.041383 0.042295 0.249051 0.630620 0.036652
2 1 0.061021 0.133501 0.544295 0.101499 0.159684
2 1 0.043799 0.151241 0.626683 0.083463 0.094814
4 1 0.183138 0.157384 0.256372 0.056638 0.346468
2 1 0.053479 0.144503 0.602242 0.094882 0.104895
3 1 0.091702 0.056049 0.183225 0.637335 0.031689
2 1 0.036308 0.114923 0.672506 0.118041 0.058222
2 1 0.106515 0.204925 0.439577 0.036692 0.212290
2 1 0.139920 0.157180 0.440446 0.044968 0.217485
2 1 0.125529 0.152772 0.559465 0.104408 0.057827
2 1 0.070887 0.116915 0.440935 0.107111 0.264152
2 1 0.062444 0.131863 0.641725 0.056442 0.107527
2 1 0.093497 0.143183 0.592648 0.097621 0.073051
2 2 0.083208 0.131682 0.548522 0.098933 0.137654
2 2 0.096668 0.177245 0.538273 0.057193 0.130621
2 2 0.055407 0.116130 0.569543 0.198571 0.060349
2 2 0.143626 0.181711 0.511428 0.041015 0.122222
2 2 0.152807 0.177639 0.467441 0.113864 0.088250
3 2 0.036160 0.037976 0.310165 0.592302 0.023397
2 2 0.184275 0.294617 0.390791 0.030310 0.100007
2 2 0.171283 0.176794 0.458563 0.097924 0.095436
2 2 0.154470 0.198729 0.361865 0.106877 0.178059
2 2 0.157660 0.120409 0.359436 0.221228 0.141267
0 1 0.667939 0.097171 0.131165 0.037453 0.066272
2 1 0.078087 0.200990 0.471375 0.045050 0.204498
2 2 0.091037 0.200535 0.397991 0.017404 0.293033
4 2 0.243133 0.138090 0.245459 0.070195 0.303123
2 2 0.118110 0.193836 0.418942 0.051986 0.217127
2 2 0.072382 0.178516 0.510937 0.040469 0.197695
2 2 0.114113 0.215373 0.423683 0.031751 0.215079
0 1 0.403823 0.088273 0.119058 0.045706 0.343141
4 2 0.229598 0.122241 0.196864 0.155627 0.295670
0 2 0.447350 0.093148 0.123661 0.039421 0.296421
2 2 0.107041 0.163028 0.480724 0.142456 0.106751
2 2 0.063443 0.135667 0.573238 0.131870 0.095782
2 2 0.184597 0.213984 0.347597 0.032456 0.221367
2 2 0.177259 0.194801 0.279990 0.068538 0.279412
2 2 0.124423 0.129983 0.349145 0.108808 0.287641
2 2 0.112346 0.140098 0.426582 0.123807 0.197166
2 2 0.309224 0.175541 0.389903 0.033084 0.092249
2 2 0.035265 0.065933 0.510025 0.344268 0.044510
2 2 0.154853 0.161017 0.569658 0.068249 0.046224
2 2 0.067306 0.102618 0.544854 0.200216 0.085005
2 2 0.079943 0.094756 0.529971 0.247241 0.048090
2 2 0.063701 0.133508 0.598428 0.092759 0.111604
3 2 0.033084 0.047491 0.414207 0.469428 0.035790
2 2 0.035274 0.068441 0.577125 0.294779 0.024382
2 2 0.019831 0.039483 0.459761 0.459623 0.021302
3 2 0.061532 0.053774 0.361632 0.502037 0.021025
3 2 0.072388 0.098857 0.360494 0.419008 0.049254
2 2 0.106510 0.229021 0.418208 0.023970 0.222291
2 2 0.058500 0.131568 0.496915 0.091891 0.221126
2 2 0.097111 0.166809 0.329879 0.096063 0.310136
4 2 0.128135 0.159941 0.189696 0.004433 0.517795
2 2 0.053376 0.147013 0.449446 0.048597 0.301569
2 2 0.195631 0.192592 0.372948 0.041754 0.197074
4 2 0.121427 0.185374 0.219466 0.015317 0.458416
0 1 0.473117 0.162531 0.235362 0.043265 0.085725
0 2 0.283131 0.245119 0.229531 0.007082 0.235136
4 2 0.155247 0.183787 0.196402 0.006441 0.458123
4 2 0.103994 0.142354 0.297368 0.023747 0.432538
2 2 0.159708 0.162672 0.443503 0.083174 0.150944
4 2 0.127045 0.172314 0.218556 0.030762 0.451322
4 2 0.114282 0.187498 0.234784 0.010460 0.452976
2 2 0.077721 0.190554 0.611027 0.022257 0.098441
4 2 0.136018 0.186940 0.227715 0.013203 0.436125
2 2 0.287709 0.212788 0.308573 0.034923 0.156006
4 2 0.184058 0.155446 0.221538 0.080329 0.358629
2 2 0.082845 0.093343 0.578920 0.230085 0.014807
2 3 0.123073 0.102367 0.344476 0.171103 0.258982
4 3 0.255646 0.159001 0.190585 0.016856 0.377913
4 3 0.172016 0.098155 0.142657 0.055450 0.531722
3 3 0.055329 0.074492 0.364582 0.432459 0.073139
4 3 0.136428 0.119078 0.241221 0.180294 0.322980
0 3 0.295957 0.096049 0.164653 0.279034 0.164307
2 3 0.252780 0.170061 0.334867 0.057206 0.185086
4 3 0.203341 0.086342 0.136554 0.286283 0.287480
3 3 0.203465 0.089985 0.197455 0.339305 0.169790
3 3 0.147032 0.089477 0.200020 0.437289 0.126181
3 3 0.074074 0.034484 0.129622 0.729839 0.031981
3 3 0.075706 0.049695 0.193485 0.574535 0.106580
3 3 0.280513 0.076345 0.126619 0.394994 0.121530
3 3 0.181714 0.049098 0.140390 0.596720 0.032077
4 3 0.261544 0.125538 0.173739 0.145410 0.293770
3 3 0.038100 0.026364 0.195655 0.731075 0.008807
3 3 0.152402 0.086654 0.331604 0.354130 0.075210
3 3 0.215688 0.087228 0.142151 0.488717 0.066216
0 3 0.409266 0.082839 0.134231 0.273011 0.100652
3 3 0.230996 0.061472 0.107283 0.531234 0.069015
3 3 0.205914 0.111857 0.193141 0.336824 0.152264
3 3 0.075561 0.041223 0.158470 0.669130 0.055616
4 3 0.123793 0.132848 0.223767 0.070976 0.448615
2 3 0.092119 0.082480 0.300724 0.292192 0.232485
2 3 0.169063 0.091849 0.372619 0.277431 0.089039
2 3 0.135005 0.133579 0.382749 0.210153 0.138513
0 3 0.279631 0.122988 0.188630 0.203901 0.204849
0 3 0.318150 0.146293 0.190212 0.085325 0.260020
3 3 0.266718 0.090261 0.252112 0.355660 0.035249
3 3 0.219747 0.111668 0.164466 0.257704 0.246414
3 3 0.155323 0.077791 0.185857 0.419385 0.161643
0 3 0.416579 0.146982 0.204809 0.145222 0.086409
2 2 0.127358 0.146691 0.410295 0.095831 0.219824
4 2 0.172026 0.185531 0.239682 0.023947 0.378813
2 2 0.098791 0.158577 0.505253 0.112018 0.125361
2 2 0.217599 0.236198 0.258506 0.040805 0.246892
2 2 0.048140 0.070593 0.474388 0.368009 0.038871
2 2 0.071422 0.240716 0.527921 0.009084 0.150856
2 2 0.030561 0.085045 0.724607 0.133597 0.026189
2 2 0.118293 0.191617 0.521673 0.043712 0.124705
4 2 0.106033 0.172817 0.342173 0.027784 0.351192
2 2 0.164709 0.250717 0.332347 0.070417 0.181810
4 2 0.217140 0.135191 0.167414 0.058793 0.421462
2 3 0.141417 0.154510 0.479140 0.144980 0.079953
4 3 0.234026 0.183183 0.256460 0.037027 0.289305
3 3 0.127912 0.094854 0.268712 0.387617 0.120904
3 3 0.029165 0.026463 0.202397 0.715801 0.026174
2 3 0.063190 0.079805 0.438383 0.377956 0.040666
3 3 0.029434 0.025189 0.221946 0.711847 0.011583
3 3 0.028621 0.026036 0.187509 0.744687 0.013147
2 3 0.179748 0.113408 0.317846 0.196585 0.192413
2 3 0.138513 0.129091 0.318389 0.277171 0.136836
3 3 0.008717 0.006951 0.106244 0.876979 0.001110
3 3 0.026875 0.011118 0.068427 0.890715 0.002865
0 3 0.461692 0.075434 0.125129 0.272786 0.064959
3 1 0.162487 0.037235 0.070842 0.709198 0.020238
0 1 0.470331 0.139076 0.140048 0.004131 0.246415
2 2 0.177748 0.145902 0.349152 0.203388 0.123810
2 2 0.220963 0.255065 0.349962 0.039039 0.134971
3 2 0.197837 0.091528 0.240431 0.419368 0.050836
0 2 0.352625 0.185058 0.219134 0.044165 0.199018
4 2 0.130612 0.222070 0.232192 0.003156 0.411970
4 2 0.165667 0.127097 0.263936 0.060001 0.383298
3 2 0.248795 0.071432 0.136495 0.511138 0.032140
0 2 0.445185 0.096247 0.134185 0.069580 0.254803
2 2 0.090445 0.215161 0.480055 0.033608 0.180732
4 2 0.061371 0.159804 0.303775 0.014334 0.460717
4 2 0.047889 0.199696 0.352747 0.012627 0.387042
2 2 0.038793 0.161012 0.529077 0.026385 0.244734
2 2 0.064486 0.188542 0.412678 0.014318 0.319975
2 2 0.060515 0.126446 0.397581 0.042890 0.372568
2 2 0.055813 0.170165 0.463193 0.018042 0.292786
2 2 0.063141 0.170342 0.398813 0.013701 0.354004
2 2 0.053820 0.142292 0.456718 0.027571 0.319600
2 2 0.046277 0.150850 0.696951 0.026050 0.079872
2 2 0.035154 0.134523 0.659994 0.050701 0.119629
2 2 0.052248 0.144794 0.493310 0.048871 0.260778
2 2 0.086331 0.169591 0.406949 0.051868 0.285262
2 2 0.049536 0.058110 0.466304 0.397215 0.028836
4 2 0.124126 0.221018 0.273247 0.009006 0.372602
2 2 0.047214 0.113615 0.559478 0.050975 0.228717
3 2 0.290704 0.072213 0.162507 0.398731 0.075846
3 2 0.045773 0.024329 0.124648 0.787825 0.017425
0 2 0.473481 0.127099 0.180204 0.125086 0.094131
2 2 0.247887 0.196143 0.254973 0.126946 0.174051
3 2 0.045733 0.043286 0.241901 0.611086 0.057994
4 2 0.137665 0.103095 0.204519 0.111568 0.443153
2 2 0.194910 0.142753 0.442314 0.155278 0.064746
2 2 0.069854 0.101817 0.409987 0.289268 0.129075
2 2 0.164827 0.139448 0.423598 0.153233 0.118895
2 2 0.149396 0.137117 0.450056 0.136029 0.127402
0 2 0.438908 0.085641 0.115279 0.035022 0.325150
2 2 0.206679 0.208170 0.366065 0.029061 0.190025
2 2 0.255317 0.201236 0.279185 0.103852 0.160411
2 2 0.047197 0.074094 0.536348 0.259182 0.083180
2 2 0.088970 0.182848 0.568848 0.039069 0.120266
2 2 0.063202 0.126029 0.466833 0.216460 0.127476
2 2 0.079961 0.138663 0.447334 0.066994 0.267049
2 2 0.086182 0.145324 0.573260 0.092151 0.103082
2 2 0.110125 0.170993 0.525993 0.073813 0.119076
2 2 0.037067 0.116169 0.695722 0.068863 0.082179
2 2 0.082261 0.126624 0.354052 0.108673 0.328391
4 2 0.122898 0.177588 0.256209 0.024232 0.419074
4 2 0.106479 0.163758 0.209271 0.025551 0.494941
2 2 0.073869 0.125047 0.421879 0.180096 0.199109
4 2 0.077911 0.145799 0.303388 0.056794 0.416107
4 2 0.195456 0.115613 0.155255 0.030392 0.503284
2 2 0.175273 0.233915 0.307795 0.023042 0.259975
4 2 0.258570 0.182810 0.242085 0.023114 0.293421
4 2 0.209319 0.133636 0.211694 0.088447 0.356905
0 2 0.513314 0.110290 0.159384 0.089079 0.127932
4 2 0.245018 0.084345 0.121884 0.123298 0.425455
2 2 0.215572 0.134908 0.282161 0.161424 0.205934
2 2 0.264610 0.242964 0.323638 0.022278 0.146509
4 2 0.145090 0.237299 0.256908 0.004448 0.356255
3 2 0.057745 0.041785 0.199064 0.623424 0.077983
4 2 0.129769 0.174575 0.293032 0.015562 0.387061
2 2 0.121597 0.166501 0.347028 0.044998 0.319876
4 2 0.121795 0.141277 0.319741 0.068155 0.349033
2 2 0.091727 0.146919 0.452796 0.127422 0.181135
0 2 0.294364 0.123445 0.226244 0.201860 0.154087
3 2 0.085640 0.051217 0.220709 0.604834 0.037600
0 2 0.355343 0.087418 0.180466 0.234609 0.142164
2 2 0.206505 0.108622 0.334520 0.285654 0.064698
3 2 0.257725 0.138981 0.204931 0.272983 0.125379
3 2 0.113791 0.078963 0.237403 0.471354 0.098489
2 2 0.274364 0.182766 0.315913 0.074184 0.152772
2 2 0.195934 0.094191 0.300059 0.293685 0.116131
2 2 0.283615 0.142546 0.306309 0.129697 0.137834
4 2 0.259676 0.146328 0.204394 0.051787 0.337816
3 2 0.014988 0.013733 0.150065 0.811853 0.009360
2 2 0.046600 0.207444 0.447800 0.003710 0.294446
4 2 0.064820 0.161848 0.319311 0.010161 0.443861
2 2 0.028985 0.128546 0.666149 0.067859 0.108460
2 2 0.042671 0.164822 0.465848 0.014626 0.312033
2 2 0.053126 0.191679 0.392252 0.009749 0.353194
2 2 0.050881 0.185801 0.425510 0.009183 0.328625
2 2 0.052344 0.160820 0.488055 0.022574 0.276207
2 2 0.058194 0.184693 0.487990 0.020222 0.248901
2 2 0.084508 0.124560 0.559042 0.085692 0.146198
4 2 0.143402 0.161152 0.271448 0.048070 0.375929
2 2 0.105296 0.203579 0.363766 0.044746 0.282613
2 2 0.102472 0.191336 0.422383 0.019214 0.264596
2 2 0.115681 0.189110 0.443541 0.065761 0.185906
2 2 0.134102 0.233223 0.329882 0.019090 0.283704
2 2 0.126204 0.146479 0.331046 0.110052 0.286219
2 2 0.072105 0.143994 0.592678 0.109395 0.081829
3 3 0.155491 0.081851 0.254352 0.422837 0.085470
4 3 0.133209 0.137814 0.257550 0.161097 0.310330
2 3 0.141996 0.180461 0.316010 0.053219 0.308314
2 3 0.142039 0.106582 0.353485 0.313862 0.084032
2 3 0.127927 0.141865 0.364257 0.238443 0.127507
2 3 0.104641 0.121229 0.411316 0.205606 0.157208
2 3 0.086886 0.088264 0.484590 0.287626 0.052634
2 3 0.060724 0.074926 0.409937 0.385609 0.068805
2 3 0.179885 0.169589 0.474072 0.067681 0.108773
0 3 0.292970 0.178818 0.291418 0.052202 0.184592
3 3 0.166251 0.107304 0.230964 0.417673 0.077807
4 3 0.265186 0.171239 0.197484 0.036040 0.330051
4 3 0.221455 0.096569 0.201910 0.222746 0.257320
3 3 0.140579 0.078801 0.236590 0.503143 0.040886
3 3 0.069370 0.028050 0.105070 0.779456 0.018054
3 3 0.221337 0.068587 0.116130 0.481975 0.111970
3 3 0.176351 0.079815 0.182503 0.396829 0.164501
3 3 0.099114 0.052603 0.166456 0.585116 0.096711
4 3 0.212902 0.178242 0.214165 0.016437 0.378254
3 3 0.114974 0.060921 0.252143 0.528056 0.043907
3 3 0.135842 0.095709 0.284644 0.350711 0.133094
2 3 0.153587 0.166513 0.433125 0.164783 0.081992
3 3 0.034061 0.027385 0.184895 0.719635 0.034025
2 3 0.030374 0.054961 0.443413 0.426817 0.044435
0 3 0.343574 0.249809 0.267189 0.025463 0.113964
0 3 0.355063 0.138917 0.200027 0.077937 0.228055
3 3 0.163297 0.030850 0.061284 0.734773 0.009797
0 3 0.450913 0.212073 0.174835 0.001058 0.161121
2 3 0.174874 0.234565 0.390704 0.010260 0.189597
4 3 0.164470 0.159803 0.225736 0.019069 0.430922
2 3 0.190980 0.173509 0.308299 0.149159 0.178052
3 3 0.033474 0.044933 0.323456 0.573825 0.024312
2 3 0.073229 0.091233 0.450555 0.353499 0.031484
2 3 0.176552 0.121239 0.328977 0.097138 0.276095
4 3 0.207212 0.126076 0.187363 0.034577 0.444772
3 3 0.065291 0.059458 0.249435 0.422593 0.203223
0 3 0.275489 0.133159 0.272074 0.099250 0.220027
3 3 0.043968 0.049992 0.364580 0.500402 0.041057
0 3 0.312200 0.162044 0.209613 0.089686 0.226457
2 3 0.084821 0.156466 0.522359 0.029824 0.206530
4 3 0.170135 0.125174 0.177174 0.050010 0.477507
3 3 0.114094 0.102790 0.249629 0.295223 0.238264
4 3 0.275420 0.150699 0.215925 0.035346 0.322610
4 3 0.227882 0.171212 0.181933 0.015692 0.403280
4 3 0.178010 0.095773 0.140173 0.073801 0.512243
4 3 0.175991 0.182898 0.208661 0.039209 0.393242
4 3 0.121664 0.112313 0.231011 0.098434 0.436578
3 3 0.090013 0.081483 0.304990 0.462450 0.061064
2 3 0.171496 0.213839 0.336234 0.098293 0.180137
0 3 0.333613 0.161798 0.222066 0.053375 0.229149
3 3 0.041564 0.027469 0.161312 0.744891 0.024765
2 3 0.180775 0.109530 0.325950 0.160969 0.222777
4 3 0.240635 0.191412 0.213071 0.026044 0.328838
4 3 0.154119 0.188861 0.251704 0.057676 0.347640
3 3 0.101636 0.059776 0.185088 0.560334 0.093167
0 3 0.272771 0.153237 0.215522 0.159165 0.199306
3 3 0.067000 0.048946 0.208751 0.585417 0.089887
3 3 0.016765 0.015978 0.162574 0.795185 0.009499
0 3 0.308206 0.198106 0.255301 0.035132 0.203254
0 3 0.348782 0.175915 0.236916 0.036959 0.201428
3 3 0.259255 0.101825 0.230189 0.288723 0.120008
3 3 0.006166 0.006109 0.106774 0.878917 0.002033
3 3 0.158443 0.063360 0.202087 0.554345 0.021764
3 3 0.060796 0.053749 0.243526 0.577154 0.064775
4 3 0.166600 0.083310 0.144796 0.247423 0.357871
3 3 0.106607 0.074687 0.222514 0.383478 0.212714
3 3 0.097732 0.059084 0.194318 0.589773 0.059092
3 3 0.129818 0.089182 0.228301 0.363667 0.189033
4 3 0.229631 0.155769 0.189696 0.060100 0.364804
4 3 0.124777 0.151312 0.184366 0.024575 0.514970
4 3 0.178351 0.160752 0.198209 0.026753 0.435934
2 3 0.238299 0.142001 0.279579 0.194879 0.145241
3 3 0.150297 0.095540 0.188359 0.308518 0.257286
2 3 0.145107 0.153473 0.449841 0.149035 0.102544
3 3 0.110784 0.073208 0.235266 0.424791 0.155951
4 3 0.158320 0.131880 0.204539 0.041045 0.464215
3 3 0.042140 0.031540 0.194893 0.699346 0.032081
3 3 0.073912 0.050089 0.209211 0.579111 0.087677
3 3 0.219263 0.121867 0.248556 0.251745 0.158568
0 3 0.319093 0.170552 0.201391 0.025759 0.283205
4 3 0.223357 0.141489 0.201060 0.053576 0.380519
0 3 0.343202 0.088479 0.175381 0.306790 0.086147
0 3 0.352508 0.143052 0.204007 0.198851 0.101583
2 3 0.263857 0.262815 0.303287 0.017668 0.152374
3 3 0.054660 0.045324 0.283014 0.613718 0.003285
0 3 0.340747 0.079624 0.130878 0.337066 0.111685
3 3 0.226718 0.054519 0.105573 0.586733 0.026457
3 3 0.239250 0.054306 0.123923 0.567209 0.015312
3 3 0.010108 0.004584 0.046696 0.938052 0.000560
3 3 0.234848 0.076412 0.125411 0.402263 0.161066
3 3 0.283378 0.083208 0.133444 0.320540 0.179431
3 3 0.245864 0.082037 0.130905 0.328225 0.212969
3 3 0.113523 0.040560 0.109828 0.700472 0.035616
3 3 0.038035 0.023773 0.231243 0.697882 0.009067
3 3 0.039802 0.020923 0.118954 0.807956 0.012365
3 3 0.095976 0.036149 0.103997 0.750857 0.013022
3 3 0.208490 0.071641 0.119233 0.452994 0.147641
3 3 0.004150 0.003834 0.078945 0.912301 0.000769
0 3 0.376721 0.082900 0.134194 0.287019 0.119165
3 3 0.084844 0.027394 0.101670 0.773753 0.012339
0 3 0.631495 0.034463 0.067724 0.263821 0.002497
0 1 0.586874 0.087181 0.102247 0.007969 0.215728
2 1 0.187534 0.130500 0.312741 0.124011 0.245214
3 2 0.098536 0.045994 0.241265 0.598621 0.015583
2 2 0.127662 0.234533 0.391214 0.017365 0.229226
2 2 0.057996 0.180298 0.620163 0.026114 0.115429
2 2 0.085100 0.173110 0.446080 0.037352 0.258358
2 2 0.105898 0.177969 0.382007 0.064007 0.270119
2 2 0.056783 0.177702 0.532152 0.083473 0.149890
2 2 0.154579 0.207396 0.365025 0.020056 0.252945
4 2 0.215673 0.206806 0.246399 0.010317 0.320805
2 2 0.043910 0.138985 0.516212 0.092600 0.208292
2 2 0.060699 0.153430 0.460831 0.045243 0.279796
2 2 0.037229 0.113448 0.638261 0.072210 0.138851
2 2 0.052102 0.124423 0.660058 0.066659 0.096758
4 1 0.322283 0.132156 0.153738 0.022377 0.369447
2 2 0.106059 0.170954 0.408886 0.064261 0.249840
2 2 0.069665 0.075421 0.416490 0.311342 0.127083
2 2 0.058586 0.203345 0.542296 0.020826 0.174947
2 2 0.035133 0.123668 0.605568 0.170260 0.065371
2 2 0.035221 0.159323 0.484601 0.018592 0.302263
2 2 0.047123 0.123258 0.496011 0.049289 0.284319
2 2 0.048472 0.158811 0.474299 0.025378 0.293040
4 2 0.050128 0.182166 0.339586 0.005521 0.422599
2 2 0.038539 0.197217 0.378554 0.007228 0.378462
2 2 0.046445 0.195892 0.417317 0.007631 0.332716
2 2 0.043336 0.184978 0.393410 0.008636 0.369640
4 2 0.035842 0.193928 0.370539 0.004478 0.395213
2 2 0.041304 0.178772 0.491226 0.015614 0.273083
2 2 0.040448 0.181782 0.415347 0.009666 0.352757
4 2 0.048185 0.178630 0.364716 0.008922 0.399547
4 2 0.048812 0.226494 0.331983 0.001793 0.390918
2 2 0.045965 0.151656 0.425075 0.022790 0.354514
4 4 0.046484 0.191542 0.323413 0.007054 0.431508
2 4 0.095192 0.126865 0.430682 0.122992 0.224269
4 4 0.233047 0.147443 0.207305 0.046214 0.365991
2 4 0.062878 0.118455 0.495630 0.202198 0.120839
2 4 0.091223 0.138707 0.521270 0.184100 0.064700
2 4 0.079073 0.216467 0.493986 0.019210 0.191265
2 4 0.057604 0.132168 0.617155 0.096822 0.096251
2 4 0.077794 0.164097 0.492019 0.051370 0.214721
4 4 0.157156 0.090087 0.182544 0.247167 0.323046
3 4 0.131482 0.107924 0.297661 0.367559 0.095375
0 4 0.258195 0.207656 0.240268 0.052272 0.241609
2 4 0.049508 0.135415 0.541647 0.052261 0.221169
2 4 0.076748 0.073963 0.402684 0.382739 0.063866
4 4 0.161312 0.076125 0.114093 0.202977 0.445493
2 4 0.060699 0.210107 0.542956 0.026690 0.159547
2 4 0.057879 0.184844 0.461560 0.020045 0.275671
2 4 0.182044 0.096644 0.543952 0.148343 0.029017
3 1 0.197179 0.056812 0.100216 0.580206 0.065587
0 1 0.520638 0.079159 0.104074 0.024390 0.271739
2 1 0.045836 0.079032 0.483451 0.331724 0.059957
2 1 0.026206 0.140866 0.767622 0.021452 0.043854
2 1 0.063254 0.212071 0.562186 0.036728 0.125761
2 1 0.046853 0.152404 0.691403 0.026176 0.083164
2 2 0.024774 0.081297 0.626878 0.214742 0.052309
2 2 0.081454 0.190917 0.483390 0.028466 0.215773
2 2 0.110328 0.261640 0.412904 0.007709 0.207420
2 2 0.036529 0.183503 0.648839 0.015901 0.115228
2 2 0.036776 0.132086 0.709084 0.052209 0.069845
2 2 0.052381 0.170412 0.581045 0.024560 0.171601
2 2 0.042883 0.073640 0.562630 0.264306 0.056541
2 2 0.084575 0.211709 0.586431 0.027066 0.090219
2 2 0.107592 0.181621 0.465050 0.120702 0.125035
2 2 0.216231 0.286094 0.328459 0.020747 0.148469
2 2 0.054139 0.137842 0.574952 0.066156 0.166911
2 2 0.074239 0.139927 0.606792 0.105150 0.073892
2 2 0.069032 0.210275 0.571315 0.013203 0.136175
2 2 0.050867 0.163627 0.699756 0.034203 0.051547
2 2 0.044865 0.098734 0.580179 0.230413 0.045810
2 2 0.098964 0.247482 0.416762 0.009551 0.227242
2 2 0.053223 0.187947 0.583540 0.045982 0.129307
2 2 0.038486 0.128771 0.706127 0.057771 0.068844
2 2 0.030190 0.109117 0.719423 0.097802 0.043469
2 2 0.036499 0.103732 0.727629 0.113078 0.019061
2 2 0.089771 0.194055 0.578922 0.038376 0.098875
2 2 0.058896 0.104389 0.577830 0.183356 0.075529
2 2 0.065464 0.109218 0.542278 0.223761 0.059279
2 2 0.128686 0.230049 0.406405 0.048639 0.186221
3 2 0.052038 0.061518 0.401729 0.442877 0.041838
2 2 0.032193 0.072384 0.656032 0.223813 0.015579
2 2 0.039114 0.069771 0.527611 0.319850 0.043654
2 2 0.145194 0.159257 0.464934 0.102168 0.128448
2 2 0.029922 0.167113 0.690204 0.019299 0.093462
2 2 0.054107 0.158006 0.468685 0.032427 0.286775
2 2 0.023750 0.127210 0.710636 0.039906 0.098498
2 2 0.052828 0.180542 0.538146 0.019325 0.209160
4 2 0.197324 0.146080 0.230927 0.054396 0.371274
0 1 0.463619 0.227096 0.227684 0.008922 0.072678
2 2 0.039546 0.176549 0.597344 0.013019 0.173542
2 2 0.029464 0.191511 0.606625 0.010905 0.161496
2 2 0.034873 0.196372 0.585959 0.013179 0.169617
2 2 0.029387 0.157069 0.722616 0.018669 0.072259
2 2 0.190409 0.161939 0.407754 0.092637 0.147260
2 1 0.219070 0.251676 0.332881 0.033296 0.163077
2 2 0.045337 0.192093 0.387963 0.004737 0.369871
2 2 0.033935 0.168815 0.605326 0.025704 0.166220
2 2 0.037010 0.153080 0.618374 0.062241 0.129295
2 2 0.065575 0.146735 0.377764 0.039218 0.370707
3 2 0.203297 0.113626 0.227761 0.228657 0.226660
3 2 0.204027 0.077259 0.124524 0.375028 0.219162
3 2 0.012735 0.009056 0.098476 0.876544 0.003190
2 2 0.094935 0.133868 0.369436 0.294009 0.107752
3 2 0.016304 0.027942 0.388927 0.559016 0.007811
2 2 0.038981 0.136911 0.664504 0.077198 0.082405
2 2 0.061756 0.182826 0.521970 0.036853 0.196596
2 2 0.084015 0.165999 0.463551 0.049630 0.236805
2 2 0.083255 0.157384 0.600557 0.088260 0.070543
2 2 0.089431 0.192927 0.561778 0.056518 0.099347
2 2 0.050481 0.105509 0.520273 0.161185 0.162553
2 2 0.040237 0.180510 0.629641 0.016231 0.133381
0 1 0.327849 0.141542 0.273602 0.210137 0.046869
0 1 0.612619 0.070784 0.090154 0.012926 0.213517
2 2 0.065940 0.194038 0.567985 0.030106 0.141931
2 2 0.079364 0.211033 0.513746 0.025873 0.169984
0 2 0.362595 0.114839 0.210168 0.255191 0.057207
2 2 0.188409 0.165578 0.298988 0.215223 0.131801
2 2 0.208678 0.109298 0.276663 0.259387 0.145974
4 2 0.232159 0.133613 0.238377 0.154700 0.241152
0 2 0.317097 0.228433 0.305476 0.097165 0.051830
2 2 0.087280 0.175677 0.467159 0.030523 0.239362
3 2 0.073340 0.039201 0.181807 0.692433 0.013219
0 2 0.329282 0.129910 0.209496 0.147313 0.183998
3 2 0.220677 0.084980 0.245276 0.435157 0.013910
0 2 0.490844 0.059216 0.104273 0.321391 0.024275
2 2 0.175832 0.175008 0.277140 0.170464 0.201557
2 2 0.047333 0.149367 0.591516 0.066047 0.145738
2 2 0.049813 0.167312 0.613750 0.031749 0.137376
2 2 0.047115 0.154353 0.588296 0.070759 0.139477
2 2 0.032751 0.136826 0.602605 0.045197 0.182621
2 2 0.055134 0.205898 0.531686 0.011763 0.195519
2 2 0.049961 0.191712 0.460285 0.020534 0.277508
2 2 0.072600 0.162140 0.438374 0.040642 0.286245
4 2 0.254783 0.175184 0.243618 0.047139 0.279275
2 2 0.249489 0.186827 0.287106 0.041337 0.235241
3 2 0.087044 0.076340 0.312677 0.463791 0.060147
2 2 0.238157 0.197939 0.270123 0.041212 0.252569
4 2 0.185317 0.099661 0.152955 0.145592 0.416476
2 2 0.116847 0.201151 0.471097 0.046046 0.164859
4 2 0.205601 0.126820 0.219591 0.125369 0.322619
4 2 0.144882 0.149814 0.194878 0.063597 0.446828
4 2 0.118385 0.164000 0.306235 0.038536 0.372843
4 2 0.122334 0.250072 0.268609 0.006691 0.352294
2 2 0.134418 0.162798 0.420575 0.035676 0.246533
0 2 0.292375 0.174533 0.223402 0.102895 0.206795
2 2 0.161963 0.272321 0.370968 0.026470 0.168279
0 2 0.307801 0.133170 0.209988 0.089530 0.259511
0 2 0.420923 0.093148 0.129063 0.064283 0.292582
2 2 0.038240 0.081680 0.676549 0.144502 0.059028
4 2 0.194489 0.195495 0.214990 0.004715 0.390311
2 2 0.121893 0.185610 0.386259 0.058097 0.248141
3 2 0.090790 0.070016 0.228870 0.348731 0.261592
2 2 0.141849 0.119660 0.391703 0.208548 0.138240
2 2 0.144912 0.199897 0.369999 0.026527 0.258666
4 2 0.194397 0.170712 0.199796 0.013499 0.421596
3 2 0.188478 0.065525 0.121160 0.511587 0.113249
4 2 0.256947 0.135727 0.181858 0.119648 0.305819
4 2 0.137352 0.127170 0.180796 0.059890 0.494793
3 2 0.040531 0.027222 0.157413 0.761913 0.012921
4 2 0.264201 0.153565 0.211984 0.071475 0.298774
4 2 0.193461 0.121147 0.188369 0.092654 0.404369
3 2 0.140275 0.064203 0.151932 0.502304 0.141287
3 2 0.104840 0.077433 0.230225 0.502792 0.084710
4 2 0.163634 0.187963 0.272180 0.021512 0.354712
3 2 0.070590 0.053761 0.332047 0.465902 0.077700
2 2 0.190762 0.161409 0.344976 0.126580 0.176273
2 2 0.097770 0.147686 0.434786 0.125038 0.194720
3 2 0.037728 0.049653 0.346859 0.526535 0.039225
4 2 0.276389 0.107191 0.159608 0.090771 0.366041
0 2 0.336531 0.138424 0.209476 0.109056 0.206513
3 2 0.021051 0.023326 0.209800 0.732312 0.013510
2 2 0.141139 0.135685 0.487660 0.080541 0.154974
3 2 0.147820 0.079317 0.177396 0.373251 0.222215
3 2 0.093332 0.079940 0.266553 0.510050 0.050125
0 2 0.279103 0.107406 0.209355 0.194125 0.210011
0 2 0.272677 0.087069 0.146820 0.254511 0.238922
3 2 0.173695 0.052583 0.145169 0.584231 0.044322
2 2 0.210729 0.121026 0.356047 0.165197 0.147001
3 2 0.162058 0.076960 0.252398 0.488676 0.019909
3 2 0.255484 0.084283 0.132820 0.293843 0.233570
0 2 0.348564 0.103184 0.155697 0.210753 0.181801
2 2 0.152516 0.107075 0.403475 0.301916 0.035019
3 2 0.202329 0.086297 0.213869 0.360551 0.136953
3 2 0.074686 0.044538 0.174639 0.633031 0.073106
3 2 0.072204 0.070698 0.332335 0.453645 0.071118
4 2 0.243005 0.105343 0.146522 0.022666 0.482464
0 1 0.782833 0.064589 0.091656 0.028298 0.032625
2 2 0.097131 0.177072 0.619705 0.059239 0.046853
2 2 0.210199 0.235284 0.423717 0.064850 0.065950
2 2 0.114948 0.116800 0.401653 0.315471 0.051127
2 2 0.276203 0.149599 0.324192 0.085308 0.164698
2 2 0.078133 0.120029 0.509853 0.269506 0.022479
2 2 0.118229 0.080396 0.366138 0.349934 0.085304
3 2 0.049250 0.041351 0.211360 0.689651 0.008387
3 2 0.058941 0.046436 0.280895 0.584866 0.028861
0 2 0.572972 0.106612 0.147965 0.009535 0.162915
3 1 0.297951 0.083032 0.133696 0.321375 0.163946
3 2 0.042196 0.041402 0.280552 0.616569 0.019281
3 2 0.022405 0.023188 0.209668 0.731003 0.013736
2 2 0.047867 0.095483 0.614982 0.193127 0.048540
2 2 0.113656 0.169665 0.559787 0.070740 0.086152
2 2 0.051886 0.104171 0.567354 0.173491 0.103099
2 2 0.096745 0.189342 0.580385 0.058947 0.074580
0 1 0.691883 0.098850 0.090008 0.000617 0.118642
2 2 0.051375 0.116053 0.638832 0.148846 0.044894
2 2 0.025547 0.072478 0.664991 0.209567 0.027417
2 2 0.065091 0.181897 0.614141 0.047389 0.091482
2 2 0.051125 0.084256 0.668728 0.166255 0.029636
2 2 0.066601 0.089682 0.486651 0.249918 0.107147
2 2 0.103083 0.138140 0.454356 0.218006 0.086415
2 2 0.113292 0.193497 0.406577 0.090083 0.196551
2 2 0.032298 0.139279 0.639569 0.050135 0.138719
2 2 0.027700 0.143896 0.696790 0.024050 0.107564
2 2 0.055079 0.200769 0.457377 0.012436 0.274339
2 2 0.057789 0.205931 0.481813 0.015475 0.238992
2 2 0.039402 0.195267 0.584151 0.016748 0.164431
2 2 0.053190 0.220525 0.464108 0.006954 0.255223
0 1 0.380435 0.098445 0.193666 0.244466 0.082987
2 2 0.038865 0.140504 0.622815 0.045168 0.152648
2 2 0.049714 0.208603 0.541898 0.009989 0.189797
2 2 0.035432 0.174271 0.649934 0.011216 0.129148
2 2 0.038230 0.164236 0.543870 0.017505 0.236159
2 4 0.041575 0.170086 0.568973 0.025135 0.194230
2 4 0.047716 0.168897 0.547630 0.020893 0.214864
2 4 0.027318 0.136812 0.673181 0.049583 0.113106
4 4 0.143715 0.155763 0.281460 0.052877 0.366184
4 4 0.159967 0.213655 0.230919 0.018489 0.376970
2 4 0.088325 0.131912 0.554266 0.132260 0.093237
4 4 0.141991 0.146572 0.184299 0.017830 0.509308
2 4 0.093720 0.217308 0.375603 0.011108 0.302261
2 4 0.046447 0.197486 0.578925 0.017715 0.159426
2 4 0.036242 0.144621 0.630219 0.044441 0.144477
2 4 0.020018 0.136628 0.719763 0.027370 0.096221
2 4 0.097301 0.225975 0.490705 0.036867 0.149152
2 4 0.110004 0.218665 0.557758 0.023300 0.090274
2 4 0.112802 0.113909 0.359634 0.230385 0.183270
3 4 0.170576 0.090447 0.234807 0.406077 0.098094
4 4 0.212906 0.237518 0.269197 0.008683 0.271697
2 4 0.228462 0.090919 0.299654 0.292285 0.088680
4 4 0.260397 0.146030 0.187310 0.084975 0.321288
2 4 0.114669 0.105079 0.447859 0.228653 0.103740
0 4 0.312045 0.095710 0.146755 0.237602 0.207887
2 4 0.070387 0.086904 0.399735 0.393707 0.049266
3 4 0.095756 0.085973 0.304419 0.445454 0.068399
2 4 0.071011 0.125893 0.423357 0.286407 0.093332
3 4 0.216764 0.086996 0.138681 0.300276 0.257282
4 4 0.182162 0.079285 0.119094 0.204357 0.415101
2 4 0.119201 0.125950 0.384184 0.248642 0.122023
0 4 0.415751 0.090718 0.130695 0.093159 0.269676
4 4 0.256668 0.210445 0.243885 0.019205 0.269798
2 4 0.263147 0.161422 0.283095 0.114764 0.177572
2 4 0.113214 0.216887 0.509670 0.041367 0.118861
4 4 0.243768 0.218096 0.260555 0.011007 0.266574
2 4 0.087626 0.159888 0.584488 0.060272 0.107726
0 4 0.479682 0.074333 0.137162 0.287577 0.021246
0 1 0.310665 0.149125 0.199152 0.118257 0.222801
2 1 0.039197 0.121673 0.698533 0.064888 0.075709
2 2 0.030975 0.124765 0.709063 0.085518 0.049678
3 2 0.037724 0.057119 0.420261 0.438202 0.046694
2 2 0.113704 0.167866 0.506498 0.081578 0.130355
0 4 0.286844 0.186382 0.230811 0.082402 0.213561
2 4 0.101707 0.152367 0.441603 0.117921 0.186402
2 4 0.093397 0.143762 0.383755 0.076454 0.302632
2 4 0.082054 0.163258 0.492529 0.067831 0.194327
2 4 0.074516 0.118137 0.519025 0.051530 0.236791
2 4 0.055345 0.089014 0.533005 0.267024 0.055611
2 4 0.117916 0.195389 0.410633 0.059366 0.216696
2 4 0.086583 0.195902 0.505826 0.031822 0.179867
2 4 0.146831 0.176043 0.437059 0.119410 0.120658
2 4 0.217921 0.172714 0.318281 0.122771 0.168313
2 4 0.100547 0.148835 0.375559 0.256614 0.118445
0 4 0.329179 0.122802 0.204179 0.140764 0.203075
4 4 0.259948 0.088714 0.135464 0.211840 0.304034
3 4 0.122268 0.103160 0.261998 0.365135 0.147438
2 4 0.078901 0.140053 0.490657 0.131294 0.159095
4 4 0.244161 0.129899 0.247831 0.081172 0.296937
2 4 0.182884 0.114501 0.268484 0.170438 0.263693
4 4 0.253223 0.167691 0.213878 0.031607 0.333601
2 4 0.054728 0.099441 0.504994 0.276821 0.064016
2 4 0.066530 0.184255 0.453638 0.015570 0.280006
2 4 0.058911 0.093448 0.459563 0.315792 0.072286
2 4 0.187884 0.172571 0.424863 0.037766 0.176917
3 4 0.023514 0.035536 0.441827 0.478842 0.020281
2 4 0.285758 0.175568 0.309955 0.090719 0.138000
0 1 0.454551 0.120593 0.134439 0.009666 0.280751
2 1 0.050769 0.150457 0.481771 0.032992 0.284011
2 2 0.051901 0.186822 0.542537 0.046021 0.172719
2 2 0.064927 0.169744 0.533081 0.052987 0.179262
2 2 0.076170 0.182619 0.532743 0.044890 0.163579
2 2 0.047939 0.156876 0.616505 0.102631 0.076048
2 2 0.044875 0.156214 0.586391 0.068953 0.143567
2 2 0.047830 0.187059 0.469442 0.021149 0.274520
2 2 0.064856 0.151100 0.497336 0.080182 0.206526
2 2 0.066301 0.187087 0.555687 0.044115 0.146810
2 2 0.083240 0.135534 0.451543 0.122307 0.207376
3 2 0.279954 0.109270 0.195280 0.322007 0.093489
0 1 0.824553 0.055900 0.052697 0.000300 0.066550
2 1 0.035240 0.163475 0.629868 0.038705 0.132712
2 2 0.041518 0.128533 0.615972 0.099912 0.114065
2 2 0.064810 0.128822 0.589254 0.133232 0.083882
2 2 0.089650 0.203940 0.520897 0.052546 0.132967
2 2 0.049295 0.114749 0.547472 0.149743 0.138741
2 2 0.087233 0.217549 0.476701 0.030563 0.187954
2 2 0.161518 0.170021 0.269006 0.158802 0.240654
2 2 0.077587 0.129835 0.556073 0.124157 0.112348
2 2 0.163460 0.236676 0.473647 0.030399 0.095817
3 2 0.062717 0.065426 0.405857 0.407360 0.058640
3 2 0.082658 0.049736 0.181030 0.601591 0.084984
2 2 0.083094 0.082914 0.440354 0.342018 0.051620
2 2 0.146380 0.167732 0.385329 0.071093 0.229466
2 2 0.173825 0.188342 0.345598 0.075532 0.216702
2 2 0.127495 0.190525 0.411994 0.129800 0.140185
2 2 0.030370 0.057574 0.511545 0.378318 0.022193
2 2 0.105496 0.212404 0.513341 0.020800 0.147959
2 2 0.141463 0.134424 0.335778 0.141269 0.247065
2 2 0.063231 0.114298 0.515010 0.218315 0.089146
2 2 0.174023 0.099209 0.320282 0.279745 0.126741
2 2 0.240573 0.225143 0.394497 0.058522 0.081265
2 2 0.056324 0.084843 0.491051 0.273774 0.094008
2 2 0.112212 0.162541 0.487777 0.154191 0.083278
3 2 0.115773 0.082079 0.348445 0.387790 0.065913
2 2 0.133865 0.125010 0.390269 0.239974 0.110882
3 2 0.087220 0.059797 0.234934 0.550145 0.067905
3 2 0.057068 0.040892 0.194586 0.683067 0.024386
4 2 0.228171 0.160977 0.253880 0.086621 0.270351
3 2 0.046490 0.042590 0.314773 0.572768 0.023379
3 2 0.055433 0.038497 0.257786 0.622886 0.025399
2 2 0.058153 0.109006 0.547315 0.200174 0.085351
3 2 0.032852 0.049809 0.392104 0.507764 0.017471
2 2 0.200578 0.143690 0.336295 0.140936 0.178500
4 2 0.187865 0.164889 0.216134 0.163255 0.267857
2 2 0.239935 0.156463 0.303854 0.113560 0.186188
2 2 0.220167 0.186953 0.291971 0.120695 0.180214
2 2 0.114857 0.198475 0.383100 0.017990 0.285579
2 2 0.120198 0.148167 0.433653 0.058421 0.239561
2 2 0.131097 0.212609 0.413918 0.020698 0.221678
2 2 0.027367 0.077240 0.646232 0.163656 0.085505
2 2 0.107504 0.162106 0.447955 0.102279 0.180155
2 2 0.127770 0.142074 0.459144 0.094934 0.176077
4 2 0.083531 0.183540 0.322496 0.027479 0.382955
2 2 0.098916 0.161053 0.505360 0.032249 0.202422
2 2 0.139490 0.200304 0.426480 0.030451 0.203274
2 2 0.031335 0.191459 0.589685 0.020716 0.166805
2 2 0.040505 0.075633 0.570198 0.271051 0.042613
3 2 0.126776 0.091600 0.265250 0.362640 0.153734
4 2 0.103165 0.159764 0.272832 0.085515 0.378724
4 1 0.208046 0.081600 0.119710 0.152951 0.437693
2 2 0.265907 0.130428 0.321130 0.166933 0.115602
3 2 0.054737 0.060815 0.345275 0.438467 0.100706
4 2 0.161094 0.133378 0.190497 0.040715 0.474316
2 2 0.063787 0.183400 0.433108 0.016784 0.302920
2 2 0.055399 0.147418 0.483694 0.054867 0.258622
2 2 0.047805 0.133315 0.610306 0.076957 0.131618
2 2 0.045450 0.125986 0.642739 0.104442 0.081383
2 2 0.225082 0.201376 0.320433 0.027194 0.225916
2 2 0.073596 0.106764 0.585383 0.188646 0.045611
2 2 0.069143 0.129328 0.553624 0.120509 0.127396
2 2 0.117181 0.129351 0.361400 0.149543 0.242525
2 2 0.020201 0.047694 0.584313 0.330705 0.017087
4 2 0.241364 0.160981 0.200174 0.026601 0.370881
2 2 0.193126 0.276477 0.358868 0.005547 0.165982
3 2 0.056624 0.061110 0.304362 0.518864 0.059040
2 2 0.114714 0.143782 0.325343 0.182782 0.233379
2 2 0.151524 0.140934 0.374749 0.203194 0.129600
2 2 0.100148 0.109376 0.520138 0.224707 0.045630
2 2 0.198926 0.168075 0.396429 0.185091 0.051479
2 2 0.126442 0.123217 0.376205 0.192318 0.181817
2 2 0.132979 0.106469 0.344761 0.164253 0.251539
2 2 0.217026 0.207215 0.384068 0.049335 0.142357
3 2 0.053273 0.023989 0.107439 0.800858 0.014441
3 2 0.136242 0.049623 0.119617 0.636910 0.057608
3 2 0.096752 0.053010 0.197057 0.603301 0.049880
2 2 0.235939 0.182598 0.276164 0.205871 0.099429
3 2 0.120372 0.067876 0.338969 0.422990 0.049793
3 2 0.170267 0.082509 0.266717 0.388722 0.091785
3 2 0.245855 0.067256 0.233586 0.423907 0.029396
2 3 0.205606 0.122733 0.318849 0.306236 0.046577
0 3 0.370263 0.115374 0.165162 0.090271 0.258930
2 3 0.059661 0.095837 0.530199 0.298911 0.015393
2 3 0.195250 0.127684 0.318844 0.265829 0.092393
3 3 0.060339 0.037260 0.245702 0.616913 0.039787
2 3 0.252210 0.152374 0.332702 0.074948 0.187767
3 3 0.107127 0.035552 0.097698 0.734666 0.024957
3 3 0.095988 0.069069 0.285058 0.471376 0.078509
3 3 0.077552 0.067065 0.378975 0.439225 0.037183
3 3 0.043500 0.028117 0.180395 0.735132 0.012856
3 3 0.113650 0.044981 0.264312 0.546345 0.030711
2 3 0.215258 0.149237 0.277507 0.215272 0.142726
4 3 0.186263 0.185753 0.253394 0.079395 0.295195
3 3 0.143486 0.049913 0.115057 0.635513 0.056031
3 3 0.020850 0.020740 0.213949 0.730798 0.013663
3 3 0.067018 0.020277 0.121371 0.786532 0.004802
3 3 0.159083 0.066425 0.141252 0.491721 0.141520
0 3 0.312256 0.082562 0.177983 0.304429 0.122770
3 3 0.130574 0.055719 0.149887 0.597364 0.066456
3 2 0.177504 0.041360 0.080350 0.683233 0.017553
0 2 0.395739 0.274039 0.264362 0.009082 0.056778
2 2 0.078403 0.206508 0.581123 0.036925 0.097040
2 2 0.066166 0.173194 0.520488 0.037515 0.202636
