3 0 0.244933 0.089407 0.227368 0.267109 0.171183
4 0 0.279377 0.128366 0.202395 0.047382 0.342479
0 0 0.413853 0.096574 0.112859 0.058893 0.317822
2 0 0.275024 0.208350 0.315475 0.036784 0.164367
2 0 0.131869 0.121997 0.367835 0.130387 0.247912
2 0 0.244604 0.149282 0.303127 0.065936 0.237050
2 0 0.143365 0.190522 0.511802 0.073514 0.080798
2 0 0.149184 0.117111 0.327028 0.106081 0.300596
2 0 0.116132 0.096866 0.363069 0.223494 0.200438
4 0 0.079841 0.115245 0.330420 0.067748 0.406746
2 0 0.132147 0.110931 0.322724 0.147617 0.286580
2 0 0.155504 0.199386 0.473043 0.054799 0.117268
4 0 0.217862 0.166715 0.242070 0.042748 0.330605
2 0 0.141824 0.136036 0.433805 0.134536 0.153799
2 0 0.092428 0.186852 0.540374 0.043606 0.136740
2 0 0.269150 0.109081 0.282300 0.249793 0.089677
4 0 0.268067 0.083054 0.193078 0.166483 0.289318
2 0 0.148380 0.183510 0.435926 0.067383 0.164801
2 0 0.151509 0.131316 0.420299 0.133046 0.163830
2 0 0.188325 0.198341 0.448144 0.045951 0.119239
2 1 0.057536 0.136715 0.533767 0.095310 0.176673
2 1 0.101173 0.198971 0.470988 0.026526 0.202342
2 1 0.179489 0.133940 0.327125 0.064936 0.294510
2 1 0.132652 0.260345 0.487927 0.025550 0.093526
0 0 0.435436 0.154754 0.201247 0.049026 0.159538
0 0 0.516222 0.105378 0.149348 0.113608 0.115444
0 0 0.494175 0.204900 0.064885 0.002714 0.233326
2 0 0.055211 0.123453 0.616542 0.163273 0.041521
2 0 0.176762 0.174421 0.440869 0.118616 0.089333
2 0 0.130570 0.092811 0.330903 0.282042 0.163675
2 0 0.100023 0.165436 0.547731 0.113176 0.073635
3 1 0.297569 0.071875 0.154125 0.313395 0.163036
3 1 0.092146 0.085102 0.365632 0.419166 0.037954
4 1 0.105292 0.076806 0.263080 0.191304 0.363518
2 1 0.063108 0.119344 0.501343 0.263471 0.052734
2 1 0.148124 0.183704 0.432451 0.047700 0.188021
2 2 0.206516 0.155228 0.316115 0.086086 0.236056
3 2 0.015872 0.035694 0.357220 0.579524 0.011690
4 1 0.187879 0.113297 0.284629 0.106163 0.308032
0 2 0.303538 0.087943 0.193272 0.247272 0.167974
2 2 0.109407 0.106723 0.410739 0.249884 0.123247
3 2 0.078251 0.041270 0.202785 0.634597 0.043096
3 2 0.048004 0.027459 0.152726 0.753908 0.017903
3 2 0.074780 0.058846 0.315219 0.526041 0.025113
2 2 0.135617 0.102882 0.403062 0.296962 0.061477
3 2 0.036058 0.053476 0.413596 0.481907 0.014962
2 2 0.104331 0.131253 0.505062 0.175499 0.083854
2 2 0.025999 0.071912 0.570560 0.312828 0.018701
2 2 0.065262 0.125533 0.592678 0.167095 0.049432
2 2 0.103438 0.149698 0.533331 0.150997 0.062536
2 2 0.118784 0.112603 0.403674 0.261538 0.103401
4 2 0.246188 0.132070 0.248709 0.056641 0.316392
4 2 0.267494 0.163411 0.222008 0.024595 0.322493
2 2 0.175737 0.157953 0.319914 0.039950 0.306445
4 2 0.253437 0.168538 0.262106 0.027666 0.288253
2 2 0.117478 0.172336 0.365410 0.012307 0.332469
4 2 0.212704 0.135291 0.198469 0.028753 0.424782
2 2 0.085675 0.155707 0.508807 0.051988 0.197823
2 2 0.083602 0.124073 0.523286 0.192070 0.076969
4 2 0.257298 0.171488 0.226774 0.019220 0.325219
3 2 0.026555 0.034420 0.288077 0.629250 0.021698
2 2 0.136501 0.127748 0.324069 0.090716 0.320967
0 2 0.301456 0.140107 0.290035 0.085825 0.182576
2 2 0.207055 0.134227 0.378328 0.193334 0.087056
2 2 0.099536 0.103797 0.433971 0.306704 0.055992
2 2 0.189400 0.114087 0.360906 0.227276 0.108330
4 2 0.223157 0.100099 0.243246 0.110536 0.322963
0 2 0.325948 0.138848 0.225705 0.052246 0.257252
2 2 0.189715 0.091757 0.263977 0.239302 0.215248
0 2 0.364693 0.139858 0.244897 0.100762 0.149790
4 3 0.369493 0.060183 0.084622 0.068815 0.416887
2 3 0.215434 0.121252 0.296192 0.248140 0.118981
3 3 0.156801 0.064453 0.211151 0.386101 0.181494
2 3 0.244038 0.118331 0.285326 0.200393 0.151912
0 3 0.431905 0.106852 0.199201 0.175378 0.086665
4 3 0.248978 0.104793 0.178702 0.036174 0.431354
2 3 0.282926 0.138045 0.309756 0.143690 0.125582
4 3 0.312565 0.065585 0.097448 0.050335 0.474068
0 3 0.348741 0.128207 0.251017 0.116430 0.155605
3 3 0.088466 0.062766 0.296841 0.518666 0.033261
3 3 0.202893 0.080410 0.233453 0.289516 0.193729
2 3 0.176874 0.093013 0.315313 0.309666 0.105134
3 3 0.031719 0.024644 0.158316 0.772118 0.013203
0 3 0.345375 0.115744 0.246083 0.198135 0.094663
3 3 0.054356 0.037255 0.195615 0.691782 0.020992
2 3 0.220394 0.112900 0.323123 0.258210 0.085372
0 3 0.319454 0.108068 0.202645 0.169252 0.200582
3 3 0.264668 0.089894 0.233344 0.340088 0.072005
3 3 0.017548 0.012824 0.101937 0.860311 0.007380
0 3 0.453197 0.101161 0.167820 0.170621 0.107202
2 3 0.300510 0.166097 0.348834 0.102466 0.082093
2 3 0.126843 0.120242 0.416663 0.211891 0.124362
0 3 0.500145 0.114936 0.162679 0.099995 0.122246
0 3 0.438569 0.131018 0.191293 0.124445 0.114675
3 3 0.112915 0.052953 0.216561 0.565301 0.052270
0 3 0.315492 0.173641 0.296284 0.057059 0.157524
0 3 0.308798 0.111851 0.264891 0.223170 0.091290
0 3 0.500661 0.099943 0.153049 0.149103 0.097243
2 3 0.220979 0.106209 0.311572 0.279295 0.081945
0 3 0.292312 0.130417 0.287118 0.181466 0.108686
0 3 0.316391 0.171089 0.306608 0.064653 0.141259
3 3 0.268266 0.091961 0.222586 0.310813 0.106375
0 3 0.406379 0.112434 0.213967 0.176049 0.091170
0 3 0.362304 0.135215 0.222349 0.149297 0.130835
3 3 0.258925 0.058509 0.138998 0.340274 0.203294
0 3 0.394453 0.142057 0.240957 0.088931 0.133601
2 3 0.257596 0.169481 0.385553 0.100795 0.086575
3 3 0.105422 0.058304 0.245599 0.550811 0.039864
2 3 0.206009 0.118501 0.354225 0.251079 0.070187
0 3 0.511069 0.093039 0.135095 0.154048 0.106750
0 3 0.357129 0.085330 0.174925 0.200851 0.181765
3 3 0.261496 0.080593 0.202725 0.308391 0.146794
3 3 0.055270 0.028599 0.142275 0.745375 0.028482
3 3 0.059734 0.034281 0.181539 0.703773 0.020674
3 3 0.036717 0.023352 0.146783 0.780008 0.013139
0 3 0.317317 0.124187 0.272103 0.155556 0.130837
3 3 0.136889 0.052489 0.194758 0.578942 0.036922
3 3 0.117514 0.060931 0.248782 0.535294 0.037479
0 3 0.363486 0.079014 0.159677 0.310969 0.086854
3 3 0.188562 0.074899 0.245826 0.441937 0.048777
3 3 0.037783 0.036765 0.260268 0.650757 0.014427
0 3 0.429823 0.115191 0.174055 0.094736 0.186194
0 3 0.359440 0.130095 0.238052 0.144719 0.127693
0 3 0.413468 0.148483 0.229696 0.100420 0.107933
3 3 0.092305 0.055361 0.253591 0.566797 0.031946
0 3 0.399846 0.106486 0.193783 0.191003 0.108882
0 3 0.336438 0.063179 0.120922 0.193565 0.285896
4 3 0.216543 0.173620 0.244164 0.024670 0.341003
2 2 0.133722 0.191966 0.400492 0.034794 0.239026
2 2 0.139887 0.201605 0.459904 0.027874 0.170730
4 2 0.116024 0.108866 0.145589 0.005109 0.624412
2 2 0.116086 0.204265 0.357313 0.008600 0.313736
2 2 0.147560 0.135129 0.452293 0.157437 0.107582
2 2 0.108058 0.205570 0.501763 0.042648 0.141962
4 2 0.139757 0.133468 0.299833 0.041158 0.385784
2 2 0.115899 0.106471 0.397106 0.272388 0.108137
2 2 0.177590 0.195611 0.414437 0.050897 0.161465
2 2 0.158797 0.226615 0.398137 0.018806 0.197646
2 2 0.188495 0.115876 0.301098 0.099910 0.294621
4 2 0.201799 0.164547 0.288799 0.027163 0.317692
2 2 0.068579 0.102093 0.540661 0.244174 0.044493
2 2 0.168081 0.174131 0.477445 0.079628 0.100715
4 2 0.303831 0.150520 0.167795 0.022374 0.355480
2 2 0.080898 0.111989 0.473107 0.232761 0.101245
2 2 0.268018 0.128535 0.302504 0.160437 0.140505
4 2 0.254523 0.138460 0.268782 0.047894 0.290340
0 2 0.281419 0.105677 0.211096 0.154002 0.247806
2 2 0.093941 0.172591 0.594313 0.078259 0.060896
3 2 0.059257 0.067730 0.387672 0.441700 0.043641
4 3 0.192917 0.107753 0.257296 0.139825 0.302209
4 3 0.270926 0.097182 0.214044 0.140102 0.277746
0 3 0.320122 0.112387 0.254443 0.193338 0.119710
3 3 0.125675 0.087720 0.308356 0.325634 0.152614
3 3 0.098906 0.060836 0.281582 0.523779 0.034897
2 3 0.210301 0.131882 0.372870 0.198873 0.086075
2 3 0.179537 0.125363 0.363974 0.159408 0.171718
2 3 0.250216 0.125995 0.283576 0.103028 0.237185
0 3 0.328712 0.122343 0.268761 0.131136 0.149048
0 3 0.342415 0.146757 0.268537 0.086044 0.156248
0 3 0.448366 0.097751 0.168655 0.145789 0.139439
3 3 0.099925 0.057395 0.258845 0.528242 0.055593
0 3 0.525312 0.078887 0.114572 0.143829 0.137401
3 3 0.037121 0.016944 0.099182 0.828592 0.018162
3 3 0.101151 0.051125 0.226954 0.574676 0.046094
0 3 0.349487 0.112887 0.240271 0.207525 0.089829
0 3 0.360912 0.085863 0.154990 0.108099 0.290136
3 3 0.253986 0.092946 0.233102 0.332710 0.087256
3 3 0.054848 0.030466 0.156664 0.738697 0.019324
2 3 0.275276 0.148254 0.309642 0.129300 0.137528
2 3 0.193463 0.157812 0.363864 0.080476 0.204384
3 3 0.057087 0.037027 0.190924 0.688869 0.026093
3 3 0.022045 0.012983 0.094167 0.859440 0.011365
0 3 0.360127 0.070776 0.148398 0.347979 0.072720
0 3 0.504625 0.114271 0.159366 0.097967 0.123771
0 2 0.425160 0.113435 0.167098 0.177346 0.116961
0 2 0.305703 0.207140 0.294392 0.065844 0.126921
4 2 0.197827 0.163105 0.168167 0.008684 0.462217
2 2 0.081964 0.177800 0.528359 0.048181 0.163695
2 2 0.130501 0.190756 0.518973 0.069302 0.090468
2 2 0.243324 0.161188 0.348878 0.119585 0.127025
3 2 0.152709 0.102950 0.338691 0.348107 0.057544
2 2 0.065089 0.116904 0.489969 0.151157 0.176880
4 2 0.237402 0.141022 0.249152 0.053586 0.318838
0 0 0.434183 0.065127 0.084035 0.071237 0.345418
4 1 0.281539 0.145262 0.096414 0.005551 0.471233
4 2 0.186094 0.163440 0.271278 0.018834 0.360353
2 2 0.123634 0.159984 0.406042 0.043852 0.266488
2 2 0.111976 0.198499 0.535478 0.063210 0.090837
2 2 0.167989 0.133111 0.406169 0.161735 0.130995
4 2 0.137740 0.191871 0.170468 0.002101 0.497820
2 2 0.210927 0.222364 0.301100 0.017840 0.247769
4 2 0.219770 0.138911 0.283501 0.048023 0.309796
2 2 0.238163 0.196851 0.272377 0.035205 0.257404
2 2 0.095484 0.155213 0.582084 0.116490 0.050729
4 2 0.238961 0.160075 0.232411 0.021574 0.346979
2 2 0.252145 0.158261 0.315953 0.049239 0.224401
2 2 0.107994 0.114734 0.432298 0.253751 0.091222
2 2 0.089341 0.117854 0.508717 0.237221 0.046867
2 2 0.123900 0.185342 0.540218 0.056046 0.094494
2 2 0.218569 0.149648 0.359440 0.139211 0.133133
2 2 0.226324 0.111197 0.302937 0.219125 0.140418
3 2 0.194633 0.047541 0.139579 0.532224 0.086022
3 2 0.032998 0.038569 0.296744 0.618417 0.013272
2 2 0.110882 0.126180 0.506695 0.193962 0.062282
0 2 0.272728 0.131054 0.238419 0.087898 0.269901
2 2 0.057648 0.082322 0.481049 0.312816 0.066166
2 2 0.160124 0.106530 0.360958 0.264836 0.107552
0 2 0.448743 0.111742 0.140514 0.054456 0.244546
3 2 0.126895 0.083438 0.343870 0.395613 0.050185
0 2 0.318909 0.124527 0.259300 0.177821 0.119444
3 4 0.073154 0.049212 0.260894 0.577102 0.039637
0 4 0.313941 0.164440 0.294393 0.113296 0.113930
3 4 0.099754 0.059178 0.257845 0.515269 0.067953
3 4 0.023129 0.028971 0.233176 0.694742 0.019982
2 4 0.165327 0.134209 0.419383 0.193808 0.087273
3 4 0.286732 0.080394 0.193690 0.315377 0.123807
0 4 0.321371 0.171921 0.250798 0.041122 0.214789
0 4 0.284386 0.160221 0.257917 0.052422 0.245054
4 4 0.247040 0.153632 0.156527 0.009541 0.433260
4 4 0.235145 0.187760 0.219968 0.010642 0.346485
0 4 0.390910 0.080097 0.098322 0.044528 0.386143
3 4 0.188740 0.049357 0.149148 0.534965 0.077789
2 4 0.138949 0.114710 0.379956 0.172507 0.193879
4 4 0.217137 0.096501 0.149952 0.022574 0.513836
4 4 0.268528 0.138986 0.246611 0.046547 0.299328
2 4 0.231560 0.206134 0.397936 0.052175 0.112195
2 4 0.256821 0.242192 0.297857 0.015104 0.188026
0 4 0.334117 0.153280 0.195099 0.030996 0.286507
2 4 0.043859 0.079589 0.538796 0.315521 0.022236
2 4 0.257621 0.155853 0.271450 0.061480 0.253596
3 4 0.143473 0.093110 0.323054 0.364184 0.076180
0 2 0.299092 0.172448 0.298462 0.046561 0.183437
3 2 0.056363 0.064919 0.376456 0.465024 0.037238
3 2 0.029282 0.012765 0.077373 0.870952 0.009627
0 2 0.305222 0.183050 0.218908 0.052158 0.240662
2 2 0.155190 0.139359 0.414413 0.120121 0.170916
2 2 0.282889 0.196078 0.318318 0.046833 0.155883
0 2 0.368692 0.164645 0.272457 0.067681 0.126525
2 2 0.271007 0.145167 0.324817 0.102354 0.156655
4 2 0.172342 0.075017 0.150843 0.057388 0.544410
0 2 0.308479 0.167136 0.251675 0.033054 0.239655
3 2 0.032677 0.048028 0.343433 0.554683 0.021179
0 2 0.494149 0.090011 0.142073 0.175140 0.098627
3 2 0.081331 0.043619 0.213822 0.554708 0.106520
0 2 0.395253 0.180253 0.191520 0.028646 0.204328
0 2 0.399350 0.091263 0.157686 0.109478 0.242222
2 2 0.137541 0.095546 0.342850 0.306313 0.117751
4 2 0.254599 0.132043 0.245018 0.055388 0.312952
3 2 0.176944 0.056182 0.173161 0.542132 0.051581
2 2 0.239679 0.116107 0.330023 0.248035 0.066155
2 2 0.262738 0.184053 0.310425 0.034261 0.208523
2 2 0.254748 0.142539 0.302833 0.094562 0.205318
4 2 0.236205 0.069773 0.086646 0.019334 0.588043
0 2 0.337928 0.169096 0.282757 0.068154 0.142066
0 2 0.444667 0.160103 0.203078 0.067922 0.124230
2 2 0.087405 0.121750 0.529244 0.202732 0.058870
3 2 0.051394 0.066411 0.390825 0.465696 0.025673
2 2 0.210584 0.179392 0.315328 0.061548 0.233148
2 2 0.069895 0.140620 0.626354 0.115748 0.047383
0 2 0.424560 0.109407 0.172415 0.112248 0.181370
0 0 0.499921 0.092980 0.148799 0.165564 0.092735
0 1 0.294619 0.128681 0.239339 0.072396 0.264965
0 0 0.344742 0.161592 0.256099 0.053670 0.183897
0 0 0.342432 0.166192 0.266205 0.110199 0.114972
0 1 0.355049 0.135711 0.149288 0.026171 0.333781
4 1 0.347293 0.053163 0.070466 0.051868 0.477209
4 2 0.306666 0.116933 0.115056 0.020011 0.441335
4 2 0.347829 0.096203 0.138854 0.050923 0.366192
2 2 0.264268 0.143596 0.287683 0.073309 0.231144
2 2 0.146729 0.099453 0.364713 0.305531 0.083574
2 2 0.067571 0.076377 0.396432 0.389968 0.069653
0 2 0.394128 0.105784 0.206702 0.172831 0.120555
4 2 0.219944 0.122198 0.249322 0.045413 0.363123
3 2 0.035483 0.039534 0.273948 0.619533 0.031501
0 2 0.324380 0.093243 0.171290 0.186570 0.224518
2 2 0.119269 0.133586 0.446877 0.169002 0.131265
2 2 0.169394 0.189948 0.428602 0.065112 0.146944
2 2 0.151334 0.136337 0.416410 0.178685 0.117234
3 2 0.257576 0.068033 0.163379 0.297778 0.213234
0 2 0.402922 0.105473 0.161227 0.079104 0.251274
3 2 0.039877 0.027212 0.165286 0.751113 0.016512
2 2 0.261816 0.181525 0.280399 0.059100 0.217159
4 2 0.237467 0.140973 0.127037 0.009974 0.484549
2 2 0.228073 0.136296 0.324724 0.133679 0.177227
3 2 0.031365 0.050569 0.409516 0.487491 0.021059
0 2 0.322284 0.144185 0.276313 0.077362 0.179856
0 2 0.270699 0.096608 0.220682 0.166310 0.245701
2 2 0.140797 0.093565 0.311790 0.229526 0.224322
2 2 0.078776 0.092457 0.458480 0.331589 0.038698
2 2 0.291721 0.158719 0.336617 0.084661 0.128282
2 2 0.282305 0.155132 0.322246 0.076702 0.163614
3 2 0.136581 0.089226 0.311146 0.383258 0.079789
3 2 0.084513 0.063931 0.324559 0.499303 0.027693
3 2 0.133483 0.086250 0.316831 0.346145 0.117292
3 2 0.086055 0.060124 0.274681 0.541488 0.037652
3 2 0.110679 0.093087 0.359318 0.392417 0.044499
2 2 0.246070 0.166380 0.393186 0.102107 0.092257
3 2 0.160039 0.052539 0.177474 0.569002 0.040946
2 2 0.289796 0.126334 0.307056 0.203003 0.073811
2 2 0.295690 0.153992 0.297120 0.084471 0.168728
2 2 0.101475 0.138770 0.531799 0.100881 0.127075
4 2 0.142203 0.166615 0.296474 0.013253 0.381455
2 2 0.134714 0.182866 0.335058 0.023896 0.323465
2 2 0.189217 0.191520 0.393781 0.034067 0.191415
2 2 0.159569 0.156730 0.382243 0.049066 0.252392
4 2 0.201467 0.187764 0.170280 0.004525 0.435964
2 2 0.126933 0.168627 0.462637 0.057125 0.184679
2 2 0.205517 0.192675 0.370503 0.027797 0.203507
3 2 0.131153 0.073998 0.284009 0.418044 0.092796
3 2 0.049380 0.038496 0.244627 0.596510 0.070987
0 2 0.374256 0.149224 0.271344 0.097408 0.107767
0 2 0.546838 0.119959 0.124347 0.060123 0.148733
2 2 0.180588 0.132905 0.380868 0.227034 0.078604
2 3 0.263736 0.168456 0.335743 0.060219 0.171846
3 3 0.104761 0.052167 0.211172 0.507599 0.124301
0 3 0.309575 0.144444 0.253123 0.053674 0.239183
2 3 0.153222 0.137664 0.351417 0.144360 0.213336
3 3 0.109849 0.066696 0.270753 0.507679 0.045024
3 3 0.042083 0.047043 0.330125 0.564476 0.016272
4 3 0.223462 0.079359 0.090254 0.013640 0.593285
4 3 0.102485 0.080882 0.182061 0.033319 0.601252
2 3 0.230572 0.208764 0.391236 0.033390 0.136038
3 3 0.220128 0.096041 0.286756 0.335320 0.061755
2 3 0.196279 0.112556 0.310176 0.216716 0.164273
2 3 0.260057 0.194618 0.384913 0.073682 0.086730
3 3 0.109399 0.086288 0.370986 0.390304 0.043023
3 3 0.282178 0.083941 0.193727 0.366295 0.073860
3 3 0.160107 0.049767 0.154678 0.549522 0.085925
0 3 0.421045 0.106196 0.180746 0.114188 0.177825
3 3 0.129389 0.064877 0.261760 0.466379 0.077595
2 3 0.115993 0.177624 0.565550 0.072052 0.068781
2 3 0.207137 0.139695 0.332076 0.098545 0.222547
2 3 0.316572 0.179575 0.323469 0.060986 0.119398
2 3 0.187535 0.132895 0.372300 0.177294 0.129976
3 3 0.047593 0.044429 0.288835 0.601622 0.017520
0 3 0.335170 0.132542 0.234870 0.106582 0.190837
3 3 0.196763 0.086097 0.274315 0.387338 0.055486
0 3 0.518887 0.080247 0.121843 0.171355 0.107668
3 3 0.125547 0.082581 0.347922 0.406187 0.037764
0 3 0.454513 0.118343 0.171817 0.085845 0.169481
0 3 0.448624 0.103460 0.183574 0.161825 0.102518
4 3 0.334997 0.118221 0.167462 0.037733 0.341587
2 3 0.208596 0.120886 0.339632 0.243149 0.087738
0 3 0.375786 0.086176 0.171751 0.277541 0.088746
3 3 0.193029 0.078750 0.244054 0.430833 0.053334
4 3 0.205805 0.137220 0.221223 0.018749 0.417003
3 3 0.026505 0.010400 0.062550 0.891784 0.008760
2 3 0.081868 0.152579 0.564025 0.138271 0.063257
3 3 0.023745 0.026390 0.222533 0.717505 0.009827
0 3 0.413107 0.128788 0.210651 0.123270 0.124183
0 3 0.411932 0.069986 0.122863 0.196506 0.198713
3 3 0.037088 0.013763 0.074562 0.863107 0.011480
0 3 0.511148 0.080740 0.126318 0.191552 0.090242
3 3 0.129720 0.037266 0.130824 0.669029 0.033161
3 3 0.140174 0.038249 0.126723 0.658987 0.035868
3 3 0.186124 0.045283 0.134240 0.590524 0.043829
0 3 0.444152 0.076714 0.136984 0.258922 0.083228
3 3 0.093517 0.027422 0.107158 0.746961 0.024941
0 1 0.536453 0.081731 0.121213 0.168147 0.092456
0 1 0.475431 0.156771 0.183820 0.057407 0.126571
2 2 0.084834 0.110700 0.521440 0.233719 0.049306
2 2 0.075857 0.108852 0.452185 0.286917 0.076188
2 2 0.095712 0.143870 0.470571 0.071811 0.218035
0 2 0.332398 0.155728 0.189205 0.029419 0.293249
2 2 0.157993 0.180628 0.353466 0.050973 0.256939
4 2 0.104804 0.115543 0.300991 0.043952 0.434710
3 2 0.128307 0.069052 0.275722 0.433242 0.093677
2 2 0.102264 0.152039 0.575908 0.103800 0.065989
2 2 0.074592 0.123233 0.481078 0.167163 0.153935
2 2 0.128136 0.196824 0.451678 0.027531 0.195831
2 2 0.042701 0.109544 0.627907 0.185649 0.034199
2 2 0.142917 0.165103 0.478135 0.065519 0.148327
4 2 0.264366 0.132579 0.243967 0.071289 0.287800
2 2 0.241072 0.216466 0.367163 0.039787 0.135512
4 2 0.189652 0.212577 0.217330 0.005553 0.374889
2 2 0.160126 0.171403 0.440369 0.056327 0.171774
4 2 0.245650 0.136279 0.157900 0.020381 0.439789
2 2 0.107848 0.238497 0.444957 0.013915 0.194783
4 2 0.241230 0.165307 0.224168 0.029061 0.340233
2 2 0.082695 0.136026 0.591454 0.142114 0.047712
2 2 0.113318 0.137815 0.356145 0.069081 0.323641
2 2 0.079741 0.100934 0.490462 0.277977 0.050886
2 2 0.179164 0.205878 0.416628 0.031610 0.166721
4 2 0.146562 0.138530 0.329391 0.033245 0.352272
2 2 0.194410 0.222538 0.300199 0.011731 0.271122
2 2 0.100814 0.146282 0.557061 0.126871 0.068972
0 1 0.473640 0.171818 0.103881 0.010332 0.240329
2 2 0.135256 0.178401 0.481046 0.063662 0.141635
2 2 0.108998 0.135865 0.525226 0.171873 0.058038
2 2 0.090251 0.116978 0.438658 0.169748 0.184364
2 2 0.215263 0.106231 0.320461 0.287964 0.070081
3 2 0.170514 0.087687 0.302098 0.365690 0.074011
3 2 0.048392 0.029208 0.171605 0.728723 0.022072
2 2 0.065451 0.147323 0.611920 0.102885 0.072420
4 2 0.278197 0.150010 0.219228 0.026874 0.325692
2 2 0.084444 0.125651 0.529453 0.129599 0.130853
4 2 0.251279 0.213695 0.243867 0.013621 0.277538
4 2 0.203324 0.124025 0.291314 0.088497 0.292840
2 2 0.139714 0.132516 0.450787 0.169374 0.107608
4 2 0.140758 0.080603 0.235458 0.195558 0.347624
2 2 0.044591 0.108033 0.632160 0.179631 0.035585
2 2 0.123840 0.214030 0.502640 0.047320 0.112171
2 2 0.184747 0.161606 0.328813 0.033313 0.291521
4 2 0.207992 0.142419 0.294914 0.054658 0.300017
2 2 0.093817 0.217580 0.549394 0.049141 0.090068
2 2 0.137657 0.156336 0.397357 0.063749 0.244902
2 2 0.074282 0.144338 0.638996 0.100914 0.041469
0 2 0.267058 0.105066 0.226290 0.212645 0.188942
3 2 0.032602 0.029690 0.206467 0.713618 0.017623
2 2 0.168548 0.187176 0.469211 0.050851 0.124213
3 2 0.012836 0.031375 0.348507 0.598041 0.009240
2 2 0.095866 0.087444 0.381224 0.363398 0.072069
3 2 0.070628 0.080929 0.393062 0.408491 0.046889
0 1 0.550219 0.088124 0.121000 0.140937 0.099720
4 2 0.332609 0.132116 0.151908 0.026236 0.357130
4 2 0.100135 0.084146 0.293031 0.129858 0.392829
2 2 0.131358 0.092359 0.382127 0.354612 0.039544
2 2 0.160929 0.136220 0.324464 0.063566 0.314821
0 2 0.345763 0.109044 0.177274 0.061192 0.306726
2 2 0.218472 0.109461 0.323836 0.287726 0.060505
2 2 0.208829 0.167776 0.443128 0.099366 0.080901
0 2 0.486537 0.118711 0.166297 0.088061 0.140394
0 1 0.536453 0.081731 0.121213 0.168147 0.092456
2 2 0.072711 0.112065 0.523214 0.238044 0.053966
2 2 0.156956 0.114571 0.335575 0.220786 0.172112
2 2 0.131862 0.119310 0.347670 0.136777 0.264380
0 2 0.413939 0.117494 0.196307 0.141261 0.130999
4 2 0.185555 0.072983 0.171027 0.161085 0.409351
0 2 0.293302 0.155458 0.283693 0.072330 0.195217
3 2 0.173336 0.087712 0.271367 0.289428 0.178157
2 2 0.186410 0.109917 0.338992 0.256528 0.108153
4 2 0.251236 0.219830 0.225246 0.012194 0.291494
4 2 0.175975 0.074507 0.207503 0.249425 0.292590
3 2 0.031469 0.043358 0.337460 0.573956 0.013757
2 2 0.210087 0.108951 0.281152 0.183262 0.216548
2 2 0.247318 0.172551 0.370377 0.072003 0.137750
2 2 0.258696 0.119912 0.280304 0.157059 0.184029
0 2 0.278091 0.096552 0.214307 0.211354 0.199696
3 2 0.183222 0.071945 0.238742 0.458562 0.047529
0 2 0.446015 0.086845 0.156530 0.225585 0.085025
4 2 0.232642 0.139373 0.229623 0.025182 0.373180
2 2 0.225218 0.146514 0.326556 0.143253 0.158458
2 2 0.169361 0.146881 0.427731 0.151624 0.104404
3 2 0.016209 0.044250 0.455750 0.472020 0.011771
2 2 0.122554 0.142816 0.516637 0.170660 0.047333
2 4 0.247126 0.224160 0.311921 0.019847 0.196946
2 4 0.184621 0.179304 0.347713 0.036351 0.252010
0 4 0.396739 0.109033 0.096030 0.019104 0.379094
2 4 0.205522 0.170110 0.323827 0.065501 0.235039
4 4 0.340714 0.074377 0.116420 0.082031 0.386458
2 4 0.098874 0.130039 0.514049 0.159578 0.097460
2 4 0.093380 0.132920 0.458550 0.194751 0.120398
3 4 0.115279 0.075927 0.295792 0.346237 0.166765
3 4 0.128357 0.047743 0.174886 0.611442 0.037572
0 4 0.437639 0.106247 0.172730 0.110078 0.173306
2 4 0.244944 0.148518 0.317644 0.102151 0.186742
0 4 0.423657 0.073794 0.133887 0.243470 0.125193
2 4 0.159924 0.269838 0.430315 0.034822 0.105101
3 4 0.055045 0.054851 0.311063 0.550474 0.028568
3 4 0.116579 0.074251 0.268251 0.452051 0.088868
0 4 0.344037 0.096379 0.153060 0.090225 0.316299
2 4 0.066234 0.075661 0.446848 0.366773 0.044484
2 4 0.092253 0.133356 0.500687 0.108885 0.164819
2 4 0.078259 0.167604 0.574135 0.086590 0.093413
2 4 0.064125 0.149795 0.566448 0.068802 0.150829
2 4 0.128281 0.189347 0.515781 0.061756 0.104836
2 4 0.053322 0.102652 0.527732 0.224253 0.092041
0 4 0.316334 0.199324 0.211134 0.017824 0.255385
2 4 0.054193 0.103188 0.546547 0.214410 0.081662
2 4 0.100824 0.102412 0.421827 0.241420 0.133518
0 4 0.423980 0.089139 0.118169 0.059750 0.308962
0 4 0.383161 0.100149 0.170736 0.244025 0.101929
0 4 0.405156 0.062861 0.096899 0.115164 0.319920
0 4 0.492419 0.181464 0.127667 0.021358 0.177092
3 4 0.186089 0.088422 0.275625 0.384058 0.065806
2 4 0.158109 0.121363 0.390055 0.196500 0.133973
0 4 0.338260 0.110321 0.191511 0.104862 0.255046
0 4 0.536453 0.081731 0.121213 0.168147 0.092456
3 1 0.072506 0.034669 0.167947 0.702722 0.022156
2 1 0.121331 0.149086 0.465198 0.155641 0.108744
2 1 0.219272 0.122751 0.280028 0.113037 0.264911
2 1 0.076708 0.116280 0.539584 0.192049 0.075380
2 1 0.043908 0.072848 0.477481 0.361006 0.044757
2 1 0.096925 0.206956 0.538192 0.038082 0.119845
2 1 0.052699 0.154577 0.657296 0.065581 0.069846
2 1 0.117402 0.192017 0.435694 0.029739 0.225148
4 1 0.197979 0.188798 0.236637 0.008346 0.368240
2 1 0.119750 0.196865 0.486375 0.053217 0.143793
2 1 0.076401 0.106869 0.497223 0.203140 0.116367
2 1 0.056989 0.099940 0.528740 0.226259 0.088072
2 4 0.180989 0.183038 0.424312 0.075626 0.136036
2 4 0.064895 0.099912 0.462301 0.268596 0.104296
2 4 0.028631 0.078054 0.579484 0.281914 0.031917
2 4 0.075795 0.184208 0.569306 0.064536 0.106155
2 4 0.053611 0.086931 0.479348 0.318923 0.061187
2 4 0.054621 0.130065 0.598027 0.102931 0.114357
2 4 0.018821 0.073710 0.656989 0.229442 0.021038
2 4 0.072850 0.167928 0.558109 0.052600 0.148513
2 4 0.029819 0.109622 0.705297 0.112443 0.042820
2 4 0.089463 0.141589 0.559108 0.112444 0.097396
2 4 0.091168 0.137525 0.510615 0.129271 0.131421
0 4 0.523475 0.098895 0.141854 0.126511 0.109265
0 4 0.480098 0.133701 0.159448 0.053733 0.173020
0 4 0.307984 0.177931 0.262391 0.038462 0.213233
0 4 0.526707 0.079056 0.115034 0.146019 0.133184
0 4 0.478759 0.165562 0.066396 0.004526 0.284757
2 4 0.172184 0.157790 0.338682 0.058180 0.273163
2 4 0.102422 0.101201 0.437540 0.251044 0.107793
2 4 0.203651 0.179507 0.382615 0.070629 0.163598
3 4 0.275351 0.068980 0.160625 0.292987 0.202056
0 4 0.536453 0.081731 0.121213 0.168147 0.092456
4 4 0.333057 0.060476 0.090608 0.090062 0.425797
0 4 0.320321 0.102348 0.169888 0.187519 0.219923
0 4 0.272198 0.176587 0.255333 0.048777 0.247104
3 4 0.085488 0.067817 0.339098 0.381870 0.125727
2 4 0.153784 0.131745 0.434911 0.219736 0.059824
2 4 0.064290 0.122408 0.590720 0.179750 0.042832
2 4 0.142587 0.261346 0.473428 0.016957 0.105682
2 4 0.207607 0.183854 0.341129 0.034797 0.232613
2 4 0.104704 0.208598 0.523967 0.074145 0.088586
3 4 0.090096 0.060569 0.284669 0.511787 0.052879
2 4 0.134673 0.164812 0.469675 0.088202 0.142639
2 4 0.150696 0.140614 0.443796 0.159354 0.105541
2 4 0.155706 0.188535 0.419449 0.031283 0.205026
2 4 0.171345 0.232029 0.418952 0.017693 0.159980
2 4 0.056068 0.137701 0.567587 0.092178 0.146466
2 4 0.126075 0.159536 0.450976 0.074570 0.188843
2 4 0.172206 0.149201 0.412394 0.133798 0.132401
0 4 0.411730 0.073418 0.137751 0.270727 0.106373
0 4 0.401846 0.132583 0.204405 0.077954 0.183212
0 4 0.389553 0.112587 0.137975 0.051304 0.308581
2 4 0.093821 0.142770 0.485072 0.142068 0.136269
2 2 0.166272 0.203570 0.436270 0.057606 0.136282
2 2 0.152303 0.184257 0.428753 0.106734 0.127954
0 2 0.304876 0.198007 0.301774 0.047502 0.147841
2 2 0.104392 0.096779 0.391502 0.336997 0.070330
2 2 0.060948 0.092391 0.494012 0.301907 0.050742
2 2 0.126418 0.238091 0.432893 0.031268 0.171331
2 2 0.124648 0.109886 0.382085 0.179848 0.203532
2 2 0.089576 0.112669 0.469071 0.194440 0.134245
2 2 0.089590 0.124985 0.558895 0.183502 0.043029
2 2 0.143068 0.130705 0.456708 0.211904 0.057616
2 2 0.056384 0.096881 0.560901 0.255719 0.030115
2 2 0.153167 0.167581 0.478651 0.088761 0.111840
2 2 0.104237 0.141119 0.520445 0.134160 0.100039
3 2 0.041250 0.054245 0.376029 0.501024 0.027452
3 2 0.017507 0.039941 0.419239 0.513945 0.009367
2 2 0.110579 0.091235 0.373240 0.314726 0.110219
2 2 0.032208 0.068249 0.494553 0.380446 0.024543
3 2 0.159134 0.073464 0.265238 0.443846 0.058318
0 2 0.343786 0.119840 0.222692 0.141736 0.171946
0 2 0.324380 0.120221 0.216502 0.202127 0.136770
0 2 0.288774 0.115808 0.272758 0.208418 0.114242
3 2 0.071706 0.049808 0.253625 0.597314 0.027548
3 2 0.056491 0.057722 0.358105 0.507034 0.020647
2 2 0.267785 0.175386 0.370812 0.074647 0.111371
3 2 0.127486 0.084106 0.335059 0.336121 0.117229
2 2 0.178504 0.189954 0.360514 0.046615 0.224413
3 2 0.069529 0.021915 0.095299 0.793799 0.019459
0 2 0.342385 0.102844 0.206158 0.260578 0.088036
0 2 0.396597 0.154075 0.211407 0.052407 0.185514
2 2 0.269994 0.158465 0.339930 0.072201 0.159410
2 2 0.289876 0.181553 0.329528 0.050071 0.148972
2 2 0.225115 0.141919 0.348326 0.171950 0.112690
4 2 0.297861 0.077909 0.109766 0.036084 0.478381
3 2 0.226129 0.068677 0.197767 0.410698 0.096728
0 2 0.300672 0.111732 0.239012 0.139179 0.209405
4 2 0.224777 0.168757 0.232544 0.019263 0.354657
0 2 0.334899 0.172486 0.283731 0.051790 0.157094
2 2 0.144002 0.152887 0.479751 0.141428 0.081932
2 2 0.233744 0.155780 0.287348 0.060144 0.262985
0 2 0.378704 0.071035 0.143309 0.331975 0.074977
2 2 0.146805 0.096203 0.354682 0.349595 0.052714
2 2 0.243110 0.137969 0.331778 0.118324 0.168818
3 2 0.055692 0.056662 0.335896 0.527841 0.023910
0 2 0.378476 0.093056 0.186227 0.252894 0.089347
0 2 0.455754 0.071540 0.111741 0.146500 0.214465
4 2 0.255207 0.129711 0.113772 0.007840 0.493470
0 2 0.459014 0.142220 0.188926 0.061002 0.148838
0 0 0.536453 0.081731 0.121213 0.168147 0.092456
2 1 0.093013 0.083865 0.338136 0.239226 0.245760
3 1 0.089353 0.088482 0.353698 0.422962 0.045504
2 2 0.093240 0.093476 0.402309 0.356850 0.054126
2 2 0.240741 0.130698 0.302414 0.138084 0.188063
2 2 0.059599 0.123751 0.429084 0.084401 0.303165
3 2 0.072369 0.057457 0.297589 0.541098 0.031487
3 2 0.180353 0.078829 0.266014 0.425853 0.048951
2 2 0.192243 0.175666 0.326956 0.030670 0.274464
3 2 0.048005 0.053551 0.337916 0.525482 0.035047
2 2 0.134514 0.194297 0.502363 0.078723 0.090104
3 2 0.047675 0.064436 0.420513 0.438484 0.028892
2 2 0.063880 0.093521 0.514405 0.293116 0.035077
4 2 0.155280 0.087405 0.165087 0.064300 0.527927
4 2 0.187603 0.204501 0.188000 0.005172 0.414723
2 2 0.116633 0.111238 0.404555 0.300164 0.067410
2 2 0.045679 0.104152 0.561007 0.200447 0.088715
2 2 0.197456 0.197267 0.438469 0.053797 0.113011
2 2 0.129255 0.110314 0.342096 0.148629 0.269706
2 2 0.083338 0.143102 0.570902 0.133767 0.068891
2 2 0.212075 0.149314 0.378220 0.141338 0.119053
2 2 0.138766 0.174918 0.502066 0.064425 0.119825
2 2 0.129131 0.235660 0.477365 0.023271 0.134574
2 2 0.140218 0.150227 0.419946 0.080218 0.209390
2 2 0.230644 0.180851 0.308132 0.057661 0.222711
2 2 0.177499 0.179329 0.445828 0.059055 0.138288
4 2 0.209425 0.159655 0.247643 0.019349 0.363928
2 2 0.129182 0.096908 0.359864 0.331090 0.082956
3 2 0.251838 0.055121 0.140612 0.428196 0.124233
4 2 0.222063 0.151878 0.234801 0.049395 0.341863
2 2 0.137147 0.184174 0.403276 0.070963 0.204440
3 2 0.199362 0.090279 0.233809 0.274328 0.202222
2 2 0.257036 0.206276 0.317565 0.036803 0.182321
2 2 0.161529 0.121954 0.381558 0.171059 0.163900
0 2 0.293793 0.108885 0.230650 0.182880 0.183791
2 2 0.106938 0.118102 0.438529 0.204858 0.131573
3 2 0.246475 0.081225 0.222508 0.331477 0.118316
2 2 0.125528 0.101342 0.411072 0.295735 0.066323
2 2 0.201054 0.252407 0.411834 0.019734 0.114972
0 2 0.375103 0.130325 0.128035 0.020602 0.345936
4 2 0.187826 0.173482 0.271561 0.032397 0.334735
0 2 0.370410 0.120521 0.208975 0.095113 0.204980
2 3 0.148571 0.182114 0.439982 0.071510 0.157823
2 3 0.129013 0.118873 0.409656 0.213242 0.129216
0 3 0.352387 0.139879 0.248617 0.098178 0.160939
0 3 0.366413 0.081971 0.168347 0.238953 0.144317
3 3 0.134039 0.065852 0.260329 0.487908 0.051872
3 3 0.231087 0.083049 0.220257 0.265495 0.200112
3 3 0.208113 0.048974 0.138458 0.543418 0.061037
3 3 0.175090 0.057918 0.184538 0.465687 0.116768
0 3 0.346868 0.100565 0.186291 0.129483 0.236793
2 3 0.219040 0.153912 0.335481 0.105378 0.186188
2 3 0.177328 0.116698 0.348303 0.212314 0.145357
3 3 0.085101 0.043740 0.190597 0.647305 0.033257
3 3 0.061969 0.030717 0.157569 0.730319 0.019425
0 3 0.478893 0.104076 0.161798 0.143568 0.111665
3 3 0.179067 0.078967 0.262686 0.309656 0.169625
2 3 0.213550 0.140744 0.363877 0.141619 0.140210
3 3 0.165578 0.084773 0.302636 0.375780 0.071232
2 3 0.098379 0.139328 0.558724 0.149725 0.053843
3 3 0.081112 0.043791 0.203818 0.645084 0.026195
3 3 0.113699 0.041524 0.160554 0.651933 0.032290
3 3 0.073446 0.055878 0.299634 0.546461 0.024580
4 3 0.205594 0.166097 0.253696 0.016457 0.358156
0 3 0.386916 0.118590 0.213289 0.161964 0.119241
0 2 0.308072 0.099793 0.241241 0.255828 0.095066
2 2 0.183567 0.218915 0.428298 0.048479 0.120741
0 2 0.426997 0.230920 0.154052 0.010815 0.177215
2 2 0.170440 0.231193 0.370375 0.019828 0.208165
2 2 0.173044 0.135714 0.329313 0.055433 0.306496
4 2 0.140943 0.115563 0.303232 0.068175 0.372086
2 2 0.036107 0.135619 0.665111 0.085043 0.078119
2 2 0.039908 0.132274 0.676676 0.076347 0.074795
2 2 0.021777 0.151486 0.663994 0.033909 0.128834
2 2 0.042034 0.166457 0.544850 0.025726 0.220933
2 2 0.035783 0.175121 0.593809 0.025268 0.170019
2 2 0.079406 0.178751 0.542432 0.032310 0.167101
2 1 0.045592 0.118373 0.563637 0.167608 0.104789
2 1 0.045053 0.190947 0.531592 0.016987 0.215421
2 2 0.024087 0.122934 0.698298 0.064655 0.090026
2 2 0.032757 0.172290 0.652499 0.031760 0.110694
2 2 0.021233 0.155707 0.705622 0.025790 0.091648
2 2 0.026465 0.116422 0.631127 0.069383 0.156603
2 2 0.022336 0.151320 0.709597 0.042738 0.074010
2 1 0.062399 0.142555 0.593138 0.069100 0.132808
2 2 0.195147 0.157598 0.337469 0.088853 0.220933
2 2 0.054948 0.180066 0.568829 0.025033 0.171125
2 2 0.023131 0.121082 0.703922 0.072597 0.079268
2 2 0.039930 0.189482 0.475865 0.007660 0.287062
2 2 0.032132 0.175155 0.634520 0.022603 0.135590
2 2 0.029557 0.169203 0.645529 0.024818 0.130893
2 1 0.039909 0.131816 0.687383 0.099171 0.041721
4 1 0.186908 0.117688 0.281777 0.081067 0.332559
2 0 0.206067 0.103598 0.282312 0.244631 0.163391
2 0 0.116336 0.139387 0.417460 0.168146 0.158670
2 0 0.056028 0.206040 0.444788 0.009086 0.284059
2 0 0.095765 0.212453 0.453180 0.022812 0.215790
2 0 0.172636 0.114403 0.342341 0.224278 0.146342
0 0 0.387710 0.110706 0.203940 0.185662 0.111983
0 0 0.528350 0.079440 0.115849 0.148577 0.127785
0 0 0.475069 0.078812 0.132579 0.226880 0.086660
0 0 0.547340 0.086668 0.121114 0.146813 0.098066
0 0 0.536453 0.081731 0.121213 0.168147 0.092456
0 0 0.572309 0.142242 0.099176 0.024845 0.161428
0 0 0.490541 0.105121 0.158537 0.132337 0.113464
3 0 0.054018 0.030845 0.172589 0.719402 0.023146
0 0 0.413325 0.074242 0.140479 0.292452 0.079502
0 0 0.536453 0.081731 0.121213 0.168147 0.092456
3 0 0.216872 0.050320 0.139067 0.544261 0.049480
3 0 0.027673 0.011436 0.069130 0.882727 0.009034
3 0 0.133485 0.050621 0.190412 0.570889 0.054592
2 0 0.227556 0.207468 0.306057 0.038982 0.219936
2 0 0.081971 0.134742 0.537847 0.142383 0.103057
3 0 0.117922 0.046437 0.160876 0.549775 0.124990
2 0 0.122778 0.111592 0.349603 0.209031 0.206996
2 0 0.064883 0.121474 0.505129 0.224601 0.083912
2 0 0.073027 0.113273 0.425811 0.118512 0.269376
2 0 0.092935 0.188648 0.484185 0.044397 0.189835
2 0 0.033345 0.115027 0.629252 0.124533 0.097842
2 0 0.036987 0.127885 0.654373 0.077199 0.103556
2 1 0.041838 0.144833 0.615886 0.059963 0.137480
0 1 0.343528 0.146261 0.248213 0.067222 0.194777
0 1 0.328683 0.126261 0.227091 0.159858 0.158108
4 1 0.296903 0.059407 0.063899 0.023692 0.556098
2 1 0.157623 0.112119 0.390125 0.261146 0.078986
2 1 0.201474 0.138323 0.332238 0.175615 0.152349
2 1 0.176259 0.121631 0.348626 0.155960 0.197524
0 1 0.359768 0.147916 0.181720 0.027099 0.283496
0 1 0.299829 0.188827 0.294335 0.041075 0.175934
3 1 0.226244 0.069649 0.197487 0.365930 0.140690
3 1 0.070793 0.056389 0.308985 0.539823 0.024010
0 1 0.379533 0.167441 0.174098 0.027821 0.251107
2 1 0.225302 0.123784 0.334633 0.178201 0.138081
2 1 0.114514 0.109233 0.381350 0.218184 0.176719
0 1 0.323873 0.176234 0.200925 0.040060 0.258909
2 1 0.234862 0.125887 0.316235 0.125956 0.197060
0 1 0.357728 0.152531 0.184497 0.032132 0.273112
0 1 0.374049 0.197669 0.215416 0.024151 0.188716
0 2 0.312834 0.125852 0.222863 0.062981 0.275469
4 2 0.289940 0.153283 0.211135 0.029504 0.316138
3 2 0.121402 0.086795 0.364182 0.384951 0.042670
2 2 0.082714 0.120646 0.552002 0.207705 0.036933
2 2 0.271156 0.133240 0.307306 0.127071 0.161227
2 2 0.152377 0.105527 0.313931 0.176399 0.251767
3 2 0.042451 0.054420 0.372323 0.511081 0.019724
3 2 0.131922 0.055460 0.201114 0.563184 0.048320
3 2 0.068211 0.070401 0.408069 0.411194 0.042125
2 2 0.063733 0.079807 0.411734 0.402473 0.042252
3 2 0.079592 0.028989 0.123934 0.728306 0.039180
3 2 0.050295 0.023224 0.126365 0.769019 0.031097
3 2 0.170538 0.076416 0.261205 0.444619 0.047223
0 2 0.341767 0.093369 0.157956 0.071600 0.335309
0 2 0.415916 0.111011 0.203576 0.139233 0.130265
4 2 0.253431 0.064315 0.105894 0.062742 0.513618
2 2 0.176915 0.167193 0.438991 0.077270 0.139631
2 2 0.051488 0.087867 0.507203 0.323374 0.030068
2 2 0.107402 0.108320 0.456114 0.279291 0.048873
3 2 0.035938 0.060725 0.421454 0.457370 0.024512
2 2 0.139932 0.096092 0.374340 0.343722 0.045914
3 4 0.101343 0.088818 0.366652 0.385527 0.057659
0 4 0.436796 0.109620 0.192095 0.161464 0.100025
2 4 0.136892 0.109607 0.392001 0.273705 0.087795
2 4 0.101870 0.120931 0.468335 0.232075 0.076789
2 4 0.074358 0.098912 0.445811 0.319375 0.061545
2 4 0.227053 0.193643 0.397642 0.060534 0.121129
2 4 0.246840 0.186812 0.296524 0.038830 0.230995
2 4 0.097961 0.120597 0.460937 0.261396 0.059108
0 4 0.437991 0.138199 0.212776 0.086327 0.124707
4 4 0.338748 0.099239 0.158643 0.058330 0.345040
4 4 0.345828 0.099812 0.124783 0.031219 0.398358
0 1 0.445911 0.076844 0.136757 0.257055 0.083432
2 1 0.027319 0.102225 0.654462 0.176694 0.039300
2 1 0.104854 0.218231 0.411248 0.014860 0.250806
2 1 0.051847 0.136039 0.661252 0.108836 0.042025
2 4 0.040322 0.096866 0.566996 0.263121 0.032696
2 4 0.019259 0.053330 0.507963 0.406005 0.013443
2 4 0.050441 0.087261 0.511771 0.309145 0.041382
2 4 0.031746 0.088059 0.597712 0.244855 0.037628
2 4 0.031292 0.085451 0.546453 0.265222 0.071581
2 4 0.047675 0.210319 0.654815 0.022663 0.064528
2 4 0.049449 0.088047 0.495269 0.298593 0.068641
2 4 0.169596 0.135926 0.366013 0.178687 0.149779
2 4 0.200059 0.147820 0.316109 0.105791 0.230221
0 4 0.477060 0.125243 0.180724 0.090697 0.126275
4 4 0.229470 0.074482 0.175396 0.125202 0.395449
2 4 0.062960 0.125411 0.603728 0.145081 0.062820
4 4 0.164494 0.128306 0.260558 0.040196 0.406447
2 4 0.217465 0.146536 0.369031 0.190850 0.076118
2 4 0.035024 0.127656 0.651379 0.123990 0.061952
2 4 0.057049 0.169655 0.661237 0.070266 0.041792
4 4 0.144172 0.211154 0.272738 0.005556 0.366379
2 4 0.099073 0.147957 0.535028 0.140573 0.077369
2 4 0.183195 0.106708 0.361312 0.244004 0.104782
3 4 0.133568 0.092590 0.307085 0.349783 0.116974
2 4 0.056703 0.188422 0.619675 0.054269 0.080931
4 4 0.181852 0.163662 0.293325 0.030803 0.330358
2 4 0.075377 0.149828 0.554144 0.081920 0.138732
2 4 0.052303 0.102801 0.576479 0.231726 0.036691
2 4 0.148076 0.176477 0.480702 0.126911 0.067834
2 4 0.024435 0.078244 0.578975 0.257547 0.060798
4 4 0.252339 0.146312 0.193630 0.019137 0.388582
3 4 0.181009 0.044901 0.135164 0.579027 0.059898
0 4 0.336088 0.061711 0.121911 0.223768 0.256522
0 4 0.536453 0.081731 0.121213 0.168147 0.092456
0 4 0.463458 0.067260 0.093754 0.097419 0.278109
0 4 0.563104 0.120251 0.103324 0.040457 0.172865
2 4 0.252616 0.123120 0.329432 0.200791 0.094040
2 4 0.096309 0.142278 0.473828 0.120953 0.166631
2 4 0.167769 0.239303 0.394473 0.019956 0.178500
2 4 0.263173 0.235513 0.264913 0.009591 0.226810
3 4 0.306101 0.062902 0.145245 0.421347 0.064405
0 4 0.279466 0.165874 0.275255 0.073847 0.205558
0 4 0.536453 0.081731 0.121213 0.168147 0.092456
4 4 0.208300 0.152860 0.249742 0.042727 0.346371
2 4 0.104972 0.154905 0.397481 0.043735 0.298907
2 4 0.294405 0.166709 0.302075 0.084740 0.152072
0 4 0.328257 0.190857 0.294419 0.050754 0.135713
0 4 0.373918 0.110038 0.208888 0.196743 0.110414
2 4 0.203825 0.198599 0.402432 0.100253 0.094890
2 4 0.098792 0.153929 0.479934 0.064657 0.202689
3 4 0.045426 0.052902 0.279097 0.597745 0.024830
4 4 0.151179 0.126280 0.304412 0.082635 0.335494
2 4 0.047931 0.157229 0.669616 0.072922 0.052303
2 4 0.037387 0.131724 0.680225 0.080152 0.070513
2 4 0.076981 0.189032 0.559883 0.036360 0.137743
2 4 0.022709 0.129025 0.747795 0.070115 0.030357
2 4 0.039129 0.119455 0.641539 0.143064 0.056813
2 4 0.057958 0.126054 0.601540 0.126101 0.088346
4 4 0.231035 0.086240 0.208607 0.176651 0.297467
3 4 0.277523 0.075550 0.182275 0.356948 0.107704
0 4 0.459069 0.092430 0.153122 0.138456 0.156924
4 4 0.328306 0.051667 0.057751 0.032787 0.529489
0 4 0.511525 0.076499 0.108005 0.123167 0.180804
3 4 0.017847 0.009134 0.062488 0.892820 0.017710
3 4 0.111123 0.034992 0.129538 0.692583 0.031765
0 4 0.493072 0.122106 0.167944 0.085912 0.130965
2 4 0.023791 0.076952 0.561342 0.307299 0.030616
