4 0 0.202180 0.177233 0.220243 0.021966 0.378377
2 0 0.078031 0.216734 0.490312 0.029075 0.185848
2 0 0.058821 0.095264 0.560527 0.247956 0.037432
2 0 0.064708 0.148228 0.474361 0.076892 0.235810
2 0 0.054996 0.185665 0.519739 0.027274 0.212326
2 0 0.095908 0.145152 0.427592 0.189615 0.141734
2 0 0.041338 0.098395 0.561976 0.246255 0.052036
2 0 0.069043 0.116574 0.468916 0.194137 0.151330
2 0 0.093197 0.165706 0.537055 0.076332 0.127710
3 0 0.096012 0.038957 0.174913 0.667590 0.022528
2 0 0.049782 0.086527 0.490862 0.322176 0.050654
3 0 0.062463 0.031676 0.170652 0.717539 0.017670
2 0 0.280207 0.141611 0.318672 0.166399 0.093111
2 0 0.226600 0.144184 0.387240 0.202179 0.039797
3 0 0.075545 0.032909 0.194367 0.687810 0.009368
3 0 0.170511 0.082029 0.277454 0.440017 0.029989
0 0 0.387592 0.131665 0.103410 0.014510 0.362823
4 0 0.242371 0.087081 0.055218 0.009849 0.605481
2 0 0.100744 0.163631 0.457292 0.132849 0.145484
3 0 0.067908 0.053772 0.267170 0.580793 0.030358
3 0 0.066791 0.070047 0.390976 0.444051 0.028135
2 0 0.067099 0.101970 0.507631 0.271815 0.051484
2 0 0.080642 0.130689 0.579238 0.158148 0.051284
3 0 0.153405 0.055692 0.196412 0.560180 0.034311
4 0 0.179283 0.129297 0.157761 0.037490 0.496169
2 0 0.094586 0.171776 0.362048 0.026745 0.344845
4 0 0.133344 0.175607 0.212568 0.013105 0.465376
2 0 0.088229 0.099019 0.329541 0.311807 0.171403
4 0 0.094877 0.177655 0.236975 0.007288 0.483205
2 0 0.056519 0.185210 0.446520 0.015822 0.295928
2 0 0.125344 0.170953 0.384531 0.104859 0.214312
2 0 0.047572 0.169975 0.505335 0.023305 0.253813
2 0 0.052191 0.176319 0.492503 0.023930 0.255057
0 0 0.328693 0.177355 0.216508 0.072147 0.205296
4 0 0.236924 0.165715 0.206212 0.067235 0.323915
4 0 0.179352 0.146842 0.257522 0.113610 0.302675
4 0 0.297112 0.124287 0.157728 0.075337 0.345536
2 0 0.149317 0.175782 0.404295 0.109293 0.161312
4 0 0.071200 0.154790 0.370318 0.030756 0.372935
2 0 0.044252 0.168326 0.540140 0.026658 0.220625
2 0 0.021827 0.090657 0.635254 0.156053 0.096209
2 0 0.057448 0.168769 0.560138 0.039737 0.173908
2 0 0.050441 0.138582 0.581720 0.099572 0.129685
4 0 0.178174 0.158768 0.258106 0.071233 0.333718
2 0 0.068660 0.115407 0.439068 0.266945 0.109920
2 0 0.188656 0.179453 0.317048 0.137917 0.176926
4 0 0.123689 0.131067 0.218844 0.030699 0.495701
0 0 0.430710 0.139402 0.214801 0.144398 0.070688
0 0 0.531281 0.156341 0.164716 0.038194 0.109468
3 0 0.180886 0.090369 0.278450 0.404262 0.046033
4 0 0.169119 0.177824 0.285704 0.038210 0.329143
0 0 0.309492 0.095024 0.159757 0.198191 0.237536
4 0 0.287398 0.139798 0.199285 0.056105 0.317415
2 0 0.043574 0.159243 0.554608 0.037519 0.205055
2 0 0.056601 0.177908 0.548143 0.031727 0.185621
2 0 0.028471 0.137324 0.646993 0.046643 0.140568
2 0 0.039135 0.185721 0.589802 0.019531 0.165811
2 0 0.046937 0.108668 0.606400 0.185413 0.052582
2 0 0.074483 0.125981 0.505327 0.177069 0.117140
3 0 0.020214 0.021720 0.178609 0.767993 0.011464
2 0 0.074258 0.177071 0.531466 0.054035 0.163171
0 0 0.529808 0.124126 0.171200 0.116745 0.058121
3 0 0.247903 0.030369 0.100779 0.607241 0.013707
0 0 0.523887 0.136541 0.132252 0.050010 0.157309
0 0 0.420760 0.062183 0.157942 0.345976 0.013139
0 0 0.492307 0.085044 0.146114 0.219234 0.057301
0 0 0.514891 0.120463 0.178130 0.136511 0.050004
0 0 0.771333 0.074874 0.033834 0.006194 0.113764
0 0 0.721379 0.065960 0.091246 0.107377 0.014038
2 0 0.141497 0.171316 0.389315 0.170439 0.127432
3 0 0.233185 0.110760 0.255683 0.309631 0.090740
0 0 0.326866 0.128696 0.252890 0.222910 0.068638
4 0 0.255243 0.084416 0.042040 0.005307 0.612994
2 0 0.100942 0.188607 0.372687 0.019884 0.317880
2 0 0.038854 0.124027 0.684711 0.107561 0.044847
4 0 0.125038 0.214299 0.280533 0.008178 0.371953
2 0 0.118418 0.186841 0.436327 0.077298 0.181116
2 0 0.103945 0.188900 0.351297 0.019429 0.336430
2 0 0.065390 0.182476 0.527238 0.040460 0.184436
2 0 0.027474 0.076515 0.573179 0.275691 0.047141
2 0 0.111592 0.139705 0.414445 0.140661 0.193598
2 0 0.067436 0.091801 0.479340 0.313307 0.048116
2 0 0.138375 0.169267 0.337602 0.075402 0.279353
2 0 0.034334 0.169474 0.612355 0.023676 0.160162
4 0 0.071393 0.169604 0.271100 0.007175 0.480727
2 0 0.054526 0.152501 0.475318 0.042664 0.274992
2 0 0.055625 0.143294 0.506842 0.077380 0.216860
2 0 0.057512 0.197189 0.418852 0.010203 0.316244
2 0 0.069097 0.182120 0.388281 0.017163 0.343337
2 0 0.033219 0.114960 0.618181 0.138938 0.094702
2 0 0.063119 0.194182 0.400237 0.011770 0.330692
2 0 0.051516 0.177326 0.500326 0.023457 0.247375
2 0 0.028475 0.136738 0.602780 0.033667 0.198340
2 0 0.043627 0.160816 0.534313 0.030363 0.230880
2 0 0.026997 0.062283 0.505198 0.381276 0.024245
4 1 0.054575 0.163664 0.369113 0.012323 0.400326
4 1 0.060440 0.169202 0.376718 0.014921 0.378719
2 1 0.027557 0.147550 0.649178 0.030850 0.144865
2 1 0.043918 0.158860 0.564990 0.040625 0.191608
0 0 0.307976 0.140964 0.254367 0.194643 0.102049
2 0 0.082760 0.129617 0.448365 0.145168 0.194090
2 0 0.078302 0.146617 0.489203 0.081591 0.204288
2 1 0.042409 0.162717 0.576224 0.037435 0.181215
2 1 0.021784 0.097147 0.729195 0.108662 0.043211
2 0 0.074233 0.142342 0.549310 0.120638 0.113477
2 0 0.032102 0.096267 0.700925 0.130393 0.040313
2 0 0.055062 0.126589 0.641765 0.120827 0.055757
2 0 0.025543 0.084538 0.675949 0.182986 0.030983
2 0 0.028456 0.097973 0.709318 0.136382 0.027872
2 0 0.030641 0.115649 0.733430 0.084789 0.035492
0 0 0.529492 0.116157 0.101469 0.041016 0.211866
3 0 0.363410 0.050359 0.152629 0.425459 0.008143
0 0 0.499017 0.088109 0.151495 0.213248 0.048131
2 0 0.177832 0.181430 0.367374 0.046264 0.227099
2 0 0.099368 0.121905 0.387257 0.204099 0.187371
0 0 0.419173 0.095691 0.084852 0.040826 0.359458
4 0 0.345618 0.131212 0.133093 0.031954 0.358123
0 0 0.492894 0.078345 0.126643 0.200195 0.101923
0 0 0.381727 0.097083 0.181852 0.264296 0.075042
3 0 0.015613 0.009525 0.089003 0.879559 0.006300
0 0 0.701518 0.061576 0.081884 0.124176 0.030845
3 0 0.220315 0.077809 0.181788 0.360815 0.159273
0 0 0.514669 0.041549 0.081673 0.336293 0.025815
0 0 0.752692 0.024365 0.048368 0.172678 0.001897
0 0 0.782879 0.053580 0.067788 0.085332 0.010421
4 0 0.227967 0.114900 0.219837 0.194413 0.242884
2 0 0.071626 0.090701 0.426195 0.342100 0.069378
4 0 0.196922 0.120410 0.166997 0.052084 0.463587
2 0 0.039878 0.154901 0.540475 0.029224 0.235523
2 0 0.029206 0.150312 0.653250 0.035170 0.132062
2 0 0.029384 0.148589 0.631453 0.031809 0.158766
2 0 0.045168 0.170328 0.479388 0.016905 0.288211
2 0 0.029123 0.150419 0.598896 0.022653 0.198908
2 0 0.039537 0.168517 0.525010 0.017763 0.249173
2 0 0.026084 0.133344 0.647930 0.041940 0.150703
2 0 0.027327 0.138573 0.644694 0.037702 0.151705
2 0 0.026571 0.140762 0.636160 0.031314 0.165193
2 0 0.024958 0.131246 0.652727 0.040944 0.150124
2 0 0.030948 0.136988 0.605333 0.042273 0.184458
2 0 0.045739 0.160920 0.490660 0.024468 0.278213
2 0 0.026639 0.130998 0.611144 0.036231 0.194988
2 0 0.031176 0.156021 0.616490 0.026450 0.169864
2 0 0.032110 0.148219 0.594159 0.029517 0.195995
2 1 0.038585 0.168250 0.599196 0.017889 0.176080
2 1 0.021233 0.125223 0.710637 0.042770 0.100137
2 1 0.025429 0.150538 0.666235 0.026833 0.130965
2 1 0.023945 0.127747 0.679783 0.051053 0.117471
2 1 0.039057 0.159273 0.515847 0.020754 0.265069
2 1 0.034578 0.151142 0.566827 0.027653 0.219801
2 1 0.031854 0.148836 0.624068 0.036673 0.158569
2 1 0.035513 0.110751 0.590149 0.173434 0.090154
2 1 0.097504 0.180558 0.412653 0.057505 0.251780
2 1 0.098082 0.152464 0.406737 0.055184 0.287533
2 1 0.085245 0.136941 0.479330 0.145052 0.153433
4 1 0.122370 0.180156 0.285612 0.024868 0.386993
2 1 0.069887 0.174801 0.399094 0.022843 0.333375
2 1 0.067670 0.154364 0.403378 0.036043 0.338546
2 1 0.052889 0.170094 0.509268 0.033952 0.233796
2 1 0.044988 0.174690 0.605490 0.029466 0.145365
2 1 0.093937 0.194358 0.467199 0.034567 0.209939
2 1 0.098014 0.126923 0.385115 0.251884 0.138064
2 1 0.064244 0.194019 0.522610 0.035230 0.183897
4 1 0.110207 0.177157 0.222588 0.008874 0.481173
2 1 0.188656 0.179453 0.317048 0.137917 0.176926
2 1 0.052340 0.149296 0.601396 0.065701 0.131266
2 1 0.036062 0.129436 0.653053 0.085300 0.096149
2 1 0.041978 0.112439 0.642528 0.153861 0.049194
2 1 0.023953 0.059721 0.462911 0.400913 0.052502
2 1 0.089331 0.157057 0.496533 0.112896 0.144183
2 1 0.074361 0.146402 0.587972 0.099704 0.091562
2 1 0.097734 0.163334 0.471465 0.091968 0.175498
2 1 0.089556 0.170218 0.500773 0.072639 0.166814
2 2 0.082868 0.222608 0.477994 0.024847 0.191684
2 2 0.101628 0.148795 0.356859 0.084685 0.308032
2 2 0.068269 0.123294 0.532389 0.127457 0.148590
0 2 0.290096 0.171587 0.238029 0.097554 0.202734
0 1 0.308505 0.135805 0.243382 0.201844 0.110464
2 1 0.097526 0.169186 0.521824 0.062132 0.149333
2 1 0.118762 0.148677 0.504254 0.134196 0.094111
2 1 0.075012 0.154922 0.611558 0.110450 0.048058
2 1 0.099631 0.180223 0.554832 0.085980 0.079334
2 1 0.125975 0.099235 0.335042 0.315761 0.123987
2 1 0.113839 0.160596 0.499890 0.114691 0.110984
2 1 0.180102 0.196493 0.359965 0.043155 0.220286
3 1 0.026925 0.042200 0.333207 0.575605 0.022063
2 1 0.202061 0.115651 0.306085 0.257293 0.118910
3 1 0.076057 0.073295 0.359386 0.428550 0.062712
2 1 0.118410 0.217067 0.399083 0.025755 0.239685
2 1 0.170009 0.099145 0.342579 0.334207 0.054059
2 1 0.134469 0.157634 0.465270 0.145638 0.096990
2 1 0.143061 0.110294 0.344694 0.335383 0.066569
2 1 0.060011 0.073374 0.429466 0.409732 0.027418
2 2 0.168058 0.124998 0.366556 0.231602 0.108786
2 2 0.203614 0.183571 0.296121 0.114429 0.202265
2 2 0.219410 0.176461 0.305193 0.142067 0.156869
0 2 0.337778 0.121238 0.220497 0.224148 0.096339
3 2 0.122102 0.054790 0.207567 0.573743 0.041797
2 2 0.039317 0.112726 0.639682 0.144362 0.063914
2 2 0.034420 0.073526 0.506006 0.340408 0.045639
0 2 0.492370 0.125671 0.187895 0.139022 0.055042
2 2 0.064731 0.174513 0.463256 0.032959 0.264541
2 2 0.092359 0.194299 0.400130 0.026446 0.286766
2 2 0.079267 0.225988 0.434989 0.010632 0.249125
2 3 0.080462 0.164630 0.434267 0.058637 0.262005
2 3 0.082645 0.239530 0.411935 0.010661 0.255230
2 3 0.051277 0.137439 0.557140 0.098170 0.155974
2 3 0.090215 0.233458 0.394754 0.012674 0.268899
2 3 0.072100 0.193874 0.489968 0.037822 0.206235
2 3 0.044299 0.107315 0.566566 0.244623 0.037197
2 3 0.080234 0.180487 0.515829 0.059935 0.163515
2 3 0.060254 0.150791 0.599214 0.107260 0.082482
0 3 0.307524 0.175911 0.248221 0.101551 0.166793
4 3 0.112014 0.172913 0.168121 0.003984 0.542969
2 3 0.051896 0.138948 0.539605 0.099846 0.169704
2 3 0.126799 0.183216 0.344773 0.038764 0.306449
4 3 0.118406 0.189942 0.313267 0.025978 0.352408
2 3 0.081517 0.135308 0.512304 0.162144 0.108728
2 3 0.052292 0.121543 0.574925 0.185801 0.065439
2 3 0.053762 0.130360 0.546887 0.161384 0.107607
2 3 0.093143 0.127257 0.483247 0.212426 0.083926
2 3 0.074438 0.172627 0.510791 0.080741 0.161403
2 3 0.061716 0.086436 0.398103 0.340114 0.113630
2 3 0.069884 0.100591 0.422576 0.287466 0.119482
2 3 0.080805 0.111824 0.468483 0.277387 0.061500
2 3 0.076974 0.147310 0.492949 0.152635 0.130132
4 3 0.141872 0.139149 0.249166 0.068542 0.401271
2 3 0.031328 0.080450 0.513350 0.329071 0.045802
3 3 0.132690 0.085907 0.286046 0.413340 0.082017
2 3 0.044894 0.092789 0.491789 0.324101 0.046427
2 3 0.055126 0.105084 0.539235 0.258423 0.042132
2 3 0.047519 0.082288 0.452199 0.367992 0.050003
3 3 0.063058 0.063225 0.365192 0.474789 0.033735
2 3 0.158203 0.163372 0.404193 0.120248 0.153984
2 3 0.127359 0.175962 0.409455 0.084810 0.202414
3 3 0.132659 0.060132 0.242636 0.519374 0.045199
2 3 0.065694 0.138103 0.508630 0.172212 0.115361
3 3 0.066935 0.066234 0.297671 0.526326 0.042834
2 3 0.136310 0.154975 0.375701 0.153190 0.179824
3 3 0.079339 0.078285 0.332124 0.425418 0.084835
2 3 0.095743 0.127400 0.496023 0.210652 0.070182
2 3 0.111412 0.151217 0.435830 0.153843 0.147698
2 3 0.122908 0.141622 0.454370 0.201901 0.079198
2 3 0.043080 0.076694 0.480199 0.366827 0.033200
2 3 0.122093 0.130971 0.403240 0.231151 0.112545
2 3 0.181704 0.139084 0.313125 0.242573 0.123515
0 3 0.575340 0.128325 0.088952 0.019898 0.187484
0 3 0.524692 0.131060 0.163335 0.093942 0.086972
0 3 0.428822 0.146532 0.213027 0.125726 0.085894
0 3 0.705601 0.091542 0.095012 0.060134 0.047711
0 3 0.741543 0.072210 0.026593 0.003457 0.156198
3 3 0.384622 0.048855 0.133024 0.420685 0.012813
0 3 0.698898 0.066941 0.093596 0.122052 0.018513
0 3 0.481604 0.055112 0.104834 0.316143 0.042307
3 3 0.379038 0.056398 0.150356 0.399152 0.015056
3 3 0.182193 0.061729 0.219017 0.515161 0.021900
0 3 0.452464 0.129305 0.196385 0.147982 0.073863
3 3 0.094420 0.068876 0.277703 0.514549 0.044452
2 3 0.164679 0.155311 0.332337 0.139427 0.208246
2 3 0.094969 0.121276 0.484644 0.216244 0.082868
0 3 0.307068 0.123225 0.230023 0.231596 0.108089
4 2 0.273621 0.163649 0.174804 0.019048 0.368878
2 2 0.075760 0.114689 0.514578 0.214976 0.079997
2 2 0.054185 0.145653 0.596288 0.088091 0.115782
2 2 0.121989 0.221437 0.334913 0.015288 0.306373
2 2 0.035832 0.121476 0.694483 0.103850 0.044359
2 2 0.043229 0.119008 0.674750 0.113899 0.049115
2 2 0.065895 0.130319 0.606618 0.139220 0.057948
0 2 0.455151 0.134060 0.204113 0.142536 0.064139
2 2 0.203173 0.183473 0.296783 0.115099 0.201473
2 2 0.040021 0.135313 0.542711 0.055861 0.226094
2 2 0.028057 0.133580 0.652721 0.051232 0.134410
4 2 0.081133 0.186758 0.310326 0.010356 0.411427
2 2 0.041642 0.162613 0.579312 0.036379 0.180054
2 2 0.038411 0.162423 0.592452 0.032893 0.173821
2 2 0.034247 0.146415 0.659228 0.062948 0.097161
2 2 0.245251 0.130479 0.267566 0.207541 0.149163
2 2 0.134847 0.133699 0.397855 0.276946 0.056652
2 2 0.213584 0.178961 0.310503 0.136618 0.160334
2 2 0.067620 0.170893 0.396261 0.023624 0.341602
2 2 0.125225 0.172714 0.378402 0.086847 0.236812
2 2 0.041174 0.135949 0.575029 0.075555 0.172293
2 2 0.056981 0.154409 0.435632 0.031599 0.321379
2 2 0.123481 0.177001 0.429709 0.138990 0.130820
2 2 0.091494 0.151149 0.461128 0.188307 0.107922
2 2 0.076940 0.187063 0.508209 0.055071 0.172717
2 2 0.044685 0.184797 0.557791 0.021500 0.191227
2 2 0.060357 0.180468 0.424266 0.017110 0.317798
4 2 0.171247 0.154542 0.229985 0.033826 0.410400
2 2 0.092935 0.184378 0.365375 0.017286 0.340026
2 2 0.074946 0.214637 0.439613 0.015349 0.255455
2 2 0.177841 0.168039 0.291103 0.083326 0.279691
4 2 0.214160 0.145179 0.201998 0.048002 0.390661
2 2 0.051647 0.153055 0.549528 0.060777 0.184992
2 2 0.052929 0.168753 0.458025 0.021863 0.298430
2 2 0.041581 0.153427 0.629068 0.051815 0.124109
4 2 0.145171 0.151419 0.160282 0.011601 0.531527
2 2 0.073229 0.144268 0.474263 0.081247 0.226993
3 2 0.102865 0.079440 0.322948 0.464656 0.030091
2 2 0.261940 0.171637 0.289002 0.143872 0.133549
2 2 0.044215 0.196303 0.529993 0.012924 0.216565
2 2 0.061406 0.158225 0.592124 0.062930 0.125315
2 2 0.027942 0.125732 0.717193 0.061405 0.067728
2 2 0.064195 0.131072 0.541021 0.123706 0.140006
3 2 0.069043 0.041569 0.224989 0.649819 0.014579
2 2 0.275784 0.129359 0.323056 0.222991 0.048810
2 2 0.048309 0.085197 0.476719 0.323071 0.066704
2 2 0.105028 0.107788 0.407154 0.348592 0.031438
0 2 0.515282 0.110006 0.169158 0.156500 0.049054
0 2 0.506209 0.134815 0.087466 0.015715 0.255794
0 2 0.610274 0.087540 0.113440 0.120436 0.068311
2 2 0.091941 0.156653 0.556177 0.087857 0.107373
2 2 0.072744 0.149397 0.543981 0.100264 0.133613
2 2 0.047873 0.146205 0.665272 0.063531 0.077118
4 2 0.311151 0.108817 0.127958 0.080351 0.371723
0 2 0.495780 0.149228 0.129527 0.035035 0.190430
2 2 0.023704 0.106435 0.721193 0.117334 0.031334
2 2 0.043339 0.148574 0.636884 0.068847 0.102357
0 2 0.483426 0.127713 0.191784 0.139939 0.057138
2 2 0.064840 0.168808 0.598242 0.067090 0.101020
2 2 0.078046 0.212049 0.494411 0.022354 0.193140
0 2 0.365389 0.155317 0.218130 0.103524 0.157640
2 2 0.039043 0.162296 0.609205 0.029552 0.159904
2 2 0.044536 0.161248 0.557279 0.038904 0.198033
2 2 0.033328 0.129386 0.661957 0.086987 0.088342
2 2 0.087484 0.164703 0.524262 0.078009 0.145543
2 2 0.078466 0.163159 0.376572 0.026205 0.355598
4 2 0.287377 0.177053 0.178879 0.040100 0.316591
2 2 0.076002 0.113383 0.457016 0.240992 0.112608
2 2 0.055869 0.161461 0.496330 0.039476 0.246865
2 2 0.052294 0.196662 0.477624 0.012896 0.260523
2 2 0.045985 0.145808 0.588673 0.062540 0.156993
2 2 0.030593 0.119544 0.678496 0.094395 0.076973
2 2 0.119148 0.175092 0.356540 0.049330 0.299890
0 2 0.327658 0.107215 0.233621 0.279636 0.051870
0 2 0.307026 0.150613 0.189117 0.083468 0.269776
3 2 0.041158 0.049152 0.333816 0.535925 0.039950
2 2 0.063739 0.151905 0.462260 0.055910 0.266186
2 2 0.159014 0.103052 0.337824 0.316937 0.083174
3 2 0.111336 0.103040 0.346520 0.377301 0.061803
2 2 0.027325 0.111243 0.685529 0.130218 0.045685
2 2 0.115826 0.193132 0.423825 0.035457 0.231759
2 2 0.223841 0.156125 0.255302 0.132463 0.232269
2 2 0.065270 0.160125 0.396634 0.027743 0.350228
2 2 0.041187 0.144712 0.626199 0.064198 0.123704
3 2 0.022419 0.044245 0.387164 0.519695 0.026478
4 2 0.269178 0.140278 0.185950 0.093696 0.310899
2 2 0.275065 0.168921 0.282322 0.146542 0.127151
2 2 0.050354 0.159659 0.556738 0.055121 0.178128
2 2 0.031812 0.122981 0.640114 0.102483 0.102610
2 2 0.029815 0.113333 0.641783 0.092046 0.123022
2 2 0.063246 0.216768 0.443617 0.010440 0.265928
4 2 0.067983 0.168132 0.337795 0.013538 0.412552
2 2 0.060090 0.181772 0.477347 0.026050 0.254741
2 3 0.067381 0.179051 0.453743 0.030584 0.269242
2 3 0.053303 0.167263 0.536516 0.043460 0.199457
2 3 0.068604 0.198244 0.377565 0.010830 0.344757
2 3 0.116496 0.162782 0.392258 0.090971 0.237495
4 3 0.146629 0.171393 0.221566 0.021427 0.438986
4 3 0.070372 0.187859 0.360102 0.011731 0.369936
2 3 0.045128 0.173560 0.581977 0.035151 0.164184
2 3 0.057266 0.165177 0.477707 0.034355 0.265496
2 3 0.060891 0.185695 0.483770 0.025352 0.244293
2 3 0.051106 0.170968 0.546813 0.040186 0.190926
2 3 0.077367 0.171663 0.416355 0.037532 0.297083
2 3 0.062358 0.156553 0.543480 0.062013 0.175597
2 3 0.041755 0.127423 0.655234 0.133197 0.042391
4 3 0.151857 0.146024 0.172885 0.019168 0.510066
2 3 0.066944 0.166294 0.456353 0.041308 0.269101
2 3 0.089681 0.185364 0.407944 0.035831 0.281180
2 3 0.113065 0.126458 0.399383 0.266419 0.094674
2 3 0.085809 0.179197 0.568930 0.054286 0.111778
2 3 0.181529 0.138276 0.321004 0.151086 0.208105
2 3 0.041438 0.125631 0.606070 0.132275 0.094586
2 3 0.127464 0.154520 0.461499 0.127144 0.129373
2 3 0.047785 0.106764 0.576208 0.210773 0.058470
2 3 0.148390 0.187815 0.415465 0.054023 0.194307
2 3 0.091552 0.113440 0.495981 0.262112 0.036915
2 3 0.066843 0.114702 0.495378 0.207908 0.115169
2 3 0.093926 0.164330 0.462684 0.090460 0.188600
2 3 0.027814 0.068762 0.507198 0.368249 0.027977
2 3 0.216402 0.121206 0.328454 0.286052 0.047885
3 3 0.154729 0.072782 0.226390 0.478497 0.067603
3 3 0.316596 0.091788 0.195031 0.321714 0.074872
0 3 0.722484 0.060178 0.015984 0.001328 0.200026
0 3 0.338733 0.147308 0.246255 0.167545 0.100158
0 3 0.394135 0.135400 0.078965 0.010160 0.381340
0 3 0.369316 0.152117 0.241673 0.147395 0.089500
2 3 0.253802 0.144944 0.267321 0.197011 0.136921
0 3 0.428740 0.134268 0.218878 0.157867 0.060246
0 3 0.351288 0.118178 0.171306 0.144746 0.214482
0 3 0.365793 0.159869 0.253892 0.129344 0.091102
3 3 0.116854 0.051593 0.195715 0.595341 0.040497
3 3 0.185640 0.089545 0.321060 0.388523 0.015231
3 3 0.017909 0.011912 0.116577 0.849562 0.004040
0 3 0.425029 0.140623 0.217288 0.144778 0.072281
2 3 0.088294 0.169171 0.506981 0.100111 0.135443
4 3 0.219984 0.174923 0.263893 0.048171 0.293028
2 3 0.076554 0.138441 0.563170 0.183339 0.038495
3 3 0.079938 0.037749 0.174173 0.677043 0.031097
2 3 0.106273 0.113922 0.428857 0.260783 0.090164
2 3 0.107534 0.172944 0.456858 0.150030 0.112635
0 3 0.327643 0.170658 0.246801 0.111423 0.143475
2 3 0.215487 0.133495 0.276280 0.208144 0.166593
2 3 0.159275 0.226107 0.308622 0.023278 0.282717
2 3 0.078298 0.212623 0.533906 0.045154 0.130019
2 3 0.115295 0.179359 0.417324 0.076753 0.211269
2 3 0.081562 0.199059 0.524871 0.055417 0.139091
2 3 0.080348 0.110915 0.465961 0.267810 0.074966
2 3 0.056198 0.188324 0.618332 0.040694 0.096452
2 3 0.084605 0.177042 0.555287 0.084395 0.098671
2 3 0.196773 0.181881 0.306070 0.124967 0.190309
4 3 0.216550 0.219681 0.272285 0.013138 0.278347
0 3 0.328304 0.177328 0.197510 0.056467 0.240391
3 3 0.122220 0.083939 0.312273 0.446884 0.034684
3 3 0.085094 0.070659 0.329406 0.473871 0.040969
2 3 0.183256 0.180996 0.327022 0.066870 0.241857
2 3 0.184759 0.190696 0.422721 0.094044 0.107781
2 3 0.145339 0.182734 0.475424 0.113139 0.083364
0 3 0.309429 0.134633 0.248926 0.205958 0.101054
0 3 0.345219 0.120252 0.262555 0.235957 0.036017
2 3 0.080625 0.147681 0.554049 0.170117 0.047527
2 3 0.145610 0.130132 0.340581 0.281157 0.102519
2 3 0.161630 0.131899 0.355752 0.266696 0.084024
0 3 0.327362 0.099077 0.177323 0.246642 0.149596
0 3 0.357194 0.177046 0.191758 0.050710 0.223292
2 3 0.095589 0.126645 0.450030 0.208041 0.119696
2 3 0.121683 0.145002 0.339839 0.138734 0.254741
2 3 0.091825 0.200723 0.486805 0.061295 0.159352
4 3 0.249605 0.167271 0.254035 0.065989 0.263099
3 3 0.093647 0.074694 0.290430 0.486283 0.054945
4 3 0.107451 0.183523 0.258713 0.012273 0.438040
2 3 0.090628 0.137842 0.404910 0.141637 0.224983
2 3 0.049326 0.111068 0.555019 0.220615 0.063973
4 3 0.186016 0.193540 0.281661 0.054407 0.284376
0 3 0.331837 0.092453 0.139440 0.174162 0.262108
0 3 0.384774 0.141996 0.130886 0.029268 0.313076
2 3 0.156279 0.225160 0.328491 0.032281 0.257789
4 3 0.113598 0.178016 0.320336 0.032744 0.355306
2 3 0.048166 0.121261 0.534223 0.165345 0.131006
2 3 0.109552 0.122969 0.475950 0.262066 0.029463
0 3 0.462399 0.148147 0.139861 0.044208 0.205384
0 3 0.438310 0.077704 0.047473 0.014795 0.421718
4 3 0.230019 0.124162 0.217249 0.187476 0.241094
4 3 0.218561 0.157965 0.166189 0.025758 0.431527
0 3 0.344312 0.169171 0.174423 0.026630 0.285463
2 3 0.057333 0.100244 0.510836 0.284392 0.047194
2 3 0.089707 0.140854 0.408487 0.110526 0.250427
2 3 0.093721 0.167905 0.398873 0.061982 0.277518
2 3 0.100900 0.213696 0.391201 0.022330 0.271874
2 3 0.048503 0.102363 0.483350 0.286677 0.079107
3 3 0.012774 0.008565 0.096728 0.879216 0.002718
0 3 0.416665 0.092239 0.196397 0.265203 0.029496
0 3 0.468830 0.139902 0.195484 0.117393 0.078390
0 2 0.745549 0.062989 0.082197 0.095414 0.013852
3 2 0.261811 0.072934 0.232243 0.417850 0.015162
0 2 0.485277 0.094118 0.177764 0.193967 0.048873
0 2 0.330319 0.136719 0.272518 0.205342 0.055101
0 2 0.340362 0.153066 0.163525 0.045027 0.298021
2 2 0.036330 0.077149 0.532698 0.311945 0.041878
2 2 0.049284 0.131856 0.609111 0.103805 0.105944
2 2 0.019892 0.071271 0.624616 0.240329 0.043892
2 2 0.040352 0.135491 0.633175 0.088401 0.102582
2 2 0.046293 0.118419 0.592999 0.141083 0.101205
2 2 0.095664 0.135638 0.498089 0.152531 0.118079
2 2 0.039457 0.127218 0.636268 0.088634 0.108424
3 2 0.213739 0.105658 0.282427 0.290960 0.107215
3 2 0.229998 0.084464 0.219201 0.395525 0.070812
0 4 0.527680 0.121898 0.071796 0.012341 0.266286
3 4 0.207656 0.089648 0.262880 0.368999 0.070817
4 4 0.151255 0.109852 0.236291 0.140791 0.361811
2 4 0.024531 0.113371 0.655445 0.081310 0.125344
2 4 0.059445 0.181371 0.436538 0.018055 0.304591
2 4 0.024091 0.111279 0.678529 0.092428 0.093674
2 4 0.027539 0.107043 0.695855 0.106402 0.063161
2 4 0.046124 0.109393 0.543216 0.166312 0.134956
2 4 0.107678 0.118498 0.406240 0.225293 0.142292
2 4 0.064876 0.139001 0.538852 0.092948 0.164324
4 4 0.249434 0.147011 0.143508 0.013344 0.446703
4 4 0.315345 0.101713 0.077306 0.014072 0.491563
4 4 0.079670 0.137468 0.312287 0.037260 0.433315
2 4 0.052274 0.156238 0.437747 0.024369 0.329371
2 4 0.032373 0.104192 0.642052 0.137399 0.083984
2 4 0.050252 0.110936 0.564965 0.184339 0.089508
2 4 0.095089 0.168134 0.461269 0.060252 0.215257
2 4 0.050891 0.109825 0.592015 0.198447 0.048821
2 4 0.044549 0.152039 0.524840 0.037336 0.241236
2 4 0.028016 0.128595 0.652126 0.060936 0.130326
2 4 0.023174 0.113949 0.678622 0.079888 0.104367
2 4 0.037327 0.157615 0.593943 0.034764 0.176350
2 4 0.033849 0.107961 0.621620 0.130440 0.106130
2 4 0.033814 0.114605 0.602008 0.103498 0.146075
2 4 0.054063 0.176383 0.457290 0.018993 0.293272
2 4 0.076277 0.194419 0.420417 0.016224 0.292663
2 4 0.107437 0.151341 0.486656 0.163778 0.090787
2 4 0.056220 0.172128 0.514312 0.037234 0.220106
2 4 0.063150 0.164108 0.441980 0.034106 0.296655
2 4 0.199851 0.146520 0.302290 0.127562 0.223778
2 1 0.209209 0.184691 0.287484 0.106050 0.212566
2 1 0.032653 0.108533 0.587495 0.131746 0.139573
2 1 0.038840 0.147925 0.610299 0.057851 0.145085
2 1 0.041734 0.163875 0.564098 0.031360 0.198933
2 1 0.052900 0.168370 0.430934 0.017496 0.330300
2 2 0.047528 0.142963 0.458316 0.034272 0.316921
2 2 0.056288 0.177726 0.418806 0.014766 0.332412
2 2 0.059220 0.186057 0.424556 0.014494 0.315674
2 2 0.062759 0.169176 0.456368 0.033277 0.278420
3 2 0.075539 0.069289 0.314083 0.509621 0.031467
2 2 0.259813 0.184734 0.297779 0.055696 0.201978
0 2 0.328127 0.159945 0.259600 0.147919 0.104409
2 2 0.054496 0.166850 0.442674 0.021751 0.314228
2 2 0.115124 0.141612 0.471499 0.180776 0.090989
0 2 0.346841 0.108741 0.199345 0.226111 0.118963
3 2 0.129672 0.086946 0.308009 0.435406 0.039968
4 2 0.307798 0.166647 0.139067 0.019881 0.366607
4 2 0.117372 0.150520 0.233807 0.025429 0.472872
3 2 0.098593 0.086073 0.306621 0.441888 0.066825
2 2 0.080402 0.132235 0.487741 0.160646 0.138976
0 2 0.338560 0.179314 0.172973 0.032971 0.276183
0 2 0.297543 0.167158 0.270991 0.141231 0.123077
0 2 0.543348 0.113758 0.165861 0.132938 0.044094
2 2 0.044091 0.116012 0.635926 0.154095 0.049876
2 2 0.286754 0.143928 0.316481 0.200199 0.052638
0 1 0.339599 0.146692 0.263828 0.176756 0.073124
2 1 0.109627 0.187037 0.465705 0.049282 0.188350
2 2 0.101358 0.161207 0.534350 0.082504 0.120580
2 2 0.208036 0.142698 0.277779 0.208378 0.163109
2 2 0.046411 0.107032 0.587573 0.188296 0.070688
2 2 0.138539 0.163604 0.523983 0.125245 0.048629
3 2 0.059327 0.057853 0.334799 0.520724 0.027296
2 2 0.041616 0.114049 0.638059 0.140262 0.066013
2 2 0.052167 0.114998 0.524970 0.193788 0.114077
2 2 0.032511 0.119346 0.615925 0.100342 0.131875
2 2 0.046243 0.178905 0.594503 0.023129 0.157221
2 2 0.072592 0.151378 0.505026 0.073153 0.197850
2 2 0.056846 0.162976 0.469441 0.033373 0.277363
2 2 0.045023 0.117853 0.566006 0.148693 0.122424
2 2 0.056856 0.166101 0.546803 0.055173 0.175066
2 2 0.226100 0.204884 0.339983 0.071529 0.157505
4 2 0.256638 0.109371 0.169538 0.139693 0.324759
4 2 0.130967 0.137983 0.172845 0.016722 0.541482
4 2 0.254046 0.180078 0.191084 0.041755 0.333037
2 2 0.048480 0.128750 0.626135 0.094762 0.101874
2 2 0.035870 0.124618 0.627344 0.083695 0.128472
2 2 0.042670 0.150230 0.587662 0.042768 0.176671
2 2 0.042847 0.118646 0.590970 0.112413 0.135123
3 1 0.157518 0.082146 0.308943 0.432934 0.018459
3 2 0.259575 0.104253 0.252162 0.295620 0.088390
0 1 0.650398 0.099044 0.121763 0.089365 0.039430
0 1 0.446723 0.159719 0.167968 0.056248 0.169342
3 1 0.074969 0.078154 0.350099 0.428202 0.068575
2 2 0.098062 0.178403 0.496954 0.079634 0.146947
2 2 0.161086 0.192496 0.365379 0.040092 0.240946
2 2 0.104140 0.166104 0.537998 0.112761 0.078999
0 2 0.455943 0.114551 0.186669 0.180772 0.062064
0 2 0.458725 0.114914 0.083916 0.018903 0.323541
2 2 0.096130 0.175405 0.401205 0.040376 0.286884
2 2 0.188656 0.179453 0.317048 0.137917 0.176926
0 2 0.313686 0.179046 0.203148 0.057897 0.246222
2 2 0.026840 0.089870 0.645059 0.180921 0.057309
2 2 0.049751 0.154109 0.581560 0.060466 0.154114
2 2 0.035368 0.128194 0.615104 0.091355 0.129980
2 2 0.184296 0.109926 0.337362 0.335494 0.032922
2 2 0.083583 0.159691 0.501158 0.076462 0.179105
2 2 0.041717 0.108900 0.604140 0.175996 0.069247
2 2 0.038353 0.089277 0.561477 0.218059 0.092834
2 2 0.069380 0.168565 0.440860 0.039252 0.281944
2 2 0.168761 0.173097 0.361167 0.068266 0.228709
2 2 0.066287 0.129311 0.475099 0.109079 0.220224
2 2 0.033704 0.090526 0.600477 0.195760 0.079533
2 2 0.035108 0.099854 0.537074 0.170449 0.157515
2 2 0.043906 0.154712 0.541860 0.038151 0.221371
2 2 0.025897 0.125756 0.652816 0.056607 0.138925
2 2 0.028127 0.119866 0.653035 0.092674 0.106298
2 2 0.056208 0.134295 0.511878 0.114562 0.183057
2 2 0.084469 0.189958 0.375491 0.020673 0.329408
2 2 0.042725 0.170302 0.596474 0.035150 0.155348
0 2 0.324919 0.174156 0.171820 0.040335 0.288770
0 0 0.526935 0.131396 0.169482 0.099491 0.072695
3 1 0.255726 0.075137 0.210179 0.423898 0.035060
0 1 0.556085 0.142687 0.143007 0.045529 0.112692
0 2 0.332986 0.169092 0.308097 0.102156 0.087669
0 0 0.686085 0.078502 0.106010 0.108442 0.020962
0 0 0.317068 0.132122 0.258764 0.218977 0.073070
2 1 0.099853 0.175448 0.384367 0.047837 0.292495
0 1 0.357694 0.149352 0.256684 0.130980 0.105290
2 2 0.190497 0.207083 0.382961 0.040888 0.178572
2 2 0.032551 0.102507 0.674303 0.156441 0.034198
2 2 0.230538 0.131524 0.282978 0.143883 0.211076
2 2 0.100811 0.184125 0.501893 0.066079 0.147092
2 2 0.052507 0.112015 0.488724 0.191596 0.155158
2 2 0.083001 0.170653 0.433952 0.040488 0.271906
3 2 0.218983 0.106196 0.228780 0.304562 0.141479
2 2 0.070857 0.185873 0.566623 0.037030 0.139618
2 2 0.044891 0.131336 0.625879 0.098651 0.099242
0 0 0.635455 0.111468 0.072232 0.017217 0.163628
3 0 0.043771 0.038228 0.229883 0.658996 0.029121
2 1 0.045705 0.125512 0.533981 0.109589 0.185214
2 1 0.059924 0.204028 0.423493 0.010249 0.302307
2 1 0.071986 0.141607 0.399575 0.060023 0.326809
2 2 0.045611 0.152914 0.556209 0.050534 0.194732
2 2 0.057990 0.178043 0.492548 0.029696 0.241723
2 2 0.031595 0.134059 0.655941 0.076990 0.101415
2 2 0.062027 0.159192 0.525963 0.046243 0.206575
2 2 0.037089 0.097679 0.619705 0.192382 0.053144
2 2 0.127453 0.203889 0.396566 0.027355 0.244737
2 2 0.016778 0.073223 0.619007 0.248581 0.042410
2 2 0.037220 0.137082 0.694245 0.077221 0.054233
0 2 0.475292 0.154558 0.151400 0.047755 0.170994
0 2 0.447418 0.079272 0.191688 0.270223 0.011400
2 2 0.040768 0.120559 0.653495 0.118881 0.066297
2 2 0.090378 0.145389 0.481775 0.122823 0.159634
4 2 0.252097 0.132666 0.168411 0.072172 0.374654
2 2 0.052864 0.132190 0.570655 0.111844 0.132447
2 2 0.038823 0.080426 0.520605 0.320250 0.039896
2 2 0.081223 0.188507 0.507345 0.036721 0.186203
2 2 0.060565 0.158089 0.536086 0.064265 0.180995
2 2 0.096401 0.180221 0.437395 0.046871 0.239113
2 2 0.099681 0.175810 0.418728 0.042210 0.263571
2 2 0.051776 0.126165 0.589133 0.140519 0.092407
3 2 0.183712 0.078433 0.204110 0.428116 0.105630
2 2 0.048015 0.136551 0.573214 0.115002 0.127219
2 2 0.101546 0.148540 0.416197 0.110320 0.223396
2 2 0.030897 0.092260 0.635344 0.200562 0.040937
3 2 0.028416 0.045149 0.350521 0.541644 0.034269
2 2 0.070077 0.118534 0.480442 0.219474 0.111474
2 2 0.073616 0.153527 0.548082 0.098124 0.126651
0 2 0.502675 0.146939 0.162614 0.067094 0.120677
0 1 0.408217 0.111212 0.074673 0.017153 0.388746
0 2 0.425996 0.157171 0.202735 0.093541 0.120558
0 2 0.681776 0.086342 0.035610 0.004755 0.191517
2 2 0.235410 0.181894 0.281914 0.112068 0.188713
2 2 0.085238 0.162027 0.489095 0.093371 0.170269
2 2 0.066991 0.182538 0.585839 0.052132 0.112500
0 2 0.359107 0.141720 0.255038 0.178912 0.065224
2 2 0.148860 0.103391 0.364519 0.358737 0.024492
4 2 0.133294 0.179237 0.319369 0.031400 0.336701
0 2 0.305370 0.136966 0.241283 0.111624 0.204757
3 2 0.270235 0.080559 0.165026 0.293120 0.191060
0 2 0.312237 0.142298 0.191080 0.103698 0.250688
2 2 0.058832 0.149376 0.509479 0.069200 0.213113
0 2 0.282341 0.196068 0.258323 0.060076 0.203192
0 2 0.402314 0.167046 0.172446 0.051074 0.207121
2 2 0.082062 0.173638 0.458682 0.040875 0.244744
2 2 0.072031 0.135819 0.543720 0.118166 0.130264
2 2 0.116101 0.172477 0.445851 0.059523 0.206048
2 2 0.089388 0.170479 0.358717 0.032956 0.348459
2 2 0.071348 0.156027 0.600479 0.087102 0.085044
2 2 0.090451 0.206984 0.506656 0.027582 0.168327
2 2 0.039969 0.122405 0.605718 0.115542 0.116365
3 2 0.013726 0.029251 0.340217 0.596178 0.020628
2 2 0.059324 0.171058 0.514394 0.042906 0.212317
2 2 0.077122 0.207922 0.414047 0.016507 0.284402
2 2 0.088087 0.166241 0.374894 0.041977 0.328802
2 2 0.054197 0.131586 0.542324 0.139570 0.132323
2 2 0.076299 0.197349 0.490762 0.037681 0.197908
2 2 0.258483 0.171040 0.348730 0.142584 0.079162
2 3 0.250605 0.172517 0.292540 0.145004 0.139334
2 2 0.083067 0.200127 0.533300 0.047160 0.136346
2 2 0.090554 0.246095 0.375365 0.008302 0.279684
2 2 0.140880 0.190276 0.356556 0.068246 0.244042
2 2 0.075718 0.188729 0.428043 0.027305 0.280204
4 2 0.114608 0.169054 0.292700 0.031112 0.392526
2 2 0.051869 0.162487 0.593589 0.073072 0.118982
2 2 0.063730 0.200742 0.574213 0.034182 0.127134
2 2 0.115332 0.213760 0.351552 0.021456 0.297901
4 2 0.155241 0.198790 0.239276 0.016969 0.389724
2 2 0.077443 0.162906 0.410362 0.044843 0.304446
4 2 0.114192 0.175237 0.278872 0.022131 0.409568
2 2 0.046255 0.103640 0.527411 0.240226 0.082468
2 2 0.060795 0.135458 0.568322 0.136078 0.099347
2 2 0.063060 0.120641 0.525177 0.196882 0.094240
2 3 0.143302 0.145566 0.377307 0.120823 0.213001
4 3 0.215612 0.171853 0.149652 0.014146 0.448737
3 3 0.034327 0.056940 0.400429 0.477826 0.030479
3 3 0.040688 0.045097 0.302689 0.600817 0.010710
2 3 0.048301 0.153940 0.617243 0.106010 0.074506
0 3 0.292575 0.190821 0.202373 0.023236 0.290995
2 3 0.251564 0.164276 0.342046 0.099848 0.142266
2 3 0.049824 0.078811 0.423898 0.394228 0.053240
3 3 0.033879 0.036225 0.263621 0.654490 0.011785
2 3 0.246204 0.177826 0.296621 0.072921 0.206428
2 3 0.112628 0.116385 0.398567 0.281921 0.090500
3 3 0.047643 0.069424 0.419717 0.434338 0.028878
2 3 0.057240 0.096462 0.506223 0.285820 0.054255
2 3 0.115548 0.183903 0.413592 0.077418 0.209540
2 3 0.076488 0.090119 0.416384 0.334789 0.082221
3 3 0.056292 0.055766 0.270725 0.551971 0.065246
2 3 0.108135 0.157303 0.449311 0.145299 0.139952
3 3 0.125165 0.110305 0.322519 0.335045 0.106966
2 3 0.209462 0.128847 0.243322 0.207787 0.210582
4 3 0.337622 0.138984 0.091611 0.008714 0.423069
2 3 0.129143 0.119147 0.418067 0.271053 0.062590
2 3 0.140148 0.125008 0.339223 0.274213 0.121408
2 3 0.058655 0.076086 0.417958 0.412915 0.034387
2 3 0.252795 0.162852 0.341633 0.157745 0.084976
3 3 0.170264 0.087720 0.216996 0.354972 0.170049
0 3 0.448142 0.133379 0.105295 0.027436 0.285748
0 0 0.792303 0.063541 0.023341 0.003404 0.117410
0 0 0.537855 0.105237 0.169577 0.154753 0.032578
2 1 0.253755 0.162254 0.306441 0.174772 0.102777
2 2 0.256574 0.130060 0.304583 0.232971 0.075812
3 2 0.027952 0.047522 0.393099 0.510815 0.020613
2 2 0.105160 0.208860 0.509471 0.060238 0.116271
2 2 0.047604 0.101260 0.516396 0.228443 0.106297
2 2 0.028499 0.070967 0.555081 0.311794 0.033658
3 2 0.039289 0.064301 0.420765 0.436280 0.039365
2 2 0.030912 0.092721 0.653668 0.192378 0.030321
2 2 0.027356 0.104566 0.629375 0.122617 0.116087
2 4 0.071341 0.177710 0.398823 0.022519 0.329607
2 4 0.042413 0.095690 0.485032 0.248601 0.128265
2 4 0.047491 0.102768 0.570604 0.223680 0.055457
2 4 0.058374 0.110492 0.560295 0.198385 0.072454
2 4 0.038091 0.131877 0.693194 0.096749 0.040089
2 4 0.101263 0.125891 0.393220 0.176419 0.203207
2 4 0.117815 0.169615 0.356870 0.039673 0.316027
0 4 0.517222 0.083657 0.145503 0.216280 0.037337
4 4 0.146402 0.165721 0.215185 0.011231 0.461462
2 4 0.042433 0.168933 0.539876 0.023759 0.225000
2 4 0.039783 0.156785 0.582011 0.038120 0.183302
2 4 0.013450 0.084780 0.730371 0.134193 0.037206
2 4 0.077402 0.171931 0.522446 0.063990 0.164231
2 4 0.143948 0.159767 0.418007 0.090926 0.187352
2 4 0.123603 0.139429 0.385790 0.211610 0.139568
2 4 0.053812 0.179287 0.470296 0.019819 0.276786
2 4 0.059081 0.153938 0.424409 0.032914 0.329658
2 4 0.050110 0.177014 0.513477 0.024924 0.234475
4 4 0.144617 0.187418 0.305362 0.030744 0.331859
3 4 0.119085 0.109399 0.339693 0.353213 0.078610
2 4 0.036441 0.120612 0.653909 0.124689 0.064349
2 4 0.068552 0.162085 0.437737 0.043711 0.287915
2 4 0.154397 0.162359 0.344107 0.047545 0.291592
2 4 0.141096 0.146315 0.330413 0.099525 0.282651
2 4 0.169223 0.158441 0.436085 0.180144 0.056107
2 4 0.054090 0.073754 0.422106 0.388906 0.061144
2 4 0.069859 0.126016 0.514280 0.168936 0.120909
2 4 0.134861 0.197987 0.364703 0.020147 0.282303
4 4 0.111850 0.159487 0.243187 0.020374 0.465101
4 4 0.111786 0.184965 0.321097 0.024573 0.357580
3 4 0.210279 0.103192 0.219534 0.286099 0.180897
2 4 0.102732 0.135282 0.481736 0.192387 0.087864
4 4 0.095923 0.161650 0.280876 0.018807 0.442744
3 4 0.079573 0.058805 0.251147 0.567071 0.043404
4 4 0.321462 0.126249 0.116470 0.028755 0.407064
0 4 0.405241 0.099925 0.166644 0.216317 0.111873
4 4 0.151035 0.116951 0.224294 0.080531 0.427189
3 4 0.077117 0.073889 0.342733 0.481362 0.024900
0 4 0.363176 0.153324 0.244354 0.147553 0.091593
0 4 0.297501 0.180604 0.232748 0.078943 0.210205
0 4 0.524526 0.135603 0.167255 0.089137 0.083479
4 4 0.255790 0.055115 0.044018 0.026130 0.618947
2 4 0.206535 0.159592 0.379646 0.185293 0.068935
4 4 0.101058 0.184297 0.342987 0.023377 0.348281
3 4 0.137138 0.095689 0.327899 0.357982 0.081292
3 4 0.045985 0.029240 0.182068 0.729272 0.013436
0 4 0.407023 0.120365 0.201180 0.183812 0.087620
0 4 0.273007 0.134802 0.227047 0.165565 0.199578
2 4 0.050502 0.164937 0.498718 0.027731 0.258111
2 4 0.063396 0.199729 0.560535 0.032142 0.144199
4 4 0.073195 0.186608 0.337989 0.010990 0.391218
2 4 0.046540 0.197378 0.527516 0.014083 0.214483
2 4 0.122056 0.186257 0.481049 0.106404 0.104234
2 4 0.170283 0.196185 0.348811 0.098467 0.186253
2 4 0.033365 0.072506 0.516528 0.337589 0.040012
3 4 0.062348 0.059947 0.298702 0.543405 0.035598
2 4 0.047898 0.188775 0.565413 0.024908 0.173006
2 4 0.048256 0.090371 0.565678 0.250985 0.044710
4 4 0.169821 0.220449 0.250806 0.007314 0.351611
4 4 0.127730 0.215696 0.222084 0.005598 0.428892
4 4 0.289355 0.128928 0.169978 0.099744 0.311994
0 4 0.367132 0.119549 0.118495 0.051546 0.343277
2 4 0.046888 0.117096 0.610025 0.161649 0.064342
2 4 0.111602 0.208509 0.432102 0.043663 0.204124
2 4 0.025014 0.117878 0.703827 0.091328 0.061952
2 4 0.032042 0.130142 0.669899 0.082281 0.085636
2 4 0.057941 0.154343 0.601195 0.066829 0.119691
4 4 0.117433 0.166519 0.312879 0.046600 0.356569
2 4 0.089425 0.226980 0.350819 0.008834 0.323942
4 4 0.196738 0.212665 0.247596 0.019662 0.323340
2 4 0.078243 0.166017 0.530132 0.068552 0.157055
2 4 0.022518 0.075202 0.590960 0.271408 0.039912
2 4 0.054151 0.148227 0.635157 0.071431 0.091034
2 4 0.108018 0.208759 0.367660 0.025291 0.290273
2 4 0.182212 0.150659 0.327876 0.166119 0.173134
0 1 0.774727 0.067327 0.073988 0.063612 0.020345
0 1 0.454839 0.034235 0.083541 0.414897 0.012487
0 1 0.317781 0.090445 0.184605 0.317393 0.089776
0 1 0.465161 0.074934 0.103056 0.160672 0.196177
0 1 0.389789 0.163837 0.216021 0.095412 0.134941
0 1 0.291437 0.170796 0.270192 0.131726 0.135849
2 1 0.101574 0.156684 0.418704 0.103937 0.219101
2 1 0.061339 0.186303 0.520712 0.035281 0.196366
2 2 0.063080 0.190144 0.447977 0.018947 0.279852
2 2 0.074398 0.192887 0.450229 0.029040 0.253445
2 2 0.062256 0.188240 0.370195 0.009551 0.369758
2 2 0.036590 0.169307 0.563460 0.019157 0.211487
2 2 0.015942 0.107002 0.750059 0.073195 0.053803
2 2 0.149694 0.153368 0.379633 0.165049 0.152256
2 2 0.194376 0.146727 0.410397 0.184053 0.064447
0 2 0.263879 0.156056 0.263875 0.134897 0.181294
2 2 0.045557 0.144268 0.529237 0.052796 0.228141
2 2 0.075998 0.211237 0.374656 0.010014 0.328095
4 2 0.122287 0.226552 0.243434 0.005609 0.402119
4 2 0.083261 0.146631 0.330120 0.038187 0.401800
2 2 0.056726 0.190571 0.525460 0.027052 0.200191
4 2 0.170931 0.109046 0.219804 0.238818 0.261401
4 2 0.077086 0.167021 0.298475 0.012606 0.444812
2 2 0.114132 0.115058 0.310197 0.224943 0.235670
4 2 0.122653 0.175102 0.198777 0.008524 0.494944
4 2 0.138232 0.126499 0.174581 0.029086 0.531602
4 2 0.119359 0.111300 0.107169 0.006643 0.655529
2 2 0.048497 0.174488 0.583974 0.043117 0.149924
2 2 0.229919 0.204966 0.346519 0.076285 0.142310
0 2 0.608903 0.097858 0.137971 0.123045 0.032222
2 2 0.121609 0.120705 0.385569 0.202094 0.170023
0 2 0.371264 0.107403 0.110885 0.060835 0.349613
2 2 0.112230 0.183445 0.484751 0.088965 0.130609
