4 0 0.237151 0.139648 0.207698 0.085132 0.330370
3 0 0.210120 0.090513 0.217640 0.417887 0.063839
2 0 0.088770 0.099436 0.408300 0.339888 0.063606
3 0 0.103188 0.079460 0.364389 0.428505 0.024458
3 0 0.054358 0.059919 0.347960 0.507031 0.030732
3 0 0.262397 0.079938 0.181969 0.433188 0.042507
0 0 0.361635 0.141347 0.206401 0.135710 0.154907
3 0 0.170785 0.104235 0.283697 0.314122 0.127160
0 0 0.270838 0.127743 0.232692 0.196513 0.172214
0 0 0.381772 0.116247 0.164985 0.086137 0.250858
2 0 0.267976 0.137638 0.332889 0.227422 0.034075
4 0 0.213250 0.157296 0.170981 0.025859 0.432614
0 0 0.361108 0.162270 0.210825 0.049539 0.216258
0 0 0.461473 0.113514 0.179981 0.189749 0.055282
3 0 0.011174 0.010582 0.109317 0.857139 0.011787
3 0 0.146836 0.092200 0.318924 0.404670 0.037370
4 0 0.259627 0.133235 0.176007 0.055950 0.375182
2 0 0.202009 0.198102 0.394610 0.099171 0.106108
2 0 0.085279 0.116603 0.502995 0.252192 0.042932
2 0 0.062018 0.082649 0.407659 0.377289 0.070385
2 0 0.055396 0.094188 0.505467 0.270038 0.074912
2 0 0.190081 0.246573 0.388308 0.031350 0.143688
2 0 0.152267 0.110887 0.467472 0.256282 0.013093
2 0 0.153416 0.182674 0.409241 0.096397 0.158272
2 0 0.036522 0.116669 0.614219 0.168408 0.064183
2 0 0.132946 0.164709 0.454192 0.169522 0.078631
2 0 0.149125 0.137921 0.395029 0.190323 0.127602
2 0 0.027826 0.065000 0.428989 0.413435 0.064751
2 0 0.037676 0.124377 0.673657 0.112536 0.051754
2 0 0.076461 0.197137 0.491030 0.062560 0.172812
2 0 0.106271 0.147343 0.400454 0.177814 0.168118
4 0 0.239888 0.120897 0.105299 0.011023 0.522893
4 0 0.219690 0.164587 0.198258 0.042247 0.375218
4 0 0.166632 0.190081 0.201033 0.006928 0.435326
4 0 0.114731 0.153895 0.197393 0.018082 0.515899
3 0 0.036632 0.059902 0.346233 0.488454 0.068779
2 0 0.185755 0.183145 0.343594 0.067958 0.219549
2 0 0.112381 0.136041 0.417222 0.111496 0.222860
4 0 0.118046 0.171319 0.277101 0.021224 0.412310
4 0 0.157309 0.201481 0.209125 0.014268 0.417817
4 0 0.221826 0.131895 0.213537 0.093798 0.338943
2 0 0.059106 0.132964 0.547948 0.126858 0.133124
4 0 0.161352 0.133173 0.252227 0.112384 0.340865
4 0 0.193454 0.159758 0.181751 0.030952 0.434085
4 0 0.105283 0.117055 0.204384 0.030812 0.542466
4 0 0.137022 0.174094 0.285105 0.052452 0.351326
4 0 0.135467 0.133639 0.208576 0.037528 0.484790
3 0 0.042510 0.078094 0.368045 0.381794 0.129556
4 1 0.092766 0.158017 0.302977 0.046023 0.400217
2 1 0.085331 0.157148 0.381450 0.050803 0.325268
4 1 0.155321 0.171976 0.143742 0.005088 0.523873
2 1 0.171114 0.232800 0.349042 0.015134 0.231910
4 1 0.157392 0.190815 0.188712 0.007631 0.455449
4 2 0.158729 0.198528 0.195243 0.004883 0.442618
4 2 0.136150 0.205014 0.222987 0.013525 0.422324
2 2 0.121463 0.217435 0.349869 0.028366 0.282867
4 2 0.142392 0.201817 0.201426 0.007513 0.446852
2 2 0.089811 0.208378 0.379881 0.017261 0.304670
2 2 0.062167 0.151097 0.443468 0.114240 0.229028
2 2 0.178731 0.151453 0.362296 0.207861 0.099658
2 2 0.048543 0.180897 0.553183 0.027736 0.189641
4 2 0.208644 0.138393 0.125004 0.012305 0.515653
4 2 0.271122 0.140586 0.181116 0.031329 0.375846
2 2 0.105259 0.167263 0.426068 0.128206 0.173203
2 2 0.047440 0.128308 0.476668 0.113199 0.234385
2 2 0.046802 0.101086 0.467751 0.244854 0.139507
4 2 0.148153 0.167959 0.209816 0.016024 0.458048
2 3 0.039848 0.124035 0.623499 0.140638 0.071980
2 3 0.061928 0.115204 0.431262 0.249903 0.141703
2 3 0.072133 0.147030 0.403901 0.075786 0.301150
4 3 0.178663 0.178772 0.255192 0.042456 0.344916
2 3 0.032648 0.067800 0.439895 0.403948 0.055708
3 3 0.037065 0.067789 0.391778 0.433804 0.069564
2 3 0.258297 0.140967 0.286452 0.146403 0.167881
2 3 0.228444 0.210916 0.265858 0.036839 0.257942
3 3 0.057313 0.051029 0.243556 0.577275 0.070827
3 3 0.236394 0.116934 0.277712 0.314203 0.054756
3 3 0.075453 0.052804 0.293417 0.560903 0.017424
2 3 0.236250 0.136168 0.243206 0.166406 0.217970
4 3 0.252974 0.149116 0.223714 0.105022 0.269175
3 3 0.125368 0.073976 0.231410 0.502466 0.066780
2 3 0.095840 0.104370 0.386949 0.345119 0.067721
3 3 0.074917 0.062968 0.267310 0.519016 0.075788
2 3 0.171771 0.160780 0.314938 0.167174 0.185337
2 3 0.093006 0.114602 0.468884 0.278470 0.045039
3 3 0.103151 0.070747 0.245249 0.498033 0.082820
3 3 0.146355 0.058181 0.190528 0.571093 0.033844
3 3 0.088180 0.052008 0.204162 0.607515 0.048135
0 3 0.328375 0.133196 0.181432 0.082101 0.274897
4 3 0.210275 0.161551 0.223052 0.063515 0.341607
2 3 0.076767 0.117761 0.507645 0.248408 0.049418
3 3 0.058505 0.061668 0.340745 0.506190 0.032892
3 3 0.106462 0.055876 0.212717 0.587894 0.037051
0 3 0.325556 0.128214 0.183781 0.088741 0.273708
2 3 0.249678 0.121330 0.258911 0.256671 0.113410
3 3 0.109685 0.073986 0.270277 0.480249 0.065803
3 3 0.138739 0.092545 0.289690 0.386998 0.092028
3 3 0.122026 0.070092 0.225192 0.520853 0.061837
0 3 0.292072 0.154814 0.207215 0.082631 0.263267
3 3 0.051121 0.057943 0.297333 0.539454 0.054149
3 3 0.119549 0.075357 0.265787 0.476504 0.062803
2 3 0.210330 0.168994 0.317712 0.089074 0.213891
2 3 0.105257 0.165491 0.412505 0.070825 0.245922
4 3 0.213543 0.149860 0.169764 0.030843 0.435990
2 3 0.113040 0.162711 0.416454 0.141096 0.166700
2 3 0.057067 0.081914 0.417079 0.392467 0.051473
3 3 0.013852 0.014858 0.154389 0.804789 0.012112
0 3 0.292655 0.140214 0.208161 0.109634 0.249336
2 3 0.184080 0.207880 0.408832 0.062813 0.136396
2 3 0.054351 0.149927 0.432614 0.086817 0.276290
4 3 0.161404 0.202833 0.302684 0.028593 0.304486
2 3 0.082085 0.144224 0.437007 0.141273 0.195410
2 3 0.160626 0.225678 0.325891 0.018141 0.269664
4 3 0.168282 0.193943 0.237000 0.021028 0.379747
4 3 0.223123 0.154987 0.193442 0.034178 0.394270
2 3 0.118484 0.171227 0.402153 0.113503 0.194633
4 3 0.168542 0.184709 0.233854 0.031261 0.381635
2 3 0.129537 0.155041 0.428937 0.144784 0.141701
3 3 0.097844 0.087128 0.332229 0.391590 0.091209
2 3 0.092928 0.173991 0.558629 0.113543 0.060908
2 3 0.160702 0.123123 0.294897 0.269297 0.151983
2 3 0.138270 0.144101 0.333629 0.203952 0.180048
2 3 0.219505 0.157882 0.288761 0.146784 0.187068
2 3 0.192415 0.163043 0.280980 0.115184 0.248377
2 3 0.085675 0.131938 0.380992 0.124364 0.277031
0 3 0.277728 0.129201 0.240036 0.145676 0.207359
2 3 0.140179 0.165573 0.362138 0.159668 0.172441
4 3 0.300547 0.134162 0.184577 0.077235 0.303480
2 3 0.174600 0.178271 0.369553 0.111190 0.166386
3 3 0.030577 0.030405 0.206469 0.703737 0.028813
3 3 0.032859 0.057810 0.406479 0.420945 0.081906
2 3 0.083376 0.175084 0.418778 0.066571 0.256191
3 3 0.199045 0.113429 0.300135 0.316145 0.071245
2 3 0.212275 0.128083 0.267462 0.182447 0.209732
3 3 0.087682 0.102314 0.306464 0.342851 0.160690
4 3 0.240914 0.137692 0.149480 0.024277 0.447637
2 3 0.152794 0.134268 0.308680 0.134781 0.269477
2 3 0.125797 0.125735 0.303462 0.253375 0.191630
3 3 0.164846 0.094123 0.262799 0.413035 0.065196
0 3 0.389370 0.129693 0.186838 0.136805 0.157293
2 3 0.016037 0.051893 0.495340 0.389582 0.047148
3 3 0.065111 0.059353 0.295513 0.539078 0.040946
0 3 0.312360 0.114099 0.209251 0.275790 0.088500
2 3 0.233435 0.160516 0.293191 0.136448 0.176411
3 3 0.089440 0.057700 0.217966 0.579507 0.055386
2 3 0.135988 0.135440 0.351216 0.134191 0.243165
4 3 0.201134 0.148658 0.242681 0.114869 0.292657
4 3 0.261964 0.122444 0.122596 0.019333 0.473664
3 3 0.102488 0.067615 0.236184 0.521766 0.071946
3 3 0.128057 0.112573 0.290006 0.312069 0.157294
3 3 0.275391 0.081632 0.179387 0.420320 0.043271
0 2 0.542227 0.067190 0.098910 0.273574 0.018099
0 2 0.430728 0.103293 0.186659 0.253391 0.025929
4 2 0.275631 0.121428 0.130882 0.025868 0.446192
2 2 0.131348 0.176954 0.382912 0.123476 0.185310
2 2 0.241424 0.242379 0.367647 0.044447 0.104103
2 2 0.129428 0.098997 0.342513 0.340226 0.088837
4 2 0.113064 0.130241 0.279804 0.104722 0.372170
2 2 0.156512 0.203730 0.482538 0.071162 0.086059
3 2 0.045816 0.053106 0.306303 0.552271 0.042504
2 2 0.125576 0.193997 0.507210 0.080616 0.092601
4 2 0.126670 0.177144 0.252105 0.018296 0.425785
2 2 0.075716 0.119676 0.468254 0.255489 0.080865
3 2 0.010336 0.018489 0.191637 0.750784 0.028755
2 2 0.044271 0.137467 0.565436 0.110151 0.142675
2 2 0.089785 0.137600 0.471283 0.200182 0.101150
2 2 0.082449 0.157055 0.556954 0.114011 0.089530
4 2 0.208411 0.177758 0.258602 0.031172 0.324058
0 2 0.312723 0.131048 0.219018 0.223984 0.113227
2 2 0.094468 0.102257 0.362080 0.328880 0.112315
4 2 0.313593 0.128565 0.150992 0.042389 0.364460
2 2 0.088057 0.152030 0.386307 0.072112 0.301494
3 2 0.040209 0.063844 0.328049 0.453246 0.114652
2 2 0.013848 0.059514 0.581128 0.300984 0.044526
0 0 0.439471 0.107779 0.164169 0.222742 0.065840
0 0 0.376365 0.107355 0.177697 0.282567 0.056016
0 1 0.527108 0.083382 0.154633 0.225253 0.009624
2 2 0.140496 0.200420 0.425817 0.088574 0.144694
2 2 0.105432 0.184462 0.375218 0.058914 0.275974
2 2 0.074670 0.177978 0.576407 0.052226 0.118719
0 1 0.287410 0.134336 0.229896 0.226437 0.121921
2 1 0.140544 0.117452 0.275175 0.192196 0.274633
2 1 0.094904 0.143816 0.433546 0.094288 0.233446
2 2 0.018951 0.098130 0.678721 0.113766 0.090433
2 2 0.073073 0.210937 0.594090 0.035004 0.086897
2 2 0.147172 0.204654 0.431185 0.062926 0.154063
2 2 0.046870 0.129912 0.565335 0.150140 0.107743
3 2 0.016523 0.038190 0.443133 0.488061 0.014092
3 2 0.019635 0.045047 0.401490 0.500704 0.033124
4 2 0.202622 0.109250 0.111365 0.012455 0.564308
2 2 0.055774 0.138622 0.478946 0.107169 0.219488
2 2 0.032061 0.101703 0.610966 0.150801 0.104468
4 2 0.085653 0.109127 0.308756 0.168057 0.328406
2 2 0.028771 0.092917 0.510148 0.193229 0.174934
2 2 0.012897 0.066454 0.643805 0.223148 0.053696
2 2 0.034265 0.102704 0.425606 0.137642 0.299783
2 2 0.068940 0.219476 0.408876 0.008039 0.294668
4 2 0.054388 0.155763 0.337942 0.016593 0.435314
2 2 0.049754 0.157539 0.417126 0.020654 0.354926
2 2 0.040233 0.161773 0.501484 0.031007 0.265502
2 2 0.082528 0.189205 0.355284 0.020120 0.352862
4 2 0.094371 0.140350 0.253807 0.018694 0.492778
2 2 0.157485 0.192603 0.386655 0.057259 0.205997
2 2 0.063734 0.166876 0.427630 0.051676 0.290083
2 2 0.068796 0.177553 0.511679 0.048527 0.193445
2 2 0.033042 0.151767 0.498590 0.032775 0.283826
4 2 0.085039 0.190970 0.349824 0.012219 0.361948
2 2 0.024107 0.087504 0.540011 0.160469 0.187909
2 2 0.049173 0.114984 0.487919 0.160989 0.186935
2 2 0.058345 0.191873 0.416232 0.015889 0.317662
2 2 0.034565 0.153994 0.656195 0.058441 0.096804
4 2 0.060018 0.194021 0.346524 0.009617 0.389820
2 2 0.079772 0.179537 0.454226 0.052306 0.234160
2 2 0.087857 0.194100 0.448685 0.036119 0.233238
4 2 0.090001 0.184847 0.307571 0.008629 0.408952
2 2 0.026711 0.105729 0.532368 0.124056 0.211136
2 2 0.146869 0.159405 0.379187 0.116334 0.198206
3 2 0.019006 0.025061 0.281966 0.664937 0.009030
3 2 0.086806 0.089433 0.358449 0.385838 0.079474
2 2 0.075857 0.128870 0.436735 0.173186 0.185352
4 2 0.225584 0.154201 0.201817 0.043252 0.375146
2 2 0.122989 0.141561 0.350241 0.111194 0.274016
3 2 0.049754 0.020024 0.130783 0.791965 0.007474
0 0 0.329712 0.132037 0.213337 0.200468 0.124446
0 1 0.469604 0.089529 0.148459 0.267509 0.024900
3 2 0.026088 0.042900 0.348050 0.555373 0.027589
2 2 0.068891 0.150735 0.561083 0.122377 0.096915
2 2 0.135701 0.182783 0.391827 0.066717 0.222972
2 2 0.030800 0.087710 0.533907 0.259745 0.087838
2 2 0.077020 0.132556 0.504374 0.177393 0.108656
2 2 0.156635 0.193700 0.360103 0.051160 0.238402
2 2 0.107290 0.163934 0.379984 0.081316 0.267476
2 2 0.201540 0.130431 0.304702 0.187037 0.176291
2 2 0.097068 0.114362 0.399018 0.274972 0.114580
3 2 0.094315 0.094955 0.335831 0.373500 0.101400
2 2 0.046585 0.077712 0.432543 0.375392 0.067768
2 2 0.136001 0.126072 0.312366 0.240628 0.184933
2 2 0.107248 0.163502 0.342603 0.104786 0.281862
2 2 0.114548 0.159792 0.339671 0.095316 0.290675
2 2 0.144784 0.135967 0.286610 0.196970 0.235669
3 2 0.107530 0.081633 0.292127 0.307486 0.211223
2 2 0.055981 0.072612 0.355858 0.345077 0.170472
0 2 0.503510 0.132593 0.145762 0.058624 0.159512
0 2 0.496454 0.078193 0.119056 0.280822 0.025475
3 2 0.217651 0.092425 0.221884 0.408022 0.060018
3 2 0.023500 0.032238 0.225787 0.672878 0.045597
3 2 0.175635 0.071504 0.199477 0.505133 0.048250
0 1 0.405640 0.100324 0.162761 0.284525 0.046749
0 2 0.395296 0.103748 0.169164 0.280356 0.051437
0 2 0.316854 0.171170 0.191383 0.052090 0.268505
4 2 0.151537 0.185013 0.216008 0.011133 0.436310
2 2 0.045151 0.180167 0.641913 0.040934 0.091835
2 2 0.061991 0.176766 0.536925 0.038643 0.185675
4 2 0.132418 0.198489 0.209810 0.011861 0.447422
4 2 0.144666 0.171303 0.194552 0.015786 0.473693
4 2 0.135477 0.185355 0.298606 0.019095 0.361467
2 2 0.105915 0.200577 0.425591 0.050609 0.217309
4 2 0.230557 0.149841 0.226387 0.070068 0.323147
4 2 0.133944 0.165452 0.273528 0.044825 0.382250
2 2 0.034855 0.095280 0.507475 0.244244 0.118146
2 2 0.103421 0.179505 0.407197 0.044098 0.265779
4 2 0.113931 0.159722 0.295810 0.065626 0.364910
4 2 0.168518 0.187279 0.225849 0.022545 0.395810
4 2 0.143162 0.181674 0.298645 0.052240 0.324280
2 2 0.169556 0.189326 0.339890 0.087973 0.213255
4 2 0.110688 0.199771 0.330832 0.022211 0.336500
2 2 0.231916 0.222734 0.363311 0.062400 0.119639
3 2 0.046607 0.066885 0.317650 0.418693 0.150166
4 3 0.230152 0.150403 0.197637 0.052217 0.369591
2 3 0.048132 0.085421 0.385541 0.349090 0.131817
2 3 0.047320 0.104892 0.484224 0.192880 0.170684
3 3 0.072662 0.074431 0.299259 0.470597 0.083051
3 3 0.065388 0.087832 0.384660 0.389482 0.072637
4 3 0.230489 0.144172 0.162151 0.030786 0.432402
2 3 0.104608 0.114270 0.405058 0.249610 0.126454
3 3 0.110763 0.074818 0.243080 0.496232 0.075107
3 3 0.068462 0.061828 0.304186 0.441677 0.123847
3 3 0.006881 0.015809 0.210055 0.742597 0.024659
3 3 0.068231 0.073916 0.288569 0.455539 0.113745
3 3 0.039835 0.029929 0.176470 0.716044 0.037721
2 3 0.106582 0.151108 0.449149 0.194630 0.098531
2 3 0.132984 0.145571 0.416623 0.223045 0.081776
3 3 0.120143 0.075572 0.238140 0.494371 0.071774
3 3 0.086466 0.077159 0.267646 0.472267 0.096463
3 3 0.191907 0.093383 0.229511 0.412028 0.073172
3 3 0.035809 0.017629 0.133400 0.805942 0.007221
3 3 0.231799 0.077776 0.197693 0.432304 0.060428
3 3 0.060348 0.036080 0.172796 0.698596 0.032179
3 3 0.071994 0.054111 0.223253 0.592219 0.058423
3 3 0.046294 0.040932 0.213764 0.641909 0.057100
2 3 0.223608 0.184999 0.289619 0.058229 0.243546
2 3 0.196224 0.148874 0.287067 0.122732 0.245103
4 3 0.192130 0.170647 0.258443 0.065658 0.313122
4 3 0.198414 0.193695 0.181534 0.020093 0.406263
2 3 0.211232 0.220669 0.396071 0.058953 0.113075
4 3 0.225142 0.181021 0.253628 0.072579 0.267631
4 3 0.175753 0.170312 0.235822 0.063278 0.354836
2 3 0.220258 0.219813 0.321896 0.058209 0.179824
2 3 0.176465 0.128606 0.293924 0.256881 0.144124
2 3 0.206661 0.178836 0.379035 0.108862 0.126606
2 3 0.170759 0.129668 0.277767 0.275661 0.146145
3 3 0.079324 0.083575 0.294545 0.377225 0.165330
2 3 0.053829 0.096773 0.413452 0.204484 0.231462
2 3 0.104752 0.106411 0.362403 0.342548 0.083887
3 3 0.109780 0.092140 0.285242 0.333362 0.179477
2 3 0.109220 0.122283 0.352029 0.209020 0.207447
4 3 0.271939 0.133056 0.169769 0.046314 0.378922
2 3 0.143190 0.123625 0.379494 0.238531 0.115160
3 3 0.073881 0.069654 0.302990 0.497877 0.055598
3 3 0.049405 0.050481 0.281384 0.569090 0.049640
3 3 0.061561 0.064295 0.389966 0.463507 0.020671
3 3 0.060333 0.048123 0.216585 0.620718 0.054241
3 3 0.129228 0.085255 0.255689 0.444659 0.085169
2 3 0.231237 0.145894 0.251083 0.173882 0.197905
4 3 0.191594 0.148003 0.253731 0.134177 0.272496
3 3 0.046387 0.040541 0.206606 0.657625 0.048841
3 3 0.184719 0.113531 0.273364 0.294585 0.133800
3 3 0.008700 0.005994 0.069235 0.910394 0.005677
3 3 0.097757 0.100196 0.315134 0.343492 0.143421
3 3 0.244380 0.106242 0.241559 0.345627 0.062193
3 3 0.125251 0.096351 0.343382 0.352848 0.082167
3 3 0.081692 0.067719 0.250809 0.520247 0.079534
3 3 0.111404 0.049932 0.180977 0.621798 0.035888
3 3 0.039853 0.033667 0.187328 0.699863 0.039289
3 3 0.050098 0.071601 0.337491 0.456103 0.084707
2 3 0.202402 0.155165 0.388630 0.118852 0.134951
0 3 0.260519 0.136673 0.241313 0.234390 0.127104
4 2 0.280993 0.124942 0.160417 0.050513 0.383136
2 2 0.205985 0.179713 0.384083 0.073090 0.157128
2 2 0.072921 0.170784 0.472303 0.060276 0.223717
4 2 0.068181 0.163330 0.334427 0.032339 0.401723
4 2 0.142458 0.168950 0.130544 0.003794 0.554254
4 2 0.069327 0.182099 0.362832 0.018525 0.367217
2 2 0.099849 0.249728 0.407996 0.011133 0.231295
2 2 0.115508 0.241942 0.385647 0.013130 0.243772
2 2 0.272990 0.163464 0.327835 0.145692 0.090019
2 2 0.078773 0.198989 0.566251 0.055094 0.100893
4 2 0.152762 0.212164 0.245795 0.008469 0.380810
2 2 0.179068 0.149393 0.270036 0.159815 0.241688
2 2 0.157083 0.172661 0.443270 0.156825 0.070161
2 2 0.097556 0.173561 0.374934 0.036838 0.317111
4 2 0.124008 0.236982 0.223788 0.005617 0.409605
2 2 0.191865 0.227563 0.372349 0.024064 0.184159
2 2 0.101228 0.261441 0.362765 0.005836 0.268730
2 2 0.069663 0.198501 0.401528 0.018440 0.311868
2 2 0.099095 0.163606 0.382865 0.070597 0.283837
4 2 0.082883 0.212951 0.303961 0.007995 0.392210
2 2 0.072571 0.170959 0.401406 0.034907 0.320157
4 2 0.077505 0.157926 0.341010 0.030369 0.393189
2 2 0.026901 0.112001 0.557039 0.131977 0.172082
3 2 0.027190 0.037565 0.305937 0.606563 0.022746
2 2 0.047709 0.128657 0.539338 0.141895 0.142401
2 2 0.046450 0.127137 0.563973 0.158088 0.104353
2 2 0.071168 0.111745 0.526850 0.216263 0.073975
3 2 0.013550 0.030951 0.295481 0.620653 0.039366
3 2 0.077475 0.069919 0.296648 0.445857 0.110101
2 2 0.029779 0.100749 0.591478 0.187371 0.090623
2 2 0.022710 0.102075 0.650490 0.128493 0.096232
2 2 0.190262 0.113303 0.407570 0.272628 0.016237
0 1 0.543438 0.077358 0.136159 0.233034 0.010011
2 2 0.041836 0.122453 0.607911 0.137968 0.089832
3 2 0.031125 0.039632 0.315259 0.593766 0.020219
2 2 0.117728 0.122944 0.416043 0.281973 0.061312
3 2 0.036989 0.063617 0.396477 0.452446 0.050471
2 2 0.042015 0.142159 0.640245 0.094036 0.081545
2 2 0.053859 0.134323 0.533920 0.144186 0.133712
0 2 0.492258 0.103065 0.109203 0.039529 0.255945
0 2 0.313855 0.138288 0.300572 0.214009 0.033275
2 2 0.096526 0.143308 0.412275 0.135087 0.212804
2 2 0.064204 0.103149 0.526355 0.268588 0.037703
3 2 0.059967 0.041469 0.193568 0.663384 0.041613
3 1 0.311717 0.048766 0.115553 0.509294 0.014670
0 1 0.368645 0.126795 0.197791 0.194108 0.112661
2 2 0.043853 0.071590 0.481073 0.377658 0.025827
2 2 0.192310 0.155578 0.393527 0.188867 0.069717
3 2 0.126454 0.095101 0.290920 0.398258 0.089267
2 4 0.044148 0.104064 0.460541 0.187754 0.203493
4 4 0.116068 0.140505 0.320456 0.062870 0.360100
2 4 0.021009 0.092803 0.585285 0.151623 0.149281
4 4 0.162410 0.176056 0.306791 0.045322 0.309421
2 4 0.056892 0.083216 0.377645 0.350753 0.131495
4 4 0.152653 0.147164 0.222740 0.047287 0.430156
2 4 0.086347 0.117075 0.355105 0.204706 0.236767
4 4 0.096348 0.137639 0.222107 0.034108 0.509798
2 4 0.045937 0.087806 0.485050 0.328353 0.052853
4 4 0.122063 0.122202 0.215400 0.042738 0.497598
0 4 0.449149 0.110829 0.124332 0.046531 0.269160
4 4 0.320589 0.106476 0.117344 0.028098 0.427494
4 4 0.178933 0.201660 0.272928 0.015692 0.330786
4 4 0.099185 0.122059 0.244431 0.054844 0.479481
2 4 0.058358 0.176968 0.429139 0.025974 0.309561
4 4 0.163501 0.139436 0.142678 0.010697 0.543688
2 4 0.044043 0.177076 0.495668 0.026972 0.256241
4 4 0.139888 0.220568 0.198695 0.004522 0.436327
2 4 0.040311 0.115291 0.585153 0.163174 0.096071
2 4 0.026247 0.122786 0.640888 0.075479 0.134599
2 4 0.034780 0.159393 0.593063 0.045392 0.167372
2 4 0.036737 0.165073 0.493287 0.036920 0.267983
2 4 0.054046 0.102613 0.365969 0.240378 0.236994
4 1 0.285535 0.123068 0.155454 0.047539 0.388404
2 1 0.124280 0.218329 0.432643 0.050649 0.174100
2 1 0.208834 0.222449 0.335557 0.054790 0.178370
2 2 0.123661 0.151937 0.437391 0.177457 0.109554
2 2 0.132579 0.179058 0.404985 0.110393 0.172985
3 2 0.043804 0.074478 0.371633 0.377321 0.132764
2 2 0.227993 0.184147 0.348427 0.114407 0.125026
2 2 0.130090 0.174498 0.418364 0.081526 0.195522
2 2 0.127331 0.235945 0.339418 0.021063 0.276244
2 2 0.107456 0.201443 0.411889 0.035733 0.243480
4 2 0.151465 0.155280 0.288590 0.049162 0.355503
2 2 0.096673 0.170014 0.525461 0.112425 0.095427
2 2 0.121178 0.148839 0.380006 0.166299 0.183678
2 2 0.056155 0.132547 0.487180 0.153625 0.170493
2 2 0.124992 0.183786 0.397309 0.067222 0.226691
2 2 0.050346 0.111658 0.518957 0.190189 0.128849
2 2 0.075364 0.113207 0.448347 0.258565 0.104517
2 2 0.109606 0.154573 0.351573 0.043883 0.340365
2 2 0.120834 0.203560 0.498749 0.075445 0.101412
2 2 0.038814 0.117698 0.633627 0.149402 0.060459
2 2 0.052298 0.088155 0.443114 0.322435 0.093998
2 2 0.092508 0.155549 0.501679 0.162518 0.087745
2 2 0.156677 0.205290 0.311796 0.029505 0.296732
2 2 0.103026 0.175118 0.348285 0.035158 0.338412
2 2 0.080742 0.105041 0.380941 0.287268 0.146008
2 2 0.103154 0.152306 0.460462 0.068184 0.215894
2 2 0.057419 0.088374 0.426894 0.364933 0.062380
4 2 0.130066 0.125792 0.152523 0.011968 0.579651
2 2 0.087709 0.110685 0.449817 0.289083 0.062706
4 2 0.122137 0.171392 0.300105 0.052860 0.353506
2 2 0.148055 0.122831 0.301268 0.232038 0.195808
2 2 0.148552 0.141292 0.305955 0.187025 0.217176
4 2 0.194903 0.141969 0.209268 0.061747 0.392113
3 2 0.057625 0.081182 0.372831 0.394395 0.093966
2 2 0.103055 0.146208 0.393571 0.146011 0.211154
3 2 0.025892 0.044204 0.357850 0.516480 0.055575
2 2 0.145866 0.148236 0.293364 0.200685 0.211850
3 2 0.123137 0.050627 0.176349 0.615857 0.034030
3 2 0.204662 0.094007 0.243266 0.404609 0.053455
0 2 0.272652 0.141651 0.213593 0.108485 0.263619
2 2 0.167091 0.144395 0.285897 0.221053 0.181565
3 2 0.103757 0.102257 0.313367 0.326361 0.154258
2 2 0.116084 0.128851 0.320260 0.244326 0.190479
2 2 0.130164 0.138789 0.481924 0.195928 0.053194
0 2 0.290797 0.141371 0.224031 0.152251 0.191550
3 2 0.156310 0.067426 0.207169 0.511524 0.057570
0 2 0.282653 0.139305 0.203276 0.096140 0.278625
0 2 0.388706 0.135908 0.189643 0.088318 0.197426
3 2 0.018879 0.025408 0.189026 0.724301 0.042386
2 2 0.080374 0.109118 0.375104 0.261050 0.174353
0 2 0.343641 0.111109 0.209461 0.229122 0.106666
4 2 0.136915 0.113020 0.270030 0.172044 0.307991
3 2 0.145789 0.104722 0.339310 0.360362 0.049817
4 2 0.138482 0.219321 0.269102 0.012065 0.361028
4 2 0.191779 0.148456 0.154908 0.020240 0.484617
2 2 0.111315 0.151470 0.451867 0.149576 0.135771
2 2 0.066116 0.176887 0.526251 0.078791 0.151955
2 2 0.012876 0.052760 0.446683 0.367273 0.120408
4 2 0.153363 0.129387 0.254785 0.091225 0.371241
4 2 0.219203 0.159712 0.253320 0.112126 0.255640
3 2 0.071673 0.053678 0.250012 0.586499 0.038138
2 2 0.045610 0.127655 0.564590 0.149329 0.112816
3 2 0.037310 0.047049 0.246440 0.593298 0.075903
3 2 0.072338 0.051930 0.251228 0.582432 0.042072
3 2 0.042010 0.071999 0.400828 0.409843 0.075320
4 2 0.173134 0.193062 0.291662 0.035411 0.306730
4 2 0.089507 0.130987 0.216301 0.031144 0.532061
2 2 0.070500 0.088956 0.424690 0.371058 0.044796
2 2 0.182088 0.153557 0.353746 0.170455 0.140155
2 2 0.095026 0.142636 0.446931 0.152979 0.162427
3 2 0.044382 0.073874 0.396832 0.404020 0.080893
2 2 0.092950 0.163774 0.432990 0.083528 0.226759
2 2 0.148684 0.191508 0.332509 0.047275 0.280024
4 2 0.230080 0.147399 0.172019 0.035937 0.414564
2 2 0.103296 0.161792 0.402432 0.063885 0.268595
4 2 0.250140 0.159814 0.188098 0.043034 0.358914
2 2 0.101157 0.151349 0.415183 0.190078 0.142233
4 2 0.233294 0.136130 0.140270 0.021538 0.468768
4 2 0.256735 0.156375 0.236984 0.044071 0.305835
4 2 0.159699 0.139621 0.211234 0.033551 0.455896
4 2 0.212561 0.122078 0.246339 0.172450 0.246572
3 2 0.080975 0.078322 0.364339 0.438541 0.037824
4 2 0.160871 0.127120 0.255609 0.108204 0.348196
4 2 0.237247 0.155415 0.231089 0.079775 0.296474
3 2 0.056141 0.046430 0.227169 0.613040 0.057220
4 2 0.314749 0.171898 0.141888 0.014652 0.356813
0 2 0.267278 0.141675 0.238326 0.186604 0.166117
0 2 0.491307 0.089199 0.158557 0.245010 0.015926
2 2 0.058000 0.076210 0.470353 0.372068 0.023368
0 2 0.286921 0.146935 0.254679 0.173342 0.138123
4 2 0.215053 0.171766 0.187148 0.020836 0.405197
2 2 0.057337 0.141827 0.640121 0.107274 0.053441
0 2 0.270737 0.139273 0.237826 0.205854 0.146309
0 2 0.575393 0.095375 0.123015 0.135897 0.070320
0 2 0.354542 0.120390 0.221906 0.256705 0.046458
2 2 0.161386 0.169735 0.395487 0.166679 0.106713
2 2 0.104021 0.203553 0.415794 0.058724 0.217908
2 2 0.132398 0.247958 0.325176 0.010809 0.283659
2 2 0.221201 0.155373 0.257367 0.114749 0.251311
2 2 0.143976 0.223237 0.446902 0.040977 0.144908
4 2 0.137330 0.211679 0.236249 0.006940 0.407802
4 2 0.048328 0.166670 0.358286 0.013332 0.413384
2 2 0.092340 0.096999 0.299418 0.291559 0.219684
3 0 0.196196 0.066683 0.181242 0.516883 0.038996
0 1 0.344816 0.132678 0.231456 0.164879 0.126171
2 1 0.124321 0.231680 0.336122 0.016786 0.291090
2 2 0.016012 0.083378 0.627502 0.144650 0.128458
2 2 0.037197 0.158327 0.491559 0.038192 0.274726
2 2 0.043899 0.129569 0.472966 0.088076 0.265490
2 2 0.018238 0.121254 0.631267 0.047233 0.182008
2 2 0.024631 0.133488 0.563774 0.039096 0.239011
2 2 0.036421 0.103623 0.526283 0.148363 0.185311
2 2 0.045809 0.165188 0.537243 0.036112 0.215647
2 2 0.062277 0.170429 0.398889 0.024053 0.344352
3 1 0.124725 0.077496 0.314087 0.456953 0.026739
2 1 0.174930 0.167878 0.403343 0.175192 0.078657
2 2 0.046959 0.147645 0.512653 0.082013 0.210730
2 2 0.151616 0.182950 0.406923 0.103155 0.155356
2 2 0.028244 0.118317 0.587321 0.123113 0.143005
2 2 0.034018 0.088541 0.499725 0.245085 0.132631
2 2 0.053366 0.107237 0.536012 0.230474 0.072912
2 2 0.019459 0.112288 0.625947 0.075029 0.167277
2 2 0.063164 0.200092 0.450195 0.015916 0.270633
3 2 0.046395 0.046907 0.280100 0.594876 0.031723
4 2 0.255187 0.134719 0.189243 0.069021 0.351831
2 2 0.035435 0.147399 0.483033 0.025748 0.308386
4 2 0.044775 0.147158 0.380993 0.019851 0.407222
2 2 0.017787 0.105913 0.692955 0.093806 0.089539
0 0 0.365464 0.109938 0.183338 0.281426 0.059834
0 0 0.356043 0.134296 0.192092 0.116817 0.200751
0 0 0.498194 0.097701 0.141861 0.208437 0.053808
0 0 0.619546 0.070268 0.093613 0.190464 0.026110
0 0 0.408140 0.099719 0.161502 0.284619 0.046020
3 0 0.258708 0.081288 0.208516 0.345288 0.106199
2 0 0.252728 0.154427 0.358979 0.153809 0.080056
0 0 0.328634 0.137733 0.239785 0.113123 0.180724
4 0 0.204559 0.207073 0.263332 0.021701 0.303336
2 0 0.094349 0.152887 0.505256 0.154233 0.093276
2 0 0.104731 0.167390 0.430092 0.099750 0.198036
4 0 0.142895 0.175760 0.303582 0.039802 0.337961
3 0 0.122269 0.068516 0.238121 0.477473 0.093621
3 0 0.055362 0.060458 0.265430 0.530619 0.088131
0 0 0.373213 0.160108 0.238993 0.144855 0.082831
3 0 0.168341 0.102896 0.334998 0.336514 0.057251
2 1 0.233619 0.203503 0.343344 0.045672 0.173860
4 0 0.244055 0.150186 0.229030 0.059136 0.317592
3 0 0.174343 0.120075 0.280225 0.299198 0.126159
3 0 0.128597 0.090059 0.270099 0.410037 0.101210
2 0 0.273111 0.189758 0.335964 0.092679 0.108489
2 0 0.109206 0.165830 0.549448 0.106972 0.068544
2 0 0.231327 0.238420 0.322390 0.037851 0.170012
0 0 0.262351 0.143222 0.238623 0.172964 0.182839
0 0 0.461181 0.109326 0.160320 0.194666 0.074507
0 1 0.298344 0.140806 0.219331 0.143941 0.197578
0 1 0.326685 0.144016 0.282727 0.113964 0.132609
2 1 0.091953 0.171314 0.416901 0.076575 0.243258
2 1 0.081531 0.141030 0.411074 0.144621 0.221743
4 1 0.093769 0.133177 0.319334 0.088224 0.365496
4 1 0.171687 0.199813 0.260157 0.025051 0.343291
4 2 0.133607 0.182932 0.242582 0.013519 0.427361
2 2 0.079339 0.174964 0.549309 0.071432 0.124956
2 2 0.052136 0.118643 0.475780 0.169862 0.183578
2 2 0.060192 0.121505 0.439779 0.167139 0.211384
4 2 0.131554 0.144539 0.255396 0.031917 0.436595
2 2 0.083012 0.193482 0.493691 0.036941 0.192875
4 2 0.231927 0.147345 0.228248 0.078627 0.313853
0 0 0.511747 0.074491 0.112169 0.278795 0.022798
0 1 0.337515 0.097210 0.194996 0.270496 0.099783
3 1 0.066897 0.052662 0.236983 0.583861 0.059597
0 2 0.300159 0.138927 0.202543 0.103245 0.255126
3 2 0.101608 0.061399 0.218438 0.562445 0.056109
3 2 0.034768 0.042818 0.331801 0.568522 0.022090
2 2 0.092563 0.153215 0.479316 0.133615 0.141292
2 2 0.157522 0.232542 0.424898 0.038639 0.146399
4 2 0.179977 0.134151 0.283864 0.106492 0.295516
4 2 0.243601 0.138561 0.166833 0.039395 0.411610
3 2 0.170719 0.119510 0.278709 0.304270 0.126792
3 2 0.083860 0.089498 0.329025 0.391929 0.105688
2 2 0.035328 0.112091 0.650894 0.155712 0.045975
2 2 0.278549 0.190289 0.335033 0.079315 0.116815
2 2 0.134187 0.159962 0.361835 0.154260 0.189756
3 2 0.024467 0.043835 0.307916 0.567485 0.056296
2 2 0.046183 0.126692 0.599571 0.145826 0.081729
4 2 0.176798 0.157951 0.277383 0.096320 0.291548
2 2 0.078130 0.125480 0.499504 0.202334 0.094551
2 2 0.113371 0.140643 0.385398 0.138971 0.221617
3 2 0.071491 0.084425 0.302276 0.360108 0.181700
2 2 0.183451 0.189268 0.300768 0.037635 0.288879
2 2 0.166667 0.196054 0.339022 0.042862 0.255395
2 2 0.157344 0.170683 0.417830 0.166702 0.087442
2 2 0.068325 0.124313 0.487172 0.203109 0.117081
2 2 0.048140 0.159872 0.657700 0.077731 0.056557
2 2 0.079177 0.156158 0.475348 0.132902 0.156415
3 2 0.050492 0.067645 0.302629 0.461968 0.117266
2 2 0.098463 0.112254 0.307516 0.286141 0.195626
2 2 0.070580 0.101025 0.426907 0.313907 0.087580
3 2 0.056129 0.069302 0.291301 0.470452 0.112816
3 2 0.017556 0.039907 0.360982 0.545424 0.036131
2 2 0.039068 0.095007 0.546892 0.265019 0.054014
2 2 0.072568 0.108074 0.468271 0.292425 0.058662
2 2 0.056948 0.121838 0.529823 0.183229 0.108162
2 2 0.027036 0.099971 0.615446 0.172200 0.085347
3 2 0.001165 0.005230 0.215804 0.775201 0.002600
2 4 0.107556 0.142469 0.446412 0.211577 0.091986
2 4 0.031792 0.134508 0.526031 0.050445 0.257224
2 4 0.118485 0.163901 0.457632 0.145206 0.114776
2 4 0.036000 0.165129 0.602100 0.034987 0.161783
2 4 0.029363 0.144009 0.559056 0.055207 0.212364
2 4 0.075397 0.174301 0.443264 0.054865 0.252173
0 4 0.353246 0.132772 0.182020 0.093085 0.238876
0 4 0.363371 0.122502 0.150623 0.055973 0.307532
4 4 0.068982 0.165549 0.278594 0.015229 0.471646
2 4 0.120447 0.133268 0.329815 0.201417 0.215053
2 4 0.061089 0.115313 0.465863 0.117969 0.239766
3 4 0.090302 0.084125 0.336614 0.432910 0.056049
3 4 0.074814 0.058432 0.252032 0.506876 0.107846
2 4 0.191192 0.122278 0.319074 0.293333 0.074123
3 4 0.201596 0.058727 0.162753 0.546599 0.030325
0 4 0.267746 0.131458 0.234862 0.260418 0.105516
3 4 0.118444 0.088847 0.274279 0.432325 0.086105
2 4 0.257111 0.155607 0.261745 0.115783 0.209755
0 4 0.331697 0.136833 0.208816 0.148864 0.173790
3 4 0.062795 0.048126 0.213844 0.622663 0.052572
2 4 0.051364 0.199876 0.608837 0.021018 0.118905
2 4 0.054115 0.197184 0.449699 0.013954 0.285048
2 4 0.045946 0.177509 0.418920 0.016649 0.340977
3 4 0.233631 0.101931 0.272265 0.303859 0.088314
2 4 0.035756 0.091380 0.539296 0.259893 0.073675
2 4 0.047232 0.191430 0.441294 0.014019 0.306025
2 4 0.031387 0.152658 0.664827 0.048831 0.102297
2 4 0.051569 0.180629 0.466040 0.017743 0.284019
2 4 0.023001 0.113788 0.626935 0.101608 0.134668
2 4 0.039018 0.165535 0.596968 0.049073 0.149405
2 4 0.057080 0.102543 0.467505 0.285594 0.087279
2 4 0.105561 0.164201 0.479320 0.138499 0.112418
2 4 0.139879 0.187283 0.498766 0.108432 0.065640
4 4 0.206736 0.146058 0.238963 0.116208 0.292034
0 4 0.419402 0.124334 0.160075 0.084721 0.211468
3 4 0.237901 0.129076 0.246229 0.273150 0.113644
0 4 0.384204 0.123754 0.191355 0.196502 0.104185
2 4 0.210706 0.147698 0.256239 0.160855 0.224503
2 4 0.107854 0.234680 0.441479 0.028504 0.187483
2 4 0.195727 0.159035 0.384702 0.138054 0.122482
2 4 0.040018 0.123733 0.496171 0.098926 0.241151
2 4 0.054266 0.100101 0.480263 0.276210 0.089160
0 4 0.317484 0.163551 0.238818 0.138414 0.141733
0 4 0.330251 0.133196 0.213261 0.191201 0.132092
0 4 0.396095 0.118634 0.184585 0.213117 0.087569
0 4 0.301800 0.141673 0.253957 0.101651 0.200920
2 4 0.097609 0.161185 0.497398 0.098759 0.145049
4 4 0.285509 0.181746 0.176973 0.011269 0.344504
0 4 0.412129 0.111225 0.179226 0.159290 0.138130
0 4 0.458616 0.127221 0.139176 0.042181 0.232807
2 4 0.079530 0.107704 0.427301 0.241208 0.144256
2 4 0.080580 0.127008 0.563475 0.192287 0.036651
0 4 0.394043 0.125929 0.188363 0.170008 0.121658
0 4 0.349767 0.150118 0.217984 0.171222 0.110909
0 4 0.286598 0.158755 0.245166 0.053369 0.256112
0 4 0.356790 0.129556 0.207083 0.172537 0.134034
0 4 0.485925 0.084828 0.137833 0.268468 0.022946
2 4 0.175068 0.134200 0.350450 0.204645 0.135637
3 4 0.027799 0.017921 0.128133 0.811233 0.014913
0 4 0.323944 0.099853 0.195867 0.302134 0.078202
0 4 0.421703 0.123098 0.155791 0.078249 0.221161
0 4 0.656624 0.041394 0.055412 0.240045 0.006524
4 4 0.319137 0.107236 0.118906 0.028785 0.425936
2 4 0.036854 0.141170 0.592438 0.079788 0.149750
2 4 0.040151 0.152691 0.502291 0.038546 0.266322
3 4 0.109846 0.085048 0.310666 0.440423 0.054017
0 4 0.288157 0.139532 0.229765 0.184261 0.158284
3 4 0.349987 0.088464 0.166071 0.353855 0.041623
2 4 0.138384 0.121421 0.299931 0.172040 0.268224
2 4 0.088307 0.169648 0.506104 0.094476 0.141465
2 4 0.041572 0.125891 0.627502 0.129434 0.075601
2 4 0.027309 0.147408 0.620625 0.040918 0.163741
2 4 0.046616 0.141886 0.498517 0.084457 0.228524
2 4 0.075204 0.118119 0.451785 0.239778 0.115115
2 4 0.024185 0.127696 0.649203 0.072133 0.126782
2 4 0.033045 0.144536 0.613619 0.049831 0.158969
2 4 0.034852 0.158794 0.496829 0.019221 0.290303
2 4 0.028394 0.140319 0.596735 0.050969 0.183583
2 4 0.085666 0.208006 0.367404 0.014944 0.323980
3 4 0.053139 0.030522 0.157172 0.732904 0.026263
3 4 0.318202 0.065179 0.141480 0.449422 0.025718
3 4 0.084468 0.075070 0.292520 0.412084 0.135858
2 4 0.158892 0.146544 0.357980 0.216224 0.120359
2 4 0.032470 0.144683 0.540077 0.035489 0.247281
2 4 0.013015 0.097538 0.672565 0.062793 0.154089
2 4 0.033898 0.158890 0.558877 0.029616 0.218719
2 4 0.020694 0.138593 0.660761 0.034702 0.145250
2 4 0.023360 0.120524 0.584279 0.059912 0.211925
2 4 0.025127 0.108381 0.633777 0.120414 0.112300
2 1 0.101796 0.160608 0.498790 0.150917 0.087889
2 1 0.024567 0.128044 0.508896 0.040439 0.298054
2 1 0.034367 0.172292 0.545802 0.020698 0.226841
2 1 0.016313 0.100113 0.697189 0.095199 0.091186
2 1 0.014546 0.088165 0.673079 0.130104 0.094106
2 1 0.028471 0.146157 0.631146 0.052205 0.142021
2 1 0.033895 0.156627 0.578118 0.027498 0.203863
2 1 0.012257 0.104531 0.727889 0.060467 0.094856
2 1 0.013591 0.099305 0.722556 0.080087 0.084462
2 1 0.277528 0.161405 0.282015 0.112251 0.166801
4 1 0.171482 0.137492 0.247953 0.068461 0.374612
4 1 0.136999 0.151542 0.122980 0.005338 0.583142
2 1 0.054585 0.199991 0.589093 0.029975 0.126356
2 1 0.148725 0.192906 0.371223 0.087151 0.199996
4 1 0.176943 0.201044 0.276325 0.016750 0.328938
4 1 0.198956 0.133145 0.133264 0.015542 0.519094
2 1 0.108603 0.203229 0.363222 0.023101 0.301845
4 1 0.186216 0.164255 0.163981 0.013239 0.472310
4 2 0.176382 0.183142 0.220050 0.027858 0.392568
2 2 0.190601 0.170263 0.308501 0.059893 0.270742
2 2 0.064279 0.166886 0.555782 0.087945 0.125108
4 2 0.173426 0.187358 0.220453 0.017627 0.401136
4 2 0.123219 0.132098 0.303593 0.112708 0.328382
2 2 0.126810 0.204401 0.399706 0.061169 0.207913
4 2 0.277327 0.126408 0.164419 0.052992 0.378855
2 2 0.232462 0.165343 0.296019 0.101997 0.204179
2 2 0.161064 0.188882 0.414046 0.073889 0.162120
2 2 0.082831 0.209141 0.471622 0.025493 0.210914
2 2 0.225672 0.166106 0.278621 0.088428 0.241173
2 2 0.054929 0.147786 0.531326 0.129194 0.136765
2 2 0.162298 0.187332 0.335904 0.068465 0.246001
0 2 0.286515 0.173991 0.229889 0.041749 0.267855
2 2 0.051542 0.087008 0.406814 0.334237 0.120400
2 2 0.191837 0.201231 0.303079 0.027341 0.276512
2 2 0.076264 0.122127 0.387988 0.149688 0.263933
3 2 0.035551 0.051923 0.333132 0.510114 0.069280
2 2 0.168522 0.153913 0.314674 0.205791 0.157100
2 2 0.119522 0.107607 0.285559 0.228146 0.259167
2 2 0.085800 0.132339 0.488126 0.209791 0.083944
3 2 0.098626 0.091948 0.287040 0.406580 0.115806
3 2 0.054590 0.061541 0.293918 0.525373 0.064578
2 2 0.130992 0.146328 0.457961 0.155994 0.108724
3 2 0.061815 0.083760 0.305421 0.403098 0.145906
2 2 0.186919 0.147451 0.293193 0.154995 0.217442
4 2 0.128171 0.128483 0.273939 0.122553 0.346854
4 2 0.125908 0.128127 0.292932 0.148820 0.304213
0 2 0.293957 0.127050 0.221980 0.263017 0.093995
3 2 0.048918 0.064273 0.286395 0.472858 0.127555
3 2 0.091391 0.082116 0.332878 0.441854 0.051761
2 2 0.234238 0.157402 0.368984 0.190810 0.048566
3 2 0.192820 0.108764 0.248897 0.353234 0.096285
3 2 0.041850 0.036070 0.275534 0.634529 0.012017
0 2 0.301411 0.151055 0.221888 0.120567 0.205079
3 2 0.172205 0.102409 0.269578 0.380696 0.075112
3 2 0.026371 0.017572 0.124232 0.815080 0.016745
0 2 0.394184 0.157125 0.185084 0.077663 0.185944
2 2 0.152422 0.162888 0.360330 0.184904 0.139456
3 2 0.146918 0.074770 0.281105 0.472573 0.024634
0 2 0.363336 0.112695 0.200457 0.274486 0.049026
2 2 0.100721 0.117592 0.356060 0.231762 0.193865
3 2 0.034187 0.049328 0.281883 0.540123 0.094479
3 2 0.024017 0.039486 0.387633 0.534701 0.014163
2 2 0.125665 0.125131 0.326719 0.199544 0.222940
3 2 0.079042 0.058647 0.254839 0.526994 0.080478
3 2 0.096484 0.045945 0.225568 0.617224 0.014779
0 2 0.402023 0.130335 0.180365 0.119684 0.167593
2 2 0.126663 0.112495 0.420613 0.286111 0.054119
0 2 0.328059 0.118589 0.202941 0.275745 0.074666
0 0 0.542240 0.101615 0.134554 0.142283 0.079308
3 1 0.125859 0.088132 0.282153 0.423731 0.080125
2 1 0.177731 0.139441 0.329509 0.216128 0.137191
4 2 0.210710 0.199213 0.185062 0.009809 0.395206
3 2 0.032097 0.057368 0.397859 0.466340 0.046336
2 2 0.097409 0.174708 0.402884 0.047095 0.277904
2 2 0.120938 0.187278 0.459646 0.072292 0.159847
2 2 0.045317 0.120667 0.479545 0.106807 0.247664
2 2 0.137448 0.277254 0.403158 0.013119 0.169022
2 2 0.078382 0.156685 0.491034 0.076285 0.197614
2 2 0.025370 0.073647 0.601996 0.272499 0.026489
2 2 0.086827 0.148505 0.469201 0.093363 0.202105
2 2 0.057441 0.146606 0.545277 0.114696 0.135980
2 2 0.127556 0.136181 0.398022 0.159074 0.179167
4 2 0.102536 0.149097 0.321854 0.051561 0.374952
2 2 0.099168 0.158400 0.393687 0.100422 0.248323
2 2 0.048089 0.176780 0.569646 0.044105 0.161380
2 2 0.105276 0.149513 0.389610 0.107383 0.248217
2 2 0.107373 0.145971 0.419838 0.138691 0.188126
3 2 0.058420 0.086161 0.331404 0.359090 0.164925
3 2 0.105816 0.084293 0.270685 0.425228 0.113977
2 2 0.048379 0.131221 0.644160 0.124181 0.052058
2 2 0.047088 0.142450 0.583881 0.107382 0.119200
2 2 0.040883 0.110044 0.485683 0.155664 0.207726
2 2 0.091065 0.189397 0.395502 0.026663 0.297373
3 2 0.068868 0.076602 0.315884 0.343862 0.194784
3 2 0.028128 0.021564 0.145069 0.782188 0.023051
2 2 0.077679 0.147944 0.565101 0.128781 0.080496
3 2 0.025844 0.048059 0.327230 0.526688 0.072179
3 2 0.214939 0.124620 0.265498 0.279418 0.115525
2 2 0.032632 0.121211 0.557548 0.076514 0.212094
2 2 0.144471 0.145349 0.296931 0.120679 0.292569
2 2 0.108610 0.123103 0.504724 0.193118 0.070445
2 2 0.239012 0.163803 0.286154 0.096067 0.214964
2 2 0.202104 0.169671 0.303242 0.069165 0.255818
2 2 0.144643 0.185833 0.389087 0.062784 0.217653
4 2 0.142055 0.183906 0.241025 0.013502 0.419512
2 2 0.085157 0.136842 0.521767 0.186917 0.069317
2 2 0.179801 0.127955 0.276600 0.199871 0.215772
3 2 0.025434 0.033955 0.255792 0.653219 0.031600
2 2 0.075837 0.143020 0.427736 0.129868 0.223538
