2 0 0.136756 0.153378 0.555280 0.058095 0.096492
2 0 0.084441 0.159148 0.521192 0.167897 0.067323
3 0 0.245656 0.099860 0.223441 0.337610 0.093432
0 0 0.855566 0.033438 0.028513 0.041139 0.041344
0 0 0.320150 0.104782 0.207100 0.275009 0.092959
2 0 0.050377 0.134851 0.625239 0.111790 0.077743
2 0 0.122212 0.128231 0.506607 0.201545 0.041405
2 0 0.028831 0.123589 0.734446 0.081971 0.031162
2 0 0.037396 0.174571 0.522493 0.008951 0.256589
4 0 0.076519 0.172433 0.346533 0.021503 0.383012
2 0 0.034970 0.164746 0.708312 0.037926 0.054046
2 0 0.036883 0.172249 0.688772 0.023456 0.078640
2 0 0.079677 0.212587 0.530332 0.032178 0.145225
2 0 0.057747 0.179651 0.611043 0.061135 0.090424
2 0 0.047645 0.096974 0.534357 0.237179 0.083845
2 0 0.107271 0.181461 0.568216 0.095972 0.047080
2 0 0.287537 0.264517 0.294778 0.018827 0.134341
2 0 0.231417 0.239145 0.464276 0.026034 0.039128
2 0 0.097074 0.100500 0.418279 0.331176 0.052972
2 0 0.237196 0.100536 0.274100 0.264091 0.124078
2 0 0.117913 0.247659 0.413668 0.008150 0.212609
0 0 0.335141 0.153590 0.192785 0.078263 0.240220
4 0 0.313561 0.172359 0.136768 0.025541 0.351770
2 0 0.180240 0.192847 0.297406 0.085529 0.243977
3 0 0.038283 0.051228 0.351594 0.512439 0.046457
0 0 0.604243 0.086222 0.058449 0.030708 0.220378
0 0 0.599080 0.090612 0.072152 0.045970 0.192186
2 0 0.098827 0.113642 0.301291 0.291506 0.194733
2 0 0.067957 0.107358 0.401216 0.152050 0.271419
4 0 0.229277 0.164204 0.144988 0.011212 0.450320
2 0 0.098067 0.143771 0.503726 0.140471 0.113966
4 0 0.173669 0.133351 0.099585 0.010221 0.583174
2 0 0.259208 0.179223 0.332570 0.084342 0.144656
3 0 0.166088 0.035777 0.147412 0.628982 0.021741
0 0 0.301636 0.230045 0.215591 0.021561 0.231167
2 0 0.029393 0.135885 0.574676 0.023801 0.236246
4 0 0.067355 0.126903 0.273226 0.024631 0.507884
2 0 0.037502 0.112494 0.565043 0.096104 0.188858
2 0 0.058524 0.215834 0.416339 0.005818 0.303485
2 0 0.190878 0.231825 0.276309 0.028787 0.272201
4 0 0.068020 0.162396 0.232403 0.003752 0.533429
4 0 0.266179 0.133420 0.203850 0.083322 0.313229
3 0 0.029151 0.019097 0.176867 0.762689 0.012195
2 0 0.151904 0.172663 0.434171 0.141220 0.100041
3 0 0.066526 0.028606 0.163287 0.724467 0.017115
2 0 0.197791 0.245060 0.327057 0.042216 0.187876
4 0 0.093537 0.183333 0.203045 0.003946 0.516140
4 0 0.083633 0.200496 0.194181 0.001730 0.519960
4 0 0.073155 0.177608 0.286876 0.007180 0.455181
4 0 0.072466 0.150252 0.331246 0.025482 0.420554
4 0 0.098714 0.146584 0.176488 0.008166 0.570049
3 0 0.122082 0.076929 0.270059 0.468083 0.062847
0 0 0.487137 0.105203 0.134082 0.135914 0.137664
0 0 0.413219 0.114166 0.160233 0.138142 0.174240
2 0 0.044556 0.111160 0.674450 0.151790 0.018043
2 0 0.232029 0.192630 0.343107 0.113228 0.119006
2 0 0.073825 0.151657 0.413596 0.063636 0.297286
4 0 0.114715 0.130186 0.139527 0.013495 0.602077
4 0 0.115684 0.162635 0.300479 0.041940 0.379262
2 0 0.201423 0.233927 0.312174 0.036371 0.216106
2 0 0.070072 0.195048 0.538852 0.027903 0.168125
2 0 0.081290 0.205286 0.434644 0.022441 0.256338
2 0 0.113196 0.131827 0.327180 0.133213 0.294584
4 0 0.256481 0.182883 0.243733 0.038473 0.278430
3 0 0.101022 0.101593 0.298831 0.375267 0.123286
2 0 0.083768 0.220522 0.519348 0.036420 0.139942
2 0 0.072681 0.146427 0.579806 0.124330 0.076756
2 0 0.128588 0.138643 0.376221 0.113864 0.242683
0 0 0.282228 0.098889 0.270113 0.209360 0.139409
0 0 0.391960 0.103071 0.172750 0.230761 0.101457
0 0 0.340640 0.077414 0.227443 0.320916 0.033587
0 0 0.749766 0.030987 0.048307 0.149452 0.021487
3 0 0.381528 0.055662 0.136855 0.385793 0.040162
0 0 0.662635 0.059176 0.079819 0.133025 0.065345
2 0 0.311923 0.207582 0.336475 0.055131 0.088890
3 0 0.107448 0.013699 0.086133 0.786652 0.006067
2 0 0.248082 0.141695 0.344091 0.196737 0.069395
3 0 0.172018 0.032931 0.216241 0.549895 0.028915
0 0 0.629136 0.080502 0.087730 0.094566 0.108065
0 0 0.359070 0.136584 0.332525 0.131951 0.039870
2 0 0.304219 0.215036 0.341742 0.055802 0.083201
2 1 0.182934 0.200462 0.391609 0.041193 0.183801
4 1 0.100321 0.206172 0.297553 0.011137 0.384816
4 1 0.055933 0.174501 0.353170 0.007843 0.408553
4 2 0.048957 0.171347 0.344187 0.005624 0.429885
2 2 0.043455 0.184857 0.436902 0.006496 0.328289
2 2 0.040355 0.179050 0.493638 0.009133 0.277823
2 2 0.037321 0.166495 0.443907 0.007410 0.344868
2 2 0.033430 0.171039 0.557729 0.009642 0.228160
2 2 0.038027 0.175635 0.515305 0.010207 0.260827
2 2 0.048276 0.183557 0.414550 0.007681 0.345936
2 2 0.040101 0.186635 0.489665 0.006860 0.276738
2 2 0.033840 0.158717 0.569472 0.015888 0.222083
2 2 0.033866 0.157704 0.554888 0.016206 0.237337
2 2 0.030515 0.155880 0.534008 0.010185 0.269412
2 2 0.035452 0.168278 0.521343 0.011502 0.263426
2 3 0.040260 0.164469 0.554690 0.021011 0.219570
2 3 0.014232 0.095971 0.746427 0.052839 0.090531
2 3 0.023974 0.133984 0.701304 0.025668 0.115070
2 3 0.031925 0.140799 0.569239 0.025543 0.232495
4 3 0.102716 0.238486 0.304999 0.005264 0.348535
2 3 0.039198 0.130805 0.692363 0.102561 0.035073
4 3 0.117080 0.185784 0.279327 0.023762 0.394047
2 3 0.116966 0.214408 0.444861 0.035703 0.188063
2 3 0.099189 0.169771 0.387853 0.033738 0.309450
2 3 0.220000 0.234592 0.391072 0.049444 0.104892
2 3 0.106806 0.207604 0.519023 0.058218 0.108349
2 3 0.065896 0.163075 0.573963 0.059504 0.137562
2 3 0.071593 0.214336 0.565731 0.028191 0.120148
2 3 0.076902 0.143863 0.501068 0.116999 0.161169
2 3 0.047424 0.109423 0.592902 0.154551 0.095700
2 3 0.122438 0.189883 0.447245 0.055576 0.184858
2 3 0.092875 0.202663 0.408353 0.023336 0.272773
2 3 0.113806 0.206957 0.471625 0.029945 0.177666
2 3 0.165127 0.210092 0.347528 0.029688 0.247564
3 3 0.069301 0.076932 0.331518 0.426495 0.095755
2 3 0.066755 0.111766 0.544501 0.178391 0.098587
2 3 0.115141 0.144704 0.436112 0.148319 0.155724
2 3 0.040380 0.079177 0.455667 0.346943 0.077833
2 3 0.151201 0.109011 0.361486 0.110696 0.267606
2 3 0.042279 0.072703 0.417806 0.392476 0.074735
3 3 0.098479 0.054567 0.253433 0.547345 0.046176
2 3 0.118641 0.106892 0.333702 0.290353 0.150413
2 3 0.191007 0.158582 0.290395 0.148918 0.211098
2 3 0.106006 0.181326 0.428391 0.046489 0.237789
2 3 0.175566 0.186875 0.434550 0.098142 0.104867
2 3 0.068936 0.154486 0.439445 0.050149 0.286984
2 3 0.212256 0.164412 0.282269 0.082350 0.258713
0 3 0.285039 0.150912 0.241148 0.062386 0.260515
2 3 0.152978 0.167604 0.395252 0.164493 0.119674
2 3 0.043824 0.097789 0.585119 0.180149 0.093120
2 3 0.083022 0.098143 0.354499 0.309721 0.154614
2 3 0.101446 0.112450 0.393652 0.238872 0.153580
2 3 0.022379 0.049266 0.452074 0.429450 0.046831
4 3 0.142680 0.155627 0.308294 0.040716 0.352682
4 3 0.196138 0.132592 0.181870 0.044491 0.444909
2 3 0.196628 0.126045 0.366670 0.232159 0.078498
3 3 0.095811 0.074359 0.326636 0.464921 0.038274
2 3 0.133638 0.170491 0.477054 0.117054 0.101763
2 3 0.088698 0.172457 0.499851 0.076737 0.162257
0 0 0.464940 0.093791 0.183698 0.094862 0.162709
2 3 0.249673 0.285820 0.406961 0.011658 0.045888
2 3 0.160202 0.205036 0.431150 0.075388 0.128223
2 3 0.134523 0.125053 0.391969 0.262670 0.085784
0 3 0.365704 0.186515 0.122511 0.007047 0.318224
0 3 0.288529 0.177904 0.246154 0.083026 0.204387
0 3 0.273200 0.198961 0.229462 0.048183 0.250193
2 3 0.241163 0.188841 0.311268 0.112323 0.146406
0 3 0.339419 0.137484 0.276986 0.138483 0.107629
0 3 0.421430 0.147853 0.234931 0.111088 0.084698
3 3 0.030462 0.046483 0.344838 0.552582 0.025635
2 3 0.068045 0.101325 0.409699 0.317516 0.103415
3 3 0.031849 0.045749 0.387508 0.502729 0.032165
2 3 0.119870 0.107865 0.463570 0.215113 0.093583
2 3 0.094069 0.172157 0.384887 0.047524 0.301364
3 3 0.117220 0.094217 0.356255 0.375400 0.056908
2 3 0.140182 0.167925 0.471357 0.109747 0.110790
2 3 0.079082 0.116583 0.536263 0.170169 0.097902
2 3 0.091969 0.149596 0.478857 0.103270 0.176308
2 3 0.031177 0.071728 0.504200 0.305024 0.087870
2 3 0.094955 0.203315 0.483592 0.026323 0.191815
2 3 0.033916 0.091395 0.637422 0.202364 0.034903
2 3 0.034597 0.091928 0.540963 0.236837 0.095675
2 3 0.017128 0.069955 0.646181 0.222639 0.044097
2 3 0.065000 0.158932 0.536276 0.066083 0.173708
2 3 0.042684 0.082032 0.498226 0.314569 0.062490
2 3 0.061585 0.107599 0.563759 0.190807 0.076251
2 3 0.055293 0.092495 0.498747 0.270652 0.082813
2 3 0.067819 0.143895 0.483399 0.081821 0.223067
2 3 0.039806 0.110796 0.600823 0.143374 0.105201
2 -1 0.044764 0.094698 0.584645 0.227656 0.048238
2 0 0.202322 0.123404 0.303906 0.211608 0.158761
0 0 0.664822 0.075579 0.074377 0.074098 0.111124
0 0 0.646191 0.059902 0.085064 0.157387 0.051456
3 0 0.150681 0.057761 0.237352 0.524166 0.030040
3 0 0.314606 0.019317 0.076323 0.580530 0.009224
4 1 0.227488 0.165862 0.249527 0.105438 0.251685
2 1 0.099800 0.198698 0.376491 0.031782 0.293228
2 1 0.059474 0.176953 0.574245 0.036939 0.152389
2 1 0.062580 0.183484 0.497375 0.031491 0.225071
2 1 0.085902 0.102507 0.446088 0.280291 0.085212
2 0 0.122737 0.119810 0.440644 0.182506 0.134304
0 1 0.376424 0.114803 0.193375 0.210506 0.104891
2 2 0.071458 0.238585 0.528009 0.011678 0.150270
2 2 0.058600 0.185998 0.440954 0.014254 0.300194
2 2 0.043864 0.171882 0.457898 0.011126 0.315230
2 2 0.032407 0.162073 0.627140 0.018398 0.159982
2 2 0.033959 0.159643 0.591616 0.017046 0.197736
2 2 0.037184 0.157424 0.580733 0.028491 0.196169
2 2 0.041995 0.171710 0.580198 0.021568 0.184530
2 2 0.038493 0.158304 0.614399 0.033433 0.155371
2 2 0.029265 0.137106 0.653966 0.036242 0.143421
2 2 0.056365 0.200954 0.446204 0.010658 0.285820
2 2 0.137514 0.140576 0.380642 0.078599 0.262669
0 2 0.304758 0.138420 0.178523 0.119737 0.258561
2 2 0.035771 0.135106 0.559715 0.043141 0.226268
2 3 0.058536 0.183894 0.395873 0.011950 0.349746
2 3 0.192819 0.145868 0.323604 0.087079 0.250630
0 3 0.597163 0.073680 0.125173 0.105324 0.098659
0 2 0.440438 0.150786 0.110625 0.022485 0.275666
3 2 0.071527 0.058087 0.297587 0.542856 0.029943
0 2 0.399479 0.101823 0.169815 0.229061 0.099821
0 3 0.556526 0.166960 0.159974 0.021092 0.095449
3 2 0.171271 0.091879 0.307833 0.379358 0.049659
2 2 0.104167 0.097875 0.360312 0.273101 0.164545
2 4 0.155332 0.188126 0.426722 0.079206 0.150614
3 4 0.031438 0.054356 0.347326 0.537291 0.029588
2 4 0.042629 0.171814 0.577185 0.019871 0.188500
2 4 0.027714 0.113490 0.697015 0.081188 0.080594
2 4 0.056642 0.150902 0.551926 0.073479 0.167052
2 4 0.045028 0.134990 0.525121 0.053123 0.241737
2 4 0.025463 0.120618 0.719729 0.063329 0.070861
2 4 0.047060 0.109139 0.631836 0.132082 0.079884
2 4 0.091030 0.206352 0.501836 0.031590 0.169191
2 4 0.115732 0.109328 0.364416 0.342893 0.067631
2 4 0.132858 0.181122 0.468719 0.130360 0.086941
2 4 0.184058 0.150749 0.294717 0.220014 0.150462
2 4 0.132462 0.131313 0.329419 0.223588 0.183218
2 4 0.025890 0.122261 0.720601 0.055358 0.075890
2 4 0.040748 0.112597 0.640791 0.113729 0.092135
4 4 0.246983 0.125828 0.121505 0.027667 0.478017
2 4 0.085701 0.215489 0.478917 0.029993 0.189900
2 4 0.034620 0.078895 0.539800 0.294110 0.052574
4 4 0.115017 0.169659 0.302054 0.036431 0.376839
3 4 0.070677 0.072350 0.289816 0.493676 0.073480
2 4 0.033871 0.147262 0.670387 0.040080 0.108399
2 4 0.129869 0.155426 0.376687 0.036985 0.301033
4 4 0.256585 0.083645 0.032122 0.004448 0.623200
3 4 0.171736 0.071583 0.329090 0.334146 0.093445
0 4 0.414846 0.237867 0.210638 0.011248 0.125400
2 4 0.184849 0.185283 0.389841 0.068586 0.171441
2 4 0.144628 0.194960 0.433325 0.106710 0.120377
0 1 0.538918 0.051927 0.019859 0.002836 0.386459
0 4 0.428066 0.177650 0.220220 0.054083 0.119981
2 4 0.054909 0.144284 0.546511 0.078384 0.175912
2 4 0.174105 0.166817 0.298918 0.120392 0.239768
2 4 0.047967 0.120676 0.625706 0.119773 0.085878
4 4 0.258756 0.137585 0.181542 0.097906 0.324211
3 4 0.133670 0.061730 0.219549 0.537787 0.047265
2 4 0.063191 0.126797 0.540849 0.155947 0.113216
2 4 0.043708 0.159229 0.556940 0.035592 0.204530
2 4 0.015418 0.092867 0.765807 0.072917 0.052990
2 4 0.032017 0.113677 0.661083 0.092009 0.101214
2 4 0.073144 0.140061 0.531790 0.122297 0.132707
2 4 0.058781 0.153564 0.569399 0.058441 0.159816
2 4 0.033702 0.123478 0.662141 0.068575 0.112104
2 4 0.060620 0.194888 0.574145 0.033821 0.136527
2 4 0.050852 0.127253 0.578344 0.098034 0.145517
2 4 0.043145 0.137590 0.621822 0.059710 0.137733
2 1 0.144818 0.172826 0.369030 0.027699 0.285627
4 1 0.229967 0.108264 0.052692 0.008745 0.600331
2 1 0.144832 0.199768 0.390720 0.069417 0.195264
2 2 0.057545 0.159470 0.448259 0.025045 0.309681
2 2 0.070457 0.164082 0.380696 0.027068 0.357696
2 2 0.091151 0.174728 0.389566 0.044296 0.300258
2 2 0.076618 0.184913 0.442585 0.023352 0.272531
2 1 0.125107 0.202046 0.409816 0.046267 0.216764
0 1 0.385198 0.104191 0.175412 0.232261 0.102938
2 1 0.208813 0.164107 0.449433 0.128892 0.048754
4 1 0.206262 0.228821 0.256391 0.031166 0.277361
2 1 0.194743 0.231099 0.439869 0.046181 0.088108
0 1 0.505184 0.127856 0.204385 0.100701 0.061874
3 2 0.127461 0.104167 0.350087 0.356204 0.062082
2 2 0.217301 0.147666 0.368368 0.189316 0.077348
0 2 0.304570 0.200095 0.291329 0.072220 0.131786
0 2 0.887646 0.018319 0.020488 0.060614 0.012932
0 2 0.428392 0.101782 0.056794 0.017339 0.395693
2 1 0.102641 0.103656 0.369232 0.280999 0.143472
4 1 0.137826 0.261250 0.271724 0.006234 0.322966
2 1 0.048880 0.156496 0.587766 0.045748 0.161109
2 2 0.065155 0.140080 0.552734 0.119803 0.122227
2 2 0.032305 0.134584 0.693304 0.061724 0.078083
2 2 0.054580 0.162719 0.567232 0.051244 0.164225
3 1 0.066464 0.065373 0.332613 0.468324 0.067227
2 1 0.131541 0.151845 0.538687 0.141026 0.036901
2 2 0.030872 0.119095 0.634030 0.057889 0.158115
4 2 0.120991 0.228888 0.281635 0.009548 0.358937
4 2 0.097268 0.124422 0.230271 0.030937 0.517102
2 2 0.136882 0.204701 0.384205 0.062541 0.211672
2 2 0.027976 0.126168 0.705898 0.054251 0.085708
2 2 0.051460 0.105769 0.499663 0.256604 0.086504
2 2 0.040357 0.123456 0.598983 0.059561 0.177644
2 3 0.050968 0.157178 0.499192 0.028730 0.263932
3 2 0.054367 0.051542 0.331597 0.508980 0.053514
2 2 0.211137 0.181106 0.311877 0.115337 0.180543
2 3 0.040103 0.136322 0.694627 0.091002 0.037946
4 2 0.306464 0.147886 0.137043 0.049497 0.359109
2 2 0.068150 0.209146 0.525116 0.021819 0.175769
2 2 0.044590 0.096134 0.557124 0.215408 0.086744
2 2 0.054164 0.089236 0.441925 0.349785 0.064890
2 2 0.038268 0.117637 0.614018 0.133535 0.096543
2 3 0.033608 0.062092 0.479510 0.373852 0.050937
2 2 0.193361 0.155540 0.281871 0.094622 0.274606
2 2 0.142520 0.115759 0.439911 0.257907 0.043903
2 2 0.019703 0.056817 0.552037 0.344433 0.027010
0 2 0.234498 0.133361 0.223058 0.174896 0.234188
2 2 0.106465 0.214535 0.435173 0.021633 0.222196
3 2 0.020910 0.034078 0.384496 0.546633 0.013884
2 2 0.053311 0.093824 0.557522 0.242646 0.052697
3 3 0.027533 0.024270 0.179374 0.753964 0.014860
4 2 0.218808 0.223374 0.253437 0.040145 0.264235
4 2 0.098912 0.185092 0.195429 0.004025 0.516542
2 2 0.053127 0.141650 0.480552 0.044807 0.279863
2 2 0.058614 0.189654 0.506991 0.016441 0.228300
2 2 0.081953 0.139062 0.484698 0.087808 0.206479
4 2 0.161614 0.184246 0.281126 0.032148 0.340866
2 2 0.156248 0.214972 0.359862 0.049381 0.219536
4 2 0.147369 0.196422 0.279451 0.027205 0.349553
2 2 0.111333 0.184411 0.460523 0.058177 0.185555
2 3 0.167655 0.170635 0.398850 0.080992 0.181869
2 3 0.210233 0.193667 0.406113 0.072458 0.117529
4 2 0.237474 0.168945 0.240264 0.063314 0.290003
2 3 0.111275 0.148878 0.356877 0.168255 0.214714
3 3 0.128538 0.088713 0.316583 0.398052 0.068113
2 3 0.209857 0.117962 0.332261 0.263081 0.076839
2 3 0.200720 0.209266 0.387991 0.075772 0.126252
2 3 0.164976 0.266235 0.321701 0.006614 0.240474
2 3 0.190272 0.122023 0.382144 0.253486 0.052076
2 3 0.201188 0.131112 0.404068 0.134583 0.129049
0 3 0.259127 0.187933 0.255008 0.086494 0.211438
2 3 0.269105 0.239906 0.366996 0.039286 0.084707
0 3 0.346090 0.224514 0.238131 0.027342 0.163923
2 3 0.188309 0.132292 0.347177 0.228687 0.103535
2 3 0.218811 0.177640 0.286068 0.058283 0.259198
0 3 0.376443 0.189007 0.216768 0.049143 0.168638
2 3 0.234389 0.192071 0.323993 0.084703 0.164844
3 3 0.246902 0.104864 0.225418 0.304934 0.117882
2 3 0.149351 0.187766 0.484008 0.101105 0.077771
2 3 0.143683 0.163276 0.389200 0.146340 0.157500
3 3 0.107308 0.085645 0.305216 0.414280 0.087551
2 3 0.200198 0.154436 0.307634 0.152284 0.185448
2 3 0.186519 0.153134 0.332841 0.187664 0.139842
3 3 0.142217 0.066641 0.224845 0.513776 0.052520
2 3 0.117650 0.115764 0.356232 0.310997 0.099357
2 3 0.210626 0.160879 0.326590 0.063668 0.238236
3 3 0.149442 0.109072 0.275202 0.357579 0.108705
2 3 0.116563 0.185214 0.454859 0.080689 0.162675
0 3 0.310261 0.167998 0.204083 0.081818 0.235840
2 3 0.250592 0.144242 0.283297 0.151839 0.170029
2 3 0.183030 0.188943 0.385347 0.057462 0.185218
3 3 0.027783 0.038321 0.249208 0.655814 0.028874
2 3 0.060290 0.089047 0.418677 0.387705 0.044281
2 3 0.113799 0.126076 0.456392 0.174671 0.129063
2 3 0.167326 0.180600 0.299424 0.070439 0.282212
2 3 0.122168 0.169298 0.391414 0.073947 0.243173
4 3 0.134547 0.224799 0.298840 0.014844 0.326970
4 3 0.172903 0.172808 0.235730 0.037755 0.380804
0 3 0.323210 0.144383 0.160057 0.051137 0.321213
2 3 0.046067 0.081983 0.544698 0.268756 0.058496
3 3 0.048205 0.031924 0.195186 0.705518 0.019167
2 3 0.104834 0.147384 0.437958 0.182837 0.126987
2 3 0.086528 0.132748 0.511075 0.176021 0.093627
2 3 0.140808 0.153138 0.389955 0.133831 0.182267
2 3 0.122508 0.100540 0.410052 0.277053 0.089847
2 3 0.109527 0.184139 0.561228 0.065281 0.079825
2 3 0.189550 0.154237 0.337760 0.203848 0.114604
2 3 0.046733 0.059891 0.470217 0.366267 0.056893
2 3 0.108373 0.219866 0.463041 0.044360 0.164359
2 3 0.081468 0.203389 0.510499 0.030485 0.174159
4 3 0.139034 0.157527 0.215621 0.032151 0.455668
2 3 0.234850 0.122533 0.301059 0.210917 0.130640
3 3 0.171300 0.091740 0.277500 0.381260 0.078201
2 3 0.130432 0.151235 0.400435 0.198573 0.119326
2 3 0.210756 0.195232 0.368649 0.076062 0.149302
4 3 0.110399 0.203735 0.240981 0.006546 0.438339
2 3 0.090352 0.186266 0.494721 0.048024 0.180637
2 3 0.157769 0.132031 0.307244 0.280742 0.122214
2 3 0.061985 0.152855 0.564245 0.120676 0.100239
3 3 0.106299 0.072714 0.344392 0.420557 0.056038
2 3 0.107241 0.160848 0.601205 0.066782 0.063923
2 3 0.134195 0.177521 0.476945 0.068207 0.143132
2 3 0.164454 0.179016 0.447020 0.128034 0.081476
3 3 0.079188 0.067995 0.294934 0.494332 0.063551
0 3 0.259271 0.128007 0.222736 0.213898 0.176088
2 3 0.089546 0.152011 0.516023 0.142710 0.099710
4 3 0.196579 0.233302 0.272514 0.023746 0.273858
2 3 0.123920 0.124175 0.375653 0.125083 0.251169
3 3 0.060608 0.053919 0.325780 0.504294 0.055399
2 3 0.170663 0.238936 0.374227 0.044619 0.171556
2 3 0.183299 0.158093 0.353406 0.081935 0.223267
2 3 0.131487 0.263510 0.489242 0.034563 0.081198
2 3 0.108991 0.080965 0.357057 0.350015 0.102972
2 3 0.083719 0.168847 0.591746 0.110766 0.044922
3 3 0.049011 0.059632 0.391885 0.425538 0.073934
2 3 0.235695 0.150318 0.324599 0.139949 0.149439
2 3 0.029417 0.104740 0.662355 0.121788 0.081700
2 3 0.091074 0.106148 0.357298 0.302394 0.143086
2 3 0.233504 0.191172 0.297034 0.060904 0.217386
2 3 0.145400 0.258364 0.399424 0.028248 0.168563
2 3 0.200865 0.207260 0.407963 0.036383 0.147529
2 3 0.133302 0.150187 0.502013 0.104589 0.109910
4 3 0.224850 0.180550 0.268232 0.040453 0.285915
2 3 0.084659 0.120946 0.449672 0.218069 0.126655
4 3 0.090650 0.150546 0.318000 0.031818 0.408986
3 3 0.248172 0.095131 0.239545 0.327884 0.089269
4 2 0.323160 0.104783 0.050269 0.009753 0.512035
2 3 0.252474 0.272692 0.373680 0.020227 0.080928
4 3 0.287790 0.185963 0.114889 0.009715 0.401643
2 3 0.216221 0.290025 0.383618 0.016881 0.093254
0 2 0.449520 0.131099 0.201132 0.127713 0.090537
3 2 0.245740 0.092632 0.265787 0.343559 0.052282
3 2 0.322871 0.055328 0.149250 0.433101 0.039450
3 3 0.037944 0.047061 0.312246 0.558361 0.044387
2 2 0.171952 0.156899 0.393163 0.192020 0.085966
2 3 0.087582 0.194584 0.530353 0.082362 0.105119
0 2 0.307420 0.127476 0.216788 0.177847 0.170469
3 2 0.049068 0.072099 0.402541 0.409933 0.066358
3 2 0.098760 0.089074 0.366976 0.368199 0.076990
3 2 0.171271 0.060768 0.201880 0.520544 0.045537
2 2 0.060525 0.092940 0.451978 0.349266 0.045290
2 2 0.086296 0.184833 0.631924 0.063851 0.033096
3 2 0.185451 0.092707 0.273535 0.350350 0.097957
3 2 0.042054 0.047726 0.294099 0.588769 0.027353
2 2 0.050020 0.074778 0.415789 0.410755 0.048658
2 2 0.109259 0.188248 0.431282 0.076770 0.194441
2 2 0.035043 0.047649 0.460901 0.384226 0.072180
2 2 0.078152 0.150356 0.596522 0.136760 0.038210
2 2 0.081661 0.096082 0.486373 0.307748 0.028136
2 4 0.123066 0.257343 0.415450 0.022816 0.181325
2 4 0.027261 0.110984 0.713728 0.092766 0.055261
2 4 0.107326 0.208589 0.477462 0.044864 0.161759
0 4 0.251207 0.155534 0.229436 0.145830 0.217993
4 4 0.156147 0.128216 0.198681 0.034747 0.482209
1 4 0.172954 0.342219 0.266004 0.003875 0.214947
2 4 0.035487 0.158387 0.559666 0.017572 0.228889
2 4 0.053154 0.177120 0.551064 0.028865 0.189797
0 4 0.365491 0.117680 0.146298 0.048079 0.322452
0 4 0.327233 0.197167 0.248796 0.059277 0.167527
2 4 0.116680 0.223186 0.521835 0.032754 0.105546
2 4 0.086204 0.210780 0.506101 0.031634 0.165281
4 4 0.117298 0.117487 0.071703 0.003152 0.690361
4 1 0.079083 0.117805 0.286678 0.037058 0.479376
2 4 0.244130 0.148003 0.320207 0.195242 0.092418
4 4 0.177481 0.195018 0.297661 0.028255 0.301584
4 4 0.112207 0.116332 0.069740 0.002684 0.699038
2 4 0.155216 0.189160 0.357004 0.098522 0.200097
2 4 0.079916 0.244842 0.456187 0.010300 0.208755
2 4 0.037929 0.157440 0.646308 0.038644 0.119679
2 4 0.093651 0.163787 0.450532 0.094461 0.197569
0 4 0.410256 0.102906 0.166155 0.216095 0.104588
0 4 0.376190 0.152135 0.229622 0.089085 0.152968
4 4 0.218892 0.249453 0.191059 0.010217 0.330380
2 4 0.039947 0.146351 0.606106 0.048252 0.159343
2 4 0.025501 0.132293 0.694167 0.034296 0.113743
4 4 0.107315 0.203963 0.312647 0.008446 0.367629
2 4 0.047895 0.121064 0.469928 0.084339 0.276773
4 4 0.065425 0.142778 0.301143 0.020274 0.470379
2 4 0.072037 0.188292 0.450462 0.021878 0.267331
2 4 0.198451 0.137586 0.397049 0.177233 0.089680
4 4 0.275048 0.099201 0.069287 0.010845 0.545619
2 4 0.112066 0.165884 0.517140 0.145918 0.058992
4 4 0.095190 0.134778 0.151456 0.008336 0.610240
2 4 0.051835 0.137162 0.544093 0.111443 0.155468
2 4 0.154754 0.197784 0.410469 0.097925 0.139067
2 4 0.119891 0.125359 0.446992 0.203928 0.103830
3 4 0.103983 0.103854 0.342799 0.371177 0.078187
2 4 0.051744 0.150051 0.698458 0.057689 0.042057
2 4 0.066351 0.174199 0.439382 0.033066 0.287003
2 4 0.065392 0.142562 0.597771 0.099337 0.094938
0 4 0.307219 0.116908 0.207798 0.247307 0.120768
2 4 0.176847 0.137747 0.249907 0.191348 0.244152
0 4 0.273816 0.202627 0.227232 0.037974 0.258351
2 4 0.159265 0.084669 0.345066 0.293382 0.117618
0 4 0.619046 0.064574 0.093434 0.166616 0.056331
0 4 0.877703 0.020445 0.022945 0.063945 0.014962
0 4 0.269658 0.136946 0.202970 0.152892 0.237534
2 4 0.082203 0.172039 0.497756 0.051997 0.196005
2 4 0.219021 0.221920 0.335463 0.049175 0.174421
2 4 0.067808 0.141608 0.592025 0.154473 0.044087
2 4 0.075758 0.155961 0.534004 0.052153 0.182125
0 4 0.428029 0.109904 0.096355 0.049480 0.316233
0 4 0.494475 0.050350 0.108130 0.311030 0.036015
0 4 0.577994 0.052490 0.014893 0.002964 0.351659
2 4 0.073012 0.167641 0.533745 0.117693 0.107909
2 4 0.149240 0.130156 0.333118 0.110994 0.276492
2 4 0.048774 0.154903 0.648171 0.047913 0.100238
2 4 0.043232 0.057494 0.417470 0.402882 0.078922
2 4 0.070091 0.127414 0.457358 0.121607 0.223530
2 4 0.114954 0.202919 0.411231 0.048275 0.222621
3 4 0.019812 0.035082 0.300690 0.615238 0.029178
2 4 0.040670 0.151504 0.669537 0.062956 0.075332
2 4 0.047727 0.181469 0.606782 0.026981 0.137042
2 4 0.020443 0.110997 0.754672 0.061991 0.051897
2 4 0.042949 0.120488 0.655341 0.090632 0.090590
2 4 0.038228 0.105400 0.585375 0.164748 0.106249
2 4 0.084850 0.125994 0.441350 0.256529 0.091276
2 4 0.038310 0.123206 0.674484 0.106964 0.057036
2 4 0.047697 0.084725 0.552920 0.287167 0.027491
2 4 0.053871 0.153059 0.574043 0.081616 0.137410
2 4 0.040059 0.161777 0.613390 0.028331 0.156442
2 4 0.035081 0.156490 0.615649 0.021531 0.171249
2 4 0.039538 0.154299 0.687873 0.039723 0.078567
2 4 0.065918 0.180754 0.639337 0.054513 0.059479
2 4 0.034142 0.078057 0.544677 0.247508 0.095615
2 4 0.052105 0.152966 0.486347 0.040338 0.268244
2 4 0.042790 0.094238 0.601585 0.211405 0.049982
2 4 0.073997 0.142234 0.615002 0.087063 0.081704
3 4 0.054649 0.060896 0.324364 0.524015 0.036076
2 4 0.034003 0.114319 0.634683 0.099319 0.117675
2 4 0.018308 0.086298 0.726147 0.127005 0.042242
0 4 0.371490 0.217297 0.116773 0.004239 0.290202
2 2 0.131049 0.222261 0.445876 0.041387 0.159428
2 2 0.162226 0.106216 0.321102 0.120443 0.290012
4 2 0.140954 0.119760 0.313336 0.098593 0.327357
4 2 0.119954 0.148421 0.319467 0.058149 0.354009
2 2 0.066251 0.157554 0.504041 0.052375 0.219778
2 2 0.059992 0.152547 0.590613 0.110974 0.085874
2 2 0.073617 0.203811 0.528195 0.031942 0.162436
2 2 0.028083 0.094877 0.667041 0.158612 0.051386
2 2 0.120689 0.243872 0.371060 0.010308 0.254072
2 2 0.188033 0.095749 0.325799 0.314907 0.075512
4 2 0.210693 0.190132 0.184895 0.026191 0.388089
2 2 0.062370 0.144632 0.525157 0.110403 0.157438
2 2 0.062239 0.138321 0.559961 0.058026 0.181454
0 2 0.314898 0.133403 0.292409 0.182985 0.076305
2 2 0.085892 0.213468 0.411223 0.017895 0.271523
2 2 0.142596 0.171393 0.420602 0.072172 0.193236
4 2 0.231484 0.166190 0.213851 0.099633 0.288842
2 2 0.095170 0.206620 0.468565 0.049569 0.180075
2 2 0.030484 0.135933 0.696755 0.046158 0.090669
2 2 0.025434 0.085601 0.634105 0.178283 0.076577
2 2 0.076404 0.180262 0.507637 0.052457 0.183241
2 2 0.070216 0.171633 0.478699 0.045319 0.234133
2 2 0.061582 0.169643 0.477122 0.034189 0.257464
2 2 0.050681 0.138084 0.624637 0.088725 0.097873
2 2 0.042441 0.170638 0.569967 0.019612 0.197342
2 2 0.076346 0.097897 0.448915 0.177805 0.199037
3 2 0.112607 0.070882 0.306242 0.475035 0.035234
2 2 0.056984 0.100648 0.606456 0.188498 0.047414
2 2 0.136934 0.178042 0.348155 0.077380 0.259489
4 2 0.203223 0.146276 0.168464 0.061913 0.420124
2 2 0.109369 0.170822 0.424219 0.062923 0.232667
2 2 0.087870 0.153033 0.544103 0.135368 0.079626
2 2 0.101495 0.201350 0.537150 0.056132 0.103874
2 2 0.070008 0.116741 0.486995 0.199361 0.126895
0 2 0.336252 0.112221 0.195349 0.242221 0.113956
0 2 0.369518 0.173587 0.274323 0.090833 0.091740
4 2 0.279687 0.182360 0.184322 0.041847 0.311784
2 2 0.081416 0.184680 0.617684 0.073901 0.042318
2 2 0.156951 0.210586 0.470553 0.072293 0.089617
2 2 0.067199 0.173046 0.625057 0.070547 0.064151
2 2 0.021191 0.062032 0.574803 0.311789 0.030186
0 2 0.363265 0.107807 0.184195 0.236925 0.107808
2 2 0.075277 0.108236 0.476499 0.291266 0.048721
2 4 0.040288 0.099126 0.599034 0.167281 0.094271
0 2 0.416177 0.073446 0.148314 0.301341 0.060721
4 2 0.264846 0.137856 0.107067 0.034073 0.456158
3 2 0.142459 0.078988 0.358693 0.393562 0.026297
3 2 0.178182 0.075799 0.224024 0.459524 0.062470
2 2 0.304436 0.183397 0.381378 0.077972 0.052817
4 2 0.231203 0.140545 0.194095 0.031237 0.402920
4 2 0.146337 0.174534 0.254774 0.033953 0.390402
2 2 0.093878 0.217419 0.542745 0.037437 0.108522
2 2 0.076859 0.135063 0.497466 0.130084 0.160528
2 2 0.110088 0.123438 0.384949 0.193764 0.187760
2 2 0.091702 0.161913 0.525147 0.086673 0.134565
2 2 0.108697 0.167455 0.503913 0.124146 0.095789
2 2 0.111105 0.217832 0.474232 0.047534 0.149298
2 2 0.168651 0.170582 0.303911 0.100828 0.256029
3 2 0.097039 0.068107 0.338170 0.449685 0.046999
2 2 0.104726 0.152481 0.548557 0.068752 0.125484
0 2 0.258534 0.125547 0.233330 0.156014 0.226576
2 2 0.096156 0.153783 0.473555 0.181615 0.094890
0 2 0.374379 0.172859 0.259080 0.080824 0.112857
0 2 0.321668 0.114584 0.201539 0.244859 0.117350
2 2 0.187434 0.103251 0.346336 0.291048 0.071931
3 3 0.192168 0.114892 0.295617 0.310468 0.086856
2 2 0.210459 0.169277 0.314434 0.160370 0.145460
2 3 0.082616 0.249047 0.433784 0.009739 0.224815
2 3 0.049972 0.151586 0.616026 0.058409 0.124007
4 3 0.256896 0.171221 0.228774 0.073379 0.269730
2 3 0.103584 0.142112 0.470271 0.195310 0.088723
4 3 0.162429 0.239026 0.243131 0.011914 0.343500
2 2 0.064330 0.124160 0.486830 0.127134 0.197546
2 2 0.064925 0.176018 0.594060 0.091984 0.073014
2 2 0.178638 0.176557 0.452720 0.118205 0.073880
2 2 0.244446 0.207282 0.303403 0.051206 0.193663
2 2 0.100585 0.192928 0.466163 0.068050 0.172275
2 2 0.133643 0.176135 0.533905 0.091650 0.064667
2 2 0.035791 0.094725 0.681324 0.129104 0.059056
2 2 0.111693 0.231786 0.368380 0.018418 0.269723
2 2 0.062848 0.202480 0.560085 0.023509 0.151078
2 2 0.039038 0.130027 0.619621 0.084183 0.127131
2 2 0.034340 0.095884 0.687694 0.135035 0.047048
2 2 0.046203 0.086405 0.470955 0.361740 0.034697
2 2 0.046492 0.140413 0.531058 0.050712 0.231325
2 2 0.076993 0.200843 0.459274 0.020827 0.242063
0 1 0.747623 0.042401 0.055687 0.120131 0.034158
0 2 0.575465 0.148975 0.196477 0.034938 0.044146
2 2 0.126732 0.164396 0.585126 0.079330 0.044416
0 2 0.360589 0.125152 0.181097 0.170046 0.163117
2 2 0.117339 0.187092 0.397887 0.056354 0.241328
2 2 0.024752 0.116499 0.723875 0.078932 0.055943
2 2 0.050119 0.131255 0.526790 0.077671 0.214166
2 2 0.037896 0.153988 0.657200 0.041637 0.109278
2 2 0.050162 0.161319 0.535079 0.036389 0.217052
2 2 0.055617 0.113818 0.556875 0.102835 0.170854
2 2 0.048981 0.128169 0.564624 0.097116 0.161110
3 2 0.048665 0.073501 0.353782 0.439297 0.084755
2 2 0.080442 0.202805 0.416111 0.017958 0.282685
2 2 0.010489 0.038941 0.503147 0.426331 0.021093
2 2 0.143054 0.223921 0.345470 0.028419 0.259136
2 2 0.055934 0.169429 0.484188 0.025559 0.264889
2 2 0.063398 0.144191 0.536544 0.072698 0.183168
4 2 0.057876 0.110185 0.356632 0.099910 0.375396
2 2 0.114412 0.136130 0.325222 0.119725 0.304511
4 2 0.118578 0.198507 0.158132 0.002880 0.521903
2 2 0.111189 0.205938 0.383710 0.033497 0.265666
2 2 0.138755 0.120889 0.366313 0.248378 0.125665
2 2 0.091432 0.111139 0.433703 0.311449 0.052277
4 2 0.111978 0.163166 0.222635 0.014065 0.488157
4 2 0.098388 0.171484 0.280965 0.014115 0.435048
2 2 0.088452 0.139514 0.379433 0.082547 0.310054
2 2 0.071112 0.173909 0.470837 0.025157 0.258985
2 2 0.093069 0.222269 0.451570 0.023101 0.209991
2 2 0.059407 0.147748 0.567289 0.079653 0.145904
2 2 0.082926 0.117027 0.430862 0.198747 0.170439
2 2 0.059701 0.148837 0.505271 0.051636 0.234556
2 3 0.095235 0.164793 0.506027 0.066852 0.167093
2 3 0.090417 0.115038 0.388975 0.328933 0.076636
2 3 0.119503 0.115612 0.317711 0.264943 0.182231
2 3 0.127800 0.148485 0.326165 0.123790 0.273761
2 3 0.059250 0.092721 0.462538 0.211133 0.174358
0 3 0.374090 0.106026 0.179831 0.234662 0.105391
3 2 0.113798 0.083665 0.268091 0.460162 0.074284
4 2 0.125675 0.236544 0.287558 0.008389 0.341835
4 2 0.221818 0.202174 0.231124 0.018316 0.326568
2 2 0.166855 0.166544 0.433880 0.117846 0.114876
4 2 0.198530 0.144292 0.163959 0.036719 0.456500
4 2 0.124881 0.201471 0.274303 0.014137 0.385208
2 2 0.134810 0.173919 0.404624 0.105749 0.180897
2 2 0.124309 0.265603 0.481278 0.025472 0.103337
3 2 0.137880 0.072797 0.241446 0.487085 0.060792
2 2 0.280038 0.183286 0.318811 0.071832 0.146033
0 2 0.319807 0.183692 0.253316 0.049704 0.193481
0 2 0.357398 0.181507 0.187567 0.045954 0.227574
2 2 0.207833 0.123629 0.323718 0.263461 0.081360
2 2 0.213740 0.166358 0.389463 0.153036 0.077404
3 2 0.183816 0.082132 0.250880 0.425509 0.057663
2 2 0.269248 0.221183 0.320600 0.049830 0.139138
2 2 0.221237 0.187040 0.465439 0.080916 0.045369
0 2 0.327787 0.124564 0.252476 0.211434 0.083739
0 2 0.280946 0.108964 0.236563 0.280886 0.092642
0 2 0.417732 0.126390 0.204175 0.157716 0.093988
3 2 0.123518 0.083970 0.262851 0.453939 0.075722
2 2 0.249840 0.134186 0.266981 0.196443 0.152548
2 2 0.175614 0.187900 0.414976 0.081375 0.140135
0 2 0.292156 0.190658 0.216326 0.031513 0.269347
0 2 0.370940 0.174913 0.253689 0.083570 0.116888
3 2 0.168017 0.090280 0.310621 0.352907 0.078176
2 2 0.131752 0.139048 0.367490 0.251291 0.110419
0 2 0.449562 0.167748 0.243218 0.064461 0.075012
2 3 0.084044 0.076072 0.463522 0.359131 0.017231
2 2 0.176917 0.103968 0.295990 0.270764 0.152361
3 2 0.055954 0.026644 0.162349 0.739280 0.015772
2 3 0.317130 0.140146 0.325886 0.160752 0.056087
3 3 0.225756 0.041730 0.146593 0.559361 0.026560
0 2 0.336853 0.225728 0.336697 0.035008 0.065714
3 2 0.093857 0.056419 0.291240 0.534255 0.024230
2 2 0.326077 0.169351 0.344107 0.100182 0.060283
2 3 0.105893 0.168292 0.577614 0.108122 0.040079
0 2 0.587011 0.070075 0.103592 0.177106 0.062216
2 2 0.207529 0.258315 0.354230 0.033698 0.146227
0 2 0.456452 0.118345 0.104763 0.058015 0.262426
2 2 0.031212 0.092578 0.685331 0.129582 0.061296
4 2 0.086617 0.155675 0.255665 0.015750 0.486293
2 2 0.069505 0.184601 0.533142 0.028447 0.184304
3 2 0.136523 0.093354 0.330874 0.359830 0.079419
2 2 0.045390 0.094884 0.629464 0.204115 0.026148
2 2 0.084053 0.120051 0.480725 0.204443 0.110729
2 2 0.052773 0.119576 0.586536 0.166333 0.074783
2 2 0.043779 0.166867 0.664283 0.052194 0.072877
2 2 0.063791 0.211221 0.555930 0.019670 0.149388
2 2 0.041161 0.100603 0.643439 0.184101 0.030696
2 3 0.043687 0.182750 0.662158 0.032696 0.078708
2 2 0.058795 0.096889 0.488727 0.239560 0.116029
2 2 0.041375 0.122364 0.625558 0.100313 0.110389
2 2 0.038009 0.136656 0.581045 0.028001 0.216288
2 2 0.071345 0.150767 0.526114 0.074831 0.176943
2 2 0.060747 0.160810 0.607813 0.087291 0.083338
2 4 0.087497 0.185836 0.413982 0.038153 0.274532
2 4 0.060261 0.188930 0.491876 0.019278 0.239655
2 4 0.059898 0.158455 0.521821 0.053634 0.206192
2 4 0.069788 0.136634 0.576408 0.176988 0.040182
4 4 0.078467 0.176797 0.280703 0.007813 0.456220
2 4 0.110747 0.180509 0.503682 0.122978 0.082083
2 1 0.197925 0.139201 0.285261 0.130626 0.246987
2 4 0.289665 0.172386 0.362092 0.103641 0.072216
4 4 0.082096 0.211372 0.292298 0.005273 0.408961
2 4 0.049476 0.159589 0.531573 0.031259 0.228103
2 4 0.055060 0.110069 0.467261 0.270417 0.097194
2 4 0.067835 0.207640 0.468421 0.014813 0.241292
4 4 0.049531 0.152642 0.384042 0.011696 0.402088
4 4 0.304958 0.110793 0.060591 0.014340 0.509318
4 4 0.079940 0.166120 0.341256 0.023176 0.389508
4 4 0.126492 0.120384 0.261682 0.042338 0.449104
2 4 0.166939 0.179096 0.413075 0.124437 0.116454
4 4 0.078142 0.176239 0.352459 0.014295 0.378865
2 4 0.117057 0.248526 0.402835 0.021573 0.210008
2 4 0.058349 0.163330 0.458229 0.035645 0.284447
2 4 0.063040 0.169454 0.521154 0.065414 0.180938
0 4 0.252245 0.122533 0.235471 0.181613 0.208138
0 4 0.369345 0.098454 0.194883 0.250291 0.087026
2 4 0.046255 0.125148 0.613382 0.154663 0.060552
2 4 0.085591 0.203470 0.395090 0.019507 0.296342
4 4 0.151233 0.135938 0.231403 0.068948 0.412478
4 4 0.168072 0.154210 0.163846 0.039546 0.474327
2 4 0.193118 0.221619 0.290822 0.049259 0.245182
0 4 0.729144 0.045591 0.060814 0.127251 0.037200
2 4 0.217328 0.115990 0.383927 0.244180 0.038576
2 4 0.040745 0.176048 0.587202 0.018091 0.177914
2 4 0.037168 0.143720 0.616384 0.045668 0.157061
4 4 0.269205 0.129702 0.158258 0.043598 0.399237
0 4 0.672025 0.055449 0.077297 0.148316 0.046912
0 4 0.322372 0.115118 0.201319 0.242326 0.118865
2 4 0.057179 0.206325 0.589356 0.028594 0.118546
2 4 0.035554 0.138785 0.678535 0.060830 0.086296
2 4 0.067083 0.194007 0.488449 0.022468 0.227993
2 4 0.025878 0.172710 0.720861 0.014423 0.066128
2 4 0.026353 0.138564 0.680292 0.032350 0.122441
2 4 0.033420 0.160755 0.653147 0.021476 0.131202
4 4 0.132189 0.135061 0.252414 0.094897 0.385439
4 4 0.212069 0.128953 0.267352 0.115031 0.276594
0 4 0.588370 0.071304 0.031464 0.009925 0.298936
4 4 0.331278 0.114447 0.067656 0.018329 0.468290
0 4 0.336421 0.100470 0.236634 0.187912 0.138563
4 4 0.341354 0.146786 0.118648 0.027273 0.365940
2 4 0.055165 0.205426 0.537622 0.015915 0.185872
2 4 0.066440 0.148973 0.423832 0.065965 0.294790
2 4 0.067620 0.196291 0.454834 0.011658 0.269597
2 4 0.044833 0.145999 0.534427 0.044133 0.230608
3 4 0.145652 0.103092 0.323879 0.344524 0.082852
2 1 0.037725 0.081287 0.529040 0.287771 0.064177
0 1 0.390704 0.170512 0.210347 0.069808 0.158629
2 1 0.214655 0.191598 0.372568 0.068627 0.152552
2 1 0.031259 0.131074 0.739213 0.061413 0.037042
2 1 0.106044 0.154883 0.524709 0.155083 0.059281
2 1 0.136626 0.269433 0.515206 0.023138 0.055596
2 1 0.111931 0.145291 0.506355 0.170699 0.065724
2 1 0.148076 0.199269 0.389956 0.039925 0.222775
2 1 0.103665 0.116451 0.399471 0.306915 0.073498
2 1 0.073527 0.220309 0.616921 0.027841 0.061401
2 1 0.023232 0.115080 0.737048 0.065789 0.058851
2 1 0.015304 0.107364 0.798857 0.046457 0.032017
4 1 0.101106 0.106305 0.331976 0.035266 0.425348
2 1 0.163437 0.176236 0.456876 0.120938 0.082513
2 1 0.036293 0.137015 0.720993 0.065627 0.040073
2 1 0.054533 0.137615 0.639997 0.127302 0.040553
2 2 0.066515 0.124130 0.638944 0.141108 0.029302
2 1 0.051947 0.093434 0.636719 0.194393 0.023507
2 2 0.083530 0.163698 0.471543 0.051048 0.230180
2 2 0.042624 0.069069 0.469435 0.382356 0.036516
2 2 0.027912 0.098354 0.694082 0.124218 0.055434
2 2 0.017406 0.075814 0.685649 0.157198 0.063934
2 2 0.033781 0.126317 0.651757 0.052812 0.135333
2 2 0.159557 0.108136 0.404060 0.289921 0.038326
3 2 0.021399 0.018393 0.170303 0.781222 0.008683
3 2 0.152592 0.077538 0.284981 0.425236 0.059652
0 2 0.255159 0.145225 0.222847 0.172077 0.204691
2 2 0.288544 0.162450 0.339774 0.133484 0.075749
0 2 0.396395 0.150972 0.297455 0.102196 0.052983
2 2 0.314664 0.143023 0.318218 0.161042 0.063054
0 2 0.383426 0.142278 0.293569 0.126112 0.054615
0 2 0.313197 0.163969 0.172687 0.048579 0.301567
0 1 0.406510 0.068181 0.146631 0.314661 0.064018
0 1 0.502077 0.151896 0.218859 0.063790 0.063378
0 2 0.379217 0.157348 0.224044 0.094327 0.145064
2 2 0.061749 0.108038 0.616003 0.172328 0.041883
3 1 0.057701 0.065837 0.402631 0.422944 0.050888
0 2 0.371765 0.116468 0.255537 0.198143 0.058087
2 1 0.035868 0.051330 0.442880 0.431531 0.038390
0 0 0.776226 0.037463 0.047957 0.108803 0.029551
0 1 0.901475 0.015966 0.017427 0.054083 0.011048
2 1 0.113494 0.234995 0.346692 0.015262 0.289557
2 1 0.031610 0.133242 0.654970 0.051422 0.128757
2 2 0.026060 0.120389 0.687909 0.057148 0.108493
2 2 0.021345 0.088361 0.675906 0.130037 0.084351
2 2 0.034050 0.149582 0.692023 0.033545 0.090799
2 2 0.044756 0.170536 0.564327 0.026515 0.193866
2 2 0.029168 0.128956 0.699121 0.060682 0.082074
2 2 0.051386 0.173651 0.549980 0.030399 0.194583
2 2 0.024489 0.104840 0.686071 0.101382 0.083218
2 2 0.042757 0.139412 0.549130 0.050467 0.218234
2 2 0.019329 0.081508 0.656970 0.160894 0.081299
2 2 0.063573 0.157218 0.401761 0.032546 0.344903
2 2 0.053362 0.171543 0.583680 0.043413 0.148002
2 2 0.042846 0.114163 0.559820 0.112331 0.170841
2 2 0.038307 0.092488 0.607997 0.185878 0.075330
2 2 0.061854 0.159403 0.518520 0.059264 0.200959
2 2 0.041298 0.149243 0.661163 0.063375 0.084920
2 2 0.021003 0.091719 0.655772 0.113006 0.118500
2 2 0.033744 0.120039 0.599546 0.075500 0.171170
2 2 0.041222 0.144116 0.616201 0.049391 0.149069
2 2 0.064392 0.161359 0.464413 0.031735 0.278100
2 2 0.043825 0.141680 0.534241 0.048026 0.232228
2 2 0.039722 0.150765 0.582324 0.046638 0.180552
2 2 0.050717 0.142207 0.464072 0.046214 0.296790
2 2 0.038751 0.141434 0.600884 0.045134 0.173797
2 2 0.045793 0.125826 0.577830 0.085694 0.164857
2 2 0.054930 0.149085 0.570265 0.057440 0.168279
4 2 0.064306 0.151803 0.214300 0.003524 0.566066
2 2 0.049243 0.182714 0.498122 0.012407 0.257514
2 2 0.109632 0.245442 0.372513 0.011973 0.260441
4 2 0.109678 0.189424 0.186036 0.004324 0.510537
4 2 0.126206 0.255093 0.300537 0.007031 0.311133
4 2 0.115928 0.230364 0.292837 0.007759 0.353112
4 2 0.118342 0.251477 0.272326 0.004673 0.353182
2 2 0.055925 0.180294 0.604455 0.041433 0.117893
4 2 0.105251 0.192453 0.196315 0.004145 0.501837
4 2 0.082398 0.134997 0.324933 0.058301 0.399371
2 2 0.037491 0.146683 0.666286 0.051206 0.098333
2 2 0.046794 0.119630 0.593939 0.110854 0.128783
2 2 0.111537 0.318087 0.369817 0.003618 0.196942
2 2 0.085926 0.234959 0.389970 0.008703 0.280443
2 2 0.176552 0.190198 0.403016 0.072620 0.157614
2 2 0.067355 0.186840 0.585036 0.042306 0.118463
