2 1 0.098131 0.090585 0.321589 0.224755 0.264940
2 1 0.150230 0.107928 0.524787 0.128070 0.088985
3 1 0.189317 0.045937 0.152016 0.567333 0.045397
0 0 0.396294 0.108300 0.157905 0.226493 0.111009
0 0 0.495322 0.095467 0.123786 0.186630 0.098795
2 1 0.075334 0.098966 0.446845 0.297542 0.081313
2 1 0.087438 0.116983 0.391390 0.100291 0.303897
2 1 0.059791 0.170985 0.426990 0.020876 0.321358
2 1 0.058362 0.152738 0.475391 0.021454 0.292055
2 1 0.049345 0.147565 0.501954 0.036914 0.264222
4 1 0.272367 0.112102 0.113148 0.043634 0.458749
2 1 0.100192 0.175612 0.420309 0.068440 0.235447
2 1 0.039649 0.110722 0.548623 0.044356 0.256650
4 1 0.178637 0.132408 0.253154 0.098608 0.337192
2 1 0.120566 0.119418 0.427916 0.083862 0.248238
4 1 0.142417 0.117995 0.188583 0.071971 0.479034
2 1 0.034436 0.164317 0.603927 0.014621 0.182698
2 1 0.064208 0.164822 0.428174 0.014387 0.328409
2 1 0.037277 0.148241 0.705657 0.042710 0.066115
2 1 0.039495 0.147659 0.560617 0.023831 0.228398
2 1 0.037823 0.130828 0.609567 0.046963 0.174818
2 1 0.048891 0.110616 0.525990 0.072609 0.241894
2 1 0.040365 0.137794 0.528835 0.025616 0.267391
4 1 0.099477 0.089856 0.265392 0.123068 0.422207
2 1 0.072579 0.183980 0.546959 0.039356 0.157125
2 1 0.040443 0.125269 0.564119 0.055777 0.214393
2 1 0.063589 0.152663 0.479870 0.035094 0.268783
2 1 0.034419 0.133609 0.678988 0.037192 0.115793
2 1 0.042073 0.068108 0.575134 0.255950 0.058736
2 1 0.130195 0.269450 0.326982 0.028626 0.244747
2 1 0.117835 0.171685 0.353028 0.040543 0.316909
2 1 0.086013 0.134448 0.533349 0.126404 0.119785
2 1 0.073180 0.124879 0.544982 0.138867 0.118091
2 1 0.055005 0.090977 0.452538 0.314117 0.087364
3 1 0.053474 0.058115 0.408345 0.437931 0.042135
0 1 0.321317 0.259285 0.293727 0.037159 0.088512
0 2 0.471185 0.103559 0.111368 0.100989 0.212898
0 2 0.827192 0.039463 0.032008 0.058906 0.042431
0 2 0.396053 0.138843 0.247766 0.145819 0.071518
0 2 0.320181 0.140579 0.285848 0.161025 0.092366
0 2 0.296572 0.113034 0.215602 0.196001 0.178791
2 2 0.116137 0.197375 0.533166 0.054211 0.099112
3 2 0.045706 0.014090 0.103853 0.822970 0.013380
3 2 0.019597 0.031096 0.336345 0.595583 0.017379
2 2 0.078495 0.068987 0.408203 0.392892 0.051422
0 2 0.580442 0.053774 0.084090 0.226044 0.055649
0 2 0.322182 0.125390 0.177426 0.176567 0.198435
3 2 0.223069 0.093537 0.300696 0.302164 0.080534
2 2 0.139353 0.166334 0.447363 0.176008 0.070941
0 2 0.401276 0.120882 0.154453 0.122702 0.200687
2 2 0.044700 0.077338 0.610845 0.181324 0.085792
2 2 0.107285 0.107972 0.465550 0.254315 0.064877
3 2 0.081595 0.065666 0.357596 0.449444 0.045698
2 2 0.120523 0.197001 0.427117 0.107247 0.148111
2 2 0.056755 0.067027 0.442926 0.380923 0.052369
2 2 0.101981 0.118726 0.524937 0.152365 0.101991
2 2 0.138404 0.126965 0.460134 0.169635 0.104862
2 2 0.100229 0.124067 0.513976 0.191152 0.070575
2 2 0.194627 0.128734 0.434713 0.092162 0.149764
2 2 0.274031 0.157075 0.283019 0.173290 0.112584
2 2 0.072363 0.085484 0.450111 0.338169 0.053873
2 2 0.143289 0.130079 0.403530 0.123380 0.199722
3 2 0.143386 0.061709 0.302946 0.442683 0.049275
0 2 0.356597 0.083745 0.111829 0.094881 0.352948
2 2 0.239668 0.115700 0.291962 0.241321 0.111350
2 2 0.097302 0.117763 0.496886 0.164264 0.123785
2 2 0.161438 0.202903 0.407610 0.094919 0.133130
2 2 0.142721 0.145039 0.351824 0.126705 0.233711
2 2 0.033977 0.090909 0.621353 0.193498 0.060263
2 2 0.039500 0.047891 0.488201 0.392902 0.031505
2 2 0.030513 0.069554 0.569454 0.297026 0.033454
2 2 0.279431 0.160464 0.294705 0.132853 0.132547
2 2 0.095310 0.129847 0.399953 0.294890 0.080001
0 2 0.433797 0.089261 0.138749 0.246663 0.091530
2 2 0.163938 0.085594 0.420930 0.264893 0.064645
0 2 0.551638 0.114537 0.144984 0.056853 0.131988
3 0 0.059912 0.018457 0.117028 0.786953 0.017650
0 0 0.583381 0.073026 0.086341 0.119260 0.137992
4 0 0.293012 0.069732 0.048392 0.016212 0.572652
0 0 0.516442 0.132195 0.150074 0.103459 0.097831
0 0 0.721721 0.059320 0.057763 0.098359 0.062838
3 0 0.038574 0.013466 0.104990 0.830233 0.012736
0 0 0.634060 0.066280 0.084141 0.151461 0.064057
4 0 0.163110 0.083734 0.056123 0.007282 0.689751
2 1 0.058314 0.118358 0.545951 0.142217 0.135160
4 1 0.077937 0.139445 0.339732 0.013736 0.429150
2 1 0.052183 0.174908 0.484315 0.020866 0.267727
2 1 0.042211 0.139615 0.602656 0.029856 0.185662
2 1 0.046801 0.156320 0.468547 0.022877 0.305455
2 1 0.035331 0.127339 0.588353 0.023530 0.225447
2 1 0.041125 0.130631 0.524660 0.026806 0.276779
4 1 0.055525 0.137691 0.271572 0.005706 0.529507
2 1 0.055478 0.160517 0.439415 0.011804 0.332785
2 1 0.053657 0.191172 0.433367 0.005788 0.316016
2 1 0.042808 0.122499 0.414217 0.015710 0.404766
4 1 0.046501 0.120576 0.379353 0.015671 0.437900
2 4 0.070849 0.126503 0.410524 0.060573 0.331551
4 4 0.057265 0.152479 0.322227 0.010058 0.457972
4 4 0.060861 0.105150 0.378473 0.055082 0.400434
2 4 0.064927 0.108530 0.546609 0.149783 0.130151
2 4 0.104550 0.216422 0.337441 0.041615 0.299972
0 4 0.247010 0.122317 0.240071 0.166663 0.223939
4 4 0.229506 0.126111 0.258120 0.085397 0.300867
2 4 0.277889 0.147644 0.288005 0.037231 0.249231
4 4 0.189395 0.139189 0.157490 0.019261 0.494665
2 4 0.032676 0.071974 0.727197 0.113755 0.054399
0 4 0.299975 0.128797 0.224765 0.141864 0.204600
0 4 0.403202 0.123782 0.161606 0.115902 0.195509
4 4 0.240937 0.153517 0.161014 0.039450 0.405082
2 4 0.057892 0.142836 0.617849 0.073330 0.108093
4 4 0.151527 0.110316 0.250842 0.165313 0.322002
2 4 0.113459 0.167636 0.402673 0.062522 0.253710
2 4 0.076066 0.193734 0.534628 0.024200 0.171372
2 4 0.064315 0.188054 0.493380 0.023906 0.230346
2 4 0.077048 0.094155 0.429952 0.090308 0.308537
2 4 0.251284 0.164568 0.310524 0.097436 0.176188
0 4 0.293886 0.191989 0.285393 0.117962 0.110771
2 4 0.038482 0.145024 0.648575 0.088195 0.079724
2 4 0.074149 0.134226 0.504807 0.083051 0.203766
2 4 0.069829 0.150402 0.513502 0.050757 0.215510
2 4 0.035821 0.107804 0.673958 0.068514 0.113904
2 4 0.054937 0.158102 0.474147 0.054182 0.258632
2 4 0.060038 0.155518 0.610074 0.027818 0.146553
2 4 0.164503 0.118117 0.347814 0.084118 0.285447
0 4 0.281306 0.204158 0.228323 0.042480 0.243734
4 4 0.297848 0.117517 0.163904 0.070671 0.350061
2 4 0.064041 0.043863 0.532774 0.334213 0.025108
0 4 0.502076 0.094519 0.121591 0.183937 0.097877
3 4 0.118588 0.029370 0.132868 0.690573 0.028601
4 4 0.437165 0.057618 0.033291 0.012535 0.459392
2 4 0.074710 0.112517 0.554764 0.195033 0.062977
2 4 0.062634 0.137769 0.631039 0.086606 0.081952
2 2 0.058158 0.161273 0.601530 0.054961 0.124078
2 2 0.060372 0.099774 0.585680 0.177157 0.077017
2 2 0.065819 0.101643 0.429306 0.348906 0.054326
2 2 0.048707 0.169418 0.501226 0.049171 0.231478
2 2 0.063563 0.140544 0.550392 0.068836 0.176665
4 2 0.087468 0.180369 0.243594 0.006250 0.482319
2 2 0.040144 0.132697 0.633654 0.084897 0.108608
2 2 0.062976 0.099709 0.648160 0.123704 0.065451
2 2 0.091810 0.141428 0.527079 0.128097 0.111585
3 2 0.047327 0.045459 0.366666 0.457707 0.082841
2 2 0.056075 0.097747 0.612099 0.185318 0.048761
2 2 0.025388 0.051518 0.579161 0.321754 0.022180
2 2 0.115220 0.149498 0.496081 0.148015 0.091186
2 2 0.080863 0.163757 0.585537 0.068491 0.101351
2 2 0.119161 0.146343 0.506508 0.103943 0.124045
3 2 0.023089 0.018294 0.180648 0.762816 0.015153
3 2 0.089819 0.041998 0.333478 0.502410 0.032295
3 2 0.037184 0.035927 0.307754 0.591198 0.027938
2 2 0.058547 0.182580 0.497029 0.026554 0.235290
4 2 0.069326 0.175844 0.340908 0.006152 0.407769
4 2 0.084218 0.178090 0.326236 0.012994 0.398463
2 2 0.056400 0.202680 0.545010 0.007613 0.188297
2 2 0.070893 0.158397 0.376258 0.025440 0.369012
4 2 0.089360 0.256263 0.276123 0.003516 0.374738
2 2 0.066867 0.238304 0.536506 0.009962 0.148361
2 2 0.060195 0.211075 0.642451 0.008891 0.077388
4 2 0.109126 0.166178 0.211655 0.013661 0.499380
2 2 0.072236 0.152232 0.443496 0.044704 0.287333
2 2 0.066098 0.161522 0.446806 0.037760 0.287813
2 2 0.080510 0.171761 0.521156 0.054981 0.171592
4 2 0.152230 0.145261 0.224329 0.030900 0.447281
4 2 0.104031 0.212103 0.251687 0.008206 0.423974
2 2 0.063749 0.123839 0.583848 0.137248 0.091316
2 2 0.043447 0.078493 0.603913 0.205622 0.068525
2 2 0.180283 0.174789 0.314827 0.019959 0.310142
2 2 0.069831 0.127927 0.480571 0.175088 0.146583
2 2 0.152088 0.136366 0.314255 0.183593 0.213698
2 3 0.149930 0.243374 0.392981 0.039730 0.173986
3 3 0.171671 0.105184 0.257884 0.371352 0.093909
2 3 0.218393 0.129617 0.294431 0.151497 0.206062
4 3 0.142034 0.115647 0.191163 0.033439 0.517717
2 3 0.126883 0.141429 0.344055 0.228495 0.159138
3 3 0.081826 0.055775 0.260561 0.414766 0.187071
2 3 0.136959 0.118371 0.336793 0.310384 0.097493
2 3 0.186236 0.111693 0.348960 0.217754 0.135357
0 3 0.261263 0.126984 0.207036 0.210363 0.194355
3 3 0.027538 0.025167 0.189769 0.736757 0.020770
3 3 0.132952 0.103772 0.269904 0.323100 0.170270
2 3 0.056371 0.065863 0.420187 0.390042 0.067537
3 3 0.089637 0.048181 0.208713 0.610908 0.042562
3 3 0.108920 0.039544 0.171453 0.627564 0.052519
3 3 0.139880 0.099271 0.283553 0.376653 0.100643
3 3 0.156804 0.081920 0.289757 0.398433 0.073086
3 3 0.102924 0.054684 0.255919 0.537511 0.048962
3 3 0.104548 0.062990 0.220537 0.550501 0.061424
3 3 0.057214 0.022694 0.136517 0.761885 0.021690
2 3 0.223181 0.157388 0.269618 0.134233 0.215580
3 3 0.106807 0.060259 0.227138 0.548326 0.057470
3 3 0.213047 0.064870 0.209005 0.450149 0.062929
3 3 0.182732 0.097500 0.265701 0.378153 0.075914
0 3 0.259498 0.139907 0.228615 0.175644 0.196336
3 3 0.052804 0.018630 0.158122 0.754221 0.016222
0 3 0.375591 0.105789 0.158650 0.202976 0.156994
3 3 0.244421 0.080077 0.200112 0.403587 0.071802
3 3 0.206372 0.096334 0.220606 0.381033 0.095653
0 3 0.561795 0.086333 0.102692 0.156522 0.092659
3 3 0.043871 0.014307 0.106083 0.822164 0.013574
2 3 0.116208 0.109515 0.355672 0.349104 0.069500
2 3 0.116047 0.145576 0.436970 0.208634 0.092773
3 3 0.138536 0.068149 0.220559 0.418635 0.154121
4 3 0.133312 0.134498 0.273500 0.140129 0.318562
3 3 0.050607 0.063289 0.423273 0.429557 0.033275
3 3 0.156896 0.073498 0.210749 0.314990 0.243867
2 3 0.092707 0.127026 0.385037 0.206041 0.189189
2 3 0.110067 0.205375 0.505585 0.083252 0.095722
3 3 0.030623 0.025120 0.236374 0.660317 0.047566
4 3 0.194955 0.097869 0.129392 0.069355 0.508429
4 3 0.211357 0.125679 0.248204 0.159484 0.255276
3 3 0.055966 0.044750 0.212952 0.643454 0.042878
4 3 0.302823 0.127346 0.183012 0.078733 0.308085
3 3 0.037378 0.015351 0.116047 0.816713 0.014511
0 3 0.267447 0.128411 0.215795 0.252276 0.136071
3 3 0.022759 0.017060 0.140872 0.803363 0.015947
3 3 0.135289 0.107484 0.321672 0.344360 0.091195
3 3 0.040944 0.051674 0.434508 0.436392 0.036482
3 3 0.085979 0.054682 0.247168 0.562069 0.050101
2 3 0.235697 0.192113 0.287198 0.047430 0.237561
3 3 0.108002 0.057486 0.310302 0.476159 0.048050
2 3 0.129324 0.226047 0.502262 0.043421 0.098945
2 3 0.194305 0.222302 0.310044 0.077420 0.195929
0 3 0.293528 0.131641 0.186391 0.095012 0.293428
4 3 0.134732 0.099687 0.224335 0.202533 0.338713
3 3 0.081906 0.040924 0.271854 0.571163 0.034154
2 3 0.159387 0.145499 0.379130 0.175433 0.140551
2 3 0.061811 0.117560 0.470447 0.288985 0.061197
4 3 0.141365 0.090834 0.205287 0.186941 0.375573
2 3 0.156760 0.187306 0.392752 0.144914 0.118267
4 3 0.254142 0.128673 0.194503 0.167875 0.254808
4 3 0.231299 0.159444 0.227553 0.046641 0.335062
0 3 0.290739 0.101922 0.191195 0.245910 0.170235
3 3 0.232623 0.084512 0.195738 0.402621 0.084505
0 3 0.379289 0.129817 0.201971 0.171530 0.117393
3 3 0.109530 0.074601 0.265947 0.480000 0.069922
2 3 0.195868 0.145643 0.278001 0.177551 0.202937
4 3 0.185269 0.150577 0.288130 0.054051 0.321973
2 3 0.159488 0.125054 0.363299 0.191353 0.160806
2 3 0.126314 0.120679 0.431784 0.170459 0.150764
0 3 0.361169 0.103812 0.167527 0.261645 0.105847
3 3 0.225323 0.098121 0.227485 0.361721 0.087349
2 3 0.073899 0.160362 0.515073 0.169274 0.081393
2 3 0.069298 0.138591 0.544022 0.065650 0.182439
4 3 0.152272 0.146118 0.288525 0.028106 0.384979
2 3 0.095444 0.221647 0.400005 0.019449 0.263454
2 3 0.087811 0.271118 0.476118 0.013624 0.151328
2 3 0.106125 0.217039 0.419021 0.016983 0.240833
4 3 0.144687 0.133504 0.195431 0.013653 0.512725
4 3 0.097496 0.249363 0.296913 0.002871 0.353357
2 3 0.078501 0.221708 0.406524 0.008015 0.285252
0 3 0.455395 0.097129 0.131128 0.173291 0.143057
2 3 0.215970 0.148421 0.342417 0.084244 0.208947
3 3 0.262945 0.072530 0.180496 0.398296 0.085732
3 3 0.228181 0.084394 0.199585 0.356743 0.131096
3 3 0.172067 0.042751 0.150373 0.592691 0.042118
3 3 0.049870 0.019921 0.130666 0.780639 0.018904
3 3 0.060851 0.020082 0.132850 0.767475 0.018741
0 3 0.346395 0.079883 0.156184 0.336598 0.080940
0 3 0.618006 0.076958 0.086165 0.138271 0.080600
3 3 0.210292 0.033814 0.120541 0.601889 0.033465
0 3 0.680725 0.066506 0.068633 0.114019 0.070117
0 3 0.335737 0.093252 0.169525 0.306891 0.094596
3 3 0.205526 0.064715 0.179852 0.485631 0.064276
3 3 0.228170 0.070495 0.180592 0.450446 0.070296
3 3 0.204537 0.093927 0.275846 0.363679 0.062012
0 3 0.387174 0.105476 0.150030 0.174842 0.182478
0 2 0.530934 0.062162 0.099471 0.243350 0.064083
0 2 0.395748 0.190703 0.225003 0.080490 0.108055
2 2 0.171428 0.131857 0.375174 0.195810 0.125731
2 2 0.047765 0.130389 0.537234 0.192204 0.092408
2 2 0.059421 0.139310 0.564282 0.045392 0.191595
2 2 0.061849 0.168991 0.486182 0.019608 0.263371
2 2 0.042267 0.127393 0.595546 0.035480 0.199314
2 2 0.023485 0.077770 0.709233 0.108947 0.080564
4 2 0.043836 0.164873 0.352943 0.007902 0.430445
2 2 0.024113 0.092209 0.702427 0.090190 0.091061
2 2 0.025171 0.120637 0.700339 0.050010 0.103843
2 2 0.054032 0.185902 0.451731 0.009383 0.298951
2 2 0.051445 0.174284 0.453559 0.012255 0.308457
2 2 0.028421 0.132413 0.674562 0.033424 0.131181
2 2 0.054427 0.141628 0.551555 0.044773 0.207616
2 2 0.049547 0.127428 0.548027 0.057069 0.217928
2 2 0.041578 0.085632 0.557480 0.146842 0.168469
4 2 0.127498 0.218255 0.262219 0.023942 0.368086
2 2 0.051419 0.113195 0.461623 0.042393 0.331370
2 2 0.060845 0.124449 0.516205 0.101037 0.197464
2 2 0.054974 0.202299 0.466898 0.006571 0.269258
2 2 0.056385 0.167166 0.527475 0.025354 0.223621
2 2 0.059625 0.172364 0.507566 0.015108 0.245337
2 2 0.055016 0.169308 0.525150 0.018496 0.232029
4 2 0.149520 0.195188 0.228507 0.033487 0.393297
2 2 0.052158 0.177446 0.427423 0.011181 0.331792
2 2 0.074758 0.140281 0.511337 0.030630 0.242994
2 2 0.062084 0.202527 0.477381 0.019614 0.238394
2 1 0.073541 0.138838 0.413201 0.031759 0.342661
4 1 0.057007 0.168476 0.355121 0.007950 0.411446
2 1 0.040068 0.143787 0.537727 0.024563 0.253855
2 1 0.060982 0.148840 0.436156 0.025067 0.328955
2 1 0.033176 0.099903 0.691057 0.066146 0.109717
2 1 0.196688 0.168777 0.495144 0.032285 0.107106
4 1 0.196885 0.230800 0.256193 0.030253 0.285869
4 1 0.105479 0.168460 0.317013 0.018640 0.390408
3 1 0.041085 0.051413 0.307939 0.531332 0.068232
4 1 0.094853 0.096341 0.081343 0.003163 0.724300
2 1 0.137245 0.224180 0.340902 0.025932 0.271741
2 1 0.088518 0.130041 0.467437 0.160309 0.153696
2 2 0.103178 0.221209 0.389697 0.040387 0.245529
2 2 0.113692 0.206248 0.459627 0.028553 0.191880
2 2 0.051635 0.109279 0.494273 0.092501 0.252311
4 2 0.242682 0.132985 0.148143 0.034049 0.442141
3 2 0.177440 0.094244 0.268001 0.388719 0.071596
2 2 0.095401 0.117403 0.463575 0.101536 0.222085
4 2 0.165858 0.098617 0.167697 0.103379 0.464450
4 2 0.186230 0.178303 0.253201 0.025866 0.356401
2 2 0.169745 0.148218 0.327754 0.064899 0.289384
0 2 0.273354 0.159629 0.224382 0.133352 0.209283
2 2 0.127701 0.147323 0.427101 0.206956 0.090918
0 2 0.341332 0.089013 0.164856 0.314513 0.090286
3 2 0.163281 0.091980 0.255137 0.401714 0.087888
3 2 0.116724 0.088255 0.307294 0.359613 0.128114
2 2 0.187925 0.168210 0.376828 0.066449 0.200587
3 2 0.071482 0.041719 0.208055 0.623814 0.054929
0 2 0.321694 0.158352 0.284001 0.079651 0.156302
4 2 0.182252 0.188813 0.244773 0.065262 0.318900
2 2 0.097352 0.130828 0.427516 0.097963 0.246341
2 2 0.164426 0.157231 0.357344 0.175572 0.145427
2 2 0.121202 0.173650 0.452272 0.113452 0.139425
4 2 0.116869 0.192987 0.314972 0.055764 0.319409
2 2 0.148055 0.169517 0.351767 0.086712 0.243949
2 2 0.109743 0.125618 0.398073 0.287321 0.079246
2 2 0.036825 0.070534 0.566670 0.295508 0.030462
3 2 0.105891 0.058447 0.312185 0.474488 0.048988
0 2 0.447709 0.163248 0.188305 0.089939 0.110800
4 2 0.273269 0.113436 0.142498 0.091728 0.379070
2 2 0.157877 0.111200 0.433761 0.225680 0.071483
3 2 0.132367 0.086452 0.294250 0.401612 0.085319
3 2 0.031306 0.041327 0.286429 0.594362 0.046576
3 2 0.128174 0.060331 0.207796 0.526674 0.077026
2 2 0.148321 0.168237 0.338113 0.137444 0.207885
2 2 0.059470 0.109055 0.491726 0.255749 0.084000
2 2 0.127113 0.172114 0.436966 0.106217 0.157591
2 2 0.090543 0.131777 0.455226 0.157438 0.165015
3 2 0.029345 0.023388 0.239037 0.684404 0.023826
2 2 0.125361 0.278279 0.409514 0.049481 0.137365
2 2 0.080205 0.096458 0.492710 0.184843 0.145785
2 2 0.229214 0.103527 0.338778 0.243169 0.085312
0 2 0.392871 0.156181 0.191591 0.108697 0.150661
2 2 0.087574 0.123418 0.515706 0.220165 0.053137
4 2 0.314957 0.110709 0.129879 0.036714 0.407741
3 2 0.086487 0.065119 0.335097 0.401028 0.112270
3 2 0.054129 0.031671 0.208425 0.677471 0.028304
3 2 0.254396 0.129201 0.233500 0.255933 0.126969
3 2 0.162703 0.065463 0.263738 0.450316 0.057780
2 2 0.139068 0.072114 0.381665 0.359165 0.047989
2 2 0.261223 0.130879 0.366428 0.158419 0.083051
0 2 0.768691 0.050731 0.045888 0.080626 0.054064
3 2 0.052812 0.025971 0.152596 0.743836 0.024785
2 2 0.260428 0.158465 0.364912 0.116650 0.099544
3 2 0.036271 0.027354 0.283006 0.631735 0.021635
4 2 0.223204 0.149463 0.229415 0.088978 0.308939
3 2 0.038885 0.015817 0.117341 0.812990 0.014966
0 2 0.489402 0.101016 0.107536 0.100698 0.201348
3 2 0.166194 0.091674 0.336119 0.339163 0.066849
0 2 0.594889 0.080646 0.092907 0.147293 0.084265
0 2 0.765398 0.051346 0.046700 0.081861 0.054695
3 1 0.252379 0.089957 0.205343 0.313750 0.138571
2 1 0.218530 0.132558 0.301533 0.259456 0.087924
2 4 0.041368 0.073565 0.519557 0.324796 0.040714
2 4 0.048243 0.098637 0.572082 0.187572 0.093467
2 4 0.048467 0.142800 0.586685 0.050439 0.171609
2 4 0.053889 0.104497 0.469247 0.042036 0.330332
2 4 0.043659 0.149015 0.525429 0.026364 0.255534
2 4 0.036389 0.113856 0.654081 0.057648 0.138027
2 4 0.058635 0.111092 0.604047 0.186867 0.039359
4 4 0.066068 0.164333 0.306455 0.006493 0.456651
2 4 0.048594 0.126234 0.564318 0.043805 0.217050
2 4 0.051177 0.134337 0.575640 0.060487 0.178358
2 4 0.060120 0.152964 0.407844 0.016674 0.362397
2 4 0.033668 0.110952 0.637531 0.047098 0.170751
2 4 0.036066 0.113073 0.625834 0.045854 0.179174
0 4 0.386596 0.114250 0.129597 0.102159 0.267398
2 4 0.227564 0.171734 0.306597 0.112674 0.181431
2 4 0.033121 0.103949 0.627424 0.183142 0.052363
2 4 0.081273 0.169845 0.459501 0.058280 0.231101
2 4 0.044182 0.122991 0.648397 0.047112 0.137319
4 4 0.051922 0.152253 0.367449 0.009844 0.418532
2 4 0.031543 0.099109 0.641349 0.045880 0.182118
2 4 0.086857 0.109798 0.399515 0.029403 0.374427
2 4 0.081645 0.131025 0.385639 0.078226 0.323464
4 4 0.077922 0.140826 0.334557 0.043673 0.403023
2 4 0.166796 0.138865 0.344528 0.095595 0.254216
2 4 0.107953 0.278442 0.423842 0.030190 0.159572
2 4 0.040281 0.116294 0.626605 0.053477 0.163344
2 4 0.069863 0.134652 0.467747 0.035618 0.292120
2 4 0.178950 0.244591 0.399732 0.077141 0.099586
2 4 0.032074 0.118924 0.623287 0.045684 0.180032
4 4 0.195315 0.128531 0.160710 0.076344 0.439099
2 4 0.042794 0.103512 0.570482 0.072839 0.210373
2 4 0.068448 0.121854 0.496212 0.031818 0.281669
2 4 0.058633 0.148477 0.488685 0.044328 0.259878
2 4 0.035330 0.073158 0.440147 0.391925 0.059441
2 4 0.070379 0.098007 0.368938 0.168019 0.294657
4 4 0.104739 0.123928 0.213647 0.025353 0.532333
2 4 0.043712 0.134826 0.555893 0.079873 0.185696
2 4 0.039181 0.138152 0.550559 0.018552 0.253556
2 4 0.043494 0.094220 0.545291 0.084962 0.232033
2 4 0.046753 0.121474 0.560581 0.081134 0.190057
2 4 0.029358 0.098725 0.683257 0.102994 0.085666
2 4 0.038829 0.119652 0.594252 0.063088 0.184178
2 4 0.053219 0.122637 0.541006 0.056803 0.226336
2 4 0.050146 0.132517 0.504085 0.026756 0.286496
2 4 0.066437 0.160299 0.532515 0.027731 0.213018
2 4 0.064517 0.151546 0.602318 0.043053 0.138565
2 4 0.039321 0.127908 0.618268 0.086141 0.128362
2 4 0.056695 0.148685 0.397615 0.026311 0.370693
2 4 0.059791 0.138779 0.480379 0.032012 0.289040
2 4 0.035438 0.110656 0.629607 0.093570 0.130730
2 4 0.040818 0.112495 0.578395 0.057977 0.210315
2 2 0.048175 0.125870 0.597605 0.043887 0.184464
2 2 0.042163 0.147159 0.537282 0.042428 0.230967
2 2 0.052293 0.126732 0.459031 0.090011 0.271933
2 2 0.107692 0.098130 0.367720 0.225735 0.200723
0 2 0.318003 0.126297 0.171734 0.154385 0.229581
2 2 0.024636 0.062539 0.610915 0.269201 0.032709
2 2 0.168223 0.203642 0.349672 0.044536 0.233928
2 2 0.072800 0.125536 0.425567 0.109729 0.266368
2 2 0.191474 0.116607 0.356729 0.128347 0.206843
0 2 0.557772 0.086376 0.104059 0.161868 0.089925
0 2 0.557243 0.086456 0.104221 0.162076 0.090003
0 2 0.401117 0.160860 0.239400 0.081529 0.117095
2 2 0.107442 0.081327 0.492811 0.259569 0.058850
2 2 0.268123 0.191126 0.347914 0.066202 0.126636
3 2 0.155078 0.041187 0.166863 0.597728 0.039144
0 2 0.328981 0.114227 0.279494 0.192215 0.085083
3 2 0.086572 0.045813 0.341443 0.490493 0.035679
3 2 0.160967 0.053484 0.226828 0.510744 0.047977
2 2 0.245925 0.137073 0.317139 0.223788 0.076074
2 2 0.250034 0.175509 0.315038 0.147016 0.112403
2 2 0.084941 0.082900 0.453233 0.334150 0.044775
3 2 0.096049 0.097759 0.371718 0.375460 0.059015
3 2 0.184048 0.069931 0.198985 0.478234 0.068802
0 2 0.336782 0.103375 0.241195 0.256865 0.061783
3 2 0.036123 0.030248 0.237540 0.677108 0.018980
0 2 0.337818 0.105399 0.175986 0.273605 0.107192
0 2 0.437323 0.153201 0.188031 0.113376 0.108069
3 2 0.050152 0.041834 0.303076 0.561681 0.043257
2 2 0.183341 0.124591 0.335647 0.086250 0.270172
2 2 0.103807 0.148700 0.452106 0.137777 0.157610
3 2 0.054345 0.054061 0.299037 0.513939 0.078618
2 2 0.103699 0.167621 0.389685 0.072700 0.266294
2 2 0.069896 0.088679 0.423698 0.250757 0.166969
2 2 0.036927 0.118453 0.641550 0.116808 0.086261
2 2 0.070659 0.155066 0.529425 0.108274 0.136575
2 2 0.054691 0.134779 0.412246 0.019513 0.378772
4 2 0.077234 0.160902 0.322519 0.008594 0.430750
4 2 0.065529 0.144240 0.294585 0.012930 0.482717
3 2 0.051133 0.053843 0.400496 0.452307 0.042220
0 2 0.359608 0.145752 0.207458 0.169117 0.118065
4 2 0.159351 0.194924 0.262247 0.016999 0.366479
2 2 0.040771 0.111619 0.696303 0.112477 0.038830
2 2 0.069089 0.095608 0.555914 0.236486 0.042903
2 2 0.046481 0.063240 0.582522 0.273898 0.033859
2 2 0.233931 0.122110 0.405661 0.155269 0.083028
2 2 0.128790 0.132932 0.454201 0.210803 0.073273
2 2 0.086947 0.218052 0.508841 0.030633 0.155528
0 2 0.409799 0.086446 0.143756 0.271658 0.088341
3 2 0.121726 0.049923 0.184579 0.594993 0.048780
2 2 0.103847 0.186953 0.444135 0.055055 0.210010
2 2 0.070800 0.230814 0.434513 0.023132 0.240741
2 2 0.152715 0.164172 0.406331 0.137460 0.139322
4 2 0.105304 0.179294 0.263642 0.008127 0.443633
2 2 0.072464 0.124346 0.585500 0.115820 0.101870
2 2 0.053324 0.095648 0.636076 0.148055 0.066897
2 2 0.074130 0.165029 0.481402 0.026812 0.252626
2 2 0.064149 0.182400 0.573109 0.036481 0.143861
2 2 0.067555 0.134987 0.541957 0.076530 0.178971
2 2 0.092191 0.187202 0.516628 0.023143 0.180836
2 2 0.052513 0.133038 0.550336 0.119682 0.144431
2 2 0.078618 0.143789 0.528175 0.047525 0.201893
4 2 0.110644 0.168818 0.322933 0.011794 0.385810
2 2 0.032080 0.066273 0.536184 0.321669 0.043794
2 2 0.021838 0.053892 0.520229 0.379546 0.024495
2 2 0.046483 0.125606 0.597571 0.116521 0.113819
2 2 0.104712 0.116127 0.508138 0.151470 0.119553
3 2 0.169801 0.085127 0.288685 0.380431 0.075956
2 2 0.203342 0.272874 0.361861 0.053422 0.108501
2 2 0.197472 0.143944 0.400159 0.071795 0.186631
0 2 0.425938 0.097523 0.115249 0.103798 0.257491
0 2 0.411153 0.142202 0.127662 0.041148 0.277835
2 2 0.104873 0.072702 0.397464 0.305141 0.119820
3 0 0.227133 0.041577 0.138244 0.552267 0.040778
0 0 0.568290 0.084776 0.100857 0.157727 0.088350
0 0 0.290211 0.138334 0.203729 0.133281 0.234445
0 0 0.720815 0.059733 0.057877 0.096838 0.064738
0 0 0.468893 0.100050 0.132398 0.191066 0.107593
4 0 0.146225 0.117704 0.121784 0.009778 0.604510
4 1 0.205431 0.156712 0.187185 0.054766 0.395906
2 1 0.077280 0.128796 0.637022 0.095018 0.061884
3 1 0.116627 0.064543 0.263894 0.426374 0.128562
0 1 0.369130 0.142325 0.219041 0.100718 0.168786
3 1 0.286806 0.029687 0.097432 0.556428 0.029647
0 1 0.427022 0.115651 0.170177 0.174057 0.113093
0 0 0.650054 0.071699 0.077069 0.125836 0.075342
0 0 0.811812 0.036939 0.034749 0.077032 0.039468
0 0 0.466307 0.103512 0.137644 0.189185 0.103353
0 0 0.497441 0.095170 0.123095 0.185785 0.098508
0 0 0.564784 0.080290 0.127949 0.116237 0.110739
0 0 0.577051 0.103646 0.094357 0.061773 0.163173
2 0 0.220951 0.088894 0.310492 0.259511 0.120152
0 1 0.378326 0.118197 0.120899 0.068706 0.313871
2 1 0.053787 0.141742 0.697154 0.054115 0.053202
2 1 0.067601 0.116972 0.556903 0.122287 0.136238
2 1 0.057648 0.162481 0.568517 0.032070 0.179283
2 1 0.034871 0.138161 0.628925 0.023791 0.174253
2 1 0.049159 0.127409 0.624711 0.040848 0.157873
2 4 0.061350 0.154935 0.586655 0.025703 0.171357
2 4 0.229603 0.133125 0.288543 0.086487 0.262242
2 4 0.202235 0.161047 0.358284 0.188800 0.089635
4 4 0.071730 0.142972 0.366807 0.027522 0.390969
2 4 0.094561 0.129798 0.547015 0.066369 0.162256
2 4 0.236974 0.181029 0.308722 0.101604 0.171670
2 4 0.015223 0.065578 0.735074 0.125814 0.058310
2 4 0.047875 0.137228 0.600782 0.031485 0.182629
2 4 0.054174 0.157825 0.579430 0.042681 0.165890
3 4 0.046045 0.056827 0.398940 0.456690 0.041498
2 4 0.155146 0.123194 0.395949 0.148540 0.177170
2 4 0.150111 0.266423 0.432502 0.020556 0.130408
2 4 0.062521 0.142266 0.586499 0.071796 0.136918
2 4 0.086798 0.137588 0.394012 0.039394 0.342207
2 4 0.031352 0.073932 0.723628 0.129759 0.041329
2 4 0.072157 0.135885 0.473433 0.161021 0.157503
4 4 0.106185 0.180057 0.316349 0.012505 0.384905
2 4 0.043156 0.089469 0.552560 0.171549 0.143267
2 4 0.076081 0.103316 0.413586 0.087789 0.319228
2 4 0.063556 0.124416 0.559761 0.087805 0.164462
2 4 0.067122 0.116488 0.400505 0.101125 0.314760
4 4 0.110229 0.180324 0.328376 0.012117 0.368954
2 4 0.130842 0.149492 0.401740 0.080456 0.237469
2 4 0.056875 0.094771 0.637362 0.162553 0.048439
2 4 0.029626 0.092539 0.692621 0.134553 0.050661
2 4 0.035454 0.126242 0.641458 0.034218 0.162627
2 4 0.141728 0.134365 0.420879 0.047883 0.255145
2 4 0.129090 0.187749 0.399323 0.126924 0.156913
2 4 0.037048 0.082361 0.627323 0.164960 0.088308
4 4 0.123454 0.169883 0.306883 0.054621 0.345158
2 4 0.056525 0.207183 0.525274 0.012609 0.198410
2 4 0.035703 0.125077 0.656689 0.033682 0.148850
2 4 0.048205 0.133577 0.573042 0.035502 0.209674
2 4 0.039098 0.127672 0.667786 0.082151 0.083292
2 4 0.051975 0.146807 0.487042 0.026373 0.287803
4 4 0.054701 0.141248 0.320614 0.013436 0.470000
2 4 0.077674 0.151970 0.397587 0.021652 0.351116
2 4 0.042046 0.149651 0.520618 0.018443 0.269241
2 4 0.053757 0.162697 0.470080 0.017975 0.295491
2 4 0.047762 0.138168 0.452531 0.027280 0.334258
2 1 0.055369 0.165364 0.484519 0.025275 0.269474
2 1 0.075626 0.172157 0.434864 0.016047 0.301306
4 1 0.086127 0.135928 0.314493 0.018930 0.444522
2 1 0.040317 0.114172 0.585701 0.151417 0.108392
4 1 0.088140 0.125061 0.298370 0.042263 0.446167
2 1 0.064183 0.090282 0.463225 0.180200 0.202110
2 1 0.054318 0.123353 0.507764 0.044930 0.269634
2 1 0.083078 0.148239 0.426264 0.027052 0.315367
2 2 0.089480 0.150489 0.465499 0.079800 0.214733
4 2 0.091808 0.165148 0.229794 0.013408 0.499842
2 2 0.056285 0.071294 0.322382 0.266135 0.283904
2 2 0.284441 0.182821 0.401216 0.017291 0.114231
3 2 0.209091 0.017445 0.077038 0.679199 0.017228
0 2 0.689913 0.067312 0.060220 0.074016 0.108540
0 2 0.429433 0.167776 0.202268 0.091763 0.108761
3 2 0.113999 0.095749 0.313037 0.387651 0.089564
0 2 0.273284 0.121344 0.211603 0.238504 0.155265
3 2 0.081170 0.042545 0.187683 0.647488 0.041113
0 2 0.425562 0.128300 0.171489 0.164232 0.110417
0 2 0.271380 0.124517 0.212590 0.268585 0.122928
3 2 0.105075 0.071565 0.315203 0.465872 0.042285
0 2 0.340323 0.158930 0.238206 0.025563 0.236978
3 2 0.079840 0.085909 0.339166 0.436317 0.058768
2 2 0.242608 0.098174 0.307716 0.216950 0.134552
3 2 0.019260 0.014593 0.160529 0.794759 0.010859
2 2 0.146173 0.126405 0.435635 0.131600 0.160186
4 2 0.117703 0.221753 0.310567 0.020334 0.329641
2 2 0.077539 0.078249 0.478131 0.251944 0.114138
2 2 0.153182 0.238707 0.374836 0.055739 0.177536
2 2 0.112161 0.144778 0.511200 0.164846 0.067016
2 2 0.114622 0.106717 0.551584 0.164101 0.062976
2 2 0.162588 0.090206 0.401511 0.295078 0.050618
0 2 0.394336 0.150918 0.218771 0.059811 0.176164
2 2 0.127790 0.215882 0.505751 0.075457 0.075120
2 2 0.087002 0.073892 0.453594 0.333915 0.051597
3 2 0.097326 0.084084 0.325684 0.365862 0.127043
2 2 0.111120 0.084007 0.465151 0.259271 0.080451
2 2 0.164909 0.127925 0.332866 0.290618 0.083682
4 3 0.241157 0.120637 0.241703 0.152016 0.244487
3 3 0.175332 0.091998 0.290318 0.371396 0.070956
2 3 0.193850 0.161081 0.409301 0.146908 0.088860
3 3 0.031439 0.021930 0.181112 0.745964 0.019555
2 3 0.234857 0.098478 0.374243 0.216114 0.076307
3 3 0.167127 0.068058 0.311207 0.363840 0.089768
3 3 0.017374 0.013801 0.157382 0.799461 0.011983
4 3 0.104908 0.139057 0.292859 0.065393 0.397783
2 3 0.038998 0.084446 0.526459 0.291679 0.058419
2 3 0.067299 0.122715 0.576420 0.087442 0.146124
4 3 0.082188 0.115019 0.260996 0.034118 0.507678
2 3 0.130521 0.246227 0.374593 0.016738 0.231922
2 3 0.073650 0.143919 0.645821 0.078208 0.058402
2 3 0.060848 0.067040 0.434224 0.394319 0.043568
2 3 0.141563 0.157976 0.377762 0.100315 0.222385
2 3 0.121567 0.150294 0.449548 0.168140 0.110451
4 3 0.296049 0.141015 0.193859 0.053807 0.315270
2 3 0.118118 0.173015 0.346461 0.038143 0.324264
2 3 0.120294 0.142450 0.389182 0.197511 0.150562
2 3 0.105036 0.092826 0.379482 0.218517 0.204139
2 3 0.145777 0.095085 0.358562 0.252108 0.148469
3 3 0.052445 0.059245 0.351612 0.452225 0.084474
2 3 0.099143 0.103509 0.428347 0.296709 0.072291
3 3 0.040767 0.025588 0.209263 0.702265 0.022117
2 3 0.091137 0.102597 0.449582 0.216118 0.140567
2 3 0.206866 0.119365 0.395162 0.196924 0.081682
3 3 0.040837 0.029402 0.256743 0.635715 0.037302
3 3 0.316061 0.082498 0.194390 0.340762 0.066288
3 3 0.028185 0.028923 0.276403 0.643363 0.023125
2 3 0.130875 0.167989 0.411732 0.198499 0.090904
3 3 0.017331 0.012643 0.121995 0.836295 0.011737
2 3 0.193639 0.116834 0.326694 0.146067 0.216766
3 3 0.232471 0.121086 0.245590 0.286074 0.114779
2 3 0.184660 0.152809 0.452825 0.083997 0.125709
2 3 0.195915 0.126220 0.303827 0.198927 0.175112
3 3 0.148658 0.064633 0.271354 0.432296 0.083058
2 3 0.141017 0.139456 0.350118 0.256176 0.113232
3 3 0.203397 0.125169 0.239730 0.306225 0.125479
3 3 0.050800 0.026756 0.164699 0.734063 0.023682
3 3 0.141348 0.097206 0.251349 0.393543 0.116554
0 3 0.357349 0.129706 0.163790 0.084216 0.264939
4 3 0.193421 0.117293 0.238289 0.185275 0.265722
2 3 0.174872 0.142718 0.316560 0.102428 0.263422
0 3 0.324433 0.116831 0.185590 0.124801 0.248345
3 3 0.064477 0.054661 0.346223 0.489649 0.044989
3 3 0.185938 0.047334 0.156474 0.561683 0.048571
0 3 0.529049 0.111987 0.132095 0.130412 0.096457
4 3 0.227542 0.150318 0.245540 0.121204 0.255396
2 3 0.178965 0.313287 0.381056 0.030590 0.096103
2 3 0.164179 0.208072 0.329864 0.027973 0.269912
2 3 0.058159 0.174811 0.610701 0.088161 0.068168
2 3 0.114004 0.177214 0.375714 0.030003 0.303065
2 3 0.072051 0.173610 0.521083 0.047778 0.185478
2 3 0.125732 0.151922 0.411109 0.080672 0.230564
2 3 0.192060 0.202626 0.358149 0.059816 0.187349
2 3 0.103970 0.172437 0.575866 0.056435 0.091292
2 3 0.039190 0.137916 0.658214 0.082746 0.081934
3 3 0.149502 0.044178 0.160790 0.602163 0.043366
3 3 0.220353 0.045275 0.292769 0.407380 0.034223
0 3 0.803960 0.048675 0.040328 0.059250 0.047787
3 3 0.048306 0.052119 0.306608 0.559930 0.033037
3 3 0.118891 0.063089 0.217632 0.540929 0.059459
0 3 0.334508 0.135693 0.231382 0.199473 0.098944
2 2 0.065566 0.086907 0.409099 0.393042 0.045387
0 2 0.313596 0.145942 0.234396 0.032361 0.273704
3 2 0.138793 0.115644 0.308613 0.346654 0.090295
2 2 0.189254 0.244027 0.366802 0.083392 0.116525
2 2 0.159820 0.146813 0.401667 0.220616 0.071083
2 2 0.115662 0.082632 0.455315 0.284328 0.062063
0 2 0.309438 0.123737 0.206238 0.237899 0.122688
0 2 0.594412 0.080721 0.093048 0.147479 0.084340
3 2 0.027255 0.020235 0.151662 0.781847 0.019002
3 2 0.276810 0.045744 0.133993 0.499723 0.043730
3 2 0.028144 0.016213 0.130011 0.810436 0.015196
3 2 0.121651 0.070068 0.233119 0.511057 0.064106
2 2 0.048654 0.146023 0.540661 0.117916 0.146746
2 2 0.043282 0.104244 0.642953 0.117375 0.092146
2 2 0.129509 0.145490 0.333696 0.157567 0.233738
4 4 0.257685 0.107132 0.109824 0.052194 0.473166
4 4 0.075352 0.143761 0.344274 0.038789 0.397824
2 4 0.087533 0.101148 0.424006 0.128546 0.258766
0 4 0.378946 0.136390 0.166165 0.021980 0.296518
2 4 0.043656 0.108103 0.609998 0.105014 0.133228
2 4 0.053508 0.125980 0.506184 0.037216 0.277113
2 4 0.090893 0.233437 0.399383 0.009185 0.267102
2 4 0.083945 0.133088 0.414777 0.103872 0.264319
4 4 0.106574 0.134599 0.307488 0.060396 0.390943
4 4 0.097266 0.147561 0.345674 0.040301 0.369198
4 4 0.092617 0.183623 0.273976 0.008768 0.441016
4 4 0.172842 0.145630 0.286430 0.035214 0.359884
2 4 0.111717 0.220379 0.390224 0.058051 0.219627
2 4 0.059881 0.109781 0.504527 0.181679 0.144132
2 4 0.081650 0.132325 0.471688 0.027216 0.287120
0 4 0.306052 0.126035 0.188351 0.200513 0.179049
2 4 0.180017 0.161549 0.366196 0.097729 0.194509
2 4 0.120994 0.155199 0.369778 0.023956 0.330072
2 4 0.075661 0.132938 0.496884 0.046181 0.248335
2 4 0.051546 0.133806 0.573170 0.122348 0.119130
4 4 0.182451 0.143927 0.306649 0.042065 0.324908
2 4 0.058742 0.130162 0.456546 0.036593 0.317957
4 4 0.078609 0.124878 0.330197 0.040902 0.425414
4 4 0.175155 0.128923 0.182204 0.031119 0.482599
4 4 0.090353 0.132444 0.175512 0.009578 0.592113
2 4 0.059218 0.148533 0.496645 0.043299 0.252305
4 4 0.088080 0.123026 0.358806 0.052830 0.377258
2 4 0.129932 0.172166 0.366084 0.058047 0.273772
2 4 0.067262 0.121797 0.424056 0.059615 0.327271
2 4 0.063006 0.175170 0.390482 0.015491 0.355852
4 4 0.111417 0.097670 0.248165 0.036575 0.506173
0 4 0.398976 0.128863 0.175515 0.079351 0.217295
3 1 0.178965 0.096210 0.306138 0.360523 0.058164
2 1 0.072712 0.159265 0.609400 0.026914 0.131710
2 1 0.055140 0.115980 0.689717 0.053827 0.085336
2 1 0.077735 0.144204 0.532715 0.092083 0.153262
2 1 0.055336 0.135883 0.615640 0.103510 0.089630
2 1 0.095891 0.093378 0.422063 0.191593 0.197075
2 1 0.070303 0.139388 0.518342 0.089885 0.182082
2 1 0.105167 0.128599 0.440627 0.198808 0.126799
2 1 0.044644 0.098476 0.573096 0.129605 0.154179
2 1 0.058915 0.115504 0.624249 0.138648 0.062684
3 2 0.036257 0.040892 0.343540 0.513917 0.065394
2 2 0.101466 0.155513 0.342961 0.081282 0.318778
2 2 0.131966 0.200112 0.409803 0.149136 0.108983
2 2 0.108493 0.116988 0.367132 0.047073 0.360314
2 2 0.075182 0.140488 0.577398 0.093925 0.113006
2 2 0.051725 0.118088 0.656673 0.058627 0.114887
2 2 0.105806 0.148332 0.391715 0.042511 0.311637
2 2 0.088590 0.100619 0.488170 0.189052 0.133570
2 2 0.047925 0.081794 0.591245 0.234857 0.044179
2 2 0.079796 0.177337 0.489116 0.045847 0.207904
2 2 0.043636 0.136744 0.621292 0.050929 0.147399
2 2 0.053855 0.116276 0.634503 0.120151 0.075215
2 2 0.058525 0.125358 0.617197 0.066470 0.132450
2 2 0.042496 0.074310 0.591774 0.210798 0.080622
2 2 0.080797 0.196689 0.473333 0.046801 0.202380
2 2 0.040631 0.118199 0.616885 0.062768 0.161517
2 2 0.062349 0.134140 0.494884 0.048856 0.259771
2 2 0.081645 0.145191 0.483265 0.039218 0.250680
2 2 0.195224 0.101624 0.522724 0.114292 0.066136
0 2 0.327661 0.160437 0.295445 0.139053 0.077405
2 2 0.115990 0.110066 0.523712 0.177666 0.072567
2 2 0.172617 0.141087 0.398391 0.063674 0.224231
2 2 0.083075 0.091701 0.476847 0.292155 0.056221
2 2 0.165866 0.117981 0.391255 0.178953 0.145945
2 2 0.130509 0.151682 0.516430 0.098043 0.103335
2 2 0.097017 0.089341 0.524096 0.230165 0.059381
0 2 0.358406 0.195235 0.277300 0.055415 0.113644
0 0 0.888131 0.026938 0.018765 0.036841 0.029325
0 0 0.611492 0.063663 0.083594 0.174924 0.066326
0 0 0.297192 0.146958 0.259304 0.190323 0.106223
4 1 0.175810 0.068267 0.051854 0.013844 0.690225
0 1 0.321823 0.171590 0.256463 0.139182 0.110941
3 1 0.036670 0.017026 0.125336 0.804876 0.016091
3 1 0.060198 0.037393 0.187120 0.679438 0.035852
3 1 0.170735 0.057880 0.180697 0.533559 0.057128
2 1 0.146097 0.266017 0.442002 0.056794 0.089090
2 1 0.057620 0.124559 0.528248 0.046037 0.243535
2 1 0.088631 0.174044 0.504233 0.077497 0.155595
2 1 0.137320 0.237119 0.462280 0.049956 0.113325
2 1 0.124248 0.128852 0.388511 0.180144 0.178245
4 1 0.145081 0.169486 0.206003 0.010192 0.469238
2 1 0.109873 0.131615 0.467394 0.215332 0.075787
2 2 0.190996 0.112604 0.498138 0.110800 0.087462
0 2 0.273581 0.115080 0.248382 0.266420 0.096537
2 2 0.155404 0.131627 0.439541 0.090917 0.182512
3 2 0.158549 0.053685 0.183769 0.527534 0.076463
2 2 0.159196 0.214867 0.413135 0.114614 0.098188
2 2 0.055733 0.154655 0.557896 0.172788 0.058929
0 2 0.270822 0.120672 0.264687 0.117633 0.226186
3 2 0.104569 0.038496 0.194234 0.632487 0.030214
3 2 0.223940 0.121707 0.225733 0.272372 0.156247
2 2 0.206762 0.099602 0.341227 0.234447 0.117963
2 2 0.089059 0.202237 0.354854 0.019913 0.333937
2 2 0.064404 0.107966 0.527305 0.164618 0.135707
2 2 0.071396 0.173224 0.575072 0.071114 0.109194
4 2 0.189204 0.127260 0.183111 0.011529 0.488895
0 2 0.498303 0.055256 0.031101 0.012841 0.402499
4 2 0.215448 0.140602 0.228538 0.100355 0.315056
2 2 0.093748 0.200134 0.463013 0.067087 0.176018
2 2 0.110112 0.186721 0.407620 0.017719 0.277829
2 2 0.113244 0.213121 0.356537 0.020303 0.296794
2 2 0.092789 0.174566 0.507287 0.052995 0.172363
2 2 0.078616 0.160643 0.406788 0.022572 0.331381
2 2 0.081009 0.081353 0.444081 0.292992 0.100565
2 2 0.104258 0.157050 0.347244 0.097282 0.294165
2 2 0.077705 0.082907 0.582300 0.200879 0.056209
2 2 0.276203 0.197954 0.284901 0.119088 0.121855
2 3 0.067693 0.115241 0.470440 0.262717 0.083910
2 3 0.041507 0.077779 0.450762 0.274872 0.155080
2 3 0.084165 0.099467 0.373393 0.237653 0.205323
2 3 0.064918 0.161366 0.580505 0.050046 0.143164
2 3 0.090625 0.195351 0.448096 0.032803 0.233125
4 3 0.157315 0.131526 0.316374 0.073638 0.321147
2 3 0.271879 0.143819 0.278990 0.044677 0.260635
0 3 0.564377 0.088189 0.084838 0.081315 0.181281
3 3 0.044717 0.028541 0.200582 0.700608 0.025552
2 3 0.211000 0.127766 0.299605 0.268376 0.093253
3 3 0.232636 0.072471 0.181708 0.440855 0.072331
3 3 0.035224 0.040653 0.301022 0.599798 0.023303
3 3 0.016280 0.010207 0.121853 0.842572 0.009088
2 3 0.144398 0.125998 0.366926 0.283529 0.079149
3 3 0.020713 0.026653 0.316979 0.620432 0.015223
2 2 0.124305 0.134244 0.511171 0.066023 0.164256
2 2 0.078404 0.089662 0.382719 0.372994 0.076221
2 2 0.126173 0.201712 0.460251 0.052854 0.159010
2 2 0.093235 0.196430 0.515714 0.052124 0.142497
2 2 0.175524 0.121187 0.467973 0.146558 0.088758
2 2 0.127973 0.208684 0.491513 0.056364 0.115466
4 2 0.153172 0.178712 0.245638 0.024218 0.398259
2 2 0.070148 0.111544 0.579930 0.145136 0.093242
2 2 0.032200 0.059477 0.609499 0.264848 0.033977
2 2 0.059347 0.080150 0.511654 0.297255 0.051594
2 2 0.071070 0.091720 0.390668 0.311222 0.135320
2 2 0.198842 0.162253 0.297537 0.101480 0.239888
2 2 0.209680 0.154474 0.356553 0.111535 0.167758
2 2 0.172715 0.167819 0.334395 0.168365 0.156706
3 2 0.081227 0.057662 0.406705 0.414573 0.039833
2 2 0.147672 0.114042 0.383243 0.236681 0.118362
0 2 0.287436 0.122659 0.272236 0.147576 0.170093
3 2 0.096728 0.065168 0.334936 0.414969 0.088201
3 2 0.092641 0.053937 0.222322 0.583831 0.047270
2 2 0.103811 0.092497 0.356995 0.323654 0.123043
0 2 0.318455 0.128680 0.216501 0.211690 0.124673
