0 0 0.367310 0.178464 0.273831 0.043728 0.136667
3 0 0.034551 0.036258 0.376592 0.527482 0.025117
0 0 0.300788 0.102951 0.161051 0.271981 0.163228
2 1 0.118773 0.122957 0.441127 0.255640 0.061503
4 1 0.137565 0.102558 0.209728 0.170964 0.379185
2 1 0.057727 0.061882 0.423800 0.366326 0.090265
0 1 0.341542 0.159980 0.209307 0.088567 0.200604
2 1 0.086945 0.108337 0.409372 0.233504 0.161842
2 4 0.105263 0.146431 0.482851 0.103465 0.161990
2 4 0.164805 0.275214 0.419869 0.017173 0.122939
2 4 0.090747 0.204978 0.448134 0.025073 0.231068
2 4 0.112260 0.141868 0.406733 0.187589 0.151550
0 4 0.354173 0.173314 0.254790 0.058096 0.159626
2 4 0.204063 0.231596 0.437039 0.032166 0.095136
2 4 0.211260 0.168799 0.317291 0.084930 0.217721
2 1 0.190762 0.134198 0.307006 0.155093 0.212941
2 1 0.102573 0.153775 0.432859 0.214417 0.096376
2 1 0.126552 0.109868 0.379922 0.289023 0.094635
2 1 0.045468 0.087370 0.435188 0.338915 0.093059
2 1 0.094945 0.113178 0.335200 0.299549 0.157129
2 1 0.036840 0.129907 0.607288 0.068604 0.157361
2 1 0.060610 0.145973 0.563316 0.071695 0.158405
4 1 0.192407 0.189803 0.223067 0.026253 0.368470
2 1 0.118658 0.105346 0.383517 0.213713 0.178766
2 1 0.211874 0.153551 0.311045 0.109249 0.214281
4 1 0.235917 0.187910 0.225874 0.053950 0.296349
2 1 0.278303 0.178659 0.283027 0.051878 0.208132
4 1 0.168432 0.155366 0.168663 0.035739 0.471800
2 2 0.100882 0.122653 0.460742 0.235002 0.080721
2 2 0.084999 0.187772 0.507411 0.060131 0.159687
4 2 0.140028 0.100750 0.095021 0.014713 0.649488
2 2 0.191774 0.199696 0.386410 0.039780 0.182339
2 2 0.136175 0.213540 0.461313 0.075395 0.113577
2 2 0.077179 0.093355 0.416531 0.358415 0.054519
2 2 0.200692 0.176133 0.366680 0.143272 0.113222
3 2 0.079196 0.071777 0.272922 0.326623 0.249483
0 2 0.271445 0.083625 0.168708 0.265461 0.210761
0 1 0.452636 0.113598 0.145007 0.041825 0.246934
2 1 0.047901 0.086704 0.531095 0.173064 0.161236
2 1 0.054153 0.097955 0.631444 0.154196 0.062251
2 1 0.119557 0.167235 0.516066 0.085236 0.111906
2 1 0.117459 0.159587 0.420342 0.213240 0.089372
2 1 0.071430 0.127909 0.534856 0.183804 0.082001
4 2 0.238896 0.202225 0.246739 0.026959 0.285180
3 2 0.186694 0.124313 0.225248 0.243301 0.220444
2 2 0.179171 0.135075 0.317128 0.213046 0.155580
2 2 0.057252 0.094846 0.409458 0.284141 0.154303
2 2 0.137418 0.129851 0.426996 0.205156 0.100579
2 2 0.184327 0.278272 0.360429 0.016772 0.160200
2 2 0.083165 0.148369 0.459833 0.081873 0.226761
4 2 0.169806 0.207556 0.228545 0.004711 0.389383
2 2 0.137563 0.226845 0.359627 0.027023 0.248943
4 2 0.113040 0.201693 0.203264 0.023279 0.458725
2 2 0.145199 0.227283 0.350232 0.033697 0.243589
2 3 0.098938 0.141273 0.425260 0.083851 0.250678
4 3 0.156138 0.193040 0.206141 0.016506 0.428175
4 3 0.257650 0.195877 0.243832 0.017067 0.285574
2 3 0.290198 0.207851 0.302949 0.050941 0.148061
2 3 0.079348 0.125597 0.496961 0.159636 0.138458
2 3 0.194843 0.276037 0.367896 0.008057 0.153166
4 3 0.123625 0.186550 0.181411 0.004966 0.503449
2 3 0.217721 0.230245 0.326167 0.045689 0.180178
2 3 0.092367 0.133555 0.449794 0.167746 0.156537
2 3 0.068865 0.154598 0.578118 0.107111 0.091308
2 3 0.124731 0.145250 0.409788 0.087536 0.232694
2 3 0.139407 0.170899 0.363517 0.096503 0.229674
2 3 0.176201 0.181698 0.366642 0.031398 0.244062
3 3 0.074695 0.060519 0.298437 0.522140 0.044208
0 3 0.354374 0.108123 0.121355 0.063812 0.352335
0 3 0.346884 0.159300 0.319429 0.073256 0.101131
4 3 0.194513 0.208464 0.290536 0.009383 0.297105
2 3 0.174785 0.159880 0.413428 0.147851 0.104056
3 3 0.039656 0.056544 0.406508 0.467581 0.029712
3 3 0.076007 0.080035 0.317002 0.467348 0.059609
4 3 0.234782 0.154424 0.254716 0.100190 0.255888
0 3 0.272781 0.145178 0.212103 0.138186 0.231753
3 3 0.014005 0.028101 0.370065 0.570499 0.017331
2 3 0.243043 0.182021 0.328752 0.116490 0.129694
3 3 0.061583 0.056603 0.341225 0.507865 0.032724
4 3 0.196057 0.206672 0.258234 0.046246 0.292792
4 3 0.203233 0.161938 0.198596 0.014645 0.421588
2 3 0.166527 0.254977 0.299539 0.018454 0.260503
2 3 0.163833 0.185861 0.310617 0.100380 0.239309
2 3 0.151836 0.261983 0.358182 0.028468 0.199531
3 3 0.055124 0.076311 0.348708 0.464750 0.055107
4 3 0.184498 0.169409 0.240394 0.072321 0.333378
3 3 0.026660 0.043164 0.416173 0.488505 0.025498
4 3 0.176334 0.150215 0.283715 0.079784 0.309952
3 3 0.128243 0.055158 0.327188 0.443476 0.045934
2 3 0.198187 0.146281 0.257802 0.237093 0.160637
0 3 0.435233 0.142635 0.193012 0.018281 0.210839
3 3 0.087056 0.064280 0.252991 0.517360 0.078313
2 3 0.236700 0.119712 0.282025 0.200091 0.161471
3 3 0.151100 0.039021 0.148137 0.597016 0.064725
3 3 0.048848 0.034522 0.358630 0.532371 0.025629
3 3 0.135275 0.108618 0.272965 0.324885 0.158257
3 3 0.041833 0.028634 0.183293 0.722428 0.023811
3 3 0.105396 0.056774 0.232908 0.541422 0.063499
3 3 0.087828 0.073666 0.306893 0.474662 0.056951
2 3 0.187192 0.139808 0.423622 0.140581 0.108798
4 3 0.232169 0.149537 0.237252 0.082838 0.298203
2 3 0.230477 0.121612 0.293847 0.187784 0.166280
3 3 0.101572 0.066750 0.311375 0.476721 0.043583
2 3 0.121037 0.140728 0.362751 0.082493 0.292991
2 3 0.313053 0.220493 0.322922 0.036245 0.107287
3 3 0.018884 0.032261 0.287615 0.639645 0.021595
3 3 0.121875 0.084514 0.357217 0.371040 0.065354
4 3 0.213767 0.182417 0.230158 0.094565 0.279094
3 3 0.012146 0.005100 0.088358 0.888241 0.006155
2 3 0.162049 0.162888 0.290787 0.199230 0.185045
3 3 0.101639 0.086635 0.335599 0.382290 0.093838
3 3 0.271789 0.094084 0.177961 0.320248 0.135917
3 3 0.108241 0.050547 0.176441 0.609434 0.055336
3 3 0.058312 0.044402 0.297390 0.567311 0.032585
2 3 0.074604 0.161086 0.657071 0.057413 0.049826
3 3 0.141717 0.111511 0.275283 0.338630 0.132859
3 3 0.060278 0.029030 0.154321 0.730096 0.026276
2 3 0.085254 0.063124 0.461793 0.344542 0.045286
2 3 0.041515 0.062968 0.432846 0.431091 0.031580
3 3 0.046345 0.069831 0.357712 0.470921 0.055191
3 3 0.010287 0.029591 0.421469 0.478505 0.060148
3 3 0.013328 0.034389 0.408831 0.525805 0.017646
3 3 0.016124 0.011727 0.204016 0.755908 0.012225
3 3 0.077165 0.036225 0.167141 0.679022 0.040447
2 3 0.035955 0.063700 0.459212 0.404858 0.036274
3 3 0.342389 0.073439 0.107958 0.394571 0.081643
0 3 0.444485 0.139088 0.210634 0.090823 0.114970
3 3 0.047111 0.058894 0.286276 0.564764 0.042954
3 3 0.068722 0.085625 0.392561 0.393460 0.059631
0 2 0.277981 0.182772 0.242085 0.049027 0.248136
4 2 0.145199 0.164318 0.158883 0.005959 0.525641
2 2 0.107241 0.213024 0.369850 0.014037 0.295848
4 2 0.105642 0.146101 0.132570 0.002851 0.612837
4 2 0.102932 0.144418 0.131810 0.004590 0.616250
2 2 0.107194 0.204402 0.457585 0.050928 0.179890
4 2 0.080395 0.163640 0.288846 0.008255 0.458863
4 2 0.163039 0.238127 0.255664 0.003053 0.340117
4 2 0.125449 0.193139 0.192688 0.003270 0.485454
4 2 0.074232 0.163626 0.337078 0.023931 0.401133
2 2 0.115473 0.191578 0.343697 0.021772 0.327479
4 2 0.217891 0.169479 0.180118 0.015294 0.417218
0 2 0.467952 0.079433 0.119281 0.245580 0.087753
0 1 0.393983 0.116275 0.173465 0.203766 0.112511
0 1 0.328182 0.188769 0.256061 0.013671 0.213317
4 1 0.114301 0.206033 0.259959 0.003891 0.415817
4 1 0.120010 0.245811 0.249070 0.005205 0.379904
4 1 0.084392 0.166980 0.262139 0.010199 0.476290
4 1 0.096629 0.119269 0.106783 0.001170 0.676149
4 1 0.079771 0.168016 0.181795 0.006096 0.564321
4 1 0.085748 0.169188 0.189493 0.002671 0.552899
2 1 0.178690 0.232414 0.379491 0.013131 0.196274
3 1 0.103675 0.076082 0.258840 0.432530 0.128873
2 1 0.198143 0.125904 0.289752 0.252688 0.133512
2 1 0.104854 0.125499 0.431600 0.156093 0.181954
3 1 0.044083 0.042555 0.341912 0.498381 0.073068
2 1 0.039226 0.116921 0.735480 0.049281 0.059093
4 1 0.163437 0.192416 0.287399 0.040834 0.315915
4 1 0.096571 0.186139 0.303113 0.049129 0.365048
4 1 0.159044 0.216986 0.296325 0.031289 0.296356
4 2 0.107508 0.164953 0.322468 0.044784 0.360288
2 2 0.197145 0.185314 0.403290 0.116839 0.097412
2 2 0.236783 0.227150 0.302638 0.037877 0.195552
4 2 0.197620 0.140465 0.166571 0.048318 0.447026
2 2 0.080987 0.100678 0.547207 0.216833 0.054294
3 2 0.071561 0.069101 0.377510 0.411820 0.070009
3 2 0.031678 0.041347 0.400020 0.505628 0.021327
3 2 0.221996 0.066543 0.181958 0.464663 0.064840
3 2 0.212055 0.127033 0.252566 0.301025 0.107321
2 4 0.120236 0.071560 0.425367 0.328685 0.054153
0 4 0.530566 0.104566 0.157524 0.095046 0.112298
0 4 0.500813 0.063524 0.153395 0.213192 0.069077
3 4 0.260859 0.113047 0.236705 0.288866 0.100523
2 4 0.264362 0.143104 0.299135 0.159524 0.133875
3 4 0.178929 0.060238 0.157052 0.340994 0.262787
3 4 0.198125 0.031476 0.163343 0.573577 0.033478
2 4 0.198193 0.233982 0.309620 0.038113 0.220092
2 4 0.141636 0.279789 0.330395 0.021069 0.227110
2 4 0.076382 0.142867 0.465868 0.156657 0.158227
2 4 0.090201 0.134372 0.538254 0.101240 0.135933
3 4 0.009472 0.021699 0.340448 0.616405 0.011977
2 4 0.128480 0.244524 0.444111 0.025837 0.157048
2 1 0.152073 0.160646 0.332896 0.054526 0.299858
2 1 0.109152 0.167786 0.344126 0.083460 0.295477
2 1 0.077820 0.197099 0.533628 0.022324 0.169129
4 1 0.117229 0.249248 0.311016 0.005588 0.316918
4 1 0.131790 0.236762 0.246937 0.008475 0.376036
2 1 0.054074 0.145124 0.402404 0.024676 0.373722
2 1 0.046288 0.128055 0.459731 0.051651 0.314275
2 1 0.057769 0.165928 0.461934 0.025279 0.289090
2 1 0.054302 0.160168 0.500467 0.022781 0.262283
2 1 0.074626 0.108242 0.437495 0.210792 0.168844
2 1 0.160307 0.185611 0.287371 0.096335 0.270376
2 1 0.208844 0.172661 0.394331 0.106962 0.117202
2 1 0.072413 0.162418 0.609187 0.065674 0.090309
3 1 0.025644 0.039404 0.424525 0.485241 0.025185
2 1 0.149003 0.163362 0.316864 0.258974 0.111797
0 1 0.335773 0.153018 0.181859 0.032651 0.296699
2 1 0.121856 0.162375 0.347937 0.091026 0.276806
4 1 0.178870 0.221113 0.253333 0.011151 0.335533
2 1 0.096326 0.217645 0.528454 0.020019 0.137556
4 1 0.162935 0.198661 0.216811 0.019768 0.401826
0 1 0.341825 0.181924 0.239214 0.004868 0.232168
4 1 0.179204 0.165948 0.188323 0.061068 0.405456
3 1 0.015241 0.023151 0.264987 0.677042 0.019579
4 1 0.123810 0.106877 0.168790 0.079285 0.521238
2 1 0.065494 0.187224 0.605377 0.065014 0.076891
2 1 0.172084 0.215723 0.515019 0.027854 0.069320
2 2 0.165893 0.195483 0.417481 0.045236 0.175907
4 2 0.170116 0.167996 0.246788 0.094422 0.320678
2 2 0.086131 0.148863 0.591162 0.047375 0.126469
2 2 0.175088 0.217736 0.376525 0.081972 0.148679
2 2 0.154419 0.150722 0.354911 0.214640 0.125307
2 2 0.086733 0.111314 0.518073 0.217127 0.066752
3 2 0.203063 0.145960 0.216064 0.310929 0.123983
2 2 0.088630 0.119488 0.488265 0.170947 0.132670
4 2 0.178287 0.071928 0.064827 0.014688 0.670269
2 2 0.079532 0.095842 0.398432 0.315905 0.110289
3 2 0.134036 0.041140 0.144619 0.639115 0.041091
3 2 0.169107 0.060707 0.179026 0.453316 0.137845
2 2 0.191030 0.230513 0.414874 0.059196 0.104388
2 2 0.133391 0.220298 0.392015 0.044321 0.209976
3 2 0.034201 0.056299 0.374057 0.490764 0.044679
2 2 0.080552 0.096979 0.426598 0.284609 0.111262
2 2 0.082011 0.096391 0.437130 0.326529 0.057939
4 2 0.135447 0.204214 0.264543 0.012674 0.383121
3 2 0.104302 0.059784 0.247409 0.433782 0.154723
0 2 0.500636 0.107497 0.161934 0.118219 0.111714
0 1 0.400158 0.162838 0.249480 0.055827 0.131696
2 1 0.252322 0.108730 0.309307 0.238194 0.091447
4 1 0.306488 0.143419 0.157619 0.014236 0.378239
2 1 0.127444 0.217647 0.450311 0.024873 0.179724
2 1 0.109885 0.240594 0.341809 0.007886 0.299825
2 1 0.086805 0.159193 0.455814 0.057213 0.240975
2 2 0.040075 0.126332 0.607948 0.095660 0.129985
2 2 0.080309 0.179026 0.503079 0.073200 0.164385
2 2 0.134289 0.149341 0.353808 0.266000 0.096562
0 2 0.390263 0.084603 0.125451 0.308603 0.091079
2 1 0.281668 0.129563 0.354960 0.131499 0.102310
4 1 0.141090 0.175126 0.290297 0.040739 0.352747
2 1 0.045031 0.146503 0.668768 0.020167 0.119530
2 1 0.062868 0.169185 0.537169 0.020902 0.209876
3 1 0.063472 0.086491 0.318535 0.470283 0.061219
4 1 0.175895 0.192136 0.228671 0.016786 0.386511
2 1 0.075919 0.159467 0.379539 0.031136 0.353939
2 2 0.115783 0.182524 0.356211 0.023353 0.322130
2 2 0.042519 0.145603 0.707920 0.057448 0.046510
2 2 0.021820 0.064473 0.598849 0.258389 0.056469
2 2 0.089983 0.099607 0.424041 0.316818 0.069552
2 2 0.092899 0.153268 0.565889 0.122043 0.065902
2 2 0.043857 0.095070 0.557170 0.238085 0.065818
2 2 0.036119 0.098879 0.547204 0.209595 0.108203
2 2 0.075606 0.129188 0.455961 0.162514 0.176732
2 2 0.110661 0.106318 0.445571 0.224665 0.112786
2 2 0.036927 0.090686 0.640573 0.197067 0.034748
2 2 0.119799 0.228666 0.333908 0.021710 0.295917
4 2 0.105459 0.162738 0.307951 0.030838 0.393014
2 2 0.090883 0.168244 0.376355 0.063940 0.300578
2 2 0.058020 0.130791 0.505508 0.169254 0.136428
2 2 0.159617 0.168055 0.384401 0.089432 0.198495
2 2 0.070169 0.091748 0.389726 0.386565 0.061792
2 2 0.048467 0.092408 0.493025 0.286449 0.079651
2 2 0.026947 0.062645 0.567189 0.315854 0.027365
2 2 0.216736 0.143943 0.352024 0.164380 0.122917
2 2 0.169076 0.221019 0.363100 0.131547 0.115258
2 2 0.051423 0.083720 0.481387 0.344693 0.038777
2 2 0.102360 0.146099 0.377160 0.152701 0.221680
2 2 0.160876 0.173409 0.347112 0.046895 0.271708
2 2 0.102357 0.130643 0.415873 0.194551 0.156576
2 2 0.041688 0.092549 0.562496 0.215159 0.088109
2 2 0.016233 0.035923 0.558104 0.377176 0.012563
2 2 0.107612 0.191246 0.579794 0.055273 0.066075
0 2 0.314968 0.176351 0.277707 0.100103 0.130871
3 2 0.043908 0.063927 0.399984 0.457357 0.034824
0 2 0.284124 0.126880 0.156222 0.172419 0.260355
2 2 0.042067 0.069927 0.539158 0.300938 0.047910
2 2 0.159469 0.128119 0.310274 0.247916 0.154221
0 2 0.390797 0.124234 0.175365 0.157051 0.152552
0 2 0.490939 0.096466 0.135910 0.137600 0.139085
4 2 0.251740 0.123635 0.133752 0.013458 0.477415
2 2 0.150678 0.129480 0.307382 0.296875 0.115585
4 2 0.200221 0.082284 0.112115 0.079821 0.525558
0 2 0.447308 0.066650 0.095950 0.297912 0.092180
0 2 0.404071 0.111790 0.144359 0.123229 0.216551
3 2 0.159954 0.076559 0.240175 0.456052 0.067261
0 2 0.779745 0.053377 0.084820 0.017007 0.065052
4 2 0.254410 0.138048 0.154118 0.013932 0.439493
4 2 0.224890 0.167884 0.239112 0.081949 0.286165
3 1 0.057080 0.078639 0.314560 0.493457 0.056264
0 1 0.423933 0.151819 0.227625 0.086539 0.110084
2 1 0.283011 0.230956 0.345157 0.026864 0.114013
4 1 0.079534 0.164257 0.255053 0.022640 0.478516
2 1 0.084048 0.137112 0.598131 0.053372 0.127337
2 1 0.112773 0.213588 0.507049 0.030282 0.136309
2 1 0.074219 0.158295 0.530419 0.173305 0.063762
2 1 0.048206 0.192346 0.682901 0.025123 0.051424
2 1 0.058280 0.127357 0.542796 0.179591 0.091975
2 1 0.056810 0.140553 0.596712 0.084398 0.121527
4 1 0.192388 0.219959 0.257870 0.020157 0.309625
2 1 0.043686 0.113414 0.562911 0.119041 0.160948
4 1 0.129684 0.220499 0.274194 0.003640 0.371983
2 1 0.165572 0.152532 0.456551 0.094756 0.130588
3 1 0.206293 0.026190 0.090197 0.645919 0.031402
0 1 0.344052 0.109543 0.161589 0.277024 0.107792
4 1 0.186489 0.215107 0.233934 0.023112 0.341358
2 1 0.045552 0.148575 0.600552 0.062677 0.142644
2 1 0.071250 0.205587 0.412208 0.025992 0.284963
2 1 0.064743 0.165557 0.540358 0.035026 0.194316
2 1 0.039520 0.125715 0.687908 0.043396 0.103461
2 1 0.079183 0.183079 0.471955 0.016878 0.248905
2 1 0.075305 0.186309 0.506877 0.027192 0.204317
2 1 0.062241 0.161178 0.516708 0.055882 0.203991
4 1 0.119520 0.192683 0.263119 0.038377 0.386301
2 1 0.070225 0.167030 0.532427 0.038619 0.191699
2 1 0.051492 0.122958 0.555059 0.067244 0.203248
2 4 0.117412 0.214163 0.504944 0.030265 0.133216
2 4 0.103417 0.161226 0.436754 0.108457 0.190146
2 4 0.237400 0.262591 0.324970 0.003326 0.171712
3 4 0.035281 0.021810 0.161563 0.762847 0.018500
3 4 0.066628 0.057485 0.373711 0.418342 0.083834
2 4 0.067024 0.119708 0.523040 0.105512 0.184716
4 4 0.225027 0.147557 0.159258 0.033305 0.434853
2 4 0.080209 0.088365 0.518392 0.261744 0.051290
2 4 0.144031 0.188808 0.413571 0.038944 0.214646
2 4 0.213311 0.106070 0.311603 0.150713 0.218304
2 4 0.094883 0.194278 0.510715 0.028860 0.171264
2 4 0.117590 0.209628 0.528048 0.017930 0.126805
3 4 0.037009 0.044215 0.331004 0.556650 0.031122
0 4 0.401130 0.168132 0.259563 0.039737 0.131438
2 4 0.156144 0.141360 0.304544 0.244777 0.153175
2 1 0.111751 0.076683 0.443634 0.322176 0.045756
2 1 0.081872 0.186533 0.583455 0.057703 0.090438
3 2 0.127388 0.066671 0.228302 0.361390 0.216248
0 1 0.446987 0.056668 0.108701 0.321332 0.066312
0 1 0.413809 0.124656 0.171138 0.111809 0.178588
2 1 0.086807 0.126061 0.466617 0.196619 0.123896
2 1 0.101858 0.115588 0.463304 0.245561 0.073689
2 1 0.060142 0.158953 0.584520 0.028367 0.168018
2 1 0.075352 0.120346 0.469024 0.217133 0.118145
4 1 0.081085 0.111420 0.293053 0.102591 0.411851
4 1 0.103211 0.084270 0.073847 0.006006 0.732667
2 1 0.300871 0.236712 0.359921 0.008595 0.093901
2 1 0.065811 0.095465 0.534838 0.232660 0.071226
2 1 0.123662 0.113061 0.424703 0.194249 0.144326
2 1 0.107597 0.189971 0.459524 0.045591 0.197318
2 1 0.057799 0.148326 0.558598 0.060614 0.174663
2 1 0.025106 0.058392 0.565823 0.328478 0.022201
3 1 0.054121 0.051698 0.343224 0.511150 0.039807
2 1 0.266551 0.234571 0.315265 0.009869 0.173744
2 1 0.080224 0.170431 0.582746 0.046954 0.119645
3 1 0.150529 0.071348 0.213480 0.433076 0.131567
4 1 0.104851 0.188445 0.301609 0.009749 0.395346
2 1 0.049252 0.171308 0.611464 0.036772 0.131205
2 1 0.054594 0.139729 0.475470 0.071734 0.258473
4 1 0.160293 0.206518 0.279893 0.020473 0.332823
0 1 0.422086 0.107938 0.155915 0.187244 0.126816
2 1 0.113156 0.122088 0.465119 0.195308 0.104328
3 1 0.197457 0.098713 0.287608 0.332821 0.083400
0 2 0.531280 0.100092 0.153253 0.114777 0.100599
2 2 0.100314 0.136946 0.368659 0.056129 0.337951
2 2 0.022563 0.068395 0.599227 0.266254 0.043561
4 2 0.119266 0.253773 0.304116 0.006909 0.315937
2 2 0.154574 0.134382 0.323081 0.163843 0.224121
4 2 0.164418 0.173076 0.261028 0.048185 0.353293
2 2 0.057912 0.071305 0.426530 0.340628 0.103624
0 2 0.405692 0.130961 0.168815 0.042684 0.251848
2 2 0.169830 0.155328 0.364818 0.115046 0.194977
3 2 0.035921 0.035386 0.261801 0.630698 0.036194
2 2 0.082340 0.209974 0.552776 0.039756 0.115154
2 2 0.062226 0.088334 0.419682 0.162604 0.267154
4 2 0.135611 0.109747 0.254298 0.070239 0.430105
2 2 0.058004 0.137535 0.544470 0.113346 0.146644
3 2 0.047771 0.056352 0.377239 0.462812 0.055826
2 2 0.141238 0.152182 0.483002 0.124728 0.098850
2 2 0.059184 0.118998 0.583625 0.099077 0.139115
2 2 0.064912 0.099997 0.546382 0.218555 0.070154
2 2 0.082587 0.167789 0.383821 0.031801 0.334002
2 2 0.264047 0.249115 0.371522 0.015489 0.099827
2 2 0.052708 0.157185 0.468380 0.035475 0.286251
4 2 0.178994 0.246384 0.269643 0.008709 0.296269
2 2 0.153668 0.198011 0.432402 0.043241 0.172679
2 2 0.171861 0.194271 0.450786 0.059010 0.124072
4 2 0.084132 0.196731 0.329850 0.007096 0.382191
4 2 0.156842 0.236831 0.278767 0.013323 0.314236
3 2 0.066197 0.022239 0.119077 0.770635 0.021853
3 2 0.022534 0.033923 0.346405 0.545801 0.051337
0 2 0.394248 0.149749 0.253462 0.071468 0.131073
2 2 0.224588 0.124331 0.281652 0.261698 0.107731
3 2 0.043420 0.034772 0.280181 0.609386 0.032241
2 1 0.233045 0.261509 0.370912 0.046544 0.087991
3 1 0.171990 0.049848 0.172714 0.556319 0.049129
0 1 0.385692 0.175222 0.270820 0.034849 0.133417
2 1 0.130012 0.214895 0.336774 0.006900 0.311418
2 1 0.097596 0.185660 0.515242 0.063454 0.138048
3 1 0.106729 0.035567 0.156107 0.647844 0.053753
4 1 0.122098 0.188692 0.328740 0.026256 0.334213
2 1 0.082151 0.193497 0.472784 0.026618 0.224951
2 1 0.066785 0.135050 0.520672 0.109175 0.168318
2 2 0.090614 0.203533 0.555900 0.042505 0.107449
2 2 0.047000 0.152931 0.650232 0.037666 0.112171
2 2 0.077516 0.164411 0.540002 0.042996 0.175075
2 2 0.103459 0.172871 0.502714 0.063185 0.157771
2 2 0.122411 0.178763 0.450834 0.049749 0.198243
2 2 0.066371 0.165958 0.549000 0.099445 0.119226
4 2 0.146892 0.232303 0.274169 0.015242 0.331393
2 2 0.052645 0.144859 0.661682 0.059782 0.081031
2 2 0.070939 0.188745 0.554605 0.017044 0.168666
2 2 0.134813 0.158264 0.408041 0.032728 0.266153
2 2 0.062388 0.157426 0.648316 0.045572 0.086299
2 2 0.132025 0.223391 0.363716 0.026436 0.254431
2 2 0.080354 0.142648 0.649714 0.076610 0.050674
2 2 0.136033 0.160416 0.419099 0.052084 0.232367
2 2 0.274119 0.241741 0.341501 0.012855 0.129784
2 3 0.147243 0.123377 0.470626 0.149207 0.109547
2 3 0.081225 0.103594 0.499201 0.253782 0.062198
2 3 0.150882 0.141744 0.397040 0.211358 0.098975
2 3 0.088279 0.104022 0.385363 0.349934 0.072402
2 3 0.131033 0.114065 0.421482 0.261429 0.071992
4 3 0.190668 0.176241 0.270706 0.044678 0.317707
3 3 0.053151 0.030738 0.185439 0.696633 0.034039
0 3 0.376602 0.110400 0.223285 0.187680 0.102033
0 3 0.352198 0.195063 0.287403 0.060991 0.104345
0 3 0.524887 0.052965 0.080049 0.275884 0.066215
0 3 0.516451 0.063362 0.092609 0.240117 0.087462
0 3 0.304456 0.172212 0.256135 0.126827 0.140370
2 1 0.250867 0.218353 0.311941 0.068841 0.149998
4 1 0.149490 0.093313 0.143111 0.037909 0.576177
2 1 0.193050 0.243890 0.292534 0.015131 0.255395
4 1 0.112156 0.142036 0.296192 0.106787 0.342830
4 1 0.117143 0.154510 0.152672 0.021823 0.553851
4 2 0.117581 0.214946 0.286094 0.035916 0.345463
2 2 0.127666 0.220846 0.461422 0.065660 0.124407
2 2 0.128959 0.239882 0.393331 0.014216 0.223612
2 2 0.102597 0.181696 0.380425 0.052770 0.282511
2 2 0.046541 0.085600 0.536117 0.268557 0.063185
4 2 0.189332 0.218612 0.256174 0.032747 0.303135
4 2 0.111037 0.180414 0.276206 0.022193 0.410150
2 3 0.151855 0.225464 0.483497 0.024480 0.114704
4 3 0.155035 0.157161 0.254622 0.045387 0.387795
3 3 0.011389 0.023134 0.312025 0.638388 0.015064
2 3 0.107972 0.135157 0.400031 0.251359 0.105481
2 3 0.029442 0.066516 0.489001 0.359865 0.055175
4 3 0.202700 0.165351 0.240763 0.130420 0.260767
2 3 0.133945 0.215825 0.497006 0.050821 0.102402
3 3 0.030711 0.043902 0.296666 0.590859 0.037862
2 3 0.090568 0.115461 0.461422 0.262349 0.070200
3 3 0.063247 0.047758 0.239439 0.601007 0.048549
3 3 0.086764 0.054989 0.224490 0.566507 0.067250
4 3 0.091548 0.144460 0.313210 0.072706 0.378077
0 3 0.286739 0.116812 0.268912 0.153186 0.174351
3 3 0.118536 0.082418 0.252892 0.294181 0.251973
2 3 0.081571 0.177065 0.368428 0.007482 0.365453
2 3 0.072287 0.189734 0.539135 0.057414 0.141429
2 3 0.094459 0.153108 0.454421 0.037246 0.260766
2 3 0.026409 0.080926 0.613346 0.214501 0.064818
2 3 0.087864 0.181540 0.395177 0.023981 0.311438
2 3 0.236403 0.241268 0.356052 0.021437 0.144840
4 3 0.085905 0.167025 0.278126 0.019071 0.449872
4 3 0.111988 0.135416 0.307900 0.030688 0.414007
2 3 0.068378 0.166606 0.485005 0.023331 0.256679
4 3 0.093819 0.177697 0.158462 0.001992 0.568029
2 3 0.137194 0.208596 0.455305 0.028206 0.170698
2 3 0.231482 0.233273 0.339738 0.020822 0.174684
4 3 0.219984 0.192902 0.230572 0.018470 0.338072
2 3 0.081898 0.124206 0.533356 0.197512 0.063028
2 3 0.164378 0.173552 0.293535 0.166566 0.201969
2 3 0.138992 0.175936 0.458818 0.035740 0.190515
2 3 0.054402 0.108835 0.650725 0.097357 0.088681
2 3 0.182828 0.263857 0.328283 0.019562 0.205469
2 3 0.138206 0.185900 0.488741 0.118489 0.068664
2 3 0.084737 0.070907 0.436092 0.357422 0.050841
2 3 0.223232 0.221682 0.293128 0.050068 0.211891
2 3 0.180606 0.245614 0.297754 0.027650 0.248376
2 3 0.246530 0.116404 0.269083 0.167313 0.200670
2 3 0.142887 0.124120 0.307130 0.132202 0.293661
4 3 0.119288 0.101003 0.093227 0.012337 0.674145
2 3 0.184169 0.195564 0.301425 0.157845 0.160998
2 3 0.232834 0.170807 0.349251 0.090247 0.156861
2 3 0.132759 0.144928 0.330700 0.221551 0.170061
4 3 0.192410 0.175132 0.244566 0.094296 0.293597
3 3 0.100359 0.058744 0.245577 0.514488 0.080832
2 3 0.161885 0.201816 0.455478 0.070661 0.110160
2 3 0.091182 0.100539 0.438096 0.297572 0.072611
2 3 0.096128 0.131025 0.309365 0.260736 0.202747
2 3 0.236802 0.124137 0.253335 0.217530 0.168196
2 3 0.207914 0.118081 0.297964 0.278893 0.097147
3 3 0.204409 0.113276 0.203978 0.332787 0.145550
2 3 0.259263 0.234226 0.340037 0.049848 0.116626
0 3 0.348547 0.122466 0.282766 0.141551 0.104670
3 3 0.151377 0.051332 0.199741 0.549233 0.048317
3 3 0.234315 0.035802 0.142846 0.525593 0.061445
2 3 0.254664 0.167702 0.316793 0.111962 0.148878
4 3 0.211612 0.119193 0.235438 0.186592 0.247165
3 3 0.049643 0.044916 0.256061 0.589105 0.060275
3 3 0.118798 0.041429 0.184101 0.618940 0.036731
2 3 0.188248 0.161329 0.387326 0.154518 0.108578
0 3 0.287497 0.144407 0.208187 0.148336 0.211572
3 3 0.159420 0.105255 0.248634 0.355029 0.131662
0 3 0.442029 0.111468 0.153381 0.126874 0.166248
3 3 0.198995 0.096041 0.183312 0.319568 0.202084
0 3 0.346435 0.193838 0.289497 0.053473 0.116757
3 3 0.057266 0.084963 0.371294 0.431352 0.055126
0 3 0.287610 0.161721 0.214105 0.111225 0.225339
3 3 0.093041 0.045195 0.283580 0.482460 0.095725
2 3 0.131831 0.178841 0.320863 0.161573 0.206892
2 3 0.037853 0.061269 0.454463 0.412012 0.034403
2 3 0.198431 0.142129 0.340913 0.119050 0.199477
2 3 0.123081 0.143802 0.442198 0.167669 0.123251
3 3 0.193233 0.119182 0.244153 0.286823 0.156610
3 3 0.007059 0.012659 0.296027 0.677796 0.006459
2 3 0.106640 0.111273 0.443405 0.213611 0.125070
3 3 0.008987 0.008741 0.163672 0.812486 0.006115
4 3 0.249344 0.150805 0.173421 0.040517 0.385913
2 3 0.181289 0.173814 0.232946 0.222501 0.189450
2 3 0.092052 0.155347 0.475098 0.107685 0.169818
3 3 0.065243 0.062778 0.256479 0.566690 0.048811
2 3 0.097931 0.134128 0.303118 0.238690 0.226133
2 3 0.228037 0.139147 0.316284 0.211353 0.105179
3 3 0.110238 0.064706 0.290733 0.446134 0.088189
3 3 0.107366 0.080387 0.283025 0.398556 0.130665
3 3 0.037616 0.038201 0.250988 0.634240 0.038955
2 3 0.146994 0.181085 0.538787 0.058075 0.075060
2 3 0.233674 0.246949 0.351807 0.046274 0.121297
2 3 0.182943 0.181456 0.361161 0.122103 0.152337
2 3 0.099232 0.145622 0.543275 0.097868 0.114003
2 3 0.220918 0.192236 0.352654 0.069803 0.164389
2 3 0.053598 0.086517 0.445022 0.364543 0.050320
0 3 0.309073 0.121658 0.177645 0.282668 0.108956
0 3 0.306478 0.126569 0.216567 0.155145 0.195242
2 3 0.160531 0.159630 0.357321 0.224147 0.098370
4 3 0.223529 0.194112 0.246478 0.013469 0.322411
3 3 0.059668 0.050030 0.260901 0.584414 0.044985
0 3 0.267596 0.143971 0.209994 0.253213 0.125227
4 3 0.226027 0.164421 0.192750 0.037380 0.379423
2 3 0.205993 0.215123 0.346576 0.129093 0.103214
0 3 0.328628 0.179844 0.263367 0.113633 0.114528
2 3 0.071388 0.073216 0.381027 0.368885 0.105485
3 3 0.041322 0.042568 0.280661 0.598947 0.036502
4 3 0.207292 0.172678 0.190377 0.007292 0.422361
2 3 0.094383 0.103418 0.426505 0.206381 0.169312
4 3 0.134702 0.157834 0.235545 0.118931 0.352988
3 3 0.135968 0.057448 0.308586 0.460316 0.037683
0 3 0.495056 0.090598 0.116687 0.094384 0.203274
0 2 0.343882 0.135676 0.201227 0.195751 0.123463
0 2 0.314808 0.168680 0.217963 0.016911 0.281638
4 2 0.087149 0.193769 0.308178 0.006673 0.404231
4 2 0.067851 0.127032 0.102767 0.001020 0.701330
4 2 0.077222 0.171066 0.141025 0.000441 0.610247
4 2 0.048602 0.093474 0.068210 0.000289 0.789424
4 2 0.078143 0.143963 0.136546 0.004629 0.636719
4 2 0.066430 0.100638 0.080203 0.001035 0.751694
2 2 0.031172 0.080030 0.591973 0.222101 0.074724
2 2 0.048416 0.137662 0.616460 0.071259 0.126204
2 2 0.112334 0.184516 0.462332 0.118431 0.122386
2 4 0.102596 0.094936 0.417556 0.291448 0.093463
2 4 0.253408 0.108429 0.257509 0.255564 0.125090
0 4 0.309010 0.125357 0.239760 0.215051 0.110822
4 4 0.258879 0.172785 0.211920 0.069419 0.286997
0 4 0.266358 0.158175 0.250829 0.146674 0.177964
2 1 0.063984 0.119460 0.557199 0.199765 0.059590
2 1 0.115565 0.168720 0.383340 0.065113 0.267262
2 1 0.091947 0.174528 0.531718 0.033719 0.168087
2 1 0.139117 0.221728 0.533111 0.016325 0.089718
2 1 0.069127 0.079531 0.449427 0.355075 0.046840
0 1 0.314387 0.100252 0.122833 0.231492 0.231037
0 1 0.330847 0.200596 0.304271 0.036440 0.127846
2 1 0.157616 0.223419 0.410405 0.022058 0.186502
2 1 0.043814 0.146164 0.622306 0.059066 0.128650
3 1 0.016996 0.024325 0.297946 0.644382 0.016351
0 1 0.421193 0.132405 0.194986 0.115572 0.135843
2 1 0.051920 0.099730 0.440435 0.323254 0.084660
2 4 0.031133 0.060478 0.486036 0.391412 0.030941
2 4 0.102107 0.244114 0.454603 0.040701 0.158475
4 4 0.163101 0.195073 0.265914 0.010606 0.365306
3 4 0.087906 0.105441 0.298576 0.429479 0.078598
0 4 0.514345 0.047564 0.058719 0.224633 0.154740
2 4 0.171030 0.170673 0.503453 0.057337 0.097506
2 4 0.045363 0.128616 0.707222 0.068616 0.050183
4 4 0.217800 0.111770 0.173213 0.211573 0.285644
4 4 0.159558 0.117340 0.112782 0.018527 0.591794
4 4 0.148474 0.183833 0.309269 0.023240 0.335185
2 4 0.022779 0.090543 0.711093 0.117465 0.058120
2 4 0.036928 0.135118 0.660526 0.045999 0.121429
2 4 0.152766 0.220865 0.446087 0.061814 0.118468
2 4 0.037345 0.070508 0.418624 0.314161 0.159362
4 4 0.200784 0.221736 0.271408 0.034227 0.271845
4 4 0.131856 0.195933 0.215328 0.018901 0.437982
3 4 0.245271 0.074299 0.212490 0.385447 0.082493
2 4 0.093956 0.181539 0.420820 0.074596 0.229089
2 4 0.022391 0.058904 0.650583 0.233811 0.034311
2 4 0.045407 0.119922 0.584213 0.143598 0.106859
4 4 0.209027 0.130614 0.148727 0.011712 0.499920
4 4 0.103009 0.192869 0.180972 0.004925 0.518225
2 4 0.062863 0.136067 0.646968 0.092121 0.061981
2 4 0.190954 0.119555 0.308887 0.222884 0.157719
0 4 0.500655 0.092852 0.150781 0.160066 0.095646
2 4 0.078163 0.131815 0.462729 0.121615 0.205678
4 4 0.144251 0.154999 0.173830 0.036515 0.490405
2 4 0.053662 0.105358 0.510517 0.194053 0.136410
2 4 0.073444 0.171243 0.641209 0.020829 0.093276
2 4 0.080373 0.196177 0.554734 0.076341 0.092374
2 4 0.032814 0.052353 0.524503 0.353822 0.036509
2 4 0.031314 0.151562 0.643724 0.031426 0.141974
2 4 0.098112 0.153801 0.417623 0.189952 0.140512
2 4 0.096379 0.129629 0.394765 0.213433 0.165794
2 4 0.027835 0.128297 0.654231 0.049300 0.140337
2 4 0.159422 0.218186 0.452779 0.059736 0.109877
2 4 0.054942 0.141291 0.574338 0.039809 0.189619
2 4 0.065466 0.195951 0.544665 0.033140 0.160778
2 4 0.056553 0.133618 0.549759 0.063477 0.196593
2 4 0.053953 0.148287 0.578140 0.041435 0.178185
2 4 0.047237 0.092187 0.463509 0.273796 0.123271
2 4 0.056055 0.069538 0.448884 0.383718 0.041805
4 4 0.333420 0.106189 0.119909 0.072424 0.368058
3 0 0.154038 0.137819 0.249117 0.347946 0.111079
3 0 0.093983 0.053575 0.321504 0.488832 0.042107
3 0 0.307065 0.022170 0.045394 0.593697 0.031674
0 0 0.748781 0.054587 0.087041 0.047196 0.062395
4 0 0.162162 0.070275 0.164044 0.194985 0.408533
4 0 0.330155 0.060752 0.057021 0.021304 0.530768
3 0 0.233973 0.064033 0.126241 0.505271 0.070481
2 0 0.077224 0.172716 0.574785 0.053557 0.121718
3 0 0.326749 0.087026 0.127663 0.366852 0.091710
0 0 0.501957 0.094113 0.123128 0.084990 0.195813
2 0 0.059104 0.144649 0.572336 0.109202 0.114708
2 0 0.059386 0.137165 0.616626 0.072271 0.114552
2 0 0.040337 0.164745 0.678719 0.024598 0.091600
2 1 0.032630 0.137151 0.608148 0.038604 0.183467
2 1 0.051613 0.157454 0.637348 0.028235 0.125349
2 4 0.160930 0.254709 0.325327 0.019994 0.239040
3 4 0.172767 0.092934 0.249241 0.268292 0.216766
0 4 0.676636 0.044955 0.069680 0.150716 0.058013
0 4 0.524729 0.107032 0.164214 0.099538 0.104488
3 4 0.326910 0.094325 0.135686 0.336628 0.106451
0 4 0.613521 0.073206 0.113010 0.118951 0.081312
0 4 0.347153 0.156577 0.215552 0.083371 0.197347
2 4 0.043487 0.087097 0.550406 0.254401 0.064609
2 4 0.056610 0.179724 0.548750 0.030769 0.184146
2 4 0.080869 0.191266 0.367925 0.011319 0.348621
4 4 0.063658 0.187749 0.342183 0.019784 0.386627
2 4 0.033820 0.130311 0.469133 0.039369 0.327368
2 4 0.028602 0.127921 0.572964 0.041419 0.229093
2 4 0.037102 0.160233 0.591198 0.017784 0.193683
2 4 0.023745 0.127143 0.728830 0.039498 0.080784
2 4 0.029727 0.153011 0.703786 0.019998 0.093478
2 4 0.021228 0.122946 0.651148 0.027839 0.176839
2 2 0.036089 0.165407 0.556031 0.015931 0.226541
2 2 0.039901 0.156933 0.465777 0.020220 0.317170
2 2 0.038255 0.147498 0.640583 0.032637 0.141026
2 2 0.033346 0.130563 0.655599 0.074353 0.106140
2 2 0.051086 0.135390 0.495511 0.062779 0.255235
2 2 0.130912 0.134627 0.487117 0.120408 0.126936
2 2 0.109901 0.186751 0.371551 0.030613 0.301185
2 2 0.089467 0.132094 0.482265 0.101711 0.194463
4 2 0.119724 0.186391 0.252636 0.012909 0.428340
2 2 0.053761 0.108011 0.542243 0.194140 0.101845
2 2 0.069379 0.193930 0.517798 0.027330 0.191564
2 2 0.052160 0.134554 0.657627 0.088702 0.066957
2 2 0.070805 0.162416 0.551904 0.080656 0.134219
2 2 0.082670 0.138074 0.531321 0.186913 0.061023
2 4 0.049989 0.140010 0.569603 0.079107 0.161291
2 4 0.135799 0.177883 0.454187 0.075177 0.156954
2 4 0.155577 0.176065 0.339754 0.072033 0.256571
2 4 0.215522 0.208080 0.332407 0.050125 0.193866
2 4 0.221906 0.178638 0.358776 0.083811 0.156869
2 4 0.132364 0.218832 0.368852 0.032060 0.247891
2 4 0.129687 0.259214 0.389012 0.011581 0.210506
2 4 0.147376 0.223759 0.411647 0.075349 0.141869
2 1 0.243826 0.113009 0.283868 0.263205 0.096091
2 1 0.064711 0.131091 0.628654 0.068722 0.106822
2 1 0.062221 0.101886 0.546842 0.232511 0.056541
2 1 0.112553 0.130187 0.370795 0.106837 0.279628
4 1 0.204577 0.185056 0.210955 0.039782 0.359630
2 1 0.088485 0.122926 0.525663 0.208349 0.054578
2 1 0.026653 0.058741 0.562496 0.272166 0.079943
2 1 0.101202 0.146074 0.490326 0.148532 0.113866
2 1 0.073285 0.131471 0.639451 0.057430 0.098363
2 1 0.065054 0.153971 0.571037 0.024715 0.185224
2 1 0.153585 0.267754 0.378553 0.014034 0.186073
4 1 0.193014 0.093440 0.114546 0.030926 0.568074
3 1 0.213504 0.061508 0.253138 0.414884 0.056966
4 1 0.223864 0.140973 0.155125 0.014331 0.465707
2 1 0.107718 0.132898 0.443588 0.168793 0.147003
2 1 0.142275 0.147781 0.467121 0.083319 0.159504
2 1 0.072802 0.123818 0.474264 0.214901 0.114215
2 1 0.044609 0.128599 0.649179 0.137972 0.039642
3 1 0.018163 0.026081 0.330674 0.610964 0.014119
3 2 0.054853 0.024264 0.179274 0.720124 0.021485
2 2 0.235882 0.141601 0.369843 0.144822 0.107852
2 2 0.038622 0.084258 0.627043 0.222349 0.027730
2 2 0.079305 0.134061 0.573275 0.108644 0.104715
2 2 0.030792 0.082480 0.627181 0.228597 0.030951
0 2 0.439917 0.163095 0.257691 0.017251 0.122045
0 2 0.681803 0.086162 0.140305 0.013044 0.078687
2 2 0.106726 0.125728 0.475720 0.151826 0.140001
2 2 0.088282 0.177307 0.489611 0.138991 0.105808
2 2 0.025438 0.060919 0.448532 0.333991 0.131120
2 2 0.028929 0.051873 0.488700 0.403245 0.027252
2 2 0.022924 0.074724 0.673866 0.170085 0.058401
2 2 0.055610 0.167287 0.567530 0.048359 0.161215
2 2 0.037956 0.102720 0.591111 0.201176 0.067037
2 2 0.073697 0.141595 0.503872 0.043991 0.236846
2 2 0.089146 0.168088 0.543714 0.089049 0.110002
0 2 0.511465 0.138996 0.221145 0.017576 0.110818
2 2 0.237582 0.242856 0.355049 0.046987 0.117526
2 2 0.184855 0.242216 0.294249 0.027584 0.251096
2 2 0.116365 0.156457 0.421635 0.080873 0.224670
4 2 0.160078 0.223292 0.280274 0.021120 0.315236
2 2 0.155278 0.166853 0.343384 0.046242 0.288243
2 2 0.051938 0.110799 0.506218 0.121022 0.210023
2 2 0.048950 0.097256 0.614544 0.198964 0.040286
2 2 0.111959 0.176648 0.478219 0.075911 0.157263
2 2 0.037656 0.063264 0.525224 0.316124 0.057732
2 2 0.133673 0.197056 0.413503 0.034541 0.221227
4 2 0.163376 0.174144 0.311225 0.033238 0.318017
2 2 0.101240 0.179459 0.560581 0.070398 0.088322
2 2 0.119398 0.187086 0.437991 0.065798 0.189727
2 2 0.125999 0.150922 0.511440 0.109003 0.102636
2 2 0.121744 0.176427 0.525994 0.089417 0.086417
4 2 0.189351 0.216227 0.258574 0.038813 0.297035
2 2 0.247727 0.222802 0.323797 0.083064 0.122610
2 2 0.139453 0.225504 0.427808 0.074507 0.132727
2 2 0.158723 0.303392 0.387018 0.005393 0.145473
2 2 0.174643 0.160284 0.426945 0.081227 0.156903
4 2 0.210477 0.133886 0.144759 0.094513 0.416365
2 2 0.016328 0.034226 0.463354 0.457067 0.029024
2 2 0.120474 0.203151 0.418495 0.066528 0.191352
3 2 0.315136 0.098990 0.145043 0.340816 0.100014
0 2 0.356261 0.132832 0.161074 0.020435 0.329398
4 2 0.213287 0.200166 0.238639 0.053933 0.293974
3 2 0.058829 0.037704 0.238963 0.575175 0.089330
0 2 0.308845 0.184526 0.276859 0.085942 0.143827
2 2 0.142196 0.125297 0.395348 0.229162 0.107997
2 2 0.090796 0.114342 0.564447 0.178775 0.051641
2 2 0.030327 0.070444 0.489355 0.376352 0.033522
2 2 0.183732 0.206877 0.344330 0.050906 0.214156
2 2 0.171258 0.220143 0.419364 0.032748 0.156487
4 2 0.263164 0.157515 0.190039 0.046589 0.342693
2 2 0.100615 0.112413 0.334252 0.305720 0.147000
2 2 0.086234 0.095515 0.387973 0.292440 0.137838
2 2 0.156153 0.182402 0.484233 0.090816 0.086397
2 2 0.035375 0.083845 0.550157 0.269129 0.061494
2 2 0.092238 0.104058 0.378477 0.350774 0.074454
2 2 0.185681 0.172202 0.383295 0.146963 0.111860
3 2 0.118063 0.051805 0.186927 0.535726 0.107479
3 2 0.251561 0.052873 0.124809 0.440770 0.129987
3 3 0.285302 0.110395 0.161010 0.336420 0.106873
2 3 0.239899 0.185747 0.252057 0.113058 0.209239
2 3 0.071082 0.085747 0.509491 0.261477 0.072203
4 3 0.139730 0.136788 0.206491 0.023000 0.493991
2 3 0.204580 0.149803 0.324389 0.183595 0.137633
2 3 0.104398 0.108515 0.427026 0.283743 0.076316
3 2 0.121215 0.060977 0.260121 0.496297 0.061390
2 2 0.059393 0.106163 0.561503 0.229873 0.043067
2 2 0.048078 0.069925 0.463493 0.370723 0.047781
2 2 0.048897 0.066911 0.408341 0.394155 0.081696
4 2 0.155467 0.118212 0.241870 0.154027 0.330423
3 2 0.250456 0.064525 0.182489 0.431604 0.070926
3 2 0.028906 0.031090 0.290647 0.627030 0.022326
2 2 0.082101 0.095335 0.538297 0.249299 0.034968
2 2 0.035397 0.092446 0.620618 0.171107 0.080431
2 2 0.040012 0.134272 0.677578 0.052810 0.095329
2 2 0.052818 0.146398 0.500610 0.074324 0.225850
2 2 0.038997 0.122134 0.678910 0.088316 0.071643
0 2 0.505422 0.145277 0.235956 0.006970 0.106374
0 2 0.421383 0.167598 0.262796 0.022052 0.126170
2 2 0.068798 0.185623 0.477124 0.033476 0.234980
2 2 0.029015 0.101285 0.653367 0.080931 0.135401
2 2 0.045928 0.149593 0.591451 0.042305 0.170723
2 2 0.066425 0.182462 0.518456 0.026299 0.206358
2 2 0.054143 0.172793 0.618593 0.038106 0.116365
2 2 0.032775 0.094722 0.675908 0.137635 0.058961
2 2 0.026649 0.122375 0.724983 0.049774 0.076219
2 2 0.058802 0.059515 0.430902 0.405401 0.045380
2 2 0.193768 0.188445 0.343747 0.084895 0.189145
2 2 0.067356 0.106180 0.459362 0.151176 0.215925
3 2 0.141751 0.103670 0.331081 0.343035 0.080464
4 2 0.253453 0.151636 0.175474 0.010311 0.409127
3 0 0.071826 0.028898 0.206913 0.672586 0.019778
0 1 0.309347 0.074627 0.226842 0.255539 0.133644
2 1 0.203128 0.214620 0.403531 0.027910 0.150810
3 1 0.282515 0.080173 0.137629 0.327229 0.172454
4 1 0.373562 0.040422 0.037062 0.039460 0.509494
3 1 0.009859 0.010814 0.201393 0.770242 0.007692
2 1 0.044529 0.105597 0.539500 0.230968 0.079405
2 1 0.139856 0.150514 0.341111 0.166289 0.202229
4 1 0.148916 0.120122 0.231312 0.079195 0.420455
2 1 0.050993 0.128558 0.555247 0.107845 0.157358
2 1 0.130522 0.211806 0.369790 0.018693 0.269188
2 1 0.117658 0.197691 0.504959 0.059375 0.120318
2 1 0.039519 0.147883 0.530510 0.041758 0.240330
2 1 0.039018 0.172646 0.560681 0.022636 0.205019
2 1 0.045014 0.152349 0.502825 0.022592 0.277220
2 1 0.054881 0.131318 0.660633 0.109025 0.044143
4 1 0.225477 0.145350 0.193223 0.050977 0.384973
0 1 0.291554 0.169878 0.220539 0.055543 0.262485
4 1 0.238047 0.178184 0.220786 0.048364 0.314619
2 1 0.042540 0.089323 0.551978 0.135410 0.180748
2 1 0.094810 0.169704 0.420908 0.026831 0.287748
0 1 0.426734 0.145965 0.204168 0.031255 0.191878
0 1 0.337415 0.169171 0.225260 0.016347 0.251808
0 1 0.349061 0.175630 0.253615 0.046545 0.175149
2 1 0.046871 0.157361 0.555119 0.031258 0.209390
2 1 0.077707 0.173378 0.448935 0.018728 0.281252
2 1 0.054322 0.153481 0.589435 0.070237 0.132524
2 1 0.138813 0.201433 0.432970 0.030975 0.195810
2 1 0.213810 0.124729 0.355200 0.218912 0.087349
2 1 0.081774 0.080546 0.452807 0.267662 0.117211
2 1 0.046920 0.118567 0.623647 0.053031 0.157835
2 1 0.109246 0.169299 0.455184 0.070693 0.195578
2 1 0.034662 0.107516 0.650275 0.167349 0.040198
2 1 0.047486 0.149076 0.696115 0.041248 0.066075
3 1 0.109319 0.076508 0.285589 0.393934 0.134650
0 1 0.616214 0.082785 0.114887 0.036686 0.149427
0 1 0.261090 0.168711 0.247458 0.183886 0.138855
2 1 0.066389 0.187813 0.477923 0.040866 0.227009
2 1 0.042302 0.130224 0.611669 0.123489 0.092315
