0 0 0.607437 0.087713 0.067245 0.023651 0.213953
3 0 0.136477 0.030379 0.112974 0.704698 0.015472
0 0 0.675842 0.068695 0.088865 0.095329 0.071270
0 0 0.571836 0.083153 0.125128 0.130665 0.089219
0 0 0.789302 0.045185 0.053008 0.075279 0.037226
3 0 0.208729 0.110934 0.235580 0.259672 0.185085
3 0 0.122776 0.077458 0.271272 0.436213 0.092282
2 1 0.157430 0.122497 0.359526 0.277479 0.083067
2 1 0.042719 0.081960 0.444428 0.368108 0.062784
2 1 0.081918 0.179051 0.452689 0.044094 0.242248
2 1 0.013400 0.069202 0.618636 0.143794 0.154968
2 1 0.087607 0.158228 0.462703 0.066442 0.225020
2 1 0.115041 0.110727 0.310346 0.298348 0.165538
0 1 0.482779 0.175843 0.163694 0.016425 0.161260
2 1 0.205474 0.171260 0.354406 0.099652 0.169208
2 1 0.027076 0.075083 0.484757 0.202067 0.211017
2 1 0.048618 0.165627 0.444293 0.012717 0.328745
4 4 0.200078 0.144332 0.207795 0.055256 0.392539
0 4 0.575516 0.082569 0.123804 0.129857 0.088255
2 4 0.060160 0.159252 0.493632 0.036872 0.250084
2 4 0.228432 0.173088 0.380655 0.068502 0.149322
2 4 0.151975 0.117540 0.343879 0.167826 0.218780
4 4 0.051384 0.163876 0.378648 0.013199 0.392893
2 4 0.025528 0.115107 0.640557 0.076373 0.142435
2 4 0.029675 0.143000 0.681384 0.047441 0.098500
2 4 0.032501 0.122523 0.614282 0.073574 0.157120
2 4 0.046780 0.170421 0.515723 0.018480 0.248595
2 4 0.037815 0.166357 0.628402 0.031168 0.136258
2 4 0.026370 0.123053 0.648907 0.034920 0.166750
2 4 0.180987 0.127998 0.293870 0.182136 0.215008
2 4 0.061660 0.196505 0.525090 0.026104 0.190641
2 4 0.025371 0.110153 0.655743 0.065616 0.143117
2 4 0.023170 0.128658 0.690366 0.038956 0.118850
2 4 0.022286 0.114776 0.687151 0.049054 0.126733
2 4 0.035779 0.131706 0.637907 0.076912 0.117696
2 4 0.053112 0.157503 0.448029 0.025168 0.316188
2 4 0.023841 0.104171 0.580892 0.039861 0.251235
2 4 0.109358 0.181276 0.384336 0.044755 0.280275
2 4 0.025535 0.121081 0.668418 0.049032 0.135935
2 4 0.027988 0.122727 0.665562 0.066087 0.117637
2 4 0.081534 0.160294 0.534749 0.109651 0.113772
2 4 0.134450 0.188483 0.493286 0.102853 0.080928
2 4 0.093374 0.134376 0.451468 0.193677 0.127105
3 4 0.042592 0.042869 0.280888 0.590321 0.043331
2 4 0.062992 0.133900 0.567858 0.186453 0.048797
3 4 0.009914 0.021818 0.259273 0.695332 0.013663
3 4 0.010532 0.023145 0.286937 0.655101 0.024284
3 4 0.023382 0.041014 0.363555 0.549243 0.022807
2 4 0.020513 0.050119 0.510721 0.328337 0.090311
2 2 0.164530 0.165972 0.381253 0.122969 0.165276
4 2 0.100888 0.165836 0.257631 0.013487 0.462159
4 2 0.090287 0.117583 0.233434 0.024222 0.534474
4 2 0.119464 0.133732 0.147138 0.008125 0.591541
2 2 0.156227 0.200504 0.344171 0.028393 0.270704
4 2 0.288399 0.167354 0.171550 0.021691 0.351006
2 2 0.200907 0.129670 0.345059 0.236065 0.088299
2 2 0.128254 0.199703 0.449148 0.062589 0.160306
2 2 0.085329 0.123195 0.361560 0.117163 0.312753
4 2 0.061712 0.103789 0.330273 0.053867 0.450359
4 2 0.174247 0.133244 0.115368 0.011103 0.566038
2 2 0.122922 0.132928 0.467976 0.186053 0.090121
0 2 0.271020 0.184119 0.248528 0.031929 0.264405
4 2 0.202336 0.155419 0.235187 0.057940 0.349117
2 3 0.060463 0.094334 0.447430 0.302250 0.095523
2 3 0.118647 0.106183 0.377078 0.336728 0.061363
2 3 0.137571 0.113117 0.308242 0.267444 0.173625
2 3 0.047201 0.068033 0.398758 0.385588 0.100419
2 3 0.066125 0.081428 0.368009 0.365407 0.119031
3 3 0.228953 0.055126 0.161052 0.516616 0.038252
2 3 0.155127 0.199239 0.439135 0.074758 0.131742
2 3 0.141080 0.192815 0.474170 0.086128 0.105806
2 3 0.183000 0.192081 0.395309 0.073737 0.155872
2 3 0.193349 0.105676 0.288919 0.259701 0.152355
2 3 0.116405 0.120210 0.349888 0.142024 0.271473
2 3 0.084481 0.151995 0.528753 0.062159 0.172613
2 3 0.132126 0.121541 0.401354 0.284485 0.060493
3 3 0.033923 0.043563 0.380309 0.517764 0.024441
2 3 0.163100 0.193447 0.425496 0.065213 0.152745
2 3 0.265612 0.200091 0.275356 0.034967 0.223974
4 3 0.146426 0.131208 0.263589 0.071731 0.387045
2 3 0.121185 0.176251 0.419670 0.066442 0.216452
4 3 0.162824 0.112912 0.104670 0.013324 0.606271
2 3 0.203914 0.126209 0.283530 0.181203 0.205145
2 3 0.196218 0.150348 0.374005 0.172125 0.107304
2 3 0.029157 0.093587 0.663998 0.107747 0.105510
3 3 0.100455 0.078017 0.309874 0.419154 0.092501
0 3 0.391581 0.206551 0.133579 0.004448 0.263842
4 3 0.267732 0.149114 0.084187 0.003523 0.495444
2 3 0.076285 0.092796 0.386126 0.336243 0.108550
2 3 0.162812 0.168465 0.375592 0.115335 0.177795
2 3 0.055543 0.081434 0.413374 0.338537 0.111112
2 3 0.169898 0.113583 0.289740 0.260591 0.166190
2 3 0.116135 0.144854 0.415860 0.132629 0.190522
2 3 0.171387 0.168846 0.303877 0.059995 0.295895
3 3 0.140285 0.075421 0.259882 0.447691 0.076721
3 3 0.026900 0.036210 0.271394 0.629581 0.035915
4 3 0.163755 0.125611 0.282526 0.124605 0.303503
4 3 0.146072 0.109403 0.102825 0.011820 0.629881
4 3 0.277703 0.136308 0.174278 0.053183 0.358528
0 3 0.287475 0.127207 0.218542 0.134124 0.232653
3 3 0.041827 0.028833 0.154504 0.755762 0.019074
3 3 0.043640 0.045598 0.244658 0.628716 0.037388
2 3 0.247873 0.111174 0.253824 0.242574 0.144555
3 3 0.008585 0.022676 0.313634 0.629384 0.025720
2 3 0.131717 0.114781 0.376859 0.230705 0.145938
2 3 0.036733 0.062220 0.481200 0.359085 0.060762
3 3 0.082958 0.068411 0.318321 0.448100 0.082210
2 3 0.125882 0.119119 0.317702 0.187872 0.249424
2 3 0.031747 0.075800 0.537874 0.275926 0.078653
2 3 0.093919 0.133691 0.398956 0.126632 0.246803
4 3 0.194797 0.156735 0.263016 0.080610 0.304842
0 3 0.272645 0.121829 0.247426 0.178423 0.179678
3 3 0.163196 0.083215 0.246197 0.418679 0.088713
2 3 0.025012 0.080074 0.597539 0.184813 0.112562
2 3 0.127915 0.137697 0.417219 0.072649 0.244521
0 3 0.337323 0.207851 0.198781 0.013505 0.242540
0 3 0.368768 0.149230 0.257844 0.097962 0.126196
2 2 0.087689 0.113829 0.420569 0.195286 0.182626
4 2 0.271437 0.132007 0.111616 0.015304 0.469636
2 2 0.126715 0.176191 0.352909 0.051241 0.292943
4 2 0.175692 0.165764 0.123652 0.005380 0.529511
2 0 0.206746 0.168799 0.337496 0.097226 0.189733
2 2 0.074651 0.134478 0.544256 0.127880 0.118735
0 2 0.383125 0.122961 0.136055 0.046704 0.311154
4 2 0.319175 0.130727 0.165025 0.058313 0.326761
4 2 0.186048 0.212714 0.203456 0.009844 0.387938
2 2 0.185269 0.149444 0.330831 0.137450 0.197007
0 2 0.263009 0.122673 0.252009 0.179176 0.183134
2 2 0.121631 0.121953 0.365793 0.276214 0.114409
4 2 0.133851 0.149651 0.203543 0.018330 0.494625
2 2 0.145702 0.132108 0.341222 0.123023 0.257945
4 2 0.166277 0.151754 0.240798 0.088432 0.352740
2 2 0.013877 0.062453 0.684897 0.187939 0.050835
2 2 0.069905 0.176419 0.436846 0.026903 0.289927
2 2 0.037492 0.143271 0.611958 0.055277 0.152002
2 2 0.180681 0.230428 0.396586 0.040500 0.151805
2 2 0.078098 0.122012 0.516253 0.174116 0.109522
2 2 0.115145 0.173946 0.486351 0.067471 0.157087
2 2 0.081030 0.209724 0.427513 0.015997 0.265736
4 2 0.099462 0.180746 0.338964 0.031635 0.349193
2 2 0.083662 0.156166 0.449807 0.054419 0.255946
2 2 0.060348 0.139479 0.498391 0.077132 0.224650
2 2 0.054568 0.134636 0.516516 0.076295 0.217984
2 2 0.047586 0.128057 0.551703 0.088312 0.184342
4 2 0.162576 0.221024 0.220046 0.009543 0.386810
2 2 0.054120 0.135486 0.508473 0.074459 0.227463
2 2 0.048994 0.102158 0.519931 0.229128 0.099789
2 2 0.248529 0.128154 0.266560 0.170676 0.186082
0 2 0.373993 0.111053 0.202218 0.166864 0.145873
4 2 0.149028 0.185240 0.232372 0.014018 0.419341
2 2 0.245040 0.276910 0.310083 0.009590 0.158377
0 2 0.287447 0.194676 0.222733 0.022593 0.272550
2 2 0.130187 0.161921 0.382800 0.146068 0.179024
2 2 0.054215 0.102599 0.469898 0.295239 0.078049
2 2 0.073334 0.128472 0.556384 0.163332 0.078478
2 2 0.134785 0.169637 0.410657 0.082238 0.202683
3 2 0.059296 0.066970 0.386932 0.419343 0.067459
2 2 0.062496 0.120776 0.535773 0.240274 0.040680
2 2 0.098438 0.123388 0.385294 0.165739 0.227141
2 2 0.150823 0.170130 0.342865 0.092776 0.243406
2 2 0.034898 0.091259 0.592014 0.214811 0.067017
2 2 0.088241 0.165788 0.376329 0.023272 0.346371
2 2 0.061587 0.120809 0.470839 0.097497 0.249268
2 2 0.154831 0.127993 0.320797 0.225227 0.171152
2 2 0.040342 0.094519 0.542262 0.277698 0.045180
2 2 0.062601 0.086871 0.457600 0.317920 0.075007
2 2 0.171795 0.228152 0.439918 0.040122 0.120013
2 2 0.056374 0.133499 0.577869 0.104219 0.128039
2 2 0.078133 0.179563 0.561546 0.065348 0.115410
2 2 0.065324 0.138601 0.472118 0.136421 0.187536
2 2 0.039258 0.107892 0.569435 0.183329 0.100086
2 2 0.081903 0.127530 0.427688 0.140545 0.222334
2 2 0.107115 0.182065 0.468106 0.062423 0.180291
2 2 0.054852 0.088598 0.434031 0.287283 0.135236
2 2 0.046859 0.091479 0.526404 0.242819 0.092439
2 2 0.112945 0.107257 0.346275 0.182651 0.250872
2 2 0.047186 0.067050 0.425820 0.396910 0.063034
3 2 0.034440 0.044196 0.300706 0.573093 0.047564
2 2 0.033264 0.092693 0.564226 0.236858 0.072959
0 2 0.269244 0.128128 0.240987 0.145977 0.215663
3 4 0.175965 0.098971 0.300470 0.332026 0.092569
4 4 0.188943 0.129586 0.217576 0.051509 0.412386
4 4 0.243368 0.164859 0.076148 0.001493 0.514132
4 4 0.156263 0.124733 0.254101 0.184609 0.280294
4 4 0.184499 0.191484 0.190945 0.013822 0.419251
3 2 0.221092 0.100525 0.256389 0.297411 0.124582
2 2 0.190330 0.182390 0.315829 0.078888 0.232562
2 2 0.057786 0.144082 0.569161 0.130670 0.098301
2 2 0.199379 0.135532 0.357880 0.225364 0.081846
0 2 0.299397 0.166613 0.209068 0.039791 0.285131
4 2 0.148003 0.102694 0.073162 0.006483 0.669659
4 2 0.182140 0.189382 0.286199 0.024744 0.317534
4 2 0.111875 0.194108 0.317484 0.017409 0.359124
2 2 0.079606 0.160006 0.483927 0.059542 0.216919
4 2 0.300480 0.180347 0.136367 0.007853 0.374952
2 4 0.074613 0.109244 0.476367 0.221656 0.118118
3 4 0.182168 0.080501 0.260562 0.437585 0.039184
4 4 0.245070 0.133292 0.175794 0.061855 0.383989
4 0 0.319181 0.114251 0.091604 0.017046 0.457918
0 1 0.500031 0.094110 0.151717 0.145509 0.108633
2 1 0.055329 0.165322 0.549940 0.048234 0.181175
2 2 0.096349 0.109590 0.426250 0.301313 0.066498
2 2 0.020155 0.098286 0.690262 0.088901 0.102395
2 2 0.036630 0.115303 0.534786 0.094285 0.218996
2 2 0.030226 0.122177 0.619944 0.080771 0.146881
2 2 0.051881 0.152411 0.522478 0.054972 0.218258
2 2 0.025804 0.100841 0.629819 0.137579 0.105956
2 2 0.038171 0.155734 0.653928 0.042866 0.109302
2 2 0.042238 0.169018 0.559309 0.023805 0.205629
2 0 0.274557 0.199532 0.296934 0.042325 0.186651
2 1 0.140342 0.230887 0.315633 0.020712 0.292426
2 1 0.038077 0.110359 0.621379 0.183413 0.046772
2 2 0.074689 0.176805 0.544244 0.050095 0.154167
2 2 0.062990 0.138514 0.534894 0.101032 0.162571
2 2 0.054341 0.157575 0.589713 0.070060 0.128312
2 2 0.042390 0.102052 0.540653 0.108162 0.206742
4 2 0.127582 0.170088 0.181591 0.008691 0.512048
2 2 0.079817 0.173221 0.473826 0.061933 0.211202
2 2 0.022511 0.109270 0.698655 0.102347 0.067216
2 2 0.142449 0.104970 0.341521 0.248476 0.162584
2 2 0.127831 0.187485 0.350746 0.053544 0.280395
3 2 0.090958 0.068836 0.309870 0.452181 0.078155
0 0 0.323232 0.108835 0.221074 0.210505 0.136354
2 1 0.038165 0.149767 0.485220 0.023708 0.303141
2 1 0.052047 0.168208 0.490978 0.033888 0.254880
2 2 0.104794 0.164031 0.393275 0.055455 0.282446
2 2 0.029891 0.135742 0.655049 0.056104 0.123214
4 2 0.083221 0.185134 0.338787 0.021905 0.370954
2 2 0.069515 0.161600 0.472919 0.061691 0.234274
2 2 0.041805 0.145972 0.510404 0.046266 0.255553
2 2 0.077085 0.186631 0.533223 0.074155 0.128906
4 2 0.142831 0.126904 0.271902 0.154081 0.304283
2 2 0.166760 0.100840 0.334101 0.306095 0.092204
2 2 0.035575 0.142333 0.593809 0.046133 0.182151
2 2 0.023717 0.088814 0.610358 0.188492 0.088619
2 2 0.015037 0.059413 0.623930 0.264515 0.037105
3 2 0.105858 0.069249 0.295059 0.513361 0.016473
0 2 0.410855 0.109506 0.185183 0.147049 0.147407
0 0 0.640633 0.071897 0.100959 0.114829 0.071682
0 0 0.438813 0.102742 0.175581 0.156695 0.126169
0 0 0.354895 0.124615 0.191427 0.105705 0.223359
4 0 0.152970 0.131427 0.282647 0.068635 0.364321
2 1 0.062364 0.184595 0.492826 0.030514 0.229701
2 1 0.056822 0.126206 0.562346 0.105500 0.149127
2 2 0.261536 0.123840 0.267765 0.137059 0.209800
0 2 0.639939 0.157845 0.128878 0.008744 0.064594
3 0 0.210007 0.089614 0.241748 0.364300 0.094330
4 0 0.080496 0.178245 0.331742 0.013257 0.396259
2 1 0.025578 0.109189 0.650059 0.112118 0.103055
2 2 0.025887 0.069298 0.538542 0.329503 0.036770
2 2 0.060124 0.143703 0.546440 0.090845 0.158887
2 2 0.017794 0.071793 0.658515 0.214776 0.037123
2 2 0.019940 0.074681 0.632137 0.228238 0.045003
2 2 0.039982 0.142786 0.570494 0.035238 0.211500
2 2 0.048443 0.143121 0.595188 0.079735 0.133513
2 2 0.050430 0.131372 0.570152 0.165437 0.082609
2 2 0.112140 0.193264 0.361645 0.033247 0.299703
2 2 0.087338 0.216550 0.407156 0.017728 0.271229
2 2 0.198250 0.197720 0.385499 0.065005 0.153525
0 0 0.962468 0.009183 0.006676 0.017119 0.004553
0 0 0.510953 0.139431 0.141322 0.030300 0.177995
0 0 0.300419 0.119200 0.234524 0.175879 0.169979
0 0 0.279701 0.155633 0.260930 0.102454 0.201282
4 0 0.232537 0.258839 0.228163 0.006614 0.273848
2 0 0.030079 0.099063 0.615283 0.173264 0.082311
2 1 0.144666 0.214720 0.415005 0.055430 0.170180
2 1 0.056125 0.115467 0.509980 0.199937 0.118490
2 1 0.092463 0.184680 0.499161 0.077319 0.146377
4 2 0.272661 0.137079 0.165989 0.042719 0.381552
0 2 0.380278 0.166580 0.205913 0.044030 0.203199
4 2 0.182480 0.258839 0.214939 0.004643 0.339098
2 2 0.095314 0.147197 0.516040 0.133069 0.108379
4 4 0.058153 0.111092 0.331250 0.058129 0.441376
2 4 0.077191 0.159005 0.473510 0.083887 0.206407
2 4 0.083867 0.192546 0.546023 0.051765 0.125798
2 4 0.042874 0.107196 0.541730 0.172816 0.135383
2 4 0.040979 0.099310 0.604105 0.222749 0.032857
2 2 0.121932 0.169412 0.437319 0.085689 0.185648
2 2 0.123673 0.158126 0.488562 0.152656 0.076984
0 2 0.614883 0.057123 0.094220 0.190945 0.042829
4 2 0.131110 0.207955 0.301147 0.017605 0.342183
2 2 0.029156 0.126582 0.683954 0.056930 0.103378
2 2 0.032104 0.109547 0.622573 0.110548 0.125228
2 2 0.073098 0.178377 0.462303 0.034356 0.251865
2 2 0.028118 0.116279 0.716696 0.096932 0.041974
2 2 0.033016 0.093432 0.610972 0.183642 0.078939
2 2 0.035864 0.151153 0.698819 0.039616 0.074548
2 2 0.032614 0.145017 0.678998 0.045387 0.097985
2 2 0.045883 0.136856 0.541314 0.063499 0.212448
2 2 0.018865 0.101189 0.764100 0.076671 0.039175
2 2 0.023526 0.103279 0.710612 0.111882 0.050701
2 2 0.064239 0.155435 0.524973 0.073651 0.181701
2 2 0.015939 0.089989 0.739524 0.116180 0.038367
2 2 0.075480 0.189617 0.589505 0.062625 0.082772
3 2 0.068706 0.065034 0.310062 0.533326 0.022872
0 2 0.381363 0.110156 0.199111 0.165804 0.143567
0 2 0.557532 0.085402 0.130311 0.133762 0.092993
0 1 0.326430 0.110190 0.220619 0.202304 0.140456
2 1 0.128717 0.196706 0.342418 0.035966 0.296193
4 2 0.134202 0.210781 0.293214 0.013554 0.348249
4 0 0.215628 0.115679 0.097758 0.014534 0.556401
2 1 0.082168 0.151617 0.464589 0.091953 0.209673
2 2 0.077644 0.089954 0.370228 0.359376 0.102798
2 2 0.105351 0.187504 0.399876 0.031078 0.276192
2 2 0.016128 0.056400 0.589981 0.250210 0.087281
2 2 0.058937 0.119995 0.437623 0.091910 0.291534
2 2 0.168978 0.206739 0.389674 0.055833 0.178776
2 2 0.023609 0.055574 0.471233 0.375851 0.073732
2 2 0.082396 0.109471 0.479078 0.245208 0.083848
2 2 0.110884 0.133082 0.360760 0.125436 0.269837
2 2 0.019322 0.052564 0.508714 0.351445 0.067955
2 2 0.058704 0.105535 0.509478 0.281746 0.044536
3 2 0.089957 0.065741 0.273446 0.503329 0.067526
3 2 0.084136 0.060382 0.240092 0.559318 0.056073
2 2 0.035139 0.087298 0.549459 0.275136 0.052968
3 2 0.060753 0.060347 0.295553 0.517487 0.065860
2 2 0.063688 0.096066 0.450507 0.337924 0.051814
2 2 0.232639 0.124013 0.275476 0.157233 0.210639
3 2 0.021149 0.043809 0.407990 0.472185 0.054868
2 2 0.019647 0.065782 0.612525 0.265938 0.036108
2 2 0.046935 0.095556 0.526534 0.271607 0.059369
3 2 0.051018 0.049137 0.268033 0.581179 0.050632
2 2 0.042992 0.069873 0.439504 0.378029 0.069602
2 2 0.116206 0.200750 0.429982 0.045496 0.207565
3 2 0.103296 0.099353 0.296627 0.344269 0.156454
3 2 0.049690 0.052449 0.251761 0.595199 0.050901
2 2 0.110507 0.119007 0.320137 0.169007 0.281342
2 2 0.264596 0.134304 0.298198 0.184070 0.118831
4 2 0.206800 0.153494 0.214717 0.053321 0.371669
3 2 0.092772 0.080528 0.321449 0.436958 0.068292
0 2 0.371181 0.124401 0.192321 0.108630 0.203467
2 2 0.133861 0.115872 0.332401 0.290371 0.127495
0 2 0.440522 0.147940 0.178244 0.048323 0.184971
4 2 0.168518 0.134910 0.233871 0.065760 0.396941
4 2 0.147338 0.166115 0.213332 0.014996 0.458219
0 0 0.693043 0.062853 0.083376 0.101735 0.058993
4 1 0.244098 0.186773 0.177924 0.013317 0.377887
4 1 0.118216 0.165067 0.289108 0.031092 0.396517
4 2 0.125774 0.151851 0.281333 0.072693 0.368349
4 2 0.243965 0.174296 0.175837 0.018588 0.387314
4 2 0.120316 0.162967 0.166925 0.006483 0.543309
4 2 0.111318 0.169363 0.173519 0.003929 0.541871
2 2 0.059728 0.160916 0.545986 0.056792 0.176578
2 2 0.060178 0.139770 0.581149 0.146470 0.072433
2 2 0.010360 0.052614 0.675710 0.222617 0.038698
2 2 0.033522 0.108480 0.643485 0.097619 0.116894
2 2 0.068585 0.159399 0.478197 0.064080 0.229740
2 2 0.202103 0.230190 0.318910 0.023726 0.225072
2 2 0.057233 0.089858 0.414316 0.353810 0.084783
2 2 0.199888 0.268807 0.288032 0.008606 0.234667
2 2 0.065185 0.137487 0.630313 0.084417 0.082598
2 2 0.116396 0.162625 0.405512 0.087833 0.227635
2 2 0.017034 0.070317 0.713378 0.168718 0.030553
4 2 0.193614 0.227924 0.264350 0.015031 0.299081
4 2 0.151029 0.178412 0.249034 0.039478 0.382048
2 2 0.032799 0.091388 0.626847 0.210030 0.038936
2 2 0.174247 0.231451 0.406092 0.046130 0.142081
2 2 0.097373 0.142316 0.396711 0.102252 0.261348
2 2 0.188091 0.167843 0.323976 0.107306 0.212784
4 2 0.182913 0.191640 0.276039 0.042476 0.306932
2 2 0.092646 0.161283 0.544322 0.112927 0.088822
3 2 0.060375 0.065534 0.368329 0.463627 0.042135
2 2 0.105053 0.175443 0.552296 0.118239 0.048970
2 2 0.166429 0.150002 0.384684 0.193589 0.105296
2 2 0.051202 0.071873 0.408924 0.396249 0.071751
2 2 0.093967 0.128496 0.474900 0.164438 0.138199
2 2 0.123359 0.192736 0.446502 0.078747 0.158656
2 2 0.025937 0.064387 0.554414 0.184055 0.171208
2 2 0.190407 0.118821 0.353656 0.284283 0.052832
2 2 0.115475 0.189651 0.450199 0.058011 0.186664
2 2 0.077468 0.181473 0.546828 0.061337 0.132893
4 2 0.084473 0.144778 0.357073 0.042121 0.371554
2 2 0.061448 0.192308 0.469753 0.011739 0.264752
2 2 0.070526 0.182500 0.591486 0.035880 0.119608
2 2 0.095608 0.194318 0.505371 0.043862 0.160841
2 2 0.026838 0.085095 0.615872 0.167555 0.104639
2 2 0.048911 0.121645 0.445785 0.058798 0.324861
2 2 0.089381 0.178012 0.387507 0.029641 0.315459
2 2 0.077185 0.152838 0.404062 0.041703 0.324213
4 2 0.148045 0.177234 0.263912 0.039937 0.370873
2 2 0.022826 0.089989 0.605258 0.108677 0.173250
2 2 0.070382 0.145966 0.524564 0.121673 0.137415
2 2 0.061499 0.164601 0.535565 0.060714 0.177621
2 2 0.079115 0.174227 0.547323 0.047874 0.151461
2 2 0.014181 0.037363 0.465969 0.437747 0.044740
2 2 0.025702 0.091200 0.584899 0.119343 0.178856
4 2 0.180949 0.152479 0.266800 0.094450 0.305323
0 2 0.439501 0.116780 0.146082 0.070900 0.226737
2 2 0.252892 0.140266 0.285332 0.144870 0.176640
2 2 0.041821 0.122419 0.529510 0.083901 0.222349
2 2 0.040271 0.095784 0.477095 0.112099 0.274751
4 2 0.188583 0.174590 0.245577 0.045762 0.345489
2 2 0.169134 0.179922 0.317860 0.059616 0.273468
4 2 0.359089 0.118089 0.106029 0.025355 0.391438
0 0 0.805622 0.042048 0.048125 0.070459 0.033746
0 0 0.566455 0.084003 0.127071 0.131838 0.090633
0 0 0.447705 0.100822 0.173901 0.154267 0.123306
0 0 0.416727 0.105677 0.184488 0.160367 0.132741
4 0 0.045036 0.094546 0.374645 0.080359 0.405414
4 1 0.059759 0.116224 0.339915 0.091146 0.392956
2 2 0.022883 0.113255 0.704046 0.059687 0.100129
2 2 0.022396 0.109527 0.727847 0.069710 0.070520
2 2 0.049853 0.152386 0.532847 0.044183 0.220731
2 2 0.028166 0.123053 0.695899 0.075203 0.077679
2 4 0.037465 0.143307 0.622575 0.046638 0.150015
2 4 0.056094 0.088826 0.476282 0.175941 0.202857
0 4 0.446541 0.113145 0.107653 0.034590 0.298072
2 4 0.035467 0.069367 0.449806 0.413144 0.032216
2 4 0.028229 0.049118 0.450424 0.449451 0.022778
2 4 0.195539 0.157984 0.323993 0.092685 0.229798
2 4 0.022770 0.074566 0.604339 0.256003 0.042321
2 4 0.235857 0.158818 0.291405 0.120702 0.193218
2 4 0.153761 0.142573 0.411139 0.198671 0.093856
2 4 0.206045 0.120082 0.299659 0.173926 0.200288
2 4 0.080372 0.214751 0.466598 0.014585 0.223694
2 4 0.228102 0.140442 0.295546 0.149396 0.186514
2 4 0.020078 0.070302 0.578360 0.263155 0.068104
2 4 0.029773 0.128170 0.677050 0.063605 0.101403
2 4 0.035213 0.157653 0.581665 0.017810 0.207657
2 4 0.071260 0.229359 0.586515 0.022442 0.090425
4 4 0.226126 0.153033 0.155352 0.019859 0.445629
0 4 0.267410 0.164981 0.244863 0.077864 0.244882
2 4 0.113459 0.200418 0.362798 0.025865 0.297460
2 4 0.069807 0.197270 0.460463 0.023157 0.249302
2 4 0.040776 0.136725 0.418975 0.018458 0.385066
2 4 0.044351 0.141545 0.415270 0.025197 0.373637
4 4 0.105147 0.201464 0.303644 0.014663 0.375082
2 4 0.015856 0.074676 0.704824 0.146193 0.058452
2 4 0.063467 0.170421 0.523457 0.079869 0.162786
2 4 0.067894 0.155163 0.557266 0.070813 0.148864
2 4 0.032672 0.136830 0.658637 0.059885 0.111976
2 4 0.048502 0.166808 0.579940 0.045235 0.159515
2 4 0.074328 0.175286 0.386367 0.019852 0.344167
2 4 0.067776 0.189801 0.408414 0.013995 0.320014
2 4 0.045599 0.159226 0.494060 0.020744 0.280372
4 4 0.091065 0.218835 0.321215 0.007972 0.360913
2 4 0.076013 0.257683 0.434192 0.009431 0.222681
2 4 0.024901 0.089681 0.657963 0.192473 0.034983
2 4 0.045497 0.162825 0.575116 0.037175 0.179387
2 4 0.045733 0.187487 0.532062 0.014600 0.220118
2 0 0.072688 0.178965 0.576919 0.040176 0.131251
4 0 0.256863 0.146953 0.199757 0.063381 0.333046
3 0 0.275668 0.046884 0.130203 0.519093 0.028151
0 0 0.736360 0.049095 0.065679 0.110623 0.038244
0 0 0.427405 0.104271 0.180161 0.158617 0.129546
0 0 0.578815 0.089121 0.119371 0.098552 0.114141
3 0 0.143137 0.054515 0.191087 0.569732 0.041529
0 0 0.670386 0.060951 0.087408 0.128649 0.052606
0 0 0.724946 0.057151 0.073028 0.093322 0.051553
3 0 0.249301 0.061667 0.171159 0.471904 0.045969
3 0 0.147312 0.094282 0.265826 0.369148 0.123432
2 0 0.150807 0.196609 0.464410 0.087112 0.101061
4 0 0.254201 0.058976 0.016228 0.000729 0.669866
0 0 0.584528 0.081130 0.120575 0.127859 0.085907
3 0 0.050387 0.034896 0.198841 0.689210 0.026666
2 1 0.055238 0.144191 0.472437 0.039935 0.288198
2 1 0.079642 0.185009 0.411759 0.018737 0.304853
4 1 0.183897 0.197215 0.200976 0.014205 0.403707
2 1 0.191456 0.168401 0.329889 0.118695 0.191560
2 1 0.142184 0.116679 0.283385 0.225391 0.232360
0 1 0.585497 0.093664 0.082257 0.032992 0.205590
4 1 0.269788 0.125889 0.126552 0.027843 0.449929
4 1 0.040378 0.129824 0.380106 0.016049 0.433644
2 1 0.051309 0.143565 0.620664 0.102052 0.082410
2 1 0.044927 0.162598 0.643104 0.036583 0.112789
2 1 0.135957 0.163930 0.363450 0.097416 0.239247
2 2 0.100745 0.103027 0.315386 0.291069 0.189773
2 2 0.105316 0.209304 0.464654 0.054619 0.166108
2 2 0.023619 0.078101 0.573141 0.236928 0.088210
2 2 0.046582 0.148111 0.606847 0.066513 0.131947
2 2 0.046450 0.115158 0.623905 0.165973 0.048514
2 2 0.024842 0.071927 0.584861 0.247956 0.070414
2 2 0.152736 0.201226 0.444684 0.064452 0.136902
2 2 0.026571 0.066127 0.460592 0.281976 0.164733
2 2 0.015944 0.055463 0.558560 0.336428 0.033606
2 2 0.098566 0.134704 0.539411 0.187502 0.039817
2 2 0.180417 0.189821 0.417475 0.096326 0.115961
2 2 0.075268 0.150300 0.595103 0.101394 0.077935
2 2 0.061848 0.139903 0.594420 0.163807 0.040021
2 2 0.110150 0.161163 0.459145 0.143855 0.125686
2 2 0.024074 0.076581 0.586903 0.278004 0.034438
2 2 0.105374 0.195678 0.472876 0.044202 0.181871
2 2 0.036405 0.111322 0.624883 0.159128 0.068262
2 2 0.111398 0.176639 0.477733 0.073551 0.160678
2 2 0.087672 0.163838 0.521183 0.117378 0.109928
2 2 0.177512 0.230464 0.324429 0.027981 0.239614
2 2 0.026764 0.069357 0.505313 0.360583 0.037983
2 2 0.049720 0.109633 0.546809 0.202054 0.091785
2 2 0.088807 0.099454 0.427295 0.310412 0.074032
2 2 0.079948 0.151886 0.573108 0.160767 0.034291
2 2 0.139841 0.171138 0.476545 0.111757 0.100719
2 2 0.174847 0.128998 0.400751 0.253178 0.042227
0 2 0.395118 0.161968 0.233621 0.059656 0.149637
2 2 0.148318 0.118828 0.334019 0.264570 0.134265
2 2 0.154304 0.167954 0.371834 0.125958 0.179950
2 2 0.018488 0.060480 0.556616 0.276983 0.087433
2 2 0.046025 0.124611 0.621069 0.107767 0.100529
2 2 0.043405 0.101598 0.542620 0.257768 0.054608
3 2 0.082533 0.071355 0.295422 0.505306 0.045383
2 2 0.088786 0.104771 0.472593 0.286916 0.046934
2 2 0.042437 0.135788 0.619729 0.085229 0.116818
2 2 0.053037 0.144695 0.578228 0.098581 0.125459
2 2 0.043305 0.164253 0.666837 0.038259 0.087346
4 2 0.153184 0.144210 0.263173 0.082415 0.357018
2 2 0.143050 0.128834 0.315818 0.113150 0.299148
2 2 0.067391 0.127366 0.526035 0.194896 0.084313
2 2 0.083955 0.167573 0.363323 0.026437 0.358712
4 2 0.096199 0.186767 0.273660 0.011487 0.431887
2 2 0.085931 0.158157 0.447741 0.069635 0.238537
2 2 0.038604 0.071627 0.458088 0.375447 0.056233
2 2 0.067705 0.129440 0.551386 0.182280 0.069189
2 3 0.096547 0.135494 0.426417 0.131712 0.209830
2 3 0.117301 0.209234 0.381221 0.027039 0.265205
2 3 0.042595 0.116181 0.614303 0.127514 0.099407
2 3 0.077853 0.164112 0.536587 0.099208 0.122240
3 3 0.016491 0.035900 0.378570 0.524478 0.044562
2 3 0.094246 0.149915 0.484818 0.160394 0.110626
2 3 0.079675 0.121655 0.470800 0.226654 0.101215
2 3 0.072886 0.086786 0.378586 0.304168 0.157574
2 3 0.111575 0.098747 0.376816 0.311605 0.101258
0 3 0.514848 0.091919 0.146112 0.142592 0.104530
0 0 0.392999 0.108714 0.194248 0.164077 0.139962
4 2 0.239656 0.170782 0.253762 0.063799 0.272002
2 2 0.087428 0.174881 0.361782 0.022393 0.353516
4 2 0.114343 0.183239 0.169159 0.003220 0.530038
4 2 0.105660 0.139688 0.325567 0.055759 0.373326
4 2 0.195556 0.164550 0.261303 0.065058 0.313533
2 2 0.089382 0.137577 0.505658 0.217949 0.049434
2 2 0.079687 0.131426 0.426848 0.167994 0.194045
4 2 0.083056 0.183281 0.351106 0.017214 0.365342
2 2 0.115152 0.225892 0.469268 0.026144 0.163543
2 2 0.127394 0.163110 0.468290 0.138132 0.103075
2 2 0.111628 0.179040 0.417356 0.066570 0.225406
0 2 0.385604 0.105968 0.196084 0.181541 0.130803
2 2 0.270356 0.164829 0.336995 0.114399 0.113420
0 2 0.268554 0.122192 0.249364 0.178751 0.181139
4 2 0.112155 0.137251 0.193909 0.014701 0.541984
2 2 0.081456 0.129517 0.459334 0.143814 0.185879
4 2 0.253760 0.139462 0.219411 0.088631 0.298736
2 2 0.050317 0.100367 0.430796 0.195390 0.223130
2 2 0.047888 0.124606 0.534569 0.119001 0.173936
4 2 0.123838 0.130630 0.251439 0.102606 0.391487
2 2 0.059220 0.107586 0.526218 0.251177 0.055799
4 2 0.241854 0.250816 0.199995 0.005199 0.302136
2 2 0.097356 0.228536 0.477480 0.021535 0.175093
2 2 0.156775 0.231439 0.347807 0.029128 0.234850
2 2 0.042101 0.092952 0.576831 0.244367 0.043749
2 2 0.081389 0.160064 0.501072 0.055985 0.201490
2 2 0.068325 0.090008 0.389929 0.286019 0.165718
2 2 0.152374 0.127965 0.321396 0.227415 0.170851
2 2 0.210149 0.238985 0.314638 0.020125 0.216102
2 2 0.175663 0.178157 0.363383 0.091812 0.190986
2 2 0.210570 0.247994 0.300983 0.013802 0.226650
2 2 0.237228 0.208060 0.386070 0.060970 0.107671
3 2 0.072983 0.056410 0.254042 0.580791 0.035774
4 2 0.137866 0.229723 0.268205 0.005888 0.358317
2 2 0.209753 0.264880 0.291578 0.011837 0.221951
2 2 0.055753 0.083011 0.439053 0.326109 0.096073
4 2 0.228253 0.133160 0.159844 0.039632 0.439111
4 2 0.201576 0.155084 0.215398 0.045663 0.382281
2 2 0.112453 0.147156 0.469850 0.088501 0.182040
2 2 0.204254 0.220749 0.305992 0.029211 0.239794
0 3 0.572993 0.082969 0.124711 0.130411 0.088916
0 2 0.757517 0.051174 0.062748 0.084375 0.044185
4 2 0.146528 0.123910 0.072951 0.002810 0.653801
2 2 0.077026 0.212118 0.437500 0.010628 0.262728
4 2 0.097782 0.161148 0.247929 0.014368 0.478772
2 2 0.091895 0.160453 0.359476 0.035454 0.352723
2 2 0.038496 0.132574 0.512564 0.026198 0.290168
2 2 0.049780 0.155196 0.464036 0.016337 0.314651
2 2 0.067713 0.193448 0.491061 0.017977 0.229801
2 2 0.051431 0.112371 0.496575 0.112603 0.227020
2 2 0.083663 0.169275 0.506098 0.078860 0.162103
4 2 0.086402 0.174410 0.207865 0.004484 0.526838
2 2 0.025957 0.090465 0.667541 0.165317 0.050720
2 2 0.182984 0.218636 0.297136 0.015723 0.285521
2 2 0.078032 0.122098 0.379152 0.099621 0.321098
2 2 0.113641 0.187212 0.402117 0.033029 0.264000
2 2 0.118297 0.120574 0.371713 0.220362 0.169054
2 3 0.143188 0.161512 0.355942 0.106339 0.233020
2 3 0.037981 0.098816 0.555993 0.137860 0.169350
2 3 0.076678 0.123724 0.544331 0.192634 0.062633
3 3 0.047931 0.066436 0.391674 0.432957 0.061002
2 3 0.078584 0.099078 0.440076 0.280392 0.101870
2 3 0.099441 0.118015 0.409490 0.292046 0.081008
3 3 0.024920 0.045044 0.370371 0.532889 0.026777
0 3 0.286416 0.169214 0.275977 0.085807 0.182586
3 3 0.149838 0.093866 0.307182 0.390277 0.058836
2 3 0.059477 0.108569 0.559538 0.181670 0.090746
0 3 0.286526 0.122889 0.240958 0.166465 0.183161
3 3 0.053100 0.056340 0.290823 0.537425 0.062312
2 3 0.023736 0.045520 0.442579 0.424168 0.063997
0 3 0.272939 0.125336 0.212754 0.145135 0.243836
2 3 0.066529 0.075714 0.415482 0.367518 0.074757
3 3 0.080139 0.077483 0.298220 0.446995 0.097163
2 3 0.199857 0.168277 0.295304 0.073965 0.262598
4 3 0.163245 0.128289 0.214939 0.069051 0.424476
3 3 0.040310 0.037073 0.225819 0.665161 0.031636
2 3 0.182470 0.132313 0.363378 0.235518 0.086321
2 3 0.186901 0.113032 0.280338 0.271462 0.148266
2 3 0.017152 0.049241 0.518117 0.395198 0.020292
3 3 0.086721 0.060170 0.264004 0.564769 0.024337
3 3 0.064901 0.047218 0.254124 0.625244 0.008513
2 3 0.047918 0.091574 0.575073 0.255105 0.030331
2 2 0.086484 0.137076 0.546505 0.192071 0.037864
0 2 0.333195 0.208122 0.215570 0.016726 0.226388
0 2 0.463451 0.099353 0.165836 0.152366 0.118995
2 2 0.016094 0.073823 0.704079 0.176820 0.029185
2 2 0.181795 0.148934 0.425704 0.190848 0.052719
2 2 0.019166 0.091434 0.673958 0.102090 0.113352
2 2 0.056430 0.152363 0.570477 0.091334 0.129397
2 2 0.020816 0.101023 0.676639 0.092577 0.108945
2 2 0.019434 0.083284 0.634821 0.169712 0.092749
2 0 0.158100 0.124946 0.317663 0.177087 0.222203
0 0 0.420539 0.105178 0.182938 0.159747 0.131597
2 2 0.031898 0.190089 0.713390 0.016116 0.048507
2 2 0.018936 0.095711 0.766689 0.073430 0.045234
4 2 0.162283 0.113213 0.093101 0.010389 0.621013
0 4 0.474705 0.097766 0.161449 0.150309 0.115771
2 4 0.046855 0.125106 0.598266 0.112582 0.117190
4 4 0.206371 0.199546 0.244243 0.019891 0.329949
2 4 0.027348 0.103831 0.641301 0.138950 0.088570
2 4 0.212693 0.144686 0.328326 0.162488 0.151807
4 4 0.286743 0.121787 0.120047 0.034651 0.436772
0 4 0.490218 0.097790 0.154721 0.137605 0.119665
0 4 0.364442 0.167238 0.242548 0.060547 0.165226
4 4 0.364525 0.117317 0.066394 0.005782 0.445982
2 4 0.109380 0.143825 0.473505 0.163920 0.109369
2 4 0.036284 0.112774 0.575753 0.124066 0.151123
4 4 0.067198 0.123975 0.360975 0.069044 0.378809
4 4 0.202356 0.114922 0.073795 0.005566 0.603361
0 4 0.499933 0.094443 0.061444 0.013258 0.330922
4 4 0.155150 0.183596 0.267798 0.032380 0.361076
4 4 0.072988 0.132594 0.308854 0.034932 0.450631
2 4 0.049371 0.167575 0.556567 0.039392 0.187095
2 4 0.057800 0.197574 0.545308 0.025959 0.173359
2 4 0.029853 0.123156 0.609342 0.060998 0.176651
2 4 0.067153 0.188979 0.491333 0.033730 0.218805
2 4 0.030130 0.122100 0.588108 0.061774 0.197889
2 4 0.019985 0.101876 0.715106 0.075915 0.087119
2 4 0.022336 0.100240 0.650859 0.086087 0.140479
2 4 0.018013 0.078991 0.679717 0.154252 0.069027
2 4 0.047732 0.140665 0.533212 0.064277 0.214114
4 4 0.070260 0.148850 0.361575 0.050138 0.369177
2 4 0.010680 0.071528 0.736140 0.104009 0.077644
2 4 0.041067 0.143798 0.647972 0.050070 0.117092
2 4 0.020662 0.065019 0.543145 0.284833 0.086341
2 4 0.167268 0.158213 0.428081 0.171937 0.074501
2 4 0.097997 0.100665 0.343022 0.291150 0.167167
4 4 0.258717 0.124868 0.127799 0.032593 0.456022
3 4 0.281519 0.057466 0.153692 0.467382 0.039941
2 4 0.061039 0.154610 0.475872 0.067246 0.241233
2 4 0.016467 0.066749 0.593308 0.248996 0.074480
2 4 0.045735 0.129590 0.514754 0.077006 0.232915
4 4 0.251540 0.196132 0.172143 0.011509 0.368676
4 4 0.073612 0.144231 0.348679 0.033903 0.399575
2 4 0.034418 0.141631 0.567017 0.037754 0.219179
2 4 0.039546 0.133660 0.478135 0.032829 0.315830
2 4 0.029588 0.126612 0.600021 0.044131 0.199649
2 4 0.026766 0.105884 0.635666 0.118547 0.113136
4 4 0.178785 0.122831 0.123731 0.020292 0.554361
2 4 0.219471 0.125966 0.273518 0.181608 0.199438
2 4 0.053802 0.145796 0.589474 0.080882 0.130046
2 4 0.098242 0.210483 0.517538 0.055700 0.118037
2 4 0.079808 0.132657 0.456023 0.108333 0.223179
2 4 0.130795 0.159512 0.395782 0.112901 0.201010
4 4 0.157870 0.139825 0.218224 0.045720 0.438361
2 4 0.253166 0.120496 0.291773 0.248020 0.086546
2 4 0.035442 0.083629 0.571543 0.256270 0.053115
2 4 0.043975 0.115951 0.619288 0.151612 0.069175
2 4 0.011697 0.041610 0.558209 0.374545 0.013940
2 4 0.129579 0.198265 0.538433 0.060114 0.073608
2 4 0.042594 0.135551 0.639485 0.098166 0.084203
2 4 0.078818 0.188043 0.455674 0.031409 0.246055
2 4 0.117454 0.137606 0.421624 0.178273 0.145042
2 4 0.193888 0.126179 0.366060 0.257945 0.055929
4 4 0.208952 0.208326 0.239306 0.020328 0.323087
2 4 0.185028 0.175380 0.356145 0.110459 0.172988
2 4 0.034114 0.126358 0.626544 0.102249 0.110735
2 4 0.034001 0.121915 0.642070 0.101584 0.100430
2 4 0.052916 0.112697 0.599173 0.183735 0.051480
2 4 0.038840 0.129458 0.599658 0.100996 0.131047
2 4 0.016445 0.061759 0.596017 0.294669 0.031111
2 4 0.019410 0.077548 0.651022 0.205859 0.046161
2 4 0.016964 0.077469 0.704386 0.165213 0.035968
2 2 0.054788 0.166650 0.491540 0.025975 0.261047
2 2 0.028494 0.101020 0.626519 0.135915 0.108052
2 2 0.022064 0.067518 0.584610 0.256238 0.069570
0 2 0.570714 0.083330 0.125533 0.130910 0.089513
0 2 0.602932 0.090618 0.077550 0.031275 0.197625
2 2 0.016983 0.073897 0.670646 0.176682 0.061792
2 2 0.043816 0.153081 0.599453 0.071350 0.132300
2 2 0.096087 0.194584 0.503936 0.060098 0.145294
3 2 0.274830 0.087137 0.213186 0.338816 0.086030
0 0 0.672740 0.066404 0.090102 0.106913 0.063840
2 0 0.180337 0.217077 0.395556 0.069088 0.137942
2 1 0.129739 0.194046 0.510984 0.076862 0.088370
2 1 0.057591 0.127392 0.644398 0.124092 0.046527
2 1 0.028075 0.094660 0.649003 0.191174 0.037088
2 1 0.108343 0.201169 0.580566 0.059551 0.050371
4 4 0.353973 0.157081 0.117218 0.010603 0.361125
3 4 0.155849 0.094645 0.277131 0.360782 0.111593
0 4 0.325298 0.215122 0.243433 0.021510 0.194636
4 4 0.121704 0.192950 0.314296 0.026619 0.344431
2 4 0.047708 0.093502 0.590073 0.198471 0.070247
4 4 0.210523 0.171127 0.271477 0.070896 0.275977
4 4 0.089863 0.160005 0.306940 0.016269 0.426923
2 4 0.044605 0.136180 0.643177 0.091371 0.084668
2 4 0.099777 0.181944 0.426359 0.051738 0.240182
0 4 0.273036 0.121794 0.247241 0.178391 0.179538
2 2 0.029320 0.092157 0.515916 0.111991 0.250616
0 2 0.361481 0.124875 0.185408 0.097444 0.230792
2 2 0.243169 0.124285 0.261638 0.180493 0.190415
4 2 0.283016 0.153933 0.135242 0.013523 0.414286
2 2 0.083039 0.188547 0.367022 0.020384 0.341007
3 2 0.216909 0.087015 0.283322 0.309829 0.102926
4 2 0.173715 0.193910 0.275671 0.034859 0.321846
3 2 0.244624 0.099694 0.242851 0.298556 0.114275
0 0 0.724113 0.068594 0.052165 0.024708 0.130420
0 0 0.538938 0.088277 0.137131 0.137685 0.097967
4 0 0.200483 0.196845 0.253365 0.026082 0.323225
4 0 0.081865 0.110083 0.203245 0.036677 0.568130
2 1 0.073496 0.167152 0.473220 0.040487 0.245646
4 1 0.152170 0.184202 0.284981 0.051234 0.327413
0 2 0.307493 0.125944 0.196971 0.119768 0.249825
4 2 0.221131 0.131071 0.210084 0.121730 0.315985
0 2 0.320245 0.109369 0.216008 0.209604 0.144773
4 2 0.267808 0.154175 0.224634 0.074244 0.279140
2 2 0.015413 0.064646 0.628166 0.253016 0.038759
2 2 0.047525 0.103481 0.528890 0.236145 0.083958
4 2 0.075114 0.178170 0.345858 0.013893 0.386965
2 2 0.075244 0.172859 0.476314 0.037363 0.238219
2 2 0.043645 0.117507 0.592315 0.132719 0.113813
2 2 0.034202 0.106621 0.630991 0.156106 0.072079
2 2 0.122879 0.213088 0.392702 0.030369 0.240962
2 2 0.077463 0.172614 0.444781 0.035261 0.269881
2 2 0.061483 0.154146 0.604442 0.073059 0.106871
2 2 0.035098 0.108273 0.589370 0.133481 0.133778
2 2 0.058821 0.135302 0.439166 0.067115 0.299595
2 2 0.056018 0.147229 0.465245 0.034468 0.297039
2 2 0.016512 0.047298 0.460471 0.445539 0.030181
2 2 0.022602 0.092588 0.619466 0.080302 0.185042
2 2 0.048569 0.120325 0.603639 0.176392 0.051075
2 2 0.100055 0.149421 0.407990 0.077817 0.264717
2 2 0.025903 0.088248 0.662398 0.178387 0.045063
2 2 0.058085 0.175153 0.570796 0.044801 0.151165
2 2 0.144291 0.222629 0.333695 0.024831 0.274554
2 2 0.039089 0.078663 0.479563 0.334954 0.067732
2 2 0.065225 0.132463 0.469219 0.092189 0.240903
2 2 0.118324 0.190369 0.504080 0.076903 0.110324
2 2 0.139161 0.136407 0.434386 0.184694 0.105352
2 2 0.202622 0.222987 0.410013 0.049197 0.115182
2 2 0.153760 0.220223 0.428342 0.049767 0.147908
2 2 0.162327 0.238928 0.447586 0.040564 0.110595
2 2 0.083130 0.116767 0.554724 0.208460 0.036919
2 2 0.035342 0.075166 0.546191 0.313491 0.029811
3 2 0.041372 0.057787 0.405866 0.431233 0.063742
0 2 0.283986 0.233790 0.248677 0.014022 0.219525
2 2 0.180614 0.137820 0.316093 0.165007 0.200467
2 2 0.094551 0.135631 0.495230 0.226529 0.048060
4 2 0.222370 0.174678 0.251245 0.041831 0.309875
2 2 0.114472 0.140890 0.492912 0.205912 0.045814
2 2 0.206060 0.169900 0.289877 0.068017 0.266147
2 2 0.269883 0.228782 0.357453 0.039459 0.104423
2 2 0.092594 0.158606 0.512299 0.161506 0.074995
3 2 0.106358 0.083556 0.295446 0.457036 0.057604
0 2 0.585984 0.094424 0.099306 0.053241 0.167045
0 2 0.329594 0.116157 0.221414 0.172668 0.160167
2 2 0.050285 0.143943 0.641799 0.067624 0.096349
2 2 0.055645 0.120650 0.563129 0.125575 0.135001
2 2 0.020944 0.095295 0.726326 0.079040 0.078394
2 2 0.034198 0.090329 0.515380 0.149736 0.210357
2 2 0.044548 0.100227 0.533354 0.181680 0.140191
2 2 0.060394 0.147761 0.549257 0.119327 0.123261
2 2 0.036888 0.123169 0.602284 0.080157 0.157502
2 2 0.040796 0.078607 0.471118 0.282684 0.126795
2 2 0.052868 0.145628 0.563177 0.054304 0.184023
2 2 0.054631 0.115300 0.508722 0.136237 0.185111
2 2 0.220813 0.137152 0.256727 0.129848 0.255459
2 2 0.090603 0.106780 0.429770 0.338972 0.033876
2 2 0.063030 0.119014 0.504908 0.194650 0.118398
3 2 0.066097 0.050414 0.228883 0.628241 0.026366
2 2 0.048515 0.084591 0.479056 0.317522 0.070317
2 2 0.031641 0.105704 0.671111 0.142511 0.049034
4 2 0.166042 0.195020 0.249793 0.025273 0.363873
2 2 0.079733 0.135195 0.470093 0.133114 0.181865
2 2 0.175604 0.205975 0.310795 0.032438 0.275188
3 2 0.009892 0.033565 0.442718 0.497767 0.016058
0 2 0.335674 0.115490 0.218734 0.171935 0.158166
0 2 0.746298 0.053251 0.066256 0.087499 0.046697
2 2 0.070574 0.109504 0.526853 0.247862 0.045206
2 2 0.161428 0.233071 0.384730 0.035424 0.185346
2 2 0.031674 0.095935 0.621462 0.140772 0.110157
2 2 0.037228 0.109823 0.604014 0.139523 0.109411
2 2 0.058543 0.139762 0.528979 0.066208 0.206507
2 2 0.094776 0.172255 0.477671 0.077178 0.178120
2 2 0.110179 0.189012 0.413435 0.066079 0.221295
2 2 0.095052 0.157550 0.534657 0.136153 0.076588
2 2 0.063132 0.089178 0.400531 0.340676 0.106483
2 2 0.089599 0.208598 0.359902 0.012247 0.329654
3 2 0.017318 0.030474 0.290853 0.629306 0.032049
2 2 0.043593 0.078571 0.434300 0.311390 0.132146
2 2 0.089456 0.112968 0.342000 0.179375 0.276201
2 2 0.016510 0.065841 0.625485 0.245732 0.046432
2 2 0.039241 0.128441 0.645478 0.093421 0.093419
3 2 0.029770 0.053611 0.396331 0.464120 0.056167
2 2 0.026892 0.075922 0.595078 0.260935 0.041172
2 2 0.013101 0.035114 0.474217 0.420967 0.056601
2 2 0.134369 0.154616 0.493833 0.120239 0.096942
2 2 0.082784 0.144026 0.536910 0.125135 0.111145
2 2 0.049990 0.159428 0.490511 0.039396 0.260675
2 2 0.020070 0.062798 0.571806 0.280273 0.065052
2 2 0.081876 0.151512 0.518964 0.092897 0.154751
2 2 0.077108 0.159481 0.530985 0.106325 0.126100
2 2 0.045191 0.135739 0.585128 0.072619 0.161323
2 2 0.085465 0.162561 0.441415 0.063493 0.247065
