0 0 0.598588 0.091719 0.119595 0.117477 0.072621
0 0 0.566488 0.053227 0.070727 0.036215 0.273344
0 0 0.923307 0.008290 0.011907 0.022921 0.033574
4 0 0.259621 0.163713 0.188475 0.042213 0.345978
4 0 0.103182 0.313114 0.268205 0.001306 0.314193
2 1 0.102979 0.265500 0.392898 0.005290 0.233332
4 1 0.176892 0.161169 0.217011 0.044699 0.400230
2 1 0.067919 0.190009 0.446188 0.011794 0.284090
2 1 0.055541 0.225276 0.406971 0.005593 0.306620
4 1 0.104273 0.201660 0.185849 0.002651 0.505567
2 1 0.059124 0.161598 0.533310 0.018753 0.227215
2 1 0.129306 0.175748 0.416531 0.119560 0.158855
2 1 0.076603 0.102896 0.434819 0.143429 0.242252
2 1 0.236844 0.207487 0.343098 0.095289 0.117282
3 2 0.243214 0.060259 0.156415 0.464193 0.075919
3 2 0.034348 0.041487 0.360443 0.542481 0.021241
3 2 0.015320 0.018396 0.213876 0.737394 0.015014
3 2 0.004695 0.004179 0.070149 0.917904 0.003073
3 2 0.029738 0.020585 0.252378 0.686663 0.010635
2 2 0.053473 0.172933 0.603616 0.039126 0.130853
2 2 0.136964 0.221606 0.446334 0.022416 0.172680
2 2 0.182559 0.185218 0.290227 0.181195 0.160801
4 4 0.139559 0.219491 0.180360 0.003794 0.456795
2 4 0.086899 0.214399 0.408035 0.022669 0.267998
2 4 0.065000 0.111014 0.617957 0.139981 0.066048
4 4 0.087669 0.202744 0.242308 0.002777 0.464502
2 4 0.066311 0.229748 0.494281 0.014824 0.194834
2 1 0.069232 0.144900 0.579183 0.072809 0.133876
2 1 0.037401 0.077790 0.473094 0.346687 0.065028
3 1 0.069709 0.048187 0.194413 0.599897 0.087794
4 1 0.236121 0.130147 0.222746 0.147157 0.263829
2 1 0.058345 0.067224 0.522265 0.305878 0.046288
2 1 0.061401 0.086593 0.459059 0.331952 0.060994
3 1 0.022921 0.010902 0.081551 0.874863 0.009763
1 1 0.285785 0.322878 0.215480 0.011413 0.164443
2 1 0.103937 0.152987 0.560843 0.120032 0.062202
2 1 0.149430 0.217131 0.425566 0.075388 0.132485
4 4 0.173092 0.122167 0.156973 0.022586 0.525182
2 4 0.066828 0.218411 0.487605 0.021511 0.205644
2 4 0.055881 0.178072 0.518529 0.023100 0.224418
4 4 0.129202 0.214184 0.290796 0.009654 0.356164
2 4 0.163270 0.300461 0.322869 0.011980 0.201419
2 4 0.076933 0.104794 0.483322 0.168257 0.166693
2 4 0.062468 0.080085 0.533241 0.264658 0.059548
2 4 0.058196 0.137716 0.677843 0.082228 0.044018
2 4 0.062877 0.196955 0.624871 0.019267 0.096030
2 4 0.014738 0.054937 0.630493 0.258934 0.040898
2 4 0.062168 0.134443 0.497306 0.050201 0.255883
3 2 0.052083 0.069355 0.349110 0.486794 0.042658
2 2 0.063566 0.160018 0.592258 0.073802 0.110356
4 2 0.098954 0.181136 0.312779 0.022145 0.384986
2 2 0.092431 0.229831 0.377021 0.011443 0.289275
4 2 0.124486 0.198419 0.195229 0.007189 0.474676
1 2 0.197260 0.371311 0.242171 0.009910 0.179349
4 2 0.199454 0.246512 0.268910 0.010743 0.274381
2 2 0.114885 0.204922 0.441156 0.034123 0.204914
2 2 0.052914 0.154140 0.663990 0.045464 0.083492
4 2 0.154279 0.209786 0.182058 0.006071 0.447806
2 2 0.118663 0.233697 0.520536 0.027811 0.099293
2 2 0.109547 0.211257 0.356912 0.006212 0.316073
2 2 0.053931 0.129113 0.534311 0.116761 0.165883
1 2 0.140417 0.319971 0.292903 0.003286 0.243423
2 2 0.134238 0.224677 0.482176 0.033974 0.124935
2 2 0.063816 0.231329 0.463316 0.030124 0.211415
2 2 0.112304 0.358955 0.409712 0.005046 0.113984
4 2 0.149454 0.318469 0.201625 0.002796 0.327656
2 2 0.092051 0.186854 0.464468 0.035916 0.220710
2 2 0.157685 0.248651 0.399155 0.013319 0.181190
3 2 0.137690 0.088115 0.316026 0.358312 0.099858
0 2 0.447354 0.197594 0.179112 0.033980 0.141960
4 2 0.100685 0.188343 0.227469 0.007345 0.476158
4 2 0.109546 0.153209 0.139723 0.005913 0.591609
4 3 0.199891 0.201931 0.190832 0.018607 0.388739
4 3 0.156481 0.189541 0.258120 0.017968 0.377890
2 3 0.157919 0.135893 0.466156 0.106964 0.133067
2 3 0.152997 0.194687 0.395502 0.106779 0.150036
2 3 0.063806 0.068497 0.340614 0.326168 0.200915
4 3 0.219636 0.184448 0.208371 0.031350 0.356195
2 3 0.219488 0.114968 0.332535 0.263697 0.069313
2 3 0.139375 0.105441 0.396582 0.295270 0.063332
0 3 0.447529 0.104762 0.199737 0.148653 0.099319
0 3 0.299071 0.287125 0.213715 0.014660 0.185429
2 3 0.171413 0.192992 0.407324 0.123961 0.104310
2 3 0.095015 0.096882 0.413864 0.329704 0.064535
2 3 0.219220 0.240313 0.378174 0.049211 0.113082
0 3 0.277702 0.173851 0.248425 0.081379 0.218643
0 3 0.285015 0.150011 0.244403 0.206877 0.113694
4 3 0.195298 0.090328 0.207085 0.224751 0.282538
0 3 0.353236 0.146286 0.268555 0.058259 0.173663
4 3 0.144069 0.131600 0.262002 0.199548 0.262782
3 3 0.193728 0.049554 0.154125 0.559574 0.043019
0 3 0.371917 0.114903 0.187036 0.177900 0.148244
0 3 0.358640 0.185332 0.181596 0.031676 0.242756
3 3 0.039510 0.042291 0.210569 0.668781 0.038849
3 3 0.175846 0.102510 0.226887 0.408011 0.086746
3 3 0.066910 0.034202 0.142094 0.666351 0.090443
3 3 0.086145 0.045310 0.154590 0.672027 0.041928
3 3 0.290539 0.104078 0.204982 0.314723 0.085677
2 3 0.172392 0.116386 0.294864 0.280673 0.135685
3 3 0.074246 0.031724 0.117802 0.744947 0.031281
0 3 0.485237 0.099859 0.129121 0.066566 0.219217
2 3 0.249214 0.203904 0.251544 0.093617 0.201720
0 3 0.474763 0.122688 0.157314 0.095905 0.149330
2 3 0.070387 0.131558 0.505381 0.049507 0.243168
2 3 0.076962 0.208186 0.410756 0.009744 0.294352
0 3 0.419929 0.151024 0.191400 0.124339 0.113308
2 3 0.044484 0.118704 0.643698 0.125715 0.067398
2 3 0.062825 0.146974 0.589264 0.072528 0.128410
2 3 0.068563 0.154588 0.547776 0.126303 0.102770
2 3 0.061808 0.219795 0.644408 0.017258 0.056731
2 3 0.075953 0.085429 0.439719 0.316765 0.082133
0 3 0.284523 0.135875 0.258751 0.081946 0.238905
2 3 0.177831 0.180875 0.387493 0.053978 0.199824
4 3 0.142936 0.183270 0.311429 0.024659 0.337706
3 3 0.039273 0.042993 0.353177 0.538784 0.025773
2 3 0.104030 0.096771 0.493137 0.225455 0.080606
4 3 0.157046 0.184331 0.299013 0.038957 0.320653
2 3 0.081483 0.142553 0.417363 0.124559 0.234042
2 3 0.064502 0.091957 0.444047 0.309664 0.089830
2 3 0.233891 0.211279 0.413352 0.050103 0.091375
0 3 0.432768 0.146470 0.186005 0.124444 0.110314
3 3 0.038447 0.006556 0.037773 0.909597 0.007628
2 3 0.275204 0.171596 0.323537 0.101102 0.128560
2 3 0.238295 0.256126 0.286136 0.061687 0.157756
3 3 0.113486 0.052444 0.325949 0.479776 0.028345
2 3 0.116248 0.149458 0.539145 0.088105 0.107045
2 3 0.076976 0.162519 0.503738 0.123837 0.132930
2 3 0.064002 0.070286 0.503915 0.293620 0.068177
2 3 0.178808 0.152938 0.281829 0.143104 0.243321
2 3 0.107018 0.183616 0.449428 0.158797 0.101141
2 3 0.054032 0.136077 0.667722 0.079826 0.062343
2 3 0.108999 0.105518 0.515388 0.162900 0.107195
0 3 0.500269 0.105948 0.151173 0.158209 0.084401
0 3 0.436180 0.118560 0.156239 0.083579 0.205442
2 3 0.230846 0.232568 0.254644 0.045785 0.236157
4 3 0.154867 0.181524 0.137888 0.004383 0.521338
2 3 0.044943 0.139929 0.502865 0.043865 0.268398
2 3 0.027167 0.100804 0.689026 0.122800 0.060203
2 3 0.038827 0.159947 0.632282 0.034614 0.134329
2 3 0.104776 0.227979 0.371415 0.015307 0.280524
2 3 0.029836 0.131871 0.661859 0.051183 0.125252
2 3 0.038352 0.125500 0.610715 0.100881 0.124552
2 3 0.041090 0.132833 0.609340 0.107347 0.109390
2 3 0.057457 0.163723 0.560414 0.054782 0.163625
2 3 0.042448 0.169662 0.642096 0.031206 0.114588
2 3 0.077303 0.175381 0.554239 0.074234 0.118844
2 3 0.084007 0.190793 0.418336 0.015277 0.291586
2 3 0.070475 0.144643 0.563165 0.099963 0.121755
2 3 0.102448 0.170672 0.465999 0.066018 0.194864
2 3 0.082982 0.174695 0.526290 0.117365 0.098669
2 3 0.026376 0.096406 0.682095 0.084895 0.110228
3 3 0.004618 0.013458 0.390704 0.582130 0.009089
2 3 0.072361 0.109717 0.558865 0.174886 0.084172
2 3 0.082328 0.163196 0.559607 0.071345 0.123525
2 3 0.036801 0.120556 0.589443 0.126111 0.127088
2 3 0.020436 0.076634 0.677028 0.193114 0.032787
2 2 0.066499 0.146873 0.481299 0.069007 0.236321
2 2 0.021801 0.069618 0.755852 0.101764 0.050965
2 2 0.013553 0.060440 0.746337 0.146436 0.033234
2 2 0.024032 0.077724 0.696359 0.142113 0.059772
2 2 0.020049 0.064270 0.643428 0.216371 0.055882
2 2 0.017797 0.087274 0.759087 0.106196 0.029646
2 2 0.015493 0.061769 0.734267 0.163565 0.024906
2 2 0.014909 0.052097 0.678794 0.215451 0.038750
2 2 0.032035 0.128357 0.728913 0.063350 0.047346
0 0 0.306679 0.145899 0.276762 0.106430 0.164230
2 0 0.030703 0.069592 0.633115 0.227347 0.039243
3 0 0.182533 0.109462 0.316341 0.320045 0.071619
0 0 0.542707 0.104333 0.138292 0.118836 0.095832
0 0 0.770565 0.019888 0.038741 0.103893 0.066914
0 0 0.674878 0.066934 0.088602 0.088850 0.080736
3 0 0.133281 0.009779 0.046403 0.790847 0.019690
0 0 0.302172 0.195274 0.242689 0.118678 0.141187
0 0 0.626713 0.083152 0.108946 0.114750 0.066439
2 0 0.035114 0.098010 0.639659 0.131576 0.095641
2 0 0.150443 0.165175 0.444128 0.148582 0.091672
2 0 0.037948 0.115342 0.680279 0.087321 0.079110
2 1 0.039282 0.116005 0.690913 0.081548 0.072252
2 1 0.027462 0.136254 0.725983 0.040560 0.069741
4 0 0.226306 0.165463 0.205100 0.056271 0.346860
0 0 0.293749 0.078330 0.190510 0.216119 0.221292
2 0 0.016692 0.079609 0.750353 0.108254 0.045092
2 0 0.034629 0.106130 0.684510 0.075562 0.099169
2 0 0.039016 0.131666 0.649499 0.044979 0.134841
2 0 0.030821 0.127252 0.700758 0.047935 0.093234
2 0 0.057863 0.061030 0.449202 0.403400 0.028505
3 0 0.126507 0.052253 0.264456 0.465590 0.091194
2 1 0.018056 0.115319 0.741606 0.051615 0.073404
2 1 0.023645 0.108586 0.698280 0.069429 0.100060
2 1 0.030140 0.105373 0.661364 0.073484 0.129640
2 1 0.040833 0.167741 0.628412 0.025060 0.137953
2 1 0.016813 0.092947 0.706745 0.059770 0.123726
2 2 0.017444 0.078131 0.736771 0.089465 0.078189
2 2 0.027913 0.097983 0.686940 0.059861 0.127303
2 2 0.021584 0.099082 0.720340 0.047482 0.111512
2 2 0.020287 0.094901 0.688110 0.107959 0.088744
2 2 0.030409 0.127580 0.687961 0.044749 0.109301
2 2 0.016977 0.075517 0.698753 0.144244 0.064509
2 2 0.015402 0.075409 0.748430 0.088337 0.072422
2 2 0.023460 0.086430 0.722142 0.089015 0.078953
2 2 0.153294 0.275423 0.360951 0.018688 0.191644
4 2 0.111473 0.186768 0.306850 0.011653 0.383256
2 2 0.162800 0.268133 0.346409 0.017066 0.205592
2 2 0.033438 0.123214 0.585683 0.196665 0.061000
2 2 0.100131 0.183744 0.472293 0.057563 0.186271
2 2 0.126117 0.081944 0.322927 0.295384 0.173628
2 2 0.110214 0.246263 0.454213 0.032031 0.157279
4 2 0.107037 0.199550 0.187374 0.002586 0.503453
2 2 0.094090 0.155726 0.357391 0.077105 0.315688
2 2 0.141290 0.122685 0.410263 0.211993 0.113769
2 2 0.128230 0.223056 0.322360 0.012622 0.313732
1 2 0.186179 0.324542 0.257720 0.010434 0.221126
2 2 0.213811 0.265371 0.296707 0.010809 0.213302
0 2 0.492336 0.143580 0.149060 0.037678 0.177347
0 2 0.321477 0.202293 0.221623 0.061593 0.193015
4 2 0.170099 0.170286 0.243081 0.062959 0.353575
3 2 0.148570 0.059428 0.249766 0.305188 0.237049
2 2 0.143855 0.296489 0.352316 0.039426 0.167913
4 2 0.229850 0.164556 0.231346 0.058511 0.315737
2 2 0.154229 0.187457 0.329804 0.089660 0.238851
2 2 0.189856 0.143171 0.298685 0.198189 0.170100
2 2 0.138472 0.137085 0.385765 0.082799 0.255879
1 2 0.200385 0.344639 0.236600 0.010778 0.207599
2 2 0.118105 0.148123 0.342986 0.086284 0.304502
2 2 0.081198 0.192211 0.418518 0.066050 0.242023
3 2 0.094419 0.098420 0.307507 0.414618 0.085036
2 2 0.160771 0.296464 0.326102 0.025501 0.191161
2 2 0.195741 0.236867 0.354410 0.032708 0.180274
3 2 0.023940 0.022174 0.120405 0.813095 0.020386
3 2 0.319879 0.083818 0.170354 0.353514 0.072436
0 2 0.343330 0.182876 0.275767 0.089648 0.108379
0 2 0.341708 0.128322 0.162659 0.058877 0.308434
2 2 0.151596 0.159478 0.428931 0.094298 0.165697
2 2 0.145722 0.166431 0.299466 0.259794 0.128587
2 2 0.264966 0.194590 0.267903 0.134767 0.137774
2 2 0.093905 0.165882 0.522394 0.084745 0.133075
0 2 0.347973 0.180211 0.223179 0.117300 0.131337
2 2 0.250152 0.115222 0.315703 0.248777 0.070146
2 2 0.028725 0.054067 0.457705 0.434235 0.025268
2 2 0.168643 0.309385 0.361216 0.023297 0.137458
2 2 0.268922 0.120049 0.334172 0.195653 0.081204
3 2 0.167382 0.120589 0.251000 0.361768 0.099261
3 2 0.118716 0.082954 0.307722 0.363608 0.127000
2 2 0.193943 0.307161 0.320095 0.015836 0.162965
0 2 0.386003 0.155740 0.196024 0.101693 0.160540
2 2 0.151857 0.162946 0.346919 0.090546 0.247733
3 2 0.058736 0.054621 0.211004 0.550633 0.125006
2 2 0.134282 0.170859 0.379131 0.130074 0.185654
4 2 0.192937 0.183403 0.289869 0.034505 0.299286
2 2 0.057019 0.104311 0.460549 0.321718 0.056404
2 2 0.082086 0.195112 0.488306 0.037077 0.197419
2 2 0.084177 0.130820 0.591561 0.142300 0.051142
2 2 0.047616 0.072208 0.425775 0.414769 0.039633
3 2 0.039773 0.034111 0.356762 0.547968 0.021386
4 2 0.221353 0.181074 0.185327 0.018997 0.393248
4 2 0.096973 0.154092 0.311807 0.038463 0.398664
3 2 0.050588 0.049634 0.294295 0.574431 0.031053
2 2 0.061094 0.107712 0.504108 0.234402 0.092684
3 2 0.015367 0.025296 0.320906 0.624250 0.014180
3 2 0.047550 0.030755 0.260247 0.643828 0.017620
2 2 0.026024 0.047703 0.594184 0.289328 0.042762
2 2 0.018891 0.057447 0.645505 0.258651 0.019505
2 2 0.034473 0.069040 0.618238 0.221322 0.056928
2 2 0.088526 0.193370 0.552142 0.085470 0.080492
2 2 0.036270 0.097680 0.696969 0.132090 0.036992
2 2 0.278527 0.168616 0.308391 0.125284 0.119182
2 2 0.185117 0.189210 0.338266 0.095738 0.191669
2 2 0.080722 0.131249 0.515714 0.142245 0.130070
2 2 0.124957 0.125384 0.363461 0.104661 0.281537
2 2 0.165583 0.170974 0.368002 0.152484 0.142958
2 2 0.025198 0.104130 0.640490 0.149557 0.080625
4 2 0.154258 0.236024 0.194228 0.008986 0.406504
2 2 0.082908 0.094869 0.475008 0.235699 0.111517
3 2 0.094058 0.067370 0.374176 0.402104 0.062292
2 2 0.097211 0.227952 0.431537 0.051730 0.191570
0 2 0.486390 0.127958 0.163867 0.123870 0.097916
0 2 0.398060 0.140994 0.105368 0.006079 0.349498
2 2 0.082538 0.135465 0.500240 0.097063 0.184693
0 2 0.387130 0.109117 0.139673 0.054060 0.310019
1 2 0.272989 0.283707 0.246587 0.031846 0.164872
2 2 0.127283 0.292014 0.405373 0.011980 0.163349
2 2 0.119717 0.183765 0.349285 0.055647 0.291585
0 2 0.507508 0.120883 0.155322 0.123203 0.093085
0 0 0.348322 0.165055 0.220182 0.142792 0.123648
0 0 0.258923 0.129391 0.230804 0.233127 0.147755
1 0 0.237108 0.282206 0.266905 0.042998 0.170782
1 0 0.187280 0.342959 0.303001 0.008363 0.158398
2 0 0.071221 0.268119 0.484861 0.015065 0.160734
2 1 0.095431 0.254397 0.339706 0.010292 0.300174
2 1 0.048511 0.085274 0.433154 0.370038 0.063023
2 0 0.026739 0.088488 0.638677 0.172257 0.073840
2 0 0.042775 0.140295 0.568024 0.059020 0.189886
2 0 0.098003 0.218223 0.349283 0.007410 0.327081
1 0 0.165877 0.338058 0.324565 0.011492 0.160007
2 0 0.128359 0.226781 0.367801 0.010427 0.266632
4 0 0.215278 0.140290 0.174654 0.042445 0.427333
0 0 0.462458 0.177311 0.174676 0.044633 0.140923
2 0 0.079403 0.156414 0.462033 0.107067 0.195083
2 0 0.101175 0.297903 0.456412 0.015269 0.129242
4 0 0.166109 0.236487 0.247788 0.016347 0.333268
2 0 0.132859 0.317590 0.360687 0.008427 0.180438
2 0 0.102012 0.194481 0.591690 0.047083 0.064734
4 1 0.193388 0.302835 0.181541 0.004076 0.318160
0 0 0.371501 0.164373 0.219578 0.126192 0.118355
0 0 0.432251 0.108238 0.187983 0.191072 0.080456
0 0 0.456803 0.117763 0.157526 0.097440 0.170468
2 0 0.105637 0.181568 0.493703 0.130820 0.088273
2 1 0.089993 0.180941 0.337738 0.121383 0.269944
2 1 0.130338 0.222056 0.483939 0.055051 0.108615
2 1 0.120309 0.154425 0.406776 0.047142 0.271348
4 1 0.248026 0.196663 0.230221 0.057002 0.268089
2 1 0.201027 0.211999 0.357048 0.081985 0.147941
4 1 0.217946 0.194401 0.215790 0.036027 0.335836
4 1 0.150924 0.200900 0.253460 0.037575 0.357141
0 1 0.333251 0.283843 0.217102 0.017173 0.148631
2 1 0.087062 0.109594 0.376584 0.270809 0.155951
2 1 0.157640 0.212760 0.379378 0.042824 0.207398
4 2 0.197283 0.154927 0.242469 0.054867 0.350454
2 2 0.150697 0.219685 0.351124 0.022140 0.256355
4 2 0.212989 0.181749 0.268356 0.030384 0.306521
2 2 0.138516 0.163972 0.389311 0.203445 0.104756
2 2 0.191484 0.209147 0.369600 0.048455 0.181314
2 2 0.054629 0.085695 0.497647 0.202726 0.159303
2 2 0.079627 0.070044 0.427650 0.323056 0.099624
2 2 0.125824 0.147515 0.494590 0.120830 0.111242
3 2 0.079093 0.101345 0.335639 0.402235 0.081688
0 2 0.360386 0.100785 0.153271 0.062402 0.323156
2 2 0.134726 0.078258 0.358605 0.314961 0.113451
2 2 0.029244 0.063676 0.582023 0.286924 0.038133
2 2 0.203619 0.158373 0.428833 0.092900 0.116275
0 2 0.336725 0.214956 0.284628 0.050174 0.113518
0 2 0.382175 0.200160 0.251387 0.053801 0.112477
2 2 0.243140 0.262903 0.269378 0.057877 0.166702
1 2 0.229539 0.257891 0.242031 0.026123 0.244415
4 2 0.227441 0.185010 0.213479 0.047542 0.326528
4 2 0.143371 0.131831 0.106211 0.004000 0.614586
2 2 0.108561 0.198341 0.433692 0.060002 0.199405
2 2 0.173035 0.159691 0.412996 0.146987 0.107292
4 2 0.109151 0.117400 0.215245 0.033358 0.524846
2 2 0.120533 0.182899 0.438840 0.065667 0.192062
4 2 0.249838 0.237717 0.200306 0.014243 0.297896
3 2 0.070730 0.040554 0.386998 0.456580 0.045138
2 2 0.089955 0.114251 0.501298 0.177875 0.116621
4 2 0.100443 0.106047 0.242677 0.182928 0.367905
4 2 0.246485 0.192532 0.245060 0.062481 0.253442
3 2 0.162461 0.079959 0.208849 0.376747 0.171984
0 2 0.331825 0.204699 0.222365 0.055694 0.185417
2 2 0.069798 0.109970 0.473520 0.268920 0.077792
4 2 0.149749 0.135077 0.244776 0.093042 0.377357
2 2 0.062013 0.158569 0.430803 0.249363 0.099252
2 2 0.069540 0.211268 0.458216 0.014821 0.246156
4 2 0.151783 0.226052 0.199547 0.005672 0.416944
4 2 0.111311 0.273845 0.266680 0.005576 0.342588
4 2 0.126200 0.218323 0.221033 0.004699 0.429745
2 2 0.126402 0.271131 0.451544 0.022946 0.127977
2 2 0.101939 0.200895 0.469701 0.033017 0.194447
2 2 0.065458 0.139902 0.564528 0.079004 0.151108
2 2 0.076795 0.192072 0.580521 0.043585 0.107026
2 2 0.156368 0.212976 0.371900 0.059313 0.199442
2 2 0.077626 0.145110 0.567527 0.131319 0.078418
4 2 0.152650 0.266490 0.220352 0.004925 0.355583
4 2 0.140355 0.215944 0.257860 0.010813 0.375029
2 2 0.117297 0.186991 0.419122 0.036744 0.239847
2 2 0.050440 0.170725 0.620914 0.067470 0.090452
2 2 0.114431 0.102739 0.303994 0.244524 0.234311
4 2 0.147936 0.147941 0.196137 0.036925 0.471060
4 2 0.212721 0.176982 0.247927 0.054512 0.307858
3 2 0.091687 0.051963 0.219022 0.575104 0.062224
2 3 0.258273 0.199840 0.302715 0.038888 0.200284
2 3 0.132284 0.159247 0.465017 0.085976 0.157477
2 3 0.261234 0.125942 0.303015 0.130190 0.179619
2 3 0.227600 0.252217 0.349725 0.045714 0.124744
3 3 0.081375 0.068138 0.297157 0.507900 0.045429
2 3 0.141040 0.208895 0.473221 0.043267 0.133578
0 3 0.320320 0.148625 0.229911 0.188367 0.112777
1 3 0.189986 0.304593 0.241160 0.014675 0.249586
2 3 0.093933 0.133042 0.396003 0.294041 0.082981
3 3 0.047673 0.087162 0.319563 0.404257 0.141345
2 3 0.144576 0.090785 0.409450 0.239947 0.115242
2 3 0.101727 0.088693 0.489434 0.251818 0.068328
0 3 0.307049 0.168319 0.244600 0.156891 0.123141
3 3 0.149279 0.108174 0.306545 0.360890 0.075113
4 3 0.230344 0.165003 0.244427 0.079317 0.280910
4 3 0.158818 0.249492 0.182678 0.005444 0.403569
2 3 0.081371 0.092034 0.389936 0.379549 0.057110
4 3 0.182386 0.097639 0.215086 0.216059 0.288831
4 3 0.273337 0.081137 0.202694 0.150957 0.291876
3 3 0.236181 0.096426 0.293974 0.310106 0.063313
0 3 0.286349 0.196533 0.249570 0.097290 0.170258
0 3 0.578919 0.097833 0.127152 0.119110 0.076985
0 3 0.457542 0.123201 0.139001 0.042598 0.237658
3 3 0.032794 0.015728 0.117929 0.821110 0.012438
0 3 0.295811 0.100351 0.242617 0.198999 0.162221
2 3 0.279992 0.172191 0.289062 0.146175 0.112580
2 3 0.213908 0.158963 0.272083 0.233630 0.121416
0 3 0.446701 0.093335 0.155060 0.227461 0.077444
3 3 0.123891 0.070539 0.262199 0.493175 0.050196
4 3 0.231917 0.172778 0.213997 0.061777 0.319532
4 3 0.112981 0.198031 0.109921 0.001095 0.577972
2 3 0.068738 0.184943 0.547157 0.043640 0.155522
2 2 0.309438 0.162543 0.329816 0.110956 0.087247
4 2 0.306805 0.163642 0.195294 0.022107 0.312152
0 2 0.319555 0.218901 0.248706 0.028012 0.184825
2 2 0.264762 0.226178 0.302388 0.073497 0.133175
2 2 0.048048 0.101035 0.540928 0.255988 0.054001
2 2 0.040910 0.144904 0.608264 0.143201 0.062720
2 2 0.091465 0.208193 0.388261 0.017138 0.294943
2 2 0.093760 0.274580 0.389267 0.015031 0.227362
4 4 0.161950 0.129238 0.218277 0.098407 0.392127
2 4 0.134418 0.142948 0.391186 0.245210 0.086238
2 4 0.274824 0.112659 0.322749 0.197424 0.092344
2 4 0.207287 0.211415 0.263970 0.061053 0.256275
2 4 0.052795 0.099765 0.597618 0.177293 0.072530
2 4 0.140143 0.117681 0.302065 0.165589 0.274522
4 4 0.138228 0.174311 0.209287 0.013577 0.464596
2 4 0.071243 0.110463 0.372635 0.334634 0.111025
2 4 0.128178 0.244290 0.317333 0.019549 0.290650
2 4 0.099893 0.252065 0.419078 0.021663 0.207300
2 4 0.083403 0.206393 0.472612 0.047099 0.190494
2 4 0.145662 0.111907 0.424286 0.112245 0.205900
0 4 0.494693 0.085029 0.110654 0.053742 0.255883
2 4 0.141981 0.287412 0.291899 0.012660 0.266048
2 4 0.074449 0.159265 0.534935 0.100156 0.131195
4 4 0.168616 0.181483 0.201873 0.023030 0.424999
2 4 0.121190 0.119619 0.320323 0.309560 0.129308
2 4 0.087403 0.196865 0.560791 0.016817 0.138123
0 4 0.309045 0.200392 0.270698 0.017455 0.202409
4 4 0.329482 0.130345 0.165063 0.042063 0.333047
2 4 0.128621 0.182898 0.493042 0.064829 0.130611
2 4 0.085360 0.089147 0.430754 0.125437 0.269302
2 4 0.089317 0.111072 0.372289 0.188770 0.238552
2 4 0.085400 0.207256 0.498720 0.036150 0.172474
4 4 0.159769 0.123284 0.257747 0.087534 0.371666
4 4 0.194902 0.092212 0.254070 0.197147 0.261669
0 0 0.623316 0.084175 0.110222 0.115105 0.067182
2 1 0.165533 0.261641 0.409748 0.031992 0.131086
2 1 0.109177 0.220785 0.524096 0.034228 0.111714
2 1 0.070456 0.064404 0.419560 0.404644 0.040936
4 1 0.139691 0.167011 0.324101 0.038627 0.330570
3 1 0.063710 0.062146 0.361663 0.477504 0.034976
0 0 0.292571 0.199106 0.247025 0.117808 0.143489
2 0 0.139414 0.257432 0.323321 0.015364 0.264469
2 1 0.161102 0.250749 0.326900 0.031988 0.229261
2 1 0.119247 0.310566 0.442037 0.016296 0.111855
2 1 0.084735 0.081917 0.348079 0.213962 0.271307
4 4 0.267978 0.174222 0.160438 0.016003 0.381358
1 4 0.212282 0.273481 0.264831 0.025335 0.224071
2 4 0.154191 0.171598 0.349999 0.041155 0.283058
4 4 0.162734 0.102344 0.109229 0.011295 0.614398
2 4 0.037918 0.075895 0.497475 0.352870 0.035841
4 4 0.252419 0.138166 0.229904 0.089723 0.289788
2 4 0.092873 0.216852 0.393652 0.021289 0.275333
0 4 0.244845 0.193411 0.238956 0.080851 0.241938
0 4 0.611416 0.071980 0.105921 0.151001 0.059682
2 0 0.178804 0.211085 0.325347 0.049945 0.234818
2 1 0.059622 0.145188 0.604321 0.065799 0.125070
2 1 0.170087 0.168427 0.412084 0.066799 0.182603
2 1 0.098195 0.199495 0.445478 0.043036 0.213796
2 1 0.117303 0.094005 0.338711 0.323715 0.126266
4 1 0.119897 0.150542 0.306491 0.099158 0.323911
0 1 0.322935 0.158908 0.234080 0.050897 0.233179
0 1 0.552598 0.106174 0.137403 0.120950 0.082874
3 0 0.121324 0.117512 0.331853 0.348691 0.080619
2 1 0.251253 0.196602 0.333717 0.052184 0.166244
0 1 0.383679 0.241150 0.209879 0.023306 0.141985
2 1 0.108414 0.206830 0.425925 0.056058 0.202773
2 1 0.066108 0.089980 0.465367 0.249047 0.129498
2 1 0.074288 0.113284 0.457359 0.294114 0.060956
2 1 0.146977 0.228762 0.484440 0.048112 0.091709
1 1 0.211719 0.335008 0.299334 0.008965 0.144973
2 1 0.080678 0.124150 0.540117 0.199551 0.055504
2 1 0.247218 0.190966 0.280144 0.098343 0.183329
2 1 0.094280 0.169400 0.479811 0.061004 0.195505
2 1 0.098354 0.232649 0.393733 0.054448 0.220815
2 1 0.075361 0.143836 0.521348 0.092221 0.167234
4 1 0.207729 0.143643 0.253196 0.026156 0.369276
2 1 0.107994 0.119106 0.355948 0.195082 0.221870
4 1 0.126876 0.202627 0.213577 0.007589 0.449332
2 1 0.126954 0.222350 0.475718 0.040295 0.134684
4 1 0.120736 0.235595 0.301511 0.007007 0.335151
2 1 0.069286 0.127517 0.621970 0.113292 0.067934
2 1 0.203872 0.151662 0.314216 0.060349 0.269901
0 0 0.640114 0.074353 0.097926 0.084707 0.102900
0 0 0.362294 0.172089 0.216082 0.122668 0.126866
4 0 0.140997 0.147446 0.324889 0.038155 0.348513
2 0 0.090321 0.194893 0.470004 0.074739 0.170042
2 0 0.049300 0.098031 0.593740 0.211059 0.047870
2 0 0.058987 0.112251 0.455712 0.262361 0.110689
3 1 0.033454 0.036771 0.323840 0.545554 0.060382
3 1 0.075261 0.068484 0.346491 0.418320 0.091444
2 1 0.037529 0.123633 0.590866 0.193648 0.054323
2 1 0.165530 0.206547 0.377243 0.038134 0.212546
2 1 0.131871 0.185298 0.341954 0.059195 0.281682
2 1 0.084007 0.148355 0.466396 0.036620 0.264622
3 1 0.145675 0.116449 0.326651 0.332845 0.078380
2 1 0.086954 0.197111 0.433837 0.071768 0.210330
2 1 0.134158 0.136932 0.467627 0.115593 0.145691
3 1 0.042739 0.040656 0.300509 0.570095 0.046001
4 1 0.119076 0.142274 0.311463 0.080404 0.346784
2 1 0.225250 0.200924 0.424133 0.052072 0.097620
0 0 0.358496 0.137646 0.164779 0.051880 0.287199
2 1 0.064121 0.126493 0.545317 0.167611 0.096457
4 1 0.114076 0.106085 0.182920 0.031944 0.564976
2 1 0.175899 0.191830 0.380562 0.033679 0.218030
4 1 0.140137 0.225513 0.307918 0.009660 0.316772
2 2 0.068986 0.142772 0.557347 0.118861 0.112034
2 2 0.108466 0.162453 0.484284 0.123917 0.120879
2 2 0.146867 0.132500 0.337895 0.145508 0.237230
2 2 0.141568 0.200628 0.377406 0.117350 0.163048
2 2 0.140580 0.086001 0.430982 0.251702 0.090735
2 2 0.112625 0.208297 0.492597 0.022719 0.163761
2 2 0.179707 0.244839 0.286699 0.018388 0.270367
2 2 0.131558 0.138586 0.370427 0.271420 0.088008
1 2 0.225137 0.254900 0.252775 0.020952 0.246235
2 2 0.113610 0.174692 0.379873 0.175956 0.155869
2 2 0.044487 0.056656 0.445849 0.382995 0.070014
2 2 0.097432 0.182721 0.495981 0.044238 0.179628
2 2 0.028789 0.069038 0.640185 0.231516 0.030472
2 2 0.141372 0.291108 0.346613 0.013280 0.207627
2 2 0.088699 0.162962 0.547393 0.081287 0.119660
2 2 0.090713 0.209311 0.536803 0.051755 0.111419
2 2 0.102697 0.223630 0.538827 0.030238 0.104608
2 2 0.086667 0.115124 0.534108 0.133806 0.130295
3 2 0.135435 0.086077 0.301229 0.314671 0.162588
2 2 0.122121 0.155660 0.489929 0.109815 0.122475
4 2 0.161594 0.122996 0.211121 0.054772 0.449517
2 2 0.123935 0.248547 0.443657 0.032314 0.151547
1 2 0.167945 0.352846 0.321638 0.011485 0.146086
2 2 0.074826 0.109187 0.564731 0.205725 0.045531
2 2 0.078946 0.086432 0.443057 0.187754 0.203810
2 2 0.095567 0.106937 0.429223 0.173239 0.195034
2 2 0.228835 0.209541 0.368068 0.081814 0.111742
4 2 0.236250 0.221087 0.230319 0.033485 0.278858
2 2 0.057656 0.077291 0.547702 0.259755 0.057595
2 2 0.098250 0.119398 0.414134 0.114479 0.253739
4 2 0.193809 0.176260 0.249422 0.039449 0.341061
2 2 0.249310 0.236470 0.268841 0.085371 0.160007
4 2 0.195306 0.146651 0.177364 0.014084 0.466595
4 2 0.215438 0.138203 0.229736 0.108257 0.308365
3 2 0.026742 0.029901 0.192700 0.728501 0.022157
2 2 0.024265 0.056934 0.460791 0.430791 0.027220
3 2 0.097850 0.079898 0.338677 0.434093 0.049482
3 2 0.055470 0.043693 0.368160 0.511152 0.021525
4 2 0.247617 0.177111 0.175037 0.020619 0.379616
2 2 0.089887 0.160722 0.629637 0.058855 0.060898
2 2 0.184360 0.247093 0.356131 0.028532 0.183884
2 2 0.207257 0.244165 0.287645 0.032535 0.228398
2 2 0.164245 0.187565 0.412577 0.067350 0.168262
0 2 0.701679 0.034050 0.046254 0.032335 0.185682
0 2 0.478585 0.130602 0.167050 0.124053 0.099709
0 0 0.305634 0.189119 0.235433 0.108792 0.161022
2 0 0.117725 0.210767 0.510330 0.026275 0.134902
2 0 0.091108 0.264467 0.363407 0.022853 0.258166
4 0 0.071912 0.098767 0.277376 0.176788 0.375157
4 0 0.179873 0.237082 0.226332 0.017971 0.338743
4 2 0.147313 0.256252 0.265620 0.012753 0.318062
4 2 0.175115 0.176218 0.244260 0.015673 0.388734
4 2 0.144032 0.198781 0.180158 0.008398 0.468632
4 2 0.098797 0.137546 0.258963 0.095401 0.409294
4 2 0.121726 0.167556 0.215726 0.026130 0.468862
2 2 0.079530 0.149234 0.534683 0.137569 0.098984
4 2 0.152311 0.235938 0.199182 0.005232 0.407337
2 2 0.178356 0.188187 0.430928 0.085728 0.116801
4 2 0.216025 0.276231 0.206941 0.008369 0.292434
2 2 0.163875 0.173233 0.409277 0.157778 0.095837
0 2 0.289623 0.194770 0.241800 0.106624 0.167184
0 2 0.519515 0.116914 0.150506 0.122713 0.090351
2 2 0.244241 0.230400 0.252388 0.041956 0.231015
4 2 0.182343 0.206793 0.229955 0.017407 0.363502
2 2 0.101771 0.117074 0.483047 0.235122 0.062987
4 2 0.165242 0.180959 0.205481 0.014479 0.433839
2 2 0.099050 0.230313 0.520391 0.033656 0.116591
2 2 0.106858 0.271179 0.376132 0.023409 0.222421
2 2 0.140647 0.244575 0.323332 0.009339 0.282106
4 2 0.228947 0.181870 0.224680 0.042946 0.321556
2 2 0.192410 0.214485 0.297987 0.035053 0.260066
3 2 0.137683 0.083917 0.221851 0.392222 0.164328
2 2 0.144680 0.137396 0.340200 0.209206 0.168518
1 2 0.244772 0.299884 0.262646 0.027348 0.165352
2 2 0.179758 0.254585 0.316996 0.022069 0.226592
0 2 0.303686 0.176780 0.237138 0.058787 0.223609
2 2 0.226534 0.109830 0.268663 0.140277 0.254696
0 2 0.279093 0.104387 0.226947 0.248709 0.140863
0 2 0.409892 0.208382 0.247707 0.031336 0.102684
2 2 0.064369 0.125785 0.600347 0.143068 0.066431
4 2 0.188922 0.189520 0.207934 0.026161 0.387463
2 2 0.111366 0.116434 0.440832 0.269657 0.061711
0 2 0.369637 0.162403 0.204528 0.105839 0.157593
2 2 0.136000 0.139355 0.496928 0.164403 0.063314
2 2 0.185837 0.184144 0.371612 0.092794 0.165614
3 2 0.208093 0.127232 0.251853 0.300109 0.112712
2 2 0.104316 0.088702 0.465730 0.271682 0.069570
2 2 0.092318 0.093889 0.437794 0.252404 0.123596
2 2 0.093972 0.210271 0.545375 0.049190 0.101191
2 2 0.092699 0.072221 0.422568 0.345782 0.066730
3 2 0.086095 0.076166 0.332872 0.456969 0.047898
2 2 0.083601 0.103185 0.398141 0.353819 0.061255
3 3 0.020107 0.016058 0.206383 0.748513 0.008938
2 3 0.188722 0.120638 0.311231 0.275542 0.103866
2 3 0.169054 0.180903 0.421253 0.116006 0.112783
3 3 0.100098 0.069432 0.335551 0.369310 0.125608
2 3 0.050983 0.083245 0.504258 0.314374 0.047139
2 3 0.059410 0.078749 0.479433 0.325480 0.056927
3 3 0.008944 0.021947 0.355529 0.593121 0.020459
2 3 0.030439 0.116105 0.630510 0.175904 0.047043
3 3 0.017236 0.025738 0.207267 0.732213 0.017546
2 3 0.195418 0.163553 0.351478 0.126708 0.162843
3 3 0.089088 0.049065 0.347473 0.481388 0.032986
2 3 0.106409 0.207956 0.570457 0.040377 0.074801
2 2 0.085480 0.168124 0.499696 0.043151 0.203549
2 2 0.102305 0.155200 0.456426 0.058916 0.227153
2 2 0.110282 0.133766 0.467795 0.107860 0.180297
2 2 0.053934 0.123323 0.566380 0.087413 0.168951
2 2 0.048431 0.178148 0.620689 0.036410 0.116321
2 2 0.035054 0.124105 0.627751 0.079283 0.133808
2 2 0.052032 0.128765 0.608363 0.079445 0.131395
2 2 0.027546 0.109084 0.700596 0.085859 0.076914
2 2 0.081335 0.202585 0.454413 0.020620 0.241047
2 2 0.029070 0.129375 0.638933 0.043456 0.159166
2 2 0.054107 0.168729 0.561724 0.024651 0.190790
3 2 0.037450 0.058770 0.423288 0.431101 0.049391
2 2 0.034130 0.066576 0.558998 0.305947 0.034350
2 2 0.079136 0.117515 0.477807 0.134642 0.190901
2 2 0.038387 0.120927 0.601701 0.128140 0.110846
2 2 0.024921 0.097308 0.736494 0.091239 0.050037
2 2 0.066045 0.166837 0.563836 0.107898 0.095383
2 2 0.057196 0.126338 0.622602 0.145336 0.048527
2 2 0.034346 0.127426 0.636889 0.044580 0.156759
2 2 0.043030 0.100607 0.659983 0.122918 0.073463
2 2 0.027577 0.053638 0.533298 0.363934 0.021553
2 2 0.084309 0.161340 0.596970 0.026600 0.130781
2 2 0.024323 0.060773 0.565352 0.286954 0.062598
2 2 0.041207 0.127895 0.594992 0.129809 0.106096
2 2 0.047905 0.134709 0.515997 0.084386 0.217003
4 2 0.145725 0.214405 0.213959 0.012760 0.413152
2 2 0.109617 0.263608 0.403648 0.010096 0.213031
0 2 0.408771 0.155021 0.196119 0.124171 0.115919
0 0 0.743222 0.049994 0.067003 0.098086 0.041695
0 0 0.498987 0.099115 0.128298 0.069469 0.204132
0 0 0.470494 0.129899 0.147179 0.050335 0.202093
2 0 0.063770 0.148541 0.517558 0.066457 0.203674
2 0 0.086734 0.155123 0.580389 0.069760 0.107994
2 0 0.076775 0.233752 0.474937 0.013166 0.201370
2 1 0.056799 0.137983 0.597560 0.076996 0.130662
2 4 0.058512 0.117007 0.489255 0.190475 0.144750
4 4 0.221363 0.210318 0.197969 0.016000 0.354350
4 4 0.211781 0.192095 0.228739 0.036938 0.330448
0 0 0.668233 0.070892 0.093579 0.109848 0.057448
0 0 0.721009 0.056008 0.074704 0.101990 0.046289
2 0 0.103767 0.141704 0.554704 0.069530 0.130296
2 1 0.078039 0.080179 0.603578 0.165966 0.072239
2 1 0.105208 0.179729 0.438295 0.034553 0.242214
2 2 0.057694 0.121343 0.551530 0.145974 0.123460
2 4 0.080802 0.088898 0.399571 0.317954 0.112775
0 4 0.456306 0.088173 0.145642 0.148466 0.161413
0 4 0.463021 0.130057 0.158632 0.075220 0.173070
2 4 0.149539 0.204798 0.378210 0.033192 0.234260
4 4 0.268149 0.165123 0.167505 0.023486 0.375737
0 4 0.336104 0.148138 0.205277 0.097301 0.213180
2 4 0.092856 0.110723 0.407838 0.301811 0.086771
0 4 0.417641 0.143001 0.181625 0.100655 0.157078
4 4 0.120329 0.178529 0.248159 0.038014 0.414969
2 4 0.067805 0.132823 0.540019 0.080280 0.179074
3 4 0.185630 0.133971 0.258902 0.301744 0.119753
0 4 0.318251 0.095663 0.195914 0.217128 0.173044
2 4 0.120533 0.271399 0.462339 0.016562 0.129167
2 4 0.144156 0.244736 0.301270 0.011902 0.297936
2 4 0.095652 0.152549 0.435615 0.038424 0.277760
4 4 0.233726 0.047872 0.088071 0.044559 0.585772
0 4 0.374504 0.120615 0.153673 0.060083 0.291125
0 4 0.496727 0.098589 0.110156 0.031456 0.263072
0 4 0.409423 0.154787 0.195842 0.124183 0.115766
2 4 0.070404 0.175668 0.579333 0.064486 0.110109
2 4 0.057793 0.100207 0.475972 0.314392 0.051636
1 4 0.244433 0.301746 0.269349 0.024871 0.159601
0 4 0.442161 0.152963 0.237238 0.079534 0.088104
2 4 0.251278 0.216062 0.265978 0.113255 0.153427
2 4 0.053861 0.097101 0.557591 0.248097 0.043349
2 0 0.060691 0.197203 0.624997 0.030461 0.086648
2 0 0.052360 0.178816 0.603582 0.046397 0.118845
2 0 0.251278 0.216062 0.265978 0.113255 0.153427
4 0 0.236470 0.232594 0.225037 0.030519 0.275380
2 0 0.062088 0.206876 0.592628 0.020282 0.118127
2 0 0.054986 0.171571 0.599847 0.060033 0.113563
2 0 0.025567 0.075878 0.663815 0.190114 0.044627
2 1 0.104707 0.138715 0.496264 0.157436 0.102879
2 1 0.060534 0.160025 0.529566 0.037433 0.212442
2 1 0.028040 0.121215 0.684556 0.090525 0.075664
2 2 0.050302 0.159214 0.600135 0.095217 0.095132
2 2 0.085837 0.166448 0.514716 0.084155 0.148844
4 2 0.236282 0.082007 0.104373 0.023891 0.553447
2 2 0.170552 0.100976 0.340464 0.326742 0.061266
3 4 0.085978 0.050880 0.162978 0.652752 0.047412
2 4 0.033646 0.074447 0.644088 0.191303 0.056516
2 4 0.084653 0.243007 0.513617 0.019947 0.138777
1 4 0.193704 0.353833 0.234591 0.008876 0.208995
2 4 0.065383 0.145965 0.464620 0.089681 0.234351
2 4 0.108448 0.215093 0.519385 0.027657 0.129417
2 4 0.078373 0.203994 0.437399 0.022040 0.258194
2 4 0.043794 0.160514 0.611384 0.059993 0.124315
0 0 0.601300 0.090883 0.118560 0.117234 0.072022
2 0 0.094998 0.176775 0.492489 0.107969 0.127769
2 1 0.083277 0.156129 0.515517 0.088798 0.156279
2 1 0.020111 0.035727 0.450986 0.449304 0.043872
2 1 0.033827 0.109544 0.706572 0.080001 0.070056
2 2 0.057568 0.094239 0.422418 0.175001 0.250774
0 2 0.448225 0.074106 0.136627 0.277036 0.064005
0 2 0.366075 0.171408 0.296000 0.076461 0.090056
2 0 0.116976 0.272459 0.334251 0.011925 0.264389
2 0 0.062895 0.160834 0.506436 0.140868 0.128967
2 0 0.059552 0.142925 0.567789 0.112097 0.117637
2 1 0.234627 0.219534 0.352787 0.068804 0.124248
4 1 0.111306 0.170175 0.166874 0.008799 0.542847
2 1 0.065120 0.149792 0.553034 0.081960 0.150094
2 1 0.133146 0.135339 0.375607 0.060226 0.295683
0 1 0.290015 0.055910 0.143531 0.265213 0.245332
2 1 0.191823 0.138805 0.405272 0.103232 0.160867
2 1 0.100070 0.183649 0.464795 0.048997 0.202490
2 1 0.120931 0.190662 0.466326 0.069686 0.152395
2 1 0.110765 0.112294 0.418467 0.090728 0.267745
4 1 0.110396 0.187614 0.282126 0.039582 0.380281
2 1 0.124953 0.183750 0.345443 0.025017 0.320838
2 1 0.145156 0.146428 0.378128 0.135640 0.194647
2 2 0.097490 0.179794 0.541930 0.053371 0.127416
2 2 0.053456 0.136122 0.557494 0.052056 0.200872
3 2 0.075551 0.064419 0.316821 0.502861 0.040348
2 2 0.121887 0.180626 0.478237 0.114370 0.104881
2 2 0.115505 0.206335 0.466861 0.029571 0.181728
2 2 0.179437 0.160813 0.411441 0.066283 0.182026
0 2 0.686933 0.065526 0.086803 0.107281 0.053457
2 2 0.042493 0.070525 0.555698 0.284717 0.046566
0 2 0.283562 0.221231 0.268811 0.082935 0.143460
2 0 0.108185 0.092723 0.348751 0.317205 0.133137
2 0 0.109566 0.183665 0.493091 0.047497 0.166181
2 0 0.037114 0.088583 0.538835 0.275182 0.060286
4 2 0.201697 0.196362 0.267089 0.054762 0.280089
2 2 0.157164 0.262583 0.331986 0.023984 0.224283
4 2 0.158750 0.184211 0.238024 0.014221 0.404794
2 2 0.100082 0.107603 0.463520 0.237526 0.091270
2 2 0.059896 0.084707 0.422096 0.349567 0.083735
2 2 0.076161 0.221547 0.583727 0.025274 0.093291
2 2 0.090762 0.177350 0.491464 0.089124 0.151299
2 2 0.041916 0.065282 0.457393 0.388037 0.047372
2 2 0.051618 0.104487 0.569966 0.165707 0.108222
2 2 0.066586 0.109373 0.469497 0.296990 0.057553
0 2 0.454710 0.138797 0.176869 0.124405 0.105219
1 0 0.220640 0.302692 0.191969 0.005462 0.279237
2 0 0.090752 0.120469 0.555563 0.173151 0.060065
2 0 0.212525 0.182119 0.387415 0.073946 0.143995
2 0 0.102213 0.160527 0.337353 0.217851 0.182056
4 2 0.129392 0.223112 0.129292 0.001688 0.516517
2 2 0.110788 0.323522 0.450526 0.010727 0.104436
4 2 0.086394 0.134296 0.180047 0.012232 0.587031
4 2 0.078573 0.161541 0.149256 0.004483 0.606148
2 2 0.127754 0.218855 0.489473 0.039157 0.124761
2 2 0.095657 0.173629 0.438014 0.032904 0.259795
2 2 0.116203 0.265433 0.338259 0.008236 0.271870
2 2 0.133222 0.260998 0.359549 0.013075 0.233157
4 2 0.129889 0.221436 0.280568 0.011945 0.356162
2 2 0.090279 0.158165 0.523238 0.149216 0.079101
2 2 0.099879 0.188427 0.419558 0.113138 0.178998
4 2 0.176882 0.293103 0.178959 0.003951 0.347105
4 2 0.145278 0.197188 0.252675 0.009860 0.394998
4 2 0.138360 0.144481 0.313800 0.074247 0.329113
2 2 0.077018 0.203400 0.517993 0.079996 0.121594
2 2 0.113669 0.213912 0.412684 0.089278 0.170457
2 3 0.184628 0.189437 0.359256 0.069721 0.196958
4 3 0.155395 0.263540 0.247088 0.018187 0.315789
4 3 0.187075 0.148954 0.172202 0.024625 0.467143
0 3 0.297742 0.244650 0.162208 0.006323 0.289077
4 3 0.187577 0.189465 0.216146 0.016011 0.390801
4 3 0.114297 0.142690 0.272527 0.080479 0.390006
4 3 0.171923 0.279464 0.234262 0.007879 0.306471
0 3 0.396601 0.165838 0.203526 0.112620 0.121415
2 3 0.071382 0.123787 0.460971 0.273642 0.070219
2 3 0.150031 0.140237 0.351320 0.196255 0.162158
4 3 0.167401 0.245268 0.280225 0.013131 0.293975
2 3 0.234965 0.190109 0.278580 0.158945 0.137400
0 3 0.270001 0.157374 0.244492 0.172741 0.155391
0 3 0.381953 0.216598 0.212388 0.050838 0.138223
3 3 0.079125 0.063940 0.204639 0.550840 0.101455
3 3 0.018848 0.029093 0.342832 0.595119 0.014108
3 3 0.169125 0.095537 0.219528 0.434024 0.081785
3 3 0.148863 0.067204 0.272511 0.467154 0.044269
4 3 0.151476 0.149359 0.263835 0.105469 0.329861
3 3 0.130965 0.046078 0.183361 0.593357 0.046238
2 3 0.094027 0.075113 0.428939 0.364880 0.037040
0 3 0.477999 0.118464 0.167694 0.102220 0.133622
2 3 0.245964 0.243440 0.252741 0.051482 0.206373
1 3 0.194423 0.340186 0.285377 0.014354 0.165660
2 3 0.246667 0.142106 0.292120 0.135315 0.183792
1 3 0.243604 0.294572 0.244705 0.018744 0.198376
3 3 0.022455 0.020552 0.318207 0.623450 0.015336
3 3 0.076122 0.046399 0.192154 0.647774 0.037552
0 3 0.395677 0.099697 0.185424 0.241550 0.077653
2 3 0.293933 0.153359 0.328097 0.129147 0.095463
2 3 0.183566 0.148219 0.290645 0.250682 0.126888
2 3 0.257672 0.190432 0.311125 0.077300 0.163471
3 3 0.186909 0.118502 0.244764 0.279404 0.170420
4 3 0.235815 0.178278 0.220671 0.066288 0.298949
4 3 0.226923 0.212158 0.234351 0.039637 0.286931
2 3 0.169632 0.106516 0.273346 0.272313 0.178193
2 3 0.068870 0.139825 0.563587 0.166285 0.061434
0 3 0.315222 0.110138 0.201512 0.186051 0.187076
3 3 0.201837 0.084807 0.277294 0.360713 0.075349
2 3 0.217118 0.174791 0.301230 0.185322 0.121540
2 3 0.208413 0.171514 0.306841 0.174854 0.138378
2 3 0.155791 0.129611 0.563834 0.104597 0.046167
3 3 0.125292 0.085509 0.334387 0.401896 0.052916
0 3 0.267068 0.231795 0.254358 0.043402 0.203377
2 3 0.147898 0.101180 0.387468 0.298568 0.064885
2 3 0.268148 0.259055 0.309869 0.027181 0.135747
2 3 0.194938 0.125372 0.296838 0.244666 0.138185
2 3 0.190716 0.176688 0.407241 0.114342 0.111013
3 3 0.199099 0.094324 0.216028 0.307406 0.183143
2 3 0.094943 0.094120 0.462562 0.216398 0.131978
