0 0 0.518947 0.143008 0.158561 0.057951 0.121533
0 0 0.503268 0.157171 0.198736 0.077726 0.063099
2 0 0.161507 0.127504 0.413838 0.241305 0.055846
3 0 0.118913 0.074571 0.303523 0.452510 0.050483
0 0 0.530046 0.114560 0.111349 0.067949 0.176096
0 0 0.442575 0.064547 0.093498 0.309754 0.089626
3 0 0.014790 0.014964 0.182791 0.784590 0.002865
2 0 0.161599 0.134636 0.353195 0.178800 0.171770
0 0 0.535582 0.134704 0.163369 0.089048 0.077297
3 0 0.019124 0.018783 0.173628 0.775542 0.012923
3 0 0.202982 0.085763 0.239775 0.359579 0.111902
4 0 0.218355 0.166599 0.254336 0.055700 0.305009
2 0 0.069891 0.095825 0.414376 0.213269 0.206640
0 0 0.435508 0.125989 0.141635 0.058269 0.238598
2 0 0.185010 0.207854 0.304580 0.025795 0.276761
3 0 0.246599 0.064888 0.150418 0.377332 0.160764
3 0 0.092170 0.055438 0.273121 0.555809 0.023462
2 0 0.076422 0.132907 0.391601 0.087410 0.311659
2 0 0.168819 0.169777 0.313674 0.050769 0.296961
2 0 0.027410 0.134108 0.683369 0.040242 0.114871
2 0 0.034234 0.149340 0.441689 0.014885 0.359852
2 0 0.038473 0.160295 0.499405 0.018513 0.283313
2 0 0.027330 0.130443 0.597990 0.037430 0.206808
2 0 0.034502 0.146109 0.520493 0.025601 0.273295
2 1 0.023764 0.125400 0.593738 0.033715 0.223384
4 1 0.048490 0.176940 0.368503 0.008142 0.397924
2 1 0.043627 0.172702 0.538582 0.019883 0.225205
2 1 0.043308 0.148720 0.480788 0.030486 0.296697
2 1 0.061153 0.173272 0.393010 0.017302 0.355263
2 1 0.049620 0.164644 0.437655 0.019379 0.328702
2 0 0.061591 0.191287 0.424991 0.013446 0.308684
2 0 0.028866 0.139972 0.539868 0.023885 0.267409
4 1 0.046732 0.155525 0.386282 0.016027 0.395434
2 1 0.036635 0.121851 0.524773 0.066643 0.250097
0 0 0.346902 0.174020 0.289978 0.120647 0.068453
2 0 0.022791 0.127556 0.588811 0.028159 0.232682
2 1 0.021694 0.118394 0.634893 0.041396 0.183624
3 0 0.024437 0.037352 0.323338 0.578551 0.036323
2 0 0.066049 0.082970 0.404526 0.339270 0.107185
2 0 0.030986 0.154567 0.487412 0.013351 0.313683
2 0 0.026889 0.137298 0.516185 0.020381 0.299247
2 1 0.017287 0.074816 0.635092 0.175802 0.097003
2 1 0.048445 0.127926 0.614636 0.109228 0.099765
2 1 0.047380 0.132119 0.425104 0.037282 0.358115
2 1 0.129641 0.144425 0.471204 0.187101 0.067630
3 0 0.283531 0.055666 0.151196 0.494511 0.015097
3 0 0.053994 0.016512 0.088114 0.826643 0.014737
0 0 0.364978 0.128682 0.230383 0.230633 0.045324
0 0 0.445933 0.068381 0.103878 0.328388 0.053420
0 0 0.472213 0.192875 0.192845 0.022266 0.119801
4 0 0.110619 0.134228 0.256500 0.045862 0.452790
4 0 0.121810 0.187774 0.243621 0.011878 0.434917
2 0 0.137670 0.118544 0.315341 0.163345 0.265100
3 0 0.042395 0.054597 0.355563 0.496892 0.050552
3 0 0.055959 0.066030 0.354157 0.426539 0.097315
2 0 0.127054 0.115391 0.349079 0.218385 0.190091
2 0 0.073364 0.087675 0.393835 0.261825 0.183301
2 0 0.167246 0.206037 0.466194 0.066932 0.093591
4 0 0.071429 0.139801 0.343998 0.040815 0.403958
4 0 0.117396 0.282663 0.232956 0.001302 0.365683
2 1 0.093429 0.214190 0.405890 0.013894 0.272597
2 1 0.115448 0.187360 0.551328 0.073674 0.072190
3 0 0.204894 0.102113 0.261709 0.315141 0.116142
4 0 0.258554 0.176886 0.251640 0.044032 0.268887
4 0 0.126749 0.122574 0.145306 0.014657 0.590714
2 0 0.117403 0.206935 0.363738 0.021606 0.290318
2 0 0.066597 0.162679 0.549601 0.052777 0.168347
2 0 0.255591 0.217949 0.343292 0.053030 0.130138
4 0 0.226793 0.144011 0.155349 0.014077 0.459770
2 0 0.273229 0.166853 0.302257 0.135745 0.121916
2 0 0.129377 0.157866 0.512329 0.145655 0.054773
2 0 0.178911 0.185488 0.333288 0.042912 0.259401
0 0 0.550603 0.099081 0.136843 0.186848 0.026625
0 0 0.515771 0.168717 0.218185 0.070283 0.027044
0 0 0.647601 0.082647 0.090508 0.125921 0.053323
0 0 0.543010 0.163268 0.196020 0.061193 0.036510
0 0 0.594480 0.159661 0.173483 0.044963 0.027413
0 0 0.524484 0.189883 0.216186 0.037546 0.031902
0 0 0.478449 0.131367 0.203761 0.148417 0.038007
3 0 0.167463 0.080728 0.231914 0.363556 0.156339
2 0 0.092245 0.185787 0.415542 0.032286 0.274138
2 0 0.091934 0.193263 0.407366 0.025257 0.282180
2 0 0.050578 0.201225 0.501953 0.010752 0.235492
2 0 0.103484 0.169501 0.502995 0.088879 0.135141
4 0 0.239995 0.139941 0.247656 0.109441 0.262967
2 0 0.203177 0.119931 0.308628 0.212978 0.155285
2 0 0.123133 0.106795 0.365116 0.271161 0.133796
2 0 0.147712 0.140352 0.375562 0.126079 0.210295
4 0 0.204520 0.110503 0.205460 0.139212 0.340304
4 0 0.239622 0.082085 0.159523 0.214646 0.304125
2 0 0.058717 0.132183 0.430990 0.072052 0.306057
2 1 0.086210 0.098738 0.390648 0.223563 0.200841
2 1 0.066339 0.135413 0.433249 0.075901 0.289098
4 1 0.117455 0.115891 0.298127 0.127494 0.341034
2 2 0.042624 0.158473 0.525354 0.027091 0.246459
4 2 0.085762 0.171485 0.273266 0.012744 0.456742
4 2 0.047402 0.153276 0.374406 0.016204 0.408711
2 2 0.023931 0.118355 0.628919 0.049701 0.179093
2 2 0.030307 0.136505 0.592019 0.036310 0.204860
2 2 0.055471 0.111678 0.566538 0.193764 0.072548
2 2 0.049436 0.101685 0.486846 0.165234 0.196797
2 2 0.036559 0.117082 0.644759 0.102276 0.099323
2 2 0.065135 0.155247 0.448303 0.045515 0.285800
2 2 0.034770 0.131064 0.605891 0.058275 0.170001
2 3 0.106011 0.227845 0.499803 0.022903 0.143437
0 3 0.400472 0.058475 0.092906 0.391941 0.056206
3 3 0.048388 0.041795 0.243674 0.619510 0.046634
2 3 0.036211 0.134731 0.586923 0.053119 0.189015
2 3 0.064485 0.155165 0.444355 0.044755 0.291239
2 3 0.026893 0.105300 0.592457 0.091871 0.183478
2 2 0.059508 0.157938 0.512222 0.049379 0.220952
2 2 0.048738 0.166667 0.546907 0.030265 0.207423
2 2 0.031341 0.104499 0.586305 0.118796 0.159058
2 2 0.046147 0.144577 0.508063 0.044139 0.257074
2 3 0.028454 0.110371 0.612422 0.087497 0.161256
2 3 0.017430 0.051501 0.510981 0.376365 0.043723
3 3 0.038142 0.039199 0.270910 0.633267 0.018482
3 3 0.119132 0.081023 0.314061 0.357643 0.128142
0 3 0.336101 0.090086 0.231304 0.297734 0.044774
0 3 0.403639 0.062330 0.094021 0.334826 0.105184
0 3 0.719267 0.015664 0.012112 0.195216 0.057742
0 0 0.460652 0.062831 0.092935 0.334224 0.049357
0 0 0.625351 0.128670 0.145600 0.073928 0.026451
0 0 0.338496 0.108037 0.216683 0.242191 0.094593
2 1 0.104835 0.208288 0.412012 0.022305 0.252560
0 0 0.402798 0.064476 0.076009 0.134880 0.321837
2 0 0.201279 0.134415 0.337789 0.218451 0.108066
2 0 0.258238 0.145974 0.265181 0.149757 0.180849
3 0 0.192185 0.080175 0.285364 0.418345 0.023931
2 0 0.289212 0.184628 0.324774 0.109026 0.092360
2 0 0.062751 0.197497 0.477672 0.015610 0.246471
4 0 0.117009 0.222510 0.301290 0.008010 0.351180
2 0 0.065755 0.230046 0.383478 0.004705 0.316015
2 1 0.035150 0.151775 0.545225 0.024471 0.243379
4 1 0.065879 0.189726 0.298815 0.005949 0.439631
2 1 0.034719 0.125748 0.667435 0.077641 0.094458
2 0 0.095449 0.264408 0.329311 0.003270 0.307562
2 0 0.082989 0.129240 0.372948 0.066823 0.348000
2 0 0.082145 0.133958 0.398226 0.083085 0.302585
2 0 0.080928 0.204555 0.479543 0.022386 0.212588
4 0 0.183618 0.153082 0.167532 0.014541 0.481227
4 0 0.055672 0.160870 0.356380 0.015483 0.411595
2 1 0.034650 0.134354 0.484491 0.032106 0.314400
4 0 0.147388 0.110964 0.267027 0.138435 0.336185
3 0 0.039385 0.054488 0.380839 0.499967 0.025321
2 0 0.067815 0.141397 0.582100 0.105070 0.103617
4 0 0.189585 0.111593 0.181790 0.082304 0.434728
0 0 0.354105 0.186397 0.232846 0.042631 0.184021
4 1 0.073075 0.150186 0.325850 0.028914 0.421975
4 0 0.130643 0.139714 0.307620 0.053672 0.368351
2 0 0.065493 0.132967 0.394453 0.061248 0.345840
3 0 0.016521 0.020985 0.208275 0.740131 0.014088
3 0 0.140610 0.074760 0.255137 0.482179 0.047315
4 0 0.222580 0.136231 0.233900 0.123253 0.284036
3 0 0.031266 0.028279 0.203428 0.713649 0.023378
2 0 0.151483 0.294889 0.357128 0.005641 0.190858
4 0 0.071549 0.192558 0.297484 0.006472 0.431938
2 0 0.072931 0.220548 0.352865 0.005674 0.347981
2 0 0.047087 0.119039 0.583013 0.131960 0.118902
3 0 0.230233 0.030181 0.078227 0.594534 0.066825
4 1 0.065113 0.209710 0.358427 0.006028 0.360723
2 0 0.050938 0.117807 0.527639 0.138845 0.164771
4 1 0.115771 0.227569 0.295253 0.007404 0.354003
2 1 0.034604 0.172618 0.634888 0.017311 0.140580
2 0 0.076860 0.190753 0.428984 0.021682 0.281721
3 0 0.154420 0.101904 0.313373 0.363795 0.066509
2 0 0.069323 0.106994 0.477285 0.217136 0.129261
0 0 0.366204 0.192405 0.329504 0.088214 0.023672
0 0 0.623851 0.050120 0.056665 0.223567 0.045797
2 0 0.047362 0.084007 0.631810 0.232995 0.003827
2 0 0.093008 0.280895 0.377732 0.003319 0.245046
4 0 0.120580 0.165813 0.266380 0.027421 0.419806
2 0 0.147358 0.167586 0.511832 0.130350 0.042873
2 0 0.066900 0.144493 0.524969 0.080885 0.182752
3 0 0.141681 0.034162 0.116423 0.650391 0.057342
4 0 0.138727 0.132959 0.200310 0.032303 0.495702
2 0 0.155830 0.165504 0.371345 0.104499 0.202821
4 0 0.254215 0.173019 0.233413 0.041861 0.297492
3 0 0.347936 0.062198 0.101440 0.369102 0.119324
4 0 0.216781 0.190846 0.254955 0.029402 0.308017
0 0 0.275118 0.125270 0.204872 0.133924 0.260816
2 0 0.078433 0.144823 0.591857 0.127444 0.057444
2 0 0.103111 0.194657 0.362821 0.022012 0.317399
2 0 0.051693 0.115457 0.479932 0.104144 0.248774
2 0 0.047621 0.168592 0.483822 0.020614 0.279351
2 0 0.112516 0.111887 0.433583 0.248211 0.093802
4 0 0.100793 0.175613 0.327532 0.025529 0.370533
3 0 0.037447 0.032614 0.217929 0.683336 0.028674
2 0 0.156727 0.139961 0.366470 0.123286 0.213557
2 0 0.142509 0.210591 0.450582 0.045670 0.150648
2 0 0.092883 0.144149 0.497753 0.110656 0.154559
2 0 0.145170 0.307855 0.337941 0.003626 0.205409
2 0 0.064202 0.136526 0.613975 0.124733 0.060564
2 0 0.096130 0.100812 0.422949 0.331186 0.048922
0 0 0.575951 0.074276 0.087851 0.175794 0.086128
4 0 0.304117 0.140833 0.133248 0.017893 0.403910
4 0 0.170643 0.152228 0.220259 0.028863 0.428007
4 0 0.305778 0.105325 0.110824 0.039811 0.438262
0 0 0.468207 0.125779 0.117820 0.040992 0.247202
2 0 0.162902 0.131768 0.302508 0.156822 0.245998
2 0 0.052111 0.125139 0.606902 0.126691 0.089157
2 0 0.022547 0.105130 0.617224 0.072541 0.182558
2 1 0.132286 0.204232 0.365584 0.029215 0.268683
2 1 0.061511 0.155732 0.548879 0.063069 0.170809
2 1 0.077794 0.114315 0.430142 0.143999 0.233750
0 0 0.494757 0.044020 0.053771 0.219228 0.188225
2 0 0.016710 0.047395 0.529439 0.390262 0.016193
2 1 0.274060 0.203420 0.285442 0.045217 0.191861
0 0 0.462053 0.056594 0.065679 0.175941 0.239732
2 0 0.224881 0.162094 0.450258 0.146362 0.016405
3 0 0.348698 0.048868 0.096091 0.497997 0.008346
3 0 0.177778 0.055915 0.227000 0.524521 0.014786
0 0 0.596223 0.097500 0.103706 0.092097 0.110475
0 0 0.345680 0.156192 0.328688 0.146864 0.022576
3 0 0.094071 0.045222 0.181484 0.655407 0.023816
0 0 0.339408 0.077584 0.113301 0.200840 0.268866
0 0 0.388281 0.249376 0.300381 0.021593 0.040369
2 0 0.101802 0.181556 0.497857 0.062478 0.156307
0 0 0.487560 0.152175 0.217084 0.102856 0.040326
0 0 0.567614 0.111432 0.150444 0.148572 0.021938
2 0 0.091227 0.140405 0.529864 0.129144 0.109360
2 0 0.064436 0.111788 0.451230 0.185612 0.186935
2 1 0.037501 0.141680 0.617918 0.049260 0.153642
2 1 0.031171 0.143553 0.673246 0.036324 0.115706
2 0 0.212174 0.121717 0.291232 0.196385 0.178493
0 0 0.741155 0.117312 0.092920 0.022855 0.025758
4 1 0.142187 0.122401 0.131786 0.012192 0.591435
2 1 0.130523 0.102991 0.317235 0.238598 0.210652
2 1 0.036431 0.123679 0.627872 0.085799 0.126219
2 1 0.046959 0.197746 0.434531 0.006996 0.313769
2 1 0.044936 0.174332 0.540172 0.020276 0.220283
2 0 0.034072 0.149943 0.561701 0.022891 0.231393
2 1 0.030638 0.150429 0.566783 0.021402 0.230748
2 1 0.024973 0.135646 0.550906 0.021766 0.266709
2 1 0.048283 0.163313 0.466625 0.022527 0.299252
2 4 0.026022 0.084599 0.578172 0.178639 0.132568
4 4 0.045633 0.168149 0.381124 0.010108 0.394986
2 4 0.050274 0.166098 0.423910 0.017521 0.342197
2 4 0.047064 0.155542 0.505300 0.032823 0.259271
2 4 0.045487 0.171788 0.414069 0.011404 0.357252
2 4 0.233273 0.212673 0.366001 0.060800 0.127254
2 4 0.029641 0.128321 0.539265 0.037651 0.265122
2 4 0.067181 0.121005 0.408172 0.085790 0.317852
2 4 0.055690 0.117135 0.498761 0.129443 0.198971
3 1 0.221129 0.071045 0.179079 0.427447 0.101299
4 1 0.156960 0.122003 0.178338 0.035716 0.506983
2 1 0.061068 0.106977 0.480741 0.217553 0.133661
2 1 0.074811 0.119280 0.410421 0.130150 0.265337
2 1 0.036550 0.164631 0.482550 0.013455 0.302814
2 1 0.026984 0.129479 0.632178 0.041837 0.169522
2 1 0.023770 0.111258 0.610913 0.061023 0.193036
2 2 0.026800 0.109345 0.667382 0.088674 0.107799
2 2 0.033996 0.143339 0.589167 0.035334 0.198163
2 2 0.041800 0.140432 0.589231 0.056218 0.172319
2 2 0.044577 0.167380 0.637882 0.031732 0.118429
2 2 0.055495 0.152926 0.538228 0.054594 0.198756
2 2 0.037380 0.146161 0.591206 0.038615 0.186638
2 2 0.031632 0.113636 0.628626 0.094333 0.131774
2 2 0.036188 0.153005 0.658858 0.034430 0.117519
2 2 0.026074 0.122596 0.668695 0.053007 0.129628
2 2 0.022062 0.095101 0.680202 0.111158 0.091477
2 2 0.033825 0.126388 0.614884 0.065439 0.159465
2 2 0.038416 0.135984 0.606128 0.059066 0.160406
2 3 0.033222 0.120455 0.569895 0.060607 0.215821
2 3 0.017281 0.063700 0.618070 0.253185 0.047765
0 3 0.954507 0.025434 0.010755 0.007046 0.002259
0 0 0.837973 0.026212 0.019318 0.097177 0.019319
0 0 0.337949 0.077110 0.106071 0.159226 0.319644
0 0 0.525967 0.045675 0.039904 0.087568 0.300885
4 1 0.274306 0.115326 0.164440 0.094275 0.351653
2 1 0.075892 0.175155 0.545060 0.047044 0.156850
2 1 0.283106 0.226420 0.301695 0.034649 0.154130
0 1 0.269240 0.117389 0.265553 0.238947 0.108871
4 1 0.055958 0.144298 0.384894 0.025783 0.389067
2 1 0.127894 0.187387 0.450867 0.064480 0.169372
0 1 0.308169 0.136790 0.233891 0.165444 0.155705
0 1 0.414969 0.060958 0.083103 0.257640 0.183330
0 1 0.649204 0.075840 0.077278 0.111016 0.086663
3 0 0.103030 0.022150 0.082087 0.769603 0.023130
2 1 0.055486 0.074622 0.429264 0.347557 0.093071
2 1 0.034806 0.137192 0.633359 0.049635 0.145008
2 1 0.037413 0.141145 0.636416 0.050754 0.134272
2 1 0.031019 0.122765 0.668896 0.070775 0.106545
2 2 0.022002 0.110046 0.692396 0.065260 0.110296
2 2 0.036102 0.143354 0.626705 0.043429 0.150410
2 2 0.033440 0.159000 0.591106 0.021020 0.195434
2 2 0.040117 0.105174 0.584785 0.153886 0.116038
2 2 0.043270 0.160107 0.592963 0.033739 0.169920
2 2 0.070032 0.127681 0.562250 0.165237 0.074800
4 2 0.261798 0.087908 0.130251 0.124882 0.395161
3 2 0.239828 0.083130 0.168565 0.289772 0.218705
2 2 0.151034 0.170810 0.433510 0.089998 0.154648
2 2 0.048101 0.111003 0.565850 0.148086 0.126960
2 2 0.033482 0.124963 0.615314 0.068007 0.158234
2 3 0.016221 0.085803 0.735567 0.104060 0.058350
2 3 0.017331 0.085565 0.721055 0.114368 0.061681
2 3 0.014397 0.072660 0.714815 0.149758 0.048370
2 3 0.023165 0.102148 0.744900 0.088588 0.041199
2 3 0.048680 0.156618 0.627588 0.048852 0.118262
2 3 0.046646 0.131559 0.569952 0.077432 0.174410
2 3 0.041207 0.157536 0.531317 0.026753 0.243187
2 3 0.076911 0.187018 0.545898 0.040200 0.149974
2 3 0.103121 0.190767 0.356286 0.023535 0.326291
2 3 0.118639 0.161658 0.380619 0.058608 0.280475
2 3 0.099234 0.200533 0.455665 0.030502 0.214066
2 3 0.050927 0.115425 0.546605 0.154953 0.132090
2 3 0.038741 0.097560 0.617164 0.194014 0.052520
4 3 0.095609 0.138858 0.349718 0.060025 0.355790
2 3 0.092833 0.154004 0.490482 0.100378 0.162302
2 3 0.030130 0.073522 0.585165 0.277048 0.034136
2 3 0.191248 0.215076 0.379231 0.044432 0.170013
3 3 0.021976 0.030995 0.283570 0.635864 0.027595
2 3 0.062541 0.118113 0.602361 0.179532 0.037454
2 3 0.038749 0.066773 0.461153 0.389636 0.043688
2 3 0.092889 0.191781 0.496472 0.041937 0.176921
2 3 0.069225 0.099910 0.442489 0.193292 0.195083
2 3 0.052901 0.103039 0.572985 0.224129 0.046945
2 3 0.064689 0.102870 0.500159 0.231299 0.100983
2 3 0.064975 0.118892 0.589444 0.182786 0.043902
2 3 0.124004 0.147340 0.479218 0.147847 0.101591
2 3 0.048597 0.079342 0.469524 0.316933 0.085604
3 3 0.046801 0.034362 0.208091 0.673222 0.037524
3 3 0.045527 0.063922 0.424423 0.428139 0.037990
3 3 0.057109 0.068037 0.360617 0.421914 0.092323
2 3 0.185337 0.128093 0.335157 0.218328 0.133085
2 3 0.125782 0.180027 0.469666 0.063935 0.160590
4 3 0.143184 0.111130 0.275627 0.112148 0.357911
3 3 0.037605 0.052297 0.371834 0.508117 0.030148
0 3 0.526526 0.131560 0.155550 0.083671 0.102693
0 3 0.582180 0.036907 0.041255 0.276331 0.063327
0 3 0.423590 0.182511 0.237074 0.059157 0.097668
0 3 0.565436 0.050718 0.051023 0.163725 0.169098
0 3 0.678177 0.025483 0.020672 0.150579 0.125089
3 3 0.219948 0.111749 0.291102 0.301694 0.075506
2 3 0.085982 0.191391 0.524580 0.040857 0.157190
2 3 0.066905 0.146705 0.413299 0.040816 0.332274
2 3 0.096753 0.199312 0.509969 0.039593 0.154373
2 3 0.068982 0.177924 0.412061 0.021188 0.319845
2 2 0.032152 0.086418 0.550773 0.211808 0.118849
2 3 0.023753 0.073636 0.595750 0.232371 0.074490
2 3 0.059667 0.140783 0.512883 0.082132 0.204534
2 3 0.046230 0.152667 0.424298 0.022169 0.354636
2 3 0.020996 0.093870 0.678337 0.111465 0.095331
2 3 0.028346 0.147948 0.466979 0.012265 0.344462
4 3 0.081437 0.194620 0.336979 0.010504 0.376460
2 3 0.044314 0.173296 0.415743 0.010478 0.356170
4 2 0.252027 0.089859 0.136030 0.125125 0.396958
4 2 0.237838 0.155238 0.210960 0.045089 0.350875
4 2 0.045735 0.144493 0.388197 0.022074 0.399500
0 2 0.424829 0.194666 0.242937 0.045896 0.091671
2 2 0.029238 0.152297 0.602487 0.020885 0.195093
2 2 0.031916 0.188817 0.565811 0.007633 0.205823
2 2 0.034540 0.164973 0.497155 0.012804 0.290529
2 2 0.053899 0.188838 0.462502 0.013592 0.281169
2 2 0.036061 0.168681 0.581748 0.018014 0.195496
2 2 0.065914 0.204120 0.585504 0.022033 0.122429
2 2 0.038690 0.162706 0.484943 0.016189 0.297472
2 2 0.036106 0.182967 0.487982 0.008082 0.284862
4 2 0.232021 0.189119 0.240373 0.030237 0.308249
0 2 0.510588 0.159337 0.162819 0.035449 0.131807
0 2 0.802977 0.067041 0.053962 0.051299 0.024722
0 2 0.654291 0.055701 0.062648 0.196736 0.030623
0 0 0.500474 0.049382 0.056390 0.208602 0.185152
2 0 0.246116 0.153607 0.347549 0.165546 0.087183
2 0 0.106230 0.127968 0.370282 0.121170 0.274349
2 0 0.096806 0.112397 0.445235 0.251253 0.094310
3 1 0.023109 0.045863 0.398365 0.494580 0.038083
3 1 0.025539 0.029485 0.252100 0.672748 0.020128
3 1 0.084331 0.064886 0.283801 0.450489 0.116493
0 1 0.400641 0.056802 0.082167 0.231697 0.228694
3 1 0.064004 0.066558 0.423984 0.431248 0.014205
2 1 0.090884 0.115564 0.456316 0.247245 0.089991
2 1 0.042751 0.144765 0.475889 0.032871 0.303724
2 1 0.029642 0.079312 0.604833 0.246990 0.039223
2 1 0.222741 0.121694 0.267436 0.194056 0.194073
2 1 0.225228 0.172165 0.362050 0.090648 0.149909
2 1 0.038281 0.173001 0.577788 0.017682 0.193248
2 1 0.056227 0.177221 0.415318 0.015084 0.336151
0 0 0.399188 0.147318 0.199292 0.058093 0.196109
4 1 0.215593 0.123087 0.160765 0.037330 0.463225
2 1 0.043379 0.162865 0.487298 0.020546 0.285913
2 1 0.032451 0.169641 0.543926 0.012241 0.241741
3 1 0.317969 0.088723 0.160424 0.328756 0.104129
4 1 0.236787 0.156579 0.105800 0.003718 0.497116
4 1 0.248849 0.090761 0.138965 0.126999 0.394426
2 1 0.033727 0.170059 0.540015 0.012871 0.243328
2 1 0.033358 0.090822 0.629075 0.202124 0.044622
2 1 0.039406 0.181060 0.555535 0.013804 0.210195
2 1 0.046715 0.168347 0.454685 0.017048 0.313205
2 1 0.208492 0.127959 0.301857 0.194997 0.166696
2 0 0.071125 0.108554 0.508512 0.218364 0.093445
2 1 0.039653 0.163341 0.593337 0.026225 0.177445
2 1 0.033549 0.140996 0.457457 0.020554 0.347445
2 1 0.024087 0.131674 0.605386 0.028683 0.210170
2 1 0.032784 0.174408 0.556859 0.011520 0.224428
2 1 0.030986 0.157821 0.505418 0.013246 0.292530
0 0 0.323985 0.211520 0.253518 0.032503 0.178474
2 0 0.078279 0.102945 0.410695 0.202686 0.205395
0 0 0.630621 0.064417 0.057944 0.081921 0.165097
0 0 0.606977 0.118500 0.147446 0.108439 0.018638
0 0 0.485424 0.043213 0.055696 0.331650 0.084017
0 0 0.541767 0.072570 0.085818 0.173535 0.126311
0 0 0.308537 0.144338 0.208239 0.081505 0.257381
4 0 0.354540 0.092508 0.098758 0.064137 0.390057
0 0 0.437270 0.086470 0.112035 0.122501 0.241724
0 0 0.360079 0.062746 0.098226 0.336683 0.142266
4 0 0.218420 0.100848 0.223848 0.211023 0.245862
4 0 0.210648 0.117325 0.199254 0.124910 0.347864
0 0 0.593813 0.096047 0.091622 0.075997 0.142522
0 0 0.459344 0.078821 0.106334 0.214401 0.141100
3 0 0.068243 0.037556 0.185701 0.662959 0.045543
3 0 0.036194 0.017931 0.125458 0.803296 0.017121
2 0 0.098976 0.152062 0.495187 0.095736 0.158039
2 1 0.052533 0.155968 0.435990 0.027833 0.327677
0 1 0.298957 0.137332 0.201436 0.088312 0.273964
2 1 0.032446 0.154420 0.548181 0.019644 0.245308
2 1 0.042621 0.194177 0.529440 0.010292 0.223469
2 1 0.022385 0.133095 0.571694 0.020809 0.252018
2 1 0.028751 0.148475 0.544885 0.018325 0.259565
2 1 0.038973 0.188274 0.519299 0.009564 0.243889
2 1 0.024705 0.133211 0.620506 0.029954 0.191624
2 1 0.027689 0.139168 0.594909 0.028082 0.210152
2 1 0.029747 0.148588 0.580870 0.022569 0.218225
2 1 0.021866 0.132398 0.628095 0.024809 0.192832
2 2 0.021721 0.121273 0.615143 0.035471 0.206391
2 2 0.025343 0.145344 0.518129 0.013887 0.297297
2 2 0.026505 0.145156 0.582308 0.020145 0.225886
2 2 0.046280 0.234378 0.430456 0.002858 0.286028
4 2 0.123924 0.149651 0.234707 0.032441 0.459277
0 2 0.408851 0.064894 0.074474 0.122792 0.328989
3 0 0.298188 0.097979 0.198617 0.325896 0.079320
2 0 0.069423 0.104423 0.460082 0.231291 0.134781
0 0 0.326196 0.076791 0.114210 0.184428 0.298375
0 0 0.518075 0.169186 0.192166 0.048401 0.072172
2 0 0.098102 0.136781 0.512212 0.173425 0.079481
0 0 0.729116 0.042176 0.043253 0.174549 0.010907
2 0 0.228559 0.112576 0.335866 0.283524 0.039476
2 0 0.174835 0.198663 0.349907 0.035858 0.240737
2 0 0.025481 0.084962 0.604693 0.185151 0.099713
2 0 0.034076 0.156759 0.581240 0.022900 0.205025
2 1 0.031653 0.155745 0.627466 0.023376 0.161760
2 1 0.048257 0.123339 0.532540 0.106116 0.189748
3 1 0.105925 0.030508 0.144299 0.712088 0.007180
0 0 0.346212 0.129831 0.206100 0.157229 0.160628
3 0 0.084391 0.044118 0.193362 0.619015 0.059114
2 1 0.042476 0.147437 0.626262 0.051589 0.132237
2 1 0.039106 0.167676 0.602655 0.023232 0.167331
2 1 0.040555 0.152658 0.589396 0.037058 0.180334
4 1 0.134343 0.258934 0.256080 0.003476 0.347167
2 1 0.129674 0.189472 0.445523 0.061523 0.173808
4 1 0.179082 0.094689 0.231282 0.199793 0.295153
3 1 0.138991 0.055300 0.192392 0.597026 0.016291
4 1 0.290261 0.166631 0.194203 0.035428 0.313477
0 0 0.465797 0.055980 0.063808 0.167788 0.246628
2 0 0.246812 0.113773 0.276590 0.255696 0.107129
2 1 0.159072 0.139934 0.391698 0.164889 0.144407
0 1 0.445944 0.109944 0.161327 0.189980 0.092805
0 0 0.726613 0.065830 0.051263 0.050260 0.106034
0 0 0.415864 0.059680 0.089018 0.343366 0.092071
0 0 0.463664 0.142535 0.187367 0.098086 0.108348
2 0 0.256125 0.270531 0.282136 0.011112 0.180097
2 1 0.056691 0.134225 0.552499 0.090602 0.165983
2 1 0.071652 0.181442 0.650821 0.046122 0.049963
2 1 0.182586 0.277147 0.314806 0.007844 0.217616
2 1 0.069484 0.125101 0.509075 0.142784 0.153557
2 1 0.044269 0.131248 0.636289 0.090460 0.097735
2 2 0.020825 0.093277 0.686154 0.109167 0.090577
2 2 0.031209 0.128077 0.721871 0.060259 0.058585
2 2 0.038821 0.134313 0.650801 0.067230 0.108834
2 2 0.027346 0.099816 0.647908 0.127559 0.097372
2 2 0.022972 0.093213 0.644389 0.124429 0.114997
2 2 0.043382 0.156221 0.640740 0.041570 0.118088
2 2 0.048674 0.171599 0.565126 0.027365 0.187235
2 2 0.024417 0.098664 0.668760 0.114690 0.093469
2 2 0.026130 0.103843 0.685509 0.104297 0.080221
2 2 0.043226 0.164435 0.598261 0.030028 0.164050
2 2 0.033161 0.128896 0.683863 0.065635 0.088445
2 2 0.046278 0.178222 0.637650 0.025678 0.112172
2 2 0.015025 0.050420 0.569188 0.340886 0.024481
2 2 0.055014 0.179126 0.672281 0.033310 0.060269
2 3 0.080727 0.168578 0.433132 0.042189 0.275373
0 3 0.292405 0.111626 0.171684 0.139983 0.284303
0 3 0.392222 0.073778 0.115171 0.310579 0.108250
0 3 0.326421 0.099168 0.169185 0.255021 0.150205
2 3 0.305812 0.203489 0.335133 0.062700 0.092867
4 3 0.322759 0.069036 0.080898 0.086113 0.441194
4 3 0.197688 0.128913 0.252699 0.157124 0.263576
2 0 0.037585 0.167453 0.604097 0.021747 0.169117
2 0 0.023686 0.085518 0.627369 0.167083 0.096344
2 1 0.054296 0.156662 0.497098 0.040303 0.251641
2 1 0.028540 0.144994 0.614165 0.025884 0.186417
2 1 0.020588 0.098834 0.647754 0.085230 0.147595
2 2 0.042018 0.138926 0.498027 0.042280 0.278750
2 2 0.039284 0.153429 0.596519 0.034503 0.176265
2 2 0.038640 0.128420 0.515559 0.056872 0.260510
2 2 0.024056 0.125528 0.640962 0.039639 0.169815
2 2 0.029846 0.121863 0.561062 0.053061 0.234168
2 2 0.023449 0.099736 0.655485 0.102520 0.118809
2 3 0.016651 0.079140 0.676630 0.129082 0.098497
3 3 0.008071 0.016581 0.254674 0.712360 0.008315
3 3 0.023763 0.019151 0.169386 0.770325 0.017376
3 3 0.104471 0.016457 0.060856 0.800196 0.018020
0 3 0.538843 0.117033 0.136128 0.093979 0.114017
3 3 0.274909 0.090856 0.208154 0.369572 0.056510
0 3 0.647375 0.028436 0.025006 0.175405 0.123777
0 3 0.631643 0.053369 0.063801 0.231435 0.019752
0 2 0.337640 0.064590 0.102885 0.206508 0.288377
3 2 0.044089 0.040924 0.249584 0.632559 0.032845
0 1 0.445072 0.169162 0.168794 0.036041 0.180931
0 1 0.441414 0.058919 0.066394 0.141330 0.291943
2 1 0.067933 0.197626 0.538274 0.023753 0.172415
2 1 0.026347 0.110219 0.720362 0.084174 0.058898
2 1 0.136307 0.139889 0.428761 0.202101 0.092942
2 1 0.172517 0.134756 0.411623 0.238799 0.042306
2 1 0.050789 0.129049 0.647386 0.113836 0.058940
2 1 0.047059 0.110274 0.576953 0.163968 0.101746
2 1 0.114165 0.184607 0.399939 0.037541 0.263747
2 1 0.102186 0.143900 0.473734 0.120342 0.159838
4 1 0.203596 0.154959 0.170482 0.012871 0.458093
2 1 0.116666 0.215519 0.386841 0.016519 0.264456
2 1 0.091379 0.196480 0.432176 0.024998 0.254966
2 1 0.032348 0.103486 0.700824 0.128184 0.035159
2 1 0.064631 0.169838 0.587301 0.049136 0.129095
2 1 0.039439 0.123362 0.653080 0.097108 0.087012
2 1 0.038122 0.112092 0.648762 0.121150 0.079874
2 1 0.022064 0.070468 0.648546 0.231929 0.026994
2 1 0.126505 0.199095 0.489069 0.056074 0.129256
4 1 0.271094 0.204923 0.224410 0.017309 0.282264
2 1 0.069838 0.113900 0.549713 0.181901 0.084648
2 1 0.265020 0.202070 0.364565 0.067208 0.101138
2 1 0.056532 0.152635 0.556426 0.059628 0.174779
2 1 0.071878 0.140041 0.382418 0.044121 0.361541
2 1 0.076264 0.240779 0.433740 0.006926 0.242292
2 1 0.044288 0.179291 0.611650 0.021520 0.143251
3 1 0.055139 0.014089 0.069081 0.851446 0.010245
3 1 0.377006 0.042894 0.083988 0.469986 0.026126
2 1 0.029432 0.138933 0.450361 0.015707 0.365567
2 1 0.057478 0.182587 0.457907 0.017803 0.284224
2 1 0.036086 0.140676 0.438670 0.021634 0.362935
2 1 0.028119 0.134640 0.530328 0.026152 0.280761
4 1 0.123321 0.185760 0.232820 0.011205 0.446895
2 1 0.113848 0.120618 0.311748 0.144002 0.309784
2 1 0.043389 0.127324 0.460953 0.045523 0.322811
2 1 0.048394 0.155741 0.412253 0.020459 0.363154
4 1 0.134853 0.123445 0.240464 0.069982 0.431256
2 1 0.027449 0.127031 0.537667 0.033832 0.274021
2 1 0.019978 0.095695 0.646618 0.092472 0.145237
2 2 0.033461 0.142559 0.567078 0.032895 0.224007
2 2 0.022457 0.105849 0.624911 0.071030 0.175753
2 2 0.024262 0.107055 0.646259 0.080757 0.141667
4 2 0.080848 0.190301 0.257241 0.005721 0.465889
4 2 0.142222 0.249938 0.266415 0.005196 0.336230
2 2 0.094892 0.227378 0.338788 0.007398 0.331543
2 2 0.128106 0.244753 0.329601 0.008589 0.288951
4 2 0.070326 0.168336 0.359343 0.020539 0.381456
2 2 0.055451 0.168670 0.640675 0.045247 0.089957
2 2 0.039114 0.080261 0.494588 0.270651 0.115387
2 2 0.181906 0.271702 0.319561 0.008991 0.217840
4 2 0.073154 0.147022 0.279558 0.020565 0.479701
4 2 0.130388 0.157919 0.226739 0.018462 0.466492
2 2 0.068964 0.133952 0.496749 0.122327 0.178009
2 3 0.046044 0.108063 0.517791 0.159687 0.168414
2 3 0.168187 0.135685 0.281473 0.134115 0.280540
2 3 0.048542 0.100821 0.476213 0.194135 0.180288
4 3 0.159099 0.252746 0.287888 0.007602 0.292665
2 3 0.060623 0.121936 0.440803 0.107858 0.268780
3 3 0.028502 0.047519 0.421229 0.475504 0.027247
4 3 0.146880 0.113237 0.252259 0.116133 0.371490
2 3 0.161419 0.118486 0.307844 0.208530 0.203721
2 3 0.175851 0.203769 0.362569 0.034303 0.223508
2 3 0.224805 0.226796 0.361187 0.041868 0.145344
0 3 0.366061 0.208212 0.261270 0.035525 0.128931
0 3 0.342531 0.199093 0.189729 0.014103 0.254544
0 3 0.334743 0.118228 0.195773 0.198607 0.152650
2 3 0.165458 0.172125 0.354535 0.088125 0.219757
0 3 0.346922 0.084730 0.122314 0.193166 0.252869
3 3 0.104958 0.080313 0.353138 0.432235 0.029356
0 3 0.312992 0.189605 0.310183 0.090691 0.096530
0 3 0.294159 0.178648 0.266585 0.058883 0.201725
3 3 0.105892 0.077896 0.288321 0.366001 0.161890
2 3 0.100531 0.121453 0.527034 0.228185 0.022797
0 3 0.360164 0.083132 0.108501 0.140125 0.308078
2 3 0.130984 0.115542 0.347238 0.234435 0.171800
2 3 0.191070 0.154355 0.417315 0.185450 0.051810
3 3 0.127921 0.088841 0.265755 0.270331 0.247152
2 3 0.176794 0.204432 0.457180 0.060779 0.100815
0 3 0.255624 0.147009 0.251512 0.114124 0.231731
3 3 0.013700 0.016689 0.176233 0.784076 0.009302
3 3 0.100928 0.080710 0.292274 0.367824 0.158264
4 3 0.190801 0.076645 0.184785 0.227080 0.320689
3 3 0.065864 0.058970 0.300815 0.521630 0.052721
2 3 0.282891 0.175420 0.284426 0.070340 0.186923
4 3 0.291753 0.107015 0.145126 0.101057 0.355049
2 3 0.189864 0.153954 0.439528 0.178795 0.037859
0 3 0.329478 0.123294 0.187313 0.144430 0.215485
3 3 0.239040 0.065301 0.143415 0.423585 0.128658
2 3 0.196689 0.178588 0.425538 0.122785 0.076400
4 3 0.262284 0.102094 0.172577 0.187745 0.275299
3 3 0.205323 0.098340 0.222518 0.249423 0.224396
3 3 0.062897 0.060647 0.294885 0.501025 0.080546
3 3 0.032832 0.055290 0.411992 0.450514 0.049372
3 3 0.013270 0.034826 0.416363 0.512140 0.023402
2 3 0.056137 0.093267 0.465606 0.254825 0.130166
2 3 0.041555 0.073008 0.475552 0.327239 0.082647
3 3 0.006546 0.020129 0.342376 0.619687 0.011261
2 3 0.054225 0.132450 0.539413 0.097360 0.176551
2 3 0.043969 0.076768 0.500537 0.336408 0.042317
3 3 0.041076 0.053177 0.363901 0.486998 0.054848
2 3 0.029693 0.054196 0.467711 0.429409 0.018990
2 3 0.040928 0.100543 0.542989 0.180484 0.135056
2 3 0.017116 0.041573 0.481529 0.447677 0.012105
2 3 0.021718 0.054540 0.501131 0.365955 0.056656
0 3 0.612089 0.177994 0.170933 0.022151 0.016833
0 3 0.775702 0.080635 0.073561 0.058821 0.011281
0 3 0.357702 0.099352 0.254628 0.275340 0.012977
0 3 0.537065 0.064339 0.066315 0.117359 0.214922
0 3 0.399740 0.225330 0.286669 0.034320 0.053941
2 3 0.056078 0.107631 0.579937 0.207766 0.048589
3 3 0.031354 0.047937 0.371313 0.520874 0.028522
2 3 0.049196 0.146261 0.535916 0.052907 0.215721
2 2 0.035744 0.154871 0.486435 0.017482 0.305468
2 2 0.039802 0.191817 0.515073 0.008930 0.244378
2 2 0.031594 0.159805 0.506331 0.013035 0.289235
2 2 0.180250 0.155420 0.340602 0.094546 0.229182
0 2 0.312031 0.086482 0.144605 0.261595 0.195287
0 2 0.429136 0.054064 0.053682 0.088130 0.374988
0 2 0.436424 0.153486 0.197640 0.077255 0.135195
2 2 0.026591 0.075822 0.570044 0.256274 0.071269
2 2 0.035986 0.062180 0.462500 0.414608 0.024726
2 2 0.074907 0.163193 0.555779 0.073513 0.132608
4 2 0.150216 0.207142 0.303525 0.020003 0.319114
2 2 0.075523 0.162495 0.420750 0.033676 0.307556
2 2 0.030777 0.152479 0.533332 0.017595 0.265817
2 2 0.080078 0.130929 0.359233 0.071638 0.358123
2 2 0.058277 0.150939 0.442488 0.036703 0.311594
2 2 0.025899 0.074556 0.609221 0.250178 0.040146
2 2 0.043369 0.125953 0.563035 0.088950 0.178693
2 2 0.016643 0.082998 0.691039 0.121600 0.087721
4 2 0.225351 0.177497 0.246935 0.039064 0.311153
0 2 0.430997 0.201743 0.219704 0.026228 0.121327
0 2 0.263812 0.134443 0.252310 0.126918 0.222516
0 2 0.379491 0.128604 0.252730 0.208471 0.030705
0 2 0.339097 0.081406 0.124666 0.227415 0.227417
4 1 0.044237 0.178648 0.378208 0.006925 0.391982
2 1 0.089484 0.139599 0.372319 0.057174 0.341424
2 1 0.061397 0.184514 0.465774 0.020041 0.268275
2 1 0.031060 0.119364 0.577036 0.065533 0.207007
2 1 0.024034 0.109449 0.603182 0.065761 0.197574
2 1 0.027329 0.134562 0.585504 0.030789 0.221817
2 1 0.041946 0.147475 0.434709 0.022907 0.352962
2 1 0.055911 0.109672 0.581663 0.199611 0.053143
0 1 0.435359 0.176046 0.199422 0.046459 0.142714
2 1 0.210577 0.130275 0.315074 0.209226 0.134848
2 1 0.028440 0.135282 0.564514 0.030043 0.241722
2 1 0.021018 0.123603 0.595530 0.028464 0.231386
2 1 0.021200 0.111574 0.633517 0.051600 0.182109
2 1 0.021533 0.124733 0.705545 0.037113 0.111076
2 2 0.036199 0.143973 0.608543 0.041315 0.169969
2 2 0.026320 0.121090 0.689622 0.058885 0.104084
2 2 0.014827 0.100109 0.683652 0.047515 0.153897
2 2 0.020309 0.116015 0.657380 0.042457 0.163839
2 2 0.016135 0.098609 0.680400 0.059694 0.145162
2 2 0.028674 0.120556 0.660805 0.066343 0.123622
2 2 0.016955 0.089523 0.692015 0.096527 0.104980
2 2 0.022591 0.121336 0.604239 0.036871 0.214965
2 2 0.026822 0.140278 0.596990 0.025370 0.210540
2 2 0.026516 0.105107 0.615758 0.094594 0.158025
3 2 0.094916 0.084253 0.346840 0.386670 0.087320
2 2 0.058494 0.099627 0.456498 0.191765 0.193616
4 2 0.159169 0.180820 0.238309 0.017741 0.403961
2 2 0.032399 0.142954 0.461614 0.017965 0.345068
2 2 0.019488 0.119966 0.633143 0.031596 0.195807
3 2 0.238853 0.101438 0.213290 0.332661 0.113758
0 1 0.356667 0.294986 0.330489 0.008350 0.009509
2 1 0.048041 0.116407 0.540497 0.135192 0.159862
2 1 0.012886 0.078398 0.732238 0.104830 0.071647
4 1 0.327248 0.158002 0.132667 0.011180 0.370902
0 1 0.570910 0.137573 0.152104 0.064614 0.074799
2 1 0.080380 0.154258 0.370211 0.039420 0.355731
0 0 0.781255 0.056711 0.035190 0.024435 0.102409
3 0 0.334292 0.029519 0.057109 0.507516 0.071564
0 0 0.594793 0.034197 0.026942 0.087503 0.256564
3 0 0.248134 0.104257 0.212280 0.307748 0.127581
2 0 0.022660 0.101013 0.676031 0.093514 0.106781
2 1 0.015946 0.087092 0.695104 0.097487 0.104371
2 1 0.017040 0.080416 0.687765 0.139061 0.075718
2 1 0.013196 0.066839 0.691485 0.174163 0.054317
2 1 0.025215 0.120171 0.633127 0.051328 0.170160
2 1 0.066187 0.154170 0.477291 0.053736 0.248616
3 1 0.242029 0.066043 0.197329 0.485042 0.009557
0 1 0.559023 0.041458 0.041856 0.177768 0.179896
0 0 0.624697 0.080900 0.080587 0.093231 0.120585
0 0 0.355280 0.116597 0.252346 0.225437 0.050340
2 0 0.254875 0.145412 0.320705 0.163076 0.115933
4 0 0.363185 0.068529 0.073131 0.076127 0.419029
2 0 0.041368 0.093102 0.587313 0.207988 0.070229
2 0 0.038824 0.137167 0.599378 0.056190 0.168440
2 1 0.022257 0.100410 0.701712 0.094814 0.080806
2 1 0.025929 0.133376 0.607373 0.031099 0.202224
2 1 0.023146 0.124447 0.689673 0.041496 0.121239
0 1 0.596828 0.093223 0.087748 0.060721 0.161480
0 0 0.746974 0.014280 0.010292 0.169723 0.058731
0 0 0.779998 0.070955 0.058565 0.054056 0.036426
0 0 0.369901 0.098525 0.157455 0.268562 0.105557
4 0 0.257578 0.088273 0.131004 0.121873 0.401271
2 0 0.053024 0.107666 0.507333 0.172742 0.159235
2 0 0.030751 0.102367 0.611141 0.129083 0.126658
2 1 0.019623 0.106425 0.676692 0.060522 0.136738
2 1 0.053398 0.114623 0.491080 0.145456 0.195443
0 1 0.279996 0.081026 0.143319 0.242580 0.253079
2 1 0.054518 0.115650 0.507590 0.151938 0.170304
0 1 0.418076 0.112787 0.171709 0.196393 0.101036
2 0 0.029740 0.102045 0.644548 0.107633 0.116034
2 1 0.031994 0.119905 0.631466 0.076996 0.139639
2 1 0.022500 0.085057 0.704207 0.153400 0.034835
2 1 0.085011 0.177742 0.514873 0.053365 0.169009
2 1 0.317751 0.203192 0.333744 0.080560 0.064753
0 1 0.519102 0.047745 0.049594 0.158159 0.225400
0 1 0.419206 0.189869 0.255138 0.061240 0.074547
2 1 0.028350 0.104473 0.637530 0.105249 0.124398
2 1 0.037935 0.139069 0.634381 0.055200 0.133415
2 1 0.022658 0.082864 0.642033 0.172299 0.080146
2 1 0.041442 0.131047 0.629503 0.070417 0.127591
2 1 0.036550 0.126166 0.608369 0.070499 0.158416
2 1 0.025781 0.124820 0.628538 0.044422 0.176438
2 1 0.076441 0.184928 0.503086 0.036261 0.199283
2 1 0.029080 0.135338 0.626168 0.038259 0.171155
2 1 0.044015 0.114163 0.554327 0.130447 0.157048
2 1 0.053977 0.190470 0.564528 0.020615 0.170409
2 1 0.014232 0.073708 0.692621 0.144131 0.075308
2 1 0.023687 0.114431 0.651564 0.058684 0.151634
2 2 0.035914 0.131577 0.676036 0.066728 0.089746
2 2 0.037158 0.127183 0.654540 0.080191 0.100928
2 2 0.020888 0.103528 0.694222 0.076259 0.105103
2 2 0.014168 0.074740 0.727110 0.134981 0.049001
2 2 0.021255 0.114679 0.713699 0.052671 0.097697
2 2 0.019583 0.110052 0.702624 0.053939 0.113801
0 2 0.501639 0.112982 0.146916 0.136865 0.101598
2 2 0.075844 0.122164 0.482351 0.177927 0.141714
0 2 0.392996 0.178785 0.254111 0.078144 0.095964
0 2 0.365862 0.145045 0.183802 0.061924 0.243367
2 2 0.018984 0.089021 0.709566 0.115026 0.067402
2 2 0.018049 0.074932 0.708577 0.168125 0.030316
2 2 0.025619 0.111665 0.610396 0.068412 0.183907
2 2 0.019483 0.085992 0.703590 0.131019 0.059915
2 2 0.017866 0.075377 0.688623 0.172521 0.045613
2 2 0.019625 0.110005 0.685531 0.053413 0.131426
2 2 0.020832 0.101491 0.696577 0.081821 0.099278
2 2 0.009771 0.045974 0.623629 0.292843 0.027783
2 2 0.022996 0.106890 0.728169 0.077626 0.064320
2 2 0.039154 0.130283 0.586757 0.067739 0.176068
2 2 0.119557 0.268560 0.482773 0.011386 0.117725
4 2 0.081997 0.202379 0.345472 0.010068 0.360084
2 2 0.134979 0.133280 0.382415 0.205211 0.144115
0 2 0.635743 0.244548 0.110790 0.000524 0.008395
3 2 0.227661 0.043728 0.104878 0.564730 0.059003
2 2 0.108717 0.100064 0.312875 0.204444 0.273901
2 2 0.051924 0.124477 0.620593 0.130628 0.072379
4 2 0.197792 0.112921 0.189850 0.109456 0.389980
2 2 0.074848 0.168918 0.534831 0.050718 0.170686
2 2 0.063035 0.122487 0.591034 0.167006 0.056438
2 2 0.051701 0.107304 0.566469 0.179551 0.094975
2 2 0.037467 0.076081 0.519137 0.297489 0.069825
2 2 0.038248 0.121238 0.637146 0.099716 0.103653
2 2 0.076635 0.127755 0.470864 0.127069 0.197676
2 3 0.038925 0.105900 0.601597 0.157446 0.096133
3 3 0.032338 0.051278 0.378943 0.494264 0.043177
2 3 0.072171 0.103101 0.440908 0.227695 0.156126
2 3 0.041028 0.120324 0.629812 0.110650 0.098185
2 3 0.081806 0.155058 0.439240 0.065973 0.257922
2 3 0.190363 0.172787 0.393718 0.119976 0.123156
3 3 0.159617 0.088581 0.292602 0.383834 0.075366
2 3 0.034372 0.085904 0.572711 0.229256 0.077758
3 3 0.265905 0.071151 0.146078 0.352990 0.163877
0 3 0.578778 0.219827 0.154318 0.004774 0.042304
3 3 0.022195 0.044915 0.432039 0.482493 0.018357
2 3 0.046891 0.153729 0.630340 0.050311 0.118729
2 3 0.043687 0.075586 0.499747 0.281960 0.099020
2 3 0.011910 0.049684 0.621552 0.285254 0.031601
2 3 0.059828 0.116401 0.524321 0.140896 0.158554
2 3 0.065686 0.147908 0.465897 0.051861 0.268648
4 3 0.200770 0.128483 0.243990 0.143568 0.283189
2 3 0.126527 0.176300 0.452409 0.063710 0.181053
2 3 0.042938 0.067972 0.449677 0.402834 0.036578
2 3 0.054873 0.146502 0.547843 0.066772 0.184010
2 3 0.059137 0.103983 0.487336 0.200343 0.149202
2 3 0.137216 0.115144 0.416525 0.267539 0.063576
3 3 0.091246 0.035272 0.155861 0.664030 0.053591
3 3 0.027723 0.044902 0.382893 0.506880 0.037603
2 3 0.027399 0.074156 0.611351 0.239795 0.047299
3 3 0.021380 0.032984 0.294704 0.625401 0.025530
2 3 0.234845 0.221074 0.349532 0.046551 0.147998
2 3 0.021497 0.066389 0.596475 0.261195 0.054445
2 3 0.050977 0.134491 0.519401 0.064476 0.230655
3 3 0.042514 0.049660 0.355403 0.528155 0.024268
2 3 0.061969 0.123890 0.459304 0.107606 0.247231
2 3 0.046233 0.085272 0.484466 0.262118 0.121911
2 3 0.066193 0.093674 0.469463 0.260789 0.109881
2 3 0.035907 0.102029 0.579773 0.145170 0.137121
2 3 0.025669 0.085934 0.614824 0.166198 0.107375
2 3 0.016250 0.067387 0.648821 0.211400 0.056142
3 3 0.011469 0.024652 0.335505 0.620722 0.007652
2 3 0.053930 0.092472 0.502299 0.235443 0.115857
2 3 0.030436 0.068857 0.546120 0.320173 0.034415
2 3 0.039500 0.117940 0.612560 0.110988 0.119012
2 3 0.027306 0.084655 0.647474 0.194703 0.045862
2 3 0.043784 0.119089 0.557458 0.091035 0.188634
2 3 0.046208 0.073845 0.480932 0.332798 0.066217
3 3 0.011639 0.022536 0.317685 0.644226 0.003913
2 3 0.025181 0.081172 0.643345 0.201848 0.048454
3 3 0.009378 0.029765 0.442271 0.505744 0.012841
2 3 0.014060 0.054093 0.593863 0.293371 0.044614
2 3 0.013757 0.051040 0.602485 0.308972 0.023747
2 3 0.023019 0.066393 0.616100 0.273131 0.021357
2 3 0.012493 0.039677 0.514210 0.417829 0.015792
2 3 0.060016 0.088771 0.506269 0.297545 0.047399
