0 0 0.530317 0.097189 0.141022 0.203742 0.027729
0 0 0.557866 0.124899 0.106133 0.048081 0.163020
3 0 0.074805 0.029503 0.127925 0.755450 0.012317
0 0 0.625924 0.116610 0.123311 0.107746 0.026409
0 1 0.352343 0.162492 0.248307 0.185025 0.051833
4 1 0.160011 0.201941 0.239236 0.010559 0.388253
2 1 0.080355 0.170551 0.522044 0.105437 0.121612
4 1 0.147521 0.079181 0.087182 0.016516 0.669599
4 4 0.301069 0.133959 0.132809 0.089399 0.342763
0 4 0.361774 0.112612 0.099931 0.070398 0.355284
3 4 0.257370 0.091889 0.152067 0.286144 0.212530
4 4 0.240327 0.074953 0.082415 0.095425 0.506879
4 4 0.209081 0.181715 0.186346 0.032342 0.390516
2 4 0.098906 0.180674 0.505243 0.062283 0.152894
2 4 0.148764 0.175856 0.387812 0.109697 0.177871
4 4 0.134843 0.174456 0.205967 0.026378 0.458355
2 4 0.077757 0.169588 0.439040 0.075715 0.237901
4 4 0.278894 0.105043 0.139613 0.138099 0.338350
4 4 0.188272 0.129699 0.114995 0.018119 0.548914
2 4 0.095340 0.160292 0.387053 0.127238 0.230077
2 4 0.139268 0.171209 0.365376 0.074871 0.249278
0 4 0.432949 0.157592 0.167053 0.100836 0.141570
4 4 0.260622 0.088971 0.141663 0.177743 0.331002
4 4 0.109351 0.216982 0.272465 0.014974 0.386228
2 4 0.120019 0.196391 0.428748 0.083414 0.171429
2 4 0.077990 0.130369 0.372669 0.166162 0.252810
2 4 0.036848 0.130322 0.599763 0.107786 0.125281
2 4 0.039372 0.118653 0.537461 0.175687 0.128827
2 1 0.050072 0.180620 0.572630 0.049710 0.146969
2 1 0.040354 0.131567 0.638919 0.099234 0.089927
2 1 0.030866 0.070474 0.551801 0.312487 0.034372
2 1 0.043944 0.136898 0.581186 0.116335 0.121637
2 1 0.056933 0.113737 0.499901 0.201627 0.127802
2 1 0.054626 0.129800 0.593411 0.134983 0.087180
2 1 0.174296 0.207932 0.336615 0.069447 0.211710
2 1 0.113243 0.193865 0.400378 0.094123 0.198391
2 1 0.035461 0.069157 0.496696 0.363111 0.035576
2 2 0.131052 0.138370 0.423389 0.227402 0.079788
3 2 0.053904 0.042927 0.239118 0.643489 0.020562
3 2 0.033184 0.048117 0.374279 0.528850 0.015570
2 2 0.149591 0.172822 0.401531 0.178931 0.097126
2 2 0.056256 0.087226 0.444268 0.368375 0.043875
3 2 0.034874 0.031248 0.205291 0.677645 0.050941
2 2 0.039027 0.087762 0.609761 0.241868 0.021582
3 2 0.006252 0.004935 0.080321 0.907379 0.001114
3 3 0.107045 0.102319 0.369202 0.382829 0.038605
3 3 0.044043 0.033938 0.206783 0.705312 0.009924
2 3 0.197562 0.224846 0.402188 0.073640 0.101763
2 3 0.105418 0.163333 0.505271 0.124074 0.101904
2 3 0.098320 0.126597 0.391997 0.304896 0.078190
4 3 0.115978 0.199826 0.212850 0.011907 0.459438
2 3 0.079652 0.227210 0.439225 0.032661 0.221252
2 3 0.064286 0.202038 0.557331 0.052372 0.123972
4 3 0.142742 0.144189 0.136648 0.007562 0.568859
2 3 0.087742 0.124500 0.387879 0.288069 0.111810
3 3 0.095205 0.105716 0.308174 0.349504 0.141402
4 3 0.111804 0.212457 0.268911 0.014043 0.392784
4 3 0.130534 0.178967 0.245001 0.024458 0.421039
2 3 0.072303 0.172014 0.522687 0.099665 0.133331
3 3 0.082177 0.103865 0.328913 0.329355 0.155689
4 3 0.147648 0.207614 0.221162 0.015580 0.407996
4 3 0.189799 0.144596 0.139469 0.029608 0.496528
4 3 0.181516 0.201730 0.232320 0.045352 0.339081
2 3 0.068624 0.144878 0.470709 0.154309 0.161479
2 3 0.095504 0.164212 0.369991 0.057304 0.312989
4 3 0.157349 0.223792 0.248793 0.016337 0.353729
3 3 0.240622 0.125390 0.218312 0.251406 0.164270
2 3 0.099972 0.178644 0.382984 0.107788 0.230611
4 3 0.170602 0.152173 0.192104 0.077211 0.407910
3 3 0.116150 0.113578 0.247276 0.380888 0.142108
2 3 0.154543 0.212915 0.327099 0.044353 0.261090
2 3 0.185165 0.173460 0.336801 0.193402 0.111173
3 3 0.013297 0.014435 0.141992 0.824951 0.005325
4 3 0.119745 0.150599 0.198111 0.024532 0.507012
2 3 0.115889 0.133839 0.348616 0.322994 0.078662
2 3 0.154706 0.199693 0.466369 0.111133 0.068099
2 3 0.213364 0.185277 0.272732 0.105477 0.223151
4 3 0.191953 0.173881 0.219926 0.037861 0.376378
3 3 0.114129 0.118425 0.308911 0.344002 0.114533
3 3 0.090562 0.052430 0.229634 0.600672 0.026702
3 3 0.248814 0.108512 0.249249 0.330898 0.062526
2 3 0.259396 0.173658 0.291055 0.201502 0.074389
0 3 0.338268 0.136743 0.154578 0.086681 0.283729
3 3 0.235501 0.134466 0.223304 0.274352 0.132378
2 3 0.302395 0.225297 0.358704 0.034188 0.079416
3 3 0.098180 0.042423 0.184724 0.652015 0.022658
3 3 0.261575 0.094184 0.202281 0.313703 0.128257
4 3 0.128203 0.207279 0.295820 0.067331 0.301367
3 3 0.111396 0.046274 0.111621 0.438029 0.292680
3 3 0.215483 0.112396 0.202346 0.312257 0.157517
3 3 0.186040 0.078396 0.217396 0.453349 0.064818
3 3 0.202279 0.113047 0.197543 0.298933 0.188198
3 3 0.201662 0.084071 0.211233 0.462217 0.040817
3 3 0.027088 0.016408 0.090175 0.847130 0.019200
3 3 0.032875 0.025237 0.200891 0.734716 0.006280
3 3 0.064774 0.031070 0.152928 0.724877 0.026352
2 3 0.158440 0.158423 0.366150 0.214250 0.102737
3 3 0.074417 0.067755 0.215604 0.557202 0.085021
0 3 0.260713 0.179120 0.216811 0.142163 0.201194
2 3 0.248688 0.137018 0.325850 0.233890 0.054554
2 3 0.076682 0.168447 0.499720 0.156810 0.098340
2 3 0.189813 0.169861 0.319011 0.150520 0.170794
2 3 0.078188 0.112573 0.363421 0.319400 0.126418
3 3 0.041748 0.029114 0.182282 0.726049 0.020808
2 3 0.101036 0.123192 0.515833 0.227214 0.032726
2 3 0.095948 0.137164 0.405814 0.227101 0.133973
3 3 0.032119 0.034750 0.280971 0.642052 0.010107
4 3 0.208969 0.180070 0.196679 0.055335 0.358947
2 3 0.077604 0.082336 0.364901 0.262412 0.212748
3 3 0.064116 0.084413 0.284842 0.333081 0.233548
2 3 0.205562 0.156188 0.328889 0.096410 0.212952
4 3 0.161594 0.145685 0.273141 0.134660 0.284920
2 3 0.128640 0.177736 0.485309 0.128807 0.079508
2 3 0.061877 0.127514 0.482522 0.216657 0.111429
3 3 0.122350 0.051612 0.199452 0.597926 0.028661
4 3 0.127679 0.113230 0.259315 0.202413 0.297363
3 3 0.132397 0.115107 0.244760 0.380339 0.127397
3 3 0.064584 0.057758 0.244872 0.573295 0.059490
3 3 0.112077 0.102027 0.289514 0.412307 0.084075
3 3 0.126473 0.077355 0.285961 0.465446 0.044765
3 3 0.055588 0.059480 0.308877 0.558226 0.017829
4 3 0.119562 0.154056 0.259297 0.093113 0.373972
3 3 0.036917 0.037116 0.221293 0.686971 0.017703
3 3 0.006535 0.006331 0.069163 0.913467 0.004504
2 3 0.073103 0.122221 0.339457 0.295645 0.169573
3 3 0.072231 0.076758 0.324322 0.442785 0.083905
3 3 0.024685 0.045398 0.302199 0.603332 0.024386
3 3 0.040032 0.058594 0.328107 0.524915 0.048352
4 3 0.193461 0.135038 0.223918 0.187792 0.259791
3 3 0.017214 0.023072 0.174298 0.769784 0.015633
3 3 0.069207 0.067948 0.280698 0.540780 0.041367
3 3 0.029902 0.042987 0.351659 0.552951 0.022502
3 3 0.178358 0.106951 0.184523 0.276340 0.253828
2 3 0.182569 0.100830 0.378003 0.312337 0.026261
2 3 0.117157 0.182278 0.417907 0.098889 0.183768
0 3 0.398957 0.150511 0.156092 0.112033 0.182408
0 3 0.279524 0.187236 0.236339 0.158978 0.137922
4 2 0.149550 0.219961 0.222164 0.009075 0.399251
2 2 0.087003 0.151479 0.448833 0.073931 0.238753
2 2 0.030160 0.119833 0.672187 0.112926 0.064894
4 2 0.151248 0.168776 0.203934 0.037232 0.438810
2 2 0.279396 0.195314 0.330361 0.124444 0.070486
2 1 0.267036 0.216169 0.358926 0.082903 0.074966
0 1 0.362744 0.168139 0.130682 0.008083 0.330352
0 0 0.379243 0.140336 0.139081 0.098318 0.243022
2 1 0.079336 0.195083 0.361660 0.021782 0.342139
4 1 0.119516 0.166154 0.154375 0.006141 0.553814
4 0 0.235092 0.129991 0.132402 0.085137 0.417379
4 1 0.090110 0.187442 0.212849 0.006623 0.502976
4 1 0.072784 0.206638 0.299598 0.007891 0.413089
2 1 0.037674 0.070978 0.412560 0.412148 0.066640
3 2 0.061027 0.049335 0.330612 0.539271 0.019755
3 2 0.197447 0.103252 0.229327 0.357211 0.112762
3 2 0.087446 0.069808 0.290988 0.525905 0.025853
2 2 0.035118 0.062150 0.446325 0.435686 0.020721
2 2 0.056405 0.131535 0.485641 0.163319 0.163101
3 2 0.016241 0.030245 0.323351 0.611215 0.018949
2 2 0.062712 0.127172 0.549209 0.182004 0.078903
2 2 0.045350 0.140203 0.604192 0.084923 0.125332
2 2 0.103944 0.212395 0.460042 0.021100 0.202520
2 2 0.034245 0.082631 0.502851 0.323198 0.057075
2 2 0.068669 0.156759 0.542595 0.104319 0.127658
2 2 0.059599 0.164302 0.586784 0.084217 0.105098
2 2 0.074385 0.192912 0.464450 0.039194 0.229059
2 2 0.103686 0.183986 0.377927 0.023468 0.310934
2 2 0.084247 0.156639 0.348886 0.118209 0.292019
2 2 0.137435 0.116304 0.465654 0.230035 0.050572
3 2 0.092870 0.045836 0.171884 0.635140 0.054269
2 2 0.068145 0.157659 0.517703 0.135023 0.121469
2 2 0.048019 0.102132 0.468050 0.301053 0.080745
4 2 0.133831 0.156219 0.294930 0.040284 0.374736
2 2 0.063271 0.131070 0.529171 0.176201 0.100288
2 2 0.032855 0.089800 0.593146 0.244409 0.039790
2 2 0.062936 0.145997 0.481272 0.088735 0.221059
2 2 0.057928 0.140785 0.543926 0.117003 0.140358
2 2 0.051604 0.154907 0.612940 0.082925 0.097624
2 2 0.097201 0.204866 0.373750 0.022076 0.302106
0 2 0.321961 0.163838 0.181755 0.124150 0.208296
0 0 0.949252 0.017761 0.013568 0.018903 0.000515
4 1 0.381950 0.076837 0.057253 0.041893 0.442067
4 1 0.082004 0.177115 0.352602 0.026102 0.362178
4 2 0.247732 0.189072 0.254572 0.026315 0.282309
2 2 0.097084 0.169317 0.342390 0.055712 0.335497
3 2 0.041751 0.068758 0.388456 0.425057 0.075978
2 2 0.125811 0.215347 0.419325 0.070928 0.168590
2 2 0.219848 0.201656 0.387706 0.072451 0.118340
2 2 0.105755 0.098563 0.384128 0.337623 0.073931
2 2 0.143669 0.124944 0.348808 0.235136 0.147443
2 2 0.127790 0.120891 0.406860 0.252738 0.091722
4 2 0.133919 0.103311 0.272715 0.210660 0.279395
2 2 0.104468 0.169339 0.400950 0.117655 0.207588
3 2 0.064297 0.058479 0.272341 0.565750 0.039133
2 2 0.147993 0.108293 0.368169 0.268370 0.107175
3 2 0.048055 0.057693 0.406889 0.470875 0.016488
2 2 0.099805 0.134694 0.417165 0.229130 0.119206
2 2 0.167968 0.215377 0.430877 0.085218 0.100560
4 2 0.250720 0.172120 0.208707 0.026047 0.342406
2 2 0.188939 0.222807 0.288888 0.054476 0.244890
2 2 0.221146 0.172676 0.277608 0.113749 0.214822
3 2 0.039236 0.057021 0.277169 0.567448 0.059126
2 2 0.045670 0.132699 0.671915 0.084440 0.065276
2 2 0.101085 0.166893 0.500156 0.068626 0.163239
3 2 0.021573 0.029052 0.267716 0.670759 0.010900
3 2 0.117722 0.081747 0.262507 0.468741 0.069283
2 2 0.058321 0.098311 0.533209 0.265428 0.044730
0 0 0.562624 0.118132 0.131579 0.131529 0.056136
3 0 0.230859 0.144503 0.228974 0.238592 0.157072
2 0 0.055889 0.137532 0.530164 0.054587 0.221829
2 1 0.037887 0.107346 0.645999 0.132302 0.076466
2 1 0.024135 0.052758 0.528047 0.366712 0.028348
2 2 0.044530 0.130676 0.641143 0.089418 0.094235
2 2 0.054342 0.136826 0.650355 0.063173 0.095304
2 2 0.053291 0.127401 0.636614 0.112141 0.070553
2 2 0.104345 0.194656 0.465907 0.046788 0.188304
2 2 0.060956 0.137408 0.597234 0.096556 0.107846
2 2 0.058937 0.092135 0.581243 0.213141 0.054545
2 2 0.022253 0.075496 0.687107 0.169041 0.046104
2 2 0.071025 0.171038 0.552303 0.040280 0.165353
2 2 0.038245 0.107266 0.732981 0.091145 0.030363
2 2 0.053685 0.127053 0.619870 0.136754 0.062638
2 2 0.023989 0.059244 0.647530 0.253444 0.015794
2 2 0.048472 0.074555 0.594627 0.265116 0.017230
2 2 0.101184 0.113003 0.424670 0.250941 0.110202
2 2 0.033591 0.072366 0.615781 0.262162 0.016100
2 2 0.084208 0.145976 0.509603 0.153390 0.106823
2 2 0.065281 0.101770 0.537426 0.173806 0.121717
2 2 0.066980 0.140852 0.625221 0.103384 0.063563
2 2 0.048571 0.117000 0.633322 0.154361 0.046746
2 2 0.050643 0.108657 0.639801 0.155043 0.045856
2 2 0.100761 0.164268 0.557225 0.051539 0.126206
2 2 0.041967 0.090678 0.662966 0.177576 0.026812
2 2 0.045119 0.093754 0.659455 0.170572 0.031101
2 2 0.034200 0.094976 0.655448 0.156466 0.058910
2 2 0.065741 0.119138 0.570576 0.190466 0.054080
2 2 0.067300 0.081018 0.526518 0.271521 0.053642
3 0 0.109111 0.084028 0.266230 0.472797 0.067834
2 0 0.121418 0.149096 0.495003 0.099608 0.134876
2 0 0.078225 0.153074 0.522163 0.085798 0.160740
2 1 0.057054 0.141866 0.589785 0.069238 0.142058
2 1 0.115127 0.144194 0.515223 0.078420 0.147036
2 1 0.044482 0.060412 0.439268 0.414393 0.041445
2 1 0.144408 0.125767 0.376199 0.285697 0.067929
2 1 0.051592 0.064892 0.456997 0.375028 0.051491
2 1 0.081356 0.100133 0.592952 0.200730 0.024829
2 1 0.131117 0.114252 0.379632 0.138644 0.236355
2 1 0.067420 0.143486 0.669856 0.058854 0.060385
2 1 0.047620 0.107178 0.635988 0.133533 0.075681
2 1 0.043479 0.096542 0.603024 0.213970 0.042985
0 0 0.416028 0.166657 0.197079 0.147646 0.072590
0 0 0.911224 0.031589 0.020540 0.022587 0.014061
0 0 0.735841 0.077789 0.089185 0.088259 0.008926
0 0 0.581729 0.078591 0.116121 0.211055 0.012504
0 0 0.471375 0.113938 0.215006 0.188947 0.010734
0 0 0.419060 0.074993 0.103067 0.212491 0.190389
0 0 0.346896 0.110858 0.178872 0.286187 0.077186
3 0 0.004288 0.001044 0.012490 0.979214 0.002963
2 0 0.208735 0.106483 0.353624 0.320677 0.010480
4 0 0.280697 0.116962 0.132315 0.119968 0.350058
3 0 0.008207 0.007458 0.086746 0.894506 0.003084
3 0 0.068760 0.057701 0.412505 0.442758 0.018276
2 0 0.045157 0.185142 0.628339 0.022695 0.118667
2 0 0.047414 0.160026 0.574666 0.025647 0.192246
2 0 0.034889 0.139359 0.650236 0.042600 0.132916
2 0 0.032823 0.150396 0.634844 0.031508 0.150429
2 0 0.034270 0.121369 0.624978 0.078628 0.140755
2 0 0.055073 0.178297 0.479037 0.017990 0.269602
2 0 0.019145 0.093213 0.730298 0.073897 0.083447
2 1 0.044211 0.156025 0.624002 0.034597 0.141165
2 1 0.043210 0.109574 0.648580 0.113337 0.085299
2 1 0.021153 0.099402 0.742370 0.079305 0.057770
2 1 0.039404 0.153075 0.562210 0.026761 0.218551
2 1 0.035367 0.148782 0.659925 0.031150 0.124776
2 1 0.032318 0.151200 0.604221 0.020469 0.191791
2 1 0.033922 0.143301 0.628937 0.031509 0.162331
2 1 0.021379 0.130388 0.722974 0.028915 0.096344
2 1 0.029917 0.109615 0.628448 0.080892 0.151127
2 1 0.035434 0.130646 0.634025 0.057352 0.142543
3 0 0.064082 0.024160 0.133450 0.772510 0.005799
3 0 0.054643 0.024696 0.211826 0.707204 0.001631
3 0 0.084451 0.075423 0.392779 0.403262 0.044086
2 0 0.153048 0.153344 0.494327 0.127572 0.071710
0 0 0.461972 0.125000 0.115036 0.085505 0.212487
0 0 0.578672 0.095119 0.076154 0.060729 0.189325
2 0 0.253146 0.160772 0.373405 0.128066 0.084611
2 0 0.078560 0.106417 0.545591 0.240329 0.029103
3 0 0.012660 0.005489 0.052827 0.926932 0.002092
3 0 0.053542 0.054492 0.302288 0.570439 0.019239
2 0 0.111014 0.159116 0.565409 0.115992 0.048469
2 0 0.068372 0.157514 0.590081 0.074955 0.109078
2 0 0.035198 0.152284 0.635061 0.045138 0.132319
2 0 0.035266 0.156500 0.608856 0.024972 0.174406
2 0 0.041000 0.169669 0.543333 0.020314 0.225685
2 0 0.031755 0.159456 0.622348 0.027485 0.158956
2 0 0.026528 0.121984 0.684579 0.052083 0.114827
2 0 0.031199 0.125097 0.658680 0.060711 0.124313
2 0 0.033817 0.131761 0.612711 0.038262 0.183447
2 0 0.035834 0.168521 0.596690 0.019687 0.179268
2 0 0.033315 0.173541 0.627888 0.020057 0.145198
2 0 0.037205 0.151174 0.566538 0.024324 0.220759
2 0 0.039621 0.148503 0.541852 0.027028 0.242996
2 0 0.052186 0.108087 0.577905 0.196886 0.064937
2 0 0.087494 0.181527 0.464962 0.091494 0.174523
2 0 0.135803 0.150275 0.375696 0.131429 0.206798
4 0 0.179797 0.116372 0.202997 0.194745 0.306089
0 0 0.681668 0.113161 0.089209 0.024266 0.091697
2 0 0.108314 0.171478 0.440809 0.094335 0.185064
2 0 0.103968 0.184045 0.442237 0.034426 0.235323
2 0 0.112505 0.148565 0.457110 0.084644 0.197176
2 0 0.071210 0.122754 0.469876 0.141602 0.194558
2 0 0.044634 0.118889 0.618296 0.154773 0.063409
2 0 0.050236 0.169105 0.621984 0.047744 0.110931
2 0 0.056542 0.123828 0.479771 0.168624 0.171235
2 0 0.034388 0.078402 0.564718 0.286855 0.035637
2 0 0.113296 0.100273 0.407654 0.289313 0.089465
2 0 0.030074 0.088508 0.631586 0.182831 0.067001
4 0 0.184109 0.100926 0.140259 0.119925 0.454781
3 0 0.048354 0.041852 0.222775 0.639870 0.047149
2 0 0.048698 0.087061 0.448968 0.311395 0.103879
2 0 0.099659 0.145720 0.429991 0.112645 0.211985
4 1 0.130171 0.115183 0.244541 0.076329 0.433776
2 1 0.045260 0.138351 0.578074 0.094381 0.143934
2 1 0.085432 0.181361 0.564522 0.069838 0.098847
2 1 0.051746 0.145214 0.635601 0.089418 0.078021
3 0 0.089439 0.068697 0.342306 0.487894 0.011663
2 0 0.114127 0.152857 0.528554 0.165263 0.039198
2 1 0.088145 0.170595 0.543977 0.070398 0.126884
3 1 0.121289 0.067551 0.221312 0.504407 0.085441
3 1 0.167628 0.139869 0.259606 0.300946 0.131950
2 1 0.036663 0.148178 0.639837 0.066249 0.109072
2 1 0.082123 0.171062 0.604079 0.067949 0.074786
2 1 0.046742 0.146539 0.547789 0.102736 0.156193
2 1 0.118146 0.133916 0.474102 0.103996 0.169841
2 1 0.065848 0.151279 0.625100 0.082419 0.075354
2 2 0.060526 0.122064 0.560767 0.156544 0.100099
2 2 0.048609 0.126809 0.605174 0.132404 0.087004
2 2 0.100646 0.134959 0.393869 0.179347 0.191180
2 2 0.035633 0.086594 0.638404 0.210649 0.028720
3 2 0.030868 0.053034 0.345359 0.514931 0.055808
2 2 0.054803 0.120202 0.590569 0.179715 0.054712
2 2 0.078787 0.163684 0.596703 0.079470 0.081355
4 2 0.210744 0.060411 0.083553 0.157248 0.488044
0 1 0.330255 0.136454 0.281085 0.215159 0.037047
0 1 0.314542 0.147543 0.266430 0.230014 0.041472
3 1 0.019178 0.015063 0.151835 0.811044 0.002879
4 0 0.234558 0.150218 0.164739 0.105296 0.345188
2 1 0.192156 0.168855 0.438808 0.132884 0.067297
2 1 0.137731 0.176760 0.561487 0.089323 0.034700
3 2 0.035254 0.034840 0.326036 0.594747 0.009123
3 2 0.047778 0.061863 0.327757 0.526799 0.035803
2 2 0.110995 0.100945 0.381943 0.373995 0.032121
4 2 0.144163 0.165283 0.323409 0.038457 0.328688
4 2 0.100998 0.166632 0.309602 0.061662 0.361107
2 2 0.042104 0.083203 0.417197 0.389034 0.068462
2 2 0.190744 0.224474 0.297555 0.029218 0.258008
4 2 0.330918 0.127187 0.111075 0.041687 0.389133
0 0 0.446214 0.151772 0.185100 0.158415 0.058499
0 0 0.496895 0.128253 0.130711 0.111155 0.132986
0 0 0.231210 0.146622 0.204359 0.189813 0.227996
4 1 0.150723 0.131861 0.112027 0.007722 0.597667
2 1 0.076239 0.112253 0.403468 0.323072 0.084968
2 2 0.100909 0.150319 0.401500 0.191679 0.155593
2 2 0.201004 0.194776 0.321452 0.072899 0.209868
2 2 0.129935 0.177955 0.453195 0.135406 0.103509
2 2 0.071341 0.143250 0.423921 0.073881 0.287608
2 2 0.042668 0.142764 0.610840 0.110764 0.092964
2 2 0.285556 0.194037 0.393335 0.091136 0.035936
0 2 0.247583 0.143884 0.245064 0.151001 0.212469
0 2 0.338020 0.141884 0.212090 0.238778 0.069227
4 2 0.230870 0.133673 0.138472 0.088622 0.408363
4 2 0.096965 0.204505 0.223264 0.005945 0.469321
2 2 0.083684 0.150511 0.391533 0.219145 0.155126
2 2 0.143935 0.152664 0.308624 0.131051 0.263726
3 0 0.081132 0.062790 0.309635 0.527858 0.018585
2 0 0.212839 0.165243 0.282522 0.143238 0.196159
2 1 0.086624 0.160792 0.473941 0.165300 0.113343
4 2 0.139358 0.148666 0.179676 0.027660 0.504640
3 2 0.110797 0.084972 0.225323 0.352652 0.226256
4 2 0.142316 0.199640 0.231172 0.035669 0.391202
2 2 0.219108 0.171355 0.334208 0.191161 0.084168
4 2 0.189529 0.137788 0.201902 0.042474 0.428306
4 2 0.092990 0.140646 0.268502 0.037803 0.460059
2 2 0.145377 0.158674 0.309740 0.127932 0.258277
4 2 0.136524 0.141451 0.233614 0.108892 0.379519
2 2 0.090877 0.192886 0.447101 0.111763 0.157374
2 2 0.053017 0.085218 0.438127 0.375382 0.048256
2 2 0.102561 0.149597 0.424001 0.135546 0.188295
2 2 0.050533 0.102504 0.494777 0.300162 0.052025
2 2 0.106382 0.237728 0.322618 0.022487 0.310785
4 2 0.151248 0.190787 0.215325 0.036498 0.406142
2 2 0.054929 0.118934 0.476764 0.269380 0.079993
3 2 0.031742 0.030685 0.219022 0.705101 0.013451
3 2 0.030465 0.060179 0.367667 0.498246 0.043442
3 2 0.108262 0.048304 0.133121 0.562775 0.147538
2 2 0.048890 0.071494 0.436768 0.410862 0.031987
3 2 0.061194 0.033385 0.209487 0.685985 0.009949
2 2 0.130339 0.144673 0.449884 0.208825 0.066280
3 2 0.111426 0.093049 0.281503 0.463286 0.050736
3 2 0.006209 0.007524 0.078375 0.900909 0.006982
4 2 0.216429 0.141408 0.196626 0.119695 0.325842
3 2 0.010114 0.009950 0.111374 0.861934 0.006628
2 2 0.065602 0.211461 0.492743 0.023877 0.206318
4 3 0.098439 0.220122 0.287436 0.010035 0.383969
2 3 0.076823 0.200455 0.434301 0.055838 0.232584
2 3 0.095383 0.115971 0.373786 0.281363 0.133497
4 3 0.179017 0.156978 0.157665 0.030783 0.475557
2 3 0.099333 0.215438 0.442225 0.036970 0.206033
2 3 0.077105 0.175851 0.479107 0.078108 0.189829
2 3 0.111850 0.232002 0.409504 0.036642 0.210002
2 3 0.132424 0.198533 0.402155 0.054406 0.212481
4 3 0.187565 0.173849 0.272355 0.048900 0.317331
2 3 0.150430 0.245436 0.342441 0.030052 0.231641
4 3 0.166379 0.196376 0.281909 0.045664 0.309672
2 3 0.098145 0.161317 0.421789 0.148546 0.170204
3 3 0.065711 0.075321 0.309852 0.444962 0.104155
2 3 0.123818 0.177917 0.380079 0.096700 0.221486
4 3 0.185697 0.221115 0.244490 0.027913 0.320785
2 3 0.114692 0.145038 0.268759 0.261995 0.209516
2 3 0.103093 0.141662 0.456939 0.222990 0.075316
2 3 0.081026 0.132526 0.455975 0.192362 0.138110
2 3 0.078409 0.098493 0.399341 0.330521 0.093236
4 3 0.172416 0.215824 0.257765 0.031252 0.322743
2 3 0.107601 0.098337 0.394614 0.365295 0.034153
3 3 0.284609 0.112833 0.223850 0.297757 0.080950
2 3 0.150580 0.202122 0.422136 0.075012 0.150150
2 3 0.131022 0.168182 0.379920 0.173717 0.147159
2 3 0.233393 0.156030 0.317216 0.171366 0.121995
0 3 0.425436 0.113714 0.201864 0.218495 0.040491
2 3 0.126094 0.124054 0.459692 0.261447 0.028714
3 3 0.056656 0.068908 0.311573 0.506491 0.056372
4 3 0.217088 0.158903 0.182057 0.113696 0.328256
0 3 0.270110 0.148343 0.250741 0.133955 0.196851
0 3 0.267911 0.181891 0.230666 0.051893 0.267640
2 3 0.241858 0.212745 0.313309 0.074007 0.158081
0 3 0.294895 0.173976 0.181739 0.067241 0.282150
2 3 0.082937 0.105360 0.457295 0.311919 0.042489
2 3 0.090526 0.114627 0.431803 0.306273 0.056771
3 3 0.124530 0.112609 0.244520 0.388000 0.130341
3 3 0.092462 0.088575 0.326877 0.451542 0.040544
3 3 0.055805 0.060589 0.250481 0.591552 0.041573
0 3 0.262581 0.142000 0.215726 0.239546 0.140147
4 3 0.349612 0.109733 0.095085 0.059418 0.386152
4 3 0.255756 0.141158 0.135258 0.048555 0.419273
3 3 0.161388 0.096015 0.180874 0.295175 0.266549
2 3 0.263447 0.128156 0.272928 0.227447 0.108021
3 3 0.210689 0.067728 0.124056 0.323959 0.273568
3 3 0.040350 0.037205 0.226990 0.683242 0.012214
4 3 0.155511 0.144565 0.239160 0.131897 0.328867
0 3 0.353333 0.158977 0.222924 0.176809 0.087956
3 3 0.119409 0.068948 0.174660 0.510197 0.126786
4 3 0.183296 0.106421 0.157945 0.084502 0.467835
3 3 0.090212 0.048670 0.180468 0.656177 0.024473
0 3 0.360205 0.067853 0.110621 0.297651 0.163669
3 3 0.119583 0.032536 0.111832 0.719838 0.016211
3 3 0.058945 0.022490 0.147057 0.768205 0.003303
0 3 0.354503 0.117547 0.189008 0.279848 0.059094
3 3 0.230181 0.088874 0.190309 0.438852 0.051784
3 3 0.096405 0.046035 0.216191 0.632394 0.008974
0 3 0.341090 0.133236 0.213356 0.257180 0.055139
3 3 0.317489 0.057528 0.146480 0.402122 0.076381
3 3 0.079564 0.026913 0.111013 0.768390 0.014119
3 3 0.157352 0.071265 0.184008 0.543513 0.043862
3 3 0.328711 0.060568 0.129219 0.433066 0.048437
3 3 0.121906 0.021715 0.082547 0.763411 0.010422
0 3 0.357174 0.090393 0.202844 0.330310 0.019279
3 3 0.249153 0.146103 0.232224 0.257453 0.115068
0 3 0.656585 0.077895 0.073502 0.089455 0.102563
2 1 0.242912 0.189846 0.244369 0.159153 0.163721
2 1 0.087746 0.195208 0.488437 0.073467 0.155141
2 1 0.124535 0.183020 0.365915 0.076501 0.250029
2 1 0.038669 0.065243 0.390099 0.337094 0.168895
3 1 0.055919 0.068506 0.350400 0.474814 0.050361
2 2 0.077727 0.148614 0.532884 0.104396 0.136379
2 2 0.083689 0.137856 0.560480 0.164699 0.053276
2 2 0.072662 0.094413 0.441939 0.315983 0.075003
2 2 0.067480 0.172850 0.588591 0.070030 0.101049
2 2 0.062461 0.233670 0.513391 0.019195 0.171282
2 2 0.055120 0.239533 0.521426 0.011813 0.172107
2 2 0.060856 0.160280 0.570308 0.059839 0.148717
2 2 0.083792 0.203784 0.444612 0.040067 0.227745
2 2 0.038259 0.155522 0.598679 0.054038 0.153502
2 2 0.097072 0.198693 0.483659 0.028304 0.192271
2 2 0.115204 0.184268 0.342564 0.058860 0.299104
2 2 0.038792 0.156203 0.600340 0.043217 0.161448
2 2 0.057387 0.180582 0.468141 0.020266 0.273624
2 2 0.045401 0.178012 0.609235 0.023694 0.143657
2 2 0.056007 0.187867 0.424235 0.023547 0.308345
2 2 0.044440 0.179850 0.539232 0.022737 0.213741
2 2 0.032791 0.151003 0.622484 0.044154 0.149568
4 1 0.082661 0.150363 0.327529 0.034638 0.404810
4 1 0.122763 0.149765 0.131079 0.004908 0.591485
2 1 0.040380 0.160592 0.597068 0.038008 0.163952
4 1 0.076887 0.192809 0.342347 0.011963 0.375994
2 1 0.058323 0.177886 0.412196 0.018042 0.333553
2 1 0.055599 0.219163 0.425696 0.012756 0.286787
2 1 0.045932 0.203845 0.550423 0.018088 0.181712
2 1 0.063680 0.212995 0.415203 0.007886 0.300235
4 1 0.068071 0.208328 0.334336 0.007446 0.381819
2 1 0.063921 0.193518 0.469409 0.022422 0.250729
2 1 0.061009 0.208373 0.457148 0.013623 0.259847
2 1 0.073914 0.190850 0.426775 0.015450 0.293012
2 1 0.087676 0.199597 0.405530 0.020693 0.286504
4 1 0.098494 0.140104 0.196691 0.016300 0.548412
4 1 0.122304 0.165032 0.236589 0.016075 0.459999
4 1 0.121531 0.198094 0.243593 0.012576 0.424206
2 1 0.072632 0.187861 0.461490 0.041332 0.236685
4 1 0.162060 0.099056 0.073873 0.005319 0.659692
4 1 0.096086 0.161730 0.323320 0.051446 0.367418
4 1 0.142846 0.142575 0.248381 0.040351 0.425846
0 0 0.611407 0.096187 0.102264 0.084745 0.105396
4 1 0.292940 0.051728 0.076460 0.211522 0.367349
4 1 0.094592 0.117325 0.295975 0.090087 0.402021
2 1 0.027727 0.058675 0.433021 0.404523 0.076054
2 1 0.099692 0.199952 0.478420 0.059746 0.162191
2 1 0.074902 0.174189 0.511920 0.124278 0.114712
2 1 0.132155 0.127864 0.348574 0.124883 0.266523
2 1 0.120873 0.145210 0.438394 0.160942 0.134581
2 1 0.214916 0.206637 0.293243 0.042107 0.243098
2 1 0.049352 0.078409 0.446130 0.403517 0.022592
2 1 0.047643 0.089949 0.562682 0.260461 0.039266
2 1 0.102505 0.153654 0.562139 0.108899 0.072802
3 1 0.061547 0.050033 0.233552 0.634401 0.020467
0 1 0.328112 0.167262 0.222714 0.186315 0.095597
2 1 0.216361 0.190594 0.249086 0.158207 0.185752
2 1 0.111363 0.199555 0.418952 0.063706 0.206424
2 1 0.044395 0.131604 0.653998 0.106095 0.063908
2 1 0.078575 0.141392 0.535496 0.141349 0.103188
2 1 0.022460 0.067292 0.563266 0.302145 0.044838
4 1 0.144035 0.232652 0.298416 0.021799 0.303098
2 1 0.042324 0.120005 0.623619 0.146513 0.067539
3 1 0.042820 0.068320 0.408079 0.443380 0.037402
2 2 0.060644 0.082973 0.412643 0.398980 0.044759
2 2 0.064585 0.078899 0.439118 0.391614 0.025784
3 2 0.158856 0.070773 0.284688 0.449288 0.036395
3 2 0.161166 0.090882 0.307296 0.335298 0.105358
2 2 0.106009 0.143083 0.394033 0.241526 0.115348
3 2 0.051362 0.064467 0.353454 0.460856 0.069861
3 2 0.112102 0.090047 0.276125 0.431629 0.090096
3 2 0.059223 0.047076 0.295335 0.575073 0.023293
2 2 0.153101 0.116137 0.317120 0.302314 0.111328
2 2 0.221387 0.185780 0.383489 0.136189 0.073155
2 2 0.091548 0.162606 0.438604 0.133083 0.174158
2 2 0.077223 0.116708 0.452995 0.292757 0.060318
3 2 0.118784 0.089001 0.284775 0.470641 0.036799
0 0 0.418831 0.135742 0.169403 0.172436 0.103588
2 0 0.215865 0.156120 0.317175 0.250593 0.060247
2 1 0.048765 0.080364 0.508847 0.327446 0.034578
2 1 0.150077 0.127197 0.353285 0.279998 0.089442
3 1 0.086442 0.076975 0.281618 0.517023 0.037942
0 1 0.292674 0.133933 0.219379 0.280961 0.073053
2 1 0.087501 0.217508 0.371858 0.014224 0.308909
2 2 0.041255 0.102991 0.515939 0.158832 0.180983
2 2 0.062053 0.160891 0.643152 0.064941 0.068964
2 2 0.072810 0.112272 0.481131 0.198608 0.135180
2 2 0.032006 0.054157 0.486812 0.408351 0.018674
2 2 0.068864 0.191679 0.419614 0.019418 0.300425
2 1 0.082778 0.184209 0.606217 0.048686 0.078111
2 1 0.051479 0.121267 0.566350 0.125271 0.135633
2 1 0.105778 0.133998 0.480018 0.144297 0.135909
3 1 0.078083 0.047210 0.216978 0.643625 0.014104
0 0 0.718926 0.086476 0.072715 0.064419 0.057464
0 0 0.448329 0.069384 0.048537 0.037023 0.396727
2 0 0.130218 0.162189 0.387873 0.242467 0.077253
4 0 0.245843 0.100203 0.102542 0.084269 0.467143
3 0 0.326819 0.046136 0.143463 0.472724 0.010858
3 0 0.052952 0.038225 0.223971 0.675087 0.009765
2 0 0.079125 0.154095 0.522991 0.068305 0.175484
2 1 0.052512 0.152656 0.553127 0.079560 0.162146
2 1 0.042056 0.121779 0.608626 0.124315 0.103223
2 1 0.076720 0.137760 0.439658 0.091313 0.254548
2 1 0.075759 0.143550 0.545925 0.135655 0.099111
2 1 0.065054 0.174875 0.576489 0.042037 0.141545
2 1 0.071645 0.178935 0.423734 0.037324 0.288362
2 1 0.063216 0.123336 0.597867 0.107075 0.108507
2 2 0.098691 0.116207 0.538954 0.200139 0.046009
2 2 0.050398 0.084269 0.578420 0.263921 0.022992
2 2 0.036490 0.058090 0.458795 0.428435 0.018190
2 2 0.073636 0.154319 0.410725 0.050718 0.310602
2 2 0.061768 0.149709 0.513547 0.058934 0.216041
2 2 0.120458 0.164596 0.413123 0.093311 0.208511
2 2 0.053759 0.079271 0.529057 0.274168 0.063746
2 1 0.076237 0.114978 0.372638 0.178836 0.257310
2 1 0.076889 0.137633 0.415668 0.099445 0.270365
2 1 0.049426 0.108887 0.612452 0.175851 0.053385
2 1 0.038852 0.092931 0.545141 0.224479 0.098598
3 1 0.112658 0.081907 0.343298 0.435562 0.026574
4 1 0.144394 0.160132 0.214554 0.025882 0.455037
2 1 0.041415 0.109590 0.622173 0.117828 0.108994
2 1 0.024845 0.070172 0.508365 0.312609 0.084009
2 1 0.033941 0.114338 0.658989 0.083866 0.108865
2 1 0.082913 0.138752 0.539314 0.090990 0.148031
3 1 0.032662 0.030526 0.236458 0.690723 0.009630
2 0 0.265829 0.165411 0.300286 0.213015 0.055459
2 1 0.073151 0.162389 0.497040 0.062029 0.205392
2 1 0.091956 0.199021 0.468326 0.039903 0.200795
2 1 0.038708 0.138332 0.674146 0.072727 0.076087
2 1 0.041006 0.114164 0.667277 0.108963 0.068590
2 1 0.045889 0.110100 0.566045 0.182856 0.095110
2 1 0.029295 0.077299 0.606088 0.243395 0.043924
3 1 0.115288 0.105642 0.311198 0.384599 0.083273
3 1 0.221051 0.124523 0.294917 0.300211 0.059298
2 1 0.026205 0.095859 0.708081 0.111313 0.058541
2 1 0.048487 0.136035 0.604938 0.070714 0.139825
2 1 0.023421 0.092920 0.723880 0.113905 0.045875
2 1 0.045096 0.146851 0.572416 0.043115 0.192522
2 1 0.023656 0.106832 0.719591 0.082726 0.067195
2 1 0.029235 0.118783 0.697560 0.058720 0.095702
2 1 0.041850 0.132739 0.638998 0.073837 0.112576
2 1 0.023082 0.057229 0.683716 0.222567 0.013406
2 1 0.073500 0.135083 0.450586 0.109465 0.231366
2 1 0.039916 0.121066 0.657912 0.082791 0.098315
2 1 0.016608 0.101921 0.754969 0.055108 0.071394
2 1 0.021642 0.108963 0.719451 0.074096 0.075848
2 1 0.026893 0.123898 0.705083 0.052307 0.091819
2 1 0.025683 0.111944 0.737541 0.059990 0.064841
2 1 0.031485 0.136590 0.659766 0.045105 0.127055
0 1 0.312732 0.225670 0.257136 0.055804 0.148659
0 0 0.412464 0.089547 0.157109 0.316989 0.023891
0 0 0.951805 0.015886 0.007939 0.009426 0.014944
3 0 0.337182 0.051941 0.144784 0.454574 0.011518
0 0 0.740679 0.042003 0.050743 0.135771 0.030805
3 0 0.254397 0.079946 0.174411 0.453956 0.037290
3 0 0.110690 0.031090 0.149845 0.691843 0.016532
0 0 0.804414 0.066048 0.055380 0.054246 0.019913
0 0 0.598873 0.123645 0.134421 0.115708 0.027354
3 0 0.062174 0.055116 0.295226 0.574741 0.012742
2 0 0.098273 0.100511 0.445197 0.257185 0.098835
3 0 0.027724 0.040244 0.393904 0.521393 0.016735
0 0 0.518618 0.144057 0.162620 0.131546 0.043159
3 0 0.264034 0.090766 0.214884 0.405711 0.024605
2 0 0.019455 0.056747 0.620753 0.279832 0.023214
2 0 0.021901 0.102646 0.759775 0.067509 0.048169
2 0 0.024837 0.109957 0.738094 0.067190 0.059922
2 0 0.028110 0.133956 0.677787 0.039071 0.121077
2 0 0.023142 0.092949 0.737511 0.089827 0.056571
2 0 0.017657 0.095567 0.742855 0.082608 0.061313
2 1 0.031795 0.143686 0.666018 0.036964 0.121538
2 1 0.055218 0.153372 0.575643 0.058886 0.156880
2 4 0.063747 0.172053 0.545569 0.031806 0.186825
2 4 0.041097 0.128183 0.599618 0.079005 0.152098
2 4 0.067106 0.164782 0.512329 0.054215 0.201567
2 4 0.038210 0.148722 0.654065 0.045440 0.113563
2 4 0.044787 0.165822 0.586219 0.029430 0.173743
2 4 0.023106 0.100225 0.764059 0.062625 0.049984
2 4 0.036091 0.140155 0.682788 0.040269 0.100697
2 4 0.025588 0.097194 0.722510 0.099402 0.055305
2 4 0.060488 0.125920 0.484554 0.147207 0.181831
4 4 0.115756 0.115544 0.248954 0.109371 0.410374
2 4 0.119212 0.162528 0.503456 0.095135 0.119670
4 4 0.117353 0.069535 0.155183 0.194506 0.463424
2 4 0.040473 0.091825 0.556305 0.228815 0.082582
4 4 0.258135 0.099523 0.128204 0.157653 0.356484
4 4 0.219505 0.151320 0.256812 0.111439 0.260925
3 4 0.246741 0.097094 0.156737 0.267666 0.231762
0 4 0.279849 0.222656 0.259474 0.050810 0.187211
2 4 0.106360 0.113608 0.352640 0.174472 0.252920
2 4 0.201998 0.187142 0.358810 0.090327 0.161722
4 4 0.373681 0.097290 0.082503 0.022824 0.423702
0 4 0.282699 0.122717 0.186946 0.181105 0.226533
2 4 0.045536 0.075514 0.460804 0.374841 0.043305
2 4 0.065853 0.148589 0.582738 0.125644 0.077176
2 4 0.047428 0.058848 0.498264 0.359728 0.035732
2 4 0.055893 0.128678 0.666903 0.111342 0.037184
4 4 0.232282 0.103329 0.113897 0.100430 0.450061
4 4 0.255068 0.067258 0.067074 0.073901 0.536700
3 4 0.379445 0.062411 0.120703 0.387847 0.049595
4 4 0.203897 0.142670 0.226297 0.196758 0.230379
2 4 0.084519 0.159107 0.491739 0.135880 0.128756
4 4 0.337443 0.122597 0.110988 0.062576 0.366396
2 4 0.090551 0.107381 0.487048 0.275877 0.039143
2 4 0.198074 0.190216 0.302957 0.042768 0.265984
2 4 0.083899 0.165182 0.574015 0.086913 0.089991
4 4 0.256680 0.107087 0.097271 0.059993 0.478969
3 4 0.085634 0.043339 0.170816 0.680626 0.019585
2 4 0.051250 0.167645 0.585405 0.077479 0.118220
2 4 0.038041 0.101091 0.635803 0.182672 0.042393
2 4 0.053318 0.105872 0.544924 0.260834 0.035052
2 4 0.112757 0.177172 0.394152 0.104194 0.211725
0 4 0.266237 0.188371 0.239429 0.159220 0.146743
3 4 0.121846 0.121891 0.227850 0.283581 0.244832
2 4 0.103703 0.238966 0.369876 0.010895 0.276559
2 1 0.085212 0.164644 0.398242 0.045947 0.305954
2 4 0.117306 0.152332 0.475829 0.098259 0.156274
2 4 0.070062 0.125007 0.555775 0.179637 0.069518
3 4 0.122330 0.123276 0.267890 0.353371 0.133134
2 4 0.103780 0.096668 0.307944 0.235016 0.256591
2 4 0.055699 0.193835 0.537690 0.041516 0.171260
2 4 0.050327 0.208876 0.596621 0.021799 0.122377
2 4 0.088690 0.162886 0.486107 0.096781 0.165536
2 4 0.109325 0.237100 0.518422 0.022421 0.112732
2 4 0.066631 0.097756 0.417797 0.355333 0.062483
2 4 0.133203 0.121784 0.291610 0.186322 0.267081
3 4 0.041525 0.035142 0.172290 0.718018 0.033025
3 4 0.053015 0.074554 0.374743 0.451091 0.046597
2 4 0.100363 0.191499 0.574619 0.060506 0.073014
2 4 0.080555 0.125012 0.413551 0.247559 0.133322
2 4 0.091356 0.180418 0.570545 0.082772 0.074910
2 4 0.041640 0.111609 0.716027 0.105006 0.025718
2 1 0.129789 0.226368 0.524255 0.044713 0.074876
2 1 0.094302 0.166000 0.507485 0.126335 0.105878
2 1 0.056457 0.101773 0.590549 0.223450 0.027771
2 1 0.060796 0.085811 0.523436 0.251568 0.078388
2 1 0.033380 0.065002 0.654934 0.229051 0.017632
2 4 0.086735 0.123615 0.512689 0.177124 0.099839
2 4 0.057199 0.068889 0.439000 0.390302 0.044609
2 4 0.055035 0.078680 0.519764 0.298979 0.047543
2 1 0.063212 0.114971 0.623324 0.137550 0.060944
2 1 0.086493 0.143701 0.609340 0.109960 0.050505
0 1 0.321658 0.184478 0.247839 0.139250 0.106776
0 0 0.304860 0.132262 0.249537 0.177103 0.136238
2 1 0.026867 0.074470 0.702547 0.167377 0.028739
2 1 0.034070 0.116013 0.674168 0.085319 0.090430
2 1 0.071384 0.116185 0.554002 0.105319 0.153110
2 1 0.042452 0.085724 0.600708 0.227799 0.043317
2 1 0.026540 0.083133 0.708833 0.139186 0.042308
2 1 0.094209 0.162033 0.553112 0.079784 0.110861
4 1 0.235226 0.129872 0.132209 0.085026 0.417667
3 1 0.189264 0.052508 0.101196 0.336159 0.320873
2 1 0.050220 0.125406 0.680986 0.092653 0.050736
2 1 0.074500 0.108726 0.583729 0.174758 0.058286
2 1 0.050029 0.112567 0.655786 0.137246 0.044372
2 1 0.043884 0.106048 0.670921 0.112841 0.066306
2 1 0.037232 0.085517 0.673806 0.160489 0.042956
2 1 0.044237 0.127081 0.674372 0.081478 0.072832
2 1 0.040447 0.106014 0.699040 0.100621 0.053879
2 1 0.037636 0.083001 0.664385 0.169666 0.045312
2 1 0.081442 0.136585 0.593869 0.069132 0.118973
2 1 0.032317 0.094111 0.721207 0.115431 0.036933
2 2 0.030801 0.056337 0.520132 0.355583 0.037147
2 2 0.049939 0.116279 0.690217 0.099360 0.044205
2 2 0.040775 0.070018 0.599408 0.239552 0.050247
2 2 0.058548 0.119781 0.633238 0.133311 0.055121
2 2 0.038328 0.073041 0.570891 0.275197 0.042543
2 2 0.026792 0.057312 0.666842 0.233581 0.015473
2 2 0.026876 0.060106 0.623868 0.268635 0.020516
2 2 0.052051 0.100305 0.552780 0.217517 0.077347
2 2 0.088098 0.092060 0.478315 0.275606 0.065920
2 2 0.034445 0.110359 0.719408 0.083627 0.052161
2 2 0.067448 0.091078 0.520888 0.221937 0.098648
2 2 0.043642 0.067615 0.530077 0.325375 0.033290
0 2 0.666162 0.084584 0.065588 0.055230 0.128436
0 1 0.489703 0.142673 0.146424 0.112059 0.109142
3 1 0.209887 0.146925 0.278840 0.280208 0.084140
2 2 0.031300 0.096988 0.687638 0.138299 0.045775
3 2 0.041212 0.042985 0.391841 0.486556 0.037406
2 2 0.096608 0.187042 0.553810 0.057230 0.105310
2 2 0.044652 0.085036 0.559488 0.239397 0.071427
2 2 0.029377 0.072401 0.635004 0.214684 0.048535
2 2 0.020519 0.045000 0.531122 0.385641 0.017718
2 2 0.036154 0.073083 0.628866 0.223001 0.038895
2 2 0.033852 0.102588 0.694916 0.111161 0.057484
4 2 0.128746 0.191855 0.248515 0.013038 0.417845
2 2 0.088572 0.133600 0.505904 0.209020 0.062904
4 2 0.098919 0.158965 0.282714 0.048154 0.411248
3 0 0.134390 0.073667 0.193650 0.543285 0.055009
0 1 0.290032 0.131233 0.215706 0.235023 0.128006
3 2 0.098495 0.102417 0.241408 0.418389 0.139291
2 2 0.104849 0.214004 0.427827 0.043036 0.210285
2 2 0.106255 0.124158 0.327714 0.176722 0.265151
2 2 0.155055 0.259547 0.358816 0.020205 0.206377
4 2 0.249984 0.184050 0.236290 0.069497 0.260180
2 2 0.111147 0.176294 0.449737 0.112461 0.150361
4 2 0.176480 0.191957 0.252268 0.020480 0.358816
4 2 0.116282 0.181457 0.322951 0.034903 0.344407
2 2 0.086710 0.198917 0.517691 0.047515 0.149166
2 2 0.074201 0.116689 0.563626 0.166845 0.078640
2 2 0.115258 0.136112 0.315239 0.142211 0.291179
2 2 0.065719 0.136392 0.459414 0.239333 0.099141
2 2 0.085122 0.158103 0.408555 0.086093 0.262127
2 2 0.076763 0.117039 0.439968 0.171974 0.194255
2 2 0.042563 0.097046 0.574537 0.221744 0.064110
2 2 0.056645 0.164802 0.544453 0.078052 0.156049
2 2 0.069904 0.247004 0.431987 0.013578 0.237527
2 2 0.164763 0.127145 0.330568 0.304613 0.072910
0 2 0.436746 0.160548 0.182257 0.137171 0.083279
0 2 0.527863 0.138032 0.158674 0.136263 0.039168
0 2 0.314812 0.161226 0.177096 0.120227 0.226639
2 2 0.049544 0.120967 0.549728 0.146849 0.132912
0 2 0.319514 0.185426 0.228716 0.150112 0.116232
0 2 0.479434 0.145831 0.151961 0.115756 0.107019
0 1 0.579300 0.090751 0.094046 0.114979 0.120922
3 1 0.081097 0.080587 0.293977 0.468277 0.076063
4 1 0.099053 0.153804 0.321059 0.033354 0.392729
4 2 0.140540 0.206479 0.262747 0.014275 0.375959
2 2 0.155578 0.171094 0.443854 0.135015 0.094460
3 2 0.041742 0.053526 0.378887 0.513768 0.012078
3 2 0.046326 0.055117 0.256833 0.546702 0.095022
2 2 0.086665 0.165787 0.436884 0.072341 0.238324
2 2 0.092567 0.169093 0.489514 0.100128 0.148698
2 2 0.073465 0.124266 0.430822 0.256831 0.114616
3 2 0.037689 0.054253 0.294868 0.563827 0.049364
2 2 0.118895 0.152397 0.420159 0.213627 0.094921
2 2 0.128529 0.110802 0.436212 0.238439 0.086017
4 2 0.154298 0.125462 0.104259 0.007457 0.608524
3 2 0.080615 0.087201 0.277169 0.379586 0.175429
2 2 0.202511 0.128062 0.362897 0.261797 0.044733
2 2 0.168784 0.151703 0.358061 0.188674 0.132780
4 2 0.218204 0.100778 0.192722 0.234264 0.254032
3 2 0.044198 0.027770 0.171619 0.748545 0.007868
3 2 0.171678 0.129700 0.286483 0.305622 0.106516
3 3 0.028219 0.017351 0.103230 0.827596 0.023605
4 3 0.166992 0.177872 0.231464 0.028097 0.395574
2 3 0.128579 0.188268 0.399954 0.083202 0.199997
2 3 0.067403 0.141566 0.494530 0.161223 0.135279
2 3 0.067946 0.118708 0.409223 0.297906 0.106217
2 3 0.195210 0.132767 0.237307 0.209369 0.225347
0 3 0.383709 0.160614 0.175313 0.125233 0.155132
2 3 0.179110 0.136124 0.385818 0.273848 0.025101
2 3 0.170362 0.221100 0.390618 0.085100 0.132819
2 3 0.088876 0.199041 0.358572 0.029816 0.323696
2 3 0.104529 0.182015 0.334617 0.051406 0.327432
2 2 0.145492 0.206913 0.359858 0.047415 0.240322
2 2 0.096571 0.148504 0.510664 0.178118 0.066143
2 2 0.104660 0.218083 0.347267 0.018697 0.311293
2 2 0.078631 0.217348 0.367474 0.013505 0.323042
2 2 0.112722 0.177557 0.354222 0.077684 0.277815
2 2 0.096572 0.162353 0.382596 0.071601 0.286878
