0 0 0.450884 0.131213 0.171291 0.119275 0.127337
0 0 0.348162 0.128882 0.200942 0.169687 0.152328
0 0 0.297672 0.214648 0.241995 0.039075 0.206611
2 0 0.131302 0.108729 0.338754 0.310973 0.110242
0 0 0.300741 0.134477 0.254139 0.155590 0.155054
3 0 0.074120 0.036030 0.171184 0.687862 0.030803
3 0 0.111299 0.076868 0.254136 0.441977 0.115720
0 0 0.389225 0.107613 0.123360 0.065042 0.314760
4 0 0.248150 0.112199 0.196986 0.131136 0.311529
2 0 0.262582 0.149551 0.309707 0.200819 0.077341
2 0 0.039487 0.135885 0.570965 0.084449 0.169215
4 0 0.266010 0.125820 0.201507 0.100980 0.305683
0 0 0.508277 0.074786 0.108961 0.193222 0.114753
3 0 0.305660 0.097001 0.192141 0.325773 0.079425
3 0 0.120109 0.046510 0.195446 0.589932 0.048003
2 0 0.214527 0.140729 0.324711 0.226105 0.093928
0 0 0.360690 0.135132 0.204811 0.165450 0.133916
3 0 0.318712 0.069916 0.146773 0.340904 0.123693
4 0 0.131921 0.261258 0.281978 0.012616 0.312226
2 0 0.068434 0.278238 0.456242 0.007896 0.189189
2 0 0.094002 0.201871 0.544863 0.048072 0.111191
2 0 0.182176 0.121638 0.319060 0.223088 0.154038
2 1 0.066434 0.148822 0.428540 0.077912 0.278291
2 1 0.072660 0.190938 0.540057 0.053419 0.142927
2 0 0.066920 0.231807 0.480665 0.016110 0.204498
2 0 0.052265 0.140921 0.437440 0.072919 0.296456
2 0 0.046773 0.146997 0.627533 0.072186 0.106511
2 1 0.044605 0.178909 0.619385 0.034655 0.122446
2 1 0.051529 0.201431 0.531201 0.023931 0.191907
2 1 0.042572 0.127252 0.656971 0.101298 0.071907
2 1 0.056835 0.180814 0.516399 0.037722 0.208230
2 1 0.104505 0.184770 0.361357 0.054935 0.294433
2 0 0.056293 0.189233 0.604021 0.038062 0.112392
2 0 0.053792 0.166975 0.524293 0.054026 0.200914
2 0 0.081181 0.231683 0.503666 0.027990 0.155480
2 1 0.046775 0.194135 0.524771 0.024024 0.210295
2 0 0.058115 0.137240 0.400775 0.058845 0.345025
2 0 0.052186 0.252873 0.500390 0.009517 0.185034
2 0 0.041671 0.223009 0.502688 0.009855 0.222776
2 0 0.170163 0.150973 0.332604 0.100396 0.245863
0 0 0.319303 0.125004 0.172328 0.097179 0.286186
0 0 0.368088 0.112863 0.190681 0.245234 0.083135
0 0 0.312818 0.123323 0.274303 0.232019 0.057536
2 0 0.033167 0.055260 0.636596 0.269333 0.005644
2 0 0.271489 0.123967 0.279593 0.269184 0.055768
0 0 0.627144 0.073252 0.081259 0.103392 0.114953
3 0 0.036788 0.006878 0.040993 0.886249 0.029093
2 0 0.063640 0.170934 0.563335 0.079139 0.122951
2 0 0.160929 0.189105 0.446096 0.108779 0.095091
3 0 0.042451 0.035176 0.270422 0.634369 0.017582
4 0 0.171360 0.089847 0.205164 0.190916 0.342713
2 0 0.147345 0.102838 0.336806 0.314539 0.098472
3 0 0.109383 0.068506 0.230821 0.485614 0.105677
3 0 0.163489 0.075970 0.217411 0.406994 0.136136
3 0 0.084802 0.048338 0.217424 0.551082 0.098354
3 0 0.078484 0.055435 0.262308 0.540216 0.063557
2 0 0.105474 0.205474 0.491002 0.054852 0.143199
0 0 0.312377 0.134155 0.204720 0.093558 0.255189
0 0 0.624119 0.066595 0.052722 0.032931 0.223632
0 0 0.341306 0.092498 0.171735 0.233997 0.160464
2 0 0.124196 0.110736 0.515866 0.231220 0.017981
0 0 0.435999 0.105173 0.160048 0.205288 0.093492
3 0 0.099065 0.027434 0.105800 0.718926 0.048775
0 0 0.569688 0.090766 0.106932 0.112235 0.120379
3 0 0.069986 0.057798 0.374207 0.480994 0.017015
3 0 0.246086 0.075170 0.174119 0.382641 0.121984
0 0 0.412208 0.108108 0.170623 0.219056 0.090005
0 0 0.758196 0.043492 0.034952 0.042720 0.120640
4 0 0.212386 0.087239 0.205916 0.235814 0.258646
3 0 0.107951 0.079864 0.232944 0.305234 0.274008
2 0 0.119871 0.151775 0.423980 0.161096 0.143279
3 0 0.083648 0.046462 0.220691 0.619676 0.029524
2 0 0.150178 0.216767 0.432093 0.070291 0.130669
4 0 0.158010 0.125481 0.197174 0.063652 0.455683
2 1 0.112436 0.142306 0.409270 0.119686 0.216302
2 0 0.046585 0.209206 0.535811 0.018670 0.189728
2 1 0.048828 0.181327 0.572783 0.036246 0.160816
2 1 0.066237 0.214314 0.451716 0.021396 0.246337
2 1 0.060459 0.239112 0.567534 0.012988 0.119908
2 1 0.046811 0.205221 0.543055 0.019111 0.185801
2 1 0.028143 0.110719 0.703169 0.090402 0.067568
2 2 0.077494 0.187631 0.414204 0.027596 0.293075
2 2 0.035826 0.136858 0.704371 0.060951 0.061995
2 2 0.066774 0.123087 0.543391 0.158170 0.108578
2 2 0.025603 0.109171 0.755038 0.067256 0.042933
2 2 0.114105 0.180741 0.595740 0.068776 0.040637
2 2 0.170983 0.199070 0.362871 0.084056 0.183020
2 2 0.089463 0.189498 0.440217 0.054875 0.225948
2 2 0.047944 0.130319 0.529506 0.110901 0.181330
2 2 0.032692 0.113116 0.686759 0.109617 0.057816
2 2 0.075872 0.189828 0.449234 0.043190 0.241877
2 2 0.038693 0.090962 0.616272 0.202061 0.052012
2 3 0.075891 0.155451 0.598353 0.092766 0.077539
2 3 0.019746 0.047706 0.572263 0.343270 0.017014
2 3 0.060340 0.134910 0.674620 0.091959 0.038171
2 3 0.044993 0.106167 0.622547 0.158550 0.067743
2 3 0.067658 0.174875 0.620711 0.061610 0.075146
2 3 0.046659 0.093965 0.644568 0.188317 0.026492
2 2 0.070135 0.095506 0.543462 0.261587 0.029309
2 0 0.116844 0.132276 0.504225 0.201582 0.045073
0 1 0.452362 0.105209 0.165138 0.187880 0.089411
0 1 0.345319 0.163318 0.194809 0.051574 0.244980
2 0 0.092115 0.165611 0.432201 0.103933 0.206140
4 0 0.133587 0.127231 0.208900 0.049860 0.480423
4 2 0.187165 0.209847 0.259737 0.022739 0.320512
4 0 0.245581 0.165954 0.227321 0.076621 0.284523
2 0 0.234444 0.241445 0.306957 0.040765 0.176389
4 2 0.172780 0.241100 0.266770 0.011864 0.307486
4 1 0.184765 0.177012 0.202987 0.024992 0.410245
2 1 0.147371 0.212054 0.375783 0.045089 0.219703
2 2 0.129433 0.197253 0.347389 0.031148 0.294777
2 2 0.197571 0.183788 0.309594 0.056406 0.252641
2 2 0.094599 0.156890 0.468799 0.100060 0.179652
2 3 0.182090 0.151660 0.380217 0.114662 0.171371
2 3 0.154432 0.180285 0.472494 0.103910 0.088878
2 3 0.049607 0.082947 0.516945 0.302356 0.048145
2 3 0.037596 0.084174 0.631971 0.211581 0.034678
2 3 0.100616 0.115533 0.420163 0.253261 0.110426
3 3 0.049610 0.041022 0.210870 0.637176 0.061322
3 3 0.137327 0.074906 0.229412 0.414545 0.143811
2 3 0.132863 0.099206 0.402381 0.311695 0.053855
3 3 0.063601 0.064256 0.318732 0.484014 0.069396
2 3 0.122710 0.163513 0.524813 0.129030 0.059934
3 3 0.024921 0.025591 0.227512 0.698369 0.023606
2 3 0.124463 0.152622 0.448200 0.161519 0.113196
3 3 0.039351 0.028444 0.194711 0.713058 0.024435
4 3 0.101031 0.103311 0.255384 0.114856 0.425417
2 3 0.152409 0.109094 0.340453 0.319391 0.078654
2 3 0.221847 0.172421 0.273603 0.095416 0.236712
2 3 0.065766 0.081965 0.450525 0.335074 0.066670
3 3 0.103704 0.097713 0.345001 0.347984 0.105598
2 3 0.123914 0.139389 0.412110 0.193053 0.131535
2 3 0.196521 0.160558 0.277243 0.101595 0.264082
3 3 0.061077 0.046280 0.242549 0.594810 0.055285
2 3 0.054053 0.099796 0.636129 0.185949 0.024073
2 3 0.136284 0.152427 0.457167 0.175930 0.078192
2 3 0.086780 0.177067 0.505883 0.074785 0.155486
3 3 0.034659 0.035436 0.341522 0.577318 0.011065
2 3 0.141718 0.125446 0.382300 0.214843 0.135694
2 3 0.100330 0.099710 0.437530 0.315602 0.046827
2 3 0.120255 0.204226 0.458977 0.042378 0.174164
2 3 0.065176 0.090104 0.550813 0.268995 0.024913
3 3 0.030141 0.022573 0.148255 0.748135 0.050895
2 3 0.122417 0.102292 0.353317 0.341845 0.080129
3 3 0.179723 0.094314 0.240897 0.336909 0.148158
0 3 0.306503 0.117832 0.219701 0.283268 0.072697
0 3 0.519621 0.092966 0.124194 0.158771 0.104448
0 3 0.697378 0.058006 0.055496 0.070345 0.118774
0 3 0.314605 0.127194 0.227855 0.250095 0.080251
3 2 0.118435 0.073941 0.357656 0.419568 0.030400
0 2 0.316188 0.168153 0.191334 0.035236 0.289089
2 3 0.127063 0.163104 0.431778 0.130533 0.147522
0 2 0.279281 0.123950 0.262633 0.272809 0.061327
0 2 0.258663 0.188356 0.253893 0.075190 0.223898
4 2 0.223685 0.128877 0.205744 0.083736 0.357958
0 1 0.287926 0.132754 0.247097 0.229379 0.102844
3 2 0.258244 0.121947 0.249028 0.286333 0.084447
0 2 0.392347 0.102103 0.167314 0.188960 0.149276
2 2 0.184464 0.156199 0.379043 0.148873 0.131422
0 2 0.313088 0.198501 0.311462 0.044627 0.132322
3 3 0.122110 0.099668 0.271019 0.299939 0.207264
2 2 0.241580 0.127602 0.357918 0.232723 0.040178
3 2 0.206677 0.063847 0.160821 0.380584 0.188072
2 3 0.125861 0.101985 0.346355 0.345431 0.080368
3 3 0.080097 0.074110 0.367892 0.435988 0.041913
0 2 0.298334 0.126689 0.234239 0.233496 0.107242
3 2 0.140479 0.071969 0.214900 0.448095 0.124557
0 2 0.268572 0.194795 0.239270 0.055391 0.241973
3 2 0.051974 0.045326 0.297683 0.575806 0.029211
2 2 0.097489 0.126325 0.472319 0.202674 0.101194
2 2 0.051550 0.093346 0.566325 0.237752 0.051027
2 2 0.090558 0.104532 0.430833 0.279894 0.094182
2 2 0.096036 0.163400 0.515537 0.094941 0.130086
4 2 0.142491 0.173814 0.313120 0.047567 0.323007
4 2 0.218729 0.199798 0.197698 0.019955 0.363821
4 2 0.194784 0.205631 0.236489 0.027924 0.335172
2 2 0.163047 0.132389 0.291907 0.209899 0.202758
0 2 0.425108 0.134360 0.180724 0.117671 0.142136
2 3 0.124718 0.153356 0.347175 0.127171 0.247580
2 2 0.194577 0.186706 0.333172 0.081962 0.203583
3 3 0.175515 0.100260 0.237138 0.271880 0.215207
2 2 0.172644 0.121653 0.313790 0.294628 0.097286
3 3 0.101566 0.057612 0.220046 0.562320 0.058457
3 3 0.013565 0.015754 0.227246 0.736383 0.007053
3 2 0.064991 0.048257 0.245369 0.599668 0.041715
3 3 0.028235 0.018093 0.149533 0.790543 0.013597
3 3 0.041108 0.024319 0.160121 0.755655 0.018797
0 3 0.405171 0.132966 0.168503 0.092165 0.201195
3 2 0.075704 0.041800 0.206342 0.647920 0.028233
2 2 0.165416 0.129073 0.328239 0.208482 0.168791
3 3 0.209036 0.116213 0.264008 0.308719 0.102025
3 3 0.079717 0.043212 0.171213 0.620179 0.085680
2 0 0.140916 0.119573 0.323692 0.236515 0.179305
2 0 0.186385 0.123995 0.282777 0.202717 0.204126
2 0 0.132811 0.265051 0.396303 0.017469 0.188366
2 0 0.108764 0.209302 0.355990 0.024334 0.301610
2 0 0.097119 0.196904 0.533188 0.061388 0.111401
2 0 0.209046 0.228395 0.320661 0.035792 0.206106
2 0 0.193702 0.207040 0.328102 0.041525 0.229632
4 0 0.180983 0.231117 0.231555 0.015711 0.340634
2 1 0.122388 0.153587 0.364745 0.114052 0.245228
2 1 0.110511 0.228657 0.446567 0.033884 0.180381
4 1 0.146415 0.203133 0.286029 0.027162 0.337261
4 2 0.174273 0.212596 0.252883 0.023124 0.337124
2 2 0.156403 0.216118 0.321643 0.044352 0.261484
4 2 0.215001 0.160768 0.229736 0.058312 0.336183
2 2 0.112079 0.133514 0.497262 0.188342 0.068803
2 2 0.159660 0.162948 0.457754 0.110530 0.109108
2 2 0.139690 0.171849 0.484403 0.127239 0.076820
2 2 0.205400 0.132282 0.322700 0.217002 0.122616
4 2 0.190761 0.097394 0.204857 0.201338 0.305650
3 2 0.158390 0.055305 0.165638 0.556474 0.064194
3 2 0.176009 0.066900 0.224142 0.466347 0.066603
2 2 0.259343 0.143071 0.283353 0.213248 0.100986
0 2 0.267651 0.148793 0.242192 0.146849 0.194516
2 1 0.110831 0.096232 0.448619 0.317445 0.026873
2 2 0.254815 0.158148 0.289876 0.174720 0.122442
2 2 0.087941 0.170041 0.552481 0.084855 0.104683
2 3 0.082334 0.130339 0.563630 0.173137 0.050561
2 2 0.173655 0.161592 0.353642 0.138197 0.172914
2 2 0.037417 0.073996 0.587004 0.276107 0.025476
2 3 0.090116 0.109521 0.519723 0.236969 0.043671
3 2 0.066046 0.040312 0.215627 0.649465 0.028549
0 2 0.306366 0.170416 0.283747 0.098831 0.140639
2 2 0.285576 0.170985 0.298416 0.091041 0.153982
2 0 0.208813 0.158304 0.314244 0.172531 0.146108
4 1 0.199358 0.187147 0.219701 0.036628 0.357166
0 1 0.373418 0.112339 0.188226 0.242026 0.083992
3 2 0.168796 0.076792 0.230321 0.473381 0.050710
0 2 0.706914 0.055791 0.052168 0.066088 0.119038
2 2 0.095018 0.128810 0.492215 0.184258 0.099699
2 2 0.193341 0.218832 0.414924 0.053805 0.119098
2 2 0.132638 0.136091 0.409361 0.212496 0.109414
4 2 0.188047 0.162914 0.260053 0.064892 0.324094
2 2 0.054866 0.067025 0.485730 0.359535 0.032845
2 2 0.176823 0.164926 0.362490 0.141825 0.153937
4 2 0.123242 0.121890 0.291309 0.151412 0.312148
4 2 0.177006 0.090097 0.200418 0.214554 0.317924
3 2 0.111742 0.084759 0.363174 0.398562 0.041763
2 0 0.051872 0.066560 0.453249 0.400453 0.027865
4 0 0.277700 0.087883 0.148461 0.145387 0.340568
4 0 0.257593 0.150387 0.221783 0.065192 0.305045
2 0 0.129459 0.196973 0.373081 0.059441 0.241046
2 0 0.100898 0.154521 0.381951 0.078058 0.284572
2 1 0.127902 0.208303 0.321744 0.024586 0.317465
2 1 0.071497 0.163842 0.549336 0.090043 0.125282
2 1 0.144488 0.140178 0.377040 0.144300 0.193993
2 0 0.075349 0.134605 0.514511 0.151737 0.123798
2 0 0.120636 0.226003 0.411125 0.034410 0.207825
2 1 0.078912 0.126705 0.457466 0.190068 0.146850
2 1 0.109149 0.179461 0.553807 0.078152 0.079430
4 2 0.108100 0.130113 0.271816 0.082511 0.407460
2 2 0.107199 0.132477 0.514716 0.194869 0.050739
2 2 0.044934 0.059902 0.446331 0.415246 0.033588
2 2 0.212532 0.147447 0.395396 0.171662 0.072963
2 2 0.085132 0.083296 0.448249 0.346533 0.036790
2 0 0.111437 0.128819 0.494661 0.214667 0.050416
2 0 0.196658 0.222680 0.430978 0.068179 0.081505
0 0 0.374813 0.149918 0.261656 0.124253 0.089361
0 0 0.308156 0.117726 0.218905 0.282222 0.072990
2 0 0.089397 0.140320 0.607289 0.129848 0.033147
2 0 0.160126 0.216096 0.426121 0.064740 0.132916
2 0 0.196102 0.196123 0.313446 0.062276 0.232052
2 0 0.126999 0.183573 0.514203 0.099055 0.076171
2 0 0.061275 0.242105 0.586354 0.014332 0.095934
2 0 0.059993 0.217799 0.582450 0.023164 0.116594
2 0 0.093567 0.221710 0.503971 0.039356 0.141397
2 0 0.087746 0.225765 0.387405 0.015679 0.283405
2 0 0.068671 0.163132 0.569880 0.078540 0.119777
2 0 0.049576 0.085045 0.488421 0.316156 0.060802
2 0 0.056942 0.109558 0.554641 0.214298 0.064561
2 0 0.150507 0.233519 0.358821 0.029023 0.228130
3 0 0.175247 0.104264 0.263257 0.312234 0.144998
3 0 0.102510 0.066034 0.273906 0.359865 0.197686
2 0 0.240020 0.133166 0.265046 0.159567 0.202202
2 0 0.101302 0.155389 0.376600 0.074044 0.292665
2 0 0.128843 0.155299 0.454238 0.151355 0.110264
4 0 0.157689 0.131188 0.226905 0.092523 0.391694
3 0 0.194276 0.068981 0.184507 0.473376 0.078859
2 0 0.167269 0.125530 0.297444 0.213121 0.196635
2 0 0.049730 0.176179 0.566671 0.041869 0.165551
2 0 0.136361 0.140008 0.381335 0.115383 0.226913
4 0 0.155682 0.087985 0.159913 0.096618 0.499802
3 0 0.086363 0.030250 0.125105 0.717449 0.040833
3 0 0.058255 0.019668 0.094030 0.781450 0.046598
2 0 0.048990 0.167046 0.655691 0.047472 0.080800
4 0 0.296585 0.168023 0.184874 0.043791 0.306727
3 0 0.232841 0.114124 0.250038 0.313253 0.089745
4 0 0.167290 0.191660 0.267713 0.045582 0.327754
2 0 0.097766 0.092508 0.302744 0.291322 0.215660
3 0 0.223814 0.076871 0.197209 0.274638 0.227468
2 0 0.095772 0.125967 0.498197 0.195360 0.084705
4 0 0.312561 0.112644 0.136923 0.061325 0.376547
0 0 0.617864 0.070982 0.081516 0.112354 0.117283
0 0 0.366904 0.172306 0.222940 0.086734 0.151116
3 0 0.117141 0.028636 0.104667 0.694136 0.055420
0 0 0.407410 0.073139 0.105276 0.130586 0.283590
0 0 0.499324 0.079130 0.112903 0.175837 0.132805
3 0 0.290315 0.076063 0.164251 0.384737 0.084635
3 0 0.094736 0.044764 0.165481 0.641368 0.053650
0 0 0.422732 0.074431 0.088169 0.072990 0.341679
4 0 0.103784 0.090142 0.059371 0.002768 0.743935
3 0 0.224090 0.069341 0.176039 0.369839 0.160691
2 0 0.093377 0.185646 0.379830 0.058713 0.282434
2 0 0.127468 0.236849 0.363148 0.024799 0.247736
2 1 0.049159 0.189643 0.515249 0.029943 0.216006
2 1 0.088909 0.239953 0.462678 0.023165 0.185295
2 1 0.107838 0.178072 0.386964 0.032218 0.294907
2 1 0.108358 0.138840 0.353478 0.076752 0.322573
2 1 0.061858 0.145391 0.597479 0.102642 0.092631
2 1 0.182543 0.193330 0.322101 0.061078 0.240948
2 1 0.160815 0.177510 0.390579 0.122753 0.148342
2 1 0.146105 0.145896 0.481421 0.176400 0.050178
2 1 0.150986 0.160834 0.345491 0.145235 0.197453
0 1 0.289944 0.151215 0.239440 0.132778 0.186622
2 1 0.160687 0.120719 0.424868 0.236399 0.057327
3 2 0.298065 0.083968 0.175886 0.338117 0.103964
3 2 0.143593 0.083197 0.293014 0.435854 0.044342
0 2 0.276070 0.120173 0.223815 0.221475 0.158466
3 1 0.202977 0.074629 0.206178 0.455597 0.060620
2 1 0.181782 0.110394 0.348788 0.262739 0.096298
2 0 0.189029 0.131713 0.357401 0.240951 0.080906
2 0 0.269161 0.171968 0.321110 0.153102 0.084658
3 0 0.061862 0.038672 0.202718 0.661457 0.035291
2 0 0.175246 0.165311 0.367652 0.166487 0.125304
3 1 0.163912 0.065235 0.185145 0.465245 0.120464
3 1 0.055127 0.049249 0.336221 0.533116 0.026288
3 1 0.150260 0.099489 0.288436 0.340294 0.121522
0 1 0.303554 0.168171 0.203468 0.060863 0.263944
2 2 0.200735 0.110501 0.398920 0.257445 0.032398
3 2 0.074817 0.038328 0.195486 0.660237 0.031133
0 2 0.298691 0.138276 0.237151 0.166086 0.159797
2 2 0.199580 0.182259 0.350430 0.122285 0.145446
2 2 0.221262 0.149178 0.372697 0.194938 0.061924
3 2 0.121404 0.057776 0.210038 0.568911 0.041871
2 2 0.224643 0.195185 0.373783 0.077571 0.128818
2 2 0.211469 0.126024 0.319557 0.212255 0.130695
2 2 0.159370 0.108585 0.384786 0.310573 0.036685
2 2 0.288450 0.188559 0.300824 0.093191 0.128976
2 2 0.255479 0.130425 0.364632 0.194334 0.055130
2 2 0.117614 0.143936 0.433949 0.190138 0.114363
2 2 0.145042 0.170073 0.471149 0.121431 0.092305
3 2 0.171521 0.092978 0.258923 0.395941 0.080636
3 2 0.084382 0.060723 0.282354 0.531272 0.041270
2 2 0.144534 0.203712 0.397367 0.070512 0.183875
2 2 0.063240 0.097032 0.469614 0.253940 0.116173
2 2 0.131892 0.149465 0.471531 0.178843 0.068269
4 2 0.128896 0.117411 0.268178 0.180206 0.305309
0 2 0.286262 0.149320 0.256013 0.110431 0.197973
4 2 0.162370 0.194205 0.251637 0.033574 0.358214
2 2 0.240071 0.236031 0.270531 0.032790 0.220577
2 2 0.269679 0.177417 0.313709 0.116417 0.122779
2 2 0.152630 0.179677 0.473030 0.117395 0.077268
0 2 0.334832 0.149898 0.179429 0.068744 0.267098
2 2 0.212665 0.139945 0.352456 0.142470 0.152464
2 2 0.182034 0.171156 0.400320 0.086082 0.160408
2 2 0.128993 0.156666 0.527476 0.115236 0.071630
4 3 0.223270 0.203107 0.262807 0.041687 0.269128
0 3 0.299139 0.158343 0.202432 0.064580 0.275506
3 3 0.073856 0.054980 0.271702 0.559207 0.040255
0 3 0.334760 0.181029 0.217777 0.060164 0.206270
2 2 0.172726 0.148183 0.414796 0.197587 0.066707
4 3 0.214240 0.139676 0.148604 0.023831 0.473648
2 3 0.130723 0.172838 0.371196 0.106860 0.218384
2 3 0.126619 0.165685 0.462685 0.137726 0.107286
3 3 0.012226 0.013505 0.206143 0.762134 0.005993
2 3 0.147943 0.175698 0.497875 0.097788 0.080697
3 3 0.030661 0.034497 0.338816 0.582602 0.013423
4 3 0.177668 0.149506 0.267179 0.102621 0.303027
3 3 0.116753 0.068728 0.262393 0.449553 0.102573
3 3 0.069253 0.055186 0.277869 0.548802 0.048888
3 3 0.046531 0.026813 0.155950 0.738337 0.032369
2 3 0.180335 0.169379 0.316818 0.122189 0.211279
3 3 0.222793 0.113719 0.246728 0.306454 0.110306
3 3 0.171860 0.110108 0.323404 0.331612 0.063016
2 3 0.207331 0.135634 0.286546 0.226092 0.144398
2 3 0.234504 0.126304 0.321320 0.230646 0.087227
0 3 0.352347 0.166756 0.262406 0.073425 0.145065
0 3 0.312768 0.132747 0.198871 0.116083 0.239530
2 3 0.214269 0.267427 0.311972 0.031481 0.174851
3 3 0.074503 0.063340 0.298726 0.510691 0.052740
3 3 0.136156 0.065183 0.209218 0.530098 0.059345
3 3 0.151035 0.066836 0.203885 0.514922 0.063322
0 3 0.339044 0.167912 0.234270 0.097851 0.160923
3 3 0.227602 0.075699 0.185820 0.383370 0.127509
4 3 0.255720 0.109703 0.180803 0.129310 0.324463
0 3 0.308556 0.136361 0.237206 0.187949 0.129929
0 3 0.341197 0.181396 0.198814 0.046936 0.231657
3 3 0.218059 0.069468 0.201808 0.438604 0.072061
0 3 0.323661 0.138252 0.216086 0.158722 0.163279
2 3 0.090187 0.173147 0.489204 0.085068 0.162394
2 3 0.235456 0.140300 0.274097 0.098658 0.251489
2 3 0.134310 0.102418 0.353905 0.347364 0.062002
0 3 0.360391 0.162814 0.202889 0.080389 0.193517
3 3 0.192267 0.105172 0.302485 0.331404 0.068672
3 3 0.082724 0.059351 0.294515 0.527465 0.035945
3 3 0.052169 0.043396 0.265148 0.565028 0.074258
3 3 0.090865 0.068640 0.372767 0.446459 0.021268
3 3 0.254743 0.060158 0.144965 0.456374 0.083760
3 3 0.105425 0.057937 0.244539 0.557590 0.034509
3 3 0.027029 0.021867 0.177193 0.753564 0.020346
0 3 0.323428 0.172206 0.240573 0.094564 0.169228
3 3 0.036090 0.018790 0.150964 0.771295 0.022862
3 3 0.056566 0.063684 0.312082 0.462785 0.104884
2 3 0.051536 0.062267 0.495384 0.376808 0.014004
4 3 0.140257 0.100566 0.248799 0.250044 0.260334
4 3 0.250207 0.131664 0.223488 0.135111 0.259530
2 3 0.181216 0.163776 0.285079 0.112801 0.257127
0 3 0.281471 0.152545 0.241711 0.113785 0.210487
0 3 0.394839 0.113524 0.182008 0.219519 0.090110
0 3 0.292061 0.126396 0.237182 0.184886 0.159474
3 3 0.039437 0.046716 0.384982 0.507324 0.021542
2 3 0.242670 0.126129 0.318621 0.265698 0.046882
0 3 0.290378 0.154816 0.274324 0.163320 0.117162
4 3 0.266149 0.175932 0.209762 0.044398 0.303759
4 3 0.288395 0.131132 0.138058 0.030620 0.411795
0 3 0.246202 0.113297 0.237715 0.230612 0.172174
2 3 0.250984 0.149590 0.252322 0.126614 0.220490
2 3 0.220479 0.160064 0.403137 0.138367 0.077953
2 3 0.151817 0.130807 0.404203 0.248019 0.065154
3 3 0.276264 0.103942 0.213007 0.335016 0.071771
3 3 0.236742 0.061486 0.157877 0.407445 0.136449
3 3 0.148102 0.060485 0.192551 0.547540 0.051321
2 3 0.189101 0.148104 0.360645 0.212428 0.089723
3 3 0.109484 0.060258 0.212561 0.522555 0.095143
2 3 0.224255 0.166872 0.362514 0.073215 0.173144
2 3 0.109095 0.216031 0.575468 0.039056 0.060349
2 3 0.249671 0.113256 0.289319 0.265517 0.082236
3 3 0.045281 0.022832 0.118064 0.778023 0.035800
3 3 0.091213 0.063573 0.226625 0.505449 0.113139
3 3 0.201916 0.107748 0.253433 0.338657 0.098246
2 3 0.124954 0.181581 0.412655 0.085907 0.194903
3 3 0.247457 0.095809 0.199596 0.271730 0.185408
3 3 0.146566 0.089120 0.284412 0.330530 0.149373
0 3 0.283005 0.160525 0.223847 0.052657 0.279967
2 3 0.144766 0.156428 0.434960 0.154655 0.109192
2 3 0.248236 0.231690 0.338538 0.035773 0.145762
3 3 0.057600 0.044829 0.257371 0.601907 0.038292
2 3 0.255017 0.192660 0.358107 0.106962 0.087254
4 3 0.239450 0.122976 0.173601 0.069597 0.394375
2 3 0.135554 0.120300 0.358728 0.265582 0.119836
3 3 0.048671 0.051865 0.368989 0.506499 0.023976
2 3 0.149898 0.186209 0.452961 0.105958 0.104974
2 3 0.181324 0.146007 0.378907 0.171320 0.122442
2 3 0.088974 0.074772 0.402135 0.396981 0.037138
3 3 0.153586 0.107141 0.267404 0.292034 0.179836
3 3 0.208458 0.114367 0.263426 0.304982 0.108767
3 3 0.146471 0.077485 0.225147 0.461004 0.089893
2 3 0.193581 0.219419 0.290222 0.044396 0.252382
2 3 0.163799 0.252665 0.374248 0.031363 0.177925
3 3 0.049173 0.048232 0.324954 0.547506 0.030135
3 3 0.033972 0.029088 0.265442 0.660039 0.011460
3 3 0.191006 0.077222 0.230173 0.424085 0.077514
2 3 0.134315 0.095074 0.373655 0.342507 0.054449
3 3 0.012508 0.006989 0.066257 0.904594 0.009652
3 3 0.069451 0.050171 0.260738 0.583036 0.036605
3 3 0.068083 0.046208 0.272441 0.591954 0.021314
3 3 0.034987 0.015343 0.088220 0.825242 0.036207
3 3 0.040278 0.025705 0.135708 0.742517 0.055792
0 0 0.383777 0.077956 0.140534 0.247460 0.150272
0 0 0.539206 0.082092 0.066703 0.030757 0.281241
0 0 0.702842 0.054247 0.044436 0.042008 0.156466
0 1 0.464702 0.154928 0.119010 0.017846 0.243513
0 1 0.311798 0.175583 0.185925 0.033801 0.292892
4 2 0.230067 0.180647 0.196129 0.027296 0.365861
0 2 0.310942 0.136218 0.179644 0.071841 0.301354
0 2 0.310028 0.158574 0.275326 0.145347 0.110725
4 2 0.116146 0.095902 0.246666 0.225234 0.316052
2 2 0.229057 0.149761 0.376776 0.194011 0.050396
2 2 0.109466 0.108126 0.426547 0.277406 0.078455
0 2 0.408329 0.159190 0.147726 0.029656 0.255099
0 2 0.293894 0.173721 0.235712 0.076876 0.219795
3 2 0.162074 0.101715 0.341458 0.348709 0.046043
2 0 0.067164 0.064111 0.450375 0.404603 0.013746
3 1 0.086739 0.031717 0.126988 0.684202 0.070354
3 2 0.079907 0.067644 0.276949 0.410027 0.165473
2 2 0.117204 0.172502 0.500208 0.094773 0.115313
2 2 0.226308 0.232096 0.287682 0.030005 0.223909
4 2 0.140824 0.175745 0.300723 0.059556 0.323152
2 2 0.123126 0.153293 0.468120 0.142642 0.112820
2 1 0.091287 0.178884 0.456888 0.074091 0.198850
2 1 0.121631 0.206585 0.518786 0.049887 0.103111
2 1 0.130352 0.156877 0.363282 0.096988 0.252501
4 2 0.192785 0.192765 0.265463 0.038255 0.310732
2 2 0.038515 0.118262 0.688956 0.100785 0.053483
2 2 0.072397 0.205758 0.414162 0.026358 0.281325
2 2 0.059501 0.109804 0.518702 0.226935 0.085058
2 2 0.047828 0.118097 0.665052 0.122986 0.046037
2 2 0.110766 0.192154 0.577124 0.061585 0.058370
0 2 0.338850 0.183972 0.247594 0.088702 0.140881
0 2 0.260152 0.216929 0.246583 0.038834 0.237502
2 2 0.115636 0.204854 0.553450 0.049921 0.076138
2 2 0.148338 0.190102 0.453312 0.088052 0.120197
2 2 0.193287 0.190365 0.424753 0.110904 0.080692
2 2 0.079383 0.120600 0.483119 0.209218 0.107680
2 2 0.088553 0.208085 0.641449 0.030782 0.031131
3 2 0.098631 0.071425 0.323660 0.469566 0.036718
2 2 0.119526 0.210969 0.583771 0.044984 0.040750
2 2 0.058437 0.166889 0.500424 0.063524 0.210726
4 2 0.115066 0.252950 0.262863 0.011070 0.358052
4 2 0.199191 0.198761 0.254857 0.044489 0.302702
2 2 0.094249 0.113602 0.496879 0.240424 0.054847
2 2 0.102263 0.118071 0.467113 0.228986 0.083568
2 2 0.141175 0.134163 0.431500 0.229461 0.063700
2 2 0.192392 0.159554 0.389368 0.135459 0.123227
0 2 0.281771 0.195392 0.259512 0.062060 0.201265
3 2 0.225176 0.093027 0.256491 0.332558 0.092748
2 2 0.084766 0.117929 0.421260 0.253829 0.122216
4 2 0.062865 0.175809 0.318700 0.019178 0.423448
2 2 0.078794 0.146154 0.458162 0.128831 0.188059
4 2 0.105486 0.145058 0.243354 0.040781 0.465321
2 2 0.063619 0.126860 0.549630 0.156011 0.103880
0 2 0.341264 0.116530 0.212111 0.254551 0.075545
0 2 0.393092 0.188893 0.166412 0.023640 0.227964
3 2 0.122119 0.070765 0.284988 0.486645 0.035483
0 2 0.321375 0.137219 0.232852 0.187061 0.121493
3 2 0.143703 0.059097 0.180221 0.564013 0.052965
3 2 0.290185 0.093591 0.193675 0.298280 0.124269
0 2 0.378279 0.141975 0.210205 0.153700 0.115841
0 2 0.397431 0.092502 0.157409 0.257565 0.095093
3 2 0.060852 0.042439 0.251206 0.621101 0.024403
2 2 0.263599 0.186073 0.287093 0.064491 0.198745
2 2 0.166663 0.155540 0.364937 0.188839 0.124021
2 2 0.086129 0.181988 0.555566 0.075179 0.101138
2 2 0.113751 0.120583 0.463857 0.226891 0.074919
2 2 0.037862 0.050450 0.461392 0.434558 0.015737
2 2 0.121753 0.118477 0.444839 0.258517 0.056414
2 2 0.270201 0.160556 0.272523 0.113130 0.183590
2 2 0.144376 0.106504 0.349472 0.236858 0.162789
0 2 0.317357 0.111897 0.162795 0.108988 0.298964
4 2 0.132807 0.169917 0.281120 0.063750 0.352405
2 2 0.146996 0.134281 0.296641 0.158229 0.263853
3 2 0.060107 0.062769 0.370867 0.464840 0.041417
2 2 0.094530 0.094496 0.366294 0.345942 0.098738
0 0 0.324091 0.108451 0.183373 0.190433 0.193653
0 1 0.259728 0.115040 0.206381 0.173780 0.245072
3 1 0.063168 0.058512 0.295559 0.477879 0.104882
2 1 0.073239 0.081696 0.396382 0.381942 0.066741
2 2 0.089269 0.145295 0.548416 0.137710 0.079311
2 2 0.084924 0.188827 0.621798 0.054364 0.050086
2 2 0.144247 0.145782 0.457213 0.182026 0.070732
2 2 0.033674 0.045558 0.465325 0.438219 0.017225
2 2 0.253859 0.146931 0.297383 0.162115 0.139712
0 2 0.427871 0.151351 0.155030 0.047799 0.217948
3 0 0.059539 0.046544 0.316414 0.560570 0.016932
0 0 0.304179 0.127206 0.229998 0.252730 0.085888
0 0 0.630081 0.082320 0.063605 0.026796 0.197198
2 1 0.161439 0.129036 0.364503 0.210418 0.134604
4 2 0.131943 0.152924 0.233961 0.041978 0.439193
2 2 0.161136 0.120928 0.390201 0.277218 0.050517
4 2 0.208830 0.192630 0.216620 0.027616 0.354305
3 2 0.073819 0.060973 0.268317 0.523202 0.073690
2 2 0.133428 0.109705 0.388434 0.313680 0.054753
3 2 0.031307 0.028755 0.275150 0.653136 0.011652
2 2 0.201750 0.206033 0.408999 0.091855 0.091363
2 2 0.186683 0.120036 0.317783 0.293127 0.082372
4 2 0.257203 0.154665 0.161615 0.026962 0.399554
2 2 0.137067 0.110660 0.414293 0.288908 0.049071
2 2 0.142896 0.157193 0.312412 0.116935 0.270563
2 2 0.132054 0.178328 0.452117 0.113991 0.123510
2 2 0.069807 0.131482 0.552141 0.144447 0.102122
2 2 0.118628 0.168346 0.410286 0.101608 0.201131
2 2 0.121557 0.174791 0.483492 0.093493 0.126666
3 2 0.044548 0.035562 0.277807 0.627784 0.014299
2 2 0.170220 0.146249 0.371790 0.192635 0.119105
0 1 0.304882 0.142071 0.190784 0.087862 0.274400
2 1 0.183406 0.150270 0.373802 0.204933 0.087590
2 1 0.277889 0.195306 0.302055 0.108497 0.116253
3 2 0.188273 0.094087 0.241858 0.387837 0.087944
0 1 0.334222 0.147319 0.237822 0.180566 0.100072
3 2 0.209510 0.089212 0.217894 0.335413 0.147971
2 2 0.179927 0.171858 0.416897 0.137455 0.093863
0 2 0.306523 0.096360 0.185338 0.253306 0.158474
3 2 0.024430 0.011137 0.072052 0.874716 0.017665
2 2 0.229055 0.150007 0.406871 0.167768 0.046299
3 2 0.085277 0.057880 0.308773 0.524454 0.023615
3 2 0.241437 0.113006 0.238443 0.310627 0.096487
2 2 0.309189 0.181329 0.309843 0.057729 0.141910
2 2 0.196643 0.185902 0.376384 0.071903 0.169168
3 0 0.036496 0.042102 0.383944 0.523219 0.014239
2 2 0.221701 0.136922 0.288675 0.232912 0.119790
2 2 0.246098 0.227050 0.282167 0.024448 0.220237
4 2 0.172554 0.196250 0.248922 0.033637 0.348637
2 2 0.076129 0.093427 0.447589 0.313255 0.069601
2 2 0.156912 0.142080 0.317370 0.190862 0.192775
2 0 0.157770 0.152102 0.345101 0.114459 0.230567
0 0 0.387413 0.081191 0.145521 0.286730 0.099144
2 1 0.137410 0.179550 0.413257 0.121087 0.148696
4 1 0.074697 0.149507 0.270232 0.023619 0.481944
4 1 0.094760 0.156101 0.155510 0.006353 0.587276
4 2 0.104201 0.158876 0.287966 0.022845 0.426113
2 2 0.108530 0.179183 0.457074 0.089563 0.165651
2 2 0.049888 0.094525 0.506448 0.251304 0.097835
2 2 0.181615 0.149646 0.343878 0.121462 0.203399
2 2 0.134247 0.169214 0.404002 0.104990 0.187547
0 2 0.377050 0.158911 0.170411 0.045451 0.248177
0 2 0.307663 0.146673 0.251018 0.203191 0.091455
3 2 0.067174 0.017145 0.078672 0.797600 0.039409
0 2 0.404213 0.087805 0.149688 0.260169 0.098125
0 2 0.450100 0.160477 0.153785 0.038060 0.197578
2 0 0.142396 0.262772 0.345068 0.018192 0.231571
0 0 0.391052 0.105931 0.090061 0.025431 0.387526
2 0 0.130321 0.110038 0.345388 0.289033 0.125220
2 0 0.067003 0.270725 0.381201 0.006263 0.274808
2 0 0.177202 0.163032 0.385368 0.132650 0.141748
2 0 0.158090 0.118902 0.306424 0.205943 0.210640
4 0 0.099148 0.185564 0.328753 0.038982 0.347553
4 0 0.050892 0.250205 0.343084 0.005125 0.350694
4 0 0.204690 0.120161 0.089157 0.006920 0.579071
4 0 0.217779 0.125904 0.173261 0.062515 0.420542
3 0 0.060115 0.033995 0.149128 0.537783 0.218980
3 0 0.057191 0.024960 0.117018 0.757860 0.042971
0 0 0.296619 0.148823 0.204820 0.076156 0.273583
0 0 0.349646 0.106795 0.143513 0.080557 0.319490
0 0 0.370050 0.056635 0.112571 0.350326 0.110418
0 0 0.331592 0.114680 0.164751 0.113587 0.275389
3 0 0.285621 0.060317 0.137380 0.425659 0.091024
3 0 0.151874 0.062209 0.184258 0.547125 0.054534
4 0 0.251932 0.235944 0.161113 0.005722 0.345288
2 0 0.118135 0.177626 0.444903 0.082173 0.177163
2 0 0.235270 0.182505 0.414963 0.053637 0.113626
2 0 0.115273 0.178416 0.492260 0.110885 0.103166
2 0 0.119815 0.194101 0.394707 0.064539 0.226838
2 0 0.141785 0.167968 0.429398 0.135245 0.125604
2 0 0.272854 0.206534 0.355467 0.059915 0.105230
3 0 0.199605 0.102213 0.295482 0.356439 0.046263
3 0 0.044140 0.021343 0.124743 0.786924 0.022851
0 0 0.278214 0.157493 0.275227 0.183515 0.105551
2 0 0.208009 0.134358 0.326736 0.253154 0.077743
2 0 0.216270 0.160517 0.438095 0.092131 0.092986
2 0 0.176018 0.173286 0.327579 0.080978 0.242139
2 0 0.090040 0.106194 0.429720 0.300525 0.073521
2 0 0.047748 0.069479 0.455786 0.376226 0.050761
2 0 0.044767 0.166239 0.593700 0.047420 0.147874
2 0 0.081892 0.262119 0.402286 0.011981 0.241722
2 0 0.103274 0.221810 0.438464 0.034935 0.201516
2 0 0.102069 0.154593 0.520672 0.145288 0.077378
2 0 0.137615 0.198326 0.368078 0.067630 0.228351
2 0 0.221861 0.147642 0.290088 0.188314 0.152096
2 0 0.245477 0.110522 0.288028 0.265916 0.090057
2 0 0.201721 0.238255 0.404336 0.055062 0.100626
2 0 0.057233 0.161934 0.673708 0.054065 0.053061
2 0 0.072103 0.119492 0.624988 0.141360 0.042057
2 0 0.128958 0.135148 0.532403 0.167652 0.035838
2 0 0.263207 0.207736 0.311520 0.088842 0.128695
2 0 0.133470 0.136291 0.494750 0.195280 0.040210
3 0 0.084289 0.067714 0.400603 0.420759 0.026636
0 0 0.280585 0.134248 0.244504 0.232450 0.108213
3 0 0.284523 0.058697 0.134586 0.430565 0.091628
3 0 0.190548 0.050190 0.141255 0.547169 0.070838
2 0 0.091831 0.132639 0.529432 0.185241 0.060857
2 0 0.084371 0.126401 0.365415 0.154800 0.269014
3 0 0.135554 0.078757 0.243943 0.411456 0.130291
4 0 0.123638 0.197249 0.280312 0.033487 0.365313
2 0 0.049781 0.102242 0.610337 0.183459 0.054181
2 0 0.172178 0.164471 0.403819 0.163173 0.096358
4 0 0.129921 0.254199 0.264061 0.011007 0.340811
2 0 0.230751 0.181458 0.260494 0.086251 0.241047
0 0 0.631205 0.074200 0.080328 0.095222 0.119045
3 0 0.259749 0.082864 0.185574 0.396310 0.075504
2 0 0.050564 0.088275 0.588142 0.242047 0.030973
0 0 0.412157 0.101892 0.112451 0.060106 0.313394
2 0 0.125111 0.163010 0.334309 0.061659 0.315911
2 0 0.092369 0.249691 0.363314 0.010738 0.283888
2 0 0.192556 0.122625 0.358052 0.273977 0.052791
2 0 0.078154 0.125149 0.380689 0.138835 0.277173
3 0 0.151093 0.097466 0.298625 0.333530 0.119286
3 0 0.113287 0.075743 0.236965 0.415695 0.158309
2 0 0.172865 0.120116 0.330676 0.283077 0.093267
2 0 0.282767 0.138112 0.295451 0.219995 0.063676
2 0 0.203874 0.162190 0.327449 0.160825 0.145661
2 0 0.130763 0.109162 0.290834 0.289300 0.179941
2 0 0.202916 0.144128 0.383232 0.213879 0.055845
0 0 0.359472 0.142796 0.218519 0.133804 0.145409
2 0 0.175441 0.161546 0.482232 0.142781 0.038000
3 0 0.120180 0.090529 0.300234 0.387688 0.101369
3 0 0.035666 0.042848 0.435646 0.472329 0.013511
0 0 0.359371 0.165408 0.249588 0.108390 0.117242
3 0 0.056173 0.024494 0.114532 0.774436 0.030365
3 0 0.099888 0.049746 0.204187 0.609990 0.036189
3 0 0.054695 0.045061 0.294505 0.580434 0.025305
3 0 0.069032 0.047482 0.280466 0.581887 0.021133
0 0 0.453521 0.118856 0.133007 0.075271 0.219345
3 0 0.244150 0.096148 0.213709 0.378213 0.067782
3 0 0.126207 0.070972 0.248320 0.482659 0.071842
0 0 0.317046 0.122802 0.240556 0.239518 0.080077
0 0 0.384928 0.188384 0.192426 0.039382 0.194878
0 0 0.325922 0.096076 0.183998 0.310775 0.083229
0 0 0.403677 0.083124 0.140025 0.236940 0.136234
3 0 0.109768 0.051143 0.212067 0.589566 0.037457
2 0 0.138061 0.224357 0.421088 0.034084 0.182410
2 0 0.065190 0.159411 0.589282 0.081834 0.104283
2 0 0.052495 0.124736 0.586474 0.141336 0.094959
2 0 0.129415 0.194427 0.323049 0.039350 0.313759
2 0 0.094588 0.213896 0.403813 0.035565 0.252137
4 0 0.061804 0.175343 0.284054 0.021272 0.457527
2 0 0.046003 0.173548 0.520561 0.035707 0.224181
2 0 0.080301 0.165823 0.483059 0.085453 0.185364
2 0 0.066672 0.118212 0.439737 0.167195 0.208184
2 1 0.049563 0.088701 0.496997 0.271189 0.093550
2 1 0.112412 0.192262 0.500488 0.078772 0.116065
0 1 0.310005 0.198210 0.300115 0.069498 0.122172
2 1 0.201009 0.156816 0.367768 0.152775 0.121631
2 1 0.168880 0.152003 0.410005 0.190577 0.078535
2 0 0.242112 0.156544 0.334938 0.178960 0.087447
0 0 0.508091 0.098659 0.103464 0.064818 0.224968
0 0 0.338182 0.118550 0.206888 0.214928 0.121452
3 0 0.080841 0.019935 0.084976 0.769650 0.044598
0 0 0.737203 0.049175 0.030704 0.016400 0.166519
3 1 0.203041 0.083319 0.251869 0.409783 0.051987
2 1 0.160653 0.147204 0.399802 0.201747 0.090594
3 0 0.127763 0.050389 0.177881 0.541358 0.102610
3 0 0.087734 0.066301 0.275738 0.503409 0.066818
0 0 0.349648 0.106556 0.165517 0.142584 0.235695
2 0 0.179847 0.234150 0.366502 0.044585 0.174916
3 0 0.047287 0.054159 0.372586 0.490911 0.035057
3 0 0.043781 0.033939 0.228624 0.665633 0.028023
3 0 0.115200 0.078246 0.237160 0.346812 0.222583
2 0 0.171598 0.101939 0.296635 0.293264 0.136564
2 0 0.180659 0.191160 0.474359 0.069451 0.084372
3 0 0.159440 0.110224 0.289181 0.327158 0.113997
2 0 0.178338 0.141914 0.383007 0.180777 0.115964
2 0 0.181414 0.252639 0.349001 0.033682 0.183263
2 0 0.218916 0.218334 0.361763 0.071592 0.129395
3 0 0.106577 0.076492 0.319720 0.448502 0.048710
3 0 0.059446 0.060907 0.394577 0.457130 0.027940
0 0 0.368958 0.121505 0.144613 0.065912 0.299013
2 0 0.159729 0.172699 0.472048 0.129930 0.065594
2 0 0.201714 0.160005 0.364513 0.142958 0.130810
3 0 0.032663 0.026279 0.170156 0.701053 0.069849
3 0 0.156386 0.032445 0.104495 0.637870 0.068804
4 0 0.184850 0.165558 0.261752 0.072570 0.315270
2 0 0.089044 0.196636 0.599155 0.054346 0.060819
2 0 0.125824 0.196248 0.436618 0.067401 0.173909
3 0 0.053754 0.063828 0.373645 0.452958 0.055815
2 0 0.090045 0.138529 0.440274 0.152601 0.178551
2 0 0.188229 0.221997 0.353769 0.049035 0.186969
2 0 0.154772 0.173670 0.393072 0.130426 0.148060
2 0 0.150352 0.193065 0.514489 0.085090 0.057004
2 0 0.096684 0.235680 0.532922 0.025933 0.108781
2 0 0.066144 0.101764 0.387615 0.248550 0.195927
2 0 0.071047 0.135872 0.462733 0.100263 0.230085
2 0 0.124755 0.210852 0.381551 0.029891 0.252950
2 0 0.057436 0.103763 0.519383 0.237102 0.082317
2 1 0.095132 0.158423 0.482829 0.067045 0.196570
2 1 0.096840 0.165431 0.471842 0.105630 0.160256
2 1 0.179758 0.125523 0.295571 0.146698 0.252451
2 0 0.132323 0.121147 0.416281 0.269902 0.060346
3 0 0.127512 0.090740 0.353584 0.376224 0.051941
0 0 0.294785 0.134653 0.252871 0.236668 0.081023
2 1 0.274198 0.189797 0.282582 0.062593 0.190830
2 1 0.180760 0.116366 0.354489 0.245907 0.102477
3 0 0.081686 0.068317 0.344514 0.448242 0.057239
2 0 0.072868 0.107021 0.600804 0.196006 0.023301
3 0 0.091438 0.068378 0.301190 0.481252 0.057742
2 0 0.106197 0.183291 0.517265 0.084138 0.109108
2 0 0.082199 0.203662 0.595003 0.046205 0.072931
0 0 0.277959 0.135597 0.217447 0.117658 0.251338
4 0 0.145632 0.074040 0.153314 0.131282 0.495732
3 4 0.115721 0.053024 0.221434 0.560811 0.049011
4 4 0.251282 0.191590 0.202734 0.028528 0.325867
2 4 0.120075 0.207686 0.454744 0.049806 0.167689
2 4 0.231113 0.153317 0.283494 0.160632 0.171443
2 4 0.180891 0.158165 0.426678 0.112896 0.121371
3 4 0.065688 0.050040 0.296308 0.563384 0.024581
2 4 0.174761 0.135823 0.409271 0.203056 0.077089
2 4 0.201574 0.127239 0.390896 0.246170 0.034121
2 4 0.250662 0.163329 0.347635 0.170525 0.067850
3 4 0.117725 0.066930 0.283928 0.498690 0.032727
2 1 0.253107 0.137239 0.354748 0.207615 0.047291
2 0 0.108278 0.125088 0.563591 0.179097 0.023946
3 0 0.163832 0.109956 0.300031 0.331772 0.094409
3 4 0.185112 0.077934 0.209830 0.393644 0.133480
2 4 0.075714 0.171512 0.551096 0.075877 0.125801
2 4 0.096064 0.148203 0.478026 0.135263 0.142444
2 4 0.107158 0.197721 0.346193 0.046273 0.302655
4 4 0.178535 0.134651 0.207422 0.062092 0.417299
4 4 0.157507 0.093105 0.215108 0.211731 0.322548
4 4 0.161002 0.243818 0.276549 0.020375 0.298256
2 4 0.074198 0.111083 0.500441 0.241513 0.072764
2 4 0.190635 0.162161 0.292539 0.100484 0.254181
2 4 0.090877 0.159195 0.503004 0.117176 0.129748
2 4 0.092937 0.142427 0.510447 0.137777 0.116412
2 4 0.140207 0.177718 0.359647 0.110701 0.211727
2 4 0.075722 0.116763 0.401114 0.173772 0.232629
4 0 0.202529 0.098896 0.175784 0.109944 0.412848
2 1 0.070950 0.140131 0.545370 0.065435 0.178115
2 1 0.224276 0.158810 0.281282 0.154844 0.180787
2 0 0.248802 0.210034 0.277441 0.056714 0.207010
0 0 0.411972 0.112273 0.101768 0.033469 0.340517
4 0 0.176840 0.182163 0.277562 0.059352 0.304083
4 0 0.144123 0.194792 0.290865 0.030380 0.339841
0 0 0.279932 0.112065 0.191967 0.155430 0.260606
3 0 0.298790 0.068956 0.149716 0.392083 0.090456
0 0 0.559077 0.067287 0.095761 0.161370 0.116505
3 0 0.098043 0.042566 0.156412 0.658610 0.044370
2 0 0.081677 0.164690 0.572135 0.082751 0.098747
2 0 0.097716 0.167932 0.494464 0.098991 0.140897
3 0 0.260590 0.097247 0.203064 0.301550 0.137548
3 0 0.218716 0.082856 0.190958 0.319257 0.188214
3 0 0.089975 0.062199 0.300416 0.513738 0.033672
3 0 0.106220 0.080904 0.310472 0.399625 0.102779
3 0 0.265942 0.065497 0.171007 0.394220 0.103334
2 0 0.049091 0.093692 0.651322 0.185953 0.019941
3 0 0.254653 0.029667 0.078066 0.498926 0.138689
3 0 0.184167 0.063011 0.164540 0.369859 0.218423
0 0 0.355262 0.095374 0.173658 0.287595 0.088111
3 0 0.081368 0.031827 0.128600 0.718977 0.039229
0 0 0.362232 0.092662 0.166361 0.235576 0.143169
4 0 0.355191 0.073313 0.076404 0.039748 0.455345
2 0 0.103579 0.116539 0.543927 0.189480 0.046475
2 1 0.193637 0.163608 0.390053 0.125126 0.127576
3 1 0.099608 0.060812 0.270726 0.456897 0.111957
2 1 0.076486 0.168483 0.573029 0.083895 0.098107
2 1 0.065054 0.153685 0.549473 0.095875 0.135912
2 1 0.080648 0.126585 0.553221 0.179550 0.059996
