2 0 0.243712 0.178570 0.336575 0.149683 0.091460
2 0 0.219888 0.168681 0.270957 0.136306 0.204169
0 0 0.553842 0.113210 0.155989 0.121332 0.055627
2 0 0.300258 0.215195 0.334585 0.050124 0.099837
0 0 0.388511 0.132676 0.087769 0.012105 0.378939
3 0 0.126525 0.056049 0.192915 0.575851 0.048660
0 0 0.311344 0.174090 0.195356 0.038976 0.280233
0 0 0.624085 0.097218 0.096791 0.084572 0.097334
0 0 0.422722 0.123677 0.169340 0.181198 0.103063
0 0 0.772675 0.069806 0.058600 0.055812 0.043107
0 0 0.550265 0.114551 0.116245 0.090981 0.127957
3 0 0.165172 0.048187 0.163292 0.590816 0.032533
4 0 0.338028 0.105659 0.075589 0.024621 0.456103
0 0 0.444082 0.165274 0.195725 0.069424 0.125496
0 0 0.509081 0.071678 0.122984 0.262505 0.033753
0 0 0.530011 0.105703 0.135595 0.165030 0.063661
3 0 0.029753 0.011804 0.092104 0.857651 0.008688
2 1 0.119981 0.236149 0.373768 0.024042 0.246061
2 1 0.019183 0.109943 0.728110 0.069871 0.072894
2 1 0.016379 0.098392 0.742475 0.083396 0.059357
2 1 0.030084 0.149188 0.674025 0.039758 0.106945
2 1 0.060096 0.186011 0.483907 0.026298 0.243688
2 4 0.024138 0.118541 0.693960 0.076880 0.086481
2 4 0.052025 0.131607 0.446982 0.068296 0.301089
2 4 0.105477 0.182155 0.436442 0.084298 0.191628
2 4 0.083869 0.186000 0.438650 0.023477 0.268005
2 4 0.058286 0.180768 0.541187 0.039620 0.180140
2 4 0.061017 0.186386 0.534671 0.039691 0.178235
2 4 0.020901 0.098710 0.707841 0.119207 0.053342
2 4 0.047718 0.100618 0.456147 0.247581 0.147937
2 4 0.026298 0.105888 0.629910 0.118299 0.119605
2 4 0.054996 0.216472 0.556493 0.018439 0.153600
2 4 0.066257 0.194419 0.428659 0.015216 0.295449
2 4 0.088920 0.202547 0.388711 0.016773 0.303049
2 4 0.062800 0.162021 0.423909 0.032983 0.318286
4 4 0.062987 0.180276 0.348002 0.013207 0.395528
0 4 0.411659 0.146633 0.128948 0.035178 0.277581
2 4 0.106972 0.177000 0.468736 0.073783 0.173509
2 4 0.041565 0.162076 0.586988 0.033483 0.175889
2 4 0.044044 0.189936 0.496580 0.011248 0.258193
2 4 0.070093 0.153256 0.459455 0.054637 0.262560
2 4 0.062603 0.176175 0.503270 0.042428 0.215523
2 4 0.077543 0.202799 0.472565 0.025097 0.221996
2 4 0.068166 0.202476 0.433864 0.016643 0.278850
2 4 0.024366 0.134194 0.698964 0.048341 0.094135
2 4 0.046658 0.185677 0.545451 0.020494 0.201721
2 4 0.037239 0.138180 0.609029 0.084673 0.130879
2 4 0.053036 0.201516 0.563470 0.027886 0.154092
0 4 0.296657 0.192439 0.236749 0.052770 0.221385
0 0 0.455790 0.090381 0.148764 0.252418 0.052647
0 0 0.777599 0.070378 0.054143 0.044145 0.053736
0 0 0.430692 0.119228 0.167895 0.195552 0.086633
4 0 0.235770 0.074909 0.040681 0.008057 0.640584
0 0 0.511525 0.113492 0.091810 0.046222 0.236952
3 0 0.203674 0.090116 0.217626 0.407012 0.081571
3 0 0.309522 0.055307 0.142864 0.463654 0.028653
0 0 0.692602 0.062888 0.079446 0.141520 0.023544
0 0 0.739574 0.068363 0.070470 0.095082 0.026512
0 0 0.449537 0.128879 0.172111 0.154348 0.095124
0 0 0.349560 0.141848 0.144873 0.063198 0.300521
0 0 0.607512 0.095914 0.054515 0.013921 0.228138
0 0 0.549816 0.110971 0.091264 0.050245 0.197704
2 0 0.148707 0.173799 0.482862 0.095809 0.098822
4 1 0.239415 0.197164 0.198898 0.018640 0.345883
2 1 0.070730 0.200580 0.475699 0.025489 0.227502
4 1 0.336170 0.127530 0.087691 0.013775 0.434833
4 1 0.342407 0.129865 0.089776 0.013441 0.424511
2 1 0.047483 0.196577 0.513742 0.017592 0.224606
2 1 0.051395 0.179582 0.512100 0.031258 0.225665
2 1 0.049472 0.211416 0.494740 0.010613 0.233760
2 1 0.059261 0.208663 0.449559 0.012811 0.269706
2 1 0.049931 0.169403 0.573620 0.046729 0.160316
2 1 0.029737 0.127499 0.636126 0.051593 0.155046
2 1 0.046950 0.215341 0.517012 0.011245 0.209452
2 1 0.056328 0.188359 0.499943 0.025360 0.230011
2 1 0.020070 0.105593 0.708598 0.084699 0.081040
2 1 0.054921 0.218824 0.456987 0.009682 0.259585
2 2 0.035811 0.180581 0.617242 0.018929 0.147437
2 2 0.021974 0.093240 0.677428 0.142163 0.065196
2 2 0.022859 0.134410 0.720333 0.045905 0.076493
2 2 0.028830 0.162702 0.706793 0.024721 0.076954
2 2 0.032179 0.149250 0.661135 0.048489 0.108947
2 2 0.018705 0.103090 0.698711 0.084035 0.095459
2 2 0.029763 0.116542 0.705822 0.092418 0.055455
2 2 0.027216 0.122548 0.616264 0.062870 0.171103
2 2 0.027358 0.104817 0.662191 0.112360 0.093274
2 2 0.032173 0.164131 0.674157 0.035552 0.093987
2 3 0.025863 0.134703 0.721088 0.057222 0.061125
2 3 0.017379 0.067509 0.706017 0.182766 0.026328
2 3 0.035437 0.126331 0.678360 0.092799 0.067072
2 3 0.019617 0.075399 0.718514 0.163043 0.023427
2 3 0.027453 0.079838 0.578902 0.260550 0.053257
2 3 0.017427 0.043108 0.460019 0.448523 0.030922
2 3 0.013609 0.047943 0.607330 0.310811 0.020306
3 3 0.011315 0.028023 0.421010 0.524461 0.015191
3 3 0.025625 0.043629 0.404318 0.501671 0.024756
3 3 0.014007 0.029062 0.401193 0.544763 0.010975
3 3 0.019713 0.025521 0.321303 0.622784 0.010679
2 3 0.031558 0.056881 0.492461 0.399598 0.019503
3 3 0.018076 0.032447 0.381183 0.551673 0.016622
2 3 0.127016 0.196907 0.392684 0.070321 0.213072
2 3 0.067346 0.159516 0.562647 0.096292 0.114200
2 3 0.098251 0.229436 0.454673 0.041508 0.176132
2 3 0.158572 0.174022 0.331730 0.080396 0.255280
2 3 0.034829 0.067385 0.482762 0.348338 0.066686
4 3 0.135000 0.149779 0.116709 0.004917 0.593595
2 3 0.111823 0.223125 0.410240 0.047435 0.207377
2 3 0.100374 0.175429 0.409580 0.080865 0.233752
2 3 0.203926 0.207088 0.282520 0.046051 0.260415
2 3 0.126302 0.105409 0.296295 0.292525 0.179469
2 3 0.118194 0.237092 0.450394 0.028226 0.166094
2 3 0.154322 0.167350 0.363302 0.082518 0.232508
2 3 0.151976 0.177917 0.404465 0.127450 0.138192
4 3 0.202488 0.164680 0.171063 0.027772 0.433997
2 3 0.168079 0.153513 0.278490 0.188094 0.211824
4 3 0.172236 0.226315 0.213697 0.006120 0.381632
3 3 0.035831 0.057015 0.325183 0.493440 0.088531
3 3 0.118560 0.100648 0.261225 0.385463 0.134103
2 3 0.100844 0.111360 0.316528 0.311628 0.159641
4 3 0.178676 0.219827 0.286005 0.026727 0.288765
2 3 0.160762 0.185280 0.373697 0.107930 0.172330
2 3 0.291488 0.210482 0.306880 0.059551 0.131598
4 3 0.141580 0.146364 0.280123 0.081805 0.350129
4 3 0.193191 0.178809 0.237873 0.052374 0.337754
2 3 0.156453 0.188650 0.392953 0.104235 0.157709
4 3 0.282503 0.167328 0.174080 0.038807 0.337281
4 3 0.301703 0.131813 0.140220 0.067729 0.358535
2 3 0.075903 0.119912 0.450905 0.239729 0.113551
2 3 0.092476 0.137523 0.367352 0.157491 0.245158
2 3 0.239790 0.149357 0.289942 0.215935 0.104975
2 3 0.119368 0.157575 0.361798 0.148475 0.212784
4 3 0.247457 0.139594 0.161302 0.078715 0.372932
4 3 0.181396 0.138497 0.235732 0.097303 0.347072
2 3 0.158754 0.129629 0.323681 0.286250 0.101685
0 3 0.363443 0.219561 0.258301 0.027874 0.130820
4 3 0.183887 0.185792 0.256324 0.057366 0.316630
2 3 0.115904 0.151848 0.418572 0.160551 0.153125
2 3 0.216334 0.189147 0.279054 0.079107 0.236358
4 3 0.180548 0.143902 0.134414 0.019930 0.521205
4 3 0.190944 0.183296 0.251434 0.060892 0.313433
3 3 0.090181 0.044178 0.186334 0.588969 0.090338
3 3 0.234418 0.135008 0.234154 0.247213 0.149207
0 3 0.272003 0.125952 0.229150 0.171588 0.201307
3 3 0.068958 0.034477 0.170154 0.698547 0.027864
2 3 0.170151 0.208718 0.296788 0.041743 0.282599
4 3 0.201704 0.174922 0.190812 0.029670 0.402893
2 3 0.198640 0.145839 0.314176 0.219565 0.121779
2 3 0.157110 0.167948 0.415752 0.159766 0.099424
3 3 0.060052 0.057074 0.268778 0.563390 0.050706
2 3 0.136855 0.176451 0.453661 0.122126 0.110906
3 3 0.086410 0.041061 0.174268 0.661987 0.036274
3 3 0.198924 0.051324 0.160585 0.556696 0.032471
0 3 0.440112 0.129145 0.135640 0.090664 0.204438
3 3 0.030519 0.023549 0.150656 0.768702 0.026574
3 3 0.082525 0.042002 0.178754 0.658048 0.038671
3 3 0.045825 0.017842 0.113212 0.809810 0.013311
3 3 0.180796 0.073735 0.204470 0.478519 0.062481
3 3 0.025175 0.012703 0.122054 0.833612 0.006455
3 3 0.160428 0.095712 0.236997 0.375560 0.131303
0 3 0.393020 0.116175 0.163648 0.163282 0.163876
3 3 0.187590 0.065644 0.189665 0.506658 0.050443
3 3 0.069025 0.040517 0.184179 0.654042 0.052238
4 3 0.249889 0.125383 0.188591 0.151820 0.284318
3 3 0.149377 0.080016 0.231795 0.460491 0.078321
3 3 0.218409 0.085781 0.208003 0.415609 0.072199
0 3 0.301616 0.131703 0.211127 0.231331 0.124223
0 3 0.453333 0.117188 0.160342 0.185409 0.083728
0 3 0.469292 0.130341 0.232650 0.135902 0.031815
3 3 0.119634 0.084075 0.329941 0.421278 0.045072
2 3 0.111512 0.164438 0.488549 0.110536 0.124966
0 3 0.312972 0.208326 0.227497 0.026989 0.224217
4 3 0.257805 0.201507 0.227195 0.030222 0.283270
2 2 0.077757 0.166067 0.492539 0.097333 0.166304
4 2 0.097754 0.163919 0.298188 0.024404 0.415735
2 2 0.046196 0.149247 0.589696 0.068643 0.146217
2 2 0.072511 0.203197 0.470241 0.023367 0.230684
2 4 0.076367 0.217796 0.378655 0.011555 0.315626
4 4 0.077592 0.205773 0.321417 0.009186 0.386032
4 4 0.073014 0.166219 0.260155 0.009042 0.491570
2 4 0.047559 0.189316 0.507402 0.016652 0.239071
2 4 0.060919 0.246035 0.359334 0.003784 0.329928
2 4 0.078137 0.265062 0.328316 0.003746 0.324738
2 4 0.058223 0.186192 0.535671 0.034577 0.185336
2 4 0.037390 0.182283 0.583918 0.021659 0.174750
2 4 0.034617 0.161487 0.651737 0.039776 0.112383
2 2 0.037119 0.166930 0.568860 0.024297 0.202794
2 2 0.053919 0.183908 0.460048 0.018464 0.283662
2 2 0.064541 0.147910 0.531857 0.089201 0.166491
4 2 0.082220 0.188240 0.337131 0.014188 0.378221
2 2 0.071559 0.189172 0.422884 0.024204 0.292181
2 2 0.035815 0.160080 0.613651 0.031346 0.159108
2 2 0.046260 0.216039 0.530644 0.011912 0.195145
2 2 0.070792 0.203088 0.418598 0.018344 0.289178
2 2 0.049098 0.175156 0.565869 0.044625 0.165251
2 2 0.043892 0.187942 0.540114 0.021986 0.206066
4 2 0.115516 0.224302 0.257396 0.008560 0.394227
4 2 0.148415 0.235523 0.280898 0.012265 0.322900
4 2 0.226308 0.213291 0.159756 0.003646 0.396999
4 2 0.171495 0.186322 0.191543 0.015809 0.434831
0 2 0.561832 0.118329 0.134178 0.102759 0.082901
4 2 0.249698 0.139031 0.155201 0.069916 0.386153
4 2 0.155812 0.121034 0.240658 0.173402 0.309094
2 2 0.084462 0.211719 0.544221 0.039207 0.120391
2 2 0.032862 0.154099 0.677123 0.051148 0.084768
4 2 0.201160 0.162278 0.219917 0.054407 0.362237
4 2 0.146231 0.106402 0.105021 0.014794 0.627551
2 2 0.086116 0.120271 0.419937 0.208622 0.165054
4 2 0.366583 0.119326 0.099754 0.041698 0.372638
0 2 0.363372 0.126571 0.190270 0.214891 0.104895
3 2 0.169904 0.089384 0.228722 0.422743 0.089247
2 2 0.080553 0.182356 0.519744 0.057227 0.160121
4 2 0.135694 0.147069 0.221493 0.027357 0.468388
2 2 0.138225 0.219031 0.420705 0.067445 0.154594
2 2 0.079375 0.125289 0.451065 0.193925 0.150346
2 2 0.081600 0.127179 0.533169 0.192939 0.065112
2 2 0.065422 0.118959 0.514508 0.200935 0.100175
2 2 0.069190 0.110030 0.380468 0.189539 0.250772
0 2 0.291195 0.197242 0.291036 0.077440 0.143087
2 2 0.110148 0.208907 0.418555 0.019478 0.242913
2 2 0.037635 0.166866 0.683541 0.037639 0.074318
2 2 0.057664 0.174133 0.561904 0.062732 0.143567
2 2 0.042777 0.125119 0.617894 0.101498 0.112711
2 2 0.054375 0.131790 0.548511 0.096915 0.168409
2 2 0.081181 0.175627 0.439117 0.044301 0.259773
2 2 0.012101 0.064696 0.698463 0.188379 0.036361
2 2 0.071195 0.167875 0.577531 0.071631 0.111767
2 2 0.096841 0.102167 0.362408 0.336301 0.102283
2 2 0.199743 0.137744 0.255358 0.242048 0.165107
3 2 0.172338 0.050906 0.195636 0.558739 0.022382
4 2 0.293074 0.154961 0.118091 0.012447 0.421428
4 2 0.284675 0.128432 0.124830 0.053805 0.408258
2 2 0.078134 0.120131 0.536637 0.208072 0.057026
2 2 0.064089 0.161391 0.475771 0.051442 0.247307
2 2 0.029417 0.098080 0.609119 0.183171 0.080212
2 2 0.029742 0.065137 0.530081 0.333386 0.041655
2 2 0.027272 0.129866 0.691365 0.066999 0.084498
2 2 0.026290 0.088357 0.656704 0.161261 0.067388
2 2 0.030903 0.110569 0.718195 0.091803 0.048529
2 2 0.048380 0.096848 0.545840 0.243680 0.065253
2 2 0.140153 0.148907 0.430178 0.180113 0.100649
2 2 0.080086 0.233831 0.474907 0.026997 0.184180
2 2 0.051366 0.103350 0.615148 0.187744 0.042393
4 2 0.175375 0.134865 0.122334 0.017086 0.550340
2 2 0.041447 0.071436 0.499965 0.334777 0.052375
2 2 0.125223 0.112836 0.400103 0.308247 0.053592
2 2 0.136719 0.104076 0.382882 0.316007 0.060316
0 2 0.346306 0.141668 0.183917 0.136307 0.191802
0 2 0.260419 0.134061 0.225207 0.241372 0.138942
3 2 0.038582 0.061843 0.401098 0.433424 0.065054
2 2 0.092720 0.224364 0.389113 0.023999 0.269804
0 2 0.361213 0.165895 0.294719 0.092933 0.085240
3 2 0.121317 0.046996 0.174869 0.619556 0.037262
2 2 0.236768 0.151382 0.271837 0.210996 0.129017
0 2 0.307645 0.150055 0.238255 0.180124 0.123921
2 2 0.152985 0.165612 0.347025 0.191921 0.142457
2 2 0.101152 0.202626 0.344601 0.024382 0.327239
2 2 0.032726 0.106653 0.594364 0.165523 0.100734
4 2 0.107346 0.197845 0.279653 0.014044 0.401113
2 2 0.090657 0.144882 0.487397 0.159335 0.117728
2 2 0.022586 0.078481 0.666654 0.194107 0.038172
2 2 0.111727 0.131760 0.417580 0.163272 0.175660
2 2 0.273068 0.158075 0.325140 0.126265 0.117453
0 2 0.648893 0.092529 0.080628 0.058364 0.119586
2 2 0.154200 0.114976 0.371611 0.308025 0.051189
2 2 0.085392 0.119172 0.424428 0.162270 0.208738
2 2 0.100908 0.208415 0.419437 0.030001 0.241239
2 2 0.066710 0.178646 0.537289 0.027087 0.190268
2 2 0.087310 0.143158 0.468101 0.114234 0.187198
2 2 0.053507 0.146011 0.469674 0.065361 0.265448
2 2 0.080586 0.175277 0.455661 0.059677 0.228799
2 2 0.027346 0.131145 0.689933 0.069500 0.082076
4 2 0.113761 0.163402 0.185465 0.010365 0.527006
0 2 0.389100 0.112138 0.084872 0.032158 0.381732
2 2 0.154794 0.239951 0.441342 0.044119 0.119793
2 2 0.127389 0.140510 0.357647 0.174383 0.200070
0 2 0.848261 0.052993 0.032643 0.022752 0.043350
0 0 0.448876 0.128563 0.143762 0.109016 0.169784
2 0 0.082997 0.088989 0.389390 0.310227 0.128396
2 0 0.118283 0.183451 0.373683 0.050261 0.274323
2 0 0.062423 0.112293 0.493172 0.186238 0.145875
2 1 0.073098 0.194401 0.531387 0.049340 0.151774
2 1 0.024819 0.080021 0.608060 0.225139 0.061961
2 2 0.115680 0.197327 0.463680 0.045682 0.177631
2 2 0.032093 0.139189 0.658393 0.068507 0.101817
2 2 0.053700 0.190378 0.527256 0.021611 0.207055
2 2 0.056827 0.166320 0.467740 0.031557 0.277555
2 2 0.047457 0.164419 0.545639 0.042912 0.199573
2 2 0.061770 0.173603 0.426277 0.023146 0.315204
2 2 0.087259 0.207235 0.471107 0.029408 0.204991
2 2 0.049579 0.188945 0.571733 0.037748 0.151995
2 2 0.050163 0.133243 0.628153 0.104307 0.084135
2 2 0.053712 0.156762 0.514777 0.058543 0.216206
2 2 0.039957 0.105299 0.546855 0.178905 0.128984
4 2 0.101057 0.214579 0.325469 0.025812 0.333084
0 2 0.365180 0.176631 0.164405 0.026301 0.267483
0 0 0.316962 0.137825 0.197765 0.178623 0.168825
0 0 0.279308 0.152447 0.261981 0.195291 0.110972
2 1 0.085167 0.242734 0.460268 0.017648 0.194184
2 1 0.046219 0.152848 0.632276 0.061058 0.107599
2 2 0.092065 0.128274 0.431728 0.153801 0.194133
2 2 0.127760 0.099745 0.352876 0.341659 0.077959
0 2 0.267006 0.136747 0.236781 0.234688 0.124778
3 2 0.152978 0.084976 0.229881 0.438923 0.093241
2 2 0.145145 0.230556 0.355194 0.019932 0.249174
2 2 0.065639 0.126824 0.456130 0.149152 0.202255
2 2 0.043380 0.146233 0.551124 0.049225 0.210038
2 2 0.049189 0.200695 0.540147 0.017419 0.192550
2 2 0.173110 0.234530 0.347344 0.029096 0.215920
2 2 0.018117 0.077547 0.678825 0.184583 0.040928
4 2 0.200870 0.218784 0.275113 0.028632 0.276601
2 2 0.171997 0.183202 0.430448 0.085285 0.129068
4 0 0.281277 0.150205 0.136480 0.028301 0.403737
0 0 0.444704 0.129370 0.160369 0.136860 0.128696
2 0 0.056660 0.126181 0.571091 0.165155 0.080914
0 0 0.267928 0.149539 0.206627 0.132918 0.242988
4 1 0.124881 0.172575 0.221303 0.013897 0.467345
4 1 0.099133 0.162250 0.337338 0.045049 0.356230
2 1 0.077162 0.190670 0.566044 0.041042 0.125083
4 2 0.153218 0.218173 0.228649 0.009541 0.390419
4 2 0.244156 0.146376 0.206577 0.139685 0.263205
2 2 0.175142 0.182163 0.330283 0.099838 0.212573
2 2 0.051162 0.166891 0.470465 0.022204 0.289277
2 2 0.060378 0.180284 0.521756 0.047598 0.189984
2 2 0.053419 0.134965 0.544977 0.141085 0.125555
2 2 0.174417 0.225082 0.352158 0.045753 0.202590
3 2 0.172681 0.135049 0.255520 0.258927 0.177823
0 0 0.266348 0.141501 0.231968 0.213272 0.146911
0 0 0.411732 0.125708 0.115765 0.059805 0.286991
4 0 0.282030 0.180414 0.161274 0.016747 0.359535
0 0 0.447063 0.126896 0.154175 0.136159 0.135708
3 0 0.126582 0.067070 0.214973 0.504895 0.086480
0 0 0.278290 0.180276 0.277523 0.110828 0.153084
2 0 0.221689 0.173634 0.279276 0.119470 0.205931
3 0 0.227542 0.063670 0.175043 0.490771 0.042975
0 0 0.413180 0.131758 0.160789 0.132886 0.161387
2 0 0.093229 0.180953 0.469274 0.074003 0.182541
2 1 0.072629 0.166065 0.479859 0.079713 0.201735
2 2 0.092081 0.231089 0.532152 0.039608 0.105070
2 2 0.130383 0.210706 0.481624 0.039544 0.137744
2 2 0.066229 0.146276 0.601205 0.123194 0.063097
2 2 0.054165 0.143927 0.610166 0.105923 0.085818
2 2 0.110340 0.170731 0.450389 0.063197 0.205343
2 2 0.120132 0.194802 0.499392 0.073313 0.112362
2 2 0.042812 0.095922 0.645713 0.182301 0.033252
2 2 0.091081 0.127336 0.425342 0.179124 0.177117
2 2 0.081492 0.255132 0.544024 0.020884 0.098469
3 2 0.014345 0.026338 0.328143 0.615208 0.015966
2 2 0.050105 0.105791 0.566649 0.207313 0.070142
2 2 0.057599 0.095002 0.393896 0.299021 0.154481
2 2 0.040990 0.103225 0.629166 0.183611 0.043008
2 2 0.043745 0.101220 0.602259 0.207618 0.045158
2 2 0.199620 0.154924 0.318192 0.156211 0.171054
3 2 0.096142 0.039427 0.175672 0.661693 0.027066
2 2 0.267260 0.218582 0.409822 0.039813 0.064524
0 2 0.359542 0.131036 0.201247 0.199700 0.108475
2 2 0.110553 0.140857 0.480439 0.198882 0.069268
2 2 0.039590 0.163864 0.677515 0.044012 0.075019
2 2 0.119639 0.151425 0.449270 0.085014 0.194652
2 2 0.167185 0.142248 0.383920 0.209892 0.096756
2 2 0.167208 0.118825 0.273053 0.268567 0.172347
2 2 0.205541 0.164757 0.314529 0.135479 0.179694
2 2 0.185867 0.182026 0.378225 0.075585 0.178296
0 2 0.734215 0.069462 0.072077 0.096948 0.027298
0 0 0.468116 0.126153 0.139201 0.107178 0.159352
0 0 0.409755 0.121685 0.174812 0.201701 0.092046
0 0 0.739787 0.055048 0.020952 0.005579 0.178632
3 0 0.091393 0.028002 0.132687 0.729211 0.018707
2 2 0.040377 0.127691 0.592581 0.078530 0.160821
2 2 0.034254 0.142466 0.585425 0.044846 0.193008
2 2 0.029804 0.140819 0.625530 0.038085 0.165763
2 2 0.056133 0.215454 0.480474 0.013679 0.234261
2 2 0.020579 0.118827 0.723263 0.059110 0.078221
2 2 0.025085 0.115866 0.685846 0.069603 0.103600
2 2 0.044495 0.176802 0.584088 0.027693 0.166923
2 2 0.030770 0.123517 0.649807 0.084956 0.110950
2 2 0.143916 0.221479 0.470774 0.070703 0.093127
2 4 0.032708 0.129889 0.629321 0.075257 0.132824
2 4 0.081335 0.195281 0.372890 0.018133 0.332362
4 4 0.091304 0.189293 0.347187 0.024146 0.348070
4 4 0.088333 0.125767 0.194760 0.019121 0.572019
4 4 0.209266 0.140001 0.183145 0.062956 0.404633
2 4 0.109660 0.157584 0.479702 0.100249 0.152805
2 4 0.053145 0.069311 0.357344 0.347529 0.172672
4 4 0.140844 0.178582 0.186659 0.013272 0.480643
0 4 0.367052 0.157223 0.158274 0.047549 0.269902
2 4 0.157955 0.225235 0.365548 0.046535 0.204726
4 4 0.131504 0.168348 0.323607 0.051901 0.324640
2 4 0.020152 0.071886 0.603698 0.247272 0.056992
4 4 0.063121 0.145130 0.376184 0.034656 0.380909
2 4 0.053597 0.160114 0.497816 0.039802 0.248671
2 4 0.046933 0.174612 0.572596 0.033662 0.172197
2 4 0.052266 0.181763 0.501051 0.026782 0.238137
2 4 0.052211 0.162304 0.529006 0.034172 0.222308
2 4 0.061349 0.181871 0.522156 0.040393 0.194231
2 1 0.203167 0.134974 0.283392 0.135653 0.242814
0 1 0.387108 0.124171 0.182337 0.208220 0.098164
0 1 0.432278 0.170565 0.232722 0.082018 0.082417
2 1 0.085266 0.095206 0.481832 0.309095 0.028601
2 0 0.202769 0.151473 0.323233 0.161498 0.161027
3 0 0.089449 0.051190 0.235582 0.590121 0.033658
0 0 0.303485 0.171216 0.250558 0.115196 0.159545
2 0 0.143052 0.255708 0.306318 0.008746 0.286177
2 0 0.128550 0.141198 0.342820 0.171594 0.215838
3 0 0.063913 0.039105 0.198106 0.667816 0.031060
0 0 0.313729 0.130835 0.207012 0.228224 0.120199
2 0 0.071866 0.164265 0.422771 0.036623 0.304474
2 0 0.044312 0.117294 0.566753 0.185745 0.085896
2 1 0.045011 0.153564 0.657530 0.045598 0.098297
2 1 0.071906 0.148277 0.477801 0.125569 0.176447
2 1 0.032076 0.139506 0.694410 0.065364 0.068643
0 0 0.405255 0.116601 0.093399 0.039162 0.345582
2 1 0.037517 0.151993 0.592325 0.040430 0.177736
2 1 0.057281 0.140715 0.553101 0.148159 0.100744
4 1 0.254338 0.177111 0.198373 0.041674 0.328504
4 1 0.174732 0.185078 0.263122 0.062165 0.314903
2 1 0.073607 0.206848 0.485962 0.027481 0.206101
2 1 0.066899 0.171552 0.472360 0.058438 0.230750
2 1 0.077627 0.206078 0.465428 0.038989 0.211879
2 1 0.070892 0.182345 0.549397 0.058468 0.138898
2 1 0.059095 0.145146 0.636971 0.106168 0.052620
2 1 0.166024 0.248004 0.394624 0.030235 0.161113
2 1 0.056955 0.148845 0.658040 0.077770 0.058391
2 1 0.075283 0.122669 0.554053 0.183717 0.064279
2 2 0.054482 0.098624 0.538593 0.244665 0.063635
2 2 0.079782 0.157053 0.549291 0.125597 0.088277
4 2 0.149967 0.178424 0.170267 0.010069 0.491273
2 2 0.053960 0.175469 0.561087 0.049336 0.160147
2 2 0.034787 0.117846 0.621893 0.130610 0.094863
2 2 0.061274 0.143591 0.624072 0.102986 0.068077
2 2 0.044738 0.133267 0.645786 0.102700 0.073509
2 2 0.024431 0.123087 0.717948 0.074557 0.059976
4 2 0.173795 0.191272 0.211687 0.020832 0.402414
3 2 0.056060 0.030617 0.158233 0.726348 0.028743
0 2 0.351017 0.087105 0.172350 0.332665 0.056863
4 2 0.342251 0.124106 0.111588 0.049529 0.372525
0 1 0.353885 0.148323 0.178225 0.100525 0.219042
0 0 0.425832 0.113170 0.159065 0.171665 0.130269
2 0 0.169401 0.168263 0.325118 0.135662 0.201555
2 0 0.145372 0.157542 0.336135 0.097522 0.263429
2 1 0.094283 0.194476 0.538387 0.062365 0.110489
4 1 0.254942 0.133325 0.125594 0.038051 0.448088
2 1 0.028868 0.092404 0.574684 0.194102 0.109943
3 1 0.026935 0.015782 0.116476 0.825993 0.014814
0 0 0.656846 0.096144 0.078845 0.052995 0.115171
0 0 0.536250 0.130647 0.115907 0.046163 0.171033
0 0 0.444397 0.129080 0.139586 0.098879 0.188058
4 0 0.223180 0.157041 0.218409 0.098161 0.303209
2 1 0.059721 0.172377 0.430157 0.020031 0.317714
2 2 0.045269 0.150692 0.589885 0.083295 0.130860
2 2 0.102751 0.266285 0.414469 0.010567 0.205928
2 2 0.065501 0.173836 0.495438 0.042576 0.222649
2 2 0.071267 0.145543 0.482312 0.093953 0.206926
2 2 0.178037 0.247649 0.345937 0.023142 0.205235
0 2 0.352491 0.151602 0.243944 0.167131 0.084832
3 2 0.057844 0.022452 0.126608 0.776139 0.016956
2 2 0.110051 0.189103 0.483362 0.086548 0.130936
0 1 0.424655 0.132252 0.181829 0.161302 0.099963
4 0 0.238289 0.022577 0.003738 0.000196 0.735200
2 0 0.073513 0.177611 0.575521 0.048581 0.124774
2 1 0.051012 0.171595 0.502934 0.023609 0.250850
2 1 0.089976 0.199212 0.397275 0.029363 0.284174
4 1 0.150381 0.207650 0.279587 0.023680 0.338702
2 1 0.211890 0.133013 0.227051 0.210259 0.217787
2 2 0.095365 0.145077 0.491851 0.125339 0.142368
2 2 0.054451 0.137575 0.600102 0.100502 0.107370
4 2 0.102581 0.206858 0.320603 0.018008 0.351951
2 2 0.066506 0.211526 0.579688 0.037208 0.105072
2 2 0.165554 0.241837 0.421732 0.040864 0.130012
0 1 0.450595 0.133307 0.181272 0.118578 0.116248
0 1 0.379158 0.126188 0.116076 0.056649 0.321930
2 2 0.052806 0.142536 0.512220 0.062800 0.229638
2 2 0.018423 0.066141 0.591402 0.273355 0.050678
2 2 0.095109 0.188013 0.505973 0.049611 0.161294
4 2 0.206314 0.166012 0.197446 0.023783 0.406444
2 2 0.054896 0.200838 0.566787 0.024737 0.152742
2 2 0.060155 0.127669 0.460103 0.109053 0.243020
2 2 0.073279 0.240366 0.476709 0.019453 0.190193
2 2 0.061496 0.168174 0.501119 0.050358 0.218852
2 2 0.037125 0.147902 0.649691 0.059859 0.105424
2 2 0.058040 0.181632 0.565136 0.044115 0.151076
2 2 0.039124 0.116060 0.680550 0.120004 0.044262
4 2 0.148109 0.154367 0.289569 0.077259 0.330697
2 2 0.050038 0.159828 0.638162 0.069447 0.082525
2 2 0.038375 0.137496 0.614081 0.066406 0.143642
2 2 0.100674 0.150047 0.482525 0.110657 0.156096
2 2 0.238570 0.205098 0.391263 0.056428 0.108641
3 2 0.047604 0.053598 0.358006 0.500832 0.039960
4 2 0.288535 0.125904 0.120233 0.052761 0.412567
3 2 0.156577 0.068282 0.204337 0.511093 0.059711
3 0 0.213197 0.066326 0.183190 0.489572 0.047715
0 0 0.314729 0.216447 0.274478 0.037687 0.156659
4 0 0.191839 0.224479 0.262370 0.018975 0.302337
0 0 0.297415 0.132945 0.212050 0.226880 0.130710
2 0 0.058874 0.192092 0.389602 0.011440 0.347993
2 1 0.093120 0.163163 0.408948 0.103920 0.230849
2 2 0.025334 0.111358 0.666217 0.101826 0.095265
2 2 0.111333 0.169979 0.586354 0.074830 0.057504
4 2 0.122208 0.189253 0.317272 0.037908 0.333358
0 2 0.313582 0.205223 0.205607 0.021216 0.254372
0 1 0.391939 0.132356 0.137984 0.083239 0.254481
3 1 0.070018 0.066863 0.306308 0.508217 0.048593
3 1 0.061916 0.038990 0.278487 0.608642 0.011965
2 1 0.180466 0.153960 0.315653 0.165713 0.184207
0 0 0.484460 0.116189 0.149346 0.162201 0.087804
0 0 0.566293 0.105225 0.123037 0.132984 0.072462
0 0 0.703253 0.086825 0.074055 0.059459 0.076409
0 0 0.535162 0.133256 0.184346 0.105740 0.041496
3 0 0.044272 0.025217 0.145876 0.760677 0.023959
2 2 0.109278 0.158403 0.492694 0.123739 0.115886
2 2 0.041453 0.122632 0.604064 0.140717 0.091133
2 2 0.048442 0.152399 0.558935 0.057458 0.182767
2 4 0.106904 0.196752 0.337115 0.022970 0.336259
2 4 0.026757 0.094897 0.644731 0.142727 0.090888
2 4 0.104322 0.181835 0.371935 0.039818 0.302090
2 4 0.149191 0.144772 0.376864 0.162262 0.166912
4 4 0.085466 0.153241 0.262316 0.018273 0.480705
3 4 0.192384 0.104255 0.251237 0.312461 0.139664
2 4 0.177485 0.214429 0.321778 0.047624 0.238685
2 4 0.147115 0.189629 0.325721 0.030773 0.306763
2 4 0.199188 0.120253 0.292077 0.239645 0.148836
2 4 0.264205 0.165873 0.314772 0.131678 0.123473
4 4 0.173683 0.164360 0.131328 0.006648 0.523981
0 4 0.295664 0.201756 0.252299 0.047707 0.202574
2 4 0.165798 0.194728 0.410689 0.105305 0.123480
4 4 0.153672 0.193472 0.222699 0.020203 0.409955
3 4 0.104256 0.067325 0.262784 0.426965 0.138670
2 4 0.059000 0.135279 0.511680 0.125451 0.168590
2 4 0.073850 0.155625 0.523255 0.128134 0.119136
4 4 0.178932 0.202615 0.278673 0.026370 0.313409
2 4 0.036969 0.137259 0.613607 0.070799 0.141366
2 4 0.152320 0.185022 0.414802 0.077340 0.170516
4 4 0.229095 0.148542 0.201995 0.033468 0.386900
2 4 0.148348 0.123252 0.313975 0.240121 0.174303
2 4 0.056743 0.188041 0.556088 0.029862 0.169267
2 4 0.043239 0.188700 0.554474 0.016390 0.197196
2 4 0.079214 0.199430 0.454282 0.030868 0.236206
2 4 0.257882 0.167395 0.316037 0.152020 0.106666
2 4 0.115444 0.145139 0.390794 0.237030 0.111593
2 4 0.040989 0.167859 0.577276 0.026191 0.187685
2 4 0.045068 0.157382 0.586612 0.051560 0.159378
2 4 0.040615 0.185297 0.631709 0.026092 0.116287
2 4 0.037237 0.140870 0.630391 0.083275 0.108228
2 4 0.045228 0.109315 0.705519 0.116116 0.023821
2 4 0.072251 0.215201 0.506387 0.023475 0.182687
2 4 0.024468 0.120439 0.683360 0.056969 0.114764
2 4 0.026000 0.153698 0.688315 0.030707 0.101280
2 4 0.044831 0.188889 0.636101 0.037398 0.092781
2 2 0.064027 0.196720 0.571529 0.033107 0.134617
2 2 0.018547 0.088493 0.681769 0.140997 0.070195
2 2 0.053867 0.200914 0.560804 0.029214 0.155201
2 2 0.111443 0.192511 0.510325 0.083500 0.102220
3 2 0.083632 0.083855 0.364388 0.371691 0.096433
0 0 0.537716 0.077465 0.036791 0.009513 0.338515
0 0 0.511680 0.107660 0.078805 0.034390 0.267466
4 0 0.276196 0.152569 0.198572 0.087677 0.284986
0 0 0.324285 0.136396 0.150463 0.087216 0.301640
4 0 0.236898 0.135348 0.153030 0.053903 0.420821
4 2 0.144586 0.155877 0.147963 0.010322 0.541252
2 2 0.051070 0.174471 0.539729 0.022988 0.211742
4 2 0.078272 0.119874 0.219032 0.024403 0.558419
0 0 0.561555 0.110648 0.120068 0.109558 0.098171
0 0 0.770683 0.061824 0.061211 0.084175 0.022107
4 0 0.288861 0.136779 0.102468 0.014917 0.456976
4 1 0.100432 0.241608 0.273143 0.005128 0.379689
2 1 0.034822 0.124040 0.667257 0.084591 0.089290
2 1 0.039329 0.172475 0.626584 0.037454 0.124157
2 1 0.050700 0.200787 0.529844 0.016545 0.202124
2 1 0.062828 0.247102 0.457668 0.008522 0.223881
2 1 0.031068 0.125849 0.593452 0.077088 0.172544
2 2 0.027611 0.133140 0.690488 0.064824 0.083937
2 2 0.050252 0.180900 0.562527 0.023466 0.182855
2 2 0.039137 0.171971 0.635392 0.033005 0.120494
2 2 0.069190 0.165378 0.590702 0.065287 0.109443
2 2 0.045918 0.202901 0.644563 0.017723 0.088896
2 2 0.057803 0.165458 0.571471 0.063890 0.141378
2 2 0.054880 0.165999 0.633811 0.056243 0.089068
2 2 0.026178 0.131700 0.721037 0.050334 0.070751
2 2 0.055712 0.168873 0.579333 0.046385 0.149696
2 2 0.062397 0.199261 0.500643 0.016944 0.220755
2 2 0.045315 0.141815 0.683839 0.072152 0.056879
2 2 0.039659 0.174464 0.612319 0.036090 0.137467
2 2 0.110756 0.184328 0.355506 0.035139 0.314271
2 2 0.037696 0.118168 0.632883 0.121595 0.089658
2 2 0.060735 0.168945 0.635470 0.051441 0.083408
2 2 0.029340 0.072702 0.584899 0.269731 0.043329
2 2 0.060735 0.155833 0.565242 0.096727 0.121463
2 2 0.060035 0.116353 0.651876 0.141869 0.029866
2 2 0.043956 0.102056 0.568562 0.212971 0.072454
2 3 0.044205 0.079433 0.545972 0.303550 0.026840
2 3 0.079373 0.117355 0.528170 0.224543 0.050559
2 3 0.073918 0.103554 0.551350 0.238010 0.033169
2 3 0.127136 0.197922 0.543657 0.059693 0.071591
3 3 0.007739 0.014744 0.260150 0.709518 0.007848
3 3 0.042575 0.036249 0.253231 0.616738 0.051206
2 3 0.040276 0.079973 0.473876 0.338189 0.067686
3 3 0.007088 0.008914 0.143939 0.835130 0.004929
3 3 0.070475 0.057388 0.347080 0.501821 0.023235
3 3 0.012946 0.016841 0.252778 0.711040 0.006395
3 3 0.018753 0.021702 0.262950 0.684072 0.012522
3 3 0.056970 0.073356 0.408682 0.417571 0.043422
4 3 0.208273 0.191299 0.210451 0.024917 0.365060
2 3 0.081389 0.222135 0.521379 0.033330 0.141767
2 3 0.078811 0.186496 0.484568 0.067449 0.182676
2 3 0.148433 0.174363 0.323259 0.097275 0.256670
2 3 0.149842 0.265477 0.462896 0.021817 0.099968
2 3 0.113309 0.183541 0.446525 0.122644 0.133981
2 3 0.074871 0.188998 0.496826 0.052542 0.186764
4 3 0.122760 0.162217 0.287941 0.060102 0.366980
2 3 0.229861 0.214728 0.284870 0.039983 0.230558
4 3 0.196095 0.197952 0.257284 0.040883 0.307787
4 3 0.145431 0.183158 0.234790 0.033986 0.402635
4 3 0.193472 0.148153 0.148613 0.028459 0.481303
2 3 0.151191 0.226970 0.342180 0.034056 0.245602
4 3 0.282295 0.162287 0.195227 0.073484 0.286706
4 3 0.150939 0.162744 0.226030 0.039833 0.420454
0 3 0.267747 0.187125 0.259274 0.078093 0.207761
4 3 0.229830 0.169544 0.210770 0.050093 0.339763
2 3 0.170191 0.148119 0.331202 0.211173 0.139315
2 3 0.117894 0.137656 0.473713 0.213076 0.057661
2 3 0.205530 0.207299 0.277764 0.042219 0.267187
3 3 0.060694 0.067219 0.274354 0.503677 0.094057
2 3 0.148927 0.234703 0.318492 0.020766 0.277112
2 3 0.125991 0.146907 0.392015 0.196162 0.138925
4 3 0.209731 0.143926 0.212345 0.133215 0.300783
2 3 0.234387 0.156048 0.353875 0.168977 0.086713
2 3 0.086456 0.160679 0.523452 0.142347 0.087066
2 3 0.151887 0.198329 0.376497 0.088492 0.184794
2 3 0.193416 0.163411 0.262369 0.121628 0.259176
4 3 0.242941 0.178994 0.236363 0.054734 0.286967
3 3 0.204896 0.112965 0.236350 0.326909 0.118880
2 3 0.063541 0.109981 0.412375 0.233403 0.180700
2 3 0.265937 0.224161 0.292654 0.031995 0.185253
4 3 0.209979 0.140114 0.217842 0.170006 0.262059
3 3 0.040562 0.068653 0.391739 0.452195 0.046851
2 3 0.149685 0.183473 0.503466 0.094356 0.069020
2 3 0.056750 0.100341 0.441052 0.248971 0.152886
4 3 0.201421 0.189959 0.179977 0.012535 0.416108
3 3 0.194580 0.106871 0.267952 0.350502 0.080096
4 3 0.128221 0.189307 0.224907 0.018918 0.438647
2 3 0.129930 0.132078 0.346486 0.188821 0.202685
0 3 0.394832 0.175460 0.148902 0.018603 0.262203
0 3 0.260278 0.142960 0.216321 0.122118 0.258322
2 3 0.215687 0.172921 0.345354 0.079933 0.186105
3 3 0.157477 0.102048 0.246040 0.377984 0.116451
2 3 0.169682 0.133523 0.342963 0.269142 0.084689
2 3 0.110725 0.166941 0.359182 0.091450 0.271704
4 3 0.140823 0.127632 0.202100 0.050019 0.479426
2 3 0.133217 0.160469 0.502305 0.139529 0.064480
3 3 0.034289 0.046375 0.267040 0.583642 0.068653
3 3 0.060017 0.075485 0.390097 0.417672 0.056729
2 3 0.213036 0.127687 0.243250 0.233278 0.182750
2 3 0.105849 0.108727 0.364097 0.309229 0.112098
2 3 0.085777 0.090857 0.459947 0.334811 0.028608
2 3 0.195900 0.127143 0.304109 0.285633 0.087215
2 3 0.092962 0.142509 0.377893 0.163034 0.223602
4 3 0.226494 0.163586 0.184126 0.044781 0.381013
4 3 0.136345 0.137445 0.109936 0.006908 0.609367
2 3 0.189413 0.110696 0.278093 0.260972 0.160827
3 3 0.147863 0.096613 0.292587 0.317720 0.145217
3 3 0.071383 0.040505 0.200506 0.657906 0.029700
2 3 0.197950 0.174200 0.345006 0.169404 0.113440
3 3 0.073516 0.053220 0.226357 0.588166 0.058741
2 3 0.179602 0.142546 0.268449 0.237375 0.172027
2 3 0.157423 0.132097 0.316792 0.174151 0.219538
3 3 0.109032 0.071877 0.327445 0.461709 0.029938
3 3 0.082641 0.042647 0.207713 0.615167 0.051834
3 3 0.018750 0.022760 0.220569 0.723569 0.014352
2 3 0.153434 0.146247 0.392204 0.207105 0.101009
0 3 0.289981 0.136592 0.234395 0.212738 0.126295
4 3 0.217841 0.133518 0.208967 0.151834 0.287840
3 3 0.077738 0.091546 0.338763 0.408478 0.083474
2 3 0.175920 0.178532 0.303867 0.117670 0.224012
3 3 0.031511 0.029356 0.204467 0.699132 0.035534
3 3 0.160559 0.099770 0.297472 0.361027 0.081172
3 3 0.036659 0.034355 0.190908 0.695707 0.042371
2 3 0.054637 0.091258 0.419433 0.302441 0.132232
3 3 0.066690 0.036528 0.173075 0.681820 0.041888
3 3 0.009505 0.010369 0.123608 0.846691 0.009828
2 3 0.173117 0.150665 0.307975 0.138641 0.229602
4 3 0.169247 0.147602 0.279668 0.111491 0.291992
3 3 0.031827 0.052372 0.320797 0.513108 0.081897
2 3 0.245839 0.159419 0.269692 0.164915 0.160136
4 3 0.188046 0.185702 0.274324 0.075690 0.276238
0 3 0.304459 0.140899 0.216934 0.194366 0.143342
3 3 0.066800 0.026198 0.160353 0.726875 0.019774
2 3 0.163280 0.122772 0.295218 0.277120 0.141610
0 3 0.349553 0.111181 0.207791 0.263974 0.067501
2 3 0.212724 0.200537 0.334738 0.090344 0.161657
4 2 0.425024 0.083199 0.036141 0.004589 0.451047
0 2 0.337464 0.200770 0.288086 0.064873 0.108807
4 2 0.177794 0.177390 0.102060 0.001168 0.541588
2 2 0.133350 0.251938 0.415389 0.025532 0.173790
4 2 0.114343 0.171732 0.123295 0.001877 0.588753
2 2 0.159243 0.213322 0.335742 0.050891 0.240801
4 2 0.057946 0.226240 0.275015 0.002439 0.438360
2 2 0.072998 0.270401 0.327337 0.002852 0.326412
4 2 0.059597 0.243411 0.312587 0.002647 0.381758
4 2 0.072505 0.216996 0.192025 0.001345 0.517128
4 4 0.071373 0.209810 0.187300 0.001441 0.530076
4 4 0.059653 0.233113 0.286865 0.002197 0.418172
2 4 0.052661 0.180437 0.584253 0.050069 0.132579
2 4 0.078572 0.129080 0.487277 0.155397 0.149674
2 4 0.043442 0.159005 0.634291 0.070326 0.092936
2 4 0.059189 0.115782 0.554064 0.156993 0.113972
2 4 0.091155 0.156002 0.415325 0.088290 0.249229
2 4 0.091071 0.136369 0.472611 0.185410 0.114538
2 4 0.225782 0.161898 0.284464 0.177345 0.150511
4 4 0.211320 0.140585 0.209638 0.099273 0.339182
4 4 0.099739 0.179321 0.344846 0.029625 0.346468
2 4 0.153830 0.134911 0.388953 0.226108 0.096198
2 4 0.037491 0.148223 0.661763 0.070210 0.082313
2 4 0.099745 0.194814 0.471248 0.040608 0.193585
2 4 0.047299 0.128706 0.631972 0.102682 0.089341
2 4 0.117650 0.119475 0.414260 0.216061 0.132553
0 4 0.326256 0.150940 0.184028 0.074812 0.263963
4 4 0.240619 0.194196 0.216988 0.030318 0.317878
0 4 0.387294 0.134500 0.173821 0.147790 0.156594
0 4 0.418091 0.131926 0.154204 0.118892 0.176888
4 4 0.158347 0.158392 0.132255 0.007807 0.543198
2 4 0.125767 0.240133 0.338304 0.016873 0.278923
2 4 0.027039 0.114932 0.680584 0.103911 0.073535
2 4 0.027945 0.124571 0.687814 0.072350 0.087319
4 4 0.166436 0.159873 0.271320 0.063354 0.339016
4 4 0.181405 0.163146 0.256847 0.122293 0.276309
3 4 0.256450 0.093185 0.192960 0.274512 0.182893
2 4 0.134265 0.184276 0.427905 0.052259 0.201294
4 4 0.208091 0.142953 0.243603 0.101369 0.303985
2 4 0.123008 0.178623 0.476725 0.126042 0.095601
2 4 0.194194 0.122991 0.355165 0.258537 0.069114
4 4 0.265332 0.125499 0.135487 0.057321 0.416360
4 4 0.314693 0.144895 0.152640 0.062626 0.325146
2 4 0.132111 0.212261 0.350914 0.050207 0.254507
2 4 0.107935 0.219239 0.344634 0.021545 0.306646
2 4 0.103649 0.119711 0.446529 0.275645 0.054465
2 4 0.243014 0.168256 0.262879 0.134425 0.191426
2 4 0.027666 0.113841 0.619568 0.103289 0.135636
0 4 0.431325 0.133830 0.120495 0.048063 0.266287
0 1 0.425307 0.099721 0.162118 0.248458 0.064397
2 1 0.128520 0.214446 0.416285 0.070564 0.170184
2 1 0.042394 0.194753 0.602716 0.022974 0.137163
2 1 0.039987 0.164611 0.604449 0.047535 0.143419
2 2 0.020012 0.116484 0.726280 0.064413 0.072811
2 2 0.094124 0.172084 0.402638 0.046754 0.284400
3 2 0.127409 0.094596 0.251593 0.410540 0.115862
0 0 0.569101 0.099609 0.123122 0.152495 0.055672
0 0 0.274550 0.142119 0.187650 0.130944 0.264736
2 0 0.077207 0.159924 0.559976 0.105743 0.097150
2 0 0.037523 0.174619 0.610267 0.033615 0.143976
2 1 0.052123 0.221646 0.476334 0.008740 0.241157
2 1 0.172739 0.232191 0.353144 0.036519 0.205407
2 1 0.044608 0.161587 0.575718 0.050746 0.167341
2 1 0.098691 0.218926 0.354853 0.021472 0.306059
2 4 0.075960 0.205456 0.428364 0.022828 0.267390
2 4 0.124922 0.206479 0.434889 0.034993 0.198717
2 4 0.172223 0.234879 0.328471 0.027718 0.236709
0 4 0.675023 0.071916 0.034689 0.011172 0.207200
0 1 0.503534 0.106738 0.076556 0.032076 0.281096
2 1 0.110200 0.162509 0.506331 0.117778 0.103181
2 1 0.090633 0.226307 0.381885 0.014419 0.286756
2 1 0.056727 0.153193 0.523582 0.083783 0.182716
0 1 0.418687 0.159118 0.160153 0.042088 0.219955
4 1 0.198803 0.131432 0.134177 0.032150 0.503439
3 1 0.236925 0.134937 0.233290 0.246669 0.148180
0 1 0.277355 0.179764 0.242344 0.042274 0.258264
2 1 0.031616 0.097775 0.566384 0.194827 0.109399
2 1 0.222738 0.132177 0.247700 0.152925 0.244460
2 1 0.055788 0.189114 0.603986 0.052634 0.098477
4 1 0.228469 0.213589 0.249146 0.026324 0.282472
4 1 0.136001 0.143540 0.291671 0.133005 0.295783
3 1 0.097348 0.070147 0.323132 0.462312 0.047061
2 1 0.063658 0.201003 0.452270 0.017618 0.265451
4 1 0.079629 0.181222 0.262408 0.010531 0.466210
2 2 0.048699 0.116436 0.549519 0.165279 0.120066
2 2 0.048155 0.201545 0.545456 0.023206 0.181638
2 2 0.069697 0.134546 0.497059 0.179440 0.119258
2 2 0.060730 0.129907 0.544454 0.155116 0.109792
2 2 0.188582 0.119049 0.371764 0.279079 0.041525
2 2 0.098484 0.156205 0.570141 0.090083 0.085087
4 2 0.225283 0.230241 0.233673 0.011549 0.299254
2 2 0.272125 0.185033 0.298720 0.112162 0.131959
2 2 0.082990 0.158649 0.468765 0.137411 0.152185
2 2 0.153475 0.175515 0.317062 0.060901 0.293047
2 2 0.033906 0.146659 0.629598 0.049087 0.140750
2 2 0.056849 0.157493 0.516914 0.077991 0.190753
2 2 0.054385 0.164154 0.523463 0.060904 0.197095
2 2 0.080404 0.128399 0.444683 0.169484 0.177030
2 2 0.093780 0.138449 0.434883 0.177091 0.155797
2 2 0.105619 0.188317 0.362376 0.038647 0.305041
2 2 0.063979 0.141902 0.475759 0.123124 0.195235
3 2 0.276995 0.113700 0.244264 0.292536 0.072506
0 1 0.504055 0.118555 0.138642 0.128999 0.109749
2 1 0.246477 0.228178 0.322825 0.040515 0.162005
2 1 0.053152 0.079531 0.439845 0.354621 0.072850
2 1 0.156834 0.186017 0.511559 0.089661 0.055928
2 2 0.028081 0.070823 0.553564 0.305303 0.042229
3 2 0.020683 0.039540 0.450738 0.476652 0.012388
4 2 0.167972 0.212575 0.217622 0.008083 0.393748
2 2 0.102087 0.095550 0.377986 0.362291 0.062087
2 2 0.090410 0.108393 0.518490 0.244848 0.037858
2 2 0.137061 0.156978 0.511989 0.145070 0.048903
2 2 0.096683 0.162582 0.386446 0.100112 0.254176
2 2 0.031824 0.111449 0.652564 0.130262 0.073901
2 2 0.136063 0.274390 0.365577 0.009297 0.214673
2 2 0.104372 0.193469 0.369451 0.043078 0.289631
2 2 0.133172 0.177379 0.355521 0.036781 0.297146
2 2 0.216193 0.206170 0.286494 0.052071 0.239073
0 2 0.391655 0.123687 0.180823 0.206923 0.096912
4 2 0.223675 0.156339 0.216912 0.059798 0.343276
4 2 0.214085 0.192807 0.220710 0.029940 0.342458
2 2 0.087530 0.096544 0.407082 0.330183 0.078661
2 2 0.128945 0.111940 0.397464 0.246373 0.115278
2 2 0.237495 0.139335 0.243258 0.236959 0.142954
4 2 0.166242 0.175559 0.236051 0.054424 0.367723
3 2 0.094653 0.097928 0.347722 0.378373 0.081324
2 2 0.150824 0.165008 0.366534 0.133894 0.183740
2 2 0.249592 0.220667 0.317418 0.044700 0.167623
