2 0 0.034867 0.126925 0.572300 0.053444 0.212463
2 0 0.034395 0.108470 0.625526 0.114659 0.116950
2 0 0.015899 0.046116 0.513624 0.392962 0.031400
0 0 0.640030 0.096376 0.072685 0.041549 0.149360
0 0 0.484248 0.070244 0.113464 0.294064 0.037981
3 0 0.081374 0.039230 0.184358 0.658739 0.036300
3 0 0.156524 0.080345 0.290050 0.437336 0.035745
3 0 0.156560 0.076052 0.256253 0.440364 0.070771
2 0 0.054538 0.089978 0.513539 0.287300 0.054645
4 0 0.257906 0.207756 0.210146 0.012591 0.311600
0 0 0.817325 0.048505 0.036149 0.078737 0.019284
0 0 0.600978 0.092529 0.107530 0.130448 0.068515
2 0 0.067896 0.132024 0.598256 0.154286 0.047538
2 0 0.152282 0.168782 0.481296 0.115345 0.082295
2 1 0.021521 0.119061 0.744738 0.054512 0.060168
2 1 0.029877 0.145084 0.635723 0.031874 0.157441
2 1 0.013150 0.109620 0.746035 0.031486 0.099709
2 1 0.035696 0.152875 0.653773 0.037267 0.120388
4 1 0.157507 0.194347 0.309831 0.022289 0.316026
2 1 0.085127 0.113389 0.415230 0.173417 0.212837
2 1 0.056269 0.074536 0.447797 0.385004 0.036393
2 1 0.018446 0.106203 0.728704 0.062959 0.083688
2 1 0.052191 0.168446 0.451409 0.018047 0.309907
2 1 0.028481 0.149232 0.510011 0.013129 0.299146
2 1 0.015579 0.058722 0.629769 0.266496 0.029434
4 1 0.135866 0.155529 0.262101 0.028837 0.417667
2 1 0.016873 0.115548 0.720065 0.034530 0.112984
2 1 0.034785 0.160822 0.576032 0.019894 0.208466
2 4 0.053462 0.207697 0.557441 0.014540 0.166860
2 4 0.151945 0.225094 0.495291 0.042595 0.085075
4 4 0.161571 0.147243 0.230122 0.030841 0.430223
0 4 0.410730 0.113462 0.096105 0.027967 0.351736
0 4 0.573445 0.107187 0.095606 0.054052 0.169709
3 4 0.224406 0.065682 0.182878 0.479105 0.047929
2 4 0.188862 0.105649 0.279522 0.248299 0.177668
3 4 0.178629 0.078903 0.240341 0.408987 0.093140
2 4 0.034390 0.109067 0.605975 0.105257 0.145311
2 4 0.035138 0.153481 0.697546 0.043774 0.070061
2 4 0.023934 0.061164 0.534532 0.340549 0.039821
2 4 0.140987 0.246268 0.327359 0.008767 0.276620
4 4 0.140320 0.263404 0.258297 0.003438 0.334542
3 4 0.033934 0.056109 0.397351 0.397684 0.114922
2 4 0.083566 0.201659 0.407065 0.014649 0.293061
3 4 0.018279 0.037192 0.371575 0.519097 0.053858
3 4 0.053998 0.039714 0.241064 0.631816 0.033408
2 4 0.139155 0.181009 0.363811 0.040024 0.276000
2 4 0.206181 0.221184 0.334321 0.027440 0.210874
2 4 0.024605 0.105421 0.582578 0.059186 0.228210
2 4 0.072416 0.111357 0.470552 0.149931 0.195744
2 4 0.020188 0.131438 0.682852 0.026089 0.139433
2 4 0.084195 0.213322 0.402230 0.010626 0.289627
2 4 0.077618 0.210435 0.526437 0.021004 0.164506
4 4 0.057374 0.094791 0.251506 0.034200 0.562129
2 4 0.053996 0.180015 0.598079 0.031131 0.136779
3 4 0.050413 0.066834 0.410519 0.431021 0.041212
4 4 0.067111 0.111465 0.295269 0.038977 0.487176
4 4 0.182555 0.187244 0.295900 0.031297 0.303004
4 4 0.066480 0.113413 0.222219 0.014448 0.583441
4 4 0.106443 0.107655 0.247215 0.062581 0.476107
4 4 0.154631 0.112327 0.160143 0.027174 0.545725
4 4 0.169963 0.113699 0.103074 0.008391 0.604874
2 4 0.077425 0.206377 0.490983 0.018472 0.206744
2 4 0.051352 0.159356 0.488607 0.025125 0.275560
2 4 0.073370 0.121830 0.512784 0.160394 0.131622
2 4 0.225423 0.219923 0.306764 0.025089 0.222801
4 4 0.259571 0.126117 0.170244 0.050628 0.393439
4 4 0.207507 0.121637 0.172545 0.042337 0.455974
2 4 0.129985 0.167487 0.375915 0.052440 0.274172
2 4 0.039609 0.105180 0.589617 0.142500 0.123094
2 4 0.111449 0.203148 0.450742 0.031262 0.203399
2 4 0.187908 0.199652 0.316144 0.029190 0.267107
2 4 0.128942 0.153836 0.451267 0.118642 0.147313
0 4 0.335798 0.148585 0.247848 0.112900 0.154870
0 4 0.270526 0.117998 0.232018 0.169070 0.210388
3 4 0.105699 0.033010 0.135767 0.706671 0.018854
4 4 0.132995 0.112260 0.255166 0.087790 0.411789
0 4 0.294090 0.128284 0.219249 0.118773 0.239604
2 4 0.142077 0.116374 0.396258 0.257492 0.087799
2 4 0.071453 0.161810 0.462775 0.035401 0.268561
2 4 0.023203 0.103376 0.721030 0.091043 0.061349
2 4 0.110520 0.101036 0.353983 0.222813 0.211648
0 2 0.305290 0.126821 0.234067 0.154386 0.179435
0 2 0.378104 0.085823 0.165688 0.306767 0.063619
3 2 0.024535 0.008986 0.066726 0.895931 0.003822
0 2 0.341799 0.090188 0.185420 0.308423 0.074170
2 2 0.077502 0.076795 0.370217 0.365149 0.110337
2 2 0.100079 0.144251 0.535212 0.150943 0.069515
3 2 0.222968 0.105146 0.266183 0.273171 0.132532
4 2 0.223591 0.130360 0.253479 0.112247 0.280323
2 2 0.216358 0.156446 0.331858 0.111669 0.183669
2 2 0.044825 0.076460 0.465665 0.287713 0.125338
2 2 0.108853 0.122128 0.387531 0.141876 0.239612
2 2 0.186278 0.152073 0.406250 0.166009 0.089390
3 2 0.020266 0.031785 0.322000 0.596137 0.029812
4 2 0.086079 0.096772 0.331036 0.153121 0.332992
2 2 0.249216 0.200504 0.362516 0.062536 0.125228
3 2 0.100565 0.046978 0.202825 0.611627 0.038005
2 2 0.253730 0.149119 0.334950 0.165402 0.096799
3 2 0.020148 0.025982 0.251996 0.676660 0.025214
3 2 0.092269 0.061656 0.272452 0.501680 0.071943
4 2 0.189766 0.122953 0.188505 0.044574 0.454202
4 2 0.203231 0.115226 0.146310 0.031079 0.504154
4 2 0.187763 0.130958 0.273103 0.099926 0.308250
0 2 0.424996 0.127784 0.153195 0.072948 0.221077
0 2 0.269011 0.118115 0.248889 0.198416 0.165569
2 2 0.099024 0.102325 0.401853 0.261410 0.135387
3 2 0.088264 0.075350 0.339250 0.418036 0.079100
2 2 0.128167 0.155877 0.401098 0.080332 0.234526
2 2 0.171109 0.159476 0.352527 0.084089 0.232800
4 2 0.251100 0.158664 0.131896 0.008897 0.449443
2 2 0.279959 0.166345 0.293511 0.090795 0.169390
2 2 0.036328 0.081414 0.575220 0.260175 0.046863
2 2 0.147386 0.125302 0.317039 0.118105 0.292169
4 2 0.111357 0.117857 0.323064 0.099526 0.348196
3 2 0.023565 0.024910 0.221782 0.707629 0.022114
2 2 0.160333 0.152280 0.382969 0.118403 0.186015
4 2 0.238218 0.119654 0.147998 0.035774 0.458356
0 2 0.471861 0.108669 0.160522 0.166833 0.092115
2 2 0.173687 0.144505 0.325217 0.104606 0.251984
2 2 0.184088 0.144948 0.305044 0.094817 0.271103
2 2 0.126555 0.137992 0.438624 0.158544 0.138285
2 2 0.047666 0.118661 0.526658 0.090009 0.217006
0 2 0.324532 0.221147 0.219082 0.015852 0.219387
3 2 0.020724 0.034058 0.333282 0.587882 0.024054
4 2 0.197087 0.112673 0.141124 0.028990 0.520126
4 2 0.175341 0.138396 0.145111 0.011520 0.529631
2 2 0.052103 0.092228 0.511251 0.230624 0.113795
4 2 0.151972 0.115557 0.176902 0.031551 0.524017
4 2 0.127561 0.119125 0.288213 0.088056 0.377046
2 2 0.081504 0.102709 0.399514 0.182842 0.233431
2 2 0.107296 0.127827 0.442115 0.157505 0.165257
4 2 0.126475 0.114963 0.222617 0.047175 0.488769
2 2 0.103748 0.143126 0.472342 0.119372 0.161413
4 2 0.166166 0.179709 0.270866 0.024512 0.358746
2 2 0.162955 0.141695 0.340120 0.115874 0.239355
3 2 0.025706 0.034977 0.311393 0.593621 0.034303
4 2 0.178759 0.118470 0.238559 0.097989 0.366223
3 2 0.019238 0.031049 0.302555 0.616951 0.030207
2 2 0.102214 0.133142 0.495358 0.184312 0.084973
3 2 0.008091 0.014647 0.214906 0.748690 0.013666
2 2 0.109961 0.129077 0.468514 0.181500 0.110947
2 2 0.175894 0.152649 0.380864 0.132001 0.158592
2 2 0.129389 0.121898 0.352328 0.141769 0.254616
2 2 0.207025 0.126931 0.288756 0.150423 0.226865
3 2 0.012251 0.022109 0.278171 0.666254 0.021214
2 2 0.108164 0.100306 0.403674 0.320181 0.067674
3 2 0.128121 0.069580 0.259431 0.467828 0.075040
4 2 0.193323 0.147696 0.284060 0.077330 0.297590
3 2 0.048465 0.032118 0.192177 0.691001 0.036237
2 3 0.087710 0.092286 0.397080 0.286093 0.136831
3 3 0.051996 0.046459 0.291562 0.591063 0.018920
3 2 0.040137 0.055400 0.374212 0.458781 0.071470
2 2 0.025521 0.081641 0.626468 0.194046 0.072324
2 1 0.103727 0.181512 0.551897 0.076222 0.086642
2 1 0.072801 0.157302 0.486464 0.053856 0.229576
2 1 0.017663 0.077647 0.682325 0.162244 0.060121
2 1 0.106945 0.189524 0.445711 0.040218 0.217602
2 1 0.066983 0.164315 0.489440 0.041522 0.237740
2 1 0.019320 0.099311 0.719059 0.086509 0.075802
2 1 0.024621 0.097914 0.676766 0.116764 0.083936
2 1 0.023996 0.130371 0.736505 0.045240 0.063888
2 1 0.027671 0.101658 0.704660 0.128418 0.037593
2 1 0.012889 0.068281 0.717286 0.166259 0.035285
2 1 0.047611 0.108890 0.548537 0.150466 0.144497
2 1 0.019675 0.090536 0.690892 0.120296 0.078601
2 1 0.024932 0.100770 0.723057 0.123076 0.028165
2 1 0.013705 0.109914 0.802243 0.038679 0.035458
2 1 0.022274 0.083363 0.630591 0.150705 0.113067
2 1 0.021680 0.065333 0.588920 0.282425 0.041643
2 1 0.061340 0.113071 0.488565 0.147042 0.189983
2 1 0.024007 0.091656 0.660503 0.137890 0.085943
2 1 0.017227 0.085341 0.679719 0.114465 0.103248
2 1 0.098275 0.204086 0.453240 0.026469 0.217931
2 1 0.065901 0.120713 0.489851 0.131841 0.191695
2 1 0.016520 0.065422 0.645446 0.233593 0.039019
2 1 0.033126 0.091476 0.581183 0.181796 0.112419
2 1 0.047873 0.124737 0.457180 0.053292 0.316918
2 1 0.062007 0.196041 0.496732 0.017187 0.228033
2 1 0.105430 0.197764 0.439494 0.031409 0.225903
3 1 0.007071 0.022945 0.370485 0.572111 0.027390
2 1 0.038679 0.122840 0.619962 0.089185 0.129334
2 1 0.113978 0.209540 0.356044 0.015154 0.305285
2 0 0.043214 0.110454 0.578710 0.128015 0.139607
2 0 0.059022 0.129991 0.649484 0.130955 0.030548
2 0 0.194942 0.231031 0.325364 0.019233 0.229430
2 0 0.089920 0.172498 0.562315 0.074833 0.100434
2 0 0.079775 0.160803 0.591647 0.093471 0.074304
2 0 0.110884 0.183704 0.511646 0.063303 0.130463
2 0 0.034853 0.117508 0.700853 0.107008 0.039779
0 0 0.336862 0.169035 0.228969 0.055863 0.209272
2 0 0.123443 0.211237 0.566430 0.055444 0.043446
2 0 0.157250 0.181547 0.471879 0.098269 0.091055
3 0 0.070851 0.056844 0.285834 0.514233 0.072237
0 0 0.638670 0.085882 0.093704 0.123526 0.058218
0 0 0.382042 0.121528 0.198063 0.153898 0.144469
0 0 0.525190 0.111100 0.095354 0.041961 0.226394
0 0 0.631012 0.097240 0.088691 0.069526 0.113531
0 0 0.757508 0.066705 0.055030 0.081027 0.039729
0 0 0.455727 0.113784 0.165649 0.149346 0.115494
4 0 0.190210 0.155600 0.172570 0.014039 0.467581
3 0 0.146794 0.092102 0.278321 0.284037 0.198747
2 0 0.238730 0.205729 0.410293 0.075357 0.069891
2 0 0.037223 0.095033 0.562079 0.170992 0.134674
2 0 0.040070 0.122287 0.672794 0.109318 0.055531
2 0 0.231094 0.115822 0.278703 0.230677 0.143704
2 0 0.289354 0.155472 0.349189 0.168746 0.037239
4 0 0.293343 0.118032 0.124340 0.031045 0.433240
2 0 0.177370 0.167885 0.422754 0.120248 0.111743
2 0 0.052812 0.193434 0.601032 0.024756 0.127966
2 0 0.016275 0.109104 0.651593 0.032974 0.190054
3 0 0.037832 0.017553 0.114212 0.819434 0.010970
3 0 0.029607 0.009660 0.065870 0.890960 0.003904
0 0 0.580986 0.088242 0.110536 0.159414 0.060822
0 0 0.845394 0.041734 0.028544 0.069614 0.014714
0 0 0.401337 0.108033 0.183765 0.201928 0.104937
2 0 0.209039 0.306100 0.434216 0.013125 0.037519
3 0 0.081232 0.052956 0.264562 0.576727 0.024523
3 0 0.019526 0.041810 0.434621 0.479766 0.024277
4 0 0.120756 0.107879 0.299331 0.130776 0.341258
0 0 0.670734 0.019895 0.021319 0.285090 0.002962
0 0 0.335541 0.163234 0.262706 0.092162 0.146358
2 0 0.168765 0.157454 0.407818 0.131452 0.134511
2 0 0.082278 0.102794 0.455776 0.275441 0.083712
2 0 0.026253 0.125073 0.750196 0.063370 0.035109
2 0 0.016446 0.104102 0.684822 0.048745 0.145886
2 0 0.027837 0.140784 0.609978 0.027347 0.194055
2 1 0.015973 0.121747 0.714527 0.028277 0.119477
2 1 0.023869 0.120930 0.672853 0.051948 0.130400
2 1 0.046780 0.138790 0.465971 0.035263 0.313196
2 1 0.012391 0.118991 0.767024 0.022315 0.079279
2 1 0.018079 0.154290 0.746667 0.014845 0.066119
2 1 0.024052 0.112631 0.664254 0.062151 0.136912
2 1 0.084452 0.187916 0.493113 0.035877 0.198642
2 1 0.015443 0.082198 0.680853 0.110536 0.110969
2 1 0.031164 0.137224 0.682410 0.050716 0.098486
2 1 0.040362 0.120586 0.583490 0.088366 0.167196
2 1 0.013401 0.078859 0.754132 0.120348 0.033259
2 1 0.025829 0.117039 0.700364 0.076709 0.080058
2 1 0.033630 0.160511 0.582984 0.020654 0.202221
2 1 0.015012 0.107419 0.750496 0.046152 0.080921
2 1 0.045105 0.159710 0.604869 0.040020 0.150296
4 1 0.156169 0.100581 0.121675 0.019321 0.602255
2 1 0.134352 0.190059 0.520122 0.078906 0.076561
2 1 0.012152 0.092009 0.775427 0.062170 0.058242
2 1 0.009398 0.078741 0.766185 0.070773 0.074904
2 1 0.019529 0.133609 0.740938 0.030170 0.075754
2 1 0.021300 0.117358 0.623356 0.037615 0.200372
2 1 0.009278 0.060335 0.724169 0.160447 0.045771
2 1 0.056697 0.171633 0.443151 0.018626 0.309893
2 1 0.016010 0.123565 0.736562 0.028666 0.095197
2 1 0.036051 0.154964 0.648642 0.034368 0.125976
4 1 0.097010 0.177608 0.343580 0.019784 0.362018
2 1 0.029373 0.125040 0.602788 0.047997 0.194803
2 1 0.090265 0.196587 0.399985 0.017924 0.295239
2 1 0.008758 0.068207 0.741462 0.098224 0.083349
2 1 0.047300 0.153332 0.618898 0.055128 0.125342
2 1 0.030475 0.119495 0.549373 0.049813 0.250844
2 1 0.017511 0.123035 0.738249 0.033676 0.087529
2 1 0.023775 0.150256 0.678908 0.020892 0.126169
2 1 0.013696 0.094695 0.728141 0.058841 0.104627
2 1 0.026727 0.126855 0.685684 0.048877 0.111857
3 1 0.004367 0.008262 0.158123 0.823226 0.006021
2 1 0.021087 0.109815 0.701765 0.066753 0.100581
2 1 0.015646 0.086569 0.697142 0.095550 0.105093
2 1 0.032096 0.170656 0.696956 0.023280 0.077012
2 1 0.037159 0.196950 0.499375 0.006827 0.259688
2 1 0.021322 0.114303 0.711670 0.058085 0.094621
2 1 0.008615 0.062993 0.715849 0.113584 0.098959
2 1 0.024824 0.121848 0.724627 0.059364 0.069337
2 1 0.018694 0.107438 0.724036 0.060223 0.089609
2 1 0.018907 0.072545 0.679089 0.209080 0.020380
2 1 0.005240 0.034654 0.628425 0.308111 0.023571
2 1 0.102277 0.101889 0.380565 0.250410 0.164860
3 0 0.264003 0.103055 0.255619 0.312515 0.064808
0 0 0.284553 0.207906 0.235671 0.020999 0.250871
2 1 0.075205 0.111684 0.485841 0.215678 0.111592
2 1 0.026845 0.137935 0.729815 0.040007 0.065398
2 1 0.052362 0.146445 0.593549 0.065312 0.142332
0 0 0.322738 0.181845 0.168588 0.016017 0.310811
0 0 0.347204 0.170879 0.303366 0.112916 0.065635
0 0 0.477242 0.127037 0.173266 0.118000 0.104454
2 0 0.235294 0.172329 0.378232 0.120409 0.093736
2 0 0.086832 0.090547 0.396046 0.320208 0.106368
2 0 0.109271 0.101725 0.364034 0.260269 0.164701
3 0 0.145696 0.052432 0.185551 0.575965 0.040357
2 0 0.051122 0.163542 0.639941 0.053382 0.092014
0 0 0.377277 0.128101 0.170991 0.084069 0.239561
0 0 0.518253 0.105527 0.139700 0.142748 0.093771
3 0 0.140428 0.042619 0.153398 0.637345 0.026210
3 0 0.298476 0.092285 0.206638 0.319183 0.083418
0 0 0.522264 0.114318 0.119359 0.071323 0.172737
2 0 0.108579 0.172519 0.500064 0.076982 0.141856
0 0 0.281559 0.122934 0.223480 0.135955 0.236071
3 0 0.170277 0.089001 0.291813 0.382594 0.066315
3 0 0.153637 0.072962 0.247148 0.452274 0.073978
2 0 0.153978 0.156133 0.467398 0.157260 0.065231
2 0 0.112451 0.124835 0.437422 0.194399 0.130893
2 0 0.130728 0.241878 0.315445 0.007727 0.304221
2 0 0.098054 0.158653 0.512921 0.102632 0.127739
0 0 0.515377 0.105841 0.141893 0.144666 0.092224
3 0 0.188612 0.104058 0.304891 0.308417 0.094021
0 0 0.303264 0.150984 0.238252 0.083903 0.223597
2 0 0.254547 0.148769 0.304802 0.134423 0.157459
2 0 0.297974 0.167920 0.301798 0.102296 0.130012
2 0 0.210990 0.128997 0.312508 0.167867 0.179638
0 0 0.302411 0.126954 0.235465 0.154308 0.180861
2 0 0.049869 0.124216 0.619261 0.131867 0.074786
2 0 0.131975 0.244808 0.367517 0.010539 0.245161
2 0 0.037234 0.086469 0.531210 0.213100 0.131987
2 0 0.069653 0.142766 0.566224 0.104519 0.116839
4 0 0.288906 0.103565 0.084274 0.015587 0.507669
2 0 0.095713 0.147345 0.389184 0.055477 0.312281
2 0 0.137319 0.186601 0.479455 0.076226 0.120398
0 0 0.315676 0.126254 0.247700 0.171872 0.138498
0 0 0.550811 0.105913 0.097984 0.058358 0.186934
3 0 0.139651 0.083947 0.304633 0.410773 0.060997
2 0 0.139227 0.182340 0.504541 0.094664 0.079228
2 0 0.066041 0.144180 0.490737 0.063682 0.235359
2 0 0.203330 0.170862 0.336020 0.076031 0.213757
2 0 0.145293 0.100094 0.301151 0.253629 0.199833
4 0 0.126562 0.107174 0.216702 0.059987 0.489576
2 0 0.115724 0.170879 0.548822 0.107587 0.056989
0 0 0.306024 0.126786 0.233711 0.154405 0.179073
0 0 0.397783 0.097998 0.175377 0.245161 0.083681
4 0 0.317409 0.129728 0.154724 0.046505 0.351634
4 0 0.203358 0.114369 0.188939 0.069862 0.423473
4 0 0.173538 0.111161 0.185886 0.055976 0.473439
2 1 0.118979 0.182863 0.562810 0.091100 0.044247
2 1 0.149929 0.111813 0.318782 0.209630 0.209845
2 1 0.147251 0.127333 0.312692 0.117100 0.295624
2 1 0.091513 0.169127 0.363114 0.025239 0.351007
2 1 0.056871 0.142731 0.490799 0.049556 0.260043
2 1 0.009217 0.039038 0.536262 0.349543 0.065940
4 1 0.038024 0.115691 0.347223 0.019196 0.479867
3 1 0.187136 0.079523 0.240203 0.414421 0.078717
2 1 0.063572 0.169900 0.535901 0.037647 0.192980
2 1 0.041045 0.071168 0.467987 0.341588 0.078212
2 1 0.152342 0.174658 0.404788 0.074629 0.193584
2 1 0.030462 0.060558 0.451663 0.346888 0.110429
0 1 0.253628 0.112954 0.233932 0.186209 0.213278
2 1 0.045720 0.114352 0.589787 0.132411 0.117730
2 1 0.031788 0.109728 0.679034 0.112832 0.066618
2 1 0.056699 0.093004 0.464381 0.219860 0.166057
2 1 0.018380 0.045194 0.443098 0.419300 0.074028
2 1 0.017967 0.061256 0.595748 0.268896 0.056132
2 1 0.086915 0.119874 0.507616 0.208204 0.077390
2 1 0.053602 0.120085 0.585169 0.136203 0.104942
2 1 0.152011 0.240698 0.452840 0.027822 0.126630
0 1 0.671941 0.072313 0.077366 0.138659 0.039722
2 1 0.159559 0.167549 0.396329 0.088784 0.187779
2 1 0.060807 0.154233 0.550770 0.059137 0.175053
2 1 0.019205 0.116288 0.748150 0.052565 0.063791
2 1 0.027404 0.085044 0.566682 0.158250 0.162621
2 1 0.016956 0.065895 0.599176 0.202100 0.115873
2 1 0.051444 0.099697 0.407386 0.103238 0.338236
2 1 0.018514 0.083710 0.683802 0.129198 0.084776
2 1 0.013646 0.072044 0.660137 0.132822 0.121350
2 1 0.048484 0.146538 0.669320 0.079600 0.056058
2 1 0.014872 0.058968 0.595099 0.246370 0.084691
2 1 0.010220 0.075741 0.764946 0.094790 0.054303
2 1 0.065285 0.163042 0.557814 0.057159 0.156700
2 1 0.068122 0.155970 0.564895 0.072674 0.138340
2 1 0.011050 0.049933 0.619838 0.285970 0.033209
2 1 0.007408 0.042924 0.649680 0.273434 0.026555
2 1 0.029472 0.096780 0.672962 0.148702 0.052084
2 1 0.049178 0.113447 0.485594 0.096432 0.255348
2 1 0.027471 0.058869 0.466905 0.372777 0.073978
2 1 0.053989 0.135751 0.446911 0.041939 0.321410
2 1 0.095608 0.186159 0.514870 0.049313 0.154049
2 1 0.060188 0.117718 0.565085 0.172509 0.084499
2 1 0.030606 0.100232 0.672250 0.152791 0.044121
2 1 0.069407 0.142344 0.609665 0.127705 0.050879
2 1 0.019100 0.050132 0.512364 0.396378 0.022026
2 1 0.056019 0.158593 0.632837 0.065076 0.087476
2 1 0.103151 0.152638 0.490477 0.113020 0.140715
2 1 0.076114 0.140243 0.591414 0.144669 0.047559
2 1 0.100520 0.182721 0.578752 0.079124 0.058883
0 1 0.390840 0.150839 0.228813 0.103947 0.125561
2 1 0.166443 0.211696 0.338327 0.023498 0.260036
2 1 0.044608 0.102877 0.484071 0.115183 0.253260
2 1 0.020836 0.097654 0.673971 0.088021 0.119519
2 1 0.116781 0.215930 0.415145 0.020640 0.231504
2 1 0.041921 0.113513 0.635134 0.138792 0.070640
2 1 0.059087 0.144376 0.644708 0.102900 0.048929
2 1 0.110646 0.116147 0.418744 0.223337 0.131125
2 1 0.028859 0.095425 0.644067 0.150347 0.081301
2 1 0.165816 0.242166 0.435835 0.028280 0.127903
2 1 0.142336 0.179022 0.338018 0.036683 0.303940
4 1 0.242448 0.116671 0.225832 0.141442 0.273606
0 0 0.273245 0.127995 0.249833 0.153072 0.195855
3 0 0.261581 0.097759 0.233355 0.305407 0.101898
0 0 0.485499 0.150583 0.190303 0.081151 0.092465
0 0 0.590623 0.104786 0.098942 0.066939 0.138710
0 0 0.892524 0.029769 0.016960 0.052620 0.008127
0 0 0.540463 0.075899 0.108574 0.231446 0.043618
4 0 0.310810 0.110712 0.098515 0.021632 0.458331
2 0 0.242054 0.135395 0.309898 0.186047 0.126606
2 0 0.223796 0.235749 0.320567 0.021126 0.198762
2 0 0.195118 0.214076 0.342548 0.030963 0.217296
2 0 0.081413 0.138177 0.526452 0.124681 0.129277
0 0 0.551409 0.186826 0.201502 0.040450 0.019813
0 0 0.717254 0.070634 0.066653 0.106383 0.039076
0 0 0.688748 0.076380 0.076177 0.113035 0.045659
4 0 0.187248 0.134906 0.278308 0.099358 0.300181
2 0 0.111927 0.231059 0.389870 0.013685 0.253459
2 1 0.038234 0.117871 0.665686 0.115215 0.062994
2 1 0.007219 0.063348 0.798413 0.107218 0.023802
2 1 0.085445 0.166263 0.522394 0.070382 0.155517
3 1 0.015148 0.030424 0.341598 0.580694 0.032136
2 1 0.009557 0.046607 0.627630 0.286147 0.030059
2 1 0.023449 0.118357 0.716555 0.062597 0.079042
2 1 0.005107 0.047572 0.768692 0.154961 0.023668
2 1 0.013905 0.111273 0.766345 0.036204 0.072273
2 1 0.022020 0.124019 0.674391 0.040411 0.139160
2 4 0.019552 0.128064 0.748698 0.036650 0.067037
3 4 0.217113 0.089060 0.218685 0.295749 0.179393
0 4 0.455930 0.117776 0.111497 0.043793 0.271004
2 4 0.194827 0.120868 0.282850 0.168651 0.232804
3 4 0.028740 0.047805 0.418884 0.459920 0.044651
2 4 0.219641 0.128207 0.277272 0.148417 0.226462
2 4 0.142851 0.163279 0.462035 0.122302 0.109533
0 4 0.276052 0.228759 0.224236 0.011669 0.259285
2 4 0.060103 0.170765 0.592808 0.045850 0.130473
2 4 0.032481 0.135821 0.548770 0.031282 0.251645
2 4 0.042540 0.158100 0.591717 0.035601 0.172042
2 4 0.023325 0.155634 0.685145 0.018863 0.117033
2 4 0.022148 0.100248 0.714475 0.108778 0.054351
2 4 0.033630 0.143504 0.647134 0.041422 0.134309
2 4 0.079617 0.125961 0.517884 0.174696 0.101841
0 4 0.595784 0.096344 0.105329 0.108538 0.094005
2 4 0.227605 0.141118 0.300223 0.137139 0.193915
2 4 0.030039 0.114165 0.651146 0.091667 0.112983
2 4 0.012142 0.066341 0.716383 0.169973 0.035161
2 4 0.048068 0.139186 0.620180 0.083727 0.108838
0 4 0.338298 0.141909 0.231691 0.114726 0.173376
3 4 0.111518 0.070263 0.283213 0.454928 0.080078
0 4 0.408783 0.115578 0.158540 0.112956 0.204143
3 4 0.086397 0.054043 0.244631 0.540971 0.073959
2 4 0.035537 0.112826 0.651013 0.126274 0.074350
2 4 0.025538 0.111235 0.685362 0.084115 0.093751
2 4 0.021289 0.078934 0.661753 0.194989 0.043035
2 4 0.011077 0.040766 0.542563 0.393316 0.012277
2 4 0.020403 0.088078 0.688830 0.134380 0.068308
2 4 0.015966 0.109795 0.775464 0.049044 0.049731
2 4 0.078778 0.200732 0.618625 0.043092 0.058772
2 4 0.004624 0.041361 0.741237 0.196503 0.016275
2 4 0.011506 0.067050 0.732357 0.157753 0.031334
2 4 0.016702 0.088593 0.751475 0.109998 0.033233
2 4 0.036491 0.185056 0.596400 0.014647 0.167406
2 4 0.023190 0.109131 0.703593 0.083676 0.080410
2 4 0.080783 0.182975 0.458001 0.029358 0.248883
2 4 0.017005 0.106903 0.705655 0.049284 0.121152
2 4 0.152830 0.154062 0.394778 0.108850 0.189479
2 4 0.046634 0.093746 0.552775 0.244870 0.061976
2 4 0.044956 0.138035 0.601157 0.069931 0.145921
2 4 0.013705 0.083386 0.724698 0.098871 0.079340
2 4 0.065756 0.132748 0.571440 0.119936 0.110120
3 4 0.093563 0.068636 0.323308 0.474750 0.039743
0 4 0.501639 0.107177 0.146202 0.147281 0.097701
0 4 0.394506 0.118284 0.111889 0.035303 0.340017
0 4 0.736638 0.066587 0.060374 0.101566 0.034835
2 4 0.020031 0.055453 0.514916 0.334150 0.075450
2 4 0.120362 0.149215 0.396517 0.087963 0.245943
2 4 0.062801 0.124499 0.485465 0.099321 0.227914
2 4 0.026162 0.125557 0.689213 0.053969 0.105099
2 4 0.038256 0.091337 0.562806 0.216816 0.090786
2 4 0.192265 0.227042 0.340149 0.023248 0.217296
2 4 0.076390 0.189545 0.584267 0.042738 0.107059
2 4 0.019155 0.089815 0.724424 0.127261 0.039345
2 4 0.009746 0.068021 0.754750 0.123325 0.044158
2 4 0.082818 0.152718 0.566148 0.106494 0.091823
2 4 0.025082 0.115323 0.712738 0.079542 0.067314
2 4 0.008764 0.053498 0.704286 0.201891 0.031561
2 4 0.060691 0.178728 0.579427 0.037464 0.143690
2 4 0.167757 0.244513 0.491184 0.035086 0.061460
2 4 0.211592 0.179284 0.286501 0.042876 0.279746
2 4 0.169813 0.175500 0.477929 0.121755 0.055003
2 4 0.201376 0.109153 0.293523 0.254612 0.141336
4 4 0.154882 0.107078 0.250921 0.136038 0.351081
2 4 0.052915 0.106560 0.510719 0.165023 0.164783
0 4 0.536248 0.102892 0.132493 0.140413 0.087954
0 4 0.691929 0.075751 0.075098 0.112318 0.044904
0 4 0.648063 0.084158 0.090342 0.121672 0.055765
3 4 0.317470 0.087705 0.190869 0.331643 0.072313
0 4 0.416015 0.118247 0.182866 0.152256 0.130616
0 4 0.268986 0.131539 0.230014 0.108398 0.261063
0 4 0.346164 0.120576 0.140515 0.053415 0.339329
2 4 0.064777 0.157872 0.555608 0.064368 0.157375
2 4 0.042395 0.188306 0.654416 0.021196 0.093687
2 4 0.071084 0.228597 0.470965 0.010069 0.219285
2 4 0.024448 0.132640 0.711453 0.040762 0.090698
2 4 0.008706 0.049068 0.677374 0.245711 0.019141
2 4 0.018687 0.126941 0.744593 0.032614 0.077165
2 4 0.037215 0.160607 0.543482 0.019247 0.239449
2 4 0.045225 0.171780 0.665340 0.034202 0.083453
2 4 0.017122 0.114765 0.788881 0.046950 0.032281
2 1 0.080748 0.199884 0.581269 0.038585 0.099515
2 1 0.038271 0.130899 0.646588 0.072348 0.111895
2 1 0.063906 0.178891 0.500500 0.027968 0.228734
2 2 0.014204 0.046427 0.529960 0.361045 0.048364
2 2 0.062143 0.102588 0.378836 0.096460 0.359974
4 2 0.116343 0.156371 0.269853 0.020948 0.436484
3 2 0.083285 0.068627 0.313481 0.425090 0.109517
2 1 0.086992 0.100232 0.360528 0.174120 0.278127
4 1 0.180536 0.157685 0.257533 0.040465 0.363781
3 1 0.098499 0.078806 0.332503 0.372689 0.117503
4 1 0.155625 0.171015 0.201155 0.010646 0.461560
2 1 0.142427 0.158558 0.423630 0.100628 0.174757
2 1 0.040055 0.107293 0.571291 0.123661 0.157701
2 2 0.127142 0.112737 0.401676 0.264041 0.094403
2 2 0.038970 0.067808 0.435561 0.310152 0.147508
3 2 0.115104 0.090315 0.337402 0.340230 0.116949
3 2 0.011822 0.031989 0.416874 0.507119 0.032196
2 2 0.089862 0.082751 0.356982 0.342298 0.128107
2 2 0.139670 0.201853 0.484135 0.056060 0.118282
0 2 0.565076 0.098445 0.121188 0.136276 0.079016
4 2 0.258375 0.115468 0.140011 0.039902 0.446244
4 2 0.185836 0.161433 0.259603 0.039648 0.353479
2 2 0.080128 0.093073 0.348094 0.186286 0.292418
2 1 0.228558 0.130605 0.321970 0.211731 0.107137
4 1 0.184166 0.159027 0.250868 0.037219 0.368720
2 1 0.083178 0.111406 0.515662 0.249101 0.040653
0 0 0.407022 0.096524 0.170405 0.245909 0.080140
4 1 0.207349 0.098305 0.089721 0.013487 0.591138
2 1 0.050594 0.093915 0.442125 0.154093 0.259273
2 1 0.067005 0.094576 0.466191 0.269608 0.102620
2 1 0.046112 0.075528 0.435766 0.281357 0.161237
2 1 0.057626 0.081375 0.416119 0.270460 0.174419
2 1 0.022803 0.064134 0.513818 0.238509 0.160737
2 1 0.063968 0.142171 0.553814 0.085429 0.154617
2 1 0.035118 0.140377 0.668306 0.048314 0.107885
0 1 0.327541 0.194653 0.252908 0.040875 0.184023
0 1 0.356339 0.129169 0.245465 0.191341 0.077687
0 1 0.411428 0.119198 0.114843 0.039388 0.315142
0 1 0.291629 0.240614 0.287108 0.020830 0.159819
2 1 0.191435 0.146245 0.304523 0.096823 0.260974
4 1 0.237443 0.175271 0.249358 0.037265 0.300663
3 0 0.062117 0.040347 0.222355 0.644980 0.030201
2 1 0.230320 0.193769 0.291276 0.037362 0.247273
3 1 0.096502 0.041907 0.183270 0.646452 0.031868
2 1 0.073887 0.134782 0.578582 0.149874 0.062876
2 1 0.062194 0.120699 0.526289 0.142267 0.148551
4 1 0.188241 0.157604 0.233149 0.032288 0.388719
2 0 0.196904 0.178505 0.393613 0.091977 0.139000
2 1 0.064828 0.136757 0.394982 0.039985 0.363449
2 1 0.044841 0.117818 0.608472 0.116520 0.112349
2 1 0.154178 0.196256 0.351954 0.032193 0.265420
2 0 0.153714 0.104877 0.297696 0.226311 0.217402
2 0 0.141899 0.167454 0.423593 0.087116 0.179939
0 0 0.353028 0.132411 0.188402 0.089233 0.236926
2 0 0.027369 0.148680 0.718646 0.032848 0.072457
4 0 0.063400 0.097359 0.207778 0.019962 0.611501
0 0 0.704914 0.083148 0.069169 0.067476 0.075293
0 0 0.633555 0.096424 0.091231 0.077494 0.101296
0 0 0.294509 0.127293 0.239321 0.154054 0.184824
2 0 0.053611 0.153172 0.685878 0.074969 0.032370
0 0 0.480747 0.110653 0.155096 0.146994 0.106510
2 0 0.282173 0.160993 0.310546 0.119834 0.126454
2 0 0.078776 0.173490 0.492944 0.042972 0.211819
2 0 0.047844 0.139656 0.681971 0.094023 0.036506
2 0 0.092230 0.119926 0.457857 0.196802 0.133184
2 0 0.265064 0.162451 0.308711 0.107320 0.156453
3 0 0.036069 0.047247 0.343868 0.511388 0.061429
2 0 0.105973 0.161453 0.574177 0.117654 0.040743
2 0 0.043980 0.135727 0.646971 0.078534 0.094787
2 0 0.186733 0.206284 0.347438 0.034575 0.224968
2 0 0.063163 0.193837 0.505342 0.020401 0.217256
2 0 0.219641 0.128207 0.277272 0.148417 0.226462
0 0 0.461984 0.074576 0.124896 0.294849 0.043695
3 0 0.174559 0.082268 0.255914 0.398860 0.088398
3 0 0.188917 0.062202 0.191459 0.510549 0.046873
3 0 0.122183 0.082857 0.311038 0.391403 0.092519
2 0 0.043225 0.180587 0.598732 0.019678 0.157778
3 0 0.216289 0.101709 0.275034 0.312483 0.094485
2 0 0.040566 0.066352 0.471058 0.389497 0.032527
4 0 0.285902 0.116545 0.124318 0.031382 0.441853
4 0 0.263575 0.086695 0.054996 0.007349 0.587384
2 0 0.107884 0.101375 0.358331 0.236952 0.195458
4 0 0.154414 0.105091 0.246148 0.132263 0.362085
4 0 0.156720 0.124814 0.137681 0.011831 0.568955
2 0 0.012300 0.054284 0.628198 0.251243 0.053974
2 0 0.190304 0.158367 0.318003 0.080448 0.252879
2 0 0.069781 0.109244 0.513442 0.228293 0.079239
2 0 0.052998 0.114067 0.545655 0.150297 0.136983
2 0 0.163875 0.182795 0.365779 0.051576 0.235976
2 0 0.026682 0.155870 0.666074 0.020103 0.131270
2 0 0.022935 0.125886 0.675782 0.039286 0.136112
2 0 0.032824 0.144733 0.578142 0.028273 0.216029
2 0 0.065691 0.221519 0.524635 0.012944 0.175211
3 0 0.266504 0.085907 0.209803 0.362037 0.075750
2 0 0.049405 0.108474 0.577914 0.166581 0.097627
4 0 0.200354 0.192034 0.196691 0.009645 0.401276
2 0 0.063052 0.136195 0.596568 0.122469 0.081716
2 0 0.040523 0.078776 0.514805 0.294767 0.071128
4 0 0.183685 0.189519 0.241400 0.016515 0.368881
2 0 0.060872 0.129679 0.598507 0.135377 0.075564
2 0 0.021289 0.097890 0.701507 0.096587 0.082727
2 1 0.020528 0.093685 0.472971 0.037428 0.375387
2 1 0.007763 0.073056 0.723370 0.056371 0.139440
2 1 0.012004 0.102160 0.700074 0.030221 0.155540
2 1 0.012012 0.115850 0.759071 0.021490 0.091577
2 1 0.041911 0.149438 0.634854 0.041681 0.132117
2 1 0.109561 0.105283 0.411469 0.285723 0.087964
2 1 0.152093 0.107186 0.308263 0.224663 0.207795
2 4 0.057940 0.155900 0.525389 0.043072 0.217699
0 4 0.367507 0.128315 0.166562 0.074738 0.262878
3 4 0.009704 0.012262 0.163013 0.806541 0.008479
3 4 0.079203 0.040953 0.197576 0.647820 0.034447
0 4 0.548294 0.172517 0.145907 0.026113 0.107169
4 4 0.211561 0.108696 0.242870 0.184922 0.251952
2 4 0.220888 0.114838 0.261965 0.187640 0.214670
4 4 0.214766 0.133306 0.181167 0.036283 0.434479
0 4 0.495221 0.123935 0.170973 0.128695 0.081176
0 4 0.455682 0.097666 0.059574 0.013836 0.373242
3 4 0.179263 0.088612 0.273150 0.364539 0.094436
0 4 0.418775 0.119066 0.161293 0.108690 0.192175
2 4 0.072018 0.084980 0.421543 0.307822 0.113638
2 4 0.019307 0.098532 0.697943 0.083637 0.100581
2 4 0.012080 0.091905 0.725321 0.051398 0.119295
2 4 0.013465 0.085886 0.747400 0.082660 0.070589
4 4 0.363060 0.110158 0.090490 0.021719 0.414572
3 4 0.177440 0.063724 0.202747 0.504978 0.051110
2 4 0.249038 0.139917 0.293128 0.147937 0.169980
2 4 0.017643 0.101335 0.615131 0.043013 0.222878
2 4 0.033791 0.166739 0.635253 0.020642 0.143575
2 4 0.008223 0.072297 0.813751 0.080815 0.024915
2 4 0.010606 0.068147 0.735978 0.125425 0.059845
2 4 0.027408 0.110277 0.699604 0.096637 0.066074
2 4 0.194430 0.134893 0.357536 0.197511 0.115629
2 4 0.153961 0.190094 0.445045 0.070237 0.140663
2 4 0.029399 0.069695 0.535320 0.313218 0.052368
4 4 0.160356 0.214931 0.302065 0.015518 0.307131
0 4 0.298050 0.118448 0.188255 0.108230 0.287017
2 4 0.169056 0.143991 0.345558 0.119171 0.222224
2 4 0.104041 0.178107 0.455985 0.049977 0.211891
2 4 0.028820 0.100515 0.628224 0.110254 0.132188
2 4 0.032352 0.110824 0.557960 0.068016 0.230848
2 4 0.053966 0.154675 0.554964 0.047929 0.188466
2 4 0.101585 0.112555 0.432842 0.232762 0.120256
3 4 0.070388 0.058874 0.302240 0.497855 0.070643
2 4 0.159794 0.126492 0.339921 0.154914 0.218878
2 4 0.048159 0.182278 0.543832 0.017949 0.207782
2 4 0.025728 0.143149 0.604016 0.019562 0.207544
2 4 0.063400 0.120339 0.509332 0.127223 0.179706
2 4 0.028479 0.068126 0.536955 0.312318 0.054122
2 4 0.015214 0.102442 0.771772 0.056411 0.054161
0 4 0.379370 0.121763 0.199277 0.153992 0.145597
2 4 0.010388 0.059615 0.705584 0.182524 0.041889
2 4 0.272822 0.161360 0.287032 0.090090 0.188696
2 4 0.296514 0.155742 0.299057 0.133207 0.115480
4 4 0.108357 0.117222 0.286322 0.075662 0.412437
2 4 0.018140 0.057768 0.579428 0.318384 0.026280
2 4 0.010662 0.044167 0.571001 0.332274 0.041897
3 4 0.052788 0.062687 0.376499 0.457692 0.050335
2 4 0.140152 0.188095 0.388708 0.044889 0.238157
2 4 0.062053 0.117715 0.544491 0.165531 0.110210
2 1 0.045724 0.157463 0.584955 0.040435 0.171422
2 1 0.014419 0.075931 0.746794 0.143764 0.019092
2 1 0.019684 0.089483 0.721284 0.129530 0.040020
2 1 0.041878 0.110680 0.605765 0.145102 0.096575
2 1 0.056886 0.160185 0.622393 0.064766 0.095770
2 1 0.094933 0.151380 0.383212 0.051327 0.319147
2 1 0.117326 0.195554 0.508222 0.052641 0.126258
2 1 0.043493 0.069196 0.463319 0.380026 0.043965
2 1 0.109396 0.216686 0.453313 0.025637 0.194968
2 1 0.154878 0.176371 0.351200 0.050845 0.266706
2 1 0.064256 0.161649 0.432815 0.026508 0.314771
2 1 0.057514 0.155701 0.636509 0.072111 0.078165
2 1 0.021173 0.102558 0.714008 0.086378 0.075884
2 1 0.084392 0.102359 0.444599 0.270694 0.097955
2 1 0.055584 0.079845 0.451128 0.356051 0.057392
2 1 0.114060 0.122804 0.377285 0.152973 0.232878
2 1 0.047808 0.133520 0.655890 0.103868 0.058914
2 1 0.027607 0.069035 0.525275 0.271942 0.106140
2 1 0.033751 0.091927 0.633835 0.201031 0.039456
0 2 0.565360 0.098400 0.121078 0.136232 0.078930
0 2 0.471296 0.111864 0.159056 0.147928 0.109856
2 2 0.092346 0.122660 0.460585 0.177856 0.146553
2 2 0.143175 0.141547 0.470296 0.199630 0.045352
3 2 0.029547 0.032550 0.261141 0.638461 0.038301
2 2 0.091174 0.176258 0.585754 0.077226 0.069589
2 2 0.097890 0.138108 0.532109 0.167745 0.064148
4 2 0.091347 0.121341 0.302303 0.057171 0.427837
2 1 0.092829 0.214776 0.551040 0.032236 0.109119
2 1 0.096757 0.171326 0.550191 0.083152 0.098573
2 1 0.075656 0.194916 0.578789 0.037353 0.113285
2 1 0.131084 0.203676 0.474114 0.050298 0.140827
2 1 0.059019 0.165680 0.647005 0.063659 0.064636
0 0 0.428358 0.115735 0.154874 0.111519 0.189514
0 0 0.679875 0.070725 0.074582 0.136858 0.037960
2 1 0.182357 0.245620 0.361341 0.018572 0.192110
2 1 0.026372 0.141479 0.706931 0.038267 0.086950
2 1 0.019707 0.097602 0.724910 0.098794 0.058987
2 1 0.026513 0.116699 0.680191 0.073016 0.103581
2 2 0.018488 0.090320 0.687069 0.107909 0.096213
2 2 0.057657 0.108066 0.571170 0.224296 0.038811
3 2 0.016110 0.038377 0.410906 0.495914 0.038693
2 2 0.014674 0.051363 0.570155 0.335772 0.028036
2 2 0.018200 0.075470 0.641511 0.172783 0.092036
2 2 0.166136 0.175130 0.409767 0.087595 0.161372
2 2 0.118531 0.147905 0.386029 0.082175 0.265360
2 2 0.093078 0.133458 0.383878 0.072390 0.317197
3 2 0.085968 0.068058 0.313477 0.446166 0.086331
2 2 0.030259 0.113017 0.637038 0.081518 0.138167
2 2 0.045185 0.130360 0.478506 0.040391 0.305559
2 2 0.096923 0.172631 0.530190 0.078853 0.121403
2 2 0.045601 0.101363 0.590852 0.196329 0.065855
2 2 0.046023 0.074973 0.466785 0.348814 0.063404
3 2 0.154383 0.094092 0.322379 0.368636 0.060511
3 2 0.012302 0.012909 0.145561 0.819510 0.009718
3 2 0.024692 0.023801 0.210972 0.723092 0.017443
2 2 0.125718 0.101615 0.296850 0.187075 0.288742
3 2 0.037638 0.024056 0.165982 0.754860 0.017463
3 2 0.028432 0.027410 0.231972 0.691929 0.020257
2 2 0.184977 0.134803 0.384175 0.207636 0.088409
3 2 0.118200 0.082597 0.308242 0.376073 0.114888
3 2 0.051067 0.054268 0.341862 0.495717 0.057086
3 2 0.075295 0.040500 0.205521 0.656808 0.021877
2 2 0.183709 0.183186 0.457843 0.106119 0.069143
3 2 0.027506 0.017283 0.131459 0.810452 0.013300
3 2 0.105912 0.044087 0.187338 0.635623 0.027040
3 2 0.045686 0.043046 0.281527 0.588525 0.041216
3 2 0.055624 0.036439 0.203367 0.657934 0.046637
2 2 0.253210 0.112808 0.258471 0.233298 0.142213
0 0 0.747948 0.064173 0.056788 0.098642 0.032449
4 1 0.355544 0.128843 0.124839 0.030074 0.360701
4 1 0.232659 0.204959 0.200466 0.010014 0.351902
4 1 0.311087 0.170766 0.128923 0.008676 0.380547
2 1 0.067694 0.115621 0.496885 0.150822 0.168979
2 1 0.056843 0.074007 0.413571 0.367991 0.087588
2 1 0.154305 0.187460 0.421873 0.064542 0.171820
4 1 0.227943 0.186887 0.214592 0.017179 0.353399
2 1 0.152897 0.208359 0.324135 0.019460 0.295149
2 1 0.142335 0.218944 0.396303 0.023732 0.218686
2 1 0.151934 0.197525 0.356883 0.030769 0.262889
4 1 0.097503 0.168152 0.342844 0.025038 0.366463
4 1 0.120617 0.257835 0.247530 0.002559 0.371460
4 1 0.126735 0.173034 0.323532 0.026894 0.349805
2 1 0.058877 0.210526 0.596446 0.018677 0.115473
2 1 0.040787 0.128926 0.583326 0.068405 0.178555
4 1 0.103344 0.122344 0.279218 0.049707 0.445387
2 1 0.135705 0.160556 0.354423 0.057249 0.292068
0 1 0.357699 0.123546 0.209225 0.154561 0.154969
4 1 0.238003 0.131195 0.244911 0.109115 0.276776
2 1 0.081451 0.163494 0.406532 0.032348 0.316175
2 1 0.137030 0.130205 0.403908 0.172819 0.156037
2 1 0.140198 0.232019 0.488508 0.033300 0.105975
4 1 0.165962 0.189398 0.238311 0.013513 0.392815
4 1 0.161176 0.123463 0.157622 0.019298 0.538442
2 1 0.201652 0.241089 0.358031 0.022230 0.176998
2 1 0.111778 0.190128 0.402381 0.033064 0.262650
2 1 0.073553 0.188417 0.489678 0.025694 0.222658
2 1 0.047902 0.186495 0.529706 0.015104 0.220794
2 1 0.018466 0.096963 0.698642 0.079261 0.106667
2 1 0.025369 0.076828 0.518908 0.153280 0.225615
2 1 0.062151 0.091053 0.448512 0.229917 0.168368
2 1 0.130868 0.124731 0.362957 0.141001 0.240444
0 1 0.518526 0.135852 0.113141 0.030871 0.201610
2 1 0.050890 0.165560 0.601640 0.043762 0.138148
2 1 0.066067 0.122392 0.532573 0.149627 0.129340
2 1 0.066370 0.136262 0.427855 0.054854 0.314659
2 1 0.021824 0.063485 0.549098 0.273766 0.091827
2 1 0.084070 0.128801 0.505645 0.153208 0.128277
2 1 0.053575 0.157737 0.665496 0.063571 0.059621
2 1 0.073481 0.160017 0.421227 0.033678 0.311597
2 1 0.245741 0.143093 0.284649 0.123786 0.202732
0 2 0.404561 0.120016 0.187401 0.149174 0.138849
2 2 0.163988 0.246307 0.428786 0.024417 0.136502
2 2 0.154518 0.209814 0.495912 0.059333 0.080423
0 2 0.407683 0.111471 0.183602 0.184473 0.112771
2 2 0.170623 0.158830 0.357748 0.092436 0.220362
2 2 0.074150 0.150669 0.595095 0.112395 0.067691
2 2 0.023510 0.053237 0.489344 0.402220 0.031689
2 2 0.057562 0.090838 0.481280 0.265233 0.105087
2 2 0.048959 0.109462 0.464950 0.092837 0.283792
2 2 0.006117 0.034770 0.600901 0.318982 0.039229
2 2 0.036365 0.113893 0.610145 0.106151 0.133446
2 2 0.158007 0.191300 0.443967 0.070845 0.135881
2 2 0.020595 0.072566 0.634378 0.213247 0.059214
3 2 0.017176 0.031543 0.345505 0.593320 0.012457
2 2 0.055526 0.178679 0.659965 0.040586 0.065244
0 2 0.441813 0.115421 0.171615 0.150483 0.120668
0 2 0.282895 0.127715 0.245038 0.153573 0.190780
2 2 0.056557 0.157133 0.450158 0.026056 0.310096
4 2 0.124839 0.144704 0.321208 0.057062 0.352187
2 2 0.019138 0.060042 0.567498 0.288555 0.064767
2 2 0.036799 0.077368 0.485164 0.239342 0.161326
2 2 0.054637 0.129130 0.573536 0.108337 0.134360
2 2 0.148676 0.200361 0.403737 0.037797 0.209429
2 1 0.102304 0.164721 0.500473 0.083827 0.148675
0 1 0.342440 0.121169 0.213852 0.166544 0.155995
3 0 0.019694 0.031016 0.319789 0.614819 0.014682
4 0 0.170315 0.187623 0.265460 0.020213 0.356388
0 0 0.481253 0.110587 0.154885 0.146942 0.106332
0 0 0.742505 0.065339 0.058507 0.100060 0.033589
3 0 0.216952 0.046575 0.132037 0.580177 0.024259
2 0 0.107353 0.213860 0.422966 0.018475 0.237347
2 0 0.039867 0.100045 0.505465 0.117368 0.237255
2 0 0.073375 0.122064 0.458579 0.129813 0.216169
2 0 0.026898 0.117393 0.712173 0.078183 0.065353
3 0 0.015018 0.022093 0.245878 0.699977 0.017034
2 0 0.089502 0.147725 0.560575 0.128918 0.073279
2 0 0.010742 0.065368 0.740897 0.153187 0.029807
2 1 0.013537 0.046684 0.525587 0.357538 0.056654
2 1 0.022464 0.120192 0.736636 0.052047 0.068660
2 1 0.069331 0.175229 0.528981 0.037291 0.189168
2 1 0.058619 0.135320 0.642085 0.123535 0.040440
2 1 0.129042 0.218639 0.366663 0.016938 0.268719
2 1 0.249959 0.128383 0.261582 0.151459 0.208616
2 1 0.049134 0.145948 0.445521 0.026838 0.332558
4 4 0.155585 0.104662 0.244423 0.137925 0.357405
4 4 0.241362 0.211474 0.230657 0.014143 0.302364
4 4 0.320342 0.123776 0.151018 0.052950 0.351915
4 4 0.288145 0.104757 0.087213 0.016472 0.503414
0 4 0.554154 0.059387 0.084922 0.275570 0.025967
2 4 0.041036 0.109731 0.651183 0.161943 0.036107
