0 0 0.471392 0.097193 0.134973 0.134511 0.161930
0 0 0.474577 0.092428 0.074137 0.024977 0.333881
4 1 0.234616 0.246987 0.228349 0.006891 0.283156
2 1 0.049140 0.176469 0.534313 0.017772 0.222306
2 1 0.069492 0.231996 0.448831 0.006403 0.243277
2 4 0.104372 0.202321 0.444966 0.026991 0.221350
2 4 0.037891 0.166457 0.595367 0.016463 0.183822
2 4 0.177603 0.163909 0.342271 0.056515 0.259702
4 4 0.243202 0.085815 0.069153 0.022164 0.579666
2 4 0.077034 0.228254 0.494699 0.013093 0.186920
2 4 0.029436 0.165694 0.624179 0.015680 0.165012
2 4 0.062682 0.247901 0.496611 0.005410 0.187395
4 4 0.153832 0.106145 0.138112 0.024729 0.577181
2 4 0.104134 0.136504 0.388138 0.199059 0.172165
2 4 0.105487 0.179881 0.452353 0.038531 0.223748
2 4 0.041955 0.171076 0.656377 0.027741 0.102852
4 4 0.126639 0.163865 0.242496 0.020875 0.446125
2 4 0.039134 0.191574 0.602370 0.011357 0.155565
2 4 0.034136 0.169724 0.584779 0.014357 0.197005
2 4 0.025511 0.103483 0.665283 0.099107 0.106617
2 2 0.034694 0.152942 0.701189 0.032301 0.078874
2 2 0.018197 0.107696 0.759156 0.053934 0.061017
2 2 0.010525 0.095534 0.800125 0.037319 0.056497
2 2 0.012232 0.091287 0.801602 0.055726 0.039154
2 2 0.026104 0.121633 0.716914 0.066697 0.068652
2 2 0.055126 0.203614 0.557711 0.013273 0.170276
2 2 0.062169 0.217535 0.559743 0.013792 0.146763
2 2 0.014294 0.069672 0.740924 0.138932 0.036177
2 3 0.036155 0.124332 0.699156 0.067152 0.073206
2 3 0.054054 0.176282 0.660753 0.031511 0.077399
2 3 0.013814 0.044424 0.500516 0.406723 0.034524
2 3 0.036797 0.062416 0.541172 0.331680 0.027935
2 3 0.078037 0.079198 0.433875 0.358335 0.050555
2 3 0.019205 0.053489 0.568226 0.329797 0.029284
3 3 0.034813 0.025491 0.214628 0.706408 0.018660
3 3 0.017729 0.034001 0.366698 0.558159 0.023413
3 3 0.096452 0.049518 0.300591 0.526610 0.026829
3 3 0.017531 0.029971 0.317539 0.601258 0.033701
3 3 0.066744 0.049523 0.297798 0.537704 0.048231
3 3 0.012164 0.008341 0.115002 0.858418 0.006076
3 3 0.029945 0.022405 0.201618 0.727089 0.018943
3 3 0.010940 0.009076 0.134224 0.839822 0.005938
3 3 0.040613 0.024176 0.180800 0.734429 0.019983
3 3 0.011986 0.009622 0.129582 0.841600 0.007210
3 3 0.074365 0.047852 0.324208 0.528806 0.024768
3 3 0.061811 0.027780 0.180500 0.699530 0.030379
3 3 0.072242 0.037591 0.224170 0.637209 0.028788
3 3 0.020087 0.007999 0.097119 0.869175 0.005620
3 3 0.021403 0.008480 0.099810 0.864308 0.005999
3 3 0.029638 0.020075 0.172275 0.761711 0.016300
4 3 0.158461 0.203663 0.257103 0.017606 0.363166
4 3 0.118193 0.139978 0.291077 0.102992 0.347760
3 3 0.076825 0.066314 0.307954 0.482154 0.066753
3 3 0.052217 0.064908 0.320305 0.488644 0.073926
4 3 0.212633 0.140415 0.240013 0.149617 0.257322
2 3 0.204050 0.160227 0.312056 0.102987 0.220681
2 3 0.217778 0.176217 0.325292 0.114382 0.166331
2 3 0.144069 0.209824 0.439610 0.052606 0.153891
2 3 0.068643 0.165272 0.413204 0.030642 0.322238
4 3 0.158937 0.182935 0.278391 0.043857 0.335881
4 3 0.194205 0.153370 0.262457 0.066511 0.323457
2 3 0.080017 0.132075 0.401197 0.149653 0.237059
2 3 0.161232 0.145865 0.343484 0.213187 0.136231
4 3 0.223744 0.146883 0.100555 0.005239 0.523580
2 3 0.095191 0.090633 0.388717 0.347150 0.078309
3 3 0.078115 0.077776 0.361236 0.399097 0.083776
0 3 0.296762 0.113212 0.212116 0.215038 0.162872
3 3 0.031053 0.045837 0.360352 0.516049 0.046710
2 3 0.121110 0.129236 0.442663 0.195085 0.111906
2 3 0.142920 0.125224 0.346997 0.244769 0.140091
4 3 0.192139 0.086995 0.071942 0.020444 0.628480
3 3 0.096251 0.086668 0.355615 0.361187 0.100279
3 3 0.108663 0.073375 0.317549 0.445201 0.055211
2 3 0.223467 0.163858 0.399038 0.111826 0.101810
3 3 0.061066 0.048774 0.257536 0.583307 0.049317
2 3 0.145755 0.150297 0.417449 0.185036 0.101463
4 3 0.209469 0.175701 0.258341 0.058610 0.297879
4 3 0.148123 0.100699 0.159582 0.050730 0.540866
4 3 0.114947 0.142585 0.285334 0.087259 0.369875
2 3 0.153012 0.207814 0.454093 0.076120 0.108961
2 3 0.112279 0.122925 0.362155 0.277758 0.124883
2 3 0.124098 0.090641 0.369538 0.356931 0.058793
4 3 0.220800 0.143694 0.188109 0.059375 0.388022
2 3 0.177841 0.202965 0.349744 0.056225 0.213225
2 3 0.035776 0.088590 0.560131 0.242135 0.073368
4 3 0.112681 0.156078 0.303565 0.077402 0.350273
2 3 0.109909 0.112469 0.375272 0.215290 0.187059
0 3 0.302981 0.162779 0.262417 0.099481 0.172342
2 3 0.076407 0.072803 0.420940 0.390152 0.039698
3 3 0.176712 0.102032 0.311100 0.321174 0.088983
3 3 0.098495 0.086578 0.310695 0.354941 0.149292
2 3 0.129685 0.240276 0.472257 0.031531 0.126251
4 3 0.193114 0.133625 0.256289 0.099826 0.317147
3 3 0.072541 0.070722 0.304978 0.473943 0.077815
2 3 0.270085 0.149807 0.288423 0.074890 0.216795
0 3 0.474591 0.104097 0.142713 0.118349 0.160250
4 3 0.235533 0.164123 0.156477 0.017542 0.426326
2 3 0.055720 0.127152 0.493609 0.122281 0.201239
2 3 0.062137 0.225698 0.372138 0.005218 0.334809
4 3 0.063434 0.158468 0.354709 0.021786 0.401604
2 3 0.046473 0.150502 0.570667 0.052118 0.180240
2 3 0.029954 0.089974 0.671515 0.167077 0.041481
2 3 0.020753 0.063077 0.511462 0.336594 0.068115
2 3 0.030176 0.086155 0.645704 0.200345 0.037620
2 3 0.044497 0.089779 0.459010 0.235536 0.171179
2 3 0.019144 0.070317 0.634131 0.205581 0.070828
3 3 0.013223 0.031517 0.400637 0.533212 0.021411
2 3 0.034354 0.083310 0.597204 0.243501 0.041631
2 3 0.050278 0.116650 0.482226 0.129196 0.221650
0 3 0.726933 0.044030 0.060112 0.127047 0.041878
0 3 0.521942 0.087092 0.121761 0.140132 0.129073
2 3 0.177420 0.261419 0.476582 0.018198 0.066380
2 3 0.025201 0.093519 0.623185 0.140042 0.118054
2 3 0.017209 0.076029 0.685058 0.173883 0.047822
2 3 0.047837 0.110930 0.600278 0.154860 0.086095
2 3 0.025343 0.120626 0.610272 0.062240 0.181519
2 3 0.067526 0.141724 0.574748 0.097068 0.118933
2 3 0.027056 0.096924 0.654098 0.130840 0.091083
2 3 0.021979 0.074211 0.624083 0.218993 0.060734
2 3 0.033517 0.130277 0.617240 0.050348 0.168618
2 3 0.064774 0.142723 0.607061 0.093100 0.092343
2 3 0.074809 0.155218 0.520448 0.079577 0.169948
0 3 0.326711 0.144542 0.257334 0.046188 0.225225
2 3 0.252219 0.290551 0.398578 0.007409 0.051243
2 3 0.036147 0.088203 0.573267 0.231504 0.070879
2 3 0.036947 0.123748 0.560982 0.072469 0.205854
2 3 0.087522 0.182821 0.406634 0.022976 0.300046
2 3 0.024946 0.095770 0.621032 0.138112 0.120140
2 3 0.037769 0.137347 0.629699 0.058168 0.137017
2 3 0.234438 0.152647 0.307371 0.089791 0.215754
3 3 0.157372 0.053880 0.225134 0.521772 0.041843
2 3 0.045938 0.149863 0.587234 0.052365 0.164601
2 3 0.043051 0.116566 0.543749 0.093268 0.203366
2 3 0.110133 0.197547 0.406838 0.031862 0.253620
2 3 0.024674 0.098751 0.711713 0.115565 0.049298
2 3 0.012453 0.065795 0.645266 0.204361 0.072125
2 3 0.062428 0.125841 0.460304 0.110545 0.240883
2 3 0.133578 0.171529 0.396530 0.059048 0.239315
2 3 0.091878 0.158728 0.522933 0.105906 0.120555
3 3 0.039571 0.046008 0.389649 0.493384 0.031388
4 3 0.270974 0.090954 0.079038 0.006562 0.552472
0 3 0.708238 0.100698 0.121739 0.029810 0.039515
2 3 0.194501 0.257948 0.444125 0.013870 0.089555
2 3 0.046755 0.094488 0.543905 0.186345 0.128507
4 3 0.235014 0.093530 0.049764 0.003358 0.618333
4 3 0.187065 0.128558 0.162640 0.044725 0.477012
4 3 0.230950 0.228737 0.248708 0.014687 0.276917
3 3 0.016341 0.032535 0.324086 0.571108 0.055930
2 3 0.083166 0.124841 0.445980 0.095432 0.250581
2 3 0.055851 0.181438 0.549226 0.023840 0.189645
3 3 0.049977 0.034934 0.277122 0.599168 0.038800
3 3 0.007874 0.014991 0.237825 0.728831 0.010479
3 3 0.027325 0.038815 0.298735 0.598356 0.036769
3 3 0.011597 0.023695 0.355587 0.596022 0.013099
3 3 0.008043 0.017098 0.268699 0.690736 0.015424
3 3 0.011737 0.010621 0.139397 0.830326 0.007919
3 3 0.028412 0.045611 0.358129 0.530539 0.037309
3 3 0.014283 0.030767 0.400190 0.541452 0.013309
2 3 0.016996 0.070131 0.662649 0.205165 0.045060
2 3 0.030365 0.091067 0.538095 0.170167 0.170306
2 2 0.041759 0.150104 0.591713 0.048152 0.168272
2 2 0.022341 0.079482 0.634179 0.205259 0.058738
2 2 0.026341 0.105046 0.641379 0.098385 0.128849
2 2 0.051171 0.143583 0.553054 0.044947 0.207245
2 2 0.014383 0.094454 0.732036 0.066317 0.092810
2 2 0.026141 0.111941 0.706294 0.069163 0.086461
2 2 0.023907 0.107888 0.686117 0.066587 0.115501
2 3 0.025378 0.128447 0.644545 0.036164 0.165465
2 3 0.038066 0.172999 0.601662 0.022376 0.164898
2 3 0.037820 0.109635 0.540685 0.106252 0.205607
2 3 0.025650 0.108778 0.686717 0.086438 0.092418
2 3 0.022429 0.088840 0.653494 0.161498 0.073739
2 3 0.012846 0.072436 0.736144 0.134938 0.043636
2 3 0.038157 0.147858 0.660982 0.039145 0.113858
2 3 0.074770 0.206852 0.418851 0.014961 0.284565
0 3 0.565445 0.070315 0.110847 0.183135 0.070258
3 3 0.092823 0.026732 0.164505 0.696676 0.019264
0 3 0.315418 0.188971 0.293125 0.042521 0.159965
3 3 0.110422 0.101068 0.329622 0.342151 0.116736
2 3 0.098100 0.143947 0.534462 0.102089 0.121402
0 3 0.318057 0.089907 0.198540 0.302306 0.091191
0 3 0.717222 0.021535 0.007545 0.003423 0.250274
0 0 0.626767 0.060386 0.090459 0.163096 0.059291
2 2 0.332000 0.253800 0.346345 0.012087 0.055768
3 1 0.147699 0.064373 0.228810 0.404554 0.154564
2 1 0.073534 0.187791 0.549442 0.021728 0.167504
2 1 0.026365 0.100535 0.730493 0.091336 0.051270
2 1 0.071962 0.237319 0.564298 0.016275 0.110146
2 1 0.197218 0.243139 0.404035 0.012616 0.142992
2 1 0.058139 0.144402 0.527409 0.053883 0.216167
2 1 0.159321 0.244644 0.326517 0.008760 0.260758
2 1 0.045936 0.152044 0.710170 0.036286 0.055564
2 1 0.059207 0.181607 0.594194 0.027403 0.137588
2 1 0.069628 0.182979 0.547239 0.026688 0.173467
2 1 0.111787 0.167590 0.526838 0.058701 0.135083
2 1 0.080175 0.117077 0.487729 0.161122 0.153897
4 1 0.319821 0.127056 0.072411 0.003664 0.477048
2 1 0.147637 0.191818 0.518698 0.049504 0.092343
2 1 0.168830 0.250611 0.315141 0.009904 0.255513
0 0 0.854626 0.024040 0.027152 0.070781 0.023401
0 0 0.488684 0.109420 0.083523 0.015966 0.302406
3 0 0.045470 0.054394 0.335572 0.490118 0.074446
2 0 0.111134 0.098970 0.330245 0.322245 0.137406
3 1 0.010775 0.030860 0.369918 0.562028 0.026419
2 1 0.097880 0.200492 0.395605 0.027185 0.278838
2 1 0.091238 0.156129 0.460237 0.085094 0.207302
2 1 0.043516 0.105177 0.613654 0.171945 0.065708
3 1 0.243529 0.087003 0.246120 0.333155 0.090194
0 1 0.446924 0.127758 0.157471 0.069007 0.198840
3 1 0.277640 0.083916 0.215170 0.313072 0.110202
3 1 0.021753 0.023784 0.209403 0.724767 0.020293
2 1 0.184292 0.212498 0.406365 0.056326 0.140519
2 1 0.203841 0.139489 0.329447 0.131549 0.195674
4 1 0.137066 0.192888 0.299063 0.030723 0.340259
0 1 0.293184 0.133369 0.260262 0.148271 0.164914
2 1 0.129607 0.152787 0.481291 0.148765 0.087550
3 1 0.222543 0.102269 0.248391 0.319504 0.107293
2 1 0.113945 0.167442 0.398345 0.068386 0.251883
2 1 0.030969 0.122334 0.710617 0.077229 0.058851
2 1 0.125481 0.278672 0.469961 0.013098 0.112788
0 1 0.342565 0.105327 0.198990 0.241143 0.111976
0 0 0.566535 0.070139 0.110472 0.182792 0.070061
2 0 0.109116 0.084918 0.387520 0.357545 0.060901
2 0 0.205111 0.111817 0.287372 0.207443 0.188257
4 0 0.199799 0.191752 0.243309 0.025828 0.339312
3 0 0.117139 0.075555 0.358764 0.404726 0.043816
2 0 0.175533 0.122648 0.325336 0.129266 0.247217
4 0 0.177402 0.208226 0.258396 0.016387 0.339589
2 0 0.064544 0.078909 0.383660 0.379052 0.093836
2 0 0.136035 0.126801 0.377114 0.157986 0.202064
2 0 0.174871 0.195394 0.354541 0.077530 0.197664
2 0 0.148151 0.123076 0.337224 0.199189 0.192361
3 0 0.047342 0.060820 0.359152 0.463242 0.069443
2 0 0.075855 0.155321 0.513872 0.095652 0.159301
2 0 0.064212 0.122984 0.504251 0.135295 0.173258
2 0 0.082444 0.180394 0.477815 0.042153 0.217194
2 0 0.071518 0.172176 0.513013 0.041359 0.201933
2 0 0.044244 0.115450 0.650295 0.138930 0.051081
2 0 0.105615 0.110422 0.404713 0.228502 0.150748
2 0 0.034231 0.139202 0.753405 0.037360 0.035802
2 0 0.050048 0.103580 0.496859 0.170540 0.178974
2 0 0.085397 0.150141 0.484545 0.109692 0.170225
2 1 0.083587 0.209457 0.422976 0.021956 0.262024
4 1 0.089831 0.157550 0.274536 0.025657 0.452427
2 1 0.036573 0.125180 0.645390 0.107564 0.085294
2 1 0.024803 0.068626 0.549247 0.307589 0.049735
2 1 0.055110 0.113839 0.555957 0.169107 0.105987
2 1 0.064956 0.190086 0.642460 0.039793 0.062704
2 1 0.094226 0.169784 0.487957 0.071327 0.176707
2 1 0.124309 0.178705 0.445015 0.072534 0.179437
2 1 0.036888 0.123384 0.623022 0.092901 0.123805
2 1 0.056189 0.159979 0.405531 0.032191 0.346110
2 1 0.067204 0.201749 0.612949 0.022105 0.095993
0 0 0.447611 0.089101 0.154319 0.217024 0.091945
0 0 0.283152 0.111593 0.226530 0.258689 0.120035
0 1 0.341917 0.087778 0.175374 0.165510 0.229421
2 1 0.096169 0.183068 0.526177 0.043692 0.150894
2 1 0.085285 0.136806 0.424288 0.075407 0.278215
2 1 0.099635 0.208281 0.465753 0.017191 0.209141
2 1 0.249846 0.122578 0.283613 0.198711 0.145253
2 0 0.101985 0.147308 0.364408 0.107655 0.278644
2 0 0.162033 0.215174 0.411625 0.034568 0.176600
0 0 0.522160 0.077268 0.126120 0.196321 0.078131
2 0 0.177953 0.139185 0.273930 0.194936 0.213995
2 1 0.066064 0.146779 0.630012 0.086187 0.070958
2 1 0.109751 0.220300 0.519166 0.035561 0.115222
2 1 0.012983 0.063521 0.637408 0.209961 0.076127
0 0 0.326693 0.110915 0.212447 0.229260 0.120685
0 0 0.485633 0.090456 0.137930 0.168026 0.117955
0 0 0.729662 0.051703 0.048425 0.053480 0.116730
2 0 0.140538 0.184735 0.413860 0.038019 0.222847
2 1 0.064240 0.149371 0.515520 0.077542 0.193327
2 1 0.020279 0.084691 0.704459 0.148972 0.041598
2 1 0.106945 0.194883 0.502496 0.035485 0.160191
2 1 0.031853 0.128668 0.717854 0.067811 0.053816
2 1 0.132691 0.147487 0.490124 0.122656 0.107042
2 1 0.117837 0.165215 0.402526 0.059978 0.254445
2 1 0.022964 0.079638 0.679669 0.177456 0.040274
2 1 0.039910 0.093567 0.665951 0.144623 0.055949
2 1 0.062749 0.179627 0.509065 0.024531 0.224028
2 1 0.058331 0.152094 0.656167 0.073654 0.059754
2 1 0.151793 0.215572 0.392030 0.026003 0.214602
2 1 0.091493 0.191629 0.532439 0.052378 0.132060
3 0 0.195069 0.090011 0.287961 0.330581 0.096378
0 1 0.271616 0.134476 0.269493 0.158254 0.166160
2 1 0.031233 0.127115 0.663173 0.064371 0.114108
2 1 0.071170 0.164820 0.566240 0.059144 0.138627
2 1 0.033217 0.151750 0.686177 0.034866 0.093989
2 1 0.057829 0.147668 0.661459 0.076946 0.056097
2 1 0.050127 0.160634 0.586953 0.053457 0.148828
2 1 0.056533 0.155380 0.611278 0.048348 0.128461
2 1 0.079127 0.192917 0.564308 0.037184 0.126464
2 1 0.072935 0.167349 0.555015 0.052756 0.151945
2 1 0.025989 0.124389 0.675433 0.058523 0.115666
2 1 0.049148 0.139237 0.629488 0.066527 0.115600
2 1 0.071437 0.214450 0.475181 0.012393 0.226539
2 1 0.022506 0.096915 0.726896 0.109669 0.044014
2 1 0.049656 0.210245 0.626517 0.011504 0.102078
2 1 0.046625 0.171811 0.653211 0.029172 0.099182
2 1 0.065948 0.195729 0.566679 0.025901 0.145742
2 1 0.144351 0.122867 0.452110 0.214457 0.066215
2 1 0.083821 0.121310 0.495548 0.187721 0.111599
2 1 0.056415 0.064355 0.427992 0.418401 0.032837
2 1 0.084226 0.137843 0.609599 0.114985 0.053347
3 1 0.043443 0.037095 0.274139 0.617124 0.028200
3 1 0.011250 0.027862 0.347427 0.586061 0.027400
2 1 0.065044 0.103210 0.566684 0.224667 0.040395
2 1 0.192731 0.160641 0.404235 0.147647 0.094746
4 1 0.209953 0.209652 0.253310 0.017421 0.309663
3 1 0.045010 0.054326 0.356211 0.508112 0.036341
2 1 0.092289 0.111713 0.495350 0.236567 0.064080
2 1 0.107028 0.130301 0.418930 0.211487 0.132254
4 1 0.136192 0.136218 0.242908 0.068943 0.415738
2 1 0.087612 0.107468 0.517944 0.234903 0.052073
2 1 0.167181 0.179581 0.506565 0.062407 0.084265
2 1 0.103604 0.149338 0.540241 0.110760 0.096057
2 1 0.090048 0.127637 0.502751 0.191692 0.087872
2 1 0.089065 0.167399 0.439110 0.071829 0.232597
2 1 0.080602 0.230094 0.561103 0.015523 0.112677
2 1 0.131677 0.121761 0.384850 0.222005 0.139707
4 1 0.130505 0.102139 0.134675 0.035582 0.597099
2 1 0.147517 0.217756 0.346655 0.030852 0.257220
2 1 0.069483 0.162109 0.543393 0.061456 0.163558
2 1 0.020177 0.082569 0.613753 0.190782 0.092719
2 1 0.111803 0.104206 0.382232 0.292223 0.109536
2 1 0.032001 0.081193 0.497024 0.221917 0.167864
2 1 0.068283 0.131895 0.447714 0.089469 0.262639
2 1 0.073521 0.123935 0.362569 0.125111 0.314865
2 1 0.099452 0.116745 0.348579 0.174569 0.260655
2 1 0.089127 0.175789 0.416868 0.050104 0.268111
4 1 0.152432 0.215211 0.268281 0.013976 0.350101
4 1 0.090122 0.142972 0.226824 0.029845 0.510237
0 1 0.576700 0.068499 0.106998 0.179574 0.068228
2 1 0.149430 0.246181 0.487663 0.028284 0.088442
3 1 0.081477 0.065021 0.289962 0.504039 0.059501
3 1 0.182495 0.095208 0.267478 0.331738 0.123082
0 1 0.314563 0.118834 0.229677 0.202252 0.134674
4 1 0.245761 0.133518 0.216986 0.147143 0.256592
4 1 0.144601 0.189687 0.312723 0.032942 0.320047
2 1 0.099482 0.109058 0.472878 0.230962 0.087620
2 1 0.217355 0.121004 0.286021 0.112250 0.263371
2 1 0.159065 0.190358 0.394049 0.064055 0.192474
4 1 0.202787 0.177687 0.254825 0.027490 0.337211
4 1 0.128258 0.140920 0.254475 0.052146 0.424201
0 1 0.386321 0.112125 0.152919 0.119500 0.229136
3 1 0.032198 0.039578 0.334335 0.570386 0.023502
4 1 0.201569 0.123169 0.224345 0.132457 0.318461
2 1 0.077571 0.095536 0.434010 0.316274 0.076610
4 1 0.197299 0.180304 0.240885 0.033119 0.348393
2 1 0.092821 0.095010 0.364973 0.335554 0.111641
2 1 0.087813 0.146509 0.541486 0.135466 0.088725
2 1 0.287381 0.239359 0.407970 0.016631 0.048660
2 1 0.138295 0.215287 0.544767 0.041168 0.060483
2 1 0.238237 0.169914 0.297344 0.074846 0.219660
2 1 0.179872 0.161819 0.425881 0.127231 0.105197
2 1 0.302883 0.188010 0.309526 0.055342 0.144238
2 1 0.157572 0.190624 0.405112 0.064305 0.182387
2 1 0.139234 0.142613 0.501590 0.156602 0.059960
2 1 0.164355 0.191738 0.456453 0.053526 0.133929
2 1 0.070091 0.095069 0.524779 0.256392 0.053669
2 1 0.064059 0.136276 0.634478 0.108336 0.056852
2 2 0.100912 0.089762 0.413575 0.312178 0.083572
2 2 0.080437 0.144681 0.594899 0.112215 0.067769
2 2 0.050722 0.100598 0.623036 0.161992 0.063652
2 2 0.059537 0.117165 0.557466 0.159668 0.106164
2 2 0.024842 0.079103 0.644404 0.186888 0.064763
2 2 0.076738 0.129786 0.555880 0.143752 0.093844
2 2 0.103339 0.158071 0.582631 0.074615 0.081344
2 2 0.087796 0.141634 0.624208 0.088468 0.057893
2 2 0.139650 0.219471 0.495421 0.041467 0.103990
2 2 0.063281 0.234755 0.567407 0.011542 0.123015
2 2 0.027062 0.108472 0.712454 0.103705 0.048307
2 2 0.112397 0.150956 0.414025 0.140424 0.182198
2 2 0.141273 0.111658 0.305953 0.233974 0.207141
3 2 0.043590 0.052840 0.392649 0.469881 0.041040
0 2 0.444061 0.025121 0.077290 0.434003 0.019524
0 0 0.833750 0.026502 0.031805 0.083825 0.024118
0 0 0.532166 0.066079 0.048452 0.026239 0.327064
0 0 0.527402 0.087274 0.117303 0.128140 0.139880
4 1 0.221997 0.102720 0.078603 0.013422 0.583258
2 1 0.109439 0.129887 0.414337 0.149927 0.196410
2 1 0.048406 0.110329 0.460139 0.144240 0.236886
2 2 0.043018 0.147110 0.697058 0.046348 0.066466
2 2 0.083452 0.193741 0.423033 0.017804 0.281969
2 2 0.045231 0.142863 0.643210 0.059232 0.109464
2 2 0.025421 0.106632 0.700685 0.080694 0.086568
2 2 0.033697 0.131248 0.623444 0.064438 0.147173
2 2 0.069807 0.172749 0.492001 0.040187 0.225256
2 2 0.057542 0.163246 0.414384 0.023964 0.340864
2 2 0.042603 0.133042 0.630479 0.084632 0.109244
2 2 0.067585 0.132484 0.491858 0.130115 0.177958
2 2 0.025601 0.083286 0.498567 0.191006 0.201540
2 3 0.038957 0.147089 0.591215 0.034620 0.188120
2 3 0.033145 0.151213 0.594453 0.032630 0.188558
2 3 0.051156 0.118105 0.489183 0.088140 0.253416
2 3 0.081275 0.137443 0.450368 0.096685 0.234229
2 3 0.015111 0.050981 0.507914 0.374058 0.051937
3 3 0.012961 0.014630 0.206843 0.753258 0.012308
3 3 0.014475 0.012315 0.150963 0.810802 0.011445
3 3 0.013544 0.018702 0.221403 0.730274 0.016077
2 3 0.040516 0.096298 0.574072 0.208507 0.080607
0 3 0.388702 0.101610 0.178248 0.214878 0.116562
0 0 0.924493 0.011690 0.011668 0.042162 0.009987
0 0 0.526048 0.151752 0.122404 0.010288 0.189509
0 1 0.410526 0.100385 0.164048 0.183246 0.141794
2 1 0.041270 0.112859 0.606508 0.145805 0.093558
2 1 0.076861 0.198719 0.418923 0.012120 0.293377
2 1 0.057063 0.208618 0.500493 0.011034 0.222793
2 2 0.048611 0.186373 0.607011 0.020495 0.137509
2 2 0.053746 0.177210 0.495152 0.018581 0.255311
4 2 0.075328 0.188859 0.254396 0.003938 0.477479
2 2 0.045313 0.173668 0.492448 0.015133 0.273438
2 2 0.060774 0.213279 0.451096 0.008742 0.266110
2 2 0.043961 0.200264 0.589055 0.011454 0.155266
2 2 0.060097 0.191990 0.416291 0.009220 0.322401
2 2 0.035207 0.144812 0.587395 0.039530 0.193056
2 2 0.038700 0.142847 0.666623 0.054864 0.096965
2 2 0.064174 0.185013 0.452567 0.021403 0.276843
2 2 0.060820 0.186794 0.592586 0.035273 0.124528
2 2 0.070167 0.191035 0.522863 0.023572 0.192363
2 2 0.024255 0.121787 0.714692 0.054228 0.085038
2 2 0.057575 0.122816 0.554251 0.156983 0.108375
2 3 0.036358 0.081296 0.660523 0.196279 0.025544
2 3 0.020469 0.054512 0.435967 0.429401 0.059651
3 3 0.039422 0.052510 0.383470 0.491636 0.032962
2 3 0.082685 0.117947 0.568009 0.187178 0.044180
2 3 0.081952 0.127646 0.434839 0.177856 0.177707
2 3 0.035029 0.123702 0.535332 0.087257 0.218680
3 3 0.044908 0.059878 0.359414 0.473632 0.062168
3 3 0.048005 0.051964 0.319508 0.506348 0.074175
3 3 0.033682 0.032624 0.320981 0.595983 0.016729
2 3 0.109899 0.149890 0.549910 0.120192 0.070108
3 3 0.050499 0.040836 0.283162 0.596373 0.029130
3 3 0.023905 0.024527 0.236686 0.696551 0.018331
2 3 0.040725 0.109747 0.500968 0.170858 0.177702
3 3 0.111665 0.071483 0.299250 0.459209 0.058394
3 3 0.123621 0.091715 0.336131 0.371943 0.076590
2 3 0.097045 0.111871 0.358529 0.159663 0.272891
3 3 0.057641 0.052228 0.282776 0.555505 0.051849
3 3 0.036232 0.020307 0.164871 0.762247 0.016343
3 3 0.047688 0.039513 0.243325 0.620964 0.048510
3 3 0.058609 0.056752 0.415897 0.443657 0.025085
3 3 0.053023 0.023949 0.188343 0.718944 0.015742
3 3 0.011691 0.012871 0.173393 0.791692 0.010354
3 3 0.098257 0.049206 0.239617 0.534257 0.078662
3 3 0.080621 0.044651 0.261179 0.581075 0.032474
2 3 0.253209 0.138894 0.296224 0.158834 0.152838
2 3 0.096877 0.095771 0.383823 0.313850 0.109679
3 3 0.074351 0.036703 0.215229 0.644880 0.028838
2 3 0.064642 0.074081 0.430468 0.388263 0.042545
3 3 0.144126 0.057462 0.221006 0.524272 0.053134
3 3 0.077654 0.057924 0.266463 0.542764 0.055196
3 3 0.055549 0.032397 0.203115 0.681077 0.027862
3 3 0.296383 0.089397 0.205433 0.312198 0.096590
3 3 0.219634 0.055974 0.186890 0.486680 0.050821
3 3 0.017694 0.017521 0.181405 0.769046 0.014333
3 3 0.044565 0.024923 0.183108 0.726708 0.020696
2 3 0.196239 0.177047 0.330257 0.114778 0.181679
0 3 0.371168 0.109421 0.141965 0.100436 0.277010
3 3 0.038779 0.024241 0.185120 0.729355 0.022506
3 3 0.110132 0.052093 0.227895 0.553921 0.055958
3 3 0.104901 0.060736 0.253783 0.492720 0.087860
3 3 0.086280 0.076142 0.326319 0.432119 0.079140
2 3 0.294122 0.134382 0.295380 0.151114 0.125002
3 3 0.071503 0.039256 0.243381 0.618306 0.027555
3 3 0.180033 0.104790 0.299309 0.300460 0.115408
3 3 0.041155 0.020170 0.158672 0.763901 0.016103
3 3 0.135865 0.064025 0.239484 0.499859 0.060767
3 3 0.115567 0.039944 0.189353 0.620577 0.034558
2 3 0.183348 0.102318 0.368520 0.288602 0.057212
2 3 0.305498 0.115735 0.364625 0.170743 0.043400
0 3 0.275657 0.115228 0.231486 0.252521 0.125107
0 3 0.309323 0.118239 0.210464 0.203676 0.158298
0 3 0.406710 0.090684 0.223108 0.223904 0.055594
0 3 0.249120 0.128369 0.237822 0.201893 0.182796
2 3 0.020413 0.089065 0.654409 0.162243 0.073870
2 3 0.048568 0.131018 0.609955 0.107306 0.103153
2 3 0.250352 0.193610 0.285868 0.045053 0.225117
0 3 0.593646 0.039854 0.080364 0.251186 0.034951
0 3 0.455367 0.268262 0.254014 0.001314 0.021044
0 2 0.281209 0.152177 0.227159 0.097373 0.242082
2 2 0.071462 0.130816 0.512794 0.159194 0.125734
2 2 0.055238 0.152480 0.520308 0.068055 0.203919
2 2 0.051623 0.153480 0.577779 0.059097 0.158020
2 2 0.053939 0.168783 0.415583 0.016715 0.344980
2 2 0.050037 0.211099 0.482997 0.007366 0.248501
2 2 0.061412 0.216933 0.374422 0.005046 0.342187
4 2 0.090745 0.205153 0.207640 0.002629 0.493834
4 2 0.072494 0.174049 0.164352 0.001542 0.587563
4 2 0.098116 0.227819 0.211690 0.001773 0.460602
4 2 0.080616 0.224843 0.219307 0.001517 0.473716
4 2 0.066150 0.212782 0.188753 0.000788 0.531527
4 2 0.048212 0.186233 0.293083 0.003417 0.469055
4 2 0.063326 0.178755 0.189165 0.001576 0.567178
4 2 0.067754 0.182919 0.243942 0.004096 0.501290
4 2 0.042741 0.151090 0.368232 0.011277 0.426661
4 2 0.071158 0.190997 0.227373 0.002331 0.508140
4 2 0.073036 0.178181 0.165568 0.001584 0.581631
4 2 0.073579 0.174825 0.149394 0.001188 0.601015
4 2 0.086802 0.201284 0.141435 0.000573 0.569906
2 2 0.020086 0.109396 0.665138 0.056006 0.149374
2 2 0.019724 0.157342 0.724214 0.013336 0.085383
2 2 0.042755 0.133491 0.527121 0.055907 0.240727
2 2 0.026198 0.122257 0.691242 0.059856 0.100447
2 2 0.091939 0.096356 0.331680 0.192204 0.287821
2 1 0.048058 0.140444 0.604980 0.068595 0.137923
2 1 0.062166 0.132802 0.483024 0.085397 0.236611
2 1 0.053418 0.110088 0.526316 0.181321 0.128857
2 1 0.086683 0.119661 0.347827 0.107773 0.338055
2 1 0.137059 0.157422 0.389586 0.117021 0.198912
3 1 0.048879 0.042668 0.250658 0.618735 0.039060
2 1 0.163110 0.182388 0.408809 0.048967 0.196726
2 1 0.025102 0.111660 0.675165 0.098675 0.089398
2 1 0.036779 0.128012 0.641129 0.071531 0.122549
2 1 0.037795 0.154685 0.612668 0.027675 0.167177
2 1 0.010930 0.065546 0.741979 0.143794 0.037751
2 1 0.030517 0.113845 0.647156 0.098191 0.110291
2 1 0.021548 0.091896 0.665550 0.132150 0.088855
2 1 0.017507 0.073211 0.602177 0.219486 0.087618
2 2 0.031283 0.079335 0.450496 0.230671 0.208215
2 2 0.051037 0.147399 0.598795 0.070826 0.131943
3 2 0.171529 0.103217 0.278952 0.298645 0.147658
2 2 0.113119 0.118496 0.431953 0.203343 0.133088
3 2 0.087716 0.025082 0.150041 0.717082 0.020079
4 2 0.193167 0.191799 0.266616 0.022642 0.325776
0 2 0.321575 0.185607 0.316836 0.074436 0.101546
3 2 0.070643 0.058755 0.375434 0.455173 0.039994
4 2 0.213476 0.120941 0.077091 0.004182 0.584310
2 2 0.099266 0.135823 0.445880 0.136589 0.182442
2 2 0.182447 0.164342 0.348292 0.056638 0.248281
2 2 0.099317 0.238278 0.439968 0.012062 0.210375
0 2 0.448081 0.064797 0.138479 0.286898 0.061744
0 2 0.561859 0.162906 0.205616 0.020929 0.048690
3 1 0.012277 0.009919 0.129556 0.840811 0.007436
2 0 0.092735 0.167073 0.401086 0.068848 0.270257
2 0 0.273603 0.205353 0.333176 0.035132 0.152735
2 1 0.207155 0.109355 0.359581 0.247090 0.076819
2 1 0.167858 0.119533 0.389981 0.238236 0.084391
3 1 0.063714 0.027852 0.177875 0.704499 0.026059
2 1 0.274839 0.280257 0.347386 0.008958 0.088560
2 1 0.136019 0.127218 0.439482 0.210925 0.086356
3 1 0.041770 0.045509 0.289895 0.573154 0.049673
2 1 0.102710 0.106560 0.579581 0.181955 0.029193
4 1 0.304335 0.103054 0.118994 0.059922 0.413695
2 1 0.251098 0.183840 0.396048 0.071173 0.097841
2 1 0.167713 0.137633 0.499493 0.146895 0.048266
2 1 0.214032 0.244784 0.391769 0.023388 0.126027
2 1 0.050655 0.085240 0.539004 0.288707 0.036395
2 1 0.048831 0.072859 0.524682 0.312090 0.041538
3 1 0.022368 0.021520 0.205219 0.723164 0.027730
2 1 0.042590 0.110729 0.647896 0.129701 0.069084
0 1 0.384657 0.166035 0.195901 0.030936 0.222471
0 1 0.366095 0.113284 0.178666 0.165712 0.176243
0 1 0.341245 0.133561 0.164765 0.070139 0.290290
2 1 0.186851 0.154910 0.466897 0.128398 0.062945
2 1 0.175838 0.166243 0.513601 0.091574 0.052744
3 1 0.109520 0.068694 0.265855 0.471568 0.084363
0 0 0.542608 0.083178 0.133636 0.150887 0.089691
2 0 0.289811 0.245657 0.352949 0.021132 0.090451
2 1 0.089179 0.096059 0.430010 0.296604 0.088148
0 1 0.301623 0.139836 0.184669 0.079932 0.293940
2 1 0.180362 0.186626 0.380026 0.057596 0.195390
2 1 0.032742 0.098924 0.631402 0.149349 0.087583
2 1 0.067289 0.122916 0.399929 0.083583 0.326283
2 1 0.166274 0.164411 0.339899 0.062255 0.267161
2 1 0.034003 0.098660 0.559769 0.163371 0.144196
2 4 0.048885 0.097460 0.571333 0.212461 0.069862
2 4 0.110248 0.157181 0.442374 0.136050 0.154147
4 4 0.228571 0.131391 0.151029 0.029246 0.459762
2 4 0.064244 0.076197 0.390746 0.336032 0.132781
2 4 0.040523 0.138168 0.656340 0.084462 0.080506
2 4 0.156985 0.152134 0.397676 0.135866 0.157338
3 4 0.047846 0.048870 0.341353 0.508723 0.053207
2 4 0.108311 0.174806 0.505371 0.069582 0.141930
2 4 0.029386 0.063144 0.468465 0.384727 0.054277
2 4 0.208703 0.243792 0.422574 0.034132 0.090799
2 4 0.029711 0.138288 0.730592 0.041026 0.060383
2 4 0.098291 0.166145 0.493853 0.064796 0.176914
4 4 0.257156 0.127214 0.110563 0.018760 0.486306
3 4 0.070258 0.055761 0.311705 0.456140 0.106136
4 4 0.308202 0.155351 0.155726 0.025477 0.355244
3 4 0.061181 0.042508 0.266182 0.590414 0.039715
2 4 0.182338 0.253037 0.472489 0.023366 0.068770
2 4 0.101424 0.114366 0.340053 0.115015 0.329142
2 4 0.199716 0.151499 0.347701 0.094336 0.206748
2 4 0.127098 0.111089 0.318312 0.302923 0.140578
3 4 0.028423 0.052829 0.393796 0.427496 0.097455
3 4 0.058940 0.067180 0.374103 0.393635 0.106143
4 4 0.220077 0.148421 0.212898 0.065517 0.353088
2 4 0.108786 0.121336 0.435878 0.221673 0.112327
2 4 0.028227 0.086060 0.607590 0.180649 0.097473
2 4 0.019814 0.067629 0.614536 0.242223 0.055798
2 4 0.035193 0.107546 0.593762 0.113595 0.149903
2 4 0.054526 0.123378 0.561470 0.156531 0.104094
2 1 0.015509 0.048882 0.529380 0.378312 0.027917
2 1 0.039897 0.120228 0.604701 0.103810 0.131363
2 2 0.033932 0.138232 0.707016 0.057817 0.063003
2 2 0.020658 0.110136 0.765336 0.064121 0.039749
2 2 0.019256 0.089312 0.729351 0.117804 0.044278
2 2 0.016870 0.100490 0.767463 0.063753 0.051425
2 2 0.075034 0.179055 0.441601 0.021817 0.282493
2 2 0.066973 0.131458 0.563904 0.107519 0.130146
4 2 0.075483 0.126470 0.335222 0.086648 0.376177
2 2 0.083038 0.143375 0.427581 0.060431 0.285575
2 2 0.082533 0.156663 0.510173 0.073040 0.177590
2 2 0.083587 0.150960 0.451248 0.099046 0.215159
2 2 0.057144 0.154467 0.588735 0.060211 0.139442
2 2 0.048556 0.089412 0.536155 0.268187 0.057691
4 2 0.107856 0.122268 0.228787 0.048283 0.492805
2 2 0.108501 0.109591 0.351063 0.264416 0.166429
2 2 0.040053 0.077904 0.414725 0.309103 0.158215
2 2 0.097015 0.155367 0.436289 0.075838 0.235491
2 2 0.064468 0.172969 0.515318 0.043379 0.203867
2 2 0.066410 0.141849 0.552725 0.102963 0.136053
2 2 0.031476 0.080238 0.574071 0.229156 0.085059
2 2 0.088230 0.149394 0.546158 0.099637 0.116581
4 2 0.168982 0.156966 0.291222 0.072828 0.310003
4 2 0.277278 0.129322 0.075025 0.003577 0.514799
2 2 0.052090 0.087267 0.487394 0.292227 0.081022
3 2 0.139957 0.055848 0.221487 0.532186 0.050521
2 2 0.134410 0.174422 0.404949 0.097189 0.189030
0 2 0.383659 0.110845 0.201726 0.178234 0.125536
0 2 0.909898 0.014056 0.014602 0.049270 0.012174
0 2 0.605518 0.155804 0.183811 0.014754 0.040113
2 2 0.119517 0.185703 0.570886 0.066669 0.057224
3 2 0.232978 0.081331 0.219073 0.349790 0.116827
4 2 0.293986 0.149203 0.160056 0.035377 0.361379
2 2 0.154585 0.135141 0.365847 0.114205 0.230222
4 2 0.193884 0.091650 0.139618 0.061665 0.513182
2 2 0.153822 0.169109 0.365445 0.088668 0.222956
2 1 0.158549 0.114380 0.277696 0.223450 0.225925
2 1 0.038318 0.052389 0.449034 0.432305 0.027954
2 1 0.039559 0.056330 0.437576 0.434666 0.031869
2 2 0.059088 0.116102 0.575550 0.153842 0.095418
3 2 0.013203 0.037211 0.430862 0.480558 0.038167
2 2 0.050927 0.110234 0.475977 0.118545 0.244317
2 2 0.068119 0.111568 0.581239 0.180619 0.058455
2 2 0.017340 0.077767 0.688189 0.170731 0.045973
2 2 0.045305 0.126890 0.571234 0.110019 0.146552
2 2 0.164987 0.186007 0.422254 0.061430 0.165321
2 2 0.164111 0.181217 0.324540 0.041836 0.288296
2 2 0.045889 0.129817 0.688036 0.084027 0.052231
2 2 0.062986 0.134893 0.641366 0.095123 0.065631
2 2 0.047971 0.116733 0.632194 0.151945 0.051158
2 2 0.133968 0.203657 0.427345 0.043798 0.191232
3 2 0.089155 0.053286 0.252075 0.524099 0.081385
2 2 0.096281 0.097599 0.472715 0.275808 0.057597
3 2 0.029102 0.045215 0.368353 0.521643 0.035687
2 2 0.058479 0.119665 0.471527 0.145106 0.205222
2 2 0.042209 0.121263 0.639906 0.129262 0.067360
2 2 0.026972 0.105475 0.641222 0.075618 0.150713
2 2 0.011864 0.070299 0.753710 0.106555 0.057571
2 2 0.016747 0.101536 0.738325 0.056596 0.086796
2 2 0.009276 0.048584 0.704341 0.214462 0.023338
2 2 0.054840 0.146866 0.617573 0.046060 0.134662
2 2 0.016853 0.067488 0.701666 0.176669 0.037325
0 2 0.314557 0.086853 0.254130 0.248454 0.096006
0 2 0.718442 0.038575 0.058441 0.149252 0.035290
0 2 0.347502 0.163220 0.283695 0.101796 0.103787
2 2 0.071095 0.084468 0.407230 0.341050 0.096158
0 0 0.958982 0.006160 0.005369 0.024465 0.005024
0 0 0.360436 0.102615 0.190907 0.237523 0.108519
0 0 0.344496 0.146954 0.145381 0.019436 0.343734
2 0 0.013277 0.050947 0.612094 0.288377 0.035305
2 0 0.027099 0.094554 0.643171 0.131844 0.103332
2 0 0.014092 0.069869 0.741949 0.135477 0.038614
2 0 0.016059 0.081359 0.765750 0.101607 0.035225
2 0 0.049113 0.100584 0.506640 0.125341 0.218322
2 0 0.107015 0.154766 0.559146 0.070546 0.108527
2 1 0.013575 0.082791 0.758878 0.092111 0.052645
2 1 0.022399 0.099558 0.697547 0.085203 0.095294
2 1 0.015872 0.082586 0.778500 0.077723 0.045319
2 1 0.028512 0.094757 0.698789 0.121242 0.056700
2 1 0.022796 0.084487 0.718725 0.126155 0.047837
2 1 0.047736 0.112071 0.671988 0.115499 0.052706
2 1 0.012829 0.075804 0.753703 0.113532 0.044132
2 1 0.027629 0.117204 0.657054 0.072924 0.125189
2 1 0.025563 0.091139 0.689532 0.123074 0.070691
2 1 0.033521 0.127726 0.667569 0.066979 0.104204
2 1 0.022157 0.097354 0.727478 0.092255 0.060756
2 1 0.031127 0.123318 0.667955 0.068664 0.108937
2 1 0.017859 0.082162 0.778332 0.089456 0.032191
2 1 0.029108 0.115465 0.723395 0.063723 0.068308
2 1 0.019827 0.083652 0.761200 0.092017 0.043305
2 1 0.031531 0.096954 0.738976 0.100219 0.032320
2 1 0.017146 0.058372 0.744922 0.165426 0.014135
2 1 0.036082 0.093142 0.637951 0.171789 0.061035
2 1 0.035860 0.073287 0.610397 0.251151 0.029305
2 1 0.057440 0.096145 0.639648 0.163805 0.042962
2 1 0.045673 0.099730 0.652362 0.170918 0.031317
3 1 0.077499 0.051420 0.311093 0.528864 0.031125
2 1 0.017279 0.088586 0.684148 0.099986 0.110001
2 1 0.020886 0.106078 0.685152 0.066480 0.121403
2 1 0.029317 0.141485 0.635693 0.028434 0.165071
2 1 0.027087 0.131035 0.612472 0.031427 0.197978
2 1 0.036303 0.149914 0.548370 0.025017 0.240396
2 1 0.045125 0.153293 0.573516 0.037863 0.190203
2 4 0.078659 0.114242 0.441787 0.111070 0.254242
4 4 0.061607 0.140568 0.381086 0.031115 0.385623
2 4 0.032737 0.128552 0.517524 0.036541 0.284645
4 4 0.320566 0.089120 0.075347 0.030126 0.484840
4 4 0.331479 0.120264 0.108521 0.026520 0.413216
0 4 0.478286 0.084257 0.142407 0.208828 0.086222
2 4 0.303173 0.210429 0.347688 0.048029 0.090681
2 4 0.095168 0.168899 0.373087 0.048810 0.314035
2 4 0.103216 0.117115 0.459575 0.213644 0.106450
2 4 0.214249 0.166276 0.389965 0.117540 0.111970
4 4 0.169467 0.146219 0.286022 0.096261 0.302030
2 4 0.025304 0.096257 0.705644 0.121580 0.051216
3 4 0.028141 0.053325 0.421874 0.428996 0.067664
2 4 0.169963 0.200612 0.409967 0.093046 0.126411
0 4 0.278317 0.127279 0.253915 0.191738 0.148751
2 4 0.142504 0.124822 0.438411 0.226352 0.067910
2 4 0.109289 0.153624 0.377664 0.157131 0.202291
0 4 0.376269 0.125481 0.264379 0.156525 0.077346
2 4 0.233921 0.247885 0.339972 0.019693 0.158528
2 4 0.045228 0.141855 0.548890 0.062180 0.201847
2 4 0.219172 0.116142 0.291138 0.126822 0.246726
0 4 0.401786 0.083560 0.163747 0.252365 0.098542
0 4 0.719536 0.051906 0.044774 0.043359 0.140425
2 4 0.089496 0.167877 0.611662 0.076852 0.054114
4 4 0.163020 0.109116 0.249170 0.190304 0.288390
2 4 0.097273 0.138091 0.450607 0.133830 0.180198
2 4 0.079718 0.159971 0.492086 0.082454 0.185771
2 4 0.068489 0.123888 0.456127 0.134776 0.216720
2 4 0.111479 0.180331 0.551653 0.059437 0.097101
2 4 0.094156 0.101543 0.437758 0.295074 0.071470
2 4 0.096237 0.141843 0.449263 0.158350 0.154308
2 4 0.094218 0.164619 0.538861 0.081005 0.121297
2 4 0.107776 0.131845 0.363350 0.130879 0.266150
2 4 0.043495 0.132998 0.637445 0.102090 0.083972
2 4 0.069363 0.138089 0.481255 0.116252 0.195041
2 4 0.040365 0.085567 0.491324 0.283780 0.098964
2 4 0.123509 0.180070 0.363388 0.047786 0.285247
2 4 0.044171 0.115105 0.525329 0.131131 0.184264
2 4 0.103691 0.163597 0.407983 0.058416 0.266312
2 4 0.024605 0.100727 0.710934 0.119941 0.043793
2 4 0.062440 0.174336 0.477247 0.028209 0.257768
2 4 0.021303 0.130227 0.720004 0.046456 0.082010
2 4 0.043894 0.163279 0.625167 0.042779 0.124881
2 4 0.012788 0.051830 0.604068 0.305707 0.025607
2 4 0.033405 0.124894 0.637454 0.079265 0.124983
2 4 0.042184 0.141387 0.634879 0.086635 0.094915
2 4 0.060520 0.074123 0.384189 0.371487 0.109682
2 4 0.125581 0.186303 0.505723 0.067693 0.114701
0 4 0.340867 0.112874 0.196755 0.202284 0.147220
0 4 0.397278 0.171418 0.111004 0.004106 0.316193
2 4 0.122000 0.173256 0.531112 0.082824 0.090808
2 4 0.076347 0.139428 0.484754 0.136734 0.162737
2 4 0.064844 0.146112 0.531684 0.069038 0.188321
4 4 0.224266 0.128113 0.188067 0.045284 0.414270
2 4 0.064983 0.101217 0.394618 0.173965 0.265216
2 4 0.136863 0.154619 0.369321 0.062185 0.277011
2 4 0.066971 0.143675 0.466421 0.074859 0.248074
2 4 0.089241 0.208671 0.480857 0.020398 0.200833
2 4 0.044884 0.126721 0.427226 0.043743 0.357427
2 4 0.029908 0.127512 0.508677 0.030196 0.303706
2 4 0.061989 0.176464 0.481397 0.022383 0.257767
2 4 0.067135 0.169657 0.404274 0.021854 0.337081
4 4 0.090671 0.130100 0.317037 0.065226 0.396966
2 4 0.024197 0.093946 0.720112 0.107701 0.054045
4 4 0.122233 0.129539 0.130393 0.008860 0.608975
2 4 0.148359 0.156280 0.372119 0.070487 0.252755
2 4 0.116253 0.131219 0.377972 0.096988 0.277569
2 4 0.133425 0.181583 0.421718 0.055351 0.207923
2 4 0.050768 0.118580 0.466053 0.084182 0.280418
0 4 0.790561 0.048349 0.060967 0.042778 0.057345
0 0 0.487902 0.021650 0.004434 0.000392 0.485622
2 0 0.132144 0.079850 0.425742 0.331099 0.031165
2 0 0.115290 0.120349 0.517603 0.198868 0.047891
2 0 0.241290 0.246433 0.401119 0.027053 0.084104
2 0 0.100289 0.101280 0.509917 0.248852 0.039662
2 0 0.046066 0.081245 0.598465 0.237847 0.036377
2 0 0.052256 0.057453 0.459882 0.390069 0.040341
3 1 0.049874 0.041472 0.285426 0.583869 0.039360
2 1 0.041230 0.123994 0.653169 0.102335 0.079273
2 1 0.061739 0.108744 0.523374 0.170190 0.135952
2 1 0.048839 0.104851 0.647954 0.135526 0.062830
2 1 0.025249 0.058694 0.594793 0.300408 0.020857
2 1 0.050078 0.123906 0.596831 0.093159 0.136027
2 1 0.011275 0.046836 0.666654 0.258974 0.016260
2 1 0.027374 0.099833 0.671576 0.118276 0.082942
2 2 0.017851 0.037070 0.487002 0.445638 0.012439
2 2 0.014909 0.068778 0.768834 0.125666 0.021813
0 2 0.335467 0.115561 0.274321 0.125741 0.148909
2 2 0.176010 0.214288 0.485747 0.045943 0.078012
3 2 0.105478 0.074748 0.280438 0.459195 0.080141
2 2 0.071828 0.089709 0.519539 0.275903 0.043022
2 2 0.045248 0.073682 0.503035 0.342795 0.035240
2 2 0.030210 0.107733 0.702854 0.112428 0.046775
2 2 0.036976 0.079133 0.482126 0.239207 0.162558
2 2 0.035819 0.070907 0.511095 0.345143 0.037036
2 2 0.011417 0.051744 0.701904 0.215077 0.019858
2 2 0.015521 0.064007 0.695685 0.187681 0.037106
2 2 0.025316 0.076959 0.601340 0.238972 0.057412
2 2 0.032527 0.092792 0.703124 0.142269 0.029289
2 2 0.041171 0.149114 0.651708 0.042265 0.115742
2 2 0.017325 0.062303 0.635548 0.245553 0.039271
2 2 0.012239 0.050383 0.601181 0.286918 0.049279
2 2 0.018174 0.071117 0.701287 0.175107 0.034315
4 2 0.106327 0.196962 0.245108 0.007038 0.444565
2 2 0.063751 0.184446 0.560268 0.035322 0.156213
2 2 0.099192 0.218245 0.510493 0.035497 0.136572
2 2 0.106300 0.292522 0.415647 0.005061 0.180471
2 2 0.076742 0.195794 0.477835 0.032178 0.217452
2 2 0.125192 0.211688 0.400250 0.028077 0.234793
2 2 0.048731 0.192738 0.513170 0.016780 0.228582
4 2 0.112697 0.278262 0.297006 0.002552 0.309483
2 2 0.117571 0.301560 0.380466 0.003859 0.196544
2 2 0.049458 0.133014 0.406272 0.046423 0.364833
4 2 0.104373 0.214870 0.331079 0.011495 0.338183
2 2 0.032104 0.131923 0.676942 0.069114 0.089917
2 2 0.045782 0.107400 0.464803 0.195337 0.186678
2 3 0.118274 0.179403 0.351390 0.029287 0.321645
2 3 0.099640 0.237176 0.408480 0.013914 0.240791
4 3 0.157329 0.166774 0.272550 0.049834 0.353514
