0 0 0.507997 0.161065 0.160465 0.048469 0.122004
0 0 0.479333 0.129078 0.156041 0.136096 0.099451
2 0 0.134533 0.145633 0.346368 0.208364 0.165101
4 0 0.162108 0.168212 0.223587 0.041478 0.404614
4 0 0.110065 0.170347 0.260393 0.021890 0.437305
2 0 0.200183 0.164477 0.271836 0.145981 0.217522
2 0 0.124829 0.128488 0.369389 0.136106 0.241188
4 0 0.144190 0.109683 0.230610 0.142632 0.372885
4 0 0.229810 0.202369 0.245006 0.040129 0.282686
2 0 0.086702 0.108660 0.518675 0.248021 0.037941
3 0 0.036711 0.037074 0.369307 0.548583 0.008326
2 0 0.181708 0.152793 0.345856 0.177486 0.142157
0 0 0.516424 0.131182 0.186805 0.106184 0.059406
0 0 0.340380 0.110151 0.201221 0.271532 0.076715
2 0 0.275622 0.204710 0.307848 0.065429 0.146391
3 0 0.065118 0.050455 0.299984 0.559388 0.025055
3 0 0.012096 0.033590 0.380800 0.557974 0.015541
3 0 0.035057 0.058841 0.380113 0.490257 0.035732
4 0 0.244106 0.095628 0.222901 0.132951 0.304414
2 0 0.177597 0.188265 0.350847 0.043447 0.239844
2 0 0.119674 0.142128 0.344079 0.197636 0.196483
4 0 0.275718 0.108734 0.140658 0.136953 0.337937
4 0 0.116616 0.214703 0.320537 0.019135 0.329009
2 0 0.068920 0.141230 0.515429 0.099183 0.175238
4 0 0.139261 0.161377 0.301118 0.084045 0.314199
2 0 0.095382 0.191503 0.518210 0.067659 0.127247
2 0 0.076728 0.211024 0.426047 0.012739 0.273462
2 0 0.050228 0.139834 0.449548 0.024687 0.335703
2 0 0.058906 0.191074 0.404216 0.007802 0.338002
2 0 0.059710 0.169117 0.485690 0.027961 0.257522
4 0 0.071254 0.135277 0.323938 0.026271 0.443260
2 0 0.112132 0.127854 0.341244 0.180270 0.238500
2 0 0.175288 0.221725 0.296326 0.023180 0.283480
2 0 0.076815 0.093313 0.437519 0.312821 0.079532
0 0 0.284019 0.192476 0.214377 0.064666 0.244462
2 0 0.198433 0.153157 0.341392 0.184018 0.123000
4 0 0.115269 0.193520 0.199526 0.006704 0.484981
4 0 0.128465 0.048292 0.066711 0.099271 0.657260
3 0 0.141427 0.066660 0.264821 0.493439 0.033653
3 0 0.001304 0.006988 0.284991 0.705193 0.001524
2 0 0.080791 0.179650 0.566106 0.056735 0.116719
0 0 0.278694 0.215990 0.208171 0.027481 0.269664
2 0 0.135338 0.111809 0.354122 0.203616 0.195114
3 0 0.253227 0.122569 0.255448 0.271465 0.097291
0 0 0.417450 0.138768 0.172487 0.148130 0.123165
0 0 0.325115 0.145251 0.288047 0.169401 0.072186
0 0 0.385252 0.165896 0.190990 0.093735 0.164126
3 0 0.084164 0.072782 0.377364 0.412923 0.052766
3 0 0.064572 0.068569 0.275704 0.441923 0.149231
4 0 0.237660 0.114538 0.143122 0.102041 0.402639
0 0 0.839316 0.049700 0.049189 0.047951 0.013844
0 0 0.775657 0.066346 0.068932 0.065406 0.023659
0 0 0.737906 0.075676 0.080533 0.075401 0.030484
0 0 0.683129 0.088533 0.097173 0.089430 0.041735
0 0 0.576098 0.117887 0.159827 0.097214 0.048974
2 0 0.116911 0.169309 0.571938 0.066318 0.075523
4 4 0.095529 0.095442 0.191718 0.060054 0.557257
4 4 0.111048 0.125901 0.105440 0.004749 0.652862
4 4 0.054601 0.129096 0.336576 0.017378 0.462349
2 4 0.026983 0.046198 0.473075 0.418184 0.035560
3 4 0.027901 0.041760 0.398994 0.462042 0.069303
2 4 0.084902 0.159425 0.368864 0.037333 0.349477
2 4 0.065749 0.137043 0.496494 0.098982 0.201732
2 4 0.237285 0.139419 0.247076 0.134899 0.241321
3 4 0.137528 0.072186 0.178515 0.383479 0.228293
3 4 0.067175 0.071811 0.274097 0.503950 0.082967
2 4 0.109577 0.102619 0.366634 0.358274 0.062897
2 4 0.121420 0.117879 0.424203 0.169432 0.167066
2 4 0.027776 0.086580 0.619452 0.161586 0.104606
2 4 0.039357 0.100281 0.580604 0.230367 0.049392
2 4 0.081188 0.137788 0.549301 0.054961 0.176762
2 4 0.043406 0.101324 0.595593 0.124258 0.135419
2 4 0.063966 0.159964 0.566406 0.067125 0.142539
2 4 0.070195 0.177967 0.373635 0.013067 0.365136
2 4 0.047837 0.128942 0.572532 0.087383 0.163306
3 4 0.014129 0.022452 0.325434 0.627238 0.010747
2 4 0.068461 0.151756 0.542766 0.073487 0.163530
2 4 0.064793 0.166384 0.537246 0.059403 0.172174
2 4 0.027991 0.055516 0.430797 0.429116 0.056580
2 4 0.191543 0.104392 0.337739 0.296465 0.069860
2 4 0.059479 0.130895 0.504724 0.098603 0.206299
2 4 0.051565 0.138785 0.559511 0.049077 0.201062
2 4 0.078832 0.146588 0.513554 0.117786 0.143241
2 4 0.096203 0.156621 0.392921 0.067032 0.287222
2 4 0.052648 0.177238 0.595629 0.037940 0.136545
4 4 0.152402 0.100331 0.223180 0.171270 0.352817
2 4 0.072455 0.116424 0.451018 0.122238 0.237865
2 4 0.094380 0.191124 0.363322 0.023771 0.327403
2 4 0.092676 0.087804 0.301462 0.291994 0.226064
2 4 0.053395 0.105722 0.694113 0.126667 0.020103
2 4 0.130029 0.105240 0.269870 0.257730 0.237132
0 4 0.312651 0.229106 0.189633 0.012717 0.255894
2 4 0.107640 0.153272 0.391061 0.034220 0.313807
4 4 0.166831 0.115053 0.198053 0.055503 0.464561
2 4 0.069431 0.162872 0.530911 0.055786 0.181000
2 4 0.049526 0.140724 0.649472 0.068923 0.091355
2 4 0.018928 0.077527 0.698704 0.160111 0.044730
4 4 0.087877 0.120138 0.336405 0.107753 0.347827
2 4 0.056855 0.092030 0.540323 0.225113 0.085679
2 2 0.014997 0.069791 0.720070 0.161009 0.034134
2 2 0.086799 0.276264 0.413185 0.006029 0.217723
2 2 0.055807 0.153594 0.554875 0.052359 0.183364
4 2 0.098140 0.177288 0.332017 0.026246 0.366309
4 2 0.103639 0.222792 0.248116 0.004454 0.420999
4 2 0.111487 0.144040 0.162910 0.009920 0.571644
2 2 0.100752 0.190184 0.375645 0.025440 0.307979
2 2 0.108787 0.207826 0.396621 0.032394 0.254372
4 2 0.119503 0.184202 0.277704 0.022091 0.396501
2 2 0.109497 0.213073 0.426980 0.046466 0.203985
2 2 0.172965 0.229407 0.363550 0.041931 0.192147
2 2 0.072960 0.150092 0.512120 0.067055 0.197773
2 2 0.153831 0.205184 0.300320 0.050519 0.290147
2 2 0.115314 0.232369 0.464424 0.033361 0.154531
2 2 0.165456 0.213409 0.372162 0.067240 0.181732
3 2 0.034894 0.039526 0.335101 0.560948 0.029530
2 2 0.184267 0.152069 0.339223 0.198817 0.125625
2 3 0.110152 0.156970 0.420505 0.116107 0.196265
2 3 0.086537 0.087810 0.457968 0.328392 0.039293
2 3 0.075451 0.113021 0.401384 0.211117 0.199026
4 3 0.198684 0.116979 0.196601 0.231450 0.256285
2 3 0.108577 0.106596 0.292143 0.238619 0.254065
4 3 0.218718 0.125730 0.215588 0.130749 0.309215
3 3 0.091184 0.061683 0.258285 0.551359 0.037488
4 3 0.215818 0.203832 0.221956 0.047263 0.311132
2 3 0.116437 0.145322 0.438272 0.129699 0.170270
0 3 0.273637 0.135025 0.197308 0.131307 0.262722
2 3 0.106500 0.111693 0.360429 0.248480 0.172898
0 3 0.290348 0.147471 0.195435 0.166588 0.200158
4 3 0.204718 0.140196 0.201458 0.163056 0.290572
2 3 0.147926 0.137868 0.350120 0.215929 0.148158
3 3 0.086478 0.037951 0.166490 0.618295 0.090786
2 3 0.185763 0.159786 0.287996 0.098751 0.267704
2 3 0.264383 0.177323 0.325824 0.125302 0.107168
3 3 0.105916 0.037543 0.160104 0.655119 0.041318
4 3 0.186642 0.146544 0.215184 0.123570 0.328060
2 3 0.103189 0.171597 0.382067 0.071697 0.271450
3 3 0.072398 0.048406 0.241621 0.581722 0.055853
3 3 0.070958 0.056560 0.390631 0.467376 0.014474
3 3 0.102068 0.088791 0.284125 0.439407 0.085609
3 3 0.110994 0.074518 0.229968 0.467872 0.116648
3 3 0.137818 0.097454 0.296332 0.362117 0.106278
3 3 0.180199 0.101666 0.240312 0.385354 0.092470
4 3 0.223376 0.093334 0.126119 0.143689 0.413482
3 3 0.227789 0.091519 0.217181 0.388028 0.075483
0 3 0.359190 0.190115 0.189917 0.040469 0.220310
2 3 0.056299 0.067926 0.426962 0.423542 0.025270
0 3 0.264211 0.130754 0.195949 0.198948 0.210137
2 3 0.139099 0.157302 0.431569 0.178122 0.093908
3 3 0.092574 0.096691 0.313050 0.405177 0.092508
3 3 0.157024 0.043518 0.176601 0.587641 0.035215
0 3 0.439828 0.120552 0.148359 0.142398 0.148863
0 2 0.555604 0.090111 0.097209 0.074582 0.182493
4 2 0.196458 0.101687 0.118097 0.057027 0.526731
3 2 0.062735 0.080989 0.338832 0.415485 0.101959
4 2 0.239739 0.132091 0.134920 0.032744 0.460506
4 2 0.154494 0.148972 0.117339 0.005128 0.574066
2 2 0.168284 0.255185 0.319309 0.010833 0.246390
4 2 0.114402 0.109929 0.264368 0.146709 0.364591
2 2 0.051222 0.093342 0.498927 0.262149 0.094360
2 2 0.094140 0.140846 0.427849 0.206550 0.130616
4 2 0.194609 0.164876 0.222952 0.028190 0.389374
2 2 0.205959 0.209023 0.307345 0.047295 0.230379
2 2 0.035442 0.109435 0.656300 0.153703 0.045119
2 2 0.099469 0.206214 0.491733 0.061087 0.141498
2 2 0.083675 0.153781 0.429075 0.068133 0.265336
2 2 0.044059 0.070081 0.425332 0.357404 0.103124
2 2 0.077939 0.139109 0.576050 0.144881 0.062022
2 2 0.182689 0.118440 0.247767 0.238683 0.212421
2 2 0.053982 0.140752 0.589200 0.128452 0.087613
4 2 0.123384 0.109952 0.257162 0.226190 0.283311
3 2 0.054417 0.066796 0.383765 0.434629 0.060393
2 2 0.045735 0.100120 0.552556 0.241992 0.059598
2 2 0.077245 0.089500 0.426104 0.359294 0.047857
3 2 0.204758 0.065366 0.200727 0.495766 0.033384
4 2 0.287008 0.136319 0.183878 0.105044 0.287751
4 2 0.226815 0.176298 0.189807 0.026144 0.380936
2 2 0.057855 0.115412 0.499166 0.247614 0.079953
2 2 0.085605 0.193964 0.499971 0.059865 0.160595
3 2 0.039483 0.047846 0.350360 0.538916 0.023394
2 2 0.134794 0.189018 0.459308 0.105715 0.111165
2 2 0.238691 0.167553 0.256658 0.158019 0.179079
2 2 0.150155 0.166815 0.328099 0.157507 0.197424
2 2 0.111299 0.172082 0.387332 0.092915 0.236372
4 2 0.283429 0.101191 0.124767 0.098089 0.392525
2 2 0.139414 0.220338 0.342634 0.020384 0.277230
2 2 0.076668 0.114861 0.478029 0.233893 0.096549
2 2 0.147639 0.157805 0.304233 0.128031 0.262292
2 2 0.081210 0.110213 0.518538 0.236987 0.053052
2 2 0.051296 0.090270 0.561716 0.263158 0.033560
2 2 0.105774 0.098604 0.360762 0.352181 0.082678
4 2 0.142389 0.171466 0.185659 0.014494 0.485992
3 2 0.047395 0.036576 0.237047 0.647108 0.031873
3 2 0.060715 0.049319 0.253170 0.605337 0.031459
2 2 0.112474 0.161877 0.513833 0.113463 0.098353
2 2 0.107497 0.124261 0.417369 0.272143 0.078730
2 2 0.103548 0.139170 0.538680 0.160967 0.057634
3 2 0.017923 0.025482 0.251024 0.687287 0.018284
2 1 0.223526 0.152818 0.343185 0.176497 0.103974
3 1 0.005678 0.022040 0.392338 0.572324 0.007621
2 2 0.109465 0.226964 0.408227 0.029859 0.225486
2 2 0.041477 0.101955 0.556475 0.194815 0.105277
2 2 0.037551 0.064851 0.447652 0.414260 0.035687
2 2 0.100595 0.118467 0.450749 0.257659 0.072531
2 2 0.063532 0.100217 0.399150 0.233148 0.203952
2 2 0.034889 0.076718 0.529277 0.307909 0.051207
2 2 0.037106 0.085584 0.646790 0.192797 0.037723
2 2 0.085360 0.166450 0.483206 0.077133 0.187852
2 2 0.034190 0.062559 0.436329 0.404759 0.062164
2 2 0.061013 0.114245 0.472271 0.159156 0.193314
2 2 0.073779 0.179088 0.596118 0.056395 0.094620
2 2 0.034575 0.106968 0.696945 0.121368 0.040144
2 2 0.070246 0.107398 0.526011 0.245557 0.050789
0 0 0.306556 0.149425 0.276226 0.161013 0.106780
3 0 0.082544 0.034875 0.156089 0.673522 0.052969
0 0 0.342195 0.096573 0.122946 0.142089 0.296197
4 1 0.091822 0.139738 0.280337 0.034332 0.453771
2 1 0.060273 0.179651 0.548895 0.037315 0.173867
2 2 0.089193 0.136799 0.539862 0.139583 0.094564
2 2 0.058987 0.131592 0.564741 0.115214 0.129466
3 2 0.051375 0.050333 0.280939 0.562478 0.054875
2 1 0.109352 0.221204 0.449766 0.043740 0.175938
4 1 0.122951 0.269979 0.249302 0.003947 0.353822
3 1 0.128738 0.066677 0.200022 0.493647 0.110917
0 1 0.442814 0.126180 0.155119 0.142812 0.133076
0 1 0.616959 0.090260 0.102713 0.106259 0.083809
2 1 0.039034 0.124559 0.632444 0.091839 0.112124
2 1 0.080427 0.148575 0.370202 0.044828 0.355968
2 1 0.057264 0.167195 0.556530 0.045074 0.173937
2 1 0.104276 0.165754 0.425456 0.094401 0.210113
2 2 0.062708 0.122245 0.499727 0.207454 0.107867
2 2 0.055833 0.125542 0.569161 0.145314 0.104149
2 2 0.076020 0.103971 0.437096 0.170549 0.212364
2 2 0.100591 0.198933 0.501766 0.034971 0.163739
2 2 0.057123 0.172166 0.556254 0.035124 0.179333
2 2 0.099137 0.140996 0.365145 0.103408 0.291313
2 2 0.066502 0.175815 0.555499 0.036816 0.165368
2 2 0.061520 0.157374 0.596064 0.062844 0.122198
2 2 0.018732 0.051608 0.618813 0.297495 0.013352
2 2 0.062334 0.132013 0.587623 0.142235 0.075794
2 0 0.177608 0.101698 0.329492 0.288427 0.102775
0 0 0.583432 0.072287 0.083090 0.106287 0.154904
0 1 0.391897 0.154250 0.187198 0.069445 0.197209
0 0 0.378171 0.141221 0.225449 0.164450 0.090709
2 1 0.197223 0.230695 0.402955 0.035683 0.133444
3 0 0.194008 0.117394 0.241679 0.325056 0.121863
0 1 0.309110 0.167186 0.269016 0.136723 0.117965
0 1 0.516095 0.089732 0.106488 0.122621 0.165064
0 0 0.323433 0.154322 0.230160 0.149854 0.142230
4 1 0.120598 0.133694 0.147258 0.013118 0.585332
2 1 0.071622 0.165715 0.434899 0.036781 0.290984
4 1 0.126770 0.189099 0.179360 0.006241 0.498530
4 1 0.136260 0.121632 0.169065 0.043029 0.530014
2 2 0.084760 0.120511 0.453395 0.195388 0.145945
3 2 0.092372 0.075752 0.300574 0.395506 0.135796
3 2 0.050232 0.060626 0.277101 0.527359 0.084682
2 2 0.250945 0.219510 0.283464 0.039586 0.206496
2 2 0.140817 0.116793 0.349954 0.303039 0.089398
2 2 0.278625 0.157010 0.285011 0.129997 0.149357
2 2 0.173103 0.196037 0.384614 0.085566 0.160681
3 2 0.061718 0.047323 0.345083 0.530693 0.015183
2 2 0.223036 0.182307 0.329713 0.068728 0.196216
2 2 0.178485 0.118797 0.290114 0.244589 0.168015
2 2 0.204303 0.179329 0.407502 0.091960 0.116907
2 2 0.276018 0.120414 0.318912 0.237986 0.046670
4 2 0.244078 0.185668 0.177431 0.007944 0.384879
2 2 0.200435 0.216151 0.331555 0.044320 0.207538
2 2 0.120809 0.224623 0.336451 0.023672 0.294446
2 2 0.159471 0.158218 0.304232 0.108324 0.269754
2 2 0.074171 0.148322 0.484686 0.103256 0.189565
3 2 0.039675 0.051165 0.387993 0.482804 0.038363
2 2 0.104650 0.163478 0.433010 0.148776 0.150087
4 2 0.145396 0.177121 0.236141 0.021218 0.420125
2 2 0.086857 0.140219 0.469036 0.148770 0.155117
2 2 0.204196 0.194538 0.317222 0.065918 0.218125
3 1 0.065595 0.075587 0.294048 0.470962 0.093809
2 2 0.083750 0.130521 0.453243 0.191048 0.141438
2 2 0.184461 0.161945 0.365701 0.162783 0.125109
2 2 0.050748 0.085357 0.443238 0.294346 0.126312
3 2 0.015953 0.025537 0.312112 0.619804 0.026595
2 2 0.078093 0.151675 0.483673 0.100473 0.186087
3 2 0.013652 0.032229 0.388242 0.549484 0.016394
3 2 0.056432 0.071086 0.379198 0.454995 0.038289
2 2 0.044776 0.063541 0.409387 0.407146 0.075151
2 2 0.082524 0.160058 0.571523 0.104323 0.081573
3 2 0.077078 0.088982 0.368325 0.393045 0.072570
3 2 0.062326 0.048541 0.241585 0.599930 0.047619
0 0 0.522826 0.104866 0.124461 0.126110 0.121738
0 0 0.500358 0.092389 0.153445 0.209296 0.044513
0 0 0.342213 0.086671 0.109793 0.135572 0.325751
0 1 0.307631 0.233868 0.158078 0.003886 0.296537
0 0 0.755545 0.109149 0.081243 0.010409 0.043654
2 1 0.161892 0.232230 0.330097 0.018541 0.257240
4 1 0.106406 0.158129 0.311150 0.036257 0.388058
4 2 0.127040 0.194923 0.256632 0.016821 0.404584
2 2 0.085007 0.159287 0.536393 0.077142 0.142172
2 2 0.023826 0.087149 0.660429 0.190334 0.038262
2 2 0.068627 0.180333 0.533999 0.052040 0.165001
2 2 0.047863 0.138010 0.599103 0.086631 0.128393
2 2 0.032511 0.092337 0.662808 0.160683 0.051660
2 2 0.057435 0.127285 0.549132 0.179004 0.087143
2 2 0.062328 0.162391 0.473726 0.031747 0.269808
2 2 0.091115 0.218601 0.481951 0.034996 0.173337
2 2 0.022463 0.048900 0.451061 0.431703 0.045873
2 2 0.097158 0.117232 0.345169 0.254010 0.186431
2 2 0.030571 0.069071 0.511650 0.351540 0.037168
2 2 0.168984 0.220166 0.304029 0.046397 0.260424
2 2 0.038290 0.078904 0.472384 0.263314 0.147109
3 2 0.076830 0.080110 0.291164 0.386187 0.165709
2 2 0.083812 0.197776 0.511503 0.054418 0.152491
2 2 0.020561 0.066244 0.592194 0.290397 0.030603
2 2 0.100000 0.104868 0.289375 0.231687 0.274070
3 2 0.080649 0.079643 0.269306 0.287287 0.283115
2 2 0.043299 0.059848 0.444431 0.428938 0.023485
4 2 0.137503 0.201010 0.300064 0.033890 0.327534
3 2 0.023710 0.039113 0.286479 0.613737 0.036961
2 2 0.125301 0.153246 0.397755 0.203270 0.120427
3 0 0.070919 0.041392 0.211339 0.653307 0.023044
3 0 0.085266 0.059074 0.234486 0.447883 0.173291
2 2 0.087687 0.111621 0.383883 0.232510 0.184299
4 2 0.139572 0.154811 0.132704 0.008005 0.564908
3 2 0.050682 0.072881 0.355962 0.384207 0.136267
2 2 0.072238 0.162228 0.509753 0.078997 0.176784
2 2 0.076998 0.147333 0.473251 0.110637 0.191781
2 2 0.199394 0.168297 0.344070 0.114141 0.174098
0 0 0.527893 0.109652 0.129866 0.125838 0.106751
0 1 0.377009 0.099306 0.136847 0.169134 0.217704
0 2 0.330321 0.200062 0.248190 0.055540 0.165888
2 0 0.179149 0.251530 0.399666 0.019509 0.150146
2 1 0.186402 0.126806 0.346205 0.268718 0.071869
2 2 0.147734 0.106187 0.365578 0.317721 0.062780
4 2 0.290237 0.138182 0.184171 0.084255 0.303156
2 2 0.147126 0.111636 0.391855 0.278450 0.070933
0 2 0.349534 0.103611 0.132415 0.143456 0.270985
3 2 0.091543 0.038434 0.214347 0.642659 0.013017
4 2 0.245303 0.206279 0.242900 0.028752 0.276767
2 2 0.192066 0.216619 0.286143 0.043945 0.261226
2 2 0.200844 0.230769 0.316367 0.023054 0.228965
2 2 0.079312 0.152009 0.578586 0.125762 0.064331
2 2 0.241633 0.144916 0.286545 0.184844 0.142062
2 2 0.227290 0.184637 0.328960 0.109388 0.149726
3 2 0.112801 0.071421 0.177279 0.328143 0.310356
2 1 0.225714 0.182298 0.294119 0.126167 0.171702
0 0 0.446722 0.169306 0.177227 0.059944 0.146801
0 0 0.547651 0.095131 0.132355 0.139482 0.085382
0 0 0.357981 0.205714 0.193317 0.028664 0.214325
2 1 0.083618 0.204214 0.525789 0.049057 0.137322
4 1 0.124890 0.204890 0.256169 0.012984 0.401068
2 1 0.200010 0.187456 0.320923 0.056988 0.234624
2 1 0.145451 0.196782 0.426323 0.072334 0.159110
2 2 0.065013 0.176280 0.568499 0.065348 0.124860
2 2 0.040578 0.114386 0.606432 0.173960 0.064645
4 2 0.105712 0.192915 0.303201 0.016875 0.381297
2 2 0.047388 0.113345 0.573927 0.153900 0.111440
2 2 0.126155 0.231773 0.397642 0.026106 0.218324
4 2 0.130283 0.231302 0.275624 0.011212 0.351579
2 2 0.088838 0.179192 0.472254 0.024095 0.235621
4 1 0.118662 0.157068 0.117022 0.003215 0.604032
2 2 0.104227 0.180538 0.477376 0.094480 0.143379
4 2 0.148816 0.194557 0.188857 0.010088 0.457682
2 2 0.049561 0.116757 0.551858 0.207065 0.074759
2 2 0.128288 0.126560 0.424391 0.227344 0.093417
4 1 0.188532 0.183860 0.191524 0.010612 0.425471
2 2 0.035425 0.087881 0.590181 0.213075 0.073438
2 2 0.067476 0.111752 0.467853 0.174193 0.178726
2 2 0.059842 0.112328 0.463039 0.140248 0.224542
3 2 0.067915 0.088820 0.347534 0.380850 0.114881
2 2 0.039068 0.097945 0.653481 0.162192 0.047314
2 2 0.019794 0.045394 0.476973 0.408810 0.049029
2 2 0.027528 0.056476 0.538233 0.356777 0.020985
3 2 0.052571 0.074061 0.395024 0.420189 0.058155
2 2 0.059994 0.119090 0.514951 0.220465 0.085499
2 2 0.098213 0.110920 0.318796 0.237095 0.234976
2 2 0.078781 0.108494 0.430032 0.241660 0.141033
2 2 0.174804 0.172511 0.315277 0.130714 0.206693
2 2 0.090400 0.106116 0.476424 0.253841 0.073219
2 2 0.034838 0.099875 0.609145 0.187160 0.068982
3 2 0.054253 0.062019 0.386025 0.472318 0.025385
3 2 0.039949 0.044681 0.302330 0.591481 0.021559
3 2 0.107623 0.070285 0.234809 0.470945 0.116338
3 3 0.033960 0.030875 0.179338 0.717666 0.038161
3 2 0.036411 0.053730 0.331283 0.505320 0.073256
3 2 0.061909 0.050773 0.323487 0.545503 0.018328
2 2 0.241794 0.166838 0.276401 0.089138 0.225828
4 2 0.190455 0.115480 0.168501 0.089080 0.436484
3 2 0.030036 0.018691 0.135750 0.774532 0.040991
3 2 0.085580 0.053642 0.330632 0.514181 0.015965
0 2 0.241174 0.125747 0.196286 0.214961 0.221832
0 2 0.387054 0.163009 0.216239 0.098370 0.135328
0 2 0.292328 0.221600 0.259903 0.024210 0.201958
2 2 0.214069 0.149750 0.368925 0.190202 0.077054
2 2 0.154800 0.151370 0.377800 0.178230 0.137802
0 2 0.356935 0.173984 0.249649 0.098985 0.120447
0 0 0.286442 0.126541 0.280162 0.238846 0.068009
2 0 0.208671 0.235115 0.291484 0.017598 0.247132
2 0 0.178438 0.175502 0.310360 0.054085 0.281614
0 0 0.403748 0.075808 0.180477 0.312997 0.026970
0 0 0.559483 0.171495 0.108536 0.003759 0.156727
2 1 0.161264 0.179206 0.402083 0.100340 0.157106
4 1 0.127244 0.109475 0.100662 0.010797 0.651822
2 1 0.089905 0.203689 0.430334 0.027093 0.248980
4 1 0.133531 0.168100 0.293064 0.052967 0.352338
2 2 0.097178 0.149776 0.427725 0.120596 0.204724
2 2 0.079516 0.127966 0.456981 0.180318 0.155218
2 2 0.054603 0.146175 0.573710 0.106994 0.118517
2 2 0.124346 0.138312 0.369072 0.197878 0.170393
2 2 0.110644 0.099042 0.346526 0.324667 0.119121
2 2 0.112761 0.167315 0.509427 0.113580 0.096917
3 2 0.050230 0.046361 0.256401 0.464488 0.182520
3 2 0.137702 0.067467 0.218804 0.459168 0.116859
0 2 0.330416 0.190270 0.214048 0.060255 0.205011
2 2 0.156145 0.161971 0.325360 0.080703 0.275822
2 2 0.103439 0.129872 0.545131 0.159793 0.061766
2 2 0.102850 0.108624 0.408500 0.313010 0.067015
2 2 0.097787 0.163536 0.451622 0.144938 0.142117
2 2 0.077493 0.142566 0.592770 0.134515 0.052656
2 2 0.060092 0.125538 0.504360 0.158693 0.151317
2 2 0.169030 0.252730 0.382621 0.014472 0.181148
2 1 0.168659 0.248107 0.402942 0.023045 0.157248
4 1 0.245322 0.219999 0.247513 0.028844 0.258322
0 0 0.850438 0.046666 0.045724 0.044823 0.012350
0 0 0.330021 0.198897 0.179868 0.021634 0.269579
2 0 0.037193 0.090919 0.602182 0.192390 0.077315
2 0 0.021228 0.071348 0.620542 0.246177 0.040706
2 0 0.027064 0.113918 0.709448 0.089696 0.059873
3 0 0.076802 0.055332 0.208724 0.586881 0.072262
2 0 0.089038 0.185075 0.548240 0.044807 0.132839
2 0 0.073231 0.217015 0.488848 0.020077 0.200829
4 0 0.097060 0.184430 0.266786 0.011131 0.440594
2 1 0.056630 0.066388 0.402077 0.385506 0.089398
2 1 0.070908 0.096818 0.517966 0.276154 0.038154
2 1 0.087133 0.101944 0.486973 0.275916 0.048035
2 1 0.173393 0.199328 0.473270 0.052791 0.101218
2 1 0.083015 0.146201 0.537048 0.141497 0.092238
2 1 0.106815 0.150256 0.494111 0.146378 0.102440
4 1 0.326011 0.153274 0.139563 0.021435 0.359717
2 1 0.068848 0.151161 0.562877 0.128938 0.088175
2 1 0.133541 0.107917 0.319184 0.132434 0.306924
2 1 0.115776 0.198036 0.411260 0.069789 0.205139
2 1 0.061088 0.199701 0.561601 0.029183 0.148427
4 4 0.300363 0.101553 0.154934 0.130138 0.313012
2 4 0.043644 0.111835 0.590959 0.146485 0.107077
2 4 0.048708 0.082041 0.470299 0.213328 0.185623
2 4 0.086039 0.225737 0.407013 0.014146 0.267064
2 4 0.070498 0.113755 0.528029 0.135551 0.152166
0 4 0.392891 0.085645 0.112983 0.125930 0.282552
2 4 0.115320 0.110741 0.377790 0.284489 0.111660
3 4 0.006618 0.009315 0.137729 0.831020 0.015318
4 4 0.122349 0.132465 0.108651 0.005583 0.630952
0 4 0.318102 0.151253 0.284797 0.116274 0.129573
0 4 0.597567 0.109907 0.134332 0.103226 0.054968
4 4 0.063220 0.140064 0.373426 0.029947 0.393342
2 4 0.047940 0.166726 0.520350 0.017205 0.247779
2 4 0.052839 0.157000 0.599308 0.061964 0.128889
4 0 0.091716 0.167493 0.339132 0.025773 0.375886
2 0 0.028950 0.084961 0.587141 0.206527 0.092421
2 1 0.040228 0.131625 0.621366 0.061896 0.144885
2 1 0.016092 0.084920 0.758693 0.082239 0.058056
2 0 0.137361 0.143691 0.392486 0.164907 0.161555
3 0 0.100709 0.055522 0.200625 0.565514 0.077630
4 0 0.157015 0.195399 0.286403 0.055752 0.305431
2 0 0.045940 0.072062 0.432189 0.398179 0.051629
0 0 0.369302 0.106870 0.114378 0.056126 0.353324
3 0 0.019828 0.019020 0.202009 0.736537 0.022606
2 0 0.057735 0.079281 0.443387 0.384196 0.035400
2 0 0.122380 0.166893 0.345376 0.101124 0.264228
2 0 0.068589 0.149724 0.572767 0.080857 0.128063
0 0 0.310241 0.185831 0.200356 0.056724 0.246847
0 0 0.350601 0.145116 0.251491 0.165381 0.087411
0 0 0.611136 0.119975 0.176944 0.057776 0.034169
4 0 0.125013 0.143498 0.300798 0.123760 0.306930
0 0 0.410094 0.075338 0.086612 0.085661 0.342295
4 1 0.207352 0.202825 0.194659 0.022087 0.373076
2 1 0.086449 0.160289 0.361726 0.037714 0.353822
2 1 0.037238 0.130546 0.636795 0.073331 0.122090
2 1 0.137239 0.222090 0.325076 0.027093 0.288502
2 1 0.056953 0.153727 0.526043 0.044528 0.218750
2 1 0.059249 0.154500 0.551332 0.067147 0.167771
2 1 0.072122 0.219216 0.503757 0.020332 0.184573
3 0 0.110520 0.064429 0.305365 0.437948 0.081737
3 0 0.231060 0.078308 0.191657 0.403633 0.095343
0 0 0.585819 0.115051 0.129356 0.099359 0.070416
2 0 0.173781 0.215547 0.314336 0.031414 0.264922
2 0 0.123330 0.138140 0.322287 0.177260 0.238983
4 0 0.109113 0.128769 0.307693 0.083309 0.371116
4 0 0.142026 0.151181 0.253651 0.037626 0.415516
2 0 0.097774 0.164546 0.589610 0.082990 0.065081
2 0 0.042811 0.072468 0.548090 0.310014 0.026617
2 0 0.046898 0.087492 0.588423 0.251215 0.025972
2 0 0.216802 0.221308 0.371142 0.047959 0.142789
2 0 0.124326 0.209377 0.496550 0.042366 0.127379
2 0 0.082358 0.168423 0.612349 0.072998 0.063873
2 0 0.160739 0.214875 0.485527 0.034275 0.104583
2 0 0.051199 0.081120 0.529644 0.306355 0.031682
4 0 0.335510 0.117472 0.129717 0.034652 0.382650
2 0 0.058843 0.113115 0.618406 0.163253 0.046383
3 0 0.141719 0.046078 0.135443 0.458202 0.218558
3 0 0.133980 0.065181 0.211781 0.531227 0.057831
3 0 0.126672 0.077297 0.271599 0.442786 0.081647
2 0 0.146884 0.137189 0.335828 0.194405 0.185695
3 0 0.066140 0.047215 0.227647 0.573222 0.085776
2 0 0.043376 0.107090 0.539995 0.101007 0.208532
4 0 0.133581 0.220580 0.281116 0.015534 0.349188
2 0 0.026508 0.084462 0.620854 0.167680 0.100497
2 0 0.053254 0.154603 0.592587 0.046640 0.152915
2 0 0.061754 0.096604 0.432145 0.291129 0.118369
4 0 0.236682 0.113101 0.217964 0.176354 0.255900
2 0 0.128176 0.137822 0.414111 0.220608 0.099283
2 0 0.231784 0.146730 0.304582 0.198352 0.118552
3 0 0.164777 0.091761 0.276678 0.376556 0.090228
0 0 0.293130 0.199254 0.211283 0.050044 0.246289
4 0 0.149340 0.188703 0.156438 0.007336 0.498183
2 1 0.130236 0.193536 0.403230 0.091472 0.181526
2 1 0.109477 0.203473 0.465795 0.072356 0.148899
3 1 0.029742 0.021021 0.199401 0.743337 0.006499
0 1 0.295537 0.205614 0.251666 0.053493 0.193690
3 1 0.135374 0.080394 0.327766 0.419808 0.036657
4 0 0.179765 0.122406 0.210941 0.243003 0.243885
4 1 0.268383 0.091158 0.119652 0.141697 0.379109
0 0 0.486807 0.127814 0.153998 0.134564 0.096817
3 0 0.110444 0.085064 0.336070 0.407071 0.061352
2 1 0.037138 0.133287 0.663702 0.076237 0.089636
2 1 0.061488 0.181929 0.478829 0.023656 0.254097
4 1 0.088147 0.208655 0.335595 0.009993 0.357610
2 1 0.022036 0.070327 0.607107 0.248711 0.051819
2 2 0.084329 0.185351 0.452295 0.041051 0.236975
2 1 0.061558 0.183489 0.572994 0.039896 0.142064
4 2 0.122756 0.182807 0.265863 0.020469 0.408104
2 2 0.103639 0.118395 0.504861 0.170173 0.102933
0 1 0.308539 0.120664 0.206476 0.189262 0.175059
0 0 0.324372 0.186483 0.184957 0.036156 0.268032
2 1 0.054630 0.121747 0.474774 0.080428 0.268421
2 1 0.105406 0.113509 0.322957 0.175244 0.282885
3 1 0.152259 0.068061 0.164944 0.318820 0.295916
0 0 0.413288 0.104147 0.129177 0.140429 0.212958
2 1 0.126842 0.127894 0.351925 0.129606 0.263733
2 1 0.163113 0.196842 0.485456 0.063599 0.090989
2 1 0.112094 0.143515 0.435143 0.136758 0.172490
2 1 0.115398 0.196621 0.512409 0.065489 0.110083
3 2 0.017456 0.036161 0.433165 0.502837 0.010381
2 2 0.176484 0.170251 0.398715 0.082007 0.172542
2 2 0.231529 0.130152 0.241256 0.183615 0.213449
0 2 0.300331 0.213966 0.188014 0.017338 0.280351
2 2 0.039862 0.100452 0.590001 0.171226 0.098459
2 2 0.019962 0.063174 0.560489 0.330761 0.025614
2 2 0.047510 0.084933 0.571355 0.270331 0.025871
2 2 0.173111 0.229261 0.347759 0.037271 0.212598
3 2 0.029508 0.046258 0.444422 0.462531 0.017281
2 2 0.051671 0.117233 0.631787 0.105018 0.094291
4 2 0.242216 0.204716 0.202860 0.022262 0.327946
2 2 0.095680 0.131161 0.516725 0.200548 0.055885
4 2 0.124984 0.197276 0.179622 0.005111 0.493008
2 2 0.099706 0.172480 0.463450 0.125844 0.138519
4 2 0.149912 0.175839 0.151208 0.008849 0.514192
2 2 0.109824 0.203162 0.505743 0.035540 0.145731
2 2 0.094883 0.149911 0.441926 0.166165 0.147115
4 2 0.128409 0.152164 0.223685 0.034683 0.461058
2 2 0.106850 0.217499 0.349559 0.015378 0.310714
2 2 0.103826 0.254794 0.380942 0.011721 0.248717
3 2 0.128939 0.090338 0.269782 0.310564 0.200377
3 2 0.058570 0.066855 0.332805 0.492724 0.049047
2 2 0.134255 0.204827 0.406527 0.081956 0.172436
4 2 0.135628 0.188851 0.314209 0.041648 0.319665
2 2 0.249840 0.216677 0.260210 0.043088 0.230185
4 2 0.157606 0.088553 0.126275 0.096042 0.531524
2 2 0.172079 0.211422 0.360426 0.040301 0.215771
3 2 0.035522 0.058513 0.395932 0.463345 0.046688
2 2 0.107221 0.213168 0.473862 0.056961 0.148788
4 2 0.226934 0.203502 0.247981 0.060591 0.260993
2 2 0.172918 0.217892 0.392010 0.056046 0.161135
4 2 0.201420 0.218470 0.200298 0.006104 0.373708
2 2 0.130009 0.192447 0.425086 0.091260 0.161198
2 2 0.140536 0.203618 0.325391 0.030272 0.300183
4 2 0.314134 0.137391 0.123151 0.018702 0.406622
2 2 0.217513 0.157888 0.253240 0.175829 0.195529
2 2 0.173953 0.138035 0.302417 0.242191 0.143404
3 2 0.161125 0.106730 0.312814 0.334232 0.085099
3 2 0.205368 0.126077 0.225493 0.254299 0.188763
4 2 0.219915 0.144380 0.230245 0.089324 0.316136
3 2 0.101736 0.076060 0.325041 0.429724 0.067440
3 2 0.026382 0.034783 0.315398 0.604956 0.018480
2 3 0.196624 0.113616 0.371658 0.266736 0.051367
4 3 0.198564 0.087660 0.208342 0.114599 0.390835
2 3 0.110341 0.141306 0.469988 0.198425 0.079940
3 3 0.107620 0.059185 0.172989 0.457125 0.203080
4 3 0.207297 0.158952 0.218968 0.054968 0.359814
3 3 0.014967 0.023009 0.285406 0.668642 0.007976
3 3 0.043050 0.048491 0.283453 0.595247 0.029759
3 3 0.191759 0.081209 0.174773 0.331542 0.220718
0 3 0.435803 0.095151 0.140402 0.185257 0.143387
2 3 0.179570 0.130041 0.360093 0.257591 0.072705
2 3 0.165662 0.150533 0.269431 0.153438 0.260936
2 3 0.185648 0.173712 0.393070 0.143364 0.104206
4 3 0.210185 0.182191 0.210902 0.064941 0.331781
2 3 0.054146 0.077274 0.443994 0.377877 0.046709
3 3 0.049081 0.072205 0.340388 0.480330 0.057996
2 3 0.102243 0.082329 0.339269 0.329189 0.146971
2 3 0.118135 0.127953 0.366146 0.278459 0.109308
3 3 0.054058 0.036878 0.181011 0.690956 0.037098
3 3 0.078417 0.062743 0.307548 0.520088 0.031203
3 3 0.218951 0.104462 0.193100 0.259901 0.223587
0 3 0.300473 0.214943 0.198496 0.023145 0.262943
3 3 0.017914 0.044923 0.412771 0.502179 0.022211
2 3 0.163290 0.200323 0.313399 0.042856 0.280131
2 3 0.109150 0.134432 0.367132 0.259724 0.129563
2 3 0.092746 0.129614 0.446888 0.208727 0.122024
2 3 0.285288 0.145112 0.286944 0.115919 0.166736
0 3 0.243731 0.114366 0.203896 0.208337 0.229669
2 3 0.043742 0.074800 0.541898 0.292071 0.047489
2 3 0.137475 0.142366 0.320020 0.248993 0.151145
2 3 0.171674 0.129665 0.336328 0.166669 0.195665
0 3 0.325387 0.141282 0.191313 0.129487 0.212531
2 3 0.095663 0.143913 0.512870 0.172612 0.074942
4 3 0.139622 0.141850 0.295516 0.126333 0.296679
2 3 0.085284 0.112352 0.492106 0.257820 0.052438
4 3 0.206813 0.088040 0.184640 0.238532 0.281975
2 3 0.110201 0.173826 0.527887 0.098634 0.089452
3 3 0.082931 0.061785 0.326522 0.472230 0.056532
3 3 0.030004 0.046021 0.346932 0.554514 0.022529
2 3 0.101627 0.158810 0.492069 0.125450 0.122044
3 3 0.068016 0.094902 0.365475 0.390758 0.080849
2 3 0.085991 0.162033 0.527407 0.129739 0.094831
3 3 0.119680 0.110379 0.323451 0.353855 0.092635
4 3 0.165089 0.173707 0.205138 0.032977 0.423089
0 3 0.242616 0.135581 0.227487 0.189634 0.204681
2 3 0.099325 0.108092 0.371573 0.192405 0.228605
2 3 0.151957 0.182929 0.358164 0.136597 0.170353
3 3 0.053596 0.031858 0.208154 0.689639 0.016752
4 3 0.223065 0.193051 0.237404 0.045198 0.301281
2 3 0.184984 0.136409 0.349217 0.177498 0.151892
3 3 0.100898 0.081314 0.344479 0.405838 0.067471
2 3 0.199369 0.201733 0.296594 0.080707 0.221597
4 3 0.157488 0.153930 0.140887 0.013097 0.534597
2 3 0.158780 0.113006 0.366792 0.293925 0.067498
0 3 0.289827 0.147541 0.205716 0.070753 0.286163
4 3 0.123467 0.094104 0.213811 0.240007 0.328611
4 3 0.175732 0.221985 0.267269 0.034003 0.301010
4 3 0.229596 0.176265 0.221355 0.084793 0.287991
2 3 0.265204 0.201324 0.298750 0.070135 0.164587
4 3 0.249822 0.163291 0.194551 0.085163 0.307174
4 3 0.235906 0.208654 0.228610 0.036678 0.290151
3 3 0.103929 0.060015 0.245973 0.552670 0.037413
3 3 0.052518 0.066770 0.295756 0.514740 0.070216
4 3 0.206732 0.229977 0.206866 0.014850 0.341575
2 3 0.216577 0.174556 0.307894 0.092014 0.208959
2 3 0.161554 0.135517 0.337979 0.196097 0.168854
3 3 0.089071 0.058515 0.214061 0.576817 0.061536
3 3 0.054210 0.064528 0.324063 0.475296 0.081903
2 3 0.072191 0.134683 0.498439 0.208828 0.085859
2 3 0.222788 0.172167 0.272483 0.151202 0.181360
3 3 0.077202 0.065673 0.285798 0.515544 0.055783
3 3 0.022710 0.019937 0.170752 0.767909 0.018692
3 3 0.034596 0.040774 0.375698 0.537574 0.011357
3 3 0.042736 0.043240 0.272315 0.618711 0.022998
0 3 0.628382 0.100584 0.113522 0.102868 0.054643
0 0 0.527230 0.128576 0.147348 0.106340 0.090505
0 0 0.476386 0.096818 0.173990 0.206830 0.045977
2 0 0.265656 0.112651 0.377335 0.217633 0.026724
0 1 0.355563 0.131620 0.279480 0.164828 0.068508
2 2 0.061807 0.117872 0.518829 0.232773 0.068719
2 1 0.037616 0.066417 0.512106 0.359181 0.024680
2 2 0.062417 0.094220 0.537520 0.265227 0.040616
2 2 0.196569 0.176545 0.403341 0.126734 0.096810
2 2 0.117628 0.148083 0.471053 0.158105 0.105130
2 2 0.180883 0.176165 0.458631 0.101534 0.082786
2 2 0.061974 0.141145 0.635334 0.100839 0.060709
2 2 0.041162 0.146166 0.668592 0.068035 0.076045
2 2 0.070089 0.113186 0.534352 0.234730 0.047642
2 0 0.264352 0.146932 0.361858 0.151267 0.075591
2 0 0.146280 0.149642 0.566893 0.090575 0.046609
3 1 0.025126 0.039560 0.410402 0.511301 0.013611
2 1 0.278263 0.110574 0.286663 0.272213 0.052286
2 4 0.123507 0.230932 0.480707 0.018024 0.146830
2 4 0.048822 0.166426 0.555081 0.025433 0.204238
2 4 0.026910 0.108011 0.708544 0.088124 0.068411
2 4 0.120879 0.145136 0.349547 0.177582 0.206855
2 4 0.253523 0.166083 0.272397 0.145562 0.162435
4 0 0.257818 0.222255 0.206139 0.021432 0.292356
3 4 0.087699 0.076797 0.248417 0.336347 0.250739
0 1 0.441813 0.135125 0.166120 0.143539 0.113403
2 1 0.063526 0.183893 0.510977 0.027877 0.213727
4 4 0.107309 0.113219 0.320143 0.116589 0.342741
2 4 0.069023 0.167154 0.511269 0.058428 0.194125
2 4 0.097087 0.127366 0.461515 0.243188 0.070843
2 4 0.075017 0.138896 0.472856 0.106316 0.206915
2 4 0.043934 0.112222 0.573931 0.126200 0.143714
2 4 0.072670 0.155726 0.406283 0.032523 0.332798
4 4 0.115125 0.116639 0.277891 0.166334 0.324011
4 4 0.079524 0.055907 0.131795 0.103367 0.629407
2 4 0.070930 0.139067 0.380946 0.046092 0.362965
4 4 0.130719 0.139229 0.169359 0.021211 0.539482
4 4 0.211246 0.133736 0.184106 0.167757 0.303155
4 4 0.142310 0.082117 0.125611 0.073086 0.576877
4 4 0.170835 0.090714 0.103868 0.018342 0.616241
3 4 0.135376 0.041300 0.117968 0.419609 0.285747
4 4 0.218692 0.182949 0.280044 0.032778 0.285537
2 4 0.077367 0.109671 0.384623 0.161804 0.266536
4 4 0.103548 0.155975 0.187430 0.007636 0.545411
4 4 0.128605 0.174347 0.314618 0.029544 0.352886
2 4 0.078215 0.098532 0.422288 0.240921 0.160045
2 4 0.070898 0.167861 0.433835 0.032624 0.294781
2 4 0.049690 0.133505 0.596586 0.123610 0.096610
4 4 0.103492 0.149933 0.323887 0.066417 0.356272
2 4 0.140992 0.279998 0.296857 0.004045 0.278107
0 4 0.433652 0.097609 0.134764 0.168910 0.165065
0 4 0.334660 0.107140 0.137419 0.148545 0.272236
4 4 0.170757 0.133380 0.183150 0.044486 0.468228
2 4 0.132275 0.218057 0.417051 0.017789 0.214828
2 4 0.165824 0.198539 0.382061 0.037840 0.215736
3 4 0.056238 0.041746 0.282330 0.597602 0.022084
2 4 0.090218 0.202885 0.433817 0.014695 0.258385
4 4 0.149014 0.133468 0.285810 0.120306 0.311402
4 4 0.318638 0.116793 0.111344 0.023520 0.429705
2 4 0.114721 0.173851 0.348125 0.056513 0.306789
2 4 0.051382 0.098363 0.567901 0.185235 0.097120
2 4 0.055220 0.173969 0.505179 0.024645 0.240987
2 4 0.059644 0.154091 0.558141 0.072085 0.156040
2 4 0.139389 0.137625 0.418585 0.222347 0.082053
0 4 0.367674 0.123250 0.133144 0.060520 0.315412
2 4 0.114695 0.198214 0.407090 0.066142 0.213859
0 0 0.817476 0.055546 0.055983 0.054025 0.016970
0 1 0.582551 0.117282 0.139490 0.093994 0.066683
2 1 0.148912 0.169323 0.431352 0.149924 0.100490
2 1 0.061945 0.160993 0.574724 0.089419 0.112919
2 1 0.126267 0.106787 0.356083 0.302793 0.108070
2 1 0.133545 0.171923 0.454295 0.099457 0.140780
2 1 0.104524 0.161252 0.413359 0.059081 0.261784
2 1 0.073416 0.128711 0.565293 0.140206 0.092374
2 1 0.091756 0.194481 0.391342 0.022872 0.299550
2 1 0.113015 0.221033 0.431498 0.038869 0.195583
2 1 0.039764 0.109060 0.701045 0.103415 0.046717
4 1 0.201428 0.175416 0.156128 0.013622 0.453407
2 1 0.037487 0.093777 0.665334 0.170734 0.032668
2 1 0.024509 0.049037 0.505409 0.406797 0.014248
3 1 0.090289 0.072273 0.341918 0.436115 0.059405
0 0 0.439524 0.131661 0.162074 0.143860 0.122881
2 1 0.088774 0.182238 0.510056 0.047985 0.170947
2 1 0.100056 0.113556 0.424317 0.272315 0.089755
2 4 0.156715 0.155316 0.340379 0.114216 0.233374
2 4 0.170005 0.170453 0.322770 0.139076 0.197695
2 1 0.060735 0.100029 0.539528 0.245461 0.054248
2 1 0.051881 0.078520 0.485530 0.353050 0.031019
2 1 0.123509 0.129523 0.372005 0.113936 0.261027
2 1 0.108408 0.186334 0.468329 0.045948 0.190982
2 1 0.075892 0.139189 0.519216 0.094100 0.171604
2 1 0.047898 0.088670 0.577725 0.212610 0.073098
2 1 0.062811 0.143198 0.542998 0.073918 0.177074
2 1 0.021325 0.079674 0.651987 0.210707 0.036308
2 1 0.018031 0.077641 0.701573 0.173099 0.029657
2 1 0.119196 0.164855 0.427037 0.071250 0.217662
4 4 0.226564 0.143813 0.207201 0.047602 0.374820
2 4 0.094997 0.083774 0.312315 0.293525 0.215389
4 4 0.201961 0.157926 0.210684 0.022687 0.406742
0 0 0.670091 0.073209 0.091111 0.112225 0.053364
0 1 0.428075 0.170724 0.182030 0.064927 0.154244
2 1 0.116824 0.121481 0.340335 0.209839 0.211521
4 4 0.162503 0.251951 0.179939 0.003421 0.402186
0 4 0.424371 0.137757 0.170694 0.146846 0.120332
3 4 0.117729 0.062869 0.197205 0.512966 0.109232
2 4 0.240423 0.220178 0.366709 0.047065 0.125624
3 4 0.059446 0.031366 0.171287 0.693858 0.044044
0 4 0.347976 0.230365 0.234727 0.016026 0.170906
3 4 0.060363 0.070054 0.397698 0.441079 0.030807
2 4 0.138510 0.177621 0.535639 0.082928 0.065302
0 4 0.367238 0.155778 0.320698 0.102404 0.053881
0 4 0.359558 0.108974 0.206155 0.179775 0.145537
2 1 0.141079 0.198245 0.482660 0.053159 0.124857
4 1 0.306953 0.160819 0.165881 0.028464 0.337883
2 1 0.261467 0.138500 0.317856 0.200231 0.081947
2 2 0.095567 0.077021 0.419256 0.385153 0.023002
2 2 0.180181 0.111500 0.371293 0.270879 0.066147
3 2 0.165272 0.101749 0.289344 0.348540 0.095095
2 2 0.116534 0.244397 0.382192 0.019969 0.236908
2 2 0.083304 0.108226 0.427202 0.315755 0.065512
2 2 0.205747 0.138974 0.308052 0.243462 0.103765
0 0 0.538313 0.118606 0.139631 0.123592 0.079858
2 1 0.215602 0.204406 0.335664 0.057189 0.187139
2 1 0.106303 0.190983 0.350049 0.033758 0.318907
2 1 0.008822 0.043480 0.660528 0.261200 0.025970
2 1 0.025754 0.101451 0.693006 0.130531 0.049257
4 1 0.079108 0.086269 0.249720 0.138130 0.446774
2 1 0.017811 0.061401 0.591167 0.298962 0.030659
2 1 0.022706 0.080032 0.629926 0.161876 0.105460
2 1 0.047069 0.139956 0.605711 0.079642 0.127623
2 1 0.061464 0.102796 0.438448 0.241603 0.155690
2 1 0.076491 0.134273 0.543894 0.140147 0.105195
4 1 0.117407 0.220031 0.275074 0.008947 0.378541
2 1 0.130533 0.153592 0.390300 0.143968 0.181607
4 1 0.218421 0.168402 0.135400 0.006525 0.471251
3 0 0.095233 0.070313 0.265282 0.439683 0.129490
4 1 0.134346 0.214390 0.258251 0.014896 0.378117
2 1 0.068122 0.161361 0.484932 0.045860 0.239725
2 1 0.073051 0.114144 0.412808 0.172422 0.227575
2 1 0.070352 0.152958 0.463602 0.055455 0.257633
4 1 0.116973 0.184679 0.209542 0.008208 0.480598
2 1 0.117379 0.153379 0.432287 0.113396 0.183558
2 1 0.105392 0.120742 0.357815 0.288274 0.127776
3 1 0.044949 0.056288 0.423232 0.432666 0.042865
4 1 0.314274 0.142918 0.144841 0.038450 0.359518
3 1 0.120402 0.064691 0.222075 0.425739 0.167094
2 1 0.224339 0.177475 0.340065 0.124450 0.133671
4 1 0.081450 0.104068 0.115746 0.005686 0.693050
2 1 0.046028 0.117655 0.534482 0.088804 0.213030
2 1 0.061777 0.119173 0.505629 0.101377 0.212044
4 1 0.092049 0.101252 0.304920 0.091494 0.410285
2 1 0.144696 0.119273 0.311038 0.116417 0.308575
2 1 0.042745 0.115813 0.557641 0.088946 0.194856
2 1 0.022946 0.093225 0.690123 0.114345 0.079361
4 4 0.067892 0.144457 0.339239 0.020106 0.428305
2 4 0.029109 0.118144 0.679896 0.054439 0.118412
2 4 0.036856 0.138119 0.627744 0.043159 0.154121
2 4 0.049229 0.141996 0.437096 0.021574 0.350105
2 4 0.037276 0.150167 0.628613 0.030129 0.153815
2 4 0.038312 0.127152 0.607005 0.053252 0.174279
2 4 0.039197 0.114707 0.532072 0.054788 0.259236
2 4 0.028331 0.115310 0.655863 0.052559 0.147937
2 1 0.058135 0.164104 0.429574 0.017664 0.330523
