0 0 0.546074 0.087474 0.125248 0.165520 0.075684
0 0 0.572698 0.096316 0.113255 0.079261 0.138470
3 0 0.228782 0.110977 0.256040 0.328851 0.075351
3 0 0.132882 0.099079 0.284377 0.342191 0.141470
4 0 0.244538 0.177054 0.220885 0.041370 0.316154
4 0 0.290284 0.119350 0.156940 0.079950 0.353476
0 0 0.471248 0.095597 0.142175 0.166983 0.123997
0 0 0.490875 0.098823 0.135362 0.125281 0.149659
0 0 0.577328 0.100691 0.107103 0.056308 0.158570
4 0 0.122912 0.129037 0.258723 0.108179 0.381148
2 0 0.137181 0.135575 0.304843 0.161515 0.260886
0 0 0.464884 0.146944 0.196095 0.073251 0.118825
3 0 0.275069 0.076336 0.161170 0.396424 0.091001
2 0 0.090386 0.152128 0.453164 0.112463 0.191860
2 1 0.173720 0.177809 0.396045 0.172959 0.079466
3 1 0.016348 0.019564 0.183136 0.774130 0.006822
2 1 0.157649 0.156285 0.382619 0.145100 0.158348
2 1 0.075798 0.171751 0.570836 0.104246 0.077369
2 1 0.055873 0.163748 0.547266 0.053916 0.179197
2 1 0.028856 0.128111 0.645505 0.076627 0.120901
4 1 0.053501 0.179146 0.338901 0.011417 0.417035
2 4 0.052368 0.169682 0.459172 0.034348 0.284431
2 4 0.058940 0.248103 0.525054 0.014089 0.153814
2 4 0.037137 0.181218 0.590978 0.027246 0.163421
2 4 0.060493 0.194509 0.510140 0.032986 0.201873
2 4 0.045808 0.134019 0.521258 0.081954 0.216960
2 4 0.061341 0.223419 0.423872 0.011653 0.279715
2 4 0.056627 0.194099 0.539139 0.034219 0.175915
4 4 0.056459 0.162586 0.346549 0.017668 0.416738
2 4 0.033382 0.145714 0.600488 0.041847 0.178570
4 4 0.046380 0.181527 0.347058 0.008428 0.416608
2 4 0.044532 0.164451 0.447211 0.018319 0.325488
4 4 0.057333 0.206259 0.337846 0.008427 0.390135
2 4 0.051406 0.167797 0.418257 0.023876 0.338665
2 4 0.039367 0.151865 0.539674 0.034931 0.234163
2 4 0.069902 0.213077 0.485010 0.027776 0.204235
2 4 0.038529 0.137477 0.463342 0.037427 0.323225
2 4 0.028106 0.117473 0.672974 0.106116 0.075331
2 4 0.054393 0.200911 0.526512 0.028026 0.190157
0 0 0.478945 0.101280 0.131404 0.098575 0.189797
2 0 0.047618 0.095828 0.553245 0.236851 0.066458
2 1 0.140859 0.195977 0.475905 0.125355 0.061904
2 1 0.116658 0.162083 0.445097 0.188663 0.087499
4 2 0.177930 0.176095 0.223108 0.025859 0.397010
3 2 0.018817 0.023730 0.219411 0.729546 0.008496
2 2 0.133039 0.138658 0.387710 0.178805 0.161789
3 2 0.063381 0.065131 0.349785 0.496740 0.024964
2 2 0.083394 0.139383 0.554679 0.165745 0.056799
0 2 0.317024 0.139532 0.268503 0.226026 0.048915
0 2 0.332049 0.170430 0.295773 0.131590 0.070158
2 2 0.063496 0.132174 0.404429 0.092219 0.307682
4 2 0.207393 0.235845 0.195797 0.006610 0.354355
4 2 0.179051 0.198916 0.199597 0.012241 0.410195
4 2 0.145822 0.178475 0.253247 0.031038 0.391418
4 2 0.089155 0.110249 0.307366 0.092671 0.400559
4 2 0.193341 0.241820 0.152265 0.002718 0.409856
0 2 0.280825 0.134543 0.216313 0.187574 0.180745
4 2 0.067842 0.145959 0.364169 0.043462 0.378568
2 2 0.037712 0.130989 0.527781 0.059473 0.244045
4 2 0.083000 0.251229 0.329480 0.005573 0.330718
4 2 0.145962 0.236054 0.301035 0.012451 0.304497
2 2 0.079765 0.126715 0.395105 0.111877 0.286538
2 2 0.078418 0.193289 0.458444 0.024110 0.245738
3 2 0.026863 0.045744 0.373982 0.487805 0.065607
2 2 0.088166 0.084702 0.351685 0.304832 0.170614
4 2 0.129653 0.111650 0.265202 0.195401 0.298094
2 2 0.144699 0.154929 0.360074 0.084023 0.256274
4 2 0.180836 0.180356 0.211929 0.024874 0.402004
4 2 0.184138 0.117298 0.192732 0.122498 0.383334
2 2 0.119462 0.205409 0.482017 0.062305 0.130806
2 2 0.063512 0.084033 0.404520 0.322767 0.125168
2 2 0.131169 0.123713 0.318169 0.270929 0.156021
4 3 0.164208 0.143364 0.256862 0.081615 0.353951
2 3 0.084133 0.105088 0.438717 0.350634 0.021428
4 3 0.235178 0.138530 0.182086 0.063093 0.381113
3 3 0.027468 0.030237 0.218819 0.709917 0.013559
3 3 0.034825 0.034262 0.235465 0.648029 0.047419
0 3 0.343231 0.199520 0.259787 0.044978 0.152485
2 3 0.079755 0.081323 0.344811 0.335359 0.158752
3 3 0.032890 0.032101 0.213183 0.674914 0.046912
4 3 0.205595 0.160907 0.236012 0.082512 0.314974
4 3 0.232576 0.093272 0.181534 0.212866 0.279751
4 3 0.088197 0.114405 0.274262 0.089788 0.433348
3 3 0.089801 0.067431 0.270754 0.408774 0.163240
4 3 0.264441 0.135444 0.132857 0.029154 0.438104
3 3 0.177878 0.079098 0.222331 0.458137 0.062557
3 3 0.097975 0.062533 0.260319 0.491125 0.088048
3 3 0.025458 0.043807 0.388161 0.502893 0.039681
3 3 0.128933 0.059591 0.197043 0.559129 0.055304
4 3 0.217122 0.120691 0.223449 0.164953 0.273784
0 3 0.319527 0.134705 0.167492 0.069287 0.308989
4 3 0.259595 0.112675 0.179215 0.145693 0.302823
3 3 0.173190 0.096359 0.259536 0.338714 0.132202
3 3 0.141563 0.073650 0.239530 0.483523 0.061734
3 3 0.059120 0.049486 0.234983 0.627053 0.029359
0 3 0.280244 0.096606 0.167788 0.186321 0.269041
3 3 0.033576 0.043872 0.315912 0.586391 0.020248
3 3 0.047803 0.038570 0.205909 0.647760 0.059958
3 3 0.162786 0.070739 0.258983 0.439806 0.067687
3 3 0.038124 0.029644 0.171650 0.724477 0.036105
2 3 0.053916 0.113856 0.487135 0.140479 0.204613
2 3 0.083853 0.141353 0.431145 0.137917 0.205732
2 3 0.107902 0.115760 0.314955 0.152146 0.309237
2 3 0.078493 0.141189 0.487853 0.135963 0.156502
2 3 0.027457 0.052926 0.451616 0.428103 0.039898
2 3 0.064281 0.147337 0.566907 0.113983 0.107491
2 3 0.044986 0.158861 0.583909 0.046338 0.165906
2 3 0.015198 0.049491 0.515897 0.259823 0.159592
2 3 0.013129 0.042450 0.536057 0.383383 0.024981
2 3 0.036529 0.079720 0.552215 0.257726 0.073810
2 3 0.161891 0.229941 0.398245 0.034167 0.175757
2 3 0.036648 0.076088 0.474502 0.261795 0.150968
2 3 0.073340 0.125316 0.456162 0.196115 0.149066
2 3 0.079121 0.127019 0.373164 0.095361 0.325336
2 3 0.040379 0.072251 0.430597 0.353358 0.103415
2 3 0.036095 0.074079 0.557093 0.314072 0.018662
2 3 0.073987 0.143995 0.552211 0.118959 0.110848
2 3 0.089423 0.129783 0.466254 0.188959 0.125582
3 3 0.027050 0.035740 0.284036 0.601191 0.051983
2 3 0.038580 0.073610 0.464193 0.377151 0.046465
2 3 0.068257 0.146577 0.467405 0.102901 0.214860
3 3 0.048018 0.060537 0.330694 0.417096 0.143655
2 3 0.096684 0.139125 0.411061 0.128984 0.224146
3 3 0.070453 0.069137 0.318005 0.439611 0.102794
2 3 0.061674 0.072803 0.403944 0.393388 0.068191
2 3 0.083096 0.167355 0.472246 0.076112 0.201190
2 3 0.030034 0.085995 0.584466 0.197320 0.102185
2 3 0.085466 0.117986 0.399260 0.192243 0.205047
3 3 0.061742 0.061483 0.357661 0.480620 0.038494
3 3 0.059367 0.042690 0.245219 0.607638 0.045086
0 3 0.314918 0.097993 0.165581 0.187247 0.234262
0 0 0.474798 0.098915 0.139241 0.135218 0.151828
0 0 0.479350 0.101269 0.131316 0.098434 0.189632
0 1 0.438851 0.169142 0.144027 0.032254 0.215726
4 1 0.156052 0.168449 0.172420 0.016225 0.486855
2 1 0.110699 0.167864 0.359897 0.081338 0.280202
4 1 0.154118 0.181120 0.162063 0.009777 0.492921
2 0 0.270791 0.205310 0.294376 0.054138 0.175385
2 0 0.185687 0.172457 0.310181 0.115762 0.215913
0 0 0.317715 0.152230 0.182536 0.078955 0.268565
0 0 0.375406 0.132772 0.195629 0.130514 0.165679
4 0 0.195276 0.129202 0.201804 0.059847 0.413870
3 0 0.146647 0.064395 0.167852 0.494182 0.126923
0 0 0.427724 0.136157 0.170458 0.094183 0.171478
0 0 0.384403 0.091256 0.157422 0.246816 0.120103
0 0 0.304660 0.101871 0.164293 0.155659 0.273518
4 0 0.186797 0.141029 0.103699 0.008919 0.559556
2 2 0.057021 0.146801 0.411746 0.040921 0.343511
2 2 0.221916 0.161258 0.324157 0.135679 0.156990
0 2 0.331293 0.116911 0.181360 0.171201 0.199234
0 2 0.398801 0.074239 0.137498 0.338205 0.051257
3 0 0.240113 0.074778 0.165364 0.417198 0.102546
4 0 0.137510 0.124214 0.152925 0.031084 0.554266
2 0 0.165624 0.204220 0.300384 0.036532 0.293240
4 0 0.081926 0.122231 0.307397 0.092987 0.395459
2 0 0.033703 0.132239 0.631229 0.066751 0.136078
0 0 0.358343 0.100931 0.155386 0.146719 0.238621
0 0 0.434321 0.088709 0.146976 0.236706 0.093289
0 0 0.531209 0.097204 0.126560 0.110546 0.134481
0 0 0.445293 0.100722 0.142905 0.131076 0.180004
0 0 0.471989 0.112621 0.127921 0.064617 0.222851
2 1 0.010134 0.047777 0.594390 0.326482 0.021217
2 1 0.046857 0.205084 0.598044 0.018707 0.131307
2 2 0.026555 0.090730 0.617009 0.127839 0.137867
2 2 0.053043 0.168629 0.560760 0.050273 0.167296
2 2 0.052713 0.108045 0.500353 0.161472 0.177418
4 2 0.213525 0.214556 0.166771 0.006578 0.398570
3 2 0.031466 0.040182 0.401061 0.483391 0.043901
4 2 0.058299 0.128372 0.195191 0.013390 0.604747
4 2 0.039635 0.123374 0.215326 0.008920 0.612745
2 2 0.055540 0.158739 0.464229 0.055450 0.266043
2 2 0.046452 0.168326 0.625007 0.054117 0.106097
2 2 0.027494 0.139852 0.717817 0.056903 0.057934
3 2 0.065691 0.034790 0.141044 0.718276 0.040199
4 2 0.168709 0.127670 0.132206 0.025835 0.545580
2 2 0.130360 0.162326 0.369778 0.119270 0.218266
2 2 0.137931 0.116487 0.320711 0.164756 0.260114
3 2 0.161438 0.085941 0.218411 0.269159 0.265050
2 2 0.046233 0.191217 0.490527 0.016869 0.255154
2 2 0.019467 0.117703 0.678459 0.043910 0.140461
2 2 0.035697 0.130360 0.626700 0.072850 0.134393
2 2 0.024011 0.083637 0.599267 0.168519 0.124566
2 2 0.021415 0.073977 0.601496 0.212711 0.090401
2 2 0.028639 0.068816 0.487888 0.319015 0.095642
4 0 0.237084 0.133792 0.233553 0.118814 0.276756
2 0 0.254810 0.160217 0.270714 0.119093 0.195166
2 0 0.091495 0.168058 0.422778 0.079811 0.237858
2 0 0.055199 0.137462 0.548621 0.109240 0.149478
3 1 0.014028 0.033943 0.389597 0.548902 0.013530
2 1 0.015763 0.058557 0.620877 0.289174 0.015630
0 1 0.504936 0.100456 0.125673 0.089769 0.179167
0 0 0.359692 0.148999 0.225716 0.147843 0.117750
3 0 0.036370 0.039271 0.279077 0.583904 0.061379
4 0 0.118890 0.183498 0.278601 0.037185 0.381825
2 0 0.054881 0.136348 0.575312 0.147796 0.085663
2 1 0.078641 0.210129 0.469193 0.032690 0.209346
4 1 0.098226 0.144499 0.229669 0.035449 0.492158
2 2 0.168862 0.258497 0.348397 0.018739 0.205504
2 2 0.130306 0.176829 0.530627 0.109009 0.053229
3 0 0.049042 0.036338 0.178384 0.723279 0.012957
2 0 0.033324 0.114174 0.644951 0.116936 0.090614
2 1 0.083445 0.231290 0.380086 0.015813 0.289367
2 1 0.041145 0.194115 0.440894 0.010158 0.313688
2 1 0.089964 0.161626 0.557527 0.103209 0.087674
3 0 0.210155 0.083087 0.267032 0.357393 0.082334
2 0 0.205742 0.153065 0.298757 0.177170 0.165266
2 0 0.236058 0.131229 0.310948 0.258482 0.063283
0 0 0.408914 0.107566 0.193176 0.236834 0.053510
2 0 0.045912 0.129039 0.540966 0.113701 0.170382
2 1 0.062531 0.227194 0.410634 0.009249 0.290391
2 1 0.024041 0.151678 0.565891 0.015984 0.242407
2 1 0.073859 0.110117 0.370751 0.124550 0.320722
3 0 0.070229 0.043688 0.194132 0.658939 0.033011
2 0 0.038783 0.183498 0.533497 0.018453 0.225770
2 0 0.024989 0.152496 0.571058 0.018595 0.232862
2 0 0.059156 0.195309 0.439201 0.016907 0.289426
3 0 0.059797 0.071725 0.371167 0.459398 0.037913
4 1 0.234361 0.236599 0.151343 0.003397 0.374299
3 1 0.193228 0.106397 0.227996 0.247140 0.225238
0 1 0.543127 0.092725 0.129627 0.159781 0.074739
4 1 0.276643 0.159134 0.174836 0.037641 0.351745
2 1 0.183209 0.176810 0.302207 0.084541 0.253233
3 0 0.090088 0.074757 0.272453 0.493649 0.069054
3 0 0.138886 0.050016 0.152292 0.611177 0.047629
0 0 0.473655 0.082912 0.135345 0.242520 0.065567
4 0 0.240463 0.156864 0.079371 0.003051 0.520250
4 0 0.061708 0.114386 0.240846 0.033138 0.549922
2 0 0.064078 0.195581 0.478363 0.027753 0.234226
2 0 0.066531 0.200123 0.383391 0.012907 0.337048
2 0 0.044871 0.177778 0.515745 0.024195 0.237411
0 0 0.299588 0.166946 0.236214 0.076680 0.220572
3 0 0.147270 0.064726 0.168282 0.491232 0.128491
0 0 0.274394 0.120106 0.202477 0.135087 0.267936
3 0 0.170627 0.054856 0.159513 0.569439 0.045564
2 0 0.097423 0.121108 0.376351 0.256711 0.148408
2 0 0.094327 0.187995 0.428835 0.045639 0.243204
4 0 0.161188 0.156519 0.144743 0.020426 0.517123
2 0 0.108729 0.160293 0.471914 0.123513 0.135551
2 0 0.076186 0.209708 0.432551 0.029913 0.251642
0 0 0.295245 0.191868 0.279842 0.040044 0.193002
2 0 0.154402 0.125498 0.307824 0.136562 0.275713
0 0 0.347819 0.149528 0.279085 0.172924 0.050643
4 0 0.238955 0.175416 0.148115 0.020661 0.416853
0 0 0.263517 0.125647 0.235219 0.182239 0.193377
3 0 0.212640 0.100015 0.196105 0.270057 0.221183
3 0 0.078327 0.066127 0.289741 0.395922 0.169884
4 0 0.203749 0.178516 0.262437 0.060316 0.294982
4 0 0.079842 0.123154 0.334566 0.078916 0.383522
4 0 0.086098 0.098974 0.322383 0.163591 0.328954
0 0 0.259457 0.095642 0.174545 0.214489 0.255867
3 0 0.183736 0.060960 0.167506 0.563685 0.024113
4 0 0.216342 0.116580 0.189290 0.144372 0.333416
4 0 0.231508 0.182142 0.223806 0.050981 0.311563
3 0 0.099352 0.052945 0.197495 0.576288 0.073921
3 0 0.113280 0.046541 0.159241 0.635335 0.045602
2 0 0.085884 0.110992 0.412330 0.305312 0.085482
3 0 0.080645 0.059847 0.322609 0.486227 0.050672
2 0 0.094487 0.166901 0.382135 0.053170 0.303307
2 0 0.054486 0.161866 0.609270 0.094511 0.079867
2 0 0.215235 0.222725 0.376992 0.046964 0.138084
2 0 0.029865 0.095883 0.622990 0.208161 0.043101
2 0 0.058778 0.114592 0.529647 0.161979 0.135003
3 0 0.041897 0.027622 0.146252 0.755358 0.028870
4 0 0.221825 0.215161 0.193806 0.010210 0.358998
2 0 0.155162 0.197793 0.436756 0.085812 0.124477
0 0 0.341126 0.328374 0.257680 0.002128 0.070692
0 0 0.346175 0.128087 0.197463 0.210279 0.117996
3 0 0.135351 0.052360 0.168239 0.592386 0.051663
3 0 0.230126 0.058301 0.141690 0.538250 0.031632
0 0 0.325443 0.116537 0.231445 0.262275 0.064300
0 0 0.411851 0.153624 0.173922 0.081398 0.179205
4 0 0.186779 0.105958 0.173975 0.123308 0.409980
4 0 0.123988 0.104188 0.225361 0.125499 0.420965
0 0 0.362345 0.109573 0.165160 0.127487 0.235435
2 1 0.177939 0.181321 0.435163 0.123399 0.082178
2 1 0.016370 0.086858 0.723097 0.125545 0.048131
4 1 0.162907 0.132439 0.172502 0.046229 0.485923
3 0 0.054760 0.048058 0.273588 0.583567 0.040027
0 0 0.503725 0.150866 0.153313 0.066277 0.125819
3 0 0.138879 0.044580 0.132451 0.648802 0.035288
4 0 0.213935 0.132219 0.134762 0.028802 0.490283
0 0 0.547472 0.095408 0.131095 0.158837 0.067188
4 0 0.374189 0.153424 0.087033 0.005900 0.379454
4 0 0.128711 0.125626 0.256623 0.067600 0.421439
4 4 0.053044 0.168596 0.365884 0.015051 0.397425
2 4 0.027284 0.157908 0.444153 0.009234 0.361421
2 4 0.030555 0.161197 0.515474 0.016994 0.275780
2 4 0.019037 0.108139 0.649056 0.054497 0.169271
2 4 0.029067 0.159169 0.475386 0.012978 0.323399
2 4 0.027600 0.156922 0.467596 0.010422 0.337460
2 4 0.072842 0.133190 0.525386 0.140848 0.127733
2 4 0.035587 0.162355 0.598268 0.043632 0.160158
2 4 0.051655 0.086391 0.359718 0.153153 0.349084
4 4 0.041587 0.119663 0.388020 0.055980 0.394749
2 4 0.037224 0.148705 0.452328 0.020256 0.341487
2 4 0.034902 0.169119 0.508251 0.017240 0.270488
2 4 0.017634 0.102658 0.665264 0.064311 0.150134
2 4 0.022218 0.127065 0.590149 0.038706 0.221861
2 4 0.014630 0.111365 0.693204 0.033164 0.147637
2 4 0.028934 0.129490 0.542518 0.039942 0.259116
2 4 0.040852 0.184720 0.443944 0.012886 0.317598
2 4 0.042726 0.164999 0.470013 0.025588 0.296674
2 4 0.046654 0.185620 0.606121 0.033758 0.127846
2 4 0.027265 0.140003 0.665479 0.047219 0.120034
2 4 0.045092 0.162304 0.416034 0.018716 0.357853
2 4 0.039132 0.178260 0.573913 0.028992 0.179703
2 4 0.053986 0.194726 0.469120 0.021618 0.260551
2 4 0.025086 0.087517 0.609610 0.181689 0.096098
2 4 0.047916 0.102465 0.535280 0.249681 0.064658
2 4 0.063181 0.162520 0.556577 0.072249 0.145473
3 4 0.026003 0.020992 0.191628 0.750602 0.010775
0 0 0.559113 0.097753 0.113217 0.072906 0.157011
0 0 0.384315 0.100551 0.154278 0.155009 0.205848
0 1 0.387018 0.131415 0.158017 0.079448 0.244101
2 1 0.060475 0.192314 0.385976 0.013627 0.347607
2 1 0.143894 0.187074 0.453041 0.112403 0.103589
4 1 0.234146 0.146794 0.242190 0.118949 0.257921
2 1 0.186815 0.142512 0.426147 0.170267 0.074259
0 0 0.254324 0.091444 0.175757 0.253423 0.225052
0 0 0.389630 0.188479 0.229501 0.035708 0.156682
3 1 0.353279 0.064879 0.127320 0.431723 0.022799
2 1 0.193378 0.165691 0.288546 0.109067 0.243317
2 1 0.061150 0.135602 0.407234 0.069064 0.326950
2 1 0.169043 0.134708 0.309423 0.152440 0.234386
3 1 0.113465 0.071542 0.236845 0.397646 0.180502
4 1 0.220227 0.161809 0.235736 0.083068 0.299160
2 4 0.158901 0.156506 0.388148 0.170794 0.125650
2 4 0.084566 0.209871 0.444977 0.028340 0.232246
2 4 0.043841 0.164144 0.671853 0.065468 0.054694
2 4 0.087079 0.253828 0.446677 0.014872 0.197544
2 4 0.062311 0.204233 0.571106 0.040555 0.121795
2 4 0.091042 0.222669 0.468929 0.031621 0.185739
2 4 0.135587 0.298081 0.460278 0.016983 0.089071
2 2 0.145588 0.231193 0.452766 0.053809 0.116644
4 2 0.088858 0.222512 0.270999 0.006483 0.411148
2 2 0.079925 0.148144 0.551744 0.154929 0.065259
2 2 0.075824 0.103233 0.471017 0.319336 0.030591
2 2 0.097561 0.135971 0.434785 0.192746 0.138938
2 2 0.049952 0.097489 0.547346 0.253902 0.051310
2 2 0.059902 0.139095 0.556940 0.159132 0.084931
2 2 0.143508 0.252590 0.367739 0.020299 0.215864
2 2 0.069536 0.138516 0.526939 0.198743 0.066267
2 2 0.036969 0.091555 0.600498 0.230306 0.040673
2 2 0.087433 0.142182 0.530185 0.180672 0.059528
2 2 0.110489 0.166072 0.397787 0.113600 0.212052
2 2 0.053928 0.167145 0.535111 0.048398 0.195418
2 2 0.016998 0.061695 0.612875 0.291911 0.016521
3 2 0.065082 0.059638 0.290298 0.562874 0.022108
0 2 0.543285 0.097495 0.134214 0.142659 0.082347
2 2 0.042232 0.151183 0.498470 0.034499 0.273617
2 2 0.032586 0.146633 0.574094 0.029279 0.217409
2 2 0.035250 0.094379 0.595422 0.176597 0.098351
2 2 0.062562 0.170036 0.521966 0.066839 0.178596
2 2 0.038628 0.176136 0.654902 0.036394 0.093940
2 2 0.043366 0.176679 0.452021 0.016367 0.311567
2 2 0.062056 0.109606 0.470252 0.220419 0.137667
4 2 0.259870 0.094849 0.170451 0.198160 0.276670
4 2 0.131931 0.139571 0.074466 0.002397 0.651635
2 2 0.066901 0.135550 0.420249 0.061925 0.315376
2 2 0.032955 0.125859 0.628904 0.099927 0.112355
4 2 0.178741 0.084610 0.177578 0.254356 0.304715
4 2 0.316679 0.142468 0.170261 0.052446 0.318146
3 2 0.143831 0.035000 0.107108 0.699279 0.014782
3 2 0.250549 0.100563 0.198192 0.313852 0.136845
0 2 0.353171 0.100752 0.156298 0.149101 0.240678
0 2 0.710884 0.082569 0.078232 0.041287 0.087029
3 2 0.144925 0.088840 0.300076 0.369154 0.097005
4 2 0.116444 0.112623 0.211277 0.075718 0.483939
2 2 0.118806 0.113896 0.353247 0.209476 0.204574
2 2 0.071488 0.192100 0.653803 0.043466 0.039142
2 2 0.249724 0.296350 0.341494 0.008888 0.103545
0 2 0.282264 0.125848 0.227405 0.248206 0.116277
2 2 0.086110 0.112004 0.427082 0.183963 0.190841
4 2 0.086861 0.146444 0.280550 0.050680 0.435464
2 2 0.042302 0.124726 0.556844 0.120341 0.155787
4 2 0.145177 0.183551 0.285811 0.040532 0.344929
4 2 0.216970 0.168623 0.162588 0.029945 0.421874
0 0 0.460960 0.101669 0.135266 0.104961 0.197144
0 0 0.520795 0.126275 0.115743 0.036244 0.200943
3 0 0.105788 0.052041 0.235918 0.565012 0.041241
4 0 0.126293 0.172481 0.217172 0.022032 0.462023
4 1 0.083180 0.223562 0.288988 0.008745 0.395526
2 1 0.066096 0.180781 0.446188 0.034740 0.272195
2 2 0.039532 0.137659 0.637005 0.091209 0.094594
2 2 0.076144 0.182257 0.408521 0.032810 0.300268
2 2 0.047496 0.100346 0.478742 0.223458 0.149957
2 2 0.054142 0.141856 0.579179 0.122200 0.102623
2 2 0.074190 0.167777 0.555044 0.087458 0.115532
2 2 0.077422 0.135847 0.423836 0.119988 0.242907
2 2 0.072556 0.239808 0.456888 0.012167 0.218581
2 2 0.042858 0.149316 0.640292 0.079071 0.088462
2 2 0.054454 0.187268 0.571568 0.034117 0.152594
2 2 0.101507 0.251168 0.445933 0.023847 0.177546
2 2 0.080123 0.194109 0.472700 0.044514 0.208555
2 2 0.031717 0.116858 0.662215 0.111854 0.077356
2 2 0.079435 0.186154 0.563362 0.088127 0.082922
2 2 0.065812 0.107027 0.483251 0.304563 0.039347
2 2 0.064629 0.131695 0.506230 0.162478 0.134968
2 2 0.064823 0.158431 0.527941 0.089592 0.159213
2 2 0.032753 0.077864 0.535688 0.314014 0.039681
2 2 0.103840 0.089075 0.355480 0.329231 0.122374
3 3 0.155675 0.079186 0.281943 0.372382 0.110814
2 3 0.056454 0.113696 0.481086 0.172510 0.176255
3 3 0.020696 0.022470 0.185851 0.745055 0.025927
3 3 0.058161 0.043559 0.226327 0.625372 0.046582
2 2 0.054117 0.162095 0.440629 0.031771 0.311388
2 2 0.022205 0.067149 0.594553 0.286487 0.029607
3 2 0.011202 0.027914 0.363896 0.580468 0.016519
2 2 0.066556 0.166382 0.593967 0.090850 0.082245
2 2 0.078585 0.132716 0.428159 0.140155 0.220384
2 2 0.056796 0.190102 0.525983 0.026445 0.200675
2 2 0.025898 0.074787 0.569638 0.272242 0.057434
3 2 0.055565 0.063711 0.341292 0.452598 0.086834
2 2 0.099488 0.168565 0.425178 0.059796 0.246973
2 2 0.061954 0.140502 0.578885 0.136827 0.081832
2 2 0.035447 0.131150 0.546064 0.062340 0.224999
4 2 0.237769 0.092607 0.173001 0.211889 0.284735
0 2 0.544253 0.098549 0.117303 0.079198 0.160697
3 2 0.168898 0.065058 0.172236 0.501980 0.091828
2 2 0.114815 0.194667 0.334515 0.045227 0.310776
2 2 0.045701 0.113087 0.622948 0.136415 0.081849
4 2 0.239061 0.183591 0.229765 0.067320 0.280263
4 2 0.095095 0.208071 0.336140 0.023006 0.337688
2 2 0.071902 0.125712 0.523102 0.158280 0.121005
2 2 0.066280 0.126565 0.595808 0.145682 0.065665
2 2 0.069016 0.131987 0.362399 0.077292 0.359306
2 2 0.117114 0.238995 0.393280 0.029584 0.221027
2 2 0.052156 0.172992 0.541545 0.041146 0.192161
2 2 0.035263 0.124980 0.517142 0.054815 0.267800
2 2 0.021453 0.085361 0.677769 0.182635 0.032782
2 2 0.052268 0.164269 0.453835 0.030342 0.299287
4 2 0.072947 0.175429 0.251044 0.009802 0.490778
2 2 0.060877 0.092923 0.446533 0.320918 0.078750
2 2 0.060481 0.074586 0.347817 0.299655 0.217460
2 2 0.053498 0.131787 0.575281 0.158298 0.081135
2 2 0.069668 0.120884 0.516773 0.192641 0.100034
2 2 0.044520 0.070332 0.382003 0.298362 0.204783
3 2 0.308604 0.076029 0.154808 0.383995 0.076565
3 2 0.248370 0.077256 0.167273 0.396689 0.110411
3 2 0.196987 0.070293 0.165200 0.501888 0.065632
0 2 0.468837 0.079265 0.132516 0.263823 0.055558
4 0 0.159479 0.137476 0.099785 0.007653 0.595608
4 0 0.118529 0.145043 0.314832 0.075085 0.346512
2 0 0.038736 0.124502 0.614817 0.108421 0.113524
2 0 0.128536 0.168388 0.390811 0.117493 0.194772
2 4 0.227051 0.220190 0.283039 0.038840 0.230881
2 4 0.169032 0.095013 0.289141 0.220966 0.225848
0 4 0.602788 0.094603 0.102730 0.060662 0.139217
4 1 0.282237 0.143062 0.116529 0.016474 0.441698
4 1 0.074701 0.159437 0.249257 0.017940 0.498665
2 4 0.062143 0.255427 0.451801 0.010828 0.219800
2 4 0.038214 0.197835 0.613961 0.022363 0.127627
2 4 0.050954 0.190378 0.537050 0.024135 0.197481
2 4 0.043909 0.152739 0.623618 0.084715 0.095019
2 4 0.065829 0.162910 0.603988 0.103242 0.064032
2 4 0.036355 0.163495 0.569554 0.038681 0.191916
2 4 0.180003 0.191177 0.325359 0.053404 0.250057
3 4 0.301538 0.068050 0.143748 0.433596 0.053067
0 0 0.401633 0.199850 0.226303 0.045718 0.126496
2 0 0.065237 0.174396 0.374436 0.027441 0.358490
2 0 0.058876 0.243558 0.447578 0.009444 0.240543
2 4 0.058988 0.224445 0.546923 0.022318 0.147327
2 4 0.031348 0.159308 0.611077 0.029939 0.168328
2 4 0.036182 0.175369 0.632350 0.030663 0.125435
2 4 0.015033 0.094177 0.762472 0.094487 0.033831
2 4 0.047033 0.244358 0.471989 0.007172 0.229447
2 2 0.040590 0.170282 0.559629 0.030373 0.199126
2 2 0.042849 0.149006 0.596571 0.078881 0.132693
2 2 0.037546 0.195554 0.584616 0.019891 0.162393
2 2 0.035843 0.148452 0.676813 0.064026 0.074867
2 2 0.042891 0.128407 0.631390 0.136170 0.061142
2 2 0.071387 0.154937 0.398079 0.048333 0.327264
0 0 0.415681 0.100948 0.148376 0.141068 0.193928
2 0 0.191920 0.204837 0.360133 0.070908 0.172202
2 1 0.092182 0.180091 0.424006 0.055077 0.248644
2 1 0.273060 0.160990 0.307134 0.119757 0.139058
4 1 0.196399 0.127964 0.213953 0.170522 0.291161
2 0 0.083540 0.241157 0.345361 0.009673 0.320269
2 0 0.043780 0.125535 0.595777 0.134380 0.100529
2 2 0.048255 0.172730 0.561809 0.044519 0.172687
2 2 0.057623 0.159259 0.564772 0.090326 0.128020
2 2 0.134336 0.137723 0.336079 0.166217 0.225645
2 2 0.060657 0.204289 0.551174 0.026870 0.157009
2 2 0.049794 0.222408 0.643062 0.022490 0.062246
2 2 0.032581 0.156434 0.694857 0.043396 0.072731
2 2 0.071472 0.198394 0.517366 0.046460 0.166307
0 2 0.276375 0.144294 0.231027 0.093830 0.254475
2 2 0.253944 0.158942 0.259774 0.111232 0.216108
2 2 0.123408 0.136987 0.433779 0.221978 0.083848
0 0 0.445915 0.092579 0.146872 0.204484 0.110150
3 0 0.136555 0.043426 0.124093 0.659383 0.036543
2 0 0.213091 0.126139 0.263291 0.250426 0.147053
0 0 0.443667 0.093745 0.151098 0.211162 0.100328
0 0 0.751376 0.073884 0.072819 0.050889 0.051032
0 0 0.530461 0.086378 0.127306 0.225222 0.030633
3 0 0.098640 0.022586 0.073584 0.797798 0.007393
3 0 0.294988 0.064584 0.138940 0.455914 0.045575
4 0 0.130781 0.156632 0.281345 0.071411 0.359830
2 1 0.048513 0.149759 0.581476 0.074313 0.145939
2 1 0.074017 0.186975 0.532121 0.069309 0.137578
2 4 0.060065 0.136831 0.442564 0.084670 0.275870
2 4 0.035263 0.114179 0.598506 0.142867 0.109186
2 4 0.045122 0.101288 0.545756 0.207025 0.100809
4 4 0.073022 0.120296 0.260397 0.048620 0.497665
2 4 0.062620 0.124619 0.399933 0.097531 0.315296
4 4 0.212938 0.101998 0.217795 0.179216 0.288053
2 4 0.160309 0.189188 0.487516 0.081498 0.081490
4 4 0.165209 0.148028 0.161384 0.032807 0.492572
4 4 0.176827 0.103627 0.230482 0.240236 0.248828
3 4 0.066818 0.076257 0.326251 0.374146 0.156527
4 4 0.122700 0.199878 0.250820 0.015141 0.411461
0 4 0.295180 0.212644 0.272696 0.027954 0.191526
0 4 0.283055 0.125895 0.232422 0.197884 0.160744
4 4 0.116816 0.152112 0.315372 0.081342 0.334359
2 4 0.108053 0.178725 0.448314 0.082465 0.182443
4 4 0.111360 0.131494 0.191045 0.031976 0.534125
2 4 0.059073 0.105207 0.439613 0.211989 0.184118
2 4 0.227378 0.125948 0.238445 0.225732 0.182497
4 4 0.099253 0.145320 0.323538 0.054100 0.377789
2 4 0.103684 0.150273 0.405753 0.093442 0.246848
2 4 0.102642 0.141322 0.372422 0.110799 0.272814
2 4 0.163229 0.114608 0.297002 0.234637 0.190524
1 4 0.243575 0.277253 0.234181 0.008790 0.236202
2 4 0.086472 0.147298 0.406807 0.090824 0.268599
3 4 0.044880 0.030293 0.198887 0.704632 0.021309
3 4 0.125960 0.111375 0.292468 0.297741 0.172456
2 4 0.057157 0.182221 0.548115 0.039579 0.172928
2 4 0.050057 0.154419 0.596793 0.071926 0.126805
4 4 0.067583 0.133069 0.320292 0.041525 0.437531
2 4 0.092581 0.148779 0.518184 0.140646 0.099810
3 4 0.036776 0.030645 0.210701 0.691717 0.030161
4 4 0.211677 0.158828 0.216525 0.101869 0.311101
2 4 0.099856 0.144290 0.408403 0.181135 0.166315
2 4 0.028384 0.116487 0.666469 0.128557 0.060101
2 4 0.041807 0.125327 0.614900 0.115509 0.102458
2 4 0.073523 0.098596 0.389723 0.210562 0.227596
2 4 0.044020 0.122644 0.557643 0.119940 0.155753
2 4 0.035962 0.158676 0.663848 0.046045 0.095469
2 4 0.041694 0.180182 0.602495 0.027373 0.148256
2 4 0.139924 0.195549 0.369162 0.073885 0.221480
0 4 0.497115 0.134168 0.094122 0.013832 0.260764
3 4 0.058729 0.032407 0.146633 0.729661 0.032570
0 2 0.362615 0.245566 0.301111 0.036610 0.054098
2 2 0.019652 0.072487 0.648607 0.214245 0.045009
3 2 0.024120 0.048850 0.434793 0.468281 0.023956
0 2 0.547471 0.097826 0.119329 0.087812 0.147562
0 2 0.533875 0.098343 0.123138 0.095098 0.149546
0 2 0.527651 0.119418 0.127722 0.062751 0.162458
2 2 0.071251 0.159286 0.566444 0.116274 0.086744
2 2 0.052189 0.104919 0.541828 0.202395 0.098668
2 2 0.053396 0.142154 0.559690 0.087992 0.156769
2 2 0.220483 0.201053 0.377462 0.095128 0.105873
2 2 0.207509 0.207825 0.310731 0.051325 0.222610
2 2 0.114126 0.174802 0.386067 0.065532 0.259473
4 2 0.243089 0.192284 0.206684 0.021215 0.336728
2 2 0.073625 0.108288 0.472066 0.274709 0.071312
2 2 0.130392 0.277134 0.411481 0.014159 0.166834
2 2 0.086161 0.132195 0.519744 0.161726 0.100175
0 3 0.269358 0.105506 0.205036 0.245923 0.174178
0 3 0.582969 0.085462 0.122211 0.147507 0.061852
0 3 0.522318 0.113230 0.114048 0.045860 0.204543
4 2 0.195368 0.272707 0.251337 0.007254 0.273335
2 2 0.094310 0.234163 0.536666 0.025102 0.109759
3 2 0.072315 0.074638 0.379910 0.451615 0.021521
2 2 0.293381 0.198782 0.310647 0.062656 0.134534
4 2 0.235529 0.143104 0.112265 0.012937 0.496165
2 2 0.097865 0.155365 0.487179 0.090816 0.168774
2 2 0.106159 0.193167 0.402076 0.047159 0.251438
2 2 0.065009 0.126873 0.471014 0.141936 0.195167
2 2 0.102158 0.181409 0.348391 0.037110 0.330933
2 2 0.104456 0.176968 0.422764 0.058928 0.236883
4 2 0.071127 0.147849 0.340318 0.036233 0.404474
2 2 0.057467 0.159418 0.464070 0.050923 0.268122
4 2 0.074372 0.190668 0.351479 0.016782 0.366699
2 2 0.054901 0.140140 0.397719 0.042348 0.364892
2 2 0.053785 0.108018 0.496602 0.177147 0.164448
2 2 0.070075 0.141166 0.459691 0.105488 0.223580
2 2 0.070378 0.198541 0.432880 0.026003 0.272198
4 2 0.074551 0.151783 0.355838 0.044932 0.372896
2 2 0.051418 0.129270 0.526655 0.120640 0.172016
2 2 0.079721 0.144982 0.373719 0.075637 0.325941
2 2 0.047620 0.093509 0.499266 0.286552 0.073053
2 2 0.097156 0.152197 0.436941 0.119778 0.193928
4 2 0.183638 0.236203 0.215158 0.008280 0.356720
2 2 0.197972 0.123805 0.287985 0.138994 0.251243
3 2 0.053771 0.044669 0.241183 0.588343 0.072034
2 2 0.146567 0.126121 0.300985 0.220910 0.205417
2 2 0.016388 0.095781 0.729040 0.112550 0.046241
2 2 0.074431 0.075461 0.343588 0.307744 0.198777
3 2 0.181773 0.106450 0.236074 0.384742 0.090961
3 2 0.122600 0.073113 0.292347 0.449462 0.062479
4 2 0.244570 0.130712 0.173533 0.081254 0.369930
3 2 0.023114 0.021679 0.175872 0.760039 0.019296
4 3 0.226077 0.095354 0.179100 0.216287 0.283182
3 3 0.138302 0.069037 0.273741 0.444528 0.074392
3 3 0.017475 0.016398 0.148662 0.805856 0.011609
3 3 0.200793 0.084397 0.180085 0.304459 0.230265
3 3 0.298856 0.075587 0.163460 0.419121 0.042977
3 3 0.013209 0.015840 0.186896 0.773308 0.010747
4 3 0.241884 0.097927 0.207510 0.201428 0.251252
4 3 0.109599 0.125651 0.261519 0.077889 0.425342
4 3 0.139919 0.172785 0.287957 0.035858 0.363482
2 3 0.128922 0.167129 0.432108 0.065607 0.206233
4 3 0.145428 0.120074 0.210944 0.074635 0.448920
2 3 0.178151 0.187478 0.341174 0.045868 0.247329
3 3 0.054097 0.061522 0.298982 0.494783 0.090615
4 3 0.250845 0.214989 0.248382 0.033115 0.252669
2 3 0.066290 0.120802 0.502145 0.195156 0.115607
2 3 0.073052 0.097993 0.404104 0.237022 0.187829
4 3 0.269090 0.142150 0.161488 0.040286 0.386985
4 3 0.118957 0.094429 0.239326 0.183410 0.363877
2 3 0.116331 0.140397 0.348808 0.105109 0.289354
2 3 0.174289 0.144204 0.339403 0.167041 0.175064
4 3 0.244125 0.130276 0.165378 0.059743 0.400477
3 3 0.133591 0.078415 0.240101 0.443886 0.104007
2 3 0.124384 0.093660 0.331353 0.297148 0.153455
2 3 0.240252 0.131093 0.284273 0.170179 0.174203
3 3 0.122180 0.086563 0.282198 0.337915 0.171145
4 3 0.122424 0.128825 0.299165 0.112683 0.336903
2 3 0.146379 0.099150 0.261761 0.261617 0.231093
4 3 0.191381 0.108964 0.188163 0.136148 0.375344
3 3 0.078538 0.060384 0.274004 0.493517 0.093557
3 3 0.114175 0.080197 0.285467 0.407849 0.112311
3 3 0.140930 0.100894 0.309335 0.352622 0.096219
3 3 0.101007 0.070480 0.248522 0.512637 0.067353
4 3 0.236586 0.136688 0.237440 0.113961 0.275324
2 3 0.141022 0.121796 0.329020 0.155462 0.252700
3 3 0.113740 0.080189 0.269060 0.411578 0.125432
4 3 0.157426 0.118320 0.150377 0.048261 0.525616
3 3 0.121837 0.085611 0.275334 0.298308 0.218909
4 3 0.236751 0.102975 0.192179 0.225470 0.242625
3 3 0.153197 0.094470 0.267046 0.325487 0.159800
0 3 0.332764 0.143041 0.185596 0.104340 0.234259
3 3 0.029810 0.041054 0.306720 0.579624 0.042792
4 3 0.228652 0.129775 0.208233 0.083505 0.349835
3 3 0.176948 0.090840 0.209215 0.325433 0.197563
4 3 0.228546 0.103705 0.193650 0.184709 0.289390
3 3 0.113753 0.080539 0.264638 0.379045 0.162026
3 3 0.175403 0.087010 0.207498 0.337085 0.193004
2 3 0.231442 0.141562 0.318065 0.192453 0.116478
3 3 0.255128 0.084274 0.187568 0.344323 0.128707
2 3 0.224041 0.155060 0.313985 0.144488 0.162425
0 3 0.244109 0.107611 0.196652 0.239308 0.212320
4 3 0.186948 0.107915 0.201435 0.209785 0.293917
3 3 0.027280 0.027926 0.214177 0.697213 0.033405
3 3 0.052190 0.054690 0.331370 0.449876 0.111874
4 3 0.189177 0.118545 0.200841 0.159623 0.331814
0 3 0.289663 0.126677 0.200639 0.148121 0.234900
2 3 0.210235 0.121533 0.316364 0.245027 0.106840
4 3 0.183577 0.143332 0.273456 0.075450 0.324185
3 3 0.151824 0.037705 0.106049 0.684656 0.019765
3 3 0.229708 0.064733 0.150776 0.489817 0.064967
3 3 0.277705 0.067852 0.157818 0.475353 0.021272
3 3 0.135797 0.043942 0.137451 0.651018 0.031793
3 3 0.011310 0.010409 0.117934 0.855883 0.004464
3 3 0.162370 0.055454 0.146366 0.572145 0.063665
0 3 0.317874 0.099139 0.162201 0.166211 0.254575
0 3 0.395848 0.077998 0.142848 0.321383 0.061923
0 3 0.817452 0.064835 0.046848 0.015996 0.054868
0 3 0.627664 0.089600 0.104829 0.084857 0.093051
3 3 0.059977 0.031057 0.175993 0.715755 0.017218
4 3 0.159070 0.119109 0.245142 0.212699 0.263980
2 2 0.049916 0.181798 0.599799 0.050955 0.117532
2 2 0.095639 0.147210 0.444295 0.166379 0.146477
2 2 0.069251 0.099464 0.457318 0.326518 0.047449
2 2 0.033883 0.090271 0.536431 0.206947 0.132468
2 2 0.052651 0.136552 0.502198 0.097533 0.211066
2 2 0.056185 0.140479 0.554962 0.098751 0.149623
2 2 0.052744 0.198707 0.438602 0.014655 0.295291
2 2 0.037978 0.165612 0.531083 0.029241 0.236085
2 2 0.040736 0.191799 0.574751 0.022734 0.169979
2 2 0.041982 0.165599 0.572017 0.042272 0.178129
2 2 0.215089 0.216993 0.391019 0.049938 0.126961
3 2 0.209345 0.133054 0.266457 0.270274 0.120869
0 2 0.310580 0.176873 0.213750 0.075462 0.223335
4 2 0.034502 0.158821 0.356459 0.008831 0.441387
2 2 0.044361 0.253419 0.535172 0.007986 0.159062
2 4 0.114257 0.252468 0.383650 0.019979 0.229646
3 4 0.063635 0.066336 0.308918 0.329702 0.231408
2 4 0.071099 0.258345 0.386029 0.008233 0.276294
2 4 0.050463 0.181830 0.404971 0.017077 0.345659
2 4 0.044627 0.222009 0.556772 0.015318 0.161275
2 4 0.081011 0.126223 0.497569 0.201815 0.093383
4 4 0.131388 0.156338 0.067474 0.001263 0.643537
2 4 0.040704 0.189643 0.618450 0.029563 0.121641
2 4 0.042853 0.157914 0.522631 0.038510 0.238092
2 4 0.036090 0.145540 0.534667 0.047052 0.236650
2 4 0.039636 0.208748 0.478882 0.012110 0.260624
2 4 0.043103 0.197737 0.439623 0.011360 0.308177
2 4 0.037264 0.160083 0.570231 0.033741 0.198681
2 4 0.035808 0.184611 0.569018 0.017587 0.192976
2 4 0.036773 0.168739 0.623310 0.035827 0.135351
2 4 0.048646 0.188588 0.603947 0.036001 0.122818
2 4 0.030943 0.159493 0.690747 0.036754 0.082063
2 4 0.047221 0.123573 0.591833 0.169828 0.067545
3 2 0.338094 0.087292 0.176741 0.348681 0.049192
4 2 0.131403 0.137685 0.079109 0.003061 0.648742
2 2 0.069323 0.138692 0.639712 0.112039 0.040235
2 2 0.161124 0.216669 0.372919 0.064675 0.184614
2 2 0.108445 0.188858 0.475108 0.064363 0.163227
2 2 0.015479 0.044550 0.495139 0.424714 0.020119
2 2 0.051699 0.215616 0.533149 0.022085 0.177451
2 2 0.074719 0.208108 0.484807 0.039989 0.192377
2 2 0.073203 0.221365 0.496729 0.037678 0.171024
0 2 0.396908 0.194207 0.249535 0.037550 0.121800
3 2 0.093027 0.021809 0.085465 0.794584 0.005115
4 2 0.278253 0.181642 0.145030 0.019275 0.375801
2 2 0.048829 0.154976 0.588850 0.070095 0.137250
2 2 0.053918 0.155565 0.599333 0.104629 0.086555
2 2 0.090921 0.236965 0.474819 0.030568 0.166726
2 2 0.029142 0.125937 0.675072 0.087467 0.082382
2 2 0.048927 0.163914 0.650819 0.084515 0.051826
2 2 0.067993 0.158093 0.615977 0.119352 0.038585
2 2 0.021825 0.076161 0.604927 0.261502 0.035586
2 2 0.033861 0.127501 0.664136 0.114792 0.059711
2 2 0.098498 0.190057 0.533936 0.095183 0.082327
3 2 0.058018 0.067355 0.336604 0.490438 0.047585
2 2 0.089688 0.127861 0.397365 0.259931 0.125155
2 2 0.036686 0.079059 0.503579 0.352197 0.028480
2 2 0.158064 0.194361 0.422462 0.077340 0.147773
0 2 0.502940 0.100530 0.126119 0.090428 0.179983
3 2 0.333092 0.055675 0.117256 0.470349 0.023627
4 2 0.229197 0.188764 0.250002 0.054335 0.277702
2 2 0.082299 0.194039 0.454188 0.041328 0.228146
2 2 0.046557 0.142629 0.628204 0.112565 0.070045
2 2 0.055986 0.244777 0.475218 0.012343 0.211676
2 2 0.042545 0.166093 0.612810 0.043876 0.134676
2 2 0.071151 0.209351 0.523507 0.035173 0.160818
2 2 0.052361 0.176401 0.580411 0.062987 0.127839
4 2 0.051165 0.128355 0.362398 0.050557 0.407524
2 2 0.049870 0.208015 0.541046 0.021554 0.179515
2 2 0.043716 0.174507 0.522582 0.029292 0.229903
2 2 0.076260 0.216099 0.538100 0.037982 0.131559
2 2 0.059004 0.172395 0.494422 0.046025 0.228154
2 2 0.088734 0.210272 0.442151 0.042455 0.216388
2 2 0.016638 0.072641 0.700509 0.172072 0.038141
2 2 0.049554 0.205990 0.559358 0.026001 0.159097
2 2 0.038549 0.119008 0.624467 0.164680 0.053297
2 2 0.068918 0.170758 0.536031 0.082299 0.141993
2 2 0.029289 0.060334 0.440088 0.419449 0.050840
2 2 0.081095 0.185420 0.549660 0.088520 0.095306
2 2 0.042824 0.150072 0.625332 0.083777 0.097994
0 2 0.529697 0.099385 0.120061 0.081821 0.169036
0 0 0.719140 0.081728 0.073196 0.033357 0.092579
0 0 0.876414 0.051062 0.030692 0.008181 0.033652
2 0 0.077860 0.126992 0.411527 0.186412 0.197209
2 2 0.081595 0.155291 0.442836 0.111188 0.209089
2 2 0.043326 0.155216 0.666799 0.072919 0.061740
3 2 0.022198 0.036370 0.318196 0.600683 0.022552
2 2 0.022764 0.069853 0.564618 0.310792 0.031973
2 2 0.052864 0.133792 0.572719 0.126931 0.113695
2 2 0.095942 0.220374 0.408092 0.028253 0.247338
2 2 0.052722 0.122492 0.511145 0.149218 0.164423
2 2 0.037299 0.102665 0.568225 0.185408 0.106402
2 2 0.083075 0.195632 0.485357 0.052007 0.183929
0 2 0.381416 0.101554 0.151184 0.136451 0.229394
3 2 0.011007 0.021587 0.273095 0.664717 0.029595
2 2 0.018427 0.046370 0.457895 0.416307 0.061001
2 2 0.045341 0.086409 0.429226 0.267510 0.171514
2 2 0.051078 0.146688 0.505448 0.063870 0.232916
3 2 0.106181 0.068109 0.225608 0.422359 0.177743
0 2 0.409502 0.101946 0.145800 0.124682 0.218069
0 0 0.454237 0.042141 0.091405 0.407172 0.005045
0 0 0.620347 0.096406 0.096866 0.047764 0.138617
4 2 0.076076 0.133457 0.275539 0.035631 0.479296
2 2 0.133670 0.257290 0.343564 0.014265 0.251211
2 4 0.198453 0.217927 0.326426 0.055506 0.201687
0 4 0.334684 0.199133 0.269865 0.041481 0.154837
4 4 0.166764 0.147420 0.282990 0.117877 0.284950
2 4 0.053774 0.133471 0.577906 0.143917 0.090931
2 4 0.079599 0.166421 0.483735 0.078272 0.191973
2 2 0.086991 0.150111 0.486293 0.106791 0.169814
2 2 0.046471 0.083979 0.523807 0.304893 0.040851
2 2 0.083612 0.212588 0.590641 0.059313 0.053847
2 2 0.115915 0.155875 0.434934 0.105586 0.187690
4 2 0.262731 0.095113 0.170094 0.196453 0.275609
4 2 0.303038 0.165776 0.100352 0.006938 0.423895
4 2 0.277429 0.148746 0.140808 0.028999 0.404018
4 2 0.083829 0.137888 0.232464 0.025924 0.519894
4 4 0.085729 0.200309 0.270881 0.010984 0.432096
2 4 0.081655 0.193247 0.548207 0.066291 0.110601
2 4 0.078354 0.231250 0.397869 0.013487 0.279040
2 4 0.080257 0.225133 0.375168 0.019130 0.300313
2 4 0.018226 0.067583 0.613566 0.242940 0.057685
2 4 0.022494 0.103126 0.667671 0.128187 0.078523
2 2 0.070720 0.169357 0.406676 0.042326 0.310921
2 2 0.034187 0.118854 0.655348 0.114091 0.077520
4 2 0.091198 0.198739 0.287508 0.012923 0.409631
2 2 0.014992 0.072698 0.664329 0.160399 0.087582
2 2 0.035165 0.148044 0.565795 0.038064 0.212932
0 2 0.393258 0.100080 0.153948 0.160149 0.192564
0 2 0.463250 0.155628 0.135582 0.033620 0.211920
4 2 0.252973 0.154672 0.251562 0.084249 0.256545
4 2 0.245006 0.179444 0.197900 0.047222 0.330428
2 2 0.224051 0.252775 0.306920 0.034023 0.182230
2 2 0.107492 0.251716 0.446332 0.017010 0.177449
3 2 0.008904 0.019638 0.277698 0.680230 0.013530
2 2 0.039013 0.089669 0.489318 0.229230 0.152770
2 2 0.059257 0.108263 0.468739 0.212630 0.151110
2 2 0.162831 0.254249 0.343571 0.021143 0.218206
2 2 0.108583 0.154116 0.559670 0.135095 0.042535
2 2 0.188962 0.228132 0.357178 0.034381 0.191347
2 2 0.025976 0.075766 0.607636 0.271142 0.019481
3 2 0.164047 0.070453 0.234155 0.510107 0.021238
0 2 0.584751 0.135635 0.169364 0.064208 0.046041
0 2 0.544308 0.158232 0.182724 0.040848 0.073887
4 2 0.330111 0.163506 0.123186 0.014195 0.369003
2 2 0.284949 0.157203 0.321347 0.145480 0.091020
3 2 0.063790 0.038738 0.215780 0.652364 0.029327
2 2 0.040700 0.157314 0.588711 0.049005 0.164270
2 2 0.045376 0.152332 0.643464 0.084310 0.074518
3 2 0.012179 0.032855 0.356916 0.582487 0.015563
2 2 0.249992 0.192254 0.286860 0.046598 0.224296
0 0 0.586342 0.095892 0.106722 0.065137 0.145906
0 0 0.633267 0.089629 0.102759 0.078957 0.095387
2 0 0.082044 0.133986 0.425306 0.164357 0.194307
