2 1 0.039062 0.154420 0.568338 0.037431 0.200749
2 1 0.067241 0.143684 0.435245 0.054855 0.298975
2 1 0.055056 0.177973 0.646471 0.050670 0.069830
4 1 0.059658 0.133116 0.334009 0.025493 0.447724
2 1 0.039453 0.163780 0.483933 0.010007 0.302828
2 1 0.044452 0.157117 0.445605 0.013534 0.339293
2 1 0.039564 0.164007 0.426689 0.007990 0.361749
2 1 0.047093 0.146075 0.437625 0.030991 0.338215
4 1 0.073180 0.156436 0.210563 0.004936 0.554885
2 1 0.090193 0.171003 0.537341 0.100369 0.101094
2 1 0.271420 0.144012 0.394536 0.120454 0.069577
4 1 0.180993 0.156245 0.167842 0.038253 0.456667
0 1 0.476494 0.117262 0.139604 0.107053 0.159587
0 1 0.526535 0.079298 0.117937 0.200984 0.075247
0 1 0.511800 0.105768 0.133614 0.137375 0.111443
0 1 0.401479 0.134158 0.176801 0.143163 0.144399
2 1 0.044497 0.163092 0.515723 0.024211 0.252476
2 1 0.087825 0.190293 0.354258 0.018768 0.348855
3 1 0.090190 0.087528 0.287274 0.392308 0.142700
0 0 0.585535 0.087244 0.107084 0.129535 0.090602
2 0 0.037925 0.115778 0.601948 0.100583 0.143765
4 1 0.072091 0.158278 0.346692 0.035759 0.387181
2 1 0.026829 0.103882 0.671076 0.116909 0.081303
3 1 0.037835 0.044766 0.322033 0.540327 0.055040
2 1 0.155219 0.134433 0.372981 0.194179 0.143188
2 1 0.043570 0.154491 0.696810 0.036756 0.068373
2 1 0.064386 0.132295 0.572743 0.122050 0.108525
2 1 0.042727 0.119398 0.684293 0.079353 0.074229
2 2 0.124858 0.128664 0.319961 0.278237 0.148279
3 2 0.032744 0.054028 0.308774 0.539125 0.065329
2 2 0.054869 0.071527 0.420893 0.406385 0.046326
2 2 0.079290 0.099528 0.524543 0.204090 0.092550
2 2 0.082676 0.192521 0.515148 0.026863 0.182791
2 2 0.030354 0.090142 0.619553 0.216017 0.043935
2 2 0.167930 0.128609 0.420668 0.152556 0.130236
2 2 0.072320 0.200719 0.636513 0.039578 0.050870
2 2 0.185597 0.183069 0.341479 0.074386 0.215469
2 2 0.215494 0.179019 0.335068 0.096945 0.173474
3 2 0.020085 0.027442 0.210957 0.719113 0.022403
2 2 0.071954 0.112335 0.358009 0.324874 0.132828
3 2 0.029654 0.030435 0.199154 0.692614 0.048144
3 2 0.107210 0.083413 0.279035 0.416589 0.113753
3 2 0.025460 0.030264 0.227164 0.673486 0.043626
3 2 0.009815 0.010423 0.108646 0.862488 0.008628
2 3 0.117151 0.106037 0.410830 0.298606 0.067376
3 3 0.011789 0.020563 0.244382 0.712914 0.010352
3 3 0.080226 0.076487 0.290283 0.444731 0.108274
2 3 0.168764 0.150211 0.427902 0.155198 0.097925
3 3 0.034084 0.029659 0.195745 0.710001 0.030511
3 3 0.014554 0.017712 0.152138 0.801321 0.014275
2 3 0.133046 0.206953 0.468776 0.086767 0.104458
2 3 0.116287 0.152278 0.497248 0.131991 0.102196
3 3 0.118122 0.083459 0.292500 0.431555 0.074364
3 3 0.019918 0.028982 0.255095 0.674711 0.021294
2 3 0.117220 0.149305 0.334304 0.226216 0.172954
3 3 0.070989 0.082816 0.322299 0.456547 0.067349
2 3 0.105956 0.198263 0.557792 0.038720 0.099269
2 3 0.074621 0.163111 0.495494 0.168821 0.097952
3 3 0.054879 0.062057 0.351086 0.486869 0.045109
2 3 0.191173 0.161184 0.264027 0.157072 0.226545
2 3 0.053846 0.088162 0.509881 0.312337 0.035775
2 3 0.118004 0.186017 0.493326 0.091447 0.111206
2 3 0.065425 0.156741 0.619209 0.084191 0.074433
3 3 0.044013 0.069135 0.292445 0.532623 0.061784
2 3 0.098492 0.148001 0.376226 0.198844 0.178437
4 3 0.282811 0.086811 0.066494 0.012791 0.551094
3 3 0.043759 0.058147 0.261646 0.574878 0.061570
2 3 0.130652 0.111992 0.303199 0.289201 0.164956
2 3 0.138485 0.128411 0.281754 0.209401 0.241949
4 3 0.287259 0.156474 0.164979 0.032138 0.359150
3 3 0.148196 0.098841 0.275048 0.369109 0.108805
2 3 0.153688 0.172304 0.467976 0.083040 0.122992
4 3 0.170530 0.123568 0.124637 0.024747 0.556519
2 3 0.076771 0.156758 0.390228 0.099771 0.276472
4 3 0.099944 0.129438 0.263904 0.083342 0.423372
2 3 0.079292 0.180838 0.456090 0.034086 0.249694
2 3 0.099681 0.136417 0.345771 0.259047 0.159084
2 3 0.094972 0.132444 0.493556 0.203097 0.075931
2 3 0.110194 0.175115 0.373692 0.098892 0.242107
2 3 0.076668 0.170007 0.469975 0.108951 0.174399
3 3 0.131315 0.097982 0.319394 0.350208 0.101100
4 3 0.190282 0.146965 0.243294 0.117008 0.302452
2 3 0.173580 0.162517 0.306897 0.099475 0.257531
2 3 0.098315 0.172078 0.415292 0.102311 0.212004
2 3 0.087980 0.190597 0.480870 0.039780 0.200772
4 3 0.158349 0.150281 0.282663 0.044418 0.364288
2 3 0.098156 0.193235 0.458332 0.076642 0.173634
2 3 0.135971 0.187199 0.449831 0.074214 0.152785
3 3 0.149697 0.096279 0.277041 0.323058 0.153925
2 3 0.191139 0.215956 0.402797 0.043867 0.146241
3 3 0.081340 0.093806 0.314979 0.409827 0.100048
0 3 0.280718 0.157030 0.195057 0.087638 0.279557
2 3 0.101426 0.132880 0.531154 0.173105 0.061435
2 3 0.080963 0.147559 0.551208 0.132834 0.087437
3 3 0.119253 0.113479 0.313273 0.323176 0.130819
2 3 0.012557 0.040118 0.472797 0.444499 0.030029
3 3 0.017444 0.028813 0.207635 0.718149 0.027959
2 3 0.011145 0.062016 0.697892 0.203935 0.025012
4 3 0.223999 0.205300 0.251002 0.030068 0.289631
3 3 0.020590 0.024180 0.176843 0.753427 0.024960
2 3 0.072081 0.145345 0.556884 0.173420 0.052270
2 3 0.050384 0.134384 0.580975 0.148247 0.086009
3 3 0.038664 0.065146 0.349810 0.497700 0.048680
3 3 0.041045 0.066489 0.386654 0.454155 0.051658
3 3 0.045689 0.049318 0.245695 0.611881 0.047418
3 3 0.014071 0.020549 0.205715 0.740039 0.019625
4 3 0.093785 0.140118 0.269312 0.076580 0.420206
2 3 0.114402 0.160791 0.488997 0.118921 0.116889
2 3 0.019948 0.068336 0.469854 0.396330 0.045532
3 3 0.030795 0.064980 0.343441 0.483084 0.077700
3 3 0.053256 0.054954 0.269960 0.554337 0.067494
3 3 0.040074 0.057973 0.299783 0.530558 0.071613
3 3 0.008848 0.021565 0.237182 0.720288 0.012118
3 3 0.079634 0.074712 0.289371 0.424489 0.131794
2 3 0.147313 0.164888 0.409063 0.173177 0.105559
2 3 0.196077 0.162364 0.375997 0.086356 0.179205
3 3 0.021420 0.018054 0.126772 0.821111 0.012643
3 3 0.005037 0.009731 0.117365 0.860598 0.007268
3 3 0.014791 0.021392 0.209906 0.717465 0.036446
2 3 0.066727 0.158528 0.580398 0.112874 0.081473
2 3 0.073366 0.133721 0.367659 0.246122 0.179131
3 3 0.025610 0.037652 0.246829 0.651898 0.038011
4 3 0.209916 0.187561 0.249777 0.090502 0.262244
2 3 0.054219 0.083080 0.404212 0.345765 0.112723
3 3 0.125020 0.082108 0.270896 0.375075 0.146900
2 3 0.042619 0.079190 0.462775 0.364847 0.050570
3 3 0.043897 0.051057 0.310885 0.541264 0.052896
2 3 0.049862 0.087311 0.574860 0.241039 0.046928
2 3 0.090520 0.090505 0.367547 0.345065 0.106363
3 3 0.014939 0.022666 0.201183 0.737013 0.024199
2 3 0.091856 0.111214 0.340745 0.268546 0.187640
3 3 0.051136 0.035300 0.184596 0.697931 0.031037
0 3 0.426633 0.113732 0.163760 0.180758 0.115116
3 3 0.105851 0.077553 0.235547 0.520954 0.060094
0 3 0.304827 0.155634 0.184996 0.082287 0.272255
2 3 0.101825 0.126898 0.346299 0.220381 0.204596
2 3 0.216216 0.206526 0.411084 0.056918 0.109257
2 3 0.164776 0.138575 0.383848 0.202950 0.109851
4 3 0.128480 0.165000 0.166999 0.011655 0.527865
4 3 0.172980 0.189528 0.231652 0.048365 0.357474
2 3 0.170675 0.240985 0.377764 0.051508 0.159068
4 3 0.133594 0.216806 0.245250 0.008689 0.395661
2 2 0.108204 0.199756 0.478458 0.083944 0.129638
4 2 0.152067 0.247478 0.294790 0.005865 0.299800
4 0 0.088153 0.190622 0.227362 0.003309 0.490554
2 0 0.092674 0.223202 0.554220 0.035510 0.094393
2 2 0.114832 0.250072 0.520732 0.027509 0.086855
4 2 0.086186 0.213140 0.290695 0.003572 0.406407
4 2 0.084474 0.198661 0.225886 0.002030 0.488950
4 2 0.078893 0.219820 0.337036 0.003620 0.360631
2 2 0.059664 0.153211 0.662785 0.063222 0.061118
2 2 0.128870 0.114416 0.366147 0.282647 0.107920
3 2 0.127718 0.087439 0.293522 0.401083 0.090239
3 2 0.099882 0.086321 0.322503 0.384728 0.106566
2 2 0.169506 0.201648 0.328604 0.066318 0.233924
2 2 0.025729 0.061483 0.536678 0.357576 0.018533
3 2 0.215092 0.067072 0.182212 0.476420 0.059204
4 2 0.332691 0.122323 0.127471 0.046670 0.370844
2 2 0.059653 0.103030 0.536726 0.234919 0.065672
2 2 0.139991 0.088687 0.396911 0.327314 0.047096
3 2 0.070301 0.028817 0.141133 0.736644 0.023105
0 2 0.670109 0.066551 0.078820 0.116639 0.067881
0 2 0.419619 0.129441 0.169388 0.142722 0.138830
3 2 0.075069 0.021076 0.094447 0.796904 0.012503
0 2 0.434826 0.110358 0.159807 0.184078 0.110930
4 2 0.279065 0.133173 0.163055 0.061268 0.363440
2 2 0.082598 0.090709 0.467878 0.312264 0.046550
0 2 0.381841 0.139283 0.184977 0.143400 0.150499
2 2 0.039777 0.087645 0.445773 0.255914 0.170891
2 2 0.026559 0.120275 0.638157 0.077272 0.137737
2 2 0.047379 0.122210 0.482702 0.053437 0.294273
4 4 0.103134 0.193861 0.246077 0.008073 0.448856
2 4 0.022641 0.079511 0.552092 0.249281 0.096475
2 4 0.031148 0.111893 0.625256 0.070901 0.160801
2 4 0.030310 0.123696 0.575769 0.058775 0.211450
2 4 0.045116 0.178213 0.522145 0.012550 0.241976
2 4 0.057897 0.158521 0.565265 0.038798 0.179520
2 4 0.083249 0.150898 0.489327 0.078145 0.198381
2 4 0.081733 0.141187 0.438025 0.094619 0.244436
2 4 0.035504 0.160803 0.580059 0.016257 0.207377
2 4 0.036859 0.091676 0.540074 0.146593 0.184798
2 4 0.022903 0.110968 0.659497 0.064511 0.142121
2 4 0.040838 0.112465 0.666409 0.100304 0.079984
2 4 0.045517 0.129290 0.580994 0.077014 0.167186
4 4 0.215426 0.155109 0.235001 0.076956 0.317508
2 4 0.042837 0.089468 0.555290 0.227132 0.085274
2 4 0.022626 0.109877 0.625859 0.077210 0.164429
2 4 0.066938 0.182686 0.461423 0.036485 0.252469
3 4 0.007490 0.020088 0.313629 0.640458 0.018336
3 4 0.033288 0.057004 0.327827 0.380669 0.201211
2 4 0.053013 0.069817 0.357251 0.332341 0.187579
2 4 0.055286 0.136685 0.567453 0.088834 0.151742
2 4 0.026235 0.139800 0.679750 0.037623 0.116591
2 4 0.041418 0.154264 0.581381 0.033713 0.189224
2 4 0.035885 0.087566 0.580020 0.203833 0.092696
2 4 0.025041 0.120547 0.677623 0.062544 0.114245
2 4 0.264767 0.220921 0.359542 0.045495 0.109274
3 4 0.126858 0.104081 0.299880 0.350594 0.118586
2 4 0.115615 0.175001 0.398725 0.066562 0.244098
2 4 0.015032 0.099262 0.759102 0.050476 0.076127
2 4 0.023223 0.081077 0.613838 0.215291 0.066571
0 2 0.374338 0.139492 0.166318 0.092833 0.227019
3 2 0.158126 0.095743 0.254388 0.398781 0.092961
3 2 0.254171 0.119519 0.228406 0.285106 0.112798
2 2 0.167256 0.129013 0.373769 0.221115 0.108847
0 2 0.348036 0.076500 0.167618 0.346128 0.061719
0 2 0.492939 0.112458 0.126284 0.087143 0.181175
3 2 0.134191 0.043286 0.165488 0.617507 0.039527
0 2 0.469507 0.116991 0.129555 0.080583 0.203365
3 2 0.236579 0.112400 0.232536 0.250237 0.168248
2 2 0.180949 0.139859 0.466230 0.139519 0.073443
0 2 0.271634 0.159599 0.235758 0.162181 0.170828
4 2 0.291239 0.128395 0.124484 0.035142 0.420739
0 2 0.397419 0.111976 0.172532 0.188452 0.129621
4 0 0.192102 0.158455 0.249288 0.077577 0.322578
4 0 0.095933 0.115772 0.166777 0.021526 0.599992
4 2 0.047165 0.134957 0.365348 0.026405 0.426126
2 2 0.100653 0.129094 0.491056 0.134339 0.144858
3 2 0.044292 0.019484 0.146417 0.767477 0.022329
0 2 0.376833 0.139446 0.162163 0.086162 0.235395
3 2 0.116357 0.077479 0.262310 0.486066 0.057788
3 2 0.118670 0.045988 0.179752 0.613049 0.042540
2 2 0.122126 0.105611 0.369225 0.319322 0.083716
2 2 0.083654 0.221822 0.541354 0.024840 0.128330
2 2 0.064992 0.211005 0.457073 0.011585 0.255345
2 2 0.010929 0.075565 0.734992 0.111092 0.067423
2 2 0.016957 0.096690 0.677415 0.089028 0.119910
2 2 0.036174 0.121024 0.486379 0.052436 0.303987
2 2 0.027051 0.123757 0.578893 0.050069 0.220230
2 2 0.036805 0.178587 0.619794 0.017284 0.147530
2 2 0.061930 0.158444 0.382833 0.025198 0.371595
2 2 0.026675 0.109748 0.659421 0.125748 0.078408
2 2 0.013744 0.091088 0.712797 0.078636 0.103735
2 2 0.017153 0.112480 0.762630 0.038112 0.069626
2 2 0.035927 0.145477 0.602038 0.037820 0.178738
2 2 0.025839 0.134165 0.702672 0.047980 0.089345
2 2 0.063248 0.180179 0.602397 0.052768 0.101408
2 2 0.059361 0.097359 0.459373 0.309866 0.074041
3 0 0.244191 0.104834 0.237768 0.310173 0.103034
2 2 0.084757 0.175687 0.381003 0.027217 0.331336
2 2 0.022995 0.122201 0.580319 0.028831 0.245653
2 2 0.017696 0.087667 0.657545 0.173638 0.063454
2 2 0.024859 0.129526 0.715779 0.064179 0.065657
2 2 0.024747 0.071749 0.592036 0.233979 0.077488
2 2 0.036371 0.086637 0.592608 0.260216 0.024167
2 2 0.035393 0.130646 0.508130 0.053110 0.272721
2 2 0.022922 0.094660 0.640579 0.138429 0.103410
2 2 0.007918 0.062654 0.775732 0.135698 0.017999
2 2 0.019013 0.116050 0.740294 0.050719 0.073925
2 2 0.030363 0.134866 0.560539 0.044884 0.229349
2 2 0.044764 0.180398 0.658074 0.015603 0.101161
2 2 0.057748 0.197162 0.582750 0.024731 0.137609
2 2 0.048454 0.179822 0.562089 0.021390 0.188244
2 2 0.042523 0.157181 0.577280 0.041065 0.181951
2 2 0.051031 0.162167 0.503680 0.066062 0.217061
2 2 0.053291 0.165228 0.419068 0.033108 0.329306
2 2 0.114696 0.184326 0.453345 0.059332 0.188301
2 2 0.025433 0.131051 0.721473 0.056330 0.065713
2 2 0.061184 0.151140 0.521295 0.052081 0.214301
2 2 0.046716 0.154366 0.522255 0.045522 0.231142
2 2 0.039341 0.155942 0.661146 0.029163 0.114408
2 2 0.031017 0.160717 0.752647 0.020662 0.034958
3 2 0.011198 0.026786 0.266915 0.674054 0.021047
2 2 0.023669 0.088166 0.501197 0.347130 0.039838
4 2 0.108086 0.140090 0.249175 0.047899 0.454749
2 2 0.022227 0.065992 0.473137 0.353722 0.084922
2 2 0.090358 0.164248 0.524917 0.078990 0.141488
2 2 0.050735 0.161326 0.603809 0.088315 0.095815
2 2 0.083935 0.188112 0.482557 0.032468 0.212928
2 2 0.025030 0.121416 0.760443 0.059542 0.033569
2 2 0.088692 0.129306 0.504458 0.199874 0.077671
4 2 0.068392 0.114447 0.321116 0.145023 0.351023
2 2 0.032449 0.091185 0.486884 0.327722 0.061760
2 2 0.092742 0.128987 0.534241 0.167927 0.076104
2 2 0.043352 0.101224 0.572631 0.208929 0.073864
2 2 0.040617 0.084361 0.405331 0.324217 0.145474
2 2 0.137182 0.219612 0.423713 0.065843 0.153650
3 2 0.021836 0.046306 0.442078 0.456564 0.033217
3 2 0.037299 0.039262 0.248261 0.614273 0.060905
2 2 0.077713 0.122785 0.343317 0.129318 0.326867
2 2 0.037054 0.106340 0.638349 0.173163 0.045094
2 3 0.070108 0.110782 0.422888 0.270879 0.125343
2 3 0.115118 0.116823 0.335695 0.146470 0.285894
2 3 0.062338 0.143578 0.429711 0.056635 0.307738
2 3 0.058325 0.070827 0.391962 0.386233 0.092652
2 3 0.050397 0.084481 0.459313 0.344389 0.061420
3 3 0.065012 0.038810 0.263846 0.609750 0.022582
2 3 0.137524 0.106768 0.294342 0.264038 0.197328
3 3 0.050089 0.021405 0.144879 0.760704 0.022923
0 3 0.718942 0.033303 0.048291 0.170568 0.028896
0 3 0.933711 0.008893 0.008568 0.040652 0.008176
0 3 0.813541 0.033868 0.036766 0.081397 0.034428
0 3 0.293615 0.116904 0.210640 0.268721 0.110120
0 3 0.335682 0.138927 0.231085 0.067060 0.227245
2 3 0.093590 0.102575 0.460065 0.271651 0.072119
3 3 0.030911 0.050496 0.309392 0.559451 0.049750
2 3 0.088449 0.106736 0.406931 0.314409 0.083475
2 3 0.130826 0.181869 0.312913 0.082428 0.291964
2 3 0.124340 0.159372 0.417026 0.080068 0.219194
3 3 0.074597 0.082582 0.363247 0.396343 0.083230
2 3 0.031531 0.109284 0.620650 0.162752 0.075783
2 3 0.031222 0.137580 0.688818 0.083133 0.059246
2 3 0.046577 0.151749 0.652047 0.091672 0.057955
2 3 0.023995 0.085539 0.492307 0.260771 0.137387
2 3 0.023862 0.100922 0.628241 0.205474 0.041500
3 3 0.009953 0.029178 0.345245 0.563070 0.052554
2 3 0.038054 0.110533 0.568591 0.216349 0.066472
2 3 0.069829 0.141865 0.379001 0.081620 0.327685
4 3 0.059756 0.101841 0.296397 0.132071 0.409935
2 3 0.079154 0.200647 0.595571 0.025347 0.099281
2 3 0.055204 0.170979 0.590445 0.055194 0.128178
2 3 0.063009 0.091501 0.360451 0.196837 0.288203
2 3 0.048349 0.100320 0.498160 0.240054 0.113117
2 3 0.062145 0.156710 0.518565 0.084510 0.178070
2 3 0.012509 0.069751 0.675067 0.214162 0.028511
3 3 0.049051 0.058079 0.290256 0.511870 0.090744
2 3 0.029409 0.127085 0.721417 0.069965 0.052124
2 3 0.064293 0.152649 0.408821 0.044130 0.330106
2 3 0.030070 0.083190 0.542700 0.255946 0.088094
2 3 0.033846 0.095557 0.491562 0.317697 0.061338
2 3 0.072309 0.133035 0.549893 0.137461 0.107302
3 3 0.013329 0.031253 0.270629 0.638750 0.046039
2 3 0.028400 0.088864 0.481217 0.269845 0.131674
2 3 0.037112 0.089964 0.531794 0.297774 0.043356
3 3 0.219998 0.121589 0.254022 0.273237 0.131153
2 3 0.231314 0.166643 0.256979 0.167206 0.177858
2 3 0.077345 0.121941 0.347076 0.329379 0.124259
3 3 0.148199 0.114466 0.293119 0.313730 0.130486
0 3 0.482590 0.102455 0.142718 0.165746 0.106492
3 0 0.234641 0.103330 0.236522 0.310859 0.114648
2 0 0.067596 0.136308 0.550325 0.178837 0.066934
2 0 0.099638 0.107549 0.323819 0.287853 0.181140
0 0 0.415575 0.129953 0.147880 0.083822 0.222771
2 0 0.219195 0.173876 0.332545 0.151300 0.123084
0 0 0.521163 0.103394 0.130146 0.136553 0.108745
2 0 0.106466 0.133427 0.550094 0.141797 0.068216
3 0 0.127779 0.075597 0.243154 0.479049 0.074420
3 0 0.188552 0.116635 0.250931 0.294336 0.149547
4 0 0.283076 0.121398 0.174342 0.093897 0.327288
2 0 0.116523 0.137746 0.429877 0.091296 0.224558
0 0 0.262665 0.180777 0.233336 0.079949 0.243272
2 0 0.135429 0.140504 0.449116 0.187362 0.087590
4 0 0.220750 0.136050 0.240994 0.150721 0.251486
4 0 0.154712 0.221590 0.273181 0.019723 0.330793
0 0 0.397449 0.136862 0.171967 0.119369 0.174352
4 0 0.110860 0.142910 0.131776 0.006558 0.607896
2 0 0.043077 0.143151 0.592829 0.095825 0.125118
2 1 0.056636 0.182966 0.556766 0.023617 0.180015
2 1 0.078024 0.121762 0.422174 0.188793 0.189246
0 0 0.536939 0.091890 0.118142 0.130133 0.122895
2 0 0.058300 0.096040 0.439557 0.337074 0.069029
2 0 0.035650 0.113184 0.657827 0.119025 0.074313
2 0 0.067740 0.193317 0.631487 0.033200 0.074256
3 0 0.147782 0.108416 0.286331 0.295500 0.161971
3 0 0.130596 0.060513 0.192694 0.568530 0.047667
3 0 0.161771 0.057455 0.180011 0.552287 0.048476
3 0 0.105017 0.045138 0.198818 0.610832 0.040196
3 0 0.178364 0.056679 0.199524 0.474200 0.091233
0 0 0.553847 0.095155 0.118268 0.133287 0.099443
3 0 0.175439 0.016119 0.059924 0.738918 0.009600
0 0 0.428355 0.122618 0.165441 0.154800 0.128786
2 0 0.045036 0.147164 0.667892 0.097780 0.042127
4 0 0.082559 0.141599 0.172538 0.007265 0.596040
2 0 0.033863 0.134374 0.566595 0.034425 0.230742
2 1 0.016476 0.111007 0.729694 0.037640 0.105183
0 1 0.419898 0.129369 0.169275 0.142714 0.138744
0 1 0.542597 0.097982 0.122317 0.134480 0.102624
3 1 0.067654 0.045270 0.247081 0.591640 0.048355
0 0 0.532963 0.152121 0.214404 0.034036 0.066476
2 0 0.098749 0.161603 0.523790 0.094845 0.121013
0 0 0.296874 0.117351 0.209793 0.265098 0.110885
3 0 0.051766 0.028530 0.171652 0.718520 0.029531
0 0 0.319539 0.203541 0.298748 0.054878 0.123295
3 0 0.286119 0.072655 0.173526 0.399202 0.068498
3 0 0.058422 0.071808 0.294837 0.474486 0.100447
2 0 0.044349 0.188390 0.697256 0.025451 0.044553
2 0 0.049830 0.162010 0.638950 0.065820 0.083391
2 0 0.019359 0.112301 0.657986 0.055070 0.155284
2 1 0.019046 0.110829 0.675918 0.049205 0.145003
2 1 0.017000 0.114933 0.724631 0.040619 0.102818
2 1 0.021879 0.112233 0.592110 0.048140 0.225637
2 4 0.021349 0.066656 0.434167 0.333430 0.144398
2 4 0.071677 0.154055 0.548891 0.059065 0.166311
4 4 0.067137 0.145988 0.364582 0.016936 0.405357
2 4 0.031027 0.122355 0.503325 0.051041 0.292252
2 4 0.030955 0.138393 0.571668 0.031431 0.227554
2 4 0.043622 0.162263 0.454239 0.013263 0.326614
2 4 0.040934 0.144441 0.457162 0.020857 0.336606
2 4 0.065559 0.114399 0.340725 0.148081 0.331236
2 4 0.074703 0.111353 0.419494 0.179106 0.215344
2 4 0.036984 0.110026 0.512174 0.079286 0.261530
2 4 0.044449 0.137745 0.486734 0.069732 0.261340
4 4 0.054545 0.135467 0.322637 0.026553 0.460798
2 4 0.019849 0.114819 0.675658 0.046313 0.143362
4 4 0.145419 0.161725 0.300743 0.040257 0.351855
3 4 0.167128 0.113531 0.278962 0.314042 0.126337
2 4 0.022609 0.101655 0.581913 0.076762 0.217061
2 4 0.030254 0.140632 0.627382 0.026200 0.175531
2 4 0.017754 0.103020 0.686209 0.068868 0.124149
2 4 0.046450 0.152662 0.524126 0.036932 0.239830
4 4 0.073860 0.118257 0.251085 0.045920 0.510878
2 4 0.085214 0.215116 0.370203 0.012874 0.316593
3 4 0.048571 0.074470 0.328578 0.400168 0.148213
4 4 0.131089 0.137534 0.165669 0.033860 0.531847
2 4 0.098059 0.131569 0.389834 0.125947 0.254591
2 4 0.091077 0.140237 0.392664 0.151333 0.224689
2 4 0.168158 0.148439 0.410485 0.142284 0.130633
4 4 0.136428 0.124180 0.186753 0.040746 0.511894
2 4 0.065660 0.152839 0.380697 0.045352 0.355451
2 4 0.038948 0.106893 0.505136 0.156035 0.192988
2 4 0.046452 0.094888 0.476400 0.250940 0.131319
4 4 0.208133 0.125204 0.189591 0.076987 0.400085
4 4 0.184789 0.137259 0.205134 0.076068 0.396751
3 4 0.116135 0.094259 0.284933 0.307381 0.197292
2 4 0.106477 0.116855 0.323318 0.250350 0.203000
2 4 0.035536 0.120127 0.568090 0.119634 0.156613
2 4 0.093595 0.141720 0.417813 0.074182 0.272690
3 4 0.083531 0.077500 0.290333 0.340824 0.207812
2 4 0.107684 0.153484 0.383955 0.077347 0.277530
2 4 0.051965 0.170206 0.644238 0.063212 0.070378
3 4 0.156512 0.108894 0.296624 0.323414 0.114556
2 2 0.096204 0.121339 0.348151 0.297141 0.137165
4 2 0.070764 0.168691 0.323426 0.013729 0.423390
2 2 0.237733 0.207575 0.306138 0.081197 0.167357
3 2 0.089388 0.082462 0.256190 0.507479 0.064481
2 2 0.044185 0.112213 0.557071 0.143939 0.142591
4 2 0.112827 0.235007 0.307537 0.007392 0.337236
2 2 0.051158 0.184521 0.553294 0.018353 0.192674
2 2 0.096620 0.182717 0.444810 0.055258 0.220594
2 2 0.051836 0.179722 0.608384 0.035980 0.124078
3 2 0.153072 0.098270 0.266118 0.380684 0.101856
2 2 0.185489 0.133295 0.277793 0.224354 0.179069
0 2 0.288080 0.163983 0.226481 0.140740 0.180717
0 2 0.430718 0.126564 0.164916 0.142350 0.135452
0 2 0.476045 0.114888 0.147130 0.140049 0.121888
2 2 0.047755 0.120776 0.620155 0.163574 0.047739
2 2 0.032046 0.073876 0.489310 0.371666 0.033103
3 2 0.161109 0.115642 0.275164 0.333054 0.115031
2 2 0.187962 0.175330 0.405463 0.140438 0.090806
2 2 0.101810 0.239106 0.411591 0.013798 0.233694
2 2 0.012181 0.044629 0.535101 0.393116 0.014974
2 2 0.017495 0.065249 0.567781 0.309118 0.040358
2 2 0.060118 0.171512 0.603326 0.068319 0.096725
2 2 0.028739 0.056348 0.447752 0.431828 0.035333
3 2 0.058183 0.071194 0.407699 0.419554 0.043369
2 2 0.055796 0.076192 0.474310 0.358519 0.035183
2 2 0.161316 0.171005 0.424797 0.135928 0.106955
3 2 0.026924 0.020253 0.163728 0.767046 0.022049
2 2 0.066177 0.125538 0.584265 0.171980 0.052040
2 2 0.048251 0.067567 0.426063 0.419097 0.039022
4 2 0.090555 0.231214 0.328490 0.003856 0.345885
2 2 0.047416 0.183934 0.615630 0.018378 0.134642
4 2 0.118581 0.228016 0.293727 0.007753 0.351923
2 2 0.049353 0.168337 0.618650 0.030370 0.133290
2 2 0.057196 0.175473 0.514827 0.028296 0.224208
4 2 0.135478 0.235250 0.285387 0.009178 0.334707
2 2 0.092956 0.220868 0.342429 0.006978 0.336769
2 2 0.073872 0.242207 0.571954 0.012435 0.099531
2 2 0.111542 0.236942 0.400726 0.015197 0.235594
2 2 0.047228 0.169981 0.624484 0.052942 0.105366
2 2 0.065620 0.178938 0.622900 0.045500 0.087041
2 2 0.035055 0.083808 0.544746 0.270705 0.065686
3 2 0.009153 0.026810 0.277608 0.665576 0.020853
2 2 0.045904 0.127568 0.621056 0.127890 0.077581
2 2 0.082963 0.205091 0.455442 0.016987 0.239517
2 2 0.033199 0.107928 0.642194 0.174916 0.041763
2 2 0.085314 0.114352 0.405261 0.178822 0.216252
2 2 0.103265 0.160131 0.461792 0.139084 0.135730
2 2 0.011988 0.056811 0.616093 0.279614 0.035495
2 2 0.078810 0.140694 0.383890 0.139520 0.257087
2 2 0.120119 0.202941 0.402279 0.065603 0.209057
2 2 0.077537 0.124887 0.339344 0.187804 0.270429
2 2 0.216732 0.228133 0.348091 0.056375 0.150668
2 2 0.133824 0.152048 0.394108 0.188363 0.131657
2 2 0.231807 0.208613 0.308306 0.067677 0.183597
4 3 0.130227 0.136845 0.133408 0.019137 0.580383
2 3 0.088351 0.173341 0.481486 0.159424 0.097397
2 3 0.100542 0.147981 0.519661 0.141242 0.090574
0 3 0.318254 0.131118 0.217083 0.091244 0.242301
4 3 0.207363 0.134310 0.244940 0.149790 0.263596
0 3 0.403358 0.115901 0.166304 0.158412 0.156025
4 3 0.278111 0.145197 0.154036 0.049212 0.373444
3 3 0.035485 0.035331 0.233272 0.653864 0.042048
3 3 0.012248 0.020210 0.196909 0.748524 0.022109
3 3 0.120808 0.123170 0.297545 0.349012 0.109465
3 3 0.052080 0.028215 0.179083 0.708577 0.032045
3 3 0.178434 0.113757 0.267014 0.323244 0.117551
3 3 0.040654 0.030725 0.190511 0.707042 0.031067
3 3 0.023003 0.018289 0.134565 0.809576 0.014567
3 3 0.039779 0.047210 0.311928 0.566965 0.034117
3 3 0.072606 0.081243 0.278537 0.497929 0.069686
3 3 0.063801 0.050657 0.240819 0.590916 0.053807
0 3 0.292799 0.129831 0.218903 0.229756 0.128711
2 3 0.068909 0.087300 0.422215 0.348562 0.073014
4 3 0.191749 0.123565 0.240987 0.145152 0.298547
2 3 0.158290 0.229200 0.397227 0.026146 0.189137
3 3 0.064968 0.057615 0.266015 0.546103 0.065300
0 3 0.368984 0.154469 0.314041 0.096773 0.065732
3 3 0.117853 0.057402 0.211628 0.550439 0.062678
3 3 0.083174 0.085217 0.276340 0.481872 0.073396
2 3 0.143213 0.254662 0.336664 0.011996 0.253466
2 3 0.128322 0.195570 0.394572 0.093102 0.188434
2 3 0.120145 0.183248 0.379785 0.111598 0.205225
2 3 0.121600 0.224860 0.361009 0.020794 0.271738
2 3 0.058104 0.107275 0.629986 0.140829 0.063807
2 3 0.157568 0.200664 0.413113 0.107416 0.121240
4 3 0.243225 0.153761 0.167631 0.050121 0.385261
4 3 0.140191 0.167817 0.288390 0.093105 0.310498
2 3 0.195027 0.172332 0.319285 0.113765 0.199592
4 3 0.104290 0.177632 0.285384 0.025648 0.407045
2 3 0.152085 0.158883 0.389855 0.199582 0.099595
4 3 0.148506 0.096178 0.250293 0.208033 0.296990
4 3 0.100145 0.125432 0.265328 0.117229 0.391866
2 3 0.089162 0.144053 0.420059 0.122817 0.223909
2 3 0.038496 0.092846 0.471781 0.312587 0.084290
2 3 0.170567 0.235189 0.335590 0.040161 0.218494
2 3 0.102075 0.102095 0.339012 0.239373 0.217445
2 3 0.097458 0.119543 0.349971 0.279784 0.153245
3 3 0.039048 0.042575 0.225555 0.654495 0.038328
3 3 0.125945 0.098158 0.288511 0.398075 0.089311
2 3 0.072676 0.150743 0.494447 0.117229 0.164905
2 3 0.075679 0.106272 0.335992 0.247924 0.234132
2 3 0.078629 0.121386 0.367141 0.294427 0.138416
2 3 0.207661 0.209409 0.383003 0.064329 0.135598
2 3 0.095654 0.219728 0.555540 0.051103 0.077975
3 3 0.026717 0.034149 0.278493 0.637188 0.023454
2 3 0.087030 0.075611 0.446450 0.342509 0.048400
2 3 0.151435 0.143458 0.414509 0.222353 0.068245
2 3 0.215075 0.184428 0.307829 0.134624 0.158044
3 3 0.140110 0.124767 0.298127 0.304528 0.132468
3 3 0.077850 0.065744 0.259408 0.531495 0.065502
3 3 0.021851 0.039600 0.247380 0.655122 0.036047
3 3 0.005238 0.005992 0.078766 0.905726 0.004277
2 3 0.207703 0.143032 0.250987 0.187082 0.211196
2 3 0.125901 0.152166 0.450564 0.175912 0.095457
3 3 0.055171 0.088216 0.344395 0.379617 0.132601
2 3 0.054208 0.099507 0.475178 0.286431 0.084676
2 3 0.053516 0.134496 0.585337 0.149887 0.076764
3 3 0.074969 0.040877 0.200014 0.635825 0.048315
4 3 0.151576 0.158423 0.289033 0.088828 0.312141
2 3 0.135386 0.124661 0.356533 0.225425 0.157996
2 3 0.120431 0.232035 0.480608 0.043987 0.122940
2 3 0.154212 0.172476 0.363355 0.153423 0.156535
0 3 0.293116 0.147029 0.217453 0.069532 0.272869
2 3 0.131688 0.125070 0.445427 0.215907 0.081907
2 3 0.135777 0.161281 0.310151 0.139915 0.252875
2 3 0.161392 0.133329 0.288895 0.266758 0.149626
4 3 0.083894 0.146257 0.331929 0.092190 0.345730
2 3 0.142584 0.211889 0.335776 0.056984 0.252768
2 3 0.074616 0.140277 0.531502 0.100802 0.152803
3 3 0.016734 0.029815 0.418023 0.520714 0.014713
3 3 0.001705 0.002072 0.044330 0.950484 0.001409
3 3 0.044981 0.050665 0.334229 0.522991 0.047133
0 3 0.545004 0.095166 0.121149 0.139078 0.099604
0 3 0.429540 0.073863 0.143732 0.274470 0.078393
0 0 0.589393 0.086286 0.105745 0.129038 0.089538
0 0 0.513553 0.092394 0.167999 0.154148 0.071906
2 2 0.175365 0.106806 0.354898 0.287039 0.075892
3 2 0.065189 0.044482 0.197346 0.655844 0.037140
0 2 0.369081 0.086669 0.165021 0.296694 0.082535
3 2 0.167293 0.063472 0.258210 0.454574 0.056452
2 2 0.038737 0.083842 0.657410 0.195959 0.024052
2 2 0.091976 0.214762 0.551461 0.036388 0.105414
4 2 0.358646 0.082611 0.063090 0.014889 0.480764
0 2 0.609966 0.081200 0.098682 0.126246 0.083906
2 2 0.052960 0.097222 0.540315 0.262857 0.046645
2 2 0.091333 0.200990 0.528775 0.061187 0.117715
2 2 0.017071 0.095175 0.728149 0.088469 0.071137
2 2 0.015384 0.043935 0.478982 0.443769 0.017930
3 2 0.035703 0.031715 0.178470 0.728868 0.025245
3 2 0.104924 0.105572 0.304757 0.344135 0.140612
2 2 0.028550 0.104054 0.501289 0.103090 0.263018
2 2 0.087599 0.252198 0.461125 0.006842 0.192235
2 2 0.036990 0.139672 0.585426 0.050599 0.187313
2 2 0.026641 0.141440 0.668392 0.022533 0.140993
2 2 0.031787 0.138884 0.628385 0.041585 0.159358
2 2 0.048109 0.128664 0.652033 0.095888 0.075305
2 2 0.156250 0.153603 0.351766 0.095896 0.242484
2 2 0.088071 0.154702 0.382424 0.038781 0.336022
2 2 0.054470 0.165202 0.415106 0.020050 0.345172
2 2 0.028946 0.120832 0.576039 0.058214 0.215969
2 2 0.041255 0.120409 0.557662 0.131058 0.149616
2 4 0.069413 0.204971 0.457729 0.012785 0.255102
2 4 0.063589 0.167616 0.513542 0.067844 0.187410
2 4 0.059001 0.112235 0.445076 0.202132 0.181558
4 4 0.094321 0.145420 0.225820 0.022155 0.512284
2 4 0.090458 0.182707 0.479255 0.041894 0.205687
4 4 0.047208 0.111675 0.335940 0.066478 0.438699
2 4 0.092216 0.230616 0.441867 0.012933 0.222368
2 4 0.041053 0.141239 0.536501 0.046479 0.234728
3 4 0.032317 0.063127 0.384920 0.433647 0.085989
2 4 0.148290 0.129023 0.338516 0.282960 0.101211
2 4 0.090813 0.213732 0.519656 0.030712 0.145086
2 4 0.074694 0.144197 0.566492 0.146841 0.067777
2 4 0.057397 0.190914 0.560058 0.031118 0.160513
2 4 0.058866 0.156340 0.407007 0.033503 0.344284
4 4 0.072105 0.136310 0.290932 0.021368 0.479285
2 4 0.043672 0.161431 0.486400 0.022019 0.286478
2 4 0.013927 0.086770 0.720231 0.093963 0.085108
2 4 0.016776 0.077377 0.669829 0.197865 0.038152
4 4 0.073249 0.109146 0.320994 0.061055 0.435557
2 4 0.031246 0.098209 0.646741 0.129836 0.093969
2 4 0.028031 0.056136 0.518190 0.378202 0.019440
0 0 0.506293 0.098832 0.133501 0.160991 0.100383
0 2 0.384374 0.133080 0.166327 0.102502 0.213717
3 2 0.015596 0.017832 0.153922 0.796706 0.015942
3 2 0.098617 0.055864 0.213041 0.581426 0.051051
2 2 0.030586 0.085910 0.463200 0.250591 0.169713
3 2 0.209473 0.058521 0.180887 0.491604 0.059515
0 2 0.589647 0.074595 0.102448 0.156068 0.077242
2 2 0.094546 0.095325 0.465830 0.290785 0.053513
2 2 0.030915 0.070327 0.500221 0.354614 0.043923
3 2 0.226155 0.068196 0.174836 0.474758 0.056055
3 2 0.273028 0.056959 0.166589 0.434427 0.068998
0 2 0.574031 0.090107 0.111107 0.130964 0.093792
0 2 0.549486 0.077182 0.108899 0.155957 0.108477
0 2 0.538941 0.081899 0.091138 0.060950 0.227072
3 2 0.213548 0.078355 0.221974 0.275153 0.210970
0 2 0.368265 0.142837 0.190725 0.143413 0.154760
3 2 0.255289 0.051136 0.158736 0.479341 0.055499
2 2 0.069177 0.152708 0.448271 0.087344 0.242501
2 2 0.023911 0.112065 0.705976 0.053344 0.104705
2 2 0.030469 0.158332 0.652916 0.023540 0.134743
2 2 0.026812 0.122630 0.648004 0.039802 0.162752
2 2 0.021040 0.102095 0.718864 0.075064 0.082937
2 2 0.012787 0.097431 0.759970 0.053139 0.076673
2 2 0.022060 0.131850 0.697155 0.024343 0.124592
2 2 0.028928 0.137872 0.538720 0.024678 0.269801
2 2 0.018449 0.110768 0.679912 0.046698 0.144173
2 2 0.020016 0.081794 0.703873 0.129602 0.064715
2 2 0.024528 0.090955 0.698160 0.113702 0.072655
2 2 0.028868 0.118782 0.643825 0.084766 0.123758
2 2 0.020911 0.126146 0.656075 0.023475 0.173394
2 2 0.018727 0.108477 0.618637 0.049350 0.204809
2 2 0.012324 0.098598 0.725914 0.033664 0.129500
2 2 0.015518 0.100611 0.697250 0.060445 0.126175
2 2 0.024990 0.130572 0.596853 0.026735 0.220849
2 2 0.038264 0.104259 0.584963 0.147391 0.125123
0 2 0.397354 0.119586 0.175818 0.186135 0.121107
0 0 0.378143 0.140250 0.186535 0.143416 0.151656
2 2 0.020650 0.117191 0.654091 0.038633 0.169434
2 2 0.032070 0.148187 0.620642 0.027846 0.171254
2 2 0.018552 0.093993 0.720916 0.062301 0.104239
2 2 0.010055 0.054843 0.718355 0.187639 0.029109
2 2 0.016887 0.102709 0.718183 0.058802 0.103418
2 2 0.006193 0.060238 0.820535 0.092706 0.020329
2 2 0.031212 0.141330 0.659229 0.037057 0.131172
2 2 0.015589 0.108130 0.755918 0.054189 0.066174
2 2 0.013801 0.092254 0.774338 0.076893 0.042715
2 2 0.024777 0.112179 0.761584 0.048021 0.053439
2 2 0.079509 0.221607 0.542511 0.021966 0.134407
2 2 0.040090 0.116355 0.666566 0.105331 0.071658
4 2 0.104003 0.201522 0.258898 0.006995 0.428583
2 2 0.065960 0.149808 0.546926 0.064390 0.172917
2 2 0.095893 0.168318 0.437839 0.042199 0.255751
2 2 0.057819 0.194489 0.474022 0.010058 0.263611
2 2 0.054297 0.109600 0.458042 0.174004 0.204057
0 2 0.418752 0.129666 0.169739 0.142748 0.139094
3 2 0.308413 0.087884 0.178879 0.347643 0.077181
2 2 0.100470 0.123125 0.408194 0.305223 0.062988
2 2 0.068671 0.121227 0.511406 0.189627 0.109068
2 2 0.027978 0.112203 0.565211 0.104732 0.189876
2 2 0.073534 0.160857 0.383846 0.026451 0.355311
2 2 0.053854 0.155635 0.521998 0.058868 0.209644
2 2 0.038725 0.160129 0.609157 0.041595 0.150393
2 2 0.049613 0.159089 0.659064 0.032745 0.099489
2 2 0.031163 0.098851 0.644381 0.182078 0.043528
2 2 0.098214 0.208302 0.484788 0.038429 0.170267
2 2 0.042516 0.112831 0.540732 0.175616 0.128305
4 2 0.076481 0.180436 0.276577 0.006788 0.459718
2 2 0.027780 0.128248 0.726823 0.058207 0.058943
2 2 0.045487 0.124674 0.667858 0.104249 0.057732
2 2 0.076823 0.145637 0.379269 0.071822 0.326449
2 2 0.054822 0.134782 0.583791 0.112401 0.114204
2 2 0.057957 0.095835 0.541088 0.245235 0.059886
2 2 0.030821 0.087538 0.562102 0.268058 0.051481
2 2 0.037484 0.067570 0.376791 0.327095 0.191060
2 2 0.044970 0.083372 0.455007 0.316819 0.099831
2 2 0.033472 0.109336 0.578455 0.218708 0.060028
2 2 0.040017 0.116843 0.484433 0.145895 0.212812
2 2 0.062221 0.131796 0.540507 0.175095 0.090381
3 2 0.047483 0.084314 0.338237 0.344698 0.185267
2 2 0.038782 0.086435 0.492270 0.321133 0.061380
2 2 0.075958 0.138221 0.591286 0.112898 0.081637
3 2 0.108671 0.087741 0.295897 0.345263 0.162429
2 2 0.120426 0.141307 0.501109 0.128578 0.108581
3 2 0.052066 0.060103 0.414544 0.438143 0.035144
2 2 0.138080 0.144239 0.489382 0.146006 0.082293
4 2 0.061829 0.093387 0.285635 0.158906 0.400243
3 2 0.029234 0.034475 0.229072 0.686479 0.020739
2 2 0.147760 0.122766 0.337891 0.159629 0.231954
2 2 0.076321 0.142938 0.563857 0.162224 0.054660
3 2 0.141637 0.106303 0.284911 0.352915 0.114234
0 2 0.761593 0.045024 0.050945 0.097558 0.044881
0 2 0.796039 0.037221 0.041254 0.088768 0.036718
3 2 0.005483 0.010085 0.133278 0.841696 0.009457
2 2 0.051404 0.092888 0.490318 0.328564 0.036827
4 2 0.074914 0.136555 0.316664 0.065421 0.406446
2 2 0.072895 0.108626 0.498581 0.196219 0.123679
3 2 0.052573 0.063524 0.402992 0.427592 0.053319
2 2 0.111838 0.250338 0.505934 0.030666 0.101225
2 2 0.119360 0.284769 0.501481 0.010615 0.083775
2 2 0.050408 0.128819 0.698022 0.089207 0.033544
2 2 0.064990 0.116022 0.375446 0.230428 0.213114
2 2 0.154730 0.130770 0.325800 0.245134 0.143565
2 2 0.074991 0.165809 0.574880 0.102111 0.082209
2 2 0.139968 0.222026 0.428201 0.045864 0.163941
4 2 0.098412 0.168398 0.290459 0.032296 0.410436
2 2 0.122144 0.203947 0.387134 0.048874 0.237901
2 2 0.162643 0.151699 0.302191 0.124076 0.259392
2 2 0.123623 0.155958 0.322512 0.096534 0.301372
3 2 0.025013 0.048490 0.309309 0.557941 0.059248
2 2 0.094018 0.155693 0.370201 0.095915 0.284172
2 2 0.041984 0.083707 0.564791 0.284568 0.024950
2 2 0.124317 0.130769 0.307199 0.225218 0.212496
2 2 0.043624 0.102286 0.648239 0.165817 0.040033
3 2 0.021265 0.047491 0.327959 0.527272 0.076012
2 2 0.107192 0.148961 0.310380 0.150316 0.283152
4 2 0.083875 0.135197 0.284696 0.069900 0.426332
2 2 0.061992 0.129399 0.482153 0.178373 0.148082
2 2 0.187488 0.201960 0.373779 0.083944 0.152829
2 2 0.108442 0.128616 0.505773 0.152328 0.104842
3 2 0.075225 0.075688 0.357808 0.366089 0.125190
2 2 0.122451 0.198859 0.397883 0.072610 0.208198
4 2 0.161612 0.184160 0.262570 0.036604 0.355055
0 2 0.310030 0.120352 0.208493 0.114331 0.246795
2 2 0.217776 0.130724 0.261598 0.243670 0.146232
3 2 0.044995 0.072278 0.325433 0.440467 0.116827
2 2 0.034882 0.096844 0.615403 0.197867 0.055003
2 2 0.139327 0.193395 0.366279 0.141244 0.159755
2 2 0.098893 0.103085 0.326415 0.258733 0.212875
2 2 0.024438 0.044379 0.453741 0.447085 0.030356
2 2 0.157281 0.161659 0.283741 0.117475 0.279844
4 2 0.157589 0.191816 0.222182 0.026646 0.401768
2 2 0.130850 0.148905 0.549754 0.115122 0.055369
2 2 0.187535 0.097401 0.252758 0.225778 0.236528
2 2 0.163822 0.123239 0.278106 0.206670 0.228163
2 2 0.185649 0.128770 0.275753 0.231442 0.178385
2 2 0.024169 0.063161 0.444521 0.431924 0.036225
2 2 0.118694 0.215852 0.466478 0.070503 0.128472
3 2 0.032861 0.046707 0.249315 0.624977 0.046141
3 2 0.143689 0.117823 0.274054 0.295355 0.169078
2 2 0.123207 0.201379 0.387554 0.081211 0.206650
2 2 0.051342 0.149602 0.622833 0.124055 0.052168
3 2 0.083581 0.113793 0.314746 0.390650 0.097229
2 2 0.158896 0.159436 0.516544 0.092914 0.072211
3 2 0.042486 0.044530 0.242980 0.631279 0.038724
3 2 0.121460 0.073449 0.284110 0.417285 0.103696
0 2 0.323572 0.137548 0.207853 0.161720 0.169307
3 2 0.159156 0.082838 0.257608 0.387898 0.112500
2 2 0.064059 0.168406 0.584962 0.036962 0.145611
2 2 0.037950 0.089072 0.517001 0.235462 0.120515
2 2 0.061522 0.131622 0.454606 0.257541 0.094709
2 2 0.089595 0.194149 0.547882 0.059713 0.108662
3 2 0.006976 0.018082 0.198341 0.758267 0.018334
2 2 0.115090 0.162560 0.437910 0.070430 0.214009
2 2 0.021268 0.074509 0.561745 0.272162 0.070316
2 2 0.090225 0.175999 0.531932 0.049746 0.152098
3 2 0.017198 0.022000 0.189851 0.748204 0.022747
2 2 0.050899 0.093053 0.366321 0.356379 0.133349
2 3 0.039282 0.132884 0.609095 0.080817 0.137922
2 3 0.015881 0.056714 0.461054 0.384893 0.081458
2 3 0.067214 0.136293 0.587311 0.097960 0.111222
4 3 0.091458 0.165305 0.336058 0.067376 0.339802
2 3 0.035375 0.121272 0.592787 0.073207 0.177359
2 3 0.025846 0.059272 0.470550 0.395806 0.048526
3 3 0.030648 0.077979 0.368800 0.381423 0.141150
2 3 0.054555 0.136768 0.556330 0.115582 0.136765
2 3 0.058699 0.134994 0.640271 0.088062 0.077974
2 3 0.076137 0.134526 0.330721 0.194910 0.263705
2 3 0.114751 0.198023 0.551828 0.036604 0.098794
2 3 0.044145 0.114649 0.620835 0.176556 0.043815
2 3 0.071622 0.158340 0.515541 0.034489 0.220008
2 3 0.056238 0.079762 0.489263 0.322710 0.052027
2 3 0.058697 0.099618 0.532695 0.244612 0.064378
2 3 0.053869 0.139022 0.603423 0.124614 0.079071
3 3 0.022916 0.032798 0.240007 0.667205 0.037075
2 3 0.033860 0.072516 0.538773 0.303719 0.051131
2 3 0.021826 0.065916 0.468749 0.382669 0.060840
2 3 0.044006 0.116454 0.623741 0.118815 0.096984
3 3 0.025745 0.049559 0.331374 0.481244 0.112078
2 3 0.040151 0.091040 0.428747 0.374835 0.065226
2 3 0.034726 0.113632 0.631244 0.153970 0.066428
3 3 0.056849 0.061617 0.335321 0.505449 0.040764
2 3 0.047221 0.081869 0.446896 0.330216 0.093799
2 3 0.046090 0.123450 0.594711 0.189607 0.046141
2 3 0.061991 0.106225 0.449815 0.255789 0.126181
4 3 0.110584 0.145445 0.209848 0.040032 0.494091
4 3 0.128210 0.141744 0.264116 0.107787 0.358143
0 3 0.293342 0.160657 0.224458 0.144703 0.176840
0 3 0.515831 0.104745 0.132117 0.137028 0.110280
0 3 0.551039 0.074825 0.061435 0.026192 0.286510
3 3 0.199257 0.102758 0.232997 0.354910 0.110079
3 3 0.131399 0.063439 0.210149 0.537961 0.057052
2 3 0.149440 0.217594 0.485502 0.049705 0.097759
2 3 0.038858 0.141457 0.446906 0.025222 0.347557
2 3 0.014480 0.046387 0.623374 0.306585 0.009174
0 0 0.540676 0.100633 0.120850 0.116726 0.121114
0 0 0.279072 0.166371 0.230716 0.140116 0.183725
2 2 0.237467 0.146582 0.254821 0.197763 0.163368
2 2 0.018862 0.109725 0.654230 0.036964 0.180219
2 2 0.021033 0.072961 0.640255 0.192550 0.073201
2 2 0.029094 0.123444 0.650178 0.095722 0.101562
2 2 0.035663 0.123944 0.665578 0.121721 0.053093
2 2 0.027555 0.132532 0.606717 0.042455 0.190741
2 2 0.026787 0.138664 0.655779 0.028591 0.150179
2 2 0.016902 0.113135 0.730227 0.039492 0.100244
3 2 0.024494 0.031982 0.238126 0.649313 0.056085
2 2 0.171463 0.123279 0.284467 0.281173 0.139618
2 2 0.069074 0.098278 0.356368 0.350956 0.125325
2 4 0.016771 0.092848 0.696889 0.091322 0.102169
2 4 0.012428 0.096709 0.780346 0.040695 0.069823
2 4 0.021999 0.112370 0.598709 0.052274 0.214648
2 4 0.030125 0.138555 0.627959 0.036120 0.167242
2 4 0.021702 0.109237 0.628260 0.074532 0.166269
4 4 0.083369 0.097034 0.320283 0.165754 0.333561
