0 0 0.398104 0.189539 0.249426 0.047237 0.115694
0 0 0.500467 0.138654 0.150799 0.041604 0.168476
3 0 0.087608 0.027995 0.140429 0.721477 0.022491
0 0 0.364324 0.148215 0.293628 0.101490 0.092344
3 0 0.055998 0.057393 0.256139 0.610165 0.020305
3 0 0.281171 0.079751 0.172480 0.314068 0.152530
0 0 0.463224 0.087822 0.151389 0.204412 0.093153
0 0 0.478507 0.088926 0.144345 0.189315 0.098907
0 0 0.336258 0.084666 0.176902 0.297479 0.104695
0 0 0.267851 0.109177 0.246928 0.192107 0.183938
4 0 0.163138 0.166838 0.265973 0.080295 0.323757
2 0 0.062834 0.156694 0.427778 0.048143 0.304550
2 1 0.037446 0.127980 0.556787 0.061493 0.216294
2 0 0.030498 0.163840 0.549246 0.019439 0.236976
4 0 0.065409 0.153499 0.342338 0.049669 0.389085
2 0 0.025624 0.139798 0.604501 0.033500 0.196577
2 1 0.027991 0.133360 0.532826 0.031157 0.274666
0 0 0.347174 0.184230 0.344621 0.030111 0.093864
3 0 0.056319 0.047568 0.225782 0.650982 0.019349
2 0 0.060394 0.089766 0.438814 0.371211 0.039816
2 0 0.197021 0.112618 0.371427 0.184074 0.134860
0 0 0.617402 0.088247 0.048180 0.034462 0.211709
0 0 0.511964 0.124520 0.115266 0.091272 0.156978
0 0 0.617652 0.085037 0.037509 0.018605 0.241196
2 0 0.134378 0.106843 0.339718 0.310306 0.108755
2 0 0.095410 0.101938 0.475133 0.257427 0.070092
2 0 0.067225 0.135581 0.376527 0.078745 0.341921
0 0 0.324690 0.116414 0.296629 0.181359 0.080907
0 0 0.444208 0.126827 0.225885 0.102588 0.100492
0 0 0.345310 0.075228 0.172488 0.332864 0.074110
0 0 0.497555 0.090134 0.135163 0.170506 0.106642
3 0 0.124169 0.036620 0.155922 0.652586 0.030703
2 0 0.096219 0.108583 0.355904 0.349730 0.089564
4 0 0.071568 0.207329 0.288424 0.015998 0.416681
2 4 0.027338 0.151977 0.450113 0.021053 0.349519
2 4 0.031080 0.148467 0.517745 0.034993 0.267715
2 4 0.030213 0.159923 0.622486 0.031542 0.155836
4 4 0.090054 0.117862 0.302664 0.088853 0.400567
4 4 0.174916 0.128684 0.117536 0.019789 0.559075
2 4 0.040706 0.147971 0.419625 0.040763 0.350936
4 4 0.059649 0.197293 0.341177 0.012244 0.389636
4 4 0.162694 0.160190 0.139940 0.006539 0.530636
2 4 0.070891 0.216203 0.501659 0.046918 0.164329
2 4 0.037293 0.170844 0.459112 0.022391 0.310360
2 4 0.034196 0.171485 0.491122 0.023210 0.279987
4 4 0.035110 0.183877 0.384953 0.009067 0.386993
2 4 0.047247 0.164481 0.495165 0.025664 0.267444
4 4 0.066739 0.156668 0.227295 0.014292 0.535006
2 4 0.046603 0.193578 0.545256 0.021819 0.192744
2 4 0.023785 0.148570 0.563731 0.023453 0.240462
4 4 0.076919 0.188094 0.265046 0.009787 0.460153
2 4 0.069940 0.142608 0.395502 0.029415 0.362534
4 4 0.124749 0.171298 0.163214 0.014082 0.526657
4 4 0.077292 0.215832 0.286324 0.006009 0.414542
4 4 0.068190 0.156815 0.203912 0.006703 0.564380
2 4 0.070474 0.168448 0.515272 0.044155 0.201651
2 4 0.051063 0.123956 0.422054 0.038108 0.364819
4 4 0.126332 0.235431 0.262733 0.007579 0.367925
1 4 0.167001 0.289959 0.266233 0.004940 0.271867
4 1 0.193780 0.254082 0.211231 0.020160 0.320748
4 1 0.114582 0.165463 0.323508 0.059639 0.336807
2 1 0.032766 0.143575 0.550497 0.029269 0.243892
2 1 0.050611 0.141231 0.533109 0.036727 0.238321
4 1 0.070378 0.169138 0.338420 0.019415 0.402649
2 2 0.052054 0.165183 0.465314 0.025435 0.292014
4 2 0.066047 0.155332 0.108284 0.003791 0.666545
4 2 0.135843 0.165884 0.278717 0.027374 0.392181
4 2 0.145992 0.190091 0.104551 0.006650 0.552715
2 2 0.036745 0.092306 0.610240 0.180203 0.080507
2 2 0.085167 0.154936 0.520010 0.123669 0.116218
2 2 0.080152 0.153015 0.445109 0.063577 0.258147
4 2 0.154277 0.161505 0.314457 0.049705 0.320056
2 2 0.040599 0.102937 0.635202 0.175706 0.045556
3 2 0.101579 0.075789 0.358044 0.359679 0.104909
3 2 0.133061 0.063587 0.289503 0.441870 0.071980
3 2 0.068097 0.041481 0.280089 0.575799 0.034535
0 3 0.328782 0.130425 0.173831 0.080691 0.286271
2 2 0.156321 0.101872 0.374684 0.169637 0.197486
4 3 0.247796 0.116042 0.246362 0.092027 0.297773
3 2 0.088837 0.045565 0.221291 0.598678 0.045629
3 2 0.172077 0.075639 0.296607 0.374833 0.080843
3 3 0.018198 0.015690 0.179778 0.757200 0.029134
3 2 0.230832 0.107312 0.268215 0.288622 0.105018
0 3 0.438336 0.093773 0.111320 0.128525 0.228046
3 3 0.026512 0.019453 0.191153 0.737665 0.025217
3 3 0.291987 0.088789 0.198978 0.315347 0.104898
0 3 0.346072 0.075327 0.172405 0.331953 0.074243
3 3 0.063264 0.031346 0.196230 0.666238 0.042922
3 3 0.140480 0.052835 0.218864 0.517200 0.070621
0 3 0.421916 0.095884 0.135504 0.147165 0.199532
0 3 0.421196 0.083989 0.160718 0.247364 0.086733
3 3 0.299132 0.068904 0.160048 0.393022 0.078894
0 3 0.358968 0.100026 0.127969 0.074956 0.338081
3 3 0.191986 0.071942 0.244651 0.371881 0.119540
3 3 0.202777 0.075755 0.259871 0.400952 0.060645
0 3 0.397067 0.098693 0.185896 0.227694 0.090650
3 3 0.095179 0.042693 0.218969 0.581800 0.061359
0 3 0.349256 0.084780 0.194675 0.285538 0.085751
0 3 0.463152 0.089875 0.149039 0.199871 0.098063
3 3 0.175236 0.047389 0.169010 0.566756 0.041609
3 3 0.046388 0.030576 0.242350 0.650347 0.030340
4 3 0.217109 0.088838 0.154076 0.099408 0.440570
3 3 0.200312 0.079136 0.217792 0.342155 0.160605
2 3 0.185404 0.129941 0.343548 0.162663 0.178444
3 3 0.112582 0.066553 0.327253 0.412199 0.081413
2 3 0.131936 0.115867 0.421212 0.155709 0.175276
3 3 0.095120 0.051121 0.299885 0.525216 0.028658
2 3 0.069959 0.126679 0.419350 0.126923 0.257089
2 3 0.106553 0.138951 0.474398 0.175325 0.104773
3 3 0.128951 0.059404 0.257270 0.449412 0.104963
2 3 0.085600 0.144927 0.572430 0.131313 0.065730
2 3 0.133619 0.104540 0.365432 0.221187 0.175222
2 3 0.057896 0.104068 0.535686 0.216696 0.085654
2 3 0.094886 0.108336 0.477487 0.270972 0.048319
2 3 0.029751 0.054670 0.392906 0.362978 0.159694
4 3 0.173761 0.133171 0.120872 0.010438 0.561757
4 3 0.077088 0.063383 0.262141 0.212048 0.385339
3 3 0.033695 0.045453 0.297598 0.586802 0.036452
2 3 0.210615 0.123964 0.251721 0.223632 0.190068
3 3 0.119704 0.089112 0.360017 0.368328 0.062838
2 3 0.206804 0.123567 0.338044 0.168034 0.163551
3 3 0.052926 0.028472 0.194923 0.682874 0.040805
2 3 0.086476 0.092977 0.482416 0.236733 0.101397
3 3 0.084441 0.035808 0.192744 0.642951 0.044056
2 3 0.083249 0.087412 0.406576 0.316006 0.106756
3 3 0.053474 0.042080 0.276051 0.554766 0.073628
3 3 0.031390 0.033095 0.318166 0.554374 0.062976
3 3 0.212528 0.084012 0.251568 0.296064 0.155828
0 3 0.299205 0.118467 0.228208 0.148879 0.205241
4 3 0.203593 0.137397 0.210769 0.130838 0.317404
3 3 0.172679 0.079833 0.210303 0.289058 0.248128
3 3 0.112362 0.064874 0.277133 0.366413 0.179217
3 3 0.048384 0.062328 0.365081 0.433832 0.090376
3 3 0.143446 0.086311 0.323742 0.358259 0.088242
3 3 0.075155 0.069527 0.323734 0.430616 0.100969
3 3 0.143537 0.099114 0.325583 0.364523 0.067242
3 3 0.140812 0.065874 0.308887 0.444449 0.039977
0 3 0.496000 0.109167 0.086623 0.039492 0.268717
3 1 0.284040 0.080310 0.183793 0.359032 0.092825
4 1 0.253957 0.110991 0.064178 0.004131 0.566744
0 1 0.355855 0.231616 0.137677 0.006866 0.267986
0 1 0.508024 0.104570 0.048701 0.010520 0.328186
0 1 0.465015 0.165171 0.088137 0.027487 0.254190
0 0 0.512001 0.135410 0.077908 0.010223 0.264459
0 1 0.381245 0.222258 0.187586 0.015884 0.193027
4 1 0.053391 0.104624 0.180477 0.007731 0.653777
2 2 0.072367 0.198792 0.411923 0.017220 0.299698
4 1 0.191268 0.120236 0.150397 0.013474 0.524625
0 0 0.603943 0.092615 0.038972 0.013438 0.251033
4 1 0.322717 0.096773 0.079102 0.029767 0.471641
4 0 0.223705 0.080760 0.086012 0.029211 0.580312
0 0 0.284548 0.202285 0.284516 0.144475 0.084176
3 0 0.091312 0.040412 0.226701 0.615628 0.025947
0 0 0.585530 0.111211 0.045069 0.020534 0.237657
4 0 0.241333 0.092937 0.200744 0.166093 0.298893
0 0 0.280231 0.114232 0.195573 0.224549 0.185415
0 0 0.366525 0.121458 0.197233 0.154184 0.160601
0 0 0.363488 0.120359 0.273493 0.155006 0.087653
0 0 0.410112 0.086166 0.167647 0.240198 0.095878
0 0 0.436229 0.157136 0.070947 0.018452 0.317237
2 0 0.072906 0.090675 0.515407 0.193124 0.127889
0 0 0.300737 0.088282 0.197597 0.252624 0.160760
0 0 0.387472 0.146741 0.066411 0.016657 0.382719
4 0 0.437828 0.066970 0.022515 0.008710 0.463978
0 0 0.594014 0.089982 0.077468 0.074407 0.164128
0 0 0.542805 0.123916 0.105028 0.071789 0.156461
2 0 0.126181 0.077006 0.347932 0.337148 0.111733
0 0 0.415612 0.083453 0.159484 0.253255 0.088195
0 0 0.427200 0.141543 0.217542 0.113335 0.100380
3 0 0.010846 0.005255 0.061714 0.918802 0.003383
2 0 0.063602 0.147260 0.450444 0.189965 0.148729
2 0 0.104795 0.109473 0.467671 0.104496 0.213564
0 0 0.515776 0.091901 0.121135 0.147046 0.124143
3 0 0.109012 0.033151 0.150275 0.680218 0.027344
0 0 0.407200 0.082552 0.163398 0.262348 0.084502
2 0 0.076290 0.168213 0.456876 0.064574 0.234047
2 0 0.068247 0.113244 0.503027 0.056319 0.259163
2 0 0.147425 0.238573 0.377508 0.078005 0.158488
2 0 0.041294 0.120562 0.453259 0.073311 0.311574
2 0 0.026015 0.153779 0.658713 0.022392 0.139101
2 0 0.049051 0.242228 0.530354 0.013420 0.164947
2 0 0.037796 0.145114 0.574337 0.026128 0.216625
2 0 0.032448 0.152178 0.597646 0.045996 0.171733
2 1 0.034418 0.163633 0.464469 0.021611 0.315869
2 1 0.049757 0.197977 0.401691 0.018141 0.332434
2 1 0.060634 0.188470 0.421218 0.030552 0.299127
2 1 0.084550 0.232860 0.396162 0.023989 0.262438
2 0 0.049890 0.101111 0.645045 0.142309 0.061644
0 0 0.294605 0.202339 0.259549 0.143542 0.099964
2 0 0.055355 0.137568 0.596244 0.113951 0.096882
2 1 0.032849 0.143776 0.425452 0.019873 0.378052
2 1 0.033447 0.148859 0.440867 0.014425 0.362401
4 1 0.044601 0.163302 0.199799 0.004233 0.588065
2 1 0.033152 0.200080 0.438334 0.010716 0.317718
4 1 0.031903 0.138138 0.293347 0.010261 0.526351
2 1 0.022977 0.119213 0.583737 0.036241 0.237832
2 1 0.016533 0.103516 0.648593 0.077765 0.153592
2 1 0.028801 0.190395 0.494364 0.013613 0.272827
2 2 0.040345 0.238098 0.451889 0.008042 0.261625
2 1 0.029971 0.105018 0.622488 0.154588 0.087935
0 1 0.308523 0.097712 0.246225 0.236425 0.111115
0 0 0.550157 0.091811 0.106732 0.118813 0.132488
1 0 0.272549 0.317203 0.270020 0.050233 0.089994
4 1 0.094754 0.167606 0.292449 0.027576 0.417615
4 1 0.212737 0.081670 0.064810 0.012445 0.628338
4 1 0.151757 0.113011 0.245697 0.053744 0.435791
2 1 0.095156 0.133721 0.415760 0.184814 0.170549
2 1 0.063853 0.151618 0.527711 0.086889 0.169928
2 1 0.152547 0.177072 0.400705 0.084274 0.185401
2 2 0.157938 0.132489 0.298866 0.154480 0.256227
2 2 0.078264 0.087697 0.337361 0.301738 0.194940
2 2 0.073723 0.095707 0.519115 0.210287 0.101168
2 2 0.082343 0.138295 0.508845 0.206357 0.064159
2 2 0.195589 0.193992 0.297468 0.029808 0.283142
3 1 0.045088 0.026970 0.209303 0.691340 0.027299
4 1 0.238549 0.170434 0.214095 0.009835 0.367088
0 1 0.396648 0.134378 0.214608 0.159943 0.094422
0 1 0.476158 0.193658 0.126251 0.035383 0.168549
2 1 0.089027 0.160464 0.482085 0.097994 0.170431
2 1 0.078511 0.155274 0.457705 0.055585 0.252925
3 2 0.031188 0.039191 0.302906 0.415449 0.211266
4 2 0.090237 0.138603 0.359418 0.041932 0.369810
0 1 0.269589 0.116776 0.225922 0.171132 0.216581
2 2 0.106582 0.071309 0.405252 0.381172 0.035685
3 1 0.144303 0.090138 0.263343 0.296800 0.205417
0 1 0.302997 0.105521 0.226771 0.169271 0.195441
0 1 0.423014 0.140352 0.087485 0.008478 0.340671
3 1 0.071577 0.046476 0.210736 0.648594 0.022617
3 2 0.059116 0.065314 0.319004 0.341296 0.215270
2 2 0.126492 0.173440 0.487653 0.074859 0.137555
3 2 0.153574 0.073183 0.200548 0.470512 0.102183
4 2 0.254277 0.141532 0.155597 0.023360 0.425234
3 2 0.079498 0.037470 0.226791 0.632650 0.023590
4 1 0.237754 0.168047 0.204634 0.104106 0.285459
3 1 0.183788 0.079035 0.276610 0.352553 0.108014
2 2 0.042226 0.075580 0.412753 0.274704 0.194736
4 2 0.067454 0.104990 0.343181 0.092651 0.391724
4 2 0.075169 0.150040 0.232054 0.027281 0.515456
2 2 0.040976 0.106525 0.598522 0.155083 0.098894
2 2 0.078822 0.173198 0.435944 0.050137 0.261899
0 2 0.462611 0.101256 0.176587 0.162591 0.096955
4 1 0.364708 0.096135 0.100901 0.052993 0.385263
4 1 0.130253 0.180446 0.263855 0.062234 0.363212
2 1 0.099983 0.206863 0.568339 0.052617 0.072199
4 1 0.388908 0.113605 0.060147 0.007594 0.429747
3 1 0.036769 0.031443 0.278746 0.603962 0.049080
0 2 0.305128 0.238849 0.184083 0.020483 0.251457
2 2 0.055805 0.135242 0.573523 0.096503 0.138927
2 2 0.065725 0.084450 0.376448 0.362052 0.111324
2 2 0.124964 0.092447 0.319848 0.232727 0.230014
2 2 0.165304 0.122062 0.348296 0.103730 0.260608
2 2 0.123530 0.129927 0.416163 0.059985 0.270395
4 2 0.145465 0.150816 0.187467 0.021453 0.494798
3 2 0.060069 0.058340 0.394128 0.439841 0.047622
2 2 0.081582 0.176088 0.585852 0.069564 0.086914
2 2 0.169833 0.135543 0.365225 0.197914 0.131485
4 2 0.136712 0.087573 0.228469 0.115062 0.432184
2 2 0.095443 0.107336 0.441819 0.280058 0.075344
0 2 0.410087 0.143846 0.154387 0.036988 0.254692
3 2 0.111645 0.069104 0.256689 0.358986 0.203575
2 2 0.212508 0.117042 0.367844 0.183996 0.118611
3 1 0.327204 0.072798 0.174248 0.354831 0.070919
0 1 0.463249 0.087781 0.151350 0.204474 0.093145
2 2 0.045576 0.139983 0.597071 0.073705 0.143664
2 2 0.146006 0.178041 0.372900 0.043136 0.259916
4 2 0.089682 0.100222 0.316187 0.060800 0.433109
0 1 0.526813 0.110871 0.121608 0.107624 0.133085
4 1 0.234749 0.092854 0.070542 0.018127 0.583727
4 1 0.135682 0.097357 0.225628 0.154085 0.387249
2 2 0.057293 0.093163 0.415778 0.203218 0.230549
2 2 0.059693 0.083017 0.378810 0.170246 0.308234
2 2 0.058118 0.080379 0.577487 0.204937 0.079078
4 2 0.237818 0.149689 0.191588 0.068177 0.352728
2 2 0.071527 0.124486 0.534547 0.154798 0.114641
4 2 0.078267 0.101408 0.329230 0.083741 0.407354
4 2 0.131889 0.124683 0.233512 0.071448 0.438467
4 2 0.117774 0.140691 0.262877 0.034350 0.444308
4 2 0.110211 0.133559 0.308789 0.081340 0.366101
4 2 0.209757 0.160954 0.179918 0.036166 0.413205
4 2 0.091464 0.076096 0.242679 0.130544 0.459218
0 2 0.332367 0.119949 0.288042 0.157651 0.101991
0 2 0.539650 0.091718 0.112842 0.129161 0.126630
0 2 0.378486 0.079382 0.161600 0.294631 0.085901
0 1 0.423451 0.096574 0.163411 0.166364 0.150200
3 1 0.241197 0.079943 0.232262 0.319074 0.127524
2 2 0.105302 0.104216 0.406727 0.329418 0.054337
3 2 0.107398 0.075475 0.343644 0.413321 0.060161
2 2 0.094501 0.075357 0.430978 0.318173 0.080992
0 2 0.551550 0.126677 0.083061 0.046726 0.191985
2 2 0.219068 0.139913 0.251224 0.159758 0.230038
2 2 0.220786 0.109616 0.381138 0.217711 0.070748
0 1 0.530718 0.116268 0.139341 0.076157 0.137517
3 1 0.271566 0.102195 0.234356 0.286759 0.105124
2 1 0.180780 0.197275 0.279842 0.084629 0.257474
2 1 0.111371 0.125893 0.464491 0.127818 0.170427
2 2 0.038785 0.066316 0.481827 0.374234 0.038839
2 2 0.098091 0.187134 0.497892 0.057889 0.158995
2 2 0.114610 0.081375 0.385389 0.288207 0.130419
2 2 0.153287 0.107894 0.340983 0.245893 0.151944
2 2 0.067684 0.189518 0.564891 0.056941 0.120966
4 2 0.218480 0.132401 0.221169 0.065512 0.362438
2 2 0.088005 0.101232 0.405723 0.221508 0.183532
4 2 0.220637 0.127021 0.174347 0.043429 0.434566
2 2 0.079905 0.107467 0.464919 0.166892 0.180817
2 2 0.076528 0.129899 0.522240 0.151088 0.120246
4 2 0.081917 0.162054 0.352373 0.018675 0.384981
2 2 0.093213 0.123368 0.471671 0.113734 0.198014
4 2 0.212838 0.177525 0.189449 0.014283 0.405904
2 2 0.064200 0.108022 0.560590 0.143589 0.123599
3 2 0.053307 0.043202 0.336749 0.518641 0.048100
3 2 0.088902 0.071651 0.348507 0.425526 0.065413
2 2 0.189206 0.152467 0.275545 0.114543 0.268240
2 2 0.162073 0.151248 0.351738 0.083055 0.251886
4 3 0.134023 0.087965 0.174936 0.050138 0.552938
3 2 0.084253 0.083721 0.359239 0.365914 0.106875
0 2 0.508834 0.088232 0.061882 0.050413 0.290639
4 1 0.328111 0.160617 0.158410 0.012038 0.340825
0 1 0.461324 0.104750 0.183212 0.153003 0.097711
0 1 0.459614 0.093331 0.156648 0.196228 0.094178
4 1 0.284155 0.147964 0.160606 0.024775 0.382500
2 1 0.232688 0.130149 0.305564 0.265176 0.066423
2 1 0.161138 0.113143 0.342332 0.130929 0.252458
2 2 0.083356 0.107797 0.380283 0.087522 0.341041
2 2 0.138295 0.169371 0.469846 0.071844 0.150643
2 2 0.216409 0.099071 0.296870 0.262663 0.124987
0 2 0.274461 0.124034 0.243933 0.188767 0.168805
4 2 0.185313 0.103065 0.243449 0.140310 0.327862
4 2 0.229661 0.093830 0.227252 0.168717 0.280540
4 2 0.281700 0.122223 0.194908 0.071977 0.329192
2 2 0.137593 0.158873 0.468157 0.092158 0.143219
2 2 0.077835 0.083915 0.539314 0.233845 0.065091
2 2 0.097033 0.102324 0.424279 0.229643 0.146721
4 2 0.261414 0.089585 0.106526 0.043289 0.499186
0 1 0.452331 0.118402 0.157965 0.154660 0.116642
0 2 0.285779 0.177658 0.269135 0.096069 0.171359
0 1 0.435251 0.080459 0.042810 0.019558 0.421923
2 2 0.139378 0.131109 0.399587 0.127549 0.202378
4 2 0.197438 0.099795 0.195260 0.091976 0.415531
2 2 0.114646 0.184053 0.366651 0.067649 0.267000
0 2 0.377073 0.132403 0.122819 0.032590 0.335115
0 1 0.341300 0.135428 0.186702 0.197534 0.139036
2 1 0.166221 0.135439 0.306707 0.136453 0.255180
4 2 0.098143 0.138781 0.322850 0.110998 0.329228
3 2 0.039247 0.040871 0.388147 0.492805 0.038930
2 2 0.056387 0.118545 0.538440 0.212030 0.074598
0 2 0.310326 0.092357 0.201021 0.220505 0.175790
2 2 0.141937 0.131962 0.485719 0.075155 0.165227
3 1 0.154674 0.045532 0.170742 0.591213 0.037839
4 1 0.183141 0.144379 0.254964 0.084757 0.332760
0 1 0.428964 0.135654 0.138389 0.030816 0.266177
2 1 0.236645 0.185310 0.410570 0.093794 0.073680
3 2 0.169699 0.075789 0.283531 0.346617 0.124363
0 1 0.425966 0.134019 0.247292 0.093378 0.099345
3 2 0.182965 0.054246 0.195968 0.522189 0.044632
3 1 0.059130 0.033779 0.241444 0.647178 0.018468
0 2 0.346661 0.124714 0.295400 0.147337 0.085888
0 2 0.503391 0.121021 0.150685 0.080397 0.144506
3 2 0.165308 0.068671 0.280090 0.438406 0.047524
3 2 0.239041 0.059172 0.176146 0.471180 0.054460
0 2 0.427669 0.141782 0.231711 0.098142 0.100696
0 2 0.431687 0.137105 0.246258 0.084253 0.100697
0 2 0.386244 0.165020 0.303436 0.047183 0.098117
0 0 0.337591 0.208488 0.250995 0.108426 0.094499
2 1 0.042643 0.118249 0.584518 0.183116 0.071474
2 2 0.066903 0.134456 0.574791 0.084493 0.139356
2 2 0.068770 0.105121 0.525868 0.142474 0.157768
2 2 0.065843 0.066232 0.419274 0.375833 0.072819
3 2 0.090522 0.077365 0.355038 0.399258 0.077817
2 2 0.083091 0.162816 0.427640 0.063797 0.262655
2 2 0.057943 0.105777 0.575419 0.204717 0.056144
2 2 0.081120 0.098450 0.482755 0.179490 0.158186
3 2 0.067784 0.054661 0.297971 0.513866 0.065718
3 2 0.030162 0.032581 0.351924 0.556414 0.028919
2 2 0.086622 0.141771 0.545439 0.172538 0.053630
3 2 0.079683 0.079678 0.375632 0.427141 0.037865
2 2 0.051190 0.118738 0.508712 0.122090 0.199269
2 4 0.050837 0.086628 0.454201 0.201158 0.207176
4 4 0.092060 0.140186 0.236526 0.032290 0.498938
4 4 0.087914 0.050151 0.057679 0.011888 0.792367
0 4 0.513393 0.058365 0.012922 0.005135 0.410185
4 4 0.148428 0.094798 0.057652 0.007681 0.691441
2 4 0.154671 0.160678 0.367795 0.054454 0.262403
4 4 0.209222 0.079132 0.081495 0.024153 0.605997
4 4 0.073412 0.086467 0.095399 0.011863 0.732859
4 4 0.054166 0.195231 0.334952 0.008140 0.407510
4 4 0.135552 0.157920 0.155084 0.009539 0.541904
4 4 0.121512 0.126125 0.085506 0.004909 0.661948
4 4 0.237924 0.087089 0.130620 0.102237 0.442130
2 4 0.100263 0.142980 0.332964 0.092638 0.331154
4 4 0.031116 0.113347 0.391632 0.029094 0.434812
2 4 0.068650 0.142851 0.377422 0.122686 0.288391
4 4 0.061190 0.121057 0.260333 0.027253 0.530167
2 4 0.050879 0.133600 0.445415 0.051732 0.318374
4 4 0.156741 0.165075 0.270446 0.009116 0.398622
0 4 0.570508 0.091811 0.091901 0.093451 0.152329
2 4 0.058685 0.140449 0.446773 0.068352 0.285741
2 4 0.022881 0.100963 0.623642 0.103653 0.148861
2 4 0.048491 0.150746 0.445255 0.032209 0.323298
4 4 0.199347 0.118627 0.208974 0.048192 0.424861
4 4 0.229292 0.095146 0.071490 0.017460 0.586612
2 4 0.093552 0.156524 0.411243 0.044611 0.294070
4 4 0.087301 0.102366 0.314563 0.103198 0.392572
2 4 0.050897 0.066480 0.402701 0.227741 0.252182
4 4 0.120273 0.137961 0.243747 0.045933 0.452086
4 4 0.057776 0.132575 0.156455 0.002728 0.650466
4 1 0.061993 0.127814 0.179330 0.010765 0.620099
4 1 0.096111 0.223433 0.189601 0.004415 0.486440
4 1 0.040729 0.140746 0.237973 0.008930 0.571623
4 0 0.165902 0.105398 0.088426 0.004674 0.635600
3 1 0.145002 0.068906 0.247341 0.475373 0.063378
0 0 0.463249 0.087781 0.151350 0.204474 0.093145
0 0 0.460411 0.091098 0.141913 0.197927 0.108650
3 1 0.101972 0.047496 0.235961 0.538852 0.075718
2 1 0.184754 0.221402 0.331364 0.056304 0.206176
4 1 0.225708 0.122112 0.227040 0.062319 0.362821
4 1 0.137936 0.119650 0.307973 0.121911 0.312530
3 1 0.198559 0.087590 0.279725 0.327685 0.106441
2 1 0.200012 0.101355 0.266282 0.211539 0.220813
0 1 0.251611 0.122083 0.221362 0.249368 0.155575
3 1 0.178946 0.079656 0.281997 0.365183 0.094218
2 1 0.244514 0.177985 0.286827 0.140905 0.149770
4 1 0.234774 0.108097 0.190720 0.075680 0.390729
4 1 0.273542 0.094668 0.121668 0.051173 0.458949
0 1 0.299041 0.186699 0.234673 0.051729 0.227858
0 1 0.461200 0.117552 0.157245 0.085723 0.178280
4 1 0.208569 0.128649 0.277208 0.088783 0.296790
0 1 0.411772 0.107527 0.171055 0.171296 0.138349
0 1 0.346610 0.096338 0.182794 0.181906 0.192352
3 1 0.330250 0.077932 0.179026 0.332934 0.079858
2 0 0.242055 0.156990 0.292488 0.237253 0.071215
4 1 0.139160 0.137248 0.269958 0.065519 0.388115
2 1 0.086938 0.095743 0.462346 0.284516 0.070458
2 1 0.276363 0.194665 0.308647 0.037370 0.182954
2 1 0.040502 0.059240 0.434008 0.365148 0.101103
2 1 0.123990 0.127980 0.442869 0.170812 0.134349
2 1 0.220022 0.169568 0.422174 0.115326 0.072910
3 2 0.044858 0.041754 0.270351 0.595327 0.047710
2 2 0.126946 0.144875 0.441778 0.155992 0.130410
2 2 0.087051 0.089631 0.471786 0.297679 0.053853
3 2 0.269434 0.100006 0.202482 0.304385 0.123693
2 2 0.168957 0.154977 0.401605 0.122185 0.152276
4 2 0.144800 0.148732 0.205881 0.048012 0.452576
0 2 0.321151 0.140437 0.286352 0.109708 0.142352
2 2 0.221234 0.105659 0.335378 0.205203 0.132527
2 2 0.242512 0.099331 0.254976 0.237244 0.165937
2 2 0.246611 0.191789 0.365379 0.107510 0.088711
3 2 0.037392 0.037658 0.290902 0.585123 0.048925
2 2 0.123557 0.179606 0.483900 0.134466 0.078470
3 2 0.081124 0.060407 0.350956 0.450874 0.056638
4 2 0.187032 0.098823 0.145620 0.059495 0.509030
2 2 0.081511 0.149427 0.511681 0.088253 0.169128
0 2 0.418157 0.130590 0.204936 0.079474 0.166843
0 0 0.444127 0.085053 0.051997 0.025777 0.393046
0 0 0.380421 0.162640 0.171132 0.017663 0.268144
0 1 0.380074 0.238141 0.201158 0.061095 0.119532
3 1 0.170963 0.093714 0.339750 0.345612 0.049961
4 1 0.236606 0.101401 0.071694 0.008236 0.582064
4 2 0.322375 0.171195 0.122611 0.033609 0.350209
2 2 0.080989 0.237728 0.505316 0.021730 0.154238
0 2 0.391041 0.141642 0.226429 0.070072 0.170815
3 1 0.226264 0.076052 0.232412 0.347811 0.117461
0 0 0.557857 0.102704 0.110374 0.083968 0.145096
0 1 0.280822 0.197234 0.267381 0.143493 0.111070
4 1 0.161434 0.189526 0.293937 0.056174 0.298929
4 2 0.149889 0.190456 0.236731 0.029069 0.393855
4 2 0.074185 0.111045 0.295856 0.032165 0.486749
2 2 0.073844 0.151355 0.455490 0.062276 0.257036
2 2 0.099610 0.151977 0.474420 0.131343 0.142650
4 2 0.134667 0.230435 0.179021 0.005765 0.450111
2 2 0.186859 0.192448 0.339235 0.038688 0.242770
2 2 0.113323 0.091844 0.439160 0.209327 0.146346
0 2 0.307233 0.158320 0.195216 0.032538 0.306693
2 2 0.040441 0.099442 0.544087 0.246724 0.069305
2 2 0.146491 0.175358 0.405313 0.047987 0.224851
2 2 0.078986 0.101023 0.411515 0.151364 0.257112
4 2 0.161723 0.142740 0.268676 0.083882 0.342980
2 2 0.160880 0.229366 0.307596 0.019429 0.282729
2 2 0.066844 0.133781 0.534100 0.201916 0.063359
4 2 0.143956 0.137434 0.230734 0.113452 0.374425
4 2 0.243932 0.142929 0.141421 0.015605 0.456113
2 2 0.245101 0.211381 0.344990 0.070680 0.127847
3 2 0.093396 0.068285 0.351158 0.402859 0.084301
2 2 0.061358 0.076687 0.448982 0.282530 0.130443
2 2 0.202870 0.091951 0.330658 0.291404 0.083116
3 2 0.026014 0.014425 0.130697 0.812990 0.015874
3 2 0.090303 0.048916 0.249661 0.509203 0.101917
4 2 0.135893 0.099216 0.252318 0.078415 0.434158
0 2 0.379096 0.093640 0.187677 0.205008 0.134579
3 2 0.022595 0.023991 0.203102 0.730279 0.020034
3 2 0.043170 0.049385 0.340050 0.466087 0.101309
2 2 0.136285 0.153020 0.347749 0.137349 0.225597
3 2 0.041616 0.037784 0.293842 0.552508 0.074249
3 2 0.101502 0.058742 0.253654 0.530914 0.055188
4 2 0.222437 0.090869 0.210834 0.177654 0.298205
0 2 0.306086 0.090933 0.187314 0.224204 0.191463
2 2 0.194353 0.086128 0.294945 0.288438 0.136136
3 2 0.077833 0.038655 0.195157 0.614593 0.073762
4 3 0.197066 0.088835 0.164254 0.082999 0.466845
3 2 0.047003 0.032188 0.216364 0.666833 0.037611
0 2 0.254098 0.097424 0.239158 0.165059 0.244260
2 2 0.201136 0.093216 0.259114 0.248134 0.198400
3 2 0.190613 0.095433 0.274874 0.347320 0.091760
3 2 0.053960 0.055486 0.346002 0.492354 0.052197
2 3 0.217639 0.107069 0.295911 0.182491 0.196891
2 3 0.190091 0.146829 0.315163 0.070037 0.277880
0 2 0.282893 0.111985 0.279833 0.196747 0.128542
4 3 0.265007 0.174011 0.181821 0.024647 0.354513
3 3 0.032610 0.022871 0.206551 0.709630 0.028338
4 3 0.273275 0.099665 0.193749 0.117408 0.315903
3 3 0.232931 0.086200 0.210341 0.246360 0.224168
3 3 0.078956 0.065300 0.356175 0.371590 0.127979
3 3 0.082024 0.058807 0.298989 0.354752 0.205428
2 3 0.157426 0.100680 0.345512 0.275664 0.120718
4 3 0.181013 0.212404 0.222907 0.037526 0.346151
2 3 0.123680 0.162213 0.439386 0.124195 0.150525
4 3 0.261762 0.148412 0.260725 0.035230 0.293870
3 3 0.111688 0.061889 0.278642 0.441500 0.106282
2 3 0.237182 0.109044 0.310246 0.169639 0.173889
4 3 0.102514 0.052852 0.054962 0.010961 0.778712
0 3 0.376903 0.118136 0.154549 0.147699 0.202714
0 3 0.264798 0.163138 0.238351 0.114199 0.219515
2 3 0.091967 0.093726 0.397628 0.290143 0.126537
2 3 0.145958 0.103063 0.397841 0.251788 0.101352
4 3 0.299448 0.149419 0.139015 0.031329 0.380790
0 3 0.362979 0.140481 0.199782 0.045363 0.251395
3 3 0.143611 0.066007 0.255061 0.446166 0.089156
4 3 0.217348 0.166836 0.225929 0.049222 0.340665
2 3 0.116454 0.080916 0.379082 0.277662 0.145887
0 3 0.329044 0.090662 0.133160 0.167630 0.279504
2 3 0.237907 0.094866 0.305486 0.279333 0.082409
4 3 0.317359 0.106885 0.093040 0.026618 0.456098
2 3 0.085139 0.117848 0.503123 0.172183 0.121707
3 3 0.132173 0.067306 0.303666 0.406827 0.090028
2 3 0.180245 0.105747 0.350311 0.238207 0.125490
4 3 0.213313 0.197446 0.261516 0.057379 0.270346
2 3 0.127503 0.105292 0.386174 0.177161 0.203870
3 3 0.203168 0.098484 0.289664 0.309637 0.099048
3 3 0.108407 0.063983 0.341823 0.426608 0.059179
0 3 0.331705 0.126895 0.191777 0.088752 0.260871
2 3 0.155195 0.118405 0.291716 0.179352 0.255332
2 3 0.136129 0.093815 0.341340 0.148135 0.280582
4 3 0.388181 0.089980 0.068036 0.031809 0.421994
2 3 0.215446 0.119996 0.286681 0.218362 0.159515
2 3 0.175429 0.090188 0.338482 0.314407 0.081493
3 3 0.176923 0.096049 0.279677 0.291809 0.155542
2 3 0.121362 0.161742 0.467152 0.122470 0.127274
4 3 0.224982 0.149917 0.271833 0.047555 0.305713
2 3 0.218202 0.125672 0.291016 0.198507 0.166604
4 3 0.164574 0.191874 0.212198 0.046411 0.384942
2 3 0.155116 0.138473 0.380737 0.129933 0.195741
3 3 0.013296 0.012154 0.158584 0.794350 0.021616
3 3 0.061855 0.031447 0.176998 0.674476 0.055223
3 3 0.020349 0.013078 0.134324 0.815996 0.016253
3 3 0.048593 0.042992 0.313659 0.454735 0.140021
4 3 0.150308 0.105444 0.212378 0.135158 0.396712
3 3 0.009027 0.007360 0.106863 0.867303 0.009447
3 3 0.008091 0.007761 0.122245 0.849757 0.012146
3 3 0.112996 0.060331 0.282567 0.473070 0.071037
3 3 0.059819 0.035820 0.205611 0.615368 0.083381
3 3 0.052512 0.042472 0.300453 0.482897 0.121666
4 3 0.098001 0.098072 0.306595 0.126609 0.370723
3 3 0.035826 0.037790 0.284061 0.608124 0.034199
2 3 0.136220 0.133095 0.336522 0.187986 0.206175
3 3 0.018488 0.017180 0.198594 0.729628 0.036109
3 3 0.048016 0.028932 0.228006 0.675767 0.019278
0 2 0.286283 0.133163 0.274930 0.089877 0.215747
0 1 0.424636 0.091618 0.168588 0.201257 0.113901
0 1 0.453633 0.116980 0.206674 0.123051 0.099663
0 1 0.463249 0.087781 0.151350 0.204474 0.093145
4 1 0.211916 0.093233 0.096752 0.027456 0.570643
2 1 0.256205 0.221975 0.295586 0.073214 0.153020
0 1 0.271357 0.172058 0.247934 0.040819 0.267832
0 1 0.338762 0.224061 0.289020 0.051731 0.096426
2 1 0.252812 0.223324 0.333738 0.047935 0.142190
4 2 0.202637 0.168936 0.132051 0.004642 0.491734
0 2 0.452723 0.066905 0.021922 0.008694 0.449756
0 0 0.487149 0.168413 0.132274 0.061248 0.150915
2 1 0.051875 0.111982 0.541739 0.164954 0.129450
2 2 0.062996 0.091751 0.406531 0.166610 0.272112
4 1 0.151096 0.125076 0.146734 0.020832 0.556262
2 1 0.056656 0.099046 0.577462 0.125825 0.141012
0 1 0.329895 0.215379 0.153533 0.033690 0.267504
4 1 0.109391 0.167871 0.158279 0.006699 0.557760
4 2 0.115226 0.081295 0.103482 0.014892 0.685105
2 1 0.247020 0.233741 0.251525 0.020010 0.247703
4 1 0.158622 0.208275 0.236161 0.009687 0.387256
4 1 0.119635 0.198497 0.264644 0.010167 0.407057
2 2 0.224989 0.231809 0.313077 0.043493 0.186632
4 2 0.114276 0.108877 0.277935 0.044589 0.454322
2 2 0.067826 0.143855 0.604482 0.107550 0.076287
2 2 0.109456 0.077920 0.385891 0.293863 0.132869
0 1 0.472134 0.202738 0.115761 0.035482 0.173885
4 1 0.104846 0.164341 0.294014 0.056846 0.379953
4 2 0.120759 0.114412 0.182209 0.022803 0.559816
0 1 0.446754 0.216799 0.144097 0.029618 0.162733
2 1 0.219595 0.181561 0.391109 0.082043 0.125692
4 1 0.178236 0.164281 0.266396 0.051496 0.339590
2 1 0.149890 0.107689 0.338734 0.132345 0.271342
2 1 0.147128 0.150767 0.421973 0.156409 0.123723
0 1 0.281398 0.230682 0.237175 0.027078 0.223668
2 1 0.125905 0.184469 0.521940 0.111146 0.056538
2 1 0.153196 0.202966 0.373536 0.042366 0.227936
2 1 0.058742 0.114743 0.538225 0.194442 0.093848
4 1 0.190830 0.147866 0.230779 0.100001 0.330524
2 1 0.061561 0.160948 0.549172 0.108295 0.120024
3 0 0.163757 0.056918 0.208481 0.510907 0.059937
3 1 0.037517 0.035283 0.342037 0.558548 0.026614
2 1 0.149686 0.194302 0.408551 0.070449 0.177012
4 1 0.099242 0.188360 0.227127 0.010978 0.474293
2 1 0.039755 0.129981 0.576244 0.087098 0.166921
2 1 0.026285 0.051677 0.494049 0.348029 0.079961
2 1 0.116859 0.228406 0.379673 0.061910 0.213153
2 1 0.076771 0.065704 0.435325 0.360070 0.062130
0 1 0.373413 0.082649 0.165124 0.276771 0.102043
3 0 0.182165 0.069191 0.213957 0.487264 0.047422
4 1 0.052248 0.121247 0.345144 0.039845 0.441516
2 1 0.033731 0.137311 0.468312 0.046153 0.314492
2 1 0.061849 0.203034 0.436325 0.038261 0.260531
2 1 0.049136 0.168666 0.429543 0.017253 0.335402
2 1 0.140505 0.166165 0.362579 0.016488 0.314264
4 1 0.071613 0.174887 0.322149 0.044168 0.387182
4 1 0.277271 0.173666 0.129386 0.016564 0.403112
2 1 0.166017 0.245076 0.285466 0.022806 0.280634
4 1 0.092913 0.180838 0.348464 0.026733 0.351052
2 1 0.078607 0.165909 0.466558 0.055910 0.233017
2 1 0.102747 0.232006 0.382617 0.027443 0.255188
2 1 0.058530 0.110477 0.627140 0.102193 0.101659
4 1 0.283261 0.208945 0.175719 0.014059 0.318016
3 0 0.111156 0.061950 0.322717 0.444429 0.059747
3 0 0.063264 0.028209 0.173268 0.702578 0.032681
2 0 0.091869 0.203358 0.415008 0.043985 0.245781
2 1 0.086205 0.177669 0.564225 0.037573 0.134328
2 1 0.129322 0.171254 0.453262 0.144269 0.101893
2 1 0.050441 0.131237 0.579913 0.097810 0.140599
2 1 0.047134 0.133986 0.492737 0.095156 0.230988
2 1 0.136779 0.218343 0.459885 0.058522 0.126471
2 1 0.096846 0.188462 0.534959 0.073167 0.106566
2 1 0.133815 0.154393 0.324952 0.096255 0.290586
4 1 0.092846 0.120549 0.326665 0.130280 0.329659
2 1 0.076057 0.098375 0.346475 0.132751 0.346343
2 1 0.111312 0.102903 0.524908 0.174151 0.086726
0 0 0.463249 0.087781 0.151350 0.204474 0.093145
3 0 0.184261 0.049161 0.170559 0.552542 0.043477
2 1 0.038451 0.131525 0.589006 0.138693 0.102326
2 1 0.046228 0.204671 0.600943 0.028592 0.119566
0 0 0.376497 0.170080 0.314123 0.042114 0.097187
0 0 0.463249 0.087781 0.151350 0.204474 0.093145
0 0 0.580374 0.079904 0.029698 0.012722 0.297301
0 0 0.451964 0.092441 0.154850 0.182464 0.118281
0 0 0.427069 0.091400 0.167505 0.201514 0.112512
2 0 0.241962 0.149657 0.287625 0.250414 0.070341
3 0 0.032586 0.031041 0.288492 0.622279 0.025601
4 0 0.258481 0.118789 0.165407 0.062118 0.395204
2 0 0.093275 0.112200 0.505579 0.156861 0.132086
3 0 0.033971 0.070425 0.402679 0.438722 0.054203
2 0 0.136968 0.101970 0.381351 0.264368 0.115343
2 0 0.068975 0.085051 0.630014 0.189166 0.026795
0 0 0.392098 0.124091 0.201196 0.190909 0.091706
2 0 0.075476 0.186479 0.365765 0.012124 0.360156
4 0 0.123442 0.094618 0.229032 0.072925 0.479983
2 0 0.219213 0.192655 0.328374 0.151973 0.107785
2 0 0.064753 0.077806 0.474534 0.243869 0.139038
2 0 0.237834 0.135660 0.402345 0.112885 0.111276
3 0 0.129905 0.098667 0.320864 0.372456 0.078107
4 0 0.184236 0.081818 0.081574 0.032112 0.620260
2 0 0.128070 0.092819 0.446635 0.246265 0.086212
3 0 0.159475 0.085806 0.253172 0.348459 0.153088
4 0 0.281132 0.219910 0.105542 0.007091 0.386326
4 0 0.107650 0.166518 0.340354 0.026295 0.359183
2 0 0.062725 0.174854 0.421249 0.021943 0.319228
4 0 0.030115 0.166235 0.272537 0.003224 0.527888
4 0 0.074617 0.110154 0.184069 0.012794 0.618366
2 0 0.036298 0.052277 0.419001 0.370928 0.121496
2 0 0.117983 0.089409 0.441648 0.247855 0.103105
4 0 0.176747 0.117471 0.042760 0.004343 0.658678
0 0 0.290547 0.106528 0.289828 0.219164 0.093933
4 0 0.256774 0.078298 0.055603 0.017053 0.592272
4 0 0.208805 0.166784 0.231936 0.055822 0.336653
4 0 0.125465 0.049945 0.034839 0.006876 0.782875
3 0 0.147683 0.082664 0.324461 0.356105 0.089086
3 0 0.178639 0.048270 0.139156 0.572152 0.061783
0 0 0.365386 0.112311 0.193359 0.110389 0.218556
4 0 0.354748 0.104534 0.095396 0.036003 0.409319
3 0 0.204608 0.088416 0.238467 0.253328 0.215181
0 0 0.274637 0.153424 0.229188 0.233581 0.109169
2 0 0.055240 0.233648 0.468304 0.009863 0.232946
2 0 0.137828 0.131241 0.465836 0.081514 0.183581
0 0 0.474870 0.091807 0.096884 0.119234 0.217205
4 0 0.305582 0.095182 0.115563 0.054914 0.428759
2 0 0.063769 0.141837 0.517359 0.174137 0.102898
4 0 0.090381 0.187734 0.295245 0.015911 0.410729
4 0 0.120409 0.177033 0.334585 0.032831 0.335141
2 0 0.020909 0.063336 0.576887 0.230967 0.107900
2 0 0.061063 0.118844 0.482808 0.102925 0.234360
4 0 0.202644 0.127557 0.269270 0.065988 0.334541
0 0 0.303452 0.113699 0.281437 0.189534 0.111878
0 0 0.323340 0.101182 0.177849 0.293155 0.104474
0 0 0.547239 0.091800 0.108454 0.121690 0.130816
4 0 0.283326 0.176148 0.122262 0.032456 0.385808
3 0 0.095914 0.058692 0.263428 0.407416 0.174550
0 0 0.317900 0.161041 0.311307 0.062153 0.147599
0 0 0.366303 0.192744 0.233172 0.110083 0.097697
4 0 0.268265 0.133020 0.127601 0.017704 0.453409
2 0 0.081981 0.134016 0.613846 0.089859 0.080298
3 0 0.119424 0.094258 0.356621 0.356944 0.072753
4 0 0.210510 0.191930 0.211624 0.051209 0.334727
2 0 0.050943 0.080537 0.585873 0.198002 0.084644
2 0 0.067201 0.059562 0.331936 0.274149 0.267152
4 0 0.297829 0.101896 0.104704 0.040765 0.454805
4 0 0.098759 0.140406 0.295827 0.022616 0.442391
3 0 0.164011 0.070121 0.271837 0.417676 0.076355
3 0 0.087161 0.045035 0.250942 0.556872 0.059990
2 0 0.204286 0.133620 0.306121 0.155988 0.199985
3 0 0.095362 0.038473 0.194573 0.625114 0.046477
0 0 0.292249 0.095619 0.250215 0.247356 0.114561
3 0 0.302542 0.069286 0.175940 0.385766 0.066466
0 0 0.553178 0.091809 0.104925 0.115828 0.134259
0 0 0.301562 0.122462 0.162866 0.144310 0.268801
2 0 0.053838 0.092103 0.622481 0.139769 0.091810
2 0 0.145505 0.102416 0.433266 0.198108 0.120706
4 0 0.249016 0.151390 0.230009 0.029925 0.339660
4 0 0.170477 0.236750 0.223158 0.025836 0.343780
4 0 0.132848 0.112073 0.316266 0.078612 0.360200
0 0 0.358184 0.096247 0.197703 0.191470 0.156395
0 0 0.352891 0.133827 0.238504 0.075510 0.199268
2 0 0.171918 0.100038 0.279049 0.189795 0.259201
0 0 0.538461 0.091004 0.103284 0.124677 0.142574
0 0 0.503783 0.080940 0.040481 0.021310 0.353486
4 0 0.182518 0.179813 0.106768 0.011133 0.519769
2 0 0.035603 0.088170 0.603822 0.163017 0.109388
4 0 0.185219 0.248819 0.237838 0.016223 0.311901
2 0 0.187606 0.149065 0.414300 0.138706 0.110322
4 0 0.231437 0.139618 0.144607 0.019118 0.465219
2 0 0.048557 0.174730 0.422424 0.023404 0.330885
2 0 0.048791 0.158366 0.502704 0.034878 0.255262
2 0 0.087542 0.107037 0.490480 0.142935 0.172006
2 0 0.087415 0.106784 0.499077 0.185328 0.121396
2 0 0.082419 0.183610 0.612841 0.047086 0.074044
2 0 0.250117 0.212371 0.369377 0.083567 0.084567
2 1 0.033780 0.109357 0.634796 0.078286 0.143781
2 1 0.050513 0.192380 0.434708 0.018023 0.304376
2 0 0.070426 0.097728 0.506604 0.215308 0.109934
2 0 0.103482 0.139339 0.477732 0.142136 0.137310
2 0 0.041414 0.083230 0.446186 0.317013 0.112157
3 0 0.074363 0.080623 0.312850 0.369121 0.163043
2 0 0.105734 0.219373 0.499087 0.096297 0.079510
2 0 0.111437 0.122546 0.427810 0.075983 0.262224
2 0 0.183217 0.104970 0.409042 0.243098 0.059673
3 0 0.186909 0.049783 0.157990 0.553984 0.051335
2 0 0.191987 0.183103 0.405121 0.152816 0.066972
2 1 0.030314 0.136462 0.595302 0.039476 0.198447
2 1 0.028355 0.137218 0.604610 0.034921 0.194895
2 1 0.033357 0.161992 0.449558 0.011073 0.344020
2 1 0.039808 0.162373 0.564035 0.023164 0.210619
2 1 0.149705 0.186936 0.334108 0.022891 0.306361
2 0 0.068120 0.254903 0.555177 0.021906 0.099894
2 1 0.040471 0.103234 0.644216 0.146804 0.065275
2 0 0.070721 0.167387 0.459847 0.055262 0.246783
2 0 0.047718 0.071525 0.601330 0.214742 0.064685
4 0 0.226406 0.161863 0.247660 0.017158 0.346913
0 0 0.323687 0.095208 0.153903 0.165163 0.262038
2 0 0.202182 0.160023 0.286756 0.089589 0.261450
2 0 0.165593 0.123960 0.384841 0.108268 0.217338
4 0 0.140055 0.096605 0.291470 0.170169 0.301700
3 0 0.136522 0.056694 0.215191 0.506986 0.084607
3 0 0.234568 0.080326 0.236223 0.314635 0.134249
3 0 0.243447 0.084707 0.205461 0.342694 0.123691
4 0 0.185729 0.139233 0.243537 0.095731 0.335769
2 0 0.218541 0.125920 0.333962 0.109096 0.212481
4 0 0.230777 0.100038 0.081408 0.020403 0.567374
2 0 0.093679 0.146650 0.335153 0.130254 0.294263
0 0 0.368024 0.113881 0.142467 0.056677 0.318951
0 0 0.312994 0.240354 0.264408 0.089297 0.092949
2 0 0.027492 0.078220 0.654094 0.158638 0.081556
2 0 0.140626 0.104289 0.429906 0.171397 0.153782
0 0 0.532930 0.089783 0.041675 0.020937 0.314675
0 0 0.413023 0.092615 0.173746 0.199934 0.120683
3 0 0.092923 0.041911 0.184554 0.654393 0.026219
3 0 0.068825 0.037333 0.194898 0.616797 0.082147
0 0 0.540082 0.092690 0.057989 0.044582 0.264658
0 0 0.520068 0.095721 0.109245 0.103872 0.171094
3 0 0.310883 0.070615 0.159436 0.377648 0.081419
0 0 0.341508 0.114545 0.154691 0.081973 0.307284
4 0 0.193378 0.102271 0.182943 0.075314 0.446093
0 0 0.350709 0.103624 0.213426 0.172675 0.159566
4 0 0.103680 0.158577 0.285077 0.018785 0.433881
0 0 0.343032 0.147756 0.188718 0.043426 0.277068
0 0 0.312819 0.111869 0.217817 0.148280 0.209215
0 0 0.392818 0.110561 0.134393 0.087360 0.274868
2 0 0.175102 0.149892 0.546333 0.071129 0.057544
3 0 0.079203 0.040009 0.242765 0.614474 0.023549
2 0 0.117085 0.162353 0.411018 0.040671 0.268873
2 0 0.179161 0.103666 0.289648 0.189723 0.237801
2 0 0.068481 0.068005 0.477045 0.316891 0.069577
3 0 0.069444 0.025844 0.150150 0.735704 0.018858
0 0 0.276177 0.241307 0.195737 0.014824 0.271955
0 0 0.274166 0.099336 0.218849 0.147744 0.259906
4 0 0.114633 0.166894 0.242765 0.054264 0.421443
4 0 0.136467 0.192930 0.196619 0.006418 0.467566
2 0 0.057861 0.172856 0.495706 0.036799 0.236778
2 0 0.115254 0.150211 0.492284 0.115155 0.127095
2 0 0.113198 0.196026 0.409065 0.064330 0.217380
2 0 0.071303 0.104189 0.424993 0.260060 0.139455
2 0 0.075214 0.142078 0.511861 0.165807 0.105039
2 0 0.113089 0.174053 0.438244 0.094150 0.180464
4 0 0.200370 0.098396 0.074603 0.019098 0.607533
3 0 0.036322 0.019404 0.154039 0.767027 0.023208
2 0 0.089373 0.070539 0.403241 0.364185 0.072662
2 0 0.060874 0.089165 0.435039 0.278646 0.136276
4 0 0.242865 0.143943 0.129776 0.014913 0.468503
2 0 0.256920 0.097676 0.272448 0.228476 0.144480
3 0 0.229838 0.088305 0.240897 0.353610 0.087350
2 0 0.155731 0.110063 0.363509 0.166273 0.204424
2 0 0.171423 0.287273 0.322207 0.051512 0.167585
2 0 0.021701 0.141456 0.630074 0.036095 0.170674
2 0 0.116714 0.093676 0.380289 0.202740 0.206580
