0 0 0.832568 0.035105 0.029967 0.078978 0.023382
0 0 0.440437 0.068300 0.119929 0.306072 0.065261
4 0 0.283394 0.154816 0.138048 0.018459 0.405284
2 0 0.187616 0.152782 0.287811 0.102308 0.269483
3 0 0.113226 0.045414 0.165162 0.601275 0.074923
0 0 0.399295 0.108030 0.145887 0.134404 0.212383
4 0 0.156430 0.130029 0.225741 0.082577 0.405223
2 0 0.251038 0.146386 0.309714 0.159812 0.133050
2 0 0.218752 0.179266 0.281809 0.063954 0.256218
3 0 0.090352 0.050555 0.200768 0.576704 0.081622
2 0 0.105334 0.108517 0.416077 0.276455 0.093617
4 0 0.227314 0.238792 0.250479 0.015475 0.267941
3 0 0.175434 0.074858 0.214899 0.465259 0.069550
0 0 0.466178 0.189923 0.176824 0.033272 0.133803
2 1 0.227601 0.182166 0.363627 0.107474 0.119132
2 2 0.026838 0.076970 0.597167 0.254250 0.044774
2 2 0.063818 0.150398 0.578309 0.074727 0.132749
3 2 0.011664 0.037415 0.458369 0.473278 0.019274
2 2 0.040013 0.122052 0.597184 0.107871 0.132880
2 2 0.041814 0.108855 0.603062 0.157585 0.088683
2 2 0.030867 0.100670 0.611106 0.154903 0.102454
2 2 0.040108 0.118836 0.505180 0.094453 0.241423
2 2 0.025434 0.114015 0.686185 0.071380 0.102987
2 2 0.025344 0.097403 0.680835 0.119334 0.077085
2 2 0.022437 0.099247 0.622757 0.108947 0.146611
2 2 0.039441 0.142234 0.622310 0.072200 0.123815
2 2 0.014755 0.046706 0.524305 0.385694 0.028540
2 2 0.030229 0.097394 0.623135 0.168610 0.080632
2 2 0.025063 0.074796 0.600651 0.253908 0.045582
2 2 0.041820 0.074596 0.427792 0.372886 0.082906
2 1 0.075446 0.154086 0.569638 0.088750 0.112080
2 0 0.126830 0.203881 0.485686 0.036090 0.147514
3 0 0.214710 0.086050 0.217293 0.398905 0.083042
4 0 0.164347 0.091746 0.178062 0.154865 0.410981
2 0 0.029106 0.064833 0.513582 0.360332 0.032146
2 1 0.043091 0.115974 0.580447 0.139458 0.121028
2 2 0.021558 0.078944 0.628133 0.198080 0.073285
2 2 0.015046 0.063243 0.639268 0.232959 0.049484
2 4 0.021881 0.070920 0.567438 0.287273 0.052487
4 4 0.064513 0.122158 0.336978 0.052297 0.424055
2 4 0.035298 0.144584 0.540704 0.030274 0.249141
2 4 0.029881 0.139026 0.593115 0.034249 0.203729
2 4 0.036871 0.154204 0.567877 0.030526 0.210522
2 4 0.056139 0.177385 0.491826 0.024171 0.250480
2 4 0.047941 0.163851 0.487715 0.026349 0.274144
2 4 0.067576 0.162018 0.449416 0.046099 0.274890
2 4 0.051527 0.190496 0.426203 0.009064 0.322709
2 4 0.025595 0.111562 0.663574 0.073506 0.125763
2 4 0.028997 0.104226 0.665642 0.108110 0.093025
2 4 0.088348 0.156886 0.438480 0.066317 0.249970
0 4 0.354739 0.117866 0.190687 0.192317 0.144392
4 4 0.198590 0.146131 0.118592 0.011016 0.525671
4 4 0.174790 0.149443 0.212754 0.057382 0.405631
2 4 0.090659 0.118590 0.407544 0.175866 0.207341
4 4 0.186272 0.173407 0.245723 0.033313 0.361285
4 4 0.139924 0.185549 0.274455 0.022293 0.377780
2 4 0.079567 0.149223 0.448389 0.066713 0.256107
4 4 0.206323 0.109530 0.209853 0.183233 0.291061
2 4 0.069086 0.092865 0.448508 0.315972 0.073570
2 4 0.125617 0.199146 0.440735 0.052905 0.181597
4 4 0.140675 0.132801 0.228614 0.055262 0.442648
4 4 0.195109 0.212777 0.189274 0.010310 0.392529
4 4 0.272681 0.162282 0.184069 0.043642 0.337326
2 4 0.102035 0.238464 0.522225 0.017082 0.120194
2 4 0.028887 0.120203 0.739480 0.062382 0.049048
4 4 0.144876 0.172530 0.265755 0.026719 0.390119
4 4 0.317790 0.094898 0.111396 0.074568 0.401348
4 4 0.203928 0.179993 0.209687 0.032440 0.373951
3 4 0.100463 0.070226 0.253194 0.458576 0.117541
4 4 0.197517 0.170773 0.150479 0.013160 0.468072
0 4 0.313382 0.097756 0.193935 0.298859 0.096068
0 4 0.285863 0.163326 0.252587 0.115156 0.183067
0 4 0.499768 0.097113 0.130488 0.163605 0.109026
0 4 0.368944 0.107864 0.173949 0.194726 0.154517
2 4 0.220893 0.192632 0.316913 0.047547 0.222015
2 4 0.040595 0.120281 0.663245 0.108313 0.067567
2 4 0.222064 0.115926 0.233239 0.222108 0.206663
2 4 0.212624 0.176044 0.299534 0.108229 0.203569
0 4 0.302490 0.203144 0.193640 0.024354 0.276372
2 4 0.111077 0.221715 0.507204 0.030645 0.129359
2 4 0.051116 0.127483 0.594242 0.108536 0.118623
2 4 0.089826 0.182458 0.531199 0.070067 0.126450
2 4 0.031028 0.080259 0.545348 0.281401 0.061965
2 4 0.077049 0.175021 0.393721 0.028104 0.326105
2 4 0.122034 0.127470 0.326288 0.136787 0.287420
2 4 0.139591 0.186662 0.468945 0.087292 0.117511
2 4 0.028831 0.081979 0.579614 0.218650 0.090925
2 2 0.038824 0.156202 0.714143 0.021205 0.069626
2 2 0.089759 0.151743 0.454385 0.091703 0.212409
2 2 0.056626 0.090039 0.429895 0.333950 0.089490
2 2 0.078924 0.173595 0.507322 0.059574 0.180585
2 2 0.107732 0.150307 0.458716 0.114932 0.168314
3 2 0.018912 0.043551 0.399618 0.509576 0.028343
2 2 0.114410 0.178334 0.408575 0.049926 0.248755
3 2 0.017987 0.031200 0.295952 0.635357 0.019505
2 2 0.045802 0.084152 0.516838 0.280924 0.072284
3 2 0.067634 0.087292 0.371420 0.384970 0.088684
3 2 0.069526 0.053790 0.274803 0.564570 0.037311
3 2 0.016794 0.014640 0.120877 0.835888 0.011802
2 2 0.169695 0.129891 0.381144 0.228631 0.090638
4 2 0.095993 0.177803 0.287706 0.012482 0.426017
2 2 0.091526 0.130877 0.477817 0.188189 0.111591
2 2 0.075117 0.148553 0.377478 0.051785 0.347067
2 2 0.105490 0.156121 0.357355 0.051191 0.329843
4 2 0.087016 0.174404 0.320440 0.017795 0.400345
2 3 0.058136 0.095671 0.408107 0.267762 0.170324
4 3 0.108327 0.128179 0.258066 0.069919 0.435510
2 3 0.122841 0.148914 0.327284 0.077121 0.323840
4 3 0.200036 0.128675 0.242779 0.129295 0.299215
2 3 0.071850 0.103466 0.442471 0.296560 0.085652
2 3 0.079891 0.166889 0.523467 0.056228 0.173525
2 3 0.029223 0.066958 0.493774 0.347739 0.062306
4 3 0.080797 0.134670 0.328726 0.056620 0.399187
2 3 0.105807 0.210819 0.515137 0.033050 0.135187
2 3 0.110891 0.139718 0.371469 0.130500 0.247423
2 3 0.083406 0.113056 0.410923 0.257914 0.134700
2 3 0.107554 0.148730 0.461502 0.133128 0.149086
2 3 0.104240 0.156619 0.369439 0.048561 0.321141
0 3 0.301529 0.146757 0.246254 0.150200 0.155260
0 3 0.276784 0.123562 0.200351 0.152775 0.246527
2 3 0.153979 0.215865 0.427839 0.051053 0.151264
2 3 0.241723 0.208395 0.318122 0.056503 0.175256
2 3 0.151107 0.190260 0.415613 0.090618 0.152402
2 3 0.189460 0.204176 0.333349 0.041627 0.231387
2 3 0.233959 0.187426 0.346775 0.080021 0.151819
4 3 0.256090 0.155726 0.204681 0.066283 0.317219
4 3 0.298525 0.141042 0.135329 0.028572 0.396533
3 3 0.205220 0.098346 0.231172 0.296628 0.168634
3 3 0.109310 0.085275 0.291732 0.425438 0.088245
2 3 0.220319 0.134626 0.260001 0.171833 0.213221
2 3 0.173571 0.129342 0.338351 0.231991 0.126746
2 3 0.108029 0.147012 0.460787 0.151132 0.133040
4 3 0.217012 0.125512 0.203977 0.120956 0.332543
0 3 0.308022 0.189024 0.192859 0.031525 0.278571
3 3 0.086304 0.067099 0.303190 0.494059 0.049348
3 3 0.186803 0.108792 0.272806 0.319925 0.111675
2 3 0.198315 0.145415 0.275517 0.118521 0.262232
3 3 0.047602 0.042142 0.219280 0.651809 0.039167
2 3 0.236326 0.145089 0.245814 0.132657 0.240114
2 3 0.204037 0.142752 0.329831 0.200619 0.122761
2 3 0.101360 0.100079 0.372501 0.336883 0.089177
2 3 0.253334 0.199449 0.256489 0.036343 0.254386
2 3 0.215816 0.126001 0.284086 0.254407 0.119691
2 3 0.102548 0.110957 0.381258 0.269430 0.135807
2 3 0.154138 0.118080 0.348376 0.234461 0.144945
2 3 0.068051 0.117797 0.484843 0.195672 0.133636
0 3 0.338019 0.179965 0.211656 0.048752 0.221608
4 3 0.162839 0.193382 0.208893 0.013472 0.421414
2 3 0.118664 0.115197 0.437836 0.250982 0.077321
2 3 0.093576 0.144214 0.556389 0.139873 0.065949
2 3 0.120105 0.148839 0.343577 0.100720 0.286759
4 3 0.159544 0.140504 0.245238 0.074026 0.380687
2 3 0.121628 0.136809 0.453872 0.192854 0.094837
4 3 0.073660 0.164153 0.350787 0.019334 0.392067
2 3 0.122803 0.214894 0.438301 0.030385 0.193616
2 3 0.127736 0.195852 0.434899 0.069015 0.172499
2 3 0.116114 0.235598 0.365199 0.011763 0.271326
2 3 0.061576 0.115592 0.511296 0.208076 0.103461
3 3 0.008162 0.010219 0.121839 0.852864 0.006915
2 3 0.098898 0.160946 0.504415 0.112341 0.123401
2 3 0.049725 0.100453 0.472520 0.179581 0.197720
2 3 0.121237 0.163779 0.382622 0.063136 0.269226
3 3 0.046605 0.069351 0.350063 0.407322 0.126659
2 3 0.179741 0.150018 0.285479 0.113331 0.271430
2 3 0.085653 0.136726 0.492091 0.168709 0.116821
2 3 0.135230 0.179117 0.334096 0.045440 0.306116
2 3 0.100494 0.175854 0.477808 0.082007 0.163837
2 3 0.042004 0.101527 0.549867 0.191656 0.114945
2 3 0.033333 0.089490 0.572225 0.247605 0.057347
2 3 0.032903 0.072069 0.495292 0.347396 0.052341
2 3 0.060198 0.106713 0.465401 0.239245 0.128443
2 3 0.047464 0.143827 0.624134 0.083580 0.100994
2 3 0.076875 0.156415 0.379478 0.036734 0.350498
2 3 0.054574 0.140523 0.593937 0.119079 0.091888
3 3 0.022533 0.044952 0.402440 0.489529 0.040547
2 3 0.080282 0.103594 0.474968 0.271775 0.069382
4 3 0.149480 0.181316 0.180219 0.007274 0.481710
2 3 0.035719 0.073402 0.503627 0.327602 0.059649
2 3 0.107244 0.162102 0.412869 0.090164 0.227621
2 3 0.096287 0.171718 0.495255 0.066017 0.170723
2 3 0.075936 0.192159 0.554402 0.044778 0.132725
4 3 0.222157 0.179160 0.175886 0.012912 0.409884
2 3 0.089297 0.192017 0.469778 0.036394 0.212513
2 3 0.114365 0.146311 0.470791 0.155040 0.113493
2 3 0.051868 0.087326 0.466691 0.293424 0.100691
2 3 0.103927 0.108248 0.341366 0.210231 0.236227
2 3 0.097751 0.228229 0.524103 0.025091 0.124826
2 3 0.094828 0.099936 0.351276 0.268086 0.185875
2 3 0.036635 0.084329 0.576777 0.263798 0.038461
2 3 0.042649 0.105493 0.528787 0.157921 0.165150
0 3 0.360937 0.121975 0.208228 0.187865 0.120996
0 2 0.322549 0.120853 0.209498 0.210470 0.136631
0 1 0.497087 0.112884 0.147435 0.137633 0.104961
2 2 0.190228 0.137644 0.322924 0.188318 0.160887
2 2 0.053755 0.131108 0.626250 0.108421 0.080466
2 2 0.171534 0.140468 0.302285 0.148411 0.237302
0 0 0.360818 0.196428 0.173754 0.022571 0.246428
0 0 0.430913 0.107629 0.156989 0.176371 0.128099
0 0 0.468616 0.078882 0.069658 0.050559 0.332285
4 0 0.325876 0.119358 0.038507 0.001032 0.515227
2 1 0.035036 0.110754 0.551004 0.112840 0.190365
2 2 0.027597 0.088382 0.624144 0.175292 0.084584
2 2 0.031871 0.099231 0.612002 0.179900 0.076997
2 2 0.042868 0.091314 0.511643 0.272518 0.081657
0 2 0.281520 0.137291 0.230492 0.140052 0.210644
2 2 0.065166 0.182977 0.580116 0.058157 0.113583
2 2 0.019357 0.112248 0.723847 0.056428 0.088120
2 2 0.032874 0.131502 0.528601 0.039086 0.267937
2 2 0.051848 0.154033 0.492279 0.042599 0.259240
2 2 0.034757 0.155943 0.592318 0.027487 0.189495
2 2 0.035173 0.140903 0.565328 0.047207 0.211388
2 2 0.041619 0.157933 0.565943 0.036008 0.198497
2 2 0.027746 0.125765 0.621853 0.049784 0.174852
2 2 0.043853 0.157751 0.549893 0.034433 0.214070
2 2 0.030949 0.134883 0.645585 0.050305 0.138278
2 2 0.025363 0.123326 0.686593 0.056890 0.107828
2 2 0.030974 0.136417 0.650804 0.048682 0.133124
2 2 0.022346 0.121508 0.727892 0.048872 0.079383
2 2 0.039106 0.145696 0.541130 0.042592 0.231475
2 4 0.047807 0.141943 0.602353 0.070804 0.137094
2 4 0.124881 0.092482 0.363422 0.349384 0.069831
2 4 0.092482 0.203719 0.416555 0.017037 0.270206
2 4 0.062092 0.089490 0.391473 0.288456 0.168490
0 0 0.525344 0.091355 0.123466 0.174076 0.085759
0 0 0.735947 0.053981 0.055143 0.113814 0.041114
2 0 0.243827 0.171594 0.440370 0.068617 0.075591
0 0 0.399211 0.094572 0.162080 0.254711 0.089426
0 0 0.666671 0.066870 0.075607 0.135910 0.054942
3 0 0.075646 0.003566 0.017285 0.902448 0.001056
0 0 0.577264 0.082663 0.104899 0.161141 0.074033
0 0 0.434036 0.139219 0.119157 0.031347 0.276241
3 0 0.114332 0.088038 0.276945 0.391474 0.129212
4 0 0.264479 0.131996 0.146402 0.035886 0.421236
0 0 0.321926 0.234392 0.204085 0.009734 0.229862
2 0 0.119028 0.223327 0.477749 0.034187 0.145709
2 1 0.027913 0.110021 0.633757 0.107490 0.120820
2 1 0.036840 0.125099 0.670672 0.101867 0.065522
2 2 0.048141 0.169969 0.661176 0.032451 0.088262
2 2 0.051564 0.161176 0.550579 0.043144 0.193537
2 2 0.033211 0.122299 0.646764 0.087143 0.110582
2 2 0.016153 0.077648 0.665488 0.177691 0.063020
2 2 0.020992 0.083584 0.664856 0.165218 0.065351
2 2 0.034328 0.143763 0.656484 0.046322 0.119103
2 2 0.028133 0.110516 0.642260 0.100868 0.118223
2 2 0.035341 0.129424 0.638941 0.077725 0.118569
2 2 0.110831 0.196382 0.508745 0.048092 0.135950
2 2 0.120275 0.156103 0.490378 0.113129 0.120115
2 2 0.086810 0.181550 0.432333 0.036977 0.262330
2 2 0.026261 0.120998 0.642445 0.060603 0.149692
2 2 0.032279 0.122227 0.605780 0.077357 0.162357
2 2 0.075916 0.149114 0.471142 0.092767 0.211061
2 2 0.108883 0.149746 0.419236 0.126601 0.195534
4 2 0.246157 0.205481 0.131528 0.005389 0.411445
2 2 0.057549 0.134122 0.561752 0.114690 0.131887
4 2 0.117069 0.118933 0.272459 0.098192 0.393347
2 2 0.063727 0.152405 0.521919 0.068454 0.193494
2 2 0.175243 0.159562 0.401810 0.140047 0.123338
2 2 0.138376 0.142206 0.389175 0.184660 0.145584
0 2 0.357502 0.188815 0.223848 0.058314 0.171520
0 0 0.716993 0.057562 0.060549 0.120085 0.044811
4 0 0.174078 0.164599 0.105329 0.004073 0.551920
4 1 0.193963 0.195382 0.233886 0.024264 0.352505
2 2 0.106673 0.173602 0.504422 0.089729 0.125573
2 2 0.150508 0.189981 0.344417 0.047277 0.267817
2 2 0.083705 0.124666 0.524975 0.183365 0.083290
4 2 0.133953 0.109156 0.221338 0.131034 0.404520
2 2 0.133563 0.176282 0.339791 0.039841 0.310523
2 2 0.107284 0.198083 0.375255 0.030036 0.289342
2 2 0.027742 0.106124 0.697766 0.113309 0.055059
2 2 0.058625 0.124746 0.516892 0.130490 0.169247
2 2 0.059613 0.127134 0.526329 0.140156 0.146769
2 2 0.085123 0.158780 0.495172 0.070867 0.190058
3 2 0.040249 0.063072 0.381387 0.448165 0.067127
2 2 0.033667 0.113928 0.677493 0.111793 0.063118
4 2 0.277584 0.127548 0.186017 0.084912 0.323939
4 2 0.179042 0.177636 0.176182 0.010011 0.457129
2 2 0.052081 0.087581 0.484713 0.306931 0.068694
2 2 0.135415 0.130355 0.376049 0.185722 0.172459
3 2 0.193406 0.091016 0.229294 0.334697 0.151587
3 2 0.117394 0.077020 0.257060 0.469546 0.078980
4 2 0.215988 0.165884 0.198703 0.026205 0.393220
0 2 0.329760 0.113282 0.198076 0.221930 0.136952
0 2 0.364928 0.241820 0.185749 0.013024 0.194480
4 2 0.244163 0.150694 0.159581 0.032491 0.413070
4 2 0.163881 0.143101 0.211630 0.058226 0.423164
2 2 0.057393 0.115329 0.566326 0.159037 0.101914
2 2 0.082942 0.130235 0.500361 0.161906 0.124556
2 2 0.136425 0.263155 0.379970 0.010591 0.209859
2 2 0.202767 0.215388 0.365234 0.052678 0.163933
2 2 0.194960 0.130832 0.268270 0.193837 0.212102
2 2 0.143957 0.225981 0.491947 0.021375 0.116740
2 2 0.109007 0.124449 0.392522 0.243658 0.130364
2 2 0.127702 0.167528 0.370469 0.066340 0.267961
2 2 0.102341 0.104126 0.377787 0.273029 0.142718
2 2 0.218591 0.209161 0.281020 0.032843 0.258385
2 2 0.046564 0.119049 0.605129 0.159126 0.070133
4 2 0.185314 0.148388 0.169237 0.028166 0.468895
3 2 0.046520 0.046332 0.282786 0.592452 0.031909
3 2 0.044317 0.053399 0.296663 0.551779 0.053843
2 2 0.117369 0.103013 0.340261 0.325064 0.114293
2 2 0.053402 0.147466 0.624817 0.067882 0.106433
2 2 0.021908 0.071518 0.613325 0.253785 0.039465
2 2 0.012853 0.054203 0.666427 0.245128 0.021389
3 3 0.094344 0.067485 0.256513 0.490223 0.091435
2 2 0.071623 0.122881 0.483245 0.176412 0.145839
2 2 0.075985 0.081981 0.480919 0.325423 0.035691
3 2 0.147013 0.068810 0.216761 0.504031 0.063385
2 2 0.212302 0.130194 0.269103 0.223871 0.164530
4 1 0.175598 0.163713 0.206853 0.028206 0.425630
2 2 0.117413 0.193403 0.349253 0.028842 0.311089
2 2 0.062895 0.149680 0.499468 0.060733 0.227225
2 2 0.045455 0.100598 0.514836 0.223000 0.116110
2 2 0.175100 0.151341 0.382476 0.155070 0.136013
0 0 0.703271 0.061041 0.051557 0.066220 0.117911
0 0 0.837524 0.027112 0.024630 0.094987 0.015748
0 0 0.519703 0.127015 0.145313 0.082065 0.125904
0 0 0.446022 0.152136 0.112664 0.019210 0.269968
2 0 0.177410 0.147272 0.360072 0.208680 0.106567
3 2 0.008804 0.031395 0.418852 0.523104 0.017845
3 2 0.027591 0.047465 0.395229 0.502738 0.026976
2 2 0.024783 0.065487 0.575947 0.303272 0.030511
2 2 0.043585 0.122968 0.634168 0.128820 0.070459
2 1 0.036730 0.137176 0.569529 0.045885 0.210680
2 1 0.033747 0.110765 0.613679 0.119678 0.122131
4 1 0.092540 0.160554 0.281106 0.026639 0.439162
2 1 0.035897 0.114768 0.658810 0.106490 0.084035
4 1 0.107254 0.122454 0.285224 0.139137 0.345931
4 1 0.181909 0.142197 0.125159 0.013148 0.537588
0 0 0.314362 0.135987 0.206648 0.135420 0.207582
4 0 0.172490 0.158116 0.176945 0.025430 0.467019
2 0 0.042465 0.148560 0.592665 0.041135 0.175175
2 1 0.153833 0.105922 0.261085 0.237382 0.241778
2 4 0.121023 0.166543 0.344551 0.081490 0.286394
2 4 0.053116 0.164431 0.584581 0.040037 0.157836
2 4 0.061530 0.109581 0.477331 0.219454 0.132103
2 4 0.044486 0.112100 0.590910 0.163375 0.089129
2 4 0.105410 0.170064 0.394199 0.065335 0.264993
4 4 0.099202 0.226559 0.314961 0.006027 0.353252
2 4 0.062224 0.168553 0.554920 0.060046 0.154257
2 4 0.146802 0.155557 0.460252 0.140354 0.097036
2 4 0.065713 0.143267 0.432813 0.073517 0.284689
2 4 0.250522 0.191165 0.286819 0.071994 0.199500
4 4 0.137638 0.143258 0.122764 0.007978 0.588362
4 4 0.096239 0.146694 0.244194 0.020583 0.492290
2 4 0.102700 0.175124 0.493134 0.072585 0.156457
2 4 0.097397 0.265731 0.391402 0.004931 0.240538
2 4 0.063623 0.222183 0.578526 0.012608 0.123060
2 4 0.035662 0.131299 0.684625 0.070149 0.078266
2 4 0.035829 0.171891 0.676046 0.018134 0.098101
4 4 0.080160 0.161057 0.298780 0.014473 0.445530
4 4 0.122299 0.186341 0.224609 0.008791 0.457961
4 4 0.136784 0.228009 0.193536 0.003148 0.438523
4 4 0.339951 0.118213 0.082016 0.013537 0.446283
2 4 0.232087 0.115642 0.234120 0.204840 0.213311
2 4 0.159645 0.132235 0.378355 0.223549 0.106215
4 4 0.110251 0.097109 0.076186 0.005987 0.710467
3 4 0.192378 0.079515 0.217794 0.425855 0.084458
0 4 0.284442 0.140836 0.208233 0.111826 0.254663
0 4 0.305915 0.198414 0.257093 0.061551 0.177028
2 4 0.078505 0.123163 0.498195 0.195024 0.105114
2 2 0.103059 0.190262 0.432219 0.045600 0.228860
2 2 0.072082 0.140814 0.544539 0.143457 0.099108
2 2 0.117541 0.173801 0.466519 0.104749 0.137389
2 2 0.052654 0.110188 0.516340 0.179829 0.140988
2 2 0.075709 0.143589 0.450759 0.106299 0.223645
2 2 0.081954 0.192444 0.514920 0.043023 0.167659
2 2 0.038348 0.112803 0.616415 0.147207 0.085226
3 2 0.045946 0.069018 0.387254 0.425673 0.072109
2 2 0.076109 0.124650 0.476587 0.193633 0.129021
2 2 0.174875 0.128334 0.286710 0.192646 0.217435
2 2 0.147173 0.251880 0.329297 0.010415 0.261235
2 2 0.070153 0.181988 0.504928 0.024020 0.218910
2 2 0.112084 0.156085 0.372298 0.071006 0.288526
2 2 0.035226 0.084863 0.548442 0.269079 0.062390
2 2 0.084982 0.150700 0.450256 0.091369 0.222692
2 2 0.127791 0.199751 0.398935 0.042279 0.231245
2 2 0.104103 0.174440 0.414182 0.043308 0.263967
2 2 0.072372 0.136104 0.547850 0.130963 0.112711
2 2 0.050839 0.145289 0.622585 0.073228 0.108059
2 2 0.037450 0.088186 0.537002 0.258930 0.078431
2 2 0.062263 0.078879 0.407902 0.399863 0.051093
3 2 0.069263 0.072879 0.321861 0.476926 0.059070
3 2 0.054730 0.057244 0.288451 0.547414 0.052161
2 2 0.045574 0.104451 0.566675 0.187221 0.096079
3 2 0.084916 0.071781 0.247256 0.386321 0.209726
0 2 0.906320 0.019981 0.013822 0.048502 0.011374
0 2 0.535938 0.090119 0.098687 0.101926 0.173330
0 2 0.321167 0.087348 0.166400 0.281644 0.143441
3 2 0.051351 0.025145 0.134639 0.770703 0.018162
2 2 0.043557 0.103047 0.564506 0.217767 0.071123
2 2 0.053746 0.092099 0.443928 0.287490 0.122737
2 2 0.076942 0.123783 0.569983 0.174299 0.054994
2 2 0.121683 0.260947 0.429156 0.011636 0.176578
2 2 0.090561 0.143886 0.479539 0.164041 0.121971
2 2 0.073005 0.095823 0.368498 0.281117 0.181558
2 2 0.128310 0.185008 0.425557 0.048997 0.212129
2 2 0.042220 0.074563 0.462565 0.350821 0.069831
4 2 0.146932 0.145208 0.305549 0.092820 0.309491
2 2 0.153445 0.136665 0.397953 0.214401 0.097536
2 2 0.139017 0.162316 0.377597 0.124449 0.196622
2 2 0.126788 0.231945 0.321310 0.009798 0.310159
2 2 0.172059 0.245717 0.332919 0.015237 0.234068
2 2 0.069549 0.133604 0.451580 0.104677 0.240590
2 2 0.096941 0.162220 0.408252 0.051094 0.281492
4 2 0.137673 0.197640 0.280709 0.016887 0.367091
2 2 0.091727 0.125352 0.409119 0.159315 0.214488
2 2 0.122134 0.121781 0.345421 0.253839 0.156825
2 2 0.147757 0.253270 0.374536 0.014277 0.210160
4 2 0.170712 0.164201 0.192861 0.026399 0.445827
2 2 0.157468 0.255015 0.350915 0.013672 0.222930
2 2 0.041000 0.126369 0.681078 0.086413 0.065140
2 2 0.118661 0.206359 0.374370 0.026630 0.273980
4 2 0.205101 0.164531 0.188982 0.027156 0.414231
2 2 0.057165 0.120582 0.453396 0.105617 0.263240
2 2 0.125255 0.171298 0.501893 0.080562 0.120992
4 2 0.241419 0.184921 0.251123 0.044894 0.277644
2 2 0.135326 0.226718 0.360899 0.017672 0.259385
2 2 0.072617 0.160514 0.542906 0.067843 0.156119
4 2 0.119460 0.137912 0.276111 0.064890 0.401627
3 2 0.075715 0.078320 0.347069 0.431734 0.067163
2 2 0.137848 0.229314 0.341493 0.015130 0.276214
2 2 0.052880 0.108598 0.551969 0.208491 0.078061
2 2 0.116177 0.152061 0.456595 0.153095 0.122071
3 2 0.095141 0.057591 0.218401 0.553060 0.075807
0 2 0.272934 0.168860 0.269240 0.114677 0.174288
2 3 0.067468 0.130299 0.561559 0.154329 0.086344
4 3 0.281057 0.190672 0.191179 0.019500 0.317593
3 3 0.125479 0.094501 0.295190 0.383432 0.101399
4 3 0.175322 0.096944 0.162125 0.109053 0.456555
2 3 0.190659 0.186139 0.315144 0.061070 0.246988
4 3 0.229188 0.188962 0.263701 0.051471 0.266678
4 3 0.174261 0.140882 0.242497 0.091797 0.350563
2 3 0.115725 0.112914 0.456513 0.249592 0.065256
3 3 0.041768 0.059821 0.387445 0.464619 0.046347
2 3 0.160416 0.175742 0.349738 0.060455 0.253650
3 3 0.012783 0.012035 0.110760 0.855765 0.008657
0 3 0.293058 0.133044 0.230434 0.184088 0.159376
4 3 0.258477 0.110709 0.148601 0.086433 0.395780
3 3 0.176786 0.076957 0.233304 0.449530 0.063424
2 3 0.194921 0.178026 0.294364 0.087640 0.245050
2 3 0.038679 0.094165 0.590790 0.218403 0.057963
2 3 0.142936 0.165685 0.422797 0.144241 0.124341
2 3 0.250629 0.197220 0.289730 0.069514 0.192907
2 3 0.112402 0.122720 0.431004 0.228039 0.105834
0 3 0.286286 0.124017 0.192770 0.140740 0.256188
3 3 0.102054 0.092437 0.364109 0.367184 0.074217
3 3 0.187634 0.062868 0.182323 0.514441 0.052735
0 3 0.335744 0.118389 0.170383 0.133959 0.241525
3 3 0.148637 0.093615 0.260787 0.364059 0.132901
0 3 0.250672 0.120968 0.246035 0.221077 0.161247
3 3 0.023470 0.048011 0.381793 0.511476 0.035250
2 3 0.122987 0.171292 0.450248 0.101251 0.154223
2 3 0.106846 0.152694 0.351865 0.069348 0.319246
3 3 0.036094 0.045282 0.293778 0.583178 0.041668
2 3 0.074311 0.132070 0.527707 0.165336 0.100576
2 3 0.099540 0.148012 0.510618 0.154859 0.086971
3 3 0.037341 0.053925 0.374198 0.499924 0.034612
3 3 0.066076 0.074948 0.331894 0.402856 0.124226
3 3 0.088916 0.064365 0.251317 0.485655 0.109747
2 3 0.219652 0.192957 0.311331 0.052082 0.223978
3 3 0.051306 0.069836 0.345174 0.455327 0.078356
2 3 0.091978 0.123637 0.450227 0.232726 0.101433
2 3 0.128193 0.206299 0.348056 0.021929 0.295523
2 3 0.053136 0.100652 0.548407 0.215169 0.082637
3 3 0.102332 0.097288 0.311154 0.327823 0.161403
3 3 0.079250 0.088260 0.382544 0.391467 0.058479
3 3 0.003443 0.012538 0.261023 0.717068 0.005928
3 3 0.039911 0.040016 0.250743 0.637587 0.031743
3 3 0.073393 0.058692 0.262223 0.543258 0.062434
2 3 0.025299 0.082813 0.638990 0.208778 0.044120
2 3 0.071720 0.084898 0.423394 0.362554 0.057435
2 3 0.103388 0.132214 0.466687 0.190781 0.106930
3 3 0.057391 0.068662 0.285676 0.432453 0.155818
3 3 0.025145 0.031934 0.228623 0.690262 0.024036
3 3 0.052412 0.072603 0.340123 0.419235 0.115627
2 3 0.075167 0.089013 0.392656 0.379506 0.063658
2 3 0.089973 0.184771 0.545021 0.060951 0.119284
2 3 0.110754 0.211687 0.486620 0.041374 0.149564
2 3 0.080603 0.117719 0.454972 0.213149 0.133556
2 3 0.102602 0.119587 0.380838 0.185903 0.211071
2 3 0.037675 0.084441 0.517809 0.301704 0.058371
2 3 0.051540 0.122273 0.606360 0.142907 0.076920
4 3 0.100843 0.182165 0.284450 0.017497 0.415045
2 3 0.089983 0.179221 0.427776 0.043686 0.259334
0 0 0.522504 0.091819 0.124517 0.174746 0.086414
0 0 0.310370 0.121311 0.181265 0.137106 0.249948
4 0 0.205624 0.170989 0.093887 0.002936 0.526565
4 0 0.207238 0.160161 0.181913 0.019875 0.430813
2 1 0.124717 0.261472 0.315607 0.005020 0.293185
2 2 0.099691 0.164851 0.379123 0.041866 0.314470
2 2 0.145920 0.262491 0.415233 0.016686 0.159670
0 2 0.517115 0.090393 0.095928 0.090639 0.205925
2 2 0.248478 0.220132 0.251402 0.032901 0.247087
0 1 0.383536 0.206476 0.154111 0.013363 0.242514
4 1 0.206930 0.225974 0.146129 0.004325 0.416643
4 1 0.088467 0.175967 0.226866 0.005435 0.503264
4 2 0.083235 0.178307 0.338218 0.018684 0.381556
4 2 0.109844 0.130599 0.140766 0.010136 0.608656
4 4 0.274668 0.063934 0.051751 0.023780 0.585868
4 4 0.109951 0.193669 0.158898 0.002214 0.535269
2 4 0.040100 0.076485 0.498778 0.337692 0.046945
2 4 0.069804 0.181901 0.544700 0.039117 0.164479
2 4 0.081309 0.177612 0.462428 0.041091 0.237561
4 4 0.293151 0.135796 0.152831 0.045569 0.372653
3 4 0.210178 0.090432 0.226788 0.382499 0.090104
2 4 0.088616 0.128907 0.469492 0.192436 0.120548
2 4 0.052537 0.107045 0.552846 0.212273 0.075299
2 4 0.116065 0.135228 0.407071 0.203903 0.137733
4 4 0.224014 0.210608 0.251367 0.023668 0.290342
0 4 0.330591 0.235333 0.220462 0.020560 0.193054
2 4 0.243277 0.168082 0.304789 0.117386 0.166467
4 4 0.166131 0.120966 0.095094 0.008857 0.608952
0 4 0.381556 0.130286 0.231588 0.152162 0.104407
4 4 0.278524 0.120650 0.177364 0.118215 0.305247
2 4 0.221511 0.184844 0.359633 0.105186 0.128826
4 4 0.301800 0.100590 0.116564 0.063772 0.417273
4 4 0.194521 0.191425 0.172751 0.013086 0.428217
0 4 0.321156 0.129386 0.166736 0.087799 0.294924
0 4 0.534693 0.092409 0.110884 0.129486 0.132528
4 4 0.226999 0.086205 0.093307 0.042850 0.550639
4 4 0.201407 0.092610 0.196132 0.239424 0.270427
4 4 0.196077 0.147265 0.234079 0.085551 0.337028
3 4 0.163807 0.094503 0.264653 0.375488 0.101549
2 4 0.079278 0.114946 0.485460 0.255971 0.064345
3 4 0.107125 0.088226 0.297585 0.416814 0.090251
0 4 0.324832 0.149640 0.229372 0.117393 0.178763
4 4 0.127866 0.104891 0.162719 0.063682 0.540842
4 4 0.086854 0.148438 0.342100 0.055643 0.366965
2 4 0.136532 0.240019 0.359204 0.013573 0.250672
2 4 0.081495 0.168499 0.468548 0.061539 0.219918
2 4 0.086043 0.192747 0.454905 0.029904 0.236401
2 4 0.061302 0.112138 0.503713 0.238043 0.084804
2 4 0.040282 0.070179 0.402639 0.390827 0.096073
2 4 0.081158 0.198555 0.537376 0.031393 0.151517
2 4 0.059626 0.154871 0.612527 0.077319 0.095657
2 4 0.055149 0.135224 0.609607 0.125359 0.074660
2 4 0.057117 0.137660 0.565869 0.107205 0.132150
2 4 0.102872 0.189341 0.464781 0.059894 0.183112
2 4 0.023008 0.062853 0.520810 0.353408 0.039920
2 4 0.053899 0.136399 0.632196 0.102413 0.075093
2 4 0.040629 0.116488 0.557054 0.111680 0.174150
2 4 0.098609 0.170141 0.471948 0.074789 0.184513
2 4 0.065264 0.119488 0.441498 0.143094 0.230656
4 2 0.149001 0.184174 0.285847 0.027307 0.353671
2 2 0.046478 0.109678 0.574398 0.189098 0.080347
3 2 0.017153 0.039830 0.398457 0.521152 0.023407
2 2 0.076701 0.138755 0.513452 0.146456 0.124637
3 2 0.014006 0.032514 0.344548 0.587102 0.021829
2 2 0.086520 0.124561 0.378819 0.165417 0.244683
2 2 0.045237 0.099521 0.540547 0.231826 0.082868
2 2 0.037629 0.160692 0.617593 0.028996 0.155090
0 2 0.500604 0.074593 0.113903 0.235935 0.074965
3 0 0.320251 0.077464 0.164538 0.371291 0.066455
0 0 0.929790 0.015031 0.009403 0.037838 0.007937
0 0 0.751051 0.120450 0.059661 0.008034 0.060804
0 0 0.356343 0.118351 0.181508 0.167813 0.175985
3 0 0.123088 0.053272 0.184206 0.562101 0.077332
0 0 0.435338 0.084323 0.117674 0.164245 0.198419
0 0 0.447682 0.105708 0.147232 0.161996 0.137381
0 0 0.347201 0.117750 0.197627 0.207475 0.129947
4 0 0.297543 0.137667 0.168860 0.055277 0.340653
2 0 0.144575 0.154453 0.343747 0.102835 0.254390
0 0 0.527514 0.066653 0.102447 0.251735 0.051652
2 0 0.233082 0.134681 0.290657 0.226363 0.115217
3 0 0.146346 0.047829 0.160995 0.607920 0.036909
2 0 0.180233 0.203786 0.373502 0.042010 0.200469
2 0 0.091959 0.086533 0.381031 0.326677 0.113801
2 0 0.097866 0.196958 0.415562 0.038124 0.251490
2 1 0.043406 0.146591 0.556110 0.051759 0.202134
2 2 0.063024 0.190853 0.555119 0.032718 0.158286
2 2 0.035414 0.131104 0.637555 0.074208 0.121719
2 2 0.080407 0.166963 0.423020 0.043764 0.285847
2 2 0.068246 0.147855 0.411232 0.050313 0.322354
4 2 0.152336 0.205532 0.271818 0.019501 0.350813
4 2 0.067577 0.166075 0.326888 0.021905 0.417555
2 2 0.038051 0.140878 0.501941 0.035425 0.283705
2 2 0.019955 0.102181 0.736541 0.089714 0.051609
2 2 0.044101 0.120589 0.559182 0.115084 0.161043
2 2 0.051789 0.161559 0.506494 0.035648 0.244511
2 2 0.027856 0.109784 0.677278 0.103938 0.081145
2 2 0.048311 0.164225 0.520499 0.030018 0.236946
2 2 0.057984 0.187695 0.484878 0.018780 0.250664
2 2 0.055853 0.179652 0.454826 0.017358 0.292311
2 2 0.027168 0.128866 0.683196 0.050894 0.109876
2 2 0.042396 0.142234 0.579345 0.055973 0.180052
2 2 0.047150 0.172709 0.602113 0.034723 0.143304
2 2 0.033356 0.137455 0.649233 0.047954 0.132002
2 2 0.030266 0.120099 0.681724 0.082761 0.085150
2 2 0.023172 0.092697 0.637539 0.138956 0.107637
2 2 0.039506 0.151833 0.594424 0.044151 0.170086
2 2 0.027440 0.128630 0.639828 0.047256 0.156847
2 2 0.021669 0.052475 0.483131 0.404109 0.038617
2 2 0.074982 0.108591 0.430982 0.235284 0.150161
2 2 0.075849 0.162387 0.521318 0.080233 0.160214
2 2 0.025093 0.082558 0.614089 0.207224 0.071036
2 2 0.046659 0.165906 0.584395 0.030784 0.172256
2 2 0.026058 0.113108 0.709202 0.082682 0.068950
2 2 0.033149 0.125526 0.656649 0.091009 0.093668
2 2 0.041979 0.153769 0.583032 0.040721 0.180499
2 2 0.048904 0.175002 0.578918 0.030570 0.166606
2 2 0.030920 0.140256 0.643624 0.033248 0.151952
2 2 0.029926 0.132143 0.691149 0.054625 0.092157
2 2 0.058915 0.190010 0.433359 0.010097 0.307619
2 2 0.024908 0.128482 0.671375 0.031537 0.143698
2 2 0.020154 0.085862 0.681225 0.142521 0.070237
2 2 0.140138 0.193327 0.456423 0.076887 0.133225
2 2 0.057233 0.137753 0.522556 0.088175 0.194282
2 0 0.119499 0.137691 0.479393 0.168273 0.095143
3 0 0.098751 0.042727 0.170407 0.654165 0.033950
3 0 0.033488 0.034086 0.206464 0.695097 0.030866
2 1 0.065187 0.202792 0.415912 0.008266 0.307843
2 2 0.056859 0.174097 0.466824 0.016291 0.285929
2 2 0.059562 0.208778 0.413548 0.005370 0.312743
2 2 0.040587 0.156024 0.599749 0.026556 0.177085
2 2 0.057387 0.195544 0.472389 0.009793 0.264888
2 2 0.162157 0.180930 0.335699 0.066783 0.254430
3 0 0.027837 0.020544 0.153349 0.785470 0.012800
0 0 0.280343 0.216759 0.225749 0.028356 0.248793
3 0 0.120009 0.074621 0.249198 0.481306 0.074866
0 0 0.347036 0.264256 0.204778 0.011458 0.172472
4 0 0.267964 0.086251 0.156307 0.209611 0.279866
0 0 0.500369 0.124654 0.124026 0.060287 0.190665
3 0 0.198799 0.064216 0.180804 0.502322 0.053859
3 0 0.069263 0.079059 0.294846 0.383868 0.172964
3 0 0.049897 0.035287 0.179876 0.671544 0.063396
0 0 0.400990 0.110443 0.173268 0.199405 0.115893
2 0 0.076490 0.186006 0.479801 0.029898 0.227805
2 0 0.106900 0.209829 0.370017 0.019286 0.293968
2 0 0.074085 0.188795 0.473110 0.025445 0.238565
2 0 0.048852 0.126054 0.557882 0.106733 0.160480
3 0 0.033376 0.054182 0.383698 0.493594 0.035150
2 0 0.278908 0.215580 0.348844 0.053259 0.103410
4 0 0.262948 0.102393 0.087951 0.021950 0.524757
0 0 0.570913 0.083746 0.107107 0.162792 0.075442
0 0 0.342585 0.118344 0.199813 0.208072 0.131187
0 0 0.309982 0.122157 0.220112 0.205219 0.142530
2 0 0.064195 0.142294 0.540776 0.111469 0.141265
2 0 0.097023 0.143631 0.485737 0.150928 0.122680
4 0 0.310251 0.095557 0.105037 0.060629 0.428526
4 0 0.129372 0.135101 0.222544 0.042518 0.470466
4 0 0.112705 0.117924 0.204325 0.046925 0.518121
4 0 0.130181 0.231301 0.309743 0.011985 0.316789
2 0 0.159707 0.198815 0.362128 0.056235 0.223115
2 0 0.049905 0.167419 0.515562 0.029724 0.237390
2 0 0.140038 0.183674 0.341727 0.046549 0.288012
4 0 0.242147 0.225590 0.206253 0.009237 0.316773
4 0 0.268242 0.118665 0.095623 0.015303 0.502168
0 0 0.447280 0.137453 0.137407 0.050074 0.227786
2 0 0.108075 0.152192 0.345581 0.086127 0.308025
2 0 0.089196 0.138224 0.464733 0.166058 0.141790
4 0 0.069693 0.173997 0.343250 0.009982 0.403077
0 0 0.446212 0.103818 0.154203 0.191188 0.104579
3 0 0.143653 0.068309 0.231214 0.510512 0.046312
0 0 0.384966 0.135556 0.199018 0.143371 0.137090
3 0 0.059279 0.070855 0.384248 0.435902 0.049716
2 0 0.149442 0.139630 0.328756 0.140341 0.241832
2 0 0.233022 0.212229 0.314050 0.044818 0.195881
2 0 0.021770 0.063853 0.522204 0.331726 0.060448
2 0 0.295010 0.198518 0.309471 0.056560 0.140441
0 0 0.512882 0.093384 0.128104 0.176986 0.088645
3 0 0.180610 0.095338 0.325266 0.340919 0.057867
4 0 0.168371 0.178189 0.160062 0.010208 0.483169
2 0 0.082805 0.084801 0.495654 0.304116 0.032624
2 0 0.135427 0.219885 0.463367 0.038357 0.142964
3 0 0.258222 0.076581 0.186565 0.417011 0.061621
3 0 0.026273 0.017223 0.120403 0.823836 0.012265
2 0 0.248567 0.136002 0.253667 0.162829 0.198934
0 0 0.506261 0.172809 0.111135 0.012549 0.197246
3 0 0.042248 0.025373 0.150673 0.763744 0.017962
4 0 0.123067 0.158114 0.157366 0.007943 0.553510
2 0 0.054524 0.143116 0.647317 0.073474 0.081568
4 0 0.083864 0.148956 0.236344 0.015127 0.515709
2 0 0.083601 0.147345 0.515948 0.135011 0.118094
4 0 0.223247 0.169918 0.161583 0.016174 0.429078
2 0 0.091609 0.151400 0.358330 0.059539 0.339122
2 0 0.094005 0.182926 0.447402 0.039231 0.236436
4 0 0.279473 0.124056 0.100943 0.016896 0.478631
4 0 0.156916 0.101342 0.117118 0.031016 0.593609
2 0 0.067089 0.171145 0.511838 0.043499 0.206428
2 0 0.134606 0.219747 0.354182 0.023572 0.267892
2 0 0.051073 0.153217 0.466967 0.032445 0.296298
2 0 0.055077 0.116700 0.507129 0.152447 0.168647
4 0 0.150029 0.166197 0.153503 0.009013 0.521258
4 0 0.102947 0.117329 0.282081 0.091328 0.406315
4 0 0.169055 0.121866 0.206875 0.093527 0.408677
2 0 0.058892 0.182211 0.489233 0.020783 0.248881
2 0 0.059154 0.197389 0.389528 0.007658 0.346271
2 0 0.071539 0.216772 0.475337 0.013032 0.223321
2 0 0.045467 0.164315 0.412854 0.010737 0.366627
4 0 0.079825 0.243142 0.326701 0.002712 0.347620
2 0 0.018668 0.069707 0.676240 0.204333 0.031052
2 0 0.059797 0.178793 0.411688 0.016259 0.333463
2 0 0.088770 0.186225 0.487741 0.044077 0.193188
3 0 0.004716 0.013134 0.194265 0.778484 0.009401
0 0 0.544384 0.125719 0.132411 0.074191 0.123296
2 0 0.151467 0.284349 0.402847 0.010544 0.150794
2 0 0.089395 0.165637 0.417484 0.064357 0.263127
2 0 0.109369 0.240057 0.490633 0.019237 0.140703
4 0 0.086831 0.173047 0.185087 0.003287 0.551748
3 0 0.018083 0.047087 0.348751 0.436495 0.149583
0 0 0.471586 0.071768 0.058157 0.040455 0.358034
4 0 0.260668 0.080755 0.114115 0.104096 0.440367
4 1 0.144186 0.168991 0.155530 0.007351 0.523942
2 1 0.130245 0.219966 0.393151 0.024310 0.232329
2 1 0.200840 0.167427 0.276577 0.079028 0.276127
2 1 0.024802 0.091454 0.668724 0.149590 0.065429
4 1 0.227788 0.133122 0.228292 0.125870 0.284928
0 1 0.498469 0.098135 0.123155 0.136356 0.143885
4 1 0.146908 0.101342 0.233323 0.184519 0.333907
2 1 0.046677 0.116428 0.540988 0.143288 0.152618
2 1 0.085933 0.161892 0.511639 0.087088 0.153448
2 1 0.041313 0.126947 0.484230 0.069111 0.278398
2 1 0.034240 0.103885 0.563643 0.127817 0.170415
2 1 0.076244 0.172879 0.519305 0.065147 0.166426
0 1 0.399439 0.110993 0.148486 0.130586 0.210496
0 0 0.333288 0.119522 0.204266 0.209224 0.133699
0 0 0.252112 0.117610 0.231639 0.225558 0.173082
2 0 0.056120 0.099480 0.483989 0.255464 0.104947
0 0 0.279642 0.109883 0.187685 0.175130 0.247660
4 1 0.177018 0.196174 0.243667 0.013732 0.369410
2 2 0.099085 0.148893 0.475549 0.119953 0.156520
2 2 0.142454 0.166444 0.338757 0.056109 0.296236
2 2 0.213681 0.209458 0.362280 0.050268 0.164313
2 2 0.130687 0.156583 0.463626 0.153476 0.095628
2 2 0.081218 0.136143 0.502198 0.127338 0.153104
2 2 0.028914 0.086599 0.568227 0.200808 0.115452
2 2 0.031134 0.101243 0.665608 0.130728 0.071288
2 2 0.051829 0.142688 0.520045 0.071801 0.213637
2 2 0.040209 0.117646 0.607602 0.131533 0.103009
2 2 0.070966 0.180631 0.572134 0.038931 0.137338
2 2 0.062854 0.188451 0.559594 0.024212 0.164889
2 2 0.081928 0.179186 0.459691 0.038443 0.240752
2 2 0.100633 0.175924 0.431956 0.059031 0.232456
2 2 0.041193 0.087813 0.509521 0.290444 0.071029
2 2 0.151950 0.168885 0.387952 0.085132 0.206082
4 2 0.159186 0.159301 0.291850 0.062117 0.327547
2 2 0.084836 0.141059 0.427081 0.128162 0.218862
2 2 0.127066 0.152896 0.361051 0.141057 0.217930
3 2 0.013905 0.027056 0.282442 0.661591 0.015005
2 2 0.054215 0.133527 0.621405 0.100813 0.090041
2 2 0.094332 0.156257 0.540369 0.114777 0.094265
3 2 0.045140 0.069159 0.355766 0.391450 0.138485
2 2 0.052843 0.135015 0.623675 0.108224 0.080243
2 2 0.058153 0.136396 0.567061 0.121678 0.116712
2 2 0.080947 0.203075 0.482392 0.020909 0.212677
2 2 0.030067 0.097703 0.683251 0.146746 0.042233
2 2 0.087626 0.133659 0.499401 0.184034 0.095280
2 2 0.046076 0.093047 0.502244 0.287156 0.071477
2 2 0.133308 0.183447 0.407805 0.064873 0.210567
2 2 0.051779 0.102305 0.556241 0.207914 0.081760
2 2 0.052424 0.144949 0.588285 0.067607 0.146735
2 2 0.044974 0.127041 0.582824 0.086708 0.158453
2 2 0.038209 0.090241 0.554378 0.236936 0.080236
2 2 0.024861 0.098921 0.679703 0.133978 0.062537
2 2 0.022939 0.084734 0.654383 0.186020 0.051924
0 2 0.814309 0.038752 0.034405 0.085955 0.026579
0 0 0.762797 0.055016 0.051947 0.090345 0.039895
0 0 0.593628 0.111316 0.086049 0.033302 0.175704
4 0 0.174539 0.111611 0.224246 0.157477 0.332127
0 0 0.403670 0.107234 0.109081 0.058545 0.321471
2 1 0.047443 0.153079 0.416295 0.023563 0.359620
2 1 0.078796 0.196998 0.412511 0.016716 0.294979
2 1 0.066632 0.173964 0.418219 0.023812 0.317373
2 1 0.047106 0.155686 0.438652 0.025827 0.332730
2 2 0.059194 0.139872 0.498491 0.097287 0.205156
2 2 0.054045 0.118851 0.536980 0.138988 0.151135
2 2 0.030574 0.108576 0.613948 0.098695 0.148207
2 2 0.046892 0.136696 0.621289 0.068136 0.126986
2 2 0.040369 0.124761 0.626765 0.097579 0.110526
2 2 0.041227 0.174331 0.603650 0.020807 0.159986
2 2 0.138469 0.114767 0.363003 0.301770 0.081991
0 0 0.453851 0.102661 0.151096 0.189682 0.102710
4 0 0.313294 0.076106 0.121092 0.173978 0.315531
4 1 0.252560 0.127936 0.100096 0.011409 0.507999
2 1 0.145433 0.183947 0.335029 0.041366 0.294225
3 1 0.106786 0.073221 0.259717 0.457340 0.102935
0 1 0.448139 0.101313 0.139138 0.157326 0.154083
2 1 0.130212 0.183008 0.431719 0.073155 0.181906
2 1 0.045449 0.092754 0.473462 0.204984 0.183351
2 2 0.092064 0.220087 0.491573 0.020999 0.175276
2 2 0.065898 0.148744 0.553333 0.085935 0.146090
2 2 0.049404 0.138433 0.593070 0.096755 0.122337
2 2 0.029237 0.117670 0.699083 0.080867 0.073143
2 2 0.059287 0.156195 0.559040 0.060544 0.164933
2 2 0.034099 0.102146 0.622261 0.175698 0.065797
2 2 0.046166 0.132498 0.539020 0.088268 0.194048
2 2 0.030559 0.121366 0.695863 0.082275 0.069937
2 2 0.042365 0.096270 0.583334 0.222406 0.055625
2 2 0.099286 0.216750 0.370093 0.015337 0.298533
2 2 0.045896 0.092864 0.501294 0.264712 0.095233
2 2 0.102794 0.154785 0.350837 0.059342 0.332242
2 2 0.014731 0.059299 0.605059 0.276645 0.044267
2 2 0.025269 0.082714 0.653818 0.190819 0.047380
2 2 0.056017 0.097225 0.440236 0.271455 0.135067
3 2 0.145100 0.064649 0.207538 0.524870 0.057843
4 1 0.241017 0.122482 0.187740 0.114720 0.334040
2 1 0.144400 0.198680 0.355307 0.036612 0.265000
2 1 0.060851 0.164724 0.536208 0.060349 0.177868
2 1 0.038031 0.144179 0.602020 0.048825 0.166945
2 2 0.059532 0.184205 0.510263 0.023084 0.222916
2 2 0.054203 0.171833 0.516007 0.030714 0.227243
2 2 0.029223 0.102093 0.645414 0.144280 0.078990
2 2 0.063998 0.189217 0.478261 0.022646 0.245878
2 2 0.078585 0.202115 0.435622 0.017958 0.265720
3 2 0.110536 0.018157 0.073819 0.787805 0.009683
2 2 0.062704 0.185835 0.510960 0.024692 0.215808
4 2 0.190031 0.206186 0.242570 0.015614 0.345599
2 2 0.025934 0.089233 0.677680 0.174150 0.033003
2 2 0.014741 0.075419 0.720696 0.158761 0.030383
2 2 0.064413 0.200596 0.537557 0.018841 0.178593
2 2 0.059261 0.182474 0.574741 0.033786 0.149738
2 2 0.019179 0.081728 0.704228 0.162907 0.031958
2 2 0.038165 0.163093 0.645495 0.031554 0.121692
2 2 0.059164 0.170622 0.603861 0.048444 0.117909
2 2 0.069185 0.164731 0.550178 0.064533 0.151374
2 2 0.123999 0.137371 0.444013 0.219969 0.074648
