2 0 0.082518 0.124995 0.452395 0.162081 0.178011
2 0 0.125055 0.161248 0.517617 0.160892 0.035189
0 0 0.579508 0.130017 0.163683 0.056973 0.069819
4 0 0.264262 0.123601 0.200693 0.137027 0.274417
2 0 0.063112 0.145244 0.589700 0.177795 0.024148
2 0 0.130778 0.234860 0.316305 0.011880 0.306177
0 0 0.315510 0.151893 0.165789 0.055174 0.311635
0 0 0.464254 0.141663 0.155623 0.084988 0.153472
0 0 0.333736 0.129774 0.199856 0.157724 0.178910
0 0 0.290515 0.179579 0.187219 0.055782 0.286905
3 0 0.174655 0.121818 0.283427 0.351477 0.068624
2 0 0.102023 0.220831 0.374315 0.026633 0.276199
4 0 0.056461 0.161709 0.273287 0.006728 0.501816
4 0 0.051118 0.165922 0.289975 0.006088 0.486897
4 0 0.040022 0.102179 0.130771 0.002312 0.724716
4 0 0.065734 0.160855 0.224990 0.006170 0.542251
2 0 0.025550 0.063642 0.564458 0.300457 0.045893
3 0 0.043518 0.067593 0.401995 0.432274 0.054619
2 0 0.045379 0.057950 0.460942 0.417629 0.018100
3 0 0.062059 0.082384 0.367113 0.451745 0.036699
3 0 0.093973 0.079105 0.281315 0.523714 0.021893
3 0 0.158847 0.070496 0.227590 0.522854 0.020213
0 0 0.371608 0.148515 0.200501 0.155496 0.123881
3 0 0.112665 0.101110 0.299250 0.451786 0.035188
2 0 0.183584 0.186324 0.303464 0.199557 0.127071
3 0 0.059670 0.063652 0.263251 0.580951 0.032476
4 0 0.367560 0.104967 0.069617 0.008927 0.448930
2 0 0.246186 0.156676 0.284072 0.227911 0.085155
4 0 0.242240 0.139434 0.110752 0.015061 0.492513
0 0 0.448772 0.145740 0.160246 0.084319 0.160924
3 0 0.239615 0.116416 0.253294 0.257189 0.133487
4 0 0.147755 0.128691 0.268698 0.103108 0.351748
4 0 0.064255 0.154921 0.292027 0.015241 0.473556
4 0 0.178055 0.093942 0.084587 0.011726 0.631690
2 0 0.181588 0.130766 0.352403 0.265379 0.069865
2 0 0.061238 0.132495 0.512097 0.262443 0.031726
2 0 0.115625 0.230995 0.460826 0.078848 0.113706
4 0 0.101578 0.232005 0.291571 0.009960 0.364886
2 0 0.065842 0.134994 0.425892 0.116135 0.257137
0 0 0.308462 0.178569 0.192352 0.065826 0.254792
2 0 0.103204 0.129383 0.432575 0.165068 0.169770
4 0 0.074906 0.131288 0.295389 0.035688 0.462728
4 0 0.074992 0.142970 0.343835 0.035190 0.403013
4 0 0.056013 0.117263 0.216955 0.013883 0.595886
4 0 0.120348 0.157723 0.264424 0.033394 0.424111
2 0 0.098654 0.247824 0.506263 0.047821 0.099438
2 0 0.074036 0.100485 0.370786 0.194002 0.260690
2 0 0.227873 0.181240 0.356934 0.139708 0.094245
2 0 0.074789 0.185347 0.484848 0.056608 0.198408
4 0 0.079903 0.204873 0.298909 0.009096 0.407219
3 0 0.207780 0.088966 0.228993 0.278239 0.196021
0 0 0.432981 0.140959 0.129354 0.039827 0.256879
3 0 0.037424 0.020666 0.139855 0.792251 0.009804
3 0 0.114500 0.052739 0.203705 0.596546 0.032510
2 0 0.236608 0.107648 0.270863 0.247716 0.137165
0 0 0.357418 0.143759 0.214948 0.189239 0.094637
3 0 0.167358 0.059421 0.196626 0.529095 0.047501
3 0 0.117208 0.044987 0.182466 0.621221 0.034118
0 0 0.434513 0.141852 0.131867 0.042108 0.249660
3 0 0.168856 0.066908 0.217995 0.437833 0.108409
3 0 0.058939 0.075897 0.288279 0.526600 0.050286
0 0 0.458371 0.154134 0.199145 0.090977 0.097373
0 0 0.436276 0.071703 0.091903 0.049964 0.350154
3 0 0.315590 0.072300 0.175468 0.378846 0.057796
3 0 0.098930 0.062387 0.305445 0.485611 0.047627
0 0 0.383773 0.156259 0.162588 0.056886 0.240495
2 0 0.183854 0.147274 0.328875 0.245590 0.094407
3 0 0.072942 0.058933 0.242918 0.600083 0.025123
0 0 0.361490 0.093113 0.197867 0.259124 0.088406
3 0 0.338284 0.071017 0.166247 0.353517 0.070935
0 0 0.366998 0.071298 0.167102 0.364153 0.030448
3 0 0.104348 0.103393 0.364901 0.386590 0.040769
0 0 0.401472 0.156107 0.182662 0.098828 0.160930
0 0 0.411793 0.074841 0.147402 0.270189 0.095775
3 0 0.078970 0.057975 0.238250 0.606515 0.018290
0 0 0.479610 0.109330 0.163808 0.181361 0.065891
2 0 0.115980 0.122575 0.445446 0.261042 0.054958
2 0 0.094282 0.218845 0.594283 0.037476 0.055114
2 0 0.050625 0.165250 0.444998 0.025718 0.313409
0 0 0.281242 0.140327 0.246450 0.118156 0.213825
3 0 0.158061 0.067383 0.222417 0.530012 0.022128
0 0 0.409212 0.148464 0.187639 0.138829 0.115856
2 1 0.052733 0.162109 0.406071 0.018696 0.360392
2 1 0.046676 0.182578 0.463227 0.013743 0.293777
2 0 0.049988 0.177233 0.408711 0.011492 0.352575
4 1 0.045550 0.172697 0.300427 0.003963 0.477363
4 4 0.044833 0.156707 0.263755 0.003756 0.530949
4 4 0.050161 0.169153 0.236503 0.002704 0.541478
4 4 0.069206 0.219333 0.243569 0.002585 0.465307
4 4 0.047373 0.194441 0.351804 0.004107 0.402275
4 4 0.040034 0.149735 0.397749 0.011706 0.400775
4 4 0.051388 0.139110 0.280001 0.010594 0.518907
4 4 0.049780 0.141316 0.204981 0.003717 0.600206
4 4 0.059352 0.177336 0.287909 0.006143 0.469261
4 4 0.045951 0.163834 0.379569 0.010826 0.399819
4 4 0.045322 0.153789 0.209593 0.002166 0.589130
4 4 0.048032 0.127572 0.214356 0.005683 0.604356
4 4 0.047526 0.146401 0.228509 0.003770 0.573794
4 4 0.039327 0.131303 0.288226 0.006906 0.534239
4 4 0.051564 0.155552 0.216332 0.003224 0.573329
0 4 0.403843 0.120947 0.193253 0.210920 0.071038
2 4 0.143419 0.176790 0.392394 0.128668 0.158728
0 4 0.271553 0.175710 0.250230 0.118250 0.184257
0 4 0.343791 0.106269 0.214763 0.245082 0.090094
2 4 0.109784 0.143281 0.442672 0.181659 0.122604
2 4 0.151715 0.215375 0.355848 0.058150 0.218911
2 4 0.159468 0.162513 0.360596 0.131429 0.185994
2 4 0.073977 0.112920 0.422107 0.109486 0.281510
2 4 0.142321 0.226217 0.354048 0.042476 0.234938
2 4 0.228416 0.151335 0.319957 0.126491 0.173801
2 4 0.152740 0.121965 0.394873 0.278636 0.051787
0 4 0.264250 0.123148 0.217877 0.200046 0.194680
2 4 0.025438 0.075045 0.647202 0.195353 0.056961
2 4 0.064244 0.187840 0.404706 0.018348 0.324862
2 4 0.058509 0.233470 0.562816 0.019216 0.125989
0 4 0.637701 0.081068 0.058634 0.016296 0.206301
0 4 0.757927 0.048523 0.058758 0.088457 0.046335
0 4 0.390172 0.156136 0.154948 0.052695 0.246048
4 4 0.235510 0.145278 0.212894 0.086835 0.319483
3 4 0.085177 0.042831 0.203676 0.592356 0.075959
0 4 0.312655 0.083641 0.173554 0.249981 0.180168
4 4 0.222673 0.164262 0.155317 0.029060 0.428688
2 4 0.213631 0.184234 0.352674 0.113801 0.135660
4 4 0.136765 0.100277 0.175477 0.079022 0.508459
0 4 0.308251 0.131096 0.191634 0.076097 0.292922
0 4 0.638487 0.095588 0.087235 0.043418 0.135271
0 4 0.473726 0.132354 0.161979 0.128775 0.103166
0 4 0.299187 0.197134 0.239717 0.071161 0.192801
4 4 0.127801 0.208139 0.253364 0.017521 0.393175
2 4 0.078941 0.244536 0.531098 0.028784 0.116640
2 4 0.044230 0.150920 0.592458 0.045543 0.166849
4 4 0.115572 0.119143 0.207160 0.083162 0.474962
4 4 0.257628 0.149940 0.161091 0.043144 0.388197
2 4 0.090916 0.218214 0.521947 0.080486 0.088437
2 4 0.026674 0.118576 0.681510 0.076015 0.097225
2 0 0.153705 0.195760 0.442675 0.069793 0.138067
2 1 0.037136 0.076396 0.500964 0.327044 0.058460
2 2 0.050968 0.169012 0.484159 0.032845 0.263015
2 2 0.068804 0.246198 0.496125 0.014237 0.174635
2 2 0.036171 0.171326 0.688489 0.048458 0.055556
2 2 0.032258 0.130619 0.688791 0.101246 0.047085
2 1 0.107154 0.165268 0.481044 0.122944 0.123590
4 1 0.259874 0.193405 0.196413 0.029765 0.320544
2 1 0.030229 0.114057 0.664031 0.130490 0.061194
2 1 0.070723 0.131936 0.509745 0.200557 0.087039
2 1 0.044484 0.146349 0.630595 0.101668 0.076904
2 1 0.065402 0.185230 0.583205 0.051456 0.114707
2 1 0.045071 0.111913 0.524062 0.273273 0.045682
2 2 0.088733 0.172016 0.491998 0.095300 0.151953
2 2 0.077606 0.188588 0.507647 0.070643 0.155516
4 2 0.061824 0.182979 0.198827 0.002256 0.554113
2 2 0.077920 0.273431 0.436767 0.009371 0.202510
4 2 0.072392 0.186317 0.187581 0.002807 0.550903
2 2 0.074832 0.283199 0.354124 0.003323 0.284522
4 2 0.075351 0.207973 0.323000 0.009259 0.384417
4 2 0.068968 0.242441 0.341323 0.004500 0.342769
2 2 0.067998 0.275333 0.452885 0.007083 0.196701
4 2 0.066226 0.217807 0.239652 0.002249 0.474067
2 2 0.073818 0.215923 0.351186 0.008880 0.350194
2 2 0.079776 0.277684 0.345770 0.004069 0.292700
2 2 0.067128 0.209399 0.421048 0.015520 0.286904
2 2 0.124870 0.242998 0.329044 0.012719 0.290369
4 2 0.144759 0.191642 0.224712 0.020111 0.418775
4 2 0.090343 0.243885 0.259560 0.004250 0.401962
2 2 0.094757 0.241710 0.427950 0.020613 0.214970
2 2 0.049784 0.094480 0.520801 0.302028 0.032908
2 2 0.063454 0.185243 0.579351 0.059898 0.112055
4 3 0.118486 0.204978 0.248384 0.012364 0.415789
2 3 0.157081 0.213704 0.341991 0.044263 0.242961
4 3 0.171409 0.165299 0.259648 0.052132 0.351513
2 3 0.230802 0.188876 0.295580 0.097685 0.187058
2 3 0.267613 0.187685 0.332085 0.110725 0.101892
2 3 0.060036 0.109639 0.438968 0.346919 0.044438
2 3 0.116832 0.181292 0.442142 0.160570 0.099164
4 3 0.211695 0.191017 0.221589 0.044646 0.331054
2 3 0.289604 0.160754 0.306653 0.156644 0.086345
4 3 0.176131 0.182922 0.206961 0.049583 0.384403
3 3 0.082271 0.103951 0.322217 0.447501 0.044060
4 3 0.245745 0.092064 0.179535 0.147109 0.335547
2 3 0.111167 0.126927 0.335511 0.258537 0.167858
3 3 0.126927 0.098050 0.346260 0.353170 0.075593
0 3 0.270581 0.106387 0.194270 0.174726 0.254037
0 3 0.330606 0.154156 0.231038 0.161950 0.122250
3 3 0.144395 0.092874 0.264260 0.439318 0.059152
3 3 0.017728 0.013040 0.117426 0.847809 0.003997
3 3 0.084684 0.061148 0.237750 0.560517 0.055901
0 3 0.328415 0.160418 0.223122 0.107038 0.181008
2 3 0.142700 0.130425 0.326126 0.282688 0.118061
3 3 0.228736 0.108573 0.223841 0.265821 0.173030
3 3 0.176658 0.064819 0.188165 0.430483 0.139875
3 3 0.124134 0.082470 0.255489 0.394709 0.143198
2 3 0.259677 0.119526 0.266917 0.262359 0.091520
3 3 0.147336 0.087684 0.262689 0.473342 0.028948
3 3 0.224924 0.100726 0.217850 0.292705 0.163795
3 3 0.199316 0.076551 0.212702 0.440018 0.071412
3 3 0.086041 0.032616 0.163150 0.667728 0.050465
3 3 0.113154 0.045581 0.189862 0.638576 0.012827
3 3 0.133306 0.045090 0.175364 0.601225 0.045015
0 3 0.562301 0.098844 0.131110 0.141633 0.066112
4 3 0.265386 0.187584 0.199328 0.053990 0.293712
3 3 0.030932 0.034828 0.272845 0.651211 0.010185
2 3 0.151880 0.130668 0.409821 0.255801 0.051830
4 3 0.214021 0.157960 0.204740 0.056758 0.366521
4 3 0.193831 0.153050 0.241455 0.129423 0.282241
0 3 0.367348 0.111453 0.186471 0.218458 0.116270
3 3 0.240964 0.085383 0.194352 0.264687 0.214615
4 3 0.313447 0.131778 0.156782 0.059928 0.338065
2 3 0.155643 0.141730 0.311205 0.235754 0.155667
3 3 0.045179 0.037043 0.200765 0.704694 0.012319
0 3 0.293420 0.131383 0.203965 0.107298 0.263933
3 3 0.219854 0.118390 0.260844 0.336704 0.064207
3 3 0.167932 0.070909 0.219547 0.497708 0.043904
2 3 0.138621 0.159414 0.403341 0.194413 0.104210
3 3 0.079039 0.070853 0.274365 0.437648 0.138094
3 3 0.088156 0.043801 0.209064 0.523507 0.135472
0 3 0.419884 0.145808 0.183290 0.137256 0.113762
0 3 0.406467 0.154308 0.157062 0.059538 0.222625
3 2 0.239969 0.039019 0.126801 0.485275 0.108936
0 3 0.299380 0.180943 0.256713 0.118816 0.144148
2 3 0.075362 0.198305 0.473049 0.046025 0.207259
4 2 0.074602 0.170098 0.357550 0.032512 0.365237
2 2 0.064659 0.210949 0.490062 0.026416 0.207914
4 2 0.083002 0.182238 0.311844 0.019871 0.403045
0 2 0.335226 0.183271 0.221583 0.083806 0.176114
0 2 0.395006 0.150302 0.193017 0.142902 0.118774
2 2 0.174917 0.251778 0.411347 0.051736 0.110222
2 2 0.055225 0.160882 0.502931 0.057966 0.222997
2 2 0.060768 0.175613 0.552437 0.057585 0.153598
4 2 0.090867 0.155137 0.329543 0.036147 0.388305
2 2 0.097668 0.140999 0.406839 0.197242 0.157252
2 2 0.092508 0.201454 0.418621 0.042781 0.244635
2 2 0.101982 0.193221 0.386091 0.033469 0.285238
2 2 0.127761 0.139148 0.441616 0.132200 0.159275
3 3 0.047439 0.043387 0.313811 0.563930 0.031432
4 2 0.114027 0.176237 0.282185 0.031668 0.395883
2 2 0.053145 0.179921 0.603636 0.059992 0.103306
2 2 0.077605 0.264385 0.506161 0.016422 0.135426
2 3 0.068225 0.208180 0.476272 0.030864 0.216459
4 2 0.142081 0.179574 0.204587 0.033789 0.439969
4 3 0.121465 0.160702 0.328822 0.052537 0.336475
2 3 0.086729 0.134089 0.387622 0.092240 0.299320
2 2 0.069396 0.236086 0.578915 0.032957 0.082646
0 2 0.299207 0.189131 0.261041 0.120981 0.129641
0 2 0.298819 0.175633 0.235572 0.152629 0.137347
2 2 0.058184 0.134282 0.425006 0.061252 0.321277
2 2 0.059727 0.198870 0.422377 0.016558 0.302468
2 3 0.061755 0.244069 0.566900 0.021906 0.105371
4 2 0.087139 0.220958 0.332131 0.011139 0.348633
4 2 0.161247 0.230587 0.269578 0.031415 0.307173
4 2 0.130150 0.238209 0.267141 0.014409 0.350092
2 2 0.100351 0.126970 0.457472 0.232883 0.082323
2 2 0.086293 0.179096 0.458956 0.077113 0.198542
2 2 0.115603 0.198263 0.340593 0.041557 0.303984
2 2 0.064426 0.141791 0.526212 0.117917 0.149655
4 2 0.159591 0.125141 0.269177 0.065628 0.380463
4 2 0.300776 0.129796 0.158321 0.055032 0.356074
2 2 0.116257 0.137696 0.482818 0.169392 0.093836
2 2 0.055764 0.083418 0.462850 0.230706 0.167261
3 3 0.078137 0.065321 0.323586 0.446970 0.085985
2 3 0.080993 0.119811 0.412753 0.212234 0.174210
2 3 0.123381 0.120940 0.387158 0.225599 0.142922
4 3 0.161482 0.150932 0.285102 0.078067 0.324417
2 3 0.023280 0.058346 0.550802 0.340477 0.027096
4 0 0.202483 0.141239 0.199709 0.076980 0.379590
0 2 0.701458 0.074835 0.081341 0.084279 0.058087
4 2 0.189963 0.132567 0.164998 0.030279 0.482193
4 2 0.090829 0.133506 0.351335 0.061708 0.362623
2 2 0.100265 0.189052 0.568405 0.092716 0.049562
2 2 0.066865 0.147479 0.559921 0.146532 0.079204
2 2 0.082970 0.159649 0.500675 0.100956 0.155749
2 2 0.041203 0.162535 0.660312 0.071158 0.064793
4 2 0.096961 0.119296 0.255151 0.045990 0.482601
4 3 0.128650 0.083651 0.274136 0.198923 0.314640
3 2 0.035925 0.034776 0.226095 0.687674 0.015529
2 2 0.113557 0.144177 0.475743 0.124941 0.141581
2 2 0.075907 0.172538 0.541189 0.052750 0.157616
4 3 0.106750 0.163365 0.330720 0.033647 0.365517
2 2 0.079962 0.173180 0.454988 0.058493 0.233377
2 3 0.100188 0.160464 0.383049 0.032044 0.324256
2 2 0.096227 0.113492 0.481432 0.216702 0.092146
2 3 0.221288 0.116183 0.331805 0.264426 0.066297
2 3 0.094424 0.112747 0.478721 0.207966 0.106142
2 2 0.061418 0.126084 0.544318 0.188206 0.079975
4 3 0.075237 0.118926 0.337472 0.061674 0.406690
2 2 0.072587 0.212974 0.546947 0.051743 0.115748
0 0 0.504635 0.124595 0.150178 0.123525 0.097066
0 2 0.411188 0.147973 0.186830 0.138541 0.115468
2 2 0.103028 0.128807 0.405569 0.165571 0.197025
2 2 0.142603 0.131570 0.345987 0.098374 0.281466
4 2 0.161760 0.199472 0.221238 0.010141 0.407388
2 2 0.098537 0.116490 0.387634 0.086426 0.310913
2 2 0.078965 0.136433 0.456110 0.097490 0.231001
3 2 0.089777 0.085732 0.387583 0.393348 0.043560
2 2 0.102035 0.118518 0.424149 0.299132 0.056166
2 2 0.132970 0.152145 0.440130 0.158684 0.116071
2 2 0.125094 0.177886 0.463600 0.095021 0.138400
2 2 0.127522 0.209458 0.418938 0.066715 0.177367
3 2 0.032132 0.040204 0.337697 0.556715 0.033252
2 2 0.154340 0.184757 0.394277 0.070003 0.196623
2 2 0.068688 0.104192 0.454082 0.340678 0.032361
2 2 0.068478 0.127724 0.488403 0.201274 0.114121
3 3 0.119393 0.076101 0.272041 0.472631 0.059835
3 2 0.096026 0.041737 0.192613 0.644524 0.025100
2 3 0.081219 0.139059 0.474138 0.091213 0.214371
2 3 0.050877 0.085623 0.486921 0.323106 0.053474
3 3 0.057282 0.035377 0.180228 0.670965 0.056148
2 3 0.156417 0.117870 0.365060 0.272097 0.088557
2 3 0.048132 0.095671 0.515973 0.318294 0.021931
3 0 0.062664 0.048599 0.248461 0.473238 0.167037
3 3 0.086914 0.046183 0.193681 0.607667 0.065555
3 2 0.153731 0.105889 0.270192 0.384632 0.085556
2 2 0.037010 0.069376 0.450114 0.409074 0.034426
2 2 0.238263 0.197940 0.293566 0.045119 0.225112
2 2 0.167177 0.176410 0.359202 0.183173 0.114038
2 3 0.220291 0.197926 0.337615 0.058589 0.185580
2 3 0.103724 0.139638 0.466303 0.173924 0.116411
3 3 0.107936 0.049774 0.204970 0.565388 0.071932
2 2 0.126892 0.119434 0.330986 0.228086 0.194602
4 2 0.130190 0.109884 0.256205 0.061492 0.442230
2 2 0.108576 0.158299 0.401755 0.162448 0.168923
2 3 0.051581 0.168509 0.630623 0.107685 0.041603
4 3 0.154132 0.173806 0.266928 0.065322 0.339811
3 0 0.111318 0.069857 0.245594 0.546807 0.026425
0 2 0.647444 0.088532 0.099217 0.096014 0.068793
4 2 0.100009 0.118936 0.084354 0.005299 0.691403
2 2 0.153772 0.177035 0.448245 0.161130 0.059816
2 2 0.248964 0.209100 0.288313 0.062669 0.190953
2 2 0.116205 0.190266 0.440722 0.111402 0.141405
4 2 0.181060 0.149200 0.239253 0.063391 0.367096
3 2 0.118133 0.061877 0.253515 0.511780 0.054696
3 2 0.061553 0.056620 0.323165 0.532977 0.025685
2 2 0.112435 0.158899 0.358585 0.084158 0.285923
2 2 0.082366 0.112682 0.338803 0.283366 0.182783
2 2 0.074638 0.175085 0.570356 0.119379 0.060542
4 2 0.108681 0.217021 0.317205 0.016080 0.341013
3 2 0.053787 0.080889 0.387581 0.432452 0.045291
2 2 0.113430 0.259983 0.421263 0.025902 0.179422
4 2 0.084387 0.181650 0.262857 0.011629 0.459477
4 2 0.068609 0.203695 0.340133 0.008722 0.378840
4 1 0.087687 0.204240 0.216334 0.004163 0.487575
4 1 0.069253 0.223895 0.288929 0.003772 0.414151
2 1 0.072389 0.199525 0.517973 0.032952 0.177161
2 0 0.091047 0.220693 0.355798 0.015810 0.316652
4 1 0.211909 0.203882 0.205634 0.020430 0.358145
4 0 0.165232 0.221643 0.226314 0.010823 0.375987
4 4 0.127490 0.169514 0.142072 0.006564 0.554360
4 4 0.098264 0.196024 0.305511 0.014608 0.385593
4 4 0.073081 0.201304 0.244634 0.004268 0.476714
4 4 0.246574 0.192996 0.181457 0.013318 0.365656
4 4 0.195647 0.148057 0.124053 0.016324 0.515920
4 4 0.097553 0.175686 0.150019 0.004583 0.572160
2 4 0.067460 0.174873 0.394473 0.023476 0.339718
4 0 0.120321 0.186090 0.248726 0.013967 0.430896
4 0 0.235182 0.158480 0.135756 0.021420 0.449162
2 0 0.060516 0.137683 0.382630 0.038262 0.380909
2 0 0.086101 0.200277 0.358193 0.022305 0.333124
4 1 0.149348 0.205386 0.207892 0.019505 0.417868
4 1 0.140755 0.188882 0.165498 0.005547 0.499320
2 1 0.077085 0.261777 0.346280 0.005245 0.309615
2 1 0.118099 0.261409 0.322967 0.012857 0.284668
2 2 0.156637 0.201938 0.292419 0.061783 0.287224
2 2 0.111178 0.276757 0.381844 0.014119 0.216103
2 2 0.128545 0.139492 0.442982 0.196900 0.092081
2 2 0.148908 0.190005 0.412568 0.161635 0.086884
2 2 0.066885 0.225919 0.572217 0.038167 0.096813
2 2 0.245187 0.185234 0.284880 0.106390 0.178309
2 2 0.037241 0.105902 0.570757 0.247343 0.038757
4 2 0.149311 0.158937 0.250078 0.028925 0.412748
2 2 0.197311 0.181730 0.355118 0.103434 0.162407
2 2 0.168974 0.216320 0.410038 0.099934 0.104734
4 2 0.154940 0.172532 0.237532 0.035502 0.399494
2 2 0.110881 0.182922 0.354944 0.068501 0.282752
2 2 0.070356 0.138824 0.564369 0.171425 0.055026
3 2 0.026243 0.034496 0.217594 0.678610 0.043057
2 2 0.092405 0.195442 0.555348 0.095900 0.060905
3 2 0.028749 0.055120 0.392903 0.476623 0.046605
3 2 0.147081 0.087955 0.261872 0.414487 0.088604
3 2 0.059247 0.060234 0.309329 0.531801 0.039390
3 2 0.090631 0.085264 0.372305 0.408067 0.043732
2 2 0.181451 0.106635 0.305536 0.246848 0.159529
0 2 0.627551 0.097444 0.104077 0.080555 0.090373
0 2 0.423576 0.115742 0.085717 0.015664 0.359301
2 2 0.289989 0.193253 0.328625 0.102136 0.085998
2 2 0.114579 0.170624 0.511731 0.162605 0.040462
2 2 0.115261 0.195509 0.491435 0.120793 0.077002
2 2 0.217128 0.131646 0.256056 0.161467 0.233704
3 2 0.042015 0.036253 0.196973 0.694874 0.029886
3 2 0.030604 0.027843 0.227911 0.706760 0.006882
3 2 0.125791 0.079932 0.243345 0.406107 0.144824
4 2 0.248641 0.186511 0.194189 0.050927 0.319731
0 0 0.377655 0.162041 0.194751 0.111559 0.153995
2 1 0.161550 0.244607 0.391621 0.074254 0.127969
2 2 0.154876 0.247026 0.389646 0.048847 0.159605
4 2 0.141930 0.108666 0.180379 0.075306 0.493719
3 2 0.220281 0.128282 0.280218 0.293706 0.077513
3 2 0.085059 0.048642 0.236279 0.557904 0.072117
2 2 0.205876 0.159357 0.281744 0.160522 0.192501
2 2 0.086364 0.109688 0.447317 0.327867 0.028764
2 2 0.114082 0.131577 0.393572 0.205207 0.155562
4 2 0.228009 0.179518 0.180975 0.026517 0.384980
4 2 0.097926 0.201009 0.321575 0.020620 0.358869
4 2 0.085137 0.227775 0.265579 0.005033 0.416475
4 2 0.091140 0.198582 0.252897 0.010871 0.446510
4 2 0.069918 0.145615 0.220901 0.010387 0.553179
4 2 0.109904 0.141662 0.255593 0.065266 0.427575
4 2 0.114093 0.240328 0.263313 0.009167 0.373099
2 2 0.112111 0.243271 0.389857 0.027595 0.227166
2 2 0.095414 0.103918 0.321175 0.251023 0.228469
2 3 0.245784 0.187571 0.290105 0.059548 0.216992
2 2 0.237473 0.196737 0.255593 0.121011 0.189186
2 2 0.100528 0.191595 0.412929 0.048507 0.246440
3 2 0.035392 0.062528 0.372519 0.505331 0.024231
4 2 0.122249 0.161224 0.177595 0.015081 0.523851
2 2 0.141711 0.244957 0.341397 0.029234 0.242702
4 2 0.098274 0.136326 0.257188 0.048099 0.460112
2 2 0.141672 0.260677 0.343547 0.022473 0.231631
4 2 0.167052 0.151927 0.174545 0.028945 0.477530
4 2 0.121698 0.155419 0.124798 0.006538 0.591546
2 3 0.159005 0.227790 0.344719 0.055399 0.213087
2 3 0.222339 0.191031 0.322357 0.118150 0.146123
2 2 0.035294 0.087863 0.518448 0.323066 0.035329
2 2 0.049853 0.078966 0.409138 0.355721 0.106322
4 3 0.208739 0.201328 0.254893 0.061562 0.273478
2 3 0.110619 0.139194 0.374094 0.236435 0.139658
2 3 0.082441 0.171643 0.491676 0.186780 0.067461
2 3 0.121001 0.151393 0.376012 0.215087 0.136507
0 3 0.295058 0.190407 0.245175 0.051196 0.218163
3 3 0.054853 0.080805 0.401819 0.410710 0.051812
4 3 0.234567 0.127069 0.174117 0.052656 0.411591
2 3 0.111168 0.112876 0.445023 0.270123 0.060810
2 3 0.116716 0.138354 0.336171 0.123693 0.285065
2 3 0.161515 0.166900 0.416141 0.188785 0.066658
2 3 0.172005 0.238500 0.353414 0.076376 0.159705
3 3 0.060813 0.058658 0.320176 0.541022 0.019331
3 3 0.194365 0.089264 0.265064 0.296743 0.154564
0 3 0.313446 0.201329 0.273129 0.059020 0.153075
0 3 0.274478 0.105421 0.211135 0.269305 0.139660
2 3 0.231784 0.172715 0.328550 0.128456 0.138495
3 3 0.199466 0.101427 0.241090 0.287728 0.170290
0 3 0.307983 0.140291 0.234955 0.227553 0.089218
4 3 0.172370 0.145810 0.254789 0.097120 0.329912
3 3 0.163477 0.118830 0.274998 0.336609 0.106086
3 3 0.027043 0.030201 0.189411 0.724792 0.028553
3 3 0.139906 0.106551 0.290512 0.423373 0.039657
2 3 0.257684 0.190429 0.331888 0.126409 0.093590
0 3 0.310316 0.120377 0.205392 0.210895 0.153020
3 3 0.272730 0.096699 0.223897 0.367971 0.038702
3 3 0.134091 0.079503 0.234585 0.417083 0.134738
2 3 0.176888 0.231406 0.350327 0.093365 0.148014
3 3 0.257021 0.095702 0.203591 0.302879 0.140807
2 3 0.083291 0.177219 0.553138 0.112538 0.073813
2 3 0.114632 0.153682 0.363794 0.080367 0.287525
4 3 0.143259 0.228567 0.247745 0.009627 0.370802
2 3 0.084061 0.261790 0.345300 0.006544 0.302304
2 3 0.094936 0.210288 0.459049 0.027337 0.208390
2 3 0.090822 0.135255 0.391039 0.228110 0.154775
2 3 0.083053 0.186478 0.471331 0.073564 0.185574
2 3 0.055275 0.108373 0.465504 0.247449 0.123399
2 3 0.098375 0.199026 0.453368 0.047300 0.201932
2 3 0.123344 0.165056 0.460169 0.098392 0.153039
2 3 0.075121 0.235218 0.521150 0.029934 0.138577
2 3 0.128756 0.207513 0.388950 0.037737 0.237044
2 3 0.087415 0.179977 0.511642 0.067433 0.153533
2 3 0.057802 0.122618 0.581793 0.170490 0.067297
2 3 0.123297 0.172451 0.386700 0.052455 0.265096
2 3 0.089133 0.099600 0.399556 0.375233 0.036478
0 3 0.396286 0.153675 0.186707 0.105831 0.157500
2 3 0.166254 0.154813 0.343289 0.195996 0.139649
2 3 0.084717 0.107261 0.399376 0.334745 0.073901
2 3 0.132809 0.128176 0.317688 0.293564 0.127764
4 3 0.167922 0.201731 0.287875 0.051470 0.291002
2 3 0.057880 0.097458 0.445979 0.368268 0.030416
2 3 0.148726 0.143143 0.412091 0.174656 0.121384
2 3 0.081585 0.089609 0.372262 0.346637 0.109907
3 3 0.139335 0.053743 0.212062 0.523123 0.071738
3 3 0.127175 0.100102 0.318946 0.421484 0.032293
3 3 0.029470 0.032496 0.242837 0.678483 0.016714
2 3 0.147116 0.128622 0.319709 0.272325 0.132228
3 3 0.081980 0.068083 0.264691 0.492027 0.093219
2 3 0.141071 0.142002 0.428594 0.196272 0.092061
2 3 0.107864 0.137704 0.443057 0.228078 0.083297
2 3 0.087363 0.103343 0.422523 0.344138 0.042633
0 3 0.283006 0.119562 0.215683 0.192707 0.189042
2 3 0.116387 0.138096 0.455097 0.235280 0.055139
3 3 0.154962 0.095762 0.299591 0.352984 0.096701
3 3 0.150886 0.073875 0.225089 0.474379 0.075772
2 3 0.223948 0.148714 0.260705 0.173996 0.192637
3 3 0.034426 0.041073 0.346533 0.568495 0.009472
4 0 0.170553 0.125147 0.244834 0.129856 0.329610
0 0 0.578716 0.105923 0.123050 0.109899 0.082412
0 2 0.298567 0.175695 0.235689 0.152654 0.137396
2 2 0.104858 0.278549 0.377336 0.011203 0.228055
4 3 0.146258 0.165852 0.257131 0.016433 0.414327
4 3 0.118761 0.162191 0.279533 0.023025 0.416489
4 3 0.123591 0.153280 0.243603 0.039531 0.439995
4 2 0.150515 0.242100 0.281559 0.018307 0.307519
4 2 0.082871 0.149725 0.347882 0.051624 0.367899
4 4 0.103638 0.190362 0.186152 0.003084 0.516764
4 4 0.067713 0.201544 0.227287 0.002823 0.500632
4 4 0.075916 0.241910 0.277996 0.003257 0.400921
2 4 0.125868 0.212600 0.419362 0.057714 0.184455
2 4 0.041968 0.113704 0.603064 0.214847 0.026417
2 4 0.209244 0.196997 0.280018 0.159370 0.154371
2 4 0.094480 0.127894 0.489828 0.158480 0.129317
2 4 0.073732 0.093240 0.467547 0.324125 0.041355
3 4 0.235173 0.056484 0.160759 0.431001 0.116582
0 4 0.366637 0.102127 0.132533 0.066543 0.332160
0 4 0.422902 0.124255 0.120608 0.039136 0.293100
3 4 0.203577 0.114976 0.247644 0.309375 0.124428
2 4 0.085078 0.167686 0.493955 0.112327 0.140954
4 4 0.278593 0.121836 0.133408 0.037807 0.428356
4 4 0.141391 0.094882 0.151173 0.035678 0.576876
2 4 0.104082 0.141197 0.399674 0.165910 0.189136
2 4 0.063267 0.180938 0.578584 0.042327 0.134883
4 4 0.168959 0.182284 0.224766 0.020706 0.403284
2 4 0.185430 0.162077 0.292438 0.081736 0.278319
2 4 0.217742 0.219204 0.281665 0.028054 0.253336
2 4 0.238042 0.211024 0.346851 0.072811 0.131271
2 4 0.216794 0.169988 0.314247 0.069725 0.229246
4 4 0.179466 0.134960 0.161446 0.024554 0.499575
4 4 0.320946 0.087643 0.087518 0.022159 0.481734
0 0 0.290220 0.159222 0.232312 0.126261 0.191986
3 4 0.281762 0.094746 0.218845 0.366906 0.037741
2 4 0.057795 0.140937 0.591187 0.147549 0.062532
2 4 0.059557 0.254351 0.564661 0.015393 0.106038
2 4 0.079497 0.180073 0.442477 0.035706 0.262246
2 4 0.064526 0.205560 0.540030 0.033838 0.156046
2 4 0.029851 0.133019 0.709738 0.085997 0.041394
2 4 0.066052 0.150590 0.450319 0.077675 0.255364
3 4 0.022361 0.009082 0.086085 0.877457 0.005015
2 4 0.099941 0.284933 0.436891 0.014155 0.164080
2 4 0.017215 0.061859 0.565608 0.336280 0.019038
2 4 0.135021 0.158207 0.334279 0.289769 0.082725
3 4 0.083967 0.061992 0.315674 0.512024 0.026343
4 4 0.163353 0.139858 0.101037 0.003962 0.591790
2 4 0.218133 0.220602 0.314253 0.032019 0.214992
4 4 0.152269 0.178184 0.200065 0.032768 0.436714
0 4 0.449462 0.144199 0.145588 0.060003 0.200748
2 4 0.081671 0.150571 0.504778 0.056877 0.206104
0 4 0.399869 0.140499 0.131459 0.038440 0.289733
2 4 0.096817 0.174062 0.500151 0.085123 0.143847
2 4 0.057073 0.159970 0.630154 0.107215 0.045588
2 4 0.038026 0.104446 0.609501 0.162909 0.085118
2 4 0.063845 0.128851 0.428842 0.063610 0.314853
2 4 0.049524 0.164083 0.613575 0.049081 0.123737
2 4 0.051431 0.116750 0.577831 0.105160 0.148829
2 4 0.105160 0.250378 0.366468 0.015181 0.262812
4 4 0.118737 0.198260 0.263067 0.021830 0.398107
2 4 0.121645 0.218504 0.432729 0.053064 0.174057
2 4 0.082036 0.163781 0.391066 0.039228 0.323888
2 4 0.033724 0.139133 0.559386 0.027131 0.240627
2 4 0.022285 0.110318 0.683006 0.063951 0.120439
2 4 0.033674 0.141813 0.490401 0.018000 0.316112
2 4 0.030533 0.128038 0.527752 0.025611 0.288067
2 4 0.035761 0.154468 0.489298 0.014732 0.305742
2 0 0.031234 0.155636 0.629749 0.024351 0.159031
2 0 0.028885 0.116469 0.708090 0.058182 0.088374
2 0 0.022285 0.108530 0.622592 0.040168 0.206425
2 0 0.025995 0.131430 0.681452 0.044683 0.116441
2 0 0.024250 0.099968 0.615208 0.066881 0.193694
2 0 0.035192 0.162370 0.598382 0.024033 0.180023
2 1 0.028310 0.133432 0.601458 0.031311 0.205489
2 1 0.022591 0.113660 0.713027 0.045471 0.105250
2 1 0.025672 0.125606 0.652079 0.035102 0.161541
2 1 0.033208 0.157631 0.572369 0.019224 0.217568
2 0 0.023293 0.120583 0.698838 0.051998 0.105288
2 1 0.023622 0.128293 0.701298 0.044428 0.102359
2 1 0.019427 0.114204 0.722622 0.043821 0.099926
2 0 0.044963 0.147517 0.506770 0.021325 0.279425
2 0 0.044777 0.152238 0.600131 0.029030 0.173823
2 0 0.065348 0.176747 0.536954 0.028773 0.192178
2 0 0.059394 0.153543 0.397867 0.026110 0.363086
2 0 0.030912 0.116021 0.634347 0.072286 0.146435
2 0 0.033326 0.162048 0.599945 0.020970 0.183711
2 0 0.031259 0.162764 0.691774 0.030097 0.084106
4 0 0.228402 0.105116 0.208704 0.161704 0.296075
2 0 0.057400 0.124409 0.602613 0.078921 0.136656
2 0 0.024076 0.092022 0.697362 0.111725 0.074814
2 0 0.029977 0.110018 0.655190 0.129580 0.075234
4 0 0.128812 0.159793 0.232595 0.011313 0.467487
3 0 0.221494 0.093216 0.228476 0.285885 0.170928
0 0 0.524422 0.079767 0.136725 0.219624 0.039461
0 0 0.621373 0.095135 0.108112 0.101419 0.073960
0 0 0.748397 0.062923 0.066416 0.073474 0.048790
0 0 0.680363 0.080186 0.088234 0.088949 0.062268
2 0 0.222615 0.101585 0.266314 0.157751 0.251735
2 0 0.148069 0.104006 0.340774 0.154543 0.252607
3 0 0.193203 0.102170 0.257684 0.384606 0.062336
3 0 0.178114 0.062660 0.214153 0.420312 0.124761
2 0 0.086763 0.157745 0.405617 0.047236 0.302638
0 0 0.461439 0.135431 0.166754 0.130787 0.105588
2 0 0.117521 0.101958 0.417084 0.285542 0.077894
4 0 0.148626 0.058722 0.148573 0.104809 0.539270
3 0 0.087602 0.039117 0.250482 0.586898 0.035901
4 0 0.153794 0.071325 0.203057 0.221871 0.349954
3 0 0.096509 0.033294 0.161412 0.702804 0.005982
0 0 0.612713 0.072473 0.104669 0.151468 0.058677
0 0 0.692492 0.080483 0.068808 0.033198 0.125019
4 0 0.219544 0.120447 0.140416 0.037889 0.481704
2 0 0.053487 0.084785 0.474784 0.266735 0.120209
0 0 0.468755 0.085854 0.130027 0.124943 0.190420
0 0 0.766524 0.061424 0.050246 0.026987 0.094819
4 1 0.122173 0.109603 0.159194 0.040818 0.568212
4 1 0.214072 0.151895 0.124741 0.016811 0.492481
4 0 0.265053 0.164363 0.235927 0.053018 0.281638
0 1 0.386277 0.125267 0.096026 0.017416 0.375013
3 1 0.051316 0.052075 0.383879 0.463587 0.049143
4 1 0.181132 0.124287 0.212768 0.057948 0.423865
4 1 0.150252 0.083541 0.178238 0.103365 0.484604
2 1 0.168699 0.159383 0.388644 0.135396 0.147879
2 2 0.061885 0.137769 0.516051 0.100265 0.184031
2 1 0.087846 0.148919 0.548022 0.161467 0.053746
2 1 0.079556 0.211576 0.563769 0.036183 0.108917
4 1 0.179155 0.151628 0.255372 0.057180 0.356665
4 1 0.142141 0.135122 0.147131 0.013316 0.562290
2 1 0.126561 0.171751 0.425488 0.142576 0.133624
2 1 0.058663 0.090894 0.524879 0.238790 0.086775
2 1 0.107790 0.156623 0.481931 0.085302 0.168354
2 1 0.141865 0.256661 0.335425 0.015311 0.250737
2 2 0.194848 0.192034 0.419565 0.068341 0.125212
2 2 0.044211 0.140801 0.683653 0.090925 0.040410
2 2 0.041524 0.122550 0.693629 0.126846 0.015451
2 2 0.060997 0.074673 0.433042 0.397738 0.033550
2 2 0.062440 0.149213 0.533719 0.093565 0.161063
4 1 0.229611 0.194664 0.254781 0.057377 0.263568
2 1 0.045412 0.135831 0.590801 0.098225 0.129731
4 1 0.096102 0.211060 0.248597 0.007158 0.437083
2 1 0.125339 0.176508 0.373913 0.060977 0.263264
2 1 0.080542 0.210827 0.564637 0.043029 0.100966
3 2 0.024685 0.048432 0.323557 0.588830 0.014496
2 2 0.077178 0.159802 0.488655 0.101416 0.172949
2 2 0.128398 0.239158 0.412111 0.058509 0.161823
2 2 0.034920 0.133949 0.679822 0.106361 0.044947
2 2 0.094393 0.180068 0.512922 0.107288 0.105328
2 2 0.044790 0.092370 0.577986 0.239358 0.045497
2 2 0.075120 0.117125 0.557689 0.200660 0.049405
2 1 0.169727 0.203288 0.346374 0.041674 0.238937
2 1 0.059958 0.155958 0.625926 0.096372 0.061786
2 1 0.129555 0.202425 0.371601 0.049390 0.247029
4 1 0.216844 0.207284 0.230358 0.021818 0.323696
2 2 0.119028 0.171441 0.478648 0.089429 0.141453
2 2 0.068354 0.199629 0.498276 0.034747 0.198993
2 2 0.088503 0.140809 0.397617 0.075394 0.297677
2 0 0.209244 0.196997 0.280018 0.159370 0.154371
0 1 0.526525 0.119088 0.141999 0.119648 0.092740
4 2 0.131258 0.197813 0.223064 0.011110 0.436754
2 2 0.118940 0.180965 0.481587 0.125612 0.092896
2 2 0.108754 0.160843 0.399704 0.087479 0.243220
2 2 0.097297 0.096034 0.421976 0.310723 0.073970
2 2 0.182759 0.235526 0.289235 0.027496 0.264984
2 2 0.113123 0.138047 0.449985 0.245388 0.053456
4 2 0.125297 0.215707 0.251410 0.016255 0.391331
4 2 0.203226 0.152662 0.245973 0.075625 0.322514
4 2 0.057806 0.095833 0.255469 0.036639 0.554254
2 2 0.099844 0.154574 0.520244 0.139025 0.086314
2 2 0.047470 0.082195 0.426977 0.216840 0.226518
2 2 0.141566 0.156872 0.346938 0.057132 0.297493
2 2 0.087234 0.170537 0.463263 0.055530 0.223437
2 2 0.052275 0.092326 0.474214 0.294886 0.086298
2 2 0.139332 0.215901 0.413188 0.058679 0.172899
2 2 0.148373 0.187942 0.337816 0.031387 0.294482
4 2 0.071193 0.138708 0.348401 0.045477 0.396222
2 2 0.102946 0.210561 0.426114 0.040374 0.220004
4 1 0.110686 0.188169 0.245842 0.018280 0.437023
2 1 0.061667 0.187754 0.590940 0.079755 0.079884
2 1 0.234433 0.191565 0.346069 0.040998 0.186936
2 2 0.097208 0.224148 0.370383 0.021362 0.286899
2 0 0.120210 0.192411 0.418585 0.040710 0.228085
0 0 0.309786 0.172966 0.230530 0.151488 0.135231
0 1 0.439793 0.140843 0.175291 0.134223 0.109849
2 2 0.105805 0.118521 0.404312 0.177728 0.193634
2 2 0.135973 0.193787 0.443535 0.097135 0.129570
2 2 0.089515 0.130746 0.504168 0.224581 0.050990
4 2 0.228868 0.160865 0.237143 0.081643 0.291481
3 2 0.157625 0.119330 0.320965 0.322482 0.079599
2 2 0.080023 0.142689 0.526975 0.203212 0.047101
3 2 0.022689 0.042049 0.369357 0.535419 0.030486
2 2 0.178584 0.127835 0.322703 0.200650 0.170229
2 2 0.141049 0.226723 0.420727 0.105856 0.105645
0 2 0.307256 0.169183 0.271825 0.060633 0.191103
3 2 0.034382 0.037033 0.244532 0.648937 0.035116
2 2 0.114687 0.115286 0.360440 0.271949 0.137638
4 2 0.105000 0.115727 0.274108 0.158361 0.346804
2 2 0.024110 0.073404 0.535373 0.339043 0.028070
2 2 0.053415 0.129769 0.573262 0.205501 0.038052
2 2 0.124551 0.174640 0.413018 0.138090 0.149701
2 2 0.194653 0.240204 0.376932 0.043048 0.145163
2 2 0.235651 0.153616 0.366604 0.141827 0.102302
2 2 0.294255 0.192551 0.300995 0.076437 0.135763
4 2 0.231263 0.187937 0.182359 0.025562 0.372878
4 2 0.202858 0.115688 0.123553 0.026301 0.531600
2 2 0.148460 0.133484 0.295159 0.169075 0.253822
4 2 0.146338 0.223270 0.263320 0.013724 0.353348
0 2 0.319133 0.205314 0.293699 0.058648 0.123206
2 2 0.224056 0.132889 0.257787 0.175510 0.209757
2 2 0.189522 0.153398 0.398806 0.143357 0.114917
0 2 0.302869 0.118427 0.245538 0.225994 0.107172
3 2 0.224659 0.068690 0.204620 0.385676 0.116355
2 2 0.218829 0.157693 0.304561 0.143865 0.175052
4 2 0.201815 0.154643 0.247781 0.034044 0.361717
2 2 0.093432 0.259681 0.321269 0.007039 0.318578
4 3 0.096053 0.180506 0.260285 0.016771 0.446385
2 2 0.095739 0.179529 0.503762 0.106926 0.114043
2 3 0.111965 0.169839 0.445249 0.140015 0.132932
2 3 0.161890 0.214582 0.411899 0.071651 0.139979
4 3 0.126438 0.236518 0.261118 0.012807 0.363119
2 3 0.077723 0.197237 0.539089 0.096736 0.089215
2 3 0.063460 0.078281 0.426241 0.397558 0.034460
3 3 0.156669 0.101520 0.261362 0.321915 0.158534
2 3 0.119971 0.188815 0.447096 0.064035 0.180082
4 3 0.077547 0.168602 0.290857 0.016152 0.446843
4 3 0.130356 0.155069 0.268707 0.081343 0.364525
2 3 0.109693 0.117079 0.446210 0.253966 0.073052
2 3 0.102029 0.120275 0.401143 0.303579 0.072973
2 3 0.136541 0.154186 0.334416 0.157421 0.217434
0 3 0.277252 0.157883 0.268245 0.132682 0.163938
2 3 0.118621 0.171598 0.454967 0.170293 0.084522
2 3 0.183786 0.156698 0.375515 0.184370 0.099631
3 3 0.096702 0.061431 0.256932 0.555368 0.029568
2 3 0.183814 0.128725 0.360226 0.271446 0.055788
2 3 0.137294 0.148987 0.419065 0.157554 0.137100
2 3 0.182079 0.120851 0.347893 0.192366 0.156811
2 3 0.050886 0.113801 0.505926 0.218230 0.111158
3 3 0.104010 0.077515 0.264015 0.435209 0.119250
0 3 0.313881 0.180088 0.225001 0.075549 0.205480
3 3 0.107750 0.065063 0.227754 0.527609 0.071825
0 3 0.366691 0.164934 0.172794 0.063231 0.232351
3 3 0.053692 0.037606 0.198024 0.655611 0.055067
2 3 0.111326 0.127801 0.312936 0.190799 0.257137
4 3 0.183788 0.157421 0.252224 0.082186 0.324381
0 3 0.268293 0.203213 0.253416 0.078335 0.196743
0 3 0.365737 0.166605 0.183027 0.077372 0.207258
4 3 0.243647 0.191811 0.226174 0.071875 0.266494
2 3 0.178657 0.168756 0.316719 0.222364 0.113504
2 3 0.040266 0.090193 0.516393 0.323357 0.029790
3 3 0.020757 0.016282 0.131302 0.817751 0.013908
2 3 0.152792 0.196472 0.367687 0.178064 0.104984
2 3 0.220308 0.189708 0.351257 0.036574 0.202152
3 3 0.151833 0.119254 0.289202 0.361210 0.078500
0 3 0.348538 0.167031 0.169414 0.053037 0.261979
0 3 0.282049 0.128611 0.254912 0.196868 0.137561
0 3 0.382151 0.138707 0.203869 0.183552 0.091721
0 0 0.317891 0.164535 0.223649 0.101049 0.192875
0 1 0.362323 0.160080 0.207291 0.145277 0.125028
4 2 0.061161 0.145056 0.126103 0.001696 0.665983
4 2 0.099345 0.176973 0.214744 0.011959 0.496979
4 2 0.114133 0.205802 0.197867 0.007865 0.474334
4 1 0.136428 0.248107 0.286834 0.012888 0.315743
2 1 0.120089 0.221381 0.469618 0.061756 0.127156
4 1 0.078551 0.182280 0.155514 0.002366 0.581290
2 1 0.034467 0.064788 0.469543 0.416111 0.015090
2 4 0.026360 0.078965 0.644724 0.211357 0.038594
2 4 0.024565 0.065531 0.603694 0.277943 0.028267
2 4 0.030208 0.071184 0.632402 0.240139 0.026068
2 4 0.039494 0.118070 0.631646 0.094136 0.116654
2 4 0.090072 0.134204 0.438744 0.182978 0.154003
3 0 0.014709 0.031478 0.469681 0.472586 0.011546
2 0 0.089375 0.141341 0.494930 0.225638 0.048716
2 4 0.046189 0.123509 0.656040 0.104923 0.069339
2 4 0.021400 0.068472 0.655097 0.222861 0.032170
2 4 0.145247 0.107520 0.342762 0.223461 0.181010
0 4 0.430151 0.104989 0.187260 0.200750 0.076851
4 4 0.198504 0.132481 0.181581 0.028694 0.458740
2 4 0.067076 0.175016 0.556286 0.049878 0.151744
2 4 0.020317 0.075570 0.697212 0.172428 0.034473
2 4 0.039601 0.108665 0.662197 0.100151 0.089386
4 4 0.229470 0.121912 0.199178 0.119200 0.330239
2 4 0.024666 0.133920 0.714180 0.050013 0.077220
4 4 0.287195 0.122717 0.106891 0.019492 0.463704
0 4 0.561040 0.105233 0.085484 0.026114 0.222129
2 4 0.044189 0.085512 0.504433 0.269019 0.096846
2 4 0.022483 0.072105 0.617486 0.190463 0.097463
0 0 0.633240 0.092130 0.104042 0.098980 0.071608
0 0 0.383609 0.154818 0.198254 0.142447 0.120871
2 4 0.064351 0.115770 0.592375 0.149412 0.078092
2 4 0.078676 0.201320 0.528460 0.028411 0.163133
2 4 0.050187 0.095601 0.576372 0.175586 0.102253
2 4 0.031163 0.093494 0.616651 0.126139 0.132552
2 4 0.022400 0.092034 0.715310 0.105607 0.064649
2 4 0.040206 0.124984 0.640682 0.060646 0.133481
2 4 0.040335 0.162224 0.556656 0.023854 0.216931
2 4 0.019073 0.052513 0.560427 0.332307 0.035680
2 4 0.136899 0.172806 0.380296 0.037653 0.272346
4 4 0.246252 0.097803 0.208889 0.112448 0.334608
2 4 0.111543 0.122938 0.473694 0.155757 0.136068
0 4 0.396352 0.158965 0.181030 0.092330 0.171323
0 4 0.369375 0.146723 0.128665 0.030502 0.324736
4 4 0.311263 0.084466 0.098695 0.025448 0.480128
0 4 0.692131 0.050348 0.039013 0.013513 0.204995
0 4 0.351887 0.099234 0.145960 0.093394 0.309526
2 4 0.142682 0.183559 0.507889 0.087756 0.078113
3 4 0.015545 0.020279 0.233380 0.705007 0.025789
2 4 0.045544 0.134419 0.625544 0.051800 0.142693
2 4 0.052800 0.173591 0.537758 0.019945 0.215906
2 4 0.015819 0.063294 0.686081 0.217137 0.017669
2 4 0.038815 0.119839 0.600912 0.070500 0.169935
2 4 0.020619 0.107575 0.735563 0.087175 0.049068
2 4 0.042256 0.150501 0.636074 0.045064 0.126105
2 4 0.068183 0.151453 0.496220 0.046738 0.237406
2 4 0.023359 0.069671 0.655367 0.179327 0.072276
4 4 0.150284 0.115128 0.278796 0.116250 0.339543
2 4 0.098189 0.240482 0.471737 0.042826 0.146766
2 4 0.064703 0.087354 0.458732 0.283836 0.105375
4 4 0.111794 0.140689 0.244666 0.046786 0.456065
2 4 0.066638 0.205095 0.462262 0.017841 0.248164
0 0 0.430566 0.132583 0.140155 0.057940 0.238757
0 0 0.429723 0.133622 0.154918 0.081340 0.200397
2 1 0.115247 0.120801 0.402441 0.158932 0.202580
4 1 0.109986 0.130590 0.335562 0.069754 0.354109
4 1 0.119275 0.135739 0.204662 0.013306 0.527019
4 1 0.101004 0.144324 0.308432 0.037389 0.408851
2 2 0.067602 0.145276 0.498643 0.117441 0.171038
2 2 0.046910 0.107436 0.520456 0.228225 0.096973
2 2 0.027772 0.083692 0.576389 0.136689 0.175458
2 2 0.108576 0.164483 0.472214 0.040394 0.214332
2 1 0.108943 0.169426 0.454916 0.075896 0.190819
