0 0 0.413929 0.103778 0.119234 0.076139 0.286920
0 0 0.535203 0.095606 0.129737 0.123856 0.115598
3 0 0.260172 0.091488 0.271257 0.342785 0.034297
0 0 0.495010 0.062114 0.039886 0.013381 0.389609
2 0 0.277087 0.116035 0.292076 0.265891 0.048911
4 0 0.363268 0.067878 0.045642 0.013215 0.509997
0 1 0.480439 0.106287 0.167607 0.169209 0.076459
4 1 0.257143 0.161293 0.170837 0.039390 0.371338
4 1 0.144205 0.065044 0.028698 0.001600 0.760452
4 1 0.370028 0.089316 0.079440 0.032762 0.428454
4 4 0.291216 0.127531 0.186300 0.093922 0.301030
3 1 0.039820 0.035626 0.224498 0.671008 0.029047
4 1 0.181809 0.133837 0.197337 0.047155 0.439863
2 4 0.138659 0.128486 0.325219 0.101756 0.305880
2 4 0.148293 0.139439 0.402914 0.233204 0.076150
4 4 0.118323 0.155797 0.175420 0.007095 0.543366
2 4 0.063081 0.152019 0.388073 0.028071 0.368756
2 4 0.184878 0.292118 0.348023 0.030376 0.144605
4 4 0.093184 0.205482 0.271306 0.006496 0.423531
4 4 0.087097 0.189397 0.303994 0.010957 0.408555
4 4 0.187548 0.169152 0.181094 0.025872 0.436334
2 4 0.072004 0.140740 0.487018 0.161211 0.139027
4 4 0.132642 0.190746 0.269355 0.015906 0.391350
4 4 0.104116 0.131943 0.150932 0.007414 0.605595
2 4 0.084268 0.097446 0.383443 0.300492 0.134352
4 4 0.090737 0.161483 0.150357 0.002143 0.595280
2 4 0.085849 0.153680 0.396498 0.057946 0.306026
4 4 0.158878 0.113505 0.181333 0.044923 0.501361
4 4 0.083701 0.196756 0.318885 0.009426 0.391232
2 4 0.083038 0.199593 0.384966 0.016888 0.315515
2 4 0.053290 0.142144 0.460340 0.039671 0.304555
4 4 0.192375 0.135974 0.182381 0.044174 0.445096
4 4 0.306793 0.141770 0.171630 0.026709 0.353097
2 4 0.056727 0.077511 0.542953 0.261455 0.061354
2 4 0.038987 0.072588 0.608794 0.251846 0.027785
3 1 0.059614 0.072332 0.374649 0.435585 0.057820
2 1 0.080939 0.159014 0.400544 0.056750 0.302754
0 1 0.324892 0.154317 0.271197 0.126047 0.123547
2 1 0.085597 0.101462 0.382298 0.367867 0.062776
2 1 0.126404 0.231127 0.326834 0.011748 0.303887
2 2 0.047615 0.077227 0.400908 0.358072 0.116178
2 2 0.040350 0.066272 0.459323 0.382480 0.051575
2 2 0.046152 0.109598 0.570539 0.193443 0.080268
2 2 0.026089 0.098900 0.680553 0.147351 0.047107
2 2 0.045720 0.094828 0.556283 0.206533 0.096635
3 2 0.007757 0.016850 0.353381 0.612648 0.009363
2 3 0.071044 0.101618 0.531247 0.234099 0.061992
2 3 0.039003 0.057133 0.496896 0.381157 0.025811
3 3 0.023325 0.034302 0.331961 0.582862 0.027550
3 3 0.036485 0.051513 0.337491 0.521380 0.053130
2 3 0.079663 0.146815 0.559434 0.088646 0.125442
2 3 0.052878 0.129172 0.531044 0.139544 0.147362
4 3 0.142880 0.190078 0.224875 0.015408 0.426760
4 3 0.136788 0.155830 0.221987 0.028818 0.456576
1 3 0.132896 0.303835 0.279281 0.004219 0.279769
4 3 0.172710 0.162973 0.145405 0.011116 0.507797
4 3 0.174863 0.176427 0.202834 0.017712 0.428164
2 3 0.124189 0.163791 0.467149 0.091894 0.152978
2 3 0.145076 0.186232 0.380505 0.053979 0.234208
2 3 0.159067 0.144361 0.307645 0.097761 0.291165
4 3 0.102771 0.149346 0.308401 0.046103 0.393379
4 3 0.398298 0.082789 0.068232 0.026758 0.423923
4 3 0.348153 0.086681 0.074252 0.028119 0.462796
4 3 0.136026 0.132453 0.203416 0.043598 0.484507
4 3 0.155364 0.154498 0.271577 0.089350 0.329211
4 3 0.093713 0.153863 0.326745 0.044285 0.381394
2 3 0.123672 0.160935 0.404549 0.125994 0.184849
2 3 0.150937 0.244410 0.358910 0.021209 0.224534
4 3 0.135544 0.131051 0.250769 0.088033 0.394603
2 3 0.130830 0.108843 0.417385 0.282867 0.060075
2 3 0.127417 0.191989 0.524013 0.058355 0.098227
4 3 0.185697 0.158571 0.254769 0.052455 0.348507
2 3 0.106349 0.106293 0.400514 0.267610 0.119234
3 3 0.068633 0.062582 0.298790 0.500722 0.069273
3 3 0.138047 0.068296 0.252605 0.477607 0.063445
2 3 0.047280 0.060189 0.423139 0.416853 0.052540
2 3 0.220213 0.135436 0.273788 0.131728 0.238836
2 3 0.141215 0.136513 0.363896 0.205343 0.153033
4 3 0.221342 0.115572 0.199487 0.135747 0.327852
2 3 0.199994 0.122956 0.345127 0.259831 0.072093
3 3 0.064673 0.044819 0.234947 0.607060 0.048501
2 3 0.177066 0.132225 0.317561 0.216815 0.156333
3 3 0.037337 0.027406 0.255915 0.666310 0.013033
2 3 0.199034 0.209003 0.343709 0.083034 0.165220
4 3 0.238837 0.122734 0.157975 0.079308 0.401147
2 3 0.125375 0.121715 0.308544 0.290730 0.153637
4 3 0.326578 0.111760 0.138795 0.078071 0.344796
2 3 0.183066 0.133461 0.436988 0.195017 0.051468
2 3 0.279605 0.145985 0.301150 0.194834 0.078426
3 3 0.019622 0.015214 0.139976 0.813102 0.012086
2 3 0.234435 0.123899 0.256820 0.196783 0.188063
2 3 0.187478 0.140420 0.347168 0.207478 0.117457
3 3 0.022347 0.024241 0.187372 0.743711 0.022329
3 3 0.016529 0.020655 0.201831 0.743949 0.017036
4 3 0.269001 0.116877 0.120769 0.041991 0.451363
4 3 0.187645 0.125525 0.213434 0.079374 0.394021
3 3 0.104470 0.075336 0.279494 0.457823 0.082877
4 3 0.178415 0.115591 0.158571 0.043644 0.503779
0 3 0.243081 0.124022 0.219754 0.199114 0.214028
2 3 0.225274 0.257993 0.321720 0.017134 0.177880
3 3 0.280330 0.089028 0.215675 0.328318 0.086649
3 3 0.078554 0.044323 0.280764 0.559530 0.036828
3 3 0.080773 0.041960 0.196757 0.644310 0.036200
3 3 0.013160 0.007624 0.099129 0.877325 0.002762
3 3 0.059454 0.040687 0.211383 0.650983 0.037494
0 3 0.314770 0.113000 0.189908 0.120415 0.261907
3 3 0.047482 0.029772 0.193024 0.706959 0.022763
4 3 0.307100 0.118508 0.144668 0.048807 0.380917
2 3 0.236347 0.121402 0.240011 0.229522 0.172718
3 3 0.112937 0.077971 0.255023 0.460480 0.093590
3 3 0.241770 0.077615 0.204989 0.352659 0.122966
0 3 0.413706 0.132271 0.121221 0.033325 0.299478
3 3 0.128322 0.062794 0.245690 0.507601 0.055593
3 3 0.021431 0.017742 0.162680 0.785376 0.012771
3 3 0.006486 0.005520 0.101154 0.884195 0.002645
3 3 0.058088 0.050290 0.334457 0.534794 0.022371
3 3 0.233580 0.091381 0.216877 0.301130 0.157032
4 3 0.251535 0.116983 0.142945 0.055436 0.433102
0 3 0.417621 0.139538 0.154776 0.025723 0.262342
3 3 0.234553 0.098498 0.237793 0.286029 0.143127
3 3 0.019542 0.015478 0.160091 0.796801 0.008088
3 3 0.153360 0.098080 0.312566 0.330825 0.105169
2 3 0.204136 0.138987 0.305802 0.157794 0.193281
0 3 0.403831 0.109170 0.172894 0.179516 0.134589
0 3 0.476904 0.202259 0.160517 0.016444 0.143876
4 3 0.136914 0.119623 0.118412 0.005462 0.619589
0 3 0.567802 0.061831 0.107049 0.219538 0.043780
0 3 0.352790 0.195335 0.227997 0.053801 0.170076
4 3 0.211826 0.170690 0.199501 0.029791 0.388192
4 3 0.144758 0.134851 0.266644 0.120101 0.333646
2 3 0.179933 0.173064 0.328153 0.152212 0.166639
0 3 0.292923 0.141771 0.205383 0.117747 0.242176
0 3 0.279116 0.105200 0.229869 0.155341 0.230474
2 3 0.104209 0.164226 0.394259 0.074854 0.262452
2 3 0.104260 0.093875 0.405643 0.329153 0.067068
2 3 0.140698 0.210906 0.381609 0.036930 0.229857
2 3 0.045860 0.082782 0.489301 0.272701 0.109356
4 3 0.089016 0.161917 0.300842 0.022394 0.425832
4 3 0.070984 0.134472 0.292217 0.021572 0.480755
4 3 0.082101 0.180721 0.190776 0.002267 0.544135
4 2 0.085259 0.170850 0.324337 0.020043 0.399512
4 2 0.081476 0.171756 0.252608 0.006822 0.487338
4 2 0.070995 0.141190 0.168766 0.002841 0.616208
4 2 0.065513 0.173710 0.227193 0.002639 0.530944
4 2 0.067697 0.154476 0.155677 0.001305 0.620845
2 2 0.049354 0.169446 0.435825 0.012861 0.332514
4 2 0.064384 0.165000 0.173065 0.001234 0.596318
4 1 0.058015 0.223724 0.310089 0.002011 0.406162
4 1 0.073992 0.203491 0.280318 0.004007 0.438193
4 1 0.066457 0.176424 0.222458 0.002384 0.532277
4 1 0.086625 0.181484 0.277802 0.008759 0.445330
4 2 0.072087 0.183944 0.298191 0.006628 0.439151
4 2 0.072618 0.148104 0.284338 0.014753 0.480187
2 2 0.026205 0.080599 0.573782 0.201139 0.118274
2 2 0.096690 0.159391 0.371765 0.042575 0.329579
4 2 0.268702 0.157668 0.169691 0.040768 0.363172
2 2 0.027702 0.077129 0.576696 0.270390 0.048082
2 2 0.133253 0.154151 0.356802 0.117420 0.238374
2 2 0.052690 0.112664 0.562612 0.167911 0.104123
2 2 0.218153 0.121181 0.311429 0.178493 0.170744
2 2 0.113093 0.160814 0.382498 0.065705 0.277889
0 2 0.410320 0.152668 0.229365 0.121194 0.086455
0 2 0.403962 0.094592 0.091807 0.045062 0.364576
0 2 0.369501 0.100140 0.179605 0.243694 0.107060
3 2 0.095761 0.054404 0.220727 0.576135 0.052972
4 2 0.114899 0.116329 0.154927 0.018212 0.595633
2 2 0.036588 0.099985 0.641411 0.166106 0.055910
2 2 0.022784 0.051522 0.493780 0.381835 0.050078
0 2 0.294426 0.098212 0.278721 0.242313 0.086329
4 2 0.186447 0.094060 0.190558 0.152302 0.376632
2 2 0.129921 0.110055 0.358109 0.193868 0.208046
2 2 0.221253 0.180159 0.335752 0.077847 0.184990
2 2 0.045497 0.072832 0.468609 0.341097 0.071966
4 2 0.326188 0.118370 0.143098 0.050274 0.362070
0 2 0.370941 0.191120 0.205319 0.041622 0.190997
4 2 0.207890 0.157045 0.141042 0.020081 0.473942
2 2 0.041208 0.101086 0.551903 0.117724 0.188079
2 2 0.112994 0.167547 0.430760 0.157142 0.131556
2 2 0.042796 0.121367 0.549712 0.086789 0.199335
2 2 0.041066 0.105956 0.539286 0.132013 0.181680
2 1 0.098734 0.142182 0.431080 0.233298 0.094707
0 1 0.395290 0.112651 0.160609 0.122961 0.208489
0 1 0.437429 0.154823 0.251888 0.090514 0.065346
0 1 0.338296 0.114710 0.183719 0.144971 0.218304
0 1 0.370459 0.206518 0.242556 0.051695 0.128771
2 1 0.232137 0.130977 0.305135 0.187999 0.143752
2 1 0.047813 0.071737 0.498941 0.288893 0.092616
2 2 0.024548 0.067757 0.524525 0.303139 0.080032
3 2 0.055430 0.046611 0.293304 0.562547 0.042108
3 2 0.129456 0.102775 0.320362 0.349011 0.098396
2 2 0.134054 0.131340 0.320621 0.197844 0.216141
2 2 0.091144 0.121405 0.456612 0.183852 0.146987
4 1 0.199282 0.225421 0.264310 0.026820 0.284166
0 1 0.292602 0.159447 0.260743 0.073170 0.214038
0 1 0.450839 0.106047 0.134874 0.087437 0.220803
2 1 0.181878 0.146978 0.357588 0.167273 0.146283
0 1 0.349006 0.143861 0.161119 0.057629 0.288385
2 1 0.202540 0.183115 0.404841 0.096903 0.112600
2 1 0.111341 0.175000 0.474671 0.087897 0.151091
4 1 0.130849 0.137522 0.210582 0.034206 0.486841
2 1 0.185232 0.216859 0.446618 0.092506 0.058784
0 1 0.274716 0.170440 0.228750 0.062701 0.263394
4 1 0.236885 0.137120 0.217052 0.082908 0.326035
4 1 0.140447 0.152665 0.289084 0.061961 0.355843
4 1 0.112437 0.131098 0.295338 0.092660 0.368467
4 1 0.100448 0.187792 0.323239 0.021780 0.366741
2 1 0.063749 0.168590 0.569073 0.072452 0.126135
2 2 0.075861 0.103527 0.414805 0.224284 0.181522
2 2 0.057954 0.157935 0.543888 0.074174 0.166049
3 2 0.248332 0.110737 0.222670 0.248891 0.169369
3 2 0.052866 0.042142 0.309720 0.581834 0.013438
3 2 0.071810 0.052923 0.249841 0.578752 0.046675
4 2 0.180708 0.134642 0.204821 0.060935 0.418894
0 2 0.385138 0.141265 0.152893 0.052369 0.268335
3 2 0.091483 0.070296 0.261907 0.494519 0.081794
0 2 0.289288 0.142401 0.223035 0.134126 0.211150
2 2 0.060280 0.088120 0.403277 0.338679 0.109644
4 2 0.210429 0.115440 0.203187 0.157175 0.313769
4 2 0.350105 0.091839 0.083033 0.027905 0.447119
4 2 0.274391 0.205195 0.140654 0.008533 0.371227
4 1 0.193035 0.126003 0.167686 0.034797 0.478478
2 1 0.144377 0.171331 0.335139 0.074423 0.274729
4 1 0.230381 0.113820 0.104156 0.019116 0.532527
2 1 0.134607 0.134774 0.351905 0.119263 0.259451
3 1 0.106497 0.061879 0.239771 0.519339 0.072513
4 1 0.201560 0.128707 0.214312 0.155174 0.300247
2 1 0.136493 0.178095 0.383707 0.079778 0.221928
2 1 0.027394 0.069480 0.534622 0.294530 0.073974
3 1 0.025480 0.045420 0.338441 0.533667 0.056992
2 2 0.020686 0.066453 0.550517 0.303849 0.058495
2 2 0.113080 0.163823 0.491330 0.089351 0.142416
2 2 0.033370 0.074515 0.554142 0.290917 0.047055
2 2 0.065066 0.082483 0.421688 0.350805 0.079959
3 2 0.155456 0.067059 0.258532 0.464296 0.054658
0 2 0.367471 0.106626 0.211243 0.192101 0.122559
2 1 0.095643 0.121627 0.381228 0.166670 0.234832
2 1 0.240700 0.191528 0.332269 0.059149 0.176355
4 1 0.211538 0.127014 0.202468 0.113453 0.345526
0 1 0.354104 0.093876 0.126492 0.086618 0.338910
4 1 0.242062 0.116373 0.145861 0.074760 0.420943
3 1 0.037411 0.034151 0.204980 0.689821 0.033637
0 1 0.295974 0.263065 0.245557 0.011981 0.183424
2 1 0.150169 0.178973 0.452471 0.141268 0.077120
2 1 0.267437 0.156127 0.359151 0.065769 0.151515
0 1 0.519369 0.085893 0.060131 0.016806 0.317800
4 1 0.131227 0.157042 0.162838 0.008761 0.540133
2 1 0.036945 0.132752 0.674888 0.087109 0.068306
2 1 0.037307 0.058176 0.428330 0.427236 0.048952
2 1 0.027086 0.082700 0.620308 0.181191 0.088716
4 1 0.150762 0.211199 0.302020 0.020866 0.315153
2 1 0.091838 0.143773 0.376010 0.082424 0.305955
2 1 0.159428 0.163531 0.321078 0.110414 0.245549
0 2 0.267461 0.167429 0.241980 0.063923 0.259207
2 2 0.105268 0.175451 0.501870 0.134842 0.082569
2 2 0.123457 0.261070 0.374006 0.015091 0.226375
2 2 0.048723 0.099661 0.510176 0.200549 0.140890
2 2 0.102984 0.158056 0.484778 0.155305 0.098876
2 2 0.080797 0.145611 0.498909 0.132836 0.141847
2 2 0.069327 0.145285 0.468636 0.089717 0.227034
2 2 0.009682 0.040671 0.544886 0.365737 0.039024
4 2 0.159792 0.168965 0.211462 0.017153 0.442628
2 2 0.025636 0.061917 0.493711 0.373408 0.045328
3 2 0.016924 0.026396 0.272520 0.664154 0.020007
3 2 0.005849 0.017546 0.372373 0.592829 0.011403
0 2 0.542760 0.082051 0.130090 0.183949 0.061150
2 2 0.183110 0.171923 0.424809 0.164997 0.055162
3 2 0.141092 0.058611 0.248034 0.484478 0.067785
2 2 0.154366 0.170084 0.430197 0.171146 0.074206
2 2 0.202318 0.136396 0.337309 0.163960 0.160017
0 2 0.271108 0.115944 0.208775 0.210567 0.193606
2 2 0.205730 0.168786 0.351884 0.131409 0.142192
2 2 0.109855 0.134953 0.517606 0.156525 0.081061
4 2 0.097052 0.157482 0.226337 0.011578 0.507551
2 2 0.125741 0.151164 0.409448 0.096385 0.217262
2 2 0.094050 0.195363 0.481547 0.031453 0.197588
4 2 0.117365 0.123513 0.162370 0.016971 0.579782
4 1 0.096600 0.175565 0.269158 0.012732 0.445945
2 1 0.064883 0.158243 0.502858 0.054984 0.219032
2 1 0.062723 0.174071 0.572773 0.036273 0.154160
2 1 0.056731 0.157502 0.539296 0.058746 0.187726
2 1 0.073652 0.157791 0.484094 0.050891 0.233572
4 1 0.069848 0.145486 0.357924 0.027761 0.398980
4 1 0.095406 0.148131 0.224287 0.013190 0.518986
2 1 0.058902 0.206988 0.518838 0.019112 0.196160
2 1 0.057565 0.130074 0.550687 0.101451 0.160223
4 1 0.130503 0.224769 0.253105 0.005885 0.385738
4 1 0.063088 0.155073 0.375463 0.018520 0.387855
4 1 0.070842 0.113840 0.191505 0.007152 0.616661
4 0 0.186766 0.114377 0.101811 0.018755 0.578292
0 0 0.419701 0.092770 0.161674 0.234373 0.091482
0 0 0.823040 0.027764 0.037125 0.099076 0.012996
0 0 0.416666 0.103890 0.169605 0.195620 0.114219
2 1 0.251186 0.115263 0.307047 0.249898 0.076605
0 1 0.379123 0.132366 0.195159 0.135462 0.157890
4 1 0.116595 0.174085 0.244273 0.014876 0.450171
4 1 0.189929 0.165366 0.292314 0.035259 0.317132
2 1 0.187957 0.148707 0.332999 0.131756 0.198582
4 1 0.353253 0.135710 0.124350 0.026489 0.360197
2 1 0.229879 0.164093 0.292112 0.106364 0.207552
4 1 0.234660 0.106758 0.205280 0.193301 0.260001
3 1 0.019278 0.015516 0.240010 0.720030 0.005166
2 1 0.105369 0.099837 0.388753 0.361614 0.044427
2 1 0.190804 0.273862 0.388672 0.040336 0.106326
3 1 0.204881 0.111083 0.279362 0.291590 0.113084
3 1 0.132723 0.033990 0.158350 0.657207 0.017729
2 1 0.084393 0.183280 0.495746 0.085291 0.151290
2 1 0.132712 0.133406 0.432699 0.183280 0.117902
4 1 0.174105 0.148252 0.265931 0.031783 0.379930
4 1 0.130074 0.135340 0.172898 0.019696 0.541991
2 1 0.151413 0.156469 0.323312 0.146290 0.222517
2 4 0.071540 0.161315 0.471824 0.054431 0.240891
2 4 0.034032 0.112093 0.628566 0.110490 0.114819
2 1 0.103169 0.224429 0.464251 0.035260 0.172890
2 1 0.076443 0.186748 0.506509 0.040537 0.189763
2 1 0.029707 0.121077 0.682049 0.076791 0.090376
2 1 0.148595 0.125572 0.325836 0.153346 0.246652
2 1 0.063822 0.129990 0.428834 0.070796 0.306557
2 1 0.080459 0.175075 0.545367 0.078210 0.120891
4 4 0.208049 0.115660 0.144051 0.062735 0.469505
0 4 0.447659 0.060436 0.037036 0.010953 0.443917
2 4 0.222425 0.209954 0.426028 0.095007 0.046587
2 4 0.091108 0.117506 0.410883 0.148930 0.231573
3 4 0.126617 0.079929 0.259190 0.412627 0.121638
4 4 0.115007 0.124808 0.264874 0.082657 0.412653
4 4 0.120797 0.104365 0.122709 0.015164 0.636965
2 4 0.160814 0.253762 0.472094 0.043109 0.070221
4 4 0.282224 0.154481 0.193198 0.055388 0.314710
0 4 0.583756 0.082809 0.091754 0.076275 0.165407
0 0 0.685541 0.051106 0.033238 0.015408 0.214707
0 0 0.473207 0.154594 0.213116 0.091958 0.067126
2 0 0.104502 0.110709 0.346568 0.245739 0.192482
0 0 0.328029 0.253267 0.281728 0.031356 0.105620
2 0 0.065911 0.091196 0.456126 0.248479 0.138288
4 0 0.220400 0.091349 0.084474 0.020360 0.583417
2 1 0.212581 0.133423 0.270923 0.159458 0.223615
0 1 0.235396 0.105039 0.219923 0.218887 0.220756
4 1 0.214108 0.171735 0.167816 0.016729 0.429613
4 4 0.102722 0.160088 0.324921 0.037669 0.374600
2 4 0.155335 0.176650 0.444083 0.082071 0.141861
4 4 0.155532 0.199391 0.269905 0.016808 0.358364
0 4 0.404575 0.119649 0.122616 0.049641 0.303519
2 4 0.029272 0.090440 0.590979 0.191211 0.098097
2 4 0.021715 0.104712 0.701834 0.098317 0.073422
2 4 0.051048 0.150846 0.549790 0.046509 0.201806
4 4 0.097485 0.174442 0.334524 0.024263 0.369287
2 4 0.067055 0.185128 0.453373 0.024213 0.270231
2 4 0.026899 0.092662 0.608474 0.156000 0.115965
2 4 0.043489 0.122247 0.596004 0.087819 0.150441
2 4 0.023312 0.138457 0.706395 0.031477 0.100359
4 4 0.075851 0.131886 0.170267 0.004673 0.617322
2 4 0.062930 0.156649 0.403008 0.026894 0.350520
2 4 0.055880 0.155500 0.531370 0.062356 0.194895
4 4 0.066370 0.113188 0.346804 0.061655 0.411983
2 4 0.038888 0.110034 0.537830 0.088485 0.224763
2 4 0.061677 0.174229 0.474231 0.028754 0.261108
2 4 0.046869 0.115752 0.527979 0.130755 0.178644
2 4 0.112392 0.175374 0.459104 0.056507 0.196622
2 4 0.044459 0.145793 0.594443 0.057131 0.158174
2 1 0.191572 0.144511 0.317249 0.150098 0.196571
2 1 0.153948 0.174457 0.315103 0.103373 0.253120
2 1 0.031022 0.099424 0.536624 0.066356 0.266575
4 1 0.117864 0.190558 0.224760 0.008789 0.458030
2 1 0.036670 0.136806 0.610955 0.060773 0.154795
2 1 0.035567 0.077665 0.573757 0.271441 0.041569
4 1 0.089714 0.114740 0.328880 0.124831 0.341834
4 1 0.197029 0.128628 0.181693 0.059470 0.433181
3 0 0.292603 0.092533 0.223199 0.327262 0.064404
2 1 0.058353 0.152319 0.546145 0.088424 0.154758
2 1 0.089566 0.212877 0.449585 0.032224 0.215748
4 1 0.134518 0.163121 0.245414 0.032327 0.424621
2 1 0.053372 0.107125 0.541874 0.228986 0.068643
2 1 0.062598 0.132235 0.549935 0.183397 0.071836
2 1 0.035597 0.162213 0.645003 0.027714 0.129473
2 1 0.138912 0.213336 0.350277 0.021705 0.275770
2 1 0.173309 0.125357 0.390208 0.263715 0.047412
0 1 0.294524 0.183253 0.243928 0.058801 0.219493
4 0 0.255401 0.124769 0.192839 0.142594 0.284397
2 0 0.231490 0.137053 0.257491 0.119249 0.254717
0 1 0.389901 0.199969 0.239348 0.055775 0.115007
3 0 0.246146 0.076654 0.253102 0.367583 0.056514
4 0 0.226441 0.117911 0.170902 0.103260 0.381486
4 0 0.172126 0.104848 0.154311 0.046136 0.522579
3 0 0.158661 0.068576 0.227208 0.413485 0.132069
0 1 0.482535 0.102094 0.137367 0.104475 0.173529
2 0 0.255167 0.214265 0.338765 0.040528 0.151275
4 0 0.284035 0.143811 0.123603 0.021697 0.426854
0 0 0.461858 0.086376 0.147027 0.225023 0.079717
3 0 0.317300 0.062366 0.162034 0.411469 0.046831
3 0 0.219372 0.070312 0.202916 0.440951 0.066450
2 1 0.231538 0.153471 0.279393 0.099867 0.235730
3 1 0.095033 0.074755 0.346844 0.414223 0.069146
0 0 0.343599 0.115512 0.175113 0.155195 0.210581
0 0 0.463582 0.095859 0.090717 0.043401 0.306440
0 0 0.422255 0.127980 0.097742 0.018481 0.333543
4 1 0.144612 0.113491 0.257414 0.186181 0.298303
2 1 0.109787 0.189569 0.457418 0.083790 0.159436
2 1 0.210997 0.150199 0.331364 0.120610 0.186830
2 1 0.096140 0.152969 0.430376 0.066702 0.253814
3 1 0.219033 0.100844 0.231164 0.255062 0.193897
4 1 0.277455 0.196930 0.199329 0.025426 0.300860
0 1 0.418100 0.098833 0.086970 0.023216 0.372882
4 1 0.201640 0.092256 0.050509 0.004077 0.651517
2 1 0.153409 0.182504 0.397266 0.071713 0.195109
4 1 0.131378 0.163761 0.192381 0.008162 0.504319
4 1 0.203766 0.169903 0.200706 0.047390 0.378234
4 1 0.107066 0.187101 0.254163 0.011176 0.440495
4 2 0.112348 0.192483 0.253033 0.011206 0.430930
2 2 0.046802 0.216804 0.575660 0.014439 0.146296
2 2 0.024405 0.081533 0.597272 0.226131 0.070659
2 2 0.081896 0.223050 0.362061 0.009456 0.323536
2 2 0.128411 0.273707 0.345499 0.010078 0.242306
2 2 0.136830 0.223596 0.384364 0.039290 0.215920
4 2 0.122540 0.136996 0.256645 0.062805 0.421014
2 2 0.108516 0.214927 0.351703 0.022116 0.302738
2 2 0.091974 0.205118 0.451364 0.029595 0.221949
4 2 0.109942 0.193862 0.301578 0.019431 0.375187
2 2 0.123423 0.179788 0.407207 0.105014 0.184568
2 2 0.043859 0.072780 0.463610 0.329318 0.090433
2 2 0.093589 0.126112 0.415490 0.213810 0.151000
2 2 0.116175 0.256340 0.313701 0.006375 0.307409
2 2 0.117831 0.198986 0.352202 0.031769 0.299212
4 2 0.165101 0.216622 0.279788 0.017812 0.320676
2 2 0.098524 0.185495 0.438372 0.066321 0.211288
2 2 0.077026 0.114187 0.388516 0.174730 0.245541
2 2 0.045726 0.117459 0.598558 0.145854 0.092404
2 2 0.042731 0.081011 0.472484 0.274496 0.129278
3 2 0.039530 0.056918 0.384548 0.467541 0.051462
3 2 0.037233 0.018883 0.146151 0.787933 0.009799
4 2 0.114184 0.146105 0.232090 0.027527 0.480093
2 2 0.036826 0.088014 0.536796 0.257108 0.081256
4 2 0.109188 0.138666 0.289758 0.065766 0.396622
2 2 0.172369 0.110917 0.358420 0.172999 0.185294
3 2 0.085777 0.075638 0.307394 0.460792 0.070399
4 2 0.166328 0.144732 0.212427 0.061948 0.414565
4 2 0.250962 0.124856 0.167840 0.066985 0.389357
3 2 0.055421 0.044673 0.246861 0.611543 0.041501
2 3 0.187464 0.121011 0.269870 0.211225 0.210429
3 3 0.016104 0.009316 0.110640 0.859046 0.004894
2 3 0.115095 0.122335 0.311004 0.191024 0.260541
3 3 0.079083 0.058288 0.266000 0.539087 0.057542
3 3 0.045813 0.041094 0.230213 0.642862 0.040018
3 3 0.106876 0.053439 0.235761 0.559162 0.044762
3 3 0.051897 0.023670 0.149409 0.758685 0.016339
3 3 0.173145 0.039158 0.153493 0.609076 0.025128
3 3 0.220094 0.091757 0.224312 0.341116 0.122722
0 3 0.350840 0.073190 0.166758 0.348504 0.060708
3 3 0.150023 0.034474 0.147370 0.646870 0.021264
3 3 0.121658 0.058567 0.222065 0.521529 0.076181
3 3 0.046357 0.015894 0.116714 0.812232 0.008803
3 3 0.147184 0.068106 0.227836 0.458887 0.097987
4 3 0.167948 0.160667 0.244215 0.035448 0.391723
2 3 0.158821 0.106706 0.305300 0.302976 0.126198
4 3 0.171962 0.110911 0.238104 0.150229 0.328794
4 3 0.201400 0.132451 0.195138 0.064355 0.406656
4 3 0.148699 0.122284 0.269883 0.149929 0.309205
2 3 0.134244 0.218731 0.419144 0.053327 0.174553
4 3 0.238500 0.114100 0.135702 0.052369 0.459328
2 3 0.175412 0.177179 0.319380 0.147382 0.180646
0 3 0.330064 0.139731 0.264382 0.115447 0.150376
4 3 0.265955 0.094132 0.072836 0.014473 0.552603
4 3 0.152606 0.158815 0.300027 0.083739 0.304813
4 3 0.147433 0.162912 0.257069 0.029964 0.402621
3 3 0.097151 0.071047 0.308109 0.454885 0.068808
2 3 0.176031 0.115901 0.339438 0.298304 0.070326
4 3 0.200974 0.228689 0.223166 0.013569 0.333602
3 3 0.028459 0.026117 0.248624 0.686023 0.010777
2 3 0.114496 0.168038 0.418775 0.086917 0.211773
2 3 0.232755 0.139334 0.247201 0.145350 0.235359
2 3 0.151383 0.150324 0.344911 0.135590 0.217792
4 3 0.222542 0.215080 0.182411 0.008057 0.371909
2 3 0.200132 0.159852 0.285881 0.148995 0.205140
3 3 0.044683 0.054277 0.337137 0.523626 0.040278
2 3 0.086224 0.090156 0.417437 0.339320 0.066862
3 3 0.077231 0.068997 0.273253 0.452911 0.127608
2 3 0.136889 0.101465 0.306866 0.254114 0.200666
2 3 0.159861 0.131247 0.325410 0.220924 0.162559
3 3 0.229575 0.112013 0.228466 0.259026 0.170920
3 3 0.129152 0.115857 0.276540 0.280494 0.197957
3 3 0.056458 0.041886 0.231495 0.624078 0.046082
3 3 0.060819 0.077894 0.327342 0.443906 0.090039
4 3 0.281527 0.176323 0.196736 0.046786 0.298628
4 3 0.125882 0.144583 0.273972 0.040475 0.415087
4 3 0.235764 0.126639 0.170944 0.056092 0.410560
2 3 0.103756 0.152758 0.358781 0.087895 0.296810
4 3 0.188908 0.152361 0.209191 0.028459 0.421081
2 3 0.094096 0.136125 0.424919 0.135019 0.209841
4 3 0.151475 0.156819 0.265623 0.058038 0.368045
4 3 0.241637 0.179146 0.228339 0.065115 0.285763
4 3 0.215166 0.139371 0.215952 0.080004 0.349507
0 3 0.264329 0.136107 0.254372 0.108053 0.237140
4 3 0.175601 0.100121 0.102980 0.026339 0.594958
4 3 0.174998 0.154977 0.238504 0.086415 0.345106
2 3 0.195940 0.178054 0.364000 0.091544 0.170462
2 3 0.142735 0.165103 0.406942 0.147826 0.137394
4 3 0.107297 0.137203 0.324380 0.102833 0.328287
4 3 0.203258 0.144857 0.104177 0.009462 0.538245
4 3 0.192298 0.152013 0.235733 0.028596 0.391360
2 3 0.115030 0.148586 0.402194 0.118978 0.215212
2 3 0.126336 0.105893 0.259681 0.259570 0.248520
4 3 0.172422 0.138985 0.260289 0.139207 0.289097
3 3 0.006649 0.007405 0.131432 0.850501 0.004013
3 3 0.225679 0.087807 0.218856 0.374513 0.093145
3 3 0.016685 0.006551 0.076142 0.897599 0.003023
3 3 0.029539 0.019371 0.147431 0.789318 0.014342
3 3 0.004376 0.005288 0.116255 0.873082 0.000998
3 3 0.001033 0.000512 0.020141 0.978178 0.000136
3 3 0.128772 0.066046 0.271279 0.477576 0.056328
3 3 0.231730 0.088612 0.225507 0.362740 0.091411
0 3 0.346857 0.128654 0.257775 0.137853 0.128861
0 3 0.355210 0.200899 0.328441 0.074291 0.041158
3 3 0.038463 0.045285 0.345142 0.549866 0.021244
2 3 0.068789 0.095461 0.534565 0.265111 0.036073
2 3 0.064401 0.187787 0.585333 0.048390 0.114089
2 2 0.104856 0.187788 0.469547 0.064716 0.173093
2 2 0.032340 0.122324 0.704133 0.098154 0.043050
0 2 0.516278 0.108230 0.162875 0.145261 0.067356
4 2 0.163730 0.241695 0.241516 0.010238 0.342821
2 2 0.029375 0.147252 0.638437 0.025136 0.159801
2 1 0.058388 0.189670 0.516228 0.024705 0.211009
2 1 0.060502 0.145445 0.481704 0.056569 0.255780
2 1 0.043783 0.219853 0.568644 0.010670 0.157050
2 1 0.048990 0.196776 0.619472 0.033041 0.101722
2 1 0.032412 0.129984 0.648611 0.064242 0.124751
2 1 0.043905 0.139191 0.611992 0.121488 0.083424
2 1 0.061780 0.169241 0.441201 0.022181 0.305597
4 1 0.097046 0.197584 0.287793 0.007314 0.410264
2 1 0.171681 0.215491 0.316203 0.045222 0.251403
2 1 0.033496 0.139585 0.635567 0.050280 0.141073
2 1 0.051476 0.196937 0.532316 0.016928 0.202343
2 1 0.063523 0.184889 0.447000 0.018118 0.286470
2 1 0.035953 0.100881 0.612854 0.134037 0.116275
2 1 0.187054 0.239037 0.406592 0.074172 0.093144
4 1 0.092454 0.226506 0.286493 0.004481 0.390067
2 1 0.057196 0.141174 0.436377 0.038722 0.326531
2 1 0.032995 0.119593 0.614395 0.074209 0.158809
4 4 0.189580 0.131326 0.177790 0.016751 0.484553
0 4 0.277259 0.258945 0.203941 0.011875 0.247980
4 4 0.181905 0.248548 0.190968 0.005838 0.372741
2 4 0.081197 0.203334 0.413588 0.018618 0.283263
4 4 0.177268 0.130910 0.235255 0.111990 0.344577
0 4 0.480384 0.062975 0.040661 0.013432 0.402549
0 4 0.348745 0.182703 0.177456 0.032281 0.258815
4 4 0.223223 0.167746 0.145488 0.011757 0.451785
4 4 0.190297 0.206011 0.149222 0.004422 0.450047
4 4 0.313398 0.074926 0.055340 0.015118 0.541219
4 4 0.177478 0.035471 0.013072 0.001104 0.772876
4 4 0.240396 0.078812 0.063056 0.010423 0.607313
4 4 0.209499 0.162884 0.133978 0.014758 0.478882
4 4 0.098942 0.155497 0.266795 0.019224 0.459541
0 4 0.412599 0.111195 0.136854 0.066293 0.273060
3 4 0.204423 0.093643 0.237646 0.247453 0.216836
4 4 0.186887 0.076402 0.070042 0.009896 0.656773
4 4 0.431721 0.070038 0.049123 0.016644 0.432473
0 4 0.441173 0.099959 0.111159 0.070978 0.276731
4 4 0.202956 0.148165 0.165456 0.042055 0.441368
4 4 0.200837 0.117303 0.144689 0.040960 0.496212
2 4 0.123657 0.128650 0.368686 0.200758 0.178249
0 4 0.310439 0.108362 0.201406 0.251721 0.128072
0 4 0.349596 0.096289 0.184431 0.269592 0.100092
0 4 0.348353 0.113719 0.146737 0.099076 0.292115
2 4 0.217647 0.123851 0.321260 0.263728 0.073513
2 4 0.178058 0.231094 0.289235 0.033656 0.267957
4 4 0.341009 0.099842 0.093909 0.008961 0.456278
4 4 0.234982 0.126017 0.123172 0.031242 0.484587
2 4 0.078375 0.072876 0.409308 0.394821 0.044619
2 1 0.037547 0.080220 0.535978 0.236094 0.110161
2 1 0.036761 0.096731 0.627744 0.195505 0.043259
4 1 0.114776 0.155957 0.256793 0.028294 0.444180
2 1 0.155757 0.165679 0.341940 0.043361 0.293263
2 1 0.103552 0.200070 0.442727 0.064232 0.189418
2 1 0.078214 0.203652 0.509049 0.046300 0.162785
2 1 0.068343 0.136127 0.503165 0.153386 0.138979
2 1 0.036395 0.082712 0.560185 0.246560 0.074147
2 1 0.080038 0.216832 0.398827 0.013180 0.291124
2 1 0.087548 0.125282 0.439128 0.151140 0.196903
2 1 0.231169 0.137383 0.288652 0.167723 0.175073
2 1 0.277837 0.182486 0.334390 0.127952 0.077336
2 1 0.038612 0.062672 0.435338 0.407897 0.055480
2 1 0.027673 0.065616 0.519243 0.326665 0.060803
2 1 0.110772 0.233853 0.475560 0.030349 0.149466
2 1 0.041894 0.084742 0.461981 0.281026 0.130357
2 1 0.040692 0.077686 0.581953 0.231463 0.068206
2 1 0.234956 0.155962 0.273338 0.111548 0.224196
2 1 0.030908 0.076593 0.568590 0.295975 0.027933
2 1 0.094376 0.133956 0.410504 0.121225 0.239939
2 1 0.075143 0.158836 0.560036 0.113848 0.092136
2 1 0.255628 0.176366 0.326519 0.065648 0.175839
0 1 0.563635 0.065213 0.110496 0.208250 0.052405
0 1 0.449774 0.152064 0.216021 0.105034 0.077107
2 1 0.108688 0.168257 0.544735 0.073038 0.105283
2 1 0.112919 0.179087 0.473870 0.068401 0.165723
2 1 0.158179 0.117952 0.332316 0.163493 0.228060
4 1 0.194727 0.190279 0.246428 0.029272 0.339294
2 1 0.054974 0.116761 0.567831 0.117362 0.143071
2 1 0.049189 0.114865 0.563379 0.093481 0.179086
2 1 0.060991 0.133260 0.459258 0.081716 0.264776
2 1 0.089399 0.171199 0.396531 0.046689 0.296182
2 1 0.055271 0.155406 0.606084 0.112000 0.071239
2 1 0.028532 0.079100 0.586057 0.248677 0.057634
2 1 0.034873 0.082532 0.535662 0.291119 0.055814
2 1 0.032034 0.131802 0.598775 0.041468 0.195921
2 1 0.044604 0.137881 0.584368 0.085128 0.148018
2 2 0.036822 0.088216 0.587183 0.223924 0.063855
2 2 0.091639 0.210880 0.463752 0.024271 0.209459
2 2 0.068107 0.167042 0.529510 0.054836 0.180505
4 2 0.205691 0.160020 0.152013 0.023005 0.459271
2 2 0.107886 0.199855 0.366678 0.020695 0.304887
2 2 0.059169 0.133132 0.516084 0.130718 0.160897
2 2 0.036253 0.159122 0.728262 0.034407 0.041956
4 2 0.116854 0.182938 0.308168 0.028718 0.363322
4 2 0.076896 0.158375 0.347944 0.017132 0.399653
2 2 0.091293 0.173843 0.521273 0.080222 0.133370
2 2 0.105385 0.150191 0.364264 0.083289 0.296872
2 2 0.047741 0.119514 0.613791 0.149975 0.068978
2 2 0.061078 0.124055 0.563048 0.121102 0.130717
2 2 0.142829 0.177856 0.343848 0.026314 0.309152
2 2 0.171237 0.214151 0.336322 0.034537 0.243753
3 2 0.018305 0.029090 0.363491 0.569379 0.019735
2 2 0.076434 0.131257 0.435030 0.129964 0.227315
2 2 0.054128 0.153222 0.589873 0.108000 0.094776
2 2 0.038053 0.081225 0.521327 0.237125 0.122269
2 2 0.176561 0.163627 0.396196 0.107631 0.155985
2 2 0.055637 0.117955 0.563380 0.139110 0.123918
2 2 0.129834 0.189047 0.345626 0.052798 0.282696
4 2 0.222720 0.092659 0.087902 0.029720 0.566999
3 2 0.085483 0.055926 0.237136 0.545899 0.075557
2 2 0.221370 0.194271 0.356454 0.055486 0.172420
0 2 0.269072 0.219193 0.240446 0.017848 0.253441
2 2 0.187602 0.161689 0.336135 0.086032 0.228541
2 2 0.056236 0.124601 0.541654 0.180109 0.097400
3 2 0.030638 0.052805 0.347841 0.499367 0.069349
3 2 0.053201 0.054368 0.335602 0.525966 0.030863
0 2 0.269923 0.121448 0.207801 0.193369 0.207459
3 2 0.232107 0.100427 0.260767 0.279698 0.127002
2 2 0.122180 0.184632 0.581396 0.070259 0.041534
0 2 0.304710 0.115283 0.219747 0.225043 0.135216
0 2 0.566034 0.072079 0.057943 0.028835 0.275109
0 2 0.379752 0.151749 0.234509 0.134443 0.099548
3 2 0.132691 0.064544 0.223303 0.515785 0.063676
3 0 0.238861 0.067772 0.190605 0.444774 0.057987
3 1 0.085771 0.064389 0.315486 0.492905 0.041449
4 1 0.340763 0.087268 0.075252 0.028373 0.468343
3 1 0.123246 0.082358 0.255480 0.438730 0.100185
4 1 0.266985 0.213280 0.200211 0.019754 0.299769
2 1 0.073737 0.122972 0.441528 0.213159 0.148603
0 1 0.390029 0.107164 0.118879 0.046724 0.337205
4 1 0.203073 0.080374 0.067229 0.018667 0.630657
0 1 0.320027 0.115259 0.205105 0.206679 0.152930
2 1 0.111205 0.108632 0.378010 0.175453 0.226701
2 1 0.139761 0.250127 0.354744 0.019327 0.236042
2 1 0.050654 0.141849 0.561936 0.084278 0.161282
2 1 0.047174 0.143426 0.650238 0.087156 0.072005
2 1 0.032176 0.057098 0.485385 0.395891 0.029450
2 1 0.129899 0.134501 0.440602 0.140907 0.154092
4 1 0.131623 0.143544 0.284660 0.099306 0.340867
2 2 0.051218 0.155241 0.614016 0.071223 0.108301
2 2 0.036820 0.095136 0.705713 0.143174 0.019158
0 2 0.343065 0.194444 0.292620 0.072451 0.097421
3 1 0.234889 0.077073 0.204182 0.410885 0.072971
4 1 0.363248 0.138188 0.102913 0.015432 0.380219
2 1 0.066072 0.174947 0.516125 0.053268 0.189587
2 1 0.072377 0.159888 0.449548 0.053459 0.264728
2 1 0.058247 0.133008 0.496336 0.052222 0.260188
0 1 0.300866 0.108556 0.199994 0.194684 0.195900
2 1 0.086639 0.107671 0.451033 0.292227 0.062430
2 1 0.134638 0.195685 0.442782 0.064068 0.162827
2 1 0.072394 0.147504 0.543457 0.126921 0.109725
2 1 0.073851 0.121952 0.434700 0.216940 0.152557
2 1 0.058202 0.087157 0.489080 0.308127 0.057434
2 1 0.088599 0.228862 0.473095 0.019168 0.190276
2 1 0.063403 0.137042 0.606723 0.111881 0.080951
2 1 0.030940 0.093817 0.580118 0.177268 0.117856
2 1 0.087546 0.206176 0.493463 0.041914 0.170901
2 1 0.095669 0.150003 0.447724 0.136444 0.170159
2 1 0.083266 0.091411 0.477621 0.265443 0.082260
2 1 0.082242 0.098364 0.484001 0.240525 0.094868
4 1 0.265056 0.122696 0.175759 0.116989 0.319499
4 1 0.161961 0.120403 0.160744 0.040937 0.515956
2 1 0.080758 0.159287 0.463854 0.097433 0.198668
2 1 0.085654 0.211145 0.473302 0.037075 0.192824
2 1 0.041852 0.086171 0.563380 0.226328 0.082269
2 1 0.192855 0.173051 0.322379 0.082789 0.228926
2 1 0.086436 0.192389 0.501169 0.047944 0.172062
2 1 0.033925 0.140037 0.661811 0.074502 0.089725
2 1 0.091206 0.183685 0.468159 0.084977 0.171973
2 1 0.069621 0.207912 0.417759 0.012321 0.292387
2 1 0.020693 0.077597 0.626606 0.155754 0.119350
2 1 0.119837 0.203578 0.464104 0.051286 0.161194
2 4 0.074669 0.135367 0.494258 0.102622 0.193083
4 4 0.183378 0.126612 0.138154 0.028778 0.523078
2 4 0.110843 0.105424 0.459083 0.226630 0.098020
4 4 0.216612 0.106898 0.172160 0.114502 0.389828
2 4 0.211513 0.123553 0.236258 0.230807 0.197869
0 4 0.442400 0.083124 0.150673 0.238072 0.085731
4 4 0.187493 0.064180 0.044478 0.009584 0.694265
4 4 0.399413 0.057389 0.033216 0.008554 0.501427
4 4 0.349232 0.078601 0.060836 0.020359 0.490973
4 4 0.293971 0.164989 0.141995 0.021075 0.377970
4 4 0.318725 0.063414 0.040256 0.010139 0.567466
0 4 0.585536 0.066858 0.106160 0.190703 0.050743
0 4 0.283364 0.156016 0.231984 0.118169 0.210468
2 4 0.051980 0.149510 0.554480 0.066630 0.177400
2 4 0.043723 0.167017 0.591988 0.037779 0.159493
4 4 0.141671 0.114341 0.164078 0.034192 0.545719
3 4 0.243073 0.112793 0.241170 0.265380 0.137583
0 4 0.360740 0.125957 0.170656 0.049607 0.293040
4 4 0.255764 0.083070 0.069237 0.021412 0.570516
0 4 0.612260 0.068716 0.100286 0.156417 0.062321
0 4 0.777017 0.048909 0.042256 0.035944 0.095873
0 4 0.489076 0.078234 0.063791 0.028547 0.340351
4 4 0.281465 0.092815 0.083769 0.016496 0.525456
0 4 0.307754 0.156081 0.278447 0.147152 0.110566
4 4 0.191608 0.172042 0.246195 0.068524 0.321630
0 4 0.272819 0.126554 0.225104 0.175047 0.200476
4 4 0.306838 0.081398 0.065427 0.021310 0.525028
2 4 0.179323 0.169183 0.291364 0.120046 0.240084
0 4 0.354342 0.090860 0.190360 0.279550 0.084888
3 4 0.164210 0.051769 0.185642 0.557581 0.040799
2 4 0.205493 0.118368 0.275318 0.236073 0.164747
3 4 0.140665 0.079532 0.264067 0.401513 0.114222
2 4 0.190703 0.215605 0.324072 0.045334 0.224287
2 4 0.109244 0.181801 0.420670 0.059907 0.228377
0 4 0.428727 0.105193 0.147021 0.135083 0.183976
2 4 0.189338 0.139815 0.300156 0.085229 0.285462
2 4 0.113140 0.147436 0.515263 0.177927 0.046233
2 4 0.123311 0.163314 0.415341 0.091706 0.206329
2 4 0.263694 0.247139 0.326448 0.041546 0.121173
2 4 0.056130 0.111551 0.505782 0.198200 0.128338
2 4 0.119273 0.235376 0.322056 0.009576 0.313719
2 4 0.038624 0.134729 0.639460 0.049369 0.137819
2 4 0.032660 0.109678 0.614171 0.128205 0.115287
2 1 0.046296 0.239736 0.636858 0.012039 0.065071
2 1 0.022693 0.112118 0.719480 0.068234 0.077475
2 1 0.031430 0.105878 0.630372 0.160128 0.072192
2 1 0.068403 0.171826 0.378177 0.014325 0.367269
4 1 0.093323 0.206202 0.326516 0.012693 0.361267
2 1 0.102844 0.147887 0.499830 0.148230 0.101209
2 1 0.063347 0.170550 0.559952 0.075303 0.130849
2 1 0.186285 0.126521 0.282985 0.192854 0.211355
2 1 0.170162 0.282503 0.452105 0.013123 0.082107
2 1 0.028570 0.073388 0.646214 0.232000 0.019828
2 2 0.110208 0.266417 0.400640 0.012804 0.209932
2 2 0.051399 0.158993 0.643487 0.062724 0.083397
2 2 0.013770 0.070382 0.731962 0.148884 0.035001
3 2 0.009545 0.024840 0.357713 0.587812 0.020090
2 2 0.032910 0.105161 0.635247 0.119921 0.106761
2 2 0.036504 0.101765 0.614151 0.190156 0.057424
2 2 0.020843 0.111342 0.726021 0.085759 0.056036
2 2 0.034455 0.106536 0.666821 0.141902 0.050286
2 2 0.031163 0.124583 0.654245 0.084394 0.105615
4 2 0.089208 0.146136 0.126127 0.001497 0.637032
4 2 0.133951 0.178807 0.143267 0.003498 0.540478
2 2 0.080937 0.204645 0.480268 0.021402 0.212748
4 2 0.125419 0.270726 0.298225 0.004217 0.301413
2 2 0.055905 0.172573 0.616906 0.043163 0.111452
2 2 0.100790 0.157877 0.399421 0.045952 0.295960
2 2 0.101256 0.209511 0.397102 0.028815 0.263315
2 2 0.098485 0.186064 0.506983 0.035665 0.172803
4 2 0.152195 0.189353 0.300965 0.027830 0.329657
2 2 0.067656 0.126859 0.504229 0.118045 0.183211
2 2 0.059597 0.172285 0.653189 0.049367 0.065562
2 2 0.062239 0.185102 0.581794 0.060612 0.110253
2 2 0.121624 0.162450 0.463587 0.073613 0.178726
2 2 0.094798 0.237774 0.500502 0.013387 0.153539
2 2 0.110009 0.223001 0.474548 0.020753 0.171689
2 2 0.113016 0.206039 0.468909 0.030204 0.181832
2 2 0.032080 0.126370 0.704752 0.097572 0.039225
2 2 0.091640 0.149309 0.477587 0.111623 0.169841
2 2 0.110432 0.154850 0.357855 0.051251 0.325612
4 2 0.115888 0.113081 0.182459 0.025537 0.563035
2 2 0.057592 0.137147 0.526926 0.099688 0.178647
2 2 0.132351 0.141056 0.385403 0.145402 0.195788
2 2 0.096343 0.132397 0.492400 0.165719 0.113141
2 3 0.153888 0.136291 0.450136 0.194769 0.064916
2 3 0.082256 0.117337 0.480109 0.153526 0.166773
2 3 0.138793 0.164871 0.366234 0.053271 0.276831
3 3 0.004582 0.009749 0.181589 0.797233 0.006847
2 3 0.136605 0.151438 0.374592 0.181996 0.155369
4 3 0.224782 0.094553 0.098918 0.032064 0.549682
4 3 0.148521 0.161676 0.279420 0.036964 0.373419
0 3 0.603423 0.063966 0.100510 0.184962 0.047139
3 3 0.090980 0.068227 0.312897 0.474112 0.053784
4 3 0.145029 0.146740 0.142401 0.009800 0.556029
2 3 0.197491 0.163811 0.357480 0.071626 0.209591
3 2 0.008830 0.012432 0.238887 0.733472 0.006380
2 2 0.056348 0.128178 0.642375 0.111797 0.061303
4 2 0.259910 0.191110 0.230640 0.017385 0.300954
2 2 0.219030 0.157310 0.379190 0.122462 0.122008
2 2 0.134461 0.215102 0.450388 0.033741 0.166308
2 2 0.159862 0.148572 0.339165 0.136853 0.215547
2 2 0.167261 0.089085 0.337281 0.162757 0.243616
0 2 0.497609 0.125712 0.100044 0.022392 0.254243
0 3 0.454033 0.087575 0.149718 0.226856 0.081818
0 3 0.501194 0.080275 0.133690 0.215169 0.069672
2 3 0.156700 0.180618 0.404608 0.048154 0.209921
0 3 0.311603 0.169039 0.254414 0.081541 0.183403
2 3 0.135753 0.173310 0.333979 0.067119 0.289838
4 3 0.195782 0.134223 0.206501 0.075074 0.388421
3 3 0.078430 0.069034 0.388434 0.396273 0.067828
3 3 0.125024 0.075932 0.287490 0.398372 0.113182
2 3 0.091414 0.220693 0.365406 0.013587 0.308900
2 3 0.048146 0.160931 0.534075 0.033383 0.223464
2 3 0.098903 0.220468 0.399067 0.025415 0.256146
4 3 0.121297 0.193268 0.318161 0.032269 0.335005
2 3 0.091814 0.231043 0.429649 0.022870 0.224624
2 3 0.143086 0.238434 0.356783 0.018558 0.243139
4 3 0.091386 0.218666 0.280421 0.005338 0.404189
4 3 0.106239 0.123293 0.141346 0.006314 0.622808
3 3 0.059048 0.072432 0.383418 0.397604 0.087498
4 3 0.247299 0.151713 0.175021 0.029542 0.396425
4 3 0.105667 0.141084 0.321107 0.083223 0.348919
2 3 0.156625 0.168202 0.392451 0.096558 0.186164
3 3 0.066940 0.072031 0.390058 0.402089 0.068881
2 3 0.132704 0.154041 0.410036 0.116522 0.186697
4 3 0.122083 0.146233 0.194239 0.017710 0.519735
4 3 0.232612 0.128997 0.186009 0.080984 0.371398
