0 0 0.370080 0.141318 0.155903 0.134250 0.198450
2 0 0.040036 0.146539 0.608732 0.120438 0.084254
2 0 0.098002 0.079703 0.365564 0.114575 0.342157
3 0 0.051484 0.079633 0.278668 0.526048 0.064167
3 0 0.026112 0.031799 0.322193 0.596941 0.022955
2 0 0.029767 0.167276 0.682859 0.070368 0.049730
0 0 0.331424 0.150051 0.168179 0.132889 0.217456
4 0 0.266057 0.151744 0.184388 0.069060 0.328750
2 0 0.042107 0.191173 0.578502 0.048578 0.139640
0 0 0.277493 0.161848 0.185723 0.129134 0.245801
0 0 0.577667 0.110605 0.097909 0.097740 0.116079
2 0 0.022819 0.084057 0.686780 0.169940 0.036404
3 0 0.017499 0.016599 0.164436 0.793311 0.008155
2 0 0.058360 0.149976 0.537098 0.215332 0.039235
2 0 0.047793 0.151503 0.621037 0.092112 0.087556
2 0 0.048703 0.122972 0.580844 0.167247 0.080234
2 0 0.081896 0.120766 0.388137 0.270995 0.138206
2 0 0.039143 0.201935 0.603585 0.036611 0.118727
3 0 0.027586 0.038087 0.341006 0.559385 0.033937
2 0 0.064360 0.171865 0.544877 0.134475 0.084424
2 0 0.028578 0.129243 0.676805 0.097219 0.068155
2 0 0.026312 0.165324 0.663092 0.041756 0.103516
2 0 0.209780 0.115754 0.362637 0.216204 0.095626
2 0 0.067518 0.175513 0.510120 0.129010 0.117839
2 0 0.028240 0.192495 0.679529 0.035510 0.064225
2 0 0.047952 0.189133 0.596783 0.035027 0.131106
2 0 0.046649 0.187682 0.576145 0.047765 0.141759
2 0 0.029909 0.217786 0.653197 0.030321 0.068787
2 0 0.027920 0.191105 0.612360 0.019744 0.148870
2 0 0.027380 0.093632 0.694312 0.122037 0.062639
2 0 0.055178 0.165989 0.533628 0.194665 0.050541
2 0 0.102246 0.144245 0.439905 0.174336 0.139269
2 0 0.121966 0.193952 0.396101 0.158984 0.128998
2 0 0.154720 0.159252 0.402414 0.152272 0.131342
2 0 0.027516 0.099999 0.633411 0.219938 0.019136
2 0 0.043983 0.150771 0.560688 0.117276 0.127282
2 0 0.052855 0.201226 0.615614 0.086389 0.043916
2 0 0.023682 0.099546 0.677092 0.170839 0.028841
2 0 0.027939 0.125119 0.688282 0.127264 0.031395
2 0 0.028279 0.124336 0.670195 0.141874 0.035316
2 0 0.025020 0.169897 0.725911 0.030805 0.048368
2 0 0.022190 0.148913 0.722167 0.040232 0.066497
2 0 0.030407 0.144429 0.689030 0.070261 0.065873
2 0 0.027943 0.165435 0.725214 0.044885 0.036523
2 0 0.031597 0.135044 0.716060 0.073485 0.043814
2 0 0.017568 0.168291 0.712916 0.027047 0.074179
2 0 0.017401 0.158320 0.732601 0.031373 0.060305
2 0 0.024837 0.188834 0.684453 0.022912 0.078964
2 0 0.023914 0.169482 0.691679 0.040670 0.074254
2 0 0.016592 0.144350 0.750167 0.052191 0.036699
2 0 0.086582 0.224191 0.393873 0.025079 0.270274
2 0 0.084514 0.144237 0.427352 0.052559 0.291338
2 0 0.094121 0.224929 0.477265 0.024646 0.179040
2 0 0.146892 0.095893 0.294192 0.203800 0.259224
2 0 0.133764 0.205419 0.416223 0.117203 0.127391
4 0 0.094176 0.161017 0.283519 0.055321 0.405966
2 0 0.096448 0.220858 0.358947 0.016247 0.307500
2 0 0.100365 0.256546 0.511848 0.019802 0.111439
2 0 0.103753 0.208064 0.482491 0.040906 0.164786
2 0 0.146597 0.253350 0.370717 0.028764 0.200571
4 0 0.118930 0.113736 0.241394 0.079064 0.446876
2 0 0.091801 0.177002 0.557838 0.052639 0.120719
2 0 0.062493 0.141681 0.481750 0.063349 0.250727
2 0 0.106015 0.260806 0.441298 0.022941 0.168940
0 0 0.531131 0.051347 0.107175 0.255193 0.055154
0 0 0.634721 0.078650 0.078148 0.118790 0.089691
0 0 0.846553 0.033302 0.031841 0.041881 0.046423
0 0 0.666742 0.059355 0.069362 0.023226 0.181315
0 0 0.372095 0.132723 0.123498 0.017846 0.353838
0 1 0.384420 0.127270 0.151735 0.065034 0.271542
4 1 0.080702 0.211181 0.344636 0.013499 0.349982
4 1 0.084820 0.172224 0.253595 0.022841 0.466519
2 2 0.077859 0.150836 0.531964 0.164197 0.075145
2 2 0.042125 0.164017 0.608074 0.065511 0.120273
2 2 0.039968 0.156455 0.608531 0.054052 0.140994
2 1 0.028689 0.095940 0.654915 0.142096 0.078362
2 2 0.039028 0.150829 0.656398 0.042619 0.111126
2 2 0.035204 0.114714 0.647927 0.082437 0.119718
2 2 0.038567 0.104391 0.618206 0.148177 0.090658
2 2 0.043244 0.201411 0.572749 0.033805 0.148791
4 2 0.204455 0.256099 0.216961 0.018252 0.304233
2 2 0.065075 0.088829 0.600131 0.154285 0.091680
0 0 0.460912 0.118674 0.131739 0.087811 0.200864
2 1 0.096810 0.114204 0.477177 0.281713 0.030096
2 2 0.044268 0.109826 0.543683 0.264959 0.037265
2 2 0.043384 0.169474 0.628755 0.049101 0.109286
2 2 0.055278 0.161023 0.661794 0.042199 0.079708
2 2 0.069733 0.197117 0.588378 0.040415 0.104357
2 2 0.061651 0.197780 0.589440 0.029170 0.121958
2 2 0.085267 0.193973 0.520718 0.062587 0.137455
2 2 0.115657 0.192854 0.515876 0.077281 0.098332
2 2 0.070269 0.123646 0.578099 0.187411 0.040575
3 2 0.323358 0.059838 0.263238 0.339689 0.013876
0 2 0.344319 0.101338 0.239199 0.257583 0.057560
2 2 0.068551 0.066733 0.541755 0.310425 0.012536
4 2 0.214610 0.149634 0.230396 0.049944 0.355415
0 2 0.407803 0.063295 0.133720 0.346992 0.048189
0 2 0.397660 0.117506 0.141801 0.126300 0.216733
3 0 0.202354 0.055139 0.191572 0.516937 0.033999
2 0 0.214058 0.136076 0.282212 0.158666 0.208988
4 1 0.135358 0.103918 0.151226 0.009632 0.599866
4 2 0.141138 0.157906 0.154458 0.005108 0.541389
4 2 0.124965 0.140856 0.145459 0.003792 0.584928
2 2 0.095524 0.148995 0.410066 0.022119 0.323296
4 2 0.165055 0.153612 0.178479 0.011398 0.491456
4 2 0.141627 0.134339 0.254710 0.014532 0.454792
2 2 0.161292 0.189404 0.351507 0.058716 0.239082
4 2 0.158663 0.204244 0.210173 0.007095 0.419824
4 2 0.118111 0.159663 0.312602 0.072734 0.336890
2 2 0.119387 0.158417 0.459974 0.055751 0.206470
2 3 0.168655 0.122537 0.379245 0.159776 0.169787
2 2 0.106704 0.110024 0.473876 0.156848 0.152548
3 2 0.130602 0.070772 0.372283 0.372804 0.053540
2 2 0.144854 0.152212 0.365260 0.068478 0.269197
2 2 0.122276 0.119731 0.397473 0.236019 0.124501
2 2 0.130852 0.109147 0.426938 0.255886 0.077176
2 2 0.222222 0.142014 0.346708 0.146194 0.142863
2 2 0.099565 0.082725 0.446924 0.319563 0.051223
2 2 0.188102 0.138203 0.296051 0.093137 0.284507
2 2 0.270374 0.148209 0.304323 0.052655 0.224439
4 3 0.179115 0.162227 0.203682 0.016595 0.438381
3 2 0.082591 0.076290 0.376552 0.381849 0.082718
3 2 0.221969 0.099288 0.296458 0.324299 0.057986
2 2 0.229840 0.143946 0.257395 0.141478 0.227341
2 2 0.171711 0.123158 0.321066 0.256337 0.127727
2 2 0.137942 0.125985 0.365751 0.110832 0.259490
2 2 0.180070 0.170540 0.294268 0.116809 0.238313
2 2 0.201806 0.117065 0.309248 0.107339 0.264542
2 2 0.276016 0.103874 0.279516 0.184202 0.156392
3 2 0.054749 0.059177 0.313256 0.522830 0.049989
2 2 0.161288 0.233575 0.388045 0.078144 0.138948
4 2 0.315824 0.151765 0.164296 0.048862 0.319253
2 2 0.128683 0.111843 0.331498 0.316862 0.111114
4 2 0.172234 0.125807 0.220654 0.131169 0.350136
0 2 0.307238 0.137864 0.178938 0.134726 0.241234
2 2 0.234617 0.196507 0.256283 0.119131 0.193462
0 2 0.288206 0.130283 0.227965 0.122494 0.231053
2 2 0.130178 0.099060 0.283885 0.242541 0.244335
3 2 0.207720 0.111315 0.263540 0.312033 0.105392
3 2 0.087520 0.053074 0.199258 0.607447 0.052701
4 2 0.257596 0.182394 0.219274 0.057784 0.282953
0 2 0.268317 0.126228 0.228492 0.222390 0.154572
0 3 0.360406 0.129791 0.167950 0.176368 0.165485
4 2 0.222545 0.123479 0.265893 0.119944 0.268139
3 2 0.157200 0.067189 0.244179 0.496605 0.034828
4 2 0.141233 0.114619 0.171865 0.023318 0.548965
2 2 0.161751 0.078411 0.370818 0.360857 0.028163
3 2 0.137976 0.107982 0.166977 0.348012 0.239053
3 3 0.179513 0.104320 0.298357 0.342948 0.074862
3 2 0.066805 0.077500 0.352741 0.408584 0.094371
2 2 0.138994 0.103432 0.356394 0.345274 0.055906
3 3 0.067956 0.057141 0.305766 0.536782 0.032355
3 3 0.078979 0.048710 0.260198 0.588449 0.023664
2 2 0.118973 0.092014 0.380292 0.346707 0.062014
3 2 0.093987 0.055704 0.265368 0.535457 0.049485
3 2 0.090999 0.050437 0.332688 0.509960 0.015915
2 3 0.132174 0.115559 0.349949 0.316668 0.085651
3 3 0.064316 0.052584 0.305340 0.537825 0.039935
4 2 0.221880 0.115497 0.279174 0.075437 0.308014
3 2 0.027861 0.043731 0.294361 0.603423 0.030624
3 2 0.155341 0.084511 0.246962 0.400331 0.112855
3 2 0.087949 0.065445 0.274082 0.524218 0.048307
2 2 0.154127 0.100998 0.329911 0.318819 0.096145
2 2 0.076131 0.115820 0.551261 0.196372 0.060416
3 2 0.041400 0.032603 0.217403 0.680971 0.027624
3 2 0.055663 0.061630 0.298415 0.537145 0.047147
3 2 0.045210 0.058331 0.360915 0.493412 0.042132
2 2 0.128861 0.125794 0.364679 0.203059 0.177608
0 2 0.276406 0.113086 0.164967 0.219576 0.225965
3 2 0.069541 0.056195 0.340009 0.509892 0.024363
2 2 0.088340 0.086704 0.429317 0.358672 0.036967
3 2 0.045009 0.061547 0.283522 0.550364 0.059558
3 2 0.044487 0.058760 0.336547 0.462270 0.097936
2 2 0.109804 0.096086 0.390090 0.271982 0.132039
2 2 0.249151 0.108858 0.346513 0.170522 0.124957
3 2 0.095574 0.065803 0.246484 0.535056 0.057083
2 2 0.118189 0.097572 0.395914 0.294677 0.093648
3 2 0.133912 0.076559 0.242109 0.464758 0.082663
3 2 0.164916 0.088084 0.298390 0.342733 0.105877
2 2 0.147433 0.169685 0.513700 0.131812 0.037371
2 2 0.075350 0.084720 0.418181 0.367758 0.053991
2 2 0.076428 0.075167 0.405596 0.359150 0.083658
0 2 0.574159 0.071193 0.095723 0.191120 0.067806
0 0 0.553624 0.101041 0.101856 0.122571 0.120908
0 0 0.622441 0.117298 0.090874 0.054238 0.115148
0 1 0.440303 0.125046 0.134207 0.134202 0.166242
4 1 0.164736 0.205321 0.164547 0.006147 0.459249
4 1 0.093195 0.131058 0.316466 0.035002 0.424278
2 2 0.132088 0.169862 0.461487 0.043167 0.193397
2 2 0.135949 0.161842 0.343277 0.025070 0.333861
4 2 0.139441 0.223160 0.255341 0.004787 0.377271
2 2 0.074099 0.160626 0.425551 0.047391 0.292334
4 2 0.080780 0.164332 0.334477 0.027018 0.393394
4 2 0.088208 0.183504 0.251412 0.006016 0.470860
4 4 0.075001 0.093380 0.134438 0.002367 0.694814
4 4 0.065999 0.122816 0.162930 0.001965 0.646289
4 4 0.067901 0.125139 0.109978 0.000470 0.696512
4 4 0.062625 0.135417 0.162898 0.001824 0.637235
4 4 0.124203 0.194017 0.273957 0.005311 0.402512
4 4 0.066829 0.121418 0.389036 0.014010 0.408706
2 4 0.027875 0.145183 0.658426 0.043157 0.125360
2 4 0.034724 0.162292 0.497296 0.017164 0.288524
2 4 0.033651 0.177203 0.587992 0.027353 0.173801
2 4 0.018107 0.107892 0.657956 0.053170 0.162875
2 4 0.028686 0.153828 0.628994 0.039003 0.149489
2 4 0.031710 0.199517 0.619382 0.021992 0.127399
2 4 0.038753 0.196423 0.544123 0.018116 0.202585
2 4 0.035628 0.184691 0.575953 0.031536 0.172192
2 4 0.039554 0.190165 0.523502 0.018759 0.228020
2 4 0.034456 0.191938 0.546070 0.012871 0.214664
2 4 0.039038 0.200487 0.533492 0.014120 0.212864
2 4 0.036000 0.163218 0.571965 0.021402 0.207415
2 4 0.037183 0.171092 0.501309 0.015478 0.274939
2 4 0.048715 0.181336 0.527268 0.013573 0.229108
2 4 0.031938 0.184641 0.632893 0.044615 0.105913
2 4 0.053135 0.193071 0.533223 0.016079 0.204491
2 4 0.065399 0.210031 0.546493 0.026602 0.151475
2 4 0.035670 0.142178 0.704230 0.067514 0.050409
2 2 0.041950 0.188122 0.596975 0.039109 0.133844
2 2 0.032799 0.125004 0.690736 0.099199 0.052262
2 2 0.047198 0.225955 0.558466 0.032114 0.136267
2 2 0.039229 0.228377 0.641702 0.023002 0.067690
2 2 0.030598 0.174828 0.685188 0.027988 0.081397
2 2 0.042972 0.174884 0.562698 0.031113 0.188332
2 2 0.046747 0.177319 0.592431 0.031793 0.151710
2 2 0.055571 0.166317 0.565953 0.126058 0.086101
2 2 0.046851 0.108748 0.618754 0.189377 0.036270
2 2 0.067780 0.177647 0.651044 0.027556 0.075972
2 2 0.062875 0.190975 0.652670 0.052149 0.041331
0 2 0.693393 0.060566 0.101316 0.087535 0.057191
0 2 0.930423 0.010594 0.008432 0.042781 0.007769
0 2 0.900776 0.016710 0.013916 0.055186 0.013412
3 2 0.251392 0.007427 0.019658 0.713196 0.008327
4 2 0.147960 0.114292 0.206332 0.078091 0.453325
2 2 0.100950 0.130072 0.479302 0.146692 0.142985
2 2 0.089609 0.221893 0.500663 0.056235 0.131600
2 2 0.078417 0.298574 0.392569 0.011069 0.219370
2 2 0.032716 0.112632 0.643337 0.117340 0.093975
2 2 0.045586 0.173461 0.581576 0.027963 0.171414
0 2 0.349972 0.099465 0.247350 0.252857 0.050356
0 2 0.337440 0.128586 0.257137 0.064547 0.212289
0 2 0.492542 0.060920 0.076005 0.277901 0.092631
0 0 0.481546 0.063763 0.080892 0.271234 0.102565
2 1 0.157310 0.195232 0.455195 0.065500 0.126763
2 1 0.199295 0.218790 0.321067 0.041764 0.219084
2 2 0.092894 0.142838 0.574787 0.119081 0.070401
0 2 0.242482 0.098588 0.223294 0.197922 0.237714
0 2 0.320447 0.177631 0.156052 0.157658 0.188212
0 2 0.565641 0.096091 0.100552 0.112909 0.124808
0 2 0.551595 0.044276 0.054889 0.284375 0.064865
0 2 0.423573 0.100275 0.199132 0.160476 0.116543
3 2 0.364642 0.052443 0.137738 0.412796 0.032380
3 0 0.148794 0.053727 0.246580 0.526362 0.024537
4 1 0.150728 0.185865 0.176485 0.016380 0.470543
4 1 0.062051 0.207859 0.353716 0.010802 0.365572
2 1 0.074815 0.144370 0.508376 0.084537 0.187902
2 1 0.057568 0.180076 0.516531 0.026717 0.219108
2 2 0.051652 0.211560 0.486925 0.014873 0.234990
2 2 0.060983 0.188181 0.544760 0.038421 0.167656
2 2 0.049095 0.187629 0.571895 0.036267 0.155114
2 2 0.048299 0.181936 0.578644 0.024651 0.166471
2 2 0.071010 0.290057 0.361920 0.004969 0.272044
2 2 0.035817 0.168150 0.688585 0.031282 0.076165
3 2 0.203498 0.061529 0.234534 0.462493 0.037945
0 2 0.445803 0.089329 0.187453 0.227776 0.049639
0 2 0.505191 0.099990 0.138234 0.167150 0.089435
0 2 0.539136 0.077527 0.100455 0.198910 0.083972
0 2 0.678514 0.068136 0.066391 0.112220 0.074738
3 2 0.241682 0.011295 0.040558 0.699121 0.007345
3 2 0.192274 0.056404 0.095887 0.518565 0.136871
2 2 0.045021 0.132530 0.455985 0.030682 0.335781
2 2 0.054555 0.217095 0.479688 0.010401 0.238261
2 2 0.089478 0.085114 0.520234 0.179067 0.126108
3 2 0.081313 0.046543 0.254270 0.593537 0.024337
2 2 0.064911 0.183052 0.440286 0.030474 0.281277
2 2 0.032280 0.128895 0.559189 0.036372 0.243264
2 2 0.049886 0.152181 0.463580 0.029802 0.304552
2 2 0.041217 0.177960 0.457592 0.019557 0.303674
4 2 0.061543 0.174088 0.365512 0.020690 0.378166
0 2 0.475444 0.109621 0.125383 0.057683 0.231870
0 2 0.465834 0.116264 0.137572 0.147270 0.133059
0 2 0.502482 0.031378 0.112326 0.345578 0.008237
4 2 0.202724 0.216681 0.178363 0.033046 0.369187
4 2 0.061747 0.220846 0.303616 0.005413 0.408377
4 2 0.077971 0.174417 0.297742 0.016940 0.432930
2 2 0.063912 0.242780 0.501808 0.010905 0.180594
2 2 0.043919 0.150496 0.666241 0.060872 0.078473
2 2 0.059504 0.192878 0.584383 0.047981 0.115254
2 2 0.045200 0.237327 0.459636 0.010116 0.247721
2 2 0.050515 0.235623 0.537704 0.024735 0.151423
2 2 0.052191 0.188289 0.565541 0.035071 0.158908
2 2 0.057839 0.150048 0.559558 0.060401 0.172153
2 2 0.027878 0.156016 0.699209 0.054248 0.062649
2 2 0.051849 0.203727 0.591973 0.035290 0.117161
2 2 0.082778 0.208845 0.497182 0.032468 0.178727
2 2 0.057117 0.194704 0.559656 0.047762 0.140761
2 2 0.033310 0.143956 0.659911 0.066420 0.096403
2 2 0.049839 0.202255 0.589137 0.060199 0.098570
2 2 0.063950 0.173676 0.497060 0.030752 0.234562
2 2 0.054852 0.230905 0.576373 0.035732 0.102138
3 2 0.020343 0.025835 0.326528 0.610200 0.017093
3 2 0.341340 0.029221 0.213492 0.412926 0.003021
0 2 0.621905 0.081730 0.081654 0.120487 0.094223
0 2 0.829288 0.030192 0.030513 0.086389 0.023618
3 0 0.271851 0.065850 0.159751 0.444031 0.058517
0 0 0.442708 0.122652 0.136854 0.089502 0.208284
0 0 0.496021 0.111881 0.117533 0.132029 0.142535
2 0 0.154190 0.316572 0.326412 0.005602 0.197224
2 1 0.090594 0.222701 0.510697 0.032195 0.143814
2 1 0.076963 0.239850 0.516267 0.024429 0.142491
2 1 0.055472 0.168978 0.542146 0.079473 0.153931
2 2 0.046352 0.195620 0.653786 0.029220 0.075023
2 2 0.053122 0.192364 0.619321 0.036633 0.098559
2 2 0.038561 0.185718 0.630484 0.049729 0.095507
2 2 0.068724 0.190764 0.532731 0.038768 0.169013
2 2 0.024808 0.109660 0.720015 0.103023 0.042494
2 2 0.058988 0.042155 0.536063 0.358513 0.004281
0 2 0.608113 0.085046 0.085459 0.122203 0.099179
0 0 0.319025 0.129400 0.172803 0.226626 0.152147
2 1 0.049021 0.214219 0.448691 0.028925 0.259145
2 2 0.053938 0.185812 0.439480 0.024183 0.296587
2 2 0.034112 0.158274 0.590865 0.024021 0.192727
2 2 0.033222 0.170865 0.576526 0.036485 0.182902
2 2 0.030702 0.158246 0.660269 0.040578 0.110206
2 2 0.040212 0.211392 0.536187 0.019748 0.192461
2 2 0.025407 0.162400 0.711554 0.037617 0.063022
2 2 0.035317 0.125631 0.556146 0.072444 0.210462
2 2 0.028961 0.143739 0.640197 0.044758 0.142345
2 2 0.036716 0.142984 0.602133 0.027482 0.190685
2 2 0.033661 0.191386 0.582300 0.027807 0.164846
2 2 0.032167 0.188197 0.577804 0.020695 0.181137
2 2 0.040129 0.169944 0.625698 0.032821 0.131409
2 2 0.027288 0.163156 0.628064 0.042085 0.139406
2 2 0.075325 0.104901 0.447115 0.128899 0.243761
0 1 0.269297 0.097927 0.227192 0.232052 0.173532
2 1 0.032425 0.160598 0.571389 0.031857 0.203732
2 2 0.062031 0.172668 0.480620 0.036660 0.248021
2 1 0.061788 0.239688 0.500749 0.017721 0.180055
2 2 0.044793 0.179086 0.588604 0.021961 0.165556
2 2 0.035909 0.171170 0.579301 0.043498 0.170122
2 2 0.028436 0.118878 0.655368 0.126309 0.071008
2 2 0.210221 0.110867 0.305734 0.109438 0.263740
0 2 0.549971 0.018560 0.055211 0.369483 0.006776
3 2 0.150724 0.079197 0.333677 0.401398 0.035003
2 2 0.161054 0.123276 0.403540 0.251370 0.060761
2 2 0.103062 0.283107 0.403627 0.042637 0.167566
4 1 0.075884 0.136680 0.172154 0.003909 0.611373
2 1 0.047857 0.207803 0.450020 0.013706 0.280614
2 1 0.038176 0.208686 0.532542 0.019279 0.201318
2 2 0.048407 0.223229 0.574943 0.032744 0.120677
2 2 0.052863 0.195239 0.525446 0.016604 0.209848
2 2 0.057760 0.204739 0.513352 0.023684 0.200466
2 2 0.083472 0.159590 0.504316 0.162487 0.090135
2 2 0.088387 0.244973 0.508429 0.088904 0.069307
2 1 0.047916 0.186165 0.624205 0.024895 0.116819
2 2 0.046918 0.158951 0.499462 0.033424 0.261245
2 2 0.058778 0.204968 0.384808 0.008118 0.343328
2 2 0.061534 0.178324 0.446529 0.016210 0.297403
2 2 0.053034 0.157631 0.506994 0.036040 0.246301
2 2 0.071598 0.183117 0.486200 0.023284 0.235802
2 2 0.047293 0.147679 0.591112 0.023933 0.189984
2 2 0.039556 0.147382 0.474526 0.024838 0.313699
2 2 0.036340 0.125247 0.630290 0.055727 0.152396
2 2 0.068907 0.158437 0.527971 0.051440 0.193245
2 1 0.245466 0.116086 0.340862 0.235796 0.061790
2 1 0.167204 0.144073 0.470416 0.119555 0.098751
2 1 0.147100 0.246531 0.480144 0.023675 0.102550
2 1 0.043700 0.109478 0.586116 0.223608 0.037098
2 1 0.067166 0.198761 0.650106 0.043349 0.040618
2 2 0.034069 0.110583 0.602012 0.124843 0.128492
2 2 0.049253 0.115015 0.609502 0.159316 0.066913
2 2 0.084250 0.301931 0.460445 0.014603 0.138770
2 2 0.080579 0.156945 0.558804 0.144622 0.059049
2 2 0.052980 0.078963 0.471559 0.331634 0.064864
0 2 0.519154 0.091611 0.139249 0.178928 0.071059
3 0 0.198294 0.084638 0.275951 0.407519 0.033597
2 0 0.040518 0.053334 0.463414 0.369333 0.073400
2 1 0.136911 0.251974 0.442578 0.056996 0.111540
2 1 0.071223 0.154746 0.503992 0.039221 0.230817
2 1 0.079045 0.165740 0.569526 0.055690 0.129999
3 0 0.300600 0.030208 0.143307 0.516975 0.008910
3 0 0.220943 0.067605 0.107406 0.455719 0.148327
2 0 0.091761 0.137976 0.502711 0.165869 0.101683
2 1 0.067090 0.232074 0.511302 0.026432 0.163102
2 1 0.096454 0.136135 0.581309 0.085879 0.100223
0 0 0.277493 0.161848 0.185723 0.129134 0.245801
0 0 0.290400 0.158480 0.181854 0.122487 0.246778
0 0 0.381925 0.138605 0.152189 0.134463 0.192818
0 0 0.640910 0.078512 0.078988 0.104628 0.096962
0 0 0.356449 0.144419 0.160204 0.133889 0.205039
3 0 0.135587 0.109898 0.292971 0.315785 0.145760
3 0 0.064537 0.071659 0.342721 0.363715 0.157368
4 0 0.098708 0.212969 0.309152 0.027779 0.351390
2 0 0.173358 0.102676 0.363021 0.139093 0.221851
4 0 0.258726 0.102072 0.159226 0.103796 0.376180
4 0 0.290719 0.130803 0.156884 0.056866 0.364729
0 0 0.413663 0.103615 0.160738 0.211601 0.110384
0 0 0.537136 0.072967 0.113956 0.200244 0.075697
0 0 0.577461 0.078542 0.080909 0.162837 0.100251
0 0 0.392215 0.060747 0.103075 0.370673 0.073290
0 0 0.674919 0.062482 0.070181 0.025210 0.167208
0 0 0.652838 0.074297 0.073241 0.116219 0.083405
0 0 0.362671 0.178161 0.149511 0.024219 0.285437
0 0 0.381078 0.123905 0.147701 0.051712 0.295604
4 1 0.169417 0.160478 0.199038 0.058870 0.412197
2 1 0.112630 0.110866 0.468485 0.139443 0.168575
2 0 0.075553 0.132396 0.420263 0.275978 0.095809
2 1 0.067683 0.170343 0.605256 0.052953 0.103765
2 1 0.066057 0.158567 0.574384 0.125825 0.075167
2 1 0.062093 0.201077 0.514531 0.096427 0.125872
2 1 0.050134 0.129469 0.600947 0.112775 0.106674
2 2 0.066095 0.164433 0.590648 0.109545 0.069278
2 2 0.070574 0.153919 0.568709 0.120648 0.086149
2 2 0.045239 0.178071 0.577458 0.046556 0.152676
2 2 0.069301 0.186273 0.574567 0.047670 0.122189
2 2 0.071459 0.303204 0.494689 0.014448 0.116199
0 2 0.579731 0.067890 0.138472 0.169566 0.044342
0 2 0.371396 0.141017 0.155489 0.134278 0.197820
2 2 0.059223 0.080409 0.525967 0.282207 0.052194
3 2 0.055335 0.015209 0.104719 0.816440 0.008298
2 2 0.044725 0.158237 0.570082 0.065052 0.161904
2 2 0.029929 0.119129 0.657958 0.070338 0.122646
2 2 0.054593 0.112374 0.507401 0.130755 0.194877
2 2 0.033202 0.127908 0.616417 0.043104 0.179368
3 2 0.056543 0.056897 0.391731 0.473648 0.021181
2 2 0.039047 0.188541 0.511005 0.010723 0.250684
2 2 0.022685 0.136803 0.690809 0.036958 0.112745
2 2 0.052375 0.161341 0.384519 0.019283 0.382482
2 2 0.231650 0.080134 0.468338 0.172634 0.047244
0 0 0.835997 0.031049 0.027582 0.077037 0.028335
2 1 0.088921 0.139151 0.307531 0.283678 0.180718
2 1 0.057916 0.226810 0.376530 0.011605 0.327139
2 1 0.049221 0.145010 0.539628 0.061298 0.204843
2 0 0.090958 0.167096 0.445080 0.024014 0.272852
2 1 0.149531 0.183008 0.344833 0.108015 0.214612
2 1 0.038061 0.206061 0.489260 0.020451 0.246167
4 1 0.050835 0.091262 0.334005 0.050983 0.472914
2 1 0.072725 0.286026 0.359781 0.009993 0.271476
2 1 0.053899 0.208175 0.549723 0.021725 0.166478
2 2 0.061448 0.188638 0.484839 0.015630 0.249446
2 2 0.031810 0.163003 0.690566 0.043906 0.070715
2 2 0.055582 0.183243 0.547150 0.029511 0.184514
2 2 0.036004 0.123937 0.591707 0.083695 0.164656
2 2 0.052353 0.172524 0.566660 0.056100 0.152363
2 2 0.040979 0.173083 0.533900 0.028699 0.223340
2 2 0.035553 0.174498 0.617803 0.039222 0.132924
2 2 0.151238 0.095165 0.426690 0.296048 0.030859
0 2 0.740767 0.024602 0.037132 0.181415 0.016085
0 0 0.455233 0.105286 0.167668 0.188045 0.083767
2 1 0.132754 0.164837 0.390961 0.219228 0.092220
3 1 0.128091 0.068751 0.345055 0.420564 0.037539
2 2 0.110537 0.087427 0.403636 0.379006 0.019394
0 2 0.563756 0.061842 0.130482 0.215277 0.028644
0 0 0.847967 0.026872 0.025700 0.077954 0.021508
0 0 0.644491 0.075081 0.078034 0.122537 0.079857
2 0 0.222298 0.106104 0.376818 0.232652 0.062129
2 1 0.063016 0.109971 0.449752 0.339660 0.037601
2 1 0.046621 0.141297 0.627605 0.116731 0.067747
2 1 0.033857 0.127529 0.676308 0.069564 0.092741
2 1 0.037939 0.141596 0.649150 0.056939 0.114376
2 1 0.062806 0.164907 0.592733 0.052767 0.126788
2 1 0.052694 0.226869 0.618943 0.013982 0.087512
2 4 0.043729 0.168598 0.584497 0.022281 0.180895
2 4 0.048502 0.201109 0.520787 0.015839 0.213762
2 4 0.041733 0.176125 0.597402 0.014616 0.170125
2 4 0.039608 0.142585 0.614891 0.056467 0.146450
2 4 0.087618 0.084465 0.458238 0.261832 0.107847
0 4 0.411659 0.112810 0.251321 0.074775 0.149434
3 4 0.087819 0.066952 0.364102 0.425693 0.055435
3 4 0.149745 0.058860 0.119513 0.431355 0.240527
3 4 0.065076 0.028421 0.155724 0.729130 0.021648
3 4 0.283290 0.103895 0.209625 0.309741 0.093449
4 4 0.179717 0.110496 0.283790 0.090323 0.335673
2 4 0.036060 0.155078 0.630744 0.020410 0.157707
2 4 0.076681 0.107701 0.436842 0.211461 0.167314
3 4 0.245520 0.068953 0.140076 0.454477 0.090973
2 4 0.041254 0.097578 0.505522 0.187877 0.167768
2 4 0.085488 0.197212 0.369130 0.039034 0.309135
2 4 0.044943 0.134613 0.574261 0.051535 0.194648
3 4 0.231919 0.075297 0.212735 0.355733 0.124316
2 4 0.119896 0.221561 0.346903 0.020221 0.291419
4 4 0.212493 0.142291 0.183988 0.038484 0.422744
0 4 0.310881 0.147787 0.174090 0.083045 0.284197
2 4 0.040492 0.125051 0.590755 0.144133 0.099568
2 4 0.091887 0.122598 0.496188 0.080617 0.208710
2 4 0.091790 0.112113 0.351745 0.161090 0.283262
0 4 0.541354 0.087188 0.101695 0.031971 0.237793
4 4 0.132418 0.098384 0.168673 0.040152 0.560373
2 4 0.067626 0.166971 0.556829 0.110492 0.098083
4 4 0.210658 0.106405 0.207955 0.086172 0.388810
2 4 0.098856 0.143322 0.487459 0.043112 0.227251
2 4 0.036075 0.160951 0.545209 0.020838 0.236927
2 4 0.038047 0.131380 0.619763 0.048756 0.162054
4 4 0.095978 0.101414 0.209865 0.032313 0.560429
0 0 0.297854 0.109678 0.152858 0.262327 0.177283
2 4 0.036359 0.167696 0.553702 0.024275 0.217967
2 4 0.044682 0.152017 0.598655 0.061036 0.143610
2 4 0.032123 0.149507 0.619772 0.071775 0.126822
2 4 0.041055 0.146805 0.601750 0.032730 0.177660
2 4 0.048843 0.124054 0.489528 0.048905 0.288671
3 4 0.142677 0.047603 0.243771 0.547134 0.018815
0 4 0.422263 0.119277 0.133523 0.157751 0.167186
2 4 0.166380 0.195558 0.442403 0.084895 0.110763
4 4 0.275705 0.105986 0.140956 0.016732 0.460621
0 4 0.688659 0.065706 0.063719 0.110522 0.071394
2 4 0.033327 0.175600 0.557404 0.018892 0.214777
2 4 0.025853 0.104748 0.729492 0.038647 0.101261
2 4 0.241170 0.104002 0.281478 0.273838 0.099511
0 4 0.632413 0.079205 0.078777 0.119103 0.090502
0 4 0.451928 0.129949 0.133771 0.130568 0.153783
2 4 0.088996 0.184689 0.419570 0.030211 0.276534
2 4 0.273570 0.112885 0.356362 0.147642 0.109541
3 4 0.091011 0.027773 0.146542 0.705114 0.029560
0 4 0.306959 0.092254 0.130807 0.278750 0.191230
2 4 0.287538 0.113707 0.343209 0.157722 0.097824
2 4 0.209257 0.161408 0.361630 0.105293 0.162412
2 4 0.026293 0.107055 0.616690 0.195788 0.054174
2 4 0.112551 0.213467 0.496322 0.059796 0.117863
4 4 0.196044 0.130413 0.254332 0.120179 0.299032
0 4 0.387078 0.080340 0.118523 0.197354 0.216706
0 4 0.551762 0.066429 0.133363 0.214482 0.033964
0 4 0.282017 0.256757 0.191126 0.042344 0.227756
2 4 0.040206 0.136556 0.567183 0.025272 0.230782
2 4 0.035341 0.060646 0.465031 0.333023 0.105958
4 4 0.272745 0.148649 0.181112 0.064497 0.332997
0 4 0.821208 0.029008 0.027028 0.094732 0.028024
3 4 0.099370 0.047615 0.219180 0.610459 0.023376
2 4 0.047791 0.161152 0.592536 0.100645 0.097877
2 4 0.094710 0.172096 0.444219 0.081963 0.207011
3 4 0.054029 0.058768 0.383687 0.458595 0.044921
2 4 0.041052 0.132708 0.588576 0.044109 0.193555
2 4 0.050387 0.189059 0.561068 0.028060 0.171425
2 4 0.194098 0.136541 0.257189 0.187471 0.224701
0 4 0.723624 0.058246 0.071166 0.082253 0.064712
3 4 0.238462 0.117074 0.275106 0.286611 0.082746
2 4 0.214124 0.230580 0.283910 0.077902 0.193484
2 4 0.046878 0.099352 0.603298 0.129990 0.120482
2 4 0.055670 0.172707 0.544783 0.123656 0.103184
2 4 0.054646 0.155337 0.624027 0.067761 0.098229
2 4 0.033054 0.148751 0.637947 0.033274 0.146974
2 4 0.059709 0.218241 0.521254 0.012966 0.187830
2 4 0.143079 0.131641 0.368514 0.035780 0.320985
1 4 0.303170 0.321246 0.142122 0.007103 0.226359
2 4 0.029606 0.138898 0.641780 0.037299 0.152417
2 4 0.052279 0.164672 0.522744 0.020280 0.240025
2 4 0.033807 0.155156 0.659285 0.020788 0.130963
2 4 0.040178 0.169368 0.566081 0.030527 0.193847
2 4 0.047198 0.193157 0.532282 0.011425 0.215938
2 4 0.061314 0.185933 0.545232 0.015621 0.191901
2 4 0.051194 0.205215 0.655046 0.018197 0.070348
0 0 0.434262 0.178891 0.142893 0.066092 0.177863
2 1 0.102395 0.227934 0.488381 0.038035 0.143255
2 1 0.041297 0.176643 0.630526 0.032109 0.119425
4 1 0.076955 0.167617 0.320580 0.030067 0.404782
4 1 0.103168 0.163592 0.337825 0.046330 0.349085
2 1 0.093831 0.191195 0.382813 0.021223 0.310938
2 1 0.048888 0.179652 0.470805 0.041411 0.259243
4 1 0.089207 0.233010 0.250853 0.005884 0.421045
0 1 0.347457 0.145541 0.223810 0.182433 0.100759
2 1 0.124160 0.142635 0.413231 0.194847 0.125127
2 1 0.059408 0.152043 0.427702 0.041550 0.319298
2 2 0.089652 0.161198 0.567030 0.073638 0.108482
2 2 0.116838 0.229266 0.486709 0.020525 0.146663
2 2 0.114531 0.255220 0.474614 0.045978 0.109656
2 2 0.089021 0.169917 0.343570 0.120862 0.276630
2 2 0.039757 0.094925 0.525590 0.229599 0.110129
2 2 0.045615 0.091438 0.558613 0.214599 0.089735
2 2 0.043940 0.092756 0.605193 0.191631 0.066479
2 2 0.111230 0.165926 0.479352 0.119864 0.123627
2 2 0.055235 0.106300 0.497954 0.229737 0.110774
2 2 0.048577 0.137612 0.575633 0.178813 0.059364
3 2 0.227461 0.116999 0.249153 0.294527 0.111860
0 2 0.299259 0.157151 0.178583 0.130928 0.234080
2 2 0.048609 0.126233 0.590201 0.152527 0.082431
2 2 0.076736 0.123936 0.597003 0.102215 0.100109
2 2 0.047865 0.150902 0.567187 0.095690 0.138355
2 2 0.027491 0.071325 0.577515 0.267750 0.055919
2 2 0.042416 0.132419 0.625245 0.122407 0.077513
2 2 0.041997 0.169504 0.640873 0.062280 0.085347
2 2 0.031060 0.085385 0.587318 0.142358 0.153879
2 2 0.040728 0.125737 0.626917 0.078561 0.128058
2 2 0.059781 0.160526 0.524127 0.108412 0.147154
2 2 0.074209 0.141105 0.498082 0.131118 0.155486
2 2 0.081201 0.176835 0.550935 0.045022 0.146007
2 2 0.049925 0.118369 0.621763 0.098767 0.111175
2 2 0.040550 0.113371 0.612405 0.105435 0.128239
2 2 0.048626 0.092622 0.567524 0.213670 0.077559
2 2 0.333234 0.108370 0.362112 0.070229 0.126056
0 2 0.390835 0.133356 0.166278 0.152096 0.157436
2 2 0.162610 0.141934 0.346072 0.107954 0.241430
0 2 0.315220 0.132227 0.172893 0.225368 0.154292
0 2 0.367621 0.112083 0.207499 0.145773 0.167024
0 1 0.629397 0.079930 0.079601 0.119507 0.091565
0 1 0.363725 0.096247 0.141705 0.186883 0.211439
0 1 0.664363 0.071531 0.070151 0.114476 0.079479
2 1 0.079236 0.191154 0.566352 0.059213 0.104045
2 2 0.078088 0.198976 0.568282 0.031020 0.123633
0 2 0.427908 0.112141 0.191068 0.050552 0.218331
3 2 0.173564 0.073142 0.361954 0.370208 0.021132
2 2 0.076839 0.153419 0.485448 0.140736 0.143558
0 2 0.379687 0.127573 0.150525 0.059690 0.282524
0 2 0.406517 0.095161 0.154432 0.249854 0.094038
2 2 0.128757 0.129859 0.404042 0.106724 0.230619
2 2 0.179850 0.119490 0.412748 0.120988 0.166923
4 2 0.141939 0.247086 0.289479 0.014827 0.306669
4 2 0.176410 0.181027 0.289724 0.049502 0.303337
4 2 0.191744 0.155113 0.248587 0.041235 0.363320
3 2 0.068366 0.092331 0.314665 0.329313 0.195326
0 2 0.359302 0.226708 0.267137 0.067461 0.079391
2 2 0.188154 0.161515 0.313937 0.076278 0.260116
4 2 0.210920 0.236433 0.219889 0.043538 0.289219
2 2 0.229167 0.143396 0.283288 0.094345 0.249804
0 1 0.367306 0.115064 0.222541 0.215084 0.080004
4 2 0.127920 0.087795 0.205451 0.126836 0.451999
3 2 0.161468 0.106378 0.279353 0.326554 0.126248
4 2 0.202293 0.157537 0.277580 0.065651 0.296938
2 2 0.180692 0.146418 0.343341 0.059115 0.270433
2 2 0.267000 0.177065 0.328903 0.039279 0.187754
2 2 0.099265 0.105402 0.317448 0.293608 0.184276
3 2 0.070981 0.050807 0.257056 0.588256 0.032900
2 2 0.082766 0.110684 0.519900 0.235463 0.051186
2 2 0.084651 0.103245 0.458472 0.223003 0.130630
2 2 0.111945 0.249290 0.343352 0.018889 0.276523
2 2 0.126772 0.124426 0.345620 0.093001 0.310181
2 2 0.127702 0.133597 0.483218 0.080212 0.175270
4 2 0.172873 0.142452 0.262308 0.094848 0.327519
4 2 0.102071 0.116155 0.273825 0.149257 0.358692
4 2 0.134836 0.216387 0.303293 0.012405 0.333079
2 2 0.116515 0.100029 0.435530 0.117070 0.230856
2 2 0.236201 0.129496 0.256360 0.237476 0.140467
2 2 0.079773 0.091286 0.406532 0.346770 0.075639
4 2 0.253039 0.122115 0.192208 0.136989 0.295649
3 2 0.141377 0.066157 0.204077 0.527978 0.060411
3 2 0.081110 0.069412 0.356824 0.457119 0.035535
2 2 0.102656 0.134963 0.506347 0.172868 0.083166
2 2 0.087264 0.104055 0.424005 0.250674 0.134002
2 2 0.076879 0.074494 0.437981 0.333146 0.077500
4 2 0.090606 0.106386 0.319956 0.102386 0.380665
4 2 0.144961 0.134111 0.307302 0.074624 0.339002
4 2 0.249130 0.155890 0.190099 0.071702 0.333178
4 2 0.157367 0.227272 0.269228 0.008133 0.338000
2 2 0.087435 0.106121 0.405159 0.237287 0.163998
3 2 0.041297 0.044214 0.286892 0.595863 0.031734
3 2 0.111123 0.108669 0.298034 0.337997 0.144178
4 2 0.169617 0.103817 0.162634 0.032201 0.531730
2 2 0.118660 0.137141 0.332125 0.101440 0.310634
4 2 0.239139 0.142831 0.227651 0.070876 0.319502
2 2 0.248237 0.175812 0.317287 0.063491 0.195174
2 2 0.175869 0.155509 0.307586 0.125418 0.235619
2 2 0.237817 0.164714 0.372910 0.093743 0.130817
2 2 0.065251 0.114292 0.448334 0.116107 0.256016
2 2 0.062914 0.131296 0.498126 0.201743 0.105921
2 2 0.088675 0.150079 0.481903 0.086089 0.193254
2 2 0.109692 0.260444 0.480797 0.034098 0.114968
2 2 0.070210 0.138485 0.518561 0.066970 0.205774
2 2 0.028828 0.072985 0.590798 0.270870 0.036519
2 2 0.122427 0.285911 0.403420 0.017827 0.170414
2 2 0.160896 0.131521 0.393371 0.165570 0.148642
2 2 0.176602 0.217066 0.397093 0.071483 0.137756
2 2 0.036513 0.087259 0.667850 0.182683 0.025696
2 2 0.065180 0.102211 0.441070 0.345205 0.046334
2 2 0.070302 0.113944 0.586060 0.147145 0.082549
2 2 0.052746 0.104780 0.537190 0.235571 0.069714
2 2 0.104082 0.204926 0.493128 0.107139 0.090725
2 2 0.059053 0.083362 0.429407 0.372044 0.056134
2 2 0.128053 0.173751 0.424241 0.078770 0.195186
2 2 0.062366 0.073618 0.470942 0.362349 0.030726
2 2 0.138516 0.167535 0.523410 0.080095 0.090445
3 2 0.063604 0.065717 0.371067 0.424512 0.075100
3 2 0.059576 0.062398 0.349953 0.489959 0.038114
2 2 0.138548 0.215750 0.416124 0.128490 0.101088
2 2 0.152462 0.160216 0.323148 0.125831 0.238344
3 2 0.151814 0.082469 0.245687 0.447603 0.072426
3 2 0.051311 0.066399 0.339638 0.501698 0.040954
2 2 0.050078 0.125559 0.510267 0.159874 0.154222
2 2 0.053481 0.141146 0.579237 0.066439 0.159697
2 2 0.045376 0.158175 0.468435 0.057440 0.270573
2 2 0.043269 0.103973 0.449149 0.138621 0.264988
4 2 0.067461 0.126381 0.373555 0.058041 0.374562
2 2 0.060236 0.081152 0.423702 0.342445 0.092464
2 2 0.052614 0.120778 0.577509 0.179117 0.069982
2 2 0.104268 0.206939 0.411094 0.109762 0.167937
3 2 0.100592 0.070998 0.349502 0.374609 0.104299
2 2 0.055978 0.079742 0.575364 0.252679 0.036237
2 2 0.054640 0.087294 0.381323 0.262218 0.214525
4 2 0.099177 0.158597 0.311536 0.036112 0.394578
2 2 0.192204 0.126564 0.317169 0.137741 0.226322
2 2 0.061090 0.109808 0.566723 0.166110 0.096268
2 2 0.053477 0.126134 0.561395 0.204880 0.054115
0 2 0.341166 0.103610 0.187117 0.027628 0.340479
0 0 0.367162 0.111595 0.235433 0.211892 0.073917
2 1 0.235750 0.280075 0.294992 0.047741 0.141442
2 2 0.072137 0.161585 0.419852 0.039934 0.306492
0 2 0.595690 0.084156 0.097392 0.139077 0.083686
0 2 0.648882 0.075248 0.074308 0.116797 0.084765
0 2 0.665942 0.072873 0.077101 0.056655 0.127429
0 2 0.715844 0.059209 0.056661 0.105630 0.062657
4 2 0.104717 0.223234 0.240915 0.020072 0.411061
2 2 0.054252 0.177935 0.504470 0.017215 0.246128
4 2 0.051873 0.163972 0.317921 0.017361 0.448874
3 2 0.231665 0.099446 0.261408 0.347723 0.059758
2 2 0.043173 0.168339 0.626238 0.066930 0.095319
2 2 0.023353 0.137460 0.713863 0.071289 0.054034
2 2 0.025993 0.138523 0.684701 0.064959 0.085824
3 2 0.058858 0.041924 0.231839 0.641559 0.025819
2 2 0.028903 0.140251 0.648931 0.051711 0.130205
2 2 0.019011 0.118215 0.720206 0.083991 0.058577
2 2 0.020850 0.133603 0.693921 0.046068 0.105557
2 2 0.031123 0.142768 0.668357 0.057145 0.100606
2 2 0.028451 0.150997 0.666198 0.041944 0.112409
2 2 0.019691 0.139025 0.676221 0.038646 0.126418
2 2 0.022709 0.144409 0.673676 0.031609 0.127597
2 2 0.019529 0.134507 0.704270 0.031127 0.110568
2 2 0.030650 0.153736 0.616071 0.032326 0.167217
2 2 0.060569 0.098426 0.627167 0.188616 0.025222
0 2 0.732769 0.054336 0.053495 0.105493 0.053907
0 2 0.557040 0.097309 0.099824 0.127581 0.118246
2 2 0.047848 0.129684 0.717247 0.081521 0.023700
2 2 0.014439 0.092084 0.664294 0.156513 0.072670
2 2 0.055544 0.181393 0.571416 0.057109 0.134539
2 2 0.047290 0.174541 0.672443 0.049512 0.056215
2 2 0.031043 0.117529 0.705191 0.096534 0.049703
2 2 0.036388 0.141949 0.691526 0.071845 0.058291
2 2 0.018561 0.105222 0.668416 0.083057 0.124743
2 2 0.020370 0.128492 0.687092 0.038275 0.125772
2 2 0.022502 0.186243 0.675701 0.020832 0.094721
2 2 0.030182 0.177691 0.671687 0.023073 0.097368
2 2 0.223089 0.120633 0.320720 0.204010 0.131548
3 2 0.129738 0.032002 0.155859 0.668690 0.013711
2 2 0.101641 0.144452 0.486160 0.222604 0.045144
2 2 0.064130 0.207941 0.590490 0.037049 0.100390
2 2 0.067231 0.203623 0.628589 0.056719 0.043839
2 2 0.044884 0.153157 0.659664 0.102895 0.039401
2 2 0.035267 0.171173 0.695938 0.042298 0.055324
3 2 0.391723 0.043170 0.129602 0.415292 0.020213
0 0 0.855768 0.031413 0.030302 0.035086 0.047430
0 0 0.525166 0.104936 0.109002 0.130172 0.130724
4 0 0.118820 0.173776 0.318595 0.029887 0.358922
2 1 0.026287 0.132119 0.659149 0.076004 0.106441
2 1 0.035569 0.169155 0.472172 0.019044 0.304059
2 1 0.061176 0.154679 0.550470 0.092469 0.141206
2 1 0.072483 0.128434 0.439616 0.212750 0.146717
2 1 0.044640 0.222233 0.535509 0.026803 0.170815
2 1 0.043259 0.199638 0.622500 0.040202 0.094402
2 1 0.057193 0.210089 0.595151 0.026991 0.110576
2 1 0.046913 0.168884 0.650943 0.078279 0.054982
4 1 0.331322 0.126544 0.155718 0.042043 0.344373
0 0 0.735627 0.054499 0.051623 0.101741 0.056510
2 0 0.213270 0.229094 0.258105 0.044082 0.255450
2 0 0.027765 0.199155 0.624543 0.021632 0.126904
2 1 0.037988 0.186719 0.610107 0.013107 0.152079
2 1 0.033134 0.136057 0.576824 0.029795 0.224189
2 1 0.034044 0.129165 0.479122 0.025425 0.332243
2 1 0.055105 0.173874 0.514064 0.046379 0.210578
2 1 0.020234 0.119133 0.705148 0.070529 0.084956
2 1 0.037473 0.159756 0.551694 0.033386 0.217690
2 1 0.050094 0.205899 0.564473 0.037525 0.142009
2 0 0.191701 0.148388 0.324572 0.054222 0.281117
3 1 0.278191 0.047529 0.133779 0.506351 0.034150
2 1 0.084075 0.145228 0.492209 0.215676 0.062813
2 1 0.181343 0.097427 0.407514 0.243322 0.070394
2 1 0.055786 0.098432 0.614732 0.217816 0.013235
2 1 0.060198 0.066912 0.443254 0.409832 0.019803
2 2 0.059239 0.105852 0.560715 0.255112 0.019081
2 2 0.096339 0.108362 0.405796 0.325381 0.064122
2 2 0.216452 0.210809 0.386523 0.113014 0.073203
2 2 0.070281 0.085751 0.537799 0.285879 0.020289
2 2 0.064059 0.149599 0.584730 0.110284 0.091328
2 2 0.045792 0.148493 0.676536 0.071634 0.057544
2 2 0.059483 0.190484 0.593416 0.052203 0.104415
2 2 0.027344 0.109462 0.693319 0.084036 0.085840
2 2 0.038226 0.118150 0.680169 0.108433 0.055022
2 2 0.019387 0.111981 0.734845 0.090165 0.043622
2 2 0.019538 0.091159 0.684269 0.127675 0.077359
2 2 0.027693 0.102761 0.611317 0.138748 0.119481
2 4 0.032433 0.123505 0.613827 0.042939 0.187295
2 4 0.024104 0.093742 0.644002 0.051587 0.186565
2 4 0.030555 0.130030 0.638575 0.035839 0.165001
2 4 0.041073 0.156477 0.554361 0.080865 0.167224
2 4 0.039958 0.146252 0.439599 0.030470 0.343721
2 4 0.031366 0.133917 0.563022 0.024914 0.246780
2 4 0.022331 0.085964 0.712680 0.101838 0.077187
0 0 0.694880 0.054561 0.072104 0.139209 0.039245
3 0 0.153849 0.021404 0.196276 0.625691 0.002780
2 4 0.149687 0.261905 0.416090 0.077352 0.094966
2 4 0.042494 0.124348 0.636939 0.089222 0.106998
2 4 0.094587 0.105544 0.347448 0.189081 0.263340
2 4 0.103966 0.095794 0.342132 0.233202 0.224906
2 4 0.097231 0.091829 0.464582 0.209765 0.136592
2 4 0.141887 0.201102 0.392816 0.167135 0.097060
4 4 0.252048 0.133656 0.177945 0.068273 0.368079
4 4 0.236274 0.130031 0.178758 0.067427 0.387511
0 4 0.360798 0.170794 0.151743 0.077134 0.239531
0 4 0.345764 0.101707 0.162792 0.106921 0.282816
3 4 0.197074 0.052398 0.139204 0.555599 0.055724
0 4 0.373932 0.080817 0.155885 0.317463 0.071903
0 4 0.516148 0.105534 0.124940 0.078615 0.174762
0 4 0.658002 0.072402 0.103855 0.059149 0.106592
0 0 0.740480 0.053347 0.050400 0.100743 0.055030
0 1 0.521748 0.193618 0.156900 0.042234 0.085500
2 4 0.051868 0.147556 0.545619 0.041223 0.213733
2 4 0.067425 0.188757 0.514743 0.035590 0.193485
2 4 0.049977 0.188972 0.504962 0.016628 0.239461
4 4 0.060312 0.117684 0.331402 0.041507 0.449095
2 4 0.018157 0.074993 0.630315 0.234337 0.042199
2 4 0.038363 0.183978 0.587173 0.014064 0.176422
2 4 0.029007 0.126592 0.647075 0.036279 0.161047
2 4 0.147028 0.091820 0.357136 0.200872 0.203145
3 4 0.158831 0.101665 0.201544 0.367347 0.170613
2 4 0.073115 0.228774 0.417204 0.009513 0.271395
2 4 0.053916 0.220343 0.492146 0.009659 0.223936
2 4 0.047254 0.196074 0.582880 0.016084 0.157709
2 4 0.034161 0.155626 0.601966 0.023204 0.185042
2 4 0.027873 0.066966 0.592085 0.274229 0.038847
2 4 0.078034 0.191630 0.430864 0.036363 0.263108
2 4 0.043325 0.210841 0.537532 0.012380 0.195922
