3 0 0.073670 0.032931 0.262127 0.598726 0.032546
0 0 0.283734 0.156112 0.277877 0.103845 0.178433
0 0 0.729268 0.052631 0.062663 0.077336 0.078102
3 0 0.254887 0.041759 0.163312 0.411169 0.128872
3 0 0.331580 0.079753 0.169813 0.353124 0.065731
3 0 0.230080 0.059416 0.227134 0.437015 0.046355
2 0 0.179676 0.172082 0.465767 0.061356 0.121119
2 0 0.046842 0.094402 0.711410 0.130556 0.016789
0 0 0.548773 0.092861 0.112032 0.106148 0.140185
0 0 0.659132 0.069861 0.079862 0.081229 0.109916
2 0 0.077690 0.184543 0.482823 0.027387 0.227558
2 0 0.055886 0.151365 0.428998 0.028369 0.335382
2 0 0.064865 0.182544 0.600818 0.029443 0.122331
2 0 0.079878 0.190069 0.554790 0.033672 0.141591
2 0 0.098145 0.252450 0.400461 0.007255 0.241689
2 0 0.244108 0.138241 0.352152 0.206285 0.059215
3 0 0.234184 0.044564 0.162249 0.489002 0.070001
3 0 0.173071 0.029659 0.139551 0.617760 0.039959
0 0 0.409005 0.095291 0.160903 0.233838 0.100964
0 0 0.704980 0.061644 0.067022 0.056864 0.109490
4 0 0.296788 0.156097 0.179169 0.029736 0.338210
3 0 0.166208 0.090632 0.291995 0.334026 0.117139
4 0 0.259406 0.179375 0.230309 0.048714 0.282195
2 0 0.153838 0.136083 0.554158 0.133734 0.022187
2 1 0.061376 0.081208 0.441163 0.249742 0.166511
2 1 0.061130 0.124357 0.466981 0.060697 0.286835
4 1 0.059710 0.148143 0.265040 0.008419 0.518688
2 1 0.031099 0.141784 0.494602 0.015348 0.317167
2 0 0.043048 0.163950 0.539902 0.017799 0.235302
2 0 0.036450 0.140475 0.556582 0.031525 0.234968
3 0 0.131694 0.070699 0.224304 0.497827 0.075475
2 0 0.080415 0.131709 0.566904 0.136107 0.084866
2 0 0.231106 0.152954 0.327978 0.177208 0.110753
3 0 0.183925 0.116997 0.249142 0.300431 0.149505
2 0 0.035866 0.121642 0.656757 0.066549 0.119187
2 1 0.036024 0.135954 0.653281 0.049023 0.125718
2 1 0.035151 0.138307 0.672516 0.036613 0.117414
4 1 0.051877 0.133192 0.349732 0.024243 0.440956
2 1 0.036345 0.115198 0.432435 0.037661 0.378362
2 2 0.049130 0.157771 0.560641 0.027548 0.204910
2 2 0.025137 0.113390 0.703146 0.043705 0.114622
2 2 0.031511 0.149736 0.673570 0.021796 0.123388
2 2 0.042978 0.177799 0.604017 0.014458 0.160749
2 2 0.034869 0.133519 0.652555 0.041986 0.137072
2 2 0.036712 0.165235 0.655948 0.017361 0.124744
2 2 0.038031 0.142379 0.659709 0.035099 0.124782
2 2 0.052298 0.177147 0.644526 0.024295 0.101734
2 2 0.037296 0.155119 0.627938 0.020861 0.158786
2 2 0.054017 0.184745 0.501733 0.017263 0.242243
2 2 0.019084 0.091521 0.735638 0.074121 0.079636
2 2 0.240353 0.175340 0.438469 0.091633 0.054205
2 2 0.210180 0.181340 0.343182 0.135013 0.130284
2 2 0.176544 0.191570 0.443000 0.111231 0.077655
2 2 0.196375 0.199685 0.413382 0.078550 0.112008
0 0 0.475964 0.108052 0.134848 0.122199 0.158937
0 1 0.411439 0.121512 0.156311 0.136111 0.174627
4 2 0.126619 0.115112 0.249772 0.130419 0.378078
2 2 0.177431 0.107504 0.364263 0.244394 0.106408
2 2 0.207693 0.214053 0.279629 0.034435 0.264191
2 2 0.095565 0.111991 0.310549 0.203755 0.278138
2 2 0.122133 0.234787 0.359658 0.015436 0.267986
2 1 0.213971 0.191313 0.378968 0.110420 0.105327
4 2 0.112213 0.127891 0.144812 0.019052 0.596031
2 1 0.063930 0.158473 0.435968 0.056140 0.285488
4 2 0.301938 0.149466 0.153274 0.048427 0.346894
4 2 0.205734 0.163829 0.178081 0.039846 0.412510
4 2 0.140199 0.141539 0.190089 0.045911 0.482263
4 2 0.131322 0.129970 0.115690 0.011197 0.611821
2 2 0.203918 0.228538 0.316570 0.034527 0.216448
4 2 0.164885 0.222698 0.248160 0.016674 0.347582
3 2 0.087392 0.056797 0.221656 0.587409 0.046746
2 2 0.120627 0.140458 0.410905 0.115492 0.212518
2 2 0.127256 0.174802 0.447449 0.125146 0.125348
2 2 0.104371 0.104404 0.378177 0.240235 0.172812
2 2 0.172292 0.159608 0.299383 0.078911 0.289806
2 2 0.090594 0.150845 0.366863 0.065856 0.325843
4 1 0.203119 0.137020 0.208460 0.076307 0.375095
2 2 0.202651 0.154331 0.351239 0.168833 0.122946
2 2 0.147918 0.227109 0.452460 0.057938 0.114574
2 2 0.030380 0.081467 0.632826 0.224282 0.031045
4 2 0.273099 0.158998 0.177071 0.067248 0.323583
4 2 0.248520 0.144565 0.212327 0.105860 0.288727
4 2 0.110984 0.092255 0.194159 0.054320 0.548282
4 2 0.047432 0.087336 0.312522 0.183013 0.369697
4 2 0.161501 0.126208 0.240313 0.102131 0.369847
3 2 0.053323 0.054860 0.254267 0.542338 0.095212
3 2 0.063154 0.086983 0.343166 0.375862 0.130835
3 2 0.049628 0.051615 0.285137 0.557936 0.055683
4 2 0.150088 0.106383 0.248029 0.163883 0.331617
3 2 0.125015 0.056223 0.220432 0.479911 0.118420
2 2 0.173247 0.233690 0.331353 0.040173 0.221537
2 2 0.047603 0.095433 0.541204 0.245477 0.070283
2 2 0.048230 0.098206 0.524681 0.208726 0.120158
3 1 0.028882 0.051881 0.384457 0.468587 0.066193
3 2 0.047672 0.046489 0.272569 0.595071 0.038199
2 2 0.153682 0.120056 0.278236 0.240005 0.208021
2 2 0.122737 0.102134 0.298350 0.253399 0.223380
2 2 0.143235 0.233546 0.400857 0.045699 0.176662
3 2 0.211784 0.111791 0.272111 0.300015 0.104299
0 2 0.380702 0.149678 0.200053 0.077241 0.192325
0 1 0.329497 0.136738 0.192262 0.148783 0.192719
0 2 0.380179 0.134001 0.138840 0.054285 0.292694
3 2 0.013447 0.027831 0.280313 0.643351 0.035058
2 2 0.194668 0.145573 0.303356 0.210845 0.145558
2 2 0.120484 0.216812 0.477940 0.045026 0.139738
3 2 0.017137 0.025976 0.215094 0.709268 0.032526
2 2 0.072763 0.111402 0.474334 0.201592 0.139909
2 2 0.108768 0.112841 0.397174 0.214325 0.166892
2 2 0.190449 0.199372 0.455211 0.076667 0.078300
2 2 0.253616 0.217694 0.305138 0.028243 0.195309
3 2 0.059755 0.031621 0.174620 0.698723 0.035281
2 2 0.153103 0.170960 0.416843 0.086835 0.172260
3 2 0.048435 0.056274 0.269911 0.551288 0.074091
3 2 0.223396 0.115138 0.229277 0.284247 0.147942
4 2 0.088784 0.113865 0.218875 0.061421 0.517055
4 2 0.216570 0.150562 0.201378 0.077995 0.353495
2 2 0.234252 0.206806 0.274269 0.049448 0.235225
4 2 0.194815 0.164298 0.208854 0.068853 0.363180
2 2 0.035964 0.067808 0.331944 0.325377 0.238907
2 2 0.162377 0.153199 0.401711 0.178647 0.104065
4 2 0.158159 0.140285 0.269157 0.145603 0.286795
2 2 0.066237 0.168573 0.591829 0.067254 0.106108
2 2 0.142214 0.175846 0.404958 0.070177 0.206805
2 2 0.093132 0.084325 0.364854 0.342290 0.115400
2 2 0.112941 0.179056 0.357546 0.051716 0.298741
4 2 0.167380 0.153604 0.232747 0.090267 0.356002
4 2 0.239507 0.158138 0.216396 0.053679 0.332280
3 2 0.052684 0.050661 0.404466 0.455114 0.037075
4 2 0.130237 0.125198 0.272824 0.178829 0.292912
0 2 0.246866 0.149706 0.246266 0.135392 0.221770
2 2 0.095121 0.199270 0.614454 0.047819 0.043335
4 2 0.288582 0.164117 0.190656 0.067378 0.289267
3 2 0.267013 0.086706 0.206036 0.334801 0.105444
4 2 0.187340 0.150088 0.216224 0.037826 0.408523
2 2 0.094983 0.101624 0.401033 0.328590 0.073770
4 1 0.191495 0.180825 0.239559 0.066087 0.322033
2 2 0.053373 0.141585 0.591971 0.086050 0.127022
2 2 0.055615 0.143709 0.566147 0.091419 0.143109
2 2 0.172313 0.225297 0.364714 0.044191 0.193486
2 2 0.014241 0.045377 0.444878 0.409500 0.086005
2 2 0.194308 0.220873 0.353791 0.023978 0.207049
2 2 0.159612 0.178500 0.438310 0.127629 0.095949
2 2 0.077760 0.097391 0.432199 0.290087 0.102562
2 2 0.273006 0.193809 0.291377 0.061005 0.180804
2 2 0.061841 0.102185 0.442466 0.289269 0.104239
0 0 0.369442 0.108824 0.176870 0.223623 0.121242
0 1 0.813774 0.037774 0.039263 0.045260 0.063929
4 1 0.249313 0.164964 0.200482 0.094676 0.290565
4 1 0.142246 0.148997 0.113782 0.006473 0.588502
4 2 0.123005 0.129174 0.306169 0.103437 0.338214
2 0 0.039466 0.132579 0.560336 0.044652 0.222967
2 0 0.019131 0.076409 0.670296 0.166551 0.067614
2 0 0.144143 0.144389 0.352757 0.072008 0.286703
2 0 0.282680 0.190895 0.352916 0.075234 0.098276
2 1 0.064007 0.100223 0.440259 0.143288 0.252222
2 1 0.042780 0.137737 0.492738 0.032690 0.294055
2 0 0.018633 0.089766 0.689072 0.079476 0.123053
2 0 0.040182 0.154352 0.690552 0.029752 0.085163
3 1 0.115138 0.098011 0.266112 0.319940 0.200800
2 1 0.211833 0.182276 0.283428 0.140391 0.182072
2 1 0.013450 0.051733 0.698385 0.212163 0.024269
2 1 0.061811 0.098276 0.607988 0.161712 0.070213
2 1 0.167382 0.123954 0.498568 0.168490 0.041606
2 1 0.178521 0.218205 0.419861 0.051074 0.132339
2 1 0.129520 0.176804 0.498130 0.063148 0.132399
2 1 0.034738 0.096412 0.619335 0.165603 0.083912
2 1 0.146464 0.154283 0.501892 0.098691 0.098670
2 1 0.087960 0.158429 0.612507 0.061747 0.079358
2 2 0.019044 0.066991 0.714003 0.172377 0.027585
2 2 0.068881 0.185647 0.555896 0.028184 0.161393
2 1 0.064158 0.154221 0.650157 0.057055 0.074409
2 1 0.017313 0.048917 0.600132 0.301525 0.032112
2 0 0.071812 0.162182 0.635557 0.063516 0.066932
2 1 0.233833 0.090868 0.374867 0.282716 0.017716
3 0 0.188414 0.037455 0.146589 0.591888 0.035655
2 1 0.163482 0.230914 0.345294 0.023555 0.236755
2 1 0.071305 0.179677 0.603500 0.027253 0.118266
2 1 0.133701 0.221918 0.396617 0.022157 0.225607
3 1 0.036976 0.050021 0.376581 0.498869 0.037553
2 1 0.028881 0.134298 0.732053 0.034905 0.069863
2 1 0.091230 0.139852 0.460437 0.083253 0.225228
2 0 0.096181 0.144119 0.588669 0.074974 0.096058
0 0 0.423414 0.119015 0.152230 0.133554 0.171787
0 0 0.663830 0.056633 0.082843 0.127583 0.069111
0 0 0.477432 0.107321 0.184884 0.121807 0.108556
0 0 0.874689 0.025222 0.024818 0.030749 0.044521
0 0 0.520872 0.098682 0.120615 0.112339 0.147492
2 0 0.061097 0.141259 0.394479 0.037150 0.366016
0 0 0.316153 0.141346 0.190722 0.155957 0.195822
0 0 0.695230 0.061548 0.070643 0.076809 0.095771
2 0 0.079912 0.164761 0.509835 0.047376 0.198116
2 4 0.042723 0.139905 0.593543 0.048920 0.174910
2 4 0.090082 0.177648 0.358053 0.021972 0.352245
4 4 0.078644 0.127945 0.268260 0.038894 0.486257
2 4 0.069828 0.146629 0.394248 0.047639 0.341656
2 4 0.073090 0.086322 0.318429 0.254652 0.267508
2 4 0.106481 0.133604 0.411097 0.089197 0.259622
4 4 0.090354 0.140399 0.299452 0.034460 0.435335
2 4 0.041168 0.138726 0.649679 0.061289 0.109138
2 4 0.127551 0.235325 0.412986 0.019661 0.204476
2 4 0.093322 0.148750 0.418754 0.061821 0.277353
2 4 0.061391 0.172270 0.524911 0.029079 0.212348
2 4 0.104538 0.203784 0.356561 0.027805 0.307312
0 4 0.465644 0.101470 0.081458 0.017832 0.333595
4 4 0.267052 0.139398 0.183303 0.065611 0.344635
3 4 0.054011 0.016462 0.127051 0.778519 0.023956
3 4 0.107541 0.050201 0.210567 0.550781 0.080909
0 4 0.428431 0.117968 0.150534 0.132480 0.170588
0 4 0.500952 0.102838 0.126862 0.116729 0.152618
0 1 0.424115 0.120882 0.150888 0.121323 0.182792
0 4 0.677397 0.057066 0.078104 0.114250 0.073183
4 4 0.386957 0.088771 0.055575 0.005252 0.463445
4 4 0.206983 0.113728 0.200290 0.092747 0.386252
4 4 0.258051 0.136691 0.112960 0.017006 0.475293
4 4 0.271984 0.158636 0.173485 0.062025 0.333869
3 4 0.025518 0.024941 0.189687 0.714635 0.045219
4 4 0.062876 0.172060 0.369143 0.015028 0.380894
2 4 0.061316 0.165074 0.395210 0.019352 0.359047
2 4 0.034734 0.134899 0.679164 0.053571 0.097631
2 4 0.043803 0.119669 0.614069 0.108594 0.113865
2 4 0.051205 0.207308 0.596325 0.012587 0.132574
2 4 0.048389 0.167538 0.521852 0.022372 0.239848
2 4 0.028858 0.118084 0.667510 0.061399 0.124149
2 4 0.040703 0.133582 0.644603 0.048462 0.132650
2 2 0.016873 0.074627 0.604940 0.132096 0.171464
2 2 0.031184 0.114794 0.715099 0.083509 0.055415
4 1 0.142708 0.209823 0.255951 0.015326 0.376192
2 2 0.095958 0.161160 0.568253 0.076666 0.097963
2 2 0.025929 0.085607 0.638581 0.181723 0.068160
2 2 0.084979 0.179476 0.468915 0.048342 0.218288
4 2 0.160635 0.165908 0.176778 0.018635 0.478045
2 2 0.067214 0.116518 0.562966 0.155503 0.097799
2 2 0.051024 0.130383 0.578606 0.106513 0.133474
2 2 0.033407 0.075290 0.598333 0.247633 0.045337
2 2 0.072966 0.150012 0.584280 0.119550 0.073192
2 2 0.031343 0.105755 0.718371 0.120401 0.024131
2 2 0.075506 0.131265 0.476999 0.205927 0.110304
2 2 0.124881 0.136081 0.409534 0.181088 0.148415
2 2 0.260275 0.197791 0.311440 0.034971 0.195523
2 2 0.029450 0.072277 0.607304 0.270999 0.019970
2 1 0.070870 0.119851 0.558248 0.129660 0.121371
2 1 0.259254 0.137152 0.326205 0.202290 0.075098
3 2 0.202680 0.089780 0.215994 0.413980 0.077566
2 2 0.166006 0.188563 0.499456 0.046416 0.099560
2 2 0.045236 0.078000 0.604165 0.230352 0.042247
2 2 0.033490 0.049832 0.469311 0.424353 0.023013
2 2 0.026350 0.105113 0.723945 0.086098 0.058494
2 2 0.027365 0.057475 0.475720 0.402143 0.037296
2 1 0.046472 0.089502 0.599425 0.203028 0.061572
2 2 0.227702 0.221669 0.407608 0.044103 0.098918
2 2 0.065506 0.123272 0.503937 0.201642 0.105642
3 2 0.044489 0.058628 0.311233 0.426338 0.159313
2 2 0.017967 0.087311 0.784574 0.086137 0.024011
3 2 0.169924 0.107908 0.266038 0.319468 0.136661
2 2 0.124343 0.175606 0.385902 0.082411 0.231739
2 2 0.118657 0.278213 0.360372 0.006239 0.236519
2 1 0.154031 0.151600 0.419752 0.167642 0.106974
4 2 0.189682 0.111680 0.100343 0.010918 0.587376
2 2 0.174647 0.235376 0.363214 0.036045 0.190718
3 2 0.083287 0.058824 0.279660 0.485690 0.092539
0 2 0.293395 0.146065 0.280279 0.142811 0.137451
2 2 0.262299 0.170480 0.326013 0.099128 0.142080
2 2 0.153953 0.244749 0.411623 0.033057 0.156618
3 2 0.149049 0.087576 0.289153 0.341175 0.133048
2 2 0.198625 0.136458 0.441654 0.179743 0.043520
2 2 0.096991 0.181067 0.463920 0.047965 0.210057
2 2 0.095882 0.194035 0.538928 0.062817 0.108337
2 2 0.118544 0.147085 0.434546 0.187100 0.112725
2 2 0.071458 0.161599 0.421535 0.036826 0.308582
2 2 0.054664 0.145112 0.570050 0.090468 0.139705
2 2 0.154287 0.192335 0.371844 0.069544 0.211991
2 2 0.057102 0.141850 0.510265 0.081303 0.209481
2 2 0.024298 0.052004 0.449278 0.333163 0.141256
3 2 0.021962 0.039145 0.390257 0.535734 0.012901
3 0 0.147402 0.092721 0.255079 0.376716 0.128083
0 1 0.375986 0.128900 0.168689 0.143606 0.182819
2 1 0.146841 0.254743 0.327610 0.014843 0.255963
4 2 0.225590 0.165961 0.223521 0.139653 0.245276
0 0 0.325006 0.134080 0.235360 0.189291 0.116264
0 1 0.685409 0.058404 0.075647 0.100976 0.079564
2 2 0.071252 0.128037 0.375235 0.084693 0.340783
4 2 0.120027 0.159641 0.203954 0.022563 0.493815
0 1 0.426639 0.118726 0.109455 0.033100 0.312081
0 2 0.270746 0.147049 0.211465 0.179285 0.191456
2 1 0.232561 0.143880 0.292514 0.178535 0.152510
4 2 0.246049 0.160286 0.164564 0.045148 0.383953
0 1 0.419047 0.125302 0.134308 0.047378 0.273965
3 2 0.036877 0.026741 0.186222 0.701916 0.048244
3 1 0.066470 0.043496 0.296398 0.563056 0.030581
3 1 0.200970 0.088329 0.211580 0.433635 0.065487
2 2 0.091578 0.191326 0.614573 0.039661 0.062861
2 1 0.188513 0.209244 0.406430 0.049291 0.146521
2 1 0.138845 0.174339 0.406749 0.076401 0.203666
2 1 0.101547 0.120323 0.484321 0.210484 0.083325
4 1 0.330967 0.137169 0.127720 0.032329 0.371814
2 2 0.111481 0.206617 0.447947 0.035775 0.198179
2 1 0.068770 0.138138 0.495361 0.103181 0.194549
2 1 0.042188 0.073176 0.464845 0.347103 0.072689
4 2 0.063609 0.085301 0.296367 0.134715 0.420009
2 0 0.174547 0.218273 0.295213 0.024299 0.287668
2 1 0.045911 0.107344 0.667101 0.126514 0.053130
2 1 0.115687 0.282428 0.417172 0.009604 0.175109
2 1 0.091155 0.141274 0.546159 0.157923 0.063489
2 1 0.140582 0.114051 0.339276 0.101289 0.304802
4 1 0.181498 0.164553 0.151064 0.020674 0.482211
4 1 0.067631 0.094190 0.143145 0.017516 0.677518
2 1 0.202692 0.223368 0.357894 0.024906 0.191140
2 1 0.078034 0.082350 0.403048 0.396592 0.039975
0 1 0.301184 0.181430 0.204781 0.017793 0.294812
4 1 0.068281 0.125541 0.353896 0.068515 0.383766
4 2 0.121699 0.164209 0.286780 0.040562 0.386750
3 1 0.051710 0.074467 0.363778 0.372312 0.137732
2 1 0.179393 0.216143 0.376239 0.046818 0.181406
4 1 0.072330 0.138617 0.323885 0.045317 0.419850
2 1 0.044344 0.093955 0.492061 0.125073 0.244568
2 1 0.066089 0.136173 0.467501 0.092450 0.237786
4 1 0.188565 0.142347 0.209450 0.071108 0.388531
2 1 0.053288 0.099635 0.445970 0.248274 0.152834
4 1 0.112708 0.179287 0.227704 0.013611 0.466690
2 1 0.093923 0.217306 0.455110 0.023048 0.210612
4 1 0.141708 0.137543 0.253778 0.142573 0.324398
3 1 0.026124 0.024675 0.190082 0.711116 0.048003
2 2 0.103767 0.137733 0.389985 0.185927 0.182590
4 1 0.162586 0.176899 0.301559 0.041095 0.317861
2 0 0.219362 0.166196 0.316309 0.138786 0.159347
0 0 0.318641 0.127558 0.220676 0.212203 0.120922
2 1 0.213872 0.135041 0.231345 0.196935 0.222807
2 1 0.068640 0.198669 0.519807 0.025357 0.187527
2 1 0.039345 0.135897 0.574913 0.043370 0.206475
2 1 0.119257 0.171912 0.391803 0.081722 0.235306
2 0 0.031954 0.089267 0.684289 0.169924 0.024567
3 1 0.081266 0.068206 0.251642 0.501731 0.097154
3 1 0.040844 0.061301 0.312044 0.407202 0.178609
2 1 0.063072 0.174390 0.643627 0.050488 0.068423
2 1 0.072270 0.128787 0.431367 0.138453 0.229123
2 1 0.024686 0.054698 0.496508 0.336929 0.087180
2 1 0.087569 0.186533 0.559292 0.057635 0.108970
2 1 0.126340 0.166837 0.508473 0.087388 0.110963
2 1 0.189065 0.202183 0.439744 0.069142 0.099866
2 0 0.152692 0.143751 0.491282 0.129251 0.083025
3 0 0.083889 0.069924 0.357632 0.431171 0.057385
3 0 0.029855 0.043179 0.346346 0.548029 0.032590
0 0 0.400883 0.109351 0.165914 0.192928 0.130925
0 0 0.399765 0.111748 0.166112 0.185438 0.136936
0 0 0.548521 0.097621 0.102109 0.059079 0.192670
3 0 0.045131 0.065550 0.304879 0.436870 0.147570
0 0 0.690897 0.063253 0.071098 0.073938 0.100815
0 0 0.424736 0.106994 0.084737 0.016438 0.367096
2 1 0.310401 0.174281 0.340470 0.086483 0.088364
3 1 0.016272 0.037449 0.408177 0.516114 0.021988
2 1 0.092771 0.123869 0.434277 0.235996 0.113087
2 1 0.117964 0.187928 0.353508 0.038375 0.302225
2 1 0.062684 0.133419 0.608693 0.146123 0.049082
4 1 0.104261 0.139513 0.277560 0.098081 0.380585
2 2 0.168427 0.227158 0.345711 0.033527 0.225177
2 2 0.211387 0.153040 0.321087 0.169855 0.144631
2 2 0.077881 0.091760 0.409330 0.291552 0.129477
2 2 0.086298 0.230046 0.510489 0.021284 0.151882
3 2 0.078435 0.089715 0.323635 0.324496 0.183719
2 2 0.207450 0.210512 0.298846 0.064752 0.218441
2 2 0.074092 0.151344 0.550714 0.076124 0.147725
2 2 0.244545 0.193692 0.314014 0.064502 0.183247
2 2 0.083420 0.167673 0.463322 0.108456 0.177128
4 2 0.142203 0.248422 0.277830 0.008008 0.323537
4 2 0.186372 0.205907 0.235559 0.030648 0.341515
4 2 0.151791 0.204146 0.194866 0.009091 0.440106
3 2 0.017704 0.043766 0.369392 0.478492 0.090645
2 2 0.175164 0.181120 0.308531 0.035556 0.299630
4 2 0.226045 0.141313 0.221005 0.134472 0.277166
0 2 0.288243 0.136242 0.264297 0.126333 0.184886
2 2 0.088982 0.171931 0.531900 0.087195 0.119991
0 2 0.283457 0.143703 0.219550 0.163964 0.189326
2 2 0.245824 0.208134 0.295816 0.040067 0.210159
2 2 0.077409 0.111673 0.415331 0.278448 0.117138
4 3 0.137475 0.138007 0.229527 0.086567 0.408424
2 3 0.222247 0.163351 0.229311 0.156724 0.228367
2 3 0.097198 0.151247 0.479720 0.167457 0.104378
2 3 0.151342 0.127342 0.330301 0.142225 0.248790
2 3 0.117043 0.161343 0.503240 0.121331 0.097043
4 3 0.208652 0.218103 0.246480 0.017364 0.309401
2 3 0.121346 0.158230 0.480362 0.151558 0.088504
4 3 0.218123 0.089318 0.229453 0.138143 0.324962
3 3 0.166393 0.079180 0.238149 0.339748 0.176529
4 3 0.197114 0.196283 0.243021 0.040375 0.323206
2 3 0.140631 0.165427 0.338412 0.091511 0.264019
3 3 0.026673 0.027436 0.221262 0.672929 0.051701
0 3 0.390333 0.139630 0.174361 0.069565 0.226111
0 3 0.379956 0.119683 0.100545 0.021018 0.378798
2 3 0.244418 0.127109 0.317181 0.247823 0.063468
3 3 0.073726 0.050500 0.264848 0.481903 0.129024
3 3 0.084932 0.046942 0.233976 0.585999 0.048152
3 3 0.030770 0.045463 0.252912 0.586490 0.084365
3 3 0.225565 0.085425 0.215199 0.385738 0.088073
4 3 0.174226 0.098714 0.258059 0.197491 0.271509
2 3 0.142606 0.126626 0.308337 0.231102 0.191329
3 3 0.091359 0.069528 0.286342 0.465778 0.086994
0 3 0.312357 0.106740 0.194537 0.280803 0.105563
0 3 0.293450 0.125349 0.198701 0.186053 0.196447
0 3 0.353789 0.173630 0.288172 0.070091 0.114318
0 3 0.238746 0.161970 0.219175 0.145138 0.234971
2 3 0.073854 0.122633 0.474572 0.235234 0.093706
2 3 0.247572 0.189889 0.253994 0.067874 0.240672
2 3 0.140527 0.197297 0.574392 0.043070 0.044715
4 3 0.217184 0.155403 0.140594 0.022440 0.464379
0 3 0.277878 0.159227 0.245767 0.079521 0.237607
4 3 0.216187 0.163980 0.198541 0.052434 0.368858
4 3 0.228073 0.193778 0.230076 0.044967 0.303106
0 3 0.316115 0.207446 0.274256 0.023874 0.178309
2 3 0.197300 0.106460 0.369188 0.258732 0.068319
2 3 0.146946 0.120482 0.378816 0.272341 0.081416
3 3 0.214070 0.060485 0.191191 0.453372 0.080883
4 3 0.266851 0.135968 0.112861 0.017595 0.466725
0 3 0.300345 0.160253 0.199310 0.086612 0.253481
2 3 0.135941 0.155160 0.426613 0.181394 0.100892
2 3 0.092623 0.145604 0.596466 0.129879 0.035427
2 3 0.171366 0.204607 0.327608 0.032703 0.263716
2 3 0.202649 0.231417 0.315374 0.022640 0.227920
3 3 0.099666 0.087338 0.277870 0.451975 0.083150
2 3 0.123965 0.181397 0.529317 0.112470 0.052851
2 3 0.123082 0.143044 0.401654 0.208036 0.124186
2 3 0.097849 0.117159 0.479668 0.194180 0.111143
2 3 0.192899 0.162754 0.260328 0.158134 0.225885
2 3 0.105089 0.099873 0.302121 0.203709 0.289208
2 3 0.232416 0.142348 0.291358 0.158682 0.175196
2 3 0.086607 0.159952 0.469544 0.127267 0.156630
3 3 0.030355 0.028024 0.205400 0.687918 0.048303
4 3 0.174280 0.139982 0.223703 0.078959 0.383076
2 3 0.148318 0.141643 0.477069 0.159266 0.073704
3 3 0.123096 0.052818 0.210177 0.560681 0.053228
3 3 0.073187 0.083430 0.314837 0.359684 0.168862
4 3 0.186192 0.157401 0.198338 0.063262 0.394807
4 3 0.203698 0.157615 0.232851 0.111119 0.294717
4 3 0.219055 0.205483 0.245172 0.028281 0.302010
2 3 0.151056 0.173705 0.312842 0.059907 0.302491
3 3 0.058677 0.071507 0.387126 0.397248 0.085443
2 3 0.114703 0.121049 0.290989 0.207886 0.265374
4 3 0.204688 0.198389 0.261489 0.070901 0.264533
4 3 0.198088 0.142652 0.208584 0.067234 0.383443
4 3 0.245213 0.184803 0.248345 0.064013 0.257625
4 3 0.234897 0.164166 0.220859 0.124838 0.255241
2 3 0.131407 0.167696 0.317834 0.095496 0.287567
2 3 0.101563 0.134554 0.481453 0.142206 0.140223
2 3 0.136335 0.119978 0.329432 0.231730 0.182524
2 3 0.168497 0.237763 0.348482 0.040109 0.205149
2 3 0.066965 0.085315 0.303234 0.264621 0.279865
0 3 0.317526 0.143898 0.191646 0.128181 0.218749
2 3 0.200989 0.189083 0.311425 0.117185 0.181318
2 3 0.160028 0.197900 0.322511 0.073900 0.245661
2 3 0.074932 0.120234 0.518787 0.215689 0.070358
2 3 0.060918 0.075993 0.393785 0.322261 0.147043
3 3 0.039726 0.053672 0.435896 0.442592 0.028114
3 3 0.008511 0.013110 0.259405 0.713075 0.005899
3 3 0.019622 0.027902 0.209033 0.701471 0.041973
4 3 0.152266 0.133776 0.235897 0.100255 0.377807
0 3 0.256213 0.112679 0.231868 0.206749 0.192490
3 3 0.083797 0.080787 0.280637 0.434015 0.120764
3 3 0.118706 0.079767 0.292048 0.403529 0.105951
0 3 0.281379 0.147632 0.217136 0.132169 0.221684
3 3 0.244099 0.116145 0.222096 0.291257 0.126403
3 3 0.058818 0.042956 0.257093 0.586786 0.054347
3 3 0.123030 0.074326 0.268077 0.399011 0.135556
3 3 0.044471 0.039129 0.240572 0.612039 0.063790
2 3 0.235042 0.145204 0.305796 0.165297 0.148662
3 3 0.052611 0.036148 0.197774 0.675413 0.038053
3 3 0.240310 0.093841 0.264268 0.332789 0.068791
3 3 0.048255 0.059725 0.388968 0.471557 0.031495
2 3 0.175271 0.134829 0.295300 0.184067 0.210532
4 3 0.173243 0.122664 0.232449 0.100228 0.371416
3 3 0.279748 0.107261 0.211694 0.298668 0.102629
3 0 0.015538 0.013551 0.143620 0.802364 0.024927
0 0 0.540302 0.094628 0.114618 0.108033 0.142419
3 2 0.235193 0.046880 0.176208 0.386285 0.155433
4 2 0.337147 0.137974 0.143083 0.040775 0.341021
3 1 0.209889 0.114281 0.233983 0.286401 0.155447
2 1 0.232765 0.207018 0.341883 0.059255 0.159079
4 0 0.098578 0.181252 0.309097 0.024766 0.386307
4 0 0.131761 0.144982 0.278029 0.097250 0.347977
4 1 0.077969 0.123369 0.161530 0.012274 0.624857
4 1 0.120386 0.216693 0.213641 0.004644 0.444636
4 1 0.129807 0.222231 0.207709 0.004495 0.435758
2 1 0.085372 0.203538 0.373888 0.014587 0.322615
2 1 0.070329 0.183623 0.436976 0.027483 0.281588
2 1 0.150290 0.248712 0.307008 0.014479 0.279510
2 1 0.093928 0.239469 0.410952 0.009787 0.245863
2 1 0.069338 0.210915 0.466011 0.018081 0.235655
2 1 0.130697 0.258336 0.312321 0.006982 0.291664
2 1 0.224451 0.210150 0.279617 0.048169 0.237613
4 1 0.168818 0.212636 0.228334 0.017248 0.372965
2 1 0.181152 0.187395 0.364076 0.063382 0.203996
2 1 0.199499 0.217080 0.347218 0.066588 0.169615
4 2 0.209292 0.165649 0.201828 0.061832 0.361398
4 2 0.183431 0.220475 0.208801 0.004697 0.382597
4 2 0.196780 0.209006 0.222887 0.016530 0.354798
2 2 0.174153 0.240357 0.316603 0.021482 0.247404
4 2 0.201295 0.192919 0.260464 0.046321 0.299001
0 1 0.377866 0.081323 0.169883 0.264900 0.106029
2 1 0.154639 0.210117 0.384993 0.033916 0.216335
2 1 0.185974 0.227946 0.300038 0.033480 0.252561
2 1 0.178952 0.129970 0.335204 0.259077 0.096797
2 1 0.255839 0.205985 0.387382 0.044265 0.106531
3 1 0.143523 0.050772 0.210416 0.507462 0.087827
2 1 0.260962 0.214842 0.300897 0.037600 0.185699
0 1 0.401604 0.130378 0.192714 0.119499 0.155805
0 1 0.399527 0.068050 0.150262 0.290509 0.091652
0 1 0.475057 0.140446 0.198059 0.066914 0.119522
0 1 0.340624 0.142990 0.200278 0.103059 0.213049
2 1 0.053240 0.126252 0.544727 0.146161 0.129620
2 1 0.112821 0.140453 0.321273 0.150988 0.274464
2 1 0.077512 0.160052 0.571674 0.106074 0.084687
2 1 0.189102 0.240420 0.392793 0.020851 0.156835
2 1 0.071281 0.073735 0.340380 0.226605 0.287999
2 1 0.157192 0.108243 0.337107 0.255822 0.141635
2 1 0.150589 0.112438 0.402397 0.282397 0.052179
2 2 0.136870 0.190914 0.489770 0.114986 0.067460
2 1 0.066490 0.151735 0.539901 0.072475 0.169399
4 1 0.067104 0.132750 0.345635 0.050486 0.404025
2 1 0.077291 0.150715 0.489920 0.096583 0.185491
0 1 0.299303 0.149367 0.191777 0.082733 0.276820
0 1 0.237834 0.157549 0.222436 0.171365 0.210816
2 1 0.101006 0.188221 0.408462 0.042323 0.259987
2 1 0.123185 0.145666 0.512493 0.127765 0.090891
2 1 0.241782 0.194308 0.267211 0.039073 0.257625
2 1 0.107570 0.167659 0.446228 0.064295 0.214248
4 1 0.238843 0.185496 0.188118 0.013503 0.374040
2 1 0.177530 0.223725 0.385349 0.050948 0.162448
3 1 0.173727 0.086247 0.290965 0.314948 0.134114
3 1 0.059986 0.038697 0.227945 0.596045 0.077327
4 1 0.100956 0.091718 0.285324 0.219497 0.302504
2 1 0.155420 0.178890 0.507864 0.066235 0.091591
2 1 0.197117 0.165966 0.342727 0.066986 0.227204
2 1 0.140268 0.098818 0.340686 0.280972 0.139256
3 1 0.039635 0.046162 0.283538 0.561437 0.069227
3 1 0.144585 0.093358 0.248871 0.315283 0.197902
2 1 0.095469 0.195049 0.454609 0.043900 0.210973
4 1 0.125542 0.249141 0.287799 0.005980 0.331539
2 1 0.225034 0.181462 0.359438 0.118528 0.115538
2 1 0.146279 0.113756 0.478073 0.194591 0.067300
2 1 0.171986 0.154631 0.360970 0.124436 0.187977
3 1 0.096872 0.075908 0.329254 0.372108 0.125858
2 0 0.214435 0.150080 0.463236 0.103107 0.069142
0 1 0.555915 0.091372 0.109866 0.104556 0.138292
4 1 0.071284 0.147018 0.224945 0.011608 0.545145
2 2 0.046879 0.150799 0.583414 0.041671 0.177237
2 2 0.064327 0.144000 0.426201 0.064650 0.300822
2 2 0.063938 0.189025 0.567151 0.024434 0.155452
2 2 0.060469 0.139918 0.493950 0.088969 0.216693
2 4 0.021593 0.088688 0.678589 0.119585 0.091545
2 4 0.024059 0.091962 0.588440 0.100777 0.194762
4 4 0.134566 0.139327 0.115962 0.008702 0.601443
2 4 0.026524 0.100286 0.613188 0.092737 0.167265
2 4 0.156040 0.146865 0.365147 0.156817 0.175131
0 4 0.319115 0.148211 0.180198 0.102732 0.249744
3 4 0.223696 0.070311 0.267372 0.348432 0.090189
0 4 0.358842 0.114700 0.262061 0.204326 0.060071
3 4 0.217161 0.056351 0.174495 0.497658 0.054334
3 4 0.092015 0.070983 0.362238 0.376531 0.098233
4 4 0.188613 0.160338 0.152737 0.014868 0.483444
4 4 0.067373 0.165427 0.297711 0.012389 0.457100
2 4 0.123277 0.123358 0.294612 0.170702 0.288051
0 4 0.442851 0.118275 0.142483 0.072288 0.224102
0 4 0.460679 0.112225 0.145280 0.095679 0.186137
3 4 0.089348 0.028973 0.175004 0.666705 0.039970
3 4 0.138580 0.069628 0.265857 0.428316 0.097618
3 4 0.194121 0.077405 0.214731 0.412698 0.101044
0 4 0.301994 0.123842 0.213871 0.180366 0.179928
3 4 0.235562 0.126801 0.229010 0.279833 0.128795
0 4 0.475984 0.053167 0.123440 0.237098 0.110312
2 4 0.263472 0.185035 0.282148 0.104394 0.164951
3 4 0.007937 0.013688 0.205364 0.761508 0.011504
0 4 0.307889 0.154454 0.218813 0.137565 0.181278
3 4 0.205859 0.063293 0.198042 0.432865 0.099941
3 4 0.151785 0.056914 0.197011 0.531550 0.062741
4 4 0.243383 0.134200 0.185469 0.061926 0.375021
2 4 0.033049 0.111516 0.692817 0.093607 0.069011
2 4 0.137239 0.225828 0.376178 0.020975 0.239780
2 4 0.077649 0.142979 0.509181 0.087229 0.182962
2 4 0.044117 0.166111 0.444771 0.014823 0.330177
2 4 0.073024 0.114286 0.394674 0.225980 0.192035
2 4 0.073252 0.136389 0.554738 0.129044 0.106576
0 4 0.484816 0.106205 0.132000 0.120266 0.156713
0 4 0.645194 0.072763 0.083776 0.084412 0.113855
0 4 0.610868 0.045326 0.085513 0.217494 0.040799
0 4 0.456381 0.116032 0.138818 0.087087 0.201682
4 4 0.079497 0.157635 0.336751 0.031461 0.394656
4 4 0.082579 0.190653 0.345690 0.014718 0.366361
2 4 0.041632 0.190678 0.547510 0.011093 0.209087
2 2 0.063068 0.155961 0.534602 0.054980 0.191389
2 2 0.033697 0.156999 0.585799 0.017359 0.206147
2 2 0.054752 0.172661 0.417041 0.016350 0.339195
2 2 0.038188 0.139684 0.625027 0.048537 0.148565
2 2 0.069286 0.170859 0.663659 0.062945 0.033250
2 2 0.025238 0.117338 0.669116 0.049435 0.138874
2 2 0.061500 0.226400 0.442727 0.006539 0.262834
2 2 0.015837 0.084661 0.721270 0.078902 0.099330
2 2 0.019560 0.098482 0.649402 0.063346 0.169209
2 2 0.051649 0.184258 0.593573 0.018920 0.151600
2 2 0.039457 0.162948 0.639697 0.027063 0.130835
2 2 0.026820 0.127980 0.713104 0.043490 0.088606
2 2 0.070091 0.224440 0.575605 0.015806 0.114058
2 2 0.058685 0.206851 0.568360 0.015289 0.150815
2 2 0.060559 0.168737 0.525945 0.036435 0.208324
2 2 0.010760 0.049949 0.658139 0.239652 0.041501
2 2 0.035272 0.099396 0.576107 0.132947 0.156277
2 2 0.125914 0.255791 0.444905 0.014010 0.159380
2 2 0.084138 0.190890 0.548726 0.044166 0.132080
2 2 0.054153 0.154237 0.588824 0.049401 0.153385
2 2 0.047245 0.160773 0.624264 0.044674 0.123044
2 2 0.039058 0.138056 0.594704 0.053615 0.174567
2 2 0.050582 0.169386 0.662044 0.041300 0.076689
2 2 0.054225 0.191238 0.554509 0.016648 0.183380
2 2 0.094530 0.182397 0.374420 0.035340 0.313314
2 2 0.021552 0.091029 0.670142 0.081404 0.135873
2 2 0.036891 0.134281 0.660948 0.061343 0.106537
2 2 0.055963 0.140056 0.445973 0.053780 0.304228
2 2 0.044590 0.117329 0.593679 0.125548 0.118854
2 2 0.036320 0.157178 0.716562 0.027119 0.062822
2 2 0.049472 0.131523 0.657175 0.096038 0.065792
2 2 0.063239 0.129640 0.473788 0.117998 0.215336
2 2 0.106432 0.153992 0.380991 0.056190 0.302396
2 2 0.095422 0.158359 0.483890 0.129775 0.132554
2 2 0.218621 0.127674 0.389493 0.161188 0.103023
0 2 0.389239 0.126512 0.124674 0.029681 0.329895
0 2 0.391090 0.093169 0.165922 0.245097 0.104723
2 2 0.164865 0.172886 0.406620 0.075287 0.180341
3 0 0.253991 0.066310 0.170355 0.464658 0.044686
0 2 0.634371 0.075017 0.086844 0.086877 0.116891
3 0 0.019263 0.032812 0.248192 0.589873 0.109860
0 1 0.300891 0.147934 0.198204 0.123617 0.229355
2 1 0.104370 0.206059 0.417420 0.040543 0.231608
3 1 0.055978 0.045198 0.273925 0.602082 0.022817
2 1 0.193083 0.218863 0.379563 0.052007 0.156484
4 1 0.215105 0.183785 0.240974 0.093818 0.266317
3 1 0.058399 0.022769 0.134305 0.767576 0.016951
0 1 0.383821 0.140501 0.225384 0.094352 0.155941
0 1 0.413014 0.112594 0.168376 0.113893 0.192123
2 1 0.206187 0.179381 0.426912 0.079142 0.108378
3 2 0.111332 0.076325 0.351924 0.397754 0.062665
2 0 0.032145 0.077451 0.615890 0.232501 0.042012
0 1 0.327672 0.147186 0.275955 0.074978 0.174208
3 1 0.222698 0.062810 0.201348 0.469262 0.043882
4 1 0.280100 0.156644 0.152702 0.030639 0.379915
2 1 0.155706 0.173455 0.446388 0.101407 0.123044
2 1 0.081435 0.115375 0.598616 0.145416 0.059159
2 1 0.268668 0.176885 0.271787 0.079643 0.203016
3 1 0.141688 0.109272 0.257980 0.285091 0.205968
2 2 0.105896 0.187761 0.384739 0.028602 0.293002
2 1 0.092703 0.127496 0.563498 0.165680 0.050623
2 1 0.222088 0.129830 0.320128 0.161881 0.166073
2 0 0.306341 0.171827 0.317508 0.103220 0.101104
0 0 0.472412 0.086802 0.134524 0.151642 0.154619
0 1 0.480236 0.107161 0.133471 0.121267 0.157865
4 2 0.070059 0.105870 0.259060 0.076834 0.488177
4 2 0.072805 0.141079 0.173322 0.006039 0.606755
2 2 0.015560 0.063318 0.577909 0.201719 0.141493
4 2 0.098037 0.176255 0.327262 0.021463 0.376983
2 2 0.059939 0.130122 0.583830 0.171466 0.054643
4 2 0.083121 0.135034 0.324100 0.072354 0.385391
2 2 0.099095 0.244974 0.462074 0.016471 0.177386
2 2 0.060304 0.110416 0.503277 0.154809 0.171194
2 2 0.056709 0.110419 0.567575 0.192619 0.072678
2 2 0.127948 0.159498 0.427024 0.078495 0.207036
2 2 0.217387 0.183951 0.462618 0.065419 0.070625
2 2 0.135358 0.125345 0.412999 0.177846 0.148452
2 2 0.131919 0.115055 0.383077 0.235728 0.134221
2 2 0.164513 0.183836 0.519873 0.060733 0.071045
2 2 0.154557 0.211539 0.376825 0.043319 0.213760
2 1 0.031147 0.081692 0.541280 0.231360 0.114521
2 1 0.144920 0.131637 0.448631 0.184259 0.090552
2 1 0.071420 0.133830 0.597436 0.134544 0.062770
2 2 0.080188 0.138141 0.629151 0.106984 0.045536
4 2 0.263130 0.123482 0.145108 0.021801 0.446480
2 2 0.088803 0.137404 0.438884 0.099232 0.235676
4 2 0.170926 0.222216 0.256670 0.021082 0.329106
2 2 0.162392 0.179717 0.386382 0.072202 0.199307
2 2 0.137912 0.137900 0.498649 0.192746 0.032793
2 2 0.062942 0.078139 0.437548 0.335502 0.085869
3 2 0.042013 0.055469 0.402175 0.444316 0.056027
2 1 0.201698 0.193417 0.338736 0.084120 0.182029
2 1 0.248583 0.174703 0.404210 0.090002 0.082502
2 2 0.122491 0.174726 0.496354 0.063583 0.142845
2 2 0.105312 0.170718 0.502390 0.131782 0.089798
2 2 0.097784 0.113710 0.460821 0.178157 0.149528
2 2 0.185819 0.116113 0.318794 0.298071 0.081203
3 2 0.225831 0.072128 0.231398 0.348201 0.122441
3 2 0.101881 0.061410 0.292408 0.512273 0.032028
2 2 0.244347 0.176396 0.306196 0.120034 0.153027
3 2 0.075190 0.052937 0.267544 0.497218 0.107111
2 2 0.127490 0.087976 0.282464 0.257073 0.244997
3 1 0.091938 0.079145 0.352933 0.433271 0.042712
2 2 0.089727 0.208669 0.553342 0.043035 0.105227
2 2 0.203511 0.209546 0.296721 0.049716 0.240506
2 2 0.045324 0.102579 0.592723 0.203896 0.055477
2 0 0.064573 0.122673 0.587704 0.131347 0.093702
0 0 0.619109 0.078197 0.091214 0.090342 0.121138
0 1 0.331477 0.141945 0.182484 0.130323 0.213771
4 0 0.127171 0.136218 0.151578 0.022436 0.562597
3 1 0.113117 0.082322 0.268427 0.412341 0.123793
4 0 0.145705 0.188747 0.246847 0.023706 0.394996
2 1 0.136123 0.097908 0.334317 0.316981 0.114671
4 1 0.157335 0.116965 0.253518 0.105366 0.366816
2 1 0.117000 0.169656 0.427416 0.044380 0.241548
2 1 0.118130 0.224996 0.482748 0.036045 0.138080
0 1 0.297623 0.179484 0.270657 0.095907 0.156329
4 1 0.201627 0.128938 0.189716 0.060451 0.419268
2 1 0.058903 0.165633 0.413418 0.022907 0.339139
2 1 0.216496 0.208008 0.332651 0.046949 0.195896
2 1 0.060301 0.151901 0.552311 0.093192 0.142295
2 1 0.046078 0.112131 0.480072 0.141456 0.220263
2 1 0.048019 0.117290 0.608524 0.114433 0.111734
2 1 0.036678 0.073438 0.572238 0.273100 0.044545
4 1 0.196225 0.128864 0.224804 0.104035 0.346070
4 1 0.320530 0.134167 0.133090 0.013589 0.398624
2 1 0.061228 0.089518 0.522807 0.228878 0.097569
4 1 0.182362 0.206130 0.222998 0.021222 0.367287
4 1 0.246181 0.155183 0.149768 0.034155 0.414713
2 1 0.124671 0.276598 0.430580 0.012786 0.155365
4 4 0.133816 0.211524 0.192925 0.004985 0.456750
4 1 0.130674 0.126852 0.220393 0.026536 0.495545
4 1 0.219051 0.174437 0.258424 0.033406 0.314681
0 1 0.360327 0.166304 0.290295 0.045110 0.137963
2 1 0.249880 0.177656 0.288332 0.130053 0.154080
2 1 0.118624 0.085790 0.280120 0.273130 0.242336
2 1 0.090042 0.158857 0.469978 0.061907 0.219216
2 1 0.073312 0.137982 0.591417 0.152071 0.045218
0 1 0.358355 0.152126 0.213230 0.111605 0.164683
3 1 0.127116 0.046744 0.195797 0.578676 0.051667
3 1 0.128874 0.073986 0.338881 0.426353 0.031907
0 1 0.492650 0.100990 0.132166 0.133663 0.140531
4 1 0.111164 0.184470 0.315036 0.024132 0.365197
2 1 0.259112 0.201090 0.322081 0.051741 0.165976
4 1 0.092769 0.210497 0.328221 0.010648 0.357865
0 1 0.353039 0.091401 0.176069 0.258495 0.120996
2 1 0.047824 0.098709 0.529918 0.238303 0.085246
2 1 0.103892 0.153638 0.555250 0.109871 0.077349
2 0 0.041123 0.109204 0.584885 0.143009 0.121778
2 0 0.107593 0.120938 0.381184 0.122780 0.267505
4 1 0.185376 0.224938 0.236511 0.009178 0.343998
2 1 0.127382 0.218192 0.340901 0.022208 0.291317
2 1 0.124535 0.167011 0.355519 0.055715 0.297219
2 1 0.116767 0.196401 0.414353 0.030323 0.242156
3 1 0.193864 0.056552 0.181239 0.540777 0.027569
2 1 0.251092 0.195217 0.286727 0.041008 0.225956
2 1 0.066588 0.110522 0.550956 0.190687 0.081247
2 1 0.131690 0.173415 0.565181 0.089333 0.040381
4 1 0.126650 0.127020 0.311703 0.055593 0.379034
3 1 0.005914 0.009895 0.133057 0.835280 0.015854
0 1 0.322898 0.133238 0.188121 0.162421 0.193321
2 1 0.088309 0.166818 0.444161 0.062474 0.238238
3 1 0.018460 0.010786 0.125152 0.822747 0.022855
3 1 0.174327 0.124961 0.253442 0.312533 0.134736
2 1 0.217736 0.187936 0.292330 0.124805 0.177193
2 1 0.077942 0.201428 0.493645 0.026290 0.200695
2 2 0.063222 0.184869 0.373937 0.010073 0.367898
2 2 0.063668 0.185499 0.559153 0.033468 0.158213
2 2 0.079297 0.185905 0.362159 0.015713 0.356927
2 2 0.053851 0.179793 0.495856 0.018146 0.252354
2 2 0.058233 0.210357 0.551109 0.012075 0.168225
2 2 0.052578 0.222113 0.642272 0.009901 0.073136
4 2 0.060501 0.191516 0.352221 0.007995 0.387767
4 2 0.067964 0.176097 0.350101 0.016378 0.389461
2 2 0.070637 0.211469 0.545939 0.019938 0.152017
2 2 0.103013 0.227162 0.499684 0.022795 0.147346
2 2 0.071792 0.191088 0.543608 0.028618 0.164895
2 2 0.062816 0.141939 0.546254 0.082451 0.166540
4 2 0.070372 0.146672 0.348836 0.038433 0.395687
2 2 0.055991 0.092979 0.563290 0.231531 0.056210
2 1 0.102153 0.160289 0.510854 0.097527 0.129177
2 2 0.062409 0.130430 0.597488 0.106354 0.103319
2 2 0.168194 0.117203 0.401276 0.226933 0.086394
4 2 0.243924 0.117429 0.237565 0.155390 0.245692
3 1 0.077378 0.036876 0.200072 0.606877 0.078796
0 2 0.379287 0.127690 0.173525 0.130431 0.189067
3 2 0.267825 0.086776 0.196449 0.359958 0.088992
3 2 0.082217 0.046858 0.220312 0.604606 0.046007
2 1 0.079594 0.147920 0.526139 0.100732 0.145614
4 2 0.101271 0.157935 0.332433 0.045827 0.362535
2 2 0.238372 0.185174 0.343723 0.106207 0.126524
0 2 0.337184 0.136975 0.182796 0.151663 0.191381
4 2 0.215681 0.169474 0.193597 0.060183 0.361066
0 2 0.609354 0.083517 0.080264 0.040420 0.186445
4 2 0.385161 0.109059 0.082847 0.013185 0.409748
0 2 0.345342 0.125874 0.209066 0.195218 0.124500
0 2 0.345332 0.135933 0.186454 0.124667 0.207614
3 2 0.122803 0.057349 0.271021 0.498682 0.050145
4 2 0.201086 0.198290 0.220531 0.019148 0.360946
3 2 0.224892 0.135425 0.234478 0.249634 0.155571
2 2 0.055550 0.139291 0.466259 0.075828 0.263071
2 2 0.065823 0.106775 0.446220 0.300228 0.080954
4 2 0.178810 0.091245 0.251960 0.203603 0.274382
2 2 0.160524 0.113598 0.281370 0.218573 0.225934
2 2 0.181100 0.217224 0.442425 0.047682 0.111569
2 2 0.156674 0.265061 0.380120 0.008426 0.189719
2 2 0.074477 0.215223 0.524814 0.019005 0.166480
4 2 0.230249 0.192028 0.192469 0.015363 0.369892
3 2 0.059519 0.019282 0.134225 0.762207 0.024767
3 2 0.031662 0.044082 0.252133 0.578873 0.093250
3 2 0.155088 0.114422 0.260257 0.353667 0.116566
3 2 0.233200 0.084226 0.204996 0.389569 0.088008
0 2 0.330651 0.146281 0.321579 0.133794 0.067696
4 0 0.233527 0.166457 0.181753 0.058150 0.360114
0 0 0.563027 0.091596 0.110566 0.100013 0.134797
0 0 0.296409 0.145442 0.198365 0.159935 0.199848
0 0 0.668740 0.067862 0.077188 0.079029 0.107181
0 0 0.453697 0.066721 0.136582 0.225323 0.117677
4 1 0.072450 0.096618 0.282193 0.125033 0.423705
2 1 0.099680 0.165384 0.415846 0.050604 0.268487
2 1 0.091964 0.124525 0.438395 0.205475 0.139641
2 1 0.240567 0.141419 0.302290 0.224946 0.090777
2 1 0.134449 0.095273 0.296015 0.239954 0.234308
2 1 0.106011 0.153636 0.456607 0.124791 0.158954
2 1 0.060993 0.131526 0.483245 0.106304 0.217932
2 2 0.142559 0.251751 0.450051 0.023889 0.131751
2 1 0.059842 0.143341 0.683964 0.084419 0.028434
3 0 0.020720 0.045364 0.443514 0.464854 0.025548
4 1 0.176337 0.154919 0.225559 0.049857 0.393328
4 1 0.119470 0.157113 0.279874 0.026769 0.416774
