2 0 0.043027 0.065103 0.459490 0.407313 0.025067
2 1 0.075810 0.108448 0.387935 0.142654 0.285153
2 1 0.079006 0.195708 0.419771 0.024671 0.280844
2 1 0.042524 0.127594 0.656874 0.094971 0.078037
2 1 0.092462 0.226891 0.402768 0.014526 0.263353
2 1 0.042932 0.125258 0.558383 0.102903 0.170524
2 1 0.053516 0.139288 0.574431 0.105201 0.127564
2 4 0.127519 0.198457 0.538980 0.059617 0.075427
2 4 0.047385 0.171401 0.606156 0.035421 0.139637
3 4 0.024932 0.029733 0.206336 0.682865 0.056135
2 4 0.067002 0.202713 0.477982 0.019967 0.232335
2 4 0.047605 0.130000 0.530153 0.076083 0.216159
3 4 0.124331 0.090099 0.304644 0.351834 0.129091
2 4 0.080867 0.131307 0.508344 0.163595 0.115888
2 4 0.119809 0.145577 0.391046 0.172718 0.170851
2 4 0.066865 0.122292 0.452894 0.132401 0.225548
2 4 0.088696 0.142247 0.477117 0.083497 0.208444
2 4 0.092110 0.119922 0.377276 0.172332 0.238360
0 4 0.357237 0.146922 0.200039 0.174928 0.120874
3 4 0.050024 0.049063 0.306791 0.562685 0.031436
3 4 0.224131 0.120120 0.244603 0.305685 0.105461
2 4 0.041210 0.059403 0.402276 0.392705 0.104406
0 4 0.308621 0.186917 0.230598 0.045376 0.228489
4 4 0.171919 0.135731 0.177243 0.030163 0.484944
2 4 0.090500 0.154397 0.572947 0.110607 0.071550
2 4 0.072033 0.200260 0.495172 0.022485 0.210050
2 4 0.057783 0.089698 0.460285 0.262877 0.129357
4 4 0.081365 0.076071 0.265575 0.260606 0.316383
2 4 0.032107 0.105581 0.653386 0.134771 0.074156
2 4 0.054723 0.141969 0.651479 0.051563 0.100266
2 4 0.070121 0.185778 0.578154 0.041653 0.124295
2 4 0.095975 0.122471 0.328687 0.130296 0.322572
2 4 0.234632 0.170946 0.272800 0.101485 0.220137
3 1 0.090033 0.072638 0.325755 0.475619 0.035956
4 1 0.108133 0.174925 0.216491 0.010698 0.489754
0 1 0.383175 0.127918 0.157419 0.143596 0.187892
3 1 0.101590 0.048775 0.251980 0.541493 0.056163
4 1 0.183470 0.108790 0.187477 0.092425 0.427839
4 1 0.195078 0.138383 0.210829 0.063428 0.392282
3 1 0.073031 0.032332 0.180476 0.669516 0.044646
2 1 0.243507 0.163564 0.258749 0.124892 0.209289
2 1 0.291881 0.226030 0.311653 0.043910 0.126526
3 1 0.079791 0.052477 0.219316 0.606009 0.042406
3 1 0.043485 0.037395 0.223046 0.652843 0.043231
3 1 0.184343 0.091850 0.237475 0.405321 0.081011
2 1 0.196816 0.208146 0.399385 0.090956 0.104697
0 2 0.429978 0.141646 0.184895 0.162034 0.081448
4 2 0.113576 0.051736 0.109925 0.088649 0.636115
3 2 0.057658 0.063715 0.359026 0.485597 0.034005
2 2 0.238139 0.170178 0.380964 0.146178 0.064541
2 2 0.132277 0.236274 0.381268 0.027000 0.223181
4 2 0.133872 0.217962 0.287926 0.018665 0.341575
4 2 0.099044 0.239352 0.291419 0.004971 0.365214
4 2 0.111149 0.208137 0.269550 0.010935 0.400230
2 2 0.098530 0.260169 0.444606 0.011562 0.185134
2 2 0.118720 0.146145 0.469427 0.191483 0.074225
2 2 0.165659 0.251570 0.473497 0.028399 0.080875
2 2 0.185125 0.193838 0.279874 0.068264 0.272899
2 2 0.125483 0.202315 0.344076 0.023612 0.304515
2 2 0.143472 0.228442 0.316881 0.021145 0.290061
3 2 0.038648 0.058099 0.395850 0.457470 0.049932
4 2 0.280299 0.148944 0.140223 0.021177 0.409357
4 2 0.204893 0.128132 0.130370 0.033831 0.502773
4 2 0.105406 0.144202 0.210693 0.024545 0.515154
2 2 0.211633 0.219889 0.300295 0.040841 0.227341
3 2 0.030491 0.027193 0.184502 0.731894 0.025919
2 2 0.197968 0.214685 0.329574 0.048191 0.209582
2 2 0.144391 0.177828 0.536866 0.100629 0.040286
2 2 0.243541 0.213548 0.332730 0.069930 0.140251
0 3 0.270607 0.180713 0.247804 0.104337 0.196540
2 3 0.116135 0.105355 0.354595 0.350854 0.073062
4 3 0.182931 0.115069 0.150798 0.055271 0.495931
4 3 0.224856 0.140322 0.204934 0.107571 0.322317
4 3 0.232415 0.171936 0.246126 0.077746 0.271777
2 3 0.170775 0.114002 0.317677 0.278096 0.119451
4 3 0.213985 0.164521 0.224129 0.056994 0.340371
3 3 0.067933 0.044377 0.211229 0.596845 0.079616
3 3 0.051163 0.043525 0.255065 0.624336 0.025910
4 3 0.259961 0.179169 0.217432 0.050967 0.292472
3 3 0.079668 0.059269 0.274899 0.548265 0.037899
3 3 0.115509 0.097830 0.284092 0.370289 0.132281
4 3 0.190127 0.197025 0.287924 0.030278 0.294646
0 3 0.326344 0.141193 0.206800 0.133071 0.192590
2 3 0.088336 0.113203 0.482980 0.266794 0.048686
3 3 0.144870 0.082786 0.243889 0.442856 0.085600
4 3 0.218350 0.132317 0.185075 0.110164 0.354093
2 3 0.182202 0.115186 0.331755 0.269543 0.101314
0 3 0.512616 0.095058 0.084287 0.050465 0.257574
4 3 0.268279 0.106848 0.149541 0.120451 0.354882
0 3 0.282690 0.090704 0.170668 0.230057 0.225881
4 3 0.137152 0.128578 0.267329 0.132569 0.334372
2 3 0.080494 0.127403 0.555177 0.191337 0.045589
2 3 0.294615 0.209659 0.382360 0.071071 0.042294
3 3 0.079215 0.087176 0.323367 0.377818 0.132425
2 2 0.056947 0.102215 0.478795 0.235893 0.126150
4 2 0.140018 0.109361 0.191313 0.085556 0.473752
2 2 0.060108 0.091972 0.369661 0.314386 0.163873
3 3 0.120756 0.047210 0.196051 0.563480 0.072503
3 3 0.097215 0.044637 0.189259 0.646603 0.022287
4 3 0.067183 0.090808 0.304697 0.195243 0.342069
2 3 0.074899 0.175324 0.450067 0.046189 0.253521
4 3 0.101327 0.165101 0.312049 0.039856 0.381668
2 3 0.071122 0.131225 0.465923 0.172681 0.159049
4 3 0.173710 0.102468 0.090782 0.015600 0.617441
2 3 0.019830 0.058035 0.612077 0.284247 0.025811
4 3 0.170850 0.133066 0.162539 0.042617 0.490929
2 3 0.095113 0.195863 0.504221 0.044599 0.160205
2 3 0.183010 0.196436 0.320273 0.050773 0.249508
4 3 0.248278 0.152329 0.217594 0.058467 0.323332
3 3 0.064191 0.064002 0.276906 0.414117 0.180785
2 3 0.144758 0.165102 0.424664 0.164514 0.100963
3 3 0.258980 0.130665 0.235983 0.262007 0.112365
0 3 0.341848 0.160490 0.165973 0.051460 0.280229
4 3 0.135471 0.156376 0.199119 0.024678 0.484356
4 3 0.193232 0.158867 0.215753 0.053383 0.378764
2 3 0.132940 0.215425 0.391073 0.040985 0.219577
2 3 0.061352 0.128170 0.529829 0.180514 0.100134
4 3 0.199158 0.198575 0.237389 0.034068 0.330810
2 3 0.114607 0.169624 0.439615 0.082316 0.193839
3 3 0.041239 0.053545 0.273038 0.552149 0.080029
3 3 0.194419 0.131284 0.253079 0.260573 0.160645
2 3 0.168389 0.132784 0.283823 0.224698 0.190306
2 3 0.150628 0.155924 0.411322 0.187630 0.094496
2 3 0.085011 0.129307 0.495293 0.172998 0.117392
2 3 0.101778 0.136318 0.583239 0.149178 0.029487
2 3 0.233138 0.209054 0.296379 0.061756 0.199673
3 3 0.109429 0.103273 0.322947 0.325887 0.138464
2 3 0.094765 0.159078 0.449532 0.110937 0.185689
3 3 0.086831 0.077250 0.350601 0.446787 0.038531
4 3 0.309836 0.088090 0.094601 0.064210 0.443263
4 3 0.174324 0.079659 0.148126 0.132175 0.465715
3 3 0.076462 0.074217 0.307851 0.475714 0.065756
3 3 0.064593 0.045686 0.219204 0.632497 0.038019
2 3 0.144082 0.184217 0.446301 0.118955 0.106446
3 3 0.110704 0.097395 0.279399 0.342010 0.170492
0 3 0.417750 0.133991 0.171424 0.162331 0.114504
2 3 0.282341 0.135339 0.305559 0.198244 0.078516
3 3 0.033203 0.055070 0.390048 0.484222 0.037456
3 3 0.085363 0.069300 0.337633 0.479180 0.028524
2 3 0.019344 0.053997 0.572416 0.335275 0.018968
3 3 0.049141 0.056715 0.296800 0.510612 0.086731
3 3 0.055048 0.075272 0.384421 0.426652 0.058606
3 3 0.088049 0.098896 0.324317 0.344766 0.143972
0 3 0.349840 0.102033 0.131917 0.145631 0.270579
2 3 0.188353 0.196687 0.353843 0.082617 0.178500
2 3 0.211773 0.220443 0.417090 0.071536 0.079159
0 3 0.396473 0.143049 0.189891 0.156816 0.113771
0 3 0.324702 0.207347 0.275543 0.060581 0.131826
4 3 0.223939 0.178278 0.195407 0.040848 0.361529
3 3 0.167589 0.092997 0.221270 0.345231 0.172914
2 3 0.095941 0.102827 0.418784 0.277415 0.105033
4 3 0.165780 0.153395 0.277059 0.107202 0.296565
2 3 0.133935 0.094040 0.282801 0.263566 0.225658
3 3 0.068508 0.055530 0.230520 0.572472 0.072971
2 3 0.220516 0.248388 0.370323 0.027657 0.133116
3 3 0.024525 0.021812 0.169676 0.764954 0.019032
3 3 0.048631 0.022730 0.129772 0.730538 0.068328
3 3 0.121607 0.037534 0.151566 0.653839 0.035454
3 3 0.052837 0.048131 0.366786 0.521939 0.010308
2 3 0.069023 0.086263 0.525877 0.300634 0.018203
3 3 0.092131 0.054375 0.214470 0.555514 0.083510
3 3 0.140871 0.096332 0.258922 0.402094 0.101781
3 3 0.040200 0.041104 0.218978 0.646932 0.052786
3 3 0.061636 0.038971 0.196287 0.676908 0.026197
2 3 0.052692 0.076579 0.362990 0.340278 0.167461
3 3 0.093833 0.050803 0.190286 0.523935 0.141143
0 3 0.344909 0.092952 0.169538 0.280608 0.111993
3 3 0.106946 0.093701 0.322889 0.369649 0.106816
3 3 0.054965 0.037896 0.195048 0.682669 0.029422
3 3 0.052631 0.050243 0.234410 0.589233 0.073484
3 3 0.160359 0.065682 0.206337 0.481883 0.085738
3 3 0.177794 0.075197 0.218959 0.487533 0.040517
0 3 0.650577 0.070405 0.065067 0.084955 0.128996
3 3 0.132267 0.084420 0.315493 0.432660 0.035161
4 3 0.080048 0.132564 0.346511 0.071181 0.369697
0 3 0.411416 0.140169 0.187941 0.177380 0.083093
2 3 0.152679 0.135660 0.418780 0.225133 0.067747
2 3 0.094534 0.099186 0.367575 0.355020 0.083685
4 3 0.103132 0.146485 0.266247 0.023783 0.460352
0 3 0.353209 0.148739 0.204758 0.178164 0.115130
2 2 0.122197 0.173663 0.524005 0.117497 0.062638
2 2 0.204689 0.198613 0.475453 0.065654 0.055590
2 2 0.152153 0.239484 0.513204 0.036702 0.058456
2 2 0.247975 0.224372 0.302061 0.041178 0.184415
2 2 0.133210 0.182764 0.463415 0.095014 0.125596
2 2 0.094322 0.214522 0.484340 0.025183 0.181633
2 2 0.063668 0.168694 0.451521 0.036643 0.279475
2 2 0.055003 0.156636 0.497931 0.036335 0.254095
4 2 0.078059 0.168427 0.322770 0.018316 0.412428
4 2 0.088879 0.196990 0.205985 0.003912 0.504233
4 4 0.086173 0.146284 0.178588 0.004686 0.584268
4 4 0.081299 0.165610 0.151429 0.002852 0.598810
4 4 0.072956 0.222602 0.344357 0.006072 0.354014
4 4 0.082203 0.133339 0.110168 0.002087 0.672203
4 4 0.093407 0.227281 0.275081 0.005280 0.398950
4 4 0.071688 0.237842 0.300362 0.002765 0.387343
2 4 0.059256 0.202402 0.440085 0.011718 0.286538
4 4 0.104861 0.179389 0.185245 0.003790 0.526715
2 4 0.037165 0.174107 0.446035 0.007840 0.334853
4 4 0.068732 0.168157 0.175581 0.002760 0.584769
2 4 0.099511 0.221740 0.421103 0.019269 0.238377
4 4 0.133404 0.178597 0.310223 0.055686 0.322090
2 4 0.098741 0.197638 0.415371 0.040660 0.247590
4 4 0.140164 0.202317 0.266697 0.014742 0.376080
2 4 0.031052 0.062791 0.412807 0.349371 0.143980
4 4 0.104848 0.102262 0.162541 0.036444 0.593905
4 4 0.101564 0.180276 0.234254 0.008078 0.475829
2 4 0.051641 0.135431 0.678166 0.083267 0.051496
2 4 0.035609 0.057139 0.436675 0.435473 0.035104
2 1 0.082795 0.169853 0.467933 0.073342 0.206077
2 1 0.174679 0.149956 0.320968 0.133406 0.220991
2 1 0.026040 0.067929 0.511140 0.346163 0.048728
2 1 0.074457 0.148078 0.509129 0.115820 0.152516
4 1 0.122679 0.203290 0.321752 0.028187 0.324092
2 2 0.142362 0.259763 0.411508 0.013867 0.172501
4 2 0.228629 0.151651 0.217795 0.158057 0.243868
2 2 0.171985 0.221197 0.383001 0.056434 0.167382
2 2 0.159335 0.128969 0.268215 0.204430 0.239050
4 2 0.151441 0.067510 0.112189 0.073672 0.595187
3 1 0.236217 0.093104 0.203862 0.348793 0.118024
4 1 0.178972 0.180596 0.267958 0.057332 0.315142
2 1 0.092589 0.167249 0.593667 0.085186 0.061309
2 2 0.043840 0.113034 0.649595 0.130288 0.063243
2 2 0.046703 0.117637 0.629563 0.129448 0.076649
2 2 0.142176 0.198747 0.473343 0.066298 0.119437
4 2 0.160143 0.123425 0.216067 0.120364 0.380001
2 2 0.097756 0.113921 0.306573 0.228571 0.253178
2 2 0.106266 0.131932 0.538017 0.189463 0.034321
2 2 0.216356 0.222198 0.322080 0.036777 0.202589
3 2 0.136631 0.091489 0.237086 0.369635 0.165158
3 2 0.153867 0.088889 0.257512 0.393783 0.105950
2 2 0.165381 0.223529 0.458433 0.034713 0.117944
4 2 0.268825 0.188145 0.221126 0.050875 0.271029
2 2 0.134173 0.121364 0.386186 0.290561 0.067717
2 2 0.135854 0.230931 0.348581 0.025189 0.259444
2 2 0.103844 0.132381 0.503723 0.194583 0.065468
0 2 0.524507 0.113498 0.145520 0.168672 0.047803
4 2 0.332065 0.120254 0.124193 0.063172 0.360316
4 2 0.182178 0.162912 0.256054 0.076018 0.322838
3 2 0.159362 0.110143 0.286712 0.323434 0.120348
0 2 0.483962 0.131261 0.167342 0.158362 0.059072
3 2 0.268707 0.115114 0.228356 0.311651 0.076172
3 2 0.052502 0.052154 0.391729 0.491864 0.011751
0 2 0.367130 0.117424 0.127069 0.080974 0.307404
3 2 0.254526 0.103918 0.218603 0.337024 0.085928
0 2 0.384696 0.189694 0.173919 0.027644 0.224047
2 2 0.302439 0.214318 0.337497 0.066312 0.079434
4 2 0.255027 0.087550 0.160128 0.145169 0.352126
2 2 0.088247 0.159117 0.584149 0.102701 0.065785
0 2 0.286226 0.117696 0.185973 0.207644 0.202461
2 2 0.118229 0.129602 0.399918 0.145681 0.206570
2 2 0.060557 0.138075 0.382128 0.055464 0.363775
2 2 0.051914 0.125684 0.542995 0.089446 0.189961
2 2 0.062342 0.166593 0.476828 0.033481 0.260756
2 2 0.047749 0.138832 0.511566 0.059257 0.242597
2 2 0.062261 0.114879 0.592595 0.182452 0.047814
2 2 0.045074 0.084426 0.548772 0.290135 0.031593
2 2 0.103159 0.199038 0.473895 0.047128 0.176780
4 2 0.148427 0.195994 0.238745 0.023607 0.393228
2 2 0.114203 0.179153 0.537466 0.081996 0.087183
2 2 0.183742 0.242560 0.310899 0.017560 0.245239
2 2 0.079715 0.144083 0.531128 0.147514 0.097560
2 2 0.026960 0.096929 0.719629 0.122725 0.033757
4 2 0.198945 0.167691 0.284455 0.051193 0.297716
2 2 0.152449 0.186437 0.405810 0.053511 0.201794
2 2 0.037811 0.071772 0.457397 0.379838 0.053182
2 2 0.057997 0.119822 0.522438 0.179804 0.119939
2 2 0.121362 0.205542 0.479860 0.058783 0.134454
2 2 0.094434 0.111119 0.351520 0.132251 0.310676
2 2 0.119000 0.173056 0.421780 0.070260 0.215904
2 2 0.080620 0.091855 0.432377 0.345179 0.049968
3 2 0.126705 0.110765 0.269381 0.323124 0.170024
2 2 0.056044 0.132792 0.403486 0.064467 0.343211
2 2 0.067586 0.113153 0.434123 0.226347 0.158792
2 2 0.184656 0.143418 0.328288 0.173641 0.169997
2 2 0.070797 0.159780 0.494077 0.066146 0.209200
2 2 0.088284 0.209715 0.453645 0.029134 0.219223
4 2 0.166381 0.122842 0.135264 0.014056 0.561457
4 2 0.221155 0.146044 0.253676 0.115512 0.263613
2 2 0.099955 0.110834 0.388461 0.248367 0.152382
2 2 0.069757 0.168022 0.535221 0.066959 0.160041
2 2 0.110292 0.214795 0.516269 0.029328 0.129317
2 2 0.080260 0.125146 0.416737 0.189455 0.188401
3 2 0.033389 0.046888 0.352280 0.504817 0.062626
2 2 0.107579 0.231465 0.394754 0.019797 0.246406
2 2 0.183073 0.203015 0.358392 0.052399 0.203122
3 2 0.204412 0.130147 0.251061 0.267074 0.147305
2 2 0.107411 0.155735 0.507598 0.125766 0.103490
2 2 0.090497 0.144827 0.426085 0.136609 0.201981
4 2 0.290476 0.148459 0.171410 0.054814 0.334840
0 0 0.947346 0.013666 0.008860 0.023787 0.006341
0 0 0.638887 0.068696 0.097044 0.184853 0.010520
0 1 0.460583 0.091794 0.094490 0.099179 0.253954
4 1 0.079020 0.079941 0.280207 0.195677 0.365155
2 1 0.070700 0.124952 0.544466 0.170576 0.089306
4 1 0.131407 0.100415 0.262037 0.236759 0.269383
2 1 0.039376 0.164209 0.574957 0.023885 0.197574
2 1 0.060312 0.149021 0.491494 0.073054 0.226120
2 1 0.061253 0.216033 0.458003 0.009733 0.254978
2 2 0.040156 0.155707 0.614510 0.036586 0.153041
2 2 0.037229 0.077142 0.439632 0.294535 0.151461
2 2 0.042667 0.118470 0.668018 0.091401 0.079444
3 2 0.023149 0.046623 0.346514 0.515913 0.067802
2 2 0.100856 0.142465 0.466195 0.127833 0.162652
3 2 0.073541 0.068305 0.370890 0.383279 0.103985
2 2 0.064391 0.171834 0.575699 0.043740 0.144336
2 2 0.025812 0.071096 0.611773 0.224697 0.066623
4 2 0.277955 0.115113 0.083269 0.009689 0.513975
2 2 0.127940 0.158319 0.555860 0.121986 0.035895
3 2 0.198490 0.127750 0.258908 0.278879 0.135973
2 2 0.082477 0.193075 0.614758 0.044002 0.065686
2 2 0.120172 0.130513 0.397853 0.234663 0.116800
0 0 0.706657 0.073736 0.075600 0.105708 0.038299
0 0 0.481724 0.113596 0.148698 0.174119 0.081863
3 0 0.030074 0.015680 0.121418 0.825940 0.006888
2 0 0.064773 0.075191 0.369030 0.310026 0.180979
2 1 0.028761 0.126498 0.710613 0.047153 0.086975
2 1 0.050288 0.163811 0.679957 0.033322 0.072622
2 1 0.041505 0.101480 0.570062 0.174847 0.112105
2 1 0.068911 0.139282 0.531284 0.102049 0.158475
2 1 0.056576 0.117524 0.443103 0.150626 0.232171
2 1 0.047230 0.135329 0.586524 0.085688 0.145229
2 1 0.029646 0.123026 0.519796 0.037386 0.290146
2 1 0.033461 0.151641 0.609724 0.022663 0.182511
2 1 0.070525 0.157261 0.489063 0.056971 0.226180
2 1 0.067539 0.139253 0.470549 0.038470 0.284189
3 1 0.042865 0.056975 0.348432 0.435136 0.116592
2 2 0.060031 0.112934 0.491780 0.233641 0.101613
2 2 0.045546 0.082852 0.390724 0.159439 0.321439
2 2 0.037121 0.072008 0.448310 0.332690 0.109870
2 2 0.049504 0.187827 0.463671 0.012493 0.286505
2 2 0.105557 0.207692 0.554647 0.058295 0.073809
2 2 0.093936 0.181590 0.541174 0.074374 0.108925
2 2 0.036766 0.155134 0.645679 0.034052 0.128368
3 2 0.030107 0.034230 0.212572 0.670955 0.052135
2 2 0.120963 0.105414 0.373517 0.280236 0.119870
0 2 0.487176 0.125892 0.163090 0.171150 0.052694
0 0 0.849630 0.038618 0.032698 0.060167 0.018887
0 0 0.678402 0.074288 0.072301 0.096382 0.078627
4 1 0.084370 0.144992 0.294691 0.047278 0.428670
2 1 0.038511 0.161274 0.594753 0.027492 0.177970
2 1 0.036504 0.149550 0.588025 0.034015 0.191906
2 1 0.022106 0.075549 0.586619 0.198785 0.116941
2 1 0.016009 0.070982 0.634462 0.177290 0.101257
2 2 0.038443 0.134670 0.576618 0.061369 0.188901
2 2 0.069421 0.139374 0.481822 0.126144 0.183239
2 2 0.232488 0.150859 0.365007 0.195624 0.056021
2 2 0.120618 0.134670 0.350819 0.103568 0.290325
2 2 0.032082 0.115745 0.685522 0.081274 0.085378
2 2 0.101691 0.119565 0.396253 0.149214 0.233278
2 2 0.056664 0.113511 0.484941 0.128369 0.216515
2 2 0.208804 0.241412 0.275985 0.012360 0.261439
2 2 0.072682 0.159848 0.408849 0.051785 0.306837
2 2 0.081785 0.223662 0.477837 0.012346 0.204371
0 2 0.579938 0.097666 0.106312 0.123730 0.092354
2 2 0.202433 0.170860 0.280873 0.083118 0.262716
4 2 0.188885 0.116110 0.118987 0.017148 0.558870
3 2 0.056282 0.060831 0.330746 0.481899 0.070242
2 2 0.184384 0.193461 0.306481 0.047714 0.267960
2 2 0.016150 0.052088 0.591642 0.314939 0.025181
4 2 0.170576 0.073954 0.094665 0.042331 0.618475
2 2 0.081251 0.119830 0.432550 0.239417 0.126952
3 2 0.011635 0.006366 0.073915 0.898369 0.009714
0 2 0.510336 0.152654 0.168491 0.084152 0.084367
2 2 0.169872 0.212221 0.360951 0.062162 0.194795
4 2 0.179920 0.140333 0.268385 0.125899 0.285464
2 2 0.156141 0.142073 0.459986 0.154096 0.087704
2 2 0.034759 0.074640 0.543185 0.314869 0.032548
0 2 0.337747 0.110129 0.127122 0.113468 0.311535
2 2 0.064086 0.166260 0.379170 0.025023 0.365461
2 2 0.111537 0.204078 0.434211 0.031704 0.218470
2 2 0.054955 0.125308 0.501876 0.142341 0.175520
2 2 0.027834 0.114591 0.677638 0.072652 0.107285
2 2 0.085174 0.242689 0.467327 0.011617 0.193192
4 2 0.168070 0.121766 0.279344 0.135643 0.295177
2 2 0.061770 0.218696 0.531860 0.014530 0.173144
2 2 0.070822 0.108330 0.493451 0.239573 0.087824
3 2 0.052620 0.033348 0.211957 0.635610 0.066466
2 2 0.132066 0.214003 0.458852 0.070242 0.124837
0 2 0.355288 0.131007 0.215847 0.219804 0.078054
2 2 0.056307 0.162943 0.587708 0.045053 0.147990
2 2 0.036964 0.147946 0.629884 0.039148 0.146058
0 2 0.236173 0.156246 0.227528 0.166472 0.213581
2 2 0.076755 0.149263 0.575155 0.119272 0.079554
2 2 0.056292 0.116317 0.556363 0.168177 0.102851
2 2 0.103099 0.130640 0.426443 0.203206 0.136611
0 2 0.540773 0.092907 0.096222 0.108248 0.161849
0 2 0.380930 0.145388 0.164310 0.090461 0.218911
2 2 0.134390 0.149636 0.492842 0.148551 0.074581
2 2 0.102936 0.188003 0.428025 0.045256 0.235780
2 2 0.031902 0.136867 0.648308 0.047137 0.135786
2 2 0.064972 0.191738 0.539365 0.033423 0.170502
2 2 0.024264 0.092445 0.607626 0.132671 0.142993
2 2 0.051004 0.146454 0.608758 0.070498 0.123286
4 2 0.117643 0.063970 0.180242 0.288306 0.349839
4 2 0.194343 0.125267 0.185289 0.050791 0.444309
2 2 0.076238 0.122489 0.374154 0.115108 0.312010
2 2 0.048581 0.139364 0.578113 0.073568 0.160375
2 2 0.058287 0.077611 0.476686 0.352559 0.034858
3 2 0.090475 0.062926 0.236109 0.552769 0.057721
2 2 0.022431 0.073830 0.647634 0.196391 0.059714
2 2 0.048873 0.076904 0.479244 0.354934 0.040045
2 2 0.030932 0.063478 0.465244 0.398885 0.041461
2 2 0.073320 0.167089 0.582671 0.070831 0.106089
2 2 0.047232 0.139700 0.639591 0.078976 0.094500
0 2 0.492803 0.100320 0.107607 0.114226 0.185045
0 2 0.518647 0.102217 0.111231 0.120662 0.147242
0 2 0.334938 0.175883 0.202022 0.055062 0.232095
0 2 0.339511 0.124134 0.279289 0.230990 0.026075
2 2 0.042998 0.090185 0.602141 0.228351 0.036326
0 2 0.268743 0.177555 0.246000 0.112584 0.195116
3 2 0.027498 0.010379 0.085786 0.858220 0.018116
2 2 0.095743 0.147825 0.596924 0.112361 0.047148
4 2 0.300816 0.099820 0.109165 0.085847 0.404352
0 0 0.467059 0.129968 0.169928 0.173332 0.059714
2 1 0.187213 0.168460 0.392499 0.080693 0.171135
0 1 0.308097 0.153459 0.215715 0.175989 0.146740
3 1 0.244141 0.050865 0.141177 0.493992 0.069825
3 1 0.078232 0.072895 0.375881 0.444640 0.028352
2 1 0.136990 0.174754 0.477672 0.081015 0.129570
2 1 0.099215 0.166864 0.597191 0.085654 0.051076
2 1 0.043538 0.120310 0.520530 0.109565 0.206057
2 1 0.054683 0.130262 0.380770 0.054230 0.380055
2 4 0.046930 0.127991 0.604407 0.090838 0.129834
4 4 0.075224 0.160393 0.334671 0.027802 0.401909
2 4 0.085013 0.178342 0.451855 0.055112 0.229679
2 4 0.116244 0.180626 0.384834 0.063976 0.254320
2 4 0.108333 0.123051 0.386294 0.181780 0.200543
2 4 0.154595 0.193992 0.401183 0.059784 0.190446
2 4 0.220352 0.198107 0.438981 0.092633 0.049927
4 4 0.086173 0.093591 0.239295 0.058103 0.522837
3 4 0.086168 0.058138 0.237435 0.421391 0.196868
0 4 0.275660 0.113457 0.189057 0.163673 0.258154
0 4 0.251072 0.167640 0.223257 0.114913 0.243118
2 4 0.152448 0.170386 0.369322 0.087597 0.220247
4 4 0.181330 0.067044 0.148723 0.140633 0.462269
2 4 0.065170 0.152888 0.557528 0.087772 0.136642
2 4 0.109152 0.172845 0.334772 0.050948 0.332282
2 4 0.055749 0.184912 0.554448 0.020277 0.184614
2 4 0.045236 0.156411 0.626385 0.040692 0.131277
3 4 0.059722 0.062461 0.323226 0.325501 0.229090
2 4 0.047137 0.113971 0.487192 0.063987 0.287713
2 4 0.062304 0.171032 0.486868 0.034969 0.244827
2 4 0.058323 0.153509 0.588894 0.078591 0.120682
2 4 0.067309 0.154654 0.489235 0.058724 0.230079
2 4 0.057777 0.144377 0.547632 0.102340 0.147873
2 4 0.029171 0.097000 0.592027 0.152863 0.128938
2 4 0.054544 0.191957 0.509781 0.018586 0.225132
2 4 0.069306 0.155645 0.608472 0.072255 0.094322
2 4 0.068774 0.138569 0.496154 0.119066 0.177436
2 4 0.143117 0.159653 0.421758 0.113843 0.161628
0 4 0.285455 0.115027 0.210535 0.276652 0.112331
4 4 0.312682 0.036621 0.048283 0.109194 0.493221
2 4 0.020153 0.081568 0.656681 0.139914 0.101684
2 4 0.049733 0.164834 0.531034 0.031352 0.223046
2 4 0.052473 0.150576 0.643438 0.041680 0.111833
2 4 0.036377 0.095749 0.560290 0.190580 0.117003
2 4 0.083859 0.098846 0.456892 0.185194 0.175208
4 4 0.105149 0.160923 0.331364 0.033831 0.368732
2 4 0.080911 0.199808 0.473682 0.025456 0.220142
0 4 0.591587 0.075475 0.089811 0.143158 0.099969
3 0 0.260673 0.076616 0.165209 0.344515 0.152987
2 0 0.059241 0.152303 0.550194 0.061206 0.177055
2 1 0.066703 0.116007 0.529036 0.165213 0.123041
2 1 0.081009 0.123248 0.525209 0.178064 0.092470
2 1 0.050238 0.119796 0.638386 0.127700 0.063881
2 1 0.072605 0.177292 0.502851 0.041600 0.205651
2 1 0.052567 0.153008 0.497540 0.047942 0.248943
2 1 0.059737 0.095241 0.470139 0.214661 0.160221
2 1 0.059883 0.151451 0.601954 0.067795 0.118917
2 1 0.041563 0.111702 0.519257 0.131407 0.196071
4 1 0.292478 0.058799 0.048755 0.031441 0.568526
4 1 0.262131 0.117406 0.116664 0.042191 0.461608
2 1 0.037126 0.133191 0.531926 0.048224 0.249534
2 1 0.062262 0.172261 0.550486 0.040246 0.174745
2 1 0.030828 0.122391 0.582027 0.046779 0.217974
0 0 0.758127 0.062057 0.062241 0.095921 0.021655
0 1 0.359799 0.147897 0.202988 0.178269 0.111048
3 1 0.027875 0.053844 0.434735 0.447220 0.036326
2 1 0.124514 0.165855 0.488173 0.090890 0.130567
2 1 0.140341 0.165745 0.526382 0.126648 0.040884
2 2 0.093744 0.166831 0.514585 0.070398 0.154443
2 2 0.065362 0.148932 0.587791 0.089732 0.108183
2 2 0.070506 0.097053 0.526661 0.250007 0.055773
2 2 0.081245 0.162005 0.571969 0.081215 0.103565
2 2 0.070583 0.139790 0.569436 0.110770 0.109421
2 2 0.043644 0.097264 0.504723 0.163083 0.191285
2 2 0.165258 0.200434 0.338636 0.033663 0.262010
3 2 0.104115 0.059980 0.193763 0.458467 0.183675
2 2 0.101176 0.178596 0.550757 0.057366 0.112104
2 2 0.090832 0.100216 0.384556 0.318913 0.105483
2 2 0.059330 0.124578 0.646262 0.118506 0.051323
2 2 0.056966 0.115355 0.626616 0.153403 0.047660
2 2 0.036267 0.089393 0.695239 0.150532 0.028570
2 2 0.052947 0.141125 0.613506 0.087741 0.104682
2 2 0.089517 0.224239 0.478547 0.020852 0.186846
2 2 0.080427 0.157009 0.553561 0.100006 0.108997
2 2 0.046322 0.101021 0.555373 0.128726 0.168558
2 2 0.029554 0.061099 0.527263 0.360607 0.021478
2 2 0.036180 0.094869 0.639108 0.158891 0.070952
2 2 0.089830 0.213035 0.549028 0.037266 0.110841
3 2 0.074598 0.067813 0.254276 0.514705 0.088608
4 2 0.100631 0.219017 0.260040 0.006506 0.413806
2 2 0.114357 0.195237 0.396558 0.038091 0.255757
4 2 0.109266 0.226462 0.287855 0.009197 0.367220
2 2 0.059033 0.151671 0.609458 0.103443 0.076394
2 2 0.086760 0.134068 0.403668 0.129535 0.245970
4 2 0.087987 0.131020 0.317516 0.105605 0.357872
2 2 0.103464 0.246395 0.354815 0.009650 0.285675
4 2 0.153832 0.221290 0.268077 0.015586 0.341216
2 2 0.087612 0.181028 0.361646 0.031575 0.338139
2 2 0.051300 0.103190 0.507919 0.224823 0.112768
2 2 0.071805 0.080941 0.361544 0.352776 0.132935
2 3 0.057768 0.084739 0.456558 0.355980 0.044956
2 3 0.224796 0.246668 0.300048 0.017240 0.211249
4 3 0.161889 0.163496 0.177616 0.018070 0.478929
2 3 0.083839 0.128268 0.516830 0.210168 0.060895
2 3 0.074736 0.182262 0.570432 0.067301 0.105269
3 3 0.094910 0.079708 0.268015 0.370857 0.186510
2 3 0.078537 0.105548 0.456693 0.270188 0.089034
4 3 0.247367 0.123379 0.135211 0.060930 0.433112
0 3 0.352120 0.115628 0.135795 0.121884 0.274573
2 3 0.164686 0.141830 0.361075 0.223551 0.108857
0 3 0.313598 0.201154 0.222898 0.039753 0.222597
2 3 0.071227 0.101671 0.446591 0.298070 0.082441
3 3 0.037018 0.037684 0.358506 0.555152 0.011641
2 3 0.211048 0.208491 0.351438 0.085930 0.143093
2 3 0.196358 0.191499 0.300958 0.084525 0.226661
2 3 0.070840 0.090632 0.427040 0.356346 0.055142
3 3 0.077293 0.078790 0.267816 0.450431 0.125670
3 3 0.056045 0.038397 0.218194 0.596405 0.090959
2 3 0.153510 0.141329 0.273207 0.162781 0.269174
3 3 0.148808 0.057075 0.180093 0.312649 0.301374
0 3 0.366903 0.163952 0.192226 0.060447 0.216472
0 3 0.366057 0.134667 0.171387 0.152259 0.175631
2 3 0.242508 0.145386 0.270916 0.175597 0.165592
2 3 0.177649 0.151903 0.267276 0.136055 0.267117
3 3 0.098952 0.077272 0.255716 0.480216 0.087845
2 3 0.173952 0.177206 0.495083 0.113079 0.040680
2 3 0.212591 0.122763 0.276090 0.274810 0.113745
3 3 0.155628 0.093794 0.263093 0.327619 0.159866
3 3 0.094679 0.044641 0.170921 0.567368 0.122391
4 3 0.282664 0.150948 0.177835 0.082670 0.305882
2 3 0.142144 0.171314 0.413624 0.140291 0.132628
2 3 0.265384 0.222900 0.309236 0.037658 0.164823
2 3 0.253087 0.157202 0.297680 0.169324 0.122708
2 3 0.206170 0.140297 0.267312 0.211226 0.174995
3 3 0.043424 0.056394 0.368221 0.500884 0.031077
2 3 0.182257 0.230608 0.356916 0.040695 0.189524
0 3 0.245028 0.150343 0.232660 0.191386 0.180583
3 3 0.045659 0.063137 0.409484 0.450656 0.031064
3 3 0.122431 0.082520 0.309263 0.427540 0.058246
2 3 0.209846 0.153680 0.383661 0.175665 0.077148
3 3 0.117400 0.064904 0.236415 0.438167 0.143114
2 3 0.069335 0.132545 0.556993 0.175022 0.066106
0 3 0.270271 0.140545 0.259426 0.222482 0.107276
2 3 0.055992 0.102872 0.451090 0.250394 0.139652
0 3 0.289459 0.158688 0.276471 0.145670 0.129711
2 3 0.262508 0.194976 0.328527 0.111969 0.102021
3 3 0.043695 0.028903 0.160997 0.695007 0.071397
2 3 0.039503 0.078240 0.432469 0.316035 0.133753
3 3 0.175027 0.070853 0.264275 0.450458 0.039386
0 3 0.288808 0.116519 0.201776 0.250560 0.142337
3 3 0.049433 0.027717 0.154880 0.723315 0.044654
3 3 0.118856 0.090569 0.300840 0.420842 0.068892
2 3 0.084103 0.098957 0.347516 0.315048 0.154376
2 3 0.076462 0.101539 0.383098 0.320165 0.118735
3 3 0.063017 0.058212 0.346999 0.510167 0.021605
3 3 0.020241 0.010250 0.092303 0.858661 0.018545
2 3 0.222544 0.181451 0.310518 0.085883 0.199603
4 3 0.216482 0.147816 0.221902 0.100290 0.313509
3 3 0.025589 0.042683 0.337647 0.560825 0.033256
4 3 0.293673 0.147252 0.175448 0.061456 0.322171
3 3 0.091761 0.052664 0.207883 0.474960 0.172731
3 3 0.092237 0.084960 0.279671 0.356605 0.186528
4 3 0.213218 0.169094 0.211323 0.070753 0.335612
4 3 0.221583 0.130767 0.225284 0.109367 0.312999
3 3 0.141607 0.079170 0.230263 0.364046 0.184915
3 3 0.112010 0.067012 0.235205 0.490808 0.094966
3 3 0.144670 0.048972 0.180349 0.608485 0.017523
0 3 0.358434 0.171562 0.258852 0.133922 0.077230
3 3 0.130648 0.085584 0.328008 0.422599 0.033161
0 3 0.427838 0.128754 0.159843 0.153391 0.130174
0 2 0.316246 0.180491 0.205811 0.066744 0.230707
2 2 0.096534 0.146826 0.492355 0.127392 0.136893
2 2 0.064574 0.215291 0.523055 0.016996 0.180084
2 2 0.075165 0.233212 0.569051 0.013742 0.108831
4 2 0.224248 0.161021 0.227472 0.137986 0.249272
0 2 0.397248 0.161380 0.198784 0.116312 0.126276
2 2 0.080593 0.174407 0.547121 0.059629 0.138250
4 2 0.132139 0.157091 0.224653 0.041994 0.444123
2 2 0.045502 0.115895 0.639787 0.132184 0.066632
2 2 0.047232 0.174739 0.613400 0.032768 0.131861
2 2 0.076015 0.219795 0.381415 0.009695 0.313080
2 2 0.047215 0.162576 0.557477 0.037405 0.195326
4 2 0.072185 0.236268 0.300168 0.002906 0.388473
4 2 0.073210 0.240613 0.292773 0.002550 0.390853
4 2 0.072185 0.241840 0.296595 0.002491 0.386889
4 2 0.056343 0.207528 0.309705 0.002756 0.423667
4 1 0.054875 0.208757 0.355044 0.004415 0.376909
4 1 0.063813 0.185374 0.350302 0.008916 0.391595
2 1 0.050362 0.155847 0.542695 0.037028 0.214067
2 4 0.023506 0.119737 0.612490 0.037328 0.206939
2 4 0.052806 0.141526 0.637356 0.066221 0.102090
2 4 0.039055 0.132550 0.579742 0.051674 0.196978
2 4 0.065064 0.114659 0.476778 0.146993 0.196506
2 4 0.043090 0.151820 0.490042 0.028769 0.286279
2 4 0.072351 0.182930 0.483238 0.041581 0.219900
0 4 0.250698 0.127986 0.221843 0.152989 0.246485
4 4 0.089736 0.155917 0.220653 0.008664 0.525030
2 4 0.034472 0.109087 0.517667 0.056157 0.282617
2 4 0.036433 0.123359 0.543250 0.070723 0.226235
2 4 0.129430 0.219589 0.394924 0.033022 0.223034
0 4 0.400008 0.136853 0.177088 0.163869 0.122182
2 4 0.056608 0.169669 0.550293 0.037862 0.185567
2 4 0.038589 0.144576 0.599119 0.041805 0.175911
2 4 0.032896 0.128500 0.562564 0.049375 0.226666
4 4 0.216772 0.122992 0.119377 0.029560 0.511298
3 4 0.268109 0.101661 0.203370 0.314295 0.112565
3 4 0.012833 0.028499 0.422750 0.518497 0.017421
2 4 0.081222 0.100153 0.395216 0.293914 0.129496
2 4 0.082754 0.153543 0.521775 0.123691 0.118237
2 4 0.125318 0.160405 0.543302 0.130329 0.040647
2 4 0.048243 0.148789 0.677324 0.055794 0.069849
2 4 0.064480 0.176456 0.554327 0.052706 0.152031
2 4 0.027258 0.092311 0.683878 0.150004 0.046549
2 0 0.031696 0.108262 0.698318 0.087953 0.073771
2 1 0.070287 0.154382 0.524360 0.106488 0.144483
3 4 0.124875 0.055393 0.203016 0.588327 0.028388
0 4 0.245972 0.156284 0.226442 0.168266 0.203036
2 4 0.046260 0.081881 0.450794 0.320005 0.101059
2 4 0.051380 0.181485 0.428262 0.011365 0.327508
2 4 0.189493 0.180414 0.344899 0.099405 0.185790
2 0 0.151030 0.142131 0.493473 0.169863 0.043502
2 1 0.066522 0.119174 0.518976 0.142763 0.152565
2 1 0.020477 0.088249 0.671955 0.128169 0.091151
2 1 0.057851 0.151641 0.579999 0.063350 0.147158
0 1 0.442642 0.078249 0.075557 0.081016 0.322535
0 1 0.462986 0.164181 0.181138 0.077996 0.113698
2 4 0.094830 0.115400 0.486025 0.245248 0.058497
2 4 0.079604 0.160349 0.525805 0.106956 0.127286
3 4 0.170545 0.061090 0.191558 0.532452 0.044355
2 4 0.150481 0.232520 0.507707 0.042412 0.066880
0 4 0.292000 0.186387 0.252485 0.094487 0.174641
0 4 0.630165 0.047234 0.036614 0.051550 0.234436
2 4 0.062526 0.109117 0.536340 0.228227 0.063790
2 4 0.191725 0.120603 0.346269 0.247819 0.093584
2 4 0.193821 0.146346 0.395866 0.211243 0.052725
2 4 0.109226 0.097681 0.413997 0.344934 0.034161
3 4 0.168242 0.054988 0.206319 0.556834 0.013617
2 4 0.064118 0.168851 0.603296 0.045591 0.118144
2 4 0.079208 0.160252 0.451947 0.045673 0.262920
2 4 0.024277 0.082111 0.653273 0.180218 0.060122
2 4 0.041609 0.107821 0.670646 0.126779 0.053144
2 4 0.062029 0.134410 0.694702 0.069073 0.039786
3 4 0.273492 0.086078 0.192655 0.365170 0.082605
2 4 0.070389 0.131175 0.566807 0.142478 0.089150
2 4 0.033344 0.140197 0.683773 0.039996 0.102689
2 4 0.031284 0.128475 0.673645 0.046711 0.119884
2 4 0.039307 0.139459 0.666056 0.052894 0.102284
2 4 0.023963 0.104095 0.643602 0.082471 0.145869
2 4 0.024958 0.112261 0.717036 0.062352 0.083393
2 4 0.031605 0.138517 0.687253 0.032475 0.110150
4 4 0.206213 0.083597 0.111828 0.070684 0.527679
3 4 0.203294 0.109991 0.236047 0.320462 0.130206
2 4 0.084404 0.153839 0.450060 0.077013 0.234684
2 4 0.031694 0.102642 0.697079 0.119089 0.049496
2 4 0.086784 0.094686 0.377745 0.189148 0.251637
3 4 0.222477 0.059318 0.152957 0.431178 0.134070
3 4 0.051690 0.031998 0.176959 0.718552 0.020801
2 4 0.040236 0.101013 0.596939 0.125326 0.136486
2 4 0.081881 0.153629 0.371608 0.047110 0.345772
2 4 0.027472 0.136098 0.735817 0.025309 0.075304
2 4 0.025786 0.103239 0.701686 0.091364 0.077925
2 1 0.019599 0.051791 0.504002 0.397174 0.027434
2 1 0.035143 0.091592 0.576696 0.193681 0.102888
2 1 0.059128 0.188647 0.495513 0.011358 0.245354
2 1 0.024915 0.131624 0.691685 0.033549 0.118228
2 2 0.028070 0.108350 0.689407 0.079150 0.095023
2 2 0.030292 0.149292 0.635326 0.023032 0.162058
2 2 0.021098 0.109096 0.715090 0.055657 0.099059
2 2 0.034978 0.160671 0.628964 0.022365 0.153022
2 2 0.020638 0.110280 0.753620 0.042394 0.073069
2 2 0.033563 0.150239 0.602781 0.025303 0.188114
2 2 0.030864 0.102650 0.509838 0.053179 0.303469
2 2 0.022255 0.100139 0.695669 0.081335 0.100602
2 2 0.022527 0.125801 0.749853 0.030715 0.071104
4 2 0.334185 0.073253 0.094770 0.131192 0.366600
0 0 0.560111 0.108926 0.130820 0.150026 0.050116
2 1 0.153343 0.136841 0.454167 0.215803 0.039847
2 2 0.025204 0.112805 0.672022 0.058081 0.131888
2 2 0.046908 0.103257 0.606580 0.177052 0.066203
0 0 0.476280 0.128122 0.166811 0.172377 0.056410
0 0 0.844144 0.015384 0.008232 0.018078 0.114162
0 0 0.421376 0.100188 0.164714 0.254105 0.059616
2 1 0.015286 0.038050 0.461991 0.434781 0.049892
2 1 0.030338 0.104618 0.734669 0.085733 0.044642
2 1 0.031757 0.126669 0.717201 0.056365 0.068008
3 1 0.181977 0.105515 0.249171 0.361214 0.102122
0 1 0.344814 0.149759 0.206956 0.177955 0.120516
2 1 0.037645 0.071806 0.427239 0.283664 0.179645
0 1 0.361151 0.149598 0.195522 0.118801 0.174929
0 1 0.459759 0.123525 0.150229 0.150089 0.116398
2 1 0.049571 0.110170 0.603655 0.172862 0.063743
4 1 0.076545 0.163101 0.295390 0.017565 0.447400
2 1 0.075412 0.156195 0.408704 0.056151 0.303537
2 1 0.125368 0.154698 0.420631 0.090960 0.208342
2 1 0.058684 0.161119 0.544326 0.046891 0.188980
2 1 0.128451 0.151555 0.340114 0.127025 0.252855
4 1 0.143646 0.165612 0.270088 0.044339 0.376315
2 1 0.045339 0.157810 0.608948 0.031937 0.155967
4 1 0.079248 0.198654 0.257931 0.005616 0.458550
2 1 0.050201 0.167132 0.435143 0.017188 0.330336
2 1 0.057048 0.157573 0.435493 0.036134 0.313752
2 1 0.069488 0.169873 0.397054 0.023166 0.340420
4 2 0.098586 0.230266 0.307707 0.007930 0.355511
2 2 0.068301 0.188432 0.535693 0.034982 0.172592
4 2 0.083856 0.217736 0.328676 0.008456 0.361276
2 2 0.078717 0.197461 0.385240 0.018719 0.319863
2 2 0.073722 0.153110 0.392504 0.046836 0.333827
2 2 0.178092 0.126479 0.326916 0.187054 0.181459
2 2 0.067996 0.175395 0.572655 0.055558 0.128396
3 2 0.222352 0.128809 0.240910 0.257539 0.150390
3 2 0.314020 0.080838 0.184433 0.395174 0.025535
2 2 0.026711 0.085925 0.605909 0.168760 0.112694
2 2 0.058310 0.173085 0.545947 0.043849 0.178809
2 2 0.071051 0.138449 0.516514 0.118898 0.155088
3 2 0.094969 0.064802 0.237279 0.544289 0.058662
3 2 0.017788 0.009091 0.087654 0.872192 0.013275
0 2 0.297481 0.154995 0.219521 0.173931 0.154071
4 2 0.187208 0.186368 0.255687 0.028247 0.342490
2 2 0.100616 0.171313 0.367533 0.041529 0.319009
2 2 0.140751 0.222277 0.423075 0.028854 0.185042
0 2 0.394675 0.155494 0.221175 0.153019 0.075638
0 2 0.533679 0.106711 0.144451 0.184001 0.031158
2 2 0.188222 0.148242 0.247111 0.177425 0.238999
2 2 0.108880 0.105016 0.468670 0.247241 0.070194
4 2 0.254756 0.104907 0.165163 0.189403 0.285771
2 2 0.045667 0.096077 0.461549 0.244471 0.152236
2 2 0.062587 0.076749 0.430368 0.397898 0.032397
0 2 0.305776 0.124452 0.154211 0.129209 0.286351
3 2 0.061393 0.034231 0.159026 0.621480 0.123869
3 2 0.130283 0.027694 0.118041 0.695534 0.028448
2 2 0.082140 0.123424 0.526529 0.211649 0.056258
2 2 0.049367 0.084325 0.520312 0.309051 0.036946
3 2 0.059145 0.035816 0.185071 0.690129 0.029838
2 2 0.052694 0.101435 0.500276 0.208750 0.136845
2 2 0.057038 0.161633 0.635009 0.052588 0.093732
2 2 0.087592 0.132193 0.514981 0.188449 0.076786
0 2 0.531385 0.108848 0.110763 0.088103 0.160902
3 2 0.154473 0.101344 0.299188 0.377751 0.067244
2 2 0.113621 0.263770 0.449922 0.012768 0.159919
2 2 0.083203 0.206922 0.424956 0.013524 0.271395
0 2 0.383287 0.123150 0.148245 0.136038 0.209281
3 2 0.099129 0.032574 0.185840 0.677375 0.005083
0 2 0.314497 0.118137 0.222540 0.178729 0.166098
0 2 0.505684 0.141398 0.152339 0.085057 0.115523
3 2 0.042305 0.031114 0.208648 0.701889 0.016044
2 2 0.015658 0.044674 0.570440 0.349873 0.019354
2 2 0.059083 0.133001 0.586888 0.124045 0.096983
2 2 0.024781 0.081537 0.675576 0.177138 0.040969
4 2 0.076585 0.143853 0.247410 0.014856 0.517296
2 2 0.046198 0.135434 0.517359 0.068345 0.232664
2 2 0.045770 0.160368 0.529699 0.032465 0.231698
2 2 0.027888 0.123207 0.670711 0.056711 0.121482
2 2 0.028950 0.090314 0.651416 0.169435 0.059885
2 2 0.050964 0.168270 0.511214 0.030507 0.239044
2 2 0.030195 0.097050 0.680919 0.118612 0.073224
2 2 0.031523 0.109382 0.639016 0.065552 0.154528
2 2 0.022996 0.068417 0.648138 0.229212 0.031237
2 2 0.023953 0.087776 0.656668 0.134589 0.097014
2 2 0.034445 0.132499 0.664055 0.053132 0.115869
2 2 0.049503 0.146045 0.637372 0.044237 0.122843
2 2 0.024371 0.128462 0.696560 0.034738 0.115868
2 2 0.036910 0.139775 0.596498 0.044641 0.182176
2 2 0.019893 0.082253 0.717753 0.118196 0.061905
2 2 0.032118 0.134137 0.671018 0.052412 0.110315
2 2 0.069302 0.176202 0.402950 0.027243 0.324302
2 2 0.032410 0.111232 0.661760 0.098422 0.096176
2 2 0.063682 0.143930 0.567744 0.083337 0.141306
4 2 0.245967 0.180407 0.236029 0.070775 0.266822
2 2 0.224465 0.175416 0.273894 0.138621 0.187604
0 0 0.882453 0.029511 0.026714 0.058299 0.003022
0 0 0.805946 0.046857 0.050419 0.093779 0.002999
0 1 0.496753 0.132940 0.165640 0.145177 0.059490
3 1 0.132244 0.072269 0.223476 0.483783 0.088227
0 1 0.437395 0.092269 0.112929 0.141337 0.216071
3 1 0.021839 0.025879 0.256702 0.683944 0.011636
2 1 0.138656 0.123684 0.347639 0.280273 0.109749
2 1 0.070257 0.160672 0.591303 0.074042 0.103726
2 1 0.040443 0.144384 0.642818 0.039809 0.132546
2 1 0.036067 0.088665 0.571703 0.162256 0.141310
4 4 0.078109 0.129666 0.329019 0.054320 0.408886
2 4 0.038861 0.141329 0.510304 0.034312 0.275195
2 4 0.064412 0.161952 0.436538 0.027060 0.310039
2 4 0.024143 0.082451 0.633370 0.179865 0.080171
2 4 0.104291 0.167800 0.397653 0.075511 0.254746
2 4 0.032440 0.105607 0.534844 0.080310 0.246799
4 4 0.084224 0.171362 0.327899 0.014277 0.402239
3 4 0.186805 0.066108 0.193349 0.418742 0.134996
2 4 0.044036 0.099213 0.589116 0.193643 0.073992
2 4 0.023232 0.110385 0.732080 0.070027 0.064276
2 4 0.023766 0.093398 0.723172 0.103051 0.056612
2 4 0.047470 0.155986 0.562026 0.044213 0.190305
2 4 0.027943 0.126103 0.718662 0.044118 0.083174
2 4 0.101094 0.168555 0.491909 0.119399 0.119043
2 4 0.071485 0.117373 0.530176 0.213994 0.066971
2 4 0.157652 0.169730 0.432583 0.126465 0.113570
3 4 0.045761 0.057705 0.351760 0.501474 0.043300
2 4 0.235609 0.179243 0.411402 0.093084 0.080661
2 4 0.072655 0.148010 0.588098 0.114354 0.076883
2 4 0.051003 0.083128 0.491998 0.314981 0.058889
0 4 0.416207 0.097047 0.103268 0.102761 0.280717
4 4 0.293128 0.049323 0.058327 0.089443 0.509778
0 4 0.388642 0.152498 0.202438 0.152747 0.103675
4 4 0.145338 0.146115 0.269829 0.127839 0.310879
