3 0 0.138972 0.115412 0.270011 0.430733 0.044871
0 0 0.399925 0.234649 0.179685 0.024148 0.161594
0 0 0.326897 0.103064 0.173761 0.166939 0.229339
0 0 0.615381 0.195206 0.086169 0.002266 0.100978
0 0 0.508631 0.087356 0.079826 0.020951 0.303236
0 0 0.243233 0.110434 0.219182 0.193717 0.233434
4 0 0.064130 0.142391 0.367358 0.011383 0.414737
2 0 0.030384 0.123470 0.690819 0.031684 0.123643
4 0 0.059739 0.164111 0.292663 0.004037 0.479450
2 0 0.040158 0.149503 0.571294 0.013694 0.225351
4 0 0.083985 0.130465 0.235890 0.011113 0.538547
2 0 0.201687 0.131601 0.274432 0.156171 0.236109
4 0 0.137788 0.125940 0.200132 0.033387 0.502754
0 0 0.356594 0.182421 0.135009 0.017166 0.308810
4 0 0.200824 0.083676 0.105652 0.011478 0.598370
4 0 0.118599 0.159303 0.298318 0.044055 0.379725
2 0 0.088019 0.145769 0.452931 0.057730 0.255550
4 1 0.202395 0.148604 0.125993 0.024325 0.498683
4 1 0.186168 0.153375 0.282136 0.067006 0.311316
2 1 0.060606 0.178359 0.376689 0.019422 0.364925
2 1 0.036794 0.098976 0.668454 0.072652 0.123124
2 1 0.106680 0.141551 0.354932 0.059472 0.337365
2 1 0.146542 0.177426 0.320262 0.043671 0.312099
4 1 0.165044 0.140469 0.230610 0.099770 0.364107
2 1 0.093417 0.174424 0.403694 0.054613 0.273852
2 1 0.052224 0.127914 0.541553 0.044179 0.234130
2 1 0.035124 0.118570 0.660058 0.085422 0.100826
2 1 0.038973 0.153761 0.549567 0.019415 0.238284
2 1 0.020387 0.112126 0.702206 0.051821 0.113460
2 1 0.031261 0.106588 0.712606 0.066588 0.082957
2 1 0.020116 0.111880 0.680485 0.065309 0.122210
2 1 0.025359 0.081684 0.487944 0.354445 0.050568
2 2 0.013081 0.047234 0.627031 0.295370 0.017284
2 2 0.029632 0.129111 0.637767 0.064092 0.139397
2 2 0.017484 0.102573 0.712804 0.058827 0.108312
2 2 0.013978 0.072186 0.763655 0.116297 0.033884
2 2 0.045546 0.077516 0.520271 0.300010 0.056656
2 2 0.016119 0.045698 0.562965 0.361900 0.013319
3 2 0.082930 0.088013 0.264919 0.521965 0.042174
2 2 0.030110 0.095299 0.627969 0.175974 0.070648
3 2 0.025271 0.049280 0.380407 0.534919 0.010123
2 2 0.020881 0.067683 0.606188 0.268379 0.036869
2 2 0.048350 0.080665 0.541274 0.285987 0.043724
2 2 0.034384 0.076025 0.496260 0.361626 0.031705
3 2 0.042540 0.050584 0.395144 0.486061 0.025671
2 3 0.089003 0.129257 0.420427 0.293591 0.067722
3 3 0.010684 0.011020 0.162562 0.810827 0.004906
3 3 0.150182 0.059495 0.227900 0.525673 0.036749
3 3 0.028640 0.046345 0.259121 0.654140 0.011754
2 3 0.156926 0.120064 0.449656 0.206453 0.066900
2 3 0.049522 0.102984 0.548179 0.216790 0.082526
4 3 0.154706 0.131474 0.274652 0.055566 0.383603
2 3 0.093262 0.182584 0.436823 0.046531 0.240800
2 3 0.059392 0.158145 0.408998 0.052028 0.321438
2 3 0.078668 0.137631 0.505863 0.087000 0.190839
2 3 0.121034 0.187025 0.372483 0.129684 0.189773
0 3 0.275809 0.116830 0.190458 0.179314 0.237589
4 3 0.216947 0.138678 0.226071 0.109733 0.308571
4 3 0.080669 0.144771 0.324206 0.020329 0.430025
2 3 0.143302 0.183808 0.404469 0.134164 0.134257
3 3 0.143965 0.088837 0.285972 0.351472 0.129755
3 3 0.202423 0.107285 0.249199 0.308143 0.132950
0 3 0.263918 0.211000 0.255362 0.068407 0.201314
2 3 0.167426 0.153758 0.324191 0.109329 0.245296
0 3 0.370794 0.145551 0.172080 0.079818 0.231756
2 3 0.195410 0.166599 0.343367 0.102848 0.191777
3 3 0.162889 0.115156 0.249476 0.373921 0.098558
2 3 0.214430 0.162600 0.285704 0.259884 0.077382
0 3 0.442436 0.124666 0.141231 0.055508 0.236160
3 3 0.168991 0.117372 0.211546 0.260119 0.241972
0 3 0.286009 0.224635 0.212861 0.054194 0.222301
0 3 0.389846 0.105695 0.151526 0.134185 0.218748
0 3 0.348349 0.122621 0.222106 0.173105 0.133818
4 3 0.267822 0.108393 0.159511 0.165112 0.299163
3 3 0.149182 0.075400 0.208692 0.509404 0.057321
2 3 0.125948 0.170710 0.269059 0.174273 0.260010
3 3 0.112341 0.108072 0.274642 0.459703 0.045241
0 3 0.355815 0.109156 0.178967 0.178792 0.177271
0 3 0.358690 0.229635 0.199967 0.039478 0.172230
3 3 0.135391 0.112038 0.272198 0.362738 0.117636
2 3 0.128992 0.171766 0.423648 0.156035 0.119559
2 3 0.096204 0.169821 0.524294 0.093941 0.115740
4 3 0.056596 0.177359 0.362796 0.012625 0.390623
2 3 0.065317 0.109238 0.476663 0.262090 0.086691
4 3 0.211346 0.230307 0.258897 0.033624 0.265826
4 3 0.109495 0.149672 0.174267 0.011595 0.554972
2 3 0.045595 0.113564 0.501345 0.163696 0.175800
2 3 0.038334 0.168718 0.412808 0.003845 0.376295
2 3 0.159961 0.205778 0.355051 0.067326 0.211884
4 3 0.308731 0.089640 0.132647 0.113341 0.355641
2 3 0.147755 0.167652 0.362735 0.062480 0.259378
2 3 0.082239 0.118378 0.410441 0.132867 0.256075
2 3 0.041379 0.105315 0.491087 0.269081 0.093138
2 3 0.061054 0.166356 0.490083 0.020388 0.262119
4 3 0.080533 0.147714 0.221750 0.006357 0.543645
2 3 0.121694 0.129266 0.330905 0.225014 0.193120
2 3 0.057965 0.146013 0.413724 0.074363 0.307935
4 3 0.043137 0.174980 0.381329 0.003817 0.396737
4 3 0.093970 0.206921 0.316526 0.011837 0.370745
4 3 0.055573 0.189591 0.355412 0.007636 0.391788
2 3 0.182543 0.171575 0.314269 0.039276 0.292337
0 3 0.269800 0.110331 0.259560 0.150491 0.209818
3 3 0.147256 0.090220 0.236994 0.488892 0.036638
2 3 0.233878 0.156044 0.289141 0.143269 0.177670
0 3 0.356207 0.223484 0.216513 0.051801 0.151995
2 3 0.191284 0.220116 0.288210 0.067056 0.233334
2 3 0.095560 0.103070 0.323113 0.207288 0.270969
2 3 0.148581 0.166136 0.420682 0.134308 0.130294
2 3 0.082010 0.206440 0.378839 0.024059 0.308652
3 3 0.048462 0.090425 0.370776 0.431173 0.059164
0 3 0.383685 0.108713 0.129231 0.071972 0.306398
0 3 0.368017 0.171234 0.229353 0.163207 0.068188
2 3 0.177491 0.153754 0.314376 0.280803 0.073577
3 3 0.121984 0.096306 0.243054 0.462739 0.075917
2 3 0.208876 0.189716 0.308222 0.071065 0.222120
2 3 0.085545 0.117400 0.390619 0.345364 0.061071
2 3 0.215847 0.210064 0.270442 0.101799 0.201849
0 3 0.348153 0.180374 0.181142 0.032859 0.257471
4 3 0.227581 0.151087 0.165052 0.017345 0.438934
2 3 0.051938 0.144913 0.640770 0.077824 0.084555
3 3 0.024909 0.051961 0.373508 0.536588 0.013034
2 3 0.095974 0.138573 0.431388 0.186492 0.147573
4 3 0.119571 0.189985 0.309910 0.043450 0.337084
4 3 0.156316 0.136883 0.189859 0.089286 0.427657
4 3 0.189640 0.157782 0.175482 0.020003 0.457093
2 3 0.093290 0.187229 0.441363 0.090069 0.188049
4 3 0.170997 0.171486 0.175366 0.039416 0.442734
2 3 0.051012 0.121159 0.587582 0.169905 0.070341
4 3 0.183774 0.149492 0.299126 0.058552 0.309055
2 3 0.207632 0.204808 0.322061 0.073765 0.191733
2 3 0.161644 0.154587 0.378801 0.110700 0.194268
4 3 0.219249 0.176290 0.172133 0.036687 0.395641
2 3 0.066932 0.173918 0.546936 0.054335 0.157879
4 3 0.082796 0.167188 0.314669 0.049550 0.385796
2 3 0.159888 0.164939 0.277430 0.252075 0.145668
3 3 0.038683 0.063196 0.380180 0.500907 0.017034
3 3 0.030124 0.039244 0.237482 0.686627 0.006524
3 3 0.095416 0.062950 0.216242 0.588893 0.036498
0 3 0.482321 0.130432 0.133091 0.045845 0.208311
2 3 0.138432 0.139001 0.312246 0.242054 0.168268
4 1 0.347977 0.089773 0.118634 0.092567 0.351050
0 1 0.479269 0.191463 0.131125 0.013069 0.185073
2 1 0.051871 0.143234 0.469572 0.031651 0.303672
4 1 0.134207 0.133147 0.272923 0.117188 0.342535
4 2 0.253941 0.127793 0.085052 0.008182 0.525032
4 2 0.057505 0.174243 0.374277 0.014750 0.379226
2 2 0.038995 0.126202 0.468380 0.019474 0.346949
2 2 0.036468 0.170059 0.476997 0.008429 0.308046
4 2 0.054659 0.185386 0.323700 0.004230 0.432025
4 2 0.058551 0.193142 0.271775 0.002011 0.474521
2 4 0.057267 0.119496 0.553210 0.069663 0.200364
3 4 0.050128 0.080888 0.309658 0.515120 0.044205
2 4 0.039343 0.153865 0.578789 0.051830 0.176172
2 4 0.029153 0.152989 0.597765 0.019324 0.200769
4 4 0.141653 0.075733 0.197407 0.238064 0.347143
2 4 0.146624 0.226848 0.425478 0.013937 0.187113
2 4 0.118625 0.179569 0.393409 0.047582 0.260815
0 4 0.257875 0.255692 0.228565 0.012884 0.244984
2 4 0.109196 0.202591 0.486078 0.038894 0.163242
2 4 0.052356 0.161350 0.537403 0.031681 0.217211
2 4 0.055412 0.167861 0.496826 0.014497 0.265403
2 4 0.058375 0.166427 0.506767 0.016911 0.251520
2 4 0.062856 0.141863 0.553146 0.043631 0.198502
2 4 0.031437 0.153138 0.599708 0.021346 0.194371
2 4 0.041844 0.155649 0.544913 0.021122 0.236470
2 4 0.043248 0.123627 0.575810 0.070434 0.186881
2 4 0.037003 0.147012 0.610257 0.054887 0.150841
2 4 0.049980 0.180543 0.518794 0.024336 0.226347
2 4 0.059100 0.185716 0.535950 0.037260 0.181974
2 4 0.056182 0.180896 0.429735 0.010194 0.322992
2 4 0.051088 0.153674 0.580894 0.031850 0.182494
2 4 0.045880 0.176006 0.559880 0.020849 0.197385
2 4 0.037622 0.144046 0.620824 0.050566 0.146942
2 4 0.036568 0.147505 0.624059 0.060381 0.131487
2 4 0.027637 0.084407 0.547156 0.303326 0.037474
2 2 0.017005 0.087794 0.759584 0.088586 0.047032
2 2 0.032356 0.148358 0.648637 0.020200 0.150449
2 2 0.011682 0.049975 0.669075 0.250512 0.018755
3 2 0.113262 0.031572 0.125756 0.666681 0.062729
2 2 0.176908 0.191259 0.345123 0.176001 0.110709
2 2 0.025517 0.104817 0.692981 0.104840 0.071846
2 2 0.092943 0.130443 0.453580 0.119405 0.203629
0 2 0.482180 0.079743 0.128140 0.123289 0.186647
2 2 0.169434 0.228294 0.335590 0.041257 0.225425
0 2 0.489063 0.112428 0.172311 0.189430 0.036768
0 2 0.346212 0.153111 0.232080 0.182286 0.086311
0 2 0.683729 0.074052 0.093450 0.063180 0.085590
0 2 0.355665 0.130680 0.191846 0.189706 0.132103
0 2 0.386988 0.203186 0.153213 0.020240 0.236373
3 2 0.062968 0.063445 0.367576 0.474112 0.031900
2 2 0.045550 0.095457 0.671693 0.132951 0.054349
2 2 0.016113 0.075507 0.675992 0.191841 0.040547
2 2 0.041585 0.121185 0.616907 0.148135 0.072188
2 2 0.054323 0.125084 0.537434 0.058534 0.224626
2 2 0.033831 0.116946 0.706923 0.061540 0.080761
0 2 0.309370 0.148196 0.273626 0.200670 0.068137
0 2 0.437158 0.071049 0.148415 0.266177 0.077201
0 2 0.260856 0.129880 0.221745 0.182664 0.204854
3 2 0.167740 0.065483 0.204683 0.534292 0.027803
3 2 0.135455 0.071919 0.204989 0.523371 0.064267
4 2 0.063321 0.187325 0.309765 0.007302 0.432287
2 2 0.041186 0.168845 0.416072 0.006084 0.367812
4 2 0.070843 0.188700 0.296534 0.010659 0.433264
4 2 0.052250 0.167377 0.328902 0.004099 0.447371
2 2 0.045013 0.166269 0.510768 0.027817 0.250133
4 2 0.053545 0.183354 0.335573 0.004866 0.422661
4 2 0.049036 0.179346 0.358175 0.004800 0.408643
4 2 0.061940 0.191351 0.285590 0.003733 0.457386
4 2 0.088648 0.143368 0.325783 0.058334 0.383866
0 2 0.385377 0.237030 0.172639 0.015345 0.189609
2 2 0.081923 0.188530 0.370467 0.010273 0.348807
4 3 0.058975 0.180128 0.328817 0.007588 0.424492
4 3 0.059760 0.184148 0.309748 0.005324 0.441021
2 3 0.044958 0.172182 0.396644 0.006028 0.380187
4 3 0.069389 0.195310 0.330681 0.011760 0.392861
2 3 0.090841 0.212531 0.464680 0.032652 0.199296
2 3 0.088237 0.142687 0.426198 0.092084 0.250794
4 3 0.252327 0.112392 0.163392 0.162178 0.309710
4 3 0.201027 0.198179 0.257134 0.028671 0.314989
2 3 0.078943 0.197320 0.444557 0.041279 0.237901
2 3 0.076510 0.142865 0.410893 0.231673 0.138058
2 3 0.047047 0.121228 0.464406 0.222378 0.144941
2 3 0.070113 0.160034 0.515008 0.114831 0.140014
4 3 0.097715 0.191197 0.279187 0.020341 0.411560
2 3 0.105146 0.168435 0.435997 0.040406 0.250018
2 3 0.161515 0.149863 0.342256 0.223422 0.122943
2 3 0.101674 0.138995 0.372698 0.297232 0.089401
4 3 0.218516 0.170839 0.250295 0.024859 0.335491
3 3 0.130391 0.034701 0.134230 0.644648 0.056030
2 3 0.113272 0.207723 0.390808 0.026611 0.261586
2 3 0.111622 0.118329 0.397518 0.275284 0.097247
3 3 0.211042 0.143108 0.278340 0.310921 0.056590
3 3 0.083927 0.050840 0.320600 0.489259 0.055373
0 3 0.431020 0.184675 0.216674 0.100989 0.066641
4 3 0.224520 0.153001 0.193606 0.068224 0.360649
0 3 0.310522 0.147340 0.245711 0.183584 0.112843
2 3 0.124050 0.160196 0.447832 0.177866 0.090056
3 3 0.078023 0.054927 0.191227 0.626099 0.049724
0 3 0.472404 0.128798 0.165199 0.106837 0.126762
4 3 0.290360 0.097979 0.117828 0.055005 0.438828
4 3 0.290727 0.114809 0.201010 0.086929 0.306524
0 3 0.319097 0.154358 0.265897 0.190286 0.070362
0 3 0.277532 0.163053 0.240884 0.086471 0.232059
0 3 0.365114 0.107189 0.173439 0.151077 0.203180
3 3 0.179994 0.061191 0.184712 0.547526 0.026577
0 3 0.382478 0.091979 0.165216 0.250742 0.109585
3 3 0.353083 0.041439 0.116185 0.427281 0.062012
0 3 0.652654 0.026071 0.052193 0.121010 0.148071
0 3 0.410729 0.193873 0.259082 0.091280 0.045036
0 3 0.354092 0.099465 0.170663 0.234900 0.140879
4 3 0.132618 0.133766 0.200968 0.029315 0.503334
2 3 0.082972 0.188590 0.487660 0.037102 0.203676
2 3 0.099538 0.179493 0.381037 0.161493 0.178439
2 3 0.103338 0.210996 0.466457 0.036212 0.182997
2 3 0.096114 0.152194 0.428788 0.216621 0.106283
2 3 0.200516 0.231681 0.356216 0.062021 0.149566
2 3 0.120288 0.207294 0.354313 0.033663 0.284441
2 3 0.038867 0.123280 0.619161 0.145457 0.073234
4 3 0.109640 0.178256 0.320067 0.052376 0.339661
3 3 0.051600 0.088952 0.310149 0.450963 0.098337
2 3 0.138711 0.220448 0.367126 0.041299 0.232416
0 3 0.330565 0.123739 0.210562 0.088675 0.246459
3 3 0.084526 0.099122 0.239182 0.312826 0.264344
2 3 0.173138 0.182944 0.455750 0.069106 0.119062
4 3 0.230348 0.109273 0.149981 0.008944 0.501454
2 3 0.070045 0.140919 0.460648 0.173993 0.154394
4 3 0.299544 0.144901 0.115262 0.015284 0.425010
2 3 0.112742 0.159450 0.473690 0.104900 0.149218
2 3 0.053547 0.080487 0.408412 0.381661 0.075892
4 3 0.169211 0.154350 0.257280 0.105136 0.314023
2 3 0.052559 0.147021 0.622941 0.071219 0.106260
2 3 0.152693 0.144387 0.372710 0.116556 0.213655
2 3 0.132615 0.170465 0.469493 0.028747 0.198680
4 3 0.150618 0.088251 0.226881 0.243190 0.291061
2 3 0.090515 0.168780 0.338701 0.137039 0.264965
2 3 0.208788 0.152982 0.357577 0.041626 0.239028
2 3 0.183096 0.167891 0.393511 0.092518 0.162984
2 3 0.130477 0.183989 0.360313 0.161360 0.163861
2 3 0.070648 0.142166 0.519128 0.187535 0.080522
2 3 0.071446 0.148319 0.535931 0.158699 0.085605
2 3 0.090632 0.060253 0.382297 0.365946 0.100871
4 3 0.187283 0.243792 0.225257 0.017020 0.326648
2 3 0.131202 0.187234 0.334496 0.138124 0.208944
2 3 0.035009 0.091021 0.540910 0.290883 0.042176
2 3 0.190955 0.183496 0.279506 0.076887 0.269156
4 3 0.148024 0.127517 0.279625 0.082143 0.362691
2 3 0.134966 0.114642 0.296534 0.272000 0.181857
4 3 0.142563 0.207646 0.275341 0.051169 0.323281
2 3 0.060281 0.117188 0.420858 0.168732 0.232941
2 3 0.105932 0.130323 0.447581 0.171502 0.144662
4 3 0.134170 0.228156 0.282956 0.029485 0.325233
2 3 0.228744 0.167985 0.266995 0.157322 0.178955
3 3 0.244844 0.095656 0.226711 0.364162 0.068627
4 3 0.155886 0.132882 0.166906 0.024851 0.519476
2 3 0.201794 0.172987 0.283922 0.067944 0.273353
2 3 0.088540 0.122216 0.443491 0.066995 0.278758
3 3 0.114582 0.120612 0.316026 0.322138 0.126641
4 3 0.210946 0.135016 0.256443 0.057512 0.340083
2 3 0.166970 0.209262 0.406446 0.075065 0.142257
0 3 0.511681 0.115047 0.174814 0.181227 0.017231
2 3 0.118634 0.155462 0.490203 0.079985 0.155716
3 3 0.008435 0.021432 0.404805 0.554003 0.011325
2 3 0.072292 0.119465 0.578574 0.139666 0.090002
2 3 0.027403 0.064844 0.468073 0.358657 0.081023
2 3 0.028626 0.053521 0.617764 0.256697 0.043391
2 3 0.026128 0.082143 0.698414 0.152497 0.040818
3 3 0.077592 0.048120 0.267728 0.573059 0.033501
2 3 0.062066 0.094663 0.577112 0.178223 0.087937
3 2 0.054534 0.068610 0.362350 0.500738 0.013768
3 2 0.035893 0.042164 0.396856 0.512892 0.012195
0 2 0.463153 0.131288 0.194401 0.186070 0.025088
0 2 0.685497 0.017512 0.036469 0.130299 0.130223
0 2 0.844955 0.041039 0.053271 0.039567 0.021168
3 2 0.334653 0.038562 0.126181 0.496987 0.003618
0 1 0.352880 0.124087 0.265480 0.246507 0.011045
3 1 0.312371 0.064197 0.171164 0.378430 0.073838
3 1 0.062862 0.057243 0.211988 0.655661 0.012246
3 1 0.043726 0.048306 0.198786 0.697765 0.011416
0 1 0.687752 0.063394 0.105501 0.141282 0.002071
3 1 0.019019 0.025833 0.146796 0.803476 0.004877
3 1 0.097118 0.044276 0.176964 0.678400 0.003242
0 1 0.375910 0.234171 0.211861 0.033805 0.144254
2 1 0.109020 0.218839 0.471804 0.034640 0.165697
2 1 0.038225 0.159335 0.544451 0.022311 0.235677
2 1 0.037558 0.137174 0.500782 0.017678 0.306807
2 1 0.035945 0.162299 0.503731 0.012947 0.285078
2 1 0.046138 0.140938 0.585520 0.025099 0.202305
2 1 0.047122 0.133791 0.517518 0.057357 0.244212
4 4 0.064456 0.096027 0.354324 0.049833 0.435360
2 4 0.049117 0.135358 0.562425 0.051760 0.201340
2 4 0.051785 0.161258 0.410437 0.012653 0.363866
2 4 0.053265 0.121577 0.439197 0.038942 0.347019
2 4 0.038946 0.134805 0.496306 0.020792 0.309151
2 4 0.042802 0.135765 0.477498 0.021640 0.322295
2 4 0.039322 0.158406 0.522576 0.016950 0.262746
2 4 0.039841 0.149333 0.513663 0.014607 0.282556
2 4 0.048620 0.145704 0.436886 0.011579 0.357211
4 4 0.071914 0.111959 0.320367 0.036219 0.459541
2 4 0.030550 0.134118 0.590783 0.019709 0.224840
2 4 0.045122 0.167470 0.406562 0.006728 0.374118
2 4 0.030780 0.145687 0.551114 0.016823 0.255597
4 4 0.050357 0.140848 0.393965 0.009818 0.405011
2 4 0.039535 0.144387 0.477505 0.014455 0.324118
2 4 0.032897 0.165714 0.529244 0.011655 0.260490
2 4 0.044897 0.150901 0.475165 0.018429 0.310608
2 4 0.029404 0.145850 0.594844 0.023946 0.205955
2 4 0.040460 0.155180 0.458370 0.010462 0.335529
2 4 0.049109 0.125640 0.527529 0.064635 0.233087
2 4 0.045167 0.137938 0.428350 0.011775 0.376771
2 4 0.037978 0.157818 0.474814 0.009724 0.319666
2 4 0.059232 0.194259 0.471660 0.011067 0.263781
2 4 0.059259 0.069807 0.450306 0.327107 0.093521
4 4 0.419918 0.029334 0.038848 0.034916 0.476985
0 4 0.507441 0.041720 0.042276 0.016464 0.392099
0 4 0.513091 0.126108 0.153373 0.087919 0.119509
0 4 0.334083 0.056368 0.138445 0.291381 0.179723
2 4 0.215740 0.151246 0.318375 0.169540 0.145100
4 4 0.188690 0.171351 0.252679 0.065941 0.321338
2 4 0.088661 0.207667 0.385334 0.024283 0.294054
2 4 0.038212 0.130106 0.627208 0.058711 0.145763
2 4 0.045933 0.127640 0.591385 0.077453 0.157588
4 4 0.122102 0.159770 0.299962 0.020489 0.397677
2 4 0.087202 0.120145 0.484819 0.133425 0.174409
2 1 0.026459 0.115493 0.715242 0.041236 0.101570
2 1 0.056777 0.121427 0.542666 0.129698 0.149432
2 1 0.032538 0.135095 0.679100 0.047890 0.105376
2 2 0.026971 0.105288 0.706161 0.100536 0.061044
2 2 0.046116 0.164432 0.605064 0.033887 0.150501
2 2 0.021619 0.105370 0.733870 0.069874 0.069267
2 2 0.039485 0.128972 0.582751 0.040868 0.207925
2 2 0.032260 0.129788 0.628154 0.088153 0.121644
2 2 0.017943 0.102252 0.754863 0.045491 0.079452
2 2 0.044247 0.164077 0.595848 0.022450 0.173379
2 2 0.036094 0.135176 0.646761 0.045783 0.136186
2 2 0.027027 0.101299 0.683016 0.105913 0.082746
2 2 0.024982 0.097009 0.693991 0.130447 0.053570
2 2 0.050463 0.136710 0.535486 0.044183 0.233159
2 2 0.024480 0.111438 0.733118 0.063310 0.067653
2 2 0.021308 0.074955 0.700623 0.175433 0.027681
2 2 0.088286 0.167872 0.541976 0.039674 0.162193
2 2 0.039807 0.134518 0.708468 0.034723 0.082484
2 2 0.047820 0.177267 0.555659 0.021972 0.197282
2 2 0.051763 0.154114 0.627650 0.027974 0.138500
2 2 0.030105 0.119353 0.634755 0.055378 0.160409
0 2 0.557518 0.095920 0.151140 0.178577 0.016846
0 1 0.392476 0.129615 0.223509 0.148659 0.105741
2 1 0.140501 0.170999 0.385445 0.113334 0.189721
0 1 0.481394 0.111456 0.171187 0.191065 0.044897
0 1 0.663918 0.056827 0.098527 0.164640 0.016088
0 1 0.661345 0.115115 0.137472 0.069954 0.016114
2 1 0.073030 0.124431 0.566938 0.150134 0.085467
2 1 0.051201 0.066572 0.456058 0.395573 0.030596
4 1 0.143512 0.159210 0.262008 0.028917 0.406352
2 1 0.162316 0.172515 0.363168 0.076553 0.225448
2 1 0.079502 0.111978 0.505312 0.145754 0.157454
2 1 0.047600 0.111230 0.607607 0.140085 0.093478
2 1 0.054634 0.083047 0.481240 0.293807 0.087272
2 1 0.061587 0.079818 0.482092 0.281695 0.094808
2 2 0.089684 0.128135 0.518205 0.128649 0.135327
2 2 0.029191 0.102889 0.715389 0.104639 0.047892
2 2 0.045036 0.178175 0.496398 0.021391 0.259000
2 2 0.032065 0.099264 0.571508 0.207605 0.089556
2 2 0.061845 0.162486 0.577045 0.030126 0.168498
2 2 0.055680 0.191909 0.498714 0.013921 0.239776
2 2 0.060281 0.184239 0.497185 0.022219 0.236076
2 2 0.084276 0.162430 0.375124 0.027658 0.350512
2 2 0.045969 0.167024 0.563481 0.027279 0.196248
2 2 0.057012 0.183034 0.456769 0.029270 0.273914
2 2 0.032667 0.110480 0.626764 0.146049 0.084040
2 2 0.050073 0.123824 0.611529 0.119690 0.094884
2 2 0.115446 0.192988 0.476285 0.048892 0.166389
2 2 0.068889 0.168074 0.501877 0.050918 0.210243
2 2 0.049390 0.152193 0.462072 0.035312 0.301034
2 2 0.076752 0.171058 0.417474 0.024094 0.310622
2 2 0.044243 0.148785 0.638146 0.059536 0.109291
2 2 0.067883 0.170689 0.501357 0.042513 0.217558
2 2 0.048843 0.107746 0.537218 0.069936 0.236257
2 2 0.023741 0.087770 0.631496 0.198250 0.058744
2 2 0.077998 0.176245 0.558064 0.065774 0.121919
0 2 0.525301 0.077251 0.127466 0.188664 0.081318
0 2 0.653631 0.123129 0.123598 0.039276 0.060367
2 2 0.065417 0.133518 0.568710 0.164695 0.067659
2 2 0.119930 0.161932 0.496317 0.131630 0.090191
2 2 0.067250 0.150746 0.578787 0.123465 0.079751
2 2 0.078017 0.123615 0.480638 0.154933 0.162797
2 2 0.050501 0.146127 0.607879 0.076126 0.119368
2 2 0.205501 0.183202 0.299084 0.094098 0.218115
3 2 0.088979 0.085755 0.384446 0.403611 0.037209
3 2 0.052558 0.056525 0.374230 0.488341 0.028347
3 2 0.253701 0.096273 0.214266 0.386968 0.048792
0 2 0.322962 0.185388 0.247569 0.101339 0.142742
3 2 0.063794 0.080936 0.247592 0.559741 0.047937
2 2 0.133566 0.152637 0.491046 0.143288 0.079462
2 2 0.030292 0.087389 0.558399 0.281308 0.042612
2 2 0.113833 0.171628 0.445480 0.115791 0.153268
2 2 0.187622 0.128999 0.357163 0.226370 0.099847
3 2 0.180491 0.084220 0.193463 0.380942 0.160884
2 2 0.060293 0.147238 0.600578 0.110099 0.081792
2 2 0.046560 0.147743 0.624499 0.062227 0.118970
3 2 0.043348 0.072390 0.316961 0.524967 0.042335
2 2 0.132067 0.123783 0.386309 0.278963 0.078878
3 2 0.086081 0.090795 0.297599 0.442529 0.082996
2 2 0.075383 0.139663 0.429571 0.030636 0.324747
2 2 0.099827 0.143406 0.457719 0.143847 0.155201
2 2 0.155937 0.141485 0.326537 0.307816 0.068224
3 2 0.038560 0.042571 0.272900 0.619675 0.026295
2 2 0.119770 0.143758 0.402771 0.128864 0.204838
3 2 0.303220 0.068235 0.175594 0.336517 0.116433
0 2 0.268022 0.150302 0.264058 0.223931 0.093686
2 2 0.173619 0.131106 0.282381 0.183066 0.229827
2 2 0.064218 0.181526 0.510701 0.060142 0.183414
4 2 0.099731 0.143636 0.299157 0.066276 0.391200
4 2 0.075534 0.199750 0.356817 0.009188 0.358712
4 2 0.133105 0.138835 0.318146 0.066925 0.342989
2 2 0.136319 0.133453 0.306350 0.251628 0.172251
2 3 0.094411 0.142070 0.483998 0.192245 0.087276
4 3 0.183873 0.211587 0.216188 0.026314 0.362037
2 3 0.170888 0.162381 0.348108 0.115027 0.203595
3 3 0.083863 0.077977 0.299277 0.511668 0.027215
0 3 0.578679 0.073888 0.122981 0.183164 0.041288
0 3 0.652070 0.070729 0.105420 0.115534 0.056246
0 3 0.602715 0.206661 0.113559 0.005636 0.071430
4 3 0.198701 0.212485 0.202481 0.052585 0.333748
0 3 0.295801 0.175645 0.189009 0.072935 0.266610
2 3 0.194725 0.161337 0.247901 0.218424 0.177614
4 3 0.201041 0.222722 0.233067 0.060091 0.283079
2 3 0.036610 0.128978 0.613688 0.111456 0.109268
2 3 0.040994 0.165786 0.463225 0.014852 0.315144
2 3 0.044012 0.146370 0.524024 0.099946 0.185648
2 3 0.075081 0.175891 0.446005 0.090427 0.212596
2 3 0.088661 0.134285 0.440431 0.111489 0.225135
2 3 0.036888 0.094296 0.528005 0.294582 0.046229
2 3 0.059623 0.136262 0.518186 0.178124 0.107806
2 3 0.106374 0.146320 0.442708 0.127436 0.177162
2 3 0.108622 0.146894 0.423847 0.053973 0.266665
0 3 0.310038 0.157246 0.238968 0.130739 0.163009
2 3 0.042746 0.093403 0.577180 0.253744 0.032928
2 3 0.127262 0.149505 0.402312 0.223007 0.097913
3 3 0.176165 0.112579 0.221055 0.248285 0.241916
3 3 0.063838 0.078190 0.246999 0.578660 0.032313
4 3 0.115843 0.168475 0.305636 0.034450 0.375596
2 3 0.060311 0.152201 0.513996 0.114997 0.158495
4 3 0.101175 0.216861 0.304475 0.006844 0.370644
2 3 0.124102 0.161793 0.330278 0.231216 0.152611
2 3 0.070287 0.162486 0.429788 0.094101 0.243339
4 3 0.249202 0.097638 0.112375 0.046157 0.494628
2 3 0.145318 0.105840 0.330397 0.283108 0.135338
2 3 0.124735 0.132447 0.398582 0.204758 0.139477
0 3 0.425344 0.122450 0.134179 0.057289 0.260738
4 3 0.159994 0.185847 0.286482 0.031722 0.335955
4 3 0.217716 0.241054 0.253343 0.023581 0.264307
4 3 0.080830 0.168146 0.313373 0.016816 0.420834
2 3 0.041782 0.155788 0.464629 0.016111 0.321691
4 3 0.108078 0.121357 0.162323 0.005476 0.602766
4 3 0.152447 0.126419 0.230579 0.105096 0.385460
2 3 0.090971 0.103312 0.397553 0.378589 0.029574
4 3 0.276813 0.189009 0.154435 0.026118 0.353625
4 3 0.244709 0.139670 0.249375 0.098466 0.267782
0 3 0.315404 0.163340 0.270019 0.158961 0.092277
0 3 0.370419 0.154823 0.194255 0.119201 0.161302
2 3 0.106598 0.097447 0.414534 0.314534 0.066887
2 3 0.144174 0.131623 0.409981 0.199701 0.114522
4 3 0.253430 0.205428 0.186655 0.012643 0.341844
4 3 0.136538 0.149106 0.256746 0.046309 0.411300
3 3 0.198609 0.054242 0.160126 0.517583 0.069440
3 3 0.049124 0.056200 0.276359 0.607486 0.010832
3 3 0.185740 0.115592 0.291618 0.311276 0.095774
2 3 0.160002 0.180252 0.329946 0.139807 0.189993
2 3 0.201742 0.224461 0.372808 0.034383 0.166607
4 3 0.120287 0.114217 0.234276 0.054956 0.476265
3 3 0.218707 0.046707 0.139280 0.499746 0.095561
2 3 0.222991 0.169538 0.240288 0.189674 0.177508
2 3 0.104398 0.203211 0.432981 0.026366 0.233044
0 3 0.505832 0.049978 0.036068 0.004988 0.403134
2 3 0.066754 0.180033 0.371206 0.029502 0.352505
2 3 0.101800 0.193934 0.392511 0.043473 0.268283
0 3 0.267056 0.112336 0.237798 0.227121 0.155689
2 3 0.195226 0.221054 0.387850 0.070060 0.125810
2 3 0.096404 0.126176 0.486945 0.167440 0.123033
2 3 0.139209 0.153352 0.375732 0.258066 0.073640
4 2 0.073331 0.145597 0.294569 0.019888 0.466614
2 2 0.052240 0.089001 0.478899 0.314462 0.065397
4 2 0.262541 0.223040 0.164197 0.019860 0.330362
4 2 0.082217 0.166306 0.235131 0.007855 0.508491
2 2 0.035743 0.088185 0.507329 0.319164 0.049580
0 2 0.274496 0.146193 0.251882 0.255638 0.071792
2 2 0.122541 0.154283 0.408409 0.093191 0.221576
2 2 0.074882 0.139981 0.488741 0.096711 0.199685
2 2 0.105572 0.177306 0.472567 0.060167 0.184388
2 2 0.253678 0.184235 0.279962 0.162639 0.119486
2 2 0.025824 0.110181 0.640722 0.127929 0.095345
4 2 0.153978 0.139276 0.226210 0.073260 0.407276
2 2 0.121878 0.219938 0.334278 0.015572 0.308335
2 2 0.078923 0.103365 0.454068 0.232604 0.131040
4 2 0.156069 0.113805 0.286683 0.130852 0.312591
2 2 0.085936 0.199956 0.463627 0.020661 0.229821
4 2 0.077249 0.186568 0.266780 0.009331 0.460071
2 2 0.075551 0.137451 0.505112 0.110563 0.171323
2 2 0.122087 0.202147 0.351109 0.046741 0.277917
0 2 0.341598 0.179728 0.184499 0.061788 0.232387
4 2 0.127960 0.180871 0.272531 0.025242 0.393396
2 2 0.072205 0.193489 0.478464 0.018233 0.237609
2 2 0.127117 0.190431 0.432221 0.108597 0.141635
2 2 0.062178 0.125576 0.452461 0.270743 0.089042
2 2 0.076527 0.160370 0.520433 0.124291 0.118378
2 2 0.077323 0.080226 0.374528 0.174972 0.292950
4 2 0.337248 0.113987 0.119155 0.043802 0.385808
2 2 0.081420 0.179509 0.551511 0.027092 0.160467
4 2 0.080198 0.211430 0.321816 0.005696 0.380859
2 2 0.026232 0.098973 0.636261 0.168800 0.069734
3 2 0.009584 0.030112 0.335157 0.618398 0.006749
3 2 0.086774 0.086281 0.252347 0.544375 0.030223
3 2 0.009614 0.032272 0.445453 0.506838 0.005823
3 2 0.046450 0.094407 0.369360 0.425436 0.064347
2 2 0.018884 0.047354 0.466401 0.457739 0.009621
0 2 0.350022 0.164556 0.230963 0.189003 0.065457
2 2 0.165965 0.183621 0.405162 0.123946 0.121307
2 2 0.051084 0.154772 0.553550 0.031831 0.208764
2 2 0.068237 0.196825 0.472255 0.028411 0.234272
2 2 0.033261 0.140208 0.613075 0.067307 0.146150
2 2 0.040943 0.128559 0.544622 0.173532 0.112343
2 2 0.066501 0.091082 0.409388 0.391311 0.041718
3 2 0.037935 0.066646 0.327943 0.544119 0.023356
2 2 0.050542 0.173869 0.490420 0.048753 0.236418
2 2 0.024907 0.138683 0.604385 0.020443 0.211583
2 2 0.028811 0.148238 0.573727 0.014654 0.234571
2 2 0.044231 0.176985 0.438558 0.011624 0.328602
2 2 0.038070 0.156413 0.505110 0.027103 0.273304
2 2 0.046779 0.184015 0.488226 0.013576 0.267404
2 4 0.071394 0.199465 0.475312 0.017869 0.235959
2 4 0.065911 0.194610 0.406091 0.012671 0.320717
4 4 0.273097 0.205816 0.174174 0.028016 0.318897
0 4 0.322186 0.172653 0.202333 0.100293 0.202535
2 4 0.057710 0.193531 0.402089 0.013076 0.333593
2 4 0.058487 0.169263 0.391891 0.025835 0.354524
2 4 0.046951 0.126349 0.587950 0.114648 0.124101
4 4 0.165402 0.079024 0.169919 0.114708 0.470947
0 4 0.287916 0.222618 0.203365 0.039084 0.247016
2 4 0.063363 0.129176 0.477605 0.178255 0.151602
2 4 0.204888 0.166397 0.296904 0.059775 0.272035
2 4 0.143904 0.219843 0.340336 0.027302 0.268616
2 4 0.055163 0.150984 0.598933 0.067775 0.127145
4 4 0.154210 0.201315 0.283952 0.017879 0.342644
2 4 0.187118 0.200528 0.330495 0.057853 0.224006
0 4 0.278748 0.147768 0.241038 0.248503 0.083943
2 4 0.056927 0.145403 0.586361 0.095673 0.115636
2 4 0.113384 0.113608 0.381649 0.125283 0.266076
0 4 0.569259 0.042699 0.061067 0.065970 0.261005
2 4 0.253550 0.234082 0.319220 0.031734 0.161414
4 4 0.197742 0.108239 0.102841 0.028953 0.562226
0 4 0.362108 0.072940 0.117830 0.170094 0.277029
0 4 0.439286 0.202836 0.205808 0.063921 0.088148
0 4 0.341268 0.158116 0.195695 0.115311 0.189610
0 4 0.309621 0.097851 0.187465 0.183751 0.221312
3 4 0.139977 0.059506 0.178017 0.534187 0.088313
0 4 0.494882 0.036592 0.027485 0.004430 0.436611
4 4 0.231020 0.187478 0.113222 0.007748 0.460532
4 4 0.060147 0.189248 0.307849 0.005031 0.437725
4 4 0.079569 0.186524 0.336700 0.031282 0.365924
3 4 0.160535 0.069392 0.205867 0.544967 0.019240
0 4 0.419581 0.064297 0.071761 0.029607 0.414754
3 4 0.162246 0.065103 0.213214 0.495890 0.063547
3 4 0.222600 0.073336 0.193610 0.344776 0.165678
0 4 0.342088 0.182550 0.126089 0.013048 0.336224
4 4 0.083267 0.102060 0.351037 0.056306 0.407330
2 4 0.029380 0.102398 0.686346 0.101938 0.079938
2 4 0.029996 0.122416 0.691182 0.056094 0.100311
2 4 0.043315 0.117877 0.586558 0.063023 0.189227
2 4 0.075400 0.107169 0.552399 0.165838 0.099194
3 4 0.107445 0.103988 0.366906 0.380224 0.041438
2 4 0.033738 0.097603 0.610799 0.192568 0.065292
2 4 0.056678 0.086066 0.522877 0.107008 0.227371
2 4 0.042673 0.136969 0.602804 0.078606 0.138948
2 4 0.047143 0.122744 0.561474 0.209740 0.058900
2 4 0.066567 0.164869 0.506970 0.021908 0.239686
2 4 0.046677 0.116298 0.542723 0.134319 0.159983
2 4 0.031756 0.131460 0.596319 0.028448 0.212018
2 4 0.034924 0.120104 0.614526 0.050159 0.180287
2 4 0.034818 0.131901 0.626090 0.047592 0.159599
4 4 0.134651 0.144946 0.306663 0.044427 0.369312
0 4 0.752575 0.037830 0.069313 0.135687 0.004595
0 4 0.818950 0.021527 0.042944 0.113424 0.003155
0 4 0.280576 0.204535 0.236820 0.109587 0.168483
2 4 0.051446 0.137556 0.586541 0.044177 0.180280
2 4 0.045396 0.109908 0.611589 0.074847 0.158260
2 4 0.036755 0.140052 0.678499 0.052110 0.092585
2 4 0.077700 0.200796 0.533514 0.024171 0.163819
2 4 0.018544 0.084808 0.709774 0.138499 0.048375
2 4 0.130031 0.181108 0.433378 0.096853 0.158629
4 4 0.090273 0.140438 0.356664 0.048688 0.363937
2 4 0.015662 0.082543 0.700282 0.153752 0.047760
2 4 0.040572 0.105965 0.591251 0.130788 0.131423
2 4 0.054211 0.128074 0.487978 0.029093 0.300643
2 4 0.017196 0.065563 0.515688 0.371145 0.030408
2 4 0.037738 0.088884 0.626487 0.182827 0.064064
2 4 0.041279 0.134329 0.559856 0.084801 0.179734
2 4 0.047591 0.127944 0.624050 0.097571 0.102845
2 4 0.040031 0.108680 0.683658 0.098193 0.069438
2 4 0.051780 0.114013 0.596832 0.090254 0.147121
0 4 0.376774 0.239035 0.175445 0.020791 0.187955
3 4 0.138884 0.118951 0.321124 0.376265 0.044776
2 4 0.101242 0.131782 0.407427 0.059019 0.300529
2 4 0.070986 0.154471 0.563463 0.055319 0.155761
0 4 0.322159 0.106378 0.181503 0.238410 0.151551
0 4 0.541066 0.186996 0.175137 0.042706 0.054094
2 1 0.035934 0.122598 0.593791 0.143187 0.104491
3 1 0.039434 0.061253 0.315748 0.553919 0.029645
2 1 0.131716 0.156081 0.418460 0.054903 0.238839
2 1 0.014248 0.045735 0.584679 0.332878 0.022459
2 1 0.039600 0.112440 0.516532 0.222310 0.109119
4 1 0.062784 0.154344 0.347177 0.007804 0.427890
2 1 0.088652 0.206194 0.430406 0.026870 0.247878
4 2 0.053268 0.191730 0.335696 0.003930 0.415376
2 2 0.048978 0.177838 0.416563 0.014172 0.342448
4 2 0.062667 0.188057 0.322720 0.008668 0.417888
2 2 0.075919 0.204473 0.385994 0.008361 0.325254
2 2 0.045186 0.171561 0.462519 0.024595 0.296139
4 2 0.068335 0.137898 0.243703 0.004683 0.545381
2 2 0.047757 0.177224 0.491810 0.018324 0.264885
2 2 0.033006 0.144569 0.596574 0.048909 0.176942
4 2 0.065476 0.187433 0.327283 0.012494 0.407314
2 2 0.028315 0.120858 0.650234 0.072280 0.128313
4 2 0.058847 0.158977 0.298468 0.004847 0.478860
2 2 0.033694 0.169307 0.503948 0.008887 0.284164
2 2 0.071011 0.195301 0.433807 0.019932 0.279949
2 2 0.080674 0.169289 0.491097 0.073114 0.185826
4 2 0.126768 0.217863 0.253288 0.013261 0.388820
2 2 0.048308 0.146071 0.458994 0.031912 0.314715
2 2 0.076824 0.176697 0.516036 0.063848 0.166595
2 2 0.029256 0.112652 0.701670 0.064573 0.091848
2 2 0.055680 0.148504 0.531039 0.080137 0.184639
2 2 0.056407 0.168277 0.436104 0.089904 0.249307
2 2 0.073338 0.138210 0.420340 0.069703 0.298409
2 2 0.083456 0.185218 0.507577 0.053956 0.169794
2 2 0.113928 0.154433 0.354094 0.116152 0.261393
4 2 0.072215 0.155142 0.333928 0.034617 0.404097
3 3 0.073259 0.064399 0.300588 0.484987 0.076767
2 3 0.047188 0.114763 0.627539 0.137207 0.073302
2 3 0.217586 0.194646 0.282665 0.132806 0.172296
2 3 0.254931 0.132890 0.255334 0.244923 0.111922
3 3 0.031950 0.041236 0.185478 0.729771 0.011565
0 3 0.252334 0.133988 0.232227 0.212107 0.169345
3 3 0.199385 0.096758 0.215048 0.326256 0.162553
0 3 0.327357 0.153094 0.266116 0.209668 0.043764
3 3 0.104818 0.083674 0.301143 0.437638 0.072727
3 3 0.182536 0.069931 0.171634 0.400027 0.175872
0 3 0.502470 0.101252 0.136778 0.087155 0.172345
0 3 0.366200 0.105959 0.202265 0.144596 0.180980
0 3 0.371742 0.181121 0.173823 0.047690 0.225625
3 3 0.137085 0.107236 0.279564 0.437075 0.039041
0 3 0.293781 0.176460 0.200819 0.091132 0.237808
0 3 0.583700 0.162959 0.162930 0.048654 0.041758
3 3 0.331500 0.068529 0.163824 0.389614 0.046534
0 3 0.615564 0.051282 0.091214 0.176067 0.065872
3 3 0.043387 0.021732 0.119851 0.809362 0.005668
3 3 0.148893 0.083909 0.235070 0.517726 0.014403
0 3 0.564959 0.189116 0.167754 0.027743 0.050427
3 3 0.167890 0.063784 0.189505 0.466955 0.111866
0 3 0.401269 0.059514 0.132661 0.320937 0.085620
0 3 0.511394 0.070495 0.066530 0.019733 0.331848
3 3 0.103805 0.024695 0.114132 0.740606 0.016762
3 3 0.177500 0.053888 0.175347 0.579787 0.013479
0 3 0.351889 0.160337 0.231293 0.197974 0.058508
3 3 0.183429 0.042525 0.144163 0.590124 0.039759
3 3 0.249119 0.079297 0.213698 0.437716 0.020170
0 3 0.336238 0.132057 0.231900 0.270998 0.028807
3 3 0.178088 0.069579 0.206790 0.536269 0.009273
0 3 0.426829 0.156109 0.196487 0.120071 0.100504
3 3 0.134938 0.047182 0.171771 0.638277 0.007833
3 3 0.359123 0.043216 0.120611 0.429282 0.047768
3 3 0.090951 0.029954 0.127603 0.708153 0.043340
0 3 0.588875 0.043764 0.079810 0.172421 0.115130
0 3 0.545656 0.042094 0.031057 0.004674 0.376519
4 3 0.275004 0.166979 0.235076 0.037813 0.285129
4 3 0.233781 0.201584 0.138359 0.010474 0.415803
2 3 0.183846 0.161992 0.300632 0.253952 0.099578
2 3 0.117925 0.168028 0.400642 0.206215 0.107190
2 3 0.030341 0.125922 0.653670 0.081869 0.108197
2 3 0.038704 0.111555 0.537678 0.085539 0.226524
2 3 0.118708 0.212817 0.342332 0.029256 0.296887
4 3 0.060216 0.186451 0.348114 0.010345 0.394874
2 3 0.049505 0.145481 0.543835 0.032893 0.228286
4 2 0.077640 0.146126 0.267824 0.013076 0.495334
2 2 0.066432 0.189694 0.491265 0.026630 0.225980
2 2 0.029623 0.147939 0.568061 0.024803 0.229574
2 2 0.111687 0.187845 0.408291 0.011504 0.280673
2 2 0.091233 0.160438 0.525073 0.060356 0.162900
2 2 0.126297 0.223870 0.380780 0.029609 0.239444
2 2 0.025474 0.121072 0.593464 0.107995 0.151995
2 2 0.043212 0.169644 0.458827 0.017491 0.310826
2 2 0.044483 0.182169 0.466355 0.007701 0.299292
2 2 0.056184 0.169659 0.605265 0.028998 0.139894
2 2 0.033097 0.126045 0.636807 0.101851 0.102200
2 2 0.046184 0.166660 0.448242 0.018688 0.320227
2 2 0.028680 0.150394 0.602436 0.024150 0.194340
2 2 0.054127 0.178976 0.379146 0.010869 0.376882
2 2 0.031109 0.134554 0.561083 0.029020 0.244234
2 2 0.038068 0.130275 0.569111 0.084093 0.178453
4 2 0.113445 0.213469 0.302714 0.017947 0.352424
2 2 0.113778 0.196201 0.451432 0.060905 0.177684
2 2 0.046721 0.168025 0.504096 0.022535 0.258623
2 2 0.084048 0.099123 0.357899 0.281065 0.177864
2 2 0.125611 0.146199 0.372496 0.253894 0.101801
2 2 0.100213 0.117920 0.397209 0.231334 0.153324
4 2 0.083552 0.114729 0.315074 0.048013 0.438631
2 2 0.049699 0.141624 0.550684 0.062549 0.195445
2 2 0.048853 0.173556 0.523638 0.020814 0.233139
2 2 0.054438 0.183661 0.540650 0.014612 0.206640
2 2 0.059176 0.160685 0.485962 0.018640 0.275537
2 2 0.046608 0.168115 0.520844 0.023621 0.240811
2 2 0.151649 0.194117 0.382209 0.038340 0.233685
2 2 0.029580 0.075759 0.574492 0.270440 0.049729
2 2 0.034825 0.100951 0.631027 0.146318 0.086879
2 2 0.077407 0.166282 0.556066 0.107515 0.092730
2 2 0.029086 0.060390 0.534657 0.357519 0.018348
0 2 0.443635 0.129510 0.192613 0.191086 0.043156
3 2 0.017954 0.016207 0.120097 0.844374 0.001368
2 2 0.123986 0.176394 0.489427 0.044562 0.165631
2 2 0.018464 0.062862 0.635000 0.264338 0.019336
3 2 0.069384 0.033464 0.152149 0.739822 0.005181
2 2 0.071393 0.105271 0.546765 0.193999 0.082571
3 2 0.129812 0.110522 0.267333 0.447801 0.044531
2 2 0.032675 0.102054 0.659143 0.155608 0.050520
2 2 0.027795 0.088562 0.644059 0.184158 0.055425
3 2 0.022876 0.028426 0.240611 0.694646 0.013442
2 2 0.039904 0.065711 0.446541 0.433787 0.014057
2 2 0.040890 0.143820 0.567035 0.041420 0.206834
3 2 0.030967 0.046948 0.289788 0.592305 0.039992
2 2 0.040011 0.080864 0.461442 0.389516 0.028168
2 2 0.046058 0.122650 0.623475 0.097805 0.110013
2 2 0.071556 0.134973 0.534583 0.198209 0.060679
2 2 0.036720 0.149323 0.566142 0.026831 0.220983
2 2 0.028528 0.139525 0.639874 0.036261 0.155812
2 2 0.041288 0.177051 0.432091 0.005158 0.344413
2 4 0.049406 0.182631 0.461727 0.015798 0.290439
2 4 0.061117 0.144357 0.410832 0.017791 0.365904
4 4 0.212792 0.117103 0.106411 0.013064 0.550630
4 4 0.257577 0.155110 0.119788 0.007613 0.459911
2 4 0.101555 0.218618 0.346512 0.016006 0.317309
0 4 0.428894 0.113919 0.159607 0.141545 0.156036
2 4 0.041503 0.174473 0.460706 0.010886 0.312432
4 4 0.105759 0.145066 0.184231 0.012563 0.552382
0 4 0.448483 0.102211 0.088289 0.014904 0.346113
0 4 0.333533 0.153563 0.217862 0.188841 0.106201
0 4 0.420693 0.152406 0.138900 0.033603 0.254397
4 4 0.308472 0.120316 0.091231 0.013133 0.466848
0 4 0.349886 0.151456 0.156603 0.055090 0.286964
0 4 0.477438 0.127427 0.189747 0.184198 0.021190
4 4 0.382984 0.063935 0.085554 0.072444 0.395083
4 4 0.149891 0.174946 0.083481 0.002259 0.589423
4 4 0.063596 0.192062 0.293450 0.004379 0.446514
4 4 0.170175 0.124897 0.177445 0.023950 0.503533
2 4 0.169065 0.155119 0.266308 0.246198 0.163310
4 4 0.066202 0.169521 0.335077 0.012058 0.417142
4 4 0.147443 0.107903 0.090431 0.008495 0.645728
2 4 0.104704 0.135299 0.517595 0.108053 0.134349
4 4 0.071418 0.157216 0.311821 0.005830 0.453714
4 4 0.098278 0.148540 0.316277 0.013032 0.423874
4 4 0.106296 0.178737 0.265437 0.004095 0.445434
4 4 0.056602 0.195747 0.337773 0.003107 0.406771
0 4 0.437175 0.089174 0.059646 0.006153 0.407852
0 4 0.406902 0.133373 0.115522 0.023913 0.320289
4 4 0.190669 0.088662 0.076245 0.014531 0.629892
2 4 0.062037 0.177482 0.500064 0.028514 0.231903
0 4 0.462149 0.108489 0.167440 0.193256 0.068666
2 4 0.151975 0.156692 0.424244 0.061348 0.205741
2 4 0.060306 0.115524 0.547613 0.119848 0.156708
4 4 0.137035 0.200105 0.314473 0.033337 0.315049
4 4 0.105641 0.152914 0.302897 0.056504 0.382044
2 4 0.109170 0.214191 0.389584 0.026972 0.260083
2 4 0.103041 0.203481 0.472334 0.043902 0.177241
2 4 0.043601 0.144032 0.577233 0.072858 0.162276
2 4 0.085192 0.201357 0.492404 0.027348 0.193698
2 4 0.229093 0.185120 0.245536 0.170636 0.169615
2 4 0.035413 0.089563 0.645996 0.148260 0.080768
2 4 0.049502 0.129319 0.631735 0.067879 0.121565
