2 0 0.060712 0.101674 0.532438 0.183317 0.121859
0 0 0.981522 0.004831 0.002888 0.007934 0.002824
0 0 0.487590 0.106549 0.127475 0.177903 0.100483
2 0 0.155922 0.104945 0.451166 0.126627 0.161339
2 0 0.320940 0.167368 0.424626 0.045022 0.042044
2 0 0.170804 0.112520 0.452133 0.145408 0.119136
2 0 0.047101 0.110097 0.641298 0.096692 0.104812
2 0 0.027152 0.092333 0.661826 0.108247 0.110443
2 0 0.094043 0.154737 0.593407 0.074662 0.083152
2 0 0.080962 0.111739 0.588689 0.121358 0.097252
3 0 0.053404 0.060416 0.399180 0.454873 0.032126
0 0 0.415758 0.092678 0.142979 0.126423 0.222162
0 0 0.372346 0.170362 0.168849 0.026497 0.261946
2 0 0.038143 0.059353 0.563361 0.301053 0.038090
2 0 0.027790 0.066352 0.596459 0.215058 0.094340
2 0 0.021858 0.084091 0.702809 0.123850 0.067392
2 0 0.014647 0.044062 0.599661 0.323275 0.018355
2 0 0.021049 0.059749 0.574931 0.283785 0.060486
2 0 0.015610 0.059733 0.728576 0.173497 0.022584
2 0 0.033551 0.073590 0.613777 0.204669 0.074413
2 0 0.065455 0.110701 0.510577 0.109271 0.203996
2 0 0.049083 0.100594 0.545315 0.159084 0.145925
2 0 0.075318 0.135842 0.511288 0.069657 0.207895
2 0 0.036645 0.085815 0.674251 0.145733 0.057555
2 0 0.010054 0.045871 0.564247 0.357527 0.022301
2 0 0.014191 0.064423 0.707646 0.179597 0.034143
2 1 0.016796 0.066258 0.705524 0.165881 0.045541
3 1 0.016825 0.025992 0.252155 0.686001 0.019027
2 1 0.065073 0.142135 0.527712 0.079316 0.185764
2 1 0.023750 0.066259 0.672731 0.202539 0.034722
2 1 0.057111 0.120069 0.543292 0.092653 0.186874
2 1 0.034992 0.078624 0.655621 0.150431 0.080333
2 1 0.022084 0.102114 0.702267 0.056060 0.117475
2 1 0.029108 0.093401 0.711313 0.094119 0.072059
2 1 0.012568 0.064262 0.743592 0.130352 0.049226
2 1 0.017396 0.052522 0.588431 0.308426 0.033225
2 1 0.011229 0.037415 0.574995 0.354345 0.022016
2 1 0.030312 0.074178 0.638601 0.194535 0.062374
2 1 0.025231 0.089823 0.717013 0.081404 0.086528
2 1 0.021508 0.079425 0.709641 0.118416 0.071010
2 1 0.017444 0.079652 0.718485 0.092317 0.092101
2 1 0.021686 0.087131 0.742399 0.084505 0.064279
2 1 0.026403 0.096815 0.687151 0.096429 0.093202
2 1 0.018920 0.073863 0.709780 0.123829 0.073608
2 2 0.017164 0.063596 0.708787 0.168876 0.041578
2 2 0.018114 0.072124 0.695308 0.147334 0.067120
2 2 0.019028 0.075101 0.749688 0.119691 0.036492
2 2 0.012982 0.057556 0.712414 0.180035 0.037012
2 2 0.011220 0.067765 0.780298 0.104199 0.036518
2 2 0.018677 0.070563 0.720069 0.128100 0.062592
4 2 0.111254 0.168964 0.323691 0.039426 0.356665
4 2 0.101343 0.132059 0.167409 0.023410 0.575778
2 2 0.129759 0.207748 0.328242 0.034558 0.299693
2 2 0.108910 0.158132 0.518980 0.152317 0.061661
2 2 0.147498 0.249586 0.357921 0.033630 0.211365
3 2 0.116248 0.085332 0.238692 0.477007 0.082721
4 2 0.240343 0.162488 0.177538 0.043788 0.375843
2 2 0.186526 0.164968 0.294962 0.063498 0.290045
2 2 0.138069 0.201073 0.319944 0.023948 0.316966
0 2 0.305585 0.235297 0.284658 0.026344 0.148116
4 2 0.165245 0.125359 0.194376 0.084274 0.430745
2 2 0.100057 0.183942 0.450054 0.053107 0.212841
4 2 0.138649 0.195507 0.243755 0.024007 0.398082
2 2 0.087545 0.150138 0.523516 0.169941 0.068860
4 2 0.242604 0.179680 0.202556 0.046858 0.328302
4 2 0.255630 0.208049 0.229461 0.025312 0.281548
2 2 0.236622 0.168791 0.423061 0.121627 0.049899
4 2 0.290803 0.114056 0.100811 0.030432 0.463899
0 2 0.322221 0.143988 0.190711 0.191199 0.151881
3 2 0.108787 0.105620 0.307337 0.385685 0.092572
2 2 0.120217 0.172293 0.422759 0.176600 0.108131
3 2 0.189702 0.133301 0.246123 0.285452 0.145421
4 2 0.220979 0.151510 0.180044 0.098752 0.348716
0 2 0.228622 0.133384 0.216112 0.201953 0.219929
2 3 0.146399 0.195491 0.361176 0.067216 0.229717
2 3 0.133551 0.123273 0.363768 0.310676 0.068733
4 3 0.146515 0.118527 0.242953 0.139820 0.352184
4 3 0.193296 0.182337 0.249104 0.113516 0.261746
2 3 0.184374 0.169220 0.330923 0.151665 0.163817
2 3 0.057347 0.098426 0.370960 0.343583 0.129684
2 3 0.112765 0.187575 0.346504 0.124111 0.229045
3 3 0.180241 0.072232 0.193633 0.489174 0.064720
3 3 0.224361 0.134412 0.216772 0.283494 0.140961
2 3 0.044256 0.109166 0.448309 0.300720 0.097549
3 3 0.052705 0.026200 0.165483 0.734630 0.020982
3 3 0.199041 0.152418 0.229248 0.251408 0.167884
3 3 0.251469 0.087206 0.186473 0.395267 0.079586
3 3 0.213569 0.109679 0.216218 0.354656 0.105878
0 3 0.314469 0.195950 0.275019 0.083177 0.131385
2 3 0.165740 0.178729 0.314269 0.164708 0.176554
2 3 0.125875 0.143323 0.358220 0.227162 0.145421
0 3 0.248864 0.098768 0.207450 0.208679 0.236240
2 3 0.187944 0.204366 0.409694 0.095034 0.102961
4 3 0.241814 0.129102 0.128046 0.045936 0.455101
2 3 0.123551 0.144512 0.339467 0.174415 0.218054
2 3 0.193742 0.123527 0.252126 0.235994 0.194610
4 3 0.185262 0.119883 0.179401 0.089214 0.426240
2 3 0.270018 0.191276 0.301095 0.107120 0.130490
2 3 0.108567 0.129326 0.324813 0.205778 0.231516
3 3 0.172113 0.094867 0.322045 0.359333 0.051642
2 3 0.028354 0.098033 0.572999 0.195052 0.105563
3 3 0.061902 0.037404 0.183285 0.685743 0.031665
3 3 0.069122 0.075743 0.390502 0.424635 0.039999
3 3 0.059475 0.021800 0.130966 0.771152 0.016607
0 3 0.355306 0.148339 0.212189 0.136663 0.147503
2 2 0.063339 0.144664 0.627676 0.118935 0.045387
3 0 0.197155 0.086558 0.206602 0.429910 0.079775
0 0 0.248060 0.153108 0.200352 0.165502 0.232978
0 0 0.600311 0.085643 0.094774 0.142731 0.076541
3 0 0.060870 0.022970 0.146747 0.751107 0.018306
2 0 0.325397 0.241086 0.327705 0.031808 0.074005
4 0 0.348585 0.053627 0.029614 0.004008 0.564166
4 0 0.242855 0.193967 0.220234 0.037152 0.305792
2 1 0.064622 0.172986 0.479295 0.049801 0.233296
2 1 0.048469 0.124667 0.484446 0.097475 0.244943
0 1 0.339702 0.115346 0.173404 0.259630 0.111918
3 0 0.083593 0.040418 0.174663 0.667139 0.034186
0 0 0.519282 0.106292 0.110444 0.094884 0.169097
0 0 0.758275 0.058260 0.057423 0.082589 0.043452
4 0 0.338651 0.114531 0.102953 0.038608 0.405258
0 0 0.455400 0.083942 0.061498 0.018738 0.380422
2 0 0.224149 0.220210 0.339195 0.054729 0.161717
0 0 0.331072 0.096623 0.237911 0.240115 0.094279
0 0 0.351066 0.129826 0.171013 0.217265 0.130829
2 0 0.105759 0.123946 0.449369 0.249923 0.071003
0 0 0.453823 0.150770 0.126109 0.010582 0.258717
2 0 0.186685 0.242623 0.341757 0.044971 0.183964
2 0 0.156526 0.152516 0.350279 0.099120 0.241559
0 0 0.341015 0.146324 0.162638 0.087636 0.262387
4 0 0.201620 0.121497 0.135697 0.027844 0.513343
4 0 0.146408 0.137774 0.132827 0.013382 0.569610
2 0 0.070417 0.150302 0.478901 0.061594 0.238787
4 0 0.047005 0.162211 0.180061 0.002473 0.608250
4 0 0.050083 0.168203 0.218539 0.003301 0.559874
2 1 0.069666 0.177669 0.397681 0.020456 0.334529
4 1 0.031797 0.170281 0.316439 0.007375 0.474107
2 1 0.057356 0.155597 0.422750 0.082565 0.281732
2 1 0.048699 0.140001 0.486796 0.094197 0.230307
2 2 0.022738 0.137849 0.665890 0.064484 0.109039
4 2 0.031771 0.132779 0.295737 0.011316 0.528397
4 2 0.045513 0.157207 0.200345 0.005698 0.591237
2 2 0.107105 0.215511 0.442334 0.048661 0.186389
3 2 0.014836 0.047582 0.406173 0.481760 0.049649
2 2 0.033123 0.121122 0.498179 0.159902 0.187674
2 2 0.046151 0.172470 0.614651 0.052972 0.113755
4 2 0.117326 0.219236 0.322792 0.014551 0.326096
2 2 0.016933 0.073063 0.651241 0.229054 0.029710
2 2 0.008598 0.050345 0.611437 0.305998 0.023622
3 2 0.006889 0.036383 0.452086 0.477766 0.026876
2 2 0.017532 0.062448 0.558551 0.331830 0.029640
2 2 0.114326 0.120010 0.334564 0.161440 0.269660
2 2 0.157699 0.219696 0.403583 0.039699 0.179323
2 2 0.070519 0.152971 0.461179 0.102768 0.212564
4 2 0.156880 0.176474 0.220813 0.052139 0.393694
2 2 0.044219 0.116394 0.598259 0.194460 0.046669
2 2 0.073417 0.178461 0.454457 0.049056 0.244609
2 2 0.035642 0.092625 0.507054 0.311775 0.052904
2 2 0.057581 0.103601 0.411566 0.322436 0.104816
2 2 0.066854 0.169142 0.451069 0.063971 0.248963
2 2 0.070697 0.164369 0.455039 0.122241 0.187654
2 2 0.019463 0.062618 0.441762 0.422951 0.053207
2 2 0.083144 0.186636 0.395415 0.036794 0.298012
2 2 0.268669 0.241716 0.317664 0.034272 0.137679
4 2 0.168769 0.188005 0.255106 0.085792 0.302327
2 2 0.105623 0.188795 0.423180 0.059632 0.222769
4 2 0.154858 0.099622 0.104666 0.017407 0.623448
4 2 0.076625 0.143256 0.180593 0.016801 0.582725
4 2 0.051888 0.155504 0.365283 0.034171 0.393153
2 2 0.075361 0.139158 0.403176 0.177049 0.205256
3 2 0.195874 0.095735 0.281145 0.367755 0.059491
2 2 0.230893 0.229946 0.361878 0.082090 0.095194
4 2 0.183531 0.165484 0.205627 0.078047 0.367310
2 2 0.053185 0.175327 0.445860 0.057731 0.267896
4 2 0.188328 0.220142 0.236412 0.010874 0.344244
3 2 0.036425 0.014370 0.120100 0.818967 0.010138
3 2 0.058510 0.048807 0.235407 0.604761 0.052516
2 2 0.080418 0.146340 0.351827 0.074241 0.347175
0 0 0.741132 0.041526 0.023506 0.007736 0.186100
0 0 0.545800 0.077017 0.050800 0.009555 0.316828
2 1 0.109145 0.197959 0.366797 0.020651 0.305448
2 1 0.214263 0.157696 0.307735 0.218967 0.101339
3 2 0.030510 0.010322 0.093549 0.858419 0.007200
3 2 0.070641 0.077432 0.323874 0.475750 0.052303
2 2 0.108480 0.139899 0.424414 0.254342 0.072864
3 2 0.100335 0.058411 0.203510 0.584802 0.052942
0 2 0.235732 0.158257 0.216560 0.181171 0.208280
3 2 0.201378 0.132746 0.260661 0.294502 0.110712
3 2 0.034409 0.037013 0.242235 0.655995 0.030349
2 2 0.019070 0.089960 0.610016 0.230135 0.050819
0 0 0.445206 0.114045 0.140468 0.190552 0.109729
4 0 0.189664 0.109796 0.098259 0.022155 0.580127
0 1 0.313556 0.195016 0.189695 0.014011 0.287723
2 1 0.124753 0.159513 0.322091 0.121342 0.272300
4 2 0.193745 0.185953 0.185474 0.011601 0.423226
0 2 0.342531 0.138907 0.160532 0.121775 0.236255
0 2 0.279522 0.199516 0.240854 0.050227 0.229881
3 2 0.017558 0.024704 0.201006 0.736689 0.020043
4 2 0.139147 0.193951 0.252264 0.039652 0.374987
4 2 0.156047 0.185604 0.292635 0.041127 0.324587
3 2 0.118062 0.105444 0.306668 0.331468 0.138358
4 2 0.076039 0.163886 0.323675 0.029740 0.406659
2 2 0.041387 0.131500 0.543338 0.077296 0.206478
2 2 0.026103 0.147960 0.678049 0.049810 0.098077
2 2 0.024786 0.095963 0.568978 0.244343 0.065930
2 2 0.027545 0.141375 0.687552 0.071408 0.072120
2 2 0.040620 0.125844 0.553142 0.205046 0.075348
2 2 0.017437 0.090222 0.646216 0.165407 0.080718
2 2 0.045573 0.135889 0.621592 0.144784 0.052162
2 2 0.017847 0.085331 0.674734 0.188298 0.033789
2 2 0.029295 0.101060 0.598214 0.212859 0.058573
2 2 0.047233 0.101199 0.580431 0.237578 0.033560
2 2 0.020967 0.071678 0.493287 0.365286 0.048781
2 2 0.026623 0.102373 0.617814 0.198744 0.054445
2 2 0.008293 0.037997 0.479704 0.452112 0.021893
3 2 0.013255 0.037161 0.395767 0.532797 0.021021
2 2 0.016398 0.112929 0.655144 0.070293 0.145236
2 2 0.011033 0.078962 0.748157 0.135129 0.026718
2 2 0.034276 0.112902 0.511435 0.117914 0.223473
2 2 0.031882 0.153828 0.579520 0.036448 0.198322
2 2 0.027483 0.125249 0.650744 0.058535 0.137989
2 2 0.020359 0.095526 0.603245 0.163833 0.117037
3 2 0.270021 0.128346 0.198981 0.271991 0.130661
0 2 0.424671 0.111130 0.118088 0.070664 0.275447
2 2 0.060932 0.150357 0.586887 0.079323 0.122501
2 2 0.213073 0.168389 0.442273 0.128905 0.047360
3 0 0.205818 0.127437 0.222596 0.311750 0.132399
0 0 0.567749 0.091817 0.103964 0.153104 0.083366
0 0 0.430793 0.123049 0.142831 0.145391 0.157936
0 0 0.391323 0.131006 0.151059 0.132483 0.194130
2 0 0.115557 0.121473 0.382277 0.299575 0.081118
4 0 0.292651 0.099172 0.065512 0.003720 0.538945
4 0 0.308752 0.126315 0.123186 0.052279 0.389468
3 0 0.219104 0.063662 0.171840 0.491276 0.054119
0 0 0.326336 0.155326 0.280868 0.132750 0.104719
3 0 0.119969 0.072396 0.269395 0.487739 0.050501
4 0 0.199092 0.125758 0.233622 0.136143 0.305385
4 0 0.335303 0.128466 0.128502 0.062607 0.345122
0 0 0.455188 0.119344 0.125576 0.098212 0.201680
0 0 0.420346 0.105165 0.075018 0.008216 0.391256
0 0 0.522503 0.103697 0.097009 0.063660 0.213131
2 0 0.140094 0.131453 0.300908 0.259075 0.168471
4 0 0.240455 0.110621 0.114243 0.025950 0.508731
0 0 0.306349 0.193080 0.287908 0.028638 0.184024
4 0 0.116096 0.197286 0.230822 0.006917 0.448880
4 0 0.109904 0.155330 0.179749 0.024021 0.530996
4 0 0.125783 0.137295 0.255943 0.077484 0.403494
4 0 0.163063 0.111390 0.138310 0.034304 0.552933
0 0 0.321132 0.150535 0.276754 0.104924 0.146655
4 0 0.216261 0.130334 0.121021 0.023635 0.508750
4 0 0.094891 0.075010 0.056858 0.003709 0.769533
2 0 0.135613 0.179851 0.348293 0.049096 0.287147
4 0 0.098772 0.187139 0.261494 0.012952 0.439643
4 0 0.235224 0.159767 0.189852 0.090007 0.325150
0 0 0.278740 0.107084 0.197423 0.277700 0.139053
0 0 0.362351 0.187831 0.258255 0.098426 0.093137
0 0 0.440995 0.151955 0.139559 0.021379 0.246112
2 0 0.177465 0.212959 0.318210 0.045643 0.245723
4 0 0.053205 0.136025 0.202207 0.007118 0.601444
2 0 0.062356 0.161067 0.501337 0.052737 0.222502
0 0 0.300308 0.143465 0.187059 0.187217 0.181950
0 0 0.321081 0.140919 0.159978 0.107279 0.270743
3 0 0.173823 0.101990 0.223815 0.398149 0.102224
3 0 0.209508 0.053510 0.160236 0.533023 0.043722
0 0 0.388506 0.123708 0.158556 0.206893 0.122336
0 0 0.414314 0.095309 0.149664 0.255870 0.084843
2 0 0.161434 0.121971 0.364655 0.254869 0.097072
4 0 0.185042 0.130865 0.123944 0.019720 0.540428
0 0 0.367395 0.161963 0.213618 0.073614 0.183410
4 0 0.230405 0.114787 0.197572 0.143195 0.314042
2 0 0.062955 0.119963 0.394221 0.195445 0.227416
4 0 0.154321 0.176010 0.286697 0.071810 0.311162
2 0 0.061184 0.179981 0.571374 0.054685 0.132776
2 0 0.047454 0.215370 0.462662 0.011782 0.262733
4 0 0.076857 0.154313 0.242600 0.008826 0.517404
2 0 0.037252 0.155885 0.578806 0.066398 0.161659
3 0 0.201658 0.100016 0.227075 0.378479 0.092771
3 0 0.158324 0.059957 0.184286 0.545514 0.051919
2 0 0.189245 0.182721 0.386225 0.095457 0.146352
0 0 0.402543 0.121358 0.153996 0.202914 0.119188
0 0 0.546502 0.102586 0.105877 0.101229 0.143806
4 0 0.141692 0.193273 0.263627 0.024801 0.376606
2 0 0.135256 0.131876 0.384292 0.280236 0.068341
2 0 0.064984 0.133661 0.518824 0.157433 0.125098
2 1 0.048523 0.156042 0.405482 0.014127 0.375826
2 1 0.028198 0.155900 0.535028 0.021872 0.259002
2 1 0.028152 0.124714 0.686001 0.068775 0.092358
2 1 0.055631 0.168753 0.416916 0.052500 0.306199
2 1 0.032421 0.150640 0.662996 0.071214 0.082729
0 1 0.416415 0.094363 0.145378 0.258393 0.085451
0 1 0.703741 0.057231 0.065905 0.126704 0.046420
2 1 0.043129 0.100357 0.574350 0.239965 0.042200
2 1 0.060379 0.107249 0.436558 0.292313 0.103501
2 1 0.018906 0.095767 0.742832 0.116278 0.026216
2 1 0.029133 0.154139 0.489678 0.022759 0.304291
2 1 0.029585 0.136218 0.652690 0.119511 0.061996
2 1 0.054438 0.074344 0.428446 0.402080 0.040693
3 1 0.016037 0.036356 0.428744 0.501236 0.017627
4 1 0.062037 0.169640 0.359202 0.027575 0.381546
4 1 0.036324 0.149277 0.359157 0.015203 0.440038
2 1 0.046055 0.175781 0.462887 0.029664 0.285613
4 1 0.046754 0.144761 0.215188 0.005671 0.587627
4 1 0.104895 0.145793 0.168717 0.009813 0.570782
4 1 0.073503 0.129535 0.182554 0.010173 0.604235
4 1 0.087370 0.218578 0.284826 0.007493 0.401733
4 1 0.116777 0.192760 0.211888 0.004638 0.473936
0 1 0.320175 0.182777 0.169848 0.012479 0.314721
4 1 0.152886 0.175955 0.168457 0.006463 0.496240
3 1 0.135058 0.115391 0.247792 0.380246 0.121514
2 1 0.066408 0.219568 0.375589 0.023205 0.315230
4 4 0.087677 0.155190 0.256720 0.022438 0.477976
2 4 0.066871 0.152946 0.372696 0.038296 0.369191
4 4 0.069100 0.157723 0.164589 0.003691 0.604897
2 4 0.130775 0.181959 0.301024 0.186072 0.200170
4 4 0.069370 0.154958 0.170115 0.003902 0.601655
4 4 0.194110 0.091904 0.073617 0.014302 0.626067
2 4 0.187895 0.165180 0.246718 0.208511 0.191695
0 4 0.704250 0.060782 0.066367 0.118343 0.050258
0 4 0.322175 0.134380 0.180952 0.225004 0.137489
3 4 0.069909 0.035214 0.167878 0.697555 0.029444
3 4 0.187450 0.101883 0.217997 0.392787 0.099883
3 4 0.048180 0.016526 0.115247 0.807927 0.012120
3 4 0.098379 0.031402 0.146156 0.699542 0.024521
0 4 0.371080 0.080072 0.149793 0.329627 0.069428
3 4 0.143133 0.070686 0.223223 0.507228 0.055731
4 4 0.225760 0.138525 0.208995 0.169701 0.257018
2 4 0.213763 0.188087 0.322503 0.039736 0.235911
3 2 0.024290 0.011773 0.110463 0.844963 0.008511
3 2 0.275985 0.116105 0.194972 0.294906 0.118032
4 2 0.279213 0.118732 0.109689 0.037592 0.454775
3 2 0.067734 0.069962 0.316555 0.486939 0.058810
3 2 0.060439 0.064937 0.281953 0.544897 0.047774
2 2 0.042918 0.104873 0.434760 0.328494 0.088956
4 2 0.198345 0.165327 0.277249 0.074430 0.284649
2 2 0.179950 0.233194 0.379654 0.035233 0.171969
3 2 0.072281 0.091757 0.358159 0.417481 0.060321
2 2 0.069539 0.164379 0.496057 0.094612 0.175412
4 2 0.103159 0.164147 0.279004 0.028049 0.425641
2 2 0.053055 0.143833 0.556682 0.124273 0.122156
2 2 0.217529 0.144642 0.365313 0.204838 0.067678
2 2 0.048960 0.150222 0.438173 0.122605 0.240041
2 2 0.150470 0.199268 0.392179 0.077906 0.180178
2 2 0.084068 0.227385 0.383239 0.016543 0.288765
0 2 0.304004 0.170243 0.301027 0.091101 0.133626
3 2 0.030808 0.035136 0.264849 0.640120 0.029087
2 2 0.191276 0.191781 0.396404 0.094234 0.126305
2 2 0.241816 0.174058 0.290882 0.095126 0.198119
2 2 0.115891 0.128837 0.395100 0.283101 0.077070
4 2 0.162128 0.147795 0.257767 0.100857 0.331453
2 2 0.070298 0.159693 0.531236 0.136671 0.102102
2 2 0.126393 0.143565 0.357706 0.242743 0.129594
4 2 0.125264 0.174844 0.202341 0.021346 0.476205
2 2 0.101821 0.253007 0.415270 0.019607 0.210295
2 2 0.065291 0.179591 0.398224 0.025996 0.330897
2 2 0.098349 0.207231 0.412616 0.034833 0.246972
3 2 0.103894 0.094864 0.319584 0.398503 0.083155
2 2 0.095212 0.171750 0.486667 0.131514 0.114856
2 2 0.127552 0.209879 0.346129 0.076260 0.240180
2 2 0.147422 0.224432 0.396096 0.103260 0.128790
2 2 0.135081 0.197834 0.363527 0.092437 0.211122
2 2 0.081126 0.137505 0.442260 0.253602 0.085508
2 2 0.193285 0.174264 0.450036 0.123982 0.058433
4 2 0.108717 0.175723 0.274807 0.071830 0.368922
2 2 0.176843 0.264944 0.429612 0.038719 0.089882
3 2 0.185045 0.153152 0.233770 0.257202 0.170832
4 2 0.159018 0.163026 0.253691 0.143172 0.281093
3 2 0.065373 0.036484 0.192176 0.678737 0.027230
2 2 0.103858 0.208047 0.504271 0.046722 0.137102
2 3 0.084226 0.152924 0.548448 0.157595 0.056808
2 3 0.102413 0.156464 0.434087 0.149800 0.157236
2 3 0.136095 0.142411 0.292724 0.185655 0.243115
2 3 0.093072 0.187338 0.369546 0.083753 0.266291
2 3 0.243789 0.159493 0.337749 0.180420 0.078547
2 3 0.172629 0.137451 0.443857 0.200941 0.045122
2 3 0.216789 0.175991 0.266569 0.080258 0.260393
2 3 0.099386 0.161918 0.371773 0.136589 0.230334
2 3 0.214129 0.234082 0.271936 0.017176 0.262677
3 3 0.203978 0.130537 0.227819 0.254198 0.183467
2 3 0.219187 0.238735 0.303613 0.031350 0.207115
2 3 0.135767 0.133838 0.370361 0.279555 0.080479
4 3 0.247729 0.185026 0.200155 0.032413 0.334676
4 3 0.206439 0.163278 0.201407 0.087172 0.341704
2 3 0.127061 0.223207 0.343965 0.056421 0.249346
0 3 0.387844 0.148482 0.147167 0.039521 0.276986
0 3 0.243267 0.115737 0.212102 0.229273 0.199621
4 3 0.156086 0.131893 0.186961 0.063149 0.461911
3 3 0.091848 0.057740 0.206307 0.591370 0.052735
0 3 0.422047 0.124252 0.146045 0.151397 0.156259
2 3 0.096055 0.177813 0.475507 0.155571 0.095053
2 3 0.210305 0.205742 0.285828 0.085671 0.212453
0 3 0.272518 0.130965 0.198427 0.263965 0.134125
0 3 0.262081 0.110210 0.202236 0.198529 0.226944
3 3 0.189039 0.123177 0.252551 0.315466 0.119768
3 3 0.092246 0.033598 0.154145 0.693145 0.026865
0 3 0.291023 0.137766 0.264713 0.196569 0.109928
0 3 0.397974 0.144602 0.164124 0.077609 0.215691
2 3 0.202955 0.154738 0.251537 0.224254 0.166516
2 3 0.194342 0.139954 0.303387 0.247991 0.114326
2 3 0.236378 0.241487 0.360301 0.045038 0.116797
0 3 0.410921 0.172060 0.213013 0.066070 0.137935
0 3 0.242141 0.154473 0.211557 0.188984 0.202844
2 3 0.062447 0.116066 0.486732 0.229120 0.105636
2 3 0.085103 0.130319 0.488832 0.185040 0.110706
2 3 0.079418 0.125064 0.443725 0.193988 0.157806
2 3 0.024019 0.099712 0.703772 0.143141 0.029357
2 3 0.048089 0.107085 0.486726 0.192998 0.165102
3 3 0.061468 0.086846 0.342794 0.437495 0.071398
2 3 0.060305 0.077123 0.384866 0.335638 0.142069
2 3 0.154811 0.150267 0.445444 0.146227 0.103252
2 3 0.076677 0.158707 0.587122 0.107722 0.069773
2 3 0.033460 0.089526 0.522197 0.292474 0.062343
0 3 0.259694 0.149000 0.200934 0.189164 0.201209
0 3 0.371588 0.083846 0.152017 0.318907 0.073642
2 3 0.022777 0.091981 0.598544 0.218779 0.067919
2 2 0.043412 0.137066 0.505666 0.137281 0.176576
2 2 0.039601 0.169074 0.569019 0.028491 0.193816
2 2 0.040124 0.151507 0.584357 0.051002 0.173010
2 2 0.027396 0.149986 0.599810 0.020092 0.202716
2 2 0.052860 0.171018 0.474170 0.027166 0.274785
2 2 0.046425 0.154374 0.560432 0.040556 0.198213
2 2 0.033797 0.144165 0.628904 0.063876 0.129257
2 2 0.026600 0.107827 0.621626 0.126139 0.117808
2 2 0.022404 0.146233 0.675996 0.035042 0.120324
2 2 0.029220 0.126203 0.667692 0.096236 0.080649
4 2 0.060574 0.163451 0.366745 0.026554 0.382676
2 2 0.043406 0.144918 0.596509 0.049751 0.165416
2 2 0.035908 0.179282 0.513086 0.020346 0.251378
2 2 0.041269 0.151760 0.569033 0.066048 0.171890
2 2 0.039338 0.161588 0.667679 0.072871 0.058523
2 2 0.024936 0.131657 0.680628 0.067764 0.095015
2 2 0.036527 0.133538 0.550505 0.074899 0.204531
2 2 0.031897 0.137011 0.603417 0.101685 0.125991
2 2 0.052124 0.161780 0.601330 0.065866 0.118900
2 2 0.099972 0.197160 0.552846 0.062245 0.087777
0 2 0.312173 0.143594 0.169436 0.124717 0.250081
0 2 0.401498 0.118158 0.112126 0.056410 0.311808
3 0 0.119338 0.065243 0.220672 0.518710 0.076037
0 0 0.349842 0.140977 0.188048 0.194435 0.126699
0 0 0.488294 0.155147 0.179895 0.067626 0.109038
3 0 0.135543 0.014802 0.085702 0.754596 0.009357
0 0 0.522728 0.105414 0.101729 0.073213 0.196915
0 0 0.610790 0.073904 0.054560 0.023857 0.236889
0 0 0.394945 0.097527 0.158939 0.212145 0.136444
3 0 0.164016 0.152016 0.255403 0.260901 0.167663
4 0 0.164664 0.107245 0.092145 0.012113 0.623833
2 0 0.237041 0.135405 0.244177 0.171342 0.212034
0 0 0.480468 0.107824 0.129629 0.180052 0.102027
0 0 0.587444 0.067752 0.045832 0.015495 0.283478
0 0 0.458059 0.128389 0.171401 0.152223 0.089927
0 0 0.385650 0.128775 0.135103 0.086284 0.264188
4 0 0.350562 0.130709 0.088078 0.002526 0.428124
3 0 0.210370 0.065851 0.176947 0.490135 0.056697
0 0 0.703897 0.066945 0.052939 0.035376 0.140843
0 0 0.633573 0.079229 0.085589 0.131967 0.069642
0 0 0.352329 0.137078 0.166028 0.152537 0.192028
3 0 0.198714 0.089449 0.204785 0.423007 0.084045
0 0 0.750478 0.085381 0.087853 0.033885 0.042403
0 0 0.562349 0.099559 0.099707 0.090225 0.148160
0 0 0.295817 0.119450 0.172919 0.124518 0.287297
2 0 0.214286 0.217291 0.273268 0.040516 0.254639
2 0 0.238379 0.160803 0.307256 0.198387 0.095176
4 0 0.144058 0.204015 0.251184 0.015079 0.385665
0 0 0.292847 0.172206 0.201066 0.071617 0.262264
0 0 0.303404 0.129174 0.188498 0.206231 0.172692
0 0 0.524891 0.088093 0.069453 0.029218 0.288345
4 0 0.144181 0.131398 0.258445 0.099411 0.366565
0 0 0.350531 0.089676 0.160748 0.318519 0.080526
0 0 0.354546 0.081504 0.154787 0.337972 0.071191
3 0 0.193781 0.044224 0.158304 0.572372 0.031319
0 0 0.455630 0.089025 0.133291 0.242908 0.079146
4 0 0.312641 0.134639 0.113338 0.014045 0.425337
4 0 0.142629 0.123888 0.104851 0.005710 0.622922
4 0 0.153389 0.143652 0.301505 0.091403 0.310051
2 0 0.064095 0.162370 0.410333 0.040820 0.322382
2 0 0.072843 0.223981 0.419463 0.009882 0.273831
2 1 0.104956 0.230003 0.397328 0.012546 0.255167
2 1 0.049863 0.097361 0.516013 0.295836 0.040927
3 1 0.023093 0.047976 0.440759 0.465463 0.022709
2 1 0.033872 0.152167 0.412912 0.015393 0.385656
2 1 0.031307 0.138379 0.604104 0.053026 0.173184
2 1 0.028528 0.140426 0.527939 0.026021 0.277085
2 1 0.044770 0.111878 0.442409 0.179700 0.221243
2 1 0.053343 0.172312 0.567058 0.040663 0.166623
2 1 0.095615 0.214902 0.449596 0.046825 0.193061
2 1 0.046455 0.148998 0.422785 0.027070 0.354693
2 1 0.032598 0.141627 0.555902 0.061095 0.208779
2 1 0.050275 0.115999 0.491846 0.180992 0.160888
2 1 0.111690 0.078026 0.448556 0.339183 0.022544
3 4 0.055198 0.094920 0.358323 0.401290 0.090268
2 4 0.112168 0.195057 0.401431 0.051372 0.239971
2 4 0.079997 0.188071 0.478391 0.076398 0.177143
2 4 0.033315 0.140071 0.434030 0.021161 0.371423
2 4 0.042817 0.191333 0.470762 0.013537 0.281551
2 4 0.015068 0.057707 0.582592 0.318332 0.026301
2 4 0.021364 0.104979 0.629711 0.140594 0.103352
2 4 0.028410 0.146454 0.505091 0.020320 0.299724
2 4 0.045046 0.123319 0.602441 0.088346 0.140848
2 4 0.049258 0.143103 0.423535 0.038588 0.345516
2 4 0.033326 0.157715 0.585255 0.021337 0.202367
2 4 0.032807 0.150396 0.534383 0.025437 0.256978
2 4 0.041513 0.181978 0.570269 0.021100 0.185140
2 4 0.046871 0.166223 0.422760 0.018391 0.345754
2 4 0.031415 0.147117 0.614209 0.037839 0.169420
2 4 0.034355 0.143324 0.578113 0.030732 0.213476
2 4 0.031146 0.111361 0.569804 0.165939 0.121749
2 4 0.062819 0.149422 0.480428 0.136765 0.170566
2 4 0.021421 0.114238 0.635254 0.062649 0.166438
2 4 0.027583 0.110609 0.671248 0.105323 0.085237
2 4 0.035653 0.110666 0.541846 0.231275 0.080560
2 4 0.085757 0.083251 0.457428 0.343567 0.029997
3 4 0.054817 0.051445 0.251335 0.600548 0.041855
2 4 0.108972 0.066891 0.497329 0.315120 0.011688
3 4 0.042049 0.048198 0.415439 0.478365 0.015948
2 4 0.030209 0.133764 0.542095 0.042778 0.251154
2 4 0.021976 0.132164 0.524865 0.022569 0.298426
2 4 0.019685 0.116645 0.745566 0.053865 0.064240
3 4 0.077383 0.026898 0.158036 0.720466 0.017217
0 4 0.433513 0.121174 0.127801 0.091919 0.225594
4 4 0.067284 0.180240 0.350204 0.016018 0.386253
2 4 0.053000 0.128427 0.402714 0.113050 0.302809
4 4 0.078012 0.149669 0.358681 0.053095 0.360543
0 0 0.355807 0.145509 0.194301 0.181579 0.122803
0 0 0.380483 0.107840 0.158129 0.149508 0.204040
0 0 0.411856 0.121038 0.141228 0.095064 0.230815
4 0 0.283982 0.113345 0.143286 0.064323 0.395064
0 0 0.579200 0.115447 0.098086 0.021484 0.185783
2 0 0.114142 0.234979 0.500341 0.038968 0.111570
0 0 0.741395 0.049627 0.031956 0.014109 0.162913
0 0 0.929440 0.017192 0.013093 0.028398 0.011877
0 0 0.591266 0.032669 0.014221 0.001948 0.359896
4 1 0.294171 0.105428 0.088939 0.025697 0.485765
2 1 0.100954 0.148477 0.484383 0.104853 0.161333
2 1 0.038688 0.133382 0.489057 0.034746 0.304127
2 1 0.045275 0.158528 0.526315 0.025204 0.244677
2 1 0.024480 0.118914 0.664929 0.065087 0.126590
4 0 0.153128 0.125694 0.116659 0.013181 0.591337
2 0 0.062846 0.152080 0.637774 0.052444 0.094856
0 0 0.398237 0.074111 0.139415 0.325542 0.062696
0 0 0.607340 0.116207 0.128500 0.073301 0.074652
3 1 0.178550 0.073703 0.218075 0.449045 0.080628
2 1 0.108908 0.079881 0.401145 0.378599 0.031467
2 1 0.051548 0.153751 0.459487 0.033116 0.302098
2 1 0.030390 0.138198 0.628344 0.034166 0.168901
2 1 0.041796 0.137936 0.580347 0.064148 0.175774
2 2 0.022158 0.088066 0.675375 0.143051 0.071350
2 2 0.015717 0.113179 0.754773 0.055569 0.060762
2 2 0.026790 0.135243 0.626633 0.035532 0.175802
2 2 0.012970 0.065143 0.704517 0.181221 0.036149
2 2 0.034946 0.111934 0.584764 0.088861 0.179496
2 2 0.036418 0.155795 0.620641 0.031892 0.155253
2 2 0.022474 0.117832 0.740430 0.073543 0.045721
2 2 0.045384 0.159386 0.567515 0.042024 0.185691
2 2 0.046613 0.154254 0.437194 0.036595 0.325344
2 2 0.083218 0.238077 0.468185 0.016363 0.194156
2 2 0.033792 0.115247 0.551754 0.127734 0.171473
2 2 0.026791 0.127785 0.630991 0.053847 0.160586
2 2 0.025852 0.073088 0.554285 0.313769 0.033006
3 2 0.038035 0.038863 0.297368 0.603737 0.021997
2 2 0.052350 0.171268 0.639411 0.041078 0.095893
2 2 0.059126 0.169462 0.511844 0.040253 0.219315
3 2 0.056704 0.083924 0.339912 0.449829 0.069630
2 2 0.070230 0.177973 0.400446 0.038838 0.312512
2 2 0.046836 0.151170 0.521536 0.054363 0.226096
4 2 0.069585 0.165057 0.336413 0.022482 0.406463
2 2 0.044092 0.157031 0.603167 0.073049 0.122661
2 2 0.039382 0.115573 0.657376 0.096733 0.090936
2 2 0.026625 0.060007 0.470300 0.404659 0.038410
2 2 0.032824 0.136869 0.655806 0.082652 0.091849
2 2 0.046626 0.174726 0.649486 0.055601 0.073561
2 2 0.054550 0.074818 0.460744 0.357827 0.052061
2 2 0.059879 0.147669 0.581525 0.079470 0.131457
2 2 0.084737 0.096023 0.461662 0.300003 0.057575
2 2 0.112226 0.115788 0.441838 0.258209 0.071939
2 2 0.060214 0.100810 0.586398 0.177065 0.075513
2 2 0.084971 0.196119 0.425694 0.037078 0.256138
2 2 0.083012 0.137292 0.458816 0.212628 0.108253
3 2 0.116108 0.059965 0.209051 0.551012 0.063863
3 2 0.034766 0.063108 0.339257 0.509102 0.053767
3 2 0.041403 0.033144 0.219288 0.672632 0.033534
3 2 0.026455 0.035478 0.331254 0.587894 0.018919
3 2 0.036129 0.033591 0.243906 0.664615 0.021759
3 2 0.091086 0.053093 0.230485 0.588531 0.036805
3 2 0.051131 0.014322 0.115699 0.810325 0.008524
3 2 0.063387 0.025107 0.145063 0.747164 0.019279
0 2 0.920526 0.019230 0.014974 0.031781 0.013489
0 2 0.868924 0.030742 0.026362 0.050925 0.023047
4 2 0.426965 0.059719 0.035076 0.006309 0.471931
4 2 0.251866 0.059896 0.034700 0.003273 0.650265
2 2 0.131430 0.233803 0.463260 0.067208 0.104299
4 2 0.143940 0.151468 0.273853 0.130801 0.299938
4 2 0.270764 0.167082 0.149377 0.009412 0.403366
2 2 0.067868 0.159489 0.541740 0.091629 0.139275
2 2 0.108800 0.148408 0.364066 0.161965 0.216760
4 2 0.068514 0.108115 0.288529 0.055020 0.479821
2 2 0.149772 0.156210 0.366372 0.066892 0.260755
0 2 0.352220 0.126460 0.228285 0.184892 0.108143
2 2 0.067176 0.169365 0.504132 0.059549 0.199779
2 2 0.193466 0.174365 0.406086 0.130230 0.095854
4 2 0.291053 0.146862 0.130995 0.016539 0.414552
2 2 0.045474 0.176499 0.581793 0.025983 0.170251
3 2 0.018601 0.025504 0.217629 0.717497 0.020768
2 2 0.019754 0.070454 0.621826 0.263083 0.024884
2 2 0.019981 0.050770 0.529315 0.371699 0.028235
2 2 0.066919 0.129446 0.504777 0.160263 0.138595
2 2 0.048453 0.086349 0.418421 0.313971 0.132806
2 2 0.026770 0.072922 0.510391 0.294570 0.095348
2 2 0.091034 0.162101 0.479298 0.135572 0.131996
2 2 0.041871 0.090539 0.534743 0.271169 0.061679
2 2 0.066023 0.125119 0.491820 0.125577 0.191460
2 2 0.026814 0.106659 0.742041 0.081213 0.043274
2 2 0.026124 0.073834 0.560071 0.256710 0.083261
2 2 0.019289 0.042937 0.451161 0.442415 0.044198
2 2 0.023983 0.072910 0.561896 0.261956 0.079256
2 2 0.021158 0.047918 0.499103 0.412491 0.019330
3 2 0.070501 0.036606 0.171281 0.690749 0.030862
0 2 0.489334 0.106236 0.126949 0.177376 0.100106
0 0 0.932811 0.016417 0.012389 0.027112 0.011270
0 0 0.735889 0.063277 0.052898 0.046217 0.101719
4 0 0.251773 0.130077 0.116470 0.011923 0.489756
4 1 0.124629 0.119481 0.185194 0.025560 0.545136
2 1 0.057872 0.118088 0.483423 0.137952 0.202665
2 1 0.055761 0.140176 0.486863 0.062697 0.254502
2 1 0.019144 0.067009 0.594365 0.290802 0.028681
2 1 0.021165 0.104793 0.637378 0.110305 0.126359
2 2 0.055002 0.101541 0.474122 0.191209 0.178126
2 2 0.069653 0.176401 0.470779 0.036989 0.246178
2 2 0.032981 0.073037 0.490902 0.343006 0.060073
2 2 0.075309 0.159900 0.400739 0.037445 0.326608
2 2 0.043792 0.133671 0.548664 0.095713 0.178159
2 2 0.011533 0.045584 0.478527 0.431132 0.033223
2 2 0.044040 0.088133 0.492206 0.310776 0.064845
2 2 0.074752 0.150357 0.412077 0.078502 0.284313
2 2 0.021338 0.084503 0.675183 0.158405 0.060571
2 2 0.102749 0.133900 0.482246 0.192507 0.088597
0 2 0.651519 0.075725 0.080716 0.126090 0.065951
3 2 0.197361 0.087709 0.244767 0.361328 0.108833
3 2 0.026735 0.024070 0.216557 0.717549 0.015089
2 2 0.070111 0.127258 0.610143 0.142783 0.049705
2 2 0.084429 0.164186 0.572936 0.061630 0.116819
2 2 0.019699 0.101369 0.696202 0.119112 0.063618
2 2 0.025814 0.093498 0.605272 0.190848 0.084568
2 2 0.048778 0.144896 0.557301 0.064971 0.184054
2 2 0.030600 0.104006 0.647890 0.112975 0.104530
2 2 0.036419 0.100256 0.578878 0.172140 0.112308
2 2 0.075517 0.123282 0.528952 0.135947 0.136302
2 2 0.071422 0.117622 0.571068 0.158272 0.081616
3 2 0.012953 0.033435 0.378479 0.556155 0.018977
2 2 0.034466 0.100036 0.522608 0.222789 0.120101
2 2 0.020220 0.079825 0.668627 0.185384 0.045944
3 2 0.014198 0.037202 0.404011 0.519506 0.025083
2 1 0.073247 0.142203 0.377610 0.052462 0.354477
0 2 0.500855 0.106656 0.099884 0.062192 0.230413
4 1 0.191200 0.125426 0.156810 0.045981 0.480583
2 1 0.040289 0.091154 0.468327 0.293280 0.106950
2 1 0.089149 0.188901 0.521132 0.043624 0.157194
2 2 0.163265 0.216288 0.405469 0.027550 0.187427
2 2 0.046155 0.081537 0.518418 0.316901 0.036989
2 2 0.044982 0.093482 0.397408 0.350314 0.113813
2 2 0.041201 0.097930 0.602238 0.217470 0.041161
2 2 0.078744 0.174281 0.500682 0.070978 0.175315
2 2 0.041254 0.152844 0.498987 0.038072 0.268844
2 2 0.073465 0.140395 0.552769 0.127286 0.106085
2 2 0.099844 0.188527 0.476480 0.056292 0.178857
2 2 0.038665 0.115234 0.620913 0.139952 0.085236
2 2 0.131352 0.094627 0.291651 0.230876 0.251494
3 2 0.045298 0.047189 0.437600 0.449520 0.020392
2 2 0.035702 0.104554 0.573422 0.184960 0.101362
2 2 0.038129 0.111305 0.545681 0.145084 0.159801
2 2 0.026445 0.080190 0.557134 0.212938 0.123292
2 2 0.080237 0.141247 0.457899 0.075699 0.244918
2 2 0.026588 0.103614 0.579796 0.181267 0.108734
3 2 0.032191 0.037685 0.250695 0.648374 0.031054
2 2 0.031635 0.084851 0.594100 0.223965 0.065449
2 2 0.027205 0.087278 0.589423 0.229960 0.066134
2 2 0.017558 0.065830 0.562097 0.320787 0.033728
2 2 0.026600 0.075379 0.550472 0.282625 0.064924
2 2 0.032647 0.149110 0.610382 0.060715 0.147147
2 2 0.046125 0.085895 0.549857 0.268908 0.049215
2 2 0.040856 0.102056 0.535279 0.197290 0.124518
2 2 0.025528 0.093103 0.579315 0.184621 0.117434
2 2 0.073752 0.191431 0.525941 0.037368 0.171507
2 2 0.083527 0.171120 0.531089 0.105078 0.109186
2 2 0.057274 0.070713 0.482140 0.317966 0.071907
3 2 0.246830 0.094223 0.199247 0.376201 0.083500
0 2 0.616175 0.094370 0.098506 0.095964 0.094985
2 2 0.056961 0.099521 0.519741 0.251155 0.072622
2 2 0.068700 0.121682 0.521964 0.176810 0.110844
2 2 0.043071 0.111437 0.557718 0.185865 0.101908
3 2 0.010312 0.031504 0.355241 0.577959 0.024985
2 2 0.067601 0.163195 0.580872 0.086875 0.101457
2 2 0.025268 0.074346 0.522156 0.304370 0.073859
2 2 0.053892 0.112535 0.614073 0.130751 0.088748
2 2 0.021279 0.103654 0.722318 0.101275 0.051475
2 2 0.028654 0.085687 0.626894 0.181926 0.076839
2 2 0.036922 0.145211 0.612919 0.052625 0.152323
2 2 0.031928 0.126272 0.626659 0.083724 0.131417
2 2 0.024181 0.111164 0.695716 0.076578 0.092360
2 2 0.055580 0.144652 0.646687 0.085037 0.068044
0 0 0.743106 0.057364 0.056735 0.095347 0.047448
0 0 0.740237 0.058205 0.057535 0.095109 0.048914
0 0 0.542831 0.102128 0.098297 0.074098 0.182646
0 1 0.531670 0.098533 0.114384 0.164401 0.091013
4 1 0.134749 0.150008 0.278280 0.039113 0.397849
4 1 0.189570 0.137440 0.177060 0.017071 0.478859
2 1 0.039265 0.093249 0.580658 0.198080 0.088748
2 1 0.029357 0.097592 0.581622 0.151333 0.140095
2 2 0.032324 0.089233 0.669560 0.172960 0.035923
2 2 0.119653 0.122010 0.387782 0.210954 0.159602
2 2 0.038564 0.125465 0.629589 0.071051 0.135331
2 2 0.013933 0.058564 0.548067 0.348098 0.031339
2 2 0.027940 0.067020 0.515939 0.350775 0.038326
2 2 0.112530 0.184321 0.477009 0.070764 0.155376
2 2 0.047960 0.155163 0.500974 0.172416 0.123487
3 2 0.111826 0.078281 0.259581 0.480621 0.069692
2 2 0.029193 0.067585 0.550152 0.326415 0.026655
2 2 0.026884 0.111489 0.735394 0.067267 0.058966
2 2 0.038824 0.108222 0.597891 0.143708 0.111355
2 2 0.057193 0.142091 0.399551 0.071608 0.329557
2 2 0.041167 0.151378 0.568264 0.042133 0.197059
2 2 0.074692 0.125056 0.501062 0.200187 0.099003
2 2 0.068141 0.126506 0.447451 0.172365 0.185536
0 2 0.380048 0.128146 0.169733 0.203122 0.118951
0 0 0.692624 0.067583 0.069769 0.112447 0.057576
2 0 0.047700 0.184887 0.636749 0.027272 0.103392
2 0 0.035679 0.149288 0.683660 0.046491 0.084882
2 0 0.108843 0.101612 0.494044 0.262569 0.032932
0 0 0.581536 0.090790 0.100346 0.140058 0.087269
0 0 0.590907 0.087436 0.097408 0.145744 0.078504
0 0 0.509390 0.050814 0.027602 0.004991 0.407202
0 0 0.527809 0.092337 0.076069 0.035918 0.267867
0 0 0.323913 0.143008 0.249336 0.138163 0.145580
4 0 0.063135 0.151274 0.360123 0.039323 0.386146
2 1 0.055111 0.145911 0.430952 0.027293 0.340733
2 1 0.030244 0.140081 0.575989 0.035951 0.217736
2 1 0.033576 0.150135 0.582971 0.029263 0.204054
2 1 0.022787 0.107767 0.706118 0.082468 0.080861
2 1 0.031735 0.122459 0.538257 0.064209 0.243340
2 1 0.022016 0.102168 0.680041 0.101230 0.094545
2 1 0.019168 0.075904 0.603436 0.248175 0.053316
2 1 0.021346 0.102864 0.657196 0.095051 0.123543
2 1 0.059800 0.179969 0.539967 0.043169 0.177096
2 1 0.022845 0.094850 0.650897 0.134906 0.096501
2 1 0.063602 0.101964 0.468004 0.219073 0.147357
2 1 0.053475 0.110923 0.425191 0.257564 0.152847
3 1 0.079519 0.037295 0.182326 0.668735 0.032125
3 4 0.115812 0.056146 0.224135 0.563985 0.039923
2 4 0.055173 0.085647 0.441901 0.367106 0.050174
4 4 0.157880 0.136977 0.269560 0.065447 0.370137
4 4 0.058282 0.129957 0.312577 0.022996 0.476188
2 4 0.059063 0.108992 0.374289 0.336386 0.121270
3 4 0.101503 0.054044 0.212334 0.583013 0.049106
4 4 0.379786 0.074859 0.050221 0.010771 0.484362
2 4 0.101834 0.118481 0.315133 0.249173 0.215379
0 4 0.388733 0.130269 0.156119 0.155874 0.169005
0 4 0.359171 0.128521 0.168278 0.215051 0.128978
4 4 0.228467 0.091521 0.122363 0.044682 0.512966
4 4 0.380277 0.097484 0.077916 0.024497 0.419826
3 4 0.233164 0.099034 0.201591 0.368846 0.097365
2 4 0.052181 0.173511 0.601310 0.045531 0.127467
4 4 0.116879 0.161282 0.288268 0.111040 0.322531
0 4 0.327528 0.136795 0.183869 0.213395 0.138414
3 4 0.195782 0.109355 0.241768 0.308467 0.144627
4 4 0.204748 0.158026 0.219811 0.186791 0.230624
4 4 0.124655 0.189719 0.203330 0.006904 0.475392
2 4 0.248080 0.145995 0.316475 0.206746 0.082704
2 4 0.103974 0.112162 0.406077 0.314156 0.063631
2 4 0.028194 0.158722 0.531852 0.017961 0.263271
2 4 0.110313 0.243942 0.366479 0.006072 0.273194
2 4 0.042241 0.186040 0.558074 0.022974 0.190670
2 4 0.067597 0.121683 0.585761 0.185841 0.039117
2 4 0.041446 0.134145 0.539461 0.130294 0.154653
3 4 0.253508 0.124152 0.206720 0.271332 0.144289
3 4 0.123786 0.049136 0.180438 0.602689 0.043950
3 4 0.032181 0.015723 0.129782 0.811659 0.010656
2 4 0.179332 0.119431 0.317698 0.226760 0.156778
2 4 0.095319 0.213857 0.557765 0.051034 0.082026
2 4 0.050007 0.210269 0.426570 0.012211 0.300943
4 4 0.118444 0.126864 0.128354 0.016743 0.609595
2 4 0.035164 0.131236 0.640962 0.078283 0.114355
2 4 0.246063 0.208867 0.306958 0.108787 0.129324
3 4 0.165878 0.071276 0.214352 0.488806 0.059687
3 4 0.081317 0.077871 0.250530 0.516365 0.073917
4 4 0.179030 0.165185 0.274666 0.039787 0.341332
2 4 0.165297 0.155429 0.291065 0.178715 0.209494
3 4 0.220751 0.080171 0.256908 0.399434 0.042736
2 4 0.129676 0.249719 0.466478 0.041124 0.113003
2 4 0.060326 0.124474 0.609315 0.161908 0.043978
3 4 0.059613 0.040851 0.190790 0.672929 0.035817
2 4 0.043903 0.202381 0.564295 0.017658 0.171764
2 4 0.043858 0.173063 0.508357 0.025579 0.249143
2 4 0.053689 0.188442 0.462741 0.018905 0.276223
2 4 0.043908 0.132382 0.586747 0.127140 0.109823
2 4 0.041189 0.126014 0.588424 0.103133 0.141241
2 4 0.052430 0.182387 0.388176 0.014179 0.362828
2 4 0.045826 0.165888 0.432770 0.019625 0.335892
2 4 0.189557 0.131989 0.317114 0.280343 0.080997
0 0 0.421259 0.118181 0.148002 0.197539 0.115019
0 0 0.257169 0.166994 0.240265 0.168895 0.166676
2 0 0.121610 0.158596 0.376740 0.046559 0.296496
2 1 0.213137 0.099036 0.245835 0.196261 0.245730
2 1 0.149501 0.152763 0.460996 0.137948 0.098792
2 1 0.039052 0.125110 0.555814 0.093174 0.186851
4 1 0.111841 0.150122 0.233901 0.028285 0.475851
2 1 0.109506 0.202171 0.338776 0.013439 0.336108
0 1 0.336656 0.133295 0.200713 0.067385 0.261951
4 1 0.097951 0.153357 0.313876 0.025533 0.409282
2 1 0.095729 0.158007 0.399655 0.107474 0.239134
2 1 0.185601 0.116354 0.299109 0.175712 0.223224
0 1 0.673495 0.067430 0.050114 0.026062 0.182900
0 1 0.592612 0.087112 0.096930 0.145199 0.078148
4 1 0.163719 0.142601 0.179475 0.027239 0.486967
4 1 0.122168 0.120577 0.290382 0.117955 0.348918
2 1 0.067431 0.114146 0.531634 0.193144 0.093645
2 2 0.050528 0.133228 0.583635 0.086108 0.146501
2 2 0.032181 0.152292 0.604773 0.029875 0.180880
2 2 0.045549 0.196122 0.480121 0.010832 0.267376
4 2 0.084432 0.150219 0.351473 0.029986 0.383889
