0 0 0.950032 0.009899 0.011122 0.027602 0.001345
2 1 0.004790 0.033300 0.790872 0.161554 0.009484
2 1 0.009883 0.058374 0.817422 0.092246 0.022075
2 4 0.008496 0.027317 0.552759 0.407387 0.004041
3 4 0.019842 0.038538 0.452442 0.477864 0.011314
2 4 0.007987 0.050182 0.810844 0.104031 0.026956
2 4 0.007512 0.046704 0.794801 0.136222 0.014762
2 4 0.010747 0.054952 0.764375 0.139374 0.030553
2 4 0.010148 0.054976 0.794444 0.109830 0.030602
2 4 0.005427 0.037385 0.782280 0.156651 0.018257
2 4 0.008460 0.051952 0.807255 0.110239 0.022094
2 4 0.014251 0.067607 0.769901 0.108694 0.039547
2 4 0.008987 0.047543 0.758531 0.161821 0.023118
2 4 0.009767 0.047783 0.777052 0.137582 0.027817
2 4 0.006580 0.042329 0.801071 0.133420 0.016599
2 4 0.005442 0.043121 0.826533 0.109347 0.015557
2 4 0.009928 0.050398 0.757216 0.155162 0.027296
2 4 0.007413 0.044779 0.778755 0.151304 0.017750
2 4 0.010073 0.045822 0.723269 0.200650 0.020187
2 4 0.013516 0.035035 0.550171 0.365463 0.035815
2 4 0.010423 0.042156 0.680046 0.239964 0.027411
2 4 0.007929 0.040625 0.734164 0.202007 0.015275
2 4 0.010646 0.050990 0.784600 0.130257 0.023507
2 4 0.011080 0.046750 0.724036 0.192477 0.025658
2 4 0.006070 0.029173 0.668111 0.287757 0.008888
2 1 0.009542 0.049896 0.774927 0.148557 0.017078
2 1 0.007118 0.042523 0.787972 0.144539 0.017847
2 1 0.008932 0.055267 0.809322 0.105795 0.020684
2 1 0.017063 0.067114 0.764161 0.100920 0.050742
2 1 0.003488 0.023956 0.718346 0.249238 0.004973
2 1 0.008932 0.046509 0.767847 0.159194 0.017518
2 1 0.006841 0.032791 0.690600 0.257072 0.012696
2 4 0.006811 0.037172 0.703187 0.238969 0.013862
2 4 0.011439 0.031635 0.546713 0.394979 0.015233
2 4 0.018692 0.054367 0.664045 0.234125 0.028770
2 4 0.010423 0.048354 0.712092 0.208083 0.021047
2 4 0.005995 0.041908 0.780067 0.157311 0.014720
2 1 0.007460 0.044854 0.771244 0.162433 0.014009
2 1 0.015378 0.051963 0.698076 0.207861 0.026722
2 1 0.003165 0.018936 0.612261 0.361918 0.003720
2 1 0.010450 0.046186 0.716405 0.209149 0.017810
2 1 0.010944 0.050870 0.738609 0.179661 0.019916
2 1 0.012367 0.050466 0.727722 0.183840 0.025605
2 2 0.027373 0.065809 0.590152 0.271675 0.044992
3 2 0.009272 0.023819 0.468553 0.491708 0.006648
3 0 0.005436 0.004789 0.107831 0.879356 0.002588
2 0 0.013227 0.030015 0.533123 0.413661 0.009974
2 1 0.016698 0.058159 0.727733 0.165361 0.032049
2 1 0.009995 0.042930 0.706910 0.221032 0.019134
2 2 0.012629 0.039086 0.620020 0.315161 0.013104
4 2 0.128911 0.216974 0.294830 0.013060 0.346224
2 2 0.125074 0.108426 0.395245 0.209914 0.161340
0 2 0.334503 0.146184 0.148296 0.064381 0.306635
2 2 0.178382 0.182224 0.440604 0.110284 0.088507
2 2 0.216724 0.115287 0.371432 0.183894 0.112663
4 2 0.266934 0.127288 0.147090 0.067898 0.390790
2 2 0.183880 0.220464 0.398926 0.037034 0.159696
4 2 0.175787 0.174896 0.210936 0.017288 0.421094
0 2 0.355069 0.149209 0.186754 0.106248 0.202720
0 2 0.255207 0.112883 0.215661 0.181749 0.234501
2 2 0.271713 0.171691 0.286877 0.099971 0.169747
2 2 0.082951 0.222291 0.503104 0.087858 0.103796
2 2 0.118229 0.147694 0.469556 0.097536 0.166985
3 2 0.031314 0.056554 0.369939 0.480689 0.061505
4 2 0.155664 0.127793 0.085182 0.005431 0.625930
2 2 0.156021 0.208900 0.385599 0.038536 0.210944
2 2 0.069855 0.195767 0.550673 0.023078 0.160627
2 2 0.161063 0.180052 0.406371 0.169277 0.083237
2 2 0.139549 0.087664 0.365572 0.283387 0.123829
0 2 0.343322 0.136125 0.187749 0.099868 0.232935
2 2 0.243092 0.155255 0.294859 0.083927 0.222867
0 2 0.360395 0.190643 0.152320 0.029477 0.267164
2 2 0.113974 0.173264 0.398699 0.201627 0.112436
2 2 0.037387 0.082506 0.515386 0.303150 0.061571
2 2 0.103087 0.137044 0.456639 0.187066 0.116164
4 2 0.326878 0.105695 0.083012 0.029167 0.455247
2 2 0.192146 0.143621 0.339004 0.147947 0.177282
3 2 0.095070 0.049671 0.277453 0.482487 0.095318
4 2 0.248406 0.089082 0.082520 0.030465 0.549527
2 2 0.258537 0.189647 0.293148 0.072486 0.186182
2 2 0.217976 0.207833 0.279396 0.060530 0.234265
2 2 0.172114 0.181645 0.356192 0.087298 0.202752
2 2 0.149515 0.104670 0.400537 0.227653 0.117626
2 2 0.069367 0.169265 0.610188 0.080963 0.070217
2 2 0.151208 0.124070 0.494203 0.160956 0.069563
2 2 0.136030 0.159352 0.384607 0.108577 0.211433
4 2 0.189972 0.169317 0.165712 0.020839 0.454159
2 2 0.140225 0.166541 0.409505 0.089901 0.193829
3 2 0.165220 0.108568 0.266471 0.304750 0.154991
0 2 0.351184 0.160519 0.155707 0.032232 0.300357
2 2 0.196716 0.219492 0.326478 0.033342 0.223972
2 2 0.214107 0.170646 0.253755 0.117210 0.244283
2 2 0.142633 0.219569 0.346774 0.029454 0.261570
2 2 0.114016 0.163473 0.491152 0.114078 0.117280
3 2 0.086920 0.083985 0.312136 0.431627 0.085333
3 2 0.056748 0.047195 0.227482 0.625903 0.042672
2 2 0.251989 0.188829 0.325929 0.115517 0.117737
2 2 0.204136 0.151547 0.288667 0.146038 0.209612
4 2 0.175372 0.171125 0.276207 0.032899 0.344396
2 3 0.112316 0.103006 0.370807 0.351285 0.062586
2 3 0.135933 0.187479 0.390216 0.078861 0.207511
2 3 0.144082 0.156539 0.444173 0.108170 0.147036
4 3 0.118827 0.079971 0.227340 0.198208 0.375654
2 3 0.232113 0.097424 0.272873 0.254859 0.142730
3 3 0.052455 0.043747 0.296308 0.547258 0.060232
0 3 0.327068 0.131714 0.218534 0.172409 0.150275
2 3 0.191890 0.120556 0.331795 0.259251 0.096508
2 3 0.234238 0.155321 0.263950 0.250808 0.095684
2 3 0.207353 0.120737 0.415038 0.152237 0.104635
0 3 0.399898 0.074434 0.162172 0.247580 0.115915
3 3 0.048152 0.069670 0.289525 0.560332 0.032321
0 3 0.279469 0.169065 0.235387 0.119090 0.196990
4 2 0.190890 0.082370 0.056596 0.013020 0.657124
0 1 0.445043 0.125199 0.105234 0.044079 0.280446
4 1 0.303308 0.094312 0.050620 0.011820 0.539941
0 1 0.454931 0.129890 0.150107 0.091045 0.174028
0 1 0.329839 0.163624 0.242379 0.107110 0.157048
0 2 0.320348 0.097466 0.156757 0.108169 0.317259
4 2 0.283071 0.160708 0.117976 0.006217 0.432029
4 2 0.246101 0.214739 0.244039 0.017551 0.277570
2 2 0.109720 0.211535 0.343925 0.013653 0.321167
2 2 0.064213 0.195150 0.572700 0.033004 0.134933
2 2 0.069700 0.180867 0.549985 0.030142 0.169305
2 2 0.257361 0.171129 0.275136 0.028665 0.267710
4 2 0.128513 0.157260 0.301813 0.038972 0.373443
4 2 0.266079 0.184780 0.246645 0.029531 0.272965
4 2 0.205487 0.103302 0.141401 0.053961 0.495849
2 2 0.232231 0.107447 0.309233 0.204593 0.146495
2 2 0.216871 0.195971 0.304470 0.017137 0.265551
4 2 0.166138 0.197464 0.210594 0.023374 0.402431
2 2 0.133816 0.152240 0.356179 0.071452 0.286313
2 2 0.161317 0.112924 0.297763 0.168847 0.259149
2 2 0.120150 0.211789 0.545145 0.087899 0.035017
2 2 0.108709 0.177652 0.344874 0.024135 0.344629
2 2 0.071441 0.100702 0.490521 0.275977 0.061359
2 3 0.216957 0.174820 0.263374 0.109067 0.235782
2 3 0.069764 0.106580 0.470983 0.279470 0.073204
3 3 0.237570 0.089441 0.243565 0.307212 0.122213
2 2 0.118430 0.146177 0.502642 0.128868 0.103883
2 2 0.084590 0.190375 0.578735 0.037312 0.108989
2 2 0.113100 0.121805 0.442270 0.217407 0.105418
3 2 0.025164 0.035767 0.264051 0.662634 0.012385
3 2 0.240498 0.099559 0.242342 0.278977 0.138624
2 2 0.093773 0.139655 0.457451 0.257211 0.051910
2 2 0.100517 0.131397 0.486224 0.170545 0.111316
2 2 0.043766 0.100617 0.642419 0.143766 0.069432
2 2 0.123994 0.178929 0.450505 0.065870 0.180701
2 2 0.067849 0.195969 0.547400 0.046825 0.141957
2 2 0.048344 0.060586 0.430772 0.413179 0.047118
2 2 0.050185 0.146956 0.644924 0.069087 0.088848
3 2 0.139333 0.127085 0.283031 0.389869 0.060681
4 2 0.192767 0.092755 0.084389 0.028825 0.601264
0 2 0.317288 0.124131 0.215361 0.096667 0.246552
2 2 0.197168 0.119648 0.326202 0.272183 0.084799
2 3 0.085622 0.155213 0.548889 0.105529 0.104747
0 3 0.373453 0.110724 0.203370 0.223755 0.088697
3 3 0.192931 0.077662 0.241573 0.385229 0.102605
2 3 0.242830 0.219552 0.339548 0.069222 0.128847
3 3 0.097125 0.109994 0.302431 0.437063 0.053386
2 3 0.228638 0.182329 0.415515 0.113470 0.060048
0 3 0.490880 0.131132 0.128351 0.054621 0.195016
2 2 0.215747 0.150141 0.290816 0.128082 0.215214
4 2 0.226744 0.160057 0.160371 0.033327 0.419501
4 2 0.223627 0.118863 0.249923 0.131025 0.276562
2 2 0.136671 0.165496 0.415328 0.146890 0.135615
3 2 0.104742 0.099390 0.346090 0.374354 0.075424
2 2 0.123723 0.153555 0.441315 0.078505 0.202901
3 2 0.137695 0.071503 0.282377 0.452866 0.055560
4 2 0.201548 0.100497 0.184811 0.136482 0.376663
2 2 0.180422 0.099081 0.313784 0.295096 0.111617
4 2 0.159259 0.091602 0.073016 0.010048 0.666074
0 2 0.331880 0.118110 0.201591 0.167852 0.180567
0 2 0.586860 0.106455 0.092917 0.049266 0.164502
2 2 0.140961 0.193227 0.419063 0.037888 0.208862
2 2 0.193201 0.195668 0.288872 0.041203 0.281056
4 2 0.178791 0.179310 0.222095 0.031612 0.388193
4 2 0.110318 0.150530 0.253979 0.015024 0.470150
4 2 0.178601 0.205965 0.298813 0.016077 0.300545
2 2 0.131441 0.207979 0.471525 0.060639 0.128415
2 2 0.125666 0.195609 0.454341 0.065704 0.158681
2 2 0.137596 0.214864 0.393206 0.067159 0.187174
2 2 0.118018 0.134890 0.449461 0.090944 0.206687
2 2 0.131223 0.229350 0.438053 0.027288 0.174086
2 2 0.238321 0.187237 0.294631 0.083882 0.195929
3 2 0.100494 0.077931 0.314306 0.413845 0.093424
2 2 0.095672 0.217064 0.477480 0.026171 0.183612
2 2 0.182399 0.243427 0.314153 0.009072 0.250950
4 2 0.214304 0.184423 0.158943 0.005984 0.436347
2 2 0.056221 0.077210 0.523401 0.211540 0.131629
2 2 0.090180 0.127690 0.438811 0.105264 0.238056
2 2 0.131700 0.140199 0.330867 0.161549 0.235684
2 2 0.088313 0.131537 0.520404 0.080729 0.179017
2 2 0.038455 0.065822 0.490385 0.369727 0.035610
2 2 0.146015 0.106857 0.286792 0.261015 0.199321
4 2 0.150829 0.103139 0.210600 0.171010 0.364421
2 2 0.216899 0.094610 0.269330 0.229206 0.189955
2 2 0.148932 0.139771 0.543441 0.073393 0.094463
2 2 0.057874 0.098966 0.583724 0.184384 0.075052
2 2 0.110631 0.236876 0.483039 0.046648 0.122807
4 2 0.300121 0.087546 0.043419 0.009476 0.559438
2 2 0.124022 0.149175 0.523332 0.092936 0.110535
2 2 0.039535 0.109559 0.648561 0.104275 0.098071
2 2 0.079074 0.143023 0.511476 0.050441 0.215986
3 2 0.023542 0.033320 0.376915 0.511256 0.054967
2 2 0.072562 0.077157 0.475217 0.251164 0.123900
4 2 0.088471 0.163579 0.354369 0.016465 0.377116
2 2 0.084419 0.222221 0.544415 0.062366 0.086579
3 2 0.084874 0.048512 0.227305 0.581765 0.057544
3 2 0.030915 0.059573 0.374664 0.507152 0.027696
2 2 0.085637 0.180227 0.594507 0.038750 0.100880
2 2 0.075451 0.100791 0.508272 0.220029 0.095457
2 2 0.095363 0.107943 0.357860 0.285663 0.153172
4 4 0.345826 0.130725 0.106716 0.037964 0.378769
4 4 0.165238 0.139538 0.093578 0.003950 0.597695
2 4 0.181131 0.198698 0.351812 0.116471 0.151888
2 2 0.110814 0.204741 0.443951 0.153643 0.086852
2 2 0.226991 0.146166 0.297327 0.150403 0.179114
2 2 0.211506 0.188924 0.298400 0.084024 0.217146
2 2 0.118298 0.148114 0.381480 0.097269 0.254838
2 2 0.053613 0.078604 0.433531 0.380883 0.053370
2 2 0.112688 0.238854 0.459309 0.024201 0.164948
4 2 0.354598 0.122387 0.090661 0.029841 0.402514
4 2 0.225098 0.190761 0.190338 0.013133 0.380670
2 2 0.224972 0.154087 0.317835 0.097462 0.205645
3 2 0.140120 0.082752 0.289009 0.452095 0.036024
4 2 0.294310 0.123571 0.179631 0.058021 0.344467
2 2 0.108147 0.167893 0.506930 0.071907 0.145123
4 2 0.342595 0.120898 0.076077 0.013901 0.446528
4 2 0.124345 0.184153 0.282437 0.014932 0.394133
2 2 0.046240 0.082760 0.462284 0.371222 0.037495
3 2 0.189469 0.090319 0.237519 0.404849 0.077843
2 2 0.183487 0.190070 0.327248 0.151253 0.147941
2 2 0.242160 0.137299 0.245297 0.180592 0.194652
3 2 0.111468 0.075805 0.260893 0.387096 0.164738
4 2 0.126992 0.167700 0.328945 0.033087 0.343276
4 2 0.278775 0.108174 0.184360 0.142046 0.286645
0 2 0.275358 0.136486 0.254303 0.081841 0.252011
3 2 0.029412 0.057497 0.382417 0.494350 0.036323
0 2 0.430205 0.159756 0.164827 0.032145 0.213066
0 2 0.321794 0.153747 0.189320 0.099893 0.235246
2 2 0.160929 0.118119 0.273875 0.231617 0.215460
4 2 0.241571 0.122400 0.227571 0.114498 0.293960
3 2 0.063351 0.051428 0.358293 0.428594 0.098333
2 2 0.106897 0.128306 0.367428 0.325027 0.072341
0 2 0.297538 0.169548 0.193262 0.113073 0.226579
2 2 0.094997 0.149394 0.580590 0.069091 0.105928
2 2 0.159190 0.120155 0.312669 0.113927 0.294059
2 2 0.104710 0.150836 0.526470 0.071955 0.146029
2 2 0.076241 0.132677 0.612062 0.116703 0.062318
0 2 0.342481 0.147069 0.233225 0.189124 0.088101
2 2 0.010991 0.054858 0.698232 0.223996 0.011923
2 2 0.035075 0.108467 0.592419 0.218720 0.045320
2 2 0.027812 0.070349 0.661754 0.208235 0.031850
2 2 0.036809 0.058418 0.509653 0.358930 0.036190
2 2 0.033561 0.072367 0.651028 0.189922 0.053121
2 2 0.031728 0.109119 0.692081 0.092307 0.074765
3 2 0.028767 0.055658 0.414145 0.448568 0.052862
2 2 0.027871 0.069387 0.625288 0.237410 0.040044
2 2 0.022081 0.089826 0.751609 0.108841 0.027642
2 4 0.207420 0.124080 0.310866 0.139032 0.218602
2 4 0.088539 0.149442 0.464075 0.047938 0.250006
2 4 0.139667 0.197871 0.437529 0.076581 0.148353
0 0 0.388877 0.143573 0.159892 0.083576 0.224081
0 0 0.745448 0.060386 0.076943 0.091324 0.025899
0 0 0.770310 0.066851 0.053188 0.034720 0.074930
0 0 0.616646 0.091560 0.121080 0.115571 0.055144
0 0 0.516620 0.120611 0.142206 0.097132 0.123430
4 0 0.281973 0.077200 0.033841 0.006541 0.600444
2 1 0.213692 0.122623 0.284535 0.102545 0.276605
2 1 0.038324 0.146288 0.635722 0.029706 0.149961
4 4 0.205586 0.175299 0.245177 0.029723 0.344216
2 4 0.027920 0.092618 0.675601 0.131763 0.072098
2 4 0.041967 0.158191 0.667384 0.036020 0.096439
2 4 0.049895 0.136845 0.610290 0.042841 0.160130
2 4 0.040076 0.143734 0.667926 0.039599 0.108666
2 1 0.025694 0.130574 0.715256 0.042235 0.086240
2 1 0.009202 0.047781 0.717190 0.204372 0.021455
2 1 0.109725 0.201423 0.358859 0.044789 0.285204
2 1 0.046940 0.124555 0.584288 0.146593 0.097624
2 1 0.034226 0.127130 0.672518 0.105510 0.060615
2 1 0.051553 0.108235 0.648477 0.144331 0.047404
2 1 0.045023 0.096406 0.578210 0.197588 0.082774
2 1 0.029068 0.119866 0.681133 0.083204 0.086728
2 1 0.009582 0.043150 0.680833 0.253862 0.012573
2 2 0.010009 0.066013 0.749637 0.157124 0.017218
2 2 0.021791 0.060837 0.628153 0.209091 0.080128
2 2 0.128291 0.171672 0.354544 0.031167 0.314327
2 2 0.029615 0.093114 0.652274 0.143882 0.081115
2 2 0.014745 0.061497 0.718019 0.176450 0.029289
2 2 0.069623 0.144368 0.550531 0.046213 0.189266
2 2 0.031894 0.110470 0.716100 0.100101 0.041434
2 2 0.063998 0.164153 0.541620 0.059990 0.170239
2 2 0.034058 0.092336 0.622622 0.107087 0.143897
2 2 0.056060 0.123232 0.613898 0.106000 0.100810
2 2 0.042879 0.094037 0.591242 0.205885 0.065957
2 2 0.016115 0.056083 0.595765 0.318465 0.013571
3 2 0.025689 0.033448 0.421158 0.494615 0.025091
2 2 0.022188 0.073060 0.637265 0.239770 0.027717
2 2 0.040499 0.116953 0.623564 0.105167 0.113817
2 2 0.044668 0.099016 0.613859 0.184730 0.057727
2 2 0.229188 0.125965 0.261486 0.254400 0.128961
2 2 0.108251 0.235044 0.333615 0.008436 0.314654
2 2 0.087025 0.106887 0.441809 0.198947 0.165331
4 2 0.168308 0.131750 0.085221 0.004232 0.610489
4 2 0.264137 0.112290 0.074293 0.019494 0.529786
4 2 0.195182 0.165635 0.198849 0.040926 0.399408
4 2 0.183925 0.139526 0.209723 0.109987 0.356839
4 2 0.236374 0.160581 0.194541 0.086404 0.322099
4 2 0.134049 0.195089 0.251881 0.013352 0.405630
4 2 0.155770 0.130891 0.125811 0.011385 0.576144
4 2 0.358041 0.135651 0.112049 0.028443 0.365816
2 2 0.090354 0.136471 0.450528 0.033010 0.289638
4 2 0.157707 0.092500 0.174030 0.107993 0.467770
2 2 0.142785 0.195443 0.377400 0.041272 0.243100
0 2 0.348507 0.148035 0.133376 0.051140 0.318942
4 2 0.177245 0.189100 0.173372 0.006600 0.453683
2 2 0.100135 0.150192 0.528904 0.151009 0.069759
3 2 0.131061 0.090518 0.268969 0.303412 0.206041
2 2 0.084349 0.167305 0.527790 0.050494 0.170062
2 2 0.026399 0.118064 0.746085 0.042501 0.066951
4 2 0.146095 0.158604 0.120963 0.004055 0.570283
2 2 0.096009 0.178661 0.503528 0.098251 0.123550
2 2 0.190694 0.192851 0.386127 0.095591 0.134737
2 2 0.145897 0.163389 0.303481 0.286356 0.100877
2 2 0.190333 0.119875 0.377459 0.180785 0.131548
2 2 0.199706 0.183408 0.275693 0.087978 0.253215
0 2 0.362470 0.080870 0.167750 0.198019 0.190891
0 2 0.380112 0.142389 0.197245 0.133301 0.146953
4 2 0.202725 0.142477 0.114112 0.016143 0.524543
4 2 0.201289 0.140965 0.184966 0.022379 0.450402
2 2 0.156529 0.204081 0.443729 0.133077 0.062585
2 2 0.084349 0.133395 0.414617 0.316819 0.050820
2 2 0.070797 0.092493 0.437794 0.175245 0.223672
2 2 0.179618 0.229894 0.345230 0.018735 0.226523
4 2 0.300429 0.136078 0.106906 0.040502 0.416085
3 2 0.035315 0.015928 0.180757 0.726851 0.041148
2 2 0.039826 0.078126 0.525131 0.306440 0.050476
3 2 0.026436 0.050376 0.416137 0.467575 0.039476
2 2 0.091147 0.130304 0.431380 0.092826 0.254343
3 2 0.158100 0.040080 0.172466 0.603454 0.025901
2 2 0.138072 0.110112 0.425757 0.240740 0.085319
0 2 0.402200 0.159935 0.242721 0.084198 0.110946
2 2 0.048949 0.078929 0.446667 0.323852 0.101602
2 2 0.180534 0.193447 0.313143 0.083165 0.229710
3 2 0.168744 0.061732 0.250049 0.455547 0.063929
3 2 0.286615 0.060420 0.184011 0.357298 0.111656
4 2 0.172576 0.105926 0.237135 0.230704 0.253660
3 2 0.169959 0.086944 0.254731 0.386722 0.101644
3 2 0.130323 0.071244 0.270963 0.433779 0.093691
2 2 0.148599 0.201345 0.468434 0.038203 0.143419
2 2 0.065169 0.171864 0.498330 0.018648 0.245989
4 2 0.124092 0.206174 0.253790 0.006257 0.409687
2 2 0.056656 0.124445 0.405486 0.020530 0.392882
4 2 0.093156 0.171279 0.157856 0.001972 0.575738
4 2 0.106868 0.182467 0.157257 0.002369 0.551039
0 0 0.418374 0.138872 0.150564 0.079794 0.212396
4 1 0.155783 0.121021 0.244808 0.098140 0.380248
4 1 0.064894 0.134950 0.238236 0.004789 0.557131
4 2 0.081428 0.195291 0.280580 0.004288 0.438413
2 2 0.049417 0.190493 0.474800 0.007882 0.277407
4 2 0.100010 0.138652 0.242468 0.015842 0.503028
2 2 0.079193 0.232454 0.393001 0.010052 0.285299
2 2 0.047361 0.145054 0.465968 0.009715 0.331903
4 2 0.072601 0.171089 0.366327 0.012392 0.377591
2 2 0.062458 0.181762 0.468030 0.019830 0.267919
0 2 0.384419 0.140177 0.132178 0.052236 0.290990
4 2 0.258591 0.155874 0.174045 0.073786 0.337705
2 2 0.067050 0.236645 0.548297 0.012339 0.135670
2 2 0.032264 0.091994 0.654893 0.098458 0.122391
2 2 0.051522 0.152096 0.647975 0.066864 0.081542
2 3 0.206369 0.183739 0.314329 0.091604 0.203959
4 3 0.169080 0.216773 0.276727 0.016085 0.321334
2 3 0.071571 0.142716 0.583858 0.101027 0.100828
2 3 0.068595 0.157282 0.527447 0.109860 0.136816
3 3 0.080538 0.069829 0.393425 0.397640 0.058568
4 3 0.203132 0.138599 0.243638 0.108474 0.306157
3 3 0.132585 0.068090 0.272165 0.409566 0.117594
2 3 0.089435 0.143837 0.402757 0.146286 0.217685
4 3 0.176134 0.108352 0.212312 0.156704 0.346497
3 3 0.261785 0.112171 0.246071 0.294537 0.085436
4 3 0.238387 0.150758 0.186502 0.086260 0.338093
3 3 0.146905 0.120796 0.333623 0.334527 0.064148
3 3 0.172081 0.090490 0.309828 0.346837 0.080764
3 3 0.035649 0.020424 0.149939 0.777489 0.016500
3 3 0.036996 0.023248 0.173480 0.735763 0.030513
3 3 0.212422 0.099286 0.251519 0.286466 0.150307
0 3 0.386207 0.094936 0.190102 0.220649 0.108107
3 3 0.219177 0.071412 0.227803 0.381867 0.099741
3 3 0.212664 0.076126 0.291228 0.331687 0.088295
3 3 0.034367 0.032154 0.169309 0.752047 0.012123
0 3 0.511431 0.118717 0.165362 0.123718 0.080773
0 3 0.375599 0.145859 0.166703 0.088012 0.223827
0 3 0.570434 0.110619 0.101979 0.056110 0.160858
3 3 0.010982 0.007201 0.079549 0.900109 0.002158
4 3 0.231886 0.119620 0.199555 0.120922 0.328018
0 3 0.247157 0.111236 0.243902 0.243739 0.153966
2 3 0.131140 0.176288 0.398774 0.221741 0.072057
3 3 0.226624 0.131833 0.275823 0.340997 0.024723
0 3 0.414113 0.080353 0.188309 0.249733 0.067492
3 3 0.148937 0.031133 0.137049 0.672395 0.010486
3 3 0.106603 0.053633 0.185461 0.640732 0.013570
3 3 0.041983 0.016468 0.156830 0.771323 0.013396
0 3 0.280421 0.186426 0.250098 0.099172 0.183883
0 3 0.271905 0.149540 0.241844 0.180010 0.156702
3 3 0.046785 0.042220 0.203717 0.687168 0.020110
3 3 0.016449 0.014562 0.134496 0.820202 0.014291
2 3 0.129114 0.094590 0.298801 0.295748 0.181747
0 3 0.367460 0.110226 0.223816 0.209750 0.088747
4 3 0.213299 0.118023 0.212027 0.151167 0.305485
2 3 0.060755 0.064895 0.424110 0.394768 0.055472
3 3 0.222171 0.085994 0.256794 0.319302 0.115739
2 3 0.082574 0.067579 0.488999 0.306143 0.054706
3 3 0.032584 0.020113 0.158920 0.765173 0.023210
2 3 0.169585 0.133507 0.296719 0.177260 0.222929
3 3 0.123592 0.052777 0.247241 0.481568 0.094823
0 3 0.365321 0.098457 0.201779 0.241884 0.092560
3 3 0.227549 0.071210 0.222202 0.397866 0.081174
2 3 0.181368 0.207552 0.405650 0.107076 0.098354
3 3 0.011963 0.011188 0.117352 0.850434 0.009063
3 3 0.135019 0.089190 0.254275 0.471345 0.050172
2 3 0.079322 0.095890 0.494036 0.187873 0.142879
3 3 0.307784 0.068756 0.197971 0.350675 0.074814
2 3 0.260083 0.161183 0.297136 0.220484 0.061114
3 3 0.313427 0.045136 0.162637 0.435461 0.043339
0 3 0.456579 0.127049 0.174609 0.132965 0.108798
0 3 0.408835 0.138757 0.183481 0.122363 0.146564
3 3 0.036500 0.029141 0.212933 0.696343 0.025082
3 3 0.097383 0.060826 0.238603 0.577462 0.025727
0 3 0.249112 0.141058 0.232500 0.186947 0.190384
2 3 0.067641 0.102848 0.435872 0.351743 0.041895
0 3 0.310162 0.132809 0.210732 0.151962 0.194335
0 1 0.284947 0.184707 0.267475 0.069080 0.193790
2 1 0.116478 0.264550 0.374832 0.007700 0.236441
4 1 0.127266 0.119929 0.068751 0.001742 0.682312
2 1 0.058173 0.195344 0.510246 0.016473 0.219764
4 1 0.110115 0.209787 0.219692 0.003897 0.456508
2 2 0.074746 0.200636 0.430577 0.010150 0.283891
4 2 0.080922 0.190501 0.341930 0.007785 0.378861
4 2 0.075702 0.148880 0.292551 0.012218 0.470649
2 2 0.072837 0.187900 0.376998 0.012020 0.350245
4 2 0.094564 0.195557 0.175724 0.001727 0.532429
4 2 0.081519 0.153064 0.228421 0.005141 0.531854
4 2 0.080596 0.206843 0.241427 0.002059 0.469075
4 2 0.073908 0.215198 0.269823 0.001890 0.439181
4 2 0.088521 0.199273 0.220887 0.002432 0.488887
4 2 0.077002 0.143201 0.155416 0.002004 0.622377
4 2 0.068291 0.146047 0.293046 0.011072 0.481544
4 2 0.095052 0.159389 0.207912 0.005510 0.532137
4 2 0.066267 0.147549 0.285835 0.007259 0.493089
4 2 0.077866 0.154088 0.266228 0.006637 0.495181
2 2 0.173934 0.176828 0.389518 0.053080 0.206641
4 2 0.345454 0.143446 0.108087 0.014659 0.388355
2 2 0.083282 0.190627 0.443804 0.023712 0.258574
2 2 0.105732 0.101090 0.336418 0.193028 0.263732
2 2 0.103162 0.156159 0.438724 0.105014 0.196940
0 2 0.308999 0.169502 0.287711 0.095006 0.138782
3 2 0.061801 0.062420 0.396976 0.405036 0.073766
0 2 0.268848 0.137098 0.236914 0.176332 0.180808
0 2 0.279646 0.150670 0.229812 0.147211 0.192661
2 2 0.144716 0.184535 0.496107 0.056297 0.118345
4 2 0.131860 0.241672 0.297058 0.009333 0.320077
2 2 0.151137 0.183624 0.423048 0.080065 0.162125
2 2 0.176479 0.190907 0.302237 0.038774 0.291603
2 2 0.066650 0.132578 0.567655 0.099352 0.133766
4 2 0.166766 0.168071 0.215518 0.031348 0.418297
0 2 0.292096 0.122255 0.203424 0.138093 0.244132
3 2 0.231667 0.126037 0.238879 0.366111 0.037307
2 2 0.185284 0.126784 0.373481 0.169439 0.145013
2 2 0.221991 0.170371 0.316626 0.148054 0.142958
0 2 0.326827 0.117604 0.218991 0.266327 0.070252
0 2 0.328793 0.168225 0.253368 0.097689 0.151925
3 2 0.022856 0.050713 0.340399 0.549087 0.036945
2 2 0.157777 0.157437 0.422744 0.098441 0.163601
2 3 0.052519 0.131658 0.560442 0.163106 0.092274
2 3 0.075039 0.149717 0.542367 0.139896 0.092980
2 3 0.187693 0.185116 0.394322 0.154824 0.078045
4 3 0.247397 0.134939 0.164529 0.079524 0.373611
0 2 0.396026 0.119131 0.086466 0.029031 0.369346
4 2 0.303764 0.136591 0.177339 0.050450 0.331856
3 2 0.087159 0.046477 0.225306 0.593589 0.047469
2 2 0.242141 0.153907 0.254377 0.134226 0.215349
4 2 0.067655 0.103001 0.373825 0.048827 0.406693
0 2 0.345223 0.144847 0.188647 0.111420 0.209863
0 2 0.384905 0.144257 0.182953 0.111135 0.176750
4 2 0.172412 0.140901 0.261477 0.041846 0.383365
2 2 0.111040 0.100123 0.424004 0.304609 0.060224
0 2 0.429856 0.152982 0.184368 0.065066 0.167728
2 2 0.309182 0.186558 0.336228 0.045994 0.122038
2 2 0.248994 0.212223 0.283464 0.015677 0.239642
2 2 0.179570 0.185943 0.470978 0.073432 0.090077
4 2 0.146967 0.190278 0.273331 0.015327 0.374097
4 2 0.137069 0.202009 0.229333 0.008166 0.423423
2 2 0.192017 0.205203 0.319201 0.025676 0.257902
4 2 0.136359 0.200513 0.242141 0.011138 0.409849
4 2 0.263037 0.138738 0.169905 0.050280 0.378041
2 2 0.048788 0.066625 0.519657 0.316577 0.048353
2 2 0.083042 0.171848 0.536550 0.099457 0.109103
2 2 0.108950 0.119197 0.372311 0.154256 0.245286
3 2 0.129841 0.085619 0.260156 0.459032 0.065351
2 2 0.222462 0.162478 0.311186 0.117917 0.185957
2 2 0.011101 0.055935 0.728323 0.181706 0.022934
2 2 0.013501 0.046880 0.677464 0.237935 0.024219
2 2 0.141342 0.122545 0.471758 0.122293 0.142061
2 2 0.034101 0.091061 0.565032 0.253223 0.056583
2 2 0.027877 0.065643 0.563913 0.275647 0.066920
2 2 0.081186 0.160409 0.480539 0.114002 0.163864
2 2 0.036177 0.101114 0.624779 0.188179 0.049751
2 2 0.114709 0.119300 0.361041 0.107215 0.297735
2 2 0.022422 0.055208 0.587157 0.302267 0.032947
2 2 0.034997 0.072210 0.556774 0.237194 0.098825
2 2 0.089435 0.141891 0.494010 0.101352 0.173313
2 2 0.057415 0.125368 0.629260 0.086831 0.101125
2 2 0.055513 0.059189 0.448059 0.405313 0.031927
2 2 0.086646 0.130464 0.505342 0.235989 0.041559
2 2 0.089991 0.120775 0.531841 0.196581 0.060812
2 2 0.019941 0.078229 0.765137 0.105477 0.031216
2 2 0.028948 0.053453 0.540639 0.357345 0.019614
4 2 0.106532 0.143659 0.305650 0.098022 0.346136
2 2 0.038856 0.081699 0.686251 0.143735 0.049459
2 2 0.019396 0.039970 0.486576 0.435321 0.018737
2 2 0.059545 0.175528 0.594136 0.036424 0.134368
2 2 0.027738 0.045599 0.558723 0.282538 0.085402
2 2 0.100455 0.119582 0.468621 0.243885 0.067456
2 2 0.136739 0.100838 0.478485 0.188513 0.095425
2 2 0.100281 0.211577 0.445811 0.027419 0.214912
2 2 0.031962 0.119766 0.718755 0.084934 0.044583
2 2 0.039258 0.121894 0.665398 0.101384 0.072065
2 2 0.060677 0.148966 0.629905 0.103484 0.056969
3 2 0.039119 0.042829 0.205145 0.705058 0.007850
3 2 0.013650 0.020235 0.282064 0.671705 0.012346
2 2 0.058024 0.125225 0.523281 0.058636 0.234834
2 2 0.023211 0.093493 0.765295 0.080431 0.037569
2 2 0.028593 0.096882 0.667226 0.130414 0.076884
2 2 0.040657 0.093779 0.602215 0.117514 0.145835
2 2 0.021745 0.079444 0.589982 0.270082 0.038746
2 2 0.047339 0.126641 0.592875 0.112502 0.120643
2 2 0.024767 0.066631 0.638735 0.235570 0.034297
2 2 0.050269 0.098263 0.545015 0.109795 0.196659
2 2 0.044456 0.151514 0.653446 0.019359 0.131224
2 2 0.032342 0.133761 0.706825 0.064494 0.062578
2 2 0.065571 0.172731 0.491678 0.030275 0.239746
2 2 0.040606 0.093555 0.638417 0.130732 0.096690
2 2 0.065351 0.120835 0.512483 0.100546 0.200785
0 2 0.340021 0.167644 0.151586 0.025481 0.315268
2 2 0.079380 0.140469 0.453118 0.049396 0.277637
2 2 0.030240 0.102714 0.661312 0.133161 0.072573
2 2 0.091704 0.170540 0.482683 0.042552 0.212521
2 4 0.072635 0.141284 0.492266 0.064488 0.229328
4 4 0.139194 0.023555 0.003998 0.000303 0.832949
0 4 0.850543 0.034167 0.041702 0.063697 0.009891
2 4 0.100988 0.117330 0.390532 0.330560 0.060591
2 4 0.186678 0.217274 0.417727 0.065434 0.112888
0 1 0.368272 0.142588 0.202181 0.026068 0.260892
4 1 0.243460 0.184801 0.174531 0.012210 0.384998
2 1 0.064967 0.186264 0.596877 0.069641 0.082251
2 2 0.057909 0.155547 0.614360 0.062115 0.110069
2 2 0.037671 0.131457 0.649243 0.096296 0.085334
4 2 0.197101 0.069555 0.029193 0.004796 0.699356
2 2 0.126723 0.184550 0.538330 0.064759 0.085638
2 2 0.047059 0.111050 0.538949 0.104602 0.198340
3 2 0.010989 0.036362 0.471027 0.473187 0.008436
2 2 0.031346 0.066563 0.519776 0.352054 0.030261
2 2 0.014917 0.062766 0.707103 0.185135 0.030080
2 2 0.068459 0.175004 0.516719 0.028198 0.211620
2 2 0.083659 0.186066 0.500713 0.034124 0.195437
2 2 0.066252 0.120783 0.646923 0.096841 0.069201
2 2 0.057036 0.084766 0.491519 0.315746 0.050933
2 2 0.051473 0.114813 0.589365 0.130398 0.113952
3 2 0.083104 0.080242 0.358621 0.401631 0.076403
2 2 0.052911 0.123499 0.575225 0.214232 0.034133
2 2 0.013299 0.046393 0.685472 0.211315 0.043521
2 2 0.075394 0.134149 0.554770 0.090978 0.144709
2 2 0.043638 0.087319 0.623276 0.170055 0.075712
4 2 0.172092 0.072977 0.036432 0.006717 0.711782
4 1 0.258239 0.069383 0.027675 0.004813 0.639889
0 1 0.314574 0.128965 0.199743 0.216904 0.139813
3 1 0.207061 0.067476 0.228185 0.369214 0.128065
0 4 0.432503 0.147391 0.160212 0.058576 0.201318
2 4 0.039151 0.091221 0.597759 0.214579 0.057291
0 4 0.429722 0.133659 0.128174 0.060257 0.248188
0 0 0.657223 0.032027 0.077535 0.218929 0.014286
0 1 0.413669 0.090291 0.159042 0.319495 0.017503
2 1 0.043493 0.104141 0.618455 0.083801 0.150110
2 1 0.018890 0.081284 0.762039 0.088980 0.048806
2 1 0.073383 0.143605 0.518446 0.114707 0.149860
2 1 0.074739 0.168415 0.500315 0.032188 0.224343
2 1 0.042382 0.099328 0.588466 0.063309 0.206515
2 1 0.092564 0.163087 0.380636 0.032120 0.331592
4 1 0.219185 0.151837 0.202416 0.023832 0.402730
2 4 0.231323 0.144265 0.283320 0.087068 0.254023
4 4 0.133894 0.091467 0.278769 0.118715 0.377154
2 4 0.171862 0.166754 0.335513 0.109746 0.216125
2 4 0.058733 0.168380 0.642539 0.049925 0.080423
2 2 0.060217 0.151219 0.503045 0.074359 0.211159
2 2 0.144739 0.169677 0.403570 0.113450 0.168564
2 2 0.041005 0.133476 0.627518 0.085555 0.112446
2 2 0.061770 0.230160 0.535405 0.028082 0.144582
4 2 0.139306 0.201944 0.240197 0.018340 0.400214
0 2 0.277637 0.145477 0.232105 0.157477 0.187304
4 1 0.223569 0.146486 0.192812 0.093599 0.343534
2 1 0.115612 0.145093 0.427850 0.157105 0.154340
4 4 0.217837 0.085881 0.043581 0.008580 0.644120
2 4 0.186447 0.155245 0.272623 0.243127 0.142559
2 4 0.093875 0.161407 0.403620 0.050153 0.290945
2 4 0.081352 0.111800 0.531384 0.113952 0.161512
0 4 0.334527 0.122756 0.135406 0.087637 0.319674
4 4 0.255993 0.175846 0.182168 0.028317 0.357676
4 4 0.146211 0.127690 0.264849 0.072086 0.389164
4 4 0.170048 0.155013 0.308546 0.044632 0.321762
4 4 0.240405 0.140512 0.122187 0.040408 0.456488
4 4 0.200812 0.117195 0.079427 0.005878 0.596689
2 4 0.105675 0.151209 0.466382 0.104175 0.172559
3 4 0.061777 0.064323 0.380360 0.436595 0.056945
2 4 0.024637 0.085767 0.710493 0.142116 0.036986
4 4 0.250892 0.106390 0.164576 0.064501 0.413641
2 4 0.224876 0.194282 0.284213 0.098444 0.198185
0 4 0.309329 0.088484 0.220571 0.185072 0.196544
3 4 0.048449 0.056436 0.374425 0.505045 0.015645
2 4 0.281759 0.191564 0.316238 0.113850 0.096590
0 4 0.450848 0.128221 0.176456 0.133322 0.111153
2 4 0.034105 0.134762 0.693215 0.063519 0.074399
0 4 0.403174 0.141112 0.178484 0.111324 0.165906
0 0 0.631724 0.088001 0.115920 0.113214 0.051140
0 1 0.351805 0.127364 0.343423 0.110429 0.066979
2 1 0.068769 0.131103 0.590926 0.069567 0.139635
2 1 0.188708 0.214663 0.310524 0.026824 0.259280
2 1 0.133158 0.192657 0.412621 0.108740 0.152824
2 1 0.055580 0.157199 0.586432 0.030905 0.169885
2 1 0.039308 0.157136 0.642844 0.042734 0.117979
2 1 0.028047 0.099561 0.691748 0.101341 0.079302
4 1 0.133677 0.112944 0.287062 0.105533 0.360784
2 1 0.063655 0.137737 0.554815 0.101519 0.142275
2 1 0.029823 0.093903 0.673777 0.114082 0.088415
2 4 0.108076 0.115898 0.351926 0.098160 0.325939
2 4 0.081372 0.091399 0.458283 0.274567 0.094380
3 4 0.094967 0.060015 0.291843 0.493001 0.060175
2 4 0.189184 0.132655 0.325664 0.216345 0.136151
2 4 0.106777 0.184687 0.427677 0.052408 0.228450
2 4 0.139020 0.203457 0.367995 0.027732 0.261796
2 4 0.023322 0.066406 0.590848 0.276598 0.042827
4 4 0.264955 0.141201 0.190928 0.125340 0.277575
2 4 0.196107 0.198650 0.372702 0.048785 0.183756
2 4 0.030614 0.117697 0.724944 0.062388 0.064358
2 4 0.044912 0.136745 0.670468 0.055766 0.092109
2 4 0.072187 0.158595 0.560277 0.042555 0.166386
2 4 0.224946 0.114821 0.290791 0.157715 0.211728
4 4 0.318220 0.130027 0.152988 0.078669 0.320096
2 4 0.106457 0.150909 0.525440 0.117496 0.099698
2 4 0.232581 0.168035 0.361416 0.050907 0.187061
4 4 0.188775 0.197226 0.272968 0.047353 0.293677
2 4 0.079938 0.122036 0.496116 0.195808 0.106102
2 4 0.222131 0.116936 0.258571 0.231353 0.171010
2 1 0.071065 0.108983 0.620641 0.133471 0.065841
2 1 0.067926 0.182246 0.499662 0.026500 0.223666
2 1 0.052841 0.142510 0.498357 0.028677 0.277615
0 4 0.354774 0.155451 0.184188 0.079498 0.226089
0 4 0.298144 0.119628 0.228379 0.208109 0.145741
2 4 0.033501 0.133223 0.664146 0.043143 0.125987
2 4 0.051810 0.164105 0.522872 0.027384 0.233828
2 4 0.095622 0.213882 0.439499 0.015343 0.235655
2 4 0.017065 0.092317 0.722623 0.146790 0.021206
4 4 0.182265 0.175751 0.191601 0.011343 0.439040
2 4 0.077298 0.092905 0.424663 0.347514 0.057620
2 4 0.057430 0.089662 0.489961 0.284560 0.078388
2 4 0.073474 0.141889 0.514676 0.071938 0.198023
2 4 0.048728 0.133705 0.578682 0.097072 0.141813
2 4 0.023535 0.110100 0.753054 0.026121 0.087190
4 4 0.195976 0.079978 0.094502 0.030473 0.599071
3 4 0.099774 0.085068 0.300545 0.447656 0.066957
2 4 0.049013 0.099949 0.618755 0.161909 0.070374
4 4 0.314652 0.127444 0.097278 0.029112 0.431513
2 4 0.054274 0.077092 0.494203 0.295905 0.078526
2 4 0.040304 0.131508 0.661479 0.047552 0.119158
2 4 0.070879 0.103985 0.527327 0.132816 0.164993
4 4 0.315300 0.110803 0.144537 0.038491 0.390869
2 4 0.061918 0.131018 0.548492 0.151068 0.107504
2 4 0.083911 0.117252 0.524070 0.194778 0.079990
4 4 0.149851 0.114482 0.310517 0.073462 0.351689
3 4 0.050811 0.051772 0.331191 0.491402 0.074825
2 4 0.125097 0.149267 0.382222 0.199122 0.144291
0 4 0.667859 0.079364 0.103528 0.107059 0.042190
0 0 0.677079 0.077137 0.100363 0.105372 0.040049
3 1 0.256825 0.133490 0.245040 0.303146 0.061498
2 1 0.073348 0.111487 0.517141 0.175802 0.122222
4 1 0.175528 0.090200 0.215828 0.245175 0.273269
2 1 0.052577 0.167774 0.608815 0.030264 0.140569
2 1 0.060374 0.183025 0.418350 0.010514 0.327738
2 1 0.036886 0.111813 0.591492 0.057297 0.202512
2 1 0.056508 0.102074 0.564348 0.161790 0.115281
3 1 0.182311 0.083852 0.247528 0.442750 0.043559
2 1 0.054520 0.131438 0.580539 0.135641 0.097862
2 1 0.172728 0.185004 0.408021 0.023811 0.210436
4 1 0.132038 0.132506 0.294690 0.082025 0.358741
2 1 0.189292 0.126592 0.363061 0.068175 0.252880
4 1 0.366691 0.115072 0.067037 0.012614 0.438586
2 1 0.173994 0.222488 0.426014 0.049793 0.127710
3 1 0.028922 0.017847 0.166611 0.764653 0.021967
2 1 0.087314 0.082366 0.416905 0.358452 0.054963
2 2 0.032080 0.132119 0.716640 0.049565 0.069597
2 2 0.042729 0.094248 0.620888 0.117559 0.124576
2 2 0.121070 0.128361 0.351551 0.058494 0.340523
2 2 0.075430 0.118959 0.581609 0.105102 0.118900
2 2 0.096328 0.096463 0.404392 0.139866 0.262950
2 2 0.122910 0.120391 0.324006 0.123298 0.309396
2 2 0.187193 0.137963 0.369682 0.089936 0.215226
4 2 0.196177 0.118831 0.272578 0.113814 0.298600
2 2 0.042065 0.116842 0.626190 0.113792 0.101111
4 2 0.137267 0.126027 0.205049 0.053737 0.477920
2 2 0.041264 0.066156 0.434923 0.396624 0.061033
2 2 0.021592 0.061845 0.515997 0.378762 0.021804
2 2 0.039330 0.124701 0.616917 0.066290 0.152762
2 2 0.086280 0.169076 0.438755 0.035239 0.270650
2 2 0.072836 0.115346 0.540248 0.134397 0.137173
2 2 0.036048 0.102868 0.601590 0.167863 0.091632
2 2 0.083890 0.181952 0.447275 0.023282 0.263601
2 2 0.178880 0.252120 0.335947 0.013817 0.219236
2 2 0.030448 0.083841 0.623580 0.188097 0.074034
0 2 0.504372 0.148871 0.143628 0.023161 0.179968
0 2 0.534374 0.100107 0.066355 0.024862 0.274302
2 2 0.048804 0.152747 0.573150 0.056818 0.168481
0 2 0.369909 0.143766 0.201675 0.136187 0.148464
0 2 0.761298 0.056455 0.071545 0.087659 0.023043
2 2 0.029087 0.071870 0.513919 0.358661 0.026464
0 2 0.473135 0.123616 0.169236 0.131827 0.102186
3 2 0.201196 0.061130 0.214693 0.457084 0.065897
2 2 0.069848 0.075032 0.366969 0.339930 0.148222
2 2 0.064809 0.097176 0.402013 0.280568 0.155434
2 2 0.158581 0.151921 0.382545 0.122947 0.184007
2 2 0.095191 0.099330 0.427112 0.183590 0.194777
2 2 0.014138 0.054133 0.615580 0.272067 0.044083
3 2 0.083345 0.067791 0.251619 0.572200 0.025045
2 2 0.112791 0.128463 0.484056 0.154295 0.120396
2 2 0.030212 0.079563 0.632214 0.180184 0.077828
2 2 0.039018 0.119146 0.644421 0.071797 0.125618
2 2 0.027864 0.106954 0.696180 0.115701 0.053301
2 2 0.024434 0.077375 0.676052 0.176970 0.045168
2 2 0.027690 0.071039 0.744935 0.122787 0.033548
0 2 0.526551 0.112122 0.151586 0.127094 0.082647
2 2 0.027170 0.095174 0.745909 0.094232 0.037516
2 2 0.042948 0.128506 0.681015 0.078678 0.068854
3 2 0.016989 0.041454 0.455870 0.456064 0.029623
2 2 0.031987 0.073505 0.494302 0.342138 0.058068
2 2 0.039658 0.109603 0.621075 0.132556 0.097108
2 2 0.015294 0.062964 0.632918 0.264937 0.023887
2 2 0.043573 0.092969 0.579574 0.241868 0.042017
2 2 0.017165 0.059234 0.612189 0.277674 0.033738
2 2 0.040067 0.135311 0.654090 0.083538 0.086994
2 2 0.038856 0.116427 0.652645 0.075143 0.116929
2 2 0.020695 0.049993 0.560101 0.347627 0.021584
2 2 0.013287 0.050022 0.654283 0.260678 0.021730
4 2 0.085822 0.210686 0.204501 0.001495 0.497497
4 2 0.083699 0.194434 0.290919 0.004770 0.426179
2 2 0.084782 0.187449 0.515245 0.032238 0.180286
2 2 0.073407 0.204299 0.502471 0.020560 0.199262
2 2 0.128458 0.171808 0.344877 0.026677 0.328180
3 3 0.075285 0.098654 0.313829 0.375117 0.137115
2 3 0.082650 0.106968 0.431017 0.148199 0.231166
4 3 0.083440 0.228547 0.253686 0.001876 0.432451
2 3 0.058860 0.145916 0.544413 0.033728 0.217082
4 3 0.201451 0.169952 0.205989 0.059594 0.363013
2 3 0.258201 0.157299 0.259833 0.111073 0.213595
2 3 0.150774 0.216097 0.333326 0.032039 0.267764
2 3 0.103977 0.233953 0.435316 0.073653 0.153100
2 3 0.134343 0.117843 0.444898 0.200873 0.102044
2 3 0.093938 0.173893 0.484742 0.056155 0.191272
2 3 0.135570 0.136375 0.324781 0.169472 0.233802
2 3 0.121327 0.244382 0.470923 0.018374 0.144994
2 3 0.088471 0.133661 0.483426 0.070460 0.223983
2 3 0.154606 0.163445 0.322689 0.096013 0.263247
3 3 0.112424 0.102642 0.331447 0.377286 0.076200
2 3 0.177795 0.101279 0.340470 0.259354 0.121102
0 3 0.294562 0.165972 0.215931 0.085974 0.237562
2 3 0.147242 0.219001 0.409976 0.049215 0.174566
2 3 0.156199 0.142791 0.364009 0.113956 0.223045
2 3 0.283230 0.157814 0.284510 0.065500 0.208946
2 3 0.102103 0.142761 0.474062 0.164865 0.116209
3 3 0.191815 0.037640 0.176999 0.545127 0.048418
0 3 0.262039 0.165369 0.236049 0.123553 0.212990
2 3 0.194725 0.115211 0.261476 0.241113 0.187475
2 3 0.059673 0.068849 0.487180 0.288641 0.095657
2 3 0.123914 0.123528 0.475330 0.114411 0.162818
4 3 0.171519 0.089539 0.224768 0.147028 0.367146
2 3 0.283242 0.201875 0.323827 0.045422 0.145634
0 3 0.404079 0.118940 0.087007 0.030223 0.359750
2 3 0.128272 0.082011 0.413146 0.272753 0.103818
4 3 0.160622 0.188983 0.219524 0.052211 0.378659
2 3 0.127163 0.123108 0.393893 0.225032 0.130804
2 3 0.253428 0.201262 0.337433 0.056088 0.151789
3 3 0.137211 0.117934 0.254266 0.463702 0.026888
0 3 0.335150 0.149257 0.162178 0.075865 0.277549
3 3 0.131107 0.114754 0.322372 0.385837 0.045930
2 3 0.165446 0.140191 0.283571 0.236762 0.174031
3 3 0.021293 0.019957 0.167717 0.782171 0.008861
3 3 0.193055 0.136224 0.261615 0.361793 0.047313
3 3 0.098665 0.073429 0.319665 0.455328 0.052913
3 3 0.179801 0.090212 0.252227 0.391468 0.086292
0 3 0.354500 0.126276 0.119146 0.050685 0.349393
4 3 0.301495 0.109645 0.091108 0.032524 0.465228
3 3 0.249852 0.137592 0.232970 0.333783 0.045803
3 3 0.173853 0.124186 0.267515 0.377233 0.057213
3 3 0.049176 0.032689 0.229041 0.656597 0.032497
3 3 0.085099 0.057840 0.171576 0.679656 0.005829
0 3 0.385637 0.140910 0.196922 0.135962 0.140569
3 3 0.217266 0.070058 0.218856 0.430936 0.062883
3 3 0.141902 0.029164 0.172681 0.637653 0.018601
2 3 0.177644 0.076495 0.357863 0.304401 0.083597
3 3 0.202123 0.135681 0.256358 0.359683 0.046155
3 3 0.077356 0.037964 0.262350 0.588500 0.033830
0 3 0.326946 0.112445 0.272880 0.241062 0.046666
3 3 0.164862 0.075089 0.205291 0.535016 0.019743
3 3 0.030809 0.015238 0.111722 0.836783 0.005448
3 3 0.292038 0.065739 0.192873 0.334893 0.114457
3 3 0.088934 0.061167 0.272110 0.558012 0.019777
2 3 0.152632 0.127742 0.450402 0.217142 0.052082
0 3 0.768955 0.054551 0.068944 0.085830 0.021720
3 3 0.382451 0.044689 0.146575 0.389581 0.036704
