0 0 0.928792 0.022686 0.023249 0.000494 0.024779
0 0 0.435398 0.100471 0.328984 0.115495 0.019651
1 0 0.234433 0.394970 0.338706 0.003937 0.027954
0 0 0.951931 0.031051 0.009230 0.000030 0.007758
1 0 0.393017 0.494589 0.089333 0.000031 0.023031
0 0 0.600356 0.151477 0.086753 0.000687 0.160727
1 0 0.421029 0.429540 0.112575 0.000198 0.036658
4 0 0.236915 0.310050 0.024584 0.000056 0.428394
0 0 0.460365 0.133137 0.172918 0.001868 0.231712
2 0 0.128983 0.247681 0.541149 0.000963 0.081224
2 1 0.166997 0.218747 0.577478 0.002496 0.034282
2 1 0.014502 0.119014 0.804829 0.050544 0.011110
2 2 0.013697 0.039957 0.622117 0.310228 0.014001
2 2 0.006562 0.015491 0.611260 0.365947 0.000739
3 2 0.081309 0.023323 0.434596 0.459251 0.001520
0 2 0.882325 0.057013 0.028118 0.002467 0.030077
2 2 0.128742 0.208918 0.583473 0.034174 0.044693
2 2 0.008856 0.180701 0.753937 0.037757 0.018747
2 2 0.000735 0.144135 0.702725 0.040997 0.111408
2 2 0.005341 0.413766 0.530354 0.000015 0.050524
2 2 0.013592 0.163354 0.572168 0.154627 0.096259
3 2 0.001345 0.024203 0.254963 0.654141 0.065348
4 2 0.157596 0.196909 0.265139 0.067439 0.312916
4 2 0.025090 0.101514 0.357062 0.000981 0.515353
2 1 0.177616 0.309469 0.426080 0.031802 0.055032
0 1 0.429540 0.345760 0.196474 0.000510 0.027715
0 1 0.931616 0.043215 0.016045 0.000048 0.009076
3 1 0.179540 0.090787 0.313630 0.398267 0.017776
0 0 0.757130 0.164682 0.061269 0.000002 0.016918
2 0 0.023819 0.045173 0.930643 0.000014 0.000351
1 1 0.133222 0.664368 0.199982 0.000001 0.002427
2 1 0.079586 0.053335 0.792120 0.069004 0.005954
0 0 0.962259 0.018365 0.003871 0.000272 0.015233
4 0 0.292579 0.067546 0.107629 0.012353 0.519893
0 0 0.296075 0.271023 0.227839 0.001034 0.204029
1 0 0.266688 0.304639 0.210817 0.005276 0.212580
4 1 0.052664 0.137564 0.129464 0.017672 0.662635
2 1 0.074286 0.173775 0.579269 0.004802 0.167868
2 1 0.085836 0.241818 0.555976 0.093485 0.022885
2 2 0.037992 0.111555 0.746238 0.000492 0.103722
2 2 0.001668 0.056780 0.862385 0.057637 0.021529
2 2 0.001741 0.017181 0.802745 0.173593 0.004741
2 2 0.000157 0.002224 0.993979 0.003509 0.000131
2 2 0.000821 0.059947 0.926202 0.010637 0.002393
2 2 0.005349 0.004928 0.981904 0.007700 0.000119
2 2 0.000019 0.000675 0.996656 0.002609 0.000041
2 2 0.000104 0.001249 0.996297 0.002340 0.000009
2 2 0.000027 0.001171 0.980053 0.018697 0.000052
2 2 0.000117 0.001957 0.851970 0.145768 0.000189
2 2 0.000127 0.001694 0.945223 0.052929 0.000026
2 2 0.000104 0.002272 0.956433 0.041104 0.000087
2 2 0.000117 0.001502 0.918845 0.079526 0.000010
2 2 0.040788 0.019233 0.840329 0.098671 0.000978
2 2 0.000000 0.000053 0.549460 0.450486 0.000000
3 3 0.000046 0.001280 0.372033 0.626622 0.000019
2 3 0.000005 0.000576 0.839125 0.160292 0.000002
2 3 0.003076 0.010708 0.559706 0.420312 0.006198
2 3 0.000187 0.005962 0.894267 0.099177 0.000407
2 3 0.000738 0.005797 0.545270 0.447887 0.000308
2 3 0.000003 0.000184 0.530270 0.469543 0.000000
3 3 0.000047 0.000555 0.348732 0.650660 0.000006
3 3 0.000120 0.001322 0.494334 0.504219 0.000005
3 3 0.000002 0.000062 0.127541 0.872395 0.000000
3 3 0.000214 0.001520 0.090272 0.907132 0.000862
3 3 0.000211 0.000950 0.084127 0.914605 0.000107
3 3 0.000125 0.001224 0.253679 0.744814 0.000158
2 3 0.000053 0.003250 0.546748 0.449357 0.000592
3 3 0.000000 0.000034 0.021882 0.978082 0.000002
3 3 0.000001 0.000127 0.045168 0.954699 0.000005
3 3 0.000018 0.000620 0.270299 0.729054 0.000009
3 3 0.012671 0.006435 0.220961 0.759601 0.000333
3 3 0.000009 0.000427 0.177786 0.821719 0.000059
3 3 0.000014 0.000473 0.075983 0.923437 0.000093
3 3 0.000053 0.000922 0.256298 0.742710 0.000017
3 3 0.000228 0.001800 0.145630 0.852302 0.000040
3 3 0.000017 0.000250 0.028795 0.970931 0.000007
3 3 0.000016 0.000265 0.056945 0.942771 0.000003
3 3 0.000270 0.006544 0.160686 0.824604 0.007896
3 3 0.000111 0.001139 0.097371 0.901351 0.000028
3 3 0.000034 0.000865 0.248707 0.750384 0.000010
2 3 0.003443 0.026228 0.718236 0.248479 0.003615
3 3 0.000008 0.000275 0.103483 0.896208 0.000025
3 3 0.000032 0.000883 0.241983 0.757096 0.000006
3 3 0.000007 0.000540 0.152880 0.846568 0.000006
2 3 0.000875 0.003213 0.646867 0.349002 0.000043
3 3 0.000016 0.000508 0.129192 0.870251 0.000033
3 3 0.000036 0.000731 0.078309 0.920848 0.000078
3 3 0.000332 0.002421 0.394448 0.602658 0.000141
3 3 0.000032 0.000612 0.151759 0.847543 0.000053
3 3 0.000075 0.004655 0.259367 0.734483 0.001420
3 3 0.000000 0.000099 0.106619 0.893278 0.000004
3 3 0.000001 0.000191 0.080339 0.919449 0.000020
3 3 0.000005 0.000829 0.187327 0.811745 0.000094
2 3 0.002116 0.003769 0.586166 0.407915 0.000034
3 3 0.000001 0.000113 0.022560 0.977306 0.000020
3 3 0.000006 0.000077 0.016668 0.983247 0.000001
3 3 0.000001 0.000181 0.156813 0.843001 0.000004
3 3 0.000014 0.000276 0.025901 0.973780 0.000030
3 3 0.000005 0.000245 0.092669 0.907073 0.000008
3 3 0.000023 0.000767 0.169209 0.829710 0.000291
2 3 0.000406 0.004501 0.534271 0.460554 0.000268
0 2 0.574230 0.072383 0.323435 0.009159 0.020792
0 1 0.806939 0.086245 0.040854 0.002807 0.063156
2 2 0.004577 0.069082 0.729685 0.183129 0.013527
0 2 0.879813 0.051669 0.022834 0.000533 0.045151
0 1 0.732554 0.134502 0.090051 0.000192 0.042700
2 1 0.164171 0.089454 0.640908 0.098570 0.006897
0 1 0.811201 0.103745 0.078020 0.000015 0.007019
4 1 0.140756 0.072612 0.186848 0.004518 0.595266
2 2 0.249934 0.241281 0.493776 0.002861 0.012149
2 2 0.054536 0.174465 0.667244 0.084353 0.019401
2 2 0.002491 0.072644 0.912054 0.005442 0.007369
2 2 0.013192 0.096261 0.844537 0.043935 0.002075
2 2 0.001190 0.085437 0.900726 0.004189 0.008457
2 2 0.017580 0.247863 0.713620 0.000807 0.020130
2 2 0.000328 0.014397 0.978938 0.006075 0.000262
2 2 0.006820 0.093223 0.858340 0.016062 0.025556
2 2 0.009059 0.019204 0.909643 0.060491 0.001603
2 2 0.000290 0.005911 0.939419 0.054279 0.000101
2 2 0.001056 0.054264 0.913384 0.006202 0.025094
2 2 0.000012 0.002907 0.995844 0.000890 0.000347
2 2 0.006339 0.039593 0.865425 0.084826 0.003817
2 2 0.067152 0.342640 0.492026 0.064690 0.033492
2 2 0.001891 0.033618 0.951168 0.005422 0.007901
2 2 0.009744 0.117053 0.771088 0.027484 0.074632
2 2 0.016876 0.103116 0.870071 0.006985 0.002953
2 2 0.001068 0.032089 0.954821 0.010579 0.001444
2 2 0.001272 0.064131 0.928359 0.002705 0.003533
2 2 0.000058 0.001727 0.993130 0.004977 0.000108
2 2 0.002231 0.038633 0.942519 0.012900 0.003716
2 2 0.000080 0.010489 0.959011 0.028459 0.001962
2 2 0.000005 0.000911 0.926488 0.072556 0.000041
2 2 0.003310 0.077019 0.640930 0.008520 0.270222
2 2 0.001307 0.014420 0.847271 0.132013 0.004989
2 2 0.000031 0.001834 0.925466 0.072558 0.000112
2 2 0.004493 0.066803 0.909331 0.011768 0.007604
2 2 0.001116 0.015076 0.943216 0.007754 0.032838
2 2 0.000275 0.010368 0.979333 0.006449 0.003575
2 2 0.000289 0.020548 0.906051 0.066262 0.006849
2 2 0.000001 0.000345 0.982289 0.017362 0.000004
2 2 0.002621 0.042829 0.776009 0.166952 0.011589
2 2 0.000575 0.004744 0.962531 0.031986 0.000164
2 2 0.009272 0.028873 0.929858 0.026359 0.005638
2 2 0.000027 0.001552 0.912112 0.086101 0.000209
2 2 0.001030 0.002702 0.977271 0.018402 0.000595
2 2 0.000009 0.000539 0.988977 0.010398 0.000077
2 2 0.000001 0.000519 0.891048 0.108404 0.000029
2 2 0.000208 0.007816 0.926991 0.063750 0.001236
2 2 0.000143 0.006646 0.937144 0.054934 0.001132
3 2 0.000000 0.000048 0.343677 0.656275 0.000000
2 2 0.000030 0.001785 0.826551 0.171578 0.000056
2 2 0.000003 0.000881 0.993251 0.005837 0.000028
2 2 0.000088 0.001059 0.974849 0.023971 0.000032
2 2 0.001735 0.049461 0.889880 0.022920 0.036004
2 2 0.000129 0.001659 0.971016 0.027150 0.000046
2 2 0.000020 0.000578 0.921622 0.077758 0.000022
2 2 0.000072 0.000895 0.951762 0.047224 0.000047
2 2 0.002483 0.009321 0.877972 0.106354 0.003870
2 2 0.000046 0.001677 0.713840 0.284278 0.000158
3 2 0.000234 0.004163 0.417020 0.578029 0.000554
2 2 0.000180 0.005310 0.764329 0.227034 0.003148
3 2 0.000016 0.000223 0.237773 0.761987 0.000001
2 2 0.000964 0.004354 0.830266 0.164122 0.000293
2 2 0.003266 0.006593 0.608191 0.381748 0.000202
3 2 0.000000 0.000044 0.028711 0.971245 0.000000
2 2 0.000204 0.011526 0.885554 0.102124 0.000593
2 2 0.000413 0.005154 0.736852 0.257462 0.000119
3 2 0.000079 0.000575 0.106430 0.892895 0.000021
3 3 0.000039 0.000791 0.443469 0.555695 0.000007
3 3 0.000048 0.000623 0.202332 0.796902 0.000096
3 3 0.000055 0.001251 0.452763 0.545875 0.000055
3 3 0.000032 0.000340 0.336032 0.663594 0.000001
3 3 0.000002 0.000136 0.350734 0.649128 0.000001
3 3 0.000666 0.009946 0.163277 0.814038 0.012073
3 3 0.000007 0.000395 0.251389 0.748208 0.000001
3 3 0.000007 0.000219 0.068073 0.931696 0.000004
3 3 0.000012 0.000157 0.088382 0.911445 0.000004
3 3 0.000149 0.003151 0.215880 0.780446 0.000374
3 3 0.000325 0.003149 0.298409 0.697020 0.001097
2 3 0.000748 0.002422 0.579268 0.417392 0.000171
3 3 0.000001 0.000157 0.047088 0.952731 0.000023
3 3 0.000004 0.000278 0.039867 0.959651 0.000201
3 3 0.000187 0.001170 0.267062 0.731573 0.000010
3 3 0.000040 0.000562 0.039833 0.959541 0.000024
3 3 0.000087 0.001096 0.077680 0.920279 0.000858
3 3 0.000004 0.000080 0.023870 0.976041 0.000005
2 3 0.000389 0.006546 0.590692 0.400899 0.001475
3 3 0.000312 0.001643 0.130077 0.867928 0.000040
3 3 0.000004 0.000120 0.025813 0.974046 0.000017
3 3 0.000003 0.000139 0.047187 0.952660 0.000011
3 3 0.000106 0.001833 0.086806 0.910644 0.000612
3 3 0.002622 0.003083 0.093121 0.900874 0.000301
3 3 0.000008 0.000206 0.090247 0.909526 0.000013
3 3 0.000062 0.000791 0.073518 0.925322 0.000307
3 3 0.000006 0.000389 0.092636 0.906961 0.000008
3 3 0.000104 0.000624 0.026335 0.972843 0.000095
3 3 0.000488 0.006053 0.202077 0.786393 0.004988
3 3 0.000573 0.003743 0.374613 0.620484 0.000587
3 3 0.000136 0.001851 0.284298 0.713561 0.000154
3 3 0.000001 0.000104 0.056984 0.942908 0.000003
3 3 0.000014 0.000438 0.038303 0.961193 0.000053
3 3 0.000032 0.000628 0.050118 0.949114 0.000109
3 3 0.000969 0.002620 0.131793 0.864197 0.000421
3 3 0.000068 0.000362 0.027836 0.971721 0.000014
3 3 0.000826 0.002270 0.117488 0.878872 0.000543
3 3 0.000234 0.001368 0.114628 0.883737 0.000033
3 3 0.000191 0.001763 0.130632 0.866879 0.000534
3 3 0.000068 0.000812 0.053744 0.945322 0.000055
3 3 0.000125 0.001448 0.099949 0.898411 0.000067
3 3 0.000004 0.000069 0.007110 0.992814 0.000003
3 3 0.000016 0.000089 0.005478 0.994411 0.000006
3 3 0.000006 0.000172 0.044474 0.955346 0.000002
3 3 0.000003 0.000501 0.125729 0.873665 0.000103
3 3 0.000272 0.000981 0.066462 0.932066 0.000219
3 3 0.000038 0.000549 0.119541 0.879839 0.000034
3 3 0.000032 0.000402 0.023494 0.975735 0.000338
3 3 0.002010 0.002687 0.088657 0.905837 0.000809
3 3 0.000043 0.004120 0.218656 0.776625 0.000556
3 3 0.000007 0.000291 0.070217 0.929470 0.000015
3 3 0.000055 0.000301 0.020701 0.978914 0.000029
3 3 0.000001 0.000043 0.028313 0.971642 0.000001
3 3 0.000074 0.002294 0.168015 0.829105 0.000511
3 3 0.000087 0.000630 0.060510 0.938758 0.000014
3 3 0.000071 0.000656 0.051827 0.947375 0.000071
3 3 0.000028 0.000774 0.192154 0.807023 0.000021
3 3 0.000002 0.000061 0.039074 0.960863 0.000001
3 3 0.000017 0.000442 0.043955 0.955558 0.000028
3 3 0.000011 0.000179 0.023894 0.975885 0.000032
3 3 0.000229 0.001025 0.029165 0.969453 0.000129
3 3 0.000000 0.000011 0.013335 0.986654 0.000000
3 3 0.000089 0.000811 0.093705 0.905335 0.000059
3 3 0.000837 0.003551 0.069240 0.924522 0.001850
3 3 0.000056 0.000693 0.103942 0.895224 0.000086
3 3 0.000009 0.000428 0.070418 0.929123 0.000022
3 3 0.000277 0.001335 0.101562 0.896789 0.000037
2 2 0.026156 0.227488 0.646826 0.023311 0.076219
2 2 0.007647 0.048284 0.554460 0.384383 0.005226
2 2 0.005215 0.329227 0.652165 0.005868 0.007525
2 2 0.005130 0.136618 0.764704 0.082068 0.011480
2 2 0.001706 0.063411 0.847710 0.080335 0.006837
2 2 0.143867 0.192513 0.646194 0.004823 0.012603
2 2 0.001231 0.111323 0.881961 0.003251 0.002233
2 2 0.007931 0.082852 0.896164 0.011957 0.001097
2 2 0.003680 0.140152 0.850011 0.001739 0.004418
2 2 0.004185 0.088071 0.904184 0.000230 0.003330
2 2 0.030388 0.219367 0.725970 0.013104 0.011171
2 2 0.000416 0.065329 0.909652 0.023283 0.001320
2 2 0.000005 0.006649 0.991111 0.001949 0.000286
2 2 0.000045 0.007601 0.825654 0.157290 0.009411
2 4 0.001320 0.066693 0.870273 0.016202 0.045512
2 4 0.000569 0.045272 0.911727 0.032790 0.009643
2 4 0.000099 0.041517 0.929427 0.004567 0.024391
2 4 0.015804 0.242355 0.580332 0.000756 0.160752
4 4 0.017897 0.194544 0.201469 0.007224 0.578866
2 4 0.008255 0.353101 0.543001 0.006298 0.089345
2 4 0.008541 0.116127 0.655969 0.007631 0.211732
2 4 0.002732 0.069446 0.860103 0.005624 0.062095
1 4 0.067229 0.450266 0.409586 0.001240 0.071679
2 4 0.036507 0.356056 0.496793 0.002629 0.108014
2 4 0.000627 0.066569 0.860751 0.010721 0.061333
2 4 0.041371 0.075434 0.686560 0.002036 0.194600
1 4 0.050392 0.430071 0.330561 0.000559 0.188417
2 4 0.013023 0.164703 0.646671 0.061943 0.113660
2 4 0.002903 0.179607 0.604353 0.001207 0.211930
2 4 0.072077 0.333841 0.376459 0.018771 0.198852
2 4 0.005305 0.192755 0.602958 0.007700 0.191282
2 4 0.028618 0.155840 0.618736 0.050757 0.146049
0 4 0.840443 0.093089 0.052699 0.000146 0.013624
4 4 0.004229 0.214875 0.365755 0.002406 0.412735
4 4 0.040476 0.276409 0.209266 0.014420 0.459429
2 4 0.139073 0.194258 0.353623 0.004107 0.308939
4 4 0.012185 0.055458 0.047403 0.003776 0.881178
4 4 0.074978 0.027598 0.030732 0.001297 0.865394
4 4 0.017565 0.041414 0.260234 0.001295 0.679492
2 4 0.042319 0.138221 0.507294 0.002187 0.309979
4 4 0.027165 0.222902 0.254024 0.001181 0.494728
2 4 0.003891 0.186023 0.408239 0.032451 0.369397
4 4 0.012640 0.282139 0.151760 0.004235 0.549226
2 4 0.002285 0.149320 0.521346 0.007712 0.319338
4 4 0.046707 0.104598 0.101825 0.000056 0.746814
4 4 0.004635 0.201116 0.334520 0.004183 0.455545
4 4 0.129845 0.166796 0.287086 0.006736 0.409537
2 4 0.000414 0.100378 0.799821 0.002475 0.096912
4 4 0.068209 0.090326 0.083806 0.000964 0.756695
4 4 0.025306 0.218042 0.229749 0.001741 0.525163
2 4 0.001077 0.175446 0.712063 0.002700 0.108715
1 4 0.022176 0.384017 0.336552 0.000692 0.256563
4 4 0.007912 0.183443 0.347858 0.000408 0.460378
2 4 0.002554 0.148000 0.560522 0.003334 0.285589
4 4 0.066140 0.307988 0.273387 0.000286 0.352198
4 4 0.035129 0.111477 0.168270 0.019348 0.665776
4 4 0.007847 0.091922 0.352119 0.002658 0.545454
2 4 0.000289 0.064430 0.851856 0.002917 0.080508
2 4 0.004461 0.177084 0.546086 0.001222 0.271147
2 4 0.010722 0.240425 0.433321 0.001505 0.314027
2 2 0.007667 0.203277 0.436823 0.010019 0.342214
2 2 0.000422 0.048085 0.934825 0.007851 0.008817
2 2 0.000033 0.001958 0.985749 0.011907 0.000353
2 2 0.000018 0.003321 0.989072 0.006481 0.001108
2 2 0.000199 0.065058 0.881521 0.012707 0.040515
2 2 0.000366 0.030632 0.920410 0.025542 0.023051
2 2 0.001303 0.061395 0.926185 0.000419 0.010699
2 2 0.001094 0.013081 0.974839 0.002356 0.008631
2 2 0.001149 0.035147 0.954230 0.001919 0.007555
2 2 0.000075 0.004104 0.990677 0.001330 0.003814
2 2 0.001273 0.035492 0.923706 0.010650 0.028878
2 2 0.003540 0.112703 0.820166 0.011393 0.052198
2 2 0.000130 0.046775 0.925899 0.009735 0.017462
2 2 0.005075 0.026651 0.886003 0.045581 0.036690
2 2 0.000098 0.007261 0.983420 0.007672 0.001548
2 2 0.001091 0.011624 0.956572 0.017742 0.012971
2 2 0.000069 0.006317 0.958668 0.033303 0.001643
2 2 0.000052 0.008008 0.976435 0.008583 0.006921
2 2 0.000888 0.020239 0.940507 0.024728 0.013638
2 2 0.000673 0.012809 0.942701 0.039946 0.003870
2 2 0.000511 0.015382 0.972332 0.005983 0.005792
2 2 0.000036 0.001474 0.992519 0.005909 0.000063
2 2 0.006776 0.027991 0.951784 0.006503 0.006946
2 2 0.000086 0.008669 0.971598 0.018284 0.001363
2 2 0.000031 0.001707 0.986920 0.011313 0.000029
2 2 0.004669 0.015474 0.957709 0.016891 0.005257
2 2 0.000122 0.006367 0.892552 0.099956 0.001003
2 2 0.000489 0.005848 0.978798 0.013665 0.001201
2 2 0.000562 0.019951 0.973428 0.004428 0.001632
2 2 0.000016 0.000571 0.994304 0.005064 0.000044
2 2 0.009691 0.028396 0.831089 0.083682 0.047143
2 2 0.000483 0.008279 0.977416 0.012664 0.001157
1 1 0.144601 0.536180 0.275183 0.000976 0.043060
2 1 0.010915 0.369514 0.606081 0.004332 0.009156
2 2 0.015819 0.124470 0.857937 0.000287 0.001487
2 2 0.001399 0.069366 0.919011 0.004960 0.005264
2 2 0.002370 0.029550 0.812250 0.149030 0.006800
2 2 0.024300 0.224599 0.728110 0.003158 0.019833
2 2 0.003144 0.081181 0.912002 0.000409 0.003264
2 2 0.000017 0.007473 0.990243 0.002073 0.000194
2 2 0.001592 0.029967 0.955934 0.007879 0.004628
2 2 0.001797 0.200885 0.786369 0.002218 0.008732
2 2 0.000842 0.066773 0.930987 0.000126 0.001272
2 2 0.000434 0.005115 0.866538 0.127850 0.000063
2 2 0.000411 0.035594 0.960491 0.003195 0.000310
2 2 0.000297 0.016185 0.982817 0.000483 0.000219
2 2 0.001665 0.015425 0.980835 0.001933 0.000141
2 2 0.000279 0.010199 0.985218 0.004017 0.000286
2 2 0.003936 0.020997 0.970260 0.004468 0.000338
2 2 0.000305 0.009527 0.988102 0.001905 0.000160
1 1 0.283752 0.348643 0.333633 0.003661 0.030310
2 1 0.004994 0.104539 0.874862 0.008728 0.006878
2 2 0.003503 0.034559 0.945090 0.012534 0.004314
2 2 0.012062 0.243778 0.698741 0.011895 0.033524
2 2 0.000707 0.045575 0.952282 0.000253 0.001183
2 2 0.002528 0.019942 0.973812 0.003190 0.000528
2 2 0.001609 0.042674 0.949550 0.003218 0.002949
2 2 0.055772 0.039386 0.890902 0.009909 0.004031
2 2 0.003750 0.091931 0.901439 0.001349 0.001531
2 2 0.000041 0.021017 0.965229 0.013019 0.000693
2 2 0.000782 0.035883 0.955921 0.005569 0.001845
2 2 0.005263 0.152295 0.815965 0.004546 0.021930
2 2 0.002915 0.123298 0.806092 0.050265 0.017430
2 2 0.015616 0.100686 0.871158 0.004454 0.008086
2 2 0.029156 0.208446 0.714335 0.008244 0.039819
2 2 0.005355 0.246806 0.737270 0.001727 0.008841
2 2 0.006530 0.049867 0.927773 0.015279 0.000551
0 0 0.960928 0.019708 0.014459 0.000051 0.004853
1 1 0.260812 0.466276 0.245831 0.000433 0.026648
2 2 0.006661 0.135287 0.842029 0.005223 0.010800
2 2 0.006857 0.117042 0.777916 0.081998 0.016187
2 2 0.000364 0.076856 0.899142 0.002075 0.021563
2 2 0.001395 0.168929 0.810069 0.001481 0.018126
2 2 0.001904 0.046118 0.947022 0.001883 0.003073
2 2 0.000224 0.014099 0.982396 0.000549 0.002731
2 2 0.000247 0.035110 0.958749 0.001257 0.004637
2 2 0.003410 0.015081 0.974608 0.006436 0.000465
2 2 0.002860 0.078789 0.901624 0.013010 0.003717
2 2 0.000040 0.000900 0.996133 0.002923 0.000003
2 2 0.002833 0.025343 0.969627 0.000927 0.001270
2 2 0.000116 0.017528 0.974130 0.007889 0.000337
2 2 0.000033 0.004591 0.949511 0.045777 0.000089
2 2 0.000870 0.025489 0.913681 0.055687 0.004273
2 2 0.000198 0.010025 0.984549 0.005131 0.000096
2 2 0.000230 0.010489 0.960200 0.028765 0.000316
2 2 0.000004 0.000568 0.997147 0.002279 0.000003
2 2 0.001532 0.005954 0.961095 0.031121 0.000298
2 2 0.000103 0.004061 0.989688 0.006136 0.000013
2 2 0.000006 0.005535 0.976715 0.017615 0.000130
2 2 0.000020 0.002011 0.965004 0.032954 0.000011
2 2 0.000108 0.002494 0.977325 0.020025 0.000048
2 2 0.000079 0.005449 0.987322 0.007097 0.000054
2 2 0.002721 0.011041 0.968440 0.017486 0.000311
2 2 0.000316 0.003184 0.865104 0.131355 0.000042
2 2 0.000159 0.003358 0.980147 0.016246 0.000089
2 2 0.000086 0.000743 0.900032 0.099135 0.000004
2 2 0.000228 0.026338 0.960198 0.012336 0.000901
2 2 0.000037 0.001099 0.540852 0.458009 0.000004
2 2 0.000849 0.003068 0.845721 0.150330 0.000031
2 2 0.001603 0.010662 0.957220 0.029144 0.001371
2 2 0.000248 0.005827 0.813177 0.180665 0.000083
2 2 0.019129 0.256599 0.645644 0.049629 0.028999
2 2 0.002967 0.014415 0.720897 0.260879 0.000842
2 2 0.043922 0.048729 0.868433 0.035248 0.003668
2 2 0.000018 0.001044 0.860809 0.138122 0.000006
3 2 0.000097 0.001055 0.272936 0.725902 0.000011
2 2 0.001749 0.013156 0.620878 0.358741 0.005475
3 3 0.000045 0.001924 0.485292 0.512715 0.000025
2 3 0.006123 0.028757 0.607984 0.353723 0.003413
3 3 0.000002 0.000429 0.284629 0.714934 0.000007
2 3 0.000023 0.001323 0.538571 0.460029 0.000053
3 3 0.000010 0.000818 0.254568 0.744561 0.000044
2 3 0.000014 0.000715 0.733176 0.266082 0.000012
2 3 0.004879 0.005554 0.777160 0.212361 0.000044
3 3 0.000573 0.003809 0.236063 0.758978 0.000578
3 3 0.000909 0.005229 0.294561 0.699061 0.000241
3 3 0.015151 0.022083 0.423685 0.537426 0.001656
3 3 0.000161 0.001023 0.300719 0.698090 0.000007
3 3 0.000001 0.000348 0.190429 0.809215 0.000007
3 3 0.000460 0.003277 0.154426 0.841729 0.000108
2 3 0.045595 0.024345 0.639144 0.289119 0.001797
3 3 0.000012 0.000289 0.044828 0.954866 0.000005
3 3 0.000066 0.000483 0.041360 0.958049 0.000042
3 3 0.003884 0.009310 0.143176 0.840593 0.003037
3 3 0.000007 0.000457 0.124628 0.874879 0.000029
3 3 0.001144 0.003475 0.184103 0.811167 0.000112
3 3 0.000027 0.000886 0.247373 0.751626 0.000088
3 3 0.000065 0.001549 0.189724 0.808437 0.000226
3 3 0.000049 0.000357 0.022022 0.977555 0.000017
3 3 0.000010 0.000688 0.066766 0.932496 0.000039
3 3 0.000013 0.000226 0.195632 0.804127 0.000001
3 3 0.000082 0.000812 0.053084 0.945936 0.000086
3 3 0.000007 0.000443 0.145758 0.853770 0.000023
3 3 0.000206 0.002668 0.100156 0.895576 0.001394
3 3 0.000013 0.000532 0.090923 0.908391 0.000140
3 3 0.001278 0.004477 0.259994 0.733777 0.000474
3 3 0.000128 0.000533 0.022713 0.976591 0.000036
3 3 0.000001 0.000153 0.133854 0.865990 0.000002
3 3 0.000094 0.001265 0.213558 0.785029 0.000054
2 3 0.016143 0.016064 0.541432 0.425833 0.000528
3 3 0.000080 0.000843 0.071227 0.927786 0.000064
3 3 0.000012 0.000282 0.027939 0.971733 0.000034
3 3 0.000102 0.001831 0.153845 0.843977 0.000244
2 3 0.000011 0.000841 0.699976 0.299144 0.000028
3 3 0.000001 0.000056 0.019071 0.980872 0.000001
3 3 0.000021 0.001229 0.051609 0.947083 0.000058
3 3 0.000067 0.000796 0.259662 0.739469 0.000006
2 3 0.000239 0.004241 0.678684 0.315546 0.001290
3 3 0.000054 0.001134 0.356485 0.642292 0.000035
3 3 0.000355 0.001581 0.183528 0.814122 0.000414
3 3 0.000134 0.000795 0.079370 0.919626 0.000075
3 3 0.000409 0.005771 0.193680 0.799469 0.000671
3 3 0.000090 0.002433 0.220353 0.776304 0.000820
3 3 0.000224 0.002596 0.245245 0.750019 0.001917
3 3 0.000016 0.001017 0.204653 0.794146 0.000168
3 3 0.000008 0.000879 0.065748 0.933300 0.000065
3 3 0.001486 0.004685 0.128009 0.865383 0.000436
3 3 0.000006 0.000571 0.197246 0.802022 0.000156
3 3 0.000004 0.000265 0.228419 0.771311 0.000002
2 2 0.001750 0.063966 0.922556 0.009757 0.001972
2 1 0.207039 0.092108 0.697455 0.001482 0.001917
2 1 0.015453 0.229838 0.730896 0.010505 0.013308
2 2 0.000092 0.002467 0.986081 0.011337 0.000023
2 2 0.000523 0.059362 0.931687 0.001797 0.006630
2 2 0.014892 0.456274 0.472068 0.008315 0.048450
2 2 0.000103 0.023271 0.975215 0.000421 0.000990
2 2 0.001573 0.100977 0.879341 0.007903 0.010205
2 2 0.008310 0.175853 0.786076 0.001685 0.028076
2 2 0.001441 0.204938 0.782139 0.001034 0.010447
2 2 0.004567 0.290601 0.693881 0.001424 0.009527
2 2 0.030389 0.429122 0.524951 0.001160 0.014378
2 2 0.110295 0.255058 0.623939 0.001101 0.009607
2 2 0.011026 0.055528 0.924330 0.000908 0.008208
2 2 0.000524 0.021872 0.963084 0.013147 0.001373
2 2 0.001842 0.087324 0.812483 0.088348 0.010002
2 2 0.001281 0.114578 0.485468 0.022418 0.376254
2 4 0.001296 0.140824 0.686648 0.039225 0.132008
2 4 0.000218 0.043118 0.871414 0.040177 0.045074
2 4 0.002389 0.089101 0.817132 0.010525 0.080853
4 4 0.003890 0.035958 0.142051 0.024705 0.793396
1 4 0.121998 0.503413 0.307075 0.000547 0.066966
2 4 0.006969 0.213505 0.376717 0.026919 0.375890
4 4 0.036900 0.200207 0.362488 0.017852 0.382552
2 4 0.009268 0.237726 0.367487 0.023623 0.361897
4 4 0.090822 0.237186 0.092912 0.001044 0.578037
4 4 0.100405 0.202406 0.123289 0.004466 0.569433
4 4 0.068287 0.076048 0.067158 0.000389 0.788119
2 4 0.331007 0.118700 0.374349 0.010015 0.165930
4 4 0.013119 0.091427 0.324514 0.002398 0.568542
1 4 0.397236 0.406466 0.143328 0.000062 0.052908
1 4 0.057912 0.445539 0.171829 0.000382 0.324337
2 4 0.296181 0.293829 0.327827 0.002052 0.080112
1 4 0.178504 0.342671 0.196877 0.003329 0.278619
4 4 0.009831 0.150569 0.360930 0.004063 0.474607
0 4 0.858451 0.045965 0.034629 0.000103 0.060852
4 4 0.139048 0.027362 0.015598 0.000139 0.817852
2 4 0.062074 0.175054 0.697497 0.004436 0.060938
0 0 0.869582 0.076503 0.047237 0.000040 0.006638
1 0 0.325112 0.379853 0.270882 0.001081 0.023071
1 1 0.113525 0.682795 0.155406 0.000914 0.047359
2 1 0.028555 0.368056 0.560378 0.025965 0.017047
1 1 0.097069 0.550046 0.242712 0.001653 0.108520
2 2 0.010523 0.192311 0.769586 0.001387 0.026193
2 2 0.000945 0.050386 0.936298 0.006808 0.005563
2 2 0.000816 0.151114 0.833774 0.000407 0.013889
2 2 0.000611 0.035456 0.959936 0.000390 0.003607
2 2 0.006469 0.394693 0.586796 0.001366 0.010677
2 2 0.000005 0.001481 0.997629 0.000813 0.000072
2 2 0.010667 0.119932 0.787912 0.003142 0.078347
2 2 0.007157 0.041420 0.889053 0.020120 0.042250
2 2 0.007028 0.063862 0.913790 0.005137 0.010183
2 2 0.001010 0.008379 0.975749 0.012855 0.002007
2 2 0.000016 0.001055 0.996884 0.001899 0.000146
2 2 0.000476 0.042811 0.912041 0.023604 0.021068
2 2 0.000931 0.021699 0.972624 0.002104 0.002642
2 2 0.000545 0.054365 0.922696 0.009705 0.012688
2 2 0.000795 0.008058 0.988653 0.000855 0.001640
2 2 0.004677 0.051681 0.912583 0.007899 0.023160
1 2 0.040739 0.420266 0.405375 0.005176 0.128445
2 2 0.001596 0.042620 0.943908 0.001194 0.010682
2 2 0.000871 0.009687 0.984300 0.001693 0.003449
2 2 0.028926 0.169267 0.737840 0.005844 0.058122
2 2 0.003469 0.189997 0.728577 0.001981 0.075976
2 2 0.000375 0.018956 0.971433 0.002321 0.006915
2 2 0.000524 0.034829 0.958735 0.000159 0.005754
2 2 0.001640 0.087920 0.905692 0.001313 0.003435
2 2 0.001778 0.118388 0.824821 0.017945 0.037068
2 2 0.002099 0.059741 0.922126 0.013665 0.002370
2 2 0.006842 0.149224 0.679239 0.002987 0.161708
2 2 0.017823 0.087451 0.879802 0.001093 0.013831
2 2 0.000348 0.047045 0.927840 0.005249 0.019518
2 2 0.000743 0.030544 0.944391 0.003880 0.020442
2 2 0.011700 0.041029 0.932727 0.010269 0.004275
2 2 0.000241 0.024518 0.967731 0.006242 0.001267
2 2 0.021468 0.023896 0.939306 0.010931 0.004399
2 2 0.005938 0.263587 0.583607 0.016238 0.130630
2 2 0.004673 0.028396 0.952677 0.006145 0.008109
2 1 0.029348 0.387695 0.557138 0.000972 0.024847
1 1 0.072861 0.580758 0.285159 0.000237 0.060984
2 2 0.011379 0.455270 0.519663 0.000089 0.013599
2 2 0.016898 0.390865 0.560345 0.002352 0.029540
2 2 0.017022 0.231087 0.749404 0.000415 0.002072
2 2 0.014889 0.309682 0.659657 0.005348 0.010423
2 2 0.001885 0.048457 0.946374 0.000256 0.003028
2 2 0.002720 0.131602 0.860046 0.000771 0.004861
2 2 0.006825 0.194393 0.796595 0.000087 0.002101
2 2 0.004870 0.257585 0.729541 0.000785 0.007219
1 2 0.039443 0.615109 0.288332 0.002403 0.054713
2 2 0.028639 0.418722 0.535550 0.002317 0.014772
2 2 0.000128 0.011301 0.985052 0.003472 0.000047
2 2 0.005141 0.071995 0.899800 0.008935 0.014129
2 2 0.001466 0.196936 0.782366 0.001382 0.017849
2 2 0.000528 0.043853 0.951429 0.001365 0.002824
2 2 0.003448 0.213087 0.776237 0.001481 0.005747
2 2 0.015597 0.153020 0.817934 0.006616 0.006833
2 2 0.001845 0.040302 0.957178 0.000056 0.000618
2 2 0.000309 0.069058 0.924765 0.003645 0.002223
2 2 0.000118 0.054412 0.943364 0.000371 0.001734
2 2 0.017690 0.206231 0.772098 0.000324 0.003656
2 2 0.000040 0.018247 0.980139 0.000973 0.000602
2 2 0.001626 0.220515 0.771399 0.000302 0.006158
2 2 0.005643 0.133639 0.856016 0.000288 0.004414
2 2 0.000001 0.000616 0.999253 0.000124 0.000005
2 2 0.000938 0.033604 0.962941 0.001179 0.001338
2 2 0.004925 0.293869 0.669270 0.000089 0.031847
2 2 0.009400 0.284383 0.700912 0.000469 0.004837
2 2 0.001028 0.036421 0.957313 0.004061 0.001177
2 2 0.029828 0.391681 0.543069 0.000216 0.035206
2 2 0.000425 0.027251 0.959145 0.011827 0.001352
2 2 0.002936 0.080867 0.911657 0.000761 0.003779
2 2 0.049375 0.093868 0.853127 0.000424 0.003206
1 2 0.016073 0.492991 0.470954 0.003109 0.016873
2 2 0.001547 0.083217 0.909425 0.001309 0.004501
2 2 0.007006 0.270293 0.694634 0.010700 0.017367
2 2 0.011357 0.218479 0.736139 0.004689 0.029337
2 2 0.011027 0.101846 0.882727 0.000462 0.003937
2 2 0.009807 0.074262 0.912403 0.000209 0.003319
2 2 0.386368 0.162248 0.439954 0.001316 0.010115
2 2 0.000312 0.006982 0.972561 0.019815 0.000331
2 2 0.011924 0.125160 0.840393 0.003132 0.019391
2 2 0.000568 0.005616 0.992045 0.001680 0.000091
2 2 0.004011 0.102275 0.885657 0.000254 0.007803
2 2 0.007136 0.017166 0.971778 0.003452 0.000468
2 2 0.022420 0.161299 0.808032 0.003289 0.004960
2 2 0.001089 0.089276 0.879462 0.001714 0.028458
2 2 0.010747 0.184919 0.791235 0.004190 0.008909
2 2 0.024318 0.051044 0.910576 0.006450 0.007611
2 2 0.005876 0.239630 0.672750 0.007000 0.074745
2 2 0.004121 0.046523 0.947120 0.000490 0.001746
2 2 0.000107 0.008775 0.914001 0.076945 0.000171
2 2 0.000125 0.033731 0.942874 0.022250 0.001019
2 2 0.073452 0.139942 0.643065 0.129858 0.013683
1 2 0.047791 0.500761 0.415968 0.000367 0.035113
2 2 0.029934 0.458640 0.502608 0.000864 0.007953
0 2 0.562706 0.274317 0.114928 0.001618 0.046432
1 2 0.044308 0.597964 0.337493 0.000955 0.019280
2 2 0.035516 0.300500 0.641056 0.004602 0.018325
1 2 0.252353 0.503234 0.202750 0.001787 0.039876
1 2 0.225179 0.403831 0.352708 0.001094 0.017188
2 2 0.000041 0.008986 0.990309 0.000620 0.000044
2 2 0.095788 0.416623 0.448988 0.006787 0.031815
2 2 0.010021 0.415029 0.567811 0.001441 0.005698
0 0 0.927310 0.045044 0.022752 0.000020 0.004875
0 0 0.527089 0.165634 0.300145 0.000337 0.006796
0 0 0.959169 0.017077 0.007336 0.000975 0.015442
0 0 0.941173 0.028341 0.020710 0.000274 0.009502
0 0 0.566838 0.253730 0.151984 0.000709 0.026739
0 0 0.790384 0.173427 0.016429 0.000013 0.019746
0 0 0.970767 0.016800 0.006410 0.000042 0.005981
0 0 0.871814 0.087483 0.014865 0.000160 0.025677
0 0 0.979285 0.008676 0.003742 0.000282 0.008014
0 0 0.864345 0.079394 0.017802 0.000934 0.037524
2 0 0.261188 0.288105 0.302469 0.000924 0.147314
0 0 0.870992 0.078300 0.035265 0.000173 0.015271
1 0 0.232128 0.445319 0.224889 0.002039 0.095626
0 0 0.913867 0.029468 0.029051 0.000055 0.027559
0 0 0.804031 0.115277 0.026687 0.001375 0.052630
0 0 0.990284 0.003161 0.001356 0.000006 0.005193
0 0 0.473386 0.142885 0.111431 0.000261 0.272037
1 0 0.179240 0.490562 0.245834 0.000264 0.084100
0 0 0.830768 0.098238 0.059330 0.000197 0.011467
0 0 0.861701 0.109296 0.012427 0.000016 0.016560
0 0 0.881853 0.057367 0.054306 0.000169 0.006305
1 0 0.111887 0.682866 0.109823 0.000627 0.094797
1 0 0.222137 0.496463 0.252992 0.000978 0.027430
1 0 0.292859 0.437515 0.209235 0.002287 0.058104
1 0 0.301646 0.464965 0.143709 0.000933 0.088746
2 0 0.168503 0.321222 0.487781 0.004205 0.018289
1 0 0.368943 0.433511 0.141996 0.000066 0.055484
1 0 0.264652 0.600197 0.116435 0.000021 0.018695
1 0 0.276437 0.565067 0.109861 0.000182 0.048453
1 0 0.069241 0.479393 0.403889 0.002024 0.045453
1 0 0.125600 0.488722 0.274486 0.001693 0.109499
2 1 0.069289 0.412660 0.493921 0.003036 0.021094
1 1 0.130968 0.635769 0.200678 0.000512 0.032073
2 1 0.000529 0.062459 0.925247 0.000800 0.010965
2 2 0.004850 0.157258 0.817153 0.002557 0.018181
2 2 0.004585 0.067033 0.923076 0.001214 0.004092
2 2 0.001893 0.043887 0.943605 0.006411 0.004204
2 2 0.015576 0.185189 0.732099 0.006065 0.061070
2 2 0.000567 0.055277 0.937730 0.001911 0.004514
2 2 0.000333 0.068180 0.914608 0.002722 0.014157
2 2 0.000697 0.061357 0.902334 0.016989 0.018622
1 4 0.087006 0.542556 0.209754 0.000212 0.160473
2 4 0.002809 0.203946 0.609674 0.001003 0.182568
4 4 0.005706 0.043236 0.172140 0.001699 0.777218
2 4 0.010012 0.230205 0.694845 0.001490 0.063448
4 4 0.028386 0.165925 0.194065 0.001012 0.610612
1 4 0.139867 0.534541 0.227429 0.000099 0.098064
2 4 0.025805 0.128402 0.487087 0.002775 0.355931
2 4 0.092817 0.306175 0.365004 0.010046 0.225958
4 4 0.080605 0.062898 0.124191 0.000778 0.731528
4 4 0.137046 0.058969 0.105275 0.006692 0.692017
4 4 0.319541 0.022851 0.016940 0.000297 0.640371
2 4 0.226151 0.181358 0.547868 0.005427 0.039195
2 4 0.015255 0.083355 0.795362 0.001631 0.104397
2 4 0.097533 0.193961 0.602911 0.000212 0.105382
2 4 0.172246 0.251206 0.303372 0.005663 0.267513
0 4 0.332936 0.205900 0.182356 0.009838 0.268971
0 0 0.886187 0.038536 0.071226 0.000182 0.003869
2 1 0.100094 0.328120 0.332476 0.000296 0.239014
2 1 0.064579 0.084641 0.508972 0.001969 0.339840
4 4 0.110117 0.162940 0.211327 0.001908 0.513709
4 4 0.010363 0.023163 0.076284 0.000471 0.889718
0 4 0.442990 0.231359 0.173444 0.004493 0.147714
2 4 0.021392 0.098950 0.454728 0.006337 0.418594
0 0 0.987819 0.006590 0.003659 0.000007 0.001926
0 0 0.976947 0.010467 0.010315 0.000047 0.002224
1 0 0.216952 0.656951 0.100022 0.000043 0.026033
2 0 0.096477 0.378589 0.518818 0.000178 0.005938
1 1 0.209622 0.496115 0.283093 0.000060 0.011110
1 1 0.066206 0.458307 0.209050 0.000180 0.266258
2 2 0.004097 0.093239 0.835710 0.002411 0.064543
2 2 0.000585 0.126543 0.469445 0.000966 0.402462
2 2 0.001945 0.122079 0.470276 0.003703 0.401997
2 4 0.004606 0.109060 0.474286 0.027584 0.384464
1 4 0.166024 0.359103 0.177730 0.002511 0.294632
4 4 0.002894 0.214821 0.368317 0.000904 0.413064
2 4 0.001955 0.211126 0.474813 0.002596 0.309510
2 4 0.027097 0.348133 0.379933 0.015979 0.228858
1 4 0.009983 0.394193 0.318775 0.001269 0.275781
4 4 0.038773 0.139071 0.073692 0.000575 0.747888
4 4 0.037081 0.258113 0.351640 0.000335 0.352831
4 4 0.091963 0.270052 0.237476 0.002527 0.397982
4 4 0.047652 0.139705 0.129283 0.002980 0.680380
4 4 0.023523 0.030777 0.126244 0.002611 0.816846
4 4 0.031944 0.036435 0.061024 0.000326 0.870270
1 4 0.042089 0.403089 0.288796 0.000330 0.265695
4 4 0.014933 0.038555 0.089925 0.000988 0.855599
4 4 0.044784 0.129673 0.386815 0.004553 0.434174
4 4 0.029891 0.132841 0.365230 0.009456 0.462582
2 4 0.000740 0.118350 0.675608 0.001587 0.203714
1 2 0.062478 0.437774 0.223152 0.000009 0.276586
2 2 0.006274 0.350361 0.540833 0.001255 0.101277
1 2 0.013726 0.432372 0.366732 0.001269 0.185901
2 2 0.000349 0.031679 0.946273 0.011422 0.010277
2 2 0.001596 0.138614 0.430366 0.000731 0.428692
2 2 0.001218 0.064248 0.865982 0.008797 0.059755
2 2 0.001048 0.074036 0.803828 0.024473 0.096615
2 2 0.000575 0.090510 0.458779 0.006515 0.443620
2 2 0.001371 0.102876 0.666894 0.005799 0.223060
2 4 0.002104 0.027136 0.842198 0.007635 0.120926
4 4 0.031364 0.154175 0.219285 0.012223 0.582953
2 4 0.008154 0.140895 0.468660 0.000928 0.381363
4 4 0.014163 0.036061 0.081661 0.002716 0.865398
2 4 0.006394 0.237600 0.606516 0.002424 0.147066
4 4 0.028010 0.142953 0.139969 0.000471 0.688597
2 4 0.014479 0.277955 0.566789 0.002363 0.138414
2 4 0.010175 0.247899 0.643168 0.001122 0.097637
4 4 0.022567 0.110588 0.282473 0.001800 0.582572
4 4 0.046105 0.317358 0.158548 0.000977 0.477012
4 4 0.060003 0.147041 0.146181 0.014377 0.632398
4 4 0.098847 0.071015 0.086568 0.001219 0.742351
4 4 0.153780 0.049431 0.104420 0.000186 0.692183
4 4 0.011538 0.061666 0.199366 0.001309 0.726122
4 4 0.034553 0.207694 0.192525 0.000039 0.565189
4 4 0.014819 0.047621 0.049984 0.000251 0.887325
4 4 0.112434 0.319104 0.187051 0.001151 0.380259
1 4 0.058408 0.445261 0.211358 0.000216 0.284757
0 4 0.960638 0.010558 0.006525 0.000037 0.022242
2 4 0.022429 0.164930 0.743701 0.000036 0.068905
2 4 0.020865 0.291107 0.414937 0.004979 0.268112
0 4 0.392247 0.269261 0.167699 0.000378 0.170415
2 4 0.021673 0.441228 0.451104 0.000218 0.085777
2 4 0.000641 0.081566 0.820552 0.005670 0.091572
4 4 0.031511 0.309357 0.160890 0.000009 0.498232
2 4 0.051307 0.381368 0.465481 0.001005 0.100840
2 4 0.306214 0.323154 0.336875 0.000901 0.032856
2 4 0.030593 0.359217 0.378703 0.010697 0.220791
2 4 0.018822 0.238262 0.643486 0.008928 0.090502
4 2 0.004246 0.133984 0.269170 0.007737 0.584863
2 2 0.000729 0.123982 0.809502 0.003504 0.062282
2 2 0.004319 0.049455 0.905271 0.016160 0.024795
2 2 0.000361 0.094395 0.787886 0.001390 0.115967
2 2 0.000801 0.106828 0.646465 0.006680 0.239226
2 2 0.000566 0.030572 0.922568 0.022117 0.024177
2 2 0.000545 0.024430 0.942873 0.008607 0.023545
2 2 0.000214 0.034761 0.898705 0.031693 0.034627
2 2 0.001591 0.035298 0.919322 0.005242 0.038547
2 2 0.000026 0.001325 0.998285 0.000203 0.000161
2 2 0.009349 0.120806 0.533295 0.001269 0.335281
2 2 0.000040 0.006179 0.972660 0.019423 0.001698
2 2 0.002016 0.036133 0.872446 0.022642 0.066761
2 2 0.002534 0.017082 0.977670 0.000945 0.001770
2 2 0.011550 0.040330 0.873755 0.014194 0.060171
2 2 0.000134 0.007898 0.985026 0.004039 0.002903
2 2 0.000011 0.000769 0.972241 0.026959 0.000018
2 2 0.000191 0.027061 0.947013 0.022702 0.003033
2 2 0.012893 0.022462 0.956065 0.006336 0.002244
2 2 0.000052 0.007067 0.988143 0.004566 0.000172
2 2 0.000219 0.008391 0.977921 0.011846 0.001623
2 2 0.001048 0.016029 0.970728 0.011637 0.000558
2 2 0.000879 0.003365 0.933327 0.062198 0.000231
2 2 0.000024 0.001280 0.893858 0.104798 0.000041
2 2 0.000070 0.007038 0.992324 0.000171 0.000396
2 2 0.000374 0.003841 0.993385 0.002002 0.000398
2 2 0.006140 0.066950 0.899452 0.005685 0.021773
2 2 0.000122 0.007355 0.900023 0.092291 0.000210
2 2 0.000007 0.000788 0.969723 0.029468 0.000014
2 2 0.000703 0.005146 0.986251 0.007014 0.000885
2 2 0.003646 0.026677 0.938334 0.026422 0.004921
2 2 0.000023 0.001555 0.995872 0.002444 0.000106
2 2 0.000408 0.009011 0.978996 0.011297 0.000288
2 2 0.000479 0.012247 0.976471 0.010144 0.000659
2 2 0.000004 0.001298 0.989056 0.009634 0.000008
2 2 0.005375 0.020283 0.956817 0.016984 0.000542
2 2 0.000016 0.001905 0.971390 0.026655 0.000034
2 2 0.000029 0.001979 0.993830 0.004079 0.000082
2 2 0.000276 0.014473 0.971703 0.011842 0.001707
2 2 0.000221 0.002535 0.900298 0.096899 0.000047
2 2 0.000101 0.005363 0.855879 0.138188 0.000468
2 2 0.000925 0.017979 0.777660 0.195949 0.007487
2 2 0.000054 0.000888 0.976853 0.022196 0.000009
2 2 0.009704 0.029141 0.854246 0.039703 0.067206
2 2 0.000005 0.000777 0.719034 0.280156 0.000028
2 2 0.000082 0.002597 0.818085 0.179072 0.000164
2 2 0.000022 0.001316 0.887878 0.110647 0.000138
2 2 0.000203 0.002424 0.893147 0.104142 0.000083
2 2 0.000075 0.003316 0.779928 0.216217 0.000464
2 2 0.000655 0.009872 0.950922 0.037833 0.000718
2 2 0.000950 0.010450 0.916891 0.068559 0.003149
3 2 0.000519 0.005609 0.427133 0.565197 0.001542
2 3 0.017762 0.057780 0.593585 0.322903 0.007970
3 3 0.000435 0.003847 0.394791 0.600376 0.000551
2 3 0.000032 0.002495 0.891284 0.106154 0.000034
2 3 0.000179 0.003988 0.716764 0.277201 0.001867
2 3 0.000044 0.006294 0.939401 0.052099 0.002162
2 3 0.000002 0.000431 0.588861 0.410687 0.000019
2 3 0.003732 0.013369 0.926672 0.054252 0.001975
2 3 0.000002 0.000480 0.585865 0.413649 0.000003
2 3 0.000120 0.008690 0.910108 0.080545 0.000537
2 3 0.000115 0.002006 0.984473 0.013376 0.000029
2 3 0.000009 0.000425 0.797127 0.202434 0.000004
3 3 0.000020 0.000724 0.285391 0.713667 0.000199
2 3 0.000026 0.002755 0.551047 0.445960 0.000212
2 3 0.000155 0.005812 0.812666 0.180710 0.000657
2 3 0.002006 0.007026 0.967734 0.022552 0.000683
2 3 0.000388 0.006793 0.990312 0.002404 0.000103
2 3 0.000035 0.002209 0.703803 0.293771 0.000181
2 3 0.005119 0.014597 0.918840 0.060015 0.001429
3 3 0.000001 0.000250 0.164187 0.835551 0.000012
2 3 0.000053 0.001084 0.798253 0.200565 0.000045
2 3 0.003532 0.006208 0.519739 0.469589 0.000932
3 3 0.007035 0.008864 0.293024 0.690024 0.001053
2 2 0.001309 0.029720 0.934125 0.032297 0.002550
2 2 0.003089 0.118879 0.861764 0.010254 0.006014
2 2 0.000184 0.009644 0.973337 0.016335 0.000499
2 2 0.336133 0.263312 0.355940 0.009790 0.034825
2 2 0.000716 0.056106 0.935162 0.001501 0.006515
2 2 0.005394 0.151789 0.806290 0.026101 0.010426
2 2 0.001047 0.013474 0.983610 0.001336 0.000533
1 2 0.032251 0.611831 0.270906 0.000038 0.084973
2 2 0.000180 0.024120 0.971846 0.000451 0.003404
2 2 0.002367 0.020255 0.973677 0.001862 0.001839
2 2 0.005560 0.151014 0.825768 0.001188 0.016470
2 2 0.003249 0.158867 0.818907 0.000392 0.018584
2 2 0.000627 0.083667 0.906350 0.006730 0.002626
2 2 0.000017 0.002072 0.997171 0.000680 0.000060
2 2 0.001647 0.224446 0.738722 0.002834 0.032351
2 2 0.012671 0.141503 0.834061 0.000704 0.011061
4 2 0.123080 0.338754 0.181037 0.000854 0.356274
