0 0 0.484978 0.129026 0.065228 0.002142 0.318627
0 0 0.778185 0.018809 0.005784 0.000103 0.197120
0 0 0.526342 0.043070 0.016737 0.000652 0.413198
0 0 0.596289 0.057238 0.016963 0.000102 0.329408
4 0 0.217189 0.094877 0.027150 0.000080 0.660704
0 0 0.792576 0.050432 0.013844 0.000031 0.143116
0 0 0.517528 0.131748 0.033924 0.000064 0.316736
0 0 0.709703 0.128024 0.028622 0.000009 0.133642
0 0 0.497600 0.090977 0.019190 0.000096 0.392137
4 0 0.366272 0.125937 0.018277 0.000005 0.489510
0 0 0.564952 0.179451 0.033284 0.000046 0.222267
4 0 0.328383 0.084672 0.013544 0.000032 0.573368
4 0 0.118876 0.217276 0.052918 0.000130 0.610799
0 0 0.623495 0.116453 0.022016 0.000014 0.238022
4 0 0.167806 0.226650 0.079972 0.000030 0.525542
0 0 0.842643 0.082695 0.015511 0.000046 0.059105
4 0 0.139056 0.031597 0.008693 0.000116 0.820538
4 0 0.141953 0.252961 0.053438 0.000009 0.551640
0 0 0.326640 0.179664 0.251413 0.001387 0.240895
4 0 0.292453 0.081162 0.021651 0.000224 0.604510
4 1 0.053894 0.104703 0.036248 0.000071 0.805084
4 1 0.055601 0.168079 0.187964 0.000038 0.588318
4 1 0.106834 0.172778 0.044146 0.000146 0.676096
4 1 0.195053 0.210763 0.050666 0.000303 0.543215
0 0 0.981808 0.010160 0.001868 0.000007 0.006157
0 0 0.997933 0.001271 0.000309 0.000006 0.000481
0 0 0.994522 0.004489 0.000591 0.000002 0.000397
0 0 0.777659 0.064907 0.010277 0.000012 0.147144
0 0 0.363970 0.240600 0.111839 0.000125 0.283467
0 0 0.485051 0.091005 0.017867 0.000108 0.405970
4 0 0.246935 0.276415 0.064942 0.000092 0.411616
4 1 0.158934 0.210431 0.116727 0.001140 0.512769
0 1 0.428564 0.186636 0.050013 0.000596 0.334190
4 1 0.155202 0.211110 0.049674 0.000052 0.583961
4 1 0.020046 0.280420 0.252488 0.000093 0.446954
4 1 0.016549 0.265629 0.281655 0.000240 0.435927
2 2 0.001245 0.105170 0.821763 0.002261 0.069561
4 2 0.092158 0.176529 0.077825 0.000243 0.653245
1 1 0.237086 0.339206 0.094447 0.000106 0.329155
2 2 0.006055 0.202931 0.623992 0.004495 0.162528
2 2 0.004328 0.179971 0.692918 0.000835 0.121947
2 2 0.000767 0.042517 0.881924 0.028921 0.045870
2 2 0.000190 0.008520 0.984653 0.004272 0.002364
2 2 0.000040 0.025074 0.968425 0.000856 0.005605
2 2 0.000104 0.022821 0.950194 0.007266 0.019614
2 2 0.000018 0.009541 0.986938 0.000486 0.003017
2 2 0.000001 0.003135 0.994600 0.001555 0.000710
2 2 0.000008 0.006304 0.978922 0.007061 0.007704
2 2 0.000050 0.018709 0.966636 0.004387 0.010218
2 2 0.000076 0.020754 0.946989 0.002864 0.029317
2 2 0.000344 0.006924 0.987946 0.003423 0.001363
2 2 0.000065 0.025901 0.957965 0.001189 0.014881
2 2 0.000115 0.011731 0.975179 0.007021 0.005955
2 2 0.000055 0.014078 0.946081 0.020112 0.019674
2 2 0.001071 0.019630 0.954349 0.009124 0.015826
2 2 0.000294 0.018670 0.972948 0.002233 0.005855
2 2 0.000081 0.010501 0.983439 0.000144 0.005835
2 2 0.000024 0.005795 0.974209 0.016739 0.003232
2 2 0.000013 0.005769 0.942629 0.041065 0.010524
2 2 0.000016 0.000694 0.996881 0.002359 0.000051
2 2 0.000047 0.003006 0.835298 0.159886 0.001763
2 2 0.000408 0.050182 0.890530 0.001400 0.057480
2 2 0.000089 0.002667 0.712780 0.282207 0.002257
2 2 0.000028 0.006246 0.891450 0.093231 0.009047
2 2 0.000217 0.004718 0.571716 0.421916 0.001433
2 2 0.000087 0.003936 0.920792 0.073617 0.001568
2 2 0.000186 0.006788 0.811713 0.172282 0.009031
2 2 0.000340 0.028141 0.844464 0.079979 0.047076
2 2 0.003541 0.010166 0.683885 0.301177 0.001230
2 2 0.000009 0.002999 0.538639 0.457174 0.001180
2 3 0.000020 0.001471 0.885477 0.112830 0.000203
2 3 0.000574 0.009153 0.549967 0.430108 0.010198
3 3 0.000139 0.003426 0.428909 0.566058 0.001468
2 3 0.000003 0.000219 0.590120 0.409630 0.000027
3 3 0.000842 0.010720 0.408855 0.568137 0.011446
2 3 0.000541 0.010322 0.562197 0.413203 0.013737
3 3 0.000015 0.000803 0.114558 0.884559 0.000064
3 3 0.000979 0.007600 0.339921 0.644348 0.007152
3 3 0.000431 0.008086 0.331485 0.655569 0.004428
3 3 0.000015 0.000509 0.315123 0.684299 0.000054
3 3 0.001880 0.005489 0.392285 0.595695 0.004651
3 3 0.000037 0.001732 0.233720 0.764217 0.000294
3 3 0.000824 0.013867 0.293095 0.666609 0.025604
3 3 0.017649 0.025624 0.404836 0.537620 0.014270
3 3 0.005083 0.007787 0.185280 0.796611 0.005239
3 3 0.000406 0.009354 0.331355 0.657077 0.001808
3 3 0.000043 0.000389 0.036724 0.962786 0.000058
2 3 0.000112 0.005673 0.522233 0.470147 0.001836
3 3 0.000231 0.000387 0.025040 0.974311 0.000031
3 3 0.025739 0.008181 0.140560 0.822371 0.003149
3 3 0.000104 0.004418 0.223312 0.771714 0.000452
2 3 0.000005 0.001122 0.860674 0.138133 0.000066
2 3 0.098219 0.021919 0.461711 0.415514 0.002638
3 3 0.000102 0.001728 0.243064 0.752831 0.002276
3 3 0.000742 0.007948 0.149016 0.829665 0.012629
3 3 0.000038 0.000349 0.073938 0.925615 0.000061
3 3 0.000013 0.000387 0.172419 0.827075 0.000106
3 3 0.000089 0.001717 0.261414 0.736604 0.000175
3 3 0.005696 0.011960 0.186907 0.792711 0.002726
3 3 0.000635 0.008443 0.343496 0.645006 0.002420
3 3 0.000496 0.005524 0.162335 0.827892 0.003754
2 3 0.000118 0.002046 0.632702 0.364786 0.000349
3 3 0.001692 0.002618 0.285027 0.709931 0.000733
3 3 0.002291 0.003183 0.062982 0.930390 0.001154
3 3 0.000012 0.000533 0.263337 0.736088 0.000029
3 3 0.001618 0.002954 0.086182 0.908058 0.001189
3 3 0.000103 0.001238 0.102495 0.895050 0.001113
3 3 0.006677 0.011113 0.243151 0.737042 0.002017
3 3 0.001190 0.001504 0.036050 0.960574 0.000682
3 3 0.001543 0.003493 0.202824 0.791867 0.000272
3 3 0.001382 0.002835 0.066580 0.928698 0.000506
3 3 0.000936 0.002282 0.084053 0.912177 0.000551
3 3 0.007640 0.006901 0.330612 0.652694 0.002153
3 3 0.001203 0.002239 0.035333 0.960341 0.000884
3 3 0.000497 0.001953 0.048766 0.948302 0.000483
3 3 0.000675 0.005334 0.203739 0.784788 0.005464
3 3 0.000638 0.000726 0.026758 0.971817 0.000061
3 3 0.003566 0.002643 0.075928 0.916764 0.001099
3 3 0.000619 0.000990 0.044873 0.952895 0.000623
3 3 0.007826 0.011504 0.231715 0.744632 0.004323
3 3 0.000288 0.000693 0.053797 0.945187 0.000034
3 3 0.036525 0.017244 0.153757 0.786799 0.005676
3 3 0.000205 0.000249 0.014979 0.984513 0.000053
3 3 0.000530 0.002065 0.050069 0.946592 0.000744
3 3 0.000004 0.000067 0.075183 0.924742 0.000004
3 3 0.000303 0.000570 0.104962 0.894108 0.000058
2 3 0.001948 0.032979 0.865441 0.096498 0.003134
2 3 0.000168 0.022237 0.919400 0.055078 0.003117
2 2 0.000097 0.023268 0.943018 0.026930 0.006688
2 2 0.000047 0.004738 0.967740 0.026703 0.000772
2 2 0.000017 0.010049 0.974442 0.007499 0.007993
2 2 0.000063 0.013388 0.885163 0.078724 0.022662
2 2 0.000472 0.025123 0.951931 0.014074 0.008400
2 2 0.000557 0.019391 0.868069 0.106370 0.005613
2 2 0.000106 0.031112 0.947881 0.008919 0.011982
2 2 0.000052 0.008740 0.915258 0.075088 0.000861
2 2 0.000016 0.001780 0.943116 0.054887 0.000201
2 2 0.000080 0.019321 0.934207 0.033039 0.013353
2 2 0.000019 0.008668 0.950741 0.030347 0.010224
2 2 0.000002 0.001688 0.995991 0.002024 0.000295
2 2 0.000032 0.003592 0.664782 0.327977 0.003616
2 2 0.000278 0.006274 0.826173 0.164771 0.002504
2 2 0.001709 0.015679 0.640683 0.339587 0.002343
2 2 0.000066 0.004659 0.781362 0.213527 0.000386
2 2 0.000903 0.020938 0.884370 0.090854 0.002934
2 2 0.000029 0.011945 0.880125 0.103491 0.004410
2 2 0.000333 0.009272 0.748149 0.241851 0.000395
2 2 0.000053 0.003147 0.969084 0.026066 0.001650
2 2 0.000026 0.002843 0.685918 0.309141 0.002072
2 3 0.000623 0.009531 0.912741 0.076766 0.000338
2 3 0.000294 0.007514 0.710147 0.277221 0.004824
3 3 0.000332 0.010967 0.486561 0.498090 0.004049
2 3 0.000272 0.008837 0.953258 0.036934 0.000700
3 3 0.000050 0.000983 0.297046 0.701784 0.000137
3 3 0.000097 0.001661 0.424745 0.571766 0.001731
3 3 0.000001 0.000041 0.061126 0.938830 0.000002
2 3 0.002671 0.022692 0.808064 0.160160 0.006414
3 3 0.000053 0.000601 0.336599 0.662717 0.000031
3 3 0.001944 0.002612 0.277825 0.717382 0.000237
3 3 0.003646 0.004004 0.186478 0.803147 0.002725
3 3 0.000827 0.002399 0.367574 0.629153 0.000047
3 3 0.000290 0.000883 0.051403 0.947205 0.000219
3 3 0.002942 0.013795 0.404297 0.571432 0.007533
3 3 0.007507 0.005301 0.482029 0.504732 0.000432
3 3 0.003417 0.007153 0.139602 0.841261 0.008568
3 3 0.001236 0.003728 0.154603 0.839869 0.000564
3 3 0.000114 0.000907 0.102865 0.895981 0.000133
3 3 0.007778 0.005083 0.171817 0.813948 0.001375
3 3 0.000379 0.000591 0.042923 0.955963 0.000144
3 3 0.000984 0.003193 0.068439 0.926056 0.001328
3 3 0.000374 0.004575 0.130796 0.861081 0.003174
3 3 0.002633 0.004264 0.236506 0.756204 0.000393
3 3 0.003002 0.001337 0.018046 0.977384 0.000230
3 3 0.114241 0.035684 0.156473 0.682495 0.011107
2 2 0.001440 0.012479 0.897218 0.088769 0.000093
2 2 0.040367 0.120439 0.747471 0.042756 0.048967
2 2 0.002148 0.111135 0.752424 0.005714 0.128580
2 2 0.000142 0.016793 0.966547 0.002662 0.013857
2 2 0.000000 0.000346 0.998479 0.001170 0.000005
2 2 0.000015 0.003460 0.993991 0.002212 0.000322
2 2 0.001139 0.022105 0.970188 0.005701 0.000867
2 2 0.004937 0.204176 0.699957 0.002149 0.088781
2 2 0.000979 0.014420 0.976420 0.006718 0.001463
0 0 0.328900 0.276491 0.143540 0.001542 0.249526
1 1 0.030292 0.417628 0.317906 0.000278 0.233896
2 2 0.000089 0.028931 0.955560 0.002364 0.013055
2 2 0.000049 0.014561 0.889062 0.085078 0.011250
2 2 0.000010 0.007734 0.977111 0.008848 0.006296
2 2 0.000785 0.040567 0.922387 0.007720 0.028542
2 2 0.000527 0.043439 0.813493 0.015212 0.127329
2 2 0.000015 0.008646 0.931579 0.054650 0.005111
2 2 0.000015 0.014835 0.979954 0.000165 0.005031
2 2 0.000100 0.025552 0.953102 0.005211 0.016034
2 2 0.000068 0.004945 0.989484 0.002789 0.002715
2 2 0.000083 0.018126 0.917383 0.041339 0.023070
2 2 0.000023 0.003235 0.940870 0.055115 0.000756
2 2 0.000004 0.003016 0.945965 0.046044 0.004972
2 2 0.000001 0.000510 0.992140 0.007319 0.000029
2 2 0.000126 0.024938 0.931556 0.002407 0.040973
2 2 0.000264 0.007212 0.984497 0.006539 0.001487
2 2 0.000070 0.020576 0.924301 0.041172 0.013880
2 2 0.000031 0.004900 0.979021 0.010721 0.005326
2 2 0.000079 0.017563 0.934467 0.008615 0.039276
2 2 0.000045 0.013572 0.944716 0.001982 0.039685
2 2 0.000202 0.043161 0.925962 0.000992 0.029683
2 2 0.000517 0.068650 0.847805 0.003535 0.079492
2 2 0.000230 0.011545 0.958248 0.017829 0.012147
2 2 0.000002 0.002201 0.995173 0.001613 0.001012
2 2 0.000067 0.016716 0.934323 0.004950 0.043944
2 2 0.000146 0.011143 0.877637 0.088029 0.023046
2 4 0.000160 0.033027 0.880717 0.001064 0.085032
2 4 0.000679 0.092870 0.772753 0.000117 0.133581
2 4 0.000141 0.035856 0.940492 0.005417 0.018094
2 4 0.000079 0.020605 0.932438 0.004431 0.042447
2 4 0.000344 0.040944 0.854883 0.001380 0.102448
2 4 0.000358 0.040968 0.839607 0.005247 0.113819
2 4 0.000152 0.029191 0.890521 0.000188 0.079948
2 4 0.000605 0.059453 0.776304 0.000391 0.163248
2 4 0.000266 0.035045 0.843644 0.001133 0.119913
2 4 0.000881 0.061409 0.724111 0.003228 0.210371
2 4 0.001214 0.050173 0.581309 0.005190 0.362114
2 4 0.001031 0.054935 0.709654 0.002137 0.232244
2 4 0.002748 0.145832 0.628065 0.000339 0.223016
2 4 0.000477 0.063451 0.842254 0.001888 0.091931
2 4 0.000374 0.046022 0.873196 0.004837 0.075571
2 4 0.003728 0.111663 0.443312 0.000634 0.440662
2 4 0.000669 0.078363 0.848329 0.000920 0.071719
2 4 0.000228 0.045531 0.885191 0.000343 0.068707
4 4 0.003058 0.093601 0.374385 0.000124 0.528832
2 4 0.000110 0.028026 0.928445 0.000759 0.042660
2 4 0.000643 0.050757 0.818224 0.050039 0.080337
2 2 0.006663 0.235503 0.543738 0.000146 0.213950
2 2 0.000169 0.034498 0.874135 0.000872 0.090326
2 2 0.000795 0.042734 0.938877 0.004291 0.013303
2 2 0.006297 0.288954 0.531660 0.000030 0.173059
2 2 0.000080 0.026206 0.934874 0.000503 0.038336
2 2 0.000051 0.025348 0.944598 0.000055 0.029948
2 2 0.000947 0.058514 0.922628 0.000126 0.017784
2 2 0.000046 0.025054 0.963114 0.000384 0.011402
2 2 0.000003 0.004716 0.987293 0.006218 0.001770
2 2 0.000061 0.027496 0.956634 0.001021 0.014788
2 2 0.000043 0.017117 0.951390 0.000538 0.030912
2 2 0.000302 0.007080 0.978316 0.014109 0.000193
2 2 0.001896 0.122027 0.777729 0.001226 0.097122
2 2 0.000430 0.052567 0.886481 0.004552 0.055970
2 2 0.000007 0.001833 0.990863 0.007077 0.000221
2 2 0.000277 0.039415 0.925385 0.000102 0.034821
2 2 0.000016 0.010960 0.979347 0.000989 0.008689
2 2 0.000005 0.001582 0.996595 0.001544 0.000274
2 2 0.000240 0.025311 0.833217 0.009291 0.131941
2 2 0.000005 0.004543 0.988679 0.005522 0.001250
2 2 0.000103 0.022390 0.936239 0.013316 0.027953
2 2 0.000034 0.017206 0.958451 0.000671 0.023640
2 2 0.000703 0.029424 0.964973 0.000120 0.004779
2 2 0.000079 0.018960 0.931026 0.022643 0.027292
2 2 0.000052 0.015982 0.946463 0.007290 0.030214
2 2 0.000040 0.016618 0.966209 0.002918 0.014214
2 2 0.000043 0.012005 0.983307 0.000812 0.003832
2 2 0.000002 0.003496 0.992172 0.000779 0.003551
2 2 0.003901 0.033130 0.940447 0.021018 0.001503
2 0 0.060381 0.395753 0.422304 0.001752 0.119810
2 1 0.005657 0.225389 0.478939 0.000087 0.289927
4 0 0.133766 0.294639 0.090638 0.000076 0.480881
0 0 0.828838 0.074401 0.011888 0.000009 0.084865
4 1 0.052899 0.316831 0.130211 0.000061 0.499998
4 1 0.128061 0.353006 0.102569 0.000172 0.416192
2 2 0.003868 0.183628 0.582707 0.000127 0.229670
2 2 0.007262 0.220642 0.491834 0.000157 0.280105
2 2 0.000082 0.014896 0.979720 0.004320 0.000982
2 2 0.000045 0.021907 0.964715 0.000806 0.012527
2 2 0.000380 0.068569 0.901449 0.000284 0.029318
2 2 0.000017 0.010720 0.977289 0.003852 0.008122
2 2 0.000088 0.015066 0.967482 0.001824 0.015540
2 2 0.000008 0.003215 0.985260 0.010179 0.001338
2 2 0.000346 0.038243 0.862890 0.039628 0.058892
2 2 0.000585 0.036423 0.913449 0.002653 0.046890
2 2 0.000098 0.031772 0.947582 0.004420 0.016129
2 2 0.000004 0.002537 0.957765 0.038683 0.001012
2 2 0.000006 0.001076 0.978533 0.020376 0.000009
2 2 0.003562 0.050309 0.929979 0.003527 0.012622
2 2 0.000046 0.017231 0.966508 0.002142 0.014073
2 2 0.000081 0.019556 0.926114 0.031258 0.022991
2 2 0.000016 0.009064 0.968839 0.011829 0.010253
2 2 0.000002 0.003065 0.989429 0.005733 0.001771
2 2 0.000013 0.010479 0.982560 0.001584 0.005365
2 2 0.000224 0.016680 0.944731 0.027370 0.010995
2 2 0.000005 0.000933 0.997315 0.001490 0.000258
2 2 0.000006 0.005990 0.984391 0.006251 0.003362
2 2 0.000025 0.007551 0.983408 0.005303 0.003714
2 2 0.000003 0.002225 0.985025 0.008725 0.004022
2 2 0.000014 0.004442 0.953282 0.039974 0.002289
2 2 0.000011 0.002574 0.984602 0.012378 0.000435
2 2 0.000018 0.006787 0.896755 0.086499 0.009941
2 2 0.000010 0.001009 0.997487 0.001414 0.000081
3 2 0.000087 0.003054 0.490022 0.506520 0.000317
2 2 0.000009 0.001441 0.925222 0.072771 0.000557
2 2 0.000077 0.014452 0.956613 0.004694 0.024165
2 2 0.000297 0.018557 0.879185 0.065642 0.036318
2 2 0.000438 0.009180 0.629817 0.355411 0.005154
2 2 0.000020 0.006845 0.961283 0.015568 0.016284
2 2 0.000453 0.012080 0.980304 0.001689 0.005474
2 2 0.000001 0.000335 0.991936 0.007686 0.000043
2 2 0.000022 0.007375 0.925458 0.064305 0.002840
2 2 0.000840 0.010290 0.966500 0.019990 0.002379
2 2 0.000269 0.003399 0.783993 0.211912 0.000427
2 2 0.000014 0.005205 0.926401 0.066941 0.001440
2 2 0.000790 0.008632 0.952612 0.036637 0.001329
2 2 0.000004 0.002051 0.854860 0.142207 0.000878
2 2 0.009930 0.041782 0.701575 0.244776 0.001937
2 2 0.000002 0.000480 0.956774 0.042730 0.000014
2 2 0.000300 0.005278 0.922822 0.069429 0.002171
2 2 0.000152 0.011885 0.797452 0.182597 0.007914
3 2 0.002648 0.008782 0.376452 0.605526 0.006592
3 3 0.000190 0.003247 0.253358 0.742686 0.000519
3 3 0.000014 0.000564 0.223925 0.775476 0.000021
3 3 0.000263 0.001141 0.041749 0.956690 0.000158
3 3 0.000349 0.002531 0.175817 0.820472 0.000831
3 3 0.000762 0.002284 0.129281 0.867201 0.000471
3 3 0.005788 0.010595 0.157420 0.820650 0.005547
3 3 0.000016 0.000093 0.077769 0.922116 0.000005
3 3 0.000276 0.002561 0.081155 0.914397 0.001610
3 3 0.000064 0.001711 0.130663 0.867165 0.000397
2 3 0.125088 0.019366 0.448507 0.400303 0.006734
3 3 0.001086 0.001170 0.045341 0.951845 0.000558
3 3 0.000477 0.001239 0.071585 0.926148 0.000551
3 3 0.000184 0.000284 0.025704 0.973739 0.000088
3 3 0.014014 0.006433 0.084772 0.893972 0.000809
3 3 0.002495 0.007563 0.101325 0.886074 0.002543
3 3 0.001933 0.001192 0.076024 0.920600 0.000251
3 3 0.000125 0.001824 0.315661 0.681844 0.000546
3 3 0.015241 0.008515 0.159115 0.814883 0.002246
3 3 0.000013 0.000201 0.059452 0.940269 0.000065
3 3 0.000046 0.000148 0.052435 0.947364 0.000006
3 3 0.000075 0.000085 0.023241 0.976578 0.000021
3 3 0.001948 0.007913 0.162430 0.826961 0.000748
3 3 0.000131 0.000190 0.027814 0.971843 0.000021
3 3 0.000136 0.000269 0.049140 0.950444 0.000011
3 3 0.002174 0.001219 0.018240 0.978165 0.000203
3 3 0.000081 0.000114 0.017394 0.982406 0.000005
3 3 0.000162 0.000798 0.113479 0.885471 0.000090
3 3 0.000077 0.000112 0.006832 0.992964 0.000016
3 3 0.002863 0.001450 0.052386 0.942990 0.000310
2 3 0.001208 0.003714 0.656255 0.338618 0.000204
3 3 0.002345 0.004912 0.076994 0.912311 0.003438
3 3 0.000673 0.000671 0.120094 0.878545 0.000018
3 3 0.000780 0.003694 0.068971 0.922598 0.003957
3 3 0.009348 0.004489 0.059927 0.925754 0.000482
3 3 0.002602 0.003023 0.033960 0.959528 0.000887
3 3 0.000428 0.003152 0.064011 0.931552 0.000856
3 3 0.000073 0.000326 0.045623 0.953896 0.000082
3 3 0.005814 0.004410 0.241979 0.747680 0.000116
3 3 0.004163 0.003946 0.073926 0.917272 0.000692
3 3 0.000903 0.001278 0.068347 0.928695 0.000777
3 3 0.000090 0.000252 0.047702 0.951948 0.000008
3 3 0.000080 0.000096 0.029742 0.970075 0.000007
3 3 0.000169 0.000295 0.020964 0.978468 0.000104
3 3 0.000000 0.000001 0.003442 0.996557 0.000000
3 3 0.018995 0.007268 0.111986 0.861399 0.000353
2 1 0.135272 0.101118 0.677839 0.072542 0.013229
2 1 0.014412 0.207690 0.679276 0.023947 0.074674
2 2 0.008617 0.215583 0.588829 0.005748 0.181224
2 2 0.001738 0.074839 0.723552 0.016449 0.183423
2 2 0.000219 0.034373 0.925770 0.012511 0.027128
2 2 0.004799 0.198244 0.667285 0.000251 0.129420
2 2 0.000866 0.068570 0.855834 0.009776 0.064953
2 2 0.000091 0.025333 0.949473 0.001805 0.023298
2 2 0.000242 0.051710 0.914645 0.000319 0.033084
2 2 0.000073 0.003966 0.951090 0.043050 0.001821
2 2 0.000663 0.073412 0.875636 0.001040 0.049249
2 2 0.000125 0.035298 0.944882 0.000581 0.019114
2 2 0.000768 0.080603 0.810685 0.001388 0.106555
2 2 0.000163 0.035457 0.937100 0.005732 0.021548
2 2 0.001061 0.039686 0.949630 0.006776 0.002847
2 2 0.000423 0.095504 0.877811 0.000091 0.026171
2 2 0.000135 0.040262 0.901386 0.000037 0.058180
2 2 0.000087 0.017611 0.962835 0.007753 0.011713
2 2 0.000752 0.059344 0.779187 0.006491 0.154226
2 2 0.000053 0.026074 0.960658 0.000703 0.012512
2 2 0.000011 0.007243 0.980668 0.004412 0.007667
2 2 0.000003 0.006744 0.990959 0.000199 0.002094
2 2 0.000070 0.021393 0.946538 0.004065 0.027934
2 2 0.000040 0.004712 0.991338 0.002820 0.001090
2 2 0.000050 0.025714 0.952127 0.000223 0.021886
2 2 0.000175 0.030469 0.953700 0.000840 0.014816
2 2 0.000188 0.010218 0.981793 0.000925 0.006875
2 2 0.000014 0.008803 0.972230 0.012431 0.006521
2 1 0.031971 0.179438 0.732097 0.001462 0.055033
2 2 0.001028 0.038914 0.949965 0.000762 0.009331
2 2 0.000003 0.003056 0.977020 0.019652 0.000269
2 2 0.000337 0.044025 0.829991 0.001965 0.123681
2 2 0.000003 0.000485 0.994799 0.004707 0.000006
2 2 0.000032 0.011310 0.982366 0.000983 0.005309
2 2 0.000022 0.002695 0.986596 0.010015 0.000673
2 2 0.000006 0.006336 0.985654 0.000280 0.007724
2 2 0.000030 0.018003 0.972538 0.000585 0.008844
2 2 0.000823 0.033422 0.940083 0.000306 0.025365
2 2 0.000001 0.000778 0.982183 0.016875 0.000163
2 2 0.000008 0.006923 0.984432 0.004354 0.004283
2 2 0.000001 0.001137 0.997130 0.001671 0.000061
2 2 0.000045 0.023254 0.963199 0.000406 0.013096
2 2 0.000000 0.000638 0.999008 0.000226 0.000128
2 2 0.000006 0.005650 0.984573 0.002614 0.007156
2 2 0.000170 0.031194 0.903059 0.001111 0.064465
2 2 0.000206 0.004913 0.981503 0.011628 0.001750
2 2 0.000330 0.070055 0.886752 0.000219 0.042643
2 2 0.000296 0.045338 0.894679 0.001363 0.058325
2 2 0.000326 0.014641 0.901513 0.062353 0.021167
2 2 0.000002 0.002139 0.948319 0.048495 0.001045
2 2 0.000010 0.000829 0.998867 0.000288 0.000006
2 2 0.000011 0.003426 0.981817 0.013298 0.001447
2 2 0.000151 0.014843 0.946420 0.030707 0.007879
2 2 0.000329 0.008717 0.989072 0.001164 0.000718
2 2 0.000060 0.005633 0.988857 0.004359 0.001091
2 1 0.004923 0.284144 0.647068 0.000050 0.063815
2 2 0.000067 0.022303 0.959196 0.003018 0.015416
2 2 0.000003 0.000889 0.887317 0.111585 0.000206
2 2 0.000030 0.011259 0.984312 0.000740 0.003659
2 2 0.000106 0.021748 0.922438 0.020573 0.035134
2 2 0.000286 0.013536 0.985069 0.000138 0.000971
2 2 0.000025 0.006288 0.958108 0.033859 0.001719
2 2 0.000017 0.012736 0.979564 0.001913 0.005770
2 2 0.000302 0.031550 0.954594 0.003907 0.009647
1 1 0.042422 0.425173 0.363929 0.003545 0.164931
2 2 0.000844 0.092790 0.863687 0.000714 0.041964
2 2 0.000014 0.002557 0.989727 0.007534 0.000168
2 2 0.000024 0.012212 0.973398 0.002584 0.011781
2 2 0.000009 0.001748 0.956748 0.041328 0.000167
2 2 0.000205 0.009980 0.984275 0.003504 0.002037
2 2 0.000006 0.003196 0.994746 0.000980 0.001072
2 2 0.000027 0.006870 0.987159 0.003651 0.002293
2 2 0.000015 0.000901 0.989151 0.009873 0.000060
2 2 0.000011 0.004680 0.993712 0.000540 0.001057
2 2 0.000003 0.001598 0.995876 0.002112 0.000411
2 2 0.000007 0.004022 0.993445 0.001732 0.000794
2 2 0.000368 0.013824 0.982703 0.001019 0.002086
2 2 0.000015 0.009098 0.930714 0.057911 0.002262
2 2 0.000056 0.006334 0.939844 0.039641 0.014126
2 2 0.000317 0.003338 0.975843 0.020331 0.000171
2 2 0.003191 0.028088 0.963574 0.003803 0.001345
2 2 0.000039 0.005532 0.989616 0.001101 0.003711
2 2 0.000007 0.006233 0.971567 0.021633 0.000561
2 2 0.000042 0.006646 0.972912 0.020234 0.000166
2 2 0.000026 0.002795 0.995331 0.001705 0.000143
2 2 0.000033 0.004245 0.992292 0.003358 0.000071
2 2 0.002438 0.042808 0.906548 0.004302 0.043905
2 4 0.000031 0.012020 0.958189 0.007447 0.022313
2 4 0.000238 0.058607 0.885085 0.000035 0.056035
4 4 0.015302 0.076734 0.171951 0.047652 0.688361
2 4 0.002228 0.120986 0.697936 0.000673 0.178177
4 4 0.010551 0.075191 0.120401 0.001182 0.792676
2 4 0.000190 0.036930 0.899594 0.003247 0.060039
2 4 0.004735 0.117536 0.467630 0.001766 0.408333
2 4 0.005492 0.136615 0.483795 0.001307 0.372791
4 4 0.022139 0.136999 0.210784 0.032063 0.598016
4 4 0.016909 0.045850 0.041921 0.001115 0.894204
4 4 0.007812 0.141889 0.306490 0.001324 0.542484
4 4 0.029229 0.024381 0.011622 0.001425 0.933344
4 4 0.007696 0.090759 0.165628 0.000459 0.735459
4 4 0.014020 0.081028 0.113948 0.001605 0.789400
4 4 0.027654 0.092944 0.066175 0.001865 0.811362
4 4 0.009971 0.046861 0.074468 0.001271 0.867429
4 4 0.012297 0.058677 0.088609 0.002228 0.838189
2 4 0.002000 0.105642 0.588716 0.001078 0.302564
2 4 0.000451 0.067561 0.797598 0.000028 0.134362
2 4 0.000390 0.077419 0.829460 0.000017 0.092714
2 4 0.002184 0.129707 0.634201 0.000158 0.233751
2 4 0.004705 0.217697 0.620489 0.000099 0.157010
4 4 0.004367 0.032271 0.114173 0.001828 0.847360
2 4 0.002544 0.238845 0.648339 0.000003 0.110270
4 4 0.015202 0.086697 0.174197 0.022507 0.701397
4 4 0.030769 0.045438 0.025362 0.001915 0.896516
4 4 0.038968 0.050952 0.026630 0.003945 0.879505
4 4 0.028855 0.061134 0.038109 0.001750 0.870153
4 4 0.014588 0.032727 0.022642 0.000206 0.929836
4 4 0.011648 0.076915 0.152902 0.005836 0.752699
4 4 0.021123 0.064923 0.041736 0.000207 0.872011
4 4 0.019955 0.046749 0.031468 0.000555 0.901273
1 4 0.100300 0.436762 0.219339 0.011792 0.231807
1 1 0.230811 0.370606 0.229121 0.000061 0.169401
2 1 0.000173 0.051281 0.912040 0.000033 0.036472
4 1 0.031338 0.143422 0.118524 0.000844 0.705873
2 1 0.002326 0.115310 0.650408 0.000052 0.231905
4 1 0.005285 0.121681 0.353728 0.000473 0.518833
2 1 0.001549 0.120486 0.738876 0.000510 0.138577
2 1 0.000244 0.035114 0.904552 0.001902 0.058188
2 1 0.001122 0.058314 0.592476 0.001761 0.346327
2 1 0.000881 0.069354 0.741199 0.000303 0.188263
2 1 0.002913 0.162493 0.583320 0.000012 0.251262
2 1 0.000207 0.033953 0.852834 0.000347 0.112659
2 1 0.002619 0.136888 0.641923 0.000041 0.218529
4 4 0.005153 0.095720 0.365613 0.004687 0.528828
2 4 0.001045 0.111215 0.772342 0.000089 0.115309
2 4 0.003107 0.098423 0.476877 0.000961 0.420633
2 4 0.007365 0.216429 0.422934 0.000066 0.353207
2 4 0.001261 0.094412 0.709479 0.000205 0.194643
2 4 0.000121 0.028640 0.923945 0.001311 0.045983
2 4 0.000572 0.070865 0.818034 0.000260 0.110269
4 4 0.006417 0.109862 0.389318 0.009868 0.484536
2 4 0.001737 0.091751 0.560463 0.000729 0.345320
4 4 0.002132 0.072418 0.360025 0.000289 0.565136
4 4 0.009120 0.105297 0.224483 0.002352 0.658748
4 4 0.018377 0.055164 0.050738 0.001427 0.874294
4 4 0.010067 0.079202 0.159237 0.002990 0.748505
4 4 0.011090 0.074380 0.130784 0.002455 0.781291
4 4 0.046322 0.128191 0.080220 0.010181 0.735085
4 4 0.021172 0.065821 0.074380 0.006723 0.831904
2 4 0.002010 0.078678 0.648260 0.004003 0.267050
4 4 0.012032 0.087193 0.128022 0.000530 0.772224
4 4 0.008050 0.117994 0.235773 0.000295 0.637888
4 4 0.029558 0.024898 0.011885 0.001478 0.932182
4 4 0.054601 0.067275 0.034131 0.008133 0.835860
4 4 0.041700 0.048171 0.024088 0.004734 0.881306
4 4 0.009502 0.048964 0.109922 0.005515 0.826097
2 4 0.087922 0.360863 0.374932 0.000079 0.176204
4 4 0.049943 0.199261 0.253654 0.000094 0.497048
1 4 0.012121 0.383442 0.376609 0.000002 0.227826
2 4 0.001231 0.103247 0.759375 0.000413 0.135734
2 4 0.001510 0.111557 0.696065 0.000333 0.190535
2 4 0.000172 0.029700 0.903711 0.008153 0.058264
2 4 0.000233 0.060617 0.892412 0.000091 0.046647
2 4 0.000385 0.059353 0.834857 0.000469 0.104937
2 4 0.000143 0.039688 0.933857 0.000945 0.025367
2 4 0.000242 0.061592 0.906795 0.000738 0.030634
2 4 0.001171 0.107907 0.782146 0.000103 0.108674
2 4 0.000136 0.039190 0.927796 0.000175 0.032703
2 4 0.005491 0.213480 0.536315 0.000166 0.244547
2 4 0.000751 0.093138 0.811064 0.000433 0.094614
2 4 0.000554 0.047668 0.808840 0.009625 0.133313
4 4 0.023201 0.048747 0.031200 0.000866 0.895985
4 4 0.046737 0.154126 0.080863 0.000689 0.717585
4 4 0.004828 0.068063 0.327514 0.004055 0.595540
2 4 0.000637 0.071682 0.756245 0.000401 0.171036
2 2 0.000288 0.036176 0.870587 0.001044 0.091905
2 2 0.001624 0.104028 0.738317 0.002954 0.153078
2 2 0.000348 0.057108 0.882745 0.003420 0.056379
2 2 0.005599 0.184126 0.419239 0.000027 0.391009
2 2 0.000469 0.098831 0.850297 0.000046 0.050357
2 2 0.000276 0.041912 0.816757 0.000404 0.140653
2 2 0.002121 0.143971 0.600226 0.000083 0.253599
2 2 0.000254 0.048432 0.917942 0.000910 0.032462
2 2 0.002680 0.135585 0.668162 0.000483 0.193089
2 2 0.001529 0.099898 0.721207 0.000785 0.176581
2 2 0.000057 0.013802 0.981052 0.001269 0.003820
2 2 0.000008 0.010650 0.983016 0.000068 0.006257
2 2 0.000272 0.042901 0.893559 0.008917 0.054351
2 2 0.000036 0.016235 0.961690 0.006572 0.015467
2 2 0.002119 0.180020 0.716921 0.000228 0.100712
2 2 0.000117 0.044128 0.929937 0.000085 0.025734
2 2 0.000197 0.037653 0.906784 0.002700 0.052666
2 2 0.000092 0.014491 0.960641 0.007932 0.016844
2 2 0.001064 0.094030 0.881148 0.000332 0.023425
2 2 0.000587 0.093330 0.841844 0.001288 0.062951
2 2 0.000090 0.015789 0.959259 0.002562 0.022300
2 2 0.000272 0.030405 0.928972 0.004643 0.035708
2 2 0.000001 0.003894 0.993873 0.000831 0.001400
2 2 0.000651 0.103578 0.837441 0.000022 0.058307
2 2 0.001668 0.103170 0.713072 0.000899 0.181190
2 2 0.000082 0.030998 0.944869 0.000873 0.023178
2 2 0.000028 0.015648 0.977141 0.000228 0.006955
2 2 0.000081 0.021077 0.919625 0.001923 0.057295
2 2 0.000293 0.027681 0.957386 0.001203 0.013437
2 2 0.000797 0.101393 0.831267 0.000178 0.066365
2 2 0.000076 0.017432 0.937431 0.006915 0.038145
2 2 0.000046 0.015862 0.961450 0.006860 0.015782
2 2 0.000523 0.034269 0.951895 0.000145 0.013169
2 2 0.000054 0.018177 0.938537 0.032896 0.010337
2 2 0.000159 0.040390 0.911281 0.000126 0.048044
2 2 0.000055 0.020521 0.960481 0.004762 0.014181
2 2 0.000293 0.033872 0.943774 0.001720 0.020341
2 2 0.000172 0.025619 0.959689 0.002018 0.012502
2 2 0.000004 0.005682 0.988813 0.000115 0.005385
2 2 0.000023 0.001432 0.994245 0.003201 0.001099
2 2 0.000209 0.027407 0.901124 0.030158 0.041102
2 2 0.000249 0.047343 0.903223 0.000482 0.048703
2 2 0.000007 0.004918 0.993020 0.000872 0.001184
2 2 0.000504 0.061983 0.908448 0.000161 0.028905
2 2 0.000094 0.008629 0.901491 0.080229 0.009558
2 2 0.000014 0.010410 0.982570 0.001527 0.005479
2 2 0.002037 0.032744 0.961168 0.001049 0.003002
2 0 0.012918 0.291062 0.604360 0.000481 0.091179
4 1 0.012694 0.201190 0.223325 0.000020 0.562772
4 1 0.006219 0.191151 0.372346 0.000053 0.430231
2 2 0.000201 0.041535 0.924829 0.000117 0.033318
2 2 0.002175 0.116385 0.604223 0.000117 0.277101
2 2 0.000407 0.069161 0.884482 0.000366 0.045584
2 2 0.001118 0.122151 0.808408 0.000162 0.068161
2 2 0.000022 0.019803 0.973352 0.000053 0.006770
2 2 0.000073 0.042811 0.938921 0.000010 0.018184
2 2 0.000015 0.007880 0.966119 0.014112 0.011874
2 2 0.000893 0.074029 0.729549 0.000215 0.195314
2 2 0.000630 0.071715 0.849850 0.002020 0.075785
2 2 0.000169 0.047780 0.909132 0.000738 0.042182
2 2 0.000286 0.046244 0.907330 0.002496 0.043644
2 2 0.000265 0.039482 0.885842 0.007565 0.066846
2 2 0.000001 0.002259 0.993615 0.002305 0.001820
2 2 0.001023 0.067980 0.745866 0.007094 0.178037
2 2 0.000002 0.005058 0.992810 0.000356 0.001773
2 2 0.000060 0.022421 0.954325 0.003674 0.019520
2 2 0.000001 0.002434 0.996103 0.000591 0.000871
2 2 0.000062 0.024909 0.945705 0.000337 0.028988
2 2 0.000344 0.040417 0.813794 0.002267 0.143178
2 2 0.000001 0.000875 0.996480 0.002510 0.000133
2 2 0.000169 0.014859 0.964365 0.005475 0.015132
2 2 0.000001 0.001263 0.988914 0.009567 0.000255
2 2 0.000023 0.011084 0.954526 0.025799 0.008569
2 2 0.000322 0.027693 0.815241 0.017425 0.139318
2 2 0.000463 0.018513 0.967174 0.001461 0.012388
2 2 0.000355 0.004095 0.989941 0.005239 0.000370
2 2 0.000014 0.002040 0.930653 0.067187 0.000106
2 2 0.000050 0.015649 0.971178 0.005408 0.007715
2 2 0.000164 0.016295 0.920883 0.016875 0.045783
2 2 0.000018 0.009150 0.953454 0.029313 0.008065
2 2 0.000396 0.007560 0.833861 0.152405 0.005778
2 2 0.000050 0.007176 0.985199 0.002236 0.005338
2 2 0.000252 0.013760 0.947132 0.034578 0.004277
2 2 0.000006 0.002192 0.926901 0.070818 0.000083
2 2 0.000010 0.005650 0.965522 0.018100 0.010718
2 2 0.000442 0.044841 0.866389 0.007013 0.081314
2 2 0.004006 0.097395 0.571323 0.165107 0.162170
2 2 0.000001 0.000363 0.510848 0.488694 0.000093
2 2 0.000092 0.004597 0.950131 0.043299 0.001882
2 3 0.000028 0.009305 0.910946 0.067194 0.012527
2 3 0.000368 0.024873 0.755124 0.129222 0.090413
2 3 0.000015 0.003152 0.903559 0.091088 0.002186
2 3 0.005176 0.016178 0.860284 0.114730 0.003632
2 3 0.000791 0.012829 0.790067 0.185139 0.011174
2 3 0.000025 0.003588 0.878365 0.117617 0.000406
2 3 0.001950 0.007217 0.857232 0.131974 0.001627
2 3 0.000187 0.014915 0.913879 0.050098 0.020921
2 3 0.000193 0.006644 0.817750 0.169415 0.005998
2 3 0.000149 0.003081 0.787446 0.209072 0.000253
2 3 0.000326 0.012349 0.546324 0.424282 0.016719
2 3 0.000704 0.018866 0.710506 0.243641 0.026284
3 3 0.000137 0.001218 0.130999 0.866632 0.001013
3 3 0.000166 0.001656 0.246575 0.751521 0.000082
2 3 0.000329 0.003821 0.809781 0.185384 0.000685
3 3 0.000013 0.001895 0.305519 0.691397 0.001176
3 3 0.003922 0.011335 0.221056 0.747998 0.015690
3 3 0.000017 0.000148 0.020955 0.978868 0.000012
3 3 0.000346 0.009955 0.390478 0.577978 0.021243
3 3 0.043800 0.015732 0.161234 0.767734 0.011501
3 3 0.001057 0.002037 0.167388 0.828613 0.000906
3 3 0.000165 0.001868 0.286395 0.711403 0.000170
3 3 0.011681 0.012378 0.282948 0.678954 0.014039
2 2 0.020781 0.027419 0.733768 0.216760 0.001272
2 2 0.001041 0.078642 0.854758 0.001730 0.063829
1 2 0.038029 0.404777 0.326040 0.000027 0.231127
2 2 0.000132 0.035327 0.915387 0.000515 0.048640
2 2 0.000049 0.011448 0.912803 0.003878 0.071821
2 2 0.000046 0.014016 0.976407 0.000105 0.009426
2 2 0.000078 0.023012 0.928525 0.000591 0.047793
2 2 0.001486 0.049740 0.943500 0.001543 0.003731
2 2 0.000136 0.048463 0.923505 0.000034 0.027862
2 2 0.008250 0.236791 0.526680 0.000308 0.227971
2 2 0.001860 0.106190 0.694079 0.000689 0.197183
2 2 0.015348 0.159163 0.525311 0.001710 0.298467
1 1 0.228972 0.457640 0.237241 0.000267 0.075879
4 1 0.007667 0.152236 0.257398 0.000291 0.582408
2 2 0.000240 0.042258 0.949847 0.000039 0.007616
2 2 0.000046 0.023243 0.965702 0.000368 0.010641
2 2 0.000215 0.031619 0.891393 0.011368 0.065407
2 2 0.000013 0.008542 0.972658 0.001989 0.016798
2 2 0.000005 0.007374 0.989198 0.000518 0.002905
2 1 0.129675 0.325698 0.395650 0.000697 0.148281
4 2 0.053592 0.177277 0.082837 0.000577 0.685717
4 2 0.047731 0.273665 0.113183 0.000032 0.565389
2 2 0.001872 0.080101 0.682389 0.019298 0.216341
2 2 0.000310 0.042607 0.911084 0.003549 0.042449
2 2 0.001586 0.124176 0.691389 0.000049 0.182799
2 2 0.007492 0.214090 0.433612 0.000545 0.344260
0 1 0.604408 0.125726 0.050741 0.000816 0.218309
4 1 0.015650 0.015228 0.007468 0.000078 0.961576
0 0 0.880072 0.033141 0.011988 0.000876 0.073924
4 0 0.223903 0.068894 0.017491 0.000115 0.689597
0 0 0.421739 0.169596 0.040376 0.000076 0.368213
4 0 0.075009 0.059335 0.017890 0.000054 0.847711
0 0 0.596419 0.050009 0.011736 0.000115 0.341721
0 0 0.834676 0.025094 0.009495 0.000613 0.130122
0 0 0.959166 0.007786 0.001997 0.000026 0.031025
0 0 0.976336 0.004399 0.001599 0.000077 0.017589
4 0 0.371309 0.032306 0.010930 0.000337 0.585119
0 0 0.916013 0.023390 0.006369 0.000141 0.054087
0 0 0.867166 0.108805 0.016864 0.000152 0.007013
0 0 0.981321 0.015101 0.002722 0.000038 0.000819
0 0 0.949049 0.015725 0.006983 0.001152 0.027091
0 0 0.939115 0.028093 0.006280 0.000086 0.026425
0 0 0.900967 0.030919 0.009570 0.000392 0.058152
0 0 0.998738 0.001011 0.000207 0.000004 0.000041
0 0 0.917144 0.038426 0.014078 0.001570 0.028783
0 0 0.828442 0.038563 0.032632 0.008242 0.092121
0 0 0.638595 0.031726 0.011755 0.000595 0.317329
0 0 0.858443 0.027020 0.005542 0.000034 0.108962
0 0 0.788736 0.021526 0.005571 0.000066 0.184101
4 0 0.056851 0.230438 0.222459 0.011811 0.478441
4 0 0.147762 0.069054 0.020844 0.000200 0.762139
4 0 0.313206 0.155085 0.041313 0.000439 0.489957
0 0 0.814827 0.101685 0.018307 0.000029 0.065153
4 0 0.345083 0.080560 0.016725 0.000072 0.557561
4 0 0.105847 0.244215 0.111877 0.000081 0.537979
4 1 0.143392 0.226581 0.079447 0.000032 0.550548
0 1 0.811495 0.103596 0.020511 0.000235 0.064163
4 1 0.107684 0.342383 0.085641 0.000021 0.464270
4 1 0.100097 0.255092 0.080527 0.000083 0.564201
0 1 0.493322 0.197496 0.036212 0.000077 0.272893
1 1 0.090647 0.449553 0.224164 0.000002 0.235635
1 1 0.178994 0.380759 0.067293 0.000000 0.372953
4 1 0.044635 0.391616 0.159609 0.000017 0.404123
4 1 0.060044 0.237915 0.174645 0.000273 0.527123
2 1 0.008001 0.193777 0.558160 0.001085 0.238976
4 1 0.063763 0.188126 0.093809 0.000661 0.653641
4 1 0.014179 0.299688 0.304554 0.000016 0.381563
4 1 0.034090 0.234145 0.100441 0.000002 0.631323
2 1 0.108236 0.290791 0.321700 0.000043 0.279231
2 1 0.006929 0.246483 0.498597 0.000021 0.247970
4 1 0.036330 0.228603 0.114590 0.000046 0.620431
2 1 0.009419 0.271418 0.405517 0.000024 0.313622
4 1 0.006224 0.122064 0.267744 0.000108 0.603861
2 2 0.000349 0.040486 0.866617 0.015304 0.077244
2 2 0.005560 0.162266 0.438217 0.000171 0.393786
2 2 0.002778 0.086166 0.512639 0.004754 0.393663
2 2 0.000096 0.027392 0.947058 0.010715 0.014738
2 2 0.000121 0.025266 0.928180 0.024739 0.021694
2 2 0.000119 0.029249 0.934284 0.006373 0.029975
2 2 0.000045 0.025860 0.953867 0.000038 0.020190
2 2 0.000169 0.021591 0.968061 0.001608 0.008572
2 2 0.000253 0.052374 0.904737 0.000565 0.042072
2 2 0.000832 0.068070 0.776140 0.004854 0.150105
2 2 0.000004 0.008729 0.989511 0.000230 0.001526
2 2 0.000152 0.031784 0.919617 0.020014 0.028433
2 2 0.000002 0.002734 0.993111 0.003725 0.000428
2 2 0.002133 0.143293 0.675159 0.000123 0.179292
2 2 0.000106 0.041897 0.938968 0.000065 0.018965
2 2 0.000092 0.023746 0.917602 0.042578 0.015982
2 2 0.000123 0.023035 0.932309 0.009283 0.035250
2 2 0.000620 0.072075 0.836953 0.003539 0.086813
2 2 0.000014 0.008784 0.973319 0.004970 0.012913
2 2 0.000076 0.028944 0.954680 0.003311 0.012989
2 2 0.000205 0.034479 0.904726 0.022157 0.038433
2 4 0.000173 0.032741 0.913499 0.020118 0.033468
2 4 0.002305 0.084722 0.552456 0.003925 0.356593
2 4 0.001484 0.150470 0.731182 0.000502 0.116361
2 4 0.001300 0.122500 0.695868 0.000459 0.179873
2 4 0.002452 0.132004 0.671057 0.001231 0.193257
2 4 0.001097 0.065727 0.743275 0.007319 0.182583
2 4 0.001663 0.122093 0.732240 0.000822 0.143182
2 4 0.001081 0.058358 0.655726 0.004005 0.280831
4 4 0.002973 0.079147 0.409855 0.002029 0.505996
2 4 0.000722 0.092451 0.773879 0.000314 0.132634
4 4 0.026974 0.087410 0.061842 0.001682 0.822092
2 1 0.018787 0.349582 0.486077 0.000056 0.145498
2 1 0.000153 0.036863 0.893520 0.000804 0.068660
2 1 0.000026 0.013842 0.962129 0.001311 0.022693
2 1 0.000991 0.101135 0.772299 0.000903 0.124672
2 4 0.002034 0.137548 0.744040 0.002241 0.114138
2 4 0.000003 0.003425 0.980815 0.011374 0.004383
2 4 0.000784 0.059799 0.810227 0.017667 0.111523
2 4 0.002887 0.116412 0.674754 0.023806 0.182141
4 4 0.003417 0.063383 0.232281 0.000445 0.700475
2 4 0.001930 0.088708 0.602724 0.002876 0.303762
4 4 0.008660 0.091978 0.152704 0.000490 0.746169
4 4 0.023711 0.064882 0.081668 0.021050 0.808688
4 4 0.013118 0.068074 0.112288 0.004252 0.802268
4 4 0.043427 0.117521 0.054275 0.000252 0.784525
4 4 0.004782 0.121718 0.411375 0.001324 0.460800
2 4 0.001687 0.078839 0.672746 0.009571 0.237157
2 4 0.001429 0.064284 0.622413 0.005354 0.306520
4 4 0.026187 0.067787 0.045273 0.001377 0.859376
2 4 0.005525 0.207091 0.558034 0.000197 0.229153
4 4 0.019582 0.058303 0.042093 0.000566 0.879456
2 4 0.004111 0.123195 0.513230 0.001353 0.358111
4 4 0.005605 0.085329 0.301424 0.004045 0.603597
4 4 0.005164 0.111284 0.338117 0.000459 0.544976
4 4 0.018344 0.078279 0.102083 0.003398 0.797897
4 4 0.016985 0.115367 0.113433 0.000758 0.753458
4 4 0.006233 0.099186 0.340535 0.006188 0.547858
2 4 0.003545 0.138836 0.525003 0.000549 0.332067
2 4 0.003358 0.116488 0.601391 0.010771 0.267991
2 4 0.004520 0.217478 0.631523 0.000053 0.146427
2 4 0.002494 0.097506 0.597359 0.002657 0.299984
4 4 0.008623 0.044620 0.090871 0.002269 0.853616
4 4 0.052641 0.023112 0.016470 0.002953 0.904824
4 4 0.036389 0.021562 0.010456 0.001270 0.930322
4 4 0.049325 0.027503 0.015253 0.002468 0.905452
4 4 0.022856 0.049198 0.031767 0.000832 0.895347
4 4 0.029835 0.025338 0.012110 0.001524 0.931193
4 4 0.027159 0.021251 0.010035 0.001121 0.940433
4 4 0.005848 0.045701 0.111210 0.000836 0.836406
2 4 0.001910 0.066694 0.519941 0.003598 0.407857
4 4 0.023584 0.056495 0.031863 0.000162 0.887896
4 4 0.242681 0.068183 0.017087 0.000221 0.671829
4 4 0.008492 0.106894 0.309488 0.007020 0.568106
4 4 0.024051 0.167657 0.173523 0.001436 0.633334
4 4 0.012771 0.163356 0.372157 0.006200 0.445517
2 4 0.004741 0.174965 0.550316 0.002181 0.267796
4 4 0.028345 0.056451 0.035423 0.001795 0.877986
4 4 0.037476 0.039111 0.019267 0.003268 0.900877
4 4 0.020488 0.111572 0.158394 0.013438 0.696109
4 4 0.030107 0.104934 0.170340 0.036799 0.657821
2 4 0.003170 0.132196 0.638257 0.003665 0.222712
4 4 0.008108 0.074918 0.272121 0.030587 0.614265
4 4 0.013999 0.063043 0.101820 0.003887 0.817252
2 4 0.003714 0.171716 0.645620 0.000160 0.178790
2 4 0.002593 0.138584 0.563567 0.000367 0.294890
2 4 0.003956 0.144910 0.512229 0.001087 0.337818
2 4 0.002025 0.102306 0.644985 0.002046 0.248638
2 4 0.002646 0.089526 0.685745 0.002709 0.219374
4 4 0.006872 0.076428 0.230868 0.004355 0.681477
4 4 0.014347 0.074311 0.139196 0.012198 0.759947
4 4 0.012748 0.073518 0.171676 0.022849 0.719208
4 4 0.033526 0.031590 0.015331 0.002243 0.917311
4 4 0.023462 0.016199 0.007510 0.000700 0.952129
4 4 0.028753 0.041432 0.033323 0.001222 0.895271
4 4 0.029171 0.097242 0.071030 0.001344 0.801213
4 4 0.005147 0.074266 0.297392 0.005482 0.617714
4 4 0.117405 0.036936 0.015833 0.001356 0.828471
4 4 0.017302 0.114034 0.191176 0.012371 0.665116
