0 0 0.998364 0.000999 0.000373 0.000000 0.000264
0 0 0.810239 0.104254 0.055597 0.002549 0.027360
0 0 0.616426 0.076875 0.121402 0.141536 0.043761
0 0 0.630874 0.197998 0.081483 0.014603 0.075042
1 0 0.281745 0.321351 0.135646 0.128030 0.133227
0 0 0.883965 0.055990 0.021674 0.000206 0.038165
0 0 0.903819 0.040934 0.034036 0.001207 0.020003
0 0 0.959122 0.024205 0.010296 0.000054 0.006324
0 0 0.831389 0.086765 0.038967 0.003427 0.039452
0 0 0.491050 0.215500 0.188156 0.019080 0.086214
0 0 0.987169 0.007133 0.003598 0.000006 0.002094
2 0 0.125991 0.207909 0.636780 0.011085 0.018235
0 0 0.799805 0.133662 0.060383 0.000006 0.006144
0 0 0.923587 0.028207 0.017646 0.003187 0.027373
0 0 0.900040 0.057825 0.022720 0.000479 0.018936
0 0 0.758624 0.130606 0.054624 0.005415 0.050732
0 0 0.827211 0.096279 0.054991 0.000582 0.020936
0 0 0.403942 0.212302 0.364368 0.002049 0.017339
0 0 0.681783 0.171637 0.099921 0.000566 0.046093
0 0 0.516770 0.260896 0.163760 0.004616 0.053958
0 0 0.744417 0.113423 0.136203 0.000461 0.005496
0 0 0.964087 0.024548 0.007424 0.000008 0.003933
0 0 0.772360 0.112527 0.077902 0.001921 0.035291
0 0 0.933717 0.038900 0.018013 0.000153 0.009216
2 0 0.043085 0.058651 0.690567 0.198839 0.008858
0 0 0.710032 0.094962 0.177604 0.006078 0.011323
2 0 0.035371 0.184155 0.525706 0.227940 0.026828
0 0 0.920688 0.028811 0.019629 0.003214 0.027658
0 0 0.575143 0.169087 0.181993 0.012463 0.061314
0 0 0.872704 0.054562 0.029575 0.004850 0.038309
0 0 0.544039 0.139841 0.195668 0.083857 0.036595
0 0 0.817641 0.092926 0.050303 0.004318 0.034813
2 0 0.172421 0.129574 0.385766 0.234441 0.077798
2 0 0.023118 0.196305 0.539964 0.217558 0.023055
1 0 0.098064 0.427043 0.421837 0.008662 0.044394
2 0 0.145928 0.226851 0.610095 0.002453 0.014673
0 0 0.404188 0.281083 0.237594 0.013180 0.063955
1 0 0.300063 0.312955 0.185382 0.083163 0.118436
0 0 0.509542 0.205526 0.110706 0.062187 0.112039
1 0 0.263608 0.318617 0.294609 0.035409 0.087757
0 0 0.933995 0.026392 0.024962 0.001833 0.012818
1 0 0.332021 0.415220 0.163160 0.013673 0.075926
0 0 0.795508 0.109295 0.046692 0.004088 0.044417
2 0 0.157079 0.189063 0.413569 0.194449 0.045839
2 0 0.001006 0.169467 0.824164 0.002391 0.002972
2 0 0.000386 0.047915 0.908548 0.035043 0.008109
0 0 0.583863 0.191811 0.167932 0.008093 0.048301
2 0 0.003833 0.065005 0.824674 0.103550 0.002938
2 0 0.006118 0.087481 0.871555 0.028686 0.006159
2 0 0.061575 0.259305 0.605696 0.043278 0.030145
2 0 0.005871 0.152543 0.829582 0.008848 0.003155
0 0 0.537176 0.315172 0.111201 0.000982 0.035469
0 0 0.560577 0.308716 0.085453 0.001845 0.043410
0 0 0.412362 0.330903 0.131501 0.033256 0.091978
0 0 0.297234 0.297150 0.216411 0.076052 0.113153
0 0 0.717006 0.147756 0.092153 0.002440 0.040646
2 0 0.296843 0.222291 0.361359 0.069841 0.049665
2 0 0.012872 0.178432 0.637102 0.157283 0.014311
2 0 0.035681 0.452790 0.483076 0.008642 0.019811
0 0 0.819852 0.106201 0.059937 0.000386 0.013625
2 0 0.185374 0.247671 0.522607 0.024400 0.019949
1 0 0.142271 0.382986 0.280952 0.099277 0.094514
0 0 0.663660 0.153848 0.148063 0.004107 0.030321
0 0 0.947810 0.033310 0.016427 0.000011 0.002442
0 0 0.802976 0.090691 0.062594 0.008393 0.035346
0 0 0.915539 0.047727 0.019423 0.000403 0.016907
0 0 0.340053 0.255662 0.139755 0.136909 0.127621
1 0 0.194278 0.413482 0.370642 0.005992 0.015608
2 0 0.357362 0.101355 0.398856 0.131989 0.010437
0 0 0.917334 0.049060 0.018619 0.000253 0.014734
0 0 0.814493 0.110501 0.041145 0.001458 0.032403
3 0 0.202077 0.229466 0.169366 0.264628 0.134464
0 0 0.668004 0.198931 0.115086 0.000346 0.017632
0 0 0.924047 0.063101 0.010285 0.000001 0.002566
1 0 0.274981 0.294804 0.136420 0.156827 0.136968
0 0 0.679461 0.130782 0.126696 0.026211 0.036851
0 0 0.907357 0.054574 0.020911 0.000347 0.016812
0 0 0.724442 0.197212 0.051996 0.000443 0.025907
0 1 0.821562 0.122722 0.035554 0.000278 0.019885
0 1 0.898526 0.075506 0.018170 0.000022 0.007775
0 1 0.622961 0.271768 0.090921 0.000055 0.014296
0 0 0.959356 0.022530 0.009497 0.000098 0.008519
0 0 0.867082 0.075054 0.030329 0.001084 0.026451
0 0 0.690188 0.121024 0.109895 0.033586 0.045308
2 0 0.282926 0.289785 0.422179 0.000344 0.004766
0 0 0.843413 0.129066 0.023086 0.000002 0.004433
0 0 0.637838 0.160127 0.194075 0.000117 0.007843
0 0 0.520881 0.029461 0.448552 0.000013 0.001093
0 0 0.671703 0.075948 0.248631 0.000728 0.002989
0 0 0.915201 0.037374 0.020080 0.001897 0.025448
0 0 0.946076 0.029880 0.012562 0.000180 0.011302
2 0 0.193836 0.203135 0.566002 0.005610 0.031416
0 0 0.517337 0.073674 0.318404 0.054339 0.036246
0 0 0.833775 0.121018 0.033468 0.000052 0.011688
0 0 0.987280 0.005042 0.003102 0.000063 0.004513
4 0 0.014589 0.024066 0.003017 0.000000 0.958328
0 0 0.909685 0.060289 0.017351 0.000039 0.012636
0 0 0.955169 0.018545 0.010744 0.000698 0.014845
0 1 0.565867 0.285286 0.115545 0.000780 0.032521
1 1 0.392761 0.406765 0.119534 0.009676 0.071264
0 1 0.553456 0.327674 0.094505 0.000270 0.024095
0 0 0.918036 0.030236 0.051084 0.000000 0.000644
0 0 0.980474 0.009035 0.008623 0.000030 0.001838
0 0 0.675701 0.167170 0.136336 0.003533 0.017259
0 0 0.822135 0.103348 0.039905 0.001638 0.032975
1 0 0.298955 0.476831 0.164931 0.009431 0.049853
0 0 0.944226 0.015779 0.032488 0.002102 0.005404
0 0 0.931677 0.012600 0.054408 0.000223 0.001092
0 0 0.918299 0.023119 0.057268 0.000053 0.001261
0 0 0.879364 0.068184 0.049043 0.000005 0.003405
0 0 0.985592 0.006413 0.005818 0.000036 0.002141
0 0 0.912415 0.056731 0.018620 0.000118 0.012115
0 0 0.816683 0.111305 0.044320 0.000796 0.026896
0 0 0.985326 0.007644 0.001667 0.000000 0.005363
0 0 0.892219 0.076147 0.020881 0.000060 0.010693
0 0 0.985926 0.008259 0.003239 0.000006 0.002570
0 0 0.827832 0.124658 0.032108 0.000118 0.015284
0 0 0.845372 0.112749 0.028553 0.000082 0.013244
0 1 0.483899 0.434339 0.065895 0.000063 0.015804
1 1 0.396144 0.485179 0.099016 0.000133 0.019528
0 1 0.458167 0.438018 0.079291 0.000254 0.024269
0 1 0.921216 0.064205 0.011386 0.000002 0.003191
0 1 0.668503 0.237559 0.062272 0.000696 0.030970
1 1 0.155544 0.470481 0.302897 0.000833 0.070244
1 1 0.086433 0.676742 0.214169 0.000688 0.021967
2 2 0.243321 0.300851 0.375277 0.000532 0.080019
0 2 0.318307 0.296275 0.292377 0.000357 0.092684
2 2 0.013461 0.069974 0.903307 0.000731 0.012528
2 2 0.030997 0.098257 0.836231 0.001014 0.033502
2 2 0.021836 0.045906 0.925520 0.000509 0.006229
2 2 0.368427 0.094761 0.532526 0.000065 0.004221
2 2 0.004230 0.041529 0.905267 0.004800 0.044174
2 2 0.022980 0.022090 0.941522 0.005510 0.007898
2 2 0.054370 0.168867 0.768642 0.000250 0.007871
2 2 0.019478 0.049054 0.922786 0.000134 0.008547
2 2 0.000271 0.003639 0.994498 0.001409 0.000182
2 2 0.067400 0.095634 0.808408 0.009920 0.018637
2 2 0.040912 0.074169 0.851779 0.000458 0.032682
2 2 0.000060 0.001140 0.997535 0.001174 0.000091
2 2 0.150030 0.154046 0.676368 0.000139 0.019417
2 2 0.013064 0.022741 0.961191 0.000366 0.002638
2 2 0.018407 0.061217 0.871299 0.027591 0.021486
2 2 0.015040 0.040601 0.925709 0.002884 0.015766
2 2 0.000097 0.002662 0.995554 0.001383 0.000304
2 3 0.000268 0.002088 0.818583 0.178523 0.000539
2 3 0.000197 0.002354 0.875548 0.121428 0.000473
2 3 0.000040 0.001663 0.872886 0.125249 0.000162
2 3 0.000105 0.002252 0.841110 0.156037 0.000496
2 3 0.000023 0.000601 0.562995 0.436292 0.000089
2 3 0.001041 0.006952 0.807652 0.181249 0.003106
2 3 0.000532 0.011235 0.684158 0.294063 0.010011
3 3 0.000026 0.001963 0.346424 0.651410 0.000177
3 3 0.000001 0.000163 0.225724 0.774100 0.000012
2 3 0.000010 0.003372 0.651840 0.344170 0.000609
2 3 0.000428 0.005731 0.645653 0.344836 0.003352
2 3 0.000066 0.001276 0.533141 0.465113 0.000404
3 3 0.000013 0.001239 0.277341 0.720900 0.000507
2 3 0.000005 0.000320 0.517003 0.482661 0.000011
2 3 0.000000 0.000020 0.719232 0.280748 0.000001
3 3 0.000001 0.000166 0.148117 0.851708 0.000008
2 3 0.000010 0.000426 0.671672 0.327747 0.000145
2 3 0.000340 0.008954 0.666295 0.321450 0.002961
3 3 0.000009 0.000393 0.035547 0.963981 0.000071
3 3 0.000001 0.000142 0.263261 0.736584 0.000012
3 3 0.000002 0.000470 0.267641 0.731666 0.000221
3 3 0.001132 0.027434 0.333031 0.610751 0.027653
3 3 0.000002 0.000371 0.486043 0.513485 0.000099
3 3 0.000016 0.000883 0.097470 0.901378 0.000252
3 3 0.000022 0.001176 0.081442 0.916341 0.001019
3 3 0.000166 0.003764 0.274881 0.719223 0.001966
3 3 0.000038 0.000894 0.492193 0.506824 0.000051
3 3 0.000299 0.009337 0.303682 0.675381 0.011301
3 3 0.000082 0.002979 0.106465 0.887594 0.002881
3 3 0.000001 0.000219 0.219352 0.780413 0.000015
3 3 0.000006 0.000404 0.066764 0.932813 0.000013
3 3 0.000000 0.000078 0.185465 0.814442 0.000014
3 3 0.000008 0.000604 0.322874 0.676248 0.000267
3 3 0.000001 0.000382 0.268832 0.730765 0.000020
3 3 0.000008 0.000238 0.054353 0.945286 0.000114
3 3 0.000000 0.000107 0.124715 0.875152 0.000025
3 3 0.000004 0.000447 0.302875 0.696575 0.000099
3 3 0.000037 0.002563 0.187865 0.808971 0.000565
3 3 0.000003 0.000907 0.286342 0.712665 0.000083
3 3 0.000010 0.001328 0.329610 0.668454 0.000597
3 3 0.000000 0.000014 0.016317 0.983666 0.000003
3 3 0.000006 0.000255 0.022005 0.977611 0.000124
3 3 0.000304 0.006046 0.388441 0.604289 0.000919
3 3 0.000000 0.000004 0.013099 0.986896 0.000001
3 3 0.000000 0.000016 0.199944 0.800036 0.000004
3 3 0.000755 0.003779 0.097575 0.896537 0.001352
3 3 0.000070 0.000931 0.109499 0.889422 0.000077
3 3 0.000028 0.001610 0.106621 0.890955 0.000785
3 3 0.000027 0.001293 0.089637 0.908144 0.000900
3 3 0.000004 0.000435 0.071471 0.927842 0.000248
3 3 0.000836 0.013062 0.270996 0.711435 0.003671
3 3 0.000135 0.003156 0.077858 0.917798 0.001052
3 3 0.000004 0.000617 0.112460 0.886127 0.000793
3 3 0.000000 0.000035 0.120958 0.878995 0.000013
3 3 0.000409 0.004999 0.053364 0.934442 0.006787
3 3 0.000050 0.002204 0.098784 0.897003 0.001960
3 3 0.000000 0.000111 0.071239 0.928586 0.000063
3 3 0.000000 0.000035 0.011378 0.988581 0.000006
3 3 0.000001 0.000101 0.032363 0.967509 0.000026
3 3 0.000008 0.000458 0.098273 0.900801 0.000461
2 3 0.002678 0.026989 0.872956 0.054803 0.042574
2 2 0.010215 0.032385 0.886435 0.070322 0.000643
2 3 0.001659 0.018947 0.973142 0.004956 0.001296
2 3 0.093295 0.282671 0.594202 0.000575 0.029258
2 2 0.007275 0.092448 0.885847 0.003110 0.011320
2 2 0.113795 0.182708 0.689072 0.001402 0.013023
2 2 0.270890 0.147751 0.571015 0.003327 0.007018
2 2 0.092478 0.112768 0.784512 0.003230 0.007012
2 2 0.033849 0.082698 0.878814 0.000104 0.004535
2 2 0.002320 0.045714 0.942834 0.000936 0.008196
2 2 0.274603 0.303854 0.396406 0.000027 0.025110
0 2 0.651127 0.153942 0.188123 0.000140 0.006667
2 2 0.002716 0.013873 0.982604 0.000080 0.000727
2 2 0.074921 0.136586 0.780989 0.000126 0.007378
2 2 0.076870 0.097738 0.819198 0.001612 0.004582
2 2 0.002297 0.043954 0.949568 0.000447 0.003734
2 2 0.009673 0.023519 0.954135 0.011407 0.001267
0 2 0.502852 0.169096 0.322642 0.000208 0.005202
2 2 0.384047 0.065192 0.548095 0.000531 0.002134
2 2 0.023132 0.076461 0.897204 0.000284 0.002920
2 2 0.058132 0.242848 0.681325 0.001092 0.016603
2 2 0.020395 0.042198 0.936755 0.000194 0.000458
2 2 0.009676 0.101081 0.880351 0.000715 0.008177
2 2 0.027994 0.163160 0.785388 0.000174 0.023283
2 2 0.029310 0.110853 0.848472 0.001231 0.010135
2 2 0.016649 0.018302 0.792284 0.166315 0.006450
2 2 0.042150 0.097003 0.846152 0.003159 0.011536
2 2 0.021916 0.017449 0.959794 0.000266 0.000575
2 2 0.004701 0.046862 0.942158 0.005386 0.000893
2 2 0.057282 0.072990 0.858319 0.001416 0.009992
2 2 0.001061 0.012229 0.979516 0.006523 0.000672
2 2 0.000045 0.001613 0.985865 0.012442 0.000035
2 3 0.000498 0.004387 0.993646 0.001399 0.000070
2 3 0.004036 0.033309 0.959611 0.001679 0.001366
2 3 0.020073 0.061907 0.891190 0.005523 0.021307
2 3 0.010675 0.026165 0.930449 0.030967 0.001744
2 3 0.061718 0.125288 0.808982 0.000877 0.003136
2 3 0.001064 0.011244 0.981409 0.005563 0.000721
2 3 0.000009 0.004197 0.974513 0.021231 0.000049
2 3 0.027276 0.058435 0.818635 0.092255 0.003399
2 3 0.006705 0.068558 0.920722 0.000588 0.003427
2 2 0.012635 0.016452 0.943530 0.013095 0.014288
2 2 0.001210 0.005286 0.991722 0.000701 0.001081
2 2 0.000242 0.009880 0.945915 0.037301 0.006662
2 2 0.001363 0.010994 0.974491 0.009307 0.003846
2 2 0.001188 0.006305 0.983946 0.006638 0.001923
2 2 0.010190 0.087435 0.893883 0.001508 0.006984
2 2 0.002715 0.013656 0.963831 0.018389 0.001409
2 2 0.000666 0.014681 0.981619 0.000040 0.002994
2 2 0.003490 0.009244 0.980727 0.006052 0.000487
2 2 0.003393 0.034501 0.958643 0.001207 0.002256
2 2 0.017212 0.084817 0.875354 0.003480 0.019137
2 2 0.194647 0.163222 0.616140 0.004999 0.020992
2 2 0.009775 0.023106 0.961373 0.002985 0.002761
2 2 0.001727 0.014182 0.974690 0.006692 0.002709
2 2 0.000936 0.017792 0.967796 0.008299 0.005178
2 2 0.035397 0.115257 0.819544 0.012495 0.017307
2 2 0.009711 0.015500 0.931375 0.019216 0.024197
2 2 0.009479 0.024051 0.947601 0.002784 0.016086
2 3 0.056725 0.045233 0.859463 0.018994 0.019584
3 3 0.001404 0.003875 0.445676 0.547393 0.001652
2 3 0.025049 0.079503 0.827385 0.031241 0.036822
3 3 0.000248 0.002719 0.412951 0.583474 0.000609
2 3 0.000010 0.000634 0.913146 0.085795 0.000416
2 3 0.002022 0.014453 0.504645 0.476470 0.002410
2 3 0.001022 0.010690 0.763871 0.219606 0.004810
3 3 0.000050 0.001706 0.223834 0.773726 0.000684
3 3 0.002922 0.008904 0.275867 0.711413 0.000893
2 3 0.000229 0.002559 0.766864 0.228677 0.001670
2 3 0.001774 0.014243 0.894104 0.086633 0.003246
2 2 0.071612 0.074061 0.849768 0.001086 0.003474
2 2 0.117439 0.253992 0.455927 0.003140 0.169502
2 2 0.020850 0.076172 0.864766 0.002928 0.035285
2 2 0.001248 0.007138 0.987572 0.000791 0.003251
2 2 0.054068 0.049870 0.841074 0.008151 0.046838
2 2 0.010783 0.015175 0.964975 0.004955 0.004112
2 2 0.032135 0.022648 0.915006 0.024699 0.005512
2 2 0.025282 0.043667 0.917317 0.002580 0.011153
2 2 0.001606 0.007247 0.987265 0.000450 0.003431
2 2 0.000053 0.001362 0.996267 0.002269 0.000049
2 2 0.001174 0.005463 0.983186 0.009885 0.000291
2 2 0.001002 0.015371 0.976349 0.001379 0.005898
2 2 0.003876 0.012290 0.975149 0.003543 0.005142
2 2 0.049281 0.035356 0.904231 0.000655 0.010477
2 2 0.003137 0.016833 0.971685 0.007000 0.001344
2 2 0.000228 0.005704 0.992879 0.000243 0.000946
2 2 0.000060 0.001663 0.983999 0.013357 0.000921
2 2 0.003265 0.038447 0.749863 0.003081 0.205343
2 2 0.009095 0.016341 0.970587 0.002855 0.001121
2 2 0.001541 0.010317 0.981354 0.004995 0.001793
2 2 0.003885 0.020033 0.924750 0.048513 0.002819
2 2 0.000376 0.010973 0.952166 0.027976 0.008509
2 2 0.000093 0.000763 0.978029 0.021048 0.000067
2 2 0.023639 0.104674 0.805900 0.000719 0.065068
0 1 0.378804 0.245101 0.367231 0.000827 0.008037
2 2 0.000804 0.014565 0.982474 0.000521 0.001636
2 2 0.002118 0.014551 0.876030 0.089288 0.018013
2 2 0.010815 0.019053 0.956728 0.000171 0.013232
2 2 0.000531 0.003434 0.988963 0.002939 0.004133
2 2 0.008838 0.024651 0.952692 0.000176 0.013643
2 2 0.001696 0.013088 0.961745 0.000923 0.022547
2 2 0.001520 0.009701 0.917356 0.000502 0.070922
2 2 0.001822 0.015788 0.754343 0.000057 0.227990
4 2 0.001748 0.037331 0.328795 0.000235 0.631891
4 4 0.002515 0.021545 0.437213 0.000004 0.538724
4 4 0.008235 0.046610 0.149576 0.000015 0.795565
4 4 0.009197 0.027022 0.023707 0.000009 0.940064
4 4 0.012517 0.018358 0.010694 0.000031 0.958400
4 4 0.031554 0.043945 0.034114 0.000004 0.890383
4 4 0.005242 0.030520 0.067437 0.000048 0.896754
4 4 0.011179 0.082940 0.180811 0.000020 0.725050
0 4 0.702012 0.101151 0.029163 0.000026 0.167648
4 4 0.014126 0.074611 0.213332 0.000004 0.697927
4 4 0.008045 0.084316 0.200374 0.000038 0.707227
4 4 0.015825 0.028145 0.080410 0.000004 0.875616
4 4 0.008266 0.004481 0.004187 0.000001 0.983065
4 4 0.008653 0.052724 0.144466 0.000014 0.794143
4 4 0.008827 0.031540 0.032939 0.000003 0.926692
4 4 0.024195 0.018431 0.008273 0.000019 0.949082
4 4 0.022956 0.016898 0.009170 0.000004 0.950972
4 4 0.030618 0.031682 0.015877 0.000010 0.921813
4 4 0.004867 0.036466 0.073932 0.000031 0.884704
4 4 0.085311 0.072481 0.032345 0.000067 0.809796
4 4 0.012263 0.004183 0.001921 0.000003 0.981630
4 4 0.033708 0.009645 0.008003 0.000001 0.948643
4 4 0.005640 0.005778 0.002723 0.000010 0.985848
4 4 0.011228 0.019870 0.009495 0.000238 0.959169
4 4 0.009408 0.041261 0.081875 0.000001 0.867455
4 4 0.048688 0.006050 0.002923 0.000003 0.942336
4 4 0.129500 0.017409 0.008726 0.000041 0.844324
4 4 0.124652 0.028749 0.015805 0.000007 0.830788
4 4 0.001860 0.005640 0.006527 0.000010 0.985964
0 1 0.945436 0.040336 0.009918 0.000006 0.004304
0 1 0.610791 0.215310 0.160961 0.000100 0.012838
0 1 0.768732 0.186588 0.034279 0.000025 0.010376
1 1 0.338893 0.390503 0.190861 0.000298 0.079445
2 1 0.211170 0.272277 0.418459 0.000576 0.097519
2 1 0.211536 0.239551 0.408964 0.000490 0.139459
2 2 0.086752 0.230720 0.598082 0.000730 0.083716
2 2 0.024726 0.125498 0.697897 0.001777 0.150102
2 2 0.041482 0.243099 0.543067 0.003050 0.169301
2 2 0.002687 0.025688 0.931138 0.000244 0.040243
2 2 0.052424 0.052281 0.746923 0.002453 0.145919
2 2 0.037004 0.076358 0.814873 0.000429 0.071336
2 2 0.049395 0.083110 0.795959 0.000024 0.071512
2 2 0.019892 0.046369 0.892675 0.000400 0.040663
2 2 0.000162 0.002634 0.981341 0.000188 0.015676
2 2 0.000692 0.007486 0.969683 0.000046 0.022094
2 2 0.004525 0.029696 0.786581 0.000221 0.178977
2 2 0.004380 0.009222 0.934972 0.000065 0.051361
2 2 0.000219 0.001358 0.996235 0.000089 0.002099
2 2 0.077190 0.090320 0.532187 0.000079 0.300225
2 2 0.001595 0.014984 0.919349 0.000127 0.063945
2 2 0.043097 0.074381 0.719568 0.000258 0.162695
2 2 0.004138 0.016071 0.892489 0.000100 0.087203
2 2 0.018287 0.013523 0.845500 0.000111 0.122579
2 2 0.000238 0.004676 0.985648 0.000097 0.009340
2 2 0.002070 0.013782 0.957459 0.000144 0.026544
2 2 0.000265 0.002827 0.987426 0.000382 0.009100
2 2 0.003270 0.018023 0.848413 0.003771 0.126524
2 2 0.017320 0.030908 0.646940 0.000034 0.304798
2 2 0.000652 0.007737 0.973203 0.000645 0.017764
2 2 0.004120 0.011023 0.935612 0.000834 0.048411
2 2 0.000942 0.006948 0.971864 0.000354 0.019891
2 2 0.005803 0.019715 0.959521 0.000057 0.014904
2 2 0.001159 0.009064 0.984026 0.002087 0.003665
2 2 0.025778 0.020783 0.944170 0.000322 0.008946
2 2 0.000888 0.016175 0.974939 0.000330 0.007669
2 2 0.005983 0.049931 0.933177 0.000748 0.010161
2 2 0.053755 0.152050 0.774564 0.002707 0.016925
2 2 0.003774 0.016138 0.976232 0.002305 0.001552
2 2 0.000546 0.002358 0.994205 0.002753 0.000138
2 2 0.000087 0.002398 0.990490 0.006563 0.000462
0 2 0.422410 0.178107 0.387934 0.000023 0.011526
2 1 0.066352 0.425491 0.491088 0.000571 0.016498
0 1 0.373636 0.207905 0.240880 0.000163 0.177416
0 1 0.420605 0.293528 0.275590 0.000198 0.010079
2 1 0.135493 0.182046 0.395377 0.001443 0.285641
2 1 0.255529 0.152102 0.522149 0.000857 0.069364
2 1 0.031225 0.129152 0.653108 0.000333 0.186183
2 1 0.002065 0.032836 0.942891 0.019331 0.002878
2 1 0.088365 0.128967 0.458355 0.000127 0.324186
2 1 0.035748 0.161964 0.694719 0.000381 0.107189
2 2 0.077711 0.241222 0.485407 0.000829 0.194832
2 2 0.063957 0.092495 0.561712 0.001190 0.280646
4 2 0.143241 0.118479 0.141395 0.000017 0.596868
2 2 0.017756 0.073265 0.756235 0.002759 0.149985
2 2 0.005449 0.081810 0.784573 0.005557 0.122612
2 2 0.005068 0.054121 0.729010 0.001122 0.210679
2 2 0.014585 0.067757 0.683648 0.021742 0.212268
2 2 0.005604 0.057792 0.807279 0.000840 0.128485
2 2 0.000401 0.024175 0.947594 0.011433 0.016398
2 2 0.002561 0.032295 0.918633 0.001149 0.045361
2 2 0.003399 0.061196 0.820408 0.017733 0.097264
2 2 0.001934 0.041317 0.723137 0.139213 0.094398
3 2 0.000803 0.033645 0.380123 0.429068 0.156361
2 2 0.004004 0.033975 0.509844 0.103676 0.348501
3 2 0.000538 0.016777 0.421190 0.477507 0.083988
3 2 0.003337 0.047128 0.256493 0.568633 0.124410
4 2 0.133413 0.059344 0.118699 0.010318 0.678227
2 3 0.001448 0.028689 0.432218 0.122594 0.415051
3 3 0.000267 0.007305 0.118637 0.853714 0.020077
3 3 0.000041 0.002907 0.243161 0.740384 0.013507
2 3 0.002740 0.060292 0.374660 0.358075 0.204232
3 3 0.000988 0.014229 0.110141 0.834229 0.040413
3 3 0.000886 0.015023 0.343581 0.565134 0.075376
3 3 0.002027 0.018586 0.256937 0.600279 0.122171
3 3 0.000081 0.005743 0.179315 0.784237 0.030624
4 3 0.008984 0.031760 0.441978 0.032866 0.484412
3 3 0.000094 0.004885 0.304639 0.656626 0.033757
4 3 0.001689 0.025272 0.428845 0.107398 0.436796
4 3 0.002867 0.036206 0.174917 0.098617 0.687393
4 3 0.000821 0.025885 0.261044 0.191749 0.520500
2 3 0.003382 0.028383 0.599233 0.068250 0.300751
3 3 0.000051 0.003390 0.258296 0.720931 0.017333
3 3 0.001991 0.025051 0.167295 0.710030 0.095634
2 3 0.002332 0.026174 0.433012 0.119826 0.418655
4 3 0.002001 0.041676 0.174871 0.248517 0.532934
3 3 0.000962 0.022432 0.219055 0.591090 0.166460
4 3 0.008338 0.033834 0.214993 0.029175 0.713660
3 3 0.000176 0.003862 0.059123 0.928031 0.008808
4 3 0.005944 0.052849 0.216048 0.075760 0.649398
3 3 0.000729 0.017009 0.301865 0.533294 0.147103
4 3 0.002135 0.043797 0.177523 0.101204 0.675340
3 3 0.000616 0.016983 0.285504 0.506169 0.190728
3 3 0.000123 0.003083 0.064607 0.923389 0.008799
2 3 0.000563 0.014167 0.445378 0.289563 0.250329
3 3 0.001269 0.024493 0.167259 0.668436 0.138543
3 3 0.003438 0.045866 0.190506 0.487065 0.273126
3 3 0.002318 0.017571 0.464307 0.493494 0.022310
3 3 0.005070 0.030532 0.323321 0.375068 0.266009
4 3 0.002617 0.034861 0.218408 0.171799 0.572314
3 3 0.001064 0.022776 0.286823 0.484897 0.204440
3 3 0.000662 0.017992 0.164824 0.695032 0.121489
3 3 0.002656 0.022960 0.412600 0.421920 0.139863
4 3 0.006114 0.055178 0.199831 0.178960 0.559917
3 3 0.000127 0.002359 0.040071 0.953974 0.003469
3 3 0.002003 0.023025 0.215977 0.625439 0.133556
3 3 0.007634 0.032963 0.280798 0.529233 0.149373
3 3 0.001394 0.014394 0.095998 0.860027 0.028188
3 3 0.000302 0.009864 0.241424 0.658249 0.090161
3 3 0.000155 0.003518 0.056646 0.931715 0.007967
3 3 0.006967 0.030999 0.105392 0.820819 0.035823
3 3 0.001523 0.014916 0.292592 0.675381 0.015588
2 3 0.009677 0.039822 0.476036 0.412444 0.062021
3 3 0.001553 0.016915 0.119842 0.818150 0.043540
4 3 0.028183 0.119791 0.181217 0.282531 0.388278
3 3 0.006001 0.027517 0.111339 0.830566 0.024577
2 3 0.010318 0.048354 0.435040 0.275761 0.230527
3 3 0.000088 0.001266 0.025777 0.972530 0.000339
3 3 0.011551 0.040431 0.185601 0.686564 0.075853
0 1 0.858144 0.041376 0.062315 0.017633 0.020532
2 1 0.014658 0.081860 0.857577 0.019787 0.026117
2 2 0.016098 0.055292 0.888949 0.012674 0.026987
2 2 0.131224 0.072255 0.737449 0.002018 0.057053
2 2 0.004241 0.015779 0.958579 0.016153 0.005248
2 2 0.001242 0.008422 0.988183 0.000911 0.001243
2 2 0.034156 0.044303 0.869081 0.002731 0.049730
2 2 0.182772 0.247220 0.360691 0.000408 0.208909
2 2 0.000954 0.009889 0.981900 0.000240 0.007018
2 2 0.000084 0.002852 0.985646 0.000136 0.011282
2 2 0.000738 0.017663 0.718940 0.000060 0.262599
2 2 0.000274 0.004144 0.961428 0.016783 0.017371
2 2 0.002504 0.010955 0.872680 0.000157 0.113704
2 2 0.000913 0.010279 0.931401 0.000499 0.056907
2 2 0.005122 0.019867 0.770718 0.000335 0.203959
2 2 0.000220 0.003107 0.974337 0.000927 0.021409
2 2 0.003281 0.009683 0.956304 0.002528 0.028204
2 2 0.011850 0.021418 0.818789 0.000109 0.147835
2 2 0.002226 0.011808 0.916032 0.000165 0.069768
2 2 0.000244 0.003372 0.928764 0.000150 0.067470
2 2 0.000066 0.002722 0.989105 0.001661 0.006446
2 2 0.001138 0.004646 0.968487 0.001000 0.024729
2 2 0.007807 0.024358 0.735316 0.000617 0.231901
2 2 0.036978 0.027037 0.787269 0.001040 0.147676
2 2 0.000616 0.006486 0.937034 0.000962 0.054901
2 2 0.009474 0.018024 0.908008 0.002675 0.061820
2 2 0.001359 0.008210 0.940060 0.002273 0.048099
2 2 0.000049 0.001651 0.961401 0.025038 0.011860
2 2 0.000151 0.002562 0.974187 0.004760 0.018340
2 2 0.000675 0.008146 0.947156 0.000956 0.043067
2 2 0.000008 0.000508 0.984702 0.008745 0.006037
2 2 0.000038 0.000709 0.990729 0.002498 0.006026
2 2 0.000159 0.003563 0.912511 0.000266 0.083500
2 2 0.001171 0.012381 0.885409 0.000206 0.100833
2 2 0.000883 0.014469 0.739568 0.000397 0.244682
2 2 0.000260 0.003992 0.698416 0.000337 0.296995
4 2 0.000853 0.008461 0.199012 0.000013 0.791662
4 2 0.001593 0.010208 0.433866 0.000048 0.554284
4 2 0.008678 0.025339 0.212601 0.000009 0.753372
2 2 0.000345 0.006008 0.611069 0.000667 0.381911
4 2 0.004983 0.029628 0.274383 0.000047 0.690960
4 2 0.008126 0.005979 0.007430 0.000006 0.978459
4 2 0.007468 0.039507 0.258747 0.000674 0.693604
4 2 0.001370 0.014472 0.133215 0.000042 0.850901
2 1 0.014562 0.157793 0.807108 0.000044 0.020493
2 2 0.146224 0.297673 0.470220 0.000179 0.085704
1 1 0.240888 0.491263 0.205843 0.000067 0.061939
2 2 0.030048 0.072405 0.871187 0.006897 0.019463
2 2 0.006616 0.012712 0.972491 0.000236 0.007945
2 2 0.007894 0.016118 0.927877 0.000398 0.047713
2 2 0.147294 0.121891 0.612639 0.001706 0.116471
2 2 0.010517 0.023161 0.959927 0.002408 0.003987
2 2 0.027130 0.072033 0.878524 0.000081 0.022232
2 2 0.000774 0.010762 0.985349 0.000651 0.002465
2 2 0.086349 0.028358 0.873446 0.002006 0.009840
2 2 0.163044 0.122263 0.684541 0.000074 0.030078
2 2 0.036839 0.026589 0.933038 0.000287 0.003247
2 2 0.028385 0.074270 0.839499 0.000084 0.057761
2 2 0.012149 0.018509 0.960988 0.000073 0.008282
2 2 0.035434 0.030551 0.925033 0.000243 0.008739
2 2 0.010898 0.033536 0.949474 0.000111 0.005981
2 2 0.059843 0.057306 0.845668 0.005710 0.031473
2 2 0.002033 0.012734 0.980239 0.000384 0.004610
2 2 0.015745 0.036138 0.942329 0.001251 0.004537
2 2 0.007586 0.013852 0.972026 0.000793 0.005743
2 2 0.005355 0.018777 0.971707 0.000061 0.004101
2 2 0.000899 0.007331 0.989383 0.002220 0.000166
2 2 0.070245 0.061736 0.853335 0.000300 0.014385
2 2 0.033548 0.026248 0.926390 0.004460 0.009354
2 2 0.028165 0.044322 0.911003 0.000090 0.016421
2 2 0.104788 0.052089 0.830004 0.001435 0.011683
2 2 0.071462 0.040239 0.885925 0.000452 0.001922
2 2 0.019446 0.030750 0.945918 0.001028 0.002858
2 2 0.005037 0.017491 0.966654 0.006555 0.004263
2 2 0.001454 0.012931 0.975730 0.009332 0.000553
2 2 0.004277 0.012239 0.974994 0.002594 0.005896
2 2 0.000792 0.017656 0.976021 0.003850 0.001680
2 2 0.075499 0.040352 0.871185 0.000790 0.012174
2 2 0.299966 0.057046 0.636127 0.002245 0.004616
2 1 0.040483 0.113391 0.829019 0.010070 0.007037
2 2 0.003424 0.020184 0.973025 0.001005 0.002363
0 0 0.901881 0.078695 0.014858 0.000004 0.004561
1 0 0.392470 0.410439 0.118380 0.000019 0.078693
0 1 0.617252 0.287743 0.079802 0.000063 0.015140
0 0 0.867342 0.083029 0.042881 0.000093 0.006655
0 0 0.800526 0.149834 0.041683 0.000013 0.007944
1 1 0.337816 0.421264 0.146898 0.000174 0.093848
0 1 0.713422 0.177641 0.085753 0.000068 0.023116
0 0 0.383093 0.351199 0.244995 0.000214 0.020500
0 0 0.736544 0.226039 0.031066 0.000004 0.006348
2 1 0.029631 0.111678 0.847893 0.002320 0.008478
1 1 0.222156 0.384778 0.366461 0.000284 0.026321
0 0 0.515878 0.349144 0.125065 0.000016 0.009897
1 0 0.454832 0.466068 0.067729 0.000022 0.011350
1 0 0.212973 0.672463 0.093741 0.000221 0.020601
0 0 0.761611 0.185402 0.038842 0.000066 0.014080
2 1 0.234408 0.168967 0.564454 0.000051 0.032120
2 1 0.002445 0.017751 0.967390 0.000453 0.011961
2 2 0.024802 0.065206 0.871432 0.000078 0.038482
2 2 0.000363 0.005001 0.993387 0.000227 0.001022
2 2 0.002890 0.033426 0.930605 0.000386 0.032694
2 2 0.000320 0.006823 0.989469 0.000052 0.003337
2 2 0.112148 0.055006 0.689852 0.001267 0.141727
2 2 0.010173 0.035715 0.934595 0.000236 0.019281
2 2 0.025447 0.049898 0.912195 0.000432 0.012029
2 2 0.004910 0.012441 0.976920 0.000354 0.005376
2 2 0.015186 0.032636 0.948697 0.000254 0.003227
2 2 0.150752 0.087089 0.733595 0.000128 0.028437
2 2 0.001102 0.008120 0.982224 0.001718 0.006836
2 2 0.074959 0.106970 0.799554 0.000136 0.018381
2 2 0.009959 0.028139 0.952180 0.000448 0.009275
2 2 0.005290 0.025191 0.956740 0.000063 0.012716
2 2 0.002383 0.014056 0.974081 0.000043 0.009437
2 2 0.038159 0.049142 0.885908 0.000395 0.026396
2 2 0.002066 0.024867 0.965587 0.000184 0.007296
2 2 0.015421 0.024757 0.943707 0.008533 0.007582
2 2 0.009395 0.037043 0.922738 0.000364 0.030461
2 2 0.011255 0.021250 0.943491 0.003094 0.020910
2 2 0.008328 0.042124 0.906767 0.000883 0.041897
2 2 0.000132 0.002769 0.995165 0.000336 0.001599
2 2 0.026047 0.061072 0.801149 0.000502 0.111231
2 2 0.000046 0.001435 0.998012 0.000313 0.000195
2 2 0.003153 0.022877 0.969640 0.000121 0.004207
2 2 0.011257 0.039776 0.938194 0.000859 0.009914
2 2 0.000875 0.005287 0.990727 0.002080 0.001031
2 2 0.016594 0.060557 0.903692 0.002963 0.016194
2 2 0.001086 0.008171 0.964414 0.001242 0.025088
2 2 0.002585 0.008557 0.980334 0.002491 0.006032
2 2 0.041739 0.034810 0.877941 0.000751 0.044758
2 2 0.000892 0.005464 0.985540 0.005188 0.002916
2 2 0.000097 0.002907 0.994969 0.000501 0.001526
2 2 0.003134 0.007264 0.973456 0.013947 0.002198
2 2 0.013707 0.024039 0.932347 0.003875 0.026032
2 2 0.000091 0.004228 0.986367 0.005158 0.004156
2 2 0.000794 0.007081 0.988502 0.000979 0.002644
2 2 0.000034 0.000504 0.912630 0.086712 0.000120
2 2 0.001932 0.008921 0.961578 0.000145 0.027423
2 2 0.001395 0.010537 0.982740 0.000899 0.004430
2 2 0.003407 0.012406 0.953695 0.001248 0.029244
2 2 0.000208 0.003228 0.993576 0.000259 0.002731
2 2 0.032577 0.031877 0.912863 0.000701 0.021982
2 2 0.001234 0.004855 0.988816 0.000868 0.004227
2 2 0.000174 0.002217 0.997138 0.000216 0.000254
2 2 0.000417 0.009076 0.982293 0.003317 0.004897
2 2 0.002132 0.011663 0.978334 0.002575 0.005296
2 2 0.000817 0.006926 0.979822 0.008175 0.004260
2 2 0.000290 0.008800 0.981968 0.006612 0.002329
2 2 0.004509 0.035000 0.930541 0.013523 0.016428
2 2 0.003025 0.020997 0.952792 0.000109 0.023077
2 2 0.000318 0.007761 0.965494 0.018404 0.008023
2 2 0.000017 0.000769 0.952456 0.046265 0.000493
2 2 0.001215 0.007229 0.986911 0.001699 0.002947
2 2 0.000168 0.006165 0.981360 0.010527 0.001780
2 2 0.007757 0.024332 0.896458 0.015632 0.055821
2 2 0.002323 0.012561 0.977453 0.000259 0.007404
2 2 0.000256 0.003730 0.976143 0.015324 0.004548
2 2 0.000032 0.001577 0.994928 0.003168 0.000295
2 2 0.000063 0.002642 0.990181 0.006551 0.000563
2 2 0.000121 0.005076 0.971604 0.013486 0.009714
2 3 0.000145 0.004962 0.755217 0.226531 0.013144
2 3 0.001834 0.019065 0.912436 0.013290 0.053376
2 3 0.005620 0.024040 0.870755 0.003557 0.096027
2 3 0.000874 0.005987 0.974147 0.011477 0.007516
2 3 0.000021 0.000483 0.993268 0.005563 0.000665
2 3 0.000691 0.014594 0.903381 0.010426 0.070908
2 3 0.000291 0.002556 0.984474 0.010375 0.002304
2 3 0.000833 0.023734 0.776675 0.160370 0.038388
2 3 0.000003 0.000828 0.995867 0.003161 0.000141
2 3 0.002352 0.014197 0.958308 0.002415 0.022728
2 3 0.002823 0.021068 0.845312 0.016411 0.114387
2 3 0.000010 0.001409 0.624883 0.372308 0.001390
3 3 0.000149 0.007791 0.426032 0.555346 0.010682
3 3 0.000572 0.017170 0.434499 0.441703 0.106056
2 3 0.003970 0.010525 0.930581 0.007540 0.047384
2 2 0.001423 0.020041 0.940683 0.013315 0.024538
2 2 0.000116 0.002734 0.994511 0.000850 0.001789
2 2 0.000012 0.000441 0.992037 0.006999 0.000511
2 2 0.000310 0.004130 0.983318 0.001441 0.010801
2 2 0.000421 0.006854 0.981425 0.009254 0.002047
2 2 0.001051 0.013472 0.958892 0.001326 0.025259
2 2 0.009825 0.028461 0.927068 0.001139 0.033507
2 2 0.000061 0.002507 0.993537 0.000076 0.003819
2 2 0.039886 0.019919 0.922310 0.002293 0.015593
2 2 0.015634 0.028898 0.945793 0.000454 0.009221
2 2 0.003614 0.015182 0.973949 0.001097 0.006157
2 2 0.002847 0.007922 0.987471 0.000285 0.001475
2 2 0.003767 0.036531 0.881863 0.000994 0.076845
2 2 0.000173 0.002778 0.994009 0.000164 0.002876
2 2 0.248998 0.154456 0.592825 0.000151 0.003569
2 2 0.119985 0.263784 0.568479 0.000560 0.047192
2 2 0.000739 0.004189 0.986183 0.000075 0.008815
2 2 0.003487 0.013973 0.949630 0.000065 0.032845
2 2 0.000523 0.006715 0.966099 0.000090 0.026573
4 2 0.008388 0.030085 0.425115 0.000014 0.536399
4 4 0.000668 0.013833 0.200648 0.000685 0.784166
4 4 0.006276 0.027932 0.032752 0.000005 0.933034
4 4 0.009954 0.065790 0.302837 0.000158 0.621261
4 4 0.010146 0.024059 0.021810 0.000031 0.943953
4 4 0.014962 0.006837 0.003227 0.000009 0.974965
4 4 0.016101 0.018270 0.012772 0.000091 0.952765
4 4 0.009276 0.025182 0.014611 0.000112 0.950819
4 4 0.004271 0.015928 0.016672 0.000010 0.963117
4 4 0.018557 0.055033 0.167961 0.000078 0.758372
4 4 0.000550 0.006425 0.006252 0.000005 0.986767
4 4 0.004385 0.012018 0.030280 0.000011 0.953307
4 4 0.003205 0.005310 0.004187 0.000009 0.987289
4 4 0.040674 0.005071 0.003673 0.000002 0.950581
4 4 0.073649 0.039596 0.034844 0.000009 0.851902
4 4 0.016378 0.040817 0.066902 0.000047 0.875856
4 4 0.003269 0.014650 0.022729 0.000036 0.959316
4 4 0.011307 0.042715 0.121790 0.000005 0.824182
4 4 0.007630 0.007865 0.004768 0.000016 0.979721
4 4 0.011578 0.012405 0.015556 0.000038 0.960423
4 4 0.004848 0.005844 0.002691 0.000012 0.986605
4 4 0.006275 0.000849 0.000478 0.000000 0.992397
4 4 0.031192 0.003568 0.003864 0.000000 0.961377
4 4 0.015864 0.011338 0.006150 0.000036 0.966612
4 4 0.004250 0.002566 0.001099 0.000001 0.992084
4 4 0.017515 0.003486 0.001606 0.000001 0.977393
4 4 0.021853 0.005534 0.005372 0.000001 0.967241
4 4 0.018459 0.002866 0.002190 0.000001 0.976485
4 4 0.010576 0.007800 0.004367 0.000015 0.977242
4 4 0.032849 0.016217 0.007397 0.000062 0.943476
4 4 0.019657 0.009022 0.009758 0.000012 0.961552
4 4 0.016057 0.017334 0.018002 0.000002 0.948605
4 4 0.004164 0.005535 0.017183 0.000004 0.973114
4 4 0.007499 0.030136 0.129618 0.000015 0.832732
4 4 0.023480 0.081793 0.347054 0.000059 0.547613
4 4 0.004465 0.028631 0.142969 0.000001 0.823934
4 4 0.007070 0.047230 0.303281 0.000031 0.642388
4 4 0.003264 0.014192 0.060821 0.000071 0.921651
4 4 0.004463 0.024735 0.019856 0.000023 0.950923
4 4 0.013016 0.075593 0.138724 0.000027 0.772641
4 4 0.009649 0.013160 0.018781 0.000024 0.958385
4 4 0.019638 0.036901 0.035253 0.000047 0.908161
4 4 0.003808 0.004736 0.005262 0.000004 0.986191
4 4 0.005980 0.052662 0.213761 0.000009 0.727589
4 4 0.006146 0.037230 0.189208 0.000178 0.767238
4 4 0.005794 0.044452 0.156266 0.000009 0.793480
4 4 0.002434 0.035555 0.149551 0.000009 0.812450
4 4 0.003718 0.023073 0.061536 0.000019 0.911654
4 4 0.025239 0.043590 0.076230 0.000022 0.854918
4 4 0.004342 0.040418 0.068640 0.000061 0.886539
2 4 0.000894 0.027505 0.548946 0.000169 0.422486
4 4 0.017341 0.039032 0.340921 0.000107 0.602599
2 4 0.003103 0.034189 0.516780 0.000243 0.445686
4 4 0.001809 0.021317 0.270847 0.000082 0.705945
1 0 0.293870 0.378195 0.303987 0.000007 0.023940
4 1 0.045996 0.173965 0.237552 0.000031 0.542456
4 1 0.063988 0.106411 0.282573 0.000001 0.547026
2 2 0.000526 0.028792 0.496705 0.000115 0.473862
2 2 0.001019 0.015061 0.857162 0.000093 0.126664
2 2 0.000189 0.012446 0.871258 0.001383 0.114725
2 2 0.000345 0.005490 0.975514 0.000039 0.018612
2 2 0.001294 0.018551 0.850493 0.000403 0.129259
2 2 0.000176 0.004764 0.984236 0.000081 0.010743
4 2 0.032667 0.038314 0.406222 0.000064 0.522732
2 2 0.008280 0.032729 0.845692 0.000170 0.113129
2 2 0.000795 0.016886 0.788381 0.000052 0.193885
2 2 0.000992 0.007880 0.970444 0.000068 0.020617
2 2 0.000599 0.011176 0.598981 0.000189 0.389055
2 2 0.002633 0.021852 0.888331 0.000096 0.087088
2 2 0.006666 0.020301 0.752089 0.000050 0.220894
2 2 0.001780 0.012673 0.919745 0.000006 0.065796
2 2 0.023051 0.033016 0.719319 0.000043 0.224570
2 2 0.000119 0.003031 0.965971 0.000117 0.030762
2 2 0.008143 0.019906 0.867661 0.000076 0.104213
2 2 0.001126 0.013472 0.957569 0.000031 0.027803
2 2 0.015804 0.040485 0.849323 0.000025 0.094363
2 2 0.001591 0.009887 0.729546 0.000041 0.258935
2 2 0.008738 0.028370 0.618724 0.000023 0.344146
2 2 0.000766 0.010829 0.870627 0.000347 0.117432
2 2 0.003929 0.024123 0.919205 0.000067 0.052676
2 2 0.005555 0.028438 0.939451 0.000110 0.026445
2 2 0.004744 0.014391 0.807161 0.000266 0.173438
2 2 0.008908 0.022501 0.918097 0.000384 0.050110
2 2 0.003431 0.014714 0.944127 0.000128 0.037600
2 2 0.002819 0.014544 0.934419 0.000384 0.047834
2 2 0.021816 0.050548 0.824524 0.000012 0.103099
2 2 0.026609 0.028819 0.887246 0.000370 0.056955
2 2 0.005744 0.021071 0.785083 0.000152 0.187951
2 2 0.000171 0.003700 0.985761 0.000150 0.010219
2 2 0.000123 0.009271 0.963205 0.007916 0.019485
2 2 0.000181 0.002987 0.983946 0.000354 0.012531
2 2 0.003815 0.027319 0.915802 0.000094 0.052970
2 2 0.000337 0.002692 0.990674 0.000326 0.005971
2 2 0.000149 0.003226 0.973344 0.002676 0.020605
2 2 0.001253 0.019236 0.943605 0.004312 0.031594
2 2 0.002921 0.014659 0.873581 0.001677 0.107164
2 2 0.000288 0.003879 0.974025 0.000748 0.021060
2 2 0.001174 0.006165 0.965669 0.002037 0.024956
2 2 0.000031 0.002345 0.995161 0.000784 0.001678
2 2 0.000166 0.005971 0.953185 0.004247 0.036431
2 3 0.000095 0.003206 0.948511 0.039176 0.009013
2 3 0.000770 0.006589 0.947560 0.009104 0.035978
2 3 0.000342 0.011200 0.965075 0.004823 0.018561
2 3 0.001063 0.039346 0.735277 0.021224 0.203089
2 3 0.000245 0.011959 0.819731 0.129685 0.038380
2 3 0.000056 0.006561 0.941257 0.013351 0.038776
2 3 0.000401 0.004432 0.822322 0.148083 0.024762
2 3 0.000038 0.005197 0.937561 0.044886 0.012318
2 3 0.000090 0.005111 0.947955 0.038870 0.007974
2 3 0.000056 0.002514 0.965532 0.004979 0.026919
2 3 0.000107 0.010723 0.763603 0.154695 0.070872
2 3 0.001087 0.014987 0.698859 0.044193 0.240874
2 3 0.000170 0.003541 0.714214 0.276542 0.005534
2 3 0.001202 0.029041 0.755115 0.110828 0.103814
2 3 0.000004 0.000803 0.930987 0.067116 0.001090
2 3 0.000010 0.001440 0.766999 0.222250 0.009301
3 3 0.000110 0.011018 0.391619 0.527606 0.069646
2 3 0.000084 0.004016 0.866373 0.119573 0.009953
2 3 0.000168 0.004529 0.859511 0.128741 0.007051
3 3 0.000007 0.002618 0.451987 0.530887 0.014501
2 3 0.001056 0.020415 0.709623 0.190435 0.078470
2 3 0.000943 0.007821 0.982355 0.004460 0.004421
2 3 0.004566 0.031139 0.938622 0.001581 0.024091
2 3 0.016063 0.032531 0.727514 0.005218 0.218673
2 3 0.000757 0.007891 0.974196 0.015488 0.001667
2 3 0.000447 0.005001 0.884126 0.107778 0.002647
2 3 0.001970 0.014884 0.849092 0.125589 0.008466
2 3 0.000191 0.004868 0.898176 0.085253 0.011512
3 3 0.000340 0.003710 0.127220 0.865534 0.003196
3 3 0.000003 0.000973 0.434343 0.564105 0.000577
2 3 0.000026 0.000827 0.876097 0.122963 0.000087
3 3 0.000096 0.009062 0.388848 0.562493 0.039502
2 3 0.000035 0.004942 0.838654 0.153358 0.003012
2 3 0.002518 0.014425 0.758474 0.211805 0.012778
2 3 0.000190 0.002356 0.802828 0.188032 0.006595
2 3 0.000067 0.001362 0.782974 0.215469 0.000127
2 3 0.001883 0.022119 0.677691 0.254474 0.043834
2 3 0.000003 0.000598 0.928111 0.071172 0.000117
2 3 0.000437 0.011304 0.620112 0.348261 0.019886
2 3 0.000552 0.018727 0.873391 0.053513 0.053817
2 3 0.000173 0.007106 0.563472 0.388540 0.040709
3 3 0.000126 0.003090 0.084537 0.909313 0.002934
2 3 0.000113 0.007232 0.739832 0.249662 0.003161
3 3 0.000186 0.005005 0.293444 0.692864 0.008501
2 2 0.002428 0.009104 0.941876 0.045354 0.001238
0 2 0.420458 0.288417 0.285075 0.000571 0.005479
1 2 0.063279 0.391482 0.384892 0.000149 0.160198
2 2 0.014031 0.052517 0.926733 0.000122 0.006598
2 2 0.105220 0.042072 0.822461 0.000265 0.029982
2 2 0.025614 0.053012 0.898705 0.000749 0.021921
2 2 0.122308 0.084089 0.777859 0.000165 0.015579
2 2 0.154924 0.077234 0.726135 0.005374 0.036333
2 2 0.023008 0.082054 0.892145 0.000254 0.002539
2 2 0.029103 0.022489 0.947325 0.000203 0.000881
2 2 0.000684 0.010245 0.988240 0.000108 0.000723
2 2 0.008129 0.082894 0.902309 0.000314 0.006355
2 2 0.119636 0.045886 0.825811 0.000258 0.008409
2 2 0.027615 0.031242 0.930750 0.000190 0.010204
2 2 0.016781 0.037840 0.942303 0.000164 0.002912
2 2 0.090193 0.086646 0.789509 0.000235 0.033417
2 2 0.240861 0.073028 0.677849 0.000134 0.008128
2 2 0.168673 0.085368 0.740022 0.000252 0.005685
2 2 0.086850 0.024761 0.884619 0.000264 0.003506
2 2 0.004862 0.013092 0.978476 0.000262 0.003308
2 2 0.091810 0.083372 0.812134 0.001198 0.011486
2 2 0.056970 0.050063 0.869950 0.002645 0.020372
2 2 0.073052 0.056197 0.865927 0.000470 0.004354
0 2 0.554823 0.149591 0.273059 0.000062 0.022465
