0 0 0.430924 0.353556 0.126471 0.010105 0.078943
0 0 0.849046 0.016590 0.003603 0.000022 0.130739
0 0 0.774062 0.061925 0.040174 0.000117 0.123722
0 0 0.760843 0.188459 0.011130 0.000006 0.039562
0 0 0.816338 0.149465 0.021264 0.000117 0.012817
0 0 0.988140 0.008938 0.001046 0.000002 0.001875
0 0 0.603853 0.194036 0.133836 0.003296 0.064979
0 0 0.888431 0.050024 0.022403 0.000152 0.038990
0 0 0.966853 0.018718 0.005678 0.000090 0.008661
0 0 0.982147 0.010912 0.002304 0.000016 0.004621
0 0 0.982115 0.009667 0.002520 0.000029 0.005669
0 0 0.944324 0.029771 0.009711 0.000265 0.015928
0 0 0.943114 0.037830 0.008436 0.000095 0.010526
0 0 0.969310 0.017192 0.007985 0.000029 0.005484
0 0 0.984795 0.011715 0.001340 0.000002 0.002148
0 0 0.970072 0.017780 0.007030 0.000103 0.005014
0 0 0.991486 0.004312 0.001393 0.000014 0.002796
0 0 0.994137 0.003443 0.001072 0.000006 0.001342
0 0 0.955577 0.034117 0.007651 0.000025 0.002630
0 0 0.980020 0.009062 0.004609 0.000138 0.006170
0 0 0.962721 0.019820 0.009211 0.000057 0.008192
0 0 0.940732 0.022450 0.033229 0.000459 0.003131
0 0 0.974365 0.015504 0.006614 0.000078 0.003438
0 0 0.866147 0.068323 0.049338 0.001700 0.014492
0 0 0.608773 0.331900 0.036704 0.000005 0.022619
0 0 0.811627 0.144065 0.027209 0.000200 0.016899
0 0 0.996475 0.001806 0.000350 0.000001 0.001367
0 0 0.992862 0.003452 0.001888 0.000026 0.001773
0 0 0.990323 0.004042 0.002418 0.000007 0.003209
0 0 0.995247 0.002716 0.000480 0.000001 0.001556
0 0 0.989569 0.004696 0.001895 0.000033 0.003806
0 0 0.996712 0.001596 0.000327 0.000001 0.001364
0 0 0.967723 0.011597 0.004309 0.000097 0.016273
0 0 0.975743 0.014259 0.005309 0.000062 0.004627
0 0 0.987981 0.009845 0.000847 0.000001 0.001326
0 0 0.985634 0.008803 0.002113 0.000014 0.003436
0 0 0.985990 0.006150 0.003930 0.000113 0.003817
2 0 0.356217 0.158381 0.481750 0.000000 0.003652
0 0 0.976131 0.016916 0.002723 0.000011 0.004219
0 0 0.983133 0.010813 0.003882 0.000026 0.002145
0 0 0.967513 0.028112 0.002183 0.000002 0.002191
4 1 0.389890 0.096179 0.045202 0.000367 0.468362
4 1 0.240651 0.102415 0.073954 0.000418 0.582562
0 1 0.428551 0.352730 0.077759 0.001264 0.139697
1 1 0.245657 0.448235 0.133938 0.000244 0.171925
0 1 0.627887 0.084593 0.033864 0.000403 0.253253
0 1 0.832737 0.101865 0.024951 0.000126 0.040322
4 1 0.181072 0.231722 0.081385 0.000268 0.505553
4 2 0.005230 0.072353 0.110258 0.000191 0.811967
4 2 0.012607 0.076405 0.046273 0.007751 0.856964
4 2 0.016446 0.135306 0.160062 0.001088 0.687097
2 2 0.001518 0.115161 0.637827 0.037792 0.207702
2 2 0.005522 0.135675 0.758507 0.008526 0.091771
0 1 0.977888 0.017988 0.002671 0.000000 0.001453
2 1 0.079938 0.340876 0.545810 0.012625 0.020751
0 1 0.416196 0.387629 0.068555 0.000052 0.127568
0 1 0.717008 0.172613 0.059187 0.000711 0.050481
1 1 0.391269 0.447826 0.090551 0.000895 0.069459
1 1 0.204109 0.333679 0.167165 0.000578 0.294470
1 1 0.119133 0.443631 0.294514 0.012830 0.129892
1 1 0.300511 0.372879 0.245266 0.000754 0.080590
2 2 0.010331 0.134647 0.411987 0.051801 0.391234
2 2 0.002135 0.074774 0.801805 0.060653 0.060634
2 2 0.076469 0.260180 0.380349 0.007514 0.275487
2 2 0.004246 0.132527 0.715176 0.009473 0.138577
2 2 0.000263 0.014913 0.755025 0.224792 0.005007
2 2 0.003546 0.023613 0.664461 0.067384 0.240996
1 1 0.370275 0.388899 0.170564 0.000529 0.069733
2 2 0.004944 0.062608 0.867492 0.010836 0.054119
1 2 0.196018 0.387423 0.337828 0.000484 0.078248
2 2 0.040896 0.072121 0.685425 0.088376 0.113182
4 2 0.025183 0.136317 0.142507 0.000700 0.695292
2 2 0.010252 0.031149 0.907487 0.040642 0.010470
0 0 0.888664 0.069057 0.024163 0.000015 0.018102
1 0 0.193650 0.621726 0.097745 0.000870 0.086009
0 0 0.822448 0.143589 0.020683 0.000018 0.013262
0 0 0.807068 0.141655 0.039243 0.000001 0.012033
0 0 0.881380 0.063540 0.048482 0.000571 0.006026
0 0 0.976377 0.019013 0.002511 0.000004 0.002095
0 0 0.950302 0.030077 0.013329 0.000205 0.006087
0 0 0.770060 0.183949 0.033151 0.000034 0.012805
0 0 0.438012 0.362660 0.114008 0.006488 0.078832
1 0 0.143680 0.579205 0.271451 0.000587 0.005077
0 0 0.460788 0.225242 0.279906 0.003448 0.030616
0 0 0.975188 0.016939 0.003634 0.000021 0.004218
0 0 0.973071 0.017276 0.004716 0.000037 0.004900
0 0 0.912778 0.057083 0.023317 0.000111 0.006711
0 0 0.662488 0.095692 0.234138 0.000470 0.007213
0 0 0.808878 0.147965 0.015958 0.000014 0.027186
0 0 0.913744 0.060959 0.009153 0.000041 0.016103
0 0 0.988818 0.004575 0.004594 0.000045 0.001968
0 0 0.928818 0.032607 0.025871 0.001184 0.011521
0 0 0.938002 0.052914 0.005857 0.000008 0.003219
0 0 0.746064 0.201879 0.016326 0.000012 0.035719
0 0 0.607187 0.235791 0.134751 0.000647 0.021624
0 0 0.823493 0.043315 0.063024 0.004567 0.065601
0 0 0.887071 0.086825 0.017001 0.000113 0.008989
0 0 0.978335 0.013619 0.002967 0.000015 0.005064
0 0 0.925472 0.054821 0.010413 0.000055 0.009240
0 0 0.500057 0.235915 0.248125 0.001957 0.013945
0 0 0.956778 0.029390 0.007858 0.000070 0.005904
0 0 0.779270 0.122573 0.086616 0.002037 0.009504
2 0 0.050317 0.123779 0.822420 0.001173 0.002311
0 0 0.686330 0.259203 0.037442 0.000253 0.016772
0 0 0.949905 0.027105 0.008747 0.000228 0.014015
0 0 0.973642 0.022119 0.001968 0.000002 0.002270
0 0 0.895995 0.076184 0.022598 0.000091 0.005132
0 0 0.776357 0.177060 0.031877 0.000141 0.014565
0 0 0.376891 0.330190 0.284319 0.000267 0.008334
0 0 0.427030 0.255597 0.286967 0.000439 0.029967
0 0 0.994759 0.003810 0.000416 0.000000 0.001015
0 0 0.923962 0.063549 0.006912 0.000015 0.005561
0 0 0.766970 0.172361 0.033515 0.000144 0.027010
0 0 0.761698 0.102386 0.032750 0.000933 0.102233
0 0 0.930037 0.052966 0.013198 0.000012 0.003787
0 0 0.966767 0.023864 0.005730 0.000019 0.003620
0 0 0.983746 0.011512 0.002768 0.000010 0.001964
0 0 0.791661 0.137988 0.059917 0.000190 0.010245
0 0 0.986111 0.009461 0.001629 0.000006 0.002794
0 0 0.725135 0.246051 0.024933 0.000000 0.003880
1 0 0.151229 0.507731 0.333388 0.005321 0.002331
0 0 0.947248 0.038064 0.006781 0.000044 0.007863
1 0 0.110607 0.623501 0.264551 0.000006 0.001335
0 0 0.954006 0.032485 0.005988 0.000040 0.007481
0 0 0.831595 0.113989 0.032407 0.000742 0.021267
0 0 0.838761 0.118277 0.030206 0.000360 0.012396
0 0 0.931666 0.056631 0.006900 0.000015 0.004788
0 0 0.965972 0.017317 0.010388 0.000160 0.006163
0 0 0.920065 0.034488 0.036866 0.000320 0.008260
0 0 0.990486 0.006620 0.001120 0.000003 0.001772
0 0 0.878808 0.081465 0.034535 0.000063 0.005129
0 0 0.964364 0.025654 0.007726 0.000034 0.002222
0 0 0.882517 0.093142 0.013829 0.000073 0.010440
0 0 0.983333 0.008862 0.005307 0.000035 0.002463
0 0 0.835665 0.141300 0.014724 0.000036 0.008275
0 0 0.868801 0.091915 0.027155 0.000073 0.012056
0 0 0.900348 0.058917 0.032748 0.000227 0.007760
0 0 0.862397 0.102553 0.027707 0.000038 0.007304
0 0 0.496976 0.279405 0.171937 0.000534 0.051147
0 0 0.987771 0.008112 0.001436 0.000003 0.002678
0 0 0.964441 0.026974 0.005542 0.000013 0.003030
0 0 0.964251 0.027635 0.003681 0.000010 0.004423
0 0 0.802001 0.114729 0.070811 0.000105 0.012355
0 0 0.823847 0.114344 0.047972 0.000347 0.013490
0 0 0.928554 0.060124 0.008946 0.000009 0.002368
0 0 0.884183 0.089272 0.019313 0.000117 0.007114
0 0 0.903684 0.072465 0.016988 0.000101 0.006763
0 0 0.967142 0.021583 0.008183 0.000067 0.003025
0 0 0.931338 0.056404 0.009290 0.000003 0.002965
0 0 0.913101 0.067464 0.013473 0.000039 0.005921
0 0 0.815618 0.101218 0.076465 0.000103 0.006596
0 0 0.891495 0.095906 0.008243 0.000009 0.004346
0 0 0.726940 0.170791 0.091711 0.000101 0.010457
0 0 0.932477 0.048444 0.016856 0.000013 0.002210
0 0 0.849021 0.117566 0.015716 0.000064 0.017633
0 0 0.775937 0.196144 0.020248 0.000030 0.007641
0 0 0.738012 0.221275 0.027420 0.000121 0.013172
0 0 0.869517 0.039803 0.016430 0.000410 0.073841
0 0 0.956060 0.037656 0.003262 0.000003 0.003019
0 0 0.691194 0.235880 0.064184 0.000519 0.008222
1 0 0.315395 0.395772 0.279628 0.000623 0.008582
0 0 0.687876 0.115782 0.090351 0.002276 0.103715
0 0 0.907916 0.066572 0.008281 0.000023 0.017209
1 0 0.311751 0.517389 0.160084 0.000222 0.010555
0 0 0.646178 0.214090 0.125003 0.000329 0.014399
0 0 0.924084 0.053202 0.016887 0.000155 0.005672
0 0 0.907721 0.050013 0.033362 0.001100 0.007803
0 0 0.965900 0.025691 0.006278 0.000020 0.002111
0 0 0.969744 0.024247 0.003973 0.000007 0.002030
0 0 0.971831 0.018523 0.003698 0.000026 0.005922
0 0 0.785541 0.163132 0.036427 0.000374 0.014525
0 0 0.719244 0.123373 0.148104 0.000830 0.008449
0 0 0.793856 0.149489 0.032930 0.000166 0.023559
0 0 0.917483 0.056891 0.018640 0.000207 0.006779
0 0 0.956268 0.028151 0.006422 0.000071 0.009089
2 0 0.075559 0.209002 0.710546 0.001432 0.003461
0 0 0.948618 0.026344 0.023957 0.000187 0.000894
0 0 0.808703 0.173652 0.012154 0.000012 0.005480
0 0 0.762049 0.159757 0.069805 0.000039 0.008350
0 0 0.721512 0.199896 0.057083 0.000004 0.021505
0 0 0.813589 0.166373 0.015128 0.000018 0.004892
0 0 0.789058 0.164437 0.035566 0.000280 0.010660
2 0 0.096974 0.402500 0.479905 0.000378 0.020243
0 0 0.767157 0.183209 0.026321 0.000150 0.023163
0 0 0.612149 0.300609 0.076417 0.000082 0.010743
1 1 0.216494 0.360705 0.132559 0.000607 0.289635
0 1 0.411097 0.402469 0.168966 0.000257 0.017212
2 1 0.113170 0.422696 0.428526 0.010594 0.025014
1 1 0.257673 0.331398 0.092011 0.001450 0.317468
0 1 0.467661 0.409047 0.077903 0.000047 0.045342
1 1 0.229229 0.416437 0.307611 0.001911 0.044812
1 1 0.083842 0.424235 0.152719 0.002593 0.336611
2 1 0.121476 0.273060 0.443415 0.005712 0.156337
1 1 0.295677 0.399868 0.148887 0.001289 0.154279
4 1 0.122447 0.310244 0.154985 0.000907 0.411417
1 1 0.214963 0.389891 0.191179 0.000054 0.203913
4 1 0.020433 0.107560 0.043598 0.003151 0.825259
2 2 0.006565 0.217606 0.591098 0.014833 0.169898
2 2 0.001126 0.137192 0.758616 0.011148 0.091918
2 2 0.014606 0.105968 0.805777 0.008918 0.064731
2 2 0.027354 0.230646 0.378082 0.000361 0.363556
2 2 0.011377 0.423092 0.429110 0.000158 0.136262
2 2 0.015624 0.170117 0.659016 0.057758 0.097485
2 2 0.006602 0.107425 0.617047 0.077260 0.191665
3 2 0.000094 0.000795 0.370783 0.627888 0.000440
2 2 0.000140 0.002495 0.563359 0.433651 0.000354
2 2 0.000025 0.008742 0.938335 0.047655 0.005243
2 2 0.067684 0.131131 0.697059 0.006822 0.097304
2 2 0.000157 0.011746 0.977498 0.005781 0.004818
2 2 0.002413 0.019507 0.787131 0.122087 0.068862
2 2 0.143492 0.233172 0.440916 0.001132 0.181288
2 2 0.000954 0.009409 0.870043 0.096319 0.023275
2 2 0.003787 0.013560 0.858364 0.104864 0.019425
2 2 0.004940 0.019204 0.533267 0.392909 0.049680
2 2 0.000522 0.056084 0.784953 0.020187 0.138254
2 2 0.000352 0.006734 0.767302 0.223356 0.002256
2 2 0.002688 0.032789 0.760578 0.145320 0.058625
2 2 0.000589 0.006176 0.815741 0.175189 0.002306
2 3 0.000108 0.009905 0.920525 0.050800 0.018662
2 3 0.000058 0.004388 0.513720 0.455814 0.026020
2 3 0.000042 0.002282 0.558427 0.423614 0.015635
3 3 0.000026 0.000292 0.278431 0.721219 0.000032
2 3 0.000105 0.000804 0.766084 0.232671 0.000336
3 3 0.000191 0.002296 0.154212 0.841564 0.001737
2 3 0.000394 0.005347 0.609127 0.364034 0.021097
3 3 0.000232 0.001263 0.200887 0.796704 0.000915
3 3 0.000170 0.002066 0.146721 0.845260 0.005783
3 3 0.000546 0.005277 0.257499 0.729405 0.007273
3 3 0.000049 0.000603 0.309160 0.689790 0.000398
3 3 0.000237 0.000545 0.031982 0.967011 0.000225
3 3 0.000036 0.000340 0.033891 0.965363 0.000371
3 3 0.000009 0.001001 0.333127 0.664871 0.000992
3 3 0.000607 0.002341 0.244559 0.750757 0.001735
3 3 0.000223 0.001070 0.057433 0.940212 0.001063
3 3 0.000857 0.001030 0.030811 0.966916 0.000385
3 3 0.000028 0.000233 0.012878 0.986603 0.000258
3 3 0.000453 0.002038 0.089972 0.904774 0.002763
3 3 0.000043 0.000287 0.134475 0.865167 0.000027
3 3 0.001436 0.008585 0.294684 0.681528 0.013767
3 3 0.000004 0.000057 0.009544 0.990355 0.000040
3 3 0.000009 0.000203 0.023748 0.975661 0.000380
3 3 0.000055 0.000257 0.194131 0.805517 0.000040
3 3 0.000005 0.000084 0.013773 0.986058 0.000080
3 3 0.000016 0.000070 0.013285 0.986613 0.000016
3 3 0.000612 0.002049 0.068846 0.925800 0.002694
3 3 0.000120 0.002304 0.262828 0.726230 0.008518
3 3 0.000093 0.000481 0.018728 0.980321 0.000377
3 3 0.000046 0.000649 0.066266 0.931923 0.001116
3 3 0.000048 0.000482 0.047279 0.951599 0.000593
3 3 0.000035 0.000342 0.027000 0.972392 0.000231
3 3 0.000293 0.000792 0.026348 0.971996 0.000571
3 3 0.003607 0.006562 0.404746 0.579931 0.005155
3 3 0.000051 0.000195 0.016520 0.983149 0.000085
3 3 0.000074 0.000369 0.018646 0.980597 0.000313
3 3 0.000118 0.000926 0.034833 0.962272 0.001852
3 3 0.002442 0.003794 0.065077 0.924923 0.003765
3 3 0.000812 0.002154 0.051785 0.942662 0.002587
3 3 0.000085 0.000194 0.024874 0.974807 0.000039
3 3 0.000087 0.000481 0.018982 0.979913 0.000537
3 3 0.000628 0.001788 0.098904 0.897358 0.001322
3 3 0.000004 0.000019 0.004205 0.995769 0.000003
3 3 0.002867 0.004265 0.099051 0.890024 0.003793
3 3 0.000005 0.000085 0.017405 0.982449 0.000055
3 3 0.000036 0.000619 0.174421 0.823930 0.000994
3 3 0.000001 0.000016 0.003502 0.996467 0.000015
3 3 0.008487 0.006641 0.101031 0.879316 0.004525
3 3 0.000037 0.000465 0.024820 0.973681 0.000997
3 3 0.000020 0.000164 0.021596 0.978114 0.000106
3 3 0.002877 0.004041 0.071905 0.917457 0.003719
3 3 0.000017 0.000148 0.009991 0.989709 0.000136
3 3 0.000288 0.002006 0.048011 0.943652 0.006043
3 3 0.000019 0.000183 0.011507 0.988086 0.000204
3 3 0.000044 0.000378 0.025849 0.973348 0.000380
3 3 0.000031 0.000295 0.027723 0.971668 0.000284
3 3 0.000001 0.000015 0.004181 0.995798 0.000005
3 3 0.000001 0.000014 0.005617 0.994364 0.000003
3 3 0.000008 0.000141 0.039440 0.960301 0.000110
3 3 0.001024 0.002636 0.080600 0.912563 0.003178
3 3 0.000021 0.000180 0.013622 0.986004 0.000173
3 3 0.000003 0.000037 0.004809 0.995128 0.000024
3 3 0.000035 0.000487 0.075974 0.922803 0.000701
3 3 0.001917 0.003740 0.059161 0.930498 0.004683
3 3 0.000045 0.000401 0.053607 0.945604 0.000343
3 3 0.052670 0.012660 0.137065 0.793541 0.004063
3 3 0.000060 0.000876 0.064850 0.931983 0.002232
3 3 0.000239 0.001346 0.169890 0.827243 0.001281
3 3 0.000592 0.003271 0.060169 0.925540 0.010428
4 2 0.176205 0.165552 0.033341 0.000424 0.624477
2 2 0.016894 0.181110 0.621295 0.105038 0.075663
4 2 0.029847 0.075930 0.336703 0.058384 0.499137
2 2 0.111144 0.393317 0.427857 0.017767 0.049916
2 2 0.031709 0.193795 0.745830 0.004066 0.024600
2 2 0.000009 0.001748 0.987113 0.009905 0.001226
2 2 0.009400 0.083733 0.856935 0.038325 0.011607
2 2 0.000130 0.020100 0.915890 0.056514 0.007366
2 2 0.026212 0.143244 0.617169 0.034449 0.178926
2 2 0.074563 0.185016 0.400850 0.003406 0.336165
2 2 0.004389 0.121124 0.822716 0.008888 0.042883
2 2 0.013991 0.043228 0.917626 0.011951 0.013204
2 2 0.010361 0.109420 0.641475 0.019352 0.219393
2 2 0.003203 0.024206 0.894671 0.055599 0.022322
2 2 0.000369 0.016934 0.865486 0.092394 0.024817
2 2 0.000007 0.003472 0.984956 0.010454 0.001112
2 2 0.000251 0.009829 0.733787 0.247939 0.008194
2 2 0.000717 0.014904 0.671364 0.097487 0.215527
2 2 0.000016 0.003376 0.968757 0.019022 0.008829
2 2 0.001264 0.020059 0.658311 0.075176 0.245189
4 2 0.001515 0.048600 0.408418 0.011108 0.530358
2 2 0.000788 0.033378 0.548425 0.001812 0.415596
2 2 0.000430 0.037424 0.893087 0.021171 0.047888
4 4 0.000523 0.056278 0.090139 0.000123 0.852936
4 4 0.000752 0.147537 0.368161 0.000735 0.482815
2 4 0.000392 0.104054 0.649001 0.003460 0.243092
4 4 0.011012 0.074849 0.188516 0.004922 0.720700
4 4 0.000360 0.087033 0.257382 0.000997 0.654228
4 4 0.001349 0.112079 0.329334 0.001537 0.555701
4 4 0.006926 0.048891 0.089234 0.013780 0.841169
4 4 0.001250 0.118981 0.320796 0.000624 0.558349
4 4 0.002069 0.058385 0.104487 0.001650 0.833409
4 4 0.000796 0.194507 0.366222 0.000900 0.437574
4 4 0.001794 0.245185 0.198469 0.003344 0.551208
2 4 0.001823 0.174312 0.483620 0.001592 0.338653
4 4 0.004417 0.171106 0.247039 0.027304 0.550134
4 4 0.002128 0.105898 0.292623 0.002620 0.596731
2 4 0.000753 0.142736 0.531701 0.001827 0.322984
2 4 0.000201 0.076359 0.816722 0.004119 0.102599
2 2 0.000042 0.015216 0.931209 0.002648 0.050884
2 2 0.000368 0.015850 0.934968 0.019683 0.029131
2 2 0.000112 0.029243 0.908882 0.011940 0.049824
4 2 0.001780 0.099842 0.156090 0.000481 0.741807
2 2 0.000262 0.071010 0.602161 0.000707 0.325861
4 4 0.000351 0.075665 0.397923 0.000811 0.525250
4 4 0.000564 0.058841 0.292867 0.000717 0.647011
4 4 0.000882 0.099161 0.289878 0.000622 0.609456
2 4 0.000630 0.202878 0.583563 0.002383 0.210546
4 4 0.009379 0.059986 0.067903 0.008754 0.853977
4 4 0.002224 0.059895 0.034418 0.001008 0.902455
4 4 0.028244 0.128747 0.100001 0.002183 0.740825
4 4 0.001096 0.088419 0.432885 0.001893 0.475706
4 4 0.006894 0.017962 0.012329 0.000412 0.962403
2 4 0.009248 0.334841 0.425254 0.007357 0.223300
2 4 0.000951 0.154736 0.537567 0.001874 0.304872
2 4 0.003493 0.211120 0.611595 0.004698 0.169095
2 4 0.002275 0.079236 0.497253 0.015901 0.405335
2 2 0.001487 0.100087 0.718463 0.003660 0.176303
2 2 0.000213 0.067499 0.868447 0.021315 0.042527
2 2 0.000025 0.019219 0.935525 0.018995 0.026236
2 2 0.000257 0.030634 0.941224 0.010972 0.016913
2 2 0.000035 0.013400 0.968463 0.005493 0.012609
2 2 0.000080 0.013651 0.942719 0.013026 0.030525
2 2 0.000017 0.010480 0.968837 0.006930 0.013736
2 2 0.000013 0.004903 0.950076 0.034916 0.010091
2 2 0.000016 0.006838 0.963126 0.012610 0.017409
2 2 0.000028 0.008095 0.945871 0.024328 0.021679
2 2 0.000073 0.016148 0.922918 0.033287 0.027574
2 2 0.002996 0.027747 0.627124 0.235302 0.106830
2 2 0.000131 0.017650 0.912630 0.033081 0.036507
2 2 0.002183 0.011742 0.938847 0.043114 0.004116
2 2 0.000529 0.020000 0.764036 0.077324 0.138111
2 2 0.000130 0.007616 0.963380 0.019487 0.009387
2 2 0.000072 0.008931 0.973990 0.010008 0.007000
2 2 0.000349 0.009263 0.622032 0.315062 0.053295
2 2 0.001087 0.014655 0.872364 0.014930 0.096965
2 2 0.000084 0.010432 0.949889 0.026014 0.013581
2 2 0.001298 0.006676 0.606644 0.382982 0.002400
2 2 0.000736 0.003362 0.944317 0.047490 0.004094
2 2 0.000117 0.008818 0.947719 0.026878 0.016468
2 2 0.000189 0.006483 0.914329 0.067724 0.011275
2 2 0.000008 0.001696 0.884543 0.107306 0.006448
2 2 0.048668 0.039789 0.734542 0.122059 0.054943
2 2 0.000141 0.004731 0.834622 0.145981 0.014525
2 2 0.000004 0.001398 0.900505 0.097539 0.000554
2 2 0.000767 0.010027 0.977050 0.005248 0.006909
2 2 0.005995 0.010159 0.639758 0.334595 0.009493
2 2 0.000020 0.011130 0.909205 0.072829 0.006817
2 2 0.004778 0.020571 0.687671 0.194560 0.092420
2 2 0.000164 0.001533 0.807769 0.189329 0.001204
2 2 0.000194 0.013817 0.638325 0.338791 0.008873
3 2 0.000064 0.001302 0.429432 0.568087 0.001116
3 2 0.000125 0.005187 0.401215 0.572282 0.021191
2 2 0.021946 0.033054 0.876749 0.012657 0.055595
3 2 0.000123 0.005946 0.303537 0.655188 0.035207
3 2 0.003470 0.013901 0.334817 0.600588 0.047224
0 2 0.997304 0.002537 0.000002 0.000000 0.000157
0 2 0.628282 0.356727 0.013368 0.000000 0.001623
2 2 0.000301 0.004705 0.873856 0.120643 0.000495
2 2 0.000288 0.021418 0.829783 0.122101 0.026409
2 2 0.000039 0.002516 0.994387 0.002825 0.000233
2 2 0.001754 0.003279 0.510968 0.482623 0.001375
2 2 0.002753 0.011566 0.561930 0.394286 0.029466
2 2 0.001478 0.011661 0.921103 0.057962 0.007795
2 2 0.009168 0.037361 0.572416 0.239846 0.141210
2 2 0.000822 0.006357 0.780656 0.210852 0.001312
3 2 0.003570 0.023421 0.216762 0.489632 0.266614
2 2 0.007152 0.010552 0.619238 0.354197 0.008862
2 3 0.001925 0.010283 0.691929 0.279424 0.016438
2 3 0.001691 0.003655 0.714659 0.278114 0.001881
3 3 0.001769 0.008753 0.456916 0.510873 0.021688
3 3 0.000056 0.000771 0.044975 0.952239 0.001959
3 3 0.000065 0.000380 0.216514 0.782934 0.000107
3 3 0.002326 0.004811 0.057612 0.927694 0.007557
3 3 0.010504 0.017076 0.368072 0.575099 0.029249
3 3 0.000034 0.000221 0.095711 0.904009 0.000025
3 3 0.000013 0.000206 0.384762 0.614956 0.000063
3 3 0.000230 0.002668 0.238936 0.751390 0.006775
3 3 0.002820 0.010687 0.111336 0.827682 0.047475
3 3 0.000005 0.000123 0.010898 0.988704 0.000269
3 3 0.026341 0.026308 0.328921 0.581896 0.036533
3 3 0.000087 0.000393 0.026001 0.973234 0.000285
3 3 0.000184 0.000745 0.024058 0.974235 0.000778
3 3 0.000037 0.000437 0.019887 0.978679 0.000959
3 3 0.000056 0.000607 0.287533 0.711614 0.000190
3 3 0.000012 0.000086 0.019448 0.980422 0.000032
3 3 0.000001 0.000034 0.008093 0.991854 0.000018
3 3 0.000501 0.004621 0.220546 0.759665 0.014667
3 3 0.000002 0.000037 0.007494 0.992442 0.000024
3 3 0.000100 0.001035 0.037976 0.957915 0.002975
3 3 0.000371 0.001395 0.058121 0.938602 0.001511
3 3 0.000087 0.000313 0.033266 0.966215 0.000119
3 3 0.000006 0.000240 0.017893 0.980563 0.001299
3 3 0.000540 0.001815 0.038053 0.956982 0.002610
3 3 0.000153 0.001385 0.066107 0.929217 0.003138
3 3 0.000086 0.000367 0.041667 0.957713 0.000166
3 3 0.000026 0.000904 0.088782 0.905141 0.005146
3 3 0.000297 0.001806 0.054031 0.939609 0.004257
3 3 0.000001 0.000021 0.004207 0.995753 0.000018
3 3 0.000176 0.001229 0.226640 0.770969 0.000985
3 3 0.000224 0.001745 0.040822 0.951696 0.005511
3 3 0.002375 0.005744 0.093096 0.887847 0.010937
3 3 0.000052 0.000499 0.057250 0.941618 0.000582
3 3 0.000013 0.000257 0.016060 0.982986 0.000684
3 3 0.000074 0.000582 0.021766 0.976556 0.001022
3 3 0.001935 0.001527 0.080856 0.915324 0.000358
3 3 0.003147 0.001590 0.045969 0.948982 0.000312
3 3 0.000132 0.001780 0.045660 0.942811 0.009618
3 3 0.000652 0.001630 0.105734 0.890926 0.001058
3 3 0.000005 0.000134 0.042395 0.957305 0.000163
3 3 0.000016 0.000167 0.042928 0.956780 0.000109
3 3 0.000082 0.000300 0.022636 0.976848 0.000135
3 3 0.000026 0.000283 0.027481 0.971851 0.000359
3 3 0.001225 0.002025 0.108375 0.887286 0.001089
3 3 0.000144 0.000780 0.026613 0.971367 0.001096
3 3 0.002016 0.006094 0.092952 0.883872 0.015067
3 3 0.000015 0.000141 0.009928 0.989776 0.000139
3 3 0.000112 0.000306 0.019385 0.980071 0.000126
3 3 0.000001 0.000013 0.007132 0.992851 0.000003
3 3 0.000014 0.000321 0.112906 0.886361 0.000398
3 3 0.000001 0.000048 0.065071 0.934851 0.000030
3 3 0.000261 0.000444 0.018806 0.980341 0.000148
3 3 0.004295 0.021714 0.137202 0.612325 0.224465
3 3 0.000012 0.000144 0.010887 0.988779 0.000178
3 3 0.011577 0.011729 0.140508 0.821755 0.014431
3 3 0.000758 0.005915 0.116662 0.845995 0.030670
3 3 0.000565 0.001527 0.041809 0.954552 0.001547
3 3 0.000174 0.000563 0.018861 0.979990 0.000412
3 3 0.005289 0.005226 0.083279 0.902266 0.003940
3 3 0.000007 0.000037 0.006585 0.993362 0.000009
3 3 0.001051 0.001825 0.051931 0.943900 0.001293
3 3 0.030536 0.008096 0.115166 0.844054 0.002148
3 3 0.000002 0.000029 0.004267 0.995683 0.000018
3 3 0.000022 0.000317 0.017052 0.981916 0.000693
3 3 0.016176 0.003936 0.227606 0.751832 0.000450
3 3 0.007028 0.006682 0.092688 0.887984 0.005619
3 3 0.000000 0.000014 0.004935 0.995042 0.000009
3 3 0.006745 0.004640 0.088240 0.898266 0.002110
3 3 0.000151 0.001104 0.031026 0.965171 0.002548
0 2 0.877111 0.060451 0.054143 0.002047 0.006248
2 2 0.017918 0.210410 0.688723 0.042795 0.040154
2 2 0.004312 0.098630 0.666119 0.025075 0.205863
4 2 0.015351 0.045501 0.362959 0.078211 0.497977
2 2 0.002513 0.060392 0.661072 0.036405 0.239619
4 2 0.001724 0.039025 0.340798 0.023315 0.595138
2 2 0.001155 0.061743 0.860877 0.047249 0.028975
2 2 0.000179 0.026072 0.893102 0.067814 0.012833
2 2 0.002066 0.021926 0.927983 0.021115 0.026910
2 2 0.000048 0.012726 0.954472 0.024642 0.008111
2 2 0.001785 0.086112 0.764932 0.029540 0.117632
2 2 0.000377 0.035965 0.934880 0.004207 0.024572
2 2 0.003034 0.072577 0.766460 0.053601 0.104328
2 2 0.008676 0.070465 0.730132 0.002379 0.188349
2 2 0.000643 0.029486 0.895232 0.020398 0.054240
4 2 0.003832 0.032237 0.417843 0.009118 0.536970
2 2 0.000473 0.080182 0.733866 0.004600 0.180879
2 2 0.000061 0.021436 0.946875 0.008695 0.022932
2 2 0.004754 0.030337 0.924844 0.008473 0.031593
2 2 0.000531 0.091530 0.832560 0.006067 0.069312
2 2 0.002579 0.049706 0.919745 0.009098 0.018872
2 2 0.017007 0.034836 0.759834 0.046336 0.141987
2 2 0.002873 0.028801 0.883704 0.041938 0.042685
2 2 0.000289 0.010996 0.542187 0.402134 0.044394
2 2 0.022255 0.027802 0.808900 0.086834 0.054210
2 2 0.000381 0.010783 0.979637 0.008152 0.001048
2 2 0.021615 0.060078 0.765634 0.132699 0.019975
2 2 0.008756 0.121442 0.642652 0.038276 0.188874
4 2 0.007680 0.035926 0.361713 0.182021 0.412659
2 2 0.004929 0.035955 0.947052 0.002661 0.009403
2 2 0.195533 0.075850 0.433873 0.021185 0.273559
2 2 0.000641 0.025304 0.877666 0.047088 0.049301
2 2 0.000925 0.031390 0.772776 0.170263 0.024647
2 2 0.001632 0.029148 0.587801 0.071717 0.309702
2 2 0.022404 0.120292 0.660239 0.034197 0.162867
2 2 0.000101 0.023076 0.859185 0.016792 0.100846
2 2 0.000023 0.007436 0.985736 0.002579 0.004226
2 2 0.000059 0.006655 0.988431 0.003500 0.001355
2 2 0.001457 0.018206 0.911761 0.052191 0.016385
2 2 0.005289 0.039330 0.848094 0.031007 0.076280
4 2 0.007596 0.059858 0.438523 0.018412 0.475610
2 2 0.000005 0.001446 0.995516 0.002973 0.000059
2 2 0.001891 0.015801 0.962025 0.007745 0.012538
2 2 0.001854 0.022144 0.516235 0.451831 0.007935
2 2 0.000118 0.018294 0.898918 0.062421 0.020249
2 2 0.000461 0.018007 0.918488 0.054732 0.008312
2 2 0.000045 0.005444 0.985651 0.007482 0.001378
2 2 0.003205 0.023054 0.940674 0.020090 0.012977
2 2 0.003122 0.015146 0.902571 0.074000 0.005161
2 2 0.001774 0.035790 0.892079 0.035689 0.034668
2 2 0.000935 0.010715 0.982395 0.003305 0.002650
2 2 0.000622 0.025001 0.933960 0.023306 0.017111
2 2 0.000370 0.011824 0.884155 0.095013 0.008637
2 2 0.004366 0.014433 0.759614 0.181575 0.040012
2 2 0.000033 0.011364 0.963920 0.019190 0.005493
2 2 0.000355 0.011322 0.976351 0.005092 0.006880
2 2 0.000600 0.023636 0.653477 0.037610 0.284678
2 2 0.002491 0.013014 0.952411 0.025101 0.006983
2 2 0.000003 0.003085 0.877268 0.119511 0.000134
2 2 0.000129 0.004047 0.968489 0.026348 0.000986
2 2 0.000789 0.005933 0.973111 0.013549 0.006617
2 2 0.000547 0.014535 0.865210 0.074006 0.045702
2 2 0.000101 0.006223 0.961942 0.029272 0.002463
2 2 0.000039 0.007862 0.949334 0.014031 0.028735
2 2 0.002335 0.020134 0.678187 0.270653 0.028690
2 2 0.003764 0.036347 0.937339 0.010309 0.012241
2 2 0.017874 0.022729 0.770344 0.173626 0.015427
2 2 0.347808 0.102946 0.507974 0.029114 0.012158
2 2 0.106381 0.041487 0.789815 0.043172 0.019145
2 2 0.004061 0.012894 0.916889 0.045222 0.020934
2 2 0.008852 0.015546 0.507466 0.443896 0.024240
2 2 0.001823 0.080748 0.792197 0.004662 0.120570
4 4 0.006204 0.052927 0.294167 0.004959 0.641744
4 4 0.003168 0.114038 0.339269 0.001789 0.541736
4 4 0.002179 0.114509 0.418189 0.001881 0.463241
4 4 0.004008 0.140784 0.141127 0.000343 0.713738
4 4 0.003529 0.118440 0.326026 0.002137 0.549868
4 4 0.013755 0.216714 0.374885 0.007344 0.387302
4 4 0.003137 0.106764 0.313598 0.002343 0.574158
4 4 0.149657 0.296784 0.213953 0.000530 0.339076
2 4 0.015356 0.328556 0.429289 0.000501 0.226298
2 4 0.001238 0.097677 0.579056 0.000522 0.321507
1 0 0.268416 0.381449 0.328282 0.000097 0.021756
1 1 0.257193 0.579858 0.130355 0.002115 0.030479
4 1 0.119947 0.201950 0.072612 0.001521 0.603969
4 2 0.106321 0.249344 0.161629 0.001417 0.481289
2 2 0.004893 0.251982 0.465789 0.002314 0.275022
2 2 0.000652 0.083327 0.833362 0.006408 0.076251
2 2 0.000151 0.027784 0.884146 0.009622 0.078296
4 4 0.000694 0.070687 0.457238 0.002937 0.468443
4 4 0.001172 0.074366 0.187794 0.000249 0.736419
4 4 0.002792 0.009248 0.006598 0.001637 0.979725
4 4 0.005716 0.088320 0.066201 0.002298 0.837465
4 4 0.013631 0.027335 0.037554 0.003451 0.918030
4 4 0.024326 0.019898 0.010245 0.001145 0.944385
4 4 0.002295 0.010718 0.012404 0.004538 0.970046
4 4 0.016937 0.010388 0.001847 0.000010 0.970818
4 4 0.014269 0.010947 0.004851 0.000146 0.969788
4 4 0.005898 0.299917 0.134669 0.002107 0.557409
4 4 0.003538 0.205203 0.251747 0.000416 0.539097
4 4 0.000737 0.078988 0.175128 0.001864 0.743283
4 4 0.018690 0.016265 0.007732 0.000690 0.956622
4 4 0.002841 0.150727 0.205804 0.006438 0.634189
4 4 0.003578 0.083329 0.031728 0.001752 0.879613
4 4 0.001539 0.061130 0.163080 0.002807 0.771444
4 4 0.004085 0.077774 0.080703 0.001012 0.836425
4 4 0.001045 0.025488 0.014198 0.000167 0.959103
4 4 0.004983 0.094831 0.042329 0.003991 0.853866
4 4 0.000560 0.018878 0.038209 0.001179 0.941175
4 4 0.002715 0.004750 0.001771 0.000062 0.990702
4 4 0.005737 0.059343 0.019694 0.001369 0.913857
4 4 0.007608 0.032794 0.032991 0.014338 0.912269
4 4 0.005242 0.043148 0.042211 0.001539 0.907860
4 4 0.002740 0.110445 0.053332 0.005934 0.827549
4 4 0.003837 0.037839 0.084017 0.006416 0.867891
4 4 0.007438 0.151639 0.288838 0.001013 0.551072
4 4 0.003034 0.050606 0.258868 0.005755 0.681738
4 4 0.000831 0.008169 0.002887 0.000125 0.987987
4 4 0.339992 0.013693 0.001688 0.000002 0.644626
4 4 0.000918 0.004958 0.001413 0.000007 0.992704
4 4 0.008307 0.029173 0.038207 0.000237 0.924077
4 4 0.013595 0.046755 0.047289 0.000399 0.891961
4 4 0.001927 0.055678 0.113767 0.001215 0.827413
4 4 0.013856 0.032055 0.012416 0.000866 0.940807
4 4 0.012989 0.045785 0.021937 0.003101 0.916188
4 4 0.002499 0.018358 0.020248 0.007723 0.951172
4 4 0.009458 0.014199 0.010678 0.000889 0.964776
4 4 0.009493 0.011686 0.005490 0.000492 0.972838
4 4 0.005384 0.079140 0.213090 0.000165 0.702221
4 4 0.002288 0.032267 0.145389 0.001109 0.818948
4 4 0.000460 0.050114 0.434398 0.000442 0.514586
4 4 0.008913 0.067370 0.036958 0.007549 0.879210
4 4 0.001331 0.009631 0.034959 0.000288 0.953791
4 4 0.001459 0.105368 0.362885 0.009514 0.520774
4 4 0.000558 0.095520 0.234363 0.001001 0.668557
2 4 0.000834 0.090143 0.459924 0.004887 0.444212
4 4 0.001105 0.018317 0.010802 0.000183 0.969593
4 4 0.001593 0.071419 0.165148 0.001975 0.759865
2 4 0.000531 0.082328 0.461010 0.007871 0.448260
4 4 0.000496 0.051579 0.277993 0.001743 0.668189
4 4 0.001349 0.073934 0.139870 0.003386 0.781462
4 4 0.000748 0.026675 0.050467 0.001206 0.920904
4 4 0.002061 0.039273 0.103590 0.000761 0.854316
4 4 0.001918 0.027995 0.011698 0.000755 0.957633
2 4 0.000249 0.057115 0.501662 0.000484 0.440490
2 4 0.000889 0.077669 0.607158 0.007702 0.306581
4 4 0.001517 0.102043 0.415246 0.002223 0.478971
4 4 0.003177 0.148246 0.174223 0.002387 0.671967
4 4 0.007118 0.181729 0.306426 0.004887 0.499840
4 4 0.000990 0.136350 0.241346 0.000744 0.620570
4 4 0.005318 0.017363 0.010786 0.002009 0.964523
4 4 0.011742 0.013698 0.007926 0.000495 0.966140
2 4 0.000954 0.226426 0.387129 0.000519 0.384972
4 4 0.000466 0.054552 0.354950 0.001756 0.588275
4 4 0.011180 0.065274 0.037023 0.000276 0.886247
4 4 0.000785 0.080077 0.384194 0.006654 0.528291
4 4 0.002771 0.059037 0.246153 0.002767 0.689273
2 4 0.000318 0.136923 0.505332 0.000962 0.356465
2 4 0.000101 0.076532 0.748601 0.001310 0.173456
4 2 0.000747 0.068690 0.418780 0.001643 0.510140
2 2 0.000461 0.127018 0.509325 0.001889 0.361307
2 2 0.000388 0.035065 0.538409 0.003595 0.422543
2 2 0.000228 0.028869 0.855907 0.001791 0.113205
2 2 0.000514 0.073194 0.859121 0.006170 0.061001
2 2 0.000293 0.032084 0.790075 0.004889 0.172659
2 2 0.000672 0.025092 0.854112 0.016266 0.103857
2 2 0.000125 0.017923 0.922472 0.006703 0.052777
2 2 0.000015 0.013522 0.933207 0.000750 0.052506
2 2 0.000424 0.010828 0.971556 0.001514 0.015678
2 2 0.000067 0.015768 0.880865 0.002118 0.101182
2 2 0.000235 0.023125 0.837431 0.024305 0.114905
2 2 0.000026 0.006781 0.976098 0.005441 0.011654
2 2 0.002002 0.021265 0.887031 0.014603 0.075100
2 2 0.001035 0.016724 0.879059 0.041557 0.061624
2 2 0.000194 0.015085 0.933113 0.007121 0.044487
2 2 0.000426 0.031597 0.890167 0.011884 0.065926
2 2 0.000408 0.039705 0.881091 0.005869 0.072927
2 2 0.000341 0.010542 0.903979 0.026630 0.058507
2 2 0.000474 0.025647 0.862638 0.033335 0.077906
2 2 0.000065 0.016047 0.945830 0.003005 0.035053
2 2 0.000009 0.004708 0.989505 0.003945 0.001833
2 2 0.000090 0.008822 0.974302 0.006646 0.010140
2 2 0.000301 0.016147 0.934826 0.008556 0.040170
2 2 0.000030 0.006911 0.968797 0.011607 0.012656
2 2 0.000023 0.010658 0.951642 0.021672 0.016005
2 2 0.000124 0.016152 0.944220 0.025957 0.013546
2 2 0.000027 0.004344 0.932195 0.059281 0.004154
2 2 0.000352 0.008692 0.964745 0.006067 0.020144
2 2 0.000042 0.014929 0.936174 0.001375 0.047479
2 2 0.000027 0.004576 0.945564 0.031987 0.017846
2 2 0.000007 0.004204 0.984322 0.005448 0.006020
2 2 0.000005 0.001866 0.948445 0.048816 0.000868
2 2 0.000996 0.022244 0.873701 0.005100 0.097959
1 2 0.346608 0.429102 0.164755 0.000160 0.059375
2 2 0.000830 0.050444 0.814540 0.002236 0.131950
2 2 0.000107 0.013916 0.967860 0.009201 0.008916
2 2 0.003459 0.026903 0.889875 0.005672 0.074090
2 2 0.004234 0.081362 0.892437 0.001921 0.020047
2 2 0.000086 0.018250 0.965817 0.002685 0.013162
2 2 0.001868 0.049012 0.892142 0.001934 0.055043
2 2 0.000254 0.009254 0.986043 0.003198 0.001251
2 2 0.000009 0.009615 0.983055 0.006228 0.001093
2 2 0.000098 0.011027 0.979006 0.003836 0.006032
2 2 0.000784 0.067311 0.773607 0.004402 0.153896
2 2 0.000199 0.030689 0.885732 0.005042 0.078338
2 2 0.000074 0.027923 0.907632 0.012458 0.051912
2 2 0.000288 0.020273 0.882631 0.085635 0.011172
2 2 0.000156 0.021945 0.953601 0.003439 0.020859
2 2 0.000069 0.006933 0.965937 0.025793 0.001268
2 2 0.000270 0.037101 0.894543 0.016685 0.051401
2 2 0.001787 0.038063 0.889046 0.014343 0.056760
2 2 0.000006 0.004188 0.937476 0.052616 0.005713
2 2 0.000654 0.020860 0.905410 0.036324 0.036752
2 2 0.016737 0.075615 0.804694 0.011912 0.091042
2 2 0.000001 0.001073 0.996043 0.002682 0.000201
2 2 0.000030 0.005475 0.973229 0.021024 0.000242
2 2 0.000128 0.010815 0.844301 0.049234 0.095523
2 2 0.001744 0.013423 0.975646 0.005436 0.003752
2 2 0.000909 0.009720 0.973141 0.002555 0.013674
2 2 0.001930 0.006752 0.853557 0.131511 0.006250
2 2 0.000319 0.005877 0.923814 0.050042 0.019949
2 2 0.000016 0.002162 0.774926 0.202778 0.020118
2 2 0.000382 0.008491 0.497530 0.411348 0.082249
2 3 0.000055 0.007291 0.767892 0.193273 0.031489
3 3 0.000074 0.002272 0.370588 0.622972 0.004094
2 3 0.010071 0.007931 0.557452 0.421541 0.003005
3 3 0.001119 0.010511 0.243873 0.673790 0.070708
2 3 0.000338 0.009565 0.521797 0.331027 0.137273
2 3 0.000822 0.003489 0.778331 0.214260 0.003097
3 3 0.000958 0.004185 0.193777 0.794419 0.006662
3 3 0.000471 0.008224 0.285238 0.627854 0.078213
2 3 0.003904 0.026481 0.445704 0.251130 0.272781
3 3 0.001231 0.011631 0.212376 0.679597 0.095165
2 3 0.000039 0.004047 0.694774 0.287177 0.013962
2 3 0.000565 0.008354 0.598984 0.366813 0.025284
3 3 0.000225 0.001141 0.043438 0.953566 0.001629
2 3 0.000003 0.000376 0.828728 0.169667 0.001226
3 3 0.000051 0.001783 0.107820 0.875199 0.015146
2 3 0.000796 0.010150 0.742374 0.177462 0.069218
2 3 0.000113 0.004507 0.586647 0.363051 0.045682
3 3 0.000033 0.000928 0.265201 0.731651 0.002186
3 3 0.000006 0.000281 0.187977 0.811337 0.000398
3 3 0.000029 0.001560 0.243952 0.743159 0.011300
3 3 0.000287 0.004643 0.416336 0.556479 0.022255
3 3 0.000008 0.000401 0.137046 0.861425 0.001120
2 3 0.000083 0.008187 0.930324 0.045982 0.015424
3 3 0.005519 0.006117 0.343647 0.641574 0.003144
2 3 0.000104 0.006799 0.635795 0.296850 0.060452
3 3 0.000068 0.001501 0.164302 0.829073 0.005057
2 3 0.000605 0.014413 0.722701 0.146778 0.115502
3 3 0.001190 0.005798 0.266339 0.715523 0.011150
2 2 0.000933 0.015817 0.628652 0.215406 0.139192
2 2 0.000627 0.018177 0.581918 0.380292 0.018985
2 2 0.001417 0.015323 0.540465 0.322952 0.119843
2 2 0.000041 0.006853 0.937036 0.018947 0.037124
2 2 0.000514 0.008812 0.938527 0.027403 0.024743
2 2 0.000014 0.001234 0.993754 0.003888 0.001109
2 2 0.000316 0.023967 0.853274 0.022116 0.100327
2 2 0.000825 0.040313 0.699016 0.028079 0.231767
2 2 0.000119 0.032392 0.765043 0.033659 0.168787
4 1 0.006785 0.094614 0.043299 0.000004 0.855297
2 2 0.003126 0.145528 0.591278 0.000889 0.259180
2 2 0.001052 0.120390 0.628639 0.001293 0.248625
2 2 0.001164 0.028244 0.678021 0.018879 0.273692
2 4 0.002449 0.067666 0.540134 0.010748 0.379003
2 4 0.001276 0.187131 0.659369 0.004787 0.147437
4 4 0.001174 0.127215 0.191321 0.001020 0.679270
4 4 0.003628 0.146990 0.331139 0.009461 0.508782
4 4 0.007543 0.206443 0.256056 0.008871 0.521088
4 4 0.002431 0.063481 0.375234 0.020016 0.538838
2 4 0.000810 0.149571 0.535783 0.000794 0.313043
4 4 0.002407 0.057507 0.286204 0.004870 0.649012
4 4 0.005475 0.153440 0.291134 0.001835 0.548116
4 4 0.145006 0.122807 0.072335 0.000850 0.659002
4 4 0.018882 0.102952 0.053329 0.003012 0.821826
4 4 0.003700 0.105619 0.411727 0.002804 0.476150
2 4 0.001162 0.130405 0.472474 0.001064 0.394895
4 4 0.002392 0.147514 0.278217 0.005168 0.566710
4 4 0.037871 0.077012 0.081848 0.002663 0.800606
2 4 0.004374 0.128044 0.469394 0.003752 0.394435
2 4 0.001290 0.092014 0.703495 0.005858 0.197343
2 4 0.001254 0.090041 0.633900 0.004159 0.270646
4 4 0.005971 0.088996 0.085343 0.000863 0.818827
4 4 0.002245 0.034187 0.066618 0.001033 0.895917
4 4 0.093399 0.372392 0.113973 0.007058 0.413178
4 4 0.001821 0.099104 0.074489 0.000284 0.824302
4 4 0.009305 0.136829 0.282810 0.007149 0.563907
2 4 0.006361 0.270857 0.364680 0.000747 0.357355
4 4 0.132702 0.148591 0.122223 0.000603 0.595881
1 4 0.063595 0.380872 0.213616 0.006671 0.335245
1 4 0.143246 0.364879 0.211999 0.001350 0.278527
4 4 0.016164 0.151013 0.223619 0.001366 0.607840
4 4 0.048075 0.276291 0.186655 0.002001 0.486978
4 4 0.195235 0.239474 0.110796 0.012455 0.442040
4 1 0.108975 0.143622 0.333027 0.000709 0.413667
2 2 0.001462 0.102958 0.576314 0.003176 0.316090
4 4 0.010671 0.129717 0.359252 0.000482 0.499878
4 4 0.020332 0.183857 0.115848 0.024258 0.655705
4 4 0.061735 0.052217 0.046619 0.008958 0.830471
4 4 0.012304 0.068171 0.063497 0.000908 0.855120
4 4 0.206001 0.071355 0.084557 0.000548 0.637538
2 4 0.000559 0.110432 0.768476 0.001520 0.119012
4 4 0.004501 0.028042 0.048602 0.000381 0.918474
4 4 0.011292 0.035556 0.016687 0.000752 0.935714
4 4 0.063481 0.023083 0.009222 0.000321 0.903893
4 4 0.011831 0.007661 0.002131 0.000039 0.978338
4 4 0.003028 0.044897 0.049991 0.006700 0.895385
4 4 0.053087 0.288140 0.223963 0.000239 0.434571
4 4 0.028346 0.024324 0.027190 0.000016 0.920125
4 4 0.065914 0.092805 0.065791 0.004776 0.770715
4 4 0.001704 0.033420 0.031964 0.003391 0.929522
4 4 0.007639 0.023150 0.017030 0.005235 0.946946
4 4 0.029170 0.033685 0.046891 0.005035 0.885220
4 4 0.024755 0.021929 0.010201 0.000896 0.942220
4 4 0.028777 0.018008 0.006484 0.000136 0.946594
4 4 0.035510 0.016024 0.005571 0.000187 0.942709
4 4 0.029149 0.012876 0.004949 0.000051 0.952974
4 4 0.016887 0.031482 0.026944 0.001215 0.923472
4 4 0.008076 0.008117 0.002863 0.000109 0.980835
4 4 0.088601 0.026497 0.010169 0.000433 0.874299
4 4 0.002661 0.023585 0.024827 0.000128 0.948799
4 4 0.056488 0.035686 0.037756 0.001309 0.868762
2 4 0.005936 0.193378 0.475897 0.000173 0.324616
4 4 0.001194 0.032298 0.452994 0.012958 0.500556
4 4 0.037178 0.041838 0.040041 0.000650 0.880293
4 4 0.011383 0.009382 0.003250 0.000115 0.975870
4 4 0.003261 0.009237 0.005701 0.001238 0.980564
4 4 0.000406 0.009102 0.010059 0.001086 0.979348
4 4 0.003827 0.017606 0.008793 0.001307 0.968467
4 4 0.003084 0.023097 0.010079 0.000803 0.962936
4 4 0.004623 0.023112 0.029688 0.006159 0.936419
4 4 0.102007 0.035726 0.017535 0.001552 0.843179
4 4 0.003153 0.016910 0.013278 0.000993 0.965666
4 4 0.011420 0.015680 0.005537 0.000246 0.967117
4 4 0.024305 0.022311 0.012819 0.001998 0.938567
4 4 0.004780 0.147592 0.150244 0.000627 0.696758
4 4 0.002312 0.116888 0.254481 0.000283 0.626036
4 4 0.012583 0.187365 0.168927 0.002162 0.628964
4 4 0.004070 0.063320 0.388398 0.008865 0.535347
4 4 0.003406 0.194630 0.277896 0.000739 0.523329
4 4 0.002381 0.094058 0.301679 0.003575 0.598307
4 4 0.034880 0.021968 0.015313 0.000377 0.927463
4 4 0.002831 0.083327 0.344054 0.000850 0.568938
4 1 0.005263 0.129943 0.190703 0.001018 0.673074
4 1 0.004350 0.100702 0.166425 0.000966 0.727557
4 4 0.010161 0.159524 0.218166 0.000804 0.611345
4 4 0.001981 0.056337 0.067140 0.000086 0.874457
4 4 0.007432 0.260006 0.241841 0.000827 0.489894
2 4 0.000498 0.135119 0.502157 0.003654 0.358572
4 4 0.001997 0.132627 0.322674 0.007224 0.535477
