0 0 0.741318 0.053031 0.110891 0.003756 0.091005
0 0 0.707021 0.077271 0.123696 0.007055 0.084957
0 0 0.961806 0.013507 0.004940 0.000341 0.019406
0 0 0.984293 0.002139 0.000896 0.000251 0.012421
0 0 0.977150 0.013137 0.004468 0.000173 0.005072
0 0 0.972433 0.017163 0.005705 0.000152 0.004547
0 0 0.921899 0.017078 0.006882 0.000262 0.053879
0 0 0.946982 0.006061 0.002952 0.000056 0.043949
0 0 0.989075 0.003854 0.001519 0.000107 0.005445
0 0 0.835176 0.047270 0.032783 0.001431 0.083340
0 0 0.992348 0.003114 0.001189 0.000106 0.003243
0 0 0.657557 0.011889 0.006218 0.000152 0.324185
0 0 0.914714 0.038216 0.014682 0.000236 0.032152
0 0 0.961808 0.014810 0.011918 0.001649 0.009814
0 0 0.989309 0.004258 0.001588 0.000161 0.004683
0 0 0.980374 0.009691 0.003384 0.000224 0.006326
0 0 0.943417 0.032561 0.010314 0.000513 0.013196
0 0 0.994700 0.001766 0.000706 0.000088 0.002739
0 0 0.995152 0.002097 0.000825 0.000057 0.001869
0 0 0.882038 0.067887 0.021537 0.000551 0.027987
0 0 0.993244 0.001288 0.000530 0.000168 0.004771
0 0 0.978978 0.003150 0.001339 0.000193 0.016340
0 0 0.993424 0.001872 0.000746 0.000130 0.003827
0 0 0.977821 0.006595 0.002386 0.000502 0.012696
0 0 0.929126 0.037148 0.011763 0.000789 0.021174
2 0 0.297376 0.219492 0.344362 0.004381 0.134390
0 0 0.795041 0.063438 0.019730 0.004033 0.117757
0 0 0.813920 0.071796 0.022734 0.002057 0.089492
0 0 0.446513 0.184532 0.057560 0.002546 0.308849
0 0 0.650105 0.213656 0.062337 0.001187 0.072714
0 0 0.659478 0.165003 0.060186 0.000164 0.115169
0 0 0.939269 0.029159 0.009344 0.000892 0.021336
0 0 0.971652 0.016341 0.005464 0.000223 0.006320
0 0 0.610666 0.180278 0.050600 0.005459 0.152997
0 0 0.567063 0.132753 0.040443 0.004683 0.255057
0 0 0.969090 0.016467 0.005835 0.000151 0.008457
0 0 0.866201 0.012095 0.004271 0.004692 0.112740
0 0 0.882817 0.030979 0.010829 0.001211 0.074165
0 0 0.807457 0.128703 0.036164 0.001138 0.026538
0 0 0.858732 0.060338 0.021512 0.000346 0.059072
0 0 0.974201 0.009857 0.003449 0.000469 0.012025
0 0 0.554098 0.131380 0.181203 0.022814 0.110505
4 0 0.046030 0.302738 0.252474 0.000093 0.398664
0 0 0.641747 0.097939 0.034984 0.000815 0.224516
0 0 0.935429 0.036262 0.011393 0.000651 0.016265
0 0 0.825464 0.129641 0.036215 0.000303 0.008378
0 0 0.828145 0.105332 0.030192 0.001552 0.034779
0 0 0.973351 0.016185 0.005408 0.000166 0.004890
0 0 0.980177 0.011495 0.003949 0.000141 0.004238
0 0 0.690281 0.245441 0.063352 0.000024 0.000902
0 0 0.916090 0.065450 0.018459 0.000000 0.000001
0 0 0.760583 0.187690 0.050060 0.000046 0.001621
0 0 0.610713 0.307586 0.077881 0.000122 0.003699
0 0 0.436312 0.426673 0.121731 0.000081 0.015203
0 0 0.606467 0.302217 0.077192 0.000541 0.013583
0 1 0.656663 0.261307 0.067947 0.000535 0.013548
0 1 0.501444 0.385691 0.098611 0.000415 0.013838
1 1 0.227986 0.576352 0.192376 0.001693 0.001593
0 0 0.767451 0.125237 0.043933 0.001461 0.061918
0 0 0.452641 0.250476 0.290632 0.000558 0.005693
0 1 0.562571 0.343220 0.085988 0.000294 0.007927
1 2 0.251457 0.535924 0.204195 0.002398 0.006026
2 2 0.005446 0.108183 0.859121 0.023110 0.004140
2 2 0.000374 0.028780 0.964636 0.003480 0.002730
2 2 0.001952 0.032317 0.948968 0.016070 0.000692
2 2 0.005973 0.117055 0.857297 0.007874 0.011801
2 2 0.000235 0.006551 0.982872 0.008667 0.001675
2 2 0.013696 0.070772 0.896728 0.000960 0.017845
2 2 0.000884 0.012540 0.961100 0.017613 0.007862
2 2 0.000092 0.006252 0.978091 0.015345 0.000220
2 2 0.000385 0.011166 0.981517 0.004816 0.002116
2 2 0.000057 0.007579 0.984871 0.006555 0.000937
2 2 0.000952 0.005363 0.901243 0.091137 0.001305
2 2 0.001961 0.010685 0.863503 0.123006 0.000845
2 2 0.000028 0.000351 0.950095 0.049514 0.000012
3 3 0.000034 0.000522 0.196512 0.802772 0.000160
2 3 0.001700 0.010238 0.728083 0.254902 0.005077
2 3 0.001106 0.005446 0.538781 0.450383 0.004284
3 3 0.000003 0.000348 0.266778 0.732693 0.000177
2 3 0.017293 0.022269 0.491913 0.446662 0.021863
2 3 0.008541 0.052793 0.898958 0.037194 0.002514
0 0 0.933854 0.025977 0.034166 0.001810 0.004193
0 0 0.761631 0.068000 0.023189 0.001463 0.145718
0 0 0.471609 0.330938 0.094096 0.001206 0.102151
0 0 0.615337 0.284570 0.090701 0.000022 0.009370
1 0 0.410517 0.431546 0.119592 0.000336 0.038009
1 0 0.382801 0.455619 0.123475 0.000394 0.037711
4 1 0.108563 0.378910 0.123384 0.000284 0.388859
1 1 0.107452 0.433369 0.251766 0.000192 0.207221
0 1 0.728758 0.166767 0.094560 0.000822 0.009092
1 2 0.086415 0.390327 0.156392 0.000393 0.366473
1 1 0.099703 0.461252 0.157046 0.000083 0.281917
2 2 0.022583 0.225937 0.704934 0.002833 0.043714
2 2 0.006641 0.161333 0.586858 0.000835 0.244333
2 2 0.001349 0.038943 0.935052 0.006868 0.017789
2 2 0.002549 0.036741 0.930959 0.000955 0.028796
2 2 0.000760 0.040145 0.927584 0.002296 0.029215
2 2 0.002670 0.014215 0.968150 0.012372 0.002592
2 2 0.002281 0.011828 0.938074 0.036688 0.011129
2 2 0.000113 0.008173 0.979291 0.011306 0.001117
2 2 0.000027 0.002610 0.984007 0.012259 0.001096
2 2 0.004133 0.016866 0.922358 0.040400 0.016244
3 2 0.000208 0.001610 0.281783 0.715996 0.000403
2 2 0.000346 0.007259 0.770027 0.221777 0.000591
3 2 0.000658 0.003938 0.131087 0.859957 0.004361
2 2 0.001117 0.009841 0.703816 0.282332 0.002894
2 2 0.005647 0.014423 0.628939 0.345397 0.005594
2 3 0.002371 0.008164 0.762800 0.226260 0.000405
3 3 0.000434 0.002045 0.051166 0.944387 0.001968
3 3 0.001364 0.004472 0.161959 0.826836 0.005369
3 3 0.000618 0.009979 0.445624 0.541036 0.002744
3 3 0.000527 0.001900 0.088679 0.905705 0.003189
3 3 0.001811 0.018741 0.457392 0.511489 0.010565
3 3 0.000084 0.000440 0.123887 0.874647 0.000943
3 3 0.006683 0.005269 0.076725 0.894812 0.016510
3 3 0.000034 0.000121 0.063640 0.936099 0.000105
3 3 0.000970 0.001134 0.073057 0.919923 0.004915
2 3 0.000027 0.001830 0.502307 0.495402 0.000435
3 3 0.000626 0.001171 0.061047 0.935505 0.001651
3 3 0.000869 0.001659 0.085618 0.908218 0.003636
3 3 0.010452 0.001938 0.038730 0.942088 0.006792
3 3 0.002634 0.001907 0.160962 0.832652 0.001846
3 3 0.000183 0.000588 0.036726 0.960857 0.001646
3 3 0.000969 0.001257 0.059869 0.934065 0.003840
3 3 0.000220 0.000833 0.090170 0.907642 0.001136
3 3 0.000830 0.004983 0.164615 0.827999 0.001572
3 3 0.000394 0.000784 0.054299 0.942370 0.002154
3 3 0.000016 0.002075 0.475849 0.521752 0.000307
3 3 0.000496 0.002027 0.175494 0.820930 0.001052
3 3 0.000001 0.000019 0.067071 0.932873 0.000036
3 3 0.000070 0.000655 0.043585 0.955302 0.000387
3 3 0.001144 0.002407 0.073665 0.913861 0.008923
3 3 0.000084 0.000240 0.043704 0.955300 0.000672
3 3 0.010417 0.007358 0.123193 0.803197 0.055835
3 2 0.390682 0.020003 0.103628 0.459294 0.026393
3 2 0.026679 0.027573 0.267019 0.660475 0.018254
2 2 0.003932 0.094154 0.853895 0.044578 0.003441
3 2 0.003986 0.018632 0.194083 0.740515 0.042784
2 2 0.001162 0.037344 0.931044 0.023358 0.007092
2 2 0.000957 0.007962 0.797334 0.188211 0.005536
2 2 0.001128 0.032091 0.868446 0.094323 0.004012
2 2 0.000395 0.011349 0.904241 0.081029 0.002986
2 3 0.000196 0.006327 0.735040 0.255351 0.003086
3 3 0.000005 0.000204 0.482285 0.517457 0.000049
2 3 0.000875 0.003059 0.892770 0.102543 0.000753
3 3 0.052089 0.011746 0.200247 0.701909 0.034010
2 3 0.010443 0.095441 0.743874 0.086512 0.063731
2 3 0.014475 0.027192 0.736861 0.201349 0.020122
3 3 0.000907 0.002145 0.201445 0.790019 0.005483
2 3 0.000028 0.000622 0.609996 0.389264 0.000091
3 3 0.000001 0.000064 0.243101 0.756825 0.000008
3 3 0.000005 0.000069 0.053599 0.946226 0.000101
3 3 0.002767 0.003987 0.106770 0.882761 0.003715
3 3 0.000054 0.000502 0.184399 0.814925 0.000119
3 3 0.000229 0.000307 0.039546 0.958818 0.001100
3 3 0.004380 0.002019 0.024329 0.956543 0.012728
3 3 0.000032 0.000081 0.088323 0.911450 0.000115
3 3 0.000008 0.000015 0.003931 0.996012 0.000033
3 3 0.000101 0.000420 0.046851 0.951872 0.000756
3 3 0.000256 0.000600 0.093483 0.904387 0.001274
3 3 0.024113 0.009139 0.194044 0.757190 0.015514
3 3 0.000033 0.000049 0.006917 0.992861 0.000140
3 3 0.001887 0.002338 0.043973 0.942251 0.009550
3 3 0.003543 0.004349 0.351978 0.630855 0.009274
3 3 0.000074 0.000114 0.014342 0.985076 0.000394
3 3 0.000839 0.002835 0.176739 0.809217 0.010370
3 3 0.000011 0.000040 0.060921 0.938969 0.000058
3 3 0.000216 0.000828 0.032208 0.965271 0.001476
3 3 0.000000 0.000009 0.065572 0.934416 0.000002
3 3 0.006398 0.002748 0.055877 0.922411 0.012566
3 3 0.000168 0.000280 0.018149 0.980865 0.000538
3 3 0.000028 0.000268 0.108206 0.890863 0.000635
3 3 0.009278 0.007192 0.086607 0.847373 0.049550
3 3 0.000099 0.000278 0.057152 0.942055 0.000416
3 3 0.000914 0.001277 0.075797 0.916190 0.005821
3 3 0.000019 0.000181 0.395147 0.604624 0.000029
3 3 0.000019 0.000218 0.140923 0.858566 0.000274
3 3 0.001509 0.004175 0.142677 0.830338 0.021301
3 3 0.000611 0.000475 0.018242 0.976647 0.004025
2 3 0.048122 0.013851 0.480529 0.453100 0.004398
3 3 0.000056 0.000387 0.046639 0.952481 0.000437
3 3 0.000285 0.000876 0.105794 0.892278 0.000766
3 3 0.000461 0.000392 0.168420 0.829950 0.000777
3 3 0.000123 0.000609 0.094028 0.904036 0.001204
3 3 0.000314 0.000629 0.046682 0.951089 0.001286
3 3 0.000053 0.000340 0.049465 0.949416 0.000726
3 3 0.000479 0.001309 0.048799 0.947017 0.002396
3 3 0.000085 0.000309 0.025726 0.973414 0.000467
3 3 0.000900 0.001477 0.154528 0.837415 0.005680
3 3 0.001683 0.001338 0.011402 0.981673 0.003905
3 3 0.000072 0.000089 0.008942 0.990768 0.000129
3 3 0.000020 0.000041 0.017086 0.982778 0.000075
3 3 0.000117 0.000571 0.072804 0.925494 0.001013
3 3 0.000033 0.000077 0.016908 0.982840 0.000142
3 3 0.000061 0.000184 0.044343 0.954917 0.000495
3 3 0.007145 0.003369 0.048767 0.911103 0.029616
3 3 0.000991 0.002371 0.097019 0.890832 0.008786
3 3 0.000017 0.000079 0.069578 0.930147 0.000180
3 3 0.000098 0.000124 0.019364 0.980195 0.000218
3 3 0.000216 0.000910 0.069834 0.927421 0.001617
3 3 0.001322 0.002002 0.079461 0.912719 0.004496
3 3 0.000010 0.000083 0.071898 0.927742 0.000268
3 3 0.003856 0.000720 0.024258 0.968675 0.002491
3 3 0.000082 0.000304 0.050201 0.948919 0.000495
3 3 0.017143 0.002650 0.023626 0.924105 0.032476
3 3 0.000659 0.002474 0.073530 0.917474 0.005864
3 3 0.000857 0.000659 0.019169 0.976774 0.002541
3 3 0.001173 0.001513 0.045498 0.943510 0.008307
3 3 0.002482 0.001499 0.017160 0.969351 0.009508
3 3 0.006036 0.008460 0.257182 0.698222 0.030100
3 3 0.007584 0.003022 0.048418 0.903531 0.037444
3 3 0.000058 0.000246 0.031805 0.967378 0.000513
3 3 0.000012 0.000059 0.064224 0.935652 0.000053
3 3 0.000185 0.000391 0.024668 0.973038 0.001719
3 3 0.000024 0.000091 0.070036 0.929578 0.000271
3 3 0.000001 0.000004 0.005134 0.994847 0.000013
3 3 0.001681 0.001351 0.074907 0.917801 0.004260
3 3 0.001548 0.001504 0.034347 0.954996 0.007605
3 3 0.000016 0.000155 0.127306 0.872149 0.000373
3 3 0.000118 0.000170 0.035954 0.963049 0.000709
3 3 0.000070 0.000159 0.017406 0.982001 0.000364
3 3 0.001268 0.001786 0.176518 0.816375 0.004053
3 3 0.000004 0.000035 0.041753 0.958154 0.000054
3 3 0.000091 0.000281 0.042846 0.956044 0.000738
3 3 0.000179 0.000298 0.015775 0.982978 0.000770
3 3 0.000792 0.000615 0.037126 0.958111 0.003356
3 3 0.000907 0.001815 0.293391 0.699863 0.004023
3 3 0.000711 0.000843 0.056228 0.941264 0.000955
3 3 0.001135 0.001747 0.080472 0.909665 0.006981
3 3 0.003858 0.001287 0.034625 0.957068 0.003163
3 3 0.000044 0.000442 0.062455 0.936400 0.000659
3 3 0.018132 0.008825 0.116934 0.824365 0.031744
3 3 0.000028 0.000057 0.027613 0.972185 0.000117
3 3 0.003355 0.000692 0.007276 0.983359 0.005318
3 3 0.000148 0.000380 0.019909 0.979253 0.000310
3 3 0.000247 0.000229 0.034342 0.964519 0.000663
3 3 0.000922 0.001479 0.062378 0.927293 0.007927
3 3 0.001388 0.000364 0.010283 0.986641 0.001324
3 3 0.007805 0.002647 0.023366 0.950768 0.015414
3 3 0.002257 0.003552 0.115972 0.863095 0.015124
3 3 0.000026 0.000187 0.133494 0.865858 0.000435
3 3 0.005641 0.004492 0.062397 0.903939 0.023532
3 3 0.000487 0.000714 0.023205 0.973540 0.002054
3 3 0.002261 0.001817 0.051384 0.940106 0.004432
3 3 0.000064 0.000170 0.023571 0.975627 0.000568
3 3 0.002712 0.002176 0.088393 0.901199 0.005520
3 3 0.001461 0.001717 0.046286 0.939386 0.011151
3 3 0.002834 0.002417 0.044061 0.937967 0.012721
3 3 0.000332 0.000587 0.072165 0.924686 0.002229
3 3 0.092466 0.011307 0.369040 0.519710 0.007476
3 3 0.004360 0.000242 0.006041 0.986879 0.002478
2 1 0.174038 0.325160 0.333497 0.127625 0.039679
3 2 0.012889 0.044397 0.432744 0.437617 0.072353
2 2 0.000180 0.014760 0.948550 0.036191 0.000320
2 2 0.000850 0.006886 0.655805 0.334788 0.001671
2 2 0.000605 0.007706 0.676359 0.307863 0.007466
2 2 0.002166 0.030437 0.675511 0.279893 0.011994
2 2 0.000056 0.001108 0.561433 0.436914 0.000489
2 2 0.000131 0.005787 0.946569 0.040376 0.007138
2 2 0.001947 0.019781 0.933692 0.016838 0.027743
2 2 0.004016 0.026576 0.928233 0.015967 0.025208
4 2 0.012773 0.256515 0.329175 0.000118 0.401419
2 2 0.000552 0.021481 0.849091 0.058274 0.070602
2 2 0.001247 0.103279 0.730681 0.002681 0.162112
2 2 0.002277 0.102311 0.785134 0.000579 0.109700
4 2 0.006350 0.079054 0.448120 0.002357 0.464118
2 2 0.002160 0.147330 0.507405 0.000579 0.342526
2 2 0.000016 0.005802 0.990396 0.003158 0.000627
4 2 0.004512 0.076698 0.068170 0.000625 0.849995
4 2 0.051320 0.228500 0.135559 0.000591 0.584030
4 2 0.059017 0.288828 0.268773 0.000244 0.383137
2 2 0.000851 0.056584 0.891668 0.000592 0.050305
2 2 0.000566 0.024484 0.938123 0.019160 0.017667
2 2 0.004848 0.100076 0.782480 0.009308 0.103288
2 2 0.034192 0.275146 0.424322 0.000170 0.266170
4 2 0.019200 0.129083 0.254005 0.000346 0.597366
4 2 0.092747 0.068529 0.028486 0.000167 0.810069
2 2 0.000082 0.008626 0.892764 0.092118 0.006410
2 2 0.000574 0.025450 0.955560 0.000247 0.018169
2 2 0.003645 0.044756 0.767352 0.020824 0.163423
4 4 0.064905 0.035027 0.045652 0.001140 0.853276
4 4 0.012605 0.019773 0.014634 0.000115 0.952873
2 2 0.001753 0.085242 0.616901 0.219782 0.076322
2 2 0.000257 0.044241 0.918403 0.003233 0.033866
2 2 0.000088 0.017639 0.952966 0.002937 0.026370
2 2 0.005266 0.074942 0.839257 0.003056 0.077479
2 2 0.003927 0.213425 0.566025 0.008500 0.208123
2 2 0.000974 0.086353 0.797521 0.004798 0.110354
2 2 0.027785 0.311946 0.365329 0.001226 0.293713
2 2 0.004085 0.140618 0.784316 0.015470 0.055512
2 2 0.000072 0.005640 0.982944 0.008256 0.003088
4 2 0.132956 0.188377 0.078618 0.000093 0.599955
2 2 0.000233 0.016807 0.964609 0.000527 0.017824
2 2 0.007111 0.142780 0.675785 0.000107 0.174218
2 2 0.000425 0.019936 0.957979 0.000277 0.021384
2 2 0.012184 0.189629 0.530054 0.000200 0.267932
2 2 0.000349 0.020076 0.963620 0.000719 0.015236
2 2 0.000053 0.009416 0.988242 0.000844 0.001445
2 2 0.000335 0.036089 0.940206 0.002071 0.021298
2 2 0.000455 0.026422 0.965332 0.000712 0.007079
2 1 0.041957 0.273832 0.632037 0.001079 0.051096
2 2 0.000417 0.024887 0.970650 0.000964 0.003082
2 2 0.016121 0.080941 0.854922 0.000795 0.047221
2 2 0.120470 0.322271 0.470035 0.001045 0.086180
2 2 0.000145 0.022019 0.967629 0.004595 0.005612
2 2 0.000901 0.038967 0.947060 0.003897 0.009174
2 2 0.000275 0.020822 0.962864 0.015041 0.000998
2 2 0.000034 0.007289 0.989963 0.002276 0.000438
2 2 0.000005 0.001864 0.995519 0.002565 0.000047
2 2 0.000343 0.024286 0.954606 0.019321 0.001443
2 2 0.000169 0.006996 0.984581 0.007796 0.000458
2 2 0.000084 0.002785 0.985290 0.011102 0.000738
2 2 0.000317 0.013328 0.967699 0.016974 0.001683
2 2 0.001384 0.023968 0.969801 0.003463 0.001385
2 2 0.000000 0.000022 0.973295 0.026683 0.000000
2 2 0.000026 0.003126 0.990074 0.006693 0.000080
2 2 0.000083 0.007851 0.983842 0.007390 0.000835
2 2 0.000011 0.002936 0.977262 0.019665 0.000127
2 2 0.000135 0.004052 0.968789 0.026831 0.000192
2 2 0.000513 0.004375 0.844565 0.149422 0.001124
2 2 0.000007 0.000633 0.829329 0.169987 0.000044
2 2 0.000000 0.000096 0.973867 0.026036 0.000001
2 2 0.000001 0.000183 0.756859 0.242937 0.000020
2 2 0.000943 0.023643 0.929207 0.044891 0.001316
2 2 0.000174 0.003093 0.954401 0.042105 0.000227
2 2 0.000022 0.001977 0.950769 0.047174 0.000059
2 2 0.000011 0.000967 0.940892 0.058104 0.000025
2 2 0.000334 0.007294 0.932489 0.059366 0.000517
2 1 0.028609 0.126790 0.800777 0.014720 0.029103
2 2 0.005074 0.138775 0.836284 0.013575 0.006291
2 2 0.000152 0.010274 0.980931 0.008406 0.000237
2 2 0.000000 0.000033 0.979844 0.020123 0.000000
2 2 0.000024 0.003309 0.961619 0.034753 0.000295
2 2 0.000562 0.012140 0.976145 0.010809 0.000344
2 2 0.000007 0.002067 0.972749 0.025082 0.000095
2 2 0.000281 0.010533 0.917316 0.071051 0.000819
3 1 0.232768 0.035777 0.131365 0.463080 0.137009
0 1 0.487538 0.299968 0.097040 0.004071 0.111383
2 1 0.000186 0.023052 0.968618 0.002939 0.005205
2 2 0.001920 0.046029 0.901543 0.002236 0.048272
2 2 0.034198 0.268153 0.575535 0.000265 0.121849
2 2 0.001945 0.062627 0.870405 0.003633 0.061389
2 2 0.001305 0.070153 0.866445 0.001547 0.060549
2 2 0.000027 0.006288 0.984409 0.007186 0.002090
2 2 0.000728 0.060200 0.904122 0.000805 0.034145
2 2 0.000102 0.010670 0.973525 0.003148 0.012555
2 2 0.000000 0.000186 0.959372 0.040427 0.000014
2 2 0.000303 0.047114 0.910888 0.003635 0.038060
2 2 0.000006 0.001049 0.957795 0.041036 0.000115
2 2 0.000004 0.000907 0.991244 0.007794 0.000051
2 2 0.000003 0.000804 0.965848 0.033192 0.000153
2 2 0.000135 0.004705 0.984467 0.010192 0.000500
2 2 0.000331 0.009384 0.869851 0.116204 0.004230
2 2 0.000039 0.002993 0.957184 0.038920 0.000863
2 2 0.000932 0.010591 0.889267 0.097694 0.001516
2 2 0.008648 0.025038 0.756750 0.145330 0.064233
2 2 0.000248 0.008294 0.956228 0.034537 0.000692
2 2 0.000038 0.001410 0.783099 0.214817 0.000636
2 2 0.005077 0.031868 0.800321 0.060488 0.102246
2 2 0.000503 0.029464 0.922810 0.029024 0.018199
2 2 0.090802 0.027774 0.819466 0.026413 0.035545
0 0 0.818453 0.113958 0.061615 0.000250 0.005724
2 1 0.015832 0.255021 0.645702 0.000309 0.083137
2 2 0.000130 0.006844 0.984916 0.003353 0.004757
2 2 0.000082 0.015555 0.960896 0.016372 0.007094
2 2 0.168139 0.074780 0.407510 0.000275 0.349295
2 0 0.029496 0.044875 0.473418 0.445763 0.006449
2 1 0.006835 0.128609 0.855461 0.004329 0.004766
2 2 0.001498 0.034025 0.962952 0.000478 0.001048
2 2 0.000074 0.008471 0.955868 0.035356 0.000232
2 2 0.000001 0.000518 0.989175 0.010303 0.000003
2 2 0.000023 0.005813 0.990683 0.003257 0.000224
2 2 0.000183 0.010517 0.977395 0.011585 0.000319
2 2 0.000000 0.000221 0.996282 0.003496 0.000001
2 2 0.003030 0.040308 0.930945 0.022846 0.002870
2 2 0.000039 0.003127 0.976122 0.020659 0.000052
2 2 0.000000 0.000147 0.979463 0.020389 0.000001
2 2 0.000163 0.005653 0.982611 0.011447 0.000126
2 2 0.012198 0.007814 0.564923 0.411192 0.003873
0 0 0.585315 0.107997 0.217494 0.016901 0.072293
1 0 0.297957 0.499268 0.194206 0.000640 0.007930
2 1 0.066417 0.425249 0.488670 0.000411 0.019253
2 1 0.025218 0.236832 0.720726 0.008063 0.009162
2 2 0.029355 0.253484 0.697464 0.000981 0.018715
2 2 0.001166 0.031017 0.959532 0.007319 0.000964
2 2 0.000674 0.011773 0.975026 0.011489 0.001038
2 2 0.000193 0.015466 0.980576 0.002895 0.000870
2 2 0.000085 0.008980 0.980164 0.010472 0.000298
2 2 0.000484 0.032700 0.961127 0.003664 0.002024
2 2 0.000040 0.004787 0.993377 0.001603 0.000194
2 2 0.003016 0.054675 0.929464 0.005417 0.007429
2 2 0.000000 0.000157 0.966644 0.033196 0.000003
2 2 0.000454 0.018764 0.978016 0.001743 0.001022
2 2 0.000219 0.007106 0.988909 0.003484 0.000282
2 2 0.000174 0.016452 0.981280 0.000992 0.001103
2 2 0.000238 0.014685 0.982922 0.001632 0.000523
2 2 0.000415 0.011673 0.975861 0.011889 0.000162
2 2 0.004865 0.085121 0.905656 0.000800 0.003559
2 2 0.005619 0.026876 0.944651 0.022251 0.000602
2 2 0.002369 0.106278 0.865960 0.001517 0.023877
2 2 0.000856 0.057213 0.935666 0.002465 0.003801
2 2 0.002893 0.048414 0.940742 0.004949 0.003001
2 2 0.001480 0.042219 0.945650 0.010023 0.000628
2 2 0.000001 0.000536 0.998471 0.000988 0.000003
2 2 0.000003 0.001289 0.996146 0.002474 0.000089
2 2 0.072104 0.222615 0.671805 0.000420 0.033056
2 2 0.000063 0.007644 0.990179 0.001178 0.000935
2 2 0.000564 0.025613 0.960834 0.011631 0.001358
2 2 0.005893 0.103183 0.874901 0.003704 0.012319
2 2 0.000283 0.006128 0.986343 0.006591 0.000655
2 2 0.000202 0.009417 0.987581 0.002214 0.000587
2 2 0.000000 0.000103 0.976742 0.023153 0.000002
2 2 0.000000 0.000013 0.990380 0.009607 0.000000
2 2 0.000841 0.052999 0.936157 0.003833 0.006170
2 2 0.000050 0.001646 0.850310 0.147902 0.000093
2 2 0.000008 0.003350 0.985856 0.010653 0.000133
2 2 0.001404 0.049360 0.921462 0.018519 0.009256
2 2 0.000207 0.013374 0.854775 0.130921 0.000723
2 2 0.000151 0.003691 0.900335 0.095610 0.000213
2 2 0.000169 0.003917 0.942496 0.052986 0.000432
2 2 0.000001 0.000146 0.963260 0.036590 0.000003
2 2 0.000997 0.010989 0.757282 0.224784 0.005949
2 2 0.000099 0.003074 0.980954 0.015759 0.000113
2 2 0.000075 0.009362 0.969611 0.017088 0.003864
2 2 0.000680 0.008278 0.942091 0.047871 0.001081
2 2 0.000063 0.002864 0.943658 0.053192 0.000223
2 2 0.000001 0.000223 0.947608 0.052166 0.000002
2 2 0.000990 0.008311 0.977773 0.012009 0.000918
0 0 0.857868 0.081630 0.023955 0.001562 0.034985
0 0 0.565548 0.130341 0.273524 0.023983 0.006605
1 0 0.236436 0.573300 0.174643 0.002820 0.012800
2 1 0.048418 0.345902 0.567198 0.026504 0.011977
2 1 0.072897 0.188983 0.728925 0.001923 0.007272
1 1 0.118198 0.588163 0.265689 0.020281 0.007668
2 2 0.005602 0.092069 0.894026 0.005242 0.003061
2 2 0.003227 0.069542 0.872700 0.052587 0.001943
2 2 0.002482 0.068495 0.922616 0.005341 0.001066
1 2 0.122479 0.511716 0.347223 0.013869 0.004713
2 2 0.000200 0.013212 0.973670 0.012788 0.000129
2 2 0.000018 0.002224 0.996962 0.000789 0.000007
2 2 0.007678 0.114044 0.874137 0.001370 0.002772
2 2 0.003975 0.087594 0.900720 0.005803 0.001909
2 2 0.002172 0.070295 0.915718 0.007181 0.004635
2 2 0.041999 0.218596 0.694363 0.000809 0.044234
2 2 0.000370 0.010513 0.981158 0.007551 0.000408
2 2 0.000195 0.012158 0.985618 0.001049 0.000980
2 2 0.000302 0.012084 0.984024 0.003015 0.000575
2 0 0.025348 0.099473 0.864816 0.008180 0.002182
0 0 0.910757 0.033244 0.012309 0.000289 0.043402
1 0 0.403225 0.442136 0.116054 0.000641 0.037944
2 0 0.012082 0.077615 0.881792 0.003374 0.025137
2 1 0.002566 0.085826 0.857146 0.047886 0.006577
2 1 0.038365 0.061261 0.806624 0.087766 0.005985
1 1 0.225484 0.430399 0.312880 0.005470 0.025768
2 2 0.000869 0.029608 0.946590 0.022445 0.000486
2 2 0.007936 0.124551 0.843519 0.003199 0.020796
2 2 0.017790 0.095423 0.816412 0.011052 0.059323
2 2 0.007341 0.055529 0.931922 0.000388 0.004819
2 2 0.000121 0.008300 0.977805 0.013443 0.000330
2 2 0.001458 0.045342 0.949219 0.001455 0.002526
2 2 0.019422 0.087334 0.862789 0.000751 0.029704
2 2 0.000026 0.005540 0.992803 0.000443 0.001189
2 2 0.000395 0.020837 0.966329 0.006115 0.006325
2 2 0.001545 0.029840 0.959851 0.002134 0.006630
2 2 0.001858 0.040848 0.901407 0.000311 0.055577
2 2 0.000541 0.032919 0.948951 0.009871 0.007717
2 2 0.000000 0.000010 0.976944 0.023046 0.000000
2 2 0.000000 0.000061 0.952915 0.047023 0.000001
2 2 0.002743 0.030057 0.955719 0.005990 0.005490
2 2 0.001543 0.053772 0.921050 0.000931 0.022704
2 2 0.000000 0.000127 0.996801 0.003070 0.000001
2 2 0.001580 0.011144 0.981488 0.003230 0.002558
2 2 0.000894 0.016478 0.979343 0.000399 0.002886
2 2 0.002159 0.050572 0.942226 0.002730 0.002312
2 2 0.000030 0.007305 0.991412 0.000638 0.000615
2 2 0.000159 0.010586 0.982816 0.006211 0.000228
2 2 0.000360 0.008373 0.988423 0.002041 0.000803
2 2 0.000344 0.024226 0.969318 0.003549 0.002563
0 1 0.706912 0.113713 0.154984 0.012273 0.012117
2 1 0.027514 0.166995 0.793546 0.009002 0.002943
2 2 0.000010 0.001371 0.945893 0.052705 0.000021
2 2 0.000055 0.001166 0.937943 0.060822 0.000015
2 2 0.000193 0.007508 0.988299 0.003923 0.000078
2 2 0.000106 0.005156 0.988170 0.006537 0.000030
2 2 0.001828 0.039655 0.946548 0.010308 0.001661
2 2 0.000728 0.022081 0.974885 0.002173 0.000133
2 2 0.000411 0.015909 0.976306 0.006999 0.000375
2 2 0.002943 0.046179 0.942539 0.007112 0.001227
2 2 0.000005 0.001507 0.985260 0.013206 0.000021
2 2 0.000371 0.009072 0.980844 0.009586 0.000126
2 2 0.002241 0.030990 0.945781 0.020681 0.000306
2 2 0.000360 0.004819 0.984777 0.010006 0.000037
2 2 0.000473 0.015134 0.955526 0.028296 0.000571
2 2 0.003504 0.026995 0.961307 0.007597 0.000597
2 2 0.000051 0.001316 0.952488 0.046096 0.000050
2 2 0.000031 0.001015 0.859568 0.139347 0.000039
2 2 0.001420 0.030659 0.933880 0.031969 0.002072
2 2 0.001603 0.020062 0.965635 0.011538 0.001161
2 2 0.000086 0.002716 0.917449 0.079694 0.000055
2 2 0.000001 0.000195 0.953250 0.046552 0.000002
2 2 0.011486 0.046672 0.928611 0.009845 0.003386
2 2 0.002270 0.030486 0.936249 0.030675 0.000320
2 2 0.008046 0.022422 0.916161 0.052134 0.001237
2 2 0.000133 0.001786 0.937879 0.060145 0.000058
2 2 0.000813 0.008006 0.988785 0.002093 0.000303
2 1 0.105137 0.166334 0.695911 0.008873 0.023745
0 1 0.468801 0.247787 0.214902 0.003576 0.064935
0 1 0.543027 0.327264 0.126970 0.000052 0.002687
2 2 0.001698 0.031720 0.955252 0.001541 0.009789
2 2 0.004435 0.024619 0.965398 0.003493 0.002056
2 2 0.000014 0.002294 0.987917 0.009651 0.000125
2 2 0.008208 0.073071 0.902823 0.002555 0.013343
2 2 0.013582 0.053526 0.920985 0.008251 0.003657
2 2 0.011183 0.130203 0.844899 0.010797 0.002918
2 2 0.000001 0.000091 0.988809 0.011099 0.000001
2 2 0.000946 0.028697 0.967879 0.002140 0.000338
2 2 0.000740 0.025024 0.969576 0.001287 0.003373
2 2 0.000973 0.024980 0.965047 0.003259 0.005742
2 2 0.000070 0.010999 0.979149 0.009406 0.000376
2 2 0.000619 0.023753 0.971682 0.002739 0.001206
2 2 0.001255 0.032232 0.954408 0.006553 0.005551
2 2 0.002233 0.023695 0.920461 0.052714 0.000897
2 2 0.020616 0.090880 0.861326 0.002594 0.024584
2 2 0.000003 0.000582 0.989704 0.009687 0.000024
2 2 0.000564 0.024474 0.964118 0.008061 0.002784
2 2 0.001409 0.043970 0.940584 0.012516 0.001521
2 2 0.000066 0.006650 0.986211 0.006962 0.000112
2 2 0.000718 0.019292 0.974993 0.004247 0.000750
2 2 0.000003 0.001019 0.963319 0.035640 0.000018
2 2 0.000013 0.002439 0.984902 0.012541 0.000106
2 2 0.000004 0.000972 0.987500 0.011469 0.000055
2 2 0.000000 0.000272 0.980350 0.019376 0.000002
2 2 0.000080 0.004675 0.992411 0.002682 0.000151
2 2 0.000000 0.000101 0.970718 0.029180 0.000001
2 2 0.000004 0.000984 0.982991 0.015999 0.000021
2 2 0.000068 0.000893 0.961352 0.037676 0.000011
2 3 0.007439 0.015967 0.840022 0.133337 0.003235
3 3 0.000017 0.000702 0.148239 0.850695 0.000348
2 3 0.000015 0.001492 0.924430 0.073356 0.000707
2 3 0.000058 0.001290 0.935803 0.062792 0.000056
2 3 0.000426 0.022897 0.971320 0.003057 0.002300
2 2 0.000195 0.009365 0.979948 0.008876 0.001615
2 2 0.000004 0.000185 0.865606 0.134189 0.000015
2 2 0.001272 0.028173 0.931418 0.002446 0.036692
2 2 0.000237 0.005540 0.979698 0.008843 0.005681
2 2 0.000140 0.007263 0.932453 0.054046 0.006098
2 2 0.000012 0.001749 0.945184 0.053008 0.000047
2 2 0.000006 0.000761 0.976023 0.023038 0.000172
2 2 0.004708 0.019550 0.434412 0.369440 0.171890
2 2 0.003014 0.007040 0.730916 0.256014 0.003016
2 2 0.011810 0.027181 0.773050 0.161164 0.026794
2 2 0.008241 0.077842 0.724568 0.012328 0.177021
2 2 0.011477 0.083178 0.460086 0.004049 0.441210
4 4 0.020725 0.023749 0.012986 0.000012 0.942528
2 4 0.001159 0.065037 0.641404 0.000390 0.292010
4 4 0.126009 0.038433 0.016732 0.000224 0.818603
4 4 0.057109 0.037044 0.048797 0.000819 0.856231
4 4 0.021516 0.124593 0.237818 0.000129 0.615944
4 4 0.076875 0.030579 0.013559 0.000163 0.878823
2 4 0.003278 0.109375 0.672556 0.000370 0.214421
4 4 0.276280 0.048629 0.021866 0.000169 0.653056
4 4 0.177836 0.145738 0.062323 0.000065 0.614038
4 4 0.013772 0.034030 0.034925 0.000621 0.916651
4 4 0.157231 0.028024 0.013052 0.000155 0.801537
4 4 0.170495 0.179937 0.080915 0.000205 0.568449
4 4 0.083833 0.008492 0.004866 0.000027 0.902782
4 4 0.066859 0.003799 0.002558 0.000092 0.926693
4 4 0.234560 0.042782 0.018702 0.000264 0.703692
4 4 0.096195 0.001857 0.001209 0.000030 0.900709
4 4 0.110620 0.013254 0.007584 0.000021 0.868521
4 4 0.336338 0.003759 0.002232 0.000087 0.657584
4 4 0.277126 0.019626 0.009668 0.000149 0.693430
4 4 0.138511 0.035878 0.016475 0.000131 0.809006
4 4 0.061555 0.029148 0.017622 0.003560 0.888115
4 4 0.065816 0.025062 0.011923 0.000074 0.897125
4 4 0.121171 0.010998 0.005321 0.000226 0.862284
4 4 0.177229 0.077966 0.031715 0.000282 0.712808
4 4 0.159537 0.022733 0.010868 0.000142 0.806720
4 4 0.155594 0.184897 0.062931 0.000783 0.595795
4 4 0.117443 0.238758 0.137881 0.000462 0.505456
4 4 0.086251 0.168874 0.060341 0.000338 0.684196
4 4 0.089183 0.160770 0.081715 0.000353 0.667980
4 4 0.033094 0.229760 0.303010 0.000447 0.433690
4 4 0.030570 0.295888 0.283686 0.000156 0.389699
4 4 0.139158 0.155035 0.057818 0.000299 0.647690
4 4 0.225978 0.212056 0.080554 0.000291 0.481121
4 4 0.017585 0.109406 0.119363 0.000220 0.753426
4 4 0.125872 0.330417 0.111631 0.000297 0.431783
4 4 0.037123 0.128050 0.132829 0.000274 0.701724
4 4 0.156189 0.057588 0.022999 0.000478 0.762746
4 4 0.020424 0.205548 0.360374 0.000479 0.413176
2 4 0.018506 0.201191 0.454235 0.000829 0.325238
4 4 0.204220 0.054445 0.023720 0.000195 0.717419
4 4 0.123232 0.066511 0.028807 0.000124 0.781325
4 4 0.076296 0.063424 0.031557 0.000052 0.828671
4 4 0.010007 0.212761 0.252380 0.000276 0.524577
2 1 0.083385 0.267463 0.334773 0.000586 0.313793
1 1 0.160482 0.451777 0.370113 0.001282 0.016346
2 2 0.045534 0.325240 0.370933 0.000416 0.257876
2 2 0.027690 0.275393 0.358759 0.000263 0.337894
2 2 0.001645 0.060955 0.869766 0.003385 0.064249
2 1 0.178705 0.285514 0.531532 0.000093 0.004156
2 1 0.111826 0.289511 0.452278 0.001491 0.144895
2 2 0.004063 0.070088 0.857788 0.001309 0.066752
2 2 0.001666 0.068690 0.847813 0.001487 0.080344
2 2 0.000228 0.028994 0.957359 0.000540 0.012880
2 2 0.000096 0.043859 0.892913 0.015457 0.047675
4 2 0.013733 0.197905 0.387489 0.000323 0.400551
2 2 0.002784 0.102380 0.827470 0.000243 0.067123
2 2 0.010686 0.174081 0.648454 0.000965 0.165814
2 2 0.014395 0.169898 0.649237 0.000867 0.165604
2 2 0.004996 0.105572 0.734684 0.000342 0.154406
2 2 0.001249 0.049844 0.895589 0.000282 0.053036
2 2 0.003881 0.098848 0.800435 0.002165 0.094671
2 2 0.000717 0.074238 0.716883 0.005275 0.202887
2 2 0.000868 0.055041 0.882410 0.001238 0.060443
2 2 0.000511 0.059325 0.879950 0.025892 0.034322
2 2 0.000230 0.030621 0.951315 0.011140 0.006694
2 2 0.000725 0.084978 0.734706 0.012081 0.167511
2 2 0.007853 0.171456 0.657096 0.001266 0.162329
2 2 0.003612 0.151583 0.653975 0.002609 0.188221
2 2 0.000201 0.038424 0.895402 0.000057 0.065916
2 2 0.000814 0.066323 0.840373 0.001305 0.091186
2 2 0.000020 0.011242 0.974846 0.001392 0.012501
2 2 0.000508 0.032862 0.855581 0.098566 0.012484
2 2 0.000359 0.023196 0.896461 0.000625 0.079359
2 2 0.000211 0.031402 0.954602 0.000645 0.013140
1 2 0.160194 0.419184 0.348145 0.000723 0.071754
2 2 0.000219 0.011478 0.986196 0.000178 0.001929
2 2 0.000027 0.008545 0.986711 0.002238 0.002479
2 2 0.007347 0.086622 0.827220 0.000403 0.078408
2 2 0.000529 0.033068 0.940064 0.007554 0.018786
2 2 0.001472 0.078712 0.869930 0.000318 0.049569
2 2 0.000092 0.016343 0.976098 0.001524 0.005943
2 2 0.000090 0.008343 0.989490 0.000835 0.001243
2 2 0.006116 0.076475 0.879043 0.000306 0.038060
2 2 0.000676 0.031460 0.961069 0.000146 0.006649
2 2 0.000378 0.014086 0.983826 0.000894 0.000815
2 2 0.000086 0.010970 0.985099 0.002437 0.001407
2 2 0.003972 0.038367 0.931464 0.011181 0.015017
2 2 0.000056 0.012695 0.983876 0.000840 0.002533
2 2 0.000540 0.025310 0.951844 0.005977 0.016329
2 2 0.000013 0.003925 0.993834 0.000738 0.001491
2 2 0.000019 0.005520 0.988471 0.003565 0.002425
2 2 0.000457 0.007093 0.977700 0.009347 0.005403
2 2 0.000187 0.013130 0.962977 0.020665 0.003041
2 2 0.000198 0.011690 0.839016 0.132549 0.016547
2 2 0.000223 0.003694 0.748076 0.246808 0.001198
2 2 0.000045 0.004976 0.986250 0.006976 0.001754
2 2 0.000641 0.019167 0.790611 0.144509 0.045072
2 2 0.001810 0.021366 0.902968 0.046087 0.027769
2 2 0.000033 0.001114 0.592918 0.405838 0.000097
3 3 0.001486 0.008255 0.417877 0.548155 0.024226
3 3 0.000051 0.000848 0.369452 0.629407 0.000242
2 3 0.000227 0.003626 0.788294 0.206979 0.000874
2 3 0.008439 0.019249 0.715616 0.248590 0.008105
2 3 0.010392 0.044851 0.734210 0.055378 0.155170
3 3 0.000177 0.001142 0.342305 0.655688 0.000688
3 3 0.000112 0.002365 0.448433 0.547599 0.001490
3 3 0.000106 0.000535 0.343021 0.655954 0.000384
3 3 0.000022 0.000202 0.074400 0.924970 0.000407
3 3 0.000908 0.005593 0.297791 0.691828 0.003879
3 3 0.000642 0.008369 0.331800 0.648107 0.011081
3 3 0.000031 0.000620 0.079601 0.919589 0.000160
2 3 0.001270 0.015422 0.753989 0.205644 0.023676
2 3 0.000008 0.000167 0.765862 0.233953 0.000010
3 3 0.000087 0.000872 0.269463 0.729076 0.000503
3 3 0.000145 0.001934 0.468131 0.528982 0.000808
3 3 0.000016 0.000733 0.114094 0.884915 0.000241
2 3 0.000114 0.002613 0.647135 0.349418 0.000720
3 3 0.006841 0.008343 0.151811 0.809914 0.023091
3 3 0.001357 0.007853 0.255552 0.731911 0.003327
3 3 0.000958 0.003084 0.330359 0.663412 0.002187
2 3 0.026231 0.016402 0.745516 0.201692 0.010159
3 3 0.000258 0.001673 0.161349 0.834498 0.002221
2 3 0.000158 0.001021 0.550161 0.448194 0.000465
3 3 0.003531 0.008199 0.269075 0.697742 0.021453
2 3 0.000702 0.010003 0.607017 0.380031 0.002246
3 3 0.001416 0.009895 0.349071 0.629846 0.009772
3 3 0.001563 0.003255 0.236983 0.753078 0.005121
3 3 0.036886 0.015241 0.411269 0.529556 0.007048
3 3 0.000128 0.000985 0.173543 0.824080 0.001264
3 3 0.001914 0.005491 0.248633 0.730574 0.013388
3 3 0.000008 0.000159 0.096581 0.903175 0.000076
3 3 0.000451 0.001625 0.061720 0.932199 0.004006
3 3 0.000466 0.003654 0.275782 0.714601 0.005496
3 3 0.019974 0.014926 0.355037 0.584788 0.025275
2 3 0.004116 0.044013 0.825373 0.116964 0.009534
2 3 0.004450 0.026768 0.789762 0.170794 0.008225
2 3 0.002177 0.010197 0.591272 0.395208 0.001145
2 3 0.000131 0.002214 0.506123 0.491403 0.000129
2 3 0.004811 0.059405 0.563049 0.355323 0.017412
2 3 0.000021 0.001622 0.943820 0.054496 0.000042
2 3 0.000022 0.002058 0.914260 0.083549 0.000111
2 3 0.001808 0.012646 0.557456 0.423887 0.004203
2 3 0.000105 0.002704 0.704917 0.291907 0.000367
2 3 0.000016 0.001738 0.776316 0.221712 0.000218
3 3 0.000444 0.005671 0.485810 0.507083 0.000993
2 3 0.000772 0.007192 0.659168 0.329093 0.003776
2 3 0.001151 0.014162 0.585561 0.396044 0.003082
2 3 0.000542 0.003509 0.515692 0.479880 0.000378
3 3 0.000064 0.000408 0.467469 0.532024 0.000035
2 3 0.001367 0.024486 0.824408 0.144009 0.005730
3 3 0.000153 0.001868 0.272096 0.725217 0.000666
3 3 0.012229 0.040438 0.381932 0.521237 0.044165
3 3 0.002573 0.013717 0.367578 0.602954 0.013178
3 3 0.003212 0.014963 0.296101 0.670426 0.015299
2 3 0.000439 0.004686 0.714030 0.278888 0.001956
3 2 0.020571 0.005223 0.117077 0.852606 0.004523
2 2 0.167798 0.087653 0.636456 0.080018 0.028076
2 2 0.001056 0.038030 0.763836 0.003670 0.193407
2 2 0.008155 0.108643 0.810584 0.000872 0.071746
2 2 0.000474 0.057486 0.827517 0.002520 0.112003
2 2 0.006163 0.107088 0.808305 0.000182 0.078263
2 2 0.000285 0.031213 0.959273 0.000899 0.008329
2 2 0.000392 0.051260 0.913280 0.001384 0.033684
2 2 0.000979 0.055261 0.899843 0.001645 0.042272
2 1 0.133152 0.025091 0.522291 0.315613 0.003854
2 1 0.026899 0.273276 0.679034 0.003641 0.017149
2 2 0.001666 0.083930 0.899141 0.001324 0.013939
2 2 0.003298 0.067240 0.916581 0.009282 0.003599
2 2 0.031075 0.221275 0.705145 0.000509 0.041996
2 2 0.000736 0.037177 0.956415 0.001671 0.004002
2 2 0.005206 0.173920 0.765288 0.000398 0.055188
2 2 0.004584 0.103060 0.796579 0.000452 0.095324
2 2 0.001200 0.015406 0.859631 0.120750 0.003013
1 1 0.176042 0.475481 0.285135 0.000230 0.063112
2 2 0.072919 0.344599 0.527411 0.000109 0.054963
2 2 0.000227 0.022571 0.966447 0.007856 0.002899
2 2 0.000086 0.009803 0.988962 0.000549 0.000600
2 2 0.000278 0.016712 0.974275 0.004996 0.003739
2 2 0.000337 0.028174 0.956681 0.000301 0.014507
2 2 0.000986 0.080275 0.850628 0.000730 0.067382
2 2 0.001032 0.055715 0.914046 0.018342 0.010866
2 2 0.004045 0.048981 0.736558 0.000496 0.209919
2 2 0.007186 0.095153 0.724828 0.000647 0.172187
2 2 0.000200 0.016654 0.977849 0.001240 0.004058
2 2 0.000032 0.003150 0.990748 0.005787 0.000282
2 2 0.000423 0.041272 0.943908 0.000222 0.014175
2 2 0.000994 0.037664 0.956332 0.000185 0.004824
2 2 0.000851 0.013658 0.966863 0.013895 0.004734
2 2 0.000299 0.036935 0.929594 0.000238 0.032934
2 2 0.003930 0.091008 0.861602 0.006239 0.037221
2 2 0.000002 0.001313 0.997769 0.000772 0.000144
2 2 0.000084 0.009297 0.989787 0.000574 0.000258
2 2 0.004359 0.091110 0.733200 0.001471 0.169860
2 2 0.000027 0.006180 0.991292 0.002010 0.000492
2 2 0.000032 0.006603 0.989887 0.003200 0.000277
2 2 0.000018 0.006818 0.990446 0.000282 0.002435
2 2 0.000176 0.015796 0.972081 0.003463 0.008485
2 2 0.000996 0.079833 0.850390 0.000575 0.068206
2 2 0.000066 0.010630 0.973571 0.013914 0.001819
2 2 0.000137 0.022754 0.966064 0.002272 0.008773
2 2 0.000003 0.000722 0.989751 0.009516 0.000008
2 2 0.001407 0.025268 0.959516 0.000725 0.013083
2 2 0.001439 0.065444 0.889896 0.004746 0.038475
2 2 0.000247 0.018788 0.967284 0.000361 0.013319
2 2 0.000001 0.000355 0.987788 0.011813 0.000043
2 2 0.000093 0.007372 0.708070 0.282388 0.002076
2 2 0.000163 0.021284 0.972818 0.000741 0.004994
2 2 0.000143 0.012473 0.960656 0.024698 0.002030
2 2 0.000313 0.014365 0.966606 0.009230 0.009486
2 2 0.000451 0.014231 0.971721 0.008620 0.004977
2 2 0.000059 0.005265 0.958600 0.034578 0.001498
2 2 0.000044 0.006258 0.979898 0.013222 0.000578
2 2 0.000555 0.055211 0.906864 0.001195 0.036176
2 2 0.000151 0.018348 0.961698 0.000990 0.018812
2 2 0.000040 0.007811 0.989803 0.000461 0.001885
2 2 0.001141 0.045165 0.898724 0.002306 0.052664
2 2 0.000110 0.019003 0.970647 0.001265 0.008974
2 2 0.000000 0.000104 0.942386 0.057508 0.000002
2 2 0.000049 0.008976 0.922581 0.061030 0.007365
2 2 0.001403 0.019447 0.954361 0.012190 0.012599
2 2 0.000709 0.030136 0.906672 0.046953 0.015530
2 2 0.000595 0.012867 0.793322 0.184469 0.008747
0 1 0.545645 0.355097 0.088647 0.000394 0.010217
2 2 0.016957 0.243190 0.574354 0.001912 0.163587
2 2 0.000232 0.030537 0.956519 0.005129 0.007584
4 2 0.059944 0.123476 0.068298 0.000190 0.748092
4 4 0.138317 0.109897 0.065315 0.000335 0.686135
4 4 0.144251 0.112975 0.046486 0.000135 0.696153
2 4 0.030800 0.300612 0.407068 0.000128 0.261392
4 4 0.022547 0.017715 0.009612 0.000037 0.950089
4 4 0.058161 0.058766 0.067488 0.000107 0.815478
4 4 0.101678 0.169817 0.058957 0.000539 0.669009
4 4 0.083667 0.157429 0.057311 0.000289 0.701304
4 4 0.056533 0.344586 0.217328 0.000071 0.381482
2 4 0.030830 0.198342 0.401618 0.000544 0.368667
4 4 0.077952 0.207841 0.173069 0.000452 0.540686
2 4 0.055289 0.321914 0.441102 0.000421 0.181275
4 4 0.238983 0.224699 0.082672 0.000243 0.453402
4 4 0.210617 0.065823 0.025708 0.000633 0.697220
4 4 0.061619 0.167839 0.064715 0.000102 0.705725
2 4 0.028801 0.239661 0.378650 0.000227 0.352661
4 4 0.214087 0.023396 0.012051 0.000063 0.750404
4 4 0.246016 0.049658 0.021444 0.000264 0.682618
4 4 0.033936 0.012205 0.007223 0.000006 0.946630
4 4 0.105060 0.012018 0.006041 0.000115 0.876765
4 4 0.126942 0.082575 0.033326 0.000239 0.756918
4 4 0.019833 0.136711 0.264046 0.000161 0.579249
4 4 0.031987 0.121516 0.200823 0.000447 0.645228
4 4 0.122946 0.032492 0.014506 0.000193 0.829863
4 4 0.340420 0.023684 0.010542 0.000461 0.624893
4 4 0.039316 0.010743 0.006794 0.000089 0.943058
4 4 0.232146 0.128618 0.055484 0.000078 0.583674
4 4 0.126719 0.153071 0.056536 0.000326 0.663349
4 4 0.025275 0.029325 0.014236 0.000023 0.931140
4 4 0.013206 0.001811 0.001410 0.000001 0.983572
4 4 0.452074 0.007760 0.003910 0.000325 0.535931
4 4 0.045691 0.001755 0.001211 0.000009 0.951334
4 4 0.204716 0.009348 0.004537 0.000353 0.781047
4 4 0.078032 0.018659 0.009634 0.000041 0.893633
4 4 0.207833 0.058550 0.020430 0.003016 0.710171
4 4 0.157431 0.017131 0.009332 0.000037 0.816069
4 4 0.258327 0.117172 0.045333 0.000367 0.578801
4 4 0.155220 0.098363 0.036085 0.000727 0.709605
