0 0 0.534644 0.362849 0.099779 0.000028 0.002700
0 0 0.942953 0.040773 0.013384 0.000876 0.002014
0 0 0.947755 0.038109 0.011802 0.000420 0.001914
0 0 0.920134 0.059414 0.019671 0.000406 0.000375
0 0 0.767406 0.164560 0.050493 0.000388 0.017153
0 0 0.931322 0.050325 0.015158 0.000483 0.002712
0 0 0.988943 0.008787 0.001768 0.000021 0.000480
0 0 0.806975 0.117324 0.064132 0.010475 0.001094
1 0 0.367139 0.436628 0.183298 0.000932 0.012003
0 0 0.915516 0.062796 0.020125 0.000291 0.001271
0 0 0.988484 0.008927 0.001892 0.000037 0.000662
0 0 0.813393 0.108449 0.062235 0.007817 0.008105
0 0 0.617756 0.146075 0.160208 0.070377 0.005584
0 0 0.850671 0.103250 0.041470 0.001805 0.002804
0 0 0.910694 0.063820 0.023784 0.001317 0.000385
0 0 0.985944 0.009747 0.002613 0.000442 0.001255
0 0 0.722211 0.093056 0.102226 0.074578 0.007928
0 0 0.906683 0.051636 0.035840 0.002576 0.003264
0 0 0.925423 0.049614 0.018391 0.002098 0.004474
0 0 0.980477 0.014098 0.003922 0.000416 0.001087
0 0 0.923323 0.040661 0.017756 0.015140 0.003120
0 0 0.925882 0.045032 0.017514 0.004332 0.007240
0 0 0.332567 0.241551 0.302818 0.052673 0.070392
0 0 0.983473 0.012433 0.003079 0.000033 0.000982
0 0 0.910176 0.059778 0.022323 0.002007 0.005715
0 0 0.792314 0.135813 0.049912 0.003023 0.018938
0 0 0.886540 0.074064 0.028873 0.003945 0.006579
0 0 0.734250 0.133866 0.118589 0.007553 0.005742
0 0 0.967687 0.023719 0.006952 0.000424 0.001219
0 0 0.940472 0.042498 0.014127 0.000850 0.002052
0 0 0.947696 0.038325 0.012054 0.000462 0.001464
0 0 0.620128 0.255960 0.075244 0.000333 0.048335
0 0 0.818358 0.116201 0.051949 0.000850 0.012642
0 0 0.970154 0.015889 0.004886 0.001333 0.007739
1 0 0.379468 0.441181 0.139514 0.000195 0.039642
0 0 0.912483 0.051241 0.018123 0.003017 0.015137
0 0 0.992156 0.003814 0.000796 0.000096 0.003138
0 0 0.969229 0.022794 0.005636 0.000068 0.002272
0 0 0.984726 0.010602 0.002523 0.000114 0.002035
0 0 0.987314 0.009123 0.002115 0.000099 0.001349
0 0 0.972046 0.018523 0.005014 0.000264 0.004153
0 0 0.922481 0.056799 0.014110 0.000073 0.006538
0 0 0.877228 0.084075 0.030783 0.000308 0.007606
0 0 0.935754 0.047946 0.014901 0.000297 0.001102
0 0 0.890924 0.076137 0.027291 0.001295 0.004352
0 0 0.993565 0.004705 0.000737 0.000003 0.000990
0 0 0.987513 0.009822 0.002147 0.000045 0.000474
0 0 0.966237 0.020831 0.006054 0.000036 0.006842
0 0 0.969148 0.021568 0.004907 0.000100 0.004278
0 0 0.970868 0.018371 0.003306 0.000019 0.007436
0 0 0.867317 0.082387 0.025393 0.000968 0.023934
0 0 0.361998 0.330761 0.102074 0.000328 0.204838
0 0 0.730476 0.077389 0.019802 0.000453 0.171879
0 0 0.975458 0.016522 0.004820 0.000131 0.003069
0 0 0.878130 0.063686 0.020431 0.000840 0.036914
0 0 0.916258 0.058337 0.020717 0.000159 0.004530
0 0 0.947877 0.026922 0.015016 0.000592 0.009592
0 0 0.989846 0.007704 0.001638 0.000046 0.000766
2 0 0.066454 0.012155 0.884694 0.035822 0.000874
0 0 0.979849 0.009794 0.008653 0.000528 0.001176
0 0 0.985732 0.005420 0.005626 0.000494 0.002728
0 0 0.994598 0.002686 0.000647 0.000003 0.002066
0 0 0.520957 0.069978 0.389164 0.013963 0.005938
0 0 0.966239 0.019150 0.010199 0.002078 0.002333
0 0 0.601598 0.183939 0.188340 0.000468 0.025655
0 0 0.826968 0.076250 0.084242 0.002615 0.009925
0 0 0.981586 0.012152 0.002785 0.000073 0.003405
0 0 0.981999 0.011404 0.002348 0.000023 0.004226
0 0 0.919477 0.054911 0.018077 0.000706 0.006828
1 0 0.343890 0.445460 0.129043 0.000140 0.081466
0 0 0.376968 0.197853 0.079113 0.000446 0.345621
4 0 0.300831 0.142844 0.074423 0.000146 0.481756
0 0 0.488220 0.103114 0.045864 0.000369 0.362433
0 0 0.874684 0.052252 0.012184 0.000113 0.060767
0 0 0.747671 0.142002 0.040963 0.000294 0.069070
0 0 0.708190 0.140774 0.043095 0.000548 0.107393
0 0 0.682678 0.189859 0.102747 0.000630 0.024085
0 0 0.827441 0.088157 0.050372 0.000963 0.033068
0 0 0.979634 0.014940 0.002982 0.000004 0.002440
0 0 0.972504 0.021797 0.003773 0.000002 0.001924
0 0 0.729566 0.157102 0.067382 0.000297 0.045654
0 0 0.591431 0.214501 0.114605 0.000753 0.078710
0 0 0.950874 0.023334 0.010911 0.000207 0.014673
0 0 0.927432 0.047286 0.017105 0.001760 0.006417
0 0 0.487806 0.190559 0.288034 0.001439 0.032161
0 0 0.832069 0.125375 0.041414 0.000143 0.000999
0 0 0.880198 0.101874 0.016386 0.000000 0.001541
0 0 0.998995 0.000000 0.000000 0.000000 0.001005
1 0 0.210076 0.424106 0.358195 0.000002 0.007621
0 0 0.864912 0.092106 0.040427 0.000245 0.002310
0 0 0.980255 0.016555 0.002788 0.000001 0.000399
0 0 0.936326 0.048892 0.010706 0.000015 0.004061
0 0 0.591633 0.285757 0.083503 0.000137 0.038970
0 0 0.861068 0.112773 0.022106 0.000002 0.004051
0 0 0.942314 0.047503 0.009023 0.000002 0.001157
0 0 0.975887 0.019212 0.003908 0.000010 0.000983
0 0 0.787827 0.169386 0.040303 0.000008 0.002476
0 0 0.832298 0.119388 0.024561 0.000005 0.023748
0 1 0.889376 0.084407 0.021732 0.000047 0.004439
0 1 0.983478 0.012500 0.001974 0.000001 0.002047
0 1 0.398744 0.272919 0.237446 0.002921 0.087971
0 1 0.887085 0.050076 0.010280 0.000012 0.052546
0 1 0.429104 0.418243 0.076400 0.000002 0.076251
0 1 0.595608 0.260511 0.088000 0.000077 0.055803
0 1 0.883503 0.084833 0.022221 0.000030 0.009413
0 1 0.766083 0.097609 0.040072 0.000287 0.095949
0 1 0.673598 0.084577 0.028698 0.000066 0.213061
0 1 0.879660 0.059844 0.022007 0.000105 0.038384
0 1 0.426058 0.195786 0.195199 0.000497 0.182461
0 1 0.854797 0.078547 0.014291 0.000007 0.052358
0 1 0.909861 0.063519 0.014081 0.000027 0.012512
0 1 0.496565 0.299799 0.083161 0.000104 0.120371
0 1 0.657701 0.220047 0.067152 0.000304 0.054796
1 2 0.134210 0.479419 0.245153 0.000044 0.141173
0 2 0.479688 0.305818 0.099966 0.000366 0.114162
0 2 0.520048 0.334676 0.110748 0.000010 0.034518
1 2 0.271864 0.333747 0.288367 0.004077 0.101946
0 2 0.542726 0.293361 0.099650 0.000389 0.063873
2 2 0.036042 0.335076 0.384220 0.002147 0.242515
1 2 0.152300 0.415197 0.254499 0.000109 0.177895
4 2 0.301822 0.301831 0.091638 0.000247 0.304463
0 2 0.613437 0.288590 0.080695 0.000067 0.017211
1 2 0.103813 0.514336 0.190877 0.000080 0.190893
1 1 0.331462 0.344097 0.069890 0.000006 0.254544
0 1 0.616180 0.153523 0.044544 0.000021 0.185732
0 2 0.406603 0.213680 0.217741 0.001590 0.160387
4 2 0.054184 0.369351 0.203831 0.000063 0.372570
2 2 0.079141 0.373106 0.427639 0.000262 0.119852
1 2 0.157063 0.481316 0.238415 0.000036 0.123169
1 2 0.085139 0.452500 0.215184 0.000191 0.246986
4 1 0.160412 0.179778 0.058852 0.000244 0.600714
1 2 0.211080 0.513459 0.195235 0.000036 0.080190
0 2 0.663128 0.275982 0.055895 0.000003 0.004992
1 2 0.050452 0.491925 0.241566 0.000179 0.215878
1 2 0.274064 0.397289 0.122322 0.000153 0.206173
1 2 0.072334 0.524519 0.377339 0.000343 0.025465
1 2 0.061114 0.512845 0.305357 0.000354 0.120330
1 2 0.125641 0.477264 0.344117 0.000829 0.052149
1 2 0.042102 0.446422 0.352364 0.000504 0.158609
1 2 0.160665 0.531263 0.197377 0.000047 0.110648
1 2 0.386454 0.406274 0.114371 0.000078 0.092822
2 2 0.016752 0.333387 0.616374 0.005118 0.028369
2 2 0.004376 0.105689 0.873171 0.002344 0.014420
2 2 0.018331 0.185277 0.726935 0.021228 0.048230
2 2 0.001736 0.095595 0.844369 0.002313 0.055986
2 2 0.000750 0.045647 0.949685 0.000919 0.002999
2 2 0.001737 0.031968 0.897365 0.011308 0.057622
2 2 0.003031 0.024813 0.901629 0.021348 0.049179
2 2 0.000030 0.001838 0.968153 0.029576 0.000404
2 2 0.005639 0.021236 0.885636 0.025120 0.062369
2 2 0.000076 0.001531 0.827384 0.170346 0.000663
2 2 0.006340 0.026588 0.951799 0.007376 0.007896
2 2 0.000910 0.008397 0.896169 0.092061 0.002462
2 2 0.002868 0.027307 0.920588 0.016417 0.032820
2 2 0.001286 0.007079 0.903446 0.078847 0.009342
2 2 0.000004 0.000447 0.566498 0.432923 0.000128
2 2 0.000745 0.011175 0.913045 0.063748 0.011287
2 1 0.134036 0.259612 0.595397 0.001974 0.008981
2 2 0.048880 0.390127 0.519561 0.001393 0.040038
2 2 0.003906 0.109658 0.793564 0.012209 0.080662
2 2 0.000027 0.001777 0.980916 0.016690 0.000590
2 2 0.001524 0.019290 0.976112 0.001962 0.001113
2 2 0.010756 0.113584 0.847934 0.012624 0.015102
2 2 0.000016 0.006066 0.983335 0.009604 0.000979
2 2 0.000071 0.001372 0.898536 0.099945 0.000076
2 2 0.001473 0.015454 0.656794 0.317417 0.008863
2 2 0.024221 0.031846 0.814453 0.103843 0.025637
2 2 0.000038 0.001000 0.805719 0.193202 0.000040
3 2 0.001707 0.003025 0.133703 0.860340 0.001225
3 3 0.000007 0.000259 0.183155 0.816546 0.000032
3 3 0.000004 0.000223 0.094256 0.905456 0.000061
3 3 0.000034 0.000982 0.417351 0.580617 0.001015
3 3 0.000321 0.002780 0.126764 0.867281 0.002855
2 3 0.000982 0.013260 0.566904 0.412257 0.006598
3 3 0.000028 0.000485 0.171338 0.827998 0.000150
2 3 0.001180 0.012023 0.531160 0.446402 0.009235
3 3 0.000055 0.000221 0.048789 0.950883 0.000052
3 3 0.000231 0.002769 0.235784 0.755964 0.005252
3 3 0.000055 0.000594 0.044362 0.954455 0.000534
3 3 0.000097 0.000370 0.094797 0.904700 0.000036
3 3 0.000238 0.000198 0.004809 0.994533 0.000221
3 3 0.015627 0.007064 0.153262 0.783078 0.040970
3 3 0.000141 0.000395 0.033967 0.965306 0.000191
3 3 0.008072 0.005976 0.038953 0.933091 0.013908
3 3 0.000003 0.000049 0.021003 0.978924 0.000021
3 3 0.000002 0.000037 0.012495 0.987460 0.000006
3 3 0.000079 0.000310 0.020281 0.979140 0.000189
3 3 0.038218 0.049653 0.207252 0.569584 0.135292
3 3 0.000005 0.000019 0.003788 0.996177 0.000011
3 3 0.000000 0.000001 0.008598 0.991400 0.000000
3 3 0.000691 0.003011 0.115899 0.875529 0.004870
2 3 0.003430 0.020382 0.614367 0.346578 0.015243
3 3 0.000013 0.000294 0.085128 0.914380 0.000185
3 3 0.000402 0.002200 0.082430 0.914030 0.000937
3 3 0.000193 0.000702 0.080734 0.918071 0.000300
3 3 0.000082 0.000260 0.018752 0.980765 0.000141
3 3 0.001152 0.000827 0.009530 0.987843 0.000648
3 3 0.000006 0.000013 0.001559 0.998398 0.000024
3 3 0.005038 0.009711 0.205229 0.776010 0.004011
3 3 0.000766 0.000403 0.006748 0.991394 0.000690
2 3 0.138287 0.066893 0.425845 0.357257 0.011717
2 2 0.036497 0.101692 0.822178 0.036967 0.002666
2 2 0.037300 0.090457 0.772132 0.094414 0.005697
2 2 0.000277 0.004690 0.950495 0.044459 0.000078
2 2 0.005642 0.090488 0.893585 0.006087 0.004198
2 2 0.000005 0.000423 0.564062 0.435487 0.000023
2 2 0.000117 0.001606 0.817254 0.180938 0.000085
2 2 0.000021 0.001770 0.957014 0.041172 0.000023
3 2 0.000078 0.000967 0.482332 0.516430 0.000193
3 2 0.000002 0.000120 0.079686 0.920186 0.000005
2 2 0.000395 0.005359 0.624667 0.369452 0.000128
2 2 0.001045 0.007087 0.581905 0.406128 0.003835
3 3 0.000039 0.000401 0.055238 0.944157 0.000166
3 3 0.000261 0.001510 0.136043 0.860636 0.001550
3 3 0.000001 0.000026 0.011167 0.988795 0.000010
3 3 0.000000 0.000013 0.023757 0.976229 0.000001
3 3 0.000191 0.000700 0.027768 0.970988 0.000354
3 3 0.000000 0.000007 0.005607 0.994385 0.000001
3 3 0.000036 0.000233 0.019070 0.980563 0.000098
3 3 0.000009 0.000028 0.003204 0.996746 0.000012
3 3 0.000386 0.000515 0.010808 0.987760 0.000530
3 3 0.000000 0.000000 0.001525 0.998475 0.000000
3 3 0.000003 0.000013 0.002168 0.997806 0.000010
3 3 0.001676 0.000761 0.019449 0.977760 0.000354
0 1 0.770339 0.142050 0.071452 0.011341 0.004817
1 1 0.272173 0.500462 0.126038 0.000016 0.101312
2 2 0.035986 0.346204 0.605918 0.006542 0.005351
1 2 0.160215 0.443550 0.387544 0.001994 0.006697
0 2 0.757155 0.097693 0.119433 0.020049 0.005669
3 2 0.007961 0.040987 0.337722 0.608906 0.004424
2 2 0.009461 0.297344 0.643733 0.006050 0.043412
2 2 0.167838 0.238666 0.537792 0.034289 0.021415
2 2 0.007510 0.014468 0.800847 0.166937 0.010238
1 2 0.122583 0.406342 0.341237 0.040414 0.089425
2 2 0.005606 0.027180 0.860130 0.106115 0.000969
2 2 0.028959 0.162291 0.744868 0.005938 0.057945
2 2 0.000053 0.002871 0.926374 0.069627 0.001075
2 2 0.000073 0.003722 0.941260 0.054553 0.000391
2 2 0.001621 0.004310 0.701965 0.288168 0.003937
2 2 0.000004 0.000138 0.749177 0.250673 0.000009
2 2 0.000001 0.000206 0.910551 0.089134 0.000108
2 2 0.000022 0.001334 0.822352 0.176013 0.000280
2 2 0.000025 0.001450 0.987952 0.008822 0.001751
3 2 0.000000 0.000007 0.470123 0.529867 0.000002
2 2 0.000003 0.000227 0.872773 0.126900 0.000097
2 2 0.000101 0.001426 0.658257 0.335042 0.005174
2 2 0.000001 0.000136 0.964622 0.035215 0.000026
3 2 0.000000 0.000009 0.401108 0.598882 0.000001
2 2 0.000069 0.001739 0.875051 0.115377 0.007764
2 2 0.000160 0.003134 0.555848 0.432788 0.008070
2 2 0.000206 0.002638 0.607543 0.384567 0.005046
2 2 0.000001 0.000206 0.921543 0.077749 0.000501
2 2 0.000001 0.000250 0.981687 0.016016 0.002046
2 2 0.000139 0.003304 0.912351 0.060030 0.024176
2 2 0.000722 0.005679 0.802043 0.055477 0.136080
2 2 0.000145 0.006744 0.848281 0.020692 0.124138
2 2 0.000012 0.001811 0.988554 0.002277 0.007345
2 2 0.000284 0.016094 0.784654 0.001700 0.197268
2 2 0.000234 0.010593 0.867773 0.044599 0.076801
2 2 0.000048 0.006125 0.924862 0.006022 0.062942
4 2 0.003577 0.019272 0.087369 0.000164 0.889619
2 2 0.001398 0.040384 0.882757 0.001656 0.073805
2 2 0.001601 0.025812 0.779051 0.015015 0.178520
2 2 0.001139 0.017879 0.662286 0.002996 0.315700
2 2 0.000151 0.006474 0.853377 0.001583 0.138415
2 2 0.000797 0.014206 0.691573 0.007298 0.286126
4 2 0.013501 0.043475 0.439609 0.004307 0.499108
2 2 0.000389 0.013625 0.572861 0.005868 0.407258
2 2 0.000468 0.016139 0.705021 0.002141 0.276231
2 2 0.000999 0.029959 0.687779 0.000360 0.280903
4 2 0.007441 0.039750 0.211366 0.000349 0.741094
2 2 0.000675 0.020053 0.759785 0.000890 0.218598
4 2 0.001584 0.027924 0.475836 0.000425 0.494231
4 2 0.005332 0.026366 0.459985 0.000703 0.507614
4 2 0.003536 0.027237 0.379309 0.000594 0.589324
4 2 0.004577 0.052525 0.395675 0.000631 0.546592
4 2 0.002301 0.026115 0.459271 0.000292 0.512021
4 2 0.009108 0.088948 0.370188 0.002164 0.529592
4 2 0.013876 0.066727 0.342608 0.006624 0.570164
4 2 0.018591 0.041056 0.167453 0.000706 0.772194
4 2 0.025900 0.029070 0.044016 0.000264 0.900750
4 2 0.011462 0.032181 0.321565 0.001618 0.633175
2 2 0.002196 0.013647 0.710258 0.017372 0.256527
2 2 0.001651 0.027557 0.613130 0.005130 0.352533
4 2 0.029750 0.170763 0.390379 0.000597 0.408511
2 2 0.004833 0.042663 0.488721 0.000201 0.463583
2 2 0.003278 0.059474 0.656378 0.000416 0.280453
2 2 0.000576 0.037066 0.669288 0.000355 0.292714
4 2 0.000982 0.016150 0.437981 0.003953 0.540935
2 2 0.000016 0.001784 0.984874 0.011703 0.001622
2 2 0.000798 0.013400 0.841946 0.002308 0.141547
2 2 0.000213 0.005218 0.936244 0.002450 0.055874
2 2 0.000008 0.001327 0.975064 0.021026 0.002575
2 2 0.003539 0.021121 0.942151 0.021355 0.011835
2 2 0.000059 0.002005 0.968124 0.028325 0.001487
2 2 0.000005 0.000324 0.996737 0.002565 0.000369
2 2 0.000226 0.001085 0.741936 0.252812 0.003942
2 2 0.000700 0.003733 0.961371 0.004722 0.029474
2 2 0.000383 0.002898 0.866817 0.122904 0.006998
2 2 0.000013 0.000488 0.810671 0.188681 0.000147
2 2 0.000023 0.002647 0.947763 0.038161 0.011405
2 2 0.000436 0.004058 0.910986 0.076944 0.007576
3 2 0.000001 0.000063 0.133301 0.866627 0.000007
2 2 0.000029 0.001584 0.918524 0.077558 0.002305
3 2 0.000002 0.000068 0.127887 0.872010 0.000033
3 2 0.000002 0.000051 0.291982 0.707935 0.000030
2 2 0.072981 0.026127 0.619205 0.256042 0.025646
2 2 0.000063 0.002025 0.649702 0.345625 0.002585
3 2 0.000541 0.002585 0.267018 0.729279 0.000578
3 2 0.000944 0.000671 0.027449 0.969664 0.001273
3 2 0.005998 0.011696 0.416599 0.564360 0.001348
3 2 0.000057 0.000436 0.076540 0.922235 0.000732
3 2 0.000047 0.000080 0.007894 0.991953 0.000026
3 2 0.000050 0.000450 0.161948 0.837318 0.000234
3 2 0.003160 0.008713 0.112030 0.871348 0.004749
3 2 0.000003 0.000019 0.009963 0.990003 0.000012
3 3 0.000091 0.000050 0.001336 0.998486 0.000037
3 3 0.000613 0.000812 0.021494 0.976980 0.000102
3 3 0.000706 0.000752 0.024752 0.971869 0.001921
3 3 0.000655 0.000571 0.014729 0.983882 0.000164
3 3 0.000151 0.000280 0.027155 0.972375 0.000039
3 3 0.000218 0.000416 0.011433 0.987569 0.000365
3 3 0.000000 0.000001 0.001696 0.998303 0.000000
3 3 0.000000 0.000005 0.002590 0.997405 0.000000
3 3 0.000211 0.000462 0.064419 0.934720 0.000189
3 3 0.000020 0.000126 0.026476 0.973331 0.000047
3 3 0.000120 0.000134 0.004366 0.995366 0.000014
3 3 0.031920 0.007022 0.019655 0.938921 0.002482
3 3 0.000646 0.001067 0.038580 0.959569 0.000139
3 3 0.031945 0.003529 0.008919 0.954625 0.000982
3 3 0.011388 0.003804 0.014772 0.968852 0.001183
3 3 0.000088 0.000108 0.004087 0.995705 0.000011
3 3 0.000001 0.000008 0.002563 0.997426 0.000002
3 3 0.000021 0.000054 0.006087 0.993829 0.000008
3 3 0.001535 0.000285 0.001858 0.995955 0.000367
3 3 0.000237 0.000120 0.005105 0.994439 0.000099
3 3 0.000099 0.000117 0.004042 0.995697 0.000045
3 3 0.000182 0.000187 0.007104 0.992451 0.000076
3 3 0.000303 0.000324 0.007257 0.992053 0.000062
3 3 0.000000 0.000004 0.007262 0.992733 0.000001
3 3 0.000156 0.000223 0.007349 0.992264 0.000008
3 3 0.002135 0.000716 0.006036 0.990777 0.000336
3 3 0.012819 0.009720 0.193323 0.783469 0.000669
3 3 0.000005 0.000104 0.054522 0.945363 0.000005
3 3 0.000663 0.000757 0.014888 0.982109 0.001584
3 3 0.000245 0.000765 0.044312 0.954292 0.000386
3 3 0.000000 0.000008 0.012963 0.987027 0.000001
3 3 0.000001 0.000005 0.003835 0.996158 0.000001
3 3 0.000000 0.000002 0.003456 0.996541 0.000000
3 3 0.000763 0.000583 0.008228 0.990154 0.000272
3 3 0.000002 0.000014 0.004000 0.995982 0.000002
3 3 0.000000 0.000004 0.002756 0.997240 0.000000
3 3 0.000070 0.000112 0.004819 0.994936 0.000063
3 3 0.000183 0.000289 0.011891 0.987598 0.000040
3 3 0.000975 0.000405 0.004186 0.994219 0.000215
3 3 0.000030 0.000040 0.002199 0.997712 0.000019
3 3 0.000762 0.000925 0.018213 0.979781 0.000319
3 3 0.000001 0.000005 0.001991 0.998003 0.000001
3 3 0.003096 0.001403 0.014003 0.981278 0.000220
3 3 0.000022 0.000018 0.000896 0.999047 0.000017
3 3 0.000017 0.000036 0.002875 0.997055 0.000016
3 3 0.000252 0.000140 0.002665 0.996900 0.000043
3 3 0.000004 0.000016 0.002581 0.997391 0.000007
3 3 0.000259 0.000362 0.027902 0.971455 0.000022
3 3 0.003835 0.000414 0.002952 0.992536 0.000263
3 3 0.000001 0.000002 0.000653 0.999343 0.000001
3 3 0.000002 0.000013 0.004138 0.995845 0.000002
3 3 0.000006 0.000009 0.000931 0.999052 0.000002
3 3 0.000147 0.000252 0.014090 0.985461 0.000051
3 3 0.000015 0.000042 0.005638 0.994291 0.000014
3 3 0.001461 0.000550 0.004855 0.993033 0.000101
3 3 0.000799 0.000331 0.003708 0.995031 0.000130
3 3 0.000776 0.000987 0.016686 0.981427 0.000124
3 3 0.000000 0.000002 0.003186 0.996811 0.000000
3 3 0.010903 0.002945 0.022378 0.962494 0.001280
3 3 0.000247 0.000347 0.015766 0.983603 0.000036
3 3 0.000296 0.000290 0.006894 0.992411 0.000110
3 3 0.000001 0.000005 0.001437 0.998557 0.000000
3 3 0.000015 0.000019 0.002417 0.997546 0.000002
3 3 0.000001 0.000010 0.006272 0.993716 0.000001
3 3 0.000002 0.000007 0.003578 0.996412 0.000001
3 3 0.000018 0.000039 0.003239 0.996697 0.000007
3 3 0.000000 0.000002 0.003897 0.996101 0.000000
3 3 0.000009 0.000012 0.001370 0.998603 0.000007
3 3 0.000025 0.000015 0.000669 0.999272 0.000019
3 3 0.000008 0.000016 0.001602 0.998367 0.000007
3 3 0.000007 0.000032 0.005085 0.994874 0.000003
3 3 0.000061 0.000033 0.001047 0.998848 0.000011
3 3 0.000000 0.000001 0.000732 0.999268 0.000000
3 3 0.012941 0.006689 0.035123 0.943482 0.001765
3 3 0.000008 0.000035 0.010268 0.989686 0.000003
3 3 0.000113 0.000069 0.001820 0.997980 0.000018
3 3 0.002957 0.001212 0.008313 0.987043 0.000474
3 3 0.000200 0.000133 0.002839 0.996657 0.000171
3 3 0.000011 0.000039 0.009911 0.990034 0.000005
3 3 0.000011 0.000019 0.001808 0.998161 0.000001
3 3 0.000000 0.000000 0.000831 0.999169 0.000000
3 3 0.002625 0.000516 0.002857 0.993674 0.000329
3 3 0.002941 0.002940 0.025917 0.967269 0.000934
3 3 0.000022 0.000055 0.004205 0.995698 0.000020
3 3 0.000005 0.000035 0.017158 0.982800 0.000002
3 3 0.000007 0.000012 0.001368 0.998606 0.000006
3 3 0.000073 0.000042 0.001239 0.998611 0.000035
3 3 0.000046 0.000087 0.009162 0.990703 0.000003
3 3 0.000023 0.000061 0.004783 0.995120 0.000013
3 3 0.000214 0.000110 0.002131 0.997488 0.000057
3 3 0.000022 0.000073 0.007041 0.992859 0.000005
3 3 0.000015 0.000024 0.001834 0.998121 0.000006
3 3 0.000418 0.000696 0.021495 0.977080 0.000311
3 3 0.000030 0.000049 0.002997 0.996917 0.000007
3 3 0.000008 0.000015 0.001537 0.998437 0.000003
3 3 0.000003 0.000015 0.007572 0.992408 0.000002
3 3 0.003644 0.001300 0.007813 0.986566 0.000677
3 3 0.000011 0.000037 0.004138 0.995798 0.000016
3 3 0.000018 0.000014 0.000735 0.999225 0.000008
3 3 0.000005 0.000022 0.006162 0.993806 0.000004
3 3 0.000131 0.000656 0.178397 0.820806 0.000009
2 1 0.099178 0.144505 0.695232 0.054038 0.007047
2 1 0.023679 0.035584 0.877924 0.060548 0.002265
2 2 0.000791 0.007984 0.962123 0.028904 0.000197
2 2 0.026473 0.085493 0.700370 0.145850 0.041813
2 2 0.005771 0.020660 0.780913 0.188208 0.004448
2 2 0.000091 0.002313 0.590763 0.406158 0.000674
3 2 0.000991 0.010693 0.442489 0.536197 0.009630
2 2 0.000058 0.001735 0.748582 0.245112 0.004513
3 2 0.000015 0.000508 0.355495 0.643849 0.000133
2 2 0.000103 0.002187 0.748824 0.244772 0.004114
2 2 0.000015 0.001686 0.616632 0.374278 0.007389
3 2 0.000005 0.000124 0.327225 0.672594 0.000053
2 2 0.000057 0.002541 0.663018 0.326061 0.008323
2 2 0.000294 0.005634 0.635381 0.353363 0.005328
2 1 0.001211 0.026846 0.966302 0.005372 0.000269
3 2 0.003054 0.011174 0.450950 0.521875 0.012947
3 2 0.000001 0.000021 0.103596 0.896372 0.000011
2 2 0.000002 0.000201 0.830876 0.168465 0.000456
2 2 0.000000 0.000019 0.957760 0.042212 0.000009
2 2 0.000624 0.016184 0.683562 0.116515 0.183115
3 2 0.000001 0.000228 0.413888 0.585402 0.000481
2 2 0.000002 0.000981 0.905569 0.090426 0.003022
2 2 0.000292 0.010341 0.813075 0.078470 0.097822
4 2 0.002685 0.026688 0.436157 0.005073 0.529397
4 2 0.007457 0.069633 0.428360 0.021084 0.473466
2 2 0.001898 0.043500 0.660928 0.003365 0.290309
2 2 0.001366 0.025945 0.715428 0.005756 0.251505
2 2 0.008501 0.064000 0.511659 0.024401 0.391440
4 2 0.022229 0.114024 0.362495 0.000342 0.500910
2 2 0.003759 0.036516 0.481855 0.014879 0.462991
4 2 0.003625 0.048661 0.467149 0.004380 0.476185
4 2 0.002640 0.047419 0.385667 0.166215 0.398060
4 4 0.004625 0.084971 0.323350 0.001809 0.585245
4 4 0.018970 0.039562 0.096853 0.019242 0.825373
4 4 0.110005 0.185555 0.189429 0.019106 0.495904
4 4 0.074058 0.094629 0.321843 0.039128 0.470342
4 4 0.035952 0.035739 0.100559 0.012133 0.815617
4 4 0.006047 0.060478 0.407260 0.073352 0.452863
4 4 0.003234 0.050196 0.420544 0.003329 0.522697
4 4 0.027678 0.063587 0.245534 0.008382 0.654819
4 4 0.184838 0.114336 0.189973 0.002261 0.508592
4 4 0.011924 0.032009 0.133734 0.003227 0.819106
4 4 0.031131 0.183339 0.300254 0.014781 0.470496
4 4 0.030512 0.059964 0.402878 0.000812 0.505834
2 4 0.012029 0.125040 0.555221 0.031244 0.276466
0 4 0.418471 0.364939 0.167079 0.000150 0.049361
2 4 0.000058 0.014394 0.879680 0.000029 0.105839
2 4 0.001022 0.110050 0.750946 0.000008 0.137973
4 4 0.034408 0.286188 0.104352 0.000007 0.575045
0 1 0.910936 0.064869 0.021212 0.000365 0.002618
4 1 0.022401 0.067434 0.091753 0.000154 0.818258
4 1 0.009322 0.057321 0.345011 0.003132 0.585214
2 1 0.000802 0.037724 0.678011 0.001580 0.281882
4 1 0.003940 0.054198 0.437289 0.003876 0.500698
2 1 0.024996 0.138309 0.606418 0.000430 0.229846
2 2 0.001048 0.034186 0.600695 0.004213 0.359858
2 2 0.000391 0.037065 0.734087 0.001555 0.226902
4 2 0.012884 0.037454 0.206154 0.005131 0.738376
2 2 0.004071 0.056430 0.540309 0.002862 0.396328
2 2 0.001083 0.023396 0.691139 0.002921 0.281461
2 2 0.000973 0.030822 0.723292 0.007526 0.237388
2 2 0.000073 0.005037 0.928725 0.015460 0.050704
2 2 0.000043 0.004417 0.969064 0.020459 0.006017
2 2 0.000001 0.000216 0.954776 0.044929 0.000077
2 2 0.000428 0.015809 0.969771 0.001145 0.012847
2 2 0.000651 0.013160 0.825560 0.009025 0.151604
2 2 0.000091 0.004632 0.954801 0.014737 0.025739
2 2 0.000052 0.002347 0.923799 0.071564 0.002238
2 2 0.000405 0.004425 0.845466 0.114365 0.035339
2 2 0.000023 0.001022 0.896508 0.101632 0.000815
2 2 0.000210 0.002295 0.841241 0.141523 0.014732
2 2 0.003065 0.039883 0.825424 0.032467 0.099162
2 2 0.000115 0.003274 0.956768 0.009630 0.030213
2 2 0.007082 0.029518 0.778943 0.016941 0.167515
2 2 0.000002 0.000263 0.958299 0.040267 0.001170
2 2 0.013033 0.037234 0.831713 0.003981 0.114040
2 2 0.000123 0.002330 0.957644 0.032673 0.007229
2 2 0.002065 0.023400 0.642090 0.314169 0.018276
2 2 0.020552 0.018661 0.741271 0.077346 0.142170
3 2 0.000034 0.000841 0.454658 0.543262 0.001204
2 2 0.001360 0.005168 0.636139 0.307058 0.050275
2 2 0.008178 0.016569 0.539377 0.224099 0.211776
2 2 0.000778 0.008572 0.814528 0.137975 0.038146
2 2 0.001968 0.033161 0.868481 0.029243 0.067146
2 2 0.004170 0.030989 0.688166 0.263568 0.013107
3 2 0.000041 0.001420 0.256901 0.740276 0.001362
2 2 0.000040 0.002962 0.875232 0.117638 0.004128
2 2 0.000224 0.004055 0.978924 0.015444 0.001353
2 1 0.008335 0.394614 0.482142 0.000001 0.114908
2 2 0.000794 0.007975 0.611666 0.372834 0.006731
2 2 0.000018 0.000803 0.680488 0.318023 0.000668
2 2 0.000002 0.000770 0.988942 0.009944 0.000342
2 2 0.000240 0.003260 0.674236 0.321748 0.000516
3 2 0.000000 0.000027 0.138003 0.861960 0.000011
2 1 0.004331 0.067525 0.917982 0.000558 0.009605
2 2 0.000116 0.003639 0.882943 0.102952 0.010351
2 2 0.000423 0.007429 0.864303 0.117809 0.010035
2 2 0.000001 0.000263 0.684410 0.315098 0.000229
2 2 0.043184 0.056273 0.825323 0.023058 0.052162
3 2 0.000027 0.000541 0.096030 0.903349 0.000053
0 2 0.997470 0.000887 0.000128 0.000010 0.001505
0 2 0.552968 0.331595 0.100337 0.000030 0.015071
2 2 0.215830 0.233198 0.490261 0.008690 0.052021
0 2 0.440193 0.099194 0.375006 0.030566 0.055041
2 2 0.124410 0.111202 0.676971 0.039414 0.048004
2 2 0.073777 0.380786 0.501995 0.001244 0.042198
0 2 0.378532 0.258265 0.276325 0.002481 0.084396
2 2 0.070056 0.111833 0.752068 0.040953 0.025090
2 2 0.057385 0.097495 0.729392 0.086969 0.028759
0 2 0.620113 0.211199 0.146136 0.000762 0.021791
2 2 0.319323 0.251678 0.337499 0.005316 0.086185
0 1 0.966744 0.026236 0.006614 0.000061 0.000346
0 1 0.762473 0.143779 0.074218 0.014528 0.005002
1 2 0.264809 0.400448 0.293294 0.002220 0.039228
2 2 0.130385 0.239703 0.438221 0.001444 0.190247
0 2 0.970788 0.021330 0.005513 0.000119 0.002249
0 2 0.714121 0.178328 0.077931 0.003158 0.026462
0 2 0.822410 0.110949 0.049156 0.004752 0.012733
1 2 0.281294 0.420355 0.245307 0.001145 0.051898
0 2 0.812084 0.118189 0.047523 0.001963 0.020241
0 2 0.606592 0.196490 0.128466 0.011239 0.057213
0 2 0.622787 0.263981 0.102004 0.000543 0.010686
2 2 0.064949 0.071346 0.797864 0.059356 0.006485
0 2 0.825001 0.110887 0.054777 0.001105 0.008229
0 2 0.907768 0.065769 0.022506 0.000594 0.003363
2 2 0.137796 0.396585 0.436156 0.006168 0.023296
2 2 0.007420 0.164327 0.817818 0.002158 0.008277
2 2 0.006006 0.083313 0.691332 0.202164 0.017186
2 2 0.000394 0.028491 0.956572 0.013353 0.001191
2 2 0.002949 0.115185 0.864928 0.008632 0.008306
2 2 0.000458 0.018627 0.963201 0.013221 0.004492
2 2 0.001179 0.075897 0.910505 0.001329 0.011090
2 2 0.002967 0.039669 0.840259 0.102264 0.014842
2 2 0.022014 0.118144 0.812138 0.011095 0.036609
2 2 0.003746 0.072678 0.911191 0.009144 0.003240
2 2 0.000022 0.001624 0.932032 0.065609 0.000713
2 2 0.002112 0.005845 0.949318 0.028196 0.014528
2 2 0.000256 0.008679 0.971554 0.015949 0.003562
2 2 0.000037 0.004884 0.982550 0.007048 0.005481
2 2 0.000360 0.016010 0.956702 0.010966 0.015962
2 2 0.001544 0.031231 0.902062 0.031919 0.033245
2 2 0.000069 0.003155 0.971823 0.020498 0.004455
2 2 0.000663 0.005352 0.723344 0.258918 0.011724
2 2 0.002941 0.024105 0.744663 0.160640 0.067651
2 2 0.000057 0.005503 0.985339 0.007171 0.001930
2 2 0.000110 0.002436 0.834203 0.159803 0.003449
2 2 0.000916 0.019704 0.951832 0.027035 0.000513
2 2 0.002359 0.040213 0.903555 0.007620 0.046253
2 2 0.000002 0.000474 0.844636 0.152658 0.002231
2 2 0.000002 0.000284 0.627201 0.372198 0.000315
2 2 0.000135 0.007782 0.929567 0.051974 0.010543
2 2 0.000093 0.003371 0.787435 0.200294 0.008807
2 2 0.000000 0.000002 0.843187 0.156811 0.000000
2 2 0.000160 0.006209 0.937474 0.050334 0.005824
2 2 0.000140 0.003396 0.557974 0.428147 0.010343
3 2 0.000004 0.000305 0.250248 0.749325 0.000118
2 2 0.000015 0.000876 0.849061 0.149557 0.000491
2 2 0.000001 0.000202 0.756320 0.243400 0.000076
2 2 0.000731 0.006936 0.969134 0.018816 0.004383
2 2 0.000018 0.000932 0.791776 0.206694 0.000580
2 2 0.001751 0.005444 0.512280 0.464869 0.015656
3 2 0.000019 0.000408 0.224568 0.774778 0.000226
2 2 0.000003 0.000406 0.979672 0.019473 0.000445
2 2 0.000221 0.006607 0.688704 0.295501 0.008967
3 2 0.000273 0.004501 0.294650 0.678000 0.022576
2 2 0.000012 0.000535 0.945448 0.052553 0.001451
2 2 0.000166 0.001786 0.858949 0.138151 0.000947
2 2 0.000005 0.000727 0.845926 0.152777 0.000565
2 2 0.000032 0.000924 0.839712 0.159275 0.000057
3 2 0.000062 0.001744 0.336031 0.659368 0.002794
2 2 0.000008 0.000485 0.795942 0.203227 0.000338
2 2 0.000008 0.001174 0.802053 0.195413 0.001353
3 2 0.000006 0.000294 0.321929 0.677435 0.000336
2 2 0.000193 0.001920 0.696067 0.299881 0.001938
3 2 0.000001 0.000140 0.347149 0.652650 0.000058
3 2 0.000001 0.000095 0.197974 0.801924 0.000005
2 2 0.000006 0.000474 0.733680 0.265503 0.000337
3 2 0.000035 0.000468 0.150375 0.848396 0.000726
3 2 0.025511 0.026683 0.386136 0.523724 0.037946
3 2 0.000000 0.000028 0.449604 0.550366 0.000001
2 2 0.000101 0.002719 0.821437 0.175029 0.000714
2 2 0.000211 0.002402 0.532923 0.463788 0.000676
3 2 0.000004 0.000230 0.228900 0.770736 0.000129
2 2 0.000011 0.000644 0.630426 0.368247 0.000673
3 2 0.000110 0.000838 0.084704 0.913736 0.000612
2 2 0.000000 0.000164 0.774945 0.224849 0.000041
0 1 0.438586 0.394862 0.163014 0.000551 0.002987
2 2 0.011667 0.029346 0.797297 0.156629 0.005061
2 2 0.001002 0.007119 0.920011 0.071575 0.000292
2 2 0.000010 0.000725 0.971071 0.028184 0.000011
2 2 0.000087 0.005384 0.972242 0.022004 0.000283
2 2 0.000459 0.012736 0.971153 0.013036 0.002616
3 2 0.000033 0.000529 0.132472 0.866873 0.000092
2 2 0.000010 0.002086 0.971523 0.026337 0.000044
2 2 0.000186 0.006811 0.988766 0.004159 0.000078
2 2 0.000886 0.008265 0.669571 0.318259 0.003018
2 1 0.047617 0.310531 0.586801 0.000710 0.054340
2 2 0.000011 0.000856 0.731247 0.267626 0.000260
3 2 0.000496 0.002303 0.423495 0.573184 0.000522
2 2 0.000882 0.012698 0.894567 0.079218 0.012635
2 2 0.000125 0.002960 0.791588 0.204896 0.000431
2 2 0.000074 0.001697 0.792776 0.200628 0.004825
2 2 0.000000 0.000074 0.705808 0.294110 0.000007
1 1 0.291974 0.496750 0.174343 0.000244 0.036688
2 2 0.000055 0.003515 0.936388 0.059891 0.000151
2 2 0.000001 0.000259 0.788470 0.211153 0.000117
2 2 0.000070 0.002851 0.899469 0.096122 0.001488
3 2 0.000001 0.000172 0.240754 0.759061 0.000012
2 2 0.000023 0.001134 0.816172 0.180460 0.002211
2 2 0.000000 0.000066 0.868193 0.131675 0.000065
2 2 0.013439 0.058866 0.410532 0.115633 0.401530
2 2 0.006790 0.053703 0.566615 0.003254 0.369638
2 2 0.000011 0.001226 0.971263 0.012114 0.015386
2 2 0.004261 0.043623 0.521228 0.024943 0.405944
2 2 0.000203 0.016615 0.863999 0.029442 0.089742
4 2 0.017590 0.039718 0.223541 0.003605 0.715546
4 2 0.004544 0.048147 0.309692 0.007284 0.630334
2 1 0.025090 0.145800 0.699698 0.000070 0.129342
4 2 0.004749 0.046728 0.358217 0.013454 0.576854
4 2 0.009089 0.065334 0.460213 0.000700 0.464664
4 2 0.017981 0.100305 0.385515 0.000148 0.496051
2 2 0.009575 0.111536 0.533146 0.001525 0.344218
2 4 0.009525 0.051032 0.673304 0.004276 0.261863
4 4 0.005865 0.068186 0.387505 0.002130 0.536314
4 4 0.094473 0.072167 0.120100 0.000842 0.712418
4 4 0.012293 0.057311 0.181939 0.001014 0.747443
4 4 0.041363 0.049748 0.152653 0.030035 0.726202
4 4 0.037972 0.024917 0.023731 0.004335 0.909045
4 4 0.070280 0.027368 0.031119 0.003985 0.867247
4 4 0.019049 0.100891 0.233134 0.001305 0.645621
4 4 0.037309 0.101496 0.313753 0.001324 0.546118
2 4 0.016810 0.111843 0.505794 0.000487 0.365065
2 4 0.002027 0.037408 0.735732 0.013276 0.211556
2 4 0.003214 0.086129 0.547834 0.002054 0.360770
2 4 0.006080 0.040857 0.544877 0.008350 0.399836
4 4 0.007839 0.042385 0.260951 0.005487 0.683337
4 4 0.032966 0.081330 0.207436 0.002394 0.675875
4 4 0.019679 0.070173 0.177474 0.001203 0.731471
2 4 0.001564 0.068169 0.635120 0.010568 0.284579
4 4 0.032652 0.106263 0.188637 0.000902 0.671546
4 4 0.187019 0.029416 0.037201 0.000221 0.746143
4 4 0.074169 0.054960 0.049743 0.001172 0.819956
4 4 0.004784 0.077410 0.246998 0.000126 0.670682
4 4 0.072304 0.081189 0.127046 0.001224 0.718236
4 4 0.022471 0.068289 0.161045 0.010460 0.737735
4 4 0.007291 0.063064 0.426640 0.001620 0.501386
4 4 0.045444 0.093784 0.107667 0.000618 0.752487
4 4 0.024664 0.026037 0.055119 0.001081 0.893099
4 4 0.031359 0.050044 0.063297 0.005348 0.849952
4 4 0.046385 0.146791 0.166992 0.006411 0.633421
4 4 0.024419 0.141571 0.403112 0.001542 0.429356
4 4 0.009777 0.040376 0.262556 0.000296 0.686995
4 4 0.064705 0.124952 0.138209 0.001128 0.671005
2 4 0.010433 0.059574 0.543935 0.001184 0.384873
2 4 0.032799 0.274680 0.519939 0.000036 0.172546
2 1 0.013698 0.137873 0.805995 0.000106 0.042329
2 1 0.005315 0.060823 0.528121 0.001354 0.404387
2 2 0.002400 0.034798 0.798158 0.012803 0.151842
4 2 0.004819 0.035699 0.335204 0.000371 0.623907
4 2 0.026062 0.051941 0.265036 0.009051 0.647909
4 4 0.010926 0.049263 0.358172 0.002848 0.578792
4 4 0.052448 0.044952 0.200535 0.000320 0.701746
4 4 0.015850 0.065858 0.178039 0.000256 0.739997
4 4 0.008253 0.049145 0.314014 0.000762 0.627827
2 4 0.001519 0.047780 0.769841 0.000578 0.180282
4 4 0.023825 0.095915 0.139202 0.001286 0.739770
4 4 0.007479 0.050986 0.385278 0.000900 0.555357
4 4 0.016379 0.052063 0.305989 0.000229 0.625340
4 4 0.008341 0.064174 0.252214 0.000364 0.674905
4 4 0.071127 0.103354 0.109176 0.000308 0.716036
4 4 0.034040 0.030919 0.053716 0.000054 0.881271
4 4 0.010110 0.150346 0.376519 0.014077 0.448949
4 4 0.012524 0.043111 0.139848 0.012559 0.791958
4 4 0.048295 0.068430 0.109822 0.000202 0.773251
2 4 0.007324 0.059194 0.495049 0.046688 0.391745
4 4 0.006730 0.109730 0.305625 0.001829 0.576087
4 4 0.098321 0.044351 0.086294 0.000497 0.770537
4 4 0.068884 0.052410 0.037308 0.000171 0.841226
4 4 0.049760 0.118667 0.106617 0.000835 0.724121
2 4 0.007148 0.049330 0.552072 0.002024 0.389426
4 4 0.011472 0.045272 0.295257 0.009876 0.638124
4 4 0.007830 0.058647 0.413109 0.007829 0.512585
2 4 0.013453 0.061896 0.555325 0.004196 0.365128
2 4 0.005483 0.094748 0.781662 0.000697 0.117410
2 1 0.037373 0.087604 0.704964 0.000557 0.169502
2 1 0.003628 0.045716 0.654421 0.002397 0.293837
2 2 0.000410 0.015644 0.853192 0.006529 0.124225
2 2 0.000642 0.023975 0.742714 0.003882 0.228787
2 2 0.000334 0.015161 0.872139 0.003539 0.108828
2 2 0.000219 0.012123 0.815756 0.070660 0.101242
4 2 0.006938 0.069972 0.431509 0.000565 0.491016
4 2 0.010503 0.062041 0.278458 0.001266 0.647733
4 2 0.031997 0.136838 0.329677 0.000609 0.500879
2 2 0.004051 0.039342 0.696373 0.004353 0.255880
2 2 0.001993 0.043950 0.631202 0.001809 0.321046
2 2 0.008150 0.107540 0.865632 0.002124 0.016554
1 1 0.277902 0.379647 0.267928 0.000108 0.074415
2 1 0.000265 0.015358 0.856413 0.007888 0.120076
2 2 0.000022 0.016816 0.933019 0.019972 0.030172
2 2 0.000996 0.041379 0.767521 0.006847 0.183257
2 2 0.000061 0.011920 0.973101 0.002079 0.012839
2 2 0.000100 0.005830 0.954654 0.026928 0.012488
2 2 0.000494 0.013019 0.837386 0.023495 0.125607
2 2 0.000758 0.015131 0.845053 0.046790 0.092268
2 2 0.000018 0.005721 0.984749 0.004668 0.004843
2 2 0.000035 0.001147 0.972959 0.018575 0.007284
2 2 0.000007 0.000938 0.964715 0.033807 0.000533
2 2 0.000000 0.000124 0.974298 0.025466 0.000112
2 2 0.000366 0.014487 0.844462 0.009044 0.131641
2 2 0.000001 0.000511 0.997513 0.001315 0.000660
2 2 0.000636 0.010048 0.905475 0.019021 0.064819
2 2 0.000091 0.004411 0.914852 0.057067 0.023579
2 2 0.000003 0.000383 0.850783 0.148076 0.000754
2 2 0.001175 0.013365 0.822451 0.043659 0.119350
2 2 0.000094 0.005025 0.950781 0.018560 0.025540
2 2 0.000029 0.002336 0.927162 0.059959 0.010513
2 2 0.000024 0.001859 0.912872 0.080559 0.004686
2 2 0.003571 0.036350 0.779504 0.018462 0.162113
2 2 0.000018 0.001175 0.886459 0.110669 0.001679
2 2 0.000143 0.005174 0.946697 0.027065 0.020922
3 2 0.002430 0.005607 0.236874 0.715651 0.039438
2 2 0.000559 0.006246 0.577799 0.347909 0.067487
2 2 0.000143 0.013074 0.918778 0.029250 0.038756
2 2 0.000361 0.005404 0.848537 0.091909 0.053789
2 2 0.000123 0.002911 0.725333 0.260035 0.011599
2 2 0.000014 0.000684 0.951842 0.044947 0.002513
2 2 0.000004 0.000622 0.899801 0.098468 0.001105
2 2 0.000345 0.005724 0.943545 0.044332 0.006054
2 2 0.000352 0.011069 0.709564 0.256389 0.022626
2 2 0.000316 0.008137 0.873500 0.034926 0.083121
2 2 0.000074 0.002214 0.942762 0.052050 0.002899
2 2 0.000096 0.003334 0.699877 0.287830 0.008862
2 2 0.000011 0.002187 0.973902 0.016334 0.007566
2 2 0.000020 0.001548 0.762801 0.233678 0.001953
3 2 0.000001 0.000140 0.366982 0.632382 0.000496
2 2 0.000215 0.003571 0.890115 0.075676 0.030422
2 2 0.002034 0.013622 0.603511 0.254182 0.126651
2 2 0.001000 0.006837 0.682163 0.284256 0.025744
3 2 0.000125 0.002490 0.299262 0.688324 0.009798
3 2 0.000044 0.003418 0.488158 0.496566 0.011814
2 2 0.000091 0.003430 0.777805 0.205780 0.012894
2 2 0.000005 0.000540 0.616832 0.381183 0.001440
3 2 0.000002 0.000285 0.357439 0.641050 0.001223
3 2 0.000031 0.000536 0.176936 0.821090 0.001407
2 2 0.000055 0.000927 0.915164 0.082780 0.001073
3 2 0.000244 0.001529 0.129914 0.864262 0.004052
1 1 0.399956 0.429945 0.166983 0.000338 0.002778
2 2 0.000711 0.024367 0.875607 0.030211 0.069104
3 2 0.000412 0.005265 0.292968 0.675533 0.025822
2 2 0.000003 0.000323 0.974822 0.024781 0.000070
2 2 0.000683 0.012620 0.915179 0.030767 0.040751
2 2 0.000352 0.007734 0.800574 0.178724 0.012616
3 2 0.000007 0.000402 0.274446 0.724669 0.000475
2 2 0.000177 0.004920 0.669538 0.295588 0.029778
2 2 0.000015 0.000942 0.885336 0.113295 0.000413
3 2 0.000011 0.000265 0.145581 0.853942 0.000201
3 2 0.000001 0.000075 0.360898 0.638988 0.000038
3 2 0.000015 0.000341 0.200882 0.798415 0.000348
3 2 0.000019 0.000443 0.442122 0.557229 0.000187
2 2 0.000042 0.001411 0.673688 0.321234 0.003625
3 2 0.000186 0.002557 0.163184 0.831200 0.002872
3 2 0.000002 0.000459 0.287868 0.711368 0.000304
3 2 0.000276 0.003730 0.214516 0.773619 0.007860
3 2 0.000815 0.002781 0.072987 0.919852 0.003565
3 2 0.000020 0.000684 0.266808 0.732256 0.000232
2 2 0.070880 0.078034 0.662477 0.175917 0.012692
3 2 0.000027 0.000086 0.006607 0.993224 0.000056
3 2 0.000451 0.006074 0.188211 0.795576 0.009688
3 2 0.000590 0.003143 0.231839 0.763329 0.001100
3 2 0.000073 0.000626 0.085119 0.913822 0.000359
3 2 0.001284 0.005695 0.140743 0.847551 0.004726
3 2 0.000263 0.001652 0.058131 0.938479 0.001475
3 2 0.000043 0.000634 0.053543 0.944952 0.000828
3 2 0.000000 0.000001 0.004710 0.995288 0.000000
3 2 0.000021 0.000106 0.013431 0.986274 0.000168
3 2 0.000001 0.000012 0.004793 0.995188 0.000006
3 3 0.000074 0.000328 0.019582 0.979749 0.000266
3 3 0.000001 0.000023 0.017653 0.982265 0.000058
3 3 0.000002 0.000039 0.015071 0.984861 0.000027
3 3 0.000007 0.000071 0.013435 0.986335 0.000153
3 3 0.000211 0.001223 0.070013 0.928075 0.000478
3 3 0.000272 0.000592 0.014095 0.983581 0.001460
3 3 0.000000 0.000025 0.021807 0.978164 0.000003
3 3 0.000007 0.000051 0.008621 0.991282 0.000039
3 3 0.000640 0.006701 0.160241 0.795923 0.036495
3 3 0.000000 0.000038 0.084961 0.915000 0.000001
3 3 0.000001 0.000026 0.023153 0.976815 0.000004
3 3 0.000733 0.002689 0.153289 0.831378 0.011911
3 3 0.000826 0.002301 0.064714 0.925802 0.006358
3 3 0.000023 0.000081 0.006385 0.993411 0.000100
3 3 0.000076 0.000110 0.004948 0.994814 0.000052
3 3 0.000003 0.000016 0.003838 0.996136 0.000008
3 3 0.000317 0.001590 0.090944 0.906853 0.000296
3 3 0.000000 0.000008 0.007236 0.992750 0.000006
3 3 0.000066 0.000364 0.029559 0.969700 0.000310
3 2 0.000001 0.000014 0.020850 0.979134 0.000002
2 2 0.039773 0.306287 0.648924 0.000693 0.004322
2 2 0.013447 0.070154 0.807271 0.035427 0.073701
2 2 0.006931 0.050887 0.852275 0.047322 0.042584
