0 0 1.000000 0.000000 0.000000 0.000000 0.000000
0 0 0.998200 0.000493 0.001270 0.000009 0.000028
0 0 0.986136 0.005719 0.007408 0.000123 0.000614
0 0 0.992512 0.003387 0.003438 0.000030 0.000633
0 0 0.993087 0.001329 0.005256 0.000217 0.000111
0 0 0.994512 0.002118 0.003031 0.000040 0.000298
0 0 0.971116 0.015479 0.012025 0.000056 0.001324
0 0 0.995308 0.001713 0.002375 0.000066 0.000539
0 0 0.998780 0.000384 0.000800 0.000004 0.000033
0 0 0.948684 0.016357 0.033254 0.000790 0.000915
0 0 0.994671 0.001872 0.003168 0.000047 0.000243
0 0 0.983189 0.008127 0.007931 0.000017 0.000737
0 0 0.978031 0.010535 0.010595 0.000070 0.000769
0 0 0.981498 0.010282 0.007231 0.000018 0.000972
0 0 0.983925 0.007800 0.007647 0.000036 0.000592
0 0 0.979070 0.009926 0.010220 0.000069 0.000715
0 0 0.989160 0.003792 0.006765 0.000085 0.000197
0 0 0.576142 0.259081 0.128412 0.000102 0.036263
0 0 0.956690 0.015439 0.020840 0.000264 0.006766
0 0 0.977385 0.008284 0.012127 0.000510 0.001694
0 0 0.987633 0.003817 0.006483 0.000823 0.001245
0 0 0.994833 0.001897 0.003143 0.000017 0.000109
0 0 0.988985 0.005458 0.005096 0.000014 0.000447
0 0 0.992912 0.003371 0.003445 0.000008 0.000263
0 0 0.989790 0.004383 0.005481 0.000033 0.000312
0 0 0.979262 0.010826 0.008969 0.000036 0.000906
0 0 0.980470 0.009763 0.008959 0.000043 0.000765
0 0 0.955946 0.017366 0.025422 0.000202 0.001064
0 0 0.983657 0.009340 0.005348 0.000007 0.001649
0 0 0.968283 0.014067 0.016530 0.000221 0.000900
0 0 0.792273 0.023792 0.175869 0.006450 0.001616
0 0 0.995023 0.001808 0.003049 0.000017 0.000104
0 0 0.968625 0.013081 0.016994 0.000238 0.001061
0 0 0.995906 0.001537 0.002447 0.000011 0.000099
0 0 0.977313 0.005369 0.017012 0.000061 0.000246
0 0 0.952121 0.013257 0.033680 0.000298 0.000644
0 0 0.977450 0.008609 0.013240 0.000230 0.000471
0 0 0.981741 0.009896 0.007448 0.000021 0.000893
0 0 0.984627 0.005888 0.009042 0.000113 0.000330
0 0 0.996288 0.001162 0.002471 0.000010 0.000069
0 0 0.998278 0.000618 0.001063 0.000002 0.000037
0 0 0.990629 0.004169 0.004891 0.000021 0.000290
0 0 0.976614 0.011167 0.011331 0.000081 0.000807
0 0 0.995278 0.001596 0.003021 0.000020 0.000084
0 0 0.972384 0.006154 0.010023 0.002064 0.009374
0 0 0.976090 0.011992 0.009778 0.000106 0.002033
0 0 0.919881 0.033209 0.044292 0.000564 0.002054
0 0 0.982963 0.007032 0.007796 0.000052 0.002156
0 0 0.979349 0.000191 0.000080 0.000000 0.020380
0 0 0.893331 0.060702 0.016190 0.000035 0.029742
0 0 0.612811 0.091839 0.240657 0.001107 0.053586
0 0 0.715397 0.040599 0.025167 0.000092 0.218745
0 1 0.712685 0.207755 0.039574 0.000054 0.039931
0 1 0.688072 0.225386 0.044746 0.000076 0.041719
0 1 0.497309 0.357054 0.093646 0.000694 0.051297
0 1 0.661056 0.216440 0.073646 0.001257 0.047600
0 1 0.446905 0.389078 0.105613 0.000741 0.057663
1 2 0.315692 0.468032 0.158108 0.004353 0.053816
1 2 0.146972 0.533861 0.234012 0.001147 0.084008
2 2 0.014058 0.394788 0.497843 0.002783 0.090528
1 2 0.172685 0.449211 0.321358 0.000438 0.056309
2 2 0.019216 0.198220 0.761621 0.008151 0.012792
2 2 0.002478 0.072984 0.920148 0.001189 0.003200
2 2 0.004686 0.076887 0.818464 0.077496 0.022467
2 2 0.001994 0.065278 0.891754 0.039528 0.001446
2 2 0.011250 0.092794 0.874475 0.001101 0.020381
2 2 0.001042 0.047522 0.946119 0.000993 0.004323
2 2 0.000129 0.030606 0.956071 0.010212 0.002982
3 2 0.000480 0.005050 0.463339 0.530846 0.000285
2 2 0.003859 0.045751 0.943061 0.005955 0.001374
2 2 0.004768 0.085475 0.864875 0.023851 0.021030
2 2 0.014418 0.051175 0.911368 0.021229 0.001810
2 2 0.020950 0.384616 0.545613 0.000662 0.048159
2 2 0.001418 0.024293 0.903081 0.068855 0.002353
2 2 0.001367 0.044936 0.776263 0.174236 0.003199
2 2 0.000017 0.000859 0.881762 0.117314 0.000048
2 2 0.001940 0.026443 0.663136 0.306115 0.002367
2 2 0.006820 0.021261 0.827792 0.143049 0.001078
3 2 0.000358 0.001113 0.309628 0.688811 0.000091
3 2 0.000009 0.000345 0.152551 0.847082 0.000014
3 2 0.000001 0.000075 0.290185 0.709738 0.000001
3 3 0.000120 0.001061 0.182806 0.815910 0.000103
3 3 0.001738 0.003829 0.460468 0.533764 0.000200
3 3 0.000017 0.000170 0.056195 0.943603 0.000015
3 3 0.000026 0.000400 0.196977 0.802587 0.000010
3 3 0.000338 0.000912 0.112909 0.885723 0.000118
3 3 0.000150 0.000690 0.316913 0.682216 0.000031
2 3 0.010907 0.013185 0.965344 0.007846 0.002718
3 3 0.000004 0.000086 0.241641 0.758267 0.000002
2 3 0.001361 0.008874 0.650052 0.339533 0.000180
3 3 0.002620 0.005909 0.124519 0.865703 0.001250
3 3 0.000106 0.001189 0.369091 0.629585 0.000029
3 3 0.000146 0.000779 0.066416 0.932572 0.000087
3 3 0.000163 0.001053 0.287681 0.710846 0.000256
3 3 0.000199 0.000140 0.069416 0.930228 0.000017
3 3 0.000190 0.000521 0.015975 0.982731 0.000583
3 3 0.000004 0.000022 0.056844 0.943129 0.000001
2 3 0.194182 0.071260 0.411196 0.138645 0.184718
3 3 0.001196 0.003763 0.122745 0.871009 0.001287
3 3 0.000277 0.000568 0.109247 0.889793 0.000114
3 3 0.000086 0.000100 0.121279 0.878530 0.000005
3 3 0.000016 0.000115 0.039492 0.960359 0.000018
3 3 0.000878 0.002284 0.068180 0.928226 0.000432
3 3 0.000205 0.000429 0.025607 0.973621 0.000139
3 3 0.001559 0.003664 0.097773 0.894667 0.002337
3 3 0.000304 0.000405 0.063222 0.935906 0.000164
3 3 0.000008 0.000060 0.056915 0.943014 0.000003
3 3 0.000317 0.000279 0.075058 0.924310 0.000036
3 3 0.000177 0.000221 0.090635 0.908939 0.000028
3 3 0.000001 0.000009 0.015761 0.984227 0.000002
3 3 0.000015 0.000063 0.007175 0.992715 0.000032
3 3 0.000451 0.000967 0.060721 0.937692 0.000169
3 2 0.058574 0.010050 0.277257 0.647386 0.006734
3 2 0.000082 0.002356 0.324485 0.672969 0.000107
2 2 0.001902 0.022367 0.798924 0.174757 0.002050
3 2 0.000538 0.002851 0.125770 0.870073 0.000768
3 3 0.000071 0.001506 0.208513 0.789789 0.000121
3 3 0.000237 0.001725 0.200677 0.797310 0.000052
3 3 0.000614 0.000454 0.121341 0.877565 0.000027
3 3 0.000046 0.000208 0.038820 0.960887 0.000039
3 3 0.003541 0.001793 0.151769 0.842765 0.000131
3 3 0.003103 0.003269 0.029146 0.962229 0.002253
3 3 0.000029 0.000144 0.044131 0.955688 0.000008
3 3 0.000184 0.001046 0.128654 0.869976 0.000140
3 3 0.008770 0.002738 0.109617 0.877002 0.001873
3 3 0.000239 0.001461 0.111562 0.886259 0.000479
3 3 0.000097 0.000173 0.041142 0.958571 0.000018
2 3 0.009817 0.010242 0.537035 0.441152 0.001754
2 3 0.000186 0.002308 0.838464 0.159013 0.000029
3 3 0.000346 0.001031 0.153228 0.845240 0.000155
3 3 0.008659 0.005368 0.445205 0.540215 0.000552
3 3 0.001038 0.001269 0.140101 0.857449 0.000143
3 3 0.000040 0.000281 0.064922 0.934737 0.000021
3 3 0.000009 0.000112 0.051839 0.948029 0.000011
3 3 0.000307 0.000559 0.075749 0.923315 0.000071
3 3 0.003368 0.002606 0.100487 0.892586 0.000954
3 3 0.000666 0.001176 0.273502 0.724509 0.000148
3 3 0.000062 0.000108 0.031775 0.968040 0.000014
3 3 0.000001 0.000017 0.018016 0.981965 0.000001
3 3 0.000688 0.000318 0.046025 0.952807 0.000163
3 3 0.000146 0.000167 0.079159 0.920511 0.000017
3 3 0.000016 0.000036 0.039744 0.960202 0.000002
3 3 0.000922 0.003781 0.197865 0.796862 0.000571
3 3 0.000196 0.000736 0.116951 0.881981 0.000135
3 3 0.000132 0.000125 0.026938 0.972766 0.000039
3 3 0.000123 0.000208 0.076504 0.923145 0.000020
3 3 0.000076 0.000172 0.040381 0.959330 0.000040
3 3 0.000038 0.000539 0.059946 0.939366 0.000111
3 3 0.000020 0.000231 0.042325 0.957387 0.000036
3 3 0.000143 0.000196 0.004945 0.994594 0.000121
3 3 0.000188 0.000304 0.022431 0.976964 0.000113
3 3 0.000247 0.000146 0.030674 0.968910 0.000023
3 3 0.000141 0.000197 0.019334 0.980268 0.000060
3 3 0.000003 0.000076 0.087884 0.912031 0.000005
3 3 0.000530 0.000285 0.060118 0.939024 0.000042
3 3 0.000021 0.000089 0.026378 0.973505 0.000008
3 3 0.003396 0.002447 0.032881 0.960105 0.001170
3 3 0.000086 0.000319 0.044928 0.954632 0.000035
3 3 0.000003 0.000016 0.014815 0.985163 0.000003
3 3 0.000235 0.000543 0.045595 0.953527 0.000101
3 3 0.000058 0.000292 0.064636 0.934954 0.000060
3 3 0.000460 0.000743 0.074328 0.924336 0.000132
3 3 0.000001 0.000005 0.003055 0.996937 0.000001
3 3 0.000904 0.001892 0.089694 0.907060 0.000450
3 3 0.003593 0.002178 0.090775 0.902968 0.000486
3 3 0.001902 0.000846 0.022516 0.974381 0.000354
3 3 0.000014 0.000053 0.018805 0.981120 0.000008
3 3 0.000004 0.000029 0.011192 0.988772 0.000003
3 3 0.000028 0.000122 0.019552 0.980258 0.000040
3 3 0.000675 0.000722 0.054619 0.943717 0.000266
3 3 0.000852 0.002537 0.072700 0.922667 0.001245
3 3 0.000002 0.000019 0.013739 0.986239 0.000002
3 3 0.001597 0.002188 0.170191 0.825606 0.000417
3 3 0.000008 0.000041 0.053831 0.946118 0.000002
3 3 0.022208 0.006888 0.138718 0.827562 0.004624
3 3 0.001036 0.001224 0.056093 0.941201 0.000447
3 3 0.000038 0.000102 0.010990 0.988828 0.000041
3 3 0.000004 0.000018 0.015902 0.984073 0.000002
3 3 0.000006 0.000075 0.030096 0.969815 0.000008
3 3 0.000592 0.000590 0.030481 0.968161 0.000176
3 3 0.000002 0.000004 0.010837 0.989156 0.000001
3 3 0.000426 0.000812 0.069296 0.929250 0.000216
3 3 0.000002 0.000006 0.185404 0.814588 0.000000
3 3 0.000135 0.000326 0.003869 0.995121 0.000548
3 3 0.000011 0.000148 0.020286 0.979518 0.000036
3 3 0.000192 0.000653 0.017755 0.981121 0.000278
3 3 0.000060 0.000107 0.008740 0.991051 0.000042
3 3 0.000120 0.000479 0.063245 0.936078 0.000078
3 3 0.001695 0.000908 0.028397 0.968643 0.000357
3 3 0.000082 0.000129 0.027691 0.972059 0.000039
3 3 0.000056 0.000048 0.061542 0.938347 0.000008
3 3 0.000008 0.000036 0.009498 0.990449 0.000009
3 3 0.000098 0.000167 0.011013 0.988573 0.000149
3 3 0.000368 0.000179 0.016417 0.982883 0.000152
3 3 0.000331 0.000685 0.036354 0.962315 0.000315
3 3 0.002930 0.000607 0.048554 0.947704 0.000205
3 3 0.016829 0.003167 0.044288 0.930352 0.005364
3 3 0.002758 0.003635 0.265556 0.724602 0.003449
3 3 0.000112 0.000284 0.013980 0.985360 0.000265
3 3 0.000397 0.000565 0.083389 0.915485 0.000164
3 3 0.000127 0.000714 0.111359 0.887721 0.000079
3 3 0.000015 0.000013 0.008123 0.991846 0.000003
3 3 0.000747 0.000999 0.044672 0.952191 0.001391
3 2 0.006160 0.022269 0.327453 0.572064 0.072054
3 2 0.000038 0.000560 0.418157 0.581138 0.000107
2 2 0.000072 0.005045 0.982146 0.008408 0.004328
2 2 0.000296 0.024124 0.619417 0.019693 0.336470
2 2 0.000095 0.037630 0.766846 0.000129 0.195300
2 2 0.000130 0.008850 0.657227 0.271940 0.061854
2 2 0.000501 0.037480 0.693096 0.038304 0.230619
2 2 0.002122 0.148201 0.653452 0.020908 0.175317
2 2 0.002087 0.076074 0.603657 0.251291 0.066891
2 2 0.000139 0.014598 0.941774 0.024579 0.018910
2 2 0.000945 0.095937 0.468626 0.003336 0.431156
2 2 0.000378 0.031304 0.874027 0.056115 0.038176
2 2 0.001851 0.112013 0.455259 0.024644 0.406233
4 2 0.000470 0.076675 0.363358 0.000669 0.558828
2 2 0.000379 0.068909 0.500648 0.002496 0.427568
2 2 0.000246 0.066739 0.521491 0.013476 0.398048
2 2 0.000468 0.103835 0.666534 0.000335 0.228829
2 2 0.000144 0.055970 0.619477 0.022399 0.302009
2 2 0.000076 0.024129 0.859812 0.015813 0.100170
4 2 0.003223 0.112253 0.406888 0.011101 0.466535
4 2 0.002305 0.050466 0.157599 0.001119 0.788510
2 2 0.005450 0.207986 0.410503 0.001354 0.374707
2 2 0.000188 0.032622 0.756182 0.007591 0.203417
2 2 0.000153 0.026101 0.500287 0.000591 0.472867
2 2 0.000940 0.129449 0.675597 0.019187 0.174827
2 2 0.000090 0.069127 0.653951 0.004150 0.272683
2 2 0.000023 0.011921 0.954125 0.021831 0.012100
2 2 0.000727 0.081639 0.455431 0.059306 0.402897
2 2 0.000306 0.025170 0.872046 0.057884 0.044594
2 2 0.000073 0.021446 0.835928 0.083445 0.059109
2 2 0.000610 0.080859 0.557833 0.006030 0.354668
2 2 0.001523 0.118028 0.511928 0.021362 0.347159
2 2 0.000022 0.009110 0.953634 0.012680 0.024554
2 2 0.000012 0.001224 0.977993 0.020629 0.000142
2 2 0.000233 0.020138 0.897766 0.035378 0.046485
2 2 0.000163 0.032723 0.883163 0.014130 0.069821
2 2 0.000264 0.020129 0.961465 0.007181 0.010961
2 2 0.000120 0.020061 0.873514 0.053302 0.053003
2 2 0.003838 0.032803 0.791543 0.128308 0.043508
2 2 0.000081 0.008020 0.985636 0.002296 0.003966
2 2 0.000121 0.016468 0.916608 0.028316 0.038487
2 2 0.000666 0.044085 0.762060 0.012538 0.180651
2 2 0.001921 0.042852 0.760514 0.016211 0.178502
2 2 0.000233 0.043990 0.832256 0.010893 0.112629
2 2 0.000298 0.012527 0.910444 0.069048 0.007683
2 2 0.000048 0.006025 0.902780 0.080571 0.010576
2 2 0.000003 0.003352 0.989836 0.001387 0.005421
2 2 0.000095 0.008424 0.920062 0.031746 0.039673
2 2 0.000510 0.009793 0.864996 0.116952 0.007749
2 2 0.000232 0.041657 0.784548 0.062164 0.111400
2 2 0.000557 0.022973 0.913077 0.025146 0.038246
2 2 0.001033 0.005850 0.953136 0.035251 0.004730
2 2 0.000545 0.011957 0.944106 0.022432 0.020959
2 2 0.000163 0.022866 0.904049 0.002208 0.070715
2 2 0.000737 0.010683 0.652154 0.310263 0.026163
2 2 0.001141 0.014926 0.918595 0.050609 0.014730
2 2 0.003447 0.011521 0.854926 0.101632 0.028474
2 2 0.000172 0.006926 0.804834 0.159745 0.028324
2 2 0.000646 0.009210 0.908489 0.052275 0.029381
2 2 0.000216 0.017064 0.828952 0.008032 0.145735
2 2 0.005546 0.028041 0.913253 0.035139 0.018021
2 2 0.000120 0.002284 0.876259 0.120510 0.000828
2 2 0.000529 0.004441 0.941991 0.051309 0.001731
2 2 0.000613 0.005923 0.825279 0.162074 0.006111
2 2 0.000009 0.000816 0.957376 0.041223 0.000575
2 2 0.014971 0.013215 0.883395 0.087633 0.000785
2 1 0.003766 0.031556 0.912587 0.049070 0.003021
2 2 0.000448 0.023198 0.788560 0.178524 0.009270
2 2 0.000955 0.021647 0.954036 0.001861 0.021501
2 2 0.000098 0.004114 0.914482 0.080818 0.000488
2 2 0.046206 0.056074 0.600915 0.217059 0.079746
2 2 0.000018 0.001927 0.973610 0.023633 0.000812
2 2 0.007686 0.077067 0.673735 0.038879 0.202633
2 2 0.001629 0.011675 0.754821 0.224868 0.007008
2 2 0.000370 0.011846 0.861000 0.121444 0.005340
2 2 0.000674 0.008304 0.967088 0.023710 0.000223
2 2 0.010003 0.033385 0.574754 0.368801 0.013057
2 2 0.006698 0.013853 0.943601 0.034125 0.001723
2 2 0.008730 0.005855 0.852594 0.132574 0.000247
3 2 0.002155 0.001532 0.352405 0.643802 0.000106
3 2 0.000409 0.000843 0.176794 0.821883 0.000071
3 2 0.000566 0.001994 0.393517 0.603833 0.000091
2 2 0.004022 0.014305 0.683710 0.293912 0.004050
2 2 0.002125 0.010793 0.623947 0.362071 0.001064
2 1 0.058009 0.381128 0.397267 0.000090 0.163506
2 2 0.000633 0.013047 0.829306 0.134346 0.022668
3 2 0.000686 0.003663 0.215105 0.779091 0.001454
2 2 0.000138 0.004242 0.551201 0.443560 0.000859
2 2 0.000844 0.009613 0.962413 0.023017 0.004113
2 2 0.000294 0.001839 0.984124 0.013358 0.000385
2 2 0.000674 0.002110 0.907734 0.089326 0.000155
2 2 0.001083 0.014769 0.916693 0.052508 0.014946
2 2 0.002022 0.011677 0.795988 0.186938 0.003376
2 2 0.001041 0.006560 0.573784 0.412678 0.005938
3 2 0.000437 0.001852 0.203879 0.793352 0.000480
2 3 0.005898 0.020493 0.751570 0.211117 0.010922
3 3 0.000016 0.000498 0.338387 0.661076 0.000022
3 3 0.010226 0.013611 0.251065 0.706767 0.018331
2 3 0.001302 0.004814 0.591062 0.401662 0.001159
3 3 0.000212 0.001500 0.387994 0.609734 0.000560
2 1 0.016550 0.050206 0.928639 0.003025 0.001580
2 2 0.000541 0.009605 0.957255 0.031477 0.001122
2 2 0.057411 0.055685 0.650100 0.197263 0.039541
3 2 0.004183 0.010629 0.303644 0.666040 0.015505
3 2 0.000008 0.000227 0.398227 0.601536 0.000002
2 2 0.003929 0.016304 0.683446 0.287541 0.008780
2 2 0.000974 0.023094 0.629707 0.339162 0.007063
3 2 0.000006 0.000083 0.259665 0.740246 0.000001
2 2 0.029849 0.036157 0.627744 0.168569 0.137681
3 2 0.001470 0.007869 0.237839 0.750034 0.002788
3 2 0.000623 0.000894 0.263650 0.734752 0.000082
3 2 0.000189 0.000529 0.075029 0.924160 0.000092
3 2 0.000200 0.001769 0.154927 0.842963 0.000141
2 1 0.028318 0.009417 0.842730 0.118464 0.001071
2 2 0.000003 0.000258 0.860028 0.139709 0.000002
2 2 0.000505 0.002926 0.980504 0.015930 0.000135
2 2 0.000029 0.000722 0.778342 0.220893 0.000013
2 2 0.000014 0.001444 0.917836 0.080676 0.000030
2 2 0.000466 0.006702 0.986514 0.005870 0.000448
2 2 0.000099 0.000785 0.702290 0.296808 0.000018
2 2 0.000047 0.000770 0.679066 0.320083 0.000034
2 1 0.032596 0.033562 0.903803 0.028355 0.001684
2 2 0.022104 0.012330 0.764265 0.200325 0.000976
2 2 0.000824 0.011166 0.938018 0.048966 0.001025
2 2 0.003505 0.017988 0.944206 0.033885 0.000416
2 2 0.000490 0.002158 0.918075 0.079246 0.000030
2 2 0.010421 0.035170 0.848521 0.104912 0.000976
0 1 0.543576 0.046905 0.341514 0.042884 0.025121
2 2 0.020736 0.329844 0.620388 0.003789 0.025243
0 1 0.535760 0.324364 0.076175 0.000108 0.063593
2 1 0.014168 0.142815 0.820956 0.001596 0.020465
2 1 0.140190 0.350132 0.456638 0.001275 0.051764
2 2 0.057592 0.029160 0.813503 0.097796 0.001949
2 2 0.168837 0.362190 0.437503 0.006345 0.025125
2 2 0.005846 0.120889 0.844686 0.024848 0.003731
2 1 0.147354 0.213547 0.619713 0.000238 0.019149
2 2 0.072937 0.334526 0.552679 0.020473 0.019384
2 2 0.388522 0.157754 0.439250 0.007295 0.007180
1 1 0.342587 0.438997 0.154740 0.000744 0.062932
2 2 0.030115 0.217771 0.652753 0.020110 0.079251
0 1 0.726898 0.196448 0.041108 0.000068 0.035479
1 1 0.025451 0.484538 0.420878 0.002725 0.066408
2 1 0.041051 0.355393 0.571432 0.010278 0.021846
1 1 0.039270 0.492667 0.401733 0.002638 0.063692
2 2 0.016999 0.363790 0.580867 0.002108 0.036236
1 2 0.041911 0.463599 0.413250 0.000243 0.080998
2 2 0.000908 0.028972 0.898607 0.071014 0.000499
1 2 0.102824 0.458035 0.394011 0.009348 0.035782
2 2 0.002928 0.183562 0.778899 0.026533 0.008079
2 2 0.000595 0.055035 0.940700 0.001348 0.002322
2 2 0.000824 0.050641 0.943755 0.003150 0.001631
2 2 0.001001 0.030179 0.944984 0.023279 0.000558
2 2 0.013405 0.352228 0.586759 0.000394 0.047214
2 2 0.065886 0.424130 0.467111 0.013580 0.029293
2 2 0.056307 0.432952 0.468537 0.005850 0.036354
2 2 0.017167 0.127336 0.846205 0.003885 0.005406
2 2 0.002535 0.084506 0.907484 0.000379 0.005095
1 2 0.288923 0.482652 0.145051 0.000710 0.082663
2 2 0.083528 0.428435 0.448224 0.003198 0.036615
2 2 0.008871 0.304710 0.656869 0.002675 0.026874
2 2 0.062232 0.274189 0.639323 0.009901 0.014356
2 2 0.022946 0.317698 0.620964 0.021447 0.016946
2 2 0.001891 0.053292 0.929190 0.014458 0.001169
2 2 0.005544 0.096831 0.876083 0.018519 0.003023
1 2 0.246761 0.463585 0.201708 0.000124 0.087821
2 2 0.025483 0.338769 0.593412 0.023374 0.018962
1 1 0.249219 0.505368 0.161767 0.001064 0.082583
1 1 0.106243 0.512608 0.322207 0.008904 0.050038
2 2 0.058980 0.303715 0.598242 0.023436 0.015628
1 2 0.125096 0.513769 0.300895 0.004940 0.055300
0 0 0.793954 0.137281 0.024532 0.000002 0.044231
1 1 0.359460 0.443304 0.140869 0.002887 0.053481
2 2 0.015023 0.304690 0.649488 0.012307 0.018492
2 2 0.009331 0.153587 0.806044 0.025414 0.005624
1 2 0.020781 0.467407 0.450298 0.005136 0.056378
2 2 0.015165 0.322545 0.632146 0.007305 0.022838
2 2 0.080144 0.345707 0.524867 0.000205 0.049077
1 1 0.195934 0.509643 0.191729 0.000254 0.102440
2 2 0.008584 0.213472 0.750235 0.014725 0.012984
2 2 0.005850 0.104103 0.851984 0.032379 0.005684
2 2 0.009055 0.193804 0.765356 0.024107 0.007678
0 0 0.579503 0.301579 0.070561 0.000286 0.048072
0 0 0.478558 0.346405 0.109218 0.000094 0.065726
1 1 0.025292 0.460018 0.455581 0.003204 0.055904
2 2 0.001183 0.184039 0.784532 0.000942 0.029304
1 2 0.220630 0.480514 0.114646 0.000017 0.184192
0 0 0.982383 0.011377 0.004663 0.000003 0.001573
1 1 0.315965 0.467509 0.137864 0.000722 0.077940
2 2 0.016874 0.403496 0.534245 0.005397 0.039988
1 2 0.238265 0.489534 0.173074 0.000206 0.098921
1 1 0.391654 0.424188 0.128725 0.002066 0.053366
2 2 0.001304 0.079470 0.901509 0.015297 0.002420
2 2 0.001068 0.059533 0.935623 0.001037 0.002740
2 2 0.000443 0.031473 0.961415 0.005912 0.000757
2 2 0.001051 0.004721 0.919771 0.074402 0.000055
2 2 0.000001 0.000227 0.772099 0.227672 0.000001
2 2 0.000301 0.027055 0.778307 0.190145 0.004192
2 2 0.000865 0.039759 0.756501 0.162543 0.040331
4 2 0.001283 0.074741 0.329539 0.000907 0.593530
2 2 0.000762 0.123698 0.573139 0.001332 0.301069
4 4 0.007650 0.157711 0.283439 0.002671 0.548529
4 4 0.009275 0.247840 0.360912 0.000618 0.381355
4 4 0.000996 0.064212 0.333062 0.001311 0.600418
4 4 0.000711 0.057386 0.197947 0.000496 0.743460
4 4 0.002259 0.141792 0.362534 0.000464 0.492951
4 4 0.009746 0.139374 0.179802 0.000287 0.670792
4 4 0.020348 0.098123 0.324600 0.035167 0.521762
4 4 0.011852 0.051254 0.053940 0.000143 0.882812
4 4 0.004317 0.044178 0.104503 0.001791 0.845211
2 4 0.000552 0.089742 0.488483 0.000302 0.420920
4 4 0.002226 0.162021 0.367724 0.003921 0.464108
4 4 0.002477 0.026138 0.097653 0.000486 0.873247
4 4 0.001270 0.051505 0.278928 0.017029 0.651269
4 4 0.003675 0.138925 0.242795 0.001208 0.613397
4 4 0.003064 0.160622 0.325317 0.000759 0.510238
4 4 0.002256 0.055731 0.163259 0.000345 0.778409
4 4 0.008505 0.144710 0.248791 0.000767 0.597227
4 4 0.002193 0.103310 0.222790 0.001087 0.670620
2 4 0.001042 0.110633 0.590730 0.000675 0.296921
2 4 0.000569 0.110415 0.661325 0.002560 0.225132
4 4 0.002863 0.097796 0.258272 0.002999 0.638070
4 4 0.032972 0.098222 0.034116 0.000007 0.834683
2 4 0.002380 0.177659 0.534502 0.000204 0.285254
2 4 0.000235 0.064908 0.688566 0.004012 0.242279
4 4 0.007013 0.042618 0.028852 0.000056 0.921461
4 4 0.002826 0.058709 0.114678 0.000285 0.823502
4 4 0.019822 0.024640 0.009049 0.000084 0.946406
4 4 0.010022 0.006900 0.002875 0.000023 0.980180
4 4 0.003617 0.023416 0.025302 0.000136 0.947529
4 4 0.019950 0.031858 0.013070 0.000267 0.934854
4 4 0.001610 0.084852 0.256631 0.000444 0.656463
4 4 0.004070 0.168397 0.214203 0.004400 0.608931
4 4 0.106762 0.124191 0.034696 0.000039 0.734312
4 4 0.014764 0.137194 0.200228 0.000016 0.647799
2 4 0.000379 0.101764 0.829658 0.001788 0.066411
4 4 0.004288 0.095823 0.188744 0.000543 0.710602
4 4 0.003451 0.036347 0.094188 0.010832 0.855183
4 4 0.002325 0.023554 0.032269 0.000206 0.941646
4 4 0.028359 0.204206 0.081436 0.000050 0.685949
4 4 0.022784 0.047994 0.017178 0.000050 0.911994
4 4 0.037902 0.105024 0.053887 0.000169 0.803018
4 4 0.005350 0.069767 0.076199 0.000093 0.848592
4 4 0.011731 0.025750 0.017916 0.000094 0.944509
2 4 0.001708 0.121339 0.512269 0.001581 0.363103
4 4 0.005118 0.086749 0.117828 0.000268 0.790038
2 4 0.000167 0.052461 0.716031 0.000431 0.230909
4 4 0.008269 0.032204 0.018248 0.000043 0.941237
4 4 0.003970 0.124049 0.235909 0.000993 0.635080
2 4 0.000118 0.039953 0.840380 0.000233 0.119316
4 4 0.001854 0.046818 0.337949 0.017880 0.595499
4 4 0.008228 0.020845 0.021997 0.000392 0.948539
4 4 0.004432 0.013126 0.009605 0.000052 0.972785
4 4 0.006364 0.010230 0.020226 0.000509 0.962671
4 4 0.124449 0.017762 0.004765 0.000142 0.852882
4 4 0.022053 0.008062 0.002254 0.000009 0.967622
2 1 0.105781 0.116108 0.768708 0.002483 0.006920
2 2 0.000683 0.118563 0.830523 0.007929 0.042302
2 2 0.003854 0.129428 0.632129 0.211946 0.022643
2 2 0.001898 0.164654 0.759414 0.019285 0.054750
2 2 0.000218 0.046684 0.740823 0.007031 0.205244
3 2 0.000226 0.023140 0.360060 0.597418 0.019156
2 2 0.002553 0.100034 0.779057 0.073615 0.044741
2 2 0.000103 0.013022 0.850958 0.129622 0.006296
2 2 0.001381 0.088349 0.787158 0.044588 0.078525
2 2 0.005693 0.226423 0.617090 0.008170 0.142624
0 1 0.669967 0.148925 0.168985 0.000796 0.011327
2 2 0.002631 0.107582 0.813196 0.062722 0.013869
2 2 0.000172 0.016884 0.853791 0.126870 0.002283
2 2 0.001277 0.041857 0.774020 0.002846 0.180000
2 2 0.000004 0.000282 0.936592 0.063119 0.000003
2 2 0.000471 0.065615 0.635014 0.038683 0.260217
2 2 0.000007 0.006080 0.951169 0.039547 0.003196
2 2 0.000048 0.006118 0.883932 0.100312 0.009590
2 2 0.000021 0.004647 0.939454 0.055233 0.000644
2 2 0.000083 0.003991 0.878596 0.114453 0.002876
2 2 0.000939 0.052263 0.790010 0.038779 0.118010
2 2 0.000221 0.007754 0.951220 0.034975 0.005830
2 2 0.000029 0.004305 0.961309 0.032668 0.001689
2 2 0.000182 0.017384 0.919808 0.006618 0.056008
2 2 0.000060 0.002210 0.975595 0.021258 0.000877
2 2 0.000055 0.013974 0.952839 0.009750 0.023382
2 2 0.000454 0.013453 0.910284 0.033741 0.042068
2 2 0.001837 0.011640 0.836852 0.121237 0.028435
2 2 0.000642 0.011319 0.908402 0.042287 0.037351
2 2 0.001526 0.007362 0.812162 0.177492 0.001458
2 2 0.017160 0.046439 0.861609 0.021028 0.053764
2 2 0.000122 0.004541 0.829994 0.163414 0.001930
2 2 0.000803 0.015204 0.821512 0.138417 0.024064
3 2 0.000271 0.004343 0.185404 0.805372 0.004611
2 2 0.000897 0.014977 0.682903 0.262756 0.038466
3 2 0.000524 0.004470 0.465939 0.527754 0.001314
2 2 0.000094 0.000802 0.852005 0.146907 0.000192
3 2 0.001408 0.002241 0.337580 0.656102 0.002669
2 2 0.002046 0.046776 0.465321 0.055196 0.430661
3 2 0.000481 0.002689 0.145705 0.850327 0.000798
2 2 0.001762 0.009910 0.873376 0.103643 0.011310
3 2 0.000088 0.001626 0.414025 0.583501 0.000759
2 2 0.000970 0.005272 0.730802 0.258867 0.004089
3 2 0.000002 0.000038 0.263071 0.736887 0.000001
3 2 0.003153 0.012847 0.359477 0.608024 0.016499
3 2 0.003864 0.005239 0.194141 0.792870 0.003886
3 3 0.000564 0.007459 0.416157 0.568005 0.007814
2 3 0.000007 0.000746 0.784454 0.214648 0.000144
3 3 0.002636 0.002863 0.084302 0.907429 0.002770
3 3 0.000013 0.000128 0.163669 0.836184 0.000007
3 3 0.000040 0.000255 0.067064 0.932595 0.000046
3 3 0.000015 0.000013 0.033259 0.966711 0.000002
3 3 0.000225 0.000558 0.063144 0.935646 0.000427
3 3 0.000050 0.000408 0.031481 0.967909 0.000152
3 3 0.016399 0.011453 0.282388 0.676837 0.012922
3 3 0.007640 0.009520 0.199050 0.776154 0.007637
2 3 0.000033 0.000349 0.614288 0.385307 0.000023
3 3 0.000568 0.001715 0.278887 0.718487 0.000343
3 3 0.002687 0.009866 0.352629 0.627789 0.007029
3 3 0.002566 0.001818 0.029918 0.963760 0.001939
3 3 0.005162 0.006194 0.095328 0.890647 0.002670
3 3 0.000045 0.000249 0.084487 0.915174 0.000045
3 3 0.000957 0.001438 0.086096 0.911117 0.000393
3 3 0.000119 0.000287 0.031585 0.967903 0.000108
3 3 0.000329 0.000489 0.043890 0.954842 0.000449
3 3 0.005185 0.008171 0.115889 0.850893 0.019862
3 3 0.000283 0.002160 0.313924 0.683285 0.000348
3 3 0.000000 0.000005 0.030534 0.969460 0.000000
3 3 0.002497 0.001234 0.036127 0.959079 0.001062
3 3 0.000000 0.000002 0.033507 0.966491 0.000000
3 3 0.000609 0.001369 0.099536 0.897891 0.000594
3 3 0.016006 0.000914 0.019511 0.962070 0.001499
3 3 0.000075 0.000298 0.044120 0.955441 0.000065
3 3 0.000479 0.002214 0.157590 0.839415 0.000302
3 3 0.000538 0.001738 0.099242 0.897938 0.000544
3 3 0.000795 0.003692 0.426589 0.567941 0.000983
3 3 0.000092 0.000266 0.074745 0.924878 0.000019
3 3 0.000252 0.000879 0.127197 0.871524 0.000148
3 3 0.000191 0.001510 0.165915 0.831783 0.000600
3 3 0.000258 0.000838 0.026342 0.972299 0.000263
3 3 0.000527 0.001307 0.052873 0.944897 0.000397
3 3 0.000054 0.000242 0.042347 0.957241 0.000115
3 3 0.003056 0.007942 0.114751 0.866706 0.007544
3 3 0.000243 0.000508 0.031195 0.967936 0.000118
3 3 0.003393 0.001354 0.251442 0.743690 0.000122
3 3 0.000053 0.000234 0.019233 0.980380 0.000100
3 3 0.000016 0.000027 0.011053 0.988896 0.000009
3 3 0.001747 0.001139 0.030800 0.964840 0.001474
3 3 0.003779 0.002679 0.031278 0.959214 0.003050
3 3 0.001620 0.002377 0.059593 0.935383 0.001027
3 3 0.003608 0.001770 0.133160 0.860709 0.000753
3 3 0.000738 0.001482 0.031690 0.965076 0.001013
3 3 0.000220 0.000186 0.017314 0.982101 0.000179
3 3 0.001275 0.001613 0.015775 0.978878 0.002460
3 3 0.000090 0.000247 0.030828 0.968767 0.000068
3 3 0.000194 0.000957 0.076947 0.920920 0.000983
3 3 0.000136 0.000202 0.044406 0.955188 0.000067
3 3 0.000006 0.000042 0.028472 0.971472 0.000008
3 3 0.000003 0.000046 0.022431 0.977516 0.000004
3 3 0.018511 0.034166 0.202071 0.640906 0.104345
3 3 0.000131 0.000099 0.003775 0.995893 0.000103
3 3 0.001079 0.002568 0.094775 0.898479 0.003100
3 3 0.000039 0.000088 0.011565 0.988248 0.000060
3 3 0.012674 0.012062 0.178637 0.778769 0.017859
3 3 0.000512 0.000483 0.024379 0.974315 0.000311
3 3 0.000067 0.000084 0.016121 0.983697 0.000032
3 3 0.004305 0.004523 0.076869 0.906578 0.007725
3 3 0.000747 0.002404 0.048161 0.947871 0.000817
3 3 0.000024 0.000101 0.010458 0.989384 0.000033
2 3 0.000369 0.002649 0.604953 0.391901 0.000128
3 3 0.000911 0.003293 0.455488 0.539831 0.000477
2 3 0.009096 0.017986 0.819058 0.150819 0.003040
2 3 0.000086 0.005986 0.885563 0.108042 0.000324
2 3 0.000995 0.005630 0.666190 0.326990 0.000195
3 3 0.011632 0.013785 0.477262 0.492148 0.005174
2 3 0.000718 0.003742 0.660230 0.335188 0.000122
2 3 0.000312 0.002713 0.924923 0.071962 0.000091
2 3 0.021324 0.044484 0.480217 0.416428 0.037547
3 3 0.004583 0.010026 0.244325 0.737872 0.003193
2 2 0.002343 0.010301 0.685883 0.298093 0.003381
3 2 0.000803 0.005551 0.319241 0.674015 0.000390
2 2 0.000771 0.005056 0.664295 0.327369 0.002509
2 2 0.001199 0.004934 0.684418 0.308569 0.000880
3 2 0.000006 0.000174 0.197627 0.802191 0.000002
3 2 0.012927 0.037606 0.450509 0.487075 0.011882
2 2 0.004243 0.006328 0.503101 0.485024 0.001303
2 2 0.016941 0.016602 0.803575 0.160505 0.002377
2 2 0.002403 0.008483 0.531329 0.457267 0.000518
3 2 0.007155 0.006659 0.154792 0.829623 0.001771
3 2 0.000592 0.002424 0.357678 0.639108 0.000198
2 2 0.000031 0.000832 0.582523 0.416596 0.000018
2 2 0.010427 0.042563 0.692030 0.247976 0.007004
2 2 0.016378 0.017691 0.513074 0.441741 0.011117
2 2 0.004807 0.015307 0.749124 0.227046 0.003716
3 2 0.000480 0.001885 0.053669 0.943337 0.000629
2 2 0.003207 0.005548 0.742597 0.248260 0.000389
2 2 0.002603 0.011205 0.671537 0.311615 0.003040
2 2 0.003251 0.013886 0.563613 0.415662 0.003589
0 0 0.429653 0.337892 0.088900 0.000002 0.143554
2 1 0.007676 0.311132 0.648956 0.002310 0.029926
2 2 0.001104 0.024025 0.930248 0.024254 0.020370
2 2 0.034268 0.031387 0.909092 0.021316 0.003937
2 2 0.003690 0.032564 0.845332 0.107051 0.011364
2 2 0.003464 0.053301 0.900174 0.008271 0.034790
2 2 0.003154 0.074599 0.665323 0.168591 0.088334
2 2 0.000651 0.004779 0.989063 0.003082 0.002425
2 2 0.000853 0.024249 0.914775 0.053130 0.006992
2 2 0.002102 0.013511 0.970348 0.010732 0.003307
2 2 0.000350 0.005251 0.932176 0.060875 0.001348
2 2 0.000323 0.009823 0.937150 0.042253 0.010451
2 2 0.008836 0.044621 0.853374 0.052515 0.040654
2 2 0.000685 0.043437 0.786632 0.136697 0.032548
2 2 0.000007 0.001723 0.968588 0.029046 0.000635
2 2 0.000207 0.035937 0.925150 0.006883 0.031823
2 2 0.000083 0.012654 0.779051 0.202810 0.005401
2 2 0.000242 0.065962 0.757777 0.003046 0.172974
2 2 0.000153 0.016294 0.914537 0.019755 0.049261
2 2 0.000270 0.057741 0.829283 0.010396 0.102311
2 2 0.000747 0.079127 0.507266 0.011605 0.401256
2 2 0.000472 0.062798 0.507060 0.008118 0.421553
4 2 0.000729 0.091615 0.350477 0.007987 0.549192
2 2 0.000559 0.089886 0.670713 0.001121 0.237722
2 2 0.000277 0.060663 0.681573 0.002200 0.255287
2 2 0.000598 0.071390 0.628707 0.002509 0.296796
2 2 0.000285 0.052826 0.474948 0.002051 0.469890
2 2 0.000931 0.140918 0.612561 0.012749 0.232841
1 1 0.321833 0.443655 0.115748 0.000053 0.118711
2 2 0.000046 0.021565 0.944172 0.012870 0.021346
4 2 0.000568 0.080764 0.447019 0.003738 0.467912
2 2 0.000196 0.061161 0.837330 0.033272 0.068041
2 2 0.000198 0.060699 0.661216 0.013559 0.264328
4 2 0.000355 0.080281 0.423646 0.000089 0.495628
4 2 0.002131 0.115591 0.323944 0.009564 0.548771
2 2 0.000391 0.079125 0.604408 0.001984 0.314092
2 2 0.000161 0.075134 0.720067 0.003916 0.200722
2 2 0.000152 0.066509 0.681565 0.015269 0.236504
4 2 0.001201 0.104052 0.435039 0.000214 0.459494
4 2 0.002484 0.080666 0.218233 0.000558 0.698060
2 2 0.000319 0.045999 0.612920 0.013779 0.326983
2 2 0.000177 0.029173 0.704185 0.002223 0.264243
2 2 0.001080 0.099670 0.463544 0.000598 0.435108
2 2 0.001065 0.100316 0.609338 0.015154 0.274127
2 2 0.000027 0.028667 0.691338 0.008067 0.271901
2 2 0.000147 0.037757 0.820134 0.010149 0.131812
2 2 0.000086 0.036334 0.755784 0.070335 0.137460
2 2 0.000090 0.023519 0.825645 0.013475 0.137270
2 2 0.119233 0.108740 0.713717 0.025522 0.032789
1 1 0.283331 0.464463 0.151005 0.000118 0.101082
2 2 0.011968 0.409913 0.525854 0.003389 0.048876
2 2 0.000174 0.020357 0.909424 0.068665 0.001381
2 2 0.000125 0.034655 0.962819 0.001013 0.001387
2 2 0.001926 0.080133 0.724519 0.178817 0.014605
2 2 0.004243 0.072752 0.725072 0.178981 0.018951
2 2 0.006593 0.092795 0.878019 0.015510 0.007083
2 2 0.001926 0.052702 0.927144 0.015844 0.002384
2 2 0.000192 0.030274 0.926146 0.042871 0.000517
2 2 0.004289 0.115979 0.831208 0.004460 0.044063
2 2 0.002991 0.217942 0.738044 0.011788 0.029235
2 2 0.000562 0.030983 0.826288 0.140520 0.001647
2 2 0.000201 0.064505 0.916853 0.010743 0.007697
2 2 0.005700 0.058740 0.853041 0.073542 0.008977
2 2 0.002173 0.096199 0.858654 0.036618 0.006355
2 2 0.000431 0.029027 0.920745 0.046755 0.003042
2 2 0.001387 0.049498 0.941887 0.001714 0.005515
2 2 0.000050 0.015692 0.899230 0.083514 0.001514
2 1 0.189300 0.195116 0.601971 0.003700 0.009913
2 2 0.000377 0.026481 0.947844 0.023584 0.001714
2 2 0.000266 0.062035 0.924798 0.008811 0.004091
2 2 0.000358 0.027777 0.838060 0.130014 0.003791
2 2 0.000121 0.013863 0.946625 0.038312 0.001080
2 2 0.000395 0.010133 0.841786 0.146410 0.001276
2 2 0.008266 0.081952 0.862638 0.035574 0.011569
2 2 0.000040 0.010852 0.972668 0.016017 0.000423
2 2 0.002352 0.031886 0.954081 0.010242 0.001439
2 2 0.005078 0.029959 0.937566 0.024625 0.002772
2 2 0.000195 0.013229 0.922049 0.063797 0.000730
2 2 0.000319 0.039722 0.871732 0.086208 0.002018
2 2 0.005761 0.038803 0.921346 0.032032 0.002058
2 2 0.006319 0.031437 0.819617 0.138729 0.003899
2 2 0.002624 0.014685 0.946896 0.033840 0.001954
2 2 0.000613 0.012147 0.970131 0.015725 0.001384
2 1 0.008778 0.019894 0.968790 0.002001 0.000537
2 2 0.041304 0.117276 0.822475 0.009230 0.009715
0 1 0.657380 0.243993 0.049394 0.000060 0.049174
2 2 0.008295 0.034405 0.952886 0.000800 0.003614
2 2 0.000124 0.010370 0.988381 0.000890 0.000235
2 2 0.004050 0.180489 0.799212 0.005915 0.010335
2 2 0.002581 0.150131 0.828299 0.012185 0.006803
2 2 0.000296 0.012562 0.946716 0.040296 0.000131
2 2 0.003596 0.026278 0.957177 0.012119 0.000829
2 2 0.000511 0.033363 0.936973 0.026697 0.002457
2 2 0.003911 0.039086 0.839564 0.114119 0.003319
2 2 0.000859 0.013168 0.982761 0.002718 0.000493
2 2 0.001455 0.028863 0.954155 0.014455 0.001071
2 2 0.007166 0.013130 0.976568 0.002827 0.000308
3 2 0.000015 0.000317 0.225067 0.774592 0.000009
2 2 0.004903 0.026841 0.870023 0.096630 0.001604
2 2 0.000536 0.065110 0.912299 0.020032 0.002023
2 2 0.000311 0.023639 0.915429 0.059234 0.001387
2 2 0.000622 0.008260 0.927109 0.063724 0.000285
2 2 0.000056 0.001664 0.995359 0.002908 0.000013
2 2 0.000053 0.002106 0.917718 0.080052 0.000071
3 2 0.004663 0.014847 0.438199 0.541261 0.001031
2 2 0.001953 0.024030 0.961303 0.011732 0.000982
2 2 0.000091 0.017252 0.826476 0.154902 0.001279
2 2 0.005112 0.010328 0.862855 0.121306 0.000399
2 2 0.001772 0.020261 0.862243 0.115171 0.000553
2 2 0.005032 0.018827 0.836089 0.139437 0.000614
2 2 0.002392 0.050210 0.917159 0.026112 0.004127
2 2 0.004204 0.020629 0.796895 0.176048 0.002224
2 2 0.000355 0.005214 0.644817 0.349354 0.000260
2 2 0.006597 0.029685 0.928630 0.029874 0.005214
2 2 0.000039 0.000641 0.992130 0.007178 0.000012
2 2 0.002548 0.016496 0.760547 0.219956 0.000453
2 1 0.034441 0.253021 0.678846 0.000091 0.033601
2 2 0.000959 0.010535 0.889213 0.097868 0.001425
2 2 0.000837 0.021420 0.967652 0.006656 0.003436
2 2 0.001535 0.092257 0.709915 0.127524 0.068769
2 2 0.000014 0.000910 0.927344 0.071714 0.000019
2 2 0.004029 0.122132 0.813231 0.017520 0.043088
3 2 0.000240 0.003522 0.314402 0.681559 0.000277
2 2 0.000251 0.004169 0.991401 0.003976 0.000203
2 2 0.000060 0.002199 0.712743 0.284924 0.000073
2 2 0.001425 0.011789 0.948239 0.032205 0.006342
2 2 0.000051 0.003306 0.880356 0.115864 0.000423
2 2 0.000628 0.006870 0.705475 0.286371 0.000656
2 2 0.000339 0.010429 0.964938 0.023380 0.000914
2 2 0.000223 0.002963 0.848424 0.148158 0.000231
2 2 0.000217 0.009363 0.733299 0.253775 0.003345
2 2 0.000519 0.005720 0.806389 0.186466 0.000905
2 2 0.000074 0.007508 0.989887 0.001908 0.000622
2 2 0.000303 0.024050 0.877395 0.066751 0.031501
2 2 0.000774 0.005815 0.970847 0.019494 0.003070
2 2 0.004095 0.009112 0.983899 0.002473 0.000420
2 2 0.000074 0.006745 0.963575 0.027933 0.001673
2 2 0.000230 0.002368 0.761259 0.235681 0.000462
2 2 0.004172 0.012375 0.966831 0.011965 0.004657
2 2 0.000104 0.002296 0.973461 0.023639 0.000500
2 2 0.001113 0.016763 0.944126 0.034223 0.003775
2 2 0.000736 0.009839 0.722259 0.265303 0.001863
2 2 0.000152 0.005347 0.911090 0.080795 0.002617
2 2 0.000369 0.004105 0.983420 0.010656 0.001450
2 2 0.001699 0.011977 0.978191 0.005292 0.002841
2 2 0.000372 0.003582 0.656358 0.339328 0.000360
2 2 0.000097 0.002382 0.979264 0.018159 0.000098
2 2 0.000065 0.002285 0.987821 0.009240 0.000589
2 2 0.039843 0.292453 0.635467 0.000535 0.031701
1 2 0.093844 0.450304 0.378205 0.000091 0.077556
2 2 0.000235 0.022397 0.897954 0.078433 0.000981
2 2 0.000295 0.010836 0.856649 0.130789 0.001432
2 2 0.048333 0.075226 0.654622 0.120090 0.101730
4 2 0.000934 0.079223 0.447453 0.012371 0.460019
2 2 0.001924 0.134515 0.553952 0.038423 0.271185
2 2 0.001984 0.064373 0.851832 0.060916 0.020895
2 2 0.000323 0.072011 0.655315 0.000728 0.271622
2 2 0.000078 0.039109 0.862458 0.006525 0.091830
4 2 0.000614 0.057462 0.325205 0.000927 0.615792
4 4 0.003884 0.137318 0.338565 0.002354 0.517878
4 4 0.002069 0.103596 0.433441 0.001810 0.459083
4 4 0.002349 0.128185 0.400179 0.000670 0.468617
2 4 0.001305 0.119960 0.581933 0.002445 0.294356
4 4 0.002134 0.084046 0.252386 0.000638 0.660796
4 4 0.046413 0.145485 0.050402 0.000073 0.757627
2 4 0.000620 0.076100 0.494065 0.002370 0.426846
4 4 0.014982 0.155923 0.223353 0.000684 0.605058
4 4 0.002678 0.053577 0.118123 0.000726 0.824896
4 4 0.010019 0.038351 0.045548 0.000736 0.905346
4 2 0.001280 0.052008 0.186686 0.001864 0.758162
4 2 0.002517 0.013812 0.053706 0.007848 0.922117
4 2 0.007623 0.021736 0.026662 0.000025 0.943955
4 2 0.003586 0.008107 0.005770 0.000060 0.982477
4 2 0.023241 0.033670 0.071450 0.001377 0.870263
4 2 0.024423 0.009755 0.003107 0.000042 0.962674
4 2 0.154862 0.014485 0.007221 0.000214 0.823219
0 1 0.851841 0.093077 0.021289 0.000001 0.033793
2 1 0.000971 0.089819 0.558852 0.000175 0.350183
2 2 0.000365 0.092193 0.773367 0.008348 0.125727
2 2 0.000119 0.060205 0.727577 0.008957 0.203142
2 2 0.007403 0.107042 0.442830 0.003440 0.439285
4 4 0.003563 0.015650 0.017503 0.000512 0.962772
4 4 0.004155 0.056850 0.098538 0.000222 0.840235
4 4 0.001577 0.128470 0.407094 0.013105 0.449754
4 4 0.001787 0.149403 0.372057 0.001970 0.474784
4 4 0.004735 0.017937 0.021035 0.000346 0.955947
4 4 0.014544 0.231935 0.283588 0.000251 0.469683
2 4 0.002804 0.152235 0.643496 0.000118 0.201346
2 4 0.002218 0.186615 0.628857 0.003841 0.178468
2 4 0.001214 0.093172 0.462112 0.006659 0.436844
2 4 0.004562 0.088721 0.519055 0.005650 0.382012
4 4 0.005190 0.116744 0.226771 0.001446 0.649849
4 4 0.001589 0.043998 0.124817 0.001287 0.828309
2 4 0.000621 0.072272 0.474783 0.002519 0.449805
2 4 0.000096 0.073413 0.681060 0.002364 0.243067
4 4 0.008138 0.102282 0.353704 0.006135 0.529740
2 4 0.012576 0.263611 0.396989 0.001323 0.325501
4 1 0.026731 0.243101 0.153361 0.000089 0.576718
4 1 0.020852 0.127942 0.338781 0.000189 0.512235
2 1 0.000404 0.091437 0.774517 0.002735 0.130907
4 4 0.001747 0.097518 0.222951 0.004312 0.673473
4 4 0.005383 0.072896 0.086032 0.000174 0.835514
4 4 0.010140 0.004768 0.001401 0.000005 0.983686
4 4 0.008249 0.086280 0.158083 0.004576 0.742812
4 4 0.010602 0.110251 0.145829 0.002648 0.730669
4 4 0.003981 0.067051 0.191268 0.007425 0.730274
4 4 0.018799 0.128797 0.136393 0.001680 0.714331
4 4 0.015265 0.127591 0.155916 0.008653 0.692575
4 4 0.006578 0.009384 0.006515 0.000031 0.977492
4 4 0.006855 0.048536 0.047287 0.000157 0.897166
4 4 0.002900 0.056301 0.148522 0.002343 0.789933
4 4 0.002488 0.132506 0.416656 0.003409 0.444941
2 4 0.000836 0.094147 0.495380 0.000992 0.408645
4 4 0.003712 0.095075 0.195274 0.001704 0.704235
4 4 0.010430 0.085235 0.114906 0.001621 0.787808
2 4 0.001084 0.092775 0.506098 0.013435 0.386607
4 4 0.016718 0.055692 0.040984 0.000108 0.886498
4 4 0.001227 0.060422 0.191033 0.002659 0.744658
4 4 0.006441 0.178696 0.345900 0.000010 0.468953
4 4 0.010598 0.037890 0.048471 0.000020 0.903020
