0 0 0.701536 0.232584 0.064592 0.000078 0.001210
0 0 0.562835 0.266358 0.146884 0.002642 0.021281
2 1 0.014063 0.182777 0.756603 0.023513 0.023044
2 1 0.002120 0.045194 0.901415 0.048836 0.002435
2 2 0.025525 0.216775 0.387355 0.011858 0.358487
0 2 0.637335 0.099525 0.234674 0.016155 0.012311
2 2 0.014128 0.189915 0.783688 0.005857 0.006413
2 2 0.213341 0.193947 0.533881 0.025860 0.032970
0 2 0.421557 0.251809 0.276711 0.003098 0.046825
2 2 0.004804 0.015368 0.742223 0.237172 0.000433
2 2 0.295736 0.095158 0.523883 0.022970 0.062253
2 2 0.052237 0.144607 0.786750 0.010340 0.006064
2 2 0.034677 0.126736 0.833275 0.000422 0.004889
2 2 0.000070 0.000960 0.997837 0.001116 0.000017
2 2 0.000691 0.003002 0.994196 0.002090 0.000021
2 2 0.004603 0.027856 0.958418 0.008649 0.000474
2 2 0.023027 0.124794 0.841374 0.002786 0.008019
2 2 0.000473 0.005647 0.988341 0.005445 0.000094
2 2 0.000433 0.004089 0.978672 0.016734 0.000071
2 2 0.000211 0.004354 0.992900 0.002522 0.000013
2 2 0.000068 0.003750 0.990852 0.005290 0.000040
2 2 0.011532 0.032732 0.947235 0.007868 0.000632
2 2 0.000041 0.001268 0.984217 0.014464 0.000010
2 2 0.000060 0.001535 0.992919 0.005477 0.000007
2 2 0.001051 0.009791 0.951337 0.037549 0.000272
2 2 0.000665 0.008353 0.834621 0.154716 0.001645
2 2 0.008753 0.015365 0.833777 0.138784 0.003322
2 2 0.000032 0.000713 0.952741 0.046512 0.000002
2 3 0.000035 0.000809 0.745682 0.253465 0.000009
2 3 0.004792 0.029137 0.867454 0.098289 0.000328
2 3 0.000348 0.002094 0.723049 0.274467 0.000042
2 3 0.000251 0.003337 0.804024 0.192340 0.000049
2 3 0.000985 0.019128 0.946761 0.031309 0.001816
2 3 0.000033 0.001397 0.869390 0.128993 0.000187
2 3 0.006201 0.025278 0.842369 0.123444 0.002709
2 3 0.008425 0.035441 0.697024 0.257292 0.001819
2 3 0.000354 0.005691 0.583786 0.409673 0.000496
2 3 0.000012 0.000661 0.857355 0.141964 0.000008
2 3 0.000023 0.001159 0.541988 0.456776 0.000053
2 3 0.000008 0.000233 0.520288 0.479467 0.000005
2 3 0.002543 0.015841 0.853340 0.127536 0.000740
2 3 0.002320 0.020754 0.798786 0.177568 0.000572
3 3 0.000017 0.000657 0.417618 0.581685 0.000023
2 3 0.000246 0.003536 0.638161 0.357725 0.000333
2 3 0.000143 0.003567 0.853391 0.142848 0.000050
2 3 0.002148 0.015536 0.870121 0.111574 0.000622
2 3 0.000008 0.000466 0.631295 0.368221 0.000011
2 3 0.000022 0.001307 0.630382 0.368226 0.000063
2 3 0.003740 0.015264 0.542517 0.433750 0.004728
3 3 0.000038 0.000577 0.355365 0.643993 0.000027
3 3 0.000007 0.000215 0.165777 0.833985 0.000016
3 3 0.000176 0.002520 0.299231 0.697657 0.000416
3 3 0.000003 0.000171 0.265642 0.734176 0.000008
3 3 0.000093 0.000700 0.298959 0.700225 0.000023
3 3 0.000085 0.001319 0.264084 0.734400 0.000112
3 3 0.010655 0.019505 0.405267 0.561081 0.003492
2 3 0.000072 0.001832 0.686692 0.311088 0.000315
2 3 0.001791 0.012410 0.529909 0.455554 0.000335
2 3 0.000172 0.003463 0.586636 0.409487 0.000243
2 3 0.009397 0.046338 0.699842 0.193356 0.051067
2 2 0.002340 0.018127 0.596724 0.368471 0.014337
0 2 0.854383 0.124715 0.020568 0.000014 0.000320
0 2 0.552365 0.242287 0.110306 0.000381 0.094662
2 2 0.225173 0.205211 0.549659 0.018817 0.001140
2 2 0.042069 0.190176 0.738413 0.024380 0.004963
1 2 0.224142 0.384253 0.378035 0.001664 0.011907
2 2 0.006015 0.059171 0.930785 0.002390 0.001639
0 2 0.786070 0.157303 0.051391 0.000489 0.004747
0 2 0.471672 0.325099 0.189261 0.004516 0.009453
2 2 0.008226 0.109843 0.874533 0.006237 0.001160
2 2 0.033277 0.379062 0.572388 0.003950 0.011323
2 2 0.039632 0.130743 0.777057 0.040255 0.012312
2 2 0.057263 0.281892 0.621557 0.019921 0.019367
2 2 0.025642 0.073885 0.826235 0.065562 0.008677
2 2 0.092761 0.142743 0.741498 0.020781 0.002217
2 2 0.002810 0.048252 0.935335 0.012894 0.000710
2 2 0.014253 0.079834 0.873726 0.028969 0.003217
2 2 0.005994 0.032803 0.943763 0.016732 0.000708
2 2 0.018808 0.082146 0.890937 0.007139 0.000969
2 2 0.024979 0.024768 0.896814 0.053126 0.000314
2 2 0.000222 0.006699 0.974364 0.018674 0.000040
2 2 0.060467 0.108577 0.802333 0.027002 0.001622
2 2 0.000448 0.003264 0.987465 0.008818 0.000005
2 2 0.001550 0.015192 0.920200 0.062684 0.000374
2 2 0.028178 0.040475 0.856882 0.071438 0.003026
2 2 0.000249 0.008361 0.968884 0.022411 0.000095
2 2 0.038164 0.072267 0.858903 0.029144 0.001521
2 2 0.001550 0.018391 0.817571 0.161386 0.001102
2 2 0.000426 0.008266 0.979756 0.011482 0.000071
2 2 0.002760 0.015131 0.953641 0.028175 0.000293
2 2 0.014841 0.036163 0.591558 0.355551 0.001887
2 2 0.000462 0.002979 0.746358 0.250175 0.000026
2 2 0.011542 0.018404 0.630607 0.338275 0.001173
2 2 0.008357 0.042416 0.780925 0.167616 0.000686
2 2 0.000159 0.003015 0.770147 0.226636 0.000043
3 2 0.000012 0.000290 0.430260 0.569434 0.000005
2 2 0.000098 0.001561 0.652710 0.345599 0.000032
2 2 0.000175 0.002097 0.670457 0.327238 0.000033
2 2 0.000048 0.001079 0.874055 0.124815 0.000003
2 2 0.012689 0.033003 0.829157 0.124587 0.000564
2 2 0.000015 0.000615 0.835332 0.164036 0.000002
2 2 0.024050 0.050155 0.513886 0.410004 0.001905
0 2 0.437557 0.163055 0.261402 0.110957 0.027030
0 2 0.977723 0.012824 0.002993 0.000001 0.006460
2 2 0.201528 0.186591 0.595937 0.013079 0.002865
2 2 0.047668 0.263761 0.580976 0.001294 0.106301
2 2 0.069178 0.175926 0.642187 0.005219 0.107490
2 2 0.217854 0.210468 0.425777 0.000882 0.145019
2 2 0.164982 0.182441 0.596919 0.027528 0.028130
2 2 0.012449 0.093297 0.879582 0.002751 0.011920
2 2 0.050139 0.061889 0.883919 0.001626 0.002427
2 2 0.005042 0.021458 0.966519 0.004578 0.002403
2 2 0.009448 0.064352 0.907770 0.001179 0.017251
2 2 0.000107 0.003227 0.995204 0.001414 0.000048
2 2 0.004836 0.043107 0.940638 0.007943 0.003476
2 2 0.001572 0.016970 0.971520 0.009294 0.000645
2 2 0.006119 0.049322 0.934850 0.008343 0.001367
2 2 0.015441 0.074034 0.896496 0.003931 0.010099
2 2 0.000097 0.003224 0.986525 0.010017 0.000136
2 2 0.000680 0.009292 0.974416 0.015438 0.000174
2 2 0.004589 0.048657 0.940687 0.004137 0.001930
2 2 0.000590 0.004291 0.874912 0.118399 0.001809
2 2 0.000368 0.009487 0.986855 0.002744 0.000545
2 3 0.002599 0.021656 0.941693 0.030477 0.003574
2 3 0.011642 0.044969 0.899406 0.038277 0.005706
2 3 0.000229 0.003183 0.868971 0.127586 0.000031
2 3 0.000014 0.000968 0.976695 0.022319 0.000004
2 3 0.001526 0.012290 0.912142 0.073724 0.000318
2 3 0.000483 0.007425 0.796663 0.189438 0.005991
2 3 0.000079 0.000965 0.647442 0.351504 0.000010
2 3 0.008013 0.037611 0.889435 0.052287 0.012654
2 3 0.004841 0.018963 0.799180 0.173652 0.003364
2 3 0.002738 0.008244 0.811019 0.177241 0.000758
2 3 0.000149 0.005001 0.814918 0.179426 0.000507
2 3 0.000815 0.002397 0.636086 0.360643 0.000058
2 3 0.098898 0.071835 0.737564 0.090050 0.001653
2 3 0.001413 0.019859 0.873938 0.103690 0.001100
2 3 0.000599 0.009999 0.856566 0.131958 0.000879
2 3 0.004876 0.038941 0.863232 0.076735 0.016217
2 3 0.002971 0.015524 0.807146 0.171707 0.002651
2 3 0.000025 0.000939 0.887004 0.112009 0.000024
3 3 0.000022 0.000224 0.094921 0.904818 0.000014
2 3 0.001678 0.012898 0.784340 0.199917 0.001168
2 3 0.001911 0.023374 0.696456 0.275731 0.002528
3 3 0.001436 0.007650 0.333764 0.653966 0.003184
3 3 0.001262 0.009754 0.371582 0.614943 0.002460
3 3 0.000224 0.002598 0.361167 0.635645 0.000367
3 3 0.000112 0.001471 0.272601 0.725754 0.000062
3 3 0.001467 0.010467 0.427534 0.560097 0.000435
2 2 0.017498 0.045448 0.845956 0.088252 0.002846
0 2 0.654172 0.260578 0.081439 0.001000 0.002811
1 2 0.395459 0.420893 0.168921 0.000104 0.014623
1 1 0.335945 0.491508 0.149286 0.000067 0.023193
1 1 0.145324 0.420834 0.379475 0.006250 0.048118
2 1 0.018101 0.154289 0.818564 0.000830 0.008216
2 1 0.004716 0.112612 0.876902 0.001413 0.004357
2 2 0.166697 0.259653 0.542006 0.003135 0.028508
2 2 0.000469 0.007619 0.983387 0.008462 0.000062
0 2 0.990946 0.007516 0.001264 0.000001 0.000273
2 2 0.057080 0.370205 0.488850 0.020013 0.063852
0 2 0.948978 0.030530 0.012979 0.000476 0.007038
0 1 0.672124 0.263525 0.060739 0.000039 0.003573
2 1 0.073609 0.401544 0.507249 0.001199 0.016399
2 1 0.073896 0.167763 0.748172 0.001900 0.008270
2 1 0.026821 0.219621 0.750213 0.001292 0.002053
2 2 0.013724 0.106039 0.877776 0.001858 0.000603
1 2 0.268662 0.383609 0.324472 0.004624 0.018633
2 2 0.032860 0.152069 0.790782 0.002155 0.022134
2 2 0.011911 0.068487 0.895062 0.002300 0.022241
2 2 0.003393 0.141931 0.763842 0.000106 0.090729
2 2 0.113848 0.299813 0.398883 0.001170 0.186286
2 2 0.021549 0.102801 0.595721 0.001621 0.278307
1 4 0.320054 0.427141 0.206475 0.001711 0.044619
2 4 0.063592 0.249165 0.533453 0.005224 0.148566
4 4 0.001469 0.051298 0.415270 0.000009 0.531955
4 4 0.009885 0.053221 0.203133 0.000021 0.733741
4 4 0.003160 0.052059 0.390739 0.000009 0.554032
4 4 0.002655 0.020202 0.099679 0.000002 0.877462
4 4 0.005974 0.024577 0.262148 0.000192 0.707109
4 4 0.004510 0.057542 0.401582 0.000026 0.536340
2 4 0.000708 0.071897 0.536683 0.000108 0.390603
2 4 0.001111 0.014198 0.697960 0.000070 0.286661
4 4 0.003131 0.032041 0.142672 0.000007 0.822150
4 4 0.006096 0.052273 0.244195 0.000001 0.697434
2 4 0.001383 0.035519 0.538877 0.000096 0.424125
4 4 0.000969 0.020953 0.271532 0.000051 0.706494
4 4 0.009692 0.022999 0.085295 0.000087 0.881926
4 4 0.015054 0.012882 0.010692 0.000001 0.961370
4 4 0.002639 0.061231 0.449794 0.000025 0.486311
4 4 0.001017 0.021804 0.374533 0.000222 0.602424
2 4 0.000714 0.081605 0.474353 0.000002 0.443325
4 4 0.045230 0.013411 0.008105 0.000092 0.933162
4 4 0.066599 0.035992 0.012875 0.000002 0.884531
4 4 0.020640 0.014548 0.006560 0.000000 0.958251
4 4 0.034785 0.014428 0.112075 0.000366 0.838345
4 4 0.021547 0.044215 0.081754 0.000003 0.852480
4 4 0.003349 0.075999 0.381191 0.000018 0.539443
4 4 0.006752 0.109635 0.052102 0.000000 0.831510
4 4 0.003979 0.033729 0.318986 0.000018 0.643288
4 4 0.007452 0.059309 0.110433 0.000005 0.822801
4 4 0.003344 0.042771 0.394998 0.000078 0.558809
4 4 0.002830 0.036651 0.087615 0.000006 0.872898
4 4 0.115982 0.158247 0.343446 0.000003 0.382322
4 4 0.039928 0.236402 0.287168 0.000056 0.436447
4 4 0.003625 0.061808 0.276016 0.000001 0.658549
4 4 0.012203 0.022269 0.100568 0.000023 0.864936
4 4 0.008756 0.083320 0.372677 0.000316 0.534931
1 4 0.072618 0.384724 0.216791 0.000037 0.325831
4 4 0.002040 0.035496 0.257578 0.000014 0.704872
4 4 0.010805 0.124648 0.258779 0.000040 0.605728
4 4 0.006872 0.105498 0.184419 0.000025 0.703185
4 4 0.014154 0.039156 0.183589 0.000045 0.763056
4 4 0.016146 0.010810 0.010549 0.000150 0.962345
4 4 0.015063 0.034336 0.108272 0.000082 0.842247
4 4 0.087697 0.034983 0.028634 0.000003 0.848683
4 4 0.037421 0.014514 0.021964 0.000214 0.925888
4 4 0.004212 0.024412 0.033898 0.000007 0.937470
4 4 0.003901 0.022559 0.099905 0.000036 0.873599
4 4 0.026565 0.022960 0.132078 0.000388 0.818008
4 4 0.056074 0.013179 0.005900 0.000006 0.924842
4 4 0.019724 0.111412 0.049046 0.000005 0.819813
4 4 0.007445 0.062371 0.388410 0.000029 0.541745
4 4 0.011836 0.016288 0.137502 0.006929 0.827445
4 4 0.035126 0.005328 0.002268 0.000002 0.957275
4 4 0.026712 0.037240 0.075342 0.000206 0.860500
4 4 0.043478 0.104819 0.172171 0.000038 0.679495
4 4 0.003548 0.073760 0.394757 0.000008 0.527927
4 4 0.010083 0.071419 0.231568 0.000002 0.686928
4 4 0.185060 0.049870 0.021196 0.000017 0.743858
4 4 0.013186 0.047500 0.257681 0.001529 0.680103
1 4 0.158389 0.535527 0.137753 0.000001 0.168330
4 1 0.002161 0.050092 0.345902 0.000000 0.601845
2 1 0.001394 0.031612 0.526670 0.000002 0.440322
2 1 0.000763 0.026327 0.523341 0.000003 0.449566
4 2 0.003971 0.026504 0.307462 0.000003 0.662060
4 2 0.001411 0.033093 0.437767 0.000000 0.527729
2 2 0.000153 0.018921 0.650045 0.000007 0.330873
2 2 0.000490 0.024092 0.496555 0.000003 0.478860
4 2 0.001584 0.051614 0.443755 0.000002 0.503045
2 2 0.000206 0.013091 0.802037 0.000010 0.184656
4 2 0.002593 0.053852 0.193610 0.000002 0.749944
4 2 0.008298 0.019079 0.380313 0.000003 0.592307
2 2 0.113473 0.298499 0.573996 0.000063 0.013969
1 2 0.113067 0.729862 0.137107 0.000001 0.019962
2 2 0.061704 0.124409 0.800874 0.000016 0.012998
2 2 0.028230 0.111283 0.854854 0.000012 0.005622
2 2 0.016153 0.113948 0.860872 0.000026 0.009002
2 2 0.250565 0.128932 0.595193 0.012889 0.012421
2 2 0.356663 0.175460 0.457269 0.000026 0.010582
2 2 0.012028 0.034385 0.952254 0.000358 0.000975
0 2 0.494873 0.228021 0.272342 0.000049 0.004716
2 2 0.013584 0.039387 0.943238 0.000259 0.003532
2 2 0.151738 0.051000 0.782672 0.003981 0.010608
2 2 0.006443 0.039401 0.952575 0.000214 0.001367
2 2 0.009656 0.030452 0.956966 0.000193 0.002733
2 2 0.029447 0.070583 0.897651 0.000042 0.002277
2 2 0.103988 0.144787 0.739300 0.000052 0.011872
2 2 0.005973 0.072355 0.916876 0.000685 0.004111
2 2 0.000323 0.003265 0.963232 0.033164 0.000016
2 2 0.000108 0.002263 0.997414 0.000179 0.000037
2 2 0.011291 0.058618 0.925651 0.000222 0.004217
2 2 0.006235 0.045661 0.933716 0.006714 0.007673
2 2 0.367235 0.164136 0.464880 0.000179 0.003570
2 2 0.000312 0.009743 0.988507 0.001342 0.000097
2 2 0.000211 0.003806 0.995443 0.000525 0.000015
2 2 0.038025 0.089272 0.867382 0.002846 0.002475
2 2 0.000694 0.008022 0.990789 0.000456 0.000039
2 2 0.000000 0.000019 0.994910 0.005071 0.000000
2 2 0.021372 0.124757 0.846429 0.000406 0.007037
2 2 0.001441 0.002776 0.956705 0.039047 0.000030
2 2 0.173737 0.060653 0.755464 0.009349 0.000797
2 2 0.001435 0.024729 0.930180 0.029316 0.014341
2 2 0.000397 0.003935 0.992685 0.002950 0.000033
2 2 0.004772 0.018930 0.974721 0.000916 0.000661
2 2 0.002166 0.004241 0.720664 0.272496 0.000433
2 2 0.000016 0.000774 0.655004 0.344196 0.000010
2 2 0.055067 0.072510 0.850518 0.021232 0.000673
2 3 0.008237 0.012036 0.611123 0.368180 0.000424
2 3 0.000522 0.010180 0.895316 0.093869 0.000113
2 3 0.000086 0.001290 0.904591 0.094012 0.000021
2 3 0.002912 0.027013 0.875726 0.093629 0.000720
2 3 0.001148 0.018980 0.847225 0.131758 0.000889
2 3 0.003714 0.017988 0.731794 0.246362 0.000142
2 3 0.025187 0.044198 0.592741 0.335514 0.002360
3 3 0.000028 0.000578 0.387186 0.612191 0.000017
3 3 0.000154 0.001469 0.272610 0.725711 0.000056
3 3 0.000053 0.001054 0.321349 0.677503 0.000041
2 3 0.000713 0.008363 0.603129 0.387697 0.000098
3 3 0.000073 0.000488 0.361176 0.638260 0.000003
2 3 0.000711 0.004676 0.526590 0.467980 0.000042
2 3 0.000015 0.001014 0.735270 0.263692 0.000009
2 3 0.000382 0.003141 0.511214 0.485121 0.000142
3 3 0.000017 0.000127 0.040109 0.959729 0.000018
3 3 0.000033 0.000630 0.068883 0.929744 0.000710
3 3 0.000151 0.001410 0.070332 0.926770 0.001338
3 3 0.000072 0.000791 0.145706 0.852944 0.000487
3 3 0.000003 0.000277 0.385783 0.613932 0.000004
3 3 0.000013 0.000196 0.043876 0.955678 0.000237
2 3 0.000018 0.000935 0.657406 0.341554 0.000086
3 3 0.000044 0.000285 0.017854 0.981713 0.000105
3 3 0.000074 0.000472 0.174586 0.824657 0.000211
3 3 0.000000 0.000011 0.019289 0.980699 0.000001
2 3 0.000138 0.004108 0.577574 0.417729 0.000450
3 3 0.001487 0.016317 0.389074 0.580741 0.012380
3 3 0.001423 0.010273 0.438058 0.546746 0.003500
2 3 0.000018 0.000646 0.578928 0.419465 0.000942
3 3 0.000023 0.000347 0.326789 0.672606 0.000235
2 3 0.000401 0.006767 0.691325 0.301229 0.000279
2 3 0.000004 0.000771 0.707076 0.291715 0.000434
3 3 0.000013 0.000275 0.194672 0.804978 0.000062
3 3 0.000007 0.000130 0.019398 0.980425 0.000039
3 3 0.000000 0.000019 0.447350 0.552630 0.000001
3 3 0.000011 0.000298 0.339502 0.658887 0.001302
3 3 0.000045 0.000999 0.331289 0.667372 0.000295
3 3 0.000001 0.000125 0.116614 0.883106 0.000154
3 3 0.000004 0.000368 0.129529 0.870023 0.000076
3 3 0.000002 0.000279 0.352063 0.647507 0.000149
2 3 0.000052 0.006572 0.664086 0.296077 0.033213
3 3 0.001143 0.004432 0.185402 0.806990 0.002033
3 3 0.000008 0.000213 0.096898 0.902718 0.000163
3 3 0.000275 0.003121 0.180556 0.814448 0.001600
3 3 0.000000 0.000019 0.032537 0.967440 0.000004
2 3 0.000293 0.004915 0.447113 0.439673 0.108005
3 3 0.000142 0.001344 0.316647 0.680506 0.001362
3 3 0.000002 0.000151 0.067397 0.932420 0.000030
3 3 0.000018 0.000420 0.303168 0.696297 0.000096
3 3 0.000004 0.000148 0.064120 0.935669 0.000058
3 3 0.000023 0.001185 0.200415 0.797049 0.001329
3 3 0.000003 0.000045 0.007342 0.992583 0.000027
3 3 0.000002 0.000374 0.297668 0.701796 0.000160
2 3 0.000019 0.000729 0.663444 0.335794 0.000015
3 3 0.000019 0.000604 0.384482 0.614145 0.000751
3 3 0.031535 0.043823 0.227384 0.695110 0.002148
1 0 0.176997 0.468998 0.261992 0.002892 0.089121
2 0 0.304955 0.283149 0.330202 0.028540 0.053153
0 0 0.965912 0.022754 0.006000 0.000021 0.005313
4 0 0.337067 0.226888 0.068886 0.000019 0.367140
2 0 0.064893 0.235476 0.688947 0.000357 0.010327
2 0 0.058857 0.328013 0.587504 0.000231 0.025395
2 1 0.000569 0.037306 0.806040 0.000100 0.155985
2 1 0.000536 0.094737 0.673482 0.000006 0.231239
4 0 0.012503 0.117714 0.069337 0.000005 0.800442
1 0 0.086642 0.393254 0.139543 0.000018 0.380543
0 0 0.658681 0.131597 0.024360 0.000000 0.185362
2 1 0.002481 0.110783 0.874778 0.000008 0.011950
2 1 0.338895 0.225633 0.421585 0.000671 0.013215
2 2 0.200311 0.175717 0.616545 0.000064 0.007364
2 2 0.000854 0.026002 0.972271 0.000053 0.000819
2 2 0.008895 0.086952 0.884274 0.004482 0.015396
2 2 0.001413 0.012868 0.976889 0.008434 0.000396
2 2 0.310540 0.100479 0.572017 0.003440 0.013524
2 2 0.000510 0.026041 0.969499 0.000026 0.003925
2 2 0.012624 0.076945 0.895156 0.002913 0.012362
2 2 0.000108 0.022246 0.976864 0.000164 0.000619
2 2 0.097319 0.176315 0.709929 0.000178 0.016259
2 2 0.020247 0.022618 0.953492 0.001710 0.001932
2 2 0.001799 0.014898 0.980510 0.001376 0.001416
2 2 0.000303 0.050725 0.776007 0.000192 0.172773
2 2 0.024335 0.247000 0.662632 0.000038 0.065995
2 2 0.000197 0.013833 0.841740 0.000001 0.144229
2 2 0.000076 0.004742 0.861831 0.001184 0.132167
2 2 0.000107 0.004824 0.870308 0.000210 0.124550
2 2 0.002616 0.074902 0.763132 0.000301 0.159049
2 2 0.082958 0.044310 0.616254 0.224633 0.031846
0 2 0.638766 0.142906 0.187111 0.002852 0.028365
2 2 0.005214 0.098133 0.765613 0.000003 0.131037
2 2 0.001187 0.052244 0.925756 0.000157 0.020656
2 2 0.003322 0.062886 0.926945 0.000018 0.006829
2 2 0.001702 0.033580 0.961573 0.000019 0.003126
2 2 0.000360 0.052335 0.911161 0.000019 0.036125
2 2 0.000145 0.015311 0.935616 0.000038 0.048891
2 2 0.000009 0.004057 0.978803 0.000069 0.017063
2 2 0.000039 0.009565 0.895963 0.000001 0.094432
2 2 0.000002 0.001157 0.980823 0.000074 0.017944
2 2 0.000060 0.009150 0.910484 0.000042 0.080264
2 2 0.000229 0.040658 0.629413 0.000001 0.329699
2 2 0.000024 0.004651 0.944165 0.000006 0.051154
2 2 0.000064 0.002599 0.940844 0.000036 0.056457
2 2 0.000068 0.010653 0.863544 0.000053 0.125683
2 2 0.000014 0.003106 0.973293 0.000949 0.022638
2 2 0.000175 0.007966 0.765176 0.000010 0.226674
2 2 0.000004 0.001669 0.975753 0.000001 0.022572
2 2 0.000009 0.002388 0.974072 0.000109 0.023421
2 2 0.000022 0.003374 0.954597 0.000186 0.041821
2 2 0.000191 0.006162 0.891487 0.000356 0.101804
2 2 0.000002 0.002515 0.988717 0.000018 0.008747
2 2 0.000043 0.012748 0.890007 0.000000 0.097202
2 2 0.000016 0.003679 0.954350 0.000582 0.041374
2 2 0.000073 0.005265 0.870791 0.000025 0.123846
2 2 0.000048 0.014918 0.825766 0.000005 0.159263
2 2 0.000099 0.004356 0.954825 0.000514 0.040206
2 2 0.000005 0.002836 0.989161 0.000002 0.007995
2 2 0.000322 0.007380 0.842625 0.009976 0.139696
2 2 0.000024 0.002457 0.973191 0.001946 0.022382
2 2 0.000205 0.005958 0.940207 0.000232 0.053398
2 2 0.000200 0.014638 0.883572 0.000066 0.101524
2 2 0.000198 0.017096 0.702116 0.000005 0.280585
2 2 0.000010 0.001750 0.992648 0.000251 0.005340
2 2 0.000043 0.003052 0.985823 0.000034 0.011047
2 2 0.000205 0.002922 0.989398 0.002245 0.005229
2 2 0.000018 0.003421 0.952975 0.001514 0.042072
2 2 0.000005 0.001080 0.997096 0.000267 0.001551
2 2 0.000190 0.002318 0.959548 0.024608 0.013336
2 2 0.000052 0.002694 0.986357 0.000230 0.010668
2 2 0.000025 0.005372 0.940291 0.000245 0.054067
2 2 0.000002 0.000695 0.987169 0.000093 0.012041
2 2 0.000091 0.010508 0.908966 0.000084 0.080351
2 2 0.000000 0.000145 0.999286 0.000276 0.000293
2 2 0.000030 0.006015 0.960612 0.000268 0.033074
2 2 0.000045 0.007548 0.931904 0.000035 0.060469
2 2 0.000045 0.001979 0.970182 0.001614 0.026181
2 2 0.000088 0.012455 0.877356 0.001155 0.108946
2 2 0.000040 0.008764 0.923973 0.000003 0.067221
2 2 0.000000 0.000395 0.998596 0.000992 0.000017
2 2 0.000005 0.001115 0.989759 0.001041 0.008081
2 2 0.000013 0.001356 0.981953 0.000020 0.016659
2 2 0.000005 0.001274 0.997294 0.000188 0.001239
2 2 0.001892 0.010237 0.943584 0.003600 0.040687
2 2 0.000038 0.007805 0.975203 0.000035 0.016919
2 2 0.000002 0.004122 0.988603 0.000002 0.007271
2 2 0.000212 0.036516 0.729925 0.000001 0.233346
2 2 0.000121 0.030041 0.825757 0.000007 0.144074
2 2 0.000359 0.002711 0.989795 0.006423 0.000711
0 0 0.842797 0.121840 0.030630 0.000029 0.004704
0 1 0.568138 0.173546 0.246970 0.007461 0.003885
0 1 0.594903 0.100236 0.299723 0.000132 0.005007
2 2 0.125594 0.169910 0.703851 0.000146 0.000500
0 2 0.707510 0.250536 0.040678 0.000004 0.001271
2 2 0.007697 0.050622 0.939930 0.000024 0.001728
0 2 0.442371 0.346964 0.208972 0.000039 0.001654
2 2 0.017493 0.443256 0.452119 0.000077 0.087054
2 2 0.024917 0.174672 0.788581 0.000308 0.011521
2 2 0.002657 0.093705 0.889453 0.001753 0.012433
2 2 0.000993 0.040199 0.942001 0.000007 0.016799
4 1 0.228605 0.245373 0.207992 0.000018 0.318011
1 1 0.355855 0.424429 0.214213 0.000036 0.005467
1 1 0.170293 0.541799 0.279169 0.000077 0.008662
2 1 0.007609 0.142173 0.823733 0.000397 0.026089
2 1 0.010877 0.167566 0.811927 0.000387 0.009243
2 2 0.001704 0.083281 0.901574 0.000067 0.013373
2 2 0.000482 0.037788 0.875790 0.000093 0.085847
2 2 0.005659 0.084454 0.764816 0.000007 0.145065
2 2 0.000747 0.025127 0.838895 0.000001 0.135230
2 2 0.000244 0.020178 0.903195 0.000032 0.076351
2 2 0.000579 0.070918 0.664927 0.000000 0.263575
2 2 0.000394 0.079267 0.675861 0.000001 0.244477
4 4 0.000557 0.030217 0.429424 0.000000 0.539801
2 4 0.006885 0.031649 0.516834 0.010197 0.434434
2 4 0.000082 0.009706 0.957562 0.000116 0.032534
2 4 0.014332 0.046073 0.576936 0.001992 0.360668
2 4 0.001283 0.077705 0.663847 0.000007 0.257159
2 4 0.001347 0.095720 0.527347 0.000005 0.375580
2 4 0.000871 0.046261 0.736598 0.000037 0.216232
2 4 0.000024 0.011002 0.897755 0.000000 0.091219
2 4 0.000060 0.008582 0.923238 0.000007 0.068113
4 4 0.001804 0.056358 0.247873 0.000002 0.693964
2 4 0.000327 0.044658 0.742644 0.000000 0.212371
4 4 0.001507 0.048444 0.441993 0.000003 0.508053
4 4 0.001910 0.028955 0.406948 0.000001 0.562186
4 4 0.079153 0.052273 0.038354 0.000112 0.830108
2 4 0.000665 0.024728 0.501337 0.000006 0.473264
4 4 0.003615 0.052384 0.208145 0.000009 0.735847
4 4 0.001831 0.073867 0.107654 0.000000 0.816649
4 4 0.014463 0.007876 0.025142 0.000311 0.952209
4 4 0.020352 0.024789 0.010965 0.000006 0.943889
4 4 0.004843 0.039173 0.009603 0.000000 0.946381
2 4 0.000382 0.038660 0.774848 0.000002 0.186109
4 4 0.012614 0.086105 0.026534 0.000001 0.874748
4 4 0.000098 0.013023 0.478717 0.000000 0.508161
2 4 0.000146 0.003043 0.509425 0.000019 0.487367
4 4 0.001950 0.002581 0.037400 0.000017 0.958051
4 4 0.001017 0.027283 0.028311 0.000000 0.943389
4 4 0.005911 0.007436 0.028843 0.000104 0.957706
4 4 0.003338 0.005244 0.087290 0.003694 0.900433
4 4 0.000853 0.028738 0.119667 0.000000 0.850742
4 4 0.001096 0.009595 0.200700 0.000094 0.788514
2 4 0.000154 0.015746 0.654419 0.000000 0.329680
2 4 0.000033 0.008940 0.861846 0.000003 0.129179
4 4 0.017692 0.258619 0.166934 0.000000 0.556756
2 4 0.000326 0.041621 0.772430 0.000002 0.185621
4 4 0.000309 0.027842 0.402431 0.000000 0.569418
4 4 0.000713 0.054115 0.265816 0.000000 0.679356
2 4 0.001643 0.014470 0.836986 0.000005 0.146897
1 0 0.386817 0.466169 0.144051 0.000002 0.002961
2 4 0.002262 0.062258 0.896204 0.000021 0.039255
2 4 0.000203 0.019519 0.957988 0.000051 0.022240
2 4 0.000796 0.084197 0.772689 0.000006 0.142312
4 4 0.007270 0.108343 0.311066 0.000001 0.573320
2 4 0.000893 0.079354 0.774182 0.000009 0.145562
2 4 0.000715 0.065357 0.702642 0.000009 0.231277
2 4 0.004998 0.166841 0.454661 0.000015 0.373485
2 4 0.001307 0.090405 0.761742 0.000006 0.146540
4 4 0.022276 0.016141 0.061130 0.001243 0.899210
4 4 0.021373 0.092822 0.220877 0.000005 0.664923
2 4 0.005284 0.116560 0.649282 0.000033 0.228841
2 4 0.001051 0.069851 0.743861 0.000387 0.184851
2 4 0.003674 0.130939 0.610329 0.000065 0.254994
4 4 0.002188 0.090939 0.387279 0.000001 0.519593
2 4 0.001628 0.102581 0.583316 0.000000 0.312475
2 4 0.000745 0.048525 0.772707 0.000001 0.178021
2 4 0.000358 0.052892 0.851891 0.000003 0.094856
2 4 0.002276 0.153469 0.688280 0.000016 0.155959
2 4 0.007957 0.087370 0.513491 0.000120 0.391062
2 4 0.001626 0.072791 0.766045 0.000395 0.159144
2 4 0.001265 0.100199 0.723857 0.000006 0.174674
2 4 0.000747 0.104758 0.813002 0.000001 0.081492
2 4 0.000392 0.061055 0.886109 0.000005 0.052439
2 4 0.001019 0.040244 0.703230 0.000088 0.255419
2 1 0.001149 0.065482 0.806316 0.000277 0.126776
2 2 0.000473 0.080829 0.781503 0.000009 0.137185
2 2 0.000980 0.064319 0.708575 0.000047 0.226079
2 2 0.001348 0.135738 0.650140 0.000003 0.212772
2 2 0.006337 0.129334 0.497253 0.000082 0.366994
2 2 0.000963 0.091320 0.577488 0.000000 0.330229
2 2 0.002146 0.112405 0.452494 0.000001 0.432955
2 2 0.001037 0.055897 0.621416 0.000001 0.321649
2 2 0.001289 0.067096 0.784603 0.000027 0.146985
2 2 0.000718 0.125559 0.778148 0.000000 0.095575
2 2 0.001566 0.167857 0.701540 0.000000 0.129037
2 2 0.000591 0.056894 0.819792 0.000029 0.122694
2 2 0.000902 0.156053 0.663370 0.000000 0.179675
2 2 0.000335 0.056961 0.743876 0.000001 0.198827
2 2 0.000174 0.023582 0.916285 0.000010 0.059949
2 2 0.000529 0.048431 0.696360 0.000003 0.254677
2 2 0.000026 0.011472 0.981325 0.000009 0.007169
2 2 0.001672 0.179608 0.643732 0.000000 0.174987
2 2 0.000581 0.094218 0.745447 0.000026 0.159728
2 2 0.000151 0.016044 0.967182 0.000187 0.016436
2 2 0.003043 0.160167 0.466412 0.000002 0.370377
2 2 0.000925 0.057204 0.722720 0.000031 0.219121
2 2 0.000461 0.070765 0.724883 0.000002 0.203889
2 2 0.000315 0.041767 0.791026 0.000020 0.166872
2 2 0.000567 0.047012 0.889433 0.000084 0.062903
2 2 0.000588 0.032277 0.919251 0.000036 0.047848
2 2 0.001168 0.124645 0.655821 0.000006 0.218360
2 2 0.000196 0.018790 0.937580 0.000071 0.043363
2 2 0.001720 0.103031 0.613836 0.000002 0.281411
2 2 0.001245 0.095916 0.758115 0.000288 0.144436
2 2 0.000463 0.046089 0.884775 0.000008 0.068665
2 2 0.001000 0.109128 0.754919 0.000002 0.134951
2 2 0.002457 0.037116 0.815226 0.001000 0.144201
2 2 0.000369 0.051064 0.876359 0.000016 0.072192
2 2 0.000550 0.081698 0.838659 0.000001 0.079092
2 2 0.003181 0.101164 0.585396 0.000052 0.310207
2 2 0.000621 0.018409 0.852761 0.001703 0.126507
2 2 0.000181 0.016645 0.949631 0.001248 0.032295
2 2 0.000162 0.028306 0.943544 0.000027 0.027961
2 2 0.000610 0.048456 0.885060 0.000008 0.065866
2 2 0.000045 0.006595 0.987775 0.001091 0.004494
2 2 0.000528 0.043227 0.908553 0.000108 0.047584
2 2 0.000925 0.050064 0.855192 0.000539 0.093280
2 2 0.002676 0.094625 0.571388 0.000557 0.330754
2 2 0.000752 0.050643 0.830081 0.001347 0.117177
2 2 0.000546 0.042651 0.934535 0.002162 0.020106
2 2 0.000196 0.021024 0.934788 0.000140 0.043851
2 2 0.000129 0.011170 0.936191 0.034089 0.018421
2 2 0.000346 0.030067 0.909077 0.003530 0.056981
2 2 0.000456 0.028120 0.948173 0.001376 0.021875
2 2 0.000501 0.046885 0.888835 0.000030 0.063750
2 2 0.000148 0.012278 0.969323 0.000256 0.017995
2 2 0.000870 0.042608 0.712559 0.000287 0.243676
2 2 0.003580 0.024385 0.932005 0.038444 0.001586
2 2 0.015837 0.178196 0.657956 0.000074 0.147937
2 2 0.283174 0.318478 0.390559 0.000009 0.007780
1 0 0.117352 0.685328 0.193690 0.000241 0.003390
2 1 0.001497 0.117804 0.874723 0.000045 0.005931
2 1 0.005343 0.100201 0.892403 0.001260 0.000793
2 2 0.007674 0.139593 0.844446 0.003508 0.004779
2 2 0.045612 0.165624 0.786110 0.000002 0.002652
2 2 0.014042 0.252574 0.722537 0.009193 0.001653
2 2 0.043044 0.165648 0.788714 0.000877 0.001717
2 2 0.002266 0.023260 0.973163 0.000613 0.000697
2 2 0.009974 0.095008 0.882740 0.001974 0.010304
2 2 0.002134 0.054313 0.936500 0.003168 0.003885
2 2 0.005242 0.029385 0.964344 0.000133 0.000896
2 2 0.011624 0.058071 0.925955 0.001245 0.003104
2 2 0.013726 0.084976 0.898157 0.000473 0.002668
2 2 0.018149 0.227774 0.747751 0.002494 0.003832
2 2 0.001586 0.053775 0.942831 0.000088 0.001720
2 2 0.002844 0.056999 0.938532 0.001292 0.000333
2 2 0.000198 0.004149 0.995492 0.000131 0.000030
2 2 0.111284 0.257220 0.625102 0.000314 0.006080
2 2 0.001343 0.019510 0.977645 0.001419 0.000083
2 2 0.014887 0.132740 0.846851 0.003489 0.002033
2 2 0.003864 0.075567 0.915950 0.003603 0.001017
2 2 0.091456 0.142505 0.760639 0.004717 0.000683
2 2 0.003302 0.052618 0.942473 0.000720 0.000885
2 2 0.002427 0.147383 0.846319 0.000786 0.003086
2 2 0.025478 0.045877 0.925554 0.002947 0.000145
2 2 0.013102 0.214331 0.768140 0.000404 0.004024
2 2 0.001605 0.024834 0.972717 0.000331 0.000513
2 2 0.034577 0.122345 0.840004 0.002000 0.001074
2 2 0.017014 0.063891 0.917183 0.000233 0.001679
2 2 0.014859 0.077513 0.905736 0.000180 0.001712
2 2 0.021388 0.090298 0.886145 0.000011 0.002157
2 2 0.013460 0.055796 0.926648 0.000146 0.003950
2 2 0.040988 0.089829 0.771761 0.003814 0.093608
2 2 0.020630 0.035303 0.935126 0.005230 0.003710
2 2 0.001417 0.003881 0.994260 0.000336 0.000106
2 2 0.007077 0.017491 0.975267 0.000056 0.000111
2 2 0.077509 0.096512 0.824219 0.001016 0.000744
2 2 0.000590 0.022043 0.975512 0.001061 0.000795
2 2 0.012406 0.054402 0.909957 0.021314 0.001921
2 2 0.000361 0.006727 0.987953 0.003340 0.001618
2 2 0.002058 0.029647 0.965044 0.000253 0.002999
2 2 0.013572 0.071949 0.911387 0.000126 0.002966
2 2 0.006458 0.028272 0.962985 0.001442 0.000843
2 2 0.017904 0.068682 0.904850 0.000655 0.007910
2 2 0.000951 0.007253 0.991290 0.000033 0.000474
2 2 0.019178 0.044346 0.935083 0.000103 0.001289
2 2 0.000875 0.009889 0.988092 0.000286 0.000859
2 2 0.158393 0.204261 0.617757 0.000441 0.019148
2 2 0.004884 0.034783 0.959266 0.000210 0.000856
2 2 0.068595 0.148645 0.776164 0.003576 0.003020
2 2 0.000109 0.007482 0.991993 0.000205 0.000211
2 2 0.000661 0.006917 0.821835 0.170513 0.000074
2 2 0.001574 0.017681 0.978302 0.001142 0.001302
2 2 0.005753 0.060742 0.917590 0.007056 0.008858
2 2 0.008827 0.020298 0.963948 0.006782 0.000145
2 2 0.014046 0.058562 0.921968 0.002168 0.003256
2 2 0.001498 0.041578 0.934072 0.022240 0.000611
2 2 0.000798 0.029685 0.930050 0.000297 0.039171
2 1 0.007188 0.023458 0.708325 0.260705 0.000324
2 2 0.017082 0.091605 0.888815 0.000019 0.002480
0 0 0.978339 0.019034 0.002376 0.000000 0.000251
0 0 0.922738 0.065255 0.011781 0.000028 0.000197
4 0 0.048626 0.176921 0.344230 0.000654 0.429569
1 0 0.454528 0.469153 0.069243 0.000001 0.007075
2 0 0.005425 0.184260 0.777849 0.000005 0.032460
2 1 0.056809 0.374692 0.564407 0.000002 0.004091
2 1 0.006102 0.117985 0.864327 0.000379 0.011208
2 1 0.091949 0.313007 0.564425 0.000017 0.030602
2 1 0.004074 0.098313 0.892908 0.000000 0.004705
2 2 0.010311 0.194345 0.787767 0.000002 0.007576
2 2 0.000009 0.002302 0.996557 0.000000 0.001132
2 2 0.000075 0.009454 0.974504 0.000000 0.015966
2 2 0.000289 0.033161 0.963491 0.000004 0.003055
2 2 0.000289 0.027347 0.971131 0.000015 0.001217
2 2 0.021875 0.169724 0.802096 0.000000 0.006305
2 2 0.000177 0.006637 0.992992 0.000015 0.000179
2 2 0.015122 0.179687 0.770373 0.000016 0.034802
2 2 0.000008 0.005862 0.989332 0.000000 0.004799
2 2 0.003732 0.090269 0.863500 0.000061 0.042438
2 2 0.000130 0.010614 0.987187 0.000016 0.002053
2 2 0.001330 0.040999 0.949286 0.000004 0.008380
2 2 0.003323 0.172430 0.813995 0.000000 0.010251
2 2 0.004210 0.044067 0.949353 0.000073 0.002297
2 2 0.000636 0.019451 0.977914 0.000032 0.001966
2 0 0.081760 0.069734 0.847614 0.000512 0.000379
0 0 0.939035 0.014922 0.041973 0.003979 0.000092
2 1 0.005262 0.064934 0.920209 0.000041 0.009554
2 1 0.001105 0.038729 0.947845 0.000001 0.012320
2 2 0.026603 0.255058 0.677213 0.000002 0.041123
2 2 0.003795 0.031966 0.963100 0.000008 0.001131
2 2 0.000028 0.004092 0.985035 0.000000 0.010845
2 2 0.000233 0.014590 0.929667 0.000000 0.055510
2 2 0.000113 0.010224 0.967975 0.000028 0.021661
2 2 0.000003 0.001380 0.995099 0.000001 0.003517
2 2 0.000004 0.000983 0.993183 0.000000 0.005830
2 2 0.000053 0.006594 0.966872 0.000000 0.026481
2 2 0.000089 0.006583 0.951203 0.000000 0.042124
2 2 0.000038 0.006965 0.990726 0.000039 0.002231
2 2 0.000019 0.001241 0.990163 0.000004 0.008573
2 2 0.000045 0.006087 0.981673 0.000017 0.012178
2 2 0.000095 0.016314 0.885103 0.000001 0.098488
2 2 0.005472 0.046356 0.517267 0.000002 0.430903
1 1 0.193812 0.621744 0.155918 0.000039 0.028489
2 1 0.049234 0.080001 0.864975 0.000725 0.005066
2 2 0.002474 0.032917 0.961769 0.000278 0.002563
2 2 0.000944 0.048553 0.745378 0.000008 0.205117
2 2 0.000181 0.015236 0.663604 0.000007 0.320971
4 2 0.001527 0.026260 0.246058 0.000002 0.726154
1 2 0.123957 0.657069 0.181815 0.000009 0.037151
2 4 0.002512 0.154410 0.746062 0.001697 0.095319
4 4 0.001643 0.020530 0.245174 0.000063 0.732589
4 4 0.014646 0.049671 0.150322 0.000018 0.785343
4 4 0.008016 0.014680 0.063903 0.001540 0.911861
0 4 0.817802 0.071209 0.088015 0.000007 0.022968
0 4 0.916948 0.071477 0.011138 0.000003 0.000435
0 4 0.505958 0.428902 0.059710 0.000000 0.005430
1 4 0.300963 0.390952 0.303150 0.000053 0.004882
1 4 0.304409 0.556155 0.122798 0.000000 0.016637
0 4 0.428758 0.365164 0.190576 0.000067 0.015434
0 4 0.634149 0.263023 0.098665 0.000003 0.004160
0 4 0.431452 0.265213 0.281901 0.000006 0.021428
0 4 0.702137 0.201434 0.082133 0.000000 0.014295
1 4 0.243347 0.421482 0.268862 0.000001 0.066307
2 4 0.003523 0.031778 0.789152 0.000452 0.175095
2 4 0.001893 0.032421 0.774057 0.000014 0.191615
4 4 0.219380 0.034380 0.066501 0.000023 0.679716
0 4 0.861060 0.035420 0.015309 0.000372 0.087839
2 1 0.003984 0.133729 0.572592 0.000001 0.289694
2 1 0.000173 0.009533 0.954461 0.000001 0.035831
2 1 0.001468 0.045289 0.780822 0.000015 0.172406
2 4 0.040009 0.178617 0.699304 0.000024 0.082047
2 4 0.000317 0.039660 0.854934 0.000001 0.105088
4 4 0.013232 0.007134 0.013830 0.000562 0.965243
4 4 0.008889 0.139292 0.332482 0.000000 0.519338
2 4 0.000640 0.056927 0.672069 0.000002 0.270363
4 4 0.013939 0.206892 0.064908 0.000002 0.714259
2 4 0.003965 0.007254 0.504397 0.006505 0.477879
4 4 0.004405 0.061270 0.083034 0.000024 0.851266
4 4 0.131457 0.082516 0.030439 0.000007 0.755581
4 4 0.003069 0.027587 0.257435 0.000189 0.711720
4 4 0.020211 0.008039 0.009135 0.000045 0.962570
4 4 0.130243 0.043272 0.098859 0.002434 0.725192
4 4 0.029816 0.065353 0.136546 0.000004 0.768281
2 4 0.000124 0.017769 0.931743 0.000000 0.050364
4 4 0.015224 0.026676 0.082282 0.000069 0.875748
2 4 0.004499 0.035641 0.949119 0.006256 0.004484
2 4 0.000357 0.013787 0.816104 0.000194 0.169558
2 4 0.001470 0.033784 0.575624 0.000000 0.389122
2 4 0.001910 0.030545 0.783088 0.000020 0.184437
2 4 0.001859 0.046794 0.802595 0.001601 0.147151
2 4 0.000131 0.011085 0.946155 0.000000 0.042628
4 4 0.005234 0.022161 0.291203 0.011179 0.670223
2 4 0.003147 0.026962 0.492050 0.000091 0.477750
2 4 0.000553 0.009275 0.832997 0.002048 0.155126
4 4 0.024091 0.024972 0.171658 0.000111 0.779168
2 4 0.001569 0.027367 0.556647 0.000054 0.414363
4 4 0.020479 0.073487 0.175748 0.000001 0.730286
4 4 0.071865 0.191448 0.322978 0.000776 0.412933
4 4 0.167331 0.069938 0.084907 0.000002 0.677821
4 4 0.008382 0.144704 0.301878 0.000000 0.545036
2 4 0.000872 0.028884 0.741389 0.000081 0.228774
2 4 0.000155 0.013360 0.884119 0.000005 0.102360
4 4 0.001262 0.017232 0.413195 0.000001 0.568311
4 4 0.001257 0.069493 0.347571 0.000000 0.581678
0 1 0.916122 0.029597 0.003908 0.000000 0.050373
2 1 0.003766 0.241202 0.481046 0.000000 0.273986
2 1 0.003578 0.085877 0.585626 0.000000 0.324919
2 1 0.001098 0.102648 0.657282 0.000000 0.238971
2 1 0.007967 0.183353 0.652408 0.000110 0.156163
4 1 0.360646 0.066688 0.123924 0.003445 0.445297
4 1 0.002068 0.033189 0.335831 0.000159 0.628753
2 1 0.000856 0.109214 0.574936 0.000001 0.314994
2 1 0.001160 0.167714 0.687766 0.000000 0.143360
2 1 0.001465 0.082785 0.804658 0.000040 0.111052
2 1 0.000799 0.064627 0.787816 0.000008 0.146750
4 1 0.002381 0.090150 0.385923 0.000000 0.521546
2 1 0.000017 0.006814 0.981723 0.000017 0.011429
2 1 0.000117 0.075221 0.692802 0.000000 0.231860
4 1 0.001048 0.068563 0.452837 0.000001 0.477551
2 1 0.000048 0.015077 0.918010 0.000001 0.066864
2 1 0.000076 0.007799 0.874469 0.000000 0.117657
2 1 0.000198 0.014995 0.840418 0.000000 0.144390
2 1 0.000050 0.015703 0.954098 0.000013 0.030136
2 1 0.000760 0.037688 0.537490 0.000000 0.424062
2 1 0.000012 0.006309 0.977375 0.000001 0.016302
0 1 0.981396 0.011458 0.003751 0.000082 0.003314
2 1 0.000808 0.038496 0.758109 0.000002 0.202585
2 1 0.000267 0.028006 0.939491 0.000001 0.032235
2 1 0.000250 0.011091 0.943633 0.000209 0.044817
2 1 0.001024 0.034475 0.763282 0.000009 0.201210
2 2 0.000797 0.025299 0.873494 0.000001 0.100409
2 2 0.001228 0.042755 0.650007 0.000000 0.306009
2 2 0.000004 0.001639 0.993724 0.000006 0.004627
2 2 0.000074 0.005871 0.961788 0.000005 0.032261
4 2 0.005206 0.039526 0.370684 0.000000 0.584584
2 2 0.000124 0.004793 0.877771 0.000001 0.117312
2 2 0.000416 0.027322 0.811260 0.000000 0.161003
2 2 0.000102 0.004595 0.949214 0.001137 0.044952
2 2 0.002180 0.101107 0.540211 0.000000 0.356501
2 2 0.000066 0.005951 0.916113 0.000004 0.077866
2 2 0.000011 0.004479 0.974614 0.000011 0.020885
2 2 0.000316 0.021957 0.655239 0.000000 0.322488
2 2 0.000025 0.005664 0.975771 0.000010 0.018529
2 2 0.000082 0.004561 0.961964 0.000018 0.033375
2 2 0.000030 0.005395 0.888084 0.000007 0.106484
2 2 0.000331 0.021527 0.765636 0.000003 0.212503
2 2 0.000039 0.012532 0.959117 0.000002 0.028310
2 2 0.000026 0.008725 0.974363 0.000007 0.016879
2 2 0.000136 0.006297 0.914647 0.000285 0.078634
2 2 0.000023 0.007453 0.963078 0.000004 0.029442
2 2 0.000130 0.017940 0.812504 0.000018 0.169408
2 2 0.000075 0.005919 0.924409 0.000080 0.069517
2 2 0.000028 0.011056 0.964572 0.000046 0.024298
2 2 0.000064 0.006577 0.950635 0.001026 0.041698
2 2 0.000004 0.003458 0.990213 0.000003 0.006322
2 2 0.000012 0.002317 0.986628 0.000376 0.010667
2 2 0.000019 0.008515 0.979924 0.000069 0.011473
2 2 0.000160 0.005025 0.833265 0.000178 0.161372
2 2 0.000109 0.017700 0.944885 0.000053 0.037253
2 2 0.000111 0.002374 0.910519 0.024823 0.062173
2 2 0.000066 0.008686 0.964655 0.000621 0.025971
2 2 0.000074 0.004470 0.977813 0.007972 0.009671
0 0 0.979318 0.014615 0.002955 0.000000 0.003111
2 1 0.009193 0.092613 0.894828 0.002763 0.000603
2 2 0.000998 0.054422 0.938926 0.000788 0.004865
2 2 0.009648 0.174175 0.809554 0.000900 0.005723
2 2 0.002436 0.035464 0.961006 0.000121 0.000973
2 2 0.000407 0.023846 0.973314 0.000013 0.002420
2 2 0.005341 0.135428 0.853381 0.001245 0.004604
2 2 0.000742 0.013304 0.984176 0.001710 0.000068
1 2 0.070026 0.484647 0.417213 0.003501 0.024612
2 2 0.001802 0.078092 0.833527 0.000940 0.085639
2 2 0.003309 0.091769 0.882031 0.000095 0.022796
2 2 0.002607 0.058814 0.905107 0.004937 0.028535
2 2 0.000186 0.009440 0.983329 0.004551 0.002495
2 2 0.000626 0.022633 0.878839 0.000382 0.097519
2 2 0.086563 0.148395 0.756666 0.007623 0.000752
0 0 0.984152 0.011069 0.001816 0.000000 0.002964
0 0 0.976419 0.014791 0.004086 0.000018 0.004685
0 0 0.920566 0.068586 0.008098 0.000000 0.002750
2 0 0.156212 0.320606 0.499704 0.000026 0.023452
0 0 0.398360 0.276197 0.299390 0.000002 0.026051
0 0 0.712310 0.219551 0.060687 0.000000 0.007451
1 0 0.390514 0.413083 0.184518 0.000004 0.011881
2 0 0.001149 0.044918 0.951042 0.000001 0.002890
2 1 0.012281 0.156399 0.703738 0.000009 0.127573
2 1 0.002827 0.080593 0.832602 0.000001 0.083977
2 1 0.005394 0.107210 0.875315 0.000010 0.012070
2 1 0.004259 0.096435 0.875415 0.000004 0.023886
2 1 0.000096 0.013987 0.984152 0.000015 0.001750
2 1 0.119210 0.319530 0.542686 0.000001 0.018574
2 1 0.002814 0.090113 0.887061 0.000026 0.019987
