0 0 0.999994 0.000005 0.000000 0.000000 0.000001
0 0 0.982213 0.008405 0.002291 0.000002 0.007089
0 0 0.861331 0.109667 0.027399 0.000381 0.001221
0 0 0.988549 0.004064 0.002407 0.000120 0.004861
0 0 0.989262 0.006148 0.003266 0.000225 0.001100
0 0 0.888475 0.078702 0.027022 0.000970 0.004831
0 0 0.998145 0.000986 0.000568 0.000020 0.000281
0 0 0.976643 0.009084 0.002864 0.000006 0.011403
0 0 0.989113 0.005445 0.003259 0.000321 0.001863
0 0 0.958268 0.024104 0.012812 0.002236 0.002581
0 0 0.864738 0.083390 0.036522 0.003972 0.011377
0 0 0.984571 0.004380 0.003503 0.000895 0.006651
0 0 0.953460 0.028411 0.013960 0.001922 0.002246
0 0 0.963328 0.025737 0.007727 0.000054 0.003154
0 0 0.970572 0.017820 0.008010 0.000380 0.003218
0 0 0.791415 0.040375 0.012470 0.000039 0.155702
4 0 0.323084 0.001960 0.001068 0.000001 0.673888
0 0 0.774621 0.004137 0.001233 0.000000 0.220009
0 0 0.513819 0.035692 0.010670 0.000003 0.439816
0 0 0.586257 0.042820 0.006228 0.000000 0.364695
4 0 0.241297 0.018888 0.004340 0.000001 0.735474
0 0 0.504547 0.051945 0.008424 0.000001 0.435084
4 0 0.130052 0.001234 0.000984 0.000014 0.867715
4 0 0.298246 0.003439 0.001704 0.000001 0.696610
0 0 0.550420 0.000882 0.000517 0.000001 0.448179
4 0 0.055571 0.009645 0.007253 0.000058 0.927474
0 0 0.865206 0.017248 0.005399 0.000009 0.112138
0 0 0.762626 0.008391 0.002040 0.000000 0.226942
4 0 0.133900 0.042471 0.019997 0.000216 0.803416
4 0 0.100921 0.007344 0.008943 0.000751 0.882041
4 0 0.342254 0.052093 0.009913 0.000002 0.595737
4 0 0.145128 0.037516 0.024361 0.004540 0.788455
0 0 0.693127 0.008442 0.004191 0.000038 0.294203
4 0 0.063631 0.068976 0.017448 0.000002 0.849943
4 0 0.028067 0.001116 0.001217 0.000001 0.969598
4 0 0.180043 0.171969 0.044807 0.000006 0.603176
4 1 0.010302 0.001906 0.002483 0.000001 0.985307
4 1 0.053279 0.069204 0.024422 0.000009 0.853085
4 2 0.014723 0.016256 0.179131 0.068221 0.721669
4 2 0.018767 0.004293 0.003789 0.000002 0.973150
4 2 0.053762 0.214614 0.145414 0.000502 0.585709
2 2 0.018658 0.065355 0.650659 0.004217 0.261110
4 2 0.047692 0.148320 0.204759 0.003168 0.596061
2 2 0.000040 0.001727 0.998182 0.000040 0.000012
2 2 0.012207 0.070947 0.902376 0.001231 0.013239
2 2 0.002072 0.018248 0.923095 0.012584 0.044002
2 2 0.005481 0.048633 0.942535 0.000140 0.003211
4 2 0.174624 0.122082 0.051661 0.000517 0.651117
2 2 0.014058 0.218195 0.705576 0.001890 0.060282
2 2 0.000993 0.011205 0.982345 0.000541 0.004916
2 2 0.027803 0.133384 0.462126 0.000814 0.375873
2 2 0.044510 0.082574 0.844425 0.004195 0.024296
2 2 0.006289 0.044367 0.948507 0.000374 0.000464
2 2 0.000538 0.006368 0.992880 0.000102 0.000112
2 2 0.004413 0.012666 0.981991 0.000674 0.000257
2 2 0.001429 0.002480 0.979920 0.016156 0.000016
2 2 0.147031 0.008183 0.837001 0.007262 0.000523
2 2 0.000000 0.000101 0.998894 0.001005 0.000000
2 2 0.006962 0.173464 0.778113 0.015182 0.026280
2 2 0.000841 0.007188 0.987139 0.004614 0.000217
2 2 0.025227 0.002520 0.969274 0.002943 0.000037
2 1 0.004203 0.059811 0.931311 0.001288 0.003387
2 2 0.001193 0.057185 0.933560 0.004317 0.003746
2 2 0.000210 0.035427 0.943832 0.010612 0.009919
2 2 0.000131 0.007860 0.991626 0.000240 0.000143
2 2 0.000047 0.000434 0.999482 0.000036 0.000001
2 2 0.000004 0.000207 0.999429 0.000360 0.000001
2 2 0.011907 0.016542 0.901216 0.066824 0.003512
2 2 0.035013 0.098524 0.681717 0.004564 0.180182
2 2 0.000061 0.000376 0.988642 0.010919 0.000001
2 2 0.009097 0.042146 0.940818 0.006243 0.001697
2 2 0.000106 0.000496 0.998973 0.000418 0.000007
2 2 0.000004 0.000207 0.995649 0.004140 0.000000
2 2 0.000240 0.000809 0.972458 0.026490 0.000002
2 3 0.013861 0.013733 0.503020 0.469164 0.000223
3 3 0.000137 0.000843 0.235890 0.763073 0.000058
2 3 0.000163 0.003724 0.957617 0.038401 0.000095
2 3 0.000003 0.000164 0.952352 0.047481 0.000000
2 3 0.000079 0.000980 0.808103 0.190833 0.000006
2 3 0.000020 0.000844 0.947919 0.051211 0.000006
2 3 0.000005 0.000196 0.815607 0.184191 0.000001
3 3 0.000103 0.000574 0.499642 0.499675 0.000005
3 3 0.000179 0.000841 0.237719 0.761235 0.000027
2 3 0.000137 0.003465 0.852519 0.143831 0.000048
3 3 0.001283 0.003815 0.132470 0.861961 0.000471
3 3 0.000044 0.000510 0.450468 0.548969 0.000009
3 3 0.000099 0.001208 0.225522 0.773020 0.000151
2 3 0.110142 0.073140 0.543471 0.270371 0.002875
3 3 0.003827 0.044775 0.430955 0.458263 0.062180
2 3 0.002874 0.070481 0.726373 0.171978 0.028294
2 3 0.000159 0.004969 0.845007 0.147049 0.002816
2 3 0.000002 0.000166 0.999233 0.000598 0.000001
2 3 0.000210 0.011900 0.984073 0.003115 0.000702
2 3 0.000000 0.000090 0.987398 0.012511 0.000000
2 3 0.000020 0.000939 0.928599 0.070437 0.000005
2 3 0.000360 0.000983 0.971832 0.026796 0.000028
2 3 0.000012 0.000307 0.981299 0.018381 0.000001
2 3 0.000029 0.000643 0.906199 0.093123 0.000007
2 3 0.000200 0.004577 0.859685 0.135441 0.000097
2 3 0.001517 0.015465 0.638521 0.343274 0.001223
3 3 0.047085 0.043892 0.414453 0.491681 0.002888
3 3 0.000333 0.002050 0.175550 0.821874 0.000192
3 3 0.000760 0.003833 0.397931 0.597326 0.000150
3 3 0.000010 0.000227 0.134538 0.865179 0.000046
2 3 0.000004 0.000153 0.838432 0.161410 0.000001
3 3 0.000067 0.000501 0.082817 0.916526 0.000089
3 3 0.000106 0.000479 0.036244 0.963004 0.000168
2 3 0.000003 0.000278 0.670290 0.329422 0.000008
3 3 0.001783 0.001188 0.026314 0.970323 0.000393
2 3 0.008919 0.058843 0.860399 0.050573 0.021265
2 2 0.000028 0.001578 0.892279 0.106042 0.000073
2 2 0.001263 0.032113 0.786431 0.172889 0.007303
2 2 0.001137 0.028704 0.947154 0.014193 0.008811
2 2 0.009990 0.019669 0.966088 0.002584 0.001669
2 2 0.002451 0.063263 0.728671 0.089265 0.116351
2 2 0.000888 0.028368 0.949257 0.019635 0.001852
2 2 0.000460 0.004507 0.968154 0.026811 0.000067
2 2 0.000831 0.009385 0.985112 0.003397 0.001275
2 2 0.000313 0.026779 0.959685 0.010277 0.002946
2 2 0.000015 0.000508 0.951480 0.047996 0.000002
2 2 0.004947 0.012971 0.981474 0.000401 0.000208
2 2 0.007920 0.159118 0.806841 0.015379 0.010741
2 2 0.001158 0.018328 0.970092 0.010127 0.000295
2 2 0.003397 0.043458 0.952003 0.000245 0.000898
2 2 0.001008 0.008293 0.979203 0.010833 0.000663
2 2 0.049829 0.099488 0.839186 0.009517 0.001980
4 2 0.047537 0.154653 0.128881 0.007275 0.661654
2 2 0.033795 0.031279 0.927557 0.001755 0.005614
2 2 0.000512 0.006275 0.986673 0.005669 0.000872
2 2 0.002910 0.063298 0.928514 0.000202 0.005076
2 2 0.005355 0.037381 0.935284 0.004338 0.017642
2 2 0.000000 0.000041 0.999664 0.000294 0.000000
2 2 0.000717 0.022654 0.965388 0.010174 0.001067
2 2 0.000069 0.001216 0.984691 0.014016 0.000008
2 2 0.000194 0.005161 0.994120 0.000411 0.000115
2 2 0.000090 0.004008 0.988248 0.007540 0.000113
2 2 0.000253 0.002242 0.996858 0.000621 0.000026
2 2 0.013110 0.041104 0.877892 0.065948 0.001947
2 2 0.000795 0.005431 0.993257 0.000366 0.000150
2 2 0.000923 0.015524 0.977346 0.005168 0.001039
2 2 0.001045 0.007126 0.987578 0.004144 0.000107
2 2 0.000742 0.007295 0.990915 0.000997 0.000050
2 2 0.001927 0.050265 0.664803 0.256477 0.026528
2 2 0.000006 0.000879 0.985929 0.013181 0.000005
2 2 0.000007 0.001459 0.891300 0.107020 0.000214
2 2 0.000041 0.001554 0.977590 0.020811 0.000004
2 2 0.001380 0.011559 0.985891 0.000811 0.000358
2 2 0.000962 0.009240 0.986911 0.002517 0.000370
2 2 0.018056 0.241573 0.582584 0.034873 0.122914
2 2 0.000376 0.003371 0.976086 0.020054 0.000114
2 2 0.000013 0.000533 0.957619 0.041833 0.000002
2 2 0.000056 0.001709 0.996830 0.001384 0.000021
2 2 0.000516 0.004098 0.993411 0.001869 0.000107
2 2 0.000005 0.000298 0.967335 0.032361 0.000001
2 2 0.000063 0.003602 0.988892 0.007394 0.000048
2 2 0.000038 0.003395 0.995102 0.001433 0.000032
2 2 0.000503 0.004840 0.988181 0.005196 0.001280
2 2 0.000004 0.000233 0.955437 0.044325 0.000001
2 2 0.009598 0.036572 0.925765 0.007707 0.020358
2 2 0.000035 0.001655 0.885411 0.112730 0.000169
2 2 0.000037 0.002241 0.817400 0.180235 0.000087
2 2 0.000247 0.003588 0.944282 0.051726 0.000157
2 2 0.001518 0.005285 0.860362 0.132810 0.000025
2 2 0.000010 0.000728 0.987370 0.011891 0.000002
2 2 0.002080 0.050790 0.723602 0.212429 0.011099
2 2 0.000318 0.002458 0.826290 0.170919 0.000015
2 2 0.000019 0.000491 0.858272 0.141211 0.000007
2 3 0.000010 0.000099 0.834841 0.165050 0.000000
2 3 0.000054 0.000467 0.525162 0.474315 0.000003
3 3 0.001315 0.005415 0.257162 0.735754 0.000355
3 3 0.000006 0.000042 0.009952 0.989965 0.000036
3 3 0.000379 0.004164 0.406008 0.589076 0.000373
3 3 0.000971 0.007743 0.196034 0.791711 0.003542
3 3 0.000417 0.001162 0.018439 0.978142 0.001839
3 3 0.000110 0.001048 0.106146 0.892469 0.000227
3 3 0.000922 0.002511 0.086354 0.909745 0.000467
3 3 0.001155 0.004371 0.401199 0.593127 0.000147
3 3 0.000072 0.000811 0.299316 0.699771 0.000031
3 3 0.000026 0.000089 0.007162 0.992604 0.000120
3 3 0.000045 0.000576 0.048952 0.950012 0.000415
3 3 0.001393 0.003683 0.219558 0.775189 0.000177
3 3 0.000154 0.002128 0.261184 0.736177 0.000358
2 3 0.001664 0.037800 0.484180 0.447237 0.029120
3 3 0.000052 0.000242 0.014372 0.985078 0.000257
3 3 0.002811 0.008202 0.051360 0.924096 0.013532
3 3 0.000240 0.000907 0.083315 0.915419 0.000119
2 3 0.000131 0.003528 0.671922 0.324286 0.000133
2 3 0.000723 0.004180 0.745825 0.249236 0.000036
3 3 0.000021 0.000179 0.041093 0.958670 0.000037
3 3 0.000042 0.000313 0.032565 0.966908 0.000173
3 3 0.000155 0.000472 0.013380 0.985293 0.000699
3 3 0.000024 0.000128 0.019744 0.980048 0.000056
3 3 0.000695 0.000531 0.015247 0.983256 0.000271
3 3 0.000236 0.001212 0.031433 0.965758 0.001361
3 3 0.000014 0.000328 0.074808 0.924680 0.000171
3 3 0.000499 0.002593 0.056485 0.938255 0.002169
3 3 0.000306 0.001258 0.038450 0.959131 0.000854
3 3 0.000072 0.000097 0.012575 0.987227 0.000029
3 3 0.000707 0.001212 0.021292 0.975677 0.001112
3 3 0.001429 0.003528 0.026900 0.962026 0.006117
3 3 0.000165 0.000821 0.025712 0.972469 0.000833
3 3 0.000004 0.000026 0.058881 0.941088 0.000001
3 3 0.000007 0.000110 0.130861 0.869014 0.000008
3 3 0.000010 0.000040 0.005588 0.994311 0.000051
3 3 0.002073 0.005819 0.091701 0.897470 0.002937
3 3 0.000067 0.000150 0.006282 0.993219 0.000282
3 3 0.000255 0.000488 0.009261 0.988620 0.001376
3 3 0.000156 0.000721 0.027803 0.970652 0.000668
3 3 0.000003 0.000044 0.041534 0.958410 0.000009
3 3 0.000000 0.000003 0.003009 0.996986 0.000002
3 3 0.000028 0.000223 0.021591 0.977967 0.000191
3 3 0.000090 0.000579 0.089249 0.909999 0.000084
3 3 0.000008 0.000110 0.128938 0.870937 0.000008
3 3 0.000013 0.000045 0.012902 0.987027 0.000013
3 3 0.000038 0.000118 0.015213 0.984580 0.000051
3 3 0.000544 0.001395 0.018611 0.977098 0.002352
3 3 0.000002 0.000009 0.006040 0.993945 0.000004
3 3 0.001556 0.002495 0.231538 0.764360 0.000051
3 3 0.000177 0.002840 0.309307 0.687271 0.000406
3 3 0.000106 0.000643 0.094012 0.905125 0.000114
3 3 0.000687 0.001577 0.047985 0.949228 0.000523
3 3 0.000175 0.000647 0.123704 0.875437 0.000038
3 3 0.000279 0.001070 0.048226 0.950053 0.000372
3 3 0.000212 0.001022 0.027637 0.970071 0.001059
3 3 0.000007 0.000034 0.006263 0.993660 0.000036
3 3 0.000869 0.002227 0.052842 0.943192 0.000869
3 3 0.000012 0.000060 0.025675 0.974242 0.000010
3 3 0.000055 0.001037 0.144884 0.853681 0.000343
3 3 0.000011 0.000039 0.010738 0.989197 0.000014
3 3 0.000008 0.000132 0.337975 0.661884 0.000002
3 3 0.000785 0.003429 0.076216 0.918187 0.001383
3 3 0.001691 0.003993 0.090117 0.903317 0.000882
3 3 0.000345 0.002952 0.069744 0.924994 0.001966
3 3 0.000133 0.000496 0.016273 0.982471 0.000628
3 3 0.000359 0.000873 0.014532 0.982522 0.001714
3 3 0.002644 0.004881 0.075971 0.915067 0.001437
3 3 0.000009 0.000070 0.044527 0.955388 0.000006
3 3 0.000110 0.002151 0.461660 0.535915 0.000164
3 3 0.005861 0.001759 0.017589 0.973883 0.000908
3 3 0.000793 0.014353 0.235802 0.738719 0.010333
3 3 0.000170 0.000836 0.040384 0.958219 0.000391
3 3 0.000065 0.001895 0.326071 0.671752 0.000217
3 3 0.000899 0.000758 0.019123 0.978230 0.000990
3 3 0.000337 0.000472 0.035892 0.963223 0.000076
3 3 0.000110 0.000526 0.020573 0.978194 0.000596
3 3 0.002180 0.005447 0.066047 0.923589 0.002738
3 3 0.002579 0.018568 0.271892 0.698783 0.008178
3 3 0.000054 0.001035 0.138367 0.860217 0.000327
3 3 0.000105 0.001119 0.134250 0.864328 0.000198
3 3 0.000117 0.000246 0.010932 0.988184 0.000521
3 3 0.000142 0.000404 0.033906 0.965446 0.000102
3 3 0.000032 0.000714 0.149204 0.849936 0.000115
3 3 0.051622 0.032468 0.248599 0.665446 0.001865
2 3 0.001157 0.010957 0.791721 0.195941 0.000223
2 3 0.031128 0.154184 0.797337 0.015345 0.002006
2 3 0.013144 0.084875 0.881490 0.019597 0.000894
2 2 0.181203 0.382787 0.422000 0.004298 0.009713
0 2 0.999509 0.000431 0.000043 0.000000 0.000016
4 2 0.332858 0.195414 0.097472 0.021353 0.352903
0 1 0.919285 0.054929 0.013513 0.000037 0.012235
0 0 0.636705 0.260480 0.067494 0.000833 0.034488
0 0 0.463304 0.268213 0.088669 0.000286 0.179528
0 1 0.496896 0.357286 0.060287 0.000027 0.085505
0 0 0.691137 0.171195 0.127438 0.003115 0.007115
1 0 0.170549 0.520293 0.234309 0.002930 0.071920
0 1 0.478920 0.064462 0.034090 0.001547 0.420981
1 1 0.129550 0.518698 0.239220 0.002445 0.110086
2 2 0.001901 0.049853 0.927508 0.017102 0.003636
2 2 0.000022 0.000731 0.995277 0.003960 0.000010
2 2 0.000508 0.054956 0.843061 0.050918 0.050557
2 2 0.000007 0.000840 0.711851 0.287187 0.000116
2 2 0.000097 0.009666 0.822625 0.162750 0.004863
2 2 0.000235 0.005657 0.925731 0.067306 0.001071
2 2 0.000593 0.016398 0.970231 0.004324 0.008454
2 2 0.028115 0.272007 0.646030 0.030155 0.023694
2 2 0.001075 0.058917 0.926761 0.000029 0.013218
2 2 0.000042 0.002078 0.973286 0.024560 0.000034
2 2 0.002796 0.013924 0.940626 0.003454 0.039199
2 2 0.004178 0.021758 0.924552 0.039521 0.009990
2 2 0.000595 0.020796 0.977403 0.000052 0.001154
2 2 0.000000 0.000056 0.985526 0.014418 0.000000
2 2 0.003446 0.018780 0.950312 0.008129 0.019334
2 2 0.004864 0.023527 0.965724 0.002320 0.003564
2 2 0.001264 0.028828 0.866414 0.067995 0.035499
2 2 0.001667 0.031772 0.846665 0.012719 0.107177
2 2 0.000121 0.010477 0.986533 0.002072 0.000798
2 2 0.000149 0.002758 0.994123 0.002778 0.000192
2 2 0.000301 0.009850 0.951956 0.037629 0.000265
2 2 0.000163 0.009182 0.988271 0.001838 0.000545
2 2 0.000189 0.006033 0.989884 0.001039 0.002855
2 2 0.010548 0.025234 0.663723 0.003049 0.297446
2 2 0.000021 0.002526 0.936252 0.061119 0.000083
2 2 0.000598 0.007982 0.991107 0.000058 0.000255
4 2 0.011827 0.039154 0.326302 0.000773 0.621944
2 2 0.039078 0.035849 0.554614 0.021151 0.349309
4 4 0.013649 0.014931 0.387317 0.047553 0.536551
4 4 0.017133 0.018770 0.080727 0.000039 0.883331
2 4 0.002486 0.034383 0.689258 0.002918 0.270955
2 4 0.007516 0.014378 0.736125 0.081242 0.160740
2 4 0.000670 0.011805 0.887386 0.007396 0.092744
2 2 0.000313 0.008838 0.983305 0.000094 0.007450
4 2 0.056631 0.025453 0.077461 0.001114 0.839341
4 4 0.161302 0.010265 0.009732 0.000019 0.818683
4 4 0.022183 0.017835 0.207349 0.002690 0.749943
4 4 0.035389 0.084061 0.351991 0.003400 0.525159
4 4 0.038504 0.022016 0.052173 0.000188 0.887120
2 4 0.001620 0.055742 0.796755 0.009840 0.136044
2 4 0.000208 0.012532 0.882065 0.000727 0.104467
4 4 0.015653 0.011743 0.116936 0.000206 0.855462
2 4 0.000411 0.005449 0.880163 0.005006 0.108970
4 4 0.005400 0.019446 0.357053 0.002670 0.615432
2 2 0.000193 0.004242 0.991126 0.000417 0.004021
2 2 0.013779 0.041889 0.925819 0.000238 0.018275
2 2 0.002046 0.015249 0.848653 0.004053 0.130000
2 2 0.000226 0.004164 0.994225 0.000114 0.001270
2 2 0.000124 0.002508 0.993059 0.004141 0.000168
2 2 0.000580 0.001601 0.996217 0.000318 0.001284
2 2 0.000284 0.002409 0.993412 0.001119 0.002775
2 2 0.000416 0.001459 0.997620 0.000157 0.000348
2 2 0.000060 0.001823 0.982892 0.005713 0.009513
2 2 0.009064 0.016943 0.834514 0.000722 0.138757
2 2 0.012317 0.005848 0.978202 0.000063 0.003569
2 2 0.000141 0.006876 0.989756 0.001603 0.001624
2 2 0.005343 0.024335 0.969071 0.000510 0.000741
2 2 0.004940 0.004235 0.984624 0.002816 0.003384
2 2 0.000664 0.006289 0.958495 0.003216 0.031337
2 2 0.005118 0.003512 0.987926 0.000365 0.003078
2 1 0.006637 0.144355 0.757878 0.069160 0.021971
1 2 0.129150 0.408344 0.391560 0.007770 0.063176
2 2 0.001606 0.000811 0.996711 0.000851 0.000021
2 2 0.007765 0.008776 0.981432 0.001610 0.000418
2 2 0.004170 0.060859 0.933471 0.000123 0.001377
2 2 0.001414 0.005064 0.991845 0.001263 0.000413
2 2 0.000343 0.002224 0.996911 0.000381 0.000141
2 2 0.025127 0.059849 0.909657 0.000099 0.005269
2 2 0.002699 0.004258 0.991240 0.001276 0.000527
2 2 0.000002 0.000034 0.987500 0.012464 0.000000
2 2 0.023027 0.041901 0.934083 0.000142 0.000848
2 2 0.000230 0.004087 0.860857 0.134389 0.000437
2 2 0.000007 0.000140 0.997845 0.002009 0.000000
2 2 0.003113 0.014138 0.970875 0.010694 0.001181
2 2 0.000269 0.002608 0.996176 0.000595 0.000352
2 2 0.001472 0.004245 0.994158 0.000043 0.000082
2 2 0.000118 0.007299 0.986914 0.005590 0.000080
2 2 0.183252 0.010415 0.803515 0.000957 0.001861
1 1 0.275238 0.505580 0.162803 0.000083 0.056296
2 1 0.185958 0.100920 0.671720 0.007364 0.034038
2 2 0.000398 0.012013 0.985385 0.001612 0.000593
2 2 0.086413 0.216382 0.682691 0.003835 0.010679
2 2 0.014907 0.048895 0.925243 0.009043 0.001912
2 2 0.000304 0.000705 0.931635 0.067346 0.000010
2 2 0.001185 0.010736 0.961699 0.010952 0.015427
2 2 0.000061 0.003422 0.981238 0.015257 0.000022
2 2 0.013971 0.041702 0.940048 0.000175 0.004103
2 2 0.000100 0.001364 0.998426 0.000101 0.000009
2 2 0.007735 0.114466 0.847151 0.021845 0.008803
2 2 0.000191 0.002091 0.994598 0.003100 0.000020
2 2 0.000572 0.005456 0.992493 0.001312 0.000166
2 2 0.000028 0.001781 0.981619 0.016562 0.000011
2 2 0.000000 0.000146 0.998639 0.001213 0.000000
2 2 0.000166 0.002857 0.995462 0.000936 0.000579
2 2 0.000021 0.001729 0.994358 0.003663 0.000230
2 2 0.000608 0.004433 0.987461 0.000768 0.006730
2 2 0.003617 0.006347 0.989051 0.000530 0.000455
2 2 0.000470 0.021198 0.890822 0.085159 0.002351
2 2 0.000047 0.002009 0.995709 0.002165 0.000069
2 2 0.000094 0.002535 0.996007 0.001019 0.000346
2 2 0.000016 0.000533 0.999096 0.000340 0.000015
2 2 0.000021 0.001396 0.986631 0.011928 0.000024
2 2 0.009786 0.011103 0.970835 0.000491 0.007785
2 2 0.000021 0.000357 0.976855 0.022766 0.000002
2 2 0.000135 0.000221 0.991419 0.008202 0.000023
2 2 0.000037 0.000837 0.822942 0.176089 0.000095
2 2 0.000144 0.001480 0.997998 0.000288 0.000091
2 2 0.000027 0.000112 0.998070 0.001791 0.000000
2 2 0.000001 0.000057 0.727313 0.272630 0.000000
2 2 0.000005 0.000515 0.787585 0.211874 0.000020
2 2 0.000027 0.000413 0.996313 0.003244 0.000002
2 2 0.000004 0.000221 0.628555 0.371216 0.000005
2 2 0.000150 0.005241 0.981639 0.010770 0.002199
2 2 0.000002 0.000188 0.976422 0.023382 0.000006
2 2 0.000086 0.001410 0.926025 0.072071 0.000408
2 2 0.000122 0.002006 0.991918 0.005919 0.000034
2 2 0.000352 0.003689 0.973504 0.022133 0.000321
2 2 0.000011 0.000353 0.790136 0.209496 0.000003
2 2 0.000018 0.001002 0.525339 0.473545 0.000096
2 2 0.000084 0.002592 0.825857 0.171306 0.000160
2 2 0.000005 0.000509 0.931446 0.068032 0.000008
2 2 0.000035 0.003491 0.955044 0.040640 0.000791
2 2 0.000119 0.001913 0.720420 0.277519 0.000029
2 2 0.000003 0.001247 0.949186 0.049508 0.000055
2 2 0.000001 0.000072 0.871999 0.127927 0.000000
2 2 0.000030 0.001029 0.617911 0.380981 0.000049
2 2 0.000000 0.000019 0.993562 0.006420 0.000000
2 2 0.000018 0.001151 0.929071 0.069740 0.000021
2 2 0.003159 0.010291 0.913856 0.070537 0.002157
2 3 0.000079 0.001094 0.502565 0.496241 0.000022
2 3 0.000008 0.000366 0.607769 0.391847 0.000010
2 3 0.000006 0.000455 0.946461 0.053075 0.000003
2 3 0.000085 0.003778 0.956671 0.039433 0.000034
2 3 0.000023 0.000914 0.966523 0.032535 0.000006
2 3 0.000009 0.001172 0.959630 0.039175 0.000014
3 3 0.000180 0.002131 0.291331 0.706100 0.000258
2 3 0.000052 0.001541 0.849420 0.148968 0.000019
2 3 0.000003 0.000182 0.542305 0.457506 0.000004
2 3 0.000064 0.001410 0.863677 0.134842 0.000007
2 3 0.000001 0.000081 0.566827 0.433090 0.000002
3 3 0.000144 0.002719 0.145347 0.850235 0.001555
2 3 0.000041 0.002478 0.991580 0.005781 0.000120
3 3 0.000004 0.000252 0.228669 0.771030 0.000045
2 3 0.000192 0.002266 0.514161 0.483142 0.000239
2 3 0.000166 0.001444 0.867715 0.130653 0.000022
2 3 0.000109 0.001255 0.950662 0.047971 0.000002
2 3 0.003220 0.112730 0.803933 0.053858 0.026259
2 3 0.001863 0.013103 0.984752 0.000250 0.000033
2 2 0.000950 0.020545 0.974507 0.002707 0.001291
2 2 0.000001 0.000100 0.976778 0.023121 0.000000
2 2 0.000784 0.011625 0.986827 0.000359 0.000405
2 2 0.013424 0.066135 0.827774 0.091067 0.001601
0 1 0.501157 0.316460 0.057150 0.000077 0.125156
2 2 0.151809 0.212415 0.496420 0.001599 0.137757
2 2 0.020859 0.107894 0.857512 0.002624 0.011111
2 2 0.029301 0.016721 0.947833 0.000355 0.005790
4 2 0.008464 0.068402 0.327466 0.001323 0.594345
2 2 0.000050 0.002078 0.948261 0.049587 0.000023
2 2 0.000552 0.031088 0.957861 0.007221 0.003278
2 2 0.001376 0.010617 0.986944 0.000458 0.000604
2 2 0.000003 0.000322 0.993187 0.006488 0.000000
2 2 0.024105 0.228844 0.700935 0.031283 0.014834
2 2 0.280194 0.019945 0.586204 0.002012 0.111646
2 2 0.001445 0.003987 0.993845 0.000697 0.000026
2 2 0.007076 0.053579 0.626630 0.294717 0.017999
2 2 0.000058 0.000395 0.998970 0.000573 0.000005
2 2 0.000005 0.000957 0.993103 0.005930 0.000005
2 2 0.000415 0.009935 0.988846 0.000584 0.000220
2 2 0.000663 0.009924 0.974999 0.014170 0.000245
2 2 0.000004 0.000677 0.993221 0.006095 0.000003
2 2 0.000030 0.000679 0.902125 0.097147 0.000019
2 2 0.003928 0.007177 0.981255 0.003151 0.004489
2 2 0.000119 0.002144 0.996192 0.001509 0.000036
2 2 0.000052 0.001811 0.996950 0.001108 0.000078
2 2 0.000206 0.006774 0.991985 0.000303 0.000733
2 2 0.000285 0.006053 0.993460 0.000116 0.000086
2 2 0.000334 0.014167 0.949932 0.034563 0.001005
2 2 0.001762 0.034943 0.902139 0.000407 0.060749
2 2 0.000135 0.003856 0.995718 0.000131 0.000161
2 2 0.000197 0.002497 0.926131 0.071140 0.000035
2 2 0.001962 0.032061 0.964320 0.000071 0.001586
2 2 0.000470 0.002198 0.994247 0.002392 0.000693
2 2 0.000033 0.002210 0.896274 0.101333 0.000150
2 2 0.000009 0.000348 0.998595 0.001029 0.000019
2 2 0.000190 0.001931 0.996335 0.001509 0.000035
2 2 0.000005 0.000368 0.926396 0.073223 0.000008
2 2 0.006294 0.007328 0.978084 0.007768 0.000526
2 2 0.000004 0.000369 0.998513 0.001113 0.000001
2 2 0.001452 0.002693 0.995428 0.000286 0.000142
2 2 0.000878 0.001662 0.995899 0.001487 0.000074
2 2 0.000287 0.000676 0.997220 0.001792 0.000025
2 2 0.000761 0.012682 0.960395 0.026049 0.000113
2 2 0.003253 0.006866 0.982277 0.007372 0.000232
2 2 0.000009 0.000401 0.999553 0.000036 0.000001
2 2 0.000000 0.000073 0.981493 0.018434 0.000000
2 2 0.000037 0.001088 0.987062 0.011796 0.000018
2 2 0.000024 0.001312 0.916776 0.080661 0.001226
2 2 0.000890 0.007355 0.984615 0.001988 0.005151
2 2 0.000100 0.001877 0.984425 0.013532 0.000066
2 2 0.000007 0.000313 0.947471 0.052204 0.000004
2 2 0.000248 0.001897 0.961633 0.036179 0.000043
2 2 0.028992 0.022628 0.918103 0.027507 0.002771
2 2 0.000040 0.001647 0.997074 0.000789 0.000449
2 2 0.000169 0.008112 0.934578 0.054703 0.002437
2 2 0.000208 0.002299 0.992625 0.004358 0.000510
2 2 0.000594 0.009449 0.989687 0.000210 0.000059
2 2 0.000065 0.001377 0.928203 0.070339 0.000016
2 2 0.000148 0.003254 0.995475 0.001054 0.000068
2 2 0.024326 0.021524 0.866579 0.049606 0.037965
2 2 0.000280 0.009688 0.964063 0.025448 0.000521
2 2 0.000027 0.003772 0.971511 0.024565 0.000125
2 2 0.000277 0.005671 0.601846 0.391727 0.000479
2 2 0.000005 0.000818 0.999010 0.000163 0.000005
2 2 0.023826 0.040401 0.906548 0.018200 0.011025
2 1 0.025706 0.092629 0.869305 0.011176 0.001184
2 2 0.048128 0.122548 0.766860 0.023123 0.039341
2 2 0.001456 0.017857 0.953660 0.026753 0.000273
2 2 0.001073 0.008931 0.983508 0.005633 0.000854
2 2 0.082826 0.170013 0.725833 0.013395 0.007933
2 2 0.026984 0.048383 0.916664 0.005386 0.002584
2 2 0.000166 0.005469 0.990979 0.003370 0.000016
2 2 0.001239 0.002448 0.991626 0.004652 0.000035
2 2 0.000227 0.000798 0.998846 0.000113 0.000017
2 2 0.003850 0.110261 0.625337 0.003476 0.257076
2 2 0.005033 0.043387 0.943950 0.005838 0.001791
1 2 0.205546 0.511195 0.169926 0.000246 0.113087
2 2 0.000517 0.012215 0.982427 0.001786 0.003055
2 2 0.059228 0.312956 0.506479 0.079931 0.041406
2 2 0.000157 0.005990 0.993185 0.000480 0.000189
2 2 0.001856 0.017784 0.958340 0.020845 0.001175
2 2 0.000275 0.003709 0.990437 0.005209 0.000370
2 2 0.000891 0.002171 0.996782 0.000152 0.000004
2 2 0.003605 0.061351 0.928227 0.002369 0.004448
2 2 0.000471 0.004765 0.993644 0.000196 0.000924
2 2 0.000000 0.000036 0.972943 0.027020 0.000000
2 2 0.000025 0.000668 0.990504 0.008802 0.000001
2 2 0.016404 0.007881 0.973339 0.001597 0.000778
2 2 0.042515 0.030678 0.912861 0.001749 0.012196
2 2 0.110798 0.047036 0.837367 0.002519 0.002280
2 2 0.008868 0.085194 0.830853 0.022049 0.053037
2 2 0.005073 0.056784 0.910995 0.010310 0.016838
2 2 0.005080 0.036878 0.935987 0.017564 0.004491
2 2 0.011244 0.049613 0.937517 0.001301 0.000325
4 1 0.375240 0.204058 0.034445 0.000016 0.386241
4 1 0.134184 0.285683 0.054001 0.000100 0.526032
2 2 0.004684 0.117709 0.835731 0.013697 0.028179
2 2 0.000417 0.003977 0.993483 0.001893 0.000231
2 2 0.024671 0.015976 0.939015 0.020079 0.000259
2 2 0.129953 0.175222 0.690870 0.001160 0.002796
2 2 0.002519 0.018335 0.971557 0.004081 0.003508
2 2 0.000553 0.006514 0.979029 0.010936 0.002968
2 2 0.000000 0.000050 0.999779 0.000171 0.000000
2 2 0.000950 0.020686 0.975640 0.000492 0.002233
2 2 0.005084 0.040472 0.953882 0.000028 0.000534
2 2 0.000049 0.000796 0.745380 0.253766 0.000009
2 2 0.000172 0.003388 0.993583 0.002373 0.000484
2 2 0.000010 0.000959 0.998752 0.000274 0.000005
2 2 0.000941 0.003461 0.993692 0.001734 0.000172
2 2 0.000028 0.001208 0.983719 0.014900 0.000145
2 2 0.000562 0.014910 0.982815 0.000333 0.001380
2 2 0.003872 0.072857 0.908819 0.009355 0.005097
2 2 0.000000 0.000126 0.998223 0.001651 0.000000
2 2 0.000008 0.000379 0.999310 0.000303 0.000001
2 2 0.000000 0.000139 0.984705 0.015155 0.000001
1 2 0.097009 0.506321 0.213760 0.000064 0.182846
2 2 0.021506 0.014492 0.959865 0.000982 0.003154
2 2 0.000354 0.004227 0.993685 0.001649 0.000084
2 2 0.036740 0.176213 0.743959 0.012154 0.030935
2 2 0.001069 0.004082 0.992368 0.002071 0.000411
2 2 0.000015 0.003390 0.996235 0.000262 0.000099
2 2 0.000252 0.001958 0.997691 0.000097 0.000003
2 2 0.045082 0.198767 0.721893 0.029234 0.005024
2 2 0.000041 0.002177 0.992808 0.004950 0.000024
2 2 0.000087 0.003412 0.995571 0.000920 0.000011
2 2 0.000641 0.001636 0.996580 0.001102 0.000041
2 2 0.034771 0.016382 0.944526 0.000220 0.004102
3 0 0.259368 0.111001 0.171911 0.395815 0.061906
0 0 0.989273 0.006439 0.003082 0.000124 0.001083
0 0 0.999842 0.000126 0.000011 0.000000 0.000021
0 0 0.830416 0.110912 0.055939 0.000323 0.002409
0 0 0.857634 0.023197 0.003295 0.000000 0.115874
0 0 0.806012 0.013928 0.003649 0.000002 0.176410
0 0 0.844158 0.013167 0.002408 0.000000 0.140267
0 0 0.817176 0.136368 0.029873 0.000093 0.016490
4 0 0.107796 0.037271 0.089766 0.001911 0.763255
0 0 0.574084 0.189167 0.107605 0.071214 0.057930
4 0 0.132711 0.346438 0.073511 0.000028 0.447312
1 0 0.131747 0.382298 0.117251 0.000119 0.368585
4 0 0.367318 0.049717 0.011724 0.000009 0.571232
4 0 0.125435 0.107639 0.068709 0.000079 0.698137
4 0 0.237467 0.053667 0.019543 0.000185 0.689138
4 0 0.357394 0.008520 0.001198 0.000000 0.632887
0 0 0.934893 0.023923 0.006472 0.000010 0.034702
4 0 0.130394 0.197350 0.175677 0.001629 0.494950
0 0 0.878294 0.001513 0.000687 0.000001 0.119505
0 0 0.632559 0.037963 0.011198 0.000022 0.318259
4 0 0.046118 0.101870 0.025488 0.000013 0.826510
0 0 0.948978 0.023392 0.002214 0.000000 0.025416
0 0 0.440412 0.335961 0.179657 0.017033 0.026937
4 1 0.366339 0.042851 0.008257 0.000002 0.582551
4 1 0.072985 0.038389 0.013301 0.000027 0.875298
4 1 0.045760 0.268923 0.189816 0.000741 0.494760
2 1 0.018046 0.289281 0.526510 0.002562 0.163600
1 1 0.116425 0.436871 0.139871 0.000431 0.306401
4 2 0.010735 0.134361 0.313626 0.001078 0.540200
2 2 0.007685 0.159867 0.480115 0.000228 0.352106
2 2 0.003419 0.113997 0.577223 0.001868 0.303494
2 2 0.005705 0.043562 0.809275 0.007561 0.133897
2 2 0.000162 0.012905 0.953670 0.002823 0.030440
2 2 0.000246 0.014195 0.950577 0.005437 0.029545
2 2 0.000001 0.000336 0.992304 0.007357 0.000003
2 2 0.000347 0.007681 0.978408 0.005913 0.007650
2 2 0.001934 0.015566 0.978271 0.001737 0.002491
2 2 0.000089 0.010108 0.987137 0.002166 0.000501
2 2 0.000004 0.000423 0.999313 0.000250 0.000010
2 2 0.002093 0.026414 0.965542 0.000568 0.005382
2 2 0.000750 0.009882 0.988186 0.000841 0.000341
2 2 0.000002 0.000150 0.999473 0.000376 0.000000
2 2 0.000002 0.001488 0.998044 0.000382 0.000085
2 2 0.000012 0.001012 0.998635 0.000334 0.000007
2 2 0.004848 0.008191 0.985439 0.000007 0.001515
2 2 0.000008 0.000549 0.997357 0.002068 0.000019
2 2 0.000572 0.002958 0.980394 0.015974 0.000101
2 2 0.002822 0.063299 0.913702 0.000065 0.020111
2 2 0.000009 0.001008 0.998961 0.000009 0.000013
2 2 0.005133 0.003525 0.990770 0.000025 0.000547
2 2 0.000318 0.002687 0.996705 0.000083 0.000207
2 2 0.011951 0.005681 0.978590 0.002614 0.001165
2 2 0.000019 0.000301 0.999216 0.000448 0.000016
2 2 0.000026 0.003697 0.995901 0.000069 0.000308
2 2 0.001151 0.014626 0.983232 0.000547 0.000445
2 2 0.000000 0.000010 0.998903 0.001087 0.000000
2 2 0.000242 0.001056 0.997830 0.000581 0.000292
2 2 0.000046 0.000542 0.999134 0.000267 0.000011
2 2 0.000149 0.006790 0.988930 0.003573 0.000559
2 2 0.000144 0.002659 0.995400 0.000383 0.001415
2 2 0.000014 0.000222 0.999594 0.000164 0.000006
2 2 0.000058 0.000237 0.999575 0.000128 0.000002
2 2 0.000754 0.002337 0.996736 0.000158 0.000015
2 2 0.000001 0.000070 0.957959 0.041970 0.000000
2 2 0.000013 0.001051 0.957850 0.041071 0.000015
2 2 0.000000 0.000012 0.962558 0.037430 0.000000
2 2 0.000011 0.000702 0.912554 0.086682 0.000051
2 2 0.000004 0.000098 0.999543 0.000354 0.000000
2 2 0.000052 0.002571 0.993407 0.003947 0.000024
2 2 0.000000 0.000006 0.985278 0.014716 0.000000
2 2 0.000000 0.000004 0.992874 0.007122 0.000000
2 2 0.000187 0.000686 0.998536 0.000582 0.000009
2 2 0.000059 0.001616 0.975699 0.022606 0.000019
2 2 0.000001 0.000027 0.958323 0.041649 0.000000
2 2 0.000034 0.001088 0.992294 0.006572 0.000012
2 2 0.000000 0.000096 0.989434 0.010469 0.000000
2 2 0.000606 0.002210 0.990089 0.007013 0.000082
2 2 0.000009 0.000517 0.964586 0.034887 0.000001
2 2 0.000003 0.000735 0.988402 0.010850 0.000010
2 2 0.000001 0.000090 0.989950 0.009959 0.000000
2 2 0.000007 0.000317 0.971817 0.027859 0.000000
2 2 0.000019 0.000432 0.980354 0.019192 0.000003
2 2 0.000001 0.000036 0.970005 0.029958 0.000000
2 3 0.000002 0.000314 0.727032 0.272641 0.000011
2 3 0.001824 0.004830 0.985853 0.007316 0.000177
2 3 0.000006 0.000124 0.557397 0.442471 0.000001
2 3 0.000016 0.000234 0.997753 0.001990 0.000006
2 3 0.000320 0.001391 0.714358 0.283924 0.000007
2 3 0.000110 0.003099 0.792691 0.204013 0.000086
2 3 0.000091 0.001419 0.785890 0.212581 0.000018
2 3 0.000154 0.000992 0.677197 0.321653 0.000004
2 3 0.000196 0.003680 0.863100 0.132996 0.000028
2 3 0.000017 0.000647 0.827768 0.171561 0.000006
2 3 0.000313 0.000940 0.572347 0.426389 0.000010
2 3 0.000005 0.000375 0.898704 0.100912 0.000003
2 3 0.005482 0.031370 0.625142 0.336613 0.001394
2 3 0.000124 0.001363 0.698519 0.299983 0.000010
3 3 0.000014 0.000200 0.275624 0.724156 0.000006
2 3 0.002127 0.004908 0.789171 0.203692 0.000103
3 3 0.000557 0.003960 0.441519 0.553876 0.000088
3 3 0.000001 0.000042 0.406467 0.593490 0.000000
2 3 0.000037 0.001079 0.881133 0.117744 0.000006
2 3 0.000077 0.002316 0.627747 0.369691 0.000170
2 3 0.000060 0.002931 0.892297 0.104546 0.000166
3 3 0.000002 0.000107 0.417664 0.582222 0.000006
3 3 0.000061 0.001167 0.440945 0.557759 0.000067
2 3 0.000145 0.004558 0.807262 0.187748 0.000286
2 3 0.000152 0.000772 0.878503 0.120572 0.000001
3 3 0.000020 0.000274 0.467851 0.531854 0.000002
3 3 0.000326 0.002705 0.333480 0.662929 0.000560
2 3 0.000120 0.002173 0.533128 0.464519 0.000059
2 3 0.001117 0.026015 0.758444 0.205220 0.009204
2 3 0.000068 0.002221 0.891649 0.106039 0.000022
2 3 0.000686 0.017478 0.920917 0.060159 0.000760
2 3 0.000026 0.001088 0.667348 0.331486 0.000052
3 3 0.000133 0.001525 0.221997 0.776150 0.000195
2 3 0.000059 0.001906 0.556331 0.441599 0.000105
3 3 0.000036 0.000646 0.497332 0.501973 0.000013
3 3 0.000188 0.000762 0.171449 0.827558 0.000043
3 3 0.000145 0.000883 0.208722 0.790212 0.000038
3 3 0.000009 0.000200 0.140121 0.859654 0.000017
3 3 0.000136 0.002778 0.381075 0.615721 0.000290
2 3 0.000018 0.000875 0.641863 0.357213 0.000031
2 3 0.000007 0.000332 0.637469 0.362184 0.000008
3 3 0.000030 0.000321 0.327134 0.672507 0.000007
3 3 0.000988 0.004344 0.108905 0.884659 0.001103
2 3 0.000308 0.002314 0.670804 0.326555 0.000020
3 3 0.000174 0.000389 0.320766 0.678669 0.000002
3 3 0.000087 0.001366 0.124347 0.873057 0.001143
2 3 0.001074 0.007978 0.589343 0.401341 0.000264
2 3 0.000106 0.004451 0.541525 0.453018 0.000901
3 3 0.000152 0.003093 0.144382 0.849243 0.003130
3 3 0.000134 0.001062 0.204343 0.794328 0.000134
2 3 0.000012 0.000656 0.735386 0.263931 0.000016
3 3 0.000026 0.000238 0.319611 0.680121 0.000004
3 3 0.000015 0.000060 0.037544 0.962378 0.000004
2 3 0.000928 0.022801 0.770001 0.152923 0.053347
2 3 0.000605 0.004363 0.653374 0.341359 0.000300
3 3 0.000002 0.000170 0.256964 0.742846 0.000018
3 3 0.005384 0.004062 0.346034 0.644489 0.000031
3 3 0.002187 0.029645 0.445399 0.515549 0.007220
2 3 0.012449 0.024946 0.686859 0.273337 0.002408
2 3 0.018692 0.046101 0.894636 0.040088 0.000483
2 2 0.001479 0.005129 0.992567 0.000706 0.000119
2 2 0.000375 0.003258 0.986503 0.009848 0.000016
2 2 0.000095 0.001886 0.997682 0.000278 0.000058
2 2 0.000129 0.001326 0.997256 0.001270 0.000019
2 2 0.000001 0.000277 0.997768 0.001954 0.000001
2 2 0.003393 0.004274 0.988386 0.003852 0.000095
2 2 0.001035 0.005005 0.982493 0.001808 0.009658
2 2 0.013322 0.042957 0.590724 0.001432 0.351565
2 2 0.000704 0.006392 0.937393 0.011061 0.044450
2 2 0.015994 0.014161 0.635721 0.005648 0.328476
2 2 0.004363 0.172134 0.629967 0.000670 0.192865
2 2 0.024876 0.108052 0.809658 0.003260 0.054153
4 2 0.035318 0.014910 0.081255 0.000741 0.867777
2 2 0.179234 0.056429 0.540128 0.002703 0.221506
4 4 0.024544 0.065318 0.299152 0.024719 0.586267
4 4 0.040248 0.030537 0.115124 0.009553 0.804538
4 4 0.018137 0.012492 0.048473 0.000008 0.920890
0 4 0.536530 0.037658 0.017488 0.000427 0.407897
0 4 0.795799 0.014986 0.006792 0.000069 0.182353
4 4 0.085386 0.024563 0.018393 0.001004 0.870654
4 4 0.219554 0.007139 0.002838 0.000002 0.770467
4 4 0.269481 0.004892 0.010358 0.004181 0.711088
4 4 0.194423 0.090371 0.238802 0.018831 0.457573
4 4 0.036790 0.014590 0.053666 0.001264 0.893690
4 4 0.114212 0.001520 0.001430 0.000035 0.882804
4 4 0.141754 0.005603 0.003327 0.000063 0.849254
4 4 0.020611 0.014628 0.062800 0.001738 0.900223
4 4 0.065165 0.015255 0.014749 0.000215 0.904616
4 4 0.036122 0.002773 0.003786 0.000016 0.957303
4 4 0.030613 0.047865 0.056384 0.000631 0.864507
4 4 0.035921 0.013459 0.061720 0.003029 0.885871
4 4 0.238200 0.032824 0.085743 0.017749 0.625484
0 4 0.887665 0.042888 0.015669 0.000073 0.053704
4 4 0.221736 0.081751 0.021673 0.000025 0.674815
4 4 0.110538 0.038371 0.017157 0.000069 0.833865
4 4 0.043204 0.037892 0.169393 0.004962 0.744550
4 4 0.341560 0.002237 0.004494 0.000067 0.651643
4 4 0.060582 0.018803 0.016074 0.000208 0.904333
4 4 0.015090 0.023565 0.149129 0.000843 0.811373
4 4 0.432541 0.000179 0.000378 0.000363 0.566539
4 4 0.032128 0.003681 0.008570 0.000106 0.955515
4 4 0.051234 0.011525 0.006716 0.000003 0.930522
4 4 0.031944 0.004655 0.004368 0.000007 0.959025
4 4 0.151303 0.000661 0.000559 0.000009 0.847469
4 4 0.135722 0.006527 0.003161 0.000005 0.854585
4 4 0.065014 0.002058 0.001911 0.000014 0.931004
4 4 0.080322 0.006104 0.003923 0.000026 0.909625
4 4 0.055384 0.028886 0.015033 0.000047 0.900650
4 4 0.030618 0.015705 0.008409 0.000006 0.945262
4 4 0.271846 0.002986 0.003819 0.000024 0.721326
4 4 0.028515 0.059517 0.218608 0.000744 0.692616
4 1 0.251450 0.161725 0.110822 0.000484 0.475518
4 1 0.023786 0.009930 0.108889 0.000294 0.857101
4 2 0.006945 0.008324 0.143441 0.000176 0.841114
4 2 0.004062 0.009945 0.307526 0.000913 0.677553
2 4 0.048780 0.133824 0.579317 0.006937 0.231141
4 4 0.052685 0.021115 0.011225 0.000037 0.914938
4 4 0.027844 0.014338 0.010913 0.000012 0.946892
4 4 0.414059 0.001784 0.001552 0.000082 0.582523
4 4 0.259387 0.016693 0.010350 0.000728 0.712841
4 4 0.018612 0.012696 0.047402 0.000158 0.921133
4 4 0.025497 0.003137 0.004536 0.000035 0.966794
4 4 0.059593 0.022771 0.011243 0.000039 0.906354
4 4 0.149284 0.009688 0.006969 0.000567 0.833492
4 4 0.040603 0.013134 0.006514 0.000006 0.939743
4 4 0.043423 0.039869 0.036975 0.000281 0.879452
4 4 0.054613 0.003236 0.002315 0.000005 0.939831
4 4 0.035030 0.014031 0.008607 0.000014 0.942318
4 4 0.041513 0.081915 0.164086 0.011508 0.700977
4 4 0.009014 0.009830 0.083310 0.000084 0.897761
4 4 0.030197 0.009616 0.007380 0.000012 0.952796
0 4 0.648672 0.000456 0.000359 0.000003 0.350510
4 4 0.151228 0.001182 0.002206 0.000123 0.845262
2 4 0.001922 0.033702 0.750708 0.016587 0.197081
2 2 0.000528 0.011626 0.897869 0.004658 0.085319
4 2 0.021991 0.025106 0.172489 0.001172 0.779241
0 2 0.774318 0.148541 0.022150 0.000000 0.054991
4 2 0.025112 0.104085 0.359587 0.024731 0.486485
2 2 0.001855 0.067685 0.711485 0.009571 0.209404
4 2 0.018655 0.084337 0.164903 0.000025 0.732080
4 2 0.007786 0.026464 0.187660 0.000387 0.777703
2 2 0.001016 0.019429 0.940482 0.014648 0.024424
2 2 0.005379 0.060639 0.602808 0.015476 0.315698
2 2 0.000659 0.019739 0.737747 0.001071 0.240783
2 2 0.002415 0.019532 0.711945 0.008794 0.257313
2 2 0.000292 0.016434 0.906606 0.028401 0.048268
2 2 0.000084 0.016816 0.922208 0.005715 0.055177
2 2 0.000316 0.009186 0.889899 0.006300 0.094299
2 2 0.003202 0.031801 0.753688 0.019870 0.191440
2 2 0.001539 0.017901 0.682943 0.000585 0.297032
4 2 0.060954 0.019793 0.045819 0.001879 0.871556
2 2 0.003929 0.029515 0.545278 0.001803 0.419475
2 2 0.001449 0.029396 0.766335 0.018776 0.184045
2 2 0.002325 0.014884 0.529041 0.001907 0.451843
2 2 0.000385 0.008468 0.799353 0.001942 0.189852
4 2 0.028913 0.010097 0.010841 0.000009 0.950140
2 2 0.000899 0.048522 0.855087 0.020788 0.074704
2 2 0.000251 0.004513 0.893737 0.003401 0.098097
2 2 0.000126 0.010690 0.931990 0.003404 0.053791
2 2 0.001525 0.000277 0.998195 0.000003 0.000000
1 2 0.264612 0.380041 0.296200 0.042213 0.016934
2 2 0.036436 0.010653 0.951934 0.000150 0.000828
2 2 0.010591 0.016725 0.970477 0.000565 0.001641
2 2 0.010509 0.015318 0.968377 0.000119 0.005677
2 2 0.000225 0.001164 0.998355 0.000021 0.000235
2 2 0.010806 0.010450 0.973587 0.000376 0.004781
2 2 0.002006 0.004612 0.987155 0.000367 0.005860
2 2 0.000364 0.000930 0.997949 0.000655 0.000102
2 2 0.002437 0.004483 0.991759 0.000306 0.001016
2 2 0.000633 0.003035 0.995413 0.000354 0.000564
2 2 0.025818 0.004605 0.968930 0.000080 0.000567
2 2 0.021741 0.014956 0.941183 0.000351 0.021769
2 2 0.002505 0.002781 0.990934 0.000072 0.003708
2 2 0.000584 0.018943 0.979282 0.000016 0.001175
2 2 0.020747 0.005183 0.968717 0.000124 0.005229
2 2 0.001812 0.002920 0.991362 0.000136 0.003770
2 2 0.315953 0.004867 0.678446 0.000091 0.000643
2 2 0.000003 0.000069 0.999021 0.000904 0.000004
2 2 0.000197 0.002078 0.997626 0.000029 0.000070
2 2 0.005437 0.013358 0.977093 0.000439 0.003673
2 2 0.004442 0.003479 0.981142 0.010301 0.000636
2 2 0.000208 0.001924 0.997002 0.000469 0.000397
2 2 0.003010 0.005318 0.988664 0.000515 0.002492
2 2 0.000488 0.001735 0.995842 0.001058 0.000877
2 2 0.004512 0.001145 0.993625 0.000660 0.000058
2 2 0.026376 0.004132 0.967924 0.000318 0.001250
2 2 0.000123 0.000968 0.998832 0.000043 0.000035
2 2 0.000764 0.002447 0.995148 0.000191 0.001450
2 2 0.000055 0.001072 0.998608 0.000237 0.000028
2 2 0.000869 0.002835 0.995188 0.000374 0.000735
