0 0 0.962085 0.018414 0.007820 0.000636 0.011046
0 0 0.790414 0.111583 0.087656 0.000344 0.010003
2 0 0.000286 0.000000 0.911878 0.087775 0.000061
0 0 0.723392 0.154545 0.099827 0.000916 0.021319
0 0 0.536255 0.109757 0.273805 0.062460 0.017722
0 0 0.933824 0.036765 0.023446 0.000172 0.005792
2 0 0.171492 0.326917 0.493363 0.000555 0.007673
0 0 0.815758 0.070334 0.104354 0.002035 0.007520
0 0 0.844660 0.071573 0.035163 0.006308 0.042296
0 0 0.831643 0.120685 0.040373 0.000010 0.007289
0 0 0.666073 0.146102 0.172919 0.001867 0.013039
0 0 0.894860 0.054274 0.040441 0.000698 0.009727
0 0 0.921833 0.047004 0.014820 0.000206 0.016136
0 0 0.926454 0.042398 0.021633 0.000251 0.009263
0 0 0.834847 0.075117 0.072587 0.002881 0.014569
0 0 0.934859 0.028443 0.031484 0.000672 0.004542
0 0 0.768097 0.122844 0.090463 0.001105 0.017491
0 0 0.732549 0.098125 0.165675 0.000259 0.003392
0 0 0.469369 0.245176 0.231663 0.011702 0.042089
2 0 0.051357 0.230058 0.715222 0.000103 0.003261
0 0 0.798229 0.068322 0.126636 0.001576 0.005236
0 0 0.748967 0.140967 0.082652 0.001364 0.026050
0 0 0.963054 0.015491 0.014811 0.001394 0.005249
0 0 0.954372 0.017072 0.026523 0.000296 0.001737
0 0 0.859943 0.088509 0.046949 0.000018 0.004581
0 0 0.911439 0.044658 0.036039 0.000529 0.007335
0 0 0.985759 0.007848 0.004155 0.000054 0.002184
0 0 0.964385 0.018715 0.013008 0.000171 0.003721
0 0 0.907950 0.043889 0.033010 0.000516 0.014635
0 0 0.689704 0.186715 0.110502 0.000062 0.013017
0 0 0.946880 0.027563 0.017587 0.000497 0.007473
0 0 0.899765 0.028384 0.066845 0.002121 0.002885
0 0 0.878124 0.048233 0.069265 0.000510 0.003869
0 0 0.820747 0.068175 0.105429 0.000773 0.004875
0 0 0.955114 0.024185 0.015693 0.000194 0.004815
0 0 0.933240 0.025761 0.029897 0.003488 0.007615
0 0 0.440401 0.174339 0.370635 0.004751 0.009875
0 0 0.883349 0.080332 0.030135 0.000015 0.006169
0 0 0.994467 0.003095 0.001860 0.000008 0.000571
0 0 0.923937 0.042478 0.023043 0.000383 0.010158
0 0 0.983105 0.007390 0.003800 0.000511 0.005195
0 0 0.986169 0.006594 0.003201 0.000220 0.003818
0 0 0.972514 0.012318 0.014031 0.000051 0.001086
0 0 0.991881 0.003969 0.003311 0.000037 0.000802
0 0 0.946827 0.019402 0.031027 0.000531 0.002213
0 0 0.925914 0.034971 0.034747 0.000295 0.004074
0 0 0.973433 0.009557 0.011890 0.001773 0.003346
0 0 0.499522 0.155125 0.151586 0.022893 0.170874
0 0 0.947703 0.022823 0.022787 0.000379 0.006308
2 0 0.376008 0.129586 0.480999 0.008114 0.005294
0 0 0.995456 0.002411 0.001851 0.000003 0.000278
0 0 0.935585 0.026050 0.036457 0.000135 0.001773
0 0 0.982402 0.007368 0.007008 0.000580 0.002643
0 0 0.985479 0.007800 0.003627 0.000083 0.003010
0 0 0.747440 0.176844 0.036932 0.000110 0.038674
0 0 0.991331 0.004823 0.003241 0.000006 0.000598
0 0 0.988602 0.007044 0.003295 0.000006 0.001052
0 0 0.953477 0.026828 0.011807 0.000173 0.007715
2 0 0.318372 0.258908 0.393085 0.000802 0.028834
0 0 0.835490 0.082339 0.069690 0.000917 0.011564
0 0 0.802181 0.089341 0.101239 0.000234 0.007005
0 0 0.989570 0.004556 0.005148 0.000051 0.000675
0 0 0.999480 0.000279 0.000197 0.000000 0.000044
0 0 0.984814 0.009207 0.005210 0.000003 0.000766
0 0 0.934689 0.042564 0.016362 0.000038 0.006348
0 0 0.915108 0.048841 0.034315 0.000007 0.001729
0 0 0.998018 0.001465 0.000420 0.000000 0.000097
0 0 0.961565 0.019746 0.017114 0.000001 0.001573
0 0 0.591800 0.260161 0.125783 0.000238 0.022018
0 0 0.489175 0.315795 0.183533 0.000061 0.011437
0 0 0.558910 0.291311 0.138018 0.000032 0.011729
0 0 0.971982 0.016867 0.008953 0.000020 0.002177
0 0 0.993278 0.002629 0.003063 0.000197 0.000834
0 0 0.606364 0.248951 0.124448 0.000030 0.020206
0 0 0.955968 0.028970 0.012657 0.000007 0.002397
0 0 0.955402 0.021284 0.019304 0.000317 0.003693
0 0 0.991919 0.003549 0.002538 0.000218 0.001777
0 0 0.980794 0.009763 0.005447 0.000204 0.003792
0 0 0.873650 0.045730 0.067830 0.004502 0.008288
0 0 0.982058 0.006174 0.011261 0.000052 0.000456
0 0 0.998670 0.000533 0.000279 0.000031 0.000487
0 0 0.963349 0.011654 0.022081 0.001052 0.001864
0 0 0.770937 0.073537 0.129160 0.013584 0.012782
0 0 0.971451 0.016851 0.008127 0.000053 0.003518
0 0 0.988325 0.005740 0.002680 0.000136 0.003119
0 0 0.990319 0.005079 0.002810 0.000058 0.001733
0 0 0.830644 0.095110 0.046301 0.001120 0.026825
0 0 0.991366 0.003411 0.001971 0.000407 0.002846
0 0 0.992419 0.002251 0.000824 0.000420 0.004086
0 0 0.988929 0.003801 0.002142 0.000916 0.004211
0 0 0.853220 0.070165 0.068158 0.000584 0.007873
0 0 0.935245 0.023455 0.033198 0.002799 0.005304
0 0 0.973110 0.014857 0.006873 0.000138 0.005021
0 0 0.978945 0.009652 0.005009 0.000518 0.005876
0 0 0.976042 0.007562 0.006566 0.003818 0.006012
0 0 0.999604 0.000221 0.000152 0.000000 0.000023
0 0 0.991346 0.003776 0.004725 0.000002 0.000151
0 0 0.999747 0.000062 0.000188 0.000000 0.000003
0 0 0.614070 0.172888 0.208045 0.000125 0.004873
0 0 0.826847 0.097443 0.055044 0.000908 0.019757
0 0 0.999816 0.000091 0.000046 0.000001 0.000047
0 0 0.999930 0.000028 0.000035 0.000000 0.000006
0 0 0.955096 0.015215 0.028712 0.000104 0.000874
0 0 0.972710 0.004551 0.022563 0.000054 0.000122
0 0 0.990929 0.002706 0.006266 0.000005 0.000094
0 0 0.998253 0.000740 0.000956 0.000001 0.000051
0 0 0.997552 0.001661 0.000738 0.000000 0.000049
0 0 0.985258 0.001584 0.013145 0.000002 0.000010
0 0 0.986376 0.004523 0.008992 0.000002 0.000107
0 0 0.998507 0.000662 0.000796 0.000000 0.000035
0 1 0.964845 0.023487 0.011056 0.000000 0.000612
1 1 0.320317 0.473405 0.185556 0.000060 0.020662
1 1 0.186103 0.404419 0.401910 0.000050 0.007519
0 0 0.999849 0.000041 0.000107 0.000000 0.000003
0 1 0.950535 0.023129 0.024305 0.000081 0.001951
0 1 0.979868 0.010460 0.007504 0.000083 0.002084
0 0 0.809499 0.087217 0.100521 0.000050 0.002713
1 1 0.313311 0.479127 0.184964 0.000071 0.022527
1 1 0.055731 0.489497 0.362126 0.000197 0.092449
2 2 0.096155 0.341653 0.532715 0.001496 0.027980
2 2 0.015922 0.121256 0.848307 0.012587 0.001928
2 2 0.001780 0.154480 0.817342 0.004576 0.021821
2 2 0.064461 0.131435 0.770057 0.022339 0.011708
2 2 0.086045 0.156956 0.744690 0.003755 0.008554
2 2 0.001159 0.043632 0.782775 0.164897 0.007536
2 2 0.002107 0.050258 0.939046 0.003199 0.005389
2 2 0.000142 0.013961 0.978192 0.007440 0.000264
2 2 0.000589 0.041207 0.943592 0.010744 0.003869
2 2 0.000084 0.006862 0.986726 0.004233 0.002095
2 2 0.000042 0.001774 0.964469 0.033665 0.000051
2 2 0.024001 0.082015 0.808624 0.016832 0.068528
2 2 0.000112 0.008686 0.964096 0.026415 0.000691
2 2 0.000009 0.001560 0.966359 0.031993 0.000080
2 2 0.000067 0.005604 0.877717 0.116362 0.000250
2 2 0.000783 0.015206 0.787184 0.196089 0.000738
2 2 0.000010 0.001870 0.990390 0.007402 0.000328
2 2 0.001098 0.006824 0.986475 0.005422 0.000182
2 2 0.000000 0.000324 0.882760 0.116914 0.000001
2 2 0.007865 0.046288 0.922516 0.017014 0.006316
2 2 0.000003 0.001522 0.827079 0.171366 0.000029
2 2 0.001086 0.021109 0.938790 0.036091 0.002923
2 2 0.000012 0.000836 0.871722 0.127426 0.000005
2 2 0.000010 0.001680 0.875687 0.122589 0.000034
2 2 0.000022 0.002688 0.883765 0.113128 0.000398
2 3 0.000924 0.008244 0.938568 0.051722 0.000542
2 3 0.000004 0.001390 0.905920 0.092675 0.000011
2 3 0.000008 0.000566 0.757588 0.241823 0.000015
2 3 0.000003 0.000425 0.838580 0.160991 0.000001
2 3 0.000066 0.003563 0.658503 0.337527 0.000342
3 3 0.000000 0.000092 0.307385 0.692522 0.000001
2 3 0.000003 0.001314 0.865297 0.133312 0.000074
3 3 0.000001 0.000664 0.429131 0.570190 0.000015
2 3 0.000009 0.001432 0.884062 0.114445 0.000052
2 3 0.000038 0.003131 0.744874 0.251772 0.000184
3 3 0.000024 0.001428 0.488667 0.509775 0.000106
3 3 0.000001 0.000207 0.215461 0.784326 0.000005
2 2 0.366082 0.040599 0.584947 0.002657 0.005716
2 0 0.361206 0.030988 0.595594 0.004732 0.007480
0 0 0.749081 0.027218 0.209410 0.000396 0.013894
0 0 0.995867 0.000841 0.002997 0.000031 0.000264
0 0 0.995494 0.001940 0.001102 0.000001 0.001463
0 0 0.996531 0.001951 0.001391 0.000000 0.000127
0 0 0.997299 0.001550 0.001004 0.000001 0.000146
0 0 0.975617 0.016374 0.007346 0.000001 0.000663
0 0 0.996939 0.001917 0.000901 0.000001 0.000243
0 0 0.998315 0.000980 0.000547 0.000001 0.000157
0 0 0.997053 0.001640 0.001221 0.000000 0.000086
2 1 0.023276 0.464815 0.499560 0.000050 0.012299
0 0 0.996919 0.001347 0.001703 0.000000 0.000030
0 0 0.997115 0.001516 0.001310 0.000000 0.000058
0 0 0.983096 0.006083 0.010713 0.000001 0.000107
0 1 0.861962 0.094352 0.040003 0.000005 0.003678
0 0 0.993341 0.001423 0.005168 0.000012 0.000056
0 0 0.894876 0.078346 0.024603 0.000001 0.002174
0 0 0.994204 0.002643 0.002879 0.000008 0.000266
0 1 0.903638 0.049793 0.045827 0.000002 0.000741
1 1 0.388048 0.425653 0.165646 0.000037 0.020616
0 0 0.997194 0.001368 0.001385 0.000000 0.000053
0 1 0.778233 0.109404 0.109983 0.000014 0.002366
0 1 0.998337 0.001075 0.000493 0.000000 0.000095
1 1 0.261505 0.477240 0.252042 0.000010 0.009202
2 2 0.373335 0.213261 0.398771 0.000854 0.013779
0 2 0.979653 0.010110 0.008609 0.000001 0.001627
2 2 0.250417 0.344671 0.376411 0.000686 0.027814
0 1 0.794265 0.101346 0.097381 0.000175 0.006833
2 2 0.003511 0.206415 0.771876 0.000045 0.018153
2 2 0.000007 0.004715 0.994151 0.000745 0.000381
2 2 0.013887 0.206597 0.734203 0.001513 0.043800
2 2 0.001238 0.071742 0.911244 0.008732 0.007045
2 2 0.002419 0.090209 0.818080 0.011635 0.077657
2 2 0.000619 0.021935 0.958861 0.010605 0.007980
2 2 0.000001 0.001379 0.990831 0.007682 0.000107
2 2 0.001907 0.012067 0.970327 0.014077 0.001622
2 2 0.000002 0.000415 0.987348 0.012231 0.000005
2 2 0.000048 0.003064 0.793287 0.203500 0.000101
2 2 0.000095 0.003151 0.951554 0.045059 0.000140
2 2 0.000007 0.001694 0.973543 0.024689 0.000066
2 2 0.000000 0.000679 0.988640 0.010650 0.000030
2 2 0.000013 0.003092 0.979928 0.016686 0.000281
2 2 0.000001 0.000614 0.994369 0.005006 0.000010
2 2 0.000002 0.001424 0.977648 0.020892 0.000035
2 2 0.000722 0.004898 0.955297 0.038315 0.000768
2 2 0.000000 0.000104 0.821808 0.178087 0.000001
2 2 0.000047 0.006944 0.868522 0.124327 0.000160
2 2 0.000010 0.001717 0.972533 0.025684 0.000056
2 2 0.000000 0.000291 0.738600 0.261095 0.000013
2 2 0.000044 0.001232 0.949674 0.049018 0.000032
3 3 0.000000 0.000070 0.152120 0.847810 0.000000
2 3 0.000062 0.002838 0.548439 0.447613 0.001048
2 3 0.000001 0.000996 0.891357 0.107619 0.000027
2 3 0.000000 0.000298 0.982715 0.016984 0.000004
2 3 0.000322 0.007631 0.886234 0.104203 0.001610
3 3 0.000000 0.000207 0.239823 0.759967 0.000003
3 3 0.000001 0.000262 0.194115 0.805613 0.000008
2 3 0.000005 0.004090 0.956147 0.038353 0.001406
2 3 0.000018 0.002259 0.710215 0.287419 0.000088
3 3 0.000002 0.000320 0.317433 0.682214 0.000032
3 3 0.000000 0.000017 0.033606 0.966376 0.000001
3 3 0.000001 0.000560 0.206874 0.792495 0.000070
3 3 0.000021 0.001762 0.471182 0.526809 0.000226
3 3 0.000000 0.000081 0.059037 0.940875 0.000008
3 3 0.000001 0.000296 0.428727 0.570971 0.000005
3 3 0.000000 0.000098 0.376716 0.623184 0.000001
3 3 0.000016 0.000497 0.098025 0.901342 0.000120
2 3 0.001093 0.013166 0.792869 0.189186 0.003686
3 3 0.000002 0.000960 0.374623 0.624397 0.000018
3 3 0.000000 0.000028 0.030403 0.969566 0.000003
3 3 0.000015 0.000462 0.150647 0.848861 0.000015
3 3 0.000000 0.000009 0.025654 0.974336 0.000000
3 3 0.000000 0.000046 0.043182 0.956771 0.000001
3 3 0.000115 0.000662 0.072552 0.926524 0.000147
3 3 0.000012 0.001291 0.202129 0.796511 0.000056
3 3 0.000000 0.000020 0.023309 0.976671 0.000000
3 3 0.000014 0.001378 0.188295 0.810281 0.000032
2 3 0.024778 0.098332 0.683865 0.187468 0.005557
2 2 0.000148 0.009715 0.866776 0.123050 0.000310
2 2 0.000050 0.019111 0.971797 0.007848 0.001193
2 2 0.000079 0.018581 0.974001 0.007132 0.000207
2 2 0.004600 0.135373 0.837511 0.010593 0.011923
2 2 0.000029 0.013045 0.962928 0.022394 0.001604
2 2 0.000256 0.007306 0.964362 0.027922 0.000155
2 2 0.246351 0.131259 0.571227 0.001121 0.050042
2 2 0.000127 0.042442 0.946696 0.003425 0.007310
2 2 0.000031 0.012495 0.983362 0.001801 0.002311
2 2 0.003954 0.007060 0.984075 0.003922 0.000988
2 2 0.000185 0.036388 0.953820 0.007144 0.002463
2 2 0.000002 0.000429 0.943344 0.056213 0.000012
2 2 0.016990 0.136669 0.775480 0.002843 0.068018
2 2 0.000398 0.026189 0.964851 0.001864 0.006698
2 2 0.000184 0.020857 0.977399 0.000651 0.000909
2 2 0.003591 0.036679 0.934084 0.006043 0.019604
2 2 0.000056 0.004192 0.986469 0.008743 0.000540
2 2 0.000582 0.026762 0.947831 0.023730 0.001095
2 2 0.000008 0.001448 0.980061 0.018437 0.000046
2 2 0.000110 0.003795 0.787026 0.208450 0.000618
2 2 0.001511 0.037291 0.955351 0.000302 0.005544
2 2 0.000028 0.017460 0.976353 0.003707 0.002452
2 2 0.000025 0.002350 0.982959 0.014492 0.000174
2 2 0.000033 0.004011 0.923918 0.071379 0.000658
2 2 0.000066 0.011668 0.973588 0.014178 0.000500
2 2 0.000002 0.002315 0.982938 0.014652 0.000093
2 2 0.000909 0.010614 0.873003 0.113324 0.002149
2 2 0.001098 0.013451 0.972943 0.008734 0.003773
2 2 0.011867 0.052933 0.917382 0.001311 0.016507
0 0 0.959624 0.025093 0.013007 0.000009 0.002266
0 0 0.999208 0.000447 0.000297 0.000000 0.000048
0 0 0.915301 0.049041 0.033213 0.000015 0.002430
0 0 0.614890 0.170267 0.204599 0.000705 0.009539
0 0 0.927137 0.027123 0.038782 0.000027 0.006931
0 0 0.996782 0.001017 0.002130 0.000005 0.000066
0 0 0.999512 0.000134 0.000310 0.000002 0.000042
0 0 0.998628 0.000352 0.000832 0.000067 0.000121
0 0 0.994943 0.002604 0.000857 0.000002 0.001594
0 0 0.898161 0.034887 0.063779 0.000190 0.002983
0 0 0.971189 0.015384 0.010742 0.000012 0.002673
0 0 0.999754 0.000131 0.000085 0.000000 0.000030
0 0 0.995805 0.001932 0.002086 0.000001 0.000176
0 0 0.983770 0.008507 0.005321 0.000001 0.002400
0 0 0.977797 0.006468 0.013770 0.000041 0.001923
0 0 0.998580 0.000740 0.000618 0.000000 0.000062
0 0 0.999462 0.000119 0.000343 0.000001 0.000075
0 1 0.949916 0.025768 0.022187 0.000030 0.002099
2 1 0.004405 0.150153 0.841589 0.001462 0.002391
1 1 0.091432 0.465259 0.419816 0.000428 0.023065
2 1 0.007845 0.277840 0.691312 0.000257 0.022746
2 1 0.044507 0.272767 0.672907 0.000277 0.009543
0 2 0.857654 0.039138 0.097574 0.000048 0.005586
1 2 0.084615 0.506008 0.368962 0.000270 0.040145
2 2 0.000212 0.055877 0.938248 0.000734 0.004929
2 2 0.000162 0.007048 0.990405 0.001990 0.000396
2 2 0.000273 0.017939 0.968316 0.012843 0.000629
2 2 0.000081 0.018654 0.978366 0.001559 0.001340
2 2 0.002821 0.093473 0.900066 0.001697 0.001942
2 2 0.000152 0.008542 0.974380 0.016492 0.000434
2 2 0.000003 0.003490 0.989140 0.007341 0.000027
2 2 0.000225 0.031398 0.966213 0.000165 0.001998
2 2 0.000637 0.025798 0.966783 0.000538 0.006245
2 2 0.000040 0.011503 0.985720 0.000600 0.002137
2 2 0.000581 0.048243 0.940605 0.005694 0.004877
2 2 0.000002 0.001295 0.995182 0.003509 0.000012
2 2 0.000005 0.001496 0.995014 0.003427 0.000057
2 2 0.000541 0.038221 0.944418 0.002314 0.014506
2 2 0.000000 0.000393 0.961593 0.037968 0.000046
2 2 0.003673 0.117915 0.859170 0.001244 0.017998
2 2 0.000007 0.001364 0.993593 0.004812 0.000224
2 2 0.000001 0.002136 0.970996 0.026811 0.000056
2 2 0.000162 0.014677 0.974429 0.007601 0.003130
2 2 0.000001 0.000402 0.989693 0.009865 0.000039
2 2 0.000750 0.031613 0.965663 0.000167 0.001808
2 2 0.000012 0.006095 0.989129 0.002128 0.002637
2 2 0.001989 0.027850 0.963145 0.000284 0.006731
2 2 0.000004 0.003670 0.981736 0.014389 0.000201
2 2 0.000000 0.000369 0.999055 0.000557 0.000019
2 2 0.000006 0.001082 0.981535 0.017321 0.000055
2 2 0.000055 0.004512 0.906040 0.088969 0.000423
2 2 0.000006 0.001595 0.926879 0.071497 0.000023
2 1 0.309876 0.207759 0.468531 0.001910 0.011924
2 1 0.002284 0.170813 0.819132 0.001171 0.006600
2 2 0.000002 0.004135 0.948817 0.047001 0.000045
2 2 0.010777 0.058224 0.922946 0.006064 0.001990
2 2 0.001314 0.035241 0.959658 0.003361 0.000426
2 2 0.000029 0.023293 0.969841 0.002809 0.004028
2 2 0.001068 0.011269 0.956372 0.031013 0.000279
2 2 0.000498 0.032629 0.961896 0.002676 0.002301
2 2 0.000532 0.015779 0.930809 0.051395 0.001485
2 2 0.012214 0.084630 0.881790 0.000582 0.020783
2 2 0.000409 0.005479 0.982173 0.011770 0.000168
2 2 0.000546 0.009759 0.959508 0.029869 0.000318
2 2 0.000075 0.005273 0.973026 0.021310 0.000315
2 2 0.011821 0.037190 0.944146 0.003008 0.003834
0 2 0.399353 0.313397 0.275496 0.000037 0.011718
0 0 0.728913 0.055118 0.202742 0.000247 0.012980
0 0 0.980505 0.011685 0.005673 0.000021 0.002116
0 0 0.995602 0.001671 0.002567 0.000004 0.000156
0 0 0.998265 0.000618 0.000907 0.000001 0.000209
0 0 0.971686 0.006249 0.020935 0.000045 0.001085
0 0 0.997210 0.000271 0.002393 0.000080 0.000046
0 0 0.989501 0.005827 0.004327 0.000002 0.000344
0 0 0.998399 0.000634 0.000945 0.000000 0.000022
0 0 0.990091 0.001926 0.007841 0.000005 0.000138
0 0 0.983682 0.004446 0.010733 0.000000 0.001139
0 0 0.992759 0.003138 0.003945 0.000002 0.000156
0 0 0.992109 0.002442 0.005388 0.000001 0.000060
0 0 0.999054 0.000474 0.000386 0.000001 0.000085
0 0 0.977078 0.010878 0.011500 0.000007 0.000536
0 1 0.800834 0.135399 0.058289 0.000009 0.005468
0 0 0.978065 0.013445 0.007990 0.000000 0.000500
0 0 0.964712 0.004204 0.030872 0.000041 0.000171
0 0 0.999938 0.000024 0.000035 0.000000 0.000002
0 0 0.998695 0.000377 0.000864 0.000012 0.000052
0 0 0.997231 0.001094 0.000287 0.000004 0.001384
0 0 0.998015 0.000726 0.001228 0.000001 0.000031
0 0 0.999936 0.000039 0.000022 0.000000 0.000003
0 0 0.976836 0.003199 0.019505 0.000035 0.000426
0 0 0.998464 0.000179 0.001336 0.000007 0.000013
0 0 0.999848 0.000067 0.000076 0.000000 0.000009
0 0 0.999884 0.000032 0.000081 0.000000 0.000003
0 0 0.981126 0.003882 0.014883 0.000014 0.000096
0 0 0.999193 0.000265 0.000533 0.000000 0.000008
0 0 0.623195 0.104281 0.257886 0.005124 0.009513
0 0 0.998475 0.000860 0.000587 0.000000 0.000078
0 0 0.716738 0.033134 0.241531 0.002230 0.006367
0 0 0.999116 0.000175 0.000684 0.000004 0.000021
0 0 0.947441 0.007838 0.043763 0.000171 0.000786
0 0 0.999645 0.000095 0.000243 0.000002 0.000015
0 0 0.999587 0.000112 0.000296 0.000000 0.000006
0 0 0.996159 0.001155 0.002671 0.000000 0.000015
0 0 0.973257 0.013744 0.009659 0.000171 0.003169
0 0 0.995987 0.001176 0.002816 0.000000 0.000022
0 0 0.999767 0.000130 0.000096 0.000000 0.000007
0 0 0.999990 0.000006 0.000003 0.000000 0.000001
0 0 0.999986 0.000010 0.000003 0.000000 0.000001
0 0 0.999486 0.000170 0.000331 0.000000 0.000012
0 0 0.997965 0.000701 0.001312 0.000000 0.000022
0 0 0.990875 0.001999 0.007004 0.000027 0.000095
0 0 0.999023 0.000262 0.000710 0.000000 0.000005
0 0 0.998544 0.000821 0.000591 0.000000 0.000044
0 0 0.996855 0.000978 0.002128 0.000001 0.000037
0 0 0.996850 0.001805 0.001259 0.000000 0.000086
0 0 0.733855 0.079227 0.183046 0.000069 0.003802
0 1 0.951557 0.035024 0.012690 0.000000 0.000729
0 1 0.960912 0.023139 0.014266 0.000011 0.001672
0 1 0.666829 0.245460 0.063215 0.000044 0.024452
0 0 0.981765 0.010169 0.007766 0.000001 0.000300
0 0 0.974484 0.001362 0.024100 0.000009 0.000045
0 0 0.966075 0.017135 0.011121 0.000385 0.005284
0 0 0.999336 0.000281 0.000360 0.000000 0.000022
0 0 0.991115 0.004456 0.004002 0.000007 0.000419
0 0 0.989279 0.006158 0.004237 0.000001 0.000326
0 0 0.992854 0.003669 0.003084 0.000006 0.000386
0 0 0.995983 0.002716 0.001142 0.000000 0.000159
0 0 0.987694 0.007535 0.004545 0.000000 0.000226
0 0 0.996971 0.002021 0.000828 0.000000 0.000180
0 1 0.594592 0.278356 0.115661 0.000024 0.011367
0 1 0.956080 0.017774 0.024609 0.000017 0.001520
0 1 0.687427 0.173191 0.126248 0.000078 0.013056
0 1 0.821682 0.124056 0.044721 0.000023 0.009517
2 2 0.000169 0.048934 0.947014 0.001022 0.002860
2 2 0.050420 0.054607 0.890324 0.003061 0.001588
2 2 0.040119 0.278537 0.673288 0.000027 0.008029
2 2 0.365269 0.085143 0.536348 0.000375 0.012864
1 2 0.189769 0.489710 0.303930 0.000013 0.016578
2 2 0.001267 0.015487 0.980405 0.001320 0.001522
0 0 0.964048 0.008957 0.026524 0.000009 0.000463
0 0 0.991254 0.004228 0.004393 0.000000 0.000123
0 0 0.998845 0.000591 0.000539 0.000000 0.000024
0 0 0.999565 0.000157 0.000268 0.000000 0.000009
0 0 0.995665 0.002678 0.001532 0.000000 0.000125
0 0 0.990946 0.005863 0.002729 0.000001 0.000461
0 0 0.995164 0.003052 0.001703 0.000000 0.000081
0 1 0.915282 0.029344 0.053736 0.000039 0.001598
0 1 0.886038 0.075431 0.033297 0.000017 0.005217
0 1 0.999831 0.000080 0.000080 0.000000 0.000008
0 0 0.998118 0.000689 0.001175 0.000000 0.000018
0 1 0.468767 0.388435 0.124043 0.000027 0.018727
0 1 0.669165 0.225855 0.099364 0.000006 0.005609
2 2 0.125043 0.230508 0.636278 0.000649 0.007521
2 2 0.007399 0.232471 0.654231 0.075434 0.030465
0 0 0.780348 0.080809 0.137316 0.000036 0.001490
0 0 0.969007 0.021511 0.008714 0.000000 0.000767
0 1 0.780577 0.078694 0.138429 0.000085 0.002215
2 2 0.000150 0.047217 0.947238 0.003939 0.001456
2 2 0.001409 0.076814 0.916993 0.001185 0.003598
2 2 0.008456 0.182366 0.797918 0.005831 0.005430
2 2 0.002696 0.058490 0.928038 0.001194 0.009582
2 2 0.002370 0.098421 0.849099 0.001868 0.048241
2 2 0.001165 0.059428 0.929032 0.000614 0.009762
2 2 0.001320 0.044710 0.951400 0.001501 0.001069
2 2 0.001519 0.023884 0.972597 0.000292 0.001707
2 2 0.000014 0.005745 0.989838 0.004347 0.000056
2 2 0.000009 0.004177 0.976483 0.019292 0.000039
2 2 0.000054 0.017194 0.969208 0.012368 0.001177
2 2 0.000004 0.005008 0.991239 0.003564 0.000185
2 2 0.000051 0.029779 0.966526 0.001524 0.002120
2 2 0.000033 0.003891 0.994191 0.001754 0.000130
2 2 0.000646 0.004406 0.949584 0.045057 0.000307
2 2 0.000102 0.011179 0.977117 0.001565 0.010037
2 2 0.000439 0.006855 0.984174 0.006333 0.002200
2 2 0.000006 0.001226 0.968929 0.029592 0.000247
2 2 0.000000 0.000363 0.978718 0.020915 0.000004
2 2 0.000070 0.010210 0.942352 0.013632 0.033736
2 2 0.000001 0.000509 0.865764 0.133701 0.000025
2 2 0.000309 0.010774 0.941553 0.036460 0.010904
2 2 0.000049 0.004019 0.984750 0.010312 0.000871
2 2 0.000351 0.010818 0.965337 0.017272 0.006223
2 2 0.000501 0.007539 0.964104 0.025818 0.002038
2 2 0.000000 0.000058 0.938633 0.061308 0.000001
2 2 0.000195 0.005672 0.867572 0.122024 0.004537
2 2 0.000012 0.001595 0.982818 0.015153 0.000421
2 2 0.000002 0.003375 0.913293 0.083168 0.000162
2 2 0.000002 0.000886 0.963819 0.035089 0.000203
2 2 0.000019 0.001653 0.906000 0.091738 0.000590
2 2 0.000003 0.001300 0.912111 0.086516 0.000071
2 2 0.000014 0.003907 0.980998 0.014742 0.000339
2 2 0.000000 0.000454 0.882836 0.116694 0.000015
2 3 0.000000 0.000326 0.984690 0.014956 0.000028
2 3 0.000002 0.000798 0.959381 0.039505 0.000314
2 3 0.000000 0.000249 0.957998 0.041739 0.000013
2 3 0.000003 0.000566 0.601653 0.397716 0.000063
2 2 0.000003 0.000777 0.816563 0.182626 0.000032
2 2 0.001106 0.004756 0.552009 0.442074 0.000056
2 2 0.006484 0.041491 0.945837 0.004753 0.001435
2 2 0.000002 0.002265 0.997126 0.000591 0.000017
2 2 0.000854 0.021061 0.972050 0.003201 0.002833
2 2 0.000012 0.002949 0.925563 0.071391 0.000085
2 2 0.000001 0.002486 0.992160 0.005236 0.000117
2 2 0.000000 0.000136 0.994429 0.005433 0.000002
2 2 0.000003 0.000799 0.965276 0.033892 0.000030
2 2 0.000349 0.016354 0.972995 0.008132 0.002170
2 2 0.000048 0.002204 0.977751 0.019905 0.000091
2 2 0.001002 0.025146 0.969650 0.000928 0.003274
2 2 0.005114 0.021384 0.940974 0.029042 0.003486
2 2 0.000001 0.005264 0.993897 0.000794 0.000043
2 2 0.000103 0.003161 0.976802 0.019874 0.000060
2 2 0.000002 0.001018 0.885854 0.113110 0.000017
2 2 0.002721 0.017487 0.975903 0.001166 0.002723
2 2 0.009874 0.022327 0.954152 0.013533 0.000114
2 2 0.000146 0.012754 0.964529 0.021742 0.000829
2 2 0.000001 0.000790 0.965739 0.033463 0.000006
2 2 0.001173 0.019679 0.957176 0.020873 0.001099
2 2 0.000002 0.000865 0.993528 0.005600 0.000005
2 2 0.000010 0.001045 0.989384 0.009519 0.000042
2 2 0.000001 0.000896 0.990991 0.008081 0.000030
2 3 0.000001 0.000316 0.957614 0.042059 0.000011
2 3 0.000000 0.000072 0.791622 0.208306 0.000000
3 3 0.000001 0.000297 0.252038 0.747657 0.000007
2 3 0.000000 0.000117 0.774091 0.225791 0.000001
2 3 0.000017 0.002432 0.710896 0.286544 0.000110
2 3 0.000010 0.000589 0.735377 0.264017 0.000007
0 0 0.739264 0.019087 0.239382 0.001471 0.000797
0 0 0.930046 0.008019 0.061093 0.000153 0.000688
2 1 0.028854 0.153042 0.811196 0.000208 0.006699
0 1 0.771247 0.118061 0.104589 0.000012 0.006092
0 1 0.393949 0.193461 0.377209 0.000106 0.035274
2 2 0.001594 0.067496 0.921297 0.002057 0.007556
2 2 0.075109 0.176628 0.696796 0.003943 0.047523
2 2 0.000000 0.000535 0.997068 0.002396 0.000001
2 2 0.088970 0.043098 0.862428 0.000392 0.005112
0 1 0.726275 0.173868 0.057119 0.000239 0.042500
0 0 0.947894 0.028733 0.018168 0.000002 0.005203
2 1 0.083428 0.236569 0.650032 0.003478 0.026492
2 2 0.000205 0.055944 0.940964 0.001547 0.001340
2 2 0.003428 0.033800 0.956863 0.003728 0.002181
2 2 0.000008 0.003376 0.992798 0.003724 0.000094
2 2 0.000020 0.003112 0.987717 0.009091 0.000059
2 2 0.000358 0.042114 0.949911 0.000739 0.006878
2 2 0.000001 0.001605 0.989450 0.008871 0.000072
2 2 0.000061 0.002590 0.987724 0.009356 0.000270
2 2 0.000002 0.002391 0.993893 0.003631 0.000084
2 2 0.001223 0.044773 0.937681 0.009056 0.007267
2 2 0.000019 0.002973 0.980691 0.016155 0.000161
2 2 0.000001 0.000820 0.934686 0.064466 0.000027
2 2 0.000106 0.009588 0.986341 0.000839 0.003125
2 2 0.000001 0.001663 0.979783 0.018499 0.000054
2 2 0.000001 0.001069 0.983359 0.015456 0.000115
2 2 0.000170 0.009809 0.979541 0.003838 0.006642
2 2 0.000041 0.003356 0.990856 0.004148 0.001599
2 2 0.000022 0.006766 0.978809 0.005351 0.009051
2 2 0.000036 0.006363 0.960611 0.023122 0.009868
2 2 0.000002 0.001753 0.976956 0.020772 0.000517
2 2 0.000044 0.004856 0.989308 0.005224 0.000567
2 2 0.000001 0.001777 0.934641 0.062812 0.000769
2 2 0.000000 0.000673 0.996008 0.003270 0.000049
2 2 0.000000 0.001091 0.949593 0.049274 0.000042
2 2 0.000474 0.026235 0.909656 0.002477 0.061159
2 2 0.002357 0.055962 0.838473 0.002612 0.100597
4 4 0.007030 0.027718 0.137834 0.001411 0.826006
2 4 0.032436 0.117397 0.574770 0.001936 0.273460
2 4 0.001267 0.077806 0.574926 0.003677 0.342324
4 4 0.012044 0.107337 0.104172 0.000024 0.776424
4 4 0.023953 0.057725 0.083809 0.000150 0.834363
4 4 0.002250 0.010996 0.062859 0.004367 0.919528
4 4 0.015569 0.082416 0.141432 0.002579 0.758004
4 4 0.017786 0.079000 0.382128 0.000948 0.520137
4 4 0.004845 0.011253 0.030043 0.000685 0.953173
2 4 0.011993 0.086946 0.450919 0.002647 0.447495
4 4 0.007411 0.016339 0.031710 0.000899 0.943640
4 4 0.031138 0.095162 0.211161 0.001109 0.661430
2 4 0.010496 0.108532 0.482834 0.000342 0.397795
4 4 0.028672 0.060153 0.145623 0.002458 0.763094
4 4 0.000887 0.016193 0.048503 0.001725 0.932693
4 4 0.006450 0.073996 0.299935 0.000132 0.619487
2 4 0.000827 0.055637 0.811583 0.008834 0.123119
4 4 0.007270 0.065456 0.185199 0.000092 0.741984
4 4 0.034397 0.112890 0.191124 0.000034 0.661555
4 4 0.003721 0.054489 0.078909 0.000924 0.861957
4 4 0.016818 0.063750 0.036057 0.000049 0.883326
0 4 0.546861 0.057691 0.033548 0.000068 0.361833
2 4 0.003064 0.075976 0.506516 0.020187 0.394258
4 4 0.011028 0.058922 0.176617 0.003426 0.750007
4 4 0.017085 0.022540 0.021212 0.001220 0.937943
4 4 0.010685 0.033940 0.066936 0.000687 0.887752
0 4 0.835052 0.036831 0.040952 0.000075 0.087088
4 4 0.006026 0.160452 0.370411 0.000093 0.463018
4 4 0.072486 0.026716 0.029940 0.004634 0.866224
4 4 0.003538 0.071288 0.385893 0.001139 0.538142
4 4 0.003013 0.019360 0.028175 0.000159 0.949294
2 4 0.007382 0.098456 0.732570 0.001604 0.159988
4 4 0.026644 0.063059 0.353675 0.040222 0.516400
0 4 0.571972 0.088728 0.203038 0.000089 0.136173
4 4 0.016663 0.047739 0.071996 0.000026 0.863576
4 4 0.007581 0.022948 0.080547 0.000852 0.888073
2 4 0.014044 0.136161 0.466520 0.002104 0.381170
2 4 0.003771 0.086636 0.678464 0.005493 0.225637
2 4 0.009948 0.082824 0.741718 0.000427 0.165082
4 4 0.042293 0.192336 0.267795 0.000097 0.497479
2 4 0.005060 0.077661 0.784437 0.005170 0.127672
4 4 0.023798 0.036864 0.111302 0.006442 0.821594
4 4 0.031203 0.017241 0.024554 0.003254 0.923748
4 4 0.004954 0.013624 0.014918 0.000093 0.966412
4 4 0.004536 0.020547 0.032649 0.001933 0.940335
4 4 0.005641 0.040423 0.094610 0.000466 0.858860
4 4 0.032852 0.043609 0.047570 0.002388 0.873581
2 4 0.001608 0.105256 0.621123 0.000509 0.271505
4 4 0.021750 0.048458 0.108448 0.000472 0.820871
4 4 0.043439 0.018975 0.017125 0.001019 0.919442
4 4 0.009446 0.106182 0.403188 0.000427 0.480756
4 4 0.002094 0.037702 0.084468 0.001193 0.874543
4 4 0.004502 0.036116 0.075763 0.000751 0.882869
2 4 0.001960 0.055197 0.604069 0.002100 0.336673
4 4 0.018863 0.026924 0.060732 0.001719 0.891763
2 4 0.003072 0.055938 0.494761 0.002836 0.443393
2 4 0.001286 0.073608 0.473476 0.000677 0.450953
4 4 0.013085 0.043853 0.035179 0.002460 0.905423
4 4 0.005715 0.124290 0.221093 0.000082 0.648820
4 4 0.006493 0.035201 0.181625 0.001211 0.775470
2 4 0.060113 0.195525 0.564585 0.001828 0.177949
0 4 0.593708 0.069214 0.228489 0.000348 0.108242
2 4 0.286536 0.105263 0.328540 0.001965 0.277696
2 2 0.002047 0.052709 0.933082 0.000747 0.011414
2 2 0.004050 0.123264 0.657083 0.000314 0.215289
2 2 0.000027 0.010368 0.982695 0.002634 0.004276
2 2 0.000035 0.022625 0.955364 0.001473 0.020503
2 2 0.000915 0.087339 0.836622 0.002478 0.072646
2 2 0.000012 0.005143 0.990542 0.002473 0.001830
2 2 0.000840 0.037788 0.895394 0.004119 0.061860
2 2 0.000026 0.010857 0.967890 0.020131 0.001097
2 2 0.000087 0.018717 0.966434 0.001743 0.013019
2 2 0.000009 0.002593 0.971998 0.025087 0.000313
2 2 0.000217 0.013369 0.975768 0.001461 0.009184
2 2 0.000775 0.011121 0.978798 0.007866 0.001440
2 2 0.001295 0.015633 0.968970 0.013023 0.001079
2 2 0.000058 0.017422 0.969466 0.003495 0.009558
2 2 0.000069 0.019593 0.965472 0.007947 0.006919
2 2 0.000034 0.008917 0.984313 0.002316 0.004420
2 2 0.000140 0.012982 0.955624 0.016676 0.014579
2 2 0.000000 0.000116 0.990357 0.009526 0.000002
2 2 0.000000 0.000977 0.990794 0.007751 0.000478
2 2 0.000044 0.009725 0.954263 0.033821 0.002146
2 2 0.000299 0.012730 0.978085 0.001632 0.007254
2 2 0.000001 0.001013 0.991949 0.006864 0.000173
2 2 0.000679 0.008087 0.972568 0.015366 0.003300
2 2 0.000459 0.010167 0.968079 0.011115 0.010179
2 2 0.000006 0.001911 0.978780 0.018692 0.000610
2 2 0.000001 0.001658 0.985969 0.011771 0.000601
2 2 0.000000 0.000514 0.901470 0.097875 0.000140
2 2 0.000003 0.000702 0.987419 0.011827 0.000049
2 2 0.000009 0.001978 0.896554 0.100720 0.000738
2 2 0.000001 0.000749 0.924925 0.074291 0.000034
2 2 0.000001 0.000947 0.887752 0.111260 0.000040
2 2 0.000001 0.000523 0.916210 0.083230 0.000035
2 2 0.000096 0.003054 0.697976 0.297489 0.001385
2 2 0.001786 0.014925 0.551072 0.425721 0.006496
2 2 0.000005 0.004473 0.984308 0.011153 0.000060
2 2 0.002751 0.009748 0.735325 0.250881 0.001295
2 2 0.000002 0.000882 0.935029 0.064071 0.000016
2 2 0.000011 0.002379 0.857144 0.140420 0.000046
2 2 0.000045 0.004352 0.920520 0.074603 0.000481
2 2 0.000616 0.018926 0.937484 0.040433 0.002541
2 2 0.000033 0.004773 0.969165 0.025191 0.000838
2 2 0.000010 0.001612 0.929825 0.068532 0.000021
2 2 0.000036 0.003836 0.992951 0.002942 0.000236
2 3 0.000001 0.000980 0.883500 0.115433 0.000086
2 3 0.000000 0.000232 0.645357 0.354408 0.000003
2 3 0.000001 0.000409 0.985491 0.014066 0.000034
3 3 0.000000 0.000174 0.217208 0.782590 0.000028
2 3 0.000001 0.000665 0.948192 0.051094 0.000049
2 3 0.000006 0.000549 0.661003 0.338407 0.000036
2 3 0.000004 0.000803 0.652114 0.347005 0.000073
3 3 0.000030 0.001338 0.407558 0.590568 0.000507
3 3 0.000001 0.000080 0.092316 0.907598 0.000005
2 3 0.000214 0.015266 0.890895 0.066499 0.027125
3 3 0.000000 0.000102 0.200677 0.799220 0.000001
3 3 0.000000 0.000024 0.027933 0.972040 0.000003
3 3 0.000000 0.000009 0.024028 0.975962 0.000000
3 3 0.000000 0.000098 0.037053 0.962824 0.000025
3 3 0.000000 0.000092 0.086521 0.913384 0.000002
2 3 0.000192 0.004637 0.586800 0.407016 0.001355
3 3 0.000024 0.000916 0.185725 0.813204 0.000131
3 3 0.000001 0.000223 0.146148 0.853605 0.000023
3 3 0.000002 0.000104 0.029419 0.970454 0.000021
3 3 0.000001 0.000098 0.043979 0.955914 0.000007
3 3 0.000012 0.000634 0.072399 0.926908 0.000046
3 3 0.000000 0.000131 0.184921 0.814947 0.000001
3 3 0.000004 0.000365 0.131814 0.867736 0.000081
3 3 0.000000 0.000050 0.069647 0.930302 0.000001
3 3 0.000001 0.000124 0.022892 0.976961 0.000022
3 3 0.000001 0.000681 0.442549 0.556717 0.000051
3 3 0.000002 0.000199 0.038170 0.961599 0.000030
3 3 0.000033 0.000631 0.106255 0.892997 0.000085
3 3 0.000000 0.000010 0.024298 0.975691 0.000000
3 3 0.000018 0.001909 0.183895 0.811974 0.002204
3 3 0.000000 0.000001 0.001679 0.998320 0.000000
3 3 0.000002 0.000247 0.126699 0.872972 0.000078
3 3 0.000000 0.000003 0.005101 0.994896 0.000000
3 3 0.000000 0.000002 0.003454 0.996543 0.000000
3 3 0.000020 0.000726 0.043663 0.955042 0.000549
3 3 0.000003 0.000296 0.111441 0.888244 0.000016
3 3 0.000000 0.000002 0.002030 0.997968 0.000000
3 3 0.000213 0.002391 0.091899 0.904366 0.001131
3 3 0.000000 0.000026 0.176773 0.823201 0.000001
3 3 0.000000 0.000049 0.041065 0.958884 0.000002
3 3 0.000000 0.000026 0.011825 0.988144 0.000005
3 3 0.000001 0.000428 0.132025 0.867399 0.000148
3 3 0.000053 0.001199 0.050105 0.947232 0.001411
3 3 0.000003 0.000339 0.236344 0.763311 0.000003
3 3 0.000001 0.000079 0.032405 0.967501 0.000014
3 3 0.000000 0.000044 0.019857 0.980097 0.000001
3 3 0.000009 0.000105 0.010451 0.989388 0.000048
3 3 0.000000 0.000027 0.021021 0.978947 0.000005
3 3 0.000000 0.000009 0.168325 0.831666 0.000000
3 3 0.000016 0.000444 0.045980 0.952888 0.000672
3 3 0.000000 0.000001 0.000587 0.999412 0.000000
3 3 0.000000 0.000043 0.033808 0.966145 0.000003
3 3 0.000006 0.000417 0.078909 0.920592 0.000075
3 3 0.000012 0.001201 0.210234 0.787489 0.001064
3 3 0.000001 0.000017 0.003192 0.996787 0.000003
3 3 0.000000 0.000008 0.002097 0.997895 0.000000
2 3 0.000591 0.010806 0.878961 0.108978 0.000664
2 3 0.006871 0.059834 0.823427 0.105839 0.004029
2 2 0.000886 0.014093 0.863514 0.120717 0.000790
2 2 0.000000 0.000624 0.860198 0.139175 0.000002
2 2 0.000002 0.000680 0.794920 0.204391 0.000007
2 2 0.000232 0.011917 0.746174 0.241180 0.000497
2 2 0.000198 0.019608 0.974629 0.002546 0.003018
2 2 0.000006 0.001961 0.982703 0.015286 0.000043
0 2 0.413485 0.157539 0.412257 0.000364 0.016355
2 2 0.000013 0.005504 0.989370 0.005037 0.000078
2 2 0.000710 0.030063 0.852761 0.113517 0.002949
2 2 0.000806 0.028600 0.942957 0.013185 0.014450
2 2 0.001436 0.020308 0.939995 0.034316 0.003946
2 2 0.000001 0.002171 0.918831 0.078942 0.000055
2 2 0.001970 0.027715 0.939466 0.012387 0.018462
2 2 0.000001 0.005392 0.992608 0.001326 0.000673
2 2 0.000026 0.003005 0.919483 0.077311 0.000175
2 2 0.000000 0.001030 0.995211 0.003740 0.000019
2 2 0.000006 0.001260 0.920208 0.078473 0.000053
2 2 0.000063 0.001934 0.924763 0.073066 0.000174
2 2 0.000033 0.003230 0.958862 0.036908 0.000967
2 2 0.000017 0.006793 0.986964 0.002832 0.003394
2 2 0.000002 0.001129 0.992472 0.006136 0.000261
2 2 0.000000 0.000361 0.939669 0.059949 0.000021
2 2 0.005626 0.095108 0.826172 0.003422 0.069671
2 2 0.000006 0.005269 0.979138 0.014417 0.001170
2 2 0.000061 0.016581 0.933236 0.010899 0.039224
2 2 0.000019 0.013325 0.957618 0.003330 0.025708
2 2 0.000004 0.001601 0.976050 0.022194 0.000152
2 2 0.000114 0.012373 0.911405 0.032359 0.043749
4 2 0.002231 0.029573 0.396655 0.002274 0.569268
2 2 0.000182 0.045029 0.873288 0.007515 0.073987
2 2 0.000295 0.036387 0.907249 0.006125 0.049944
2 2 0.001140 0.024067 0.955947 0.002292 0.016555
4 4 0.001850 0.032414 0.148027 0.002319 0.815390
4 4 0.198542 0.119701 0.305593 0.000810 0.375354
2 4 0.028292 0.053391 0.879907 0.002238 0.036172
2 4 0.006471 0.030309 0.692654 0.044196 0.226370
2 4 0.001245 0.062022 0.793354 0.007693 0.135687
2 4 0.000759 0.043277 0.874517 0.005292 0.076155
2 4 0.008443 0.058426 0.903737 0.001715 0.027680
4 4 0.008812 0.110712 0.238865 0.000531 0.641080
2 4 0.000042 0.016541 0.972124 0.003338 0.007955
2 4 0.001623 0.050584 0.820340 0.002746 0.124707
2 4 0.000135 0.022454 0.962403 0.002626 0.012381
2 4 0.000611 0.055095 0.852727 0.003895 0.087671
2 4 0.001462 0.015491 0.936016 0.034844 0.012186
2 4 0.000033 0.015399 0.943253 0.002037 0.039278
4 4 0.021065 0.127329 0.275210 0.000542 0.575855
2 4 0.000984 0.053397 0.843471 0.013562 0.088586
2 4 0.037598 0.124222 0.496652 0.002810 0.338717
2 4 0.002866 0.081830 0.703914 0.003058 0.208331
2 4 0.002557 0.050665 0.862131 0.002087 0.082560
2 4 0.001201 0.057111 0.796607 0.007646 0.137435
4 4 0.004307 0.010867 0.045690 0.001884 0.937251
4 4 0.260737 0.064021 0.062064 0.001028 0.612150
2 4 0.084554 0.115138 0.479487 0.001278 0.319543
2 4 0.002923 0.070206 0.623157 0.000364 0.303349
2 4 0.048835 0.052712 0.848130 0.005969 0.044354
2 4 0.000835 0.048271 0.922451 0.001545 0.026898
2 4 0.002369 0.057305 0.893383 0.000792 0.046151
2 4 0.005210 0.099428 0.880161 0.000092 0.015109
2 4 0.000852 0.035098 0.938257 0.003411 0.022382
2 2 0.000023 0.004474 0.988341 0.005096 0.002065
2 2 0.000117 0.020620 0.957297 0.010933 0.011032
2 2 0.000033 0.005745 0.991813 0.001279 0.001130
2 0 0.014328 0.047416 0.933034 0.000751 0.004471
1 0 0.157046 0.600118 0.236557 0.000003 0.006276
0 0 0.989613 0.006522 0.002790 0.000001 0.001075
2 1 0.016667 0.080473 0.898582 0.001009 0.003269
0 1 0.724133 0.137605 0.130417 0.000196 0.007649
2 1 0.001637 0.068035 0.925357 0.000561 0.004410
0 0 0.980210 0.006752 0.011999 0.000016 0.001023
2 1 0.036439 0.219469 0.731480 0.000074 0.012538
2 1 0.037163 0.157289 0.787690 0.004567 0.013291
0 2 0.491324 0.269420 0.221639 0.000598 0.017020
2 2 0.000150 0.045693 0.945402 0.002402 0.006354
2 2 0.022841 0.042138 0.922719 0.007977 0.004325
0 0 0.995421 0.002851 0.001269 0.000000 0.000459
0 0 0.859288 0.078856 0.040115 0.000227 0.021514
0 0 0.999439 0.000256 0.000243 0.000002 0.000060
0 0 0.732038 0.164715 0.093675 0.000068 0.009503
0 1 0.812783 0.067345 0.070011 0.000141 0.049719
2 1 0.147071 0.336732 0.476260 0.000464 0.039474
0 1 0.952054 0.022956 0.023879 0.000009 0.001103
2 1 0.066067 0.257512 0.479954 0.000445 0.196023
2 1 0.292315 0.213998 0.423861 0.000431 0.069395
2 1 0.018110 0.071113 0.893003 0.007536 0.010238
2 2 0.001763 0.101555 0.867091 0.001748 0.027843
2 2 0.000190 0.025973 0.969289 0.004108 0.000441
2 2 0.015946 0.152491 0.822214 0.001897 0.007452
2 2 0.002460 0.063381 0.931185 0.000471 0.002503
2 2 0.016936 0.229457 0.740731 0.001932 0.010943
2 2 0.007114 0.122188 0.869340 0.000264 0.001094
2 2 0.047691 0.241223 0.702929 0.000247 0.007911
2 2 0.001370 0.052094 0.943206 0.001989 0.001341
2 2 0.001934 0.062604 0.928251 0.000975 0.006236
2 2 0.002217 0.057949 0.926420 0.012068 0.001346
2 2 0.069309 0.230027 0.672772 0.000343 0.027550
2 2 0.011135 0.154489 0.822129 0.000045 0.012202
2 2 0.128054 0.155575 0.696072 0.003112 0.017187
2 2 0.018800 0.087427 0.878783 0.010293 0.004697
2 2 0.012016 0.183714 0.792358 0.000165 0.011747
2 2 0.003021 0.067502 0.920972 0.001117 0.007389
2 2 0.048429 0.178684 0.769841 0.000228 0.002819
2 2 0.000564 0.042448 0.947794 0.008350 0.000844
2 2 0.000004 0.005014 0.992567 0.002396 0.000019
2 2 0.004817 0.029410 0.964127 0.000115 0.001532
2 2 0.000114 0.003553 0.980422 0.015717 0.000194
2 2 0.019779 0.069860 0.903235 0.003204 0.003922
2 2 0.000958 0.015745 0.963809 0.018787 0.000702
2 2 0.000001 0.003393 0.981061 0.015319 0.000226
2 2 0.000001 0.000747 0.907517 0.091659 0.000077
2 2 0.000010 0.002386 0.977084 0.019933 0.000587
2 2 0.000001 0.000490 0.861560 0.137932 0.000016
2 2 0.000013 0.002295 0.969706 0.027848 0.000138
2 2 0.000007 0.005870 0.980855 0.012758 0.000510
2 2 0.000000 0.000554 0.966206 0.033223 0.000016
2 2 0.000265 0.011512 0.980711 0.005572 0.001941
2 2 0.000004 0.001384 0.994771 0.003756 0.000086
2 2 0.000001 0.000536 0.963193 0.036254 0.000016
2 2 0.000061 0.001578 0.981769 0.016491 0.000101
2 2 0.001647 0.024874 0.962324 0.006963 0.004192
2 2 0.000010 0.012091 0.965078 0.019639 0.003183
2 2 0.000000 0.000148 0.982235 0.017613 0.000004
2 2 0.000050 0.003218 0.977527 0.017498 0.001707
2 2 0.000000 0.000963 0.980407 0.018544 0.000085
2 2 0.000091 0.004308 0.984250 0.010943 0.000408
