0 0 0.543238 0.442805 0.002806 0.000000 0.011151
0 0 0.975566 0.016236 0.003202 0.000003 0.004993
0 0 0.980786 0.014879 0.002629 0.000029 0.001677
0 0 0.984935 0.004361 0.004378 0.000336 0.005990
0 0 0.886714 0.066855 0.015173 0.000088 0.031169
0 0 0.758669 0.158674 0.076994 0.000234 0.005428
0 0 0.663379 0.173781 0.071812 0.000261 0.090766
0 0 0.582044 0.222382 0.179248 0.000838 0.015489
0 0 0.643076 0.258518 0.073882 0.000223 0.024301
0 0 0.712856 0.209820 0.071263 0.000025 0.006036
0 0 0.661652 0.239440 0.087431 0.000045 0.011432
2 0 0.244508 0.355739 0.398719 0.000006 0.001028
0 0 0.886395 0.074548 0.022745 0.000586 0.015726
0 0 0.837456 0.113842 0.039037 0.001179 0.008486
0 0 0.625317 0.108253 0.093639 0.007099 0.165692
0 0 0.628221 0.171789 0.156665 0.004594 0.038731
0 0 0.787109 0.003269 0.001652 0.000124 0.207846
0 0 0.700179 0.098433 0.081398 0.006583 0.113407
0 0 0.847820 0.084241 0.059209 0.001619 0.007111
0 0 0.810176 0.055462 0.077726 0.038736 0.017899
0 0 0.825231 0.107895 0.019539 0.000148 0.047187
0 0 0.823602 0.017896 0.042001 0.060208 0.056293
0 0 0.921174 0.008418 0.005565 0.000734 0.064109
0 0 0.981569 0.011492 0.004113 0.000064 0.002762
0 0 0.948717 0.013965 0.006964 0.000037 0.030316
0 0 0.789135 0.030248 0.064847 0.010961 0.104809
0 0 0.926431 0.006100 0.004850 0.000874 0.061744
0 0 0.940912 0.036629 0.010851 0.000486 0.011122
4 0 0.420889 0.009322 0.031775 0.015408 0.522606
0 0 0.604752 0.129087 0.243343 0.002239 0.020579
0 0 0.625001 0.123385 0.119276 0.002522 0.129816
0 0 0.904319 0.025253 0.056664 0.000682 0.013082
0 0 0.976377 0.006946 0.004830 0.000031 0.011816
0 0 0.510510 0.179847 0.160384 0.013935 0.135324
0 0 0.796023 0.092038 0.057435 0.000372 0.054132
0 0 0.718382 0.093387 0.105543 0.006232 0.076456
0 0 0.984167 0.003205 0.001953 0.000005 0.010670
0 0 0.994823 0.002651 0.000453 0.000001 0.002071
0 0 0.997421 0.001207 0.000297 0.000007 0.001068
0 0 0.936718 0.041694 0.013238 0.000085 0.008264
0 0 0.966058 0.011243 0.009018 0.000346 0.013335
0 0 0.983491 0.005352 0.002608 0.000088 0.008461
0 0 0.591533 0.122866 0.182749 0.013806 0.089046
0 0 0.953874 0.022274 0.014136 0.000033 0.009684
0 0 0.915554 0.020403 0.019337 0.000231 0.044476
0 0 0.714287 0.060497 0.093219 0.009759 0.122238
0 0 0.905791 0.041137 0.044901 0.002436 0.005735
0 0 0.983457 0.007335 0.005808 0.000340 0.003060
0 0 0.989206 0.003510 0.002854 0.000135 0.004295
0 0 0.967121 0.012233 0.013402 0.000139 0.007104
0 0 0.933183 0.026953 0.028900 0.000917 0.010046
0 0 0.939599 0.026637 0.015798 0.000453 0.017513
0 0 0.871885 0.047079 0.053857 0.008193 0.018986
0 0 0.603843 0.141027 0.228278 0.001214 0.025638
0 0 0.981035 0.006049 0.003302 0.000128 0.009486
0 0 0.978651 0.004923 0.002718 0.000067 0.013642
0 0 0.981560 0.006692 0.007313 0.000026 0.004409
0 0 0.893864 0.017966 0.056679 0.021167 0.010324
0 0 0.995558 0.002611 0.001760 0.000016 0.000056
0 0 0.927056 0.023723 0.038132 0.001050 0.010040
0 0 0.994412 0.001726 0.001087 0.000135 0.002641
0 0 0.959478 0.020622 0.012602 0.000046 0.007252
0 0 0.959567 0.016033 0.005047 0.000203 0.019150
0 0 0.969520 0.005600 0.007142 0.002344 0.015393
0 0 0.958390 0.016437 0.015088 0.000258 0.009827
0 0 0.774356 0.029251 0.110582 0.014587 0.071224
0 0 0.961704 0.013470 0.021320 0.000981 0.002526
0 0 0.876600 0.070721 0.038574 0.000074 0.014031
0 0 0.862913 0.037404 0.024278 0.001853 0.073552
0 0 0.853529 0.027907 0.035115 0.009735 0.073714
0 0 0.988741 0.004793 0.003104 0.000355 0.003007
0 0 0.884632 0.048068 0.048202 0.000428 0.018669
0 0 0.696532 0.062186 0.096909 0.032574 0.111799
0 0 0.966156 0.011373 0.008318 0.000043 0.014110
0 0 0.860910 0.039226 0.063143 0.008231 0.028489
0 0 0.860538 0.036390 0.057981 0.001664 0.043427
0 0 0.989927 0.006095 0.003470 0.000065 0.000443
0 0 0.957315 0.025950 0.011454 0.000082 0.005199
0 0 0.490414 0.062813 0.054388 0.000606 0.391779
0 0 0.922300 0.060113 0.016798 0.000047 0.000743
0 0 0.999936 0.000044 0.000000 0.000000 0.000020
0 0 0.990799 0.004177 0.002300 0.000040 0.002684
0 0 0.812322 0.126883 0.029240 0.000049 0.031506
0 0 0.983566 0.010114 0.004346 0.000002 0.001973
0 0 0.673750 0.115213 0.186029 0.000450 0.024557
0 0 0.977618 0.016169 0.004028 0.000030 0.002155
0 0 0.947082 0.032994 0.008707 0.000262 0.010955
0 0 0.997685 0.001808 0.000488 0.000007 0.000012
0 0 0.963324 0.004828 0.002314 0.000026 0.029507
0 0 0.919150 0.044186 0.022126 0.000878 0.013660
0 0 0.990553 0.002173 0.004397 0.000106 0.002771
4 0 0.101349 0.039022 0.072301 0.000282 0.787046
0 0 0.936605 0.012497 0.015353 0.000124 0.035420
0 0 0.981874 0.006504 0.002494 0.000007 0.009121
0 0 0.940766 0.030356 0.021993 0.000276 0.006609
0 0 0.979920 0.011709 0.004049 0.000065 0.004258
0 0 0.986657 0.009408 0.003444 0.000008 0.000483
0 0 0.975676 0.003638 0.002716 0.000036 0.017935
0 0 0.964436 0.018831 0.007100 0.000013 0.009620
0 0 0.989105 0.004019 0.005077 0.000021 0.001778
0 0 0.944128 0.004697 0.007173 0.000186 0.043815
0 0 0.933452 0.056491 0.005932 0.000012 0.004113
0 0 0.952353 0.029109 0.017379 0.000048 0.001112
0 0 0.962034 0.021878 0.009560 0.000028 0.006500
0 0 0.647490 0.063104 0.056005 0.000104 0.233296
0 0 0.939073 0.003458 0.002801 0.000084 0.054584
0 0 0.981142 0.003744 0.001389 0.000027 0.013698
4 0 0.393758 0.001483 0.000691 0.000025 0.604043
0 0 0.996421 0.001663 0.000866 0.000002 0.001049
0 0 0.994610 0.003456 0.001258 0.000000 0.000676
0 0 0.978163 0.013225 0.005637 0.000007 0.002968
0 0 0.966747 0.015620 0.004571 0.000001 0.013061
0 0 0.953623 0.014863 0.006669 0.000013 0.024832
0 0 0.877378 0.048016 0.029941 0.000129 0.044535
0 0 0.901405 0.014634 0.010474 0.000037 0.073451
0 0 0.918156 0.013416 0.005022 0.000073 0.063332
0 0 0.910750 0.046128 0.020734 0.000003 0.022385
0 0 0.955027 0.017587 0.011277 0.000004 0.016105
0 0 0.914781 0.072705 0.008833 0.000006 0.003675
0 0 0.943558 0.028744 0.012368 0.000014 0.015316
0 0 0.961134 0.031940 0.006428 0.000007 0.000492
1 0 0.205028 0.485905 0.281750 0.000024 0.027293
0 1 0.512412 0.357022 0.102910 0.000019 0.027638
0 1 0.736092 0.238491 0.018108 0.000007 0.007302
4 1 0.013287 0.096393 0.443246 0.001273 0.445801
2 1 0.125127 0.211429 0.540558 0.004625 0.118260
2 2 0.124856 0.382246 0.456547 0.002091 0.034259
2 2 0.011997 0.165285 0.816009 0.000317 0.006393
1 2 0.255721 0.542256 0.178361 0.000179 0.023482
2 2 0.001426 0.063563 0.932004 0.000582 0.002425
2 2 0.032574 0.181689 0.700558 0.001332 0.083847
2 2 0.013155 0.095445 0.868184 0.021800 0.001416
2 2 0.004308 0.018564 0.975582 0.001250 0.000297
2 2 0.043339 0.139119 0.815563 0.000903 0.001076
2 2 0.000094 0.012255 0.983580 0.003758 0.000312
2 2 0.091947 0.040901 0.853698 0.010502 0.002952
2 2 0.000163 0.007487 0.986038 0.003542 0.002770
2 2 0.000002 0.000373 0.990083 0.009535 0.000007
2 2 0.000089 0.005523 0.993821 0.000420 0.000146
2 2 0.000343 0.004642 0.991313 0.000526 0.003176
2 2 0.006309 0.011607 0.980322 0.000590 0.001172
2 2 0.007885 0.026264 0.839695 0.114980 0.011176
2 2 0.000005 0.000991 0.984876 0.013838 0.000290
2 2 0.000543 0.005056 0.916353 0.077878 0.000170
2 2 0.000000 0.000226 0.995531 0.004148 0.000094
2 2 0.000002 0.002073 0.996687 0.001130 0.000107
2 2 0.000001 0.000220 0.977000 0.022755 0.000024
2 2 0.000000 0.000164 0.982396 0.017391 0.000049
3 2 0.000120 0.001050 0.297221 0.696057 0.005552
2 2 0.000001 0.000262 0.565656 0.434002 0.000078
2 3 0.000163 0.003101 0.805138 0.187133 0.004464
2 3 0.000000 0.000165 0.778607 0.221218 0.000009
2 3 0.000000 0.000062 0.989015 0.010923 0.000000
3 3 0.000000 0.000117 0.439536 0.560339 0.000008
2 3 0.000000 0.000121 0.909770 0.090036 0.000072
3 3 0.000000 0.000167 0.338753 0.661023 0.000057
3 3 0.000000 0.000783 0.484630 0.514402 0.000185
3 3 0.000008 0.000209 0.103450 0.895971 0.000363
3 3 0.000002 0.000123 0.058486 0.941369 0.000020
3 3 0.000002 0.000106 0.176016 0.823865 0.000011
3 3 0.000003 0.000215 0.175584 0.824099 0.000098
3 3 0.000000 0.000023 0.070839 0.929133 0.000005
3 3 0.000302 0.001867 0.159808 0.823622 0.014401
3 3 0.000000 0.000038 0.179491 0.820468 0.000003
3 3 0.000002 0.000452 0.250299 0.749228 0.000020
3 3 0.000006 0.000138 0.055112 0.944579 0.000165
3 3 0.000025 0.000423 0.360158 0.639248 0.000146
3 3 0.000135 0.001020 0.198078 0.787305 0.013462
3 3 0.000000 0.000003 0.226791 0.773206 0.000000
3 3 0.000018 0.000427 0.197230 0.801787 0.000538
2 3 0.000002 0.000661 0.535531 0.461315 0.002490
3 3 0.000000 0.000046 0.038412 0.961496 0.000046
3 3 0.000001 0.000129 0.122581 0.876063 0.001227
3 3 0.000000 0.000035 0.117027 0.882907 0.000031
3 3 0.000009 0.000170 0.068587 0.929875 0.001360
3 3 0.000028 0.000314 0.089969 0.908825 0.000863
3 3 0.000363 0.002222 0.454123 0.539653 0.003639
3 3 0.000000 0.000006 0.039271 0.960688 0.000035
3 3 0.000000 0.000031 0.090207 0.909723 0.000039
3 3 0.000001 0.000100 0.064513 0.935067 0.000319
3 3 0.000000 0.000023 0.051487 0.948412 0.000077
3 3 0.000000 0.000006 0.010521 0.989394 0.000079
3 3 0.000000 0.000007 0.051511 0.948469 0.000014
3 3 0.000002 0.000197 0.093957 0.904213 0.001631
3 3 0.000000 0.000145 0.168748 0.830699 0.000408
3 3 0.000000 0.000192 0.413415 0.585917 0.000475
3 3 0.000001 0.000043 0.030932 0.968972 0.000052
3 3 0.000000 0.000070 0.267549 0.732293 0.000087
3 3 0.000046 0.000879 0.176440 0.821187 0.001447
3 3 0.000001 0.000204 0.152865 0.846920 0.000010
3 3 0.000015 0.000117 0.027187 0.971910 0.000772
2 3 0.000007 0.000884 0.745588 0.247295 0.006225
3 3 0.000059 0.000360 0.071200 0.927499 0.000882
2 3 0.000002 0.000528 0.524038 0.473023 0.002409
3 3 0.000000 0.000045 0.133209 0.866390 0.000355
3 3 0.000001 0.000027 0.010824 0.988911 0.000237
3 3 0.000000 0.000094 0.100287 0.899566 0.000053
3 3 0.000000 0.000003 0.018547 0.981438 0.000012
3 3 0.000000 0.000002 0.057971 0.942027 0.000000
3 3 0.000008 0.000356 0.093938 0.904817 0.000882
3 3 0.000003 0.000143 0.049335 0.950269 0.000249
3 3 0.000132 0.000646 0.098710 0.897522 0.002990
3 3 0.000000 0.000002 0.002801 0.997195 0.000002
3 3 0.000595 0.002349 0.172620 0.823420 0.001016
3 3 0.000000 0.000006 0.022095 0.977864 0.000035
3 3 0.000001 0.000086 0.026545 0.972993 0.000375
3 3 0.000004 0.000072 0.028931 0.970945 0.000049
2 3 0.000261 0.014373 0.805232 0.179274 0.000860
3 3 0.000178 0.004423 0.406234 0.589024 0.000141
3 3 0.000001 0.000333 0.291715 0.707947 0.000004
2 3 0.000449 0.010296 0.957763 0.030885 0.000607
2 2 0.000821 0.015855 0.786982 0.193152 0.003190
2 2 0.000014 0.002930 0.888865 0.108113 0.000078
2 2 0.000009 0.001672 0.973780 0.024530 0.000009
2 2 0.001596 0.004728 0.987334 0.005746 0.000596
2 2 0.005014 0.011901 0.961725 0.020930 0.000431
2 2 0.000051 0.003760 0.953976 0.042179 0.000035
2 2 0.000005 0.001944 0.864522 0.133521 0.000008
2 2 0.000056 0.002149 0.997217 0.000569 0.000008
0 0 0.898185 0.025984 0.066656 0.000101 0.009075
1 0 0.244942 0.436221 0.267938 0.000017 0.050882
4 2 0.174277 0.098389 0.243124 0.000912 0.483298
0 2 0.491306 0.084067 0.309628 0.000042 0.114956
2 2 0.011406 0.270737 0.642491 0.000013 0.075354
0 2 0.710402 0.141818 0.118248 0.000010 0.029521
0 2 0.438464 0.194515 0.248706 0.000317 0.117998
2 2 0.003041 0.084661 0.870016 0.015633 0.026649
2 2 0.003499 0.169767 0.780886 0.000370 0.045478
0 0 0.831495 0.112591 0.013914 0.000000 0.042000
0 0 0.951258 0.029969 0.017969 0.000007 0.000797
0 0 0.927071 0.028074 0.005363 0.000022 0.039470
0 0 0.526280 0.288854 0.155970 0.001251 0.027644
0 0 0.551084 0.348573 0.089770 0.000064 0.010509
2 2 0.222468 0.338138 0.376151 0.000478 0.062766
0 2 0.651711 0.141480 0.203919 0.000052 0.002839
0 2 0.799710 0.162765 0.033398 0.000014 0.004113
1 2 0.130443 0.448405 0.404252 0.000194 0.016706
2 2 0.044690 0.249070 0.698259 0.000142 0.007840
2 2 0.034525 0.135832 0.825717 0.000094 0.003832
2 2 0.003677 0.046835 0.944916 0.003627 0.000944
2 2 0.000054 0.008115 0.983246 0.008565 0.000021
2 2 0.001195 0.034073 0.963300 0.001225 0.000208
2 2 0.000453 0.029977 0.968841 0.000591 0.000138
2 2 0.000217 0.004932 0.906023 0.088818 0.000010
2 2 0.000006 0.003714 0.991166 0.005081 0.000033
2 2 0.000126 0.005454 0.991692 0.002712 0.000017
2 2 0.000226 0.017398 0.981046 0.001228 0.000102
2 2 0.014452 0.058360 0.920200 0.003401 0.003588
2 2 0.311551 0.184004 0.482942 0.000298 0.021206
2 2 0.000178 0.009726 0.988045 0.000989 0.001061
2 2 0.000554 0.025639 0.964218 0.000469 0.009120
2 2 0.000005 0.000607 0.998638 0.000749 0.000001
2 2 0.022151 0.055513 0.920042 0.000076 0.002218
0 0 0.905330 0.052024 0.034130 0.000038 0.008477
0 0 0.517142 0.265754 0.150275 0.000014 0.066816
0 0 0.997716 0.000656 0.000475 0.000003 0.001149
0 0 0.966363 0.016720 0.009249 0.000002 0.007666
0 0 0.946510 0.032853 0.016934 0.000002 0.003701
0 1 0.362974 0.240200 0.166207 0.000007 0.230612
4 2 0.297409 0.116754 0.055133 0.000046 0.530657
0 2 0.728262 0.063056 0.045706 0.000010 0.162966
2 2 0.084437 0.222738 0.671127 0.000274 0.021424
2 2 0.027747 0.184324 0.613528 0.002750 0.171650
2 2 0.042841 0.267149 0.476718 0.002535 0.210757
2 2 0.018753 0.093989 0.880908 0.000344 0.006006
2 2 0.018226 0.093834 0.878756 0.003130 0.006053
2 2 0.009999 0.171391 0.811592 0.000037 0.006981
2 2 0.000387 0.018472 0.976899 0.002889 0.001354
2 2 0.000654 0.005556 0.991207 0.001673 0.000910
2 2 0.000002 0.001204 0.995170 0.003515 0.000109
2 2 0.010107 0.065310 0.921486 0.002650 0.000448
0 1 0.743651 0.131947 0.062295 0.000011 0.062096
2 1 0.096221 0.345403 0.545389 0.000090 0.012897
2 2 0.023781 0.113698 0.860173 0.000100 0.002248
2 2 0.004121 0.021005 0.971795 0.002713 0.000365
2 2 0.000052 0.007509 0.979421 0.013008 0.000010
2 2 0.000010 0.003283 0.991156 0.005539 0.000012
2 2 0.000715 0.021102 0.966758 0.011045 0.000380
2 2 0.000274 0.019516 0.979362 0.000666 0.000182
2 2 0.001306 0.018274 0.980029 0.000249 0.000142
2 2 0.044064 0.157425 0.566944 0.000692 0.230876
2 2 0.000023 0.005447 0.990803 0.003715 0.000012
2 2 0.022955 0.041050 0.930155 0.004728 0.001111
2 2 0.000025 0.005355 0.992117 0.002474 0.000029
2 2 0.000006 0.001158 0.980552 0.018236 0.000047
2 2 0.000003 0.001333 0.998356 0.000307 0.000000
2 2 0.000011 0.002408 0.988797 0.008732 0.000051
2 2 0.020914 0.030466 0.944344 0.003481 0.000795
0 1 0.801907 0.150655 0.042151 0.000016 0.005271
2 1 0.021544 0.253090 0.700824 0.000033 0.024509
2 2 0.000049 0.005642 0.992716 0.001507 0.000087
2 2 0.000908 0.015481 0.975948 0.001640 0.006023
2 2 0.000000 0.000140 0.998982 0.000877 0.000001
2 2 0.000007 0.002370 0.992109 0.005460 0.000054
2 2 0.000000 0.000873 0.998771 0.000337 0.000018
2 2 0.000030 0.001208 0.998190 0.000479 0.000092
2 2 0.000006 0.000470 0.997346 0.002019 0.000160
2 2 0.000000 0.000100 0.998540 0.001335 0.000025
2 2 0.000000 0.000019 0.998171 0.001810 0.000000
2 2 0.000004 0.000922 0.979561 0.019408 0.000105
2 2 0.000000 0.000372 0.990250 0.009366 0.000012
2 2 0.001646 0.023855 0.967908 0.000182 0.006409
1 2 0.354886 0.491717 0.146333 0.000025 0.007039
2 2 0.040394 0.147066 0.802901 0.008464 0.001174
2 2 0.006266 0.159555 0.823900 0.002526 0.007753
2 1 0.172591 0.230517 0.531291 0.000003 0.065597
2 2 0.000503 0.018596 0.976638 0.003245 0.001018
2 2 0.000004 0.000664 0.995668 0.003663 0.000002
2 2 0.000029 0.004227 0.989114 0.006606 0.000024
2 2 0.000057 0.003112 0.996330 0.000497 0.000004
0 2 0.731886 0.017585 0.249491 0.000290 0.000748
0 0 0.959407 0.035489 0.004523 0.000005 0.000575
0 0 0.456366 0.027711 0.175411 0.000594 0.339919
0 0 0.619375 0.032610 0.015500 0.000030 0.332485
0 0 0.827959 0.070250 0.063123 0.000033 0.038635
0 0 0.866447 0.056678 0.029911 0.000063 0.046901
0 0 0.986293 0.006442 0.002490 0.000029 0.004746
0 0 0.581204 0.302004 0.085662 0.000017 0.031114
2 1 0.029592 0.218009 0.678701 0.000016 0.073682
2 2 0.016724 0.128170 0.628590 0.000495 0.226022
2 2 0.000261 0.040047 0.956831 0.000659 0.002202
2 2 0.002346 0.048689 0.903385 0.003021 0.042560
2 2 0.001173 0.022840 0.965951 0.002508 0.007528
2 2 0.011724 0.048201 0.892179 0.001407 0.046489
2 2 0.000388 0.013096 0.984765 0.001104 0.000647
2 2 0.000057 0.007653 0.991317 0.000796 0.000178
2 2 0.000039 0.002471 0.994581 0.002877 0.000031
2 2 0.000004 0.001851 0.986465 0.011655 0.000026
2 2 0.000013 0.003538 0.995050 0.000802 0.000596
2 2 0.000020 0.004267 0.987269 0.004446 0.003999
2 2 0.000805 0.010110 0.985530 0.000660 0.002895
2 2 0.000000 0.000711 0.988844 0.010430 0.000015
2 2 0.000147 0.002606 0.973220 0.023880 0.000147
2 2 0.000020 0.006203 0.992735 0.000244 0.000798
2 2 0.005219 0.089427 0.904090 0.000145 0.001119
2 2 0.001268 0.015297 0.968955 0.008367 0.006114
2 2 0.000002 0.001312 0.993068 0.004945 0.000673
2 2 0.003867 0.069816 0.925150 0.000032 0.001135
2 2 0.000002 0.000542 0.998820 0.000633 0.000003
2 2 0.000058 0.005359 0.976252 0.018198 0.000133
2 2 0.000006 0.000626 0.994205 0.005159 0.000004
2 2 0.000000 0.000150 0.966940 0.032909 0.000002
2 2 0.000000 0.000055 0.935224 0.064721 0.000000
2 2 0.156091 0.289977 0.505634 0.000004 0.048294
2 2 0.000667 0.018757 0.957668 0.006177 0.016731
2 2 0.000000 0.000480 0.997703 0.000740 0.001077
2 2 0.000000 0.000685 0.994092 0.004837 0.000385
2 2 0.000000 0.000215 0.998820 0.000941 0.000024
2 2 0.000000 0.000032 0.996744 0.003220 0.000004
2 2 0.000000 0.000221 0.989588 0.010188 0.000003
2 2 0.000000 0.000026 0.986238 0.013735 0.000002
2 2 0.000000 0.000028 0.998866 0.001105 0.000002
2 2 0.000000 0.000072 0.990207 0.009718 0.000003
2 2 0.000000 0.000130 0.999206 0.000642 0.000023
2 2 0.000000 0.000258 0.998970 0.000757 0.000014
2 2 0.000186 0.004783 0.887632 0.037900 0.069499
2 2 0.000000 0.000015 0.998312 0.001671 0.000001
2 2 0.000000 0.000310 0.992111 0.007349 0.000230
2 2 0.000002 0.000663 0.984953 0.014326 0.000056
2 2 0.000025 0.002396 0.994463 0.002221 0.000895
2 2 0.000001 0.001352 0.996824 0.000474 0.001349
2 2 0.000000 0.000511 0.997929 0.000486 0.001074
2 2 0.000004 0.002631 0.991076 0.000066 0.006223
2 4 0.000538 0.011260 0.884018 0.000484 0.103700
2 4 0.000115 0.010736 0.900235 0.000553 0.088362
2 4 0.000771 0.023329 0.910269 0.000005 0.065626
2 4 0.000252 0.009727 0.765157 0.000365 0.224500
2 4 0.000015 0.005760 0.981282 0.000480 0.012462
2 4 0.002721 0.047498 0.718403 0.000944 0.230434
2 4 0.000623 0.015482 0.971374 0.000378 0.012143
2 4 0.027294 0.090997 0.628660 0.000586 0.252464
2 4 0.002280 0.029653 0.927625 0.000042 0.040401
2 4 0.001085 0.014597 0.631492 0.000197 0.352629
2 4 0.001021 0.012402 0.606495 0.000122 0.379960
2 4 0.000042 0.013150 0.908781 0.000609 0.077418
4 4 0.001570 0.035501 0.416036 0.011412 0.535481
2 4 0.001732 0.026554 0.644291 0.168276 0.159148
2 4 0.001454 0.073005 0.453895 0.037700 0.433946
2 4 0.009408 0.147184 0.608311 0.000591 0.234505
2 4 0.007223 0.031770 0.838909 0.000075 0.122023
2 4 0.000696 0.013031 0.889096 0.000165 0.097012
2 4 0.000445 0.015294 0.903664 0.000089 0.080508
2 4 0.000945 0.052044 0.850842 0.000075 0.096093
4 4 0.192933 0.211451 0.211953 0.000005 0.383658
4 4 0.002208 0.059275 0.277712 0.001405 0.659400
4 4 0.004403 0.061045 0.269771 0.001015 0.663766
4 4 0.081075 0.094391 0.104749 0.000033 0.719752
2 4 0.005145 0.030190 0.544625 0.004224 0.415817
4 4 0.030501 0.048061 0.356361 0.000494 0.564584
0 4 0.835447 0.022933 0.036146 0.000052 0.105422
2 4 0.000155 0.014895 0.891485 0.000083 0.093381
2 4 0.000781 0.052610 0.716924 0.000062 0.229623
4 4 0.003077 0.038108 0.382738 0.000132 0.575944
4 4 0.007843 0.168526 0.349607 0.000231 0.473794
2 4 0.000571 0.068476 0.792027 0.000022 0.138904
2 4 0.016511 0.129327 0.436567 0.000001 0.417594
2 4 0.000938 0.015182 0.706413 0.000373 0.277095
2 2 0.001698 0.040786 0.653904 0.000154 0.303457
4 2 0.003135 0.014402 0.232342 0.000423 0.749698
4 2 0.189837 0.301024 0.149146 0.000001 0.359991
2 2 0.007013 0.055629 0.908681 0.000094 0.028584
4 2 0.251242 0.118591 0.182462 0.001145 0.446561
2 4 0.000329 0.042916 0.814411 0.000014 0.142330
2 4 0.000183 0.027330 0.875037 0.000008 0.097442
2 4 0.000129 0.015357 0.869473 0.000023 0.115019
2 4 0.009236 0.135060 0.673679 0.000003 0.182023
2 4 0.006834 0.111834 0.622118 0.000094 0.259120
2 4 0.000859 0.039298 0.576908 0.062519 0.320417
4 4 0.003071 0.079086 0.313177 0.019353 0.585313
2 4 0.000367 0.025901 0.940339 0.000237 0.033155
2 2 0.005847 0.071618 0.697966 0.000054 0.224515
2 2 0.000643 0.028247 0.826995 0.000091 0.144024
2 2 0.000511 0.025159 0.621975 0.000055 0.352300
2 2 0.000056 0.008619 0.961029 0.000472 0.029824
2 2 0.000461 0.039060 0.803076 0.068706 0.088696
2 2 0.000958 0.025745 0.647973 0.112282 0.213041
2 2 0.000050 0.005357 0.992803 0.000123 0.001668
2 2 0.059221 0.031977 0.567117 0.002988 0.338698
2 2 0.000244 0.023281 0.973953 0.000480 0.002042
2 2 0.000281 0.007144 0.879934 0.006050 0.106590
2 2 0.000000 0.000398 0.993324 0.006166 0.000112
2 2 0.000019 0.003858 0.976551 0.000151 0.019421
2 2 0.000118 0.005756 0.501451 0.482138 0.010537
2 2 0.000004 0.001758 0.962837 0.028388 0.007014
2 2 0.000061 0.006711 0.927789 0.055841 0.009597
2 2 0.000014 0.004013 0.980104 0.000763 0.015106
2 2 0.000066 0.003951 0.945380 0.041906 0.008697
2 2 0.011547 0.028215 0.873706 0.060270 0.026262
2 2 0.000301 0.013735 0.954575 0.010843 0.020546
2 2 0.000024 0.001819 0.979254 0.007371 0.011532
2 2 0.000008 0.002726 0.989102 0.004950 0.003215
2 2 0.000023 0.001748 0.998120 0.000008 0.000100
2 2 0.009329 0.027134 0.938959 0.011604 0.012975
2 2 0.000006 0.000717 0.998396 0.000636 0.000245
2 2 0.000004 0.001082 0.851399 0.145158 0.002357
2 2 0.000001 0.000204 0.955461 0.044196 0.000139
2 2 0.000002 0.001364 0.963977 0.033961 0.000697
2 2 0.000048 0.001432 0.922461 0.075823 0.000235
2 2 0.000482 0.005302 0.590567 0.400559 0.003090
2 2 0.000013 0.002334 0.850126 0.147478 0.000049
2 2 0.000000 0.000133 0.848898 0.150961 0.000007
3 2 0.000219 0.004104 0.488470 0.507145 0.000062
2 2 0.000741 0.021304 0.858062 0.065948 0.053945
2 2 0.008317 0.019400 0.861683 0.105462 0.005139
2 2 0.000000 0.000272 0.814976 0.184748 0.000003
3 2 0.000004 0.001009 0.490063 0.508556 0.000368
2 3 0.000244 0.003605 0.583599 0.409827 0.002725
3 3 0.000001 0.000108 0.221726 0.778160 0.000005
2 3 0.027796 0.046312 0.794842 0.114363 0.016687
3 3 0.000879 0.013752 0.367066 0.607323 0.010980
3 3 0.000336 0.003892 0.307879 0.687731 0.000162
3 3 0.000429 0.002159 0.279415 0.716254 0.001743
3 3 0.000252 0.001590 0.122835 0.874912 0.000411
3 3 0.000037 0.000086 0.010544 0.989249 0.000084
3 3 0.000040 0.000420 0.047528 0.951568 0.000443
3 3 0.003858 0.008191 0.309397 0.664154 0.014401
3 3 0.022611 0.018404 0.260789 0.697342 0.000853
3 3 0.033450 0.014665 0.253738 0.688092 0.010055
3 3 0.006533 0.036193 0.321916 0.632477 0.002881
3 3 0.007777 0.002958 0.039129 0.948757 0.001379
2 3 0.096265 0.047118 0.491467 0.359488 0.005661
3 3 0.015321 0.004490 0.072415 0.905174 0.002600
3 3 0.000797 0.003952 0.174022 0.818674 0.002555
3 3 0.000009 0.000459 0.075390 0.923759 0.000383
3 3 0.002367 0.003174 0.169644 0.823437 0.001378
3 3 0.000901 0.001317 0.036817 0.960531 0.000433
3 3 0.002745 0.002611 0.060029 0.933170 0.001445
2 3 0.005888 0.011760 0.942176 0.040049 0.000126
3 3 0.000032 0.000229 0.073781 0.925907 0.000050
2 3 0.000000 0.000342 0.737878 0.261765 0.000015
2 3 0.000000 0.000201 0.739213 0.260583 0.000003
3 3 0.000294 0.003643 0.263055 0.732337 0.000671
2 3 0.000065 0.003308 0.876151 0.119773 0.000704
2 3 0.000001 0.000448 0.936588 0.062732 0.000231
3 3 0.000000 0.000040 0.049109 0.950828 0.000022
3 3 0.000008 0.001433 0.436354 0.559836 0.002369
2 3 0.000002 0.000415 0.559682 0.439857 0.000044
2 3 0.000198 0.005626 0.936634 0.026011 0.031531
3 3 0.000136 0.001474 0.181798 0.812802 0.003791
3 3 0.000018 0.001315 0.459120 0.539466 0.000081
3 3 0.000014 0.000616 0.139118 0.855947 0.004305
3 3 0.000006 0.000133 0.045855 0.951655 0.002351
3 3 0.000024 0.000241 0.021619 0.976981 0.001134
3 3 0.000001 0.000137 0.100241 0.899307 0.000314
3 3 0.000023 0.000676 0.105674 0.890872 0.002755
3 3 0.000031 0.001107 0.215533 0.775043 0.008286
3 3 0.000000 0.000037 0.014955 0.984955 0.000053
3 3 0.000005 0.000287 0.140017 0.859127 0.000564
3 3 0.000010 0.000300 0.082889 0.913755 0.003046
3 3 0.000000 0.000093 0.268867 0.731038 0.000002
3 3 0.000116 0.001441 0.136205 0.850886 0.011352
3 3 0.000011 0.000805 0.114927 0.883187 0.001070
3 3 0.000003 0.000269 0.074396 0.923815 0.001518
3 3 0.000005 0.000251 0.132318 0.867126 0.000300
3 3 0.000000 0.000007 0.007326 0.992607 0.000059
3 3 0.000001 0.000225 0.199626 0.800001 0.000147
3 3 0.000121 0.000950 0.189376 0.808019 0.001534
3 3 0.000024 0.000298 0.032104 0.967276 0.000298
3 3 0.000001 0.000137 0.079257 0.920229 0.000377
3 3 0.000001 0.000118 0.031605 0.967638 0.000638
3 3 0.000011 0.000573 0.208917 0.790153 0.000345
3 3 0.000025 0.000223 0.060373 0.938998 0.000381
3 3 0.000037 0.000236 0.059206 0.940360 0.000161
3 3 0.000040 0.000803 0.078951 0.919040 0.001166
3 3 0.000207 0.006146 0.441461 0.547279 0.004907
3 3 0.000005 0.000186 0.040619 0.958013 0.001176
3 3 0.000001 0.000027 0.017795 0.982048 0.000129
3 3 0.000298 0.006589 0.424923 0.528641 0.039549
2 3 0.000625 0.009645 0.648199 0.324120 0.017412
3 3 0.000021 0.000689 0.063901 0.935036 0.000353
3 3 0.000000 0.000124 0.354809 0.644982 0.000085
3 3 0.000003 0.000150 0.110660 0.886825 0.002362
3 3 0.000027 0.000278 0.042146 0.955875 0.001674
2 2 0.000014 0.005751 0.965346 0.027779 0.001110
3 2 0.003378 0.005909 0.120261 0.866777 0.003675
2 2 0.000288 0.009336 0.882892 0.106375 0.001110
2 2 0.000081 0.006606 0.786856 0.203730 0.002727
2 2 0.003350 0.026131 0.940280 0.026279 0.003959
2 2 0.000038 0.003004 0.880577 0.115977 0.000403
2 2 0.013941 0.126307 0.855717 0.003492 0.000542
2 2 0.001193 0.014354 0.976779 0.004096 0.003578
2 2 0.000000 0.000313 0.597962 0.401714 0.000011
2 2 0.000189 0.008523 0.975303 0.005762 0.010222
2 2 0.000000 0.000153 0.983118 0.016655 0.000074
2 2 0.000001 0.000272 0.853872 0.145749 0.000106
2 2 0.000005 0.001795 0.962772 0.035400 0.000028
2 2 0.000000 0.000202 0.963897 0.035796 0.000105
2 2 0.000000 0.000092 0.893034 0.106863 0.000012
2 2 0.000000 0.000396 0.981322 0.017860 0.000422
2 2 0.000000 0.000062 0.951356 0.048574 0.000008
2 2 0.000000 0.000079 0.956307 0.043595 0.000018
2 2 0.000000 0.000016 0.976452 0.023531 0.000001
2 2 0.000000 0.000139 0.846900 0.152954 0.000007
2 2 0.001487 0.050775 0.916393 0.000334 0.031011
2 2 0.000755 0.014918 0.979922 0.004057 0.000348
2 2 0.000000 0.000248 0.978015 0.021700 0.000037
2 2 0.000002 0.000631 0.981832 0.016927 0.000608
2 2 0.000000 0.000238 0.922289 0.077459 0.000013
2 2 0.000000 0.000450 0.999241 0.000306 0.000003
2 2 0.000239 0.006990 0.982797 0.005296 0.004678
2 2 0.000000 0.000040 0.996707 0.003247 0.000005
2 2 0.000000 0.000288 0.996676 0.002675 0.000362
2 2 0.000000 0.000012 0.984923 0.015064 0.000000
2 2 0.000001 0.001217 0.993818 0.003228 0.001735
2 2 0.000003 0.000628 0.932777 0.066423 0.000169
2 2 0.000000 0.000129 0.601979 0.397890 0.000002
2 2 0.000105 0.001520 0.848862 0.149117 0.000395
2 2 0.000009 0.002918 0.875694 0.119988 0.001390
2 2 0.000247 0.007876 0.964872 0.001890 0.025115
2 2 0.000000 0.000267 0.855444 0.144285 0.000005
2 2 0.000000 0.000077 0.979241 0.020653 0.000029
2 2 0.000005 0.001267 0.962249 0.030117 0.006361
2 2 0.000000 0.000035 0.971818 0.028146 0.000002
2 2 0.000000 0.000145 0.970343 0.029446 0.000066
2 2 0.000000 0.000193 0.946181 0.053560 0.000066
2 2 0.000000 0.000146 0.989221 0.010631 0.000002
2 2 0.000000 0.000020 0.949573 0.050405 0.000002
2 2 0.000000 0.000115 0.892477 0.107365 0.000044
2 2 0.000000 0.000385 0.991519 0.007761 0.000335
2 2 0.000000 0.000062 0.963773 0.036133 0.000032
2 2 0.000000 0.000234 0.964875 0.034862 0.000029
2 2 0.000001 0.000591 0.991743 0.005733 0.001932
2 2 0.000012 0.000618 0.561316 0.437665 0.000390
2 2 0.000001 0.000448 0.890764 0.107637 0.001150
2 2 0.000000 0.000079 0.940614 0.059305 0.000002
2 2 0.000006 0.001023 0.886993 0.111709 0.000269
2 2 0.000000 0.000038 0.984400 0.015554 0.000007
2 2 0.000013 0.001387 0.545823 0.447762 0.005015
2 2 0.000000 0.000336 0.952895 0.046621 0.000147
2 2 0.000001 0.000608 0.853072 0.145248 0.001071
2 2 0.000000 0.000045 0.776437 0.223464 0.000054
2 2 0.000000 0.000067 0.603829 0.396088 0.000016
2 2 0.000023 0.002193 0.968702 0.009409 0.019673
2 2 0.000107 0.009440 0.869771 0.115554 0.005128
2 2 0.000000 0.000482 0.985293 0.014088 0.000137
2 2 0.000109 0.002519 0.648168 0.345616 0.003588
2 2 0.000000 0.000576 0.837413 0.161974 0.000037
3 2 0.000028 0.001171 0.216818 0.774309 0.007673
2 2 0.000759 0.017554 0.707728 0.197924 0.076034
3 2 0.000000 0.000048 0.428441 0.571508 0.000003
2 2 0.000000 0.000205 0.859493 0.139996 0.000306
2 2 0.000000 0.000089 0.835856 0.163978 0.000078
3 2 0.000012 0.000903 0.237703 0.756588 0.004793
2 2 0.000010 0.001188 0.906283 0.092239 0.000280
2 2 0.000065 0.001683 0.538561 0.459383 0.000309
2 2 0.000233 0.022875 0.976180 0.000631 0.000082
2 2 0.000000 0.000460 0.884559 0.114977 0.000004
2 2 0.000004 0.003286 0.960629 0.036053 0.000029
2 2 0.000000 0.000372 0.909162 0.090446 0.000020
2 2 0.000001 0.000325 0.593974 0.405418 0.000282
2 2 0.000390 0.004387 0.920968 0.065038 0.009216
2 2 0.000003 0.002647 0.990105 0.003432 0.003813
2 2 0.000026 0.005801 0.966617 0.010466 0.017090
2 2 0.000099 0.005677 0.890776 0.001236 0.102212
2 2 0.000019 0.003277 0.911494 0.075167 0.010043
2 2 0.000002 0.001111 0.987818 0.007384 0.003685
2 2 0.000078 0.005610 0.935709 0.006992 0.051611
4 4 0.002009 0.021609 0.451789 0.003524 0.521069
2 4 0.000132 0.008691 0.864164 0.003210 0.123804
2 4 0.000388 0.014518 0.810780 0.001228 0.173086
2 1 0.000427 0.003409 0.995130 0.000585 0.000450
2 1 0.003442 0.107128 0.861688 0.000105 0.027638
2 2 0.000501 0.032499 0.742186 0.000889 0.223924
2 4 0.000152 0.008677 0.792334 0.002704 0.196133
4 4 0.003303 0.023622 0.114669 0.001445 0.856961
2 4 0.000062 0.008834 0.952537 0.000195 0.038372
2 4 0.001774 0.018572 0.841468 0.000902 0.137284
2 2 0.000000 0.000288 0.989270 0.010102 0.000340
2 2 0.000176 0.009104 0.916925 0.001762 0.072033
2 2 0.000000 0.000637 0.993544 0.005491 0.000327
2 2 0.000034 0.005517 0.967576 0.012670 0.014204
2 2 0.000000 0.000393 0.998753 0.000844 0.000010
2 2 0.000007 0.002863 0.991492 0.001905 0.003733
2 2 0.000002 0.000715 0.996329 0.002812 0.000142
2 2 0.000000 0.000227 0.996848 0.002918 0.000007
2 2 0.000000 0.000045 0.999680 0.000276 0.000000
2 2 0.000000 0.000122 0.997004 0.002871 0.000004
2 2 0.000011 0.001551 0.990269 0.001249 0.006920
2 2 0.000000 0.000128 0.998293 0.001577 0.000002
2 2 0.000013 0.002257 0.981122 0.004430 0.012178
2 2 0.000000 0.000100 0.998911 0.000958 0.000031
2 1 0.002193 0.035394 0.953307 0.001828 0.007278
2 2 0.180956 0.315814 0.495669 0.000040 0.007520
2 2 0.014259 0.109911 0.843708 0.017640 0.014481
2 2 0.000227 0.013097 0.986108 0.000144 0.000425
2 2 0.000001 0.000382 0.998995 0.000618 0.000004
2 2 0.001260 0.019528 0.938603 0.001664 0.038946
2 2 0.000000 0.000152 0.987164 0.012683 0.000001
2 2 0.000000 0.000111 0.981707 0.018182 0.000001
2 2 0.000249 0.007153 0.991857 0.000477 0.000265
2 2 0.000066 0.004318 0.991630 0.003325 0.000662
2 2 0.000396 0.006773 0.988254 0.002158 0.002419
2 2 0.000000 0.000022 0.999446 0.000532 0.000000
2 2 0.000340 0.004939 0.989712 0.003579 0.001431
2 2 0.000357 0.004618 0.984604 0.002974 0.007447
2 2 0.000000 0.000179 0.997445 0.002375 0.000001
2 2 0.000000 0.000086 0.998297 0.001617 0.000001
2 2 0.000141 0.004739 0.971114 0.002154 0.021852
2 2 0.000512 0.005043 0.987466 0.001163 0.005817
2 2 0.000000 0.000346 0.991974 0.007614 0.000066
2 2 0.000001 0.000404 0.987530 0.011884 0.000180
2 2 0.000003 0.000762 0.997385 0.001499 0.000351
2 2 0.000000 0.000079 0.986634 0.013286 0.000001
2 2 0.000000 0.000558 0.988798 0.010405 0.000238
2 2 0.000002 0.000352 0.900557 0.098801 0.000287
2 2 0.000000 0.000403 0.997313 0.002250 0.000034
2 2 0.000000 0.000251 0.867661 0.132068 0.000020
2 2 0.000000 0.000066 0.849288 0.150632 0.000014
2 2 0.000001 0.000613 0.968410 0.030972 0.000004
2 2 0.000002 0.000398 0.987319 0.012277 0.000004
2 2 0.000000 0.000397 0.981088 0.018505 0.000009
2 2 0.000000 0.000153 0.895188 0.104655 0.000004
2 2 0.000000 0.000302 0.931583 0.068111 0.000004
2 2 0.000000 0.000308 0.966287 0.033346 0.000059
2 2 0.000007 0.001340 0.957119 0.041205 0.000329
2 2 0.000000 0.000137 0.998596 0.001261 0.000005
2 2 0.000011 0.000845 0.897059 0.102052 0.000033
2 2 0.000005 0.000689 0.546272 0.452841 0.000194
2 2 0.000000 0.000263 0.976711 0.022929 0.000097
2 2 0.000000 0.000215 0.934655 0.065105 0.000024
2 2 0.000000 0.000116 0.897293 0.102585 0.000006
2 2 0.000011 0.001208 0.997852 0.000797 0.000132
2 2 0.000001 0.000581 0.993046 0.006276 0.000096
2 2 0.000120 0.004588 0.748973 0.237893 0.008426
2 2 0.000057 0.002393 0.889347 0.106920 0.001283
2 2 0.001721 0.007855 0.716061 0.271324 0.003039
2 2 0.000001 0.000712 0.948917 0.050040 0.000330
2 2 0.000197 0.004305 0.929279 0.066037 0.000181
2 3 0.000003 0.000886 0.601089 0.397928 0.000095
3 3 0.000005 0.000612 0.234089 0.765100 0.000195
2 3 0.000003 0.001649 0.952626 0.043110 0.002611
2 3 0.000033 0.001454 0.959726 0.037473 0.001314
2 3 0.000000 0.000228 0.865785 0.133967 0.000020
2 3 0.000000 0.000344 0.961965 0.037641 0.000051
3 3 0.000001 0.000124 0.379655 0.620214 0.000007
2 3 0.000005 0.000876 0.777311 0.221606 0.000202
2 3 0.000003 0.000699 0.586870 0.408924 0.003504
2 3 0.003453 0.013977 0.722852 0.101357 0.158361
3 3 0.000074 0.001525 0.370652 0.623977 0.003772
3 3 0.000000 0.000049 0.436876 0.563021 0.000053
3 3 0.000000 0.000047 0.334122 0.665813 0.000018
3 3 0.000022 0.000977 0.496281 0.502175 0.000545
2 3 0.000026 0.000958 0.639915 0.358957 0.000145
3 3 0.000003 0.000464 0.348822 0.650108 0.000604
2 2 0.014457 0.039342 0.851242 0.094869 0.000090
2 2 0.012878 0.038560 0.936103 0.009745 0.002713
2 2 0.026379 0.237690 0.729037 0.004350 0.002545
2 2 0.000044 0.005920 0.960800 0.033222 0.000013
2 2 0.000034 0.008184 0.986249 0.005397 0.000136
2 2 0.000000 0.000069 0.996580 0.003350 0.000000
2 2 0.000001 0.000465 0.997682 0.001851 0.000001
2 2 0.000686 0.003600 0.989762 0.005843 0.000109
2 2 0.000000 0.000035 0.999395 0.000570 0.000000
2 2 0.000000 0.000079 0.984452 0.015467 0.000001
2 2 0.000000 0.000213 0.974746 0.025028 0.000012
2 2 0.000024 0.001548 0.986060 0.011874 0.000494
2 2 0.000000 0.000442 0.930989 0.068433 0.000135
2 2 0.000047 0.003855 0.977878 0.000820 0.017400
2 2 0.000000 0.000024 0.991148 0.008827 0.000000
2 2 0.000001 0.000931 0.997814 0.000960 0.000293
2 2 0.000010 0.000741 0.996450 0.002787 0.000011
1 1 0.359889 0.469539 0.164866 0.000002 0.005704
2 2 0.000021 0.006883 0.991769 0.001257 0.000071
2 2 0.000221 0.011813 0.981261 0.005061 0.001644
2 2 0.000034 0.002920 0.983301 0.013650 0.000095
2 2 0.000061 0.004019 0.977862 0.008095 0.009963
2 2 0.000000 0.000071 0.998448 0.001478 0.000002
2 2 0.000002 0.000473 0.880278 0.119191 0.000056
2 2 0.000000 0.000076 0.997858 0.002061 0.000004
2 2 0.000001 0.000691 0.998042 0.000849 0.000418
2 2 0.000000 0.000571 0.986220 0.012878 0.000332
2 2 0.000008 0.001219 0.901522 0.096394 0.000856
2 2 0.000000 0.000016 0.992992 0.006992 0.000000
0 0 0.640041 0.285667 0.071252 0.000004 0.003036
2 1 0.066686 0.319814 0.608289 0.000595 0.004617
2 2 0.001582 0.014086 0.957042 0.027212 0.000078
0 2 0.606616 0.180085 0.208926 0.000727 0.003646
2 2 0.003644 0.058243 0.936621 0.000812 0.000680
2 2 0.002347 0.067203 0.926880 0.002818 0.000751
2 2 0.023115 0.039788 0.911515 0.024229 0.001353
2 2 0.000000 0.000292 0.999241 0.000463 0.000003
2 2 0.012616 0.140317 0.844173 0.001552 0.001342
2 2 0.000126 0.014527 0.982974 0.000220 0.002153
2 2 0.000092 0.003950 0.994208 0.001604 0.000146
2 2 0.000000 0.000347 0.989247 0.010399 0.000006
2 2 0.000001 0.000236 0.995311 0.004424 0.000028
2 2 0.000000 0.000456 0.986683 0.012850 0.000011
2 2 0.000289 0.008009 0.975130 0.000235 0.016338
2 2 0.000075 0.001478 0.996728 0.001344 0.000375
2 2 0.000040 0.001908 0.990263 0.005684 0.002104
2 2 0.000002 0.000954 0.993473 0.004359 0.001213
2 2 0.000005 0.000656 0.973015 0.026084 0.000240
2 2 0.159327 0.088346 0.725732 0.001401 0.025194
2 2 0.014880 0.061448 0.906020 0.013423 0.004229
2 2 0.002165 0.080773 0.914150 0.001077 0.001835
0 2 0.464384 0.412054 0.118784 0.000098 0.004680
2 2 0.010073 0.125232 0.794237 0.000482 0.069976
2 2 0.010872 0.131206 0.634250 0.003320 0.220351
2 2 0.000008 0.001981 0.987228 0.010770 0.000013
1 1 0.180235 0.483987 0.313413 0.000009 0.022357
2 2 0.000590 0.047100 0.923008 0.001066 0.028235
2 2 0.000000 0.000087 0.996645 0.003263 0.000005
2 2 0.000001 0.000891 0.991403 0.006844 0.000862
2 2 0.000001 0.000772 0.951789 0.047253 0.000184
2 2 0.000001 0.000878 0.997659 0.000896 0.000566
2 2 0.000001 0.000569 0.997709 0.001702 0.000019
3 2 0.000005 0.000372 0.314006 0.685479 0.000138
2 2 0.000285 0.004915 0.957617 0.017278 0.019906
2 2 0.000000 0.000494 0.995442 0.003597 0.000467
2 2 0.000078 0.012181 0.940472 0.000068 0.047200
2 4 0.000256 0.010267 0.778182 0.000216 0.211080
2 4 0.000390 0.011521 0.542978 0.001467 0.443644
4 4 0.002068 0.017638 0.464376 0.002702 0.513216
2 4 0.000264 0.011040 0.910110 0.000926 0.077660
4 4 0.001157 0.008771 0.357982 0.003350 0.628740
2 4 0.000345 0.017998 0.746252 0.000680 0.234726
4 4 0.004382 0.020569 0.365985 0.000823 0.608241
4 4 0.001433 0.010637 0.374383 0.004035 0.609512
4 4 0.005804 0.010991 0.055598 0.005968 0.921639
4 4 0.002853 0.034495 0.131908 0.002342 0.828403
4 4 0.003489 0.029079 0.216815 0.001057 0.749560
2 4 0.106247 0.151322 0.424299 0.000008 0.318124
4 4 0.013635 0.053261 0.228595 0.000167 0.704343
2 4 0.005960 0.072502 0.623094 0.000289 0.298156
4 4 0.025970 0.085694 0.287240 0.002584 0.598512
4 4 0.001621 0.022510 0.335129 0.001367 0.639374
4 4 0.029315 0.139616 0.405854 0.000005 0.425210
2 1 0.028842 0.261629 0.645304 0.000173 0.064052
2 1 0.024294 0.107943 0.535141 0.000135 0.332487
4 4 0.010486 0.046007 0.407025 0.002773 0.533709
2 4 0.000489 0.015917 0.800962 0.001356 0.181276
2 4 0.002043 0.020994 0.551198 0.001756 0.424009
2 4 0.000524 0.018597 0.846870 0.000145 0.133865
2 4 0.005045 0.059640 0.676631 0.000695 0.257988
2 1 0.016332 0.144410 0.661538 0.000049 0.177672
2 1 0.015325 0.200991 0.648777 0.000071 0.134837
2 4 0.001106 0.017180 0.747682 0.001215 0.232818
2 4 0.002362 0.051467 0.495635 0.001118 0.449418
2 4 0.000783 0.036791 0.688009 0.002152 0.272265
4 4 0.000574 0.017909 0.291336 0.000302 0.689880
4 4 0.003426 0.020709 0.249633 0.164477 0.561754
2 4 0.003715 0.088746 0.500503 0.000325 0.406711
2 4 0.006565 0.030931 0.879525 0.000015 0.082964
2 4 0.061236 0.070285 0.752357 0.000762 0.115360
2 4 0.002921 0.043464 0.846569 0.000187 0.106860
2 4 0.009540 0.040958 0.499068 0.001939 0.448495
2 4 0.092244 0.159703 0.614889 0.000233 0.132930
4 4 0.362566 0.124726 0.091552 0.000044 0.421112
4 4 0.001719 0.041208 0.452006 0.001302 0.503765
2 4 0.001646 0.046730 0.825745 0.000403 0.125476
2 2 0.000175 0.012264 0.793183 0.000144 0.194234
2 2 0.000284 0.021470 0.897151 0.000037 0.081057
2 2 0.000097 0.003368 0.990266 0.000015 0.006255
2 2 0.009542 0.095678 0.578494 0.000213 0.316073
2 2 0.001013 0.026284 0.754651 0.000083 0.217969
2 2 0.000820 0.022367 0.657719 0.000813 0.318281
2 2 0.000744 0.020789 0.761423 0.000662 0.216382
4 2 0.003892 0.042405 0.223216 0.000632 0.729855
4 4 0.006498 0.037016 0.267407 0.055726 0.633352
4 4 0.002139 0.044634 0.411882 0.000410 0.540935
4 4 0.002931 0.023497 0.114310 0.000108 0.859154
4 4 0.016895 0.037102 0.242831 0.000040 0.703132
2 4 0.015899 0.057596 0.786201 0.000191 0.140113
4 4 0.002510 0.040223 0.394795 0.000452 0.562019
4 4 0.005754 0.029894 0.377417 0.003479 0.583456
2 4 0.002675 0.047047 0.606760 0.000699 0.342819
2 4 0.000710 0.074229 0.713649 0.000451 0.210961
2 4 0.000317 0.021087 0.585549 0.003653 0.389393
4 4 0.002264 0.015155 0.230954 0.007836 0.743792
2 4 0.000812 0.017242 0.609722 0.000069 0.372155
4 4 0.004001 0.018679 0.424731 0.000531 0.552058
2 4 0.000443 0.013077 0.689621 0.000437 0.296422
2 4 0.000513 0.010444 0.655385 0.001758 0.331900
2 4 0.000286 0.019832 0.792279 0.000020 0.187583
2 4 0.022965 0.026547 0.769314 0.000678 0.180496
2 1 0.044050 0.172363 0.450905 0.000217 0.332466
