0 0 1.000000 0.000000 0.000000 0.000000 0.000000
0 0 0.808471 0.136551 0.045379 0.000006 0.009593
0 0 0.986837 0.004393 0.002183 0.000057 0.006529
0 0 0.979732 0.011920 0.008316 0.000004 0.000028
0 0 0.827325 0.030534 0.024924 0.000251 0.116967
0 0 0.804062 0.086834 0.080772 0.000094 0.028238
0 0 0.988682 0.005773 0.001343 0.000001 0.004200
0 0 0.996172 0.001600 0.001012 0.000048 0.001167
0 0 0.520876 0.277478 0.064716 0.000057 0.136873
0 0 0.800411 0.144100 0.041005 0.000031 0.014454
0 0 0.977653 0.008389 0.004281 0.000023 0.009654
4 0 0.114452 0.000669 0.000168 0.000000 0.884711
0 0 0.908302 0.069004 0.018463 0.000006 0.004225
0 0 0.637182 0.236506 0.075179 0.000204 0.050929
0 0 0.898034 0.059042 0.036745 0.000250 0.005930
0 0 0.815720 0.110484 0.069673 0.000001 0.004121
0 0 0.909205 0.069555 0.012794 0.000002 0.008445
0 0 0.859486 0.106016 0.025804 0.000001 0.008693
0 0 0.944237 0.039270 0.015594 0.000000 0.000899
0 0 0.463160 0.352949 0.164280 0.000001 0.019610
0 0 0.856515 0.111267 0.017444 0.000001 0.014774
0 0 0.748683 0.177555 0.059908 0.000012 0.013842
0 0 0.478252 0.384683 0.104863 0.000027 0.032175
0 0 0.907967 0.059765 0.025735 0.000237 0.006295
0 0 0.999540 0.000164 0.000275 0.000000 0.000021
0 0 0.533952 0.336415 0.120069 0.000126 0.009438
0 0 0.494648 0.325253 0.140491 0.000372 0.039237
0 0 0.723521 0.206706 0.049422 0.000003 0.020347
0 0 0.846750 0.123781 0.021737 0.000003 0.007728
1 0 0.403278 0.509475 0.081494 0.000002 0.005751
0 0 0.639594 0.284789 0.048811 0.000014 0.026792
0 0 0.483223 0.431370 0.079029 0.000000 0.006377
1 0 0.276110 0.560085 0.141704 0.000001 0.022100
1 0 0.177054 0.466774 0.335920 0.000067 0.020185
0 0 0.565885 0.338512 0.056309 0.000000 0.039294
1 0 0.170682 0.609010 0.207136 0.000001 0.013171
1 0 0.219969 0.547226 0.222204 0.000002 0.010598
0 0 0.421941 0.263094 0.110605 0.000035 0.204325
0 0 0.482410 0.378438 0.127898 0.000006 0.011249
1 0 0.294422 0.559092 0.079386 0.000000 0.067100
1 0 0.394865 0.512698 0.076583 0.000000 0.015853
1 0 0.172783 0.601288 0.214315 0.000020 0.011593
1 0 0.134888 0.633056 0.164440 0.000000 0.067616
1 0 0.056840 0.490087 0.225368 0.000016 0.227689
0 0 0.899965 0.068934 0.028377 0.000000 0.002724
0 0 0.631143 0.205623 0.161928 0.000000 0.001306
1 1 0.086990 0.622099 0.257633 0.000001 0.033278
1 1 0.094331 0.612125 0.245912 0.000003 0.047629
1 1 0.143220 0.565765 0.221063 0.000000 0.069951
1 2 0.178895 0.615230 0.141421 0.000010 0.064444
1 2 0.181050 0.548485 0.208881 0.000302 0.061282
1 2 0.068619 0.548807 0.339231 0.000020 0.043323
2 2 0.032626 0.384322 0.549306 0.000930 0.032816
2 2 0.040465 0.437744 0.508380 0.000059 0.013352
2 2 0.000996 0.081608 0.910541 0.000700 0.006155
2 2 0.003365 0.094207 0.868119 0.002867 0.031443
2 2 0.001480 0.087166 0.907155 0.001449 0.002750
2 2 0.001122 0.076338 0.908300 0.007451 0.006789
2 2 0.003594 0.036078 0.951647 0.007481 0.001200
2 2 0.018310 0.268520 0.707761 0.001171 0.004239
2 2 0.000426 0.035945 0.958816 0.003619 0.001194
2 2 0.021155 0.087416 0.816549 0.004239 0.070640
2 2 0.002581 0.137338 0.832356 0.001116 0.026609
2 2 0.000500 0.016004 0.979707 0.003339 0.000451
2 2 0.002436 0.047182 0.924647 0.008457 0.017278
2 2 0.000121 0.029895 0.958053 0.000200 0.011732
2 2 0.000407 0.023418 0.952617 0.002125 0.021433
2 2 0.008255 0.019353 0.968650 0.000556 0.003187
2 2 0.002235 0.013198 0.975998 0.004208 0.004360
2 2 0.001074 0.011628 0.962195 0.021335 0.003769
2 2 0.001966 0.012439 0.962224 0.022504 0.000866
3 2 0.000023 0.000727 0.301037 0.696079 0.002135
2 2 0.001045 0.021667 0.904294 0.058744 0.014250
2 2 0.015703 0.028869 0.657767 0.167551 0.130110
2 2 0.007848 0.024061 0.870133 0.075620 0.022338
2 2 0.043168 0.031909 0.699951 0.197126 0.027845
2 3 0.004279 0.013226 0.687886 0.291763 0.002846
2 3 0.000451 0.005097 0.762646 0.225694 0.006113
2 3 0.001912 0.004996 0.738749 0.251462 0.002882
2 3 0.000454 0.003562 0.629621 0.365961 0.000401
2 3 0.009643 0.012535 0.701216 0.263529 0.013077
3 3 0.011931 0.006852 0.294822 0.672384 0.014011
2 3 0.004118 0.009404 0.640990 0.322547 0.022941
2 3 0.003286 0.034458 0.459881 0.426252 0.076123
2 3 0.002278 0.010080 0.647636 0.311736 0.028269
2 3 0.003635 0.006514 0.577425 0.384434 0.027992
3 3 0.006818 0.004481 0.160268 0.801904 0.026529
2 3 0.000677 0.004224 0.590607 0.402974 0.001518
2 3 0.001257 0.010354 0.581180 0.383566 0.023644
3 3 0.001063 0.003651 0.294723 0.684223 0.016341
3 3 0.000523 0.000953 0.103656 0.889028 0.005839
3 3 0.006270 0.002817 0.100210 0.870537 0.020166
3 3 0.000175 0.001405 0.150063 0.843370 0.004987
3 3 0.002978 0.017769 0.417945 0.523015 0.038292
2 3 0.000687 0.004559 0.572836 0.414050 0.007869
3 3 0.000658 0.001322 0.072092 0.920877 0.005051
3 3 0.000725 0.001767 0.176373 0.815281 0.005854
2 3 0.008906 0.027541 0.584224 0.314483 0.064846
2 3 0.000097 0.004972 0.706073 0.281303 0.007555
3 3 0.000060 0.000696 0.117595 0.879084 0.002565
3 3 0.000422 0.004196 0.316285 0.667880 0.011217
3 3 0.000121 0.000949 0.104274 0.891063 0.003593
3 3 0.004930 0.001696 0.068899 0.910012 0.014463
3 3 0.000021 0.000100 0.014442 0.984821 0.000616
3 3 0.014969 0.003854 0.100762 0.813629 0.066786
3 3 0.000014 0.000295 0.107698 0.890874 0.001120
3 3 0.000351 0.001488 0.136561 0.855264 0.006337
3 3 0.005331 0.005371 0.130743 0.822255 0.036300
3 3 0.004515 0.001797 0.041029 0.934259 0.018400
3 3 0.000175 0.000651 0.047587 0.948466 0.003121
3 3 0.004404 0.014281 0.366961 0.554703 0.059651
3 3 0.006849 0.004007 0.078375 0.887780 0.022989
3 3 0.001949 0.006123 0.129619 0.843032 0.019276
3 3 0.002618 0.006748 0.148706 0.816874 0.025053
3 3 0.003138 0.001756 0.056922 0.925909 0.012275
3 3 0.002284 0.002572 0.120187 0.860637 0.014319
3 3 0.000070 0.000291 0.040361 0.957636 0.001642
3 3 0.010970 0.020589 0.275881 0.617917 0.074643
3 3 0.004115 0.007169 0.146035 0.804474 0.038207
3 3 0.002262 0.009971 0.271188 0.689680 0.026899
3 3 0.000080 0.000503 0.040018 0.957283 0.002117
3 3 0.000003 0.000230 0.118475 0.880700 0.000592
3 3 0.004873 0.010559 0.384330 0.563654 0.036584
3 3 0.000052 0.000314 0.019893 0.978371 0.001370
3 3 0.000478 0.000509 0.018042 0.977570 0.003401
3 3 0.000923 0.004101 0.208484 0.778374 0.008118
3 3 0.002803 0.002017 0.037734 0.945713 0.011732
3 3 0.005499 0.002762 0.069160 0.904426 0.018153
3 3 0.000421 0.000528 0.024308 0.970242 0.004502
3 3 0.000152 0.000893 0.118266 0.876831 0.003858
3 3 0.001907 0.006567 0.171556 0.795976 0.023993
3 3 0.023649 0.008278 0.139187 0.702702 0.126185
3 3 0.003115 0.003386 0.126319 0.849394 0.017786
3 3 0.001728 0.008602 0.208520 0.758619 0.022532
3 3 0.000784 0.001836 0.124150 0.864375 0.008855
3 3 0.007329 0.012959 0.226112 0.689335 0.064264
3 3 0.000483 0.000203 0.010965 0.985822 0.002526
3 3 0.000233 0.000338 0.015810 0.981377 0.002241
3 3 0.000099 0.000163 0.011509 0.987026 0.001203
3 3 0.000121 0.000686 0.032915 0.963610 0.002667
3 3 0.006851 0.007220 0.220683 0.731909 0.033336
3 3 0.001004 0.001550 0.037291 0.952630 0.007525
3 3 0.001906 0.010576 0.316119 0.644960 0.026439
3 3 0.001160 0.002123 0.068977 0.917941 0.009799
3 3 0.002261 0.002232 0.040501 0.941029 0.013976
3 3 0.000898 0.005632 0.235534 0.742312 0.015624
3 3 0.000174 0.001168 0.037195 0.957692 0.003771
3 3 0.000528 0.000823 0.024746 0.969303 0.004600
3 3 0.000255 0.002493 0.229724 0.760056 0.007471
3 3 0.002222 0.000934 0.020087 0.969464 0.007292
3 3 0.003587 0.007466 0.128796 0.825055 0.035097
3 3 0.008479 0.003230 0.046517 0.933078 0.008696
3 3 0.005535 0.003479 0.053661 0.928219 0.009105
3 3 0.001668 0.004600 0.169847 0.806893 0.016991
3 3 0.002503 0.002586 0.040635 0.941679 0.012597
3 3 0.000354 0.001049 0.030438 0.963724 0.004435
3 3 0.002186 0.004659 0.090087 0.885986 0.017082
3 3 0.000834 0.001200 0.028334 0.963493 0.006138
3 3 0.002313 0.001114 0.023156 0.964924 0.008492
3 3 0.003112 0.007464 0.160462 0.803948 0.025014
3 3 0.004106 0.002248 0.032109 0.947657 0.013879
3 3 0.001034 0.002198 0.102678 0.883956 0.010135
3 3 0.003765 0.005091 0.077317 0.893138 0.020689
3 3 0.028413 0.032757 0.287051 0.554353 0.097426
3 3 0.002488 0.003234 0.045392 0.934174 0.014713
3 3 0.001638 0.022453 0.294253 0.643602 0.038054
3 3 0.002369 0.003627 0.081803 0.896517 0.015684
3 3 0.000369 0.000871 0.026803 0.967857 0.004100
3 3 0.001688 0.002220 0.050643 0.934675 0.010774
3 3 0.004748 0.001846 0.027250 0.953195 0.012960
3 3 0.006501 0.006096 0.072536 0.887789 0.027078
3 3 0.001561 0.003744 0.124089 0.855916 0.014691
3 3 0.004213 0.008220 0.123746 0.828135 0.035687
3 3 0.001915 0.003572 0.048841 0.932217 0.013455
3 3 0.014630 0.018610 0.184053 0.758672 0.024035
3 3 0.001836 0.000880 0.030663 0.954532 0.012089
3 3 0.001707 0.025497 0.381600 0.554767 0.036429
3 3 0.003709 0.000763 0.016009 0.971816 0.007703
3 3 0.008139 0.003201 0.093333 0.846946 0.048381
3 3 0.000086 0.000190 0.013040 0.985436 0.001248
3 3 0.031627 0.011621 0.168407 0.715367 0.072977
2 3 0.016869 0.103878 0.721259 0.104080 0.053913
2 2 0.008566 0.215999 0.470728 0.000136 0.304572
4 2 0.058755 0.183607 0.263924 0.002661 0.491053
0 1 0.522698 0.186593 0.283471 0.004333 0.002905
2 2 0.007058 0.225029 0.590797 0.001098 0.176018
2 2 0.003191 0.137760 0.831959 0.004976 0.022113
2 2 0.007864 0.217237 0.632575 0.000544 0.141780
4 2 0.009730 0.110548 0.358949 0.000379 0.520394
4 2 0.010743 0.252581 0.290869 0.000053 0.445753
2 2 0.019807 0.349352 0.365195 0.000075 0.265571
2 2 0.005161 0.196951 0.678267 0.001384 0.118237
4 2 0.010013 0.141931 0.354429 0.000003 0.493624
4 2 0.017082 0.250516 0.234561 0.000088 0.497753
2 2 0.014438 0.307655 0.445511 0.000017 0.232379
4 2 0.007823 0.187530 0.358798 0.000070 0.445778
4 2 0.020650 0.158164 0.285688 0.000070 0.535428
2 2 0.002819 0.091929 0.810862 0.002162 0.092229
4 2 0.023006 0.129738 0.366116 0.000718 0.480422
2 2 0.003948 0.082797 0.734289 0.001692 0.177273
4 2 0.013372 0.219488 0.340429 0.000706 0.426005
2 2 0.001182 0.050321 0.882151 0.009978 0.056368
4 2 0.079963 0.297501 0.248666 0.012987 0.360883
2 2 0.025729 0.227947 0.379400 0.007232 0.359693
2 2 0.002700 0.125355 0.756079 0.029838 0.086028
2 2 0.023257 0.069286 0.787673 0.020442 0.099342
2 2 0.014587 0.270826 0.581865 0.003293 0.129429
2 2 0.002377 0.112081 0.678327 0.070688 0.136527
2 2 0.033869 0.237476 0.680340 0.001090 0.047225
2 2 0.002667 0.125444 0.692191 0.001423 0.178274
2 2 0.009648 0.131419 0.758950 0.018009 0.081973
2 2 0.002504 0.109663 0.797122 0.000771 0.089939
0 0 0.972459 0.009438 0.017027 0.001050 0.000026
1 1 0.137628 0.569494 0.256140 0.000260 0.036478
2 1 0.025273 0.384944 0.477584 0.000255 0.111943
2 2 0.010831 0.263931 0.612703 0.001583 0.110952
1 1 0.131677 0.549591 0.314211 0.000052 0.004469
1 2 0.123927 0.518734 0.224007 0.000015 0.133317
2 2 0.005443 0.180508 0.617410 0.003337 0.193302
2 2 0.030980 0.229455 0.642550 0.003952 0.093064
2 1 0.088961 0.411689 0.454765 0.005998 0.038588
1 1 0.112145 0.588377 0.202915 0.000018 0.096545
2 2 0.062289 0.414470 0.462413 0.020157 0.040671
2 2 0.047313 0.146666 0.700191 0.011059 0.094772
2 2 0.063746 0.183367 0.605756 0.030083 0.117048
2 2 0.014946 0.119384 0.796095 0.000814 0.068762
2 2 0.082631 0.220567 0.458991 0.034250 0.203560
2 2 0.006073 0.194962 0.777889 0.001077 0.019999
2 2 0.001469 0.074380 0.917377 0.005115 0.001660
2 2 0.037195 0.127289 0.766064 0.029025 0.040427
2 2 0.018377 0.130539 0.562804 0.152280 0.136000
2 2 0.006906 0.131355 0.622866 0.018664 0.220209
2 2 0.009723 0.092712 0.549988 0.271470 0.076107
2 2 0.005497 0.078019 0.723987 0.051034 0.141463
2 2 0.005064 0.073304 0.765378 0.052120 0.104135
2 2 0.062478 0.299690 0.553765 0.013031 0.071036
2 2 0.007889 0.214566 0.726218 0.002477 0.048851
2 2 0.000382 0.049535 0.946916 0.000516 0.002652
2 2 0.002710 0.144700 0.802623 0.001394 0.048572
2 2 0.000058 0.020061 0.969396 0.004084 0.006401
2 2 0.000118 0.029538 0.952875 0.003356 0.014114
2 2 0.004239 0.126041 0.844509 0.005171 0.020040
2 2 0.002503 0.054314 0.934734 0.005787 0.002661
2 2 0.000750 0.080926 0.858312 0.002263 0.057749
2 2 0.001369 0.029713 0.890163 0.068956 0.009799
2 2 0.000890 0.006924 0.849506 0.141018 0.001662
2 2 0.003328 0.084445 0.881722 0.015240 0.015265
2 2 0.000721 0.069932 0.892434 0.008570 0.028344
2 2 0.001004 0.052808 0.841828 0.057042 0.047317
2 2 0.019129 0.121025 0.802914 0.019122 0.037809
2 2 0.002480 0.056187 0.878377 0.038908 0.024048
2 2 0.001200 0.011529 0.844810 0.139594 0.002868
2 2 0.000018 0.008747 0.968361 0.022032 0.000842
2 2 0.001291 0.023184 0.967781 0.004143 0.003601
2 2 0.053875 0.096064 0.817225 0.017727 0.015109
2 1 0.011133 0.175878 0.780310 0.016987 0.015691
2 2 0.011042 0.297343 0.635413 0.000084 0.056119
2 2 0.008231 0.234339 0.699501 0.001184 0.056745
2 2 0.004640 0.149596 0.837775 0.000391 0.007598
2 2 0.000670 0.062025 0.918951 0.002647 0.015706
2 2 0.001311 0.055703 0.908733 0.013870 0.020383
2 2 0.079988 0.236487 0.636508 0.015279 0.031738
1 1 0.114734 0.560815 0.289919 0.000184 0.034348
1 2 0.046526 0.494458 0.437961 0.000012 0.021042
2 2 0.006422 0.165627 0.703281 0.006952 0.117718
2 2 0.004249 0.153047 0.795427 0.001518 0.045759
2 2 0.006039 0.216993 0.764435 0.000055 0.012477
2 2 0.002182 0.105485 0.875244 0.007787 0.009302
2 2 0.013124 0.320588 0.477830 0.000064 0.188393
2 2 0.007001 0.100873 0.690878 0.046800 0.154447
2 2 0.012566 0.106221 0.839004 0.036296 0.005913
2 2 0.025634 0.178701 0.731671 0.041337 0.022657
2 2 0.053583 0.222888 0.635690 0.054379 0.033460
1 2 0.090590 0.434709 0.156431 0.000006 0.318263
2 2 0.007666 0.221713 0.721539 0.001648 0.047434
2 2 0.012766 0.143966 0.778777 0.016940 0.047551
2 2 0.038099 0.300597 0.624597 0.006494 0.030214
2 2 0.003487 0.106329 0.818697 0.015105 0.056381
2 2 0.001850 0.111162 0.800445 0.000183 0.086360
2 2 0.003022 0.124387 0.758801 0.004186 0.109605
2 2 0.015508 0.142727 0.831472 0.001337 0.008955
2 2 0.027962 0.169228 0.768543 0.020326 0.013941
2 2 0.016248 0.132688 0.759420 0.052192 0.039452
2 2 0.003285 0.119406 0.828214 0.035296 0.013799
2 2 0.002289 0.125844 0.866232 0.000177 0.005457
2 2 0.001390 0.074327 0.899281 0.021559 0.003443
2 2 0.001172 0.045099 0.948987 0.003004 0.001737
2 2 0.011848 0.150558 0.731920 0.018358 0.087316
2 2 0.000289 0.007914 0.707557 0.281742 0.002498
2 2 0.001550 0.071608 0.910703 0.007002 0.009136
2 2 0.058876 0.128283 0.789090 0.003530 0.020221
2 2 0.001858 0.099225 0.893082 0.001769 0.004066
2 2 0.000857 0.069626 0.904674 0.004332 0.020511
2 2 0.018472 0.317435 0.630389 0.000777 0.032928
2 2 0.000043 0.006709 0.977120 0.015489 0.000640
2 2 0.021486 0.327605 0.613759 0.000234 0.036915
2 2 0.000095 0.014039 0.982774 0.001901 0.001191
2 2 0.000040 0.016543 0.972155 0.005317 0.005944
2 2 0.000207 0.038677 0.941811 0.004644 0.014661
2 2 0.000074 0.005980 0.969677 0.022954 0.001315
2 2 0.007848 0.038054 0.870167 0.072097 0.011834
2 2 0.000919 0.029729 0.915953 0.035098 0.018302
2 2 0.003778 0.022799 0.868429 0.072796 0.032197
2 2 0.000172 0.019015 0.956911 0.012992 0.010910
2 2 0.000133 0.004928 0.912560 0.074952 0.007428
2 2 0.000579 0.010649 0.813287 0.157931 0.017554
2 2 0.002823 0.065497 0.927718 0.001784 0.002177
2 2 0.000834 0.058782 0.905828 0.019344 0.015212
2 2 0.000134 0.023812 0.850700 0.117170 0.008184
2 2 0.000402 0.003792 0.919531 0.074786 0.001488
2 2 0.002496 0.057249 0.891699 0.041682 0.006874
2 2 0.022446 0.048447 0.885183 0.041110 0.002813
2 2 0.006601 0.133227 0.676029 0.001976 0.182166
2 2 0.001379 0.033251 0.921661 0.031709 0.012000
2 2 0.000409 0.048230 0.887973 0.029844 0.033544
2 2 0.000662 0.043196 0.917835 0.013567 0.024740
2 2 0.001237 0.028840 0.916112 0.033613 0.020198
2 2 0.000201 0.008430 0.928208 0.062378 0.000784
2 2 0.000067 0.014064 0.929884 0.047487 0.008497
2 2 0.003875 0.022377 0.662537 0.308076 0.003135
2 2 0.000085 0.021832 0.972178 0.003648 0.002257
2 2 0.000036 0.004587 0.971673 0.022118 0.001586
2 2 0.000352 0.011486 0.974427 0.006549 0.007186
2 2 0.000225 0.032836 0.943043 0.018930 0.004966
2 2 0.000765 0.009063 0.906120 0.077768 0.006284
2 2 0.002872 0.032724 0.870959 0.062408 0.031037
2 2 0.000841 0.040465 0.881278 0.047946 0.029470
2 2 0.000879 0.039550 0.939489 0.017898 0.002185
2 2 0.000068 0.004701 0.908276 0.086598 0.000356
2 2 0.016315 0.184500 0.695010 0.016867 0.087309
2 2 0.010083 0.022828 0.692330 0.267113 0.007646
2 2 0.002768 0.019127 0.790317 0.183836 0.003953
2 3 0.001866 0.027104 0.902431 0.052471 0.016129
2 3 0.001942 0.040713 0.934716 0.018907 0.003721
2 3 0.015522 0.026476 0.815231 0.122467 0.020304
2 3 0.000739 0.052983 0.878303 0.046056 0.021919
2 3 0.000360 0.005824 0.538885 0.442394 0.012537
2 3 0.000298 0.004228 0.984132 0.011263 0.000079
2 3 0.046027 0.065824 0.854691 0.027888 0.005570
2 3 0.009966 0.106600 0.857934 0.021301 0.004200
2 3 0.001608 0.035215 0.949506 0.009755 0.003916
2 3 0.000262 0.036635 0.939346 0.010342 0.013415
2 3 0.000064 0.021792 0.968788 0.002357 0.006999
2 2 0.016960 0.057251 0.841015 0.055997 0.028777
2 2 0.000054 0.006388 0.979410 0.013461 0.000687
2 2 0.001421 0.031356 0.947232 0.010059 0.009932
2 2 0.000049 0.001926 0.787055 0.208043 0.002926
2 2 0.000123 0.018421 0.966356 0.010503 0.004597
2 3 0.000028 0.011912 0.973798 0.012316 0.001947
2 3 0.000418 0.018036 0.969581 0.007267 0.004698
2 3 0.000090 0.015671 0.976434 0.006736 0.001070
2 3 0.001735 0.112100 0.838202 0.004014 0.043948
2 3 0.000029 0.009870 0.979697 0.008540 0.001865
2 3 0.000002 0.001037 0.984844 0.013907 0.000211
2 3 0.010708 0.081265 0.802485 0.009220 0.096322
2 3 0.000749 0.017246 0.943690 0.035757 0.002558
2 3 0.000236 0.008568 0.949302 0.040102 0.001791
2 3 0.000006 0.003554 0.675773 0.319359 0.001308
2 3 0.000556 0.011554 0.844417 0.140560 0.002914
2 3 0.000222 0.006798 0.958900 0.033103 0.000976
2 3 0.002145 0.037473 0.879261 0.067097 0.014024
2 3 0.001754 0.021518 0.817671 0.148534 0.010523
2 3 0.287994 0.142098 0.560264 0.000777 0.008867
2 1 0.029819 0.356221 0.609572 0.000125 0.004264
2 2 0.020278 0.340954 0.473663 0.000647 0.164458
2 2 0.001831 0.041740 0.868058 0.009813 0.078558
2 2 0.014116 0.217968 0.423857 0.000016 0.344043
2 2 0.000646 0.030837 0.717928 0.222379 0.028210
2 2 0.002058 0.022388 0.948192 0.017896 0.009466
2 2 0.004997 0.183257 0.707939 0.003441 0.100366
2 2 0.005593 0.182821 0.736574 0.008467 0.066545
2 2 0.000500 0.024822 0.932164 0.027695 0.014819
2 2 0.000066 0.018181 0.964151 0.008297 0.009305
2 2 0.000004 0.003131 0.964223 0.030935 0.001707
4 4 0.022312 0.203314 0.140733 0.000010 0.633630
4 4 0.016748 0.130205 0.103575 0.000097 0.749375
4 4 0.005526 0.193263 0.200109 0.000001 0.601101
4 4 0.039517 0.159685 0.254467 0.000222 0.546109
4 4 0.033103 0.218488 0.145493 0.000001 0.602916
4 4 0.027577 0.085530 0.052301 0.000000 0.834592
4 4 0.015043 0.016191 0.009485 0.000021 0.959260
4 4 0.010636 0.137935 0.150859 0.000009 0.700561
4 4 0.019344 0.225326 0.255050 0.000001 0.500279
4 4 0.020799 0.203737 0.176712 0.000045 0.598707
4 4 0.014984 0.039763 0.013447 0.000023 0.931783
4 4 0.012721 0.144147 0.111396 0.000018 0.731718
4 4 0.026955 0.026977 0.019679 0.000016 0.926374
4 4 0.269426 0.070947 0.010708 0.000008 0.648911
1 4 0.054860 0.389689 0.225457 0.000001 0.329994
4 4 0.124380 0.101190 0.020203 0.000077 0.754150
4 4 0.024484 0.128739 0.024949 0.000000 0.821828
4 4 0.015756 0.045989 0.060672 0.000002 0.877580
4 4 0.026656 0.000553 0.000030 0.000000 0.972761
4 4 0.033794 0.007308 0.002180 0.000002 0.956715
4 4 0.051337 0.164593 0.043844 0.000002 0.740224
4 4 0.075628 0.200789 0.089296 0.000001 0.634286
0 0 0.948291 0.026749 0.024056 0.000492 0.000412
0 0 0.999059 0.000307 0.000292 0.000051 0.000291
1 0 0.294420 0.463310 0.196955 0.000063 0.045251
0 0 0.671124 0.227351 0.049524 0.000000 0.052002
1 0 0.313232 0.447142 0.202454 0.000001 0.037171
1 0 0.050494 0.587741 0.333569 0.000000 0.028196
1 1 0.050118 0.578557 0.327220 0.000000 0.044104
2 1 0.245208 0.299652 0.300151 0.000003 0.154986
1 1 0.324854 0.381855 0.248229 0.000019 0.045042
0 1 0.407311 0.368086 0.180224 0.000002 0.044377
1 1 0.042853 0.459285 0.303251 0.000045 0.194566
0 1 0.564727 0.312314 0.087174 0.000000 0.035786
1 1 0.123849 0.518700 0.254392 0.000005 0.103054
4 1 0.126547 0.359604 0.144767 0.000009 0.369074
1 0 0.409067 0.500687 0.068670 0.000004 0.021571
1 0 0.090721 0.630783 0.224278 0.000001 0.054218
1 0 0.294349 0.570124 0.122559 0.000000 0.012968
1 1 0.409245 0.450350 0.081366 0.000000 0.059038
4 1 0.085609 0.293999 0.129782 0.000002 0.490607
1 1 0.081863 0.409785 0.254143 0.000001 0.254208
4 2 0.110325 0.330553 0.168201 0.000002 0.390918
4 2 0.035909 0.221737 0.086505 0.000000 0.655849
4 2 0.019294 0.247891 0.337276 0.000008 0.395531
1 2 0.052977 0.526314 0.246463 0.000001 0.174245
1 2 0.033753 0.413474 0.294556 0.000001 0.258216
2 2 0.016718 0.349134 0.367429 0.000002 0.266718
4 2 0.013981 0.229923 0.277730 0.000053 0.478313
2 2 0.003690 0.215120 0.536737 0.000007 0.244447
2 2 0.008617 0.268055 0.459250 0.000057 0.264021
2 2 0.009288 0.249065 0.560481 0.001178 0.179989
2 2 0.000244 0.051102 0.895153 0.000448 0.053053
2 2 0.004801 0.201715 0.529447 0.000244 0.263792
2 2 0.000207 0.037762 0.940407 0.007094 0.014530
2 2 0.001060 0.065743 0.844680 0.001170 0.087347
2 2 0.000644 0.052335 0.887786 0.001063 0.058172
2 2 0.001305 0.107394 0.804378 0.000110 0.086813
2 2 0.001882 0.088106 0.725419 0.000093 0.184500
2 2 0.001198 0.040029 0.883273 0.001763 0.073737
2 2 0.003608 0.059373 0.901489 0.000258 0.035272
2 2 0.000945 0.062519 0.878466 0.000152 0.057918
2 2 0.000556 0.074073 0.903103 0.000226 0.022042
2 2 0.000865 0.071048 0.890624 0.000856 0.036607
2 2 0.000122 0.010778 0.970833 0.010423 0.007844
2 2 0.001531 0.077681 0.843587 0.002764 0.074437
2 2 0.000112 0.010990 0.980899 0.001765 0.006234
2 2 0.000790 0.037598 0.924234 0.007061 0.030318
2 2 0.001953 0.022690 0.930337 0.015854 0.029166
2 2 0.000073 0.013129 0.971600 0.008238 0.006960
2 2 0.001719 0.024920 0.953509 0.002524 0.017328
2 2 0.000257 0.012307 0.973752 0.008413 0.005272
2 2 0.000038 0.015158 0.976782 0.000511 0.007511
2 2 0.000022 0.012871 0.981883 0.001285 0.003939
2 2 0.000280 0.047984 0.930352 0.001851 0.019532
2 2 0.000051 0.008802 0.982429 0.003872 0.004846
2 2 0.000020 0.004252 0.987854 0.005110 0.002764
2 2 0.000392 0.008525 0.929956 0.050160 0.010967
2 2 0.000044 0.010385 0.974056 0.010017 0.005498
2 2 0.000108 0.008708 0.981390 0.003657 0.006136
2 2 0.000994 0.020339 0.924589 0.030832 0.023246
2 2 0.000752 0.004727 0.791479 0.188887 0.014155
2 2 0.000029 0.005356 0.978653 0.012189 0.003773
2 2 0.000014 0.001835 0.975353 0.020714 0.002084
2 2 0.000435 0.010625 0.959534 0.011942 0.017465
2 2 0.000107 0.007451 0.938776 0.045951 0.007714
2 2 0.000575 0.012222 0.971013 0.008874 0.007315
2 2 0.001335 0.009227 0.803912 0.163596 0.021930
2 2 0.000015 0.001750 0.800840 0.194756 0.002639
2 3 0.000167 0.013782 0.765543 0.207327 0.013180
2 3 0.000163 0.003880 0.887887 0.100606 0.007465
2 3 0.009878 0.043193 0.879752 0.020101 0.047077
2 3 0.001157 0.014073 0.816091 0.144307 0.024373
2 3 0.000305 0.011875 0.892904 0.081026 0.013891
3 3 0.001284 0.003936 0.468368 0.510124 0.016288
3 3 0.000228 0.002941 0.329884 0.658953 0.007995
2 3 0.000144 0.002886 0.577937 0.411988 0.007045
2 3 0.005942 0.019734 0.759230 0.166986 0.048108
2 3 0.001083 0.009199 0.585530 0.382680 0.021507
2 3 0.000362 0.008234 0.746486 0.230901 0.014017
2 3 0.000514 0.004147 0.509205 0.473801 0.012334
3 3 0.000105 0.001486 0.380628 0.612981 0.004800
3 3 0.023358 0.020274 0.367856 0.474552 0.113960
2 3 0.003857 0.007033 0.625998 0.333813 0.029299
3 3 0.001507 0.005145 0.379887 0.594663 0.018798
3 3 0.002797 0.003212 0.248614 0.727013 0.018364
2 3 0.004102 0.035616 0.671409 0.207293 0.081579
2 3 0.017743 0.029800 0.506255 0.307071 0.139131
3 3 0.000619 0.001516 0.121192 0.869101 0.007572
2 3 0.022312 0.033966 0.427511 0.238824 0.277386
3 3 0.003018 0.011151 0.464216 0.489298 0.032316
2 3 0.002200 0.010566 0.710414 0.248700 0.028119
2 3 0.001871 0.010082 0.481558 0.479878 0.026611
2 3 0.003464 0.013898 0.597458 0.348329 0.036852
3 3 0.000976 0.002976 0.230672 0.752888 0.012487
3 3 0.008217 0.006560 0.169605 0.775966 0.039651
3 3 0.000490 0.004913 0.455329 0.526358 0.012910
3 3 0.012972 0.013950 0.261197 0.642167 0.069714
2 3 0.016130 0.018947 0.630602 0.266681 0.067641
2 3 0.000284 0.020497 0.929656 0.031584 0.017979
2 3 0.001000 0.012907 0.722004 0.238413 0.025676
2 3 0.000345 0.035277 0.925039 0.006039 0.033300
2 2 0.001213 0.018083 0.735677 0.216826 0.028202
4 2 0.004853 0.119539 0.359310 0.000617 0.515681
2 2 0.000011 0.008195 0.988453 0.000943 0.002398
2 2 0.002015 0.060389 0.861952 0.005729 0.069915
2 2 0.003626 0.061489 0.852307 0.000991 0.081587
2 2 0.003281 0.044146 0.801018 0.004562 0.146994
2 2 0.000976 0.028276 0.926088 0.008479 0.036180
2 2 0.000323 0.024593 0.935596 0.007152 0.032336
2 2 0.000398 0.022580 0.953517 0.008436 0.015070
2 2 0.000448 0.029093 0.939553 0.001611 0.029296
2 2 0.000099 0.011853 0.977037 0.004190 0.006820
2 2 0.000240 0.011137 0.977533 0.003148 0.007942
2 2 0.001401 0.117666 0.746363 0.000716 0.133853
2 2 0.000143 0.005831 0.954178 0.032430 0.007417
2 2 0.000367 0.027787 0.925697 0.003908 0.042240
2 2 0.000148 0.013219 0.962745 0.008258 0.015630
2 2 0.000713 0.084864 0.826580 0.000023 0.087820
4 2 0.232023 0.110337 0.118167 0.000034 0.539439
1 1 0.034589 0.376466 0.347575 0.000043 0.241328
4 1 0.011147 0.233537 0.343997 0.000002 0.411317
4 2 0.031868 0.335934 0.140309 0.000000 0.491889
4 2 0.007475 0.065795 0.068620 0.000006 0.858104
4 4 0.007980 0.058509 0.080584 0.000299 0.852628
4 4 0.054992 0.240769 0.085138 0.000000 0.619101
4 4 0.022435 0.007938 0.003106 0.000003 0.966518
4 4 0.086101 0.016903 0.005729 0.000036 0.891231
4 4 0.012898 0.053724 0.040909 0.000318 0.892150
4 4 0.001298 0.001381 0.002622 0.000001 0.994699
4 4 0.051909 0.026578 0.003828 0.000004 0.917681
4 4 0.013058 0.031385 0.033295 0.000145 0.922117
4 4 0.023146 0.005538 0.006926 0.000035 0.964355
4 4 0.014483 0.002619 0.001006 0.000000 0.981892
4 4 0.049595 0.006286 0.000738 0.000000 0.943382
4 4 0.021052 0.219470 0.059641 0.000000 0.699836
4 4 0.271804 0.264318 0.108556 0.000001 0.355321
4 4 0.020305 0.067458 0.028354 0.000014 0.883868
4 4 0.027898 0.011462 0.001146 0.000000 0.959494
4 4 0.020377 0.124971 0.099754 0.000167 0.754732
4 4 0.035031 0.136158 0.111588 0.000007 0.717216
4 4 0.032269 0.010811 0.001268 0.000000 0.955651
4 4 0.012080 0.036935 0.024082 0.000099 0.926804
4 4 0.049938 0.010286 0.001332 0.000001 0.938443
4 4 0.023107 0.045975 0.013341 0.000000 0.917577
4 4 0.119325 0.116503 0.036613 0.000001 0.727558
4 4 0.019050 0.073311 0.071968 0.001716 0.833955
4 4 0.018144 0.184964 0.195195 0.000351 0.601347
4 4 0.017493 0.022076 0.009256 0.000018 0.951156
4 4 0.030625 0.041100 0.005455 0.000000 0.922819
4 4 0.016893 0.022481 0.002030 0.000000 0.958597
4 4 0.021423 0.015852 0.011698 0.000053 0.950974
4 4 0.118066 0.005171 0.000935 0.000001 0.875826
4 4 0.021992 0.014114 0.024309 0.000394 0.939191
4 4 0.013696 0.028937 0.029753 0.000234 0.927380
4 4 0.027191 0.005207 0.001241 0.000001 0.966361
4 4 0.031327 0.016880 0.005021 0.000009 0.946763
4 4 0.063250 0.013885 0.001608 0.000000 0.921256
4 4 0.015556 0.105646 0.098647 0.000003 0.780147
4 4 0.012985 0.044129 0.071699 0.001506 0.869680
4 4 0.018440 0.000904 0.000403 0.000000 0.980253
4 4 0.076906 0.008149 0.001324 0.000001 0.913621
4 4 0.273487 0.007334 0.001262 0.000001 0.717915
4 4 0.014290 0.018575 0.017454 0.000087 0.949594
4 4 0.043849 0.009873 0.015076 0.000315 0.930887
4 4 0.008623 0.029749 0.030267 0.000001 0.931360
4 4 0.020556 0.090615 0.039775 0.000091 0.848962
4 4 0.006856 0.016962 0.045131 0.000523 0.930528
4 4 0.034440 0.016071 0.001927 0.000001 0.947562
0 4 0.437047 0.253640 0.122703 0.000009 0.186601
4 4 0.075894 0.146797 0.156954 0.001389 0.618965
4 4 0.012324 0.110143 0.075067 0.000001 0.802466
4 4 0.009978 0.027415 0.040205 0.000387 0.922014
4 4 0.012595 0.112575 0.052981 0.000005 0.821843
4 4 0.018700 0.019949 0.005273 0.000005 0.956073
4 4 0.004323 0.002898 0.005370 0.000006 0.987403
4 4 0.048344 0.000110 0.000006 0.000000 0.951541
4 1 0.074598 0.134128 0.038116 0.000008 0.753150
4 2 0.009396 0.113985 0.412661 0.000019 0.463940
4 1 0.073730 0.069965 0.027414 0.000001 0.828890
4 2 0.044687 0.251548 0.168131 0.000018 0.535616
4 2 0.019440 0.241622 0.241821 0.000005 0.497112
4 2 0.007864 0.236748 0.350198 0.000021 0.405168
4 2 0.007412 0.195427 0.252869 0.000019 0.544273
4 2 0.015857 0.279428 0.262914 0.000094 0.441706
2 2 0.003413 0.162364 0.694997 0.002239 0.136987
4 4 0.033991 0.111927 0.039009 0.000044 0.815029
4 4 0.015016 0.271553 0.324949 0.000023 0.388460
4 4 0.010769 0.021830 0.077498 0.002861 0.887042
4 4 0.014702 0.007720 0.000854 0.000000 0.976725
4 4 0.030683 0.131550 0.040695 0.000005 0.797067
0 4 0.506162 0.177687 0.055051 0.000088 0.261012
4 4 0.043596 0.069407 0.016339 0.000049 0.870609
4 4 0.012934 0.021652 0.001713 0.000000 0.963700
4 4 0.011167 0.141393 0.340498 0.000005 0.506937
4 4 0.009679 0.201086 0.353672 0.000003 0.435559
4 4 0.006067 0.013979 0.009742 0.000010 0.970202
4 4 0.010526 0.037597 0.082350 0.000745 0.868782
4 4 0.024062 0.183290 0.231368 0.001156 0.560124
4 4 0.013912 0.157180 0.184064 0.000053 0.644792
2 4 0.010307 0.220296 0.464813 0.000129 0.304456
4 4 0.018918 0.104932 0.121171 0.000047 0.754933
4 4 0.013804 0.255169 0.196278 0.000002 0.534747
4 4 0.020679 0.133805 0.178633 0.000061 0.666822
4 4 0.010339 0.025684 0.020145 0.000070 0.943762
4 4 0.010275 0.171292 0.301105 0.000007 0.517322
4 4 0.020094 0.177180 0.182178 0.000033 0.620516
4 4 0.090465 0.003036 0.000420 0.000000 0.906079
4 4 0.108180 0.059534 0.006406 0.000000 0.825879
4 4 0.126294 0.003967 0.000740 0.000000 0.868999
4 4 0.035916 0.139324 0.049494 0.000076 0.775190
4 4 0.011435 0.150425 0.185530 0.000076 0.652535
4 4 0.025510 0.149275 0.084529 0.000031 0.740655
4 4 0.011141 0.276306 0.353898 0.000001 0.358653
2 2 0.004808 0.189174 0.436102 0.000049 0.369867
2 2 0.004801 0.235388 0.527782 0.000011 0.232017
4 2 0.013412 0.209966 0.276602 0.000014 0.500006
4 2 0.010260 0.226959 0.299101 0.000010 0.463670
4 4 0.031044 0.055672 0.090545 0.006500 0.816239
4 4 0.010900 0.035432 0.019869 0.000026 0.933773
4 4 0.013801 0.111581 0.050538 0.000018 0.824062
4 4 0.007082 0.045689 0.058728 0.000065 0.888435
4 4 0.023452 0.081406 0.031744 0.000026 0.863372
4 4 0.019307 0.109882 0.079634 0.000001 0.791175
4 4 0.011337 0.178185 0.248022 0.000002 0.562454
4 4 0.034256 0.197011 0.185435 0.000025 0.583273
4 4 0.029687 0.199658 0.169020 0.000002 0.601632
4 4 0.007637 0.161532 0.299306 0.000010 0.531515
4 2 0.012689 0.228660 0.340896 0.000155 0.417600
2 2 0.001064 0.115788 0.782434 0.000081 0.100633
4 2 0.020702 0.268800 0.246734 0.000007 0.463757
4 2 0.007012 0.149268 0.288259 0.000019 0.555442
2 2 0.003838 0.192666 0.523971 0.000085 0.279440
4 4 0.101663 0.008422 0.002065 0.000006 0.887844
4 4 0.016885 0.032268 0.016088 0.000054 0.934704
4 4 0.008129 0.013418 0.021698 0.000100 0.956654
4 4 0.026320 0.000904 0.000406 0.000000 0.972370
4 4 0.047806 0.004286 0.001710 0.000003 0.946195
4 4 0.006504 0.005754 0.000586 0.000000 0.987157
4 4 0.051424 0.008104 0.001017 0.000000 0.939455
4 4 0.036647 0.005162 0.003963 0.000014 0.954214
4 4 0.011657 0.002172 0.001876 0.000001 0.984294
4 4 0.038761 0.002347 0.000528 0.000000 0.958364
2 4 0.033896 0.227346 0.686918 0.004134 0.047705
4 4 0.031467 0.217132 0.317640 0.000008 0.433753
4 4 0.015571 0.201148 0.351089 0.000012 0.432181
2 4 0.010200 0.194412 0.399532 0.000025 0.395830
4 2 0.013903 0.241155 0.224192 0.000072 0.520678
4 2 0.005871 0.044388 0.178072 0.000328 0.771341
4 4 0.026065 0.006124 0.000560 0.000000 0.967251
4 4 0.015094 0.011658 0.012531 0.000057 0.960661
4 4 0.061564 0.003841 0.000888 0.000001 0.933707
4 4 0.009029 0.108408 0.085791 0.000001 0.796771
4 4 0.011435 0.239627 0.305364 0.000006 0.443568
4 4 0.004199 0.008890 0.002538 0.000000 0.984373
4 4 0.018840 0.016004 0.007239 0.000014 0.957903
4 4 0.075100 0.247304 0.107881 0.000054 0.569661
4 4 0.008313 0.091225 0.214808 0.000005 0.685649
4 2 0.160616 0.076563 0.041612 0.000007 0.721203
4 2 0.017651 0.179976 0.263388 0.000064 0.538920
2 2 0.004534 0.219907 0.507462 0.000022 0.268075
4 2 0.012605 0.220208 0.197477 0.000038 0.569672
2 2 0.002858 0.187662 0.632632 0.000025 0.176824
4 2 0.008482 0.176309 0.396103 0.000008 0.419097
2 2 0.004033 0.134645 0.494402 0.000089 0.366831
2 2 0.008669 0.185965 0.550272 0.000046 0.255047
4 2 0.007757 0.216207 0.346400 0.000042 0.429595
4 2 0.006978 0.163835 0.405704 0.000094 0.423388
2 2 0.005087 0.162013 0.452394 0.000045 0.380461
2 2 0.000084 0.027536 0.965346 0.000311 0.006723
2 2 0.004545 0.129136 0.453113 0.000031 0.413174
4 2 0.020134 0.227324 0.162858 0.000000 0.589685
2 2 0.003291 0.161383 0.534150 0.000014 0.301162
4 2 0.013531 0.238772 0.371212 0.000007 0.376478
4 2 0.015002 0.250802 0.301939 0.000002 0.432256
2 2 0.002082 0.136351 0.698710 0.001137 0.161720
4 2 0.017268 0.210983 0.239354 0.000196 0.532199
2 2 0.001281 0.119968 0.684705 0.000005 0.194042
2 2 0.004624 0.181955 0.540673 0.000498 0.272251
4 2 0.008585 0.196705 0.386868 0.000017 0.407825
2 2 0.000511 0.043591 0.904813 0.001100 0.049984
2 2 0.002130 0.073388 0.537222 0.000192 0.387068
2 2 0.001967 0.067573 0.710240 0.000046 0.220174
2 2 0.001235 0.050782 0.895179 0.000823 0.051980
4 2 0.004592 0.074438 0.457105 0.000059 0.463805
2 2 0.001154 0.052588 0.840588 0.000047 0.105623
2 2 0.000124 0.020154 0.962792 0.000635 0.016295
2 2 0.001456 0.033484 0.879808 0.000011 0.085241
2 2 0.000057 0.007001 0.983632 0.000070 0.009240
2 2 0.000281 0.015963 0.966655 0.002376 0.014725
2 2 0.003158 0.076881 0.799419 0.001876 0.118666
2 2 0.000891 0.015075 0.953230 0.011450 0.019355
2 2 0.001444 0.043973 0.882244 0.006277 0.066062
2 2 0.000462 0.037581 0.921331 0.000218 0.040408
2 2 0.000380 0.018046 0.958803 0.001706 0.021065
2 2 0.005766 0.021788 0.964360 0.002365 0.005722
2 2 0.001152 0.016286 0.941426 0.000408 0.040727
2 2 0.000266 0.014725 0.965925 0.002426 0.016657
2 2 0.000107 0.015493 0.967822 0.004200 0.012378
2 2 0.000047 0.004141 0.914290 0.076600 0.004922
2 2 0.000437 0.027585 0.949262 0.002482 0.020234
2 2 0.001290 0.022261 0.931061 0.013393 0.031995
2 2 0.000172 0.009587 0.947358 0.033283 0.009600
2 2 0.001316 0.023117 0.897998 0.005273 0.072295
2 2 0.000346 0.021445 0.951101 0.007536 0.019572
2 2 0.000056 0.005786 0.939696 0.048398 0.006065
2 2 0.000358 0.012203 0.901358 0.070724 0.015357
2 3 0.005840 0.019377 0.742392 0.129406 0.102985
2 3 0.002570 0.031144 0.864667 0.022891 0.078727
2 3 0.000225 0.008012 0.907085 0.067743 0.016935
3 3 0.000710 0.007546 0.478543 0.495912 0.017289
2 3 0.005385 0.025755 0.742610 0.150829 0.075421
2 3 0.003291 0.078221 0.722929 0.013441 0.182119
2 3 0.023199 0.033619 0.633428 0.216495 0.093259
2 3 0.013229 0.032102 0.714051 0.093293 0.147325
2 3 0.000083 0.004595 0.908240 0.080834 0.006247
2 3 0.000680 0.005540 0.613579 0.368895 0.011306
2 3 0.015933 0.040559 0.639829 0.092329 0.211350
2 3 0.000204 0.004685 0.900321 0.086268 0.008522
2 3 0.006897 0.024320 0.711492 0.153918 0.103372
2 3 0.000280 0.009670 0.821143 0.155625 0.013282
2 3 0.003400 0.012097 0.548144 0.393550 0.042809
3 3 0.020906 0.012199 0.278876 0.627666 0.060353
2 3 0.000558 0.007260 0.593241 0.383163 0.015777
2 3 0.003245 0.011618 0.639197 0.305740 0.040201
3 3 0.003273 0.007718 0.341208 0.612748 0.035053
2 3 0.000933 0.005132 0.490350 0.487289 0.016296
2 3 0.005746 0.022676 0.609213 0.209589 0.152775
3 3 0.000422 0.002336 0.207759 0.780985 0.008498
3 3 0.006887 0.002854 0.090754 0.878899 0.020606
3 3 0.006243 0.011269 0.288916 0.640910 0.052663
3 3 0.000027 0.000315 0.082163 0.916115 0.001379
3 3 0.001463 0.003891 0.147380 0.832315 0.014951
3 3 0.006653 0.020691 0.327259 0.555229 0.090169
3 3 0.001809 0.011429 0.419838 0.510682 0.056242
3 3 0.002833 0.007150 0.403499 0.560100 0.026419
3 3 0.001604 0.006598 0.255185 0.708440 0.028173
2 3 0.003810 0.016100 0.520692 0.419094 0.040303
3 3 0.002554 0.002927 0.115649 0.861821 0.017049
3 3 0.000808 0.003402 0.224085 0.759391 0.012314
3 3 0.008400 0.012845 0.289884 0.585499 0.103371
3 3 0.000566 0.001562 0.134118 0.856209 0.007546
3 3 0.002203 0.009681 0.394353 0.548175 0.045588
3 3 0.002943 0.003642 0.163097 0.811198 0.019120
3 3 0.000026 0.000914 0.370834 0.625723 0.002503
3 3 0.021218 0.015687 0.239986 0.546253 0.176856
3 3 0.007382 0.004528 0.138865 0.812225 0.037001
3 3 0.000459 0.003495 0.457981 0.527003 0.011063
3 3 0.000127 0.000672 0.234660 0.760979 0.003562
3 3 0.001110 0.003359 0.175802 0.799898 0.019831
3 3 0.003779 0.000998 0.051019 0.923213 0.020992
3 3 0.000211 0.003708 0.320625 0.666948 0.008508
3 3 0.008681 0.005878 0.136998 0.786874 0.061569
3 3 0.002020 0.008810 0.422990 0.540367 0.025812
3 3 0.002335 0.006655 0.283178 0.682959 0.024873
3 3 0.000530 0.001081 0.060275 0.931775 0.006338
3 3 0.020258 0.004047 0.077807 0.864989 0.032899
3 3 0.003664 0.007441 0.249393 0.697476 0.042026
3 3 0.011063 0.004834 0.194339 0.773455 0.016310
3 3 0.008791 0.021346 0.362078 0.451791 0.155994
2 3 0.021432 0.019176 0.440791 0.413929 0.104672
2 3 0.007221 0.015702 0.462943 0.440266 0.073868
3 3 0.006411 0.009533 0.285997 0.660464 0.037594
3 3 0.001847 0.003131 0.074179 0.900484 0.020359
3 3 0.004322 0.011138 0.322202 0.626960 0.035379
2 3 0.005208 0.018632 0.551946 0.332366 0.091848
2 3 0.002167 0.029612 0.683717 0.242949 0.041556
3 3 0.008341 0.006828 0.197681 0.747169 0.039981
3 3 0.000070 0.000824 0.116663 0.879559 0.002884
2 3 0.010325 0.020379 0.656052 0.235338 0.077906
2 1 0.093666 0.176060 0.726923 0.000871 0.002480
2 2 0.015718 0.408358 0.473124 0.000001 0.102799
2 2 0.002311 0.107385 0.867177 0.011929 0.011199
2 2 0.004408 0.153102 0.695255 0.000056 0.147179
2 2 0.051618 0.182819 0.731130 0.000280 0.034154
1 1 0.094406 0.442149 0.194913 0.000002 0.268530
2 2 0.025473 0.382827 0.537688 0.000228 0.053784
2 2 0.012506 0.297753 0.431001 0.000112 0.258629
2 2 0.004100 0.144038 0.472287 0.000407 0.379169
2 2 0.000349 0.056278 0.905304 0.000312 0.037758
4 2 0.012493 0.207136 0.367350 0.000071 0.412950
2 2 0.005485 0.225914 0.459640 0.000000 0.308960
2 2 0.003929 0.188546 0.563497 0.000226 0.243802
4 2 0.025536 0.155199 0.146882 0.000109 0.672275
2 1 0.007229 0.328025 0.473845 0.000000 0.190901
4 2 0.006831 0.161721 0.378913 0.000018 0.452518
2 2 0.008084 0.198900 0.467050 0.000106 0.325860
2 2 0.007736 0.167511 0.493152 0.000010 0.331592
4 2 0.017659 0.155164 0.191127 0.000018 0.636032
4 2 0.007067 0.153635 0.419575 0.000005 0.419717
4 4 0.006730 0.088945 0.378395 0.000147 0.525783
4 4 0.022945 0.178042 0.061318 0.000006 0.737689
4 4 0.012684 0.218406 0.175988 0.000010 0.592912
4 4 0.012997 0.158170 0.393689 0.000068 0.435076
4 4 0.005917 0.080991 0.246465 0.000125 0.666502
4 4 0.023727 0.008783 0.011770 0.000096 0.955623
4 4 0.014005 0.000621 0.000284 0.000000 0.985091
4 4 0.146420 0.016013 0.003965 0.000028 0.833574
4 4 0.020081 0.021883 0.004995 0.000003 0.953039
4 4 0.039724 0.269006 0.286213 0.000007 0.405050
4 4 0.003821 0.122027 0.412854 0.000240 0.461058
4 4 0.011609 0.097133 0.177333 0.000086 0.713838
4 4 0.038645 0.069278 0.028228 0.000004 0.863845
0 1 0.809509 0.055969 0.040763 0.000002 0.093757
2 1 0.004286 0.212634 0.741141 0.000004 0.041935
2 2 0.001112 0.093158 0.719438 0.000003 0.186289
2 2 0.002546 0.101238 0.475529 0.000006 0.420682
4 2 0.002191 0.052350 0.313971 0.000004 0.631484
2 2 0.000774 0.048153 0.753953 0.000194 0.196925
4 2 0.007043 0.083403 0.167305 0.000017 0.742232
4 2 0.002080 0.081689 0.389409 0.000000 0.526821
4 2 0.004191 0.094459 0.320526 0.000001 0.580823
4 2 0.001618 0.046000 0.370406 0.000004 0.581972
2 2 0.001254 0.050531 0.699657 0.000032 0.248527
4 2 0.007053 0.046179 0.153007 0.000000 0.793760
4 4 0.018490 0.008953 0.024687 0.000193 0.947677
4 4 0.006124 0.093586 0.070018 0.000000 0.830272
4 4 0.003907 0.064858 0.149485 0.000000 0.781750
2 4 0.001572 0.079431 0.555916 0.000006 0.363076
4 4 0.002900 0.069650 0.230090 0.000003 0.697358
2 4 0.000752 0.031600 0.721919 0.000043 0.245687
2 2 0.000740 0.026938 0.755089 0.000100 0.217132
