0 0 0.908400 0.056126 0.014826 0.000377 0.020271
0 0 0.477297 0.271141 0.120765 0.032418 0.098379
1 0 0.080213 0.455885 0.231233 0.003232 0.229437
2 0 0.049795 0.326862 0.516422 0.051684 0.055237
4 0 0.090788 0.110894 0.041082 0.000262 0.756973
1 0 0.200626 0.372060 0.141910 0.000622 0.284780
4 0 0.062402 0.163193 0.071239 0.000694 0.702473
4 0 0.055327 0.205743 0.168895 0.014850 0.555186
4 0 0.085316 0.114626 0.046344 0.000718 0.752997
0 0 0.866796 0.071462 0.015335 0.000026 0.046381
4 0 0.186379 0.155869 0.058964 0.001294 0.597495
0 0 0.973129 0.018471 0.004226 0.000151 0.004022
4 0 0.110149 0.111268 0.044499 0.001116 0.732968
2 0 0.021631 0.358641 0.515507 0.001135 0.103086
1 0 0.043192 0.411926 0.194616 0.000343 0.349923
0 0 0.719707 0.132709 0.035530 0.000242 0.111811
4 0 0.417563 0.117392 0.041622 0.002286 0.421138
0 0 0.690295 0.159329 0.055407 0.003419 0.091550
0 0 0.846277 0.099065 0.031578 0.002783 0.020298
0 0 0.549895 0.245245 0.133236 0.006147 0.065477
0 0 0.553616 0.234666 0.100882 0.027837 0.082998
0 0 0.903211 0.063357 0.017920 0.000883 0.014629
0 0 0.576350 0.157125 0.050470 0.000989 0.215067
0 0 0.789552 0.141250 0.042924 0.000837 0.025437
0 0 0.974595 0.019446 0.003121 0.000001 0.002837
0 0 0.931912 0.048612 0.012556 0.000304 0.006616
0 0 0.415109 0.313697 0.145443 0.031574 0.094177
0 0 0.894907 0.071500 0.018703 0.000273 0.014617
0 0 0.666286 0.116609 0.036089 0.001130 0.179886
0 0 0.497478 0.088851 0.026621 0.000463 0.386588
0 0 0.332294 0.247215 0.098286 0.003758 0.318446
0 0 0.804667 0.068794 0.017799 0.000251 0.108490
0 0 0.442709 0.159490 0.068160 0.016789 0.312852
0 0 0.877009 0.082850 0.025413 0.000795 0.013933
0 0 0.534295 0.134951 0.036421 0.000143 0.294191
0 0 0.609810 0.267357 0.084229 0.000404 0.038199
0 0 0.960392 0.030211 0.006633 0.000045 0.002718
0 0 0.867498 0.094834 0.028594 0.000975 0.008098
0 0 0.837971 0.118596 0.035438 0.000567 0.007429
0 0 0.980295 0.013885 0.002570 0.000014 0.003236
2 0 0.043597 0.341410 0.420920 0.073995 0.120079
0 0 0.889768 0.082255 0.021307 0.000138 0.006531
0 0 0.874828 0.056202 0.014116 0.000228 0.054627
0 0 0.865428 0.074079 0.020039 0.000495 0.039958
0 0 0.903511 0.055026 0.015310 0.000670 0.025482
0 0 0.585738 0.241216 0.077206 0.000676 0.095164
2 0 0.181009 0.263567 0.309791 0.020000 0.225633
0 0 0.815103 0.083292 0.025336 0.001377 0.074893
0 0 0.829758 0.115264 0.035346 0.001214 0.018416
0 0 0.678743 0.211879 0.074867 0.003140 0.031370
0 0 0.813280 0.123652 0.043876 0.006826 0.012366
0 0 0.755845 0.154424 0.045806 0.000605 0.043321
0 0 0.922997 0.058715 0.016575 0.000401 0.001312
1 0 0.110817 0.489506 0.315912 0.010155 0.073610
2 1 0.002710 0.140755 0.756871 0.002705 0.096958
2 1 0.000986 0.043744 0.788173 0.014692 0.152405
4 4 0.008581 0.085244 0.134337 0.000757 0.771080
4 4 0.010913 0.029696 0.050529 0.011672 0.897190
4 4 0.056417 0.103634 0.047220 0.001409 0.791320
4 4 0.074564 0.030922 0.010189 0.000131 0.884194
4 4 0.020994 0.096855 0.083891 0.006731 0.791529
4 4 0.020591 0.045752 0.072565 0.020363 0.840728
4 4 0.023204 0.061711 0.070800 0.014887 0.829399
4 4 0.057452 0.142363 0.173034 0.016220 0.610931
4 4 0.022002 0.084466 0.039077 0.000253 0.854201
4 4 0.038010 0.174222 0.093891 0.001192 0.692685
4 4 0.054242 0.220587 0.103666 0.001008 0.620496
4 4 0.036311 0.287166 0.242516 0.007149 0.426859
2 4 0.089110 0.323462 0.430915 0.096281 0.060233
2 4 0.002279 0.122841 0.738667 0.087337 0.048875
4 4 0.028331 0.040536 0.017470 0.000352 0.913311
4 4 0.011955 0.018312 0.010837 0.005913 0.952984
4 4 0.031570 0.076353 0.049436 0.001958 0.840683
4 4 0.009144 0.159932 0.165581 0.006284 0.659060
4 4 0.046148 0.078713 0.033470 0.000481 0.841188
4 4 0.013922 0.132685 0.333417 0.084956 0.435020
0 4 0.724833 0.187209 0.063764 0.002196 0.021998
4 4 0.007628 0.297602 0.196329 0.000768 0.497673
4 4 0.015385 0.055363 0.037891 0.001900 0.889461
4 4 0.038716 0.260530 0.211770 0.007046 0.481938
4 4 0.023787 0.084257 0.141836 0.019796 0.730324
4 4 0.048574 0.045729 0.020979 0.002294 0.882424
4 4 0.026099 0.225714 0.186083 0.027331 0.534772
4 4 0.024881 0.072987 0.033990 0.000412 0.867730
2 4 0.002971 0.129239 0.577635 0.084876 0.205280
2 4 0.012274 0.168835 0.521132 0.114473 0.183286
0 4 0.425444 0.300682 0.252741 0.013853 0.007281
0 4 0.836242 0.113907 0.034154 0.000693 0.015004
4 4 0.011439 0.175444 0.325714 0.014171 0.473232
0 4 0.428938 0.332530 0.122523 0.001404 0.114604
4 4 0.009946 0.064927 0.281062 0.270198 0.373867
2 4 0.004463 0.151916 0.568707 0.041376 0.233538
4 4 0.025454 0.039835 0.018930 0.000969 0.914812
4 4 0.005797 0.064695 0.229785 0.301117 0.398605
2 4 0.000716 0.049540 0.778636 0.083225 0.087884
2 4 0.000767 0.057278 0.773989 0.139422 0.028544
2 4 0.004323 0.121325 0.603950 0.102903 0.167499
4 4 0.009639 0.066451 0.215414 0.016258 0.692239
4 4 0.018482 0.100389 0.151746 0.002627 0.726755
4 4 0.036738 0.016922 0.006580 0.000316 0.939444
4 4 0.032438 0.023526 0.010045 0.000698 0.933293
4 4 0.020291 0.122241 0.246319 0.027636 0.583514
4 4 0.026307 0.047639 0.028659 0.017368 0.880026
4 4 0.008399 0.069368 0.108023 0.005758 0.808453
2 4 0.003448 0.154047 0.542482 0.021161 0.278862
2 4 0.002879 0.134872 0.701654 0.017728 0.142868
2 4 0.003561 0.125225 0.572018 0.114140 0.185056
2 4 0.000783 0.064911 0.792749 0.079910 0.061647
2 4 0.000040 0.010564 0.767869 0.215452 0.006075
2 4 0.002058 0.148021 0.623065 0.063579 0.163277
2 4 0.000031 0.008538 0.951868 0.035992 0.003571
2 4 0.000075 0.011290 0.683173 0.300771 0.004690
2 4 0.000243 0.033104 0.893388 0.065382 0.007883
2 4 0.000112 0.024423 0.812675 0.150230 0.012561
2 4 0.003819 0.118732 0.647962 0.073394 0.156093
2 2 0.000060 0.017191 0.826990 0.146106 0.009653
2 2 0.000442 0.036541 0.544917 0.390050 0.028051
2 2 0.000594 0.068934 0.768332 0.109567 0.052573
2 2 0.006785 0.130485 0.405033 0.167043 0.290655
2 2 0.000893 0.038388 0.785436 0.168646 0.006637
2 3 0.000821 0.044663 0.478487 0.432733 0.043295
3 3 0.000109 0.005121 0.122945 0.865418 0.006406
3 3 0.000336 0.013932 0.261755 0.691451 0.032525
3 3 0.000057 0.003394 0.116052 0.873109 0.007387
3 3 0.001247 0.044562 0.361666 0.433169 0.159356
3 3 0.000243 0.013673 0.259610 0.711335 0.015139
3 3 0.000008 0.000945 0.201938 0.796738 0.000372
3 3 0.000250 0.010311 0.141905 0.827104 0.020430
3 3 0.000196 0.007850 0.157916 0.826599 0.007439
3 3 0.000004 0.000393 0.062254 0.937035 0.000313
3 3 0.000510 0.009173 0.102946 0.878570 0.008802
3 3 0.000443 0.010048 0.092960 0.865506 0.031044
3 3 0.000601 0.016089 0.339361 0.634140 0.009809
3 3 0.000041 0.000832 0.029314 0.968349 0.001464
3 3 0.000237 0.005191 0.122690 0.865152 0.006730
3 3 0.000044 0.002413 0.101507 0.893572 0.002463
3 3 0.001848 0.006917 0.078487 0.908537 0.004212
3 3 0.000499 0.016003 0.122055 0.824913 0.036529
3 3 0.000010 0.000269 0.033612 0.965945 0.000164
3 3 0.000118 0.002267 0.076118 0.917284 0.004213
3 3 0.004972 0.015555 0.135671 0.838064 0.005739
3 3 0.000094 0.001474 0.085206 0.911758 0.001468
3 3 0.000161 0.003208 0.049521 0.934537 0.012573
3 3 0.001195 0.012009 0.028304 0.863537 0.094955
3 3 0.000134 0.001989 0.032424 0.959888 0.005564
3 3 0.000103 0.000454 0.016635 0.982289 0.000520
3 3 0.061635 0.025945 0.044989 0.849454 0.017977
3 3 0.000000 0.000024 0.018348 0.981589 0.000039
3 3 0.000002 0.000041 0.014264 0.985680 0.000014
3 3 0.000002 0.000082 0.013272 0.986561 0.000083
3 3 0.000013 0.000048 0.004994 0.994932 0.000013
3 3 0.000075 0.002256 0.073878 0.916810 0.006981
3 3 0.000057 0.000164 0.009347 0.990380 0.000052
3 3 0.012374 0.015492 0.069787 0.888360 0.013988
3 3 0.000106 0.000332 0.009476 0.989904 0.000181
3 3 0.000068 0.000431 0.010421 0.988137 0.000943
3 3 0.004323 0.001681 0.015804 0.977731 0.000461
3 3 0.000056 0.001297 0.016974 0.975898 0.005776
3 3 0.000045 0.000773 0.059091 0.939300 0.000791
3 3 0.000515 0.003645 0.027514 0.959484 0.008842
3 3 0.000176 0.000459 0.016942 0.982320 0.000102
3 3 0.000155 0.001252 0.016067 0.980595 0.001931
3 3 0.001078 0.003780 0.030772 0.951491 0.012879
3 3 0.000032 0.000168 0.006012 0.993643 0.000145
3 3 0.000001 0.000017 0.007459 0.992517 0.000006
3 3 0.000649 0.001190 0.017408 0.980042 0.000711
3 3 0.000270 0.001151 0.012369 0.984124 0.002087
3 3 0.000004 0.000072 0.007888 0.991986 0.000050
3 3 0.003706 0.018097 0.077922 0.838625 0.061650
3 3 0.000013 0.000152 0.006979 0.992679 0.000177
3 3 0.000189 0.000546 0.016518 0.982428 0.000319
3 3 0.000031 0.000244 0.011628 0.987787 0.000310
3 3 0.002675 0.002923 0.013300 0.978487 0.002615
3 3 0.000699 0.002815 0.023371 0.967989 0.005126
3 3 0.000067 0.000639 0.010616 0.986353 0.002326
3 3 0.001219 0.001797 0.021214 0.974871 0.000898
3 3 0.000415 0.001092 0.012496 0.985335 0.000661
3 3 0.001180 0.004182 0.028541 0.961484 0.004612
3 3 0.000004 0.000032 0.002089 0.997838 0.000037
3 3 0.001105 0.004709 0.023729 0.954524 0.015933
3 3 0.000162 0.000367 0.017684 0.981666 0.000121
3 3 0.001309 0.001156 0.009526 0.987308 0.000701
3 3 0.001451 0.001950 0.016655 0.978403 0.001541
3 3 0.000596 0.000903 0.009827 0.988288 0.000386
3 3 0.000016 0.000234 0.006691 0.992593 0.000466
3 3 0.000081 0.000145 0.002927 0.996763 0.000083
3 3 0.001043 0.004417 0.046347 0.945392 0.002801
3 3 0.010531 0.009356 0.013889 0.953881 0.012343
3 3 0.001567 0.002048 0.037146 0.958455 0.000784
3 3 0.000000 0.000006 0.002722 0.997269 0.000003
3 3 0.000004 0.000010 0.000655 0.999323 0.000007
3 3 0.000000 0.000001 0.003340 0.996659 0.000000
3 3 0.000022 0.000074 0.003734 0.996119 0.000052
3 3 0.000428 0.000718 0.008798 0.989730 0.000326
3 3 0.000097 0.000837 0.010786 0.986809 0.001471
3 3 0.000509 0.000678 0.004044 0.994094 0.000675
3 3 0.000126 0.000637 0.008965 0.989532 0.000740
3 3 0.000013 0.000034 0.002654 0.997289 0.000011
3 3 0.000048 0.000178 0.005840 0.993814 0.000119
3 3 0.000005 0.000056 0.007351 0.992537 0.000052
3 3 0.000051 0.000132 0.004396 0.995308 0.000112
3 3 0.000987 0.001041 0.008735 0.988828 0.000409
3 3 0.002647 0.002878 0.008632 0.982894 0.002948
3 3 0.000012 0.000073 0.006504 0.993382 0.000029
3 3 0.001670 0.001331 0.017097 0.979681 0.000219
3 3 0.000025 0.000069 0.011681 0.988211 0.000014
3 3 0.002914 0.003087 0.020086 0.971201 0.002712
3 3 0.003502 0.002424 0.017024 0.976350 0.000699
3 3 0.000038 0.000083 0.004051 0.995802 0.000026
3 3 0.000050 0.000182 0.003141 0.996371 0.000255
3 3 0.000135 0.000268 0.004621 0.994740 0.000236
3 3 0.000001 0.000005 0.001421 0.998571 0.000002
3 3 0.001708 0.004459 0.019383 0.968237 0.006212
3 3 0.002438 0.002570 0.009411 0.983230 0.002350
3 3 0.000016 0.000110 0.008851 0.990915 0.000109
3 3 0.001581 0.004562 0.032910 0.957205 0.003741
3 3 0.000032 0.000128 0.003851 0.995888 0.000101
3 3 0.000260 0.000881 0.009351 0.988694 0.000814
3 3 0.000097 0.000337 0.011066 0.988252 0.000248
3 3 0.000054 0.000233 0.005934 0.993524 0.000255
3 3 0.000000 0.000001 0.001213 0.998786 0.000000
3 3 0.000045 0.000145 0.007042 0.992689 0.000079
3 3 0.000337 0.001970 0.023833 0.963444 0.010416
3 3 0.000010 0.000024 0.001607 0.998349 0.000010
3 3 0.000002 0.000019 0.002895 0.997072 0.000013
3 3 0.000051 0.000094 0.004353 0.995473 0.000029
3 3 0.000011 0.000038 0.001918 0.998005 0.000029
3 3 0.000012 0.000073 0.004976 0.994831 0.000108
3 3 0.000264 0.001217 0.010903 0.985989 0.001627
3 3 0.000005 0.000011 0.001543 0.998438 0.000003
3 3 0.000681 0.001749 0.014433 0.981916 0.001221
3 3 0.000001 0.000011 0.004265 0.995719 0.000003
3 3 0.000078 0.000172 0.006688 0.992986 0.000075
3 3 0.013463 0.004691 0.032016 0.949417 0.000413
2 3 0.021332 0.149635 0.391251 0.373562 0.064220
3 3 0.000817 0.017772 0.109690 0.837560 0.034161
3 3 0.001793 0.014658 0.185509 0.793493 0.004547
3 3 0.000420 0.001096 0.021810 0.976223 0.000451
3 3 0.000329 0.015616 0.428363 0.540530 0.015161
3 3 0.001089 0.032255 0.327143 0.583183 0.056329
3 3 0.000043 0.002659 0.199887 0.795595 0.001816
3 1 0.000040 0.002956 0.181064 0.809789 0.006151
2 1 0.010421 0.205496 0.407521 0.121363 0.255200
3 1 0.000369 0.019488 0.453344 0.502491 0.024307
2 1 0.000405 0.033001 0.700840 0.251924 0.013830
2 1 0.000194 0.020486 0.852869 0.115577 0.010873
2 1 0.001746 0.089645 0.751636 0.023866 0.133106
2 1 0.003663 0.204688 0.574825 0.015762 0.201063
2 1 0.000271 0.040447 0.693508 0.179748 0.086025
4 1 0.011545 0.205644 0.207408 0.002143 0.573260
2 1 0.000665 0.054632 0.517488 0.370906 0.056309
2 1 0.002137 0.101868 0.613263 0.216634 0.066098
2 4 0.000069 0.006606 0.972663 0.020020 0.000642
2 4 0.004846 0.157324 0.492022 0.130151 0.215657
2 4 0.007479 0.216201 0.439904 0.009572 0.326844
4 4 0.004562 0.100035 0.076245 0.002150 0.817008
4 4 0.020843 0.028277 0.015263 0.004248 0.931369
4 4 0.019427 0.097676 0.059508 0.005456 0.817934
4 4 0.011619 0.221788 0.285402 0.009601 0.471591
2 4 0.007602 0.156719 0.642301 0.001998 0.191379
4 4 0.011108 0.126394 0.166247 0.020377 0.675874
3 4 0.004184 0.090069 0.290697 0.420042 0.195009
4 4 0.012502 0.169988 0.201142 0.015841 0.600527
2 4 0.000711 0.065769 0.739789 0.096079 0.097652
2 4 0.008123 0.202017 0.404361 0.032663 0.352836
4 4 0.013283 0.142692 0.186524 0.017174 0.640326
2 4 0.004581 0.151834 0.570544 0.052542 0.220499
2 4 0.000158 0.020305 0.728005 0.243520 0.008012
2 4 0.000097 0.021392 0.936285 0.038610 0.003616
2 4 0.000041 0.012735 0.880378 0.103345 0.003501
2 4 0.000898 0.107440 0.766085 0.055663 0.069914
2 4 0.000004 0.002237 0.688645 0.308445 0.000668
2 4 0.000478 0.030207 0.782318 0.174125 0.012873
2 4 0.000027 0.005953 0.728879 0.263521 0.001621
2 2 0.000518 0.053999 0.869078 0.019361 0.057044
2 2 0.000264 0.038940 0.856120 0.091813 0.012864
2 2 0.000182 0.030890 0.782820 0.171156 0.014952
2 2 0.000204 0.035857 0.894919 0.059442 0.009578
2 2 0.001523 0.101892 0.854337 0.005696 0.036551
2 2 0.002918 0.080031 0.754154 0.144033 0.018863
2 2 0.000568 0.027834 0.693143 0.245738 0.032717
2 2 0.000219 0.019034 0.937969 0.022197 0.020581
2 2 0.000561 0.051307 0.892748 0.016004 0.039380
2 2 0.000009 0.002934 0.895907 0.100052 0.001097
2 2 0.000000 0.000977 0.909992 0.088862 0.000169
2 2 0.000270 0.035456 0.902662 0.054466 0.007147
2 2 0.000039 0.009483 0.587961 0.396153 0.006364
2 2 0.000058 0.007143 0.552795 0.434289 0.005714
2 2 0.000037 0.011644 0.904462 0.078442 0.005414
2 2 0.000001 0.000520 0.616905 0.382457 0.000117
2 3 0.000012 0.002097 0.652806 0.344584 0.000500
2 3 0.000062 0.010614 0.625143 0.359258 0.004923
2 3 0.000022 0.001388 0.687389 0.311139 0.000062
2 3 0.000005 0.001476 0.657207 0.340567 0.000746
2 3 0.000007 0.002111 0.507478 0.488682 0.001722
2 3 0.000588 0.005876 0.568458 0.424358 0.000719
3 3 0.003483 0.006412 0.117838 0.871684 0.000584
3 3 0.016270 0.077116 0.174039 0.637778 0.094798
2 3 0.000030 0.002197 0.523467 0.474073 0.000233
2 3 0.000100 0.018160 0.846570 0.129574 0.005597
2 3 0.043947 0.188149 0.629902 0.042982 0.095021
3 3 0.000522 0.023246 0.460064 0.501108 0.015059
2 3 0.009662 0.175737 0.470518 0.182786 0.161296
3 3 0.002756 0.043460 0.279118 0.627824 0.046843
2 3 0.000002 0.001067 0.781395 0.217398 0.000138
2 3 0.006412 0.097986 0.654107 0.039109 0.202386
2 3 0.000240 0.016310 0.510346 0.465494 0.007610
3 3 0.000055 0.007947 0.458685 0.525346 0.007967
2 3 0.002983 0.086293 0.556036 0.143303 0.211385
2 3 0.000077 0.009917 0.870367 0.110859 0.008779
2 3 0.000094 0.012450 0.559645 0.417682 0.010129
2 3 0.000394 0.030637 0.605575 0.321319 0.042075
2 3 0.002351 0.048148 0.555509 0.318032 0.075960
3 3 0.000095 0.005109 0.166908 0.820995 0.006893
3 3 0.000014 0.000561 0.127017 0.872301 0.000106
2 3 0.000085 0.011449 0.605647 0.377804 0.005015
3 3 0.000595 0.005732 0.143715 0.848489 0.001470
3 3 0.000058 0.001855 0.314636 0.683256 0.000195
3 3 0.000008 0.000541 0.137010 0.862274 0.000168
3 3 0.007810 0.013293 0.278529 0.699686 0.000682
2 3 0.000906 0.023982 0.482034 0.481880 0.011198
2 3 0.000032 0.004127 0.526683 0.467821 0.001337
3 3 0.002288 0.013790 0.370710 0.612148 0.001063
3 3 0.000297 0.002967 0.133302 0.862808 0.000626
3 3 0.000077 0.004859 0.212901 0.772421 0.009742
3 3 0.000115 0.005546 0.391619 0.601436 0.001284
3 3 0.000005 0.000932 0.264755 0.733638 0.000669
3 3 0.000031 0.002702 0.164541 0.829676 0.003051
3 3 0.004052 0.003437 0.033056 0.958946 0.000508
3 3 0.010919 0.049245 0.337910 0.586582 0.015344
3 3 0.000001 0.000060 0.029712 0.970210 0.000017
3 3 0.000134 0.001245 0.128984 0.869496 0.000140
3 3 0.000365 0.013771 0.330387 0.648931 0.006545
3 3 0.000002 0.000080 0.080239 0.919671 0.000007
3 3 0.000265 0.005592 0.090150 0.898215 0.005778
3 3 0.000000 0.000011 0.047713 0.952271 0.000004
3 3 0.000033 0.000440 0.055695 0.943714 0.000119
3 3 0.000375 0.011153 0.166037 0.811053 0.011382
3 3 0.215880 0.104854 0.266283 0.403268 0.009714
0 3 0.913633 0.066832 0.017790 0.000157 0.001588
3 3 0.012226 0.052474 0.140335 0.720711 0.074254
3 3 0.000000 0.000039 0.133992 0.865966 0.000003
3 3 0.000027 0.001996 0.244098 0.753076 0.000804
3 3 0.002864 0.064619 0.257773 0.556678 0.118065
3 3 0.000015 0.001461 0.288902 0.709190 0.000432
2 3 0.000002 0.000716 0.627454 0.371721 0.000106
3 3 0.002264 0.007196 0.083389 0.904948 0.002203
2 3 0.122062 0.345328 0.517976 0.006767 0.007867
2 3 0.001248 0.041660 0.536791 0.401687 0.018614
2 3 0.006018 0.182946 0.475053 0.180424 0.155559
2 3 0.000190 0.012583 0.516639 0.464562 0.006027
3 3 0.000305 0.008241 0.120160 0.824813 0.046482
2 3 0.000129 0.017153 0.835896 0.134084 0.012739
2 3 0.000398 0.028591 0.661621 0.298377 0.011013
2 3 0.008419 0.204356 0.498840 0.059882 0.228503
2 3 0.003320 0.105547 0.455136 0.340997 0.095001
3 3 0.001111 0.007301 0.287602 0.702461 0.001526
3 3 0.000115 0.002265 0.101083 0.895608 0.000929
2 3 0.000474 0.032941 0.719477 0.228130 0.018977
3 3 0.000021 0.002542 0.490228 0.506678 0.000532
2 3 0.000111 0.019553 0.948507 0.028744 0.003085
3 3 0.001035 0.050554 0.393830 0.492251 0.062330
2 3 0.005390 0.297066 0.517882 0.004938 0.174724
0 3 0.868489 0.092266 0.026553 0.000627 0.012065
2 3 0.000864 0.031814 0.636047 0.320551 0.010724
2 3 0.000381 0.039925 0.709468 0.228988 0.021238
3 3 0.000004 0.001506 0.385498 0.612229 0.000763
2 3 0.000481 0.029989 0.668608 0.289820 0.011102
3 3 0.000000 0.000029 0.434170 0.565797 0.000004
3 3 0.000783 0.031704 0.363705 0.577326 0.026482
2 3 0.000846 0.046831 0.610710 0.303963 0.037650
3 3 0.000002 0.000263 0.484723 0.515003 0.000009
3 3 0.000079 0.006127 0.180311 0.805953 0.007529
2 3 0.000213 0.027431 0.627856 0.326098 0.018401
3 3 0.000083 0.002573 0.397152 0.599954 0.000238
3 3 0.000965 0.035922 0.445723 0.495513 0.021878
2 3 0.000095 0.011148 0.805962 0.180262 0.002533
2 3 0.000605 0.045685 0.762236 0.174726 0.016748
3 3 0.000009 0.000024 0.008181 0.991785 0.000001
3 3 0.000031 0.004940 0.466757 0.525965 0.002308
3 3 0.000046 0.006021 0.434077 0.556762 0.003094
3 3 0.000004 0.000611 0.149099 0.849910 0.000377
3 3 0.000006 0.000836 0.208492 0.790347 0.000319
2 3 0.000282 0.027662 0.696203 0.263709 0.012144
3 3 0.000022 0.001395 0.463347 0.535122 0.000113
2 3 0.000019 0.002343 0.634386 0.362999 0.000253
3 3 0.000002 0.000393 0.343218 0.656335 0.000052
2 3 0.000021 0.003002 0.543435 0.452855 0.000687
3 3 0.000159 0.001069 0.213120 0.785620 0.000032
3 3 0.000200 0.002583 0.336910 0.660177 0.000129
3 3 0.000142 0.005031 0.283581 0.709644 0.001602
3 3 0.000106 0.004563 0.278502 0.715313 0.001516
3 3 0.000017 0.000458 0.200675 0.798823 0.000027
3 3 0.000003 0.000081 0.072284 0.927627 0.000005
3 3 0.000000 0.000002 0.006915 0.993083 0.000000
3 3 0.000003 0.000076 0.016490 0.983398 0.000033
3 3 0.000036 0.000917 0.192193 0.806765 0.000089
3 3 0.000009 0.000033 0.005529 0.994422 0.000006
3 3 0.000000 0.000015 0.052798 0.947186 0.000001
3 3 0.000022 0.000383 0.141204 0.858370 0.000022
3 3 0.000159 0.002159 0.126776 0.870386 0.000520
3 3 0.089299 0.057466 0.088586 0.740281 0.024369
3 3 0.014438 0.088127 0.432506 0.442911 0.022019
3 3 0.033651 0.116588 0.366949 0.455673 0.027139
1 3 0.069509 0.320339 0.255840 0.049038 0.305274
4 3 0.029246 0.171226 0.264387 0.015885 0.519256
2 3 0.011303 0.198445 0.344442 0.198599 0.247210
2 3 0.005039 0.162312 0.495472 0.163426 0.173752
3 3 0.002734 0.050300 0.354594 0.559496 0.032875
2 0 0.001944 0.120970 0.687734 0.108617 0.080735
1 0 0.307384 0.370894 0.271564 0.018576 0.031582
1 0 0.188725 0.518952 0.255603 0.004205 0.032515
0 0 0.793213 0.140875 0.044833 0.001446 0.019633
0 0 0.559226 0.094672 0.035084 0.005303 0.305715
0 0 0.562625 0.120538 0.042082 0.002953 0.271802
0 0 0.739720 0.033064 0.007703 0.000072 0.219441
0 0 0.966861 0.020045 0.003999 0.000033 0.009062
4 1 0.018048 0.109839 0.171883 0.015529 0.684701
4 1 0.003281 0.139243 0.337120 0.055852 0.464505
4 4 0.044129 0.086916 0.093544 0.020804 0.754607
4 4 0.023834 0.126243 0.114158 0.061307 0.674458
4 4 0.003649 0.102376 0.239219 0.072615 0.582141
4 4 0.043471 0.343358 0.160182 0.000328 0.452661
4 4 0.015683 0.172229 0.164451 0.002175 0.645462
2 4 0.006920 0.258527 0.453406 0.011208 0.269939
4 4 0.079049 0.258428 0.244501 0.008735 0.409286
2 4 0.004657 0.226666 0.546898 0.008058 0.213720
4 4 0.020838 0.136001 0.260993 0.003463 0.578704
4 4 0.057491 0.115164 0.048594 0.000508 0.778243
2 4 0.009871 0.178267 0.394683 0.029808 0.387371
4 4 0.093898 0.288919 0.135216 0.000669 0.481297
4 4 0.040639 0.062981 0.084448 0.012921 0.799011
4 4 0.027614 0.050783 0.036233 0.012273 0.873097
4 4 0.014661 0.079710 0.128215 0.020002 0.757414
4 4 0.044640 0.222552 0.307286 0.086750 0.338773
4 4 0.007217 0.029000 0.066224 0.079747 0.817813
4 4 0.016506 0.054002 0.077861 0.018155 0.833476
4 4 0.025425 0.236828 0.135993 0.002236 0.599518
4 4 0.008471 0.129275 0.335990 0.155424 0.370841
4 4 0.020700 0.172400 0.160685 0.041811 0.604405
4 4 0.016690 0.048324 0.123301 0.084650 0.727034
4 4 0.022016 0.131512 0.217108 0.055451 0.573913
4 4 0.007846 0.049511 0.034810 0.000977 0.906856
4 4 0.017746 0.141963 0.255378 0.289006 0.295906
4 4 0.016797 0.035578 0.029597 0.024495 0.893534
4 4 0.011053 0.041493 0.023851 0.001625 0.921978
4 4 0.013900 0.036353 0.034097 0.030672 0.884978
4 4 0.013153 0.095112 0.236384 0.096733 0.558618
4 4 0.009046 0.084441 0.185446 0.024772 0.696295
4 4 0.027799 0.023596 0.010760 0.001132 0.936714
4 4 0.006499 0.076968 0.105647 0.010886 0.800000
2 4 0.011337 0.223636 0.453690 0.134852 0.176485
4 4 0.020943 0.160717 0.151106 0.004516 0.662718
4 4 0.013813 0.173692 0.317463 0.048708 0.446324
4 4 0.011573 0.049694 0.026920 0.000722 0.911090
4 4 0.007721 0.158147 0.309126 0.067697 0.457309
2 4 0.013018 0.237060 0.507363 0.007895 0.234664
4 4 0.044805 0.168068 0.122628 0.012240 0.652259
1 4 0.168197 0.422905 0.162426 0.000308 0.246165
2 4 0.120497 0.320921 0.432961 0.010364 0.115258
4 4 0.024772 0.243373 0.213674 0.001912 0.516268
2 4 0.009372 0.180051 0.387879 0.145964 0.276735
2 4 0.000441 0.039576 0.569371 0.341921 0.048692
2 4 0.003052 0.095274 0.504591 0.186180 0.210903
3 4 0.000841 0.046017 0.332688 0.537943 0.082511
2 4 0.003456 0.161555 0.656110 0.035270 0.143609
2 4 0.000051 0.013416 0.906558 0.075591 0.004385
4 4 0.073925 0.233274 0.173021 0.033733 0.486047
2 4 0.011321 0.319434 0.592673 0.001482 0.075090
2 4 0.002621 0.105485 0.529563 0.267481 0.094850
4 4 0.029919 0.276434 0.138844 0.000524 0.554278
4 4 0.055296 0.289896 0.227357 0.015088 0.412363
2 4 0.005483 0.188041 0.492423 0.097649 0.216404
4 4 0.015303 0.247959 0.321194 0.048448 0.367096
4 4 0.086272 0.327868 0.181437 0.014343 0.390080
2 4 0.299686 0.213943 0.302323 0.035157 0.148890
0 4 0.781831 0.129820 0.041213 0.002152 0.044983
2 4 0.024631 0.332264 0.368254 0.008173 0.266677
2 1 0.003374 0.096209 0.566454 0.138429 0.195533
2 1 0.001335 0.138322 0.530834 0.066340 0.263169
2 1 0.000208 0.025985 0.715507 0.244025 0.014274
2 1 0.000394 0.031167 0.696451 0.244906 0.027082
2 1 0.001412 0.093316 0.890744 0.006552 0.007976
2 1 0.007408 0.215227 0.554687 0.020895 0.201782
4 1 0.035155 0.256422 0.159701 0.012162 0.536559
4 0 0.029166 0.228216 0.107812 0.000264 0.634542
0 0 0.538125 0.107113 0.029124 0.000153 0.325484
0 0 0.672859 0.191635 0.116024 0.003117 0.016365
0 0 0.545935 0.281528 0.097899 0.001567 0.073071
4 1 0.010663 0.139585 0.106807 0.010486 0.732458
4 1 0.020065 0.023330 0.012144 0.002947 0.941514
4 1 0.035614 0.194618 0.105142 0.002547 0.662079
4 1 0.041400 0.103431 0.059656 0.013934 0.781579
4 1 0.059828 0.269599 0.125434 0.000949 0.544191
4 1 0.030358 0.028896 0.013670 0.001815 0.925262
2 1 0.001406 0.122386 0.728175 0.081148 0.066886
2 1 0.002817 0.216806 0.620904 0.018964 0.140509
4 1 0.018769 0.203121 0.194562 0.002571 0.580978
4 1 0.057573 0.309187 0.155287 0.002085 0.475867
0 1 0.491939 0.325522 0.118173 0.001777 0.062589
4 1 0.069749 0.321721 0.181112 0.013412 0.414005
1 1 0.111788 0.516561 0.274338 0.008519 0.088795
1 1 0.072194 0.402589 0.336838 0.000961 0.187419
4 1 0.012911 0.255178 0.320488 0.002557 0.408866
1 0 0.286338 0.456911 0.195627 0.003647 0.057477
0 0 0.899565 0.072332 0.021059 0.000840 0.006204
0 0 0.670229 0.130727 0.038943 0.000575 0.159526
0 0 0.923199 0.052512 0.015381 0.001542 0.007366
0 0 0.925273 0.056819 0.014951 0.000216 0.002741
0 0 0.802356 0.125931 0.040878 0.002649 0.028185
0 0 0.983657 0.012952 0.002408 0.000010 0.000973
0 0 0.616154 0.241433 0.093451 0.008144 0.040818
4 0 0.038164 0.260761 0.157456 0.009733 0.533885
1 0 0.251330 0.414417 0.165988 0.001430 0.166834
4 0 0.086230 0.132482 0.060189 0.002827 0.718273
0 0 0.780024 0.147956 0.050469 0.002634 0.018917
1 0 0.209837 0.403619 0.169057 0.002031 0.215455
2 0 0.108352 0.286004 0.493831 0.033092 0.078722
4 1 0.023165 0.223032 0.212520 0.000937 0.540347
2 1 0.013328 0.288636 0.427574 0.011374 0.259088
2 1 0.026894 0.347668 0.390876 0.018507 0.216056
1 1 0.222990 0.478262 0.211496 0.003828 0.083424
1 1 0.325559 0.417958 0.171789 0.003484 0.081210
1 1 0.060851 0.505026 0.277295 0.004813 0.152016
1 1 0.036978 0.382794 0.243203 0.003254 0.333771
4 1 0.025697 0.158577 0.287354 0.006137 0.522235
4 0 0.062397 0.091809 0.034939 0.000203 0.810653
0 0 0.799488 0.111579 0.032700 0.000803 0.055430
0 0 0.578636 0.255359 0.081181 0.000614 0.084211
0 0 0.581302 0.253451 0.069627 0.000086 0.095533
0 0 0.372258 0.208423 0.084478 0.005054 0.329787
4 0 0.016001 0.232284 0.160336 0.002161 0.589218
4 0 0.177761 0.198264 0.077175 0.000962 0.545839
0 0 0.929504 0.037668 0.007511 0.000015 0.025301
4 0 0.109276 0.092877 0.050500 0.003318 0.744029
0 0 0.761530 0.141318 0.049306 0.004769 0.043077
0 0 0.918498 0.046793 0.011085 0.000119 0.023505
0 0 0.874512 0.088779 0.025253 0.000547 0.010909
0 0 0.734119 0.104685 0.027768 0.000251 0.133177
0 0 0.857115 0.106720 0.026268 0.000052 0.009844
0 0 0.992568 0.005513 0.000978 0.000015 0.000926
0 0 0.858667 0.089526 0.038287 0.000753 0.012767
0 0 0.731614 0.187008 0.057269 0.000525 0.023583
0 0 0.670856 0.181979 0.048809 0.000132 0.098224
0 0 0.541469 0.313712 0.099856 0.000315 0.044648
0 0 0.427683 0.365637 0.182648 0.006311 0.017720
0 0 0.889526 0.061615 0.016328 0.000413 0.032119
0 0 0.769377 0.161303 0.044886 0.000190 0.024244
0 0 0.771453 0.148559 0.061884 0.000987 0.017117
0 0 0.722374 0.171273 0.061502 0.005328 0.039524
0 0 0.885930 0.052660 0.014687 0.000685 0.046039
0 0 0.960154 0.025699 0.005555 0.000063 0.008530
0 0 0.714573 0.193147 0.061666 0.000942 0.029672
0 0 0.799246 0.141785 0.040143 0.000279 0.018546
0 0 0.976089 0.018104 0.003190 0.000004 0.002613
0 0 0.882742 0.085139 0.025588 0.000959 0.005572
0 0 0.885338 0.082347 0.023961 0.000735 0.007619
0 0 0.740958 0.174191 0.059915 0.002286 0.022650
0 0 0.727779 0.176475 0.047427 0.000123 0.048196
0 0 0.893310 0.075429 0.020634 0.000405 0.010223
0 0 0.881615 0.083347 0.025874 0.001744 0.007419
0 0 0.842798 0.087202 0.054215 0.002244 0.013541
0 0 0.928994 0.033252 0.007029 0.000047 0.030678
0 0 0.967054 0.022140 0.005513 0.000341 0.004952
0 0 0.830449 0.124301 0.037791 0.000641 0.006818
0 0 0.990763 0.006011 0.000994 0.000006 0.002225
0 0 0.503661 0.299641 0.102427 0.000892 0.093379
0 0 0.752638 0.161140 0.047654 0.000514 0.038054
4 0 0.034985 0.169886 0.093149 0.003301 0.698680
2 1 0.004899 0.211229 0.443431 0.023289 0.317152
2 1 0.000723 0.113259 0.746259 0.008927 0.130831
2 1 0.003786 0.164249 0.560822 0.010863 0.260279
2 1 0.001649 0.151312 0.501846 0.002438 0.342755
4 1 0.023940 0.082570 0.104167 0.002176 0.787147
4 4 0.026136 0.047985 0.021323 0.000372 0.904184
4 4 0.020240 0.137367 0.084683 0.000887 0.756824
4 4 0.033512 0.035109 0.015853 0.001050 0.914476
2 4 0.009086 0.158972 0.412806 0.018940 0.400196
4 4 0.022249 0.026205 0.013627 0.003287 0.934632
4 4 0.042865 0.020271 0.007240 0.000157 0.929466
4 4 0.034975 0.084460 0.040635 0.001159 0.838770
4 4 0.027334 0.191836 0.183256 0.010487 0.587087
4 4 0.028739 0.019613 0.008577 0.000774 0.942296
4 4 0.012394 0.016820 0.009507 0.003880 0.957398
4 4 0.013425 0.059533 0.161812 0.025357 0.739873
4 4 0.047884 0.047452 0.021232 0.001568 0.881864
4 4 0.011432 0.082667 0.052777 0.003532 0.849593
4 4 0.021084 0.065493 0.068866 0.007141 0.837416
4 4 0.017482 0.048973 0.024488 0.000664 0.908394
4 4 0.021450 0.018252 0.008450 0.000977 0.950870
4 4 0.334914 0.140375 0.047937 0.000897 0.475876
4 4 0.011577 0.042084 0.102092 0.010028 0.834219
4 4 0.040310 0.067920 0.030359 0.000764 0.860647
4 4 0.013116 0.043491 0.027685 0.008233 0.907475
4 4 0.012278 0.159567 0.324569 0.011460 0.492127
4 4 0.030141 0.039036 0.024397 0.003011 0.903415
4 4 0.017532 0.034982 0.021804 0.014645 0.911036
4 4 0.062237 0.047876 0.020121 0.001266 0.868500
4 4 0.035805 0.032365 0.014333 0.001025 0.916471
4 4 0.043765 0.160012 0.069817 0.000318 0.726087
4 4 0.018654 0.052293 0.027105 0.001136 0.900812
4 4 0.015999 0.034220 0.024657 0.001541 0.923584
4 4 0.010099 0.011731 0.006334 0.001936 0.969900
4 4 0.019432 0.160061 0.148929 0.004137 0.667442
4 4 0.029925 0.120767 0.083180 0.033902 0.732226
4 4 0.029762 0.214178 0.175522 0.017727 0.562811
2 4 0.010448 0.215522 0.370153 0.044283 0.359593
2 4 0.000836 0.124585 0.739189 0.005550 0.129840
2 4 0.003632 0.112794 0.495058 0.107115 0.281401
2 4 0.003841 0.122175 0.437053 0.125926 0.311005
2 4 0.001653 0.078068 0.628375 0.247842 0.044062
2 4 0.001909 0.120794 0.700800 0.098114 0.078383
2 4 0.000484 0.063755 0.845763 0.040455 0.049542
4 2 0.003992 0.221945 0.315101 0.001139 0.457823
4 2 0.007085 0.154899 0.340584 0.071150 0.426282
4 2 0.011331 0.218186 0.155106 0.001268 0.614109
2 2 0.005876 0.342502 0.350791 0.011135 0.289696
2 2 0.006184 0.193717 0.580114 0.010974 0.209011
4 2 0.008711 0.266351 0.310871 0.002574 0.411494
4 2 0.014745 0.196270 0.301992 0.003503 0.483490
2 2 0.005911 0.178359 0.452581 0.031462 0.331687
4 2 0.031336 0.124693 0.062457 0.001072 0.780441
4 2 0.081290 0.332377 0.243748 0.000139 0.342445
4 2 0.035029 0.155804 0.069706 0.000273 0.739188
4 2 0.028880 0.178187 0.195291 0.038070 0.559572
4 2 0.012363 0.083808 0.196118 0.005317 0.702394
4 2 0.062300 0.051208 0.022042 0.001612 0.862837
0 2 0.766189 0.092342 0.023579 0.000189 0.117701
4 2 0.081140 0.181074 0.186602 0.024793 0.526392
2 2 0.002626 0.141702 0.710996 0.002273 0.142402
2 2 0.002437 0.119853 0.617763 0.029734 0.230213
2 2 0.001439 0.115581 0.674144 0.078609 0.130227
2 2 0.001006 0.065103 0.670634 0.199457 0.063801
2 2 0.000439 0.039809 0.693832 0.245607 0.020313
2 2 0.000246 0.065281 0.853988 0.034797 0.045688
2 2 0.000206 0.021641 0.543651 0.419942 0.014560
2 2 0.000756 0.071807 0.786493 0.089374 0.051569
3 2 0.000180 0.024558 0.470156 0.477597 0.027509
2 2 0.000206 0.050242 0.857298 0.068258 0.023996
2 2 0.000095 0.032793 0.940209 0.014783 0.012120
2 2 0.000631 0.069417 0.657673 0.214201 0.058077
2 3 0.000114 0.015279 0.789767 0.188016 0.006825
2 3 0.000094 0.030344 0.905468 0.053658 0.010436
2 3 0.000165 0.033849 0.858936 0.091465 0.015586
2 3 0.000993 0.101047 0.807155 0.011522 0.079283
2 3 0.000276 0.052752 0.916274 0.007684 0.023013
2 3 0.000143 0.026930 0.905898 0.060794 0.006234
2 3 0.000133 0.028265 0.783992 0.171266 0.016344
2 3 0.000305 0.036200 0.678099 0.263004 0.022392
2 3 0.000305 0.028287 0.816802 0.132400 0.022206
2 3 0.000107 0.015317 0.623838 0.349999 0.010739
2 3 0.000054 0.010533 0.639853 0.334356 0.015204
2 3 0.000939 0.057122 0.676828 0.202133 0.062978
2 3 0.000036 0.012404 0.776498 0.205018 0.006044
2 3 0.000118 0.011754 0.501723 0.474270 0.012135
2 3 0.000272 0.029977 0.505669 0.435127 0.028954
3 3 0.000380 0.021642 0.454238 0.507165 0.016575
2 3 0.000004 0.001224 0.593016 0.405491 0.000264
2 3 0.001306 0.068060 0.634328 0.240604 0.055702
3 3 0.000164 0.013951 0.358777 0.615000 0.012108
3 3 0.000053 0.002897 0.086020 0.906552 0.004479
3 3 0.000060 0.004574 0.382427 0.608890 0.004049
2 3 0.000332 0.023170 0.649759 0.304220 0.022519
3 3 0.000264 0.003561 0.387913 0.607803 0.000458
2 3 0.000396 0.018776 0.583425 0.372883 0.024520
3 3 0.000891 0.028004 0.299813 0.631153 0.040138
3 3 0.000008 0.000575 0.069263 0.929682 0.000472
3 3 0.000018 0.001626 0.161679 0.835589 0.001089
3 3 0.000461 0.011873 0.105904 0.823041 0.058721
3 3 0.000168 0.006609 0.108192 0.874498 0.010532
3 3 0.000683 0.015025 0.114744 0.829757 0.039791
2 3 0.005011 0.096766 0.580976 0.219091 0.098156
3 3 0.000049 0.003648 0.240691 0.753530 0.002082
3 3 0.000029 0.002705 0.179550 0.815367 0.002348
3 3 0.000368 0.007005 0.189326 0.800170 0.003130
3 3 0.000013 0.000327 0.010378 0.988484 0.000798
3 3 0.000045 0.001963 0.151957 0.845216 0.000819
3 3 0.001555 0.007290 0.037245 0.941775 0.012135
3 3 0.000009 0.000319 0.015325 0.983313 0.001035
3 3 0.000917 0.016207 0.101124 0.843418 0.038334
3 3 0.000052 0.002411 0.078028 0.914723 0.004786
3 3 0.000023 0.001493 0.122829 0.873740 0.001915
3 3 0.000188 0.000707 0.017807 0.981036 0.000261
3 3 0.000251 0.001466 0.012559 0.980271 0.005454
3 3 0.000049 0.003238 0.108833 0.878841 0.009038
3 3 0.000016 0.000544 0.034660 0.964099 0.000680
3 3 0.000006 0.000358 0.023578 0.975374 0.000684
3 3 0.000016 0.000608 0.019370 0.978482 0.001524
3 3 0.000000 0.000024 0.012013 0.987941 0.000023
3 3 0.000047 0.000806 0.013572 0.981093 0.004482
3 3 0.001199 0.018657 0.144070 0.792464 0.043610
3 3 0.000020 0.000704 0.049048 0.949705 0.000522
3 3 0.000019 0.000555 0.015635 0.981357 0.002434
3 3 0.000076 0.000730 0.019834 0.978021 0.001340
3 3 0.000004 0.000135 0.008117 0.991397 0.000347
3 3 0.000063 0.000341 0.010475 0.988909 0.000212
3 3 0.000023 0.002095 0.494347 0.502521 0.001013
3 3 0.000027 0.000131 0.016578 0.983223 0.000040
3 3 0.000737 0.020016 0.172450 0.709498 0.097300
3 3 0.012053 0.016012 0.122248 0.845295 0.004392
3 3 0.000863 0.006093 0.052462 0.926628 0.013955
3 3 0.000001 0.000014 0.005347 0.994630 0.000007
3 3 0.000513 0.003515 0.026180 0.962481 0.007310
3 3 0.000447 0.017025 0.202262 0.748501 0.031765
3 3 0.000026 0.000754 0.015790 0.981139 0.002290
3 3 0.000116 0.000744 0.052983 0.945892 0.000265
3 3 0.011009 0.028987 0.073444 0.811972 0.074588
3 3 0.010131 0.007406 0.029090 0.950422 0.002951
3 3 0.001507 0.008334 0.095136 0.886901 0.008122
3 3 0.002870 0.011539 0.041920 0.900582 0.043089
3 3 0.000331 0.005938 0.042654 0.929806 0.021271
3 3 0.000011 0.000384 0.010592 0.987630 0.001383
3 3 0.000038 0.000388 0.009915 0.988995 0.000664
3 3 0.000300 0.001040 0.015370 0.981833 0.001457
3 3 0.000098 0.000340 0.005304 0.993779 0.000479
3 3 0.000759 0.002886 0.020142 0.973458 0.002755
3 3 0.002553 0.002805 0.021396 0.972015 0.001230
3 3 0.003046 0.005299 0.047056 0.941366 0.003234
3 3 0.000362 0.001252 0.016475 0.981145 0.000767
3 3 0.002382 0.015948 0.104191 0.861095 0.016384
3 3 0.000460 0.001115 0.015641 0.981960 0.000823
3 3 0.007038 0.009574 0.024613 0.951901 0.006875
3 3 0.001279 0.008101 0.028886 0.945201 0.016534
3 3 0.000084 0.000618 0.017552 0.980947 0.000799
3 3 0.000041 0.000323 0.016367 0.983028 0.000241
3 3 0.000360 0.000727 0.010453 0.988139 0.000320
3 3 0.002910 0.003110 0.032518 0.960406 0.001057
3 3 0.000278 0.001092 0.013428 0.983962 0.001240
3 3 0.001909 0.010362 0.100651 0.880833 0.006245
3 3 0.000009 0.000081 0.003139 0.996650 0.000122
3 3 0.000423 0.000530 0.008943 0.989959 0.000146
3 3 0.007915 0.007415 0.031501 0.943824 0.009345
3 3 0.000054 0.000337 0.008049 0.990792 0.000767
3 3 0.008545 0.012289 0.038664 0.930277 0.010225
3 3 0.024711 0.016140 0.112308 0.841656 0.005185
3 3 0.000001 0.000070 0.006249 0.993490 0.000190
3 3 0.000112 0.000363 0.005431 0.993767 0.000327
3 3 0.000627 0.003381 0.018140 0.970634 0.007218
3 3 0.000826 0.001870 0.016626 0.979356 0.001322
3 3 0.001059 0.002164 0.011505 0.982845 0.002428
3 3 0.000136 0.000677 0.016538 0.982289 0.000360
3 3 0.000073 0.000766 0.018488 0.979869 0.000804
3 3 0.000001 0.000033 0.009386 0.990512 0.000069
3 3 0.003061 0.007542 0.047651 0.926432 0.015314
3 3 0.000802 0.003831 0.021079 0.969075 0.005213
3 3 0.000002 0.000011 0.002798 0.997182 0.000006
3 3 0.000339 0.005178 0.043461 0.932650 0.018372
3 3 0.000006 0.000331 0.027706 0.971470 0.000488
3 3 0.001735 0.029767 0.312611 0.641751 0.014136
3 3 0.000195 0.001079 0.036693 0.961703 0.000330
3 3 0.000759 0.001972 0.169699 0.827479 0.000092
2 3 0.004144 0.044260 0.514210 0.421665 0.015721
0 1 0.500367 0.264501 0.096074 0.002964 0.136094
2 1 0.005275 0.105215 0.390371 0.278940 0.220200
2 1 0.000195 0.028058 0.783320 0.176902 0.011525
3 1 0.002660 0.059594 0.219448 0.577430 0.140869
2 1 0.006835 0.219197 0.372591 0.104422 0.296956
2 1 0.002487 0.089409 0.577459 0.179587 0.151058
2 1 0.000653 0.062522 0.635184 0.251173 0.050468
4 1 0.012217 0.170869 0.353823 0.086839 0.376252
4 1 0.024698 0.200175 0.096508 0.000262 0.678356
2 1 0.003918 0.226776 0.416695 0.003469 0.349142
2 1 0.003084 0.173331 0.499350 0.083767 0.240469
2 1 0.041174 0.222405 0.360024 0.048660 0.327738
4 1 0.003746 0.152830 0.405884 0.004582 0.432957
2 1 0.005304 0.247896 0.518156 0.024458 0.204185
2 1 0.002463 0.140119 0.665265 0.111009 0.081144
2 1 0.001470 0.172393 0.560118 0.075026 0.190992
4 1 0.023934 0.114509 0.262506 0.011788 0.587262
2 1 0.007703 0.185650 0.425550 0.088555 0.292542
4 1 0.007326 0.155027 0.295649 0.052787 0.489211
2 1 0.015740 0.287375 0.395936 0.007647 0.293302
2 1 0.000874 0.123040 0.694030 0.057549 0.124507
2 1 0.004393 0.137329 0.448870 0.191966 0.217442
2 1 0.001077 0.195186 0.622382 0.023416 0.157938
2 1 0.000325 0.047250 0.639742 0.269026 0.043658
2 1 0.000696 0.097062 0.652205 0.105688 0.144349
2 1 0.000498 0.049752 0.712876 0.195215 0.041659
2 1 0.002240 0.154308 0.629672 0.102260 0.111520
2 1 0.000487 0.061560 0.754043 0.123480 0.060430
2 1 0.000287 0.050052 0.848945 0.062928 0.037787
2 1 0.000408 0.053830 0.903148 0.014928 0.027686
2 1 0.000723 0.077699 0.732571 0.126200 0.062807
2 1 0.000136 0.020348 0.898920 0.068389 0.012207
2 1 0.000211 0.031770 0.724640 0.225189 0.018189
2 1 0.000759 0.103291 0.770173 0.054652 0.071125
2 1 0.004841 0.232276 0.459360 0.018617 0.284905
4 1 0.012961 0.368753 0.243565 0.002225 0.372496
1 1 0.095835 0.392808 0.353626 0.000939 0.156792
0 0 0.734145 0.105862 0.034685 0.002389 0.122919
0 0 0.734871 0.184735 0.059752 0.001067 0.019575
0 0 0.865278 0.103055 0.027320 0.000110 0.004238
0 0 0.995174 0.003638 0.000504 0.000001 0.000684
0 0 0.982959 0.013304 0.003299 0.000258 0.000180
4 0 0.015921 0.168118 0.236395 0.029762 0.549805
2 1 0.000480 0.064243 0.597875 0.179798 0.157603
3 1 0.000288 0.031077 0.423393 0.488725 0.056517
4 1 0.006322 0.212609 0.356813 0.014620 0.409636
2 1 0.004713 0.189808 0.515801 0.005289 0.284389
2 1 0.008451 0.259606 0.380267 0.015534 0.336142
2 1 0.005021 0.228759 0.508858 0.052423 0.204940
4 1 0.020938 0.231943 0.295276 0.042449 0.409394
4 1 0.011871 0.034066 0.023494 0.001520 0.929050
4 4 0.045301 0.259668 0.167476 0.000505 0.527050
4 4 0.030196 0.062981 0.029282 0.000707 0.876833
4 4 0.011020 0.016672 0.009865 0.005379 0.957064
4 4 0.016814 0.012416 0.005530 0.000501 0.964739
4 4 0.009681 0.046731 0.045829 0.023594 0.874165
4 4 0.183612 0.190568 0.131300 0.001338 0.493183
0 4 0.700407 0.169300 0.048819 0.000277 0.081198
4 4 0.101196 0.182808 0.080420 0.002056 0.633521
4 4 0.021178 0.037720 0.029380 0.007078 0.904644
4 4 0.009557 0.092278 0.362765 0.079183 0.456216
4 4 0.076411 0.300465 0.278601 0.000136 0.344387
4 4 0.007951 0.149649 0.323878 0.041758 0.476764
4 4 0.009472 0.144872 0.317287 0.016741 0.511627
