0 0 0.569410 0.025638 0.012191 0.000106 0.392656
0 0 0.950754 0.022452 0.008311 0.000095 0.018388
0 0 0.986537 0.005800 0.002621 0.000022 0.005019
0 0 0.967970 0.013812 0.008095 0.000446 0.009677
0 0 0.937742 0.026265 0.021167 0.001340 0.013487
0 0 0.630792 0.024657 0.011470 0.000091 0.332989
4 0 0.281866 0.092246 0.029366 0.000198 0.596324
0 0 0.967296 0.008579 0.004024 0.000017 0.020084
0 0 0.920180 0.018684 0.009149 0.000179 0.051808
0 0 0.990874 0.004147 0.001668 0.000009 0.003302
0 0 0.772912 0.036272 0.020941 0.000905 0.168971
0 0 0.659632 0.029781 0.019498 0.000132 0.290958
0 0 0.964984 0.024624 0.005395 0.000018 0.004979
0 0 0.757116 0.020765 0.009087 0.000056 0.212976
0 0 0.965796 0.010311 0.004443 0.000047 0.019404
0 0 0.979048 0.009865 0.004204 0.000076 0.006807
0 0 0.725097 0.067112 0.028533 0.000005 0.179254
2 0 0.340004 0.221589 0.413525 0.000967 0.023914
0 0 0.850199 0.025887 0.020173 0.000241 0.103499
0 0 0.528355 0.276884 0.086563 0.000347 0.107851
1 0 0.105156 0.450309 0.289582 0.000021 0.154933
4 0 0.253734 0.141908 0.093068 0.000131 0.511159
1 1 0.124672 0.383812 0.332443 0.001476 0.157597
2 1 0.030398 0.275602 0.354033 0.000017 0.339950
1 1 0.005598 0.380673 0.243176 0.000042 0.370510
2 1 0.016384 0.193346 0.586589 0.000124 0.203556
1 1 0.027610 0.445952 0.317759 0.000018 0.208662
4 4 0.024712 0.238501 0.079085 0.000441 0.657261
2 4 0.023509 0.322414 0.526023 0.000686 0.127368
4 4 0.038660 0.376581 0.101587 0.000125 0.483048
0 4 0.479930 0.107217 0.043218 0.001002 0.368634
4 1 0.055956 0.084328 0.058999 0.000236 0.800480
4 1 0.010506 0.123715 0.033268 0.000023 0.832488
4 1 0.057614 0.180867 0.066459 0.000111 0.694949
4 1 0.011574 0.349583 0.248392 0.000003 0.390448
1 1 0.124901 0.310471 0.308455 0.000012 0.256161
4 4 0.007220 0.250542 0.258621 0.000081 0.483537
4 4 0.093967 0.096935 0.041394 0.000283 0.767420
4 4 0.254101 0.029173 0.017012 0.000425 0.699290
4 1 0.135194 0.064913 0.034077 0.000034 0.765782
4 1 0.131081 0.158689 0.095897 0.000913 0.613420
4 1 0.078360 0.305996 0.142379 0.000540 0.472724
4 1 0.109748 0.039411 0.025266 0.000321 0.825254
4 1 0.104901 0.259903 0.299981 0.000913 0.334302
4 1 0.015651 0.357132 0.191526 0.000002 0.435689
1 1 0.021954 0.393958 0.356409 0.000059 0.227620
2 1 0.022046 0.185131 0.743079 0.000161 0.049583
1 1 0.002504 0.359542 0.300896 0.000004 0.337055
2 1 0.004550 0.094640 0.876949 0.000912 0.022948
1 1 0.013350 0.526410 0.381439 0.000010 0.078790
2 1 0.002308 0.093117 0.891029 0.002295 0.011250
2 1 0.002038 0.059822 0.927021 0.004808 0.006312
2 2 0.000094 0.007498 0.987297 0.005058 0.000052
2 2 0.000007 0.001256 0.987167 0.011555 0.000015
2 2 0.009179 0.149800 0.836207 0.000737 0.004077
2 2 0.004687 0.088328 0.877451 0.024309 0.005225
2 2 0.000040 0.003534 0.994135 0.002282 0.000009
2 2 0.004211 0.077968 0.914167 0.000911 0.002742
2 2 0.000169 0.009227 0.985156 0.005297 0.000151
2 2 0.000014 0.001154 0.758710 0.240118 0.000004
2 2 0.008802 0.024690 0.951077 0.014732 0.000699
2 2 0.000002 0.000368 0.755461 0.244169 0.000001
3 3 0.000000 0.000024 0.281803 0.718173 0.000000
2 3 0.003926 0.007260 0.922263 0.066353 0.000198
2 3 0.000037 0.000380 0.555529 0.444050 0.000004
3 3 0.000009 0.000397 0.322526 0.677065 0.000004
3 3 0.000000 0.000000 0.046942 0.953058 0.000000
3 3 0.000006 0.000253 0.438895 0.560844 0.000002
3 3 0.000000 0.000000 0.022203 0.977797 0.000000
3 3 0.000000 0.000031 0.043437 0.956532 0.000001
3 3 0.000000 0.000000 0.033825 0.966175 0.000000
3 3 0.000003 0.000019 0.019582 0.980396 0.000000
3 3 0.000000 0.000002 0.005216 0.994782 0.000000
3 3 0.000015 0.000170 0.076245 0.923566 0.000004
3 3 0.000000 0.000004 0.007534 0.992462 0.000000
3 3 0.000000 0.000003 0.044959 0.955038 0.000000
3 3 0.000000 0.000001 0.003556 0.996442 0.000000
3 3 0.000001 0.000008 0.035465 0.964526 0.000000
3 3 0.000000 0.000000 0.007886 0.992113 0.000000
3 3 0.000001 0.000033 0.070111 0.929855 0.000001
3 3 0.000000 0.000001 0.009948 0.990051 0.000000
3 3 0.000000 0.000009 0.022397 0.977594 0.000000
3 3 0.000000 0.000001 0.007319 0.992680 0.000000
3 3 0.000000 0.000000 0.000759 0.999241 0.000000
3 3 0.000000 0.000000 0.023288 0.976712 0.000000
3 3 0.000000 0.000002 0.061737 0.938260 0.000000
3 3 0.000000 0.000017 0.014117 0.985865 0.000001
3 3 0.000000 0.000002 0.005977 0.994021 0.000000
3 3 0.000000 0.000000 0.003670 0.996329 0.000000
3 3 0.000021 0.000086 0.063648 0.936243 0.000002
3 3 0.000000 0.000002 0.020210 0.979788 0.000000
3 3 0.000001 0.000014 0.025305 0.974679 0.000000
3 3 0.000000 0.000004 0.024529 0.975467 0.000000
3 3 0.000000 0.000004 0.023407 0.976588 0.000000
3 3 0.000007 0.000054 0.007664 0.992269 0.000006
3 3 0.000078 0.000365 0.064362 0.935176 0.000018
3 3 0.000029 0.000468 0.279759 0.719742 0.000003
3 3 0.000000 0.000004 0.018663 0.981333 0.000000
3 3 0.000000 0.000002 0.022408 0.977589 0.000000
3 3 0.000000 0.000003 0.011123 0.988874 0.000000
3 3 0.000002 0.000063 0.011135 0.988796 0.000005
3 3 0.000001 0.000010 0.006769 0.993221 0.000000
3 3 0.000001 0.000012 0.018698 0.981289 0.000000
3 3 0.000001 0.000037 0.121767 0.878194 0.000001
3 3 0.000008 0.000036 0.009144 0.990811 0.000001
3 3 0.000000 0.000001 0.006815 0.993185 0.000000
3 3 0.000000 0.000006 0.008440 0.991554 0.000000
3 3 0.000001 0.000020 0.017895 0.982082 0.000001
3 3 0.000000 0.000009 0.020023 0.979967 0.000001
3 3 0.000000 0.000022 0.125810 0.874168 0.000000
3 3 0.000005 0.000036 0.002406 0.997549 0.000004
3 3 0.000000 0.000003 0.008483 0.991514 0.000000
3 3 0.000040 0.000118 0.030437 0.969401 0.000004
3 3 0.000013 0.000064 0.047791 0.952131 0.000002
3 3 0.000010 0.000066 0.016768 0.983152 0.000005
3 3 0.000000 0.000001 0.004694 0.995305 0.000000
3 3 0.000006 0.000043 0.005526 0.994421 0.000004
3 3 0.000002 0.000028 0.002475 0.997490 0.000005
3 3 0.000002 0.000021 0.026786 0.973190 0.000001
3 3 0.000000 0.000005 0.001399 0.998595 0.000001
3 3 0.000000 0.000010 0.005670 0.994319 0.000001
3 3 0.000000 0.000003 0.002463 0.997534 0.000000
3 3 0.000000 0.000005 0.021476 0.978519 0.000000
3 3 0.000000 0.000000 0.001856 0.998144 0.000000
3 3 0.000000 0.000000 0.002447 0.997553 0.000000
3 3 0.000013 0.000057 0.043772 0.956156 0.000001
3 3 0.000110 0.000259 0.029198 0.970418 0.000015
3 3 0.000000 0.000004 0.007888 0.992107 0.000000
3 3 0.000000 0.000001 0.006656 0.993342 0.000000
3 3 0.000243 0.000501 0.015842 0.983348 0.000065
3 3 0.001207 0.001063 0.064414 0.933266 0.000050
3 3 0.000002 0.000023 0.013770 0.986203 0.000002
3 3 0.000000 0.000011 0.006635 0.993353 0.000001
3 3 0.000045 0.000187 0.006581 0.993153 0.000033
3 3 0.000000 0.000001 0.004728 0.995271 0.000000
3 3 0.000002 0.000025 0.011809 0.988162 0.000002
3 3 0.000034 0.000137 0.037428 0.962394 0.000007
3 3 0.000060 0.000208 0.014894 0.984816 0.000022
3 3 0.000000 0.000003 0.001510 0.998486 0.000000
3 3 0.000013 0.000058 0.008711 0.991215 0.000003
3 3 0.000000 0.000004 0.018144 0.981851 0.000000
3 3 0.000000 0.000018 0.017719 0.982263 0.000001
3 3 0.000000 0.000002 0.001711 0.998287 0.000000
3 3 0.000004 0.000040 0.009574 0.990378 0.000004
3 3 0.000005 0.000046 0.028395 0.971551 0.000003
3 3 0.000004 0.000039 0.024234 0.975720 0.000003
3 3 0.000007 0.000097 0.021235 0.978657 0.000004
3 3 0.000000 0.000000 0.002226 0.997773 0.000000
3 3 0.000001 0.000012 0.003588 0.996398 0.000001
3 3 0.000000 0.000000 0.000643 0.999357 0.000000
3 3 0.000411 0.000723 0.037315 0.961476 0.000075
3 3 0.000118 0.000273 0.007704 0.991875 0.000030
3 3 0.000000 0.000000 0.009668 0.990332 0.000000
3 3 0.002642 0.002583 0.035114 0.959165 0.000496
3 3 0.000000 0.000027 0.404502 0.595470 0.000000
2 2 0.000238 0.004678 0.746270 0.248735 0.000080
2 2 0.043559 0.046707 0.772963 0.135701 0.001070
2 2 0.000889 0.045351 0.787437 0.165549 0.000775
2 2 0.011648 0.098206 0.883115 0.006518 0.000513
2 2 0.000075 0.004241 0.982674 0.013001 0.000009
2 2 0.000816 0.005225 0.618462 0.375340 0.000158
2 2 0.000030 0.000822 0.923538 0.075608 0.000002
2 2 0.000020 0.001156 0.983112 0.015690 0.000023
2 2 0.000028 0.003232 0.872540 0.123930 0.000269
2 2 0.060532 0.076427 0.785861 0.024383 0.052797
2 2 0.030061 0.141840 0.823784 0.000234 0.004080
2 2 0.000348 0.006220 0.990228 0.003156 0.000047
2 2 0.000604 0.017198 0.979320 0.002536 0.000342
2 2 0.000106 0.005085 0.970260 0.024487 0.000061
2 2 0.000022 0.003825 0.994865 0.001269 0.000020
2 2 0.000009 0.003297 0.993721 0.002936 0.000037
2 2 0.000176 0.009336 0.988116 0.002295 0.000077
2 2 0.000065 0.004190 0.991388 0.004327 0.000030
2 2 0.025788 0.405975 0.537705 0.000091 0.030441
0 0 0.442259 0.344394 0.173743 0.001322 0.038281
2 0 0.135173 0.375157 0.450500 0.001325 0.037845
2 2 0.005480 0.111990 0.881326 0.000312 0.000892
2 2 0.002509 0.038529 0.954158 0.004253 0.000551
2 2 0.002662 0.030524 0.953866 0.012414 0.000533
2 2 0.017819 0.325611 0.596798 0.001638 0.058134
2 2 0.002136 0.030322 0.961784 0.005555 0.000204
2 2 0.000081 0.006445 0.983327 0.010103 0.000043
2 2 0.000672 0.016489 0.981743 0.000971 0.000126
2 2 0.000045 0.008615 0.967584 0.023644 0.000113
2 2 0.000000 0.000316 0.988319 0.011364 0.000001
2 2 0.000357 0.024953 0.968753 0.005295 0.000642
2 2 0.004260 0.053341 0.938561 0.000504 0.003334
2 2 0.002234 0.076482 0.912098 0.001218 0.007969
2 2 0.000154 0.004270 0.917483 0.077874 0.000218
2 2 0.000006 0.000666 0.974836 0.024490 0.000001
2 2 0.009787 0.044143 0.913635 0.031989 0.000447
2 2 0.038456 0.186477 0.769459 0.005103 0.000505
1 2 0.158156 0.498132 0.284009 0.000034 0.059669
1 1 0.139853 0.447221 0.390322 0.000230 0.022374
1 1 0.116613 0.627879 0.173998 0.000126 0.081384
1 1 0.102140 0.466830 0.380816 0.000263 0.049951
1 1 0.050081 0.552383 0.347435 0.000207 0.049894
2 1 0.019965 0.278222 0.667818 0.022736 0.011259
2 1 0.017728 0.288306 0.656388 0.002368 0.035210
1 1 0.064399 0.433359 0.362914 0.000268 0.139059
2 2 0.000033 0.001079 0.992319 0.006543 0.000026
2 2 0.000109 0.012661 0.985954 0.001092 0.000185
2 2 0.001231 0.026508 0.970822 0.000803 0.000637
2 2 0.000253 0.005510 0.985378 0.008538 0.000321
2 2 0.000300 0.015545 0.983537 0.000427 0.000190
2 2 0.010988 0.052362 0.930641 0.003672 0.002337
2 2 0.001780 0.071866 0.913975 0.004138 0.008242
2 2 0.000029 0.003534 0.973364 0.023028 0.000045
2 2 0.039748 0.045672 0.868119 0.032499 0.013962
2 2 0.000001 0.000377 0.995526 0.004096 0.000000
2 2 0.002897 0.021035 0.959735 0.015469 0.000863
2 2 0.000023 0.001534 0.987623 0.010800 0.000019
2 2 0.000186 0.012245 0.978845 0.008606 0.000118
2 2 0.000524 0.006954 0.989554 0.002816 0.000153
2 2 0.006700 0.035815 0.926387 0.030792 0.000306
2 1 0.162063 0.387061 0.439478 0.003561 0.007837
1 1 0.186382 0.393881 0.293802 0.000913 0.125022
1 1 0.145645 0.728535 0.105696 0.000031 0.020093
4 1 0.267509 0.267823 0.184392 0.000616 0.279659
1 1 0.058698 0.556782 0.361139 0.000041 0.023340
1 1 0.046939 0.551949 0.356704 0.000012 0.044396
1 1 0.050936 0.488157 0.386540 0.000259 0.074109
2 1 0.018345 0.348603 0.585663 0.000314 0.047076
2 1 0.000467 0.017618 0.973931 0.007901 0.000084
2 2 0.000027 0.005923 0.992840 0.001162 0.000048
2 2 0.000000 0.000152 0.994004 0.005844 0.000001
2 2 0.001408 0.006635 0.985767 0.005859 0.000332
2 2 0.000001 0.000517 0.987374 0.012093 0.000015
2 2 0.000958 0.020804 0.975406 0.002600 0.000231
2 2 0.001610 0.021219 0.970208 0.005982 0.000981
2 2 0.006139 0.093933 0.860895 0.033716 0.005317
1 1 0.298100 0.397706 0.113739 0.002304 0.188150
1 1 0.022928 0.643318 0.259944 0.000211 0.073600
2 1 0.016544 0.265136 0.691412 0.000922 0.025987
1 1 0.124788 0.543441 0.223843 0.000040 0.107888
1 1 0.047003 0.573706 0.352388 0.000671 0.026233
2 1 0.001808 0.058062 0.924569 0.011890 0.003671
2 2 0.003510 0.061970 0.929287 0.000323 0.004910
2 2 0.000186 0.005702 0.989420 0.004654 0.000038
2 2 0.000990 0.010007 0.979588 0.009030 0.000386
2 2 0.000016 0.002094 0.997530 0.000330 0.000030
2 2 0.001199 0.012445 0.980302 0.005886 0.000169
2 2 0.000946 0.021606 0.976527 0.000133 0.000788
2 2 0.007347 0.032960 0.954186 0.004574 0.000934
2 2 0.000125 0.007972 0.989714 0.002135 0.000053
2 2 0.003241 0.045887 0.943769 0.006431 0.000673
2 2 0.000096 0.006333 0.978937 0.014561 0.000073
2 2 0.000011 0.001753 0.992127 0.006093 0.000016
2 2 0.000034 0.002752 0.993768 0.003415 0.000031
2 2 0.000023 0.002250 0.984104 0.013621 0.000002
2 2 0.000233 0.028196 0.965918 0.005633 0.000019
2 2 0.000006 0.001011 0.917465 0.081513 0.000004
2 2 0.000238 0.007816 0.982094 0.009764 0.000089
2 2 0.159338 0.335561 0.498506 0.000716 0.005879
0 0 0.765612 0.187163 0.037997 0.000184 0.009045
1 0 0.336063 0.439641 0.207266 0.001034 0.015995
0 0 0.907826 0.062258 0.017108 0.000249 0.012559
0 0 0.497622 0.406316 0.054040 0.000070 0.041951
0 0 0.965493 0.011379 0.004935 0.000062 0.018130
0 0 0.980221 0.009318 0.005475 0.000132 0.004854
0 0 0.986238 0.006721 0.003681 0.000076 0.003283
0 0 0.936113 0.037898 0.016272 0.000073 0.009645
0 0 0.654225 0.245078 0.044210 0.000216 0.056272
0 0 0.710375 0.024838 0.010414 0.000060 0.254314
0 0 0.585815 0.309777 0.082968 0.000937 0.020503
0 0 0.854288 0.021403 0.010083 0.000122 0.114103
0 0 0.739813 0.151631 0.073593 0.000231 0.034732
2 1 0.054454 0.321564 0.581522 0.000048 0.042411
1 1 0.036334 0.438943 0.358437 0.000012 0.166273
2 1 0.023492 0.210372 0.733154 0.000705 0.032277
2 1 0.014894 0.368832 0.541689 0.000011 0.074574
2 1 0.051842 0.291041 0.599895 0.000331 0.056891
2 1 0.002610 0.056629 0.936455 0.000729 0.003577
2 1 0.006883 0.246703 0.666710 0.000147 0.079556
2 1 0.001641 0.083692 0.909716 0.000865 0.004086
2 1 0.019776 0.211001 0.738333 0.000342 0.030548
2 1 0.019669 0.241211 0.702269 0.000331 0.036519
2 1 0.018038 0.261171 0.675762 0.000356 0.044672
2 2 0.000838 0.005787 0.912766 0.079602 0.001007
2 2 0.005769 0.087788 0.896455 0.000232 0.009756
2 2 0.000107 0.011640 0.985518 0.002321 0.000414
2 2 0.000389 0.012441 0.983720 0.003295 0.000155
2 2 0.000001 0.000205 0.997586 0.002207 0.000001
2 2 0.001072 0.066595 0.928672 0.000394 0.003267
2 2 0.019197 0.097150 0.873917 0.002337 0.007398
2 2 0.000001 0.000375 0.994612 0.005012 0.000000
2 2 0.003631 0.053355 0.938209 0.000166 0.004639
2 2 0.007495 0.055147 0.930473 0.000274 0.006612
2 2 0.000309 0.007634 0.991658 0.000275 0.000124
2 2 0.000244 0.013269 0.985500 0.000823 0.000164
2 2 0.000006 0.000973 0.946214 0.052802 0.000005
2 2 0.000022 0.003044 0.976190 0.020720 0.000024
2 2 0.000008 0.005276 0.993830 0.000844 0.000042
1 0 0.348311 0.383505 0.264539 0.002256 0.001389
0 0 0.548674 0.345082 0.096232 0.000712 0.009300
2 0 0.255031 0.246854 0.321681 0.000674 0.175759
2 1 0.058119 0.190628 0.700105 0.000440 0.050708
2 1 0.006490 0.057769 0.931485 0.001982 0.002275
2 1 0.002486 0.058650 0.930590 0.000830 0.007444
2 1 0.009707 0.118007 0.855549 0.000748 0.015990
2 2 0.000001 0.000813 0.921593 0.077570 0.000023
2 2 0.000007 0.000665 0.973714 0.025614 0.000001
2 2 0.000125 0.003577 0.992813 0.003405 0.000080
2 2 0.001785 0.067904 0.929196 0.000231 0.000885
2 2 0.000115 0.005143 0.989543 0.005172 0.000027
2 2 0.000178 0.001404 0.973789 0.024606 0.000023
2 2 0.000370 0.013543 0.985637 0.000436 0.000014
2 2 0.000073 0.003818 0.994677 0.001424 0.000008
2 2 0.000477 0.036922 0.961718 0.000604 0.000278
2 2 0.000198 0.008818 0.990699 0.000229 0.000056
2 2 0.017251 0.059623 0.909129 0.010207 0.003790
2 2 0.000008 0.000642 0.972745 0.026604 0.000001
2 2 0.019104 0.203268 0.776932 0.000118 0.000578
1 0 0.407512 0.446925 0.141297 0.000625 0.003641
1 0 0.368312 0.544332 0.075222 0.000180 0.011955
1 0 0.219615 0.479203 0.294859 0.000346 0.005976
1 0 0.120109 0.509344 0.337105 0.000478 0.032963
1 0 0.025114 0.572758 0.393262 0.000443 0.008423
1 0 0.188552 0.547423 0.240025 0.000279 0.023721
2 1 0.005988 0.176356 0.807693 0.000585 0.009377
2 1 0.000627 0.032140 0.963288 0.001374 0.002571
2 2 0.007223 0.139916 0.847732 0.000116 0.005014
2 2 0.007149 0.160366 0.814926 0.000380 0.017179
2 2 0.000848 0.033022 0.964841 0.000854 0.000435
2 2 0.000072 0.005617 0.992793 0.001472 0.000046
2 2 0.000011 0.003048 0.996443 0.000480 0.000019
2 2 0.000720 0.014364 0.981519 0.002679 0.000717
2 2 0.002014 0.020846 0.971945 0.002586 0.002609
2 2 0.005238 0.178373 0.790767 0.000108 0.025513
2 2 0.000523 0.015300 0.981080 0.001835 0.001262
2 2 0.000767 0.026907 0.970780 0.000991 0.000556
2 2 0.012549 0.130079 0.841571 0.000791 0.015010
2 2 0.000043 0.004346 0.993235 0.002341 0.000036
2 2 0.000016 0.003377 0.977137 0.019438 0.000032
2 2 0.000245 0.024157 0.974899 0.000276 0.000423
2 2 0.000007 0.000990 0.991601 0.007392 0.000009
2 2 0.006375 0.098070 0.890108 0.001338 0.004109
2 2 0.000219 0.007604 0.991026 0.001126 0.000025
2 2 0.000000 0.000095 0.994558 0.005347 0.000000
2 2 0.000021 0.008447 0.990004 0.001131 0.000396
2 2 0.005900 0.051377 0.933230 0.008604 0.000889
2 0 0.048466 0.114395 0.781133 0.054013 0.001993
2 0 0.041847 0.340798 0.612619 0.001267 0.003469
2 0 0.011582 0.263252 0.720139 0.003067 0.001961
1 0 0.368329 0.422986 0.172732 0.000366 0.035586
1 0 0.177556 0.346442 0.341773 0.003984 0.130244
1 0 0.038927 0.623708 0.184461 0.000009 0.152896
2 1 0.004671 0.092153 0.886738 0.003935 0.012504
2 2 0.000355 0.007537 0.920913 0.070491 0.000704
2 2 0.000078 0.002622 0.985862 0.011416 0.000022
2 2 0.000255 0.008190 0.986696 0.004318 0.000541
2 2 0.000030 0.000955 0.926862 0.072142 0.000011
2 2 0.000031 0.002858 0.996787 0.000309 0.000014
2 2 0.000408 0.010347 0.987734 0.000792 0.000719
2 2 0.000017 0.000777 0.968738 0.030458 0.000010
2 2 0.000010 0.000613 0.996787 0.002576 0.000014
2 2 0.000497 0.026377 0.972591 0.000334 0.000201
2 2 0.000053 0.003070 0.994899 0.001633 0.000345
2 2 0.000016 0.001268 0.970983 0.027724 0.000010
2 2 0.006885 0.051760 0.934079 0.002871 0.004405
2 2 0.005013 0.046793 0.944447 0.002635 0.001112
2 2 0.000000 0.000211 0.987201 0.012587 0.000000
2 2 0.000006 0.000782 0.988426 0.010772 0.000013
2 2 0.000017 0.000566 0.936328 0.063087 0.000002
2 2 0.000008 0.001204 0.996439 0.002338 0.000011
2 2 0.000016 0.002015 0.983716 0.014250 0.000002
2 2 0.000007 0.001882 0.993663 0.004444 0.000004
2 2 0.000019 0.000510 0.899164 0.100303 0.000004
2 2 0.000074 0.004842 0.991628 0.003351 0.000105
2 2 0.002109 0.062530 0.919874 0.008582 0.006905
2 2 0.001131 0.040302 0.955923 0.002302 0.000342
2 2 0.006225 0.076504 0.914045 0.002848 0.000377
0 0 0.903141 0.047099 0.037474 0.003527 0.008759
0 0 0.918001 0.042812 0.034341 0.000716 0.004129
0 0 0.355612 0.322075 0.297850 0.001212 0.023251
0 0 0.431546 0.231591 0.335475 0.000250 0.001136
2 0 0.028331 0.258519 0.709544 0.002014 0.001592
0 0 0.828519 0.084289 0.035139 0.000057 0.051997
0 0 0.666056 0.160215 0.138301 0.000244 0.035185
0 0 0.453289 0.391102 0.087438 0.000514 0.067658
1 0 0.163283 0.495825 0.235807 0.000068 0.105017
1 0 0.168616 0.500336 0.279875 0.000149 0.051024
1 0 0.168501 0.483234 0.332990 0.000130 0.015145
1 0 0.047482 0.559014 0.366097 0.000026 0.027381
2 0 0.083953 0.401916 0.479312 0.000171 0.034647
2 0 0.083178 0.366543 0.537643 0.003164 0.009473
1 0 0.057795 0.472593 0.457452 0.000019 0.012140
2 0 0.021422 0.398271 0.564314 0.000157 0.015836
4 0 0.131323 0.261993 0.153294 0.000632 0.452758
4 0 0.421489 0.034406 0.044948 0.000276 0.498881
4 0 0.083596 0.285694 0.102823 0.000087 0.527800
4 0 0.098120 0.220116 0.078696 0.000007 0.603062
4 0 0.010869 0.116916 0.054688 0.000026 0.817500
4 0 0.225498 0.294918 0.094836 0.000205 0.384543
4 0 0.242314 0.036680 0.028964 0.001175 0.690866
0 0 0.639055 0.191056 0.079694 0.000170 0.090025
4 0 0.310533 0.037332 0.035420 0.000744 0.615972
4 0 0.238718 0.034330 0.029033 0.000218 0.697701
1 0 0.202940 0.349425 0.152029 0.004075 0.291532
0 0 0.554613 0.288859 0.115806 0.004976 0.035745
0 0 0.440504 0.271438 0.229411 0.003157 0.055491
0 0 0.773128 0.028984 0.024938 0.000054 0.172897
1 0 0.101104 0.405607 0.088654 0.000100 0.404535
1 0 0.129264 0.549363 0.289092 0.000062 0.032219
0 0 0.607416 0.037898 0.024303 0.000195 0.330187
0 0 0.751811 0.170422 0.066864 0.000382 0.010521
0 0 0.462375 0.403035 0.062366 0.000274 0.071950
2 0 0.042714 0.323010 0.628382 0.005126 0.000768
2 0 0.328338 0.306966 0.350102 0.010971 0.003623
0 0 0.668763 0.171420 0.145358 0.004476 0.009982
1 0 0.329923 0.414118 0.083807 0.000335 0.171817
4 0 0.071637 0.301601 0.204265 0.000094 0.422402
4 0 0.147287 0.271481 0.153413 0.000268 0.427552
2 0 0.318768 0.282101 0.325581 0.001454 0.072095
2 0 0.040440 0.325371 0.541264 0.000200 0.092725
1 0 0.166376 0.420167 0.271592 0.000257 0.141608
4 0 0.069567 0.320007 0.187797 0.000848 0.421781
4 0 0.370057 0.080874 0.070457 0.001213 0.477398
4 0 0.049771 0.148148 0.090293 0.001374 0.710413
1 0 0.122475 0.321179 0.312440 0.000944 0.242962
4 0 0.081394 0.113518 0.054851 0.001803 0.748434
4 0 0.062080 0.012420 0.007167 0.000111 0.918223
4 0 0.216812 0.038242 0.038110 0.001482 0.705354
4 0 0.036983 0.144527 0.090261 0.001077 0.727153
4 0 0.052482 0.006168 0.003822 0.000005 0.937522
4 0 0.014779 0.077088 0.026268 0.000083 0.881781
4 1 0.060410 0.267193 0.117976 0.000364 0.554058
4 1 0.239167 0.196811 0.086417 0.000357 0.477248
1 1 0.206023 0.419471 0.128982 0.000150 0.245374
2 1 0.006342 0.278051 0.628112 0.000018 0.087477
2 1 0.006437 0.135613 0.838762 0.000037 0.019151
2 1 0.013760 0.225827 0.614051 0.000049 0.146314
2 1 0.141268 0.356333 0.452829 0.000006 0.049563
2 1 0.012411 0.158824 0.812622 0.000024 0.016119
2 1 0.012714 0.352552 0.502163 0.000037 0.132534
2 1 0.003874 0.133451 0.854923 0.000239 0.007513
1 1 0.020656 0.501531 0.265487 0.000745 0.211581
2 1 0.002770 0.067274 0.917605 0.000362 0.011989
2 1 0.072679 0.320138 0.535571 0.000040 0.071572
2 1 0.006895 0.272346 0.703010 0.000074 0.017674
2 1 0.021010 0.273789 0.682558 0.000038 0.022606
2 1 0.006102 0.163697 0.819167 0.000047 0.010986
1 1 0.053025 0.721777 0.222162 0.000073 0.002962
1 1 0.027073 0.425161 0.405799 0.000149 0.141818
2 1 0.010566 0.325170 0.653009 0.000152 0.011103
2 1 0.005451 0.104518 0.879530 0.000280 0.010221
2 1 0.004964 0.062174 0.917994 0.008817 0.006051
2 1 0.005977 0.123066 0.860528 0.000564 0.009864
2 1 0.001253 0.074448 0.921254 0.000570 0.002476
2 2 0.004798 0.127360 0.850545 0.002142 0.015155
2 2 0.000175 0.013140 0.962350 0.024116 0.000219
2 2 0.016994 0.257374 0.622664 0.000416 0.102552
2 2 0.000718 0.042349 0.947711 0.003019 0.006203
2 2 0.000000 0.000232 0.990846 0.008922 0.000000
2 2 0.000082 0.006163 0.990942 0.002768 0.000046
2 2 0.000821 0.034339 0.956836 0.001732 0.006272
2 2 0.008557 0.042702 0.941218 0.002701 0.004822
2 2 0.006621 0.245486 0.708404 0.000026 0.039463
2 2 0.002359 0.077303 0.916175 0.001878 0.002284
2 2 0.000558 0.025956 0.971970 0.000325 0.001191
2 2 0.011175 0.116669 0.871747 0.000076 0.000334
2 2 0.007960 0.181334 0.803380 0.000061 0.007264
2 2 0.002479 0.053475 0.942490 0.001041 0.000514
2 2 0.005768 0.064801 0.926160 0.001356 0.001915
2 2 0.000013 0.002068 0.994136 0.003779 0.000005
2 2 0.000088 0.008812 0.990796 0.000275 0.000029
2 2 0.000040 0.005448 0.994109 0.000381 0.000021
2 2 0.000778 0.046883 0.947904 0.004095 0.000340
0 0 0.404252 0.341447 0.245353 0.004415 0.004533
1 1 0.169456 0.553349 0.170347 0.000567 0.106280
1 1 0.182114 0.542843 0.137786 0.000014 0.137243
0 0 0.995362 0.002609 0.001434 0.000012 0.000583
1 0 0.293306 0.625183 0.060741 0.000004 0.020766
1 0 0.144037 0.590913 0.249165 0.002864 0.013021
1 0 0.095421 0.516231 0.382288 0.000408 0.005652
2 0 0.022251 0.282131 0.684961 0.007637 0.003020
2 1 0.047920 0.339651 0.609868 0.001186 0.001375
2 2 0.002903 0.062597 0.920443 0.012360 0.001698
2 2 0.000034 0.001473 0.929005 0.069484 0.000004
2 2 0.032297 0.239340 0.724072 0.000703 0.003588
2 2 0.027598 0.378828 0.587262 0.000311 0.006001
2 2 0.000493 0.016112 0.978601 0.004775 0.000019
2 2 0.000185 0.019834 0.976184 0.003780 0.000017
2 2 0.014455 0.182531 0.793125 0.002433 0.007456
2 2 0.005695 0.107370 0.885483 0.000874 0.000577
2 2 0.021223 0.274967 0.699505 0.001544 0.002762
2 2 0.000452 0.011109 0.973637 0.014765 0.000037
2 2 0.010978 0.215829 0.765168 0.007072 0.000953
2 2 0.001426 0.019815 0.910473 0.068209 0.000077
2 2 0.000580 0.008456 0.985592 0.005312 0.000060
2 2 0.003849 0.099334 0.895656 0.000761 0.000400
2 2 0.025083 0.263727 0.700035 0.003787 0.007367
2 2 0.000422 0.017678 0.959908 0.021969 0.000023
2 2 0.003758 0.082069 0.908731 0.005251 0.000190
2 2 0.008938 0.082220 0.898244 0.008535 0.002063
2 2 0.000715 0.014022 0.981478 0.003737 0.000048
2 2 0.000047 0.008875 0.990001 0.001073 0.000003
2 2 0.000173 0.004760 0.969479 0.025575 0.000012
2 2 0.003797 0.116841 0.877245 0.000901 0.001216
2 2 0.000139 0.003875 0.968314 0.027652 0.000020
3 3 0.000079 0.000461 0.118051 0.881397 0.000012
2 2 0.006249 0.112482 0.876892 0.000725 0.003651
2 2 0.001908 0.026475 0.937322 0.034090 0.000205
2 2 0.000091 0.006887 0.982102 0.010833 0.000087
2 2 0.000002 0.000345 0.711378 0.288274 0.000001
2 2 0.000339 0.020301 0.966811 0.012381 0.000168
2 2 0.000121 0.002275 0.820753 0.176841 0.000011
2 2 0.001218 0.028133 0.942995 0.027582 0.000071
2 2 0.117012 0.163443 0.678312 0.005308 0.035925
2 2 0.000031 0.001047 0.995003 0.003918 0.000002
2 2 0.001926 0.051977 0.943170 0.002649 0.000278
2 2 0.054686 0.222195 0.613535 0.000290 0.109294
2 2 0.000160 0.018286 0.955507 0.025945 0.000102
2 2 0.000002 0.000358 0.925775 0.073865 0.000000
2 2 0.000065 0.004738 0.956155 0.039031 0.000012
2 2 0.001886 0.012305 0.977369 0.008179 0.000261
2 2 0.000014 0.001907 0.963595 0.034482 0.000001
2 2 0.000000 0.000128 0.958062 0.041809 0.000000
2 2 0.000072 0.003927 0.957355 0.038626 0.000020
2 2 0.000036 0.003633 0.814249 0.182054 0.000028
2 2 0.003379 0.024160 0.954500 0.015530 0.002431
2 3 0.000000 0.000025 0.837131 0.162844 0.000000
2 3 0.000056 0.000381 0.552430 0.447127 0.000006
2 3 0.000324 0.022611 0.902342 0.072786 0.001937
2 3 0.000026 0.001245 0.635916 0.362802 0.000012
3 3 0.000008 0.000177 0.408622 0.591191 0.000003
3 3 0.000002 0.000044 0.134675 0.865278 0.000001
3 3 0.000000 0.000006 0.048639 0.951355 0.000000
3 3 0.000015 0.000915 0.455911 0.543150 0.000009
3 3 0.000017 0.000644 0.397860 0.601474 0.000006
3 3 0.000000 0.000006 0.066232 0.933762 0.000000
3 3 0.000006 0.000035 0.203859 0.796099 0.000000
3 3 0.000000 0.000038 0.076885 0.923077 0.000001
3 3 0.000000 0.000001 0.030940 0.969059 0.000000
3 3 0.000000 0.000005 0.042751 0.957244 0.000000
3 3 0.000000 0.000001 0.011997 0.988002 0.000000
3 3 0.000002 0.000123 0.087988 0.911884 0.000002
2 3 0.000011 0.000238 0.541957 0.457794 0.000001
3 3 0.000118 0.001716 0.277076 0.721049 0.000041
3 3 0.000000 0.000001 0.005690 0.994308 0.000000
3 3 0.000261 0.000968 0.017310 0.981233 0.000228
3 3 0.000112 0.000365 0.038304 0.961176 0.000042
3 3 0.000064 0.000412 0.051762 0.947742 0.000019
3 3 0.001629 0.027028 0.331498 0.639096 0.000748
3 3 0.003774 0.024528 0.130095 0.839853 0.001749
3 3 0.002150 0.007236 0.412811 0.577726 0.000077
3 3 0.001353 0.002070 0.058529 0.937589 0.000459
3 3 0.000004 0.000063 0.068547 0.931386 0.000000
3 3 0.000739 0.000821 0.084201 0.914227 0.000013
3 3 0.000015 0.000064 0.020809 0.979110 0.000002
3 3 0.000002 0.000025 0.004077 0.995894 0.000002
3 3 0.000031 0.000267 0.009618 0.990061 0.000023
3 3 0.000678 0.002597 0.170561 0.826105 0.000058
3 3 0.000038 0.000156 0.024790 0.975012 0.000004
3 3 0.000018 0.000157 0.016006 0.983812 0.000007
3 3 0.005371 0.014754 0.316317 0.663280 0.000277
3 3 0.000000 0.000006 0.004346 0.995647 0.000000
3 3 0.001870 0.009991 0.075372 0.911995 0.000774
3 3 0.000522 0.000512 0.024699 0.974248 0.000019
3 3 0.006506 0.031212 0.370091 0.591614 0.000576
3 3 0.000004 0.000097 0.021995 0.977900 0.000004
3 3 0.007777 0.004663 0.071493 0.915447 0.000620
3 3 0.000273 0.001542 0.061100 0.936999 0.000086
3 3 0.007551 0.013460 0.151770 0.826444 0.000775
3 3 0.000582 0.005247 0.275859 0.718271 0.000042
3 3 0.004559 0.033554 0.474071 0.486299 0.001517
3 3 0.040160 0.021155 0.148053 0.788766 0.001865
3 3 0.000030 0.000131 0.004016 0.995801 0.000022
3 3 0.001765 0.001928 0.126311 0.869962 0.000034
3 3 0.000015 0.000137 0.037034 0.962805 0.000009
3 3 0.000059 0.000239 0.018041 0.981628 0.000034
3 3 0.000002 0.000115 0.246594 0.753288 0.000001
3 3 0.046169 0.014571 0.114495 0.822438 0.002327
3 3 0.000002 0.000028 0.005705 0.994262 0.000003
3 3 0.001462 0.001369 0.089482 0.907622 0.000066
3 3 0.000188 0.000381 0.045055 0.954354 0.000022
3 3 0.000171 0.000329 0.013730 0.985743 0.000026
3 3 0.000155 0.001556 0.425625 0.572652 0.000012
3 3 0.000080 0.000182 0.020003 0.979727 0.000008
3 3 0.000113 0.000561 0.014809 0.984495 0.000022
3 3 0.000005 0.000094 0.062389 0.937511 0.000001
3 3 0.003740 0.003038 0.059278 0.933650 0.000295
3 3 0.000001 0.000075 0.030485 0.969438 0.000002
3 3 0.000653 0.002013 0.293644 0.703632 0.000059
3 3 0.000058 0.000233 0.018080 0.981626 0.000004
3 3 0.004239 0.005445 0.200042 0.790013 0.000262
3 3 0.001263 0.001536 0.087171 0.909881 0.000149
3 3 0.000033 0.000209 0.042839 0.956913 0.000006
3 3 0.000003 0.000033 0.012270 0.987692 0.000002
3 3 0.039663 0.020352 0.448465 0.491198 0.000323
3 3 0.000010 0.000102 0.040415 0.959471 0.000002
3 3 0.000011 0.000062 0.050522 0.949404 0.000001
3 3 0.002295 0.002079 0.049170 0.946217 0.000239
3 3 0.029222 0.084418 0.371610 0.512985 0.001764
2 2 0.035544 0.060461 0.834243 0.067979 0.001773
2 2 0.026007 0.296116 0.669531 0.005053 0.003293
2 2 0.014198 0.127167 0.851398 0.000799 0.006438
2 1 0.101783 0.361801 0.527097 0.004685 0.004634
2 1 0.117629 0.329000 0.506434 0.000554 0.046383
1 1 0.217147 0.508037 0.148371 0.000152 0.126293
0 0 0.647999 0.164363 0.094564 0.005004 0.088070
0 0 0.599181 0.255395 0.114191 0.004858 0.026375
0 0 0.510785 0.320269 0.069486 0.000698 0.098762
4 1 0.053145 0.062505 0.055221 0.000071 0.829058
0 1 0.440667 0.153354 0.143341 0.000336 0.262301
4 0 0.004332 0.043558 0.020920 0.000029 0.931162
0 0 0.709968 0.082172 0.080984 0.003321 0.123555
1 0 0.306367 0.406374 0.264332 0.001293 0.021634
4 0 0.197086 0.055047 0.053536 0.000930 0.693401
0 0 0.840817 0.038623 0.024484 0.002360 0.093716
0 0 0.676313 0.100346 0.045576 0.000151 0.177614
1 0 0.150666 0.327175 0.205689 0.002777 0.313693
4 0 0.262466 0.109189 0.040767 0.000691 0.586887
4 1 0.044123 0.152473 0.075754 0.000561 0.727089
4 1 0.118118 0.065521 0.029640 0.000639 0.786082
0 1 0.590616 0.124772 0.063495 0.006066 0.215051
1 1 0.125797 0.492506 0.304980 0.004394 0.072323
0 1 0.426361 0.173642 0.083275 0.000642 0.316080
0 1 0.858496 0.042104 0.038831 0.000888 0.059681
0 0 0.941970 0.018028 0.009367 0.000314 0.030321
0 0 0.613879 0.051972 0.070098 0.000508 0.263544
4 0 0.351615 0.063044 0.035175 0.000901 0.549265
0 0 0.922362 0.019127 0.016273 0.000179 0.042060
4 0 0.151610 0.041975 0.019368 0.000311 0.786736
0 0 0.397501 0.073775 0.159426 0.003451 0.365846
0 0 0.891310 0.019984 0.010216 0.000136 0.078354
0 0 0.468939 0.038891 0.053774 0.000470 0.437927
4 0 0.141253 0.083071 0.085349 0.001613 0.688714
0 0 0.637369 0.092169 0.072042 0.017556 0.180865
4 0 0.225791 0.027802 0.016319 0.000410 0.729678
4 0 0.240655 0.040390 0.029196 0.002002 0.687756
4 0 0.335391 0.168028 0.074549 0.001231 0.420801
0 0 0.827492 0.087177 0.026128 0.000321 0.058882
4 0 0.098122 0.036269 0.029682 0.001617 0.834309
4 0 0.014794 0.005640 0.003447 0.000055 0.976064
4 0 0.190887 0.045121 0.060414 0.003591 0.699986
4 0 0.168310 0.021402 0.012017 0.000203 0.798068
4 0 0.449381 0.034878 0.025652 0.000402 0.489687
4 0 0.174189 0.048503 0.039312 0.008391 0.729605
4 0 0.258078 0.030079 0.018224 0.000469 0.693150
4 0 0.051114 0.060663 0.039239 0.000429 0.848555
4 0 0.011609 0.118792 0.031603 0.000211 0.837785
4 0 0.035011 0.035862 0.056475 0.000712 0.871941
1 0 0.089770 0.664678 0.131832 0.000023 0.113697
1 0 0.141866 0.433650 0.117604 0.001073 0.305806
1 0 0.075590 0.437256 0.183687 0.000128 0.303339
2 0 0.065151 0.287247 0.472993 0.000550 0.174059
4 0 0.068819 0.021305 0.015224 0.001044 0.893608
4 0 0.117952 0.013953 0.011452 0.000038 0.856605
0 0 0.647673 0.155919 0.112664 0.001011 0.082733
4 0 0.073132 0.076108 0.024022 0.000070 0.826668
4 0 0.050485 0.273344 0.065510 0.000016 0.610646
4 0 0.048996 0.276141 0.146773 0.000013 0.528077
4 0 0.153015 0.143851 0.072121 0.001378 0.629636
4 0 0.034237 0.092655 0.037537 0.000364 0.835208
4 0 0.179033 0.177338 0.128402 0.002107 0.513120
4 0 0.082404 0.320913 0.235811 0.000004 0.360868
1 0 0.080528 0.697965 0.169681 0.001146 0.050679
2 0 0.030137 0.236239 0.366717 0.000661 0.366246
1 0 0.052469 0.780244 0.163748 0.000467 0.003071
1 0 0.127641 0.456069 0.364829 0.000532 0.050928
1 1 0.273933 0.493877 0.097858 0.000119 0.134213
4 1 0.062103 0.143147 0.165974 0.001004 0.627773
4 1 0.135860 0.242034 0.093275 0.002586 0.526244
4 4 0.075341 0.065625 0.063980 0.000979 0.794074
4 4 0.078842 0.103871 0.049933 0.000911 0.766443
0 4 0.525469 0.040876 0.024330 0.000950 0.408375
0 4 0.598527 0.041225 0.024445 0.001008 0.334795
4 4 0.097247 0.050176 0.026412 0.001099 0.825066
0 4 0.703255 0.051793 0.050144 0.001530 0.193279
4 4 0.087759 0.356523 0.085370 0.000149 0.470200
0 4 0.635765 0.178436 0.086645 0.000944 0.098211
1 1 0.216381 0.462022 0.301783 0.011331 0.008484
2 1 0.238959 0.333796 0.399753 0.003254 0.024238
1 1 0.193779 0.485751 0.310549 0.000154 0.009767
1 1 0.258817 0.509097 0.212207 0.000877 0.019002
1 1 0.142999 0.597640 0.215179 0.000275 0.043906
1 1 0.053798 0.603379 0.204345 0.000022 0.138456
1 1 0.036875 0.616265 0.226521 0.000015 0.120324
2 1 0.043996 0.395817 0.497888 0.000004 0.062295
1 1 0.149257 0.639456 0.192035 0.000001 0.019251
2 1 0.041983 0.442826 0.461119 0.000477 0.053594
2 1 0.071348 0.369733 0.541447 0.000140 0.017333
1 1 0.115586 0.508831 0.356175 0.013492 0.005917
1 1 0.152234 0.525657 0.318412 0.001446 0.002250
1 1 0.153598 0.558605 0.258938 0.000127 0.028732
2 1 0.019160 0.406508 0.572362 0.000643 0.001327
1 1 0.076916 0.582095 0.325972 0.001095 0.013922
2 1 0.134988 0.345265 0.504025 0.001509 0.014213
2 1 0.051689 0.354417 0.590428 0.000552 0.002914
2 1 0.034855 0.262089 0.685958 0.000237 0.016862
2 1 0.028335 0.143771 0.823359 0.001213 0.003322
1 1 0.038415 0.476127 0.441597 0.000331 0.043530
1 1 0.045004 0.652741 0.279153 0.000050 0.023052
2 1 0.076270 0.365146 0.553282 0.000147 0.005154
1 1 0.029337 0.497146 0.464471 0.000196 0.008850
1 1 0.020949 0.610900 0.363817 0.000022 0.004313
2 1 0.086246 0.283912 0.587738 0.003316 0.038788
2 1 0.003715 0.244871 0.532981 0.000025 0.218409
2 1 0.056054 0.343380 0.429457 0.000574 0.170535
2 1 0.024189 0.267125 0.664113 0.000346 0.044228
1 1 0.042459 0.449861 0.279191 0.000020 0.228469
2 1 0.025746 0.390260 0.397208 0.000075 0.186711
2 1 0.013314 0.264191 0.617140 0.000744 0.104612
2 1 0.008578 0.248308 0.653860 0.000058 0.089197
2 1 0.004859 0.239804 0.554987 0.000259 0.200092
2 1 0.006768 0.101811 0.830549 0.000832 0.060040
2 1 0.005698 0.200188 0.730849 0.000328 0.062936
2 1 0.017487 0.355446 0.467262 0.000285 0.159519
2 1 0.011262 0.131417 0.822812 0.000041 0.034468
2 1 0.015120 0.186525 0.638776 0.000516 0.159064
1 1 0.033003 0.496336 0.326371 0.000027 0.144264
2 1 0.046016 0.348379 0.592302 0.002237 0.011066
1 1 0.069777 0.481513 0.375647 0.000124 0.072940
1 1 0.023745 0.402520 0.375605 0.000089 0.198041
2 1 0.031773 0.278557 0.630137 0.000198 0.059335
2 1 0.002303 0.089577 0.900470 0.000631 0.007019
2 1 0.001413 0.104368 0.889563 0.000269 0.004386
2 1 0.003349 0.105232 0.874411 0.000097 0.016911
2 2 0.025664 0.196889 0.725612 0.000563 0.051273
2 2 0.012958 0.311082 0.593568 0.000032 0.082361
2 2 0.000879 0.045330 0.948817 0.001610 0.003365
2 2 0.011137 0.120547 0.851653 0.004629 0.012034
2 2 0.006061 0.106705 0.883924 0.000420 0.002889
2 2 0.008798 0.117648 0.870061 0.000152 0.003342
2 2 0.001275 0.015610 0.977305 0.005587 0.000223
2 2 0.005732 0.139193 0.835229 0.003835 0.016010
2 2 0.000005 0.001186 0.994784 0.004019 0.000006
2 2 0.001912 0.079070 0.913125 0.001087 0.004807
2 2 0.039098 0.301289 0.612001 0.000093 0.047519
2 2 0.000059 0.006535 0.993291 0.000083 0.000032
2 2 0.001256 0.014772 0.982406 0.001366 0.000199
2 2 0.000036 0.003250 0.996334 0.000368 0.000012
2 2 0.000004 0.000775 0.991511 0.007707 0.000002
2 2 0.000098 0.003524 0.993362 0.003006 0.000010
2 2 0.001613 0.060540 0.935266 0.000849 0.001732
2 2 0.000315 0.004858 0.991504 0.003315 0.000008
2 2 0.026322 0.165699 0.774963 0.000079 0.032937
2 2 0.000033 0.003706 0.983628 0.012579 0.000054
2 2 0.007167 0.069989 0.921815 0.000634 0.000395
2 2 0.000402 0.013406 0.984152 0.001908 0.000132
2 2 0.000394 0.011345 0.985135 0.003104 0.000023
2 2 0.014393 0.273751 0.697087 0.000241 0.014528
2 2 0.000012 0.001736 0.990589 0.007661 0.000002
2 2 0.000001 0.000422 0.998207 0.001370 0.000000
2 2 0.005162 0.131571 0.817258 0.003399 0.042610
2 2 0.000231 0.018180 0.981395 0.000069 0.000126
2 2 0.000472 0.019534 0.979594 0.000311 0.000088
2 2 0.000133 0.005074 0.994399 0.000154 0.000240
2 2 0.001232 0.046953 0.949866 0.001368 0.000580
2 2 0.028046 0.085595 0.878157 0.000200 0.008002
2 2 0.000184 0.008382 0.970294 0.020737 0.000403
2 2 0.000001 0.000651 0.997334 0.002011 0.000003
2 2 0.000919 0.041892 0.946663 0.001578 0.008949
2 2 0.007294 0.052401 0.905851 0.034188 0.000267
2 2 0.004549 0.084596 0.904310 0.000134 0.006411
2 2 0.004798 0.018986 0.973104 0.002467 0.000644
2 2 0.000811 0.014253 0.983956 0.000901 0.000078
2 2 0.008307 0.052117 0.939414 0.000091 0.000070
1 2 0.068428 0.523954 0.377355 0.002706 0.027557
2 2 0.020525 0.195838 0.765532 0.001899 0.016207
2 2 0.001860 0.028937 0.964784 0.003817 0.000602
0 0 0.619736 0.188060 0.141074 0.001180 0.049951
1 0 0.167653 0.431793 0.241107 0.000418 0.159029
0 0 0.786696 0.162055 0.033644 0.000294 0.017311
0 0 0.645751 0.244596 0.074996 0.000865 0.033792
2 0 0.029501 0.345598 0.413541 0.000065 0.211295
0 0 0.405107 0.302128 0.116180 0.001473 0.175112
4 0 0.018370 0.334627 0.300137 0.000021 0.346845
2 0 0.019610 0.242837 0.541482 0.000010 0.196062
2 0 0.024480 0.291407 0.361879 0.000046 0.322188
2 1 0.011015 0.147882 0.808858 0.000115 0.032130
1 1 0.042236 0.598089 0.271016 0.000051 0.088609
2 1 0.041455 0.439645 0.449565 0.000523 0.068813
2 1 0.037530 0.371711 0.395250 0.000019 0.195489
2 1 0.032614 0.405333 0.518894 0.000183 0.042976
0 1 0.383259 0.326796 0.269904 0.000094 0.019946
1 1 0.142421 0.450536 0.335737 0.000048 0.071258
2 1 0.024346 0.272404 0.603303 0.000041 0.099905
2 1 0.076346 0.294767 0.526760 0.000303 0.101824
1 1 0.023331 0.482289 0.361436 0.000002 0.132942
2 1 0.028938 0.283995 0.542166 0.000069 0.144832
2 1 0.044599 0.288098 0.612410 0.000613 0.054282
2 1 0.105714 0.291342 0.541172 0.000127 0.061646
1 1 0.122958 0.497958 0.343207 0.002233 0.033644
2 1 0.020836 0.288029 0.446722 0.000087 0.244326
2 1 0.017165 0.276074 0.667044 0.000022 0.039695
4 4 0.043716 0.258093 0.152387 0.000922 0.544881
2 4 0.097270 0.369856 0.421590 0.000428 0.110856
4 4 0.092761 0.158736 0.074509 0.000076 0.673918
4 1 0.118865 0.345385 0.168839 0.005637 0.361275
1 1 0.027697 0.390752 0.272157 0.000159 0.309235
0 1 0.340616 0.265310 0.157879 0.002894 0.233301
1 1 0.061188 0.412242 0.155445 0.000033 0.371092
4 1 0.030401 0.163884 0.095791 0.000410 0.709514
0 1 0.480056 0.193032 0.115688 0.001163 0.210062
0 4 0.772014 0.085011 0.025131 0.000190 0.117654
4 4 0.265997 0.080592 0.145662 0.015934 0.491816
4 4 0.027411 0.098789 0.062478 0.000234 0.811088
1 4 0.085873 0.405663 0.143958 0.000047 0.364458
4 4 0.302970 0.117256 0.107694 0.001714 0.470365
0 4 0.893544 0.048264 0.017756 0.000339 0.040097
0 1 0.547782 0.346408 0.083358 0.000036 0.022415
0 1 0.317705 0.286642 0.252354 0.001787 0.141513
0 1 0.452291 0.143281 0.168011 0.003934 0.232483
1 1 0.125844 0.550442 0.170509 0.000315 0.152891
1 0 0.116664 0.430520 0.397961 0.019435 0.035419
0 0 0.474795 0.118831 0.103995 0.006125 0.296255
2 0 0.181779 0.218987 0.427794 0.012734 0.158705
1 0 0.080705 0.455658 0.266164 0.000462 0.197011
2 0 0.100006 0.158154 0.694124 0.002111 0.045605
1 0 0.144816 0.387143 0.358201 0.000051 0.109788
4 1 0.113190 0.226535 0.089987 0.000043 0.570245
0 1 0.365695 0.158936 0.111786 0.000834 0.362750
4 1 0.055697 0.365199 0.210482 0.000009 0.368614
1 1 0.020104 0.635970 0.336913 0.001687 0.005325
