2 0 0.276134 0.215218 0.374299 0.083707 0.050642
1 0 0.031733 0.443071 0.329996 0.001804 0.193395
0 0 0.544415 0.297606 0.074867 0.000024 0.083088
1 0 0.174817 0.511291 0.183352 0.000062 0.130479
0 0 0.398938 0.243274 0.317000 0.000470 0.040317
2 0 0.061766 0.322489 0.521665 0.007788 0.086293
3 0 0.061197 0.081755 0.361182 0.474735 0.021131
2 0 0.077196 0.330806 0.567304 0.004562 0.020131
2 0 0.031324 0.312235 0.621971 0.009879 0.024591
2 0 0.000328 0.010083 0.946981 0.042140 0.000467
2 0 0.006970 0.193236 0.760891 0.005976 0.032926
2 0 0.013134 0.134628 0.767018 0.077196 0.008024
2 0 0.013143 0.086600 0.772539 0.124698 0.003020
2 0 0.012072 0.372189 0.466158 0.000219 0.149362
2 0 0.002805 0.174543 0.764778 0.004175 0.053698
2 0 0.015713 0.309002 0.630199 0.005243 0.039843
1 0 0.038399 0.453933 0.390180 0.000377 0.117111
1 0 0.323473 0.395239 0.142179 0.000187 0.138922
1 0 0.214810 0.283069 0.241395 0.001116 0.259611
2 0 0.089464 0.305286 0.584501 0.001134 0.019614
1 0 0.230940 0.344711 0.317375 0.000238 0.106736
0 0 0.577760 0.085671 0.184102 0.132182 0.020285
0 0 0.876304 0.006064 0.033714 0.079506 0.004413
0 0 0.616472 0.236738 0.088458 0.000453 0.057879
0 0 0.524310 0.047853 0.400052 0.020171 0.007614
0 0 0.977432 0.008498 0.003016 0.000018 0.011035
0 0 0.956121 0.019291 0.007093 0.000039 0.017455
0 0 0.838438 0.046114 0.096970 0.006351 0.012126
0 0 0.969935 0.011158 0.009073 0.001774 0.008060
0 0 0.895252 0.053100 0.031217 0.001184 0.019246
0 0 0.759978 0.106926 0.055693 0.001764 0.075639
0 0 0.765361 0.090135 0.116689 0.001027 0.026788
0 0 0.395058 0.102738 0.180212 0.198670 0.123322
0 0 0.906099 0.050144 0.021960 0.000313 0.021485
0 0 0.658346 0.196233 0.069654 0.000111 0.075657
0 0 0.493692 0.126677 0.045641 0.000207 0.333782
0 0 0.745968 0.076695 0.043576 0.000254 0.133506
0 0 0.691318 0.161362 0.055654 0.000047 0.091619
0 0 0.509291 0.315750 0.078018 0.000015 0.096927
0 0 0.902352 0.038282 0.012109 0.000013 0.047245
0 0 0.611988 0.100103 0.061290 0.000425 0.226194
0 0 0.811784 0.040925 0.035078 0.001120 0.111092
2 0 0.306135 0.103692 0.457285 0.111753 0.021135
0 0 0.691257 0.081755 0.193180 0.017541 0.016267
3 0 0.007858 0.045184 0.395526 0.500277 0.051155
0 0 0.905351 0.041383 0.018605 0.000570 0.034090
0 0 0.458126 0.077838 0.029570 0.000090 0.434376
1 0 0.142767 0.471962 0.143173 0.000055 0.242043
2 0 0.012308 0.284108 0.652084 0.008214 0.043287
2 0 0.004911 0.147168 0.742429 0.044104 0.061388
2 0 0.097181 0.300591 0.522776 0.000516 0.078936
0 0 0.752731 0.026983 0.018155 0.012748 0.189384
0 0 0.829638 0.029732 0.012592 0.000454 0.127584
0 0 0.580178 0.108735 0.050265 0.002432 0.258390
0 0 0.786512 0.077533 0.088726 0.016298 0.030933
0 0 0.710207 0.060027 0.025918 0.000434 0.203414
0 0 0.847978 0.009983 0.005009 0.000074 0.136955
0 0 0.803974 0.039565 0.021503 0.000498 0.134459
0 0 0.968163 0.008412 0.003878 0.000088 0.019459
0 0 0.987192 0.005545 0.002726 0.000093 0.004445
0 0 0.983553 0.007426 0.002694 0.000034 0.006293
0 0 0.993960 0.002368 0.001123 0.000030 0.002520
0 0 0.798976 0.143093 0.033982 0.000052 0.023898
0 0 0.967949 0.015387 0.007268 0.000182 0.009213
0 0 0.900923 0.041985 0.029081 0.003053 0.024959
0 0 0.519586 0.304225 0.115141 0.000763 0.060284
0 0 0.949362 0.024407 0.011252 0.000338 0.014642
0 0 0.892045 0.039568 0.022606 0.002113 0.043668
0 0 0.811256 0.114355 0.040221 0.000624 0.033543
0 0 0.980167 0.011601 0.002876 0.000004 0.005352
0 0 0.781789 0.157555 0.030575 0.000010 0.030072
1 0 0.349642 0.427617 0.174501 0.005010 0.043230
0 0 0.545144 0.257333 0.129838 0.011926 0.055759
0 0 0.712092 0.191269 0.020586 0.000000 0.076053
0 0 0.909629 0.047632 0.015375 0.000248 0.027117
0 0 0.603943 0.276087 0.041889 0.000001 0.078081
0 0 0.465925 0.313688 0.163967 0.013514 0.042906
1 0 0.236145 0.441756 0.209109 0.001264 0.111725
0 0 0.964764 0.018312 0.006458 0.000076 0.010390
0 0 0.617013 0.249569 0.094859 0.001654 0.036905
1 0 0.241318 0.460746 0.143016 0.000038 0.154882
0 1 0.973052 0.012286 0.006103 0.000313 0.008246
0 1 0.439519 0.302609 0.181397 0.000702 0.075773
2 1 0.003311 0.174413 0.689153 0.002482 0.130641
2 2 0.015890 0.208508 0.583234 0.003280 0.189088
2 2 0.000195 0.041088 0.932473 0.000319 0.025925
2 2 0.000073 0.029873 0.677125 0.242960 0.049969
2 2 0.001031 0.107747 0.754501 0.001899 0.134822
2 2 0.001494 0.159382 0.776844 0.000681 0.061598
2 2 0.000916 0.103757 0.823140 0.000765 0.071423
2 2 0.000801 0.077283 0.744565 0.004772 0.172579
2 2 0.000287 0.059432 0.837599 0.004414 0.098268
2 2 0.000078 0.023058 0.956338 0.009733 0.010793
2 2 0.000010 0.008959 0.969996 0.015411 0.005625
2 2 0.000421 0.072347 0.868219 0.012791 0.046221
2 2 0.000055 0.021519 0.895107 0.070916 0.012404
2 3 0.000071 0.033360 0.850412 0.077762 0.038396
2 3 0.000003 0.001781 0.620459 0.377442 0.000315
2 3 0.000000 0.000029 0.649371 0.350595 0.000005
2 3 0.000002 0.002117 0.837480 0.159830 0.000570
3 3 0.000043 0.005824 0.211195 0.770517 0.012421
2 3 0.000006 0.002417 0.593836 0.402682 0.001059
3 3 0.000083 0.005887 0.398882 0.583516 0.011632
2 3 0.000014 0.009589 0.819508 0.165104 0.005785
3 3 0.000091 0.005773 0.225841 0.760573 0.007722
2 3 0.000098 0.007203 0.523777 0.465285 0.003636
3 3 0.000041 0.001884 0.085436 0.909791 0.002848
2 3 0.000001 0.001272 0.624850 0.373599 0.000277
3 3 0.000017 0.003477 0.197351 0.795448 0.003707
3 3 0.000027 0.006279 0.368666 0.621929 0.003099
3 3 0.000056 0.003282 0.159901 0.835006 0.001754
3 3 0.000002 0.000700 0.348870 0.650266 0.000161
3 3 0.000102 0.011666 0.169286 0.810134 0.008812
3 3 0.000015 0.002219 0.296222 0.700864 0.000680
3 3 0.000009 0.003740 0.324988 0.669000 0.002263
3 3 0.000009 0.001038 0.107967 0.889357 0.001628
3 3 0.000005 0.000238 0.022203 0.977333 0.000220
3 3 0.000088 0.006340 0.227794 0.758421 0.007357
3 3 0.000000 0.000076 0.032571 0.967166 0.000187
3 3 0.000002 0.000415 0.071494 0.927892 0.000197
3 3 0.000001 0.000140 0.036519 0.963053 0.000287
3 3 0.000001 0.000217 0.081569 0.918113 0.000101
3 3 0.000000 0.000011 0.054484 0.945501 0.000004
3 3 0.000013 0.002129 0.174649 0.821173 0.002035
3 3 0.000117 0.006166 0.339020 0.652719 0.001979
3 3 0.000005 0.000395 0.069979 0.928871 0.000750
3 3 0.000106 0.004009 0.084288 0.905847 0.005750
3 3 0.000002 0.000216 0.071170 0.928533 0.000080
3 3 0.000011 0.000275 0.028999 0.970549 0.000166
3 3 0.000003 0.000599 0.084733 0.913559 0.001106
3 3 0.000014 0.000628 0.022529 0.976244 0.000585
3 3 0.000152 0.007297 0.101641 0.885584 0.005327
3 3 0.000028 0.001101 0.025827 0.970589 0.002455
3 3 0.000180 0.007068 0.164263 0.822419 0.006070
3 3 0.000045 0.001428 0.055034 0.941791 0.001702
3 3 0.000028 0.002547 0.134777 0.860047 0.002600
3 3 0.000000 0.000004 0.015243 0.984745 0.000007
3 3 0.000002 0.000361 0.068079 0.931191 0.000367
3 3 0.000107 0.002088 0.048092 0.947843 0.001870
3 3 0.000001 0.000216 0.009862 0.988700 0.001221
3 0 0.000001 0.000182 0.069261 0.930381 0.000175
2 3 0.014623 0.217824 0.580336 0.104193 0.083024
3 3 0.000616 0.041540 0.394876 0.549377 0.013590
3 3 0.000009 0.001596 0.284636 0.713296 0.000463
3 3 0.000105 0.014633 0.331882 0.645604 0.007775
3 3 0.000154 0.016328 0.431708 0.547982 0.003828
3 3 0.000006 0.001614 0.170676 0.827375 0.000328
3 3 0.000058 0.006279 0.209558 0.780856 0.003250
3 3 0.000000 0.000005 0.164824 0.835170 0.000000
3 3 0.000018 0.002777 0.193891 0.802897 0.000417
3 3 0.000024 0.001916 0.061907 0.934301 0.001852
3 3 0.000000 0.000022 0.015641 0.984329 0.000007
3 3 0.000001 0.000071 0.032700 0.967219 0.000010
3 3 0.000132 0.008498 0.280663 0.708660 0.002048
3 3 0.000002 0.000101 0.025447 0.974420 0.000030
3 3 0.000001 0.000047 0.029948 0.969992 0.000011
3 3 0.000000 0.000260 0.290696 0.709021 0.000023
3 3 0.000012 0.000774 0.070487 0.928561 0.000165
3 3 0.000059 0.003424 0.181253 0.814684 0.000580
3 3 0.000135 0.009351 0.369146 0.618192 0.003177
3 3 0.000001 0.000245 0.095058 0.904663 0.000033
3 3 0.000000 0.000028 0.064072 0.935896 0.000004
3 3 0.000005 0.000486 0.043347 0.955876 0.000285
3 3 0.000023 0.000312 0.018247 0.981116 0.000302
3 3 0.000032 0.002387 0.168508 0.826746 0.002327
3 3 0.000003 0.000587 0.079748 0.919210 0.000453
3 3 0.000015 0.000448 0.038805 0.960045 0.000687
3 3 0.000045 0.000956 0.027631 0.969736 0.001632
3 3 0.000001 0.000181 0.142580 0.857128 0.000109
3 3 0.000056 0.003573 0.186108 0.808858 0.001405
3 -1 0.000024 0.001794 0.152439 0.844602 0.001142
3 0 0.000242 0.001824 0.019313 0.975009 0.003612
2 0 0.037051 0.180016 0.522363 0.052785 0.207785
0 0 0.758141 0.143817 0.052561 0.001386 0.044094
2 0 0.054124 0.255304 0.457832 0.118199 0.114541
3 0 0.087692 0.049072 0.061865 0.706476 0.094894
2 1 0.079371 0.395712 0.467059 0.019841 0.038016
2 1 0.000151 0.029572 0.953720 0.010972 0.005584
2 1 0.002712 0.213185 0.705378 0.000513 0.078213
2 1 0.000201 0.034305 0.954268 0.005609 0.005617
2 1 0.014298 0.346825 0.569678 0.002277 0.066921
2 0 0.000323 0.035544 0.959442 0.001948 0.002743
2 1 0.016994 0.231582 0.720740 0.000360 0.030324
2 2 0.005338 0.171260 0.793691 0.002956 0.026755
2 2 0.000267 0.062663 0.907638 0.002085 0.027347
1 2 0.030993 0.419428 0.289918 0.000126 0.259535
2 2 0.000735 0.098371 0.828655 0.021582 0.050658
2 2 0.000069 0.023056 0.949589 0.019511 0.007774
2 2 0.000173 0.038048 0.941118 0.001349 0.019311
2 2 0.003207 0.162502 0.802639 0.003473 0.028178
2 2 0.001348 0.135339 0.807993 0.004023 0.051297
2 2 0.000413 0.054848 0.930807 0.003897 0.010036
2 2 0.000332 0.047023 0.942858 0.002464 0.007323
2 2 0.001663 0.123304 0.695568 0.031553 0.147913
2 2 0.000779 0.040936 0.947075 0.009509 0.001702
2 2 0.000000 0.000534 0.993535 0.005913 0.000018
2 3 0.001794 0.107844 0.806430 0.000066 0.083865
2 3 0.000274 0.011837 0.629317 0.355363 0.003209
3 3 0.022108 0.186116 0.217005 0.311116 0.263655
2 2 0.000193 0.047923 0.799509 0.114800 0.037574
2 2 0.000026 0.010425 0.973290 0.014288 0.001970
2 2 0.000252 0.027871 0.967133 0.000095 0.004650
2 3 0.000343 0.053553 0.924553 0.008021 0.013530
2 2 0.000022 0.009624 0.977895 0.009621 0.002839
2 2 0.000100 0.026126 0.953567 0.007461 0.012746
2 4 0.000063 0.014900 0.978755 0.001747 0.004535
2 4 0.000305 0.033990 0.907203 0.001364 0.057138
2 4 0.003738 0.157258 0.703532 0.000157 0.135314
2 4 0.002255 0.151633 0.669881 0.001311 0.174920
4 4 0.018554 0.248598 0.363913 0.000033 0.368902
2 4 0.003562 0.166224 0.615783 0.000241 0.214190
2 4 0.002821 0.144597 0.537864 0.000042 0.314676
2 4 0.001889 0.109125 0.795706 0.000117 0.093161
2 4 0.001302 0.116469 0.769496 0.001651 0.111082
1 4 0.098833 0.477022 0.277760 0.000027 0.146358
2 4 0.012343 0.300919 0.566185 0.000097 0.120456
4 4 0.010020 0.198030 0.174978 0.000022 0.616951
2 4 0.003321 0.130041 0.775016 0.000004 0.091619
2 4 0.015071 0.273409 0.405753 0.000142 0.305624
4 4 0.011157 0.240459 0.366814 0.000522 0.381047
1 4 0.031822 0.393346 0.281528 0.000024 0.293279
2 4 0.008680 0.241313 0.578383 0.000085 0.171538
2 4 0.004893 0.198403 0.458932 0.000095 0.337677
2 4 0.004225 0.171781 0.528096 0.000976 0.294922
4 4 0.021671 0.261509 0.137745 0.000029 0.579046
2 4 0.010090 0.246732 0.379686 0.000031 0.363461
4 4 0.008083 0.213254 0.338943 0.000481 0.439239
4 4 0.055019 0.253446 0.093492 0.000034 0.598010
1 4 0.038048 0.466076 0.200292 0.000021 0.295562
2 4 0.019176 0.328251 0.512582 0.000541 0.139451
2 4 0.057128 0.426926 0.454430 0.001260 0.060256
2 4 0.016260 0.278136 0.643841 0.000112 0.061651
1 1 0.263946 0.322463 0.180267 0.000139 0.233186
1 4 0.054583 0.489813 0.361366 0.001400 0.092837
2 4 0.002171 0.136436 0.696202 0.004288 0.160903
1 4 0.043077 0.376500 0.258201 0.000540 0.321682
4 4 0.018122 0.306318 0.316523 0.000187 0.358849
4 4 0.045524 0.285951 0.089410 0.000051 0.579064
2 4 0.031083 0.311846 0.504048 0.000041 0.152982
2 4 0.002293 0.149505 0.707149 0.003982 0.137070
2 4 0.005527 0.203087 0.668873 0.001127 0.121387
2 4 0.010856 0.250897 0.430574 0.000124 0.307549
2 4 0.006482 0.223142 0.570115 0.000473 0.199788
2 4 0.006990 0.234085 0.559740 0.000825 0.198360
2 4 0.006030 0.239434 0.493102 0.000728 0.260706
2 4 0.004223 0.199227 0.475381 0.000133 0.321036
2 4 0.007713 0.221078 0.569773 0.000104 0.201332
2 4 0.002346 0.151942 0.513409 0.000076 0.332227
2 4 0.005322 0.220946 0.497531 0.000791 0.275411
2 1 0.011394 0.332385 0.514053 0.000293 0.141875
1 1 0.148368 0.534923 0.253009 0.007126 0.056574
2 1 0.008392 0.306002 0.602930 0.001105 0.081571
2 2 0.001049 0.112242 0.785725 0.000471 0.100513
2 2 0.000658 0.078063 0.857705 0.002396 0.061178
2 2 0.004610 0.200006 0.662910 0.000835 0.131639
2 2 0.012679 0.301400 0.534222 0.000330 0.151369
2 1 0.028543 0.357933 0.511311 0.000051 0.102162
2 1 0.111152 0.384483 0.455961 0.001186 0.047218
2 1 0.035211 0.395603 0.495269 0.000609 0.073307
2 1 0.002049 0.173575 0.774276 0.000436 0.049664
2 1 0.000821 0.079225 0.907185 0.000712 0.012057
2 1 0.000015 0.005277 0.994042 0.000387 0.000279
2 2 0.001031 0.086841 0.899078 0.001244 0.011805
2 2 0.000406 0.037139 0.958580 0.000584 0.003291
2 2 0.003185 0.178165 0.783614 0.001181 0.033855
2 2 0.001685 0.061123 0.930300 0.003642 0.003250
2 2 0.003546 0.155879 0.812139 0.001253 0.027183
2 1 0.000605 0.071826 0.886092 0.000230 0.041247
2 1 0.000139 0.041954 0.907934 0.017937 0.032036
2 1 0.002686 0.156756 0.535449 0.000112 0.304998
2 2 0.000391 0.048540 0.918850 0.001925 0.030293
2 2 0.002464 0.152272 0.748697 0.000798 0.095769
2 2 0.000063 0.024869 0.957017 0.008085 0.009965
2 1 0.001324 0.116676 0.799973 0.002161 0.079866
2 1 0.001173 0.075102 0.877944 0.001162 0.044619
2 2 0.000789 0.069190 0.879797 0.000044 0.050180
2 2 0.000056 0.021141 0.954072 0.016941 0.007790
2 2 0.000011 0.006111 0.939960 0.052587 0.001331
2 2 0.001140 0.097521 0.836432 0.000891 0.064016
2 2 0.000773 0.096973 0.762304 0.001425 0.138525
2 2 0.000041 0.013883 0.972372 0.002068 0.011638
2 2 0.000178 0.031402 0.934885 0.001640 0.031894
2 3 0.000064 0.023489 0.923061 0.042469 0.010917
2 2 0.000019 0.008121 0.886484 0.103547 0.001829
2 2 0.001422 0.098994 0.779113 0.001469 0.119003
2 3 0.000033 0.015249 0.976948 0.001487 0.006282
2 2 0.000282 0.040792 0.940964 0.006285 0.011677
2 2 0.001279 0.122776 0.760515 0.002988 0.112442
2 2 0.000008 0.006102 0.979347 0.012744 0.001798
2 2 0.000076 0.026996 0.951040 0.010793 0.011095
2 2 0.000023 0.011335 0.966804 0.018751 0.003087
2 3 0.000019 0.008040 0.900277 0.089911 0.001754
2 2 0.000003 0.002618 0.958605 0.038054 0.000720
2 2 0.000023 0.009201 0.962496 0.025986 0.002294
2 2 0.000304 0.038645 0.940127 0.011529 0.009396
2 2 0.000049 0.011734 0.634323 0.346164 0.007730
2 2 0.000001 0.000959 0.922405 0.076472 0.000164
2 2 0.000161 0.036665 0.859151 0.087104 0.016919
2 2 0.000012 0.008784 0.840430 0.145819 0.004954
2 3 0.000011 0.003252 0.550898 0.444000 0.001840
2 2 0.000075 0.017524 0.570338 0.402291 0.009773
2 2 0.000026 0.013957 0.968559 0.012593 0.004864
2 2 0.000003 0.003988 0.963430 0.031129 0.001449
2 2 0.000027 0.011605 0.922452 0.062555 0.003361
2 2 0.000027 0.004401 0.561731 0.433267 0.000574
2 2 0.000142 0.020192 0.910674 0.066679 0.002314
2 2 0.000003 0.002005 0.789269 0.208500 0.000223
2 2 0.000015 0.006569 0.907624 0.084626 0.001166
2 2 0.000766 0.048729 0.645327 0.288642 0.016537
3 3 0.000058 0.005054 0.303200 0.690384 0.001303
2 3 0.000171 0.031309 0.639696 0.313056 0.015768
2 2 0.000116 0.019531 0.745099 0.230999 0.004255
2 3 0.000108 0.021095 0.914880 0.060061 0.003857
3 3 0.000085 0.013986 0.431463 0.549292 0.005175
2 3 0.000002 0.001422 0.640398 0.357998 0.000179
2 3 0.000093 0.013291 0.931788 0.053893 0.000935
2 3 0.000007 0.002663 0.605368 0.391627 0.000336
2 3 0.000002 0.001741 0.553641 0.444176 0.000440
2 3 0.000557 0.042241 0.622345 0.326042 0.008814
3 3 0.000003 0.001240 0.463649 0.534928 0.000180
2 3 0.000086 0.020380 0.835440 0.138118 0.005976
3 3 0.000071 0.007510 0.183469 0.805761 0.003189
3 3 0.000405 0.011343 0.160772 0.824308 0.003173
2 3 0.000084 0.013426 0.675068 0.309271 0.002150
3 3 0.000000 0.000093 0.246172 0.753729 0.000007
2 3 0.000233 0.022812 0.639013 0.334470 0.003472
3 3 0.000072 0.008882 0.371683 0.612822 0.006541
3 3 0.000001 0.000311 0.303360 0.696313 0.000015
3 3 0.000033 0.004486 0.149297 0.841956 0.004228
3 3 0.000018 0.001289 0.107067 0.891351 0.000275
2 3 0.000013 0.002552 0.789523 0.207729 0.000184
3 3 0.000000 0.000352 0.233205 0.766388 0.000054
3 3 0.000001 0.000309 0.091452 0.908174 0.000064
2 3 0.000092 0.025757 0.791645 0.169081 0.013425
3 3 0.000004 0.000661 0.067393 0.931508 0.000434
3 3 0.002381 0.014621 0.193793 0.780477 0.008729
3 3 0.000356 0.032062 0.467869 0.488039 0.011674
3 3 0.000018 0.002724 0.247241 0.749558 0.000460
3 3 0.000002 0.000728 0.145232 0.853543 0.000495
3 3 0.000141 0.006514 0.115882 0.875432 0.002030
3 3 0.000058 0.003471 0.141201 0.854144 0.001126
3 3 0.000001 0.000263 0.111654 0.888006 0.000076
3 3 0.000055 0.011282 0.357403 0.624710 0.006550
3 3 0.000004 0.000558 0.079209 0.919190 0.001038
3 3 0.000002 0.000175 0.034392 0.965089 0.000343
3 3 0.000005 0.000441 0.030676 0.968574 0.000305
3 3 0.000096 0.007187 0.115993 0.869388 0.007337
3 3 0.000099 0.007687 0.153076 0.835313 0.003824
3 3 0.000005 0.002128 0.471811 0.525498 0.000557
3 3 0.000002 0.000407 0.074203 0.925133 0.000256
3 3 0.000001 0.000546 0.051440 0.947750 0.000262
3 3 0.000006 0.001047 0.105483 0.893262 0.000202
3 3 0.000072 0.003089 0.041615 0.953296 0.001928
3 3 0.000030 0.002249 0.098062 0.898598 0.001060
3 3 0.000176 0.018957 0.196129 0.763264 0.021474
3 3 0.000003 0.000936 0.453176 0.545699 0.000186
3 3 0.000044 0.003303 0.142559 0.851237 0.002857
3 3 0.000134 0.003808 0.098782 0.895750 0.001525
3 3 0.000020 0.001799 0.109883 0.887250 0.001049
3 3 0.000009 0.001657 0.179588 0.818082 0.000664
3 3 0.000000 0.000026 0.015971 0.983990 0.000013
3 3 0.000008 0.000775 0.046916 0.951621 0.000679
3 3 0.000002 0.000495 0.043083 0.955807 0.000614
3 3 0.000094 0.002680 0.045410 0.949139 0.002676
3 3 0.000002 0.000325 0.051821 0.947405 0.000447
3 3 0.000019 0.004756 0.293474 0.699129 0.002622
3 3 0.000006 0.000278 0.035681 0.963847 0.000189
3 3 0.000196 0.012197 0.156752 0.826563 0.004293
3 3 0.000010 0.000167 0.008746 0.990915 0.000162
3 3 0.000002 0.000517 0.107604 0.891510 0.000366
3 3 0.000001 0.000280 0.040662 0.958602 0.000456
3 3 0.000079 0.003589 0.053685 0.940847 0.001800
3 3 0.000015 0.002980 0.293620 0.702718 0.000666
3 3 0.000021 0.002846 0.142505 0.850633 0.003995
3 3 0.000058 0.006170 0.259617 0.728006 0.006149
3 3 0.000010 0.000625 0.052040 0.946455 0.000870
3 3 0.000173 0.012522 0.161806 0.817661 0.007838
3 3 0.000007 0.001271 0.066339 0.931336 0.001047
3 3 0.000070 0.002697 0.045465 0.949223 0.002544
3 3 0.000001 0.000060 0.010648 0.989272 0.000019
3 3 0.000001 0.000125 0.020519 0.979312 0.000043
3 3 0.000002 0.000765 0.223745 0.775161 0.000326
3 3 0.000003 0.000318 0.034835 0.964598 0.000246
3 3 0.000000 0.000039 0.009535 0.990411 0.000015
3 3 0.000063 0.002107 0.027394 0.967599 0.002837
3 3 0.000146 0.012895 0.140501 0.837298 0.009160
3 3 0.000000 0.000021 0.007276 0.992670 0.000033
3 3 0.000008 0.000956 0.155398 0.843521 0.000117
3 3 0.000001 0.000320 0.174168 0.825405 0.000107
3 3 0.000002 0.000155 0.025111 0.974553 0.000179
3 3 0.000001 0.000150 0.041131 0.958642 0.000076
3 3 0.000005 0.000231 0.015429 0.984106 0.000229
3 3 0.000001 0.000436 0.065999 0.933194 0.000370
3 3 0.000216 0.016912 0.178041 0.795600 0.009230
3 3 0.000106 0.007526 0.101427 0.880973 0.009969
2 2 0.005931 0.135317 0.816644 0.033209 0.008899
2 3 0.000407 0.062688 0.917128 0.003513 0.016265
2 3 0.000026 0.008540 0.885239 0.104773 0.001422
2 3 0.000218 0.033324 0.962150 0.000932 0.003377
2 2 0.000409 0.033074 0.943501 0.020728 0.002288
2 2 0.000623 0.074717 0.904297 0.003617 0.016746
2 2 0.043942 0.318279 0.603361 0.000863 0.033554
2 3 0.000536 0.088960 0.813979 0.035010 0.061515
2 2 0.000147 0.021505 0.887715 0.087679 0.002954
2 3 0.000174 0.033731 0.950872 0.001470 0.013753
2 2 0.000019 0.005955 0.976261 0.017184 0.000581
2 2 0.033701 0.387583 0.501692 0.000412 0.076613
2 2 0.001910 0.093163 0.893731 0.000932 0.010263
2 2 0.002599 0.119124 0.861524 0.000710 0.016043
2 2 0.003502 0.131251 0.831029 0.000263 0.033955
2 2 0.001212 0.060590 0.926535 0.000482 0.011181
2 2 0.000104 0.024194 0.966771 0.003268 0.005663
2 2 0.000440 0.052620 0.919565 0.006623 0.020752
2 2 0.000911 0.089788 0.850543 0.001658 0.057101
2 2 0.000735 0.058159 0.926911 0.000857 0.013337
2 2 0.000070 0.030411 0.924170 0.024146 0.021202
2 2 0.000059 0.017757 0.953484 0.013154 0.015546
2 2 0.000017 0.007625 0.970742 0.020436 0.001179
2 4 0.000506 0.064742 0.843590 0.000688 0.090473
2 4 0.012624 0.243910 0.512535 0.000007 0.230923
2 4 0.012895 0.214917 0.731429 0.000066 0.040694
2 4 0.015558 0.271640 0.662995 0.000294 0.049513
4 4 0.023586 0.242360 0.168020 0.000031 0.566002
1 4 0.110013 0.439555 0.292799 0.000008 0.157624
2 4 0.015188 0.253551 0.550805 0.000194 0.180261
2 4 0.011509 0.243514 0.637021 0.000226 0.107730
1 4 0.034668 0.401858 0.365891 0.000008 0.197575
2 4 0.005832 0.191196 0.732144 0.000072 0.070756
2 4 0.009017 0.224777 0.712348 0.000082 0.053776
2 4 0.010004 0.246138 0.587401 0.000043 0.156414
2 4 0.014350 0.259187 0.405358 0.000261 0.320844
4 1 0.155841 0.357658 0.093572 0.000001 0.392928
2 4 0.012224 0.290560 0.616257 0.000121 0.080839
4 4 0.033418 0.290109 0.287934 0.000103 0.388436
4 4 0.179877 0.142790 0.081683 0.000032 0.595618
1 4 0.041563 0.384596 0.365419 0.000299 0.208123
2 4 0.037338 0.342739 0.364266 0.000078 0.255579
1 4 0.038968 0.349945 0.343628 0.000053 0.267407
4 4 0.043554 0.345182 0.224548 0.000006 0.386710
1 4 0.328345 0.406030 0.144323 0.000611 0.120691
4 4 0.035084 0.227599 0.104494 0.000317 0.632506
1 4 0.063501 0.414057 0.211547 0.000044 0.310851
1 4 0.054049 0.383603 0.222885 0.000046 0.339417
4 4 0.016876 0.260425 0.322139 0.000276 0.400285
4 4 0.032922 0.262821 0.110541 0.000331 0.593386
1 4 0.047579 0.347845 0.332891 0.000235 0.271450
4 4 0.082337 0.252926 0.092113 0.000007 0.572618
4 4 0.035988 0.318174 0.293713 0.000029 0.352097
4 4 0.078812 0.285368 0.150604 0.000167 0.485049
4 4 0.231155 0.222189 0.062146 0.000007 0.484503
2 4 0.003801 0.215200 0.392414 0.000430 0.388155
1 4 0.031270 0.334498 0.306414 0.000164 0.327655
1 4 0.041327 0.399870 0.347260 0.000011 0.211533
4 4 0.021419 0.207269 0.078297 0.000068 0.692947
1 4 0.041649 0.439260 0.402171 0.000183 0.116737
2 4 0.027986 0.376066 0.514001 0.000337 0.081610
2 4 0.010675 0.211621 0.616020 0.000474 0.161210
2 4 0.014492 0.268753 0.385881 0.000928 0.329945
2 4 0.023544 0.266074 0.557234 0.000091 0.153058
4 4 0.341440 0.045350 0.014709 0.000009 0.598492
4 4 0.189776 0.340426 0.124693 0.000333 0.344771
4 4 0.220361 0.144581 0.057326 0.000816 0.576915
4 4 0.116636 0.187406 0.070321 0.000491 0.625146
4 4 0.075292 0.012178 0.007561 0.000242 0.904728
4 4 0.108191 0.012360 0.006977 0.000287 0.872186
4 4 0.278303 0.069632 0.017912 0.000003 0.634149
1 4 0.119637 0.381317 0.125065 0.000047 0.373934
4 4 0.128988 0.263009 0.079558 0.000037 0.528409
4 4 0.143343 0.341385 0.173267 0.000190 0.341815
4 4 0.052471 0.297776 0.195535 0.000198 0.454020
4 4 0.088387 0.061766 0.027498 0.000082 0.822266
4 4 0.165545 0.059366 0.021522 0.000018 0.753548
4 4 0.136855 0.063748 0.021470 0.000016 0.777911
2 4 0.027070 0.360752 0.410888 0.000339 0.200951
4 4 0.152292 0.117737 0.033968 0.000008 0.695995
4 4 0.028894 0.325342 0.233727 0.000126 0.411910
4 4 0.035501 0.315504 0.293830 0.000099 0.355065
1 4 0.105314 0.409045 0.160359 0.000001 0.325281
4 4 0.099643 0.184925 0.145568 0.000933 0.568932
4 4 0.087289 0.357142 0.149732 0.000123 0.405713
4 4 0.012122 0.275121 0.291723 0.000226 0.420808
1 4 0.079182 0.400758 0.243306 0.000001 0.276752
2 4 0.038573 0.331157 0.480845 0.000015 0.149410
1 4 0.063625 0.411600 0.406771 0.000020 0.117984
1 4 0.031893 0.395645 0.247448 0.000625 0.324388
1 4 0.154104 0.499412 0.146650 0.000013 0.199821
2 4 0.016474 0.293287 0.468582 0.000027 0.221631
1 4 0.032447 0.394984 0.308018 0.000003 0.264548
2 4 0.009893 0.276063 0.433462 0.000280 0.280302
2 4 0.017048 0.286596 0.450280 0.000220 0.245857
2 4 0.019959 0.277572 0.511061 0.000049 0.191359
1 4 0.050031 0.381477 0.341964 0.000075 0.226453
1 4 0.049986 0.382067 0.230255 0.000112 0.337581
4 4 0.086334 0.372144 0.111165 0.000060 0.430296
2 4 0.016736 0.261090 0.478660 0.000030 0.243484
1 4 0.071086 0.413271 0.134759 0.000026 0.380859
2 4 0.028697 0.383699 0.442163 0.000724 0.144717
2 4 0.018420 0.373791 0.439365 0.000034 0.168391
2 4 0.008542 0.221417 0.490505 0.000155 0.279380
2 4 0.012656 0.240926 0.600747 0.000266 0.145404
2 4 0.017498 0.288122 0.574325 0.000005 0.120050
2 2 0.004833 0.215545 0.664592 0.000674 0.114356
1 2 0.053061 0.452867 0.360124 0.000141 0.133807
2 2 0.007009 0.231497 0.676461 0.000483 0.084550
2 2 0.003092 0.108827 0.857524 0.000322 0.030235
2 2 0.000905 0.074465 0.861877 0.000925 0.061828
2 2 0.000691 0.068320 0.908396 0.001711 0.020883
2 2 0.006615 0.220433 0.678835 0.000351 0.093765
2 2 0.005969 0.142861 0.813005 0.000242 0.037923
2 2 0.004832 0.159802 0.769426 0.000051 0.065890
2 2 0.006073 0.160741 0.757744 0.000021 0.075422
2 2 0.010483 0.317139 0.479917 0.000135 0.192326
2 2 0.000965 0.098541 0.835806 0.000444 0.064243
2 2 0.001269 0.107584 0.812869 0.000449 0.077828
2 2 0.001075 0.091734 0.881295 0.003828 0.022068
2 2 0.005648 0.198105 0.501994 0.000042 0.294212
2 2 0.001158 0.113515 0.807980 0.001773 0.075575
2 2 0.002799 0.209161 0.598087 0.000747 0.189206
2 2 0.002823 0.151794 0.537657 0.000129 0.307597
2 2 0.004601 0.151720 0.586485 0.000091 0.257104
2 2 0.001393 0.094145 0.804150 0.000965 0.099346
2 2 0.000013 0.009275 0.980226 0.002897 0.007589
2 2 0.008094 0.209613 0.630625 0.000153 0.151515
2 2 0.003628 0.142685 0.625973 0.000076 0.227638
2 2 0.000023 0.011353 0.973571 0.010812 0.004241
2 2 0.002740 0.113420 0.832210 0.000376 0.051253
2 2 0.006649 0.178278 0.671594 0.000077 0.143402
2 2 0.012273 0.302000 0.428796 0.000083 0.256847
2 2 0.001632 0.108002 0.856443 0.001846 0.032077
2 2 0.000194 0.052219 0.906525 0.000874 0.040188
2 2 0.000236 0.029994 0.961412 0.000057 0.008301
2 2 0.007577 0.176189 0.758142 0.000101 0.057991
2 2 0.001590 0.160581 0.726157 0.002145 0.109527
2 2 0.002613 0.221532 0.635456 0.002566 0.137833
2 2 0.000759 0.066616 0.918339 0.000773 0.013513
2 2 0.000132 0.022075 0.958561 0.016608 0.002624
2 2 0.006850 0.205037 0.712024 0.002174 0.073915
2 2 0.002300 0.127365 0.851206 0.001444 0.017685
2 2 0.003038 0.131520 0.846434 0.000769 0.018240
2 2 0.003280 0.153908 0.811504 0.000258 0.031050
2 2 0.001383 0.119364 0.818829 0.000694 0.059729
2 2 0.000191 0.054808 0.904787 0.003952 0.036262
2 2 0.000275 0.051326 0.933541 0.002123 0.012735
2 2 0.000628 0.071712 0.869422 0.000945 0.057293
2 4 0.000741 0.087701 0.854312 0.000830 0.056415
2 2 0.003527 0.108285 0.874798 0.001508 0.011881
2 2 0.003577 0.124326 0.857876 0.002615 0.011606
2 2 0.000075 0.016228 0.975870 0.006144 0.001683
2 2 0.004430 0.211492 0.738914 0.000951 0.044213
2 2 0.000190 0.029667 0.966122 0.001192 0.002829
2 2 0.001960 0.133531 0.807064 0.004123 0.053321
2 2 0.002432 0.108127 0.872182 0.000182 0.017076
2 2 0.000272 0.036856 0.954161 0.000587 0.008123
2 2 0.006363 0.263535 0.669180 0.001167 0.059755
2 2 0.004173 0.160577 0.804977 0.000252 0.030021
2 2 0.002279 0.174822 0.723062 0.001300 0.098536
2 2 0.000030 0.009798 0.987004 0.002276 0.000893
2 2 0.007525 0.246283 0.688165 0.000336 0.057691
2 2 0.001047 0.084101 0.902844 0.001455 0.010553
2 2 0.000367 0.032596 0.959533 0.005393 0.002111
2 2 0.000464 0.070920 0.884942 0.016137 0.027537
2 2 0.000592 0.057642 0.934178 0.001462 0.006126
2 2 0.000339 0.051027 0.938759 0.001296 0.008579
2 2 0.008504 0.231966 0.723101 0.001469 0.034960
2 2 0.008560 0.193598 0.741854 0.018216 0.037772
2 2 0.002866 0.146813 0.824008 0.000591 0.025722
2 3 0.006933 0.277281 0.649524 0.001131 0.065132
2 2 0.000256 0.029094 0.966556 0.002157 0.001939
2 3 0.003438 0.161191 0.708920 0.000681 0.125770
2 3 0.000055 0.019861 0.972531 0.001834 0.005719
2 3 0.000308 0.035431 0.959131 0.002176 0.002954
2 3 0.000238 0.040277 0.952676 0.000971 0.005838
2 3 0.005315 0.227174 0.704023 0.000210 0.063278
2 2 0.000795 0.087566 0.889663 0.000617 0.021359
2 2 0.001658 0.120031 0.856287 0.000685 0.021340
2 2 0.000684 0.036446 0.959270 0.000471 0.003129
2 2 0.000024 0.008597 0.990225 0.000549 0.000605
2 2 0.010143 0.256973 0.690560 0.001442 0.040882
2 2 0.000164 0.047452 0.936158 0.000473 0.015753
2 2 0.000445 0.049209 0.943538 0.000383 0.006426
2 2 0.000394 0.077396 0.879792 0.004303 0.038115
2 2 0.002324 0.186107 0.700161 0.009926 0.101482
2 2 0.000111 0.035286 0.939860 0.003484 0.021259
2 2 0.000072 0.017034 0.978571 0.001059 0.003265
2 2 0.000135 0.024868 0.941661 0.027504 0.005831
2 2 0.000362 0.056545 0.919514 0.002970 0.020609
2 2 0.000181 0.047690 0.907723 0.018405 0.026001
2 1 0.013086 0.274225 0.598627 0.002155 0.111908
2 2 0.018606 0.367757 0.537134 0.001274 0.075229
2 2 0.000238 0.050382 0.938681 0.000266 0.010432
2 2 0.001554 0.096426 0.889112 0.002276 0.010633
2 2 0.001693 0.120814 0.755965 0.000761 0.120768
2 2 0.000082 0.023776 0.962270 0.007736 0.006137
2 2 0.002426 0.168137 0.748453 0.006495 0.074487
2 2 0.003038 0.151066 0.678950 0.000650 0.166296
2 2 0.000453 0.068489 0.856053 0.001412 0.073594
2 2 0.000041 0.020562 0.966482 0.004364 0.008552
2 2 0.000357 0.053982 0.908767 0.005067 0.031828
2 2 0.000344 0.047315 0.932127 0.000957 0.019256
2 2 0.000076 0.029175 0.932992 0.021774 0.015983
2 2 0.000003 0.002544 0.992004 0.005187 0.000262
2 2 0.000212 0.039494 0.949115 0.000231 0.010947
2 2 0.000079 0.025606 0.955924 0.010088 0.008304
2 2 0.000317 0.045599 0.921249 0.022524 0.010311
2 2 0.000430 0.065086 0.895895 0.000747 0.037841
2 2 0.000059 0.017755 0.964692 0.013842 0.003651
2 2 0.000495 0.060879 0.862153 0.057694 0.018779
2 2 0.000498 0.067369 0.896322 0.010102 0.025709
2 2 0.000012 0.008063 0.973135 0.016584 0.002207
2 2 0.000066 0.021511 0.956183 0.015959 0.006281
2 2 0.000808 0.092144 0.856478 0.017623 0.032947
2 2 0.000038 0.020815 0.962274 0.006316 0.010557
2 2 0.000179 0.034187 0.927272 0.029540 0.008822
2 2 0.001335 0.150272 0.706679 0.005505 0.136210
2 2 0.000093 0.031370 0.931141 0.021834 0.015563
2 2 0.000304 0.057869 0.829113 0.078414 0.034300
2 2 0.000040 0.016554 0.835562 0.139430 0.008414
2 2 0.000135 0.028825 0.932335 0.030767 0.007938
2 3 0.000325 0.067761 0.817281 0.061917 0.052716
2 3 0.000052 0.010546 0.867667 0.117716 0.004020
2 3 0.000006 0.005582 0.901966 0.090097 0.002349
2 3 0.000036 0.010639 0.951535 0.036300 0.001490
2 3 0.000009 0.005067 0.887055 0.106789 0.001079
2 3 0.003609 0.037370 0.836337 0.118130 0.004555
2 2 0.000367 0.051711 0.874208 0.056686 0.017028
2 2 0.001467 0.133925 0.827278 0.001371 0.035959
2 2 0.000383 0.052630 0.933307 0.004001 0.009679
2 2 0.000240 0.046353 0.944957 0.000361 0.008090
2 2 0.000574 0.038763 0.953116 0.005576 0.001971
2 2 0.000019 0.007101 0.988022 0.004237 0.000621
2 2 0.001995 0.118283 0.862493 0.001922 0.015307
2 2 0.000665 0.080604 0.896657 0.002800 0.019275
2 2 0.000177 0.022014 0.974125 0.002444 0.001241
2 2 0.001093 0.108626 0.858523 0.003060 0.028697
2 2 0.000645 0.089141 0.874579 0.004299 0.031334
2 2 0.000599 0.048436 0.944213 0.003076 0.003675
2 2 0.000072 0.010961 0.985179 0.003374 0.000414
2 2 0.000036 0.009850 0.987408 0.002008 0.000698
2 2 0.000036 0.011526 0.973588 0.013241 0.001609
2 2 0.000803 0.055841 0.932129 0.006655 0.004572
2 2 0.000184 0.024640 0.966912 0.006237 0.002027
2 2 0.000069 0.017522 0.863650 0.114214 0.004545
2 2 0.000078 0.017305 0.946887 0.033035 0.002695
2 2 0.000329 0.040011 0.954549 0.001313 0.003797
2 2 0.000019 0.005832 0.967886 0.025833 0.000431
2 2 0.000182 0.025985 0.970417 0.001461 0.001955
2 2 0.000007 0.002184 0.994978 0.002788 0.000043
2 2 0.000354 0.038430 0.953772 0.003897 0.003546
2 2 0.000074 0.016334 0.979056 0.002984 0.001552
2 2 0.000114 0.014243 0.981158 0.003934 0.000552
2 2 0.000301 0.062350 0.890143 0.015294 0.031912
2 2 0.000257 0.028231 0.908347 0.060018 0.003147
2 3 0.000006 0.002675 0.990303 0.006890 0.000127
2 2 0.000011 0.004214 0.937747 0.057693 0.000334
2 2 0.000107 0.019528 0.977798 0.001108 0.001459
2 3 0.000030 0.008276 0.862979 0.127576 0.001139
2 3 0.000018 0.005596 0.658062 0.335346 0.000978
2 2 0.005830 0.239971 0.705174 0.001455 0.047570
2 2 0.000224 0.040829 0.950644 0.001309 0.006994
2 2 0.000127 0.018783 0.973419 0.006335 0.001336
2 3 0.000240 0.033091 0.961340 0.002061 0.003269
2 2 0.001224 0.055001 0.909618 0.030010 0.004147
2 2 0.006447 0.243938 0.488634 0.001280 0.259702
1 2 0.034205 0.500908 0.273189 0.000332 0.191366
2 2 0.000159 0.025478 0.957735 0.013433 0.003194
2 2 0.001019 0.103499 0.826583 0.001762 0.067137
2 2 0.000481 0.071626 0.885629 0.011065 0.031199
2 2 0.020447 0.375674 0.521685 0.000873 0.081321
2 2 0.001753 0.123337 0.852516 0.001576 0.020818
2 2 0.000189 0.044657 0.884647 0.047097 0.023410
2 2 0.000358 0.053877 0.904520 0.025194 0.016051
2 2 0.006401 0.212130 0.670420 0.000723 0.110326
2 2 0.000053 0.020752 0.960890 0.007305 0.010999
2 2 0.000103 0.026018 0.954539 0.012429 0.006910
2 3 0.000617 0.079074 0.886739 0.005405 0.028166
2 2 0.000039 0.018822 0.955706 0.017003 0.008430
2 2 0.000577 0.066156 0.907132 0.002105 0.024030
2 2 0.000553 0.053107 0.919084 0.001069 0.026187
2 2 0.001034 0.115733 0.795592 0.000367 0.087274
2 2 0.000051 0.026958 0.950627 0.005445 0.016920
2 4 0.005403 0.240967 0.610159 0.000558 0.142913
2 4 0.001106 0.105716 0.820705 0.001466 0.071007
4 4 0.007234 0.220400 0.347658 0.000026 0.424682
1 4 0.025462 0.399844 0.351746 0.000019 0.222930
2 4 0.017229 0.310859 0.536992 0.000165 0.134754
2 4 0.024236 0.269862 0.358466 0.000006 0.347430
4 1 0.110948 0.166871 0.070902 0.000094 0.651185
0 4 0.365486 0.314104 0.224697 0.000075 0.095639
2 4 0.004428 0.207581 0.673284 0.000403 0.114304
2 4 0.009701 0.186649 0.724778 0.000098 0.078773
4 4 0.021779 0.316932 0.199647 0.000024 0.461617
4 4 0.020376 0.250412 0.350158 0.003367 0.375687
4 4 0.019243 0.267239 0.355041 0.000029 0.358448
1 4 0.037686 0.393840 0.235490 0.000066 0.332918
2 4 0.026095 0.267343 0.388079 0.000011 0.318472
4 4 0.053700 0.135289 0.038368 0.000015 0.772629
0 4 0.362915 0.228413 0.066615 0.000081 0.341975
4 4 0.034078 0.120316 0.041465 0.000016 0.804125
4 4 0.039456 0.329903 0.204080 0.000167 0.426395
4 4 0.023413 0.268465 0.339066 0.000154 0.368903
1 4 0.088401 0.432516 0.339619 0.000009 0.139456
4 4 0.071346 0.186498 0.065464 0.000157 0.676536
1 4 0.373084 0.416515 0.089580 0.000007 0.120814
4 4 0.025407 0.284443 0.327734 0.000098 0.362318
4 4 0.048611 0.386801 0.141473 0.000062 0.423053
4 4 0.232836 0.336136 0.072208 0.000005 0.358815
4 4 0.065971 0.218400 0.122613 0.000163 0.592853
4 4 0.134982 0.082916 0.024786 0.000012 0.757304
1 4 0.137420 0.333312 0.195561 0.001056 0.332651
4 4 0.093426 0.254636 0.278477 0.000122 0.373339
4 4 0.035287 0.321168 0.315896 0.000030 0.327619
4 4 0.047009 0.254020 0.132801 0.000145 0.566025
4 4 0.048030 0.027652 0.012811 0.000041 0.911467
4 4 0.183602 0.028582 0.012928 0.000043 0.774845
1 4 0.089600 0.532634 0.260759 0.000590 0.116417
2 4 0.128738 0.386954 0.433963 0.000090 0.050256
2 4 0.005034 0.210529 0.625154 0.000365 0.158918
2 4 0.032059 0.313882 0.535398 0.000013 0.118648
2 4 0.012806 0.250282 0.566410 0.000028 0.170474
2 4 0.013833 0.277885 0.427053 0.000109 0.281120
2 4 0.003255 0.175933 0.535627 0.000259 0.284926
4 4 0.051860 0.057555 0.020988 0.000008 0.869589
4 4 0.061468 0.294850 0.086339 0.000068 0.557275
4 4 0.231008 0.103836 0.036814 0.000036 0.628306
4 4 0.088249 0.237307 0.184245 0.000143 0.490056
4 4 0.400574 0.076986 0.028429 0.000078 0.493933
1 4 0.264487 0.408543 0.103148 0.000029 0.223792
1 4 0.049033 0.358315 0.338304 0.000019 0.254329
4 4 0.270287 0.211531 0.074684 0.000224 0.443273
4 4 0.045564 0.308289 0.115269 0.000049 0.530829
1 4 0.048498 0.373013 0.360890 0.000082 0.217516
4 4 0.326364 0.163237 0.057016 0.000027 0.453356
1 1 0.045276 0.353844 0.270240 0.000107 0.330533
1 1 0.160925 0.537158 0.227706 0.002058 0.072152
2 1 0.012661 0.278088 0.656396 0.000572 0.052283
2 1 0.005813 0.157163 0.801160 0.000147 0.035717
2 1 0.053971 0.336370 0.570566 0.000486 0.038607
2 1 0.008414 0.334738 0.528887 0.000280 0.127682
2 1 0.000664 0.077762 0.907627 0.000644 0.013303
2 1 0.004938 0.202959 0.754898 0.001173 0.036032
2 1 0.033827 0.392228 0.496913 0.000487 0.076546
2 1 0.005911 0.208404 0.747532 0.001880 0.036273
2 1 0.002646 0.160640 0.741071 0.001033 0.094609
2 1 0.035776 0.322107 0.529721 0.000024 0.112371
1 1 0.058072 0.436578 0.405482 0.001059 0.098809
2 1 0.006238 0.168237 0.801803 0.000523 0.023199
2 1 0.010735 0.257136 0.685344 0.000642 0.046143
2 1 0.010541 0.286588 0.653503 0.002803 0.046566
2 2 0.010521 0.300250 0.625164 0.001088 0.062976
2 1 0.007759 0.212079 0.736936 0.000198 0.043028
2 2 0.007122 0.256485 0.682352 0.001074 0.052968
2 2 0.010161 0.259096 0.679138 0.000491 0.051113
2 2 0.000957 0.125248 0.761685 0.002062 0.110048
2 2 0.005732 0.201338 0.567743 0.000417 0.224770
2 2 0.000809 0.097457 0.782612 0.001541 0.117580
1 2 0.022175 0.399253 0.262384 0.000144 0.316044
2 2 0.002399 0.184911 0.760578 0.000494 0.051618
2 2 0.000830 0.105891 0.865947 0.000344 0.026987
2 2 0.008580 0.346643 0.523248 0.000560 0.120969
2 2 0.003257 0.206279 0.719333 0.000149 0.070981
2 2 0.002628 0.128524 0.851243 0.002727 0.014878
2 2 0.000929 0.101874 0.875347 0.000528 0.021322
2 2 0.003262 0.174681 0.786432 0.000720 0.034904
2 2 0.003774 0.261131 0.630538 0.000303 0.104255
2 1 0.008011 0.299877 0.617240 0.001101 0.073771
1 1 0.017858 0.457411 0.279661 0.000203 0.244867
2 2 0.001929 0.096923 0.888722 0.003757 0.008669
2 2 0.008183 0.315424 0.588360 0.000881 0.087152
2 1 0.000505 0.055026 0.937013 0.001178 0.006279
2 2 0.012659 0.260689 0.691900 0.006797 0.027956
2 1 0.002728 0.184309 0.746163 0.003751 0.063049
2 0 0.021834 0.270151 0.674864 0.000944 0.032206
2 1 0.200044 0.274436 0.454894 0.000951 0.069675
4 1 0.043410 0.328446 0.108173 0.000022 0.519949
2 1 0.009716 0.256642 0.453986 0.000157 0.279499
2 2 0.002685 0.153756 0.645363 0.000116 0.198082
2 2 0.000059 0.028018 0.948501 0.007113 0.016310
2 2 0.004897 0.221715 0.539452 0.000700 0.233236
2 2 0.004958 0.223957 0.589848 0.000699 0.180537
2 2 0.000697 0.076722 0.836431 0.000467 0.085684
2 2 0.002079 0.148687 0.699412 0.002168 0.147653
2 2 0.007220 0.207559 0.404376 0.000029 0.380816
2 2 0.000208 0.052737 0.899953 0.011048 0.036054
2 2 0.002470 0.150338 0.631934 0.000212 0.215046
2 2 0.000089 0.026038 0.961690 0.002228 0.009955
2 2 0.000023 0.010122 0.979036 0.007057 0.003762
2 2 0.003387 0.165690 0.582177 0.000232 0.248514
2 2 0.000025 0.012893 0.977547 0.005676 0.003858
2 2 0.000518 0.056970 0.922014 0.000392 0.020107
2 2 0.000128 0.029056 0.955802 0.004512 0.010503
2 2 0.000238 0.061638 0.835568 0.001311 0.101244
2 2 0.000378 0.036279 0.953064 0.000358 0.009921
2 2 0.001955 0.121889 0.782203 0.000333 0.093620
2 2 0.000323 0.048408 0.927648 0.001513 0.022108
2 2 0.001317 0.111283 0.753450 0.001805 0.132145
2 2 0.000022 0.012775 0.979275 0.002721 0.005208
2 2 0.000320 0.044642 0.926909 0.000924 0.027205
2 2 0.002034 0.107265 0.815055 0.000039 0.075607
2 2 0.000821 0.118372 0.798691 0.002206 0.079911
2 2 0.000256 0.043078 0.925553 0.007895 0.023218
2 2 0.003537 0.214058 0.674564 0.001223 0.106618
2 2 0.001370 0.118973 0.814146 0.000527 0.064984
2 2 0.000868 0.108757 0.715321 0.001723 0.173331
2 2 0.000071 0.022530 0.960827 0.005563 0.011008
2 2 0.000117 0.026732 0.958855 0.000557 0.013739
2 2 0.000194 0.040980 0.932730 0.013280 0.012816
2 2 0.000284 0.050742 0.923948 0.005287 0.019739
2 2 0.000066 0.017274 0.959882 0.019761 0.003017
2 2 0.000051 0.021728 0.958878 0.008901 0.010442
2 2 0.000329 0.058768 0.886027 0.029313 0.025563
2 2 0.000415 0.062101 0.872957 0.000992 0.063535
2 2 0.000013 0.006001 0.909051 0.083876 0.001060
2 2 0.000047 0.014708 0.907477 0.074070 0.003698
2 2 0.000028 0.017175 0.943667 0.028599 0.010530
2 2 0.000018 0.005934 0.872317 0.120778 0.000953
2 2 0.000066 0.017765 0.903433 0.074303 0.004433
