0 0 0.649055 0.169287 0.102503 0.017922 0.061233
0 0 0.881604 0.037596 0.011249 0.000629 0.068922
4 0 0.215263 0.052723 0.023516 0.000217 0.708282
4 0 0.152882 0.042123 0.015985 0.000069 0.788942
4 0 0.154024 0.053771 0.025050 0.000734 0.766420
0 0 0.930203 0.013462 0.003602 0.000391 0.052342
0 0 0.805548 0.024105 0.006683 0.000050 0.163614
4 0 0.103390 0.154594 0.117118 0.002468 0.622431
4 0 0.160532 0.008780 0.003327 0.000020 0.827340
4 0 0.135484 0.037896 0.017429 0.000643 0.808547
4 0 0.040340 0.048047 0.020935 0.000060 0.890617
0 0 0.665924 0.117206 0.038354 0.000396 0.178119
4 0 0.219652 0.052522 0.017377 0.000011 0.710438
0 0 0.339200 0.296090 0.262123 0.011728 0.090859
0 0 0.490481 0.096115 0.033518 0.000151 0.379736
4 0 0.348067 0.035120 0.013245 0.000339 0.603229
2 0 0.214184 0.245541 0.340839 0.030557 0.168880
4 0 0.263213 0.164651 0.062093 0.000141 0.509903
4 0 0.110973 0.330541 0.145290 0.000163 0.413034
4 0 0.305206 0.034661 0.011659 0.000012 0.648462
4 0 0.172877 0.265432 0.107239 0.000113 0.454338
4 0 0.064329 0.056938 0.022647 0.000013 0.856073
4 0 0.064779 0.081394 0.034801 0.000027 0.819000
1 0 0.114596 0.428906 0.421377 0.006186 0.028936
1 1 0.169078 0.408173 0.183921 0.001262 0.237567
0 1 0.463316 0.294229 0.095484 0.000282 0.146689
4 1 0.010727 0.281563 0.134283 0.000071 0.573356
4 1 0.165142 0.322876 0.137564 0.000743 0.373675
4 1 0.016575 0.273315 0.129168 0.000071 0.580871
1 4 0.383962 0.389081 0.132289 0.000704 0.093964
4 4 0.141965 0.086765 0.033190 0.000013 0.738066
4 4 0.051559 0.226304 0.100631 0.000104 0.621402
4 4 0.027844 0.073059 0.033650 0.000187 0.865259
1 4 0.017967 0.427011 0.224318 0.000667 0.330037
0 4 0.746472 0.007222 0.001950 0.000023 0.244333
4 4 0.048696 0.032839 0.016127 0.000439 0.901900
4 4 0.195424 0.101239 0.041123 0.000306 0.661908
4 4 0.133676 0.163602 0.071740 0.000278 0.630704
4 4 0.140059 0.050301 0.018510 0.000044 0.791086
4 4 0.055659 0.124735 0.054509 0.000032 0.765065
4 4 0.011805 0.042364 0.017552 0.000008 0.928271
4 4 0.040578 0.126501 0.111086 0.000038 0.721797
4 4 0.216523 0.006223 0.002214 0.000027 0.775013
4 4 0.198908 0.120511 0.050340 0.000343 0.629898
4 4 0.102106 0.307384 0.117746 0.000020 0.472744
4 4 0.046494 0.238855 0.111267 0.000093 0.603291
0 4 0.473048 0.098831 0.032392 0.000060 0.395669
0 0 0.581202 0.293937 0.095991 0.007880 0.020990
0 0 0.806639 0.039604 0.014036 0.007435 0.132285
0 0 0.678861 0.144342 0.055105 0.005924 0.115767
4 0 0.175528 0.259789 0.134997 0.003295 0.426391
0 0 0.979056 0.006696 0.001512 0.000141 0.012595
0 0 0.858233 0.066205 0.018998 0.000548 0.056016
0 0 0.868552 0.017322 0.004613 0.000072 0.109441
0 0 0.674572 0.134490 0.047572 0.001601 0.141766
1 1 0.055508 0.575455 0.206298 0.000045 0.162694
2 1 0.022814 0.440269 0.442556 0.000478 0.093883
1 1 0.032501 0.404664 0.243933 0.000233 0.318669
4 4 0.070045 0.014098 0.005055 0.000001 0.910802
4 4 0.335810 0.138450 0.110715 0.010475 0.404551
4 4 0.187797 0.166025 0.067098 0.000177 0.578904
4 4 0.123346 0.099522 0.044421 0.000253 0.732458
4 4 0.252025 0.225864 0.075265 0.000039 0.446807
1 4 0.107658 0.547722 0.207473 0.000122 0.137025
4 4 0.255060 0.133223 0.053299 0.000140 0.558277
0 4 0.552250 0.130555 0.046555 0.000460 0.270181
1 4 0.284867 0.326165 0.103639 0.000030 0.285298
0 4 0.383976 0.289855 0.133467 0.000572 0.192130
4 4 0.127397 0.311672 0.116828 0.000024 0.444079
4 4 0.142463 0.078894 0.028186 0.000008 0.750449
4 4 0.096930 0.369786 0.156517 0.000049 0.376718
1 4 0.072743 0.520859 0.181222 0.000079 0.225097
0 4 0.574814 0.036097 0.011951 0.000082 0.377056
4 4 0.049469 0.293947 0.139773 0.000127 0.516685
1 4 0.230790 0.418076 0.165246 0.000842 0.185046
0 4 0.904796 0.035526 0.009888 0.000413 0.049377
1 4 0.357677 0.440116 0.163848 0.018542 0.019817
1 4 0.331913 0.437361 0.190582 0.021554 0.018590
0 4 0.793443 0.122045 0.040607 0.006692 0.037214
0 4 0.509412 0.092719 0.033853 0.000313 0.363703
1 4 0.300933 0.312846 0.098258 0.000029 0.287935
4 1 0.106566 0.078419 0.033136 0.000050 0.781829
0 0 0.826523 0.102518 0.032997 0.005489 0.032474
1 0 0.336971 0.433846 0.174621 0.021729 0.032833
4 0 0.204633 0.224903 0.116546 0.003918 0.450000
4 0 0.189617 0.010958 0.003640 0.000002 0.795783
4 0 0.354457 0.049743 0.018631 0.000087 0.577083
4 0 0.186544 0.036426 0.015869 0.000160 0.761001
4 0 0.198667 0.024053 0.009777 0.000074 0.767429
0 0 0.742087 0.050579 0.017927 0.001014 0.188394
4 1 0.164444 0.167625 0.080419 0.000573 0.586939
4 1 0.042069 0.300629 0.148421 0.000353 0.508529
4 4 0.054526 0.105394 0.049296 0.000294 0.790490
4 4 0.171590 0.047288 0.021616 0.000476 0.759029
4 4 0.121332 0.040130 0.017861 0.000218 0.820460
4 4 0.041773 0.223478 0.104902 0.000122 0.629725
4 4 0.108308 0.244983 0.118853 0.000424 0.527432
4 4 0.090395 0.054742 0.023649 0.000060 0.831154
4 4 0.233457 0.141168 0.048994 0.000043 0.576339
1 4 0.237366 0.455644 0.191966 0.003298 0.111726
0 4 0.904886 0.045694 0.013425 0.001488 0.034506
4 4 0.082744 0.331284 0.176669 0.000473 0.408830
4 4 0.066655 0.012383 0.005417 0.000256 0.915289
4 4 0.439000 0.013818 0.004717 0.000048 0.542417
4 4 0.068111 0.062301 0.026181 0.000021 0.843386
0 4 0.906655 0.061904 0.013959 0.000142 0.017340
0 0 0.900643 0.037877 0.012080 0.002614 0.046786
4 1 0.112990 0.076395 0.030874 0.000127 0.779614
0 4 0.441242 0.315086 0.105713 0.000437 0.137522
0 0 0.723599 0.187575 0.059795 0.008139 0.020893
0 0 0.539209 0.163518 0.062675 0.001461 0.233137
4 1 0.147378 0.093061 0.037618 0.000092 0.721852
1 1 0.010036 0.368114 0.308252 0.001576 0.312021
4 1 0.006822 0.215046 0.100233 0.000041 0.677858
4 1 0.012747 0.313040 0.239229 0.000127 0.434857
4 1 0.009847 0.355140 0.212040 0.000307 0.422666
4 1 0.025494 0.048168 0.020727 0.000033 0.905578
4 4 0.007082 0.075672 0.032897 0.000015 0.884334
4 4 0.049904 0.018982 0.007857 0.000030 0.923227
4 4 0.042436 0.019707 0.007891 0.000010 0.929956
4 4 0.026676 0.014334 0.006100 0.000063 0.952826
4 4 0.026213 0.146331 0.067420 0.000093 0.759943
4 4 0.023281 0.196225 0.098080 0.000728 0.681686
4 4 0.015148 0.049903 0.023209 0.000256 0.911484
0 4 0.513073 0.027426 0.008585 0.000087 0.450829
4 4 0.117558 0.011078 0.004441 0.000025 0.866898
4 4 0.087245 0.017635 0.010033 0.000089 0.884998
4 4 0.026761 0.211591 0.095201 0.000030 0.666418
0 4 0.521338 0.011110 0.003142 0.000020 0.464390
4 4 0.074624 0.031173 0.012927 0.000026 0.881251
4 4 0.072598 0.034009 0.015257 0.000257 0.877879
4 4 0.107685 0.014528 0.005890 0.000028 0.871870
4 4 0.011918 0.068344 0.031335 0.000111 0.888292
4 4 0.041835 0.030000 0.012909 0.000062 0.915194
4 4 0.128666 0.100574 0.070993 0.001768 0.697999
4 4 0.008714 0.133433 0.301785 0.001142 0.554926
4 4 0.014845 0.152239 0.070259 0.000070 0.762587
4 4 0.014000 0.229363 0.313645 0.003587 0.439405
4 4 0.025521 0.229429 0.174795 0.002446 0.567810
4 4 0.005331 0.147438 0.129631 0.000127 0.717473
4 4 0.022322 0.171253 0.098291 0.000109 0.708026
2 4 0.003126 0.343092 0.369486 0.002019 0.282278
2 4 0.002874 0.170075 0.716227 0.013282 0.097541
2 1 0.008260 0.306193 0.495665 0.004568 0.185315
4 1 0.022095 0.213500 0.101880 0.000157 0.662367
2 1 0.001032 0.145145 0.762861 0.000168 0.090795
2 1 0.003029 0.170351 0.732877 0.007970 0.085773
2 1 0.001404 0.201896 0.662347 0.004236 0.130116
1 1 0.003972 0.381374 0.241922 0.000165 0.372566
2 1 0.000848 0.119752 0.803230 0.013938 0.062232
2 1 0.003542 0.274303 0.537027 0.007999 0.177128
2 1 0.001786 0.122542 0.782382 0.037589 0.055701
2 1 0.001951 0.258021 0.552850 0.009122 0.178056
2 1 0.004902 0.299414 0.415634 0.004325 0.275725
2 1 0.004284 0.167782 0.559869 0.020020 0.248045
2 1 0.001173 0.226107 0.588191 0.031252 0.153278
2 1 0.007574 0.215546 0.441720 0.021816 0.313344
2 1 0.004276 0.184810 0.522396 0.046409 0.242108
2 1 0.001137 0.071978 0.860013 0.039561 0.027311
2 1 0.004677 0.132349 0.714813 0.024723 0.123438
1 1 0.206080 0.327255 0.153577 0.002082 0.311006
2 1 0.009234 0.157525 0.645105 0.045407 0.142730
2 2 0.001877 0.164894 0.703119 0.011901 0.118208
2 2 0.001097 0.025290 0.968552 0.001591 0.003470
2 2 0.000238 0.033614 0.933359 0.003570 0.029220
2 2 0.000093 0.015089 0.972825 0.009636 0.002356
2 2 0.000023 0.012281 0.981570 0.001596 0.004530
2 2 0.000144 0.015709 0.971296 0.011175 0.001676
2 2 0.000843 0.080729 0.897753 0.000209 0.020467
2 2 0.008094 0.113465 0.723127 0.002997 0.152317
2 2 0.000066 0.026117 0.932453 0.031018 0.010346
2 2 0.004140 0.138437 0.770424 0.029444 0.057555
2 2 0.000200 0.021643 0.967251 0.005767 0.005139
2 2 0.000082 0.020081 0.945165 0.027826 0.006845
2 2 0.000005 0.002282 0.925038 0.072198 0.000477
2 2 0.021021 0.270516 0.576313 0.002971 0.129179
2 2 0.001650 0.038944 0.870511 0.085074 0.003821
2 2 0.022363 0.144466 0.578087 0.033390 0.221694
2 2 0.000321 0.033440 0.950520 0.007065 0.008655
2 2 0.000451 0.022610 0.907815 0.067599 0.001526
2 2 0.003188 0.053463 0.910494 0.024545 0.008311
2 2 0.000115 0.024264 0.962041 0.007008 0.006571
2 2 0.000170 0.018330 0.903285 0.073001 0.005215
2 2 0.000276 0.017929 0.922131 0.056318 0.003347
2 2 0.000004 0.001140 0.583855 0.414938 0.000063
2 2 0.000013 0.002221 0.972629 0.025058 0.000079
2 2 0.001971 0.058010 0.687019 0.205811 0.047190
2 2 0.001087 0.058428 0.764816 0.155483 0.020186
2 2 0.000078 0.004024 0.655733 0.339776 0.000390
2 2 0.000555 0.014520 0.763774 0.219929 0.001221
2 2 0.000008 0.001882 0.852821 0.145261 0.000028
2 2 0.000040 0.009408 0.786747 0.201216 0.002589
3 3 0.000671 0.009313 0.320739 0.668249 0.001028
3 3 0.000879 0.005624 0.194763 0.798268 0.000466
3 3 0.002106 0.012468 0.425903 0.558233 0.001290
3 3 0.001049 0.014840 0.435111 0.548749 0.000251
3 3 0.000143 0.003320 0.395626 0.600479 0.000432
2 3 0.005070 0.034877 0.840641 0.118631 0.000781
3 3 0.007230 0.003883 0.034056 0.950963 0.003869
3 3 0.005476 0.009133 0.073012 0.899206 0.013174
3 3 0.008844 0.054599 0.293340 0.610154 0.033064
3 3 0.003374 0.003857 0.036397 0.954434 0.001938
3 3 0.000904 0.011126 0.365170 0.616397 0.006403
3 3 0.000108 0.000110 0.004637 0.995134 0.000011
3 3 0.000125 0.001486 0.099394 0.898960 0.000035
3 3 0.096003 0.021518 0.113571 0.764287 0.004621
3 3 0.001768 0.017459 0.170467 0.809051 0.001255
3 3 0.004693 0.020442 0.198153 0.773832 0.002881
2 3 0.009267 0.100558 0.512986 0.352663 0.024526
2 3 0.004219 0.117108 0.808452 0.057502 0.012719
2 2 0.005194 0.080657 0.822094 0.058762 0.033292
2 2 0.035251 0.190580 0.643905 0.107470 0.022794
2 2 0.097762 0.156125 0.293675 0.181188 0.271250
1 2 0.204740 0.397834 0.337315 0.040606 0.019505
2 2 0.003261 0.064432 0.831672 0.093321 0.007314
2 2 0.012044 0.180736 0.637397 0.099110 0.070712
2 2 0.001023 0.047521 0.813694 0.113015 0.024748
2 2 0.001683 0.061636 0.835838 0.086290 0.014553
2 2 0.000176 0.025398 0.946475 0.019470 0.008481
2 2 0.000213 0.024848 0.965875 0.006021 0.003043
2 2 0.000923 0.115476 0.818326 0.005868 0.059406
2 2 0.000291 0.025941 0.945516 0.022924 0.005329
2 2 0.001093 0.050643 0.900515 0.039442 0.008307
2 2 0.000137 0.010450 0.744735 0.243860 0.000818
2 2 0.000125 0.012155 0.798080 0.186581 0.003059
2 2 0.000935 0.035531 0.509726 0.426912 0.026895
2 2 0.006441 0.053781 0.666310 0.267207 0.006261
2 2 0.000920 0.028692 0.956043 0.014001 0.000345
2 2 0.002081 0.108229 0.480075 0.370767 0.038848
2 2 0.000047 0.015105 0.883443 0.096489 0.004915
2 2 0.001734 0.098755 0.693603 0.112999 0.092909
2 2 0.000650 0.051756 0.734161 0.190058 0.023375
3 2 0.000111 0.004544 0.324869 0.670423 0.000053
2 2 0.001988 0.052716 0.689998 0.166094 0.089204
3 2 0.000465 0.031156 0.320209 0.637015 0.011155
2 2 0.000008 0.004895 0.797863 0.195903 0.001332
2 2 0.007323 0.081644 0.511402 0.231971 0.167660
2 2 0.000114 0.025490 0.836159 0.129268 0.008969
2 2 0.000031 0.005804 0.853746 0.139075 0.001345
2 2 0.000181 0.019929 0.953456 0.022625 0.003809
2 2 0.000031 0.004969 0.509883 0.483948 0.001170
2 2 0.002412 0.120074 0.660298 0.068901 0.148316
2 2 0.002018 0.084638 0.565053 0.293319 0.054973
3 2 0.000507 0.016031 0.457715 0.512826 0.012921
3 2 0.007952 0.027415 0.261707 0.693334 0.009592
2 2 0.000139 0.015961 0.731738 0.247671 0.004491
2 2 0.000003 0.001845 0.949455 0.048312 0.000385
2 2 0.001105 0.010565 0.730522 0.254942 0.002865
3 2 0.001511 0.010552 0.110293 0.865554 0.012089
3 2 0.000142 0.006066 0.255396 0.736120 0.002276
2 2 0.000001 0.000550 0.912127 0.087228 0.000094
3 3 0.001497 0.017576 0.364011 0.599705 0.017211
2 3 0.003824 0.037417 0.624501 0.323588 0.010670
2 3 0.004883 0.076870 0.536681 0.351608 0.029958
2 3 0.016347 0.132703 0.614621 0.211787 0.024542
4 3 0.079481 0.305382 0.201218 0.017792 0.396128
0 2 0.751520 0.114861 0.037409 0.001171 0.095038
1 1 0.110087 0.550457 0.236306 0.002264 0.100886
2 1 0.008802 0.217487 0.653809 0.050254 0.069647
2 1 0.014755 0.196263 0.598050 0.092868 0.098065
2 1 0.000984 0.061525 0.827075 0.088348 0.022068
2 1 0.003934 0.295402 0.483028 0.000303 0.217332
2 1 0.033562 0.182851 0.586254 0.124353 0.072980
2 2 0.006675 0.152391 0.800033 0.004087 0.036814
2 2 0.000172 0.006923 0.937667 0.055146 0.000092
2 2 0.004802 0.138112 0.703209 0.126151 0.027726
2 2 0.002966 0.057235 0.850972 0.084658 0.004169
2 2 0.004404 0.047606 0.884475 0.060509 0.003006
2 2 0.000171 0.012887 0.876739 0.109661 0.000542
2 2 0.000541 0.024206 0.968837 0.005638 0.000778
2 2 0.002811 0.033811 0.707971 0.252368 0.003038
2 2 0.000071 0.014039 0.975987 0.008527 0.001377
2 2 0.001049 0.024563 0.847124 0.126503 0.000761
1 2 0.203930 0.300125 0.259838 0.049128 0.186979
2 2 0.003112 0.128176 0.792803 0.023794 0.052115
2 2 0.000719 0.036754 0.619813 0.322666 0.020048
2 2 0.000009 0.002575 0.992588 0.004758 0.000070
2 2 0.000002 0.000532 0.841791 0.157664 0.000011
2 2 0.002155 0.101112 0.783763 0.068405 0.044565
2 2 0.001050 0.031288 0.947523 0.018695 0.001444
2 2 0.000010 0.001340 0.994366 0.004276 0.000007
2 2 0.000236 0.013194 0.912985 0.073349 0.000236
2 2 0.000014 0.004973 0.986031 0.008311 0.000671
2 2 0.001082 0.035407 0.718073 0.235540 0.009898
2 2 0.002333 0.091371 0.868371 0.010124 0.027800
2 2 0.018239 0.056820 0.743757 0.176348 0.004836
2 2 0.016544 0.228922 0.606669 0.066854 0.081011
2 2 0.036402 0.320943 0.372728 0.016334 0.253593
4 2 0.039727 0.329204 0.248118 0.030067 0.352884
0 2 0.748768 0.029593 0.011786 0.003508 0.206345
1 2 0.033866 0.414807 0.186680 0.000291 0.364356
2 1 0.030143 0.255001 0.381966 0.016001 0.316889
2 1 0.003759 0.105118 0.692637 0.170624 0.027863
2 2 0.004679 0.162064 0.746333 0.001275 0.085649
2 2 0.010202 0.218571 0.685654 0.008366 0.077207
2 2 0.000775 0.020399 0.966121 0.012103 0.000601
2 2 0.001944 0.028760 0.949034 0.019511 0.000750
2 2 0.001363 0.042423 0.910234 0.041709 0.004271
2 2 0.004130 0.051728 0.936772 0.006954 0.000415
2 2 0.020511 0.173860 0.778685 0.004030 0.022914
2 2 0.000450 0.023571 0.926141 0.045103 0.004734
2 2 0.006632 0.177625 0.605954 0.039007 0.170783
2 2 0.002600 0.195065 0.728570 0.006503 0.067262
2 2 0.072248 0.165436 0.429506 0.004646 0.328164
1 0 0.350005 0.397684 0.170820 0.023979 0.057512
1 1 0.033984 0.436041 0.235327 0.001828 0.292821
1 1 0.010529 0.418502 0.229386 0.001902 0.339680
2 2 0.032623 0.088186 0.336514 0.237749 0.304928
2 2 0.000011 0.001568 0.777878 0.220511 0.000031
2 2 0.000259 0.030799 0.896043 0.062655 0.010244
2 2 0.000579 0.030395 0.946808 0.016923 0.005295
2 2 0.001506 0.136911 0.805056 0.011923 0.044603
2 2 0.002672 0.148004 0.774454 0.014508 0.060362
2 2 0.037961 0.243250 0.659428 0.031416 0.027946
2 2 0.012614 0.281284 0.580029 0.028526 0.097547
2 4 0.026494 0.226650 0.568134 0.045303 0.133418
0 4 0.695783 0.115071 0.038782 0.000855 0.149509
4 4 0.027274 0.359129 0.241285 0.002751 0.369561
0 4 0.416086 0.129380 0.043370 0.000233 0.410931
4 4 0.067139 0.342256 0.162281 0.000419 0.427906
2 4 0.001877 0.219440 0.523987 0.120881 0.133816
2 4 0.003771 0.149728 0.751425 0.029259 0.065817
2 2 0.001377 0.142989 0.737070 0.045829 0.072736
2 2 0.000330 0.033038 0.913642 0.045402 0.007588
2 2 0.004035 0.097367 0.774856 0.067247 0.056495
2 2 0.025345 0.352212 0.477894 0.040879 0.103670
4 2 0.219424 0.231400 0.221214 0.025583 0.302379
4 2 0.010768 0.281513 0.169869 0.000995 0.536854
2 2 0.000366 0.034020 0.777716 0.176741 0.011157
3 2 0.000011 0.001144 0.322844 0.675494 0.000507
2 2 0.001086 0.081920 0.855195 0.007273 0.054525
2 2 0.001062 0.041153 0.932344 0.006940 0.018501
2 2 0.000070 0.011572 0.963454 0.021693 0.003211
2 2 0.000288 0.033583 0.950282 0.003677 0.012169
2 2 0.000420 0.069423 0.841143 0.004126 0.084888
2 2 0.000297 0.039790 0.880460 0.064984 0.014470
2 2 0.000269 0.039742 0.932738 0.006215 0.021035
2 2 0.000085 0.024806 0.959840 0.005662 0.009608
2 2 0.001138 0.061975 0.763633 0.151441 0.021813
2 2 0.012577 0.191572 0.707681 0.008289 0.079882
1 2 0.128208 0.313195 0.307483 0.033472 0.217642
2 2 0.000560 0.037970 0.743581 0.205684 0.012205
2 2 0.001128 0.027794 0.817134 0.152621 0.001323
2 2 0.000036 0.014693 0.945418 0.035602 0.004251
2 2 0.000004 0.001927 0.992670 0.005345 0.000054
2 2 0.000669 0.037649 0.914989 0.037950 0.008742
2 2 0.000682 0.025138 0.963208 0.010285 0.000686
2 2 0.003072 0.037095 0.875296 0.084147 0.000390
2 2 0.000109 0.011162 0.950678 0.036465 0.001586
2 2 0.000023 0.005054 0.987967 0.006577 0.000378
2 2 0.009160 0.139189 0.831607 0.005390 0.014654
2 2 0.017593 0.225961 0.629607 0.020403 0.106435
2 2 0.016368 0.177051 0.652581 0.077739 0.076260
2 2 0.000145 0.032338 0.888760 0.066611 0.012147
2 2 0.000001 0.000390 0.922646 0.076955 0.000008
2 2 0.000006 0.004293 0.954675 0.040261 0.000764
2 2 0.000908 0.217303 0.585850 0.008225 0.187714
2 2 0.001274 0.157436 0.746549 0.001163 0.093579
2 2 0.003239 0.288425 0.503169 0.002554 0.202613
2 2 0.001104 0.214913 0.629371 0.002813 0.151799
4 4 0.004804 0.160272 0.119896 0.001716 0.713311
4 4 0.024232 0.214217 0.108389 0.000958 0.652205
4 4 0.083377 0.125924 0.125251 0.001076 0.664372
4 4 0.086532 0.033089 0.014306 0.000092 0.865982
4 4 0.021883 0.149302 0.068986 0.000090 0.759738
4 4 0.046876 0.107445 0.052607 0.001074 0.791998
2 4 0.001805 0.273268 0.399229 0.003293 0.322405
4 4 0.012048 0.208890 0.109991 0.002297 0.666774
4 4 0.049083 0.070244 0.041461 0.002081 0.837130
4 4 0.019353 0.092897 0.042785 0.000124 0.844841
4 4 0.007946 0.221708 0.187420 0.004582 0.578344
4 4 0.012231 0.076724 0.040187 0.005735 0.865123
4 4 0.036195 0.008172 0.003700 0.000747 0.951186
4 4 0.089405 0.021724 0.009453 0.000160 0.879258
4 4 0.022167 0.080171 0.061493 0.001191 0.834978
4 4 0.028623 0.036160 0.021177 0.000912 0.913127
4 4 0.064618 0.044219 0.020493 0.000526 0.870144
4 4 0.038639 0.031773 0.013116 0.000016 0.916457
2 4 0.059906 0.323175 0.350959 0.009476 0.256484
4 4 0.036580 0.138171 0.222251 0.002176 0.600822
4 4 0.083768 0.178067 0.090951 0.002846 0.644368
4 4 0.018081 0.278375 0.126468 0.000022 0.577054
1 4 0.008793 0.408323 0.202484 0.000083 0.380317
4 4 0.024797 0.243660 0.149781 0.000995 0.580767
4 4 0.009328 0.182599 0.089157 0.000093 0.718823
4 4 0.012061 0.012205 0.005368 0.000129 0.970237
4 4 0.007425 0.269174 0.205408 0.003835 0.514157
4 4 0.009210 0.133356 0.095167 0.000087 0.762180
4 4 0.015926 0.135268 0.060548 0.000033 0.788225
4 4 0.009419 0.093274 0.041530 0.000030 0.855747
2 1 0.002322 0.244011 0.587344 0.008886 0.157437
2 1 0.001914 0.210089 0.644219 0.017566 0.126213
2 1 0.003816 0.228071 0.387430 0.000979 0.379703
2 1 0.000631 0.292642 0.422162 0.007468 0.277096
2 1 0.000751 0.108607 0.750755 0.082655 0.057233
2 1 0.000894 0.098447 0.801574 0.054215 0.044871
2 1 0.001441 0.115155 0.815522 0.014421 0.053461
2 1 0.000016 0.012810 0.969505 0.012832 0.004836
2 2 0.006631 0.176791 0.556429 0.033789 0.226360
1 2 0.029905 0.351936 0.338443 0.004529 0.275187
1 2 0.117008 0.391040 0.184855 0.000736 0.306362
2 2 0.043259 0.196685 0.425672 0.208049 0.126335
2 2 0.010317 0.350423 0.503642 0.025761 0.109857
2 2 0.002702 0.171277 0.696203 0.044865 0.084953
2 2 0.000584 0.074073 0.880809 0.021180 0.023354
2 2 0.001534 0.022498 0.970542 0.005118 0.000308
2 2 0.000049 0.015216 0.925032 0.055457 0.004246
2 2 0.000507 0.045648 0.943797 0.001579 0.008469
2 2 0.012437 0.209233 0.672538 0.032389 0.073404
2 2 0.004180 0.078713 0.869776 0.044832 0.002499
2 2 0.000404 0.066313 0.899192 0.008369 0.025722
2 2 0.000492 0.024020 0.970970 0.003901 0.000617
2 2 0.000207 0.010192 0.899406 0.089887 0.000308
2 2 0.001690 0.021729 0.924088 0.052139 0.000354
2 2 0.000631 0.089816 0.842819 0.024474 0.042260
2 2 0.000112 0.010135 0.976246 0.012891 0.000615
2 2 0.000149 0.012113 0.935698 0.051293 0.000748
2 0 0.028134 0.170083 0.771121 0.017897 0.012766
2 0 0.033627 0.144681 0.759040 0.056118 0.006533
0 1 0.557440 0.072369 0.033603 0.009111 0.327477
1 1 0.086655 0.475779 0.180018 0.000162 0.257385
0 1 0.904963 0.071198 0.016992 0.001752 0.005095
4 1 0.059611 0.146869 0.189341 0.010839 0.593340
2 1 0.004122 0.098483 0.786364 0.090747 0.020285
2 1 0.030928 0.261775 0.607450 0.064139 0.035709
1 1 0.259565 0.272905 0.188775 0.032517 0.246237
2 1 0.006417 0.201624 0.685802 0.009215 0.096942
2 1 0.000800 0.116797 0.746498 0.077129 0.058777
2 1 0.000382 0.034488 0.781258 0.148866 0.035007
2 1 0.000848 0.028626 0.952543 0.016314 0.001669
2 2 0.001261 0.058215 0.927222 0.004633 0.008669
2 2 0.000293 0.024488 0.963258 0.004640 0.007320
2 2 0.000573 0.033972 0.955969 0.003735 0.005751
2 2 0.000003 0.002826 0.982602 0.013905 0.000663
2 2 0.000316 0.082112 0.860058 0.015271 0.042243
2 2 0.128284 0.191798 0.655777 0.016858 0.007283
2 2 0.013257 0.192353 0.708156 0.025171 0.061063
2 2 0.000597 0.059764 0.907615 0.018906 0.013119
2 2 0.001526 0.102235 0.826226 0.019327 0.050686
2 2 0.001381 0.050675 0.898122 0.039401 0.010421
2 2 0.043202 0.200504 0.642656 0.056383 0.057255
2 2 0.008345 0.282723 0.539907 0.000276 0.168749
2 2 0.024785 0.295373 0.383233 0.011420 0.285188
2 2 0.007869 0.171363 0.773006 0.006756 0.041007
2 2 0.001049 0.035652 0.933145 0.027407 0.002747
2 2 0.000002 0.001868 0.995320 0.002566 0.000243
2 2 0.000011 0.008633 0.981704 0.006672 0.002980
2 2 0.000020 0.005711 0.876124 0.116730 0.001415
2 2 0.000175 0.028200 0.843296 0.118705 0.009624
2 2 0.000008 0.003468 0.942424 0.053423 0.000677
2 2 0.000008 0.002143 0.917166 0.079740 0.000944
2 2 0.000567 0.076820 0.814974 0.061824 0.045814
2 2 0.004397 0.053291 0.750939 0.171875 0.019497
2 2 0.000610 0.017981 0.785443 0.193055 0.002910
2 2 0.000005 0.000755 0.700078 0.299032 0.000130
2 2 0.000001 0.000339 0.824116 0.175535 0.000008
2 2 0.000009 0.000804 0.532697 0.466486 0.000004
3 2 0.000001 0.000058 0.037240 0.962700 0.000001
3 2 0.000471 0.009670 0.448645 0.531331 0.009883
2 3 0.002635 0.013891 0.547046 0.435079 0.001349
3 3 0.000007 0.000655 0.206181 0.792935 0.000223
3 3 0.000117 0.001696 0.101047 0.895797 0.001343
3 3 0.002019 0.005447 0.117710 0.872798 0.002026
3 3 0.000324 0.000841 0.024896 0.973795 0.000144
3 3 0.001850 0.001869 0.042764 0.953294 0.000223
3 3 0.000002 0.000022 0.014980 0.984995 0.000000
3 3 0.000000 0.000006 0.008923 0.991070 0.000000
3 3 0.000000 0.000001 0.001059 0.998940 0.000000
3 3 0.001328 0.001641 0.035991 0.958909 0.002131
3 3 0.001485 0.001656 0.013891 0.982174 0.000794
3 3 0.000002 0.000012 0.003232 0.996753 0.000001
3 3 0.000037 0.000168 0.007048 0.992689 0.000057
3 3 0.000128 0.000208 0.013610 0.986040 0.000014
3 3 0.000049 0.000092 0.008406 0.991441 0.000012
3 3 0.000929 0.000101 0.002814 0.996150 0.000006
3 3 0.000348 0.000582 0.024235 0.974583 0.000252
3 3 0.000002 0.000002 0.000707 0.999288 0.000000
3 3 0.000035 0.000027 0.001707 0.998224 0.000006
3 3 0.000004 0.000006 0.000808 0.999181 0.000000
3 3 0.000437 0.000075 0.001908 0.997567 0.000013
3 3 0.008061 0.001055 0.013280 0.977543 0.000062
3 3 0.000001 0.000001 0.000202 0.999796 0.000000
3 3 0.000000 0.000001 0.000456 0.999543 0.000000
3 3 0.000001 0.000004 0.001681 0.998315 0.000000
3 3 0.000047 0.000017 0.004092 0.995845 0.000000
3 3 0.040414 0.001560 0.005718 0.952089 0.000219
3 3 0.000008 0.000012 0.004457 0.995522 0.000000
3 3 0.013336 0.012435 0.024810 0.946936 0.002483
3 3 0.005551 0.005776 0.054478 0.933509 0.000687
2 3 0.007071 0.021939 0.638728 0.331400 0.000861
3 3 0.004058 0.007705 0.089586 0.898112 0.000538
2 3 0.041318 0.158930 0.685553 0.111559 0.002639
2 2 0.010064 0.097108 0.590905 0.288593 0.013331
2 2 0.288103 0.205327 0.369019 0.041653 0.095898
2 2 0.015558 0.250087 0.555096 0.016097 0.163162
2 2 0.005959 0.019331 0.592024 0.375311 0.007376
2 2 0.000228 0.008003 0.848404 0.143097 0.000269
3 2 0.001547 0.009442 0.470091 0.511846 0.007074
2 2 0.000106 0.014697 0.955815 0.026614 0.002768
2 2 0.000279 0.023945 0.852254 0.116507 0.007015
2 2 0.000106 0.025798 0.932281 0.033572 0.008244
3 2 0.000009 0.000905 0.357188 0.641842 0.000056
2 2 0.000010 0.002517 0.776107 0.221266 0.000101
2 2 0.000002 0.001046 0.679240 0.319520 0.000192
2 2 0.000431 0.012812 0.927399 0.059100 0.000257
2 2 0.000096 0.005675 0.532910 0.459608 0.001711
2 2 0.000007 0.002543 0.894804 0.101571 0.001074
2 2 0.000001 0.001201 0.984596 0.013943 0.000259
2 2 0.007398 0.079127 0.696361 0.037160 0.179953
2 2 0.000273 0.066529 0.878237 0.006016 0.048945
2 2 0.001639 0.067460 0.687394 0.128628 0.114878
2 2 0.001331 0.132678 0.791610 0.005836 0.068545
2 2 0.002741 0.065371 0.854953 0.067262 0.009673
2 2 0.095619 0.220461 0.566321 0.087672 0.029926
1 0 0.157765 0.384203 0.298361 0.006535 0.153136
0 0 0.714867 0.076799 0.031301 0.007454 0.169579
0 1 0.376875 0.186882 0.095146 0.038211 0.302886
0 1 0.421205 0.351093 0.167480 0.022642 0.037580
4 1 0.113663 0.080059 0.037371 0.000491 0.768416
2 1 0.009568 0.147148 0.472490 0.178541 0.192252
2 1 0.003061 0.215681 0.639803 0.021044 0.120411
2 1 0.000159 0.029904 0.877396 0.081885 0.010658
2 2 0.000525 0.095573 0.621151 0.234788 0.047963
2 2 0.000255 0.023812 0.932708 0.037060 0.006164
2 2 0.000232 0.027996 0.945397 0.018088 0.008287
2 2 0.001910 0.142219 0.661183 0.007292 0.187397
2 2 0.002264 0.168938 0.677118 0.009920 0.141760
2 2 0.001547 0.082700 0.840524 0.028829 0.046400
2 2 0.001217 0.066281 0.863103 0.026795 0.042604
2 2 0.000151 0.015442 0.974109 0.009218 0.001080
2 2 0.000010 0.006130 0.950908 0.041181 0.001771
2 2 0.001687 0.062876 0.864115 0.028530 0.042793
2 2 0.000347 0.146132 0.747434 0.005104 0.100983
2 2 0.000284 0.035201 0.928225 0.023849 0.012441
2 2 0.000025 0.009091 0.920981 0.067238 0.002666
2 2 0.000335 0.018281 0.597512 0.368044 0.015827
2 2 0.000055 0.015581 0.974780 0.005924 0.003660
2 2 0.000039 0.013163 0.973477 0.008962 0.004358
2 2 0.000273 0.051029 0.766646 0.160967 0.021085
2 2 0.000242 0.033890 0.890032 0.063940 0.011896
2 2 0.000141 0.021935 0.871688 0.099278 0.006958
2 2 0.000366 0.041744 0.942163 0.007627 0.008099
2 2 0.000498 0.072526 0.868943 0.025888 0.032144
2 2 0.000010 0.005114 0.783103 0.210827 0.000946
2 2 0.001648 0.028782 0.765708 0.197316 0.006546
2 2 0.000064 0.007716 0.578211 0.412119 0.001890
2 2 0.007044 0.115904 0.620801 0.139539 0.116713
2 2 0.000207 0.013511 0.853282 0.131486 0.001515
2 2 0.008413 0.147058 0.713404 0.107157 0.023968
2 2 0.002498 0.058399 0.893099 0.041448 0.004556
2 2 0.000205 0.013890 0.555933 0.428604 0.001368
2 2 0.000844 0.046942 0.754550 0.186013 0.011650
2 2 0.000010 0.004365 0.934573 0.060211 0.000841
2 2 0.000985 0.038493 0.664272 0.284772 0.011478
2 2 0.003497 0.202168 0.662373 0.026190 0.105772
4 2 0.107446 0.214059 0.113337 0.000277 0.564882
2 2 0.000189 0.026217 0.707558 0.257325 0.008710
2 2 0.000669 0.038922 0.801006 0.147234 0.012169
2 2 0.000083 0.012761 0.924827 0.059250 0.003079
2 2 0.000629 0.075500 0.885268 0.004354 0.034248
2 2 0.000107 0.009135 0.947958 0.042033 0.000767
2 2 0.000023 0.007650 0.686597 0.303578 0.002152
2 2 0.000276 0.038694 0.923139 0.017423 0.020467
2 2 0.001413 0.072007 0.899944 0.001278 0.025358
2 2 0.015930 0.109221 0.752059 0.113025 0.009765
1 2 0.279549 0.473679 0.178607 0.002396 0.065769
2 1 0.003901 0.213787 0.713397 0.000132 0.068783
2 1 0.005874 0.357812 0.383562 0.020700 0.232052
2 1 0.001688 0.050905 0.853603 0.090844 0.002960
3 1 0.001155 0.045014 0.402193 0.543376 0.008262
2 2 0.024547 0.386301 0.394709 0.011781 0.182661
2 2 0.001186 0.127293 0.666800 0.142089 0.062631
2 2 0.007283 0.230859 0.626921 0.019983 0.114954
2 2 0.020038 0.218611 0.739603 0.003452 0.018296
2 2 0.006365 0.230057 0.624755 0.021968 0.116855
1 2 0.013239 0.392304 0.319823 0.003523 0.271111
1 2 0.068505 0.495534 0.248581 0.004171 0.183209
1 4 0.077829 0.528866 0.352137 0.000252 0.040916
2 4 0.010851 0.318643 0.579506 0.001112 0.089888
2 4 0.013511 0.323972 0.459196 0.024182 0.179139
2 4 0.004439 0.258950 0.576235 0.013244 0.147131
2 4 0.012248 0.244083 0.643610 0.051568 0.048490
1 4 0.372945 0.402031 0.156977 0.007456 0.060591
0 4 0.444568 0.104263 0.044000 0.001340 0.405828
4 4 0.053307 0.304031 0.150328 0.002063 0.490271
4 4 0.020976 0.257584 0.143657 0.012501 0.565283
4 4 0.033898 0.119364 0.057371 0.000775 0.788592
4 4 0.203062 0.162549 0.059713 0.000053 0.574623
4 4 0.013439 0.272058 0.144729 0.002249 0.567526
2 4 0.001797 0.206157 0.582051 0.005188 0.204806
2 4 0.001532 0.177608 0.700708 0.019211 0.100940
2 4 0.004389 0.315717 0.391822 0.000152 0.287919
4 4 0.011198 0.294053 0.215896 0.000628 0.478226
4 4 0.004934 0.205971 0.100999 0.000170 0.687927
4 4 0.006635 0.275067 0.151386 0.000134 0.566778
4 4 0.021705 0.161543 0.095005 0.000440 0.721308
4 4 0.022612 0.187749 0.107732 0.002439 0.679469
4 4 0.036293 0.014900 0.006035 0.000016 0.942757
4 4 0.038574 0.024241 0.013601 0.001131 0.922453
4 4 0.010460 0.254825 0.133576 0.001406 0.599734
4 4 0.006797 0.121215 0.057809 0.000159 0.814020
4 4 0.021007 0.033323 0.014572 0.000065 0.931032
4 4 0.049310 0.017258 0.007314 0.000065 0.926052
4 4 0.112504 0.008969 0.003710 0.000075 0.874742
4 4 0.008922 0.011497 0.005099 0.000148 0.974335
4 4 0.060289 0.052540 0.023699 0.000193 0.863279
4 4 0.010924 0.051172 0.022249 0.000027 0.915628
4 4 0.029066 0.061016 0.027773 0.000157 0.881988
4 4 0.021860 0.046128 0.020974 0.000167 0.910870
4 4 0.207058 0.156076 0.076685 0.001335 0.558846
4 4 0.068354 0.042941 0.018206 0.000037 0.870462
4 4 0.021431 0.188434 0.098428 0.002773 0.688933
4 4 0.023379 0.118265 0.056533 0.000334 0.801488
4 4 0.009240 0.329879 0.187759 0.000820 0.472302
4 4 0.014066 0.162626 0.080920 0.000614 0.741773
4 4 0.016609 0.206293 0.103833 0.000709 0.672557
4 4 0.007079 0.041767 0.019745 0.000325 0.931084
4 4 0.012571 0.282815 0.145925 0.000815 0.557875
4 4 0.020851 0.019486 0.008444 0.000076 0.951143
4 4 0.022057 0.282238 0.214541 0.001301 0.479863
4 4 0.009316 0.311258 0.168299 0.002391 0.508736
4 4 0.031417 0.025345 0.011178 0.000130 0.931930
4 4 0.036593 0.062031 0.027047 0.000047 0.874282
4 4 0.196331 0.120218 0.145021 0.008670 0.529761
4 4 0.007437 0.280857 0.315485 0.001249 0.394972
4 4 0.013073 0.262874 0.128683 0.000075 0.595296
4 4 0.068925 0.021913 0.009529 0.000139 0.899495
4 4 0.058737 0.118614 0.053109 0.000072 0.769467
4 4 0.020157 0.217744 0.104648 0.000181 0.657271
1 4 0.003964 0.386557 0.235868 0.000382 0.373229
4 4 0.013635 0.280818 0.135731 0.000121 0.569696
4 4 0.054381 0.009216 0.003618 0.000011 0.932774
4 4 0.026468 0.020447 0.008892 0.000092 0.944101
4 4 0.019736 0.192266 0.091797 0.000172 0.696029
2 4 0.007614 0.258330 0.372269 0.001131 0.360657
4 4 0.002007 0.308792 0.147185 0.000024 0.541993
4 4 0.011331 0.241603 0.123468 0.000739 0.622859
4 1 0.001775 0.363923 0.181425 0.000063 0.452814
4 1 0.005154 0.285716 0.273230 0.000500 0.435401
4 1 0.004893 0.271197 0.133475 0.000128 0.590307
4 1 0.009098 0.226232 0.112017 0.000279 0.652374
2 1 0.001098 0.325343 0.355016 0.001971 0.316573
4 1 0.002246 0.269551 0.314320 0.002306 0.411577
4 1 0.004312 0.348919 0.247049 0.002689 0.397031
2 1 0.001350 0.302307 0.421835 0.000559 0.273949
2 1 0.002596 0.326260 0.391192 0.000440 0.279511
2 1 0.002418 0.266355 0.542726 0.006278 0.182224
2 1 0.002712 0.281223 0.427888 0.005736 0.282441
4 1 0.011332 0.209492 0.135954 0.000463 0.642759
2 1 0.000911 0.131082 0.773797 0.005657 0.088553
2 1 0.000519 0.120309 0.803350 0.005990 0.069832
4 1 0.006643 0.211675 0.105700 0.000333 0.675648
2 1 0.029984 0.258055 0.580329 0.043121 0.088512
4 1 0.051377 0.096966 0.044369 0.000159 0.807129
2 1 0.011301 0.352305 0.398126 0.000733 0.237535
2 1 0.001471 0.226642 0.612269 0.002912 0.156705
2 1 0.011938 0.198000 0.674083 0.069542 0.046437
2 1 0.004331 0.299344 0.489560 0.002788 0.203976
4 1 0.016119 0.192989 0.093447 0.000236 0.697209
2 1 0.013415 0.250323 0.505572 0.018477 0.212212
0 0 0.749554 0.181876 0.052187 0.006257 0.010125
0 0 0.957209 0.013468 0.003511 0.000389 0.025422
0 0 0.857065 0.063400 0.021266 0.004269 0.054000
0 0 0.449416 0.080075 0.035133 0.001912 0.433464
0 0 0.329318 0.276184 0.182042 0.034118 0.178338
0 0 0.832440 0.061021 0.035051 0.000797 0.070691
4 0 0.116931 0.187875 0.083627 0.000102 0.611465
1 0 0.099418 0.449909 0.356218 0.000253 0.094202
4 1 0.204264 0.076674 0.035125 0.000343 0.683593
4 1 0.055572 0.176976 0.094644 0.009559 0.663249
2 1 0.013909 0.231460 0.469516 0.065267 0.219848
2 1 0.012227 0.252703 0.393180 0.007993 0.333897
4 1 0.055551 0.158224 0.081590 0.003674 0.700960
4 1 0.019396 0.284903 0.162331 0.001798 0.531572
1 1 0.050685 0.337071 0.281092 0.004579 0.326573
4 1 0.026265 0.142213 0.069405 0.000548 0.761569
4 1 0.046834 0.315742 0.157844 0.000490 0.479089
4 1 0.033831 0.141846 0.157319 0.000866 0.666138
4 1 0.035205 0.197661 0.102743 0.002879 0.661511
4 4 0.046978 0.239137 0.116754 0.000384 0.596747
4 4 0.145758 0.105086 0.046907 0.000288 0.701961
4 4 0.051774 0.106928 0.048075 0.000085 0.793137
4 4 0.009427 0.312421 0.221778 0.001243 0.455130
4 4 0.008193 0.210647 0.101272 0.000119 0.679768
4 4 0.057045 0.070705 0.029615 0.000033 0.842602
2 4 0.078840 0.332331 0.443523 0.002804 0.142502
4 4 0.266269 0.237043 0.131668 0.025551 0.339469
2 4 0.005632 0.197691 0.719288 0.002966 0.074423
4 4 0.019004 0.209462 0.116273 0.013972 0.641290
2 4 0.003116 0.096847 0.653496 0.203145 0.043396
2 2 0.002533 0.089069 0.876121 0.007831 0.024446
2 2 0.000264 0.024164 0.963096 0.011601 0.000875
2 2 0.001604 0.054510 0.934502 0.003342 0.006042
2 2 0.003740 0.123035 0.856230 0.001024 0.015971
2 2 0.006392 0.171824 0.762954 0.000577 0.058254
1 2 0.045109 0.466250 0.263922 0.000085 0.224634
2 2 0.000054 0.008107 0.971439 0.020285 0.000115
2 2 0.000097 0.025198 0.961306 0.007248 0.006150
2 2 0.000746 0.050983 0.930269 0.005425 0.012576
2 2 0.000270 0.022357 0.974046 0.001487 0.001840
2 2 0.000674 0.017125 0.980208 0.001903 0.000090
2 2 0.000092 0.014863 0.967345 0.016000 0.001700
2 2 0.001289 0.095102 0.887504 0.000567 0.015538
2 2 0.000962 0.034489 0.959611 0.003946 0.000992
2 2 0.001533 0.146483 0.773482 0.014371 0.064131
2 2 0.000029 0.007061 0.988134 0.003674 0.001102
2 2 0.001885 0.114485 0.856780 0.002642 0.024208
2 2 0.001750 0.039893 0.947624 0.009048 0.001685
2 2 0.000059 0.007382 0.979409 0.012601 0.000549
2 2 0.001050 0.074173 0.885463 0.018192 0.021122
2 2 0.000157 0.030506 0.880477 0.077863 0.010997
2 2 0.001891 0.078671 0.908551 0.003648 0.007239
2 2 0.002716 0.104620 0.857038 0.023444 0.012182
2 2 0.000026 0.006572 0.934141 0.058402 0.000858
2 2 0.003209 0.058740 0.912668 0.022317 0.003066
2 2 0.000002 0.000536 0.573298 0.426138 0.000027
2 2 0.000244 0.034135 0.911878 0.036984 0.016759
2 2 0.000528 0.014015 0.677999 0.306708 0.000749
2 2 0.000010 0.003770 0.772463 0.223353 0.000404
2 2 0.000012 0.002456 0.587002 0.410455 0.000075
2 2 0.000011 0.003129 0.587152 0.409331 0.000377
3 2 0.000007 0.000054 0.013498 0.986438 0.000003
3 3 0.000051 0.005252 0.146134 0.847204 0.001359
3 3 0.007378 0.029652 0.150899 0.767658 0.044413
3 3 0.000004 0.000792 0.273575 0.725606 0.000023
3 3 0.000000 0.000007 0.071695 0.928298 0.000000
3 3 0.001179 0.004608 0.157114 0.836079 0.001019
3 3 0.003475 0.007155 0.081083 0.886063 0.022224
3 3 0.000003 0.000195 0.046262 0.953534 0.000005
3 3 0.001218 0.001745 0.046482 0.950310 0.000245
3 3 0.000030 0.000133 0.012836 0.986994 0.000008
3 3 0.000254 0.000752 0.020244 0.978711 0.000038
3 3 0.000003 0.000057 0.022741 0.977196 0.000003
3 3 0.000331 0.000159 0.004424 0.995063 0.000023
3 3 0.000029 0.000073 0.005134 0.994753 0.000011
3 3 0.000188 0.000084 0.004097 0.995606 0.000025
3 3 0.000442 0.000268 0.012120 0.987157 0.000013
3 3 0.000133 0.000126 0.004151 0.995547 0.000043
3 3 0.000657 0.000386 0.006763 0.992094 0.000100
3 3 0.003672 0.001664 0.014551 0.979533 0.000580
3 3 0.000030 0.000032 0.002325 0.997613 0.000001
3 3 0.000002 0.000004 0.001369 0.998625 0.000000
3 3 0.000106 0.000061 0.003263 0.996568 0.000002
3 3 0.004350 0.001716 0.029681 0.964180 0.000074
3 3 0.013311 0.001828 0.009932 0.974788 0.000141
3 3 0.000348 0.000193 0.003008 0.996425 0.000027
3 3 0.000010 0.000050 0.003885 0.996053 0.000001
3 3 0.000018 0.000044 0.002368 0.997563 0.000007
3 3 0.000013 0.000014 0.001333 0.998640 0.000000
3 3 0.000152 0.000141 0.002132 0.997571 0.000004
3 3 0.000180 0.000066 0.002856 0.996895 0.000003
3 3 0.001073 0.000176 0.002899 0.995842 0.000010
3 3 0.068992 0.004535 0.011690 0.912567 0.002216
3 3 0.000024 0.000037 0.006270 0.993669 0.000001
3 3 0.000048 0.000044 0.000581 0.999281 0.000047
3 3 0.000000 0.000001 0.001093 0.998906 0.000000
3 3 0.096399 0.007399 0.025635 0.869612 0.000956
3 3 0.000004 0.000018 0.002906 0.997071 0.000001
3 3 0.000000 0.000000 0.000351 0.999649 0.000000
3 3 0.000012 0.000006 0.000985 0.998997 0.000000
3 3 0.000000 0.000000 0.000073 0.999927 0.000000
3 3 0.000000 0.000001 0.000531 0.999468 0.000000
3 3 0.000283 0.000029 0.000826 0.998859 0.000002
3 3 0.000165 0.000084 0.007883 0.991865 0.000004
3 3 0.000205 0.000105 0.010039 0.989649 0.000002
3 3 0.000174 0.000065 0.001724 0.998029 0.000008
3 3 0.000324 0.001312 0.009233 0.989031 0.000101
3 3 0.013235 0.009147 0.039402 0.937314 0.000902
0 0 0.941795 0.033576 0.009522 0.003321 0.011786
1 0 0.278674 0.453945 0.197258 0.025667 0.044456
3 1 0.025302 0.053986 0.199485 0.479805 0.241421
2 1 0.063298 0.240714 0.515922 0.091656 0.088411
2 1 0.109053 0.261926 0.534321 0.073992 0.020708
4 1 0.087189 0.073876 0.078256 0.193272 0.567407
2 1 0.095309 0.287403 0.353228 0.239799 0.024262
1 1 0.200958 0.466899 0.226218 0.018563 0.087361
0 1 0.400550 0.292509 0.137169 0.024289 0.145484
2 1 0.052487 0.285457 0.384304 0.058957 0.218794
4 1 0.012393 0.109001 0.056108 0.002451 0.820047
4 1 0.008905 0.321252 0.300827 0.015753 0.353262
2 1 0.005571 0.164193 0.428714 0.082378 0.319144
2 1 0.001121 0.073954 0.600004 0.295725 0.029196
2 1 0.010108 0.297176 0.507441 0.022161 0.163114
2 1 0.000777 0.181960 0.684065 0.013976 0.119223
2 1 0.000779 0.136162 0.741888 0.030371 0.090800
2 1 0.001654 0.229952 0.608540 0.006148 0.153705
2 1 0.000960 0.211911 0.601284 0.043272 0.142573
4 1 0.002720 0.236885 0.119433 0.000236 0.640726
4 1 0.005264 0.113077 0.055005 0.000270 0.826384
1 1 0.002502 0.361084 0.300760 0.001398 0.334256
4 1 0.007104 0.297976 0.193626 0.000922 0.500372
2 1 0.003186 0.252370 0.411677 0.009056 0.323711
2 1 0.001472 0.180586 0.677125 0.037902 0.102915
1 1 0.002551 0.351803 0.339272 0.004757 0.301616
2 1 0.003395 0.238637 0.595024 0.024586 0.138357
2 1 0.001016 0.271499 0.411443 0.059050 0.256991
2 1 0.000723 0.117395 0.766383 0.055042 0.060456
2 1 0.001521 0.214359 0.596140 0.001576 0.186403
4 1 0.003495 0.288995 0.146779 0.000248 0.560483
1 1 0.002962 0.358552 0.329853 0.013421 0.295211
4 1 0.006169 0.321257 0.332715 0.006207 0.333653
4 1 0.007765 0.214287 0.121178 0.000819 0.655950
4 4 0.025578 0.057306 0.025288 0.000061 0.891768
4 4 0.022099 0.040372 0.018126 0.000128 0.919275
4 4 0.024085 0.208187 0.107796 0.001987 0.657945
4 4 0.021394 0.066742 0.030403 0.000127 0.881334
4 4 0.012127 0.187450 0.099413 0.003286 0.697724
4 4 0.007862 0.057851 0.027762 0.000411 0.906114
4 4 0.023917 0.189855 0.095091 0.000819 0.690318
4 4 0.032034 0.297171 0.156718 0.002293 0.511785
4 4 0.008535 0.328272 0.266538 0.011345 0.385309
2 4 0.001628 0.282104 0.493139 0.008348 0.214780
4 4 0.007418 0.157234 0.072720 0.000050 0.762579
1 4 0.022044 0.417504 0.271026 0.001695 0.287731
4 4 0.007340 0.232988 0.109686 0.000052 0.649935
4 4 0.003542 0.387453 0.210844 0.001077 0.397083
