0 0 0.787435 0.121271 0.050968 0.000038 0.040288
0 0 0.808519 0.147020 0.025736 0.000002 0.018724
0 0 0.498161 0.250130 0.216731 0.000985 0.033993
2 1 0.043561 0.415376 0.480872 0.000752 0.059439
2 1 0.045563 0.270140 0.386794 0.000892 0.296610
2 1 0.002309 0.019449 0.934124 0.001769 0.042350
2 1 0.077918 0.171509 0.552625 0.000451 0.197497
2 1 0.016367 0.148577 0.674638 0.001176 0.159242
2 2 0.026724 0.022705 0.914157 0.000896 0.035519
2 2 0.033279 0.072991 0.814648 0.002348 0.076734
2 2 0.002779 0.013522 0.940837 0.003966 0.038896
2 2 0.031653 0.046595 0.701708 0.006910 0.213135
2 2 0.030330 0.040116 0.835662 0.000696 0.093196
2 2 0.003845 0.020047 0.965542 0.000952 0.009613
2 2 0.001978 0.017606 0.949053 0.001052 0.030311
2 2 0.017343 0.118616 0.765971 0.083963 0.014108
2 2 0.106410 0.212196 0.553204 0.004365 0.123825
2 2 0.078674 0.073542 0.741460 0.007489 0.098835
2 2 0.072197 0.041553 0.842422 0.021710 0.022118
1 2 0.115236 0.445866 0.261269 0.000515 0.177113
4 2 0.174924 0.182608 0.248762 0.001127 0.392580
2 2 0.146337 0.221733 0.556944 0.004156 0.070829
0 2 0.421770 0.048186 0.353993 0.006512 0.169540
2 2 0.041291 0.022145 0.922618 0.000329 0.013617
2 2 0.004167 0.023547 0.944189 0.002772 0.025325
2 2 0.000293 0.004541 0.987754 0.005255 0.002157
2 2 0.005141 0.028665 0.821801 0.057593 0.086800
2 2 0.000018 0.001522 0.996131 0.001747 0.000582
2 2 0.433340 0.056091 0.485394 0.005675 0.019499
2 2 0.009285 0.028290 0.935010 0.003656 0.023758
2 2 0.001848 0.017164 0.959369 0.001283 0.020336
2 2 0.072847 0.058500 0.785957 0.008136 0.074560
2 2 0.019321 0.037125 0.935941 0.004933 0.002680
2 2 0.012206 0.018225 0.965897 0.001035 0.002637
2 2 0.146753 0.164893 0.544769 0.001815 0.141770
2 2 0.266706 0.261186 0.273904 0.000078 0.198125
1 2 0.353439 0.364091 0.116681 0.000004 0.165784
0 2 0.407737 0.185761 0.206435 0.000446 0.199621
0 2 0.556740 0.140872 0.072311 0.000133 0.229944
2 1 0.194875 0.101928 0.376321 0.000351 0.326526
4 1 0.164940 0.088803 0.226283 0.001112 0.518863
2 1 0.164559 0.269286 0.428401 0.000105 0.137649
4 1 0.091131 0.288279 0.198831 0.000053 0.421706
0 1 0.740443 0.192872 0.026621 0.000010 0.040055
0 1 0.639698 0.131289 0.048570 0.000046 0.180397
1 1 0.134251 0.384121 0.292624 0.001382 0.187622
0 1 0.732598 0.124925 0.065954 0.000804 0.075718
2 1 0.302422 0.185786 0.413871 0.002062 0.095859
0 1 0.733872 0.094782 0.049158 0.000095 0.122092
0 1 0.324664 0.186770 0.253743 0.000256 0.234567
0 1 0.358681 0.207790 0.277261 0.001413 0.154855
0 1 0.376165 0.332638 0.147161 0.000047 0.143989
0 1 0.397258 0.345623 0.168734 0.000767 0.087617
4 1 0.052313 0.228479 0.323888 0.000548 0.394772
1 1 0.213760 0.348887 0.338242 0.000066 0.099045
1 1 0.372822 0.400094 0.122790 0.000028 0.104265
1 1 0.348321 0.455212 0.104313 0.000009 0.092145
1 1 0.381741 0.397028 0.074675 0.000019 0.146538
0 1 0.781897 0.120566 0.060554 0.000154 0.036828
4 1 0.350724 0.166116 0.077319 0.000210 0.405631
2 1 0.079409 0.197040 0.473293 0.009225 0.241033
0 1 0.609822 0.138110 0.157691 0.002009 0.092368
1 1 0.255786 0.332048 0.204965 0.000101 0.207100
0 1 0.866407 0.056306 0.009693 0.000015 0.067579
0 1 0.396896 0.197134 0.147665 0.001233 0.257072
4 1 0.048044 0.193501 0.171714 0.000428 0.586314
1 1 0.207723 0.496971 0.263771 0.001527 0.030008
0 1 0.504153 0.118340 0.076934 0.000032 0.300541
0 4 0.592948 0.047946 0.045864 0.000007 0.313235
4 4 0.114447 0.078462 0.096282 0.000294 0.710515
4 4 0.332754 0.053721 0.020410 0.000006 0.593109
4 4 0.077737 0.023732 0.011458 0.000023 0.887050
0 4 0.730972 0.093436 0.020080 0.000021 0.155491
0 4 0.479605 0.168598 0.048107 0.000004 0.303686
4 4 0.341415 0.079969 0.151744 0.000074 0.426799
0 4 0.536537 0.061577 0.011087 0.000002 0.390798
4 4 0.076408 0.055524 0.350000 0.000797 0.517271
4 4 0.177021 0.161177 0.182324 0.000124 0.479354
4 4 0.160333 0.182300 0.288791 0.000170 0.368407
1 4 0.291820 0.413313 0.065923 0.000000 0.228944
4 4 0.093751 0.104309 0.065161 0.000024 0.736754
0 4 0.913887 0.023891 0.010860 0.000021 0.051341
4 4 0.148125 0.059075 0.030058 0.000034 0.762708
0 4 0.398626 0.353743 0.050107 0.000004 0.197519
2 4 0.078987 0.429728 0.454075 0.000055 0.037156
0 4 0.335491 0.249634 0.209958 0.000070 0.204846
1 4 0.231644 0.289658 0.270927 0.000338 0.207432
2 4 0.031207 0.250102 0.483821 0.001538 0.233332
4 4 0.025083 0.128998 0.207232 0.003244 0.635443
0 4 0.602118 0.168625 0.066222 0.000109 0.162926
0 4 0.450041 0.224419 0.102930 0.000316 0.222293
0 4 0.659818 0.162399 0.112551 0.000022 0.065210
0 4 0.728212 0.065123 0.106642 0.000425 0.099597
2 4 0.023043 0.137091 0.632425 0.002730 0.204711
2 2 0.008121 0.052636 0.899127 0.002992 0.037124
2 2 0.045212 0.092309 0.816280 0.001151 0.045047
2 2 0.019396 0.014356 0.908971 0.054518 0.002759
2 2 0.006963 0.086745 0.857300 0.004414 0.044578
2 2 0.063637 0.046207 0.862007 0.008554 0.019595
2 2 0.048298 0.100333 0.809217 0.004496 0.037656
2 2 0.084079 0.169262 0.653261 0.003094 0.090305
2 2 0.118472 0.204041 0.628765 0.000320 0.048402
2 2 0.007178 0.019103 0.932486 0.018017 0.023215
2 2 0.063679 0.042363 0.868200 0.015234 0.010523
2 2 0.006387 0.057163 0.912283 0.011776 0.012392
2 2 0.070985 0.091088 0.754712 0.003903 0.079311
2 2 0.017345 0.016067 0.899118 0.049879 0.017592
2 2 0.001214 0.014707 0.981102 0.002507 0.000470
2 2 0.061189 0.140303 0.773777 0.009147 0.015585
2 2 0.009131 0.022164 0.954983 0.011269 0.002453
2 2 0.007929 0.026971 0.942286 0.021113 0.001701
2 2 0.027308 0.076747 0.854668 0.007588 0.033690
2 2 0.003423 0.013935 0.952352 0.026597 0.003692
2 2 0.099997 0.143478 0.720281 0.004005 0.032239
2 2 0.140956 0.117721 0.714972 0.015205 0.011146
2 2 0.005175 0.053313 0.565474 0.361568 0.014471
2 2 0.006444 0.017138 0.723753 0.249215 0.003450
2 2 0.057016 0.030126 0.631094 0.274617 0.007147
3 2 0.038936 0.037820 0.401595 0.441787 0.079862
2 2 0.001440 0.026102 0.721773 0.248189 0.002496
2 2 0.007357 0.012980 0.729948 0.249351 0.000364
2 2 0.035496 0.055051 0.845339 0.060877 0.003236
2 3 0.084009 0.041394 0.495775 0.364848 0.013975
2 3 0.000655 0.008589 0.507775 0.479860 0.003120
2 3 0.370143 0.049819 0.443210 0.123998 0.012831
3 3 0.002059 0.003793 0.246907 0.745484 0.001758
3 3 0.012814 0.026204 0.423520 0.515302 0.022159
3 3 0.011305 0.007380 0.213689 0.766351 0.001276
2 3 0.025548 0.052863 0.785506 0.086434 0.049649
2 3 0.033685 0.025164 0.689473 0.247149 0.004529
2 3 0.063628 0.035316 0.599051 0.256082 0.045923
2 3 0.002229 0.034147 0.943759 0.012604 0.007260
2 3 0.011266 0.040250 0.817723 0.124672 0.006089
3 3 0.032566 0.009609 0.361916 0.591687 0.004223
2 3 0.208943 0.053579 0.652303 0.074839 0.010336
2 3 0.013600 0.030832 0.608905 0.345005 0.001658
2 2 0.040450 0.045097 0.841213 0.071661 0.001579
2 2 0.007413 0.018493 0.639921 0.332831 0.001342
2 2 0.001592 0.009763 0.932246 0.055484 0.000915
3 2 0.017801 0.010698 0.228714 0.739927 0.002859
3 2 0.015504 0.011713 0.313909 0.655804 0.003069
3 2 0.006362 0.008169 0.365795 0.618662 0.001013
3 2 0.004068 0.019116 0.401259 0.574189 0.001368
3 2 0.000763 0.005590 0.439888 0.553182 0.000577
3 2 0.041625 0.022174 0.227281 0.701329 0.007591
2 2 0.010098 0.074551 0.622498 0.267733 0.025120
2 2 0.006023 0.034514 0.754069 0.197878 0.007517
3 2 0.006965 0.022046 0.396991 0.572141 0.001857
2 2 0.067115 0.053216 0.506207 0.332218 0.041244
3 2 0.024258 0.008465 0.247373 0.718490 0.001414
2 2 0.004730 0.030623 0.894895 0.063482 0.006270
2 2 0.003154 0.026675 0.878449 0.089375 0.002348
2 3 0.017776 0.063167 0.819864 0.086390 0.012803
2 3 0.041858 0.218536 0.692857 0.017369 0.029380
2 3 0.030098 0.045897 0.884026 0.035963 0.004016
2 2 0.013707 0.034389 0.692069 0.248892 0.010943
3 2 0.009416 0.019379 0.445596 0.516973 0.008636
2 2 0.007830 0.035544 0.895967 0.055523 0.005136
2 2 0.009249 0.042508 0.812724 0.130733 0.004787
2 2 0.007791 0.020406 0.765090 0.205720 0.000993
2 2 0.091528 0.163056 0.712886 0.011267 0.021263
2 2 0.340845 0.064223 0.545102 0.028496 0.021333
2 2 0.060007 0.060997 0.496058 0.370161 0.012777
0 2 0.524671 0.046788 0.359709 0.057873 0.010960
2 2 0.009287 0.019740 0.951715 0.016025 0.003233
2 2 0.267510 0.038467 0.467494 0.219050 0.007478
2 2 0.010526 0.046878 0.881786 0.033203 0.027608
2 2 0.100417 0.092050 0.696706 0.033690 0.077137
2 2 0.061248 0.076981 0.749662 0.108951 0.003157
2 2 0.119881 0.141986 0.499473 0.043931 0.194730
2 2 0.014632 0.038528 0.873802 0.062254 0.010784
2 2 0.010107 0.030374 0.899659 0.057330 0.002531
2 0 0.025646 0.074036 0.865251 0.033906 0.001161
2 0 0.150785 0.152375 0.620631 0.067984 0.008224
4 1 0.294080 0.222372 0.105286 0.000034 0.378228
2 1 0.081670 0.400919 0.471722 0.000166 0.045523
2 1 0.002702 0.005984 0.985532 0.003861 0.001920
2 1 0.014562 0.017376 0.948878 0.015898 0.003286
2 2 0.017595 0.034500 0.912975 0.015659 0.019270
2 2 0.000061 0.002063 0.881796 0.115182 0.000897
2 2 0.144982 0.026498 0.817385 0.009130 0.002005
2 2 0.013442 0.011629 0.893934 0.077370 0.003626
2 2 0.023913 0.019375 0.935883 0.013233 0.007596
2 2 0.042604 0.066186 0.861186 0.013290 0.016734
2 2 0.180229 0.033946 0.647887 0.064724 0.073213
2 2 0.114844 0.024481 0.534832 0.230988 0.094855
2 2 0.097449 0.038288 0.632305 0.134202 0.097756
2 2 0.000103 0.001525 0.775223 0.222731 0.000419
3 3 0.086898 0.015315 0.274431 0.575614 0.047742
3 3 0.000019 0.000708 0.460996 0.537930 0.000347
3 3 0.002420 0.003854 0.195939 0.796046 0.001741
2 3 0.012823 0.021747 0.530446 0.400472 0.034512
3 3 0.002671 0.003509 0.276812 0.713699 0.003309
3 3 0.003396 0.006194 0.202418 0.781197 0.006796
3 3 0.000204 0.000491 0.027927 0.970647 0.000731
2 3 0.000777 0.005619 0.715191 0.275245 0.003167
3 3 0.001455 0.002318 0.078651 0.915555 0.002022
3 3 0.002017 0.003076 0.092346 0.901468 0.001094
2 3 0.001823 0.020835 0.732893 0.236310 0.008139
2 2 0.003270 0.007975 0.933003 0.052962 0.002790
2 2 0.003768 0.017184 0.585403 0.340110 0.053536
3 2 0.000444 0.001387 0.057318 0.938144 0.002706
2 2 0.001894 0.007229 0.494492 0.492032 0.004353
3 2 0.017765 0.021274 0.298611 0.639626 0.022724
3 2 0.001106 0.001859 0.131724 0.864458 0.000853
3 2 0.051638 0.051347 0.398283 0.491221 0.007510
2 2 0.023688 0.018614 0.478303 0.466534 0.012861
2 2 0.015971 0.010620 0.536276 0.429411 0.007722
2 2 0.004555 0.063056 0.892771 0.024633 0.014986
2 2 0.009602 0.044267 0.867724 0.068077 0.010330
2 2 0.021793 0.021230 0.557220 0.396356 0.003401
2 2 0.035503 0.046544 0.685490 0.210254 0.022208
3 2 0.023662 0.014458 0.292733 0.653473 0.015673
3 2 0.020613 0.032478 0.405168 0.499722 0.042020
3 2 0.000947 0.000757 0.022759 0.973806 0.001732
3 3 0.001763 0.001857 0.056173 0.937877 0.002330
3 3 0.042801 0.016132 0.126523 0.774128 0.040416
3 3 0.032289 0.010836 0.105722 0.816162 0.034990
3 3 0.002036 0.004787 0.141262 0.844193 0.007721
1 3 0.280793 0.352846 0.253178 0.002786 0.110396
2 3 0.095538 0.051098 0.762874 0.037879 0.052611
4 3 0.046159 0.069093 0.335008 0.002077 0.547664
2 3 0.014728 0.021838 0.956014 0.001212 0.006209
2 3 0.032497 0.013764 0.917680 0.027092 0.008967
2 3 0.054927 0.033720 0.754407 0.078941 0.078005
2 3 0.000730 0.007052 0.983120 0.005358 0.003740
2 3 0.005051 0.024069 0.663503 0.204138 0.103240
2 3 0.053170 0.023861 0.898275 0.019860 0.004835
2 3 0.009473 0.019134 0.900719 0.067399 0.003275
2 3 0.150671 0.050016 0.650112 0.114024 0.035176
2 3 0.006280 0.013898 0.937370 0.039939 0.002512
2 3 0.016088 0.028069 0.546820 0.392503 0.016519
2 3 0.013010 0.042884 0.924312 0.016855 0.002939
2 3 0.012315 0.024441 0.626559 0.321116 0.015570
2 3 0.024388 0.044537 0.781832 0.135412 0.013831
2 3 0.018438 0.018650 0.735163 0.225865 0.001884
2 3 0.009431 0.030735 0.921642 0.034961 0.003230
2 1 0.027675 0.104873 0.843267 0.003227 0.020957
2 1 0.376038 0.198389 0.407351 0.000947 0.017275
2 1 0.007244 0.023407 0.870543 0.097608 0.001198
2 1 0.263599 0.221605 0.456938 0.000533 0.057324
0 2 0.528028 0.064082 0.385189 0.007191 0.015511
2 2 0.240951 0.088696 0.647131 0.007450 0.015772
0 2 0.663660 0.234681 0.073996 0.000206 0.027457
2 1 0.052188 0.178829 0.712169 0.024608 0.032207
2 2 0.146961 0.080241 0.708775 0.003673 0.060350
2 2 0.001827 0.026650 0.927209 0.033243 0.011071
2 2 0.000038 0.001094 0.964302 0.034158 0.000409
2 4 0.002106 0.010819 0.795279 0.012801 0.178995
0 4 0.515206 0.217956 0.082117 0.000257 0.184463
4 4 0.167522 0.030838 0.025528 0.000267 0.775844
4 4 0.016931 0.008080 0.008493 0.000067 0.966430
4 4 0.040210 0.008566 0.007526 0.000002 0.943696
0 4 0.531738 0.044853 0.078719 0.000210 0.344480
4 4 0.025611 0.064539 0.179453 0.007492 0.722906
0 4 0.520204 0.010643 0.002759 0.000000 0.466393
4 4 0.033411 0.016661 0.011169 0.000022 0.938737
4 4 0.033091 0.070472 0.152164 0.007523 0.736750
4 4 0.317694 0.058626 0.026899 0.000025 0.596756
4 4 0.103208 0.053522 0.060349 0.000712 0.782209
4 4 0.070060 0.059320 0.126607 0.000593 0.743420
2 4 0.033950 0.119904 0.452916 0.000742 0.392489
4 4 0.046078 0.161957 0.165067 0.000812 0.626086
4 4 0.387338 0.036352 0.012461 0.000005 0.563844
4 4 0.019810 0.020345 0.067048 0.000136 0.892661
4 4 0.119409 0.012141 0.004838 0.000010 0.863602
4 4 0.140184 0.030277 0.024245 0.000048 0.805246
0 4 0.636179 0.119628 0.040160 0.000143 0.203890
2 4 0.078815 0.044047 0.859689 0.000498 0.016951
0 4 0.748517 0.135740 0.033092 0.000102 0.082549
2 4 0.055500 0.073574 0.769223 0.003112 0.098590
2 4 0.163852 0.126629 0.508880 0.005276 0.195364
2 4 0.208671 0.140874 0.324690 0.006873 0.318891
2 4 0.107750 0.123424 0.673277 0.001265 0.094284
2 4 0.261506 0.122813 0.547289 0.006636 0.061756
2 4 0.269137 0.135825 0.404828 0.002653 0.187557
0 4 0.336062 0.166020 0.288100 0.000901 0.208916
2 4 0.024236 0.089050 0.707973 0.017559 0.161182
2 4 0.032393 0.047031 0.894275 0.014611 0.011691
2 4 0.000635 0.008472 0.979807 0.010270 0.000816
2 2 0.002187 0.085856 0.893308 0.003009 0.015640
2 2 0.266592 0.067577 0.579348 0.017333 0.069150
2 2 0.089474 0.133862 0.759892 0.002472 0.014300
2 2 0.001132 0.014933 0.965004 0.017712 0.001219
2 2 0.107251 0.081999 0.727240 0.005221 0.078289
2 2 0.266106 0.297577 0.426677 0.000393 0.009247
1 2 0.216372 0.395792 0.312547 0.001940 0.073349
2 2 0.021112 0.060095 0.881333 0.003731 0.033730
2 2 0.065587 0.139536 0.765777 0.003376 0.025725
2 2 0.043517 0.243615 0.672514 0.019547 0.020807
2 2 0.068478 0.302878 0.597647 0.001307 0.029690
2 2 0.285733 0.226910 0.418937 0.007505 0.060916
2 2 0.060656 0.337163 0.513374 0.002693 0.086114
2 2 0.128208 0.272460 0.557454 0.004238 0.037640
2 2 0.015459 0.051293 0.880046 0.038422 0.014780
2 2 0.056216 0.077190 0.817059 0.033066 0.016469
2 2 0.130191 0.114356 0.705410 0.002529 0.047514
2 2 0.190383 0.075598 0.670086 0.054785 0.009149
1 2 0.038080 0.453561 0.381080 0.000028 0.127251
2 2 0.019705 0.045846 0.925041 0.005269 0.004140
2 2 0.320388 0.060141 0.550043 0.000669 0.068758
2 2 0.003343 0.014753 0.967901 0.001661 0.012342
2 2 0.066238 0.037939 0.825868 0.000915 0.069041
2 2 0.000127 0.002801 0.978273 0.014506 0.004293
2 2 0.000370 0.005504 0.982270 0.008330 0.003525
2 2 0.000177 0.003051 0.992948 0.002557 0.001267
2 2 0.005575 0.008043 0.981989 0.001158 0.003235
2 2 0.026709 0.033506 0.916860 0.001627 0.021298
2 2 0.000236 0.002169 0.979827 0.016577 0.001190
2 2 0.009701 0.017977 0.954542 0.003127 0.014652
2 2 0.001853 0.004551 0.956897 0.032975 0.003724
2 2 0.030935 0.021084 0.872583 0.010993 0.064405
2 2 0.000056 0.001716 0.844698 0.152292 0.001238
2 2 0.011381 0.010919 0.498038 0.448498 0.031165
2 2 0.000452 0.008799 0.952463 0.015636 0.022649
2 2 0.000332 0.002717 0.790945 0.204998 0.001008
2 2 0.013115 0.014668 0.802035 0.093867 0.076316
2 2 0.002065 0.004186 0.569974 0.375134 0.048640
2 2 0.021487 0.061559 0.734276 0.048822 0.133856
2 2 0.000510 0.007747 0.932562 0.034828 0.024353
2 2 0.000036 0.002100 0.945191 0.049773 0.002899
2 2 0.000043 0.000735 0.711780 0.287051 0.000391
2 2 0.036991 0.022348 0.578913 0.164816 0.196931
2 2 0.004224 0.012483 0.633565 0.038323 0.311406
2 2 0.002313 0.007480 0.631394 0.315326 0.043486
2 2 0.029939 0.028374 0.711727 0.148473 0.081487
3 2 0.004981 0.009786 0.172879 0.754958 0.057397
3 2 0.024016 0.007849 0.453139 0.511190 0.003805
2 2 0.000059 0.003128 0.894617 0.097347 0.004849
2 2 0.003580 0.008908 0.939836 0.042609 0.005066
2 2 0.001770 0.006993 0.869984 0.109008 0.012247
2 2 0.035815 0.027573 0.453296 0.437689 0.045627
2 2 0.002778 0.017059 0.654716 0.195411 0.130036
2 2 0.000539 0.007080 0.577958 0.193736 0.220687
3 2 0.002919 0.003044 0.277205 0.703044 0.013788
3 2 0.006149 0.008089 0.263657 0.649215 0.072890
3 3 0.020142 0.007980 0.265566 0.701970 0.004342
3 3 0.001212 0.001304 0.047085 0.948258 0.002141
2 3 0.016983 0.032951 0.533213 0.346054 0.070799
3 3 0.008544 0.004530 0.255995 0.728502 0.002430
3 3 0.006993 0.011702 0.219355 0.710088 0.051863
2 3 0.010663 0.026342 0.577810 0.327930 0.057255
3 3 0.003100 0.005499 0.113864 0.850068 0.027470
2 3 0.007194 0.022879 0.676154 0.254187 0.039586
2 3 0.000091 0.001500 0.696992 0.299550 0.001866
3 3 0.017204 0.009707 0.341622 0.567264 0.064203
2 3 0.007210 0.011970 0.578562 0.355450 0.046809
3 3 0.000207 0.001197 0.114899 0.876250 0.007447
3 3 0.001854 0.000895 0.029827 0.965836 0.001589
3 3 0.004362 0.011226 0.351159 0.621648 0.011605
3 3 0.000308 0.000284 0.024713 0.974488 0.000206
3 3 0.008056 0.006698 0.124808 0.811481 0.048956
3 3 0.008094 0.003562 0.049553 0.929792 0.008999
3 3 0.003981 0.008748 0.310013 0.667643 0.009616
3 3 0.000984 0.000772 0.014297 0.981665 0.002283
3 3 0.033331 0.017321 0.152458 0.437796 0.359093
3 3 0.001112 0.000471 0.022962 0.974691 0.000764
3 3 0.007588 0.008141 0.083788 0.877602 0.022882
3 3 0.000059 0.000315 0.089677 0.909922 0.000027
3 3 0.010877 0.011898 0.135083 0.778766 0.063375
3 3 0.001891 0.002203 0.056947 0.919263 0.019696
3 3 0.006917 0.003626 0.093566 0.878734 0.017158
3 3 0.002780 0.003041 0.066356 0.900681 0.027141
3 3 0.001978 0.005460 0.245764 0.744711 0.002087
3 3 0.010805 0.011441 0.181680 0.590971 0.205104
3 3 0.003229 0.002278 0.055153 0.936209 0.003131
3 3 0.001111 0.000947 0.029873 0.967466 0.000603
3 3 0.052360 0.016823 0.153099 0.757452 0.020266
3 3 0.024083 0.018283 0.177922 0.426407 0.353306
3 3 0.000369 0.000133 0.005560 0.993650 0.000288
3 3 0.148695 0.069314 0.359727 0.379650 0.042614
2 3 0.043285 0.084184 0.680682 0.162478 0.029372
2 3 0.009910 0.021453 0.921278 0.044442 0.002918
2 2 0.167614 0.130916 0.647928 0.004930 0.048612
2 2 0.003492 0.025236 0.965001 0.001481 0.004791
2 2 0.089136 0.074680 0.799642 0.005103 0.031439
2 2 0.024616 0.019354 0.727068 0.217251 0.011712
2 2 0.010978 0.028739 0.883307 0.027216 0.049760
2 2 0.019673 0.121972 0.816569 0.013578 0.028209
2 2 0.086943 0.092164 0.791863 0.004051 0.024980
2 2 0.002165 0.026114 0.957455 0.003319 0.010947
2 2 0.017471 0.018693 0.829725 0.128597 0.005514
2 2 0.023296 0.073175 0.608808 0.050559 0.244161
2 2 0.002235 0.006131 0.890477 0.093677 0.007480
2 2 0.022141 0.032547 0.863342 0.023206 0.058764
2 2 0.000329 0.006625 0.953504 0.038576 0.000967
3 2 0.000204 0.000645 0.371307 0.627526 0.000318
2 2 0.005768 0.026414 0.866830 0.080964 0.020023
2 2 0.269151 0.022109 0.340911 0.223622 0.144207
2 2 0.008176 0.010948 0.445541 0.395389 0.139946
3 2 0.000242 0.001927 0.416556 0.579092 0.002184
3 2 0.010289 0.010342 0.244145 0.687940 0.047284
3 2 0.005690 0.011398 0.403049 0.539496 0.040367
3 2 0.026980 0.015044 0.187459 0.632058 0.138459
3 3 0.009157 0.011844 0.277138 0.667896 0.033965
2 3 0.012949 0.060411 0.536502 0.056810 0.333329
2 3 0.034883 0.046748 0.681022 0.125667 0.111679
3 3 0.001438 0.005675 0.402828 0.562275 0.027785
3 3 0.002841 0.008800 0.288570 0.698650 0.001140
2 3 0.007799 0.033274 0.886845 0.066210 0.005873
3 3 0.004843 0.004391 0.185384 0.801829 0.003553
2 3 0.000025 0.001936 0.534582 0.463267 0.000191
3 3 0.020720 0.022709 0.322072 0.610873 0.023625
3 3 0.004813 0.009004 0.278044 0.706371 0.001768
3 3 0.001812 0.003128 0.149991 0.843219 0.001850
2 3 0.186755 0.095320 0.480145 0.068577 0.169203
2 3 0.006399 0.020412 0.837389 0.105033 0.030768
3 3 0.007109 0.005439 0.156429 0.829712 0.001310
3 3 0.022943 0.038349 0.352997 0.536655 0.049056
3 3 0.007828 0.003134 0.047737 0.932096 0.009204
3 3 0.000003 0.000144 0.120826 0.878955 0.000073
3 3 0.000923 0.001961 0.172076 0.824710 0.000330
4 3 0.002991 0.010353 0.391968 0.142070 0.452618
4 3 0.028686 0.024635 0.372122 0.142766 0.431791
3 2 0.007871 0.012634 0.377279 0.577906 0.024310
2 2 0.005221 0.015584 0.886915 0.060738 0.031542
2 2 0.000527 0.009078 0.941418 0.048856 0.000121
2 2 0.146830 0.166908 0.654606 0.003703 0.027953
2 2 0.021395 0.064069 0.810294 0.037554 0.066688
2 2 0.014137 0.021484 0.952515 0.009401 0.002464
2 2 0.001122 0.006900 0.990490 0.000971 0.000517
2 2 0.052054 0.040028 0.877553 0.021094 0.009272
2 2 0.058647 0.062147 0.838791 0.035975 0.004440
2 2 0.000262 0.013013 0.981389 0.003082 0.002255
2 2 0.002551 0.019449 0.958065 0.011873 0.008062
2 1 0.016055 0.063008 0.872670 0.011975 0.036292
2 1 0.000721 0.003590 0.970643 0.020342 0.004703
4 1 0.070280 0.020882 0.024236 0.000839 0.883762
4 1 0.138464 0.056182 0.083801 0.000263 0.721291
4 1 0.270134 0.187722 0.219445 0.001540 0.321158
4 1 0.112397 0.091034 0.080336 0.000011 0.716222
4 4 0.094433 0.034392 0.022264 0.000674 0.848238
2 4 0.035493 0.035477 0.830231 0.003615 0.095184
0 4 0.689956 0.102563 0.096221 0.002508 0.108752
2 4 0.182214 0.053476 0.573325 0.006699 0.184286
4 4 0.307287 0.126375 0.062700 0.000020 0.503618
2 4 0.253193 0.265237 0.355567 0.002031 0.123971
2 4 0.053529 0.107989 0.493997 0.001623 0.342862
2 4 0.246117 0.084284 0.529064 0.020643 0.119893
0 4 0.648844 0.125711 0.151779 0.000050 0.073615
0 4 0.655548 0.101414 0.171467 0.000335 0.071236
4 4 0.217771 0.125635 0.147254 0.000568 0.508772
1 4 0.087633 0.501933 0.158357 0.000000 0.252076
2 4 0.164179 0.094379 0.587015 0.005092 0.149335
2 4 0.065304 0.145625 0.572966 0.010928 0.205178
2 4 0.164547 0.376494 0.405951 0.001497 0.051511
2 4 0.025929 0.137007 0.515223 0.003388 0.318452
2 4 0.131200 0.170403 0.487402 0.003743 0.207251
1 4 0.278162 0.308296 0.205692 0.001142 0.206708
0 4 0.517180 0.096692 0.050009 0.001089 0.335029
4 4 0.374412 0.086628 0.037584 0.000056 0.501321
4 4 0.140915 0.014616 0.027626 0.000211 0.816631
4 4 0.342237 0.011588 0.009431 0.000162 0.636582
4 4 0.307844 0.047250 0.041239 0.001973 0.601693
4 4 0.129432 0.009775 0.004853 0.000070 0.855870
4 4 0.053474 0.009420 0.007670 0.000038 0.929398
4 4 0.134875 0.011062 0.012541 0.000081 0.841441
1 4 0.237685 0.472481 0.266931 0.000024 0.022879
4 4 0.134694 0.130388 0.334958 0.000809 0.399150
4 4 0.111220 0.139180 0.217302 0.001008 0.531291
4 4 0.143013 0.060867 0.100948 0.000413 0.694759
4 4 0.332691 0.108741 0.057431 0.000119 0.501018
4 4 0.157592 0.202617 0.164333 0.001600 0.473858
4 4 0.160491 0.017429 0.009487 0.000015 0.812578
4 4 0.124816 0.263273 0.298457 0.000763 0.312691
4 4 0.088104 0.027633 0.023487 0.000049 0.860727
4 4 0.306295 0.023601 0.028672 0.000129 0.641302
4 4 0.087011 0.190641 0.193212 0.000058 0.529078
4 4 0.296202 0.068271 0.065621 0.001075 0.568831
0 4 0.523353 0.178705 0.044011 0.000145 0.253786
4 4 0.160334 0.093113 0.030713 0.000087 0.715753
2 4 0.055771 0.186586 0.423577 0.000330 0.333735
4 4 0.277510 0.077381 0.082426 0.000754 0.561929
2 4 0.002788 0.040847 0.638496 0.002464 0.315405
2 4 0.000912 0.010345 0.899404 0.002541 0.086798
0 4 0.453662 0.076307 0.150680 0.000091 0.319260
2 4 0.056212 0.112440 0.447882 0.000637 0.382829
4 4 0.033857 0.219500 0.265151 0.001063 0.480429
4 4 0.371130 0.058668 0.019879 0.000004 0.550319
4 4 0.070160 0.078198 0.042439 0.000674 0.808528
4 4 0.144971 0.088292 0.142389 0.001166 0.623182
2 4 0.054794 0.076330 0.533601 0.005055 0.330219
4 4 0.168823 0.058652 0.037640 0.000096 0.734790
4 4 0.138792 0.186349 0.306219 0.000582 0.368058
2 4 0.006188 0.030144 0.787682 0.008064 0.167922
2 4 0.011697 0.028281 0.812311 0.006313 0.141399
2 4 0.002880 0.052026 0.917340 0.000198 0.027557
2 4 0.005334 0.024978 0.752066 0.004291 0.213330
2 4 0.002225 0.070291 0.828824 0.001130 0.097530
2 4 0.002133 0.036944 0.872470 0.002130 0.086322
2 4 0.012350 0.032358 0.812939 0.006254 0.136099
2 2 0.034647 0.068851 0.490008 0.007300 0.399193
2 2 0.018198 0.066786 0.616347 0.003635 0.295034
2 2 0.019666 0.058479 0.776861 0.003257 0.141737
4 2 0.271323 0.134954 0.064751 0.000050 0.528922
2 2 0.043991 0.175887 0.515682 0.001362 0.263078
4 2 0.036850 0.151413 0.220503 0.000389 0.590845
2 2 0.018713 0.039504 0.855402 0.001375 0.085007
2 2 0.002653 0.026814 0.932975 0.000609 0.036950
2 2 0.010216 0.068725 0.868174 0.000597 0.052288
2 2 0.000261 0.006452 0.961639 0.006674 0.024973
2 2 0.003050 0.027572 0.898776 0.006393 0.064210
2 2 0.003037 0.024752 0.865322 0.000717 0.106171
2 2 0.002724 0.030345 0.935453 0.003276 0.028201
2 2 0.000846 0.006821 0.984886 0.000716 0.006731
2 2 0.004279 0.010204 0.873708 0.015606 0.096202
2 2 0.010817 0.061258 0.867138 0.000560 0.060227
2 2 0.062126 0.046061 0.832550 0.001019 0.058244
2 2 0.001892 0.048069 0.922048 0.000875 0.027117
2 2 0.285182 0.029047 0.469547 0.000387 0.215837
2 2 0.032122 0.041376 0.723326 0.017974 0.185202
2 2 0.000310 0.002899 0.995080 0.000542 0.001169
2 2 0.000233 0.007971 0.980727 0.001740 0.009330
2 2 0.052110 0.062433 0.472822 0.003551 0.409084
2 2 0.026311 0.051348 0.711036 0.002832 0.208473
2 2 0.004373 0.023453 0.956905 0.001512 0.013757
2 2 0.002290 0.022811 0.930828 0.001048 0.043024
2 2 0.009650 0.021740 0.894014 0.001112 0.073483
2 2 0.004662 0.012465 0.969288 0.004340 0.009246
2 2 0.002103 0.008677 0.923987 0.018141 0.047093
2 2 0.001181 0.008002 0.973161 0.002092 0.015565
2 2 0.001498 0.010094 0.954893 0.003197 0.030319
2 2 0.001012 0.014957 0.933849 0.003450 0.046732
2 2 0.002623 0.015966 0.791822 0.013937 0.175653
2 2 0.003038 0.011412 0.945209 0.016256 0.024086
2 2 0.001802 0.007647 0.971011 0.002774 0.016766
2 2 0.009058 0.007966 0.913785 0.009970 0.059221
2 2 0.013963 0.015363 0.929099 0.001349 0.040225
2 2 0.005830 0.006910 0.959767 0.011923 0.015570
2 2 0.001677 0.009233 0.962206 0.002692 0.024192
2 2 0.003107 0.011317 0.740104 0.034618 0.210854
2 2 0.002196 0.020830 0.891006 0.006823 0.079144
2 2 0.014224 0.019043 0.923303 0.001229 0.042201
2 2 0.000449 0.001541 0.993619 0.003871 0.000521
2 2 0.008454 0.024124 0.931422 0.008396 0.027604
2 2 0.133102 0.022078 0.774494 0.012560 0.057765
2 2 0.001020 0.006248 0.921387 0.038677 0.032668
2 2 0.003748 0.016223 0.845477 0.008531 0.126021
2 2 0.000851 0.005510 0.954071 0.007641 0.031927
2 2 0.000963 0.012553 0.968995 0.007862 0.009627
2 2 0.008617 0.023396 0.922991 0.021842 0.023153
2 2 0.008499 0.016616 0.938430 0.023410 0.013045
2 2 0.007584 0.017528 0.949874 0.003470 0.021544
2 2 0.026748 0.024345 0.820578 0.011864 0.116465
2 2 0.007672 0.008911 0.949541 0.016176 0.017699
2 2 0.000669 0.006648 0.964030 0.018092 0.010560
2 2 0.001616 0.009511 0.929356 0.005703 0.053814
2 2 0.002650 0.010131 0.938177 0.041823 0.007218
2 2 0.004174 0.013461 0.913121 0.054697 0.014547
2 2 0.002050 0.015207 0.964348 0.014217 0.004177
2 2 0.005691 0.020927 0.891676 0.013634 0.068071
2 2 0.005005 0.017916 0.841132 0.055537 0.080411
2 2 0.013477 0.029183 0.825818 0.034729 0.096794
2 2 0.005958 0.016157 0.836878 0.120426 0.020582
2 2 0.000061 0.002453 0.844495 0.152329 0.000663
2 2 0.001413 0.016235 0.969425 0.009867 0.003060
2 2 0.006732 0.018409 0.658589 0.134643 0.181627
2 2 0.015505 0.020401 0.930111 0.023136 0.010847
2 2 0.005517 0.016677 0.701388 0.258017 0.018402
2 2 0.007675 0.018408 0.918805 0.037128 0.017984
2 2 0.023552 0.037207 0.818633 0.111960 0.008647
2 2 0.001043 0.011641 0.957171 0.022698 0.007447
2 2 0.020890 0.028959 0.646139 0.281222 0.022791
2 2 0.029527 0.045217 0.867797 0.019469 0.037990
2 2 0.109456 0.046723 0.541811 0.205176 0.096835
2 2 0.250197 0.050363 0.655863 0.040277 0.003300
2 2 0.071798 0.219288 0.686568 0.005634 0.016711
2 2 0.126094 0.307059 0.548034 0.007932 0.010882
2 2 0.165796 0.168384 0.635823 0.000585 0.029412
2 2 0.005743 0.024612 0.959428 0.001827 0.008389
2 2 0.110416 0.088983 0.777324 0.001234 0.022042
2 2 0.026890 0.078580 0.840284 0.000878 0.053368
2 2 0.123389 0.078201 0.765758 0.001009 0.031643
2 2 0.000013 0.000349 0.979856 0.019763 0.000019
2 2 0.070798 0.044895 0.871142 0.002934 0.010230
2 2 0.096480 0.067131 0.817032 0.006356 0.013001
2 2 0.044622 0.079630 0.816697 0.004889 0.054162
2 2 0.001572 0.016831 0.956784 0.024088 0.000725
2 2 0.062871 0.029537 0.847055 0.034201 0.026337
2 2 0.025828 0.111448 0.783560 0.001785 0.077379
2 2 0.009808 0.054941 0.853777 0.006218 0.075257
2 2 0.129630 0.114709 0.667545 0.014964 0.073152
2 2 0.020710 0.036285 0.905335 0.006344 0.031326
2 2 0.009648 0.142268 0.790245 0.002442 0.055397
2 2 0.205167 0.034941 0.726091 0.007748 0.026054
2 2 0.090797 0.057110 0.817305 0.002859 0.031929
2 2 0.004336 0.012749 0.916472 0.023647 0.042796
2 2 0.001350 0.003383 0.982423 0.010665 0.002179
2 2 0.005988 0.063235 0.915273 0.002767 0.012736
2 2 0.008668 0.019152 0.925371 0.038491 0.008317
2 2 0.291355 0.080667 0.510678 0.012569 0.104730
2 2 0.277508 0.146300 0.346956 0.158158 0.071078
2 2 0.011248 0.075507 0.883926 0.025863 0.003457
2 2 0.043125 0.129206 0.789981 0.000780 0.036908
2 2 0.019409 0.042399 0.923485 0.009665 0.005042
2 2 0.001544 0.069981 0.920722 0.000638 0.007115
2 2 0.005482 0.051882 0.939125 0.001234 0.002277
2 2 0.014245 0.047640 0.929310 0.002482 0.006323
2 2 0.005302 0.043062 0.950737 0.000303 0.000595
2 2 0.008482 0.036199 0.952625 0.000946 0.001749
2 2 0.002457 0.041509 0.954668 0.000640 0.000727
2 2 0.000779 0.014652 0.972756 0.010054 0.001758
2 2 0.001115 0.041616 0.952967 0.001249 0.003053
2 2 0.019425 0.077065 0.896625 0.001902 0.004983
2 2 0.252698 0.058382 0.653630 0.007938 0.027352
2 2 0.000502 0.024316 0.968700 0.004902 0.001580
2 2 0.002498 0.023127 0.693868 0.274673 0.005835
2 2 0.096030 0.075111 0.794422 0.007809 0.026628
1 2 0.300895 0.525955 0.103812 0.000000 0.069338
2 2 0.299997 0.064634 0.621999 0.000503 0.012868
2 2 0.047633 0.210122 0.592425 0.001318 0.148502
2 2 0.003713 0.035950 0.943988 0.003167 0.013182
2 2 0.000970 0.044079 0.946944 0.001844 0.006163
2 2 0.014793 0.083572 0.897322 0.000601 0.003711
0 2 0.530567 0.054380 0.408996 0.000583 0.005475
2 2 0.000057 0.002651 0.991729 0.005389 0.000174
2 2 0.010984 0.029993 0.954370 0.002500 0.002153
2 2 0.005390 0.012315 0.953190 0.028489 0.000615
2 2 0.019251 0.043059 0.922542 0.003830 0.011319
2 2 0.005585 0.082999 0.875746 0.007466 0.028203
2 2 0.013054 0.089591 0.860301 0.006235 0.030818
2 2 0.002234 0.011174 0.981368 0.004053 0.001172
2 2 0.000471 0.008168 0.943128 0.046623 0.001611
2 2 0.003783 0.036077 0.933616 0.002489 0.024035
2 2 0.000024 0.000872 0.976591 0.022005 0.000508
2 2 0.002103 0.047056 0.870227 0.006467 0.074146
2 2 0.000027 0.002997 0.982620 0.014105 0.000251
2 2 0.010337 0.055428 0.888491 0.006785 0.038960
2 2 0.007553 0.040168 0.897618 0.040919 0.013742
2 2 0.009566 0.059753 0.894950 0.035030 0.000702
2 2 0.262968 0.092198 0.453957 0.053209 0.137668
2 1 0.192952 0.052590 0.513481 0.009054 0.231923
2 1 0.000029 0.000402 0.992443 0.006753 0.000373
4 1 0.066878 0.082385 0.211015 0.005596 0.634127
2 4 0.152507 0.076875 0.605413 0.006506 0.158700
2 4 0.198089 0.149172 0.390677 0.006813 0.255249
0 4 0.819705 0.076127 0.033535 0.000058 0.070575
2 4 0.273359 0.124825 0.412836 0.001374 0.187605
2 4 0.048169 0.067825 0.532836 0.005976 0.345195
4 4 0.312409 0.111533 0.115610 0.000929 0.459519
4 4 0.092005 0.030870 0.015670 0.000142 0.861313
2 4 0.017043 0.103850 0.527433 0.003502 0.348172
4 4 0.285597 0.034102 0.017557 0.000131 0.662613
4 4 0.051287 0.019401 0.020518 0.000389 0.908405
0 4 0.597882 0.064270 0.034724 0.000132 0.302993
0 4 0.536855 0.089950 0.027467 0.000010 0.345717
4 4 0.157190 0.083537 0.035615 0.000257 0.723401
4 4 0.159315 0.082011 0.029087 0.000077 0.729511
4 4 0.266435 0.043409 0.020926 0.000072 0.669159
4 4 0.344145 0.115442 0.037416 0.000008 0.502989
4 4 0.061071 0.064510 0.081560 0.004118 0.788741
4 4 0.102982 0.027065 0.036402 0.003694 0.829857
4 4 0.039891 0.004895 0.004120 0.000031 0.951064
4 4 0.156621 0.037674 0.019043 0.000011 0.786651
4 4 0.158736 0.020928 0.011367 0.000004 0.808965
4 4 0.350736 0.018205 0.012925 0.000055 0.618079
4 4 0.043750 0.003737 0.003144 0.000022 0.949347
2 4 0.004327 0.090398 0.899349 0.000727 0.005199
1 4 0.273180 0.282067 0.178368 0.000468 0.265918
4 4 0.269915 0.212001 0.124213 0.000098 0.393772
0 4 0.492285 0.079870 0.043923 0.000065 0.383857
1 4 0.273203 0.464164 0.067541 0.000016 0.195076
0 4 0.368069 0.245114 0.049505 0.000043 0.337269
4 4 0.310750 0.093674 0.036008 0.000384 0.559184
0 4 0.938730 0.045259 0.013147 0.000001 0.002863
2 1 0.082126 0.104280 0.749393 0.047773 0.016428
4 1 0.241590 0.131199 0.280347 0.003455 0.343410
1 1 0.277583 0.344513 0.268884 0.000137 0.108883
4 1 0.160644 0.103776 0.022404 0.000001 0.713174
2 1 0.291638 0.162777 0.370994 0.000873 0.173718
2 1 0.040574 0.164082 0.677880 0.015683 0.101781
4 1 0.229087 0.146438 0.272291 0.000822 0.351362
2 1 0.046615 0.117535 0.816762 0.001970 0.017117
2 1 0.170711 0.137425 0.438571 0.001607 0.251686
2 2 0.003093 0.036263 0.928769 0.001283 0.030593
2 2 0.022048 0.059671 0.899390 0.001702 0.017189
2 2 0.005839 0.053690 0.918048 0.000601 0.021822
2 2 0.033297 0.082792 0.848541 0.000362 0.035008
2 2 0.007970 0.068016 0.906467 0.004544 0.013003
2 2 0.002992 0.094885 0.861789 0.004921 0.035413
2 2 0.028080 0.126458 0.757235 0.007565 0.080662
0 2 0.445028 0.404977 0.103912 0.000014 0.046069
1 2 0.219509 0.415251 0.312549 0.000470 0.052221
2 1 0.018793 0.256528 0.656955 0.002259 0.065465
2 1 0.006453 0.079685 0.893239 0.005984 0.014638
2 1 0.194510 0.287282 0.467028 0.002350 0.048830
2 1 0.011174 0.194809 0.660107 0.001534 0.132376
2 1 0.015121 0.052285 0.925764 0.000746 0.006084
2 1 0.003405 0.042283 0.919760 0.008748 0.025804
2 1 0.072773 0.082709 0.687929 0.000922 0.155666
2 1 0.002213 0.041279 0.914069 0.001085 0.041354
2 1 0.060548 0.122305 0.650211 0.001449 0.165487
2 1 0.004215 0.121425 0.726499 0.005248 0.142612
2 1 0.003389 0.038155 0.919954 0.000189 0.038313
2 1 0.047560 0.162135 0.758399 0.000291 0.031615
2 1 0.346972 0.295994 0.352946 0.000141 0.003947
0 0 0.542267 0.226179 0.026030 0.000000 0.205523
0 0 0.474453 0.174841 0.087493 0.004996 0.258218
0 0 0.820040 0.072749 0.009920 0.000002 0.097289
0 0 0.977739 0.009817 0.000939 0.000000 0.011505
1 0 0.180296 0.543423 0.179394 0.002505 0.094382
0 0 0.469060 0.290162 0.235025 0.000650 0.005103
0 0 0.891177 0.068477 0.038030 0.000012 0.002304
0 0 0.583423 0.259626 0.149784 0.000244 0.006923
0 0 0.955515 0.029034 0.008456 0.000005 0.006991
0 0 0.981785 0.009961 0.003932 0.000002 0.004321
0 0 0.926066 0.032080 0.014046 0.000237 0.027572
0 0 0.922071 0.037797 0.018321 0.000213 0.021598
0 0 0.977359 0.006085 0.001257 0.000001 0.015297
0 0 0.995318 0.002409 0.001390 0.000001 0.000882
4 0 0.301142 0.187165 0.118346 0.000117 0.393229
0 0 0.959573 0.018208 0.008784 0.000138 0.013297
0 0 0.991352 0.003362 0.001307 0.000004 0.003976
0 0 0.908964 0.052222 0.015708 0.000006 0.023101
0 0 0.914935 0.034878 0.008855 0.000000 0.041331
0 0 0.969346 0.011565 0.001660 0.000001 0.017428
0 0 0.914802 0.038925 0.008186 0.000033 0.038054
0 0 0.759732 0.181099 0.043233 0.000008 0.015928
0 0 0.591399 0.184299 0.145525 0.001635 0.077142
0 1 0.673602 0.173511 0.073409 0.000085 0.079394
0 1 0.727175 0.163329 0.042398 0.000010 0.067089
0 1 0.840720 0.113280 0.029084 0.000022 0.016895
0 1 0.863853 0.080881 0.021424 0.000077 0.033765
2 1 0.246474 0.238331 0.459236 0.003813 0.052147
4 1 0.252840 0.155942 0.156367 0.000467 0.434384
0 1 0.710248 0.171285 0.037182 0.000115 0.081170
0 1 0.549635 0.183519 0.065153 0.000258 0.201435
1 1 0.141124 0.362819 0.301771 0.000464 0.193823
1 1 0.282670 0.504918 0.137089 0.000054 0.075269
0 1 0.715005 0.147659 0.063080 0.000313 0.073943
0 0 0.851596 0.047985 0.007349 0.000020 0.093049
0 0 0.943580 0.038376 0.008900 0.000000 0.009144
0 0 0.623683 0.020781 0.006812 0.000001 0.348723
0 0 0.626283 0.140791 0.152476 0.002700 0.077750
2 1 0.018389 0.258261 0.647435 0.003882 0.072033
1 1 0.278112 0.357873 0.268177 0.000346 0.095491
0 1 0.882568 0.086739 0.022414 0.000004 0.008275
1 1 0.055814 0.399174 0.302596 0.000005 0.242411
0 1 0.475825 0.408456 0.052119 0.000008 0.063592
2 1 0.189140 0.338238 0.364033 0.002445 0.106144
2 1 0.089534 0.340099 0.487435 0.001214 0.081719
2 1 0.221062 0.155986 0.562536 0.001431 0.058984
1 1 0.299196 0.360743 0.225751 0.000396 0.113915
2 1 0.082972 0.268806 0.619072 0.002137 0.027013
2 1 0.156752 0.307442 0.406714 0.001099 0.127993
2 1 0.043287 0.091991 0.840107 0.001891 0.022725
2 1 0.082997 0.326436 0.507814 0.001547 0.081206
1 1 0.134884 0.364872 0.310101 0.000961 0.189183
2 1 0.112459 0.172262 0.662928 0.006032 0.046319
2 1 0.092944 0.276862 0.592759 0.000616 0.036820
0 2 0.398297 0.227835 0.316548 0.000283 0.057038
2 2 0.117844 0.152699 0.707468 0.000395 0.021592
2 2 0.212556 0.233064 0.394728 0.000842 0.158810
2 2 0.109210 0.214567 0.582076 0.003298 0.090848
2 2 0.044241 0.251195 0.656262 0.000491 0.047811
2 2 0.112545 0.134119 0.738489 0.000790 0.014056
2 2 0.002559 0.032183 0.961417 0.000232 0.003609
2 2 0.076348 0.108614 0.783190 0.003366 0.028483
2 2 0.128995 0.117929 0.723877 0.010739 0.018461
2 2 0.058464 0.068161 0.862616 0.000523 0.010236
2 2 0.038680 0.086211 0.840514 0.003326 0.031269
2 2 0.005676 0.045833 0.940271 0.000342 0.007878
2 2 0.007240 0.078643 0.905941 0.000237 0.007939
2 2 0.029224 0.112530 0.830190 0.002871 0.025185
2 2 0.030555 0.043980 0.886603 0.022962 0.015900
2 2 0.000085 0.003132 0.992355 0.004282 0.000145
2 2 0.292032 0.277868 0.405511 0.002527 0.022062
2 2 0.062918 0.262825 0.524230 0.002764 0.147264
2 2 0.005533 0.016736 0.952756 0.000291 0.024684
2 2 0.007234 0.021833 0.937504 0.009078 0.024351
2 2 0.002658 0.010950 0.979165 0.001056 0.006172
0 2 0.423538 0.072618 0.119329 0.000441 0.384074
2 2 0.028069 0.058467 0.881783 0.000922 0.030759
2 2 0.110686 0.089501 0.738226 0.003811 0.057777
2 2 0.229503 0.102788 0.355375 0.000361 0.311973
2 2 0.109436 0.124382 0.604092 0.001105 0.160984
2 2 0.033705 0.038988 0.906314 0.002422 0.018571
2 2 0.058530 0.058396 0.795196 0.019105 0.068773
2 2 0.090554 0.051417 0.822290 0.022477 0.013262
0 2 0.557655 0.316182 0.112953 0.000110 0.013099
0 2 0.366807 0.125859 0.264474 0.004459 0.238401
2 2 0.147321 0.081777 0.679890 0.004137 0.086875
2 2 0.017169 0.053926 0.869124 0.000642 0.059139
0 2 0.485854 0.122318 0.334891 0.002692 0.054245
2 2 0.127166 0.184539 0.621081 0.000813 0.066402
2 2 0.133058 0.205749 0.560338 0.000349 0.100505
2 2 0.057205 0.305576 0.586018 0.000970 0.050230
2 2 0.054530 0.071210 0.732336 0.008757 0.133166
1 2 0.061673 0.492573 0.228591 0.000013 0.217150
0 2 0.519702 0.282236 0.155435 0.000245 0.042382
0 1 0.613364 0.331396 0.043921 0.000001 0.011318
0 1 0.404196 0.189033 0.227345 0.002199 0.177227
1 1 0.133866 0.536875 0.188504 0.000043 0.140712
0 1 0.347396 0.295580 0.046055 0.000006 0.310962
2 1 0.028164 0.091393 0.859409 0.001435 0.019599
2 1 0.051726 0.192086 0.696124 0.002244 0.057820
0 1 0.573410 0.103269 0.090360 0.000121 0.232839
2 1 0.046363 0.162103 0.593262 0.000180 0.198091
2 1 0.060091 0.092359 0.712895 0.001514 0.133141
4 1 0.048436 0.092927 0.414838 0.000375 0.443424
1 2 0.138639 0.385532 0.299889 0.000280 0.175661
4 2 0.143364 0.143820 0.210426 0.000075 0.502315
0 2 0.429672 0.098802 0.052308 0.000381 0.418838
0 2 0.416259 0.190346 0.117724 0.000057 0.275615
4 2 0.030389 0.157745 0.173156 0.000221 0.638489
4 2 0.189778 0.030741 0.009390 0.000010 0.770081
0 2 0.702128 0.190469 0.037809 0.000053 0.069542
4 2 0.268610 0.063578 0.042843 0.000058 0.624912
0 4 0.857059 0.048547 0.021788 0.000346 0.072260
4 4 0.300692 0.138914 0.045908 0.000022 0.514465
4 4 0.202784 0.344964 0.056327 0.000004 0.395921
4 4 0.438953 0.036634 0.028483 0.000443 0.495486
2 4 0.009651 0.197470 0.526597 0.001870 0.264412
1 4 0.236613 0.389320 0.092822 0.000346 0.280899
0 4 0.405827 0.182914 0.064179 0.000636 0.346445
4 4 0.262811 0.051148 0.022815 0.000117 0.663110
