0 0 0.978342 0.010885 0.002837 0.000000 0.007935
0 0 0.514978 0.111368 0.038422 0.001349 0.333884
0 0 0.954391 0.022218 0.007169 0.000024 0.016197
0 0 0.949614 0.032616 0.009484 0.000007 0.008278
0 1 0.676149 0.167137 0.115745 0.000556 0.040414
0 1 0.442646 0.391392 0.113503 0.000029 0.052430
0 4 0.691411 0.127072 0.073118 0.006999 0.101400
0 4 0.918205 0.045414 0.012853 0.000017 0.023510
0 4 0.792083 0.150065 0.033896 0.000000 0.023956
2 4 0.040297 0.367311 0.559249 0.000348 0.032795
1 4 0.158509 0.414117 0.390831 0.001115 0.035429
2 4 0.069656 0.251888 0.661380 0.002221 0.014856
2 1 0.002682 0.145010 0.829805 0.001404 0.021099
2 1 0.000224 0.020561 0.742035 0.231887 0.005293
2 2 0.131903 0.175332 0.648468 0.007523 0.036774
2 2 0.000922 0.054947 0.649023 0.260814 0.034294
2 2 0.005241 0.066944 0.803629 0.062553 0.061632
2 2 0.002362 0.129313 0.816269 0.012866 0.039190
2 2 0.005327 0.149173 0.732699 0.072530 0.040270
2 2 0.000134 0.022596 0.835718 0.133432 0.008120
2 2 0.002671 0.053812 0.790175 0.146837 0.006505
2 2 0.004985 0.187219 0.763407 0.012128 0.032260
2 3 0.002267 0.057930 0.589532 0.326043 0.024228
2 3 0.000382 0.032601 0.954650 0.003239 0.009128
2 3 0.001955 0.065819 0.851020 0.009009 0.072197
2 3 0.001532 0.117145 0.827461 0.023061 0.030801
2 3 0.000709 0.074826 0.832698 0.024612 0.067156
2 2 0.004457 0.135863 0.663368 0.014123 0.182188
2 2 0.003508 0.144484 0.695734 0.019698 0.136576
4 2 0.013827 0.200587 0.252277 0.003937 0.529372
2 1 0.024543 0.286708 0.453220 0.000623 0.234907
2 1 0.006756 0.167785 0.677197 0.018143 0.130119
4 1 0.013229 0.162589 0.249960 0.001266 0.572956
4 1 0.004363 0.118732 0.290643 0.012980 0.573283
4 1 0.033566 0.267336 0.194722 0.000357 0.504019
2 1 0.006179 0.250936 0.582943 0.000306 0.159635
4 1 0.008990 0.134158 0.133354 0.002192 0.721306
2 1 0.002683 0.122424 0.718114 0.032418 0.124361
4 1 0.006236 0.100530 0.226883 0.002832 0.663520
2 1 0.000841 0.099017 0.792619 0.007439 0.100084
2 1 0.005785 0.200599 0.586105 0.016990 0.190522
2 1 0.003821 0.191186 0.699812 0.011211 0.093970
2 2 0.003455 0.206727 0.733821 0.004174 0.051823
2 2 0.002651 0.139340 0.837915 0.007082 0.013011
2 2 0.002464 0.153907 0.795122 0.002549 0.045959
2 2 0.012021 0.226516 0.645016 0.051348 0.065099
2 2 0.013792 0.231640 0.498187 0.110585 0.145797
2 2 0.003750 0.132393 0.746641 0.076124 0.041091
2 3 0.001467 0.081775 0.755818 0.126487 0.034454
2 3 0.001204 0.084722 0.815362 0.069527 0.029185
2 3 0.002835 0.100947 0.787957 0.045969 0.062292
2 3 0.000639 0.027662 0.602534 0.360565 0.008601
2 3 0.003364 0.040503 0.518054 0.430003 0.008076
2 3 0.001054 0.031026 0.498875 0.449596 0.019450
2 3 0.003202 0.061954 0.837488 0.092130 0.005225
2 3 0.001792 0.028403 0.707705 0.259060 0.003039
2 3 0.000674 0.025893 0.786346 0.175660 0.011427
3 3 0.000103 0.002037 0.145523 0.851856 0.000481
3 3 0.007867 0.018217 0.186406 0.756376 0.031134
3 3 0.001686 0.019414 0.204246 0.763935 0.010719
3 3 0.011927 0.018941 0.097932 0.854739 0.016460
3 3 0.001634 0.018514 0.308351 0.665482 0.006019
3 3 0.004036 0.005889 0.093371 0.894667 0.002038
3 3 0.003777 0.004536 0.037248 0.951101 0.003337
3 3 0.000729 0.000836 0.012261 0.985808 0.000366
3 3 0.008714 0.013210 0.111159 0.856793 0.010124
3 3 0.012465 0.005040 0.026216 0.953091 0.003187
3 3 0.000089 0.002596 0.155827 0.840431 0.001058
3 3 0.000750 0.001439 0.034607 0.962686 0.000518
3 3 0.000599 0.000499 0.008227 0.990475 0.000200
3 3 0.000486 0.000736 0.014550 0.983870 0.000359
3 3 0.001029 0.000412 0.008504 0.989962 0.000093
3 3 0.000303 0.000451 0.010772 0.988290 0.000185
3 3 0.000862 0.000649 0.011188 0.987071 0.000229
3 3 0.000167 0.000051 0.001703 0.998065 0.000014
3 3 0.003254 0.002220 0.024232 0.969470 0.000824
3 3 0.020507 0.003425 0.018968 0.953716 0.003383
3 3 0.001447 0.000301 0.005217 0.992951 0.000083
3 3 0.001588 0.002278 0.031701 0.963645 0.000788
3 3 0.000281 0.000273 0.010132 0.989152 0.000161
3 3 0.003749 0.001247 0.009414 0.984971 0.000619
3 3 0.000162 0.000060 0.002021 0.997740 0.000017
3 3 0.006254 0.003122 0.018122 0.970657 0.001846
3 3 0.000517 0.000181 0.003720 0.995530 0.000052
3 3 0.000128 0.000110 0.004040 0.995686 0.000036
3 3 0.006759 0.000712 0.005492 0.986623 0.000414
3 3 0.000003 0.000001 0.000339 0.999656 0.000000
3 3 0.000267 0.000072 0.002089 0.997548 0.000023
3 3 0.000241 0.000200 0.005301 0.994187 0.000071
3 3 0.000014 0.000009 0.001082 0.998893 0.000002
3 3 0.000713 0.000339 0.005498 0.993318 0.000132
3 3 0.039372 0.002491 0.016964 0.939264 0.001909
3 3 0.000044 0.000016 0.001062 0.998874 0.000004
3 3 0.000165 0.000043 0.001471 0.998309 0.000012
3 3 0.000126 0.000018 0.000697 0.999155 0.000004
3 3 0.000597 0.001021 0.016318 0.981594 0.000470
3 3 0.001219 0.000249 0.003015 0.995432 0.000084
3 3 0.000640 0.000081 0.001594 0.997659 0.000026
3 3 0.000206 0.000067 0.002001 0.997706 0.000019
3 3 0.000145 0.000081 0.003663 0.996078 0.000033
3 3 0.003861 0.001649 0.010584 0.983161 0.000745
3 3 0.003954 0.001043 0.008254 0.986214 0.000535
3 3 0.019377 0.006853 0.033819 0.933064 0.006887
3 3 0.000748 0.000405 0.006061 0.992632 0.000154
3 3 0.060001 0.006964 0.034947 0.893733 0.004355
0 3 0.541824 0.038281 0.137568 0.272823 0.009504
3 3 0.001059 0.000166 0.002940 0.995765 0.000070
3 3 0.009749 0.003985 0.019287 0.964456 0.002523
3 3 0.000791 0.000940 0.021029 0.977025 0.000215
3 3 0.005112 0.006459 0.052452 0.933354 0.002623
3 3 0.006974 0.024713 0.185530 0.775466 0.007318
3 3 0.006184 0.011752 0.060925 0.912752 0.008387
3 3 0.002145 0.004263 0.067308 0.925307 0.000977
3 3 0.000208 0.000343 0.009615 0.989699 0.000135
3 3 0.002251 0.025155 0.309611 0.652916 0.010067
3 3 0.002651 0.026336 0.238868 0.718777 0.013369
3 3 0.001537 0.001320 0.021990 0.974735 0.000419
3 3 0.000475 0.006881 0.119539 0.868365 0.004740
3 3 0.002826 0.010686 0.129103 0.854324 0.003062
3 3 0.001253 0.002092 0.024140 0.971382 0.001133
3 3 0.002336 0.037835 0.293437 0.639826 0.026566
3 3 0.009799 0.056567 0.293609 0.586028 0.053996
3 3 0.000706 0.005720 0.102497 0.888381 0.002696
3 3 0.005671 0.039113 0.407010 0.528719 0.019488
2 3 0.002393 0.027671 0.533526 0.428084 0.008326
3 3 0.006591 0.044145 0.295101 0.618977 0.035185
3 3 0.000668 0.015406 0.387446 0.591916 0.004564
2 3 0.004091 0.045060 0.644397 0.290941 0.015511
3 3 0.004637 0.023497 0.278282 0.685922 0.007662
2 3 0.018460 0.089267 0.575199 0.240494 0.076580
2 3 0.021359 0.065245 0.578965 0.324704 0.009726
3 3 0.001243 0.021889 0.312094 0.654329 0.010446
3 3 0.000594 0.006112 0.101701 0.887560 0.004034
3 3 0.000650 0.004996 0.081365 0.909844 0.003146
3 3 0.002379 0.027557 0.258325 0.697435 0.014303
2 3 0.004807 0.047235 0.618499 0.315385 0.014074
3 3 0.001235 0.004727 0.052215 0.939007 0.002816
3 3 0.001125 0.005197 0.092318 0.899723 0.001638
3 3 0.001125 0.003244 0.086715 0.908411 0.000506
3 3 0.021522 0.062167 0.310054 0.518408 0.087849
3 3 0.001443 0.004310 0.155155 0.838727 0.000364
2 3 0.001067 0.040667 0.550890 0.386314 0.021062
2 3 0.001389 0.040409 0.670202 0.278965 0.009035
2 3 0.008025 0.059235 0.734661 0.194287 0.003791
3 3 0.000427 0.012563 0.371442 0.611371 0.004196
3 3 0.002219 0.004823 0.083112 0.907194 0.002652
3 3 0.002339 0.020165 0.229124 0.739460 0.008913
2 3 0.005584 0.072060 0.560889 0.340786 0.020680
3 3 0.002063 0.022450 0.296774 0.671218 0.007495
3 3 0.001833 0.020465 0.448990 0.525264 0.003447
3 3 0.001888 0.013601 0.175635 0.803200 0.005675
3 3 0.004422 0.041389 0.436899 0.506722 0.010568
3 3 0.000505 0.007267 0.156402 0.832813 0.003013
3 3 0.001287 0.024174 0.448417 0.519360 0.006762
3 3 0.004301 0.037711 0.383849 0.558803 0.015335
2 3 0.008460 0.093201 0.559511 0.304535 0.034294
3 3 0.000782 0.014499 0.333101 0.647270 0.004348
3 3 0.000524 0.029703 0.432068 0.508811 0.028895
3 3 0.007507 0.009839 0.104621 0.876354 0.001679
3 3 0.005361 0.048937 0.361284 0.565451 0.018966
3 3 0.001103 0.013938 0.403038 0.578713 0.003208
3 3 0.001716 0.019023 0.304201 0.668914 0.006146
2 3 0.031651 0.177285 0.630982 0.072965 0.087117
3 3 0.010323 0.062594 0.394373 0.490354 0.042356
2 3 0.007914 0.083538 0.470030 0.407413 0.031105
2 3 0.014138 0.220014 0.554544 0.112000 0.099304
2 3 0.005287 0.172227 0.646278 0.085195 0.091013
2 3 0.000872 0.053964 0.771365 0.155845 0.017953
3 3 0.001091 0.026384 0.377271 0.581633 0.013621
2 3 0.005251 0.099368 0.470907 0.240881 0.183594
3 3 0.000097 0.007323 0.386833 0.602213 0.003534
2 3 0.000210 0.039191 0.920471 0.031384 0.008744
2 3 0.005011 0.137194 0.762526 0.066419 0.028851
2 3 0.000653 0.064464 0.896986 0.026758 0.011140
2 2 0.001693 0.100296 0.839224 0.037188 0.021599
2 2 0.001664 0.100706 0.832308 0.041113 0.024209
2 2 0.026720 0.317025 0.535296 0.027489 0.093471
2 2 0.004813 0.085149 0.768206 0.130335 0.011497
2 2 0.001143 0.064428 0.854408 0.068485 0.011536
1 2 0.034698 0.469509 0.391744 0.000978 0.103072
2 2 0.005276 0.130568 0.527629 0.236176 0.100350
2 2 0.007629 0.141195 0.794341 0.042109 0.014725
2 2 0.005411 0.187901 0.746689 0.021889 0.038111
2 2 0.043163 0.398954 0.525082 0.004784 0.028017
2 2 0.015671 0.325825 0.558354 0.011127 0.089022
2 2 0.002258 0.104923 0.857813 0.022600 0.012405
1 2 0.033480 0.457646 0.389436 0.001514 0.117924
2 2 0.006350 0.219248 0.688451 0.023062 0.062888
4 2 0.050351 0.284315 0.174051 0.002344 0.488940
1 2 0.036563 0.498806 0.288686 0.001410 0.174535
2 2 0.029072 0.265046 0.492067 0.030361 0.183455
2 2 0.028902 0.281813 0.510741 0.004424 0.174121
2 2 0.010004 0.233020 0.735776 0.005478 0.015721
2 2 0.007644 0.238440 0.699103 0.008500 0.046313
2 2 0.002656 0.139205 0.778112 0.021258 0.058769
2 2 0.001347 0.046554 0.480013 0.439912 0.032174
2 2 0.000872 0.080655 0.843822 0.047758 0.026892
2 2 0.004496 0.112315 0.748594 0.108012 0.026582
2 2 0.003588 0.114816 0.660360 0.163794 0.057442
2 2 0.002727 0.117098 0.715828 0.109783 0.054565
4 2 0.052268 0.343062 0.237751 0.004771 0.362149
1 2 0.102969 0.368514 0.185283 0.001935 0.341300
2 2 0.006827 0.358455 0.562040 0.001438 0.071240
2 2 0.012425 0.251400 0.588749 0.050352 0.097075
2 2 0.006149 0.111921 0.505146 0.310290 0.066494
2 2 0.001309 0.073223 0.540830 0.298390 0.086249
2 3 0.008215 0.129891 0.528518 0.119168 0.214209
2 3 0.000173 0.013658 0.560041 0.420939 0.005189
2 3 0.001638 0.107610 0.710052 0.105673 0.075026
2 3 0.004183 0.191598 0.710210 0.009587 0.084422
2 2 0.004424 0.193763 0.581829 0.043301 0.176683
2 2 0.014517 0.255774 0.585747 0.053936 0.090027
2 2 0.003670 0.160253 0.777023 0.023883 0.035172
2 2 0.002536 0.041021 0.767703 0.185571 0.003169
2 3 0.004697 0.112449 0.844968 0.028482 0.009404
2 3 0.006091 0.055154 0.728634 0.194585 0.015537
1 3 0.100032 0.495226 0.275507 0.001240 0.127995
2 1 0.005851 0.168860 0.770499 0.014494 0.040297
1 1 0.202821 0.374085 0.243657 0.001115 0.178323
1 1 0.058190 0.573260 0.233546 0.000218 0.134786
4 1 0.063643 0.204030 0.101386 0.021921 0.609020
2 1 0.017175 0.296102 0.522334 0.022660 0.141728
3 1 0.013345 0.155992 0.321493 0.330010 0.179160
2 2 0.006873 0.341138 0.480638 0.004568 0.166783
2 2 0.011650 0.339522 0.561390 0.004228 0.083209
2 2 0.018502 0.323121 0.636411 0.001244 0.020721
2 2 0.013137 0.370681 0.444086 0.005563 0.166533
1 2 0.074388 0.503435 0.243382 0.000845 0.177949
1 2 0.136036 0.556548 0.187286 0.000322 0.119807
1 2 0.108894 0.501793 0.184736 0.000452 0.204125
1 2 0.056853 0.497620 0.275523 0.005918 0.164087
2 2 0.018888 0.251821 0.372240 0.001503 0.355549
2 2 0.011327 0.265964 0.532218 0.003308 0.187183
2 2 0.011054 0.302113 0.561554 0.010330 0.114949
2 2 0.009661 0.227587 0.598859 0.060761 0.103133
1 2 0.090962 0.400050 0.260511 0.000341 0.248137
2 2 0.001774 0.137929 0.818921 0.004092 0.037284
2 2 0.000810 0.060603 0.821214 0.098418 0.018955
2 2 0.008057 0.112683 0.830611 0.041710 0.006939
2 2 0.001192 0.020794 0.525457 0.449367 0.003191
2 3 0.000429 0.034838 0.625472 0.317105 0.022156
2 3 0.001067 0.061656 0.785328 0.132979 0.018969
2 3 0.004811 0.086538 0.556707 0.305712 0.046233
2 3 0.000265 0.017812 0.777009 0.202201 0.002713
2 3 0.002819 0.141083 0.742208 0.055167 0.058724
2 3 0.000312 0.023616 0.827429 0.144696 0.003946
2 3 0.003368 0.083562 0.773907 0.123487 0.015675
2 3 0.005028 0.169575 0.749896 0.015390 0.060111
2 3 0.009669 0.253712 0.579556 0.004208 0.152855
1 2 0.065681 0.460779 0.337560 0.002575 0.133405
1 2 0.082345 0.553887 0.221887 0.001019 0.140861
2 2 0.033543 0.354199 0.398062 0.032872 0.181324
2 2 0.006582 0.228843 0.555111 0.047350 0.162114
1 2 0.033266 0.439087 0.345511 0.000526 0.181610
3 2 0.002417 0.032550 0.224486 0.712534 0.028013
2 2 0.000779 0.031668 0.792053 0.171328 0.004172
2 3 0.001639 0.042330 0.575128 0.364941 0.015962
2 3 0.001572 0.076875 0.856248 0.052042 0.013263
2 3 0.001063 0.043489 0.814693 0.134483 0.006272
2 3 0.001740 0.026542 0.568319 0.399902 0.003497
2 3 0.001091 0.039938 0.573432 0.361253 0.024286
2 3 0.015465 0.068538 0.533736 0.374029 0.008231
3 3 0.002725 0.047177 0.350165 0.570089 0.029844
2 3 0.000382 0.013574 0.584927 0.398502 0.002615
2 3 0.000715 0.034404 0.684567 0.269223 0.011091
2 3 0.001158 0.038631 0.665835 0.284752 0.009624
2 3 0.000329 0.036197 0.913881 0.044620 0.004973
2 3 0.000927 0.052906 0.838944 0.093193 0.014030
1 2 0.054277 0.443107 0.321739 0.000373 0.180505
2 2 0.014046 0.303577 0.534174 0.004805 0.143398
2 2 0.001428 0.075057 0.872741 0.038150 0.012623
2 2 0.026167 0.368136 0.374481 0.014809 0.216407
2 2 0.030345 0.380702 0.429549 0.022160 0.137244
2 2 0.008243 0.320693 0.518264 0.004747 0.148052
2 2 0.005319 0.131906 0.429955 0.271026 0.161794
2 2 0.002178 0.218104 0.729690 0.002470 0.047557
2 3 0.002393 0.105186 0.625081 0.181819 0.085521
2 3 0.009379 0.145905 0.521621 0.158324 0.164771
2 3 0.001976 0.108461 0.675526 0.135207 0.078830
2 2 0.001295 0.127964 0.753919 0.002126 0.114695
2 2 0.000113 0.050573 0.885436 0.024593 0.039284
2 2 0.001969 0.134093 0.447890 0.006807 0.409241
2 2 0.006086 0.205087 0.482284 0.004433 0.302110
4 4 0.020240 0.126206 0.095210 0.000464 0.757881
4 4 0.019567 0.223246 0.292952 0.000979 0.463255
4 4 0.006384 0.127872 0.190882 0.006983 0.667878
4 4 0.010760 0.181329 0.187342 0.013154 0.607414
4 4 0.025146 0.221307 0.109329 0.000248 0.643970
4 4 0.032557 0.326980 0.156571 0.000256 0.483637
4 4 0.011149 0.143328 0.134356 0.005986 0.705182
4 4 0.015454 0.107067 0.095994 0.002857 0.778628
4 4 0.006439 0.145472 0.304726 0.004518 0.538845
4 4 0.007187 0.213885 0.183672 0.000226 0.595030
2 4 0.023668 0.299759 0.343446 0.001852 0.331275
2 2 0.001246 0.148956 0.738863 0.005340 0.105596
2 2 0.016947 0.347487 0.427384 0.007295 0.200887
2 2 0.004182 0.141332 0.682534 0.106587 0.065365
2 2 0.001987 0.144179 0.749566 0.034541 0.069727
4 2 0.015134 0.189799 0.280954 0.009066 0.505046
2 2 0.002088 0.090019 0.761084 0.117528 0.029281
2 3 0.001992 0.087567 0.639862 0.199785 0.070794
2 3 0.000715 0.054913 0.810608 0.107303 0.026460
3 3 0.010920 0.085226 0.338108 0.517193 0.048553
2 3 0.007689 0.183699 0.443860 0.156525 0.208227
2 3 0.023365 0.367920 0.385055 0.004497 0.219163
2 2 0.006647 0.156278 0.739857 0.064379 0.032839
4 1 0.149916 0.355542 0.119118 0.000271 0.375153
4 1 0.091433 0.226471 0.093148 0.004225 0.584724
4 4 0.059982 0.295255 0.244030 0.001343 0.399390
2 4 0.016369 0.336237 0.521382 0.002312 0.123700
2 4 0.026229 0.394344 0.433538 0.002032 0.143857
1 4 0.060579 0.515049 0.238772 0.005067 0.180533
2 2 0.017430 0.200280 0.536517 0.050094 0.195679
2 2 0.006358 0.227248 0.542076 0.048771 0.175548
3 3 0.006670 0.059162 0.276259 0.616915 0.040995
3 3 0.020290 0.085080 0.276220 0.581371 0.037040
2 2 0.009318 0.078077 0.459853 0.425003 0.027748
2 2 0.002035 0.125600 0.819717 0.010886 0.041762
1 2 0.139288 0.435484 0.171557 0.000134 0.253537
2 2 0.003030 0.182207 0.753273 0.000383 0.061107
2 1 0.016421 0.293058 0.629240 0.001477 0.059805
2 1 0.027769 0.350087 0.526198 0.020199 0.075746
2 1 0.002038 0.124685 0.778642 0.047080 0.047555
2 1 0.002285 0.139322 0.811782 0.012318 0.034293
2 1 0.015785 0.370692 0.414891 0.011131 0.187500
2 1 0.002034 0.132068 0.772331 0.039528 0.054040
2 2 0.001576 0.092347 0.803922 0.072486 0.029670
3 2 0.001118 0.031809 0.417898 0.531271 0.017904
2 3 0.024473 0.298345 0.405147 0.011360 0.260675
2 3 0.004275 0.140911 0.723104 0.083225 0.048484
2 3 0.003266 0.116243 0.777729 0.062091 0.040671
2 3 0.000155 0.007993 0.589942 0.400848 0.001063
2 3 0.001750 0.056204 0.699748 0.220759 0.021540
2 3 0.000277 0.039114 0.907855 0.043503 0.009251
2 3 0.001974 0.049260 0.880689 0.065187 0.002890
0 2 0.409848 0.348487 0.090979 0.000033 0.150653
1 2 0.083784 0.388852 0.244152 0.000254 0.282956
2 2 0.015591 0.290850 0.498369 0.002918 0.192273
0 2 0.435807 0.299917 0.079741 0.000045 0.184490
4 2 0.012162 0.127152 0.076771 0.001956 0.781959
4 2 0.120040 0.334058 0.120933 0.000495 0.424474
1 2 0.046642 0.390813 0.208301 0.000320 0.353924
1 2 0.041812 0.362257 0.310030 0.000550 0.285351
1 0 0.078710 0.545453 0.336427 0.000029 0.039381
0 0 0.691968 0.168880 0.047053 0.000039 0.092060
0 0 0.937250 0.043569 0.009590 0.000001 0.009590
0 0 0.926497 0.043822 0.011080 0.000005 0.018597
0 0 0.964847 0.023258 0.009137 0.000030 0.002729
0 0 0.893270 0.058381 0.021321 0.000285 0.026742
4 0 0.299042 0.096125 0.034018 0.002984 0.567831
0 0 0.716758 0.179745 0.053868 0.000235 0.049394
1 0 0.279671 0.302639 0.171437 0.002259 0.243994
0 0 0.353305 0.300154 0.081966 0.000096 0.264480
4 1 0.075794 0.312065 0.201181 0.001278 0.409683
4 1 0.055237 0.289662 0.156236 0.000596 0.498269
2 1 0.001182 0.099366 0.835415 0.015127 0.048911
2 1 0.002560 0.141376 0.788319 0.008786 0.058960
2 1 0.006162 0.231049 0.507520 0.046181 0.209088
2 1 0.001258 0.089837 0.856667 0.032664 0.019574
2 1 0.000834 0.107009 0.850947 0.007127 0.034084
2 2 0.026323 0.320575 0.555931 0.000444 0.096727
2 2 0.012032 0.284488 0.502380 0.000382 0.200718
1 2 0.075266 0.369308 0.219646 0.001211 0.334568
4 4 0.246306 0.314965 0.082028 0.000015 0.356686
2 4 0.010952 0.276148 0.540949 0.033601 0.138350
2 2 0.016040 0.267108 0.475095 0.075414 0.166343
2 2 0.003582 0.079604 0.614250 0.269983 0.032581
2 3 0.002477 0.048728 0.780742 0.162926 0.005127
2 3 0.001083 0.068574 0.713116 0.179000 0.038227
2 3 0.000851 0.043907 0.801981 0.144382 0.008879
2 3 0.003963 0.097312 0.631154 0.225239 0.042333
2 3 0.001058 0.057982 0.745777 0.174765 0.020418
2 3 0.000112 0.021477 0.907860 0.066391 0.004161
2 3 0.001440 0.016598 0.628745 0.352246 0.000971
2 3 0.000458 0.017819 0.865160 0.115702 0.000861
2 3 0.005617 0.078707 0.876771 0.034458 0.004447
2 3 0.000921 0.067240 0.873310 0.045929 0.012601
2 3 0.010854 0.286280 0.634776 0.010851 0.057238
2 2 0.005633 0.207034 0.750765 0.008849 0.027720
1 2 0.025052 0.446027 0.362156 0.005485 0.161280
2 2 0.016944 0.241524 0.554247 0.091452 0.095834
2 2 0.016716 0.365410 0.552506 0.000360 0.065009
2 2 0.003032 0.198332 0.714636 0.013097 0.070902
1 2 0.115083 0.524722 0.270865 0.000166 0.089165
1 2 0.035684 0.458569 0.336303 0.007520 0.161924
1 2 0.074956 0.439245 0.167884 0.000099 0.317816
2 2 0.019651 0.381159 0.442560 0.001391 0.155238
2 2 0.009070 0.333047 0.570789 0.000665 0.086428
2 2 0.032607 0.379991 0.483622 0.002993 0.100787
2 2 0.004689 0.218943 0.542350 0.004653 0.229365
1 2 0.038252 0.399928 0.247609 0.000717 0.313494
2 2 0.001708 0.160529 0.717180 0.003762 0.116821
2 2 0.012712 0.338873 0.545127 0.002535 0.100753
2 2 0.022946 0.380071 0.404768 0.006345 0.185871
2 2 0.005346 0.235129 0.604589 0.018749 0.136188
2 2 0.005403 0.158862 0.695584 0.074924 0.065228
2 2 0.000425 0.072563 0.910145 0.006288 0.010579
2 2 0.001258 0.130518 0.811636 0.014213 0.042375
2 2 0.006904 0.136157 0.394854 0.298953 0.163132
2 2 0.002719 0.209265 0.681826 0.003973 0.102218
1 2 0.081940 0.379926 0.236054 0.002497 0.299582
0 2 0.377161 0.346067 0.106035 0.000215 0.170522
2 2 0.005805 0.267905 0.578676 0.003755 0.143859
2 2 0.006531 0.199348 0.706646 0.033601 0.053875
2 2 0.009385 0.253154 0.631587 0.010393 0.095480
2 2 0.007936 0.223156 0.699863 0.014574 0.054470
2 2 0.006722 0.272996 0.530394 0.004682 0.185205
2 2 0.015351 0.313768 0.531409 0.001080 0.138391
1 1 0.097104 0.420433 0.159942 0.000411 0.322109
2 1 0.014912 0.250661 0.428924 0.005775 0.299728
4 1 0.021865 0.246185 0.214777 0.003986 0.513186
1 1 0.064375 0.485646 0.325053 0.000411 0.124514
2 1 0.015743 0.349769 0.401747 0.001949 0.230791
2 1 0.011549 0.243553 0.647412 0.026123 0.071363
4 4 0.124786 0.271053 0.078474 0.000004 0.525683
2 4 0.015829 0.317301 0.347483 0.000284 0.319104
2 4 0.008456 0.171412 0.389785 0.207436 0.222911
3 2 0.001270 0.027190 0.267981 0.679885 0.023674
3 3 0.000941 0.008235 0.104057 0.881412 0.005354
2 3 0.000762 0.047095 0.643089 0.281805 0.027249
2 3 0.004831 0.082016 0.606060 0.276062 0.031031
2 3 0.032323 0.302349 0.476565 0.031542 0.157221
2 3 0.006063 0.127294 0.776371 0.067340 0.022932
2 3 0.032093 0.378552 0.572413 0.001008 0.015933
2 3 0.018270 0.210884 0.702397 0.041635 0.026813
1 3 0.159625 0.444814 0.334118 0.001142 0.060300
1 2 0.022528 0.445503 0.426601 0.000766 0.104602
1 2 0.224800 0.411978 0.123368 0.000237 0.239617
2 2 0.008579 0.289356 0.661885 0.003701 0.036479
2 2 0.002091 0.054018 0.765574 0.169591 0.008726
2 2 0.002996 0.080763 0.597484 0.276130 0.042626
2 3 0.002989 0.070568 0.733246 0.179448 0.013750
2 3 0.000227 0.013413 0.807384 0.177342 0.001634
2 3 0.000491 0.032538 0.884834 0.078128 0.004009
3 3 0.001367 0.038432 0.467606 0.472652 0.019942
2 3 0.000763 0.019210 0.549053 0.426746 0.004227
2 3 0.000039 0.004970 0.866675 0.127892 0.000424
2 3 0.001212 0.019432 0.514877 0.461347 0.003133
2 3 0.000881 0.025897 0.587034 0.379703 0.006485
2 3 0.001370 0.043758 0.721334 0.223217 0.010321
3 3 0.000433 0.003737 0.109300 0.885182 0.001348
2 3 0.006233 0.116799 0.611587 0.179745 0.085637
3 3 0.002840 0.008004 0.098036 0.888997 0.002122
3 3 0.000015 0.001639 0.346558 0.651385 0.000403
3 3 0.001052 0.005394 0.094281 0.897227 0.002046
3 3 0.000876 0.007702 0.161611 0.826495 0.003317
3 3 0.001022 0.015760 0.362251 0.615918 0.005049
3 3 0.003346 0.006324 0.040970 0.945612 0.003747
3 3 0.001191 0.002654 0.030016 0.964726 0.001413
3 3 0.000007 0.000015 0.002594 0.997380 0.000004
3 3 0.022195 0.022003 0.094840 0.835445 0.025518
3 3 0.004607 0.008862 0.065245 0.914432 0.006855
3 3 0.000282 0.000216 0.005290 0.994134 0.000077
3 3 0.001070 0.000691 0.008625 0.989334 0.000280
3 3 0.000170 0.000693 0.035385 0.963418 0.000333
3 3 0.000758 0.000427 0.006371 0.992280 0.000164
3 3 0.002666 0.001355 0.013657 0.981531 0.000791
3 3 0.000524 0.000198 0.004100 0.995113 0.000066
3 3 0.001541 0.000676 0.009224 0.988195 0.000363
3 3 0.000126 0.000146 0.005337 0.994341 0.000051
3 3 0.000175 0.000063 0.002977 0.996773 0.000011
3 3 0.001207 0.001061 0.015778 0.981370 0.000585
3 3 0.001273 0.000273 0.003217 0.995143 0.000093
3 3 0.000143 0.000052 0.001864 0.997927 0.000015
3 3 0.000722 0.000340 0.008177 0.990688 0.000074
3 3 0.000578 0.000273 0.004894 0.994154 0.000102
3 3 0.005028 0.000478 0.003685 0.990588 0.000221
3 3 0.001709 0.000653 0.006452 0.990926 0.000259
3 3 0.000273 0.000113 0.002887 0.996691 0.000036
3 3 0.001215 0.001794 0.023309 0.972675 0.001006
3 3 0.004642 0.001164 0.012640 0.980626 0.000928
3 3 0.000098 0.000112 0.004663 0.995090 0.000037
3 3 0.000060 0.000021 0.001183 0.998731 0.000005
3 3 0.001930 0.000177 0.001743 0.996095 0.000054
3 3 0.000182 0.000051 0.001635 0.998117 0.000014
3 3 0.000498 0.000079 0.001769 0.997627 0.000026
3 3 0.002837 0.000098 0.000820 0.996219 0.000026
3 3 0.000366 0.000081 0.001812 0.997717 0.000023
3 3 0.001452 0.000586 0.009252 0.988361 0.000349
3 3 0.000143 0.000041 0.001501 0.998302 0.000011
3 3 0.000027 0.000025 0.002110 0.997831 0.000007
3 3 0.004190 0.000717 0.007296 0.987344 0.000452
3 3 0.001567 0.000262 0.002917 0.995163 0.000092
3 3 0.000502 0.000054 0.001196 0.998232 0.000016
3 3 0.002352 0.000434 0.006346 0.990593 0.000276
3 3 0.000040 0.000015 0.001142 0.998799 0.000004
3 3 0.000645 0.000090 0.001672 0.997564 0.000028
3 3 0.002467 0.000393 0.004248 0.992711 0.000180
3 3 0.000617 0.000116 0.002338 0.996888 0.000041
3 3 0.002387 0.000426 0.003973 0.993047 0.000167
3 3 0.009379 0.000233 0.001061 0.989258 0.000069
3 3 0.000214 0.000107 0.003071 0.996575 0.000034
3 3 0.000849 0.000108 0.001769 0.997240 0.000035
3 3 0.000165 0.000021 0.000721 0.999088 0.000005
3 3 0.005935 0.000584 0.003631 0.989608 0.000242
3 3 0.000024 0.000005 0.000433 0.999538 0.000001
3 3 0.000348 0.000040 0.001015 0.998587 0.000011
3 3 0.001249 0.000379 0.004481 0.993754 0.000137
3 3 0.003894 0.000270 0.002215 0.993517 0.000104
3 3 0.000873 0.000077 0.001141 0.997888 0.000021
3 3 0.001822 0.000222 0.002309 0.995573 0.000074
3 3 0.000026 0.000010 0.000866 0.999095 0.000002
3 3 0.001797 0.000034 0.000371 0.997790 0.000008
3 3 0.000001 0.000001 0.000478 0.999520 0.000000
3 3 0.001689 0.000077 0.000833 0.997381 0.000020
3 3 0.003748 0.000070 0.000647 0.995513 0.000022
3 3 0.000793 0.000088 0.001367 0.997727 0.000025
3 3 0.005579 0.000193 0.001809 0.992325 0.000093
3 3 0.000001 0.000002 0.000752 0.999245 0.000000
3 3 0.001084 0.000198 0.002551 0.996103 0.000064
3 3 0.000813 0.000071 0.001094 0.998002 0.000019
3 3 0.000290 0.000069 0.001749 0.997872 0.000020
3 3 0.001594 0.001157 0.012479 0.984208 0.000561
3 3 0.005895 0.000604 0.004212 0.989004 0.000285
3 3 0.001712 0.000353 0.004027 0.993766 0.000141
3 3 0.004846 0.000578 0.004396 0.989909 0.000271
3 3 0.000013 0.000002 0.000284 0.999701 0.000000
3 3 0.000026 0.000034 0.005870 0.994068 0.000003
3 3 0.000898 0.000210 0.002963 0.995860 0.000070
3 3 0.000351 0.000093 0.002121 0.997407 0.000028
3 3 0.005807 0.000501 0.003247 0.990237 0.000207
3 3 0.000026 0.000009 0.000759 0.999205 0.000002
3 3 0.000316 0.000020 0.000670 0.998987 0.000006
3 3 0.000259 0.000097 0.002824 0.996787 0.000033
3 3 0.027999 0.002206 0.009653 0.958371 0.001772
3 3 0.000783 0.000045 0.001154 0.997999 0.000019
3 3 0.001142 0.000227 0.002837 0.995720 0.000075
3 3 0.000393 0.000083 0.001804 0.997696 0.000024
3 3 0.000914 0.000098 0.001723 0.997230 0.000035
3 3 0.000284 0.000049 0.001258 0.998396 0.000013
3 3 0.000280 0.000068 0.001741 0.997892 0.000019
3 3 0.000002 0.000001 0.000320 0.999677 0.000000
3 3 0.002251 0.000430 0.004290 0.992851 0.000177
3 3 0.000473 0.000127 0.002651 0.996706 0.000043
3 3 0.000197 0.000071 0.002156 0.997555 0.000021
3 3 0.000765 0.000268 0.004043 0.994830 0.000094
3 3 0.002294 0.000576 0.008741 0.988268 0.000121
3 3 0.000826 0.002873 0.039331 0.955381 0.001589
3 3 0.016338 0.006613 0.035803 0.938505 0.002742
3 3 0.007621 0.010074 0.044890 0.931178 0.006237
3 3 0.000373 0.002017 0.076138 0.920993 0.000479
3 3 0.007244 0.009275 0.102078 0.878633 0.002770
3 3 0.001419 0.005211 0.069167 0.921823 0.002380
3 3 0.001538 0.001861 0.023854 0.971649 0.001098
3 3 0.000709 0.000338 0.006022 0.992828 0.000102
3 3 0.002107 0.003879 0.047569 0.944801 0.001645
3 3 0.001525 0.001620 0.020097 0.975933 0.000826
3 3 0.004128 0.004391 0.036316 0.952254 0.002911
3 3 0.001346 0.001396 0.015523 0.981068 0.000667
3 3 0.000373 0.000184 0.004191 0.995195 0.000058
3 3 0.005329 0.006709 0.077318 0.904868 0.005776
3 3 0.005697 0.008395 0.051985 0.930306 0.003617
3 3 0.002107 0.003723 0.038476 0.953269 0.002424
3 3 0.000150 0.002397 0.241769 0.755440 0.000243
3 3 0.060920 0.102617 0.380688 0.418673 0.037102
3 3 0.007285 0.015871 0.128833 0.839746 0.008264
3 3 0.011042 0.051599 0.187911 0.696967 0.052481
2 1 0.005163 0.120404 0.477849 0.084784 0.311800
2 1 0.021651 0.146420 0.320147 0.220352 0.291431
4 1 0.006886 0.125496 0.361394 0.043389 0.462836
2 1 0.003272 0.150401 0.699378 0.013047 0.133901
3 1 0.004255 0.053921 0.411403 0.484283 0.046138
4 1 0.016860 0.161562 0.268382 0.055222 0.497974
2 1 0.001068 0.077640 0.691345 0.140282 0.089664
4 1 0.011005 0.120957 0.157310 0.007938 0.702790
2 1 0.001427 0.113705 0.615568 0.120269 0.149031
4 4 0.031814 0.271003 0.270871 0.007476 0.418836
4 4 0.008767 0.172002 0.274954 0.003390 0.540888
4 4 0.016813 0.150387 0.221504 0.030354 0.580941
4 4 0.016730 0.173720 0.248244 0.044625 0.516681
4 4 0.032472 0.174057 0.092057 0.009255 0.692159
2 4 0.003570 0.134621 0.651709 0.011626 0.198474
4 4 0.012237 0.140470 0.262876 0.002991 0.581425
4 4 0.030286 0.243910 0.326640 0.008453 0.390710
4 4 0.010903 0.173597 0.394454 0.008514 0.412531
4 4 0.011218 0.125535 0.189560 0.009757 0.663930
2 4 0.005878 0.184710 0.377441 0.055125 0.376847
4 4 0.021345 0.200483 0.273837 0.103683 0.400652
4 4 0.012487 0.120475 0.124747 0.005535 0.736756
4 4 0.028000 0.136294 0.170116 0.026797 0.638793
4 4 0.019018 0.168498 0.341168 0.009321 0.461995
2 4 0.098125 0.273444 0.387762 0.043876 0.196793
2 4 0.013427 0.192495 0.455452 0.004729 0.333896
2 4 0.001853 0.131912 0.734883 0.053732 0.077621
2 4 0.008279 0.170062 0.462158 0.199283 0.160217
2 4 0.020606 0.221453 0.338598 0.196102 0.223241
2 2 0.006489 0.146297 0.581869 0.089422 0.175924
2 2 0.003682 0.123395 0.476575 0.241014 0.155334
2 2 0.008556 0.198575 0.614769 0.087023 0.091077
2 2 0.004601 0.155854 0.484304 0.085823 0.269418
2 2 0.023641 0.266038 0.363849 0.014483 0.331989
2 2 0.017369 0.202327 0.530969 0.134678 0.114657
2 2 0.018758 0.255559 0.439448 0.008676 0.277559
3 4 0.005780 0.084561 0.320378 0.502282 0.086999
2 2 0.009431 0.253287 0.604604 0.009127 0.123551
2 2 0.012487 0.215579 0.400127 0.032518 0.339290
2 2 0.006492 0.242413 0.677056 0.013023 0.061016
2 2 0.000369 0.052115 0.901591 0.033486 0.012440
2 2 0.004605 0.134812 0.765232 0.019342 0.076009
2 2 0.243415 0.317786 0.398543 0.004986 0.035270
1 2 0.302432 0.493967 0.169267 0.002245 0.032089
2 2 0.006835 0.214143 0.673959 0.034022 0.071041
2 2 0.006287 0.105800 0.540686 0.295487 0.051739
3 2 0.002295 0.053160 0.428694 0.480022 0.035828
2 2 0.004184 0.174806 0.686743 0.051819 0.082448
2 2 0.003085 0.212918 0.739078 0.004329 0.040590
2 2 0.003143 0.135820 0.814492 0.022240 0.024306
2 2 0.027119 0.258292 0.543661 0.001220 0.169709
2 2 0.045948 0.357862 0.370751 0.010582 0.214857
2 2 0.012356 0.295222 0.590216 0.013648 0.088558
3 2 0.003281 0.041636 0.416662 0.523010 0.015411
2 2 0.009310 0.175295 0.568395 0.156009 0.090991
2 2 0.001852 0.076989 0.821185 0.083472 0.016502
2 2 0.002760 0.148495 0.678933 0.071161 0.098652
2 2 0.005604 0.077717 0.608026 0.288572 0.020082
2 2 0.006575 0.145561 0.593721 0.176677 0.077466
2 2 0.000665 0.039941 0.718694 0.226569 0.014131
2 2 0.002755 0.108392 0.829522 0.039800 0.019531
2 2 0.005175 0.144795 0.746236 0.047340 0.056453
2 2 0.005115 0.308962 0.567437 0.003636 0.114851
2 2 0.002418 0.076449 0.751864 0.149376 0.019894
2 2 0.004812 0.071840 0.544365 0.353381 0.025602
2 2 0.000918 0.061823 0.849221 0.074333 0.013706
2 2 0.002792 0.076053 0.601532 0.271448 0.048175
2 2 0.000298 0.033893 0.947939 0.015592 0.002278
2 2 0.000122 0.017370 0.927368 0.053136 0.002005
2 2 0.000573 0.045177 0.909290 0.038712 0.006247
2 2 0.000696 0.049688 0.797197 0.134937 0.017482
2 2 0.000832 0.032318 0.777367 0.184307 0.005176
2 2 0.001133 0.066966 0.815283 0.095007 0.021611
3 2 0.000349 0.007246 0.322559 0.668239 0.001607
2 2 0.000918 0.043372 0.938437 0.011722 0.005551
2 2 0.003727 0.181647 0.755036 0.013030 0.046560
2 2 0.000130 0.034334 0.947809 0.012481 0.005246
2 2 0.003193 0.086932 0.785498 0.109016 0.015360
2 2 0.011622 0.243293 0.586982 0.007490 0.150613
3 2 0.003846 0.033070 0.251083 0.695770 0.016230
2 2 0.001475 0.077486 0.802044 0.097269 0.021727
2 2 0.000691 0.046598 0.898611 0.047720 0.006380
2 2 0.001931 0.031808 0.649209 0.312496 0.004556
2 2 0.002791 0.080498 0.814124 0.088814 0.013772
2 2 0.000249 0.038664 0.875760 0.072598 0.012729
2 2 0.000280 0.016271 0.816488 0.165110 0.001850
2 2 0.000337 0.043418 0.894731 0.051432 0.010082
2 2 0.000390 0.038878 0.894476 0.058434 0.007822
2 2 0.004001 0.155355 0.699055 0.041322 0.100267
2 2 0.028493 0.105760 0.599807 0.251102 0.014838
2 2 0.015235 0.184185 0.584708 0.154175 0.061696
2 3 0.004783 0.128675 0.609771 0.140435 0.116336
2 3 0.004717 0.111177 0.609770 0.224161 0.050175
2 3 0.001850 0.055490 0.767950 0.165190 0.009520
2 3 0.003227 0.073879 0.607417 0.285592 0.029885
2 3 0.020782 0.364204 0.460895 0.016772 0.137347
2 3 0.001726 0.046955 0.630534 0.305040 0.015745
2 3 0.000539 0.050777 0.841804 0.091275 0.015604
2 3 0.005667 0.108450 0.603797 0.236754 0.045332
2 3 0.000906 0.036214 0.739876 0.215845 0.007159
2 3 0.000126 0.013845 0.917275 0.067618 0.001137
3 3 0.001349 0.031661 0.444570 0.509092 0.013327
3 3 0.003809 0.049985 0.319858 0.594047 0.032301
2 3 0.000632 0.030164 0.710885 0.250196 0.008122
2 3 0.012761 0.082061 0.695806 0.202526 0.006847
2 3 0.007269 0.273191 0.609914 0.013198 0.096428
2 3 0.001174 0.038501 0.781367 0.172500 0.006457
2 3 0.001494 0.035353 0.697166 0.260213 0.005773
2 3 0.001744 0.037830 0.844136 0.113615 0.002675
2 2 0.000085 0.008803 0.931765 0.058833 0.000514
2 2 0.000859 0.031063 0.850078 0.115258 0.002742
2 2 0.001088 0.050429 0.925488 0.019885 0.003110
2 2 0.001023 0.039722 0.823215 0.129979 0.006060
2 2 0.001064 0.023906 0.754344 0.217169 0.003517
2 2 0.000770 0.028001 0.745009 0.221674 0.004546
2 2 0.001986 0.093032 0.887661 0.010802 0.006519
3 2 0.001123 0.028864 0.348589 0.601113 0.020312
2 3 0.000203 0.018252 0.853972 0.124971 0.002601
2 3 0.003523 0.131777 0.761295 0.045518 0.057887
2 3 0.000068 0.003488 0.922244 0.074158 0.000041
2 3 0.000882 0.051776 0.822065 0.114146 0.011133
2 3 0.001711 0.044209 0.691911 0.252727 0.009442
2 3 0.000261 0.018767 0.799694 0.178224 0.003054
2 3 0.004792 0.147281 0.607457 0.101779 0.138690
2 3 0.000149 0.017866 0.856678 0.122601 0.002707
2 3 0.000616 0.036250 0.514010 0.419360 0.029764
3 3 0.000989 0.011840 0.352096 0.633197 0.001878
2 3 0.004084 0.043110 0.766698 0.183432 0.002675
3 3 0.006118 0.039147 0.336992 0.606977 0.010765
2 3 0.006906 0.113818 0.638458 0.205331 0.035487
3 3 0.001672 0.049327 0.380557 0.519299 0.049145
2 3 0.017859 0.138741 0.775610 0.054875 0.012915
3 3 0.001978 0.029466 0.282653 0.666672 0.019230
3 3 0.001323 0.016054 0.218399 0.756613 0.007611
2 3 0.001326 0.029441 0.597727 0.365521 0.005985
2 3 0.006958 0.082003 0.720521 0.179994 0.010524
3 3 0.001788 0.016877 0.335809 0.642281 0.003246
2 3 0.001333 0.064698 0.500733 0.360838 0.072398
2 3 0.002356 0.031649 0.647837 0.314813 0.003345
2 3 0.000908 0.043956 0.700145 0.239686 0.015304
2 3 0.001022 0.038871 0.724658 0.224189 0.011260
2 3 0.024934 0.306333 0.645102 0.004420 0.019212
2 3 0.000723 0.077836 0.861374 0.036029 0.024038
2 2 0.007271 0.221169 0.586432 0.017388 0.167740
2 2 0.014671 0.265218 0.522396 0.062019 0.135695
2 2 0.003393 0.104298 0.698297 0.153337 0.040675
3 2 0.003127 0.047446 0.372847 0.551907 0.024673
2 2 0.000286 0.017820 0.505299 0.468337 0.008258
3 2 0.005025 0.051474 0.396328 0.525761 0.021412
2 3 0.013072 0.262875 0.483176 0.064345 0.176531
2 3 0.002910 0.133008 0.762236 0.056741 0.045106
2 3 0.012298 0.325132 0.518364 0.014419 0.129787
2 3 0.001723 0.069020 0.721424 0.183184 0.024649
3 3 0.002962 0.024991 0.444139 0.521502 0.006406
2 3 0.028565 0.375527 0.510819 0.008403 0.076686
2 3 0.002395 0.033466 0.706913 0.254554 0.002672
0 0 0.418301 0.298471 0.077664 0.000009 0.205555
1 1 0.024445 0.430024 0.336112 0.004531 0.204888
2 1 0.012915 0.249960 0.530125 0.070655 0.136344
2 1 0.020021 0.231152 0.585648 0.098651 0.064527
2 1 0.004413 0.180483 0.752789 0.021218 0.041096
0 1 0.475439 0.323124 0.184540 0.000106 0.016792
2 1 0.012714 0.294248 0.553888 0.017987 0.121163
2 1 0.016240 0.386707 0.522077 0.003947 0.071029
2 1 0.007817 0.232613 0.702076 0.014579 0.042915
2 1 0.016997 0.279908 0.477520 0.063946 0.161630
2 1 0.018718 0.333131 0.515906 0.001014 0.131230
2 1 0.014234 0.355216 0.470367 0.011322 0.148861
2 1 0.000959 0.082050 0.620050 0.189783 0.107158
4 1 0.003656 0.190828 0.396581 0.005699 0.403237
2 2 0.001736 0.163665 0.634440 0.000967 0.199192
4 2 0.037494 0.167587 0.107455 0.001307 0.686157
4 2 0.015034 0.127807 0.091590 0.001531 0.764037
2 4 0.012816 0.205067 0.392102 0.009943 0.380072
4 4 0.005496 0.125992 0.270504 0.013819 0.584190
4 4 0.022857 0.120040 0.070783 0.002369 0.783952
4 4 0.023761 0.086587 0.049061 0.001685 0.838906
4 4 0.340603 0.028052 0.007932 0.000018 0.623395
0 4 0.882431 0.088569 0.024057 0.000005 0.004938
1 4 0.301844 0.451868 0.148236 0.000147 0.097905
2 4 0.010261 0.319132 0.348880 0.000199 0.321528
2 4 0.015357 0.265025 0.417988 0.004278 0.297351
1 4 0.039937 0.424293 0.258138 0.002432 0.275200
2 4 0.022092 0.237960 0.592311 0.027600 0.120037
2 4 0.010383 0.241498 0.652787 0.031109 0.064223
4 4 0.022881 0.193090 0.264443 0.000162 0.519425
2 4 0.016164 0.316816 0.340081 0.012432 0.314506
4 4 0.010658 0.203659 0.351698 0.004147 0.429838
2 4 0.002254 0.172499 0.628385 0.000561 0.196301
4 4 0.004922 0.129503 0.352245 0.009273 0.504057
4 4 0.020154 0.205204 0.229645 0.012760 0.532237
4 4 0.007521 0.123918 0.243068 0.014512 0.610982
4 4 0.015032 0.135384 0.079506 0.002797 0.767281
4 4 0.045430 0.317022 0.165263 0.014870 0.457415
2 4 0.001464 0.096132 0.752588 0.034785 0.115030
2 4 0.033274 0.332486 0.398516 0.000153 0.235571
2 4 0.004885 0.114508 0.483035 0.006470 0.391102
4 4 0.036840 0.288559 0.239733 0.001241 0.433626
4 4 0.036250 0.118109 0.094885 0.009988 0.740768
4 4 0.036084 0.147112 0.105176 0.002229 0.709399
4 4 0.014695 0.109294 0.126787 0.006673 0.742551
2 4 0.035085 0.315516 0.324246 0.018838 0.306315
0 4 0.534839 0.156777 0.044611 0.000079 0.263693
4 4 0.016054 0.164382 0.208127 0.015089 0.596348
4 4 0.006721 0.171100 0.368445 0.055350 0.398383
4 4 0.009520 0.172626 0.282096 0.003205 0.532554
4 4 0.031648 0.128901 0.102600 0.002011 0.734839
4 4 0.006359 0.124975 0.380038 0.018016 0.470612
4 4 0.015297 0.111142 0.174398 0.013956 0.685208
4 4 0.008778 0.190981 0.262334 0.001171 0.536736
4 4 0.048826 0.147856 0.111270 0.001772 0.690275
4 4 0.007037 0.073263 0.173341 0.005668 0.740691
4 4 0.039276 0.053618 0.023251 0.000713 0.883141
0 4 0.829211 0.100450 0.031504 0.000161 0.038674
4 4 0.028613 0.050753 0.021374 0.000435 0.898825
4 4 0.062705 0.137823 0.066802 0.000885 0.731784
4 4 0.076083 0.119580 0.044323 0.000044 0.759971
4 4 0.020848 0.063132 0.028763 0.000272 0.886984
2 4 0.003868 0.156791 0.730375 0.052208 0.056757
2 4 0.140572 0.381157 0.442189 0.002206 0.033876
2 4 0.010307 0.113524 0.581245 0.135136 0.159788
4 4 0.053626 0.146966 0.065664 0.000171 0.733574
2 4 0.005844 0.181550 0.594098 0.008827 0.209681
2 4 0.006857 0.136896 0.411867 0.082055 0.362324
2 4 0.023400 0.231277 0.367426 0.016318 0.361580
4 4 0.011129 0.092627 0.100250 0.002336 0.793658
4 4 0.023311 0.146492 0.139529 0.014489 0.676179
2 4 0.015457 0.188829 0.544276 0.092948 0.158490
2 1 0.001438 0.064032 0.563036 0.270149 0.101345
4 1 0.011259 0.134760 0.264502 0.029657 0.559822
4 1 0.086961 0.303587 0.242388 0.010975 0.356090
2 1 0.028692 0.338887 0.429921 0.008846 0.193654
2 1 0.015193 0.313627 0.609947 0.002338 0.058895
0 1 0.469855 0.332460 0.135728 0.001038 0.060918
2 1 0.015119 0.293532 0.381795 0.001646 0.307908
2 1 0.003167 0.158659 0.803554 0.004143 0.030477
2 1 0.012509 0.280143 0.495699 0.006446 0.205203
2 1 0.007177 0.208116 0.717636 0.002050 0.065021
2 1 0.002538 0.217744 0.549714 0.001795 0.228209
4 1 0.058972 0.344169 0.237018 0.003377 0.356463
2 1 0.002412 0.158269 0.740251 0.000592 0.098476
2 1 0.005187 0.220741 0.619656 0.004905 0.149511
2 1 0.005118 0.198814 0.586864 0.018626 0.190577
2 2 0.000345 0.048698 0.820776 0.103852 0.026329
2 2 0.003369 0.147468 0.741481 0.038000 0.069681
2 2 0.006013 0.207606 0.475374 0.076516 0.234492
2 2 0.005515 0.198737 0.668769 0.017252 0.109728
2 2 0.009438 0.246823 0.698465 0.005702 0.039571
1 2 0.016214 0.437218 0.346863 0.001318 0.198388
2 2 0.010691 0.279702 0.626995 0.014918 0.067693
2 2 0.002829 0.152200 0.664635 0.071768 0.108568
1 2 0.040196 0.400912 0.261805 0.003143 0.293944
2 2 0.004464 0.203524 0.684160 0.019799 0.088054
2 2 0.001354 0.078065 0.828035 0.072785 0.019760
2 2 0.000654 0.058666 0.808674 0.108021 0.023985
2 2 0.002535 0.170874 0.763427 0.013859 0.049305
2 2 0.003131 0.166510 0.698861 0.018007 0.113491
2 2 0.005899 0.112064 0.558344 0.260438 0.063256
2 2 0.000119 0.023217 0.849967 0.118327 0.008369
