0 0 0.974187 0.004813 0.003686 0.000169 0.017146
0 0 0.874474 0.088479 0.021199 0.000202 0.015647
0 0 0.911129 0.008773 0.005838 0.000047 0.074214
0 0 0.777893 0.092399 0.032303 0.001039 0.096366
0 0 0.929981 0.020088 0.013188 0.000125 0.036618
4 0 0.238938 0.018285 0.017785 0.000425 0.724567
0 0 0.785640 0.035740 0.025872 0.002286 0.150461
0 0 0.842258 0.007094 0.007382 0.000682 0.142585
0 0 0.969796 0.006787 0.005488 0.000088 0.017842
0 0 0.918180 0.005033 0.004935 0.000287 0.071566
0 0 0.962146 0.004781 0.002760 0.000012 0.030301
0 0 0.624911 0.038644 0.019664 0.000048 0.316734
0 0 0.891996 0.017329 0.019488 0.000279 0.070908
0 0 0.908398 0.021713 0.010176 0.000145 0.059568
0 0 0.680362 0.192184 0.068182 0.000373 0.058898
0 0 0.921526 0.039616 0.017769 0.002091 0.018998
0 0 0.908728 0.035296 0.020094 0.005132 0.030750
2 1 0.018453 0.379568 0.504480 0.000520 0.096978
2 1 0.003492 0.244627 0.558834 0.000222 0.192825
4 1 0.010085 0.128573 0.047358 0.000527 0.813458
4 1 0.005464 0.186656 0.233820 0.004822 0.569239
4 1 0.010454 0.167262 0.065864 0.000099 0.756320
4 4 0.007356 0.165138 0.106455 0.000457 0.720593
4 4 0.008653 0.038404 0.017449 0.000118 0.935377
4 4 0.025250 0.146215 0.208555 0.030004 0.589976
4 4 0.022640 0.143146 0.052262 0.000527 0.781425
4 4 0.018495 0.297384 0.284418 0.009098 0.390605
4 4 0.003816 0.043119 0.021133 0.000047 0.931884
4 4 0.017191 0.246916 0.138845 0.001062 0.595986
4 4 0.040856 0.176268 0.140025 0.000099 0.642752
4 4 0.011105 0.037298 0.023366 0.000156 0.928075
4 4 0.017206 0.096974 0.058091 0.000821 0.826908
4 4 0.012310 0.046794 0.020885 0.000241 0.919771
4 4 0.020574 0.018437 0.010471 0.000031 0.950487
4 4 0.011675 0.088879 0.093819 0.000177 0.805450
4 4 0.015470 0.032496 0.011394 0.000246 0.940393
4 4 0.040318 0.070946 0.034985 0.000089 0.853663
4 4 0.047382 0.119886 0.128846 0.000361 0.703525
4 4 0.034286 0.103581 0.037412 0.000102 0.824619
4 4 0.026566 0.221936 0.086742 0.003670 0.661085
4 4 0.015766 0.108200 0.043793 0.000855 0.831386
4 4 0.019616 0.288181 0.165050 0.000564 0.526590
4 4 0.021171 0.342327 0.279289 0.000635 0.356578
4 4 0.027053 0.272049 0.100231 0.000345 0.600322
4 4 0.051635 0.347718 0.091468 0.000155 0.509025
4 4 0.002741 0.175150 0.343970 0.001536 0.476603
4 4 0.018321 0.319542 0.325236 0.004948 0.331953
4 4 0.017543 0.269592 0.204019 0.003937 0.504909
0 4 0.903627 0.032157 0.019683 0.000593 0.043941
0 0 0.861490 0.081652 0.033720 0.001333 0.021805
0 0 0.982768 0.001821 0.002353 0.000033 0.013025
0 0 0.722547 0.015327 0.016827 0.000076 0.245223
0 0 0.995684 0.000273 0.000442 0.000029 0.003572
0 0 0.959082 0.003047 0.004732 0.000689 0.032450
0 0 0.988756 0.003097 0.002697 0.000124 0.005325
0 0 0.871512 0.011537 0.011692 0.000668 0.104591
0 0 0.991333 0.000962 0.001601 0.000067 0.006037
0 0 0.917829 0.014943 0.013041 0.000180 0.054007
0 0 0.928221 0.017037 0.005960 0.000010 0.048772
0 0 0.886055 0.014889 0.008922 0.000043 0.090091
0 0 0.937714 0.013934 0.015534 0.000124 0.032693
0 0 0.575708 0.075376 0.035674 0.002067 0.311174
4 0 0.140891 0.054667 0.024628 0.000263 0.779552
4 1 0.156506 0.292572 0.091956 0.000077 0.458888
4 1 0.013103 0.024968 0.007434 0.000038 0.954457
1 1 0.323052 0.327039 0.070873 0.001261 0.277775
0 1 0.640256 0.152284 0.045795 0.001167 0.160498
1 1 0.017665 0.358878 0.268928 0.000193 0.354336
1 1 0.048510 0.468350 0.294617 0.000765 0.187758
4 1 0.032979 0.339368 0.266819 0.020489 0.340344
2 1 0.005320 0.235456 0.572611 0.008673 0.177940
2 1 0.002287 0.129719 0.851772 0.007301 0.008920
2 1 0.007516 0.289442 0.566738 0.000680 0.135624
2 1 0.016322 0.305059 0.535329 0.031593 0.111698
2 1 0.007757 0.300421 0.596907 0.000450 0.094465
2 1 0.001885 0.120961 0.846037 0.017513 0.013605
1 1 0.042628 0.449135 0.390670 0.002502 0.115065
2 2 0.030964 0.388728 0.504209 0.006520 0.069579
2 2 0.002825 0.149933 0.815819 0.013377 0.018046
2 2 0.026371 0.340085 0.545785 0.029500 0.058260
2 2 0.009140 0.216647 0.691166 0.055321 0.027726
2 2 0.014455 0.266605 0.645958 0.036852 0.036129
2 2 0.003614 0.122415 0.739731 0.126171 0.008069
2 2 0.009700 0.211909 0.607521 0.126427 0.044443
2 2 0.030693 0.364523 0.387788 0.027864 0.189133
2 2 0.002733 0.115047 0.683540 0.181575 0.017106
2 2 0.003100 0.024314 0.531091 0.416238 0.025258
2 3 0.000756 0.028116 0.556175 0.401124 0.013830
3 3 0.000053 0.011285 0.461954 0.525252 0.001457
2 3 0.001755 0.078528 0.455513 0.440029 0.024175
2 3 0.009091 0.060754 0.587337 0.325812 0.017007
3 3 0.000918 0.042507 0.359178 0.592018 0.005380
3 3 0.000138 0.003775 0.200103 0.794972 0.001013
3 3 0.000218 0.002928 0.049115 0.946921 0.000819
3 3 0.001086 0.004916 0.068086 0.920104 0.005808
3 3 0.004842 0.080070 0.210060 0.677018 0.028010
3 3 0.002326 0.007189 0.151519 0.831611 0.007356
3 3 0.000000 0.000004 0.002804 0.997191 0.000001
3 3 0.000040 0.000110 0.007439 0.992328 0.000082
3 3 0.021521 0.003439 0.030169 0.930332 0.014539
3 3 0.000062 0.000067 0.004597 0.995190 0.000084
3 3 0.000039 0.000465 0.016488 0.982847 0.000160
3 3 0.001267 0.001809 0.038496 0.957290 0.001138
3 3 0.000346 0.000466 0.013339 0.985317 0.000532
3 3 0.000000 0.000001 0.000898 0.999101 0.000000
3 3 0.000100 0.000134 0.006357 0.993262 0.000147
3 3 0.000099 0.000147 0.006652 0.992950 0.000152
3 3 0.000008 0.000012 0.002253 0.997717 0.000010
3 3 0.000040 0.000008 0.001627 0.998299 0.000027
3 3 0.000044 0.000050 0.003981 0.995865 0.000060
3 3 0.000014 0.000026 0.002955 0.996982 0.000023
3 3 0.001614 0.000988 0.024437 0.972141 0.000819
3 3 0.000000 0.000002 0.001578 0.998418 0.000001
3 3 0.000525 0.000353 0.011487 0.987173 0.000462
3 3 0.000031 0.000012 0.002054 0.997874 0.000028
3 3 0.000353 0.000757 0.028591 0.969955 0.000343
3 3 0.000005 0.000008 0.001649 0.998331 0.000008
3 3 0.000012 0.000007 0.002005 0.997960 0.000016
3 3 0.000000 0.000001 0.001476 0.998523 0.000000
3 3 0.000073 0.000011 0.001919 0.997953 0.000044
3 3 0.000001 0.000001 0.000732 0.999264 0.000001
3 3 0.000104 0.000227 0.008184 0.991299 0.000187
3 3 0.000381 0.000480 0.013061 0.985423 0.000654
3 3 0.000169 0.000072 0.004738 0.994863 0.000157
3 3 0.000906 0.001281 0.018444 0.978004 0.001365
3 3 0.000000 0.000001 0.000722 0.999276 0.000001
3 3 0.000062 0.000014 0.002163 0.997717 0.000044
3 3 0.000003 0.000003 0.001073 0.998918 0.000003
3 3 0.000019 0.000028 0.003044 0.996879 0.000029
3 3 0.000000 0.000001 0.000505 0.999494 0.000000
3 3 0.000036 0.000014 0.002191 0.997726 0.000032
3 3 0.000068 0.000063 0.004837 0.994960 0.000073
3 3 0.000002 0.000003 0.001062 0.998930 0.000003
3 3 0.000013 0.000036 0.004539 0.995383 0.000030
3 3 0.000004 0.000005 0.001352 0.998633 0.000006
3 3 0.000448 0.000052 0.004036 0.995220 0.000244
3 3 0.001020 0.000118 0.005959 0.992347 0.000556
3 3 0.000004 0.000010 0.002176 0.997800 0.000010
3 3 0.000015 0.000009 0.001740 0.998221 0.000016
3 3 0.000011 0.000016 0.003061 0.996888 0.000025
3 3 0.001530 0.000467 0.011431 0.985334 0.001238
3 3 0.000000 0.000001 0.002793 0.997204 0.000001
3 3 0.000026 0.000006 0.001951 0.997989 0.000029
3 3 0.000128 0.000024 0.002814 0.996950 0.000085
3 3 0.000026 0.000012 0.002039 0.997899 0.000025
3 3 0.000205 0.000049 0.004005 0.995596 0.000145
3 3 0.001192 0.000213 0.007877 0.989943 0.000775
3 3 0.000367 0.000318 0.010832 0.987934 0.000549
3 3 0.001233 0.000198 0.011826 0.986100 0.000643
3 3 0.000039 0.000013 0.002099 0.997816 0.000033
3 3 0.000047 0.000012 0.005479 0.994403 0.000060
3 3 0.001194 0.000604 0.012916 0.984101 0.001185
3 3 0.000000 0.000000 0.000496 0.999503 0.000000
3 3 0.000001 0.000004 0.001781 0.998212 0.000002
3 3 0.000074 0.000083 0.005068 0.994674 0.000101
3 3 0.000001 0.000004 0.001760 0.998231 0.000004
3 3 0.000004 0.000009 0.002017 0.997962 0.000008
3 3 0.000317 0.000042 0.003657 0.995802 0.000183
3 3 0.000007 0.000005 0.001354 0.998627 0.000008
3 3 0.000454 0.001861 0.033370 0.962319 0.001995
3 3 0.000059 0.000245 0.033257 0.965829 0.000610
3 3 0.000018 0.000021 0.002906 0.997029 0.000026
3 3 0.000140 0.000155 0.006817 0.992697 0.000191
3 3 0.000050 0.000028 0.003023 0.996846 0.000052
3 3 0.000000 0.000000 0.000306 0.999694 0.000000
3 3 0.000257 0.000342 0.009910 0.989112 0.000378
3 3 0.000002 0.000110 0.013630 0.986241 0.000016
3 3 0.003762 0.028001 0.219096 0.741953 0.007188
3 3 0.000742 0.002809 0.167380 0.828861 0.000208
3 3 0.002877 0.026704 0.278716 0.632709 0.058994
3 3 0.002564 0.033154 0.138157 0.816676 0.009449
2 3 0.026929 0.135598 0.457080 0.258619 0.121775
3 2 0.001270 0.027190 0.338963 0.605105 0.027472
2 2 0.003173 0.072949 0.677552 0.083545 0.162781
2 2 0.001239 0.068037 0.602208 0.173995 0.154521
2 2 0.001718 0.095774 0.582055 0.209313 0.111140
2 4 0.003480 0.189581 0.523385 0.019827 0.263726
2 4 0.001401 0.111559 0.665444 0.141689 0.079907
4 4 0.007031 0.222853 0.252859 0.001866 0.515392
2 4 0.000976 0.091949 0.726561 0.134410 0.046104
2 4 0.005396 0.213640 0.396787 0.011683 0.372494
2 4 0.001011 0.103850 0.738414 0.084446 0.072280
2 4 0.000981 0.107478 0.646525 0.105490 0.139525
2 4 0.001263 0.110474 0.696433 0.112594 0.079236
2 4 0.001173 0.120194 0.777356 0.030096 0.071180
2 2 0.003418 0.174240 0.558523 0.070458 0.193361
2 2 0.000172 0.054964 0.855439 0.038384 0.051040
2 2 0.007066 0.161840 0.388897 0.093011 0.349187
2 2 0.010396 0.240469 0.371365 0.063409 0.314361
4 2 0.012809 0.257314 0.323205 0.035322 0.371350
2 2 0.001911 0.142471 0.620938 0.070474 0.164206
2 2 0.003491 0.186928 0.590609 0.028241 0.190730
2 2 0.001086 0.113501 0.660064 0.087443 0.137907
2 2 0.000796 0.085039 0.799916 0.083822 0.030428
2 2 0.000961 0.111749 0.773907 0.029645 0.083737
2 2 0.004186 0.175059 0.637253 0.092130 0.091372
1 2 0.023102 0.396411 0.358626 0.000487 0.221374
2 2 0.009674 0.223029 0.737411 0.006475 0.023411
2 2 0.016216 0.285695 0.626607 0.026556 0.044926
2 2 0.005848 0.156921 0.769530 0.059372 0.008330
2 2 0.012235 0.249431 0.692099 0.020422 0.025813
2 2 0.011696 0.252416 0.481061 0.083135 0.171692
2 2 0.001773 0.098110 0.832342 0.060586 0.007189
2 2 0.006820 0.220987 0.575618 0.052486 0.144089
2 2 0.027760 0.350036 0.509217 0.024883 0.088103
2 2 0.044176 0.388764 0.471583 0.034535 0.060942
4 2 0.025901 0.309288 0.230380 0.009949 0.424482
2 2 0.069005 0.436704 0.445343 0.013392 0.035558
0 2 0.801980 0.136573 0.045725 0.000569 0.015153
2 2 0.016931 0.266445 0.567788 0.091448 0.057389
1 2 0.024288 0.330095 0.322644 0.013998 0.308974
2 2 0.019093 0.302363 0.383489 0.040111 0.254944
2 2 0.015308 0.309902 0.359025 0.003973 0.311792
2 2 0.006541 0.231698 0.464132 0.017259 0.280371
1 2 0.064176 0.457604 0.218753 0.001344 0.258123
1 2 0.040133 0.359691 0.312508 0.044309 0.243360
1 2 0.038024 0.351818 0.244836 0.016097 0.349224
2 2 0.010789 0.258658 0.689050 0.006979 0.034524
2 2 0.001705 0.126682 0.743605 0.062301 0.065707
2 2 0.000317 0.053164 0.928851 0.012421 0.005247
2 2 0.000580 0.048118 0.580207 0.362340 0.008755
2 2 0.001306 0.106731 0.797865 0.058796 0.035303
4 2 0.028799 0.311662 0.216626 0.011592 0.431321
2 2 0.000170 0.035069 0.863282 0.097402 0.004077
2 2 0.006668 0.214653 0.594194 0.061745 0.122740
2 2 0.000048 0.027775 0.934060 0.025542 0.012574
2 2 0.001473 0.093970 0.857483 0.041135 0.005939
2 2 0.000600 0.075819 0.904536 0.010575 0.008471
2 2 0.008164 0.191901 0.721126 0.061714 0.017095
4 2 0.010003 0.251163 0.331586 0.011482 0.395766
2 2 0.017662 0.301472 0.505535 0.036331 0.139001
2 2 0.022207 0.292812 0.374290 0.104659 0.206031
2 2 0.001616 0.107762 0.680305 0.162844 0.047474
2 2 0.005815 0.197475 0.711736 0.037824 0.047149
2 2 0.000301 0.053020 0.827159 0.101929 0.017592
2 2 0.001123 0.097455 0.864312 0.022158 0.014953
2 2 0.002519 0.095765 0.528614 0.352493 0.020609
2 2 0.004968 0.164264 0.687210 0.111632 0.031926
2 2 0.005883 0.161992 0.513263 0.250397 0.068465
2 2 0.003234 0.096540 0.640995 0.254615 0.004616
2 2 0.022172 0.306654 0.551556 0.061595 0.058023
2 2 0.002065 0.152330 0.706143 0.025695 0.113767
2 2 0.002478 0.053626 0.756210 0.185777 0.001909
2 2 0.000866 0.051014 0.545365 0.397805 0.004949
2 2 0.001485 0.080577 0.707306 0.201902 0.008730
2 2 0.000210 0.042569 0.891165 0.059848 0.006208
2 2 0.012607 0.187321 0.694441 0.010791 0.094839
2 2 0.019448 0.314233 0.596437 0.014921 0.054960
2 2 0.000837 0.091875 0.777406 0.085057 0.044824
1 2 0.028446 0.379172 0.356384 0.005458 0.230539
2 2 0.005038 0.169667 0.676844 0.109216 0.039235
2 2 0.015812 0.295721 0.537360 0.036487 0.114619
2 2 0.036749 0.416251 0.461697 0.003770 0.081532
4 2 0.024642 0.283884 0.182578 0.007031 0.501865
1 2 0.038292 0.354525 0.290289 0.033666 0.283228
2 2 0.010008 0.244009 0.454945 0.070204 0.220834
2 2 0.005002 0.178024 0.664787 0.097395 0.054792
2 2 0.001433 0.145222 0.763989 0.004581 0.084775
2 2 0.011961 0.250615 0.567397 0.071803 0.098225
2 2 0.023232 0.335834 0.477946 0.023527 0.139461
2 2 0.035128 0.350139 0.355697 0.053263 0.205772
1 2 0.039106 0.363322 0.294437 0.027085 0.276050
1 2 0.180971 0.513706 0.212863 0.009830 0.082630
2 2 0.016526 0.321850 0.601757 0.003285 0.056581
2 2 0.041228 0.404337 0.407384 0.013067 0.133984
2 2 0.009464 0.274002 0.660103 0.003265 0.053166
2 2 0.014836 0.306058 0.634263 0.005082 0.039762
2 2 0.005281 0.172135 0.787470 0.021173 0.013941
2 2 0.006946 0.211188 0.676204 0.050047 0.055615
4 2 0.033385 0.331297 0.238600 0.017969 0.378748
2 2 0.000128 0.032043 0.895724 0.068438 0.003667
1 2 0.020742 0.333067 0.331968 0.007481 0.306742
1 2 0.077719 0.445559 0.295534 0.023980 0.157208
2 2 0.015039 0.288908 0.535102 0.032005 0.128945
4 2 0.023239 0.314644 0.292365 0.017622 0.352130
0 2 0.463963 0.265512 0.136783 0.020866 0.112875
0 0 0.714485 0.188953 0.061454 0.001339 0.033769
0 0 0.492091 0.361908 0.109805 0.001987 0.034209
1 0 0.137776 0.507603 0.312470 0.006227 0.035924
1 0 0.181557 0.531617 0.228904 0.003358 0.054563
2 1 0.018466 0.251187 0.695295 0.026563 0.008489
1 1 0.067553 0.456597 0.360956 0.010222 0.104672
2 2 0.034305 0.350169 0.475456 0.059146 0.080924
2 2 0.014317 0.296683 0.602565 0.012672 0.073764
2 2 0.012924 0.240717 0.416237 0.150400 0.179722
4 2 0.016497 0.295105 0.313042 0.008757 0.366599
2 2 0.023023 0.311978 0.363458 0.051977 0.249564
2 2 0.006097 0.221433 0.590688 0.033373 0.148408
2 2 0.013019 0.266716 0.564313 0.055369 0.100583
2 2 0.001264 0.078122 0.818177 0.097656 0.004780
2 2 0.003183 0.156751 0.657611 0.096836 0.085619
2 2 0.012610 0.286133 0.478115 0.016806 0.206335
2 2 0.004311 0.127896 0.706048 0.153437 0.008308
2 2 0.018877 0.324278 0.462633 0.014244 0.179968
0 2 0.341327 0.283962 0.155021 0.003165 0.216525
0 0 0.837670 0.060110 0.026376 0.001415 0.074428
1 0 0.056226 0.429790 0.263189 0.005939 0.244856
1 1 0.056737 0.431108 0.304326 0.010866 0.196963
1 1 0.065837 0.392445 0.233707 0.039640 0.268372
2 2 0.046839 0.420557 0.487821 0.004612 0.040171
1 2 0.129287 0.521791 0.279699 0.003608 0.065615
1 2 0.153297 0.518460 0.246167 0.006744 0.075331
1 2 0.127952 0.520399 0.190924 0.001710 0.159016
4 2 0.098700 0.347284 0.163472 0.000325 0.390220
4 2 0.042098 0.337986 0.119472 0.000501 0.499944
2 2 0.001737 0.129548 0.777393 0.039480 0.051842
1 2 0.031210 0.353352 0.319031 0.017704 0.278702
4 2 0.024936 0.343198 0.191415 0.000330 0.440121
4 2 0.032924 0.342889 0.261497 0.015295 0.347395
1 2 0.071049 0.470979 0.180500 0.000429 0.277042
1 2 0.066449 0.436381 0.279058 0.014405 0.203707
1 0 0.117859 0.484518 0.377650 0.003471 0.016503
0 0 0.878924 0.074338 0.022003 0.000578 0.024156
1 0 0.200497 0.555665 0.139540 0.000327 0.103971
1 0 0.089225 0.464405 0.194127 0.003335 0.248909
1 1 0.025118 0.389205 0.373959 0.001329 0.210389
1 1 0.031270 0.383092 0.335590 0.004962 0.245087
1 1 0.118490 0.481723 0.252626 0.019524 0.127637
2 2 0.029254 0.349246 0.414116 0.032542 0.174841
1 2 0.067030 0.472698 0.254612 0.001916 0.203744
1 2 0.033524 0.388499 0.321007 0.004794 0.252176
1 2 0.039899 0.359523 0.343120 0.055464 0.201994
2 2 0.023219 0.338783 0.431466 0.018452 0.188080
1 2 0.051845 0.412560 0.292100 0.013218 0.230277
1 2 0.049486 0.362576 0.215689 0.021894 0.350356
0 2 0.786447 0.089116 0.044833 0.001652 0.077952
0 0 0.495635 0.233975 0.081698 0.007063 0.181629
0 0 0.964495 0.013752 0.008220 0.000514 0.013018
1 0 0.080603 0.426751 0.197986 0.011945 0.282716
0 0 0.909133 0.042611 0.015252 0.000297 0.032706
0 0 0.774000 0.095925 0.042102 0.001702 0.086270
0 0 0.705510 0.101505 0.026090 0.000094 0.166801
1 0 0.330809 0.397530 0.131186 0.011484 0.128990
0 0 0.720102 0.191461 0.064010 0.001157 0.023270
1 0 0.236297 0.380788 0.118071 0.003572 0.261272
4 0 0.248230 0.149308 0.040864 0.000393 0.561205
1 1 0.041844 0.383037 0.372886 0.032788 0.169445
1 2 0.040178 0.421972 0.371829 0.004235 0.161786
2 2 0.025991 0.309913 0.434074 0.099412 0.130610
2 2 0.047636 0.408987 0.459632 0.016939 0.066806
1 2 0.078338 0.478343 0.383697 0.004473 0.055149
2 2 0.009043 0.204910 0.643773 0.104794 0.037480
1 2 0.064028 0.454970 0.338494 0.008602 0.133905
1 2 0.075463 0.444430 0.357150 0.029803 0.093153
2 2 0.003960 0.130873 0.663941 0.182417 0.018809
2 2 0.002032 0.077235 0.575954 0.338562 0.006217
2 2 0.000847 0.065835 0.901659 0.029459 0.002199
2 2 0.000813 0.061212 0.748454 0.183795 0.005726
2 2 0.000961 0.072151 0.748231 0.167535 0.011121
2 2 0.005434 0.160715 0.787499 0.037896 0.008456
2 2 0.004432 0.131279 0.666682 0.184203 0.013404
2 2 0.009221 0.219234 0.710902 0.033859 0.026783
1 2 0.095228 0.484081 0.264645 0.008484 0.147562
2 2 0.025468 0.338410 0.418021 0.028309 0.189793
1 2 0.107814 0.399571 0.336538 0.008582 0.147495
2 2 0.029245 0.354369 0.566397 0.012012 0.037977
2 2 0.001005 0.116637 0.741583 0.031223 0.109553
4 2 0.040527 0.341474 0.228589 0.026273 0.363137
2 2 0.033986 0.334360 0.482478 0.085303 0.063873
2 2 0.045912 0.409093 0.410342 0.000675 0.133978
1 2 0.049762 0.450359 0.350990 0.002993 0.145897
2 2 0.033700 0.398690 0.484010 0.004070 0.079530
1 2 0.254456 0.495360 0.191288 0.003129 0.055768
0 0 0.993609 0.000853 0.000807 0.000014 0.004717
0 0 0.931932 0.018178 0.016575 0.000530 0.032785
0 0 0.931686 0.024006 0.013343 0.000283 0.030682
0 0 0.771991 0.074926 0.033517 0.002704 0.116862
4 2 0.020175 0.319384 0.298437 0.005240 0.356764
4 2 0.012822 0.256844 0.227146 0.002345 0.500844
4 2 0.019980 0.291815 0.235509 0.005951 0.446746
1 2 0.028005 0.359690 0.333362 0.008190 0.270753
2 2 0.009316 0.269999 0.641844 0.006187 0.072654
4 2 0.006644 0.172856 0.128119 0.000423 0.691959
4 2 0.014855 0.276214 0.253142 0.003533 0.452256
4 2 0.005559 0.209360 0.345824 0.009549 0.429708
4 2 0.019427 0.236382 0.181637 0.011380 0.551174
4 4 0.006226 0.084320 0.189908 0.004023 0.715523
4 4 0.004602 0.060844 0.033612 0.000072 0.900871
4 4 0.012187 0.161023 0.065209 0.000508 0.761073
4 4 0.005823 0.037979 0.015466 0.000066 0.940666
4 4 0.010450 0.146289 0.078455 0.000654 0.764152
4 4 0.036784 0.109365 0.067561 0.002951 0.783340
4 4 0.213837 0.188093 0.073980 0.001226 0.522862
4 4 0.029229 0.069059 0.032758 0.000619 0.868336
4 4 0.065052 0.288959 0.116206 0.000088 0.529696
4 4 0.028645 0.341211 0.259850 0.007875 0.362420
4 4 0.049722 0.250309 0.099954 0.000161 0.599854
4 4 0.004424 0.109028 0.057061 0.000130 0.829358
4 4 0.008467 0.144941 0.174901 0.001865 0.669826
4 4 0.009102 0.150178 0.073142 0.000556 0.767023
4 4 0.020119 0.307608 0.250084 0.003535 0.418655
4 4 0.015077 0.219278 0.129540 0.002024 0.634081
4 4 0.014470 0.226453 0.145132 0.002027 0.611918
4 4 0.025896 0.305395 0.162478 0.001130 0.505101
4 1 0.135300 0.331041 0.105001 0.001140 0.427518
1 1 0.274647 0.415099 0.154377 0.003242 0.152634
1 1 0.104392 0.413736 0.181210 0.044997 0.255664
1 1 0.134885 0.456220 0.211385 0.002211 0.195299
0 0 0.594740 0.173636 0.059336 0.001263 0.171025
1 0 0.172575 0.497981 0.207102 0.017850 0.104491
0 0 0.697962 0.104915 0.047121 0.000769 0.149233
1 0 0.034018 0.431941 0.335841 0.000737 0.197463
1 0 0.151349 0.389766 0.195175 0.004019 0.259691
1 0 0.083560 0.510184 0.238432 0.000852 0.166972
4 0 0.138904 0.077723 0.046156 0.000885 0.736333
1 0 0.073544 0.410957 0.174288 0.001064 0.340147
0 0 0.306300 0.280693 0.114651 0.001786 0.296570
1 1 0.044938 0.427559 0.279969 0.002266 0.245268
1 1 0.025518 0.353905 0.289024 0.002979 0.328574
4 1 0.024645 0.294571 0.171557 0.002354 0.506873
0 0 0.374256 0.334326 0.117339 0.006339 0.167740
4 1 0.027072 0.340461 0.277774 0.007225 0.347469
1 1 0.053854 0.400939 0.298703 0.028653 0.217851
0 1 0.406042 0.316301 0.098745 0.000882 0.178030
0 1 0.740786 0.196811 0.034874 0.000291 0.027239
1 1 0.050850 0.429954 0.299813 0.005846 0.213536
1 1 0.051097 0.403757 0.262350 0.011178 0.271618
1 1 0.135035 0.452035 0.206903 0.048706 0.157321
1 1 0.224478 0.537489 0.201702 0.001333 0.034999
1 1 0.036829 0.456070 0.357283 0.000370 0.149448
1 1 0.068517 0.408575 0.239054 0.028141 0.255713
1 1 0.089069 0.472640 0.291595 0.013307 0.133389
1 1 0.063080 0.349021 0.238403 0.138897 0.210598
2 2 0.006728 0.148314 0.702221 0.136017 0.006719
2 2 0.018000 0.261949 0.508956 0.138190 0.072906
1 2 0.058234 0.436449 0.245272 0.003743 0.256303
4 2 0.034898 0.338821 0.243699 0.017992 0.364590
2 2 0.028509 0.349040 0.440275 0.034942 0.147234
1 2 0.053119 0.455550 0.395110 0.004317 0.091904
1 2 0.056591 0.420011 0.266293 0.011116 0.245988
2 2 0.010766 0.225805 0.635424 0.087498 0.040507
1 2 0.092318 0.442741 0.247979 0.032606 0.184356
1 2 0.114747 0.498588 0.304773 0.009886 0.072006
1 2 0.105838 0.501386 0.267987 0.006069 0.118720
0 2 0.963835 0.009354 0.007921 0.000144 0.018746
0 1 0.879366 0.075435 0.022364 0.000668 0.022167
0 0 0.872597 0.057803 0.033309 0.004015 0.032275
1 0 0.289016 0.507648 0.146870 0.004436 0.052031
1 0 0.088642 0.491054 0.213315 0.001485 0.205503
1 1 0.056276 0.399915 0.321180 0.043334 0.179295
1 1 0.058449 0.436698 0.281499 0.007337 0.216016
1 1 0.083539 0.430598 0.270034 0.043292 0.172537
1 1 0.106332 0.352539 0.196413 0.014202 0.330514
0 0 0.876396 0.028589 0.015656 0.000040 0.079319
0 0 0.762378 0.086099 0.040079 0.000700 0.110744
0 0 0.519174 0.241404 0.122563 0.005002 0.111857
1 0 0.111418 0.432344 0.217299 0.002291 0.236648
1 1 0.027539 0.334505 0.299246 0.016333 0.322377
2 2 0.016214 0.316148 0.339140 0.003361 0.325137
1 2 0.035524 0.373175 0.256199 0.004668 0.330435
2 2 0.034153 0.390540 0.431420 0.011742 0.132146
2 2 0.011773 0.225113 0.396728 0.186220 0.180166
1 2 0.040714 0.360503 0.316632 0.047532 0.234620
1 2 0.076451 0.392840 0.332400 0.012952 0.185357
1 2 0.167466 0.426819 0.265775 0.007702 0.132239
1 2 0.309571 0.454507 0.124665 0.002509 0.108748
1 1 0.191368 0.484557 0.163121 0.000145 0.160810
4 0 0.311876 0.099006 0.051124 0.000089 0.537905
1 0 0.042674 0.409797 0.384526 0.011543 0.151460
2 1 0.030322 0.350301 0.365583 0.028522 0.225272
2 1 0.025433 0.343196 0.384608 0.018517 0.228246
4 1 0.039000 0.377792 0.176773 0.000625 0.405810
2 1 0.017495 0.287218 0.507784 0.081828 0.105674
2 2 0.010293 0.197967 0.773413 0.013653 0.004674
1 2 0.033042 0.407819 0.394279 0.004678 0.160182
2 2 0.004443 0.166422 0.744634 0.054678 0.029824
1 2 0.066372 0.495217 0.294409 0.001183 0.142819
1 2 0.060872 0.451200 0.284311 0.004883 0.198734
1 1 0.245829 0.525532 0.179151 0.002989 0.046499
1 1 0.077618 0.445188 0.225394 0.008648 0.243152
1 2 0.048994 0.364654 0.300660 0.072336 0.213356
2 2 0.001109 0.069799 0.904009 0.023913 0.001170
2 2 0.024929 0.303716 0.540892 0.078579 0.051884
2 2 0.013349 0.214694 0.670510 0.088643 0.012804
2 2 0.000411 0.048433 0.937184 0.012772 0.001199
2 2 0.019625 0.293590 0.638973 0.022369 0.025442
2 2 0.002493 0.138180 0.840170 0.006893 0.012264
2 2 0.005604 0.172722 0.786062 0.024383 0.011229
2 2 0.000176 0.022519 0.629922 0.346466 0.000917
3 2 0.011154 0.152581 0.344607 0.454051 0.037607
2 2 0.001583 0.087796 0.856858 0.049759 0.004005
2 2 0.016681 0.163597 0.619534 0.152072 0.048116
2 2 0.026005 0.309080 0.328056 0.075265 0.261594
2 2 0.002883 0.098973 0.625764 0.263434 0.008946
2 2 0.003569 0.118675 0.788317 0.084448 0.004991
2 2 0.003770 0.115529 0.501610 0.348114 0.030977
2 2 0.035671 0.372530 0.542522 0.009490 0.039787
2 2 0.025222 0.322790 0.527866 0.050624 0.073499
0 2 0.873162 0.073630 0.019293 0.000166 0.033749
0 0 0.988405 0.002935 0.003418 0.000284 0.004957
0 0 0.691346 0.189772 0.051415 0.002494 0.064973
0 0 0.780885 0.082459 0.032997 0.001390 0.102268
0 0 0.400706 0.303902 0.114629 0.020417 0.160346
1 0 0.065996 0.454163 0.363780 0.010387 0.105673
1 1 0.176808 0.537395 0.205210 0.002515 0.078073
2 2 0.001500 0.087783 0.671601 0.222877 0.016239
2 2 0.003832 0.139001 0.782385 0.063829 0.010953
1 2 0.079642 0.466089 0.206505 0.002422 0.245342
1 2 0.306743 0.361029 0.149630 0.004211 0.178386
0 1 0.654281 0.224442 0.084255 0.000848 0.036174
1 1 0.196847 0.525788 0.210177 0.005029 0.062160
0 1 0.482038 0.207368 0.154667 0.029903 0.126024
0 1 0.316780 0.298939 0.112994 0.001288 0.269999
0 0 0.910779 0.014283 0.011878 0.000587 0.062473
0 0 0.993981 0.001556 0.001550 0.000060 0.002852
0 0 0.977661 0.001609 0.001533 0.000026 0.019171
0 0 0.906019 0.020275 0.014185 0.000842 0.058678
0 0 0.836296 0.108493 0.031611 0.001926 0.021673
1 2 0.093342 0.510032 0.249203 0.001829 0.145595
4 2 0.013556 0.163785 0.068298 0.001131 0.753230
4 2 0.020465 0.129414 0.041958 0.000423 0.807740
4 4 0.014286 0.150611 0.050786 0.000668 0.783649
4 4 0.026071 0.082067 0.038822 0.000651 0.852390
4 4 0.024525 0.136990 0.055109 0.000005 0.783371
4 4 0.092581 0.019582 0.019013 0.000410 0.868414
4 4 0.055702 0.128227 0.068399 0.001465 0.746206
4 4 0.340729 0.134427 0.041644 0.000586 0.482613
4 4 0.036542 0.026161 0.013271 0.000673 0.923353
4 4 0.004000 0.114603 0.294269 0.005433 0.581695
4 4 0.031378 0.008203 0.007338 0.000163 0.952917
1 4 0.127827 0.471262 0.193130 0.000888 0.206894
4 4 0.080824 0.016912 0.017225 0.000372 0.884668
4 4 0.029809 0.016034 0.009438 0.000304 0.944414
4 4 0.012986 0.115974 0.115209 0.003153 0.752678
4 4 0.019139 0.018943 0.021902 0.000946 0.939071
4 4 0.015437 0.033358 0.017635 0.000117 0.933453
4 4 0.054493 0.026838 0.017918 0.000693 0.900058
4 4 0.099661 0.122845 0.078082 0.000292 0.699120
4 4 0.011987 0.080641 0.041649 0.000212 0.865511
4 4 0.005773 0.040749 0.023717 0.000066 0.929695
4 4 0.009529 0.067972 0.041382 0.000383 0.880734
4 4 0.012911 0.074568 0.075740 0.003130 0.833651
4 4 0.009912 0.020878 0.007776 0.000083 0.961350
4 4 0.007381 0.168392 0.107996 0.000373 0.715857
4 4 0.009507 0.210264 0.162853 0.000983 0.616393
4 4 0.029701 0.146498 0.079186 0.003108 0.741508
4 4 0.104969 0.310291 0.157368 0.000633 0.426738
4 4 0.008674 0.151786 0.071963 0.000292 0.767285
4 4 0.014212 0.272171 0.205977 0.000850 0.506790
4 4 0.007786 0.068866 0.034529 0.000179 0.888639
4 4 0.006344 0.222570 0.264841 0.000691 0.505554
2 4 0.009154 0.283697 0.357858 0.000743 0.348549
1 4 0.088139 0.416800 0.163134 0.002324 0.329603
4 4 0.011136 0.278105 0.346967 0.002989 0.360803
2 4 0.007333 0.286519 0.432242 0.000386 0.273520
4 4 0.009892 0.251346 0.297915 0.004530 0.436316
2 4 0.008612 0.261708 0.427901 0.005742 0.296037
2 2 0.012479 0.281234 0.420894 0.016760 0.268634
4 2 0.009402 0.243766 0.269461 0.002689 0.474682
2 2 0.007249 0.240848 0.554675 0.019034 0.178193
2 2 0.005514 0.227802 0.421025 0.004901 0.340759
4 2 0.042095 0.374486 0.197890 0.000802 0.384727
0 0 0.996483 0.001443 0.000901 0.000009 0.001165
0 0 0.475245 0.096191 0.064076 0.002251 0.362238
0 0 0.714193 0.103171 0.044205 0.000287 0.138144
0 0 0.686216 0.018752 0.014346 0.000888 0.279797
1 0 0.122184 0.527097 0.199896 0.001234 0.149589
4 2 0.028593 0.305122 0.198273 0.002729 0.465282
4 2 0.020507 0.308836 0.282922 0.007900 0.379835
1 2 0.106745 0.442357 0.201533 0.027703 0.221663
4 0 0.344976 0.012579 0.014526 0.000528 0.627392
0 0 0.853474 0.057242 0.027829 0.004042 0.057413
1 0 0.140037 0.506828 0.247552 0.010321 0.095262
2 1 0.006283 0.213987 0.721015 0.012332 0.046383
2 1 0.020505 0.321255 0.342706 0.010694 0.304840
1 1 0.055730 0.380755 0.196839 0.010955 0.355721
1 1 0.039697 0.385367 0.330672 0.017054 0.227210
1 1 0.055554 0.436341 0.390772 0.011344 0.105988
2 1 0.024504 0.300572 0.426376 0.110082 0.138467
2 2 0.004415 0.135987 0.677420 0.166165 0.016013
2 2 0.006856 0.193557 0.721313 0.050598 0.027676
2 2 0.009706 0.170780 0.595091 0.211060 0.013363
2 2 0.007046 0.163865 0.761097 0.061202 0.006790
2 2 0.004801 0.177601 0.762696 0.028615 0.026286
2 2 0.005730 0.197859 0.751681 0.017910 0.026819
2 2 0.013077 0.268999 0.647839 0.023339 0.046746
2 2 0.006877 0.164096 0.748799 0.071895 0.008334
2 2 0.000423 0.043416 0.854856 0.099657 0.001648
2 2 0.009627 0.270399 0.632454 0.008671 0.078849
2 2 0.005118 0.158242 0.734675 0.084284 0.017681
2 2 0.008018 0.187135 0.730053 0.060571 0.014224
2 2 0.001984 0.080619 0.777784 0.137434 0.002179
2 2 0.001502 0.037149 0.885113 0.075024 0.001211
2 2 0.005783 0.135487 0.467340 0.359606 0.031784
2 2 0.005282 0.136820 0.560072 0.274472 0.023355
2 2 0.011890 0.209013 0.709780 0.058841 0.010476
2 2 0.000296 0.027780 0.803370 0.168212 0.000342
2 2 0.000106 0.019235 0.546321 0.432105 0.002233
3 3 0.001881 0.040779 0.164128 0.781537 0.011675
3 3 0.000015 0.000970 0.082538 0.916387 0.000090
3 3 0.000904 0.004111 0.079156 0.913806 0.002023
3 3 0.007301 0.049487 0.181876 0.748005 0.013331
3 3 0.000177 0.001805 0.046065 0.951488 0.000465
3 3 0.000177 0.012445 0.173071 0.812501 0.001806
3 3 0.016235 0.016966 0.059622 0.885540 0.021637
3 3 0.004840 0.019419 0.064328 0.900274 0.011140
3 3 0.012602 0.017947 0.075207 0.873913 0.020330
3 3 0.000123 0.000779 0.050191 0.948706 0.000200
3 3 0.000282 0.005545 0.077046 0.916096 0.001031
3 3 0.029492 0.008182 0.044359 0.896915 0.021053
3 3 0.000170 0.000643 0.013376 0.985429 0.000382
3 3 0.000074 0.000162 0.006978 0.992652 0.000134
3 3 0.000026 0.000122 0.006119 0.993670 0.000063
3 3 0.000231 0.000317 0.009565 0.989543 0.000344
3 3 0.005151 0.007785 0.047575 0.933035 0.006455
3 3 0.000085 0.000127 0.006199 0.993459 0.000131
3 3 0.006723 0.007308 0.059684 0.921736 0.004549
3 3 0.000012 0.000047 0.003869 0.996045 0.000027
3 3 0.001129 0.001398 0.024796 0.970291 0.002387
3 3 0.000493 0.000166 0.007550 0.991429 0.000362
3 3 0.006209 0.001218 0.018618 0.970070 0.003884
3 3 0.029858 0.004858 0.033322 0.913264 0.018698
3 3 0.000500 0.000922 0.015822 0.981915 0.000840
3 3 0.000502 0.000623 0.013973 0.984115 0.000788
3 3 0.000455 0.000362 0.010163 0.988478 0.000543
3 3 0.000327 0.000150 0.007630 0.991646 0.000247
3 3 0.000206 0.000232 0.008250 0.991028 0.000283
3 3 0.000575 0.001204 0.017935 0.979269 0.001017
3 3 0.001011 0.000662 0.016272 0.980573 0.001483
3 3 0.000000 0.000002 0.000921 0.999075 0.000001
3 3 0.000001 0.000007 0.002429 0.997559 0.000003
3 3 0.001430 0.000458 0.011324 0.985609 0.001179
3 3 0.002038 0.001907 0.022170 0.971287 0.002597
3 3 0.009394 0.003248 0.043201 0.938744 0.005413
3 3 0.003299 0.000522 0.012008 0.982128 0.002043
3 3 0.020827 0.002117 0.022824 0.943459 0.010774
3 3 0.000037 0.000023 0.002752 0.997149 0.000040
3 3 0.000002 0.000006 0.001555 0.998431 0.000005
3 3 0.000017 0.000008 0.001693 0.998265 0.000017
3 3 0.005231 0.000594 0.012729 0.978615 0.002830
3 3 0.000013 0.000004 0.001206 0.998767 0.000011
3 3 0.000001 0.000006 0.001577 0.998413 0.000003
3 3 0.000000 0.000000 0.001416 0.998584 0.000000
3 3 0.000536 0.000193 0.007538 0.991270 0.000463
3 3 0.000036 0.000145 0.006616 0.993120 0.000083
3 3 0.000934 0.000774 0.017834 0.979679 0.000778
3 3 0.000804 0.000442 0.011160 0.986768 0.000826
3 3 0.000004 0.000005 0.002166 0.997820 0.000005
3 3 0.009628 0.001815 0.021649 0.960616 0.006293
3 3 0.000709 0.000082 0.005020 0.993802 0.000387
3 3 0.000000 0.000002 0.000795 0.999202 0.000001
3 3 0.000111 0.000100 0.005535 0.994115 0.000139
3 3 0.000780 0.000624 0.013815 0.983931 0.000850
3 3 0.000222 0.000044 0.003741 0.995842 0.000151
3 3 0.000048 0.000068 0.004611 0.995202 0.000072
3 3 0.000013 0.000009 0.001743 0.998221 0.000014
3 3 0.000505 0.000855 0.025367 0.972194 0.001079
3 3 0.000265 0.001050 0.016850 0.981227 0.000607
3 3 0.000000 0.000001 0.000964 0.999034 0.000001
3 3 0.000241 0.000015 0.002243 0.997399 0.000102
3 3 0.000955 0.000617 0.034351 0.960781 0.003296
3 3 0.000603 0.000184 0.011958 0.987012 0.000243
3 3 0.000277 0.000188 0.009519 0.989567 0.000449
3 3 0.000038 0.000104 0.005669 0.994113 0.000075
3 3 0.000185 0.000048 0.003909 0.995718 0.000140
3 3 0.003314 0.000154 0.006736 0.988547 0.001249
3 3 0.000025 0.000009 0.004564 0.995391 0.000012
3 3 0.004542 0.000580 0.018573 0.975041 0.001264
3 3 0.001640 0.000213 0.007875 0.989335 0.000937
3 3 0.000108 0.000179 0.011445 0.987925 0.000343
3 3 0.000000 0.000000 0.000338 0.999661 0.000000
3 3 0.000016 0.000008 0.001861 0.998095 0.000019
3 3 0.002377 0.000220 0.010891 0.985842 0.000670
3 3 0.000003 0.000001 0.002120 0.997874 0.000001
3 3 0.000073 0.000076 0.004862 0.994893 0.000097
3 3 0.000270 0.000148 0.006649 0.992657 0.000277
3 3 0.000022 0.000010 0.001854 0.998093 0.000021
3 3 0.000521 0.000122 0.008200 0.990559 0.000599
3 3 0.000000 0.000000 0.001344 0.998655 0.000000
3 3 0.000012 0.000013 0.002312 0.997646 0.000018
3 3 0.000597 0.000057 0.004215 0.994830 0.000301
3 3 0.001753 0.000146 0.006575 0.990690 0.000836
3 3 0.000390 0.000271 0.009243 0.989688 0.000408
3 3 0.001176 0.000041 0.003595 0.994795 0.000394
3 3 0.000000 0.000000 0.000645 0.999354 0.000000
3 3 0.000008 0.000002 0.000966 0.999018 0.000006
3 3 0.001280 0.000135 0.006346 0.991567 0.000672
3 3 0.000147 0.000105 0.006555 0.992984 0.000209
3 3 0.022208 0.006558 0.038514 0.915004 0.017716
3 3 0.000000 0.000000 0.008594 0.991405 0.000000
3 3 0.000042 0.000014 0.002212 0.997696 0.000036
3 3 0.004319 0.000963 0.016016 0.975628 0.003074
3 3 0.000078 0.000009 0.001946 0.997934 0.000034
3 3 0.000251 0.000042 0.003911 0.995654 0.000142
3 3 0.000002 0.000005 0.002009 0.997981 0.000004
3 3 0.001035 0.000488 0.011680 0.985798 0.000998
3 3 0.000013 0.000721 0.023110 0.976056 0.000100
2 3 0.023479 0.292996 0.525651 0.100692 0.057181
2 2 0.134595 0.350678 0.432226 0.031598 0.050902
2 2 0.025961 0.287943 0.505588 0.132723 0.047786
1 2 0.046510 0.325930 0.300701 0.180769 0.146090
2 2 0.036871 0.393396 0.439526 0.017182 0.113025
2 2 0.015321 0.270683 0.511567 0.095459 0.106970
2 2 0.009040 0.172326 0.437195 0.049924 0.331515
2 2 0.010927 0.215104 0.444842 0.205282 0.123844
4 2 0.014372 0.264992 0.264337 0.010903 0.445396
2 2 0.000827 0.102389 0.692262 0.083591 0.120930
4 2 0.014838 0.254425 0.226508 0.010307 0.493921
4 4 0.011770 0.157025 0.068125 0.000869 0.762211
4 4 0.021140 0.293781 0.229617 0.006495 0.448968
4 4 0.010349 0.199805 0.133973 0.001007 0.654867
4 4 0.014375 0.082596 0.054205 0.000463 0.848361
4 4 0.022357 0.142758 0.130026 0.009128 0.695730
4 4 0.012637 0.077473 0.035348 0.000419 0.874123
4 4 0.016036 0.053194 0.026677 0.000397 0.903696
4 4 0.031712 0.099602 0.056028 0.002127 0.810532
4 4 0.038426 0.283315 0.175783 0.007414 0.495063
4 4 0.008141 0.055400 0.041138 0.000144 0.895177
4 4 0.014881 0.112081 0.046629 0.000815 0.825594
4 4 0.010210 0.015648 0.006239 0.000065 0.967838
4 4 0.017499 0.219644 0.116967 0.002518 0.643373
4 4 0.021323 0.159155 0.088129 0.002850 0.728543
4 4 0.030667 0.173659 0.104513 0.006821 0.684341
4 4 0.013551 0.045079 0.047228 0.000864 0.893278
4 4 0.038452 0.048267 0.026991 0.000254 0.886036
4 4 0.036242 0.019322 0.028904 0.000397 0.915135
4 4 0.084555 0.050917 0.033757 0.000207 0.830565
4 4 0.033764 0.003798 0.003715 0.000089 0.958634
4 4 0.009123 0.029558 0.015265 0.000096 0.945957
4 4 0.007330 0.020120 0.010921 0.000048 0.961581
4 4 0.011491 0.195910 0.118221 0.001132 0.673245
4 4 0.008839 0.113012 0.047658 0.000381 0.830110
4 4 0.002780 0.023884 0.009760 0.000014 0.963562
4 4 0.120402 0.014835 0.019195 0.004211 0.841357
4 4 0.027569 0.011594 0.009691 0.000188 0.950958
4 4 0.023656 0.034659 0.023672 0.000332 0.917681
4 4 0.012700 0.009703 0.005280 0.000055 0.972262
4 4 0.018391 0.021535 0.010537 0.000202 0.949335
4 4 0.063450 0.100852 0.117383 0.016719 0.701596
4 4 0.017567 0.038643 0.018117 0.000090 0.925583
4 4 0.185877 0.020831 0.015540 0.000466 0.777286
4 4 0.009622 0.136486 0.096474 0.000523 0.756894
4 4 0.015515 0.233851 0.150153 0.002380 0.598101
4 4 0.025383 0.293158 0.177209 0.004115 0.500134
2 4 0.032275 0.331536 0.380670 0.103055 0.152464
4 4 0.015324 0.287335 0.283161 0.004314 0.409865
4 4 0.073950 0.055744 0.045876 0.000655 0.823775
4 1 0.152675 0.073803 0.063028 0.007246 0.703249
4 1 0.008759 0.198881 0.149567 0.000790 0.642003
4 1 0.015540 0.252427 0.185077 0.002830 0.544127
4 1 0.009768 0.256229 0.286279 0.001761 0.445963
4 2 0.014699 0.249410 0.181872 0.002121 0.551898
4 2 0.017475 0.228822 0.130056 0.002701 0.620945
1 2 0.118725 0.450774 0.299931 0.005281 0.125288
0 0 0.800643 0.041614 0.037520 0.001258 0.118966
0 0 0.769424 0.015719 0.022184 0.000497 0.192176
4 0 0.030675 0.332387 0.260701 0.016823 0.359414
4 0 0.013668 0.231221 0.160019 0.001954 0.593139
4 1 0.012406 0.237924 0.186324 0.001830 0.561515
4 1 0.041151 0.179274 0.099315 0.006782 0.673478
2 1 0.010554 0.263626 0.568573 0.024996 0.132251
2 1 0.033497 0.352953 0.368689 0.041086 0.203775
2 4 0.019220 0.340645 0.460582 0.006187 0.173367
2 4 0.019095 0.319656 0.470163 0.019626 0.171460
4 4 0.046449 0.301095 0.131705 0.015489 0.505262
0 4 0.967708 0.011317 0.006887 0.000296 0.013792
4 1 0.068974 0.172156 0.071970 0.014666 0.672234
1 1 0.027449 0.339923 0.331464 0.019459 0.281705
4 1 0.013098 0.265223 0.225044 0.001430 0.495205
4 1 0.061614 0.331566 0.138699 0.023686 0.444435
4 1 0.047816 0.350910 0.177025 0.009466 0.414782
4 1 0.014992 0.261933 0.161161 0.000422 0.561491
0 1 0.512096 0.363264 0.067690 0.001947 0.055004
2 1 0.018110 0.320319 0.376923 0.007908 0.276741
4 1 0.025732 0.331445 0.263308 0.006252 0.373263
2 1 0.034805 0.379744 0.406993 0.027510 0.150948
1 1 0.043112 0.377500 0.228820 0.006582 0.343987
4 1 0.026164 0.310894 0.232578 0.010279 0.420085
1 1 0.032409 0.368977 0.360525 0.016287 0.221801
1 1 0.109423 0.415350 0.184113 0.006321 0.284792
2 1 0.012005 0.310312 0.411031 0.001395 0.265257
4 1 0.013799 0.273200 0.260401 0.003146 0.449454
4 2 0.031028 0.327595 0.226431 0.010200 0.404746
2 2 0.012902 0.287832 0.506844 0.017279 0.175142
1 2 0.032002 0.350685 0.345085 0.030745 0.241483
2 2 0.010703 0.249306 0.537314 0.068464 0.134213
4 2 0.032137 0.341909 0.215972 0.004368 0.405613
1 2 0.050587 0.375244 0.259593 0.035127 0.279450
4 2 0.011591 0.277845 0.329718 0.003003 0.377843
1 2 0.037349 0.429710 0.387837 0.001910 0.143193
2 2 0.003058 0.151345 0.730611 0.061878 0.053108
4 2 0.005476 0.225530 0.352506 0.001485 0.415003
2 2 0.000622 0.073200 0.776856 0.121662 0.027659
2 2 0.018750 0.302395 0.434275 0.046937 0.197643
2 2 0.016894 0.282355 0.459196 0.081995 0.159560
2 2 0.001282 0.112427 0.668533 0.121719 0.096040
2 2 0.000554 0.061590 0.814135 0.112175 0.011545
2 2 0.001645 0.116852 0.850410 0.015970 0.015124
2 2 0.001545 0.103774 0.766000 0.105543 0.023138
2 2 0.010998 0.225446 0.738362 0.013374 0.011820
2 1 0.015756 0.233560 0.635134 0.097407 0.018143
2 1 0.036777 0.356424 0.359651 0.049965 0.197184
1 1 0.052153 0.419194 0.374388 0.018995 0.135271
2 1 0.005449 0.164508 0.704355 0.100845 0.024844
2 2 0.005040 0.200112 0.732274 0.010966 0.051608
2 2 0.002378 0.103119 0.744758 0.140836 0.008909
2 2 0.002378 0.138316 0.803278 0.028311 0.027717
2 2 0.003298 0.122753 0.804652 0.062466 0.006830
2 2 0.002417 0.099467 0.693915 0.194542 0.009659
2 2 0.001599 0.088381 0.711118 0.185746 0.013157
2 2 0.005361 0.170776 0.644339 0.127226 0.052298
2 2 0.008410 0.224703 0.651995 0.055265 0.059628
2 2 0.000733 0.075720 0.875986 0.038817 0.008745
2 2 0.014623 0.311945 0.573052 0.010417 0.089962
2 2 0.003232 0.140312 0.628828 0.169043 0.058585
2 2 0.005472 0.130967 0.454808 0.374073 0.034679
2 2 0.038028 0.259847 0.650095 0.042533 0.009498
2 2 0.006378 0.210569 0.648121 0.045255 0.089677
2 2 0.000184 0.028607 0.920824 0.049810 0.000575
2 2 0.004326 0.113757 0.444076 0.408913 0.028928
2 2 0.000042 0.011455 0.767718 0.220581 0.000203
2 2 0.037325 0.375312 0.508716 0.021982 0.056665
1 2 0.037852 0.378973 0.301238 0.012084 0.269853
2 2 0.003800 0.105937 0.734615 0.142370 0.013279
2 2 0.003043 0.196945 0.726636 0.001703 0.071673
2 2 0.038990 0.269457 0.630796 0.019987 0.040770
