4 4 0.375774 0.015969 0.009075 0.000035 0.599146
0 4 0.388802 0.221065 0.109740 0.000096 0.280297
0 4 0.508157 0.139730 0.016374 0.000003 0.335736
0 4 0.735080 0.028211 0.012155 0.000164 0.224390
4 4 0.395762 0.129886 0.033732 0.000059 0.440560
0 4 0.682306 0.070057 0.019159 0.000070 0.228408
0 4 0.841772 0.041758 0.006814 0.000007 0.109648
0 4 0.530048 0.145999 0.021113 0.000014 0.302825
0 4 0.500767 0.113344 0.020569 0.000003 0.365317
0 4 0.565543 0.118858 0.026103 0.000025 0.289471
4 4 0.244653 0.147867 0.042685 0.000046 0.564748
1 4 0.308768 0.349270 0.040729 0.000001 0.301232
1 4 0.225516 0.406707 0.200137 0.000028 0.167612
1 4 0.203812 0.343735 0.136134 0.000012 0.316306
0 4 0.813216 0.088583 0.027971 0.000013 0.070217
0 4 0.901238 0.057950 0.010799 0.000021 0.029993
0 4 0.718381 0.167987 0.073440 0.000256 0.039937
2 4 0.041638 0.251288 0.619582 0.000086 0.087406
0 0 0.971143 0.016514 0.002336 0.000014 0.009992
1 1 0.179988 0.554398 0.174511 0.000025 0.091077
1 1 0.118091 0.459744 0.168127 0.000320 0.253718
0 1 0.431242 0.303884 0.174884 0.000267 0.089723
1 1 0.139669 0.515139 0.293672 0.000136 0.051384
1 1 0.101418 0.434552 0.345415 0.000238 0.118376
4 2 0.201623 0.218904 0.064406 0.000024 0.515043
2 2 0.311707 0.247703 0.331964 0.000880 0.107747
2 2 0.179240 0.109827 0.693415 0.008365 0.009154
2 2 0.115422 0.107507 0.752446 0.013213 0.011411
2 2 0.208667 0.191929 0.576876 0.010864 0.011664
2 2 0.129418 0.189045 0.595825 0.008342 0.077371
2 2 0.055502 0.051642 0.855921 0.030590 0.006345
2 2 0.015869 0.086609 0.882006 0.001904 0.013612
2 2 0.001791 0.030792 0.956350 0.001288 0.009778
2 2 0.048294 0.075282 0.850281 0.001253 0.024890
2 2 0.000608 0.004872 0.836565 0.157412 0.000542
2 2 0.009373 0.023542 0.910238 0.056094 0.000753
2 2 0.009788 0.017380 0.926509 0.034860 0.011463
2 2 0.001545 0.007331 0.725857 0.264538 0.000728
2 3 0.000151 0.000574 0.646486 0.352745 0.000044
2 2 0.000444 0.003311 0.959680 0.036479 0.000086
2 3 0.000026 0.000832 0.917024 0.082087 0.000031
2 3 0.013047 0.012387 0.653169 0.318473 0.002924
2 3 0.009379 0.019129 0.918791 0.052102 0.000599
2 3 0.000129 0.001306 0.533911 0.464614 0.000040
3 3 0.000051 0.000213 0.267812 0.731892 0.000031
2 3 0.000002 0.000630 0.884850 0.114473 0.000044
2 3 0.000195 0.001289 0.642452 0.356001 0.000062
2 3 0.000000 0.000027 0.671598 0.328375 0.000000
3 3 0.000000 0.000017 0.084390 0.915592 0.000001
2 3 0.001175 0.006395 0.890988 0.100701 0.000740
3 3 0.000005 0.000070 0.219542 0.780377 0.000006
3 3 0.000792 0.001086 0.213931 0.784098 0.000093
2 3 0.000005 0.000188 0.574556 0.425247 0.000003
3 3 0.000026 0.000414 0.315194 0.684354 0.000013
3 3 0.000002 0.000149 0.489670 0.510170 0.000009
3 3 0.000006 0.000129 0.461772 0.538093 0.000001
3 3 0.000001 0.000034 0.145819 0.854144 0.000002
3 3 0.000266 0.002100 0.389852 0.607369 0.000412
3 3 0.000000 0.000001 0.069949 0.930050 0.000000
3 3 0.000071 0.000458 0.285504 0.713933 0.000033
3 3 0.000011 0.000119 0.088179 0.911681 0.000009
2 3 0.000048 0.000764 0.633793 0.365380 0.000015
2 3 0.000847 0.003602 0.694381 0.300983 0.000188
3 3 0.000003 0.000039 0.055931 0.944024 0.000003
3 3 0.000139 0.000621 0.293951 0.705132 0.000157
3 3 0.000032 0.000211 0.211648 0.788103 0.000006
2 3 0.000351 0.002517 0.505171 0.491773 0.000187
3 3 0.000001 0.000044 0.447743 0.552212 0.000000
3 3 0.000001 0.000009 0.038910 0.961080 0.000000
3 3 0.000008 0.000034 0.025155 0.974793 0.000010
3 3 0.000418 0.003711 0.429157 0.566197 0.000517
2 3 0.000030 0.000353 0.532719 0.466888 0.000010
3 3 0.000000 0.000014 0.093570 0.906416 0.000000
3 3 0.000002 0.000076 0.247628 0.752294 0.000001
3 3 0.000022 0.000090 0.221366 0.778519 0.000004
3 3 0.000036 0.000191 0.185814 0.813890 0.000069
3 3 0.000446 0.001959 0.353240 0.642997 0.001357
2 3 0.000036 0.000616 0.765324 0.233992 0.000031
3 3 0.000000 0.000013 0.071971 0.928016 0.000001
3 3 0.000001 0.000031 0.445269 0.554698 0.000001
3 3 0.000047 0.000184 0.190410 0.809342 0.000017
3 3 0.000016 0.000090 0.162388 0.837502 0.000005
3 3 0.000006 0.000223 0.419691 0.580076 0.000003
3 3 0.000000 0.000007 0.080953 0.919039 0.000000
3 3 0.000000 0.000005 0.030244 0.969750 0.000000
2 3 0.149051 0.105401 0.675727 0.059554 0.010268
2 3 0.087760 0.067583 0.709669 0.128340 0.006647
2 2 0.009792 0.033579 0.834753 0.120092 0.001784
2 3 0.178273 0.138009 0.602390 0.067023 0.014307
2 3 0.126584 0.139551 0.682390 0.026086 0.025389
2 3 0.164399 0.179121 0.609131 0.033204 0.014145
2 3 0.036213 0.042860 0.650133 0.266681 0.004113
2 2 0.168483 0.176419 0.604021 0.015184 0.035893
2 2 0.099428 0.226357 0.648330 0.003499 0.022386
2 2 0.004319 0.050544 0.903528 0.037541 0.004067
2 2 0.076152 0.193234 0.621847 0.017526 0.091242
2 2 0.018458 0.051447 0.851740 0.073244 0.005111
2 2 0.034172 0.116134 0.819401 0.026386 0.003907
2 2 0.029298 0.053313 0.791889 0.115136 0.010364
2 2 0.015435 0.059844 0.847685 0.074261 0.002776
2 2 0.042168 0.113062 0.714187 0.082770 0.047814
2 2 0.155662 0.163307 0.644905 0.024764 0.011362
2 2 0.329421 0.207396 0.377052 0.052459 0.033672
0 2 0.394150 0.203119 0.371349 0.010825 0.020558
0 2 0.534335 0.099609 0.210866 0.000855 0.154335
2 2 0.243561 0.182887 0.504169 0.048183 0.021200
2 2 0.307511 0.174781 0.470234 0.010727 0.036747
2 2 0.015810 0.113000 0.856100 0.012926 0.002164
2 2 0.289990 0.280638 0.409968 0.003463 0.015941
2 2 0.301486 0.179781 0.422054 0.015316 0.081362
2 2 0.228799 0.218487 0.496019 0.006727 0.049969
2 2 0.084978 0.219590 0.677065 0.010184 0.008184
2 2 0.050408 0.154311 0.780818 0.001789 0.012673
2 2 0.211318 0.354303 0.427471 0.000225 0.006684
0 2 0.436990 0.313000 0.236541 0.000330 0.013139
2 2 0.138623 0.071172 0.759723 0.026014 0.004468
2 2 0.099908 0.138728 0.746681 0.009411 0.005271
2 2 0.083117 0.097886 0.797717 0.017212 0.004068
0 2 0.680954 0.196129 0.091611 0.000334 0.030971
2 2 0.245836 0.272013 0.427153 0.010205 0.044793
2 2 0.282831 0.147117 0.527521 0.027560 0.014970
0 2 0.450447 0.211492 0.233870 0.002087 0.102104
2 2 0.127020 0.219049 0.646815 0.000803 0.006313
2 2 0.194578 0.184049 0.603340 0.008329 0.009704
2 2 0.218125 0.153534 0.520043 0.058595 0.049703
0 2 0.572949 0.190155 0.229361 0.000155 0.007380
0 2 0.635301 0.117712 0.221951 0.005335 0.019701
2 2 0.311555 0.280903 0.397092 0.000756 0.009693
0 2 0.446876 0.402421 0.113463 0.000012 0.037228
0 2 0.465034 0.360229 0.121287 0.000020 0.053430
0 2 0.313721 0.304386 0.280026 0.004679 0.097189
2 2 0.063540 0.218660 0.699429 0.003002 0.015368
2 2 0.168510 0.164773 0.643612 0.013323 0.009783
2 2 0.091383 0.374948 0.527955 0.000128 0.005586
0 2 0.511044 0.230865 0.244390 0.000622 0.013079
0 2 0.598388 0.172546 0.134217 0.002389 0.092460
2 2 0.054577 0.375507 0.566654 0.000154 0.003108
0 2 0.686398 0.276440 0.028002 0.000001 0.009159
0 2 0.597490 0.340865 0.040942 0.000003 0.020700
0 2 0.702821 0.237931 0.044628 0.000022 0.014598
0 2 0.493843 0.387595 0.092988 0.000171 0.025402
0 2 0.771107 0.175208 0.039562 0.000033 0.014090
1 2 0.251163 0.394938 0.343545 0.000184 0.010170
0 2 0.633485 0.157707 0.195910 0.000713 0.012185
1 2 0.311930 0.468183 0.206119 0.000137 0.013631
0 2 0.499856 0.371014 0.120124 0.000014 0.008992
0 2 0.783220 0.171671 0.034888 0.000010 0.010211
1 2 0.359128 0.516488 0.103207 0.000003 0.021174
1 2 0.158278 0.423399 0.412640 0.000109 0.005573
2 2 0.054339 0.127551 0.815537 0.000882 0.001690
2 2 0.096623 0.118133 0.775796 0.000805 0.008642
2 2 0.041090 0.147433 0.809431 0.000577 0.001469
1 2 0.425279 0.468736 0.074760 0.000002 0.031224
0 2 0.746667 0.163961 0.078370 0.000016 0.010986
1 2 0.247775 0.480874 0.248695 0.000020 0.022636
0 2 0.346118 0.295081 0.336869 0.000582 0.021350
0 2 0.940223 0.041404 0.010083 0.000019 0.008271
2 2 0.173050 0.331143 0.485658 0.001070 0.009078
0 2 0.957848 0.019473 0.015498 0.000217 0.006964
0 2 0.634103 0.224965 0.121981 0.000010 0.018942
2 2 0.131796 0.213246 0.650846 0.000181 0.003930
0 2 0.536215 0.259961 0.192109 0.000154 0.011561
0 2 0.397446 0.309965 0.280218 0.000367 0.012004
2 2 0.034525 0.093087 0.845231 0.021887 0.005271
2 2 0.071269 0.046147 0.881361 0.000626 0.000597
2 2 0.069636 0.072829 0.843572 0.011527 0.002436
2 2 0.002192 0.069624 0.927709 0.000253 0.000222
2 2 0.240279 0.216241 0.537343 0.000662 0.005475
0 2 0.385374 0.327130 0.215786 0.000122 0.071588
2 2 0.293215 0.205473 0.490707 0.001033 0.009572
2 2 0.097539 0.391638 0.497713 0.000516 0.012595
2 2 0.229329 0.251288 0.505835 0.002775 0.010772
2 2 0.346927 0.113179 0.484137 0.040155 0.015602
0 2 0.493334 0.325903 0.148472 0.000038 0.032253
2 2 0.051040 0.138580 0.793457 0.003355 0.013569
2 2 0.279837 0.158530 0.456604 0.049697 0.055333
2 2 0.180937 0.238838 0.567288 0.002270 0.010668
2 2 0.004164 0.018017 0.935843 0.040557 0.001420
2 2 0.246376 0.147259 0.535134 0.001381 0.069850
2 2 0.009640 0.076723 0.902381 0.000748 0.010508
2 2 0.001563 0.080351 0.900421 0.000138 0.017527
2 2 0.004038 0.030495 0.945989 0.008373 0.011104
2 2 0.009443 0.038567 0.906786 0.003402 0.041802
2 2 0.150988 0.268169 0.438941 0.000316 0.141586
1 2 0.203122 0.383017 0.316300 0.000465 0.097095
2 2 0.007258 0.175538 0.752429 0.000065 0.064710
2 2 0.044015 0.030929 0.913133 0.009657 0.002267
0 2 0.362696 0.321404 0.194610 0.000196 0.121093
2 2 0.135144 0.247461 0.572117 0.000249 0.045027
2 2 0.186469 0.325281 0.454602 0.000273 0.033374
1 2 0.098477 0.494055 0.371257 0.000226 0.035984
2 2 0.034548 0.228526 0.716156 0.001094 0.019676
0 4 0.489111 0.093948 0.022488 0.000061 0.394392
1 4 0.191533 0.448690 0.273433 0.000945 0.085399
1 4 0.444236 0.455285 0.088259 0.000013 0.012207
1 4 0.265605 0.421285 0.245983 0.001382 0.065745
2 4 0.118119 0.419209 0.443780 0.000130 0.018762
1 4 0.361843 0.490901 0.107632 0.000012 0.039612
0 4 0.703173 0.169772 0.029880 0.000070 0.097106
0 4 0.674406 0.277456 0.028123 0.000004 0.020010
0 4 0.973038 0.014692 0.007628 0.000031 0.004610
0 4 0.952481 0.034744 0.006165 0.000004 0.006606
0 0 0.728115 0.121885 0.034182 0.000343 0.115474
0 4 0.506737 0.261885 0.034954 0.000006 0.196417
4 4 0.119430 0.271284 0.052601 0.000032 0.556653
0 4 0.402025 0.272103 0.050403 0.000041 0.275429
0 4 0.907835 0.072470 0.008854 0.000003 0.010839
0 4 0.778334 0.157274 0.019619 0.000003 0.044771
0 4 0.445513 0.291499 0.072908 0.000377 0.189702
0 4 0.733884 0.127842 0.066376 0.000621 0.071277
0 4 0.974513 0.018117 0.004673 0.000002 0.002696
0 4 0.632748 0.296768 0.055401 0.000024 0.015060
1 4 0.385200 0.471762 0.132082 0.000024 0.010931
0 1 0.551541 0.339618 0.102657 0.000005 0.006179
0 0 0.976199 0.012564 0.004183 0.000025 0.007029
0 1 0.786542 0.193702 0.014360 0.000000 0.005396
0 1 0.437019 0.402662 0.150107 0.000034 0.010178
0 1 0.895087 0.090347 0.009529 0.000001 0.005036
0 1 0.948044 0.034474 0.013610 0.000006 0.003865
0 0 0.975590 0.016879 0.003178 0.000004 0.004349
0 1 0.603165 0.347047 0.043992 0.000001 0.005795
0 1 0.825433 0.137394 0.025949 0.000013 0.011211
1 1 0.330355 0.373047 0.273581 0.000050 0.022967
1 1 0.336475 0.349735 0.301947 0.000315 0.011530
0 1 0.849795 0.090093 0.050605 0.000091 0.009416
1 1 0.374763 0.450501 0.154716 0.000201 0.019819
0 1 0.914550 0.066726 0.011615 0.000005 0.007103
0 1 0.935458 0.050784 0.008563 0.000002 0.005193
0 0 0.855251 0.105098 0.017511 0.000006 0.022134
1 1 0.317986 0.528434 0.140880 0.000032 0.012668
2 1 0.097513 0.292476 0.603582 0.000062 0.006367
2 1 0.057130 0.109582 0.817967 0.011840 0.003481
0 4 0.437510 0.104560 0.378291 0.057082 0.022557
0 2 0.717798 0.100997 0.175063 0.000223 0.005918
2 2 0.032224 0.245507 0.715907 0.000101 0.006261
0 2 0.520634 0.326024 0.143666 0.000019 0.009658
2 2 0.039414 0.193042 0.745417 0.001103 0.021024
2 2 0.209586 0.146087 0.642598 0.000088 0.001640
0 2 0.928415 0.055637 0.010141 0.000002 0.005804
2 2 0.295910 0.149537 0.526385 0.011990 0.016177
1 2 0.270969 0.423316 0.073105 0.000015 0.232595
2 2 0.087605 0.172640 0.736822 0.000513 0.002421
2 2 0.215497 0.163290 0.616122 0.000899 0.004192
1 2 0.190949 0.445006 0.353317 0.000339 0.010389
2 2 0.204535 0.246740 0.540950 0.000321 0.007454
2 2 0.058323 0.069687 0.859242 0.010572 0.002177
2 2 0.285334 0.223135 0.481046 0.001610 0.008874
2 2 0.039362 0.128228 0.826449 0.000848 0.005112
2 2 0.115521 0.208156 0.670253 0.001419 0.004650
2 2 0.190210 0.256998 0.536847 0.001346 0.014599
2 2 0.004572 0.011149 0.967852 0.015808 0.000619
2 2 0.232343 0.152734 0.604436 0.003845 0.006643
2 2 0.122710 0.031526 0.652363 0.188736 0.004666
0 2 0.340070 0.284968 0.329182 0.001617 0.044163
2 2 0.240708 0.073920 0.627897 0.032846 0.024630
2 2 0.070015 0.189955 0.727458 0.003051 0.009521
2 2 0.044853 0.125368 0.825954 0.001906 0.001919
0 2 0.719356 0.161072 0.097889 0.000807 0.020876
0 2 0.844800 0.096227 0.050473 0.000053 0.008448
0 2 0.397374 0.246287 0.346675 0.000492 0.009173
2 2 0.062392 0.154003 0.768713 0.009940 0.004953
2 2 0.055468 0.065786 0.855697 0.020523 0.002526
2 2 0.118200 0.167262 0.709810 0.001250 0.003478
2 2 0.231527 0.251952 0.489477 0.010021 0.017023
2 2 0.060636 0.165491 0.768044 0.002309 0.003521
2 2 0.252214 0.224646 0.498904 0.001624 0.022611
0 2 0.476455 0.328845 0.185089 0.000062 0.009549
2 2 0.203634 0.183303 0.589595 0.012090 0.011377
2 2 0.365127 0.197406 0.427755 0.001099 0.008613
2 2 0.143705 0.349429 0.487859 0.004489 0.014518
0 2 0.851278 0.132546 0.011575 0.000000 0.004601
0 2 0.588346 0.188515 0.215068 0.000154 0.007916
0 1 0.413681 0.370597 0.198536 0.000296 0.016891
2 1 0.200606 0.192912 0.601178 0.000760 0.004544
0 2 0.750751 0.188751 0.055136 0.000003 0.005359
2 2 0.030034 0.050309 0.915125 0.003687 0.000845
2 2 0.057403 0.070340 0.777635 0.089723 0.004900
2 2 0.254740 0.282377 0.456122 0.000321 0.006440
0 2 0.572680 0.148957 0.270612 0.000408 0.007343
0 2 0.586455 0.230936 0.133012 0.000950 0.048647
2 2 0.056161 0.121561 0.820100 0.000719 0.001459
0 2 0.910469 0.060351 0.020091 0.000035 0.009055
0 1 0.748766 0.174017 0.063638 0.000069 0.013510
0 0 0.971718 0.017082 0.007434 0.000009 0.003757
0 1 0.975813 0.017525 0.003000 0.000002 0.003660
0 1 0.948237 0.039383 0.007024 0.000003 0.005352
0 1 0.407500 0.332243 0.177657 0.000607 0.081993
1 1 0.383600 0.472954 0.134585 0.000010 0.008852
2 1 0.059459 0.110834 0.767319 0.055942 0.006446
0 1 0.903985 0.048302 0.035437 0.000407 0.011869
0 1 0.876955 0.097858 0.016101 0.000007 0.009079
0 1 0.361604 0.305213 0.316214 0.001252 0.015717
0 1 0.900393 0.057157 0.007463 0.000013 0.034975
2 1 0.111469 0.172235 0.703106 0.006846 0.006345
2 2 0.132438 0.245289 0.614552 0.001637 0.006084
0 2 0.888939 0.087093 0.016455 0.000006 0.007507
1 2 0.380330 0.462280 0.140330 0.000098 0.016962
2 2 0.182735 0.393072 0.401166 0.000342 0.022685
0 2 0.812271 0.127887 0.029831 0.000073 0.029938
1 2 0.178887 0.359305 0.326015 0.000418 0.135374
2 2 0.134529 0.240960 0.614526 0.000116 0.009869
2 2 0.183621 0.354963 0.426995 0.000125 0.034296
2 2 0.036052 0.184978 0.749331 0.014347 0.015291
2 2 0.004466 0.015752 0.950873 0.028646 0.000262
2 2 0.116205 0.256462 0.622400 0.000561 0.004372
2 2 0.062947 0.165895 0.768330 0.000116 0.002713
0 2 0.357885 0.344159 0.265874 0.000304 0.031777
2 2 0.017891 0.033469 0.897346 0.050103 0.001191
2 2 0.019658 0.057953 0.914032 0.007263 0.001095
2 2 0.039183 0.227284 0.728043 0.001238 0.004253
2 2 0.215879 0.303005 0.474784 0.000314 0.006017
2 2 0.076512 0.420347 0.477275 0.000039 0.025827
0 2 0.759474 0.141345 0.091415 0.000049 0.007716
2 2 0.025079 0.090383 0.882261 0.001080 0.001197
0 2 0.729462 0.128390 0.133779 0.000169 0.008201
0 2 0.412304 0.370520 0.117436 0.000047 0.099693
0 2 0.615299 0.138272 0.057872 0.000017 0.188541
0 0 0.972024 0.019011 0.005519 0.000003 0.003443
0 0 0.927876 0.054331 0.014043 0.000000 0.003751
0 0 0.994290 0.003484 0.000742 0.000001 0.001483
0 0 0.927690 0.054207 0.014493 0.000002 0.003609
0 0 0.981699 0.006833 0.002211 0.000037 0.009220
0 0 0.993634 0.001969 0.000768 0.000042 0.003587
0 0 0.997582 0.001141 0.000205 0.000001 0.001072
0 0 0.983324 0.006721 0.001867 0.000048 0.008039
0 0 0.935107 0.021990 0.019174 0.000769 0.022960
0 0 0.958740 0.022848 0.006904 0.000038 0.011470
0 0 0.952162 0.021013 0.013786 0.000141 0.012899
0 4 0.666451 0.072765 0.017357 0.000018 0.243409
0 4 0.574003 0.151499 0.078136 0.000041 0.196322
4 4 0.256693 0.293531 0.117157 0.000004 0.332615
0 4 0.677677 0.050167 0.011924 0.000023 0.260210
0 4 0.423383 0.179361 0.083501 0.000066 0.313690
4 4 0.075026 0.090074 0.021615 0.000013 0.813272
4 4 0.347418 0.081551 0.021248 0.000039 0.549744
4 4 0.336702 0.134308 0.021075 0.000010 0.507904
4 4 0.454363 0.042715 0.020098 0.000224 0.482600
4 4 0.030684 0.016571 0.012920 0.000098 0.939728
0 4 0.513054 0.062138 0.026495 0.000469 0.397843
4 4 0.094499 0.049510 0.029374 0.000219 0.826398
4 4 0.173573 0.010928 0.011433 0.000219 0.803846
4 4 0.368554 0.015837 0.006336 0.000005 0.609267
0 4 0.676151 0.028741 0.011778 0.000091 0.283240
4 4 0.188439 0.074693 0.033968 0.000422 0.702479
4 4 0.408571 0.023958 0.013104 0.000089 0.554279
0 4 0.745172 0.029166 0.016543 0.000883 0.208236
0 4 0.776845 0.053689 0.010600 0.000022 0.158843
0 4 0.640003 0.096531 0.016466 0.000005 0.246995
0 4 0.573104 0.100067 0.017943 0.000022 0.308864
4 4 0.309458 0.020124 0.016734 0.000428 0.653256
0 4 0.568969 0.021446 0.008932 0.000021 0.400632
4 4 0.301497 0.139439 0.031311 0.000074 0.527679
0 4 0.524078 0.057731 0.014602 0.000023 0.403566
4 4 0.407746 0.015639 0.008959 0.000038 0.567618
0 4 0.466663 0.116137 0.069836 0.001609 0.345755
4 4 0.132665 0.030548 0.018454 0.000153 0.818180
0 4 0.936498 0.008781 0.003201 0.000035 0.051486
0 4 0.813534 0.037387 0.010661 0.000024 0.138394
4 4 0.401176 0.025623 0.011284 0.000012 0.561906
4 4 0.150234 0.023247 0.017627 0.000264 0.808628
0 4 0.613243 0.045694 0.018084 0.000175 0.322804
4 4 0.110555 0.005888 0.009024 0.000304 0.874229
4 4 0.128351 0.022015 0.013942 0.000082 0.835610
0 4 0.560336 0.002679 0.002739 0.000014 0.434233
0 4 0.469214 0.093707 0.012249 0.000002 0.424828
4 4 0.082794 0.080281 0.141661 0.001408 0.693857
0 4 0.415218 0.232614 0.017058 0.000000 0.335110
4 4 0.102820 0.026160 0.017978 0.000044 0.852998
4 4 0.122781 0.016891 0.017111 0.000517 0.842700
4 4 0.171287 0.057960 0.017836 0.000024 0.752894
4 4 0.173367 0.023144 0.011362 0.000026 0.792101
0 4 0.600549 0.060855 0.013003 0.000015 0.325579
4 4 0.250909 0.002407 0.007353 0.001679 0.737652
0 4 0.826242 0.012128 0.006074 0.000076 0.155480
0 4 0.960649 0.005268 0.001956 0.000022 0.032105
0 4 0.504722 0.067007 0.017789 0.000042 0.410440
4 4 0.077443 0.321525 0.093170 0.000012 0.507849
0 4 0.889939 0.047036 0.004265 0.000001 0.058760
0 4 0.486095 0.201589 0.031217 0.000071 0.281027
4 4 0.181833 0.225736 0.048629 0.000005 0.543796
4 4 0.233898 0.168253 0.045190 0.000025 0.552634
1 4 0.093311 0.350427 0.247725 0.000028 0.308509
2 4 0.101570 0.248074 0.360103 0.000152 0.290101
1 4 0.065625 0.360507 0.357440 0.000034 0.216395
1 4 0.043985 0.389811 0.210249 0.000002 0.355953
0 4 0.717784 0.059757 0.014168 0.000020 0.208271
0 1 0.898953 0.059746 0.014594 0.000005 0.026702
0 4 0.774555 0.097613 0.031133 0.000013 0.096685
4 4 0.156412 0.351801 0.064396 0.000001 0.427390
1 4 0.196192 0.455135 0.262800 0.000017 0.085856
4 4 0.034520 0.321238 0.174850 0.000007 0.469384
2 4 0.018907 0.344337 0.429010 0.000016 0.207731
4 4 0.080329 0.333322 0.216790 0.000021 0.369538
2 4 0.056891 0.300000 0.375790 0.000201 0.267118
2 4 0.017917 0.293381 0.539254 0.000018 0.149430
1 4 0.209714 0.395730 0.118240 0.000011 0.276305
1 4 0.312349 0.375850 0.055145 0.000014 0.256642
4 4 0.132805 0.201141 0.047773 0.000145 0.618137
1 4 0.265544 0.396200 0.077923 0.000025 0.260307
4 4 0.113020 0.060268 0.033963 0.000631 0.792118
1 4 0.224595 0.437595 0.092142 0.000030 0.245638
4 4 0.067451 0.361153 0.173546 0.000103 0.397746
4 4 0.160645 0.273835 0.052139 0.000013 0.513368
4 4 0.094559 0.388717 0.089906 0.000001 0.426816
4 4 0.091774 0.332522 0.086404 0.000005 0.489295
0 4 0.457213 0.394570 0.071384 0.000029 0.076804
1 4 0.126093 0.431860 0.167705 0.000012 0.274330
4 4 0.226886 0.333789 0.093548 0.000050 0.345727
0 0 0.700281 0.242468 0.029108 0.000000 0.028143
0 4 0.718221 0.170751 0.028211 0.000009 0.082807
1 4 0.086373 0.432542 0.185451 0.000114 0.295520
2 4 0.173296 0.266536 0.331696 0.000488 0.227984
1 4 0.182801 0.500691 0.150314 0.000013 0.166181
2 4 0.026698 0.332140 0.631358 0.000076 0.009729
1 4 0.209316 0.338955 0.220138 0.002559 0.229032
0 4 0.393066 0.326274 0.184887 0.000117 0.095656
0 4 0.471419 0.086640 0.022550 0.000029 0.419361
0 4 0.741316 0.139870 0.065388 0.001384 0.052042
0 1 0.372209 0.196404 0.088977 0.001143 0.341267
4 1 0.216586 0.350470 0.059071 0.000007 0.373866
2 1 0.041805 0.327056 0.403389 0.000155 0.227595
1 2 0.205598 0.408342 0.214877 0.000060 0.171122
2 2 0.229125 0.223282 0.350034 0.028765 0.168793
4 4 0.187052 0.239448 0.212583 0.001306 0.359611
4 4 0.153826 0.086046 0.015433 0.000001 0.744694
0 0 0.783807 0.142837 0.034336 0.000009 0.039010
1 1 0.157023 0.330474 0.255783 0.000682 0.256038
0 2 0.454290 0.293785 0.207937 0.000225 0.043763
4 2 0.312953 0.214715 0.132733 0.000552 0.339046
0 1 0.625854 0.077854 0.013569 0.000012 0.282712
2 2 0.178403 0.101102 0.663287 0.016836 0.040372
2 2 0.022083 0.105410 0.834143 0.020992 0.017372
4 2 0.231978 0.161718 0.179309 0.003407 0.423589
2 2 0.045773 0.178885 0.749881 0.001322 0.024139
2 2 0.073623 0.314700 0.556409 0.002011 0.053258
2 2 0.040644 0.250418 0.578131 0.001602 0.129204
2 2 0.001019 0.012851 0.983359 0.002184 0.000587
1 2 0.301812 0.328368 0.318619 0.002427 0.048774
0 1 0.893567 0.041109 0.011904 0.000006 0.053414
2 2 0.020726 0.062439 0.780658 0.027482 0.108695
2 2 0.044858 0.154990 0.779081 0.003316 0.017755
2 2 0.003446 0.056742 0.929618 0.003298 0.006896
2 2 0.004936 0.038299 0.945299 0.009873 0.001593
2 2 0.050174 0.214170 0.624081 0.005224 0.106351
2 2 0.022530 0.140718 0.793051 0.004540 0.039161
2 2 0.000105 0.006538 0.984606 0.008596 0.000155
2 2 0.193396 0.219476 0.496907 0.006316 0.083905
2 2 0.010216 0.048746 0.700282 0.234828 0.005929
2 2 0.012129 0.242896 0.647308 0.003099 0.094568
2 2 0.046858 0.152662 0.753568 0.034857 0.012055
2 2 0.182340 0.158660 0.562996 0.012025 0.083980
2 2 0.006236 0.034776 0.941354 0.002706 0.014928
2 2 0.024583 0.044983 0.892657 0.032423 0.005354
2 2 0.035715 0.170283 0.781373 0.000050 0.012578
2 2 0.053416 0.133761 0.747692 0.028247 0.036885
0 2 0.751653 0.152014 0.049764 0.000344 0.046225
2 2 0.040954 0.282749 0.652050 0.001899 0.022347
2 2 0.144659 0.160232 0.672677 0.010027 0.012405
2 2 0.002374 0.040078 0.926216 0.002386 0.028947
2 2 0.014562 0.021571 0.846529 0.115623 0.001716
2 2 0.000978 0.020749 0.946376 0.029729 0.002168
2 2 0.013382 0.044765 0.737229 0.186173 0.018450
0 2 0.707597 0.087770 0.164044 0.011855 0.028735
2 2 0.197589 0.210023 0.573548 0.004705 0.014134
2 2 0.071737 0.279011 0.523389 0.006463 0.119400
2 2 0.197025 0.307155 0.465764 0.000980 0.029076
1 2 0.151558 0.422162 0.304150 0.000513 0.121616
2 2 0.031825 0.119041 0.797559 0.024467 0.027108
2 2 0.004523 0.030952 0.934282 0.028636 0.001607
2 2 0.025591 0.111381 0.823731 0.020448 0.018850
2 2 0.008554 0.058642 0.890629 0.005634 0.036541
2 2 0.084601 0.179412 0.516289 0.010757 0.208941
2 2 0.005680 0.049076 0.929852 0.010133 0.005259
2 2 0.011133 0.036891 0.938759 0.001458 0.011759
2 2 0.001431 0.020000 0.958556 0.019321 0.000691
2 2 0.030504 0.115817 0.827629 0.006841 0.019209
2 2 0.000146 0.003438 0.914870 0.080674 0.000872
2 2 0.001848 0.025831 0.946674 0.020069 0.005577
2 2 0.002402 0.018062 0.976717 0.000896 0.001924
2 2 0.000211 0.014777 0.982875 0.001304 0.000832
2 2 0.000049 0.002490 0.845939 0.150687 0.000835
2 2 0.061069 0.077378 0.811242 0.041115 0.009196
2 2 0.001176 0.006012 0.958023 0.034393 0.000396
2 2 0.000054 0.001698 0.900954 0.097272 0.000022
2 2 0.001744 0.005273 0.885003 0.107800 0.000180
2 2 0.006306 0.030135 0.872905 0.085602 0.005051
2 2 0.002622 0.012283 0.765216 0.218392 0.001486
2 2 0.001295 0.016160 0.974268 0.005654 0.002623
2 2 0.000618 0.002419 0.933198 0.063425 0.000341
2 2 0.002105 0.019085 0.952213 0.024544 0.002053
3 3 0.014386 0.015171 0.246131 0.720688 0.003624
2 3 0.072525 0.085933 0.742718 0.092211 0.006613
2 2 0.032548 0.081814 0.759014 0.061952 0.064672
2 2 0.006632 0.123271 0.835772 0.000538 0.033788
2 2 0.088966 0.120807 0.743157 0.037922 0.009148
2 2 0.057597 0.165921 0.737290 0.007259 0.031932
2 2 0.053745 0.092961 0.701029 0.102641 0.049625
2 2 0.011661 0.101413 0.876906 0.006098 0.003922
2 2 0.005884 0.064982 0.892583 0.030013 0.006538
2 2 0.083174 0.140098 0.679687 0.050519 0.046522
2 2 0.008849 0.012539 0.786102 0.191680 0.000831
2 2 0.000800 0.011628 0.920124 0.067307 0.000141
2 2 0.078272 0.223880 0.643755 0.002761 0.051332
2 2 0.027744 0.061144 0.842714 0.052377 0.016021
2 2 0.000930 0.003879 0.823944 0.171142 0.000104
2 2 0.018796 0.095013 0.813613 0.052548 0.020030
2 2 0.012394 0.061667 0.829151 0.060543 0.036244
2 2 0.030100 0.143755 0.765347 0.008946 0.051852
2 2 0.010742 0.045359 0.930139 0.012292 0.001468
2 2 0.000059 0.000637 0.856299 0.142990 0.000016
2 2 0.006513 0.023636 0.487376 0.480687 0.001788
2 2 0.006830 0.016797 0.954748 0.021132 0.000492
2 2 0.000537 0.003531 0.957038 0.038840 0.000053
2 2 0.014081 0.148533 0.809103 0.003191 0.025092
2 2 0.000442 0.006925 0.925973 0.066552 0.000108
2 2 0.021282 0.048107 0.878316 0.039266 0.013029
2 2 0.033892 0.110000 0.851782 0.002648 0.001679
2 2 0.007044 0.020489 0.841216 0.128077 0.003173
2 2 0.003936 0.022240 0.855395 0.117700 0.000730
2 2 0.031943 0.028008 0.632272 0.297860 0.009917
2 2 0.006012 0.031811 0.949794 0.009833 0.002550
2 2 0.018921 0.041384 0.641160 0.291508 0.007028
2 3 0.001351 0.011352 0.746772 0.239744 0.000781
2 3 0.281350 0.061829 0.565922 0.081380 0.009520
2 2 0.303039 0.102268 0.432330 0.039263 0.123100
2 2 0.015588 0.116913 0.836915 0.023384 0.007201
2 2 0.025739 0.114646 0.640007 0.161308 0.058300
2 2 0.374261 0.086211 0.509357 0.013145 0.017027
2 2 0.020872 0.121256 0.847520 0.003078 0.007274
2 2 0.033291 0.208753 0.572447 0.000345 0.185163
2 2 0.010114 0.072276 0.892840 0.004397 0.020373
2 2 0.011198 0.072997 0.889996 0.006836 0.018973
2 2 0.224159 0.296147 0.471753 0.000511 0.007430
2 2 0.073909 0.110658 0.765999 0.008774 0.040660
2 2 0.017240 0.036106 0.884609 0.057409 0.004637
2 2 0.071220 0.121743 0.778615 0.013914 0.014508
2 2 0.030453 0.214024 0.627766 0.001583 0.126174
2 2 0.003605 0.011105 0.964404 0.020505 0.000380
2 2 0.066285 0.166372 0.763028 0.000122 0.004193
2 2 0.014956 0.176787 0.768798 0.002272 0.037187
2 2 0.062350 0.098476 0.806040 0.028672 0.004463
2 2 0.017348 0.021913 0.861023 0.098676 0.001041
2 2 0.032134 0.090431 0.859156 0.011609 0.006671
1 1 0.151052 0.593184 0.214423 0.000021 0.041320
0 2 0.455392 0.270508 0.204041 0.000453 0.069606
2 2 0.017141 0.073405 0.894303 0.012145 0.003006
2 2 0.124105 0.171560 0.579456 0.002595 0.122284
1 1 0.238053 0.510810 0.137769 0.000117 0.113251
4 1 0.276038 0.279169 0.045982 0.000007 0.398804
4 4 0.136346 0.118980 0.039298 0.000245 0.705130
4 4 0.144154 0.332730 0.082692 0.000123 0.440301
1 4 0.251121 0.426003 0.300878 0.001451 0.020548
1 4 0.150591 0.518082 0.268105 0.000172 0.063050
1 1 0.134281 0.515095 0.157545 0.000038 0.193041
0 1 0.437003 0.237253 0.062879 0.000033 0.262832
2 2 0.004404 0.035199 0.954706 0.001998 0.003694
1 4 0.189053 0.386964 0.335789 0.000547 0.087647
2 4 0.022582 0.346186 0.607200 0.001062 0.022969
1 4 0.057246 0.484476 0.404583 0.000137 0.053558
0 4 0.308229 0.306248 0.165059 0.002299 0.218167
1 1 0.194809 0.454754 0.322156 0.000477 0.027804
1 1 0.065448 0.466962 0.388902 0.000070 0.078617
1 1 0.155452 0.420742 0.368723 0.003389 0.051694
0 1 0.564241 0.363679 0.051315 0.000015 0.020749
0 4 0.496037 0.279660 0.049006 0.000073 0.175223
4 4 0.074905 0.116684 0.079958 0.000538 0.727914
2 2 0.011302 0.027123 0.955133 0.005474 0.000968
4 4 0.091231 0.289168 0.067081 0.000014 0.552507
2 2 0.002639 0.080183 0.907416 0.000056 0.009705
2 2 0.026954 0.218655 0.711461 0.004416 0.038514
1 2 0.090472 0.510006 0.298034 0.000058 0.101430
2 2 0.000077 0.004940 0.994300 0.000665 0.000017
2 2 0.205335 0.156219 0.570971 0.008399 0.059077
2 2 0.114607 0.352496 0.497975 0.001689 0.033234
2 2 0.075902 0.250057 0.639514 0.015347 0.019181
2 2 0.308059 0.265783 0.417519 0.000506 0.008133
1 2 0.307800 0.518644 0.118119 0.000010 0.055428
2 2 0.070460 0.140984 0.782267 0.001135 0.005154
0 2 0.494273 0.390979 0.102257 0.000028 0.012463
2 2 0.029819 0.323372 0.637915 0.000544 0.008350
2 2 0.204697 0.130002 0.650331 0.008186 0.006784
2 2 0.008460 0.048308 0.933463 0.006989 0.002780
1 2 0.128672 0.480638 0.272040 0.000022 0.118628
2 2 0.115801 0.192083 0.652549 0.001938 0.037630
2 2 0.079184 0.120756 0.780285 0.001232 0.018542
2 2 0.029738 0.109165 0.848322 0.000678 0.012097
2 2 0.000196 0.006557 0.981740 0.011464 0.000042
2 2 0.014277 0.115730 0.842527 0.024461 0.003005
2 2 0.011232 0.244343 0.739010 0.000699 0.004715
2 2 0.012286 0.150775 0.832685 0.000207 0.004047
2 2 0.008740 0.076505 0.911175 0.000672 0.002907
2 0 0.020072 0.256226 0.708380 0.000144 0.015179
2 1 0.082045 0.447617 0.461490 0.000656 0.008191
1 2 0.255262 0.499757 0.105855 0.000013 0.139114
1 1 0.120017 0.549717 0.261738 0.000093 0.068435
2 2 0.000568 0.032154 0.951276 0.003063 0.012938
2 2 0.012757 0.224207 0.759705 0.000382 0.002949
2 2 0.015099 0.153924 0.544034 0.001785 0.285157
2 2 0.002839 0.146040 0.819815 0.000156 0.031150
2 2 0.165770 0.288042 0.369956 0.000106 0.176126
4 1 0.097984 0.321196 0.068997 0.000005 0.511818
4 2 0.112934 0.229201 0.306761 0.002679 0.348425
1 2 0.186265 0.527659 0.228102 0.000103 0.057871
1 2 0.093537 0.351253 0.312019 0.000108 0.243083
1 2 0.185793 0.448163 0.116684 0.000024 0.249336
2 2 0.004643 0.143712 0.836612 0.000473 0.014559
2 2 0.031865 0.105450 0.825629 0.004291 0.032766
1 2 0.142419 0.543203 0.225484 0.000004 0.088890
2 2 0.009861 0.055184 0.923570 0.010557 0.000827
2 2 0.013515 0.283787 0.691650 0.000163 0.010886
2 2 0.010830 0.034758 0.940824 0.013001 0.000587
2 2 0.038253 0.120422 0.834014 0.004791 0.002520
2 2 0.041925 0.381886 0.567233 0.001309 0.007647
2 2 0.016759 0.097705 0.882063 0.002004 0.001469
2 2 0.004556 0.082724 0.909544 0.001537 0.001638
0 1 0.876976 0.081807 0.017199 0.000074 0.023944
2 1 0.005604 0.124319 0.864200 0.000289 0.005588
2 2 0.054469 0.229021 0.682410 0.000822 0.033278
2 2 0.162550 0.064712 0.767752 0.002439 0.002548
2 2 0.049246 0.128267 0.816550 0.000787 0.005149
2 2 0.020923 0.255471 0.721547 0.000356 0.001704
1 2 0.291479 0.461651 0.197921 0.000264 0.048685
2 2 0.064370 0.338079 0.573296 0.000327 0.023929
1 2 0.190912 0.369070 0.359068 0.001387 0.079562
2 2 0.163689 0.174698 0.654409 0.001530 0.005675
2 2 0.068053 0.099488 0.814318 0.009217 0.008924
2 2 0.155580 0.142287 0.692673 0.001812 0.007648
2 2 0.068783 0.222642 0.689864 0.004151 0.014561
1 2 0.443317 0.448132 0.093360 0.000001 0.015190
2 2 0.204290 0.373661 0.412911 0.000327 0.008811
2 2 0.069012 0.230748 0.676616 0.008114 0.015509
1 4 0.314879 0.444774 0.148573 0.000304 0.091469
0 4 0.642453 0.247309 0.055480 0.000009 0.054748
0 4 0.540487 0.374619 0.047506 0.000004 0.037384
0 4 0.519492 0.363359 0.093359 0.000031 0.023760
0 4 0.443153 0.235808 0.282237 0.000597 0.038205
0 4 0.500352 0.381113 0.095454 0.000135 0.022945
1 4 0.131064 0.537195 0.269876 0.000011 0.061854
1 4 0.208944 0.548415 0.230817 0.000032 0.011792
0 4 0.730844 0.231823 0.024942 0.000002 0.012390
1 4 0.350213 0.474321 0.084248 0.000013 0.091205
0 4 0.924138 0.050613 0.014079 0.000052 0.011118
0 4 0.506630 0.281496 0.088428 0.002059 0.121386
1 4 0.323982 0.337020 0.093889 0.001053 0.244056
1 4 0.147725 0.476199 0.366780 0.000257 0.009039
1 4 0.149362 0.516033 0.149394 0.000019 0.185192
0 4 0.621636 0.239554 0.078180 0.001256 0.059373
0 4 0.859388 0.087680 0.023317 0.000020 0.029595
2 4 0.017357 0.293934 0.669742 0.000317 0.018650
2 4 0.022297 0.218124 0.753922 0.000981 0.004676
2 4 0.073971 0.381146 0.532561 0.002524 0.009798
1 4 0.233053 0.503342 0.241193 0.000144 0.022268
1 4 0.037935 0.431148 0.397811 0.000059 0.133046
1 4 0.101399 0.361731 0.242442 0.000108 0.294321
4 4 0.031691 0.174181 0.345813 0.001065 0.447251
2 4 0.026917 0.318563 0.521707 0.000146 0.132667
1 4 0.175581 0.478848 0.143406 0.000011 0.202154
2 4 0.004234 0.237657 0.614633 0.000034 0.143442
4 4 0.191724 0.129259 0.036213 0.000146 0.642658
0 4 0.515084 0.283117 0.047737 0.000010 0.154052
4 4 0.128881 0.039623 0.021585 0.000174 0.809737
4 4 0.348585 0.057153 0.078579 0.005222 0.510461
4 4 0.027965 0.022546 0.017946 0.000244 0.931299
4 4 0.065387 0.050168 0.091591 0.004223 0.788631
4 4 0.080167 0.277540 0.130701 0.000094 0.511498
4 4 0.142772 0.043213 0.018678 0.000064 0.795273
4 4 0.210205 0.090909 0.089732 0.001833 0.607322
1 4 0.138494 0.387907 0.364550 0.000432 0.108617
4 4 0.158457 0.164492 0.103110 0.000615 0.573326
0 4 0.427862 0.106785 0.053957 0.001180 0.410217
4 4 0.133868 0.147507 0.049436 0.000085 0.669104
4 4 0.085892 0.056078 0.031209 0.000455 0.826366
4 4 0.030920 0.029346 0.020341 0.000233 0.919160
4 4 0.053281 0.036957 0.050040 0.001030 0.858691
4 4 0.197376 0.039815 0.024441 0.000259 0.738108
4 4 0.110233 0.006554 0.007820 0.000104 0.875289
4 4 0.290141 0.167751 0.122424 0.000411 0.419274
4 4 0.151384 0.193958 0.182910 0.000231 0.471517
4 4 0.044375 0.013367 0.010317 0.000055 0.931886
4 4 0.433700 0.009677 0.006344 0.000024 0.550255
4 4 0.162171 0.019011 0.012289 0.000036 0.806493
4 4 0.198924 0.291721 0.053530 0.000035 0.455791
4 4 0.072161 0.031027 0.014870 0.000040 0.881901
0 4 0.800462 0.019869 0.008559 0.000084 0.171026
4 4 0.288320 0.130299 0.037215 0.000123 0.544043
4 4 0.151530 0.151333 0.062027 0.001725 0.633384
4 4 0.091074 0.009226 0.010740 0.000212 0.888749
0 4 0.488529 0.056899 0.025725 0.000455 0.428392
4 4 0.279982 0.073500 0.043240 0.000723 0.602554
4 4 0.160561 0.049823 0.018347 0.000041 0.771228
4 4 0.247944 0.015950 0.015346 0.000441 0.720318
4 4 0.322612 0.017450 0.010094 0.000042 0.649801
4 4 0.211064 0.001928 0.004675 0.000249 0.782085
4 4 0.036699 0.013595 0.009067 0.000019 0.940620
4 4 0.093426 0.015366 0.010730 0.000051 0.880427
4 4 0.200110 0.147868 0.077785 0.000933 0.573305
0 4 0.545933 0.190552 0.060766 0.000299 0.202450
1 4 0.189519 0.457816 0.126321 0.000007 0.226338
1 4 0.070482 0.345430 0.317106 0.000381 0.266601
4 4 0.026723 0.049846 0.022230 0.000087 0.901114
4 4 0.426600 0.007666 0.012878 0.002101 0.550755
4 4 0.097781 0.022741 0.023089 0.001090 0.855299
1 4 0.274875 0.399130 0.080099 0.000009 0.245886
0 4 0.427215 0.160163 0.051480 0.000109 0.361033
0 4 0.931316 0.015275 0.004101 0.000030 0.049278
1 4 0.406180 0.411872 0.064558 0.000028 0.117362
2 4 0.003800 0.158545 0.824084 0.000578 0.012992
2 4 0.009028 0.130201 0.822053 0.000370 0.038348
4 4 0.165300 0.291918 0.191420 0.000175 0.351187
2 4 0.020933 0.360459 0.583892 0.000041 0.034675
0 4 0.424521 0.327212 0.223966 0.000550 0.023751
1 4 0.068441 0.468775 0.349883 0.000057 0.112843
2 4 0.118785 0.379378 0.436086 0.000096 0.065655
1 4 0.312630 0.455243 0.086891 0.000056 0.145180
1 4 0.067274 0.458083 0.452143 0.000239 0.022261
2 4 0.245454 0.259977 0.429551 0.001632 0.063386
1 4 0.419727 0.461004 0.099894 0.000044 0.019332
1 4 0.366250 0.495374 0.119138 0.000084 0.019153
0 4 0.419610 0.279210 0.266195 0.000441 0.034543
2 4 0.123413 0.235627 0.591017 0.004472 0.045472
1 4 0.177751 0.540380 0.233676 0.000164 0.048029
0 0 0.828333 0.110102 0.025564 0.000021 0.035980
1 4 0.198635 0.507825 0.143256 0.000083 0.150201
2 4 0.021593 0.391935 0.513919 0.002636 0.069918
4 4 0.334887 0.255755 0.053022 0.000058 0.356278
1 4 0.085656 0.473525 0.319530 0.000513 0.120776
1 4 0.113684 0.398864 0.255876 0.000682 0.230893
1 4 0.095052 0.504580 0.257487 0.000530 0.142351
0 4 0.415016 0.305168 0.064943 0.000006 0.214868
0 4 0.686015 0.080324 0.023606 0.000132 0.209922
1 0 0.083261 0.541447 0.237764 0.000067 0.137462
4 4 0.076225 0.069727 0.049046 0.000536 0.804466
4 4 0.146245 0.195908 0.155339 0.001801 0.500706
0 4 0.407341 0.266848 0.088659 0.002626 0.234527
0 4 0.349544 0.243356 0.073029 0.000072 0.333999
0 4 0.661897 0.178260 0.071456 0.000600 0.087787
1 4 0.152059 0.359409 0.324255 0.007102 0.157174
0 4 0.618153 0.157940 0.035002 0.000268 0.188637
4 4 0.374807 0.120216 0.047662 0.000392 0.456923
1 4 0.163425 0.374809 0.117062 0.000175 0.344528
2 4 0.033175 0.393254 0.541269 0.000276 0.032026
4 4 0.166967 0.211542 0.089513 0.000116 0.531861
0 4 0.368157 0.285915 0.286656 0.000286 0.058986
2 4 0.253214 0.339635 0.357813 0.004780 0.044557
1 4 0.065829 0.491836 0.332310 0.000293 0.109731
2 2 0.031344 0.403529 0.491936 0.000615 0.072577
4 4 0.055773 0.186200 0.129132 0.000287 0.628609
2 2 0.136822 0.364669 0.419665 0.003805 0.075039
2 2 0.053555 0.206337 0.395193 0.009157 0.335758
2 2 0.060424 0.080075 0.824185 0.005959 0.029356
2 2 0.106881 0.176269 0.470349 0.012826 0.233675
2 1 0.079250 0.272515 0.376542 0.000605 0.271088
2 2 0.016371 0.093582 0.848897 0.002619 0.038531
2 2 0.073295 0.195057 0.647437 0.002342 0.081869
2 2 0.010265 0.165659 0.781951 0.000561 0.041564
2 2 0.019536 0.159917 0.688889 0.000669 0.130989
2 2 0.028524 0.176722 0.670073 0.000512 0.124170
2 2 0.004648 0.032107 0.930153 0.001824 0.031268
2 2 0.025259 0.089545 0.856350 0.009550 0.019296
1 1 0.074953 0.428282 0.148734 0.000000 0.348031
2 2 0.024245 0.234277 0.509215 0.001257 0.231006
2 2 0.002017 0.028438 0.957289 0.008548 0.003709
2 2 0.026941 0.191889 0.699651 0.001399 0.080120
2 2 0.003876 0.029953 0.957077 0.007134 0.001960
2 2 0.000550 0.007300 0.984169 0.007759 0.000223
2 2 0.035480 0.168450 0.737292 0.000235 0.058543
2 2 0.001915 0.016590 0.966413 0.011413 0.003670
2 2 0.000078 0.003715 0.991228 0.004505 0.000474
2 1 0.046973 0.156252 0.772132 0.005925 0.018718
2 2 0.085815 0.051790 0.802776 0.031640 0.027979
2 2 0.000054 0.004644 0.990875 0.004276 0.000151
2 2 0.000109 0.002663 0.985497 0.011649 0.000082
2 2 0.000786 0.031063 0.965910 0.001079 0.001161
2 2 0.000903 0.007703 0.948130 0.042755 0.000509
2 2 0.003436 0.046426 0.934023 0.002850 0.013265
2 2 0.004032 0.045489 0.949091 0.000275 0.001113
2 2 0.000029 0.000481 0.825764 0.173707 0.000019
2 3 0.000307 0.001406 0.831478 0.166708 0.000101
2 2 0.004233 0.024279 0.960824 0.009933 0.000731
2 2 0.000089 0.002349 0.986231 0.011312 0.000019
2 2 0.001189 0.014520 0.960124 0.023800 0.000367
2 1 0.039576 0.391592 0.537680 0.000597 0.030555
2 2 0.000076 0.001609 0.888316 0.109946 0.000053
2 2 0.015399 0.145983 0.827988 0.004208 0.006423
2 2 0.003798 0.011209 0.891292 0.091016 0.002685
2 2 0.009181 0.038586 0.941492 0.004569 0.006173
2 2 0.029799 0.045634 0.857453 0.042248 0.024866
2 3 0.000408 0.004793 0.932442 0.062126 0.000230
2 2 0.018354 0.295618 0.591748 0.000661 0.093618
2 3 0.000088 0.005209 0.938291 0.056298 0.000114
2 3 0.002050 0.018223 0.973484 0.005189 0.001055
2 2 0.034989 0.116743 0.814523 0.007766 0.025980
2 2 0.005520 0.033822 0.913164 0.046629 0.000865
2 2 0.000680 0.026476 0.969483 0.003020 0.000341
2 2 0.002528 0.025536 0.947420 0.024200 0.000316
2 2 0.004140 0.017096 0.919281 0.058917 0.000566
2 2 0.000747 0.026983 0.971247 0.000557 0.000467
2 2 0.093760 0.026092 0.720588 0.155958 0.003602
2 2 0.006109 0.151157 0.840466 0.000719 0.001549
2 2 0.037886 0.161120 0.759171 0.006303 0.035520
2 3 0.000043 0.000309 0.745683 0.253961 0.000003
2 2 0.000230 0.004631 0.980202 0.014897 0.000041
2 3 0.001355 0.009228 0.971021 0.018310 0.000086
2 2 0.006495 0.037587 0.905649 0.045917 0.004352
2 2 0.073281 0.108071 0.802607 0.012267 0.003774
2 2 0.031067 0.047192 0.834905 0.084409 0.002427
2 2 0.000137 0.007758 0.987819 0.004219 0.000066
2 2 0.025968 0.057274 0.852405 0.059414 0.004939
2 2 0.001841 0.006977 0.889873 0.101040 0.000269
2 2 0.000118 0.000424 0.540559 0.458890 0.000009
2 2 0.009009 0.064302 0.905330 0.016907 0.004452
2 2 0.000343 0.004429 0.740098 0.254850 0.000279
2 2 0.000029 0.000863 0.730724 0.268376 0.000008
2 2 0.001858 0.006998 0.928971 0.062010 0.000163
2 3 0.000267 0.003546 0.815820 0.180305 0.000062
2 2 0.008599 0.011702 0.705479 0.273524 0.000696
