0 0 0.835911 0.042252 0.120739 0.000062 0.001037
0 0 0.722250 0.143151 0.071847 0.000523 0.062230
2 0 0.172497 0.212618 0.592505 0.007118 0.015263
2 1 0.060308 0.437567 0.473431 0.002217 0.026477
0 1 0.749134 0.101074 0.136080 0.001585 0.012127
0 1 0.603133 0.157104 0.190423 0.017103 0.032237
2 1 0.034173 0.252242 0.698486 0.005532 0.009567
2 1 0.098477 0.267804 0.619808 0.003912 0.009999
2 1 0.148624 0.401580 0.420164 0.001823 0.027809
2 1 0.062307 0.245935 0.661279 0.013353 0.017127
2 2 0.005727 0.077525 0.893507 0.021015 0.002226
2 2 0.000800 0.009274 0.891398 0.098304 0.000225
2 2 0.064294 0.191612 0.728263 0.005184 0.010646
2 2 0.058396 0.089404 0.791020 0.056941 0.004240
2 2 0.018944 0.027242 0.930922 0.022093 0.000799
2 2 0.012686 0.047038 0.784749 0.151834 0.003693
2 2 0.070418 0.096747 0.703074 0.118346 0.011416
3 3 0.006164 0.014061 0.447036 0.531009 0.001730
2 3 0.005340 0.011256 0.725985 0.252734 0.004685
2 3 0.015747 0.025482 0.627126 0.329922 0.001723
2 3 0.003585 0.017444 0.492323 0.483372 0.003277
3 3 0.016261 0.006103 0.202359 0.771855 0.003422
3 3 0.007892 0.003314 0.103492 0.882327 0.002975
3 3 0.001525 0.003206 0.150796 0.843292 0.001181
2 3 0.266963 0.129491 0.534287 0.045293 0.023965
2 2 0.072663 0.237286 0.681886 0.002126 0.006040
2 2 0.257390 0.231766 0.431832 0.025561 0.053450
2 2 0.018589 0.021660 0.854857 0.104254 0.000640
2 2 0.020806 0.150763 0.812308 0.011000 0.005123
2 2 0.030643 0.259667 0.694899 0.004655 0.010136
2 2 0.018462 0.070618 0.890215 0.017887 0.002817
2 2 0.005906 0.016440 0.771465 0.204792 0.001396
2 2 0.056138 0.024933 0.747901 0.164822 0.006207
2 3 0.002211 0.016784 0.853134 0.126456 0.001416
3 3 0.000771 0.002035 0.453466 0.543221 0.000507
2 3 0.003119 0.017368 0.581206 0.393572 0.004735
3 3 0.000120 0.001000 0.084211 0.914547 0.000123
3 3 0.011724 0.002307 0.166367 0.818701 0.000902
3 3 0.005364 0.000613 0.029253 0.964180 0.000589
3 3 0.001122 0.000509 0.038315 0.959771 0.000284
3 3 0.007645 0.001837 0.039439 0.948105 0.002974
3 3 0.005231 0.001826 0.035356 0.955939 0.001647
3 3 0.000064 0.000031 0.012092 0.987800 0.000014
3 3 0.020860 0.002527 0.027013 0.947349 0.002251
3 3 0.001803 0.001151 0.056160 0.940271 0.000614
3 3 0.001194 0.000123 0.008037 0.990466 0.000180
3 3 0.008190 0.000482 0.007553 0.981601 0.002174
3 3 0.000328 0.000067 0.004267 0.995246 0.000092
3 3 0.005875 0.002990 0.037183 0.951118 0.002834
3 3 0.002146 0.000242 0.011335 0.985973 0.000304
2 3 0.015175 0.021428 0.490401 0.471045 0.001950
3 3 0.009556 0.001908 0.020105 0.964203 0.004228
3 3 0.032615 0.002327 0.030450 0.921674 0.012934
3 3 0.000631 0.000132 0.031855 0.967294 0.000088
3 3 0.008762 0.000276 0.004567 0.985202 0.001193
3 3 0.000333 0.000057 0.003722 0.995743 0.000144
3 3 0.002501 0.000152 0.004178 0.992719 0.000451
3 3 0.005658 0.000128 0.003095 0.990182 0.000936
3 3 0.001636 0.000410 0.039819 0.957934 0.000201
3 3 0.045971 0.003386 0.017305 0.919800 0.013538
3 3 0.001661 0.000322 0.011644 0.985580 0.000794
3 3 0.001751 0.000095 0.005916 0.992015 0.000223
3 3 0.002517 0.000169 0.004411 0.992521 0.000382
3 3 0.003004 0.000364 0.011349 0.984436 0.000847
3 3 0.007062 0.000772 0.016513 0.974267 0.001386
3 3 0.000159 0.000040 0.005022 0.994687 0.000092
3 3 0.007607 0.000418 0.014784 0.976147 0.001045
3 3 0.006228 0.000277 0.004898 0.987813 0.000784
3 3 0.021640 0.000990 0.009320 0.961384 0.006666
3 3 0.027213 0.002787 0.027528 0.935487 0.006985
3 3 0.006258 0.002464 0.024950 0.963120 0.003208
3 3 0.002467 0.000114 0.009436 0.987771 0.000212
3 3 0.001249 0.000080 0.003034 0.995507 0.000130
3 3 0.000458 0.000110 0.011483 0.987834 0.000115
3 3 0.001544 0.000282 0.007851 0.989432 0.000891
3 3 0.004516 0.000344 0.006751 0.987350 0.001039
3 3 0.019304 0.000603 0.006785 0.968369 0.004939
3 3 0.000040 0.000005 0.001858 0.998091 0.000007
3 3 0.013401 0.001741 0.018213 0.962624 0.004021
3 3 0.028452 0.000274 0.005599 0.964334 0.001341
3 3 0.016074 0.000417 0.005471 0.974483 0.003556
3 3 0.000238 0.000026 0.003106 0.996602 0.000028
3 3 0.000522 0.000006 0.000887 0.998497 0.000088
3 3 0.053548 0.001453 0.009208 0.925348 0.010443
3 3 0.010295 0.000074 0.001713 0.987246 0.000673
3 3 0.047070 0.004697 0.021939 0.906776 0.019519
3 3 0.000107 0.000034 0.005188 0.994623 0.000048
3 3 0.022676 0.001262 0.010286 0.961638 0.004137
3 3 0.000573 0.000134 0.005811 0.993228 0.000254
3 3 0.000014 0.000009 0.002210 0.997760 0.000007
3 3 0.000031 0.000012 0.003698 0.996252 0.000006
3 3 0.003175 0.000090 0.002984 0.992675 0.001076
3 3 0.001306 0.000698 0.014589 0.982871 0.000536
3 3 0.000547 0.000691 0.028170 0.970137 0.000456
3 3 0.000065 0.000040 0.005106 0.994764 0.000025
3 3 0.274870 0.015259 0.217624 0.488686 0.003560
3 3 0.000052 0.000018 0.002696 0.997198 0.000036
3 3 0.006865 0.000459 0.007524 0.982302 0.002850
3 3 0.042228 0.000698 0.008637 0.943637 0.004800
3 3 0.000602 0.000051 0.003551 0.995630 0.000166
3 3 0.037490 0.001341 0.018436 0.938986 0.003748
3 3 0.011059 0.001184 0.012547 0.970788 0.004421
3 3 0.011493 0.000165 0.003013 0.983991 0.001338
3 3 0.000231 0.000015 0.001587 0.998104 0.000062
3 3 0.021379 0.000191 0.014763 0.963229 0.000438
3 3 0.001887 0.000756 0.102532 0.894123 0.000702
2 3 0.037984 0.061039 0.755454 0.141648 0.003875
2 3 0.035392 0.047452 0.445746 0.441631 0.029779
2 3 0.011790 0.088845 0.448556 0.411644 0.039165
2 3 0.016890 0.029418 0.532279 0.408722 0.012690
2 1 0.069810 0.197765 0.635062 0.038825 0.058538
2 1 0.062429 0.289567 0.578479 0.014779 0.054746
1 1 0.161046 0.494461 0.237248 0.001532 0.105713
2 1 0.022281 0.270019 0.644318 0.012230 0.051153
1 1 0.099713 0.514310 0.325506 0.000472 0.060000
1 1 0.103798 0.523762 0.242987 0.000481 0.128972
1 1 0.143900 0.499326 0.267047 0.000050 0.089677
0 1 0.378508 0.324139 0.268364 0.001769 0.027219
2 1 0.241298 0.357394 0.375009 0.001719 0.024580
0 1 0.599357 0.282522 0.070297 0.000282 0.047542
1 1 0.149227 0.448332 0.382858 0.000259 0.019325
2 1 0.287965 0.239590 0.455580 0.002384 0.014481
0 1 0.575455 0.305410 0.061151 0.000132 0.057852
0 0 0.466717 0.218982 0.295713 0.003297 0.015290
1 0 0.323009 0.341923 0.328280 0.000142 0.006646
1 0 0.195009 0.506987 0.274043 0.000526 0.023436
0 0 0.632616 0.153611 0.200358 0.001478 0.011937
2 0 0.087093 0.025371 0.663223 0.224142 0.000171
2 0 0.149797 0.036401 0.757275 0.056309 0.000218
0 0 0.496987 0.181586 0.304746 0.006342 0.010339
1 0 0.257248 0.423292 0.298023 0.001004 0.020433
2 0 0.027391 0.167602 0.801096 0.001453 0.002458
2 0 0.236849 0.218204 0.506615 0.026222 0.012109
2 0 0.233147 0.367276 0.396203 0.000046 0.003328
1 0 0.330293 0.449806 0.203534 0.000108 0.016259
2 0 0.238513 0.271369 0.473246 0.002698 0.014174
0 0 0.562510 0.341251 0.063962 0.000034 0.032243
0 0 0.687676 0.237746 0.052925 0.000030 0.021623
0 0 0.824756 0.121605 0.018659 0.000014 0.034966
1 0 0.215920 0.452824 0.309960 0.000212 0.021084
0 0 0.634635 0.255595 0.088595 0.000213 0.020963
0 0 0.447173 0.374192 0.156984 0.000190 0.021462
1 0 0.183900 0.467429 0.336784 0.000121 0.011767
1 0 0.201877 0.532729 0.226059 0.000443 0.038892
2 0 0.169450 0.308179 0.495740 0.008120 0.018511
1 0 0.347355 0.386544 0.208154 0.000449 0.057498
0 0 0.549390 0.291176 0.143750 0.000116 0.015567
1 0 0.181997 0.517724 0.282942 0.000093 0.017245
1 0 0.352293 0.439733 0.172977 0.000167 0.034831
2 0 0.075660 0.424186 0.473424 0.002358 0.024372
1 0 0.303158 0.337924 0.334904 0.001074 0.022941
1 0 0.233460 0.477728 0.243632 0.000785 0.044395
2 0 0.305174 0.288131 0.363004 0.002237 0.041454
1 0 0.206206 0.491425 0.256634 0.000825 0.044911
1 0 0.061509 0.482075 0.443247 0.000119 0.013050
2 0 0.125477 0.308281 0.558701 0.001232 0.006308
0 0 0.411413 0.310246 0.207421 0.008341 0.062579
0 0 0.331947 0.306386 0.268268 0.001335 0.092065
0 0 0.676564 0.173092 0.116828 0.001114 0.032403
1 0 0.295135 0.393300 0.277444 0.001047 0.033074
1 0 0.236389 0.397465 0.301424 0.000293 0.064429
2 0 0.332086 0.289591 0.333736 0.004354 0.040232
2 0 0.325278 0.252496 0.401060 0.002628 0.018538
1 0 0.324115 0.409116 0.157251 0.000960 0.108558
0 0 0.520711 0.148448 0.299168 0.012056 0.019618
0 0 0.573068 0.234052 0.132923 0.000870 0.059087
0 0 0.553905 0.226288 0.195507 0.001336 0.022962
0 0 0.702695 0.094271 0.196227 0.001784 0.005023
0 0 0.618439 0.250938 0.058008 0.000036 0.072579
1 0 0.211926 0.465631 0.274340 0.000183 0.047921
1 0 0.206324 0.434989 0.318439 0.001141 0.039106
2 0 0.093764 0.400111 0.490985 0.001158 0.013982
2 1 0.010371 0.240270 0.733247 0.001328 0.014785
2 1 0.017026 0.376658 0.561006 0.000293 0.045017
4 1 0.104557 0.350775 0.116281 0.000123 0.428264
1 1 0.125330 0.410002 0.337127 0.002627 0.124915
4 1 0.059656 0.327448 0.130834 0.000040 0.482021
2 1 0.028218 0.385143 0.444089 0.004772 0.137778
1 1 0.040586 0.479906 0.400130 0.000957 0.078421
2 1 0.013444 0.371493 0.454961 0.000065 0.160036
2 1 0.002540 0.151496 0.806790 0.000064 0.039110
1 1 0.042495 0.386970 0.366156 0.000057 0.204322
4 1 0.045965 0.359033 0.232679 0.000254 0.362070
1 1 0.161041 0.406189 0.269640 0.000547 0.162583
4 1 0.233092 0.288918 0.110064 0.000069 0.367857
2 1 0.014973 0.217139 0.610116 0.000391 0.157381
2 1 0.039414 0.319823 0.402481 0.002287 0.235996
2 1 0.014165 0.283926 0.401886 0.000070 0.299953
1 1 0.044321 0.425974 0.324334 0.000187 0.205185
2 4 0.105977 0.265635 0.329085 0.001110 0.298194
2 4 0.060796 0.307258 0.426012 0.000133 0.205802
4 4 0.047082 0.061307 0.076104 0.001859 0.813648
4 4 0.219515 0.233826 0.063166 0.000462 0.483031
2 4 0.044394 0.290005 0.463834 0.001144 0.200623
2 4 0.006618 0.285694 0.617046 0.000066 0.090577
2 4 0.059074 0.376581 0.516087 0.000293 0.047965
1 4 0.242867 0.376467 0.269335 0.002635 0.108696
4 4 0.130654 0.237178 0.102989 0.000082 0.529097
4 4 0.101574 0.270250 0.103046 0.000241 0.524890
4 4 0.137599 0.288250 0.087631 0.000030 0.486490
4 4 0.078297 0.221387 0.240641 0.003122 0.456554
4 4 0.173780 0.213952 0.110014 0.000220 0.502033
4 4 0.103722 0.100024 0.033335 0.000255 0.762663
2 4 0.000271 0.045110 0.944341 0.000115 0.010163
1 4 0.162069 0.442083 0.117385 0.000006 0.278457
1 4 0.201819 0.403784 0.216585 0.000235 0.177576
2 0 0.007120 0.241507 0.671650 0.000148 0.079575
2 0 0.002439 0.146473 0.773039 0.004648 0.073401
2 0 0.074920 0.272060 0.365424 0.000318 0.287277
0 0 0.454380 0.381652 0.103765 0.000035 0.060167
2 0 0.025552 0.216690 0.725208 0.020792 0.011758
0 0 0.762132 0.092082 0.089759 0.005248 0.050778
2 0 0.158936 0.324786 0.387893 0.012357 0.116028
2 0 0.208216 0.215730 0.368679 0.006783 0.200593
2 0 0.134758 0.326384 0.481476 0.003395 0.053987
1 0 0.231135 0.463594 0.238881 0.001211 0.065179
2 0 0.132535 0.289574 0.559601 0.002786 0.015504
2 0 0.244607 0.223908 0.484957 0.005496 0.041032
2 0 0.134591 0.236961 0.584895 0.005564 0.037989
1 0 0.169132 0.341542 0.334972 0.016887 0.137467
0 0 0.382405 0.291928 0.181180 0.000241 0.144247
1 0 0.262115 0.326721 0.264418 0.007708 0.139039
0 0 0.422625 0.235527 0.274807 0.010411 0.056630
0 0 0.804552 0.116758 0.041303 0.000072 0.037315
0 0 0.477501 0.214811 0.292050 0.000499 0.015140
4 0 0.197464 0.227835 0.061784 0.000179 0.512740
2 0 0.192760 0.263209 0.443309 0.004671 0.096051
0 0 0.566154 0.277919 0.039663 0.000005 0.116259
0 0 0.347923 0.204646 0.297477 0.012023 0.137931
0 0 0.678382 0.143989 0.042057 0.000035 0.135537
0 0 0.478688 0.314269 0.066826 0.000087 0.140130
1 0 0.254818 0.525822 0.102844 0.000008 0.116508
2 1 0.071965 0.324875 0.571586 0.003530 0.028044
1 1 0.105372 0.486490 0.356817 0.000231 0.051090
0 1 0.564905 0.300118 0.063814 0.000259 0.070904
0 1 0.490719 0.331498 0.100439 0.000118 0.077227
1 1 0.142767 0.469527 0.222967 0.000198 0.164541
2 1 0.051453 0.298261 0.619695 0.005826 0.024766
1 1 0.283662 0.342291 0.079367 0.000088 0.294592
2 1 0.008835 0.297624 0.621165 0.000682 0.071694
1 1 0.052205 0.541348 0.347143 0.000155 0.059148
2 1 0.005029 0.208332 0.747529 0.001534 0.037576
2 1 0.010760 0.336413 0.576893 0.000107 0.075828
2 1 0.006782 0.093990 0.884208 0.008431 0.006589
2 2 0.008601 0.171559 0.790295 0.010812 0.018733
2 2 0.000167 0.014206 0.966504 0.018071 0.001053
2 2 0.004458 0.167425 0.794952 0.001925 0.031239
2 2 0.084056 0.250164 0.598660 0.003661 0.063459
2 2 0.001127 0.048736 0.948395 0.000135 0.001606
0 2 0.509544 0.331668 0.141397 0.000072 0.017319
1 2 0.098543 0.511791 0.346198 0.002248 0.041220
2 2 0.014394 0.396697 0.441055 0.000010 0.147844
2 2 0.050911 0.333859 0.591807 0.001684 0.021739
1 2 0.033343 0.402762 0.366285 0.000489 0.197120
2 2 0.017438 0.397541 0.428468 0.000147 0.156407
2 2 0.038276 0.280343 0.591506 0.007874 0.082000
2 2 0.011885 0.322256 0.629348 0.000287 0.036224
2 2 0.005709 0.251909 0.662439 0.000255 0.079689
2 2 0.003306 0.095898 0.873474 0.005525 0.021797
2 2 0.015728 0.228908 0.705869 0.000444 0.049050
1 2 0.223380 0.412996 0.098697 0.000049 0.264878
1 2 0.251145 0.514093 0.161849 0.000175 0.072738
1 2 0.198825 0.480272 0.115555 0.000231 0.205118
2 2 0.016944 0.238155 0.731940 0.001421 0.011541
2 2 0.005579 0.097594 0.887542 0.006194 0.003091
2 2 0.009554 0.094400 0.847759 0.043726 0.004561
2 2 0.001073 0.022504 0.956427 0.019489 0.000506
2 2 0.000543 0.014284 0.981415 0.002978 0.000780
2 2 0.068792 0.256883 0.655291 0.005317 0.013717
2 2 0.068909 0.199387 0.676667 0.002431 0.052606
2 2 0.006422 0.073640 0.905141 0.009858 0.004939
2 2 0.009142 0.108231 0.873378 0.002964 0.006285
2 2 0.005324 0.107683 0.873278 0.008211 0.005504
2 2 0.031563 0.144489 0.774117 0.024422 0.025409
2 2 0.001601 0.066196 0.926041 0.001958 0.004204
2 2 0.008088 0.118406 0.837019 0.004212 0.032275
2 2 0.006241 0.036253 0.900771 0.050143 0.006591
2 2 0.000716 0.038577 0.923049 0.025821 0.011837
2 2 0.001676 0.031099 0.856306 0.105248 0.005671
2 2 0.228451 0.172979 0.428001 0.062319 0.108250
2 2 0.000904 0.021096 0.923930 0.053687 0.000382
2 2 0.036905 0.202818 0.745485 0.008128 0.006663
2 2 0.000010 0.000400 0.604707 0.394878 0.000005
1 2 0.140627 0.414202 0.400645 0.006658 0.037868
2 2 0.057699 0.413539 0.498511 0.003593 0.026659
2 2 0.002906 0.047212 0.790637 0.152674 0.006571
2 2 0.004311 0.038005 0.894406 0.061450 0.001828
2 2 0.009252 0.047419 0.862644 0.078177 0.002508
2 2 0.001425 0.031139 0.849850 0.116494 0.001093
2 2 0.001317 0.010424 0.911084 0.076693 0.000482
2 2 0.120943 0.106653 0.535021 0.188701 0.048681
2 2 0.000881 0.006004 0.776680 0.216229 0.000206
2 3 0.381486 0.119596 0.416629 0.039970 0.042319
2 3 0.002875 0.059896 0.810338 0.123053 0.003838
2 3 0.012572 0.037890 0.863101 0.084119 0.002318
2 3 0.012947 0.097526 0.871250 0.015092 0.003185
2 3 0.166912 0.290860 0.478139 0.021024 0.043066
2 3 0.064606 0.351564 0.494859 0.041520 0.047452
2 2 0.002643 0.062368 0.886639 0.038922 0.009428
2 2 0.038106 0.232526 0.700433 0.002313 0.026623
2 2 0.042457 0.110870 0.747706 0.017679 0.081288
2 2 0.008371 0.096186 0.873539 0.015009 0.006896
2 2 0.045523 0.187512 0.526265 0.017087 0.223614
2 2 0.024712 0.151663 0.759362 0.030766 0.033497
2 2 0.078745 0.073138 0.648856 0.092945 0.106316
2 2 0.114486 0.260692 0.554691 0.011780 0.058352
2 2 0.002117 0.037799 0.956727 0.002048 0.001308
2 2 0.010877 0.018593 0.822394 0.147315 0.000821
2 2 0.012783 0.095820 0.847945 0.030389 0.013062
2 2 0.001864 0.032310 0.919370 0.045798 0.000658
2 2 0.000371 0.010106 0.978698 0.010705 0.000119
2 2 0.004332 0.140060 0.829006 0.000725 0.025877
2 2 0.010789 0.071766 0.852833 0.060374 0.004238
2 2 0.000967 0.022401 0.937382 0.037262 0.001989
2 2 0.016155 0.106397 0.738395 0.112688 0.026365
2 2 0.115092 0.305917 0.555881 0.000723 0.022387
1 2 0.266776 0.415627 0.215531 0.000222 0.101843
2 2 0.007069 0.093144 0.882312 0.006302 0.011172
2 2 0.022363 0.435315 0.441118 0.000104 0.101101
1 2 0.105594 0.556428 0.230435 0.000131 0.107412
2 2 0.000445 0.035849 0.903741 0.053533 0.006432
2 2 0.000149 0.012627 0.983542 0.003296 0.000386
1 2 0.286136 0.418535 0.254972 0.001297 0.039060
2 2 0.008103 0.146983 0.828397 0.005561 0.010957
2 2 0.003519 0.084845 0.904109 0.001838 0.005689
1 2 0.083758 0.436902 0.344959 0.000082 0.134298
1 2 0.239024 0.383163 0.266357 0.015132 0.096325
2 2 0.001044 0.081738 0.901501 0.000582 0.015135
2 2 0.019039 0.351159 0.516917 0.013286 0.099600
2 2 0.001321 0.050820 0.943508 0.001392 0.002958
2 2 0.002436 0.054167 0.910025 0.029004 0.004367
2 2 0.029837 0.165452 0.761339 0.036296 0.007076
2 2 0.009104 0.105309 0.867682 0.009878 0.008027
2 2 0.002042 0.033486 0.944471 0.016251 0.003750
1 2 0.069239 0.427598 0.407719 0.000571 0.094874
2 2 0.044727 0.241284 0.691010 0.001418 0.021562
2 2 0.009491 0.314543 0.627564 0.000089 0.048314
2 2 0.002158 0.139972 0.832191 0.000506 0.025173
2 2 0.014656 0.062770 0.823605 0.070392 0.028577
2 2 0.027061 0.209939 0.684119 0.000916 0.077964
2 2 0.001762 0.067722 0.817682 0.092713 0.020122
2 2 0.001324 0.021178 0.884374 0.092628 0.000496
2 2 0.036012 0.143102 0.644620 0.090699 0.085568
2 2 0.001762 0.017253 0.674048 0.304534 0.002403
2 2 0.001166 0.022592 0.861831 0.111760 0.002651
2 2 0.044935 0.335146 0.582454 0.000883 0.036583
2 2 0.035637 0.268086 0.685155 0.000900 0.010223
1 2 0.250207 0.454878 0.145019 0.000618 0.149277
2 2 0.006332 0.199919 0.773759 0.000934 0.019055
2 2 0.002698 0.058223 0.931533 0.005380 0.002166
1 2 0.102242 0.539747 0.214028 0.001013 0.142969
1 2 0.037024 0.465609 0.456119 0.000350 0.040897
2 2 0.020431 0.178293 0.766833 0.000495 0.033948
0 2 0.387759 0.369648 0.088591 0.000504 0.153498
1 2 0.030203 0.437658 0.427094 0.003327 0.101719
1 2 0.139940 0.558322 0.190874 0.000075 0.110790
2 1 0.035262 0.417239 0.488326 0.000609 0.058564
2 1 0.006986 0.167809 0.794292 0.006394 0.024518
2 1 0.016786 0.273861 0.678022 0.001444 0.029887
2 1 0.087627 0.417665 0.454461 0.007894 0.032353
2 2 0.011218 0.147144 0.819345 0.012486 0.009807
1 2 0.247097 0.457081 0.229340 0.002570 0.063912
2 2 0.033019 0.449209 0.469277 0.000536 0.047960
2 2 0.012974 0.212290 0.704182 0.049010 0.021543
2 2 0.029876 0.237359 0.693476 0.014993 0.024296
2 2 0.060509 0.445339 0.473779 0.000804 0.019570
2 2 0.009729 0.266806 0.708475 0.000031 0.014958
1 2 0.096339 0.570528 0.261519 0.000022 0.071592
1 2 0.137422 0.496215 0.351264 0.000209 0.014891
1 0 0.043462 0.489975 0.435532 0.000477 0.030553
2 0 0.062959 0.394123 0.464737 0.000331 0.077849
0 0 0.458478 0.162762 0.049745 0.000036 0.328979
0 0 0.635064 0.174684 0.048600 0.000098 0.141554
0 0 0.688628 0.133228 0.046212 0.000678 0.131254
0 0 0.914551 0.033785 0.018702 0.001366 0.031596
0 0 0.800212 0.068829 0.027495 0.000074 0.103390
0 0 0.519707 0.091806 0.139759 0.226647 0.022081
2 0 0.217855 0.368711 0.398866 0.002187 0.012382
0 0 0.956465 0.019568 0.011373 0.001086 0.011508
0 0 0.951041 0.020172 0.005232 0.000090 0.023465
2 0 0.290609 0.319916 0.358169 0.002959 0.028346
0 0 0.414924 0.372455 0.153071 0.001109 0.058441
1 0 0.071781 0.461549 0.443515 0.000955 0.022200
2 0 0.043615 0.295272 0.655739 0.000220 0.005154
0 0 0.559243 0.253473 0.156738 0.000578 0.029968
0 0 0.920839 0.048687 0.017958 0.000111 0.012404
0 0 0.505890 0.262512 0.200374 0.002112 0.029113
2 0 0.119903 0.337761 0.496895 0.002765 0.042676
0 0 0.626177 0.238332 0.056574 0.000527 0.078390
0 0 0.675862 0.132802 0.033226 0.000005 0.158105
0 0 0.941419 0.036958 0.016398 0.000122 0.005103
0 0 0.576131 0.219578 0.074949 0.001116 0.128226
0 0 0.524315 0.126388 0.052320 0.000704 0.296273
0 0 0.423664 0.144829 0.044605 0.000260 0.386642
0 0 0.460152 0.122680 0.032521 0.000013 0.384635
2 0 0.161220 0.252805 0.536692 0.007594 0.041688
2 0 0.135777 0.343394 0.400980 0.000734 0.119115
1 0 0.193314 0.475437 0.259589 0.001205 0.070455
1 0 0.112339 0.557135 0.255669 0.000122 0.074734
1 0 0.243942 0.445207 0.150327 0.000106 0.160417
0 0 0.556344 0.229355 0.058730 0.000050 0.155520
2 0 0.062119 0.276281 0.600085 0.003736 0.057778
1 0 0.329072 0.355392 0.151752 0.000074 0.163710
0 0 0.413442 0.300281 0.223373 0.000582 0.062323
0 0 0.352518 0.302614 0.061046 0.000008 0.283814
1 0 0.200707 0.377007 0.142347 0.001056 0.278884
1 0 0.111721 0.535273 0.185484 0.000146 0.167376
0 0 0.400214 0.265768 0.268786 0.010373 0.054859
2 0 0.322259 0.228066 0.348987 0.000250 0.100438
0 0 0.517478 0.293294 0.112260 0.000517 0.076451
0 0 0.387025 0.268954 0.300660 0.001857 0.041505
0 0 0.450624 0.258943 0.084278 0.000183 0.205973
1 0 0.244858 0.417316 0.316035 0.000508 0.021284
0 0 0.357341 0.315406 0.070346 0.000064 0.256843
0 0 0.686736 0.212351 0.040676 0.000039 0.060197
0 0 0.440682 0.188903 0.044456 0.000042 0.325918
0 0 0.537565 0.319742 0.064490 0.000070 0.078133
4 0 0.242387 0.294130 0.072666 0.000294 0.390523
1 0 0.105921 0.499015 0.166885 0.000004 0.228174
0 0 0.508334 0.372321 0.069888 0.000067 0.049389
0 0 0.378975 0.351928 0.065853 0.000012 0.203231
0 0 0.762667 0.159445 0.046988 0.000251 0.030649
0 0 0.545422 0.203904 0.044138 0.000255 0.206280
0 0 0.446973 0.302053 0.195233 0.002239 0.053502
0 0 0.464640 0.242537 0.203886 0.002464 0.086473
0 0 0.586987 0.142273 0.045885 0.000215 0.224640
0 0 0.521370 0.347862 0.068830 0.000117 0.061821
0 0 0.778925 0.131110 0.028173 0.000023 0.061768
0 0 0.826274 0.073390 0.027922 0.000143 0.072270
0 0 0.560741 0.297675 0.123589 0.000275 0.017720
2 0 0.365870 0.136884 0.456261 0.036026 0.004959
0 0 0.806136 0.091115 0.094411 0.001452 0.006886
0 0 0.571979 0.290862 0.122608 0.000090 0.014461
1 0 0.078008 0.511465 0.373295 0.000027 0.037205
0 0 0.413011 0.364589 0.139590 0.000630 0.082180
1 0 0.163337 0.512029 0.301581 0.000301 0.022752
0 0 0.385537 0.351944 0.160304 0.000834 0.101381
1 0 0.227890 0.404570 0.246427 0.001959 0.119154
1 0 0.183338 0.604353 0.126157 0.000058 0.086094
1 1 0.155084 0.594007 0.138453 0.000114 0.112342
0 1 0.449691 0.368143 0.161007 0.000215 0.020944
1 1 0.305624 0.523749 0.115492 0.000258 0.054876
1 1 0.089300 0.485528 0.361973 0.000325 0.062875
1 1 0.099529 0.603633 0.269003 0.000110 0.027725
1 1 0.101246 0.627613 0.205767 0.000023 0.065352
1 1 0.070988 0.518508 0.330438 0.000237 0.079828
1 1 0.052974 0.528305 0.334019 0.000033 0.084669
1 1 0.120920 0.521768 0.213085 0.000039 0.144187
1 1 0.067409 0.563794 0.328496 0.000219 0.040082
2 1 0.014129 0.323091 0.624124 0.004366 0.034290
2 1 0.019402 0.387773 0.537122 0.000932 0.054770
2 2 0.012418 0.272914 0.679307 0.003635 0.031727
2 2 0.001303 0.063938 0.925992 0.002944 0.005823
1 2 0.053231 0.542180 0.345432 0.000087 0.059070
2 2 0.036324 0.341488 0.592969 0.006663 0.022556
2 2 0.005916 0.143287 0.820918 0.014201 0.015678
2 2 0.027549 0.234502 0.727013 0.002168 0.008768
2 2 0.001549 0.045722 0.946739 0.005043 0.000946
2 2 0.025260 0.240377 0.712088 0.008011 0.014265
2 2 0.012676 0.148158 0.834197 0.001319 0.003651
2 2 0.043956 0.409082 0.509897 0.004182 0.032883
2 2 0.035994 0.255735 0.700462 0.001538 0.006272
2 2 0.006428 0.127083 0.860127 0.002524 0.003837
2 2 0.031772 0.443288 0.496735 0.000570 0.027635
2 2 0.048158 0.461345 0.463665 0.000386 0.026446
2 2 0.000980 0.068918 0.922948 0.002163 0.004991
2 2 0.002245 0.065070 0.924951 0.002559 0.005175
2 2 0.024066 0.229034 0.705796 0.014071 0.027034
2 2 0.005320 0.086012 0.890716 0.006478 0.011475
2 2 0.032004 0.067915 0.832011 0.063795 0.004276
2 2 0.001854 0.044035 0.929397 0.020199 0.004515
2 2 0.090470 0.205890 0.614053 0.020050 0.069538
2 2 0.032531 0.204423 0.704926 0.029934 0.028187
2 2 0.055840 0.084132 0.815526 0.040139 0.004364
2 0 0.017270 0.146257 0.828257 0.004944 0.003272
2 0 0.009353 0.126713 0.858313 0.003033 0.002588
2 0 0.038809 0.241609 0.713970 0.001018 0.004594
2 0 0.071151 0.168585 0.713462 0.034695 0.012107
2 2 0.015381 0.075383 0.893694 0.014141 0.001400
2 2 0.001060 0.015269 0.941622 0.041694 0.000356
2 2 0.005948 0.065265 0.868279 0.058477 0.002031
3 3 0.000725 0.002644 0.377502 0.618956 0.000174
2 3 0.002926 0.019754 0.880398 0.096400 0.000521
3 3 0.058672 0.013581 0.413185 0.511073 0.003489
2 3 0.002269 0.008664 0.551468 0.436861 0.000738
2 3 0.002078 0.006147 0.617331 0.374207 0.000237
2 3 0.013342 0.018437 0.497642 0.468667 0.001913
2 3 0.069847 0.039946 0.512771 0.369287 0.008150
2 3 0.117845 0.039344 0.420379 0.408449 0.013984
3 3 0.000447 0.002246 0.396499 0.600700 0.000108
3 3 0.015217 0.003381 0.041713 0.927211 0.012477
3 3 0.058406 0.009417 0.274598 0.653435 0.004144
3 3 0.003218 0.002692 0.030573 0.960586 0.002931
3 3 0.001651 0.006236 0.217191 0.772468 0.002454
3 3 0.000152 0.000114 0.017058 0.982645 0.000031
3 3 0.000762 0.000665 0.072407 0.925931 0.000235
3 3 0.001859 0.000701 0.022272 0.974449 0.000719
3 3 0.087236 0.005082 0.019055 0.861621 0.027005
3 3 0.003979 0.004243 0.083654 0.905856 0.002269
3 3 0.003293 0.001148 0.118741 0.876667 0.000151
3 3 0.004589 0.000756 0.018198 0.975568 0.000890
3 3 0.004004 0.000394 0.007789 0.985869 0.001943
3 3 0.000698 0.000071 0.010156 0.989010 0.000065
3 3 0.004074 0.000974 0.017493 0.975374 0.002086
3 3 0.008935 0.000718 0.031391 0.958422 0.000534
3 3 0.001928 0.000467 0.018312 0.978893 0.000398
3 3 0.000087 0.000017 0.002327 0.997519 0.000049
3 3 0.028719 0.004375 0.047586 0.910871 0.008449
3 3 0.021194 0.004968 0.122973 0.848122 0.002743
3 3 0.001717 0.000363 0.008667 0.988617 0.000635
3 3 0.004156 0.001332 0.020510 0.972023 0.001979
3 3 0.001910 0.000311 0.007589 0.989532 0.000657
3 3 0.028562 0.006822 0.056586 0.890826 0.017205
3 3 0.001418 0.000309 0.016663 0.981165 0.000445
3 3 0.005005 0.001032 0.048716 0.944845 0.000402
3 3 0.010689 0.000378 0.005568 0.981283 0.002082
3 3 0.000990 0.000037 0.003246 0.995496 0.000231
3 3 0.012414 0.000515 0.013020 0.972740 0.001310
3 3 0.015896 0.001627 0.020694 0.958796 0.002987
3 3 0.099407 0.003426 0.044578 0.847065 0.005524
3 3 0.000760 0.000321 0.012483 0.985969 0.000467
3 3 0.039822 0.000309 0.003348 0.952769 0.003752
3 3 0.000243 0.000054 0.003780 0.995830 0.000094
3 3 0.005786 0.002297 0.030083 0.960189 0.001645
3 3 0.001393 0.001646 0.052805 0.943642 0.000515
3 3 0.002699 0.000359 0.008054 0.987469 0.001418
3 3 0.025399 0.001103 0.009259 0.961163 0.003076
3 3 0.007214 0.000558 0.007753 0.983246 0.001229
3 3 0.008110 0.000569 0.008371 0.981198 0.001752
3 3 0.000235 0.000085 0.005223 0.994355 0.000101
3 3 0.002543 0.000113 0.004246 0.992751 0.000347
3 3 0.040341 0.001906 0.017029 0.933798 0.006926
3 3 0.001555 0.000085 0.003191 0.994856 0.000313
3 3 0.003560 0.000089 0.003766 0.992171 0.000414
3 3 0.001193 0.000139 0.005766 0.992476 0.000427
3 3 0.031353 0.001340 0.013471 0.950496 0.003340
3 3 0.000535 0.000352 0.024254 0.974551 0.000308
3 3 0.025633 0.000863 0.007647 0.961956 0.003902
3 3 0.028567 0.003408 0.019948 0.937526 0.010551
3 3 0.000086 0.000082 0.051594 0.948212 0.000026
3 3 0.011178 0.002134 0.017097 0.967521 0.002070
3 3 0.007572 0.000451 0.006940 0.983091 0.001945
3 3 0.000896 0.000170 0.034213 0.964613 0.000108
3 3 0.017369 0.000536 0.015295 0.962431 0.004368
3 3 0.004450 0.001564 0.123146 0.870688 0.000152
3 3 0.041723 0.005728 0.033939 0.904630 0.013980
2 3 0.089633 0.064112 0.489396 0.325178 0.031682
2 2 0.251068 0.108157 0.304264 0.262114 0.074397
2 2 0.008082 0.072454 0.716425 0.184682 0.018356
2 2 0.013097 0.041984 0.760978 0.158027 0.025915
2 2 0.174197 0.210124 0.407143 0.010222 0.198315
2 2 0.012024 0.065734 0.745982 0.129298 0.046962
3 2 0.004395 0.004282 0.081394 0.903913 0.006016
2 2 0.068262 0.355012 0.555588 0.001385 0.019753
2 2 0.070421 0.119780 0.645315 0.068927 0.095557
2 2 0.009933 0.103692 0.801935 0.055741 0.028698
2 2 0.043371 0.224646 0.379582 0.007271 0.345130
2 2 0.005029 0.048948 0.847545 0.086114 0.012363
2 2 0.032947 0.425916 0.479248 0.000497 0.061393
2 2 0.010666 0.105273 0.848680 0.021872 0.013510
2 2 0.012941 0.361504 0.542172 0.000099 0.083283
4 1 0.067172 0.301784 0.118731 0.000720 0.511592
2 1 0.059727 0.252352 0.528739 0.002578 0.156603
0 1 0.547415 0.171191 0.067775 0.000492 0.213127
2 1 0.021167 0.272867 0.553950 0.003710 0.148307
2 1 0.015159 0.368948 0.490927 0.000612 0.124354
4 1 0.096550 0.158700 0.064458 0.000964 0.679328
2 0 0.089321 0.329678 0.562048 0.002480 0.016472
4 0 0.189356 0.120672 0.032581 0.000050 0.657341
4 0 0.059387 0.122546 0.049757 0.000357 0.767953
4 0 0.061771 0.140105 0.055442 0.000013 0.742669
4 0 0.142857 0.053709 0.033616 0.000389 0.769430
4 0 0.074098 0.046192 0.015875 0.000004 0.863831
4 0 0.056208 0.234948 0.098443 0.000301 0.610099
4 0 0.336172 0.032771 0.008280 0.000047 0.622729
4 0 0.265216 0.278610 0.104977 0.000061 0.351136
0 0 0.825491 0.064685 0.021901 0.000450 0.087473
1 0 0.302374 0.331250 0.071335 0.000008 0.295033
0 0 0.446857 0.233491 0.256066 0.009873 0.053713
0 0 0.747224 0.102762 0.020541 0.000023 0.129449
4 0 0.051766 0.214746 0.134616 0.001194 0.597678
4 0 0.020790 0.250823 0.321909 0.000130 0.406348
4 2 0.038890 0.313846 0.203225 0.000076 0.443963
4 4 0.145833 0.176809 0.146316 0.007128 0.523914
4 4 0.319425 0.137270 0.051014 0.000097 0.492193
4 4 0.108501 0.009471 0.002945 0.000290 0.878793
4 4 0.051589 0.085475 0.035451 0.000208 0.827278
4 4 0.136691 0.031830 0.011119 0.000021 0.820338
4 4 0.429212 0.107203 0.031201 0.000002 0.432381
0 4 0.553329 0.232990 0.074425 0.000038 0.139217
4 4 0.060257 0.306356 0.129733 0.000696 0.502959
1 4 0.107916 0.351537 0.260009 0.000174 0.280364
1 4 0.029390 0.407223 0.294021 0.000067 0.269299
4 4 0.041562 0.272171 0.176825 0.000142 0.509300
4 4 0.115021 0.288847 0.093508 0.000029 0.502595
4 4 0.121671 0.186428 0.060052 0.000103 0.631747
1 4 0.037940 0.399720 0.180794 0.000314 0.381232
2 4 0.017724 0.399098 0.439927 0.000175 0.143075
2 4 0.013416 0.330207 0.516322 0.000740 0.139314
1 4 0.093548 0.430128 0.207778 0.000695 0.267852
1 4 0.248477 0.278401 0.271948 0.004603 0.196571
2 4 0.075309 0.278804 0.551261 0.000803 0.093823
4 1 0.070562 0.380798 0.142079 0.000092 0.406470
0 1 0.421989 0.343886 0.069353 0.000234 0.164538
4 1 0.050369 0.345942 0.206869 0.000246 0.396574
1 1 0.130429 0.408440 0.291224 0.001370 0.168537
1 1 0.067102 0.368294 0.320729 0.000707 0.243168
1 1 0.180569 0.344740 0.148096 0.000139 0.326456
2 0 0.097855 0.407597 0.441377 0.001723 0.051448
2 0 0.197777 0.189667 0.445271 0.017013 0.150273
0 0 0.388374 0.264739 0.063987 0.000364 0.282535
1 0 0.258667 0.428092 0.178721 0.001120 0.133400
1 0 0.028088 0.447174 0.366144 0.000504 0.158090
2 0 0.042000 0.324078 0.468740 0.000190 0.164993
2 0 0.078726 0.340905 0.529198 0.002573 0.048598
4 0 0.051757 0.304619 0.171795 0.000086 0.471744
2 0 0.009260 0.281378 0.602253 0.000178 0.106931
2 0 0.070722 0.198032 0.716076 0.008545 0.006626
0 0 0.718454 0.213545 0.039997 0.000025 0.027979
0 0 0.632619 0.234904 0.121627 0.000066 0.010784
2 0 0.031949 0.141745 0.820357 0.003351 0.002598
2 0 0.132516 0.308499 0.482940 0.002881 0.073164
0 0 0.863203 0.031623 0.025757 0.052095 0.027320
0 0 0.863172 0.031628 0.025762 0.052113 0.027325
0 0 0.863172 0.031628 0.025762 0.052114 0.027325
0 0 0.863171 0.031628 0.025762 0.052114 0.027325
0 0 0.700848 0.118464 0.082522 0.022131 0.076036
1 1 0.322608 0.383649 0.078682 0.000451 0.214609
2 1 0.097384 0.280595 0.528206 0.008738 0.085077
2 1 0.058674 0.361359 0.387068 0.001486 0.191413
1 1 0.164337 0.392494 0.106507 0.000005 0.336657
1 1 0.102660 0.464957 0.198600 0.000044 0.233739
4 1 0.053704 0.301349 0.217594 0.000636 0.426717
2 1 0.013323 0.326692 0.578762 0.000574 0.080649
2 1 0.020825 0.398224 0.420385 0.001727 0.158840
2 1 0.003343 0.135367 0.840445 0.000860 0.019985
1 1 0.097934 0.492830 0.153313 0.000025 0.255898
2 1 0.008169 0.274514 0.668634 0.000152 0.048531
2 1 0.020075 0.226181 0.736595 0.000715 0.016433
1 1 0.052550 0.384446 0.293587 0.000045 0.269371
2 1 0.004409 0.244052 0.590508 0.000100 0.160931
4 1 0.046191 0.355465 0.240634 0.000017 0.357693
2 1 0.002444 0.171614 0.777740 0.000377 0.047825
0 1 0.595653 0.222791 0.069524 0.000172 0.111860
2 1 0.021708 0.385116 0.567257 0.000794 0.025126
4 1 0.076950 0.389029 0.139865 0.000036 0.394120
2 1 0.001020 0.116382 0.826046 0.001396 0.055156
2 1 0.009640 0.293298 0.655040 0.001126 0.040896
2 1 0.001235 0.126833 0.821206 0.000983 0.049744
2 2 0.012314 0.173690 0.723869 0.006871 0.083256
2 2 0.001825 0.152371 0.818190 0.000102 0.027513
2 2 0.015341 0.078858 0.880167 0.016847 0.008786
2 2 0.016697 0.214273 0.715106 0.002588 0.051335
2 2 0.023264 0.260171 0.625066 0.021083 0.070416
2 2 0.001375 0.027610 0.968340 0.002126 0.000550
2 2 0.003743 0.071881 0.919574 0.002591 0.002211
2 2 0.000598 0.039006 0.957254 0.001393 0.001749
2 2 0.002346 0.112877 0.864392 0.001658 0.018728
2 2 0.002047 0.086721 0.898430 0.006336 0.006466
2 2 0.053746 0.318848 0.549141 0.001009 0.077256
2 2 0.016006 0.332978 0.638027 0.000363 0.012626
2 2 0.046304 0.381729 0.549426 0.000776 0.021764
2 2 0.002906 0.067930 0.923531 0.002259 0.003374
2 2 0.005834 0.224719 0.759577 0.000124 0.009746
2 2 0.002534 0.041098 0.953341 0.002538 0.000490
2 2 0.105680 0.209765 0.658818 0.009015 0.016722
2 2 0.002558 0.045103 0.946141 0.004935 0.001263
2 2 0.004068 0.071177 0.905780 0.017137 0.001839
2 2 0.003875 0.054061 0.931433 0.009788 0.000843
2 2 0.003200 0.070814 0.910600 0.013527 0.001858
2 2 0.018198 0.296602 0.658314 0.006692 0.020193
2 2 0.013951 0.193366 0.776265 0.005527 0.010891
2 2 0.000006 0.000964 0.981523 0.017500 0.000007
2 2 0.065010 0.388151 0.512118 0.001722 0.032999
2 2 0.118741 0.330185 0.520311 0.006789 0.023974
0 2 0.351810 0.343057 0.254714 0.001672 0.048747
1 2 0.096167 0.492126 0.326974 0.000805 0.083927
2 2 0.026643 0.207819 0.738229 0.016930 0.010379
2 2 0.048662 0.270745 0.574247 0.002014 0.104332
2 2 0.000819 0.025144 0.948476 0.022617 0.002945
2 2 0.000726 0.027391 0.960138 0.010336 0.001409
2 2 0.002513 0.041738 0.925333 0.023278 0.007138
2 2 0.000677 0.061433 0.934566 0.000169 0.003154
2 2 0.008521 0.095762 0.877593 0.001638 0.016486
2 2 0.000427 0.013990 0.984641 0.000278 0.000664
2 2 0.008016 0.126164 0.840829 0.010538 0.014453
2 2 0.005030 0.146746 0.835368 0.000307 0.012548
2 2 0.000200 0.016541 0.975542 0.007228 0.000488
2 2 0.033459 0.219571 0.693719 0.020056 0.033195
2 2 0.017822 0.164928 0.656111 0.093360 0.067779
2 2 0.030979 0.285012 0.439607 0.018825 0.225577
2 2 0.001648 0.070996 0.870905 0.040869 0.015582
2 2 0.005908 0.066401 0.897262 0.020475 0.009954
2 2 0.002103 0.119226 0.852280 0.001571 0.024820
2 2 0.000218 0.028275 0.969649 0.000217 0.001641
2 2 0.003124 0.100907 0.799678 0.080918 0.015373
2 2 0.001872 0.060987 0.928877 0.001376 0.006888
2 2 0.024255 0.172926 0.762726 0.027717 0.012375
0 2 0.515983 0.381707 0.080836 0.000033 0.021441
0 1 0.700406 0.136139 0.061100 0.000175 0.102181
1 1 0.059047 0.460699 0.353415 0.000231 0.126608
1 1 0.081227 0.449856 0.385568 0.004693 0.078655
2 1 0.005564 0.182289 0.779876 0.001468 0.030802
2 1 0.018552 0.369696 0.575417 0.001168 0.035166
2 2 0.002036 0.033612 0.814658 0.146785 0.002909
2 2 0.000968 0.021726 0.888923 0.087433 0.000950
2 2 0.004029 0.140779 0.808665 0.014211 0.032317
2 2 0.004869 0.050924 0.920072 0.018752 0.005383
2 2 0.004806 0.127985 0.857675 0.002552 0.006981
2 2 0.001428 0.032063 0.965058 0.000218 0.001233
2 2 0.049694 0.455174 0.483018 0.000046 0.012068
2 2 0.110409 0.393821 0.467788 0.000293 0.027689
1 2 0.102599 0.560447 0.188443 0.005879 0.142632
2 2 0.035561 0.401821 0.526992 0.001321 0.034305
1 2 0.223239 0.463036 0.107931 0.000940 0.204855
1 1 0.021839 0.427409 0.387883 0.000119 0.162750
2 0 0.367991 0.159237 0.466857 0.002686 0.003227
2 0 0.039021 0.281052 0.651580 0.012104 0.016244
1 0 0.215454 0.323755 0.281928 0.001219 0.177644
2 0 0.051708 0.231747 0.672868 0.031365 0.012312
0 0 0.617215 0.292721 0.064350 0.000051 0.025664
1 1 0.094848 0.614684 0.252390 0.000043 0.038035
2 1 0.038601 0.240770 0.708886 0.004304 0.007439
2 1 0.119318 0.343370 0.437121 0.005692 0.094498
2 1 0.021343 0.381490 0.407972 0.002111 0.187084
2 1 0.014869 0.381080 0.509161 0.000097 0.094794
2 1 0.011577 0.318965 0.574595 0.003590 0.091273
1 1 0.025105 0.425730 0.364901 0.000567 0.183697
1 1 0.034805 0.369733 0.289786 0.008202 0.297475
2 1 0.007250 0.295975 0.569491 0.000093 0.127191
2 1 0.007297 0.274726 0.652563 0.000694 0.064720
4 1 0.041515 0.237886 0.109744 0.000312 0.610543
1 1 0.033685 0.436915 0.299142 0.000732 0.229526
1 1 0.195699 0.435542 0.110723 0.002227 0.255809
2 1 0.009764 0.168853 0.803150 0.000798 0.017435
2 1 0.016912 0.324493 0.408041 0.000061 0.250494
2 1 0.011802 0.189521 0.752937 0.004724 0.041015
4 1 0.186530 0.273711 0.121544 0.000457 0.417758
4 1 0.043771 0.309456 0.139269 0.000739 0.506764
4 4 0.118443 0.075874 0.054864 0.020425 0.730394
2 4 0.000606 0.023454 0.892405 0.082048 0.001487
4 4 0.133621 0.128809 0.177915 0.041209 0.518447
4 4 0.123860 0.320136 0.100646 0.000063 0.455295
4 4 0.108449 0.225661 0.076336 0.000470 0.589083
4 4 0.324528 0.111495 0.059227 0.000148 0.504603
4 4 0.089261 0.065085 0.022110 0.000184 0.823360
4 4 0.052561 0.007477 0.002546 0.000052 0.937365
4 4 0.012468 0.041239 0.041171 0.000278 0.904844
4 4 0.039678 0.121857 0.182681 0.004566 0.651218
4 4 0.173514 0.119564 0.095227 0.001170 0.610525
4 4 0.249339 0.027641 0.010344 0.000226 0.712451
4 4 0.143061 0.049001 0.021745 0.000373 0.785820
4 4 0.110475 0.289252 0.139587 0.000051 0.460635
0 4 0.486964 0.228737 0.146632 0.002130 0.135537
4 4 0.028739 0.346040 0.265496 0.001959 0.357766
4 4 0.267410 0.050490 0.020144 0.000804 0.661151
4 4 0.370862 0.145744 0.059635 0.000515 0.423243
4 4 0.086719 0.172175 0.067113 0.000083 0.673910
4 4 0.062018 0.132413 0.052150 0.000011 0.753409
1 4 0.066972 0.488595 0.174415 0.000106 0.269912
4 4 0.146891 0.220822 0.273121 0.001780 0.357386
4 4 0.067560 0.090427 0.037667 0.000178 0.804168
4 4 0.106091 0.164400 0.168000 0.000859 0.560651
0 4 0.697153 0.029870 0.012744 0.000465 0.259768
4 4 0.409176 0.018982 0.004120 0.000004 0.567717
4 4 0.223879 0.123435 0.078379 0.043246 0.531061
2 4 0.028322 0.344101 0.514551 0.019084 0.093942
4 4 0.105602 0.304767 0.187997 0.001610 0.400024
4 4 0.024095 0.017439 0.020477 0.000093 0.937897
4 4 0.429156 0.079538 0.025410 0.000104 0.465792
4 4 0.042069 0.050916 0.021520 0.000048 0.885446
4 4 0.030059 0.248121 0.125198 0.000053 0.596569
2 4 0.065644 0.236686 0.346062 0.012325 0.339282
4 4 0.019409 0.051406 0.059596 0.002050 0.867539
2 4 0.004785 0.165992 0.775470 0.000673 0.053080
4 4 0.053918 0.299304 0.125910 0.000334 0.520535
4 4 0.127686 0.148835 0.046773 0.000073 0.676633
2 4 0.025497 0.113856 0.606341 0.003285 0.251020
4 4 0.036017 0.205182 0.099246 0.000390 0.659165
4 4 0.011142 0.236427 0.321046 0.001007 0.430378
4 4 0.128351 0.277726 0.147510 0.002258 0.444155
4 4 0.105652 0.354067 0.136529 0.000794 0.402958
2 4 0.002722 0.128938 0.850980 0.000629 0.016731
2 4 0.009783 0.337947 0.513648 0.000037 0.138585
2 4 0.029377 0.306320 0.504188 0.011827 0.148288
1 4 0.128143 0.437456 0.339346 0.000079 0.094976
2 4 0.019899 0.262062 0.499545 0.002016 0.216478
2 1 0.010743 0.330643 0.432555 0.000106 0.225953
4 1 0.147321 0.357613 0.105144 0.000289 0.389633
1 1 0.077928 0.440938 0.165361 0.000030 0.315744
2 1 0.028651 0.348479 0.450035 0.000217 0.172617
2 1 0.011967 0.199470 0.744293 0.011104 0.033166
2 1 0.230589 0.210737 0.447341 0.018170 0.093162
1 1 0.205939 0.380854 0.186326 0.001226 0.225655
1 2 0.202447 0.398046 0.200564 0.000380 0.198562
2 2 0.017899 0.310635 0.432866 0.000341 0.238259
2 2 0.006990 0.263489 0.587550 0.005019 0.136952
2 2 0.007845 0.283477 0.564781 0.001738 0.142160
1 2 0.044606 0.396129 0.228585 0.000060 0.330620
2 2 0.029306 0.433205 0.493204 0.000904 0.043381
2 2 0.015682 0.312785 0.575014 0.016895 0.079624
2 2 0.012686 0.162803 0.769611 0.008225 0.046675
1 2 0.065841 0.450013 0.219048 0.002184 0.262914
1 2 0.035429 0.463471 0.399955 0.003375 0.097769
1 2 0.069353 0.372150 0.310611 0.000565 0.247322
2 2 0.085740 0.289054 0.503620 0.006752 0.114835
2 2 0.000370 0.030634 0.937540 0.028745 0.002711
2 2 0.004964 0.225204 0.696576 0.001118 0.072138
2 2 0.009578 0.176995 0.731715 0.010160 0.071551
2 2 0.009156 0.165491 0.808126 0.006776 0.010450
2 1 0.041375 0.246183 0.633609 0.001723 0.077110
2 1 0.058204 0.243059 0.609313 0.016827 0.072596
2 1 0.309382 0.123372 0.413792 0.100082 0.053371
2 1 0.049218 0.371022 0.467485 0.009062 0.103213
2 1 0.065149 0.305415 0.401315 0.001099 0.227022
2 1 0.005199 0.181205 0.767138 0.011547 0.034911
