0 0 0.984013 0.003354 0.005748 0.000417 0.006467
0 0 0.993864 0.003639 0.002015 0.000001 0.000482
0 0 0.979552 0.012575 0.007493 0.000003 0.000376
0 0 0.956498 0.027381 0.009641 0.000000 0.006479
0 0 0.739023 0.117196 0.134477 0.002135 0.007170
0 0 0.604045 0.145635 0.073424 0.000029 0.176867
0 0 0.988858 0.003212 0.002375 0.000005 0.005550
0 0 0.991901 0.006725 0.001347 0.000000 0.000027
0 0 0.998350 0.000890 0.000512 0.000000 0.000248
0 0 0.999179 0.000564 0.000245 0.000000 0.000011
0 0 0.999110 0.000576 0.000297 0.000000 0.000018
0 0 0.981041 0.007945 0.005582 0.000017 0.005415
0 0 0.983202 0.004174 0.003077 0.000003 0.009544
0 0 0.933946 0.005251 0.003014 0.000001 0.057788
0 0 0.993750 0.000799 0.000776 0.000001 0.004673
0 0 0.683306 0.021285 0.026752 0.000376 0.268281
0 0 0.899192 0.042203 0.026076 0.000158 0.032370
0 0 0.971962 0.010121 0.007937 0.000063 0.009917
0 0 0.993246 0.002990 0.002295 0.000016 0.001453
0 0 0.993296 0.002922 0.002562 0.000013 0.001207
0 0 0.993672 0.002837 0.002708 0.000015 0.000768
0 0 0.982916 0.010379 0.006369 0.000002 0.000333
0 0 0.990963 0.005818 0.002761 0.000000 0.000457
0 0 0.994350 0.003274 0.001918 0.000001 0.000457
0 0 0.993246 0.002967 0.002822 0.000024 0.000941
0 0 0.987868 0.005044 0.005803 0.000362 0.000923
0 0 0.976829 0.016047 0.006416 0.000001 0.000708
0 0 0.884930 0.070078 0.034126 0.000036 0.010830
0 0 0.994279 0.002285 0.001453 0.000003 0.001981
0 0 0.995750 0.002801 0.001325 0.000000 0.000124
0 0 0.991855 0.003602 0.003561 0.000027 0.000954
0 0 0.998753 0.000583 0.000586 0.000003 0.000075
0 0 0.987897 0.003115 0.004526 0.000097 0.004365
0 0 0.990310 0.001524 0.002278 0.000012 0.005876
0 0 0.886335 0.068045 0.042626 0.000130 0.002864
0 0 0.976929 0.012929 0.008900 0.000016 0.001226
0 0 0.945289 0.032764 0.016925 0.000016 0.005006
0 0 0.980327 0.005414 0.004343 0.000006 0.009910
0 0 0.958106 0.019070 0.011973 0.000038 0.010812
0 0 0.995446 0.002282 0.001492 0.000001 0.000779
0 0 0.988094 0.006630 0.004539 0.000003 0.000733
0 0 0.952992 0.002283 0.002224 0.000021 0.042480
0 0 0.998437 0.000536 0.000538 0.000003 0.000487
0 0 0.987740 0.001222 0.001272 0.000006 0.009761
0 0 0.982074 0.007365 0.009183 0.000203 0.001175
0 0 0.855467 0.096677 0.037108 0.000028 0.010721
0 0 0.976760 0.013214 0.008084 0.000004 0.001939
0 0 0.991336 0.004499 0.003627 0.000016 0.000522
0 0 0.954994 0.016370 0.011019 0.000018 0.017599
0 0 0.878371 0.028022 0.074369 0.003556 0.015682
0 0 0.982322 0.006731 0.007825 0.000076 0.003046
0 0 0.957251 0.026008 0.015635 0.000031 0.001075
0 0 0.952671 0.027064 0.017952 0.000074 0.002239
0 0 0.906916 0.057558 0.032640 0.000090 0.002795
0 0 0.987186 0.004761 0.004412 0.000046 0.003595
0 0 0.956118 0.019047 0.017442 0.000459 0.006934
0 0 0.959188 0.022311 0.016871 0.000116 0.001514
0 0 0.935101 0.042132 0.020115 0.000008 0.002644
0 0 0.956715 0.024738 0.009791 0.000001 0.008754
0 0 0.944088 0.037410 0.017438 0.000043 0.001020
0 0 0.997510 0.000970 0.000710 0.000002 0.000808
0 0 0.882733 0.058610 0.052652 0.002451 0.003555
0 0 0.964128 0.025107 0.009614 0.000001 0.001150
0 0 0.996539 0.001270 0.001608 0.000060 0.000524
0 0 0.998965 0.000695 0.000302 0.000000 0.000039
0 0 0.976125 0.012527 0.005841 0.000003 0.005505
0 0 0.980204 0.004005 0.011434 0.003738 0.000620
0 0 0.994636 0.003297 0.001895 0.000001 0.000171
0 0 0.968937 0.018046 0.008071 0.000005 0.004941
0 0 0.876335 0.073749 0.037954 0.000040 0.011923
0 0 0.899960 0.056696 0.041541 0.000481 0.001322
0 0 0.984633 0.008925 0.005011 0.000002 0.001430
0 0 0.907049 0.030520 0.045953 0.007798 0.008680
0 0 0.863228 0.098561 0.037644 0.000025 0.000542
0 0 0.989928 0.003396 0.002396 0.000002 0.004278
0 0 0.979515 0.005018 0.002298 0.000000 0.013168
1 0 0.182224 0.397056 0.357596 0.000281 0.062843
0 0 0.645169 0.129397 0.081615 0.001005 0.142815
1 0 0.096109 0.450544 0.187920 0.000237 0.265190
0 0 0.960103 0.022654 0.015926 0.000054 0.001263
0 0 0.725479 0.158779 0.105735 0.001491 0.008517
0 0 0.972425 0.017831 0.009399 0.000007 0.000338
1 1 0.263633 0.492918 0.172759 0.000139 0.070551
2 1 0.007703 0.209164 0.534331 0.002208 0.246594
4 0 0.041685 0.150578 0.127889 0.000077 0.679771
4 1 0.422586 0.047050 0.030727 0.000119 0.499518
4 4 0.420761 0.080979 0.057953 0.000014 0.440293
0 4 0.429059 0.105817 0.084410 0.000293 0.380421
2 4 0.012034 0.169465 0.450552 0.001870 0.366080
4 4 0.214259 0.085377 0.127035 0.001656 0.571673
4 4 0.029314 0.006566 0.002844 0.000005 0.961270
4 4 0.104812 0.070325 0.023101 0.000003 0.801758
4 4 0.072123 0.096397 0.033337 0.000013 0.798130
4 4 0.175931 0.158892 0.086125 0.000198 0.578854
4 4 0.180869 0.065706 0.038616 0.000158 0.714651
2 4 0.018843 0.205604 0.427750 0.001562 0.346241
4 4 0.104126 0.187714 0.092217 0.000161 0.615781
4 4 0.046108 0.290985 0.110981 0.000059 0.551866
2 4 0.003650 0.102506 0.557271 0.001140 0.335432
4 4 0.072959 0.151642 0.113443 0.000067 0.661890
0 4 0.804926 0.038573 0.023273 0.000119 0.133109
4 4 0.159985 0.077932 0.063002 0.000165 0.698916
4 4 0.092062 0.081759 0.069976 0.000329 0.755874
4 4 0.020175 0.090214 0.128243 0.000888 0.760480
4 4 0.012560 0.163160 0.278277 0.000341 0.545661
4 4 0.080626 0.144604 0.071335 0.000159 0.703277
4 4 0.051861 0.134405 0.040966 0.000006 0.772764
4 4 0.129842 0.201489 0.195640 0.000695 0.472334
4 4 0.084699 0.124582 0.054026 0.000035 0.736658
4 4 0.161028 0.115761 0.047581 0.000020 0.675611
4 4 0.047875 0.249732 0.103655 0.000027 0.598711
4 4 0.254415 0.078078 0.040117 0.000072 0.627318
4 4 0.059662 0.309923 0.094951 0.000004 0.535460
2 4 0.004438 0.166169 0.425532 0.000117 0.403744
2 4 0.014429 0.157757 0.534896 0.000043 0.292876
4 4 0.039281 0.011591 0.005374 0.000013 0.943741
0 4 0.573414 0.054516 0.047037 0.000385 0.324649
4 4 0.133400 0.194011 0.088612 0.000081 0.583896
4 4 0.048454 0.044722 0.062887 0.000418 0.843520
4 4 0.179264 0.070393 0.030721 0.000019 0.719603
4 4 0.030389 0.118393 0.046588 0.000046 0.804584
4 4 0.222950 0.046869 0.028823 0.000148 0.701209
4 4 0.043624 0.105207 0.047439 0.000091 0.803639
4 4 0.025125 0.186607 0.136614 0.000056 0.651598
4 4 0.093917 0.031184 0.025740 0.000225 0.848934
4 4 0.163314 0.021306 0.020648 0.000289 0.794443
4 4 0.164552 0.099721 0.054163 0.000105 0.681459
4 4 0.123973 0.023035 0.015151 0.000167 0.837674
4 4 0.007548 0.189115 0.298615 0.000086 0.504638
4 4 0.028197 0.214192 0.281167 0.000066 0.476378
4 4 0.025496 0.244755 0.136516 0.000050 0.593183
4 4 0.056000 0.217657 0.117899 0.000112 0.608332
4 4 0.091039 0.056101 0.018406 0.000003 0.834452
2 4 0.004101 0.139778 0.747844 0.000509 0.107768
4 4 0.005631 0.157110 0.249700 0.000097 0.587461
2 0 0.002364 0.130646 0.749524 0.000803 0.116664
4 1 0.018828 0.263202 0.250203 0.000108 0.467659
4 2 0.006582 0.141688 0.328944 0.000384 0.522402
2 2 0.006433 0.196285 0.475191 0.001725 0.320365
2 2 0.001360 0.097715 0.823611 0.005210 0.072103
2 2 0.002048 0.125603 0.659770 0.002240 0.210339
2 1 0.016312 0.276856 0.364344 0.000036 0.342453
2 1 0.009241 0.231878 0.549376 0.000882 0.208623
4 1 0.033722 0.312993 0.198370 0.000026 0.454888
2 1 0.001104 0.084127 0.876217 0.000662 0.037890
2 1 0.006310 0.197076 0.652634 0.002286 0.141693
2 1 0.001812 0.119876 0.630814 0.000941 0.246556
2 1 0.000325 0.051703 0.876440 0.005139 0.066393
2 2 0.000164 0.029692 0.936005 0.023786 0.010353
2 2 0.000166 0.030460 0.939357 0.018236 0.011781
2 2 0.001568 0.112386 0.655559 0.001910 0.228578
2 2 0.000212 0.035074 0.945178 0.005915 0.013621
2 2 0.000669 0.065519 0.877916 0.019421 0.036475
2 2 0.003399 0.147470 0.748655 0.007142 0.093335
2 2 0.000077 0.021921 0.959497 0.006133 0.012373
2 2 0.000081 0.019251 0.966333 0.010248 0.004087
2 2 0.000235 0.036857 0.940284 0.008312 0.014312
2 2 0.000289 0.040891 0.936803 0.004860 0.017158
2 2 0.000087 0.022216 0.944839 0.022754 0.010104
2 2 0.001042 0.082487 0.866669 0.005432 0.044370
2 2 0.000341 0.035755 0.944328 0.011632 0.007943
2 2 0.000000 0.000011 0.984815 0.015172 0.000002
2 2 0.000166 0.008464 0.930816 0.055876 0.004678
2 2 0.000012 0.007776 0.948713 0.041722 0.001776
2 2 0.000051 0.004992 0.980058 0.013684 0.001214
2 2 0.000003 0.002161 0.949557 0.047435 0.000844
2 2 0.000027 0.001882 0.808001 0.188951 0.001140
2 3 0.000000 0.000051 0.965831 0.034112 0.000006
2 3 0.000000 0.000095 0.866247 0.133638 0.000020
2 3 0.000004 0.001847 0.772063 0.225591 0.000495
2 3 0.000001 0.000779 0.690666 0.308290 0.000264
3 3 0.000001 0.000534 0.450264 0.549085 0.000115
3 3 0.000068 0.001766 0.385456 0.611012 0.001698
3 3 0.000000 0.000001 0.036715 0.963284 0.000000
3 3 0.000001 0.000102 0.172691 0.827154 0.000052
3 3 0.000017 0.000737 0.286584 0.712168 0.000493
3 3 0.000000 0.000006 0.027158 0.972832 0.000003
3 3 0.000000 0.000101 0.140716 0.859162 0.000022
3 3 0.000000 0.000001 0.021253 0.978745 0.000001
3 3 0.000000 0.000025 0.083019 0.916936 0.000019
3 3 0.000000 0.000050 0.139369 0.860561 0.000019
3 3 0.000005 0.000902 0.421385 0.577283 0.000425
3 3 0.000000 0.000002 0.014115 0.985882 0.000001
3 3 0.000000 0.000006 0.048989 0.951003 0.000002
3 3 0.000000 0.000008 0.048725 0.951264 0.000003
2 3 0.000019 0.000851 0.745191 0.253799 0.000140
3 3 0.000000 0.000002 0.008443 0.991552 0.000003
3 3 0.000000 0.000015 0.045907 0.954068 0.000009
3 3 0.000000 0.000026 0.047129 0.952832 0.000012
3 3 0.000001 0.000046 0.019531 0.980397 0.000025
3 3 0.000000 0.000009 0.142709 0.857279 0.000004
3 3 0.000000 0.000029 0.045857 0.954106 0.000008
3 3 0.000000 0.000000 0.024384 0.975616 0.000000
3 3 0.000000 0.000007 0.008044 0.991945 0.000003
3 3 0.000000 0.000021 0.052518 0.947448 0.000013
3 3 0.000001 0.000016 0.007584 0.992386 0.000013
3 3 0.000000 0.000000 0.048141 0.951859 0.000000
3 3 0.000000 0.000002 0.011359 0.988637 0.000002
3 3 0.000000 0.000002 0.105631 0.894367 0.000000
3 3 0.000001 0.000304 0.226245 0.773391 0.000059
3 3 0.000009 0.000208 0.114517 0.885168 0.000098
3 3 0.000000 0.000000 0.006384 0.993616 0.000000
3 3 0.000000 0.000180 0.201010 0.798772 0.000038
3 3 0.000000 0.000001 0.023667 0.976332 0.000000
3 3 0.000022 0.001383 0.189318 0.808985 0.000292
3 3 0.000000 0.000014 0.048639 0.951335 0.000011
3 3 0.000001 0.000083 0.023422 0.976450 0.000043
3 3 0.000005 0.000297 0.135921 0.863538 0.000239
3 3 0.000042 0.000587 0.122478 0.876787 0.000106
3 3 0.000009 0.000395 0.138138 0.861320 0.000138
3 3 0.000000 0.000003 0.030593 0.969404 0.000000
3 3 0.000454 0.004088 0.196431 0.797690 0.001338
3 3 0.000000 0.000032 0.054785 0.945180 0.000003
3 3 0.000009 0.000328 0.106292 0.893281 0.000090
3 3 0.000000 0.000002 0.045348 0.954649 0.000001
3 3 0.000004 0.000197 0.324584 0.675178 0.000037
3 3 0.000003 0.002024 0.435172 0.562023 0.000779
2 2 0.012919 0.018427 0.643076 0.319355 0.006223
2 3 0.001208 0.039474 0.778793 0.169300 0.011226
2 3 0.000954 0.050093 0.879631 0.051160 0.018163
2 2 0.002161 0.004526 0.785442 0.203518 0.004353
2 2 0.000025 0.002706 0.982798 0.013804 0.000667
2 2 0.000423 0.050695 0.839619 0.085999 0.023265
2 2 0.000205 0.003117 0.866840 0.128250 0.001589
2 2 0.000587 0.034369 0.760844 0.182951 0.021250
2 2 0.103065 0.021246 0.835222 0.035883 0.004584
2 2 0.000075 0.010304 0.875001 0.112518 0.002102
2 2 0.000029 0.011984 0.957628 0.027236 0.003123
2 2 0.000200 0.017520 0.900396 0.073107 0.008776
2 2 0.000186 0.030540 0.946181 0.015916 0.007177
2 2 0.011195 0.029355 0.921694 0.021176 0.016580
2 2 0.000008 0.001400 0.803634 0.193080 0.001878
2 2 0.000003 0.000270 0.956529 0.043154 0.000043
2 3 0.000003 0.001728 0.881734 0.116182 0.000353
2 2 0.000007 0.002960 0.746922 0.247772 0.002340
2 2 0.000228 0.032496 0.885498 0.066879 0.014900
2 2 0.000246 0.015736 0.876035 0.095590 0.012393
2 3 0.000121 0.011921 0.922704 0.058288 0.006965
3 2 0.000004 0.000132 0.263641 0.736148 0.000074
2 3 0.000002 0.000633 0.837853 0.161239 0.000274
3 3 0.000007 0.001948 0.303361 0.693809 0.000875
2 2 0.000010 0.001577 0.618638 0.379027 0.000749
2 2 0.004651 0.013565 0.958864 0.020799 0.002121
2 2 0.003784 0.085112 0.813069 0.078523 0.019512
2 2 0.000061 0.019446 0.802642 0.167916 0.009935
2 2 0.000010 0.000979 0.739602 0.258817 0.000591
2 3 0.000550 0.030715 0.943752 0.020287 0.004696
2 2 0.000000 0.000290 0.923106 0.076580 0.000024
2 2 0.003019 0.067107 0.892138 0.036310 0.001426
2 2 0.000127 0.008529 0.962839 0.026316 0.002189
2 2 0.000000 0.000403 0.809611 0.189926 0.000060
2 2 0.000079 0.018083 0.973254 0.006550 0.002034
2 2 0.000000 0.000083 0.810884 0.189022 0.000011
2 2 0.000073 0.020982 0.811557 0.162026 0.005362
2 2 0.000013 0.003533 0.864861 0.128463 0.003130
2 2 0.000019 0.004342 0.927507 0.067365 0.000766
2 2 0.000001 0.000801 0.946218 0.052810 0.000170
2 2 0.000004 0.004285 0.886575 0.107232 0.001903
2 3 0.000003 0.000988 0.747014 0.251578 0.000417
2 3 0.000025 0.011737 0.869314 0.117167 0.001757
3 3 0.000000 0.000195 0.483324 0.516425 0.000056
2 3 0.000737 0.023694 0.856639 0.108000 0.010931
2 3 0.000000 0.000187 0.847112 0.152641 0.000059
2 0 0.000277 0.007822 0.782303 0.206475 0.003123
1 2 0.096735 0.530161 0.361746 0.009815 0.001543
2 2 0.020556 0.059829 0.869198 0.043029 0.007388
2 2 0.002501 0.045325 0.842523 0.079082 0.030570
2 2 0.000028 0.003866 0.774195 0.220516 0.001394
2 2 0.000004 0.002000 0.933722 0.063782 0.000492
2 2 0.000036 0.009897 0.942539 0.044481 0.003047
2 2 0.000059 0.017208 0.852946 0.124335 0.005452
2 2 0.000412 0.012265 0.950918 0.031731 0.004674
2 3 0.000006 0.001293 0.914032 0.084328 0.000340
2 2 0.000006 0.002106 0.778311 0.219183 0.000394
2 2 0.000004 0.000792 0.792504 0.206226 0.000474
3 2 0.000017 0.003605 0.453242 0.541755 0.001381
2 3 0.000123 0.008348 0.944280 0.044023 0.003225
2 2 0.000530 0.002990 0.815348 0.177905 0.003227
2 3 0.000071 0.003721 0.893230 0.101304 0.001674
2 2 0.000132 0.001871 0.617504 0.378009 0.002484
2 3 0.000019 0.003013 0.761073 0.235588 0.000308
2 3 0.000022 0.002173 0.558865 0.435629 0.003311
2 2 0.000053 0.007212 0.774221 0.217286 0.001228
2 3 0.000083 0.006422 0.531482 0.459068 0.002944
2 2 0.000000 0.000036 0.909836 0.090123 0.000005
2 0 0.020627 0.018350 0.725031 0.225081 0.010911
2 2 0.037297 0.062375 0.722293 0.173929 0.004107
2 2 0.002128 0.066387 0.821253 0.092612 0.017620
2 2 0.000385 0.008283 0.933058 0.056330 0.001945
2 2 0.000172 0.029735 0.940628 0.026593 0.002872
2 2 0.000014 0.002473 0.906322 0.090066 0.001124
2 2 0.000008 0.001752 0.973847 0.024130 0.000263
2 2 0.000002 0.003097 0.950629 0.045727 0.000544
2 2 0.000000 0.000406 0.777228 0.222258 0.000108
2 2 0.000000 0.000195 0.734842 0.264887 0.000076
2 2 0.000001 0.000540 0.823323 0.175843 0.000294
2 2 0.000065 0.005710 0.935426 0.056948 0.001851
2 2 0.000163 0.004114 0.768762 0.225864 0.001098
2 2 0.000001 0.000898 0.975966 0.023080 0.000054
2 2 0.000010 0.000506 0.673196 0.325875 0.000413
2 2 0.000262 0.008535 0.819249 0.167679 0.004275
2 3 0.000057 0.013013 0.943549 0.040842 0.002540
3 2 0.000009 0.000192 0.331101 0.668536 0.000162
2 3 0.000473 0.046591 0.835310 0.089530 0.028096
2 3 0.000004 0.000498 0.543350 0.455985 0.000163
3 3 0.000000 0.000056 0.310698 0.689220 0.000026
2 3 0.000095 0.005099 0.590777 0.398560 0.005469
3 3 0.000000 0.000227 0.461388 0.538377 0.000009
3 0 0.000000 0.000152 0.288182 0.711631 0.000035
2 3 0.002339 0.007811 0.629204 0.358959 0.001687
2 2 0.000011 0.002672 0.911287 0.085788 0.000243
2 2 0.000024 0.011718 0.868526 0.116520 0.003212
2 2 0.000214 0.004604 0.856463 0.134391 0.004328
2 2 0.000000 0.000018 0.588056 0.411922 0.000004
2 3 0.000343 0.019921 0.939493 0.037193 0.003049
2 3 0.000001 0.002187 0.806422 0.190852 0.000537
2 3 0.007749 0.028365 0.825010 0.116161 0.022715
2 2 0.000001 0.000368 0.717356 0.282138 0.000136
2 2 0.000013 0.004772 0.954310 0.040179 0.000726
2 2 0.003182 0.017785 0.913443 0.059332 0.006258
2 3 0.000001 0.000647 0.854807 0.144234 0.000311
3 3 0.000019 0.001414 0.484189 0.513163 0.001214
2 0 0.000242 0.002966 0.743600 0.249330 0.003863
2 2 0.098555 0.189515 0.649328 0.002828 0.059774
2 2 0.008951 0.149821 0.699439 0.010970 0.130819
2 2 0.000000 0.000160 0.830556 0.169262 0.000021
2 2 0.000000 0.000073 0.817008 0.182877 0.000041
2 2 0.000009 0.001457 0.741612 0.255999 0.000923
2 2 0.000010 0.002817 0.849006 0.146632 0.001535
2 2 0.000000 0.000451 0.899710 0.099762 0.000076
2 2 0.000040 0.003081 0.870380 0.125026 0.001473
2 2 0.000048 0.006097 0.692645 0.290800 0.010410
2 2 0.000000 0.000315 0.903007 0.096666 0.000011
2 2 0.000029 0.010873 0.976350 0.010805 0.001942
2 2 0.000398 0.042443 0.942974 0.007118 0.007067
2 2 0.000013 0.003812 0.902569 0.092354 0.001253
2 2 0.001831 0.040036 0.925348 0.020942 0.011842
2 2 0.011775 0.246906 0.655510 0.000250 0.085558
2 2 0.030807 0.352104 0.502581 0.000082 0.114425
2 1 0.001283 0.071238 0.920313 0.000833 0.006332
2 1 0.025550 0.165333 0.729118 0.000224 0.079776
2 1 0.000075 0.017246 0.977666 0.002811 0.002201
2 0 0.034625 0.373321 0.465940 0.000072 0.126042
2 1 0.029882 0.096924 0.866422 0.000408 0.006365
2 0 0.001078 0.071486 0.872472 0.002504 0.052459
4 4 0.016680 0.120725 0.373960 0.012391 0.476245
4 4 0.007763 0.111589 0.116496 0.000129 0.764024
2 4 0.013322 0.157479 0.448408 0.004881 0.375910
4 4 0.027500 0.040213 0.062265 0.000172 0.869850
4 4 0.061530 0.080011 0.073751 0.000044 0.784664
4 4 0.051925 0.156602 0.229240 0.000418 0.561816
4 4 0.013464 0.239416 0.284265 0.000031 0.462824
4 0 0.021047 0.142280 0.385036 0.001197 0.450439
1 0 0.129972 0.331411 0.326171 0.000078 0.212368
2 0 0.006691 0.145502 0.613387 0.000036 0.234384
2 0 0.007909 0.211280 0.701513 0.000056 0.079242
1 1 0.034341 0.344154 0.279837 0.000324 0.341343
2 1 0.007426 0.210823 0.639523 0.001390 0.140838
2 1 0.001625 0.103139 0.837140 0.002588 0.055508
2 1 0.000567 0.053992 0.917114 0.014538 0.013788
2 2 0.000018 0.004700 0.967282 0.026238 0.001762
2 2 0.000131 0.019872 0.920777 0.048619 0.010602
2 2 0.001835 0.057464 0.904258 0.019647 0.016796
2 2 0.000996 0.082810 0.832090 0.021706 0.062398
2 2 0.000436 0.047401 0.924339 0.015312 0.012512
2 2 0.000001 0.000402 0.995690 0.003874 0.000033
2 2 0.000154 0.029368 0.949947 0.009624 0.010907
2 2 0.000004 0.001352 0.992953 0.005488 0.000203
2 2 0.001091 0.077515 0.892169 0.006399 0.022826
2 2 0.000172 0.028642 0.953259 0.011497 0.006430
2 2 0.002680 0.054162 0.907885 0.014422 0.020851
2 2 0.000134 0.022558 0.973026 0.001941 0.002341
2 2 0.000182 0.018590 0.960420 0.015873 0.004934
2 2 0.000057 0.008980 0.931652 0.054191 0.005121
2 2 0.000122 0.026041 0.932056 0.031048 0.010733
2 2 0.000044 0.016453 0.918683 0.053213 0.011607
2 2 0.000004 0.002030 0.975474 0.021783 0.000710
2 2 0.000006 0.001379 0.985980 0.012503 0.000131
2 2 0.000041 0.002819 0.908784 0.086267 0.002089
2 2 0.000704 0.029856 0.918478 0.032088 0.018873
2 2 0.000000 0.000028 0.877004 0.122961 0.000006
2 2 0.001777 0.030575 0.755527 0.203693 0.008429
2 2 0.000205 0.034195 0.916379 0.034326 0.014895
2 2 0.000036 0.014314 0.958214 0.020358 0.007078
2 2 0.000045 0.009719 0.867821 0.116658 0.005757
2 2 0.000013 0.007785 0.953231 0.033809 0.005161
2 2 0.000066 0.005403 0.906202 0.085292 0.003036
2 2 0.000376 0.023790 0.913955 0.045281 0.016598
2 2 0.000001 0.000186 0.853468 0.146261 0.000084
2 2 0.000717 0.062342 0.901492 0.016524 0.018925
2 0 0.000054 0.009823 0.957351 0.032185 0.000586
2 1 0.001637 0.075073 0.917970 0.002907 0.002413
2 2 0.004971 0.157253 0.797195 0.004860 0.035721
2 2 0.000039 0.013122 0.956192 0.029421 0.001227
2 2 0.000417 0.010433 0.947370 0.038643 0.003137
2 2 0.000004 0.004225 0.970347 0.024342 0.001082
2 2 0.000000 0.000277 0.972269 0.027436 0.000018
2 2 0.000914 0.005757 0.899073 0.090881 0.003376
2 2 0.000057 0.008085 0.965803 0.023313 0.002742
2 2 0.000001 0.001997 0.911365 0.086083 0.000554
2 2 0.000128 0.024543 0.958770 0.011489 0.005070
2 2 0.000239 0.026138 0.940846 0.023862 0.008915
2 2 0.000005 0.002183 0.982167 0.015042 0.000603
2 2 0.000242 0.014920 0.953813 0.026476 0.004550
2 2 0.000255 0.006828 0.961007 0.029432 0.002478
2 2 0.000220 0.007266 0.598124 0.384707 0.009681
2 2 0.000002 0.002640 0.977807 0.019159 0.000393
2 2 0.000066 0.005442 0.884381 0.107024 0.003087
2 3 0.000000 0.000240 0.967765 0.031983 0.000012
2 2 0.000000 0.000330 0.881918 0.117591 0.000160
2 2 0.000002 0.002764 0.979384 0.017538 0.000311
2 2 0.000000 0.000031 0.914085 0.085881 0.000003
2 2 0.000011 0.001376 0.788702 0.209212 0.000699
2 2 0.008110 0.037360 0.780079 0.158089 0.016362
2 2 0.000000 0.000425 0.762792 0.236549 0.000233
2 2 0.000005 0.004882 0.947024 0.046086 0.002004
2 2 0.000555 0.008390 0.735172 0.243923 0.011960
2 2 0.000043 0.006019 0.830286 0.158152 0.005500
2 3 0.000014 0.002741 0.811021 0.185628 0.000595
2 3 0.000000 0.000277 0.691862 0.307765 0.000095
3 2 0.000000 0.000158 0.350986 0.648802 0.000054
2 2 0.000020 0.000975 0.885129 0.113653 0.000223
2 3 0.001468 0.029630 0.870727 0.086830 0.011345
2 3 0.001079 0.034175 0.791426 0.139106 0.034214
2 3 0.000000 0.000285 0.576751 0.422905 0.000058
2 3 0.000596 0.007755 0.826797 0.161030 0.003822
2 3 0.000014 0.002410 0.895469 0.101374 0.000733
2 3 0.000002 0.002882 0.773989 0.222655 0.000472
3 3 0.000001 0.000118 0.295819 0.703993 0.000069
2 3 0.000003 0.002519 0.693168 0.303813 0.000497
2 3 0.000052 0.012967 0.586161 0.398407 0.002413
3 3 0.000000 0.000044 0.468228 0.531714 0.000013
3 3 0.000000 0.000095 0.231852 0.767953 0.000099
2 3 0.000004 0.001430 0.558154 0.440012 0.000399
3 3 0.000000 0.000041 0.240616 0.759303 0.000040
2 3 0.000018 0.000708 0.507345 0.491849 0.000081
3 3 0.000001 0.000118 0.179974 0.819848 0.000059
3 3 0.000075 0.000932 0.257710 0.740841 0.000442
3 3 0.000001 0.000458 0.265195 0.733916 0.000429
3 3 0.000000 0.000003 0.081106 0.918890 0.000002
3 3 0.000000 0.000023 0.105542 0.894427 0.000008
3 3 0.000001 0.000302 0.124800 0.874715 0.000182
3 3 0.000109 0.002604 0.166204 0.829794 0.001289
2 3 0.000342 0.013566 0.641386 0.337576 0.007130
3 3 0.000035 0.004689 0.311367 0.683144 0.000765
3 3 0.000000 0.000059 0.130298 0.869639 0.000004
3 3 0.000000 0.000005 0.014540 0.985452 0.000003
2 3 0.000077 0.004665 0.524379 0.460328 0.010550
2 3 0.000002 0.001111 0.507650 0.490741 0.000497
3 3 0.000009 0.000548 0.075394 0.923636 0.000412
3 3 0.002578 0.022285 0.262764 0.683465 0.028908
3 3 0.002236 0.004656 0.331979 0.651213 0.009916
2 3 0.000001 0.000864 0.764406 0.234446 0.000283
2 3 0.000003 0.003390 0.983968 0.012044 0.000594
2 3 0.000000 0.000158 0.871043 0.128750 0.000049
2 3 0.000001 0.000948 0.670516 0.328426 0.000109
3 3 0.000001 0.000263 0.336698 0.662803 0.000235
3 3 0.000000 0.000004 0.132383 0.867610 0.000002
2 3 0.000015 0.004987 0.933740 0.060769 0.000488
2 3 0.000000 0.000141 0.572029 0.427768 0.000061
2 3 0.000017 0.003213 0.731722 0.264748 0.000300
2 3 0.000750 0.030239 0.537459 0.422189 0.009364
3 3 0.000016 0.002442 0.407094 0.587570 0.002877
3 3 0.000001 0.000335 0.393804 0.605706 0.000154
3 3 0.000008 0.000780 0.225271 0.773788 0.000153
3 3 0.000000 0.000059 0.148736 0.851191 0.000014
3 3 0.001343 0.010696 0.243568 0.740618 0.003775
3 3 0.000000 0.000003 0.066103 0.933894 0.000001
3 3 0.000000 0.000006 0.056224 0.943768 0.000002
2 3 0.000002 0.000482 0.518859 0.480447 0.000211
3 3 0.000013 0.001201 0.220576 0.776838 0.001372
3 3 0.000006 0.000226 0.171505 0.828198 0.000065
3 3 0.000000 0.000052 0.187819 0.812116 0.000012
3 3 0.000000 0.000105 0.024166 0.975710 0.000019
3 3 0.000003 0.000242 0.086684 0.913032 0.000039
3 3 0.000000 0.000005 0.052016 0.947976 0.000002
3 3 0.000000 0.000002 0.067607 0.932391 0.000000
3 3 0.000027 0.000415 0.076966 0.922016 0.000576
3 3 0.000000 0.000000 0.012788 0.987211 0.000000
3 3 0.000000 0.000022 0.036407 0.963560 0.000010
3 3 0.000146 0.000414 0.033366 0.965878 0.000197
3 3 0.000002 0.000113 0.029270 0.970549 0.000066
3 3 0.000000 0.000003 0.012580 0.987410 0.000006
3 3 0.000000 0.000017 0.102962 0.897020 0.000001
3 3 0.000023 0.000490 0.087958 0.911246 0.000282
3 3 0.000000 0.000007 0.020043 0.979940 0.000010
3 3 0.000000 0.000004 0.011335 0.988660 0.000001
3 3 0.000002 0.000739 0.290851 0.708177 0.000231
3 0 0.000001 0.000032 0.049400 0.950534 0.000034
2 0 0.006543 0.139454 0.820194 0.022882 0.010927
1 2 0.362303 0.511431 0.105733 0.000003 0.020530
2 2 0.003176 0.023560 0.837193 0.125819 0.010252
2 3 0.000018 0.001251 0.530533 0.466406 0.001792
2 3 0.000000 0.000050 0.574197 0.425738 0.000015
2 3 0.000000 0.000528 0.574031 0.424932 0.000509
2 2 0.005334 0.057580 0.722791 0.127661 0.086634
2 2 0.000943 0.020459 0.896102 0.073663 0.008833
2 4 0.001050 0.007436 0.911508 0.077216 0.002790
2 4 0.045615 0.177164 0.467346 0.000643 0.309231
2 4 0.004372 0.128321 0.820274 0.000287 0.046745
2 4 0.092971 0.109726 0.419947 0.001886 0.375470
2 4 0.046292 0.134485 0.470023 0.001826 0.347375
2 4 0.048433 0.304764 0.446844 0.000824 0.199134
4 4 0.268274 0.248389 0.131685 0.000038 0.351614
4 4 0.016864 0.267857 0.302352 0.000026 0.412901
4 4 0.225050 0.113967 0.298641 0.002832 0.359510
4 4 0.024392 0.046102 0.138572 0.006469 0.784465
4 4 0.077174 0.048411 0.029481 0.000139 0.844795
4 4 0.025138 0.215231 0.340269 0.000687 0.418675
4 4 0.055078 0.061307 0.370042 0.014590 0.498982
4 4 0.041574 0.046070 0.129949 0.004885 0.777523
4 4 0.224770 0.245156 0.192212 0.000050 0.337813
4 4 0.077251 0.258492 0.163156 0.000125 0.500976
4 4 0.012755 0.237340 0.297961 0.000031 0.451913
4 4 0.156734 0.053110 0.037277 0.000340 0.752540
2 4 0.001531 0.106614 0.795079 0.001182 0.095594
4 4 0.028248 0.158325 0.157688 0.000153 0.655585
4 4 0.010398 0.166102 0.141115 0.000645 0.681740
4 4 0.307995 0.057759 0.034210 0.000073 0.599963
4 4 0.016089 0.131448 0.240085 0.001843 0.610535
4 4 0.139650 0.205701 0.144857 0.000192 0.509600
4 0 0.063888 0.129300 0.069999 0.000335 0.736477
4 4 0.326498 0.147378 0.068037 0.000033 0.458054
4 4 0.023781 0.257685 0.167831 0.000009 0.550693
4 4 0.007082 0.146628 0.239468 0.000077 0.606746
2 4 0.010907 0.173330 0.504766 0.008186 0.302812
2 4 0.000377 0.055791 0.872819 0.002011 0.069003
4 4 0.002787 0.131303 0.377826 0.000181 0.487903
4 4 0.036625 0.172185 0.054644 0.000002 0.736543
4 4 0.048907 0.337386 0.229975 0.000418 0.383314
4 4 0.008887 0.197307 0.279214 0.000311 0.514282
2 4 0.000559 0.040017 0.887936 0.004628 0.066861
4 4 0.048963 0.257021 0.339628 0.000646 0.353742
4 4 0.039710 0.221170 0.112316 0.000013 0.626791
4 4 0.034959 0.090468 0.075856 0.000221 0.798495
4 4 0.007722 0.077383 0.026601 0.000026 0.888267
4 4 0.029561 0.257394 0.130944 0.000029 0.582072
4 4 0.034386 0.080946 0.071389 0.001386 0.811892
2 4 0.050247 0.263803 0.382932 0.000103 0.302915
4 4 0.023860 0.063149 0.031002 0.000102 0.881887
4 4 0.035599 0.112032 0.152659 0.000315 0.699394
4 4 0.010873 0.119220 0.180763 0.001837 0.687307
4 4 0.268915 0.178061 0.097039 0.000157 0.455828
4 4 0.056146 0.176714 0.225280 0.000020 0.541841
4 4 0.035918 0.318588 0.191576 0.000013 0.453905
4 4 0.013357 0.228463 0.252853 0.000128 0.505199
4 4 0.025044 0.243427 0.217296 0.000039 0.514194
4 4 0.052720 0.068306 0.025102 0.000011 0.853860
4 4 0.066960 0.215806 0.194191 0.000098 0.522946
2 4 0.136034 0.204065 0.419076 0.000112 0.240712
2 4 0.003449 0.142206 0.803092 0.000470 0.050782
4 4 0.099051 0.245119 0.242413 0.000026 0.413391
4 4 0.015090 0.263127 0.355221 0.000534 0.366028
4 4 0.012897 0.165129 0.101796 0.000010 0.720167
4 4 0.034902 0.319000 0.198593 0.000010 0.447494
4 0 0.025667 0.245094 0.158458 0.000055 0.570726
0 0 0.406850 0.173717 0.079071 0.000008 0.340355
4 0 0.138486 0.316261 0.205713 0.000000 0.339539
2 0 0.036645 0.306975 0.459207 0.000012 0.197161
4 0 0.056158 0.338552 0.240727 0.000017 0.364546
2 0 0.071146 0.205710 0.595690 0.000540 0.126914
4 1 0.248131 0.134173 0.043195 0.000003 0.574499
2 1 0.014517 0.273223 0.478052 0.000865 0.233343
4 1 0.017610 0.230196 0.183911 0.000278 0.568005
4 1 0.053157 0.294315 0.113467 0.000003 0.539058
4 0 0.088574 0.272694 0.246889 0.000033 0.391808
1 1 0.160149 0.371201 0.099196 0.000001 0.369453
4 1 0.050164 0.251212 0.064629 0.000003 0.633992
1 0 0.111309 0.384046 0.130115 0.000014 0.374516
4 0 0.060818 0.152878 0.241540 0.000013 0.544751
0 0 0.771348 0.069167 0.076834 0.000083 0.082569
1 0 0.156118 0.310257 0.297292 0.000002 0.236332
0 0 0.729910 0.066689 0.080462 0.000016 0.122924
0 0 0.547983 0.116570 0.207777 0.000017 0.127652
2 0 0.142009 0.146331 0.653024 0.000234 0.058401
0 0 0.977433 0.001775 0.001460 0.000002 0.019329
2 0 0.137033 0.314608 0.374163 0.000010 0.174186
0 0 0.371985 0.234954 0.158926 0.000004 0.234131
0 0 0.511484 0.041158 0.033761 0.000123 0.413475
0 0 0.802272 0.018973 0.013225 0.000041 0.165489
0 0 0.882023 0.019930 0.008344 0.000001 0.089702
0 0 0.975550 0.014060 0.008761 0.000013 0.001617
0 0 0.998325 0.001053 0.000604 0.000000 0.000017
0 0 0.988227 0.007175 0.003568 0.000000 0.001030
0 0 0.941377 0.008189 0.006636 0.000015 0.043783
4 0 0.226548 0.028909 0.045791 0.000892 0.697860
4 0 0.412262 0.009459 0.007450 0.000098 0.570731
0 0 0.536082 0.004581 0.004566 0.000199 0.454572
0 0 0.921531 0.020619 0.013572 0.000019 0.044259
0 0 0.412583 0.079222 0.278377 0.000366 0.229452
0 0 0.547136 0.165576 0.126777 0.001204 0.159307
0 0 0.425547 0.067102 0.093176 0.000167 0.414008
4 0 0.131151 0.030369 0.093001 0.001964 0.743515
0 0 0.814655 0.043831 0.069554 0.000160 0.071800
0 0 0.992658 0.002296 0.001529 0.000001 0.003516
0 0 0.987278 0.002331 0.002269 0.000014 0.008109
0 0 0.944045 0.029467 0.014883 0.000025 0.011580
0 0 0.991576 0.002067 0.001590 0.000005 0.004763
0 0 0.850383 0.020428 0.015397 0.000046 0.113747
0 0 0.910927 0.015109 0.019289 0.000021 0.054654
0 0 0.973362 0.007614 0.004401 0.000001 0.014622
0 0 0.891797 0.006830 0.006540 0.000178 0.094655
0 1 0.489816 0.112271 0.066866 0.000222 0.330824
1 1 0.042908 0.426998 0.344834 0.002432 0.182827
4 0 0.067783 0.204684 0.181426 0.000850 0.545257
4 1 0.169672 0.222003 0.084123 0.000019 0.524183
1 1 0.087845 0.511207 0.229403 0.000282 0.171263
1 1 0.161570 0.406646 0.233297 0.000985 0.197502
1 1 0.282894 0.373063 0.228771 0.001326 0.113947
2 1 0.020252 0.307432 0.501127 0.002785 0.168405
2 2 0.003822 0.158301 0.513412 0.008347 0.316118
2 1 0.001988 0.106338 0.842927 0.011335 0.037412
4 1 0.016496 0.267840 0.349883 0.000393 0.365387
1 1 0.131026 0.436840 0.129716 0.000005 0.302413
2 1 0.045398 0.402891 0.408066 0.001734 0.141910
2 1 0.023677 0.359674 0.530357 0.007007 0.079285
2 1 0.017793 0.290081 0.588693 0.001046 0.102387
2 1 0.037763 0.384826 0.412030 0.000030 0.165352
2 1 0.017166 0.319730 0.518944 0.001233 0.142926
2 2 0.013377 0.264147 0.586685 0.001345 0.134445
2 2 0.001234 0.075177 0.911862 0.000922 0.010805
2 2 0.019391 0.303465 0.561453 0.000219 0.115471
2 2 0.002299 0.108147 0.850790 0.012892 0.025872
2 2 0.008269 0.214531 0.676519 0.002534 0.098148
1 1 0.262083 0.303369 0.227982 0.000037 0.206529
4 1 0.020176 0.276202 0.261137 0.000028 0.442456
2 1 0.007382 0.203618 0.689157 0.016720 0.083123
2 1 0.011239 0.239240 0.671568 0.000731 0.077222
2 1 0.021131 0.301259 0.340043 0.000059 0.337507
2 2 0.000362 0.046430 0.916003 0.016958 0.020246
2 2 0.005524 0.170922 0.741210 0.022348 0.059996
2 2 0.000876 0.062785 0.920671 0.006148 0.009520
2 2 0.005205 0.170682 0.761626 0.001937 0.060550
2 2 0.001812 0.103289 0.860997 0.000297 0.033605
2 2 0.007608 0.104131 0.816835 0.002113 0.069313
2 2 0.000004 0.002044 0.989682 0.007883 0.000387
2 1 0.000461 0.051078 0.932087 0.000870 0.015504
2 1 0.003895 0.161769 0.707156 0.000883 0.126297
2 1 0.166831 0.119495 0.395912 0.001254 0.316508
4 1 0.032636 0.308703 0.204827 0.000227 0.453608
2 2 0.005511 0.185125 0.655963 0.008072 0.145329
2 2 0.006023 0.188916 0.735554 0.012402 0.057106
2 2 0.005683 0.185747 0.708911 0.000821 0.098838
2 0 0.198324 0.210032 0.379020 0.000353 0.212271
2 1 0.014312 0.274061 0.609314 0.000006 0.102308
4 2 0.010072 0.222949 0.371131 0.003411 0.392438
2 2 0.000286 0.039243 0.927244 0.024485 0.008741
2 2 0.000435 0.047233 0.925362 0.014772 0.012198
2 2 0.000472 0.048798 0.938205 0.001979 0.010546
2 2 0.005559 0.165663 0.787866 0.003911 0.037000
2 2 0.000002 0.001235 0.852361 0.146208 0.000195
2 2 0.000377 0.021655 0.974507 0.001876 0.001585
2 2 0.000064 0.019343 0.955870 0.015422 0.009300
2 2 0.000150 0.011072 0.980864 0.006249 0.001665
2 2 0.002562 0.131365 0.734983 0.019247 0.111844
2 2 0.002433 0.096666 0.855361 0.004641 0.040898
2 2 0.000076 0.019611 0.955576 0.018745 0.005992
2 2 0.001975 0.108909 0.846525 0.001374 0.041218
2 2 0.000113 0.015403 0.958910 0.023712 0.001862
2 2 0.000000 0.000057 0.740650 0.259286 0.000007
2 2 0.001647 0.092546 0.883026 0.001847 0.020933
2 2 0.000149 0.017275 0.922473 0.050561 0.009541
2 2 0.000170 0.023846 0.972959 0.001439 0.001586
2 1 0.000788 0.068270 0.903161 0.002966 0.024815
2 1 0.005694 0.163442 0.802329 0.000757 0.027778
2 1 0.001438 0.071972 0.895192 0.010007 0.021390
2 2 0.006087 0.194188 0.648804 0.003239 0.147682
2 0 0.001635 0.082607 0.902763 0.003725 0.009270
2 0 0.044114 0.161673 0.739617 0.000065 0.054531
4 1 0.159806 0.339116 0.135861 0.000002 0.365215
2 2 0.053154 0.282481 0.351635 0.001168 0.311563
2 2 0.000506 0.054634 0.883706 0.046032 0.015122
2 2 0.000001 0.001489 0.941288 0.056906 0.000317
2 2 0.000255 0.013457 0.958773 0.024502 0.003013
2 2 0.001552 0.104590 0.762690 0.029406 0.101762
2 2 0.000009 0.003443 0.983963 0.012189 0.000396
2 2 0.000011 0.003029 0.968259 0.027978 0.000724
2 2 0.000024 0.010574 0.972690 0.013580 0.003133
2 2 0.000146 0.025578 0.961630 0.008009 0.004636
2 2 0.000054 0.008116 0.983710 0.007520 0.000600
2 2 0.000254 0.009751 0.961011 0.026249 0.002735
2 2 0.000196 0.029987 0.955226 0.008850 0.005742
2 2 0.000032 0.011538 0.979299 0.007234 0.001896
2 2 0.000754 0.055225 0.933662 0.006752 0.003607
2 2 0.000000 0.000152 0.996683 0.003156 0.000010
2 2 0.000100 0.002366 0.941550 0.054728 0.001257
2 2 0.000000 0.000520 0.985913 0.013546 0.000021
2 2 0.000647 0.013394 0.953806 0.027542 0.004611
2 2 0.000000 0.000617 0.998543 0.000814 0.000026
2 2 0.000000 0.000109 0.910330 0.089547 0.000014
2 2 0.000005 0.000653 0.918091 0.080770 0.000482
2 2 0.000002 0.002384 0.987172 0.010211 0.000230
2 2 0.000072 0.018579 0.966115 0.010627 0.004607
2 2 0.000333 0.016522 0.953832 0.021716 0.007597
2 2 0.000021 0.010273 0.945815 0.041975 0.001916
2 2 0.000011 0.004263 0.959318 0.034485 0.001922
2 2 0.000001 0.000177 0.978764 0.021032 0.000027
2 2 0.000020 0.003803 0.983347 0.012436 0.000393
2 2 0.000019 0.001989 0.867928 0.129295 0.000769
2 2 0.000000 0.000582 0.945766 0.053604 0.000048
2 2 0.000940 0.017324 0.647658 0.326926 0.007152
2 3 0.000347 0.051729 0.878834 0.013772 0.055317
2 2 0.000000 0.000212 0.852493 0.147211 0.000084
2 3 0.000027 0.002961 0.910529 0.085776 0.000706
2 3 0.000071 0.005314 0.718858 0.273115 0.002642
2 3 0.000001 0.000550 0.838520 0.160874 0.000055
2 3 0.000010 0.002487 0.962326 0.034595 0.000581
3 3 0.000000 0.000018 0.474263 0.525716 0.000002
3 3 0.000000 0.000005 0.273478 0.726516 0.000001
2 3 0.000006 0.002395 0.542003 0.453754 0.001841
2 3 0.000006 0.003519 0.513388 0.482007 0.001081
3 3 0.000377 0.001995 0.424288 0.572029 0.001312
3 3 0.000043 0.000686 0.139397 0.858344 0.001530
3 3 0.000000 0.000062 0.483529 0.516398 0.000010
3 3 0.000072 0.001702 0.278249 0.717833 0.002143
3 3 0.000105 0.003746 0.173644 0.820141 0.002364
3 3 0.000000 0.000004 0.150339 0.849657 0.000001
3 3 0.000014 0.002612 0.443206 0.553414 0.000754
3 3 0.000004 0.000389 0.164522 0.834961 0.000124
3 3 0.000000 0.000002 0.116922 0.883076 0.000000
2 3 0.000054 0.005923 0.513739 0.477172 0.003111
3 3 0.000007 0.002032 0.370258 0.626783 0.000921
2 3 0.000224 0.023284 0.548737 0.424723 0.003033
3 3 0.000000 0.000071 0.149758 0.850160 0.000010
3 3 0.000003 0.000297 0.194135 0.805425 0.000140
3 3 0.000003 0.000080 0.268657 0.731226 0.000034
3 3 0.000000 0.000002 0.061388 0.938609 0.000001
3 3 0.000388 0.016571 0.308791 0.661714 0.012536
3 3 0.000000 0.000019 0.025228 0.974746 0.000006
3 3 0.000000 0.000005 0.074373 0.925620 0.000002
3 3 0.000002 0.000153 0.213086 0.786608 0.000150
3 3 0.000004 0.000186 0.043528 0.956122 0.000160
3 3 0.000002 0.000375 0.126214 0.873173 0.000236
3 3 0.000000 0.000091 0.175289 0.824586 0.000034
3 3 0.000055 0.000818 0.167720 0.830597 0.000810
3 3 0.002005 0.004267 0.314398 0.678395 0.000934
3 3 0.000000 0.000021 0.030529 0.969429 0.000020
3 3 0.000783 0.004812 0.182321 0.809955 0.002128
3 3 0.000006 0.000611 0.224037 0.775209 0.000137
3 3 0.000002 0.000733 0.091256 0.907880 0.000130
2 3 0.000006 0.001017 0.538670 0.459672 0.000636
3 3 0.000013 0.000576 0.105008 0.894239 0.000163
2 0 0.000338 0.020440 0.845806 0.130873 0.002543
2 1 0.037590 0.386553 0.557730 0.010735 0.007393
2 2 0.012038 0.222990 0.700175 0.001070 0.063727
2 2 0.000015 0.004889 0.976013 0.018772 0.000312
2 2 0.000471 0.046491 0.915439 0.024442 0.013157
2 1 0.002858 0.032720 0.895792 0.044124 0.024506
2 1 0.001829 0.108622 0.833969 0.001430 0.054150
2 1 0.001291 0.084775 0.739493 0.003843 0.170598
2 1 0.126277 0.258561 0.396513 0.000253 0.218396
2 4 0.003206 0.097515 0.800565 0.002639 0.096075
2 4 0.001655 0.062944 0.924307 0.000672 0.010421
2 4 0.001144 0.086545 0.868614 0.000899 0.042797
2 4 0.010743 0.244102 0.466804 0.000168 0.278183
4 4 0.066339 0.054844 0.083706 0.000173 0.794938
4 0 0.018925 0.161300 0.383213 0.008164 0.428398
2 0 0.002168 0.047666 0.945299 0.000316 0.004551
0 4 0.554677 0.097381 0.076500 0.000047 0.271395
4 4 0.023479 0.240426 0.141073 0.000017 0.595004
4 4 0.059100 0.231841 0.070948 0.000008 0.638102
4 4 0.103306 0.030178 0.061913 0.001655 0.802948
4 4 0.295226 0.126331 0.053209 0.000016 0.525218
4 4 0.091761 0.329097 0.141908 0.000005 0.437230
4 4 0.201007 0.117914 0.059913 0.000040 0.621125
4 4 0.026529 0.186488 0.066275 0.000019 0.720690
4 4 0.015784 0.043894 0.053242 0.000397 0.886683
2 4 0.007002 0.208193 0.504784 0.000109 0.279912
4 4 0.209922 0.112780 0.080721 0.000110 0.596467
0 4 0.467821 0.054415 0.032517 0.000063 0.445183
4 4 0.079496 0.117815 0.134581 0.000196 0.667912
4 4 0.072473 0.189897 0.240505 0.000543 0.496582
0 0 0.656950 0.100802 0.045398 0.000008 0.196842
0 0 0.813513 0.130452 0.029713 0.000000 0.026322
4 4 0.069504 0.182460 0.208603 0.000009 0.539425
4 4 0.139551 0.133812 0.061657 0.000061 0.664919
4 4 0.026144 0.166284 0.231886 0.000205 0.575480
4 4 0.100408 0.271822 0.266245 0.000387 0.361138
4 4 0.009771 0.211352 0.298496 0.000069 0.480312
4 4 0.030906 0.231225 0.152308 0.000020 0.585541
4 4 0.004222 0.146597 0.293756 0.000056 0.555369
4 4 0.016853 0.224267 0.174940 0.000040 0.583900
4 4 0.015536 0.121009 0.253163 0.001744 0.608549
4 4 0.271782 0.029774 0.089299 0.013677 0.595468
4 4 0.040633 0.083111 0.044656 0.000042 0.831558
4 4 0.264306 0.054352 0.022626 0.000007 0.658708
4 4 0.147908 0.034107 0.015503 0.000014 0.802468
4 4 0.097100 0.031326 0.013727 0.000014 0.857832
4 4 0.140161 0.008907 0.006237 0.000092 0.844603
4 4 0.032579 0.011328 0.004870 0.000008 0.951214
4 4 0.039436 0.034174 0.013767 0.000014 0.912609
4 4 0.036484 0.013055 0.006038 0.000015 0.944408
2 4 0.006960 0.200512 0.453802 0.002664 0.336062
4 4 0.027826 0.280600 0.182179 0.000047 0.509347
0 4 0.319244 0.264835 0.220315 0.000005 0.195601
4 4 0.309637 0.108586 0.177502 0.000136 0.404139
4 4 0.024156 0.183101 0.218698 0.000116 0.573930
2 4 0.000980 0.056581 0.735642 0.003448 0.203349
4 4 0.011236 0.169045 0.395022 0.002465 0.422232
4 4 0.036120 0.228785 0.208154 0.000118 0.526824
4 4 0.002623 0.120887 0.319299 0.000455 0.556736
4 4 0.075602 0.195029 0.063555 0.000010 0.665804
4 4 0.094647 0.086481 0.035566 0.000006 0.783300
4 4 0.014557 0.216082 0.186665 0.000023 0.582673
2 4 0.000380 0.060860 0.741039 0.001427 0.196294
4 0 0.301587 0.144281 0.078032 0.000012 0.476088
0 0 0.754220 0.090254 0.044178 0.000020 0.111328
4 1 0.113803 0.240080 0.128648 0.000048 0.517422
4 1 0.013749 0.238101 0.288252 0.001155 0.458743
4 1 0.015253 0.154771 0.104622 0.000120 0.725233
2 1 0.005000 0.181878 0.531372 0.000231 0.281519
2 2 0.000232 0.042776 0.910596 0.002142 0.044254
2 2 0.006035 0.194835 0.573350 0.003340 0.222441
4 2 0.007253 0.178749 0.273711 0.000812 0.539475
4 2 0.012951 0.227532 0.274307 0.002937 0.482273
4 1 0.007920 0.183539 0.265824 0.001192 0.541524
