0 0 0.999965 0.000010 0.000004 0.000000 0.000021
0 0 0.956369 0.012839 0.017539 0.000389 0.012864
0 0 0.975642 0.010578 0.001439 0.000002 0.012339
0 0 0.982038 0.003478 0.000062 0.000000 0.014421
0 0 0.994915 0.002071 0.000397 0.000000 0.002617
0 0 0.992487 0.002944 0.003034 0.000004 0.001531
0 0 0.992015 0.003496 0.001155 0.000002 0.003332
0 0 0.818156 0.085105 0.080997 0.000332 0.015411
0 0 0.716418 0.144993 0.011571 0.000001 0.127017
0 0 0.962772 0.013021 0.016768 0.000348 0.007091
0 0 0.605137 0.263367 0.030810 0.000008 0.100678
0 0 0.799385 0.137350 0.010639 0.000007 0.052619
0 0 0.729851 0.135639 0.120632 0.000128 0.013749
0 0 0.566572 0.313489 0.046371 0.000109 0.073460
2 1 0.007663 0.327437 0.487284 0.002215 0.175402
2 2 0.000255 0.019911 0.969282 0.002377 0.008176
2 2 0.000356 0.007783 0.966487 0.025184 0.000190
2 2 0.000096 0.026599 0.952230 0.000296 0.020779
2 2 0.019020 0.085803 0.884374 0.002104 0.008699
2 2 0.001517 0.088800 0.833735 0.003415 0.072533
2 2 0.000048 0.005133 0.990651 0.003741 0.000428
2 2 0.007547 0.012971 0.951516 0.020950 0.007016
2 2 0.000035 0.000297 0.990902 0.008745 0.000022
2 2 0.014382 0.205854 0.597243 0.000078 0.182443
2 2 0.007593 0.037414 0.933651 0.001110 0.020231
2 2 0.000426 0.019601 0.964100 0.009930 0.005943
2 2 0.000780 0.007124 0.727910 0.260048 0.004137
2 2 0.001949 0.009043 0.951454 0.034935 0.002619
2 2 0.001968 0.056596 0.865311 0.029542 0.046583
2 2 0.002235 0.012658 0.972488 0.010037 0.002582
2 1 0.082278 0.344083 0.496389 0.000623 0.076627
0 0 0.513408 0.269768 0.107866 0.000237 0.108721
0 0 0.758134 0.070404 0.142003 0.009929 0.019530
0 0 0.496339 0.226875 0.152064 0.000188 0.124535
0 0 0.682672 0.219682 0.024152 0.000026 0.073469
1 1 0.141340 0.597618 0.186766 0.000035 0.074240
2 2 0.004774 0.115423 0.849301 0.012699 0.017803
2 2 0.001381 0.019493 0.957805 0.018763 0.002558
2 4 0.009649 0.079441 0.778763 0.018738 0.113409
4 4 0.006921 0.201203 0.184402 0.000006 0.607468
4 4 0.017106 0.155554 0.077985 0.000000 0.749356
4 4 0.001193 0.146819 0.294539 0.000046 0.557403
4 4 0.024242 0.117630 0.040344 0.000000 0.817785
4 4 0.009245 0.058638 0.032616 0.000008 0.899493
4 4 0.033541 0.106031 0.032629 0.000001 0.827798
4 4 0.061756 0.106499 0.033412 0.000002 0.798331
4 4 0.030023 0.116720 0.036944 0.000000 0.816313
4 4 0.049120 0.262782 0.135155 0.000042 0.552901
1 4 0.051284 0.489711 0.264368 0.000015 0.194622
4 4 0.232292 0.100052 0.012100 0.000000 0.655556
0 4 0.470351 0.205329 0.019048 0.000000 0.305273
1 4 0.059630 0.491941 0.257566 0.000026 0.190837
1 4 0.068138 0.628147 0.202441 0.000000 0.101273
4 4 0.149448 0.206503 0.027170 0.000000 0.616879
4 4 0.030035 0.192380 0.090271 0.000003 0.687310
4 4 0.063789 0.244026 0.090613 0.000001 0.601570
4 4 0.067117 0.121445 0.026885 0.000000 0.784553
4 4 0.058081 0.222876 0.062658 0.000000 0.656386
4 4 0.059847 0.387907 0.147077 0.000000 0.405169
4 4 0.059094 0.083082 0.017150 0.000001 0.840674
4 4 0.018681 0.018597 0.004360 0.000001 0.958361
4 4 0.058416 0.135189 0.024882 0.000000 0.781513
4 4 0.025385 0.094259 0.036726 0.000010 0.843620
4 4 0.149508 0.332365 0.088400 0.000003 0.429725
4 4 0.021523 0.239252 0.126689 0.000000 0.612536
4 4 0.020835 0.047696 0.016475 0.000004 0.914990
4 4 0.024034 0.015468 0.003677 0.000000 0.956821
1 4 0.276658 0.401907 0.064434 0.000000 0.257001
4 4 0.112092 0.214195 0.057508 0.000008 0.616197
1 4 0.041576 0.432448 0.205501 0.000004 0.320471
4 4 0.014030 0.216049 0.175063 0.000014 0.594845
4 4 0.020417 0.124196 0.070454 0.000457 0.784476
4 4 0.184185 0.039057 0.004875 0.000003 0.771880
4 4 0.358231 0.118749 0.015213 0.000010 0.507797
1 4 0.018304 0.430784 0.267174 0.000000 0.283738
4 4 0.046704 0.382865 0.123529 0.000000 0.446902
4 4 0.010076 0.143304 0.150872 0.000156 0.695592
1 4 0.150628 0.409876 0.092221 0.000000 0.347276
4 4 0.002370 0.223014 0.361705 0.000000 0.412911
4 4 0.249094 0.127774 0.017558 0.000000 0.605573
4 4 0.385469 0.191816 0.014879 0.000000 0.407835
4 4 0.009238 0.208614 0.130251 0.000000 0.651898
4 4 0.015370 0.288593 0.238382 0.000005 0.457650
4 4 0.003347 0.174771 0.232545 0.000000 0.589337
4 4 0.034137 0.207661 0.080759 0.000000 0.677443
1 4 0.122414 0.401911 0.122002 0.000002 0.353672
4 4 0.036542 0.332467 0.134629 0.000000 0.496362
2 2 0.001673 0.120510 0.707933 0.000105 0.169779
2 2 0.010072 0.055365 0.905043 0.005574 0.023945
2 2 0.000848 0.102852 0.770575 0.000006 0.125720
4 2 0.013744 0.311320 0.280656 0.000006 0.394274
2 2 0.015562 0.175836 0.744643 0.000102 0.063858
2 2 0.002222 0.026126 0.952054 0.000086 0.019512
2 2 0.012306 0.006252 0.974147 0.005726 0.001569
2 2 0.005865 0.014129 0.960517 0.015630 0.003860
2 2 0.001148 0.002512 0.988274 0.007497 0.000569
2 2 0.010746 0.019671 0.961564 0.004461 0.003557
2 2 0.022968 0.045537 0.913466 0.006861 0.011167
2 2 0.000082 0.000436 0.916592 0.082847 0.000042
2 2 0.000189 0.000583 0.783513 0.215680 0.000034
2 2 0.000161 0.000694 0.994602 0.004494 0.000048
2 2 0.000506 0.000362 0.712612 0.286516 0.000005
2 2 0.000752 0.005597 0.965347 0.027772 0.000531
2 2 0.001256 0.025222 0.911390 0.054462 0.007670
2 2 0.000625 0.008308 0.970820 0.018698 0.001549
2 3 0.000237 0.000462 0.751005 0.248281 0.000015
3 3 0.000747 0.001699 0.368952 0.628368 0.000235
2 3 0.008391 0.017402 0.814761 0.149832 0.009614
3 3 0.004572 0.004469 0.465421 0.525105 0.000434
2 3 0.000232 0.010009 0.968182 0.016720 0.004856
2 3 0.000213 0.001198 0.971332 0.027116 0.000141
3 3 0.000361 0.001446 0.162807 0.835219 0.000167
2 3 0.000369 0.002409 0.748209 0.247326 0.001687
2 3 0.000111 0.000886 0.707988 0.290791 0.000226
3 3 0.000074 0.000544 0.347399 0.651956 0.000027
3 3 0.000214 0.000704 0.187335 0.811629 0.000119
2 3 0.000717 0.006081 0.723390 0.268309 0.001502
2 3 0.001082 0.000740 0.570429 0.427715 0.000034
2 3 0.001944 0.006467 0.638863 0.344720 0.008006
2 3 0.000951 0.034600 0.951851 0.009298 0.003299
3 3 0.000103 0.001179 0.435714 0.562980 0.000024
2 3 0.008868 0.031963 0.806911 0.149244 0.003013
2 3 0.011754 0.015662 0.731335 0.240576 0.000673
2 3 0.000545 0.004772 0.925549 0.068957 0.000177
2 3 0.000301 0.005338 0.750211 0.243641 0.000509
3 3 0.000408 0.000555 0.035657 0.963280 0.000100
3 3 0.000056 0.000500 0.240306 0.759120 0.000018
3 3 0.000078 0.000658 0.057773 0.941419 0.000072
3 3 0.000161 0.002845 0.304496 0.692044 0.000453
2 3 0.001071 0.008192 0.732294 0.257297 0.001146
3 3 0.000158 0.001100 0.261126 0.737575 0.000041
2 3 0.000546 0.002455 0.910227 0.086741 0.000031
3 3 0.000047 0.000497 0.125930 0.873515 0.000011
3 3 0.000005 0.000066 0.018142 0.981783 0.000003
2 3 0.000108 0.001129 0.535449 0.463302 0.000012
3 3 0.000435 0.000253 0.055474 0.943817 0.000021
3 3 0.000655 0.002549 0.269916 0.726736 0.000144
3 3 0.000247 0.004196 0.250627 0.744749 0.000181
3 3 0.000020 0.000086 0.120785 0.879108 0.000001
2 3 0.002752 0.015128 0.675766 0.305142 0.001211
3 3 0.000470 0.007471 0.294010 0.697803 0.000246
3 3 0.005269 0.006642 0.333517 0.654013 0.000560
3 3 0.000031 0.000243 0.069445 0.930263 0.000017
3 3 0.000126 0.001304 0.212027 0.786505 0.000038
3 3 0.000321 0.001231 0.120410 0.877891 0.000148
3 3 0.000004 0.000139 0.374734 0.625122 0.000001
3 3 0.000106 0.000372 0.290422 0.709095 0.000004
3 3 0.000396 0.002234 0.453618 0.543714 0.000038
3 3 0.000929 0.001223 0.060953 0.936671 0.000224
3 3 0.000119 0.000882 0.100390 0.898572 0.000037
3 3 0.000066 0.000146 0.041910 0.957870 0.000008
2 3 0.006724 0.009521 0.547391 0.435917 0.000447
3 3 0.000140 0.001134 0.161038 0.837656 0.000032
3 3 0.000223 0.001823 0.203936 0.793814 0.000204
3 3 0.000004 0.000032 0.025558 0.974404 0.000001
3 3 0.000437 0.001542 0.034551 0.963154 0.000315
3 3 0.000007 0.000065 0.079840 0.920087 0.000002
3 3 0.000732 0.002097 0.076563 0.920031 0.000578
2 3 0.003409 0.011804 0.604238 0.380263 0.000286
3 3 0.000039 0.000135 0.411678 0.588141 0.000008
3 3 0.000216 0.000220 0.014683 0.984829 0.000053
2 3 0.001162 0.004460 0.556411 0.437796 0.000170
3 3 0.001474 0.013936 0.117993 0.862426 0.004172
3 3 0.000360 0.003403 0.123708 0.872014 0.000515
3 3 0.000239 0.000420 0.081819 0.917484 0.000038
3 3 0.000199 0.000833 0.253428 0.745491 0.000050
3 3 0.000020 0.000282 0.049814 0.949862 0.000021
3 3 0.000253 0.001005 0.127416 0.871208 0.000117
3 3 0.002022 0.004642 0.457623 0.535476 0.000237
3 3 0.000054 0.000292 0.029066 0.970559 0.000029
3 3 0.000075 0.001313 0.213084 0.785467 0.000062
3 3 0.000253 0.000841 0.106326 0.892530 0.000050
3 3 0.000676 0.001810 0.160020 0.837351 0.000142
3 3 0.000462 0.000698 0.169682 0.829118 0.000041
3 3 0.000018 0.000202 0.191966 0.807812 0.000002
3 3 0.000003 0.000076 0.030740 0.969177 0.000004
3 3 0.000584 0.000568 0.028087 0.970641 0.000120
3 3 0.000001 0.000005 0.009330 0.990664 0.000000
3 3 0.000082 0.000753 0.053898 0.945159 0.000108
2 3 0.000419 0.006671 0.540039 0.451055 0.001816
3 3 0.000135 0.000555 0.110876 0.888261 0.000173
3 3 0.000089 0.001479 0.416000 0.582383 0.000050
3 3 0.000030 0.000181 0.042900 0.956880 0.000008
2 3 0.000341 0.006500 0.757290 0.235453 0.000416
3 3 0.000458 0.002529 0.340172 0.656736 0.000106
3 3 0.001040 0.001213 0.118427 0.879214 0.000106
3 3 0.000020 0.000332 0.080012 0.919627 0.000008
3 3 0.000095 0.000751 0.123233 0.875898 0.000023
3 3 0.000167 0.000654 0.341774 0.657382 0.000024
3 3 0.000029 0.000193 0.031255 0.968511 0.000012
3 3 0.000762 0.004348 0.470683 0.523512 0.000694
0 2 0.452832 0.099182 0.429681 0.009338 0.008967
1 1 0.051673 0.436005 0.412201 0.000904 0.099218
1 2 0.015560 0.469827 0.425236 0.000035 0.089341
1 2 0.075003 0.464056 0.249215 0.000133 0.211592
2 2 0.088303 0.205949 0.545125 0.001354 0.159268
0 0 0.544947 0.202117 0.200222 0.009266 0.043449
0 0 0.806261 0.105617 0.053041 0.000633 0.034448
4 0 0.217851 0.039351 0.019958 0.001445 0.721394
4 0 0.166221 0.084941 0.015790 0.000017 0.733032
4 1 0.006426 0.142114 0.384642 0.003396 0.463421
2 2 0.000995 0.029487 0.834493 0.052970 0.082054
2 2 0.001223 0.025956 0.941830 0.023094 0.007896
4 2 0.089719 0.088419 0.388203 0.002778 0.430881
4 2 0.385016 0.075376 0.130717 0.018881 0.390009
4 2 0.011271 0.148538 0.195990 0.000026 0.644175
2 2 0.000839 0.051764 0.918066 0.005468 0.023863
4 2 0.009875 0.153655 0.139366 0.000003 0.697100
1 2 0.159637 0.439087 0.119341 0.000002 0.281933
2 2 0.007625 0.159777 0.559409 0.000377 0.272813
2 2 0.018681 0.146934 0.459306 0.000732 0.374347
4 2 0.283290 0.307252 0.039719 0.000000 0.369739
4 2 0.046379 0.245486 0.090709 0.000000 0.617425
4 2 0.105206 0.358985 0.093128 0.000000 0.442681
4 2 0.076561 0.115054 0.027481 0.000000 0.780903
2 2 0.004241 0.287823 0.451878 0.000006 0.256052
4 2 0.011353 0.213424 0.166502 0.000099 0.608621
1 2 0.043985 0.462611 0.243261 0.000003 0.250139
4 2 0.001874 0.166088 0.380242 0.000063 0.451732
2 4 0.014712 0.273851 0.358036 0.000046 0.353355
4 4 0.117483 0.034199 0.003999 0.000000 0.844319
4 4 0.296630 0.148115 0.019644 0.000000 0.535611
2 4 0.012699 0.173345 0.595862 0.008552 0.209542
2 0 0.100771 0.261986 0.348916 0.000454 0.287873
0 0 0.908497 0.049555 0.021498 0.000127 0.020323
0 0 0.930486 0.019789 0.038809 0.001893 0.009023
0 0 0.685126 0.195525 0.064550 0.000003 0.054796
0 0 0.967113 0.001058 0.031783 0.000002 0.000044
0 0 0.996291 0.000521 0.002896 0.000012 0.000280
0 0 0.893892 0.042432 0.014680 0.000084 0.048912
0 0 0.622801 0.251248 0.079290 0.000186 0.046474
0 0 0.773699 0.165144 0.023652 0.000013 0.037493
0 0 0.711027 0.083317 0.005994 0.000000 0.199662
4 0 0.173646 0.325212 0.116212 0.001418 0.383512
4 0 0.334908 0.101016 0.007476 0.000000 0.556601
4 1 0.052234 0.333071 0.142722 0.000002 0.471971
2 1 0.003491 0.045166 0.915593 0.008709 0.027041
2 2 0.036667 0.062680 0.863274 0.003508 0.033872
2 2 0.001879 0.022430 0.957193 0.006870 0.011628
2 2 0.000274 0.034692 0.944953 0.009638 0.010443
2 2 0.001968 0.163351 0.581425 0.000138 0.253118
2 2 0.004690 0.089266 0.797482 0.005895 0.102667
2 2 0.002722 0.132936 0.629329 0.001163 0.233850
2 2 0.036512 0.309008 0.410024 0.000028 0.244429
2 2 0.013344 0.369246 0.383403 0.000021 0.233986
0 2 0.535527 0.175864 0.043748 0.000014 0.244846
0 2 0.653227 0.122105 0.011262 0.000012 0.213394
1 2 0.189785 0.457375 0.095237 0.000000 0.257603
4 2 0.061598 0.288116 0.113154 0.000001 0.537131
2 2 0.044526 0.176381 0.630671 0.000290 0.148132
2 2 0.022308 0.077031 0.835931 0.000265 0.064466
2 2 0.020226 0.055393 0.896639 0.000908 0.026833
1 2 0.022789 0.383971 0.278802 0.000003 0.314435
2 2 0.023336 0.176433 0.633354 0.000015 0.166862
2 2 0.011515 0.137292 0.742393 0.000373 0.108426
1 2 0.021156 0.393999 0.303234 0.000005 0.281606
2 2 0.001667 0.016108 0.978099 0.001841 0.002285
2 2 0.177834 0.123940 0.478007 0.000657 0.219562
0 2 0.588547 0.283330 0.026155 0.000000 0.101967
0 0 0.754992 0.183924 0.014649 0.000004 0.046431
0 0 0.448230 0.421579 0.046288 0.000000 0.083903
1 1 0.086375 0.531394 0.199662 0.000004 0.182566
2 2 0.003531 0.065849 0.923049 0.001402 0.006169
2 2 0.008347 0.030809 0.949934 0.002794 0.008115
2 2 0.001149 0.005368 0.986559 0.006097 0.000827
2 2 0.003862 0.029139 0.959197 0.003401 0.004402
2 2 0.000812 0.011527 0.981824 0.003983 0.001854
2 2 0.006407 0.117326 0.820521 0.000214 0.055531
2 2 0.000400 0.013696 0.979480 0.001785 0.004640
2 2 0.003615 0.063617 0.893944 0.005829 0.032996
2 2 0.003992 0.076028 0.873921 0.000422 0.045637
2 2 0.000358 0.001464 0.991756 0.006313 0.000109
2 2 0.013855 0.013142 0.962418 0.003287 0.007298
2 2 0.005475 0.041385 0.944179 0.000383 0.008578
2 2 0.003538 0.044790 0.920706 0.013031 0.017935
2 2 0.044130 0.117680 0.750588 0.000215 0.087387
2 2 0.004045 0.037574 0.938610 0.003646 0.016125
2 2 0.001008 0.006096 0.986853 0.005409 0.000634
2 2 0.067080 0.108850 0.796177 0.009177 0.018717
1 2 0.326594 0.507169 0.104077 0.000075 0.062085
4 2 0.058027 0.256307 0.107421 0.000006 0.578240
4 2 0.084367 0.294956 0.155757 0.000098 0.464822
1 2 0.238920 0.528495 0.100108 0.000001 0.132476
0 2 0.489550 0.148027 0.014611 0.000000 0.347811
2 2 0.013640 0.066050 0.741300 0.010928 0.168083
2 2 0.003382 0.011020 0.981777 0.002367 0.001455
2 2 0.000124 0.007532 0.991177 0.000590 0.000577
2 2 0.001115 0.013536 0.982965 0.001354 0.001030
2 2 0.000999 0.022989 0.970170 0.000388 0.005455
2 2 0.001220 0.042294 0.949841 0.000271 0.006373
2 2 0.030604 0.023084 0.935035 0.001831 0.009446
2 2 0.000425 0.001274 0.983121 0.015145 0.000034
2 2 0.003025 0.016372 0.971688 0.002188 0.006727
2 2 0.000064 0.005536 0.993075 0.000512 0.000813
2 2 0.004917 0.061382 0.836052 0.013878 0.083771
2 2 0.000614 0.047610 0.932904 0.001105 0.017768
2 2 0.000280 0.000666 0.986939 0.012095 0.000019
2 2 0.043159 0.141500 0.629764 0.001075 0.184501
2 2 0.002811 0.015072 0.974830 0.004895 0.002392
2 2 0.002297 0.034519 0.945972 0.005776 0.011436
2 2 0.008895 0.048420 0.922799 0.000422 0.019463
2 2 0.001156 0.016008 0.969051 0.006900 0.006885
2 2 0.001580 0.018519 0.881237 0.068755 0.029909
2 3 0.001234 0.009433 0.978784 0.003855 0.006694
2 2 0.009956 0.102247 0.832438 0.005055 0.050305
2 2 0.020783 0.017908 0.945379 0.014586 0.001345
0 2 0.407041 0.278151 0.278031 0.000592 0.036184
4 2 0.233068 0.215952 0.038439 0.000000 0.512542
0 1 0.550733 0.273040 0.025231 0.000000 0.150995
2 2 0.035698 0.083751 0.734416 0.000443 0.145692
2 2 0.003447 0.027350 0.963892 0.001936 0.003375
2 2 0.028670 0.022222 0.868287 0.059429 0.021392
2 2 0.014342 0.033592 0.934214 0.006179 0.011673
0 0 0.963143 0.011936 0.006755 0.000062 0.018104
0 0 0.849417 0.092337 0.045281 0.000021 0.012943
0 0 0.812181 0.105120 0.005588 0.000000 0.077111
0 0 0.692611 0.018889 0.000700 0.000000 0.287799
1 0 0.238968 0.401359 0.085060 0.000002 0.274611
2 2 0.003260 0.044230 0.932853 0.003886 0.015771
2 2 0.000896 0.002247 0.955916 0.040354 0.000586
2 2 0.007424 0.022341 0.937097 0.012173 0.020966
2 2 0.027276 0.131535 0.565597 0.000447 0.275145
4 1 0.012958 0.170133 0.104256 0.000000 0.712652
4 1 0.080291 0.131542 0.032344 0.000000 0.755824
4 1 0.222572 0.071719 0.010045 0.000001 0.695663
4 1 0.141574 0.028135 0.002582 0.000000 0.827709
4 1 0.100908 0.051462 0.008497 0.000001 0.839132
4 1 0.046789 0.032973 0.007208 0.000001 0.913029
4 0 0.164685 0.140899 0.027107 0.000001 0.667308
4 0 0.324010 0.142424 0.009225 0.000000 0.524342
4 0 0.030762 0.082637 0.035951 0.000004 0.850646
4 1 0.192048 0.313746 0.059587 0.000000 0.434619
4 4 0.050358 0.051143 0.008034 0.000000 0.890465
4 4 0.019148 0.109212 0.171944 0.000044 0.699653
4 4 0.020471 0.143533 0.039808 0.000000 0.796187
4 4 0.040867 0.163242 0.052973 0.000000 0.742918
4 4 0.238252 0.089683 0.007279 0.000000 0.664786
4 4 0.049014 0.082584 0.018777 0.000000 0.849625
4 4 0.218937 0.158012 0.021176 0.000000 0.601874
0 4 0.627036 0.259492 0.035332 0.000112 0.078029
1 4 0.259631 0.521599 0.077943 0.000000 0.140827
4 4 0.050476 0.127673 0.051978 0.000064 0.769808
4 4 0.057515 0.134050 0.046007 0.000003 0.762425
4 4 0.059194 0.026874 0.003500 0.000000 0.910433
4 4 0.072316 0.017726 0.002015 0.000000 0.907942
4 4 0.030312 0.017249 0.002959 0.000000 0.949481
4 4 0.032870 0.336238 0.144943 0.000000 0.485949
4 4 0.013834 0.060712 0.033372 0.000004 0.892079
4 4 0.014637 0.186948 0.101759 0.000000 0.696656
4 4 0.053120 0.021154 0.003123 0.000000 0.922603
4 4 0.018074 0.173256 0.069897 0.000000 0.738773
1 4 0.078519 0.483167 0.158016 0.000000 0.280298
4 4 0.035823 0.109261 0.031384 0.000005 0.823527
4 4 0.312716 0.042040 0.004101 0.000000 0.641142
4 4 0.117883 0.331009 0.084896 0.000000 0.466211
4 4 0.006840 0.093639 0.070936 0.000001 0.828584
4 4 0.037734 0.254426 0.121931 0.000001 0.585907
0 4 0.624689 0.093948 0.005621 0.000000 0.275742
4 4 0.152163 0.212988 0.042829 0.000001 0.592019
2 4 0.008403 0.324754 0.411171 0.000017 0.255654
4 2 0.042412 0.286278 0.125489 0.000001 0.545821
1 2 0.009086 0.364741 0.339628 0.000000 0.286545
2 2 0.008237 0.128310 0.767135 0.000252 0.096066
2 2 0.033451 0.209237 0.461894 0.000139 0.295279
2 2 0.001186 0.179518 0.464630 0.000170 0.354496
2 2 0.030779 0.332644 0.435944 0.000026 0.200607
2 2 0.004985 0.073885 0.873519 0.000088 0.047523
2 2 0.000157 0.003941 0.995354 0.000237 0.000311
2 2 0.000828 0.121041 0.860940 0.000128 0.017064
4 2 0.025120 0.210681 0.233039 0.000074 0.531085
4 2 0.032105 0.252696 0.114663 0.000000 0.600536
4 2 0.003679 0.222842 0.325341 0.000003 0.448134
2 2 0.001850 0.058299 0.908302 0.000483 0.031066
2 2 0.097313 0.188205 0.586659 0.000011 0.127813
2 2 0.005740 0.253927 0.561381 0.000010 0.178942
2 2 0.000938 0.058006 0.923957 0.000055 0.017044
2 2 0.042037 0.166212 0.715987 0.000016 0.075749
2 2 0.010272 0.100072 0.768001 0.000035 0.121621
2 2 0.027967 0.230181 0.604332 0.000033 0.137486
2 2 0.004719 0.038994 0.915897 0.000416 0.039974
2 2 0.000062 0.007688 0.990188 0.000215 0.001847
2 2 0.000284 0.004673 0.986340 0.007723 0.000981
2 2 0.000173 0.024981 0.970719 0.000561 0.003565
2 2 0.001504 0.007441 0.987461 0.001610 0.001984
2 2 0.003840 0.094705 0.751508 0.001000 0.148947
0 2 0.884460 0.064173 0.031215 0.000064 0.020088
1 2 0.053964 0.588272 0.297145 0.000059 0.060560
1 2 0.054371 0.373922 0.201150 0.000012 0.370545
2 2 0.005582 0.297015 0.588117 0.001053 0.108234
4 2 0.011369 0.178761 0.355446 0.000016 0.454408
2 2 0.000188 0.003569 0.994184 0.000393 0.001666
2 2 0.001858 0.129595 0.648239 0.000211 0.220097
2 2 0.012508 0.136598 0.707225 0.000329 0.143340
2 2 0.012178 0.018084 0.961003 0.000378 0.008356
2 2 0.000373 0.015309 0.978212 0.000711 0.005396
2 2 0.005623 0.052831 0.876299 0.000538 0.064710
2 2 0.000702 0.011418 0.982011 0.001588 0.004280
2 2 0.000656 0.002085 0.987645 0.009428 0.000186
2 2 0.002195 0.061718 0.913957 0.001122 0.021007
2 2 0.017016 0.099253 0.741460 0.000262 0.142010
2 2 0.008896 0.052024 0.925501 0.002193 0.011386
2 2 0.001624 0.001961 0.958285 0.038036 0.000095
2 2 0.000205 0.007013 0.990639 0.001271 0.000871
2 2 0.000212 0.000260 0.964619 0.034904 0.000005
2 2 0.000492 0.012516 0.980000 0.005051 0.001940
2 2 0.032807 0.029124 0.914753 0.009626 0.013690
2 2 0.000048 0.002187 0.997019 0.000579 0.000166
2 2 0.000624 0.005599 0.981926 0.010264 0.001586
2 2 0.000059 0.004927 0.990652 0.003399 0.000964
2 2 0.003410 0.044349 0.942845 0.002606 0.006790
2 2 0.010534 0.036982 0.891359 0.043862 0.017263
2 2 0.001657 0.007175 0.962604 0.028127 0.000437
2 2 0.003131 0.003992 0.946257 0.046345 0.000275
2 2 0.000600 0.002235 0.971539 0.025296 0.000330
2 2 0.014789 0.020451 0.941319 0.009944 0.013497
2 2 0.000087 0.003678 0.754601 0.241347 0.000287
2 2 0.000958 0.002635 0.982010 0.014196 0.000202
2 2 0.000134 0.000813 0.992130 0.006885 0.000038
2 2 0.004215 0.013419 0.952533 0.027014 0.002819
2 2 0.000756 0.003570 0.978903 0.016605 0.000165
2 2 0.000672 0.000932 0.943149 0.055238 0.000009
2 2 0.000901 0.014589 0.932080 0.048308 0.004123
2 2 0.000971 0.002009 0.970924 0.025945 0.000152
2 2 0.000930 0.001134 0.794288 0.203514 0.000134
2 2 0.002383 0.003776 0.933987 0.059744 0.000110
3 3 0.000123 0.000830 0.316779 0.682186 0.000081
2 3 0.002819 0.015356 0.734877 0.245185 0.001762
3 3 0.000282 0.000775 0.415878 0.583038 0.000028
2 3 0.005062 0.018802 0.649389 0.325741 0.001006
2 3 0.004772 0.019744 0.810632 0.163986 0.000866
2 3 0.001761 0.006039 0.498871 0.492568 0.000761
2 3 0.000011 0.000149 0.757228 0.242601 0.000012
2 3 0.001087 0.008845 0.940157 0.049442 0.000469
2 3 0.000407 0.013385 0.928524 0.053778 0.003906
3 3 0.001154 0.007772 0.334282 0.656254 0.000538
3 3 0.001610 0.003999 0.201989 0.792038 0.000365
2 3 0.002367 0.022365 0.742223 0.229331 0.003715
3 3 0.000805 0.010162 0.257883 0.721139 0.010010
2 3 0.000113 0.000297 0.963979 0.035604 0.000006
2 3 0.000921 0.017589 0.716566 0.262156 0.002768
2 3 0.000504 0.002046 0.797140 0.200250 0.000059
3 3 0.002080 0.014154 0.360516 0.621188 0.002062
2 3 0.003150 0.007375 0.868718 0.119438 0.001320
2 3 0.003279 0.033410 0.873349 0.083515 0.006448
3 3 0.000600 0.001591 0.307569 0.690110 0.000129
3 3 0.000189 0.001467 0.262197 0.736015 0.000132
3 3 0.000050 0.000109 0.142238 0.857601 0.000002
3 3 0.000798 0.001054 0.459263 0.538855 0.000030
2 3 0.008334 0.020004 0.818181 0.153127 0.000353
3 3 0.000406 0.003948 0.327542 0.667693 0.000411
3 3 0.001482 0.004481 0.202233 0.789015 0.002789
3 3 0.005515 0.013798 0.320892 0.658233 0.001562
3 3 0.003612 0.036612 0.421443 0.524751 0.013582
3 3 0.000253 0.001707 0.187640 0.810311 0.000089
3 3 0.000237 0.002626 0.235695 0.761289 0.000153
2 3 0.014235 0.042077 0.722457 0.213903 0.007327
2 3 0.009810 0.011695 0.539519 0.432793 0.006183
3 3 0.005579 0.055848 0.338814 0.583102 0.016657
3 3 0.004760 0.029971 0.332014 0.630751 0.002504
3 3 0.007660 0.005558 0.383305 0.602342 0.001136
3 3 0.001366 0.010927 0.349213 0.637442 0.001052
2 3 0.008117 0.018286 0.772837 0.198600 0.002159
3 3 0.019120 0.022462 0.403751 0.550189 0.004478
3 3 0.001781 0.010523 0.194091 0.792728 0.000877
3 3 0.003064 0.007040 0.391518 0.597000 0.001377
3 3 0.008951 0.020865 0.254650 0.713149 0.002385
3 3 0.048151 0.060829 0.421098 0.454975 0.014948
3 3 0.005554 0.006793 0.454296 0.529175 0.004181
3 3 0.004016 0.008981 0.106966 0.875893 0.004145
3 3 0.000006 0.000143 0.028920 0.970926 0.000006
3 3 0.005975 0.005565 0.136181 0.850398 0.001881
3 3 0.006450 0.009959 0.101903 0.873739 0.007950
2 3 0.002980 0.020436 0.584535 0.390415 0.001634
3 3 0.001342 0.006855 0.195444 0.794981 0.001378
3 3 0.027995 0.018159 0.355813 0.592606 0.005426
3 3 0.019267 0.029509 0.174571 0.769783 0.006870
3 3 0.009802 0.013547 0.299471 0.664247 0.012932
3 3 0.001248 0.011596 0.366654 0.617483 0.003020
3 3 0.000435 0.003848 0.087925 0.906853 0.000939
3 3 0.003013 0.004180 0.275502 0.716787 0.000519
3 3 0.000049 0.000226 0.019177 0.980509 0.000039
3 3 0.006851 0.020290 0.452307 0.513101 0.007450
3 3 0.000013 0.000158 0.048614 0.951138 0.000078
3 3 0.001465 0.009169 0.485905 0.501445 0.002015
0 0 0.543491 0.040512 0.292076 0.114312 0.009610
0 0 0.724900 0.131180 0.077134 0.006492 0.060294
1 0 0.275489 0.349266 0.075922 0.000039 0.299284
1 0 0.143081 0.396733 0.121016 0.000011 0.339159
2 1 0.006791 0.284744 0.623266 0.000564 0.084636
2 2 0.035119 0.221576 0.676457 0.002098 0.064749
4 2 0.037588 0.336020 0.248718 0.000097 0.377577
2 2 0.216843 0.236379 0.527096 0.001055 0.018627
0 2 0.892961 0.028047 0.001088 0.000000 0.077904
0 1 0.832311 0.123414 0.007300 0.000001 0.036974
1 1 0.050182 0.476471 0.227163 0.000005 0.246180
2 1 0.005509 0.134930 0.795526 0.001935 0.062100
2 2 0.000581 0.013249 0.975619 0.008534 0.002016
4 2 0.003868 0.068008 0.354449 0.003582 0.570092
0 4 0.936056 0.004886 0.000057 0.000000 0.059000
4 4 0.009330 0.132069 0.100892 0.000012 0.757696
4 4 0.028388 0.255339 0.168773 0.000074 0.547426
4 4 0.003062 0.210750 0.336955 0.000007 0.449227
4 4 0.052732 0.173584 0.050345 0.000000 0.723339
4 4 0.028733 0.027580 0.008622 0.000012 0.935053
0 4 0.360844 0.283594 0.036452 0.000000 0.319110
1 4 0.064238 0.430949 0.192814 0.000003 0.311995
4 4 0.017385 0.314698 0.281073 0.000012 0.386831
1 4 0.083200 0.465635 0.172571 0.000003 0.278591
4 4 0.018554 0.079622 0.032952 0.000000 0.868871
4 4 0.079714 0.186005 0.059702 0.000046 0.674533
4 4 0.333640 0.135541 0.018839 0.000001 0.511979
4 4 0.044165 0.091546 0.025436 0.000000 0.838853
4 4 0.016150 0.020741 0.007015 0.000001 0.956094
4 4 0.017321 0.014723 0.004117 0.000006 0.963833
4 4 0.129878 0.287870 0.076739 0.000001 0.505513
4 4 0.058264 0.065893 0.012098 0.000000 0.863744
0 4 0.719599 0.110039 0.005423 0.000000 0.164938
4 4 0.131749 0.004385 0.000166 0.000000 0.863700
0 4 0.719708 0.023313 0.000969 0.000000 0.256011
4 4 0.054295 0.285220 0.116675 0.000007 0.543803
4 4 0.062381 0.037693 0.007264 0.000000 0.892662
4 4 0.267268 0.192469 0.027774 0.000000 0.512490
4 4 0.076343 0.274761 0.088987 0.000000 0.559910
0 4 0.454108 0.258135 0.028285 0.000000 0.259471
1 4 0.086796 0.407325 0.144070 0.000001 0.361808
4 4 0.012892 0.027640 0.007625 0.000000 0.951843
4 4 0.194142 0.039380 0.004683 0.000000 0.761793
4 4 0.015688 0.193335 0.122105 0.000001 0.668871
4 4 0.008162 0.288174 0.311331 0.000013 0.392320
4 4 0.005300 0.210149 0.287635 0.000021 0.496894
4 4 0.013662 0.255543 0.285965 0.000010 0.444821
4 4 0.015501 0.176196 0.103888 0.000000 0.704414
1 4 0.205867 0.360953 0.078204 0.000001 0.354976
4 4 0.004885 0.256928 0.356154 0.000016 0.382017
4 4 0.002884 0.218859 0.366205 0.000006 0.412046
4 4 0.035964 0.265209 0.115748 0.000001 0.583078
4 4 0.009555 0.172999 0.139174 0.000002 0.678270
4 4 0.041843 0.079839 0.023221 0.000001 0.855096
4 4 0.010904 0.182883 0.139536 0.000001 0.666675
4 4 0.052146 0.217002 0.089849 0.000002 0.641002
4 4 0.002700 0.181987 0.289215 0.000007 0.526091
4 4 0.008129 0.236161 0.302655 0.000069 0.452986
4 4 0.003514 0.218684 0.330830 0.000003 0.446969
2 2 0.006981 0.133554 0.771312 0.002071 0.086082
4 2 0.010682 0.301002 0.305696 0.000006 0.382614
2 2 0.003805 0.179780 0.605646 0.000095 0.210675
2 2 0.022390 0.153915 0.760923 0.000988 0.061785
2 2 0.001170 0.239174 0.673353 0.000117 0.086184
2 2 0.012889 0.019224 0.962545 0.001565 0.003777
2 2 0.015898 0.292544 0.351278 0.000015 0.340266
2 2 0.068437 0.052652 0.853110 0.001548 0.024253
2 2 0.047502 0.013812 0.912766 0.025408 0.000512
0 0 0.407522 0.106747 0.273859 0.174934 0.036938
0 0 0.913074 0.025525 0.048279 0.002400 0.010722
0 0 0.847320 0.084578 0.042200 0.000265 0.025637
0 0 0.866950 0.081091 0.024110 0.000075 0.027775
0 0 0.726480 0.118646 0.006995 0.000000 0.147880
0 0 0.989012 0.003261 0.000048 0.000000 0.007678
0 0 0.989191 0.004569 0.000522 0.000000 0.005717
0 0 0.619945 0.210306 0.035999 0.000044 0.133705
0 0 0.840465 0.083095 0.003903 0.000000 0.072536
4 0 0.092310 0.298603 0.082180 0.000000 0.526906
0 0 0.681382 0.187976 0.063661 0.000387 0.066594
0 0 0.457885 0.396796 0.056444 0.000007 0.088869
0 0 0.782683 0.040362 0.002287 0.000001 0.174667
0 0 0.497423 0.119939 0.015723 0.000013 0.366901
0 0 0.795391 0.062323 0.004026 0.000013 0.138247
4 0 0.064698 0.145653 0.045974 0.000000 0.743675
2 1 0.014185 0.308617 0.365643 0.000013 0.311541
2 2 0.025139 0.125796 0.818013 0.003342 0.027710
4 2 0.069624 0.350420 0.165134 0.000045 0.414777
2 2 0.006538 0.133772 0.763338 0.001196 0.095156
1 2 0.122329 0.470050 0.125491 0.000000 0.282129
1 2 0.219397 0.361502 0.085197 0.000025 0.333879
4 2 0.081930 0.183047 0.059656 0.000002 0.675364
2 2 0.004542 0.136148 0.825539 0.000339 0.033431
2 2 0.008187 0.109562 0.806043 0.000243 0.075966
2 2 0.049482 0.201256 0.500733 0.000036 0.248492
2 2 0.006769 0.122592 0.801635 0.000127 0.068877
2 2 0.001472 0.018975 0.971426 0.000545 0.007582
2 2 0.022699 0.202681 0.559814 0.000039 0.214768
2 2 0.018135 0.110395 0.812931 0.000426 0.058113
2 2 0.006108 0.129303 0.824403 0.002477 0.037709
4 2 0.036532 0.330349 0.223476 0.000060 0.409583
2 2 0.005821 0.093157 0.876408 0.000219 0.024395
4 2 0.013582 0.196294 0.152694 0.000003 0.637427
4 2 0.025728 0.170882 0.259099 0.000020 0.544272
2 2 0.001725 0.121062 0.676103 0.000077 0.201033
2 2 0.024510 0.166831 0.717042 0.000771 0.090845
2 2 0.005753 0.094799 0.854018 0.000284 0.045145
2 2 0.007348 0.107975 0.658937 0.000721 0.225019
2 2 0.001685 0.005230 0.984914 0.007838 0.000333
2 2 0.064239 0.310566 0.581094 0.001561 0.042541
2 2 0.003537 0.087286 0.888018 0.000947 0.020212
2 2 0.000139 0.003407 0.994599 0.001616 0.000239
2 2 0.001584 0.109384 0.771765 0.000200 0.117068
2 2 0.009303 0.091068 0.854053 0.000162 0.045413
2 2 0.034418 0.102714 0.767564 0.002853 0.092451
2 2 0.002863 0.045038 0.943618 0.000373 0.008108
2 2 0.002454 0.057375 0.916913 0.000720 0.022537
2 2 0.001927 0.007769 0.987400 0.001752 0.001152
2 2 0.003876 0.008480 0.946585 0.040019 0.001039
2 2 0.080591 0.147657 0.514690 0.000171 0.256891
2 2 0.001754 0.015733 0.975698 0.002734 0.004081
2 2 0.006632 0.030968 0.919937 0.041803 0.000660
1 2 0.050594 0.401460 0.250069 0.000307 0.297570
1 2 0.317075 0.373692 0.074747 0.000007 0.234479
0 0 0.483759 0.188782 0.295544 0.001678 0.030238
0 0 0.863367 0.061108 0.003221 0.000005 0.072298
1 0 0.189240 0.442235 0.344818 0.000878 0.022830
4 1 0.028212 0.299734 0.218588 0.000018 0.453448
2 2 0.007519 0.080809 0.846409 0.000299 0.064964
4 2 0.024917 0.307418 0.230690 0.000028 0.436947
2 2 0.032562 0.142351 0.770351 0.000280 0.054456
2 2 0.001093 0.016522 0.977358 0.000434 0.004593
0 2 0.484931 0.285522 0.164684 0.000052 0.064811
0 0 0.967323 0.014268 0.001904 0.000005 0.016501
4 0 0.333031 0.083710 0.011853 0.000044 0.571362
0 0 0.867217 0.074739 0.008304 0.000015 0.049724
0 0 0.486555 0.318052 0.054578 0.000066 0.140749
4 0 0.173646 0.044899 0.006426 0.000003 0.775027
0 0 0.950180 0.005552 0.039129 0.002659 0.002479
0 0 0.969643 0.005022 0.023215 0.000364 0.001756
0 0 0.561170 0.100462 0.177975 0.087434 0.072959
0 0 0.949278 0.007616 0.014079 0.000009 0.029018
0 0 0.981327 0.007518 0.006083 0.000046 0.005026
0 0 0.855497 0.021283 0.000731 0.000000 0.122488
0 0 0.972414 0.009614 0.000183 0.000000 0.017789
0 0 0.966707 0.019974 0.000383 0.000000 0.012936
0 0 0.964970 0.023327 0.000425 0.000000 0.011277
0 0 0.413318 0.365954 0.138279 0.002515 0.079934
0 0 0.847726 0.049922 0.002252 0.000000 0.100099
0 0 0.973305 0.009131 0.000179 0.000000 0.017385
0 0 0.894419 0.039579 0.006705 0.000116 0.059181
0 0 0.930219 0.031804 0.002211 0.000006 0.035760
0 0 0.867479 0.041183 0.002172 0.000001 0.089165
0 0 0.918585 0.044302 0.007895 0.000024 0.029193
0 0 0.502557 0.134838 0.023482 0.004440 0.334683
0 0 0.817089 0.083978 0.056313 0.000141 0.042479
0 0 0.812480 0.051399 0.003210 0.000018 0.132893
0 0 0.873653 0.069262 0.032226 0.000223 0.024636
0 0 0.899581 0.029396 0.001865 0.000003 0.069156
0 0 0.780945 0.040264 0.006379 0.000003 0.172410
0 0 0.833450 0.026089 0.001063 0.000000 0.139397
0 0 0.893381 0.029659 0.013325 0.000003 0.063632
0 0 0.905034 0.049800 0.016342 0.000027 0.028796
0 0 0.943644 0.016520 0.000463 0.000000 0.039373
0 0 0.820437 0.046208 0.002700 0.000003 0.130653
0 0 0.986378 0.003905 0.000045 0.000000 0.009672
0 0 0.986708 0.004126 0.000046 0.000000 0.009119
0 0 0.905411 0.032423 0.001443 0.000002 0.060721
0 0 0.950503 0.013382 0.002706 0.000022 0.033387
0 0 0.978584 0.004974 0.012009 0.000351 0.004081
0 0 0.999131 0.000172 0.000083 0.000000 0.000614
0 0 0.612127 0.020451 0.001658 0.000001 0.365763
0 0 0.804421 0.082732 0.009377 0.000042 0.103428
0 0 0.919556 0.014849 0.006845 0.000031 0.058720
0 0 0.833377 0.028592 0.011700 0.000027 0.126304
0 0 0.960001 0.012157 0.010054 0.000076 0.017712
0 0 0.978427 0.005679 0.008594 0.000166 0.007134
0 0 0.970939 0.009040 0.000997 0.000001 0.019024
0 0 0.778765 0.021404 0.000792 0.000000 0.199040
0 0 0.785082 0.041361 0.006098 0.000025 0.167434
0 0 0.948592 0.016351 0.022472 0.000280 0.012305
0 0 0.973692 0.010587 0.008929 0.000098 0.006694
0 0 0.948079 0.010131 0.029564 0.002968 0.009258
0 0 0.969746 0.006283 0.004333 0.000006 0.019633
0 0 0.966295 0.007406 0.004996 0.000077 0.021227
0 0 0.663159 0.039553 0.002282 0.000002 0.295004
0 0 0.873600 0.006497 0.000107 0.000000 0.119797
0 0 0.994403 0.002473 0.000095 0.000000 0.003029
0 0 0.966746 0.009032 0.017030 0.000164 0.007027
0 0 0.983524 0.004782 0.000095 0.000000 0.011600
0 0 0.752264 0.039009 0.001994 0.000026 0.206707
0 0 0.907555 0.013601 0.000338 0.000000 0.078506
0 0 0.891197 0.014010 0.000356 0.000000 0.094438
0 0 0.912280 0.012982 0.001451 0.000001 0.073287
0 0 0.944138 0.014765 0.000686 0.000000 0.040411
0 0 0.892825 0.053503 0.002337 0.000000 0.051336
0 0 0.928101 0.019394 0.001752 0.000005 0.050749
0 0 0.988355 0.001985 0.000015 0.000000 0.009645
0 0 0.973814 0.004907 0.001135 0.000000 0.020144
0 0 0.882804 0.014201 0.000384 0.000000 0.102611
0 0 0.505545 0.010910 0.000332 0.000000 0.483213
0 0 0.631467 0.019289 0.000739 0.000000 0.348505
0 0 0.898735 0.005387 0.000077 0.000000 0.095801
0 0 0.964901 0.008288 0.000153 0.000000 0.026658
0 0 0.951036 0.006607 0.000085 0.000000 0.042272
0 0 0.439568 0.134125 0.011500 0.000000 0.414808
0 0 0.909169 0.014129 0.000367 0.000000 0.076335
0 0 0.586296 0.088618 0.102111 0.000553 0.222422
0 0 0.974424 0.012973 0.000221 0.000000 0.012382
0 0 0.774137 0.016663 0.000498 0.000000 0.208702
0 0 0.990954 0.003187 0.003806 0.000014 0.002038
0 0 0.989545 0.003638 0.000120 0.000000 0.006696
0 0 0.912217 0.040379 0.002637 0.000008 0.044758
0 0 0.856525 0.082735 0.004570 0.000001 0.056169
0 0 0.958183 0.013093 0.000231 0.000000 0.028493
0 0 0.989287 0.002797 0.000024 0.000000 0.007892
0 0 0.870921 0.021057 0.000683 0.000002 0.107337
0 0 0.526825 0.234051 0.018201 0.000000 0.220923
0 0 0.534529 0.185371 0.017918 0.000000 0.262183
4 1 0.142856 0.279630 0.055453 0.000000 0.522060
4 1 0.123290 0.267860 0.065996 0.000001 0.542854
4 1 0.028597 0.273430 0.165941 0.000151 0.531882
4 1 0.003462 0.128820 0.173432 0.000023 0.694262
1 1 0.026951 0.353971 0.314728 0.000137 0.304213
0 1 0.715170 0.161084 0.015954 0.000011 0.107781
4 1 0.170403 0.108935 0.010199 0.000000 0.710462
4 1 0.036577 0.272328 0.120635 0.000000 0.570459
4 1 0.002445 0.178425 0.272996 0.000019 0.546115
2 1 0.001614 0.208942 0.465568 0.000004 0.323872
4 1 0.008181 0.161110 0.106917 0.000000 0.723791
4 1 0.284831 0.086241 0.006745 0.000000 0.622182
0 1 0.473771 0.195130 0.029575 0.000004 0.301520
0 0 0.935031 0.031722 0.001194 0.000001 0.032052
0 0 0.788767 0.174537 0.008003 0.000000 0.028694
1 0 0.304450 0.551647 0.080600 0.000001 0.063302
0 0 0.611529 0.129713 0.036541 0.000171 0.222046
0 1 0.444070 0.282406 0.035436 0.000000 0.238087
1 2 0.154486 0.387362 0.125383 0.000015 0.332754
1 2 0.075336 0.605804 0.211187 0.000001 0.107670
1 2 0.042098 0.401354 0.218055 0.000009 0.338483
2 2 0.002823 0.203005 0.668299 0.000028 0.125845
2 2 0.000836 0.044848 0.850516 0.000231 0.103569
2 2 0.003815 0.103879 0.765388 0.000598 0.126319
4 2 0.003754 0.121012 0.341153 0.000324 0.533756
4 2 0.002484 0.135214 0.247836 0.000028 0.614439
2 2 0.017501 0.280360 0.373219 0.000008 0.328912
2 2 0.003389 0.145186 0.735168 0.000128 0.116128
2 2 0.002682 0.297273 0.480698 0.000002 0.219345
4 2 0.004492 0.228431 0.260212 0.000003 0.506862
1 2 0.230619 0.442882 0.073943 0.000000 0.252557
1 2 0.036920 0.460439 0.329117 0.000095 0.173430
2 2 0.010629 0.188805 0.508192 0.000144 0.292230
2 2 0.003923 0.240387 0.480907 0.000200 0.274583
1 2 0.050677 0.453449 0.312652 0.000007 0.183215
1 2 0.438626 0.480474 0.049800 0.000001 0.031099
2 2 0.004099 0.172307 0.719134 0.001106 0.103354
1 2 0.037023 0.492362 0.271906 0.000003 0.198706
2 2 0.003635 0.307472 0.549471 0.000031 0.139392
2 2 0.020023 0.184565 0.650151 0.000414 0.144847
4 2 0.153577 0.355245 0.080238 0.000000 0.410940
1 2 0.041473 0.393069 0.325780 0.000003 0.239676
1 2 0.158724 0.461285 0.099487 0.000000 0.280504
4 2 0.026544 0.334799 0.214458 0.000001 0.424198
2 2 0.004530 0.017279 0.971199 0.002155 0.004838
2 2 0.016276 0.043551 0.930261 0.000669 0.009243
2 2 0.014656 0.212505 0.458924 0.000056 0.313858
2 2 0.002401 0.016156 0.976054 0.002599 0.002790
2 2 0.051336 0.176407 0.652194 0.000073 0.119991
2 2 0.003120 0.006601 0.985919 0.003792 0.000567
2 2 0.009580 0.149311 0.557742 0.000049 0.283319
2 2 0.002591 0.066038 0.879525 0.000020 0.051826
2 2 0.086909 0.054375 0.805254 0.000039 0.053422
2 2 0.124771 0.050756 0.816206 0.000227 0.008039
0 0 0.469744 0.063498 0.278368 0.167451 0.020938
1 0 0.233033 0.330475 0.125689 0.000073 0.310730
0 0 0.641782 0.129065 0.016875 0.000001 0.212277
4 0 0.157952 0.264387 0.065893 0.000019 0.511748
4 1 0.074437 0.227116 0.066166 0.000000 0.632281
0 1 0.471312 0.242344 0.018215 0.000000 0.268128
2 1 0.012449 0.152103 0.623027 0.000832 0.211589
4 1 0.048051 0.152808 0.051850 0.000001 0.747291
2 2 0.004132 0.169784 0.714047 0.000103 0.111934
4 2 0.066555 0.319327 0.108937 0.000000 0.505180
2 2 0.001278 0.135869 0.825407 0.000055 0.037392
2 2 0.001987 0.081129 0.884275 0.000071 0.032538
2 2 0.004569 0.057540 0.910014 0.000025 0.027852
2 2 0.018625 0.104050 0.731254 0.000037 0.146035
1 2 0.250716 0.483799 0.095104 0.000001 0.170379
0 0 0.501452 0.253499 0.199882 0.003518 0.041649
0 0 0.508488 0.370163 0.040265 0.000001 0.081083
0 1 0.636184 0.227177 0.018574 0.000001 0.118065
1 1 0.030097 0.386381 0.216717 0.000001 0.366803
2 1 0.006977 0.310553 0.575883 0.000399 0.106188
0 1 0.643869 0.252232 0.039764 0.000087 0.064048
0 1 0.471603 0.438242 0.045043 0.000000 0.045112
2 1 0.005421 0.308051 0.467242 0.000018 0.219268
2 2 0.000555 0.032556 0.956065 0.000103 0.010721
2 2 0.001607 0.058378 0.918397 0.000110 0.021508
2 2 0.000067 0.001207 0.996908 0.001778 0.000040
2 2 0.000960 0.061160 0.906885 0.000070 0.030924
2 2 0.002098 0.007277 0.989264 0.000477 0.000884
2 2 0.001714 0.011662 0.981869 0.000416 0.004339
2 2 0.000431 0.002466 0.996096 0.000449 0.000559
2 2 0.015959 0.084327 0.840500 0.000087 0.059128
2 2 0.001608 0.003598 0.987370 0.006961 0.000462
2 2 0.000262 0.000639 0.991118 0.007948 0.000033
2 2 0.012638 0.020835 0.959487 0.000544 0.006496
2 2 0.052385 0.034936 0.881339 0.003801 0.027540
2 2 0.004290 0.065182 0.889898 0.003315 0.037315
2 2 0.000836 0.001021 0.976942 0.021139 0.000062
2 2 0.007992 0.130983 0.830629 0.000364 0.030031
4 2 0.201258 0.263956 0.063949 0.000003 0.470834
2 1 0.170700 0.304297 0.439753 0.001412 0.083839
0 1 0.477325 0.339738 0.036510 0.000000 0.146426
4 1 0.208820 0.245512 0.030254 0.000000 0.515414
4 1 0.043229 0.286215 0.103819 0.000000 0.566737
2 2 0.008402 0.328282 0.374311 0.000004 0.289002
4 2 0.021395 0.219242 0.137317 0.000001 0.622045
1 2 0.071875 0.428035 0.148445 0.000001 0.351645
1 2 0.013338 0.367107 0.325388 0.000003 0.294164
4 2 0.038709 0.262968 0.102862 0.000000 0.595461
0 2 0.535955 0.269444 0.139018 0.002003 0.053580
0 2 0.519103 0.338054 0.029968 0.000000 0.112875
0 2 0.650867 0.190157 0.015075 0.000000 0.143901
2 2 0.002159 0.055234 0.928246 0.001204 0.013157
2 2 0.005567 0.157142 0.732898 0.000259 0.104134
2 2 0.016221 0.093157 0.862257 0.001310 0.027056
2 2 0.000552 0.020349 0.974056 0.000776 0.004268
2 2 0.000100 0.003630 0.994942 0.000738 0.000590
2 2 0.011902 0.019530 0.960511 0.000029 0.008028
2 2 0.002803 0.003992 0.981977 0.010958 0.000269
2 2 0.015123 0.048011 0.920628 0.000824 0.015414
2 2 0.109744 0.212069 0.651600 0.000530 0.026056
