2 2 0.004582 0.145938 0.831418 0.000679 0.017384
2 2 0.005954 0.062475 0.901347 0.028616 0.001609
2 4 0.068958 0.365507 0.407729 0.000016 0.157790
0 4 0.749383 0.077709 0.028540 0.000482 0.143886
0 4 0.459154 0.140755 0.120976 0.000343 0.278772
0 4 0.778348 0.020316 0.010100 0.000031 0.191205
2 4 0.093190 0.391039 0.452600 0.001794 0.061376
4 4 0.120486 0.303481 0.085594 0.000029 0.490411
4 4 0.146128 0.176505 0.058662 0.000058 0.618647
4 4 0.306994 0.038148 0.017242 0.000076 0.637540
2 4 0.070951 0.175820 0.624693 0.006789 0.121748
0 4 0.476508 0.345610 0.080844 0.000117 0.096921
0 4 0.669366 0.126308 0.022611 0.000017 0.181697
4 4 0.138777 0.370272 0.095322 0.000002 0.395628
0 4 0.431854 0.288709 0.065999 0.000022 0.213417
1 4 0.175315 0.501653 0.136435 0.000015 0.186582
4 4 0.206035 0.215687 0.038675 0.000006 0.539597
4 4 0.261836 0.249113 0.044045 0.000028 0.444978
0 4 0.517161 0.195547 0.043787 0.000315 0.243189
0 4 0.444155 0.361488 0.121234 0.000549 0.072573
1 4 0.180846 0.490655 0.146524 0.000126 0.181849
4 4 0.424574 0.074060 0.046930 0.001437 0.453000
4 4 0.228173 0.070405 0.025843 0.000181 0.675397
0 4 0.575725 0.174813 0.046971 0.000420 0.202072
1 4 0.324637 0.548027 0.110219 0.000088 0.017030
0 4 0.497917 0.414965 0.059205 0.000027 0.027886
0 4 0.664839 0.080107 0.021215 0.000041 0.233798
0 4 0.793301 0.160555 0.034970 0.000084 0.011090
1 4 0.025252 0.473748 0.407867 0.000381 0.092751
2 4 0.040674 0.463977 0.466269 0.002411 0.026669
2 4 0.033308 0.144249 0.796618 0.004531 0.021293
2 4 0.035222 0.336108 0.548839 0.001575 0.078256
2 2 0.002332 0.054227 0.900739 0.027480 0.015222
2 2 0.110861 0.219083 0.646260 0.000767 0.023028
2 2 0.000536 0.035944 0.952035 0.009146 0.002338
2 2 0.001241 0.039148 0.941734 0.010620 0.007257
2 2 0.002462 0.046937 0.927183 0.021348 0.002070
2 2 0.000878 0.019530 0.969260 0.006187 0.004145
2 2 0.031428 0.119910 0.743854 0.030342 0.074465
2 2 0.007982 0.072714 0.903521 0.011016 0.004766
2 3 0.001356 0.014963 0.953037 0.030360 0.000285
2 3 0.015911 0.075340 0.764978 0.114520 0.029250
2 3 0.001199 0.043995 0.716991 0.234634 0.003181
2 3 0.001944 0.026740 0.518906 0.449693 0.002717
2 3 0.000039 0.001380 0.940061 0.057932 0.000588
2 3 0.000457 0.014346 0.899118 0.083466 0.002613
3 3 0.003206 0.024998 0.303301 0.663440 0.005056
2 3 0.007934 0.045016 0.646082 0.278159 0.022810
2 3 0.006270 0.042651 0.726429 0.200158 0.024491
2 3 0.000254 0.012330 0.562171 0.424298 0.000946
2 3 0.000019 0.002594 0.699890 0.297364 0.000134
3 3 0.000153 0.002933 0.323051 0.673128 0.000735
3 3 0.011043 0.056411 0.350472 0.559254 0.022821
3 3 0.002157 0.005594 0.285699 0.704782 0.001768
3 3 0.000931 0.013126 0.308663 0.675184 0.002097
3 3 0.000338 0.005336 0.357815 0.635898 0.000613
3 3 0.001389 0.003703 0.134931 0.859021 0.000955
3 3 0.000162 0.002783 0.196223 0.800006 0.000826
3 3 0.000131 0.003913 0.343806 0.651854 0.000296
3 3 0.011326 0.011420 0.079088 0.887962 0.010204
3 3 0.033214 0.028757 0.380997 0.543657 0.013375
3 3 0.001469 0.007891 0.081337 0.904552 0.004751
3 3 0.000094 0.001392 0.116553 0.881371 0.000589
3 3 0.002946 0.009291 0.401508 0.582800 0.003455
2 3 0.000324 0.009262 0.638434 0.350972 0.001008
3 3 0.005673 0.010639 0.090456 0.888532 0.004700
3 3 0.000218 0.000799 0.031927 0.966707 0.000348
3 3 0.005942 0.019975 0.190011 0.772151 0.011922
3 3 0.000568 0.002011 0.043516 0.951583 0.002322
3 3 0.000580 0.005438 0.082298 0.908933 0.002751
2 3 0.041151 0.152435 0.399286 0.115746 0.291382
3 3 0.000803 0.004057 0.193879 0.799268 0.001993
3 3 0.001722 0.010941 0.322331 0.659809 0.005198
3 3 0.000614 0.001187 0.020105 0.977029 0.001065
3 3 0.000190 0.001119 0.035028 0.963168 0.000495
3 3 0.000916 0.005746 0.148844 0.840594 0.003900
3 3 0.000678 0.001289 0.018634 0.978370 0.001030
3 3 0.001068 0.004687 0.055093 0.937186 0.001966
3 3 0.001046 0.005084 0.060233 0.930972 0.002665
3 3 0.001210 0.002767 0.069496 0.924340 0.002188
3 3 0.001434 0.000718 0.020772 0.976623 0.000453
3 3 0.004857 0.005276 0.055612 0.931238 0.003016
3 3 0.000445 0.001210 0.039217 0.958176 0.000952
3 3 0.000390 0.002669 0.093406 0.901179 0.002357
3 3 0.000012 0.000432 0.064732 0.934655 0.000169
3 3 0.010265 0.012415 0.122870 0.843155 0.011294
3 3 0.011000 0.026193 0.391703 0.543582 0.027522
3 3 0.025850 0.036937 0.447424 0.474630 0.015159
3 3 0.003971 0.010409 0.124018 0.857236 0.004366
3 3 0.004286 0.003462 0.061479 0.927073 0.003700
3 3 0.001160 0.001805 0.029257 0.965459 0.002319
3 3 0.011580 0.047893 0.279183 0.579607 0.081738
3 3 0.000019 0.000424 0.105745 0.893429 0.000383
3 3 0.110715 0.099752 0.268051 0.405101 0.116382
3 3 0.024790 0.032671 0.202996 0.693489 0.046054
3 3 0.000992 0.001763 0.045890 0.949877 0.001479
2 3 0.001646 0.015222 0.575606 0.402956 0.004570
3 3 0.011661 0.030438 0.203081 0.726031 0.028790
0 0 0.548175 0.081440 0.221511 0.092724 0.056150
0 1 0.773217 0.044300 0.044614 0.004373 0.133496
0 2 0.929176 0.019435 0.012966 0.000030 0.038392
0 0 0.998294 0.000425 0.000514 0.000022 0.000745
0 0 0.995205 0.002770 0.001432 0.000046 0.000548
1 0 0.150741 0.611338 0.201165 0.000301 0.036455
0 0 0.487341 0.209268 0.140987 0.000240 0.162165
1 0 0.240190 0.394134 0.311299 0.003185 0.051191
2 0 0.031562 0.267069 0.637061 0.006877 0.057431
1 1 0.244197 0.483618 0.167474 0.005635 0.099075
2 1 0.056036 0.236209 0.679473 0.018009 0.010273
1 1 0.265153 0.417915 0.245252 0.015332 0.056349
2 1 0.005797 0.122163 0.830501 0.030401 0.011139
2 1 0.006538 0.129018 0.824770 0.011181 0.028493
2 1 0.061533 0.242858 0.551108 0.104582 0.039919
1 2 0.153044 0.442115 0.339637 0.003288 0.061915
2 2 0.064373 0.234840 0.663792 0.022699 0.014296
2 2 0.000506 0.051768 0.940952 0.001734 0.005040
2 2 0.034106 0.273856 0.630150 0.004493 0.057395
2 2 0.232901 0.300999 0.395815 0.000492 0.069792
1 2 0.302826 0.427690 0.244508 0.000344 0.024633
2 2 0.030525 0.397072 0.530637 0.002105 0.039660
2 1 0.078086 0.210487 0.681411 0.018251 0.011765
2 2 0.008176 0.121355 0.848075 0.014819 0.007576
2 2 0.000290 0.058413 0.937363 0.000754 0.003180
2 2 0.007410 0.048856 0.918997 0.018579 0.006157
2 2 0.001929 0.057015 0.917075 0.022602 0.001379
2 2 0.006268 0.107313 0.876126 0.002838 0.007455
2 2 0.013042 0.142336 0.814258 0.024669 0.005695
2 2 0.004158 0.094742 0.896442 0.003591 0.001067
2 2 0.040381 0.264330 0.669107 0.000724 0.025458
2 2 0.006653 0.082242 0.876217 0.029294 0.005595
2 2 0.121883 0.252730 0.569588 0.011987 0.043812
2 1 0.042232 0.271601 0.618818 0.004957 0.062393
0 2 0.526024 0.086071 0.318853 0.004191 0.064860
2 2 0.048958 0.450517 0.454177 0.002098 0.044251
2 2 0.053936 0.226756 0.654703 0.006147 0.058458
2 2 0.002600 0.044926 0.949572 0.002631 0.000270
2 2 0.000790 0.038034 0.954464 0.005815 0.000898
2 2 0.008114 0.154625 0.823761 0.007735 0.005766
2 2 0.006018 0.085941 0.888647 0.014998 0.004397
2 2 0.019661 0.106474 0.846420 0.024102 0.003343
2 2 0.069540 0.272310 0.591486 0.013555 0.053109
2 2 0.012959 0.112911 0.843702 0.024380 0.006048
2 2 0.010492 0.071660 0.889108 0.026025 0.002714
2 2 0.004360 0.071900 0.910075 0.012314 0.001352
2 2 0.002307 0.059038 0.917889 0.019581 0.001185
2 2 0.000746 0.023556 0.944845 0.030191 0.000662
2 2 0.008257 0.141362 0.836781 0.009817 0.003784
2 2 0.009129 0.100206 0.855825 0.029465 0.005375
2 2 0.009883 0.112012 0.864619 0.010984 0.002502
2 2 0.074436 0.182560 0.676345 0.051323 0.015336
2 2 0.015478 0.124467 0.817276 0.029620 0.013159
0 2 0.557899 0.226613 0.141669 0.003881 0.069937
2 2 0.016998 0.172546 0.793610 0.001856 0.014990
1 2 0.100350 0.344786 0.336726 0.000368 0.217770
0 2 0.389680 0.301209 0.178899 0.003602 0.126611
0 2 0.404155 0.231172 0.311623 0.001546 0.051505
2 2 0.026307 0.388309 0.569085 0.003475 0.012824
0 2 0.579135 0.271160 0.126057 0.001501 0.022147
0 1 0.421113 0.307844 0.254460 0.001706 0.014878
1 1 0.249132 0.535497 0.126282 0.000038 0.089051
1 1 0.148076 0.594012 0.206332 0.001146 0.050434
1 1 0.087020 0.514052 0.302807 0.000183 0.095938
1 1 0.175916 0.564551 0.187115 0.000753 0.071665
1 0 0.355630 0.392371 0.207358 0.004893 0.039749
0 1 0.494578 0.362971 0.082933 0.000426 0.059093
2 1 0.018941 0.384633 0.559772 0.001086 0.035568
1 1 0.079193 0.536565 0.360434 0.000080 0.023727
1 1 0.215362 0.538491 0.150176 0.000603 0.095367
1 1 0.385689 0.493450 0.089656 0.000093 0.031112
1 1 0.382324 0.411713 0.088599 0.000039 0.117324
0 1 0.446412 0.312810 0.216935 0.002971 0.020872
0 1 0.781439 0.172719 0.028165 0.000124 0.017552
2 0 0.238552 0.306944 0.390383 0.023258 0.040863
0 1 0.844793 0.095058 0.019822 0.000107 0.040219
1 1 0.203102 0.597898 0.169066 0.000433 0.029501
0 1 0.452376 0.334859 0.059298 0.000080 0.153387
1 1 0.260448 0.558173 0.140897 0.000919 0.039563
1 1 0.227184 0.487621 0.262536 0.001088 0.021572
1 1 0.311107 0.429549 0.133684 0.001575 0.124086
0 1 0.458243 0.444835 0.071302 0.000126 0.025494
2 2 0.081814 0.310723 0.577934 0.012387 0.017142
2 2 0.019784 0.180747 0.781420 0.012785 0.005263
0 2 0.755035 0.174187 0.044286 0.000189 0.026303
0 1 0.380395 0.367358 0.091191 0.000165 0.160891
4 1 0.332575 0.252966 0.041382 0.000093 0.372983
0 1 0.697154 0.184921 0.031260 0.000082 0.086584
1 1 0.306619 0.465125 0.141962 0.001575 0.084719
1 1 0.240910 0.503262 0.182822 0.000845 0.072161
1 1 0.446379 0.461297 0.069211 0.000008 0.023104
1 1 0.107878 0.562259 0.271962 0.004836 0.053065
0 2 0.744040 0.132056 0.031671 0.000066 0.092167
1 2 0.222865 0.463559 0.260086 0.006469 0.047021
2 2 0.061640 0.236211 0.681560 0.010915 0.009674
2 2 0.000057 0.010249 0.984538 0.005080 0.000077
2 2 0.073988 0.419488 0.465497 0.001695 0.039331
1 2 0.291904 0.502002 0.118240 0.000887 0.086967
2 2 0.007532 0.185020 0.766168 0.015579 0.025701
0 1 0.606372 0.323581 0.041884 0.000056 0.028107
2 2 0.014910 0.325333 0.641004 0.002603 0.016150
2 2 0.047961 0.208009 0.716552 0.018128 0.009350
0 2 0.590686 0.245590 0.136020 0.001884 0.025820
0 0 0.983930 0.009413 0.002269 0.000002 0.004386
0 0 0.784652 0.140048 0.026487 0.000104 0.048709
1 1 0.215024 0.499489 0.158445 0.000048 0.126994
1 1 0.291352 0.448536 0.094004 0.000047 0.166061
0 1 0.461849 0.324104 0.197917 0.000408 0.015722
1 1 0.067238 0.428133 0.382934 0.003289 0.118408
0 1 0.939585 0.028524 0.008017 0.000011 0.023863
1 1 0.121143 0.571454 0.213392 0.000401 0.093609
1 2 0.230959 0.388142 0.114179 0.000037 0.266682
2 2 0.154584 0.195053 0.601179 0.009392 0.039791
2 2 0.000646 0.008930 0.978618 0.011429 0.000377
2 2 0.000032 0.002964 0.993536 0.003420 0.000048
2 2 0.000684 0.007246 0.922026 0.069505 0.000539
2 2 0.000644 0.009356 0.950547 0.039209 0.000243
2 2 0.000503 0.045245 0.946103 0.004381 0.003769
2 2 0.009650 0.057529 0.923525 0.005220 0.004076
2 2 0.006074 0.036769 0.938567 0.012131 0.006459
2 4 0.025237 0.158009 0.783032 0.001360 0.032363
2 4 0.052075 0.364478 0.470002 0.000025 0.113420
2 4 0.024456 0.356413 0.507104 0.000013 0.112013
0 4 0.709415 0.027958 0.011904 0.000026 0.250697
1 4 0.310831 0.395369 0.069326 0.000002 0.224473
0 4 0.694080 0.075010 0.024591 0.000149 0.206169
0 4 0.746538 0.085549 0.020622 0.000046 0.147245
0 4 0.717438 0.047537 0.018483 0.000093 0.216449
0 4 0.851455 0.017774 0.006344 0.000004 0.124424
4 4 0.273058 0.248111 0.071398 0.000059 0.407374
0 4 0.783921 0.013197 0.011677 0.000291 0.190914
4 4 0.490885 0.006289 0.009043 0.000297 0.493486
4 4 0.450291 0.066381 0.026962 0.000231 0.456134
0 4 0.535248 0.281124 0.144145 0.002321 0.037162
0 4 0.728188 0.150507 0.032002 0.000024 0.089279
4 4 0.261423 0.187430 0.103185 0.000094 0.447869
0 4 0.390835 0.256598 0.191370 0.000043 0.161154
1 4 0.164050 0.404089 0.113681 0.000119 0.318060
1 4 0.109499 0.418480 0.414226 0.000259 0.057536
1 4 0.244729 0.415149 0.245605 0.000541 0.093976
2 4 0.015785 0.297802 0.581216 0.007159 0.098039
2 4 0.015642 0.317977 0.605525 0.000967 0.059889
1 4 0.044474 0.515074 0.337495 0.000135 0.102823
2 2 0.003908 0.172101 0.814209 0.001492 0.008290
1 2 0.124017 0.516847 0.264298 0.001207 0.093632
2 2 0.000017 0.002964 0.995933 0.000837 0.000249
2 2 0.000682 0.028878 0.966160 0.003262 0.001018
2 2 0.003157 0.051166 0.942450 0.001075 0.002152
2 2 0.000057 0.007884 0.990687 0.001235 0.000137
2 2 0.000866 0.098289 0.898536 0.001058 0.001250
1 0 0.072065 0.559373 0.275715 0.000879 0.091967
0 0 0.554075 0.275567 0.072922 0.000314 0.097121
1 1 0.134186 0.424906 0.134705 0.000126 0.306077
1 1 0.145306 0.454913 0.221876 0.000431 0.177474
1 1 0.149560 0.512183 0.164683 0.000184 0.173390
2 1 0.155899 0.372887 0.448322 0.003289 0.019602
0 1 0.889996 0.082931 0.013318 0.000015 0.013741
0 0 0.594297 0.277506 0.064169 0.000391 0.063637
1 1 0.149257 0.419218 0.230147 0.000470 0.200908
1 1 0.326822 0.419695 0.081174 0.000050 0.172258
0 1 0.580598 0.278826 0.069226 0.000034 0.071315
1 1 0.132056 0.501050 0.171018 0.000047 0.195828
1 1 0.208491 0.566025 0.146743 0.000028 0.078713
2 1 0.042499 0.442607 0.498245 0.000306 0.016343
1 2 0.110194 0.470613 0.398845 0.001752 0.018597
2 1 0.034468 0.322461 0.593981 0.004431 0.044660
2 1 0.011026 0.343591 0.625597 0.000237 0.019549
2 1 0.031822 0.434562 0.498303 0.000350 0.034963
2 2 0.061731 0.330969 0.600112 0.000989 0.006200
1 2 0.414755 0.467604 0.091495 0.000092 0.026055
2 2 0.040042 0.176806 0.755927 0.020202 0.007023
2 2 0.000284 0.009690 0.985281 0.004544 0.000201
2 2 0.000766 0.019445 0.977470 0.002228 0.000091
2 2 0.008036 0.231673 0.748676 0.003217 0.008398
2 2 0.004920 0.236637 0.748473 0.000285 0.009685
2 2 0.009028 0.257201 0.729007 0.001264 0.003499
2 2 0.000975 0.089842 0.900304 0.001081 0.007798
2 2 0.003500 0.054437 0.939608 0.001738 0.000718
2 2 0.002771 0.175480 0.819360 0.000511 0.001878
2 1 0.084216 0.429401 0.451447 0.000390 0.034546
2 2 0.001314 0.074850 0.920204 0.001287 0.002345
2 2 0.009040 0.170545 0.817120 0.001324 0.001970
2 2 0.000032 0.003083 0.962795 0.034063 0.000028
2 2 0.000219 0.013504 0.980497 0.005649 0.000131
2 2 0.000402 0.034596 0.962052 0.002672 0.000278
2 2 0.000005 0.000518 0.825252 0.174218 0.000006
2 2 0.000122 0.014360 0.983856 0.001605 0.000056
2 2 0.000052 0.015990 0.979376 0.004471 0.000111
2 2 0.083256 0.129781 0.736577 0.043453 0.006933
2 1 0.013332 0.295217 0.684586 0.001749 0.005117
2 1 0.006062 0.187185 0.773686 0.000185 0.032882
2 2 0.005030 0.055095 0.935612 0.003671 0.000592
2 2 0.010262 0.142684 0.836815 0.003569 0.006670
2 2 0.001407 0.070897 0.924729 0.001600 0.001365
2 2 0.000366 0.036143 0.959354 0.002814 0.001324
2 2 0.000017 0.001657 0.997166 0.001149 0.000011
2 2 0.000251 0.018545 0.977573 0.001040 0.002590
2 2 0.018167 0.080983 0.892542 0.007048 0.001260
2 2 0.000067 0.011904 0.987803 0.000131 0.000095
2 2 0.014128 0.132204 0.832203 0.008072 0.013393
2 2 0.000737 0.038650 0.948554 0.011492 0.000567
2 2 0.000460 0.006482 0.983843 0.009146 0.000070
2 2 0.000035 0.007873 0.990515 0.001476 0.000100
2 2 0.000186 0.002896 0.832033 0.164777 0.000108
2 2 0.000358 0.013190 0.964066 0.022228 0.000157
2 2 0.004656 0.062519 0.911105 0.019747 0.001972
2 2 0.001155 0.030265 0.907347 0.060345 0.000887
2 2 0.002048 0.040771 0.936873 0.019586 0.000721
2 2 0.000998 0.015662 0.960024 0.023105 0.000211
2 2 0.005675 0.014026 0.863636 0.116256 0.000408
2 2 0.000383 0.026702 0.961430 0.011149 0.000337
2 2 0.002180 0.020768 0.953242 0.023463 0.000347
2 2 0.000014 0.001692 0.957381 0.040897 0.000015
2 2 0.011142 0.074392 0.873438 0.037339 0.003689
2 2 0.001591 0.049358 0.934193 0.014013 0.000846
2 2 0.005491 0.097615 0.836403 0.055854 0.004637
2 2 0.003244 0.073731 0.913121 0.006155 0.003749
2 2 0.000062 0.002084 0.822870 0.174935 0.000049
2 2 0.023089 0.057530 0.806534 0.109847 0.002999
2 2 0.001904 0.034683 0.936448 0.026256 0.000709
2 2 0.000391 0.006758 0.953603 0.039160 0.000088
2 3 0.000206 0.002688 0.518632 0.478156 0.000318
2 2 0.000862 0.020095 0.949865 0.028835 0.000343
2 2 0.001360 0.023320 0.563585 0.409719 0.002016
2 2 0.000525 0.005766 0.781937 0.211624 0.000147
2 2 0.008775 0.020650 0.846776 0.122959 0.000840
2 3 0.003876 0.051957 0.799524 0.141616 0.003027
2 2 0.002647 0.099652 0.785329 0.105904 0.006467
2 3 0.000618 0.009835 0.739023 0.250021 0.000503
2 2 0.031245 0.102918 0.827556 0.009632 0.028648
2 3 0.014284 0.050079 0.664842 0.241022 0.029773
2 3 0.000541 0.015994 0.661388 0.320977 0.001100
2 2 0.001202 0.021940 0.938443 0.037979 0.000436
2 2 0.017014 0.119630 0.826409 0.029912 0.007034
3 2 0.001914 0.020102 0.472950 0.502691 0.002343
0 2 0.590280 0.122707 0.229736 0.039332 0.017945
1 0 0.357865 0.425536 0.152001 0.000357 0.064241
1 1 0.146306 0.540430 0.277594 0.002967 0.032703
2 2 0.072436 0.263803 0.655032 0.002918 0.005811
0 1 0.779291 0.104655 0.027156 0.000241 0.088657
1 1 0.110178 0.475760 0.381004 0.001066 0.031992
0 1 0.771190 0.196018 0.024810 0.000044 0.007937
0 1 0.641370 0.156914 0.025460 0.000011 0.176245
0 1 0.565031 0.309137 0.074418 0.000480 0.050934
2 1 0.018015 0.352371 0.611554 0.001179 0.016881
2 1 0.104235 0.374793 0.510046 0.002277 0.008649
1 1 0.248357 0.384945 0.085635 0.000004 0.281059
0 1 0.457203 0.381965 0.059252 0.000057 0.101523
4 1 0.161972 0.155483 0.046898 0.000072 0.635575
1 1 0.225459 0.595863 0.150674 0.000077 0.027927
0 1 0.748622 0.161514 0.028668 0.000055 0.061141
0 0 0.960445 0.031425 0.000647 0.000000 0.007483
0 1 0.771404 0.120945 0.026566 0.000152 0.080933
0 1 0.735388 0.183089 0.023586 0.000031 0.057906
0 1 0.542114 0.352165 0.073055 0.000085 0.032580
0 0 0.730211 0.099693 0.022723 0.000054 0.147318
0 0 0.978660 0.010761 0.004989 0.000146 0.005445
0 0 0.928162 0.044166 0.011444 0.000034 0.016194
0 0 0.618804 0.300226 0.033383 0.000011 0.047576
0 0 0.908284 0.069809 0.009012 0.000001 0.012895
0 0 0.655340 0.235485 0.088525 0.000042 0.020608
0 0 0.850663 0.099101 0.022080 0.000013 0.028142
0 0 0.576640 0.327654 0.076325 0.000028 0.019352
0 0 0.992675 0.003455 0.001185 0.000001 0.002683
0 0 0.977980 0.011234 0.003882 0.000020 0.006884
0 0 0.973071 0.026478 0.000427 0.000000 0.000023
0 0 0.538350 0.396506 0.052384 0.000039 0.012721
0 0 0.813512 0.146560 0.030911 0.000028 0.008988
0 0 0.817541 0.139574 0.027953 0.000034 0.014899
0 0 0.595206 0.284500 0.055976 0.000055 0.064263
0 0 0.693701 0.225195 0.051391 0.000303 0.029411
1 0 0.191184 0.532817 0.177766 0.000494 0.097739
0 1 0.411297 0.285372 0.253466 0.000163 0.049702
0 1 0.494462 0.301521 0.084777 0.000031 0.119208
1 1 0.086068 0.566794 0.318962 0.000404 0.027772
2 1 0.039163 0.464762 0.470715 0.001332 0.024029
2 1 0.019638 0.401633 0.558861 0.000996 0.018873
2 2 0.006882 0.144299 0.830539 0.013762 0.004518
2 2 0.001002 0.031877 0.948637 0.017930 0.000555
2 2 0.000456 0.017917 0.979565 0.001970 0.000092
2 2 0.005637 0.303298 0.674606 0.000092 0.016367
2 2 0.000028 0.006232 0.991155 0.002565 0.000020
1 2 0.079268 0.552546 0.350712 0.000672 0.016802
2 2 0.000058 0.010181 0.980936 0.008739 0.000086
2 2 0.018696 0.259937 0.709698 0.003058 0.008611
2 2 0.002514 0.117883 0.878297 0.000602 0.000704
2 2 0.000167 0.037479 0.955158 0.006689 0.000507
1 1 0.421790 0.432593 0.091311 0.000207 0.054098
2 2 0.019274 0.186628 0.790281 0.000986 0.002831
2 2 0.000001 0.000484 0.997717 0.001797 0.000001
2 1 0.001709 0.059266 0.935922 0.002327 0.000776
1 1 0.073270 0.538627 0.348232 0.000083 0.039789
1 1 0.056224 0.516276 0.400530 0.002316 0.024654
0 1 0.362976 0.292912 0.051786 0.000012 0.292314
1 1 0.156581 0.478825 0.161332 0.000093 0.203168
2 1 0.011342 0.332739 0.618881 0.001046 0.035993
2 2 0.000432 0.011271 0.921183 0.066386 0.000728
2 2 0.000028 0.004053 0.994490 0.001279 0.000151
2 2 0.000038 0.003135 0.994781 0.001959 0.000088
2 2 0.002077 0.124433 0.850785 0.000420 0.022284
2 2 0.003361 0.157740 0.827265 0.000244 0.011390
2 2 0.000001 0.000726 0.998271 0.000999 0.000003
2 2 0.000092 0.017104 0.981229 0.000973 0.000602
2 2 0.000004 0.007330 0.991954 0.000642 0.000071
2 2 0.002322 0.071871 0.920302 0.004538 0.000968
2 2 0.005252 0.115260 0.871261 0.005131 0.003096
2 2 0.000007 0.001401 0.987537 0.011051 0.000005
2 2 0.000288 0.018391 0.974081 0.007080 0.000160
2 2 0.000004 0.000554 0.792447 0.206986 0.000009
2 2 0.000089 0.032464 0.965180 0.001591 0.000677
2 2 0.000192 0.022623 0.952900 0.023308 0.000977
2 2 0.001172 0.040371 0.950374 0.006757 0.001327
2 2 0.000194 0.003498 0.965789 0.030483 0.000037
2 2 0.000176 0.012193 0.965605 0.021841 0.000185
2 2 0.000043 0.007883 0.952680 0.039288 0.000105
2 2 0.000020 0.002081 0.971715 0.026132 0.000051
2 2 0.000264 0.019466 0.977762 0.002314 0.000193
2 2 0.001186 0.059520 0.926347 0.011885 0.001062
2 2 0.000004 0.002259 0.994211 0.003520 0.000006
2 2 0.001646 0.035778 0.775348 0.184793 0.002434
2 2 0.000011 0.003673 0.985973 0.010312 0.000030
2 2 0.001821 0.022034 0.855328 0.120090 0.000727
2 2 0.000278 0.021460 0.939174 0.038539 0.000549
2 2 0.001896 0.031631 0.795291 0.169368 0.001813
2 2 0.000050 0.016505 0.887528 0.095415 0.000503
2 2 0.000060 0.006374 0.884100 0.109242 0.000224
2 2 0.009793 0.059111 0.900387 0.029327 0.001381
2 2 0.000056 0.006132 0.976701 0.017010 0.000102
2 2 0.001764 0.016765 0.960745 0.019968 0.000758
2 3 0.000067 0.005098 0.581356 0.413063 0.000416
2 3 0.000676 0.025509 0.894010 0.078997 0.000808
2 3 0.000597 0.012566 0.842707 0.143693 0.000438
2 3 0.000655 0.036502 0.892167 0.069559 0.001117
2 3 0.001314 0.028280 0.781596 0.187388 0.001422
3 3 0.001426 0.010591 0.412954 0.572928 0.002101
2 3 0.006636 0.052365 0.770396 0.167550 0.003053
3 3 0.000529 0.004438 0.376880 0.617798 0.000354
3 3 0.001080 0.006289 0.317727 0.674026 0.000877
2 3 0.003669 0.023792 0.708552 0.262467 0.001519
2 2 0.000285 0.018068 0.752815 0.228083 0.000750
2 2 0.000145 0.035759 0.949996 0.013469 0.000631
2 2 0.002351 0.051138 0.869967 0.074328 0.002216
2 2 0.029553 0.132473 0.782115 0.047542 0.008318
2 2 0.009256 0.088600 0.884846 0.014871 0.002427
2 2 0.015638 0.236201 0.697579 0.034443 0.016140
2 2 0.010976 0.184541 0.796955 0.003890 0.003637
2 2 0.002827 0.087907 0.877398 0.026439 0.005429
2 2 0.077069 0.421755 0.469248 0.007259 0.024668
1 1 0.087786 0.536901 0.364917 0.000334 0.010063
2 1 0.116888 0.339988 0.527153 0.003936 0.012035
2 2 0.000992 0.113664 0.881491 0.000655 0.003199
2 2 0.000257 0.028268 0.961862 0.009254 0.000359
2 2 0.027438 0.368354 0.581752 0.007365 0.015090
2 2 0.006652 0.085963 0.905055 0.001624 0.000705
2 1 0.021571 0.259255 0.710392 0.002872 0.005910
2 1 0.258916 0.350958 0.360294 0.007587 0.022245
0 1 0.513788 0.396246 0.060181 0.000486 0.029300
1 1 0.429536 0.465695 0.074704 0.000023 0.030042
2 1 0.020459 0.382723 0.556300 0.000176 0.040341
2 2 0.003635 0.190319 0.798287 0.001053 0.006705
2 2 0.012931 0.176315 0.799114 0.000942 0.010698
2 2 0.001969 0.051360 0.943200 0.002413 0.001058
2 2 0.004834 0.237419 0.750431 0.001556 0.005760
2 2 0.000033 0.010488 0.987510 0.001916 0.000053
2 2 0.000189 0.051495 0.943541 0.004052 0.000724
2 2 0.005455 0.077393 0.908605 0.005056 0.003491
2 2 0.000353 0.069254 0.928714 0.001191 0.000488
2 2 0.004754 0.086560 0.902589 0.001802 0.004295
2 2 0.002052 0.164966 0.827806 0.001421 0.003755
2 2 0.000050 0.005743 0.936245 0.057885 0.000077
2 2 0.000000 0.000658 0.987241 0.012098 0.000002
2 2 0.005212 0.125074 0.850301 0.016039 0.003374
2 2 0.000012 0.010708 0.987716 0.001486 0.000079
2 2 0.000001 0.000883 0.992858 0.006254 0.000003
2 2 0.002499 0.151351 0.833353 0.008964 0.003834
2 2 0.000082 0.001951 0.980569 0.017388 0.000010
2 2 0.005599 0.238449 0.746657 0.001859 0.007436
2 2 0.000194 0.014127 0.975778 0.009776 0.000125
2 2 0.002551 0.047246 0.920553 0.028489 0.001161
2 2 0.001420 0.043501 0.933870 0.018748 0.002460
2 2 0.000097 0.012687 0.976247 0.010759 0.000211
2 2 0.000482 0.021342 0.921670 0.055965 0.000541
2 2 0.000787 0.014195 0.956276 0.028166 0.000576
2 2 0.007995 0.091164 0.888672 0.009889 0.002279
2 2 0.000012 0.001561 0.975054 0.023337 0.000035
2 2 0.000774 0.028998 0.879815 0.089281 0.001132
2 2 0.002958 0.090867 0.851094 0.047184 0.007896
2 2 0.001799 0.038987 0.922082 0.036018 0.001115
2 2 0.002180 0.065393 0.889463 0.040277 0.002688
2 2 0.000062 0.010853 0.962803 0.026002 0.000280
2 2 0.004363 0.127544 0.812192 0.021195 0.034706
2 2 0.000019 0.005485 0.986928 0.007533 0.000035
2 2 0.000632 0.014678 0.907795 0.076510 0.000386
2 2 0.000057 0.007349 0.953192 0.039291 0.000111
2 2 0.020564 0.109366 0.826075 0.039633 0.004362
2 2 0.000560 0.028849 0.936874 0.033216 0.000501
2 2 0.004978 0.149468 0.841911 0.001906 0.001737
2 2 0.001326 0.038537 0.838149 0.119902 0.002087
2 2 0.000266 0.012360 0.857739 0.129205 0.000430
2 2 0.000041 0.007004 0.974309 0.018583 0.000063
2 2 0.000025 0.007545 0.986761 0.005633 0.000037
2 2 0.002485 0.080098 0.914963 0.001775 0.000680
2 2 0.000852 0.016603 0.979698 0.002747 0.000101
2 2 0.001633 0.040276 0.905588 0.051271 0.001232
2 2 0.003409 0.070023 0.918410 0.006931 0.001226
2 2 0.000657 0.022818 0.933552 0.042485 0.000488
2 2 0.001050 0.009612 0.889583 0.099456 0.000300
2 2 0.005036 0.057333 0.849307 0.085375 0.002949
2 2 0.001415 0.059518 0.917114 0.020400 0.001553
2 2 0.001129 0.018967 0.896000 0.083281 0.000623
2 2 0.002526 0.137235 0.852631 0.004929 0.002678
2 2 0.000226 0.009489 0.815133 0.174850 0.000303
2 2 0.000720 0.006738 0.974615 0.017865 0.000062
2 2 0.001292 0.023662 0.939666 0.034928 0.000453
2 2 0.002362 0.109337 0.881006 0.005264 0.002031
2 2 0.004440 0.030974 0.791267 0.171889 0.001431
2 2 0.017156 0.066220 0.838144 0.075233 0.003248
2 2 0.000509 0.010722 0.749669 0.238667 0.000432
2 2 0.016059 0.157749 0.789597 0.029215 0.007380
2 2 0.019340 0.059940 0.475495 0.434773 0.010453
2 2 0.001804 0.059330 0.894902 0.041992 0.001973
2 2 0.000894 0.030295 0.810977 0.156303 0.001531
2 2 0.000053 0.005222 0.671542 0.322986 0.000198
2 2 0.004821 0.211595 0.712555 0.053832 0.017197
2 2 0.010442 0.068310 0.832758 0.084460 0.004031
2 2 0.001921 0.029724 0.834616 0.132315 0.001424
3 2 0.012926 0.044752 0.458315 0.476943 0.007064
2 2 0.001212 0.061303 0.923669 0.012552 0.001264
2 2 0.000199 0.006852 0.943951 0.048901 0.000097
2 2 0.000136 0.007297 0.839668 0.152697 0.000203
2 2 0.002462 0.051883 0.895872 0.047894 0.001889
2 2 0.002457 0.074819 0.895214 0.025306 0.002204
2 2 0.004941 0.040945 0.907320 0.045647 0.001147
2 2 0.008493 0.113339 0.774145 0.096914 0.007108
3 3 0.001430 0.023364 0.463795 0.508537 0.002875
2 2 0.002445 0.051983 0.645601 0.294440 0.005533
2 1 0.006343 0.033587 0.789351 0.168947 0.001773
0 2 0.653027 0.070459 0.244543 0.016065 0.015907
0 0 0.504635 0.387978 0.050121 0.000002 0.057264
2 1 0.007127 0.275080 0.704892 0.000695 0.012206
2 1 0.024437 0.378069 0.583084 0.003060 0.011350
2 2 0.026651 0.157244 0.806135 0.006113 0.003857
2 2 0.033349 0.243557 0.695029 0.001041 0.027024
2 2 0.009942 0.074437 0.907085 0.000813 0.007724
2 4 0.003477 0.049054 0.938896 0.001864 0.006709
0 4 0.577060 0.102893 0.029213 0.000106 0.290729
4 4 0.158668 0.303787 0.078580 0.000133 0.458833
1 4 0.217194 0.468440 0.201760 0.000070 0.112535
1 4 0.230301 0.365913 0.078872 0.000019 0.324895
4 4 0.443349 0.046217 0.012943 0.000007 0.497485
4 4 0.415216 0.010162 0.008046 0.000033 0.566544
1 4 0.256137 0.357006 0.085720 0.000547 0.300589
1 4 0.056488 0.529122 0.368886 0.000060 0.045444
0 4 0.506719 0.225725 0.041899 0.000172 0.225486
0 4 0.593078 0.110945 0.025275 0.000045 0.270657
4 4 0.238183 0.054143 0.025394 0.000345 0.681935
0 4 0.665093 0.016789 0.012380 0.000134 0.305603
0 4 0.513088 0.150873 0.030513 0.000056 0.305470
0 4 0.773827 0.030361 0.012369 0.000034 0.183410
0 4 0.464060 0.071893 0.027143 0.000192 0.436712
0 4 0.940870 0.002940 0.002822 0.000016 0.053353
4 4 0.430035 0.047727 0.018306 0.000053 0.503879
0 4 0.781201 0.017309 0.011343 0.000106 0.190040
1 4 0.045681 0.481033 0.281662 0.000028 0.191595
0 4 0.436488 0.360320 0.061181 0.000053 0.141958
1 4 0.290406 0.426026 0.088464 0.000054 0.195050
2 4 0.011602 0.305716 0.468013 0.000190 0.214479
1 4 0.101923 0.401355 0.374889 0.000045 0.121788
0 4 0.460346 0.291039 0.038564 0.000007 0.210044
4 4 0.166463 0.241849 0.049895 0.000004 0.541789
1 4 0.154386 0.456485 0.125395 0.000006 0.263728
2 4 0.105596 0.346886 0.381792 0.000384 0.165342
0 4 0.571104 0.107978 0.039218 0.000754 0.280946
0 4 0.555404 0.206055 0.042040 0.000070 0.196431
0 4 0.794756 0.102280 0.026595 0.000236 0.076133
1 4 0.161304 0.453489 0.133777 0.000122 0.251308
4 4 0.210782 0.281119 0.139905 0.000114 0.368079
0 4 0.504492 0.223422 0.044952 0.000045 0.227089
1 4 0.140871 0.493417 0.135301 0.000001 0.230411
2 4 0.017005 0.331473 0.584429 0.000210 0.066882
1 4 0.101562 0.483840 0.275502 0.000023 0.139073
1 4 0.141374 0.442722 0.121482 0.000002 0.294420
0 4 0.477777 0.399722 0.058157 0.000010 0.064335
1 4 0.243844 0.515311 0.125753 0.000056 0.115035
0 4 0.407016 0.278216 0.043208 0.000109 0.271451
1 4 0.310025 0.453914 0.096743 0.000067 0.139250
0 4 0.627761 0.084380 0.033445 0.000612 0.253802
1 4 0.212287 0.515303 0.140089 0.000264 0.132056
0 4 0.400721 0.324173 0.049332 0.000013 0.225761
1 4 0.122564 0.395283 0.131514 0.000299 0.350341
0 4 0.818433 0.040938 0.012212 0.000018 0.128399
0 4 0.753332 0.013277 0.005414 0.000002 0.227975
0 4 0.482466 0.073647 0.032702 0.000023 0.411162
4 4 0.280646 0.186994 0.044318 0.000187 0.487854
4 4 0.429382 0.013297 0.008132 0.000015 0.549174
0 4 0.705237 0.012201 0.011375 0.000231 0.270956
0 4 0.704238 0.090229 0.051141 0.012616 0.141775
4 4 0.227712 0.045197 0.019246 0.000107 0.707739
4 4 0.050418 0.344859 0.164276 0.000128 0.440319
1 4 0.323222 0.489367 0.142254 0.000005 0.045152
4 4 0.247881 0.304834 0.105059 0.000017 0.342209
4 4 0.036950 0.334877 0.189392 0.000020 0.438761
1 4 0.191132 0.512774 0.133007 0.000011 0.163075
0 4 0.425397 0.296480 0.053657 0.000064 0.224401
0 4 0.549177 0.070486 0.022707 0.000072 0.357557
0 4 0.548642 0.143805 0.028218 0.000014 0.279320
0 4 0.757284 0.051969 0.015409 0.000028 0.175310
4 4 0.339681 0.242284 0.036242 0.000014 0.381778
0 4 0.616978 0.319709 0.043016 0.000148 0.020149
1 4 0.113912 0.559071 0.209749 0.000187 0.117081
4 4 0.115645 0.307092 0.091060 0.000062 0.486141
0 4 0.875250 0.073425 0.014630 0.000038 0.036657
4 4 0.298664 0.294841 0.073022 0.000118 0.333356
0 4 0.972713 0.004438 0.002822 0.000014 0.020013
0 4 0.838731 0.020541 0.017490 0.001485 0.121754
0 4 0.689375 0.190683 0.042530 0.000842 0.076570
0 4 0.855303 0.080031 0.014067 0.000009 0.050589
4 4 0.232091 0.249956 0.042933 0.000002 0.475018
0 4 0.443304 0.119137 0.037194 0.000338 0.400027
0 4 0.403043 0.204750 0.044305 0.000168 0.347734
0 4 0.838255 0.092183 0.026006 0.000554 0.043002
0 4 0.644445 0.189264 0.027759 0.000006 0.138526
1 4 0.211798 0.373961 0.088817 0.000004 0.325420
0 4 0.650265 0.091227 0.024732 0.000078 0.233698
0 4 0.479408 0.088355 0.015199 0.000003 0.417035
4 4 0.324291 0.131283 0.034921 0.000172 0.509332
1 4 0.174369 0.394723 0.115130 0.000055 0.315724
1 4 0.072857 0.423791 0.179511 0.000093 0.323749
2 4 0.039176 0.429349 0.434123 0.000437 0.096914
2 4 0.068795 0.297319 0.516990 0.002824 0.114072
2 4 0.026115 0.423638 0.427117 0.000074 0.123057
4 4 0.211155 0.297043 0.071523 0.000019 0.420260
4 4 0.347297 0.052654 0.021505 0.000112 0.578432
4 4 0.182144 0.203383 0.057954 0.000089 0.556430
2 4 0.033799 0.256521 0.435944 0.002379 0.271357
0 4 0.390358 0.270227 0.058226 0.000086 0.281102
4 4 0.042858 0.367389 0.217498 0.000029 0.372225
1 4 0.058752 0.442644 0.260557 0.000490 0.237557
4 4 0.120709 0.329480 0.100086 0.000111 0.449614
1 4 0.157711 0.408669 0.205394 0.000870 0.227356
1 4 0.097908 0.473397 0.263621 0.000140 0.164934
1 4 0.223068 0.500207 0.128065 0.000113 0.148547
1 4 0.090606 0.575210 0.228242 0.000027 0.105915
1 4 0.041572 0.463820 0.411904 0.000319 0.082384
2 4 0.001734 0.170105 0.817183 0.001446 0.009532
2 4 0.023571 0.443753 0.468272 0.000339 0.064066
1 4 0.176080 0.547351 0.178970 0.000110 0.097488
2 4 0.020890 0.421474 0.499411 0.000318 0.057907
2 4 0.230716 0.335577 0.402437 0.000511 0.030760
1 4 0.207429 0.551087 0.143583 0.000032 0.097869
1 1 0.277912 0.449741 0.170631 0.001374 0.100342
1 1 0.142785 0.475724 0.277224 0.000421 0.103845
1 1 0.035060 0.473895 0.383705 0.000090 0.107250
0 1 0.435411 0.375876 0.115658 0.000477 0.072578
0 1 0.839187 0.124848 0.016261 0.000031 0.019673
0 1 0.611157 0.180997 0.069068 0.001521 0.137257
1 1 0.348584 0.475768 0.109078 0.000070 0.066500
1 1 0.290065 0.501762 0.109263 0.000065 0.098845
0 0 0.619808 0.285664 0.029983 0.000003 0.064543
0 1 0.587932 0.322044 0.036875 0.000005 0.053144
0 1 0.706113 0.186721 0.018178 0.000004 0.088985
0 0 0.833890 0.096367 0.010613 0.000001 0.059129
0 1 0.792978 0.139611 0.008680 0.000000 0.058732
0 1 0.540803 0.322706 0.054197 0.000074 0.082219
0 1 0.853466 0.089122 0.007042 0.000000 0.050370
0 1 0.478143 0.303564 0.052083 0.000062 0.166148
0 1 0.741270 0.176932 0.017229 0.000004 0.064566
0 1 0.412131 0.242045 0.032697 0.000015 0.313113
0 0 0.832525 0.075740 0.016701 0.000036 0.074997
0 0 0.366762 0.285921 0.040421 0.000001 0.306895
1 1 0.167057 0.581209 0.166761 0.000015 0.084959
0 1 0.359196 0.255835 0.047939 0.000028 0.337003
1 1 0.284871 0.370799 0.073055 0.000031 0.271244
0 1 0.624283 0.260050 0.032214 0.000003 0.083449
0 1 0.527176 0.313270 0.042989 0.000013 0.116553
0 1 0.737768 0.190998 0.019853 0.000011 0.051370
0 1 0.742148 0.164667 0.022356 0.000005 0.070824
0 0 0.522539 0.376984 0.063764 0.000106 0.036607
1 0 0.104770 0.540365 0.197798 0.000028 0.157039
0 0 0.814670 0.133229 0.039672 0.000026 0.012403
1 1 0.220741 0.521251 0.145478 0.001107 0.111422
1 1 0.177440 0.415447 0.114699 0.000169 0.292245
1 0 0.260221 0.402607 0.087285 0.000058 0.249829
1 0 0.347200 0.490512 0.093939 0.000040 0.068310
1 0 0.051725 0.570859 0.323695 0.000851 0.052869
1 1 0.154532 0.578933 0.194511 0.000713 0.071311
1 1 0.203784 0.578353 0.182968 0.000098 0.034796
1 1 0.165907 0.593485 0.195016 0.001364 0.044228
1 1 0.124274 0.603520 0.244161 0.000249 0.027796
0 1 0.677122 0.217464 0.054278 0.002360 0.048776
1 1 0.082705 0.550834 0.335400 0.000987 0.030074
1 1 0.052990 0.577407 0.355375 0.000199 0.014029
2 1 0.022248 0.459710 0.497659 0.001585 0.018798
1 1 0.065432 0.550466 0.359589 0.000145 0.024368
1 1 0.085603 0.556206 0.329762 0.000985 0.027445
1 1 0.128136 0.525864 0.199982 0.002697 0.143321
2 1 0.003351 0.252466 0.727534 0.001129 0.015520
2 2 0.003705 0.245591 0.737402 0.000678 0.012624
2 2 0.021010 0.405846 0.554663 0.000049 0.018432
1 1 0.254708 0.463778 0.095895 0.000002 0.185616
1 1 0.306107 0.492598 0.103497 0.000062 0.097735
2 1 0.025495 0.453580 0.461186 0.000960 0.058779
1 1 0.130198 0.552181 0.233481 0.008859 0.075281
1 1 0.136205 0.602365 0.218273 0.001258 0.041900
1 1 0.116480 0.521203 0.335816 0.001823 0.024677
0 0 0.752264 0.183818 0.036961 0.001157 0.025800
0 0 0.784128 0.173197 0.023995 0.000096 0.018584
1 1 0.251398 0.583592 0.141456 0.000174 0.023380
2 1 0.018201 0.430825 0.527664 0.001132 0.022178
1 1 0.045471 0.513867 0.378060 0.001149 0.061454
1 1 0.070666 0.526457 0.322286 0.001113 0.079479
1 1 0.071232 0.567647 0.252210 0.000027 0.108884
1 1 0.027337 0.472222 0.451141 0.001139 0.048160
1 1 0.131329 0.612703 0.232745 0.000356 0.022867
1 1 0.048467 0.541437 0.309447 0.000368 0.100281
1 1 0.054182 0.567249 0.368358 0.000137 0.010074
1 1 0.041757 0.497906 0.444593 0.000481 0.015264
1 1 0.057015 0.539441 0.333789 0.001714 0.068041
2 2 0.012541 0.358067 0.595105 0.000129 0.034158
1 2 0.048603 0.496859 0.437864 0.001166 0.015507
1 1 0.063579 0.591341 0.311446 0.000894 0.032739
2 2 0.006088 0.252334 0.736728 0.001059 0.003790
1 2 0.148764 0.596556 0.217413 0.000419 0.036848
1 1 0.217682 0.584809 0.156496 0.000203 0.040810
1 2 0.236989 0.533597 0.139276 0.000406 0.089732
2 2 0.006337 0.272505 0.717772 0.000392 0.002995
2 2 0.005210 0.215975 0.771897 0.002494 0.004423
2 2 0.001894 0.194205 0.791610 0.000499 0.011791
2 2 0.008721 0.267544 0.715011 0.002176 0.006548
1 0 0.296260 0.388297 0.073628 0.000011 0.241803
1 2 0.095339 0.494247 0.359454 0.000272 0.050688
2 2 0.002818 0.060073 0.928879 0.001461 0.006769
2 2 0.000033 0.001135 0.995173 0.003637 0.000021
2 2 0.013668 0.143983 0.833798 0.000312 0.008238
2 2 0.030450 0.149222 0.783748 0.002393 0.034187
2 2 0.000023 0.008876 0.988565 0.002221 0.000314
2 2 0.004177 0.152032 0.814195 0.000450 0.029147
2 2 0.000077 0.025321 0.972703 0.000194 0.001704
2 2 0.006739 0.172935 0.809653 0.000355 0.010319
2 2 0.004600 0.109261 0.878712 0.000479 0.006948
2 2 0.001071 0.040460 0.956757 0.000081 0.001631
2 2 0.000198 0.013604 0.984697 0.000738 0.000763
2 2 0.000509 0.061694 0.930416 0.000173 0.007207
2 2 0.004921 0.080990 0.906648 0.001066 0.006375
2 2 0.000026 0.013124 0.986449 0.000164 0.000237
2 2 0.000008 0.004991 0.994641 0.000205 0.000155
2 2 0.000434 0.014709 0.981949 0.002160 0.000748
2 2 0.000182 0.037011 0.960538 0.001014 0.001255
2 2 0.000007 0.003566 0.994985 0.001398 0.000044
2 2 0.000004 0.001241 0.990960 0.007776 0.000020
2 2 0.000407 0.047429 0.948711 0.000179 0.003273
2 2 0.000200 0.008904 0.989197 0.001585 0.000113
2 2 0.000009 0.004844 0.982380 0.012569 0.000198
2 2 0.000005 0.000794 0.952297 0.046893 0.000011
2 2 0.000080 0.002452 0.992917 0.004290 0.000261
2 2 0.003170 0.084768 0.905693 0.000872 0.005498
2 2 0.000110 0.017371 0.977672 0.004319 0.000528
2 2 0.000003 0.000661 0.921427 0.077905 0.000004
2 2 0.000016 0.003622 0.986746 0.009546 0.000070
2 2 0.000009 0.001038 0.919743 0.079197 0.000014
2 2 0.000039 0.003654 0.827129 0.168608 0.000571
2 2 0.000026 0.003828 0.993705 0.002359 0.000081
2 2 0.000021 0.006745 0.987716 0.004855 0.000663
2 2 0.000237 0.004150 0.717048 0.278364 0.000201
2 2 0.005597 0.071199 0.914827 0.004327 0.004050
2 2 0.000345 0.013321 0.964057 0.021936 0.000341
2 2 0.000000 0.000234 0.992035 0.007730 0.000001
2 3 0.000088 0.001645 0.790389 0.207758 0.000120
2 3 0.000443 0.020510 0.888918 0.088028 0.002101
2 3 0.000730 0.020308 0.957767 0.019045 0.002150
2 3 0.000824 0.014761 0.672464 0.309318 0.002633
2 3 0.001456 0.021397 0.627168 0.346631 0.003347
2 3 0.000410 0.004546 0.719849 0.274886 0.000309
2 3 0.000040 0.003546 0.843771 0.152354 0.000289
2 3 0.001165 0.028586 0.831046 0.132928 0.006275
2 3 0.000024 0.001752 0.757726 0.240355 0.000143
2 3 0.000693 0.009236 0.711438 0.276510 0.002123
2 3 0.000002 0.000280 0.633415 0.366287 0.000016
2 3 0.026407 0.079958 0.484024 0.394206 0.015404
2 3 0.001127 0.013582 0.694765 0.287977 0.002549
2 3 0.004979 0.024200 0.860526 0.105726 0.004568
2 3 0.002403 0.023449 0.830282 0.135381 0.008485
2 3 0.011110 0.041430 0.549019 0.368799 0.029641
3 3 0.000166 0.004515 0.461016 0.533888 0.000416
3 3 0.000563 0.002770 0.171114 0.824724 0.000829
2 3 0.002319 0.023366 0.481457 0.481321 0.011537
3 3 0.000304 0.009173 0.416086 0.572534 0.001903
2 3 0.000878 0.019696 0.570577 0.405479 0.003370
3 3 0.000004 0.000122 0.045319 0.954522 0.000033
2 3 0.000025 0.002953 0.768461 0.228003 0.000558
3 3 0.000534 0.003622 0.466588 0.528543 0.000713
3 3 0.000006 0.000129 0.100525 0.899315 0.000025
3 3 0.000064 0.002465 0.423467 0.573500 0.000505
2 3 0.016896 0.078782 0.722523 0.175637 0.006162
2 3 0.001262 0.011553 0.588265 0.395454 0.003466
3 3 0.000084 0.001952 0.237042 0.760507 0.000414
2 3 0.000020 0.000967 0.570456 0.428528 0.000029
2 3 0.002253 0.019796 0.569302 0.403897 0.004752
2 3 0.000305 0.009709 0.558534 0.427291 0.004162
3 3 0.000305 0.003292 0.382262 0.613627 0.000514
3 3 0.003970 0.008421 0.184131 0.798954 0.004524
3 3 0.000163 0.002399 0.479248 0.517773 0.000418
3 3 0.000109 0.003064 0.392092 0.604550 0.000186
2 3 0.000806 0.003513 0.601787 0.393734 0.000161
3 3 0.000328 0.007159 0.432117 0.558376 0.002020
3 3 0.002357 0.005176 0.203885 0.787262 0.001321
3 3 0.000855 0.005532 0.084992 0.906644 0.001977
3 3 0.000111 0.005411 0.332886 0.660644 0.000948
3 3 0.000448 0.004862 0.342211 0.649542 0.002937
3 3 0.000700 0.004862 0.279843 0.713822 0.000773
3 3 0.000064 0.001897 0.375150 0.622587 0.000302
2 3 0.000220 0.003923 0.643209 0.352275 0.000374
3 3 0.000261 0.001514 0.215445 0.782246 0.000534
3 3 0.000650 0.004134 0.438793 0.555928 0.000493
2 3 0.049067 0.075039 0.679316 0.149801 0.046777
3 3 0.000057 0.001116 0.463996 0.534660 0.000171
3 3 0.000001 0.000164 0.156286 0.843539 0.000010
3 3 0.000002 0.000216 0.088704 0.911039 0.000039
