0 0 1.000000 0.000000 0.000000 0.000000 0.000000
4 1 0.109481 0.226584 0.143241 0.000308 0.520385
4 1 0.022828 0.196385 0.117278 0.000026 0.663484
4 4 0.221785 0.086895 0.047501 0.001087 0.642731
0 4 0.461844 0.098069 0.018905 0.000053 0.421129
4 4 0.055351 0.370378 0.120927 0.000023 0.453321
4 4 0.044849 0.252423 0.072363 0.000016 0.630349
4 4 0.068181 0.165610 0.063925 0.000093 0.702191
4 4 0.076986 0.130007 0.118965 0.003245 0.670797
4 4 0.025790 0.184691 0.187328 0.000449 0.601743
4 4 0.233922 0.182350 0.081473 0.000587 0.501667
4 4 0.114939 0.030058 0.017530 0.000055 0.837418
4 4 0.039116 0.159055 0.081908 0.000222 0.719700
4 4 0.079583 0.078762 0.049930 0.000348 0.791378
4 4 0.018154 0.085521 0.107243 0.001445 0.787638
4 4 0.032880 0.314152 0.140950 0.000088 0.511930
4 4 0.017262 0.103313 0.057364 0.000085 0.821975
4 4 0.050381 0.291328 0.118270 0.000087 0.539934
4 4 0.065234 0.213640 0.318852 0.001216 0.401057
4 4 0.010862 0.012360 0.003579 0.000007 0.973191
4 4 0.030803 0.013571 0.003018 0.000029 0.952579
4 4 0.078395 0.117183 0.044282 0.000018 0.760122
4 4 0.018846 0.331567 0.269300 0.000324 0.379963
4 4 0.074786 0.151900 0.130881 0.001531 0.640902
1 4 0.050883 0.436369 0.185140 0.000121 0.327486
1 1 0.061156 0.411972 0.157774 0.000337 0.368761
4 1 0.009019 0.226739 0.352322 0.002611 0.409309
4 1 0.053667 0.343339 0.138490 0.000769 0.463734
1 1 0.176830 0.408842 0.062648 0.000010 0.351670
4 1 0.029054 0.335160 0.180353 0.000232 0.455200
4 1 0.078961 0.198843 0.297617 0.000306 0.424273
1 1 0.021777 0.429819 0.426533 0.000063 0.121809
4 4 0.029142 0.050837 0.021213 0.000197 0.898612
4 4 0.076720 0.019411 0.005304 0.000042 0.898522
4 4 0.122386 0.018307 0.008803 0.000341 0.850163
1 4 0.118660 0.419809 0.088286 0.000018 0.373228
2 4 0.013439 0.359100 0.507414 0.000629 0.119418
2 1 0.041861 0.332316 0.456143 0.016247 0.153433
2 1 0.072552 0.276443 0.389521 0.005417 0.256067
2 1 0.001980 0.093636 0.889911 0.005479 0.008993
2 1 0.012503 0.337873 0.427814 0.000701 0.221109
4 1 0.059403 0.069334 0.032626 0.002182 0.836455
4 1 0.037279 0.253847 0.125360 0.000701 0.582812
4 2 0.052043 0.118075 0.211412 0.008580 0.609890
4 2 0.107692 0.249843 0.230501 0.002446 0.409519
0 0 0.694038 0.001621 0.000853 0.000003 0.303484
4 0 0.167885 0.035688 0.008468 0.000036 0.787924
4 1 0.058232 0.211714 0.050999 0.000113 0.678942
4 1 0.124435 0.141055 0.210325 0.008582 0.515604
4 2 0.011398 0.020155 0.008614 0.000027 0.959807
2 2 0.008037 0.200763 0.710293 0.009336 0.071571
1 2 0.039500 0.407838 0.361944 0.001833 0.188885
4 2 0.045783 0.180505 0.209113 0.002177 0.562422
1 2 0.136048 0.539968 0.207476 0.002461 0.114047
2 2 0.006874 0.265773 0.680768 0.003246 0.043339
4 2 0.120738 0.231964 0.217654 0.002133 0.427511
2 2 0.034261 0.273108 0.639147 0.001241 0.052243
2 2 0.000306 0.051979 0.946016 0.001193 0.000505
2 2 0.045782 0.128518 0.780895 0.021167 0.023638
2 2 0.047185 0.279626 0.545679 0.055111 0.072398
2 2 0.004052 0.129016 0.858884 0.004712 0.003337
2 2 0.001184 0.111082 0.825633 0.052623 0.009479
2 2 0.009043 0.105278 0.869729 0.014859 0.001092
2 2 0.019465 0.132146 0.797144 0.000854 0.050391
2 2 0.003985 0.122834 0.858902 0.009197 0.005083
2 2 0.001109 0.068782 0.925075 0.004470 0.000565
2 2 0.000388 0.020315 0.977713 0.001425 0.000159
2 2 0.000246 0.042443 0.952390 0.002375 0.002546
2 2 0.004510 0.106970 0.851135 0.031721 0.005665
2 2 0.002396 0.047948 0.888409 0.058025 0.003221
2 2 0.050848 0.234438 0.673621 0.005135 0.035958
2 2 0.016160 0.130878 0.820039 0.027370 0.005553
2 2 0.019288 0.099753 0.865504 0.011565 0.003889
2 2 0.002630 0.037321 0.949870 0.009035 0.001144
2 2 0.012425 0.032548 0.904608 0.049582 0.000836
2 2 0.004206 0.105298 0.848978 0.038275 0.003242
2 2 0.006806 0.162853 0.800352 0.019586 0.010402
2 2 0.009692 0.186583 0.794129 0.008993 0.000604
2 2 0.004979 0.105126 0.808532 0.047560 0.033803
2 2 0.048511 0.147342 0.729455 0.023671 0.051022
2 2 0.010678 0.229244 0.724734 0.018116 0.017228
2 2 0.047936 0.098927 0.736896 0.101666 0.014575
2 2 0.003411 0.133135 0.847800 0.012288 0.003365
2 2 0.029612 0.186215 0.721807 0.005206 0.057161
2 2 0.050979 0.156946 0.680202 0.092250 0.019624
2 2 0.138283 0.198417 0.625913 0.033795 0.003593
2 2 0.012887 0.222762 0.746343 0.002980 0.015028
2 2 0.004071 0.148421 0.842340 0.003003 0.002166
2 2 0.017107 0.249935 0.681049 0.017725 0.034184
2 2 0.009237 0.063158 0.839217 0.077429 0.010959
2 2 0.003195 0.073779 0.896133 0.023901 0.002992
2 2 0.000681 0.035324 0.941528 0.022178 0.000289
2 2 0.004015 0.146212 0.832221 0.015556 0.001997
2 2 0.000482 0.039088 0.959383 0.000430 0.000617
2 2 0.000881 0.046890 0.948509 0.003500 0.000219
2 2 0.001991 0.042293 0.946899 0.007187 0.001631
2 2 0.007908 0.073756 0.719718 0.193357 0.005262
2 2 0.013161 0.107512 0.807176 0.066638 0.005512
2 2 0.003497 0.096091 0.872152 0.024850 0.003409
2 3 0.003682 0.116246 0.706872 0.165705 0.007495
2 3 0.000431 0.038225 0.943613 0.017329 0.000402
2 3 0.000131 0.016964 0.970424 0.012324 0.000158
2 3 0.032013 0.088651 0.803768 0.030225 0.045343
2 3 0.001332 0.084011 0.855742 0.053501 0.005414
2 3 0.001833 0.037102 0.773438 0.185396 0.002231
2 3 0.000476 0.023312 0.913463 0.060465 0.002285
3 3 0.000386 0.011643 0.474554 0.507628 0.005789
3 3 0.000049 0.001338 0.123208 0.874647 0.000758
2 3 0.012710 0.047648 0.623787 0.299162 0.016693
2 3 0.002708 0.088160 0.658884 0.229485 0.020762
2 3 0.002085 0.116371 0.852425 0.021305 0.007814
2 3 0.065281 0.225005 0.644751 0.054761 0.010202
2 2 0.091216 0.175526 0.589141 0.058911 0.085205
0 1 0.520284 0.157448 0.154047 0.009680 0.158541
0 1 0.564953 0.020916 0.006252 0.000043 0.407837
4 1 0.045659 0.155252 0.119612 0.001160 0.678317
4 1 0.091800 0.205447 0.100236 0.001296 0.601222
2 2 0.010032 0.148972 0.825620 0.005359 0.010017
2 2 0.037265 0.165234 0.769205 0.009415 0.018881
2 2 0.004198 0.220094 0.768880 0.002053 0.004776
2 2 0.002411 0.099443 0.889935 0.000627 0.007584
2 2 0.000431 0.043473 0.944582 0.002999 0.008515
2 2 0.009577 0.119538 0.851772 0.002844 0.016269
2 2 0.001236 0.070624 0.874488 0.047810 0.005842
2 2 0.000497 0.062213 0.911801 0.021523 0.003966
2 2 0.014744 0.347327 0.596613 0.001129 0.040187
2 2 0.000695 0.078491 0.910744 0.008693 0.001377
2 2 0.001600 0.059950 0.897110 0.038336 0.003005
2 2 0.000649 0.048587 0.947583 0.000748 0.002433
2 2 0.008678 0.040379 0.920702 0.024104 0.006136
2 2 0.002854 0.095788 0.847964 0.023645 0.029748
2 2 0.000082 0.021540 0.941529 0.036533 0.000315
2 2 0.012438 0.038395 0.669183 0.278988 0.000996
2 2 0.002673 0.115048 0.852487 0.011314 0.018478
2 2 0.000246 0.050137 0.938750 0.010304 0.000564
2 3 0.000511 0.027026 0.915349 0.055046 0.002068
2 3 0.005302 0.070561 0.778053 0.137089 0.008994
2 3 0.003553 0.127106 0.800775 0.051920 0.016646
2 2 0.033845 0.255056 0.676369 0.014450 0.020281
2 2 0.000346 0.028034 0.951504 0.019611 0.000504
2 2 0.000071 0.003274 0.799804 0.196634 0.000217
2 2 0.002873 0.089249 0.878839 0.025613 0.003426
2 2 0.000086 0.016895 0.928637 0.054146 0.000236
2 2 0.000739 0.055173 0.921516 0.021622 0.000951
2 2 0.001717 0.029697 0.958560 0.009464 0.000562
2 2 0.002585 0.097984 0.837714 0.030636 0.031081
2 2 0.005223 0.093372 0.884700 0.008007 0.008698
2 2 0.009778 0.081581 0.691203 0.199320 0.018117
2 2 0.000133 0.044443 0.937211 0.016476 0.001737
2 2 0.000183 0.027265 0.928849 0.039587 0.004116
2 2 0.014052 0.072361 0.704648 0.200294 0.008644
3 2 0.000303 0.005122 0.420029 0.574000 0.000545
2 2 0.001999 0.044327 0.752362 0.193527 0.007785
2 2 0.001641 0.073401 0.846006 0.067473 0.011479
2 3 0.004325 0.014549 0.749349 0.231548 0.000230
2 3 0.000170 0.003120 0.545617 0.450906 0.000187
3 3 0.000160 0.000291 0.065509 0.934008 0.000031
2 3 0.000485 0.024371 0.698404 0.274725 0.002016
2 3 0.073481 0.046716 0.797009 0.080509 0.002286
2 3 0.006386 0.036480 0.871279 0.074444 0.011412
2 3 0.015645 0.224861 0.614779 0.116333 0.028382
2 2 0.004523 0.073276 0.743459 0.149434 0.029309
2 2 0.038339 0.149452 0.600336 0.008546 0.203326
2 2 0.000303 0.035376 0.907084 0.056420 0.000817
2 2 0.007124 0.151837 0.807048 0.006910 0.027081
2 2 0.002876 0.027685 0.733441 0.232314 0.003684
2 2 0.002118 0.105687 0.860499 0.009533 0.022162
2 2 0.008547 0.107845 0.865567 0.013666 0.004375
2 2 0.009489 0.149937 0.764345 0.061130 0.015100
2 2 0.001063 0.006869 0.946617 0.045403 0.000047
2 2 0.006910 0.171138 0.802943 0.011978 0.007031
4 2 0.171184 0.089433 0.063864 0.000613 0.674906
2 2 0.023850 0.303465 0.368812 0.002191 0.301681
2 2 0.037981 0.175309 0.725746 0.022776 0.038188
2 2 0.057746 0.222469 0.484961 0.007098 0.227726
2 2 0.019352 0.127040 0.739782 0.010246 0.103580
4 2 0.084800 0.080362 0.070249 0.005171 0.759419
4 2 0.152970 0.101604 0.076336 0.000803 0.668287
2 2 0.064685 0.166999 0.390707 0.006544 0.371066
2 2 0.018592 0.151236 0.772033 0.031855 0.026284
2 2 0.112315 0.284812 0.502806 0.008051 0.092017
2 2 0.031493 0.331186 0.532887 0.001335 0.103098
2 2 0.018891 0.088473 0.853355 0.008894 0.030387
2 2 0.007044 0.070341 0.910228 0.009766 0.002622
2 2 0.000311 0.030583 0.963216 0.000838 0.005052
2 2 0.003621 0.050043 0.916202 0.016377 0.013758
2 2 0.017655 0.143102 0.802262 0.014412 0.022570
2 2 0.050563 0.222884 0.612985 0.003243 0.110325
2 2 0.004801 0.085950 0.901407 0.004354 0.003489
2 2 0.003855 0.081759 0.896727 0.002989 0.014670
2 2 0.001515 0.029464 0.837354 0.127571 0.004095
2 2 0.005987 0.125829 0.849203 0.001325 0.017655
2 2 0.000165 0.015690 0.966933 0.017026 0.000186
2 2 0.004851 0.092302 0.887845 0.010120 0.004882
2 2 0.001566 0.070968 0.910277 0.015101 0.002088
2 2 0.000062 0.010721 0.968910 0.019936 0.000370
2 2 0.001235 0.012488 0.937217 0.048778 0.000281
0 2 0.276841 0.262278 0.236826 0.001669 0.222385
2 2 0.002556 0.179791 0.768130 0.002567 0.046956
2 2 0.112284 0.109520 0.641023 0.030237 0.106937
2 2 0.004924 0.219840 0.718964 0.001441 0.054831
2 2 0.023551 0.120742 0.815530 0.003660 0.036517
2 2 0.066375 0.171064 0.727112 0.006926 0.028522
2 2 0.015129 0.082902 0.881629 0.013472 0.006868
2 2 0.000841 0.056297 0.928801 0.011562 0.002499
2 2 0.016902 0.300828 0.664840 0.009948 0.007483
2 2 0.075427 0.237056 0.396943 0.007638 0.282936
2 2 0.000557 0.055528 0.922957 0.019554 0.001403
2 2 0.000103 0.007095 0.963597 0.028751 0.000454
2 2 0.033875 0.194894 0.731246 0.024786 0.015199
2 2 0.001983 0.077813 0.905437 0.000351 0.014417
2 2 0.000610 0.028298 0.917289 0.051768 0.002035
4 4 0.115186 0.016522 0.009294 0.000243 0.858754
4 4 0.203521 0.145576 0.142573 0.001610 0.506720
2 4 0.024060 0.232569 0.678208 0.005162 0.060002
2 2 0.000824 0.045325 0.951065 0.002175 0.000610
2 2 0.011191 0.053683 0.921317 0.011386 0.002423
2 2 0.029401 0.212731 0.557201 0.046575 0.154092
2 2 0.046584 0.227875 0.686513 0.013839 0.025189
2 2 0.030922 0.273926 0.616846 0.033592 0.044714
1 2 0.187183 0.345154 0.140984 0.000122 0.326558
0 2 0.427931 0.146484 0.041020 0.000070 0.384495
1 2 0.098200 0.444223 0.261655 0.000405 0.195517
4 2 0.042479 0.269205 0.206782 0.008043 0.473491
4 2 0.073084 0.194798 0.089680 0.001112 0.641325
1 2 0.069616 0.428645 0.201736 0.003090 0.296912
4 2 0.163015 0.194990 0.245667 0.011870 0.384459
1 2 0.095138 0.381808 0.148184 0.001451 0.373419
2 2 0.174947 0.259147 0.291355 0.006742 0.267809
1 2 0.040704 0.386490 0.256941 0.005901 0.309964
1 2 0.033330 0.470414 0.368765 0.000499 0.126992
2 2 0.023534 0.278757 0.493366 0.071072 0.133271
2 2 0.008243 0.098764 0.828327 0.053486 0.011180
2 2 0.024739 0.225785 0.594217 0.009825 0.145434
1 2 0.261033 0.299507 0.191936 0.001164 0.246360
4 2 0.301420 0.211162 0.182196 0.001165 0.304057
4 2 0.019632 0.246551 0.140118 0.000106 0.593593
2 2 0.006912 0.207212 0.745337 0.001255 0.039284
4 2 0.123409 0.320495 0.224925 0.000156 0.331016
2 2 0.017276 0.216638 0.737217 0.002533 0.026336
2 2 0.009554 0.169346 0.802917 0.003429 0.014754
0 2 0.476755 0.094530 0.327818 0.010927 0.089971
1 2 0.092601 0.442505 0.136945 0.000259 0.327690
2 2 0.002155 0.170459 0.791425 0.010790 0.025171
2 2 0.083385 0.305233 0.534380 0.015836 0.061165
2 2 0.012936 0.344651 0.597472 0.000780 0.044161
2 2 0.011876 0.133391 0.828984 0.012001 0.013747
1 2 0.025109 0.388675 0.365330 0.000683 0.220204
4 2 0.209159 0.154387 0.093472 0.001129 0.541854
4 2 0.089744 0.063034 0.038023 0.003479 0.805720
2 2 0.014349 0.274080 0.578214 0.022405 0.110952
2 2 0.023320 0.375142 0.485821 0.008575 0.107141
2 2 0.035562 0.132916 0.771806 0.039286 0.020431
2 2 0.008169 0.136211 0.831867 0.020106 0.003648
2 2 0.111807 0.278849 0.545582 0.001974 0.061789
1 2 0.064331 0.431631 0.193708 0.002056 0.308274
4 2 0.071430 0.337637 0.247306 0.005375 0.338252
2 2 0.095977 0.215786 0.462175 0.019877 0.206185
4 2 0.042732 0.319265 0.127782 0.000211 0.510010
4 4 0.387828 0.009317 0.005097 0.000146 0.597612
4 4 0.155558 0.026218 0.013856 0.001840 0.802529
4 4 0.119116 0.121804 0.011705 0.000023 0.747352
0 0 0.635470 0.002308 0.000560 0.000000 0.361662
0 0 0.753631 0.001423 0.000187 0.000000 0.244759
0 0 0.820841 0.000510 0.000226 0.000000 0.178422
0 0 0.995942 0.000077 0.000010 0.000000 0.003971
0 0 0.602891 0.002860 0.000901 0.000002 0.393346
4 0 0.417137 0.000448 0.000134 0.000000 0.582281
4 1 0.249120 0.092824 0.046277 0.001059 0.610720
4 1 0.134519 0.046562 0.020470 0.000060 0.798389
4 4 0.005155 0.015027 0.005722 0.000004 0.974092
4 4 0.127275 0.158102 0.045265 0.000219 0.669139
4 4 0.145535 0.159366 0.081621 0.000277 0.613200
1 4 0.039391 0.387714 0.186589 0.000216 0.386091
4 4 0.012797 0.298160 0.261403 0.000295 0.427344
2 1 0.006176 0.290360 0.597974 0.001593 0.103897
2 1 0.001955 0.191630 0.716712 0.001777 0.087927
4 1 0.024722 0.170304 0.126781 0.001538 0.676655
2 1 0.006124 0.207669 0.540819 0.002946 0.242442
4 1 0.040242 0.346112 0.157287 0.000377 0.455981
1 1 0.061312 0.404573 0.208311 0.001817 0.323986
1 1 0.046654 0.461191 0.332608 0.001270 0.158277
4 1 0.088725 0.201889 0.076078 0.001509 0.631799
2 1 0.005953 0.240661 0.680821 0.024350 0.048216
4 2 0.027627 0.217481 0.364681 0.001714 0.388496
4 2 0.089562 0.162975 0.216865 0.006263 0.524334
4 2 0.110304 0.242121 0.045100 0.000465 0.602009
4 2 0.054359 0.171486 0.037139 0.000083 0.736933
4 2 0.086880 0.275558 0.066760 0.000668 0.570133
4 2 0.060446 0.376440 0.169399 0.003816 0.389899
4 2 0.309258 0.144879 0.034423 0.000915 0.510524
4 2 0.070902 0.152819 0.053343 0.000299 0.722636
4 2 0.053702 0.162420 0.186566 0.003249 0.594063
4 2 0.069762 0.317792 0.096057 0.000495 0.515895
2 2 0.023377 0.400944 0.462359 0.002491 0.110829
4 2 0.186565 0.148535 0.173636 0.002944 0.488320
1 2 0.040111 0.441515 0.354776 0.000253 0.163345
4 2 0.065718 0.295135 0.095120 0.000427 0.543600
4 2 0.080431 0.126569 0.042624 0.000598 0.749778
2 2 0.014232 0.267375 0.629743 0.013819 0.074831
1 2 0.116079 0.365842 0.272391 0.002726 0.242963
2 2 0.011037 0.309674 0.448494 0.001717 0.229078
2 2 0.000900 0.112651 0.870485 0.007942 0.008022
4 2 0.070177 0.113759 0.338821 0.005456 0.471787
1 2 0.057126 0.476814 0.234230 0.000234 0.231595
1 2 0.061630 0.365942 0.259579 0.001769 0.311080
1 2 0.051019 0.512337 0.303879 0.000301 0.132464
2 2 0.010943 0.168916 0.793580 0.020898 0.005664
2 2 0.027482 0.228412 0.452651 0.017168 0.274286
2 2 0.019548 0.335216 0.633720 0.004608 0.006908
2 2 0.004005 0.124215 0.815965 0.041594 0.014220
2 2 0.000690 0.038902 0.950358 0.009266 0.000783
2 2 0.022619 0.365732 0.583555 0.000139 0.027955
2 2 0.005414 0.166113 0.822174 0.001206 0.005093
2 2 0.002998 0.111710 0.879947 0.003350 0.001995
2 2 0.000599 0.038615 0.956619 0.003011 0.001157
2 2 0.004876 0.121275 0.830711 0.003339 0.039799
2 2 0.000002 0.002742 0.995349 0.001894 0.000014
2 2 0.000220 0.023846 0.951279 0.022350 0.002304
2 2 0.005562 0.082793 0.889596 0.018200 0.003849
2 2 0.000472 0.044000 0.932251 0.022392 0.000885
2 2 0.001180 0.054716 0.902067 0.037790 0.004247
2 2 0.001400 0.059521 0.872604 0.061711 0.004763
2 2 0.000204 0.007066 0.973271 0.019366 0.000092
2 2 0.000628 0.044755 0.937034 0.016902 0.000680
2 2 0.008442 0.127400 0.722872 0.063571 0.077715
2 2 0.004447 0.122263 0.707262 0.099016 0.067012
2 2 0.008503 0.227709 0.753079 0.003133 0.007576
0 2 0.513630 0.106608 0.279459 0.031643 0.068659
2 2 0.016011 0.362345 0.517158 0.003139 0.101347
2 2 0.000080 0.014155 0.981101 0.003866 0.000797
2 2 0.002484 0.027094 0.689414 0.276661 0.004346
2 2 0.011656 0.235487 0.680189 0.011646 0.061021
2 2 0.034498 0.361704 0.446508 0.007506 0.149783
2 2 0.001543 0.048146 0.940466 0.008907 0.000938
2 2 0.001128 0.029652 0.954742 0.012859 0.001619
2 2 0.000912 0.079545 0.915836 0.002522 0.001184
2 2 0.000939 0.067305 0.885634 0.026521 0.019602
2 2 0.000322 0.025466 0.934547 0.038886 0.000779
2 2 0.001338 0.112420 0.854151 0.027324 0.004768
2 2 0.000095 0.024818 0.960775 0.013462 0.000851
2 2 0.002567 0.059093 0.783194 0.151240 0.003905
2 2 0.000003 0.004784 0.952196 0.042819 0.000198
2 2 0.000607 0.035480 0.850294 0.108104 0.005515
2 2 0.012167 0.066447 0.874444 0.039642 0.007300
2 2 0.001933 0.058111 0.856499 0.079228 0.004230
2 2 0.000547 0.038311 0.874274 0.085494 0.001376
2 2 0.016280 0.092371 0.774196 0.100891 0.016263
2 2 0.002328 0.129938 0.821538 0.028003 0.018193
2 2 0.002211 0.148434 0.822582 0.012556 0.014218
2 2 0.000179 0.023042 0.953809 0.021590 0.001379
2 2 0.016635 0.240972 0.725642 0.009911 0.006840
4 2 0.040912 0.342406 0.157541 0.000638 0.458502
1 2 0.063480 0.376188 0.272739 0.010061 0.277531
1 2 0.099549 0.439149 0.151902 0.000763 0.308637
1 0 0.309593 0.343674 0.049478 0.000059 0.297196
4 1 0.119213 0.330934 0.072574 0.000581 0.476697
2 1 0.011404 0.308303 0.502777 0.011257 0.166259
2 2 0.000399 0.027575 0.931516 0.037698 0.002813
2 2 0.000412 0.038692 0.866901 0.091175 0.002819
2 2 0.001423 0.013258 0.937542 0.047433 0.000344
2 2 0.000682 0.074510 0.898914 0.022130 0.003764
2 2 0.002324 0.082476 0.888146 0.008179 0.018876
2 2 0.001337 0.012861 0.956052 0.026412 0.003338
2 2 0.078532 0.045492 0.799684 0.045756 0.030536
2 2 0.000521 0.029334 0.898503 0.062124 0.009517
1 2 0.118923 0.484561 0.382813 0.000626 0.013076
2 2 0.000111 0.003097 0.986416 0.010367 0.000009
2 2 0.000000 0.000320 0.995309 0.004369 0.000001
2 2 0.000218 0.004077 0.879485 0.116000 0.000219
2 3 0.003760 0.008253 0.678625 0.308962 0.000400
2 3 0.000033 0.001695 0.610737 0.387407 0.000128
2 3 0.000004 0.001100 0.735950 0.262852 0.000094
3 3 0.000161 0.002165 0.161752 0.834109 0.001814
3 3 0.002268 0.011403 0.183450 0.787841 0.015038
2 3 0.000122 0.003670 0.531152 0.464629 0.000427
3 3 0.000000 0.000002 0.002232 0.997766 0.000001
3 3 0.000066 0.000380 0.058660 0.940702 0.000192
3 3 0.000040 0.000072 0.008039 0.991783 0.000066
3 3 0.000054 0.000030 0.003596 0.996290 0.000030
3 3 0.000000 0.000006 0.005572 0.994420 0.000002
3 3 0.000010 0.000003 0.001049 0.998935 0.000004
3 3 0.000032 0.000499 0.041127 0.958106 0.000236
3 3 0.000087 0.000339 0.022982 0.976280 0.000312
3 3 0.000002 0.000014 0.004773 0.995204 0.000007
3 3 0.000002 0.000012 0.004351 0.995629 0.000006
3 3 0.000079 0.000803 0.040959 0.957594 0.000565
3 3 0.000061 0.002537 0.325933 0.671290 0.000178
3 3 0.000012 0.000022 0.003399 0.996554 0.000013
3 3 0.000011 0.000044 0.013968 0.985970 0.000007
3 3 0.000366 0.000574 0.016039 0.982313 0.000708
3 3 0.000005 0.000004 0.001253 0.998735 0.000003
3 3 0.000003 0.000025 0.015429 0.984540 0.000003
3 3 0.000022 0.000006 0.001521 0.998442 0.000008
3 3 0.000048 0.000130 0.013906 0.985888 0.000027
3 3 0.000828 0.000446 0.011621 0.986352 0.000753
3 3 0.000055 0.000564 0.048061 0.951060 0.000260
3 3 0.000004 0.000007 0.002375 0.997610 0.000004
3 3 0.000046 0.000020 0.002646 0.997260 0.000027
3 3 0.000013 0.000045 0.012365 0.987563 0.000013
3 3 0.000020 0.000032 0.003753 0.996168 0.000026
3 3 0.000003 0.000001 0.000656 0.999340 0.000001
3 3 0.000555 0.001611 0.138203 0.858806 0.000825
3 3 0.000175 0.000175 0.007934 0.991509 0.000207
3 3 0.000008 0.000018 0.003346 0.996616 0.000013
3 3 0.000021 0.000057 0.005980 0.993916 0.000027
3 3 0.000001 0.000009 0.002535 0.997451 0.000004
3 3 0.000011 0.000022 0.003623 0.996327 0.000016
3 3 0.000003 0.000011 0.004500 0.995483 0.000003
3 3 0.000051 0.000131 0.010843 0.988933 0.000041
3 3 0.002464 0.000747 0.022600 0.973700 0.000489
3 3 0.000032 0.000055 0.004833 0.995035 0.000046
3 3 0.000408 0.000410 0.011898 0.986756 0.000528
3 3 0.000014 0.000131 0.009311 0.990495 0.000049
3 3 0.000036 0.000030 0.003385 0.996517 0.000032
3 3 0.000076 0.000033 0.003320 0.996525 0.000046
3 3 0.000005 0.000004 0.001387 0.998600 0.000004
3 3 0.000238 0.000122 0.008293 0.991204 0.000143
3 3 0.000000 0.000000 0.000823 0.999176 0.000000
3 3 0.000010 0.000009 0.001943 0.998030 0.000008
3 3 0.000002 0.000004 0.001404 0.998588 0.000002
3 3 0.000056 0.000062 0.005125 0.994700 0.000057
3 3 0.000000 0.000000 0.000904 0.999095 0.000000
3 3 0.000006 0.000006 0.001688 0.998295 0.000005
3 3 0.022756 0.002471 0.031297 0.939627 0.003849
3 3 0.000237 0.000144 0.007390 0.992058 0.000172
3 3 0.000007 0.000008 0.002649 0.997331 0.000005
3 3 0.000009 0.000009 0.001936 0.998038 0.000008
3 3 0.000672 0.000592 0.013909 0.983986 0.000842
3 3 0.000096 0.000158 0.007937 0.991658 0.000151
3 3 0.000003 0.000027 0.010426 0.989528 0.000016
0 1 0.816942 0.031038 0.025890 0.001781 0.124349
4 1 0.055375 0.066019 0.204350 0.231056 0.443200
4 1 0.191413 0.092895 0.075600 0.011570 0.628523
4 1 0.043548 0.270092 0.112210 0.000829 0.573322
2 1 0.012267 0.188176 0.555531 0.061712 0.182314
3 2 0.005638 0.041105 0.440852 0.493215 0.019190
2 2 0.007329 0.080249 0.782081 0.101866 0.028475
2 2 0.000140 0.012841 0.956742 0.030073 0.000204
2 2 0.000558 0.021298 0.710273 0.264021 0.003850
2 2 0.005277 0.145542 0.825410 0.017411 0.006359
2 2 0.000894 0.014008 0.925562 0.055511 0.004025
2 2 0.000041 0.007113 0.916930 0.075724 0.000193
2 2 0.003115 0.170823 0.777772 0.003766 0.044523
2 2 0.003880 0.061268 0.926489 0.005266 0.003098
2 2 0.000377 0.021802 0.973653 0.004104 0.000065
2 2 0.000703 0.006373 0.988120 0.004246 0.000558
2 2 0.000044 0.008749 0.937484 0.053536 0.000187
2 2 0.001799 0.051429 0.903617 0.041382 0.001774
2 2 0.000617 0.049849 0.911988 0.033789 0.003757
2 2 0.024584 0.129231 0.756299 0.044025 0.045861
2 2 0.003496 0.126846 0.851131 0.015752 0.002775
2 2 0.035956 0.074636 0.877408 0.005499 0.006501
2 2 0.001198 0.088461 0.878367 0.027915 0.004059
2 2 0.000527 0.030634 0.956040 0.011871 0.000928
2 2 0.011206 0.079481 0.851719 0.048675 0.008919
2 2 0.001629 0.043963 0.928388 0.024208 0.001812
2 2 0.000160 0.001177 0.924287 0.074368 0.000007
2 2 0.020103 0.078823 0.658707 0.220808 0.021559
2 2 0.005950 0.123281 0.807422 0.031782 0.031566
2 2 0.005702 0.086319 0.875795 0.006567 0.025617
2 2 0.000037 0.008852 0.956121 0.033977 0.001012
2 2 0.000044 0.008529 0.951461 0.039619 0.000347
2 2 0.000067 0.040191 0.951509 0.002312 0.005921
2 2 0.004097 0.076049 0.908467 0.002572 0.008815
2 2 0.010379 0.108709 0.667855 0.101654 0.111404
2 2 0.001323 0.005854 0.821451 0.171330 0.000042
2 2 0.000779 0.026029 0.699383 0.266752 0.007057
2 2 0.010962 0.033085 0.713018 0.239931 0.003003
2 2 0.000150 0.025780 0.795615 0.175952 0.002502
3 2 0.002845 0.026635 0.477861 0.487327 0.005333
2 2 0.000057 0.017779 0.924169 0.055824 0.002171
2 2 0.034813 0.132593 0.704940 0.051297 0.076356
2 3 0.000359 0.015708 0.963686 0.019979 0.000268
2 3 0.001166 0.096364 0.886817 0.002363 0.013290
2 3 0.075623 0.131997 0.496850 0.175040 0.120490
2 3 0.007477 0.100155 0.844322 0.039352 0.008694
2 2 0.001188 0.111046 0.823351 0.048403 0.016013
2 2 0.001369 0.018052 0.816143 0.163918 0.000518
3 2 0.000352 0.004266 0.206278 0.788039 0.001065
2 2 0.000099 0.010233 0.888346 0.101015 0.000307
2 2 0.001585 0.022333 0.914266 0.059553 0.002263
2 2 0.000135 0.006525 0.914741 0.078270 0.000330
2 2 0.012146 0.132706 0.760291 0.051589 0.043267
2 2 0.000309 0.021221 0.931996 0.045326 0.001149
2 2 0.000077 0.020262 0.902654 0.072417 0.004589
2 2 0.000535 0.042376 0.919621 0.036494 0.000975
2 2 0.003150 0.138279 0.833728 0.010623 0.014219
2 2 0.001930 0.060450 0.922906 0.008806 0.005908
2 2 0.046392 0.065711 0.761706 0.036592 0.089600
2 2 0.013781 0.103450 0.827953 0.041900 0.012916
2 2 0.000964 0.008204 0.942959 0.047607 0.000265
2 2 0.009299 0.044224 0.766098 0.166776 0.013603
2 2 0.001225 0.012844 0.938867 0.045495 0.001570
2 2 0.000169 0.010442 0.936364 0.052703 0.000322
2 2 0.000792 0.020908 0.796440 0.179380 0.002480
2 2 0.011428 0.124182 0.839502 0.009959 0.014929
2 2 0.001807 0.047292 0.873039 0.074480 0.003383
2 2 0.004797 0.008136 0.975930 0.010944 0.000194
2 2 0.013672 0.058080 0.815389 0.109102 0.003756
2 2 0.062323 0.132940 0.676988 0.051224 0.076525
2 2 0.000618 0.022827 0.938381 0.036132 0.002042
2 2 0.060242 0.104843 0.817698 0.011552 0.005665
2 2 0.000040 0.012842 0.983215 0.003560 0.000344
2 2 0.000637 0.037782 0.859928 0.098144 0.003510
2 2 0.074674 0.162263 0.755004 0.006704 0.001355
2 2 0.000485 0.048715 0.911659 0.027693 0.011447
2 2 0.000005 0.001483 0.994518 0.003988 0.000007
2 2 0.005852 0.017879 0.957636 0.005040 0.013592
2 2 0.000129 0.017585 0.968708 0.012128 0.001449
2 2 0.012450 0.228299 0.717255 0.009034 0.032961
2 2 0.004454 0.032630 0.954004 0.007774 0.001137
2 2 0.005045 0.075594 0.806656 0.089751 0.022954
2 2 0.000010 0.002581 0.931843 0.065539 0.000028
2 2 0.002565 0.041815 0.940231 0.009843 0.005546
2 2 0.000664 0.016129 0.980236 0.002943 0.000028
2 2 0.003247 0.022921 0.914818 0.058362 0.000651
2 2 0.001062 0.020869 0.966135 0.011518 0.000416
2 2 0.000301 0.019338 0.972324 0.006049 0.001988
2 2 0.000081 0.002920 0.952316 0.044585 0.000098
2 2 0.001029 0.054119 0.937259 0.003724 0.003869
2 2 0.000053 0.010903 0.970568 0.018282 0.000194
2 2 0.001138 0.005622 0.985796 0.007363 0.000080
2 2 0.009219 0.142452 0.773146 0.025237 0.049946
1 2 0.100826 0.469330 0.366476 0.000818 0.062551
2 2 0.000085 0.022183 0.972801 0.004193 0.000737
2 2 0.005957 0.017983 0.968327 0.006952 0.000782
2 2 0.001186 0.004524 0.946630 0.047338 0.000322
2 2 0.010625 0.049951 0.901141 0.035886 0.002397
2 2 0.061483 0.114172 0.773972 0.020713 0.029660
2 2 0.004976 0.188025 0.669293 0.028575 0.109132
2 2 0.004723 0.108478 0.849864 0.003264 0.033671
2 2 0.002301 0.081633 0.908912 0.002704 0.004449
2 2 0.000048 0.010187 0.981436 0.007946 0.000383
2 2 0.002165 0.090501 0.902532 0.001827 0.002975
2 2 0.020719 0.138030 0.660982 0.031989 0.148279
2 2 0.000993 0.031515 0.961912 0.001465 0.004116
2 2 0.000453 0.014537 0.983388 0.000590 0.001033
2 2 0.012638 0.069460 0.898986 0.010453 0.008463
2 2 0.056425 0.214822 0.618114 0.028157 0.082481
2 2 0.001177 0.166724 0.821178 0.000070 0.010851
2 2 0.015110 0.339745 0.436368 0.001000 0.207777
4 2 0.015006 0.191021 0.151564 0.000348 0.642061
2 2 0.018298 0.369133 0.472532 0.003486 0.136551
1 2 0.084514 0.547738 0.220933 0.000504 0.146311
2 2 0.000742 0.107326 0.874810 0.005959 0.011163
4 2 0.087244 0.300213 0.087153 0.003780 0.521610
4 4 0.311037 0.077337 0.015252 0.000151 0.596222
0 4 0.735845 0.034130 0.021674 0.000976 0.207374
1 4 0.363839 0.533317 0.081305 0.000709 0.020830
1 4 0.096728 0.409498 0.136541 0.006434 0.350799
2 4 0.009331 0.311117 0.510454 0.003168 0.165930
4 1 0.027004 0.283943 0.165519 0.002581 0.520953
1 1 0.025642 0.391932 0.236499 0.000065 0.345863
4 1 0.021896 0.332253 0.250195 0.003118 0.392538
4 2 0.034702 0.217981 0.280120 0.019552 0.447646
2 2 0.010658 0.251832 0.366009 0.069487 0.302014
4 2 0.043341 0.258643 0.167880 0.010775 0.519362
1 2 0.027645 0.379112 0.265347 0.002859 0.325037
4 2 0.009486 0.254672 0.304334 0.002781 0.428727
2 2 0.003336 0.118603 0.757968 0.063130 0.056962
2 2 0.008065 0.260205 0.630067 0.014270 0.087393
4 2 0.018036 0.250359 0.269252 0.001961 0.460392
2 2 0.002296 0.199356 0.705778 0.005127 0.087443
1 2 0.023062 0.371211 0.257499 0.000388 0.347840
2 2 0.006903 0.270772 0.467674 0.002030 0.252621
4 2 0.017914 0.112987 0.131406 0.009794 0.727899
2 2 0.005273 0.194886 0.626297 0.000934 0.172612
4 2 0.020555 0.315081 0.290243 0.006691 0.367430
4 2 0.014386 0.275081 0.248816 0.003184 0.458534
2 2 0.000441 0.080786 0.839217 0.005668 0.073888
2 2 0.004592 0.238301 0.572531 0.004293 0.180283
2 2 0.002013 0.173273 0.670544 0.006496 0.147675
4 2 0.006348 0.097150 0.073797 0.000418 0.822287
4 1 0.059881 0.153240 0.041310 0.000502 0.745067
1 1 0.054906 0.445494 0.230527 0.000462 0.268610
4 1 0.036167 0.057612 0.037320 0.002387 0.866514
4 4 0.030128 0.100983 0.026272 0.000084 0.842532
4 4 0.031193 0.227053 0.148409 0.000800 0.592545
4 4 0.090743 0.053562 0.016915 0.000241 0.838539
0 0 0.904204 0.032949 0.006255 0.000008 0.056583
4 1 0.034898 0.223771 0.167317 0.006372 0.567642
4 1 0.008233 0.195543 0.185461 0.000572 0.610191
2 1 0.004228 0.204250 0.436510 0.008651 0.346361
2 1 0.018409 0.353434 0.362435 0.002798 0.262924
2 1 0.004854 0.112122 0.529887 0.008307 0.344830
2 1 0.015420 0.322285 0.337486 0.004742 0.320068
4 1 0.092514 0.185019 0.100968 0.005457 0.616042
4 1 0.034905 0.165934 0.051095 0.000320 0.747746
4 4 0.042181 0.174325 0.290064 0.001881 0.491549
2 4 0.017256 0.364396 0.376833 0.002672 0.238843
4 4 0.021270 0.276873 0.227710 0.010927 0.463220
4 4 0.014048 0.241285 0.179329 0.000556 0.564782
4 2 0.022395 0.206736 0.166187 0.039484 0.565198
2 2 0.020078 0.221264 0.410628 0.003922 0.344108
2 2 0.002049 0.089719 0.749441 0.019351 0.139440
4 2 0.023568 0.308751 0.216131 0.004827 0.446723
4 2 0.015107 0.156731 0.076573 0.000112 0.751477
2 2 0.007153 0.211549 0.598078 0.013500 0.169721
4 1 0.083777 0.080379 0.044376 0.002986 0.788482
4 1 0.182268 0.073958 0.016407 0.000186 0.727182
4 4 0.415148 0.034182 0.008762 0.000010 0.541898
4 4 0.120818 0.092753 0.025525 0.000145 0.760759
4 4 0.027817 0.190653 0.102867 0.000455 0.678207
4 4 0.070290 0.196240 0.097073 0.001029 0.635368
4 4 0.049319 0.144890 0.045611 0.000018 0.760162
4 4 0.090512 0.111148 0.017938 0.000500 0.779901
4 4 0.182971 0.123243 0.051983 0.001573 0.640230
4 4 0.210869 0.066320 0.021259 0.001087 0.700465
4 4 0.119532 0.038013 0.009633 0.000321 0.832501
4 4 0.135620 0.131838 0.029611 0.000190 0.702742
4 4 0.134512 0.234772 0.040075 0.001412 0.589230
4 4 0.109383 0.057497 0.023750 0.000116 0.809254
4 4 0.027626 0.176019 0.235122 0.027746 0.533487
4 4 0.088772 0.110905 0.055080 0.000681 0.744563
4 4 0.044898 0.279001 0.102180 0.000366 0.573555
4 4 0.131551 0.031780 0.005507 0.000056 0.831107
4 4 0.309591 0.012323 0.002919 0.000015 0.675152
4 4 0.141435 0.040421 0.008409 0.000038 0.809697
4 4 0.140900 0.108883 0.034561 0.000403 0.715254
4 4 0.058739 0.075093 0.046298 0.000105 0.819765
4 4 0.130498 0.134931 0.040724 0.000905 0.692941
4 0 0.329174 0.027095 0.017471 0.001877 0.624382
0 1 0.536313 0.036161 0.024773 0.002193 0.400560
4 1 0.175787 0.179684 0.056681 0.000536 0.587313
4 1 0.050360 0.208724 0.062044 0.000943 0.677929
1 1 0.052299 0.475961 0.249746 0.002204 0.219790
4 1 0.027022 0.273343 0.139097 0.000383 0.560155
4 1 0.012458 0.266414 0.254740 0.001095 0.465292
2 1 0.001848 0.122515 0.628689 0.012346 0.234601
4 1 0.066136 0.184385 0.036136 0.000063 0.713280
4 1 0.039268 0.331804 0.173139 0.001166 0.454622
4 1 0.018793 0.341133 0.287562 0.001187 0.351326
4 4 0.032515 0.163918 0.058647 0.002172 0.742748
4 4 0.031249 0.240798 0.138901 0.008626 0.580426
4 4 0.064080 0.093244 0.029794 0.002209 0.810672
4 4 0.087276 0.175841 0.051938 0.000440 0.684505
4 4 0.128533 0.115757 0.047854 0.002201 0.705656
4 4 0.074000 0.127070 0.060945 0.002224 0.735761
4 4 0.054699 0.328448 0.189211 0.001970 0.425672
4 4 0.043172 0.100132 0.019934 0.000092 0.836671
4 4 0.360450 0.058188 0.014392 0.000028 0.566941
4 4 0.187135 0.088595 0.056273 0.007377 0.660621
4 4 0.046575 0.041535 0.022995 0.000107 0.888789
4 4 0.211945 0.064271 0.029186 0.000804 0.693795
4 4 0.300683 0.056122 0.013745 0.000087 0.629363
4 4 0.114173 0.065540 0.009147 0.000011 0.811129
4 4 0.088593 0.095583 0.038909 0.000139 0.776776
4 4 0.094390 0.187891 0.031365 0.000193 0.686160
4 4 0.147168 0.023496 0.009224 0.000554 0.819559
4 4 0.389579 0.094687 0.018565 0.000180 0.496989
4 4 0.235401 0.141075 0.019157 0.000009 0.604359
4 1 0.078201 0.238417 0.049769 0.000076 0.633537
4 1 0.082124 0.253382 0.188279 0.019662 0.456553
4 1 0.030188 0.309371 0.150176 0.000152 0.510113
4 4 0.014915 0.185328 0.138309 0.004836 0.656612
4 4 0.377126 0.029255 0.009545 0.000163 0.583911
4 4 0.065957 0.356099 0.127172 0.001277 0.449495
4 4 0.032339 0.282855 0.154695 0.002657 0.527453
4 4 0.028050 0.218120 0.097318 0.000534 0.655979
2 4 0.004866 0.232698 0.556589 0.008031 0.197816
4 4 0.017863 0.153991 0.067428 0.000141 0.760576
4 4 0.111168 0.105878 0.020193 0.000085 0.762676
4 4 0.031911 0.333573 0.187775 0.001110 0.445631
4 4 0.137115 0.202507 0.091923 0.000739 0.567716
4 4 0.159679 0.091831 0.046270 0.001453 0.700767
4 4 0.091843 0.209938 0.069304 0.002458 0.626458
4 4 0.083929 0.110754 0.037636 0.000883 0.766798
0 4 0.589266 0.007415 0.002565 0.000012 0.400742
4 4 0.065562 0.124097 0.016216 0.000004 0.794121
4 4 0.073897 0.011719 0.004316 0.000021 0.910047
4 4 0.046834 0.179316 0.049676 0.000648 0.723526
4 4 0.019924 0.078356 0.083030 0.002470 0.816220
4 4 0.009527 0.075758 0.128690 0.001178 0.784847
4 4 0.074048 0.062845 0.021782 0.003576 0.837749
4 4 0.022673 0.279331 0.290349 0.004230 0.403417
4 4 0.019421 0.098459 0.028983 0.000053 0.853085
4 4 0.013250 0.148959 0.238342 0.000574 0.598876
4 4 0.131827 0.162374 0.036016 0.000489 0.669294
4 4 0.083716 0.219991 0.047846 0.000826 0.647621
4 4 0.115201 0.066177 0.022939 0.000134 0.795548
0 0 0.577667 0.315301 0.070472 0.000053 0.036507
0 1 0.388644 0.224225 0.118981 0.014359 0.253792
4 1 0.104716 0.187289 0.062731 0.001331 0.643933
4 1 0.022466 0.287928 0.224058 0.001470 0.464078
4 1 0.034799 0.294299 0.145339 0.001849 0.523714
2 1 0.008889 0.287406 0.371456 0.001722 0.330527
2 1 0.005153 0.221729 0.422226 0.004165 0.346727
4 1 0.018942 0.207794 0.159661 0.002919 0.610684
4 1 0.068732 0.270186 0.202838 0.103731 0.354513
4 1 0.049764 0.236123 0.081546 0.002797 0.629770
4 1 0.066637 0.206782 0.052028 0.001477 0.673076
4 1 0.121788 0.154427 0.115732 0.017549 0.590504
4 1 0.033047 0.178431 0.087172 0.013234 0.688115
4 1 0.173451 0.110018 0.019955 0.000400 0.696177
4 1 0.073752 0.244015 0.084821 0.000926 0.596486
2 1 0.015708 0.153723 0.500796 0.162040 0.167734
2 1 0.006274 0.190428 0.423395 0.052523 0.327381
2 2 0.016412 0.363126 0.463473 0.002801 0.154188
4 2 0.022722 0.230458 0.115244 0.000258 0.631318
4 2 0.157651 0.121594 0.042107 0.001753 0.676895
2 2 0.019701 0.222563 0.355882 0.089404 0.312449
4 2 0.180723 0.171806 0.030213 0.000636 0.616622
4 2 0.041104 0.212286 0.077864 0.002850 0.665894
2 2 0.010092 0.266544 0.452794 0.007668 0.262901
4 2 0.024401 0.168745 0.095469 0.003233 0.708152
2 2 0.000235 0.066477 0.904780 0.015194 0.013314
2 2 0.009282 0.092117 0.632092 0.006126 0.260382
4 2 0.047864 0.209619 0.183520 0.009416 0.549580
4 2 0.040789 0.091608 0.105948 0.004905 0.756749
2 2 0.000474 0.028266 0.909651 0.050599 0.011010
4 2 0.051919 0.258625 0.215858 0.021395 0.452202
4 2 0.047908 0.302645 0.221927 0.019457 0.408063
2 2 0.006750 0.276690 0.642548 0.013193 0.060819
2 2 0.014607 0.315477 0.563380 0.008317 0.098218
4 2 0.051511 0.290294 0.099987 0.000396 0.557812
4 2 0.026803 0.262601 0.288947 0.002192 0.419458
4 2 0.025903 0.127696 0.280791 0.002615 0.562994
1 2 0.130329 0.510536 0.159583 0.000471 0.199080
4 2 0.059408 0.238084 0.070540 0.001389 0.630580
0 2 0.558705 0.123272 0.080259 0.004411 0.233353
1 2 0.234389 0.465724 0.091117 0.003461 0.205309
2 2 0.009442 0.180497 0.741250 0.029560 0.039251
1 2 0.095894 0.574389 0.188067 0.000003 0.141646
4 2 0.072637 0.251875 0.080987 0.001054 0.593448
4 2 0.064599 0.107149 0.047821 0.000734 0.779696
4 2 0.053311 0.263733 0.302700 0.005977 0.374278
2 2 0.016749 0.278890 0.495454 0.074747 0.134160
2 2 0.000817 0.096875 0.885426 0.009546 0.007335
2 2 0.002070 0.202143 0.744967 0.001065 0.049755
2 2 0.270506 0.324196 0.328553 0.001208 0.075538
2 2 0.012497 0.251616 0.598113 0.011921 0.125853
2 2 0.000202 0.008662 0.981029 0.008825 0.001282
2 2 0.029153 0.149458 0.721012 0.021409 0.078968
2 2 0.000238 0.013412 0.901107 0.083922 0.001321
2 2 0.008357 0.128970 0.822456 0.010559 0.029658
2 2 0.000809 0.062826 0.918503 0.008819 0.009043
4 2 0.223331 0.109637 0.017443 0.000194 0.649395
2 2 0.000046 0.008099 0.965121 0.026445 0.000289
2 2 0.007514 0.120162 0.862847 0.000112 0.009365
2 2 0.003095 0.076965 0.897063 0.004922 0.017955
2 2 0.001246 0.044443 0.858409 0.090760 0.005142
2 2 0.000215 0.065757 0.931735 0.000591 0.001702
2 2 0.000552 0.011646 0.967073 0.020303 0.000426
2 2 0.003236 0.077545 0.873940 0.031979 0.013300
2 2 0.000171 0.008879 0.926234 0.063947 0.000769
2 2 0.000519 0.041019 0.932703 0.018917 0.006842
2 2 0.001512 0.034799 0.907839 0.029107 0.026743
2 2 0.001169 0.025082 0.912004 0.059892 0.001853
2 2 0.000009 0.000630 0.962182 0.037171 0.000007
2 2 0.000155 0.026542 0.950375 0.020052 0.002875
2 2 0.000113 0.007076 0.941944 0.050462 0.000405
2 2 0.000006 0.001959 0.958430 0.039584 0.000021
2 2 0.000244 0.013854 0.788128 0.196025 0.001748
2 2 0.002423 0.034857 0.693051 0.261709 0.007960
2 3 0.002488 0.006236 0.702283 0.288081 0.000912
3 3 0.000025 0.000494 0.180758 0.818679 0.000044
2 3 0.000159 0.011173 0.619992 0.366963 0.001712
2 3 0.000021 0.001545 0.740699 0.257691 0.000044
2 3 0.000188 0.002936 0.756886 0.239866 0.000123
3 3 0.003730 0.029691 0.294949 0.663612 0.008019
2 3 0.000984 0.047886 0.770440 0.174563 0.006127
3 3 0.000014 0.000615 0.136241 0.862864 0.000266
3 3 0.000006 0.000180 0.060405 0.939354 0.000055
3 3 0.000052 0.001316 0.236061 0.761912 0.000659
3 3 0.004264 0.010545 0.359414 0.621360 0.004416
2 3 0.000034 0.007368 0.705870 0.285408 0.001319
3 3 0.000015 0.000542 0.103130 0.896107 0.000206
3 3 0.000052 0.002280 0.360344 0.637158 0.000166
3 3 0.021159 0.092543 0.269098 0.586475 0.030725
3 3 0.000514 0.003843 0.114272 0.878865 0.002506
3 3 0.000020 0.000304 0.063509 0.936132 0.000035
3 3 0.000577 0.001662 0.090727 0.906621 0.000413
3 3 0.000014 0.000403 0.077567 0.921967 0.000049
3 3 0.000014 0.001447 0.198579 0.799575 0.000385
3 3 0.000146 0.000251 0.010965 0.988380 0.000258
3 3 0.000002 0.000016 0.005776 0.994201 0.000005
3 3 0.000013 0.000251 0.069418 0.930283 0.000036
3 3 0.000069 0.000708 0.030137 0.968791 0.000296
3 3 0.007735 0.011167 0.115568 0.836502 0.029028
3 3 0.000214 0.000661 0.017954 0.980585 0.000587
3 3 0.000179 0.000273 0.020645 0.978644 0.000259
3 3 0.000000 0.000000 0.000753 0.999247 0.000000
3 3 0.000004 0.000094 0.017764 0.982098 0.000039
3 3 0.000077 0.000618 0.041484 0.957550 0.000270
3 3 0.000000 0.000010 0.017017 0.982971 0.000003
3 3 0.000006 0.000008 0.001823 0.998158 0.000006
3 3 0.000001 0.000002 0.001454 0.998543 0.000000
3 3 0.000181 0.000066 0.004570 0.995076 0.000107
3 3 0.000219 0.000261 0.019311 0.979953 0.000256
3 3 0.000001 0.000010 0.014036 0.985950 0.000003
3 3 0.000004 0.000015 0.004513 0.995465 0.000002
3 3 0.000521 0.000628 0.030108 0.968618 0.000125
3 3 0.000007 0.000008 0.003791 0.996192 0.000003
3 3 0.000100 0.000071 0.005148 0.994598 0.000083
3 3 0.000012 0.000012 0.002287 0.997677 0.000011
3 3 0.000004 0.000023 0.006149 0.993817 0.000007
3 3 0.000001 0.000003 0.003073 0.996921 0.000002
3 3 0.000000 0.000001 0.001456 0.998542 0.000000
3 3 0.000010 0.000074 0.035854 0.964046 0.000016
3 3 0.000033 0.000070 0.006827 0.993010 0.000060
3 3 0.000000 0.000002 0.009038 0.990959 0.000001
3 3 0.000041 0.000120 0.008703 0.991044 0.000093
3 3 0.000002 0.000014 0.004919 0.995058 0.000007
3 3 0.000001 0.000003 0.001322 0.998672 0.000002
3 3 0.000084 0.000150 0.007807 0.991820 0.000138
3 3 0.000035 0.000013 0.002092 0.997844 0.000017
3 3 0.000001 0.000002 0.001121 0.998875 0.000001
3 3 0.000031 0.000073 0.005716 0.994124 0.000056
3 3 0.000009 0.000043 0.006357 0.993565 0.000026
3 3 0.000016 0.000069 0.007390 0.992481 0.000044
3 3 0.000025 0.000013 0.002451 0.997499 0.000012
3 3 0.000293 0.000109 0.005791 0.993621 0.000185
3 3 0.000023 0.000074 0.015873 0.984008 0.000021
3 3 0.000539 0.001935 0.084836 0.912442 0.000248
0 3 0.312359 0.117725 0.201138 0.291793 0.076985
