0 0 0.465352 0.245902 0.251916 0.009007 0.027822
0 0 0.968619 0.018762 0.002106 0.000007 0.010506
0 0 0.943807 0.027985 0.006044 0.000210 0.021954
0 0 0.942745 0.026060 0.001084 0.000001 0.030110
0 0 0.754443 0.069188 0.021791 0.008774 0.145804
0 0 0.676268 0.234125 0.077271 0.000106 0.012230
0 0 0.749060 0.194549 0.042039 0.000049 0.014304
0 0 0.863325 0.016208 0.004794 0.000700 0.114972
0 0 0.958753 0.010087 0.002127 0.000494 0.028539
0 0 0.567720 0.044104 0.022986 0.001624 0.363566
0 0 0.736150 0.115240 0.055946 0.000586 0.092078
0 1 0.369803 0.241151 0.026741 0.000006 0.362299
1 1 0.089523 0.504929 0.273855 0.008294 0.123400
2 1 0.013397 0.312735 0.530360 0.002465 0.141044
4 1 0.017646 0.152844 0.319926 0.007367 0.502218
4 1 0.026722 0.157915 0.198917 0.059904 0.556541
1 1 0.057762 0.455127 0.364170 0.022432 0.100509
2 1 0.040707 0.423807 0.448893 0.012695 0.073898
1 1 0.040422 0.431690 0.293664 0.000389 0.233836
2 1 0.026018 0.342528 0.344295 0.001906 0.285254
2 1 0.004936 0.194011 0.500111 0.004978 0.295965
4 1 0.010845 0.239376 0.344575 0.005128 0.400075
4 1 0.025005 0.292506 0.214278 0.007943 0.460268
1 1 0.044311 0.430916 0.310479 0.005976 0.208317
1 1 0.050114 0.438541 0.302632 0.009430 0.199282
1 1 0.034168 0.378802 0.322928 0.012169 0.251933
4 1 0.027970 0.343241 0.255142 0.003530 0.370117
2 1 0.004533 0.189721 0.666910 0.008775 0.130062
2 1 0.019518 0.338316 0.539985 0.008652 0.093529
2 1 0.006471 0.220605 0.543802 0.006329 0.222793
2 1 0.005040 0.202939 0.545900 0.002489 0.243632
4 1 0.027858 0.062766 0.054690 0.008097 0.846589
1 1 0.019650 0.356176 0.323522 0.000432 0.300220
4 1 0.013422 0.195160 0.135114 0.001994 0.654310
2 1 0.027647 0.358597 0.432688 0.005613 0.175454
1 1 0.034862 0.414795 0.375912 0.005011 0.169419
4 1 0.019046 0.276423 0.213252 0.002227 0.489053
2 1 0.005020 0.171194 0.797968 0.008748 0.017071
1 1 0.027354 0.342470 0.333392 0.016823 0.279960
2 1 0.003986 0.148641 0.717045 0.077715 0.052613
2 2 0.001787 0.111798 0.864808 0.005037 0.016570
2 2 0.007162 0.221141 0.519788 0.011441 0.240468
2 2 0.000676 0.015843 0.575619 0.372288 0.035575
2 2 0.001740 0.069008 0.604717 0.294887 0.029649
2 2 0.001987 0.063528 0.849156 0.056296 0.029033
2 2 0.003120 0.141637 0.748026 0.029085 0.078132
2 2 0.005518 0.183765 0.676287 0.034688 0.099743
2 3 0.013388 0.150159 0.549039 0.125111 0.162303
2 3 0.012454 0.249998 0.465464 0.052041 0.220042
2 3 0.000080 0.006337 0.848365 0.135360 0.009858
3 3 0.001915 0.011672 0.434018 0.544806 0.007589
2 3 0.000647 0.051555 0.731294 0.201830 0.014673
3 3 0.000549 0.001748 0.082652 0.910028 0.005023
3 3 0.000287 0.008730 0.364803 0.614972 0.011208
3 3 0.001579 0.014901 0.438609 0.533890 0.011022
3 3 0.002782 0.009651 0.171935 0.778521 0.037111
2 3 0.002430 0.034932 0.876989 0.058647 0.027002
2 3 0.001268 0.052014 0.779869 0.134398 0.032451
2 3 0.010235 0.042711 0.799954 0.097011 0.050089
2 3 0.020582 0.054509 0.647114 0.212252 0.065543
3 3 0.002262 0.011309 0.368914 0.596206 0.021309
2 3 0.000975 0.010987 0.525077 0.441039 0.021922
3 3 0.000007 0.000222 0.112302 0.886687 0.000782
3 3 0.002396 0.001435 0.130230 0.860346 0.005592
3 3 0.000297 0.004262 0.324003 0.668011 0.003428
2 3 0.008412 0.027489 0.460321 0.441650 0.062129
3 3 0.000423 0.000408 0.014445 0.984010 0.000714
3 3 0.016457 0.039677 0.333330 0.478511 0.132025
3 3 0.000636 0.010994 0.411189 0.568067 0.009113
2 3 0.003232 0.012444 0.522472 0.425294 0.036557
3 3 0.000383 0.002408 0.092435 0.903353 0.001421
3 3 0.025125 0.022170 0.238768 0.682710 0.031227
3 3 0.000051 0.000273 0.038071 0.960896 0.000708
3 3 0.000013 0.000151 0.063828 0.935424 0.000584
3 3 0.000219 0.000201 0.008949 0.990351 0.000280
3 3 0.001917 0.005186 0.124114 0.860521 0.008262
3 3 0.000399 0.002046 0.272564 0.716894 0.008098
3 3 0.044356 0.011965 0.078094 0.819945 0.045639
3 3 0.001657 0.002306 0.062803 0.925256 0.007979
2 3 0.003510 0.018294 0.462568 0.439595 0.076033
3 3 0.000010 0.000133 0.087321 0.912291 0.000245
3 3 0.001466 0.004622 0.108465 0.871366 0.014081
3 3 0.000007 0.000132 0.090352 0.909052 0.000457
3 3 0.004751 0.017968 0.456705 0.495026 0.025551
3 3 0.007497 0.013502 0.161578 0.747087 0.070336
3 3 0.000010 0.000041 0.005924 0.994004 0.000022
3 3 0.000001 0.000023 0.017863 0.982102 0.000010
3 3 0.000011 0.000024 0.005954 0.993982 0.000029
3 3 0.003436 0.013172 0.188377 0.751767 0.043248
2 3 0.037003 0.111568 0.564626 0.255144 0.031659
2 3 0.028783 0.152409 0.494043 0.210781 0.113985
2 3 0.046305 0.240327 0.621958 0.065296 0.026114
2 3 0.173275 0.236361 0.418276 0.082134 0.089954
4 3 0.086076 0.165177 0.155804 0.156991 0.435952
2 3 0.002166 0.078244 0.797697 0.119161 0.002732
3 3 0.007909 0.115145 0.372179 0.444550 0.060217
2 3 0.019280 0.278419 0.572553 0.088973 0.040775
2 3 0.007658 0.126198 0.769896 0.067565 0.028683
2 3 0.015456 0.232242 0.692654 0.043083 0.016564
2 3 0.002303 0.028905 0.744572 0.199245 0.024975
2 3 0.023009 0.157213 0.364067 0.120505 0.335206
2 3 0.003510 0.121290 0.623430 0.208595 0.043175
2 2 0.001528 0.042907 0.822660 0.126211 0.006695
2 2 0.003613 0.125306 0.731383 0.067908 0.071789
2 2 0.007382 0.164588 0.612491 0.180728 0.034811
2 2 0.001931 0.088439 0.753564 0.142980 0.013086
2 2 0.029458 0.357024 0.504467 0.031151 0.077900
2 2 0.018494 0.184620 0.482810 0.183676 0.130400
2 2 0.006320 0.085871 0.718949 0.183592 0.005269
2 2 0.024685 0.105328 0.466346 0.382490 0.021151
2 2 0.003619 0.082799 0.834795 0.068468 0.010319
2 2 0.015019 0.197261 0.481761 0.229218 0.076740
2 2 0.000145 0.015513 0.954753 0.028156 0.001433
2 2 0.005096 0.133308 0.599362 0.238470 0.023765
2 2 0.002804 0.100114 0.707307 0.165801 0.023974
3 2 0.002416 0.040770 0.431296 0.495480 0.030037
3 2 0.015584 0.111564 0.302643 0.506575 0.063633
2 2 0.000385 0.036740 0.777747 0.165519 0.019609
2 2 0.008792 0.151993 0.437101 0.367505 0.034609
2 2 0.000264 0.014217 0.636991 0.344274 0.004254
2 2 0.004515 0.100272 0.538906 0.347499 0.008809
2 2 0.001762 0.090993 0.716763 0.142551 0.047931
3 2 0.009379 0.033029 0.396487 0.525450 0.035654
2 2 0.000269 0.036281 0.788871 0.154509 0.020071
3 2 0.001397 0.027387 0.392883 0.558308 0.020025
2 3 0.018182 0.229832 0.420820 0.268647 0.062520
2 3 0.000623 0.009413 0.586440 0.396130 0.007394
3 3 0.004770 0.029355 0.303635 0.612597 0.049643
2 3 0.008675 0.188076 0.750032 0.001137 0.052081
2 3 0.000127 0.006868 0.737068 0.252183 0.003754
2 3 0.000253 0.025374 0.616566 0.354093 0.003714
3 3 0.000028 0.001785 0.359891 0.635261 0.003037
2 3 0.002731 0.044442 0.784444 0.067650 0.100733
2 3 0.001524 0.038250 0.623757 0.321630 0.014839
2 3 0.001476 0.015380 0.508219 0.466052 0.008873
3 3 0.002995 0.016701 0.147563 0.824684 0.008057
3 3 0.000162 0.004493 0.423898 0.566339 0.005109
3 3 0.001995 0.014405 0.323543 0.655993 0.004064
3 3 0.002096 0.024410 0.399151 0.555419 0.018923
2 3 0.005959 0.093252 0.698190 0.103743 0.098857
3 3 0.000528 0.012668 0.441466 0.537276 0.008062
3 3 0.001540 0.015934 0.455155 0.512946 0.014425
2 3 0.038277 0.196946 0.678998 0.074030 0.011749
2 3 0.068522 0.358246 0.459088 0.009765 0.104378
3 3 0.000037 0.001105 0.275983 0.722589 0.000286
2 3 0.017091 0.284138 0.627964 0.031431 0.039376
2 3 0.002843 0.051833 0.822753 0.110641 0.011930
3 3 0.001342 0.018512 0.209185 0.763124 0.007837
2 3 0.009692 0.143777 0.674959 0.123922 0.047650
2 3 0.001092 0.032582 0.759065 0.186523 0.020738
2 3 0.000344 0.009393 0.722114 0.264786 0.003363
2 3 0.000497 0.031627 0.895069 0.060002 0.012805
2 3 0.000634 0.064763 0.841693 0.054412 0.038497
2 3 0.003140 0.122752 0.695445 0.138786 0.039877
2 3 0.016895 0.115207 0.442320 0.172658 0.252919
2 3 0.003158 0.059061 0.510197 0.372522 0.055062
2 3 0.002963 0.071872 0.614814 0.293280 0.017072
3 3 0.000779 0.026990 0.427300 0.530267 0.014664
2 3 0.016668 0.102662 0.721226 0.133788 0.025655
0 3 0.804913 0.096970 0.048716 0.004636 0.044765
2 3 0.005250 0.063966 0.652142 0.267084 0.011558
3 3 0.002150 0.018505 0.448470 0.525862 0.005013
2 3 0.001669 0.039950 0.777517 0.164872 0.015993
2 3 0.016864 0.273699 0.478385 0.085170 0.145882
2 3 0.001921 0.022876 0.489303 0.439043 0.046858
2 2 0.012038 0.236308 0.391991 0.047528 0.312136
2 2 0.009860 0.210059 0.633511 0.103499 0.043070
2 4 0.020199 0.298374 0.411929 0.051941 0.217558
2 4 0.020208 0.344477 0.432024 0.005158 0.198133
2 4 0.023722 0.320495 0.398245 0.043069 0.214469
4 4 0.025056 0.258119 0.160056 0.009001 0.547769
2 4 0.021814 0.375617 0.446215 0.001802 0.154551
4 4 0.029767 0.321706 0.237660 0.012047 0.398821
2 4 0.006332 0.219005 0.538882 0.005856 0.229925
2 4 0.011267 0.272387 0.498583 0.007838 0.209926
4 4 0.024000 0.321195 0.239807 0.002229 0.412770
2 4 0.015035 0.283025 0.413830 0.016195 0.271916
1 4 0.039117 0.376947 0.245478 0.005812 0.332646
4 4 0.033253 0.211462 0.133763 0.005066 0.616456
4 4 0.032998 0.338058 0.251667 0.009916 0.367361
4 4 0.087535 0.126402 0.066294 0.006986 0.712783
4 4 0.031070 0.256254 0.121815 0.000103 0.590758
4 4 0.033559 0.288463 0.176862 0.027394 0.473721
1 4 0.027157 0.352777 0.267855 0.002282 0.349929
4 4 0.011976 0.194220 0.141693 0.001197 0.650914
1 4 0.038847 0.374693 0.250461 0.008683 0.327317
2 4 0.009598 0.284422 0.572492 0.001259 0.132228
4 4 0.025302 0.093182 0.071654 0.004498 0.805364
4 4 0.019262 0.284646 0.225522 0.002149 0.468422
2 4 0.009798 0.263699 0.469649 0.003574 0.253280
2 4 0.014774 0.298835 0.461422 0.008695 0.216275
1 4 0.020093 0.348305 0.305897 0.000565 0.325140
2 4 0.003024 0.159030 0.796220 0.003004 0.038721
2 4 0.013907 0.294806 0.545465 0.011200 0.134623
1 4 0.036805 0.389586 0.308151 0.009781 0.255677
2 4 0.000633 0.072906 0.884099 0.008063 0.034299
2 2 0.020247 0.292005 0.424472 0.076008 0.187267
2 2 0.010103 0.287774 0.547053 0.001429 0.153641
2 2 0.001610 0.117419 0.795527 0.009446 0.075999
2 2 0.024962 0.333618 0.531098 0.025323 0.084999
2 2 0.005355 0.133381 0.795835 0.042244 0.023185
2 2 0.045739 0.286972 0.320417 0.053989 0.292884
1 2 0.202567 0.529298 0.153107 0.000335 0.114693
0 0 0.986458 0.008271 0.002122 0.000009 0.003141
0 0 0.748427 0.137809 0.017660 0.000768 0.095336
0 0 0.969296 0.016032 0.001619 0.000012 0.013042
0 0 0.823661 0.048986 0.019211 0.003714 0.104428
0 0 0.673413 0.105325 0.037514 0.029283 0.154464
0 0 0.987007 0.006428 0.001848 0.000029 0.004688
0 0 0.745807 0.107739 0.031170 0.001643 0.113642
0 0 0.933024 0.008952 0.005784 0.000865 0.051375
0 0 0.871098 0.044492 0.016322 0.000649 0.067439
0 0 0.690597 0.157350 0.055694 0.002291 0.094068
0 0 0.492797 0.021083 0.010432 0.000423 0.475264
4 0 0.276427 0.014272 0.010653 0.001523 0.697125
4 0 0.148896 0.032127 0.012652 0.000166 0.806160
0 0 0.522493 0.024296 0.013189 0.001944 0.438078
0 0 0.538771 0.044039 0.015937 0.000052 0.401201
0 0 0.816557 0.096678 0.036092 0.001200 0.049474
0 0 0.816011 0.020798 0.010929 0.000478 0.151784
1 0 0.428237 0.478325 0.082716 0.000016 0.010706
2 0 0.035963 0.379964 0.418629 0.042350 0.123094
1 1 0.048951 0.441666 0.433650 0.015526 0.060206
2 1 0.007297 0.206955 0.692355 0.035715 0.057680
2 1 0.005493 0.178070 0.752748 0.031330 0.032358
4 1 0.034191 0.342613 0.228446 0.008849 0.385902
2 2 0.001500 0.099292 0.831634 0.033700 0.033874
2 2 0.009971 0.229344 0.674382 0.041931 0.044371
2 2 0.011767 0.235885 0.719936 0.005149 0.027262
2 2 0.012805 0.251491 0.556203 0.066246 0.113255
2 2 0.001087 0.086232 0.871890 0.014634 0.026158
2 2 0.015710 0.271702 0.583191 0.063673 0.065724
2 2 0.001042 0.039976 0.879402 0.065770 0.013810
2 2 0.012143 0.227642 0.569882 0.126511 0.063822
2 2 0.005592 0.159456 0.691377 0.113235 0.030340
2 2 0.022032 0.280827 0.502610 0.139647 0.054884
2 2 0.001217 0.073605 0.863363 0.049660 0.012155
2 2 0.005284 0.132107 0.632230 0.146767 0.083611
2 2 0.001630 0.088327 0.778114 0.106237 0.025692
2 2 0.004189 0.158540 0.768677 0.015210 0.053384
2 2 0.001559 0.027063 0.816943 0.129294 0.025141
2 2 0.000722 0.063552 0.813287 0.095081 0.027358
2 2 0.004692 0.054832 0.582610 0.334683 0.023182
2 2 0.002982 0.066254 0.733876 0.104612 0.092276
2 2 0.001719 0.068383 0.724001 0.193726 0.012171
2 2 0.001244 0.063314 0.682657 0.244993 0.007791
2 2 0.000846 0.030161 0.540815 0.406114 0.022064
2 2 0.014983 0.293580 0.458974 0.013170 0.219293
2 3 0.002403 0.027287 0.856716 0.109709 0.003885
2 3 0.019073 0.291384 0.500153 0.075320 0.114069
2 3 0.003658 0.061563 0.747492 0.176049 0.011238
2 3 0.006660 0.069234 0.589308 0.326221 0.008577
2 3 0.005038 0.017789 0.942317 0.030671 0.004185
3 3 0.004856 0.049886 0.420759 0.509890 0.014609
2 3 0.000597 0.009121 0.618716 0.360875 0.010691
2 3 0.000028 0.002743 0.582163 0.414527 0.000539
2 3 0.003589 0.037299 0.625189 0.321594 0.012328
3 3 0.011281 0.044861 0.283314 0.636866 0.023679
2 3 0.018031 0.087521 0.717105 0.168265 0.009078
2 3 0.001129 0.029038 0.728648 0.217590 0.023595
2 3 0.030306 0.199347 0.538494 0.168251 0.063602
3 3 0.000490 0.006288 0.163834 0.822430 0.006958
2 3 0.010659 0.040225 0.641680 0.256841 0.050596
3 3 0.000120 0.004136 0.193277 0.801484 0.000983
2 3 0.012007 0.034546 0.452487 0.445031 0.055929
3 3 0.000481 0.005237 0.087115 0.904432 0.002736
2 3 0.001545 0.017109 0.591916 0.382877 0.006553
3 3 0.007112 0.005288 0.043399 0.934382 0.009819
3 3 0.000614 0.001726 0.359752 0.635158 0.002751
3 3 0.001539 0.013909 0.438482 0.538219 0.007851
3 3 0.000101 0.000947 0.056341 0.942000 0.000611
3 3 0.007779 0.004076 0.063612 0.916195 0.008339
3 3 0.005971 0.020704 0.343411 0.620062 0.009853
2 3 0.046784 0.068983 0.635602 0.153438 0.095193
3 3 0.006461 0.008796 0.192690 0.782463 0.009590
3 3 0.008006 0.015549 0.133402 0.824503 0.018541
3 3 0.003093 0.003024 0.077276 0.912558 0.004049
3 3 0.004266 0.009712 0.114143 0.851969 0.019911
3 3 0.042540 0.020537 0.233966 0.694986 0.007971
2 3 0.006538 0.118506 0.630226 0.071170 0.173560
3 3 0.010259 0.018454 0.212998 0.745063 0.013226
3 3 0.054364 0.069682 0.164283 0.556617 0.155053
3 3 0.002126 0.005405 0.158795 0.829287 0.004387
2 3 0.005110 0.086696 0.839348 0.035689 0.033157
3 3 0.015665 0.030547 0.377531 0.562890 0.013368
3 3 0.011923 0.025253 0.161039 0.781309 0.020476
3 3 0.001747 0.003140 0.068440 0.920747 0.005926
3 3 0.005878 0.018709 0.416015 0.543963 0.015435
3 3 0.001254 0.005990 0.143244 0.839507 0.010005
3 3 0.001925 0.004081 0.073135 0.916849 0.004009
3 3 0.007034 0.011498 0.108394 0.848017 0.025057
3 3 0.001918 0.002294 0.064296 0.925019 0.006473
3 3 0.063466 0.010578 0.048915 0.850436 0.026604
3 3 0.000054 0.000071 0.018951 0.980823 0.000102
3 3 0.131131 0.013539 0.054345 0.775788 0.025196
3 3 0.003483 0.001620 0.051602 0.936441 0.006855
3 3 0.002678 0.001912 0.024558 0.967522 0.003330
3 3 0.001256 0.001362 0.057616 0.936744 0.003022
3 3 0.000159 0.000136 0.007466 0.992037 0.000202
3 3 0.006592 0.016466 0.331403 0.588657 0.056881
3 3 0.014146 0.032556 0.436636 0.472833 0.043829
3 3 0.015322 0.005941 0.088268 0.871203 0.019266
3 3 0.000117 0.000227 0.022894 0.976615 0.000148
3 3 0.000500 0.000812 0.038571 0.958008 0.002109
3 3 0.000541 0.001120 0.055742 0.939113 0.003484
3 3 0.000046 0.000049 0.010769 0.989030 0.000106
3 3 0.000157 0.001365 0.179125 0.817840 0.001513
3 3 0.000027 0.000045 0.013565 0.986117 0.000246
3 3 0.009129 0.020482 0.353913 0.593264 0.023212
3 3 0.000754 0.002875 0.179961 0.810378 0.006032
3 3 0.014701 0.036114 0.258979 0.654725 0.035482
3 3 0.015707 0.013758 0.095859 0.836839 0.037837
3 3 0.006247 0.016288 0.416448 0.546853 0.014164
3 3 0.154528 0.029438 0.111469 0.553534 0.151031
3 3 0.019990 0.011729 0.072548 0.878954 0.016778
0 3 0.390873 0.200716 0.077985 0.039501 0.290925
2 3 0.017981 0.201959 0.388333 0.360195 0.031532
2 3 0.006987 0.069836 0.658627 0.221471 0.043078
2 2 0.000665 0.010998 0.777584 0.203812 0.006941
2 2 0.008457 0.047292 0.832044 0.072760 0.039447
2 2 0.001577 0.066309 0.872241 0.055046 0.004828
2 2 0.002065 0.062094 0.633300 0.257568 0.044972
2 2 0.001448 0.010268 0.658834 0.326583 0.002866
2 2 0.008057 0.027458 0.658159 0.290815 0.015510
2 2 0.009305 0.195077 0.614762 0.143113 0.037742
2 2 0.003960 0.079639 0.786863 0.087198 0.042340
2 2 0.000368 0.029420 0.663464 0.282547 0.024202
2 2 0.028796 0.322091 0.409404 0.108487 0.131222
2 2 0.014064 0.237496 0.515231 0.149476 0.083734
2 2 0.009135 0.237712 0.562101 0.025296 0.165756
4 4 0.009739 0.199783 0.350155 0.077100 0.363223
2 4 0.017181 0.276163 0.366785 0.035487 0.304383
2 4 0.003931 0.194865 0.515184 0.000663 0.285358
4 4 0.029589 0.310583 0.203493 0.007296 0.449039
4 4 0.007269 0.181251 0.245252 0.004009 0.562219
4 4 0.011440 0.200072 0.254453 0.011189 0.522845
4 4 0.065699 0.146083 0.062515 0.001084 0.724619
2 4 0.009343 0.277015 0.556093 0.001681 0.155868
4 4 0.043324 0.156597 0.159677 0.063587 0.576815
4 4 0.011267 0.024992 0.025607 0.001538 0.936596
4 4 0.010428 0.208008 0.255225 0.005591 0.520748
4 4 0.016575 0.269814 0.213619 0.001087 0.498904
4 4 0.019417 0.291964 0.246045 0.002701 0.439873
4 4 0.020944 0.290624 0.214668 0.002058 0.471706
4 4 0.027288 0.297545 0.227012 0.017787 0.430368
4 4 0.032857 0.172758 0.209039 0.024060 0.561285
4 4 0.034701 0.312676 0.189617 0.001017 0.461988
1 4 0.049407 0.433895 0.287373 0.006264 0.223061
4 4 0.013106 0.208550 0.152831 0.001281 0.624232
4 4 0.008300 0.238416 0.312092 0.000468 0.440725
1 4 0.043393 0.388267 0.253784 0.011630 0.302927
1 4 0.031682 0.365157 0.360682 0.023583 0.218897
1 4 0.038185 0.404894 0.294143 0.004699 0.258079
4 4 0.032994 0.345191 0.197505 0.000514 0.423796
2 4 0.009575 0.212175 0.583793 0.111464 0.082993
2 4 0.022447 0.323773 0.560407 0.035687 0.057686
1 4 0.057732 0.460486 0.315219 0.011926 0.154637
2 4 0.013786 0.269940 0.566255 0.043860 0.106158
2 4 0.007261 0.230640 0.697201 0.005612 0.059286
2 4 0.006289 0.206472 0.663455 0.020706 0.103077
2 4 0.006175 0.208988 0.649849 0.015658 0.119330
2 4 0.009376 0.256710 0.534917 0.007024 0.191973
2 4 0.009862 0.247662 0.556797 0.021510 0.164169
2 4 0.009352 0.262429 0.571682 0.005258 0.151280
2 4 0.003222 0.068352 0.623902 0.135231 0.169293
2 2 0.002630 0.143963 0.536107 0.008332 0.308967
2 2 0.012100 0.264458 0.516298 0.025184 0.181961
2 2 0.004012 0.175629 0.612209 0.012352 0.195797
2 2 0.018675 0.295335 0.473436 0.055735 0.156818
2 2 0.000112 0.026947 0.960215 0.004778 0.007947
2 2 0.001606 0.104307 0.844001 0.021350 0.028736
2 2 0.003845 0.166726 0.737083 0.017674 0.074672
1 2 0.047623 0.400781 0.262475 0.016183 0.272937
2 2 0.001148 0.097242 0.848145 0.003300 0.050164
2 2 0.005728 0.205182 0.678255 0.011607 0.099229
2 2 0.006082 0.170136 0.752953 0.046930 0.023899
2 2 0.013666 0.241312 0.537054 0.124230 0.083739
2 2 0.000214 0.027185 0.886403 0.067918 0.018280
2 2 0.002154 0.097927 0.784135 0.102984 0.012800
2 2 0.004630 0.169068 0.743995 0.033831 0.048476
0 2 0.728229 0.183927 0.053058 0.000661 0.034125
2 2 0.011826 0.245925 0.615629 0.057001 0.069620
2 2 0.000179 0.013980 0.633494 0.348173 0.004174
1 2 0.037906 0.435462 0.387563 0.003745 0.135324
2 2 0.000798 0.054979 0.835393 0.060578 0.048252
2 2 0.001457 0.098896 0.773991 0.056288 0.069368
2 2 0.004620 0.164971 0.444970 0.026608 0.358830
2 2 0.026700 0.337973 0.457298 0.054362 0.123667
2 2 0.002809 0.135497 0.812551 0.014167 0.034976
2 2 0.028665 0.371805 0.402045 0.010654 0.186831
2 2 0.027529 0.369770 0.507649 0.015497 0.079554
2 2 0.016585 0.147335 0.670242 0.154834 0.011003
2 2 0.002434 0.114479 0.848743 0.009605 0.024741
2 2 0.000419 0.050436 0.886553 0.045583 0.017009
2 2 0.004955 0.187702 0.720917 0.006720 0.079707
2 2 0.012975 0.255721 0.374864 0.008235 0.348205
2 2 0.003791 0.153878 0.717660 0.050783 0.073888
2 2 0.001807 0.101852 0.790269 0.071677 0.034395
2 2 0.000206 0.033111 0.901288 0.056446 0.008949
2 2 0.006656 0.191436 0.608625 0.077451 0.115832
2 2 0.000849 0.063583 0.699666 0.197804 0.038097
1 2 0.046245 0.395909 0.309133 0.037992 0.210721
2 2 0.022124 0.333005 0.484921 0.026238 0.133712
2 2 0.003587 0.121368 0.636674 0.203305 0.035065
2 2 0.003300 0.140384 0.679714 0.080211 0.096390
2 2 0.030486 0.335593 0.418342 0.092002 0.123577
3 0 0.019709 0.122850 0.304602 0.453433 0.099406
2 2 0.051979 0.381654 0.386074 0.122396 0.057897
4 2 0.009396 0.096957 0.392490 0.029859 0.471297
2 2 0.000766 0.059408 0.821224 0.107705 0.010896
2 2 0.000631 0.048041 0.750724 0.193461 0.007142
2 2 0.002246 0.092469 0.787561 0.092144 0.025580
2 2 0.011485 0.173650 0.629040 0.093327 0.092499
2 2 0.001295 0.087408 0.807753 0.070006 0.033538
2 2 0.000116 0.013112 0.723990 0.258493 0.004289
2 2 0.008437 0.238388 0.640057 0.014094 0.099025
3 2 0.001372 0.056918 0.458868 0.468223 0.014619
2 2 0.002733 0.115525 0.699142 0.097084 0.085516
2 2 0.002102 0.081012 0.706302 0.168397 0.042188
2 2 0.001605 0.031676 0.478708 0.473876 0.014134
1 2 0.071548 0.362380 0.345936 0.152201 0.067935
3 2 0.053587 0.298515 0.216211 0.321276 0.110410
2 2 0.019064 0.263785 0.605787 0.091533 0.019832
2 2 0.007996 0.102223 0.827343 0.015901 0.046538
1 2 0.056971 0.422538 0.374253 0.064311 0.081927
2 2 0.017175 0.280080 0.609592 0.051585 0.041567
2 2 0.004333 0.131630 0.739447 0.113153 0.011437
2 2 0.000072 0.014977 0.882592 0.101470 0.000889
2 2 0.026120 0.245882 0.365698 0.317320 0.044980
2 2 0.043332 0.393580 0.405338 0.058576 0.099175
2 2 0.033491 0.271865 0.628082 0.035873 0.030690
0 2 0.913407 0.077652 0.007163 0.000000 0.001778
0 0 0.925638 0.008509 0.006225 0.012697 0.046931
0 0 0.795188 0.139842 0.045815 0.000277 0.018878
0 0 0.691822 0.038717 0.013426 0.000434 0.255601
0 0 0.661079 0.056524 0.021238 0.000293 0.260866
4 0 0.207368 0.037397 0.016895 0.000606 0.737735
0 0 0.816076 0.003298 0.000707 0.000001 0.179918
1 0 0.370260 0.445599 0.108683 0.000360 0.075098
0 0 0.731922 0.012689 0.010006 0.016053 0.229331
0 0 0.402056 0.331405 0.074010 0.000242 0.192287
0 0 0.338840 0.288893 0.077811 0.003059 0.291396
2 0 0.024631 0.336803 0.574169 0.020779 0.043618
1 1 0.048613 0.400030 0.350274 0.053880 0.147204
2 2 0.001229 0.089782 0.846662 0.014948 0.047378
2 2 0.000007 0.005378 0.951465 0.042331 0.000819
2 2 0.027761 0.343384 0.496607 0.052085 0.080163
2 2 0.000841 0.071115 0.890184 0.025257 0.012603
1 2 0.046451 0.411449 0.380742 0.040983 0.120375
2 2 0.003114 0.144043 0.667694 0.049411 0.135738
2 2 0.003557 0.118272 0.766562 0.097473 0.014136
2 2 0.002074 0.116517 0.810253 0.032713 0.038443
2 2 0.005790 0.184542 0.705835 0.045034 0.058800
2 2 0.001511 0.069053 0.757961 0.157185 0.014289
2 2 0.003962 0.136693 0.822657 0.023081 0.013607
2 2 0.000197 0.008606 0.515024 0.475328 0.000844
2 2 0.036685 0.282509 0.320407 0.298693 0.061706
4 2 0.039100 0.268097 0.304426 0.001227 0.387149
2 2 0.002334 0.115935 0.813295 0.044256 0.024180
2 2 0.001336 0.077258 0.864729 0.048828 0.007849
2 2 0.003915 0.142421 0.830114 0.008862 0.014688
2 2 0.004699 0.180418 0.735047 0.017398 0.062437
2 2 0.005763 0.145063 0.708239 0.130880 0.010055
2 2 0.002672 0.082108 0.640487 0.271217 0.003516
2 2 0.008452 0.208482 0.619246 0.082215 0.081604
2 2 0.031835 0.150468 0.694915 0.097714 0.025067
1 2 0.041358 0.418417 0.351652 0.011620 0.176953
2 2 0.050917 0.400978 0.460165 0.057531 0.030409
2 2 0.000965 0.049695 0.867816 0.080285 0.001239
2 2 0.009958 0.242395 0.670505 0.022224 0.054918
2 2 0.086253 0.304294 0.523469 0.005639 0.080345
1 2 0.304106 0.512856 0.114272 0.001774 0.066991
0 0 0.562859 0.290101 0.093609 0.002098 0.051333
0 0 0.804145 0.112737 0.037794 0.001807 0.043517
0 0 0.623200 0.035794 0.015436 0.002359 0.323211
0 0 0.462142 0.116060 0.049173 0.000939 0.371686
4 0 0.049239 0.004134 0.002633 0.000015 0.943979
0 0 0.875386 0.065325 0.016045 0.000129 0.043116
1 0 0.083143 0.493875 0.208460 0.000290 0.214231
2 0 0.025340 0.318137 0.547350 0.066373 0.042800
2 4 0.023164 0.321696 0.470113 0.053707 0.131319
2 4 0.003360 0.165758 0.697130 0.006398 0.127353
2 4 0.021326 0.344217 0.369544 0.003745 0.261169
2 4 0.037627 0.377298 0.489514 0.047542 0.048019
2 4 0.032669 0.358007 0.474591 0.060479 0.074254
2 4 0.036547 0.391612 0.402619 0.026836 0.142387
2 4 0.023070 0.318471 0.503743 0.060468 0.094248
4 4 0.039113 0.191602 0.091066 0.002708 0.675510
1 4 0.044878 0.439657 0.304770 0.002682 0.208012
4 4 0.040789 0.169059 0.083561 0.001425 0.705166
1 4 0.040855 0.405753 0.285259 0.006435 0.261698
4 4 0.034205 0.303202 0.154746 0.001294 0.506554
4 4 0.021609 0.198149 0.206190 0.044762 0.529290
1 4 0.063643 0.467603 0.327708 0.018958 0.122088
4 4 0.031067 0.074863 0.031196 0.000334 0.862540
4 4 0.067876 0.020852 0.012400 0.000278 0.898594
4 4 0.352745 0.180857 0.065427 0.003143 0.397828
4 4 0.039139 0.270194 0.108527 0.000967 0.581174
4 4 0.041129 0.009386 0.009015 0.000363 0.940107
4 4 0.131319 0.185149 0.072670 0.000551 0.610310
4 4 0.025151 0.012338 0.013942 0.001122 0.947447
4 4 0.020061 0.318852 0.238337 0.000270 0.422481
1 4 0.031910 0.378044 0.242601 0.000355 0.347090
4 4 0.031581 0.350936 0.210405 0.000456 0.406623
4 4 0.100031 0.215092 0.077271 0.000745 0.606862
4 4 0.107299 0.083974 0.046635 0.004525 0.757567
4 4 0.045897 0.314541 0.175898 0.004953 0.458711
4 4 0.027634 0.203503 0.079640 0.000743 0.688481
4 4 0.040864 0.026672 0.018064 0.000571 0.913829
4 4 0.041032 0.169950 0.078502 0.004019 0.706498
4 4 0.032518 0.046072 0.045314 0.006774 0.869322
4 4 0.308800 0.155935 0.050352 0.001765 0.483148
4 4 0.030942 0.260602 0.137657 0.008101 0.562697
4 4 0.010453 0.103434 0.068931 0.003102 0.814081
4 4 0.020659 0.144134 0.114785 0.009631 0.710791
4 4 0.033137 0.255991 0.096573 0.000100 0.614199
4 4 0.012016 0.044316 0.045100 0.003025 0.895544
4 4 0.043209 0.268323 0.127087 0.000783 0.560597
4 4 0.027172 0.253308 0.164616 0.029503 0.525401
4 4 0.035828 0.297330 0.121987 0.000090 0.544765
1 4 0.067714 0.439002 0.197490 0.000877 0.294917
4 4 0.022029 0.280671 0.196925 0.003166 0.497209
4 4 0.022851 0.318629 0.179022 0.000015 0.479484
4 4 0.077786 0.060798 0.014943 0.000025 0.846449
1 4 0.036763 0.391137 0.365863 0.020960 0.185277
2 4 0.002829 0.132426 0.825434 0.018685 0.020626
4 4 0.020215 0.287766 0.256909 0.006728 0.428382
1 4 0.064622 0.453855 0.232764 0.001687 0.247073
2 4 0.015405 0.295203 0.553688 0.022015 0.113689
4 4 0.072091 0.322883 0.188735 0.002581 0.413711
4 4 0.022513 0.232789 0.141440 0.009253 0.594005
2 4 0.032451 0.361293 0.419530 0.051456 0.135269
2 4 0.038439 0.334479 0.445438 0.143733 0.037911
2 4 0.056153 0.399886 0.401191 0.096335 0.046435
1 4 0.064933 0.407065 0.286608 0.105052 0.136342
1 4 0.072628 0.495593 0.293393 0.004240 0.134145
4 4 0.004461 0.196519 0.399324 0.000229 0.399467
1 4 0.042211 0.440327 0.351864 0.004756 0.160842
1 4 0.036456 0.367035 0.337759 0.041303 0.217447
2 4 0.024740 0.342433 0.430686 0.025794 0.176348
4 4 0.101930 0.356140 0.137780 0.000411 0.403739
1 4 0.040867 0.359736 0.250637 0.007917 0.340843
2 4 0.025075 0.364918 0.436484 0.007976 0.165547
2 4 0.009595 0.238072 0.651169 0.028688 0.072476
1 4 0.056488 0.430618 0.274369 0.019219 0.219305
2 4 0.035072 0.397285 0.431147 0.018392 0.118104
1 4 0.041570 0.391836 0.263841 0.008934 0.293818
2 4 0.044356 0.354055 0.357262 0.149833 0.094494
1 4 0.316826 0.454331 0.173143 0.001718 0.053982
1 4 0.209599 0.555048 0.127354 0.000030 0.107969
1 4 0.044803 0.430306 0.330408 0.009140 0.185344
2 4 0.008195 0.217684 0.718890 0.021087 0.034144
1 4 0.033990 0.407013 0.403514 0.007902 0.147582
2 4 0.006532 0.195296 0.754433 0.018140 0.025599
2 4 0.002286 0.129908 0.800718 0.016443 0.050645
2 2 0.025638 0.299330 0.436389 0.142232 0.096412
2 2 0.032408 0.399019 0.460725 0.010555 0.097293
2 2 0.000734 0.080382 0.880256 0.001008 0.037620
2 2 0.001983 0.123623 0.771747 0.020483 0.082165
2 2 0.000224 0.033371 0.926057 0.036095 0.004253
2 2 0.010447 0.251820 0.500721 0.018291 0.218721
1 2 0.059400 0.442165 0.283308 0.019663 0.195463
2 2 0.001545 0.091043 0.848555 0.045386 0.013471
2 2 0.003059 0.137346 0.777404 0.040822 0.041369
2 2 0.027215 0.367204 0.409990 0.012162 0.183428
2 2 0.025189 0.260176 0.669883 0.021563 0.023189
2 2 0.021977 0.312388 0.436666 0.052840 0.176129
4 2 0.037232 0.190946 0.122925 0.022296 0.626600
2 2 0.029897 0.240891 0.522188 0.067427 0.139598
0 2 0.663023 0.206637 0.062892 0.002937 0.064510
0 2 0.738360 0.075960 0.035333 0.005407 0.144940
1 2 0.059042 0.478263 0.345708 0.008418 0.108570
2 2 0.043357 0.376949 0.443122 0.084089 0.052483
2 2 0.004330 0.136570 0.792856 0.057995 0.008250
1 2 0.056207 0.423736 0.388015 0.059305 0.072738
2 2 0.002623 0.102772 0.646126 0.218766 0.029713
2 2 0.000031 0.011243 0.976346 0.011220 0.001160
2 2 0.001907 0.096132 0.827600 0.062400 0.011962
2 2 0.000829 0.059396 0.781026 0.147542 0.011207
2 2 0.023639 0.297107 0.456532 0.123518 0.099203
2 2 0.000513 0.059246 0.882601 0.031466 0.026173
2 2 0.003566 0.148575 0.761334 0.039840 0.046685
2 2 0.000927 0.062931 0.793905 0.132128 0.010109
2 2 0.004036 0.143378 0.790668 0.045455 0.016463
2 2 0.001344 0.082026 0.770120 0.120776 0.025734
2 2 0.001766 0.087953 0.751708 0.141864 0.016709
2 2 0.000487 0.039082 0.798841 0.154704 0.006886
2 2 0.001500 0.079949 0.743418 0.159131 0.016002
2 2 0.000059 0.008616 0.973307 0.017560 0.000458
2 2 0.001106 0.064660 0.726209 0.197324 0.010700
2 2 0.001906 0.064837 0.710820 0.198291 0.024147
2 2 0.000616 0.039594 0.847933 0.110826 0.001032
2 2 0.001528 0.040851 0.863134 0.091391 0.003095
2 2 0.018441 0.314638 0.569788 0.020756 0.076377
2 2 0.001351 0.053705 0.839129 0.087724 0.018091
2 3 0.000184 0.022360 0.896454 0.080340 0.000662
2 3 0.003845 0.117214 0.772930 0.096760 0.009252
2 3 0.000985 0.057200 0.857067 0.077204 0.007544
2 3 0.004029 0.077288 0.701528 0.190252 0.026903
2 3 0.001741 0.056851 0.900149 0.032257 0.009002
2 3 0.000529 0.018175 0.523713 0.455528 0.002055
2 3 0.001604 0.060454 0.776433 0.149078 0.012431
2 3 0.000345 0.025715 0.973887 0.000041 0.000011
2 3 0.000371 0.029427 0.733859 0.232547 0.003796
2 3 0.001258 0.049000 0.694742 0.241890 0.013110
2 3 0.002579 0.033668 0.686756 0.266202 0.010796
2 3 0.007721 0.155733 0.707826 0.094970 0.033750
3 3 0.002385 0.019354 0.388060 0.585767 0.004434
2 3 0.000217 0.008278 0.500529 0.490721 0.000255
3 3 0.001878 0.031442 0.386460 0.565556 0.014665
2 3 0.007980 0.078453 0.722725 0.155279 0.035562
2 3 0.000632 0.031846 0.821303 0.137554 0.008665
2 3 0.002281 0.059378 0.696820 0.238025 0.003496
3 3 0.000030 0.003275 0.446151 0.550006 0.000539
2 3 0.000470 0.020064 0.855344 0.099123 0.024999
2 3 0.002722 0.026119 0.578002 0.383145 0.010012
3 3 0.000541 0.013194 0.457976 0.521334 0.006956
2 3 0.001101 0.030112 0.857249 0.110492 0.001046
3 3 0.002476 0.011184 0.341947 0.640626 0.003768
2 3 0.000108 0.002963 0.507374 0.489055 0.000500
2 3 0.006136 0.045079 0.624091 0.311659 0.013034
3 3 0.006919 0.038991 0.270570 0.663572 0.019948
3 3 0.000529 0.010104 0.385171 0.588879 0.015317
3 3 0.000828 0.004563 0.458895 0.533658 0.002055
3 3 0.002150 0.010720 0.438185 0.542439 0.006506
3 3 0.000727 0.009120 0.164235 0.820348 0.005570
3 3 0.002228 0.009702 0.476687 0.509264 0.002120
3 3 0.019721 0.030266 0.241492 0.675135 0.033385
3 3 0.018017 0.013638 0.162662 0.765528 0.040155
3 3 0.001663 0.003052 0.128653 0.861978 0.004654
3 3 0.000594 0.005454 0.159242 0.830902 0.003807
3 3 0.005720 0.033847 0.319282 0.625289 0.015862
3 3 0.000964 0.003949 0.423477 0.548941 0.022668
2 3 0.007902 0.060463 0.549421 0.346065 0.036148
2 3 0.001298 0.023296 0.782792 0.175143 0.017471
2 3 0.000668 0.015069 0.701303 0.279937 0.003023
2 3 0.000699 0.023273 0.569231 0.403144 0.003653
3 3 0.010614 0.014739 0.330706 0.598187 0.045754
2 3 0.001274 0.019593 0.853077 0.117051 0.009005
3 3 0.002032 0.010405 0.150044 0.828597 0.008922
3 3 0.004811 0.015917 0.369145 0.604207 0.005920
3 3 0.007185 0.048015 0.391388 0.527318 0.026095
3 3 0.006964 0.010822 0.151478 0.812093 0.018642
2 3 0.000652 0.005249 0.697673 0.296092 0.000333
3 3 0.003467 0.004411 0.037095 0.950555 0.004473
3 3 0.000129 0.001062 0.091390 0.906301 0.001118
3 3 0.002609 0.006882 0.281388 0.697020 0.012101
3 3 0.019608 0.031123 0.345907 0.510642 0.092720
3 3 0.003792 0.022641 0.346148 0.615064 0.012355
3 3 0.015342 0.025993 0.213941 0.719211 0.025513
3 3 0.011883 0.025159 0.222129 0.712742 0.028087
2 3 0.001849 0.025979 0.961963 0.007818 0.002391
3 3 0.000784 0.002209 0.085067 0.907800 0.004140
3 3 0.003169 0.011538 0.266769 0.714503 0.004021
2 3 0.059817 0.052495 0.415293 0.400890 0.071505
3 3 0.009294 0.023367 0.135271 0.821825 0.010242
2 3 0.056389 0.391917 0.462614 0.053935 0.035145
3 3 0.004377 0.095156 0.379296 0.499001 0.022171
2 2 0.002964 0.042851 0.484120 0.454745 0.015320
2 2 0.005389 0.126721 0.478591 0.350710 0.038588
2 2 0.008108 0.167985 0.513173 0.062158 0.248575
2 2 0.019884 0.236780 0.394577 0.274418 0.074341
2 2 0.000099 0.025955 0.943038 0.012561 0.018347
2 2 0.000032 0.006141 0.606844 0.384989 0.001994
2 2 0.001053 0.078798 0.853094 0.046797 0.020258
2 2 0.001080 0.086722 0.838308 0.027642 0.046248
2 2 0.016025 0.259423 0.483207 0.116391 0.124955
2 2 0.000666 0.046132 0.640534 0.295472 0.017196
2 2 0.000020 0.004412 0.821205 0.173101 0.001261
2 2 0.001306 0.072255 0.682762 0.196038 0.047640
2 2 0.035484 0.368260 0.446767 0.061490 0.087999
2 2 0.013109 0.271821 0.551473 0.030392 0.133205
4 2 0.017269 0.290116 0.304315 0.005005 0.383294
1 2 0.019585 0.344304 0.306697 0.000579 0.328834
4 4 0.017490 0.257190 0.218039 0.004832 0.502449
4 4 0.011596 0.117471 0.076172 0.003841 0.790920
4 4 0.039107 0.141505 0.095938 0.017707 0.705742
4 4 0.025048 0.044653 0.059343 0.011076 0.859880
1 4 0.046816 0.440382 0.307585 0.004627 0.200590
4 4 0.020376 0.201934 0.116933 0.011761 0.648996
4 4 0.017035 0.276340 0.307695 0.011738 0.387192
4 4 0.021037 0.013497 0.014136 0.000812 0.950518
4 4 0.020419 0.270741 0.192011 0.002685 0.514143
2 4 0.002812 0.160763 0.751578 0.003151 0.081695
4 4 0.021755 0.303682 0.250681 0.003846 0.420037
4 4 0.007691 0.027938 0.032046 0.001025 0.931300
4 4 0.029225 0.083165 0.066900 0.010186 0.810525
4 4 0.022849 0.071087 0.034164 0.000486 0.871415
4 4 0.030677 0.298087 0.186057 0.010810 0.474369
4 4 0.051929 0.264910 0.103694 0.000245 0.579223
4 4 0.009856 0.227926 0.276758 0.001983 0.483477
4 4 0.032534 0.301577 0.184592 0.013329 0.467969
4 4 0.017770 0.312725 0.265607 0.000593 0.403305
1 4 0.282782 0.333360 0.152007 0.001435 0.230416
2 4 0.016308 0.333038 0.373956 0.000814 0.275883
4 4 0.013963 0.175577 0.109290 0.003047 0.698123
4 4 0.013763 0.220665 0.164171 0.001213 0.600188
2 4 0.008525 0.267638 0.572114 0.001661 0.150062
1 4 0.052901 0.404161 0.247264 0.020143 0.275531
2 4 0.030668 0.388865 0.497656 0.009478 0.073333
1 4 0.028899 0.374475 0.346125 0.005947 0.244554
0 4 0.691017 0.211728 0.030600 0.000120 0.066535
4 4 0.209194 0.228279 0.052660 0.000272 0.509595
1 4 0.067747 0.342210 0.242432 0.050653 0.296958
2 4 0.044424 0.384534 0.451113 0.071938 0.047990
1 4 0.029702 0.374227 0.286447 0.002396 0.307229
2 4 0.012689 0.285015 0.562909 0.011026 0.128361
1 4 0.025806 0.368383 0.355843 0.003821 0.246147
2 4 0.009151 0.220176 0.649739 0.057964 0.062970
2 4 0.001940 0.114882 0.812046 0.028701 0.042432
4 4 0.015408 0.256167 0.340651 0.036809 0.350965
1 4 0.055595 0.452016 0.373785 0.003023 0.115582
4 4 0.102881 0.229050 0.193502 0.007158 0.467409
2 4 0.015006 0.256346 0.559006 0.090940 0.078702
1 4 0.037966 0.394061 0.305682 0.006398 0.255893
4 4 0.031798 0.183705 0.125038 0.012572 0.646886
4 4 0.026813 0.302223 0.203521 0.005339 0.462104
1 4 0.056397 0.467854 0.339157 0.009490 0.127102
2 4 0.029769 0.382104 0.434803 0.013071 0.140253
2 4 0.041367 0.349077 0.453444 0.119190 0.036923
1 4 0.257103 0.468441 0.249423 0.001479 0.023554
1 4 0.145256 0.528081 0.209622 0.007250 0.109791
2 4 0.046286 0.409593 0.409666 0.013459 0.120995
1 4 0.144493 0.433266 0.357902 0.020982 0.043357
1 0 0.245359 0.529505 0.151931 0.000440 0.072764
1 0 0.073165 0.499763 0.345864 0.009865 0.071343
1 4 0.058080 0.397700 0.232017 0.037287 0.274915
2 4 0.026356 0.351134 0.523932 0.027907 0.070671
2 4 0.026570 0.335834 0.524472 0.051631 0.061493
2 4 0.008599 0.222328 0.738565 0.010501 0.020007
2 4 0.040430 0.389869 0.414825 0.050594 0.104282
2 4 0.008661 0.178698 0.616182 0.171857 0.024602
2 2 0.011837 0.297108 0.544175 0.002708 0.144172
2 2 0.002157 0.110840 0.827442 0.039806 0.019755
2 2 0.002249 0.129866 0.784382 0.018805 0.064699
2 2 0.002089 0.106372 0.879387 0.000804 0.011348
2 2 0.002315 0.108547 0.862711 0.019976 0.006451
2 2 0.001102 0.096420 0.868993 0.004181 0.029304
2 2 0.000806 0.072687 0.912018 0.002235 0.012254
2 2 0.000484 0.064156 0.915369 0.002919 0.017073
2 2 0.003588 0.164426 0.792700 0.003031 0.036254
2 2 0.039314 0.384627 0.487544 0.043123 0.045393
2 2 0.013504 0.279180 0.662618 0.009973 0.034725
2 2 0.000004 0.003073 0.958568 0.038245 0.000110
2 2 0.004515 0.161776 0.761432 0.038215 0.034062
2 2 0.014385 0.245075 0.580374 0.110221 0.049945
2 2 0.001285 0.092746 0.816005 0.043996 0.045968
2 2 0.008547 0.163708 0.455118 0.310504 0.062123
2 2 0.005480 0.204010 0.594084 0.009179 0.187248
2 2 0.001618 0.088736 0.811960 0.055660 0.042026
2 2 0.000867 0.073800 0.910486 0.003424 0.011423
2 2 0.019990 0.206428 0.739868 0.012465 0.021249
2 2 0.049600 0.383959 0.422498 0.098879 0.045064
1 2 0.064724 0.452301 0.379893 0.010876 0.092206
1 2 0.225846 0.561235 0.163669 0.000421 0.048829
2 2 0.005462 0.143593 0.789257 0.057182 0.004505
1 2 0.055939 0.451986 0.363800 0.006254 0.122022
2 2 0.008632 0.123986 0.680720 0.132956 0.053706
2 2 0.013263 0.263824 0.563305 0.048795 0.110812
4 2 0.022134 0.299372 0.303405 0.020572 0.354516
2 2 0.015635 0.283488 0.537405 0.043811 0.119661
2 2 0.001132 0.088383 0.884202 0.006931 0.019352
2 2 0.000769 0.076795 0.877173 0.013787 0.031476
2 2 0.004983 0.179654 0.717839 0.029643 0.067881
2 2 0.000212 0.037508 0.892716 0.046184 0.023379
2 2 0.000167 0.037278 0.925620 0.010825 0.026110
2 2 0.000651 0.070502 0.880742 0.008236 0.039869
2 2 0.000252 0.037660 0.927094 0.028128 0.006867
2 2 0.000467 0.052911 0.827224 0.087248 0.032151
2 2 0.010409 0.205941 0.611646 0.134751 0.037254
2 2 0.013340 0.283823 0.592328 0.016036 0.094473
2 2 0.000659 0.052931 0.781776 0.153645 0.010987
2 2 0.000041 0.012671 0.937738 0.045713 0.003837
2 2 0.000566 0.056243 0.835274 0.085896 0.022021
2 2 0.004148 0.166782 0.718191 0.030807 0.080073
2 2 0.022236 0.353540 0.524319 0.000197 0.099708
2 2 0.005387 0.103575 0.493278 0.366263 0.031497
2 2 0.002122 0.097834 0.713806 0.100181 0.086057
2 2 0.026656 0.231631 0.693672 0.035731 0.012310
2 2 0.293245 0.253766 0.397970 0.024512 0.030507
0 0 0.577425 0.252474 0.109478 0.004863 0.055759
0 0 0.697264 0.034393 0.010612 0.000892 0.256839
1 0 0.136268 0.533996 0.198231 0.001391 0.130114
2 1 0.017340 0.314705 0.580472 0.013436 0.074046
2 1 0.004602 0.144277 0.718585 0.108939 0.023597
2 1 0.000203 0.019373 0.631485 0.348276 0.000664
2 1 0.006675 0.207889 0.584858 0.027404 0.173175
2 1 0.000764 0.044081 0.651368 0.300757 0.003031
2 2 0.003935 0.148607 0.743831 0.062001 0.041626
2 2 0.006696 0.182734 0.735879 0.037715 0.036975
2 2 0.005323 0.114586 0.448745 0.409046 0.022300
2 2 0.000187 0.031469 0.919935 0.042071 0.006339
2 2 0.013129 0.288005 0.606302 0.010227 0.082337
1 2 0.066099 0.444917 0.243114 0.007974 0.237897
2 2 0.023740 0.356849 0.456950 0.009146 0.153315
1 2 0.038804 0.405002 0.338123 0.011415 0.206656
2 2 0.016162 0.276855 0.605807 0.050640 0.050536
0 2 0.919996 0.025850 0.005109 0.000904 0.048141
1 0 0.305942 0.439365 0.106410 0.002838 0.145446
4 0 0.025449 0.320779 0.301480 0.017261 0.335032
4 0 0.020508 0.099280 0.074264 0.006315 0.799633
1 4 0.053900 0.397449 0.239482 0.027021 0.282148
2 4 0.038071 0.358601 0.369258 0.090111 0.143959
2 4 0.002721 0.120467 0.701742 0.117517 0.057552
2 4 0.000013 0.006529 0.986192 0.006992 0.000275
2 4 0.028796 0.367648 0.442955 0.022132 0.138469
2 2 0.001403 0.066109 0.920784 0.009822 0.001883
2 2 0.008626 0.192793 0.647377 0.117143 0.034062
2 2 0.076607 0.234848 0.291699 0.251861 0.144986
1 2 0.037510 0.362592 0.314777 0.043977 0.241145
2 2 0.002123 0.094890 0.774254 0.117265 0.011468
2 2 0.003148 0.142865 0.815555 0.004520 0.033912
2 2 0.002205 0.104888 0.802670 0.073513 0.016724
2 2 0.001620 0.088555 0.814992 0.081221 0.013612
1 2 0.275394 0.369416 0.133468 0.001590 0.220132
2 0 0.030608 0.331656 0.605957 0.014213 0.017566
