0 0 0.892396 0.006277 0.003247 0.007256 0.090823
0 0 0.969507 0.014900 0.006896 0.003047 0.005651
0 0 0.990109 0.004263 0.001418 0.000021 0.004189
0 0 0.737458 0.060984 0.028778 0.008929 0.163852
0 0 0.883381 0.018199 0.007988 0.001758 0.088674
0 0 0.876682 0.050900 0.018640 0.000149 0.053629
0 0 0.966399 0.015050 0.005795 0.000299 0.012456
2 0 0.141433 0.322012 0.330681 0.002263 0.203611
2 0 0.010721 0.299997 0.594179 0.002333 0.092770
2 1 0.001370 0.137199 0.817373 0.009033 0.035024
2 1 0.000312 0.028348 0.912113 0.056778 0.002449
2 1 0.001110 0.046525 0.706470 0.237010 0.008885
2 1 0.002512 0.213645 0.679931 0.005818 0.098095
2 2 0.000008 0.006862 0.988657 0.003945 0.000527
2 2 0.000825 0.130533 0.851681 0.001665 0.015295
2 2 0.000520 0.040707 0.939884 0.016488 0.002400
2 2 0.000101 0.021678 0.975421 0.001541 0.001258
2 2 0.000000 0.000469 0.974178 0.025345 0.000009
2 2 0.000016 0.002753 0.941829 0.055358 0.000043
2 2 0.000158 0.020335 0.749309 0.225034 0.005165
2 2 0.000079 0.004768 0.558551 0.436343 0.000259
2 2 0.004255 0.038643 0.903322 0.051331 0.002448
3 3 0.000138 0.005705 0.410599 0.582841 0.000717
2 3 0.000867 0.026681 0.643098 0.325797 0.003558
2 3 0.000000 0.000397 0.884790 0.114801 0.000011
3 3 0.000061 0.001345 0.149247 0.849240 0.000107
2 3 0.001469 0.018477 0.887690 0.092107 0.000257
2 3 0.000011 0.001020 0.800404 0.198556 0.000010
2 3 0.000040 0.005548 0.801677 0.192320 0.000415
3 3 0.000239 0.011409 0.371940 0.613219 0.003193
3 3 0.000140 0.003403 0.472090 0.524261 0.000105
3 3 0.000635 0.011526 0.321409 0.664547 0.001883
3 3 0.000000 0.000071 0.264980 0.734945 0.000003
3 3 0.000070 0.004286 0.469448 0.525789 0.000407
3 3 0.000001 0.000258 0.317396 0.682331 0.000013
3 3 0.000054 0.001325 0.263982 0.734597 0.000041
3 3 0.000003 0.000105 0.030113 0.969764 0.000014
3 3 0.000000 0.000029 0.047104 0.952866 0.000002
3 3 0.000000 0.000009 0.025899 0.974091 0.000001
3 3 0.000013 0.000283 0.044018 0.955659 0.000028
3 3 0.000040 0.001521 0.175305 0.822978 0.000155
3 3 0.000002 0.000101 0.037786 0.962095 0.000016
3 3 0.000000 0.000003 0.026312 0.973685 0.000000
3 3 0.000010 0.000666 0.361846 0.637460 0.000017
3 3 0.000004 0.000291 0.074390 0.925265 0.000050
3 3 0.000001 0.000095 0.049366 0.950527 0.000011
3 3 0.000000 0.000000 0.045331 0.954669 0.000000
3 3 0.000000 0.000033 0.036936 0.963027 0.000004
3 3 0.000016 0.000692 0.075806 0.923368 0.000118
3 3 0.000000 0.000011 0.083290 0.916698 0.000000
3 3 0.000000 0.000009 0.075950 0.924040 0.000001
3 3 0.000000 0.000026 0.029260 0.970711 0.000003
3 3 0.000014 0.001189 0.150110 0.848392 0.000295
3 3 0.000000 0.000022 0.030896 0.969080 0.000001
3 3 0.000000 0.000041 0.097345 0.902609 0.000006
3 3 0.000000 0.000007 0.042169 0.957823 0.000001
3 3 0.000000 0.000000 0.002404 0.997596 0.000000
3 3 0.000000 0.000000 0.028837 0.971163 0.000000
3 3 0.000000 0.000001 0.003730 0.996269 0.000000
3 3 0.000004 0.000078 0.015357 0.984551 0.000010
3 3 0.000092 0.000393 0.015893 0.983576 0.000045
3 3 0.000000 0.000032 0.045546 0.954419 0.000003
3 3 0.000000 0.000004 0.018316 0.981679 0.000000
3 3 0.000000 0.000000 0.002581 0.997419 0.000000
3 3 0.000000 0.000000 0.005536 0.994464 0.000000
3 3 0.000000 0.000000 0.004382 0.995618 0.000000
3 3 0.000007 0.000109 0.016580 0.983293 0.000012
3 3 0.000000 0.000003 0.004227 0.995770 0.000000
3 3 0.000008 0.000152 0.021513 0.978308 0.000019
3 3 0.000000 0.000004 0.013064 0.986931 0.000000
3 3 0.000000 0.000000 0.001243 0.998757 0.000000
3 3 0.000000 0.000000 0.002219 0.997781 0.000000
3 3 0.000000 0.000000 0.023133 0.976867 0.000000
3 3 0.000000 0.000001 0.005521 0.994478 0.000000
3 3 0.000000 0.000000 0.013465 0.986535 0.000000
3 3 0.000000 0.000000 0.031460 0.968540 0.000000
3 3 0.000020 0.000462 0.042863 0.956585 0.000069
3 3 0.000000 0.000022 0.041144 0.958830 0.000003
3 3 0.000000 0.000003 0.011357 0.988641 0.000000
3 3 0.000000 0.000000 0.002750 0.997250 0.000000
3 3 0.000000 0.000000 0.004830 0.995170 0.000000
3 3 0.000000 0.000000 0.005011 0.994989 0.000000
3 3 0.000004 0.000034 0.006453 0.993507 0.000003
3 3 0.000000 0.000000 0.030034 0.969966 0.000000
3 3 0.000000 0.000000 0.006161 0.993839 0.000000
3 3 0.000000 0.000028 0.043390 0.956579 0.000003
3 3 0.000000 0.000000 0.000730 0.999270 0.000000
3 3 0.000000 0.000000 0.005463 0.994536 0.000000
3 3 0.000001 0.000064 0.045831 0.954101 0.000003
3 3 0.000000 0.000004 0.005973 0.994023 0.000000
3 3 0.000000 0.000001 0.006325 0.993674 0.000000
3 3 0.000000 0.000001 0.003273 0.996725 0.000000
3 3 0.000000 0.000000 0.021089 0.978911 0.000000
3 3 0.000000 0.000000 0.001228 0.998772 0.000000
3 3 0.000002 0.000003 0.000643 0.999353 0.000000
3 3 0.000001 0.000009 0.005690 0.994300 0.000000
3 3 0.000011 0.000140 0.031218 0.968623 0.000007
3 3 0.000704 0.001116 0.016215 0.981837 0.000128
3 3 0.000027 0.000657 0.210983 0.788173 0.000161
2 3 0.008151 0.035163 0.788432 0.167864 0.000390
3 3 0.000000 0.000078 0.345478 0.654442 0.000002
3 3 0.000092 0.001737 0.130817 0.867191 0.000163
3 3 0.000003 0.000075 0.019466 0.980445 0.000010
3 3 0.000000 0.000001 0.007060 0.992939 0.000000
3 3 0.000067 0.000904 0.085595 0.913382 0.000052
3 3 0.000004 0.000857 0.202669 0.796267 0.000203
3 3 0.000000 0.000001 0.109198 0.890801 0.000000
3 3 0.000003 0.000783 0.280266 0.718699 0.000249
2 3 0.000002 0.001487 0.854548 0.143755 0.000208
3 3 0.000010 0.001680 0.305306 0.692650 0.000355
2 3 0.000002 0.002177 0.683925 0.313003 0.000894
2 3 0.001219 0.155100 0.725948 0.009862 0.107871
2 3 0.004223 0.188401 0.473535 0.020055 0.313786
2 3 0.003641 0.145766 0.690645 0.065306 0.094641
2 3 0.003804 0.133583 0.712636 0.055793 0.094185
2 3 0.002349 0.209669 0.541607 0.004514 0.241861
2 3 0.000237 0.026413 0.948775 0.018432 0.006142
2 2 0.001744 0.148508 0.713839 0.003315 0.132594
2 2 0.000189 0.058956 0.853652 0.023907 0.063297
2 2 0.000239 0.074506 0.860912 0.016207 0.048135
2 2 0.000021 0.009669 0.948636 0.030908 0.010766
2 2 0.000629 0.125962 0.749105 0.021801 0.102502
2 2 0.000116 0.056808 0.901046 0.017913 0.024117
2 2 0.000030 0.007152 0.844133 0.146726 0.001959
2 2 0.000002 0.000913 0.945863 0.053198 0.000025
2 2 0.000024 0.014037 0.971596 0.009482 0.004860
2 2 0.000000 0.000356 0.945650 0.053981 0.000014
2 2 0.006444 0.158118 0.742805 0.061773 0.030860
2 2 0.000066 0.015501 0.965203 0.018260 0.000970
2 2 0.000393 0.045415 0.925203 0.021250 0.007739
2 2 0.000231 0.044898 0.936172 0.004436 0.014263
2 2 0.010555 0.253248 0.589512 0.012221 0.134464
2 2 0.003353 0.150707 0.793931 0.016244 0.035765
2 2 0.000398 0.029821 0.812985 0.151792 0.005004
2 2 0.000294 0.043922 0.904505 0.037897 0.013382
2 2 0.013598 0.163712 0.740028 0.003632 0.079030
2 2 0.031526 0.303848 0.345599 0.025504 0.293523
2 2 0.004670 0.173993 0.744341 0.033088 0.043909
2 2 0.000324 0.060039 0.925988 0.002279 0.011369
2 2 0.005968 0.230721 0.598700 0.018350 0.146261
2 2 0.001326 0.036477 0.663170 0.289941 0.009085
2 2 0.000835 0.036103 0.839053 0.118680 0.005329
2 2 0.002633 0.100371 0.723574 0.132213 0.041210
2 2 0.002767 0.075015 0.907263 0.003816 0.011139
2 2 0.003910 0.175770 0.749078 0.003183 0.068059
2 2 0.002369 0.070732 0.895020 0.019865 0.012014
2 2 0.000612 0.090623 0.861028 0.021452 0.026286
2 2 0.000115 0.037259 0.951918 0.006392 0.004316
2 2 0.002200 0.094029 0.873865 0.019477 0.010429
2 2 0.001134 0.073122 0.890246 0.022035 0.013463
2 2 0.004163 0.152230 0.707697 0.046207 0.089703
2 2 0.010227 0.153676 0.728107 0.030409 0.077581
4 2 0.012944 0.153209 0.298178 0.029259 0.506410
4 2 0.018857 0.205965 0.279313 0.016029 0.479836
2 2 0.000626 0.156676 0.720921 0.015909 0.105869
2 2 0.000932 0.137337 0.828293 0.002370 0.031067
2 2 0.000326 0.068294 0.892185 0.017406 0.021789
4 2 0.049085 0.262553 0.223226 0.009539 0.455597
2 2 0.009218 0.215908 0.565568 0.039090 0.170216
4 2 0.011527 0.252957 0.333308 0.005569 0.396640
2 2 0.015778 0.256368 0.400544 0.079055 0.248255
2 2 0.001357 0.182066 0.761411 0.005609 0.049557
2 2 0.003676 0.158444 0.800868 0.013947 0.023065
1 2 0.071233 0.469129 0.336212 0.003563 0.119863
2 2 0.000675 0.131370 0.804294 0.012612 0.051049
2 2 0.000211 0.055649 0.938758 0.001330 0.004052
1 2 0.015229 0.410673 0.343272 0.000122 0.230704
4 2 0.035548 0.376864 0.192565 0.000374 0.394649
4 2 0.049381 0.223608 0.200422 0.007732 0.518856
2 2 0.023865 0.359367 0.423285 0.007753 0.185731
4 2 0.025675 0.327311 0.311399 0.007001 0.328614
4 2 0.079780 0.156625 0.079815 0.000946 0.682835
4 2 0.035883 0.247383 0.178103 0.006226 0.532405
2 2 0.017272 0.280196 0.313953 0.079032 0.309548
1 2 0.023159 0.388668 0.297214 0.002063 0.288896
2 2 0.019801 0.283245 0.596732 0.037925 0.062296
4 2 0.065935 0.237491 0.114768 0.000314 0.581492
2 2 0.064887 0.304303 0.316665 0.002690 0.311455
2 2 0.006729 0.177875 0.545015 0.012348 0.258033
4 2 0.053683 0.211266 0.212160 0.002471 0.520421
4 2 0.224633 0.081012 0.037162 0.000877 0.656316
1 2 0.028522 0.373863 0.349847 0.002674 0.245094
1 2 0.054976 0.380843 0.216841 0.002038 0.345302
2 2 0.000988 0.186239 0.679633 0.007494 0.125646
1 1 0.239888 0.422179 0.173609 0.000402 0.163923
1 1 0.050433 0.474481 0.205372 0.000088 0.269626
4 1 0.207548 0.196548 0.140926 0.010050 0.444927
1 1 0.173817 0.357000 0.154860 0.001532 0.312791
4 1 0.065698 0.124913 0.105674 0.008809 0.694905
4 1 0.111840 0.283792 0.149040 0.005552 0.449777
4 1 0.170948 0.142808 0.065818 0.001214 0.619212
0 0 0.910009 0.033649 0.014584 0.002213 0.039546
1 0 0.284460 0.369739 0.173970 0.003304 0.168527
1 0 0.203353 0.438056 0.339389 0.000958 0.018244
1 0 0.115499 0.494622 0.303615 0.000631 0.085633
2 0 0.139752 0.241919 0.527801 0.030266 0.060262
2 0 0.052812 0.384072 0.473429 0.005459 0.084228
2 0 0.033242 0.302748 0.594400 0.026133 0.043476
0 0 0.718414 0.091439 0.033656 0.000376 0.156115
4 0 0.250988 0.117383 0.079645 0.001028 0.550956
1 0 0.092751 0.512783 0.215053 0.000463 0.178950
2 0 0.076146 0.365163 0.421799 0.004078 0.132814
4 0 0.193497 0.181358 0.096712 0.001315 0.527117
0 0 0.347052 0.202010 0.101627 0.002462 0.346849
4 0 0.163387 0.188915 0.082305 0.000478 0.564914
0 0 0.851883 0.076252 0.029713 0.000939 0.041212
0 0 0.921213 0.046046 0.019336 0.001790 0.011615
0 0 0.987119 0.006406 0.002482 0.000188 0.003805
0 0 0.857704 0.009291 0.003735 0.000375 0.128896
2 0 0.053946 0.250349 0.583241 0.010538 0.101927
2 0 0.213039 0.255996 0.448012 0.008103 0.074849
0 0 0.327911 0.243939 0.321181 0.010272 0.096696
4 0 0.235327 0.228468 0.200915 0.002252 0.333038
4 0 0.197874 0.126221 0.127571 0.004358 0.543976
1 0 0.240664 0.381202 0.252303 0.004650 0.121182
2 0 0.005426 0.172872 0.744708 0.003686 0.073309
4 0 0.227549 0.265423 0.227336 0.004362 0.275330
4 0 0.083740 0.290569 0.302207 0.001436 0.322049
0 0 0.686610 0.063744 0.024996 0.000598 0.224051
0 0 0.857450 0.048862 0.015787 0.000058 0.077843
2 0 0.236528 0.216355 0.485888 0.015475 0.045754
4 0 0.062353 0.252226 0.241377 0.002814 0.441230
0 0 0.471770 0.181344 0.075463 0.000249 0.271174
0 0 0.630225 0.068980 0.027182 0.000852 0.272761
0 0 0.746187 0.046321 0.019846 0.002215 0.185431
0 0 0.882126 0.075793 0.030124 0.001200 0.010758
0 0 0.670565 0.073536 0.074479 0.037779 0.143641
0 0 0.968055 0.017877 0.007511 0.001001 0.005555
0 0 0.979430 0.005301 0.002786 0.007961 0.004522
0 0 0.822362 0.018347 0.010027 0.027942 0.121322
0 0 0.935383 0.002772 0.001410 0.003520 0.056915
0 0 0.517639 0.022005 0.010055 0.002778 0.447524
0 0 0.433364 0.320013 0.183109 0.001412 0.062102
1 0 0.021934 0.429179 0.390671 0.000059 0.158157
2 0 0.002624 0.118647 0.793647 0.004261 0.080821
4 0 0.039008 0.196800 0.233788 0.000629 0.529775
2 0 0.005393 0.144873 0.491582 0.003696 0.354456
4 0 0.027831 0.169382 0.109028 0.000267 0.693492
2 0 0.041303 0.264623 0.400720 0.000202 0.293152
2 1 0.004804 0.204453 0.536190 0.019108 0.235446
2 1 0.001736 0.167433 0.560318 0.002249 0.268264
4 1 0.018115 0.177846 0.235152 0.000441 0.568445
4 1 0.029076 0.100014 0.068602 0.002971 0.799336
2 1 0.001678 0.160359 0.651595 0.002253 0.184115
2 1 0.003869 0.263491 0.611398 0.000358 0.120884
2 1 0.000441 0.060308 0.805409 0.004747 0.129095
4 1 0.080152 0.267200 0.204287 0.000279 0.448083
2 1 0.002295 0.149332 0.610215 0.002641 0.235516
2 1 0.001027 0.111043 0.704644 0.002373 0.180913
4 1 0.006157 0.034509 0.022940 0.000086 0.936308
4 1 0.062922 0.194801 0.091884 0.000145 0.650247
4 1 0.253149 0.099545 0.037993 0.000105 0.609208
4 1 0.010424 0.256765 0.166780 0.000675 0.565355
2 1 0.009656 0.220770 0.380225 0.009390 0.379958
2 1 0.000284 0.104585 0.808603 0.002387 0.084141
2 1 0.007186 0.199556 0.559252 0.004144 0.229862
2 1 0.001021 0.096233 0.758247 0.036901 0.107598
2 1 0.000069 0.037259 0.937366 0.006518 0.018788
2 1 0.001338 0.138457 0.683598 0.008375 0.168232
2 1 0.000053 0.023882 0.955608 0.003198 0.017258
2 1 0.001707 0.061656 0.908549 0.001087 0.027001
2 2 0.000020 0.009359 0.985996 0.003372 0.001253
2 2 0.000036 0.024623 0.964487 0.006705 0.004149
2 2 0.002314 0.100331 0.861742 0.000247 0.035366
2 2 0.000041 0.024922 0.965593 0.001881 0.007563
2 2 0.000014 0.006315 0.984653 0.008091 0.000928
2 2 0.000058 0.028162 0.962166 0.000830 0.008784
2 2 0.000022 0.017357 0.977607 0.000808 0.004206
2 2 0.000016 0.018480 0.972937 0.003841 0.004727
2 2 0.000105 0.034069 0.959005 0.001473 0.005347
2 2 0.000022 0.002895 0.788881 0.207690 0.000512
2 2 0.000117 0.020234 0.975274 0.002930 0.001444
2 2 0.000007 0.006389 0.991829 0.001198 0.000578
2 2 0.000249 0.068368 0.878471 0.025902 0.027011
2 2 0.000020 0.006644 0.888555 0.104027 0.000754
2 2 0.000001 0.001794 0.987779 0.010326 0.000100
2 2 0.014143 0.142343 0.799070 0.036267 0.008177
2 2 0.005941 0.167616 0.816440 0.002221 0.007783
2 2 0.017596 0.180356 0.778681 0.012530 0.010838
2 2 0.000401 0.031965 0.958648 0.007880 0.001107
2 2 0.001529 0.038457 0.951949 0.006473 0.001592
2 2 0.046044 0.269603 0.647157 0.009286 0.027910
2 2 0.001244 0.018778 0.946184 0.032760 0.001034
2 2 0.000100 0.014645 0.948406 0.035989 0.000860
2 2 0.001392 0.114160 0.827590 0.026951 0.029907
2 2 0.000461 0.032609 0.936036 0.028817 0.002077
3 2 0.001812 0.030627 0.308126 0.647768 0.011667
2 2 0.002362 0.015928 0.514344 0.466022 0.001344
2 2 0.000000 0.000172 0.918930 0.080896 0.000002
2 2 0.003056 0.050856 0.922767 0.021076 0.002245
2 2 0.009650 0.097998 0.822375 0.048890 0.021087
2 2 0.000289 0.022738 0.898310 0.076561 0.002102
2 2 0.019207 0.068391 0.495467 0.401583 0.015351
2 2 0.004527 0.025489 0.593161 0.376172 0.000652
2 2 0.000838 0.028388 0.815553 0.153176 0.002045
2 2 0.000120 0.017633 0.911109 0.069089 0.002049
2 2 0.000004 0.002716 0.938821 0.058269 0.000190
2 2 0.001012 0.035181 0.690171 0.268159 0.005477
2 2 0.000000 0.000366 0.582105 0.417492 0.000036
2 2 0.000012 0.002278 0.612206 0.385305 0.000199
2 2 0.000000 0.000182 0.696123 0.303693 0.000002
2 2 0.000069 0.003042 0.784388 0.212140 0.000362
2 3 0.000553 0.019834 0.578085 0.382184 0.019343
2 3 0.001573 0.032519 0.748887 0.214833 0.002188
3 3 0.000000 0.000026 0.153225 0.846748 0.000002
2 3 0.000673 0.021016 0.639854 0.336283 0.002174
3 3 0.000002 0.000235 0.083785 0.915940 0.000037
3 3 0.000001 0.000224 0.220792 0.778954 0.000029
2 3 0.000686 0.033685 0.772579 0.183368 0.009681
3 3 0.000034 0.001637 0.182466 0.815626 0.000238
3 3 0.003008 0.016450 0.182173 0.795782 0.002586
2 3 0.335745 0.172412 0.335773 0.117533 0.038537
2 3 0.012731 0.107712 0.666815 0.199675 0.013066
2 3 0.005131 0.019793 0.866174 0.098071 0.010830
2 3 0.001120 0.031669 0.800065 0.161163 0.005983
2 3 0.000045 0.004394 0.640107 0.355120 0.000335
2 3 0.000409 0.018041 0.903831 0.076970 0.000749
3 3 0.000085 0.004078 0.341858 0.652818 0.001161
2 3 0.000207 0.025494 0.852545 0.116923 0.004831
3 3 0.000000 0.000264 0.223309 0.776371 0.000056
3 3 0.000032 0.001221 0.108144 0.890385 0.000219
3 3 0.000010 0.002304 0.373133 0.623925 0.000629
3 3 0.000005 0.001493 0.402400 0.595719 0.000384
3 3 0.000004 0.000629 0.252711 0.746588 0.000069
3 3 0.002592 0.042040 0.305035 0.631180 0.019152
3 3 0.000562 0.009380 0.225510 0.762911 0.001636
3 3 0.001867 0.023481 0.321436 0.648636 0.004579
3 3 0.000001 0.000051 0.064602 0.935344 0.000002
3 3 0.000225 0.002740 0.085879 0.910691 0.000465
3 3 0.000041 0.002068 0.171042 0.826430 0.000419
3 3 0.000020 0.000792 0.115558 0.883553 0.000077
3 3 0.000003 0.000650 0.204199 0.794983 0.000165
3 3 0.000069 0.003140 0.177602 0.818462 0.000727
3 3 0.000000 0.000199 0.242975 0.756797 0.000029
3 3 0.000004 0.000615 0.174961 0.824302 0.000119
3 3 0.000000 0.000048 0.125789 0.874155 0.000008
3 3 0.000000 0.000000 0.012275 0.987725 0.000000
3 3 0.000000 0.000007 0.058109 0.941883 0.000000
3 3 0.000000 0.000033 0.083385 0.916580 0.000001
3 3 0.000001 0.000140 0.097925 0.901915 0.000019
3 3 0.003243 0.007767 0.162389 0.825566 0.001035
3 3 0.000021 0.000391 0.057635 0.941919 0.000035
3 3 0.012382 0.070213 0.311193 0.588890 0.017323
3 3 0.000000 0.000019 0.024164 0.975814 0.000002
3 3 0.001026 0.009286 0.107907 0.878981 0.002800
3 3 0.000105 0.001733 0.085058 0.912778 0.000327
3 3 0.000005 0.000646 0.298582 0.700722 0.000045
3 3 0.000001 0.000364 0.209363 0.790207 0.000064
3 3 0.000000 0.000004 0.055390 0.944606 0.000000
3 3 0.000036 0.000933 0.111758 0.887169 0.000104
3 3 0.000003 0.000141 0.074724 0.925124 0.000009
3 3 0.000000 0.000017 0.042745 0.957236 0.000002
3 3 0.000720 0.007803 0.138969 0.850771 0.001737
3 3 0.001954 0.011361 0.236795 0.749036 0.000853
3 3 0.000554 0.011391 0.370454 0.616256 0.001346
3 3 0.000476 0.011722 0.313844 0.671858 0.002100
3 3 0.234684 0.159489 0.111418 0.262395 0.232014
2 3 0.035755 0.143246 0.387608 0.339239 0.094154
3 3 0.015101 0.138047 0.367022 0.412046 0.067784
3 3 0.000113 0.005158 0.465686 0.528439 0.000604
3 3 0.000044 0.004498 0.418670 0.575860 0.000928
2 3 0.000088 0.010728 0.585648 0.400514 0.003022
2 3 0.001278 0.014409 0.858294 0.121583 0.004436
3 3 0.000002 0.001250 0.438872 0.559428 0.000448
2 3 0.000000 0.000081 0.783741 0.216166 0.000012
2 3 0.000000 0.000512 0.908104 0.091312 0.000072
2 3 0.000019 0.002457 0.900842 0.096606 0.000076
3 3 0.000035 0.002775 0.289815 0.706881 0.000494
2 3 0.000640 0.030472 0.924963 0.034083 0.009842
2 3 0.000015 0.006621 0.916568 0.076010 0.000786
2 3 0.000023 0.007405 0.932649 0.059286 0.000637
2 3 0.006025 0.124232 0.820928 0.035952 0.012863
2 3 0.003921 0.105640 0.761506 0.107697 0.021237
2 3 0.017387 0.289087 0.642763 0.010597 0.040166
2 3 0.000352 0.025407 0.858464 0.112790 0.002987
2 3 0.000000 0.000339 0.934099 0.065554 0.000008
2 3 0.000335 0.013601 0.673960 0.311122 0.000982
2 3 0.000185 0.015773 0.759489 0.222551 0.002002
2 3 0.000012 0.002635 0.950779 0.046512 0.000063
2 3 0.000328 0.063854 0.909739 0.013140 0.012940
1 3 0.065395 0.514302 0.354042 0.001699 0.064562
2 3 0.016940 0.338580 0.565090 0.010044 0.069347
2 3 0.007547 0.254129 0.501740 0.063592 0.172991
2 3 0.007559 0.098593 0.862141 0.028028 0.003679
2 3 0.000571 0.068189 0.888905 0.028181 0.014154
2 3 0.000809 0.081577 0.891820 0.014017 0.011777
2 3 0.000001 0.000363 0.978888 0.020746 0.000002
2 3 0.000005 0.003370 0.954249 0.042175 0.000201
2 3 0.000164 0.019692 0.936334 0.042586 0.001224
2 3 0.000011 0.007480 0.949343 0.042087 0.001079
2 3 0.000000 0.000272 0.978495 0.021229 0.000004
2 3 0.027517 0.359608 0.373836 0.003368 0.235672
2 3 0.043036 0.308143 0.526517 0.017738 0.104566
2 3 0.002713 0.193250 0.578230 0.066403 0.159404
2 3 0.000833 0.085154 0.872862 0.023437 0.017714
2 3 0.000858 0.043127 0.909927 0.043243 0.002846
2 3 0.000003 0.004803 0.987882 0.006948 0.000363
2 3 0.000050 0.010683 0.740890 0.246268 0.002109
3 3 0.000037 0.001661 0.479653 0.518606 0.000043
2 3 0.000000 0.000144 0.984332 0.015522 0.000002
2 3 0.000004 0.001447 0.951759 0.046763 0.000027
2 3 0.000338 0.037054 0.942053 0.017693 0.002863
2 3 0.000014 0.003170 0.867258 0.129425 0.000133
2 3 0.000006 0.001480 0.698424 0.300014 0.000076
2 2 0.000003 0.001940 0.930566 0.067403 0.000088
2 2 0.000018 0.008685 0.952167 0.038123 0.001006
2 2 0.000000 0.000017 0.906179 0.093803 0.000000
2 2 0.002361 0.139122 0.753913 0.053166 0.051439
2 2 0.065778 0.350201 0.464456 0.031488 0.088077
1 2 0.100186 0.441114 0.279811 0.009189 0.169701
2 2 0.013598 0.285116 0.619929 0.018054 0.063303
2 2 0.007549 0.207221 0.628740 0.073840 0.082650
2 2 0.000563 0.025763 0.961512 0.010207 0.001956
2 2 0.004749 0.091366 0.838767 0.059091 0.006026
2 2 0.000280 0.080705 0.870410 0.017506 0.031099
2 2 0.000006 0.004041 0.968410 0.027306 0.000237
2 2 0.005168 0.085265 0.758652 0.141211 0.009704
2 2 0.000162 0.018761 0.967976 0.012511 0.000591
2 2 0.022794 0.176374 0.681298 0.032905 0.086629
4 2 0.092462 0.274121 0.301253 0.029511 0.302653
2 2 0.006042 0.296104 0.572474 0.012108 0.113273
2 2 0.037006 0.371056 0.387560 0.004298 0.200081
0 0 0.924757 0.033319 0.029244 0.006225 0.006454
0 0 0.967012 0.021557 0.009070 0.001129 0.001233
0 0 0.968409 0.014099 0.006965 0.006699 0.003829
4 0 0.064813 0.037501 0.019243 0.000334 0.878109
4 1 0.005771 0.271121 0.349863 0.018569 0.354677
2 1 0.006585 0.283104 0.504944 0.003154 0.202213
1 0 0.297769 0.340369 0.153597 0.008734 0.199531
4 0 0.184081 0.288032 0.113489 0.000189 0.414210
4 0 0.050652 0.188220 0.253750 0.013654 0.493724
4 1 0.017644 0.165250 0.112474 0.003834 0.700798
4 1 0.018301 0.143148 0.135019 0.001310 0.702223
4 1 0.035182 0.288942 0.209703 0.003123 0.463050
2 1 0.007882 0.211799 0.574811 0.000250 0.205258
4 1 0.015690 0.089704 0.059406 0.001183 0.834017
4 4 0.042527 0.067673 0.066209 0.003880 0.819710
4 4 0.018442 0.077590 0.050009 0.001024 0.852935
4 4 0.073343 0.030701 0.016109 0.000658 0.879189
0 4 0.619026 0.009466 0.004315 0.001682 0.365511
4 4 0.069753 0.056404 0.031322 0.001914 0.840607
4 4 0.039644 0.057959 0.033974 0.001173 0.867251
4 4 0.009060 0.070060 0.047767 0.000449 0.872664
4 4 0.035231 0.130886 0.083120 0.005418 0.745345
4 4 0.031522 0.148162 0.078487 0.000160 0.741669
4 4 0.091805 0.031408 0.013987 0.000062 0.862739
4 4 0.037684 0.020751 0.011191 0.000173 0.930200
4 4 0.044618 0.041706 0.025761 0.000829 0.887087
4 4 0.145208 0.016531 0.008230 0.000405 0.829627
4 4 0.089029 0.135422 0.095977 0.005904 0.673668
4 4 0.075023 0.042959 0.023151 0.001240 0.857627
4 4 0.025368 0.045056 0.026501 0.000365 0.902710
4 4 0.034148 0.028981 0.016229 0.000287 0.920356
4 4 0.065570 0.014610 0.007266 0.000158 0.912395
4 4 0.057404 0.080252 0.082798 0.008684 0.770862
4 4 0.026160 0.063218 0.038780 0.000944 0.870897
4 4 0.047612 0.299921 0.180313 0.003151 0.469002
4 4 0.150770 0.111940 0.052562 0.001011 0.683716
4 4 0.176512 0.050840 0.026383 0.004154 0.742110
4 4 0.157102 0.033884 0.015696 0.000568 0.792750
4 4 0.012177 0.107360 0.072376 0.000938 0.807148
4 4 0.030773 0.069822 0.053469 0.001969 0.843967
4 4 0.269262 0.009422 0.004149 0.000342 0.716825
4 4 0.099342 0.055703 0.030678 0.002574 0.811703
4 4 0.035327 0.164251 0.090301 0.000455 0.709665
4 4 0.062964 0.130229 0.069307 0.000978 0.736522
4 4 0.003980 0.162208 0.336386 0.001725 0.495700
4 4 0.010066 0.150435 0.292951 0.002040 0.544508
4 4 0.027427 0.089384 0.100914 0.001024 0.781252
2 4 0.000747 0.098521 0.712203 0.074530 0.113999
4 4 0.023147 0.178253 0.116663 0.001013 0.680925
4 4 0.025687 0.243758 0.161395 0.001140 0.568019
4 4 0.221888 0.025345 0.011645 0.000977 0.740146
0 4 0.531499 0.040803 0.021754 0.015762 0.390182
4 4 0.063836 0.036176 0.019497 0.000772 0.879718
4 4 0.104659 0.040435 0.021025 0.001561 0.832320
4 4 0.014801 0.086353 0.107664 0.002639 0.788543
4 4 0.158374 0.022983 0.010462 0.000241 0.807939
4 4 0.018629 0.199952 0.156875 0.000078 0.624465
4 4 0.035948 0.250209 0.130663 0.000279 0.582902
4 4 0.023637 0.019321 0.010807 0.000100 0.946136
4 4 0.035629 0.148628 0.105108 0.008072 0.702562
0 4 0.365597 0.211736 0.084417 0.000469 0.337781
4 4 0.018552 0.090768 0.310396 0.002774 0.577509
2 4 0.008888 0.311338 0.466136 0.003993 0.209645
4 4 0.004805 0.260220 0.361052 0.006745 0.367179
2 4 0.002149 0.167886 0.647685 0.006189 0.176091
2 4 0.000616 0.135133 0.751789 0.004489 0.107973
2 4 0.004503 0.258959 0.514039 0.002487 0.220012
4 4 0.003881 0.187607 0.344852 0.012991 0.450669
2 4 0.001137 0.144533 0.739560 0.007602 0.107167
2 4 0.000210 0.075209 0.810121 0.009831 0.104629
2 4 0.001569 0.184391 0.517570 0.022252 0.274217
4 4 0.003298 0.275079 0.283002 0.007844 0.430776
2 4 0.000302 0.084235 0.867096 0.012313 0.036054
2 4 0.002147 0.139097 0.605146 0.117449 0.136161
2 4 0.000626 0.183241 0.726389 0.000711 0.089034
2 2 0.007622 0.296265 0.508208 0.026159 0.161745
2 2 0.000509 0.132214 0.774527 0.014991 0.077759
2 2 0.000148 0.066848 0.867466 0.002004 0.063534
2 2 0.004000 0.157699 0.520285 0.017072 0.300944
2 2 0.000141 0.032176 0.937972 0.002581 0.027129
2 2 0.000899 0.125860 0.754690 0.004109 0.114441
2 2 0.000242 0.042095 0.931054 0.002023 0.024586
2 2 0.000214 0.024807 0.966819 0.003992 0.004168
2 2 0.000024 0.007677 0.985156 0.005030 0.002113
2 2 0.000133 0.032643 0.950288 0.000337 0.016599
2 2 0.000167 0.019489 0.937272 0.035017 0.008054
2 2 0.000044 0.007727 0.970653 0.019362 0.002214
2 2 0.000161 0.024418 0.952717 0.003396 0.019308
2 2 0.000006 0.005679 0.983803 0.009269 0.001243
2 2 0.000006 0.005940 0.981297 0.012241 0.000516
2 2 0.000493 0.076939 0.831443 0.026691 0.064433
2 3 0.000329 0.056371 0.897604 0.007297 0.038399
1 3 0.198424 0.352596 0.300778 0.018740 0.129461
1 3 0.033150 0.346772 0.284199 0.004610 0.331269
2 3 0.020732 0.305100 0.367753 0.005186 0.301229
1 3 0.041324 0.470805 0.259510 0.000379 0.227982
2 3 0.007484 0.293261 0.532675 0.007363 0.159217
2 3 0.000218 0.022894 0.964626 0.003305 0.008958
2 3 0.000097 0.009439 0.986627 0.001080 0.002756
2 3 0.002290 0.116755 0.788553 0.005835 0.086567
2 3 0.014879 0.185836 0.746666 0.008161 0.044458
2 3 0.000373 0.026926 0.954841 0.012141 0.005719
2 3 0.000082 0.019318 0.968668 0.007601 0.004331
2 3 0.000739 0.029200 0.925797 0.028897 0.015367
2 3 0.000182 0.018671 0.895286 0.077672 0.008189
2 3 0.000082 0.009587 0.907043 0.082214 0.001074
2 3 0.000690 0.034438 0.947365 0.008264 0.009242
2 3 0.000062 0.014019 0.954297 0.029276 0.002345
2 3 0.000170 0.020180 0.835505 0.141150 0.002996
2 3 0.000095 0.048879 0.915540 0.005578 0.029909
3 3 0.000019 0.002561 0.480174 0.516968 0.000277
2 3 0.000310 0.027022 0.880911 0.073685 0.018073
2 3 0.000007 0.003161 0.972155 0.024561 0.000115
3 3 0.000001 0.000434 0.427112 0.572396 0.000057
2 3 0.000551 0.031970 0.653811 0.303907 0.009761
2 3 0.002411 0.084423 0.705566 0.136487 0.071113
3 3 0.000192 0.006441 0.237314 0.754586 0.001467
3 3 0.000007 0.001420 0.274962 0.723210 0.000401
3 3 0.000001 0.000298 0.414340 0.585341 0.000020
3 3 0.001764 0.026501 0.397620 0.564814 0.009301
3 3 0.000000 0.000033 0.090407 0.909555 0.000005
3 3 0.000003 0.000095 0.021928 0.977963 0.000012
3 3 0.000000 0.000052 0.099361 0.900581 0.000006
3 3 0.000018 0.001801 0.292776 0.705142 0.000262
3 3 0.000001 0.000120 0.103332 0.896536 0.000011
3 3 0.000000 0.000018 0.036560 0.963420 0.000001
3 3 0.000001 0.000463 0.315164 0.684324 0.000047
3 3 0.000000 0.000114 0.185035 0.814841 0.000010
3 3 0.000002 0.000390 0.249943 0.749629 0.000036
3 3 0.000000 0.000000 0.011382 0.988618 0.000000
3 3 0.000000 0.000001 0.021498 0.978501 0.000000
3 3 0.000040 0.002365 0.166069 0.830808 0.000719
3 3 0.000000 0.000037 0.089276 0.910686 0.000002
3 3 0.000001 0.000082 0.053147 0.946760 0.000010
3 3 0.000003 0.000262 0.122630 0.877079 0.000026
3 3 0.000001 0.000024 0.011082 0.988891 0.000003
3 3 0.000000 0.000036 0.032484 0.967476 0.000004
3 3 0.000000 0.000002 0.006756 0.993242 0.000000
3 3 0.000000 0.000004 0.013394 0.986602 0.000000
3 3 0.000053 0.000685 0.041318 0.957825 0.000119
3 3 0.000001 0.000055 0.024199 0.975739 0.000005
3 3 0.000000 0.000007 0.018923 0.981069 0.000001
3 3 0.000000 0.000001 0.014957 0.985042 0.000000
3 3 0.000000 0.000000 0.004194 0.995805 0.000000
3 3 0.000000 0.000000 0.002024 0.997976 0.000000
3 3 0.000001 0.000085 0.035373 0.964532 0.000009
3 3 0.000000 0.000003 0.014026 0.985970 0.000000
3 3 0.000000 0.000002 0.061247 0.938751 0.000000
3 3 0.000035 0.000059 0.003041 0.996861 0.000005
3 3 0.000000 0.000000 0.009112 0.990888 0.000000
3 3 0.000000 0.000003 0.004980 0.995017 0.000000
3 3 0.000001 0.000122 0.110637 0.889228 0.000013
3 3 0.000000 0.000004 0.005160 0.994836 0.000000
3 3 0.000000 0.000006 0.025142 0.974851 0.000000
3 3 0.000000 0.000001 0.003732 0.996267 0.000000
3 3 0.000000 0.000005 0.035766 0.964229 0.000000
3 3 0.000000 0.000000 0.000613 0.999387 0.000000
3 3 0.000000 0.000000 0.000523 0.999477 0.000000
3 3 0.000002 0.000020 0.005507 0.994470 0.000001
3 3 0.000000 0.000000 0.004555 0.995445 0.000000
3 3 0.001522 0.002030 0.021793 0.974435 0.000221
3 3 0.000000 0.000000 0.000724 0.999276 0.000000
3 3 0.000000 0.000000 0.001046 0.998954 0.000000
3 3 0.000000 0.000001 0.010938 0.989061 0.000000
3 3 0.000003 0.000031 0.006303 0.993660 0.000003
3 3 0.000000 0.000000 0.005741 0.994259 0.000000
3 3 0.000000 0.000000 0.000172 0.999828 0.000000
3 3 0.000000 0.000001 0.009320 0.990679 0.000000
3 3 0.000000 0.000000 0.002955 0.997045 0.000000
3 3 0.000000 0.000000 0.002680 0.997320 0.000000
3 3 0.000000 0.000000 0.001863 0.998137 0.000000
3 3 0.000000 0.000000 0.006215 0.993785 0.000000
3 3 0.000000 0.000002 0.005229 0.994769 0.000000
3 3 0.000000 0.000004 0.010550 0.989446 0.000000
3 3 0.000000 0.000001 0.013879 0.986119 0.000000
3 3 0.000060 0.000061 0.002281 0.997593 0.000004
3 3 0.001485 0.001757 0.013949 0.982516 0.000293
3 3 0.000000 0.000001 0.003430 0.996569 0.000000
3 3 0.000000 0.000004 0.006811 0.993185 0.000000
3 3 0.000000 0.000000 0.005039 0.994961 0.000000
3 3 0.000000 0.000013 0.010559 0.989427 0.000001
3 3 0.000005 0.000183 0.036422 0.963366 0.000024
3 3 0.000000 0.000007 0.018391 0.981601 0.000001
3 3 0.000000 0.000011 0.018710 0.981279 0.000001
3 3 0.000000 0.000001 0.010382 0.989617 0.000000
3 3 0.000000 0.000000 0.004100 0.995900 0.000000
3 3 0.000000 0.000000 0.001517 0.998483 0.000000
3 3 0.000000 0.000003 0.009693 0.990304 0.000000
3 3 0.000000 0.000000 0.001410 0.998590 0.000000
3 3 0.000000 0.000001 0.010831 0.989167 0.000000
3 3 0.000000 0.000000 0.001408 0.998592 0.000000
3 3 0.000000 0.000000 0.004788 0.995212 0.000000
3 3 0.000000 0.000002 0.008505 0.991493 0.000000
3 3 0.000002 0.000006 0.001348 0.998644 0.000000
3 3 0.000000 0.000000 0.008928 0.991072 0.000000
3 3 0.000898 0.002179 0.085696 0.910827 0.000401
3 3 0.032571 0.028394 0.142254 0.795465 0.001316
2 3 0.012239 0.137184 0.609009 0.208822 0.032745
2 3 0.017807 0.147443 0.505252 0.287264 0.042235
2 3 0.033155 0.163430 0.497916 0.275047 0.030451
0 3 0.341360 0.320066 0.249623 0.006153 0.082797
2 3 0.006293 0.127813 0.664544 0.153375 0.047975
2 3 0.000757 0.111744 0.831377 0.011929 0.044194
2 3 0.001101 0.099117 0.778604 0.033105 0.088074
2 3 0.003358 0.180184 0.456996 0.029254 0.330209
2 2 0.015677 0.314076 0.339089 0.037227 0.293931
2 2 0.001095 0.110614 0.657694 0.043680 0.186916
2 2 0.000347 0.066250 0.804803 0.064753 0.063847
2 2 0.004179 0.083653 0.507823 0.039236 0.365109
4 2 0.011522 0.144870 0.207504 0.006868 0.629236
4 2 0.005342 0.181014 0.230833 0.006301 0.576510
4 2 0.003757 0.185260 0.321264 0.009907 0.479812
4 2 0.002557 0.150584 0.262855 0.003710 0.580294
1 2 0.221531 0.389114 0.160194 0.001746 0.227415
2 2 0.012794 0.217655 0.481432 0.010577 0.277541
2 2 0.004745 0.187480 0.562496 0.046258 0.199020
2 2 0.001384 0.162073 0.662665 0.013318 0.160560
4 2 0.013897 0.102862 0.069685 0.001404 0.812151
1 2 0.062196 0.325568 0.205595 0.109010 0.297631
4 2 0.018976 0.151659 0.103192 0.004298 0.721874
4 2 0.013498 0.176497 0.140367 0.005698 0.663940
4 2 0.037458 0.098119 0.055348 0.000621 0.808453
4 2 0.012851 0.051047 0.032810 0.000335 0.902957
4 2 0.038021 0.096075 0.059409 0.003062 0.803434
4 2 0.015702 0.145811 0.100611 0.003320 0.734555
2 2 0.003219 0.232252 0.412185 0.015746 0.336597
2 2 0.000632 0.153221 0.652214 0.029529 0.164402
2 2 0.001823 0.141438 0.627185 0.021269 0.208285
2 2 0.000548 0.149862 0.654765 0.024317 0.170508
2 2 0.000355 0.094922 0.810623 0.015307 0.078794
2 2 0.000308 0.072399 0.833903 0.004720 0.088670
2 2 0.000561 0.091135 0.800285 0.029937 0.078082
2 2 0.000028 0.018764 0.915557 0.058741 0.006910
2 2 0.000380 0.066744 0.862734 0.042597 0.027545
2 2 0.000022 0.009521 0.984306 0.005285 0.000865
2 2 0.000165 0.048905 0.934571 0.001416 0.014942
2 2 0.000823 0.114065 0.800842 0.010950 0.073321
2 2 0.006986 0.210752 0.696724 0.004073 0.081466
1 2 0.204509 0.452004 0.303944 0.000711 0.038832
1 2 0.299577 0.430130 0.218034 0.000333 0.051925
4 2 0.016144 0.198583 0.135576 0.003825 0.645872
2 2 0.000098 0.057005 0.896219 0.018467 0.028211
2 2 0.000111 0.016582 0.941309 0.040881 0.001116
2 2 0.000128 0.056838 0.869827 0.038966 0.034241
2 2 0.000109 0.070150 0.914647 0.000987 0.014107
2 2 0.000280 0.040164 0.945264 0.004029 0.010263
2 2 0.073711 0.322191 0.461825 0.007581 0.134692
0 2 0.394494 0.320371 0.133117 0.004043 0.147975
2 2 0.003364 0.214928 0.702656 0.013681 0.065371
1 2 0.027615 0.477152 0.407521 0.002235 0.085477
2 2 0.016035 0.358948 0.450905 0.006690 0.167421
2 2 0.009668 0.278186 0.554531 0.009227 0.148389
2 2 0.001703 0.118306 0.773826 0.061871 0.044295
2 2 0.005278 0.203399 0.736887 0.001147 0.053289
2 2 0.000196 0.036436 0.940267 0.003764 0.019338
2 2 0.000292 0.015390 0.903785 0.076057 0.004476
2 2 0.000374 0.115989 0.844103 0.004940 0.034594
1 2 0.266789 0.364456 0.317255 0.020480 0.031020
1 2 0.026964 0.418641 0.318029 0.000184 0.236182
4 2 0.027002 0.274667 0.212527 0.002491 0.483313
2 2 0.000372 0.093653 0.824436 0.018067 0.063472
2 2 0.000519 0.129529 0.701977 0.042224 0.125751
2 2 0.000222 0.052675 0.915353 0.010035 0.021714
2 2 0.000250 0.079090 0.871115 0.000645 0.048901
2 2 0.000382 0.058198 0.918660 0.004388 0.018373
2 2 0.001653 0.086871 0.726976 0.001387 0.183113
2 2 0.000032 0.020968 0.976132 0.000123 0.002745
2 2 0.051587 0.275864 0.373547 0.001783 0.297219
2 2 0.008211 0.272569 0.593984 0.001834 0.123402
0 2 0.646152 0.205168 0.098212 0.021558 0.028911
2 2 0.014366 0.403830 0.509382 0.002513 0.069909
2 2 0.001527 0.235940 0.668050 0.004463 0.090019
2 2 0.000124 0.062714 0.878830 0.020724 0.037609
2 2 0.000158 0.083836 0.878165 0.006404 0.031436
2 2 0.000064 0.037880 0.939160 0.012166 0.010729
2 2 0.000106 0.018109 0.977234 0.001804 0.002747
2 2 0.000103 0.012849 0.974932 0.010254 0.001862
2 2 0.000117 0.039227 0.944679 0.009069 0.006907
2 2 0.000457 0.047080 0.924119 0.000901 0.027442
2 2 0.000062 0.014193 0.969554 0.015556 0.000636
2 2 0.000006 0.007133 0.980603 0.010051 0.002208
2 2 0.000043 0.048236 0.933424 0.003572 0.014726
2 2 0.000000 0.000140 0.954870 0.044986 0.000004
2 2 0.000307 0.006185 0.924321 0.065631 0.003555
2 2 0.000046 0.007415 0.651060 0.340393 0.001086
2 2 0.000085 0.013144 0.875382 0.109961 0.001428
2 2 0.001552 0.060080 0.859325 0.073783 0.005260
2 2 0.000007 0.001943 0.904815 0.093191 0.000045
2 2 0.000251 0.063958 0.849975 0.025960 0.059856
2 2 0.004537 0.043156 0.916391 0.026502 0.009414
1 2 0.161658 0.406151 0.379322 0.014855 0.038014
1 2 0.266068 0.464647 0.239812 0.002724 0.026749
1 2 0.014117 0.415074 0.254385 0.001450 0.314975
2 2 0.000640 0.086228 0.835365 0.033899 0.043867
2 2 0.000043 0.007361 0.983162 0.009232 0.000203
2 2 0.000206 0.026479 0.908968 0.023955 0.040392
2 2 0.000984 0.036707 0.892269 0.066924 0.003117
2 2 0.000130 0.014868 0.951256 0.028258 0.005489
2 2 0.004471 0.212814 0.675081 0.029622 0.078011
0 2 0.451149 0.306369 0.225925 0.005189 0.011369
4 2 0.066913 0.337108 0.155927 0.000249 0.439803
2 2 0.001923 0.176877 0.718516 0.024446 0.078238
2 2 0.000112 0.016208 0.802537 0.178622 0.002521
2 2 0.000056 0.013867 0.958760 0.023712 0.003605
2 2 0.000005 0.007021 0.984136 0.007304 0.001534
2 2 0.000029 0.010288 0.980163 0.006795 0.002724
2 2 0.000015 0.007687 0.731631 0.257619 0.003048
2 2 0.000105 0.017153 0.967334 0.002820 0.012587
2 2 0.000051 0.014841 0.975064 0.008189 0.001855
2 2 0.000479 0.071475 0.811254 0.008430 0.108363
2 2 0.000016 0.017257 0.968129 0.009586 0.005011
2 2 0.000006 0.005210 0.987017 0.007189 0.000579
2 2 0.000519 0.062015 0.889005 0.023041 0.025420
2 2 0.000080 0.036052 0.871392 0.071412 0.021065
2 2 0.000306 0.035953 0.735782 0.213204 0.014755
2 2 0.000011 0.015892 0.925881 0.048807 0.009410
2 2 0.000081 0.026574 0.906808 0.059278 0.007259
3 2 0.000002 0.001416 0.474430 0.523684 0.000468
2 2 0.003999 0.080907 0.904746 0.005542 0.004807
1 2 0.105221 0.487131 0.357298 0.004185 0.046165
2 2 0.006546 0.201270 0.743862 0.012093 0.036229
2 2 0.003016 0.200132 0.718405 0.016030 0.062417
2 2 0.294185 0.234287 0.315213 0.064139 0.092177
1 2 0.043850 0.399720 0.244855 0.011996 0.299579
0 0 0.865958 0.093262 0.036768 0.001209 0.002803
1 0 0.267493 0.409639 0.152895 0.000856 0.169118
1 1 0.059549 0.391977 0.292431 0.001409 0.254635
2 1 0.003670 0.242517 0.578770 0.007872 0.167171
4 1 0.010020 0.201787 0.360600 0.047630 0.379963
4 1 0.002819 0.220680 0.323829 0.008566 0.444106
4 2 0.021432 0.101238 0.065834 0.001996 0.809500
4 2 0.011584 0.215387 0.332044 0.006191 0.434795
4 2 0.034602 0.219174 0.216119 0.002187 0.527919
4 2 0.043492 0.048993 0.030473 0.001074 0.875968
4 2 0.018372 0.118935 0.089993 0.003056 0.769644
4 4 0.024729 0.054340 0.055897 0.001668 0.863365
0 4 0.500422 0.037371 0.017971 0.001837 0.442399
4 4 0.013573 0.162447 0.150970 0.000296 0.672715
4 4 0.004293 0.217251 0.174458 0.002941 0.601058
4 4 0.010080 0.053834 0.065308 0.000858 0.869919
4 4 0.008674 0.043711 0.028738 0.000178 0.918700
4 4 0.013005 0.118208 0.162108 0.006589 0.700090
4 4 0.012081 0.052295 0.033873 0.000332 0.901420
4 4 0.010995 0.135428 0.155475 0.001812 0.696290
4 4 0.021766 0.065698 0.061908 0.001756 0.848872
4 4 0.381910 0.062064 0.032479 0.007364 0.516183
0 4 0.590525 0.136325 0.065981 0.009315 0.197855
4 4 0.023403 0.119346 0.069609 0.000376 0.787266
4 4 0.093248 0.018606 0.009148 0.000344 0.878654
4 4 0.034253 0.015220 0.008062 0.000092 0.942373
4 4 0.088275 0.135227 0.064141 0.000305 0.712052
4 4 0.037479 0.014079 0.007347 0.000087 0.941008
4 4 0.026226 0.049820 0.029938 0.000605 0.893411
4 4 0.019616 0.043475 0.026517 0.000362 0.910030
4 4 0.069251 0.072808 0.041349 0.003101 0.813491
4 4 0.315331 0.041695 0.019154 0.002722 0.621098
4 4 0.070717 0.026363 0.013699 0.000483 0.888739
4 4 0.028002 0.014301 0.007675 0.000069 0.949954
4 4 0.008578 0.121797 0.193313 0.006173 0.670139
4 4 0.021375 0.112492 0.164885 0.011521 0.689728
4 4 0.044140 0.059057 0.032609 0.000527 0.863667
4 4 0.060598 0.014126 0.007056 0.000138 0.918082
4 4 0.126767 0.040221 0.020539 0.001903 0.810569
4 4 0.082294 0.051694 0.028064 0.001918 0.836030
4 4 0.049143 0.273232 0.162708 0.008378 0.506538
4 4 0.424799 0.091203 0.038301 0.000969 0.444727
4 4 0.019471 0.025354 0.014775 0.000136 0.940264
4 4 0.065875 0.169414 0.089188 0.001088 0.674436
4 4 0.017598 0.154766 0.241600 0.001379 0.584657
4 4 0.009980 0.142304 0.102132 0.002113 0.743470
4 4 0.024704 0.260318 0.147492 0.000499 0.566986
2 4 0.033571 0.280595 0.352826 0.008224 0.324784
2 4 0.001838 0.198886 0.674748 0.019730 0.104798
4 4 0.007977 0.142229 0.196974 0.002414 0.650407
2 4 0.000663 0.133125 0.820944 0.006742 0.038525
2 4 0.000480 0.117875 0.806279 0.017266 0.058100
4 4 0.011366 0.230052 0.365178 0.006564 0.386841
2 4 0.000650 0.155319 0.714612 0.001547 0.127871
2 4 0.000313 0.079524 0.886003 0.011766 0.022394
4 2 0.005752 0.251370 0.335710 0.012510 0.394659
4 2 0.057079 0.192982 0.102145 0.000916 0.646878
2 2 0.000806 0.149794 0.781217 0.003266 0.064918
2 2 0.000872 0.115120 0.778159 0.001643 0.104206
4 2 0.008098 0.187791 0.357809 0.007886 0.438417
2 2 0.002006 0.167647 0.607857 0.014065 0.208425
2 2 0.004677 0.192712 0.573044 0.004913 0.224653
0 2 0.884898 0.052645 0.018531 0.000208 0.043718
4 2 0.448934 0.042295 0.020075 0.006460 0.482236
2 2 0.017397 0.357603 0.433753 0.000488 0.190759
2 2 0.005956 0.183478 0.515464 0.017707 0.277396
2 2 0.007852 0.279555 0.403768 0.053934 0.254891
2 2 0.001874 0.153062 0.655480 0.020780 0.168805
2 2 0.000925 0.156919 0.666693 0.035965 0.139499
2 2 0.000537 0.098695 0.820586 0.033462 0.046720
