0 0 0.975584 0.014787 0.003505 0.000002 0.006123
0 0 0.830301 0.043183 0.036970 0.003801 0.085745
0 0 0.800180 0.151880 0.021735 0.000000 0.026204
0 0 0.953063 0.032066 0.011292 0.000011 0.003568
0 0 0.979508 0.011940 0.004645 0.000013 0.003894
0 0 0.958311 0.013657 0.005123 0.000040 0.022869
0 0 0.930141 0.025784 0.007705 0.000008 0.036362
0 0 0.903203 0.038877 0.018109 0.000266 0.039545
0 0 0.983808 0.006986 0.002684 0.000002 0.006520
0 0 0.867647 0.044674 0.020245 0.000171 0.067262
0 0 0.900394 0.048021 0.013598 0.000009 0.037978
0 0 0.439701 0.362730 0.076248 0.000004 0.121317
0 0 0.908983 0.031661 0.010131 0.000021 0.049205
1 0 0.348526 0.473147 0.131373 0.000004 0.046950
1 0 0.166656 0.472596 0.292779 0.000172 0.067798
1 0 0.141820 0.505717 0.217665 0.000027 0.134771
0 0 0.693076 0.096165 0.027227 0.000039 0.183493
0 0 0.734103 0.127203 0.078626 0.002165 0.057902
0 0 0.603520 0.095642 0.053202 0.001789 0.245848
0 0 0.966965 0.005018 0.002323 0.000009 0.025685
4 0 0.319839 0.006893 0.004155 0.000034 0.669079
0 0 0.772556 0.092801 0.026505 0.000012 0.108127
0 0 0.762093 0.081291 0.040016 0.000243 0.116357
0 0 0.872334 0.048289 0.031707 0.001777 0.045893
0 1 0.920412 0.030775 0.013415 0.000149 0.035249
0 1 0.561578 0.179026 0.049041 0.000025 0.210330
1 1 0.089473 0.449696 0.156752 0.000134 0.303945
4 1 0.038659 0.362503 0.133465 0.000101 0.465272
1 0 0.200106 0.424160 0.112382 0.000026 0.263325
4 0 0.108784 0.262868 0.205067 0.000587 0.422693
0 0 0.946197 0.018170 0.008280 0.000026 0.027329
0 0 0.896023 0.010720 0.004189 0.000039 0.089029
0 0 0.787878 0.017323 0.007536 0.000032 0.187231
0 0 0.853815 0.049942 0.017754 0.000017 0.078472
0 0 0.895147 0.036655 0.013530 0.000043 0.054626
0 1 0.841582 0.064786 0.024345 0.000122 0.069165
1 1 0.253222 0.518149 0.172729 0.000028 0.055871
1 1 0.139259 0.535643 0.200760 0.000123 0.124215
1 1 0.072117 0.542316 0.239676 0.000206 0.145685
1 2 0.055448 0.541929 0.302935 0.000304 0.099385
2 2 0.017536 0.308533 0.653497 0.000537 0.019896
2 2 0.017908 0.297406 0.640885 0.003270 0.040532
1 2 0.061315 0.464348 0.326700 0.000077 0.147560
1 2 0.182744 0.455146 0.337076 0.000145 0.024889
2 2 0.019190 0.209818 0.722998 0.013982 0.034012
2 2 0.114053 0.369806 0.463253 0.000899 0.051989
1 2 0.066986 0.440032 0.396582 0.000546 0.095855
2 2 0.008861 0.144433 0.834421 0.000633 0.011652
2 2 0.002383 0.056551 0.926462 0.012537 0.002066
2 2 0.111267 0.228524 0.631654 0.009242 0.019313
2 2 0.005393 0.106233 0.879165 0.003145 0.006064
2 2 0.009816 0.163895 0.809267 0.001617 0.015405
2 2 0.001743 0.030583 0.914222 0.052865 0.000587
2 2 0.001316 0.027358 0.963747 0.007227 0.000352
2 0 0.056505 0.142245 0.785680 0.004415 0.011155
4 1 0.137713 0.249881 0.189906 0.000679 0.421821
1 2 0.022097 0.409404 0.299456 0.000119 0.268925
2 2 0.009117 0.168127 0.759292 0.004003 0.059462
2 2 0.012187 0.395474 0.457776 0.000186 0.134378
2 2 0.006071 0.155203 0.816577 0.001276 0.020872
2 2 0.002007 0.115180 0.868086 0.000298 0.014428
2 1 0.011453 0.232346 0.721853 0.000526 0.033822
2 2 0.030713 0.284576 0.448869 0.002192 0.233651
2 1 0.001357 0.065702 0.925590 0.002836 0.004515
1 2 0.223843 0.322901 0.295194 0.000363 0.157699
4 2 0.036863 0.293673 0.196292 0.000657 0.472514
2 2 0.023746 0.200343 0.578706 0.006977 0.190228
2 2 0.000523 0.055723 0.936474 0.000449 0.006832
1 2 0.069172 0.452587 0.309289 0.000685 0.168268
2 2 0.001974 0.133266 0.833598 0.000918 0.030245
2 2 0.001149 0.025174 0.956058 0.014793 0.002827
2 2 0.067695 0.344282 0.402737 0.001262 0.184024
2 2 0.001222 0.040880 0.950299 0.006209 0.001389
2 2 0.001433 0.086578 0.893128 0.004664 0.014197
2 2 0.011523 0.162425 0.809687 0.007906 0.008459
2 2 0.010415 0.230261 0.727775 0.000441 0.031108
2 1 0.004861 0.069249 0.920864 0.004093 0.000933
2 2 0.001050 0.107257 0.857486 0.004446 0.029762
2 2 0.000268 0.016530 0.964666 0.018242 0.000293
2 2 0.002043 0.039240 0.919238 0.038776 0.000703
2 2 0.001301 0.034772 0.953284 0.010137 0.000506
2 2 0.031998 0.067171 0.880205 0.014305 0.006321
2 2 0.000743 0.046547 0.932703 0.016427 0.003579
2 2 0.000058 0.012346 0.981062 0.006166 0.000369
2 2 0.070185 0.343182 0.397915 0.008128 0.180590
2 2 0.001216 0.013711 0.799718 0.184929 0.000426
2 2 0.000949 0.027143 0.901732 0.069383 0.000793
2 2 0.002320 0.096423 0.892632 0.004834 0.003792
2 2 0.000361 0.007421 0.586891 0.404726 0.000601
2 2 0.000689 0.014261 0.761323 0.222923 0.000804
2 2 0.000529 0.078329 0.898593 0.005350 0.017199
2 2 0.000078 0.011062 0.951135 0.037199 0.000526
2 2 0.001478 0.064627 0.926241 0.002829 0.004827
2 1 0.000610 0.029150 0.956560 0.012814 0.000866
2 2 0.001634 0.040953 0.867440 0.081632 0.008341
2 2 0.000738 0.040344 0.939313 0.018027 0.001578
2 2 0.001059 0.023765 0.923472 0.051346 0.000358
2 2 0.003503 0.072767 0.876031 0.044609 0.003090
2 2 0.015320 0.072200 0.834357 0.073304 0.004818
2 2 0.000726 0.017921 0.962834 0.018398 0.000120
2 1 0.004182 0.042085 0.899512 0.053691 0.000530
2 2 0.002636 0.052991 0.912380 0.030789 0.001203
2 2 0.004819 0.042411 0.945532 0.004406 0.002832
2 2 0.000114 0.005869 0.970017 0.023965 0.000034
2 2 0.001752 0.073846 0.915072 0.004262 0.005068
2 2 0.000537 0.007890 0.889934 0.101572 0.000067
2 2 0.001081 0.042026 0.888132 0.065513 0.003248
2 2 0.000253 0.011813 0.955889 0.031894 0.000150
2 2 0.000001 0.000721 0.992325 0.006949 0.000004
2 2 0.000012 0.002062 0.979504 0.018399 0.000023
2 2 0.000000 0.000043 0.929511 0.070446 0.000000
2 2 0.000013 0.001061 0.889402 0.109515 0.000009
2 2 0.000005 0.000212 0.542826 0.456955 0.000002
2 2 0.001766 0.023270 0.681176 0.291952 0.001837
2 2 0.007711 0.120117 0.831074 0.033035 0.008062
2 2 0.000834 0.025095 0.934878 0.037910 0.001283
2 2 0.001349 0.030968 0.888543 0.078300 0.000839
2 2 0.000266 0.027105 0.969860 0.002147 0.000622
2 2 0.000463 0.036495 0.953631 0.007769 0.001641
2 2 0.013898 0.177354 0.787397 0.011789 0.009562
2 2 0.002926 0.054823 0.937888 0.002574 0.001790
2 2 0.020396 0.224955 0.639426 0.002673 0.112549
2 2 0.000368 0.010759 0.932556 0.056188 0.000130
2 2 0.002023 0.057190 0.936214 0.002805 0.001768
2 2 0.009563 0.167004 0.816202 0.001331 0.005900
2 2 0.001848 0.021469 0.895863 0.079803 0.001017
2 2 0.005681 0.032021 0.935543 0.025795 0.000960
2 2 0.002554 0.133732 0.848498 0.004177 0.011039
2 2 0.001516 0.038983 0.950774 0.008335 0.000392
2 2 0.001644 0.102448 0.885286 0.003366 0.007257
1 2 0.055216 0.440150 0.349852 0.000473 0.154310
2 2 0.006030 0.063380 0.927144 0.001598 0.001848
2 2 0.002407 0.066944 0.920642 0.003744 0.006263
2 2 0.000358 0.013035 0.967501 0.018868 0.000239
2 2 0.005117 0.075096 0.915879 0.000802 0.003106
2 1 0.010804 0.139024 0.840483 0.004247 0.005441
2 2 0.059025 0.413416 0.465326 0.000900 0.061333
2 2 0.000097 0.009308 0.988541 0.001943 0.000111
2 2 0.003750 0.155659 0.817620 0.000601 0.022370
2 2 0.000117 0.017873 0.972676 0.008296 0.001038
2 2 0.030262 0.224710 0.704292 0.003185 0.037551
2 2 0.039998 0.423318 0.454764 0.000606 0.081314
2 2 0.005452 0.125550 0.864798 0.000308 0.003892
2 2 0.003607 0.100097 0.889267 0.001043 0.005985
2 2 0.001469 0.032628 0.950993 0.014237 0.000673
2 0 0.183314 0.367508 0.414899 0.000067 0.034211
0 1 0.898988 0.047424 0.024571 0.000344 0.028673
1 1 0.244376 0.461415 0.256537 0.000222 0.037450
1 1 0.075797 0.477839 0.207687 0.001526 0.237150
2 2 0.012127 0.229084 0.675584 0.004741 0.078465
2 0 0.004943 0.207542 0.738143 0.003133 0.046240
2 0 0.058714 0.264873 0.661649 0.000357 0.014407
0 0 0.447326 0.236825 0.107012 0.000197 0.208640
0 0 0.943668 0.025201 0.009683 0.000017 0.021430
0 1 0.683234 0.219904 0.034656 0.000000 0.062205
1 1 0.256969 0.391096 0.091146 0.000011 0.260777
4 0 0.108107 0.381845 0.110775 0.000054 0.399220
1 0 0.210940 0.511084 0.163422 0.000041 0.114513
0 1 0.539405 0.264437 0.042644 0.000000 0.153515
1 1 0.018529 0.437712 0.335963 0.000155 0.207642
2 1 0.002892 0.146484 0.812492 0.003515 0.034618
2 1 0.002099 0.105431 0.885228 0.002444 0.004798
1 1 0.264552 0.363829 0.345123 0.000272 0.026224
1 1 0.052293 0.538793 0.295621 0.001552 0.111741
2 1 0.001241 0.095910 0.894325 0.001075 0.007450
2 1 0.007632 0.253058 0.704704 0.002905 0.031701
2 1 0.064494 0.427580 0.432338 0.000099 0.075489
1 1 0.186804 0.413959 0.372525 0.000014 0.026697
2 2 0.005408 0.298795 0.633398 0.000234 0.062165
1 2 0.046018 0.494939 0.403022 0.000106 0.055915
1 1 0.068929 0.439604 0.421553 0.000110 0.069804
2 1 0.020967 0.120820 0.821801 0.032312 0.004100
1 0 0.161462 0.488587 0.255112 0.000023 0.094817
1 1 0.251488 0.395516 0.335525 0.001534 0.015937
2 0 0.101113 0.299783 0.576220 0.007503 0.015381
0 1 0.894426 0.072498 0.021233 0.000024 0.011819
1 1 0.352495 0.436596 0.109106 0.000007 0.101795
2 1 0.034938 0.361914 0.556459 0.000384 0.046305
1 1 0.164522 0.496852 0.209609 0.000214 0.128803
1 1 0.178062 0.433241 0.357456 0.000233 0.031008
2 1 0.052591 0.377859 0.540414 0.008521 0.020615
2 0 0.154153 0.387443 0.441841 0.000360 0.016203
0 0 0.714780 0.158861 0.096018 0.000420 0.029921
0 0 0.994142 0.002183 0.001068 0.000012 0.002596
0 0 0.959607 0.022217 0.011663 0.000202 0.006310
0 0 0.949068 0.014074 0.011591 0.008778 0.016489
0 0 0.773029 0.120420 0.077893 0.009337 0.019321
4 0 0.077715 0.172324 0.159514 0.000091 0.590355
0 0 0.820465 0.044196 0.009572 0.000002 0.125766
0 0 0.969412 0.013908 0.008729 0.000436 0.007515
0 0 0.848860 0.036483 0.014151 0.000088 0.100418
0 4 0.766831 0.053724 0.012615 0.000006 0.166825
4 4 0.406893 0.081131 0.027461 0.000050 0.484464
1 4 0.074116 0.347245 0.245605 0.000075 0.332959
4 4 0.063058 0.094579 0.028665 0.000013 0.813686
4 4 0.177948 0.298209 0.087436 0.000098 0.436309
0 4 0.440155 0.206193 0.076949 0.000226 0.276477
4 4 0.255532 0.120552 0.049895 0.000310 0.573711
4 4 0.227893 0.259400 0.074078 0.000024 0.438605
4 4 0.077321 0.209518 0.224597 0.000643 0.487921
4 4 0.034821 0.253322 0.075280 0.000022 0.636555
4 4 0.104011 0.320631 0.077272 0.000007 0.498079
4 4 0.035458 0.094721 0.069092 0.000226 0.800502
4 4 0.051422 0.028914 0.018502 0.000297 0.900865
4 4 0.163389 0.309545 0.095236 0.000044 0.431786
4 4 0.028799 0.301154 0.327803 0.005707 0.336537
0 4 0.794713 0.032877 0.010907 0.000008 0.161496
4 4 0.347041 0.144479 0.096361 0.001516 0.410603
4 4 0.066808 0.289114 0.160033 0.000977 0.483068
4 1 0.310718 0.182119 0.063403 0.000168 0.443592
0 4 0.730067 0.125161 0.052730 0.000343 0.091699
4 4 0.394854 0.109930 0.062961 0.001615 0.430640
4 4 0.191401 0.068854 0.027292 0.000034 0.712419
4 4 0.101354 0.080275 0.100694 0.004030 0.713647
4 4 0.260420 0.057968 0.022494 0.000043 0.659075
4 4 0.212188 0.214339 0.069941 0.000035 0.503498
4 4 0.026650 0.381158 0.136655 0.000007 0.455529
4 4 0.127505 0.350534 0.147224 0.000021 0.374716
4 4 0.033238 0.150655 0.038763 0.000005 0.777339
4 4 0.022403 0.347948 0.201622 0.000006 0.428022
1 4 0.063176 0.435918 0.233552 0.000592 0.266763
2 4 0.011788 0.305996 0.552237 0.000428 0.129551
2 4 0.036748 0.366568 0.380962 0.000303 0.215419
4 4 0.010791 0.310199 0.292590 0.000024 0.386396
2 2 0.018204 0.371746 0.516246 0.002020 0.091784
2 2 0.015088 0.188053 0.768639 0.001932 0.026288
2 1 0.036240 0.179232 0.763413 0.000453 0.020663
2 2 0.046968 0.376227 0.493231 0.000470 0.083104
1 2 0.078112 0.436488 0.352038 0.000033 0.133329
2 2 0.014388 0.218656 0.720920 0.000067 0.045969
2 2 0.027577 0.268193 0.663133 0.001150 0.039946
2 2 0.032430 0.326984 0.608687 0.000404 0.031494
2 2 0.008508 0.255649 0.636731 0.000195 0.098917
2 2 0.024509 0.240059 0.721854 0.000629 0.012950
2 2 0.157437 0.222816 0.573947 0.000478 0.045321
2 2 0.009681 0.252966 0.683015 0.000132 0.054207
2 2 0.002449 0.085981 0.907538 0.001989 0.002043
2 2 0.000964 0.034009 0.959319 0.005339 0.000368
2 2 0.010196 0.258639 0.684597 0.000137 0.046430
2 2 0.005533 0.324145 0.606160 0.001880 0.062282
2 1 0.000083 0.012054 0.986782 0.000833 0.000247
2 1 0.001011 0.041467 0.955695 0.000205 0.001622
2 2 0.005058 0.131595 0.818133 0.028899 0.016315
2 2 0.001624 0.057964 0.899016 0.037171 0.004224
2 2 0.009162 0.159151 0.815409 0.009879 0.006400
2 2 0.010492 0.217628 0.739410 0.000757 0.031712
2 2 0.001428 0.052169 0.941291 0.002603 0.002509
2 2 0.033429 0.150246 0.790333 0.006515 0.019477
2 1 0.000985 0.019873 0.963354 0.014657 0.001131
2 2 0.025520 0.197260 0.760365 0.002875 0.013979
2 2 0.000893 0.052252 0.918621 0.024700 0.003534
2 2 0.000817 0.052144 0.944277 0.000869 0.001893
2 2 0.001445 0.091165 0.896502 0.002057 0.008832
2 2 0.005682 0.065409 0.926379 0.001364 0.001166
2 2 0.002860 0.063838 0.927981 0.003338 0.001983
2 2 0.016972 0.206279 0.737509 0.001715 0.037524
2 1 0.000024 0.003067 0.977346 0.019539 0.000024
2 2 0.005153 0.221298 0.703634 0.002857 0.067059
2 2 0.007849 0.147078 0.816464 0.000410 0.028199
2 2 0.016377 0.188332 0.761385 0.010616 0.023290
2 2 0.007767 0.079509 0.872162 0.038035 0.002528
2 2 0.013446 0.220615 0.756215 0.000644 0.009081
2 2 0.004882 0.133481 0.842814 0.011631 0.007192
2 2 0.008593 0.238440 0.728599 0.001093 0.023275
2 2 0.045472 0.157368 0.712263 0.055616 0.029280
2 2 0.001015 0.026264 0.971853 0.000510 0.000359
2 2 0.000240 0.034927 0.961978 0.001067 0.001789
2 2 0.000194 0.017256 0.964546 0.017526 0.000478
2 2 0.000307 0.029137 0.944961 0.023792 0.001803
2 2 0.000003 0.000497 0.922010 0.077488 0.000002
2 2 0.008530 0.205686 0.753881 0.006642 0.025260
2 2 0.000260 0.011640 0.979628 0.008366 0.000105
2 2 0.000057 0.003171 0.948428 0.048308 0.000036
2 2 0.000345 0.012359 0.926543 0.060572 0.000182
2 0 0.011229 0.037010 0.802057 0.148375 0.001330
0 1 0.540910 0.139433 0.265813 0.033805 0.020040
2 1 0.002002 0.111267 0.832013 0.020433 0.034283
2 2 0.002030 0.057831 0.929245 0.007490 0.003405
2 0 0.133663 0.190464 0.517693 0.109041 0.049140
2 1 0.253211 0.163449 0.392939 0.163408 0.026992
1 2 0.308363 0.472412 0.146833 0.000064 0.072327
2 2 0.054631 0.397741 0.503554 0.000684 0.043390
1 1 0.057467 0.370739 0.332930 0.001531 0.237334
2 2 0.006508 0.112860 0.860340 0.009439 0.010852
2 1 0.005592 0.081217 0.908339 0.004000 0.000852
2 2 0.013956 0.225251 0.751197 0.002189 0.007407
2 1 0.068598 0.362605 0.517208 0.008516 0.043074
1 2 0.097573 0.458065 0.409850 0.001313 0.033200
2 1 0.037570 0.252174 0.668964 0.000824 0.040467
1 1 0.355347 0.434192 0.189297 0.003251 0.017914
1 2 0.152938 0.549783 0.266779 0.000502 0.029998
2 1 0.003894 0.107090 0.877937 0.006793 0.004286
2 1 0.010955 0.119780 0.862135 0.005816 0.001313
2 1 0.018673 0.187038 0.782803 0.001722 0.009765
2 1 0.059885 0.110188 0.744875 0.080289 0.004763
2 2 0.005881 0.214688 0.741204 0.001241 0.036986
2 1 0.003781 0.097336 0.870186 0.023661 0.005036
2 1 0.015521 0.292492 0.666539 0.000400 0.025047
2 2 0.055154 0.381732 0.516888 0.001473 0.044753
2 0 0.040624 0.409768 0.492018 0.000227 0.057362
1 1 0.263851 0.493443 0.216619 0.001059 0.025029
1 1 0.185692 0.534242 0.175365 0.000023 0.104678
1 1 0.071781 0.511587 0.248623 0.000421 0.167588
2 1 0.014035 0.342100 0.614439 0.000776 0.028650
0 1 0.466899 0.315251 0.104318 0.000244 0.113288
2 1 0.013512 0.188115 0.788409 0.004444 0.005519
1 1 0.359619 0.436105 0.164875 0.000468 0.038932
1 1 0.234868 0.485422 0.243571 0.002225 0.033913
2 1 0.043212 0.247948 0.692778 0.010773 0.005288
2 1 0.063114 0.312913 0.604485 0.002925 0.016562
2 2 0.085324 0.429769 0.453562 0.004329 0.027016
1 1 0.292504 0.482005 0.169502 0.000238 0.055751
1 1 0.141669 0.492194 0.304168 0.001595 0.060374
1 1 0.099502 0.431644 0.409096 0.000195 0.059564
1 1 0.094943 0.487087 0.284720 0.000232 0.133018
2 1 0.161942 0.157021 0.645422 0.001758 0.033858
1 1 0.151992 0.392512 0.382311 0.003598 0.069587
2 1 0.019184 0.260722 0.702011 0.002688 0.015395
0 1 0.562023 0.244688 0.120264 0.001003 0.072023
2 1 0.044261 0.313825 0.580763 0.000315 0.060835
1 1 0.335106 0.449054 0.161929 0.000443 0.053467
2 1 0.080374 0.290477 0.595114 0.014741 0.019294
2 2 0.004653 0.093015 0.883400 0.016217 0.002714
2 1 0.008613 0.220182 0.749458 0.003494 0.018253
2 0 0.013643 0.203438 0.769774 0.005298 0.007848
2 0 0.004290 0.120753 0.865101 0.004386 0.005470
1 1 0.051950 0.509502 0.273019 0.000849 0.164680
2 1 0.006468 0.226218 0.715012 0.000559 0.051743
2 1 0.017358 0.176225 0.782376 0.016928 0.007112
0 1 0.351395 0.186508 0.177079 0.003670 0.281348
1 0 0.256030 0.506877 0.190834 0.000005 0.046255
0 1 0.613614 0.205986 0.108182 0.001739 0.070479
1 1 0.107873 0.422395 0.129642 0.000054 0.340035
2 1 0.024060 0.260835 0.694114 0.000802 0.020189
2 1 0.047044 0.264014 0.628894 0.000347 0.059700
1 1 0.044779 0.502770 0.366701 0.000133 0.085616
1 1 0.195526 0.480730 0.169119 0.000022 0.154602
2 1 0.042032 0.362937 0.571273 0.000040 0.023718
1 1 0.183438 0.493371 0.293263 0.000277 0.029652
2 0 0.142890 0.286372 0.544520 0.001913 0.024304
0 0 0.486988 0.277858 0.200749 0.002760 0.031646
0 0 0.883445 0.066708 0.040345 0.001243 0.008260
0 0 0.769194 0.146551 0.058338 0.000134 0.025782
0 0 0.855127 0.078582 0.036196 0.000152 0.029943
0 0 0.640252 0.202136 0.148517 0.000511 0.008584
0 0 0.737210 0.162070 0.088607 0.000673 0.011440
0 0 0.975776 0.014097 0.007461 0.000047 0.002618
0 0 0.614641 0.168760 0.066636 0.000130 0.149832
0 1 0.381247 0.331324 0.069263 0.000007 0.218159
0 1 0.718198 0.164919 0.056346 0.000120 0.060417
2 1 0.036363 0.119937 0.685984 0.139981 0.017735
1 1 0.084127 0.474489 0.306935 0.001555 0.132894
1 1 0.167594 0.419343 0.176476 0.000433 0.236154
2 1 0.091586 0.402974 0.437399 0.006168 0.061872
2 2 0.008874 0.280066 0.688048 0.002279 0.020733
2 2 0.059141 0.327359 0.589201 0.000723 0.023575
2 2 0.038778 0.235976 0.705860 0.012653 0.006733
2 2 0.009012 0.149384 0.829737 0.003524 0.008344
2 2 0.012571 0.255261 0.705783 0.003982 0.022403
2 2 0.004076 0.055065 0.909005 0.030483 0.001371
2 2 0.001170 0.036819 0.954041 0.007553 0.000417
2 2 0.009079 0.108680 0.849856 0.029361 0.003024
2 2 0.000783 0.023308 0.967375 0.008251 0.000283
2 2 0.010371 0.182089 0.791038 0.002705 0.013797
2 2 0.002433 0.051529 0.893306 0.050740 0.001992
2 2 0.001014 0.038436 0.872249 0.084611 0.003690
2 2 0.000538 0.025316 0.961937 0.011812 0.000397
2 2 0.000253 0.012329 0.974632 0.012632 0.000155
2 2 0.010335 0.057636 0.770469 0.159747 0.001812
2 2 0.000076 0.006538 0.971626 0.021686 0.000073
2 2 0.000777 0.049904 0.929286 0.017153 0.002880
2 2 0.007245 0.082249 0.794678 0.109336 0.006492
2 2 0.022697 0.132096 0.807573 0.035311 0.002324
2 2 0.000090 0.004854 0.945265 0.049750 0.000040
2 3 0.001412 0.029447 0.903067 0.065474 0.000599
2 3 0.000020 0.001213 0.827386 0.171373 0.000008
2 3 0.008432 0.110790 0.839090 0.037590 0.004097
2 3 0.000086 0.003162 0.927954 0.068783 0.000016
2 3 0.000162 0.007656 0.966319 0.025807 0.000056
2 3 0.002185 0.030583 0.889138 0.077634 0.000459
2 3 0.004110 0.076582 0.860069 0.055725 0.003514
3 3 0.000025 0.000768 0.245939 0.753229 0.000040
2 3 0.000493 0.008613 0.780621 0.210120 0.000154
2 3 0.000294 0.013970 0.940291 0.045178 0.000267
2 3 0.000294 0.005796 0.720070 0.273726 0.000113
3 3 0.000000 0.000021 0.442826 0.557152 0.000000
3 3 0.000140 0.000909 0.076186 0.922607 0.000158
3 3 0.000087 0.002029 0.348190 0.649552 0.000141
3 3 0.001961 0.014528 0.335569 0.645961 0.001981
3 3 0.000097 0.000656 0.067556 0.931562 0.000129
2 3 0.000084 0.005071 0.769352 0.225311 0.000182
3 3 0.000010 0.000453 0.162100 0.837394 0.000044
2 3 0.000491 0.011331 0.817183 0.170785 0.000210
2 3 0.006028 0.041067 0.666991 0.283848 0.002065
3 3 0.000001 0.000058 0.103089 0.896847 0.000005
3 3 0.000199 0.001919 0.360590 0.637225 0.000067
2 3 0.024131 0.094767 0.523261 0.348320 0.009521
3 3 0.000009 0.000301 0.134579 0.865083 0.000028
3 3 0.000108 0.000870 0.068283 0.930559 0.000180
2 3 0.000021 0.001149 0.791800 0.207021 0.000009
3 3 0.000012 0.000268 0.117601 0.882099 0.000020
3 3 0.000068 0.000555 0.080040 0.919262 0.000073
3 3 0.000014 0.000248 0.078946 0.920766 0.000026
2 3 0.000085 0.003813 0.605505 0.390332 0.000265
3 3 0.010002 0.022906 0.207372 0.755115 0.004606
3 3 0.000006 0.000171 0.069792 0.930000 0.000030
3 3 0.000040 0.001257 0.404224 0.594439 0.000040
2 3 0.000443 0.006090 0.504466 0.488752 0.000249
3 3 0.000001 0.000049 0.204734 0.795216 0.000001
3 3 0.000042 0.000938 0.139064 0.859790 0.000166
3 3 0.000205 0.001637 0.073762 0.923535 0.000861
3 3 0.000017 0.000186 0.033567 0.966184 0.000047
3 3 0.000034 0.000760 0.215768 0.783388 0.000050
3 3 0.000306 0.006966 0.380538 0.610976 0.001214
3 3 0.000029 0.000969 0.236072 0.762824 0.000106
3 3 0.000303 0.002101 0.070184 0.926712 0.000700
3 3 0.000010 0.000454 0.298724 0.700795 0.000017
3 3 0.000706 0.005881 0.184203 0.807988 0.001222
3 3 0.003176 0.018355 0.446004 0.531138 0.001327
3 3 0.000009 0.000170 0.067943 0.931860 0.000018
3 3 0.000039 0.001719 0.284904 0.713010 0.000329
2 3 0.012691 0.070299 0.689240 0.224241 0.003529
3 3 0.000007 0.000233 0.148342 0.851405 0.000013
2 3 0.000743 0.010958 0.519309 0.468270 0.000719
3 3 0.000434 0.002183 0.053844 0.942390 0.001150
3 3 0.000111 0.002158 0.160536 0.836724 0.000472
3 3 0.000000 0.000023 0.036694 0.963280 0.000003
3 3 0.000116 0.001650 0.183115 0.814925 0.000192
2 3 0.000621 0.006148 0.498774 0.494221 0.000235
3 3 0.000338 0.001990 0.083508 0.913702 0.000462
3 3 0.001182 0.004973 0.106764 0.885502 0.001579
3 3 0.000001 0.000075 0.109402 0.890513 0.000009
3 3 0.000591 0.004073 0.247920 0.747073 0.000343
3 3 0.000129 0.001735 0.119854 0.877754 0.000528
3 3 0.001308 0.016466 0.464006 0.516542 0.001678
3 3 0.000384 0.006525 0.399295 0.593250 0.000546
3 3 0.000402 0.005331 0.346721 0.647098 0.000449
3 3 0.000512 0.005210 0.192130 0.801038 0.001111
3 3 0.000548 0.005525 0.377400 0.616202 0.000325
3 3 0.000623 0.010564 0.421797 0.565889 0.001127
3 3 0.000004 0.000199 0.154524 0.845256 0.000018
3 3 0.000228 0.002168 0.261393 0.736080 0.000131
3 3 0.000265 0.000591 0.018040 0.980746 0.000358
3 3 0.000046 0.001021 0.148221 0.850552 0.000160
3 3 0.000523 0.003524 0.108077 0.886939 0.000938
3 3 0.000021 0.001532 0.480814 0.517533 0.000100
3 3 0.004428 0.016143 0.178800 0.796845 0.003785
2 3 0.001175 0.020582 0.512498 0.462396 0.003350
3 3 0.000001 0.000078 0.079405 0.920507 0.000009
3 3 0.000117 0.001415 0.160860 0.837467 0.000142
3 3 0.003582 0.018202 0.246991 0.726748 0.004477
3 3 0.002933 0.010520 0.167952 0.816472 0.002122
3 3 0.000129 0.001472 0.143293 0.854932 0.000173
3 3 0.000003 0.000335 0.461872 0.537778 0.000013
3 3 0.000013 0.000448 0.262777 0.736746 0.000016
3 3 0.000016 0.000173 0.027226 0.972525 0.000060
3 3 0.000001 0.000051 0.066897 0.933047 0.000004
3 3 0.000319 0.004795 0.305715 0.688683 0.000487
3 3 0.000496 0.003469 0.153140 0.842287 0.000608
3 3 0.000211 0.001199 0.065300 0.932952 0.000338
3 3 0.006490 0.021273 0.337045 0.632304 0.002888
2 3 0.002419 0.019714 0.500940 0.475607 0.001320
3 3 0.000003 0.000038 0.022097 0.977855 0.000008
3 3 0.000062 0.001320 0.165063 0.833361 0.000193
3 3 0.002981 0.008723 0.109780 0.875887 0.002629
3 3 0.000080 0.001133 0.170756 0.827912 0.000119
3 3 0.000004 0.000130 0.066927 0.932918 0.000020
3 3 0.002551 0.013112 0.240650 0.741681 0.002007
3 3 0.000029 0.000411 0.077340 0.922146 0.000075
3 0 0.001611 0.013255 0.239192 0.741464 0.004477
2 0 0.312395 0.170114 0.467971 0.030706 0.018814
0 2 0.754783 0.126354 0.098285 0.003852 0.016726
4 2 0.214135 0.226425 0.091358 0.000767 0.467315
0 1 0.657555 0.165783 0.121647 0.001831 0.053184
1 1 0.138670 0.339592 0.298846 0.003982 0.218910
4 0 0.119060 0.304286 0.117833 0.000552 0.458270
2 0 0.100043 0.277857 0.569041 0.010236 0.042824
0 1 0.565596 0.132462 0.063276 0.001594 0.237072
2 1 0.019803 0.314601 0.352699 0.000150 0.312746
1 1 0.066738 0.431355 0.349960 0.000150 0.151796
0 1 0.398393 0.350964 0.115006 0.000044 0.135593
1 1 0.080227 0.398359 0.272895 0.000094 0.248425
1 1 0.085827 0.413029 0.191257 0.000017 0.309869
1 1 0.027428 0.485302 0.214731 0.000028 0.272511
2 1 0.023158 0.340950 0.521591 0.000619 0.113682
1 1 0.182445 0.493766 0.140434 0.000010 0.183345
2 1 0.142775 0.369113 0.447260 0.005834 0.035018
2 1 0.025982 0.421657 0.476331 0.000241 0.075789
1 1 0.137470 0.440578 0.379030 0.000127 0.042796
2 1 0.022734 0.372211 0.555594 0.000306 0.049155
2 2 0.111111 0.263982 0.336591 0.000704 0.287612
1 2 0.200098 0.523902 0.227719 0.000501 0.047780
2 2 0.019318 0.421154 0.535327 0.000527 0.023673
1 2 0.116587 0.470068 0.271011 0.000328 0.142007
1 2 0.074286 0.449338 0.381022 0.000261 0.095093
1 1 0.361898 0.446960 0.158645 0.000275 0.032222
0 1 0.415245 0.375408 0.104835 0.000105 0.104407
2 1 0.021817 0.279794 0.647866 0.001769 0.048753
0 1 0.743231 0.140464 0.089291 0.001227 0.025788
1 1 0.232814 0.340078 0.302927 0.001054 0.123127
0 1 0.772940 0.152088 0.034066 0.000021 0.040883
2 1 0.046942 0.414842 0.476058 0.005685 0.056473
2 1 0.006999 0.125110 0.857812 0.006007 0.004072
0 1 0.349725 0.314557 0.328791 0.000321 0.006605
1 1 0.117332 0.479427 0.319919 0.000105 0.083216
2 1 0.079459 0.387076 0.507348 0.000213 0.025904
2 1 0.064912 0.239632 0.673172 0.003074 0.019210
2 1 0.083790 0.423290 0.444288 0.000409 0.048224
2 1 0.003697 0.126922 0.847067 0.011653 0.010660
2 1 0.034109 0.362803 0.525306 0.000299 0.077483
2 1 0.031550 0.173155 0.693138 0.066860 0.035298
1 1 0.091539 0.444848 0.427005 0.002765 0.033843
2 1 0.024241 0.279819 0.667435 0.003431 0.025075
2 2 0.009294 0.289402 0.660504 0.002516 0.038284
2 1 0.005938 0.133181 0.845073 0.007760 0.008048
2 1 0.050441 0.387262 0.425799 0.000450 0.136047
2 1 0.013911 0.187024 0.782130 0.007322 0.009613
1 1 0.208987 0.375452 0.348905 0.000249 0.066406
1 1 0.107559 0.468779 0.289428 0.002700 0.131534
1 1 0.078952 0.494688 0.330290 0.000827 0.095243
2 1 0.102352 0.344934 0.537834 0.005053 0.009827
2 1 0.033465 0.414171 0.490749 0.000169 0.061446
2 1 0.045654 0.232466 0.700552 0.006792 0.014537
2 1 0.115329 0.396250 0.462235 0.001174 0.025013
1 1 0.302340 0.461699 0.211251 0.000039 0.024671
1 1 0.184678 0.388818 0.326992 0.004364 0.095148
2 1 0.096326 0.385278 0.482859 0.000058 0.035479
2 1 0.025499 0.200537 0.763604 0.002084 0.008277
2 1 0.018963 0.223483 0.737483 0.006596 0.013475
2 1 0.023346 0.387016 0.465265 0.000207 0.124166
2 1 0.078288 0.395218 0.472690 0.000046 0.053759
2 1 0.029924 0.320345 0.614054 0.001696 0.033983
0 1 0.817207 0.094136 0.030024 0.000056 0.058577
1 1 0.154918 0.417119 0.308524 0.000474 0.118966
1 1 0.133972 0.579672 0.216513 0.000013 0.069830
1 1 0.299804 0.456641 0.141278 0.000162 0.102116
0 1 0.586968 0.278160 0.101444 0.000169 0.033259
2 1 0.008616 0.149326 0.828414 0.005217 0.008428
0 1 0.452751 0.356503 0.073453 0.000003 0.117290
0 0 0.796944 0.158436 0.033575 0.000003 0.011041
0 1 0.615358 0.207201 0.070588 0.000047 0.106805
1 1 0.112927 0.530834 0.239657 0.000043 0.116539
2 2 0.024823 0.381395 0.520926 0.001181 0.071675
2 2 0.004296 0.140797 0.829598 0.002515 0.022794
2 2 0.045686 0.302131 0.617487 0.005785 0.028910
2 2 0.034348 0.265266 0.670902 0.005414 0.024070
2 4 0.021726 0.124366 0.812049 0.017780 0.024080
2 4 0.019249 0.268880 0.383927 0.000208 0.327736
4 4 0.172974 0.217772 0.152857 0.002779 0.453618
4 4 0.018395 0.117691 0.090281 0.000025 0.773609
4 4 0.037275 0.023794 0.016449 0.000591 0.921891
4 4 0.142913 0.030134 0.015631 0.000075 0.811248
0 4 0.506061 0.108613 0.043557 0.000421 0.341347
4 4 0.236098 0.021274 0.012679 0.000129 0.729820
4 4 0.084010 0.118066 0.046457 0.000024 0.751442
4 4 0.088968 0.098902 0.065703 0.000727 0.745701
4 4 0.265577 0.139945 0.059719 0.000375 0.534384
4 4 0.376960 0.079713 0.048280 0.000770 0.494277
0 4 0.428186 0.225779 0.058401 0.000024 0.287610
4 4 0.267510 0.167621 0.060915 0.000062 0.503892
0 4 0.689322 0.032721 0.017214 0.000675 0.260068
0 4 0.429301 0.123377 0.047804 0.000252 0.399266
0 4 0.576378 0.037290 0.015643 0.000100 0.370589
4 4 0.125753 0.093943 0.044533 0.000392 0.735379
4 4 0.267591 0.119643 0.070572 0.002698 0.539495
4 4 0.095622 0.013058 0.009907 0.000146 0.881267
0 4 0.654732 0.034863 0.021983 0.000606 0.287817
1 4 0.326672 0.340082 0.108118 0.000211 0.224917
4 4 0.211107 0.217291 0.069729 0.000121 0.501753
4 4 0.247888 0.049416 0.025306 0.000130 0.677261
0 4 0.604107 0.059131 0.026975 0.000274 0.309513
0 4 0.848369 0.028078 0.009196 0.000010 0.114348
4 4 0.114595 0.105651 0.066553 0.001883 0.711317
4 4 0.061054 0.303669 0.222779 0.000621 0.411877
4 4 0.036207 0.026010 0.013325 0.000046 0.924412
4 4 0.216682 0.073397 0.027480 0.000282 0.682158
4 4 0.003613 0.139108 0.422745 0.000037 0.434497
4 4 0.153873 0.018582 0.008153 0.000098 0.819294
4 4 0.090871 0.080072 0.046500 0.000601 0.781956
4 4 0.212091 0.029827 0.017489 0.000079 0.740514
4 4 0.124539 0.036234 0.019302 0.000110 0.819814
0 4 0.474324 0.040217 0.017327 0.000020 0.468112
4 4 0.386985 0.044601 0.031459 0.001988 0.534966
4 4 0.013589 0.260712 0.126351 0.000076 0.599272
4 4 0.035342 0.068009 0.026015 0.000023 0.870611
4 4 0.015767 0.166688 0.122695 0.000212 0.694638
4 2 0.057798 0.147944 0.060104 0.000035 0.734120
4 2 0.096718 0.379665 0.142802 0.000013 0.380802
4 2 0.129319 0.286416 0.065891 0.000017 0.518356
4 2 0.053186 0.324884 0.101978 0.000054 0.519899
0 2 0.369253 0.352383 0.116913 0.000088 0.161363
1 2 0.045038 0.417263 0.271545 0.000207 0.265947
2 2 0.008365 0.205070 0.682055 0.000058 0.104452
2 2 0.037144 0.325630 0.392136 0.000027 0.245064
2 2 0.011563 0.226258 0.676757 0.000100 0.085321
2 2 0.004060 0.202991 0.675398 0.000648 0.116902
2 2 0.016159 0.285105 0.606275 0.000463 0.091998
2 2 0.000971 0.073502 0.914193 0.004433 0.006901
2 2 0.009660 0.186418 0.774663 0.000648 0.028611
2 2 0.028327 0.278839 0.611708 0.000071 0.081055
2 2 0.000470 0.039089 0.938361 0.018335 0.003744
2 2 0.001543 0.081211 0.882267 0.000035 0.034943
2 2 0.000149 0.043798 0.950431 0.000080 0.005542
2 2 0.000487 0.036034 0.956645 0.003850 0.002983
2 2 0.001311 0.092741 0.885486 0.000623 0.019839
2 2 0.001547 0.065451 0.926428 0.000684 0.005890
2 2 0.000370 0.035809 0.961162 0.000297 0.002361
2 2 0.011034 0.180351 0.784915 0.000026 0.023673
2 2 0.000398 0.043228 0.952008 0.000252 0.004115
2 2 0.000101 0.023571 0.973533 0.000048 0.002746
2 2 0.014615 0.161701 0.561497 0.001897 0.260290
2 2 0.002017 0.151294 0.790592 0.000263 0.055834
2 2 0.003764 0.114485 0.859230 0.000099 0.022422
2 2 0.004880 0.138871 0.832600 0.000024 0.023624
2 2 0.000121 0.022556 0.976239 0.000060 0.001024
2 2 0.002867 0.080274 0.909959 0.000083 0.006816
2 2 0.011199 0.118596 0.790311 0.000276 0.079618
2 2 0.050729 0.289402 0.573539 0.000341 0.085988
2 2 0.013408 0.249401 0.724167 0.001428 0.011596
2 2 0.032068 0.315283 0.575292 0.000018 0.077338
2 2 0.022181 0.147929 0.809191 0.001321 0.019377
0 2 0.430852 0.401709 0.118736 0.000049 0.048653
2 2 0.028377 0.365170 0.589155 0.000378 0.016920
2 2 0.007950 0.129184 0.852379 0.004867 0.005619
1 0 0.083476 0.487036 0.257552 0.000040 0.171896
0 2 0.716939 0.197611 0.048658 0.000008 0.036785
2 0 0.020765 0.096797 0.858871 0.009735 0.013831
0 1 0.497723 0.273125 0.111098 0.001215 0.116839
1 1 0.263653 0.475738 0.149998 0.000124 0.110486
2 1 0.026556 0.394162 0.542933 0.000672 0.035677
2 1 0.029920 0.260939 0.682600 0.003969 0.022572
0 1 0.410028 0.313720 0.086874 0.000020 0.189358
2 1 0.039005 0.353014 0.569228 0.000417 0.038336
0 1 0.447763 0.383517 0.103213 0.000062 0.065445
1 1 0.076265 0.456451 0.227773 0.000100 0.239411
1 1 0.121094 0.464281 0.264071 0.000227 0.150327
1 2 0.132516 0.453544 0.357358 0.000825 0.055758
1 0 0.061733 0.457408 0.417805 0.000058 0.062996
1 1 0.126864 0.462909 0.350075 0.000085 0.060067
1 1 0.084319 0.505945 0.242988 0.000383 0.166365
2 1 0.045209 0.356952 0.523517 0.000772 0.073549
1 1 0.111018 0.447302 0.153796 0.000026 0.287857
1 1 0.092544 0.507501 0.333701 0.000085 0.066169
2 1 0.042379 0.376540 0.462210 0.000348 0.118523
1 1 0.095539 0.435597 0.407955 0.000221 0.060688
4 2 0.056706 0.260315 0.130007 0.000512 0.552459
4 1 0.105344 0.260621 0.212751 0.004802 0.416482
0 1 0.420118 0.361956 0.128024 0.000056 0.089846
1 0 0.154286 0.451770 0.276452 0.000289 0.117203
0 0 0.745757 0.182750 0.055622 0.000012 0.015860
2 1 0.369162 0.221357 0.383668 0.005546 0.020266
4 2 0.015253 0.247498 0.167216 0.000236 0.569797
1 2 0.065241 0.439863 0.205160 0.000278 0.289458
1 2 0.077240 0.377512 0.209516 0.000109 0.335622
1 2 0.077514 0.445344 0.419301 0.000044 0.057796
2 2 0.009938 0.256198 0.676717 0.010099 0.047047
1 2 0.133734 0.476452 0.250211 0.000057 0.139546
2 2 0.007443 0.189464 0.780326 0.000230 0.022538
1 2 0.238810 0.509530 0.185938 0.000210 0.065513
2 2 0.029360 0.263076 0.698036 0.001109 0.008419
2 2 0.006191 0.157637 0.826943 0.000281 0.008947
2 2 0.008202 0.114221 0.872240 0.002011 0.003327
2 2 0.009880 0.109093 0.870040 0.009555 0.001432
2 2 0.003479 0.108345 0.884262 0.000889 0.003024
2 2 0.018312 0.214553 0.748109 0.006341 0.012685
2 2 0.007287 0.114098 0.873755 0.003447 0.001413
2 1 0.029806 0.360457 0.503094 0.000079 0.106564
2 1 0.005542 0.171607 0.806384 0.001652 0.014815
2 1 0.025907 0.343005 0.553947 0.000143 0.076998
2 2 0.045254 0.377932 0.553949 0.000256 0.022609
1 2 0.183106 0.476980 0.145466 0.000022 0.194425
2 2 0.007974 0.240053 0.725220 0.005365 0.021388
2 2 0.019325 0.278570 0.679633 0.003341 0.019131
1 2 0.212467 0.533385 0.222273 0.000169 0.031706
2 2 0.031594 0.346051 0.547951 0.003638 0.070766
2 2 0.012816 0.185169 0.783819 0.002270 0.015927
2 2 0.009920 0.126398 0.857691 0.000171 0.005819
2 1 0.024071 0.226632 0.739221 0.001755 0.008322
2 1 0.017950 0.222056 0.751397 0.000647 0.007951
2 2 0.005980 0.128265 0.860742 0.000864 0.004148
2 2 0.006880 0.229945 0.652995 0.000034 0.110145
2 2 0.028733 0.094672 0.864022 0.007082 0.005491
2 2 0.041810 0.401309 0.489872 0.000019 0.066990
2 2 0.031860 0.369821 0.495131 0.001360 0.101828
2 2 0.026379 0.356106 0.594343 0.000295 0.022877
2 2 0.039760 0.257100 0.691134 0.000615 0.011392
2 2 0.003496 0.073452 0.916516 0.004506 0.002031
0 2 0.400784 0.224130 0.334711 0.001335 0.039039
2 1 0.017940 0.218484 0.751425 0.000403 0.011748
1 2 0.068664 0.465901 0.422182 0.001128 0.042126
2 2 0.009021 0.194397 0.761588 0.002077 0.032917
2 2 0.014984 0.204374 0.764737 0.000075 0.015830
2 0 0.131028 0.397479 0.444052 0.000083 0.027358
0 0 0.786257 0.138767 0.056197 0.000145 0.018634
1 1 0.338398 0.390898 0.184827 0.000187 0.085690
1 0 0.160436 0.511490 0.178441 0.000129 0.149505
0 1 0.886779 0.064387 0.026937 0.000378 0.021519
4 0 0.104039 0.342807 0.179766 0.000258 0.373130
0 1 0.526453 0.272508 0.101184 0.000653 0.099202
0 1 0.503551 0.307848 0.083859 0.000076 0.104665
4 1 0.121357 0.359242 0.149287 0.001288 0.368827
1 1 0.110356 0.502379 0.162750 0.000019 0.224496
0 1 0.848186 0.112593 0.030756 0.000017 0.008448
2 1 0.009167 0.290082 0.457562 0.001720 0.241470
1 1 0.085482 0.453817 0.250882 0.000264 0.209554
2 1 0.004920 0.170801 0.745705 0.040770 0.037805
1 1 0.041602 0.451498 0.324907 0.000454 0.181538
2 1 0.031928 0.353162 0.553435 0.000068 0.061407
2 1 0.010869 0.314212 0.554010 0.000676 0.120233
2 1 0.035654 0.438292 0.453801 0.000427 0.071826
2 1 0.192310 0.318137 0.407098 0.000491 0.081965
1 1 0.263348 0.394483 0.114628 0.000079 0.227462
2 1 0.038758 0.362975 0.481574 0.001648 0.115044
2 1 0.025231 0.341954 0.558469 0.000489 0.073857
1 1 0.234309 0.421564 0.312168 0.000178 0.031782
1 1 0.073187 0.507075 0.324267 0.000529 0.094942
2 4 0.166517 0.302781 0.474480 0.006234 0.049988
1 1 0.139733 0.511791 0.190672 0.000076 0.157729
2 1 0.211102 0.267908 0.481131 0.001459 0.038401
2 1 0.010179 0.173767 0.804797 0.003404 0.007853
1 1 0.214012 0.461715 0.157755 0.000005 0.166514
1 1 0.385441 0.387754 0.103448 0.000067 0.123290
1 1 0.067918 0.453181 0.163278 0.000076 0.315547
0 1 0.561068 0.238332 0.108094 0.000808 0.091698
0 1 0.630568 0.180000 0.110795 0.000596 0.078041
1 1 0.199116 0.503889 0.189184 0.000131 0.107680
1 1 0.149256 0.470383 0.316813 0.001111 0.062437
0 1 0.714443 0.221818 0.058107 0.000012 0.005620
1 1 0.070802 0.464640 0.313475 0.000595 0.150487
2 1 0.164378 0.347283 0.428838 0.006279 0.053223
2 1 0.032018 0.407309 0.486351 0.000565 0.073758
0 1 0.854371 0.105608 0.023387 0.000002 0.016632
1 1 0.021752 0.454061 0.392599 0.000288 0.131299
2 1 0.026577 0.270532 0.573396 0.000976 0.128519
2 0 0.004440 0.214973 0.726524 0.000492 0.053571
0 0 0.941727 0.023969 0.009289 0.000025 0.024991
0 1 0.729682 0.155053 0.068775 0.000146 0.046345
1 1 0.177978 0.511857 0.158664 0.000022 0.151479
2 1 0.139301 0.340469 0.493298 0.000502 0.026430
0 1 0.608196 0.264129 0.061487 0.000033 0.066155
1 1 0.268400 0.511844 0.167243 0.000023 0.052490
1 1 0.054908 0.462261 0.223521 0.000126 0.259184
1 1 0.042688 0.502927 0.288639 0.000043 0.165704
1 1 0.100800 0.473748 0.156054 0.000041 0.269357
0 1 0.550272 0.300333 0.077232 0.000034 0.072129
1 1 0.102980 0.508308 0.296845 0.013262 0.078605
0 1 0.429658 0.289322 0.119238 0.000051 0.161731
1 1 0.102778 0.423781 0.273629 0.000065 0.199747
1 1 0.372265 0.394328 0.156009 0.000118 0.077279
2 1 0.071831 0.316377 0.388275 0.049938 0.173579
0 1 0.392205 0.359397 0.156011 0.000091 0.092295
1 1 0.124715 0.492726 0.145060 0.000007 0.237492
2 2 0.049380 0.355355 0.539214 0.003653 0.052397
2 2 0.000505 0.080936 0.911323 0.001476 0.005761
2 2 0.010673 0.254484 0.664195 0.002045 0.068604
2 2 0.027894 0.183606 0.767705 0.015601 0.005194
1 2 0.034875 0.462883 0.365562 0.000080 0.136600
2 2 0.060172 0.395187 0.483585 0.000550 0.060505
2 2 0.018844 0.183328 0.788564 0.004740 0.004524
2 2 0.009154 0.136078 0.842765 0.002264 0.009739
1 2 0.202354 0.517322 0.187825 0.000204 0.092296
1 2 0.073123 0.487363 0.337938 0.000947 0.100629
1 2 0.079137 0.475385 0.390934 0.000277 0.054268
1 2 0.411896 0.417655 0.147016 0.000131 0.023301
1 2 0.042067 0.413314 0.371211 0.000431 0.172977
0 2 0.500341 0.285164 0.182645 0.003870 0.027980
2 1 0.028745 0.125356 0.751738 0.089895 0.004265
2 2 0.049911 0.085996 0.697814 0.157579 0.008700
0 2 0.634899 0.131850 0.208074 0.007742 0.017435
2 2 0.260209 0.109797 0.551249 0.064543 0.014201
3 1 0.143148 0.049823 0.276440 0.514062 0.016527
0 2 0.671366 0.176257 0.105301 0.011759 0.035317
0 2 0.746354 0.131384 0.094559 0.004257 0.023447
0 2 0.532106 0.163334 0.257486 0.008642 0.038431
0 1 0.353868 0.292385 0.286845 0.004546 0.062356
2 2 0.051818 0.389311 0.492921 0.001708 0.064242
2 2 0.074014 0.208498 0.609085 0.096699 0.011704
0 2 0.409990 0.287171 0.273706 0.003256 0.025878
2 2 0.077311 0.089631 0.646255 0.166580 0.020223
0 2 0.618381 0.213396 0.104435 0.004240 0.059548
2 2 0.201242 0.085892 0.555802 0.144311 0.012754
0 2 0.929454 0.028371 0.024353 0.002775 0.015047
0 2 0.493517 0.089441 0.383959 0.017810 0.015273
2 2 0.240250 0.152958 0.456778 0.099408 0.050606
2 2 0.268820 0.101775 0.582629 0.036806 0.009972
0 2 0.606401 0.117468 0.212625 0.031281 0.032226
2 2 0.027968 0.068944 0.639675 0.253310 0.010102
2 2 0.176221 0.214739 0.587169 0.006241 0.015630
2 2 0.353975 0.137810 0.357503 0.100685 0.050026
2 2 0.065745 0.150163 0.702914 0.073860 0.007318
2 2 0.285221 0.278236 0.316803 0.008042 0.111699
0 2 0.383800 0.260125 0.164030 0.001553 0.190493
2 2 0.062919 0.130909 0.709815 0.087923 0.008433
2 2 0.047356 0.123708 0.731573 0.087869 0.009494
0 2 0.379157 0.231738 0.288762 0.030035 0.070308
2 2 0.097002 0.204527 0.669003 0.019406 0.010062
2 2 0.040297 0.229108 0.705782 0.011769 0.013045
0 2 0.749939 0.129594 0.086228 0.013221 0.021018
0 2 0.527713 0.169388 0.258078 0.027177 0.017644
0 0 0.557782 0.183398 0.183767 0.024876 0.050178
0 0 0.484757 0.343180 0.153128 0.000165 0.018770
0 0 0.697509 0.115945 0.167577 0.004133 0.014836
0 0 0.721754 0.165821 0.087528 0.004003 0.020894
0 0 0.688937 0.156416 0.103894 0.003291 0.047462
0 1 0.392606 0.145294 0.384066 0.026567 0.051467
2 1 0.100967 0.238212 0.516241 0.018942 0.125639
2 1 0.032732 0.084518 0.641906 0.199673 0.041171
0 1 0.528961 0.125422 0.273234 0.033172 0.039211
2 1 0.012283 0.085169 0.734222 0.102728 0.065599
2 1 0.012038 0.123294 0.739417 0.097300 0.027951
2 1 0.104726 0.339564 0.381947 0.041841 0.131921
1 2 0.157354 0.394341 0.353991 0.004076 0.090238
2 1 0.057740 0.255669 0.661863 0.006034 0.018693
2 0 0.027355 0.236787 0.708263 0.014725 0.012870
1 1 0.279832 0.321235 0.191271 0.004297 0.203366
1 1 0.253677 0.262817 0.257392 0.043073 0.183040
