0 0 0.802633 0.167678 0.026781 0.000008 0.002901
1 0 0.296480 0.390133 0.146270 0.028094 0.139024
1 0 0.127345 0.521169 0.281025 0.004323 0.066138
0 0 0.797717 0.053535 0.016950 0.000057 0.131742
4 0 0.154980 0.324989 0.119533 0.004076 0.396422
1 0 0.290171 0.485664 0.166816 0.002745 0.054604
0 0 0.431804 0.418146 0.067778 0.000008 0.082263
1 0 0.162924 0.482517 0.224536 0.016349 0.113674
1 0 0.289505 0.503328 0.154035 0.002416 0.050717
0 0 0.878500 0.069331 0.026322 0.001379 0.024468
0 0 0.685643 0.231775 0.060566 0.000491 0.021525
1 0 0.203145 0.444343 0.247606 0.010088 0.094818
1 1 0.046012 0.426105 0.265217 0.010233 0.252433
4 1 0.009770 0.105594 0.113732 0.000215 0.770688
4 1 0.141797 0.016918 0.011457 0.000462 0.829366
4 1 0.076783 0.112677 0.100763 0.003355 0.706422
4 1 0.008265 0.021658 0.018972 0.000055 0.951050
4 1 0.049680 0.018527 0.012429 0.000832 0.918532
4 1 0.012143 0.042180 0.300033 0.068780 0.576865
2 1 0.072946 0.130292 0.543025 0.113210 0.140527
2 2 0.000745 0.036185 0.958786 0.003442 0.000842
4 0 0.165422 0.303407 0.063151 0.000128 0.467892
1 0 0.070161 0.487726 0.263255 0.001878 0.176981
0 0 0.765967 0.147959 0.025760 0.000017 0.060298
1 0 0.100999 0.514088 0.266373 0.014463 0.104077
2 0 0.072111 0.405325 0.492724 0.008042 0.021798
0 0 0.620111 0.255001 0.065239 0.000848 0.058801
0 0 0.684681 0.180077 0.080260 0.000819 0.054164
4 1 0.096179 0.108945 0.037840 0.000399 0.756636
2 1 0.002722 0.129777 0.619416 0.005352 0.242732
2 1 0.002780 0.055505 0.842412 0.018728 0.080576
2 1 0.002486 0.093701 0.836816 0.010939 0.056058
2 2 0.004269 0.103298 0.707974 0.001387 0.183072
2 2 0.014870 0.268231 0.622982 0.008081 0.085836
2 2 0.012626 0.054582 0.876348 0.039104 0.017341
2 2 0.010167 0.020669 0.943718 0.017778 0.007667
2 2 0.041495 0.064620 0.685669 0.012332 0.195883
2 2 0.005901 0.017600 0.913856 0.059444 0.003199
2 2 0.000002 0.000113 0.937295 0.062588 0.000002
2 2 0.018444 0.019122 0.922635 0.026505 0.013295
2 2 0.000085 0.000742 0.937020 0.062141 0.000012
2 3 0.001407 0.001813 0.816117 0.180532 0.000132
3 3 0.000123 0.000462 0.364777 0.634618 0.000021
2 3 0.000004 0.000056 0.552780 0.447160 0.000001
2 3 0.000286 0.001619 0.572274 0.425549 0.000273
2 3 0.000009 0.000275 0.596054 0.403656 0.000006
2 3 0.000110 0.000629 0.749665 0.249584 0.000011
2 3 0.001476 0.001047 0.651389 0.345771 0.000316
3 3 0.000228 0.000165 0.095907 0.903654 0.000047
3 3 0.000011 0.000091 0.343697 0.656198 0.000004
3 3 0.000003 0.000037 0.135904 0.864056 0.000001
3 3 0.000004 0.000037 0.327158 0.672799 0.000001
3 3 0.000002 0.000031 0.105851 0.894116 0.000000
3 3 0.000029 0.000518 0.412220 0.587123 0.000111
3 3 0.000001 0.000021 0.081484 0.918492 0.000001
3 3 0.000004 0.000172 0.495224 0.504592 0.000007
3 3 0.015831 0.006293 0.279306 0.697645 0.000925
2 3 0.001349 0.003337 0.607700 0.387048 0.000566
3 3 0.000158 0.000591 0.146410 0.852737 0.000104
3 3 0.000682 0.000360 0.044162 0.954742 0.000053
3 3 0.002549 0.003933 0.124135 0.867090 0.002293
3 3 0.000102 0.000389 0.167278 0.832181 0.000050
3 3 0.000000 0.000017 0.075681 0.924301 0.000001
3 3 0.000724 0.001134 0.106131 0.891802 0.000209
3 3 0.000118 0.000327 0.010588 0.988785 0.000183
3 3 0.000006 0.000190 0.114756 0.885008 0.000040
3 3 0.000004 0.000039 0.042615 0.957339 0.000003
3 3 0.000044 0.000111 0.020507 0.979315 0.000023
3 3 0.000345 0.000240 0.022710 0.976543 0.000163
3 3 0.000898 0.001953 0.160613 0.836286 0.000251
3 3 0.000006 0.000051 0.049800 0.950136 0.000007
3 3 0.000033 0.000020 0.007913 0.992026 0.000008
3 3 0.000001 0.000044 0.252979 0.746975 0.000002
3 3 0.000080 0.000144 0.081475 0.918280 0.000021
3 3 0.000052 0.000028 0.026943 0.972974 0.000004
3 3 0.000201 0.000513 0.137119 0.862141 0.000026
3 3 0.000029 0.000081 0.098296 0.901591 0.000004
3 3 0.000001 0.000018 0.038928 0.961053 0.000001
3 3 0.000023 0.000254 0.090744 0.908860 0.000119
3 3 0.000118 0.000282 0.110195 0.889391 0.000014
3 3 0.000045 0.000140 0.080371 0.919438 0.000006
3 3 0.000278 0.001072 0.419756 0.578813 0.000080
3 3 0.000000 0.000001 0.049581 0.950418 0.000000
3 3 0.000013 0.000016 0.015329 0.984640 0.000002
3 3 0.005828 0.001095 0.027374 0.964740 0.000963
3 3 0.000005 0.000040 0.022054 0.977894 0.000007
3 3 0.001108 0.004609 0.081758 0.910392 0.002133
3 3 0.000001 0.000036 0.152399 0.847564 0.000001
3 3 0.000371 0.000722 0.059064 0.939380 0.000462
3 3 0.002306 0.001244 0.017828 0.975791 0.002832
3 3 0.003868 0.004862 0.124675 0.865384 0.001211
3 3 0.000004 0.000108 0.102919 0.896965 0.000004
3 3 0.001730 0.000657 0.029757 0.967655 0.000200
2 3 0.000015 0.001225 0.629990 0.368691 0.000078
3 3 0.000543 0.000696 0.041399 0.954554 0.002807
3 3 0.001505 0.002070 0.324276 0.671049 0.001101
0 3 0.487570 0.045928 0.217383 0.190672 0.058447
2 3 0.000894 0.019383 0.507487 0.471128 0.001109
3 3 0.071556 0.057788 0.334284 0.487374 0.048998
3 3 0.000058 0.002188 0.338727 0.658886 0.000141
2 3 0.005689 0.040593 0.895443 0.052156 0.006120
0 3 0.836787 0.044259 0.071092 0.013677 0.034184
2 3 0.039363 0.066910 0.674400 0.216160 0.003166
2 3 0.086883 0.033992 0.589905 0.252205 0.037015
2 3 0.017527 0.063192 0.871476 0.041204 0.006601
2 3 0.000003 0.000309 0.918484 0.081195 0.000009
2 3 0.033484 0.213033 0.392638 0.072761 0.288085
2 3 0.007869 0.045179 0.904868 0.034861 0.007222
2 3 0.012524 0.007745 0.595351 0.364355 0.020024
2 3 0.000511 0.011493 0.871334 0.116450 0.000212
2 3 0.003096 0.010081 0.816097 0.169208 0.001519
2 3 0.009109 0.030676 0.697782 0.259343 0.003090
2 3 0.002142 0.001831 0.910249 0.085752 0.000026
2 3 0.003689 0.008441 0.508433 0.476607 0.002831
3 3 0.001350 0.001653 0.048374 0.946682 0.001941
2 3 0.001893 0.008252 0.876639 0.112429 0.000786
2 3 0.001327 0.004720 0.788170 0.205580 0.000203
2 3 0.017115 0.020385 0.691825 0.260085 0.010590
2 3 0.017356 0.164432 0.686462 0.025448 0.106302
2 3 0.009016 0.026095 0.514763 0.439447 0.010679
2 3 0.001108 0.011871 0.526723 0.459743 0.000555
2 3 0.013944 0.060917 0.619692 0.285706 0.019742
2 3 0.002141 0.024293 0.581068 0.388308 0.004191
2 3 0.005236 0.065146 0.702743 0.209572 0.017303
2 3 0.003712 0.038652 0.894236 0.059779 0.003621
2 3 0.334555 0.117765 0.443913 0.097012 0.006754
2 2 0.025307 0.233819 0.557896 0.117164 0.065813
2 2 0.015822 0.216841 0.728944 0.024516 0.013878
1 2 0.198832 0.308591 0.242190 0.011927 0.238461
2 2 0.002566 0.145161 0.734214 0.082245 0.035814
4 2 0.052108 0.315117 0.209880 0.049770 0.373125
4 2 0.027548 0.053515 0.225551 0.014652 0.678734
2 2 0.015340 0.208691 0.481019 0.012490 0.282459
2 2 0.001097 0.024322 0.796995 0.167989 0.009597
2 2 0.016903 0.246935 0.591559 0.013114 0.131489
2 2 0.025873 0.280860 0.666253 0.012669 0.014345
1 2 0.088867 0.498604 0.343115 0.004787 0.064627
1 2 0.169795 0.513770 0.276613 0.001096 0.038725
1 2 0.108753 0.518142 0.262856 0.012237 0.098011
4 2 0.136925 0.042684 0.018291 0.000162 0.801938
0 2 0.394571 0.279157 0.089592 0.002539 0.234141
1 2 0.270963 0.420882 0.151301 0.008598 0.148256
1 2 0.048939 0.461850 0.300443 0.013893 0.174876
2 2 0.024068 0.396454 0.434020 0.028015 0.117442
4 2 0.026560 0.214515 0.247880 0.031077 0.479969
2 2 0.010319 0.314879 0.445246 0.003310 0.226245
1 2 0.148044 0.516941 0.253075 0.002516 0.079423
1 2 0.113841 0.521477 0.266664 0.004079 0.093939
0 2 0.684403 0.210166 0.042259 0.000106 0.063066
1 2 0.043711 0.391346 0.191370 0.005778 0.367796
1 2 0.175906 0.506409 0.150368 0.000086 0.167232
0 1 0.494190 0.156762 0.052557 0.000675 0.295817
0 1 0.356030 0.304213 0.119055 0.014661 0.206041
4 1 0.050794 0.198162 0.098945 0.008722 0.643377
1 1 0.042383 0.429627 0.242657 0.009922 0.275411
1 1 0.040648 0.428563 0.250793 0.003090 0.276906
4 1 0.135809 0.306581 0.142377 0.002712 0.412521
4 1 0.115023 0.071483 0.025667 0.000169 0.787658
4 1 0.047790 0.100141 0.045569 0.002996 0.803503
4 1 0.034959 0.298820 0.189337 0.011531 0.465353
4 1 0.036740 0.133160 0.062736 0.001361 0.766003
4 1 0.148778 0.112906 0.057915 0.005992 0.674409
4 1 0.114995 0.214708 0.136337 0.005293 0.528666
1 1 0.059752 0.438525 0.189278 0.001168 0.311278
4 1 0.124735 0.027268 0.014080 0.000218 0.833700
0 1 0.410397 0.267682 0.064650 0.000282 0.256990
1 1 0.087568 0.403554 0.386802 0.008591 0.113484
4 1 0.276883 0.238883 0.073476 0.000999 0.409760
1 1 0.247777 0.515305 0.157985 0.000442 0.078491
4 1 0.087053 0.087972 0.032844 0.000411 0.791720
4 1 0.062394 0.100838 0.028158 0.000084 0.808526
4 1 0.347778 0.058290 0.024678 0.000044 0.569211
0 0 0.759202 0.060770 0.047425 0.005004 0.127599
4 0 0.192114 0.020166 0.009668 0.000055 0.777998
1 0 0.218879 0.349351 0.198039 0.002639 0.231092
4 1 0.087012 0.077274 0.045172 0.007293 0.783249
4 1 0.273034 0.254334 0.092071 0.003931 0.376631
4 1 0.142230 0.229929 0.080405 0.002513 0.544922
4 1 0.081471 0.064010 0.021991 0.000109 0.832419
4 1 0.051555 0.060099 0.027690 0.000918 0.859738
4 0 0.328265 0.044510 0.012323 0.000007 0.614896
0 0 0.564907 0.251326 0.086921 0.006051 0.090795
4 0 0.210464 0.294632 0.179338 0.002354 0.313212
0 0 0.538363 0.104198 0.051314 0.003736 0.302389
4 0 0.080934 0.054575 0.025202 0.000607 0.838683
4 0 0.204159 0.158846 0.069729 0.004330 0.562937
4 0 0.267407 0.146481 0.066981 0.004498 0.514634
4 0 0.146893 0.049641 0.022244 0.000310 0.780912
4 0 0.083415 0.112499 0.032908 0.000135 0.771042
4 0 0.110157 0.321740 0.084093 0.000046 0.483964
1 0 0.117543 0.435174 0.145566 0.000379 0.301338
4 0 0.014225 0.029433 0.014697 0.000153 0.941492
1 0 0.168319 0.436864 0.110713 0.000875 0.283228
4 0 0.100548 0.059003 0.027250 0.000669 0.812530
0 0 0.443263 0.167535 0.068202 0.003087 0.317914
0 0 0.489636 0.136575 0.055114 0.001727 0.316948
4 0 0.117096 0.026781 0.020437 0.003403 0.832282
4 1 0.172874 0.232935 0.104015 0.014723 0.475453
4 1 0.076954 0.071588 0.029565 0.000538 0.821354
4 1 0.157981 0.106257 0.046934 0.001732 0.687096
4 1 0.055166 0.035723 0.021369 0.001646 0.886095
4 1 0.049807 0.127278 0.039946 0.000378 0.782590
4 1 0.018486 0.211797 0.093392 0.000392 0.675934
4 1 0.034079 0.195217 0.206191 0.035999 0.528514
4 1 0.064669 0.225893 0.096178 0.013312 0.599949
4 1 0.059550 0.369857 0.111203 0.001333 0.458056
4 1 0.038819 0.304143 0.109738 0.008263 0.539037
4 1 0.050395 0.097845 0.042991 0.002152 0.806616
1 1 0.026856 0.377981 0.239269 0.002304 0.353590
4 1 0.143110 0.137030 0.076380 0.018258 0.625222
0 1 0.891404 0.024917 0.006604 0.000004 0.077072
4 1 0.102945 0.020703 0.012211 0.000316 0.863825
4 1 0.174600 0.091714 0.041523 0.001390 0.690773
1 1 0.035626 0.419013 0.267909 0.035102 0.242350
1 1 0.231115 0.413964 0.139257 0.005662 0.210002
1 1 0.114122 0.382103 0.217978 0.010683 0.275113
1 1 0.197268 0.526613 0.194371 0.000605 0.081143
4 1 0.051033 0.101994 0.043658 0.001967 0.801348
0 0 0.935455 0.012393 0.007810 0.000563 0.043778
0 0 0.566649 0.316016 0.060484 0.000230 0.056621
0 0 0.974944 0.011246 0.004827 0.000106 0.008877
0 0 0.494288 0.331774 0.099673 0.005699 0.068566
4 0 0.175470 0.193378 0.086715 0.008901 0.535537
4 0 0.091176 0.054347 0.023962 0.000190 0.830325
4 0 0.235241 0.174269 0.091121 0.004657 0.494712
0 0 0.393358 0.185153 0.069822 0.002229 0.349438
0 0 0.979482 0.013205 0.004250 0.000048 0.003015
0 0 0.718115 0.024986 0.015736 0.000818 0.240344
0 0 0.929287 0.035893 0.011622 0.000100 0.023098
0 1 0.557223 0.240375 0.068972 0.001086 0.132344
0 1 0.363098 0.277239 0.087056 0.001987 0.270620
0 1 0.941090 0.014488 0.008098 0.000404 0.035919
4 1 0.061577 0.092837 0.038027 0.001051 0.806509
4 1 0.117685 0.169873 0.057384 0.000929 0.654128
4 1 0.124314 0.124036 0.071252 0.018395 0.662002
2 1 0.018284 0.214701 0.436151 0.003832 0.327033
4 1 0.446020 0.033513 0.012737 0.000032 0.507699
1 1 0.076505 0.486982 0.229776 0.002955 0.203783
1 1 0.129032 0.524441 0.262175 0.006578 0.077775
1 1 0.115565 0.520683 0.273254 0.001429 0.089069
1 1 0.082745 0.503812 0.298501 0.001669 0.113273
1 1 0.204323 0.471534 0.226724 0.001852 0.095567
1 1 0.078085 0.493477 0.266179 0.029193 0.133065
1 4 0.106362 0.507870 0.325196 0.002649 0.057923
0 4 0.770140 0.045845 0.022128 0.000676 0.161211
1 4 0.037375 0.437871 0.405159 0.000793 0.118802
1 4 0.084713 0.491848 0.309660 0.013199 0.100580
1 4 0.112459 0.514582 0.303290 0.001297 0.068371
1 4 0.068948 0.489297 0.332222 0.012659 0.096874
4 4 0.392368 0.120279 0.065400 0.009558 0.412396
4 4 0.157367 0.124887 0.044838 0.000594 0.672314
4 4 0.454770 0.061990 0.027005 0.000371 0.455864
4 4 0.182214 0.191257 0.067193 0.001471 0.557865
0 4 0.624577 0.051240 0.022341 0.000286 0.301556
4 0 0.098020 0.077248 0.039515 0.002677 0.782539
0 0 0.807186 0.077564 0.029587 0.000707 0.084957
0 0 0.837054 0.060813 0.019558 0.000122 0.082453
0 0 0.395555 0.185365 0.077379 0.004702 0.336998
0 0 0.421609 0.220506 0.081771 0.003496 0.272618
0 0 0.551100 0.128133 0.042337 0.000380 0.278050
4 0 0.352057 0.217941 0.054809 0.000157 0.375036
0 0 0.498735 0.153301 0.077745 0.013277 0.256941
4 0 0.167195 0.044534 0.036196 0.015856 0.736218
0 0 0.806942 0.007472 0.006211 0.000428 0.178946
4 0 0.387098 0.029458 0.008748 0.000004 0.574692
0 0 0.675493 0.077018 0.044966 0.007870 0.194653
0 0 0.749165 0.116090 0.037310 0.000499 0.096935
4 0 0.198640 0.045241 0.026456 0.001489 0.728175
4 0 0.118376 0.063832 0.024177 0.000186 0.793429
0 0 0.867571 0.032675 0.008050 0.000004 0.091700
0 0 0.492189 0.051208 0.031361 0.002699 0.422543
0 0 0.648804 0.008908 0.004318 0.000010 0.337960
4 0 0.129919 0.045950 0.032307 0.006600 0.785224
4 0 0.092669 0.137239 0.039532 0.000190 0.730370
4 0 0.455665 0.017916 0.012290 0.000473 0.513657
4 0 0.393366 0.010837 0.007176 0.000111 0.588510
4 0 0.359434 0.016138 0.008783 0.000071 0.615574
4 0 0.026238 0.026673 0.013441 0.000348 0.933299
4 1 0.123328 0.302245 0.156846 0.012300 0.405281
2 1 0.004243 0.203086 0.728475 0.019181 0.045015
4 1 0.221859 0.085846 0.035729 0.000609 0.655958
0 0 0.811952 0.013407 0.009119 0.000426 0.165096
0 0 0.806425 0.009052 0.004938 0.000034 0.179552
4 0 0.428301 0.038449 0.045623 0.016957 0.470671
4 0 0.265692 0.034461 0.016647 0.000188 0.683013
0 0 0.928643 0.029929 0.014294 0.000922 0.026213
4 0 0.021601 0.004710 0.003313 0.000072 0.970305
0 0 0.522165 0.220061 0.084567 0.002855 0.170353
1 0 0.124527 0.506807 0.233718 0.018698 0.116250
0 0 0.542278 0.078166 0.028553 0.000206 0.350797
4 0 0.196654 0.321170 0.106094 0.004204 0.371879
2 1 0.094886 0.424718 0.447019 0.009314 0.024063
1 0 0.266430 0.511701 0.160494 0.003336 0.058039
0 0 0.482261 0.166325 0.064123 0.002163 0.285128
0 0 0.619083 0.143084 0.051802 0.001227 0.184803
0 0 0.455301 0.101420 0.042355 0.000952 0.399972
4 0 0.076818 0.173035 0.055324 0.000777 0.694047
0 0 0.675054 0.232303 0.051643 0.000390 0.040611
4 0 0.277522 0.253154 0.098810 0.006749 0.363765
0 0 0.688085 0.216616 0.058003 0.001347 0.035948
4 0 0.171178 0.075008 0.033906 0.000845 0.719062
4 0 0.224683 0.063559 0.035164 0.002207 0.674387
0 0 0.577345 0.193767 0.074108 0.004451 0.150329
4 0 0.283130 0.006446 0.003562 0.000010 0.706852
4 0 0.010514 0.001804 0.001259 0.000010 0.986413
4 0 0.115931 0.006715 0.005880 0.000358 0.871117
4 0 0.059978 0.060225 0.022545 0.000198 0.857055
0 0 0.583041 0.094119 0.046723 0.003263 0.272855
4 0 0.342527 0.013451 0.008203 0.000103 0.635715
4 0 0.275046 0.067558 0.033158 0.001050 0.623188
4 0 0.141745 0.156640 0.066437 0.003600 0.631578
4 0 0.311597 0.157613 0.074668 0.000827 0.455294
4 0 0.053360 0.133526 0.057568 0.003969 0.751576
1 1 0.189573 0.473263 0.199086 0.007905 0.130173
0 1 0.570662 0.263973 0.082592 0.001851 0.080921
1 1 0.057543 0.463373 0.248318 0.001429 0.229337
1 1 0.108264 0.482041 0.249473 0.004719 0.155503
0 0 0.645917 0.139567 0.044912 0.000530 0.169074
2 0 0.200471 0.128414 0.359259 0.272733 0.039123
0 0 0.879364 0.061425 0.026721 0.002300 0.030189
0 0 0.832343 0.091372 0.029240 0.000477 0.046569
0 0 0.831248 0.111995 0.038001 0.000883 0.017872
0 0 0.695042 0.092661 0.032243 0.000328 0.179726
0 0 0.450643 0.423913 0.096128 0.000733 0.028583
0 0 0.773040 0.114652 0.043673 0.002147 0.066488
0 0 0.648501 0.253396 0.063501 0.001329 0.033273
0 0 0.925063 0.031177 0.016612 0.002295 0.024852
0 0 0.679208 0.217842 0.062016 0.001985 0.038950
0 0 0.927272 0.023471 0.014326 0.002508 0.032423
0 0 0.852420 0.037229 0.016369 0.000318 0.093664
0 0 0.685971 0.155260 0.041549 0.000241 0.116979
1 0 0.309252 0.391528 0.107135 0.002408 0.189677
0 0 0.733371 0.117328 0.043997 0.001453 0.103851
0 0 0.643829 0.149347 0.054969 0.001764 0.150091
1 0 0.343551 0.463534 0.145457 0.001848 0.045610
0 0 0.675751 0.094963 0.042550 0.002054 0.184681
0 0 0.455034 0.201857 0.082001 0.005502 0.255605
0 0 0.658018 0.235421 0.063242 0.001102 0.042216
0 0 0.522603 0.380240 0.067461 0.000365 0.029331
1 0 0.147852 0.523799 0.190137 0.003486 0.134726
1 0 0.226539 0.518958 0.203835 0.001438 0.049229
0 0 0.508144 0.389255 0.077553 0.000569 0.024478
1 0 0.099143 0.496777 0.353684 0.002013 0.048383
1 1 0.092970 0.504059 0.330861 0.004704 0.067406
1 1 0.086567 0.485722 0.355487 0.010791 0.061433
1 1 0.079203 0.484527 0.365856 0.007447 0.062967
1 1 0.262157 0.504404 0.197401 0.000903 0.035135
0 1 0.518957 0.278494 0.101973 0.003740 0.096836
1 0 0.126445 0.524980 0.251535 0.007446 0.089595
0 0 0.817970 0.073429 0.021885 0.000107 0.086609
0 0 0.875945 0.054786 0.024222 0.001476 0.043571
0 0 0.795088 0.056846 0.024661 0.000641 0.122765
0 0 0.954165 0.019775 0.006914 0.000050 0.019095
0 0 0.925876 0.030741 0.010111 0.000058 0.033213
0 0 0.633815 0.303595 0.048772 0.000181 0.013636
0 0 0.777709 0.081706 0.033417 0.001111 0.106058
0 0 0.721263 0.218523 0.032069 0.000023 0.028122
0 0 0.847046 0.102805 0.027383 0.000306 0.022460
0 0 0.956730 0.014522 0.008923 0.001344 0.018481
0 0 0.940154 0.022212 0.010486 0.000418 0.026731
0 0 0.677641 0.130507 0.047127 0.001141 0.143584
0 0 0.774293 0.122638 0.042929 0.001528 0.058612
0 0 0.836569 0.049021 0.023459 0.001141 0.089809
0 0 0.343811 0.303363 0.082153 0.000886 0.269787
1 0 0.392779 0.424785 0.107964 0.003375 0.071097
0 0 0.924725 0.026900 0.016181 0.003416 0.028779
0 0 0.468770 0.413737 0.079042 0.000644 0.037807
0 0 0.560346 0.309152 0.081611 0.002500 0.046391
0 0 0.504294 0.220024 0.069178 0.001246 0.205258
1 0 0.327306 0.437778 0.141587 0.008397 0.084933
1 0 0.225753 0.504621 0.237989 0.000766 0.030871
0 0 0.409264 0.326469 0.137172 0.010909 0.116186
1 0 0.353026 0.418619 0.126463 0.009434 0.092458
1 0 0.352667 0.473703 0.106745 0.001415 0.065470
0 0 0.761133 0.181671 0.039802 0.000378 0.017017
0 0 0.545843 0.232728 0.101935 0.003041 0.116453
0 0 0.461628 0.334507 0.084083 0.001097 0.118685
0 0 0.655534 0.219457 0.060397 0.001091 0.063520
4 0 0.130371 0.182067 0.072203 0.001531 0.613828
1 1 0.348847 0.478537 0.118576 0.001168 0.052872
0 1 0.501762 0.316867 0.082070 0.001339 0.097961
0 1 0.436131 0.322314 0.096829 0.003165 0.141561
4 1 0.115222 0.349489 0.147031 0.007360 0.380899
4 1 0.137247 0.081738 0.037584 0.001266 0.742164
2 1 0.153346 0.355983 0.404394 0.036151 0.050127
4 1 0.226067 0.053097 0.022272 0.000200 0.698364
0 1 0.473077 0.201164 0.054062 0.000276 0.271422
4 0 0.045364 0.147575 0.053657 0.001629 0.751776
4 0 0.448427 0.064928 0.030181 0.000657 0.455808
0 0 0.727779 0.072665 0.030271 0.000687 0.168598
1 0 0.343422 0.375695 0.205290 0.003414 0.072178
0 0 0.683279 0.161357 0.045132 0.000379 0.109853
4 0 0.258331 0.278500 0.119406 0.018521 0.325243
0 0 0.504268 0.253384 0.058216 0.000206 0.183925
0 0 0.598774 0.067199 0.042454 0.007864 0.283709
1 0 0.087112 0.462193 0.163046 0.001519 0.286130
4 0 0.279270 0.213882 0.066822 0.000814 0.439213
1 0 0.081593 0.494549 0.231522 0.006561 0.185775
1 0 0.184325 0.371291 0.142476 0.001252 0.300656
0 0 0.627706 0.100880 0.045488 0.002196 0.223730
0 0 0.430101 0.200109 0.058837 0.000484 0.310468
0 0 0.805196 0.062067 0.036264 0.008334 0.088139
0 0 0.874466 0.052321 0.025242 0.002372 0.045599
0 0 0.514548 0.105886 0.050405 0.002936 0.326225
0 0 0.559641 0.086472 0.033441 0.000413 0.320034
4 0 0.107630 0.119648 0.053255 0.002819 0.716649
1 0 0.403874 0.451051 0.099205 0.002033 0.043837
1 0 0.056857 0.459350 0.240762 0.001420 0.241612
1 0 0.313404 0.363900 0.111336 0.004137 0.207223
0 0 0.651975 0.223929 0.068313 0.002743 0.053040
0 0 0.543350 0.128987 0.166496 0.026352 0.134815
0 0 0.426799 0.390803 0.095824 0.001798 0.084776
1 0 0.196073 0.450122 0.134563 0.007128 0.212114
1 1 0.254946 0.383883 0.107696 0.002412 0.251064
1 1 0.166865 0.525106 0.246999 0.000882 0.060148
0 1 0.437148 0.406079 0.084108 0.000673 0.071992
1 1 0.125041 0.510704 0.182354 0.009826 0.172075
1 1 0.162613 0.518903 0.270849 0.001690 0.045946
0 1 0.425361 0.379907 0.112718 0.001156 0.080859
1 1 0.065118 0.468968 0.407865 0.003029 0.055019
1 1 0.049814 0.464158 0.373572 0.002185 0.110270
1 1 0.037020 0.435579 0.355346 0.033204 0.138850
1 1 0.062693 0.472052 0.395708 0.004630 0.064917
1 1 0.103772 0.486085 0.360778 0.005152 0.044213
1 1 0.130564 0.491630 0.320796 0.012022 0.044988
2 1 0.033507 0.280315 0.655930 0.020619 0.009629
2 1 0.022581 0.244028 0.719018 0.006892 0.007481
2 2 0.005319 0.127887 0.847672 0.015874 0.003248
2 2 0.026595 0.285533 0.664917 0.010134 0.012822
2 2 0.003982 0.096135 0.777641 0.119441 0.002800
2 2 0.000358 0.023046 0.955314 0.020939 0.000344
2 2 0.003479 0.115582 0.854267 0.022764 0.003908
2 2 0.002179 0.074607 0.910560 0.011543 0.001111
2 2 0.001806 0.026895 0.962096 0.008485 0.000717
2 2 0.006001 0.114536 0.873349 0.004584 0.001530
1 2 0.091046 0.442591 0.424983 0.011486 0.029895
2 2 0.050254 0.389002 0.536127 0.000415 0.024202
2 2 0.047279 0.367396 0.557375 0.006858 0.021091
2 2 0.001275 0.046396 0.949081 0.002957 0.000291
2 3 0.022989 0.059104 0.900374 0.017180 0.000352
2 3 0.002256 0.048725 0.941032 0.007803 0.000185
2 3 0.012501 0.128590 0.849335 0.008558 0.001016
2 3 0.000517 0.017291 0.967279 0.014842 0.000071
2 3 0.000081 0.007918 0.981827 0.010162 0.000012
2 3 0.000070 0.002551 0.980534 0.016777 0.000068
2 3 0.004490 0.059918 0.929376 0.006050 0.000167
2 3 0.000022 0.002098 0.948969 0.048901 0.000010
2 3 0.031189 0.048915 0.869110 0.050160 0.000626
2 3 0.000187 0.004554 0.959393 0.035848 0.000018
2 3 0.000411 0.009577 0.977470 0.012525 0.000016
2 3 0.000007 0.000705 0.987506 0.011781 0.000001
3 3 0.000107 0.001034 0.459310 0.539533 0.000015
2 3 0.017537 0.030454 0.602095 0.348224 0.001690
2 3 0.000339 0.002758 0.602726 0.394141 0.000035
2 3 0.000025 0.003570 0.877410 0.118973 0.000023
2 3 0.006522 0.012541 0.498717 0.481438 0.000782
3 3 0.029410 0.012114 0.415635 0.541934 0.000906
2 3 0.000046 0.000957 0.944168 0.054827 0.000002
2 3 0.000001 0.000417 0.884127 0.115455 0.000000
3 3 0.000479 0.001556 0.251139 0.746715 0.000111
2 3 0.000302 0.001029 0.555801 0.442853 0.000016
2 3 0.001535 0.005722 0.517344 0.475100 0.000298
2 3 0.002726 0.007074 0.511027 0.478943 0.000230
2 3 0.000005 0.000878 0.924552 0.074564 0.000001
2 3 0.000032 0.000255 0.578680 0.421031 0.000002
2 3 0.000000 0.000020 0.695032 0.304947 0.000000
3 3 0.000546 0.000621 0.194738 0.804038 0.000057
2 3 0.052827 0.046022 0.824833 0.075025 0.001293
2 3 0.000004 0.000226 0.814954 0.184815 0.000001
3 3 0.000007 0.000342 0.292926 0.706721 0.000004
3 3 0.000259 0.000346 0.059040 0.940291 0.000064
3 3 0.000020 0.000393 0.232910 0.766668 0.000009
3 3 0.000016 0.000089 0.037733 0.962152 0.000009
3 3 0.001356 0.001405 0.155501 0.841466 0.000272
3 3 0.000000 0.000007 0.050052 0.949941 0.000000
3 3 0.001242 0.000419 0.285769 0.712557 0.000013
3 3 0.000019 0.000085 0.214395 0.785499 0.000002
3 3 0.000082 0.000495 0.099184 0.900195 0.000044
3 3 0.000068 0.000441 0.391765 0.607717 0.000010
3 3 0.000756 0.000794 0.055338 0.942942 0.000170
3 3 0.000005 0.000044 0.012750 0.987191 0.000009
3 3 0.000018 0.000099 0.065948 0.933930 0.000005
3 3 0.000000 0.000020 0.067152 0.932827 0.000000
3 3 0.000000 0.000030 0.061814 0.938156 0.000000
3 3 0.000249 0.000254 0.043434 0.956019 0.000044
3 3 0.000003 0.000125 0.144542 0.855328 0.000003
3 3 0.000005 0.000084 0.084242 0.915667 0.000003
3 3 0.004756 0.001647 0.044897 0.947823 0.000877
3 3 0.015383 0.001298 0.033752 0.948467 0.001099
3 3 0.000110 0.000342 0.119320 0.880118 0.000111
3 3 0.008379 0.007377 0.086675 0.891551 0.006018
3 3 0.000022 0.000078 0.057090 0.942796 0.000013
3 3 0.000000 0.000003 0.004803 0.995194 0.000000
3 3 0.000000 0.000013 0.026523 0.973463 0.000001
3 3 0.000179 0.000684 0.057930 0.941118 0.000089
3 3 0.013696 0.002080 0.039435 0.943095 0.001694
3 3 0.000000 0.000005 0.005758 0.994236 0.000000
3 3 0.000027 0.000062 0.011322 0.988572 0.000018
3 3 0.019587 0.006543 0.104958 0.866804 0.002107
3 3 0.000245 0.000722 0.045491 0.953416 0.000125
3 3 0.000270 0.000443 0.085086 0.914124 0.000076
3 3 0.000000 0.000004 0.001895 0.998101 0.000000
3 3 0.000013 0.000041 0.004866 0.995055 0.000025
3 3 0.000001 0.000066 0.082199 0.917733 0.000002
3 3 0.000153 0.000282 0.024523 0.974945 0.000097
3 3 0.000000 0.000000 0.002974 0.997025 0.000000
3 3 0.000000 0.000004 0.022911 0.977085 0.000000
3 3 0.000349 0.000568 0.044702 0.954215 0.000166
3 3 0.000154 0.000430 0.051820 0.947518 0.000078
3 3 0.000336 0.000434 0.047747 0.951340 0.000143
3 3 0.000516 0.001494 0.082761 0.915068 0.000161
3 3 0.000002 0.000068 0.064664 0.935263 0.000003
3 3 0.000124 0.000106 0.010296 0.989425 0.000049
3 3 0.000070 0.000168 0.015330 0.984386 0.000046
3 3 0.000066 0.000157 0.032521 0.967217 0.000038
3 3 0.001709 0.004124 0.130689 0.861715 0.001764
2 3 0.000433 0.010353 0.674147 0.314857 0.000210
3 3 0.000142 0.000186 0.018719 0.980914 0.000039
3 3 0.000463 0.000380 0.046367 0.952545 0.000246
3 3 0.000002 0.000030 0.038593 0.961372 0.000002
3 3 0.000001 0.000037 0.016416 0.983537 0.000009
3 3 0.000870 0.001684 0.257827 0.739539 0.000080
3 3 0.000027 0.000118 0.030865 0.968967 0.000024
3 3 0.000196 0.000881 0.123043 0.875796 0.000083
3 3 0.000091 0.000196 0.019093 0.980539 0.000082
3 3 0.000001 0.000013 0.012456 0.987527 0.000003
3 3 0.000660 0.000287 0.037653 0.961307 0.000093
3 3 0.000658 0.001170 0.167892 0.830153 0.000127
3 3 0.000065 0.000056 0.006209 0.993625 0.000045
3 3 0.000014 0.000011 0.004586 0.995382 0.000007
3 3 0.000022 0.000020 0.003161 0.996778 0.000018
3 3 0.000001 0.000004 0.002367 0.997627 0.000002
3 3 0.000018 0.000102 0.044491 0.955378 0.000011
3 3 0.000010 0.000145 0.067097 0.932737 0.000010
3 3 0.000000 0.000006 0.009649 0.990345 0.000000
3 3 0.000010 0.000133 0.072663 0.927185 0.000009
3 3 0.000001 0.000004 0.001758 0.998237 0.000001
3 3 0.000071 0.000076 0.011785 0.987955 0.000113
3 3 0.000125 0.000202 0.007136 0.992355 0.000182
3 3 0.000124 0.000160 0.013492 0.986164 0.000060
3 3 0.000077 0.000555 0.034156 0.965059 0.000154
3 3 0.000001 0.000004 0.003487 0.996507 0.000001
3 3 0.000062 0.000222 0.018975 0.980655 0.000086
3 3 0.000126 0.000245 0.011882 0.987671 0.000077
3 3 0.000046 0.001612 0.446014 0.552213 0.000116
2 3 0.097306 0.122684 0.578035 0.186142 0.015833
2 3 0.000396 0.028387 0.808651 0.160727 0.001839
2 3 0.043543 0.209612 0.627743 0.057936 0.061166
2 3 0.008016 0.096370 0.803740 0.079676 0.012198
2 3 0.000015 0.001258 0.982159 0.016560 0.000008
2 3 0.001675 0.052788 0.926840 0.018232 0.000465
2 3 0.208865 0.181784 0.372077 0.059841 0.177433
2 3 0.000609 0.010586 0.965602 0.023072 0.000132
1 3 0.106591 0.493207 0.349617 0.001718 0.048866
2 3 0.008641 0.223641 0.727536 0.012064 0.028119
2 3 0.015890 0.182647 0.730392 0.065809 0.005262
2 3 0.010635 0.080687 0.811900 0.085658 0.011121
2 3 0.077203 0.429278 0.459582 0.004969 0.028968
2 3 0.002254 0.093417 0.885329 0.016243 0.002757
2 3 0.005923 0.185162 0.687618 0.101239 0.020057
2 2 0.000914 0.050788 0.897326 0.049858 0.001115
2 2 0.023474 0.257619 0.683207 0.024643 0.011056
2 2 0.000437 0.028139 0.950036 0.021184 0.000204
2 2 0.000170 0.007027 0.941076 0.051657 0.000070
2 2 0.000274 0.018331 0.973230 0.008103 0.000062
2 2 0.019967 0.121425 0.833044 0.020100 0.005464
2 2 0.022006 0.210017 0.744120 0.017276 0.006580
2 2 0.002050 0.022651 0.899495 0.075402 0.000402
2 2 0.050457 0.318615 0.537947 0.061596 0.031386
2 2 0.003943 0.031961 0.739603 0.212117 0.012376
2 2 0.025655 0.278632 0.597184 0.071439 0.027091
2 2 0.030524 0.294332 0.648905 0.013372 0.012867
2 2 0.043605 0.183977 0.707618 0.027522 0.037277
2 2 0.002445 0.103695 0.785858 0.102614 0.005388
2 2 0.020034 0.123564 0.836766 0.013144 0.006492
2 2 0.046039 0.144040 0.634113 0.097057 0.078750
2 2 0.025235 0.247171 0.702095 0.017951 0.007549
2 2 0.005728 0.099785 0.877368 0.013032 0.004087
1 2 0.101841 0.507631 0.324895 0.002998 0.062634
4 2 0.237664 0.276079 0.128455 0.033822 0.323980
1 2 0.240580 0.424048 0.172819 0.010985 0.151569
1 2 0.094952 0.509578 0.249490 0.001492 0.144489
1 2 0.025050 0.393604 0.308198 0.031160 0.241988
2 2 0.005961 0.095408 0.441130 0.414055 0.043446
2 2 0.015789 0.210680 0.424054 0.130616 0.218860
2 2 0.019906 0.185202 0.607149 0.047531 0.140212
2 2 0.035821 0.300655 0.412396 0.025236 0.225892
2 2 0.018329 0.169214 0.587994 0.027248 0.197214
2 2 0.005824 0.033954 0.765654 0.187619 0.006948
4 2 0.093961 0.320756 0.163007 0.062395 0.359881
2 2 0.019651 0.344622 0.398318 0.119926 0.117484
2 2 0.011120 0.195954 0.536280 0.057090 0.199557
4 2 0.028975 0.128291 0.194937 0.040651 0.607146
4 2 0.027125 0.237938 0.351118 0.015416 0.368404
2 2 0.043711 0.113754 0.589950 0.027035 0.225550
2 2 0.002450 0.168901 0.660464 0.082776 0.085409
2 2 0.001926 0.045073 0.894180 0.055730 0.003090
2 2 0.010779 0.276595 0.552231 0.039874 0.120522
2 2 0.000086 0.005058 0.942271 0.052261 0.000324
2 2 0.000719 0.022747 0.948328 0.027908 0.000299
2 2 0.049773 0.090610 0.781571 0.037584 0.040462
2 2 0.003506 0.115248 0.868624 0.008049 0.004572
2 2 0.000108 0.017600 0.955425 0.026551 0.000316
2 2 0.002555 0.043615 0.900426 0.052980 0.000425
2 2 0.001305 0.054888 0.910574 0.032505 0.000727
2 2 0.040273 0.368027 0.553427 0.010266 0.028007
2 2 0.051551 0.402531 0.455265 0.001776 0.088877
1 0 0.182113 0.528246 0.220239 0.004181 0.065222
0 2 0.732186 0.125056 0.058337 0.010334 0.074087
1 2 0.060968 0.469394 0.240866 0.007356 0.221417
4 2 0.024513 0.340474 0.181873 0.008485 0.444655
2 2 0.014327 0.277198 0.393062 0.222587 0.092827
2 2 0.004259 0.113321 0.697985 0.037168 0.147267
2 2 0.006827 0.217458 0.615849 0.035651 0.124215
2 2 0.011155 0.111442 0.703190 0.124800 0.049413
2 2 0.009181 0.107569 0.578355 0.229868 0.075027
2 2 0.013968 0.228776 0.573178 0.085816 0.098263
2 2 0.004791 0.141593 0.767029 0.029791 0.056796
2 2 0.012091 0.138564 0.787868 0.035000 0.026477
2 2 0.004365 0.166114 0.769092 0.031473 0.028956
4 2 0.114536 0.300637 0.184433 0.001765 0.398628
4 2 0.093452 0.215043 0.182574 0.011947 0.496984
2 2 0.000066 0.011078 0.982178 0.006587 0.000092
1 2 0.087907 0.506336 0.300386 0.011256 0.094115
1 2 0.185464 0.466801 0.276599 0.009186 0.061950
1 2 0.089297 0.509461 0.279407 0.005699 0.116135
1 2 0.190367 0.527047 0.181221 0.001493 0.099871
1 2 0.061705 0.465156 0.228192 0.004318 0.240629
1 2 0.088311 0.508577 0.275199 0.006817 0.121096
2 2 0.025912 0.373276 0.469560 0.038977 0.092275
1 2 0.093536 0.436754 0.163447 0.002045 0.304218
0 2 0.426449 0.385167 0.149084 0.001100 0.038201
4 0 0.093816 0.279742 0.196047 0.002206 0.428190
4 0 0.145231 0.127182 0.046199 0.000693 0.680695
0 0 0.386789 0.218637 0.083336 0.003946 0.307292
0 0 0.622212 0.174217 0.146883 0.001036 0.055653
1 0 0.181515 0.518728 0.249078 0.002802 0.047878
2 0 0.033528 0.421128 0.456463 0.009209 0.079671
4 0 0.039024 0.032466 0.015372 0.000294 0.912843
4 1 0.089149 0.173760 0.079111 0.001328 0.656651
4 1 0.047056 0.061616 0.026062 0.000554 0.864711
4 1 0.096592 0.168329 0.055930 0.000868 0.678282
0 1 0.668651 0.182493 0.049775 0.000465 0.098616
0 0 0.554444 0.215209 0.067525 0.001134 0.161688
3 0 0.016802 0.056758 0.188196 0.720450 0.017793
4 0 0.142244 0.112834 0.052655 0.003085 0.689182
4 0 0.446017 0.052630 0.018201 0.000048 0.483103
4 4 0.283290 0.103468 0.069050 0.004625 0.539567
4 4 0.186601 0.180822 0.077188 0.005108 0.550281
0 4 0.551371 0.285050 0.077590 0.001602 0.084387
4 4 0.128939 0.071194 0.031683 0.000734 0.767450
0 4 0.540586 0.079443 0.030948 0.000340 0.348683
4 4 0.241961 0.031237 0.019324 0.000874 0.706604
4 4 0.177890 0.247050 0.094997 0.005796 0.474267
4 4 0.127125 0.041924 0.017959 0.000159 0.812833
1 4 0.033592 0.424996 0.303048 0.007558 0.230806
4 4 0.016245 0.309331 0.212587 0.006843 0.454993
2 4 0.020596 0.323459 0.438706 0.058216 0.159022
1 4 0.043228 0.441113 0.376418 0.018078 0.121163
1 4 0.047359 0.435104 0.283819 0.077460 0.156259
4 4 0.297837 0.298321 0.084808 0.001132 0.317902
1 4 0.082172 0.503841 0.279475 0.008184 0.126327
1 4 0.209767 0.517498 0.180892 0.008091 0.083752
4 4 0.027211 0.351863 0.182372 0.010420 0.428134
1 4 0.032155 0.420026 0.361019 0.009657 0.177142
2 4 0.028489 0.412005 0.429116 0.021650 0.108740
4 4 0.020549 0.335492 0.204980 0.007577 0.431402
4 4 0.034343 0.207934 0.085954 0.004173 0.667596
4 4 0.025511 0.356826 0.202245 0.011201 0.404217
1 4 0.161490 0.448519 0.257678 0.011873 0.120440
4 4 0.416996 0.043464 0.023871 0.000794 0.514875
4 4 0.202237 0.084873 0.028699 0.000139 0.684051
4 4 0.049264 0.140239 0.060014 0.004417 0.746067
4 4 0.034639 0.322900 0.141310 0.009864 0.491287
1 4 0.110532 0.377229 0.179744 0.025209 0.307286
1 4 0.042788 0.447903 0.310681 0.026906 0.171722
1 4 0.061722 0.459672 0.221841 0.035570 0.221194
1 4 0.136583 0.454448 0.198344 0.010768 0.199856
1 4 0.170214 0.357544 0.146382 0.016316 0.309545
0 4 0.805299 0.110242 0.028698 0.000065 0.055696
0 1 0.582881 0.116647 0.047854 0.001490 0.251128
0 1 0.625279 0.041359 0.023347 0.001058 0.308956
0 4 0.412836 0.345377 0.091134 0.001464 0.149189
4 4 0.026990 0.368046 0.211860 0.013782 0.379322
1 4 0.050526 0.458830 0.306798 0.039645 0.144202
1 4 0.075778 0.456354 0.213651 0.007982 0.246234
2 4 0.012293 0.236754 0.702955 0.029608 0.018389
2 4 0.007783 0.178815 0.786220 0.018822 0.008359
1 4 0.106894 0.519038 0.264433 0.004841 0.104794
2 4 0.067521 0.362815 0.527244 0.007613 0.034807
4 4 0.332856 0.060219 0.029881 0.000842 0.576202
0 0 0.484488 0.236926 0.076030 0.001774 0.200782
4 0 0.261900 0.073063 0.037238 0.001676 0.626124
1 1 0.045674 0.432172 0.229158 0.002847 0.290149
1 1 0.043985 0.364334 0.202209 0.028765 0.360706
4 1 0.070721 0.163266 0.076220 0.010427 0.679366
4 1 0.077812 0.246237 0.141241 0.037620 0.497090
0 1 0.517563 0.291528 0.097936 0.007624 0.085348
0 1 0.443903 0.221647 0.087725 0.006037 0.240688
4 1 0.241833 0.040953 0.021492 0.000518 0.695204
4 1 0.103818 0.176690 0.091841 0.024238 0.603414
4 1 0.035972 0.233263 0.091100 0.005036 0.634630
4 1 0.048529 0.069561 0.034433 0.002230 0.845248
1 1 0.080906 0.499367 0.252648 0.007208 0.159872
4 1 0.111139 0.046633 0.020607 0.000268 0.821352
0 1 0.316335 0.283665 0.087229 0.000406 0.312365
0 1 0.666252 0.196154 0.038179 0.000050 0.099364
1 1 0.104282 0.438154 0.135268 0.000204 0.322092
4 1 0.045866 0.354679 0.123351 0.000893 0.475211
4 1 0.101479 0.280789 0.118771 0.002780 0.496181
2 1 0.051431 0.428308 0.466469 0.007782 0.046010
1 1 0.028033 0.391620 0.291135 0.007326 0.281887
4 1 0.063346 0.271783 0.131058 0.009641 0.524171
1 0 0.181903 0.361754 0.234218 0.024106 0.198018
0 0 0.719126 0.150862 0.039247 0.000222 0.090543
0 0 0.453857 0.083064 0.044595 0.003438 0.415046
4 0 0.079755 0.267210 0.095457 0.005468 0.552110
4 0 0.023349 0.025665 0.012572 0.000275 0.938139
4 0 0.025586 0.136322 0.070170 0.001387 0.766535
0 0 0.748038 0.110448 0.035459 0.000412 0.105643
4 0 0.068740 0.078380 0.040600 0.003520 0.808761
4 1 0.014019 0.215602 0.090049 0.000836 0.679494
1 1 0.034271 0.385153 0.212690 0.022164 0.345722
1 1 0.134609 0.521941 0.215116 0.017089 0.111246
1 1 0.083327 0.370741 0.181575 0.050862 0.313495
4 1 0.052070 0.359221 0.185314 0.032883 0.370512
4 1 0.153431 0.213740 0.109668 0.033372 0.489790
1 1 0.036591 0.436231 0.380654 0.024030 0.122493
1 1 0.070581 0.444920 0.381135 0.030694 0.072670
2 1 0.000741 0.058460 0.923395 0.015179 0.002224
1 0 0.120181 0.523464 0.261822 0.003099 0.091435
0 0 0.439443 0.184954 0.087998 0.013188 0.274417
1 0 0.304314 0.479243 0.132673 0.002903 0.080867
0 0 0.512251 0.188046 0.072784 0.003487 0.223434
0 0 0.677237 0.187659 0.075148 0.004208 0.055748
0 0 0.438119 0.367851 0.100607 0.003174 0.090249
1 1 0.097212 0.502912 0.211169 0.006683 0.182023
1 0 0.114583 0.420080 0.199624 0.011130 0.254583
0 0 0.444506 0.204076 0.216253 0.074841 0.060324
1 0 0.186116 0.529401 0.200041 0.002602 0.081839
2 0 0.012916 0.196309 0.638199 0.138937 0.013639
0 0 0.541287 0.056996 0.023442 0.000217 0.378058
0 0 0.817867 0.141627 0.029076 0.000181 0.011250
4 0 0.032287 0.140986 0.049062 0.001243 0.776421
0 0 0.700071 0.078436 0.070216 0.001385 0.149892
4 0 0.101660 0.056609 0.024451 0.000375 0.816906
4 0 0.021059 0.338104 0.297043 0.004306 0.339489
4 0 0.077514 0.038639 0.015434 0.000098 0.868315
0 0 0.376531 0.279212 0.145545 0.004084 0.194629
4 0 0.120862 0.227688 0.079663 0.001899 0.569889
1 1 0.097398 0.410496 0.327174 0.043572 0.121360
1 1 0.250575 0.513635 0.187109 0.001867 0.046814
1 1 0.294911 0.366674 0.228265 0.010226 0.099924
0 0 0.663151 0.150704 0.049205 0.000824 0.136116
1 0 0.103918 0.458621 0.239876 0.009158 0.188427
0 0 0.575033 0.056536 0.035970 0.005043 0.327418
4 1 0.339128 0.166190 0.064213 0.001885 0.428584
4 1 0.048952 0.224128 0.095693 0.008415 0.622812
1 1 0.075039 0.495474 0.301330 0.017664 0.110493
2 1 0.024392 0.326216 0.605722 0.014528 0.029142
2 1 0.023032 0.313282 0.597127 0.036588 0.029970
1 1 0.136096 0.525383 0.224489 0.013124 0.100908
1 1 0.309929 0.495293 0.129221 0.004144 0.061412
2 1 0.012408 0.282606 0.612281 0.048180 0.044525
1 1 0.063883 0.462642 0.390148 0.016011 0.067316
1 1 0.086204 0.506917 0.296349 0.006430 0.104100
1 1 0.259440 0.362779 0.137963 0.003940 0.235878
1 1 0.241297 0.306460 0.170126 0.015120 0.266998
1 1 0.222638 0.521311 0.159360 0.007360 0.089331
0 4 0.543830 0.162512 0.058636 0.001420 0.233603
1 4 0.131858 0.523124 0.212735 0.001605 0.130679
4 4 0.094996 0.044529 0.020964 0.000401 0.839109
4 4 0.039575 0.088094 0.038788 0.001889 0.831654
4 4 0.094959 0.221380 0.076280 0.000691 0.606691
1 4 0.212582 0.340581 0.144353 0.015670 0.286813
4 4 0.029093 0.180039 0.071905 0.002552 0.716411
4 4 0.068426 0.124719 0.060860 0.007276 0.738720
4 4 0.065400 0.120080 0.058198 0.006420 0.749902
1 4 0.319923 0.489880 0.121243 0.000834 0.068119
1 4 0.346316 0.419491 0.110059 0.000358 0.123775
4 4 0.219320 0.193439 0.101705 0.027795 0.457741
4 4 0.205929 0.158440 0.070981 0.004971 0.559679
0 1 0.686624 0.230437 0.055124 0.000886 0.026929
0 1 0.589151 0.100250 0.043426 0.001465 0.265708
0 1 0.306082 0.265369 0.112223 0.014671 0.301656
4 1 0.050793 0.097961 0.045677 0.003284 0.802285
4 1 0.042070 0.136442 0.055804 0.003203 0.762481
2 1 0.019299 0.188546 0.491018 0.164450 0.136687
2 1 0.001707 0.113555 0.844213 0.026991 0.013533
2 1 0.001789 0.085822 0.844310 0.060906 0.007173
2 1 0.003854 0.172179 0.780394 0.009415 0.034157
2 1 0.027089 0.154917 0.776865 0.024381 0.016748
2 1 0.001329 0.017175 0.960789 0.020111 0.000596
2 1 0.000762 0.005002 0.991308 0.002695 0.000232
2 1 0.000680 0.019574 0.943524 0.036077 0.000145
2 1 0.295165 0.058014 0.628745 0.006894 0.011183
2 2 0.017657 0.065030 0.899205 0.016735 0.001373
2 2 0.000250 0.003964 0.964875 0.030894 0.000017
2 2 0.071470 0.187979 0.724572 0.011167 0.004812
2 2 0.000159 0.006291 0.980231 0.013306 0.000013
2 2 0.000635 0.004709 0.944143 0.050468 0.000045
2 2 0.000516 0.012639 0.971663 0.015149 0.000033
2 2 0.056091 0.092383 0.816927 0.032373 0.002227
2 2 0.000056 0.001358 0.910143 0.088440 0.000004
2 2 0.118693 0.194985 0.660354 0.014445 0.011524
2 2 0.000045 0.003302 0.984931 0.011709 0.000013
2 2 0.000061 0.002140 0.987169 0.010629 0.000002
2 2 0.004341 0.064979 0.908214 0.021999 0.000467
2 2 0.003095 0.020193 0.882555 0.093959 0.000197
2 2 0.007099 0.016676 0.961600 0.014425 0.000200
2 2 0.000805 0.039310 0.929573 0.029953 0.000359
2 2 0.082038 0.053637 0.857292 0.006200 0.000833
2 2 0.000009 0.000747 0.988872 0.010372 0.000000
2 2 0.000185 0.006920 0.943842 0.048987 0.000066
2 3 0.001943 0.027534 0.965169 0.005283 0.000070
2 3 0.000125 0.008098 0.983088 0.008673 0.000016
