1 0 0.147018 0.563166 0.196307 0.000028 0.093480
2 1 0.000373 0.078264 0.847815 0.000379 0.073169
2 1 0.002785 0.127269 0.570653 0.000038 0.299255
4 1 0.013184 0.262347 0.179642 0.000003 0.544825
2 1 0.005577 0.238087 0.492876 0.000008 0.263452
2 1 0.002040 0.118904 0.602631 0.000169 0.276256
4 1 0.014675 0.250861 0.146333 0.000002 0.588129
4 4 0.017476 0.127409 0.070636 0.000005 0.784473
4 4 0.039937 0.181157 0.051813 0.000004 0.727089
4 4 0.044728 0.346336 0.086034 0.000000 0.522901
4 4 0.027778 0.256472 0.093766 0.000001 0.621984
4 4 0.007430 0.296579 0.278547 0.000000 0.417443
4 4 0.221883 0.164263 0.062086 0.000074 0.551694
4 4 0.234844 0.148575 0.040801 0.000038 0.575742
4 4 0.007892 0.183744 0.373667 0.000314 0.434383
4 4 0.011122 0.150446 0.147162 0.000011 0.691259
4 4 0.020609 0.358247 0.249773 0.000010 0.371361
2 4 0.001106 0.093415 0.667996 0.000077 0.237406
0 4 0.314877 0.283493 0.279862 0.003925 0.117842
2 4 0.024086 0.308052 0.536720 0.000495 0.130647
2 4 0.022869 0.248908 0.488169 0.001563 0.238491
4 4 0.073499 0.245364 0.091221 0.000052 0.589864
4 4 0.004990 0.184341 0.225814 0.000002 0.584853
4 4 0.004671 0.208108 0.371047 0.000031 0.416144
2 4 0.001393 0.101361 0.713938 0.000537 0.182770
4 4 0.026992 0.257753 0.187307 0.000036 0.527912
4 4 0.017540 0.309931 0.319902 0.000006 0.352621
4 4 0.018188 0.089044 0.067993 0.000019 0.824756
4 4 0.062807 0.290282 0.308143 0.000016 0.338752
2 4 0.001421 0.111186 0.532829 0.000012 0.354552
4 4 0.020441 0.292171 0.215448 0.000005 0.471936
4 4 0.010052 0.174851 0.146552 0.000006 0.668540
4 4 0.007122 0.236487 0.295827 0.000002 0.460562
2 1 0.004494 0.349583 0.460309 0.000040 0.185574
4 1 0.003667 0.164848 0.289910 0.000003 0.541572
1 1 0.228646 0.359970 0.096732 0.000009 0.314643
1 1 0.123746 0.467290 0.117078 0.000002 0.291884
1 1 0.074481 0.535180 0.201748 0.000007 0.188583
1 1 0.025779 0.417331 0.358324 0.000011 0.198555
2 1 0.006141 0.306122 0.641575 0.000036 0.046126
2 1 0.003040 0.179234 0.780500 0.000862 0.036364
2 1 0.009262 0.370551 0.561894 0.000057 0.058237
2 1 0.007863 0.349268 0.596149 0.000114 0.046606
1 1 0.128169 0.559444 0.206011 0.000026 0.106350
2 1 0.013004 0.378443 0.591926 0.000058 0.016569
2 1 0.004301 0.225090 0.677337 0.000045 0.093227
1 2 0.014850 0.578659 0.312430 0.000021 0.094040
2 2 0.000245 0.087312 0.896150 0.002243 0.014050
2 2 0.007312 0.316100 0.614572 0.000270 0.061747
2 2 0.000032 0.077459 0.915689 0.000248 0.006572
1 2 0.020466 0.510650 0.399012 0.000136 0.069735
2 2 0.002025 0.137812 0.824469 0.001493 0.034202
2 2 0.000289 0.067888 0.927324 0.001522 0.002976
2 2 0.000018 0.021636 0.976612 0.000911 0.000823
2 2 0.000295 0.045960 0.950135 0.002694 0.000916
2 2 0.000013 0.013379 0.983827 0.001766 0.001016
2 2 0.000028 0.023868 0.973298 0.001757 0.001048
2 2 0.000680 0.042585 0.938766 0.016498 0.001470
2 2 0.001214 0.083844 0.847471 0.049023 0.018447
2 2 0.000072 0.015873 0.978009 0.005734 0.000312
2 2 0.000659 0.057969 0.940119 0.000939 0.000314
2 2 0.014342 0.309599 0.655558 0.000187 0.020314
2 2 0.025065 0.222648 0.748053 0.001768 0.002466
2 2 0.001154 0.075726 0.917089 0.001291 0.004740
2 2 0.000092 0.031224 0.967203 0.001053 0.000427
2 2 0.000103 0.026723 0.966631 0.005533 0.001010
2 2 0.003062 0.108808 0.863104 0.018607 0.006419
2 2 0.014912 0.152687 0.822256 0.007406 0.002739
2 2 0.000072 0.002955 0.815482 0.181440 0.000052
2 3 0.000152 0.009343 0.897596 0.092563 0.000347
3 3 0.000325 0.004640 0.191383 0.801785 0.001868
2 3 0.001570 0.041720 0.853681 0.100005 0.003024
2 3 0.000730 0.052655 0.775761 0.147163 0.023690
3 3 0.000513 0.004042 0.184179 0.810483 0.000783
2 3 0.001035 0.011353 0.573531 0.413458 0.000623
3 3 0.000087 0.001445 0.298975 0.699404 0.000089
3 3 0.000002 0.000071 0.055033 0.944877 0.000016
3 3 0.000049 0.000517 0.173081 0.826330 0.000023
3 3 0.004288 0.043045 0.388460 0.544607 0.019600
3 3 0.000000 0.000141 0.471319 0.528528 0.000012
3 3 0.000000 0.000018 0.106366 0.893605 0.000011
3 3 0.000060 0.000558 0.093269 0.906036 0.000077
3 3 0.071398 0.045308 0.278770 0.602359 0.002165
3 3 0.000011 0.000139 0.070598 0.929239 0.000011
3 3 0.000072 0.002321 0.215087 0.781603 0.000916
3 3 0.000421 0.002423 0.119086 0.877569 0.000502
3 3 0.004269 0.007467 0.161003 0.826587 0.000674
3 3 0.000002 0.000005 0.003489 0.996503 0.000001
3 3 0.000027 0.000604 0.200017 0.799300 0.000053
3 3 0.000001 0.000012 0.029576 0.970411 0.000001
3 3 0.000000 0.000164 0.389836 0.609939 0.000061
2 3 0.000213 0.024211 0.838860 0.130065 0.006651
2 3 0.001467 0.027778 0.842630 0.126910 0.001214
2 3 0.000009 0.001649 0.784974 0.213272 0.000097
2 2 0.000659 0.020239 0.859780 0.118098 0.001224
3 2 0.000991 0.006183 0.163686 0.827336 0.001804
3 2 0.000028 0.002303 0.396192 0.600800 0.000676
3 3 0.000002 0.000224 0.300813 0.698939 0.000022
2 3 0.031597 0.081779 0.694977 0.188071 0.003575
3 3 0.000006 0.000588 0.222623 0.776573 0.000210
2 3 0.000021 0.012351 0.944383 0.040112 0.003133
2 3 0.000050 0.007912 0.835246 0.155529 0.001264
3 3 0.000177 0.001580 0.102992 0.894788 0.000463
3 3 0.000332 0.003969 0.283114 0.712070 0.000514
3 3 0.000009 0.000285 0.062444 0.937102 0.000159
3 3 0.001095 0.005097 0.259471 0.733976 0.000360
3 3 0.000019 0.000677 0.222789 0.776424 0.000092
3 3 0.000001 0.000108 0.155818 0.844046 0.000028
3 3 0.000056 0.000198 0.033671 0.966052 0.000024
3 3 0.000053 0.003531 0.319526 0.674861 0.002029
3 3 0.000408 0.000418 0.023129 0.975994 0.000051
3 3 0.000000 0.000008 0.083870 0.916121 0.000000
3 3 0.000165 0.000637 0.088052 0.911105 0.000041
3 3 0.000001 0.000069 0.108194 0.891724 0.000013
3 3 0.000211 0.001012 0.106178 0.892506 0.000093
3 3 0.000001 0.000067 0.081056 0.918866 0.000010
2 3 0.001026 0.028441 0.698985 0.264419 0.007130
3 3 0.000675 0.007194 0.167210 0.820779 0.004142
3 3 0.000008 0.000158 0.027201 0.972478 0.000155
3 3 0.004869 0.008709 0.119970 0.864095 0.002358
3 3 0.000000 0.000000 0.012827 0.987173 0.000000
3 3 0.000001 0.000066 0.046908 0.952998 0.000026
3 3 0.000016 0.000197 0.035955 0.963751 0.000081
3 3 0.000002 0.000136 0.121587 0.878255 0.000020
3 3 0.000000 0.000025 0.082556 0.917417 0.000003
3 3 0.000001 0.000011 0.006843 0.993139 0.000006
3 3 0.000034 0.000504 0.053786 0.945385 0.000292
3 3 0.000015 0.000224 0.030943 0.968650 0.000168
3 3 0.000123 0.000155 0.004864 0.994705 0.000153
2 3 0.001588 0.011431 0.525024 0.461424 0.000532
3 3 0.000038 0.000084 0.007466 0.992370 0.000042
3 3 0.000903 0.001973 0.073778 0.922916 0.000430
3 3 0.000000 0.000000 0.001190 0.998810 0.000000
3 3 0.000146 0.000066 0.002832 0.996930 0.000027
3 3 0.000004 0.000042 0.006834 0.993050 0.000070
3 3 0.002794 0.000390 0.011548 0.985250 0.000018
3 3 0.000000 0.000017 0.027520 0.972455 0.000008
3 3 0.000001 0.000019 0.042717 0.957262 0.000002
3 3 0.000001 0.000007 0.007436 0.992555 0.000001
3 3 0.000000 0.000003 0.004786 0.995204 0.000006
3 3 0.000206 0.000859 0.051128 0.947583 0.000224
3 3 0.000001 0.000019 0.019697 0.980279 0.000003
3 3 0.000033 0.000117 0.059106 0.940741 0.000003
3 3 0.000003 0.000023 0.023839 0.976133 0.000002
3 3 0.000000 0.000002 0.003485 0.996512 0.000001
3 3 0.000000 0.000000 0.001528 0.998471 0.000000
3 3 0.000006 0.000022 0.007167 0.992800 0.000006
3 3 0.000589 0.000698 0.010238 0.987774 0.000701
3 3 0.000045 0.000101 0.008395 0.991413 0.000046
3 3 0.009826 0.005365 0.065305 0.918958 0.000545
3 3 0.000059 0.000206 0.040247 0.959470 0.000018
3 3 0.000041 0.000175 0.016328 0.983373 0.000083
3 3 0.000018 0.000032 0.003525 0.996406 0.000019
3 3 0.000006 0.000060 0.020078 0.979840 0.000016
3 3 0.000161 0.000656 0.037886 0.960983 0.000313
3 3 0.000001 0.000015 0.045378 0.954605 0.000000
3 3 0.000001 0.000016 0.011349 0.988630 0.000005
3 3 0.000061 0.000813 0.038100 0.959828 0.001198
3 3 0.000001 0.000018 0.009554 0.990408 0.000019
3 3 0.000021 0.000063 0.012722 0.987183 0.000012
3 3 0.000001 0.000007 0.006620 0.993371 0.000001
3 3 0.000000 0.000024 0.028403 0.971556 0.000017
3 3 0.000000 0.000001 0.007809 0.992190 0.000000
3 3 0.000000 0.000003 0.081590 0.918407 0.000000
3 3 0.000374 0.001420 0.082527 0.915461 0.000218
3 3 0.000013 0.000044 0.004057 0.995830 0.000055
3 3 0.000007 0.000006 0.001364 0.998622 0.000002
3 3 0.000011 0.000060 0.004348 0.995445 0.000136
3 3 0.000027 0.000081 0.025181 0.974705 0.000006
3 3 0.000014 0.000124 0.033206 0.966632 0.000024
3 3 0.000843 0.000771 0.021818 0.976403 0.000165
3 3 0.002917 0.001487 0.031838 0.963599 0.000160
2 3 0.249610 0.269338 0.436432 0.039281 0.005339
2 3 0.000725 0.029766 0.907739 0.060306 0.001464
3 3 0.000000 0.000001 0.204635 0.795364 0.000000
2 3 0.155343 0.123296 0.582694 0.137191 0.001476
3 3 0.000227 0.006034 0.411013 0.581564 0.001162
3 3 0.000225 0.000906 0.187310 0.811539 0.000021
2 3 0.000000 0.000014 0.973196 0.026790 0.000000
2 3 0.000604 0.015872 0.800156 0.182513 0.000855
2 2 0.014278 0.205875 0.687661 0.030600 0.061587
2 2 0.054771 0.392163 0.488517 0.005104 0.059446
2 2 0.000335 0.028199 0.955626 0.013239 0.002602
2 2 0.000244 0.007222 0.792370 0.199933 0.000232
2 2 0.000012 0.001678 0.743296 0.254916 0.000098
2 2 0.000002 0.000492 0.960833 0.038670 0.000002
2 2 0.000002 0.002443 0.983358 0.014057 0.000140
2 2 0.000134 0.028449 0.950791 0.017468 0.003159
2 2 0.003593 0.146831 0.650759 0.004521 0.194296
4 2 0.011767 0.051843 0.166176 0.001854 0.768360
4 4 0.004537 0.129642 0.318905 0.000022 0.546895
4 4 0.010462 0.253141 0.222785 0.000029 0.513582
4 4 0.005422 0.217400 0.340340 0.000030 0.436808
4 4 0.053994 0.412099 0.095584 0.000000 0.438323
4 4 0.006240 0.185689 0.229450 0.000003 0.578618
4 4 0.016994 0.214015 0.176212 0.000079 0.592700
1 4 0.024213 0.492899 0.204201 0.000001 0.278686
4 4 0.011998 0.200768 0.200594 0.000040 0.586600
4 4 0.010412 0.182491 0.045293 0.000000 0.761804
2 4 0.008614 0.303193 0.348394 0.000003 0.339795
2 4 0.002654 0.206288 0.562727 0.000160 0.228171
2 4 0.008260 0.116540 0.444233 0.006143 0.424824
4 4 0.003280 0.257086 0.276467 0.000001 0.463166
2 4 0.005457 0.300746 0.420718 0.000037 0.273042
2 4 0.001599 0.198051 0.561815 0.000020 0.238514
2 4 0.004741 0.229831 0.417952 0.000078 0.347398
4 4 0.029504 0.232965 0.100560 0.000002 0.636969
4 4 0.007915 0.251373 0.338285 0.000045 0.402381
2 4 0.005801 0.311127 0.542884 0.000223 0.139965
2 1 0.000715 0.138337 0.735632 0.000074 0.125242
2 1 0.000508 0.136808 0.858311 0.000061 0.004311
2 1 0.000002 0.007058 0.989892 0.001041 0.002007
2 1 0.000045 0.025145 0.970885 0.000837 0.003088
2 1 0.003500 0.340030 0.414691 0.000029 0.241750
2 2 0.001636 0.254675 0.621023 0.000201 0.122465
2 2 0.000387 0.117433 0.851452 0.000439 0.030289
1 2 0.012515 0.406896 0.350503 0.000167 0.229920
2 2 0.017423 0.370449 0.550716 0.000213 0.061199
1 2 0.273991 0.442074 0.129075 0.000041 0.154820
1 1 0.034225 0.582287 0.170021 0.000000 0.213467
2 1 0.001800 0.316572 0.649477 0.000046 0.032104
2 1 0.000323 0.092788 0.855208 0.000538 0.051142
2 2 0.000000 0.001287 0.998324 0.000351 0.000038
2 2 0.000023 0.011422 0.986746 0.000993 0.000815
2 2 0.000564 0.097487 0.894727 0.001176 0.006045
2 2 0.001328 0.073606 0.903497 0.013310 0.008258
2 2 0.000411 0.069532 0.927658 0.000318 0.002081
2 2 0.001450 0.090354 0.887736 0.000518 0.019942
2 2 0.000232 0.080916 0.908853 0.000087 0.009913
2 2 0.002702 0.113719 0.871981 0.000496 0.011102
2 2 0.003356 0.211322 0.732235 0.000704 0.052383
2 2 0.000087 0.039204 0.957055 0.000404 0.003250
2 2 0.000128 0.046933 0.947480 0.000783 0.004675
2 2 0.007216 0.133162 0.848632 0.001298 0.009692
2 2 0.001505 0.133812 0.852490 0.001361 0.010832
2 2 0.000000 0.002792 0.996153 0.000746 0.000308
2 2 0.000003 0.003013 0.996301 0.000590 0.000094
2 2 0.001498 0.223537 0.746024 0.000049 0.028892
2 2 0.000743 0.094932 0.899614 0.000712 0.003999
2 2 0.000381 0.088011 0.889354 0.001942 0.020312
2 2 0.000000 0.000386 0.994635 0.004966 0.000014
2 2 0.030886 0.357879 0.585465 0.000565 0.025205
2 2 0.000569 0.150390 0.804562 0.000116 0.044362
2 2 0.009096 0.314283 0.636283 0.000214 0.040124
2 2 0.014596 0.364797 0.582085 0.000160 0.038362
1 2 0.110513 0.550283 0.235083 0.000161 0.103960
2 2 0.010049 0.429071 0.543702 0.000091 0.017087
2 2 0.007201 0.291927 0.577087 0.000719 0.123066
2 2 0.000720 0.081848 0.913213 0.000147 0.004072
2 2 0.001470 0.077285 0.911366 0.002660 0.007220
2 2 0.011481 0.339476 0.622260 0.000698 0.026085
2 2 0.000860 0.145932 0.792460 0.003521 0.057227
2 2 0.000209 0.098529 0.882040 0.000747 0.018475
2 2 0.000061 0.033424 0.947229 0.000977 0.018310
2 2 0.000420 0.124999 0.804370 0.000109 0.070102
2 2 0.033339 0.423659 0.448876 0.001059 0.093067
2 2 0.008664 0.219205 0.735454 0.000021 0.036656
2 2 0.001850 0.191661 0.791449 0.000093 0.014946
2 2 0.000010 0.013431 0.981725 0.003778 0.001057
2 2 0.009110 0.317419 0.644354 0.001247 0.027871
2 2 0.001721 0.110606 0.877791 0.002875 0.007006
2 2 0.000003 0.006183 0.987657 0.005563 0.000596
2 2 0.000410 0.073464 0.923789 0.000696 0.001641
2 2 0.002957 0.145771 0.838055 0.001474 0.011744
2 2 0.042141 0.396231 0.540668 0.001670 0.019289
2 2 0.000407 0.059188 0.922154 0.012570 0.005681
2 2 0.002189 0.086193 0.901537 0.007600 0.002481
2 2 0.000031 0.017698 0.977971 0.001299 0.003002
2 2 0.001755 0.110801 0.878843 0.001384 0.007216
2 2 0.004502 0.200246 0.789896 0.000532 0.004823
2 2 0.000234 0.078523 0.891408 0.003630 0.026206
2 2 0.000339 0.046017 0.945615 0.004783 0.003247
2 2 0.000243 0.080198 0.905109 0.002858 0.011591
2 2 0.001523 0.147617 0.844047 0.001023 0.005791
1 2 0.035513 0.494762 0.418191 0.000560 0.050974
2 2 0.001145 0.076624 0.915213 0.001262 0.005756
2 2 0.000073 0.019703 0.977461 0.002419 0.000344
2 2 0.000299 0.064392 0.931027 0.002146 0.002136
2 2 0.001711 0.051416 0.824425 0.108790 0.013658
2 2 0.018429 0.240190 0.727638 0.000056 0.013687
2 2 0.000096 0.038458 0.956349 0.001210 0.003887
2 2 0.000491 0.124526 0.868724 0.000191 0.006067
2 2 0.001304 0.167294 0.766493 0.000445 0.064464
2 2 0.000514 0.068630 0.909079 0.007489 0.014287
2 2 0.000669 0.075622 0.917875 0.002092 0.003742
2 2 0.000426 0.072739 0.922424 0.002203 0.002208
2 2 0.026231 0.264825 0.632887 0.002501 0.073556
2 2 0.001413 0.130442 0.840548 0.001758 0.025839
2 2 0.004691 0.249818 0.658771 0.001090 0.085630
1 2 0.279937 0.355501 0.154278 0.000744 0.209540
1 0 0.327386 0.357119 0.241953 0.007661 0.065881
0 0 0.432649 0.335169 0.160811 0.002772 0.068599
1 1 0.383059 0.449786 0.142734 0.000083 0.024338
1 1 0.031542 0.532689 0.419257 0.000053 0.016459
2 1 0.004333 0.230040 0.724395 0.000389 0.040843
2 1 0.016094 0.376039 0.587530 0.000111 0.020226
2 1 0.006553 0.240579 0.624610 0.002075 0.126182
2 1 0.001314 0.084195 0.902294 0.008703 0.003494
2 1 0.000201 0.022789 0.969709 0.006780 0.000521
2 2 0.000004 0.003372 0.992282 0.004295 0.000046
2 2 0.000437 0.058134 0.936212 0.002873 0.002344
2 2 0.000062 0.010401 0.983338 0.005450 0.000749
2 2 0.000600 0.060499 0.932069 0.002909 0.003922
2 2 0.001277 0.133310 0.830724 0.000496 0.034193
2 2 0.002764 0.146093 0.846098 0.000819 0.004226
2 2 0.000048 0.046326 0.948836 0.000405 0.004384
2 2 0.000220 0.035138 0.956266 0.007086 0.001290
2 2 0.001945 0.073855 0.905893 0.005846 0.012462
2 2 0.011937 0.344921 0.557820 0.000588 0.084734
1 2 0.350967 0.409739 0.111995 0.000037 0.127262
1 2 0.127865 0.601029 0.157274 0.000001 0.113831
1 2 0.191746 0.418410 0.349861 0.000514 0.039469
0 0 0.744624 0.134989 0.044273 0.000330 0.075784
0 0 0.805030 0.063012 0.019308 0.000266 0.112384
0 0 0.440607 0.303986 0.067650 0.000008 0.187748
1 0 0.068036 0.633162 0.251187 0.000002 0.047612
2 1 0.028030 0.283241 0.557349 0.001219 0.130161
0 1 0.499814 0.337227 0.082167 0.000027 0.080764
1 1 0.026791 0.473127 0.383979 0.000037 0.116066
1 1 0.185493 0.568428 0.173194 0.000013 0.072873
1 1 0.104001 0.542314 0.182602 0.000016 0.171067
2 1 0.000976 0.139005 0.823411 0.000121 0.036487
2 1 0.001197 0.107457 0.870093 0.003741 0.017511
2 1 0.001095 0.166457 0.809889 0.000483 0.022075
2 1 0.002422 0.252662 0.720328 0.001604 0.022983
2 1 0.000711 0.133715 0.844238 0.001336 0.020001
2 1 0.000104 0.043550 0.939586 0.009421 0.007338
2 2 0.000077 0.008412 0.915560 0.075379 0.000571
2 2 0.000840 0.140442 0.832051 0.002917 0.023750
2 2 0.000190 0.049902 0.930608 0.003680 0.015620
2 2 0.000000 0.001142 0.997094 0.001737 0.000027
2 2 0.007098 0.202862 0.732728 0.002223 0.055089
2 2 0.000147 0.010767 0.971853 0.017078 0.000155
2 2 0.000051 0.032684 0.958426 0.005071 0.003769
2 2 0.001207 0.123211 0.863608 0.000456 0.011518
1 2 0.032692 0.529718 0.351759 0.000065 0.085766
0 2 0.728906 0.182908 0.045580 0.000049 0.042558
0 0 0.821084 0.096374 0.027444 0.000091 0.055007
0 0 0.435784 0.353924 0.093658 0.000037 0.116596
1 1 0.049472 0.479235 0.255968 0.000198 0.215128
1 1 0.089017 0.542973 0.286699 0.000126 0.081185
2 1 0.004785 0.315324 0.618337 0.000275 0.061279
2 1 0.001337 0.246470 0.689122 0.002116 0.060955
2 1 0.000008 0.008004 0.979658 0.011563 0.000767
2 2 0.000005 0.003673 0.962520 0.033501 0.000301
2 2 0.000607 0.074924 0.918390 0.003569 0.002510
2 2 0.015823 0.191482 0.770802 0.015578 0.006315
1 2 0.007732 0.451191 0.396657 0.000077 0.144342
2 2 0.004303 0.153958 0.791571 0.020332 0.029837
2 2 0.001756 0.088394 0.904917 0.003582 0.001352
1 2 0.053846 0.566415 0.276056 0.000125 0.103558
2 2 0.025788 0.225666 0.742788 0.001799 0.003959
2 2 0.000241 0.035853 0.954937 0.004648 0.004322
2 2 0.000490 0.037809 0.947448 0.005227 0.009026
1 2 0.103013 0.556463 0.206732 0.000037 0.133755
1 2 0.135053 0.624410 0.189234 0.000005 0.051298
1 2 0.016993 0.525914 0.356687 0.000328 0.100078
2 2 0.000054 0.024230 0.971531 0.003098 0.001088
2 2 0.000104 0.066002 0.925007 0.001927 0.006960
2 2 0.000056 0.034192 0.954619 0.000556 0.010577
2 2 0.000559 0.082259 0.912125 0.002177 0.002879
2 2 0.000194 0.012273 0.979888 0.007582 0.000062
2 2 0.007580 0.091010 0.892463 0.007190 0.001756
2 2 0.000334 0.021937 0.976120 0.001283 0.000326
2 2 0.001388 0.071816 0.916758 0.007012 0.003026
2 2 0.004292 0.203177 0.781467 0.003302 0.007762
2 2 0.002688 0.110474 0.882356 0.002987 0.001495
2 2 0.000931 0.030870 0.888500 0.078015 0.001684
2 2 0.027877 0.261801 0.688689 0.002364 0.019270
2 2 0.003869 0.184290 0.788571 0.001441 0.021830
2 2 0.002267 0.125111 0.860941 0.002369 0.009312
2 2 0.000274 0.022787 0.963111 0.012487 0.001341
2 2 0.000561 0.059756 0.932854 0.003359 0.003469
2 2 0.000557 0.100833 0.890909 0.002219 0.005482
2 2 0.002010 0.140653 0.842868 0.002938 0.011531
2 2 0.002865 0.079141 0.915952 0.001061 0.000982
2 2 0.000000 0.001201 0.996410 0.002358 0.000031
2 2 0.000213 0.065796 0.921354 0.004537 0.008100
2 2 0.001151 0.126813 0.865816 0.000763 0.005457
2 2 0.074218 0.433725 0.438508 0.002127 0.051422
2 2 0.000270 0.029492 0.960063 0.009401 0.000774
2 2 0.000093 0.042555 0.953038 0.001760 0.002554
2 2 0.059179 0.321977 0.616036 0.000211 0.002597
2 2 0.003550 0.079814 0.915233 0.000759 0.000643
2 2 0.000281 0.030146 0.960319 0.008527 0.000727
2 2 0.000042 0.014584 0.976012 0.008729 0.000633
2 2 0.160527 0.297979 0.530642 0.001156 0.009696
2 2 0.099894 0.373419 0.497132 0.007085 0.022470
2 2 0.001499 0.091915 0.878413 0.016705 0.011468
2 2 0.000417 0.034703 0.954633 0.008952 0.001294
2 2 0.000003 0.002574 0.993217 0.004087 0.000119
2 2 0.000002 0.007221 0.989378 0.002512 0.000888
2 2 0.000005 0.002540 0.987637 0.009785 0.000032
2 2 0.000021 0.016825 0.978458 0.003744 0.000952
2 2 0.000198 0.016196 0.974526 0.008665 0.000416
2 2 0.010167 0.243811 0.728536 0.004278 0.013208
2 2 0.000016 0.007600 0.985780 0.006422 0.000182
2 2 0.002506 0.138700 0.854678 0.000723 0.003394
2 2 0.010090 0.162712 0.799094 0.003302 0.024803
2 2 0.015895 0.364510 0.534823 0.001760 0.083012
2 2 0.000055 0.012552 0.984020 0.003250 0.000122
2 2 0.000009 0.002333 0.931514 0.066064 0.000080
2 2 0.000573 0.052226 0.939981 0.000862 0.006358
2 2 0.025528 0.200467 0.723260 0.013285 0.037461
2 2 0.007060 0.200318 0.740440 0.000754 0.051428
2 2 0.005592 0.216593 0.742272 0.004059 0.031483
1 2 0.331422 0.402832 0.163571 0.000633 0.101542
1 2 0.015120 0.499492 0.440721 0.000171 0.044496
0 2 0.747130 0.161096 0.068865 0.002109 0.020801
2 2 0.021116 0.207960 0.750636 0.014457 0.005832
2 2 0.006967 0.412548 0.419175 0.000626 0.160684
4 2 0.197672 0.299248 0.139849 0.000571 0.362660
2 2 0.021087 0.454135 0.507592 0.000127 0.017060
4 2 0.338180 0.072035 0.026439 0.000277 0.563069
0 0 0.855918 0.107886 0.030276 0.000163 0.005757
2 1 0.062984 0.353535 0.568301 0.000386 0.014794
0 1 0.980889 0.006989 0.002136 0.000176 0.009810
1 1 0.304880 0.486691 0.125150 0.000009 0.083270
1 1 0.338929 0.483347 0.125441 0.000011 0.052273
1 1 0.072069 0.607115 0.242599 0.000025 0.078193
2 1 0.008873 0.356557 0.559162 0.001314 0.074094
4 1 0.005784 0.069787 0.348661 0.000897 0.574870
4 1 0.029292 0.072928 0.047688 0.000068 0.850023
4 4 0.031029 0.027111 0.016668 0.000104 0.925088
4 4 0.017522 0.154011 0.121709 0.000029 0.706728
4 4 0.031448 0.034354 0.028639 0.000446 0.905113
4 4 0.043180 0.088971 0.069959 0.000238 0.797651
4 4 0.035791 0.093082 0.048302 0.000113 0.822712
4 4 0.024627 0.376810 0.218402 0.000030 0.380132
1 4 0.088507 0.473082 0.305217 0.000694 0.132500
4 4 0.018224 0.053472 0.094769 0.000815 0.832721
4 4 0.014412 0.051791 0.129973 0.001248 0.802576
4 4 0.076558 0.061775 0.030648 0.000172 0.830848
1 4 0.135122 0.422226 0.190596 0.000568 0.251488
0 4 0.634522 0.060138 0.024947 0.001300 0.279093
4 4 0.048611 0.090055 0.043884 0.000366 0.817084
4 4 0.033921 0.042331 0.028589 0.000266 0.894893
2 4 0.005709 0.126024 0.537726 0.001488 0.329053
4 4 0.015660 0.148548 0.172580 0.000119 0.663093
4 4 0.110524 0.120173 0.051925 0.000233 0.717146
4 4 0.026300 0.189051 0.211687 0.000593 0.572369
4 4 0.043149 0.097581 0.052365 0.000224 0.806682
4 4 0.025456 0.144550 0.039306 0.000002 0.790687
4 4 0.016548 0.210295 0.225065 0.000252 0.547840
1 4 0.030029 0.404188 0.299206 0.000031 0.266546
4 4 0.165151 0.134338 0.040705 0.000041 0.659765
1 4 0.017507 0.408929 0.177343 0.000011 0.396211
1 4 0.013203 0.369194 0.277537 0.000009 0.340057
4 4 0.043245 0.050415 0.021878 0.000093 0.884368
4 4 0.027405 0.216875 0.113819 0.000075 0.641827
4 4 0.052500 0.076399 0.034252 0.000291 0.836559
4 4 0.072012 0.206780 0.083152 0.000102 0.637955
4 4 0.097138 0.091518 0.036441 0.000107 0.774796
4 4 0.026245 0.369825 0.190193 0.000003 0.413733
2 4 0.046564 0.359120 0.453236 0.000032 0.141048
4 4 0.011072 0.281464 0.273798 0.000012 0.433654
2 4 0.035385 0.219989 0.553128 0.001729 0.189770
1 4 0.040460 0.393348 0.327895 0.000131 0.238166
2 4 0.001578 0.161503 0.595665 0.000020 0.241234
4 4 0.007283 0.239156 0.277957 0.000025 0.475579
4 4 0.137659 0.112465 0.032569 0.000017 0.717289
0 0 0.559007 0.160037 0.055713 0.000271 0.224971
1 0 0.162396 0.450262 0.210385 0.000003 0.176954
2 1 0.007415 0.245128 0.443299 0.000079 0.304079
2 1 0.001949 0.215432 0.730848 0.000874 0.050896
2 1 0.000379 0.165840 0.780567 0.000117 0.053098
2 1 0.000662 0.130422 0.783989 0.000368 0.084560
2 1 0.003000 0.208312 0.470027 0.000033 0.318628
2 1 0.000028 0.023771 0.973198 0.000281 0.002722
2 1 0.000138 0.037071 0.918211 0.000583 0.043996
2 1 0.000078 0.066729 0.896000 0.000019 0.037174
2 1 0.000021 0.019052 0.970826 0.003461 0.006639
2 1 0.015998 0.352861 0.578248 0.002006 0.050887
2 1 0.000489 0.093670 0.828819 0.000030 0.076992
2 1 0.003551 0.219818 0.547205 0.000365 0.229061
2 1 0.000352 0.060957 0.868222 0.000811 0.069657
1 0 0.229819 0.436665 0.330592 0.000583 0.002341
2 1 0.042970 0.383759 0.524067 0.002933 0.046270
2 1 0.011509 0.326431 0.561501 0.000296 0.100263
2 1 0.000679 0.184417 0.786136 0.001971 0.026796
2 1 0.000099 0.062864 0.930301 0.000941 0.005795
2 2 0.007898 0.192485 0.766906 0.007954 0.024756
2 2 0.008667 0.247852 0.710595 0.005947 0.026938
2 2 0.000003 0.008806 0.987307 0.002298 0.001586
2 2 0.000142 0.052195 0.922561 0.005257 0.019846
2 2 0.000001 0.003013 0.994874 0.002003 0.000108
2 2 0.000025 0.027914 0.968959 0.001323 0.001779
2 2 0.000106 0.061060 0.919501 0.001629 0.017704
2 2 0.007982 0.183539 0.734504 0.003883 0.070092
2 2 0.000141 0.064171 0.918168 0.003028 0.014493
2 2 0.000000 0.001660 0.996814 0.001480 0.000046
2 2 0.000002 0.005039 0.984878 0.009139 0.000943
2 2 0.000014 0.008026 0.988127 0.002942 0.000891
2 2 0.000001 0.001954 0.994216 0.003735 0.000095
2 2 0.000000 0.000015 0.981712 0.018273 0.000000
2 2 0.000000 0.001132 0.981384 0.017170 0.000314
2 2 0.000142 0.032065 0.961516 0.002437 0.003840
2 2 0.000000 0.000612 0.973917 0.025445 0.000025
2 2 0.000002 0.002177 0.965027 0.032612 0.000183
2 2 0.000004 0.005052 0.993263 0.000415 0.001267
2 2 0.000000 0.000888 0.995515 0.003473 0.000124
2 2 0.000024 0.010751 0.936595 0.050472 0.002157
2 2 0.000005 0.006708 0.988972 0.004030 0.000285
2 2 0.000000 0.000390 0.972573 0.027026 0.000011
2 2 0.000136 0.017712 0.962320 0.019186 0.000645
2 2 0.000055 0.010904 0.958517 0.029931 0.000594
2 2 0.000007 0.004611 0.936484 0.058120 0.000778
2 2 0.000041 0.006351 0.925447 0.067829 0.000332
2 2 0.000021 0.003807 0.888137 0.107808 0.000226
2 2 0.000000 0.000378 0.983781 0.015831 0.000011
2 2 0.000000 0.000038 0.742495 0.257462 0.000005
2 2 0.000000 0.000098 0.714177 0.285719 0.000006
2 2 0.000007 0.001347 0.534514 0.463856 0.000276
2 3 0.000214 0.015598 0.813026 0.168803 0.002359
3 3 0.000000 0.000060 0.283995 0.715916 0.000030
3 3 0.000000 0.000011 0.045815 0.954172 0.000002
2 3 0.000008 0.001475 0.659349 0.338957 0.000212
3 3 0.000004 0.000206 0.100470 0.899254 0.000065
3 3 0.000000 0.000007 0.039155 0.960837 0.000001
3 3 0.000001 0.000391 0.449331 0.550198 0.000080
3 3 0.000072 0.001147 0.165572 0.833021 0.000188
3 3 0.008624 0.020293 0.482580 0.483719 0.004783
3 3 0.000002 0.000113 0.169885 0.829993 0.000007
3 3 0.000014 0.001286 0.205754 0.791974 0.000971
3 3 0.000000 0.000002 0.018465 0.981533 0.000000
2 3 0.000001 0.001368 0.675732 0.322130 0.000768
3 3 0.000000 0.000023 0.114783 0.885183 0.000011
3 3 0.000000 0.000025 0.196592 0.803373 0.000009
3 3 0.000003 0.000366 0.148882 0.850544 0.000206
3 3 0.000205 0.005421 0.391948 0.601343 0.001083
3 3 0.000000 0.000122 0.086357 0.913344 0.000177
3 3 0.000000 0.000000 0.033630 0.966370 0.000000
3 3 0.000000 0.000001 0.004914 0.995085 0.000001
3 3 0.000000 0.000001 0.074318 0.925682 0.000000
3 3 0.000019 0.000226 0.064924 0.934797 0.000034
2 3 0.000002 0.000498 0.641868 0.357599 0.000033
3 3 0.000000 0.000002 0.016377 0.983620 0.000001
3 3 0.000183 0.000488 0.014771 0.984115 0.000443
3 3 0.000000 0.000000 0.007151 0.992849 0.000000
3 3 0.000007 0.000108 0.028562 0.971278 0.000045
3 3 0.000065 0.001220 0.449748 0.548938 0.000029
3 3 0.000001 0.000022 0.016040 0.983929 0.000009
3 3 0.000000 0.000010 0.018485 0.981503 0.000001
3 3 0.000008 0.000102 0.043049 0.956824 0.000016
3 3 0.000006 0.000130 0.026128 0.973537 0.000199
3 3 0.000014 0.000148 0.146148 0.853687 0.000003
3 3 0.000000 0.000089 0.206817 0.793065 0.000029
3 3 0.000003 0.000033 0.026227 0.973734 0.000004
3 3 0.000001 0.000093 0.089630 0.910238 0.000038
3 3 0.000000 0.000005 0.040962 0.959032 0.000001
3 3 0.000000 0.000039 0.153163 0.846792 0.000006
3 3 0.000011 0.000453 0.313653 0.685860 0.000023
3 3 0.000000 0.000001 0.008613 0.991384 0.000001
3 3 0.000003 0.000046 0.032896 0.967049 0.000006
3 3 0.000001 0.000062 0.088625 0.911300 0.000012
3 3 0.000007 0.000256 0.107018 0.892662 0.000057
3 3 0.000006 0.000367 0.146471 0.853041 0.000115
3 3 0.000003 0.000015 0.014354 0.985627 0.000001
3 3 0.000025 0.000185 0.042512 0.957248 0.000029
3 3 0.000000 0.000000 0.062197 0.937803 0.000000
3 3 0.000000 0.000006 0.037217 0.962776 0.000001
3 3 0.000012 0.000175 0.063863 0.935808 0.000143
3 3 0.000015 0.000035 0.010714 0.989232 0.000004
3 3 0.000000 0.000007 0.038559 0.961433 0.000000
3 3 0.005960 0.012588 0.132895 0.845263 0.003294
3 3 0.000000 0.000012 0.024081 0.975904 0.000002
3 3 0.000000 0.000004 0.065877 0.934119 0.000000
3 3 0.000002 0.000016 0.005637 0.994334 0.000010
3 3 0.000000 0.000000 0.034652 0.965348 0.000000
3 3 0.000008 0.000030 0.011504 0.988454 0.000004
3 3 0.000001 0.000012 0.013194 0.986788 0.000005
3 3 0.000041 0.000192 0.022765 0.976943 0.000060
3 3 0.000000 0.000002 0.023081 0.976917 0.000001
3 3 0.000000 0.000065 0.178552 0.821355 0.000028
3 3 0.000029 0.000433 0.074203 0.925214 0.000121
3 3 0.000000 0.000005 0.018528 0.981461 0.000006
3 3 0.000005 0.000091 0.025952 0.973903 0.000050
3 3 0.000001 0.000100 0.072675 0.927178 0.000047
3 3 0.000001 0.000005 0.022072 0.977922 0.000000
3 3 0.000001 0.000084 0.132972 0.866936 0.000007
2 3 0.009713 0.035207 0.495120 0.452805 0.007155
2 3 0.000037 0.005194 0.979758 0.014962 0.000050
2 3 0.000684 0.054442 0.941240 0.002618 0.001015
2 2 0.000062 0.005064 0.866890 0.127787 0.000197
3 2 0.000005 0.000373 0.486099 0.513513 0.000010
2 2 0.000139 0.009841 0.883275 0.105863 0.000882
2 2 0.000013 0.004241 0.970707 0.024904 0.000135
2 2 0.002833 0.025998 0.883322 0.087515 0.000332
2 2 0.018125 0.082837 0.860488 0.037783 0.000768
2 2 0.000001 0.000402 0.526358 0.473171 0.000068
2 2 0.005962 0.043152 0.932116 0.018214 0.000556
2 2 0.013374 0.074122 0.886295 0.025464 0.000745
2 2 0.000000 0.000403 0.898604 0.100978 0.000015
2 2 0.000001 0.001406 0.989236 0.009330 0.000027
2 2 0.000002 0.003704 0.989537 0.005679 0.001078
2 2 0.001844 0.065205 0.701181 0.003007 0.228764
2 2 0.000490 0.124610 0.784710 0.000099 0.090091
2 2 0.000122 0.066168 0.894743 0.000098 0.038870
2 2 0.000579 0.114399 0.785394 0.000170 0.099458
2 1 0.037235 0.362785 0.435508 0.000050 0.164421
2 1 0.001618 0.109152 0.604876 0.000078 0.284276
4 1 0.015341 0.249422 0.180902 0.000048 0.554287
4 4 0.018353 0.107318 0.217290 0.002429 0.654610
4 4 0.065613 0.246947 0.171243 0.000385 0.515811
2 4 0.005438 0.172921 0.479897 0.000545 0.341199
1 4 0.025108 0.385172 0.305769 0.000010 0.283941
2 4 0.002650 0.155824 0.609139 0.000449 0.231939
4 4 0.012448 0.135650 0.318791 0.001371 0.531740
2 4 0.006822 0.209007 0.634195 0.004141 0.145834
4 4 0.039786 0.135731 0.093399 0.000543 0.730541
4 4 0.033106 0.024529 0.012497 0.000064 0.929805
4 4 0.013396 0.087528 0.330240 0.019245 0.549590
2 4 0.005923 0.189900 0.415142 0.000166 0.388868
4 4 0.121371 0.225822 0.107585 0.000566 0.544656
4 4 0.040335 0.257392 0.271769 0.000981 0.429523
2 4 0.008409 0.255565 0.679053 0.000231 0.056742
2 4 0.001544 0.162222 0.761350 0.001466 0.073419
1 4 0.068070 0.473315 0.159562 0.000011 0.299042
0 4 0.542343 0.151691 0.065397 0.003477 0.237092
2 4 0.020641 0.348966 0.577701 0.000707 0.051985
1 4 0.055606 0.627482 0.297546 0.000041 0.019325
1 4 0.071666 0.537138 0.249776 0.000178 0.141242
1 4 0.081576 0.590904 0.244323 0.000049 0.083147
1 4 0.078451 0.552212 0.242769 0.000112 0.126455
1 4 0.044896 0.455251 0.413357 0.002362 0.084134
1 4 0.143967 0.527645 0.200782 0.000103 0.127503
2 0 0.062455 0.428246 0.482790 0.000041 0.026468
4 1 0.197890 0.323545 0.103873 0.000128 0.374564
0 4 0.540865 0.033202 0.013770 0.000565 0.411598
1 4 0.193523 0.558062 0.136770 0.000002 0.111643
1 4 0.011361 0.453787 0.388008 0.000042 0.146803
1 4 0.009073 0.448375 0.417501 0.000038 0.125014
2 4 0.048861 0.364145 0.507682 0.000440 0.078871
1 0 0.081552 0.567686 0.170332 0.000003 0.180427
2 1 0.000824 0.188544 0.762833 0.003241 0.044558
1 1 0.027296 0.471609 0.298713 0.000078 0.202303
2 1 0.000841 0.150815 0.775066 0.001107 0.072171
1 1 0.338512 0.452157 0.126885 0.000031 0.082414
0 1 0.501588 0.346350 0.092836 0.000060 0.059166
1 4 0.364271 0.430036 0.130591 0.000084 0.075018
2 4 0.004936 0.257890 0.669125 0.001802 0.066247
2 4 0.001878 0.213875 0.749837 0.000210 0.034200
2 4 0.000193 0.048235 0.923832 0.011266 0.016475
0 4 0.288717 0.227508 0.209958 0.002027 0.271791
0 4 0.577647 0.248699 0.073777 0.000136 0.099741
1 4 0.053558 0.630293 0.287665 0.000030 0.028454
2 4 0.017904 0.302100 0.620730 0.014907 0.044359
1 4 0.204258 0.540667 0.202118 0.000119 0.052839
2 4 0.061937 0.332386 0.567608 0.011592 0.026476
1 4 0.349449 0.455644 0.172911 0.000310 0.021686
1 4 0.309524 0.459910 0.211857 0.000172 0.018538
1 4 0.350075 0.354981 0.278433 0.001439 0.015073
2 4 0.000375 0.076121 0.915138 0.000677 0.007690
2 4 0.053173 0.303050 0.623360 0.003659 0.016758
2 4 0.052713 0.307990 0.623294 0.000245 0.015759
0 4 0.511000 0.282103 0.168702 0.011875 0.026320
1 4 0.085949 0.568994 0.258470 0.000153 0.086434
1 4 0.039925 0.583392 0.276524 0.000047 0.100112
2 4 0.009139 0.321955 0.627965 0.001373 0.039568
1 4 0.046211 0.455214 0.435697 0.001219 0.061659
1 4 0.028136 0.535400 0.313612 0.000234 0.122619
1 4 0.080480 0.558238 0.294593 0.000548 0.066140
2 4 0.000711 0.062729 0.931522 0.002899 0.002138
2 4 0.227146 0.287179 0.361004 0.001083 0.123589
1 4 0.210491 0.554720 0.174585 0.000023 0.060182
2 4 0.014844 0.448126 0.499806 0.000564 0.036660
1 4 0.144307 0.571917 0.248322 0.000195 0.035260
1 4 0.171274 0.427689 0.353619 0.003482 0.043935
0 4 0.498269 0.200898 0.062618 0.000037 0.238178
2 4 0.021584 0.371264 0.565310 0.001788 0.040054
2 4 0.007428 0.320729 0.546850 0.001611 0.123382
1 4 0.257742 0.416364 0.211307 0.004070 0.110517
2 4 0.000927 0.107307 0.884377 0.000378 0.007012
2 4 0.001876 0.227412 0.709879 0.001197 0.059636
1 1 0.113283 0.554133 0.307101 0.000122 0.025361
2 1 0.003578 0.199287 0.751651 0.001478 0.044005
2 1 0.029630 0.321451 0.382771 0.000679 0.265470
2 1 0.000501 0.138296 0.842035 0.002135 0.017033
2 2 0.000108 0.030035 0.950053 0.011053 0.008752
2 2 0.000000 0.000008 0.993700 0.006293 0.000000
2 2 0.000002 0.001466 0.991904 0.006613 0.000016
2 2 0.000402 0.020242 0.974235 0.004586 0.000535
2 2 0.000004 0.003621 0.993146 0.003181 0.000048
2 2 0.000001 0.001938 0.991149 0.006774 0.000138
2 2 0.000031 0.014313 0.982376 0.001813 0.001466
2 2 0.000002 0.000821 0.992837 0.006319 0.000022
2 2 0.000285 0.035498 0.959242 0.003235 0.001740
2 2 0.000821 0.051079 0.936851 0.009799 0.001450
1 0 0.196693 0.561449 0.221860 0.000117 0.019880
1 1 0.048485 0.564464 0.329571 0.000400 0.057080
2 2 0.000020 0.020100 0.977758 0.000764 0.001357
2 2 0.010239 0.242681 0.737649 0.001788 0.007642
0 0 0.898025 0.017254 0.005516 0.000163 0.079042
0 0 0.977992 0.013355 0.004397 0.000413 0.003844
1 0 0.119230 0.580997 0.259163 0.000176 0.040435
1 1 0.062408 0.557137 0.296829 0.000008 0.083618
2 1 0.010057 0.227443 0.721444 0.000412 0.040643
2 1 0.004430 0.297664 0.622264 0.000219 0.075424
2 1 0.047042 0.309868 0.623307 0.003208 0.016576
1 1 0.136500 0.637232 0.171436 0.000001 0.054831
2 1 0.062295 0.336438 0.488171 0.000147 0.112950
1 1 0.061063 0.532699 0.330594 0.000439 0.075205
2 1 0.096605 0.347820 0.513212 0.018850 0.023514
1 1 0.120711 0.503735 0.268478 0.001010 0.106065
2 1 0.000454 0.087711 0.902471 0.003328 0.006036
2 1 0.000043 0.035502 0.950067 0.000620 0.013767
2 1 0.003410 0.152251 0.783145 0.002740 0.058454
2 1 0.000545 0.103942 0.882434 0.000650 0.012430
2 1 0.002861 0.257573 0.657641 0.000072 0.081853
2 1 0.036598 0.428829 0.485290 0.000825 0.048458
1 1 0.086756 0.519608 0.305822 0.000912 0.086902
2 1 0.000431 0.086158 0.907666 0.000289 0.005455
2 1 0.000536 0.114786 0.840197 0.000125 0.044357
2 1 0.000005 0.004178 0.994460 0.001331 0.000025
2 1 0.000632 0.074270 0.914819 0.000860 0.009418
2 2 0.015893 0.098797 0.880634 0.000789 0.003887
2 2 0.000076 0.007003 0.991826 0.000847 0.000248
2 2 0.000000 0.000481 0.996543 0.002974 0.000002
2 2 0.000516 0.017863 0.981338 0.000216 0.000067
2 2 0.000000 0.000054 0.977743 0.022202 0.000000
2 2 0.013741 0.212675 0.768194 0.001548 0.003842
2 2 0.000115 0.011639 0.982579 0.005577 0.000090
2 2 0.001150 0.035820 0.955078 0.007532 0.000421
1 2 0.055903 0.487722 0.191965 0.000030 0.264380
2 2 0.000018 0.005536 0.994125 0.000232 0.000090
2 2 0.000031 0.010825 0.982463 0.006285 0.000396
2 2 0.000398 0.020599 0.977507 0.001416 0.000081
2 2 0.002701 0.129255 0.862419 0.000025 0.005599
2 2 0.011676 0.117326 0.861234 0.008328 0.001435
1 2 0.165466 0.490254 0.306251 0.001941 0.036088
2 2 0.011659 0.304354 0.647974 0.001363 0.034650
2 2 0.000016 0.008312 0.987051 0.004263 0.000358
2 2 0.001239 0.051665 0.945252 0.000675 0.001169
2 2 0.000081 0.010732 0.988105 0.001028 0.000055
2 2 0.004675 0.288994 0.664074 0.003196 0.039061
2 2 0.006337 0.276243 0.671969 0.000138 0.045312
2 2 0.000209 0.106931 0.877826 0.000705 0.014330
2 2 0.003941 0.230929 0.731273 0.000315 0.033541
2 2 0.001685 0.033393 0.957254 0.006671 0.000998
2 2 0.005275 0.073737 0.920019 0.000373 0.000596
2 2 0.022903 0.221213 0.745936 0.006635 0.003313
0 2 0.465478 0.375888 0.137316 0.000638 0.020680
1 2 0.207811 0.503630 0.147437 0.000018 0.141103
2 2 0.003268 0.113002 0.875300 0.003589 0.004841
2 2 0.022414 0.190926 0.781368 0.001445 0.003848
2 2 0.001416 0.045521 0.903899 0.046271 0.002892
2 2 0.000679 0.025026 0.939300 0.034395 0.000599
2 2 0.009079 0.094129 0.887352 0.007317 0.002123
2 2 0.002475 0.075919 0.913318 0.007219 0.001069
1 2 0.341153 0.453961 0.147252 0.000116 0.057518
2 2 0.191586 0.386688 0.405261 0.002383 0.014082
2 2 0.001200 0.119820 0.871043 0.001222 0.006715
2 2 0.013359 0.101524 0.870131 0.012258 0.002729
2 2 0.043752 0.184022 0.765895 0.005162 0.001169
2 2 0.030663 0.183646 0.779114 0.004696 0.001881
2 2 0.027453 0.142386 0.816433 0.006375 0.007353
2 2 0.059605 0.404591 0.475228 0.003979 0.056597
2 2 0.000831 0.099604 0.869187 0.004221 0.026157
2 2 0.000435 0.015659 0.969150 0.014613 0.000143
2 2 0.000285 0.030253 0.962352 0.006444 0.000666
2 2 0.001711 0.083358 0.909948 0.000910 0.004073
2 2 0.001062 0.066301 0.929528 0.002144 0.000965
2 2 0.000006 0.002310 0.993127 0.004526 0.000031
2 2 0.000027 0.007898 0.981081 0.010808 0.000185
2 2 0.000060 0.009710 0.986887 0.003291 0.000052
2 2 0.000049 0.005277 0.991731 0.002821 0.000122
2 2 0.000017 0.003510 0.991429 0.005031 0.000014
2 2 0.000448 0.050088 0.923318 0.021266 0.004880
2 2 0.000009 0.003435 0.978979 0.017498 0.000078
2 2 0.000003 0.001337 0.989859 0.008783 0.000019
2 2 0.000046 0.012526 0.967690 0.019026 0.000712
2 2 0.000007 0.002216 0.995029 0.002703 0.000045
2 2 0.000000 0.000303 0.904636 0.095055 0.000006
2 2 0.000218 0.019538 0.950297 0.029177 0.000771
2 2 0.000006 0.001417 0.966486 0.032076 0.000015
2 2 0.000000 0.000144 0.985811 0.014044 0.000001
2 2 0.000017 0.010258 0.983180 0.006133 0.000412
2 2 0.000000 0.000252 0.992458 0.007287 0.000003
2 2 0.000062 0.017103 0.972313 0.009558 0.000964
2 2 0.000310 0.013505 0.958735 0.027290 0.000160
2 2 0.003030 0.034525 0.933990 0.028204 0.000251
2 2 0.000001 0.000079 0.967404 0.032517 0.000000
0 0 0.653273 0.149141 0.187705 0.009355 0.000526
1 0 0.260451 0.485284 0.171355 0.000068 0.082843
2 1 0.002003 0.208873 0.775564 0.001498 0.012061
2 1 0.001102 0.120269 0.873879 0.000442 0.004308
0 1 0.527470 0.253985 0.209335 0.002230 0.006980
2 1 0.003514 0.085855 0.895752 0.012767 0.002112
2 1 0.000076 0.035107 0.957996 0.001854 0.004967
2 1 0.000086 0.022854 0.971653 0.002224 0.003183
2 1 0.000878 0.088228 0.777157 0.000589 0.133148
4 1 0.049491 0.145546 0.219096 0.000560 0.585308
4 4 0.039485 0.029427 0.021074 0.000834 0.909181
4 4 0.050301 0.241920 0.076786 0.000012 0.630981
4 4 0.008272 0.120775 0.266023 0.000100 0.604831
1 4 0.144539 0.465627 0.158468 0.000054 0.231312
1 4 0.026946 0.373583 0.263107 0.000053 0.336311
2 4 0.001951 0.207101 0.411280 0.000002 0.379666
4 4 0.091387 0.084129 0.043967 0.000292 0.780225
4 4 0.342470 0.168707 0.117102 0.002575 0.369147
4 4 0.099838 0.201068 0.154726 0.000085 0.544284
2 4 0.001525 0.128464 0.633840 0.000094 0.236078
2 4 0.015307 0.304284 0.496111 0.000156 0.184141
2 4 0.002619 0.229503 0.501705 0.000040 0.266132
2 4 0.003332 0.167819 0.420565 0.000026 0.408257
4 4 0.043841 0.068119 0.088748 0.001629 0.797664
4 4 0.035984 0.081221 0.023433 0.000006 0.859356
4 4 0.050552 0.044795 0.025044 0.000855 0.878754
4 4 0.090295 0.015913 0.007367 0.000132 0.886294
4 4 0.104860 0.087730 0.039428 0.000160 0.767821
4 4 0.031477 0.062962 0.047595 0.000221 0.857744
4 4 0.018850 0.359685 0.182540 0.000077 0.438847
4 4 0.012491 0.048210 0.040908 0.000004 0.898387
4 4 0.094006 0.058354 0.016429 0.000009 0.831202
4 4 0.044978 0.054706 0.025749 0.000210 0.874358
4 4 0.047063 0.016407 0.006055 0.000016 0.930459
