4 0 0.008371 0.300744 0.169889 0.000017 0.520979
4 0 0.037783 0.407810 0.129008 0.000001 0.425398
4 0 0.226767 0.120338 0.030447 0.000001 0.622447
1 0 0.262304 0.357333 0.090074 0.000001 0.290288
1 0 0.124291 0.545846 0.215962 0.002689 0.111212
4 0 0.129163 0.042768 0.015274 0.000129 0.812666
1 0 0.340073 0.351070 0.096995 0.000014 0.211848
0 0 0.501722 0.190963 0.061103 0.000463 0.245749
1 0 0.161204 0.469562 0.144998 0.000024 0.224212
0 0 0.472045 0.143287 0.045373 0.000274 0.339021
0 0 0.967543 0.016826 0.003775 0.000033 0.011823
1 0 0.269982 0.381835 0.141878 0.002434 0.203871
0 0 0.858779 0.093241 0.022028 0.000028 0.025924
1 0 0.273440 0.487963 0.176557 0.003926 0.058114
0 0 0.516201 0.122404 0.040933 0.000983 0.319478
4 0 0.208283 0.028491 0.008852 0.000026 0.754347
4 0 0.019566 0.094304 0.066292 0.003444 0.816394
4 0 0.008561 0.090064 0.092193 0.048047 0.761135
4 0 0.008561 0.090064 0.092193 0.048048 0.761133
4 0 0.008561 0.090064 0.092193 0.048048 0.761134
4 0 0.008561 0.090064 0.092193 0.048048 0.761134
4 0 0.008561 0.090064 0.092193 0.048048 0.761134
4 0 0.008561 0.090064 0.092193 0.048048 0.761134
4 0 0.008561 0.090064 0.092193 0.048049 0.761133
4 0 0.008561 0.090064 0.092193 0.048048 0.761134
4 0 0.008561 0.090064 0.092193 0.048048 0.761134
4 0 0.008561 0.090064 0.092193 0.048048 0.761134
4 0 0.008561 0.090064 0.092193 0.048048 0.761134
4 0 0.008561 0.090064 0.092193 0.048048 0.761134
4 0 0.008561 0.090064 0.092193 0.048048 0.761134
4 0 0.008561 0.090064 0.092193 0.048048 0.761134
4 0 0.008561 0.090064 0.092193 0.048048 0.761133
4 0 0.008561 0.090064 0.092193 0.048048 0.761134
4 0 0.008561 0.090064 0.092193 0.048048 0.761134
4 0 0.008561 0.090064 0.092193 0.048048 0.761134
4 0 0.008561 0.090064 0.092193 0.048048 0.761134
4 0 0.008561 0.090064 0.092193 0.048048 0.761134
4 0 0.008561 0.090064 0.092193 0.048048 0.761134
4 0 0.008561 0.090064 0.092193 0.048048 0.761134
4 0 0.008561 0.090064 0.092193 0.048048 0.761134
4 0 0.008561 0.090064 0.092193 0.048048 0.761134
4 0 0.008561 0.090064 0.092193 0.048048 0.761134
4 0 0.008561 0.090064 0.092193 0.048048 0.761134
4 0 0.008560 0.090068 0.092201 0.048051 0.761120
4 0 0.000271 0.001484 0.001886 0.000000 0.996360
0 0 0.985579 0.007730 0.001472 0.000003 0.005216
0 0 0.887624 0.086766 0.016571 0.000001 0.009037
0 0 0.928571 0.052567 0.012355 0.000099 0.006407
0 0 0.940055 0.012668 0.003040 0.000041 0.044197
0 0 0.709961 0.186516 0.052694 0.000304 0.050526
1 0 0.232506 0.382527 0.114979 0.000026 0.269961
0 0 0.424958 0.422193 0.124460 0.000350 0.028040
1 0 0.164809 0.597593 0.157991 0.000003 0.079605
1 0 0.096465 0.412377 0.114994 0.000001 0.376163
4 0 0.221176 0.138574 0.032058 0.000000 0.608191
1 0 0.373394 0.420409 0.101424 0.000002 0.104771
1 0 0.402588 0.450964 0.101295 0.000001 0.045152
0 0 0.430097 0.112109 0.032443 0.000036 0.425315
0 0 0.988749 0.006201 0.001426 0.000170 0.003453
4 0 0.132191 0.200894 0.070374 0.000094 0.596448
4 0 0.162550 0.092059 0.030955 0.000063 0.714373
4 0 0.090536 0.031171 0.008932 0.000001 0.869360
4 0 0.088023 0.041261 0.012152 0.000002 0.858563
4 0 0.085838 0.090902 0.031671 0.000033 0.791556
4 0 0.054957 0.215851 0.069655 0.000003 0.659533
4 0 0.123530 0.241410 0.074356 0.000007 0.560697
4 0 0.138217 0.177438 0.054917 0.000010 0.629419
4 0 0.048093 0.272099 0.090498 0.000005 0.589305
1 0 0.022921 0.483239 0.164311 0.000002 0.329527
1 0 0.057167 0.427123 0.153534 0.000039 0.362137
4 0 0.146351 0.301339 0.120558 0.001716 0.430035
0 0 0.852661 0.028303 0.007698 0.000152 0.111186
0 0 0.812160 0.122375 0.033177 0.000277 0.032011
0 0 0.944336 0.032339 0.007944 0.000128 0.015253
0 0 0.972090 0.013131 0.002852 0.000018 0.011909
1 0 0.260823 0.483194 0.185469 0.010726 0.059788
0 0 0.860136 0.109034 0.023798 0.000017 0.007014
0 0 0.670079 0.231696 0.068905 0.001098 0.028222
0 0 0.771490 0.180024 0.037141 0.000003 0.011342
1 0 0.139459 0.616359 0.161308 0.000002 0.082873
4 0 0.086729 0.072112 0.023783 0.000012 0.817365
4 0 0.181437 0.062557 0.025694 0.000008 0.730304
0 0 0.428518 0.398140 0.103582 0.000016 0.069744
4 0 0.112200 0.048890 0.018247 0.000219 0.820444
4 0 0.010782 0.068001 0.040962 0.000015 0.880241
4 0 0.005238 0.071355 0.039180 0.000000 0.884226
4 0 0.033438 0.136956 0.074335 0.000004 0.755267
0 0 0.427328 0.253998 0.136428 0.001213 0.181033
1 0 0.220703 0.324632 0.270142 0.009574 0.174950
4 0 0.100721 0.018849 0.005476 0.000002 0.874952
4 0 0.071364 0.157015 0.055748 0.000033 0.715840
4 0 0.069489 0.086220 0.024104 0.000000 0.820187
4 0 0.063552 0.188321 0.052162 0.000000 0.695965
4 0 0.079026 0.380766 0.097352 0.000000 0.442856
1 1 0.038036 0.529930 0.165305 0.000001 0.266728
1 1 0.047405 0.461672 0.179875 0.000139 0.310908
4 1 0.011129 0.276697 0.166059 0.000129 0.545987
1 1 0.004609 0.469013 0.294028 0.000137 0.232213
4 2 0.002309 0.241280 0.221593 0.000123 0.534696
4 2 0.001418 0.253906 0.303877 0.000134 0.440665
4 2 0.001310 0.183573 0.225805 0.000723 0.588589
2 2 0.000050 0.130411 0.538550 0.000256 0.330733
4 2 0.000451 0.117969 0.412995 0.000462 0.468123
4 2 0.003608 0.171058 0.156750 0.000343 0.668240
2 2 0.001054 0.180551 0.510625 0.006261 0.301509
4 2 0.000389 0.126642 0.248092 0.000066 0.624811
2 2 0.000760 0.040789 0.850764 0.001926 0.105762
2 2 0.000587 0.144246 0.489925 0.000434 0.364808
4 2 0.002057 0.110449 0.102730 0.000018 0.784745
2 2 0.000098 0.078482 0.681839 0.002131 0.237450
2 2 0.000602 0.079261 0.797623 0.040955 0.081559
2 2 0.000329 0.063555 0.735681 0.010772 0.189663
2 2 0.000191 0.118117 0.811407 0.011331 0.058954
2 2 0.000403 0.127289 0.748015 0.032647 0.091646
2 2 0.000159 0.121254 0.691953 0.051132 0.135503
2 2 0.000168 0.123444 0.663154 0.060550 0.152684
2 2 0.000009 0.011748 0.776254 0.200986 0.011003
2 2 0.000807 0.128001 0.617609 0.105903 0.147680
2 2 0.000107 0.024909 0.656700 0.293862 0.024423
2 3 0.000341 0.137218 0.618658 0.071155 0.172628
2 3 0.000056 0.025364 0.780140 0.173791 0.020648
2 3 0.000237 0.052593 0.748591 0.151937 0.046643
2 3 0.000301 0.081659 0.617689 0.186426 0.113925
2 3 0.000080 0.035751 0.669990 0.250770 0.043409
3 3 0.000059 0.009928 0.294277 0.678871 0.016866
2 3 0.000221 0.110660 0.590980 0.122775 0.175364
3 3 0.000069 0.007843 0.223294 0.754387 0.014406
2 3 0.000532 0.062094 0.592682 0.268322 0.076369
2 3 0.000098 0.028973 0.661552 0.278373 0.031003
3 3 0.000035 0.009632 0.311568 0.661542 0.017222
3 3 0.000053 0.008382 0.116401 0.845053 0.030110
3 3 0.000010 0.003114 0.263157 0.729275 0.004445
2 3 0.000020 0.006204 0.517244 0.470900 0.005633
3 3 0.000163 0.035719 0.376226 0.510556 0.077336
3 3 0.000005 0.002291 0.192359 0.801191 0.004153
3 3 0.000097 0.012446 0.446199 0.527251 0.014007
2 3 0.000164 0.022101 0.588962 0.367087 0.021686
2 3 0.000481 0.029247 0.532729 0.407759 0.029784
2 3 0.000237 0.028358 0.597102 0.345624 0.028679
3 3 0.000036 0.005943 0.261636 0.723068 0.009317
3 3 0.000015 0.002982 0.156286 0.834680 0.006038
3 3 0.000098 0.015180 0.388210 0.574190 0.022322
3 3 0.000065 0.010364 0.285492 0.685887 0.018191
3 3 0.000071 0.007938 0.214342 0.762501 0.015147
2 3 0.000068 0.013469 0.563714 0.409760 0.012989
2 3 0.000083 0.007223 0.515362 0.472212 0.005119
2 3 0.000265 0.056462 0.493894 0.349618 0.099761
3 3 0.000059 0.008836 0.257708 0.717490 0.015908
3 3 0.000038 0.004157 0.280192 0.710760 0.004853
3 3 0.000038 0.007984 0.364144 0.617108 0.010727
2 3 0.000115 0.039020 0.579344 0.324286 0.057235
2 3 0.000425 0.044294 0.585070 0.319636 0.050575
3 3 0.000012 0.004469 0.181089 0.803667 0.010763
3 3 0.000014 0.001111 0.099542 0.897519 0.001815
3 3 0.000096 0.022473 0.283125 0.637484 0.056822
2 3 0.000088 0.015451 0.639360 0.332444 0.012656
3 3 0.000043 0.005079 0.259743 0.728154 0.006982
3 3 0.000262 0.029501 0.160124 0.696915 0.113199
3 3 0.000465 0.029880 0.313525 0.600605 0.055525
3 3 0.000048 0.008201 0.354256 0.626640 0.010855
3 3 0.000001 0.000382 0.128742 0.870430 0.000444
3 3 0.000020 0.004160 0.192840 0.795010 0.007970
3 3 0.000003 0.000937 0.175740 0.822072 0.001248
3 3 0.000012 0.003319 0.326143 0.666720 0.003806
2 3 0.001005 0.042938 0.582406 0.333732 0.039919
3 3 0.000492 0.022311 0.304461 0.644453 0.028283
3 3 0.000053 0.003509 0.283799 0.709278 0.003361
3 3 0.000261 0.025808 0.202178 0.696073 0.075680
3 3 0.000003 0.000587 0.163251 0.835570 0.000589
2 3 0.000228 0.018742 0.509153 0.453137 0.018739
3 3 0.000012 0.002802 0.363316 0.631264 0.002606
3 3 0.000087 0.005352 0.160990 0.825845 0.007726
3 3 0.000035 0.003914 0.360819 0.631739 0.003493
3 3 0.000001 0.000798 0.174906 0.823102 0.001194
3 3 0.000006 0.001362 0.320815 0.676721 0.001096
3 3 0.000064 0.004434 0.208080 0.781196 0.006226
3 3 0.000010 0.001242 0.122399 0.874466 0.001883
3 3 0.000161 0.023311 0.379757 0.556894 0.039876
3 3 0.000051 0.010784 0.360404 0.612464 0.016296
3 3 0.000053 0.007615 0.235434 0.742943 0.013955
3 3 0.000167 0.028315 0.224330 0.658914 0.088274
2 3 0.000079 0.015677 0.516470 0.449893 0.017881
3 3 0.000042 0.005723 0.414265 0.574636 0.005334
3 3 0.000188 0.007086 0.162415 0.817542 0.012768
3 3 0.000017 0.001128 0.052469 0.944799 0.001588
3 3 0.000014 0.001805 0.138143 0.857031 0.003007
3 3 0.000147 0.007789 0.272949 0.709246 0.009869
3 3 0.000007 0.002576 0.181850 0.810644 0.004922
3 3 0.000016 0.001151 0.121963 0.875558 0.001312
3 3 0.000062 0.006967 0.332065 0.653314 0.007592
3 3 0.000010 0.000735 0.161208 0.837383 0.000664
3 3 0.000227 0.011010 0.305311 0.669524 0.013928
3 3 0.000069 0.012055 0.281110 0.683571 0.023195
3 3 0.000226 0.026992 0.369220 0.555907 0.047654
3 3 0.000279 0.024384 0.349303 0.585041 0.040993
3 3 0.000036 0.009303 0.262861 0.708800 0.019000
3 3 0.000262 0.008078 0.148797 0.831419 0.011443
2 1 0.000961 0.019897 0.746645 0.229124 0.003374
2 2 0.006168 0.296085 0.604225 0.003638 0.089883
1 2 0.006598 0.495524 0.302696 0.000850 0.194332
1 1 0.038343 0.345847 0.344175 0.005065 0.266570
0 1 0.887388 0.089656 0.020229 0.000077 0.002649
4 1 0.043071 0.356837 0.144646 0.000188 0.455258
4 1 0.025967 0.314433 0.164010 0.000831 0.494760
1 1 0.036492 0.702695 0.237632 0.000042 0.023138
1 0 0.013526 0.615113 0.261733 0.000140 0.109488
0 0 0.742585 0.194171 0.048378 0.000081 0.014785
1 1 0.344071 0.346494 0.139851 0.024933 0.144652
4 0 0.051815 0.268872 0.096026 0.000021 0.583266
0 0 0.797352 0.144605 0.033442 0.000016 0.024586
1 1 0.099375 0.576393 0.185221 0.000028 0.138984
1 0 0.019234 0.606216 0.238921 0.000055 0.135574
1 0 0.150987 0.604583 0.157951 0.000002 0.086478
0 0 0.414989 0.264986 0.076304 0.000042 0.243680
0 0 0.815180 0.089135 0.022478 0.000039 0.073168
4 0 0.319807 0.261430 0.083678 0.000144 0.334940
0 0 0.827792 0.031648 0.009123 0.000198 0.131240
0 0 0.973675 0.019009 0.003883 0.000015 0.003419
0 0 0.585079 0.159253 0.048150 0.000252 0.207266
1 0 0.095729 0.522679 0.209079 0.001423 0.171090
0 0 0.644387 0.202791 0.048384 0.000006 0.104432
0 0 0.923669 0.046125 0.012832 0.001162 0.016212
0 0 0.973444 0.007903 0.001796 0.000036 0.016822
4 0 0.291121 0.061788 0.017544 0.000009 0.629538
1 1 0.068859 0.423399 0.112576 0.000000 0.395165
4 0 0.035924 0.395237 0.152134 0.000052 0.416653
4 0 0.064263 0.180151 0.061523 0.000013 0.694051
4 0 0.060920 0.152252 0.045523 0.000001 0.741305
2 0 0.062268 0.236535 0.354867 0.023707 0.322623
4 0 0.139924 0.251633 0.167124 0.002179 0.439141
4 0 0.325503 0.089882 0.030176 0.000292 0.554147
0 0 0.628570 0.262066 0.079649 0.001432 0.028283
0 0 0.870996 0.034189 0.015463 0.000631 0.078721
4 0 0.142931 0.241760 0.156964 0.006350 0.451996
1 0 0.033101 0.595247 0.245391 0.000241 0.126021
4 0 0.051617 0.277122 0.101350 0.000033 0.569877
1 1 0.211059 0.513460 0.155042 0.000043 0.120397
1 1 0.032361 0.626933 0.255753 0.000423 0.084530
1 0 0.117894 0.452166 0.270770 0.003264 0.155906
0 0 0.918272 0.036164 0.010062 0.000653 0.034849
4 1 0.248491 0.120110 0.044318 0.000942 0.586139
4 0 0.053157 0.140789 0.035753 0.000000 0.770301
4 0 0.083545 0.064149 0.019811 0.000003 0.832492
2 0 0.315075 0.184763 0.444106 0.000001 0.056055
0 0 0.575895 0.176274 0.085404 0.052024 0.110403
0 0 0.695010 0.025444 0.047108 0.000499 0.231939
1 0 0.340867 0.440880 0.159978 0.007167 0.051108
1 1 0.019157 0.390056 0.322380 0.000282 0.268125
4 0 0.114895 0.262613 0.087519 0.000029 0.534944
0 0 0.811863 0.059100 0.016024 0.000115 0.112898
0 0 0.694387 0.216210 0.071800 0.009889 0.007714
1 0 0.242966 0.391651 0.294404 0.001347 0.069632
0 0 0.667488 0.027480 0.005853 0.000000 0.299179
0 0 0.873070 0.103862 0.022109 0.000057 0.000901
4 0 0.068373 0.298101 0.234670 0.001834 0.397022
4 0 0.032274 0.117524 0.267320 0.043595 0.539287
0 0 0.870541 0.060335 0.010806 0.000000 0.058318
0 0 0.866986 0.072656 0.021082 0.001076 0.038199
0 1 0.416520 0.270072 0.103060 0.005359 0.204990
4 0 0.076943 0.176821 0.072191 0.000548 0.673496
4 0 0.028617 0.204662 0.356909 0.000276 0.409535
4 0 0.336155 0.068955 0.021887 0.000053 0.572949
4 0 0.086781 0.139480 0.057470 0.000816 0.715453
0 0 0.753970 0.139129 0.052195 0.000472 0.054235
4 0 0.262382 0.062030 0.018992 0.000031 0.656565
4 0 0.066894 0.252380 0.159997 0.001188 0.519541
0 0 0.541930 0.092320 0.031331 0.000645 0.333774
0 0 0.643474 0.112652 0.109383 0.000793 0.133698
0 0 0.488134 0.217079 0.103931 0.063213 0.127643
0 0 0.420231 0.146131 0.092213 0.000247 0.341178
0 0 0.580368 0.156337 0.050114 0.000737 0.212444
0 0 0.975467 0.011806 0.004144 0.000493 0.008090
4 0 0.085516 0.123475 0.085485 0.016051 0.689472
1 0 0.220252 0.399255 0.161040 0.007450 0.212002
0 0 0.778547 0.137079 0.041049 0.001329 0.041996
2 0 0.009884 0.252910 0.544241 0.001537 0.191428
0 0 0.998903 0.000807 0.000148 0.000070 0.000072
0 0 0.440042 0.261608 0.125255 0.004528 0.168567
4 0 0.371656 0.029951 0.008719 0.000029 0.589646
1 0 0.172076 0.556824 0.153382 0.000005 0.117713
3 0 0.148858 0.191996 0.260388 0.325029 0.073729
4 1 0.014868 0.202927 0.134918 0.001192 0.646094
1 0 0.040846 0.514560 0.180210 0.000015 0.264368
0 0 0.806247 0.090126 0.031435 0.024798 0.047395
0 0 0.769920 0.165808 0.043874 0.000217 0.020180
0 0 0.666488 0.125081 0.139953 0.060175 0.008303
0 0 0.824877 0.073198 0.057418 0.037599 0.006908
0 0 0.585003 0.227383 0.180694 0.002111 0.004809
0 0 0.935725 0.043387 0.009723 0.000027 0.011138
0 0 0.875490 0.097434 0.022534 0.000078 0.004464
4 0 0.063864 0.120995 0.034668 0.000000 0.780473
4 0 0.059486 0.190885 0.062153 0.000004 0.687472
1 0 0.017005 0.411437 0.162515 0.000003 0.409039
4 0 0.052226 0.127706 0.030779 0.000000 0.789288
4 0 0.084182 0.060455 0.018541 0.000003 0.836819
4 0 0.086883 0.091667 0.032405 0.000044 0.789000
4 0 0.084703 0.098288 0.034627 0.000039 0.782343
4 0 0.117757 0.050922 0.025592 0.000209 0.805520
1 0 0.041870 0.429212 0.168846 0.000118 0.359953
4 0 0.110134 0.044507 0.016370 0.000161 0.828828
1 0 0.028081 0.484029 0.173316 0.000010 0.314564
1 0 0.257307 0.403592 0.239541 0.000133 0.099427
1 0 0.073055 0.541639 0.236766 0.005155 0.143386
0 0 0.711694 0.179381 0.047374 0.000073 0.061478
0 0 0.725577 0.139028 0.043348 0.001348 0.090699
0 0 0.730466 0.126629 0.030256 0.000008 0.112642
0 0 0.959424 0.028947 0.006296 0.000031 0.005302
0 0 0.824933 0.090125 0.020417 0.000006 0.064518
2 0 0.195013 0.314059 0.444983 0.030447 0.015499
0 0 0.967763 0.013146 0.003254 0.000174 0.015663
1 0 0.154310 0.472749 0.243630 0.001605 0.127707
4 0 0.087776 0.363026 0.137076 0.000213 0.411909
1 0 0.073381 0.522295 0.173979 0.000021 0.230325
4 1 0.139641 0.226452 0.109454 0.000306 0.524146
4 0 0.041621 0.319136 0.105972 0.000004 0.533266
2 0 0.067055 0.306740 0.415150 0.006315 0.204739
4 0 0.072821 0.037145 0.008960 0.000000 0.881073
4 0 0.058735 0.219108 0.076516 0.000017 0.645625
0 0 0.595996 0.138361 0.073301 0.024024 0.168317
0 1 0.858631 0.085588 0.034995 0.000280 0.020506
2 0 0.212140 0.244492 0.532198 0.000910 0.010260
1 0 0.046895 0.444664 0.170021 0.000090 0.338330
0 0 0.554633 0.299711 0.115327 0.001271 0.029058
2 0 0.052716 0.115875 0.753858 0.059487 0.018064
3 1 0.054352 0.120056 0.376499 0.418388 0.030705
1 1 0.033637 0.435370 0.214139 0.005936 0.310918
1 1 0.087184 0.467448 0.197716 0.002611 0.245040
4 1 0.003579 0.339412 0.287111 0.000943 0.368955
2 1 0.044391 0.167651 0.753969 0.019407 0.014582
4 1 0.187299 0.136030 0.056547 0.000133 0.619991
1 1 0.364443 0.381061 0.190052 0.014388 0.050056
1 1 0.028932 0.367832 0.263856 0.000066 0.339313
1 1 0.230868 0.361951 0.178732 0.052096 0.176353
2 0 0.008875 0.341926 0.586047 0.000980 0.062172
0 0 0.668038 0.079839 0.044742 0.202317 0.005064
0 1 0.288188 0.230467 0.106139 0.236668 0.138538
2 1 0.133082 0.265332 0.552577 0.040365 0.008645
0 1 0.406630 0.333602 0.154523 0.060898 0.044347
1 1 0.036268 0.420282 0.208309 0.007672 0.327468
4 1 0.028915 0.298321 0.187802 0.039199 0.445762
4 1 0.017561 0.200769 0.160584 0.141914 0.479172
2 1 0.007022 0.137464 0.315019 0.287459 0.253036
1 1 0.021074 0.514993 0.242100 0.001295 0.220538
4 1 0.014616 0.192274 0.155211 0.030685 0.607214
4 1 0.012940 0.181161 0.157519 0.069202 0.579178
4 1 0.011918 0.171932 0.151031 0.043273 0.621847
4 1 0.007360 0.121855 0.121056 0.019125 0.730604
4 1 0.023252 0.166317 0.122356 0.040772 0.647304
4 1 0.016392 0.148250 0.117825 0.022747 0.694786
4 1 0.015588 0.181966 0.142965 0.021774 0.637707
4 1 0.015447 0.183908 0.154104 0.169806 0.476735
4 1 0.018590 0.166893 0.154783 0.224497 0.435238
0 0 0.913596 0.050455 0.015343 0.015764 0.004842
0 0 0.555107 0.297186 0.104483 0.027115 0.016109
0 0 0.363198 0.068774 0.310986 0.256190 0.000852
0 0 0.421636 0.349582 0.112971 0.000659 0.115152
1 1 0.082266 0.715298 0.198692 0.000021 0.003723
1 1 0.015631 0.650954 0.264821 0.000114 0.068480
1 1 0.011692 0.587509 0.244074 0.000050 0.156674
4 1 0.004301 0.261186 0.222821 0.000695 0.510996
4 1 0.004330 0.254607 0.212245 0.000435 0.528384
2 1 0.000661 0.176185 0.581405 0.003781 0.237970
4 2 0.002554 0.275128 0.312086 0.017949 0.392283
4 2 0.003898 0.172137 0.153947 0.000231 0.669786
4 2 0.006270 0.187045 0.139686 0.000151 0.666848
4 2 0.001490 0.245365 0.265402 0.000347 0.487396
4 2 0.003067 0.160234 0.122262 0.000007 0.714430
4 2 0.002654 0.070170 0.080468 0.001107 0.845600
4 2 0.004850 0.080908 0.127843 0.000208 0.786191
4 2 0.001330 0.118316 0.333293 0.000302 0.546759
4 2 0.001230 0.124218 0.129675 0.000015 0.744861
4 2 0.003988 0.098604 0.105158 0.000001 0.792249
2 2 0.000304 0.089206 0.670278 0.000565 0.239647
4 2 0.000613 0.166832 0.303215 0.000004 0.529336
2 2 0.002642 0.098142 0.484084 0.000698 0.414434
4 2 0.000515 0.109994 0.307965 0.000515 0.581010
4 2 0.004371 0.253002 0.281955 0.000958 0.459715
4 2 0.006684 0.135101 0.178714 0.002471 0.677030
4 2 0.004834 0.067491 0.090836 0.000048 0.836791
4 2 0.003389 0.219678 0.361350 0.005181 0.410402
4 2 0.011712 0.126494 0.159971 0.000006 0.701818
2 2 0.001239 0.125863 0.727924 0.006632 0.138342
2 2 0.001467 0.132495 0.453503 0.008513 0.404022
2 2 0.001343 0.100845 0.687723 0.123386 0.086703
2 2 0.000069 0.033721 0.910347 0.040676 0.015186
4 2 0.003987 0.146029 0.155665 0.000033 0.694286
2 2 0.004607 0.123752 0.498541 0.004117 0.368983
2 2 0.004820 0.202426 0.430020 0.000599 0.362134
2 2 0.001045 0.197823 0.605754 0.006172 0.189206
2 -1 0.002431 0.235554 0.403140 0.006590 0.352284
2 2 0.000591 0.020100 0.907443 0.053645 0.018220
2 2 0.002387 0.156198 0.630659 0.000936 0.209820
2 2 0.000260 0.033556 0.788857 0.156011 0.021317
2 2 0.002333 0.068980 0.810373 0.006788 0.111526
2 2 0.000297 0.042989 0.844566 0.078547 0.033602
2 2 0.000104 0.046625 0.932764 0.008492 0.012015
2 2 0.000595 0.168837 0.477997 0.020765 0.331805
2 2 0.000457 0.107686 0.707957 0.081040 0.102860
2 2 0.000865 0.160391 0.617111 0.057969 0.163664
2 2 0.000226 0.088207 0.722661 0.084118 0.104788
2 2 0.000296 0.039521 0.823139 0.114138 0.022906
2 2 0.000995 0.120061 0.584752 0.144161 0.150031
2 2 0.000127 0.027200 0.879531 0.080552 0.012590
2 2 0.000931 0.170147 0.670068 0.030887 0.127966
2 2 0.003366 0.181335 0.515280 0.085119 0.214900
2 2 0.000139 0.014095 0.816701 0.163058 0.006007
2 2 0.000118 0.063141 0.880257 0.025249 0.031236
2 2 0.000206 0.026817 0.724164 0.229168 0.019645
2 2 0.000061 0.017456 0.809608 0.162456 0.010419
2 2 0.000704 0.099679 0.484217 0.242150 0.173250
2 2 0.000556 0.067974 0.720609 0.151576 0.059285
2 2 0.000081 0.013487 0.708225 0.269440 0.008767
2 2 0.001143 0.129980 0.639813 0.097959 0.131105
2 2 0.000704 0.039881 0.496426 0.415088 0.047901
2 2 0.001942 0.147354 0.608221 0.096279 0.146204
2 3 0.000619 0.064049 0.734787 0.149229 0.051316
2 3 0.000572 0.054293 0.608811 0.276513 0.059810
2 3 0.000619 0.060480 0.654722 0.223676 0.060504
2 3 0.000074 0.032669 0.921566 0.032822 0.012869
3 3 0.000075 0.008487 0.435634 0.547529 0.008276
3 3 0.000045 0.003498 0.462296 0.532071 0.002091
2 3 0.000187 0.039971 0.630274 0.282802 0.046765
2 3 0.000263 0.042415 0.613816 0.294265 0.049242
2 3 0.000291 0.026800 0.494320 0.446454 0.032135
2 3 0.000212 0.024402 0.835675 0.127957 0.011754
2 3 0.000043 0.003662 0.824722 0.170672 0.000901
2 2 0.001421 0.095890 0.697286 0.126614 0.078789
2 2 0.001958 0.114015 0.794679 0.044219 0.045129
2 2 0.001532 0.229303 0.638561 0.010029 0.120575
2 2 0.000209 0.213271 0.742382 0.000468 0.043670
2 1 0.005207 0.411475 0.422922 0.001795 0.158601
2 1 0.010718 0.315071 0.434707 0.000066 0.239438
0 1 0.765514 0.141259 0.073305 0.001330 0.018593
4 1 0.005280 0.209016 0.208364 0.013784 0.563555
4 1 0.029325 0.189071 0.106490 0.000306 0.674809
4 1 0.006599 0.326769 0.249867 0.001777 0.414987
4 1 0.005667 0.204022 0.197531 0.000350 0.592430
4 1 0.005404 0.219112 0.293500 0.000846 0.481138
4 1 0.007997 0.219832 0.376302 0.000322 0.395547
4 1 0.065794 0.222791 0.350827 0.002219 0.358369
4 1 0.053791 0.125809 0.167772 0.001372 0.651256
2 1 0.014321 0.193866 0.534652 0.029835 0.227326
2 1 0.001239 0.174487 0.620139 0.046954 0.157182
2 1 0.004816 0.247710 0.572606 0.021178 0.153690
4 1 0.013528 0.170785 0.353992 0.019728 0.441967
4 2 0.004307 0.213661 0.292233 0.010479 0.479320
2 2 0.002103 0.165110 0.636165 0.030423 0.166199
2 2 0.003391 0.215517 0.718193 0.005316 0.057583
2 2 0.005348 0.258533 0.651847 0.004893 0.079380
2 1 0.010493 0.053655 0.904230 0.019527 0.012095
2 2 0.282691 0.086700 0.523039 0.078105 0.029465
1 2 0.020547 0.375999 0.262735 0.000102 0.340618
2 2 0.001420 0.197539 0.793508 0.000195 0.007338
2 2 0.000221 0.115762 0.867376 0.000636 0.016005
2 1 0.000126 0.065937 0.915310 0.003853 0.014775
1 1 0.322425 0.343438 0.129781 0.000487 0.203869
2 1 0.004316 0.185671 0.522328 0.073836 0.213850
1 1 0.170967 0.429660 0.136325 0.000040 0.263007
4 2 0.015921 0.275224 0.199320 0.018555 0.490980
4 2 0.001538 0.237719 0.241409 0.000113 0.519221
2 2 0.000412 0.116507 0.708568 0.000903 0.173609
2 2 0.002660 0.129038 0.544176 0.012476 0.311651
4 2 0.007565 0.215273 0.134327 0.000023 0.642812
2 2 0.002845 0.197229 0.567001 0.005330 0.227595
2 2 0.000877 0.138480 0.704979 0.001822 0.153842
4 2 0.002754 0.176484 0.301183 0.001514 0.518066
2 2 0.000448 0.272428 0.588492 0.002814 0.135818
2 2 0.001933 0.224976 0.422507 0.000352 0.350232
2 2 0.000444 0.097664 0.858208 0.006321 0.037363
2 2 0.001305 0.347675 0.399195 0.000668 0.251157
2 2 0.002914 0.302972 0.447305 0.008120 0.238690
4 2 0.004688 0.220868 0.229446 0.002828 0.542169
2 1 0.003457 0.149404 0.698908 0.007284 0.140948
4 1 0.051792 0.353047 0.225929 0.000362 0.368869
4 1 0.180864 0.340799 0.102239 0.000000 0.376097
1 0 0.222247 0.534544 0.167288 0.000134 0.075787
1 0 0.335181 0.441053 0.113573 0.000006 0.110188
0 0 0.931256 0.050002 0.012409 0.000294 0.006040
1 0 0.291522 0.574101 0.120154 0.000000 0.014222
1 0 0.013958 0.564718 0.256655 0.000381 0.164289
1 0 0.274762 0.513450 0.172008 0.001267 0.038512
0 0 0.525425 0.354165 0.082490 0.000005 0.037915
0 0 0.757187 0.110878 0.104742 0.021907 0.005287
0 1 0.514210 0.376958 0.098497 0.000117 0.010218
0 1 0.590504 0.140795 0.062555 0.015309 0.190837
1 1 0.110233 0.495173 0.186172 0.000501 0.207920
1 4 0.036640 0.397274 0.215258 0.000437 0.350391
4 4 0.004308 0.097836 0.109954 0.009890 0.778012
4 4 0.009691 0.156904 0.134334 0.007680 0.691391
4 4 0.035932 0.099058 0.052068 0.000486 0.812456
4 4 0.023245 0.217465 0.250920 0.002421 0.505949
4 4 0.003837 0.085099 0.068311 0.000020 0.842733
4 4 0.017321 0.154131 0.102142 0.001361 0.725045
4 4 0.012404 0.159921 0.084868 0.000008 0.742800
4 4 0.049030 0.276687 0.095406 0.000010 0.578868
2 4 0.006275 0.146524 0.412927 0.055739 0.378535
4 4 0.018992 0.140762 0.089406 0.000893 0.749946
4 4 0.006458 0.295490 0.213388 0.000359 0.484305
4 4 0.083588 0.172792 0.076437 0.002984 0.664199
4 4 0.105430 0.067711 0.026660 0.000518 0.799682
4 4 0.010615 0.072417 0.063007 0.005839 0.848122
4 4 0.019071 0.184544 0.147118 0.002087 0.647181
4 4 0.020243 0.115522 0.064380 0.000110 0.799746
4 4 0.009914 0.141960 0.082423 0.000011 0.765691
4 4 0.030820 0.140390 0.070255 0.000158 0.758377
4 4 0.012057 0.071235 0.051364 0.000467 0.864877
4 4 0.005401 0.121493 0.106335 0.000541 0.766231
4 4 0.013998 0.071547 0.042987 0.000047 0.871421
4 4 0.005134 0.101899 0.087759 0.000268 0.804939
4 4 0.034503 0.071509 0.043406 0.003235 0.847347
4 4 0.065676 0.250821 0.110599 0.001864 0.571039
4 4 0.065853 0.099151 0.045104 0.000763 0.789130
4 4 0.033091 0.104669 0.061163 0.001988 0.799088
4 4 0.037105 0.067516 0.040051 0.002974 0.852354
4 4 0.026953 0.040869 0.033586 0.000262 0.898330
4 4 0.006100 0.189966 0.207733 0.001781 0.594420
4 4 0.103218 0.095652 0.040909 0.002350 0.757871
4 4 0.055211 0.266685 0.260907 0.090790 0.326407
4 4 0.099195 0.095129 0.038915 0.000930 0.765831
4 4 0.034400 0.013023 0.005916 0.000013 0.946647
4 4 0.076366 0.165846 0.064876 0.000237 0.692675
4 4 0.004448 0.110672 0.109463 0.001544 0.773872
4 4 0.050191 0.150598 0.070134 0.000499 0.728578
4 4 0.109657 0.024633 0.008137 0.000022 0.857551
4 4 0.099934 0.052642 0.018471 0.000053 0.828899
4 4 0.022876 0.077668 0.048413 0.000820 0.850222
4 4 0.026521 0.139791 0.076182 0.000321 0.757186
4 4 0.003352 0.112327 0.116683 0.001014 0.766625
4 4 0.007094 0.161673 0.107799 0.000030 0.723403
4 4 0.016323 0.190149 0.128763 0.002165 0.662600
1 0 0.066966 0.406334 0.132147 0.000008 0.394546
0 1 0.484681 0.372479 0.101773 0.000081 0.040986
1 1 0.074636 0.528434 0.146222 0.000001 0.250707
1 1 0.011300 0.586354 0.261929 0.000205 0.140212
1 1 0.012676 0.574938 0.259237 0.000287 0.152862
1 1 0.009086 0.633117 0.209875 0.000000 0.147921
1 1 0.018547 0.508175 0.190353 0.000008 0.282917
1 1 0.007564 0.462710 0.219757 0.000005 0.309964
4 1 0.002409 0.305836 0.316580 0.004018 0.371157
4 1 0.006201 0.244054 0.167766 0.000067 0.581912
4 1 0.003826 0.188971 0.254667 0.002168 0.550368
4 1 0.003141 0.209026 0.219153 0.000285 0.568395
4 2 0.012517 0.352141 0.218608 0.000707 0.416028
4 2 0.002077 0.247155 0.319763 0.000600 0.430406
2 2 0.002110 0.151498 0.477214 0.000129 0.369049
4 2 0.014467 0.238944 0.223423 0.002254 0.520912
2 2 0.000975 0.190389 0.492606 0.000193 0.315837
2 2 0.001405 0.187391 0.520472 0.000360 0.290372
4 2 0.005045 0.189932 0.359456 0.002056 0.443510
4 2 0.007048 0.216725 0.215153 0.000025 0.561048
4 2 0.007501 0.210938 0.146590 0.000129 0.634842
4 2 0.003413 0.288256 0.198252 0.000008 0.510071
2 2 0.002695 0.202659 0.681994 0.000156 0.112496
2 2 0.001168 0.225329 0.539745 0.000069 0.233689
1 2 0.003504 0.399952 0.390213 0.000588 0.205743
2 2 0.002446 0.250753 0.688719 0.000085 0.057997
2 2 0.000585 0.301211 0.532406 0.000093 0.165705
2 2 0.001973 0.432056 0.474077 0.000201 0.091692
2 2 0.001750 0.281111 0.545762 0.000039 0.171337
2 2 0.002714 0.319226 0.451662 0.000000 0.226399
2 2 0.001699 0.228910 0.702224 0.000074 0.067093
2 2 0.000702 0.310620 0.573478 0.000232 0.114968
2 2 0.000335 0.284546 0.547797 0.000062 0.167261
2 2 0.000834 0.252818 0.641743 0.000039 0.104566
1 2 0.002252 0.497551 0.293565 0.000003 0.206630
1 1 0.004296 0.427867 0.279013 0.000028 0.288796
4 1 0.008641 0.257099 0.189240 0.000060 0.544959
4 1 0.011102 0.330120 0.237098 0.006404 0.415276
4 1 0.034863 0.225664 0.078819 0.000002 0.660652
4 1 0.013655 0.372427 0.224797 0.000004 0.389117
1 1 0.005226 0.524480 0.395628 0.000114 0.074551
1 2 0.002338 0.542687 0.282853 0.000001 0.172121
2 2 0.000513 0.225599 0.455546 0.000264 0.318077
1 2 0.024433 0.430045 0.280726 0.000007 0.264789
4 2 0.004071 0.174372 0.116217 0.000003 0.705338
2 2 0.000334 0.140052 0.785793 0.009363 0.064458
2 2 0.000758 0.233763 0.693770 0.000008 0.071700
2 2 0.000273 0.296047 0.632290 0.000359 0.071031
2 2 0.009593 0.331105 0.414915 0.000392 0.243995
2 2 0.000624 0.203304 0.735665 0.000260 0.060147
2 2 0.000069 0.100416 0.887815 0.000036 0.011665
2 2 0.004080 0.405654 0.485272 0.000037 0.104956
2 2 0.000046 0.104982 0.886919 0.000071 0.007982
2 2 0.000730 0.202629 0.742903 0.000034 0.053704
2 2 0.000251 0.094238 0.874945 0.004939 0.025627
2 2 0.000306 0.182980 0.795442 0.000208 0.021064
2 2 0.000090 0.088097 0.900823 0.000432 0.010558
2 2 0.000709 0.269984 0.698310 0.000080 0.030917
2 2 0.000632 0.157633 0.778891 0.006136 0.056709
2 2 0.000053 0.054900 0.936326 0.001027 0.007693
2 2 0.000065 0.031244 0.948163 0.012428 0.008100
2 2 0.000280 0.143558 0.837092 0.000250 0.018820
2 2 0.000015 0.046115 0.941943 0.001881 0.010046
2 2 0.000034 0.019753 0.967225 0.009088 0.003900
2 2 0.000032 0.038346 0.937297 0.011338 0.012987
2 2 0.000016 0.032912 0.944592 0.010815 0.011665
2 2 0.000529 0.094567 0.862738 0.011431 0.030734
2 2 0.000000 0.000174 0.938252 0.061557 0.000017
2 2 0.001017 0.268033 0.378263 0.018506 0.334181
2 2 0.000059 0.048818 0.933253 0.005488 0.012382
2 2 0.000154 0.027757 0.742298 0.208765 0.021026
2 2 0.000657 0.104585 0.705114 0.093869 0.095774
2 2 0.000091 0.045081 0.665878 0.229551 0.059398
2 2 0.000250 0.038364 0.786821 0.148315 0.026251
2 2 0.000550 0.117563 0.724651 0.059295 0.097941
2 2 0.000280 0.062733 0.835990 0.062945 0.038052
2 2 0.000037 0.013752 0.902492 0.078280 0.005439
2 2 0.000291 0.048076 0.731758 0.178174 0.041701
2 2 0.000279 0.047396 0.597641 0.295200 0.059485
2 3 0.000077 0.021600 0.778512 0.184668 0.015143
2 3 0.000159 0.031365 0.654539 0.282135 0.031802
2 3 0.000116 0.022248 0.504668 0.443853 0.029115
2 3 0.000033 0.006279 0.739934 0.250795 0.002960
2 3 0.000045 0.018319 0.735931 0.230579 0.015127
2 3 0.000295 0.019997 0.793254 0.177092 0.009361
2 3 0.000082 0.026917 0.691749 0.254558 0.026694
2 3 0.000595 0.061859 0.676367 0.201980 0.059199
2 3 0.000408 0.051464 0.656052 0.239254 0.052822
2 3 0.000106 0.011956 0.554527 0.423536 0.009875
2 3 0.000057 0.008890 0.710271 0.275899 0.004882
2 3 0.000065 0.017434 0.490000 0.468956 0.023545
2 3 0.000226 0.044211 0.549913 0.342219 0.063432
2 3 0.000279 0.019089 0.520031 0.442679 0.017921
2 3 0.000227 0.031459 0.587750 0.345833 0.034730
3 3 0.000062 0.005798 0.361132 0.627283 0.005724
2 3 0.000212 0.043756 0.469149 0.409493 0.077391
2 3 0.001389 0.117563 0.469789 0.221425 0.189833
2 3 0.000186 0.101581 0.506807 0.180762 0.210664
2 3 0.000066 0.022680 0.486774 0.454747 0.035733
2 3 0.000129 0.018149 0.513960 0.447604 0.020158
2 3 0.000109 0.025185 0.641655 0.307360 0.025691
3 3 0.000032 0.003658 0.192606 0.797938 0.005765
3 3 0.000009 0.001016 0.176660 0.821258 0.001057
3 3 0.000052 0.016424 0.423197 0.533547 0.026780
2 3 0.000143 0.034160 0.664288 0.265305 0.036103
2 3 0.000078 0.013045 0.669196 0.308406 0.009275
2 3 0.000050 0.026236 0.681938 0.262190 0.029587
3 3 0.000039 0.009734 0.398323 0.578595 0.013309
3 3 0.000040 0.010500 0.205346 0.755853 0.028262
3 3 0.000041 0.008356 0.280902 0.696114 0.014587
3 3 0.000042 0.010550 0.326853 0.644308 0.018247
3 3 0.000155 0.032979 0.421889 0.483587 0.061389
3 3 0.000077 0.020872 0.458619 0.487931 0.032502
3 3 0.000022 0.004655 0.249122 0.738804 0.007397
3 3 0.000012 0.002665 0.264089 0.729974 0.003260
3 3 0.000141 0.023226 0.421045 0.518947 0.036640
3 3 0.000802 0.031530 0.400840 0.525455 0.041373
3 3 0.000127 0.020490 0.269033 0.661952 0.048398
3 3 0.000045 0.005687 0.215412 0.769035 0.009820
3 3 0.000078 0.009928 0.424421 0.554696 0.010878
3 3 0.000300 0.030373 0.419291 0.503239 0.046797
2 3 0.000042 0.026605 0.756583 0.191313 0.025457
2 3 0.000101 0.026455 0.555843 0.382851 0.034749
3 3 0.000214 0.010033 0.295668 0.681523 0.012562
3 3 0.000014 0.000965 0.213283 0.784995 0.000744
3 3 0.000035 0.008230 0.346651 0.633016 0.012068
2 3 0.000155 0.022507 0.637996 0.319300 0.020042
3 3 0.000331 0.018641 0.253867 0.691925 0.035235
3 3 0.000103 0.016008 0.439326 0.523596 0.020967
2 3 0.000130 0.045916 0.527376 0.346461 0.080118
3 3 0.000114 0.007598 0.189313 0.788896 0.014079
3 3 0.000083 0.010360 0.347115 0.628268 0.014175
3 3 0.000258 0.020909 0.380588 0.568195 0.030050
3 3 0.000013 0.001542 0.142029 0.854105 0.002311
3 3 0.000047 0.013233 0.370039 0.594223 0.022458
3 3 0.000043 0.005532 0.374853 0.613988 0.005584
3 3 0.000027 0.003197 0.374809 0.619387 0.002581
2 3 0.000165 0.026483 0.762294 0.192907 0.018150
3 3 0.000324 0.051090 0.294877 0.511487 0.142221
3 3 0.000054 0.006774 0.304317 0.679826 0.009028
2 3 0.000096 0.018616 0.532254 0.427523 0.021510
3 3 0.000120 0.006057 0.132970 0.847727 0.013127
2 3 0.000047 0.011673 0.506757 0.468598 0.012925
3 3 0.000083 0.014462 0.455920 0.511524 0.018010
3 1 0.000075 0.004037 0.332321 0.660246 0.003321
2 1 0.040449 0.106593 0.719675 0.056448 0.076834
2 1 0.109703 0.293816 0.507140 0.020125 0.069216
1 2 0.015011 0.449049 0.378820 0.001817 0.155303
2 2 0.005879 0.382728 0.444401 0.003060 0.163932
2 2 0.003978 0.332396 0.586212 0.001127 0.076287
2 2 0.006586 0.139082 0.788317 0.022007 0.044008
2 2 0.006258 0.277789 0.600968 0.002496 0.112488
2 2 0.012562 0.270740 0.642180 0.004773 0.069745
1 2 0.013731 0.589104 0.232362 0.000025 0.164778
2 2 0.007969 0.281532 0.644621 0.002499 0.063379
2 2 0.008378 0.441903 0.482304 0.000323 0.067092
2 2 0.001129 0.178337 0.759932 0.004848 0.055753
2 2 0.001002 0.157713 0.819883 0.000758 0.020644
2 2 0.000503 0.114641 0.871124 0.000354 0.013377
1 2 0.009855 0.571531 0.237446 0.000014 0.181154
2 2 0.003261 0.335902 0.534731 0.002602 0.123505
2 2 0.000555 0.037145 0.948769 0.008153 0.005377
2 2 0.000297 0.179601 0.797425 0.000062 0.022616
1 2 0.002453 0.497611 0.401750 0.000111 0.098074
2 2 0.000660 0.140129 0.823765 0.002894 0.032551
1 2 0.013584 0.579179 0.287920 0.000020 0.119297
2 2 0.004036 0.377141 0.564442 0.000278 0.054103
2 2 0.000057 0.011095 0.987095 0.001284 0.000468
2 2 0.000515 0.036346 0.953966 0.000156 0.009017
2 2 0.001224 0.090535 0.733423 0.035712 0.139105
2 2 0.002270 0.130948 0.429776 0.049329 0.387677
4 2 0.002956 0.111347 0.355730 0.050646 0.479320
4 2 0.006020 0.153047 0.165425 0.002116 0.673392
4 2 0.004703 0.147258 0.143343 0.002331 0.702365
4 2 0.002189 0.283895 0.278788 0.000628 0.434499
4 2 0.003934 0.098880 0.106027 0.002991 0.788168
4 2 0.007570 0.112527 0.110757 0.016407 0.752739
4 2 0.002792 0.117081 0.130389 0.001530 0.748209
4 2 0.002406 0.131313 0.183195 0.045359 0.637727
4 2 0.008332 0.195886 0.130032 0.000081 0.665669
1 2 0.021476 0.459584 0.159558 0.000002 0.359380
4 2 0.010798 0.183651 0.144577 0.004029 0.656946
4 2 0.009586 0.178212 0.127811 0.000459 0.683932
1 2 0.010229 0.396903 0.254522 0.001108 0.337238
4 2 0.037357 0.262368 0.175739 0.002272 0.522264
4 2 0.003876 0.227128 0.202033 0.000571 0.566391
4 2 0.003646 0.108569 0.124347 0.007327 0.756110
4 2 0.004369 0.228330 0.186806 0.000232 0.580263
1 2 0.072581 0.548854 0.174431 0.000009 0.204126
4 2 0.005473 0.295627 0.162372 0.000001 0.536526
1 2 0.006399 0.487895 0.247359 0.000013 0.258333
1 2 0.056052 0.450331 0.179625 0.000002 0.313991
1 2 0.006155 0.566897 0.270395 0.000027 0.156526
1 2 0.003617 0.490266 0.373768 0.000007 0.132341
1 2 0.037935 0.410927 0.203918 0.008369 0.338851
4 2 0.007448 0.177998 0.155833 0.004351 0.654369
4 2 0.005007 0.134059 0.149913 0.001617 0.709405
1 2 0.031352 0.433332 0.172642 0.000085 0.362589
1 4 0.009333 0.455998 0.259486 0.000348 0.274836
4 4 0.003691 0.099920 0.089564 0.000118 0.806707
4 4 0.023100 0.151001 0.090341 0.000888 0.734671
4 4 0.002534 0.109523 0.124542 0.001286 0.762114
4 4 0.009893 0.126235 0.107286 0.005237 0.751349
4 4 0.006615 0.093767 0.090033 0.004567 0.805019
4 4 0.098076 0.127624 0.058067 0.006912 0.709321
4 4 0.021662 0.148245 0.096859 0.002793 0.730441
4 1 0.030915 0.253290 0.138191 0.002010 0.575594
1 1 0.024222 0.489521 0.204579 0.000152 0.281526
1 1 0.022496 0.504042 0.226581 0.000579 0.246301
1 1 0.017131 0.706634 0.237427 0.000006 0.038803
1 1 0.013783 0.596261 0.236590 0.000030 0.153336
1 1 0.012997 0.581118 0.205370 0.000002 0.200512
1 1 0.032157 0.455180 0.150764 0.000003 0.361896
1 1 0.018963 0.601516 0.239268 0.000062 0.140191
1 1 0.007381 0.501604 0.267005 0.000092 0.223918
1 1 0.003063 0.498221 0.351549 0.000003 0.147163
1 2 0.005216 0.487283 0.415523 0.000235 0.091743
4 2 0.004765 0.272168 0.213355 0.000002 0.509710
1 2 0.001507 0.450352 0.339055 0.000028 0.209059
2 0 0.004658 0.352370 0.550322 0.000048 0.092602
2 0 0.146728 0.227563 0.605677 0.007853 0.012179
1 1 0.062271 0.451107 0.441886 0.000756 0.043981
4 1 0.015386 0.135594 0.095176 0.001723 0.752121
4 1 0.007637 0.193916 0.141263 0.000257 0.656927
4 2 0.003007 0.079304 0.081074 0.000326 0.836289
4 2 0.000775 0.096789 0.254288 0.000035 0.648114
4 2 0.003681 0.201441 0.200641 0.000624 0.593613
4 2 0.002082 0.164239 0.409873 0.000691 0.423115
4 2 0.002966 0.069208 0.056564 0.000007 0.871255
2 2 0.000387 0.051848 0.808339 0.000893 0.138533
2 2 0.003741 0.109671 0.497153 0.001589 0.387846
4 2 0.009666 0.129778 0.098289 0.000715 0.761552
4 2 0.006310 0.104239 0.079196 0.000086 0.810170
1 2 0.030894 0.565816 0.213652 0.000018 0.189619
2 2 0.003180 0.183783 0.719979 0.000927 0.092132
1 2 0.015105 0.416986 0.199513 0.000060 0.368335
2 2 0.001189 0.204797 0.681261 0.000653 0.112099
1 2 0.013854 0.453531 0.399529 0.000094 0.132993
4 1 0.004811 0.252432 0.191938 0.000007 0.550811
2 1 0.030668 0.394715 0.404499 0.001806 0.168312
1 2 0.009301 0.568858 0.228255 0.000005 0.193581
2 2 0.010972 0.280399 0.537616 0.000216 0.170797
1 2 0.009731 0.547863 0.216238 0.000001 0.226166
2 2 0.007429 0.420877 0.458156 0.001023 0.112515
2 2 0.003501 0.316914 0.571298 0.001736 0.106552
2 2 0.000179 0.147720 0.834305 0.000249 0.017547
2 2 0.000861 0.229330 0.671564 0.000506 0.097739
2 1 0.003658 0.303264 0.608321 0.000008 0.084750
2 1 0.014165 0.325748 0.635604 0.000275 0.024207
2 1 0.004615 0.188371 0.781885 0.000136 0.024993
2 2 0.003633 0.316817 0.643803 0.000241 0.035507
4 2 0.012647 0.397569 0.183199 0.000001 0.406584
1 2 0.002584 0.505633 0.359874 0.000002 0.131908
2 2 0.016035 0.433824 0.518515 0.000057 0.031569
1 2 0.009225 0.517441 0.209670 0.000002 0.263663
2 2 0.001242 0.392905 0.553370 0.000008 0.052476
2 1 0.015620 0.387737 0.554094 0.000104 0.042444
2 1 0.065244 0.297048 0.323842 0.000339 0.313527
1 1 0.015579 0.552277 0.253311 0.000527 0.178305
4 2 0.007309 0.282713 0.214271 0.001233 0.494475
2 2 0.000622 0.147744 0.800358 0.002846 0.048430
2 2 0.001724 0.330177 0.494123 0.000198 0.173777
2 2 0.016088 0.251491 0.637241 0.000040 0.095140
1 2 0.012947 0.593859 0.233090 0.000021 0.160084
1 2 0.004479 0.466871 0.449928 0.000014 0.078709
2 2 0.000224 0.257781 0.680637 0.000064 0.061294
2 2 0.000867 0.279979 0.683683 0.000015 0.035456
2 1 0.015179 0.256264 0.453059 0.000012 0.275486
4 1 0.039864 0.373223 0.153858 0.000106 0.432949
2 1 0.002543 0.340934 0.382080 0.003367 0.271076
4 1 0.016153 0.298124 0.162672 0.000025 0.523026
1 1 0.219661 0.526325 0.177572 0.000545 0.075897
1 1 0.030000 0.445124 0.180433 0.000112 0.344330
2 2 0.001396 0.373242 0.517754 0.000078 0.107531
2 2 0.000715 0.314790 0.602547 0.000038 0.081911
2 2 0.002573 0.238139 0.650078 0.000002 0.109208
2 2 0.000350 0.104767 0.878672 0.001100 0.015111
1 1 0.014168 0.436991 0.182280 0.000000 0.366561
2 1 0.016602 0.277325 0.680062 0.000122 0.025888
1 1 0.309823 0.475908 0.174325 0.000044 0.039899
2 2 0.030318 0.417037 0.433916 0.005081 0.113648
2 2 0.002073 0.190528 0.776487 0.001202 0.029710
2 2 0.034506 0.367265 0.569850 0.002604 0.025776
1 2 0.003805 0.553609 0.281704 0.000008 0.160874
2 1 0.001718 0.161788 0.811195 0.002548 0.022750
0 1 0.559699 0.148209 0.039525 0.000019 0.252549
