2 1 0.027746 0.337934 0.364025 0.002614 0.267681
0 1 0.451400 0.367424 0.042303 0.000035 0.138838
1 1 0.025068 0.441708 0.440739 0.010340 0.082145
1 1 0.023685 0.525437 0.274647 0.000204 0.176028
4 1 0.019015 0.173803 0.092092 0.000064 0.715026
4 1 0.023467 0.162861 0.103779 0.000005 0.709887
4 1 0.013274 0.233776 0.274768 0.000363 0.477819
2 1 0.008720 0.247338 0.452285 0.000625 0.291033
2 1 0.004671 0.223116 0.682154 0.001273 0.088786
2 1 0.059424 0.198320 0.604835 0.030037 0.107384
2 1 0.226387 0.171110 0.385223 0.051484 0.165797
4 1 0.107690 0.183603 0.094523 0.000498 0.613686
0 1 0.499018 0.186763 0.049465 0.000105 0.264650
0 1 0.723125 0.153995 0.031657 0.000103 0.091120
0 1 0.493976 0.242887 0.031950 0.000025 0.231163
0 1 0.366943 0.309832 0.185794 0.001057 0.136375
1 1 0.016488 0.473942 0.428774 0.000328 0.080468
4 1 0.016419 0.328013 0.300328 0.003776 0.351464
2 1 0.315314 0.111263 0.427236 0.027847 0.118341
0 0 0.897192 0.040299 0.056566 0.002010 0.003932
1 0 0.047450 0.472972 0.262803 0.001057 0.215718
2 1 0.007687 0.325535 0.438086 0.000756 0.227935
2 1 0.000798 0.066470 0.914790 0.006715 0.011227
4 1 0.053178 0.326504 0.243999 0.001906 0.374413
2 1 0.078472 0.190705 0.707523 0.004532 0.018768
2 1 0.017854 0.161102 0.782491 0.007618 0.030933
2 1 0.010784 0.138095 0.724597 0.114234 0.012290
2 1 0.007973 0.307922 0.607957 0.041222 0.034925
2 2 0.009365 0.076360 0.866019 0.042769 0.005488
3 2 0.235733 0.058130 0.153001 0.417294 0.135842
2 2 0.022051 0.197761 0.718876 0.039627 0.021685
2 2 0.027441 0.246108 0.605442 0.060740 0.060269
1 2 0.028311 0.463956 0.453194 0.015613 0.038927
2 2 0.066296 0.176398 0.645091 0.086701 0.025514
2 2 0.016317 0.063751 0.786167 0.127347 0.006418
2 2 0.001195 0.027713 0.966004 0.004805 0.000284
2 2 0.004298 0.162830 0.777194 0.042180 0.013498
3 2 0.000905 0.008572 0.230651 0.757895 0.001976
2 2 0.022485 0.024666 0.521855 0.424469 0.006525
3 2 0.012862 0.055071 0.431232 0.496204 0.004631
2 2 0.009007 0.026319 0.681035 0.282881 0.000758
2 2 0.242187 0.215916 0.337230 0.112792 0.091875
2 2 0.006075 0.096938 0.842837 0.042582 0.011568
3 2 0.003115 0.005791 0.046812 0.941347 0.002935
3 3 0.002490 0.003247 0.165356 0.827978 0.000929
3 3 0.009836 0.007246 0.073449 0.906129 0.003340
3 3 0.003392 0.010614 0.184914 0.799291 0.001789
3 3 0.022137 0.009537 0.081159 0.884875 0.002293
3 3 0.000317 0.000392 0.009173 0.989966 0.000150
3 3 0.001629 0.001830 0.045422 0.950890 0.000229
3 3 0.001897 0.003138 0.096516 0.897896 0.000553
3 3 0.002353 0.006591 0.178136 0.812111 0.000809
3 3 0.000542 0.000445 0.010099 0.988760 0.000153
3 3 0.000133 0.000198 0.015517 0.984123 0.000029
3 3 0.005160 0.003802 0.033982 0.955025 0.002032
3 3 0.007309 0.001917 0.025255 0.965033 0.000485
3 3 0.008204 0.004436 0.044929 0.940368 0.002063
3 3 0.043726 0.009589 0.084929 0.857112 0.004644
3 3 0.006888 0.003264 0.036643 0.951286 0.001920
3 3 0.005287 0.004073 0.047538 0.940959 0.002144
3 3 0.099708 0.026915 0.192122 0.676011 0.005244
3 3 0.059111 0.013195 0.106862 0.819220 0.001612
3 3 0.001351 0.001327 0.018431 0.978102 0.000789
3 3 0.000222 0.000515 0.008842 0.990231 0.000190
3 3 0.008004 0.006367 0.072243 0.911579 0.001807
3 3 0.013653 0.008329 0.052345 0.917586 0.008087
3 3 0.009415 0.007849 0.072012 0.908253 0.002472
3 3 0.008133 0.002127 0.025312 0.962689 0.001738
3 3 0.000681 0.000634 0.018745 0.979722 0.000217
3 3 0.004081 0.001614 0.015634 0.977776 0.000895
3 3 0.002195 0.011650 0.064778 0.911916 0.009460
3 3 0.000304 0.000791 0.018224 0.980348 0.000334
3 3 0.002368 0.001007 0.017796 0.978136 0.000693
3 3 0.022395 0.006833 0.057157 0.905370 0.008245
3 3 0.010418 0.002307 0.033830 0.951362 0.002083
3 3 0.015423 0.027270 0.278337 0.670329 0.008641
3 3 0.002501 0.001716 0.020610 0.974100 0.001073
3 3 0.001159 0.006185 0.129027 0.860036 0.003594
3 3 0.002650 0.000699 0.013921 0.982484 0.000247
3 3 0.001606 0.001077 0.016428 0.980246 0.000644
3 3 0.000575 0.000104 0.003723 0.995567 0.000032
3 3 0.001019 0.000858 0.022918 0.974726 0.000480
3 3 0.001274 0.001005 0.012340 0.984908 0.000472
3 3 0.003757 0.000704 0.015064 0.980131 0.000343
3 3 0.000296 0.000690 0.028482 0.970134 0.000399
3 3 0.002139 0.000764 0.015206 0.981386 0.000506
3 3 0.000654 0.001445 0.022610 0.974568 0.000723
3 3 0.020797 0.005504 0.042499 0.925673 0.005527
3 3 0.003428 0.002678 0.026169 0.965880 0.001844
3 3 0.001186 0.000585 0.012014 0.985888 0.000327
3 3 0.001134 0.000199 0.006326 0.992244 0.000098
3 3 0.012640 0.011478 0.081463 0.884991 0.009428
3 3 0.000619 0.000571 0.009459 0.989109 0.000243
3 3 0.000004 0.000036 0.020630 0.979325 0.000005
3 3 0.003463 0.000631 0.014146 0.981309 0.000450
3 3 0.017818 0.007094 0.053534 0.914281 0.007273
3 3 0.003190 0.001997 0.017687 0.976028 0.001097
3 3 0.000383 0.000097 0.003446 0.996041 0.000033
3 3 0.002871 0.000791 0.010608 0.985332 0.000398
3 3 0.003573 0.005840 0.061580 0.926367 0.002641
3 3 0.002350 0.001163 0.018505 0.977200 0.000783
3 3 0.019530 0.008610 0.048773 0.917808 0.005279
3 3 0.000351 0.001709 0.034259 0.962770 0.000912
3 3 0.001317 0.000632 0.012148 0.985552 0.000351
3 3 0.002040 0.000650 0.010808 0.986160 0.000343
3 3 0.002742 0.000855 0.011090 0.984882 0.000431
3 3 0.002866 0.001238 0.019029 0.976013 0.000854
3 3 0.004884 0.003625 0.045073 0.944600 0.001818
3 3 0.000534 0.000472 0.008258 0.990547 0.000189
3 3 0.004117 0.000468 0.011173 0.984120 0.000121
3 3 0.000222 0.000052 0.002466 0.997244 0.000016
3 3 0.000437 0.000443 0.012686 0.986225 0.000209
3 3 0.000433 0.000275 0.006518 0.992665 0.000109
3 3 0.001631 0.003357 0.027545 0.965450 0.002016
3 3 0.001061 0.000535 0.008725 0.989446 0.000234
3 3 0.000367 0.000296 0.008795 0.990416 0.000126
3 3 0.000057 0.000046 0.002355 0.997531 0.000012
3 3 0.003530 0.001357 0.014246 0.980137 0.000730
3 3 0.007450 0.001452 0.016367 0.973790 0.000941
3 3 0.009008 0.004484 0.040768 0.942594 0.003146
3 3 0.001879 0.000158 0.004371 0.993526 0.000067
3 3 0.000550 0.000271 0.006207 0.992865 0.000107
3 3 0.000069 0.000198 0.015625 0.984029 0.000079
3 3 0.000138 0.000055 0.002553 0.997239 0.000016
3 3 0.001796 0.003168 0.023113 0.970223 0.001700
3 3 0.000671 0.000261 0.006312 0.992646 0.000108
3 3 0.001574 0.000860 0.012747 0.984367 0.000452
3 3 0.000424 0.000179 0.004933 0.994399 0.000066
3 3 0.004060 0.000263 0.006260 0.989287 0.000130
3 3 0.001533 0.001020 0.013266 0.983662 0.000518
3 3 0.001671 0.000562 0.008918 0.988588 0.000260
3 3 0.000259 0.000077 0.003254 0.996387 0.000022
0 3 0.657583 0.040069 0.154990 0.140064 0.007294
3 3 0.007558 0.002635 0.027289 0.961797 0.000721
0 3 0.528358 0.015214 0.190484 0.262681 0.003263
3 3 0.056170 0.086682 0.215089 0.625653 0.016406
2 3 0.041301 0.173506 0.542139 0.230847 0.012206
3 3 0.030860 0.015875 0.095396 0.852752 0.005118
0 3 0.671768 0.212470 0.086925 0.003048 0.025788
0 3 0.454612 0.295430 0.182609 0.030346 0.037003
2 3 0.172315 0.273038 0.483007 0.034863 0.036778
0 3 0.381349 0.197952 0.329518 0.017271 0.073911
2 2 0.045433 0.232119 0.642815 0.048764 0.030869
1 2 0.313251 0.503740 0.138667 0.002390 0.041952
1 0 0.194476 0.527019 0.239088 0.002284 0.037133
2 0 0.266713 0.221703 0.395562 0.041024 0.074998
0 2 0.408108 0.272716 0.277991 0.004289 0.036896
1 2 0.157661 0.525354 0.274385 0.005647 0.036954
1 2 0.072356 0.608391 0.219024 0.005576 0.094654
1 2 0.095971 0.635907 0.171246 0.000720 0.096157
1 2 0.109382 0.600065 0.185379 0.001967 0.103207
4 2 0.056593 0.060625 0.012018 0.000287 0.870477
0 2 0.407713 0.376031 0.065525 0.000783 0.149947
4 2 0.250274 0.317513 0.080931 0.001941 0.349341
2 2 0.036668 0.405011 0.445686 0.009386 0.103249
1 2 0.073731 0.649432 0.189559 0.004187 0.083091
4 2 0.163506 0.296267 0.034498 0.000208 0.505522
4 2 0.366301 0.066718 0.041865 0.007117 0.517999
0 2 0.554438 0.120376 0.128647 0.019505 0.177035
4 2 0.336661 0.123283 0.031604 0.000498 0.507953
0 2 0.607660 0.186681 0.093167 0.008346 0.104146
0 2 0.888515 0.066251 0.034032 0.000995 0.010207
0 2 0.930248 0.049508 0.009826 0.000004 0.010414
0 2 0.554465 0.279218 0.066312 0.001193 0.098812
0 2 0.821356 0.061167 0.028782 0.000592 0.088104
0 2 0.928868 0.040015 0.021797 0.000386 0.008934
0 2 0.924696 0.044700 0.015452 0.000054 0.015097
0 2 0.975997 0.010419 0.003159 0.000001 0.010425
1 2 0.185135 0.489258 0.056773 0.000238 0.268596
4 2 0.061684 0.247687 0.116788 0.003352 0.570489
4 2 0.010206 0.233177 0.172034 0.006911 0.577672
4 4 0.036036 0.096028 0.048585 0.000128 0.819223
4 4 0.020488 0.120253 0.055460 0.005604 0.798195
4 4 0.009930 0.263185 0.301392 0.006881 0.418611
4 4 0.012625 0.265438 0.256727 0.001720 0.463490
4 4 0.105273 0.093064 0.024640 0.000322 0.776701
4 4 0.012524 0.100021 0.039124 0.000547 0.847784
4 4 0.180797 0.206751 0.023980 0.000077 0.588396
4 4 0.004143 0.098998 0.287840 0.002452 0.606566
4 4 0.019271 0.278000 0.090275 0.000790 0.611663
4 4 0.024087 0.279107 0.218815 0.002885 0.475105
2 4 0.020847 0.188308 0.396347 0.017805 0.376693
4 4 0.023343 0.089950 0.023652 0.000440 0.862614
4 4 0.143720 0.132769 0.019241 0.000111 0.704159
4 4 0.234644 0.059586 0.028055 0.001917 0.675798
4 4 0.025887 0.028169 0.004540 0.000027 0.941377
4 4 0.004910 0.136599 0.248945 0.025308 0.584238
4 4 0.044651 0.203556 0.098650 0.002748 0.650395
4 4 0.049294 0.049970 0.009660 0.000194 0.890881
4 4 0.023471 0.067218 0.018806 0.000597 0.889908
4 4 0.028662 0.053385 0.018199 0.000455 0.899300
4 4 0.077787 0.039297 0.007769 0.000068 0.875080
2 4 0.002669 0.184483 0.658344 0.005581 0.148922
4 4 0.012530 0.255971 0.172599 0.000551 0.558349
4 4 0.006065 0.138428 0.321431 0.088615 0.445461
2 4 0.002484 0.197113 0.569506 0.022733 0.208164
2 4 0.083905 0.160671 0.469960 0.077683 0.207780
1 4 0.057192 0.561004 0.252375 0.007036 0.122393
4 4 0.011469 0.172650 0.291162 0.004058 0.520662
4 4 0.005507 0.107466 0.252138 0.009497 0.625393
4 4 0.011579 0.286454 0.193726 0.002897 0.505344
0 2 0.828625 0.036494 0.029867 0.002664 0.102350
0 2 0.906089 0.035540 0.032085 0.003619 0.022667
0 2 0.376764 0.147739 0.266760 0.043855 0.164882
1 2 0.061896 0.428488 0.362596 0.012123 0.134897
0 2 0.466198 0.153121 0.064307 0.002270 0.314104
0 2 0.964910 0.020070 0.007620 0.000012 0.007388
0 2 0.980106 0.005584 0.007738 0.000359 0.006213
0 2 0.916373 0.038197 0.028746 0.001726 0.014957
0 2 0.417192 0.248569 0.124005 0.010992 0.199243
0 2 0.447584 0.247435 0.226585 0.010727 0.067670
0 2 0.785559 0.097865 0.036617 0.000609 0.079350
0 2 0.731205 0.162898 0.044783 0.000483 0.060631
0 2 0.601714 0.224965 0.097125 0.012224 0.063972
1 0 0.235545 0.458819 0.213910 0.009713 0.082013
0 0 0.674511 0.104273 0.027809 0.000163 0.193244
0 2 0.525640 0.104525 0.025326 0.000142 0.344366
2 2 0.095401 0.240669 0.474427 0.003602 0.185902
0 2 0.798827 0.124782 0.051214 0.001151 0.024026
1 2 0.049183 0.513310 0.309730 0.001618 0.126159
0 2 0.385932 0.371253 0.079152 0.001645 0.162018
0 2 0.735142 0.137837 0.044714 0.000733 0.081574
0 2 0.786732 0.117639 0.053491 0.002439 0.039697
1 2 0.203446 0.377788 0.241601 0.006361 0.170804
2 2 0.051637 0.413538 0.437404 0.005246 0.092176
1 2 0.007132 0.451922 0.429729 0.003805 0.107412
2 2 0.012532 0.148143 0.519609 0.111412 0.208304
4 2 0.004880 0.217697 0.382271 0.011066 0.384087
4 2 0.006154 0.249427 0.366183 0.001836 0.376401
2 2 0.000546 0.123096 0.740145 0.001836 0.134376
2 2 0.000128 0.041441 0.935159 0.013196 0.010077
2 2 0.000393 0.028801 0.777710 0.159217 0.033879
4 2 0.006149 0.280574 0.272751 0.002715 0.437810
2 2 0.000985 0.088532 0.878040 0.002673 0.029771
2 2 0.000029 0.007182 0.968127 0.024113 0.000548
2 2 0.001373 0.185341 0.543980 0.002460 0.266845
2 2 0.016465 0.195948 0.718846 0.002816 0.065925
2 2 0.152171 0.407490 0.415246 0.004203 0.020890
0 0 0.570379 0.281558 0.113504 0.004314 0.030246
1 2 0.043789 0.466299 0.312847 0.010190 0.166875
2 2 0.007404 0.391955 0.475525 0.010147 0.114968
2 2 0.001030 0.204662 0.741305 0.006186 0.046817
2 2 0.061977 0.281640 0.512159 0.003946 0.140278
2 2 0.007920 0.094605 0.879530 0.003587 0.014358
4 2 0.075422 0.179221 0.179456 0.000131 0.565770
1 2 0.016907 0.420236 0.361512 0.007997 0.193348
2 2 0.002242 0.352645 0.564943 0.001853 0.078317
2 2 0.015811 0.147065 0.611136 0.037210 0.188779
4 2 0.099751 0.291691 0.192833 0.000457 0.415267
2 2 0.013584 0.325973 0.355813 0.001143 0.303487
2 2 0.007503 0.212620 0.565643 0.001214 0.213021
2 2 0.006508 0.237887 0.573960 0.001261 0.180384
2 2 0.036079 0.116901 0.604550 0.038532 0.203938
2 2 0.069574 0.289973 0.451766 0.003077 0.185609
2 2 0.005991 0.116408 0.776073 0.041295 0.060233
2 2 0.010780 0.255516 0.619603 0.024979 0.089122
2 2 0.161663 0.070347 0.645294 0.059527 0.063169
1 2 0.034817 0.361330 0.333129 0.002696 0.268028
2 2 0.020532 0.291311 0.531936 0.011247 0.144974
2 2 0.013704 0.053724 0.869947 0.030857 0.031768
2 2 0.110234 0.294687 0.310913 0.007995 0.276171
2 2 0.003738 0.181428 0.668358 0.009936 0.136540
2 2 0.006018 0.079511 0.726726 0.005675 0.182071
2 2 0.011816 0.063589 0.863433 0.034256 0.026906
2 2 0.008297 0.164741 0.538053 0.028156 0.260753
2 2 0.000829 0.016250 0.849158 0.126509 0.007254
2 2 0.056996 0.067159 0.711235 0.127926 0.036684
2 2 0.029916 0.148842 0.618647 0.009918 0.192677
2 2 0.001196 0.011183 0.603325 0.371245 0.013051
2 2 0.001422 0.043765 0.792468 0.104811 0.057533
2 2 0.000115 0.004162 0.694889 0.299971 0.000862
2 2 0.011167 0.054992 0.728535 0.108624 0.096682
2 2 0.005120 0.047991 0.879889 0.031141 0.035859
2 2 0.003049 0.036817 0.808074 0.116388 0.035672
2 2 0.007859 0.070696 0.810812 0.069698 0.040935
2 2 0.000590 0.017308 0.667051 0.313345 0.001707
2 2 0.000195 0.013594 0.909547 0.072691 0.003973
3 2 0.000088 0.003747 0.446578 0.546933 0.002654
2 2 0.005397 0.027704 0.866472 0.093221 0.007205
2 2 0.001411 0.026510 0.923516 0.046993 0.001571
2 2 0.016085 0.063495 0.690121 0.203222 0.027076
2 3 0.004858 0.042609 0.833371 0.101680 0.017482
2 3 0.007167 0.037661 0.618780 0.317091 0.019303
2 3 0.000068 0.003594 0.534159 0.458461 0.003718
2 3 0.079029 0.172901 0.527936 0.131133 0.089001
2 3 0.001561 0.020183 0.597599 0.370464 0.010193
2 3 0.000616 0.005801 0.691578 0.300982 0.001022
2 3 0.005215 0.063163 0.730822 0.162361 0.038438
2 3 0.016880 0.034077 0.660018 0.272722 0.016303
3 3 0.088786 0.079825 0.315122 0.496948 0.019319
2 3 0.189700 0.065802 0.538627 0.202844 0.003027
2 3 0.039497 0.273087 0.586681 0.064743 0.035992
1 3 0.113260 0.339418 0.333545 0.130794 0.082983
2 3 0.113351 0.175564 0.448680 0.186641 0.075764
2 3 0.010555 0.090155 0.772800 0.107298 0.019192
2 3 0.093269 0.214794 0.678641 0.003272 0.010023
2 3 0.026695 0.316526 0.629277 0.010731 0.016771
2 3 0.001406 0.018679 0.852664 0.125611 0.001640
2 3 0.041566 0.174695 0.616892 0.120839 0.046008
2 3 0.011853 0.068785 0.811554 0.101276 0.006531
2 3 0.036838 0.164256 0.690511 0.043974 0.064421
2 3 0.008507 0.074518 0.829346 0.082405 0.005225
3 3 0.000248 0.004774 0.244190 0.750130 0.000659
2 3 0.022968 0.071087 0.830232 0.059036 0.016677
2 3 0.006565 0.018801 0.694472 0.278039 0.002123
2 3 0.002517 0.021146 0.878556 0.097354 0.000427
3 3 0.003548 0.005380 0.082305 0.906315 0.002453
3 3 0.000003 0.000230 0.185243 0.814425 0.000099
2 3 0.010169 0.053545 0.565262 0.367988 0.003036
2 3 0.111547 0.033998 0.498227 0.353461 0.002766
3 3 0.004411 0.010005 0.149358 0.833236 0.002990
2 3 0.007243 0.028970 0.528037 0.422819 0.012931
2 3 0.009953 0.044013 0.650351 0.293404 0.002279
3 3 0.018950 0.015905 0.228824 0.735204 0.001117
3 3 0.026467 0.016216 0.230740 0.724112 0.002466
3 3 0.030779 0.013400 0.100356 0.848691 0.006774
3 3 0.065104 0.035527 0.195914 0.688448 0.015007
2 3 0.003266 0.024543 0.543565 0.426725 0.001902
3 3 0.000556 0.002348 0.112435 0.883821 0.000840
2 3 0.010024 0.219759 0.731891 0.024998 0.013328
3 3 0.004960 0.004511 0.050596 0.938284 0.001649
3 3 0.000562 0.002219 0.079259 0.917442 0.000518
3 3 0.004930 0.037905 0.211395 0.720283 0.025487
3 3 0.049977 0.046164 0.395658 0.494291 0.013910
3 3 0.177305 0.018196 0.081765 0.707795 0.014939
2 3 0.060498 0.069018 0.445467 0.414699 0.010319
2 3 0.130643 0.296608 0.298587 0.133663 0.140500
2 3 0.210635 0.304642 0.429414 0.019707 0.035601
0 3 0.655176 0.193662 0.051252 0.000131 0.099779
0 0 0.765912 0.088860 0.038659 0.001054 0.105515
0 0 0.538494 0.267740 0.096875 0.006137 0.090754
0 0 0.957335 0.022931 0.016222 0.000367 0.003144
0 0 0.571406 0.335416 0.049229 0.000136 0.043813
0 0 0.779850 0.122089 0.065305 0.000998 0.031758
0 0 0.846795 0.095445 0.035148 0.000483 0.022129
0 0 0.972632 0.017326 0.008116 0.000025 0.001901
0 0 0.594992 0.220036 0.128591 0.002944 0.053437
0 0 0.994190 0.001891 0.002072 0.000009 0.001838
0 0 0.886310 0.061512 0.017215 0.000042 0.034921
0 0 0.424735 0.317966 0.188611 0.014266 0.054421
0 0 0.745897 0.018168 0.016416 0.000978 0.218541
0 0 0.668309 0.188113 0.042500 0.000290 0.100788
0 0 0.920117 0.043917 0.012340 0.000019 0.023607
0 0 0.738014 0.173605 0.040447 0.000246 0.047689
0 0 0.871784 0.012511 0.023158 0.011344 0.081204
0 0 0.586418 0.177034 0.154790 0.005282 0.076476
1 0 0.299630 0.551506 0.090833 0.002190 0.055842
1 1 0.121680 0.416205 0.394401 0.022513 0.045201
0 1 0.439294 0.349466 0.099828 0.003462 0.107950
0 0 0.792132 0.121434 0.036903 0.000359 0.049172
0 0 0.816927 0.134481 0.041379 0.000467 0.006746
0 0 0.442397 0.307438 0.187157 0.002524 0.060485
0 0 0.655971 0.240677 0.073810 0.002381 0.027161
0 0 0.968028 0.013088 0.006995 0.000025 0.011864
0 0 0.982109 0.006160 0.005093 0.000036 0.006603
0 0 0.943597 0.016117 0.012093 0.000218 0.027974
0 0 0.867541 0.074688 0.031840 0.000116 0.025813
0 0 0.728988 0.089731 0.032637 0.000477 0.148167
0 0 0.976773 0.011754 0.005124 0.000007 0.006343
0 0 0.932117 0.042079 0.021500 0.000316 0.003988
0 0 0.704263 0.192442 0.035625 0.000107 0.067562
0 0 0.565626 0.276040 0.079792 0.002974 0.075568
0 0 0.479894 0.188697 0.152024 0.034044 0.145341
2 0 0.033621 0.389139 0.522573 0.003050 0.051618
1 1 0.087923 0.384299 0.174541 0.001081 0.352157
0 1 0.373883 0.292091 0.264547 0.008860 0.060619
0 1 0.898164 0.076081 0.016365 0.000019 0.009372
0 1 0.939837 0.035101 0.017605 0.000187 0.007270
0 0 0.961205 0.022219 0.008339 0.000015 0.008222
0 0 0.926849 0.026550 0.027079 0.003245 0.016276
0 0 0.952594 0.015917 0.011493 0.000174 0.019823
0 0 0.910951 0.028654 0.029781 0.004344 0.026270
4 0 0.158925 0.084180 0.018173 0.000050 0.738673
4 0 0.119948 0.129252 0.044710 0.000435 0.705655
0 0 0.740324 0.198388 0.050659 0.000477 0.010152
1 0 0.264504 0.498345 0.167824 0.004954 0.064373
4 0 0.124736 0.334568 0.082524 0.000801 0.457371
4 0 0.018776 0.267580 0.154237 0.000640 0.558767
4 1 0.014142 0.299239 0.175976 0.000160 0.510483
4 1 0.013908 0.103163 0.040570 0.000225 0.842133
4 1 0.008666 0.242156 0.156416 0.000209 0.592554
4 4 0.086861 0.090007 0.009902 0.000023 0.813208
4 4 0.166473 0.087869 0.017772 0.000180 0.727706
4 4 0.064677 0.050710 0.009012 0.000093 0.875508
4 4 0.139934 0.067272 0.019413 0.000696 0.772684
4 4 0.008112 0.085619 0.044550 0.001771 0.859948
4 4 0.040111 0.174849 0.041189 0.000054 0.743797
4 4 0.015612 0.172695 0.170522 0.001258 0.639913
4 4 0.054521 0.036825 0.007272 0.000093 0.901291
4 4 0.089204 0.037777 0.012085 0.000170 0.860764
4 4 0.061161 0.026520 0.005391 0.000043 0.906886
4 4 0.108825 0.156488 0.048838 0.000106 0.685742
4 4 0.071994 0.046538 0.015812 0.000300 0.865357
4 4 0.033459 0.186060 0.127590 0.000065 0.652827
4 4 0.085159 0.194800 0.069109 0.001311 0.649621
0 4 0.404434 0.239685 0.154427 0.036397 0.165057
4 4 0.045829 0.044705 0.006366 0.000037 0.903063
4 4 0.061677 0.045900 0.012308 0.000270 0.879845
4 4 0.024971 0.045690 0.012845 0.000155 0.916339
4 4 0.016802 0.086783 0.089412 0.002841 0.804162
4 4 0.020007 0.086398 0.020931 0.000277 0.872387
4 4 0.006721 0.245649 0.313942 0.002754 0.430935
4 4 0.006864 0.175199 0.240340 0.007284 0.570314
4 4 0.009791 0.121014 0.084280 0.001873 0.783041
4 4 0.019520 0.082674 0.034322 0.001813 0.861671
2 4 0.001816 0.146176 0.371731 0.187744 0.292534
4 4 0.018932 0.076772 0.033524 0.001163 0.869609
4 4 0.073756 0.086397 0.010022 0.000033 0.829791
4 4 0.026793 0.027932 0.005784 0.000028 0.939464
2 4 0.001715 0.139275 0.575295 0.011428 0.272287
4 4 0.006390 0.105453 0.154975 0.002165 0.731017
4 4 0.081894 0.046678 0.011478 0.000276 0.859674
4 4 0.001964 0.119504 0.129434 0.009728 0.739370
4 4 0.015136 0.211578 0.173817 0.001073 0.598396
4 4 0.009961 0.160109 0.306375 0.023897 0.499656
4 4 0.002828 0.126324 0.164861 0.001686 0.704301
4 4 0.014923 0.256488 0.232073 0.001243 0.495272
4 4 0.008004 0.099143 0.056011 0.000479 0.836363
4 4 0.011457 0.115344 0.075060 0.001613 0.796527
2 4 0.001079 0.060973 0.616819 0.039752 0.281377
4 4 0.053596 0.282444 0.289197 0.006069 0.368695
1 2 0.016396 0.356290 0.345489 0.004524 0.277302
2 2 0.000616 0.130577 0.560570 0.011188 0.297048
4 2 0.017842 0.218679 0.322357 0.006002 0.435119
4 2 0.023022 0.312992 0.319507 0.010832 0.333648
2 2 0.002739 0.217735 0.389825 0.001820 0.387881
2 2 0.003661 0.187052 0.505013 0.002373 0.301901
2 2 0.001652 0.171340 0.552658 0.001949 0.272401
4 2 0.007366 0.175008 0.285567 0.011090 0.520969
2 2 0.006274 0.221270 0.484535 0.001844 0.286078
4 2 0.009681 0.264342 0.255309 0.003540 0.467127
0 2 0.545613 0.304290 0.069654 0.001243 0.079200
1 2 0.142325 0.400216 0.282850 0.007618 0.166991
2 2 0.101102 0.311835 0.485396 0.019140 0.082526
1 2 0.094583 0.542779 0.231971 0.003135 0.127532
2 2 0.012620 0.313055 0.398711 0.023165 0.252450
2 2 0.003367 0.294336 0.548102 0.000887 0.153308
2 2 0.000996 0.117046 0.853514 0.011508 0.016937
1 2 0.014986 0.394270 0.360717 0.002168 0.227859
2 2 0.001354 0.141708 0.756462 0.009007 0.091469
2 2 0.000107 0.029035 0.964215 0.001164 0.005479
2 2 0.000391 0.051117 0.935902 0.002025 0.010564
2 2 0.000976 0.113455 0.820576 0.010640 0.054352
2 2 0.001462 0.071767 0.912485 0.002718 0.011569
2 2 0.000273 0.030300 0.954011 0.012134 0.003282
2 2 0.001294 0.141690 0.795623 0.038378 0.023015
2 2 0.000324 0.017156 0.968603 0.012482 0.001436
2 2 0.002350 0.117353 0.769414 0.033676 0.077207
2 2 0.000406 0.026679 0.968399 0.003759 0.000756
2 2 0.001308 0.097556 0.844237 0.004382 0.052517
2 2 0.000135 0.023408 0.971588 0.003773 0.001096
2 2 0.001835 0.132367 0.803976 0.035388 0.026434
2 2 0.010634 0.061613 0.914604 0.011166 0.001983
2 2 0.001028 0.042679 0.943555 0.009088 0.003650
2 2 0.000594 0.064570 0.859391 0.066131 0.009314
2 2 0.007647 0.094249 0.826609 0.062163 0.009331
2 2 0.001150 0.039728 0.935579 0.019872 0.003671
2 2 0.000010 0.004516 0.986951 0.008448 0.000075
2 2 0.008164 0.110527 0.567919 0.260831 0.052559
2 2 0.000187 0.011234 0.948468 0.039809 0.000304
2 2 0.000513 0.017668 0.939225 0.042000 0.000595
2 2 0.000039 0.008866 0.936372 0.054014 0.000709
2 2 0.001147 0.015780 0.928480 0.054059 0.000534
2 2 0.003111 0.035566 0.780782 0.173959 0.006582
2 2 0.000292 0.024434 0.951577 0.023170 0.000527
2 2 0.002157 0.021435 0.780018 0.194753 0.001637
3 2 0.000349 0.001794 0.327384 0.670291 0.000183
3 2 0.000009 0.000734 0.479059 0.520130 0.000068
3 2 0.000269 0.003368 0.255411 0.740629 0.000323
2 2 0.000418 0.007281 0.497449 0.491762 0.003090
3 2 0.000473 0.002351 0.095506 0.900871 0.000798
3 2 0.000409 0.001897 0.075485 0.921855 0.000353
2 2 0.005767 0.026496 0.514452 0.448730 0.004555
3 2 0.001575 0.014811 0.401767 0.579748 0.002100
3 2 0.016850 0.041038 0.451517 0.484856 0.005739
3 3 0.003483 0.014645 0.270365 0.709312 0.002194
3 3 0.000805 0.003106 0.147125 0.846950 0.002015
3 3 0.028061 0.020733 0.103832 0.839021 0.008353
3 3 0.025485 0.038410 0.420116 0.502001 0.013987
3 3 0.035970 0.020376 0.158050 0.777892 0.007713
2 3 0.010296 0.045043 0.571729 0.366755 0.006177
3 3 0.059642 0.040068 0.192724 0.678854 0.028712
3 3 0.001108 0.001062 0.026914 0.970217 0.000699
3 3 0.100790 0.031714 0.147061 0.709724 0.010710
3 3 0.032456 0.014181 0.122913 0.803128 0.027323
3 3 0.000331 0.000444 0.008881 0.990211 0.000133
3 3 0.006313 0.012215 0.073789 0.895164 0.012520
3 3 0.001902 0.001869 0.026595 0.968844 0.000790
3 3 0.000424 0.000816 0.011505 0.986941 0.000315
3 3 0.000359 0.005384 0.186695 0.803079 0.004483
3 3 0.000939 0.001118 0.018202 0.979310 0.000432
3 3 0.000056 0.000055 0.002607 0.997267 0.000014
3 3 0.000235 0.000762 0.016694 0.982002 0.000307
3 3 0.000304 0.001537 0.076996 0.920620 0.000542
3 3 0.002456 0.003249 0.049287 0.943256 0.001752
3 3 0.010457 0.006756 0.060241 0.920866 0.001681
3 3 0.000328 0.001327 0.025424 0.972058 0.000863
3 3 0.031249 0.005461 0.058115 0.901037 0.004138
3 3 0.000075 0.000150 0.011822 0.987899 0.000054
3 3 0.000051 0.000230 0.028051 0.971590 0.000078
3 3 0.000003 0.000033 0.010298 0.989659 0.000007
3 3 0.001811 0.002668 0.085128 0.909735 0.000657
3 3 0.005543 0.003852 0.032423 0.955234 0.002948
3 3 0.005937 0.005139 0.050740 0.936088 0.002096
3 3 0.027494 0.005269 0.066973 0.897924 0.002339
3 3 0.002781 0.002340 0.024678 0.968630 0.001572
3 3 0.002040 0.000803 0.012743 0.983966 0.000448
3 3 0.000990 0.004131 0.030607 0.961918 0.002354
3 3 0.003162 0.002693 0.025754 0.967440 0.000951
3 3 0.001592 0.000657 0.012720 0.984649 0.000382
3 3 0.000296 0.000098 0.003491 0.996082 0.000033
3 3 0.000124 0.000155 0.013082 0.986601 0.000038
3 3 0.001351 0.000847 0.014957 0.982344 0.000502
3 3 0.000141 0.000654 0.010191 0.988781 0.000233
3 3 0.008131 0.006394 0.044000 0.935965 0.005511
3 3 0.000012 0.000067 0.011557 0.988346 0.000018
3 3 0.002156 0.002062 0.023318 0.971885 0.000578
3 3 0.003792 0.002442 0.028850 0.963002 0.001914
3 3 0.028397 0.002862 0.047516 0.917614 0.003612
3 3 0.000428 0.001099 0.014736 0.983233 0.000504
3 3 0.000496 0.000390 0.009225 0.989705 0.000183
3 3 0.004459 0.002792 0.035380 0.954845 0.002524
3 3 0.000121 0.000281 0.012130 0.987351 0.000117
3 3 0.002678 0.000723 0.014127 0.981998 0.000473
3 3 0.001460 0.000769 0.013939 0.983383 0.000450
3 3 0.000051 0.000063 0.002824 0.997046 0.000017
3 3 0.001965 0.002644 0.024685 0.969084 0.001623
3 3 0.000463 0.000405 0.007608 0.991366 0.000158
3 3 0.002372 0.002167 0.041958 0.952378 0.001125
3 3 0.001504 0.001011 0.012339 0.984662 0.000484
3 3 0.000384 0.000305 0.006527 0.992670 0.000114
3 3 0.000073 0.000206 0.010116 0.989538 0.000068
3 3 0.000415 0.000144 0.005251 0.994130 0.000060
3 3 0.000496 0.000304 0.008101 0.990958 0.000141
3 3 0.000124 0.000196 0.006306 0.993301 0.000073
3 3 0.002299 0.001784 0.021052 0.973731 0.001134
3 3 0.001573 0.002361 0.026243 0.968992 0.000831
3 3 0.001445 0.000527 0.010754 0.986988 0.000286
3 3 0.000765 0.000691 0.013766 0.984393 0.000384
3 3 0.004968 0.001055 0.017867 0.975408 0.000702
3 3 0.000012 0.000134 0.007045 0.992772 0.000037
3 3 0.000876 0.000427 0.009396 0.989175 0.000126
3 3 0.000137 0.000108 0.004340 0.995377 0.000038
3 3 0.025073 0.011671 0.069832 0.883387 0.010037
3 3 0.000190 0.000399 0.007689 0.991581 0.000141
3 3 0.001126 0.000461 0.008294 0.989912 0.000206
3 3 0.000558 0.000835 0.018915 0.979151 0.000541
3 3 0.000223 0.000257 0.006297 0.993130 0.000093
3 3 0.000355 0.000339 0.006936 0.992242 0.000127
3 3 0.000212 0.000116 0.003859 0.995774 0.000038
3 3 0.000280 0.000790 0.011154 0.987468 0.000309
3 3 0.000737 0.000759 0.010685 0.987492 0.000328
3 3 0.000181 0.000467 0.008406 0.990780 0.000167
3 3 0.028283 0.005546 0.037294 0.925428 0.003449
3 3 0.009871 0.003968 0.034928 0.948320 0.002913
0 0 0.745386 0.029317 0.054259 0.101732 0.069306
1 0 0.213477 0.296209 0.270251 0.078714 0.141349
3 2 0.005541 0.038212 0.425000 0.526249 0.004998
2 2 0.037819 0.207258 0.552361 0.046353 0.156209
2 2 0.139662 0.200474 0.514070 0.078007 0.067787
0 2 0.398289 0.348359 0.171890 0.017126 0.064336
1 2 0.139958 0.566547 0.157446 0.006274 0.129775
0 2 0.328436 0.299299 0.045903 0.000326 0.326036
0 2 0.488077 0.193837 0.036677 0.000197 0.281213
0 2 0.638950 0.065015 0.038337 0.002879 0.254819
1 2 0.153176 0.572944 0.167313 0.006486 0.100081
0 2 0.397079 0.369682 0.108072 0.007318 0.117849
2 2 0.006691 0.236321 0.575000 0.113884 0.068104
2 2 0.006226 0.106590 0.806735 0.053080 0.027370
4 2 0.125324 0.166996 0.216429 0.033451 0.457800
1 2 0.240563 0.466842 0.085453 0.000203 0.206939
4 2 0.035394 0.216827 0.077277 0.000896 0.669605
4 2 0.006846 0.287036 0.334224 0.036058 0.335836
2 2 0.002463 0.232748 0.630559 0.002031 0.132198
4 2 0.004994 0.150471 0.178193 0.001844 0.664498
4 2 0.004423 0.238363 0.294889 0.024724 0.437601
1 2 0.014414 0.403664 0.359642 0.011271 0.211010
0 2 0.452640 0.059854 0.036708 0.004544 0.446254
4 2 0.010569 0.338302 0.185554 0.022619 0.442956
4 2 0.002981 0.084774 0.125031 0.000538 0.786675
4 2 0.007250 0.176423 0.292756 0.004994 0.518577
4 2 0.017684 0.049521 0.012360 0.000207 0.920228
4 4 0.006181 0.093837 0.046195 0.002521 0.851265
4 4 0.013145 0.066653 0.026731 0.000649 0.892822
4 4 0.027262 0.075027 0.029622 0.001405 0.866684
4 4 0.020896 0.093499 0.035053 0.002230 0.848321
4 4 0.004986 0.088556 0.044319 0.002097 0.860042
4 4 0.006272 0.082046 0.043339 0.001565 0.866777
4 4 0.016340 0.094360 0.080417 0.004395 0.804489
2 4 0.009727 0.138012 0.443157 0.237434 0.171670
2 4 0.012182 0.158075 0.396793 0.055888 0.377062
4 4 0.024989 0.175187 0.077481 0.000421 0.721922
4 4 0.012988 0.072264 0.032166 0.000884 0.881698
2 4 0.019631 0.244345 0.549289 0.003605 0.183130
4 4 0.009565 0.255557 0.332901 0.024390 0.377587
2 4 0.001326 0.203658 0.454924 0.004512 0.335580
4 4 0.017297 0.088113 0.040203 0.000584 0.853803
4 4 0.003496 0.123791 0.289486 0.002502 0.580725
4 4 0.006769 0.182134 0.282707 0.022344 0.506044
4 4 0.007689 0.130522 0.103515 0.010257 0.748016
4 4 0.030417 0.054374 0.012495 0.000271 0.902444
4 4 0.048577 0.162315 0.072844 0.001332 0.714933
1 4 0.310866 0.329592 0.153635 0.030526 0.175380
0 0 0.955516 0.023596 0.011323 0.000058 0.009507
4 2 0.397000 0.140982 0.050573 0.002857 0.408587
4 2 0.198992 0.117148 0.063354 0.001844 0.618662
0 2 0.798431 0.074194 0.036351 0.001175 0.089848
4 2 0.010691 0.264932 0.319914 0.002885 0.401578
0 2 0.873971 0.060603 0.051174 0.001868 0.012385
0 2 0.909786 0.043745 0.029534 0.001402 0.015533
0 2 0.444889 0.151009 0.151803 0.025892 0.226408
2 2 0.009865 0.106595 0.801282 0.054988 0.027270
0 2 0.913692 0.013923 0.022142 0.003322 0.046921
0 2 0.936028 0.016002 0.007697 0.000024 0.040248
0 2 0.931257 0.020496 0.015452 0.000398 0.032396
0 2 0.929167 0.001790 0.002971 0.000065 0.066006
0 2 0.969302 0.004892 0.003099 0.000006 0.022702
0 2 0.870346 0.036022 0.017179 0.000170 0.076282
0 2 0.738820 0.092405 0.019017 0.000031 0.149727
0 2 0.942345 0.023628 0.012978 0.000115 0.020933
4 2 0.295251 0.050184 0.023559 0.001427 0.629579
2 2 0.001241 0.220027 0.681418 0.031931 0.065383
4 2 0.014186 0.203660 0.118021 0.011734 0.652399
2 2 0.011744 0.276138 0.489249 0.011187 0.211683
4 2 0.008974 0.297314 0.299363 0.016300 0.378049
2 2 0.011265 0.344179 0.451966 0.003724 0.188865
2 2 0.009538 0.331458 0.362275 0.018366 0.278362
2 2 0.003109 0.232965 0.604690 0.017179 0.142057
4 2 0.012148 0.259861 0.272902 0.026732 0.428357
2 2 0.004903 0.272371 0.407362 0.000654 0.314711
2 2 0.007395 0.337448 0.512887 0.028900 0.113370
2 2 0.025893 0.307854 0.417899 0.005088 0.243266
2 2 0.003781 0.194553 0.454469 0.015828 0.331369
2 2 0.000538 0.094410 0.687195 0.010776 0.207081
2 2 0.002890 0.198433 0.548577 0.017912 0.232189
4 2 0.009976 0.216030 0.295087 0.006444 0.472463
2 2 0.005724 0.289295 0.520979 0.011209 0.172793
2 2 0.001382 0.169574 0.638695 0.001997 0.188352
0 2 0.673556 0.151532 0.152728 0.008454 0.013731
1 0 0.385366 0.436851 0.111228 0.001876 0.064679
1 2 0.017663 0.421706 0.375069 0.004623 0.180940
2 2 0.002172 0.198047 0.735351 0.014236 0.050194
2 2 0.035388 0.332029 0.491165 0.023074 0.118344
2 2 0.000919 0.085464 0.872518 0.009986 0.031112
2 2 0.007570 0.336503 0.547843 0.010642 0.097443
2 2 0.010085 0.136384 0.807939 0.008288 0.037304
1 2 0.012598 0.433850 0.310613 0.008119 0.234820
2 2 0.004005 0.312934 0.633051 0.012730 0.037280
2 2 0.000948 0.098600 0.879815 0.001338 0.019299
2 2 0.003683 0.246008 0.703728 0.000735 0.045846
2 2 0.000893 0.075294 0.887422 0.012703 0.023687
2 2 0.001526 0.194985 0.790350 0.002680 0.010459
2 2 0.003150 0.186422 0.779722 0.002157 0.028548
2 2 0.002728 0.069071 0.891371 0.015324 0.021506
2 2 0.002272 0.115237 0.839078 0.031146 0.012268
2 2 0.001760 0.080924 0.905793 0.002735 0.008786
2 2 0.002642 0.137998 0.830415 0.004073 0.024872
2 2 0.050814 0.323403 0.592090 0.004871 0.028823
1 2 0.092741 0.557220 0.167268 0.000932 0.181839
1 2 0.153100 0.474601 0.262916 0.005776 0.103607
2 2 0.043709 0.254001 0.579847 0.008618 0.113825
2 2 0.006777 0.247907 0.525545 0.001031 0.218740
2 2 0.025594 0.251891 0.578939 0.004079 0.139497
2 2 0.003553 0.144920 0.788876 0.009014 0.053638
2 2 0.019386 0.290102 0.426675 0.003000 0.260838
2 2 0.007354 0.230671 0.603638 0.004364 0.153972
2 2 0.000305 0.018661 0.968935 0.001638 0.010461
2 2 0.001503 0.015203 0.955612 0.026472 0.001210
2 2 0.012853 0.074250 0.802330 0.029186 0.081380
2 2 0.003115 0.081238 0.794043 0.016997 0.104606
2 2 0.027317 0.124233 0.658487 0.059474 0.130489
2 2 0.001176 0.015609 0.876064 0.100350 0.006801
2 2 0.017590 0.247645 0.481170 0.003720 0.249874
2 2 0.018220 0.134269 0.786635 0.005002 0.055873
2 2 0.017797 0.110543 0.765808 0.034342 0.071511
2 2 0.007623 0.068548 0.811358 0.051960 0.060512
2 2 0.008611 0.067068 0.831986 0.003582 0.088753
4 2 0.161520 0.198382 0.242858 0.013000 0.384240
2 2 0.002705 0.045330 0.901399 0.019586 0.030981
2 2 0.020173 0.179430 0.642386 0.012821 0.145190
2 2 0.011936 0.063504 0.851197 0.022799 0.050564
2 2 0.059003 0.121214 0.390587 0.131662 0.297534
2 2 0.001110 0.026174 0.848329 0.115765 0.008622
2 2 0.006600 0.080479 0.826908 0.041659 0.044354
2 2 0.004966 0.057383 0.875337 0.031371 0.030942
2 2 0.012107 0.040352 0.766627 0.081446 0.099468
2 2 0.001709 0.065050 0.911558 0.005694 0.015989
2 2 0.044337 0.209839 0.608289 0.009257 0.128277
2 2 0.001867 0.112337 0.563172 0.005992 0.316632
2 2 0.004078 0.029060 0.896289 0.058828 0.011744
2 2 0.000039 0.003874 0.965887 0.030127 0.000073
2 2 0.000512 0.041821 0.886257 0.042406 0.029004
2 2 0.392473 0.116284 0.401477 0.039086 0.050680
2 2 0.050058 0.150926 0.721987 0.070168 0.006861
2 2 0.069674 0.095034 0.576039 0.245297 0.013956
2 2 0.009294 0.044213 0.800916 0.141242 0.004336
2 2 0.001135 0.008125 0.954510 0.035875 0.000355
2 2 0.023423 0.135060 0.484122 0.050950 0.306445
2 2 0.013565 0.098567 0.828070 0.021646 0.038152
2 2 0.001963 0.059103 0.824986 0.102238 0.011710
2 2 0.011583 0.041820 0.909881 0.032059 0.004658
2 2 0.000048 0.003040 0.775344 0.221456 0.000113
2 2 0.002573 0.017866 0.947305 0.029964 0.002292
2 2 0.019873 0.201476 0.605491 0.099803 0.073357
2 2 0.002573 0.046800 0.799259 0.146887 0.004480
2 2 0.017498 0.051288 0.666893 0.252232 0.012089
2 2 0.006351 0.114232 0.813968 0.015675 0.049772
2 2 0.011513 0.151864 0.718792 0.080464 0.037367
2 2 0.011914 0.063366 0.780568 0.140979 0.003173
2 2 0.051658 0.094411 0.798329 0.034461 0.021141
2 2 0.004134 0.101046 0.720877 0.068408 0.105535
2 2 0.001449 0.005628 0.599401 0.392663 0.000858
2 2 0.010973 0.049254 0.798302 0.139999 0.001471
2 2 0.008846 0.034816 0.831647 0.119815 0.004876
2 2 0.001518 0.027727 0.784013 0.180596 0.006147
2 2 0.010974 0.054421 0.643946 0.283489 0.007170
2 2 0.005168 0.024532 0.667577 0.294584 0.008138
2 2 0.012851 0.095607 0.710289 0.172247 0.009005
2 2 0.008877 0.078522 0.809049 0.094792 0.008760
2 2 0.001403 0.015393 0.776265 0.205763 0.001176
3 2 0.001240 0.005098 0.363971 0.628446 0.001245
2 2 0.001804 0.015681 0.599194 0.380785 0.002535
2 2 0.000711 0.019830 0.851915 0.125159 0.002384
2 2 0.006135 0.096104 0.769766 0.093132 0.034864
3 2 0.000001 0.000772 0.400577 0.598485 0.000165
2 2 0.002319 0.012891 0.724112 0.252906 0.007773
3 2 0.000616 0.004565 0.256747 0.737059 0.001014
3 2 0.000520 0.004441 0.421672 0.572771 0.000596
2 2 0.020961 0.064289 0.463102 0.425692 0.025957
2 2 0.004483 0.034734 0.722337 0.231514 0.006932
3 2 0.047964 0.050947 0.204390 0.691439 0.005260
2 2 0.003859 0.016790 0.506577 0.469863 0.002912
2 2 0.021715 0.049958 0.465439 0.457206 0.005683
2 2 0.000666 0.007320 0.778770 0.210395 0.002849
3 2 0.004838 0.015378 0.255356 0.714310 0.010118
3 2 0.002602 0.005004 0.166032 0.825745 0.000616
3 2 0.018441 0.042905 0.257773 0.649317 0.031564
3 2 0.005089 0.015661 0.163955 0.804326 0.010969
3 2 0.000093 0.001431 0.189668 0.808566 0.000243
2 2 0.002548 0.029088 0.533162 0.426984 0.008218
2 2 0.013436 0.061841 0.774744 0.142383 0.007596
3 2 0.000651 0.003581 0.095496 0.899509 0.000762
2 2 0.007958 0.017498 0.525210 0.446700 0.002634
2 2 0.003013 0.031706 0.613237 0.343125 0.008919
3 2 0.000329 0.002652 0.311387 0.684405 0.001226
2 2 0.013322 0.037782 0.732635 0.211277 0.004983
3 2 0.002845 0.002915 0.040841 0.952489 0.000910
3 2 0.006685 0.013860 0.333266 0.642340 0.003850
3 2 0.008478 0.020334 0.202756 0.754634 0.013799
3 2 0.000904 0.004833 0.386354 0.606795 0.001114
2 2 0.001524 0.011858 0.493935 0.488727 0.003955
3 2 0.003107 0.008447 0.214014 0.765797 0.008636
2 2 0.018044 0.025147 0.650894 0.301525 0.004390
3 2 0.003434 0.006848 0.206215 0.778697 0.004806
3 2 0.015508 0.017205 0.189978 0.767298 0.010012
3 2 0.000477 0.004291 0.112228 0.880642 0.002361
3 2 0.011280 0.025715 0.148705 0.800985 0.013315
3 2 0.011968 0.008255 0.095192 0.879453 0.005132
3 2 0.060520 0.040954 0.235414 0.656204 0.006908
3 2 0.000440 0.003883 0.212832 0.781603 0.001242
3 3 0.007430 0.019053 0.191107 0.776518 0.005892
3 3 0.000307 0.003674 0.226246 0.769326 0.000447
3 3 0.037869 0.037797 0.284346 0.619861 0.020127
3 3 0.001395 0.003430 0.081279 0.912449 0.001446
3 3 0.002500 0.009323 0.285553 0.688601 0.014023
3 3 0.012705 0.024560 0.284577 0.663481 0.014678
3 3 0.000063 0.000933 0.102834 0.895963 0.000206
3 3 0.000003 0.000112 0.034293 0.965561 0.000030
3 3 0.000245 0.001449 0.034831 0.962873 0.000601
3 3 0.000507 0.003728 0.297281 0.697381 0.001103
3 3 0.003722 0.011881 0.430650 0.552314 0.001433
3 3 0.105495 0.069623 0.283991 0.509697 0.031194
3 3 0.000081 0.001459 0.208262 0.789978 0.000221
3 3 0.000229 0.001223 0.086279 0.912055 0.000213
3 3 0.000012 0.000146 0.025977 0.973818 0.000047
3 3 0.003238 0.015671 0.474261 0.502973 0.003857
3 3 0.000064 0.000320 0.055271 0.944248 0.000098
3 3 0.000077 0.001276 0.096274 0.901682 0.000691
3 3 0.000610 0.005403 0.253705 0.739368 0.000914
3 3 0.000632 0.001156 0.099316 0.898250 0.000647
3 3 0.007539 0.007422 0.126071 0.849346 0.009622
2 3 0.026068 0.025433 0.520203 0.422536 0.005760
3 3 0.000113 0.003051 0.146433 0.849569 0.000834
3 3 0.000065 0.000124 0.012120 0.987657 0.000034
3 3 0.004946 0.008972 0.061971 0.915539 0.008573
3 3 0.000418 0.001552 0.056220 0.941531 0.000279
3 3 0.000290 0.002391 0.074480 0.922318 0.000522
3 3 0.003575 0.002651 0.030821 0.962187 0.000766
3 3 0.004044 0.004659 0.035989 0.951828 0.003480
3 3 0.002911 0.002069 0.024210 0.969889 0.000920
2 3 0.292615 0.198173 0.416269 0.073099 0.019844
3 3 0.006867 0.024195 0.334531 0.627362 0.007044
2 3 0.083267 0.183600 0.552054 0.137981 0.043098
2 3 0.053180 0.198517 0.644504 0.057280 0.046519
2 3 0.002530 0.118635 0.491967 0.303824 0.083044
2 3 0.011804 0.197929 0.509914 0.085638 0.194716
4 3 0.014396 0.141602 0.221800 0.063304 0.558898
0 0 0.946937 0.017631 0.033042 0.000201 0.002190
0 0 0.982338 0.007044 0.008188 0.000260 0.002169
0 2 0.294451 0.213395 0.280455 0.115581 0.096118
2 2 0.008507 0.337519 0.540131 0.023989 0.089854
2 2 0.001388 0.046898 0.832193 0.056531 0.062989
2 2 0.010419 0.230161 0.638179 0.037649 0.083593
2 2 0.006035 0.110123 0.736127 0.112801 0.034914
4 2 0.007764 0.118737 0.081604 0.006138 0.785757
2 2 0.004562 0.239684 0.526790 0.011396 0.217568
4 2 0.001505 0.128962 0.180757 0.016438 0.672338
4 2 0.006797 0.065562 0.024980 0.000650 0.902010
0 2 0.609980 0.046714 0.032951 0.003415 0.306940
4 2 0.207779 0.038722 0.012475 0.000195 0.740828
4 4 0.004357 0.105131 0.187723 0.010994 0.691794
4 4 0.006051 0.169808 0.242004 0.103881 0.478256
2 4 0.012554 0.151276 0.553346 0.093012 0.189813
4 4 0.001356 0.133081 0.313438 0.034873 0.517253
4 4 0.008157 0.161023 0.116379 0.023995 0.690446
4 4 0.050908 0.047453 0.010627 0.000189 0.890823
