0 0 0.950189 0.007264 0.001988 0.000014 0.040545
0 0 0.960265 0.008061 0.003865 0.000359 0.027450
0 0 0.991055 0.000552 0.000114 0.000000 0.008278
0 0 0.957291 0.009022 0.000647 0.000000 0.033039
0 0 0.586149 0.025102 0.008834 0.000018 0.379898
4 0 0.363540 0.004794 0.006693 0.000074 0.624899
0 0 0.949982 0.017046 0.003584 0.000009 0.029379
0 0 0.676070 0.043275 0.017327 0.000254 0.263074
0 0 0.506834 0.030390 0.013965 0.000089 0.448722
4 0 0.181937 0.014480 0.008875 0.000019 0.794689
0 0 0.964501 0.013786 0.000993 0.000001 0.020720
0 0 0.967491 0.006237 0.002102 0.000053 0.024117
0 0 0.807754 0.008616 0.003844 0.000017 0.179768
0 0 0.993544 0.001834 0.000170 0.000000 0.004452
0 0 0.549760 0.214271 0.032898 0.000006 0.203065
0 0 0.834042 0.035377 0.008608 0.000059 0.121914
0 0 0.981628 0.006453 0.001213 0.000016 0.010690
0 0 0.971696 0.018469 0.002395 0.000008 0.007432
0 0 0.840643 0.068745 0.009277 0.000027 0.081307
0 0 0.817369 0.026806 0.008573 0.000082 0.147170
0 0 0.973223 0.011398 0.000854 0.000001 0.014524
0 0 0.859473 0.028561 0.003117 0.000002 0.108848
0 0 0.981813 0.007756 0.000511 0.000000 0.009920
0 0 0.859755 0.060740 0.007771 0.000019 0.071715
0 0 0.928091 0.019125 0.002782 0.000006 0.049996
0 0 0.524515 0.031654 0.012727 0.000059 0.431044
0 0 0.997747 0.000044 0.000003 0.000000 0.002205
0 0 0.964850 0.001178 0.000899 0.000021 0.033052
0 0 0.637627 0.028509 0.008701 0.000022 0.325140
0 0 0.898386 0.007018 0.004290 0.000117 0.090188
0 0 0.920459 0.009899 0.002739 0.000014 0.066890
4 0 0.318575 0.008056 0.007729 0.000045 0.665595
0 0 0.986294 0.003629 0.000434 0.000001 0.009643
0 0 0.912478 0.021185 0.005019 0.000051 0.061267
0 0 0.890339 0.014067 0.005963 0.000129 0.089501
0 0 0.988351 0.007099 0.000563 0.000000 0.003987
0 0 0.919317 0.002402 0.001696 0.000022 0.076562
0 0 0.762581 0.007631 0.001674 0.000000 0.228114
0 0 0.959291 0.002648 0.000831 0.000003 0.037228
0 0 0.810842 0.019003 0.005462 0.000019 0.164674
0 0 0.962004 0.017058 0.001791 0.000000 0.019147
0 0 0.931826 0.009840 0.005602 0.000447 0.052286
0 0 0.983917 0.000880 0.000309 0.000001 0.014894
0 0 0.924230 0.007786 0.004522 0.000209 0.063254
4 0 0.242482 0.016786 0.011315 0.000048 0.729370
0 0 0.953282 0.008452 0.004841 0.000655 0.032770
0 0 0.962857 0.011167 0.000923 0.000000 0.025053
0 0 0.738535 0.011510 0.009524 0.000302 0.240130
0 0 0.983306 0.000721 0.000160 0.000000 0.015813
0 0 0.990867 0.001012 0.000147 0.000000 0.007974
0 0 0.661165 0.042222 0.016382 0.000201 0.280031
0 0 0.869627 0.089364 0.032562 0.000020 0.008426
0 0 0.994479 0.002858 0.000149 0.000000 0.002514
0 0 0.992602 0.005030 0.000274 0.000000 0.002094
0 0 0.981716 0.014787 0.001094 0.000000 0.002403
0 0 0.964227 0.023515 0.003537 0.000024 0.008696
0 4 0.964659 0.016260 0.000887 0.000000 0.018194
4 4 0.052619 0.205834 0.109883 0.000007 0.631657
4 4 0.133735 0.162909 0.164714 0.000011 0.538631
4 4 0.081155 0.158240 0.059162 0.000003 0.701439
4 4 0.167103 0.181695 0.052108 0.000003 0.599092
4 4 0.009233 0.177708 0.346936 0.000032 0.466091
4 4 0.111704 0.180884 0.119297 0.000201 0.587915
4 4 0.125058 0.133449 0.096671 0.000029 0.644793
4 4 0.105376 0.141671 0.061397 0.000010 0.691546
4 4 0.079517 0.226663 0.113677 0.000017 0.580126
4 4 0.009505 0.121109 0.113004 0.000052 0.756329
4 4 0.077439 0.235453 0.115337 0.000009 0.571762
4 4 0.036451 0.330206 0.153647 0.000010 0.479685
4 4 0.017261 0.163212 0.264057 0.000050 0.555420
4 4 0.011280 0.212993 0.281124 0.000166 0.494438
4 4 0.100117 0.123782 0.059661 0.000069 0.716371
4 4 0.014547 0.160825 0.350443 0.000190 0.473995
4 4 0.047918 0.161903 0.097303 0.000012 0.692864
4 4 0.052202 0.156493 0.209336 0.000214 0.581755
4 4 0.305164 0.192537 0.039192 0.000001 0.463105
4 4 0.107595 0.166609 0.091994 0.000030 0.633772
4 4 0.071811 0.069997 0.031170 0.000012 0.827009
4 4 0.124920 0.271111 0.079733 0.000012 0.524223
4 1 0.050832 0.336772 0.209805 0.000008 0.402583
1 4 0.264659 0.432230 0.243800 0.000013 0.059298
4 4 0.045867 0.069442 0.028579 0.000004 0.856108
4 4 0.049636 0.284909 0.076193 0.000001 0.589261
4 4 0.276618 0.178853 0.020663 0.000000 0.523866
4 4 0.168258 0.161933 0.029422 0.000000 0.640387
4 4 0.194987 0.143523 0.027568 0.000001 0.633922
4 4 0.059492 0.159170 0.083390 0.000007 0.697941
1 1 0.123407 0.384539 0.306634 0.000020 0.185400
1 1 0.140220 0.615654 0.186820 0.000000 0.057305
1 1 0.017135 0.572137 0.296807 0.000007 0.113914
1 1 0.308353 0.502325 0.114461 0.000000 0.074861
1 1 0.089074 0.628682 0.174586 0.000000 0.107657
1 1 0.226127 0.472983 0.075630 0.000000 0.225261
1 0 0.071965 0.603546 0.235423 0.000004 0.089062
1 1 0.162282 0.578320 0.197386 0.000003 0.062010
1 0 0.216329 0.417618 0.081671 0.000002 0.284380
1 1 0.305568 0.380106 0.049796 0.000000 0.264530
1 1 0.379313 0.472365 0.069656 0.000000 0.078666
1 1 0.012675 0.557230 0.299272 0.000009 0.130815
1 1 0.017708 0.570432 0.300935 0.000009 0.110916
1 1 0.066628 0.535616 0.134505 0.000001 0.263250
2 1 0.085397 0.404561 0.476415 0.000653 0.032973
2 2 0.013362 0.389298 0.539548 0.001328 0.056464
1 2 0.082059 0.524815 0.356539 0.000069 0.036518
2 2 0.022541 0.312923 0.469649 0.003506 0.191381
1 4 0.054510 0.490152 0.294839 0.000526 0.159972
1 4 0.370154 0.448930 0.171117 0.000001 0.009797
0 4 0.448597 0.302861 0.048937 0.000002 0.199604
2 2 0.048232 0.356378 0.587023 0.000306 0.008060
2 4 0.008875 0.271447 0.701992 0.001796 0.015892
2 4 0.004931 0.332113 0.602974 0.002658 0.057324
0 4 0.404179 0.390753 0.136073 0.000136 0.068859
1 0 0.052269 0.538325 0.325510 0.000170 0.083727
1 1 0.186503 0.543291 0.193810 0.000012 0.076384
1 1 0.065533 0.638519 0.224441 0.000000 0.071508
0 2 0.583024 0.256587 0.121065 0.000131 0.039192
2 2 0.015977 0.281214 0.690615 0.000863 0.011331
4 2 0.098233 0.345779 0.104110 0.000176 0.451702
2 2 0.003784 0.037372 0.922479 0.034330 0.002035
1 2 0.197510 0.464013 0.278226 0.000155 0.060096
2 2 0.028809 0.184557 0.771432 0.008052 0.007149
2 2 0.005245 0.034142 0.951443 0.008819 0.000351
3 2 0.000595 0.002452 0.445313 0.551526 0.000115
2 2 0.005028 0.071170 0.917959 0.005154 0.000688
0 2 0.628793 0.192931 0.168082 0.000342 0.009852
2 2 0.089156 0.165189 0.726270 0.013227 0.006157
2 2 0.011941 0.125990 0.827881 0.028101 0.006086
2 2 0.046561 0.126185 0.787022 0.011778 0.028453
2 2 0.002166 0.014769 0.948841 0.034017 0.000208
2 2 0.000534 0.005709 0.959463 0.034226 0.000069
2 2 0.001230 0.008380 0.874409 0.115747 0.000233
2 3 0.005747 0.040549 0.934597 0.018361 0.000746
2 3 0.000901 0.005090 0.676571 0.317324 0.000114
2 3 0.002806 0.016758 0.932208 0.047971 0.000257
2 3 0.000014 0.000838 0.830527 0.168597 0.000025
2 3 0.000856 0.006425 0.740101 0.252422 0.000197
3 3 0.008203 0.009405 0.241423 0.739871 0.001098
3 3 0.000002 0.000081 0.443261 0.556656 0.000000
3 3 0.000648 0.002415 0.324470 0.672370 0.000097
2 3 0.000085 0.001007 0.752107 0.246779 0.000021
2 3 0.004326 0.017739 0.900204 0.077221 0.000511
2 3 0.000117 0.001100 0.636458 0.362298 0.000028
3 3 0.000057 0.000125 0.028987 0.970817 0.000014
3 3 0.000015 0.000109 0.131043 0.868828 0.000005
3 3 0.000173 0.000556 0.136818 0.862412 0.000041
3 3 0.000416 0.001355 0.203729 0.794429 0.000070
3 3 0.006673 0.008581 0.307810 0.675815 0.001121
3 3 0.000093 0.000301 0.078066 0.921521 0.000019
3 3 0.001433 0.002453 0.146672 0.849229 0.000214
3 3 0.000602 0.001202 0.146879 0.851179 0.000139
3 3 0.000113 0.000303 0.049457 0.950076 0.000050
3 3 0.014684 0.010465 0.158136 0.814764 0.001951
3 3 0.000013 0.000116 0.124368 0.875500 0.000004
3 3 0.006744 0.008994 0.269241 0.714133 0.000889
3 3 0.000015 0.000355 0.238541 0.761071 0.000017
3 3 0.000240 0.001237 0.206011 0.792178 0.000334
3 3 0.000020 0.000354 0.313567 0.686046 0.000013
2 3 0.000742 0.004082 0.654883 0.340182 0.000111
3 3 0.000016 0.000103 0.088621 0.911255 0.000004
3 3 0.000156 0.000150 0.015295 0.984356 0.000043
3 3 0.001390 0.009060 0.359304 0.626135 0.004111
3 3 0.000440 0.000591 0.043125 0.955725 0.000120
3 3 0.000021 0.000047 0.022524 0.977399 0.000009
3 3 0.026275 0.010386 0.116377 0.842730 0.004232
3 3 0.003107 0.004006 0.167571 0.824821 0.000495
3 3 0.000006 0.000129 0.142551 0.857290 0.000024
3 3 0.000004 0.000021 0.023546 0.976428 0.000001
3 3 0.000085 0.000283 0.066950 0.932643 0.000039
3 3 0.000047 0.000149 0.060186 0.939603 0.000014
3 3 0.000250 0.000354 0.039736 0.959601 0.000058
3 3 0.002558 0.002862 0.117543 0.876604 0.000433
3 3 0.000043 0.000354 0.263686 0.735906 0.000010
3 3 0.005846 0.006473 0.193927 0.792373 0.001380
3 3 0.001136 0.001735 0.124914 0.871997 0.000218
3 3 0.000038 0.000297 0.225194 0.774461 0.000009
3 3 0.000000 0.000001 0.083843 0.916156 0.000000
3 3 0.021442 0.008377 0.097282 0.869092 0.003807
3 3 0.000028 0.000699 0.281842 0.717320 0.000111
3 3 0.000146 0.000917 0.194320 0.804536 0.000082
3 3 0.000037 0.000258 0.137114 0.862573 0.000018
3 3 0.001053 0.004909 0.166592 0.825781 0.001665
3 3 0.000051 0.000266 0.069557 0.930057 0.000069
3 3 0.000006 0.000044 0.066169 0.933779 0.000002
3 3 0.000007 0.000102 0.128791 0.871089 0.000010
3 3 0.000110 0.000739 0.089783 0.909108 0.000261
3 3 0.000000 0.000005 0.040554 0.959441 0.000000
3 3 0.000112 0.000406 0.129618 0.869836 0.000028
3 3 0.001234 0.000780 0.030305 0.967362 0.000319
3 3 0.035536 0.014224 0.119523 0.825433 0.005285
3 3 0.000036 0.000320 0.216858 0.782768 0.000018
3 3 0.002103 0.003451 0.243430 0.750577 0.000439
3 3 0.000052 0.000773 0.212434 0.786577 0.000164
3 3 0.000014 0.000158 0.148304 0.851508 0.000016
3 3 0.001555 0.002221 0.127366 0.868591 0.000268
3 3 0.000103 0.000317 0.095481 0.904071 0.000028
3 3 0.000006 0.000034 0.028928 0.971027 0.000006
3 3 0.006478 0.004609 0.122575 0.864880 0.001458
3 3 0.000086 0.000159 0.035993 0.963736 0.000026
3 3 0.000610 0.001649 0.234361 0.763253 0.000127
3 3 0.000007 0.000034 0.035115 0.964841 0.000003
3 3 0.000712 0.000887 0.078516 0.919698 0.000186
3 3 0.002038 0.003238 0.164498 0.829928 0.000298
3 3 0.000025 0.000261 0.182044 0.817654 0.000015
3 3 0.000906 0.000741 0.038640 0.959492 0.000222
3 3 0.000042 0.000074 0.014887 0.984987 0.000010
3 2 0.177766 0.050518 0.305102 0.450626 0.015988
2 2 0.223732 0.250606 0.482245 0.004811 0.038606
1 2 0.339949 0.365827 0.151069 0.000543 0.142612
2 2 0.081252 0.212226 0.675716 0.020332 0.010474
0 2 0.379792 0.295436 0.225122 0.001843 0.097807
2 2 0.157262 0.137199 0.636855 0.061332 0.007352
1 2 0.406316 0.419775 0.140246 0.000011 0.033651
2 2 0.104583 0.303785 0.563262 0.004857 0.023512
1 2 0.156550 0.366755 0.325886 0.000882 0.149927
2 2 0.045863 0.322752 0.592140 0.001783 0.037462
2 2 0.120729 0.299007 0.470708 0.003481 0.106074
2 2 0.016629 0.124635 0.844185 0.002258 0.012294
2 0 0.043171 0.166390 0.766493 0.006182 0.017764
0 1 0.579771 0.265216 0.104206 0.000100 0.050707
0 0 0.619051 0.241582 0.105426 0.000147 0.033794
0 0 0.705845 0.166425 0.112448 0.001374 0.013908
0 0 0.760260 0.175700 0.042526 0.000003 0.021511
0 0 0.954602 0.025475 0.003198 0.000013 0.016713
0 1 0.884987 0.081859 0.009379 0.000000 0.023775
0 1 0.438535 0.354325 0.147582 0.000022 0.059536
1 2 0.061686 0.517899 0.356692 0.000084 0.063638
2 2 0.138871 0.386502 0.408893 0.001781 0.063953
1 2 0.029500 0.463788 0.203436 0.000105 0.303171
2 2 0.008659 0.057212 0.866543 0.060773 0.006813
2 2 0.033054 0.209302 0.690896 0.010539 0.056210
2 2 0.009897 0.312439 0.656722 0.000404 0.020539
1 2 0.264999 0.353638 0.181605 0.001175 0.198583
2 2 0.002423 0.200017 0.788011 0.000689 0.008859
2 2 0.001160 0.181039 0.791908 0.000817 0.025076
2 2 0.021047 0.277992 0.686587 0.000486 0.013889
1 2 0.137268 0.451898 0.350881 0.000455 0.059498
2 2 0.006200 0.160969 0.826240 0.001594 0.004997
1 2 0.054626 0.572765 0.303390 0.000034 0.069185
2 2 0.025040 0.427948 0.493356 0.000553 0.053104
2 2 0.007994 0.063071 0.775568 0.138989 0.014378
1 2 0.010331 0.483526 0.393548 0.000190 0.112404
2 2 0.007316 0.328899 0.635580 0.000397 0.027807
2 2 0.001828 0.187615 0.766221 0.005955 0.038381
2 2 0.086659 0.342873 0.524480 0.008620 0.037368
1 1 0.020368 0.492124 0.170214 0.000003 0.317291
1 1 0.061460 0.609101 0.220119 0.000002 0.109318
1 2 0.046230 0.505655 0.338466 0.000771 0.108877
1 2 0.036135 0.424628 0.383431 0.000829 0.154977
1 2 0.302716 0.448770 0.114832 0.000008 0.133673
2 2 0.041884 0.453484 0.477325 0.000144 0.027162
1 2 0.053866 0.595631 0.274153 0.000008 0.076341
1 2 0.019383 0.425734 0.192241 0.000121 0.362520
1 2 0.124685 0.524347 0.222854 0.000133 0.127981
1 2 0.046638 0.554417 0.313287 0.000093 0.085564
1 2 0.378974 0.432056 0.122885 0.000008 0.066077
1 0 0.187650 0.535815 0.263080 0.000005 0.013449
0 1 0.495784 0.350811 0.107926 0.000030 0.045448
1 1 0.065413 0.520816 0.217383 0.000034 0.196353
1 1 0.025408 0.467571 0.159911 0.000007 0.347104
1 1 0.054144 0.595504 0.249747 0.000006 0.100599
1 1 0.174350 0.493876 0.202614 0.000244 0.128915
1 1 0.053206 0.544962 0.224800 0.000029 0.177003
1 1 0.166182 0.437854 0.146698 0.000133 0.249132
1 2 0.055898 0.449243 0.411703 0.000333 0.082823
1 2 0.115656 0.479167 0.302622 0.000429 0.102126
1 2 0.070849 0.614312 0.225588 0.000002 0.089249
1 2 0.231904 0.531590 0.142278 0.000002 0.094226
1 2 0.032898 0.485823 0.397768 0.000139 0.083373
2 2 0.002752 0.198312 0.776520 0.000806 0.021609
1 2 0.058059 0.421609 0.181648 0.000728 0.337956
2 2 0.003132 0.258417 0.726799 0.000275 0.011377
1 2 0.061036 0.478199 0.169948 0.000045 0.290773
2 2 0.009382 0.209111 0.762112 0.000870 0.018525
1 2 0.131920 0.478718 0.121179 0.000005 0.268179
1 2 0.014974 0.493891 0.403145 0.000187 0.087803
1 2 0.207491 0.435146 0.251517 0.000953 0.104893
1 2 0.030407 0.568686 0.334023 0.000027 0.066858
1 2 0.091070 0.580825 0.217680 0.000008 0.110417
1 2 0.043658 0.521805 0.381997 0.000459 0.052081
1 2 0.135016 0.543077 0.209589 0.000030 0.112288
1 2 0.021860 0.556738 0.308060 0.000028 0.113314
1 2 0.058974 0.607258 0.267406 0.000004 0.066359
1 2 0.012794 0.519983 0.417990 0.000072 0.049161
1 2 0.078196 0.563578 0.222598 0.000019 0.135609
1 2 0.014123 0.521573 0.333995 0.000090 0.130219
4 2 0.040229 0.362773 0.088956 0.000004 0.508038
2 2 0.011152 0.301060 0.653319 0.002640 0.031829
2 2 0.009248 0.373805 0.576632 0.000256 0.040059
1 2 0.083113 0.505496 0.330872 0.000529 0.079989
1 2 0.021981 0.458822 0.239448 0.000296 0.279454
1 2 0.093733 0.534574 0.209524 0.000050 0.162119
1 2 0.203344 0.449725 0.110006 0.000009 0.236915
1 2 0.042691 0.480086 0.318566 0.001426 0.157230
1 0 0.233992 0.519428 0.199598 0.000015 0.046966
0 1 0.838620 0.093416 0.015549 0.000027 0.052388
1 1 0.300631 0.410660 0.059677 0.000000 0.229032
1 1 0.277588 0.467266 0.095800 0.000001 0.159345
1 0 0.119403 0.608219 0.147967 0.000000 0.124411
1 0 0.291418 0.501120 0.118855 0.000001 0.088606
0 0 0.473347 0.274946 0.060197 0.000066 0.191445
0 0 0.605979 0.102505 0.013581 0.000000 0.277935
0 0 0.340068 0.283826 0.190656 0.000006 0.185444
0 0 0.949537 0.035727 0.005934 0.000001 0.008801
0 0 0.702461 0.188286 0.031715 0.000000 0.077538
0 1 0.925308 0.056487 0.006302 0.000000 0.011903
1 1 0.142821 0.557097 0.171925 0.000005 0.128152
1 1 0.145691 0.603199 0.182620 0.000001 0.068489
1 1 0.091924 0.582972 0.243222 0.000012 0.081871
1 1 0.334160 0.429438 0.083992 0.000001 0.152409
1 1 0.169942 0.601260 0.150413 0.000000 0.078385
1 1 0.316355 0.474594 0.083253 0.000000 0.125798
1 1 0.335054 0.471411 0.123310 0.000002 0.070223
1 1 0.103785 0.546203 0.199811 0.000023 0.150178
1 1 0.108198 0.571383 0.247174 0.000021 0.073224
0 0 0.850714 0.120283 0.021666 0.000000 0.007338
1 1 0.400294 0.443392 0.128695 0.000001 0.027618
1 1 0.185178 0.452066 0.201797 0.000017 0.160942
0 1 0.536995 0.342265 0.052291 0.000000 0.068449
0 1 0.546408 0.232203 0.035049 0.000003 0.186338
1 1 0.124853 0.586418 0.177682 0.000002 0.111045
1 1 0.111571 0.552556 0.155741 0.000003 0.180129
1 1 0.052925 0.602816 0.221934 0.000002 0.122322
1 1 0.236965 0.561901 0.128234 0.000000 0.072899
1 0 0.082733 0.581588 0.242875 0.000013 0.092790
0 0 0.977386 0.016307 0.001675 0.000000 0.004631
0 0 0.969662 0.016644 0.001005 0.000000 0.012689
0 0 0.850917 0.063634 0.006621 0.000002 0.078825
0 0 0.892722 0.057277 0.006760 0.000003 0.043239
0 0 0.901519 0.063139 0.007558 0.000000 0.027784
0 0 0.751021 0.179506 0.043744 0.000002 0.025726
1 0 0.111740 0.506881 0.319107 0.000019 0.062253
1 0 0.374118 0.452851 0.090745 0.000000 0.082286
0 0 0.691387 0.216002 0.046891 0.000005 0.045716
0 0 0.469722 0.363939 0.110360 0.000034 0.055945
0 4 0.461707 0.399025 0.073176 0.000000 0.066092
0 4 0.324942 0.261333 0.130169 0.000002 0.283553
0 4 0.784000 0.107735 0.031035 0.000001 0.077229
1 4 0.177926 0.293919 0.264744 0.000008 0.263403
0 4 0.931358 0.032487 0.002563 0.000000 0.033592
0 4 0.905367 0.044408 0.009225 0.000000 0.041000
4 4 0.182878 0.133676 0.025355 0.000001 0.658089
4 4 0.101826 0.165767 0.035925 0.000007 0.696475
4 4 0.060069 0.174770 0.041580 0.000031 0.723550
4 4 0.080237 0.208584 0.061843 0.000022 0.649313
4 4 0.361779 0.082992 0.055212 0.000068 0.499950
4 4 0.273908 0.223136 0.165195 0.000071 0.337689
4 4 0.021584 0.193279 0.372013 0.001308 0.411816
1 4 0.071025 0.340040 0.274463 0.000069 0.314402
4 4 0.340938 0.047684 0.008192 0.000001 0.603185
4 4 0.047196 0.131782 0.160458 0.000099 0.660466
4 4 0.071343 0.244269 0.068166 0.000002 0.616219
4 4 0.175900 0.100207 0.020610 0.000021 0.703262
4 4 0.148023 0.163248 0.046692 0.000036 0.642001
0 4 0.319165 0.296345 0.075380 0.000001 0.309109
4 4 0.095792 0.078760 0.061070 0.000484 0.763895
0 4 0.431632 0.399902 0.082851 0.000000 0.085615
1 4 0.206683 0.395730 0.100844 0.000028 0.296715
0 4 0.676559 0.170339 0.020353 0.000000 0.132748
4 4 0.093941 0.116438 0.037755 0.000004 0.751862
4 4 0.246376 0.285007 0.049603 0.000001 0.419013
1 4 0.036643 0.365930 0.334278 0.000102 0.263048
1 4 0.302861 0.309081 0.298666 0.000011 0.089380
4 4 0.192413 0.211602 0.056551 0.000002 0.539431
4 4 0.253736 0.156359 0.038773 0.000001 0.551131
0 4 0.572940 0.211638 0.024717 0.000000 0.190705
0 4 0.943525 0.032348 0.006801 0.000000 0.017325
4 4 0.130212 0.321864 0.090269 0.000001 0.457654
0 0 0.610261 0.185282 0.027919 0.000000 0.176538
4 0 0.165814 0.293882 0.162021 0.000512 0.377772
1 0 0.204159 0.408953 0.097476 0.000016 0.289395
1 4 0.127972 0.593989 0.184493 0.000001 0.093545
0 4 0.641157 0.079747 0.007462 0.000000 0.271634
0 1 0.712389 0.053126 0.008422 0.000003 0.226061
1 4 0.166906 0.547885 0.151381 0.000002 0.133826
4 4 0.052307 0.246833 0.122377 0.000003 0.578480
4 4 0.181071 0.081205 0.035866 0.000022 0.701836
4 0 0.087400 0.142633 0.039293 0.000002 0.730673
0 0 0.973625 0.013349 0.000695 0.000000 0.012331
1 4 0.236623 0.515748 0.112624 0.000000 0.135004
4 4 0.035710 0.312230 0.233869 0.000009 0.418182
4 1 0.016773 0.259505 0.163586 0.000012 0.560124
0 4 0.703886 0.190934 0.016879 0.000000 0.088301
1 4 0.143597 0.375558 0.275204 0.000019 0.205622
4 1 0.091724 0.306345 0.190811 0.000002 0.411118
0 1 0.593422 0.297832 0.032903 0.000000 0.075842
1 1 0.236260 0.473627 0.130661 0.000004 0.159448
1 1 0.022274 0.476614 0.434251 0.000015 0.066845
1 0 0.130427 0.630912 0.162408 0.000000 0.076253
0 0 0.422685 0.366304 0.116208 0.000157 0.094647
0 0 0.724381 0.125750 0.136240 0.000276 0.013352
0 1 0.939606 0.046345 0.003939 0.000000 0.010110
1 1 0.137654 0.442600 0.305337 0.000039 0.114370
0 1 0.454295 0.310605 0.045649 0.000001 0.189450
1 0 0.372229 0.423888 0.124006 0.000005 0.079871
0 0 0.400070 0.373281 0.062472 0.000001 0.164177
0 1 0.621590 0.259710 0.072573 0.000002 0.046124
0 1 0.506901 0.310177 0.061223 0.000005 0.121693
0 0 0.921810 0.066315 0.005943 0.000000 0.005932
0 0 0.964181 0.023670 0.003544 0.000021 0.008584
0 0 0.986199 0.007919 0.000704 0.000001 0.005177
0 0 0.980065 0.008878 0.001256 0.000012 0.009790
0 0 0.996018 0.001558 0.000077 0.000000 0.002347
0 0 0.971485 0.017690 0.002442 0.000025 0.008358
0 0 0.956262 0.027727 0.005240 0.000044 0.010727
0 0 0.983842 0.006837 0.000988 0.000009 0.008324
0 0 0.985127 0.001768 0.000418 0.000002 0.012686
0 0 0.968351 0.018701 0.002847 0.000091 0.010009
0 0 0.938098 0.042618 0.008541 0.000062 0.010681
0 0 0.968795 0.024968 0.002549 0.000000 0.003687
0 0 0.966914 0.022578 0.003115 0.000007 0.007385
0 0 0.947378 0.040891 0.006739 0.000000 0.004991
0 0 0.984224 0.011588 0.000850 0.000000 0.003338
0 0 0.989778 0.007931 0.000450 0.000000 0.001841
0 0 0.958087 0.027239 0.002174 0.000000 0.012500
0 0 0.992004 0.005411 0.000289 0.000000 0.002296
0 0 0.892344 0.081368 0.017239 0.000008 0.009041
0 0 0.988093 0.008075 0.000598 0.000000 0.003234
0 0 0.931500 0.038569 0.004958 0.000000 0.024973
0 0 0.920819 0.042717 0.004028 0.000000 0.032435
0 0 0.976316 0.013166 0.001068 0.000000 0.009451
0 0 0.771750 0.152474 0.028164 0.000002 0.047610
0 0 0.869851 0.022819 0.004348 0.000011 0.102971
0 0 0.972356 0.020731 0.002258 0.000000 0.004655
0 0 0.981079 0.014696 0.001207 0.000000 0.003017
0 1 0.756806 0.182382 0.042708 0.000001 0.018104
0 1 0.448352 0.392168 0.069117 0.000000 0.090364
1 1 0.400269 0.463321 0.107868 0.000000 0.028541
1 1 0.296951 0.473281 0.095280 0.000001 0.134488
1 1 0.326030 0.501251 0.090003 0.000000 0.082716
1 1 0.228356 0.575408 0.156788 0.000000 0.039447
1 1 0.111324 0.609522 0.177152 0.000001 0.102001
1 1 0.124072 0.596018 0.125710 0.000000 0.154201
1 0 0.259968 0.572095 0.124355 0.000000 0.043582
0 0 0.948359 0.042953 0.005007 0.000000 0.003681
0 1 0.961171 0.032551 0.003238 0.000000 0.003040
1 1 0.131017 0.524732 0.117777 0.000001 0.226473
1 1 0.054260 0.555667 0.205072 0.000009 0.184991
1 1 0.198577 0.530619 0.138900 0.000002 0.131902
1 1 0.135535 0.609809 0.189740 0.000001 0.064915
1 1 0.156098 0.617956 0.144432 0.000000 0.081514
1 1 0.088312 0.633693 0.227975 0.000000 0.050020
1 1 0.382207 0.438921 0.143666 0.000007 0.035198
1 1 0.370317 0.489869 0.096957 0.000000 0.042856
1 1 0.033566 0.470510 0.417728 0.000601 0.077595
1 2 0.079669 0.572345 0.274088 0.000032 0.073866
1 2 0.109262 0.461506 0.307907 0.000207 0.121118
1 2 0.073574 0.638138 0.244276 0.000000 0.044012
1 2 0.276334 0.542096 0.148470 0.000000 0.033100
1 2 0.340087 0.395524 0.111698 0.000034 0.152657
1 2 0.239983 0.568503 0.139697 0.000000 0.051816
1 0 0.092711 0.585219 0.209996 0.000005 0.112069
0 1 0.415359 0.375043 0.164536 0.000170 0.044892
1 1 0.178052 0.428900 0.094301 0.000002 0.298746
0 1 0.411718 0.203965 0.049761 0.000003 0.334553
2 2 0.013709 0.232603 0.682217 0.000228 0.071244
2 2 0.007994 0.128171 0.827732 0.000731 0.035372
2 2 0.004211 0.095539 0.890500 0.000886 0.008864
2 2 0.003617 0.074978 0.891010 0.011143 0.019253
1 2 0.107858 0.452932 0.233175 0.000090 0.205944
2 2 0.016895 0.305942 0.615385 0.000510 0.061268
2 2 0.176696 0.226768 0.587312 0.003321 0.005903
2 2 0.080689 0.380029 0.488796 0.000560 0.049926
1 2 0.268965 0.396954 0.281604 0.000281 0.052196
1 2 0.183650 0.493483 0.208211 0.000009 0.114647
1 2 0.079056 0.452259 0.426021 0.000126 0.042537
2 2 0.004091 0.098082 0.870326 0.003200 0.024300
1 2 0.382318 0.440403 0.150704 0.000006 0.026569
1 2 0.019110 0.561136 0.340842 0.000008 0.078903
2 2 0.015885 0.331966 0.578861 0.000536 0.072751
0 2 0.420252 0.354828 0.080037 0.000013 0.144870
1 2 0.403468 0.432615 0.147625 0.000002 0.016290
1 2 0.103796 0.552604 0.251069 0.000066 0.092465
1 2 0.016180 0.511377 0.355695 0.000058 0.116689
2 2 0.005259 0.249984 0.728973 0.000844 0.014940
2 2 0.031361 0.437305 0.503818 0.000440 0.027075
1 2 0.311687 0.489276 0.148637 0.000004 0.050396
1 2 0.189337 0.517044 0.177586 0.000028 0.116004
0 1 0.578930 0.259951 0.125097 0.000741 0.035281
1 2 0.153214 0.519314 0.194843 0.000063 0.132566
2 2 0.002288 0.143472 0.848689 0.000606 0.004945
1 2 0.035333 0.523770 0.376761 0.000065 0.064071
1 2 0.040783 0.598983 0.321622 0.000004 0.038607
2 2 0.007301 0.084760 0.904410 0.002493 0.001036
2 2 0.004061 0.092776 0.893288 0.003120 0.006754
2 1 0.034671 0.312492 0.643079 0.000077 0.009681
1 2 0.047141 0.586705 0.313468 0.000013 0.052674
1 2 0.371385 0.376004 0.125578 0.000016 0.127016
1 2 0.072060 0.519496 0.271683 0.000072 0.136689
1 2 0.083058 0.458117 0.441419 0.000020 0.017385
2 2 0.067266 0.316140 0.598038 0.000426 0.018130
2 2 0.073215 0.420672 0.427724 0.000870 0.077519
2 2 0.004157 0.136654 0.848793 0.004045 0.006351
2 2 0.014842 0.424438 0.531957 0.000352 0.028412
2 2 0.012812 0.258266 0.708965 0.001222 0.018736
2 2 0.001877 0.077063 0.915006 0.003254 0.002799
2 2 0.003728 0.175753 0.813592 0.001167 0.005760
2 2 0.004598 0.093713 0.895905 0.004184 0.001600
2 2 0.003713 0.159195 0.834537 0.000266 0.002290
2 2 0.008234 0.280353 0.692979 0.000916 0.017518
2 2 0.004874 0.189416 0.798251 0.000727 0.006732
2 2 0.006353 0.097345 0.886208 0.005702 0.004393
2 2 0.007055 0.137312 0.849617 0.003047 0.002970
2 1 0.001241 0.023657 0.960439 0.014115 0.000547
0 1 0.373450 0.315134 0.055512 0.000005 0.255899
2 0 0.010850 0.129848 0.713294 0.023366 0.122642
0 1 0.554260 0.290276 0.106832 0.000016 0.048616
0 1 0.734658 0.199162 0.049424 0.000002 0.016753
1 2 0.081501 0.617734 0.212372 0.000001 0.088392
2 2 0.002548 0.092946 0.898128 0.001281 0.005098
2 2 0.182047 0.242499 0.553069 0.000955 0.021431
2 2 0.005583 0.115290 0.874385 0.000692 0.004050
2 2 0.025485 0.258429 0.712197 0.000109 0.003781
2 2 0.002132 0.078582 0.904767 0.008963 0.005555
2 2 0.170216 0.179012 0.640399 0.002175 0.008198
2 2 0.007474 0.061834 0.924383 0.005469 0.000841
2 2 0.067341 0.081738 0.805245 0.036419 0.009258
2 2 0.013169 0.063372 0.913946 0.008638 0.000875
2 2 0.027509 0.130831 0.834469 0.004029 0.003162
2 2 0.078234 0.316561 0.590245 0.000906 0.014054
2 2 0.015542 0.069723 0.890817 0.021293 0.002626
2 2 0.025515 0.295956 0.660737 0.000443 0.017348
2 2 0.005019 0.173046 0.813253 0.001598 0.007084
2 2 0.000993 0.015005 0.979257 0.004595 0.000150
2 2 0.044475 0.066696 0.857095 0.028230 0.003504
2 2 0.001501 0.010026 0.845716 0.142626 0.000132
2 2 0.016522 0.206141 0.741512 0.016360 0.019464
2 2 0.046322 0.100962 0.823405 0.026308 0.003003
2 2 0.020061 0.469720 0.477409 0.000018 0.032793
2 2 0.000138 0.004394 0.939501 0.055766 0.000202
2 2 0.011686 0.102396 0.833592 0.046937 0.005389
2 2 0.002259 0.082008 0.911460 0.002907 0.001367
2 1 0.146677 0.385123 0.453344 0.000213 0.014643
1 1 0.162240 0.428357 0.394876 0.000468 0.014061
2 2 0.013301 0.268904 0.669520 0.004560 0.043714
2 2 0.000088 0.016313 0.967494 0.014437 0.001669
2 2 0.003038 0.165908 0.822377 0.001896 0.006781
2 2 0.000980 0.085997 0.909565 0.001488 0.001971
2 2 0.002081 0.029028 0.946536 0.021908 0.000447
2 2 0.012201 0.059707 0.882176 0.044579 0.001338
2 2 0.000790 0.042432 0.923774 0.029367 0.003637
2 2 0.000153 0.080196 0.915165 0.000313 0.004174
2 2 0.027410 0.311478 0.635031 0.002699 0.023382
2 2 0.023226 0.191564 0.750484 0.025000 0.009726
2 2 0.000337 0.011628 0.966081 0.021465 0.000488
2 2 0.000663 0.070115 0.904033 0.013494 0.011696
2 2 0.002029 0.034801 0.936440 0.025857 0.000873
2 2 0.016389 0.073786 0.890692 0.017319 0.001813
2 3 0.009308 0.169942 0.778605 0.022487 0.019657
2 2 0.010803 0.068254 0.877973 0.037477 0.005492
2 2 0.002550 0.212086 0.773334 0.000814 0.011216
2 2 0.000303 0.052447 0.940287 0.003956 0.003007
2 2 0.009166 0.122657 0.854568 0.002438 0.011171
2 2 0.029921 0.306009 0.465598 0.016444 0.182027
1 2 0.017526 0.463716 0.421540 0.000270 0.096949
2 2 0.000064 0.029567 0.967169 0.002049 0.001151
2 2 0.000467 0.044002 0.945974 0.006597 0.002960
2 2 0.000244 0.088807 0.902992 0.001497 0.006459
2 2 0.000408 0.010481 0.929607 0.059125 0.000378
2 2 0.062006 0.283424 0.597136 0.000861 0.056573
2 2 0.001254 0.084794 0.900234 0.009350 0.004369
2 2 0.001992 0.028174 0.961923 0.007556 0.000355
2 2 0.003439 0.077410 0.901872 0.014401 0.002879
2 2 0.001843 0.155445 0.757321 0.007387 0.078004
2 2 0.008690 0.029129 0.496822 0.461342 0.004018
2 2 0.000106 0.044417 0.950837 0.001647 0.002993
2 2 0.000758 0.059949 0.917185 0.010260 0.011848
2 2 0.001048 0.042624 0.920570 0.032208 0.003550
2 2 0.000222 0.006013 0.932921 0.060736 0.000108
2 2 0.000038 0.000989 0.827583 0.171382 0.000009
2 2 0.005323 0.084224 0.857536 0.041233 0.011684
2 2 0.004912 0.063287 0.827913 0.081004 0.022884
2 2 0.014797 0.064292 0.825032 0.091971 0.003908
2 3 0.000496 0.008736 0.906607 0.083805 0.000356
3 2 0.000006 0.000336 0.494383 0.505262 0.000014
2 2 0.001866 0.024390 0.780525 0.189834 0.003384
2 2 0.001744 0.016873 0.903342 0.077544 0.000496
2 2 0.014091 0.073915 0.794457 0.110850 0.006686
2 2 0.015176 0.091593 0.838239 0.046877 0.008116
2 2 0.000221 0.014931 0.905272 0.077478 0.002097
2 2 0.002503 0.107492 0.871415 0.008053 0.010536
2 2 0.000680 0.016178 0.861767 0.120213 0.001163
2 2 0.001230 0.012016 0.684944 0.300633 0.001178
2 2 0.004851 0.081582 0.843512 0.058936 0.011120
2 2 0.001607 0.023602 0.880518 0.091737 0.002536
3 3 0.005826 0.013794 0.481775 0.497912 0.000693
2 2 0.017714 0.098720 0.761395 0.103961 0.018211
2 2 0.005924 0.025471 0.835389 0.132456 0.000760
2 2 0.000549 0.007432 0.869712 0.122012 0.000295
2 3 0.003623 0.020420 0.746716 0.228148 0.001093
3 0 0.001365 0.003395 0.282083 0.712870 0.000287
2 2 0.289583 0.208200 0.492391 0.003447 0.006378
2 2 0.009288 0.092382 0.892594 0.003585 0.002150
2 2 0.103451 0.361855 0.390584 0.001714 0.142396
2 2 0.002565 0.030502 0.963905 0.002859 0.000168
2 2 0.000740 0.020257 0.973380 0.005227 0.000396
2 2 0.169231 0.163270 0.656793 0.005528 0.005178
2 2 0.110008 0.229277 0.646161 0.004818 0.009736
2 2 0.070710 0.187116 0.736343 0.000721 0.005110
1 1 0.088336 0.440280 0.424477 0.000288 0.046619
2 2 0.038243 0.258943 0.683077 0.003098 0.016639
2 2 0.007294 0.073162 0.869240 0.046713 0.003591
2 2 0.011649 0.348633 0.569227 0.000716 0.069774
1 2 0.220570 0.565108 0.177624 0.000001 0.036697
2 2 0.012497 0.255909 0.712649 0.001895 0.017050
2 2 0.004354 0.050283 0.904572 0.038340 0.002451
2 2 0.000927 0.055656 0.929246 0.011114 0.003056
2 2 0.002160 0.074621 0.914693 0.005859 0.002667
2 2 0.006257 0.080547 0.911503 0.001233 0.000461
2 2 0.005477 0.071221 0.913376 0.004249 0.005677
2 2 0.004780 0.136075 0.855290 0.001362 0.002493
2 2 0.000752 0.072021 0.878912 0.011204 0.037112
2 2 0.024229 0.203115 0.754427 0.002973 0.015256
2 2 0.001955 0.128446 0.827690 0.017432 0.024477
2 2 0.005794 0.137843 0.851020 0.001580 0.003763
2 2 0.002182 0.039708 0.941458 0.015202 0.001451
2 2 0.003046 0.057260 0.918252 0.018284 0.003158
2 2 0.006119 0.127797 0.844089 0.013750 0.008246
2 2 0.000340 0.039097 0.924651 0.030240 0.005673
2 2 0.002001 0.121918 0.861485 0.007499 0.007096
2 2 0.001478 0.012682 0.920765 0.064793 0.000282
2 2 0.000551 0.129661 0.855195 0.001146 0.013447
2 2 0.000313 0.023683 0.969118 0.006089 0.000797
2 2 0.002051 0.049998 0.925574 0.019571 0.002805
2 2 0.078782 0.141748 0.729874 0.045904 0.003692
2 2 0.003634 0.098969 0.889920 0.004186 0.003292
2 2 0.010976 0.135686 0.845281 0.005360 0.002696
2 2 0.002986 0.055489 0.894410 0.045320 0.001796
2 2 0.000340 0.011269 0.949376 0.038660 0.000354
2 2 0.030759 0.068741 0.806587 0.091930 0.001983
2 2 0.001648 0.068842 0.922971 0.004880 0.001659
3 2 0.018789 0.035521 0.410633 0.520778 0.014279
2 2 0.003272 0.042409 0.830251 0.117873 0.006194
2 2 0.038967 0.094437 0.722266 0.137872 0.006458
2 2 0.002305 0.048988 0.836616 0.101147 0.010944
2 2 0.003634 0.038080 0.869663 0.085959 0.002664
2 2 0.007179 0.074799 0.837527 0.069567 0.010928
2 3 0.002301 0.009342 0.706454 0.281630 0.000274
2 2 0.018120 0.092834 0.749539 0.123582 0.015925
2 2 0.015788 0.078813 0.621578 0.266883 0.016938
2 2 0.010229 0.204635 0.770263 0.003966 0.010908
2 2 0.001976 0.019279 0.562773 0.411209 0.004763
2 2 0.003801 0.151723 0.837803 0.002014 0.004658
2 2 0.001534 0.167626 0.786270 0.003132 0.041437
2 2 0.001563 0.045975 0.934005 0.015410 0.003047
2 0 0.000029 0.003322 0.977641 0.018902 0.000106
2 0 0.107692 0.193760 0.673416 0.020919 0.004214
1 0 0.107131 0.476615 0.263854 0.000045 0.152355
4 1 0.317507 0.281644 0.045952 0.000000 0.354897
1 1 0.150879 0.372014 0.271797 0.000002 0.205308
4 1 0.150087 0.268105 0.148078 0.000033 0.433698
2 1 0.028216 0.381407 0.501359 0.000514 0.088504
2 1 0.005209 0.304799 0.656218 0.000320 0.033454
1 1 0.139023 0.409152 0.390496 0.000057 0.061271
2 2 0.019628 0.423604 0.500440 0.000482 0.055846
1 2 0.030568 0.493446 0.383017 0.000065 0.092905
1 0 0.009853 0.500412 0.401971 0.000025 0.087739
0 0 0.703066 0.219693 0.058192 0.000008 0.019041
0 1 0.475094 0.389718 0.090812 0.000001 0.044375
1 1 0.098621 0.559260 0.239606 0.000007 0.102506
1 1 0.419663 0.419990 0.079816 0.000000 0.080531
1 1 0.108637 0.460317 0.381617 0.000074 0.049354
2 1 0.007513 0.131889 0.824182 0.006050 0.030365
1 1 0.077671 0.552521 0.192292 0.000006 0.177510
1 1 0.034064 0.478750 0.392913 0.000071 0.094202
2 1 0.022794 0.222851 0.737937 0.000288 0.016130
2 2 0.022544 0.266782 0.696364 0.000613 0.013697
2 2 0.000968 0.081260 0.915355 0.000861 0.001556
2 2 0.015725 0.324422 0.636828 0.000641 0.022384
2 2 0.003312 0.291790 0.679507 0.000251 0.025140
1 2 0.033865 0.562006 0.289682 0.000034 0.114414
1 2 0.037648 0.552237 0.278292 0.000051 0.131772
1 2 0.026153 0.473765 0.423209 0.000274 0.076598
2 2 0.001959 0.185263 0.802151 0.000117 0.010510
2 2 0.024687 0.268614 0.682957 0.001399 0.022343
2 2 0.001332 0.067521 0.911426 0.015797 0.003924
1 2 0.231052 0.501017 0.186620 0.000048 0.081263
2 2 0.001863 0.319889 0.656204 0.000113 0.021931
2 2 0.008255 0.229892 0.734089 0.003209 0.024555
2 2 0.027416 0.439777 0.497532 0.000091 0.035184
2 1 0.065974 0.456781 0.464340 0.000019 0.012886
1 0 0.351758 0.388989 0.177261 0.002572 0.079421
0 0 0.929771 0.052937 0.006292 0.000000 0.011000
0 0 0.501155 0.355969 0.121464 0.000009 0.021404
0 0 0.349999 0.290373 0.338429 0.000283 0.020916
0 0 0.518176 0.333164 0.128797 0.000050 0.019814
0 0 0.854765 0.106921 0.027206 0.000032 0.011076
0 0 0.740640 0.165596 0.076464 0.000008 0.017293
0 0 0.859613 0.110062 0.011887 0.000000 0.018438
0 1 0.673397 0.240983 0.042400 0.000001 0.043220
0 4 0.866699 0.077552 0.027505 0.000001 0.028242
2 4 0.025690 0.175029 0.457403 0.000145 0.341733
4 4 0.079571 0.166119 0.150026 0.000015 0.604270
2 4 0.035831 0.137005 0.577786 0.000417 0.248962
4 4 0.036849 0.139394 0.294106 0.000409 0.529242
4 4 0.065606 0.114582 0.041704 0.000012 0.778096
4 4 0.083706 0.178115 0.178398 0.000014 0.559766
4 4 0.098298 0.181572 0.294864 0.001179 0.424087
4 4 0.145093 0.195924 0.199289 0.000052 0.459642
4 4 0.073268 0.169851 0.230159 0.000225 0.526497
4 4 0.064959 0.155713 0.077380 0.000121 0.701827
4 4 0.024959 0.172149 0.213025 0.000022 0.589845
4 4 0.027155 0.113669 0.178398 0.000652 0.680125
4 4 0.017282 0.103279 0.097516 0.000038 0.781885
0 4 0.441869 0.104880 0.035309 0.000015 0.417927
4 4 0.046297 0.143537 0.170272 0.000709 0.639185
4 4 0.083127 0.124848 0.052655 0.000044 0.739326
4 4 0.038489 0.165974 0.226175 0.000318 0.569044
2 4 0.008947 0.131504 0.516030 0.000721 0.342798
4 4 0.076589 0.131244 0.209387 0.000324 0.582456
4 4 0.181278 0.212618 0.096817 0.000020 0.509267
4 4 0.021997 0.141559 0.121534 0.000241 0.714669
4 4 0.126541 0.043712 0.007903 0.000001 0.821844
4 4 0.078331 0.148130 0.099546 0.000011 0.673982
4 4 0.061525 0.218409 0.048483 0.000000 0.671583
4 4 0.040527 0.161033 0.153339 0.000121 0.644981
4 4 0.060940 0.089174 0.023245 0.000029 0.826612
2 4 0.003250 0.114799 0.624816 0.000392 0.256743
4 4 0.045334 0.101182 0.099440 0.000024 0.754020
4 4 0.022681 0.100657 0.123629 0.000176 0.752857
4 4 0.144232 0.169404 0.043496 0.000008 0.642861
4 4 0.172606 0.231267 0.265718 0.000014 0.330395
4 4 0.052718 0.161635 0.188617 0.000059 0.596972
4 4 0.064030 0.151704 0.072931 0.000013 0.711323
4 4 0.043377 0.259810 0.091545 0.000017 0.605252
4 4 0.030500 0.234546 0.311311 0.000047 0.423596
4 4 0.040691 0.117292 0.056394 0.000008 0.785615
0 4 0.559086 0.178171 0.070005 0.000002 0.192735
2 4 0.078929 0.225225 0.456577 0.000164 0.239105
4 4 0.138285 0.058762 0.015604 0.000014 0.787335
4 4 0.021424 0.125678 0.063394 0.000078 0.789427
1 4 0.171680 0.291786 0.270712 0.002618 0.263204
4 4 0.023831 0.050308 0.032288 0.000087 0.893486
4 4 0.176515 0.282255 0.057615 0.000001 0.483614
4 4 0.027578 0.131990 0.049346 0.000087 0.790999
4 4 0.097699 0.124157 0.038233 0.000002 0.739908
0 4 0.403943 0.228943 0.122016 0.000005 0.245093
4 4 0.172088 0.112540 0.035349 0.000081 0.679942
4 4 0.186673 0.173533 0.048525 0.000000 0.591269
2 4 0.083172 0.219917 0.371798 0.000025 0.325088
4 4 0.171913 0.135107 0.234017 0.000021 0.458942
2 4 0.033043 0.198986 0.576579 0.000271 0.191120
2 4 0.096655 0.255923 0.343154 0.000134 0.304134
4 4 0.118858 0.158396 0.165741 0.000032 0.556973
4 4 0.094988 0.181376 0.264653 0.000053 0.458930
2 4 0.009916 0.111129 0.731539 0.000619 0.146797
4 4 0.059806 0.263642 0.334146 0.000075 0.342331
4 4 0.063551 0.199566 0.244429 0.000044 0.492410
2 4 0.006000 0.079436 0.821913 0.007428 0.085223
4 4 0.035377 0.133669 0.169222 0.000035 0.661696
2 4 0.017532 0.164389 0.621040 0.000266 0.196774
2 1 0.134768 0.295751 0.452387 0.000053 0.117042
2 1 0.009109 0.118648 0.784889 0.000717 0.086637
2 1 0.037505 0.181164 0.612510 0.002060 0.166760
2 1 0.012161 0.136688 0.726414 0.001727 0.123010
2 1 0.004884 0.174004 0.754016 0.000292 0.066804
2 1 0.007196 0.152313 0.610720 0.003862 0.225910
0 1 0.323693 0.299152 0.316284 0.000087 0.060783
2 1 0.010380 0.234664 0.633322 0.000036 0.121597
4 1 0.004771 0.191174 0.319705 0.000043 0.484307
2 1 0.023471 0.405075 0.437325 0.000108 0.134022
2 0 0.015753 0.161936 0.703092 0.000101 0.119119
0 1 0.583439 0.224015 0.169477 0.006257 0.016812
2 1 0.030544 0.334719 0.586026 0.000009 0.048702
2 1 0.056871 0.322501 0.336418 0.000032 0.284178
1 1 0.267829 0.442090 0.231406 0.000017 0.058657
2 1 0.020271 0.356173 0.513890 0.000530 0.109136
2 2 0.001515 0.082122 0.911466 0.001843 0.003053
1 2 0.037465 0.518455 0.379082 0.000015 0.064984
1 2 0.020335 0.507439 0.365155 0.000017 0.107054
2 2 0.000065 0.035933 0.961453 0.000398 0.002152
2 2 0.010549 0.389560 0.543003 0.000503 0.056386
2 2 0.013074 0.405915 0.545948 0.000171 0.034892
2 2 0.005277 0.315818 0.622527 0.002677 0.053701
2 2 0.000069 0.009054 0.987444 0.003177 0.000257
2 2 0.008687 0.263256 0.703689 0.000211 0.024156
2 2 0.015197 0.223337 0.730405 0.000808 0.030253
2 2 0.001152 0.025201 0.924814 0.045829 0.003004
2 2 0.005849 0.222234 0.745300 0.001463 0.025155
2 2 0.001038 0.117440 0.871324 0.000954 0.009244
2 2 0.000102 0.009419 0.978130 0.011992 0.000357
2 2 0.000053 0.018348 0.980049 0.001113 0.000438
2 2 0.000226 0.025895 0.969215 0.003779 0.000885
2 2 0.001863 0.098772 0.892825 0.002088 0.004452
2 2 0.000793 0.044602 0.947099 0.005015 0.002491
2 2 0.001260 0.023535 0.965745 0.008916 0.000545
2 2 0.000002 0.000511 0.988054 0.011431 0.000002
2 2 0.004057 0.039566 0.888737 0.064867 0.002773
2 2 0.000598 0.013679 0.930216 0.054844 0.000663
2 2 0.002529 0.023699 0.969565 0.004024 0.000183
2 2 0.000815 0.009189 0.970583 0.019337 0.000075
2 2 0.002119 0.023785 0.920734 0.052501 0.000862
2 2 0.002525 0.012653 0.786870 0.197630 0.000323
2 2 0.001496 0.012880 0.759244 0.225226 0.001154
2 2 0.000066 0.001703 0.651067 0.347098 0.000066
2 3 0.001303 0.012900 0.678389 0.307022 0.000386
3 3 0.000768 0.002311 0.275803 0.720984 0.000133
2 3 0.000788 0.009427 0.829686 0.159739 0.000359
3 3 0.000321 0.001396 0.238629 0.759559 0.000095
2 3 0.003382 0.012487 0.764907 0.218818 0.000406
2 3 0.004574 0.036657 0.836929 0.117964 0.003877
3 3 0.000181 0.001869 0.383298 0.614582 0.000071
3 3 0.002901 0.007229 0.468363 0.520912 0.000595
2 3 0.011480 0.044094 0.625124 0.311170 0.008131
2 3 0.015195 0.025326 0.536693 0.420345 0.002440
3 3 0.007292 0.017068 0.475813 0.497748 0.002079
3 3 0.000636 0.002526 0.325304 0.671328 0.000206
3 3 0.000067 0.000977 0.463923 0.535004 0.000028
3 3 0.007462 0.022724 0.384593 0.579652 0.005569
2 2 0.003511 0.018625 0.767999 0.208512 0.001352
2 2 0.002269 0.079980 0.909506 0.005307 0.002937
2 2 0.014894 0.257953 0.711007 0.003307 0.012839
2 2 0.001289 0.050845 0.942900 0.003917 0.001049
2 2 0.000196 0.017299 0.958120 0.023136 0.001250
2 2 0.000890 0.038765 0.937078 0.021943 0.001324
2 2 0.002470 0.034061 0.910189 0.052047 0.001233
2 2 0.000355 0.018644 0.954041 0.026022 0.000938
