1 0 0.139986 0.386833 0.114219 0.000027 0.358935
0 0 0.510265 0.182072 0.070403 0.000213 0.237046
4 0 0.461983 0.040292 0.017294 0.000013 0.480418
4 0 0.138612 0.043591 0.013413 0.000001 0.804382
4 0 0.170664 0.039078 0.014868 0.000006 0.775385
0 0 0.578296 0.002251 0.001667 0.000103 0.417682
0 0 0.934883 0.001303 0.000901 0.000012 0.062901
4 0 0.375822 0.003746 0.002892 0.000063 0.617477
0 0 0.983906 0.006148 0.002346 0.000004 0.007595
0 0 0.979692 0.003712 0.001345 0.000001 0.015250
0 0 0.496052 0.212956 0.086974 0.000060 0.203958
0 0 0.579225 0.179264 0.056186 0.000008 0.185317
1 0 0.273295 0.517280 0.152915 0.000024 0.056485
0 0 0.953621 0.030904 0.008618 0.000002 0.006855
0 0 0.435349 0.386231 0.125522 0.000068 0.052831
0 0 0.993210 0.004360 0.001464 0.000002 0.000964
0 0 0.959561 0.027054 0.008934 0.000020 0.004432
0 0 0.979391 0.014114 0.004808 0.000008 0.001680
0 0 0.982912 0.011021 0.003461 0.000002 0.002605
0 0 0.981149 0.011711 0.004268 0.000016 0.002857
0 0 0.632965 0.026881 0.014582 0.000157 0.325415
0 0 0.964739 0.017605 0.008661 0.000466 0.008530
0 0 0.743796 0.142911 0.041135 0.000007 0.072150
0 0 0.988086 0.006449 0.001870 0.000001 0.003595
0 0 0.887475 0.065437 0.026316 0.000099 0.020673
0 0 0.816940 0.124355 0.037260 0.000061 0.021385
0 0 0.588553 0.197119 0.157159 0.000313 0.056857
0 0 0.580010 0.189470 0.172962 0.008435 0.049122
0 0 0.797126 0.020799 0.008566 0.000049 0.173460
0 0 0.909021 0.045666 0.018916 0.000148 0.026249
0 0 0.813187 0.074637 0.027599 0.000028 0.084549
0 0 0.990859 0.004494 0.001570 0.000002 0.003074
0 0 0.497258 0.327793 0.090561 0.000015 0.084372
0 0 0.826832 0.030029 0.014251 0.000264 0.128624
0 0 0.731612 0.020935 0.007930 0.000020 0.239504
0 0 0.627492 0.188016 0.079785 0.001775 0.102932
0 0 0.676285 0.031987 0.016027 0.000287 0.275414
4 0 0.265327 0.071256 0.033821 0.000110 0.629485
4 0 0.461486 0.006617 0.005188 0.002014 0.524696
0 0 0.950751 0.006446 0.002642 0.000029 0.040132
0 0 0.988289 0.002910 0.001291 0.000025 0.007485
0 0 0.809905 0.025209 0.009880 0.000040 0.154967
0 0 0.967505 0.002412 0.000944 0.000004 0.029135
0 0 0.970848 0.011096 0.004470 0.000057 0.013528
0 0 0.918851 0.019872 0.007619 0.000051 0.053607
0 0 0.889906 0.058518 0.022079 0.000268 0.029228
0 0 0.923176 0.033168 0.015157 0.000726 0.027773
0 0 0.987199 0.003917 0.001807 0.000047 0.007030
0 0 0.618786 0.068450 0.030852 0.000733 0.281180
0 0 0.925426 0.028448 0.011056 0.000027 0.035043
0 0 0.535531 0.142402 0.248385 0.030195 0.043486
0 0 0.724696 0.147729 0.072955 0.009502 0.045118
0 0 0.902693 0.027121 0.016748 0.009118 0.044320
4 0 0.201937 0.004679 0.003392 0.000230 0.789761
0 0 0.820894 0.069622 0.031845 0.001335 0.076304
0 0 0.965087 0.010985 0.004903 0.000152 0.018873
2 0 0.370915 0.163307 0.379130 0.007953 0.078695
0 0 0.873024 0.051722 0.025061 0.002378 0.047816
0 0 0.652391 0.019803 0.014790 0.003461 0.309556
0 0 0.711778 0.019810 0.009118 0.000048 0.259247
4 0 0.274490 0.006665 0.004375 0.000203 0.714267
4 0 0.390869 0.010199 0.004115 0.000002 0.594815
0 0 0.983195 0.006436 0.003037 0.000101 0.007232
4 0 0.132044 0.016676 0.007926 0.000005 0.843349
0 0 0.959905 0.014962 0.005663 0.000052 0.019418
0 0 0.905931 0.047026 0.015684 0.000016 0.031343
0 0 0.980670 0.008242 0.003156 0.000011 0.007921
0 0 0.396740 0.249072 0.332636 0.006734 0.014817
0 0 0.878415 0.060907 0.044152 0.004611 0.011915
0 0 0.796720 0.122507 0.048920 0.000129 0.031725
2 0 0.036944 0.230497 0.638036 0.065335 0.029189
2 0 0.144437 0.256575 0.486337 0.054753 0.057898
0 0 0.559614 0.180828 0.061580 0.000105 0.197872
4 1 0.137403 0.291845 0.094248 0.000058 0.476446
4 2 0.107306 0.301258 0.114848 0.000079 0.476508
2 2 0.014252 0.131746 0.598813 0.047441 0.207748
2 2 0.001963 0.125790 0.458633 0.014043 0.399572
2 2 0.001916 0.082687 0.600797 0.163348 0.151252
4 1 0.008599 0.125510 0.102192 0.003085 0.760614
4 1 0.167788 0.341174 0.128159 0.000267 0.362613
2 4 0.009124 0.302920 0.532932 0.004651 0.150373
4 0 0.018066 0.093482 0.263767 0.032906 0.591778
2 4 0.000781 0.020738 0.841987 0.071007 0.065486
2 1 0.000470 0.057257 0.677420 0.005296 0.259558
2 3 0.000134 0.015565 0.931969 0.020530 0.031803
2 -1 0.000698 0.018672 0.829884 0.074222 0.076524
2 0 0.000855 0.061643 0.725365 0.074433 0.137704
4 0 0.023289 0.067461 0.231888 0.015344 0.662018
2 2 0.001227 0.042743 0.695508 0.160977 0.099545
2 2 0.001854 0.059633 0.702742 0.035595 0.200176
2 2 0.006017 0.076235 0.557917 0.107119 0.252712
2 2 0.000102 0.051677 0.851772 0.016411 0.080039
2 2 0.001094 0.092449 0.693770 0.043533 0.169154
4 2 0.011916 0.061355 0.410235 0.075592 0.440902
4 4 0.004698 0.109315 0.412859 0.022990 0.450138
4 2 0.022827 0.051630 0.030524 0.000642 0.894378
2 2 0.037323 0.281463 0.397988 0.002955 0.280271
2 2 0.000909 0.174504 0.562274 0.039351 0.222963
4 1 0.002551 0.165616 0.362227 0.001682 0.467924
2 2 0.001748 0.148926 0.705357 0.008993 0.134976
2 2 0.001120 0.061600 0.705477 0.007647 0.224156
2 2 0.001781 0.119322 0.743982 0.008483 0.126432
4 2 0.002717 0.097779 0.330190 0.000407 0.568907
2 2 0.012578 0.162501 0.465549 0.003575 0.355797
2 1 0.000812 0.079271 0.828513 0.028467 0.062937
2 2 0.003125 0.036893 0.770981 0.084813 0.104188
2 2 0.000218 0.036889 0.871222 0.022373 0.069299
2 0 0.000313 0.013427 0.867493 0.077432 0.041335
1 0 0.198641 0.375159 0.297999 0.000454 0.127746
0 1 0.800191 0.124823 0.057240 0.002843 0.014902
4 1 0.020706 0.276524 0.147553 0.005268 0.549948
4 2 0.013478 0.097753 0.113988 0.003581 0.771200
2 2 0.001150 0.048779 0.751545 0.072014 0.126512
2 2 0.001448 0.024130 0.854701 0.027969 0.091752
2 3 0.000601 0.020291 0.749524 0.203539 0.026045
2 3 0.000060 0.016319 0.852764 0.123864 0.006993
2 3 0.001692 0.055586 0.698993 0.138227 0.105502
2 3 0.000165 0.034069 0.869644 0.076738 0.019385
2 2 0.000025 0.009421 0.780513 0.207861 0.002180
2 3 0.000033 0.012230 0.891982 0.092945 0.002810
2 3 0.000077 0.013802 0.576617 0.403596 0.005908
2 3 0.000020 0.005680 0.538106 0.453348 0.002847
2 3 0.001408 0.032924 0.470162 0.455044 0.040462
3 3 0.000014 0.004505 0.484361 0.509425 0.001694
2 3 0.000030 0.002912 0.503708 0.491878 0.001471
2 3 0.000001 0.001145 0.573341 0.425329 0.000184
3 3 0.001186 0.021439 0.272939 0.688147 0.016289
3 3 0.000001 0.001090 0.383529 0.614995 0.000384
2 3 0.001079 0.013780 0.523891 0.432896 0.028353
3 3 0.000072 0.001643 0.176811 0.820055 0.001420
3 3 0.001459 0.011999 0.210144 0.773525 0.002872
3 3 0.000190 0.005562 0.143026 0.847497 0.003725
3 3 0.000001 0.000340 0.164978 0.834559 0.000122
2 3 0.000001 0.001675 0.537486 0.460187 0.000651
3 3 0.001198 0.022880 0.281238 0.679003 0.015680
3 3 0.000001 0.000443 0.317448 0.681940 0.000168
3 3 0.000736 0.011187 0.135489 0.843098 0.009490
3 3 0.000384 0.008120 0.140060 0.845143 0.006293
3 3 0.000023 0.001917 0.179186 0.818134 0.000740
3 3 0.000035 0.004831 0.299578 0.692874 0.002682
3 1 0.000134 0.006114 0.293472 0.698486 0.001795
2 3 0.000951 0.061063 0.809443 0.112706 0.015837
2 3 0.000032 0.005586 0.500315 0.492613 0.001454
3 3 0.000152 0.005482 0.191507 0.800279 0.002580
2 3 0.000457 0.030803 0.656854 0.300670 0.011216
3 3 0.000049 0.002770 0.205315 0.790969 0.000896
3 3 0.000161 0.006025 0.178883 0.811465 0.003466
3 3 0.000059 0.001730 0.075341 0.921681 0.001189
3 3 0.000237 0.002976 0.064439 0.930209 0.002139
3 3 0.000000 0.000075 0.058717 0.941191 0.000015
3 3 0.000001 0.000294 0.150065 0.849568 0.000072
3 3 0.000020 0.000331 0.047516 0.951584 0.000549
3 3 0.000003 0.001070 0.345805 0.652865 0.000259
3 3 0.000021 0.001235 0.130125 0.868168 0.000451
3 3 0.000057 0.002219 0.166233 0.828945 0.002545
3 3 0.000326 0.001666 0.027732 0.968928 0.001348
3 3 0.000010 0.001142 0.129452 0.868751 0.000646
2 3 0.000035 0.006740 0.724885 0.267306 0.001034
3 3 0.000105 0.005073 0.343212 0.650629 0.000980
3 3 0.000125 0.005159 0.156998 0.833944 0.003774
3 3 0.000298 0.002245 0.060640 0.934417 0.002399
3 3 0.000396 0.002269 0.047153 0.949073 0.001108
3 3 0.000005 0.000536 0.087845 0.911371 0.000243
3 3 0.000000 0.000059 0.046611 0.953307 0.000023
3 3 0.002726 0.015266 0.148290 0.821889 0.011829
3 3 0.000021 0.003024 0.315062 0.680828 0.001064
3 3 0.000162 0.002915 0.078529 0.916349 0.002046
3 3 0.001081 0.014755 0.135415 0.833173 0.015576
3 3 0.000071 0.004335 0.414849 0.579721 0.001024
3 3 0.002289 0.009555 0.094829 0.882088 0.011239
3 3 0.000005 0.000618 0.140532 0.858665 0.000180
3 3 0.000106 0.005157 0.177283 0.814038 0.003416
3 3 0.000052 0.001214 0.123501 0.874408 0.000825
3 3 0.001322 0.014274 0.135113 0.838267 0.011025
3 3 0.000031 0.000455 0.027163 0.971963 0.000389
3 3 0.000273 0.001834 0.058800 0.938494 0.000599
3 3 0.000003 0.000374 0.102852 0.896661 0.000109
3 3 0.000208 0.008940 0.344217 0.644138 0.002496
3 3 0.001100 0.009889 0.127272 0.856029 0.005710
3 3 0.001028 0.013418 0.198464 0.781161 0.005929
3 3 0.002766 0.007437 0.091458 0.896168 0.002171
3 3 0.000033 0.000975 0.138741 0.859979 0.000273
3 3 0.000050 0.002416 0.160276 0.836293 0.000965
3 3 0.003842 0.003989 0.023839 0.959805 0.008524
3 3 0.011122 0.014183 0.158968 0.804522 0.011205
3 0 0.004146 0.029299 0.346087 0.604169 0.016299
2 2 0.019615 0.075298 0.900305 0.001970 0.002812
2 2 0.003853 0.079504 0.655666 0.208216 0.052761
2 2 0.000827 0.076310 0.722110 0.142697 0.058056
2 2 0.000372 0.039684 0.874474 0.065338 0.020132
2 2 0.005986 0.126758 0.508483 0.111206 0.247567
2 2 0.000379 0.026521 0.497246 0.441958 0.033897
2 2 0.002278 0.080872 0.492796 0.325081 0.098973
2 2 0.005006 0.106037 0.551541 0.094244 0.243172
2 2 0.000208 0.026896 0.686245 0.266624 0.020027
2 0 0.000204 0.028839 0.949418 0.005222 0.016316
2 2 0.261907 0.313541 0.400894 0.011305 0.012352
2 2 0.002465 0.177778 0.629026 0.035837 0.154894
2 1 0.000598 0.117741 0.713899 0.016367 0.151395
2 2 0.001359 0.121440 0.801208 0.035463 0.040530
2 2 0.001157 0.105661 0.717334 0.036644 0.139205
2 2 0.000294 0.058187 0.808687 0.092813 0.040019
2 2 0.000545 0.104806 0.747949 0.039142 0.107558
2 2 0.000715 0.043236 0.916374 0.026644 0.013031
2 2 0.001005 0.120897 0.728551 0.062394 0.087154
2 2 0.000187 0.038919 0.858821 0.087581 0.014491
2 2 0.000303 0.030756 0.715604 0.214366 0.038971
2 2 0.000081 0.019341 0.814924 0.143848 0.021805
2 2 0.000087 0.018076 0.895573 0.079819 0.006445
2 2 0.001552 0.042343 0.471555 0.435486 0.049065
2 2 0.000104 0.016571 0.919421 0.060432 0.003472
2 1 0.000616 0.051807 0.917099 0.007340 0.023138
2 1 0.000245 0.020360 0.966682 0.007572 0.005140
2 1 0.004227 0.076535 0.524829 0.346605 0.047804
2 2 0.004401 0.240447 0.484587 0.019664 0.250901
2 0 0.000828 0.053175 0.898076 0.021169 0.026751
1 1 0.156104 0.407595 0.400544 0.009213 0.026544
2 2 0.027981 0.361084 0.430993 0.006074 0.173868
2 2 0.002718 0.245855 0.600551 0.001864 0.149011
2 2 0.004676 0.213379 0.400731 0.036461 0.344753
2 1 0.000222 0.065981 0.890759 0.021090 0.021948
1 2 0.017787 0.479159 0.377127 0.000320 0.125608
2 2 0.000408 0.065691 0.865145 0.052144 0.016612
2 2 0.000812 0.065818 0.833132 0.086480 0.013758
2 2 0.002392 0.059605 0.730145 0.179613 0.028244
2 2 0.000743 0.075226 0.718827 0.132409 0.072795
2 2 0.000817 0.083968 0.673363 0.180947 0.060905
2 2 0.000733 0.064619 0.736505 0.116750 0.081393
2 0 0.000882 0.068296 0.805086 0.059568 0.066168
0 0 0.517961 0.237498 0.086760 0.000039 0.157742
2 2 0.061070 0.380972 0.532336 0.005007 0.020615
2 1 0.001038 0.042445 0.820584 0.114710 0.021223
1 1 0.091756 0.408732 0.307815 0.001691 0.190007
0 1 0.659714 0.236867 0.052526 0.000004 0.050890
2 1 0.084609 0.382519 0.492437 0.003339 0.037097
4 2 0.006860 0.203820 0.328624 0.041039 0.419657
4 2 0.003017 0.202710 0.362807 0.042348 0.389118
2 2 0.000192 0.017432 0.582290 0.394802 0.005285
2 1 0.000343 0.070229 0.880584 0.030894 0.017950
2 1 0.052987 0.410582 0.505233 0.004270 0.026928
2 2 0.003628 0.286516 0.573563 0.009390 0.126904
2 2 0.000776 0.026456 0.945541 0.017560 0.009666
2 2 0.004783 0.100272 0.802979 0.007337 0.084628
4 2 0.011049 0.291907 0.192459 0.000210 0.504375
2 2 0.002816 0.104726 0.841430 0.022263 0.028765
2 2 0.001005 0.119232 0.837910 0.012543 0.029310
2 2 0.000719 0.079419 0.873271 0.016088 0.030503
2 2 0.001215 0.081459 0.820254 0.077871 0.019200
2 2 0.013219 0.259451 0.442677 0.011435 0.273216
1 2 0.063554 0.574168 0.186914 0.000133 0.175232
2 2 0.003780 0.165619 0.602376 0.123214 0.105011
2 2 0.001499 0.104994 0.673666 0.088991 0.130851
2 2 0.000170 0.023172 0.853306 0.118865 0.004487
2 2 0.000836 0.055996 0.772023 0.123222 0.047924
2 2 0.001229 0.034173 0.721568 0.225254 0.017774
2 2 0.000080 0.013108 0.513978 0.466190 0.006645
2 1 0.001181 0.043658 0.691003 0.241936 0.022221
2 2 0.030781 0.278164 0.584252 0.017723 0.089080
2 2 0.002298 0.072228 0.525059 0.329493 0.070922
2 2 0.000954 0.027150 0.648058 0.320320 0.003518
2 2 0.003373 0.227132 0.516010 0.052876 0.200609
2 2 0.000384 0.035455 0.824126 0.131399 0.008636
2 2 0.005875 0.155178 0.791967 0.024743 0.022237
2 2 0.001072 0.061688 0.898955 0.008543 0.029743
2 4 0.003233 0.188004 0.750910 0.001613 0.056240
2 4 0.009109 0.274445 0.517377 0.027958 0.171110
2 4 0.000960 0.130930 0.671727 0.025633 0.170750
4 4 0.034671 0.146168 0.089128 0.008693 0.721340
4 4 0.034547 0.080463 0.040726 0.000441 0.843822
4 4 0.055688 0.138048 0.061175 0.000551 0.744538
2 4 0.006297 0.168659 0.698931 0.029610 0.096503
4 4 0.032643 0.043902 0.027211 0.000871 0.895373
4 1 0.009856 0.112290 0.131579 0.005262 0.741013
1 4 0.110669 0.376971 0.344596 0.001004 0.166761
4 4 0.089519 0.088163 0.043118 0.000273 0.778927
4 4 0.069896 0.084929 0.056485 0.009261 0.779429
4 4 0.047967 0.009414 0.007563 0.000493 0.934562
4 4 0.015503 0.003797 0.003386 0.000096 0.977218
2 4 0.011410 0.353499 0.365450 0.005350 0.264291
4 4 0.058867 0.071681 0.067556 0.012669 0.789227
4 4 0.020030 0.103799 0.068702 0.005175 0.802294
4 4 0.037617 0.081952 0.038079 0.000290 0.842063
4 4 0.190537 0.124330 0.038857 0.000006 0.646270
4 4 0.083775 0.032346 0.019542 0.000297 0.864040
4 4 0.033854 0.101396 0.051802 0.000493 0.812456
4 4 0.064383 0.023981 0.012664 0.000126 0.898845
4 4 0.094887 0.150245 0.063719 0.000323 0.690826
4 4 0.013419 0.007766 0.004939 0.000026 0.973850
4 4 0.050023 0.091817 0.036794 0.000050 0.821316
4 4 0.010040 0.221244 0.107064 0.001052 0.660600
1 4 0.147990 0.390659 0.166804 0.004204 0.290343
2 4 0.021165 0.326432 0.329478 0.007112 0.315812
4 1 0.014644 0.180174 0.181753 0.001759 0.621670
1 4 0.107392 0.481827 0.134420 0.000014 0.276347
4 4 0.373174 0.132771 0.059767 0.000637 0.433650
2 4 0.005829 0.246963 0.441387 0.007196 0.298626
4 4 0.057379 0.139087 0.066781 0.000588 0.736165
4 4 0.276224 0.195810 0.228392 0.000807 0.298768
1 4 0.026003 0.364079 0.254102 0.034447 0.321368
4 4 0.125840 0.160537 0.074451 0.000606 0.638566
1 4 0.050011 0.436169 0.169271 0.000600 0.343948
2 4 0.017439 0.232065 0.564588 0.079215 0.106693
2 4 0.031960 0.375909 0.407168 0.009836 0.175127
1 4 0.048415 0.507752 0.270946 0.001203 0.171684
2 4 0.040281 0.312914 0.585573 0.024735 0.036497
2 2 0.020547 0.287611 0.542706 0.031872 0.117265
2 2 0.012227 0.148526 0.472654 0.289530 0.077062
1 0 0.087263 0.445595 0.378429 0.015570 0.073144
0 0 0.730244 0.175192 0.061775 0.000016 0.032774
1 1 0.008812 0.469989 0.407056 0.000233 0.113910
4 1 0.017878 0.325954 0.162817 0.003132 0.490218
2 1 0.005847 0.185277 0.559971 0.125696 0.123209
2 1 0.004939 0.253695 0.405120 0.037696 0.298551
2 2 0.002008 0.190341 0.717632 0.021644 0.068375
2 2 0.003246 0.144893 0.715624 0.087324 0.048913
2 2 0.008869 0.086039 0.770227 0.116285 0.018580
2 2 0.020790 0.230025 0.448955 0.096826 0.203405
2 2 0.000197 0.036245 0.795680 0.155465 0.012414
2 2 0.004255 0.172749 0.597795 0.061559 0.163641
2 2 0.000208 0.017269 0.932660 0.044805 0.005059
2 2 0.035005 0.169526 0.506080 0.176575 0.112814
2 2 0.000374 0.068739 0.759015 0.128548 0.043324
3 0 0.002852 0.040249 0.397804 0.533618 0.025477
2 0 0.262456 0.323451 0.336677 0.009226 0.068190
1 2 0.014443 0.343451 0.308019 0.007792 0.326296
2 2 0.001326 0.083455 0.862362 0.041887 0.010970
2 2 0.060283 0.192224 0.640769 0.016883 0.089840
2 2 0.000874 0.033477 0.881917 0.076991 0.006740
2 2 0.000427 0.027959 0.626904 0.332913 0.011797
2 2 0.107335 0.347428 0.438510 0.010125 0.096602
2 2 0.000995 0.068186 0.709176 0.170894 0.050749
2 2 0.003060 0.043191 0.526017 0.413362 0.014370
2 2 0.024453 0.242022 0.657577 0.042510 0.033438
2 2 0.002939 0.056473 0.496928 0.424027 0.019632
2 2 0.008139 0.079082 0.521209 0.308870 0.082700
2 2 0.012190 0.370866 0.561518 0.003623 0.051802
2 2 0.002067 0.077699 0.771986 0.105638 0.042611
2 3 0.013002 0.265804 0.675716 0.013658 0.031820
2 3 0.026544 0.099772 0.615756 0.221368 0.036560
2 3 0.003201 0.093330 0.807419 0.057949 0.038101
2 3 0.002399 0.040608 0.649014 0.300567 0.007411
2 3 0.000081 0.020651 0.946526 0.027132 0.005610
2 3 0.000707 0.069757 0.802259 0.105277 0.022001
3 3 0.002360 0.052022 0.338997 0.563782 0.042840
3 3 0.002897 0.032085 0.271051 0.677870 0.016096
2 3 0.000708 0.022889 0.555089 0.417056 0.004258
2 3 0.000260 0.027712 0.805148 0.161752 0.005129
3 2 0.004083 0.044341 0.343020 0.583674 0.024881
2 3 0.000565 0.052689 0.733585 0.192348 0.020813
2 3 0.011764 0.080649 0.820139 0.067887 0.019562
2 3 0.000606 0.037199 0.673275 0.278373 0.010546
2 3 0.002976 0.054206 0.580671 0.333198 0.028950
3 3 0.000754 0.032752 0.410929 0.535025 0.020540
2 3 0.001704 0.058763 0.612930 0.299890 0.026714
2 3 0.006004 0.045600 0.789904 0.126818 0.031675
2 3 0.002215 0.030265 0.554651 0.405022 0.007846
2 0 0.001385 0.059342 0.493047 0.399814 0.046412
0 0 0.476735 0.227449 0.283362 0.007185 0.005269
2 2 0.023477 0.192214 0.754516 0.020940 0.008852
2 2 0.074899 0.255998 0.636832 0.011414 0.020857
2 2 0.068740 0.215082 0.413418 0.067255 0.235505
2 2 0.006526 0.076523 0.828393 0.073352 0.015206
2 2 0.052131 0.301142 0.511381 0.046729 0.088616
2 2 0.004143 0.111461 0.762903 0.097237 0.024256
2 3 0.005474 0.049740 0.664448 0.263315 0.017023
2 3 0.007314 0.084980 0.629643 0.250133 0.027930
2 2 0.001160 0.079444 0.871282 0.033034 0.015080
3 3 0.002471 0.039414 0.245030 0.670212 0.042873
2 2 0.003034 0.047571 0.481704 0.406358 0.061333
2 2 0.006915 0.095443 0.685540 0.153301 0.058802
2 2 0.002035 0.054699 0.682934 0.250263 0.010069
2 2 0.002405 0.064491 0.461800 0.430402 0.040902
2 2 0.001656 0.048814 0.790572 0.133307 0.025651
2 2 0.002964 0.052788 0.569816 0.362694 0.011738
0 1 0.361676 0.244228 0.330688 0.028991 0.034417
1 2 0.172625 0.462006 0.347487 0.001366 0.016516
2 2 0.002991 0.141538 0.781150 0.038182 0.036139
2 3 0.001480 0.089797 0.800515 0.049926 0.058282
2 3 0.002957 0.084334 0.830581 0.072382 0.009747
2 3 0.001825 0.193321 0.561978 0.054205 0.188671
2 3 0.000168 0.042804 0.834194 0.093907 0.028927
2 3 0.000816 0.085895 0.822294 0.008881 0.082114
2 3 0.003655 0.200712 0.646134 0.017615 0.131884
2 2 0.000207 0.063006 0.898751 0.022796 0.015240
2 2 0.009707 0.294197 0.425952 0.048670 0.221474
2 2 0.000060 0.028403 0.940597 0.026264 0.004676
2 2 0.001117 0.068417 0.812111 0.059639 0.058716
2 2 0.000139 0.037813 0.885480 0.066902 0.009665
2 2 0.004839 0.306837 0.506208 0.014445 0.167671
2 1 0.009856 0.104573 0.792475 0.050930 0.042166
0 1 0.901110 0.042179 0.036212 0.008916 0.011582
4 2 0.082217 0.246482 0.174208 0.025984 0.471109
2 2 0.000663 0.059922 0.803240 0.105686 0.030490
2 2 0.000449 0.057043 0.903189 0.014193 0.025126
2 2 0.000809 0.046756 0.707849 0.222168 0.022418
2 2 0.000368 0.042042 0.835911 0.101610 0.020068
2 1 0.074192 0.126253 0.698802 0.081095 0.019658
1 2 0.018924 0.633112 0.220261 0.000164 0.127538
2 2 0.000308 0.045436 0.893588 0.046517 0.014151
2 2 0.000121 0.027736 0.930416 0.030583 0.011144
2 2 0.002777 0.042344 0.680414 0.161531 0.112935
2 2 0.000726 0.040058 0.800544 0.095899 0.062773
2 2 0.001321 0.055930 0.781159 0.117684 0.043906
2 2 0.001164 0.082083 0.781446 0.051292 0.084015
2 2 0.000072 0.021001 0.744687 0.214289 0.019952
2 2 0.000400 0.034331 0.897710 0.055890 0.011669
2 2 0.000013 0.007906 0.840877 0.145397 0.005808
2 2 0.001066 0.184896 0.544842 0.021972 0.247223
2 2 0.000532 0.032831 0.815927 0.120655 0.030055
2 2 0.001386 0.035776 0.702462 0.236023 0.024352
2 3 0.000033 0.008452 0.941697 0.047973 0.001846
2 3 0.000664 0.048604 0.889924 0.041406 0.019402
2 3 0.001271 0.048793 0.606759 0.313755 0.029422
2 3 0.000104 0.013448 0.959428 0.025107 0.001913
2 3 0.000188 0.025274 0.860209 0.104419 0.009910
2 3 0.000097 0.024784 0.664718 0.292773 0.017628
2 3 0.000135 0.025303 0.877068 0.093350 0.004143
2 3 0.000480 0.060468 0.784428 0.130328 0.024296
2 3 0.000075 0.017552 0.906904 0.068558 0.006910
2 3 0.001206 0.082123 0.836418 0.061809 0.018444
2 3 0.000067 0.025185 0.859649 0.080412 0.034688
2 3 0.000544 0.041275 0.640726 0.285243 0.032211
2 3 0.000278 0.047668 0.897099 0.046619 0.008335
2 3 0.000174 0.031028 0.927231 0.033311 0.008257
2 3 0.000009 0.003737 0.961326 0.034040 0.000887
2 3 0.000076 0.018972 0.860632 0.102807 0.017512
2 3 0.000058 0.015143 0.661886 0.311709 0.011204
2 3 0.000226 0.035266 0.787674 0.165438 0.011396
2 3 0.000465 0.017892 0.733361 0.235905 0.012377
3 3 0.001124 0.029899 0.413337 0.539968 0.015672
2 3 0.000010 0.002824 0.684933 0.311985 0.000247
3 3 0.000261 0.021266 0.414128 0.547918 0.016427
3 3 0.001945 0.025557 0.350981 0.587078 0.034439
3 3 0.000418 0.025619 0.406929 0.548535 0.018499
2 3 0.000081 0.014711 0.795938 0.186653 0.002618
2 3 0.000083 0.014724 0.626736 0.352671 0.005785
3 3 0.001098 0.017567 0.196545 0.772045 0.012745
3 3 0.001192 0.020397 0.176144 0.780042 0.022226
3 3 0.000132 0.010217 0.322023 0.661560 0.006068
3 3 0.000027 0.002865 0.219640 0.776123 0.001345
3 3 0.000046 0.003298 0.326564 0.669441 0.000651
2 3 0.000063 0.012083 0.511423 0.469826 0.006604
3 3 0.000031 0.001509 0.098485 0.899141 0.000835
3 3 0.000684 0.013666 0.170285 0.803495 0.011871
3 3 0.000025 0.002632 0.308837 0.687920 0.000586
3 3 0.000040 0.002412 0.173836 0.822794 0.000918
3 3 0.000963 0.018450 0.186399 0.776475 0.017713
3 3 0.000033 0.001085 0.077388 0.920856 0.000638
3 3 0.000002 0.000680 0.199018 0.800073 0.000227
3 3 0.000203 0.005719 0.234621 0.757851 0.001606
3 3 0.002383 0.027950 0.197441 0.749392 0.022834
2 3 0.000099 0.012398 0.594147 0.389772 0.003584
3 3 0.000250 0.005595 0.147994 0.843415 0.002747
2 3 0.000400 0.025019 0.775078 0.191991 0.007512
3 3 0.000081 0.006454 0.286841 0.703632 0.002991
3 3 0.000824 0.011032 0.164844 0.817602 0.005697
3 3 0.000595 0.011517 0.211306 0.770782 0.005800
3 3 0.000073 0.001651 0.183400 0.813002 0.001874
2 3 0.000048 0.007297 0.695684 0.295885 0.001086
2 3 0.000343 0.016442 0.580987 0.399284 0.002944
3 3 0.000009 0.000417 0.046668 0.952677 0.000229
3 3 0.000197 0.003219 0.117517 0.875951 0.003117
3 3 0.000006 0.000649 0.124867 0.874256 0.000222
3 3 0.000000 0.000104 0.094102 0.905769 0.000025
3 3 0.006349 0.045385 0.288278 0.641463 0.018526
3 3 0.001573 0.008253 0.099926 0.882122 0.008126
3 3 0.000217 0.002406 0.062950 0.933020 0.001407
3 1 0.039098 0.034631 0.156501 0.729411 0.040360
2 2 0.024359 0.360626 0.448536 0.007505 0.158974
2 2 0.000149 0.020913 0.749773 0.216290 0.012876
2 2 0.000065 0.006805 0.826538 0.162158 0.004435
3 3 0.000002 0.000830 0.268471 0.730483 0.000213
2 2 0.000001 0.001097 0.768559 0.230155 0.000188
2 2 0.005816 0.157360 0.695050 0.011683 0.130091
2 4 0.012910 0.115712 0.430170 0.124869 0.316339
4 4 0.034309 0.104512 0.131258 0.003870 0.726052
4 4 0.076547 0.014692 0.010164 0.000521 0.898076
4 4 0.079921 0.006943 0.006017 0.000748 0.906372
4 4 0.019671 0.029854 0.017345 0.000187 0.932943
4 4 0.103494 0.234020 0.289609 0.000309 0.372568
4 4 0.017561 0.064647 0.041301 0.001432 0.875060
4 4 0.025374 0.019884 0.015723 0.001028 0.937992
4 4 0.048751 0.024720 0.019208 0.002162 0.905159
4 1 0.088051 0.030416 0.018121 0.000675 0.862737
4 1 0.012457 0.238649 0.323006 0.000547 0.425342
4 4 0.042895 0.219588 0.069544 0.000010 0.667964
4 4 0.016065 0.009205 0.006454 0.000080 0.968196
4 4 0.075612 0.060368 0.025424 0.000044 0.838552
4 4 0.035417 0.049618 0.020466 0.000018 0.894481
4 4 0.027135 0.022606 0.013703 0.000195 0.936361
4 4 0.044747 0.046561 0.027063 0.000445 0.881184
4 4 0.017998 0.108448 0.042123 0.000036 0.831394
4 4 0.058643 0.096672 0.031793 0.000006 0.812886
4 4 0.031050 0.107388 0.140335 0.003684 0.717543
4 4 0.009103 0.113236 0.049224 0.000102 0.828336
4 4 0.035356 0.051596 0.021677 0.000019 0.891352
4 4 0.032311 0.349683 0.129527 0.000132 0.488347
2 4 0.011250 0.210107 0.677254 0.002685 0.098704
4 4 0.006300 0.045788 0.032917 0.000870 0.914125
2 4 0.011153 0.167771 0.542797 0.005640 0.272638
4 4 0.024048 0.289497 0.246248 0.002605 0.437601
4 4 0.007093 0.155816 0.153299 0.000976 0.682816
4 4 0.011218 0.011667 0.007994 0.000079 0.969041
4 4 0.075397 0.003837 0.003506 0.000373 0.916887
4 4 0.023104 0.008009 0.005896 0.000103 0.962887
4 4 0.057155 0.027840 0.017591 0.000544 0.896871
4 4 0.110864 0.023667 0.013361 0.000115 0.851993
4 4 0.311583 0.224137 0.069918 0.000030 0.394333
4 4 0.032586 0.128359 0.047948 0.000042 0.791065
4 4 0.040503 0.194400 0.073196 0.000092 0.691810
4 2 0.008419 0.308050 0.199880 0.000245 0.483406
2 2 0.001309 0.112828 0.701904 0.038682 0.145278
2 2 0.004575 0.135466 0.641883 0.009146 0.208930
4 1 0.059544 0.319130 0.106261 0.000044 0.515021
1 1 0.048440 0.478747 0.308785 0.001012 0.163016
4 1 0.005878 0.192586 0.355832 0.005002 0.440702
2 1 0.006695 0.268137 0.423012 0.001117 0.301039
2 2 0.000316 0.063765 0.801161 0.078374 0.056384
2 1 0.000271 0.082046 0.780367 0.023643 0.113673
4 2 0.023485 0.353562 0.247748 0.000814 0.374390
2 2 0.000107 0.022408 0.841741 0.103894 0.031850
2 2 0.000150 0.036208 0.908981 0.017133 0.037528
2 2 0.002062 0.128910 0.539309 0.011089 0.318630
2 2 0.000410 0.031298 0.896729 0.054944 0.016618
2 2 0.000185 0.032103 0.876469 0.079483 0.011761
2 2 0.000027 0.008688 0.949887 0.027260 0.014139
2 2 0.000489 0.042980 0.936122 0.004732 0.015677
2 2 0.001062 0.059432 0.872419 0.017285 0.049802
2 2 0.000521 0.085729 0.791571 0.035388 0.086792
2 2 0.002578 0.112409 0.627629 0.014538 0.242846
2 2 0.001966 0.174888 0.549550 0.028469 0.245127
2 2 0.000273 0.039835 0.897902 0.003343 0.058647
2 2 0.000004 0.005427 0.976986 0.012649 0.004935
2 2 0.000051 0.008715 0.938919 0.030457 0.021857
2 2 0.000538 0.030541 0.869348 0.043873 0.055699
2 2 0.000029 0.011992 0.951943 0.022069 0.013967
2 2 0.000302 0.058283 0.774812 0.096731 0.069872
2 2 0.003330 0.100146 0.663120 0.029941 0.203464
2 2 0.000001 0.001478 0.918986 0.078919 0.000615
2 2 0.000062 0.009621 0.931693 0.040720 0.017903
2 2 0.000227 0.022399 0.937383 0.027053 0.012938
2 2 0.000251 0.052629 0.827865 0.015513 0.103743
2 2 0.000770 0.052082 0.781402 0.072591 0.093156
2 2 0.000006 0.007058 0.974954 0.010932 0.007050
2 2 0.000502 0.029336 0.872094 0.046301 0.051767
2 2 0.000141 0.023559 0.814113 0.136464 0.025724
2 2 0.000182 0.026253 0.688004 0.262610 0.022951
2 2 0.000037 0.007310 0.739097 0.246210 0.007346
2 2 0.000076 0.016188 0.958720 0.016052 0.008964
2 2 0.000881 0.029191 0.729531 0.197658 0.042738
2 2 0.000060 0.015757 0.885617 0.074685 0.023881
2 2 0.000326 0.024508 0.682371 0.268938 0.023857
2 2 0.000122 0.041504 0.860874 0.068549 0.028951
2 2 0.000363 0.029747 0.958787 0.009442 0.001661
2 1 0.005912 0.258779 0.565238 0.029165 0.140906
4 1 0.053656 0.326709 0.113197 0.000073 0.506364
2 2 0.000448 0.114424 0.748469 0.009010 0.127649
2 2 0.000627 0.044886 0.889830 0.011976 0.052681
2 2 0.000230 0.037682 0.883302 0.036366 0.042420
2 2 0.000062 0.019604 0.954233 0.012478 0.013624
2 2 0.000269 0.028330 0.937763 0.018296 0.015342
2 2 0.000145 0.027576 0.944091 0.017967 0.010221
2 2 0.000068 0.019500 0.933632 0.021682 0.025118
2 2 0.000018 0.008862 0.977698 0.010456 0.002967
2 2 0.001581 0.066757 0.775067 0.050875 0.105719
2 2 0.000118 0.019305 0.944643 0.031677 0.004256
2 3 0.000033 0.016311 0.919638 0.052508 0.011509
2 2 0.000131 0.028040 0.952545 0.017426 0.001858
2 2 0.000752 0.064515 0.874460 0.036008 0.024265
2 2 0.001634 0.094370 0.704200 0.074195 0.125601
2 1 0.001612 0.059070 0.927840 0.002472 0.009007
1 2 0.055213 0.655206 0.209198 0.000184 0.080199
2 2 0.001686 0.175579 0.799031 0.003825 0.019880
2 2 0.004313 0.153077 0.674240 0.067959 0.100411
2 2 0.000182 0.039841 0.911513 0.012927 0.035537
2 2 0.000469 0.087479 0.843404 0.000782 0.067865
2 2 0.004888 0.283244 0.624678 0.002975 0.084214
2 2 0.001601 0.131997 0.815592 0.006440 0.044370
2 2 0.000089 0.020093 0.963740 0.011712 0.004365
2 2 0.000849 0.066582 0.797108 0.020228 0.115233
2 2 0.000067 0.012216 0.971752 0.014389 0.001576
2 0 0.014366 0.238588 0.573522 0.000319 0.173205
0 0 0.712101 0.150504 0.063510 0.001473 0.072412
0 1 0.576624 0.171003 0.053783 0.000041 0.198549
4 2 0.023360 0.408267 0.158598 0.000258 0.409517
2 2 0.005500 0.157834 0.752447 0.040485 0.043735
2 2 0.000328 0.018330 0.546549 0.413437 0.021357
2 2 0.000838 0.091249 0.699841 0.079255 0.128816
2 2 0.000071 0.029667 0.915348 0.037846 0.017067
2 2 0.000173 0.024893 0.937143 0.030260 0.007530
2 2 0.001011 0.076057 0.837686 0.022946 0.062299
2 2 0.000257 0.085473 0.785431 0.047093 0.081746
2 2 0.000054 0.015254 0.968262 0.012641 0.003789
2 2 0.000763 0.038833 0.736023 0.201730 0.022651
2 2 0.000103 0.024538 0.932991 0.034594 0.007775
2 2 0.000277 0.021276 0.926289 0.041288 0.010869
2 3 0.001647 0.064628 0.796307 0.017916 0.119502
2 2 0.000267 0.023550 0.931839 0.035009 0.009335
2 2 0.001564 0.076804 0.788194 0.039676 0.093762
2 2 0.001924 0.051461 0.486968 0.405707 0.053940
2 2 0.000085 0.014573 0.809633 0.168489 0.007219
2 2 0.000167 0.015056 0.799958 0.170794 0.014025
2 0 0.002558 0.074260 0.669920 0.074218 0.179044
4 1 0.390519 0.140094 0.062682 0.000223 0.406481
2 2 0.012513 0.375652 0.467284 0.002626 0.141925
2 2 0.001008 0.071535 0.863104 0.033894 0.030459
2 2 0.000649 0.084879 0.785404 0.030120 0.098947
2 2 0.000094 0.023440 0.947134 0.024951 0.004382
2 2 0.000056 0.022896 0.940125 0.013889 0.023033
2 2 0.000139 0.022784 0.852353 0.116063 0.008660
2 2 0.000095 0.028297 0.932383 0.018876 0.020348
2 2 0.000239 0.020423 0.955430 0.008778 0.015130
2 2 0.000216 0.030495 0.940638 0.008473 0.020178
2 2 0.002076 0.222919 0.661307 0.002177 0.111522
1 1 0.231811 0.386454 0.327851 0.000242 0.053642
2 2 0.002354 0.225914 0.632072 0.019239 0.120421
2 2 0.000839 0.100185 0.759894 0.031978 0.107104
2 2 0.000243 0.057679 0.850686 0.018787 0.072605
2 2 0.000063 0.016889 0.960930 0.014635 0.007483
2 2 0.000498 0.031468 0.904910 0.029544 0.033579
2 2 0.000031 0.022685 0.886890 0.075018 0.015377
2 2 0.000026 0.013268 0.955612 0.027827 0.003266
2 2 0.000721 0.062015 0.837335 0.022090 0.077839
2 2 0.000043 0.011765 0.910613 0.074247 0.003332
2 2 0.010600 0.333976 0.587930 0.007231 0.060263
2 1 0.000991 0.073704 0.858583 0.053259 0.013463
2 2 0.012760 0.346322 0.444468 0.006082 0.190368
2 2 0.000404 0.061733 0.884572 0.033409 0.019882
2 2 0.001003 0.091322 0.864694 0.007705 0.035276
2 2 0.001051 0.058320 0.676741 0.133468 0.130421
2 2 0.000451 0.095729 0.861822 0.018231 0.023767
4 2 0.036004 0.343400 0.267626 0.001528 0.351442
2 2 0.000091 0.014142 0.757724 0.213238 0.014804
2 2 0.000123 0.031971 0.921042 0.028485 0.018379
2 2 0.000020 0.021933 0.947245 0.020599 0.010204
2 2 0.000195 0.042917 0.880501 0.053727 0.022661
2 2 0.008715 0.175048 0.709199 0.023338 0.083700
1 1 0.082175 0.567313 0.255991 0.000615 0.093906
1 2 0.045463 0.560677 0.187478 0.000125 0.206257
2 2 0.002146 0.274975 0.562719 0.008378 0.151782
2 2 0.000645 0.044682 0.851572 0.045907 0.057194
2 2 0.000092 0.014079 0.691851 0.290390 0.003588
2 2 0.002600 0.080964 0.879290 0.009806 0.027340
1 1 0.059500 0.490272 0.285453 0.006711 0.158064
0 0 0.591188 0.231537 0.071478 0.000130 0.105668
0 0 0.791081 0.095843 0.030389 0.000022 0.082665
4 0 0.129215 0.138473 0.050978 0.000071 0.681262
0 0 0.706322 0.159207 0.042293 0.000008 0.092170
0 0 0.884951 0.046775 0.017039 0.000050 0.051185
0 0 0.982401 0.011398 0.004878 0.000021 0.001303
0 0 0.985337 0.003436 0.001371 0.000001 0.009855
0 0 0.786960 0.001417 0.001127 0.000166 0.210329
0 0 0.383520 0.297103 0.082117 0.000027 0.237233
0 0 0.917249 0.006578 0.002234 0.000001 0.073939
0 0 0.972641 0.013562 0.006523 0.000115 0.007159
0 0 0.450357 0.200834 0.079299 0.000514 0.268997
4 0 0.059892 0.267228 0.087598 0.000027 0.585255
4 0 0.181880 0.184212 0.066042 0.000053 0.567812
4 0 0.046977 0.270311 0.104020 0.000219 0.578473
4 0 0.030514 0.188610 0.077872 0.000254 0.702751
2 0 0.014608 0.206232 0.389536 0.001142 0.388481
4 0 0.057285 0.307013 0.081825 0.000002 0.553876
4 0 0.031456 0.218911 0.074896 0.000021 0.674716
4 0 0.028197 0.184454 0.098515 0.000144 0.688691
4 0 0.103905 0.184395 0.061301 0.000036 0.650363
4 0 0.047747 0.136366 0.054947 0.000187 0.760754
4 0 0.123517 0.081585 0.022697 0.000001 0.772199
4 0 0.077248 0.054323 0.018154 0.000008 0.850267
2 0 0.018275 0.267733 0.446719 0.002672 0.264600
4 0 0.212875 0.176699 0.051892 0.000013 0.558522
4 0 0.034253 0.128672 0.048859 0.000056 0.788161
4 0 0.090479 0.166878 0.049408 0.000005 0.693230
4 0 0.443795 0.000673 0.000761 0.000116 0.554655
0 0 0.640060 0.012384 0.005123 0.000005 0.342428
4 0 0.090720 0.011840 0.008742 0.000472 0.888226
4 0 0.188892 0.047920 0.020979 0.000029 0.742181
4 0 0.208373 0.048023 0.019919 0.000018 0.723668
2 0 0.013972 0.126183 0.813789 0.026864 0.019192
4 0 0.150248 0.030337 0.010847 0.000003 0.808566
4 0 0.087269 0.014989 0.010823 0.000792 0.886126
4 0 0.217977 0.052463 0.020433 0.000038 0.709090
2 0 0.018350 0.133782 0.646851 0.037278 0.163738
4 0 0.289755 0.048992 0.016682 0.000007 0.644564
4 1 0.062380 0.281980 0.298453 0.001180 0.356006
0 0 0.791016 0.131404 0.064406 0.001880 0.011294
2 1 0.022695 0.248623 0.678888 0.005363 0.044431
4 1 0.018660 0.244189 0.326959 0.000569 0.409623
2 1 0.002827 0.133494 0.718588 0.010201 0.134889
4 1 0.201702 0.130781 0.051828 0.000274 0.615415
4 1 0.042728 0.140916 0.051960 0.000049 0.764348
2 1 0.004273 0.248725 0.398720 0.000924 0.347358
2 1 0.003541 0.156481 0.621983 0.006015 0.211980
4 1 0.043975 0.188100 0.239055 0.000841 0.528029
4 1 0.018466 0.330655 0.118115 0.000043 0.532721
4 1 0.004990 0.195468 0.237894 0.004356 0.557292
2 1 0.001227 0.110350 0.638199 0.022810 0.227414
2 2 0.001543 0.090089 0.742866 0.056411 0.109092
2 2 0.005018 0.151986 0.605769 0.026105 0.211123
4 2 0.006329 0.311732 0.270291 0.004572 0.407077
2 2 0.000608 0.058192 0.785544 0.014434 0.141222
2 2 0.000412 0.092393 0.812887 0.001793 0.092515
2 2 0.000228 0.065633 0.854246 0.052695 0.027198
2 2 0.000458 0.054841 0.878942 0.011148 0.054611
2 2 0.000360 0.033427 0.934722 0.011796 0.019694
2 2 0.002528 0.082682 0.474712 0.002986 0.437091
2 2 0.000505 0.058810 0.824290 0.016931 0.099463
2 2 0.000338 0.030953 0.919855 0.006449 0.042404
2 2 0.000118 0.015569 0.957993 0.014467 0.011853
2 2 0.000022 0.012179 0.955713 0.015629 0.016457
2 2 0.000286 0.056704 0.863029 0.037337 0.042644
2 2 0.000054 0.012862 0.954995 0.015481 0.016608
2 2 0.000060 0.021349 0.923191 0.034405 0.020995
2 2 0.000015 0.018749 0.928893 0.035510 0.016833
2 2 0.000273 0.019175 0.742682 0.195391 0.042479
2 2 0.001314 0.061184 0.741439 0.064477 0.131586
2 2 0.000191 0.032831 0.920735 0.019917 0.026326
2 2 0.000119 0.024171 0.896918 0.064085 0.014707
2 2 0.000147 0.042287 0.891801 0.033030 0.032734
2 2 0.000075 0.025722 0.928382 0.022162 0.023659
2 2 0.000309 0.046392 0.615887 0.292383 0.045029
2 3 0.003368 0.144958 0.730094 0.062315 0.059265
2 3 0.000755 0.061401 0.563886 0.319290 0.054668
2 3 0.000767 0.078011 0.665477 0.191716 0.064029
2 3 0.000321 0.025625 0.620702 0.343012 0.010340
3 3 0.001342 0.026064 0.311612 0.648413 0.012568
2 3 0.000080 0.026339 0.730679 0.226188 0.016714
2 3 0.000077 0.011704 0.603074 0.381660 0.003484
2 3 0.007715 0.172046 0.550971 0.174295 0.094973
3 3 0.006274 0.024864 0.193240 0.767999 0.007623
2 3 0.002844 0.078685 0.783483 0.124140 0.010848
3 3 0.000479 0.018861 0.460260 0.514414 0.005986
3 3 0.002636 0.017998 0.295857 0.680460 0.003048
2 3 0.017718 0.093303 0.582134 0.292592 0.014254
2 3 0.000814 0.036742 0.695600 0.259363 0.007481
2 3 0.000439 0.013419 0.506720 0.475520 0.003901
2 3 0.001132 0.041946 0.573054 0.369494 0.014375
3 3 0.000474 0.012243 0.219784 0.758457 0.009042
2 3 0.001201 0.030688 0.563735 0.397719 0.006656
2 3 0.002637 0.041967 0.575772 0.371884 0.007740
2 3 0.004514 0.041526 0.820019 0.115192 0.018748
3 3 0.023688 0.026303 0.197289 0.737518 0.015203
3 3 0.016586 0.047527 0.306637 0.597168 0.032082
2 3 0.011842 0.058113 0.618922 0.304010 0.007113
3 3 0.001267 0.007319 0.094779 0.892617 0.004019
2 3 0.022738 0.128190 0.604821 0.210535 0.033717
3 3 0.000489 0.005180 0.092985 0.898436 0.002910
2 1 0.004971 0.042455 0.541697 0.405002 0.005875
3 1 0.042377 0.036012 0.337536 0.579514 0.004561
2 2 0.002466 0.079126 0.831332 0.078390 0.008686
4 2 0.006810 0.239992 0.132614 0.004112 0.616472
2 1 0.000353 0.041855 0.801433 0.145273 0.011087
2 2 0.005224 0.183613 0.772610 0.011954 0.026598
2 2 0.001547 0.122241 0.747021 0.004041 0.125149
2 2 0.001747 0.162304 0.765020 0.003634 0.067295
2 2 0.000125 0.035681 0.889066 0.056672 0.018457
2 2 0.001947 0.145679 0.782092 0.020954 0.049328
2 2 0.000108 0.021730 0.968399 0.002042 0.007721
2 1 0.000713 0.083358 0.783126 0.062308 0.070495
2 1 0.087503 0.296489 0.495254 0.010972 0.109781
2 1 0.014458 0.106204 0.679881 0.146982 0.052475
2 2 0.002526 0.269018 0.422902 0.017372 0.288182
2 2 0.003766 0.114331 0.714884 0.034547 0.132473
2 2 0.012660 0.216343 0.612741 0.048970 0.109285
2 2 0.000362 0.073267 0.865727 0.018196 0.042449
2 2 0.000374 0.063841 0.910485 0.003771 0.021530
2 2 0.004073 0.158059 0.526762 0.147437 0.163669
2 2 0.000627 0.139311 0.768806 0.012164 0.079093
2 2 0.000714 0.052582 0.723652 0.180353 0.042699
2 2 0.003584 0.265422 0.581403 0.005432 0.144158
2 2 0.000352 0.056360 0.857833 0.053875 0.031581
2 1 0.155196 0.288174 0.356528 0.000580 0.199522
0 2 0.371253 0.333387 0.169035 0.003214 0.123112
2 2 0.018588 0.267285 0.411691 0.021296 0.281140
2 2 0.001764 0.202094 0.568554 0.041884 0.185703
2 2 0.000213 0.031074 0.778388 0.152007 0.038318
2 2 0.000176 0.061756 0.867525 0.023685 0.046858
2 2 0.001222 0.223256 0.556708 0.003332 0.215482
2 2 0.000644 0.073760 0.880684 0.017407 0.027506
2 2 0.000318 0.048186 0.903125 0.020326 0.028045
2 2 0.001043 0.162824 0.780752 0.010766 0.044615
2 2 0.003865 0.324508 0.479868 0.002433 0.189326
2 2 0.002187 0.187507 0.628860 0.006907 0.174539
2 2 0.001714 0.181796 0.689663 0.018772 0.108054
2 2 0.002675 0.122424 0.769531 0.022917 0.082454
2 2 0.000691 0.114215 0.801375 0.003413 0.080306
2 2 0.001755 0.313120 0.447169 0.004038 0.233917
2 2 0.000739 0.117591 0.751116 0.013606 0.116949
2 2 0.001055 0.136382 0.828057 0.008652 0.025853
1 2 0.009388 0.419559 0.179294 0.000476 0.391283
2 2 0.001436 0.096022 0.866856 0.008395 0.027290
3 2 0.003561 0.057446 0.377566 0.499622 0.061806
2 2 0.000014 0.017577 0.965666 0.013253 0.003489
2 2 0.004289 0.237779 0.577114 0.010760 0.170058
2 2 0.001268 0.125692 0.846419 0.008616 0.018005
2 2 0.001036 0.150314 0.799011 0.003832 0.045807
2 2 0.002820 0.146421 0.793634 0.014522 0.042603
2 2 0.000380 0.070999 0.878006 0.033958 0.016657
2 2 0.000972 0.124109 0.766516 0.008115 0.100288
2 1 0.045244 0.279866 0.439102 0.023363 0.212425
0 1 0.837828 0.086214 0.035219 0.000402 0.040337
2 2 0.000520 0.155169 0.646306 0.030927 0.167078
2 2 0.003676 0.233373 0.464443 0.048603 0.249905
2 2 0.000568 0.088982 0.729246 0.079869 0.101336
2 2 0.000625 0.046467 0.776744 0.164875 0.011290
2 2 0.000538 0.069988 0.681530 0.195386 0.052559
2 2 0.001280 0.147267 0.808381 0.012893 0.030178
2 2 0.000335 0.051735 0.842012 0.064321 0.041597
2 2 0.025160 0.241265 0.490449 0.002794 0.240333
2 4 0.000316 0.090720 0.771558 0.037734 0.099672
2 4 0.015459 0.263615 0.415229 0.000613 0.305083
4 4 0.009665 0.098711 0.336303 0.024151 0.531170
4 4 0.023545 0.015942 0.012446 0.000600 0.947468
4 4 0.072891 0.055263 0.058134 0.006870 0.806842
4 4 0.135598 0.104572 0.037340 0.000035 0.722455
4 0 0.004628 0.192541 0.381078 0.001767 0.419986
0 1 0.677341 0.222622 0.080020 0.000240 0.019777
