0 0 0.723980 0.079831 0.028406 0.000160 0.167624
0 0 0.912085 0.045978 0.024569 0.000094 0.017275
0 0 0.760231 0.039014 0.018196 0.000168 0.182391
4 0 0.080854 0.053830 0.034051 0.000709 0.830556
0 0 0.900146 0.056841 0.016444 0.000066 0.026504
4 0 0.421772 0.037822 0.013373 0.000013 0.527019
0 0 0.787508 0.099877 0.055206 0.000439 0.056970
0 0 0.682827 0.053348 0.015888 0.000011 0.247925
0 0 0.439210 0.263961 0.063943 0.000069 0.232816
4 0 0.012591 0.127924 0.136873 0.000151 0.722461
0 0 0.620822 0.118734 0.099017 0.002037 0.159391
4 0 0.264160 0.127355 0.198699 0.005083 0.404703
0 0 0.750557 0.039439 0.019520 0.000498 0.189986
0 0 0.834993 0.043462 0.004918 0.000000 0.116627
0 0 0.686000 0.052786 0.021644 0.000161 0.239409
0 0 0.770162 0.017296 0.007766 0.000036 0.204740
4 0 0.222179 0.080785 0.057957 0.001829 0.637250
0 0 0.875356 0.022738 0.004301 0.000000 0.097605
0 0 0.927409 0.032039 0.014493 0.000351 0.025707
0 0 0.932522 0.011948 0.006134 0.000168 0.049227
0 0 0.986416 0.009410 0.003049 0.000062 0.001062
0 0 0.768873 0.124225 0.051345 0.000775 0.054782
0 0 0.803344 0.096580 0.036376 0.000881 0.062819
0 0 0.574931 0.245686 0.102327 0.000450 0.076606
0 0 0.645172 0.124423 0.037289 0.000089 0.193027
0 0 0.493452 0.166125 0.065168 0.001202 0.274053
4 1 0.164640 0.155547 0.056700 0.000061 0.623052
4 0 0.122678 0.246915 0.053465 0.000014 0.576928
4 0 0.115955 0.092248 0.066539 0.000336 0.724923
0 0 0.825314 0.092689 0.021401 0.000014 0.060581
4 1 0.269360 0.070316 0.036611 0.000555 0.623158
4 1 0.071560 0.093259 0.031282 0.000060 0.803839
4 1 0.070119 0.109344 0.041859 0.000259 0.778420
4 1 0.018750 0.186428 0.144991 0.000337 0.649494
4 1 0.021655 0.329828 0.188504 0.000409 0.459604
4 1 0.019193 0.075986 0.094135 0.000303 0.810384
4 1 0.024452 0.127414 0.192911 0.000711 0.654511
4 1 0.040601 0.045580 0.025888 0.000139 0.887792
4 4 0.045814 0.087329 0.043398 0.000189 0.823270
4 4 0.022875 0.107196 0.113525 0.001463 0.754941
4 4 0.047777 0.163581 0.083555 0.000567 0.704521
4 4 0.014912 0.037078 0.076645 0.000904 0.870461
4 4 0.059985 0.042688 0.052935 0.001587 0.842806
4 4 0.067797 0.061840 0.030579 0.000003 0.839782
4 4 0.011499 0.124475 0.310622 0.001354 0.552050
4 4 0.146852 0.070672 0.036675 0.001128 0.744673
4 4 0.025224 0.093509 0.078055 0.000454 0.802757
4 4 0.033043 0.141547 0.148353 0.000656 0.676401
4 4 0.026854 0.126538 0.078139 0.000160 0.768310
4 4 0.015640 0.116291 0.070774 0.000006 0.797289
4 4 0.011784 0.179205 0.190693 0.000109 0.618208
4 4 0.037192 0.138135 0.069019 0.000168 0.755485
4 4 0.033015 0.160310 0.066595 0.000051 0.740028
4 4 0.014337 0.264234 0.164349 0.000020 0.557059
4 4 0.023160 0.114068 0.092411 0.000376 0.769986
4 4 0.051032 0.244095 0.077143 0.000104 0.627626
4 4 0.051900 0.039989 0.016368 0.000051 0.891692
4 4 0.040087 0.033284 0.018008 0.000080 0.908541
4 4 0.016317 0.126066 0.063720 0.000010 0.793887
4 4 0.007851 0.176440 0.247058 0.000110 0.568541
2 4 0.004943 0.119602 0.444362 0.000329 0.430764
4 4 0.013623 0.260543 0.271898 0.000494 0.453442
4 4 0.046769 0.206546 0.057639 0.000011 0.689035
4 4 0.002553 0.160697 0.412186 0.000057 0.424507
4 4 0.025316 0.268801 0.245105 0.002019 0.458759
4 4 0.019970 0.080188 0.094297 0.001139 0.804406
4 4 0.032667 0.194142 0.098614 0.000204 0.674373
4 4 0.047166 0.053941 0.034828 0.000228 0.863837
4 4 0.028766 0.094741 0.124051 0.001823 0.750619
4 4 0.033963 0.091215 0.150767 0.001821 0.722234
4 4 0.019425 0.135826 0.087221 0.000039 0.757490
4 1 0.007488 0.206817 0.259312 0.000027 0.526355
4 1 0.013651 0.129872 0.215738 0.005204 0.635535
4 1 0.012588 0.094118 0.143138 0.000689 0.749466
4 1 0.023023 0.088427 0.077605 0.000102 0.810843
4 1 0.034728 0.057863 0.040087 0.000291 0.867031
4 1 0.014512 0.095582 0.157830 0.003467 0.728609
4 0 0.205827 0.145342 0.037540 0.000017 0.611273
1 0 0.223111 0.400115 0.182757 0.000303 0.193714
0 0 0.839800 0.103215 0.013223 0.000000 0.043763
0 0 0.999833 0.000135 0.000030 0.000000 0.000001
0 0 0.999992 0.000007 0.000000 0.000000 0.000000
1 0 0.159078 0.520687 0.189237 0.000030 0.130968
0 0 0.754340 0.112646 0.052024 0.000130 0.080860
0 0 1.000000 0.000000 0.000000 0.000000 0.000000
0 0 0.496265 0.345776 0.045392 0.000001 0.112566
0 0 0.420562 0.209136 0.067755 0.000207 0.302340
4 0 0.303498 0.175806 0.051381 0.000082 0.469233
4 0 0.279641 0.176841 0.050009 0.000062 0.493448
2 0 0.228155 0.338721 0.374217 0.000622 0.058284
2 0 0.001781 0.137999 0.725101 0.000056 0.135063
4 0 0.043268 0.115022 0.234528 0.011490 0.595692
2 0 0.035252 0.235916 0.621081 0.000669 0.107082
4 0 0.329235 0.084460 0.060600 0.000446 0.525258
4 0 0.446631 0.059703 0.029933 0.000691 0.463042
2 0 0.016976 0.243674 0.461450 0.000667 0.277233
0 0 0.973300 0.008126 0.004782 0.000731 0.013061
4 0 0.314450 0.138050 0.068883 0.001226 0.477390
4 0 0.348776 0.122034 0.053231 0.000067 0.475892
4 0 0.164259 0.133765 0.048736 0.000191 0.653049
4 0 0.469235 0.013922 0.006194 0.000011 0.510639
0 0 0.900299 0.039469 0.011815 0.000024 0.048393
4 0 0.380118 0.082399 0.039340 0.000886 0.497257
0 0 0.604219 0.110760 0.059415 0.003279 0.222328
0 0 0.787731 0.111247 0.051249 0.001237 0.048536
0 0 0.666873 0.051080 0.023701 0.000396 0.257951
0 0 0.730274 0.056471 0.023127 0.000222 0.189906
0 0 0.947848 0.014952 0.005788 0.000038 0.031374
4 0 0.260758 0.060405 0.022978 0.000049 0.655810
0 0 0.717386 0.084972 0.028708 0.000118 0.168816
4 0 0.418138 0.098931 0.029704 0.000029 0.453197
4 1 0.203142 0.099595 0.025643 0.000007 0.671612
4 1 0.243092 0.221909 0.056047 0.000041 0.478911
4 1 0.045589 0.088896 0.025040 0.000010 0.840466
4 0 0.023345 0.219553 0.356709 0.004645 0.395748
4 0 0.246821 0.023758 0.011092 0.000043 0.718287
0 0 0.526749 0.044633 0.017499 0.000052 0.411067
4 0 0.211029 0.048439 0.034074 0.000213 0.706245
1 0 0.378378 0.379676 0.067650 0.000015 0.174280
4 0 0.353071 0.070037 0.033449 0.000594 0.542848
4 1 0.142011 0.053953 0.022519 0.000101 0.781416
4 4 0.046495 0.029132 0.008846 0.000002 0.915525
4 4 0.013650 0.082179 0.319877 0.000285 0.584009
0 4 0.778231 0.054913 0.016497 0.000019 0.150340
0 0 0.813793 0.043818 0.014540 0.000031 0.127818
4 0 0.407297 0.053809 0.021567 0.000080 0.517247
0 0 0.482185 0.218633 0.077086 0.000817 0.221280
2 0 0.111476 0.339844 0.429223 0.000823 0.118633
1 0 0.246119 0.320450 0.137076 0.000160 0.296196
0 0 0.962983 0.003786 0.001943 0.000022 0.031267
0 0 0.964033 0.000997 0.000636 0.000007 0.034327
0 0 0.814285 0.088559 0.027716 0.000144 0.069296
0 0 0.713276 0.068096 0.023560 0.000079 0.194989
0 0 0.661579 0.084265 0.022429 0.000012 0.231715
0 0 0.813832 0.075446 0.020436 0.000024 0.090261
4 4 0.228116 0.156645 0.029416 0.000001 0.585822
4 4 0.069014 0.037481 0.014279 0.000023 0.879202
4 4 0.046693 0.268726 0.074000 0.000044 0.610538
4 4 0.009053 0.182933 0.108801 0.000007 0.699207
2 4 0.007026 0.241367 0.469218 0.000721 0.281668
4 4 0.017792 0.253230 0.099847 0.000011 0.629120
4 2 0.010070 0.181087 0.333403 0.001752 0.473689
2 2 0.005370 0.224888 0.437775 0.000349 0.331618
4 2 0.008661 0.237042 0.376355 0.000056 0.377886
4 2 0.007263 0.185863 0.257396 0.000028 0.549451
2 2 0.001351 0.098970 0.823359 0.002440 0.073880
2 2 0.009390 0.229322 0.443332 0.000246 0.317710
2 2 0.002228 0.088949 0.826630 0.014891 0.067302
4 2 0.016132 0.238403 0.206086 0.000100 0.539279
2 2 0.006830 0.058389 0.842839 0.053506 0.038436
2 2 0.004436 0.102489 0.699549 0.016004 0.177522
2 2 0.000603 0.028463 0.802179 0.153599 0.015155
4 2 0.011173 0.073855 0.089922 0.000027 0.825022
2 2 0.003520 0.159125 0.543551 0.000440 0.293363
2 2 0.003878 0.114538 0.698127 0.005705 0.177752
4 2 0.019967 0.117394 0.197391 0.000609 0.664639
2 2 0.007624 0.182571 0.552354 0.001237 0.256214
2 2 0.000493 0.019605 0.830141 0.050159 0.099603
2 2 0.003598 0.177294 0.596190 0.000334 0.222584
2 2 0.000940 0.038459 0.830094 0.054879 0.075628
4 1 0.172031 0.272738 0.218918 0.000552 0.335760
2 1 0.007234 0.198524 0.438406 0.001148 0.354688
2 2 0.000502 0.065379 0.902986 0.001472 0.029661
4 1 0.033628 0.064413 0.047610 0.000408 0.853940
2 2 0.002920 0.114641 0.771322 0.016335 0.094782
2 2 0.000050 0.016169 0.970818 0.009672 0.003291
2 2 0.000373 0.045019 0.907588 0.032839 0.014181
2 2 0.022009 0.080210 0.672643 0.202099 0.023039
2 2 0.000868 0.024734 0.709738 0.258216 0.006445
2 2 0.010110 0.190713 0.508999 0.003228 0.286950
0 1 0.403500 0.254400 0.152294 0.001145 0.188661
4 1 0.206161 0.063130 0.022041 0.000030 0.708638
4 4 0.036347 0.121938 0.156789 0.004893 0.680033
0 0 0.791382 0.151356 0.038471 0.000252 0.018538
0 0 0.630407 0.196779 0.061373 0.000531 0.110910
2 0 0.005120 0.067631 0.896043 0.002561 0.028645
0 0 0.717220 0.085798 0.133727 0.002339 0.060917
0 0 0.768016 0.117299 0.097037 0.003487 0.014161
2 0 0.019697 0.169306 0.781071 0.011692 0.018234
2 0 0.212131 0.114407 0.407959 0.021770 0.243734
2 0 0.039312 0.210810 0.688916 0.016412 0.044550
0 0 0.546171 0.241341 0.155456 0.001526 0.055506
4 1 0.235660 0.274036 0.076810 0.000176 0.413318
4 1 0.084196 0.176345 0.038145 0.000006 0.701308
0 1 0.555602 0.128750 0.050716 0.000730 0.264202
4 1 0.087283 0.195866 0.036442 0.000002 0.680406
4 1 0.072026 0.107537 0.034955 0.000041 0.785441
4 1 0.027794 0.262856 0.061773 0.000003 0.647575
4 1 0.027074 0.217314 0.131315 0.000100 0.624197
4 1 0.012225 0.172211 0.355879 0.003842 0.455844
2 2 0.000756 0.089762 0.836381 0.000892 0.072209
4 2 0.010357 0.182204 0.294328 0.000187 0.512924
2 2 0.005455 0.223714 0.638299 0.001360 0.131172
4 2 0.028685 0.158860 0.180902 0.000854 0.630699
2 2 0.005459 0.142765 0.616898 0.040298 0.194581
2 2 0.002209 0.150545 0.738087 0.001021 0.108138
2 2 0.002861 0.174397 0.638698 0.001675 0.182370
2 2 0.000404 0.059631 0.867562 0.001301 0.071101
2 2 0.016130 0.213714 0.410760 0.001025 0.358370
2 2 0.011559 0.183414 0.398981 0.010714 0.395333
4 2 0.014593 0.145861 0.328550 0.001636 0.509360
2 2 0.000351 0.054911 0.903251 0.007649 0.033838
4 2 0.007145 0.213629 0.316941 0.000227 0.462057
2 2 0.000734 0.066343 0.892522 0.008600 0.031801
2 2 0.013783 0.322947 0.377885 0.000223 0.285161
4 1 0.030823 0.103084 0.068271 0.000283 0.797539
2 2 0.000322 0.029238 0.886564 0.068123 0.015754
2 2 0.000150 0.025007 0.911987 0.045190 0.017666
2 2 0.000977 0.076420 0.858815 0.000987 0.062801
2 2 0.000431 0.034567 0.914189 0.040226 0.010587
2 2 0.001031 0.076970 0.895862 0.005451 0.020686
2 2 0.004164 0.055044 0.632241 0.236449 0.072102
2 2 0.000137 0.021764 0.894131 0.072480 0.011488
2 2 0.000412 0.014589 0.724273 0.258911 0.001816
2 2 0.000380 0.014786 0.794688 0.188863 0.001283
2 2 0.040734 0.177510 0.660192 0.071245 0.050319
2 2 0.001774 0.104697 0.794583 0.010554 0.088393
2 2 0.000015 0.004254 0.932522 0.062780 0.000428
2 2 0.000033 0.003332 0.911745 0.084773 0.000116
2 2 0.003940 0.045572 0.738353 0.203249 0.008886
2 2 0.000341 0.005580 0.694942 0.298965 0.000172
3 3 0.002569 0.021478 0.429769 0.543191 0.002993
3 3 0.000005 0.001409 0.478759 0.518213 0.001614
2 2 0.001724 0.032362 0.880440 0.082312 0.003162
3 2 0.006189 0.007184 0.320617 0.665919 0.000090
3 3 0.000002 0.000156 0.286658 0.713158 0.000027
2 3 0.001424 0.010201 0.533969 0.453977 0.000429
3 3 0.000055 0.000042 0.013777 0.986123 0.000002
3 3 0.000123 0.002139 0.338630 0.658834 0.000274
3 3 0.000075 0.001084 0.239479 0.759218 0.000144
3 3 0.013489 0.005094 0.072832 0.908359 0.000226
3 3 0.000006 0.000115 0.458049 0.541829 0.000001
3 3 0.020631 0.003669 0.023331 0.952019 0.000349
3 3 0.002072 0.000710 0.022439 0.974727 0.000052
3 3 0.001096 0.000339 0.007023 0.991449 0.000093
2 3 0.200472 0.146510 0.434648 0.180756 0.037614
2 2 0.008830 0.109938 0.611191 0.197376 0.072665
3 3 0.000998 0.004451 0.476050 0.518423 0.000078
3 3 0.008699 0.003255 0.041340 0.946428 0.000278
2 3 0.000323 0.007570 0.597814 0.393536 0.000756
3 3 0.003094 0.009135 0.251822 0.735287 0.000662
3 3 0.000602 0.003474 0.121165 0.873521 0.001238
3 3 0.003659 0.008737 0.278444 0.708767 0.000393
3 3 0.000005 0.000027 0.046677 0.953289 0.000001
3 3 0.127983 0.033592 0.134731 0.699657 0.004037
3 3 0.003263 0.008270 0.180024 0.807142 0.001301
3 3 0.036149 0.009411 0.170917 0.783445 0.000078
3 3 0.002517 0.004126 0.154156 0.838975 0.000226
3 3 0.003288 0.000450 0.004802 0.991256 0.000204
3 3 0.000094 0.000079 0.008185 0.991624 0.000019
3 3 0.000409 0.000007 0.000208 0.999375 0.000001
3 3 0.066192 0.021702 0.091970 0.818268 0.001869
3 3 0.003096 0.002672 0.054624 0.939289 0.000319
3 3 0.000415 0.000132 0.005733 0.993693 0.000028
2 3 0.007920 0.039303 0.471725 0.463278 0.017773
0 2 0.452368 0.193502 0.151847 0.005584 0.196699
2 1 0.001138 0.101654 0.825413 0.004841 0.066954
2 2 0.001296 0.087222 0.873003 0.014684 0.023795
2 2 0.005505 0.160106 0.589503 0.007752 0.237135
4 1 0.106225 0.184554 0.098866 0.001359 0.608997
4 1 0.192839 0.100614 0.042020 0.000069 0.664458
0 0 0.478056 0.290852 0.148174 0.009737 0.073180
4 1 0.056561 0.132223 0.055051 0.000147 0.756019
4 1 0.024595 0.161097 0.142032 0.000468 0.671807
4 1 0.015339 0.290852 0.269542 0.000660 0.423607
4 1 0.283882 0.127349 0.046149 0.000223 0.542398
4 1 0.058893 0.040100 0.012839 0.000007 0.888161
4 1 0.074353 0.152160 0.048330 0.000115 0.725041
4 1 0.043442 0.292362 0.048066 0.000003 0.616127
4 1 0.048316 0.133509 0.049136 0.000075 0.768963
4 1 0.090469 0.165950 0.049772 0.000085 0.693724
4 1 0.049170 0.215955 0.070395 0.000074 0.664406
4 1 0.050908 0.062282 0.020586 0.000023 0.866201
4 0 0.086635 0.079847 0.022296 0.000009 0.811213
4 0 0.103070 0.050422 0.020655 0.000065 0.825788
4 0 0.031017 0.047070 0.034225 0.000214 0.887473
4 1 0.068964 0.148258 0.050064 0.000183 0.732532
4 1 0.027598 0.234881 0.232701 0.002502 0.502317
4 1 0.048431 0.158204 0.068328 0.000225 0.724811
4 1 0.024040 0.232044 0.134861 0.000228 0.608827
4 1 0.021555 0.263186 0.166405 0.000194 0.548659
4 1 0.025120 0.103256 0.075734 0.000156 0.795733
4 1 0.032806 0.214541 0.105735 0.000212 0.646705
4 1 0.013334 0.192865 0.161856 0.000185 0.631760
2 1 0.008480 0.254951 0.376845 0.002213 0.357511
4 4 0.046539 0.059214 0.035560 0.000371 0.858316
4 4 0.018029 0.153349 0.101498 0.000084 0.727041
4 4 0.006232 0.158251 0.395883 0.003228 0.436407
4 4 0.013710 0.067788 0.063455 0.000080 0.854967
4 4 0.057879 0.088606 0.029371 0.000050 0.824094
4 4 0.020166 0.220011 0.186747 0.000358 0.572718
4 4 0.037902 0.305504 0.112767 0.000153 0.543674
4 4 0.047409 0.228031 0.060241 0.000027 0.664292
4 4 0.021316 0.213556 0.207460 0.000672 0.556996
4 4 0.061090 0.095875 0.026239 0.000012 0.816784
4 4 0.036914 0.205523 0.112890 0.000533 0.644139
4 4 0.057190 0.359183 0.136990 0.000564 0.446074
4 4 0.111354 0.133291 0.037671 0.000030 0.717654
4 4 0.017068 0.111359 0.087947 0.000116 0.783509
4 4 0.114551 0.121447 0.038516 0.000064 0.725422
4 4 0.071260 0.170144 0.057294 0.000247 0.701055
0 4 0.555092 0.344297 0.054815 0.000001 0.045794
4 4 0.196796 0.063869 0.035741 0.001019 0.702574
4 4 0.183070 0.016058 0.009117 0.000094 0.791661
4 4 0.040859 0.220946 0.081675 0.000095 0.656426
4 4 0.049246 0.144039 0.039518 0.000014 0.767182
4 4 0.117961 0.040587 0.013933 0.000011 0.827508
4 4 0.007327 0.219162 0.217255 0.000032 0.556225
4 4 0.019966 0.187398 0.097423 0.000043 0.695170
4 4 0.054533 0.065546 0.037505 0.000539 0.841876
4 0 0.385978 0.079066 0.026229 0.000038 0.508689
0 0 0.861616 0.021461 0.005406 0.000001 0.111516
4 0 0.332469 0.020420 0.011087 0.000113 0.635911
0 0 0.825279 0.068009 0.020285 0.000045 0.086382
0 0 0.714985 0.096666 0.034432 0.000261 0.153656
4 0 0.077136 0.008614 0.004565 0.000015 0.909669
0 0 0.445077 0.135886 0.034451 0.000016 0.384569
4 0 0.107894 0.128341 0.035478 0.000023 0.728263
4 1 0.151211 0.331413 0.077846 0.000064 0.439467
4 1 0.058425 0.279153 0.046212 0.000002 0.616208
4 0 0.089603 0.184971 0.051671 0.000058 0.673696
4 1 0.047556 0.228665 0.086711 0.000196 0.636872
4 1 0.012198 0.181809 0.275096 0.000620 0.530277
4 2 0.012657 0.203975 0.369922 0.005784 0.407663
2 2 0.001966 0.133980 0.598490 0.000302 0.265262
4 2 0.010701 0.277159 0.295288 0.000353 0.416499
2 2 0.000808 0.068654 0.868905 0.002404 0.059228
4 2 0.008760 0.102487 0.319920 0.000252 0.568580
2 2 0.005544 0.128705 0.446924 0.001448 0.417379
2 2 0.001389 0.089381 0.749036 0.000157 0.160037
2 2 0.001393 0.129868 0.688341 0.000092 0.180306
2 2 0.003719 0.194482 0.631942 0.000918 0.168939
4 2 0.022560 0.197072 0.144315 0.000491 0.635562
2 2 0.005357 0.188522 0.589672 0.000709 0.215740
2 2 0.000189 0.041020 0.934488 0.000749 0.023554
2 2 0.000967 0.057349 0.840625 0.000721 0.100337
2 2 0.006937 0.231978 0.594422 0.000847 0.165817
2 2 0.000390 0.050620 0.911271 0.001892 0.035827
2 2 0.002568 0.115889 0.746836 0.003261 0.131447
2 2 0.000188 0.043278 0.922009 0.000454 0.034071
2 0 0.173093 0.291141 0.337534 0.020204 0.178027
4 1 0.046669 0.133036 0.072233 0.000537 0.747525
2 2 0.000841 0.062392 0.843112 0.000414 0.093241
2 2 0.001059 0.093547 0.801227 0.000391 0.103776
2 2 0.004726 0.184806 0.682780 0.001751 0.125937
2 2 0.004836 0.176451 0.566822 0.001199 0.250691
2 2 0.002144 0.145788 0.744362 0.007240 0.100466
2 2 0.000055 0.020899 0.965892 0.001239 0.011915
2 2 0.002589 0.093035 0.740837 0.010781 0.152758
2 2 0.007735 0.162217 0.450792 0.003759 0.375498
2 2 0.000277 0.036052 0.934185 0.012578 0.016908
2 2 0.001846 0.083207 0.740899 0.009380 0.164668
4 1 0.013882 0.285470 0.346595 0.000282 0.353771
4 2 0.017476 0.154351 0.259894 0.007585 0.560693
4 1 0.024332 0.050963 0.057113 0.000813 0.866780
2 2 0.000037 0.015581 0.971611 0.006432 0.006340
2 2 0.000321 0.044373 0.901464 0.015794 0.038046
4 2 0.012734 0.129589 0.406542 0.011869 0.439266
2 2 0.000446 0.057718 0.914072 0.009085 0.018680
2 2 0.000429 0.061267 0.895695 0.010872 0.031737
2 2 0.001227 0.112772 0.798841 0.000784 0.086376
2 2 0.000173 0.037865 0.936304 0.005937 0.019722
2 2 0.000670 0.076585 0.867064 0.017503 0.038178
2 2 0.002158 0.073646 0.794095 0.081274 0.048827
2 2 0.000091 0.024272 0.955953 0.011015 0.008670
2 2 0.000977 0.067894 0.856504 0.020847 0.053778
2 1 0.066897 0.235996 0.527450 0.000136 0.169521
2 2 0.000862 0.080948 0.809507 0.029694 0.078989
2 2 0.000407 0.045663 0.911642 0.017920 0.024368
2 2 0.002220 0.076546 0.650136 0.123380 0.147717
2 0 0.087427 0.256524 0.582160 0.019045 0.054843
4 1 0.028763 0.097197 0.075962 0.000513 0.797566
2 2 0.000240 0.035097 0.912520 0.019977 0.032166
2 2 0.000848 0.055078 0.828737 0.066499 0.048837
2 2 0.002216 0.050638 0.693252 0.030754 0.223141
2 2 0.001878 0.099852 0.752893 0.000950 0.144426
2 2 0.001204 0.088795 0.867941 0.002195 0.039865
2 2 0.000499 0.071773 0.797180 0.000037 0.130511
2 2 0.000945 0.078688 0.847998 0.018365 0.054004
2 2 0.000321 0.053063 0.917892 0.001885 0.026838
2 2 0.032728 0.236716 0.636954 0.006820 0.086781
4 1 0.015630 0.237917 0.350163 0.008208 0.388082
2 2 0.007295 0.141320 0.498290 0.088393 0.264703
2 2 0.032923 0.223634 0.373454 0.000484 0.369505
4 1 0.263556 0.093651 0.040335 0.000455 0.602003
4 1 0.092682 0.146446 0.050574 0.000053 0.710244
2 2 0.002981 0.125751 0.735162 0.028076 0.108029
2 2 0.004130 0.130534 0.672944 0.032117 0.160274
2 2 0.003121 0.094528 0.653129 0.012073 0.237149
4 1 0.029803 0.219256 0.172356 0.002430 0.576155
4 0 0.194875 0.161951 0.267870 0.041575 0.333729
0 0 0.674736 0.129080 0.049040 0.000870 0.146274
0 0 0.420732 0.250244 0.066397 0.000119 0.262508
4 1 0.108689 0.333616 0.103189 0.000668 0.453838
4 1 0.069320 0.249354 0.083344 0.000431 0.597551
2 1 0.023095 0.345579 0.346801 0.023623 0.260902
4 1 0.064358 0.274521 0.123434 0.002263 0.535424
4 1 0.063602 0.116140 0.053914 0.000556 0.765788
4 1 0.054910 0.101883 0.074583 0.003362 0.765263
2 2 0.020114 0.233739 0.376690 0.044607 0.324850
2 2 0.001266 0.107668 0.828279 0.008059 0.054728
2 2 0.000363 0.051384 0.917151 0.009518 0.021583
2 1 0.005289 0.190140 0.619299 0.001530 0.183742
4 2 0.046808 0.189196 0.142686 0.006341 0.614968
2 2 0.000254 0.034600 0.928181 0.019183 0.017782
2 2 0.000857 0.088507 0.864148 0.002656 0.043832
2 2 0.017946 0.336556 0.373782 0.000914 0.270801
2 2 0.031868 0.127093 0.800494 0.020111 0.020434
2 2 0.010157 0.283266 0.503950 0.000542 0.202086
2 2 0.000341 0.040705 0.920699 0.020047 0.018208
2 2 0.002181 0.076924 0.774532 0.123208 0.023155
1 2 0.040229 0.434335 0.223691 0.002824 0.298922
2 2 0.000115 0.022392 0.942729 0.028664 0.006101
2 2 0.001837 0.126208 0.811423 0.008138 0.052393
2 2 0.004189 0.084768 0.872926 0.028330 0.009786
2 2 0.000679 0.050906 0.921644 0.014827 0.011945
2 2 0.000491 0.057927 0.915022 0.012136 0.014424
2 2 0.001420 0.029929 0.927631 0.037271 0.003750
2 2 0.001238 0.070963 0.852796 0.044614 0.030389
2 2 0.002649 0.106899 0.774850 0.051741 0.063861
2 2 0.002050 0.039202 0.618369 0.328958 0.011422
2 2 0.036317 0.130681 0.785384 0.043578 0.004040
2 2 0.000756 0.054422 0.868667 0.068425 0.007730
2 2 0.000094 0.023092 0.917659 0.049345 0.009810
2 2 0.000997 0.051512 0.735131 0.186433 0.025927
2 2 0.002605 0.077380 0.850937 0.062271 0.006808
2 2 0.006365 0.102158 0.834334 0.044587 0.012557
2 2 0.000167 0.018411 0.936114 0.043874 0.001434
2 2 0.000251 0.030058 0.869265 0.085485 0.014940
2 2 0.002038 0.065408 0.881634 0.040944 0.009976
3 2 0.002804 0.024863 0.421874 0.546023 0.004437
2 2 0.001061 0.068170 0.808993 0.078495 0.043281
2 2 0.026759 0.065275 0.645240 0.261533 0.001193
2 2 0.012374 0.033883 0.544543 0.408085 0.001115
2 2 0.000013 0.005126 0.931035 0.062947 0.000879
2 2 0.001651 0.085161 0.854818 0.029242 0.029129
2 2 0.005639 0.027467 0.654679 0.311508 0.000706
2 2 0.000321 0.027929 0.826574 0.125522 0.019654
2 2 0.000498 0.023370 0.846197 0.127855 0.002079
2 2 0.004982 0.026681 0.523591 0.443255 0.001492
2 2 0.003830 0.018109 0.611924 0.365707 0.000430
2 3 0.000970 0.046416 0.872558 0.075781 0.004274
2 2 0.005612 0.212620 0.651360 0.001567 0.128841
2 2 0.002249 0.143180 0.774292 0.008744 0.071534
2 2 0.000445 0.027588 0.919083 0.051169 0.001715
2 2 0.025098 0.121697 0.689573 0.124422 0.039210
0 0 0.532281 0.310088 0.095083 0.000497 0.062051
4 1 0.030467 0.204227 0.211972 0.004020 0.549313
2 2 0.004512 0.211448 0.566501 0.002128 0.215411
2 1 0.002934 0.140495 0.738433 0.002262 0.115875
2 2 0.000351 0.041056 0.862886 0.072341 0.023365
2 2 0.005903 0.215196 0.484307 0.000482 0.294113
4 2 0.020278 0.126586 0.103689 0.000299 0.749148
1 1 0.116094 0.404334 0.164129 0.001508 0.313934
2 1 0.012734 0.306019 0.343575 0.001042 0.336629
2 1 0.002169 0.134416 0.782476 0.010317 0.070622
2 2 0.008476 0.217145 0.465719 0.000210 0.308451
4 1 0.044346 0.252415 0.105002 0.000320 0.597917
4 1 0.018493 0.175531 0.229671 0.004479 0.571826
4 1 0.012050 0.292859 0.298589 0.000173 0.396328
2 2 0.019841 0.331665 0.447436 0.000264 0.200793
2 2 0.000537 0.066889 0.895303 0.008880 0.028391
2 2 0.000439 0.056919 0.918992 0.006258 0.017392
4 1 0.022849 0.226918 0.167572 0.000369 0.582292
2 2 0.006397 0.245273 0.506021 0.000293 0.242016
2 2 0.000482 0.059663 0.894944 0.007505 0.037407
2 2 0.001032 0.113723 0.717276 0.000047 0.167923
2 2 0.009735 0.235734 0.382657 0.000872 0.371001
2 2 0.000566 0.060194 0.894165 0.008255 0.036820
2 2 0.010785 0.252163 0.388463 0.001875 0.346714
2 2 0.000289 0.054108 0.905720 0.000162 0.039721
2 2 0.000861 0.097375 0.815125 0.000583 0.086055
2 2 0.001550 0.123891 0.793305 0.002944 0.078310
2 2 0.003329 0.169716 0.720210 0.001145 0.105600
4 2 0.009161 0.222807 0.160686 0.000003 0.607343
2 2 0.012128 0.308758 0.445900 0.003414 0.229800
2 2 0.000141 0.032660 0.951700 0.002226 0.013274
2 2 0.001776 0.145117 0.553124 0.000111 0.299871
2 2 0.001041 0.080486 0.862550 0.018092 0.037831
2 2 0.002811 0.174239 0.489507 0.000167 0.333276
2 2 0.003457 0.187810 0.634188 0.002599 0.171946
2 2 0.000240 0.037811 0.946184 0.001394 0.014371
2 2 0.001391 0.127333 0.718275 0.000491 0.152511
2 2 0.000291 0.046476 0.896003 0.038964 0.018267
2 2 0.003056 0.182338 0.591081 0.000190 0.223335
4 1 0.090080 0.086258 0.093902 0.018107 0.711652
4 1 0.040576 0.164279 0.130711 0.003969 0.660465
4 1 0.064376 0.105759 0.048173 0.000468 0.781223
2 1 0.015385 0.221701 0.401950 0.025293 0.335671
4 1 0.022831 0.299123 0.165564 0.000155 0.512327
2 1 0.008095 0.232443 0.457677 0.001072 0.300714
2 2 0.005727 0.170299 0.453284 0.000476 0.370214
4 2 0.011321 0.289264 0.324788 0.000571 0.374056
4 1 0.030524 0.157794 0.071903 0.000064 0.739715
4 1 0.020231 0.160348 0.129120 0.000396 0.689906
4 2 0.021128 0.289439 0.190667 0.000224 0.498541
2 2 0.000715 0.083970 0.865397 0.000259 0.049660
2 2 0.006984 0.245327 0.375752 0.000155 0.371782
2 2 0.000284 0.050153 0.922754 0.000763 0.026046
4 1 0.016494 0.114021 0.097489 0.000166 0.771830
2 2 0.008427 0.239958 0.379991 0.000196 0.371428
4 2 0.011158 0.202957 0.385493 0.000651 0.399742
2 2 0.001440 0.121899 0.789644 0.001088 0.085928
2 2 0.001125 0.097512 0.819856 0.000937 0.080570
2 2 0.011054 0.211693 0.394959 0.001289 0.381006
0 0 0.953809 0.015371 0.004723 0.000007 0.026090
4 4 0.076429 0.270491 0.087743 0.000572 0.564764
4 4 0.038695 0.231452 0.115397 0.000463 0.613993
4 4 0.005221 0.210080 0.382552 0.000314 0.401833
2 4 0.006247 0.228061 0.418254 0.001638 0.345801
4 4 0.008963 0.155891 0.252895 0.000769 0.581482
4 4 0.023267 0.186484 0.149430 0.000818 0.640000
4 4 0.007547 0.131025 0.291876 0.000891 0.568661
4 4 0.038950 0.269855 0.166185 0.002430 0.522579
4 4 0.010360 0.111631 0.155785 0.000558 0.721666
4 4 0.056131 0.074857 0.025634 0.000045 0.843332
4 4 0.461015 0.030304 0.017782 0.000577 0.490321
4 4 0.021238 0.164072 0.151932 0.000443 0.662316
4 4 0.014084 0.259467 0.309347 0.003098 0.414004
4 4 0.040446 0.064254 0.033971 0.000128 0.861201
4 4 0.064159 0.024479 0.009641 0.000012 0.901709
4 4 0.027359 0.134986 0.154599 0.006081 0.676976
4 4 0.031249 0.082893 0.065720 0.000245 0.819893
4 4 0.054891 0.087343 0.027388 0.000031 0.830347
4 4 0.062763 0.058093 0.025152 0.000179 0.853813
4 4 0.024456 0.032427 0.026156 0.000107 0.916854
4 4 0.074862 0.062050 0.032097 0.000890 0.830101
4 4 0.075286 0.166535 0.052375 0.000131 0.705673
4 4 0.057547 0.061823 0.040364 0.000976 0.839290
4 4 0.042646 0.196664 0.122842 0.001657 0.636192
4 4 0.101774 0.229803 0.076787 0.000239 0.591397
4 4 0.010890 0.139733 0.252639 0.000470 0.596269
4 4 0.051602 0.180210 0.112010 0.002615 0.653563
4 4 0.225885 0.160542 0.046343 0.000056 0.567174
4 4 0.023135 0.149835 0.092097 0.000121 0.734811
4 4 0.128612 0.023961 0.011264 0.000047 0.836116
4 4 0.045385 0.010070 0.006650 0.000148 0.937747
4 4 0.153024 0.099169 0.042177 0.000458 0.705172
4 4 0.058434 0.114915 0.063299 0.001030 0.762323
4 4 0.028183 0.076237 0.074763 0.001056 0.819761
4 4 0.054201 0.101722 0.063443 0.000366 0.780267
4 4 0.024362 0.122854 0.095033 0.000382 0.757369
4 4 0.027687 0.100002 0.071182 0.000195 0.800934
4 4 0.022862 0.264616 0.184621 0.000809 0.527092
4 4 0.027043 0.130793 0.063664 0.000047 0.778454
4 4 0.024277 0.213414 0.172700 0.001357 0.588252
4 4 0.137193 0.277237 0.073099 0.000052 0.512420
4 4 0.032255 0.042470 0.037424 0.000107 0.887744
4 1 0.125413 0.170489 0.065372 0.000393 0.638333
4 4 0.013146 0.159042 0.102252 0.000027 0.725533
4 4 0.147208 0.014567 0.051578 0.000123 0.786523
3 0 0.003540 0.000000 0.000000 0.996431 0.000028
0 0 0.845312 0.000238 0.000598 0.009332 0.144521
0 0 0.995308 0.001452 0.000810 0.000054 0.002376
4 0 0.181514 0.145488 0.054341 0.000376 0.618281
4 0 0.389750 0.137249 0.047890 0.000219 0.424892
4 0 0.038443 0.075982 0.036459 0.000076 0.849040
4 0 0.038990 0.018740 0.007825 0.000013 0.934432
4 4 0.180609 0.128321 0.034761 0.000019 0.656289
4 4 0.040406 0.159733 0.108563 0.001003 0.690294
4 4 0.100841 0.136210 0.049369 0.000174 0.713404
0 0 0.451812 0.396098 0.110021 0.000001 0.042068
4 1 0.044232 0.104059 0.050604 0.000182 0.800923
4 1 0.032155 0.211905 0.111113 0.000274 0.644553
4 1 0.041226 0.097666 0.059844 0.000460 0.800804
4 1 0.006935 0.181879 0.264460 0.000150 0.546576
4 1 0.006406 0.090438 0.154517 0.000270 0.748369
2 1 0.002330 0.128811 0.488483 0.000177 0.380199
4 1 0.209162 0.180110 0.057776 0.000047 0.552906
0 0 0.440775 0.092556 0.039645 0.000507 0.426517
2 1 0.007496 0.218973 0.412800 0.002432 0.358298
4 1 0.018165 0.106651 0.148667 0.003243 0.723274
4 1 0.010765 0.141976 0.295181 0.007963 0.544115
2 1 0.002221 0.159466 0.590172 0.000254 0.247886
4 2 0.030797 0.304009 0.158168 0.000564 0.506462
4 2 0.006310 0.127629 0.276162 0.001040 0.588859
4 2 0.029177 0.142134 0.166336 0.006277 0.656077
2 2 0.001145 0.100482 0.752549 0.004626 0.141199
2 2 0.001967 0.090365 0.704909 0.006506 0.196252
2 2 0.006045 0.235660 0.422011 0.000176 0.336108
4 1 0.032468 0.126344 0.143262 0.009144 0.688782
2 1 0.006093 0.189309 0.492362 0.005506 0.306730
2 2 0.000083 0.025394 0.959951 0.002123 0.012449
4 1 0.009849 0.276737 0.330353 0.000066 0.382995
2 2 0.000348 0.056942 0.902153 0.005061 0.035496
2 2 0.000790 0.090715 0.840668 0.000894 0.066934
2 2 0.000322 0.045721 0.923238 0.018350 0.012369
2 2 0.000549 0.072994 0.867823 0.002995 0.055639
2 2 0.000509 0.066709 0.856754 0.000237 0.075790
4 1 0.022240 0.257410 0.301172 0.019400 0.399778
2 2 0.000067 0.019063 0.965446 0.002640 0.012783
2 2 0.003862 0.158118 0.475914 0.000227 0.361879
2 2 0.000066 0.021940 0.964165 0.004038 0.009791
2 2 0.000473 0.070842 0.867635 0.001310 0.059740
4 1 0.087371 0.271435 0.086833 0.000506 0.553855
2 2 0.000305 0.052715 0.912575 0.003421 0.030985
2 2 0.000491 0.065052 0.837941 0.000324 0.096191
2 2 0.000236 0.032398 0.954214 0.006726 0.006426
2 2 0.001006 0.085751 0.852956 0.001033 0.059254
4 1 0.007224 0.222448 0.342645 0.000192 0.427491
2 2 0.002879 0.138630 0.755660 0.000366 0.102465
0 0 0.679427 0.165215 0.113739 0.020222 0.021397
4 1 0.223370 0.278268 0.081382 0.000260 0.416721
4 1 0.021275 0.162846 0.135803 0.000587 0.679489
2 1 0.005577 0.194603 0.529912 0.002915 0.266993
4 1 0.036819 0.339761 0.104791 0.000067 0.518562
2 1 0.000553 0.067341 0.864888 0.014630 0.052588
4 2 0.015953 0.208304 0.143872 0.000034 0.631837
4 2 0.041448 0.276366 0.084551 0.000056 0.597580
2 2 0.001350 0.119473 0.783356 0.001569 0.094252
2 2 0.000060 0.020046 0.968402 0.002596 0.008896
2 2 0.002695 0.087813 0.691169 0.001485 0.216838
2 2 0.000273 0.047013 0.927848 0.004491 0.020376
2 2 0.000160 0.033143 0.952280 0.004314 0.010102
2 2 0.000023 0.011383 0.983790 0.001588 0.003216
2 2 0.001100 0.105163 0.824739 0.001209 0.067788
2 2 0.000445 0.044689 0.901756 0.036383 0.016725
2 2 0.010398 0.205438 0.439773 0.002046 0.342346
2 2 0.000083 0.026500 0.955810 0.001422 0.016185
2 2 0.000082 0.023982 0.963169 0.003519 0.009248
2 2 0.000230 0.044124 0.931169 0.002493 0.021984
2 2 0.000098 0.024124 0.961328 0.008586 0.005865
2 2 0.000126 0.028200 0.951904 0.012161 0.007609
2 2 0.000051 0.008813 0.969920 0.020322 0.000894
2 2 0.000055 0.015208 0.959493 0.019867 0.005377
2 2 0.000341 0.046586 0.916510 0.025651 0.010913
2 2 0.000353 0.025736 0.937924 0.034023 0.001964
2 2 0.000241 0.041935 0.936886 0.006766 0.014172
2 2 0.000016 0.004355 0.958592 0.036786 0.000250
2 2 0.000001 0.000239 0.956623 0.043135 0.000003
2 2 0.000019 0.007578 0.903614 0.086377 0.002412
2 2 0.000010 0.005821 0.964121 0.029263 0.000786
2 2 0.000270 0.043688 0.934272 0.007442 0.014329
2 2 0.000660 0.024695 0.820906 0.151545 0.002194
2 2 0.006581 0.167933 0.801014 0.001199 0.023273
2 2 0.024796 0.225401 0.520966 0.025223 0.203614
2 2 0.000301 0.035997 0.922248 0.029377 0.012077
2 2 0.000304 0.050518 0.923268 0.002701 0.023209
2 2 0.000180 0.040646 0.930094 0.002356 0.026725
2 2 0.003433 0.092699 0.727560 0.079314 0.096995
2 2 0.002228 0.066980 0.845574 0.080397 0.004820
2 2 0.000004 0.001502 0.956510 0.041907 0.000078
2 2 0.001274 0.031284 0.722380 0.241066 0.003995
2 2 0.000130 0.017919 0.819137 0.156669 0.006144
2 2 0.000795 0.054184 0.818686 0.099168 0.027167
2 2 0.000960 0.040011 0.936291 0.019170 0.003569
2 1 0.002186 0.085870 0.793090 0.013138 0.105716
2 2 0.000213 0.039079 0.931856 0.015335 0.013517
2 2 0.000945 0.080440 0.873077 0.004769 0.040769
2 2 0.000121 0.019408 0.873087 0.100446 0.006938
2 2 0.000028 0.006471 0.894346 0.098007 0.001148
2 2 0.000015 0.008600 0.969827 0.019001 0.002557
2 2 0.000111 0.027261 0.954681 0.009100 0.008847
2 2 0.000079 0.022203 0.967774 0.003717 0.006227
2 2 0.000437 0.055920 0.913628 0.013675 0.016340
2 2 0.000214 0.038411 0.949454 0.001287 0.010633
2 2 0.002328 0.069241 0.810409 0.100481 0.017541
2 2 0.000000 0.000310 0.959595 0.040065 0.000029
2 2 0.000003 0.002168 0.962009 0.035609 0.000211
2 3 0.000096 0.011544 0.883250 0.103617 0.001493
2 2 0.000041 0.015581 0.972180 0.001122 0.011076
2 2 0.000020 0.008348 0.944937 0.045130 0.001565
2 2 0.000273 0.021154 0.898770 0.077982 0.001821
2 2 0.001420 0.098764 0.818547 0.002907 0.078362
1 1 0.057032 0.463087 0.239719 0.000015 0.240147
2 1 0.001651 0.127209 0.767989 0.015781 0.087371
2 2 0.000094 0.023592 0.954627 0.015009 0.006678
2 2 0.000030 0.013673 0.979026 0.002427 0.004843
2 2 0.002024 0.129560 0.754667 0.000942 0.112807
2 1 0.098700 0.267007 0.444309 0.014617 0.175368
2 1 0.017253 0.315600 0.404430 0.006997 0.255720
4 1 0.017235 0.282458 0.229492 0.000239 0.470576
2 2 0.000056 0.019985 0.968030 0.003104 0.008825
2 2 0.000368 0.063613 0.876446 0.000337 0.059235
2 1 0.007312 0.240941 0.450240 0.002015 0.299493
2 2 0.000719 0.061695 0.915424 0.008253 0.013909
2 2 0.000802 0.084990 0.868795 0.002455 0.042958
2 2 0.000086 0.022913 0.940829 0.029459 0.006712
0 0 0.421609 0.189175 0.122152 0.001363 0.265701
0 0 0.535204 0.225133 0.059523 0.000122 0.180018
4 1 0.025912 0.171267 0.104879 0.000215 0.697727
2 1 0.003181 0.180318 0.646381 0.004667 0.165453
4 1 0.007073 0.184037 0.281576 0.000247 0.527068
4 1 0.015125 0.256264 0.197627 0.000198 0.530786
4 1 0.014668 0.289379 0.202679 0.000034 0.493240
2 1 0.002291 0.140470 0.686355 0.006793 0.164091
2 2 0.001246 0.119730 0.756133 0.000168 0.122723
2 2 0.000178 0.031688 0.952643 0.000664 0.014827
4 1 0.016559 0.104049 0.232755 0.000409 0.646228
4 1 0.044470 0.257721 0.095073 0.000172 0.602563
2 2 0.002687 0.110517 0.708451 0.051343 0.127001
2 2 0.002578 0.137059 0.722617 0.000696 0.137050
4 4 0.010606 0.117041 0.110399 0.000071 0.761883
4 4 0.018953 0.042400 0.056495 0.000963 0.881189
4 4 0.015919 0.008218 0.010152 0.000106 0.965604
4 4 0.123474 0.061044 0.025572 0.000138 0.789772
4 4 0.043283 0.219072 0.049962 0.000008 0.687675
4 4 0.044118 0.091417 0.061490 0.000884 0.802090
4 4 0.044300 0.062918 0.034529 0.000207 0.858046
2 4 0.001958 0.150298 0.529890 0.000226 0.317628
4 4 0.008857 0.225870 0.226387 0.000215 0.538673
4 4 0.049346 0.036099 0.015109 0.000045 0.899400
4 4 0.025857 0.022485 0.018434 0.000123 0.933101
4 4 0.022485 0.179728 0.094170 0.000061 0.703555
4 4 0.308830 0.051999 0.008656 0.000000 0.630515
1 0 0.131095 0.482593 0.292267 0.000379 0.093667
2 4 0.007324 0.179833 0.439075 0.006286 0.367481
4 4 0.030251 0.082160 0.100979 0.005974 0.780635
4 4 0.018627 0.154874 0.107358 0.000122 0.719019
2 4 0.005551 0.227514 0.481700 0.005054 0.280180
4 4 0.057649 0.276196 0.131418 0.002170 0.532567
4 4 0.061612 0.155043 0.063973 0.000389 0.718984
4 4 0.061550 0.066420 0.026578 0.000125 0.845326
4 4 0.031116 0.094078 0.085251 0.001436 0.788119
4 4 0.056180 0.116268 0.033549 0.000029 0.793974
4 4 0.057066 0.084804 0.052451 0.001239 0.804440
4 4 0.078100 0.046756 0.027283 0.000873 0.846988
4 4 0.021709 0.131957 0.189839 0.010572 0.645923
4 4 0.039637 0.025335 0.014861 0.000090 0.920077
4 4 0.051166 0.023576 0.011550 0.000074 0.913634
4 4 0.063321 0.148288 0.045225 0.000079 0.743088
4 4 0.038608 0.161001 0.100435 0.000812 0.699143
4 4 0.055975 0.029816 0.013638 0.000068 0.900502
4 4 0.111243 0.013078 0.006119 0.000013 0.869547
4 4 0.114761 0.029909 0.013672 0.000061 0.841597
4 4 0.042284 0.115987 0.061184 0.000275 0.780270
4 4 0.098782 0.040234 0.016792 0.000055 0.844137
4 4 0.060069 0.019906 0.013177 0.000613 0.906236
4 4 0.046543 0.011110 0.007209 0.000157 0.934981
4 4 0.083612 0.094074 0.047033 0.001672 0.773609
4 4 0.119754 0.111013 0.042926 0.000272 0.726034
4 4 0.151008 0.055007 0.027503 0.000405 0.766078
4 4 0.313972 0.019306 0.012466 0.000420 0.653836
4 4 0.089316 0.044476 0.021427 0.000230 0.844550
0 4 0.468937 0.110323 0.034907 0.000064 0.385770
4 4 0.026349 0.161494 0.077569 0.000054 0.734533
2 4 0.003918 0.138654 0.509545 0.001426 0.346456
4 4 0.015679 0.125776 0.123621 0.000174 0.734749
4 4 0.047407 0.052167 0.019533 0.000016 0.880876
4 4 0.012101 0.113347 0.191276 0.002915 0.680361
4 4 0.012260 0.145621 0.254962 0.002018 0.585139
2 4 0.001040 0.105537 0.773579 0.007949 0.111896
4 2 0.016816 0.247061 0.276032 0.004972 0.455119
4 2 0.034529 0.201259 0.159786 0.001400 0.603025
4 2 0.009961 0.182015 0.274418 0.002315 0.531291
2 2 0.002272 0.100513 0.641264 0.018946 0.237004
4 2 0.015353 0.180133 0.185124 0.000840 0.618551
2 2 0.006434 0.197602 0.482636 0.023354 0.289974
4 2 0.033861 0.310989 0.221412 0.001401 0.432336
2 2 0.002035 0.102497 0.685380 0.028818 0.181270
4 2 0.018530 0.200126 0.287106 0.019201 0.475038
2 2 0.005082 0.220757 0.577945 0.003360 0.192857
4 2 0.009466 0.223799 0.345534 0.005065 0.416135
0 0 0.865214 0.002377 0.000529 0.000000 0.131879
0 0 0.410300 0.222481 0.088152 0.000278 0.278788
4 1 0.053820 0.345693 0.087213 0.000075 0.513199
4 1 0.053242 0.290546 0.132849 0.001060 0.522303
4 1 0.028708 0.364807 0.180680 0.000638 0.425168
2 1 0.005935 0.200195 0.402948 0.000897 0.390025
4 1 0.009433 0.250460 0.364064 0.000990 0.375052
2 2 0.000181 0.036740 0.938723 0.001034 0.023323
2 2 0.000956 0.098045 0.730127 0.000127 0.170745
2 2 0.004951 0.181279 0.563448 0.016338 0.233983
0 0 0.384664 0.184110 0.094858 0.000806 0.335562
4 1 0.262109 0.241951 0.115035 0.000697 0.380208
1 1 0.217403 0.319450 0.158995 0.002456 0.301696
2 1 0.010226 0.283549 0.592156 0.002132 0.111936
2 2 0.010086 0.280576 0.553414 0.000768 0.155157
2 2 0.008552 0.194830 0.754604 0.001168 0.040846
2 2 0.021025 0.294555 0.613424 0.001363 0.069633
2 2 0.000270 0.047231 0.930467 0.001326 0.020706
2 2 0.019405 0.181366 0.650392 0.006283 0.142555
2 2 0.001077 0.095355 0.858603 0.007326 0.037639
2 1 0.009570 0.284133 0.423948 0.000211 0.282138
2 2 0.006221 0.191506 0.654869 0.000142 0.147262
4 1 0.152672 0.168173 0.187531 0.000814 0.490810
2 2 0.043745 0.134112 0.687118 0.053835 0.081190
2 2 0.004716 0.091761 0.886022 0.007762 0.009738
2 2 0.003808 0.191512 0.686043 0.000858 0.117779
2 2 0.001501 0.084411 0.894929 0.003224 0.015936
2 2 0.002048 0.098785 0.876788 0.003272 0.019107
2 2 0.000597 0.071397 0.889268 0.002983 0.035755
2 2 0.000216 0.030556 0.961565 0.002665 0.004998
2 2 0.003851 0.099839 0.886484 0.001708 0.008119
2 2 0.000786 0.051275 0.894894 0.012132 0.040914
2 2 0.000670 0.048243 0.936430 0.007856 0.006802
2 2 0.020442 0.160358 0.792395 0.010503 0.016302
2 2 0.008343 0.138384 0.806287 0.016621 0.030365
2 2 0.000696 0.070026 0.897852 0.004900 0.026525
2 2 0.001498 0.102536 0.826675 0.007791 0.061501
2 2 0.001150 0.088784 0.835348 0.003297 0.071421
2 0 0.064008 0.124806 0.528327 0.012067 0.270792
2 1 0.099334 0.330051 0.476327 0.011421 0.082866
2 2 0.000010 0.006141 0.990696 0.002272 0.000882
2 2 0.000562 0.072433 0.883838 0.002491 0.040677
2 2 0.000149 0.030835 0.950036 0.010738 0.008242
2 2 0.000092 0.017013 0.943940 0.032811 0.006144
2 2 0.000098 0.021912 0.943981 0.028027 0.005982
2 2 0.004348 0.130820 0.722707 0.003868 0.138257
2 2 0.000068 0.009649 0.926612 0.061563 0.002108
2 2 0.001394 0.037086 0.894128 0.066255 0.001137
2 2 0.000034 0.007415 0.922160 0.069477 0.000915
2 2 0.000024 0.005925 0.936802 0.056685 0.000564
2 2 0.000267 0.042508 0.908006 0.036251 0.012969
2 2 0.000021 0.006421 0.886045 0.105748 0.001765
2 2 0.000084 0.021559 0.930604 0.038362 0.009391
2 2 0.000084 0.003941 0.803061 0.192744 0.000170
2 2 0.000077 0.010288 0.911993 0.076608 0.001034
2 3 0.000929 0.022018 0.711735 0.262751 0.002566
2 3 0.075842 0.167429 0.742478 0.012263 0.001988
2 0 0.004368 0.197208 0.702365 0.002919 0.093139
2 2 0.000671 0.067976 0.874389 0.029356 0.027608
2 2 0.002339 0.140596 0.768548 0.028423 0.060093
2 2 0.000072 0.013440 0.964374 0.020415 0.001699
2 2 0.000103 0.025078 0.949640 0.018484 0.006694
2 2 0.000038 0.014999 0.969550 0.010911 0.004501
