4 0 0.014716 0.214551 0.126581 0.000000 0.644151
4 0 0.006897 0.149686 0.288344 0.000009 0.555063
2 1 0.003696 0.138212 0.509623 0.000006 0.348464
2 1 0.000513 0.050181 0.749294 0.000092 0.199919
2 2 0.001178 0.094601 0.678980 0.000001 0.225240
2 2 0.002620 0.128267 0.621320 0.000002 0.247791
2 2 0.000291 0.046589 0.853796 0.000001 0.099323
2 2 0.000303 0.071492 0.743767 0.000000 0.184438
2 2 0.000651 0.074685 0.681368 0.000001 0.243295
2 2 0.000253 0.046838 0.880441 0.000000 0.072468
2 2 0.000274 0.035297 0.936909 0.000001 0.027520
2 2 0.000142 0.024687 0.949387 0.000003 0.025782
2 2 0.000458 0.060955 0.873731 0.000000 0.064856
2 2 0.000149 0.024888 0.956691 0.000001 0.018271
2 2 0.000140 0.017935 0.969892 0.000029 0.012004
2 2 0.000409 0.041837 0.927841 0.000003 0.029910
2 2 0.000550 0.039102 0.940571 0.000013 0.019765
2 2 0.000237 0.017024 0.977401 0.000181 0.005157
2 2 0.000156 0.017525 0.972285 0.000082 0.009952
2 2 0.000159 0.015774 0.974243 0.000419 0.009405
2 2 0.000089 0.006408 0.990065 0.002623 0.000815
2 2 0.000082 0.006386 0.964576 0.027585 0.001370
2 2 0.000014 0.001995 0.926502 0.071181 0.000309
2 2 0.000047 0.003685 0.775788 0.219717 0.000763
2 2 0.000053 0.004125 0.873001 0.122083 0.000738
2 2 0.000361 0.006119 0.664686 0.328439 0.000395
2 2 0.000868 0.015805 0.702963 0.277591 0.002772
2 2 0.000267 0.005555 0.582393 0.411294 0.000490
3 3 0.000137 0.002453 0.377911 0.619338 0.000161
3 3 0.000136 0.003232 0.378248 0.618029 0.000355
3 3 0.000277 0.006998 0.428069 0.562995 0.001661
3 3 0.000432 0.004975 0.269261 0.724703 0.000629
3 3 0.000175 0.002991 0.279547 0.716954 0.000333
3 3 0.000138 0.001744 0.220475 0.777536 0.000107
3 3 0.000168 0.002751 0.157680 0.838834 0.000567
3 3 0.000836 0.004143 0.138115 0.856502 0.000403
3 3 0.000904 0.003297 0.095432 0.900065 0.000301
3 3 0.000467 0.001702 0.066328 0.931380 0.000122
3 3 0.000215 0.001320 0.068210 0.930143 0.000112
3 3 0.000788 0.002620 0.135500 0.860970 0.000122
3 3 0.000150 0.001821 0.098619 0.899094 0.000316
3 3 0.000317 0.002859 0.152391 0.844147 0.000286
3 3 0.000419 0.001710 0.067909 0.929819 0.000143
3 3 0.000215 0.001270 0.059911 0.938478 0.000126
3 3 0.000254 0.001480 0.069932 0.928189 0.000145
3 3 0.000290 0.001223 0.043112 0.955231 0.000143
3 3 0.000717 0.002161 0.060601 0.936353 0.000169
3 3 0.000213 0.000771 0.028011 0.970935 0.000070
3 3 0.000174 0.000541 0.021598 0.977645 0.000042
3 3 0.000259 0.000989 0.044311 0.954377 0.000064
3 3 0.000204 0.000727 0.023589 0.975396 0.000084
3 3 0.000480 0.001268 0.042974 0.955202 0.000076
3 3 0.000198 0.000809 0.046867 0.952084 0.000042
3 3 0.002106 0.004020 0.059055 0.934307 0.000512
3 3 0.000261 0.000788 0.024439 0.974432 0.000081
3 3 0.000565 0.002968 0.077990 0.918015 0.000463
3 3 0.000496 0.002573 0.055902 0.940487 0.000542
3 3 0.000321 0.001451 0.044406 0.953595 0.000228
3 3 0.002147 0.005991 0.128911 0.862429 0.000522
3 3 0.000929 0.004511 0.120690 0.873333 0.000537
3 2 0.003170 0.019717 0.135325 0.820889 0.020900
2 2 0.151957 0.224246 0.547019 0.036436 0.040343
2 2 0.106851 0.204869 0.546026 0.093140 0.049115
2 2 0.202673 0.235217 0.491662 0.030562 0.039885
2 2 0.121071 0.208934 0.611163 0.025329 0.033503
4 2 0.010077 0.119765 0.212751 0.001519 0.655887
2 2 0.002604 0.096580 0.546791 0.000470 0.353556
4 2 0.004153 0.124904 0.419391 0.000048 0.451504
2 2 0.002924 0.131585 0.577417 0.000003 0.288071
4 2 0.004559 0.122419 0.383182 0.000099 0.489741
2 2 0.001773 0.078111 0.810270 0.000146 0.109700
2 2 0.000955 0.059341 0.882060 0.000029 0.057615
2 2 0.001358 0.077524 0.826996 0.000022 0.094100
2 2 0.000671 0.053444 0.894911 0.000006 0.050968
2 2 0.001235 0.070233 0.868633 0.000014 0.059885
2 2 0.000418 0.026181 0.965235 0.000099 0.008067
2 2 0.000331 0.025733 0.956906 0.000311 0.016719
2 2 0.000641 0.031803 0.953782 0.000386 0.013389
2 2 0.000978 0.045963 0.933736 0.000064 0.019259
2 2 0.000177 0.013013 0.970527 0.009615 0.006668
2 2 0.000918 0.016984 0.878521 0.101340 0.002236
2 2 0.000411 0.013666 0.972899 0.011292 0.001732
2 2 0.000292 0.009212 0.728752 0.260052 0.001692
2 2 0.000437 0.013310 0.952186 0.032155 0.001912
2 2 0.002160 0.024084 0.937132 0.034181 0.002444
2 2 0.000690 0.009217 0.646147 0.343052 0.000893
2 2 0.000594 0.016472 0.672294 0.304700 0.005941
2 2 0.000604 0.008077 0.581288 0.409317 0.000714
2 2 0.001610 0.016381 0.560642 0.418866 0.002501
2 2 0.003403 0.021070 0.620479 0.352896 0.002152
3 2 0.000775 0.006900 0.390230 0.601564 0.000531
2 2 0.002062 0.010114 0.494154 0.493222 0.000449
3 2 0.000204 0.003472 0.310531 0.685448 0.000346
3 2 0.000878 0.006371 0.326503 0.665793 0.000455
3 2 0.000528 0.003411 0.197249 0.798597 0.000216
3 2 0.000335 0.002396 0.106345 0.890632 0.000291
3 2 0.003916 0.012793 0.448435 0.534274 0.000582
3 2 0.001086 0.006178 0.230747 0.761480 0.000509
3 2 0.003020 0.010158 0.198108 0.787438 0.001277
3 2 0.000977 0.011553 0.215061 0.766885 0.005524
3 2 0.001507 0.008472 0.222965 0.765843 0.001214
3 2 0.010035 0.029003 0.292857 0.662452 0.005653
2 2 0.024667 0.089355 0.512011 0.349194 0.024773
2 2 0.367756 0.217074 0.374649 0.013721 0.026801
2 2 0.164705 0.191523 0.574429 0.047119 0.022224
2 2 0.004265 0.084439 0.833942 0.009862 0.067492
2 2 0.005469 0.140686 0.748633 0.000022 0.105189
2 2 0.002761 0.080114 0.879689 0.000118 0.037318
2 2 0.003003 0.080281 0.847999 0.001521 0.067195
2 2 0.007045 0.118292 0.798212 0.001363 0.075088
2 2 0.001007 0.061616 0.892460 0.000005 0.044912
2 2 0.000859 0.042402 0.936391 0.000046 0.020303
2 2 0.001354 0.067344 0.885935 0.000017 0.045350
2 2 0.001200 0.055460 0.913698 0.000031 0.029611
2 2 0.000562 0.034748 0.936431 0.000660 0.027599
2 2 0.000130 0.007604 0.975582 0.015433 0.001252
2 2 0.000179 0.008934 0.915223 0.073703 0.001961
2 2 0.000205 0.010654 0.979433 0.008037 0.001672
2 2 0.000342 0.012512 0.885653 0.098787 0.002706
2 2 0.000238 0.007584 0.932822 0.058560 0.000795
2 2 0.011949 0.049768 0.916226 0.018629 0.003428
2 2 0.001352 0.026606 0.727336 0.235475 0.009231
2 2 0.000906 0.023786 0.776908 0.188910 0.009489
2 3 0.003337 0.019192 0.730969 0.245023 0.001480
2 3 0.002097 0.028106 0.857407 0.107614 0.004776
3 3 0.001417 0.007603 0.423175 0.567460 0.000345
3 3 0.000518 0.004345 0.340959 0.653929 0.000249
3 3 0.004709 0.015948 0.403554 0.574770 0.001020
2 3 0.002832 0.013951 0.607467 0.375142 0.000609
3 3 0.000464 0.002912 0.201372 0.795094 0.000158
2 3 0.007585 0.022082 0.595506 0.373706 0.001121
3 3 0.001158 0.007951 0.177585 0.811564 0.001742
3 3 0.002007 0.010699 0.345237 0.641077 0.000980
3 3 0.002382 0.014733 0.371411 0.609538 0.001935
3 3 0.001880 0.005692 0.153597 0.838401 0.000430
3 3 0.006886 0.013618 0.250620 0.728041 0.000835
3 3 0.001924 0.008676 0.323744 0.665154 0.000503
3 3 0.016255 0.023247 0.339265 0.619926 0.001307
3 3 0.006243 0.013572 0.242997 0.736160 0.001028
3 3 0.010047 0.015813 0.205229 0.767622 0.001288
3 3 0.002233 0.005307 0.177380 0.814878 0.000203
3 3 0.001935 0.002469 0.043853 0.951569 0.000173
3 3 0.000978 0.002581 0.073994 0.922297 0.000151
3 3 0.000926 0.002901 0.106196 0.889835 0.000143
3 3 0.000265 0.000986 0.031491 0.967153 0.000105
3 3 0.000868 0.001907 0.036280 0.960701 0.000244
3 3 0.000482 0.002109 0.047674 0.949317 0.000419
3 3 0.001780 0.004975 0.087534 0.905127 0.000584
3 3 0.006099 0.025262 0.186790 0.770372 0.011477
2 2 0.012104 0.039579 0.493423 0.450651 0.004243
0 2 0.431893 0.257267 0.032440 0.000050 0.278349
1 2 0.324330 0.326096 0.033190 0.000002 0.316382
0 1 0.430736 0.261198 0.025257 0.000015 0.282794
0 1 0.426893 0.259161 0.026393 0.000020 0.287533
0 1 0.390173 0.269300 0.038968 0.000078 0.301481
2 1 0.017900 0.174761 0.627526 0.006345 0.173467
2 2 0.011213 0.181180 0.682187 0.000040 0.125379
2 2 0.006590 0.141651 0.768501 0.000056 0.083202
2 2 0.060771 0.222560 0.651104 0.001681 0.063884
2 2 0.020184 0.198900 0.627702 0.001144 0.152070
4 2 0.168283 0.339587 0.124813 0.000015 0.367302
4 1 0.125246 0.326971 0.106338 0.000008 0.441437
4 1 0.012582 0.139476 0.183670 0.000330 0.663941
4 1 0.013266 0.193736 0.289747 0.000018 0.503233
4 1 0.026876 0.234431 0.154887 0.000004 0.583802
2 2 0.002836 0.133952 0.717899 0.000001 0.145311
2 2 0.005993 0.159789 0.672363 0.000007 0.161848
2 2 0.000431 0.036164 0.902185 0.000349 0.060872
2 2 0.002420 0.107571 0.757202 0.000014 0.132794
2 2 0.000965 0.072968 0.827466 0.000004 0.098597
4 2 0.012631 0.115639 0.023462 0.000001 0.848267
4 2 0.003027 0.063518 0.025853 0.000001 0.907601
4 4 0.041967 0.167893 0.017792 0.000002 0.772346
4 4 0.003299 0.078103 0.046202 0.000001 0.872395
4 4 0.002789 0.073478 0.034458 0.000000 0.889275
4 4 0.001638 0.056207 0.023539 0.000000 0.918616
4 4 0.000843 0.047108 0.026036 0.000000 0.926013
4 4 0.001057 0.056567 0.030063 0.000000 0.912312
4 4 0.000925 0.042209 0.018387 0.000000 0.938479
4 4 0.001029 0.054709 0.039120 0.000000 0.905142
4 4 0.002491 0.068677 0.020999 0.000000 0.907833
4 4 0.001691 0.067142 0.034484 0.000000 0.896684
4 4 0.001430 0.056118 0.034191 0.000000 0.908261
4 4 0.001630 0.069909 0.035010 0.000000 0.893452
4 4 0.002442 0.053030 0.014464 0.000000 0.930064
4 4 0.001674 0.053814 0.025512 0.000000 0.918999
4 4 0.001816 0.068483 0.029740 0.000000 0.899961
4 4 0.001578 0.047416 0.020796 0.000001 0.930209
4 4 0.001295 0.057161 0.037944 0.000000 0.903600
4 4 0.002183 0.066784 0.030222 0.000000 0.900811
4 4 0.002579 0.060833 0.030063 0.000002 0.906523
4 4 0.001823 0.063614 0.029388 0.000000 0.905175
4 4 0.002603 0.057115 0.020769 0.000001 0.919512
4 4 0.002962 0.058754 0.018582 0.000001 0.919701
4 4 0.002949 0.073058 0.031254 0.000000 0.892739
4 4 0.002348 0.067470 0.018892 0.000000 0.911289
4 4 0.002176 0.060870 0.017519 0.000000 0.919435
4 4 0.010009 0.099823 0.009948 0.000000 0.880220
4 4 0.002523 0.062597 0.009338 0.000000 0.925542
4 4 0.001685 0.053610 0.013456 0.000000 0.931249
4 4 0.042659 0.180916 0.067077 0.000108 0.709240
4 4 0.041741 0.149473 0.043589 0.000339 0.764859
4 4 0.041856 0.168100 0.052242 0.000422 0.737381
4 4 0.122042 0.293479 0.044169 0.000001 0.540308
4 4 0.040070 0.187707 0.057647 0.000021 0.714555
4 4 0.004581 0.085284 0.064267 0.000013 0.845856
4 4 0.006425 0.088028 0.050176 0.000036 0.855335
4 4 0.034120 0.157044 0.037688 0.000027 0.771121
4 4 0.005880 0.084853 0.048109 0.000029 0.861129
4 4 0.003144 0.080398 0.063619 0.000002 0.852838
4 4 0.000877 0.045338 0.014722 0.000000 0.939063
4 4 0.000871 0.044747 0.011363 0.000000 0.943018
4 4 0.000587 0.033370 0.011857 0.000000 0.954186
4 4 0.000838 0.040040 0.012430 0.000000 0.946693
4 4 0.000745 0.041910 0.016626 0.000000 0.940719
4 4 0.001151 0.042277 0.029643 0.000002 0.926927
4 4 0.001900 0.043487 0.021415 0.000012 0.933186
4 4 0.001835 0.060217 0.037056 0.000000 0.900891
4 4 0.002040 0.051496 0.029912 0.000005 0.916547
4 4 0.001928 0.058148 0.029802 0.000000 0.910122
4 4 0.001730 0.055096 0.030632 0.000000 0.912542
4 4 0.002111 0.076100 0.031132 0.000000 0.890656
4 4 0.001919 0.049534 0.022421 0.000002 0.926124
4 4 0.001714 0.041031 0.020533 0.000012 0.936709
4 4 0.001527 0.052698 0.029180 0.000000 0.916595
4 4 0.002600 0.062700 0.037730 0.000003 0.896966
4 4 0.002078 0.066764 0.054239 0.000001 0.876918
4 4 0.003373 0.080258 0.040082 0.000000 0.876286
4 4 0.002386 0.069613 0.043453 0.000000 0.884547
4 4 0.002437 0.053503 0.033801 0.000019 0.910239
4 4 0.116875 0.269325 0.021227 0.000001 0.592572
4 1 0.005867 0.091222 0.029333 0.000001 0.873578
4 1 0.006730 0.123610 0.039775 0.000000 0.829885
4 1 0.004886 0.095090 0.044830 0.000001 0.855194
4 2 0.006106 0.093238 0.026720 0.000000 0.873936
2 2 0.008792 0.149487 0.671689 0.000369 0.169664
2 2 0.004190 0.099178 0.784793 0.000779 0.111060
2 2 0.006470 0.141398 0.713831 0.000073 0.138227
2 2 0.007759 0.159745 0.700506 0.000029 0.131961
2 2 0.001873 0.072764 0.869214 0.000057 0.056093
2 2 0.060194 0.194747 0.679325 0.009287 0.056446
2 2 0.057721 0.170980 0.732698 0.000646 0.037955
2 2 0.094958 0.200677 0.655307 0.008342 0.040715
2 2 0.105674 0.290037 0.458424 0.000603 0.145262
2 2 0.184198 0.241687 0.533400 0.000379 0.040335
2 2 0.001621 0.067718 0.883521 0.000016 0.047124
2 2 0.010826 0.117696 0.828434 0.000577 0.042467
2 2 0.008870 0.124948 0.802878 0.000108 0.063197
2 2 0.006172 0.110969 0.827491 0.000316 0.055051
2 2 0.006448 0.124991 0.792315 0.000047 0.076200
2 2 0.008320 0.143057 0.754260 0.000072 0.094291
2 2 0.010427 0.130314 0.799842 0.000009 0.059408
2 2 0.006038 0.088258 0.873998 0.000068 0.031638
2 2 0.001992 0.049545 0.925415 0.001895 0.021152
2 2 0.005895 0.092695 0.864267 0.000485 0.036659
2 2 0.009849 0.094843 0.866601 0.000786 0.027921
2 2 0.009835 0.115284 0.828270 0.001154 0.045457
2 2 0.012153 0.101523 0.858547 0.000354 0.027423
2 2 0.003882 0.054125 0.928342 0.001225 0.012427
2 2 0.010852 0.070173 0.905388 0.001963 0.011624
2 2 0.002020 0.037085 0.952041 0.000591 0.008263
2 2 0.003009 0.057559 0.917888 0.002290 0.019255
2 2 0.022230 0.100189 0.860240 0.000403 0.016938
2 2 0.007445 0.064518 0.910261 0.004218 0.013558
2 2 0.004514 0.042026 0.941046 0.006056 0.006358
2 2 0.035728 0.101337 0.838518 0.011615 0.012802
2 2 0.009388 0.035589 0.919422 0.033044 0.002557
2 2 0.014140 0.047028 0.915158 0.020231 0.003442
2 2 0.081119 0.149337 0.744737 0.005382 0.019424
2 2 0.019906 0.039080 0.908777 0.030372 0.001865
2 2 0.008835 0.052456 0.923342 0.008651 0.006716
2 2 0.026890 0.053634 0.904681 0.011843 0.002952
2 2 0.007934 0.051862 0.845293 0.085131 0.009780
2 2 0.006006 0.045246 0.878198 0.062524 0.008025
2 2 0.003266 0.040974 0.777612 0.163228 0.014920
2 2 0.157797 0.063745 0.637680 0.139265 0.001513
2 2 0.017602 0.028181 0.628263 0.324930 0.001024
2 3 0.012220 0.027609 0.530041 0.428211 0.001919
2 3 0.038912 0.046590 0.744128 0.168786 0.001583
2 3 0.008396 0.023070 0.553507 0.413597 0.001430
2 3 0.035426 0.059531 0.519880 0.379531 0.005633
3 3 0.016120 0.033657 0.279705 0.664892 0.005626
3 3 0.027347 0.032698 0.431740 0.506326 0.001889
3 3 0.011928 0.027179 0.426408 0.531977 0.002508
3 3 0.054533 0.069503 0.380782 0.485771 0.009411
3 3 0.048475 0.031395 0.194079 0.723395 0.002656
3 3 0.042681 0.052077 0.269967 0.627335 0.007940
3 3 0.056106 0.041448 0.176225 0.719555 0.006665
3 3 0.045635 0.022710 0.138198 0.791892 0.001565
3 3 0.065803 0.043529 0.219919 0.666662 0.004087
3 3 0.125640 0.036049 0.144376 0.691504 0.002431
3 3 0.169996 0.048817 0.184576 0.593682 0.002929
3 3 0.088395 0.025367 0.106497 0.777770 0.001971
3 3 0.146084 0.031841 0.106895 0.712630 0.002550
3 3 0.221477 0.063841 0.152326 0.553430 0.008925
3 3 0.028357 0.022170 0.153642 0.793909 0.001923
3 3 0.063543 0.031777 0.155060 0.746764 0.002856
3 3 0.032823 0.023734 0.137119 0.803593 0.002730
3 3 0.019745 0.012666 0.093100 0.873401 0.001088
3 3 0.025715 0.013848 0.076197 0.882479 0.001760
3 3 0.085656 0.039032 0.179428 0.692717 0.003168
3 3 0.062478 0.023774 0.087527 0.822633 0.003588
3 3 0.029473 0.015138 0.072602 0.880433 0.002354
3 3 0.053937 0.029734 0.159618 0.754183 0.002528
3 3 0.105526 0.037729 0.192393 0.662486 0.001866
3 3 0.035601 0.014618 0.074640 0.873584 0.001557
3 3 0.072886 0.037934 0.159983 0.724745 0.004453
3 3 0.069189 0.035652 0.169668 0.722178 0.003313
3 3 0.053388 0.018857 0.089351 0.836700 0.001705
3 3 0.054561 0.027556 0.138064 0.777193 0.002627
3 3 0.067620 0.017155 0.066962 0.846522 0.001741
3 3 0.066032 0.020903 0.092768 0.818473 0.001823
3 3 0.101839 0.048935 0.212746 0.632524 0.003956
3 3 0.048522 0.019118 0.102764 0.828136 0.001460
3 3 0.042885 0.015758 0.081135 0.858833 0.001388
3 3 0.046587 0.011779 0.068271 0.872738 0.000625
3 3 0.042657 0.023213 0.126105 0.805822 0.002203
3 3 0.026600 0.016268 0.113985 0.841882 0.001265
3 3 0.110341 0.031434 0.139838 0.716545 0.001842
3 3 0.061533 0.032410 0.197393 0.706825 0.001839
3 3 0.035530 0.020191 0.161618 0.781706 0.000954
3 3 0.022592 0.014738 0.127570 0.834271 0.000829
3 3 0.107687 0.062180 0.223514 0.598648 0.007971
3 3 0.063422 0.031146 0.175639 0.727802 0.001992
3 3 0.025345 0.011328 0.071648 0.890718 0.000961
3 3 0.089471 0.030425 0.147062 0.731194 0.001849
3 3 0.019587 0.012178 0.099745 0.867669 0.000821
3 3 0.063585 0.027539 0.142847 0.763984 0.002045
3 3 0.020577 0.008178 0.049684 0.920763 0.000798
3 3 0.090409 0.023857 0.098021 0.785865 0.001849
3 3 0.167575 0.086645 0.202269 0.522947 0.020564
3 3 0.143330 0.056279 0.123670 0.660938 0.015783
0 3 0.482374 0.124530 0.165095 0.205073 0.022928
0 0 0.348775 0.157426 0.273737 0.194343 0.025719
2 0 0.339810 0.180590 0.355924 0.105389 0.018286
4 0 0.037152 0.232049 0.231399 0.000163 0.499237
2 0 0.006600 0.152042 0.531304 0.000030 0.310024
2 0 0.004976 0.123159 0.664337 0.000163 0.207366
2 0 0.012934 0.142484 0.464079 0.011634 0.368870
2 1 0.006851 0.177417 0.575721 0.000003 0.240009
2 1 0.006170 0.098885 0.823706 0.001569 0.069670
2 0 0.067093 0.215278 0.589900 0.016792 0.110937
2 0 0.031014 0.164788 0.561887 0.068107 0.174204
4 0 0.123471 0.323281 0.225176 0.000290 0.327781
2 1 0.030381 0.186865 0.686004 0.002425 0.094326
2 1 0.006062 0.111829 0.816309 0.000068 0.065732
2 2 0.001694 0.057095 0.913151 0.000107 0.027954
2 2 0.003561 0.073775 0.887767 0.000094 0.034803
2 2 0.002473 0.058335 0.906296 0.001474 0.031422
2 2 0.001772 0.059346 0.905434 0.000132 0.033316
2 2 0.007758 0.097594 0.854440 0.000679 0.039529
2 2 0.004095 0.074090 0.886480 0.001317 0.034018
2 2 0.002621 0.062615 0.898813 0.001288 0.034664
2 2 0.007593 0.086104 0.874604 0.001963 0.029736
2 2 0.001934 0.047253 0.930413 0.001111 0.019289
2 2 0.001659 0.060311 0.896632 0.000109 0.041289
2 2 0.001052 0.041241 0.938308 0.000112 0.019286
2 2 0.006375 0.106513 0.816633 0.000699 0.069780
2 2 0.006846 0.118211 0.801700 0.000360 0.072883
2 2 0.002732 0.083412 0.859160 0.000048 0.054649
2 2 0.024705 0.103640 0.665535 0.171084 0.035036
2 2 0.032521 0.109925 0.750097 0.082297 0.025159
2 2 0.239234 0.287889 0.384479 0.008874 0.079524
0 2 0.617891 0.207579 0.118524 0.002830 0.053176
0 2 0.380815 0.307746 0.210624 0.002175 0.098641
2 2 0.004466 0.082462 0.812708 0.006590 0.093774
2 2 0.003514 0.080155 0.861611 0.000368 0.054353
2 2 0.003453 0.105891 0.786887 0.000011 0.103757
2 2 0.004528 0.089711 0.847574 0.000236 0.057951
2 2 0.001741 0.055002 0.903678 0.000352 0.039228
2 2 0.001148 0.065822 0.863931 0.000002 0.069097
2 2 0.001390 0.054346 0.888155 0.000288 0.055821
2 2 0.001377 0.054955 0.902013 0.000030 0.041624
2 2 0.000788 0.035665 0.933624 0.000758 0.029164
2 2 0.002707 0.086371 0.838936 0.000023 0.071963
2 2 0.002138 0.059141 0.871630 0.003659 0.063431
2 2 0.004150 0.087916 0.817976 0.001610 0.088348
2 2 0.002447 0.066776 0.888155 0.000100 0.042522
2 2 0.001146 0.043971 0.916381 0.000731 0.037771
2 2 0.001359 0.043471 0.914843 0.005089 0.035239
2 2 0.003430 0.103908 0.711215 0.000104 0.181343
2 2 0.003881 0.101109 0.723580 0.000528 0.170901
2 2 0.001484 0.072246 0.852145 0.000010 0.074114
2 2 0.001811 0.074197 0.815853 0.000113 0.108026
2 2 0.002088 0.077101 0.789508 0.000364 0.130939
2 2 0.001933 0.069510 0.849396 0.000234 0.078927
2 2 0.001959 0.068896 0.845786 0.000343 0.083016
2 2 0.001415 0.052397 0.890412 0.000423 0.055354
2 2 0.002069 0.067062 0.799935 0.002331 0.128603
2 2 0.001941 0.077409 0.814605 0.000088 0.105957
2 2 0.004788 0.055096 0.903612 0.018472 0.018032
2 2 0.007469 0.067766 0.879518 0.021590 0.023657
2 2 0.003385 0.059888 0.887304 0.014429 0.034993
2 2 0.019776 0.122895 0.811100 0.004479 0.041750
2 2 0.009899 0.077538 0.872696 0.015412 0.024455
2 2 0.009271 0.109439 0.791420 0.012803 0.077068
2 2 0.004979 0.075290 0.865197 0.010040 0.044494
2 2 0.002545 0.041059 0.869952 0.069022 0.017421
2 2 0.020141 0.116485 0.816996 0.009320 0.037059
2 2 0.006864 0.082490 0.806293 0.044710 0.059643
2 2 0.002952 0.063698 0.897040 0.000851 0.035459
2 2 0.002856 0.056519 0.891523 0.009470 0.039631
2 2 0.001733 0.041914 0.937438 0.001789 0.017125
2 2 0.006103 0.078645 0.881900 0.000935 0.032418
2 2 0.003874 0.071545 0.880302 0.001819 0.042461
2 2 0.003728 0.052245 0.909135 0.013887 0.021005
2 2 0.002555 0.038651 0.888341 0.055157 0.015295
2 2 0.004832 0.050889 0.887868 0.039346 0.017065
2 2 0.002728 0.047877 0.902583 0.023773 0.023039
2 2 0.006496 0.078463 0.884866 0.002043 0.028132
2 2 0.005120 0.070131 0.896606 0.002083 0.026059
2 2 0.002620 0.047389 0.861328 0.058949 0.029714
2 2 0.003313 0.056042 0.913827 0.004018 0.022801
2 2 0.007033 0.041638 0.886425 0.057613 0.007291
2 2 0.002024 0.035949 0.933797 0.015523 0.012707
2 2 0.012492 0.107322 0.824027 0.008002 0.048157
2 2 0.007263 0.078129 0.864771 0.019274 0.030563
2 2 0.004601 0.063528 0.868510 0.030759 0.032601
2 2 0.005450 0.067534 0.879840 0.018162 0.029014
2 2 0.010390 0.097712 0.842515 0.007469 0.041913
2 2 0.002619 0.056633 0.908572 0.001807 0.030369
2 2 0.002190 0.051492 0.892592 0.008893 0.044833
2 2 0.027526 0.141319 0.752782 0.003896 0.074476
2 0 0.118319 0.282334 0.406315 0.000194 0.192838
2 1 0.044719 0.242965 0.568896 0.000009 0.143411
4 1 0.001416 0.116188 0.295406 0.000000 0.586989
2 2 0.001499 0.108603 0.506495 0.000000 0.383404
2 2 0.002098 0.122303 0.480265 0.000000 0.395333
2 2 0.001725 0.115677 0.473899 0.000000 0.408698
2 2 0.001716 0.117167 0.486731 0.000000 0.394387
2 2 0.004392 0.142383 0.547568 0.000001 0.305656
2 2 0.003779 0.137330 0.509898 0.000000 0.348992
2 2 0.001318 0.085373 0.761056 0.000000 0.152253
4 2 0.001384 0.111044 0.431701 0.000000 0.455871
2 1 0.003163 0.134073 0.438198 0.000000 0.424566
4 1 0.000260 0.072545 0.264887 0.000000 0.662308
4 1 0.000820 0.098636 0.335186 0.000000 0.565357
4 1 0.000340 0.076961 0.335552 0.000000 0.587147
4 1 0.000279 0.073492 0.300798 0.000000 0.625431
4 2 0.000391 0.080426 0.323769 0.000000 0.595415
4 2 0.000384 0.077861 0.390222 0.000000 0.531532
4 2 0.000294 0.071965 0.395582 0.000000 0.532159
4 2 0.000190 0.064979 0.346506 0.000000 0.588324
4 2 0.000252 0.067740 0.426604 0.000000 0.505404
4 2 0.000401 0.081717 0.292497 0.000000 0.625386
4 2 0.000489 0.087114 0.227418 0.000000 0.684979
4 4 0.000404 0.081984 0.285724 0.000000 0.631888
4 4 0.000612 0.092793 0.241893 0.000000 0.664702
4 4 0.001267 0.113665 0.252433 0.000000 0.632635
4 4 0.000630 0.092867 0.290617 0.000000 0.615886
4 4 0.001222 0.112612 0.246532 0.000000 0.639634
4 4 0.001320 0.115207 0.227102 0.000000 0.656370
4 4 0.000887 0.103103 0.217935 0.000000 0.678075
4 4 0.000721 0.097169 0.245356 0.000000 0.656754
4 4 0.001087 0.108745 0.264354 0.000000 0.625815
4 4 0.000668 0.095167 0.233655 0.000000 0.670510
4 4 0.001084 0.108790 0.256326 0.000000 0.633799
4 4 0.000858 0.102041 0.245262 0.000000 0.651840
4 4 0.000806 0.100289 0.243219 0.000000 0.655686
4 4 0.001434 0.117891 0.215338 0.000000 0.665336
4 4 0.000903 0.102686 0.291556 0.000000 0.604856
4 4 0.000803 0.100251 0.220740 0.000000 0.678207
4 4 0.000812 0.100393 0.253340 0.000000 0.645456
4 4 0.001635 0.121323 0.279839 0.000000 0.597203
4 4 0.001125 0.109364 0.284021 0.000000 0.605490
4 4 0.000982 0.106077 0.219428 0.000000 0.673512
4 4 0.001807 0.125059 0.266077 0.000000 0.607057
4 4 0.013450 0.197976 0.389842 0.000003 0.398729
2 4 0.002680 0.124870 0.596208 0.000000 0.276241
2 4 0.001531 0.090929 0.648039 0.000002 0.259500
4 4 0.002641 0.124340 0.159615 0.000000 0.713404
4 4 0.002663 0.096862 0.223825 0.000002 0.676649
4 4 0.003371 0.104130 0.161129 0.000001 0.731368
4 4 0.002463 0.097750 0.149100 0.000000 0.750687
4 4 0.003219 0.104999 0.151517 0.000001 0.740264
4 4 0.004400 0.114216 0.209450 0.000005 0.671929
4 4 0.004005 0.119284 0.192051 0.000001 0.684660
4 4 0.003183 0.108314 0.248271 0.000002 0.640230
4 4 0.017117 0.178133 0.267986 0.000103 0.536661
4 4 0.005582 0.137198 0.211547 0.000001 0.645671
2 4 0.001632 0.085654 0.638174 0.000002 0.274538
2 4 0.001613 0.112841 0.464824 0.000000 0.420722
4 4 0.004638 0.151652 0.400530 0.000000 0.443180
4 0 0.003057 0.139369 0.359550 0.000000 0.498024
4 4 0.000670 0.094510 0.168100 0.000000 0.736720
4 4 0.000739 0.097301 0.282653 0.000000 0.619308
4 4 0.000215 0.068836 0.216174 0.000000 0.714775
4 4 0.000231 0.070195 0.212595 0.000000 0.716978
4 4 0.000228 0.069526 0.176755 0.000000 0.753491
4 4 0.000218 0.068992 0.210599 0.000000 0.720192
4 4 0.000602 0.092154 0.190556 0.000000 0.716688
4 4 0.000570 0.089759 0.153044 0.000000 0.756627
4 4 0.001222 0.112690 0.203402 0.000000 0.682685
4 4 0.000905 0.102951 0.169153 0.000000 0.726991
4 4 0.000936 0.104075 0.174072 0.000000 0.720918
4 4 0.001287 0.114339 0.204762 0.000000 0.679613
4 4 0.003445 0.144918 0.343386 0.000000 0.508251
4 4 0.000462 0.085334 0.184307 0.000000 0.729898
4 4 0.000465 0.084552 0.148799 0.000000 0.766184
4 4 0.001160 0.111136 0.219267 0.000000 0.668437
4 4 0.001104 0.106802 0.125954 0.000000 0.766140
4 4 0.001085 0.107760 0.152901 0.000000 0.738255
4 4 0.002542 0.137897 0.226533 0.000000 0.633027
4 4 0.001721 0.123000 0.161817 0.000000 0.713462
4 4 0.003038 0.144617 0.191733 0.000000 0.660612
4 4 0.001674 0.122993 0.204507 0.000000 0.670825
4 4 0.001940 0.127982 0.194563 0.000000 0.675515
4 4 0.002606 0.140596 0.280482 0.000000 0.576317
4 1 0.002712 0.144144 0.365722 0.000000 0.487422
4 2 0.001677 0.122799 0.185833 0.000000 0.689691
4 2 0.001776 0.125054 0.220696 0.000000 0.652475
4 2 0.001935 0.127447 0.173452 0.000000 0.697167
4 2 0.002777 0.142216 0.216117 0.000000 0.638889
4 2 0.001864 0.125854 0.164546 0.000000 0.707736
4 2 0.001813 0.124752 0.160941 0.000000 0.712494
4 2 0.002389 0.133806 0.144150 0.000000 0.719655
4 2 0.002940 0.143390 0.195599 0.000000 0.658071
4 2 0.002217 0.132334 0.173977 0.000000 0.691472
4 2 0.003698 0.152471 0.190983 0.000000 0.652848
4 2 0.002002 0.128264 0.161843 0.000000 0.707891
4 2 0.002134 0.131092 0.179291 0.000000 0.687483
4 2 0.004341 0.159006 0.234775 0.000000 0.601878
4 2 0.002812 0.152597 0.309544 0.000000 0.535047
4 2 0.006876 0.176566 0.297648 0.000000 0.518909
4 2 0.003713 0.148055 0.355332 0.000000 0.492900
4 2 0.002345 0.134709 0.187771 0.000000 0.675175
4 2 0.005643 0.175432 0.305499 0.000000 0.513426
2 2 0.011039 0.184458 0.513261 0.000006 0.291236
4 2 0.002895 0.142883 0.214816 0.000000 0.639406
4 2 0.003514 0.150766 0.224655 0.000000 0.621065
4 2 0.003933 0.155116 0.216739 0.000000 0.624211
4 2 0.005823 0.173821 0.264786 0.000000 0.555570
4 2 0.002885 0.151801 0.375968 0.000000 0.469347
4 2 0.005538 0.176827 0.256577 0.000000 0.561057
4 2 0.006055 0.173530 0.231165 0.000000 0.589250
4 2 0.001749 0.124391 0.240613 0.000000 0.633247
4 2 0.001762 0.124769 0.209891 0.000000 0.663578
4 2 0.002682 0.140100 0.237644 0.000000 0.619573
4 2 0.002219 0.132767 0.239223 0.000000 0.625791
4 2 0.003319 0.147733 0.251590 0.000000 0.597358
4 2 0.002922 0.150434 0.272989 0.000000 0.573655
4 2 0.002598 0.140015 0.245128 0.000000 0.612259
4 2 0.002325 0.140278 0.288649 0.000000 0.568748
4 2 0.003889 0.156819 0.352818 0.000000 0.486473
4 2 0.003380 0.155619 0.352068 0.000000 0.488934
4 2 0.007345 0.184214 0.360267 0.000000 0.448173
4 2 0.003738 0.158000 0.405522 0.000000 0.432739
2 2 0.004923 0.168318 0.439597 0.000000 0.387163
2 2 0.007296 0.144398 0.627158 0.000037 0.221112
2 2 0.005098 0.166261 0.552500 0.000001 0.276140
2 2 0.005190 0.168589 0.453947 0.000000 0.372273
2 2 0.008157 0.187205 0.403387 0.000001 0.401251
2 2 0.006514 0.144677 0.572723 0.000021 0.276065
2 2 0.006611 0.133305 0.642762 0.000110 0.217212
2 2 0.006353 0.164164 0.524522 0.000001 0.304960
2 2 0.005861 0.083851 0.859037 0.003794 0.047456
2 2 0.010661 0.139768 0.747390 0.000591 0.101589
2 2 0.011609 0.128700 0.758268 0.004948 0.096474
2 2 0.009611 0.115252 0.791461 0.002788 0.080889
2 2 0.019046 0.203720 0.593701 0.000121 0.183412
2 2 0.013375 0.157565 0.705220 0.000277 0.123563
2 2 0.006936 0.093543 0.845728 0.000872 0.052921
4 2 0.005623 0.172877 0.326922 0.000000 0.494578
2 2 0.001497 0.074677 0.849870 0.000004 0.073952
2 0 0.147012 0.282160 0.390796 0.001424 0.178609
2 1 0.019819 0.164552 0.648442 0.009474 0.157713
2 1 0.061542 0.202101 0.392696 0.104494 0.239167
2 2 0.110653 0.266363 0.498519 0.004960 0.119504
2 2 0.032829 0.191965 0.700839 0.000188 0.074178
2 2 0.094358 0.256572 0.440513 0.015703 0.192855
2 2 0.002131 0.101067 0.779522 0.000002 0.117279
2 2 0.002176 0.075071 0.871711 0.000055 0.050987
2 2 0.002672 0.074244 0.837033 0.001626 0.084425
2 2 0.001869 0.059602 0.903150 0.000352 0.035027
2 2 0.003522 0.099012 0.831058 0.000041 0.066367
2 2 0.014542 0.143270 0.724798 0.009801 0.107589
2 2 0.012210 0.163947 0.685844 0.000523 0.137476
2 2 0.018236 0.152306 0.681102 0.024316 0.124040
2 2 0.012953 0.137612 0.780518 0.000839 0.068079
2 2 0.042634 0.200461 0.599846 0.024452 0.132607
2 2 0.005415 0.099461 0.834033 0.000671 0.060421
2 2 0.001538 0.062032 0.899367 0.000033 0.037030
2 2 0.002501 0.062863 0.879538 0.004973 0.050125
2 2 0.003034 0.069494 0.885919 0.001801 0.039752
2 2 0.002955 0.067067 0.888525 0.001746 0.039707
2 2 0.005994 0.114863 0.805066 0.000297 0.073781
2 2 0.006687 0.129686 0.776065 0.000143 0.087419
2 2 0.014467 0.143009 0.748370 0.006853 0.087301
2 2 0.013032 0.164847 0.731817 0.000302 0.090001
2 2 0.009141 0.132994 0.759411 0.001465 0.096989
2 2 0.001856 0.053859 0.919678 0.000495 0.024112
2 2 0.006026 0.102636 0.838619 0.000644 0.052075
2 2 0.006988 0.097022 0.854154 0.001905 0.039930
2 2 0.007715 0.122592 0.809983 0.000243 0.059467
2 2 0.006989 0.110569 0.828255 0.000522 0.053666
2 2 0.002050 0.063739 0.904480 0.000134 0.029597
2 2 0.002154 0.078761 0.870320 0.000029 0.048736
2 2 0.002145 0.061807 0.900676 0.000734 0.034638
2 2 0.002570 0.059477 0.906632 0.001562 0.029758
2 2 0.002498 0.063695 0.893724 0.001336 0.038746
2 2 0.003195 0.098535 0.830187 0.000028 0.068055
2 2 0.003024 0.068095 0.866874 0.006988 0.055020
2 2 0.004263 0.093107 0.845933 0.000407 0.056291
2 2 0.002440 0.066141 0.876415 0.002599 0.052405
2 2 0.001887 0.074410 0.873033 0.000020 0.050651
2 2 0.003740 0.089288 0.815995 0.001853 0.089124
2 2 0.003008 0.078338 0.854072 0.000929 0.063655
2 2 0.002835 0.086312 0.846732 0.000124 0.063996
2 2 0.002058 0.072526 0.864903 0.000232 0.060282
2 2 0.003424 0.099810 0.799604 0.000174 0.096988
2 2 0.009527 0.117346 0.804403 0.004448 0.064277
2 2 0.002336 0.074226 0.883610 0.000072 0.039757
2 2 0.001193 0.049399 0.925150 0.000064 0.024194
2 2 0.001757 0.057531 0.909129 0.000260 0.031324
2 2 0.001309 0.044142 0.933405 0.000835 0.020309
2 2 0.002348 0.046160 0.892631 0.036837 0.022024
2 2 0.004289 0.062614 0.906531 0.005747 0.020820
2 2 0.003076 0.066662 0.899143 0.001578 0.029541
2 2 0.003104 0.060970 0.897424 0.008874 0.029628
2 2 0.010205 0.101669 0.842434 0.006511 0.039181
2 2 0.058146 0.121203 0.765764 0.040458 0.014429
2 2 0.081820 0.133606 0.743339 0.027880 0.013355
0 1 0.457164 0.238820 0.230341 0.003875 0.069800
0 2 0.892306 0.073714 0.026435 0.000051 0.007494
0 0 0.387964 0.271965 0.238735 0.001659 0.099678
4 0 0.009135 0.188102 0.109593 0.000000 0.693169
4 0 0.012581 0.206611 0.202245 0.000000 0.578562
4 0 0.008413 0.188420 0.161131 0.000000 0.642036
4 0 0.003371 0.144678 0.115202 0.000000 0.736749
4 1 0.001313 0.108783 0.091019 0.000000 0.798885
4 1 0.002976 0.151882 0.345960 0.000000 0.499182
4 1 0.001965 0.128097 0.176995 0.000000 0.692943
4 1 0.001133 0.109546 0.165002 0.000000 0.724320
4 2 0.001215 0.112020 0.175482 0.000000 0.711284
4 2 0.001581 0.120779 0.254975 0.000000 0.622665
4 2 0.000727 0.097000 0.276003 0.000000 0.626270
4 2 0.000553 0.089911 0.269855 0.000000 0.639681
4 2 0.000387 0.081508 0.232222 0.000000 0.685882
4 2 0.000253 0.072165 0.231987 0.000000 0.695594
4 2 0.000760 0.096005 0.350292 0.000000 0.552943
4 2 0.000338 0.078244 0.200002 0.000000 0.721417
4 2 0.000377 0.080857 0.219741 0.000000 0.699026
4 2 0.000259 0.072212 0.180378 0.000000 0.747151
4 2 0.000341 0.078400 0.263027 0.000000 0.658233
4 2 0.000340 0.077928 0.172315 0.000000 0.749417
4 2 0.000356 0.079295 0.272938 0.000000 0.647411
4 2 0.000569 0.089873 0.307531 0.000000 0.602027
4 2 0.000352 0.079227 0.255808 0.000000 0.664612
2 0 0.005482 0.149315 0.476704 0.000001 0.368499
2 0 0.008789 0.144378 0.604022 0.000012 0.242799
4 1 0.000084 0.052341 0.264040 0.000000 0.683535
4 1 0.000070 0.049424 0.291422 0.000000 0.659084
4 2 0.000104 0.055591 0.210648 0.000000 0.733658
4 2 0.000148 0.061410 0.289729 0.000000 0.648713
4 2 0.000108 0.051932 0.464450 0.000000 0.483511
4 2 0.000071 0.048987 0.335939 0.000000 0.615003
4 2 0.000084 0.050329 0.393920 0.000000 0.555668
4 2 0.000088 0.050174 0.423840 0.000000 0.525898
4 2 0.000049 0.044596 0.244410 0.000000 0.710945
4 2 0.000056 0.044313 0.413115 0.000000 0.542515
4 2 0.000048 0.044246 0.292934 0.000000 0.662771
4 2 0.000096 0.052400 0.391179 0.000000 0.556325
4 2 0.000163 0.063271 0.278514 0.000000 0.658052
4 2 0.000074 0.050373 0.275525 0.000000 0.674028
4 2 0.000061 0.047482 0.267786 0.000000 0.684672
2 2 0.054178 0.286194 0.355936 0.000000 0.303692
1 1 0.188700 0.341819 0.174367 0.000163 0.294951
2 1 0.005250 0.109768 0.788001 0.000587 0.096394
2 2 0.004233 0.095456 0.826478 0.000443 0.073389
2 2 0.006455 0.098301 0.741514 0.027629 0.126101
4 2 0.008085 0.089183 0.018533 0.000001 0.884198
4 2 0.008133 0.079408 0.019965 0.000016 0.892478
4 2 0.025788 0.132147 0.004805 0.000000 0.837260
4 4 0.002881 0.058580 0.011887 0.000000 0.926651
4 4 0.003059 0.076224 0.018140 0.000000 0.902577
2 4 0.006288 0.121207 0.664940 0.002498 0.205066
2 4 0.005815 0.103496 0.670274 0.019237 0.201178
4 4 0.036175 0.212266 0.343769 0.001341 0.406449
1 4 0.140211 0.348575 0.176289 0.000004 0.334921
4 4 0.098862 0.337850 0.120240 0.000000 0.443048
4 4 0.001381 0.116411 0.189681 0.000000 0.692527
4 4 0.000513 0.088154 0.197388 0.000000 0.713946
4 4 0.000267 0.072769 0.175284 0.000000 0.751679
4 4 0.000199 0.066945 0.185983 0.000000 0.746874
4 4 0.000168 0.063982 0.260605 0.000000 0.675245
4 4 0.000122 0.058394 0.224103 0.000000 0.717381
4 4 0.000080 0.051534 0.259099 0.000000 0.689287
4 4 0.000136 0.060249 0.210747 0.000000 0.728868
4 4 0.000087 0.052956 0.234233 0.000000 0.712724
4 4 0.000132 0.059234 0.305620 0.000000 0.635014
2 4 0.001521 0.082182 0.697922 0.000000 0.218375
4 1 0.000306 0.076128 0.246478 0.000000 0.677088
4 1 0.000162 0.063394 0.214195 0.000000 0.722249
4 1 0.000119 0.057892 0.246297 0.000000 0.695692
4 4 0.000246 0.071519 0.236905 0.000000 0.691330
4 4 0.000075 0.050675 0.264090 0.000000 0.685159
4 4 0.000184 0.062533 0.410227 0.000000 0.527056
4 4 0.000051 0.044737 0.316513 0.000000 0.638700
4 4 0.000107 0.055889 0.289805 0.000000 0.654200
2 4 0.000421 0.075674 0.477735 0.000000 0.446169
4 4 0.000196 0.061786 0.458543 0.000000 0.479475
4 4 0.000467 0.083306 0.363464 0.000000 0.552763
4 4 0.000244 0.069310 0.363079 0.000000 0.567368
4 4 0.000105 0.055576 0.284048 0.000000 0.660271
4 4 0.000171 0.063836 0.301409 0.000000 0.634584
4 4 0.000103 0.054899 0.323269 0.000000 0.621728
4 4 0.000152 0.062183 0.250149 0.000000 0.687516
4 4 0.000125 0.058438 0.288071 0.000000 0.653367
4 4 0.000111 0.055983 0.323096 0.000000 0.620810
2 4 0.001269 0.062454 0.799042 0.000001 0.137234
4 4 0.000120 0.056428 0.367513 0.000000 0.575939
4 4 0.000075 0.050532 0.254713 0.000000 0.694681
4 4 0.000097 0.054565 0.214776 0.000000 0.730561
4 4 0.000090 0.053374 0.272034 0.000000 0.674501
4 4 0.000088 0.052973 0.208669 0.000000 0.738270
4 4 0.000097 0.054658 0.226559 0.000000 0.718686
4 4 0.000067 0.048951 0.259812 0.000000 0.691170
4 4 0.000071 0.049618 0.280329 0.000000 0.669982
4 4 0.000218 0.066661 0.379025 0.000000 0.554097
4 4 0.000063 0.047789 0.296094 0.000000 0.656054
4 4 0.000141 0.060430 0.301206 0.000000 0.638222
4 4 0.000233 0.069280 0.327515 0.000000 0.602972
4 4 0.000099 0.053928 0.336772 0.000000 0.609202
4 4 0.000060 0.047469 0.250889 0.000000 0.701582
4 4 0.000102 0.055301 0.262376 0.000000 0.682221
4 4 0.000094 0.054089 0.221999 0.000000 0.723818
4 4 0.000068 0.048526 0.323816 0.000000 0.627590
4 4 0.000089 0.053339 0.241079 0.000000 0.705493
2 1 0.003348 0.089982 0.746047 0.000006 0.160617
4 1 0.002211 0.132595 0.422673 0.000000 0.442521
4 1 0.003690 0.150667 0.144012 0.000000 0.701631
4 1 0.003840 0.151639 0.134298 0.000000 0.710223
4 1 0.005999 0.174130 0.176178 0.000000 0.643693
4 1 0.006826 0.179310 0.201250 0.000000 0.612613
4 1 0.002955 0.139440 0.114256 0.000000 0.743349
4 1 0.002033 0.129746 0.205379 0.000000 0.662842
4 1 0.001611 0.121741 0.212602 0.000000 0.664047
4 1 0.001038 0.107134 0.173046 0.000000 0.718782
4 1 0.000845 0.100579 0.157163 0.000000 0.741413
4 1 0.000440 0.083483 0.157031 0.000000 0.759046
4 1 0.000324 0.077227 0.195842 0.000000 0.726607
4 1 0.000335 0.078071 0.199126 0.000000 0.722468
4 1 0.000242 0.070894 0.184920 0.000000 0.743944
4 1 0.000282 0.074343 0.206891 0.000000 0.718484
4 1 0.000212 0.068287 0.194271 0.000000 0.737230
4 1 0.000174 0.064554 0.201165 0.000000 0.734108
4 1 0.000251 0.071463 0.174193 0.000000 0.754093
4 1 0.000190 0.066362 0.208196 0.000000 0.725252
4 1 0.000177 0.064754 0.184956 0.000000 0.750112
2 1 0.004006 0.085044 0.783095 0.000022 0.127833
4 1 0.000089 0.053189 0.224800 0.000000 0.721923
4 1 0.000067 0.048898 0.218664 0.000000 0.732371
4 1 0.000068 0.049240 0.232047 0.000000 0.718644
4 1 0.000058 0.046921 0.254692 0.000000 0.698330
4 2 0.000047 0.043754 0.301607 0.000000 0.654593
4 2 0.000052 0.045450 0.258497 0.000000 0.696001
4 2 0.000067 0.048617 0.312546 0.000000 0.638770
4 2 0.000066 0.048700 0.245293 0.000000 0.705941
4 2 0.000044 0.042913 0.301294 0.000000 0.655750
4 2 0.000055 0.045200 0.349908 0.000000 0.604838
4 2 0.000051 0.045109 0.292882 0.000000 0.661957
4 2 0.000065 0.047330 0.356239 0.000000 0.596366
4 2 0.000056 0.046351 0.252555 0.000000 0.701039
4 2 0.000058 0.046545 0.300053 0.000000 0.653344
4 2 0.000064 0.048225 0.273259 0.000000 0.678452
4 2 0.000057 0.046541 0.283991 0.000000 0.669411
4 2 0.000049 0.044606 0.289336 0.000000 0.666008
4 2 0.000056 0.046451 0.256059 0.000000 0.697434
4 2 0.000077 0.048178 0.428755 0.000000 0.522989
4 2 0.000055 0.046117 0.283019 0.000000 0.670809
4 2 0.000076 0.049724 0.349647 0.000000 0.600553
4 2 0.000095 0.053992 0.291039 0.000000 0.654874
4 2 0.000105 0.054466 0.357389 0.000000 0.588040
4 2 0.000120 0.056955 0.342596 0.000000 0.600328
4 2 0.000085 0.050882 0.375852 0.000000 0.573181
4 2 0.000096 0.053557 0.334493 0.000000 0.611854
4 2 0.000235 0.066485 0.425885 0.000000 0.507394
4 2 0.000119 0.056350 0.365653 0.000000 0.577877
4 2 0.000132 0.056479 0.421436 0.000000 0.521953
2 2 0.000194 0.060781 0.479901 0.000000 0.459124
4 2 0.000293 0.072296 0.385687 0.000000 0.541723
4 2 0.000170 0.059695 0.451426 0.000000 0.488709
2 2 0.000245 0.058699 0.590011 0.000000 0.351045
2 2 0.000228 0.063175 0.488654 0.000000 0.447943
2 2 0.000406 0.072045 0.525664 0.000000 0.401885
2 2 0.077771 0.156579 0.728489 0.000117 0.037044
2 0 0.088240 0.284025 0.380976 0.000131 0.246628
2 1 0.015966 0.132278 0.730244 0.033006 0.088505
2 2 0.002658 0.051945 0.879948 0.031400 0.034049
2 2 0.004914 0.078138 0.869368 0.006748 0.040831
2 2 0.010285 0.108829 0.775437 0.035675 0.069773
2 2 0.003917 0.076755 0.876132 0.001920 0.041277
2 2 0.015707 0.144846 0.750308 0.007303 0.081836
2 2 0.028553 0.142191 0.746903 0.028305 0.054048
1 2 0.252418 0.337272 0.162190 0.000504 0.247616
4 2 0.015396 0.150182 0.279155 0.001854 0.553413
4 2 0.014343 0.171715 0.345534 0.000379 0.468028
2 2 0.005211 0.108589 0.679928 0.002650 0.203622
2 2 0.004449 0.100688 0.704303 0.003964 0.186596
2 2 0.006987 0.155088 0.631622 0.000074 0.206230
2 2 0.091302 0.225094 0.541682 0.002724 0.139198
1 0 0.154592 0.347443 0.240210 0.000001 0.257753
1 0 0.275467 0.347047 0.206006 0.000000 0.171479
0 0 0.405973 0.336793 0.106594 0.000000 0.150640
0 0 0.568417 0.275216 0.058760 0.000000 0.097607
4 0 0.000140 0.060040 0.160363 0.000000 0.779456
4 0 0.000204 0.067728 0.216681 0.000000 0.715387
4 0 0.000191 0.065909 0.171900 0.000000 0.762000
4 0 0.000183 0.063188 0.115150 0.000000 0.821479
4 1 0.000120 0.057353 0.158687 0.000000 0.783840
4 1 0.000163 0.062179 0.143293 0.000000 0.794365
4 1 0.000241 0.069073 0.126689 0.000000 0.803996
4 1 0.000267 0.071584 0.137086 0.000000 0.791063
4 1 0.000194 0.064915 0.128143 0.000000 0.806748
4 1 0.000153 0.061597 0.159511 0.000000 0.778738
4 1 0.000107 0.055071 0.146975 0.000000 0.797847
