0 0 0.882916 0.042862 0.004426 0.000113 0.069683
0 0 0.671205 0.094137 0.008555 0.000268 0.225835
0 0 0.831923 0.077550 0.002645 0.000004 0.087877
0 0 0.845277 0.053460 0.002727 0.000024 0.098512
0 0 0.825573 0.076603 0.002220 0.000002 0.095601
4 0 0.387353 0.148392 0.007826 0.000003 0.456426
4 0 0.327723 0.176643 0.007993 0.000001 0.487639
0 0 0.420054 0.188081 0.006701 0.000000 0.385164
0 0 0.632370 0.116829 0.004178 0.000003 0.246620
0 0 0.536154 0.173915 0.005385 0.000000 0.284545
0 0 0.647078 0.130538 0.004498 0.000001 0.217884
0 0 0.552286 0.186668 0.005834 0.000001 0.255213
0 0 0.459745 0.177268 0.009429 0.000001 0.353558
0 0 0.623922 0.135572 0.005018 0.000001 0.235487
0 0 0.507937 0.171397 0.007720 0.000001 0.312945
0 0 0.826698 0.057830 0.003449 0.000009 0.112014
0 0 0.786774 0.061646 0.003889 0.000052 0.147639
0 0 0.795775 0.070076 0.002834 0.000006 0.131310
0 0 0.824919 0.053124 0.002909 0.000034 0.119014
0 0 0.614958 0.117433 0.007405 0.000017 0.260188
0 1 0.595529 0.157205 0.007376 0.000001 0.239889
0 1 0.716988 0.117811 0.005373 0.000004 0.159824
0 1 0.492942 0.178266 0.010256 0.000001 0.318534
0 1 0.698490 0.128454 0.006073 0.000001 0.166983
0 0 0.871300 0.061928 0.004685 0.000020 0.062067
0 0 0.919809 0.029604 0.005061 0.000274 0.045252
0 0 0.854260 0.068990 0.007163 0.000076 0.069510
0 0 0.868354 0.065029 0.003073 0.000006 0.063537
0 0 0.831867 0.065486 0.003205 0.000018 0.099424
0 0 0.692698 0.150624 0.004810 0.000000 0.151868
4 0 0.183351 0.243237 0.013285 0.000001 0.560126
4 1 0.039790 0.245955 0.026750 0.000003 0.687501
4 1 0.056163 0.230694 0.025572 0.000001 0.687570
4 1 0.057016 0.254175 0.027809 0.000001 0.660999
4 1 0.028639 0.165434 0.022744 0.000000 0.783183
4 1 0.002332 0.089849 0.067025 0.000020 0.840774
4 2 0.002453 0.100074 0.126923 0.000047 0.770503
4 2 0.003969 0.089036 0.094902 0.000063 0.812030
4 1 0.020658 0.237727 0.048699 0.000004 0.692912
4 2 0.003009 0.098833 0.154281 0.000171 0.743706
2 2 0.000225 0.035396 0.871414 0.004444 0.088521
2 2 0.000351 0.029911 0.919378 0.020278 0.030082
2 2 0.000243 0.022227 0.944857 0.009300 0.023373
2 2 0.000237 0.024605 0.929805 0.007424 0.037929
2 2 0.000058 0.013439 0.955964 0.008300 0.022237
2 2 0.000007 0.001809 0.983835 0.013775 0.000574
2 2 0.000037 0.004944 0.990183 0.003119 0.001716
2 2 0.000026 0.003554 0.990629 0.004651 0.001140
2 2 0.000011 0.001972 0.980378 0.017188 0.000452
2 2 0.000035 0.008315 0.982353 0.002854 0.006443
2 2 0.000062 0.003515 0.972896 0.022674 0.000852
2 2 0.000202 0.015203 0.966571 0.007094 0.010929
2 2 0.000021 0.002296 0.974463 0.022555 0.000664
2 2 0.000100 0.007952 0.965412 0.022146 0.004389
2 2 0.000069 0.004451 0.943970 0.049857 0.001653
2 2 0.000001 0.000275 0.875804 0.123878 0.000041
2 2 0.000012 0.000989 0.912347 0.086541 0.000111
2 2 0.000006 0.000667 0.779049 0.220149 0.000130
2 2 0.000004 0.001003 0.957285 0.041324 0.000384
2 2 0.000004 0.000379 0.754708 0.244863 0.000046
2 2 0.000027 0.000941 0.601616 0.397348 0.000068
2 2 0.000009 0.001171 0.728981 0.269426 0.000412
3 2 0.000009 0.000445 0.474273 0.525249 0.000025
3 2 0.000046 0.001482 0.461258 0.536855 0.000358
3 2 0.000022 0.000789 0.412285 0.586821 0.000082
3 2 0.000007 0.000371 0.481592 0.518011 0.000020
3 2 0.000001 0.000052 0.132380 0.867566 0.000002
3 2 0.000003 0.000264 0.307264 0.692420 0.000048
3 2 0.000024 0.000521 0.206079 0.793353 0.000023
3 2 0.000009 0.000401 0.248963 0.750580 0.000047
3 3 0.000030 0.000443 0.059022 0.940449 0.000056
3 3 0.000007 0.000178 0.057080 0.942719 0.000017
3 3 0.000012 0.000274 0.071455 0.928228 0.000031
3 3 0.000002 0.000065 0.039596 0.960334 0.000003
3 3 0.000008 0.000190 0.055128 0.944656 0.000018
3 3 0.000003 0.000126 0.072245 0.927615 0.000012
3 3 0.000004 0.000100 0.040009 0.959881 0.000007
3 3 0.000002 0.000091 0.061774 0.938125 0.000007
3 3 0.000001 0.000063 0.054578 0.945353 0.000004
3 3 0.000001 0.000061 0.047313 0.952621 0.000003
3 3 0.000008 0.000151 0.032164 0.967664 0.000012
3 3 0.000007 0.000149 0.037822 0.962009 0.000012
3 3 0.000004 0.000093 0.026324 0.973573 0.000006
3 3 0.000002 0.000047 0.017326 0.982623 0.000002
3 3 0.000011 0.000133 0.017572 0.982275 0.000009
3 3 0.000008 0.000102 0.015439 0.984445 0.000006
3 3 0.000001 0.000025 0.011106 0.988867 0.000001
3 3 0.000005 0.000074 0.015283 0.984634 0.000004
3 3 0.000002 0.000031 0.007527 0.992439 0.000001
3 3 0.000009 0.000093 0.011314 0.988579 0.000005
3 3 0.000034 0.000432 0.048127 0.951355 0.000052
3 3 0.000005 0.000131 0.045616 0.954237 0.000011
3 3 0.000004 0.000085 0.028918 0.970988 0.000005
3 3 0.000017 0.000305 0.056266 0.943377 0.000034
3 3 0.000027 0.000399 0.055496 0.944031 0.000048
3 3 0.000005 0.000094 0.025123 0.974771 0.000006
3 3 0.000011 0.000155 0.023201 0.976622 0.000011
3 3 0.000007 0.000108 0.019941 0.979937 0.000007
3 3 0.000008 0.000131 0.023660 0.976191 0.000009
3 3 0.000005 0.000095 0.024988 0.974906 0.000006
3 3 0.000003 0.000068 0.020309 0.979616 0.000004
3 3 0.000002 0.000032 0.008137 0.991828 0.000001
3 3 0.000001 0.000018 0.007592 0.992388 0.000001
3 3 0.000002 0.000056 0.020340 0.979598 0.000003
3 3 0.000001 0.000039 0.017496 0.982461 0.000002
3 3 0.000026 0.000232 0.018668 0.981055 0.000018
3 3 0.000029 0.000230 0.016375 0.983348 0.000018
3 3 0.000028 0.000225 0.016233 0.983496 0.000017
3 3 0.000022 0.000186 0.015005 0.984774 0.000013
3 3 0.000025 0.000205 0.015617 0.984138 0.000015
3 3 0.000037 0.000275 0.017599 0.982067 0.000023
3 3 0.000005 0.000065 0.009726 0.990201 0.000003
3 3 0.000021 0.000197 0.017504 0.982263 0.000015
3 3 0.000010 0.000105 0.011888 0.987991 0.000006
3 3 0.000069 0.000439 0.021311 0.978138 0.000044
3 3 0.000043 0.000312 0.018752 0.980865 0.000027
3 3 0.000014 0.000131 0.012993 0.986855 0.000008
3 3 0.000003 0.000046 0.008470 0.991479 0.000002
3 3 0.000018 0.000161 0.014145 0.985666 0.000011
3 3 0.000011 0.000109 0.012072 0.987802 0.000006
3 3 0.000001 0.000020 0.005999 0.993979 0.000001
3 3 0.000004 0.000050 0.008754 0.991190 0.000002
3 3 0.000003 0.000043 0.008258 0.991694 0.000002
3 3 0.000007 0.000077 0.010500 0.989413 0.000004
3 3 0.000002 0.000026 0.006675 0.993296 0.000001
3 3 0.000045 0.000525 0.051153 0.948209 0.000068
3 3 0.000302 0.002320 0.148402 0.848714 0.000262
3 3 0.000056 0.001175 0.253155 0.745440 0.000174
3 2 0.000157 0.002648 0.421149 0.575605 0.000442
3 2 0.000010 0.000363 0.190834 0.808758 0.000036
2 2 0.000203 0.009602 0.902877 0.080639 0.006679
2 2 0.000254 0.007817 0.884374 0.103683 0.003871
2 2 0.000339 0.006998 0.809507 0.180631 0.002525
2 2 0.000152 0.003582 0.806916 0.188494 0.000856
2 2 0.000379 0.014400 0.887652 0.088362 0.009207
2 2 0.000175 0.003047 0.731404 0.265103 0.000271
2 2 0.000037 0.001279 0.611547 0.386978 0.000159
2 2 0.000325 0.004422 0.595945 0.398681 0.000628
3 2 0.000073 0.001799 0.425614 0.572144 0.000371
2 2 0.000074 0.001925 0.556981 0.440705 0.000315
3 2 0.000016 0.000503 0.194618 0.804798 0.000065
3 2 0.000073 0.001242 0.214136 0.784387 0.000162
3 2 0.000185 0.002075 0.243809 0.753734 0.000198
3 2 0.000014 0.000452 0.202412 0.797076 0.000047
3 2 0.000015 0.000439 0.209354 0.790162 0.000030
3 2 0.000005 0.000190 0.146270 0.853524 0.000011
3 2 0.000002 0.000113 0.093051 0.906826 0.000008
3 2 0.000003 0.000179 0.238316 0.761494 0.000007
3 2 0.000001 0.000103 0.200057 0.799835 0.000004
3 3 0.000008 0.000253 0.098032 0.901681 0.000027
3 3 0.000069 0.001415 0.398974 0.599421 0.000122
3 3 0.000011 0.000384 0.149906 0.849643 0.000056
3 3 0.000046 0.000844 0.189674 0.809361 0.000075
3 3 0.000019 0.000342 0.078526 0.921089 0.000024
3 3 0.000028 0.000685 0.190600 0.808598 0.000089
3 3 0.000008 0.000128 0.023750 0.976105 0.000009
3 3 0.000019 0.000291 0.049990 0.949676 0.000023
3 3 0.000004 0.000097 0.029595 0.970297 0.000007
3 3 0.000025 0.000379 0.055458 0.944094 0.000045
3 3 0.000001 0.000042 0.020737 0.979217 0.000002
3 3 0.000012 0.000116 0.012357 0.987509 0.000007
3 3 0.000019 0.000210 0.022373 0.977380 0.000017
3 3 0.000010 0.000135 0.021555 0.978291 0.000009
3 3 0.000007 0.000100 0.016274 0.983612 0.000006
3 3 0.000007 0.000109 0.019227 0.980650 0.000007
3 3 0.000036 0.000341 0.028511 0.971078 0.000034
3 3 0.000019 0.000218 0.024235 0.975509 0.000018
3 3 0.000028 0.000223 0.016172 0.983560 0.000017
3 3 0.000016 0.000148 0.013682 0.986144 0.000010
3 3 0.000063 0.000423 0.022085 0.977387 0.000042
3 3 0.000026 0.000235 0.019263 0.980457 0.000019
3 3 0.000022 0.000183 0.014917 0.984865 0.000013
3 3 0.000021 0.000183 0.014911 0.984872 0.000013
3 3 0.001312 0.004040 0.052066 0.941623 0.000959
3 2 0.000438 0.001886 0.058510 0.938984 0.000181
2 2 0.161171 0.143464 0.636604 0.037146 0.021614
2 2 0.002183 0.030967 0.888020 0.068266 0.010564
2 2 0.008048 0.032488 0.913557 0.039922 0.005986
2 2 0.001570 0.012126 0.902617 0.082110 0.001578
2 2 0.001072 0.010294 0.909804 0.077205 0.001624
2 2 0.229057 0.170329 0.445787 0.021159 0.133667
2 2 0.042186 0.170285 0.705850 0.013287 0.068392
2 2 0.002953 0.036176 0.933059 0.010543 0.017269
0 0 0.499025 0.244167 0.146721 0.003011 0.107076
2 1 0.119389 0.266898 0.500137 0.005432 0.108145
2 2 0.000856 0.042383 0.928697 0.006035 0.022029
2 2 0.000283 0.013006 0.969213 0.011915 0.005583
2 2 0.000110 0.008700 0.975125 0.010925 0.005140
2 2 0.000250 0.013779 0.953269 0.022965 0.009736
2 2 0.000099 0.016749 0.953874 0.009047 0.020231
2 2 0.000229 0.004736 0.926062 0.067754 0.001220
2 2 0.001018 0.010597 0.912291 0.073915 0.002180
2 2 0.000608 0.011740 0.924443 0.059456 0.003753
2 2 0.000913 0.008673 0.929491 0.059962 0.000961
2 2 0.000192 0.003816 0.963862 0.031565 0.000565
2 2 0.000079 0.003605 0.958401 0.037133 0.000781
2 2 0.000039 0.005858 0.961169 0.030413 0.002520
2 2 0.000055 0.005023 0.952396 0.040077 0.002449
2 2 0.000022 0.003708 0.985824 0.008147 0.002299
2 2 0.000553 0.014977 0.968694 0.012601 0.003174
2 2 0.000498 0.039578 0.859879 0.011198 0.088846
2 2 0.000617 0.047346 0.858820 0.019881 0.073336
2 2 0.000739 0.060502 0.817546 0.012709 0.108504
2 2 0.000935 0.061715 0.772726 0.008776 0.155848
2 2 0.003510 0.097339 0.630920 0.010746 0.257485
2 2 0.000545 0.061957 0.740444 0.003109 0.193945
2 2 0.000743 0.062182 0.797168 0.009230 0.130678
2 2 0.000486 0.055795 0.799270 0.005019 0.139430
2 2 0.001139 0.066361 0.701608 0.005467 0.225424
2 2 0.000715 0.045227 0.833797 0.012230 0.108031
4 4 0.004388 0.073812 0.146124 0.000138 0.775538
4 4 0.001386 0.067554 0.131561 0.000042 0.799456
4 4 0.001147 0.072012 0.210135 0.000139 0.716566
4 4 0.001249 0.076098 0.367702 0.000519 0.554431
4 4 0.000796 0.073754 0.172426 0.000066 0.752958
4 4 0.000588 0.056768 0.115744 0.000013 0.826888
4 4 0.004184 0.087530 0.105427 0.000081 0.802778
4 4 0.001915 0.068367 0.117543 0.000041 0.812134
4 4 0.000827 0.071337 0.109485 0.000021 0.818331
4 4 0.001215 0.061586 0.093010 0.000015 0.844175
4 4 0.003254 0.084655 0.172251 0.000216 0.739623
4 4 0.007583 0.081221 0.159273 0.000296 0.751627
4 4 0.001751 0.071126 0.142655 0.000065 0.784403
4 4 0.012571 0.075261 0.167633 0.000426 0.744109
4 4 0.006897 0.076329 0.139074 0.000177 0.777523
4 4 0.001120 0.055354 0.071546 0.000006 0.871973
4 4 0.002091 0.061206 0.061227 0.000008 0.875468
4 4 0.002954 0.055403 0.058609 0.000008 0.883027
4 4 0.001004 0.059615 0.054853 0.000004 0.884524
4 4 0.002745 0.062626 0.099400 0.000030 0.835199
2 4 0.000680 0.061948 0.745786 0.004304 0.187282
2 2 0.014913 0.217578 0.424434 0.001629 0.341446
2 2 0.000766 0.061413 0.732452 0.004311 0.201059
2 2 0.000482 0.049155 0.812148 0.005403 0.132812
2 2 0.005727 0.141055 0.461638 0.003199 0.388381
2 2 0.000110 0.022167 0.940090 0.001712 0.035921
2 2 0.000395 0.038250 0.896790 0.001198 0.063368
2 2 0.000200 0.027274 0.937731 0.000211 0.034583
2 2 0.000313 0.030124 0.908039 0.002761 0.058764
2 2 0.000140 0.026633 0.918064 0.001236 0.053927
2 2 0.000614 0.036924 0.928944 0.000969 0.032549
2 2 0.000229 0.036974 0.895423 0.000671 0.066703
2 2 0.002134 0.022539 0.962420 0.005552 0.007354
2 2 0.003655 0.105230 0.838019 0.000912 0.052185
2 2 0.005653 0.089803 0.865190 0.000737 0.038617
2 2 0.000793 0.017981 0.971571 0.003578 0.006077
2 2 0.002727 0.052614 0.922421 0.001202 0.021036
2 2 0.001357 0.028865 0.949260 0.006902 0.013616
2 2 0.000619 0.009924 0.966795 0.020829 0.001833
2 2 0.000731 0.032308 0.942506 0.003079 0.021376
2 2 0.000132 0.010463 0.983666 0.001162 0.004576
2 2 0.000114 0.009174 0.983723 0.001791 0.005198
2 2 0.000178 0.026788 0.930888 0.001530 0.040615
2 2 0.000307 0.011402 0.976374 0.008229 0.003688
2 2 0.000081 0.012172 0.978084 0.000874 0.008788
2 2 0.001046 0.024928 0.952471 0.008306 0.013250
2 2 0.000998 0.014409 0.955073 0.024036 0.005483
2 2 0.003388 0.048795 0.913448 0.005510 0.028859
2 2 0.002041 0.023928 0.952577 0.014320 0.007135
2 2 0.191811 0.115300 0.666850 0.010515 0.015524
0 0 0.697148 0.156188 0.019185 0.000050 0.127429
4 1 0.202018 0.228372 0.059025 0.000023 0.510562
0 0 0.714270 0.129850 0.019993 0.000009 0.135878
0 0 0.909830 0.058794 0.002436 0.000001 0.028940
0 1 0.701614 0.159355 0.011180 0.000001 0.127850
0 1 0.402976 0.293128 0.159207 0.000150 0.144540
2 2 0.038676 0.185035 0.523603 0.001167 0.251518
2 2 0.025481 0.182450 0.520694 0.001104 0.270270
2 2 0.003889 0.065479 0.879436 0.004231 0.046965
2 2 0.004809 0.091759 0.821187 0.002914 0.079331
2 2 0.000093 0.010437 0.976172 0.006697 0.006601
2 2 0.000095 0.013301 0.966578 0.008134 0.011892
2 2 0.000964 0.025658 0.948305 0.012412 0.012661
2 2 0.000341 0.015514 0.963038 0.013197 0.007910
2 2 0.000411 0.024282 0.949768 0.004384 0.021155
2 2 0.000186 0.016416 0.967608 0.002575 0.013216
2 2 0.000127 0.014969 0.960989 0.007807 0.016108
2 2 0.000061 0.012064 0.968610 0.005606 0.013659
2 2 0.000359 0.016906 0.966058 0.009748 0.006930
2 2 0.010252 0.094601 0.864816 0.001965 0.028367
2 2 0.000049 0.004024 0.982537 0.011987 0.001404
2 2 0.000049 0.006793 0.965747 0.020532 0.006878
2 2 0.000068 0.010321 0.969242 0.009652 0.010717
2 2 0.000124 0.008558 0.970257 0.016318 0.004743
2 2 0.000077 0.009694 0.977423 0.005554 0.007251
2 2 0.000056 0.002165 0.926832 0.070487 0.000459
2 2 0.000187 0.005832 0.969285 0.023437 0.001259
2 2 0.000199 0.008275 0.941226 0.046286 0.004014
2 2 0.000260 0.014778 0.950485 0.023586 0.010891
2 2 0.000239 0.011550 0.964084 0.018437 0.005691
2 2 0.000172 0.005050 0.835857 0.156859 0.002062
2 2 0.000057 0.001730 0.744053 0.253952 0.000209
2 2 0.000034 0.001343 0.595750 0.402592 0.000280
2 2 0.001324 0.010771 0.885435 0.101187 0.001283
2 2 0.000510 0.005691 0.641914 0.351187 0.000697
2 2 0.000043 0.001450 0.668380 0.329931 0.000197
2 2 0.000125 0.003703 0.709347 0.285224 0.001600
2 2 0.000124 0.002866 0.722146 0.274370 0.000494
2 2 0.000123 0.002827 0.566444 0.429897 0.000709
2 2 0.000071 0.001933 0.624585 0.373116 0.000296
3 2 0.000011 0.000444 0.400823 0.598701 0.000020
3 2 0.000063 0.001459 0.481267 0.517082 0.000128
3 2 0.000008 0.000368 0.271799 0.727793 0.000032
3 2 0.000009 0.000396 0.460599 0.538981 0.000015
3 2 0.000005 0.000229 0.217307 0.782446 0.000014
3 2 0.000100 0.001735 0.280683 0.717198 0.000285
3 2 0.000021 0.000463 0.167586 0.831904 0.000026
3 2 0.000060 0.001178 0.290981 0.707670 0.000111
3 2 0.000014 0.000441 0.185902 0.813599 0.000044
3 2 0.000221 0.002220 0.182162 0.815079 0.000318
3 2 0.000014 0.000279 0.069819 0.929865 0.000024
3 2 0.000049 0.000619 0.064979 0.934264 0.000089
3 2 0.000081 0.000742 0.050615 0.948457 0.000106
3 3 0.000016 0.000263 0.043347 0.956347 0.000026
3 3 0.000070 0.000501 0.027389 0.971985 0.000055
3 3 0.000107 0.000613 0.024396 0.974815 0.000069
3 3 0.000052 0.000355 0.019550 0.980010 0.000032
3 3 0.000179 0.000903 0.028556 0.970244 0.000119
3 3 0.000127 0.000753 0.030105 0.968920 0.000095
3 3 0.000112 0.000634 0.024740 0.974442 0.000073
3 3 0.000056 0.000455 0.029377 0.970063 0.000049
3 3 0.000062 0.000470 0.027835 0.971583 0.000051
3 3 0.000021 0.000178 0.014728 0.985061 0.000012
3 3 0.000095 0.000560 0.023527 0.975757 0.000061
3 3 0.000044 0.000314 0.018709 0.980906 0.000027
3 3 0.000011 0.000127 0.016008 0.983845 0.000008
3 3 0.000006 0.000070 0.010459 0.989461 0.000003
3 3 0.000021 0.000197 0.018206 0.981561 0.000015
3 3 0.000007 0.000106 0.020502 0.979378 0.000007
3 3 0.000010 0.000128 0.018844 0.981009 0.000009
3 3 0.000002 0.000029 0.007819 0.992149 0.000001
3 3 0.000004 0.000070 0.018129 0.981793 0.000004
3 3 0.000004 0.000049 0.008696 0.991249 0.000002
3 3 0.000003 0.000045 0.008399 0.991550 0.000002
3 3 0.000002 0.000034 0.007521 0.992441 0.000001
3 3 0.000029 0.000231 0.016409 0.983313 0.000018
3 3 0.000014 0.000132 0.013055 0.986791 0.000008
3 3 0.000006 0.000070 0.010055 0.989865 0.000003
3 3 0.000010 0.000104 0.011817 0.988064 0.000006
3 3 0.000020 0.000170 0.014479 0.985319 0.000012
3 3 0.000022 0.000189 0.015114 0.984661 0.000014
3 3 0.000015 0.000143 0.013482 0.986351 0.000009
3 3 0.000022 0.000184 0.014948 0.984833 0.000013
3 3 0.000029 0.000230 0.016377 0.983346 0.000018
3 3 0.000059 0.000392 0.020339 0.979173 0.000037
3 3 0.000083 0.000509 0.022626 0.976729 0.000053
3 3 0.000008 0.000091 0.011177 0.988719 0.000005
3 3 0.000030 0.000234 0.016490 0.983227 0.000018
3 3 0.000032 0.000248 0.016886 0.982813 0.000020
3 3 0.000011 0.000110 0.012124 0.987749 0.000006
3 3 0.000023 0.000195 0.015303 0.984465 0.000014
3 3 0.000041 0.000299 0.018206 0.981429 0.000025
3 3 0.000015 0.000143 0.013460 0.986373 0.000009
3 3 0.000013 0.000127 0.012827 0.987025 0.000008
3 3 0.000018 0.000158 0.014036 0.985778 0.000011
3 3 0.000195 0.000964 0.029316 0.969396 0.000130
3 3 0.000036 0.000272 0.017524 0.982146 0.000022
3 3 0.000035 0.000267 0.017404 0.982272 0.000022
3 1 0.117016 0.075003 0.151826 0.597628 0.058527
2 1 0.117620 0.099543 0.410334 0.353333 0.019170
2 2 0.009845 0.094448 0.599680 0.187720 0.108308
2 2 0.012957 0.089173 0.681438 0.154590 0.061842
2 2 0.008450 0.079480 0.783849 0.082084 0.046138
2 2 0.035250 0.161572 0.655489 0.041140 0.106549
2 2 0.015861 0.125116 0.708187 0.054768 0.096068
2 2 0.000282 0.021413 0.931054 0.022289 0.024961
2 2 0.001073 0.042426 0.910563 0.012811 0.033127
2 2 0.001614 0.044883 0.913694 0.020426 0.019382
2 2 0.000722 0.036839 0.933006 0.006962 0.022472
2 2 0.000366 0.013236 0.952416 0.025668 0.008314
2 2 0.001053 0.059191 0.850321 0.005683 0.083752
2 2 0.003594 0.070430 0.884590 0.010190 0.031196
2 2 0.001602 0.057956 0.891798 0.003764 0.044880
2 2 0.003782 0.105127 0.819057 0.005377 0.066656
2 2 0.001004 0.047185 0.886271 0.006071 0.059469
2 2 0.000092 0.008776 0.967300 0.017795 0.006037
2 2 0.000223 0.016510 0.967073 0.005750 0.010444
2 2 0.000064 0.006210 0.977842 0.012463 0.003420
2 2 0.000074 0.005521 0.979784 0.012695 0.001926
2 2 0.000151 0.012075 0.971163 0.010735 0.005876
2 2 0.000538 0.023879 0.956851 0.004266 0.014466
2 2 0.000076 0.007437 0.986351 0.003244 0.002892
2 2 0.000762 0.035061 0.933097 0.001866 0.029213
2 2 0.000879 0.033660 0.941210 0.004815 0.019436
2 2 0.000061 0.006188 0.981135 0.009736 0.002880
2 2 0.000224 0.015482 0.954394 0.018102 0.011799
2 1 0.028701 0.152932 0.735239 0.009400 0.073727
2 2 0.002063 0.052379 0.912692 0.004641 0.028225
2 2 0.000930 0.029105 0.941258 0.015335 0.013371
2 2 0.002909 0.101388 0.820180 0.001223 0.074300
2 2 0.000133 0.002846 0.846224 0.150492 0.000304
2 2 0.000204 0.005710 0.944834 0.047879 0.001373
2 2 0.000183 0.003387 0.914448 0.081660 0.000322
2 2 0.000108 0.005468 0.926855 0.065625 0.001944
2 2 0.000451 0.006225 0.900369 0.091986 0.000970
2 2 0.000123 0.007566 0.963305 0.024436 0.004570
2 2 0.000349 0.005581 0.956156 0.036909 0.001005
2 2 0.000155 0.005869 0.945883 0.045493 0.002601
2 2 0.000517 0.011786 0.960630 0.024152 0.002916
2 2 0.000177 0.009583 0.960028 0.024604 0.005609
2 2 0.000108 0.005523 0.977271 0.014502 0.002596
2 2 0.000061 0.004909 0.971462 0.020885 0.002683
2 2 0.000133 0.014996 0.954531 0.009876 0.020465
2 2 0.000568 0.018450 0.921140 0.046014 0.013827
2 2 0.000192 0.020914 0.934322 0.013165 0.031406
2 2 0.000029 0.001362 0.763078 0.235226 0.000305
2 2 0.001229 0.010449 0.801589 0.185231 0.001502
2 2 0.000128 0.002673 0.857290 0.139679 0.000230
2 2 0.000137 0.002794 0.774726 0.222053 0.000290
2 2 0.000038 0.001498 0.823478 0.174762 0.000224
2 2 0.005177 0.041753 0.916332 0.017906 0.018832
2 2 0.009537 0.028620 0.951428 0.006294 0.004122
2 2 0.001019 0.021492 0.940426 0.025840 0.011223
0 1 0.502904 0.259330 0.165134 0.005702 0.066930
2 2 0.002053 0.027506 0.955585 0.005692 0.009164
2 2 0.000034 0.001485 0.636273 0.361741 0.000468
2 2 0.000163 0.003783 0.919047 0.076279 0.000729
2 2 0.000364 0.007406 0.910893 0.078721 0.002616
2 2 0.000307 0.004707 0.943052 0.051408 0.000526
2 2 0.000082 0.002404 0.846410 0.150686 0.000417
2 2 0.000856 0.009286 0.952883 0.035268 0.001708
2 2 0.001049 0.011928 0.919777 0.064312 0.002935
0 1 0.578150 0.204190 0.172697 0.005314 0.039649
2 2 0.002380 0.032681 0.948109 0.010347 0.006482
2 2 0.002002 0.016811 0.938294 0.039896 0.002997
2 2 0.000116 0.005806 0.943507 0.048999 0.001573
2 2 0.001671 0.013027 0.915629 0.067670 0.002003
2 2 0.001394 0.010711 0.897647 0.089183 0.001065
2 2 0.001056 0.010551 0.932084 0.054286 0.002023
2 2 0.000331 0.004781 0.950809 0.043607 0.000471
2 2 0.004911 0.024640 0.802890 0.162444 0.005115
2 2 0.002095 0.014879 0.951283 0.029369 0.002374
2 2 0.001601 0.012993 0.919875 0.063320 0.002210
2 2 0.003820 0.020157 0.925130 0.048176 0.002717
2 2 0.000856 0.008604 0.866817 0.122560 0.001163
2 2 0.001697 0.013984 0.836234 0.144892 0.003193
2 2 0.007715 0.026362 0.863661 0.100229 0.002033
2 2 0.000500 0.005327 0.816100 0.177736 0.000337
2 2 0.001018 0.008298 0.862768 0.127322 0.000594
2 2 0.001159 0.009699 0.928469 0.059707 0.000966
2 2 0.000234 0.004788 0.714775 0.278845 0.001358
2 2 0.000136 0.002998 0.846795 0.149682 0.000388
2 2 0.000408 0.004965 0.902276 0.092009 0.000343
2 2 0.000086 0.002245 0.705898 0.291436 0.000335
2 2 0.001086 0.015608 0.873208 0.106047 0.004050
4 4 0.009692 0.077531 0.141533 0.000241 0.771003
4 4 0.006656 0.083965 0.101865 0.000096 0.807418
4 4 0.002003 0.082532 0.168289 0.000140 0.747036
4 4 0.002438 0.074937 0.102247 0.000040 0.820338
4 4 0.003186 0.072204 0.121392 0.000068 0.803150
4 4 0.002034 0.062001 0.106077 0.000028 0.829859
4 4 0.002412 0.071452 0.086669 0.000025 0.839442
4 4 0.002171 0.057007 0.078902 0.000013 0.861906
4 4 0.002135 0.062666 0.065486 0.000010 0.869703
4 4 0.002749 0.062682 0.077384 0.000017 0.857167
4 4 0.001569 0.050408 0.043171 0.000002 0.904848
4 4 0.002834 0.057483 0.072688 0.000013 0.866982
4 4 0.000543 0.052498 0.052407 0.000002 0.894551
4 4 0.001224 0.062484 0.077582 0.000010 0.858700
4 4 0.002572 0.056952 0.049794 0.000005 0.890677
4 4 0.002541 0.070309 0.069478 0.000016 0.857657
4 4 0.001696 0.055770 0.050137 0.000004 0.892392
4 4 0.002263 0.052625 0.047254 0.000004 0.897855
4 4 0.005263 0.065761 0.050384 0.000012 0.878581
4 4 0.003651 0.062070 0.037247 0.000004 0.897029
4 4 0.001017 0.052171 0.038321 0.000001 0.908489
4 4 0.001785 0.069278 0.038820 0.000003 0.890114
4 4 0.001057 0.047849 0.054993 0.000003 0.896098
4 4 0.001202 0.049196 0.034824 0.000001 0.914777
4 4 0.001284 0.049293 0.039590 0.000002 0.909831
4 4 0.019181 0.077247 0.066668 0.000069 0.836835
4 4 0.017331 0.081369 0.079691 0.000103 0.821506
4 4 0.022107 0.075525 0.074700 0.000094 0.827572
4 4 0.026708 0.090335 0.070665 0.000130 0.812162
4 4 0.051023 0.092877 0.059809 0.000160 0.796130
4 4 0.002478 0.053714 0.024577 0.000001 0.919230
4 4 0.003532 0.051358 0.034079 0.000003 0.911029
4 4 0.009108 0.076966 0.071516 0.000046 0.842363
4 1 0.101314 0.194271 0.028085 0.000007 0.676323
4 1 0.015486 0.098624 0.040368 0.000004 0.845518
4 1 0.005715 0.057302 0.039875 0.000006 0.897103
4 1 0.004734 0.065087 0.040668 0.000007 0.889504
4 1 0.001814 0.061379 0.040482 0.000003 0.896322
4 1 0.002070 0.055751 0.041111 0.000003 0.901064
4 1 0.003355 0.070039 0.039605 0.000006 0.886995
4 1 0.002441 0.049558 0.019553 0.000001 0.928447
4 1 0.013870 0.055766 0.021476 0.000003 0.908885
4 1 0.010959 0.073336 0.017328 0.000000 0.898376
4 1 0.002682 0.049733 0.018300 0.000001 0.929285
4 1 0.003471 0.049448 0.021711 0.000001 0.925369
4 4 0.005568 0.049978 0.023002 0.000002 0.921450
4 4 0.002397 0.045519 0.016758 0.000000 0.935325
4 4 0.003269 0.054146 0.023917 0.000001 0.918667
4 4 0.005805 0.061259 0.015893 0.000001 0.917043
4 4 0.009529 0.060287 0.010184 0.000000 0.920000
4 4 0.000177 0.059038 0.397303 0.000071 0.543411
4 4 0.000240 0.056836 0.132274 0.000010 0.810641
4 4 0.000173 0.059289 0.381048 0.000063 0.559427
4 4 0.000135 0.062700 0.372234 0.000045 0.564886
2 4 0.000070 0.047042 0.560519 0.000062 0.392307
4 4 0.001595 0.058404 0.051146 0.000004 0.888851
4 4 0.003427 0.058476 0.056052 0.000009 0.882035
4 4 0.005610 0.058298 0.043914 0.000007 0.892170
4 4 0.003566 0.056930 0.061731 0.000011 0.877761
4 4 0.005261 0.057149 0.043391 0.000007 0.894193
4 4 0.013156 0.067961 0.074636 0.000054 0.844193
4 4 0.003104 0.073526 0.090921 0.000035 0.832414
4 4 0.000659 0.062504 0.070992 0.000005 0.865840
4 4 0.004209 0.069134 0.108646 0.000059 0.817952
4 4 0.007691 0.067083 0.095852 0.000064 0.829311
4 4 0.064470 0.105338 0.117308 0.001159 0.711724
4 4 0.039558 0.094619 0.097612 0.000401 0.767810
4 4 0.040585 0.088756 0.083433 0.000256 0.786970
4 4 0.146732 0.122627 0.053790 0.000586 0.676265
4 4 0.072834 0.149788 0.044883 0.000199 0.732296
4 4 0.008338 0.089103 0.044829 0.000001 0.857728
4 4 0.009559 0.063253 0.058251 0.000022 0.868914
4 4 0.002204 0.064954 0.038787 0.000002 0.894053
4 4 0.002746 0.068569 0.076284 0.000019 0.852381
4 4 0.005084 0.077396 0.052144 0.000016 0.865360
4 4 0.000223 0.067033 0.257747 0.000038 0.674959
4 4 0.000263 0.057530 0.198052 0.000028 0.744127
4 4 0.000172 0.057881 0.362794 0.000055 0.579097
4 4 0.000851 0.057709 0.128654 0.000022 0.812764
4 4 0.001793 0.060518 0.120973 0.000034 0.816682
4 4 0.000312 0.056825 0.044625 0.000001 0.898237
4 4 0.000171 0.058280 0.137716 0.000009 0.803825
4 4 0.000372 0.057274 0.110067 0.000009 0.832277
4 4 0.000562 0.061877 0.118879 0.000015 0.818667
4 4 0.000883 0.041058 0.046329 0.000001 0.911729
4 4 0.000655 0.053418 0.069327 0.000004 0.876596
4 4 0.000332 0.051793 0.079037 0.000003 0.868834
4 2 0.000600 0.058412 0.122277 0.000016 0.818696
4 2 0.000344 0.054835 0.100059 0.000006 0.844755
4 2 0.000332 0.062121 0.217023 0.000043 0.720481
4 2 0.002395 0.093530 0.072136 0.000005 0.831934
4 2 0.001868 0.075450 0.129879 0.000060 0.792744
4 2 0.000983 0.067656 0.087823 0.000007 0.843531
4 2 0.001197 0.064294 0.171794 0.000069 0.762647
4 2 0.000565 0.068277 0.442843 0.000386 0.487928
2 2 0.001345 0.070912 0.698637 0.003239 0.225867
2 2 0.000293 0.058101 0.656312 0.000691 0.284603
2 2 0.000926 0.058948 0.824931 0.004055 0.111140
2 2 0.000261 0.044287 0.817702 0.002542 0.135208
2 2 0.000447 0.058745 0.680046 0.001379 0.259384
2 2 0.000383 0.053347 0.709378 0.001402 0.235490
2 2 0.000524 0.068648 0.521508 0.000580 0.408740
2 2 0.003577 0.097117 0.467976 0.001595 0.429735
2 2 0.000315 0.052989 0.759295 0.001780 0.185620
2 2 0.000198 0.037536 0.845055 0.002451 0.114759
2 2 0.002097 0.107853 0.699571 0.000498 0.189981
2 2 0.000595 0.060791 0.705109 0.002444 0.231060
2 2 0.000519 0.042861 0.840763 0.008518 0.107339
2 2 0.001829 0.078330 0.776656 0.001203 0.141982
2 2 0.000698 0.048533 0.862635 0.002244 0.085889
2 2 0.000323 0.036715 0.888275 0.001562 0.073125
2 2 0.000771 0.069498 0.818589 0.000155 0.110987
2 2 0.003818 0.077140 0.843064 0.001450 0.074527
2 2 0.000352 0.032225 0.909132 0.001926 0.056365
2 2 0.000632 0.052769 0.893904 0.000420 0.052275
2 2 0.000266 0.023445 0.962035 0.000743 0.013512
2 2 0.000103 0.019751 0.961072 0.000882 0.018192
2 2 0.000477 0.048895 0.892787 0.000405 0.057436
2 2 0.000121 0.014236 0.973978 0.001527 0.010138
2 2 0.000045 0.006940 0.989480 0.000206 0.003330
2 2 0.000353 0.035188 0.920407 0.001855 0.042196
2 2 0.000031 0.015912 0.940781 0.000781 0.042495
2 2 0.000143 0.030946 0.890414 0.001421 0.077075
2 2 0.000203 0.022435 0.953528 0.001452 0.022382
2 2 0.000045 0.011127 0.977470 0.000988 0.010370
2 2 0.000048 0.011931 0.972863 0.001096 0.014062
2 2 0.000150 0.011436 0.979659 0.001957 0.006798
2 2 0.000111 0.020721 0.950498 0.000670 0.028001
2 2 0.000085 0.017075 0.959324 0.000530 0.022986
2 2 0.000126 0.013811 0.971668 0.001692 0.012703
2 2 0.000100 0.009526 0.983713 0.001887 0.004776
2 2 0.000108 0.007555 0.981638 0.007251 0.003449
2 2 0.000020 0.006656 0.984065 0.002197 0.007062
2 2 0.005660 0.035037 0.944611 0.003861 0.010831
1 0 0.325640 0.362623 0.214442 0.000462 0.096832
4 1 0.051040 0.215245 0.160573 0.000179 0.572962
4 1 0.086192 0.202795 0.174404 0.000104 0.536506
4 2 0.037060 0.134227 0.213698 0.000662 0.614353
4 2 0.048238 0.263718 0.149842 0.000091 0.538112
4 2 0.022123 0.168207 0.202743 0.000313 0.606614
2 2 0.000148 0.035249 0.870335 0.001938 0.092330
2 2 0.000127 0.023527 0.938838 0.000888 0.036620
2 2 0.000112 0.029007 0.869381 0.001573 0.099927
2 2 0.000078 0.021135 0.921031 0.001793 0.055963
2 2 0.000085 0.029413 0.862363 0.001015 0.107125
2 2 0.000063 0.024969 0.877241 0.000836 0.096890
2 2 0.000087 0.031034 0.858918 0.001015 0.108946
2 2 0.000066 0.025136 0.888873 0.001113 0.084812
2 2 0.000045 0.021769 0.887650 0.000639 0.089896
2 2 0.000068 0.025751 0.880325 0.000983 0.092873
2 2 0.000031 0.017885 0.918126 0.000728 0.063231
2 2 0.000029 0.009804 0.970353 0.005820 0.013994
2 2 0.000079 0.025433 0.886161 0.001321 0.087006
2 2 0.000017 0.008183 0.972993 0.003449 0.015357
2 2 0.000056 0.015855 0.937903 0.002167 0.044019
2 2 0.000044 0.007952 0.972074 0.009493 0.010438
2 2 0.000175 0.003381 0.978486 0.017589 0.000370
2 2 0.000091 0.004162 0.951488 0.042618 0.001639
2 2 0.000061 0.004289 0.954585 0.039305 0.001759
2 2 0.000054 0.004803 0.959369 0.033226 0.002548
2 2 0.000080 0.003645 0.958562 0.036550 0.001164
2 2 0.000167 0.003540 0.946643 0.049128 0.000521
2 2 0.000100 0.002369 0.883293 0.114023 0.000214
2 2 0.000072 0.002013 0.899495 0.098217 0.000204
2 2 0.000035 0.001614 0.864277 0.133725 0.000349
2 2 0.000115 0.002696 0.736727 0.260050 0.000412
2 2 0.000019 0.001120 0.755076 0.243488 0.000297
2 2 0.000018 0.000901 0.534373 0.464528 0.000180
2 2 0.000102 0.003775 0.855738 0.139300 0.001086
2 2 0.000092 0.002365 0.600754 0.396285 0.000504
2 2 0.000527 0.006774 0.753276 0.238093 0.001330
2 2 0.000135 0.003343 0.839427 0.156336 0.000759
2 2 0.000571 0.012770 0.754616 0.226546 0.005497
2 2 0.000209 0.003959 0.649942 0.344952 0.000938
3 2 0.000021 0.001031 0.478437 0.520186 0.000324
3 2 0.000002 0.000172 0.223290 0.776520 0.000015
3 3 0.000002 0.000231 0.321347 0.678378 0.000042
3 3 0.000023 0.000737 0.291133 0.708007 0.000100
3 3 0.000020 0.000681 0.254518 0.744660 0.000121
3 3 0.000010 0.000482 0.427362 0.572107 0.000038
3 3 0.000076 0.001462 0.209601 0.788478 0.000382
3 3 0.000037 0.000786 0.146175 0.852850 0.000152
3 3 0.000022 0.000444 0.086086 0.913385 0.000062
3 3 0.000025 0.000591 0.151761 0.847544 0.000079
3 3 0.000033 0.000711 0.135188 0.863938 0.000130
3 3 0.000076 0.000914 0.082781 0.916071 0.000157
3 3 0.000059 0.000635 0.054205 0.945013 0.000088
3 3 0.000074 0.000886 0.080228 0.918663 0.000149
3 3 0.000055 0.000720 0.076265 0.922847 0.000113
3 3 0.000012 0.000201 0.038956 0.960813 0.000018
3 3 0.000090 0.001115 0.100439 0.898141 0.000214
3 3 0.000050 0.000658 0.071690 0.927504 0.000099
3 3 0.000057 0.000962 0.129488 0.869303 0.000190
3 3 0.000040 0.000431 0.039793 0.959687 0.000049
3 3 0.000091 0.001235 0.122704 0.875711 0.000259
3 3 0.000114 0.000656 0.025850 0.973304 0.000077
3 3 0.000239 0.001229 0.037499 0.960845 0.000189
3 3 0.000048 0.000456 0.035235 0.964210 0.000051
3 3 0.000223 0.001237 0.041300 0.957045 0.000195
3 2 0.015981 0.026990 0.203033 0.748598 0.005397
2 2 0.016861 0.127912 0.604026 0.014743 0.236457
1 2 0.172587 0.312016 0.280292 0.001772 0.233333
2 2 0.005180 0.112647 0.572032 0.006051 0.304090
2 2 0.003031 0.077148 0.715916 0.017362 0.186543
2 2 0.000912 0.043375 0.843993 0.017153 0.094567
2 2 0.000841 0.080190 0.645810 0.001085 0.272075
2 2 0.025958 0.140898 0.529835 0.002085 0.301223
4 2 0.007396 0.143883 0.392547 0.000405 0.455768
4 2 0.016444 0.143227 0.230641 0.000128 0.609560
4 2 0.005477 0.162759 0.264233 0.000112 0.567419
4 2 0.141351 0.160880 0.110208 0.000229 0.587332
0 1 0.467151 0.221030 0.061632 0.000392 0.249795
4 1 0.035502 0.153438 0.123563 0.000152 0.687344
4 2 0.029683 0.140613 0.171895 0.000794 0.657015
4 2 0.030787 0.106914 0.181563 0.001940 0.678796
4 2 0.005984 0.116889 0.422570 0.003518 0.451039
2 2 0.002635 0.085557 0.688263 0.005873 0.217673
2 2 0.005437 0.102648 0.694217 0.004793 0.192904
0 1 0.385960 0.271524 0.135781 0.001327 0.205408
0 2 0.363900 0.252036 0.138748 0.000470 0.244845
4 2 0.059626 0.238499 0.118969 0.000036 0.582870
4 2 0.004315 0.099017 0.356801 0.001830 0.538037
2 2 0.001886 0.079403 0.482793 0.001496 0.434422
4 2 0.078956 0.285615 0.123211 0.000014 0.512205
4 2 0.022469 0.155636 0.139108 0.000054 0.682733
0 1 0.962591 0.022174 0.002743 0.000008 0.012484
0 1 0.977025 0.013050 0.001444 0.000004 0.008476
0 0 0.979500 0.010111 0.002057 0.000030 0.008301
0 0 0.964660 0.022125 0.001575 0.000001 0.011638
0 0 0.953689 0.030596 0.002394 0.000002 0.013318
0 0 0.962993 0.022346 0.002347 0.000005 0.012309
0 0 0.975478 0.014077 0.002026 0.000008 0.008410
0 0 0.987619 0.006945 0.001461 0.000010 0.003965
0 0 0.986013 0.006809 0.001402 0.000020 0.005756
0 0 0.963788 0.014939 0.004095 0.000244 0.016933
0 0 0.974597 0.011812 0.002985 0.000085 0.010522
0 0 0.963416 0.020245 0.006414 0.000091 0.009834
0 0 0.970570 0.016129 0.004671 0.000063 0.008567
0 0 0.968193 0.016859 0.004947 0.000086 0.009915
0 0 0.976355 0.010346 0.002473 0.000084 0.010741
0 0 0.978786 0.009570 0.002227 0.000061 0.009356
0 0 0.973171 0.011336 0.002799 0.000120 0.012574
0 0 0.969117 0.013091 0.003417 0.000162 0.014212
0 0 0.974735 0.011932 0.003031 0.000080 0.010222
0 0 0.980031 0.009275 0.002137 0.000050 0.008506
0 0 0.924753 0.039863 0.002415 0.000005 0.032965
0 0 0.920775 0.041317 0.003064 0.000010 0.034835
0 0 0.835022 0.093965 0.004334 0.000005 0.066673
0 0 0.805806 0.100120 0.005323 0.000006 0.088746
0 0 0.834132 0.081062 0.006016 0.000016 0.078773
0 0 0.697945 0.156089 0.007655 0.000000 0.138311
0 0 0.688682 0.156248 0.006197 0.000001 0.148872
0 0 0.692506 0.147184 0.008977 0.000001 0.151332
0 0 0.695975 0.148310 0.009170 0.000001 0.146544
0 1 0.659845 0.172200 0.008313 0.000000 0.159641
0 1 0.574699 0.185258 0.015094 0.000002 0.224947
0 1 0.443663 0.210499 0.021130 0.000003 0.324705
0 1 0.389389 0.195633 0.027786 0.000014 0.387178
0 1 0.549432 0.189742 0.018537 0.000004 0.242286
0 1 0.519834 0.179483 0.022527 0.000003 0.278151
0 1 0.486811 0.193999 0.012745 0.000001 0.306444
4 1 0.031991 0.244452 0.041049 0.000001 0.682507
4 1 0.219960 0.174746 0.019653 0.000001 0.585640
4 1 0.316900 0.167028 0.017472 0.000008 0.498591
4 1 0.269481 0.195035 0.021573 0.000003 0.513909
4 1 0.038880 0.205458 0.041814 0.000001 0.713847
4 1 0.245366 0.234933 0.030377 0.000000 0.489324
4 1 0.271871 0.222607 0.029368 0.000001 0.476153
4 1 0.055093 0.129362 0.044616 0.000009 0.770920
4 1 0.092500 0.205861 0.045901 0.000004 0.655734
4 1 0.006028 0.088098 0.078533 0.000017 0.827324
4 1 0.001190 0.083596 0.087790 0.000021 0.827403
4 2 0.000448 0.071943 0.326143 0.000143 0.601323
4 2 0.000739 0.070621 0.179079 0.000061 0.749500
4 2 0.000509 0.070433 0.303336 0.000129 0.625593
2 2 0.000076 0.037138 0.831406 0.000632 0.130747
2 2 0.000086 0.034473 0.877928 0.001519 0.085994
2 2 0.000114 0.039069 0.799598 0.000699 0.160520
2 2 0.000058 0.031582 0.822762 0.000377 0.145221
2 2 0.000202 0.032643 0.874000 0.003851 0.089303
2 2 0.000344 0.042394 0.856433 0.003645 0.097184
2 2 0.000583 0.056026 0.826780 0.003434 0.113177
2 2 0.000717 0.038516 0.934471 0.002675 0.023621
2 2 0.001422 0.058554 0.852977 0.004880 0.082167
2 2 0.002588 0.062321 0.867166 0.003907 0.064017
2 2 0.000574 0.070389 0.730797 0.000621 0.197619
2 2 0.000226 0.039420 0.867081 0.001443 0.091830
2 2 0.000255 0.035461 0.855515 0.003843 0.104925
2 2 0.000450 0.051272 0.838669 0.001254 0.108356
2 2 0.000248 0.047746 0.768410 0.001385 0.182211
2 2 0.000254 0.036258 0.853265 0.003732 0.106490
2 2 0.000425 0.059138 0.680260 0.001306 0.258871
2 2 0.000552 0.057394 0.738799 0.002966 0.200289
2 4 0.000606 0.065940 0.657697 0.001752 0.274005
2 4 0.000331 0.060088 0.631930 0.000676 0.306974
4 4 0.000116 0.050627 0.140636 0.000006 0.808615
4 4 0.000186 0.048955 0.063531 0.000001 0.887327
4 4 0.000304 0.045844 0.095157 0.000004 0.858691
4 4 0.000293 0.063673 0.208340 0.000035 0.727659
4 4 0.000863 0.064505 0.129180 0.000027 0.805425
4 4 0.000611 0.045027 0.070077 0.000003 0.884281
4 4 0.000972 0.055448 0.065310 0.000005 0.878265
4 4 0.001288 0.057558 0.051231 0.000004 0.889919
4 4 0.000736 0.050207 0.038714 0.000001 0.910342
4 1 0.016574 0.177481 0.041671 0.000009 0.764266
4 1 0.000424 0.060808 0.199235 0.000046 0.739488
2 1 0.000366 0.068005 0.546372 0.000445 0.384812
4 1 0.000745 0.068501 0.251475 0.000114 0.679165
4 4 0.001209 0.084065 0.172705 0.000102 0.741919
2 4 0.000294 0.051413 0.773754 0.001877 0.172663
4 4 0.000234 0.055576 0.146687 0.000012 0.797491
4 4 0.000625 0.055257 0.072722 0.000005 0.871391
4 4 0.000343 0.049014 0.047082 0.000001 0.903560
4 4 0.000439 0.052467 0.097993 0.000006 0.849094
4 4 0.000460 0.060463 0.162682 0.000028 0.776367
4 4 0.024314 0.082404 0.105516 0.000258 0.787508
4 4 0.014809 0.080335 0.064736 0.000057 0.840063
4 4 0.024005 0.079793 0.059805 0.000068 0.836329
4 4 0.027463 0.087277 0.090389 0.000218 0.794654
4 4 0.038453 0.078951 0.051739 0.000070 0.830786
4 4 0.001174 0.062289 0.119202 0.000026 0.817309
4 4 0.005956 0.067811 0.116931 0.000086 0.809216
4 4 0.003122 0.069890 0.093294 0.000034 0.833660
4 4 0.001351 0.070013 0.090108 0.000018 0.838511
4 4 0.014132 0.074731 0.070550 0.000059 0.840529
4 4 0.003791 0.056004 0.044297 0.000005 0.895902
4 4 0.002617 0.049260 0.019317 0.000001 0.928805
4 4 0.002160 0.053452 0.033645 0.000002 0.910741
4 4 0.002277 0.048201 0.018125 0.000000 0.931397
4 4 0.005286 0.057180 0.027252 0.000003 0.910278
4 4 0.001268 0.055311 0.047595 0.000003 0.895824
4 4 0.001566 0.064318 0.077841 0.000012 0.856262
4 4 0.006261 0.093107 0.034508 0.000001 0.866123
4 4 0.001098 0.048626 0.054249 0.000003 0.896024
4 4 0.002927 0.054069 0.052606 0.000006 0.890392
4 4 0.076723 0.144434 0.150643 0.004872 0.623328
4 4 0.188497 0.132202 0.136254 0.010406 0.532641
4 4 0.154206 0.144739 0.132254 0.008343 0.560458
4 4 0.148644 0.137749 0.109374 0.004284 0.599950
4 4 0.098562 0.140415 0.142352 0.005211 0.613460
4 4 0.016153 0.091073 0.116560 0.000285 0.775929
4 4 0.011979 0.076266 0.074658 0.000061 0.837037
4 4 0.007717 0.078207 0.080175 0.000055 0.833847
4 4 0.010455 0.080227 0.101654 0.000121 0.807543
4 4 0.012147 0.074139 0.136470 0.000240 0.777004
4 4 0.018616 0.083951 0.087698 0.000142 0.809593
4 4 0.023702 0.083158 0.126781 0.000399 0.765961
4 4 0.022478 0.087589 0.074340 0.000121 0.815473
4 4 0.004250 0.078483 0.067135 0.000025 0.850108
4 4 0.009263 0.085994 0.122101 0.000193 0.782448
4 4 0.019056 0.082701 0.115954 0.000270 0.782020
4 4 0.023067 0.077536 0.083228 0.000130 0.816040
4 4 0.032493 0.088794 0.083819 0.000216 0.794677
4 4 0.014621 0.076449 0.064389 0.000051 0.844489
4 4 0.007734 0.084993 0.087284 0.000076 0.819914
4 4 0.000957 0.060855 0.053735 0.000004 0.884448
4 4 0.006896 0.076045 0.026088 0.000004 0.890966
4 4 0.000812 0.054398 0.063875 0.000004 0.880911
4 4 0.002767 0.061259 0.058175 0.000009 0.877790
4 4 0.001192 0.065240 0.062945 0.000007 0.870616
4 4 0.001614 0.081256 0.196704 0.000179 0.720246
4 4 0.001433 0.072539 0.088567 0.000019 0.837442
4 4 0.004553 0.076454 0.124113 0.000100 0.794779
4 4 0.010098 0.085738 0.177485 0.000529 0.726151
4 4 0.010118 0.075691 0.125577 0.000178 0.788437
4 4 0.074365 0.131384 0.123781 0.002321 0.668148
4 4 0.024356 0.103302 0.123153 0.000554 0.748636
4 4 0.027421 0.107124 0.122701 0.000643 0.742112
4 4 0.019986 0.101234 0.155827 0.000830 0.722122
4 4 0.020873 0.116134 0.160191 0.001188 0.701613
4 4 0.012951 0.068430 0.043607 0.000017 0.874994
