0 0 0.840983 0.086796 0.055255 0.000659 0.016307
0 0 0.822140 0.097821 0.059134 0.000834 0.020071
0 0 0.791464 0.110603 0.075731 0.001076 0.021127
0 0 0.805503 0.100059 0.078460 0.000746 0.015232
0 0 0.740936 0.104509 0.134150 0.003109 0.017296
0 0 0.912498 0.057002 0.018346 0.000110 0.012043
0 0 0.901633 0.059082 0.027847 0.000216 0.011222
0 0 0.884354 0.066203 0.036128 0.000373 0.012942
0 0 0.875942 0.071143 0.037711 0.000439 0.014766
0 0 0.895420 0.066090 0.023347 0.000193 0.014950
0 0 0.788070 0.102822 0.088952 0.001509 0.018648
0 0 0.809608 0.102074 0.067001 0.000987 0.020330
0 0 0.782173 0.102765 0.095051 0.001691 0.018319
0 0 0.790035 0.103661 0.089237 0.001011 0.016055
0 0 0.735066 0.119586 0.125019 0.001872 0.018457
0 0 0.859831 0.080444 0.042120 0.000519 0.017086
0 0 0.865498 0.084635 0.029089 0.000284 0.020494
0 0 0.828329 0.098395 0.050039 0.000734 0.022503
0 0 0.834970 0.093599 0.048286 0.000800 0.022346
0 0 0.886863 0.074586 0.017245 0.000144 0.021161
0 0 0.833372 0.088432 0.056920 0.001124 0.020152
0 0 0.873590 0.074957 0.034057 0.000404 0.016991
0 0 0.853129 0.086912 0.037018 0.000566 0.022375
0 0 0.876592 0.078639 0.023162 0.000243 0.021364
0 0 0.872347 0.079676 0.028316 0.000290 0.019372
0 0 0.880744 0.074962 0.026061 0.000248 0.017984
0 0 0.871891 0.077172 0.032841 0.000370 0.017726
0 0 0.871409 0.077395 0.032351 0.000391 0.018454
0 0 0.890060 0.069604 0.023572 0.000210 0.016554
0 0 0.841026 0.091134 0.046809 0.000651 0.020379
0 0 0.871854 0.078686 0.029396 0.000347 0.019717
0 0 0.852664 0.086948 0.037515 0.000578 0.022294
0 0 0.844286 0.090047 0.041838 0.000718 0.023111
0 0 0.832289 0.098876 0.043846 0.000644 0.024346
0 0 0.835651 0.085599 0.059015 0.001130 0.018604
0 0 0.861008 0.077119 0.044791 0.000639 0.016444
0 0 0.802267 0.099569 0.079318 0.001139 0.017707
0 0 0.799585 0.104246 0.076905 0.000968 0.018296
0 0 0.831807 0.083434 0.066403 0.001317 0.017039
0 0 0.781127 0.107215 0.092390 0.001288 0.017980
0 0 0.809187 0.107749 0.061415 0.000707 0.020942
0 0 0.863586 0.082533 0.032416 0.000430 0.021035
0 0 0.753509 0.115459 0.107123 0.002222 0.021687
0 0 0.731087 0.131561 0.116588 0.001274 0.019490
0 0 0.707167 0.120518 0.147520 0.003750 0.021045
0 0 0.797975 0.096290 0.083576 0.002021 0.020138
0 0 0.771376 0.120888 0.085132 0.001068 0.021536
0 0 0.665267 0.141117 0.170515 0.002711 0.020391
0 0 0.754243 0.111163 0.113702 0.002065 0.018827
0 0 0.716841 0.118272 0.142295 0.003059 0.019533
0 0 0.922210 0.050420 0.017768 0.000090 0.009512
0 0 0.916840 0.056404 0.013605 0.000070 0.013081
0 0 0.889530 0.070126 0.023248 0.000208 0.016888
0 0 0.886296 0.071923 0.024809 0.000216 0.016755
0 0 0.802486 0.128224 0.043471 0.000270 0.025550
0 0 0.749716 0.158611 0.030280 0.000080 0.061314
0 0 0.851668 0.098252 0.016299 0.000145 0.033637
0 0 0.846716 0.097987 0.018866 0.000108 0.036323
0 0 0.854312 0.096423 0.011012 0.000051 0.038203
0 0 0.876920 0.081096 0.015906 0.000138 0.025939
0 0 0.833999 0.092484 0.049427 0.000964 0.023126
0 0 0.881590 0.074851 0.024325 0.000244 0.018991
0 0 0.850882 0.083664 0.045379 0.000731 0.019345
0 0 0.752098 0.128317 0.078963 0.001972 0.038650
0 0 0.836397 0.091776 0.047929 0.000909 0.022990
0 0 0.870972 0.070284 0.044552 0.000557 0.013635
0 0 0.871623 0.074177 0.037651 0.000464 0.016085
0 0 0.886395 0.070874 0.025840 0.000247 0.016643
0 0 0.904547 0.062624 0.018063 0.000122 0.014644
0 0 0.919778 0.055874 0.010011 0.000044 0.014292
0 0 0.900504 0.066052 0.016491 0.000115 0.016839
0 0 0.864536 0.083161 0.029978 0.000386 0.021938
0 0 0.837095 0.098707 0.037794 0.000532 0.025871
0 0 0.901853 0.062980 0.020938 0.000154 0.014076
0 0 0.854311 0.089782 0.032164 0.000400 0.023343
0 0 0.881952 0.076343 0.020558 0.000195 0.020952
0 0 0.863046 0.074876 0.046099 0.000640 0.015338
0 0 0.866524 0.084529 0.024279 0.000289 0.024380
0 0 0.849564 0.085237 0.044207 0.000721 0.020271
0 0 0.860166 0.084690 0.032544 0.000449 0.022151
0 0 0.914917 0.050189 0.026516 0.000162 0.008216
0 0 0.918563 0.054512 0.015061 0.000078 0.011786
0 0 0.882104 0.078125 0.024875 0.000116 0.014779
0 0 0.921680 0.053819 0.012254 0.000055 0.012193
0 0 0.861175 0.090411 0.030604 0.000171 0.017639
0 0 0.903020 0.066471 0.005854 0.000019 0.024635
0 0 0.825882 0.116107 0.022535 0.000081 0.035395
0 0 0.888300 0.075290 0.010782 0.000058 0.025569
0 0 0.867093 0.088807 0.009224 0.000043 0.034833
0 0 0.875322 0.082998 0.012205 0.000098 0.029377
0 0 0.835123 0.104544 0.015032 0.000047 0.045254
0 0 0.816637 0.112503 0.010475 0.000022 0.060363
0 0 0.808812 0.119821 0.021907 0.000315 0.049145
0 0 0.839623 0.102073 0.013361 0.000034 0.044909
0 0 0.879721 0.079354 0.006330 0.000016 0.034579
0 0 0.896949 0.069763 0.005496 0.000025 0.027768
0 0 0.882832 0.078075 0.007062 0.000042 0.031988
0 0 0.823438 0.110689 0.018757 0.000179 0.046937
0 0 0.878418 0.080653 0.008068 0.000017 0.032845
0 0 0.893547 0.072218 0.010510 0.000067 0.023658
0 0 0.826570 0.090033 0.061703 0.001309 0.020386
0 0 0.866708 0.080516 0.032354 0.000414 0.020008
0 0 0.806086 0.100626 0.066477 0.001735 0.025077
0 0 0.848416 0.089052 0.039181 0.000615 0.022736
0 0 0.839309 0.099874 0.036726 0.000382 0.023709
0 0 0.849484 0.090438 0.035672 0.000526 0.023879
0 0 0.843130 0.096678 0.036611 0.000404 0.023177
0 0 0.872236 0.079590 0.027117 0.000312 0.020745
0 0 0.896377 0.068409 0.018097 0.000128 0.016988
0 0 0.781046 0.117981 0.075377 0.001201 0.024396
0 0 0.836376 0.097719 0.043946 0.000493 0.021466
0 0 0.870875 0.082374 0.026954 0.000233 0.019564
0 0 0.889542 0.069045 0.025283 0.000231 0.015899
0 0 0.916691 0.056973 0.012538 0.000063 0.013736
0 0 0.886341 0.073190 0.021281 0.000193 0.018994
0 0 0.893041 0.071479 0.014868 0.000110 0.020503
0 0 0.890272 0.069582 0.023338 0.000207 0.016600
0 0 0.910016 0.060802 0.014044 0.000081 0.015057
0 0 0.890730 0.070723 0.020401 0.000173 0.017972
0 0 0.914936 0.059217 0.009321 0.000043 0.016483
0 0 0.919210 0.056415 0.009478 0.000041 0.014856
0 0 0.920726 0.055597 0.008878 0.000037 0.014762
0 0 0.935271 0.046826 0.005564 0.000015 0.012323
0 0 0.945674 0.040124 0.003232 0.000005 0.010964
0 0 0.952527 0.035508 0.002362 0.000003 0.009600
0 0 0.944800 0.040327 0.005931 0.000013 0.008929
0 0 0.939235 0.044305 0.003674 0.000007 0.012779
0 0 0.937476 0.045095 0.006727 0.000019 0.010683
0 0 0.941932 0.042593 0.004320 0.000009 0.011146
0 0 0.949623 0.037539 0.003153 0.000005 0.009681
0 0 0.894143 0.069553 0.018030 0.000141 0.018132
0 0 0.819901 0.090507 0.068063 0.001540 0.019989
0 0 0.854478 0.087964 0.033304 0.000491 0.023763
0 0 0.833225 0.092707 0.049920 0.000982 0.023167
0 0 0.863143 0.081479 0.034924 0.000472 0.019982
0 0 0.865664 0.080953 0.032824 0.000426 0.020133
0 0 0.862712 0.083521 0.033117 0.000393 0.020257
0 0 0.852798 0.087421 0.040628 0.000439 0.018714
0 0 0.875610 0.077695 0.026502 0.000292 0.019902
0 0 0.867819 0.074310 0.041724 0.000544 0.015604
0 0 0.884862 0.071973 0.025713 0.000250 0.017202
0 0 0.896023 0.066899 0.021025 0.000168 0.015885
0 0 0.934130 0.043735 0.014384 0.000054 0.007696
0 0 0.947472 0.038613 0.005490 0.000011 0.008414
0 0 0.943546 0.041549 0.003939 0.000008 0.010959
0 0 0.932040 0.048922 0.004413 0.000011 0.014613
0 0 0.938481 0.044783 0.003689 0.000008 0.013039
0 0 0.937345 0.045187 0.002783 0.000005 0.014679
0 0 0.943960 0.041256 0.004309 0.000009 0.010466
0 0 0.935583 0.046459 0.003226 0.000007 0.014725
0 0 0.941726 0.042206 0.002244 0.000003 0.013821
0 0 0.935582 0.046061 0.002500 0.000005 0.015852
0 0 0.933778 0.046961 0.002314 0.000004 0.016943
0 0 0.909738 0.062035 0.004242 0.000015 0.023970
0 0 0.905142 0.065310 0.005985 0.000026 0.023537
0 1 0.780710 0.130457 0.014151 0.000036 0.074646
0 1 0.719727 0.157594 0.018241 0.000030 0.104408
0 1 0.794657 0.123231 0.011978 0.000023 0.070112
0 1 0.705907 0.164419 0.021537 0.000053 0.108084
0 1 0.695131 0.169177 0.023135 0.000061 0.112496
1 2 0.250649 0.387271 0.130426 0.000078 0.231576
2 2 0.077256 0.301070 0.379895 0.000328 0.241452
2 2 0.108480 0.317090 0.332945 0.000317 0.241168
2 2 0.088793 0.254046 0.554131 0.000989 0.102040
2 2 0.047646 0.244715 0.524745 0.000402 0.182492
2 2 0.290148 0.266726 0.394477 0.002723 0.045926
2 2 0.195282 0.280313 0.453622 0.001912 0.068870
2 2 0.031350 0.149531 0.772683 0.001954 0.044482
2 2 0.200476 0.266468 0.445093 0.001842 0.086122
2 2 0.035282 0.127966 0.798646 0.003717 0.034389
0 1 0.910612 0.062190 0.006639 0.000028 0.020531
0 1 0.904164 0.065964 0.006431 0.000029 0.023411
0 0 0.934907 0.047057 0.005615 0.000015 0.012406
0 0 0.921505 0.054750 0.003228 0.000008 0.020509
0 0 0.925531 0.052501 0.003331 0.000008 0.018629
0 0 0.877716 0.081192 0.008687 0.000025 0.032380
0 0 0.910444 0.061603 0.004177 0.000014 0.023762
0 1 0.866858 0.087017 0.016105 0.000158 0.029861
0 1 0.847183 0.095893 0.025390 0.000371 0.031163
0 1 0.833253 0.105189 0.020430 0.000124 0.041004
0 1 0.811902 0.117208 0.025974 0.000202 0.044714
0 1 0.623408 0.198175 0.079504 0.000678 0.098235
0 2 0.593115 0.208149 0.101746 0.000750 0.096240
0 2 0.381379 0.235939 0.278807 0.002062 0.101813
0 2 0.626392 0.186358 0.110073 0.001392 0.075784
0 2 0.411065 0.198920 0.353405 0.004787 0.031823
2 2 0.153748 0.199217 0.603231 0.005877 0.037927
2 2 0.261105 0.166787 0.544281 0.007421 0.020406
2 2 0.263520 0.179340 0.533300 0.004906 0.018934
2 2 0.048051 0.087396 0.840993 0.013301 0.010260
2 2 0.044005 0.088436 0.851643 0.008713 0.007202
2 2 0.121716 0.116601 0.739305 0.013127 0.009252
2 2 0.028217 0.054438 0.893388 0.020319 0.003638
2 2 0.315444 0.163512 0.493433 0.007770 0.019841
2 2 0.040127 0.073150 0.870305 0.008956 0.007462
2 2 0.065996 0.069975 0.824774 0.034714 0.004540
2 2 0.058653 0.050421 0.835922 0.052120 0.002884
2 2 0.030986 0.039353 0.863822 0.063460 0.002379
2 3 0.028088 0.038463 0.865064 0.066404 0.001980
2 3 0.007018 0.013466 0.893705 0.085393 0.000418
2 3 0.025685 0.031911 0.882941 0.058070 0.001392
2 3 0.022586 0.025333 0.731747 0.218603 0.001730
2 3 0.003367 0.007136 0.585562 0.403572 0.000365
2 3 0.008484 0.013472 0.631887 0.345295 0.000862
2 3 0.006457 0.012585 0.697041 0.283229 0.000688
0 2 0.884759 0.068581 0.031834 0.000323 0.014504
0 2 0.799027 0.090530 0.089621 0.002399 0.018423
0 0 0.848160 0.084587 0.046898 0.000781 0.019574
0 0 0.847129 0.086176 0.045376 0.000762 0.020556
0 0 0.900913 0.064604 0.019028 0.000138 0.015318
0 0 0.960061 0.029539 0.000858 0.000001 0.009541
0 0 0.947239 0.038520 0.001806 0.000002 0.012433
0 0 0.954872 0.033234 0.001207 0.000001 0.010685
0 0 0.961079 0.028842 0.000816 0.000000 0.009263
0 0 0.959237 0.030110 0.000897 0.000001 0.009756
0 0 0.934907 0.046234 0.002238 0.000004 0.016618
0 0 0.944440 0.040023 0.001641 0.000002 0.013894
0 0 0.943939 0.040354 0.001670 0.000002 0.014036
0 0 0.932002 0.047840 0.002198 0.000003 0.017957
0 0 0.936297 0.045337 0.002145 0.000004 0.016218
0 0 0.892114 0.073122 0.009088 0.000030 0.025647
0 0 0.911212 0.061839 0.006983 0.000030 0.019936
0 0 0.912280 0.060476 0.004012 0.000013 0.023220
0 1 0.900142 0.067851 0.005168 0.000022 0.026817
0 1 0.908140 0.063530 0.005783 0.000024 0.022523
0 1 0.847685 0.096520 0.008157 0.000019 0.047619
0 1 0.844182 0.098121 0.008026 0.000015 0.049656
0 1 0.781029 0.131506 0.014480 0.000038 0.072946
0 1 0.703563 0.165164 0.021128 0.000046 0.110099
0 1 0.713697 0.161020 0.020637 0.000050 0.104596
0 1 0.776981 0.133707 0.021422 0.000065 0.067826
0 1 0.855785 0.092515 0.008104 0.000025 0.043571
0 1 0.884337 0.079400 0.011140 0.000053 0.025071
0 1 0.831070 0.105747 0.010549 0.000033 0.052602
0 1 0.894312 0.071502 0.006226 0.000031 0.027929
0 1 0.866902 0.085700 0.006082 0.000009 0.041307
0 1 0.506740 0.237879 0.047428 0.000119 0.207834
0 1 0.607565 0.201558 0.027396 0.000031 0.163450
0 1 0.657310 0.182741 0.022609 0.000027 0.137312
0 1 0.592536 0.204669 0.024724 0.000015 0.178056
0 1 0.413460 0.260743 0.052896 0.000066 0.272834
0 1 0.402443 0.264127 0.057652 0.000090 0.275689
0 1 0.810718 0.115110 0.010341 0.000017 0.063814
0 1 0.417346 0.261446 0.058339 0.000113 0.262756
0 1 0.452672 0.249986 0.045858 0.000056 0.251427
2 1 0.139585 0.255480 0.537620 0.003597 0.063718
2 2 0.096364 0.146318 0.725047 0.010310 0.021960
2 2 0.053617 0.114026 0.801854 0.009793 0.020710
0 0 0.780330 0.163580 0.027069 0.000049 0.028972
0 0 0.884893 0.066544 0.034987 0.000358 0.013218
0 0 0.938391 0.044604 0.002890 0.000005 0.014109
0 0 0.913854 0.060135 0.005551 0.000021 0.020439
0 0 0.923042 0.054577 0.006347 0.000022 0.016013
0 0 0.922472 0.054435 0.003613 0.000010 0.019471
0 0 0.929854 0.050320 0.005593 0.000016 0.014217
0 0 0.807966 0.118586 0.020809 0.000198 0.052441
0 0 0.769744 0.136939 0.019695 0.000077 0.073545
0 1 0.756332 0.142329 0.037237 0.000309 0.063793
0 1 0.611450 0.194831 0.093906 0.000630 0.099184
0 1 0.627900 0.185401 0.100798 0.001344 0.084557
2 2 0.134277 0.147796 0.694676 0.005716 0.017536
0 2 0.500346 0.229704 0.234082 0.003120 0.032748
2 2 0.027803 0.076929 0.872184 0.013435 0.009649
2 2 0.244308 0.192077 0.525285 0.007052 0.031278
0 2 0.388213 0.236877 0.330726 0.004019 0.040166
2 2 0.033273 0.061181 0.888817 0.011633 0.005097
2 2 0.053091 0.094753 0.834220 0.008084 0.009851
2 2 0.021411 0.051483 0.907586 0.014922 0.004597
0 2 0.446918 0.271508 0.255654 0.001039 0.024882
2 2 0.032550 0.059648 0.886525 0.017161 0.004116
2 2 0.015419 0.079540 0.889529 0.001762 0.013750
2 2 0.009925 0.048907 0.928555 0.007208 0.005405
2 2 0.010208 0.040016 0.935199 0.011300 0.003277
2 2 0.016644 0.057832 0.908777 0.009077 0.007670
2 2 0.007339 0.041745 0.928882 0.015000 0.007034
0 2 0.428907 0.203716 0.343309 0.003708 0.020360
2 2 0.218598 0.102386 0.650315 0.020950 0.007751
2 2 0.058185 0.060652 0.830318 0.047173 0.003673
2 2 0.089499 0.067129 0.799724 0.039445 0.004203
2 2 0.160575 0.087943 0.722255 0.023450 0.005776
2 2 0.005008 0.010166 0.873105 0.111414 0.000307
2 2 0.027351 0.026414 0.881230 0.063909 0.001096
2 3 0.002359 0.005272 0.573938 0.418201 0.000230
2 3 0.031744 0.023276 0.863135 0.080822 0.001023
2 3 0.001916 0.005294 0.805416 0.187235 0.000139
2 3 0.025721 0.027635 0.664539 0.279707 0.002399
3 3 0.002689 0.005264 0.467900 0.523862 0.000286
2 3 0.003968 0.006801 0.515461 0.473384 0.000387
2 3 0.003609 0.005888 0.552515 0.437703 0.000284
3 3 0.000941 0.002518 0.318090 0.678319 0.000132
3 3 0.000688 0.001552 0.258889 0.738793 0.000079
3 3 0.001171 0.002054 0.202575 0.794046 0.000154
3 3 0.000151 0.000375 0.106198 0.893258 0.000018
3 3 0.000475 0.001015 0.103085 0.895341 0.000084
3 3 0.000483 0.001047 0.201407 0.797010 0.000053
3 3 0.000990 0.001592 0.064911 0.932255 0.000251
3 3 0.000686 0.001214 0.065764 0.932175 0.000161
3 3 0.004248 0.005658 0.235235 0.754249 0.000611
3 3 0.002749 0.003169 0.111175 0.882423 0.000485
3 3 0.000756 0.001719 0.172236 0.825164 0.000125
3 3 0.001369 0.002038 0.083159 0.913122 0.000312
3 3 0.001676 0.002316 0.075402 0.920191 0.000414
3 3 0.003493 0.003372 0.062239 0.930030 0.000865
3 3 0.002001 0.003291 0.094977 0.899166 0.000565
3 3 0.000660 0.001008 0.054354 0.943832 0.000146
3 3 0.000941 0.001189 0.063985 0.933709 0.000176
3 3 0.000483 0.000758 0.036999 0.961635 0.000124
3 3 0.001344 0.001941 0.097065 0.899388 0.000261
3 3 0.001017 0.000904 0.026622 0.971216 0.000241
3 3 0.001216 0.001975 0.070667 0.925815 0.000326
3 3 0.000503 0.000553 0.029658 0.969185 0.000100
3 3 0.000850 0.001275 0.053636 0.944028 0.000211
3 3 0.002312 0.002483 0.025088 0.969046 0.001071
3 3 0.000315 0.000580 0.049438 0.949603 0.000064
3 3 0.002228 0.001818 0.049274 0.946250 0.000431
3 3 0.002653 0.002667 0.048968 0.944995 0.000717
3 3 0.002061 0.002177 0.037238 0.957847 0.000677
3 3 0.000486 0.000560 0.022037 0.976793 0.000124
3 3 0.003180 0.003657 0.072251 0.920098 0.000814
3 3 0.000960 0.000948 0.030074 0.967789 0.000230
3 3 0.002308 0.002202 0.038341 0.956489 0.000660
3 3 0.001591 0.001371 0.023953 0.972616 0.000469
3 3 0.001949 0.001548 0.027171 0.968794 0.000538
3 3 0.005280 0.004256 0.057446 0.931710 0.001308
3 3 0.001071 0.000936 0.016205 0.981425 0.000363
3 3 0.000784 0.001501 0.086913 0.910624 0.000177
3 3 0.000664 0.001063 0.055987 0.942133 0.000152
3 3 0.001695 0.002762 0.100629 0.894496 0.000417
3 3 0.001262 0.002300 0.087859 0.908240 0.000339
3 3 0.000445 0.000742 0.040299 0.958404 0.000111
3 3 0.001362 0.001265 0.019514 0.977367 0.000492
3 3 0.002140 0.002900 0.070905 0.923466 0.000590
3 3 0.000064 0.000103 0.009905 0.989912 0.000016
3 3 0.000564 0.000741 0.024765 0.973762 0.000168
3 3 0.000952 0.001201 0.039360 0.958235 0.000253
3 3 0.002923 0.002175 0.030495 0.963609 0.000798
3 3 0.001181 0.001534 0.043808 0.953142 0.000335
3 3 0.002577 0.002607 0.049313 0.944825 0.000677
3 3 0.004761 0.003614 0.037533 0.952655 0.001437
3 3 0.004314 0.003706 0.053724 0.937185 0.001071
3 3 0.000388 0.000490 0.023946 0.975083 0.000093
3 3 0.000588 0.001010 0.050395 0.947858 0.000149
3 3 0.000569 0.000742 0.031153 0.967392 0.000143
3 3 0.000905 0.001063 0.043273 0.954558 0.000201
3 3 0.001217 0.001613 0.044853 0.951963 0.000354
3 3 0.001710 0.001940 0.023980 0.971639 0.000732
3 3 0.001337 0.001294 0.033383 0.963655 0.000331
3 3 0.001071 0.000990 0.019056 0.978536 0.000347
3 3 0.004332 0.004026 0.082889 0.907829 0.000924
3 3 0.001989 0.002366 0.067394 0.927766 0.000484
3 3 0.001365 0.001464 0.034823 0.961959 0.000389
3 3 0.000724 0.001027 0.039119 0.958936 0.000194
3 3 0.001320 0.002524 0.103049 0.892764 0.000342
3 3 0.001266 0.001409 0.029301 0.967615 0.000408
3 3 0.002638 0.002177 0.025551 0.968716 0.000917
3 3 0.000970 0.001154 0.026815 0.970744 0.000318
3 3 0.003336 0.003470 0.065430 0.926931 0.000833
3 3 0.001203 0.001387 0.043108 0.954001 0.000302
3 3 0.003228 0.003120 0.058180 0.934642 0.000829
3 3 0.001460 0.001967 0.066130 0.930092 0.000351
3 3 0.002104 0.001936 0.022136 0.972997 0.000827
3 3 0.000877 0.001032 0.018033 0.979700 0.000358
3 3 0.002248 0.002503 0.040733 0.953770 0.000747
3 3 0.003829 0.004391 0.089920 0.900941 0.000918
3 3 0.005073 0.003483 0.052228 0.938158 0.001059
3 3 0.001460 0.002165 0.074510 0.921495 0.000370
3 3 0.001013 0.001343 0.045466 0.951912 0.000266
3 3 0.001599 0.002052 0.077895 0.918117 0.000338
3 3 0.001330 0.001855 0.118268 0.878339 0.000208
3 3 0.001167 0.001379 0.055210 0.941994 0.000249
3 3 0.000607 0.001049 0.039282 0.958874 0.000188
3 3 0.001487 0.001329 0.022639 0.974061 0.000483
3 3 0.004290 0.005471 0.146092 0.843283 0.000864
3 3 0.017640 0.012070 0.150585 0.816608 0.003098
3 3 0.005269 0.004472 0.079422 0.909698 0.001139
3 3 0.056354 0.028480 0.277229 0.631500 0.006436
3 3 0.065205 0.030063 0.317885 0.580602 0.006245
2 3 0.024053 0.024143 0.567896 0.381443 0.002465
0 0 0.714584 0.105534 0.150364 0.007351 0.022167
0 0 0.700384 0.101726 0.169231 0.008641 0.020018
2 1 0.018013 0.032022 0.885265 0.063279 0.001422
2 1 0.091202 0.061515 0.814220 0.029813 0.003249
2 1 0.092171 0.052170 0.815023 0.037843 0.002792
2 2 0.052840 0.075164 0.843177 0.024963 0.003855
2 2 0.069328 0.070159 0.829086 0.027698 0.003729
2 2 0.007767 0.080612 0.879421 0.001019 0.031181
2 2 0.002310 0.057774 0.912465 0.002843 0.024607
2 2 0.005798 0.075097 0.891361 0.001516 0.026228
2 2 0.003625 0.102394 0.812784 0.003046 0.078151
2 2 0.005082 0.101900 0.846900 0.000459 0.045660
2 2 0.015908 0.154418 0.600226 0.007317 0.222131
2 2 0.005973 0.140258 0.668220 0.000693 0.184857
2 2 0.014927 0.157691 0.688887 0.000519 0.137976
2 2 0.005409 0.104922 0.776172 0.003971 0.109526
2 2 0.010470 0.165117 0.626970 0.002613 0.194831
2 2 0.012340 0.180187 0.449660 0.000150 0.357663
4 2 0.003007 0.103300 0.424510 0.010953 0.458230
4 2 0.005226 0.131922 0.249766 0.000581 0.612505
4 2 0.011159 0.217842 0.321488 0.000043 0.449468
2 2 0.005660 0.140058 0.580889 0.000890 0.272503
4 2 0.003869 0.115871 0.263775 0.000717 0.615768
2 2 0.004579 0.147201 0.520675 0.000081 0.327464
4 2 0.006055 0.137742 0.208130 0.000150 0.647922
4 2 0.003896 0.119751 0.198028 0.000164 0.678161
4 2 0.004397 0.111449 0.238801 0.002774 0.642579
4 2 0.002349 0.125009 0.265644 0.000048 0.606949
4 2 0.001687 0.105903 0.417599 0.000126 0.474685
4 2 0.004248 0.135009 0.387067 0.000411 0.473266
4 2 0.003940 0.121281 0.356823 0.000886 0.517071
2 2 0.003526 0.120540 0.453287 0.001048 0.421600
2 2 0.053116 0.198894 0.695538 0.000722 0.051730
2 2 0.038404 0.186561 0.683887 0.001001 0.090148
2 2 0.015272 0.140816 0.784475 0.000485 0.058952
2 2 0.008249 0.098827 0.861834 0.001154 0.029937
2 2 0.036173 0.216074 0.617778 0.000393 0.129583
2 2 0.031116 0.121917 0.824118 0.002091 0.020757
2 2 0.075866 0.131622 0.776296 0.003184 0.013033
2 2 0.020656 0.052550 0.912567 0.009402 0.004825
2 2 0.109915 0.168049 0.682676 0.003727 0.035632
2 2 0.044282 0.083266 0.855795 0.007398 0.009258
2 2 0.006707 0.042539 0.941493 0.003912 0.005348
2 2 0.019677 0.070372 0.896564 0.004061 0.009327
2 2 0.023427 0.051893 0.912352 0.008385 0.003942
2 2 0.086370 0.163359 0.720042 0.002361 0.027868
2 2 0.044916 0.110887 0.831727 0.002900 0.009570
2 2 0.070149 0.059060 0.849526 0.018844 0.002420
2 2 0.105551 0.074786 0.798450 0.017598 0.003616
2 2 0.097840 0.081292 0.797490 0.019153 0.004225
2 2 0.106814 0.084326 0.780683 0.023242 0.004935
2 2 0.065470 0.054825 0.852267 0.025029 0.002410
2 2 0.264099 0.151474 0.564199 0.008855 0.011373
2 2 0.159137 0.093008 0.719804 0.021920 0.006130
2 2 0.158969 0.092014 0.718743 0.022582 0.007692
2 2 0.054699 0.079673 0.840804 0.019060 0.005765
2 2 0.095810 0.078596 0.792023 0.028196 0.005375
2 2 0.086336 0.059437 0.797766 0.052531 0.003930
2 2 0.058511 0.068476 0.801544 0.062603 0.008866
2 2 0.094872 0.059969 0.806509 0.035269 0.003380
2 2 0.077756 0.067469 0.804199 0.046122 0.004454
2 2 0.033993 0.064442 0.864392 0.030799 0.006374
2 2 0.218279 0.092532 0.657359 0.024777 0.007052
0 0 0.889308 0.067439 0.028422 0.000266 0.014565
0 0 0.800389 0.119574 0.056656 0.000495 0.022885
0 2 0.629680 0.127445 0.220165 0.005067 0.017643
0 2 0.715699 0.124136 0.138694 0.002294 0.019177
2 2 0.301729 0.135212 0.545837 0.007766 0.009456
2 2 0.236991 0.147020 0.600138 0.006703 0.009148
2 2 0.271992 0.110636 0.597636 0.012092 0.007644
2 2 0.040044 0.048080 0.885324 0.024450 0.002102
2 2 0.179621 0.144370 0.652479 0.009287 0.014243
0 2 0.562213 0.140459 0.277989 0.004197 0.015143
0 2 0.482699 0.170231 0.324604 0.004557 0.017908
0 2 0.546790 0.186024 0.242153 0.002789 0.022243
2 2 0.180991 0.111830 0.689101 0.011528 0.006550
2 2 0.268712 0.123600 0.584898 0.013253 0.009537
2 2 0.094758 0.059895 0.799187 0.042496 0.003664
2 2 0.109115 0.070970 0.791726 0.024349 0.003840
2 2 0.060596 0.052516 0.850720 0.033631 0.002537
2 2 0.246634 0.112229 0.604519 0.025134 0.011484
2 2 0.113075 0.094643 0.760449 0.025575 0.006257
2 2 0.093249 0.066161 0.818143 0.019403 0.003043
0 2 0.509878 0.154573 0.314118 0.004914 0.016518
2 2 0.220061 0.116172 0.641870 0.013857 0.008041
2 2 0.228974 0.098391 0.643667 0.021502 0.007467
0 0 0.764704 0.116549 0.101175 0.000957 0.016615
0 0 0.601532 0.240682 0.131075 0.000379 0.026333
0 2 0.558020 0.176862 0.238421 0.003536 0.023160
2 2 0.125548 0.142532 0.711314 0.005868 0.014738
2 2 0.188549 0.110680 0.676764 0.015201 0.008806
2 2 0.139958 0.114870 0.719718 0.013233 0.012221
0 2 0.609862 0.148552 0.216796 0.004113 0.020677
2 2 0.427963 0.123254 0.429206 0.008646 0.010931
0 0 0.752343 0.096325 0.127523 0.004767 0.019042
0 0 0.842033 0.099085 0.040114 0.000260 0.018508
0 0 0.792609 0.125197 0.060259 0.000413 0.021522
0 0 0.809134 0.107132 0.067347 0.000451 0.015935
0 0 0.861632 0.090231 0.026750 0.000199 0.021188
0 0 0.768932 0.139527 0.067143 0.000465 0.023933
0 0 0.870621 0.082911 0.026368 0.000225 0.019875
0 0 0.757204 0.142465 0.076224 0.000557 0.023549
0 0 0.862992 0.086743 0.028106 0.000281 0.021876
0 0 0.770971 0.142688 0.063103 0.000331 0.022907
0 0 0.813179 0.121846 0.040456 0.000242 0.024277
0 0 0.867730 0.071463 0.046271 0.000604 0.013932
0 0 0.838117 0.094837 0.040263 0.000730 0.026053
0 0 0.870011 0.085866 0.015526 0.000140 0.028455
0 0 0.834853 0.103987 0.022073 0.000147 0.038940
0 0 0.874626 0.087482 0.012773 0.000060 0.025059
0 0 0.852377 0.100236 0.020075 0.000124 0.027189
0 0 0.848748 0.099738 0.025433 0.000201 0.025880
0 0 0.767719 0.135644 0.013467 0.000020 0.083150
0 0 0.833231 0.104202 0.009469 0.000023 0.053074
0 0 0.749621 0.143616 0.014384 0.000018 0.092361
0 0 0.832461 0.104186 0.008835 0.000016 0.054501
0 1 0.803591 0.117991 0.009938 0.000012 0.068467
0 1 0.457772 0.249056 0.044884 0.000049 0.248240
0 1 0.480762 0.245204 0.052340 0.000156 0.221538
4 1 0.257718 0.281868 0.095900 0.000364 0.364150
4 1 0.085484 0.245970 0.185397 0.001174 0.481975
4 1 0.242134 0.287403 0.091229 0.000137 0.379097
0 1 0.849827 0.096701 0.011979 0.000076 0.041417
0 1 0.733384 0.154170 0.031050 0.000261 0.081134
0 1 0.756209 0.143092 0.019937 0.000087 0.080675
0 1 0.864952 0.088542 0.012467 0.000077 0.033962
0 0 0.854444 0.093206 0.008152 0.000024 0.044174
0 0 0.812827 0.112309 0.007984 0.000005 0.066876
0 0 0.561887 0.213110 0.024474 0.000009 0.200520
0 1 0.528346 0.222318 0.025361 0.000007 0.223968
0 1 0.425453 0.249732 0.033850 0.000009 0.290958
0 1 0.617955 0.188168 0.019797 0.000028 0.174052
0 0 0.874983 0.081441 0.018647 0.000185 0.024745
0 0 0.933065 0.047490 0.002443 0.000005 0.016998
0 0 0.934539 0.046792 0.002660 0.000005 0.016003
0 0 0.915773 0.059008 0.005639 0.000020 0.019559
0 0 0.919138 0.056811 0.004679 0.000015 0.019358
0 0 0.782241 0.130140 0.015001 0.000050 0.072567
0 0 0.862389 0.088879 0.007482 0.000022 0.041227
0 0 0.810665 0.116415 0.012987 0.000055 0.059878
0 0 0.748981 0.145930 0.018796 0.000068 0.086226
0 0 0.844912 0.098266 0.008979 0.000018 0.047826
0 0 0.923654 0.053400 0.003057 0.000007 0.019881
0 0 0.895891 0.070394 0.005607 0.000026 0.028083
0 0 0.906910 0.063845 0.004669 0.000017 0.024558
0 0 0.891966 0.072722 0.006027 0.000030 0.029254
0 0 0.878263 0.080719 0.007610 0.000049 0.033359
0 1 0.783875 0.128840 0.013658 0.000033 0.073595
0 1 0.685957 0.173439 0.043940 0.000757 0.095907
0 1 0.461252 0.251512 0.057170 0.000173 0.229893
0 1 0.808637 0.116658 0.011398 0.000027 0.063280
0 1 0.833634 0.104447 0.010361 0.000037 0.051520
0 0 0.767086 0.134867 0.011929 0.000011 0.086108
0 0 0.889614 0.073935 0.005914 0.000024 0.030513
0 0 0.900222 0.067507 0.004665 0.000013 0.027593
0 0 0.853060 0.093967 0.008295 0.000025 0.044653
0 0 0.808943 0.116824 0.012023 0.000035 0.062175
0 0 0.923437 0.053948 0.003764 0.000010 0.018841
0 0 0.904851 0.065604 0.008668 0.000039 0.020838
0 0 0.900510 0.068205 0.007362 0.000037 0.023885
0 0 0.875513 0.082444 0.013525 0.000117 0.028400
0 0 0.853204 0.096139 0.015999 0.000160 0.034498
0 0 0.856921 0.091539 0.007389 0.000016 0.044134
0 0 0.748092 0.146765 0.020358 0.000100 0.084685
0 0 0.947290 0.037465 0.001096 0.000000 0.014148
0 0 0.954165 0.033353 0.001018 0.000001 0.011464
0 0 0.934733 0.046346 0.002249 0.000004 0.016668
0 0 0.876106 0.082312 0.011614 0.000094 0.029873
0 0 0.918653 0.057008 0.004403 0.000014 0.019922
0 0 0.907303 0.064055 0.005965 0.000025 0.022652
0 0 0.900586 0.068181 0.007647 0.000039 0.023547
0 0 0.916284 0.058565 0.004939 0.000017 0.020194
0 0 0.900044 0.067211 0.014328 0.000096 0.018322
0 0 0.922207 0.054433 0.009519 0.000039 0.013801
0 0 0.936788 0.045361 0.007354 0.000021 0.010475
0 0 0.884828 0.081226 0.009957 0.000039 0.023950
0 0 0.937980 0.045092 0.005264 0.000013 0.011651
0 0 0.916839 0.057957 0.009464 0.000043 0.015697
0 0 0.934022 0.047600 0.003845 0.000009 0.014524
0 0 0.938816 0.044617 0.004199 0.000009 0.012359
0 0 0.917785 0.057454 0.009058 0.000039 0.015663
0 0 0.946267 0.039109 0.006462 0.000015 0.008148
0 0 0.975363 0.019393 0.000632 0.000000 0.004612
0 0 0.974104 0.019730 0.000365 0.000000 0.005800
0 0 0.973961 0.019833 0.000369 0.000000 0.005837
0 0 0.971147 0.021831 0.000452 0.000000 0.006570
0 0 0.946943 0.038370 0.001499 0.000002 0.013186
0 0 0.887719 0.075223 0.006499 0.000035 0.030524
0 0 0.881820 0.079081 0.009599 0.000067 0.029434
0 0 0.863257 0.089231 0.015416 0.000160 0.031936
0 0 0.840657 0.099844 0.025065 0.000387 0.034047
0 0 0.874919 0.082945 0.009753 0.000065 0.032318
0 0 0.938200 0.044599 0.002654 0.000005 0.014542
0 0 0.926781 0.051426 0.002817 0.000006 0.018970
0 0 0.936249 0.046120 0.003435 0.000007 0.014188
0 0 0.901894 0.067004 0.005471 0.000023 0.025608
0 1 0.856981 0.092804 0.015326 0.000168 0.034721
1 1 0.167702 0.357164 0.226453 0.000301 0.248380
1 1 0.248393 0.326366 0.202930 0.000481 0.221830
1 1 0.316814 0.317649 0.174300 0.000648 0.190589
2 1 0.060864 0.260705 0.493511 0.000624 0.184296
2 2 0.019048 0.173926 0.630128 0.000508 0.176390
2 2 0.064414 0.142479 0.773224 0.002969 0.016914
2 2 0.024533 0.088616 0.871781 0.005605 0.009465
2 2 0.103518 0.163537 0.707848 0.003787 0.021310
2 2 0.046938 0.089842 0.850484 0.005817 0.006919
2 2 0.029218 0.105621 0.844441 0.003603 0.017116
2 2 0.044781 0.087748 0.847254 0.011635 0.008582
2 2 0.024144 0.051456 0.904592 0.015321 0.004487
0 2 0.451169 0.210041 0.310243 0.003061 0.025486
2 2 0.275565 0.141986 0.559983 0.010879 0.011587
2 2 0.205996 0.131790 0.639668 0.013063 0.009483
2 2 0.287602 0.126504 0.560507 0.014659 0.010727
2 2 0.386993 0.149687 0.448892 0.004081 0.010348
2 2 0.310109 0.129977 0.536875 0.011881 0.011157
2 2 0.305888 0.174107 0.501458 0.005513 0.013034
2 2 0.087358 0.098227 0.791428 0.013433 0.009554
2 2 0.222238 0.167531 0.589362 0.008488 0.012381
2 2 0.385246 0.171266 0.422178 0.005854 0.015457
2 2 0.371434 0.135160 0.473333 0.008681 0.011392
2 2 0.041665 0.054333 0.879147 0.021824 0.003032
0 2 0.410960 0.172101 0.393253 0.006399 0.017287
2 2 0.053992 0.070523 0.858627 0.011971 0.004886
2 2 0.009945 0.029870 0.943437 0.014996 0.001752
2 2 0.035757 0.079964 0.872211 0.006239 0.005829
2 2 0.022495 0.053740 0.909338 0.010270 0.004157
2 2 0.017100 0.051783 0.917222 0.009919 0.003976
2 2 0.071795 0.061115 0.824965 0.038368 0.003758
2 2 0.114500 0.079084 0.779118 0.022655 0.004644
2 2 0.042586 0.040190 0.860996 0.054225 0.002002
2 2 0.009599 0.026779 0.943361 0.018578 0.001683
2 2 0.059942 0.059963 0.850953 0.026238 0.002904
2 2 0.067977 0.055167 0.842357 0.031790 0.002709
2 2 0.222582 0.087916 0.662891 0.020583 0.006028
2 2 0.004266 0.010826 0.829673 0.154837 0.000398
2 2 0.045536 0.044633 0.860575 0.047035 0.002221
2 2 0.012444 0.022858 0.893413 0.070410 0.000875
2 3 0.270647 0.093808 0.608397 0.019976 0.007173
2 3 0.023907 0.033363 0.900951 0.040518 0.001262
2 3 0.077761 0.058026 0.831304 0.030001 0.002907
2 3 0.057422 0.048264 0.840590 0.051062 0.002663
2 3 0.028610 0.028621 0.838077 0.103162 0.001530
2 3 0.007675 0.011976 0.856660 0.123266 0.000424
2 3 0.012238 0.015826 0.765572 0.205576 0.000788
2 3 0.005217 0.010723 0.810036 0.173609 0.000415
2 3 0.014042 0.018621 0.841930 0.124585 0.000822
2 3 0.018075 0.019128 0.859762 0.102216 0.000820
2 3 0.003623 0.006859 0.550136 0.439017 0.000365
2 3 0.021426 0.026565 0.789025 0.161344 0.001639
3 3 0.000301 0.001020 0.316495 0.682152 0.000032
3 3 0.000799 0.002240 0.390584 0.606285 0.000092
2 3 0.010321 0.014368 0.646925 0.327416 0.000971
3 3 0.000617 0.002085 0.470641 0.526590 0.000067
3 3 0.000718 0.001961 0.443811 0.553442 0.000068
3 3 0.000453 0.001267 0.374317 0.623923 0.000041
2 3 0.002144 0.006298 0.713021 0.278309 0.000227
3 3 0.000912 0.002224 0.323329 0.673423 0.000111
3 3 0.000432 0.001272 0.229492 0.768745 0.000059
3 3 0.001151 0.002759 0.284139 0.711780 0.000171
3 3 0.000325 0.000880 0.235546 0.763215 0.000034
3 3 0.001681 0.004234 0.402372 0.591471 0.000242
3 3 0.000632 0.001488 0.268573 0.729236 0.000071
3 3 0.001019 0.002126 0.221772 0.774937 0.000146
2 3 0.013483 0.015238 0.529116 0.440814 0.001349
3 3 0.001169 0.003194 0.489291 0.506217 0.000129
3 3 0.002690 0.004604 0.369930 0.622458 0.000318
3 3 0.001517 0.002907 0.203728 0.791593 0.000255
3 3 0.001966 0.003297 0.239969 0.754487 0.000281
3 3 0.000562 0.001122 0.123478 0.874750 0.000087
3 3 0.000738 0.001503 0.183621 0.814038 0.000100
3 3 0.000241 0.000499 0.089414 0.909814 0.000032
3 3 0.000375 0.000868 0.103305 0.895387 0.000065
2 3 0.006127 0.012452 0.709500 0.271288 0.000634
3 3 0.001215 0.003984 0.455296 0.539321 0.000184
2 2 0.072541 0.055339 0.799539 0.068690 0.003891
2 2 0.328856 0.123024 0.516354 0.019299 0.012467
0 2 0.549970 0.173303 0.245111 0.005569 0.026048
2 2 0.088013 0.053432 0.834872 0.021431 0.002253
2 2 0.074578 0.073033 0.829609 0.019338 0.003442
2 2 0.021591 0.026998 0.905728 0.044735 0.000948
2 2 0.039854 0.041661 0.891247 0.025722 0.001517
2 2 0.039128 0.034096 0.890820 0.034690 0.001266
2 2 0.170753 0.085030 0.722993 0.016445 0.004780
2 2 0.021752 0.021906 0.883457 0.072013 0.000872
2 2 0.029086 0.058258 0.890811 0.019207 0.002638
2 2 0.018409 0.025295 0.911056 0.044394 0.000847
2 2 0.037660 0.036694 0.885887 0.038284 0.001474
2 2 0.223832 0.168277 0.580314 0.010769 0.016808
2 2 0.067197 0.139260 0.778040 0.003444 0.012058
2 2 0.031831 0.066497 0.888484 0.006897 0.006291
2 2 0.010314 0.065309 0.909989 0.004498 0.009890
2 2 0.017461 0.087130 0.878564 0.003348 0.013497
2 2 0.012368 0.167960 0.608949 0.000210 0.210514
4 2 0.008550 0.146330 0.325327 0.003341 0.516452
2 2 0.003525 0.114872 0.564358 0.002070 0.315176
4 4 0.026675 0.198686 0.267877 0.002025 0.504737
2 4 0.006980 0.139250 0.441363 0.004395 0.408012
4 4 0.011330 0.152885 0.098490 0.000010 0.737286
4 4 0.002675 0.096587 0.107705 0.000039 0.792994
4 4 0.005252 0.105337 0.084811 0.000317 0.804284
4 4 0.002277 0.086621 0.156945 0.001070 0.753086
4 4 0.003812 0.102324 0.097076 0.000095 0.796694
4 4 0.004811 0.113851 0.080140 0.000005 0.801193
4 4 0.079268 0.236881 0.055550 0.000002 0.628299
4 4 0.040046 0.207528 0.068958 0.000003 0.683466
4 4 0.017208 0.168730 0.078755 0.000003 0.735304
4 4 0.005271 0.116292 0.083600 0.000010 0.794827
4 4 0.325816 0.252065 0.044085 0.000151 0.377883
4 4 0.050458 0.211459 0.083663 0.000082 0.654339
4 4 0.121653 0.226786 0.064294 0.001606 0.585661
4 4 0.145605 0.255755 0.072419 0.000190 0.526031
4 4 0.079688 0.226423 0.071663 0.000124 0.622103
4 4 0.082377 0.238336 0.095090 0.000268 0.583928
0 4 0.348224 0.267419 0.045506 0.000016 0.338835
4 4 0.020750 0.150378 0.081498 0.001669 0.745705
4 4 0.026950 0.141853 0.051515 0.002766 0.776915
4 4 0.065648 0.192119 0.057332 0.001106 0.683795
4 4 0.052944 0.210514 0.094602 0.000430 0.641511
4 4 0.021370 0.148046 0.063390 0.000416 0.766779
4 4 0.050889 0.209251 0.079785 0.000087 0.659989
4 4 0.063825 0.237271 0.093214 0.000027 0.605662
4 4 0.042316 0.196402 0.080606 0.000156 0.680520
4 4 0.044067 0.196360 0.090309 0.000617 0.668648
4 4 0.045592 0.204470 0.099114 0.000433 0.650391
4 4 0.058119 0.232294 0.104342 0.000062 0.605182
4 4 0.061726 0.231671 0.093380 0.000049 0.613174
4 4 0.056921 0.231861 0.086896 0.000013 0.624309
4 4 0.007390 0.131805 0.071206 0.000001 0.789598
4 4 0.016179 0.163463 0.068675 0.000002 0.751681
4 4 0.014980 0.160662 0.070776 0.000002 0.753581
4 4 0.022990 0.177123 0.061236 0.000001 0.738650
4 4 0.010723 0.145901 0.069039 0.000001 0.774336
4 4 0.012660 0.150166 0.060482 0.000001 0.776691
4 4 0.017647 0.156533 0.042309 0.000000 0.783511
4 4 0.004431 0.111907 0.063510 0.000000 0.820152
4 4 0.002742 0.099069 0.072933 0.000001 0.825256
4 4 0.003129 0.103831 0.077443 0.000001 0.815597
4 4 0.029890 0.193678 0.099331 0.000049 0.677053
4 4 0.054959 0.212534 0.074959 0.000060 0.657489
4 4 0.070678 0.239500 0.075774 0.000008 0.614040
4 4 0.010247 0.138735 0.107257 0.000204 0.743556
4 4 0.010390 0.132631 0.105868 0.000944 0.750166
4 4 0.027852 0.160275 0.040358 0.000006 0.771509
4 4 0.014953 0.129965 0.034284 0.000003 0.820795
4 4 0.010796 0.137887 0.057215 0.000002 0.794100
4 4 0.034665 0.165580 0.035566 0.000005 0.764184
4 4 0.024957 0.175051 0.051929 0.000001 0.748062
4 4 0.013213 0.143376 0.061765 0.000007 0.781639
4 4 0.036680 0.194711 0.049847 0.000001 0.718761
4 4 0.018690 0.146412 0.047973 0.000012 0.786913
4 4 0.018924 0.166577 0.057314 0.000001 0.757184
4 4 0.009059 0.114079 0.047493 0.000031 0.829338
4 4 0.009557 0.153637 0.082592 0.000002 0.754213
4 4 0.010871 0.153927 0.100724 0.000007 0.734471
4 4 0.013934 0.161544 0.087048 0.000004 0.737470
4 4 0.026710 0.179822 0.066591 0.000007 0.726870
4 4 0.002524 0.095991 0.098763 0.000013 0.802710
4 4 0.006407 0.130342 0.098251 0.000006 0.764994
4 4 0.007987 0.136883 0.080368 0.000002 0.774759
4 4 0.007606 0.133788 0.091049 0.000008 0.767549
4 4 0.013750 0.156942 0.070924 0.000002 0.758383
4 4 0.040553 0.210722 0.076504 0.000005 0.672216
4 4 0.010768 0.136874 0.043551 0.000000 0.808807
4 4 0.010802 0.142965 0.058518 0.000001 0.787714
4 4 0.006301 0.124620 0.066004 0.000001 0.803075
4 4 0.005969 0.122745 0.066238 0.000001 0.805048
4 4 0.001931 0.089337 0.073283 0.000001 0.835449
4 4 0.004747 0.116196 0.072135 0.000001 0.806920
4 4 0.005953 0.123924 0.079003 0.000002 0.791117
4 4 0.079367 0.235343 0.052570 0.000002 0.632718
4 2 0.016755 0.158541 0.051042 0.000000 0.773661
4 2 0.000636 0.059830 0.082074 0.000009 0.857450
4 2 0.074975 0.242595 0.090090 0.000038 0.592303
4 2 0.009133 0.149880 0.205954 0.000221 0.634812
4 2 0.066999 0.242582 0.097067 0.000026 0.593327
4 2 0.028789 0.195612 0.096088 0.000018 0.679494
4 2 0.049751 0.228250 0.103543 0.000026 0.618431
4 2 0.010805 0.144271 0.096386 0.000037 0.748501
4 2 0.007783 0.128915 0.090665 0.000035 0.772602
4 2 0.005124 0.124571 0.156146 0.000050 0.714110
4 2 0.004455 0.099661 0.084013 0.000339 0.811532
4 2 0.003460 0.120684 0.117604 0.000004 0.758248
4 2 0.037684 0.188510 0.080105 0.000206 0.693495
4 2 0.007243 0.121824 0.088047 0.000089 0.782798
4 2 0.038158 0.202946 0.086334 0.000031 0.672531
4 2 0.047596 0.219849 0.095838 0.000035 0.636682
4 2 0.019564 0.166393 0.083215 0.000032 0.730796
4 2 0.024949 0.188609 0.182936 0.000245 0.603261
4 2 0.021401 0.171353 0.145179 0.000772 0.661295
4 2 0.002309 0.095243 0.413349 0.006319 0.482780
4 2 0.028738 0.201976 0.149678 0.000136 0.619473
4 2 0.110131 0.268147 0.146910 0.000147 0.474664
2 2 0.022893 0.190913 0.717549 0.000833 0.067812
2 2 0.010541 0.151415 0.791265 0.000386 0.046394
2 2 0.120927 0.278336 0.478618 0.000805 0.121314
2 2 0.014742 0.130337 0.817493 0.000664 0.036764
2 2 0.021529 0.153776 0.761473 0.000455 0.062767
2 2 0.006416 0.070481 0.900372 0.001326 0.021406
2 2 0.026441 0.195504 0.723036 0.000435 0.054584
2 2 0.011756 0.093948 0.871121 0.000817 0.022358
2 2 0.011235 0.124195 0.832126 0.000539 0.031905
2 2 0.053704 0.207812 0.695496 0.000696 0.042292
2 2 0.139703 0.098774 0.744236 0.012171 0.005116
2 2 0.044440 0.060811 0.877737 0.013621 0.003391
2 2 0.094955 0.088554 0.797026 0.013539 0.005926
2 2 0.094282 0.077154 0.810035 0.014473 0.004055
2 2 0.023769 0.037290 0.917498 0.019926 0.001517
2 2 0.136484 0.101623 0.738709 0.015695 0.007488
2 2 0.036292 0.069934 0.877652 0.009052 0.007070
0 2 0.697581 0.126906 0.144909 0.004905 0.025698
2 2 0.050764 0.109231 0.823736 0.005725 0.010545
2 2 0.038596 0.071691 0.877434 0.007225 0.005054
2 2 0.083374 0.057117 0.827968 0.028731 0.002811
2 2 0.120270 0.092005 0.772404 0.011070 0.004251
2 2 0.023369 0.024209 0.909217 0.042417 0.000789
2 2 0.034123 0.047073 0.887113 0.029289 0.002402
2 2 0.073149 0.065800 0.833593 0.024252 0.003206
2 2 0.152913 0.115975 0.708569 0.014154 0.008388
2 2 0.041954 0.063929 0.866730 0.022107 0.005280
2 2 0.217708 0.120429 0.629729 0.018407 0.013726
2 2 0.014765 0.039810 0.920483 0.021161 0.003781
2 2 0.040620 0.066362 0.868637 0.019270 0.005112
2 2 0.065291 0.053852 0.831708 0.046091 0.003059
2 2 0.009120 0.013989 0.873272 0.103127 0.000491
2 2 0.150186 0.109462 0.711239 0.021316 0.007797
2 2 0.027943 0.033073 0.882869 0.054677 0.001440
2 2 0.026694 0.029749 0.877379 0.064858 0.001320
2 2 0.017425 0.019076 0.884593 0.078191 0.000714
2 3 0.019666 0.019525 0.881921 0.078143 0.000745
2 3 0.011374 0.020571 0.888279 0.078992 0.000783
2 3 0.003220 0.009497 0.728610 0.258154 0.000520
2 3 0.005951 0.010945 0.852888 0.129846 0.000370
2 3 0.003284 0.008003 0.690040 0.298333 0.000340
2 3 0.013041 0.016674 0.862838 0.106779 0.000667
2 3 0.032120 0.033807 0.849406 0.082837 0.001830
2 3 0.025999 0.033972 0.852260 0.085922 0.001847
2 3 0.003793 0.008091 0.648965 0.338760 0.000391
3 3 0.001219 0.002808 0.368973 0.626862 0.000138
