2 0 0.064668 0.221231 0.538348 0.000047 0.175706
0 0 0.472000 0.191498 0.092419 0.003537 0.240546
0 0 0.732342 0.138529 0.039897 0.000683 0.088549
0 0 0.491693 0.186304 0.050161 0.000161 0.271681
0 0 0.842882 0.074368 0.046192 0.004154 0.032405
0 0 0.434575 0.222273 0.295031 0.000257 0.047863
0 0 0.529066 0.302600 0.035565 0.000000 0.132769
0 0 0.390883 0.315205 0.084774 0.000016 0.209121
1 0 0.338021 0.351540 0.046873 0.000000 0.263566
0 0 0.612513 0.257535 0.050781 0.000000 0.079171
0 0 0.478251 0.323952 0.045370 0.000000 0.152426
0 1 0.394788 0.342547 0.056882 0.000000 0.205783
1 1 0.329772 0.340946 0.064034 0.000003 0.265244
0 1 0.493620 0.310715 0.032746 0.000000 0.162919
1 1 0.257202 0.343944 0.083999 0.000001 0.314854
1 1 0.274931 0.353054 0.052343 0.000000 0.319671
4 1 0.140934 0.321421 0.100215 0.000000 0.437430
4 1 0.209121 0.346709 0.062079 0.000000 0.382091
4 1 0.215450 0.338814 0.070940 0.000002 0.374793
4 1 0.036205 0.206591 0.172040 0.000003 0.585161
4 1 0.024301 0.184327 0.128750 0.000000 0.662621
4 1 0.013091 0.138756 0.193212 0.000011 0.654930
4 1 0.017800 0.150366 0.225262 0.000136 0.606436
4 1 0.002884 0.080516 0.218096 0.000974 0.697530
4 2 0.002284 0.067836 0.108027 0.000216 0.821637
2 2 0.000744 0.057220 0.718047 0.016914 0.207075
4 2 0.001391 0.075066 0.399265 0.002552 0.521725
4 2 0.002279 0.099935 0.371389 0.002657 0.523740
2 2 0.000324 0.035468 0.877063 0.003762 0.083383
2 2 0.000167 0.032690 0.826516 0.001530 0.139097
2 2 0.000099 0.021928 0.922012 0.002604 0.053357
2 2 0.000166 0.033222 0.820057 0.001947 0.144608
2 2 0.000203 0.027467 0.905726 0.004515 0.062089
2 2 0.000051 0.008700 0.973370 0.008936 0.008943
4 2 0.033781 0.193715 0.345115 0.003988 0.423402
2 2 0.000824 0.052062 0.789509 0.020571 0.137034
2 2 0.000063 0.012318 0.945108 0.024511 0.018001
2 2 0.000259 0.029462 0.897620 0.007694 0.064965
2 2 0.000052 0.013406 0.963195 0.000584 0.022763
2 2 0.000062 0.017943 0.933285 0.001012 0.047699
2 2 0.000415 0.019570 0.872345 0.086634 0.021036
2 3 0.000162 0.018576 0.894495 0.055010 0.031756
2 3 0.000049 0.005676 0.821006 0.170302 0.002968
2 3 0.000223 0.009745 0.557440 0.424591 0.008001
3 3 0.000042 0.001346 0.188187 0.810108 0.000317
2 3 0.000094 0.006880 0.611834 0.376076 0.005117
2 3 0.000024 0.002571 0.534824 0.461448 0.001133
3 3 0.000030 0.000587 0.113920 0.885389 0.000075
3 3 0.000042 0.001858 0.260986 0.736474 0.000640
3 3 0.000096 0.002739 0.247273 0.748930 0.000962
3 3 0.000012 0.000488 0.125060 0.874357 0.000082
3 3 0.000092 0.000784 0.046707 0.952151 0.000265
3 3 0.000048 0.000631 0.056480 0.942647 0.000195
3 3 0.000122 0.001839 0.117533 0.879740 0.000766
3 3 0.000113 0.001982 0.130656 0.866256 0.000993
3 3 0.000063 0.000663 0.054743 0.944382 0.000149
3 3 0.000049 0.000691 0.065980 0.933093 0.000187
3 3 0.000183 0.000840 0.029704 0.968931 0.000341
3 3 0.000065 0.000288 0.013927 0.985602 0.000118
3 3 0.000049 0.000374 0.027714 0.971760 0.000102
3 3 0.000024 0.000254 0.032660 0.967026 0.000036
3 3 0.000176 0.000905 0.032248 0.966229 0.000441
3 3 0.000123 0.000677 0.026208 0.972579 0.000412
3 3 0.000163 0.000598 0.019366 0.979600 0.000272
3 3 0.000203 0.000746 0.023177 0.975563 0.000310
3 3 0.000003 0.000076 0.026134 0.973775 0.000011
3 3 0.000351 0.001100 0.025624 0.972378 0.000547
2 2 0.130300 0.162228 0.361116 0.220560 0.125797
3 2 0.000348 0.004362 0.166527 0.826199 0.002565
3 3 0.000047 0.000591 0.059077 0.940164 0.000122
3 3 0.000221 0.004257 0.232778 0.760731 0.002013
3 3 0.000036 0.000932 0.123672 0.875105 0.000256
3 3 0.000756 0.002540 0.043721 0.951257 0.001726
3 3 0.000016 0.000215 0.029701 0.970016 0.000052
3 3 0.000071 0.000542 0.031679 0.967481 0.000228
3 3 0.000126 0.000837 0.040712 0.958038 0.000288
3 3 0.000139 0.000323 0.009152 0.990242 0.000143
3 3 0.000137 0.000502 0.017134 0.981996 0.000232
3 3 0.000111 0.000351 0.013903 0.985539 0.000096
3 3 0.000675 0.001117 0.015181 0.982322 0.000706
3 3 0.000133 0.000506 0.019070 0.980114 0.000177
3 3 0.000237 0.000635 0.016277 0.982573 0.000277
3 3 0.000050 0.000301 0.020849 0.978730 0.000070
3 3 0.000066 0.000195 0.007876 0.991782 0.000081
3 3 0.000079 0.000407 0.019118 0.980216 0.000180
3 3 0.000043 0.000168 0.009084 0.990645 0.000059
3 3 0.000164 0.000302 0.007244 0.992149 0.000142
3 3 0.000149 0.000542 0.017252 0.981773 0.000284
3 3 0.000060 0.000257 0.013918 0.985693 0.000073
3 3 0.000276 0.000524 0.009778 0.989065 0.000357
3 3 0.000038 0.000204 0.014646 0.985062 0.000050
3 3 0.000107 0.000304 0.011279 0.988217 0.000093
3 3 0.000207 0.000407 0.009135 0.990042 0.000208
3 3 0.000505 0.000731 0.010284 0.988018 0.000461
3 3 0.000250 0.000500 0.009908 0.989014 0.000328
3 3 0.000139 0.000561 0.019590 0.979443 0.000266
3 3 0.000042 0.000186 0.011638 0.988084 0.000050
3 3 0.000019 0.000094 0.008008 0.991855 0.000023
3 3 0.000401 0.000547 0.007754 0.990899 0.000399
3 3 0.000046 0.000170 0.010135 0.989612 0.000038
3 3 0.000124 0.000282 0.008672 0.990819 0.000104
3 3 0.000260 0.000513 0.010301 0.988622 0.000304
3 3 0.000080 0.000290 0.012960 0.986579 0.000091
3 3 0.000305 0.000354 0.005829 0.993352 0.000160
3 3 0.000103 0.000431 0.017901 0.981400 0.000164
3 3 0.000094 0.000226 0.006735 0.992809 0.000137
3 3 0.000021 0.000136 0.012408 0.987401 0.000034
3 3 0.001542 0.002138 0.019584 0.975050 0.001686
0 3 0.452039 0.118440 0.199901 0.082766 0.146854
3 3 0.000668 0.003027 0.058175 0.935680 0.002449
3 3 0.000049 0.001076 0.117859 0.880688 0.000328
3 3 0.000170 0.002240 0.114705 0.881701 0.001184
3 3 0.000039 0.001204 0.229331 0.769190 0.000236
3 3 0.000069 0.000791 0.059552 0.939339 0.000249
3 3 0.000128 0.001109 0.059581 0.938800 0.000382
3 3 0.000031 0.000231 0.020972 0.978719 0.000048
3 3 0.000215 0.001169 0.041513 0.956601 0.000502
3 3 0.000049 0.000566 0.047103 0.952096 0.000187
3 3 0.000571 0.001992 0.040098 0.956218 0.001122
3 3 0.000152 0.000810 0.029764 0.968834 0.000441
3 3 0.000189 0.000871 0.029322 0.969208 0.000409
3 3 0.000136 0.000417 0.012715 0.986513 0.000219
3 3 0.000185 0.001372 0.053845 0.943835 0.000764
3 3 0.000325 0.000693 0.013252 0.985301 0.000429
3 3 0.000014 0.000137 0.017890 0.981932 0.000027
3 3 0.000093 0.000208 0.007124 0.992506 0.000068
3 3 0.000071 0.000311 0.014516 0.984976 0.000125
3 3 0.000259 0.000735 0.015897 0.982533 0.000576
3 3 0.000007 0.000073 0.014696 0.985216 0.000009
3 3 0.000252 0.000665 0.015207 0.983480 0.000395
3 3 0.000080 0.000291 0.011286 0.988191 0.000152
3 3 0.000397 0.000691 0.012120 0.986447 0.000345
3 3 0.000396 0.000793 0.013259 0.984979 0.000573
3 3 0.000057 0.000183 0.008284 0.991410 0.000066
3 3 0.000137 0.000265 0.006875 0.992598 0.000124
3 3 0.000043 0.000251 0.018582 0.981069 0.000054
3 3 0.000277 0.000377 0.006665 0.992493 0.000188
3 3 0.000041 0.000089 0.004089 0.995757 0.000024
3 3 0.000139 0.000353 0.011060 0.988321 0.000126
3 3 0.000388 0.000579 0.008078 0.990430 0.000526
3 3 0.000019 0.000078 0.006521 0.993367 0.000015
3 3 0.000190 0.000361 0.007604 0.991609 0.000237
3 3 0.000101 0.000270 0.009025 0.990487 0.000116
3 3 0.000838 0.000903 0.008755 0.988718 0.000785
3 3 0.000120 0.000347 0.010393 0.988936 0.000205
3 3 0.000183 0.000224 0.004614 0.994890 0.000089
3 3 0.000028 0.000103 0.007090 0.992757 0.000022
3 3 0.000146 0.000317 0.009164 0.990260 0.000113
3 3 0.000193 0.000436 0.010252 0.988869 0.000251
3 3 0.000474 0.000513 0.005677 0.992806 0.000530
3 3 0.000345 0.000464 0.006854 0.992000 0.000337
3 3 0.001203 0.001635 0.015702 0.980063 0.001397
3 3 0.000057 0.000209 0.009966 0.989692 0.000076
3 3 0.000105 0.000319 0.011408 0.988042 0.000126
3 3 0.000162 0.000470 0.014281 0.984895 0.000193
3 3 0.000070 0.000264 0.011444 0.988110 0.000113
3 3 0.000151 0.000540 0.017497 0.981556 0.000257
3 3 0.000248 0.000449 0.008834 0.990207 0.000262
3 3 0.000144 0.000229 0.005672 0.993866 0.000089
3 3 0.000441 0.000504 0.006547 0.992162 0.000345
3 3 0.000065 0.000225 0.011131 0.988522 0.000057
3 3 0.000038 0.000151 0.008348 0.991406 0.000057
3 3 0.000051 0.000150 0.006838 0.992910 0.000051
3 3 0.000082 0.000257 0.010800 0.988783 0.000078
3 3 0.000060 0.000172 0.007382 0.992327 0.000060
3 3 0.000103 0.000222 0.006788 0.992795 0.000093
3 3 0.000048 0.000150 0.007080 0.992666 0.000056
3 3 0.000047 0.000146 0.006666 0.993083 0.000058
2 2 0.066588 0.073700 0.475071 0.362360 0.022282
3 2 0.000731 0.007127 0.150687 0.831110 0.010345
3 2 0.000402 0.010567 0.410756 0.568223 0.010052
2 2 0.000588 0.031498 0.920761 0.013894 0.033259
2 2 0.000352 0.022802 0.763614 0.169239 0.043993
2 2 0.000747 0.022304 0.654544 0.291307 0.031099
2 2 0.000645 0.053061 0.773799 0.013591 0.158904
2 2 0.001469 0.062360 0.713887 0.051397 0.170887
2 2 0.000779 0.064722 0.659869 0.001254 0.273375
2 2 0.001587 0.081699 0.464238 0.007842 0.444634
4 2 0.001409 0.069815 0.330216 0.006302 0.592259
4 2 0.001856 0.081834 0.371446 0.006862 0.538001
4 2 0.000780 0.061718 0.364899 0.004330 0.568271
4 2 0.001883 0.062400 0.092988 0.000402 0.842327
4 2 0.001290 0.074341 0.417505 0.006427 0.500438
4 2 0.002685 0.066169 0.107991 0.001234 0.821921
4 2 0.007763 0.108909 0.087918 0.000148 0.795261
4 2 0.010538 0.122048 0.116548 0.000641 0.750224
4 2 0.000569 0.051156 0.247654 0.000954 0.699668
2 2 0.000875 0.067523 0.500389 0.006175 0.425037
4 2 0.001387 0.055123 0.096042 0.000472 0.846976
4 2 0.001679 0.056710 0.069925 0.000172 0.871514
4 2 0.001875 0.075793 0.266031 0.001691 0.654609
4 2 0.001417 0.068126 0.186412 0.000798 0.743248
4 2 0.003645 0.083916 0.118468 0.000113 0.793858
4 2 0.001269 0.050122 0.058494 0.000107 0.890008
4 2 0.004398 0.088245 0.111380 0.000711 0.795265
4 2 0.002494 0.076475 0.184428 0.002626 0.733978
4 2 0.002932 0.081526 0.190880 0.002604 0.722058
4 2 0.003792 0.085034 0.121129 0.000838 0.789207
4 2 0.003909 0.081078 0.086103 0.000355 0.828555
4 2 0.004341 0.110365 0.355812 0.006811 0.522671
4 2 0.005706 0.125077 0.409969 0.000315 0.458933
2 2 0.019993 0.169676 0.597406 0.001282 0.211643
4 2 0.022770 0.183903 0.296703 0.000556 0.496068
2 2 0.000269 0.042237 0.749259 0.003875 0.204360
2 2 0.000767 0.051953 0.799790 0.004430 0.143061
2 2 0.000365 0.035674 0.882910 0.002628 0.078422
2 2 0.000412 0.022019 0.954221 0.004896 0.018452
2 2 0.000295 0.020863 0.924954 0.027740 0.026149
2 2 0.000224 0.024108 0.939916 0.003962 0.031790
2 2 0.014984 0.088823 0.850175 0.010593 0.035425
2 2 0.000133 0.014557 0.968794 0.001132 0.015384
2 2 0.000850 0.048568 0.834683 0.000406 0.115493
2 2 0.003396 0.069941 0.781608 0.033947 0.111109
2 2 0.002148 0.070836 0.782112 0.008367 0.136537
2 2 0.000145 0.012644 0.976719 0.000210 0.010282
2 2 0.001643 0.026231 0.943969 0.014135 0.014022
2 2 0.000076 0.005544 0.990903 0.002172 0.001306
2 2 0.000247 0.018595 0.963528 0.000164 0.017466
2 2 0.000182 0.004709 0.900655 0.093520 0.000934
2 2 0.000330 0.008032 0.961302 0.028359 0.001978
2 2 0.000587 0.022005 0.816654 0.138255 0.022498
2 2 0.001004 0.023625 0.940385 0.022280 0.012706
2 2 0.000147 0.011812 0.974414 0.005908 0.007720
2 2 0.000371 0.017788 0.883035 0.084406 0.014400
2 2 0.000268 0.011089 0.927496 0.055807 0.005341
2 2 0.000324 0.017272 0.943622 0.023211 0.015570
2 2 0.000465 0.016789 0.946065 0.026044 0.010636
2 2 0.000683 0.019157 0.646591 0.314275 0.019294
2 2 0.000224 0.006033 0.579144 0.412735 0.001864
2 2 0.000594 0.010308 0.827579 0.158164 0.003355
2 2 0.000046 0.003383 0.880860 0.114784 0.000926
2 2 0.000341 0.009224 0.553113 0.432092 0.005230
2 2 0.000682 0.022284 0.824206 0.134311 0.018516
2 2 0.000240 0.011841 0.735272 0.242379 0.010268
3 2 0.000096 0.002172 0.353421 0.643953 0.000357
2 2 0.000393 0.013693 0.562099 0.409748 0.014067
3 2 0.000133 0.002522 0.263127 0.733601 0.000618
3 2 0.000067 0.002023 0.221027 0.776264 0.000619
3 2 0.000271 0.002626 0.250266 0.746280 0.000558
0 1 0.373020 0.168226 0.372411 0.017056 0.069286
2 2 0.000427 0.024636 0.930426 0.021850 0.022662
2 2 0.001099 0.028467 0.808768 0.130873 0.030794
2 2 0.000727 0.009889 0.875546 0.111673 0.002166
2 2 0.000458 0.013199 0.917309 0.063140 0.005894
2 2 0.000377 0.007695 0.884551 0.105501 0.001876
2 2 0.000208 0.016906 0.957350 0.011159 0.014377
2 2 0.000343 0.011538 0.605639 0.372060 0.010420
2 2 0.000456 0.012419 0.568706 0.410192 0.008226
3 2 0.000607 0.008898 0.275200 0.708869 0.006426
3 2 0.000492 0.004967 0.355698 0.637732 0.001110
2 2 0.000352 0.013087 0.547712 0.425259 0.013589
2 2 0.000077 0.003043 0.573716 0.422458 0.000707
2 2 0.000026 0.002244 0.729451 0.267699 0.000580
2 2 0.000086 0.002942 0.522030 0.474236 0.000706
3 2 0.000116 0.002216 0.234760 0.762432 0.000476
3 2 0.000583 0.010176 0.331203 0.650472 0.007567
2 2 0.000073 0.005244 0.672776 0.319075 0.002832
3 2 0.000052 0.001603 0.415146 0.582965 0.000234
3 2 0.000241 0.004893 0.247858 0.744013 0.002995
3 2 0.000176 0.001805 0.087512 0.909719 0.000788
3 3 0.000035 0.000755 0.112201 0.886835 0.000173
3 3 0.000143 0.003130 0.205959 0.789204 0.001564
3 3 0.000135 0.001397 0.080909 0.917043 0.000517
3 3 0.000137 0.003970 0.321628 0.672581 0.001684
3 3 0.000241 0.002475 0.104266 0.891783 0.001236
3 3 0.000116 0.001829 0.114076 0.883031 0.000948
3 3 0.000578 0.002336 0.080206 0.916077 0.000803
3 3 0.000056 0.001220 0.120831 0.877457 0.000436
3 3 0.000355 0.001894 0.054290 0.942500 0.000962
3 3 0.000143 0.001057 0.049512 0.948868 0.000420
3 3 0.000055 0.001455 0.154850 0.843104 0.000535
3 3 0.000047 0.000852 0.088369 0.910480 0.000253
3 3 0.000278 0.001773 0.057328 0.939626 0.000995
3 3 0.000831 0.006417 0.124851 0.859930 0.007971
3 3 0.000140 0.001346 0.071106 0.926897 0.000511
3 3 0.001068 0.005395 0.081774 0.904894 0.006869
3 3 0.000632 0.002153 0.043615 0.952577 0.001024
3 3 0.000407 0.001292 0.027734 0.969829 0.000738
3 3 0.000059 0.000282 0.016836 0.982758 0.000065
3 3 0.000050 0.000208 0.011168 0.988504 0.000071
3 3 0.000219 0.001820 0.072458 0.924571 0.000932
3 3 0.001649 0.002295 0.019652 0.974260 0.002144
3 3 0.000145 0.000415 0.012011 0.987209 0.000220
3 3 0.000586 0.001701 0.028730 0.967650 0.001332
3 3 0.000160 0.000525 0.016317 0.982757 0.000241
3 3 0.000082 0.000885 0.056439 0.942216 0.000378
3 3 0.000069 0.000484 0.032198 0.967133 0.000116
3 3 0.001201 0.002738 0.031611 0.961849 0.002602
3 3 0.002403 0.002184 0.012571 0.979919 0.002924
3 3 0.000484 0.001769 0.036819 0.959785 0.001142
3 3 0.000121 0.000670 0.026317 0.972501 0.000390
3 3 0.000053 0.000283 0.016907 0.982668 0.000089
3 3 0.000632 0.001216 0.019167 0.978370 0.000614
3 3 0.000948 0.001812 0.023135 0.972892 0.001213
3 3 0.001426 0.001245 0.008342 0.987354 0.001632
3 3 0.000108 0.000340 0.011434 0.987948 0.000170
3 3 0.000181 0.000440 0.012036 0.987167 0.000176
3 3 0.001125 0.002078 0.023731 0.971443 0.001624
3 3 0.000110 0.000259 0.008315 0.991217 0.000098
3 3 0.000423 0.001051 0.021329 0.976705 0.000491
3 3 0.000560 0.000558 0.005485 0.992757 0.000641
3 3 0.003010 0.002667 0.013269 0.976574 0.004479
3 3 0.000127 0.000516 0.020479 0.978702 0.000176
3 3 0.001418 0.001785 0.014593 0.980199 0.002005
3 3 0.000163 0.000651 0.018925 0.979768 0.000493
3 3 0.000480 0.000897 0.013593 0.984352 0.000677
3 3 0.001328 0.004186 0.052734 0.937608 0.004144
3 3 0.000258 0.000944 0.027955 0.970489 0.000354
3 3 0.000494 0.000811 0.012099 0.986080 0.000516
3 3 0.000229 0.000391 0.008355 0.990853 0.000172
3 3 0.000018 0.000121 0.012518 0.987317 0.000027
3 3 0.000067 0.000459 0.028564 0.970772 0.000138
3 3 0.000271 0.001122 0.031619 0.966420 0.000567
3 3 0.001343 0.001942 0.018354 0.976125 0.002235
2 2 0.090686 0.199152 0.387061 0.125098 0.198002
2 2 0.002866 0.057449 0.640799 0.191221 0.107664
3 2 0.000555 0.006755 0.301632 0.688112 0.002946
2 2 0.000300 0.005620 0.663283 0.329764 0.001033
3 2 0.000060 0.001883 0.363824 0.633938 0.000294
3 2 0.000128 0.001761 0.412658 0.585320 0.000133
2 2 0.000107 0.006570 0.730688 0.259825 0.002809
3 2 0.000674 0.006077 0.324879 0.666782 0.001587
2 2 0.001312 0.018798 0.639018 0.329004 0.011868
4 4 0.003908 0.081099 0.081274 0.000282 0.833437
2 4 0.005361 0.117189 0.493390 0.013144 0.370915
4 4 0.003808 0.093296 0.157253 0.000226 0.745417
4 4 0.002090 0.063864 0.095483 0.000065 0.838497
4 4 0.005693 0.118835 0.271782 0.002975 0.600714
4 4 0.001765 0.072483 0.243598 0.003811 0.678343
4 4 0.005368 0.117907 0.249311 0.002612 0.624802
4 4 0.002922 0.071439 0.107817 0.000945 0.816877
4 4 0.005244 0.105381 0.189179 0.000448 0.699748
4 4 0.004320 0.086745 0.103320 0.000329 0.805284
4 4 0.001701 0.067139 0.163187 0.000504 0.767469
4 4 0.004708 0.087719 0.078144 0.000230 0.829199
2 4 0.004602 0.115929 0.515746 0.000313 0.363411
1 4 0.284183 0.308328 0.176057 0.000422 0.231011
4 4 0.004532 0.088684 0.110187 0.000068 0.796529
4 4 0.001201 0.048997 0.066892 0.000183 0.882727
4 4 0.001353 0.051530 0.094147 0.000683 0.852287
4 4 0.011165 0.126064 0.173236 0.000265 0.689270
4 4 0.003960 0.088787 0.128330 0.000144 0.778779
4 4 0.001859 0.058969 0.051539 0.000058 0.887575
4 4 0.001386 0.052269 0.078883 0.000269 0.867193
4 4 0.002457 0.066492 0.098686 0.000693 0.831672
4 4 0.001276 0.064501 0.288521 0.000848 0.644853
4 4 0.008813 0.116914 0.105411 0.000047 0.768816
4 4 0.006494 0.100734 0.133386 0.000500 0.758885
4 4 0.005206 0.112116 0.294203 0.000307 0.588168
4 4 0.010285 0.122748 0.128505 0.000193 0.738269
4 1 0.006512 0.100552 0.088778 0.000293 0.803865
4 1 0.003023 0.110093 0.394430 0.001199 0.491256
4 1 0.001868 0.060119 0.074236 0.000216 0.863561
4 1 0.004774 0.088235 0.078419 0.000232 0.828339
4 1 0.006488 0.117811 0.156940 0.000111 0.718651
4 1 0.002741 0.069803 0.069640 0.000168 0.857647
4 1 0.001867 0.059412 0.072160 0.000172 0.866390
4 1 0.007742 0.146888 0.344098 0.000351 0.500921
4 1 0.156501 0.304116 0.141568 0.000227 0.397589
4 1 0.006273 0.101397 0.088387 0.000040 0.803902
4 1 0.002416 0.088641 0.238616 0.001905 0.668421
4 2 0.003783 0.081846 0.132284 0.000136 0.781951
4 2 0.005081 0.098298 0.145673 0.000194 0.750754
4 2 0.014793 0.140180 0.056422 0.000050 0.788554
2 2 0.000987 0.062684 0.720901 0.008754 0.206674
2 2 0.001523 0.060979 0.815437 0.005318 0.116742
2 2 0.000314 0.048910 0.585434 0.005427 0.359915
2 2 0.000568 0.025874 0.931544 0.014641 0.027373
2 2 0.000112 0.017960 0.950006 0.000229 0.031693
2 2 0.008516 0.086419 0.854359 0.002596 0.048110
2 2 0.000110 0.021151 0.927518 0.000539 0.050681
2 2 0.000051 0.013810 0.959011 0.000374 0.026753
2 2 0.000077 0.014155 0.963674 0.000141 0.021953
2 2 0.000297 0.018809 0.966759 0.000459 0.013676
2 2 0.000159 0.023246 0.927938 0.000616 0.048042
2 2 0.000963 0.052112 0.674617 0.055298 0.217009
2 2 0.000279 0.024147 0.942826 0.000543 0.032205
2 2 0.000938 0.056678 0.764565 0.001627 0.176192
2 2 0.000165 0.016801 0.965848 0.000365 0.016820
2 2 0.000240 0.017559 0.951992 0.013158 0.017051
2 2 0.000594 0.039003 0.893150 0.003483 0.063769
2 2 0.005255 0.078736 0.824290 0.001526 0.090192
2 1 0.006731 0.082405 0.845281 0.004155 0.061428
2 1 0.279634 0.227783 0.442252 0.000776 0.049555
2 2 0.001011 0.030175 0.937089 0.006507 0.025219
2 2 0.001830 0.045016 0.914580 0.002085 0.036489
2 2 0.000268 0.018295 0.965078 0.000095 0.016263
2 2 0.000065 0.009320 0.983024 0.000046 0.007545
2 2 0.000186 0.024338 0.924119 0.000375 0.050982
2 2 0.000178 0.015744 0.967167 0.000526 0.016385
2 2 0.000153 0.020463 0.939498 0.000101 0.039785
2 2 0.000416 0.017476 0.961727 0.006790 0.013590
0 0 0.694500 0.121041 0.122773 0.000876 0.060810
0 0 0.438571 0.291226 0.129063 0.000104 0.141036
4 1 0.028198 0.195083 0.118097 0.000000 0.658621
4 1 0.016124 0.158613 0.316577 0.000686 0.508001
4 1 0.020773 0.164766 0.197799 0.000016 0.616647
2 1 0.002310 0.086943 0.539608 0.000315 0.370825
4 1 0.007733 0.130030 0.381221 0.005906 0.475110
2 2 0.000269 0.030915 0.900943 0.002241 0.065632
2 1 0.046113 0.143960 0.705537 0.003922 0.100469
0 1 0.501676 0.271129 0.117501 0.000110 0.109584
1 1 0.316389 0.318968 0.152114 0.000010 0.212520
4 1 0.036270 0.206362 0.136800 0.000007 0.620562
4 1 0.077166 0.259810 0.192791 0.000007 0.470226
4 1 0.021495 0.164693 0.176339 0.000080 0.637393
4 1 0.019397 0.164531 0.111354 0.000004 0.704714
2 2 0.001479 0.070427 0.664418 0.002205 0.261471
2 2 0.000122 0.020357 0.928356 0.004064 0.047101
2 2 0.001181 0.062379 0.763352 0.002509 0.170578
2 2 0.000134 0.022044 0.933936 0.001731 0.042154
2 2 0.019083 0.170197 0.512067 0.001775 0.296878
2 2 0.000393 0.033924 0.894217 0.000718 0.070748
2 2 0.000429 0.026214 0.941115 0.004262 0.027980
2 2 0.000267 0.011585 0.984190 0.000219 0.003739
2 2 0.001165 0.023425 0.956886 0.005969 0.012554
2 2 0.000293 0.025251 0.936223 0.000310 0.037923
2 2 0.000039 0.010989 0.969901 0.000094 0.018976
2 2 0.000220 0.018240 0.963680 0.000231 0.017629
2 2 0.000166 0.010281 0.983712 0.001183 0.004656
2 2 0.000169 0.019726 0.949860 0.000175 0.030070
2 2 0.000178 0.014759 0.952338 0.019318 0.013406
2 2 0.000648 0.034458 0.908121 0.008517 0.048257
2 2 0.000441 0.015761 0.973043 0.002185 0.008570
2 2 0.001161 0.034440 0.926826 0.004490 0.033083
2 2 0.001155 0.032738 0.856644 0.075197 0.034266
2 2 0.000118 0.017086 0.959207 0.000600 0.022989
2 2 0.000041 0.003621 0.989721 0.005678 0.000940
2 2 0.000031 0.005557 0.990800 0.000815 0.002796
2 2 0.000118 0.009880 0.905777 0.075683 0.008543
2 2 0.000981 0.013274 0.872280 0.110168 0.003297
2 2 0.000115 0.012998 0.976225 0.000639 0.010024
2 2 0.001011 0.013613 0.830684 0.150212 0.004480
2 2 0.000221 0.006455 0.931874 0.059891 0.001559
2 2 0.000097 0.004101 0.915350 0.079705 0.000747
2 2 0.000565 0.015903 0.929203 0.047624 0.006705
2 2 0.001361 0.016325 0.748661 0.226247 0.007407
2 2 0.000075 0.005258 0.981975 0.011139 0.001552
2 2 0.000248 0.005048 0.691658 0.302081 0.000966
2 2 0.000394 0.015212 0.943297 0.031586 0.009512
2 2 0.000411 0.013816 0.930008 0.049802 0.005964
2 2 0.000349 0.011841 0.928886 0.055063 0.003861
2 2 0.000190 0.013096 0.930880 0.043527 0.012306
2 2 0.000231 0.010085 0.887128 0.097061 0.005495
2 2 0.000149 0.013035 0.964206 0.011323 0.011288
2 2 0.000496 0.011284 0.674203 0.308870 0.005146
2 2 0.000747 0.013349 0.830803 0.149530 0.005571
2 2 0.000950 0.019934 0.877583 0.087576 0.013957
3 2 0.000113 0.004925 0.403727 0.588259 0.002976
2 2 0.000057 0.001884 0.730086 0.267783 0.000190
2 2 0.000374 0.005847 0.508436 0.483878 0.001464
2 2 0.000698 0.008593 0.637666 0.351154 0.001889
2 2 0.000181 0.009798 0.675209 0.307765 0.007047
2 2 0.000425 0.011735 0.812284 0.170466 0.005090
2 2 0.000082 0.001920 0.586807 0.411015 0.000176
2 2 0.000678 0.016641 0.483848 0.480087 0.018745
2 2 0.000104 0.001811 0.706452 0.291534 0.000099
0 0 0.485454 0.133856 0.312135 0.030348 0.038207
2 1 0.002416 0.041376 0.827885 0.090813 0.037509
2 2 0.000079 0.003154 0.989785 0.006558 0.000424
2 2 0.000206 0.014020 0.967359 0.004978 0.013437
2 2 0.000727 0.014812 0.886919 0.091947 0.005595
2 2 0.000098 0.014506 0.967523 0.000280 0.017594
2 2 0.000343 0.015817 0.965637 0.007908 0.010296
2 2 0.000417 0.014134 0.937012 0.040085 0.008353
2 2 0.000409 0.028599 0.923328 0.005364 0.042301
2 2 0.000041 0.002832 0.898457 0.098129 0.000540
2 2 0.000782 0.009301 0.872299 0.115625 0.001993
2 2 0.000698 0.016744 0.918488 0.055969 0.008101
0 0 0.874933 0.048629 0.065232 0.001474 0.009732
0 0 0.854289 0.074858 0.028793 0.001239 0.040820
0 0 0.779939 0.113713 0.064635 0.000843 0.040870
0 0 0.957580 0.029371 0.005677 0.000010 0.007362
0 0 0.924767 0.043933 0.012347 0.000111 0.018841
0 0 0.799878 0.097378 0.023966 0.000325 0.078452
0 0 0.623807 0.191051 0.075238 0.000658 0.109246
0 0 0.353601 0.280054 0.143562 0.001122 0.221661
0 0 0.473798 0.236658 0.102978 0.003808 0.182758
0 0 0.523670 0.228585 0.107455 0.000493 0.139797
0 0 0.563598 0.209842 0.091015 0.002923 0.132623
0 0 0.566988 0.176730 0.095972 0.002906 0.157404
0 0 0.616808 0.164610 0.131719 0.000205 0.086659
0 0 0.625082 0.260999 0.028690 0.000000 0.085230
0 1 0.449518 0.319312 0.084814 0.000000 0.146356
0 1 0.395722 0.331150 0.089129 0.000000 0.183999
1 1 0.284254 0.287543 0.185910 0.000005 0.242289
0 1 0.341196 0.340487 0.096472 0.000000 0.221845
1 1 0.310970 0.327153 0.154222 0.000001 0.207654
4 1 0.194743 0.340785 0.090254 0.000000 0.374218
4 1 0.174186 0.336642 0.084279 0.000000 0.404893
4 1 0.076173 0.267600 0.151834 0.000001 0.504393
4 1 0.041402 0.210275 0.227997 0.000008 0.520318
4 2 0.004921 0.107474 0.419921 0.001963 0.465721
2 2 0.000722 0.061489 0.606411 0.006533 0.324845
4 2 0.003374 0.090834 0.432175 0.021519 0.452098
2 2 0.000265 0.034807 0.855291 0.001376 0.108261
2 2 0.000040 0.016369 0.929982 0.001193 0.052416
2 2 0.000379 0.040520 0.843560 0.005946 0.109596
2 2 0.000151 0.022205 0.936067 0.001132 0.040445
2 2 0.000097 0.014593 0.968158 0.000611 0.016541
2 2 0.000192 0.018025 0.963941 0.000670 0.017173
2 2 0.000015 0.003776 0.993925 0.000437 0.001848
2 2 0.000316 0.023170 0.946305 0.003772 0.026437
2 2 0.000084 0.012050 0.977060 0.000714 0.010092
2 2 0.000034 0.006048 0.990663 0.000094 0.003161
2 2 0.000100 0.011858 0.977996 0.000107 0.009938
2 2 0.000136 0.009910 0.980290 0.003654 0.006011
2 2 0.000818 0.030748 0.934644 0.000906 0.032883
2 2 0.000203 0.017204 0.963289 0.002696 0.016609
2 2 0.000284 0.027364 0.926003 0.000638 0.045711
2 2 0.000332 0.017019 0.972111 0.000295 0.010243
2 2 0.000559 0.009530 0.980182 0.007934 0.001795
2 2 0.000406 0.010152 0.960762 0.025498 0.003183
2 2 0.000157 0.010638 0.973603 0.008920 0.006681
2 2 0.000194 0.010899 0.982026 0.001863 0.005019
2 2 0.001296 0.018325 0.946840 0.025901 0.007638
2 2 0.000252 0.021482 0.949630 0.000115 0.028521
2 2 0.000284 0.008586 0.988432 0.000819 0.001878
2 2 0.000314 0.010771 0.968713 0.016542 0.003660
2 2 0.000729 0.019519 0.967573 0.002001 0.010179
2 2 0.000115 0.010326 0.980514 0.002038 0.007008
2 2 0.000175 0.009321 0.984469 0.002086 0.003949
2 2 0.010789 0.044982 0.900012 0.021270 0.022948
1 1 0.289529 0.304325 0.196418 0.000125 0.209604
2 2 0.002229 0.056173 0.875928 0.002709 0.062961
2 2 0.000301 0.007317 0.986260 0.004833 0.001289
2 2 0.000996 0.036032 0.927667 0.000835 0.034470
2 2 0.001901 0.046998 0.896536 0.002213 0.052351
2 2 0.017807 0.138490 0.690948 0.000497 0.152258
2 2 0.001084 0.022491 0.966149 0.002345 0.007931
2 2 0.003575 0.028600 0.956681 0.003603 0.007542
2 2 0.001927 0.024156 0.953296 0.012443 0.008179
2 2 0.000276 0.015609 0.975254 0.000240 0.008621
2 2 0.000174 0.007067 0.988804 0.002296 0.001658
2 2 0.003139 0.052273 0.912041 0.000744 0.031803
2 2 0.001627 0.031643 0.949607 0.000156 0.016967
2 2 0.000146 0.008983 0.987136 0.001254 0.002482
2 2 0.000879 0.029232 0.945884 0.000126 0.023880
2 2 0.000814 0.012642 0.974248 0.009317 0.002979
2 2 0.000866 0.018821 0.973233 0.001706 0.005374
2 2 0.001011 0.029674 0.948879 0.000281 0.020155
2 2 0.000804 0.022932 0.964032 0.002754 0.009478
2 2 0.002693 0.021823 0.942893 0.027221 0.005370
2 2 0.000927 0.029859 0.947114 0.000715 0.021386
2 2 0.000634 0.031750 0.929364 0.000386 0.037865
2 2 0.000283 0.010337 0.983975 0.002325 0.003080
2 2 0.000867 0.007968 0.983249 0.006919 0.000997
2 2 0.000420 0.028499 0.932184 0.000464 0.038433
2 2 0.001948 0.023259 0.964636 0.004501 0.005655
2 2 0.000429 0.018692 0.970013 0.001329 0.009537
2 2 0.001094 0.023906 0.953444 0.010876 0.010680
2 2 0.006934 0.032197 0.929990 0.022720 0.008159
2 2 0.000253 0.010897 0.984307 0.001514 0.003028
2 2 0.000286 0.013774 0.980174 0.000286 0.005480
2 2 0.000317 0.011414 0.982449 0.002777 0.003042
2 2 0.000277 0.007782 0.942661 0.047555 0.001725
2 2 0.000912 0.009958 0.933944 0.053626 0.001561
2 2 0.000513 0.013553 0.941018 0.039712 0.005204
2 2 0.000282 0.013034 0.946028 0.034578 0.006078
2 2 0.006732 0.035566 0.761950 0.182363 0.013389
2 2 0.000354 0.012618 0.853706 0.127313 0.006010
3 2 0.001093 0.006145 0.440201 0.551884 0.000677
3 2 0.000533 0.008160 0.322660 0.665038 0.003608
2 2 0.000416 0.011658 0.916420 0.067971 0.003536
2 3 0.000387 0.008409 0.580420 0.407932 0.002852
3 3 0.000158 0.004283 0.451102 0.543447 0.001010
3 3 0.002255 0.015306 0.243311 0.729347 0.009781
3 3 0.001867 0.012534 0.209365 0.768302 0.007932
2 3 0.001056 0.036594 0.820575 0.091642 0.050133
3 3 0.000378 0.004737 0.458706 0.535453 0.000728
3 3 0.000615 0.007693 0.332391 0.656674 0.002627
3 3 0.000461 0.004695 0.277247 0.716578 0.001019
3 3 0.000251 0.002801 0.133275 0.862720 0.000954
3 3 0.000963 0.006602 0.159931 0.829906 0.002599
3 3 0.000170 0.002709 0.181182 0.815221 0.000718
3 3 0.002904 0.011440 0.191491 0.789180 0.004985
3 3 0.000805 0.010092 0.299703 0.684687 0.004712
3 3 0.002672 0.007049 0.159298 0.829262 0.001719
3 3 0.000368 0.003257 0.172750 0.822844 0.000782
3 3 0.001256 0.003206 0.045746 0.948188 0.001604
3 3 0.000256 0.003138 0.271103 0.724959 0.000543
3 3 0.000960 0.004391 0.081366 0.910593 0.002690
3 3 0.000075 0.001078 0.126828 0.871867 0.000151
3 3 0.000685 0.005050 0.133119 0.858673 0.002473
3 3 0.004684 0.008981 0.061988 0.915619 0.008728
3 3 0.003845 0.008876 0.077778 0.903499 0.006002
3 3 0.001339 0.008670 0.189067 0.797592 0.003333
3 3 0.001493 0.007748 0.133092 0.852733 0.004934
3 3 0.001288 0.003947 0.059300 0.933395 0.002070
3 3 0.001268 0.004915 0.085628 0.905915 0.002274
3 3 0.000556 0.002141 0.055531 0.941144 0.000627
3 3 0.004621 0.025179 0.250208 0.695610 0.024383
3 3 0.000226 0.001105 0.042741 0.955644 0.000285
3 3 0.000724 0.002234 0.045192 0.951057 0.000793
3 3 0.001542 0.005538 0.128386 0.862492 0.002042
3 3 0.003904 0.008892 0.078892 0.902767 0.005544
3 3 0.000084 0.001113 0.108261 0.890337 0.000205
3 3 0.000771 0.003668 0.079272 0.914523 0.001766
3 3 0.000520 0.001707 0.036149 0.960805 0.000819
3 3 0.001767 0.012698 0.208344 0.767141 0.010050
3 3 0.001131 0.006306 0.123631 0.865562 0.003370
2 2 0.071453 0.124306 0.588509 0.169433 0.046299
0 2 0.484125 0.202396 0.146703 0.000585 0.166191
2 2 0.024346 0.152152 0.514500 0.047237 0.261766
2 2 0.001865 0.035370 0.944166 0.002864 0.015735
2 2 0.006918 0.076421 0.556207 0.232087 0.128366
4 4 0.016938 0.178755 0.305554 0.001426 0.497326
4 4 0.010012 0.117988 0.140159 0.002095 0.729746
4 4 0.028530 0.160022 0.178310 0.008178 0.624960
4 4 0.063757 0.234199 0.170576 0.001255 0.530214
4 4 0.033514 0.197762 0.106644 0.000023 0.662056
1 4 0.267824 0.306381 0.188946 0.000361 0.236489
4 4 0.014326 0.135642 0.255607 0.000284 0.594142
4 4 0.044363 0.207756 0.151845 0.001768 0.594267
4 4 0.025851 0.173273 0.187961 0.000314 0.612601
4 4 0.020680 0.164253 0.160683 0.000036 0.654348
4 4 0.033326 0.193667 0.103610 0.000123 0.669275
4 4 0.022179 0.161863 0.232259 0.000243 0.583456
4 4 0.059755 0.223265 0.240680 0.003794 0.472506
4 4 0.047696 0.221798 0.119064 0.000062 0.611380
4 4 0.033185 0.183301 0.296692 0.001866 0.484955
4 4 0.086095 0.242260 0.314040 0.000080 0.357525
4 4 0.023625 0.160923 0.235150 0.002605 0.577697
4 4 0.011515 0.121630 0.250617 0.002366 0.613872
4 4 0.065865 0.236441 0.233018 0.000117 0.464559
4 4 0.140003 0.303322 0.093149 0.000093 0.463434
4 4 0.003989 0.083654 0.123266 0.000129 0.788962
4 4 0.002890 0.073481 0.068475 0.000015 0.855139
4 4 0.003475 0.078135 0.081379 0.000107 0.836904
4 4 0.028469 0.186362 0.162618 0.000018 0.622533
4 4 0.012929 0.132749 0.108794 0.000476 0.745053
4 4 0.012954 0.118109 0.205661 0.013095 0.650180
4 4 0.010573 0.127202 0.073325 0.000006 0.788894
4 4 0.007351 0.107571 0.087589 0.000064 0.797426
4 4 0.026295 0.177345 0.135129 0.000148 0.661084
4 4 0.012811 0.136418 0.082089 0.000017 0.768666
4 4 0.003393 0.077117 0.061628 0.000044 0.857818
4 4 0.004453 0.101456 0.220042 0.000863 0.673186
4 4 0.008024 0.110070 0.077693 0.000125 0.804089
4 4 0.006201 0.101355 0.092777 0.000032 0.799635
4 4 0.019481 0.157252 0.115570 0.000246 0.707450
4 4 0.195422 0.248693 0.142390 0.000314 0.413181
4 4 0.090063 0.282054 0.089411 0.000001 0.538471
4 4 0.035528 0.195669 0.172051 0.000256 0.596495
4 4 0.025826 0.180924 0.078477 0.000006 0.714767
4 4 0.038392 0.203888 0.131807 0.000130 0.625783
4 4 0.053796 0.224960 0.169011 0.000352 0.551881
4 4 0.049730 0.225497 0.106518 0.000049 0.618206
4 4 0.044517 0.211465 0.164973 0.000329 0.578716
4 4 0.052718 0.226485 0.136653 0.000186 0.583957
4 4 0.033186 0.191403 0.123619 0.000349 0.651443
4 4 0.053505 0.230725 0.140849 0.000049 0.574872
4 4 0.039160 0.204442 0.126885 0.000196 0.629318
4 4 0.020013 0.156485 0.219620 0.000984 0.602899
4 4 0.058521 0.240578 0.150290 0.000013 0.550599
4 4 0.139315 0.296034 0.171154 0.000089 0.393408
4 4 0.016047 0.145492 0.130493 0.000331 0.707638
4 4 0.034634 0.196035 0.177655 0.000751 0.590925
4 4 0.157995 0.313031 0.146575 0.000009 0.382390
4 4 0.030836 0.190143 0.132187 0.000057 0.646777
4 4 0.140993 0.268085 0.073647 0.000000 0.517275
1 1 0.271701 0.323693 0.154526 0.000015 0.250065
4 4 0.021468 0.168733 0.106978 0.000012 0.702809
4 4 0.033578 0.191642 0.147428 0.000400 0.626952
4 4 0.016466 0.144928 0.129948 0.001067 0.707590
4 4 0.026161 0.177365 0.163224 0.000094 0.633156
4 4 0.040667 0.214577 0.089002 0.000006 0.655748
4 4 0.027734 0.186046 0.090601 0.000008 0.695611
4 4 0.015098 0.143683 0.143209 0.000124 0.697887
4 4 0.011169 0.126086 0.052801 0.000021 0.809922
4 4 0.041763 0.205392 0.209728 0.000181 0.542936
4 4 0.017332 0.153261 0.083850 0.000023 0.745534
4 4 0.055572 0.233701 0.202731 0.000009 0.507987
4 4 0.012708 0.136414 0.115171 0.000028 0.735679
4 4 0.132715 0.280519 0.210873 0.000859 0.375034
4 4 0.010883 0.124707 0.098326 0.000227 0.765857
4 4 0.017385 0.149094 0.139730 0.000583 0.693208
4 4 0.023483 0.171759 0.144967 0.000056 0.659735
4 4 0.042690 0.210975 0.149086 0.000144 0.597105
2 1 0.219689 0.247092 0.417844 0.002133 0.113243
4 1 0.010603 0.122033 0.200840 0.000457 0.666067
2 1 0.006848 0.112679 0.588762 0.007610 0.284101
4 1 0.038116 0.189483 0.272813 0.001165 0.498424
4 4 0.016112 0.141452 0.174772 0.002773 0.664890
4 4 0.043301 0.204588 0.187882 0.001520 0.562709
4 4 0.010026 0.116248 0.233348 0.001826 0.638551
4 4 0.014473 0.135618 0.231162 0.000875 0.617873
4 4 0.021651 0.163423 0.154140 0.000278 0.660508
4 4 0.022342 0.163777 0.210638 0.000213 0.603030
4 4 0.055759 0.210688 0.333547 0.000148 0.399858
4 4 0.008645 0.110717 0.248716 0.000515 0.631408
4 4 0.010736 0.124680 0.163263 0.000202 0.701119
4 4 0.015464 0.144059 0.121173 0.000214 0.719089
4 4 0.014106 0.137988 0.122497 0.000389 0.725019
4 4 0.007524 0.106515 0.211045 0.000328 0.674588
2 4 0.006662 0.113327 0.484800 0.001851 0.393360
4 4 0.018773 0.157878 0.130614 0.000054 0.692680
4 4 0.009178 0.117707 0.107581 0.000110 0.765424
4 4 0.021323 0.157915 0.222765 0.000779 0.597218
4 4 0.018967 0.157378 0.206173 0.000035 0.617447
4 4 0.022653 0.163574 0.216811 0.000313 0.596649
4 4 0.022031 0.162262 0.180953 0.000611 0.634143
4 4 0.009582 0.118912 0.215652 0.000097 0.655756
4 4 0.024539 0.167719 0.224088 0.000376 0.583280
4 4 0.025070 0.173110 0.214314 0.000061 0.587445
4 4 0.009356 0.115529 0.187426 0.000870 0.686819
4 4 0.018826 0.146392 0.204711 0.009504 0.620567
4 4 0.020742 0.161114 0.148050 0.000244 0.669849
4 4 0.020383 0.154928 0.196251 0.001815 0.626623
2 4 0.015062 0.146724 0.461919 0.003171 0.373123
4 4 0.022620 0.156208 0.259788 0.003341 0.558044
4 4 0.016927 0.149622 0.137682 0.000178 0.695591
4 4 0.134230 0.263154 0.287866 0.000300 0.314450
2 4 0.011120 0.119787 0.726707 0.001586 0.140800
4 4 0.034684 0.198538 0.186514 0.000022 0.580242
4 4 0.059393 0.234964 0.203864 0.000037 0.501741
4 4 0.030068 0.183062 0.146053 0.000662 0.640154
4 4 0.025281 0.169957 0.143648 0.001556 0.659558
4 4 0.017088 0.153505 0.129816 0.000026 0.699564
4 4 0.026192 0.178617 0.119893 0.000069 0.675229
4 4 0.054227 0.221244 0.190772 0.001088 0.532669
4 4 0.133802 0.297001 0.202178 0.000004 0.367015
4 4 0.017448 0.148514 0.144117 0.000895 0.689026
4 4 0.067930 0.238005 0.190557 0.000932 0.502576
4 4 0.021134 0.160113 0.152307 0.000744 0.665701
4 4 0.023938 0.163028 0.240231 0.001154 0.571648
4 4 0.026578 0.172063 0.152050 0.002424 0.646884
4 4 0.009903 0.120955 0.137598 0.000191 0.731353
4 2 0.040572 0.199565 0.214200 0.000857 0.544806
4 2 0.015965 0.142461 0.189304 0.000940 0.651330
4 2 0.021683 0.158602 0.193627 0.001910 0.624179
1 2 0.195364 0.295242 0.217850 0.000831 0.290713
4 2 0.002492 0.086532 0.389702 0.003130 0.518144
2 2 0.008681 0.122029 0.570117 0.008382 0.290792
2 2 0.006808 0.083585 0.826089 0.003617 0.079902
2 2 0.009661 0.114594 0.720592 0.003381 0.151772
2 2 0.000723 0.028846 0.947082 0.000766 0.022582
2 2 0.002623 0.046629 0.919333 0.004129 0.027287
4 2 0.036747 0.187822 0.290035 0.000363 0.485033
2 2 0.003702 0.073558 0.826583 0.007845 0.088312
2 2 0.047016 0.193451 0.525972 0.003010 0.230551
2 2 0.004839 0.068918 0.864963 0.004205 0.057076
2 2 0.002476 0.050570 0.905453 0.000430 0.041071
2 2 0.000982 0.038598 0.919289 0.003798 0.037332
2 2 0.001675 0.043431 0.916695 0.001532 0.036667
2 2 0.009501 0.086360 0.731866 0.094779 0.077494
2 2 0.005203 0.045043 0.933933 0.001191 0.014631
2 2 0.004084 0.061040 0.884580 0.001800 0.048496
2 2 0.007307 0.077410 0.864093 0.000244 0.050946
2 2 0.001643 0.032546 0.949706 0.000989 0.015116
2 2 0.001293 0.035837 0.936872 0.002768 0.023230
2 2 0.000553 0.012876 0.983808 0.000122 0.002641
2 2 0.001186 0.030352 0.950781 0.000675 0.017007
2 2 0.009058 0.067272 0.890001 0.005827 0.027842
2 2 0.000577 0.012288 0.981544 0.003156 0.002434
2 2 0.005137 0.056494 0.906143 0.001001 0.031226
2 2 0.005743 0.074777 0.845692 0.001476 0.072311
2 2 0.001054 0.017689 0.976699 0.001479 0.003079
0 1 0.405111 0.138635 0.351505 0.000710 0.104039
4 2 0.035564 0.177076 0.356197 0.000593 0.430571
2 2 0.003059 0.066087 0.844095 0.001976 0.084783
2 2 0.035068 0.096892 0.809043 0.009631 0.049367
2 2 0.001414 0.048059 0.884338 0.000849 0.065341
2 2 0.000985 0.029221 0.943561 0.000020 0.026213
2 2 0.000431 0.020831 0.963700 0.000182 0.014857
2 2 0.000947 0.028315 0.951362 0.000189 0.019187
2 2 0.000188 0.014435 0.975727 0.000299 0.009352
2 2 0.000999 0.037950 0.921494 0.001681 0.037877
2 2 0.001759 0.044576 0.910616 0.000581 0.042467
2 2 0.000539 0.019485 0.970340 0.000543 0.009093
2 2 0.000324 0.024054 0.938719 0.000038 0.036865
2 2 0.001692 0.034636 0.938902 0.005052 0.019719
2 2 0.000213 0.017476 0.960768 0.000013 0.021530
2 2 0.000501 0.021640 0.964468 0.000638 0.012753
2 2 0.003822 0.045762 0.909593 0.015897 0.024926
2 2 0.000234 0.015436 0.974813 0.000443 0.009074
2 2 0.004654 0.082596 0.797115 0.007316 0.108320
2 2 0.002609 0.038025 0.941581 0.000609 0.017176
2 2 0.000585 0.015702 0.936759 0.042205 0.004749
2 2 0.000384 0.021299 0.962604 0.001194 0.014518
2 2 0.000993 0.024988 0.921462 0.041186 0.011372
2 2 0.000990 0.021012 0.959559 0.011332 0.007107
2 2 0.002283 0.046630 0.825199 0.088634 0.037254
2 2 0.000762 0.016228 0.946864 0.031223 0.004923
2 2 0.017472 0.047575 0.855948 0.067207 0.011797
2 2 0.002224 0.023505 0.943084 0.024124 0.007063
2 2 0.000826 0.023868 0.944189 0.021973 0.009143
2 2 0.000459 0.023806 0.956424 0.003645 0.015665
2 2 0.000151 0.004942 0.952565 0.041772 0.000570
2 2 0.000561 0.023538 0.960189 0.002856 0.012856
2 2 0.000735 0.010237 0.887550 0.100045 0.001432
2 2 0.001118 0.022921 0.951362 0.016936 0.007663
2 2 0.005833 0.029883 0.747139 0.209454 0.007692
2 2 0.002823 0.026304 0.701806 0.260210 0.008857
2 2 0.001625 0.027140 0.835419 0.123312 0.012503
2 2 0.007396 0.043108 0.629476 0.301169 0.018850
2 2 0.000657 0.017854 0.954975 0.019717 0.006798
3 2 0.003528 0.018635 0.474965 0.497260 0.005612
2 2 0.001127 0.015015 0.639329 0.340007 0.004522
2 2 0.002759 0.020889 0.636262 0.335053 0.005036
2 2 0.003328 0.030822 0.637069 0.315372 0.013409
2 2 0.002332 0.014560 0.562038 0.418207 0.002862
2 2 0.004887 0.044030 0.754258 0.166513 0.030313
3 2 0.001431 0.008038 0.240261 0.748459 0.001812
2 2 0.000437 0.004222 0.628404 0.366646 0.000292
2 2 0.003332 0.023030 0.821861 0.146400 0.005379
3 2 0.002065 0.016952 0.474633 0.500799 0.005551
3 3 0.001633 0.011328 0.314310 0.669405 0.003324
3 3 0.004606 0.010964 0.115889 0.863994 0.004546
2 3 0.002568 0.021816 0.591592 0.376671 0.007353
2 3 0.003877 0.068999 0.844434 0.015530 0.067160
2 2 0.000523 0.006295 0.922218 0.070456 0.000509
2 2 0.000299 0.007117 0.926404 0.065269 0.000911
2 2 0.000993 0.009479 0.575878 0.412222 0.001429
3 2 0.002866 0.020713 0.451759 0.516879 0.007783
2 2 0.003139 0.031976 0.566842 0.378459 0.019584
