0 0 0.953459 0.038418 0.007145 0.000001 0.000979
0 0 0.957147 0.034171 0.008157 0.000001 0.000524
0 0 0.979436 0.010345 0.009299 0.000512 0.000407
0 0 0.968377 0.016609 0.013474 0.000653 0.000888
0 0 0.730773 0.019897 0.071776 0.176070 0.001484
0 0 0.984257 0.010047 0.005311 0.000055 0.000330
0 0 0.920891 0.066037 0.011084 0.000001 0.001988
0 0 0.918002 0.066406 0.012264 0.000003 0.003325
0 0 0.855714 0.110774 0.021640 0.000014 0.011858
0 0 0.972753 0.021561 0.005233 0.000001 0.000451
0 0 0.952751 0.012464 0.027849 0.006561 0.000376
0 0 0.644465 0.018124 0.103141 0.233485 0.000785
0 0 0.885734 0.040103 0.063681 0.007958 0.002523
0 0 0.986919 0.009415 0.003605 0.000001 0.000061
0 0 0.984579 0.010292 0.005040 0.000002 0.000086
0 0 0.981711 0.013991 0.002843 0.000022 0.001433
0 0 0.966977 0.026090 0.003353 0.000008 0.003573
0 0 0.981930 0.014498 0.001668 0.000005 0.001900
0 0 0.958823 0.032990 0.004172 0.000005 0.004010
0 0 0.970475 0.023402 0.002857 0.000007 0.003259
0 0 0.975641 0.020104 0.002597 0.000003 0.001656
0 0 0.991434 0.007108 0.000828 0.000002 0.000627
0 0 0.985415 0.011753 0.001525 0.000006 0.001302
0 0 0.987167 0.010655 0.001224 0.000002 0.000952
0 0 0.989206 0.008658 0.001352 0.000007 0.000778
0 0 0.979512 0.016101 0.003610 0.000006 0.000771
0 0 0.985022 0.012111 0.002317 0.000003 0.000547
0 0 0.988027 0.009017 0.002499 0.000014 0.000443
0 0 0.985473 0.011413 0.002517 0.000007 0.000591
0 0 0.985353 0.007769 0.005839 0.000606 0.000433
0 0 0.993978 0.002186 0.002996 0.000791 0.000049
0 0 0.997532 0.001745 0.000660 0.000015 0.000049
0 0 0.998016 0.001394 0.000543 0.000012 0.000034
0 0 0.998060 0.001378 0.000517 0.000011 0.000034
0 0 0.996087 0.002994 0.000831 0.000005 0.000084
0 0 0.990835 0.007186 0.001746 0.000004 0.000229
0 0 0.995500 0.003499 0.000907 0.000003 0.000092
0 0 0.988613 0.009366 0.001799 0.000001 0.000221
0 0 0.980055 0.015599 0.003973 0.000002 0.000371
0 0 0.975074 0.018980 0.005528 0.000003 0.000415
0 0 0.880232 0.086421 0.028566 0.000023 0.004758
0 0 0.893361 0.080609 0.021900 0.000010 0.004120
0 0 0.880998 0.092142 0.022548 0.000006 0.004307
0 0 0.782944 0.160701 0.047763 0.000012 0.008580
0 0 0.822239 0.131638 0.039080 0.000013 0.007030
0 0 0.687650 0.244556 0.043804 0.000006 0.023983
0 0 0.646684 0.259241 0.061184 0.000013 0.032878
0 0 0.819413 0.140629 0.027151 0.000007 0.012799
0 0 0.670463 0.237614 0.063533 0.000017 0.028372
0 0 0.511778 0.325258 0.122172 0.000052 0.040741
0 0 0.937624 0.046762 0.014454 0.000004 0.001156
0 0 0.887066 0.081793 0.028908 0.000006 0.002227
0 0 0.926465 0.053968 0.017855 0.000008 0.001704
0 0 0.865700 0.097478 0.033185 0.000010 0.003626
0 0 0.782457 0.154048 0.058593 0.000009 0.004893
0 0 0.649819 0.239578 0.097905 0.000028 0.012670
0 0 0.622016 0.281307 0.082264 0.000008 0.014404
0 0 0.838133 0.119193 0.035938 0.000014 0.006722
0 0 0.871609 0.096492 0.026760 0.000011 0.005129
0 0 0.746497 0.173880 0.070694 0.000031 0.008898
0 0 0.659962 0.271634 0.048376 0.000003 0.020025
0 0 0.622624 0.296687 0.056789 0.000005 0.023896
0 0 0.599226 0.294840 0.080084 0.000012 0.025839
0 0 0.695539 0.243435 0.041841 0.000003 0.019181
0 0 0.674399 0.226879 0.077592 0.000024 0.021105
0 0 0.768856 0.183047 0.033846 0.000005 0.014245
0 0 0.678946 0.251938 0.048146 0.000005 0.020965
0 0 0.688685 0.234086 0.058393 0.000010 0.018827
0 0 0.817777 0.147371 0.024728 0.000003 0.010121
0 0 0.795389 0.158419 0.032531 0.000007 0.013654
0 0 0.730022 0.209095 0.044121 0.000008 0.016755
0 0 0.724301 0.212328 0.049229 0.000007 0.014134
0 0 0.671937 0.238187 0.068728 0.000026 0.021122
0 0 0.788132 0.163382 0.037201 0.000008 0.011277
0 0 0.890703 0.069126 0.032111 0.000218 0.007842
0 0 0.959701 0.032898 0.006390 0.000001 0.001011
0 0 0.977236 0.017610 0.004610 0.000004 0.000539
0 0 0.977350 0.017877 0.004332 0.000002 0.000439
0 0 0.976631 0.017828 0.005054 0.000004 0.000483
0 0 0.985024 0.011372 0.003275 0.000005 0.000324
0 0 0.995490 0.002348 0.001909 0.000190 0.000063
0 0 0.997512 0.001714 0.000709 0.000019 0.000046
0 0 0.995029 0.003894 0.000989 0.000002 0.000086
0 0 0.994106 0.004373 0.001436 0.000003 0.000082
0 0 0.977505 0.017681 0.004388 0.000002 0.000425
0 0 0.905155 0.074969 0.015371 0.000005 0.004499
0 0 0.859069 0.118307 0.016585 0.000001 0.006039
0 0 0.879787 0.099347 0.015544 0.000002 0.005321
0 0 0.825326 0.144430 0.022834 0.000001 0.007409
0 0 0.929884 0.057798 0.009558 0.000002 0.002758
4 0 0.004951 0.120777 0.212066 0.000007 0.662200
4 1 0.007662 0.183068 0.198554 0.000002 0.610715
4 1 0.006870 0.143602 0.211205 0.000007 0.638316
4 2 0.006834 0.155314 0.176158 0.000002 0.661692
4 2 0.003636 0.100851 0.259907 0.000015 0.635591
2 2 0.000267 0.046112 0.650650 0.000684 0.302287
2 2 0.000049 0.026348 0.720328 0.034194 0.219081
2 2 0.000049 0.025204 0.767793 0.008510 0.198444
2 2 0.000045 0.023647 0.697076 0.012377 0.266856
2 2 0.000029 0.016937 0.810899 0.027954 0.144181
2 2 0.000000 0.001221 0.911517 0.083400 0.003862
2 2 0.000000 0.000830 0.907032 0.088794 0.003344
2 2 0.000000 0.001831 0.909481 0.082650 0.006038
2 2 0.000000 0.001050 0.921499 0.073489 0.003962
2 2 0.000000 0.001017 0.967383 0.028907 0.002694
2 2 0.000000 0.001538 0.881837 0.110721 0.005903
2 2 0.000001 0.002378 0.724191 0.266322 0.007107
2 2 0.000000 0.001619 0.797652 0.194113 0.006616
2 2 0.000001 0.001710 0.737179 0.257880 0.003230
2 2 0.000001 0.001741 0.904412 0.091498 0.002348
2 2 0.000004 0.002413 0.827376 0.167385 0.002823
2 2 0.000007 0.001617 0.639366 0.357594 0.001416
2 2 0.000002 0.001286 0.555665 0.441122 0.001925
2 2 0.000003 0.001910 0.677291 0.318573 0.002222
2 2 0.000010 0.001335 0.606456 0.391492 0.000708
2 2 0.000005 0.001801 0.602395 0.394269 0.001530
3 2 0.000003 0.001411 0.418925 0.577647 0.002013
2 2 0.000015 0.002388 0.633541 0.362635 0.001421
2 2 0.000005 0.002270 0.576372 0.418273 0.003079
3 3 0.000012 0.001925 0.488287 0.508090 0.001686
3 3 0.000044 0.001141 0.208243 0.789965 0.000606
3 3 0.000014 0.000509 0.087335 0.911808 0.000334
3 3 0.000005 0.000652 0.132553 0.866126 0.000664
3 3 0.000013 0.001063 0.283355 0.715042 0.000528
3 3 0.000028 0.001237 0.167885 0.829912 0.000938
3 3 0.000128 0.002006 0.155882 0.840677 0.001308
3 3 0.000102 0.002736 0.180643 0.814486 0.002033
3 3 0.000041 0.000741 0.050658 0.947840 0.000720
3 3 0.000058 0.001207 0.082444 0.915178 0.001112
3 3 0.000081 0.001337 0.079997 0.917359 0.001226
3 3 0.000111 0.001966 0.101203 0.894990 0.001731
3 3 0.000282 0.002180 0.084371 0.911509 0.001658
3 3 0.000213 0.001824 0.076795 0.919753 0.001415
2 2 0.046281 0.051904 0.623023 0.273728 0.005064
3 2 0.000116 0.002557 0.364623 0.632061 0.000643
2 2 0.000018 0.002763 0.827277 0.168786 0.001157
2 2 0.000020 0.003338 0.805532 0.189083 0.002028
2 2 0.000001 0.002302 0.716334 0.273324 0.008040
2 2 0.000020 0.002361 0.611030 0.384869 0.001721
2 2 0.000007 0.002868 0.735995 0.258403 0.002728
3 2 0.000208 0.002195 0.181404 0.815098 0.001095
3 2 0.000021 0.001146 0.187199 0.810824 0.000809
3 2 0.000014 0.001164 0.232994 0.765098 0.000730
3 3 0.000025 0.001153 0.168180 0.829694 0.000949
3 3 0.000009 0.000709 0.124566 0.874107 0.000609
3 3 0.000014 0.000999 0.108826 0.889103 0.001058
3 3 0.000077 0.001442 0.098404 0.898914 0.001163
3 3 0.000009 0.000326 0.035844 0.963436 0.000385
3 3 0.000085 0.001513 0.052253 0.944495 0.001653
3 3 0.000061 0.001815 0.085517 0.909938 0.002670
3 3 0.000025 0.000655 0.037211 0.961356 0.000753
3 3 0.000101 0.000714 0.026354 0.972405 0.000426
3 3 0.000029 0.000586 0.036757 0.962053 0.000574
3 3 0.000031 0.000801 0.027508 0.970721 0.000938
3 3 0.000053 0.000461 0.021919 0.977285 0.000282
3 3 0.000066 0.000720 0.027997 0.970680 0.000537
3 3 0.000089 0.000873 0.033770 0.964630 0.000639
3 3 0.000100 0.000859 0.033666 0.964791 0.000584
3 3 0.000083 0.001141 0.035242 0.962492 0.001042
3 3 0.000056 0.000440 0.019688 0.979561 0.000255
3 3 0.000014 0.000409 0.016047 0.983079 0.000450
3 3 0.000078 0.000363 0.010175 0.989228 0.000156
3 3 0.000019 0.000223 0.009672 0.989944 0.000142
3 3 0.000040 0.000368 0.010164 0.989207 0.000220
3 3 0.000071 0.000281 0.009721 0.989821 0.000106
3 3 0.000013 0.000317 0.012251 0.987110 0.000308
3 3 0.000203 0.001974 0.028466 0.967823 0.001535
3 3 0.000034 0.000334 0.009791 0.989634 0.000207
3 3 0.000026 0.000807 0.021030 0.977115 0.001023
3 3 0.000025 0.000544 0.015529 0.983358 0.000545
3 3 0.000100 0.000651 0.016171 0.982715 0.000363
3 3 0.000127 0.000896 0.020416 0.978025 0.000535
3 3 0.000038 0.000323 0.008591 0.990863 0.000185
3 3 0.000019 0.000232 0.011567 0.988030 0.000150
3 3 0.000061 0.000466 0.012182 0.987023 0.000267
3 3 0.000137 0.001578 0.025063 0.971924 0.001297
3 3 0.000023 0.000362 0.012803 0.986520 0.000292
3 3 0.000059 0.000658 0.016144 0.982651 0.000488
3 3 0.000046 0.000423 0.012195 0.987073 0.000263
3 3 0.000024 0.000237 0.011056 0.988544 0.000139
3 3 0.000022 0.000255 0.010249 0.989311 0.000163
3 3 0.000014 0.000296 0.011891 0.987536 0.000263
3 3 0.000010 0.000344 0.012643 0.986594 0.000410
3 3 0.000009 0.000214 0.010251 0.989329 0.000197
3 3 0.000014 0.000316 0.013794 0.985578 0.000299
3 3 0.000027 0.001428 0.049543 0.946391 0.002612
3 3 0.000009 0.000785 0.034310 0.963167 0.001730
3 3 0.000023 0.000695 0.023286 0.975140 0.000856
3 2 0.001232 0.002639 0.043025 0.952312 0.000792
3 2 0.000032 0.000690 0.030256 0.968293 0.000729
3 2 0.000011 0.001386 0.184595 0.811489 0.002520
3 2 0.000004 0.001123 0.206600 0.789935 0.002338
3 2 0.000008 0.001027 0.134811 0.861908 0.002246
3 2 0.000013 0.001064 0.155483 0.842297 0.001142
3 2 0.000005 0.001057 0.175143 0.821638 0.002157
3 3 0.000102 0.002059 0.077975 0.917324 0.002540
3 3 0.000038 0.001252 0.110102 0.887138 0.001471
3 3 0.000093 0.002011 0.091738 0.903599 0.002558
3 3 0.000030 0.001392 0.096097 0.900425 0.002056
3 3 0.000047 0.002004 0.083693 0.910647 0.003609
3 3 0.000046 0.005796 0.430541 0.551643 0.011973
3 3 0.000030 0.003807 0.269721 0.717575 0.008867
2 2 0.000015 0.003649 0.809555 0.184101 0.002680
2 2 0.000019 0.004870 0.551281 0.434686 0.009144
2 2 0.000011 0.005631 0.686871 0.300270 0.007217
2 2 0.000048 0.017758 0.783606 0.117621 0.080967
2 2 0.000034 0.018896 0.812084 0.051692 0.117295
2 2 0.000044 0.020559 0.845357 0.013405 0.120634
2 2 0.000074 0.024792 0.841915 0.008036 0.125184
2 2 0.000024 0.011931 0.842957 0.084448 0.060640
2 2 0.000080 0.028405 0.487983 0.000334 0.483197
2 2 0.000076 0.025566 0.567418 0.000361 0.406579
2 2 0.000102 0.028972 0.568163 0.000245 0.402517
4 2 0.000169 0.033522 0.420993 0.000074 0.545242
4 2 0.000081 0.028640 0.430854 0.000303 0.540121
2 2 0.000068 0.017022 0.922614 0.033915 0.026380
2 2 0.000032 0.013687 0.903289 0.050279 0.032713
2 2 0.000259 0.030038 0.902078 0.031340 0.036285
2 2 0.000050 0.013799 0.900169 0.055625 0.030357
2 2 0.000070 0.015300 0.888675 0.063053 0.032903
2 2 0.101323 0.103163 0.779155 0.009026 0.007333
2 2 0.000229 0.012788 0.871904 0.108773 0.006306
2 2 0.000235 0.012120 0.822177 0.158455 0.007013
2 2 0.000454 0.010876 0.843871 0.141729 0.003070
2 2 0.000281 0.011544 0.789310 0.192829 0.006036
2 2 0.000019 0.009125 0.944453 0.037048 0.009354
2 2 0.000002 0.003906 0.902090 0.083877 0.010124
2 2 0.000011 0.006059 0.892376 0.090793 0.010763
2 2 0.000003 0.004353 0.832621 0.147725 0.015299
2 2 0.000002 0.003821 0.871381 0.113852 0.010943
2 2 0.000006 0.002000 0.574648 0.421135 0.002210
2 2 0.000004 0.001664 0.597904 0.398529 0.001899
2 2 0.000004 0.001866 0.544197 0.451218 0.002715
2 2 0.000008 0.002855 0.650725 0.342543 0.003870
2 2 0.000003 0.002128 0.640881 0.353202 0.003787
3 2 0.000073 0.001332 0.138845 0.859023 0.000727
3 2 0.000015 0.000905 0.162815 0.835734 0.000532
3 2 0.000049 0.001723 0.278011 0.719533 0.000684
3 3 0.000134 0.001985 0.249037 0.748298 0.000545
3 3 0.000140 0.001559 0.352367 0.645656 0.000277
3 3 0.000028 0.000891 0.071848 0.926394 0.000838
3 3 0.000074 0.001168 0.075730 0.922083 0.000945
3 3 0.000144 0.001877 0.111941 0.884842 0.001197
3 3 0.000043 0.000594 0.038356 0.960522 0.000485
3 3 0.000126 0.001635 0.117311 0.880051 0.000877
3 3 0.000312 0.001101 0.048710 0.949383 0.000494
3 3 0.000557 0.002044 0.048977 0.947382 0.001040
3 3 0.000850 0.003439 0.072761 0.920962 0.001988
3 3 0.000239 0.000800 0.044731 0.953899 0.000330
3 3 0.000145 0.001327 0.044411 0.953107 0.001010
3 3 0.000105 0.000825 0.033456 0.965081 0.000534
3 3 0.000068 0.000436 0.023194 0.976075 0.000227
3 3 0.000151 0.000655 0.036130 0.962764 0.000299
3 3 0.000384 0.001031 0.027773 0.970413 0.000399
3 3 0.000100 0.000565 0.025810 0.973237 0.000288
3 3 0.000468 0.001359 0.025311 0.972299 0.000563
3 3 0.000395 0.000664 0.015724 0.983030 0.000187
3 3 0.000253 0.000462 0.014629 0.984529 0.000128
3 3 0.000177 0.000433 0.013412 0.985841 0.000138
3 3 0.000907 0.001708 0.025965 0.970836 0.000584
3 2 0.000399 0.003061 0.087149 0.906958 0.002433
3 2 0.030094 0.019325 0.218088 0.729568 0.002925
2 2 0.012070 0.028732 0.477618 0.473701 0.007879
3 2 0.003750 0.014231 0.402618 0.576846 0.002555
3 2 0.000797 0.006960 0.301018 0.688491 0.002734
2 2 0.000010 0.001732 0.519301 0.477946 0.001011
3 2 0.000025 0.001832 0.399794 0.597406 0.000942
2 2 0.000053 0.003128 0.522445 0.472680 0.001695
3 2 0.000021 0.002138 0.436884 0.559633 0.001324
3 2 0.000021 0.001285 0.301590 0.696413 0.000691
3 2 0.000097 0.002104 0.278491 0.718578 0.000730
3 2 0.000072 0.001576 0.168563 0.829057 0.000732
3 2 0.000044 0.000886 0.098753 0.899646 0.000672
3 2 0.000021 0.001194 0.155229 0.842694 0.000861
3 2 0.000137 0.001301 0.121413 0.876611 0.000538
3 2 0.000017 0.000492 0.030321 0.968605 0.000566
3 2 0.000058 0.000719 0.034988 0.963663 0.000571
3 2 0.000021 0.000552 0.038403 0.960405 0.000618
3 2 0.000049 0.000896 0.056644 0.941792 0.000619
3 2 0.000029 0.000569 0.030704 0.968147 0.000551
3 2 0.000066 0.001022 0.065610 0.932441 0.000861
3 2 0.000035 0.001330 0.121663 0.875932 0.001040
3 2 0.000022 0.001135 0.094437 0.903107 0.001299
3 3 0.000012 0.000273 0.026326 0.973138 0.000251
3 3 0.000227 0.002013 0.071203 0.924939 0.001618
3 3 0.000076 0.000977 0.024483 0.973645 0.000819
3 3 0.000063 0.000430 0.018754 0.980523 0.000231
3 3 0.000106 0.000962 0.023196 0.975046 0.000689
3 3 0.000124 0.000504 0.021363 0.977796 0.000213
3 3 0.000016 0.000243 0.015500 0.984061 0.000180
3 3 0.000065 0.000525 0.031861 0.967231 0.000318
3 3 0.000099 0.000658 0.026905 0.971964 0.000375
3 3 0.000021 0.000400 0.023632 0.975584 0.000362
3 3 0.000099 0.001051 0.037548 0.960474 0.000828
3 3 0.000281 0.001265 0.035844 0.961950 0.000660
3 3 0.000060 0.001038 0.040931 0.956921 0.001050
3 2 0.001068 0.002643 0.046941 0.948193 0.001156
3 2 0.000267 0.004605 0.128622 0.862455 0.004051
3 2 0.000142 0.001145 0.065965 0.932001 0.000748
3 2 0.000096 0.002028 0.146680 0.850013 0.001183
3 2 0.000302 0.002964 0.265978 0.729726 0.001031
3 2 0.000062 0.002724 0.320260 0.675662 0.001292
3 2 0.000230 0.003322 0.356603 0.638765 0.001080
3 2 0.000021 0.001117 0.215310 0.783072 0.000479
3 2 0.000192 0.001805 0.190042 0.807366 0.000595
3 2 0.000170 0.003388 0.299041 0.695263 0.002139
3 2 0.000302 0.006323 0.477464 0.514146 0.001765
3 2 0.000107 0.003135 0.299916 0.695093 0.001749
3 2 0.000072 0.002763 0.238996 0.755668 0.002501
3 2 0.000137 0.003471 0.320743 0.674025 0.001624
3 2 0.000007 0.001683 0.484773 0.512121 0.001416
2 2 0.000013 0.002500 0.591582 0.404336 0.001569
2 2 0.000101 0.002975 0.598370 0.397782 0.000773
2 2 0.000022 0.002221 0.562455 0.434118 0.001184
2 2 0.000012 0.003077 0.615699 0.378458 0.002754
3 2 0.000053 0.001229 0.176303 0.821904 0.000512
3 2 0.000081 0.002329 0.318627 0.677947 0.001016
3 2 0.000099 0.002884 0.436506 0.559797 0.000714
3 2 0.000038 0.001343 0.260114 0.737935 0.000570
3 2 0.000097 0.001791 0.200670 0.796453 0.000989
3 2 0.000331 0.003632 0.217288 0.777207 0.001543
3 2 0.000324 0.002818 0.255711 0.740308 0.000839
3 2 0.000268 0.002699 0.248022 0.748091 0.000920
3 2 0.000120 0.001485 0.107658 0.889785 0.000953
3 2 0.000087 0.001354 0.191615 0.806504 0.000440
3 2 0.000182 0.002141 0.131992 0.864582 0.001104
3 2 0.000029 0.000624 0.041300 0.957399 0.000649
3 2 0.000085 0.001375 0.087045 0.910395 0.001100
3 2 0.000083 0.000851 0.048225 0.950210 0.000631
3 2 0.000200 0.002154 0.125457 0.870868 0.001320
3 2 0.000055 0.000402 0.027258 0.972065 0.000219
3 2 0.000047 0.000711 0.033927 0.964691 0.000623
3 2 0.000053 0.000721 0.044856 0.953768 0.000602
3 2 0.000199 0.001455 0.055788 0.941668 0.000890
3 2 0.000424 0.001731 0.058124 0.938812 0.000908
3 2 0.000137 0.002414 0.097821 0.897267 0.002361
3 2 0.000180 0.001527 0.068270 0.928882 0.001141
3 2 0.000453 0.003190 0.108245 0.885979 0.002133
2 2 0.021692 0.031335 0.527466 0.414874 0.004633
3 2 0.000267 0.003850 0.181806 0.812401 0.001677
3 2 0.000021 0.002583 0.460902 0.535088 0.001406
3 2 0.000038 0.001788 0.458270 0.539288 0.000617
3 2 0.000020 0.003153 0.479204 0.514801 0.002823
3 2 0.000019 0.002227 0.319465 0.675793 0.002497
3 2 0.000426 0.005418 0.487445 0.505162 0.001549
3 2 0.000001 0.000557 0.276048 0.722853 0.000540
3 2 0.000020 0.001525 0.381416 0.616437 0.000601
3 2 0.000008 0.001188 0.324742 0.673219 0.000843
3 2 0.000006 0.000904 0.189371 0.808711 0.001008
3 2 0.000003 0.000814 0.209443 0.788951 0.000789
3 2 0.000143 0.002194 0.241524 0.755186 0.000953
3 2 0.000099 0.001796 0.198113 0.799113 0.000879
3 2 0.000046 0.002175 0.248670 0.747903 0.001206
3 2 0.000044 0.001477 0.213444 0.784165 0.000870
3 2 0.000055 0.002300 0.286615 0.709927 0.001103
3 2 0.000096 0.001149 0.085473 0.912393 0.000889
3 2 0.000110 0.002949 0.301237 0.694491 0.001213
3 2 0.000046 0.000839 0.057222 0.941056 0.000838
3 2 0.000057 0.000900 0.054245 0.943952 0.000846
3 2 0.000152 0.001521 0.081920 0.915170 0.001237
3 2 0.000032 0.000249 0.020832 0.978757 0.000129
3 3 0.000047 0.000567 0.028703 0.970255 0.000429
3 3 0.000045 0.000638 0.034089 0.964697 0.000531
3 3 0.000085 0.000641 0.028446 0.970440 0.000387
3 3 0.000020 0.000400 0.025006 0.974207 0.000367
3 3 0.000063 0.000498 0.029424 0.969720 0.000294
3 3 0.000013 0.000315 0.033981 0.965463 0.000228
3 3 0.000150 0.000723 0.034053 0.964719 0.000354
3 3 0.000479 0.000942 0.030180 0.968095 0.000305
3 3 0.000132 0.000888 0.056373 0.942256 0.000350
3 3 0.000402 0.000897 0.032048 0.966346 0.000307
3 3 0.000037 0.000359 0.026518 0.972862 0.000224
3 3 0.000214 0.001279 0.037373 0.960358 0.000776
3 3 0.000140 0.000819 0.031594 0.966993 0.000453
3 3 0.000133 0.001165 0.039747 0.958168 0.000787
3 3 0.000046 0.000990 0.065170 0.932691 0.001103
3 3 0.000252 0.003272 0.216994 0.777947 0.001534
3 3 0.000437 0.003192 0.173394 0.821346 0.001631
3 3 0.000112 0.002360 0.289687 0.707294 0.000546
3 3 0.000159 0.001216 0.106971 0.891062 0.000592
4 4 0.000184 0.040266 0.452325 0.003122 0.504103
4 4 0.000420 0.047979 0.416200 0.000373 0.535027
4 4 0.000303 0.039872 0.410434 0.000313 0.549078
4 4 0.003407 0.093352 0.437960 0.000085 0.465196
4 4 0.000236 0.041818 0.383456 0.000737 0.573753
4 4 0.001180 0.059454 0.302727 0.000092 0.636547
4 4 0.000188 0.038368 0.426546 0.000832 0.534066
4 4 0.000655 0.052014 0.325636 0.000166 0.621529
4 4 0.000546 0.049636 0.297849 0.000113 0.651856
4 4 0.001034 0.058550 0.292636 0.000026 0.647753
4 4 0.000368 0.040521 0.239105 0.000017 0.719989
4 4 0.000564 0.042975 0.205189 0.000006 0.751267
4 4 0.000302 0.038435 0.225253 0.000014 0.735996
4 4 0.000649 0.044242 0.183669 0.000004 0.771437
4 4 0.000445 0.041332 0.187501 0.000006 0.770717
4 4 0.000237 0.043116 0.344832 0.000569 0.611247
4 4 0.000305 0.041983 0.369622 0.000289 0.587802
4 4 0.000230 0.039871 0.358166 0.000319 0.601415
4 4 0.000227 0.038650 0.385211 0.000354 0.575559
4 4 0.000521 0.049006 0.319153 0.000153 0.631167
4 4 0.000393 0.041588 0.243212 0.000020 0.714788
4 4 0.000747 0.048269 0.191931 0.000007 0.759046
4 4 0.000529 0.044154 0.223102 0.000012 0.732203
4 4 0.000780 0.049667 0.180200 0.000007 0.769347
4 4 0.000534 0.045394 0.236671 0.000019 0.717382
4 4 0.000492 0.042554 0.192298 0.000006 0.764650
4 4 0.000268 0.039413 0.207055 0.000021 0.753243
4 4 0.000418 0.043245 0.210582 0.000016 0.745740
4 4 0.000208 0.037794 0.267794 0.000065 0.694139
4 4 0.000582 0.044598 0.228274 0.000011 0.726536
4 4 0.001242 0.054728 0.147878 0.000003 0.796149
4 4 0.001101 0.055316 0.182212 0.000004 0.761367
4 4 0.000621 0.046227 0.209143 0.000010 0.744000
4 4 0.000782 0.047498 0.198824 0.000006 0.752890
4 4 0.000325 0.039601 0.278755 0.000033 0.681285
4 4 0.000400 0.040795 0.331655 0.000054 0.627097
4 4 0.000547 0.047227 0.299474 0.000026 0.652726
4 4 0.000426 0.042255 0.315576 0.000052 0.641691
4 4 0.000349 0.042168 0.295616 0.000068 0.661798
4 4 0.000482 0.043822 0.322347 0.000059 0.633290
4 4 0.000725 0.051366 0.335338 0.000124 0.612447
4 4 0.002088 0.090612 0.305003 0.000006 0.602290
4 4 0.000595 0.050066 0.365749 0.000059 0.583530
4 4 0.001234 0.064272 0.301704 0.000017 0.632774
4 4 0.001682 0.078743 0.315365 0.000008 0.604202
4 4 0.001473 0.072431 0.398227 0.000017 0.527852
4 4 0.001443 0.068578 0.382845 0.000021 0.547114
4 4 0.000497 0.046916 0.394520 0.000342 0.557726
4 4 0.001806 0.072197 0.335378 0.000049 0.590570
4 4 0.001093 0.058094 0.370771 0.000034 0.570009
4 4 0.000617 0.048606 0.316854 0.000082 0.633841
4 4 0.000553 0.048567 0.278981 0.000065 0.671833
4 4 0.001024 0.056150 0.314078 0.000088 0.628661
4 4 0.001191 0.064967 0.282999 0.000037 0.650804
4 4 0.001666 0.063291 0.233632 0.000022 0.701390
2 4 0.000160 0.031617 0.768598 0.000486 0.199139
2 4 0.000070 0.025528 0.719119 0.000991 0.254292
2 4 0.000393 0.045079 0.695634 0.000047 0.258846
2 4 0.000335 0.044915 0.681152 0.000121 0.273477
2 4 0.000035 0.021166 0.794843 0.009552 0.174404
2 4 0.000236 0.033157 0.758409 0.000253 0.207946
2 4 0.000504 0.052219 0.608141 0.000084 0.339053
2 4 0.000209 0.036894 0.628968 0.000161 0.333769
2 4 0.000110 0.029114 0.750332 0.002052 0.218393
2 4 0.000079 0.028889 0.667576 0.001658 0.301798
2 4 0.000368 0.044313 0.488441 0.000499 0.466379
4 4 0.000353 0.043645 0.417488 0.000144 0.538370
4 4 0.000716 0.054847 0.410235 0.000148 0.534055
4 4 0.000538 0.045630 0.406540 0.000138 0.547154
4 4 0.000149 0.035004 0.480421 0.000786 0.483640
2 4 0.000550 0.053142 0.665076 0.000021 0.281210
2 2 0.000235 0.033815 0.831320 0.000116 0.134515
2 2 0.000137 0.030369 0.777322 0.000102 0.192070
2 2 0.000095 0.025414 0.848373 0.000852 0.125267
2 2 0.000026 0.016500 0.826774 0.000958 0.155742
2 2 0.000177 0.014989 0.978256 0.000489 0.006089
2 2 0.001893 0.061103 0.919353 0.000136 0.017514
2 2 0.000035 0.008273 0.986179 0.000931 0.004583
2 2 0.000029 0.008111 0.982291 0.002044 0.007525
2 2 0.000016 0.006384 0.983274 0.003702 0.006624
2 2 0.000002 0.003313 0.987407 0.005226 0.004052
2 2 0.000010 0.005471 0.982394 0.002837 0.009288
2 2 0.000008 0.004812 0.989245 0.001802 0.004133
2 2 0.000004 0.003130 0.975959 0.017352 0.003554
2 2 0.000005 0.004242 0.988899 0.002658 0.004196
2 2 0.000007 0.002585 0.894327 0.101072 0.002010
2 2 0.000003 0.001762 0.921936 0.075081 0.001218
2 2 0.000013 0.003051 0.892779 0.102502 0.001655
2 2 0.000022 0.003781 0.878175 0.116283 0.001738
2 2 0.000005 0.003809 0.927282 0.063494 0.005409
2 2 0.000002 0.001478 0.926143 0.071277 0.001100
2 2 0.000003 0.002434 0.984143 0.011481 0.001939
2 2 0.000001 0.002127 0.932913 0.062070 0.002888
2 2 0.000004 0.001315 0.947330 0.050873 0.000478
2 2 0.000001 0.001798 0.951480 0.044979 0.001742
2 2 0.000017 0.002177 0.814505 0.182679 0.000622
2 2 0.000041 0.003300 0.735817 0.259503 0.001340
2 2 0.000049 0.002312 0.638425 0.358544 0.000670
2 2 0.000044 0.003064 0.771640 0.224520 0.000732
2 2 0.000061 0.002357 0.762397 0.234754 0.000430
2 2 0.000002 0.001514 0.935199 0.062212 0.001073
2 2 0.000032 0.004489 0.953663 0.039959 0.001857
2 2 0.000011 0.001551 0.911153 0.086954 0.000331
2 2 0.000135 0.005244 0.935879 0.057319 0.001423
2 2 0.000018 0.003800 0.836888 0.155738 0.003556
2 2 0.000017 0.003067 0.848783 0.146171 0.001961
2 2 0.000020 0.003232 0.864811 0.130168 0.001768
2 2 0.000024 0.003939 0.888408 0.104936 0.002692
2 2 0.000009 0.003040 0.820969 0.173142 0.002840
2 2 0.000029 0.004130 0.913375 0.079878 0.002588
2 2 0.000034 0.003290 0.586538 0.408459 0.001679
2 2 0.000260 0.003179 0.551882 0.443836 0.000843
2 2 0.019918 0.021935 0.695106 0.260664 0.002376
2 2 0.003590 0.012641 0.632401 0.350080 0.001289
2 2 0.001430 0.007523 0.741861 0.248680 0.000506
2 2 0.000004 0.002069 0.839805 0.156664 0.001457
2 2 0.000015 0.002456 0.871624 0.125146 0.000759
2 2 0.000004 0.002087 0.863559 0.133215 0.001136
2 2 0.000013 0.002847 0.866544 0.128963 0.001633
2 2 0.000006 0.002258 0.834361 0.161762 0.001613
2 2 0.000184 0.002787 0.754273 0.242387 0.000369
2 2 0.000009 0.001737 0.749391 0.248203 0.000660
2 2 0.000029 0.002199 0.661418 0.335614 0.000740
2 2 0.000029 0.002674 0.717180 0.279347 0.000770
2 2 0.000025 0.001944 0.618398 0.379042 0.000591
2 2 0.000060 0.002983 0.686969 0.308832 0.001157
2 2 0.000024 0.003284 0.695054 0.299433 0.002205
2 2 0.000043 0.002970 0.776192 0.219857 0.000938
2 2 0.000036 0.002329 0.661445 0.335293 0.000896
2 2 0.000067 0.003263 0.650915 0.344457 0.001298
2 2 0.000072 0.003027 0.557803 0.437770 0.001327
2 2 0.000060 0.003165 0.508562 0.486787 0.001426
2 2 0.000086 0.003377 0.716391 0.279339 0.000807
2 2 0.000069 0.004152 0.588466 0.405218 0.002095
2 2 0.000025 0.002716 0.513000 0.482725 0.001535
2 2 0.000091 0.002289 0.718827 0.278406 0.000388
3 2 0.000013 0.001344 0.444217 0.553822 0.000605
3 2 0.000022 0.001582 0.479189 0.518559 0.000647
2 2 0.000049 0.001970 0.508101 0.489180 0.000701
2 2 0.000061 0.003065 0.537715 0.457907 0.001252
3 2 0.000169 0.002959 0.245485 0.750318 0.001069
3 2 0.004128 0.008110 0.433180 0.553524 0.001059
3 2 0.000101 0.001894 0.361442 0.636139 0.000424
3 2 0.000023 0.000708 0.129072 0.869823 0.000374
3 2 0.000039 0.001117 0.282960 0.715565 0.000318
3 2 0.000263 0.002516 0.438996 0.557739 0.000485
2 2 0.000215 0.003254 0.508757 0.487147 0.000627
3 2 0.000127 0.001579 0.156683 0.840684 0.000927
2 2 0.000098 0.002598 0.524684 0.472024 0.000597
3 2 0.000141 0.003268 0.297534 0.697649 0.001407
2 2 0.000075 0.004174 0.587199 0.406600 0.001952
3 2 0.000168 0.003844 0.309585 0.683613 0.002789
3 2 0.000038 0.003409 0.385276 0.608028 0.003249
3 2 0.000063 0.002302 0.276028 0.720182 0.001425
2 2 0.000150 0.004335 0.547157 0.447008 0.001351
3 2 0.000558 0.003471 0.168933 0.825219 0.001820
3 2 0.000995 0.005621 0.268352 0.722864 0.002169
3 2 0.000333 0.002482 0.115520 0.879765 0.001899
3 3 0.000415 0.003223 0.115190 0.878807 0.002366
3 3 0.000133 0.003013 0.190591 0.804094 0.002169
3 3 0.000333 0.001293 0.045740 0.952007 0.000627
3 3 0.000105 0.000824 0.037974 0.960566 0.000530
3 3 0.000235 0.000619 0.029124 0.969805 0.000217
3 3 0.000319 0.001490 0.044753 0.952622 0.000816
3 3 0.000286 0.000802 0.031766 0.966842 0.000303
3 3 0.000429 0.000605 0.019185 0.979629 0.000153
3 3 0.000127 0.000430 0.017290 0.981991 0.000162
3 3 0.000840 0.000931 0.025163 0.972842 0.000224
3 3 0.000087 0.000613 0.022016 0.976927 0.000357
3 3 0.000105 0.000464 0.017961 0.981269 0.000202
3 3 0.001303 0.002623 0.042493 0.952599 0.000982
3 3 0.000051 0.000412 0.018043 0.981254 0.000239
3 3 0.000137 0.000504 0.019628 0.979530 0.000202
3 3 0.000353 0.001000 0.022420 0.975834 0.000393
3 3 0.000237 0.001079 0.028635 0.969502 0.000547
3 3 0.000058 0.000339 0.019372 0.980070 0.000161
3 3 0.000152 0.000907 0.031473 0.966951 0.000517
3 3 0.000034 0.000533 0.026187 0.972790 0.000456
3 3 0.000045 0.000330 0.016550 0.982898 0.000177
3 3 0.000134 0.000622 0.027464 0.971488 0.000291
3 3 0.000384 0.000609 0.023508 0.975335 0.000164
3 3 0.000230 0.000537 0.016922 0.982138 0.000172
3 3 0.000196 0.000458 0.020752 0.978451 0.000143
3 3 0.000242 0.000470 0.018230 0.980924 0.000134
3 3 0.000498 0.000807 0.020618 0.977847 0.000231
3 3 0.000071 0.000531 0.036697 0.962403 0.000298
3 3 0.000203 0.001093 0.039275 0.958819 0.000610
3 3 0.000763 0.002693 0.069592 0.925647 0.001305
3 3 0.000282 0.001307 0.065314 0.932540 0.000557
3 3 0.000073 0.000567 0.033737 0.965284 0.000340
3 3 0.000193 0.001030 0.041065 0.957146 0.000566
3 3 0.000066 0.000560 0.030426 0.968596 0.000352
3 3 0.000236 0.000999 0.026616 0.971664 0.000485
3 3 0.000051 0.000414 0.022817 0.976478 0.000240
3 3 0.000076 0.000586 0.026503 0.972480 0.000354
3 3 0.000193 0.000643 0.022600 0.976308 0.000256
3 3 0.000148 0.000539 0.017274 0.981821 0.000218
3 3 0.000148 0.000537 0.020997 0.978102 0.000216
3 3 0.000255 0.000824 0.028009 0.970574 0.000337
3 3 0.000176 0.001012 0.023765 0.974476 0.000571
3 3 0.000197 0.001321 0.033337 0.964294 0.000851
3 3 0.000090 0.000420 0.023114 0.976191 0.000185
3 3 0.000098 0.000767 0.030444 0.968201 0.000490
3 3 0.000717 0.001713 0.034634 0.962264 0.000672
3 3 0.000132 0.000928 0.036240 0.962123 0.000577
3 3 0.000054 0.001471 0.120694 0.876621 0.001161
3 3 0.000617 0.003856 0.242178 0.751739 0.001609
3 3 0.000076 0.002164 0.195473 0.800900 0.001386
3 3 0.000165 0.002600 0.110790 0.883647 0.002798
3 3 0.000299 0.002249 0.098842 0.896914 0.001696
3 3 0.000074 0.001741 0.085573 0.910348 0.002265
3 3 0.000215 0.002069 0.093141 0.902855 0.001720
3 3 0.000195 0.004329 0.237942 0.754578 0.002955
3 3 0.000056 0.001571 0.114349 0.882460 0.001565
3 3 0.000156 0.002326 0.099539 0.895464 0.002514
3 3 0.000298 0.001846 0.070002 0.926971 0.000884
3 3 0.000157 0.001238 0.054828 0.942918 0.000859
3 3 0.000132 0.000804 0.041459 0.957152 0.000453
3 3 0.000426 0.001215 0.050674 0.947188 0.000497
3 3 0.000385 0.002355 0.075210 0.920444 0.001607
3 3 0.000074 0.000997 0.046192 0.951858 0.000880
3 3 0.000151 0.001876 0.070556 0.925936 0.001481
3 3 0.000092 0.000988 0.049794 0.948353 0.000773
3 3 0.000225 0.002214 0.074184 0.921467 0.001909
3 3 0.000426 0.002071 0.077776 0.918630 0.001097
3 2 0.000141 0.002653 0.204266 0.791205 0.001735
3 2 0.000050 0.001338 0.139085 0.858424 0.001103
3 2 0.000172 0.004511 0.306539 0.685398 0.003379
3 2 0.000113 0.004226 0.437285 0.556266 0.002110
3 2 0.000055 0.003308 0.249314 0.743237 0.004087
3 2 0.000081 0.001718 0.110521 0.886337 0.001342
3 2 0.000030 0.001674 0.158747 0.837900 0.001649
3 2 0.000136 0.002139 0.167428 0.829072 0.001225
3 2 0.000046 0.001409 0.108311 0.888780 0.001454
3 2 0.001017 0.005544 0.336646 0.654966 0.001827
2 2 0.000181 0.006816 0.591858 0.397360 0.003785
2 2 0.000268 0.006620 0.657293 0.332728 0.003091
2 2 0.089702 0.058923 0.786516 0.060255 0.004605
2 2 0.001516 0.012482 0.891067 0.093664 0.001270
2 2 0.000226 0.006910 0.733431 0.257191 0.002242
2 2 0.000008 0.001491 0.833957 0.164036 0.000508
2 2 0.000027 0.002492 0.841956 0.154832 0.000694
2 2 0.000032 0.002269 0.770053 0.227036 0.000610
2 2 0.000015 0.001736 0.686870 0.310811 0.000568
2 2 0.000020 0.002865 0.832246 0.163711 0.001157
2 2 0.000009 0.001818 0.712424 0.284617 0.001132
2 2 0.000115 0.003239 0.878618 0.117620 0.000408
2 2 0.000032 0.001919 0.936187 0.061530 0.000333
2 2 0.000041 0.003007 0.874754 0.121438 0.000761
2 2 0.000066 0.003077 0.958648 0.037567 0.000641
2 2 0.000018 0.002784 0.792851 0.202880 0.001467
2 2 0.000177 0.005835 0.686834 0.304138 0.003017
2 2 0.000315 0.012289 0.953084 0.030216 0.004096
2 2 0.000039 0.006836 0.821619 0.166916 0.004590
2 2 0.000061 0.011820 0.933393 0.045806 0.008920
2 4 0.000286 0.048417 0.706722 0.010189 0.234386
2 4 0.001174 0.068129 0.631615 0.000149 0.298933
2 4 0.002605 0.100766 0.567982 0.000033 0.328614
4 4 0.053018 0.337520 0.246344 0.000047 0.363072
2 4 0.000444 0.050471 0.758120 0.002547 0.188418
4 4 0.000763 0.050988 0.150574 0.000007 0.797668
4 4 0.001043 0.053591 0.144731 0.000004 0.800631
4 4 0.000692 0.051398 0.147199 0.000009 0.800702
4 4 0.000766 0.051021 0.142667 0.000006 0.805541
4 4 0.001395 0.056586 0.123455 0.000002 0.818563
4 4 0.000879 0.050978 0.163870 0.000005 0.784267
4 4 0.000778 0.046331 0.204319 0.000005 0.748567
4 4 0.001139 0.052346 0.119850 0.000002 0.826663
4 4 0.000724 0.046703 0.183095 0.000005 0.769473
4 4 0.000746 0.046808 0.152981 0.000003 0.799462
4 4 0.000488 0.045955 0.229162 0.000025 0.724370
4 4 0.000871 0.052198 0.222069 0.000017 0.724846
4 4 0.000324 0.041467 0.259490 0.000043 0.698677
4 4 0.000926 0.052496 0.231970 0.000017 0.714592
4 4 0.000541 0.049464 0.205107 0.000030 0.744859
4 4 0.000732 0.055181 0.314403 0.000135 0.629550
4 4 0.001303 0.056704 0.254971 0.000020 0.687002
4 4 0.000349 0.042638 0.317258 0.000106 0.639649
4 4 0.000408 0.043268 0.338440 0.000106 0.617777
4 4 0.000872 0.051933 0.227952 0.000017 0.719227
4 4 0.000916 0.058715 0.304538 0.000083 0.635748
4 4 0.001620 0.068196 0.258943 0.000011 0.671230
4 4 0.001286 0.070939 0.345031 0.000008 0.582736
4 4 0.001985 0.075241 0.269026 0.000013 0.653734
4 4 0.003378 0.091352 0.236652 0.000017 0.668600
4 1 0.045662 0.319176 0.249415 0.000043 0.385703
2 1 0.001736 0.077514 0.702674 0.000062 0.218013
2 1 0.000210 0.035706 0.795662 0.000799 0.167623
2 2 0.000226 0.037089 0.805603 0.000723 0.156359
2 2 0.000309 0.034269 0.875434 0.001408 0.088580
2 2 0.000002 0.004986 0.863519 0.099466 0.032027
2 2 0.000006 0.006859 0.959013 0.006749 0.027373
2 2 0.000016 0.011057 0.942306 0.006476 0.040146
2 2 0.000007 0.007754 0.948543 0.008992 0.034703
2 2 0.000009 0.008187 0.947258 0.015924 0.028622
2 2 0.000001 0.002793 0.965781 0.021947 0.009477
2 2 0.000001 0.002316 0.986962 0.006117 0.004604
2 2 0.000003 0.003452 0.983129 0.005414 0.008002
2 2 0.000001 0.002638 0.976661 0.011985 0.008714
2 2 0.000000 0.001741 0.835535 0.155827 0.006897
2 2 0.000113 0.026632 0.746343 0.000151 0.226761
2 2 0.000028 0.017395 0.822678 0.002351 0.157547
2 2 0.000824 0.063585 0.619738 0.000013 0.315841
2 2 0.000267 0.042008 0.724805 0.000132 0.232788
2 2 0.001746 0.080945 0.591182 0.000037 0.326091
2 2 0.000031 0.016928 0.874940 0.002986 0.105114
2 2 0.000028 0.011295 0.923962 0.005894 0.058821
2 2 0.000015 0.013440 0.852743 0.006216 0.127586
2 2 0.000061 0.021985 0.826964 0.000601 0.150389
2 4 0.000830 0.061483 0.688735 0.000020 0.248932
4 4 0.001737 0.072942 0.233142 0.000006 0.692172
4 4 0.000762 0.051123 0.297540 0.000058 0.650517
4 4 0.000427 0.045857 0.334785 0.000168 0.618764
4 4 0.001833 0.081565 0.316255 0.000009 0.600338
4 4 0.001566 0.066735 0.200306 0.000005 0.731388
2 4 0.001220 0.066332 0.516969 0.000073 0.415406
2 4 0.000817 0.056710 0.511263 0.000274 0.430936
2 2 0.000167 0.033986 0.751152 0.004241 0.210454
2 2 0.000187 0.039586 0.589566 0.003332 0.367329
2 2 0.000576 0.056627 0.559404 0.000296 0.383097
2 2 0.000223 0.035664 0.718224 0.000469 0.245420
2 2 0.000064 0.022878 0.814455 0.008882 0.153720
2 2 0.000042 0.022914 0.725277 0.011295 0.240472
2 2 0.000059 0.026857 0.684846 0.002652 0.285586
2 2 0.000602 0.050636 0.581784 0.000041 0.366937
2 2 0.000107 0.027261 0.717543 0.000052 0.255037
2 2 0.000563 0.053085 0.638839 0.000012 0.307501
2 2 0.000085 0.026108 0.807583 0.000306 0.165918
2 2 0.000584 0.058165 0.582177 0.000006 0.359068
2 2 0.000272 0.037076 0.690205 0.000015 0.272432
2 2 0.000176 0.017042 0.977068 0.000056 0.005657
2 2 0.000008 0.003552 0.993579 0.000111 0.002751
2 2 0.000003 0.002854 0.993722 0.000544 0.002877
2 2 0.000124 0.014365 0.972202 0.000131 0.013179
2 2 0.000044 0.007528 0.988595 0.000153 0.003681
2 2 0.000020 0.006122 0.989295 0.000496 0.004067
2 2 0.000015 0.004772 0.991257 0.000039 0.003918
2 2 0.000003 0.002894 0.992883 0.000518 0.003702
2 2 0.000002 0.002242 0.993810 0.000445 0.003502
2 2 0.000001 0.001703 0.991188 0.002790 0.004319
2 2 0.000002 0.003125 0.984921 0.007425 0.004527
2 2 0.000001 0.002056 0.985202 0.008489 0.004253
2 2 0.000004 0.003942 0.982908 0.006851 0.006295
2 2 0.000002 0.002552 0.987831 0.003243 0.006372
2 2 0.000003 0.003200 0.990570 0.001455 0.004771
2 2 0.000002 0.002991 0.988935 0.003116 0.004957
2 2 0.000007 0.004499 0.986777 0.002411 0.006306
2 2 0.000003 0.003483 0.988895 0.002756 0.004863
2 2 0.000001 0.002501 0.988948 0.003885 0.004665
2 2 0.000001 0.002228 0.983297 0.009375 0.005099
2 2 0.000027 0.006826 0.988122 0.000406 0.004619
2 2 0.000002 0.002708 0.991912 0.001779 0.003599
2 2 0.000002 0.002837 0.988633 0.003038 0.005490
2 2 0.000011 0.004250 0.987676 0.005079 0.002985
2 2 0.000004 0.002642 0.993711 0.001888 0.001755
2 2 0.000027 0.003630 0.963091 0.031760 0.001491
2 2 0.000018 0.007335 0.977838 0.005088 0.009721
2 2 0.000001 0.002136 0.960291 0.034933 0.002639
2 2 0.000009 0.004328 0.980534 0.011193 0.003936
2 2 0.000008 0.003972 0.978677 0.014896 0.002447
2 2 0.000004 0.004203 0.984898 0.005454 0.005441
2 2 0.000007 0.002100 0.915326 0.081490 0.001076
2 2 0.000001 0.002179 0.938867 0.056308 0.002644
2 2 0.000009 0.002779 0.981791 0.013775 0.001646
2 2 0.000001 0.002795 0.963636 0.029547 0.004021
2 2 0.000001 0.002787 0.957569 0.031757 0.007886
2 2 0.000001 0.002288 0.968226 0.025407 0.004078
2 2 0.000001 0.001920 0.972502 0.023265 0.002311
2 2 0.000002 0.002620 0.977093 0.017767 0.002518
2 2 0.000002 0.002883 0.984359 0.007355 0.005401
2 2 0.000084 0.002429 0.867589 0.129604 0.000294
2 2 0.000128 0.002791 0.898157 0.098607 0.000317
2 2 0.000045 0.001919 0.861782 0.136021 0.000233
2 2 0.000044 0.002094 0.817104 0.180490 0.000268
2 2 0.000085 0.002805 0.804856 0.191808 0.000446
2 2 0.000011 0.001238 0.829732 0.168707 0.000313
2 2 0.000030 0.002748 0.894781 0.101579 0.000862
2 2 0.000008 0.001796 0.774650 0.222838 0.000709
2 2 0.000019 0.002836 0.919123 0.076865 0.001157
2 2 0.000065 0.004013 0.899722 0.095414 0.000786
0 1 0.936303 0.041174 0.017988 0.000275 0.004261
0 1 0.803556 0.106736 0.085249 0.000215 0.004244
0 2 0.659192 0.201864 0.129647 0.000101 0.009196
0 2 0.684004 0.179218 0.127905 0.000177 0.008697
0 0 0.924578 0.050130 0.022232 0.000062 0.002997
0 0 0.988701 0.008341 0.002376 0.000030 0.000553
0 0 0.982349 0.014820 0.002197 0.000001 0.000633
0 0 0.990016 0.008236 0.001381 0.000002 0.000365
0 0 0.953169 0.039141 0.005710 0.000001 0.001978
0 0 0.923614 0.058524 0.014929 0.000008 0.002925
0 0 0.862692 0.119959 0.012874 0.000000 0.004474
0 0 0.919928 0.065448 0.011763 0.000002 0.002860
0 0 0.901558 0.076994 0.018484 0.000004 0.002960
0 0 0.916273 0.073686 0.006974 0.000000 0.003066
0 0 0.966070 0.029248 0.003119 0.000001 0.001564
4 1 0.004986 0.163544 0.334049 0.000003 0.497417
4 1 0.002984 0.112129 0.321406 0.000006 0.563474
2 1 0.001972 0.086062 0.462445 0.000022 0.449499
4 2 0.002288 0.091200 0.451953 0.000024 0.454535
2 2 0.001173 0.067644 0.489366 0.000061 0.441755
4 2 0.030736 0.253559 0.284894 0.000080 0.430732
4 2 0.020607 0.286337 0.308126 0.000009 0.384921
4 2 0.037265 0.297338 0.262355 0.000040 0.403001
4 1 0.027853 0.203728 0.325908 0.000394 0.442117
4 1 0.042664 0.332747 0.254711 0.000026 0.369852
2 1 0.001582 0.086442 0.783350 0.000019 0.128607
2 1 0.000250 0.033137 0.890422 0.000486 0.075706
2 1 0.000053 0.016540 0.934580 0.006451 0.042377
2 2 0.000012 0.009689 0.916869 0.037432 0.035998
2 2 0.000012 0.008237 0.940656 0.013840 0.037254
2 2 0.000002 0.002950 0.988714 0.003444 0.004890
2 2 0.000002 0.002938 0.988033 0.004111 0.004916
2 2 0.000001 0.002265 0.943771 0.045331 0.008633
2 2 0.000001 0.002917 0.976350 0.014811 0.005920
2 2 0.000001 0.002398 0.988041 0.005091 0.004469
2 2 0.000002 0.003270 0.983181 0.006178 0.007369
2 2 0.000004 0.003699 0.988613 0.001687 0.005996
2 2 0.000000 0.001742 0.977427 0.015754 0.005076
2 2 0.000000 0.001710 0.934758 0.055846 0.007685
2 2 0.000001 0.002140 0.989459 0.005421 0.002980
2 2 0.000025 0.012303 0.909934 0.019259 0.058479
2 2 0.000021 0.015988 0.808551 0.067302 0.108138
2 2 0.000059 0.024190 0.822395 0.003794 0.149562
2 2 0.000070 0.024712 0.808507 0.003061 0.163650
2 2 0.000088 0.023649 0.853284 0.001632 0.121346
2 2 0.000288 0.040384 0.687282 0.012011 0.260036
4 2 0.000757 0.054754 0.457732 0.000284 0.486473
4 2 0.002230 0.084694 0.401550 0.000107 0.511419
4 2 0.001821 0.074669 0.376391 0.000130 0.546988
4 2 0.001254 0.066489 0.404270 0.000285 0.527703
