0 0 0.948712 0.022050 0.020326 0.002815 0.006097
0 0 0.986584 0.007668 0.004909 0.000047 0.000791
0 0 0.980286 0.011260 0.007091 0.000067 0.001295
0 0 0.984760 0.009157 0.005094 0.000034 0.000955
0 0 0.988075 0.007481 0.003906 0.000009 0.000529
0 0 0.986909 0.007621 0.004634 0.000041 0.000795
0 0 0.987896 0.007494 0.003954 0.000016 0.000641
0 0 0.988515 0.006874 0.003957 0.000024 0.000630
0 0 0.991464 0.005441 0.002696 0.000007 0.000392
0 0 0.984158 0.010672 0.004378 0.000006 0.000787
0 0 0.982634 0.010656 0.005936 0.000012 0.000761
0 0 0.993859 0.004053 0.001899 0.000002 0.000187
0 0 0.992252 0.004779 0.002662 0.000007 0.000300
0 0 0.989461 0.006922 0.003172 0.000004 0.000441
0 0 0.991400 0.005698 0.002535 0.000004 0.000363
0 0 0.989380 0.007018 0.003226 0.000003 0.000373
0 0 0.989551 0.006401 0.003678 0.000006 0.000363
0 0 0.983994 0.009463 0.005672 0.000027 0.000844
0 0 0.987471 0.008425 0.003615 0.000003 0.000487
0 0 0.989249 0.006469 0.003798 0.000013 0.000470
0 0 0.987246 0.007649 0.004431 0.000021 0.000654
0 0 0.977445 0.014217 0.007114 0.000016 0.001208
0 0 0.985912 0.009078 0.004546 0.000003 0.000460
0 0 0.988444 0.007160 0.003889 0.000009 0.000498
0 0 0.926606 0.051101 0.017572 0.000010 0.004712
4 0 0.091032 0.276841 0.118722 0.000028 0.513376
4 1 0.010156 0.212208 0.224600 0.000015 0.553021
4 1 0.005656 0.180031 0.257103 0.000010 0.557202
4 1 0.001659 0.091220 0.298610 0.000103 0.608409
4 2 0.002663 0.110449 0.236103 0.000053 0.650732
4 2 0.000391 0.061560 0.273501 0.000013 0.664535
4 2 0.000336 0.055709 0.217606 0.000013 0.726336
2 2 0.000251 0.055239 0.481356 0.000013 0.463142
4 1 0.003294 0.135815 0.128084 0.000005 0.732802
4 2 0.000306 0.056495 0.391008 0.000032 0.552159
2 2 0.000233 0.045845 0.807870 0.000026 0.146025
2 2 0.000177 0.038725 0.836958 0.000109 0.124030
2 2 0.000398 0.050078 0.831132 0.000172 0.118221
2 2 0.000146 0.030586 0.891060 0.000119 0.078089
2 2 0.000234 0.034099 0.904380 0.000187 0.061100
2 2 0.022919 0.211872 0.655642 0.000225 0.109342
2 2 0.000210 0.027972 0.935980 0.000295 0.035542
2 2 0.000511 0.029412 0.951996 0.001730 0.016352
2 2 0.000028 0.007575 0.987074 0.000342 0.004980
2 2 0.000256 0.018645 0.970680 0.000564 0.009855
2 2 0.000088 0.005138 0.986145 0.008014 0.000615
2 2 0.000005 0.001286 0.988414 0.010159 0.000137
2 2 0.000075 0.004755 0.984986 0.009414 0.000769
2 2 0.000061 0.004338 0.973749 0.020848 0.001003
2 2 0.000025 0.002615 0.979331 0.017515 0.000514
2 2 0.000200 0.006599 0.967913 0.023732 0.001555
2 2 0.000026 0.002868 0.987239 0.009408 0.000459
2 2 0.000444 0.010120 0.967210 0.020912 0.001315
2 2 0.000319 0.006937 0.943383 0.047537 0.001824
2 2 0.000156 0.004559 0.980344 0.014646 0.000295
2 2 0.000195 0.005080 0.855869 0.138091 0.000765
2 2 0.000068 0.002644 0.940079 0.057135 0.000073
2 2 0.000281 0.004739 0.733597 0.260641 0.000742
2 2 0.000194 0.004001 0.870470 0.125128 0.000207
2 2 0.000108 0.002519 0.808154 0.189096 0.000123
2 2 0.000027 0.000939 0.588732 0.410263 0.000038
2 2 0.000132 0.002958 0.682435 0.314248 0.000226
2 2 0.000051 0.001814 0.606214 0.391800 0.000121
3 3 0.000034 0.001100 0.491022 0.507790 0.000055
2 3 0.000068 0.002090 0.508588 0.489045 0.000210
2 3 0.000008 0.001027 0.895004 0.103865 0.000096
2 3 0.000105 0.003487 0.648131 0.347866 0.000410
2 3 0.000036 0.001918 0.622944 0.374887 0.000214
2 3 0.000024 0.001613 0.505726 0.492454 0.000183
3 3 0.000016 0.001296 0.465748 0.532729 0.000210
3 3 0.000030 0.000775 0.207298 0.791855 0.000042
3 3 0.000007 0.000428 0.233966 0.765575 0.000025
3 3 0.000018 0.000526 0.188976 0.810431 0.000049
3 3 0.000010 0.000447 0.183265 0.816230 0.000047
3 3 0.000015 0.000465 0.176539 0.822955 0.000026
3 3 0.000017 0.000347 0.087612 0.911981 0.000043
3 3 0.000014 0.000373 0.100920 0.898658 0.000035
3 3 0.000009 0.000247 0.109504 0.890231 0.000010
3 3 0.000015 0.000348 0.112873 0.886736 0.000028
3 3 0.000007 0.000157 0.075087 0.924744 0.000005
3 3 0.000036 0.000386 0.064880 0.934666 0.000032
3 3 0.000021 0.000271 0.050939 0.948723 0.000046
3 3 0.000007 0.000173 0.070967 0.928841 0.000012
3 3 0.000015 0.000266 0.067668 0.932028 0.000023
3 3 0.000055 0.000530 0.107272 0.892117 0.000025
3 3 0.001181 0.011599 0.396053 0.587532 0.003636
3 3 0.000297 0.005381 0.455978 0.536795 0.001549
2 2 0.015252 0.057192 0.690625 0.211345 0.025586
2 2 0.000804 0.012600 0.660742 0.316440 0.009414
2 2 0.008066 0.039711 0.893522 0.048659 0.010041
2 2 0.004055 0.059131 0.878421 0.012427 0.045966
2 2 0.001925 0.028769 0.730383 0.192302 0.046621
2 2 0.006128 0.061312 0.861092 0.018344 0.053124
2 2 0.000692 0.017887 0.829352 0.128768 0.023302
0 0 0.819951 0.105420 0.055647 0.000244 0.018737
0 0 0.402886 0.320978 0.099636 0.000060 0.176440
1 0 0.225268 0.382478 0.135296 0.000145 0.256812
0 0 0.511111 0.244612 0.061386 0.000047 0.182844
4 1 0.273718 0.228517 0.194345 0.000870 0.302550
2 1 0.006474 0.107669 0.496886 0.002718 0.386253
2 2 0.000172 0.035152 0.831471 0.000377 0.132828
2 2 0.000702 0.061158 0.827631 0.000212 0.110297
2 2 0.001092 0.098673 0.589916 0.000072 0.310248
2 2 0.001194 0.065672 0.781878 0.000942 0.150314
2 2 0.000567 0.048626 0.807957 0.000524 0.142327
2 2 0.000655 0.059610 0.856323 0.000471 0.082941
2 2 0.001132 0.048033 0.860595 0.002859 0.087382
2 2 0.000460 0.032458 0.912427 0.000829 0.053826
2 2 0.000811 0.055862 0.811094 0.000656 0.131576
2 1 0.053091 0.258767 0.424750 0.000187 0.263205
0 1 0.384704 0.245608 0.217546 0.000359 0.151783
1 1 0.200419 0.289608 0.245875 0.000352 0.263746
2 2 0.009086 0.111408 0.733378 0.002579 0.143549
0 1 0.519276 0.278941 0.125768 0.000038 0.075977
2 2 0.007668 0.096225 0.606556 0.015975 0.273576
2 2 0.000269 0.015538 0.940195 0.020533 0.023465
2 2 0.000393 0.027981 0.937268 0.000581 0.033777
2 2 0.000089 0.010480 0.977637 0.002329 0.009465
2 2 0.000205 0.025222 0.925069 0.001483 0.048021
2 2 0.000158 0.015121 0.967419 0.002056 0.015246
2 2 0.000028 0.005797 0.987749 0.002683 0.003743
2 2 0.000166 0.013260 0.980013 0.001534 0.005027
2 2 0.000050 0.007441 0.986396 0.002529 0.003585
2 2 0.000025 0.003583 0.986468 0.009385 0.000539
2 2 0.000032 0.006421 0.987353 0.002224 0.003969
2 2 0.001260 0.032995 0.927438 0.005369 0.032938
2 2 0.000379 0.017590 0.963355 0.004186 0.014490
2 1 0.066832 0.168991 0.663435 0.001407 0.099335
2 1 0.008198 0.107243 0.826568 0.001128 0.056864
2 2 0.002832 0.081578 0.860206 0.000523 0.054861
2 2 0.002081 0.048090 0.879555 0.003802 0.066473
2 2 0.027905 0.217244 0.629065 0.000253 0.125532
2 2 0.004467 0.105779 0.794450 0.000365 0.094940
2 2 0.000706 0.038170 0.910199 0.001447 0.049479
2 2 0.000992 0.037324 0.912114 0.004508 0.045062
2 2 0.059218 0.229788 0.398655 0.000371 0.311969
2 2 0.007837 0.135934 0.454890 0.000385 0.400954
2 2 0.007852 0.140196 0.574922 0.000748 0.276282
2 2 0.030558 0.227269 0.484321 0.000410 0.257442
2 2 0.002457 0.064564 0.764371 0.003706 0.164902
2 2 0.000215 0.014644 0.977883 0.001372 0.005886
2 2 0.000255 0.013234 0.972464 0.007695 0.006351
2 2 0.000007 0.002345 0.995095 0.002107 0.000446
2 2 0.000188 0.013011 0.970514 0.010910 0.005377
2 2 0.000002 0.001525 0.997249 0.000859 0.000365
2 2 0.000086 0.006257 0.977455 0.014717 0.001484
2 2 0.000026 0.003492 0.972030 0.023732 0.000720
2 2 0.000043 0.004873 0.980546 0.012595 0.001943
2 2 0.000018 0.002385 0.990987 0.006240 0.000370
2 2 0.000005 0.001738 0.986101 0.011740 0.000415
2 2 0.000025 0.001702 0.873821 0.124349 0.000103
2 2 0.000011 0.001626 0.951735 0.046387 0.000240
2 2 0.000007 0.001839 0.961770 0.035830 0.000554
2 2 0.000010 0.001412 0.948835 0.049624 0.000119
2 2 0.000059 0.002969 0.940163 0.056395 0.000413
2 2 0.000006 0.001503 0.931308 0.066659 0.000523
2 2 0.000014 0.001882 0.953018 0.044915 0.000170
2 2 0.000006 0.001155 0.958955 0.039791 0.000093
2 2 0.000005 0.001412 0.967607 0.030668 0.000307
2 2 0.000030 0.001978 0.690987 0.306609 0.000396
2 2 0.000015 0.001598 0.942678 0.055476 0.000233
2 2 0.000016 0.001587 0.686726 0.311388 0.000282
2 3 0.000005 0.000987 0.890728 0.108159 0.000121
2 3 0.000012 0.001225 0.680081 0.318534 0.000149
2 3 0.000012 0.001466 0.844608 0.153709 0.000205
3 3 0.000013 0.000756 0.463194 0.535974 0.000063
2 3 0.000033 0.001449 0.589696 0.408683 0.000138
3 3 0.000018 0.000946 0.363437 0.635491 0.000108
3 3 0.000011 0.000590 0.325620 0.673743 0.000036
3 3 0.000006 0.000601 0.278148 0.721186 0.000060
3 3 0.000025 0.000831 0.249777 0.749305 0.000063
3 3 0.000029 0.000813 0.264622 0.734466 0.000071
3 3 0.000014 0.000459 0.162101 0.837381 0.000046
3 3 0.000035 0.000897 0.162950 0.835991 0.000128
3 3 0.000012 0.000555 0.182329 0.817016 0.000087
3 3 0.000018 0.000229 0.057768 0.941976 0.000010
3 3 0.000007 0.000175 0.065029 0.934769 0.000020
3 3 0.000009 0.000179 0.071846 0.927957 0.000008
3 3 0.000047 0.000432 0.074844 0.924646 0.000031
3 3 0.000007 0.000197 0.064235 0.935543 0.000018
3 3 0.000065 0.000340 0.034879 0.964680 0.000036
3 3 0.000038 0.000272 0.024461 0.975182 0.000047
3 3 0.000073 0.000269 0.017518 0.982095 0.000045
3 3 0.000042 0.000207 0.033185 0.966550 0.000016
3 3 0.000051 0.000289 0.048614 0.951028 0.000018
3 3 0.000082 0.000566 0.054580 0.944693 0.000079
3 3 0.000537 0.000921 0.029637 0.968737 0.000169
3 3 0.000718 0.001835 0.058990 0.937566 0.000891
3 3 0.000327 0.002372 0.144377 0.851962 0.000961
2 2 0.281778 0.068158 0.366728 0.261514 0.021822
2 2 0.002886 0.079239 0.748495 0.002760 0.166618
2 2 0.001114 0.039944 0.833067 0.023144 0.102731
2 2 0.000679 0.029040 0.868181 0.029592 0.072508
2 2 0.000510 0.026036 0.891052 0.022029 0.060373
2 2 0.000794 0.035970 0.914032 0.004938 0.044266
2 2 0.000055 0.005276 0.967624 0.025095 0.001951
2 2 0.000015 0.003212 0.989437 0.005906 0.001431
2 2 0.000037 0.005722 0.989458 0.002468 0.002315
2 2 0.000024 0.003935 0.970561 0.023548 0.001933
2 2 0.000005 0.001530 0.981707 0.016252 0.000507
2 2 0.000005 0.001145 0.985126 0.013543 0.000182
2 2 0.000087 0.006465 0.903215 0.088153 0.002080
2 2 0.000179 0.007385 0.892760 0.098040 0.001637
2 2 0.000002 0.000873 0.982520 0.016441 0.000164
2 2 0.000004 0.001410 0.980211 0.017945 0.000431
2 2 0.000032 0.003597 0.946670 0.048746 0.000955
2 2 0.000036 0.003345 0.855600 0.140224 0.000795
2 2 0.000009 0.001726 0.963798 0.034017 0.000450
2 2 0.000008 0.001749 0.955662 0.042257 0.000323
2 3 0.000028 0.003353 0.945961 0.049939 0.000720
2 3 0.000011 0.001653 0.874421 0.123686 0.000229
2 3 0.000018 0.001880 0.719742 0.277931 0.000428
2 3 0.000015 0.001383 0.713536 0.284936 0.000130
2 3 0.000010 0.001400 0.742791 0.255458 0.000340
2 3 0.000020 0.001859 0.742266 0.255640 0.000216
3 3 0.000006 0.000568 0.313622 0.685739 0.000064
3 3 0.000012 0.000717 0.335806 0.663371 0.000093
3 3 0.000006 0.000589 0.450279 0.549074 0.000051
3 3 0.000008 0.000627 0.240431 0.758786 0.000147
3 3 0.000012 0.000696 0.278934 0.720272 0.000085
3 3 0.000029 0.001075 0.342471 0.656213 0.000212
3 3 0.000073 0.002088 0.342212 0.655251 0.000376
3 3 0.000019 0.001064 0.353607 0.645189 0.000121
3 3 0.000026 0.000908 0.305516 0.693417 0.000133
3 3 0.000033 0.001248 0.256593 0.741872 0.000254
3 3 0.000063 0.000537 0.075535 0.923826 0.000038
3 3 0.000018 0.000291 0.057074 0.942583 0.000034
3 3 0.000017 0.000348 0.095693 0.903911 0.000031
3 3 0.000215 0.000618 0.041805 0.957299 0.000063
3 3 0.013388 0.010282 0.223407 0.751797 0.001127
3 2 0.000238 0.004632 0.495860 0.497507 0.001763
3 2 0.000082 0.003007 0.477517 0.518484 0.000911
2 2 0.000091 0.004162 0.832635 0.162089 0.001023
2 2 0.000043 0.002297 0.734973 0.262283 0.000404
2 2 0.000097 0.003511 0.617114 0.378766 0.000514
2 2 0.000011 0.001511 0.926332 0.071905 0.000240
2 2 0.000003 0.000911 0.967160 0.031801 0.000125
2 2 0.000233 0.010177 0.879121 0.106546 0.003922
2 2 0.000016 0.001517 0.889142 0.109159 0.000166
2 2 0.000003 0.000880 0.912544 0.086437 0.000136
2 2 0.000015 0.001459 0.904239 0.094157 0.000130
2 2 0.000015 0.001904 0.922016 0.075806 0.000260
2 2 0.000004 0.000863 0.871299 0.127742 0.000092
2 2 0.000005 0.000997 0.903755 0.095113 0.000130
2 2 0.000027 0.002223 0.769837 0.227696 0.000216
2 2 0.000008 0.001255 0.949714 0.048916 0.000106
2 2 0.000057 0.003992 0.827824 0.167559 0.000568
2 2 0.000005 0.000935 0.889541 0.109463 0.000055
2 2 0.000020 0.002598 0.924535 0.072429 0.000418
2 2 0.000039 0.003372 0.932590 0.063641 0.000358
2 2 0.000709 0.010485 0.899167 0.087241 0.002398
2 2 0.000358 0.013387 0.941033 0.040320 0.004903
2 2 0.000149 0.008042 0.980950 0.008202 0.002657
2 2 0.000772 0.031170 0.880395 0.017070 0.070594
2 2 0.000968 0.035269 0.930995 0.002307 0.030460
4 2 0.000816 0.044546 0.043212 0.000008 0.911417
4 2 0.006357 0.099578 0.098624 0.000055 0.795386
4 2 0.000409 0.045686 0.090281 0.000011 0.863612
4 2 0.001039 0.041664 0.039983 0.000010 0.917304
4 4 0.000307 0.033781 0.074312 0.000020 0.891579
4 4 0.000062 0.023064 0.152668 0.000027 0.824179
4 4 0.000130 0.022849 0.135303 0.000083 0.841635
4 4 0.000086 0.026364 0.130566 0.000032 0.842952
4 4 0.000184 0.041672 0.193769 0.000016 0.764359
4 4 0.000495 0.046076 0.100427 0.000018 0.852984
4 2 0.001051 0.082625 0.223224 0.000023 0.693077
2 2 0.000185 0.025617 0.894276 0.002011 0.077911
4 2 0.000683 0.074794 0.275575 0.000044 0.648904
4 2 0.000088 0.032188 0.376983 0.000152 0.590589
4 2 0.000108 0.031888 0.405238 0.000496 0.562271
4 4 0.000035 0.017633 0.093410 0.000009 0.888913
4 4 0.000078 0.027638 0.091721 0.000004 0.880559
4 4 0.000053 0.019670 0.137368 0.000040 0.842869
4 4 0.000209 0.040928 0.080512 0.000003 0.878348
4 4 0.000249 0.045459 0.099104 0.000004 0.855185
2 2 0.003722 0.102379 0.798787 0.000476 0.094636
2 2 0.001968 0.055699 0.848233 0.007125 0.086976
2 2 0.000199 0.016216 0.954512 0.004399 0.024675
2 2 0.000222 0.019518 0.960296 0.001576 0.018388
2 2 0.004668 0.069726 0.874979 0.001893 0.048734
2 2 0.000011 0.003283 0.994570 0.001426 0.000710
2 2 0.000008 0.002148 0.995244 0.002204 0.000396
2 2 0.000028 0.003656 0.993103 0.002508 0.000705
2 2 0.000006 0.002421 0.995961 0.000999 0.000614
2 2 0.000015 0.003211 0.994690 0.001308 0.000776
2 2 0.000116 0.006630 0.982594 0.009244 0.001415
2 2 0.000024 0.004119 0.988167 0.006408 0.001283
2 2 0.000009 0.002927 0.994035 0.002043 0.000985
2 2 0.000011 0.002108 0.987117 0.010500 0.000264
2 2 0.000004 0.002153 0.994731 0.002355 0.000757
2 2 0.000005 0.001292 0.976389 0.022162 0.000153
2 2 0.000003 0.000984 0.956979 0.041889 0.000144
2 2 0.000020 0.001947 0.956682 0.041083 0.000268
2 2 0.000010 0.001339 0.852767 0.145678 0.000206
2 2 0.000004 0.000824 0.980261 0.018854 0.000058
2 2 0.000018 0.001722 0.879104 0.118669 0.000486
2 2 0.000009 0.001603 0.958142 0.040032 0.000214
2 2 0.000061 0.004021 0.874722 0.120519 0.000676
2 2 0.000013 0.001652 0.946715 0.051383 0.000237
2 2 0.000203 0.006209 0.660733 0.332154 0.000700
2 2 0.000023 0.002713 0.931488 0.064979 0.000798
2 2 0.000006 0.001153 0.943005 0.055689 0.000146
2 2 0.000004 0.001187 0.975587 0.023033 0.000188
2 2 0.000003 0.000877 0.985297 0.013762 0.000061
2 2 0.000034 0.002433 0.907768 0.089165 0.000600
2 2 0.000009 0.001528 0.869429 0.128787 0.000247
2 2 0.000011 0.001228 0.862870 0.135740 0.000150
2 2 0.000018 0.001641 0.743695 0.254505 0.000141
2 2 0.000018 0.001844 0.897598 0.100346 0.000194
2 2 0.000024 0.001514 0.837493 0.160877 0.000092
3 2 0.000005 0.000656 0.487803 0.511462 0.000074
2 2 0.000009 0.000712 0.690025 0.309222 0.000032
3 3 0.000063 0.002206 0.488024 0.509505 0.000202
2 3 0.000010 0.000971 0.549170 0.449745 0.000104
3 3 0.000029 0.001318 0.495761 0.502806 0.000086
3 3 0.000088 0.000643 0.108329 0.890894 0.000046
3 3 0.000072 0.000629 0.093095 0.906152 0.000052
3 3 0.000067 0.000344 0.045909 0.953646 0.000034
3 3 0.000050 0.000479 0.054107 0.945274 0.000091
3 3 0.000028 0.000317 0.087333 0.912305 0.000017
3 3 0.000024 0.000237 0.042592 0.957118 0.000030
3 3 0.000029 0.000232 0.045233 0.954488 0.000019
3 3 0.000079 0.000511 0.046409 0.952938 0.000064
3 3 0.000031 0.000236 0.050189 0.949531 0.000014
3 3 0.000091 0.000418 0.042173 0.957277 0.000041
3 3 0.000040 0.000242 0.036530 0.963169 0.000019
3 3 0.000030 0.000101 0.008589 0.991267 0.000012
3 3 0.000015 0.000131 0.036032 0.963816 0.000007
3 3 0.000025 0.000159 0.025282 0.974521 0.000013
3 3 0.000018 0.000113 0.026020 0.973842 0.000007
3 3 0.000029 0.000264 0.038841 0.960833 0.000033
3 3 0.000061 0.000217 0.027049 0.972661 0.000013
3 3 0.000036 0.000126 0.010036 0.989787 0.000015
3 2 0.001801 0.002542 0.091729 0.903578 0.000350
3 2 0.000051 0.000594 0.132302 0.866982 0.000071
2 2 0.000014 0.002594 0.956656 0.040056 0.000680
2 2 0.000007 0.001576 0.929700 0.068304 0.000413
2 2 0.000008 0.001515 0.888722 0.109515 0.000240
2 2 0.000003 0.000991 0.939210 0.059593 0.000203
2 2 0.000007 0.001548 0.891564 0.106423 0.000457
3 2 0.000006 0.000694 0.437752 0.561365 0.000182
3 2 0.000013 0.000861 0.335656 0.663317 0.000153
3 3 0.000013 0.000796 0.347120 0.651958 0.000114
3 3 0.000006 0.000558 0.398852 0.600533 0.000051
3 3 0.000023 0.001416 0.464234 0.534146 0.000180
3 3 0.000013 0.000611 0.229221 0.770058 0.000097
3 3 0.000008 0.000327 0.166938 0.832709 0.000018
3 3 0.000019 0.000460 0.195647 0.803852 0.000022
3 3 0.000009 0.000429 0.092874 0.906597 0.000091
3 3 0.000007 0.000271 0.156235 0.843465 0.000021
2 3 0.000007 0.001075 0.639998 0.358741 0.000178
2 3 0.000019 0.001847 0.610858 0.386841 0.000436
2 3 0.000009 0.001364 0.793421 0.205059 0.000147
2 3 0.000036 0.001995 0.570812 0.426835 0.000322
2 3 0.000006 0.001071 0.643823 0.354922 0.000178
2 3 0.000027 0.001568 0.659072 0.339143 0.000191
3 3 0.000013 0.001086 0.489612 0.509127 0.000162
2 3 0.000008 0.000997 0.578393 0.420489 0.000112
3 3 0.000017 0.001171 0.405790 0.592771 0.000250
3 3 0.000008 0.000862 0.454775 0.544224 0.000131
3 3 0.000008 0.000336 0.130944 0.868675 0.000037
3 3 0.000011 0.000251 0.091899 0.907814 0.000025
3 3 0.000004 0.000149 0.072284 0.927549 0.000014
3 3 0.000004 0.000125 0.066968 0.932893 0.000010
3 3 0.000010 0.000311 0.132628 0.867028 0.000022
3 3 0.000032 0.000190 0.024421 0.975338 0.000020
3 3 0.000041 0.000270 0.050655 0.949015 0.000019
3 3 0.000022 0.000167 0.027310 0.972483 0.000018
3 3 0.000037 0.000178 0.021896 0.977875 0.000013
3 3 0.000051 0.000334 0.026219 0.973335 0.000060
3 3 0.000788 0.002240 0.131290 0.865477 0.000205
3 3 0.002709 0.003744 0.092569 0.900415 0.000563
3 3 0.000875 0.002169 0.066927 0.929632 0.000398
3 3 0.000949 0.003187 0.091555 0.903572 0.000737
3 3 0.003272 0.010807 0.263384 0.720611 0.001925
2 3 0.000232 0.009656 0.902718 0.086622 0.000773
2 3 0.000494 0.010339 0.875332 0.112207 0.001628
2 3 0.000240 0.008989 0.845760 0.143409 0.001601
2 3 0.000066 0.004845 0.932088 0.062426 0.000575
2 3 0.000006 0.001589 0.967227 0.030958 0.000220
2 3 0.000038 0.003588 0.943314 0.052426 0.000633
2 2 0.000052 0.005010 0.949080 0.044247 0.001611
2 2 0.000025 0.002615 0.882258 0.114659 0.000443
2 2 0.000018 0.002344 0.908212 0.089049 0.000376
2 2 0.000016 0.002516 0.927137 0.069916 0.000416
2 2 0.000031 0.002740 0.753645 0.242781 0.000804
2 2 0.000134 0.004816 0.715714 0.278234 0.001102
2 2 0.000028 0.002371 0.757548 0.239370 0.000684
2 2 0.000084 0.004600 0.742000 0.251789 0.001526
2 3 0.000050 0.003502 0.551893 0.442386 0.002169
2 3 0.000090 0.005177 0.852513 0.140923 0.001297
2 3 0.000049 0.002260 0.536389 0.460928 0.000374
3 3 0.000080 0.003054 0.467459 0.528454 0.000953
3 3 0.000110 0.003250 0.435819 0.559899 0.000923
3 3 0.000044 0.001895 0.444900 0.552809 0.000352
3 3 0.000017 0.000915 0.320616 0.678301 0.000153
3 3 0.000005 0.000388 0.266006 0.733566 0.000034
3 3 0.000022 0.000896 0.248764 0.750199 0.000120
3 3 0.000008 0.000539 0.243855 0.755547 0.000051
3 3 0.000013 0.000742 0.408637 0.590550 0.000058
2 2 0.002415 0.012467 0.553715 0.430195 0.001209
2 2 0.000058 0.002751 0.555726 0.440880 0.000585
2 2 0.000011 0.001631 0.928584 0.069575 0.000199
2 2 0.000013 0.001508 0.697758 0.300423 0.000298
2 2 0.000011 0.001074 0.812857 0.185970 0.000088
2 2 0.000031 0.002941 0.745486 0.251197 0.000345
2 3 0.000013 0.001569 0.769135 0.229151 0.000133
2 3 0.000006 0.000977 0.706067 0.292761 0.000188
2 3 0.000001 0.000382 0.865988 0.133605 0.000024
2 3 0.000002 0.000646 0.834685 0.164583 0.000083
3 3 0.000021 0.001504 0.472461 0.525685 0.000329
3 3 0.000006 0.000690 0.445327 0.553884 0.000093
3 3 0.000009 0.000761 0.380039 0.619051 0.000140
3 3 0.000018 0.001005 0.429193 0.569629 0.000154
3 3 0.000009 0.000791 0.447891 0.551202 0.000107
3 3 0.000014 0.001089 0.394953 0.603855 0.000090
3 3 0.000003 0.000547 0.487120 0.512273 0.000057
3 3 0.000002 0.000485 0.457880 0.541581 0.000051
3 3 0.000006 0.000634 0.449922 0.549328 0.000110
2 3 0.000004 0.000495 0.520821 0.478636 0.000044
3 3 0.000018 0.000809 0.202139 0.796867 0.000168
3 3 0.000030 0.001062 0.321599 0.677200 0.000109
3 3 0.000059 0.001783 0.334864 0.663044 0.000249
3 3 0.000011 0.000639 0.274896 0.724340 0.000114
3 3 0.000017 0.000908 0.369009 0.629932 0.000134
3 3 0.000015 0.000264 0.100271 0.899424 0.000026
3 3 0.000037 0.000529 0.095538 0.903851 0.000045
3 3 0.000012 0.000329 0.083861 0.915744 0.000054
3 3 0.000036 0.000462 0.106103 0.893361 0.000038
3 2 0.001904 0.002801 0.087980 0.906970 0.000345
2 2 0.177615 0.117217 0.631322 0.049258 0.024588
2 1 0.059558 0.105963 0.800958 0.014806 0.018715
2 2 0.000206 0.006381 0.761763 0.229018 0.002632
2 2 0.001737 0.012612 0.908964 0.075458 0.001230
2 2 0.000301 0.004430 0.713979 0.280642 0.000648
2 2 0.000710 0.012540 0.852553 0.129109 0.005088
2 2 0.000308 0.008001 0.803224 0.184859 0.003608
2 2 0.001456 0.023537 0.901995 0.051134 0.021878
2 2 0.001103 0.027363 0.887053 0.045169 0.039311
2 2 0.001596 0.037157 0.820372 0.041783 0.099092
4 2 0.000016 0.015786 0.169215 0.000006 0.814977
4 2 0.000014 0.014469 0.160167 0.000008 0.825342
4 2 0.000028 0.019047 0.178544 0.000012 0.802370
4 2 0.000026 0.019427 0.205004 0.000010 0.775533
4 4 0.000028 0.018288 0.123849 0.000008 0.857827
4 4 0.000028 0.016485 0.041672 0.000001 0.941814
4 4 0.000555 0.059167 0.059084 0.000002 0.881192
4 4 0.000087 0.023709 0.048011 0.000002 0.928190
4 4 0.000035 0.017784 0.087096 0.000008 0.895077
4 4 0.000046 0.022606 0.068313 0.000001 0.909034
4 4 0.000030 0.018853 0.096245 0.000004 0.884868
4 4 0.000016 0.014039 0.126058 0.000009 0.859878
4 4 0.000042 0.020967 0.076766 0.000002 0.902223
4 4 0.000168 0.032216 0.115811 0.000015 0.851789
4 4 0.000032 0.018249 0.103254 0.000008 0.878457
4 4 0.000131 0.036415 0.147398 0.000007 0.816048
4 4 0.000214 0.040027 0.174350 0.000024 0.785385
4 2 0.000283 0.051504 0.255528 0.000020 0.692666
4 2 0.000077 0.030805 0.332275 0.000099 0.636743
4 2 0.000127 0.035714 0.136029 0.000006 0.828124
4 2 0.000023 0.018045 0.147776 0.000006 0.834150
4 2 0.000054 0.025312 0.107536 0.000003 0.867095
4 2 0.000142 0.033062 0.097869 0.000010 0.868918
4 2 0.000045 0.025338 0.218841 0.000007 0.755768
4 2 0.000064 0.025172 0.141870 0.000015 0.832879
2 2 0.000356 0.042066 0.606693 0.001607 0.349278
2 2 0.001458 0.050167 0.670977 0.008282 0.269116
2 2 0.001915 0.089611 0.601549 0.000459 0.306466
2 2 0.000443 0.056150 0.683022 0.000166 0.260220
2 2 0.001313 0.072113 0.520228 0.000585 0.405761
4 2 0.000218 0.046564 0.158785 0.000006 0.794426
4 2 0.000499 0.053376 0.139974 0.000018 0.806133
4 2 0.000322 0.051356 0.229005 0.000029 0.719288
4 2 0.000210 0.046978 0.195453 0.000008 0.757352
4 2 0.000184 0.031553 0.265348 0.000219 0.702697
2 2 0.000085 0.033159 0.717003 0.000256 0.249498
2 2 0.000116 0.034430 0.591222 0.000290 0.373942
2 2 0.000224 0.044042 0.693909 0.000291 0.261536
2 2 0.000190 0.047612 0.648971 0.000089 0.303138
2 2 0.000142 0.018352 0.924751 0.003831 0.052923
2 2 0.000036 0.007070 0.988678 0.001108 0.003108
2 2 0.000342 0.026508 0.957123 0.000441 0.015585
2 2 0.000020 0.009724 0.977305 0.000090 0.012861
2 2 0.000048 0.009478 0.986208 0.000343 0.003923
2 2 0.000005 0.004068 0.992294 0.000467 0.003165
2 2 0.000005 0.001464 0.992354 0.005943 0.000234
2 2 0.000073 0.006417 0.987562 0.004428 0.001521
2 2 0.000009 0.002274 0.990916 0.006339 0.000462
2 2 0.000004 0.001549 0.994692 0.003538 0.000216
2 2 0.000009 0.001889 0.988857 0.008951 0.000295
2 2 0.000009 0.001857 0.988239 0.009643 0.000252
2 2 0.000020 0.004017 0.993717 0.001189 0.001057
2 2 0.000006 0.002274 0.987615 0.009061 0.001043
2 2 0.000030 0.003767 0.989192 0.006266 0.000746
2 2 0.000015 0.002605 0.971743 0.024777 0.000861
2 2 0.000011 0.001554 0.956976 0.041241 0.000217
2 2 0.000006 0.001569 0.994012 0.004198 0.000214
2 2 0.000017 0.001844 0.960078 0.037840 0.000221
2 2 0.000015 0.001931 0.972721 0.025005 0.000328
2 2 0.000005 0.001021 0.969781 0.029103 0.000091
2 2 0.000024 0.002905 0.977718 0.018445 0.000909
2 2 0.000012 0.002581 0.968975 0.027635 0.000797
2 2 0.000092 0.007121 0.984592 0.007093 0.001101
2 2 0.000102 0.005923 0.981476 0.011293 0.001207
2 2 0.000006 0.001364 0.984545 0.013928 0.000157
2 2 0.000008 0.002295 0.984126 0.012793 0.000778
2 2 0.000033 0.002707 0.935874 0.060896 0.000490
2 2 0.000018 0.001613 0.959655 0.038573 0.000140
2 2 0.000039 0.004072 0.919283 0.074721 0.001885
2 2 0.000001 0.000689 0.986405 0.012841 0.000064
2 2 0.002224 0.014459 0.877359 0.104233 0.001725
2 2 0.000085 0.004745 0.901105 0.093440 0.000626
2 2 0.000390 0.008361 0.896431 0.093977 0.000841
2 2 0.000011 0.001368 0.877097 0.121309 0.000214
2 2 0.000005 0.000659 0.961540 0.037777 0.000019
2 2 0.000003 0.001049 0.982878 0.015928 0.000142
2 2 0.000024 0.003870 0.968018 0.026398 0.001690
2 2 0.000007 0.002412 0.979831 0.016662 0.001089
2 2 0.000012 0.001976 0.953188 0.044512 0.000312
2 2 0.000004 0.001453 0.982482 0.015787 0.000273
2 2 0.000002 0.000443 0.891145 0.108392 0.000018
2 2 0.000023 0.001608 0.861658 0.136587 0.000124
2 2 0.000013 0.001696 0.904259 0.093736 0.000296
2 2 0.000004 0.000775 0.920173 0.078983 0.000064
2 2 0.000010 0.001247 0.944181 0.054450 0.000112
2 2 0.000026 0.001049 0.632396 0.366497 0.000031
2 2 0.000008 0.000569 0.587039 0.412365 0.000018
2 2 0.000025 0.000963 0.635072 0.363899 0.000042
3 2 0.000005 0.000546 0.474442 0.524982 0.000024
3 2 0.000013 0.000778 0.383707 0.615439 0.000064
3 3 0.000006 0.000529 0.377567 0.621883 0.000015
2 3 0.000006 0.000721 0.560235 0.438950 0.000088
3 3 0.000024 0.000761 0.442428 0.556763 0.000025
2 3 0.000004 0.000465 0.722561 0.276962 0.000009
3 3 0.000025 0.000823 0.496460 0.502651 0.000041
3 3 0.000042 0.001290 0.324993 0.673561 0.000114
3 3 0.000005 0.000387 0.343178 0.656409 0.000021
3 3 0.000013 0.000589 0.279371 0.719995 0.000032
3 3 0.000015 0.000701 0.220379 0.778840 0.000065
3 3 0.000022 0.000546 0.190581 0.808792 0.000059
3 3 0.000076 0.000639 0.122923 0.876315 0.000046
3 3 0.000028 0.000364 0.085488 0.914090 0.000030
3 3 0.000020 0.000318 0.117816 0.881836 0.000009
3 3 0.000007 0.000187 0.071182 0.928611 0.000013
3 3 0.000010 0.000205 0.081829 0.917942 0.000013
3 3 0.000053 0.000317 0.048855 0.950754 0.000020
3 3 0.000010 0.000148 0.047696 0.952131 0.000015
3 3 0.000008 0.000121 0.040950 0.958912 0.000009
3 3 0.000010 0.000117 0.049133 0.950732 0.000007
3 3 0.000023 0.000221 0.054136 0.945607 0.000013
3 3 0.000028 0.000211 0.037492 0.962249 0.000021
3 3 0.000047 0.000223 0.030586 0.969121 0.000022
3 3 0.000051 0.000202 0.017551 0.982172 0.000023
3 3 0.000041 0.000176 0.027358 0.972416 0.000009
3 3 0.000037 0.000102 0.008599 0.991251 0.000012
3 3 0.000027 0.000230 0.049812 0.949906 0.000026
3 3 0.000154 0.000440 0.042435 0.956943 0.000028
3 3 0.003375 0.005085 0.140351 0.850048 0.001141
3 2 0.000787 0.004113 0.302085 0.692207 0.000808
3 2 0.000581 0.004768 0.400115 0.593791 0.000745
2 2 0.000072 0.005138 0.972727 0.020449 0.001614
2 2 0.000045 0.004655 0.946779 0.047351 0.001171
2 2 0.000194 0.008146 0.951662 0.038013 0.001984
2 2 0.000021 0.002897 0.976696 0.019775 0.000611
2 2 0.000015 0.002946 0.984460 0.011942 0.000638
2 2 0.000014 0.004082 0.988781 0.005016 0.002107
2 2 0.000023 0.004189 0.961227 0.032994 0.001567
2 2 0.000018 0.002800 0.967646 0.028760 0.000776
2 2 0.000010 0.002534 0.986100 0.010575 0.000781
2 2 0.000017 0.003203 0.949899 0.045733 0.001149
2 2 0.000023 0.003220 0.971644 0.024133 0.000980
2 2 0.000002 0.001069 0.976330 0.022330 0.000268
2 2 0.000048 0.005107 0.964378 0.028464 0.002004
2 2 0.000005 0.001346 0.960567 0.037780 0.000304
2 2 0.000013 0.002506 0.969914 0.026946 0.000622
2 2 0.000023 0.001595 0.785316 0.212899 0.000168
2 2 0.000013 0.001381 0.707145 0.291270 0.000191
2 2 0.000008 0.000907 0.704410 0.294570 0.000104
2 2 0.000032 0.001672 0.779990 0.218096 0.000209
2 2 0.000004 0.000751 0.658503 0.340666 0.000075
3 2 0.000095 0.001879 0.408783 0.589043 0.000199
3 2 0.000117 0.002759 0.490045 0.506689 0.000390
3 2 0.000083 0.002142 0.305205 0.692122 0.000449
2 1 0.024368 0.034167 0.746983 0.189734 0.004748
0 1 0.742967 0.101931 0.138774 0.002539 0.013789
2 1 0.000477 0.012813 0.819782 0.153851 0.013077
2 2 0.004906 0.043157 0.932102 0.011141 0.008695
2 2 0.000029 0.002494 0.953656 0.043066 0.000754
2 2 0.000702 0.015603 0.957595 0.021027 0.005072
2 2 0.001151 0.015467 0.957557 0.021809 0.004017
2 2 0.000010 0.001423 0.988360 0.010136 0.000072
2 2 0.000061 0.004194 0.974657 0.020278 0.000811
2 2 0.000028 0.002881 0.975797 0.020919 0.000374
2 2 0.000029 0.003158 0.974295 0.021783 0.000735
2 2 0.000004 0.000936 0.973768 0.025222 0.000070
2 2 0.000003 0.001472 0.993077 0.005120 0.000328
2 2 0.000003 0.001269 0.992858 0.005685 0.000186
2 2 0.000005 0.002194 0.991410 0.005556 0.000835
2 2 0.000003 0.001238 0.967830 0.030602 0.000326
2 2 0.000003 0.001604 0.986087 0.011786 0.000520
2 2 0.000003 0.000959 0.979304 0.019602 0.000133
2 2 0.000011 0.001854 0.944745 0.052907 0.000484
2 2 0.000009 0.002332 0.963819 0.032784 0.001056
2 2 0.000005 0.001640 0.973857 0.024015 0.000483
2 2 0.000018 0.001732 0.927791 0.070287 0.000172
2 2 0.000045 0.003934 0.901149 0.093504 0.001367
2 2 0.000113 0.003672 0.874719 0.121022 0.000474
2 2 0.001625 0.017683 0.926834 0.049045 0.004812
2 2 0.001331 0.016959 0.940076 0.037647 0.003987
0 0 0.765122 0.124832 0.091690 0.000364 0.017991
2 1 0.034418 0.217765 0.681176 0.000261 0.066380
2 2 0.003363 0.039207 0.911798 0.030489 0.015143
2 2 0.001737 0.035689 0.922575 0.015526 0.024473
2 2 0.000765 0.019021 0.938075 0.032902 0.009237
2 2 0.002695 0.031891 0.942785 0.011441 0.011188
2 2 0.001328 0.033380 0.952894 0.001232 0.011166
2 2 0.000783 0.016732 0.955169 0.020860 0.006456
2 2 0.000830 0.011250 0.980639 0.005309 0.001973
2 2 0.004129 0.050750 0.926205 0.002142 0.016773
2 2 0.000203 0.009570 0.966103 0.018986 0.005137
2 2 0.001422 0.008797 0.829875 0.158902 0.001004
2 2 0.000081 0.002270 0.671659 0.325663 0.000327
2 2 0.000404 0.005916 0.894919 0.098102 0.000659
0 2 0.711060 0.101225 0.167393 0.000682 0.019641
0 0 0.887246 0.063968 0.040894 0.000134 0.007758
0 0 0.769358 0.079977 0.037139 0.000696 0.112829
0 0 0.791369 0.104522 0.042532 0.000262 0.061315
0 1 0.603849 0.197669 0.090938 0.000261 0.107283
0 1 0.884241 0.062447 0.024669 0.000085 0.028559
0 1 0.571490 0.201209 0.087678 0.000267 0.139356
0 0 0.980706 0.011693 0.005125 0.000111 0.002365
0 0 0.939521 0.032637 0.020452 0.000177 0.007213
0 1 0.758874 0.112489 0.082971 0.000595 0.045072
0 1 0.732295 0.134895 0.089917 0.000202 0.042691
0 0 0.973826 0.015323 0.008075 0.000134 0.002642
0 0 0.738157 0.115963 0.069296 0.000543 0.076042
0 0 0.795315 0.098333 0.044054 0.000637 0.061661
4 1 0.279039 0.244523 0.186825 0.000540 0.289074
2 1 0.032195 0.151141 0.544097 0.011108 0.261459
2 1 0.074553 0.174481 0.584406 0.010758 0.155803
4 2 0.000106 0.037843 0.258883 0.000006 0.703162
2 2 0.000027 0.021123 0.651142 0.000137 0.327570
4 2 0.000075 0.028411 0.116760 0.000005 0.854749
4 2 0.000029 0.018146 0.122462 0.000009 0.859354
4 2 0.000034 0.019439 0.192587 0.000039 0.787902
4 2 0.000081 0.022965 0.042016 0.000002 0.934937
4 2 0.000037 0.020349 0.096977 0.000004 0.882633
4 4 0.000033 0.017464 0.039589 0.000001 0.942913
4 4 0.000054 0.021365 0.063129 0.000004 0.915448
4 4 0.000043 0.020170 0.055293 0.000002 0.924493
4 4 0.000049 0.022112 0.113095 0.000009 0.864735
4 4 0.000018 0.015828 0.129642 0.000006 0.854506
4 4 0.000034 0.018839 0.111635 0.000010 0.869483
4 4 0.000053 0.023810 0.067415 0.000001 0.908721
4 4 0.000037 0.020141 0.121774 0.000009 0.858039
4 4 0.000109 0.021472 0.034639 0.000001 0.943778
4 4 0.000142 0.031163 0.041473 0.000001 0.927221
4 4 0.000051 0.020764 0.052170 0.000002 0.927013
4 4 0.000243 0.025380 0.033362 0.000002 0.941012
4 4 0.000056 0.021240 0.040887 0.000001 0.937816
4 4 0.000024 0.016640 0.112043 0.000008 0.871285
4 4 0.000041 0.020862 0.078757 0.000003 0.900337
4 4 0.000078 0.025030 0.063350 0.000004 0.911538
4 4 0.000042 0.020802 0.138719 0.000016 0.840422
4 4 0.000052 0.025054 0.198415 0.000013 0.776465
4 4 0.000057 0.023722 0.053993 0.000001 0.922227
4 4 0.000040 0.018977 0.074022 0.000005 0.906956
4 4 0.000046 0.019994 0.058260 0.000003 0.921698
4 4 0.000093 0.025516 0.045464 0.000002 0.928925
4 4 0.000065 0.024303 0.058374 0.000002 0.917257
4 4 0.000016 0.018990 0.243577 0.000002 0.737415
4 4 0.000016 0.017770 0.242980 0.000004 0.739230
4 4 0.000036 0.024393 0.273001 0.000009 0.702561
4 4 0.000015 0.017149 0.242060 0.000004 0.740772
4 4 0.000020 0.019128 0.245759 0.000005 0.735088
4 4 0.000205 0.042775 0.087381 0.000002 0.869636
4 4 0.000048 0.025549 0.179274 0.000006 0.795123
4 4 0.000025 0.020122 0.187131 0.000004 0.792717
4 4 0.000031 0.020984 0.142323 0.000004 0.836657
4 4 0.000020 0.017802 0.173358 0.000005 0.808816
4 4 0.000020 0.020382 0.299598 0.000009 0.679991
4 4 0.000016 0.016268 0.193078 0.000006 0.790631
4 4 0.000026 0.020683 0.265620 0.000012 0.713659
4 4 0.000019 0.020588 0.289722 0.000005 0.689666
4 4 0.000019 0.017328 0.120248 0.000002 0.862403
4 4 0.000029 0.020315 0.148177 0.000004 0.831475
4 4 0.000022 0.017371 0.117710 0.000004 0.864893
4 4 0.000034 0.018691 0.087479 0.000005 0.893791
4 4 0.000022 0.019050 0.220337 0.000010 0.760581
4 4 0.000019 0.016142 0.184658 0.000019 0.799162
4 4 0.000026 0.018859 0.144004 0.000006 0.837106
4 4 0.000019 0.018062 0.165794 0.000003 0.816123
4 4 0.000025 0.019919 0.161951 0.000004 0.818101
4 4 0.000049 0.024536 0.108163 0.000003 0.867250
4 4 0.000040 0.022479 0.099327 0.000002 0.878152
4 4 0.000048 0.020490 0.064766 0.000004 0.914693
4 4 0.000034 0.019139 0.064788 0.000001 0.916039
4 4 0.000025 0.016002 0.066936 0.000003 0.917034
4 4 0.000058 0.022059 0.095915 0.000013 0.881955
4 4 0.000057 0.021613 0.084556 0.000007 0.893767
4 4 0.000137 0.042004 0.369257 0.000020 0.588582
4 4 0.000066 0.033036 0.309594 0.000009 0.657296
2 2 0.000061 0.030377 0.661915 0.000118 0.307529
2 2 0.000096 0.037643 0.569262 0.000088 0.392910
2 2 0.000049 0.026755 0.726271 0.000100 0.246825
2 2 0.000172 0.040411 0.799607 0.000198 0.159612
2 2 0.000128 0.030127 0.863808 0.000360 0.105577
2 2 0.000068 0.022218 0.900291 0.000252 0.077170
2 2 0.000069 0.027132 0.865392 0.000078 0.107329
2 2 0.000127 0.023259 0.908817 0.000711 0.067085
2 2 0.000034 0.019441 0.893177 0.000079 0.087269
2 2 0.000041 0.022194 0.881005 0.000044 0.096716
2 2 0.000027 0.016799 0.907288 0.000084 0.075802
2 2 0.000081 0.021936 0.907041 0.000307 0.070635
2 2 0.000024 0.011298 0.962254 0.000235 0.026190
2 2 0.000036 0.007908 0.987010 0.001394 0.003651
2 2 0.000589 0.020940 0.967104 0.002572 0.008796
2 2 0.000027 0.005245 0.988554 0.003116 0.003059
2 2 0.000015 0.005289 0.991152 0.000401 0.003144
2 2 0.000092 0.005514 0.984798 0.007785 0.001809
2 2 0.000008 0.004944 0.989597 0.000330 0.005122
2 2 0.000011 0.004098 0.992836 0.001452 0.001603
2 2 0.000005 0.003234 0.994741 0.000268 0.001752
2 2 0.000009 0.003879 0.995049 0.000099 0.000965
2 2 0.000015 0.006204 0.989298 0.000433 0.004051
2 2 0.000026 0.002464 0.988509 0.008833 0.000168
2 2 0.000007 0.001451 0.989111 0.009265 0.000166
2 2 0.000007 0.001264 0.981079 0.017530 0.000119
2 2 0.000228 0.009307 0.981933 0.006554 0.001978
2 2 0.000016 0.002608 0.986640 0.010192 0.000545
2 2 0.000024 0.001376 0.970197 0.028359 0.000045
2 2 0.000039 0.002269 0.904789 0.092601 0.000303
2 2 0.000044 0.002579 0.956550 0.040543 0.000285
2 2 0.000020 0.001335 0.952301 0.046298 0.000046
2 2 0.000024 0.001924 0.954958 0.042912 0.000182
2 2 0.000044 0.003060 0.983098 0.013399 0.000399
2 2 0.000445 0.005586 0.977430 0.016215 0.000324
2 2 0.000020 0.002109 0.958097 0.039624 0.000150
2 2 0.000027 0.002422 0.980118 0.017224 0.000209
2 2 0.000074 0.003639 0.936832 0.058958 0.000497
2 2 0.000059 0.002986 0.937173 0.059364 0.000418
2 2 0.000030 0.002550 0.972667 0.024496 0.000257
2 2 0.000105 0.002953 0.975764 0.020956 0.000221
2 2 0.000039 0.002648 0.953283 0.043587 0.000443
2 2 0.000029 0.002075 0.960705 0.037023 0.000168
2 2 0.000045 0.002923 0.974924 0.021700 0.000408
2 2 0.000026 0.002412 0.975419 0.021786 0.000357
2 2 0.000032 0.002269 0.932463 0.065025 0.000212
2 2 0.000053 0.002649 0.860203 0.136772 0.000323
2 2 0.000038 0.002042 0.753371 0.244296 0.000253
2 2 0.000023 0.001731 0.841023 0.157086 0.000138
2 2 0.000060 0.002760 0.897336 0.099632 0.000212
2 2 0.000069 0.003914 0.865678 0.129580 0.000759
2 2 0.000005 0.000516 0.908255 0.091216 0.000008
2 2 0.000026 0.001632 0.721577 0.276578 0.000187
2 2 0.000018 0.001120 0.561730 0.437058 0.000074
3 2 0.000006 0.000515 0.491838 0.507604 0.000036
3 2 0.000031 0.000943 0.313521 0.685435 0.000070
2 2 0.000014 0.001030 0.763310 0.235584 0.000061
2 3 0.000021 0.000702 0.533011 0.466251 0.000015
2 3 0.000029 0.001600 0.574368 0.423870 0.000134
3 3 0.000014 0.001075 0.467174 0.531625 0.000113
2 3 0.000020 0.001116 0.752013 0.246800 0.000051
2 3 0.000026 0.001479 0.564230 0.434083 0.000182
2 3 0.000021 0.001279 0.795025 0.203646 0.000029
3 3 0.000018 0.000732 0.447772 0.551438 0.000040
3 3 0.000005 0.000361 0.354046 0.645570 0.000018
3 3 0.000010 0.000461 0.327230 0.672279 0.000020
3 3 0.000002 0.000292 0.309892 0.689798 0.000016
3 3 0.000018 0.000521 0.213682 0.785755 0.000024
3 3 0.000020 0.000407 0.183580 0.815970 0.000023
3 3 0.000013 0.000424 0.224575 0.774964 0.000023
3 3 0.000023 0.000837 0.282352 0.716722 0.000066
3 3 0.000020 0.000358 0.177624 0.821991 0.000008
3 3 0.000010 0.000230 0.111804 0.887945 0.000012
3 3 0.000017 0.000206 0.086640 0.913130 0.000007
3 3 0.000005 0.000115 0.065956 0.933918 0.000007
3 3 0.000013 0.000139 0.047218 0.952626 0.000004
3 3 0.000027 0.000194 0.059176 0.940595 0.000008
3 3 0.000015 0.000134 0.054653 0.945192 0.000005
3 3 0.000059 0.000359 0.041566 0.957967 0.000049
3 3 0.000059 0.000422 0.077693 0.921792 0.000034
3 3 0.000142 0.000708 0.091746 0.907366 0.000038
3 3 0.000054 0.000321 0.032871 0.966698 0.000055
3 3 0.000055 0.000283 0.030044 0.969582 0.000036
3 3 0.000005 0.000074 0.026122 0.973794 0.000006
3 3 0.000065 0.000372 0.065388 0.934156 0.000019
3 3 0.000017 0.000139 0.030014 0.969818 0.000011
3 3 0.000043 0.000199 0.024681 0.975056 0.000021
3 3 0.000075 0.000385 0.062532 0.936982 0.000026
3 3 0.000009 0.000090 0.030632 0.969264 0.000005
3 3 0.000026 0.000176 0.026103 0.973676 0.000019
3 3 0.000015 0.000134 0.024543 0.975297 0.000012
3 3 0.000030 0.000145 0.027607 0.972211 0.000007
3 3 0.000026 0.000172 0.041692 0.958102 0.000007
3 3 0.000013 0.000183 0.051142 0.948647 0.000015
3 3 0.000027 0.000179 0.050700 0.949087 0.000008
3 3 0.000005 0.000101 0.053135 0.946754 0.000005
3 3 0.000008 0.000135 0.040181 0.959665 0.000010
3 3 0.000010 0.000154 0.044314 0.955512 0.000011
3 3 0.000573 0.004488 0.361338 0.632744 0.000857
3 2 0.003223 0.010271 0.205049 0.778961 0.002496
3 2 0.001881 0.012462 0.366853 0.615205 0.003599
2 2 0.033642 0.071645 0.653931 0.224305 0.016477
2 2 0.005543 0.031239 0.756886 0.202184 0.004147
2 2 0.000242 0.017764 0.963266 0.011148 0.007581
2 2 0.000074 0.008111 0.963048 0.025571 0.003196
2 2 0.000065 0.006363 0.972753 0.019072 0.001746
2 2 0.000025 0.004663 0.972559 0.019718 0.003036
2 2 0.000038 0.004362 0.958940 0.034805 0.001855
2 2 0.000010 0.003482 0.989364 0.005768 0.001376
2 2 0.000010 0.002490 0.989413 0.007484 0.000602
2 2 0.000039 0.005187 0.959096 0.034017 0.001660
2 2 0.000020 0.002759 0.984487 0.011988 0.000746
2 2 0.000013 0.003114 0.989081 0.006656 0.001136
2 2 0.000010 0.002210 0.922466 0.074718 0.000597
