0 0 0.613418 0.170766 0.050070 0.007421 0.158325
0 0 0.820887 0.097077 0.020612 0.002683 0.058741
0 0 0.735207 0.124921 0.040710 0.018160 0.081002
0 0 0.759300 0.118248 0.029491 0.006411 0.086550
0 0 0.506708 0.202231 0.064472 0.007145 0.219444
4 0 0.135622 0.237131 0.077776 0.001903 0.547568
4 0 0.300075 0.214139 0.042583 0.000425 0.442778
4 0 0.272482 0.206946 0.035920 0.000211 0.484441
4 0 0.139401 0.225717 0.063734 0.000818 0.570329
4 0 0.231583 0.223272 0.052963 0.000583 0.491599
4 0 0.331821 0.227738 0.061751 0.001763 0.376926
4 0 0.238814 0.235270 0.069680 0.001506 0.454730
0 0 0.601969 0.163947 0.030075 0.001032 0.202977
4 0 0.300579 0.231041 0.064114 0.001653 0.402612
4 0 0.298147 0.229885 0.062080 0.001461 0.408426
4 0 0.244533 0.237396 0.073281 0.001849 0.442941
0 0 0.387181 0.208810 0.042527 0.000707 0.360775
4 0 0.319329 0.229178 0.060667 0.001686 0.389140
0 0 0.490282 0.192967 0.039530 0.001091 0.276131
0 0 0.423064 0.201671 0.038890 0.000658 0.335717
0 0 0.511485 0.189496 0.039678 0.001290 0.258051
4 0 0.339826 0.215385 0.045705 0.000675 0.398409
0 0 0.472657 0.196885 0.040952 0.001087 0.288420
0 0 0.375389 0.216054 0.049924 0.001123 0.357509
0 0 0.495815 0.187537 0.034393 0.000709 0.281547
0 0 0.611804 0.169496 0.043309 0.004168 0.171223
0 0 0.685845 0.146081 0.041899 0.008762 0.117413
0 0 0.764611 0.115189 0.023731 0.002951 0.093517
0 0 0.338785 0.242187 0.092931 0.009972 0.316125
0 0 0.612742 0.170792 0.048993 0.006758 0.160715
0 0 0.509697 0.196067 0.047190 0.002631 0.244415
0 0 0.385084 0.216496 0.051876 0.001359 0.345185
0 0 0.473386 0.204181 0.052011 0.002497 0.267925
0 0 0.772280 0.112180 0.022863 0.002906 0.089770
0 0 0.603646 0.170493 0.040628 0.003037 0.182196
0 0 0.655863 0.156684 0.049409 0.020765 0.117279
0 0 0.880502 0.065988 0.012229 0.003198 0.038084
0 0 0.894508 0.059312 0.010102 0.002439 0.033640
0 0 0.894177 0.059472 0.010150 0.002455 0.033746
0 0 0.850353 0.079707 0.017235 0.005215 0.047490
0 0 0.845507 0.081834 0.018090 0.005590 0.048980
0 0 0.849205 0.083027 0.018397 0.004116 0.045256
0 0 0.860740 0.075077 0.015448 0.004460 0.044275
0 0 0.780374 0.109704 0.027265 0.006868 0.075789
0 0 0.739384 0.125969 0.034017 0.008294 0.092336
0 0 0.893035 0.060007 0.010121 0.002321 0.034516
0 0 0.840414 0.084175 0.016295 0.003126 0.055990
0 0 0.885079 0.063819 0.011222 0.002635 0.037246
0 0 0.820507 0.092782 0.018575 0.003287 0.064849
0 0 0.837632 0.085049 0.014712 0.001872 0.060734
0 0 0.900611 0.056954 0.009436 0.002025 0.030974
0 0 0.903969 0.057683 0.009824 0.001470 0.027053
0 0 0.827962 0.089359 0.021295 0.007065 0.054319
0 0 0.874674 0.068708 0.013152 0.003547 0.039920
0 0 0.867568 0.075435 0.015838 0.003111 0.038047
0 0 0.881863 0.068076 0.013130 0.002504 0.034427
0 0 0.881065 0.070645 0.014221 0.002090 0.031978
0 0 0.887802 0.062533 0.011103 0.002788 0.035773
0 0 0.847874 0.082176 0.018322 0.004975 0.046653
0 0 0.903426 0.062025 0.011575 0.000899 0.022075
0 0 0.919116 0.047072 0.006709 0.001369 0.025735
0 0 0.922643 0.047268 0.006742 0.000880 0.022467
0 0 0.885414 0.066068 0.010641 0.001193 0.036684
0 0 0.764804 0.114972 0.023345 0.002781 0.094098
0 0 0.846029 0.081430 0.014580 0.002319 0.055642
0 0 0.890635 0.061623 0.010844 0.002542 0.034356
0 0 0.903072 0.058048 0.009926 0.001517 0.027436
0 0 0.899717 0.062833 0.011580 0.001103 0.024768
0 0 0.890745 0.065470 0.012391 0.001772 0.029622
0 0 0.918447 0.050105 0.007669 0.001012 0.022766
0 0 0.713384 0.134275 0.029101 0.003013 0.120227
0 0 0.788133 0.106012 0.021534 0.003051 0.081270
0 0 0.672806 0.148193 0.032932 0.002896 0.143174
0 0 0.868956 0.070289 0.010143 0.001042 0.049570
0 0 0.862288 0.073664 0.011607 0.001476 0.050964
0 0 0.814455 0.111108 0.034012 0.002866 0.037559
0 0 0.881055 0.074744 0.016206 0.001348 0.026647
0 0 0.857434 0.084669 0.019992 0.002564 0.035340
0 0 0.872450 0.079238 0.017989 0.001592 0.028731
0 0 0.918817 0.048023 0.006997 0.001261 0.024902
0 0 0.874174 0.080627 0.018912 0.001159 0.025127
0 0 0.915773 0.054414 0.009125 0.000730 0.019958
0 0 0.906925 0.062523 0.012071 0.000552 0.017929
0 0 0.927128 0.050638 0.008367 0.000302 0.013565
0 0 0.917153 0.058692 0.011188 0.000251 0.012716
0 0 0.920720 0.055472 0.009958 0.000295 0.013554
0 0 0.897462 0.057878 0.009670 0.002293 0.032697
0 0 0.907398 0.057926 0.010073 0.001060 0.023542
0 0 0.796099 0.104767 0.028917 0.009179 0.061038
0 0 0.812998 0.095568 0.024157 0.008473 0.058804
0 0 0.815712 0.094456 0.023629 0.008208 0.057995
0 0 0.746720 0.122456 0.035442 0.011438 0.083944
0 0 0.823805 0.091103 0.022079 0.007442 0.055571
0 0 0.857524 0.077212 0.016305 0.004486 0.044474
0 0 0.916371 0.050738 0.007806 0.001136 0.023949
0 0 0.849102 0.081901 0.018229 0.004804 0.045964
0 0 0.851241 0.092070 0.023925 0.001849 0.030915
0 0 0.859491 0.076788 0.016173 0.004220 0.043327
0 0 0.867471 0.077106 0.016622 0.002732 0.036069
0 0 0.814126 0.095789 0.024303 0.008090 0.057691
0 0 0.825584 0.107143 0.032071 0.002130 0.033072
0 0 0.844855 0.094764 0.025127 0.002162 0.033093
0 0 0.866311 0.080777 0.018417 0.002104 0.032392
0 0 0.817744 0.115354 0.034969 0.001167 0.030767
0 0 0.850145 0.096517 0.026897 0.001147 0.025294
0 0 0.869140 0.083469 0.020151 0.001248 0.025992
0 0 0.863167 0.089021 0.023121 0.000995 0.023696
0 0 0.845944 0.098246 0.027659 0.001315 0.026836
0 0 0.894517 0.072512 0.016266 0.000428 0.016277
0 0 0.887781 0.072453 0.015514 0.000986 0.023266
0 0 0.852041 0.098708 0.029041 0.000629 0.019581
0 0 0.853293 0.099486 0.030123 0.000432 0.016667
0 0 0.893326 0.076399 0.018930 0.000177 0.011168
0 0 0.898901 0.073003 0.017488 0.000153 0.010454
0 0 0.879872 0.085150 0.023298 0.000186 0.011495
0 0 0.884700 0.079229 0.019309 0.000425 0.016337
0 0 0.922541 0.057148 0.011132 0.000115 0.009064
0 0 0.923098 0.056109 0.010596 0.000147 0.010050
0 0 0.922457 0.055840 0.010351 0.000188 0.011165
0 0 0.906425 0.067392 0.014852 0.000180 0.011151
0 0 0.861447 0.083444 0.013426 0.000422 0.041261
0 0 0.532005 0.221735 0.055739 0.000713 0.189808
0 1 0.539736 0.221560 0.051478 0.000436 0.186789
0 1 0.333130 0.264801 0.088039 0.001499 0.312532
4 1 0.155491 0.249745 0.111765 0.005335 0.477664
4 1 0.022462 0.226175 0.299439 0.001603 0.450321
4 2 0.017090 0.204762 0.359969 0.007007 0.411173
4 2 0.014187 0.173416 0.257255 0.005864 0.549277
4 2 0.015839 0.206281 0.251301 0.004708 0.521872
2 2 0.001782 0.097423 0.545667 0.042293 0.312836
2 2 0.000629 0.047719 0.917856 0.006020 0.027777
2 2 0.001288 0.042370 0.916810 0.018010 0.021521
2 2 0.000345 0.017697 0.911798 0.058648 0.011513
2 2 0.000475 0.032181 0.939141 0.011422 0.016781
2 2 0.000282 0.018900 0.873840 0.092550 0.014428
2 2 0.000043 0.003486 0.711063 0.284291 0.001117
2 2 0.000013 0.001426 0.664739 0.333410 0.000412
3 2 0.000018 0.000721 0.483101 0.516044 0.000116
2 2 0.000179 0.005593 0.896599 0.096647 0.000982
2 2 0.000007 0.000693 0.704965 0.294210 0.000126
2 2 0.000033 0.002557 0.692612 0.304067 0.000731
2 2 0.000018 0.001853 0.658136 0.339462 0.000531
2 2 0.000030 0.001753 0.557673 0.440073 0.000472
2 2 0.000100 0.002787 0.574312 0.422000 0.000801
2 2 0.000034 0.002421 0.652023 0.344781 0.000741
3 2 0.000003 0.000084 0.050011 0.949882 0.000020
3 2 0.000004 0.000154 0.107821 0.891992 0.000028
3 2 0.000006 0.000173 0.076939 0.922843 0.000039
3 2 0.000000 0.000020 0.035006 0.964970 0.000004
3 2 0.000004 0.000122 0.061268 0.938577 0.000028
3 3 0.000000 0.000015 0.017305 0.982676 0.000003
3 3 0.000001 0.000040 0.021935 0.978013 0.000011
3 3 0.000001 0.000028 0.019741 0.980224 0.000006
3 3 0.000001 0.000031 0.023076 0.976886 0.000007
3 3 0.000002 0.000050 0.019925 0.980009 0.000013
3 3 0.000000 0.000004 0.010863 0.989133 0.000001
3 3 0.000000 0.000011 0.015253 0.984733 0.000002
3 3 0.000000 0.000007 0.010491 0.989500 0.000001
3 3 0.000000 0.000006 0.009687 0.990306 0.000001
3 3 0.000000 0.000006 0.011866 0.988127 0.000001
3 3 0.000000 0.000017 0.006587 0.993390 0.000005
3 3 0.000000 0.000016 0.005699 0.994280 0.000004
3 3 0.000003 0.000093 0.013638 0.986231 0.000035
3 3 0.000000 0.000014 0.006695 0.993287 0.000004
3 3 0.000000 0.000005 0.003693 0.996301 0.000001
3 3 0.000000 0.000009 0.005692 0.994296 0.000003
3 3 0.000000 0.000012 0.005250 0.994735 0.000003
3 3 0.000001 0.000032 0.006287 0.993670 0.000010
3 3 0.000000 0.000011 0.006467 0.993519 0.000003
3 3 0.000000 0.000014 0.005284 0.994697 0.000004
3 3 0.000001 0.000037 0.005611 0.994337 0.000014
3 3 0.000002 0.000053 0.005325 0.994600 0.000020
3 3 0.000002 0.000075 0.007056 0.992833 0.000033
3 3 0.000000 0.000015 0.003078 0.996901 0.000005
3 3 0.000001 0.000046 0.005825 0.994108 0.000019
3 3 0.000001 0.000025 0.003638 0.996327 0.000009
3 3 0.000001 0.000034 0.005431 0.994521 0.000013
3 3 0.000005 0.000124 0.008262 0.991553 0.000055
3 3 0.000001 0.000055 0.006042 0.993878 0.000024
3 3 0.000001 0.000041 0.004127 0.995814 0.000017
3 3 0.000001 0.000024 0.002924 0.997042 0.000009
3 3 0.000000 0.000004 0.000859 0.999136 0.000001
3 3 0.000000 0.000009 0.002128 0.997860 0.000003
3 3 0.000001 0.000029 0.003007 0.996952 0.000011
3 3 0.000000 0.000002 0.001154 0.998843 0.000001
3 3 0.000000 0.000014 0.002947 0.997035 0.000004
3 3 0.000000 0.000013 0.002273 0.997710 0.000004
3 3 0.000000 0.000014 0.002757 0.997224 0.000004
3 3 0.000000 0.000018 0.003425 0.996550 0.000007
3 3 0.000000 0.000015 0.002024 0.997956 0.000005
3 3 0.000001 0.000034 0.002501 0.997451 0.000013
3 3 0.000001 0.000022 0.004040 0.995930 0.000008
3 3 0.000002 0.000058 0.003527 0.996388 0.000025
3 3 0.000001 0.000023 0.003452 0.996517 0.000008
3 3 0.000001 0.000021 0.003107 0.996864 0.000007
3 3 0.000000 0.000012 0.002221 0.997762 0.000004
3 3 0.000001 0.000031 0.002550 0.997406 0.000013
3 3 0.000000 0.000008 0.001765 0.998225 0.000003
3 3 0.000000 0.000010 0.001404 0.998582 0.000003
3 3 0.000000 0.000015 0.002768 0.997211 0.000005
3 3 0.000002 0.000049 0.002037 0.997890 0.000022
3 3 0.000000 0.000009 0.000958 0.999030 0.000003
3 3 0.000001 0.000018 0.001552 0.998423 0.000006
3 3 0.000000 0.000007 0.000923 0.999067 0.000002
3 3 0.000000 0.000003 0.000522 0.999474 0.000001
3 3 0.000001 0.000024 0.004627 0.995341 0.000007
3 3 0.000000 0.000008 0.002154 0.997836 0.000002
3 3 0.001448 0.004719 0.052630 0.939117 0.002086
3 3 0.000013 0.000145 0.010273 0.989522 0.000047
3 3 0.000006 0.000100 0.011599 0.988262 0.000032
3 3 0.000006 0.000066 0.028954 0.970963 0.000011
3 2 0.000013 0.000110 0.061625 0.938238 0.000014
3 2 0.000022 0.000194 0.148266 0.851502 0.000016
3 2 0.000005 0.000063 0.075777 0.924150 0.000005
3 2 0.000073 0.000370 0.189182 0.810347 0.000028
2 2 0.007783 0.011619 0.517613 0.461615 0.001369
3 2 0.002738 0.008148 0.414935 0.572765 0.001414
3 2 0.001579 0.005479 0.425819 0.566214 0.000908
2 2 0.026092 0.026448 0.641162 0.302696 0.003602
0 0 0.836403 0.097862 0.056470 0.000296 0.008969
0 0 0.464403 0.308715 0.159159 0.000224 0.067499
2 2 0.040275 0.171503 0.704090 0.009718 0.074413
2 2 0.104263 0.180359 0.658599 0.003579 0.053200
2 2 0.135880 0.317474 0.428170 0.002006 0.116470
1 2 0.165428 0.343646 0.341602 0.000627 0.148697
0 2 0.786105 0.134271 0.055061 0.001024 0.023539
0 2 0.313869 0.271807 0.298756 0.022673 0.092894
2 2 0.296648 0.224607 0.388251 0.026589 0.063905
0 0 0.898171 0.073372 0.017606 0.000161 0.010690
0 0 0.853235 0.100310 0.031029 0.000342 0.015084
0 0 0.865134 0.086927 0.020411 0.000889 0.026640
0 0 0.686913 0.174212 0.045584 0.000852 0.092438
0 0 0.436453 0.243438 0.078703 0.002167 0.239239
4 2 0.191082 0.269103 0.130583 0.004952 0.404279
4 2 0.170724 0.258767 0.129619 0.007034 0.433856
2 2 0.054457 0.319098 0.379470 0.000350 0.246625
2 2 0.014490 0.174387 0.644277 0.006523 0.160323
2 2 0.009091 0.152283 0.692594 0.006796 0.139235
2 2 0.003357 0.066050 0.875989 0.008971 0.045633
2 2 0.005552 0.076982 0.839663 0.017566 0.060237
2 2 0.000512 0.009669 0.866896 0.120919 0.002004
2 2 0.000709 0.013549 0.851533 0.130982 0.003228
2 2 0.001020 0.018531 0.851813 0.123610 0.005026
2 2 0.000412 0.006141 0.662099 0.329956 0.001390
2 2 0.000467 0.006640 0.675779 0.315335 0.001779
2 2 0.001362 0.020241 0.827975 0.143722 0.006701
2 2 0.002710 0.031032 0.799205 0.157275 0.009778
2 2 0.017440 0.054736 0.876311 0.038049 0.013463
2 2 0.002968 0.044236 0.876565 0.061216 0.015014
2 2 0.002483 0.027169 0.803177 0.156755 0.010417
2 2 0.068083 0.103129 0.593868 0.205134 0.029787
2 2 0.056207 0.071393 0.590668 0.265157 0.016576
0 2 0.389450 0.176343 0.323105 0.063174 0.047928
0 0 0.948422 0.038485 0.005376 0.000085 0.007632
0 0 0.912437 0.062491 0.012695 0.000223 0.012154
0 0 0.917571 0.053427 0.008840 0.000692 0.019470
0 0 0.916609 0.053800 0.008932 0.000730 0.019929
0 0 0.920638 0.054411 0.009460 0.000382 0.015109
0 1 0.808908 0.120462 0.041455 0.001402 0.027774
0 2 0.725428 0.150632 0.054327 0.005402 0.064211
2 2 0.158214 0.313245 0.395330 0.000601 0.132611
2 2 0.108656 0.271464 0.538596 0.000746 0.080539
2 2 0.071076 0.267982 0.550134 0.002011 0.108796
2 2 0.095312 0.270916 0.505292 0.001419 0.127060
2 2 0.013095 0.121450 0.812398 0.003932 0.049125
2 2 0.011541 0.070259 0.861108 0.043213 0.013878
2 2 0.007517 0.037789 0.927147 0.021272 0.006275
2 2 0.001680 0.027957 0.934232 0.030273 0.005858
2 2 0.000887 0.021315 0.888032 0.082540 0.007226
2 2 0.000088 0.005207 0.653620 0.338495 0.002590
0 2 0.538673 0.159448 0.245703 0.021268 0.034909
0 1 0.600726 0.244026 0.109698 0.000241 0.045309
2 1 0.201724 0.244768 0.461648 0.020445 0.071416
2 2 0.107874 0.207160 0.555560 0.040393 0.089014
2 2 0.040553 0.109377 0.766721 0.050638 0.032711
2 2 0.006551 0.025864 0.781667 0.182483 0.003435
2 2 0.001109 0.008995 0.807297 0.181544 0.001055
2 2 0.002092 0.013444 0.776467 0.205838 0.002158
2 2 0.001222 0.010108 0.796800 0.190352 0.001518
2 2 0.000350 0.005558 0.806838 0.186438 0.000816
2 2 0.007705 0.038008 0.932184 0.017433 0.004671
2 2 0.000594 0.009556 0.904994 0.083669 0.001188
2 2 0.002383 0.016787 0.880077 0.098554 0.002198
2 2 0.012578 0.035455 0.926633 0.022039 0.003295
2 2 0.002775 0.014690 0.937929 0.043106 0.001499
2 2 0.005675 0.022716 0.859177 0.108938 0.003494
2 2 0.027220 0.048082 0.731360 0.182833 0.010505
2 2 0.136511 0.133960 0.681192 0.022704 0.025633
0 1 0.825427 0.117046 0.042395 0.000323 0.014809
2 1 0.110982 0.213465 0.601471 0.028858 0.045224
2 2 0.000509 0.008974 0.888302 0.100736 0.001478
2 2 0.005580 0.029497 0.907559 0.052330 0.005034
2 2 0.001116 0.009625 0.840530 0.147080 0.001649
2 2 0.000547 0.009395 0.777729 0.210054 0.002276
2 2 0.002316 0.019009 0.879610 0.095390 0.003675
2 2 0.000233 0.003620 0.930940 0.064859 0.000347
2 2 0.000069 0.002486 0.725051 0.271961 0.000433
2 2 0.000081 0.003605 0.897827 0.097859 0.000628
2 2 0.000171 0.003439 0.894997 0.100955 0.000438
2 2 0.000085 0.001920 0.691320 0.306391 0.000284
2 2 0.005167 0.021114 0.826800 0.142935 0.003984
2 2 0.019886 0.067747 0.854724 0.040566 0.017077
0 2 0.534124 0.220931 0.199971 0.003470 0.041504
2 2 0.038278 0.105173 0.776372 0.052656 0.027521
2 2 0.015762 0.071965 0.812456 0.078695 0.021122
0 1 0.539765 0.121781 0.305247 0.015458 0.017748
2 2 0.010693 0.036921 0.842314 0.104389 0.005682
2 2 0.004264 0.016363 0.873008 0.104106 0.002260
2 2 0.002905 0.016059 0.841524 0.136734 0.002777
2 2 0.031604 0.038195 0.767329 0.157603 0.005269
0 2 0.750730 0.137100 0.050405 0.006994 0.054771
0 0 0.922636 0.050681 0.008074 0.000585 0.018024
0 0 0.875489 0.077962 0.017516 0.001451 0.027582
0 0 0.910425 0.061814 0.012054 0.000384 0.015323
0 0 0.918368 0.055678 0.009835 0.000415 0.015703
0 0 0.876663 0.078617 0.017969 0.001210 0.025541
0 0 0.888744 0.071817 0.015257 0.000981 0.023200
0 0 0.792170 0.121999 0.040660 0.003621 0.041551
0 1 0.569020 0.218131 0.104772 0.007403 0.100674
0 2 0.521464 0.244470 0.120442 0.004394 0.109231
2 2 0.067167 0.158181 0.721992 0.015468 0.037192
2 2 0.009852 0.109818 0.758003 0.062343 0.059985
2 2 0.004156 0.039567 0.878771 0.065037 0.012469
2 2 0.003629 0.055905 0.886860 0.033451 0.020155
2 2 0.001573 0.034906 0.734705 0.204730 0.024086
2 2 0.004541 0.029437 0.882770 0.077482 0.005770
2 2 0.000309 0.004684 0.765814 0.228600 0.000593
2 2 0.001208 0.007828 0.669581 0.319895 0.001487
2 2 0.000180 0.003958 0.533173 0.461648 0.001041
2 2 0.000259 0.004054 0.560912 0.434000 0.000775
2 2 0.000409 0.002861 0.552339 0.444048 0.000343
2 2 0.000392 0.004820 0.704458 0.289761 0.000570
2 2 0.002985 0.009165 0.526636 0.459939 0.001275
2 2 0.000347 0.003842 0.576415 0.418905 0.000490
2 2 0.019187 0.028680 0.756622 0.192197 0.003314
2 2 0.000102 0.004182 0.814043 0.180792 0.000881
2 2 0.000060 0.002172 0.728348 0.269050 0.000370
2 2 0.000268 0.005837 0.868623 0.124403 0.000870
2 2 0.000093 0.001984 0.532738 0.464836 0.000350
2 2 0.000088 0.002755 0.747519 0.249141 0.000497
2 2 0.000215 0.004775 0.516147 0.477465 0.001397
2 2 0.000060 0.002496 0.521320 0.475364 0.000761
3 2 0.000763 0.006641 0.459776 0.531076 0.001743
2 2 0.330587 0.115564 0.528462 0.014018 0.011370
2 2 0.000404 0.011371 0.722789 0.262259 0.003177
2 2 0.000029 0.003754 0.805864 0.188951 0.001402
2 2 0.000481 0.007271 0.813390 0.177089 0.001769
2 2 0.000172 0.005080 0.853863 0.139940 0.000946
2 2 0.000089 0.004269 0.804675 0.189890 0.001077
2 2 0.000060 0.003339 0.889985 0.105879 0.000737
2 2 0.000051 0.001196 0.713377 0.285249 0.000126
3 2 0.000009 0.000445 0.321961 0.677506 0.000079
2 2 0.000684 0.003462 0.670451 0.325020 0.000383
2 2 0.000092 0.001786 0.628035 0.369879 0.000209
2 2 0.000011 0.000423 0.520747 0.478773 0.000046
2 2 0.000632 0.011115 0.656840 0.328178 0.003235
3 2 0.000081 0.002030 0.440327 0.557016 0.000545
3 2 0.000032 0.001549 0.310027 0.687659 0.000733
2 2 0.000572 0.008886 0.802634 0.185920 0.001988
2 2 0.000216 0.006912 0.773487 0.217688 0.001697
2 2 0.003338 0.086419 0.668157 0.123657 0.118430
2 2 0.004409 0.117179 0.666145 0.055940 0.156327
2 2 0.001911 0.081852 0.759342 0.048728 0.108168
2 4 0.004481 0.105824 0.768283 0.016317 0.105095
2 4 0.005557 0.145377 0.602823 0.039972 0.206271
4 4 0.046680 0.249766 0.316129 0.003863 0.383562
2 4 0.003372 0.137460 0.496256 0.019731 0.343181
2 4 0.004669 0.126732 0.476449 0.032879 0.359271
2 4 0.005452 0.151548 0.426714 0.014165 0.402121
4 4 0.017149 0.191783 0.286141 0.004810 0.500117
4 4 0.020401 0.176818 0.112551 0.001769 0.688461
4 4 0.012402 0.158998 0.101758 0.001463 0.725379
4 4 0.013619 0.171313 0.118900 0.003487 0.692680
4 4 0.011167 0.164638 0.114994 0.003373 0.705828
4 4 0.003950 0.140234 0.179858 0.006890 0.669067
4 4 0.003026 0.125012 0.091474 0.002813 0.777675
4 4 0.004785 0.139049 0.101100 0.003323 0.751743
4 4 0.002637 0.127267 0.100137 0.005490 0.764470
4 4 0.008035 0.136616 0.079777 0.000581 0.774990
4 4 0.026689 0.141650 0.037180 0.000040 0.794441
4 4 0.019248 0.155839 0.076502 0.000318 0.748093
4 4 0.007061 0.151682 0.117651 0.003687 0.719920
4 4 0.006660 0.150840 0.153304 0.003985 0.685211
4 4 0.020772 0.202152 0.141290 0.001535 0.634250
4 4 0.003340 0.134769 0.106130 0.006237 0.749525
4 4 0.008559 0.152495 0.103961 0.002312 0.732673
4 4 0.083638 0.206008 0.066751 0.000465 0.643138
4 4 0.006284 0.143235 0.099032 0.002285 0.749164
4 4 0.020502 0.171925 0.101736 0.001118 0.704719
4 4 0.324627 0.188222 0.022888 0.000062 0.464200
4 4 0.000649 0.073489 0.089549 0.000121 0.836193
4 4 0.000362 0.048662 0.029418 0.000007 0.921552
4 4 0.000388 0.058206 0.047042 0.000039 0.894325
4 4 0.000562 0.057215 0.040699 0.000011 0.901513
4 4 0.001052 0.061133 0.026467 0.000007 0.911341
4 4 0.031805 0.160197 0.048953 0.000082 0.758963
4 4 0.003030 0.105033 0.061306 0.000280 0.830351
4 2 0.003867 0.111649 0.065034 0.000311 0.819139
4 2 0.003708 0.115523 0.071218 0.000543 0.809008
4 2 0.114299 0.215260 0.045378 0.000066 0.624997
4 2 0.005391 0.133414 0.203451 0.001251 0.656493
4 2 0.025626 0.200269 0.092377 0.000118 0.681611
4 4 0.001615 0.106602 0.246526 0.002039 0.643218
4 4 0.004001 0.131217 0.153932 0.000184 0.710666
4 4 0.005345 0.131144 0.151815 0.000852 0.710845
4 4 0.015400 0.163068 0.094166 0.000289 0.727077
4 4 0.001444 0.108805 0.231285 0.003683 0.654784
4 4 0.002629 0.114490 0.100457 0.001061 0.781363
4 4 0.002107 0.112007 0.106279 0.001471 0.778136
4 4 0.009224 0.136556 0.077979 0.000395 0.775845
4 2 0.034189 0.270602 0.230007 0.001737 0.463465
4 2 0.005967 0.150572 0.299329 0.015261 0.528872
4 2 0.003287 0.129046 0.367956 0.010467 0.489244
4 2 0.008459 0.161403 0.289420 0.014993 0.525725
4 2 0.002321 0.132738 0.272825 0.042317 0.549799
2 2 0.041218 0.191440 0.387823 0.119408 0.260111
2 2 0.014729 0.081296 0.770123 0.088803 0.045049
2 2 0.033903 0.215965 0.498110 0.078055 0.173966
2 2 0.005297 0.051929 0.700961 0.204311 0.037502
2 2 0.008478 0.088540 0.598420 0.230264 0.074298
2 2 0.000830 0.010065 0.888339 0.098948 0.001818
2 2 0.000144 0.005187 0.603520 0.389419 0.001730
2 2 0.006670 0.043878 0.670118 0.265269 0.014066
2 2 0.001269 0.035246 0.838829 0.109955 0.014701
2 2 0.000493 0.016124 0.727894 0.249325 0.006164
2 2 0.001484 0.024876 0.597325 0.364989 0.011325
3 2 0.000364 0.005821 0.271630 0.719520 0.002665
3 2 0.000803 0.015116 0.473478 0.502200 0.008403
3 2 0.000715 0.012843 0.288161 0.689831 0.008450
3 2 0.000089 0.001854 0.305855 0.691606 0.000596
2 2 0.000443 0.017041 0.679789 0.294073 0.008654
3 2 0.000893 0.009045 0.462722 0.524076 0.003265
2 2 0.000600 0.011079 0.749817 0.235785 0.002718
2 2 0.000406 0.011293 0.592939 0.390584 0.004777
3 2 0.000080 0.004348 0.446695 0.546491 0.002385
2 2 0.000412 0.003633 0.563445 0.432004 0.000506
3 2 0.000048 0.000868 0.161530 0.837331 0.000224
3 2 0.000410 0.002612 0.281075 0.715411 0.000493
3 2 0.000073 0.001811 0.280327 0.717352 0.000438
3 2 0.000171 0.001788 0.207180 0.790437 0.000424
3 2 0.000013 0.000223 0.062968 0.936737 0.000059
3 2 0.000129 0.000894 0.071508 0.927208 0.000261
3 2 0.000090 0.001213 0.097683 0.900602 0.000412
3 2 0.000090 0.000809 0.078276 0.920629 0.000196
3 2 0.000053 0.000795 0.079021 0.919859 0.000272
3 2 0.000393 0.001305 0.046140 0.951777 0.000385
3 3 0.000016 0.000286 0.040797 0.958808 0.000093
3 3 0.000034 0.000282 0.027654 0.971949 0.000081
3 3 0.000084 0.000779 0.040859 0.957971 0.000306
3 3 0.000022 0.000257 0.024729 0.974907 0.000085
3 3 0.000021 0.000310 0.019951 0.979594 0.000124
3 3 0.000017 0.000231 0.016853 0.982814 0.000086
3 3 0.000010 0.000118 0.009014 0.990821 0.000037
3 3 0.000021 0.000251 0.013617 0.986018 0.000093
3 3 0.000023 0.000294 0.018099 0.981471 0.000113
3 3 0.000062 0.000773 0.025188 0.973602 0.000375
3 3 0.000068 0.000772 0.017474 0.981299 0.000387
3 3 0.000098 0.000781 0.015757 0.983014 0.000350
3 3 0.000185 0.001108 0.018232 0.979997 0.000478
3 3 0.000201 0.001532 0.020083 0.977383 0.000801
3 3 0.000119 0.001270 0.019919 0.977980 0.000711
3 3 0.000021 0.000248 0.008132 0.991497 0.000103
3 3 0.000007 0.000136 0.005581 0.994217 0.000059
3 3 0.000023 0.000326 0.008365 0.991131 0.000155
3 3 0.000045 0.000439 0.008708 0.990609 0.000200
3 3 0.000081 0.000678 0.011030 0.987894 0.000317
3 3 0.000028 0.000310 0.006733 0.992790 0.000139
3 3 0.000115 0.000766 0.016617 0.982190 0.000313
3 3 0.000046 0.000532 0.011751 0.987413 0.000258
3 3 0.000088 0.000880 0.022571 0.976044 0.000417
3 3 0.000004 0.000115 0.030167 0.969678 0.000036
3 3 0.000016 0.000209 0.031376 0.968333 0.000065
3 3 0.000010 0.000172 0.042049 0.957719 0.000049
3 3 0.000003 0.000082 0.028989 0.970903 0.000023
3 3 0.000007 0.000155 0.033131 0.966656 0.000051
3 3 0.000005 0.000101 0.006087 0.993767 0.000040
3 3 0.000031 0.000355 0.011010 0.988450 0.000153
3 3 0.000002 0.000046 0.005743 0.994193 0.000015
3 3 0.000009 0.000152 0.005798 0.993975 0.000065
3 3 0.000005 0.000086 0.006563 0.993315 0.000031
3 3 0.000007 0.000128 0.005308 0.994503 0.000055
3 3 0.000012 0.000290 0.007605 0.991926 0.000167
3 3 0.000005 0.000134 0.004977 0.994818 0.000066
3 3 0.000005 0.000125 0.004108 0.995700 0.000062
3 3 0.000011 0.000232 0.006363 0.993272 0.000123
3 3 0.000004 0.000087 0.009564 0.990315 0.000030
3 3 0.000001 0.000022 0.003980 0.995989 0.000007
3 3 0.000001 0.000019 0.004604 0.995371 0.000006
3 3 0.000003 0.000070 0.006615 0.993287 0.000025
3 3 0.000000 0.000008 0.003164 0.996826 0.000002
3 3 0.000002 0.000059 0.004585 0.995332 0.000022
3 3 0.000005 0.000108 0.003980 0.995857 0.000051
3 3 0.000004 0.000093 0.003345 0.996516 0.000042
3 3 0.000010 0.000177 0.004517 0.995212 0.000084
3 3 0.000008 0.000142 0.003255 0.996527 0.000069
3 3 0.000002 0.000053 0.003846 0.996079 0.000020
3 3 0.000001 0.000027 0.002972 0.996990 0.000009
3 3 0.000002 0.000046 0.003385 0.996549 0.000018
3 3 0.000002 0.000044 0.003690 0.996248 0.000016
3 3 0.000002 0.000051 0.004861 0.995067 0.000019
3 3 0.000006 0.000099 0.002517 0.997333 0.000045
3 3 0.000003 0.000069 0.002109 0.997787 0.000030
3 3 0.000015 0.000238 0.004827 0.994801 0.000120
3 3 0.000005 0.000102 0.002639 0.997206 0.000048
3 3 0.000005 0.000122 0.003799 0.996011 0.000062
3 3 0.000001 0.000028 0.002292 0.997669 0.000010
3 3 0.000003 0.000059 0.002344 0.997570 0.000024
3 3 0.000000 0.000016 0.002542 0.997437 0.000005
3 3 0.000002 0.000050 0.004930 0.995000 0.000019
3 3 0.000001 0.000019 0.001932 0.998042 0.000007
3 3 0.000006 0.000119 0.003047 0.996771 0.000056
3 3 0.000001 0.000040 0.002831 0.997112 0.000016
3 3 0.000010 0.000218 0.004603 0.995049 0.000120
3 2 0.001663 0.005423 0.037821 0.952442 0.002650
3 2 0.000007 0.000118 0.003385 0.996437 0.000053
3 2 0.000007 0.000083 0.015176 0.984713 0.000020
3 2 0.000017 0.000247 0.039032 0.960623 0.000080
3 2 0.000031 0.000428 0.106078 0.893381 0.000082
3 2 0.000008 0.000093 0.019912 0.979963 0.000023
3 2 0.000972 0.005517 0.307546 0.685164 0.000802
2 2 0.000252 0.004095 0.589939 0.404619 0.001095
3 2 0.000065 0.001407 0.302127 0.695937 0.000464
2 2 0.000323 0.011814 0.745667 0.237335 0.004861
3 2 0.000023 0.001760 0.420280 0.577278 0.000659
2 2 0.000112 0.005520 0.678360 0.314055 0.001953
3 2 0.000057 0.000908 0.208108 0.790742 0.000186
3 2 0.000005 0.000171 0.063830 0.935939 0.000055
3 2 0.000048 0.000937 0.142891 0.855828 0.000296
3 2 0.000130 0.002207 0.208405 0.788558 0.000700
3 2 0.000008 0.000154 0.046325 0.953469 0.000044
3 2 0.000057 0.000594 0.119033 0.880182 0.000134
3 2 0.000054 0.000636 0.087376 0.911722 0.000213
3 2 0.000137 0.001042 0.153864 0.844718 0.000240
3 2 0.012501 0.023706 0.447173 0.512659 0.003961
2 2 0.000991 0.004642 0.506050 0.487744 0.000574
3 2 0.000128 0.001737 0.292107 0.705599 0.000429
3 2 0.000081 0.001591 0.299588 0.698403 0.000338
3 2 0.000225 0.002455 0.226659 0.769849 0.000811
2 2 0.001290 0.006465 0.539607 0.451599 0.001037
2 2 0.000157 0.002495 0.554687 0.442243 0.000418
3 2 0.000010 0.000429 0.279006 0.720467 0.000088
3 2 0.000003 0.000304 0.330206 0.669424 0.000064
3 2 0.000021 0.000745 0.384822 0.614280 0.000132
3 2 0.000004 0.000355 0.293525 0.706032 0.000083
3 2 0.000043 0.001068 0.404290 0.594392 0.000208
3 2 0.000007 0.000121 0.049350 0.950495 0.000027
3 2 0.000014 0.000268 0.107500 0.892168 0.000050
3 2 0.000002 0.000047 0.049830 0.950113 0.000008
3 2 0.000025 0.000684 0.239209 0.759960 0.000122
3 2 0.000003 0.000067 0.048503 0.951415 0.000012
3 2 0.000013 0.000216 0.060619 0.939089 0.000063
3 2 0.000024 0.000688 0.188319 0.810806 0.000164
3 2 0.000019 0.000293 0.093479 0.906141 0.000069
3 2 0.000010 0.000203 0.149708 0.850045 0.000034
3 2 0.000015 0.000283 0.095426 0.904209 0.000067
3 2 0.000102 0.001897 0.292503 0.705056 0.000442
3 2 0.000006 0.000234 0.107926 0.891767 0.000068
3 2 0.000008 0.000254 0.126046 0.873627 0.000065
3 2 0.000011 0.000558 0.186152 0.813100 0.000178
3 2 0.000003 0.000236 0.151566 0.848126 0.000068
3 2 0.000049 0.001024 0.275339 0.723401 0.000187
3 2 0.000013 0.000406 0.113069 0.886367 0.000145
3 2 0.000008 0.000209 0.056577 0.943131 0.000075
3 2 0.000021 0.000837 0.204131 0.794761 0.000250
3 2 0.000024 0.000471 0.091210 0.908137 0.000158
3 2 0.000004 0.000089 0.037736 0.962149 0.000023
3 2 0.000010 0.000212 0.059141 0.940575 0.000062
3 2 0.000031 0.000548 0.060213 0.938980 0.000228
3 2 0.000063 0.000789 0.058877 0.939945 0.000327
3 2 0.000104 0.001474 0.134203 0.863695 0.000524
3 2 0.000005 0.000113 0.051516 0.948338 0.000029
3 2 0.000001 0.000034 0.028504 0.971454 0.000008
3 2 0.000020 0.000428 0.109475 0.889975 0.000101
3 2 0.000014 0.000277 0.078059 0.921582 0.000068
3 2 0.000007 0.000124 0.047959 0.951880 0.000029
3 2 0.000003 0.000116 0.044677 0.955167 0.000037
3 2 0.000003 0.000079 0.036468 0.963428 0.000023
3 2 0.000016 0.000297 0.046769 0.952811 0.000107
3 2 0.000007 0.000161 0.038848 0.960931 0.000053
3 2 0.000001 0.000023 0.016930 0.983041 0.000006
3 2 0.000013 0.000166 0.024712 0.975059 0.000050
3 2 0.000005 0.000096 0.024354 0.975516 0.000029
3 2 0.000007 0.000084 0.012968 0.986919 0.000023
3 2 0.000124 0.000717 0.038603 0.960327 0.000229
3 2 0.000023 0.000272 0.028388 0.971227 0.000089
2 2 0.117536 0.076458 0.630266 0.164949 0.010791
3 2 0.000397 0.002019 0.252536 0.744773 0.000275
3 2 0.001161 0.003427 0.294647 0.700290 0.000475
3 2 0.000032 0.000335 0.111730 0.887846 0.000057
3 2 0.000064 0.000557 0.086732 0.912515 0.000133
2 2 0.001206 0.034069 0.611078 0.312982 0.040664
2 2 0.000483 0.020775 0.521600 0.433406 0.023737
2 2 0.001962 0.044310 0.589614 0.314320 0.049794
2 2 0.004652 0.087004 0.748198 0.093642 0.066504
2 2 0.002851 0.047950 0.758727 0.151978 0.038495
4 2 0.010156 0.159796 0.366157 0.017523 0.446367
2 2 0.003676 0.117773 0.521729 0.057658 0.299164
2 4 0.003269 0.123807 0.441130 0.041998 0.389796
4 4 0.004033 0.139351 0.415656 0.024979 0.415980
2 4 0.010762 0.177161 0.492433 0.008365 0.311279
2 1 0.005854 0.107748 0.691969 0.013325 0.181104
2 1 0.013195 0.200995 0.516959 0.008104 0.260748
2 2 0.002401 0.134414 0.525392 0.005930 0.331863
2 4 0.000672 0.091808 0.639183 0.014239 0.254098
2 4 0.001087 0.108615 0.582316 0.013941 0.294042
2 4 0.009953 0.130401 0.773163 0.013722 0.072762
2 4 0.008124 0.133302 0.710490 0.026494 0.121591
2 2 0.004870 0.092987 0.751547 0.054522 0.096073
2 2 0.003829 0.074845 0.757599 0.091824 0.071903
2 2 0.001483 0.032906 0.657701 0.269449 0.038460
2 2 0.000252 0.011121 0.582847 0.399412 0.006369
2 2 0.000771 0.008698 0.690311 0.298249 0.001971
3 2 0.000297 0.004398 0.450716 0.543247 0.001343
2 2 0.000614 0.005847 0.540303 0.451707 0.001530
2 2 0.002620 0.017754 0.836314 0.140081 0.003230
2 2 0.000554 0.007065 0.924986 0.066526 0.000868
2 2 0.000710 0.011432 0.876823 0.108688 0.002347
2 2 0.000395 0.008689 0.759153 0.229290 0.002473
2 2 0.000641 0.006354 0.830141 0.161958 0.000906
2 2 0.000874 0.011403 0.814032 0.171094 0.002597
2 2 0.002961 0.031636 0.929397 0.027143 0.008863
2 1 0.193913 0.146865 0.607889 0.022644 0.028689
2 2 0.014645 0.121734 0.815828 0.011613 0.036179
2 2 0.003027 0.053379 0.889016 0.031184 0.023394
2 2 0.000393 0.019122 0.901454 0.070133 0.008898
2 2 0.000097 0.006324 0.957498 0.034453 0.001629
2 2 0.000048 0.006319 0.953814 0.037470 0.002349
2 2 0.000374 0.010047 0.916440 0.070926 0.002212
2 2 0.000030 0.003818 0.950290 0.044836 0.001026
2 2 0.000195 0.012048 0.949002 0.033896 0.004860
2 2 0.000021 0.004416 0.979438 0.014262 0.001864
2 2 0.000034 0.006410 0.984791 0.006353 0.002411
2 2 0.000068 0.008367 0.972495 0.015712 0.003358
2 2 0.000042 0.007188 0.970454 0.019376 0.002939
2 2 0.000076 0.009478 0.959243 0.027367 0.003836
2 2 0.000285 0.004454 0.605564 0.388572 0.001125
2 2 0.000090 0.001767 0.563470 0.434405 0.000268
2 2 0.000044 0.002700 0.574277 0.422121 0.000858
2 2 0.000211 0.004904 0.501590 0.491911 0.001385
3 2 0.000038 0.002005 0.374504 0.622694 0.000759
2 2 0.000179 0.007512 0.670011 0.319352 0.002945
2 2 0.000047 0.003283 0.746621 0.248997 0.001052
2 2 0.000091 0.003041 0.616933 0.379013 0.000922
2 2 0.000060 0.002885 0.584977 0.411165 0.000913
2 2 0.000067 0.002926 0.656795 0.339361 0.000852
3 2 0.000044 0.001587 0.426976 0.571035 0.000358
3 2 0.000019 0.000350 0.205117 0.794453 0.000061
3 2 0.000008 0.000352 0.278369 0.721198 0.000072
3 2 0.000020 0.000780 0.227388 0.771563 0.000250
3 2 0.000011 0.000455 0.382232 0.617237 0.000065
3 2 0.000081 0.001438 0.144723 0.853200 0.000558
3 2 0.000100 0.001284 0.154327 0.843878 0.000411
3 2 0.000030 0.000735 0.127653 0.871325 0.000258
3 2 0.000023 0.000542 0.096806 0.902434 0.000195
3 2 0.000059 0.001385 0.187487 0.810593 0.000475
3 2 0.000047 0.000819 0.343016 0.656000 0.000118
3 2 0.000003 0.000192 0.110235 0.889522 0.000046
3 2 0.000002 0.000061 0.052674 0.947249 0.000014
3 2 0.000035 0.000485 0.107783 0.891578 0.000118
3 2 0.000005 0.000190 0.121855 0.877906 0.000044
3 2 0.000017 0.000267 0.094252 0.905408 0.000055
3 2 0.000008 0.000166 0.083918 0.915880 0.000028
3 2 0.000012 0.000182 0.048714 0.951046 0.000046
3 2 0.000007 0.000164 0.061812 0.937983 0.000035
3 2 0.000007 0.000136 0.052409 0.947421 0.000027
3 2 0.000021 0.000521 0.153454 0.845876 0.000128
3 2 0.000004 0.000110 0.054530 0.945327 0.000029
3 2 0.000006 0.000147 0.074974 0.924844 0.000029
3 3 0.000022 0.000314 0.055861 0.943717 0.000086
3 3 0.000005 0.000130 0.036135 0.963689 0.000040
3 3 0.000017 0.000337 0.089256 0.910309 0.000081
3 3 0.000012 0.000172 0.036777 0.962992 0.000047
3 3 0.000020 0.000304 0.080640 0.918965 0.000071
3 3 0.000002 0.000046 0.026339 0.973604 0.000010
3 3 0.000004 0.000075 0.038153 0.961754 0.000015
3 3 0.000003 0.000065 0.021532 0.978382 0.000019
3 3 0.000009 0.000183 0.032890 0.966854 0.000065
3 3 0.000003 0.000070 0.023967 0.975940 0.000021
3 3 0.000009 0.000179 0.023603 0.976144 0.000065
3 3 0.000002 0.000063 0.018120 0.981795 0.000020
3 3 0.000008 0.000143 0.013758 0.986040 0.000052
3 3 0.000009 0.000132 0.011439 0.988375 0.000046
3 3 0.000017 0.000247 0.012827 0.986808 0.000100
3 3 0.000015 0.000207 0.012426 0.987274 0.000078
3 2 0.000229 0.001236 0.031942 0.966112 0.000480
2 2 0.012909 0.022658 0.547852 0.413544 0.003037
2 2 0.042929 0.078275 0.639683 0.228766 0.010347
3 2 0.000745 0.005925 0.394568 0.597471 0.001291
3 2 0.002869 0.009382 0.332661 0.652755 0.002332
3 2 0.000244 0.001517 0.175046 0.822854 0.000339
2 2 0.002025 0.008173 0.755301 0.233526 0.000975
2 2 0.000659 0.006777 0.806131 0.185380 0.001052
2 2 0.000138 0.002460 0.513577 0.483430 0.000395
2 2 0.000169 0.003552 0.656179 0.339513 0.000586
2 2 0.000191 0.004516 0.628682 0.365570 0.001040
2 2 0.000012 0.001387 0.637007 0.361209 0.000385
2 2 0.000236 0.004318 0.717014 0.277579 0.000854
2 2 0.000598 0.019104 0.907992 0.066128 0.006177
2 2 0.000374 0.005314 0.737645 0.255572 0.001095
2 2 0.000383 0.006286 0.721708 0.270171 0.001453
2 2 0.002634 0.008798 0.600587 0.386690 0.001291
0 1 0.387355 0.205646 0.334943 0.034678 0.037377
2 2 0.004567 0.025038 0.627505 0.337033 0.005857
2 2 0.008192 0.022084 0.561966 0.402307 0.005451
2 2 0.010212 0.018478 0.568219 0.400327 0.002763
2 2 0.000313 0.005913 0.741150 0.251309 0.001316
2 2 0.000054 0.002380 0.541346 0.455567 0.000652
2 2 0.000180 0.004431 0.583171 0.411057 0.001162
2 2 0.001257 0.015665 0.806252 0.173186 0.003641
2 2 0.000394 0.009004 0.809136 0.179313 0.002153
3 2 0.000318 0.004764 0.392090 0.601265 0.001563
2 2 0.000724 0.010958 0.751374 0.234689 0.002255
2 2 0.005614 0.014256 0.733200 0.244817 0.002114
0 0 0.732808 0.113398 0.128442 0.006311 0.019041
2 1 0.120201 0.169379 0.679034 0.013556 0.017830
2 2 0.005163 0.009678 0.670854 0.313487 0.000819
2 2 0.169425 0.107763 0.674718 0.038612 0.009482
2 2 0.007109 0.028618 0.722872 0.236958 0.004443
2 2 0.021970 0.027334 0.708502 0.239484 0.002711
2 2 0.003984 0.012785 0.596466 0.384622 0.002143
2 2 0.000729 0.012153 0.896440 0.088037 0.002641
2 2 0.024054 0.041294 0.860235 0.070001 0.004417
2 2 0.000829 0.012660 0.900629 0.083617 0.002266
2 2 0.000454 0.007110 0.777164 0.213959 0.001313
2 2 0.000114 0.004247 0.626470 0.367903 0.001265
2 2 0.000091 0.002038 0.530429 0.467052 0.000390
2 2 0.000832 0.004158 0.581194 0.413252 0.000563
2 2 0.000264 0.005425 0.778540 0.214876 0.000894
2 2 0.000040 0.001020 0.500188 0.498600 0.000152
2 2 0.000140 0.005793 0.835464 0.157338 0.001265
2 2 0.000329 0.005775 0.645354 0.347200 0.001343
3 2 0.000336 0.003964 0.359264 0.635326 0.001111
2 2 0.038896 0.049155 0.805376 0.099867 0.006706
2 2 0.011988 0.034790 0.838287 0.110042 0.004892
2 2 0.105372 0.077913 0.697420 0.108670 0.010624
0 2 0.414773 0.229683 0.289473 0.009845 0.056226
2 2 0.237162 0.161693 0.513689 0.050962 0.036494
2 2 0.226676 0.184275 0.516787 0.037753 0.034509
2 2 0.019880 0.070766 0.616997 0.262285 0.030072
0 1 0.683035 0.163564 0.096731 0.007044 0.049625
2 2 0.014711 0.074871 0.791850 0.098443 0.020124
2 2 0.001481 0.009150 0.807278 0.180646 0.001446
3 2 0.000194 0.004627 0.362078 0.631147 0.001954
2 2 0.002726 0.020410 0.792783 0.179380 0.004700
2 2 0.002586 0.015275 0.508778 0.468106 0.005255
2 2 0.000703 0.015835 0.841503 0.136561 0.005397
2 2 0.000330 0.005271 0.779694 0.213685 0.001021
2 2 0.000512 0.016579 0.720014 0.254930 0.007965
2 2 0.000298 0.017574 0.857762 0.115508 0.008857
2 2 0.002919 0.065773 0.881771 0.021580 0.027957
4 4 0.003172 0.127464 0.203525 0.003203 0.662636
4 4 0.003597 0.130290 0.224284 0.003400 0.638429
4 4 0.002436 0.118580 0.302003 0.004644 0.572336
4 4 0.004221 0.130589 0.159406 0.001671 0.704112
4 4 0.001687 0.112404 0.236652 0.003868 0.645389
4 4 0.000872 0.066545 0.033603 0.000033 0.898946
4 4 0.001012 0.073128 0.039264 0.000067 0.886529
4 4 0.001289 0.075937 0.039468 0.000055 0.883252
4 4 0.000773 0.061257 0.029253 0.000017 0.908699
4 4 0.000922 0.062326 0.028730 0.000013 0.908009
4 4 0.002418 0.093335 0.050701 0.000119 0.853427
4 4 0.035498 0.162652 0.040745 0.000032 0.761073
4 4 0.002224 0.082313 0.039580 0.000033 0.875850
4 4 0.002095 0.088078 0.046725 0.000087 0.863015
4 4 0.001872 0.081793 0.041212 0.000048 0.875075
4 4 0.004339 0.128460 0.086459 0.001441 0.779301
4 4 0.103219 0.307023 0.117088 0.000104 0.472567
4 1 0.333838 0.250862 0.052152 0.000175 0.362972
4 1 0.041008 0.236866 0.108706 0.000139 0.613281
4 4 0.005848 0.137078 0.132634 0.001289 0.723151
4 4 0.009617 0.164191 0.158396 0.005142 0.662655
4 4 0.011553 0.167687 0.150943 0.004054 0.665763
4 4 0.033357 0.199285 0.141680 0.003157 0.622521
4 4 0.004564 0.144591 0.167938 0.006907 0.676000
4 1 0.064120 0.227618 0.133660 0.005220 0.569382
4 1 0.075088 0.270361 0.080593 0.000029 0.573929
4 4 0.001432 0.098451 0.124981 0.000651 0.774485
4 4 0.001175 0.100930 0.138773 0.001722 0.757400
4 4 0.002584 0.105961 0.065814 0.000487 0.825155
4 4 0.001442 0.102584 0.143166 0.001154 0.751654
4 4 0.002624 0.116949 0.082032 0.001700 0.796695
4 4 0.004034 0.123758 0.081173 0.001068 0.789967
4 4 0.017591 0.143927 0.059189 0.000137 0.779156
4 4 0.032483 0.179463 0.083471 0.000579 0.704003
4 4 0.002673 0.113977 0.105208 0.000917 0.777224
4 4 0.009003 0.162441 0.182359 0.005712 0.640485
4 4 0.042457 0.196666 0.101713 0.001185 0.657978
4 4 0.294551 0.277801 0.069846 0.000201 0.357600
4 4 0.007045 0.155195 0.147075 0.005304 0.685381
4 4 0.019307 0.182708 0.124767 0.003507 0.669710
4 2 0.005192 0.142695 0.187884 0.003885 0.660344
4 2 0.012215 0.154917 0.095995 0.001046 0.735827
4 2 0.013530 0.159505 0.229590 0.001549 0.595826
4 2 0.040282 0.273618 0.132166 0.000058 0.553876
4 2 0.005594 0.142493 0.202579 0.003192 0.646141
4 2 0.000914 0.089535 0.106261 0.000685 0.802605
4 2 0.001098 0.080689 0.081404 0.000100 0.836709
4 2 0.000997 0.084695 0.132789 0.000209 0.781309
4 4 0.000792 0.081473 0.092073 0.000289 0.825373
4 4 0.001495 0.081549 0.045189 0.000083 0.871684
4 4 0.001726 0.085333 0.076652 0.000059 0.836230
4 4 0.003962 0.112976 0.131016 0.000197 0.751849
4 4 0.002863 0.095535 0.061996 0.000080 0.839526
4 4 0.002022 0.090213 0.075858 0.000083 0.831824
4 4 0.001291 0.090351 0.124159 0.000250 0.783949
4 4 0.000698 0.065107 0.052316 0.000028 0.881851
4 4 0.000444 0.049332 0.022004 0.000006 0.928212
4 4 0.000801 0.067242 0.035295 0.000047 0.896615
4 4 0.000704 0.064415 0.048048 0.000026 0.886807
4 4 0.000366 0.056672 0.050801 0.000029 0.892133
4 4 0.001111 0.099281 0.208488 0.001815 0.689305
4 4 0.003162 0.108357 0.064850 0.000370 0.823261
4 4 0.000994 0.099374 0.199825 0.002534 0.697273
4 4 0.003478 0.111200 0.066677 0.000396 0.818249
4 4 0.002732 0.117631 0.260731 0.002002 0.616903
4 1 0.036830 0.166293 0.053606 0.000144 0.743127
