0 0 0.849847 0.107460 0.012963 0.000016 0.029714
0 0 0.818322 0.075098 0.061295 0.005149 0.040135
0 0 0.930367 0.046274 0.015454 0.000027 0.007878
0 0 0.930663 0.042557 0.016436 0.000120 0.010224
0 0 0.952910 0.033244 0.008830 0.000011 0.005005
0 0 0.849108 0.090580 0.021917 0.000015 0.038380
0 0 0.669130 0.161894 0.037486 0.000065 0.131425
4 0 0.331053 0.173675 0.086140 0.001381 0.407751
0 0 0.779386 0.117772 0.033133 0.000058 0.069650
0 0 0.806564 0.134485 0.013407 0.000001 0.045542
0 0 0.941786 0.047482 0.005607 0.000001 0.005124
0 0 0.858331 0.094353 0.022590 0.000038 0.024688
0 0 0.857352 0.071911 0.038897 0.000690 0.031151
0 0 0.858100 0.092463 0.019283 0.000035 0.030119
0 0 0.823493 0.102590 0.031551 0.000132 0.042234
0 0 0.946718 0.035478 0.012459 0.000026 0.005318
0 0 0.941312 0.042245 0.010997 0.000009 0.005437
0 0 0.949723 0.041252 0.003793 0.000000 0.005231
0 0 0.957552 0.034551 0.003470 0.000000 0.004428
0 0 0.969443 0.024041 0.004119 0.000001 0.002396
0 0 0.958208 0.027828 0.010320 0.000017 0.003628
0 0 0.965814 0.024799 0.006773 0.000003 0.002611
0 0 0.957459 0.031450 0.007002 0.000004 0.004086
0 0 0.959805 0.030991 0.005407 0.000002 0.003795
0 0 0.966300 0.022590 0.006435 0.000019 0.004656
0 0 0.956518 0.028146 0.005488 0.000028 0.009821
0 0 0.957856 0.027662 0.005877 0.000027 0.008578
0 0 0.941243 0.037496 0.008215 0.000054 0.012993
0 0 0.965527 0.023602 0.006307 0.000014 0.004551
0 0 0.966419 0.022872 0.004216 0.000011 0.006482
0 0 0.969197 0.022464 0.003929 0.000004 0.004407
0 0 0.971325 0.018962 0.004203 0.000017 0.005494
0 0 0.951513 0.033022 0.005643 0.000015 0.009807
0 0 0.978948 0.015168 0.002664 0.000003 0.003217
0 0 0.961350 0.025839 0.005107 0.000018 0.007687
0 0 0.971372 0.019542 0.004215 0.000011 0.004860
0 0 0.974148 0.018365 0.003773 0.000005 0.003709
0 0 0.971206 0.019992 0.003913 0.000008 0.004881
0 0 0.955190 0.029496 0.006559 0.000016 0.008739
0 0 0.976701 0.016926 0.003004 0.000003 0.003366
0 0 0.978473 0.013735 0.004040 0.000024 0.003727
0 0 0.966033 0.022233 0.006048 0.000027 0.005658
0 0 0.964434 0.021108 0.008017 0.000106 0.006335
0 0 0.973231 0.017854 0.004734 0.000016 0.004166
0 0 0.980676 0.013198 0.003603 0.000008 0.002516
0 0 0.973835 0.019017 0.003050 0.000003 0.004094
0 0 0.938061 0.039671 0.008460 0.000021 0.013786
0 0 0.965737 0.024784 0.003734 0.000003 0.005742
0 0 0.965773 0.023566 0.004369 0.000007 0.006284
0 0 0.902687 0.053654 0.016577 0.000179 0.026903
0 0 0.582100 0.258213 0.030117 0.000000 0.129570
0 0 0.549000 0.262058 0.029377 0.000000 0.159565
0 0 0.573860 0.252532 0.035429 0.000000 0.138179
0 0 0.442604 0.297692 0.050206 0.000001 0.209498
0 0 0.502147 0.270814 0.041747 0.000001 0.185291
0 1 0.612083 0.227477 0.039908 0.000002 0.120531
0 1 0.556147 0.261509 0.036738 0.000001 0.145605
0 1 0.485114 0.291003 0.045066 0.000001 0.178817
0 0 0.429792 0.342782 0.036951 0.000000 0.190475
0 0 0.506122 0.321807 0.010381 0.000000 0.161690
0 1 0.571721 0.294690 0.058416 0.000000 0.075174
1 2 0.140077 0.309029 0.305677 0.000065 0.245153
4 2 0.021875 0.138331 0.397697 0.002241 0.439855
2 2 0.005704 0.099857 0.709496 0.003728 0.181216
2 2 0.012048 0.139659 0.622547 0.000814 0.224931
2 2 0.000455 0.024520 0.963591 0.000064 0.011371
2 2 0.000022 0.006035 0.991955 0.000112 0.001875
2 2 0.000146 0.015597 0.977154 0.000071 0.007032
2 2 0.000115 0.012630 0.983392 0.000372 0.003490
2 2 0.000152 0.012708 0.983220 0.000469 0.003451
2 2 0.001976 0.016087 0.957936 0.022494 0.001507
2 2 0.001979 0.021023 0.941756 0.031733 0.003508
2 2 0.000964 0.015485 0.940846 0.040534 0.002172
2 2 0.001313 0.014468 0.928536 0.053613 0.002069
2 2 0.000450 0.010543 0.902508 0.084653 0.001847
3 3 0.000636 0.001805 0.172796 0.824685 0.000079
3 3 0.000826 0.002067 0.108798 0.888134 0.000175
3 3 0.003212 0.005247 0.229627 0.761532 0.000381
3 3 0.000176 0.001023 0.148607 0.850137 0.000057
3 3 0.001023 0.003137 0.209943 0.785704 0.000193
0 3 0.554938 0.078949 0.216692 0.127544 0.021878
0 0 0.917041 0.039447 0.022319 0.002247 0.018946
0 0 0.941876 0.034919 0.014550 0.000145 0.008511
0 0 0.953543 0.029256 0.010047 0.000065 0.007089
0 0 0.953424 0.029307 0.011641 0.000056 0.005572
0 0 0.705839 0.206534 0.014905 0.000000 0.072722
0 0 0.728621 0.181900 0.018902 0.000000 0.070578
0 1 0.703073 0.195438 0.025840 0.000001 0.075648
0 1 0.567196 0.232067 0.041614 0.000006 0.159117
0 1 0.402586 0.286694 0.058437 0.000002 0.252280
1 2 0.217128 0.319255 0.272762 0.000035 0.190820
1 1 0.222445 0.345702 0.256933 0.000007 0.174912
2 2 0.057460 0.230005 0.429357 0.000134 0.283044
2 2 0.025324 0.155890 0.701008 0.000056 0.117723
2 2 0.005144 0.095231 0.786702 0.000844 0.112079
2 2 0.007552 0.019063 0.960552 0.012193 0.000639
2 2 0.003523 0.013904 0.948867 0.033248 0.000458
2 2 0.001746 0.011320 0.900411 0.086074 0.000449
2 2 0.000571 0.006789 0.875879 0.116548 0.000212
2 2 0.002226 0.011367 0.808320 0.177652 0.000436
3 2 0.014889 0.008854 0.258327 0.717178 0.000753
3 2 0.003644 0.003741 0.131968 0.860260 0.000387
3 2 0.000809 0.002265 0.120520 0.876225 0.000180
3 2 0.000449 0.001522 0.136806 0.861146 0.000078
3 2 0.000651 0.001747 0.074164 0.923234 0.000204
3 2 0.002116 0.001602 0.055654 0.940383 0.000245
3 2 0.000355 0.000721 0.027636 0.971152 0.000137
3 3 0.000279 0.000698 0.037311 0.961620 0.000092
3 3 0.000724 0.000637 0.017402 0.981050 0.000188
3 3 0.000976 0.000845 0.028471 0.969533 0.000175
3 3 0.000189 0.000384 0.013708 0.985617 0.000102
3 3 0.000390 0.000419 0.018941 0.980169 0.000082
3 3 0.000582 0.000435 0.007758 0.990982 0.000244
3 3 0.000137 0.000269 0.011279 0.988247 0.000069
3 3 0.000173 0.000286 0.011509 0.987957 0.000075
3 3 0.000091 0.000125 0.004833 0.994904 0.000047
3 3 0.000045 0.000088 0.003566 0.996264 0.000036
3 3 0.000955 0.000667 0.018336 0.979850 0.000192
3 3 0.000190 0.000237 0.009755 0.989754 0.000065
3 3 0.000144 0.000152 0.003880 0.995739 0.000086
3 3 0.000030 0.000079 0.003880 0.995984 0.000028
3 3 0.000038 0.000088 0.004556 0.995291 0.000027
3 3 0.000219 0.000250 0.007288 0.992144 0.000099
3 3 0.000092 0.000174 0.005216 0.994441 0.000078
3 3 0.000116 0.000155 0.004200 0.995447 0.000081
3 3 0.000368 0.000316 0.005113 0.993977 0.000226
3 3 0.000194 0.000221 0.005153 0.994313 0.000119
3 3 0.000954 0.000547 0.012058 0.986221 0.000220
3 3 0.000163 0.000308 0.010638 0.988799 0.000093
3 3 0.000362 0.000312 0.005608 0.993521 0.000198
3 3 0.000103 0.000125 0.003084 0.996608 0.000080
3 3 0.000074 0.000111 0.003436 0.996322 0.000057
3 3 0.000246 0.000152 0.003160 0.996334 0.000108
3 3 0.000607 0.000310 0.005166 0.993701 0.000216
3 2 0.001602 0.001000 0.007909 0.988466 0.001024
3 2 0.033161 0.036782 0.241821 0.678652 0.009584
2 2 0.124685 0.086097 0.691263 0.092212 0.005743
3 2 0.007935 0.013209 0.307568 0.669851 0.001436
2 2 0.237377 0.058707 0.610273 0.090257 0.003387
3 2 0.018879 0.019012 0.333830 0.626272 0.002007
0 2 0.454962 0.077715 0.432806 0.029221 0.005296
2 2 0.133870 0.044094 0.593939 0.225074 0.003023
3 3 0.013090 0.013947 0.370794 0.600839 0.001331
3 3 0.013437 0.012407 0.320834 0.652306 0.001017
3 3 0.021444 0.016055 0.224689 0.735284 0.002528
3 3 0.002235 0.003730 0.093718 0.899740 0.000577
3 3 0.016124 0.009955 0.087665 0.882811 0.003444
3 3 0.009254 0.006417 0.165639 0.817941 0.000750
3 3 0.000857 0.001299 0.032441 0.965086 0.000317
3 3 0.007082 0.005228 0.113016 0.873842 0.000832
3 3 0.001015 0.000682 0.021316 0.976820 0.000168
3 3 0.000223 0.000211 0.004964 0.994486 0.000115
3 3 0.000074 0.000176 0.007759 0.991941 0.000050
3 3 0.001532 0.000995 0.030178 0.967078 0.000217
3 3 0.000909 0.000703 0.010765 0.987235 0.000389
3 3 0.000236 0.000203 0.003769 0.995644 0.000147
3 3 0.000298 0.000286 0.007228 0.992061 0.000127
3 3 0.000098 0.000131 0.003414 0.996280 0.000077
3 3 0.000610 0.000547 0.011323 0.987283 0.000237
3 3 0.000323 0.000316 0.007513 0.991702 0.000145
3 3 0.000341 0.000347 0.007557 0.991587 0.000169
3 3 0.000398 0.000315 0.004314 0.994700 0.000273
3 3 0.002381 0.001126 0.014758 0.981116 0.000619
3 3 0.001181 0.000572 0.005767 0.991922 0.000559
3 3 0.000111 0.000118 0.002728 0.996961 0.000083
3 3 0.000115 0.000129 0.004214 0.995483 0.000059
3 3 0.000156 0.000158 0.003166 0.996405 0.000115
3 3 0.000321 0.000190 0.004105 0.995265 0.000119
3 3 0.000100 0.000136 0.003782 0.995908 0.000073
3 3 0.000066 0.000085 0.002501 0.997297 0.000052
3 3 0.000068 0.000093 0.003139 0.996652 0.000047
3 3 0.000064 0.000119 0.004005 0.995757 0.000054
3 3 0.000091 0.000114 0.003655 0.996084 0.000056
3 3 0.000180 0.000206 0.005133 0.994375 0.000106
3 3 0.000262 0.000261 0.004464 0.994824 0.000189
3 3 0.000180 0.000177 0.003641 0.995880 0.000121
3 3 0.000659 0.000388 0.006116 0.992573 0.000263
3 3 0.000229 0.000168 0.002720 0.996728 0.000155
3 3 0.000131 0.000154 0.003470 0.996145 0.000100
3 3 0.000253 0.000303 0.005508 0.993744 0.000192
3 3 0.000546 0.000275 0.003410 0.995484 0.000285
3 3 0.000804 0.000349 0.003130 0.995243 0.000475
3 3 0.000497 0.000276 0.003565 0.995391 0.000271
3 3 0.001873 0.000787 0.007448 0.989163 0.000729
3 3 0.000987 0.000569 0.005258 0.992570 0.000617
3 3 0.000179 0.000166 0.003105 0.996421 0.000129
3 3 0.000737 0.000487 0.005842 0.992519 0.000415
3 3 0.000200 0.000178 0.003205 0.996275 0.000142
3 3 0.000370 0.000283 0.004020 0.995080 0.000246
3 3 0.000167 0.000155 0.002983 0.996576 0.000120
3 3 0.000053 0.000075 0.002465 0.997364 0.000043
3 3 0.000068 0.000118 0.004123 0.995639 0.000052
3 3 0.000373 0.000271 0.004435 0.994717 0.000204
3 3 0.000080 0.000107 0.002984 0.996766 0.000063
3 3 0.000462 0.000237 0.003412 0.995669 0.000219
3 3 0.000294 0.000216 0.003209 0.996082 0.000198
3 3 0.001570 0.000698 0.005072 0.991738 0.000922
3 3 0.002809 0.001064 0.010921 0.984411 0.000795
3 3 0.000971 0.000766 0.007794 0.989814 0.000655
3 3 0.000563 0.000341 0.003835 0.994900 0.000360
3 3 0.000192 0.000199 0.004430 0.995061 0.000118
3 3 0.000102 0.000124 0.003078 0.996618 0.000078
3 3 0.000114 0.000130 0.003410 0.996269 0.000076
3 3 0.000043 0.000073 0.003302 0.996553 0.000029
3 3 0.000365 0.000311 0.004498 0.994571 0.000255
3 3 0.000442 0.000224 0.002580 0.996481 0.000273
3 3 0.000306 0.000211 0.003014 0.996266 0.000204
3 3 0.000720 0.000405 0.004984 0.993531 0.000360
3 3 0.000554 0.000337 0.003821 0.994934 0.000355
3 3 0.000689 0.000314 0.004426 0.994306 0.000265
3 3 0.000921 0.000495 0.005204 0.992893 0.000487
3 3 0.000924 0.000421 0.003677 0.994428 0.000550
3 3 0.000734 0.000386 0.003812 0.994616 0.000453
3 3 0.000752 0.000366 0.003480 0.994946 0.000456
3 3 0.000275 0.000173 0.002939 0.996464 0.000149
3 3 0.000052 0.000097 0.003509 0.996297 0.000044
3 3 0.000561 0.000378 0.005679 0.993106 0.000275
3 3 0.000127 0.000132 0.002890 0.996756 0.000095
3 3 0.000270 0.000234 0.003879 0.995433 0.000184
3 3 0.000162 0.000191 0.004010 0.995513 0.000123
3 3 0.001402 0.000519 0.003705 0.993583 0.000790
3 3 0.003130 0.001396 0.013921 0.980587 0.000965
3 3 0.000649 0.000456 0.007069 0.991531 0.000296
3 3 0.004254 0.001464 0.008547 0.983885 0.001849
3 3 0.001301 0.000705 0.006211 0.991042 0.000740
3 3 0.000258 0.000211 0.004390 0.995008 0.000132
3 3 0.000372 0.000265 0.004590 0.994586 0.000188
3 3 0.000080 0.000113 0.003217 0.996526 0.000064
3 3 0.000592 0.000436 0.005140 0.993436 0.000396
3 3 0.000113 0.000129 0.003048 0.996624 0.000085
3 3 0.001105 0.000473 0.004191 0.993651 0.000580
3 3 0.000504 0.000291 0.003357 0.995530 0.000319
3 3 0.000178 0.000144 0.002728 0.996832 0.000118
3 3 0.000536 0.000334 0.004064 0.994741 0.000326
3 3 0.000271 0.000179 0.002632 0.996739 0.000179
3 3 0.000170 0.000128 0.002298 0.997287 0.000117
3 3 0.000210 0.000177 0.003047 0.996418 0.000148
3 3 0.000113 0.000135 0.003197 0.996468 0.000087
3 3 0.001122 0.000669 0.005920 0.991578 0.000711
3 3 0.000436 0.000282 0.004315 0.994742 0.000224
3 3 0.000237 0.000227 0.006596 0.992845 0.000095
3 3 0.000197 0.000265 0.006840 0.992580 0.000118
3 3 0.000344 0.000276 0.003972 0.995170 0.000238
3 3 0.000074 0.000098 0.002786 0.996985 0.000058
3 3 0.000100 0.000115 0.002904 0.996808 0.000073
3 3 0.000230 0.000211 0.004813 0.994627 0.000119
3 3 0.000094 0.000146 0.004031 0.995653 0.000076
3 3 0.000268 0.000308 0.007713 0.991576 0.000135
3 3 0.000253 0.000232 0.003875 0.995459 0.000181
3 3 0.000249 0.000307 0.005665 0.993588 0.000190
3 3 0.004960 0.004637 0.028651 0.958357 0.003395
3 1 0.158379 0.056019 0.214450 0.549707 0.021446
3 2 0.181998 0.052076 0.314237 0.440613 0.011076
3 2 0.026001 0.016644 0.240486 0.714426 0.002443
3 2 0.009779 0.012190 0.164870 0.810859 0.002302
2 2 0.005866 0.025083 0.605563 0.360038 0.003451
2 2 0.051173 0.041076 0.642741 0.262058 0.002952
3 2 0.006256 0.021720 0.450382 0.518166 0.003476
2 2 0.101508 0.124846 0.691720 0.041911 0.040015
2 2 0.036379 0.060127 0.767470 0.123919 0.012104
2 2 0.015147 0.142750 0.641114 0.008606 0.192384
4 2 0.068039 0.196358 0.298350 0.000647 0.436606
2 2 0.003907 0.074338 0.624336 0.021021 0.276398
4 2 0.031779 0.139837 0.289552 0.002110 0.536723
4 2 0.042092 0.166830 0.323731 0.002000 0.465347
4 2 0.018156 0.077158 0.065888 0.000630 0.838168
4 2 0.010804 0.093108 0.112311 0.000611 0.783166
4 2 0.003586 0.059976 0.305752 0.008875 0.621811
4 2 0.015290 0.087830 0.080141 0.000510 0.816229
4 2 0.026584 0.135381 0.112778 0.000142 0.725115
4 2 0.071485 0.218882 0.122468 0.000039 0.587125
4 2 0.046910 0.195956 0.149863 0.000071 0.607200
4 2 0.006864 0.069186 0.174194 0.003331 0.746425
4 2 0.024262 0.117446 0.108852 0.000596 0.748844
4 2 0.053677 0.179205 0.113294 0.000073 0.653752
4 2 0.152588 0.212356 0.147965 0.000297 0.486794
4 2 0.114047 0.220506 0.162068 0.000287 0.503091
4 2 0.021700 0.076539 0.136022 0.010959 0.754780
4 2 0.035629 0.179257 0.249355 0.000878 0.534880
4 2 0.069068 0.178956 0.228215 0.000998 0.522762
4 4 0.190946 0.238405 0.129168 0.000205 0.441276
4 4 0.222809 0.278278 0.147262 0.000084 0.351568
4 2 0.009470 0.101890 0.323284 0.009885 0.555470
4 2 0.053496 0.139253 0.132181 0.001794 0.673277
4 2 0.060731 0.149012 0.194685 0.001715 0.593857
4 2 0.031301 0.142865 0.251101 0.001321 0.573412
4 2 0.089268 0.176002 0.202440 0.001495 0.530795
4 2 0.194749 0.237383 0.197747 0.000517 0.369604
4 2 0.281466 0.244045 0.187670 0.000333 0.286486
4 2 0.055532 0.189715 0.360501 0.000935 0.393317
2 2 0.008469 0.064432 0.888139 0.009038 0.029922
2 2 0.170436 0.254091 0.517312 0.000166 0.057995
2 2 0.243863 0.189347 0.512157 0.000841 0.053793
0 2 0.465037 0.149580 0.363616 0.000058 0.021709
2 2 0.086996 0.137758 0.739728 0.000588 0.034930
0 2 0.424009 0.182353 0.358099 0.000221 0.035318
2 2 0.188244 0.151584 0.634571 0.000825 0.024775
2 2 0.082905 0.129483 0.764752 0.001365 0.021494
2 2 0.074034 0.114703 0.773323 0.006875 0.031064
2 2 0.265636 0.125167 0.595197 0.000290 0.013711
2 1 0.271607 0.285382 0.388982 0.000738 0.053292
2 2 0.149466 0.142508 0.687555 0.000464 0.020007
2 2 0.173436 0.126440 0.679593 0.000444 0.020087
0 2 0.466259 0.161575 0.348729 0.000064 0.023373
2 2 0.120495 0.142502 0.710291 0.000755 0.025957
2 2 0.356174 0.103480 0.526517 0.004490 0.009339
2 2 0.340892 0.112423 0.529726 0.004682 0.012278
2 2 0.136035 0.101800 0.728289 0.017695 0.016181
2 2 0.035226 0.061001 0.861557 0.030501 0.011715
2 2 0.065951 0.071008 0.787006 0.062715 0.013320
2 2 0.270058 0.073957 0.582984 0.066895 0.006107
2 2 0.020423 0.031429 0.811921 0.134660 0.001567
2 2 0.391830 0.093568 0.475753 0.030571 0.008277
2 2 0.355346 0.084480 0.525205 0.028972 0.005997
2 2 0.035781 0.029500 0.673663 0.259687 0.001369
2 2 0.266057 0.084025 0.585835 0.055887 0.008197
0 2 0.593510 0.077441 0.312575 0.009614 0.006860
2 2 0.050046 0.064999 0.790819 0.083212 0.010925
2 2 0.251788 0.099832 0.616494 0.022219 0.009666
2 2 0.349869 0.096141 0.519835 0.025115 0.009040
2 2 0.050651 0.030696 0.562199 0.354411 0.002042
2 2 0.242404 0.064723 0.589109 0.098823 0.004941
2 2 0.024285 0.024648 0.488783 0.460286 0.001998
2 2 0.377164 0.069647 0.456621 0.090133 0.006435
2 2 0.083408 0.037736 0.621041 0.255513 0.002301
2 2 0.168196 0.054958 0.548288 0.223674 0.004884
2 2 0.048715 0.038309 0.585944 0.323456 0.003576
2 2 0.072372 0.047026 0.627108 0.249087 0.004407
2 1 0.162528 0.082235 0.505087 0.238968 0.011181
0 2 0.621029 0.077080 0.279972 0.015248 0.006670
2 2 0.155921 0.068713 0.724549 0.046294 0.004523
2 2 0.100922 0.053779 0.767383 0.074384 0.003532
2 2 0.021735 0.031094 0.848476 0.097109 0.001586
2 2 0.011802 0.029697 0.853322 0.103132 0.002047
2 2 0.028380 0.045834 0.837653 0.083702 0.004431
2 2 0.068651 0.053717 0.742467 0.128251 0.006914
2 1 0.365796 0.130588 0.425098 0.060441 0.018077
0 1 0.727514 0.115933 0.129890 0.004974 0.021688
0 1 0.446411 0.123206 0.398614 0.017211 0.014559
0 2 0.754612 0.069240 0.168204 0.002748 0.005196
2 2 0.225510 0.131746 0.631683 0.000039 0.011022
2 2 0.005581 0.040078 0.937679 0.008431 0.008231
2 2 0.157882 0.147829 0.666789 0.000441 0.027059
2 2 0.019401 0.068128 0.899831 0.002156 0.010484
2 2 0.018077 0.058478 0.910247 0.002035 0.011163
0 2 0.440199 0.088104 0.439927 0.025314 0.006456
2 2 0.038502 0.042177 0.693322 0.222334 0.003664
0 2 0.592704 0.077336 0.305725 0.017792 0.006443
2 2 0.196608 0.058544 0.610472 0.130202 0.004174
2 2 0.060298 0.049755 0.728018 0.158596 0.003333
2 2 0.040390 0.034917 0.713731 0.208809 0.002153
2 2 0.087082 0.048580 0.663215 0.197079 0.004044
3 2 0.023797 0.025985 0.460907 0.486977 0.002334
2 2 0.029944 0.033406 0.748632 0.185754 0.002265
2 2 0.009450 0.022265 0.534513 0.430903 0.002869
3 2 0.036770 0.028361 0.407409 0.524440 0.003020
2 2 0.197248 0.057146 0.440189 0.297894 0.007523
2 2 0.101464 0.054842 0.483466 0.353514 0.006714
3 2 0.052223 0.034523 0.314310 0.592937 0.006007
0 2 0.472822 0.073030 0.394427 0.053013 0.006708
2 2 0.054043 0.064103 0.740249 0.133176 0.008429
0 0 0.579954 0.133846 0.243153 0.019741 0.023306
0 1 0.605493 0.137151 0.242404 0.003231 0.011721
2 2 0.307818 0.084045 0.586745 0.016821 0.004571
2 2 0.120182 0.069050 0.778245 0.028747 0.003775
0 2 0.634179 0.088078 0.255804 0.012869 0.009070
0 0 0.507876 0.164575 0.290001 0.013772 0.023776
0 1 0.711903 0.102918 0.160130 0.003497 0.021551
2 2 0.373736 0.113441 0.482140 0.018787 0.011895
0 2 0.674244 0.079277 0.230325 0.008699 0.007455
2 2 0.007172 0.024870 0.942115 0.024470 0.001373
2 2 0.192984 0.104855 0.686697 0.005873 0.009590
2 2 0.151289 0.112017 0.713677 0.006957 0.016059
2 2 0.119881 0.092966 0.759684 0.018336 0.009133
2 2 0.276977 0.138038 0.564319 0.002776 0.017890
2 2 0.407947 0.082530 0.486123 0.016971 0.006429
2 2 0.183684 0.095827 0.677128 0.032023 0.011339
2 2 0.256631 0.086091 0.628969 0.020786 0.007523
2 2 0.215160 0.106452 0.504496 0.158896 0.014996
0 0 0.666120 0.146756 0.157509 0.004475 0.025140
0 0 0.928058 0.053338 0.006965 0.000005 0.011633
0 1 0.919114 0.063733 0.008932 0.000002 0.008218
0 1 0.919471 0.053732 0.018948 0.000039 0.007810
0 2 0.886249 0.067185 0.027982 0.000260 0.018323
0 2 0.568383 0.137986 0.221383 0.010207 0.062040
2 2 0.207250 0.141100 0.632895 0.004367 0.014388
2 2 0.188544 0.106108 0.694413 0.004217 0.006717
2 2 0.037969 0.063378 0.879896 0.012283 0.006474
2 2 0.308242 0.079205 0.605990 0.003466 0.003097
2 2 0.073429 0.070280 0.837364 0.014138 0.004788
0 2 0.471650 0.124724 0.392832 0.000731 0.010063
2 2 0.013878 0.043529 0.861165 0.078027 0.003400
2 2 0.303044 0.132791 0.546109 0.004392 0.013664
2 2 0.279533 0.095030 0.617055 0.001927 0.006455
2 2 0.348266 0.135459 0.494520 0.004784 0.016971
2 2 0.085777 0.093508 0.809666 0.001547 0.009503
2 2 0.050420 0.084986 0.845930 0.006538 0.012125
0 2 0.428330 0.164313 0.385394 0.000184 0.021779
2 2 0.078320 0.089886 0.816059 0.005787 0.009948
2 2 0.224050 0.114048 0.648985 0.001153 0.011764
2 2 0.088483 0.082505 0.816359 0.006049 0.006604
2 2 0.385083 0.132634 0.468015 0.000756 0.013513
2 2 0.082824 0.110683 0.780749 0.008087 0.017657
2 2 0.022875 0.054383 0.900570 0.016543 0.005629
2 2 0.069967 0.053616 0.857536 0.015418 0.003463
2 2 0.256803 0.219933 0.489955 0.000013 0.033297
2 2 0.006950 0.043375 0.937955 0.001262 0.010458
2 2 0.027522 0.096203 0.851195 0.000942 0.024138
2 2 0.018955 0.088220 0.865643 0.000790 0.026392
2 2 0.005116 0.047351 0.930833 0.003486 0.013215
2 2 0.074956 0.046077 0.806429 0.070712 0.001826
2 2 0.068234 0.047546 0.781926 0.099439 0.002855
2 2 0.023921 0.032837 0.816844 0.124501 0.001898
2 2 0.122198 0.055303 0.764980 0.054613 0.002907
2 2 0.030214 0.028814 0.638109 0.301193 0.001670
2 2 0.045053 0.056955 0.701743 0.188467 0.007782
2 2 0.173019 0.085530 0.653775 0.077998 0.009678
2 2 0.177965 0.068123 0.547251 0.197576 0.009085
2 2 0.201180 0.060276 0.514193 0.218190 0.006160
2 2 0.084740 0.047514 0.551013 0.311277 0.005455
2 2 0.053908 0.043820 0.654296 0.243879 0.004098
2 2 0.105336 0.058016 0.475819 0.353250 0.007580
2 2 0.357896 0.078206 0.516175 0.042250 0.005473
2 2 0.159328 0.055930 0.593949 0.186358 0.004436
2 2 0.013474 0.022456 0.640743 0.321909 0.001417
0 2 0.418562 0.062345 0.356642 0.153744 0.008707
3 2 0.178649 0.051427 0.314394 0.444608 0.010923
2 2 0.095790 0.055933 0.475773 0.365305 0.007199
0 0 0.864785 0.056711 0.066260 0.002411 0.009833
0 0 0.915084 0.047579 0.028031 0.000308 0.008998
0 0 0.828881 0.100537 0.031455 0.000184 0.038943
0 1 0.803696 0.101633 0.064081 0.000175 0.030414
2 1 0.266164 0.219347 0.335269 0.003173 0.176048
0 1 0.816881 0.113633 0.035498 0.000072 0.033916
0 2 0.512183 0.172336 0.210155 0.002430 0.102897
2 2 0.126423 0.135380 0.690210 0.008791 0.039197
2 2 0.058128 0.128309 0.768856 0.010180 0.034527
0 2 0.749981 0.117377 0.111781 0.000175 0.020686
2 2 0.037495 0.105829 0.829819 0.007674 0.019183
2 2 0.150960 0.145538 0.672027 0.006540 0.024935
0 2 0.413527 0.171819 0.391644 0.000195 0.022814
2 2 0.129746 0.193700 0.645769 0.000391 0.030394
2 2 0.257781 0.134745 0.595133 0.000526 0.011815
0 2 0.675848 0.106673 0.209320 0.000028 0.008131
2 2 0.027626 0.070679 0.872985 0.012355 0.016354
0 2 0.695226 0.084816 0.211543 0.001297 0.007118
0 2 0.895248 0.042451 0.056732 0.000649 0.004920
0 0 0.875419 0.090952 0.024023 0.000007 0.009599
0 0 0.922922 0.047320 0.015209 0.000159 0.014389
0 0 0.877966 0.094337 0.014702 0.000005 0.012990
0 0 0.952646 0.029178 0.013672 0.000053 0.004451
0 1 0.931784 0.038271 0.022073 0.000259 0.007612
0 1 0.871977 0.059485 0.053530 0.001970 0.013038
0 1 0.927426 0.045095 0.019977 0.000087 0.007415
0 2 0.828698 0.076251 0.076820 0.002890 0.015341
0 2 0.476003 0.210419 0.282873 0.000481 0.030225
0 2 0.482536 0.147320 0.354850 0.000419 0.014876
2 2 0.320250 0.244496 0.403006 0.000165 0.032084
0 2 0.461635 0.147408 0.368575 0.001370 0.021012
2 2 0.231041 0.177542 0.569695 0.000808 0.020914
2 2 0.118293 0.162958 0.695459 0.000076 0.023213
2 2 0.019513 0.081243 0.884361 0.000670 0.014213
2 2 0.050374 0.129841 0.783923 0.000750 0.035113
2 2 0.052881 0.135769 0.771650 0.000524 0.039175
2 2 0.070772 0.131912 0.765921 0.000347 0.031048
2 2 0.427375 0.082889 0.481824 0.003781 0.004131
2 2 0.087405 0.079385 0.808038 0.018555 0.006617
2 2 0.019312 0.047437 0.863433 0.063936 0.005883
2 2 0.095272 0.117872 0.764181 0.006746 0.015930
0 2 0.641945 0.112563 0.234952 0.000312 0.010228
2 2 0.091047 0.098703 0.797448 0.001496 0.011306
2 2 0.065811 0.079763 0.847349 0.001217 0.005860
2 2 0.159531 0.112636 0.717441 0.000672 0.009719
2 2 0.067021 0.071452 0.854084 0.002313 0.005130
2 2 0.044798 0.072549 0.870463 0.002754 0.009437
0 2 0.523272 0.116009 0.342778 0.004784 0.013158
0 2 0.495877 0.094258 0.399428 0.004089 0.006347
2 2 0.125394 0.098702 0.726948 0.030730 0.018227
0 1 0.767890 0.093453 0.121013 0.003550 0.014095
2 1 0.346255 0.171059 0.448532 0.005806 0.028348
2 2 0.313872 0.119642 0.544726 0.011322 0.010438
2 2 0.054078 0.069227 0.831581 0.039860 0.005254
0 2 0.565723 0.112581 0.307085 0.002686 0.011926
2 2 0.431884 0.109542 0.444280 0.007748 0.006545
0 2 0.648366 0.079866 0.264657 0.002556 0.004555
2 2 0.062569 0.096581 0.830140 0.000276 0.010434
2 2 0.142325 0.102051 0.745873 0.000461 0.009290
2 2 0.238049 0.118537 0.635320 0.000080 0.008013
2 2 0.005977 0.029990 0.957304 0.003495 0.003234
2 2 0.005446 0.033499 0.950720 0.007050 0.003285
2 2 0.078132 0.091843 0.819019 0.001744 0.009261
2 2 0.059906 0.077495 0.847552 0.007511 0.007536
2 2 0.032187 0.059823 0.895758 0.005593 0.006639
2 2 0.020899 0.048871 0.919190 0.006916 0.004123
2 2 0.006137 0.028962 0.928895 0.031530 0.004475
2 2 0.012652 0.029319 0.670505 0.284788 0.002736
2 2 0.175861 0.085340 0.707671 0.023667 0.007462
2 2 0.107545 0.059651 0.803084 0.025956 0.003764
2 2 0.021400 0.034492 0.786891 0.154278 0.002939
2 2 0.073916 0.061623 0.810921 0.047571 0.005969
2 2 0.012137 0.017281 0.649327 0.320643 0.000612
2 2 0.165460 0.058408 0.667189 0.105718 0.003225
3 2 0.007446 0.010722 0.358198 0.622951 0.000683
3 2 0.015624 0.014813 0.441604 0.527074 0.000885
2 2 0.083427 0.054704 0.638224 0.219644 0.004000
0 1 0.814799 0.115933 0.029437 0.000280 0.039552
0 1 0.852680 0.101194 0.024217 0.000038 0.021871
0 1 0.923859 0.060119 0.009714 0.000002 0.006307
0 2 0.691416 0.119190 0.165198 0.003044 0.021153
2 2 0.347170 0.143527 0.479274 0.010918 0.019111
2 2 0.028615 0.061923 0.868205 0.035028 0.006229
0 2 0.653950 0.085391 0.254778 0.000330 0.005552
2 2 0.358653 0.106806 0.522608 0.004137 0.007795
0 2 0.575966 0.120380 0.289462 0.000822 0.013370
2 2 0.021752 0.044256 0.896175 0.032677 0.005141
2 2 0.122768 0.155974 0.694521 0.003375 0.023362
0 2 0.612779 0.091429 0.290106 0.000184 0.005502
2 2 0.077171 0.096102 0.811199 0.005081 0.010447
2 2 0.023557 0.064484 0.896500 0.008635 0.006824
2 2 0.165284 0.081920 0.745942 0.002299 0.004555
2 2 0.040748 0.053897 0.900314 0.001363 0.003678
2 2 0.010226 0.045785 0.931487 0.007083 0.005419
2 2 0.272865 0.138118 0.577985 0.000131 0.010901
2 2 0.007510 0.035010 0.939007 0.015650 0.002823
2 2 0.247543 0.109105 0.635532 0.000606 0.007214
2 2 0.114667 0.083863 0.782977 0.011288 0.007205
2 2 0.015203 0.029537 0.930821 0.023058 0.001381
2 2 0.083177 0.072372 0.832264 0.007220 0.004967
2 2 0.028638 0.037594 0.886420 0.045064 0.002284
2 2 0.020992 0.056264 0.895170 0.019925 0.007648
2 2 0.028173 0.039960 0.870588 0.058616 0.002663
2 2 0.060338 0.046759 0.839384 0.050991 0.002529
2 2 0.235765 0.077911 0.665063 0.016084 0.005178
2 2 0.005121 0.019662 0.696226 0.276768 0.002223
2 2 0.062917 0.043343 0.782968 0.108791 0.001980
3 2 0.018461 0.016248 0.418048 0.546121 0.001121
3 3 0.024759 0.021526 0.413309 0.538563 0.001844
3 3 0.007009 0.007111 0.162983 0.821984 0.000913
2 3 0.025823 0.029133 0.500653 0.442078 0.002313
2 3 0.057669 0.028881 0.628336 0.283632 0.001482
2 3 0.020662 0.033417 0.880213 0.064143 0.001564
2 2 0.014703 0.037932 0.930899 0.014323 0.002143
2 2 0.009813 0.029468 0.938836 0.019869 0.002014
2 2 0.344533 0.087486 0.562144 0.001508 0.004330
2 2 0.005999 0.025771 0.898612 0.066805 0.002814
2 2 0.381393 0.070911 0.473599 0.068382 0.005715
2 2 0.018055 0.025123 0.575645 0.379740 0.001437
2 2 0.026038 0.045243 0.742978 0.181493 0.004247
3 2 0.007715 0.017226 0.360598 0.611276 0.003186
2 2 0.047099 0.057790 0.747831 0.144166 0.003114
2 2 0.039629 0.174637 0.548474 0.025212 0.212047
4 2 0.137098 0.197129 0.184392 0.006087 0.475295
0 2 0.477225 0.220600 0.138573 0.000447 0.163157
0 4 0.393673 0.203036 0.160830 0.002147 0.240314
0 4 0.431752 0.214793 0.173041 0.000753 0.179660
4 4 0.043219 0.138260 0.050430 0.000032 0.768059
4 4 0.046851 0.165980 0.067301 0.000026 0.719843
4 4 0.047421 0.197741 0.066158 0.000005 0.688675
4 4 0.041169 0.129426 0.041551 0.000027 0.787826
4 4 0.098294 0.248857 0.062951 0.000004 0.589894
4 4 0.021385 0.099270 0.037001 0.000035 0.842310
4 4 0.042319 0.213133 0.041844 0.000001 0.702704
4 4 0.020541 0.141442 0.050818 0.000004 0.787195
4 4 0.026164 0.107854 0.031251 0.000011 0.834720
4 4 0.050015 0.209733 0.046952 0.000001 0.693298
4 4 0.189812 0.167928 0.068414 0.000293 0.573553
4 4 0.112726 0.143529 0.085384 0.000808 0.657554
4 4 0.280487 0.224562 0.078190 0.000072 0.416689
4 4 0.106924 0.110620 0.060664 0.001187 0.720606
4 4 0.334438 0.213922 0.057536 0.000054 0.394051
4 4 0.008374 0.060433 0.039998 0.000061 0.891134
4 4 0.027595 0.106597 0.028601 0.000011 0.837195
4 4 0.035061 0.152843 0.036533 0.000003 0.775559
4 4 0.058164 0.144458 0.028381 0.000005 0.768992
4 4 0.028734 0.140500 0.038878 0.000007 0.791882
4 4 0.016479 0.070721 0.032995 0.000072 0.879733
4 4 0.076606 0.204546 0.040244 0.000002 0.678601
4 4 0.057407 0.181734 0.054485 0.000010 0.706364
4 4 0.135787 0.272996 0.045941 0.000001 0.545276
4 4 0.030984 0.178143 0.048200 0.000001 0.742671
4 4 0.008427 0.131920 0.053516 0.000001 0.806136
4 4 0.050695 0.213620 0.040623 0.000001 0.695061
4 4 0.029874 0.174012 0.032571 0.000001 0.763543
4 4 0.027365 0.216736 0.039090 0.000000 0.716810
4 4 0.044648 0.199312 0.042278 0.000001 0.713761
4 4 0.089274 0.216135 0.039343 0.000002 0.655246
4 4 0.069128 0.167254 0.039699 0.000007 0.723912
4 4 0.187970 0.316495 0.041203 0.000000 0.454331
4 4 0.074052 0.205967 0.046018 0.000004 0.673959
4 4 0.098829 0.239907 0.050475 0.000003 0.610786
4 4 0.057789 0.202680 0.037458 0.000001 0.702071
4 4 0.048669 0.204619 0.053551 0.000005 0.693156
4 4 0.074390 0.193247 0.041312 0.000004 0.691047
4 4 0.103344 0.242735 0.033344 0.000001 0.620576
4 4 0.098850 0.245108 0.034279 0.000000 0.621763
4 4 0.348669 0.205122 0.061982 0.000117 0.384110
0 1 0.625263 0.217203 0.011519 0.000000 0.146015
0 1 0.626186 0.223249 0.030496 0.000002 0.120067
0 2 0.603969 0.212348 0.034285 0.000004 0.149393
0 2 0.669504 0.185853 0.029824 0.000003 0.114815
4 2 0.176016 0.182830 0.169322 0.001726 0.470106
0 1 0.442532 0.291837 0.071199 0.000019 0.194413
0 1 0.770334 0.136954 0.030516 0.000006 0.062189
0 2 0.448666 0.231998 0.089825 0.000088 0.229423
4 2 0.130834 0.173183 0.135239 0.000913 0.559830
4 2 0.083433 0.250208 0.255204 0.000080 0.411076
4 2 0.005780 0.072479 0.192504 0.002745 0.726492
4 2 0.131964 0.276521 0.156250 0.000025 0.435240
4 2 0.051218 0.179099 0.186739 0.000360 0.582583
4 2 0.092168 0.239338 0.157530 0.000086 0.510879
4 2 0.017561 0.122524 0.040437 0.000005 0.819472
4 2 0.005999 0.087245 0.039053 0.000007 0.867697
4 2 0.031055 0.135483 0.040346 0.000005 0.793111
4 2 0.007395 0.080538 0.044986 0.000023 0.867059
4 2 0.004864 0.053969 0.051477 0.000071 0.889620
4 2 0.085964 0.192778 0.233949 0.001371 0.485939
4 2 0.046513 0.111524 0.149248 0.004836 0.687880
4 2 0.211469 0.219508 0.233228 0.001111 0.334684
4 2 0.031977 0.113298 0.209484 0.005019 0.640222
4 2 0.250782 0.268553 0.171110 0.000159 0.309396
2 2 0.158662 0.247589 0.308330 0.000467 0.284951
2 2 0.045523 0.152837 0.422394 0.002677 0.376570
4 2 0.125256 0.232665 0.318170 0.000716 0.323195
2 2 0.147927 0.227686 0.390462 0.000525 0.233400
2 2 0.093784 0.218263 0.401277 0.000422 0.286253
2 2 0.001839 0.038339 0.930224 0.002825 0.026772
2 2 0.018866 0.098630 0.863227 0.000089 0.019187
2 2 0.088476 0.222382 0.624196 0.000100 0.064846
2 2 0.013164 0.074703 0.898500 0.000368 0.013265
2 2 0.002714 0.034275 0.956753 0.000349 0.005910
2 2 0.112196 0.127909 0.749405 0.000020 0.010470
2 2 0.001106 0.022768 0.967247 0.002460 0.006418
2 2 0.027397 0.069940 0.894695 0.000202 0.007765
2 2 0.002815 0.025444 0.967990 0.000747 0.003003
2 2 0.004049 0.031382 0.960244 0.000758 0.003566
2 2 0.027272 0.041790 0.929240 0.000232 0.001466
2 2 0.028606 0.052143 0.915413 0.000479 0.003358
2 2 0.007570 0.027637 0.962050 0.001044 0.001698
2 2 0.003221 0.016391 0.977048 0.002709 0.000631
2 2 0.011721 0.029238 0.954380 0.003337 0.001323
2 2 0.052758 0.050897 0.861170 0.032290 0.002886
2 2 0.010795 0.029935 0.891879 0.065332 0.002059
2 2 0.033517 0.031650 0.900497 0.033140 0.001197
2 2 0.020991 0.028720 0.903498 0.045425 0.001366
2 2 0.003484 0.021849 0.913351 0.059286 0.002031
2 2 0.021029 0.023908 0.503466 0.448673 0.002924
2 2 0.080526 0.045329 0.736337 0.134523 0.003285
2 2 0.012592 0.026413 0.589074 0.368999 0.002922
2 2 0.010049 0.022673 0.751283 0.214319 0.001676
2 2 0.016044 0.025359 0.668354 0.287141 0.003103
3 2 0.079336 0.038029 0.415856 0.462143 0.004636
3 2 0.003788 0.006448 0.176670 0.812272 0.000822
3 3 0.022879 0.016921 0.397788 0.561002 0.001410
3 3 0.010318 0.015373 0.338712 0.633686 0.001912
3 3 0.012158 0.014388 0.294626 0.676836 0.001992
3 3 0.066730 0.028427 0.262362 0.636942 0.005539
3 3 0.023101 0.020851 0.405929 0.548325 0.001794
3 3 0.013830 0.010179 0.183765 0.790761 0.001465
3 3 0.034328 0.017494 0.257129 0.688603 0.002446
3 3 0.020499 0.013306 0.187881 0.776042 0.002272
3 3 0.020767 0.013231 0.107565 0.853994 0.004443
3 3 0.042353 0.021590 0.165062 0.764827 0.006169
2 3 0.300131 0.050753 0.324733 0.315367 0.009015
3 3 0.050066 0.016985 0.124537 0.802665 0.005746
3 3 0.045816 0.025343 0.254342 0.669809 0.004689
3 3 0.019692 0.013886 0.207007 0.757247 0.002167
3 3 0.031354 0.011573 0.150134 0.804592 0.002347
3 3 0.051223 0.017046 0.174298 0.753642 0.003791
3 3 0.016262 0.007392 0.074712 0.899139 0.002495
3 3 0.006255 0.004545 0.042863 0.944286 0.002051
3 3 0.072114 0.019443 0.149366 0.753313 0.005765
3 3 0.083469 0.023302 0.128537 0.755253 0.009439
3 3 0.162880 0.048193 0.261641 0.514598 0.012689
3 3 0.009842 0.006712 0.069396 0.911748 0.002302
3 3 0.029573 0.017932 0.132210 0.814382 0.005903
3 3 0.006644 0.005427 0.088219 0.898520 0.001189
3 3 0.006708 0.003982 0.055973 0.932142 0.001195
3 3 0.033692 0.015343 0.194207 0.753983 0.002775
3 3 0.009136 0.006263 0.109533 0.873884 0.001185
3 3 0.006821 0.004256 0.077798 0.910221 0.000904
3 3 0.017596 0.010027 0.086551 0.882249 0.003577
3 3 0.004766 0.003379 0.046273 0.944463 0.001120
3 3 0.030235 0.012224 0.102498 0.850923 0.004120
3 3 0.016480 0.006281 0.089150 0.886569 0.001520
3 3 0.003757 0.002644 0.028514 0.963810 0.001275
3 3 0.006710 0.005409 0.089204 0.897511 0.001166
3 3 0.021211 0.019376 0.161045 0.793114 0.005254
3 3 0.030893 0.028918 0.434722 0.501985 0.003483
2 3 0.049966 0.027110 0.537130 0.384003 0.001793
3 3 0.042993 0.019910 0.434855 0.500763 0.001478
2 3 0.041856 0.026971 0.495568 0.433444 0.002161
3 3 0.030139 0.028972 0.400826 0.535443 0.004621
2 3 0.050383 0.044400 0.464743 0.434432 0.006041
2 3 0.093148 0.040529 0.495634 0.366792 0.003897
3 3 0.012482 0.017559 0.270177 0.697219 0.002563
2 3 0.077186 0.049929 0.553157 0.312674 0.007053
2 3 0.084244 0.040528 0.466113 0.404133 0.004983
3 3 0.098676 0.036890 0.407057 0.452835 0.004541
3 3 0.045978 0.026384 0.322877 0.600432 0.004330
3 3 0.007642 0.019773 0.421202 0.548117 0.003265
3 3 0.038765 0.025414 0.421600 0.511857 0.002364
3 3 0.027865 0.022595 0.392928 0.554459 0.002152
3 3 0.009439 0.013101 0.281821 0.693743 0.001896
3 3 0.013981 0.013886 0.246231 0.724160 0.001742
3 3 0.005334 0.008484 0.287011 0.698304 0.000867
3 3 0.038055 0.018615 0.227988 0.711973 0.003368
3 3 0.120872 0.038333 0.275373 0.557139 0.008283
3 3 0.042188 0.022164 0.188467 0.741722 0.005459
3 2 0.052305 0.033930 0.193036 0.709701 0.011028
3 2 0.257833 0.086979 0.252192 0.369991 0.033005
2 2 0.059936 0.162909 0.674330 0.001137 0.101687
2 2 0.043034 0.154696 0.744408 0.000100 0.057762
2 2 0.069770 0.159835 0.666188 0.000824 0.103382
2 2 0.163271 0.250780 0.481235 0.000015 0.104699
2 2 0.039123 0.145985 0.712372 0.000489 0.102031
0 2 0.490421 0.124706 0.353886 0.006863 0.024124
0 2 0.856674 0.061170 0.072841 0.000664 0.008652
0 1 0.437734 0.123193 0.399942 0.026645 0.012487
0 1 0.513142 0.190796 0.274295 0.001041 0.020727
0 2 0.538310 0.155715 0.283573 0.001455 0.020948
2 2 0.036743 0.090836 0.857564 0.003045 0.011811
2 2 0.331820 0.145643 0.507469 0.000076 0.014992
2 2 0.123343 0.126600 0.733438 0.000638 0.015981
2 2 0.297132 0.185981 0.480148 0.000382 0.036356
0 2 0.391835 0.195965 0.364992 0.000217 0.046991
2 2 0.370653 0.119875 0.400017 0.086474 0.022981
0 1 0.832332 0.098932 0.050224 0.000384 0.018128
0 2 0.825732 0.092764 0.063044 0.000213 0.018247
0 2 0.564353 0.135816 0.273205 0.002649 0.023978
0 2 0.541412 0.111524 0.333523 0.004310 0.009230
2 2 0.104954 0.136158 0.740024 0.000377 0.018487
2 2 0.139219 0.146184 0.693657 0.000219 0.020722
2 2 0.083558 0.155186 0.722156 0.000392 0.038708
2 2 0.158058 0.152696 0.660665 0.000378 0.028204
2 2 0.099844 0.128711 0.751527 0.000209 0.019708
2 2 0.208813 0.132816 0.642547 0.000356 0.015469
2 2 0.186170 0.158395 0.626096 0.000956 0.028384
2 2 0.018870 0.066180 0.907266 0.001599 0.006085
2 2 0.004781 0.041163 0.935900 0.009853 0.008303
2 2 0.331222 0.158423 0.488062 0.000320 0.021973
2 2 0.014651 0.074584 0.895933 0.003096 0.011735
2 2 0.021364 0.067420 0.894501 0.003406 0.013309
2 2 0.031782 0.095651 0.853511 0.001180 0.017876
2 2 0.005635 0.033563 0.956339 0.001711 0.002752
2 2 0.011593 0.036758 0.946574 0.002420 0.002654
2 2 0.234841 0.185846 0.537933 0.000784 0.040596
2 2 0.016043 0.049486 0.926041 0.003175 0.005255
2 2 0.050542 0.106660 0.813533 0.004421 0.024844
2 2 0.050470 0.114754 0.811475 0.001460 0.021841
2 2 0.050389 0.078689 0.858609 0.002295 0.010018
2 2 0.270522 0.094810 0.625262 0.002357 0.007050
2 2 0.052495 0.066778 0.865885 0.008243 0.006599
2 2 0.039226 0.077383 0.855410 0.013715 0.014267
2 2 0.023766 0.053858 0.893329 0.022043 0.007004
2 2 0.136594 0.105831 0.742268 0.003773 0.011533
2 2 0.268318 0.153013 0.551362 0.000791 0.026517
2 2 0.056073 0.091381 0.833742 0.001239 0.017565
2 2 0.007167 0.051093 0.914721 0.009090 0.017930
2 2 0.023080 0.073149 0.876694 0.011500 0.015577
2 2 0.068748 0.122489 0.780790 0.003557 0.024416
2 2 0.052922 0.044168 0.854113 0.046764 0.002033
0 2 0.546734 0.072836 0.373607 0.003270 0.003553
2 2 0.050052 0.064213 0.854910 0.025606 0.005220
2 2 0.030218 0.047878 0.887175 0.030641 0.004087
2 2 0.017369 0.035351 0.933181 0.011781 0.002319
2 2 0.053636 0.102466 0.816628 0.003582 0.023688
2 2 0.127635 0.148787 0.685049 0.002292 0.036237
2 2 0.138971 0.138262 0.694120 0.001783 0.026863
2 2 0.044075 0.106219 0.785432 0.015134 0.049140
2 2 0.082343 0.098658 0.796874 0.002147 0.019978
2 2 0.069229 0.049771 0.661464 0.216182 0.003354
2 2 0.080856 0.068549 0.767235 0.077441 0.005920
2 2 0.026925 0.053552 0.802607 0.109769 0.007147
2 2 0.259106 0.101254 0.575589 0.052812 0.011239
2 2 0.204505 0.123305 0.628007 0.028049 0.016134
4 1 0.116260 0.272324 0.043011 0.000060 0.568344
4 2 0.180684 0.229765 0.088390 0.000100 0.501062
4 2 0.023314 0.149925 0.133259 0.000545 0.692957
4 2 0.245084 0.247885 0.070224 0.000031 0.436776
4 4 0.277785 0.225916 0.061024 0.000035 0.435241
4 4 0.041314 0.159049 0.029307 0.000001 0.770330
4 4 0.022341 0.101265 0.026088 0.000005 0.850302
4 4 0.010520 0.074360 0.040494 0.000045 0.874580
4 4 0.041409 0.144227 0.047549 0.000017 0.766799
4 4 0.059440 0.179336 0.048253 0.000005 0.712966
4 4 0.142306 0.253995 0.059458 0.000004 0.544236
4 4 0.071326 0.174792 0.076933 0.000035 0.676913
4 4 0.176778 0.262752 0.060929 0.000004 0.499538
4 4 0.145003 0.244371 0.058782 0.000007 0.551837
4 4 0.074070 0.249218 0.079248 0.000007 0.597456
4 4 0.115381 0.243644 0.054637 0.000004 0.586333
4 4 0.045179 0.172662 0.038893 0.000003 0.743264
4 4 0.055813 0.166398 0.044891 0.000005 0.732893
4 4 0.172877 0.304261 0.049406 0.000000 0.473455
4 4 0.025738 0.074711 0.030465 0.000113 0.868973
4 4 0.024070 0.146594 0.029591 0.000001 0.799744
4 4 0.023776 0.078938 0.027121 0.000052 0.870113
4 4 0.025101 0.112637 0.038161 0.000008 0.824092
4 4 0.095947 0.229913 0.037464 0.000001 0.636675
4 4 0.034837 0.167126 0.042733 0.000002 0.755301
4 4 0.038196 0.163333 0.062579 0.000012 0.735880
4 4 0.047393 0.200254 0.045461 0.000001 0.706891
4 4 0.046599 0.136143 0.029228 0.000006 0.788024
4 4 0.013963 0.090995 0.038488 0.000019 0.856536
4 4 0.050213 0.141063 0.044319 0.000011 0.764395
4 4 0.300118 0.254889 0.057948 0.000010 0.387036
4 4 0.172205 0.216959 0.067735 0.000034 0.543066
4 4 0.041766 0.096806 0.059612 0.000583 0.801234
4 4 0.064448 0.110753 0.041509 0.000173 0.783117
4 4 0.039677 0.085350 0.050946 0.000933 0.823094
4 4 0.048055 0.188228 0.046760 0.000004 0.716954
4 4 0.070081 0.163386 0.047706 0.000017 0.718809
4 4 0.032328 0.085295 0.026058 0.000043 0.856276
4 4 0.049891 0.139556 0.043937 0.000012 0.766603
4 4 0.084284 0.221005 0.041208 0.000001 0.653501
4 4 0.072831 0.219007 0.056387 0.000004 0.651771
