0 0 0.959003 0.029021 0.008574 0.000047 0.003356
0 0 0.967325 0.025405 0.003641 0.000089 0.003541
0 0 0.907521 0.073782 0.010498 0.000055 0.008145
0 0 0.957455 0.035159 0.005543 0.000006 0.001836
0 0 0.920902 0.064232 0.009343 0.000003 0.005519
0 0 0.497764 0.268351 0.054359 0.000883 0.178642
0 0 0.826895 0.119933 0.027384 0.000287 0.025501
0 0 0.789860 0.150704 0.021612 0.000056 0.037769
0 0 0.657723 0.195726 0.045792 0.003546 0.097213
0 0 0.528247 0.256201 0.030336 0.001507 0.183709
2 1 0.007920 0.143043 0.775631 0.001671 0.071735
2 1 0.000980 0.060251 0.862769 0.009699 0.066300
2 2 0.001904 0.043942 0.888955 0.036713 0.028485
2 2 0.002691 0.060572 0.865256 0.018396 0.053085
2 2 0.047669 0.069483 0.868120 0.007228 0.007500
1 2 0.082212 0.359067 0.267725 0.000204 0.290793
2 2 0.006072 0.203614 0.590776 0.000000 0.199538
2 2 0.007048 0.222426 0.513659 0.000000 0.256867
2 2 0.002289 0.115927 0.787323 0.000000 0.094461
1 2 0.027050 0.348489 0.296287 0.000000 0.328175
2 2 0.001437 0.085532 0.852978 0.000001 0.060053
2 2 0.003011 0.118488 0.805481 0.000001 0.073020
2 2 0.005166 0.151746 0.748229 0.000000 0.094858
2 2 0.036517 0.311356 0.444219 0.000001 0.207906
2 1 0.032719 0.295731 0.518004 0.000009 0.153537
2 1 0.217554 0.235830 0.513676 0.003697 0.029243
2 1 0.155408 0.204295 0.570518 0.036413 0.033366
0 1 0.745381 0.111431 0.126428 0.008120 0.008639
0 0 0.790429 0.116988 0.081320 0.000087 0.011176
0 0 0.942496 0.018930 0.038320 0.000001 0.000254
0 1 0.780940 0.125732 0.088891 0.000000 0.004438
0 1 0.443787 0.340374 0.100641 0.000076 0.115122
1 0 0.369599 0.395266 0.144907 0.000316 0.089912
1 0 0.217236 0.405782 0.323368 0.000092 0.053522
2 0 0.065137 0.277991 0.607464 0.000796 0.048612
4 0 0.045622 0.234147 0.109809 0.001120 0.609302
4 1 0.010788 0.141519 0.153875 0.002325 0.691493
4 1 0.004255 0.105627 0.199985 0.003282 0.686851
4 1 0.007676 0.127518 0.177209 0.002829 0.684768
4 2 0.001006 0.075379 0.419992 0.002167 0.501455
2 2 0.000048 0.013166 0.974876 0.001346 0.010565
2 2 0.000000 0.000442 0.989825 0.009405 0.000328
2 2 0.000001 0.000469 0.996344 0.003070 0.000116
2 2 0.000066 0.013581 0.977281 0.001932 0.007140
2 2 0.000002 0.000230 0.999607 0.000150 0.000011
2 2 0.000034 0.000342 0.979987 0.019627 0.000010
2 2 0.000001 0.000079 0.975477 0.024436 0.000006
2 2 0.000006 0.000306 0.972273 0.027381 0.000034
2 2 0.000004 0.000386 0.972230 0.027305 0.000075
2 2 0.000017 0.001306 0.942131 0.056129 0.000418
2 2 0.000090 0.000921 0.754326 0.244566 0.000098
2 2 0.000037 0.000245 0.887855 0.111855 0.000008
2 2 0.000320 0.003625 0.742378 0.253067 0.000611
2 2 0.000014 0.000453 0.517882 0.481546 0.000104
2 3 0.000161 0.001030 0.712640 0.286091 0.000079
2 3 0.000121 0.001705 0.657575 0.340246 0.000353
2 3 0.000029 0.001021 0.625843 0.372784 0.000323
2 3 0.000132 0.004782 0.661606 0.330981 0.002500
3 3 0.000119 0.001397 0.428706 0.569512 0.000266
2 3 0.000305 0.002023 0.641640 0.355841 0.000191
3 3 0.000087 0.001114 0.418567 0.579997 0.000235
2 3 0.000402 0.004735 0.510163 0.483434 0.001266
3 3 0.000302 0.001925 0.330159 0.667286 0.000328
2 3 0.000033 0.001971 0.500929 0.495536 0.001530
3 3 0.000186 0.002024 0.238382 0.758826 0.000581
3 3 0.000604 0.004129 0.247634 0.746566 0.001066
3 3 0.000331 0.004240 0.273128 0.720597 0.001704
3 3 0.000561 0.005341 0.275735 0.716734 0.001629
3 3 0.000067 0.001287 0.172792 0.825225 0.000630
3 3 0.000108 0.001992 0.165746 0.831005 0.001149
3 3 0.000174 0.002428 0.264118 0.732406 0.000874
3 3 0.000713 0.002528 0.104205 0.892000 0.000554
3 3 0.000107 0.001218 0.216285 0.782028 0.000362
3 3 0.000036 0.000911 0.110260 0.888205 0.000589
3 3 0.000227 0.001756 0.162732 0.834805 0.000479
3 3 0.000171 0.002350 0.193755 0.802762 0.000962
3 3 0.000165 0.002200 0.218090 0.778793 0.000752
3 3 0.000065 0.001457 0.080322 0.917000 0.001155
3 3 0.000081 0.001584 0.165652 0.831929 0.000754
3 3 0.000100 0.002046 0.224350 0.772511 0.000992
3 3 0.000047 0.000743 0.085113 0.913772 0.000326
3 3 0.000189 0.001475 0.086035 0.911785 0.000515
3 3 0.000121 0.001433 0.153178 0.844753 0.000515
3 3 0.000240 0.001572 0.093635 0.904097 0.000457
3 3 0.001443 0.005011 0.166672 0.826026 0.000848
3 3 0.000156 0.001529 0.097713 0.900084 0.000518
3 3 0.000280 0.001588 0.089151 0.908602 0.000379
3 3 0.000164 0.001601 0.119585 0.878144 0.000507
3 3 0.000113 0.001008 0.061214 0.937307 0.000358
3 3 0.000050 0.001357 0.098175 0.899282 0.001136
3 3 0.000147 0.000752 0.085630 0.913325 0.000145
3 3 0.000030 0.000627 0.058238 0.940671 0.000433
3 3 0.000028 0.000675 0.098584 0.900323 0.000390
3 3 0.000397 0.002254 0.083811 0.912918 0.000620
3 3 0.001181 0.003517 0.137034 0.857718 0.000550
3 3 0.000309 0.000854 0.109188 0.889551 0.000099
3 3 0.000091 0.000945 0.106921 0.891738 0.000306
3 3 0.000064 0.000717 0.087083 0.911879 0.000257
3 3 0.000154 0.001420 0.131168 0.866848 0.000410
3 3 0.000105 0.000774 0.067727 0.931189 0.000204
3 3 0.010820 0.021359 0.176261 0.786156 0.005403
2 2 0.042791 0.088405 0.591230 0.249475 0.028100
0 1 0.433445 0.170251 0.388550 0.002329 0.005425
2 2 0.044991 0.091713 0.770056 0.079519 0.013722
0 2 0.567142 0.179224 0.244146 0.001859 0.007630
0 1 0.823855 0.106830 0.020627 0.000752 0.047936
0 1 0.827620 0.106474 0.037011 0.000805 0.028089
0 1 0.746734 0.162624 0.042301 0.000325 0.048016
0 1 0.707048 0.194663 0.027173 0.001386 0.069731
0 2 0.620897 0.234169 0.046464 0.003934 0.094536
2 2 0.009319 0.137912 0.768328 0.005668 0.078774
2 2 0.002292 0.086867 0.843683 0.001736 0.065423
2 2 0.001857 0.074676 0.876460 0.001660 0.045347
2 2 0.000805 0.048201 0.910815 0.006774 0.033405
2 2 0.000606 0.048099 0.895069 0.005680 0.050545
2 2 0.000005 0.000597 0.996090 0.003235 0.000073
2 2 0.000098 0.016206 0.972552 0.002848 0.008296
2 2 0.000020 0.003221 0.992603 0.003385 0.000771
2 2 0.000025 0.002934 0.990700 0.005629 0.000712
2 2 0.000029 0.009773 0.977956 0.004533 0.007709
2 2 0.000069 0.003351 0.977035 0.018759 0.000786
2 2 0.000065 0.002329 0.977447 0.019730 0.000429
2 2 0.005534 0.089953 0.876085 0.004491 0.023936
2 2 0.000056 0.001904 0.969119 0.028556 0.000365
2 2 0.000345 0.008002 0.979996 0.010550 0.001107
2 2 0.000473 0.013213 0.984515 0.000172 0.001626
2 2 0.000006 0.004162 0.985775 0.007179 0.002879
2 2 0.000053 0.010624 0.981482 0.003364 0.004478
2 2 0.000001 0.000553 0.996338 0.002989 0.000119
2 2 0.000057 0.008949 0.986994 0.000311 0.003688
2 2 0.000058 0.004612 0.906718 0.086094 0.002517
2 2 0.000034 0.001060 0.969686 0.029091 0.000130
2 2 0.000279 0.012619 0.954587 0.027995 0.004519
2 2 0.000731 0.007089 0.977050 0.014644 0.000486
2 2 0.000058 0.001205 0.958778 0.039847 0.000112
2 2 0.000142 0.012484 0.968826 0.013315 0.005233
2 2 0.000106 0.008809 0.971636 0.016019 0.003430
2 2 0.000079 0.006114 0.975371 0.016367 0.002068
2 2 0.000041 0.005222 0.977089 0.015525 0.002123
2 2 0.000156 0.004272 0.969783 0.024987 0.000802
2 2 0.000029 0.002943 0.978761 0.017336 0.000931
2 2 0.000012 0.000842 0.981883 0.017111 0.000152
2 2 0.000450 0.010496 0.979987 0.007597 0.001469
2 2 0.000038 0.004323 0.968813 0.024995 0.001831
2 2 0.000124 0.000845 0.982395 0.016605 0.000030
2 2 0.000180 0.007197 0.961667 0.028750 0.002207
2 2 0.000038 0.002440 0.941309 0.055359 0.000853
2 2 0.000198 0.007069 0.942406 0.047920 0.002406
2 2 0.000037 0.001330 0.979251 0.019192 0.000190
2 2 0.000412 0.003729 0.923472 0.071935 0.000451
2 2 0.000043 0.002516 0.942480 0.054118 0.000844
2 2 0.000150 0.002615 0.943064 0.053781 0.000390
2 2 0.000417 0.003537 0.885612 0.110012 0.000422
2 2 0.000231 0.013784 0.917380 0.060782 0.007823
2 2 0.000670 0.001122 0.964129 0.034066 0.000013
2 2 0.000030 0.000471 0.973332 0.026139 0.000028
2 2 0.001289 0.004417 0.976048 0.018067 0.000180
2 2 0.000611 0.009928 0.935383 0.051998 0.002080
2 2 0.000039 0.002488 0.904122 0.092323 0.001028
2 2 0.000039 0.004765 0.781194 0.209337 0.004666
2 2 0.000193 0.006941 0.863411 0.126946 0.002509
2 2 0.001327 0.006181 0.925092 0.066946 0.000454
2 2 0.000362 0.005230 0.886117 0.107328 0.000963
2 2 0.000092 0.001367 0.871402 0.126975 0.000165
2 2 0.000073 0.004311 0.540272 0.451830 0.003515
2 2 0.000321 0.005706 0.818903 0.173474 0.001595
2 2 0.001006 0.007144 0.815788 0.175056 0.001007
2 2 0.000781 0.003028 0.662985 0.332994 0.000212
3 3 0.000443 0.003867 0.415300 0.579515 0.000876
2 3 0.000661 0.002679 0.650997 0.345434 0.000230
3 3 0.000758 0.006922 0.433111 0.557207 0.002002
2 3 0.001329 0.007382 0.542223 0.447874 0.001192
2 3 0.003339 0.006086 0.523944 0.466161 0.000470
3 3 0.000325 0.006382 0.341182 0.648489 0.003621
3 3 0.001694 0.005740 0.416970 0.574867 0.000729
3 3 0.000116 0.000933 0.253451 0.745344 0.000158
3 3 0.000257 0.000862 0.190817 0.807980 0.000085
3 3 0.000079 0.001270 0.220938 0.777266 0.000447
3 3 0.000443 0.002494 0.247904 0.748744 0.000416
3 3 0.000414 0.001136 0.163434 0.834912 0.000104
3 3 0.000054 0.000990 0.296119 0.702526 0.000311
3 3 0.000093 0.001549 0.190543 0.807217 0.000598
3 3 0.000616 0.001944 0.333556 0.663700 0.000185
3 3 0.000056 0.001249 0.244085 0.753993 0.000617
3 3 0.000061 0.001222 0.282290 0.715986 0.000441
3 3 0.000999 0.003392 0.125058 0.869841 0.000710
3 3 0.000155 0.001383 0.121987 0.876039 0.000436
3 3 0.000293 0.002137 0.134270 0.862721 0.000579
3 3 0.000489 0.002129 0.089126 0.907760 0.000496
3 3 0.000196 0.001882 0.089104 0.908111 0.000707
3 3 0.000044 0.001452 0.285218 0.712369 0.000918
3 3 0.000188 0.001787 0.174167 0.823371 0.000487
3 3 0.000048 0.000551 0.158447 0.840816 0.000138
3 3 0.000060 0.001004 0.221210 0.777365 0.000361
3 3 0.000082 0.001154 0.179559 0.818843 0.000362
3 3 0.000578 0.002366 0.069814 0.926657 0.000585
3 3 0.000446 0.004544 0.139661 0.853323 0.002027
3 3 0.000373 0.001850 0.230808 0.766698 0.000271
3 3 0.000458 0.002626 0.378494 0.618042 0.000380
3 3 0.000231 0.001123 0.106710 0.891727 0.000208
3 3 0.000200 0.001781 0.176403 0.821114 0.000503
3 3 0.000313 0.002942 0.160332 0.835367 0.001046
3 3 0.000216 0.001339 0.191966 0.806227 0.000253
3 3 0.001917 0.003439 0.075049 0.919133 0.000463
3 3 0.000083 0.001147 0.133993 0.864317 0.000461
3 3 0.000666 0.002316 0.194927 0.801750 0.000341
3 3 0.002503 0.005153 0.086515 0.904880 0.000948
3 3 0.000871 0.003271 0.088163 0.906928 0.000768
3 3 0.000410 0.002022 0.064081 0.932884 0.000604
3 3 0.003221 0.005949 0.136081 0.853990 0.000758
3 3 0.000059 0.000680 0.091619 0.907410 0.000231
3 3 0.000127 0.001007 0.063193 0.935387 0.000286
3 3 0.000744 0.002046 0.071711 0.925146 0.000353
3 3 0.000128 0.000998 0.088941 0.909663 0.000269
3 3 0.000767 0.001256 0.042361 0.955451 0.000164
3 3 0.000362 0.001219 0.065332 0.932858 0.000229
3 3 0.000818 0.002384 0.186547 0.809971 0.000280
3 3 0.001570 0.005921 0.168179 0.823037 0.001293
3 3 0.000234 0.001392 0.068136 0.929832 0.000407
3 3 0.000423 0.001439 0.099046 0.898833 0.000259
3 3 0.001495 0.003707 0.104557 0.889627 0.000614
3 3 0.006862 0.004645 0.210387 0.777878 0.000228
3 3 0.002792 0.005584 0.116508 0.874304 0.000811
3 3 0.000798 0.002234 0.077030 0.919555 0.000384
3 3 0.000530 0.002533 0.105093 0.891201 0.000642
3 3 0.000327 0.001326 0.053629 0.944381 0.000337
3 3 0.000302 0.001485 0.130873 0.867073 0.000267
3 3 0.000902 0.002176 0.159762 0.836906 0.000253
3 3 0.002081 0.002174 0.076804 0.918760 0.000182
3 3 0.004081 0.005575 0.221232 0.768674 0.000438
3 3 0.000883 0.002197 0.043453 0.953010 0.000457
3 3 0.000134 0.001350 0.069925 0.928002 0.000588
3 3 0.000113 0.000953 0.072338 0.926268 0.000327
3 3 0.000205 0.001168 0.130124 0.868264 0.000239
3 3 0.000538 0.002476 0.052679 0.943471 0.000837
2 2 0.015353 0.106974 0.748033 0.068112 0.061529
2 2 0.002113 0.035880 0.895374 0.048881 0.017751
2 2 0.001982 0.066167 0.804748 0.031048 0.096055
2 2 0.001350 0.060747 0.816889 0.041145 0.079869
2 2 0.000472 0.023277 0.935920 0.028985 0.011345
2 2 0.000447 0.030043 0.950980 0.000485 0.018044
2 2 0.000244 0.031086 0.938488 0.001362 0.028820
2 2 0.000080 0.007341 0.990713 0.000253 0.001614
2 2 0.000135 0.022066 0.959774 0.001115 0.016910
2 2 0.000115 0.019698 0.968405 0.000087 0.011696
2 2 0.000340 0.025538 0.791129 0.154089 0.028904
2 2 0.000524 0.018599 0.947208 0.026681 0.006988
2 2 0.000181 0.009240 0.978187 0.009599 0.002794
2 2 0.000216 0.006043 0.970322 0.022067 0.001352
2 4 0.004416 0.075666 0.890186 0.005361 0.024371
2 4 0.001609 0.088765 0.762262 0.000853 0.146510
2 4 0.000284 0.040029 0.881744 0.001721 0.076223
2 4 0.000740 0.070213 0.601146 0.001647 0.326255
2 4 0.004637 0.138318 0.571925 0.001443 0.283677
2 4 0.000949 0.076534 0.602739 0.002214 0.317565
4 4 0.003357 0.117993 0.327472 0.000288 0.550890
4 4 0.002427 0.093750 0.304541 0.010952 0.588331
4 4 0.003809 0.118417 0.272212 0.000228 0.605335
4 4 0.002044 0.088371 0.280769 0.003515 0.625302
4 4 0.001904 0.100695 0.418600 0.000282 0.478518
4 4 0.015511 0.093923 0.022432 0.000009 0.868124
4 4 0.002786 0.067771 0.068916 0.000142 0.860384
4 4 0.001919 0.066966 0.112712 0.000448 0.817954
4 4 0.002328 0.071133 0.107792 0.000420 0.818326
4 4 0.001666 0.061776 0.102945 0.000331 0.833282
4 4 0.291157 0.286397 0.024210 0.000400 0.397836
0 4 0.508503 0.162558 0.011551 0.000016 0.317373
4 4 0.356012 0.233530 0.020402 0.000111 0.389944
4 4 0.165012 0.265222 0.040095 0.000451 0.529220
4 4 0.226269 0.259209 0.021082 0.000165 0.493276
4 4 0.006680 0.089156 0.054895 0.000111 0.849158
4 4 0.019946 0.123491 0.039690 0.000077 0.816795
4 4 0.009230 0.099557 0.050787 0.000109 0.840316
4 4 0.008181 0.103021 0.070033 0.000225 0.818540
4 4 0.017810 0.080313 0.009565 0.000002 0.892310
4 4 0.008287 0.140465 0.208303 0.001966 0.640978
4 4 0.003814 0.097865 0.173670 0.002028 0.722623
4 4 0.021120 0.170295 0.120378 0.001569 0.686638
4 4 0.001821 0.073443 0.168106 0.001418 0.755213
4 4 0.032426 0.202412 0.118937 0.000652 0.645574
4 4 0.008084 0.111572 0.101181 0.000542 0.778621
4 4 0.017353 0.104548 0.028812 0.000028 0.849259
4 4 0.003933 0.090324 0.124069 0.000752 0.780922
4 4 0.003847 0.085545 0.105735 0.000471 0.804403
4 4 0.011818 0.115134 0.066104 0.000135 0.806808
4 4 0.012276 0.110588 0.054679 0.000128 0.822329
4 4 0.004103 0.075042 0.063161 0.000114 0.857579
4 4 0.005992 0.098116 0.095586 0.000413 0.799894
4 4 0.001627 0.061622 0.105189 0.000349 0.831213
4 4 0.005040 0.056164 0.017589 0.000005 0.921202
4 4 0.004214 0.126468 0.313106 0.000352 0.555861
4 4 0.001042 0.072898 0.310783 0.000737 0.614541
2 4 0.000957 0.077340 0.548808 0.001555 0.371340
4 4 0.001164 0.081383 0.364445 0.000238 0.552770
4 4 0.000726 0.069334 0.369086 0.000110 0.560743
2 2 0.000502 0.040481 0.926045 0.003462 0.029511
2 2 0.000136 0.021222 0.965308 0.000530 0.012803
2 2 0.000039 0.007237 0.990026 0.000142 0.002556
2 2 0.000159 0.024071 0.959839 0.000230 0.015701
2 2 0.000138 0.021720 0.958561 0.002806 0.016776
2 2 0.000150 0.023342 0.960832 0.000260 0.015416
2 2 0.000057 0.016897 0.970935 0.000008 0.012103
2 2 0.000092 0.019362 0.966386 0.000093 0.014067
2 2 0.000129 0.023313 0.961523 0.000017 0.015018
2 2 0.000021 0.009329 0.982817 0.000180 0.007653
2 2 0.000224 0.030738 0.935786 0.001373 0.031879
2 2 0.000455 0.047985 0.894775 0.000167 0.056618
2 2 0.000122 0.022527 0.956534 0.000499 0.020318
2 2 0.000333 0.040880 0.912692 0.000146 0.045948
2 2 0.000215 0.033085 0.929977 0.000115 0.036608
2 2 0.000192 0.025088 0.959636 0.000443 0.014641
2 2 0.000294 0.035283 0.936773 0.000097 0.027553
2 2 0.000117 0.022237 0.958534 0.000230 0.018882
2 2 0.000324 0.035270 0.935662 0.000592 0.028151
2 2 0.000060 0.014012 0.976841 0.000579 0.008507
2 2 0.000136 0.023237 0.952328 0.001890 0.022409
2 2 0.000275 0.024787 0.954008 0.006356 0.014574
2 2 0.000134 0.015790 0.975114 0.001165 0.007797
2 2 0.000044 0.011641 0.970339 0.009126 0.008849
2 2 0.000073 0.014373 0.969718 0.004575 0.011260
2 2 0.000643 0.013151 0.982941 0.000917 0.002348
2 2 0.000067 0.009232 0.961028 0.024316 0.005358
2 2 0.000069 0.011931 0.968948 0.012123 0.006930
2 2 0.000091 0.010184 0.971781 0.012644 0.005300
2 2 0.000153 0.005757 0.980575 0.012333 0.001182
2 2 0.007592 0.058364 0.898206 0.019554 0.016285
2 2 0.001552 0.028791 0.931534 0.025186 0.012935
2 1 0.305441 0.274632 0.400463 0.001018 0.018446
2 1 0.029769 0.153528 0.761334 0.013469 0.041901
2 2 0.042601 0.130689 0.801554 0.005865 0.019292
2 2 0.000210 0.012598 0.983929 0.000169 0.003094
2 2 0.000159 0.014381 0.979256 0.001134 0.005071
2 2 0.000477 0.040028 0.924563 0.003797 0.031135
2 2 0.000545 0.040982 0.931097 0.002047 0.025329
2 2 0.000190 0.023639 0.958593 0.000901 0.016677
2 2 0.000100 0.016382 0.973388 0.002063 0.008068
2 2 0.000095 0.017876 0.969228 0.000926 0.011874
2 2 0.000401 0.041019 0.920711 0.000430 0.037439
2 2 0.000101 0.017982 0.969029 0.001433 0.011454
2 2 0.000229 0.025981 0.959567 0.000817 0.013406
2 2 0.000485 0.016260 0.950836 0.026723 0.005697
2 2 0.002249 0.005889 0.973624 0.018006 0.000233
2 2 0.001646 0.011222 0.957986 0.028011 0.001136
2 2 0.000976 0.022460 0.935105 0.035179 0.006281
2 2 0.000660 0.012301 0.957477 0.026607 0.002955
2 1 0.018154 0.104328 0.851133 0.004136 0.022249
2 1 0.004248 0.050232 0.921637 0.013396 0.010487
2 2 0.001661 0.022883 0.961823 0.009549 0.004084
2 2 0.001390 0.031670 0.928123 0.026397 0.012420
2 2 0.008303 0.034605 0.950298 0.003377 0.003417
2 2 0.002973 0.011769 0.977411 0.007251 0.000596
2 2 0.000437 0.011368 0.981693 0.004326 0.002176
2 2 0.000939 0.014875 0.978694 0.003296 0.002196
2 2 0.004620 0.025473 0.962965 0.004782 0.002160
2 2 0.000782 0.020309 0.960614 0.012451 0.005844
2 2 0.005149 0.041837 0.920273 0.021116 0.011624
2 2 0.002329 0.029744 0.921430 0.037550 0.008947
2 2 0.003274 0.055578 0.885855 0.024348 0.030945
2 2 0.006771 0.079645 0.860187 0.014155 0.039243
2 2 0.145430 0.290800 0.461281 0.001792 0.100698
0 2 0.404143 0.282109 0.227861 0.011984 0.073902
2 2 0.154709 0.177804 0.630314 0.007678 0.029496
0 0 0.767818 0.133766 0.072563 0.000989 0.024865
0 1 0.463953 0.309083 0.156815 0.002064 0.068084
0 2 0.357016 0.296362 0.262101 0.006555 0.077966
2 2 0.000151 0.007483 0.977166 0.013185 0.002015
2 2 0.000380 0.019351 0.973160 0.001600 0.005509
2 2 0.000264 0.019367 0.969382 0.003518 0.007469
2 2 0.000129 0.009614 0.983241 0.004155 0.002861
2 2 0.000101 0.012498 0.980774 0.001014 0.005612
2 2 0.000323 0.034263 0.937849 0.001101 0.026465
2 2 0.000099 0.012212 0.980778 0.000539 0.006372
2 2 0.000151 0.020619 0.962266 0.003034 0.013930
2 2 0.000081 0.006805 0.978242 0.012586 0.002287
2 2 0.000081 0.009008 0.983994 0.003890 0.003027
2 2 0.000085 0.013933 0.967820 0.009422 0.008739
2 2 0.000058 0.009185 0.979730 0.007153 0.003874
2 2 0.000058 0.006455 0.979475 0.011606 0.002406
2 2 0.000102 0.013068 0.976800 0.002161 0.007869
2 2 0.000170 0.025349 0.949270 0.002365 0.022845
2 2 0.000940 0.009687 0.965997 0.022389 0.000986
2 2 0.000680 0.022413 0.957911 0.011237 0.007760
2 2 0.000980 0.012356 0.943108 0.041631 0.001925
2 2 0.000360 0.007498 0.943666 0.047001 0.001475
2 2 0.000393 0.015636 0.951949 0.026164 0.005859
2 2 0.000112 0.003417 0.971355 0.024498 0.000617
2 2 0.000245 0.003957 0.977329 0.018026 0.000442
2 2 0.000111 0.008522 0.959839 0.027771 0.003758
2 2 0.000164 0.002634 0.972623 0.024324 0.000256
2 2 0.000310 0.010378 0.958894 0.027469 0.002948
2 2 0.008181 0.019347 0.907333 0.064096 0.001043
2 2 0.000500 0.009371 0.911868 0.075703 0.002558
2 2 0.000534 0.004621 0.894646 0.099633 0.000566
2 2 0.000781 0.007883 0.924751 0.065540 0.001045
2 2 0.000111 0.002827 0.902600 0.093722 0.000740
2 2 0.000363 0.009089 0.912372 0.075327 0.002849
2 2 0.000403 0.013693 0.915173 0.064589 0.006141
2 2 0.001387 0.007059 0.872216 0.118644 0.000694
2 2 0.001007 0.008730 0.918877 0.070073 0.001312
2 2 0.000979 0.007578 0.900517 0.089920 0.001006
2 2 0.004322 0.013176 0.772479 0.208734 0.001290
2 2 0.000517 0.008093 0.774992 0.214154 0.002244
2 3 0.000823 0.003131 0.715841 0.279943 0.000262
2 3 0.000746 0.004956 0.837600 0.156193 0.000507
2 3 0.000918 0.006146 0.546732 0.445094 0.001110
3 3 0.000389 0.003311 0.424947 0.570689 0.000663
2 3 0.008809 0.033220 0.528152 0.424082 0.005737
2 3 0.001286 0.004419 0.642241 0.351665 0.000389
2 3 0.002630 0.008291 0.548674 0.439499 0.000906
3 3 0.001959 0.004045 0.310256 0.683374 0.000365
2 3 0.000843 0.007845 0.631373 0.358378 0.001562
3 3 0.001104 0.004016 0.467597 0.526865 0.000419
3 3 0.001211 0.003749 0.495781 0.498884 0.000376
3 3 0.000417 0.004266 0.482577 0.511788 0.000951
3 3 0.000515 0.004823 0.389844 0.603621 0.001197
3 3 0.000625 0.004003 0.386480 0.608071 0.000821
3 3 0.002191 0.008319 0.479703 0.508734 0.001052
3 3 0.001293 0.006439 0.385927 0.605162 0.001179
2 3 0.001332 0.013290 0.563360 0.418329 0.003688
3 3 0.001342 0.006895 0.352209 0.638048 0.001505
3 3 0.002446 0.011906 0.263234 0.719362 0.003052
3 3 0.000726 0.003637 0.214408 0.780385 0.000844
3 3 0.000822 0.004003 0.175088 0.819194 0.000894
3 3 0.004769 0.010291 0.139212 0.844185 0.001543
3 3 0.003719 0.011245 0.383598 0.599858 0.001581
3 3 0.004414 0.006274 0.165234 0.823457 0.000620
3 3 0.001147 0.005197 0.417066 0.575821 0.000769
3 3 0.004149 0.005217 0.253784 0.736525 0.000325
3 3 0.000825 0.005822 0.130941 0.860342 0.002069
3 3 0.001971 0.003963 0.251022 0.742640 0.000405
3 3 0.003596 0.017391 0.442598 0.532845 0.003570
3 3 0.000653 0.002534 0.170165 0.826232 0.000415
3 3 0.000944 0.006353 0.240851 0.750218 0.001634
3 3 0.006478 0.014089 0.335552 0.642370 0.001511
3 3 0.000977 0.005180 0.246070 0.746705 0.001068
3 3 0.005371 0.013957 0.249225 0.728998 0.002449
3 3 0.002141 0.005660 0.303200 0.688328 0.000671
2 3 0.002101 0.007669 0.573922 0.415401 0.000907
3 3 0.003212 0.008960 0.412039 0.574552 0.001237
3 3 0.005948 0.008805 0.120975 0.863058 0.001215
3 3 0.002284 0.006809 0.210846 0.778819 0.001242
3 3 0.012488 0.011478 0.390837 0.584583 0.000613
3 3 0.000554 0.004224 0.201247 0.792634 0.001340
3 3 0.001187 0.005919 0.262650 0.729024 0.001221
3 3 0.004496 0.005805 0.085553 0.903401 0.000745
3 3 0.000109 0.001757 0.255167 0.742258 0.000710
3 3 0.001145 0.010029 0.259708 0.725310 0.003807
3 3 0.000268 0.003337 0.285621 0.709709 0.001065
3 3 0.000478 0.005044 0.451721 0.541456 0.001301
2 3 0.003812 0.006917 0.678627 0.310232 0.000411
3 3 0.000331 0.003589 0.236349 0.758505 0.001227
3 3 0.000429 0.003662 0.210442 0.784362 0.001105
3 3 0.000309 0.002677 0.290499 0.705844 0.000671
3 3 0.001137 0.005793 0.124857 0.866699 0.001514
2 2 0.009587 0.051815 0.778775 0.149916 0.009907
2 1 0.009609 0.080813 0.866783 0.006369 0.036426
2 1 0.011117 0.158139 0.766952 0.001698 0.062094
2 2 0.000640 0.034772 0.943276 0.001629 0.019683
2 2 0.000922 0.056292 0.896318 0.002335 0.044133
2 2 0.000586 0.046318 0.878465 0.020838 0.053793
2 2 0.000572 0.041998 0.932044 0.001115 0.024271
2 2 0.000555 0.043296 0.920916 0.002599 0.032634
2 2 0.000927 0.058424 0.886147 0.002236 0.052267
2 2 0.000281 0.031621 0.932013 0.006987 0.029098
2 2 0.001683 0.074050 0.870131 0.001660 0.052476
2 2 0.000135 0.022566 0.954005 0.002668 0.020625
2 2 0.000018 0.008096 0.986178 0.000159 0.005549
2 2 0.000004 0.001526 0.997931 0.000110 0.000429
2 2 0.000006 0.004416 0.988496 0.003433 0.003648
2 2 0.000033 0.011257 0.978316 0.000905 0.009488
2 2 0.001647 0.091011 0.592469 0.007887 0.306985
2 4 0.003113 0.116422 0.532095 0.004951 0.343419
2 4 0.000849 0.070359 0.696506 0.005264 0.227021
4 4 0.003033 0.111133 0.395003 0.004438 0.486393
4 4 0.004018 0.123470 0.401911 0.005008 0.465593
4 4 0.009671 0.129071 0.123715 0.000403 0.737140
4 4 0.004861 0.087856 0.085860 0.000283 0.821139
4 4 0.001541 0.062583 0.108644 0.000121 0.827111
4 4 0.002023 0.081184 0.200468 0.001368 0.714957
4 4 0.003067 0.078914 0.100358 0.000159 0.817502
4 4 0.110506 0.255406 0.043224 0.000531 0.590333
4 4 0.007127 0.109427 0.082185 0.000492 0.800769
4 4 0.108384 0.170204 0.009872 0.000007 0.711532
4 4 0.077941 0.223591 0.043770 0.000352 0.654346
4 4 0.242445 0.181256 0.008777 0.000003 0.567520
4 4 0.088134 0.188715 0.020402 0.000051 0.702698
4 4 0.044343 0.146098 0.018809 0.000029 0.790721
4 4 0.079422 0.155682 0.011227 0.000011 0.753658
4 4 0.104297 0.172621 0.012209 0.000015 0.710858
4 4 0.118832 0.102198 0.001819 0.000000 0.777152
4 4 0.376041 0.211973 0.004981 0.000008 0.406997
0 4 0.517747 0.251261 0.025764 0.000327 0.204901
0 0 0.738709 0.155721 0.012931 0.000043 0.092597
0 0 0.533554 0.193047 0.017643 0.000089 0.255668
0 1 0.455590 0.273680 0.032840 0.001217 0.236673
2 1 0.001459 0.071954 0.880188 0.000190 0.046209
2 1 0.001007 0.065261 0.874182 0.000237 0.059313
2 2 0.000180 0.025801 0.956094 0.000273 0.017653
2 2 0.000085 0.019257 0.961926 0.000338 0.018394
2 2 0.000137 0.023755 0.949842 0.001896 0.024370
2 2 0.000078 0.013457 0.979496 0.001269 0.005700
2 2 0.000120 0.020019 0.963509 0.002086 0.014266
2 2 0.000004 0.002880 0.992972 0.002428 0.001717
2 2 0.000070 0.014570 0.973482 0.002644 0.009234
2 2 0.000035 0.011089 0.977896 0.001976 0.009004
2 2 0.000260 0.025349 0.964423 0.000642 0.009326
2 2 0.000003 0.002436 0.989424 0.006573 0.001563
2 2 0.000034 0.003910 0.986088 0.008806 0.001162
2 2 0.000069 0.012941 0.975543 0.005395 0.006052
2 2 0.000022 0.004868 0.991468 0.001980 0.001663
2 2 0.000211 0.027956 0.953062 0.000201 0.018569
2 2 0.000001 0.001112 0.998434 0.000058 0.000395
2 2 0.000022 0.008898 0.985737 0.000054 0.005291
2 2 0.000077 0.016777 0.969775 0.000744 0.012627
2 2 0.000047 0.012081 0.981533 0.000199 0.006141
2 2 0.000123 0.024598 0.953084 0.000033 0.022161
2 2 0.000528 0.048605 0.910998 0.000054 0.039815
2 2 0.000407 0.040507 0.927885 0.000180 0.031021
2 2 0.000108 0.023305 0.952363 0.000084 0.024140
2 2 0.000086 0.022255 0.952278 0.000019 0.025363
2 2 0.000455 0.044071 0.916952 0.000209 0.038312
2 2 0.000174 0.026234 0.951969 0.000406 0.021218
2 2 0.000039 0.010542 0.982906 0.000981 0.005532
2 2 0.000200 0.027539 0.945207 0.002216 0.024839
2 2 0.000090 0.019352 0.964503 0.000205 0.015850
2 2 0.000207 0.025957 0.956970 0.000862 0.016004
2 2 0.000139 0.022527 0.950092 0.005936 0.021306
2 2 0.000257 0.031041 0.946935 0.000256 0.021511
2 2 0.000110 0.019152 0.964371 0.002357 0.014011
2 2 0.000187 0.025076 0.959773 0.000303 0.014662
2 2 0.002400 0.055848 0.877411 0.023410 0.040930
2 2 0.002162 0.035211 0.944588 0.006049 0.011990
2 1 0.026938 0.069820 0.890685 0.004311 0.008246
1 1 0.297436 0.377703 0.279837 0.000371 0.044654
2 2 0.027262 0.117733 0.821703 0.012275 0.021026
2 2 0.001110 0.021399 0.973175 0.000991 0.003324
2 2 0.000308 0.006115 0.991121 0.001907 0.000550
2 2 0.000610 0.015898 0.979159 0.001265 0.003068
2 2 0.000377 0.008777 0.984066 0.005701 0.001077
2 2 0.001391 0.068374 0.888932 0.001686 0.039617
2 2 0.025447 0.026873 0.944436 0.002411 0.000832
2 2 0.003584 0.047063 0.927740 0.011404 0.010209
2 2 0.061485 0.318687 0.571843 0.000286 0.047699
2 2 0.001997 0.025422 0.947113 0.021222 0.004245
2 2 0.001468 0.003653 0.972582 0.022210 0.000087
2 2 0.004408 0.031416 0.956149 0.003013 0.005014
2 2 0.001567 0.058721 0.903058 0.002212 0.034443
2 2 0.000344 0.016763 0.977493 0.000855 0.004545
2 2 0.001291 0.046775 0.923913 0.004066 0.023954
2 2 0.000541 0.047657 0.901791 0.001074 0.048937
2 2 0.000258 0.009726 0.985736 0.002583 0.001696
2 2 0.000159 0.021287 0.939070 0.023866 0.015618
2 2 0.000017 0.005242 0.983567 0.008399 0.002777
2 2 0.000717 0.010748 0.986720 0.000833 0.000982
2 2 0.000071 0.008662 0.985936 0.002674 0.002657
2 2 0.000121 0.018261 0.952993 0.016550 0.012076
2 2 0.001813 0.051912 0.930386 0.000145 0.015744
2 2 0.000175 0.021050 0.962334 0.005987 0.010454
2 2 0.000674 0.025404 0.961450 0.003850 0.008623
2 2 0.000840 0.051910 0.914073 0.000994 0.032182
2 2 0.000083 0.009072 0.987496 0.000659 0.002690
2 2 0.000057 0.008848 0.983171 0.003915 0.004009
2 2 0.000153 0.022595 0.963658 0.000328 0.013266
2 2 0.000052 0.008361 0.979344 0.008492 0.003752
2 2 0.000031 0.003453 0.993683 0.002070 0.000763
2 2 0.012289 0.051416 0.911851 0.016764 0.007680
2 2 0.004794 0.056175 0.857947 0.059881 0.021202
2 2 0.011034 0.045458 0.923113 0.013998 0.006398
2 2 0.064992 0.137369 0.775827 0.008652 0.013160
2 2 0.020809 0.066801 0.889994 0.014075 0.008321
2 2 0.001082 0.015280 0.981257 0.001007 0.001373
2 2 0.000613 0.009719 0.985584 0.003018 0.001066
2 2 0.000255 0.008227 0.988876 0.001304 0.001338
2 2 0.000500 0.016597 0.971880 0.006622 0.004401
2 2 0.000295 0.029939 0.948326 0.002793 0.018647
2 2 0.000014 0.002760 0.994633 0.001894 0.000698
2 2 0.000075 0.017960 0.962240 0.001075 0.018649
2 2 0.000049 0.012990 0.975008 0.001932 0.010022
2 2 0.000165 0.024199 0.957276 0.000903 0.017456
2 2 0.000124 0.019834 0.959582 0.005828 0.014632
2 2 0.000019 0.007233 0.980602 0.007672 0.004473
2 2 0.000082 0.009312 0.983976 0.003555 0.003075
2 2 0.000180 0.024264 0.944589 0.010732 0.020235
2 2 0.000074 0.003164 0.996029 0.000398 0.000335
2 2 0.000006 0.000442 0.991635 0.007863 0.000055
2 2 0.010978 0.049913 0.893277 0.036205 0.009627
2 2 0.041026 0.107711 0.796349 0.029914 0.025000
2 2 0.135366 0.208031 0.621875 0.006597 0.028131
2 2 0.030566 0.146570 0.753759 0.020442 0.048663
1 2 0.231659 0.432085 0.254771 0.000506 0.080979
2 2 0.004851 0.089044 0.877275 0.002756 0.026074
2 2 0.011950 0.119017 0.845092 0.000319 0.023622
2 2 0.005010 0.104274 0.848965 0.001693 0.040059
2 2 0.005731 0.011445 0.981400 0.001085 0.000339
2 2 0.000165 0.012485 0.977760 0.004380 0.005210
0 2 0.835245 0.103365 0.054012 0.000210 0.007168
0 2 0.734739 0.184287 0.049374 0.000844 0.030757
0 0 0.864125 0.106426 0.024401 0.000003 0.005045
0 0 0.915586 0.051102 0.027783 0.000498 0.005030
0 0 0.923922 0.053474 0.019410 0.000013 0.003181
0 0 0.984354 0.011387 0.000359 0.000001 0.003900
0 0 0.967577 0.024210 0.000891 0.000001 0.007321
0 0 0.907228 0.067042 0.001599 0.000000 0.024131
0 0 0.976343 0.019070 0.001240 0.000000 0.003347
0 0 0.979192 0.016124 0.002835 0.000004 0.001845
0 0 0.968203 0.024259 0.002824 0.000006 0.004708
0 0 0.939299 0.043057 0.009203 0.000036 0.008405
0 0 0.894369 0.072964 0.006018 0.000167 0.026481
0 0 0.674976 0.220764 0.023513 0.000262 0.080485
0 0 0.704960 0.205514 0.020962 0.000371 0.068193
0 0 0.780461 0.137753 0.017817 0.000921 0.063047
0 0 0.633048 0.227718 0.024189 0.000780 0.114265
0 0 0.759360 0.141350 0.012940 0.000032 0.086319
0 0 0.979244 0.015955 0.001597 0.000003 0.003201
0 0 0.942292 0.044939 0.001947 0.000001 0.010822
0 0 0.967975 0.026041 0.001750 0.000001 0.004233
0 0 0.972405 0.020973 0.001196 0.000002 0.005424
0 0 0.954736 0.036931 0.002433 0.000001 0.005900
0 0 0.953909 0.038951 0.002663 0.000006 0.004472
0 0 0.874848 0.106174 0.005320 0.000001 0.013656
0 0 0.724189 0.168715 0.006356 0.000008 0.100732
0 0 0.740778 0.173380 0.005715 0.000003 0.080124
0 0 0.778577 0.139372 0.015481 0.000209 0.066361
0 0 0.875262 0.074283 0.004805 0.000012 0.045639
0 0 0.815112 0.130592 0.006642 0.000004 0.047649
0 0 0.711821 0.166820 0.007978 0.000001 0.113379
4 0 0.292575 0.299497 0.068501 0.002293 0.337134
4 0 0.272237 0.307618 0.051904 0.001661 0.366581
4 1 0.119334 0.285438 0.079059 0.001636 0.514532
4 1 0.160467 0.298250 0.065715 0.001707 0.473861
2 1 0.000113 0.019960 0.960499 0.002999 0.016429
2 2 0.000758 0.044331 0.934945 0.001126 0.018840
2 2 0.000145 0.022035 0.961926 0.001116 0.014778
2 2 0.000153 0.021131 0.966746 0.001008 0.010961
2 2 0.000409 0.035145 0.944321 0.000949 0.019176
2 2 0.000630 0.053361 0.878527 0.001365 0.066117
2 2 0.000509 0.055699 0.817884 0.000934 0.124974
2 2 0.000532 0.044586 0.917660 0.000989 0.036234
2 4 0.006828 0.166641 0.615554 0.000074 0.210903
2 4 0.012896 0.184399 0.685005 0.000807 0.116892
4 4 0.000918 0.056369 0.165605 0.001085 0.776023
4 4 0.020760 0.197171 0.167092 0.000068 0.614910
4 4 0.012137 0.135300 0.117572 0.000986 0.734005
4 4 0.027146 0.155145 0.052389 0.000025 0.765295
4 4 0.005204 0.092550 0.091904 0.000271 0.810071
4 4 0.268006 0.303135 0.034443 0.000846 0.393570
0 4 0.383582 0.271037 0.020238 0.000340 0.324803
0 4 0.447895 0.252614 0.021148 0.000342 0.278001
4 4 0.245629 0.291857 0.035765 0.000688 0.426061
0 4 0.509891 0.184546 0.010996 0.000031 0.294535
0 4 0.457112 0.199356 0.007826 0.000024 0.335682
0 4 0.427962 0.172075 0.003533 0.000004 0.396426
4 4 0.332673 0.184263 0.003515 0.000004 0.479546
4 4 0.340952 0.214393 0.006153 0.000017 0.438485
0 0 0.512976 0.119480 0.001901 0.000000 0.365643
4 1 0.145444 0.155584 0.006141 0.000003 0.692828
4 1 0.044881 0.135775 0.018985 0.000018 0.800342
4 4 0.032905 0.101126 0.010541 0.000003 0.855425
4 4 0.028111 0.118429 0.019844 0.000019 0.833597
4 4 0.041131 0.109977 0.010660 0.000004 0.838228
0 4 0.525898 0.230459 0.006016 0.000085 0.237542
0 0 0.821067 0.095087 0.009679 0.000027 0.074140
0 0 0.921737 0.042011 0.001671 0.000000 0.034581
0 0 0.922874 0.042876 0.000733 0.000001 0.033515
0 0 0.833147 0.084722 0.001107 0.000002 0.081022
4 1 0.146658 0.356121 0.075731 0.000028 0.421464
4 1 0.035640 0.268871 0.296302 0.000855 0.398332
2 2 0.002764 0.112222 0.562029 0.003951 0.319034
2 2 0.000846 0.070747 0.500372 0.006121 0.421914
4 2 0.006963 0.157024 0.399711 0.000943 0.435359
4 4 0.000413 0.052266 0.360977 0.001353 0.584991
4 4 0.002934 0.106102 0.218962 0.000022 0.671979
4 4 0.001350 0.078549 0.292378 0.001029 0.626694
2 4 0.000219 0.044252 0.484778 0.000656 0.470095
4 4 0.000894 0.069508 0.309177 0.000422 0.619999
4 4 0.006377 0.115306 0.156362 0.001786 0.720168
4 4 0.002779 0.089475 0.161308 0.000185 0.746252
4 4 0.013814 0.159669 0.156949 0.000422 0.669146
4 4 0.012436 0.131776 0.090584 0.000365 0.764839
4 4 0.003952 0.090895 0.126033 0.000788 0.778331
4 4 0.163780 0.242474 0.023442 0.000139 0.570165
4 4 0.084572 0.200273 0.025137 0.000094 0.689923
4 4 0.246700 0.240815 0.014741 0.000071 0.497673
4 4 0.040040 0.184468 0.055760 0.000368 0.719363
4 4 0.087878 0.197528 0.023737 0.000077 0.690779
4 4 0.008595 0.127166 0.139575 0.000667 0.723996
4 4 0.006682 0.115293 0.146453 0.001492 0.730081
4 2 0.017989 0.172793 0.109895 0.000007 0.699316
4 2 0.028046 0.196029 0.088959 0.000002 0.686964
4 2 0.003096 0.101674 0.242774 0.001275 0.651181
2 2 0.000294 0.049366 0.779887 0.000144 0.170309
2 2 0.000040 0.021796 0.806800 0.000891 0.170473
2 2 0.000258 0.043606 0.823579 0.000643 0.131913
2 2 0.000127 0.034522 0.823830 0.000163 0.141358
2 2 0.000084 0.027743 0.834064 0.001620 0.136490
4 2 0.002017 0.085658 0.233579 0.001061 0.677685
4 4 0.000165 0.032579 0.245746 0.001532 0.719979
4 4 0.005135 0.109154 0.153798 0.000437 0.731475
4 4 0.018801 0.189574 0.196439 0.000714 0.594473
4 4 0.002673 0.089789 0.199729 0.001705 0.706104
4 4 0.007487 0.096881 0.069316 0.000182 0.826135
4 4 0.011341 0.104890 0.047656 0.000096 0.836017
4 4 0.030015 0.125519 0.023848 0.000007 0.820610
4 4 0.029263 0.111992 0.017703 0.000011 0.841030
4 4 0.002264 0.043292 0.022427 0.000006 0.932011
4 4 0.007673 0.065795 0.019813 0.000006 0.906713
4 4 0.018043 0.110032 0.032817 0.000039 0.839069
4 4 0.003276 0.051951 0.026021 0.000010 0.918742
4 4 0.005534 0.061956 0.021883 0.000002 0.910625
4 4 0.004389 0.046401 0.012432 0.000002 0.936776
4 4 0.129886 0.166368 0.009452 0.000007 0.694286
4 4 0.021752 0.098800 0.015076 0.000008 0.864364
4 4 0.018862 0.085016 0.012377 0.000004 0.883741
4 4 0.048731 0.123994 0.012834 0.000007 0.814435
4 4 0.058723 0.094260 0.003688 0.000000 0.843329
4 4 0.074611 0.160031 0.013780 0.000017 0.751561
4 4 0.218830 0.196548 0.007736 0.000009 0.576876
4 4 0.105511 0.155501 0.008900 0.000006 0.730082
4 4 0.278351 0.240609 0.018725 0.000096 0.462219
4 4 0.058429 0.216821 0.066711 0.000672 0.657366
4 4 0.032430 0.188092 0.083723 0.000907 0.694849
4 4 0.036796 0.171005 0.045203 0.000030 0.746967
4 4 0.025606 0.176299 0.104080 0.000412 0.693605
4 4 0.011839 0.132148 0.105870 0.000789 0.749354
4 4 0.004492 0.103437 0.169876 0.002013 0.720182
2 2 0.000205 0.038173 0.881795 0.000095 0.079732
2 2 0.000052 0.023598 0.889330 0.000021 0.086999
2 2 0.000266 0.049215 0.839813 0.000002 0.110705
2 2 0.000033 0.016940 0.917272 0.000930 0.064825
2 2 0.000149 0.034265 0.891754 0.000026 0.073805
2 2 0.000057 0.016446 0.962967 0.000763 0.019767
2 2 0.000025 0.012329 0.968902 0.000119 0.018624
2 2 0.000051 0.013962 0.970963 0.002011 0.013013
2 2 0.000066 0.016666 0.968427 0.000267 0.014575
2 2 0.000034 0.011571 0.979007 0.000303 0.009085
2 2 0.000032 0.012108 0.976878 0.000079 0.010902
2 2 0.000000 0.001265 0.997626 0.000005 0.001104
2 2 0.000008 0.005110 0.992180 0.000094 0.002607
2 2 0.000000 0.000667 0.998623 0.000014 0.000696
2 2 0.000001 0.001712 0.997008 0.000134 0.001145
2 2 0.000006 0.004442 0.992778 0.000094 0.002680
2 2 0.000001 0.000715 0.989975 0.008999 0.000311
2 2 0.000004 0.003335 0.982229 0.011750 0.002682
2 2 0.000007 0.004681 0.990109 0.001628 0.003576
2 2 0.000000 0.000514 0.999086 0.000226 0.000173
2 2 0.000007 0.004557 0.980375 0.011056 0.004005
2 2 0.000002 0.000607 0.998203 0.001045 0.000143
2 2 0.000000 0.000100 0.994471 0.005416 0.000012
2 2 0.000000 0.000234 0.968831 0.030661 0.000274
2 2 0.000000 0.000099 0.995918 0.003963 0.000019
2 2 0.000003 0.000639 0.995558 0.003696 0.000104
2 2 0.000010 0.001595 0.992019 0.005997 0.000379
2 2 0.000003 0.000931 0.981838 0.016861 0.000368
2 2 0.000005 0.000269 0.992184 0.007528 0.000014
2 2 0.000009 0.000764 0.987238 0.011879 0.000110
2 2 0.000069 0.005603 0.986573 0.006339 0.001416
2 2 0.000002 0.001149 0.987554 0.010735 0.000560
2 2 0.000002 0.000637 0.992378 0.006825 0.000157
2 2 0.000005 0.001170 0.988214 0.010242 0.000368
2 2 0.000005 0.000313 0.981934 0.017715 0.000033
2 2 0.000025 0.000699 0.985849 0.013377 0.000050
2 2 0.000006 0.000652 0.977370 0.021824 0.000148
2 2 0.000006 0.001634 0.978362 0.019271 0.000727
2 2 0.000023 0.001874 0.986041 0.011650 0.000411
2 2 0.000005 0.000871 0.976873 0.021973 0.000278
2 2 0.000023 0.001925 0.951309 0.046069 0.000674
2 2 0.000005 0.000483 0.967111 0.032297 0.000103
2 2 0.000028 0.000390 0.958189 0.041372 0.000022
2 2 0.000028 0.002225 0.928526 0.068310 0.000911
2 2 0.000007 0.000646 0.948016 0.051155 0.000176
2 2 0.000036 0.001699 0.958956 0.038902 0.000407
2 2 0.000011 0.000710 0.931509 0.067584 0.000186
2 2 0.000128 0.009106 0.928172 0.057572 0.005022
2 2 0.000018 0.001736 0.830291 0.166944 0.001011
2 2 0.000113 0.002965 0.938037 0.058342 0.000543
2 2 0.000252 0.003047 0.898883 0.097395 0.000423
2 2 0.000080 0.005136 0.810983 0.180325 0.003476
2 3 0.000362 0.006996 0.864562 0.126207 0.001873
2 3 0.000068 0.002252 0.875915 0.121127 0.000637
2 3 0.000194 0.003752 0.826641 0.168591 0.000821
2 3 0.000056 0.003076 0.907970 0.087650 0.001249
2 3 0.000062 0.002450 0.916147 0.080647 0.000694
2 3 0.000057 0.001066 0.946912 0.051843 0.000123
2 3 0.000638 0.002945 0.950648 0.045643 0.000127
2 3 0.000012 0.000445 0.900784 0.098689 0.000070
2 3 0.000005 0.000411 0.941898 0.057587 0.000099
2 3 0.000000 0.000075 0.944289 0.055620 0.000016
2 3 0.000007 0.000186 0.947672 0.052121 0.000014
2 3 0.000013 0.000332 0.946600 0.053024 0.000031
2 3 0.000012 0.001359 0.926560 0.071481 0.000589
2 3 0.000110 0.005934 0.946730 0.044916 0.002310
2 3 0.000068 0.002346 0.926786 0.070179 0.000622
2 3 0.000350 0.003301 0.940811 0.055279 0.000259
2 3 0.000044 0.004094 0.889483 0.103864 0.002515
2 3 0.002297 0.009087 0.948943 0.039055 0.000619
2 3 0.000038 0.002226 0.782220 0.214317 0.001200
2 3 0.000118 0.002685 0.798988 0.197555 0.000654
2 3 0.000505 0.004861 0.854077 0.139866 0.000691
2 3 0.000230 0.003150 0.578776 0.417056 0.000788
2 2 0.000682 0.017072 0.839086 0.134339 0.008821
2 2 0.001433 0.069241 0.863608 0.005910 0.059808
2 2 0.000475 0.021423 0.967388 0.003756 0.006958
2 2 0.031110 0.233772 0.635670 0.000721 0.098727
2 2 0.001368 0.061196 0.909025 0.000711 0.027699
2 2 0.001556 0.070763 0.870849 0.003544 0.053288
2 2 0.000002 0.000634 0.995870 0.003349 0.000146
2 2 0.001781 0.067312 0.909931 0.000072 0.020903
2 2 0.000008 0.001777 0.996440 0.001312 0.000463
2 2 0.000001 0.000272 0.994329 0.005330 0.000069
2 2 0.000120 0.006353 0.992438 0.000245 0.000844
2 2 0.000241 0.024967 0.961664 0.001902 0.011226
2 2 0.000149 0.015621 0.970322 0.006569 0.007338
2 2 0.000029 0.002751 0.994014 0.002729 0.000476
2 2 0.000266 0.027490 0.955720 0.001947 0.014577
2 2 0.003430 0.031326 0.960895 0.000737 0.003612
2 2 0.025014 0.218224 0.652063 0.003708 0.100991
