0 0 0.944261 0.037375 0.013363 0.000721 0.004279
0 0 0.903362 0.076264 0.009955 0.000018 0.010402
0 0 0.936280 0.050868 0.005597 0.000007 0.007248
0 0 0.885536 0.093542 0.009339 0.000007 0.011577
0 0 0.900724 0.077499 0.009987 0.000016 0.011774
0 0 0.815496 0.118262 0.004244 0.000000 0.061998
0 0 0.813698 0.125392 0.004531 0.000000 0.056378
0 0 0.846316 0.094401 0.004359 0.000000 0.054925
0 0 0.824421 0.113477 0.003634 0.000000 0.058468
0 0 0.850789 0.096753 0.003068 0.000000 0.049391
0 0 0.936811 0.049173 0.002978 0.000000 0.011037
0 0 0.907402 0.072681 0.004907 0.000001 0.015010
0 0 0.888928 0.086310 0.004167 0.000000 0.020595
0 0 0.921224 0.062451 0.003429 0.000000 0.012896
0 0 0.939677 0.048925 0.002361 0.000000 0.009036
0 0 0.943539 0.047059 0.003911 0.000002 0.005488
0 0 0.926082 0.060661 0.005881 0.000005 0.007371
0 0 0.944775 0.046499 0.003590 0.000002 0.005135
0 0 0.946548 0.042485 0.004335 0.000004 0.006628
0 0 0.938588 0.049752 0.005122 0.000005 0.006534
0 0 0.869700 0.100411 0.008736 0.000003 0.021150
0 0 0.913326 0.064482 0.005315 0.000002 0.016875
0 0 0.892506 0.085279 0.005844 0.000001 0.016369
0 0 0.906977 0.071508 0.006292 0.000003 0.015219
0 0 0.895267 0.080055 0.005861 0.000001 0.018815
0 0 0.907661 0.075977 0.007356 0.000005 0.009000
0 0 0.910465 0.071616 0.007653 0.000007 0.010259
0 0 0.892885 0.087870 0.006911 0.000002 0.012332
0 0 0.929384 0.058511 0.003835 0.000001 0.008269
0 0 0.910200 0.072475 0.006080 0.000003 0.011242
0 0 0.943751 0.046809 0.002386 0.000000 0.007053
0 0 0.938746 0.050318 0.002613 0.000000 0.008323
0 0 0.947109 0.044036 0.002145 0.000000 0.006710
0 0 0.938409 0.051564 0.002351 0.000000 0.007676
0 0 0.946811 0.043608 0.002358 0.000000 0.007222
0 0 0.907895 0.075244 0.008601 0.000011 0.008250
0 0 0.906262 0.076053 0.008240 0.000008 0.009437
0 0 0.918279 0.068149 0.006591 0.000005 0.006975
0 0 0.927450 0.059436 0.007216 0.000012 0.005887
0 0 0.930541 0.056486 0.006982 0.000013 0.005978
0 0 0.915791 0.070884 0.005697 0.000002 0.007625
0 0 0.913130 0.073134 0.005887 0.000003 0.007847
0 0 0.913448 0.070998 0.006574 0.000004 0.008976
0 0 0.951499 0.038034 0.004785 0.000009 0.005672
0 0 0.945593 0.042547 0.005103 0.000008 0.006749
0 0 0.958712 0.034742 0.003920 0.000007 0.002619
0 0 0.939720 0.048688 0.007126 0.000024 0.004441
0 0 0.979641 0.016320 0.002532 0.000014 0.001492
0 0 0.986893 0.009117 0.001940 0.000027 0.002022
0 0 0.986506 0.009748 0.002132 0.000035 0.001579
0 0 0.976316 0.016566 0.002398 0.000008 0.004713
0 0 0.976736 0.016385 0.001936 0.000003 0.004940
0 1 0.913010 0.066602 0.011121 0.000044 0.009223
0 1 0.806843 0.146029 0.023405 0.000058 0.023664
0 1 0.768459 0.168423 0.031937 0.000121 0.031060
4 1 0.018177 0.184880 0.067502 0.000002 0.729439
4 1 0.040355 0.327215 0.082133 0.000000 0.550296
4 2 0.022572 0.246964 0.138528 0.000010 0.591926
4 2 0.025458 0.250434 0.101456 0.000003 0.622648
4 2 0.022029 0.195410 0.119866 0.000055 0.662640
2 2 0.014598 0.251243 0.456260 0.000107 0.277792
2 2 0.008279 0.183771 0.536301 0.000356 0.271293
2 2 0.002278 0.092261 0.735008 0.002563 0.167890
2 2 0.007344 0.132140 0.522572 0.011451 0.326493
2 2 0.002495 0.097525 0.685254 0.002262 0.212464
2 2 0.002565 0.062102 0.816951 0.054864 0.063518
2 2 0.002859 0.070793 0.857461 0.014505 0.054382
2 2 0.001706 0.053889 0.854318 0.034325 0.055763
2 2 0.001763 0.044060 0.806415 0.108015 0.039747
2 2 0.003754 0.070936 0.752494 0.084251 0.088565
3 2 0.005938 0.044617 0.352656 0.541299 0.055490
2 2 0.006639 0.059306 0.512548 0.368151 0.053356
2 2 0.061923 0.145626 0.551310 0.161843 0.079298
2 2 0.001641 0.025700 0.619307 0.339432 0.013920
3 2 0.005435 0.031002 0.217867 0.681089 0.064607
3 2 0.000667 0.013774 0.472206 0.502010 0.011343
3 2 0.001975 0.021525 0.221564 0.698440 0.056496
3 2 0.001405 0.009140 0.112200 0.860210 0.017045
3 2 0.001435 0.010560 0.140634 0.828101 0.019271
3 2 0.001254 0.008273 0.103279 0.868931 0.018263
3 2 0.000687 0.001662 0.030990 0.964624 0.002037
3 3 0.000456 0.000840 0.017251 0.980394 0.001059
3 3 0.001188 0.003005 0.041558 0.950285 0.003964
3 3 0.000993 0.002059 0.031074 0.963350 0.002523
3 3 0.001092 0.002205 0.032157 0.961904 0.002642
3 3 0.000311 0.000856 0.027727 0.970249 0.000858
3 3 0.000185 0.000312 0.010927 0.988250 0.000326
3 3 0.000437 0.000620 0.013236 0.985011 0.000696
3 3 0.000321 0.000501 0.011930 0.986640 0.000608
3 3 0.000595 0.001131 0.020940 0.975926 0.001407
3 3 0.000480 0.000655 0.013515 0.984638 0.000713
3 3 0.001071 0.001520 0.024674 0.970787 0.001948
3 3 0.000578 0.000805 0.015459 0.982290 0.000868
3 3 0.000390 0.000516 0.011906 0.986562 0.000626
3 3 0.000795 0.000964 0.018203 0.978754 0.001284
3 3 0.000606 0.000869 0.017439 0.979916 0.001171
3 3 0.000356 0.000373 0.009297 0.989531 0.000443
3 3 0.001085 0.000804 0.012782 0.984727 0.000602
3 3 0.000349 0.000402 0.009601 0.989215 0.000434
3 3 0.000259 0.000357 0.009383 0.989573 0.000428
3 3 0.000234 0.000299 0.008546 0.990566 0.000355
3 3 0.000523 0.000503 0.010609 0.987864 0.000502
3 3 0.000394 0.000512 0.011789 0.986690 0.000616
3 3 0.000455 0.000507 0.011700 0.986690 0.000647
3 3 0.000328 0.000424 0.010274 0.988488 0.000486
3 3 0.000506 0.000390 0.008296 0.990480 0.000329
3 3 0.000754 0.000507 0.010869 0.987244 0.000627
3 3 0.000487 0.000467 0.010626 0.987869 0.000551
3 3 0.000834 0.000590 0.011475 0.986485 0.000616
3 3 0.000429 0.000327 0.008203 0.990651 0.000390
3 3 0.000843 0.000902 0.016902 0.980211 0.001143
3 3 0.000823 0.000957 0.017509 0.979555 0.001156
3 2 0.012562 0.005030 0.037641 0.942416 0.002350
3 2 0.006491 0.006778 0.072084 0.910765 0.003882
3 2 0.003943 0.003181 0.035290 0.955237 0.002349
3 2 0.001578 0.001160 0.017130 0.979265 0.000867
3 3 0.001027 0.001075 0.016974 0.979971 0.000953
3 3 0.001560 0.001419 0.020116 0.975616 0.001288
3 3 0.000578 0.000525 0.010518 0.987903 0.000476
3 3 0.000754 0.000685 0.013183 0.984640 0.000739
3 3 0.000468 0.000382 0.008610 0.990169 0.000370
3 3 0.001130 0.000934 0.015722 0.981253 0.000961
3 3 0.000864 0.000766 0.014614 0.982833 0.000923
3 3 0.000385 0.000321 0.007659 0.991329 0.000306
3 3 0.000444 0.000404 0.009453 0.989248 0.000452
3 3 0.000616 0.000612 0.012683 0.985377 0.000713
3 3 0.000387 0.000313 0.007803 0.991158 0.000339
3 3 0.000892 0.000687 0.013150 0.984489 0.000782
3 3 0.000391 0.000498 0.011183 0.987390 0.000537
3 3 0.000703 0.000845 0.016421 0.980965 0.001066
3 3 0.001198 0.001429 0.022493 0.973225 0.001654
3 3 0.000774 0.000877 0.015752 0.981686 0.000911
3 3 0.000747 0.000811 0.015673 0.981768 0.001001
3 3 0.001756 0.001830 0.026755 0.967316 0.002343
3 3 0.001060 0.001021 0.018826 0.977614 0.001479
3 3 0.000715 0.000729 0.014924 0.982645 0.000988
3 3 0.000478 0.000348 0.008114 0.990705 0.000356
3 3 0.001068 0.001082 0.019285 0.977100 0.001465
3 3 0.000717 0.000826 0.016554 0.980758 0.001145
3 3 0.000767 0.000880 0.017395 0.979703 0.001256
3 3 0.001552 0.001188 0.018850 0.977038 0.001372
3 3 0.001249 0.000657 0.011404 0.986089 0.000602
3 3 0.001144 0.001273 0.021491 0.974419 0.001673
3 3 0.000478 0.000370 0.008821 0.989905 0.000426
3 3 0.000596 0.000612 0.012946 0.985094 0.000753
3 3 0.000494 0.000500 0.010996 0.987453 0.000557
3 3 0.000834 0.000755 0.014495 0.983011 0.000905
3 3 0.000401 0.000373 0.009243 0.989526 0.000456
3 3 0.000615 0.000653 0.014810 0.982846 0.001076
3 3 0.000646 0.000545 0.011747 0.986385 0.000678
3 3 0.000684 0.000577 0.012133 0.985900 0.000707
3 3 0.000577 0.000567 0.012385 0.985749 0.000722
3 3 0.000730 0.000668 0.014175 0.983463 0.000964
3 3 0.000476 0.000438 0.010081 0.988497 0.000508
3 3 0.000482 0.000411 0.009773 0.988826 0.000508
3 3 0.000952 0.000961 0.018682 0.977890 0.001515
3 3 0.001018 0.000875 0.016239 0.980732 0.001136
3 3 0.000833 0.001061 0.020909 0.975412 0.001785
3 3 0.000734 0.000723 0.015082 0.982414 0.001047
3 3 0.000600 0.000548 0.011467 0.986784 0.000601
3 3 0.001127 0.000828 0.015333 0.981644 0.001069
3 3 0.000422 0.000384 0.009941 0.988686 0.000566
3 3 0.000653 0.000442 0.010469 0.987789 0.000647
3 3 0.000522 0.000690 0.015743 0.981919 0.001126
3 3 0.001254 0.001166 0.020835 0.974943 0.001801
3 3 0.001215 0.001049 0.018944 0.977260 0.001532
3 3 0.000618 0.000486 0.011114 0.987118 0.000664
3 3 0.000288 0.000230 0.006410 0.992818 0.000254
3 3 0.000721 0.000729 0.015532 0.981887 0.001130
3 3 0.000484 0.000512 0.012328 0.985899 0.000776
3 3 0.000614 0.000601 0.013183 0.984770 0.000832
3 3 0.001083 0.001272 0.023941 0.971357 0.002347
3 3 0.001025 0.000929 0.016993 0.979849 0.001203
3 3 0.001050 0.001060 0.019153 0.977266 0.001471
3 3 0.000773 0.000961 0.019854 0.976711 0.001701
3 3 0.000425 0.000556 0.013987 0.984050 0.000982
3 3 0.000339 0.000335 0.009181 0.989652 0.000493
3 3 0.000830 0.000786 0.016940 0.980023 0.001421
3 3 0.000215 0.000275 0.008407 0.990686 0.000417
3 3 0.000599 0.000446 0.010377 0.987981 0.000598
3 3 0.000415 0.000506 0.012676 0.985589 0.000814
3 3 0.000717 0.000703 0.014603 0.983004 0.000973
3 3 0.000436 0.000286 0.006686 0.992346 0.000246
3 3 0.001031 0.001138 0.021808 0.974015 0.002009
3 3 0.000538 0.000519 0.011302 0.987045 0.000596
3 3 0.001394 0.001251 0.022104 0.973200 0.002051
3 3 0.000822 0.000926 0.018232 0.978626 0.001394
3 3 0.001855 0.001996 0.029076 0.964315 0.002758
3 3 0.000809 0.000872 0.017373 0.979649 0.001297
3 3 0.001128 0.001228 0.022058 0.973665 0.001921
3 3 0.000473 0.000480 0.011724 0.986601 0.000722
3 3 0.000659 0.000729 0.016414 0.980888 0.001309
3 3 0.001001 0.001243 0.023592 0.971923 0.002242
3 3 0.000488 0.000544 0.012311 0.985951 0.000707
3 3 0.000454 0.000447 0.011340 0.987048 0.000712
3 3 0.001576 0.001763 0.029039 0.964499 0.003122
3 3 0.000413 0.000420 0.010255 0.988372 0.000541
3 3 0.001015 0.001264 0.023080 0.972599 0.002041
3 3 0.000981 0.000814 0.015757 0.981315 0.001133
3 3 0.001069 0.001106 0.019990 0.976238 0.001597
3 3 0.001178 0.001117 0.017895 0.978678 0.001133
3 3 0.000224 0.000281 0.008269 0.990864 0.000361
3 3 0.000405 0.000672 0.014567 0.983538 0.000817
3 2 0.000470 0.001332 0.033772 0.962980 0.001447
3 2 0.001473 0.003251 0.075707 0.917178 0.002390
3 2 0.005631 0.051645 0.348357 0.444828 0.149538
2 2 0.006437 0.074617 0.431969 0.259484 0.227493
3 2 0.005406 0.048133 0.390714 0.449614 0.106133
2 2 0.005205 0.064629 0.360677 0.271810 0.297680
2 2 0.005548 0.068116 0.393849 0.267913 0.264574
3 2 0.030825 0.069680 0.348093 0.495234 0.056168
3 2 0.007830 0.029606 0.196460 0.711354 0.054750
3 2 0.007099 0.061390 0.335899 0.416820 0.178792
3 2 0.014530 0.065068 0.298854 0.499917 0.121631
3 2 0.007213 0.035727 0.240674 0.642862 0.073523
4 2 0.002155 0.059774 0.258196 0.012094 0.667781
4 2 0.002727 0.074637 0.266165 0.005032 0.651440
4 2 0.002782 0.086139 0.320132 0.002843 0.588103
4 2 0.002383 0.052103 0.169100 0.013323 0.763091
4 2 0.001555 0.059225 0.345806 0.009067 0.584347
4 2 0.003061 0.059764 0.234485 0.035080 0.667610
4 2 0.003850 0.082010 0.405330 0.031914 0.476895
4 2 0.006094 0.099267 0.236444 0.005476 0.652719
4 2 0.004377 0.080218 0.273268 0.019846 0.622291
2 2 0.009651 0.155045 0.508901 0.006537 0.319865
4 2 0.010870 0.104772 0.354456 0.125778 0.404125
2 2 0.011677 0.121511 0.567022 0.100980 0.198810
2 2 0.003045 0.050083 0.589147 0.252474 0.105250
2 2 0.005251 0.066708 0.478509 0.272196 0.177335
2 2 0.002652 0.050219 0.539325 0.261882 0.145921
3 2 0.004406 0.030691 0.369963 0.561013 0.033928
3 2 0.001770 0.020385 0.421612 0.538730 0.017503
2 2 0.005848 0.047005 0.456257 0.426982 0.063909
2 2 0.013205 0.090876 0.549343 0.243898 0.102678
3 2 0.005278 0.036003 0.371211 0.545941 0.041568
2 2 0.000286 0.015702 0.823056 0.143671 0.017285
2 2 0.000240 0.014020 0.888064 0.087199 0.010478
2 2 0.000117 0.011485 0.924345 0.050531 0.013522
2 2 0.000057 0.006362 0.929567 0.060654 0.003360
2 2 0.000199 0.012160 0.865015 0.113802 0.008824
2 2 0.001248 0.039607 0.784596 0.113101 0.061447
2 2 0.000573 0.025801 0.752688 0.159386 0.061553
2 2 0.000155 0.012909 0.912023 0.061923 0.012989
2 2 0.001178 0.038513 0.787024 0.112693 0.060593
2 2 0.001256 0.038318 0.745528 0.146908 0.067989
2 2 0.001750 0.052393 0.801268 0.060034 0.084554
2 2 0.000654 0.026451 0.932235 0.023482 0.017177
2 2 0.000651 0.027332 0.882749 0.063553 0.025716
2 2 0.000729 0.020096 0.872892 0.088072 0.018210
2 2 0.000311 0.017813 0.840441 0.117026 0.024409
2 2 0.001216 0.012613 0.608030 0.373183 0.004958
3 2 0.000237 0.004825 0.409354 0.583004 0.002580
3 2 0.000311 0.006186 0.382379 0.607038 0.004086
3 2 0.000302 0.007137 0.420500 0.566821 0.005241
2 2 0.000137 0.006405 0.636006 0.353311 0.004141
2 2 0.001252 0.028498 0.621374 0.312364 0.036512
3 2 0.002111 0.032561 0.430492 0.474039 0.060797
3 2 0.000599 0.015166 0.480898 0.481204 0.022133
2 2 0.001085 0.020680 0.473791 0.471683 0.032762
3 2 0.000898 0.016265 0.473713 0.488952 0.020172
3 2 0.000318 0.004939 0.259513 0.731145 0.004085
3 2 0.000627 0.006818 0.177233 0.806440 0.008883
3 2 0.001023 0.011702 0.325990 0.651864 0.009421
3 2 0.003661 0.022660 0.451848 0.508115 0.013716
3 2 0.002224 0.017574 0.359029 0.606040 0.015133
3 2 0.001486 0.011050 0.355083 0.625992 0.006389
3 2 0.000565 0.004671 0.157564 0.832432 0.004768
3 2 0.001688 0.011762 0.269382 0.708002 0.009166
2 2 0.014135 0.038501 0.788480 0.150898 0.007985
2 1 0.010093 0.039688 0.908464 0.037104 0.004651
2 2 0.000181 0.011377 0.844221 0.135061 0.009159
2 2 0.000303 0.016024 0.895630 0.077639 0.010404
2 2 0.000228 0.011697 0.756934 0.221378 0.009762
2 2 0.000493 0.021955 0.929697 0.035540 0.012314
2 2 0.000174 0.010484 0.772481 0.206984 0.009877
3 2 0.002517 0.032218 0.453307 0.469565 0.042393
3 2 0.000779 0.011188 0.355554 0.622277 0.010201
3 2 0.001417 0.017595 0.392775 0.568422 0.019791
2 2 0.001383 0.017260 0.567118 0.402984 0.011256
2 2 0.002279 0.023213 0.495649 0.461553 0.017305
3 2 0.002262 0.015934 0.463840 0.509447 0.008517
3 2 0.000665 0.003751 0.097801 0.893865 0.003919
3 2 0.004264 0.012414 0.206421 0.768970 0.007932
3 2 0.003128 0.008936 0.197440 0.785458 0.005038
3 2 0.003073 0.011029 0.287221 0.692939 0.005738
3 2 0.003447 0.014336 0.181956 0.785991 0.014269
3 2 0.002435 0.013968 0.241169 0.728933 0.013495
2 1 0.176233 0.185036 0.380237 0.186490 0.072005
3 2 0.006586 0.030421 0.354676 0.580536 0.027781
3 2 0.001688 0.010041 0.178431 0.799324 0.010516
3 2 0.002561 0.008882 0.126459 0.853543 0.008555
3 2 0.006863 0.019365 0.171127 0.782974 0.019671
3 2 0.001614 0.007437 0.145749 0.838148 0.007053
3 2 0.007083 0.018157 0.283701 0.680580 0.010478
3 2 0.001507 0.006615 0.129658 0.856250 0.005971
3 2 0.004592 0.009566 0.090325 0.884756 0.010762
3 2 0.002718 0.009904 0.164304 0.814381 0.008693
3 2 0.003189 0.006884 0.080067 0.903023 0.006836
3 3 0.001525 0.004544 0.057487 0.930365 0.006079
3 3 0.003008 0.004067 0.048801 0.940136 0.003988
3 3 0.001727 0.005754 0.090632 0.895080 0.006807
3 3 0.003030 0.005306 0.065528 0.920164 0.005972
3 3 0.001638 0.004604 0.067527 0.921062 0.005169
2 1 0.041203 0.049830 0.452702 0.441236 0.015028
3 2 0.001271 0.007368 0.228709 0.758898 0.003753
3 2 0.001446 0.011462 0.178265 0.791865 0.016963
3 2 0.001733 0.015761 0.201231 0.750894 0.030380
2 2 0.002698 0.022934 0.581309 0.382622 0.010437
3 2 0.000819 0.009308 0.302390 0.680474 0.007009
3 2 0.001786 0.013171 0.154839 0.802791 0.027413
3 2 0.002397 0.005653 0.158739 0.830388 0.002822
3 2 0.003821 0.009252 0.165120 0.815952 0.005856
3 2 0.000895 0.003298 0.064113 0.927910 0.003784
3 2 0.001721 0.004127 0.086599 0.904670 0.002884
3 2 0.003755 0.009261 0.164038 0.817255 0.005691
3 2 0.001965 0.004160 0.091749 0.899545 0.002582
3 1 0.087722 0.041206 0.200018 0.657708 0.013347
2 2 0.029878 0.037167 0.471124 0.452937 0.008895
3 2 0.015073 0.025046 0.330974 0.619416 0.009490
3 2 0.008246 0.010568 0.176433 0.800744 0.004009
3 2 0.040111 0.038616 0.252134 0.647812 0.021327
2 2 0.033709 0.066688 0.683635 0.197049 0.018919
3 2 0.016590 0.036432 0.336680 0.589800 0.020499
3 2 0.012207 0.028755 0.262066 0.679136 0.017835
2 1 0.153172 0.095542 0.416734 0.308373 0.026179
3 2 0.001780 0.012033 0.387922 0.592044 0.006220
3 2 0.004402 0.016438 0.160698 0.798457 0.020004
3 2 0.001257 0.009113 0.178624 0.801298 0.009707
3 2 0.001175 0.007966 0.120918 0.857295 0.012646
3 2 0.001550 0.006822 0.090480 0.891590 0.009559
2 1 0.056838 0.107555 0.592140 0.201875 0.041591
2 2 0.041698 0.101595 0.781862 0.051288 0.023558
2 1 0.246269 0.296331 0.438154 0.000457 0.018789
2 1 0.066782 0.150982 0.752688 0.012398 0.017149
2 1 0.286363 0.226966 0.457483 0.005673 0.023515
2 2 0.009464 0.058211 0.917373 0.007859 0.007093
2 2 0.049569 0.163735 0.768527 0.001972 0.016197
2 2 0.045825 0.178144 0.758869 0.001523 0.015639
2 1 0.020840 0.085016 0.882419 0.003324 0.008401
2 2 0.025111 0.130980 0.827255 0.002694 0.013960
2 2 0.233065 0.199410 0.490516 0.018453 0.058555
0 1 0.446874 0.324828 0.191191 0.000313 0.036795
0 2 0.522707 0.229159 0.219474 0.002918 0.025742
0 1 0.694345 0.202197 0.084163 0.000178 0.019116
0 1 0.747727 0.146843 0.087373 0.001777 0.016279
0 1 0.461578 0.257983 0.251567 0.002016 0.026856
0 1 0.365431 0.306852 0.303034 0.000450 0.024233
0 2 0.419140 0.233864 0.318677 0.003668 0.024651
1 2 0.283897 0.348672 0.317718 0.001144 0.048569
2 2 0.044421 0.116968 0.803866 0.018806 0.015938
2 2 0.115415 0.292095 0.571042 0.000447 0.021001
2 2 0.047915 0.139641 0.790976 0.007151 0.014317
2 2 0.085968 0.175068 0.715525 0.005074 0.018364
2 2 0.064684 0.148590 0.766715 0.004983 0.015029
2 2 0.012118 0.083859 0.879056 0.008252 0.016715
2 2 0.179010 0.262230 0.529794 0.002313 0.026654
0 2 0.512624 0.256593 0.209848 0.000529 0.020405
2 2 0.269655 0.278345 0.402535 0.003816 0.045649
2 2 0.341004 0.237982 0.388274 0.004939 0.027802
2 2 0.169947 0.204019 0.611000 0.001900 0.013133
2 2 0.107820 0.376114 0.491559 0.000046 0.024461
2 2 0.037777 0.255180 0.677975 0.000196 0.028872
2 2 0.019094 0.212633 0.727527 0.000178 0.040568
2 2 0.019265 0.185328 0.754165 0.000379 0.040863
2 2 0.021200 0.194782 0.754955 0.000427 0.028637
2 2 0.069155 0.171179 0.726899 0.005100 0.027666
2 2 0.040136 0.149750 0.783597 0.006065 0.020451
0 2 0.463615 0.282949 0.230702 0.000383 0.022352
1 2 0.300021 0.344943 0.322258 0.000397 0.032382
0 1 0.509191 0.317083 0.141302 0.000104 0.032320
0 1 0.729256 0.178794 0.063805 0.000635 0.027510
0 2 0.554059 0.244533 0.127466 0.003522 0.070421
0 2 0.602253 0.247209 0.110505 0.000813 0.039219
0 0 0.889012 0.083407 0.018939 0.000057 0.008585
0 1 0.891645 0.078615 0.019906 0.000267 0.009567
2 2 0.136054 0.340109 0.462822 0.000724 0.060291
2 2 0.104206 0.281631 0.509803 0.002956 0.101405
2 2 0.168289 0.343568 0.398768 0.001305 0.088071
2 2 0.132080 0.391147 0.391572 0.000599 0.084602
2 2 0.101602 0.336462 0.449298 0.000601 0.112038
0 1 0.478029 0.307876 0.175251 0.000457 0.038387
0 2 0.593584 0.187586 0.182400 0.007772 0.028659
2 2 0.291384 0.236574 0.381560 0.025860 0.064622
2 2 0.315617 0.239187 0.407833 0.006178 0.031186
0 0 0.821611 0.117303 0.050828 0.000334 0.009924
0 0 0.954527 0.034284 0.007037 0.000069 0.004083
0 1 0.833379 0.125970 0.021613 0.000072 0.018966
0 2 0.854981 0.097839 0.030477 0.000688 0.016015
0 2 0.880986 0.085381 0.021596 0.000284 0.011752
0 0 0.970695 0.021197 0.004442 0.000049 0.003617
0 1 0.649842 0.235328 0.064715 0.000180 0.049936
0 2 0.407801 0.325341 0.157623 0.000959 0.108277
1 2 0.231791 0.451876 0.174091 0.000062 0.142180
1 1 0.282449 0.410408 0.242202 0.000222 0.064719
2 2 0.118781 0.288567 0.378124 0.004437 0.210091
2 2 0.002940 0.032159 0.913683 0.044839 0.006378
2 2 0.000540 0.012876 0.756710 0.225315 0.004560
2 2 0.001892 0.025589 0.820180 0.143502 0.008838
2 2 0.001160 0.013480 0.835649 0.146679 0.003032
2 2 0.000509 0.010021 0.505364 0.478559 0.005548
4 2 0.008226 0.132462 0.250679 0.000925 0.607707
4 2 0.008027 0.090171 0.099523 0.001039 0.801241
4 2 0.047662 0.241304 0.102538 0.000086 0.608411
4 4 0.016161 0.144058 0.110244 0.000357 0.729180
4 4 0.024726 0.192851 0.153175 0.000450 0.628798
4 4 0.015355 0.124397 0.039944 0.000007 0.820297
4 4 0.004461 0.063831 0.065741 0.000324 0.865644
4 4 0.012008 0.099448 0.047142 0.000061 0.841342
4 4 0.022123 0.131018 0.042132 0.000027 0.804700
4 4 0.009809 0.096266 0.048871 0.000043 0.845010
4 4 0.004238 0.054973 0.071238 0.000388 0.869163
4 4 0.005128 0.070664 0.081947 0.000774 0.841487
4 4 0.011619 0.108981 0.063969 0.000071 0.815361
4 4 0.005791 0.076078 0.080615 0.000680 0.836836
4 4 0.010361 0.095884 0.061033 0.000170 0.832551
4 4 0.002345 0.041966 0.033004 0.000060 0.922625
4 4 0.005051 0.067432 0.029132 0.000008 0.898377
4 4 0.005956 0.065698 0.023229 0.000006 0.905111
4 4 0.002300 0.046485 0.029241 0.000009 0.921964
4 4 0.005731 0.078263 0.035281 0.000007 0.880718
4 4 0.005993 0.109000 0.061457 0.000002 0.823547
4 4 0.003884 0.068317 0.038590 0.000006 0.889203
4 4 0.002476 0.057362 0.046377 0.000017 0.893769
4 4 0.003170 0.077292 0.064306 0.000011 0.855221
4 4 0.004459 0.088815 0.058038 0.000006 0.848682
4 4 0.140011 0.268630 0.057983 0.000038 0.533338
4 4 0.042988 0.184699 0.095768 0.000343 0.676202
4 4 0.032226 0.159056 0.088284 0.000205 0.720229
4 4 0.024615 0.148417 0.106173 0.000537 0.720257
4 4 0.037305 0.179401 0.070990 0.000127 0.712178
4 4 0.007442 0.083186 0.044886 0.000043 0.864444
4 4 0.005030 0.065840 0.052202 0.000182 0.876746
4 4 0.005682 0.075587 0.056665 0.000094 0.861973
4 4 0.005600 0.070238 0.058123 0.000186 0.865854
4 4 0.010034 0.103049 0.052710 0.000033 0.834174
4 4 0.010785 0.086339 0.026269 0.000009 0.876598
4 4 0.026493 0.118352 0.012238 0.000000 0.842918
4 4 0.011629 0.085719 0.018481 0.000002 0.884168
4 4 0.003399 0.050399 0.033294 0.000036 0.912872
4 4 0.002288 0.042338 0.038298 0.000091 0.916986
4 4 0.003399 0.055449 0.050808 0.000188 0.890155
4 4 0.018578 0.133988 0.045415 0.000016 0.802002
4 4 0.005887 0.082093 0.054567 0.000039 0.857414
4 4 0.005513 0.088211 0.070295 0.000050 0.835932
4 4 0.003022 0.062790 0.075535 0.000194 0.858460
4 4 0.010666 0.107954 0.053909 0.000021 0.827450
4 4 0.017475 0.132483 0.051254 0.000028 0.798759
4 4 0.008076 0.087621 0.053442 0.000074 0.850786
4 4 0.007889 0.105216 0.084456 0.000123 0.802316
4 4 0.005378 0.069121 0.055314 0.000209 0.869978
4 4 0.002894 0.043361 0.021091 0.000009 0.932645
4 4 0.004118 0.050448 0.018186 0.000004 0.927245
4 4 0.003148 0.044695 0.019057 0.000008 0.933092
4 4 0.000716 0.024845 0.053657 0.000726 0.920056
4 4 0.001534 0.033761 0.031410 0.000088 0.933208
4 4 0.029929 0.166444 0.088016 0.000300 0.715311
4 4 0.019506 0.136955 0.093082 0.000415 0.750043
4 4 0.011445 0.107964 0.122985 0.001392 0.756214
0 1 0.523208 0.195848 0.035320 0.000022 0.245603
4 2 0.053054 0.210824 0.094673 0.000271 0.641178
4 2 0.015100 0.140754 0.365269 0.046738 0.432140
4 2 0.011462 0.134171 0.386465 0.029130 0.438771
2 2 0.008014 0.111976 0.470124 0.052127 0.357759
2 2 0.007027 0.101905 0.465220 0.066391 0.359457
4 2 0.011298 0.129969 0.381506 0.029578 0.447648
4 2 0.009403 0.110255 0.381096 0.065911 0.433335
4 2 0.023165 0.161691 0.253113 0.012865 0.549165
4 2 0.120728 0.261042 0.226441 0.007829 0.383960
0 1 0.546172 0.256294 0.077523 0.000745 0.119266
4 2 0.016170 0.136984 0.294372 0.038625 0.513848
2 2 0.000144 0.013689 0.956656 0.018044 0.011467
2 2 0.002820 0.061815 0.680997 0.114075 0.140294
2 2 0.000302 0.011783 0.670689 0.307137 0.010089
2 2 0.002023 0.050291 0.853295 0.057817 0.036575
2 2 0.000859 0.029729 0.735768 0.180696 0.052948
2 2 0.001020 0.032562 0.707662 0.193785 0.064971
2 2 0.000113 0.010626 0.911968 0.066776 0.010517
2 2 0.000270 0.016704 0.839716 0.119106 0.024204
2 2 0.000729 0.026045 0.770297 0.170088 0.032841
2 2 0.000808 0.029973 0.861041 0.081429 0.026749
2 2 0.000082 0.010603 0.933911 0.038949 0.016456
2 2 0.000362 0.027161 0.894380 0.019952 0.058145
2 2 0.000090 0.010604 0.929970 0.042658 0.016679
2 2 0.000318 0.025453 0.914853 0.018574 0.040802
2 2 0.000197 0.016114 0.862712 0.085808 0.035170
3 2 0.000673 0.015500 0.481109 0.483513 0.019205
2 2 0.000735 0.016668 0.516012 0.448567 0.018018
2 2 0.001002 0.019531 0.719477 0.246015 0.013975
2 2 0.001153 0.015340 0.678519 0.297311 0.007677
2 2 0.000498 0.013812 0.503304 0.464660 0.017726
3 2 0.001987 0.011843 0.196570 0.776947 0.012654
3 2 0.000847 0.009273 0.205656 0.771535 0.012689
3 2 0.000475 0.009101 0.368029 0.614264 0.008130
3 2 0.001530 0.015941 0.371046 0.597645 0.013838
3 2 0.000593 0.007541 0.219948 0.762991 0.008927
3 2 0.000445 0.003916 0.108705 0.881317 0.005617
3 2 0.001242 0.010585 0.422620 0.560148 0.005406
3 2 0.000515 0.003487 0.083601 0.907256 0.005141
3 2 0.000511 0.004272 0.126730 0.863490 0.004998
3 2 0.000798 0.004287 0.075897 0.912336 0.006680
3 2 0.001087 0.002700 0.046363 0.946997 0.002853
3 2 0.001630 0.002425 0.037104 0.956094 0.002747
3 2 0.001197 0.002018 0.028857 0.965728 0.002200
3 2 0.000549 0.001066 0.020934 0.976076 0.001375
3 3 0.001007 0.001625 0.025987 0.969568 0.001813
3 3 0.000887 0.001866 0.029583 0.965323 0.002340
3 3 0.000731 0.001663 0.028021 0.967384 0.002201
3 3 0.000856 0.002008 0.031747 0.962739 0.002650
3 3 0.000712 0.001536 0.026252 0.969513 0.001987
3 3 0.000279 0.000614 0.015005 0.983213 0.000889
3 3 0.000737 0.001269 0.021835 0.974686 0.001474
3 3 0.000778 0.001249 0.021169 0.975409 0.001395
3 3 0.000605 0.001112 0.021132 0.975650 0.001501
3 3 0.000954 0.001563 0.024466 0.971291 0.001726
3 3 0.000390 0.000696 0.015213 0.982822 0.000879
3 3 0.000405 0.000882 0.018837 0.978626 0.001250
3 3 0.000749 0.001424 0.024133 0.971966 0.001727
3 3 0.000654 0.001136 0.020447 0.976422 0.001342
3 3 0.000544 0.000845 0.016458 0.981188 0.000965
3 3 0.000775 0.001220 0.020734 0.975922 0.001350
3 3 0.001360 0.001437 0.022544 0.972918 0.001741
3 3 0.000799 0.001090 0.018525 0.978463 0.001123
3 3 0.000535 0.000618 0.012698 0.985485 0.000664
3 3 0.000574 0.000813 0.015639 0.982089 0.000885
3 3 0.001068 0.001121 0.017652 0.979125 0.001033
3 3 0.000559 0.000675 0.014628 0.983196 0.000942
3 3 0.000382 0.000528 0.012275 0.986153 0.000662
3 3 0.000345 0.000336 0.008093 0.990900 0.000326
3 3 0.000456 0.000782 0.016160 0.981648 0.000954
3 3 0.001332 0.001208 0.017474 0.979012 0.000973
3 3 0.001043 0.001346 0.023210 0.972497 0.001904
3 3 0.000849 0.000945 0.017001 0.980119 0.001086
3 3 0.000603 0.000857 0.017130 0.980285 0.001125
3 3 0.000561 0.000739 0.014697 0.983174 0.000830
3 3 0.000564 0.000621 0.012774 0.985353 0.000687
3 3 0.000884 0.000976 0.017505 0.979479 0.001155
3 3 0.000502 0.000443 0.009314 0.989349 0.000392
3 3 0.002034 0.001704 0.023163 0.971375 0.001725
3 3 0.001430 0.001236 0.017751 0.978564 0.001019
3 3 0.000693 0.000681 0.013274 0.984616 0.000736
3 3 0.000747 0.000870 0.015763 0.981709 0.000911
3 3 0.000529 0.000623 0.012544 0.985677 0.000627
3 3 0.000631 0.000725 0.013767 0.984154 0.000724
3 3 0.000730 0.000920 0.017106 0.980158 0.001084
3 3 0.000414 0.000442 0.009891 0.988809 0.000443
3 3 0.001101 0.001143 0.019308 0.977081 0.001367
3 3 0.000559 0.000931 0.019053 0.978094 0.001362
3 3 0.000816 0.000990 0.017917 0.979096 0.001180
3 3 0.001087 0.001101 0.017059 0.979798 0.000955
3 3 0.000418 0.000529 0.011581 0.986907 0.000565
3 3 0.000726 0.000791 0.016008 0.981372 0.001102
3 3 0.000630 0.000838 0.016593 0.980872 0.001068
3 3 0.001300 0.001417 0.023128 0.972251 0.001904
3 3 0.000416 0.000572 0.012589 0.985766 0.000656
3 3 0.001083 0.000723 0.011606 0.986072 0.000516
3 3 0.001115 0.000980 0.017340 0.979339 0.001225
3 3 0.000703 0.000852 0.016402 0.980995 0.001048
3 3 0.000572 0.000783 0.016073 0.981545 0.001028
3 3 0.000477 0.000499 0.011430 0.986968 0.000627
3 3 0.000987 0.000901 0.015323 0.981907 0.000883
3 3 0.000701 0.000909 0.016447 0.980990 0.000953
3 3 0.000916 0.001281 0.020838 0.975603 0.001362
3 3 0.000796 0.000959 0.017369 0.979769 0.001108
3 3 0.000570 0.000664 0.013026 0.985077 0.000662
3 3 0.000590 0.000768 0.014733 0.983105 0.000803
3 3 0.001971 0.003262 0.041275 0.949280 0.004212
3 3 0.001244 0.001610 0.023758 0.971823 0.001566
3 3 0.002180 0.004434 0.059966 0.929222 0.004198
3 3 0.003624 0.005634 0.058270 0.926909 0.005564
3 3 0.002889 0.005529 0.075701 0.911045 0.004836
3 3 0.001391 0.008989 0.261487 0.722675 0.005457
3 3 0.000957 0.008032 0.184514 0.797892 0.008606
3 3 0.000847 0.005638 0.121569 0.865119 0.006826
3 3 0.001938 0.009305 0.181354 0.799520 0.007884
3 3 0.002077 0.006823 0.104290 0.879809 0.007001
2 3 0.002657 0.040368 0.425467 0.424256 0.107252
3 3 0.001943 0.030650 0.368567 0.512798 0.086041
2 2 0.001346 0.028954 0.505868 0.402184 0.061648
3 2 0.001455 0.022430 0.318370 0.605275 0.052470
2 2 0.001466 0.028440 0.497919 0.424600 0.047575
2 2 0.002122 0.027266 0.490936 0.456078 0.023599
3 2 0.001293 0.013031 0.413542 0.562447 0.009687
3 2 0.001167 0.016583 0.383816 0.582714 0.015720
3 2 0.001480 0.019183 0.455301 0.510538 0.013498
3 2 0.000882 0.009574 0.263507 0.717308 0.008729
3 2 0.003763 0.018643 0.257359 0.704357 0.015878
3 2 0.002516 0.010454 0.106381 0.865718 0.014930
3 2 0.001198 0.007070 0.125722 0.857259 0.008751
3 2 0.005901 0.025587 0.393948 0.559846 0.014718
3 2 0.001655 0.014050 0.265291 0.703630 0.015374
3 2 0.000621 0.010509 0.319337 0.657902 0.011631
3 2 0.000544 0.006780 0.211022 0.773893 0.007761
3 2 0.000535 0.008240 0.232579 0.747135 0.011511
3 2 0.000798 0.008930 0.267806 0.714672 0.007794
3 2 0.000236 0.005321 0.393381 0.597518 0.003545
3 2 0.004974 0.017839 0.151432 0.798788 0.026967
0 0 0.712040 0.170463 0.099002 0.000991 0.017504
2 1 0.243721 0.238814 0.485793 0.007011 0.024661
2 2 0.052063 0.086817 0.669362 0.168935 0.022823
2 2 0.021602 0.092706 0.693474 0.152395 0.039823
2 2 0.003357 0.024805 0.869308 0.097385 0.005145
2 2 0.005091 0.037515 0.852474 0.096332 0.008588
2 2 0.004170 0.029485 0.880347 0.080543 0.005455
2 2 0.002385 0.022332 0.891731 0.079344 0.004207
2 2 0.010211 0.037984 0.803698 0.139561 0.008545
2 2 0.001850 0.020423 0.942821 0.031935 0.002972
2 2 0.004070 0.035188 0.767468 0.179377 0.013897
2 2 0.003474 0.036088 0.820472 0.127866 0.012100
2 2 0.006527 0.041690 0.880283 0.063657 0.007842
2 2 0.005949 0.041949 0.892206 0.052860 0.007035
3 2 0.004198 0.023362 0.404549 0.554847 0.013044
2 2 0.014862 0.068155 0.675792 0.208630 0.032561
2 2 0.019568 0.055172 0.696786 0.214520 0.013954
2 2 0.010632 0.052864 0.565494 0.340663 0.030348
2 2 0.046214 0.106735 0.727050 0.093977 0.026024
4 2 0.007188 0.090253 0.174274 0.007034 0.721251
4 2 0.002235 0.050900 0.201026 0.023309 0.722530
4 2 0.009268 0.100453 0.144082 0.002900 0.743297
4 2 0.007396 0.091212 0.160064 0.006890 0.734438
4 2 0.062875 0.212690 0.104789 0.000223 0.619424
4 2 0.039825 0.177756 0.247166 0.015608 0.519645
4 2 0.011476 0.114382 0.201943 0.010354 0.661845
4 2 0.043579 0.197420 0.169979 0.002092 0.586931
4 2 0.182703 0.273315 0.164797 0.002537 0.376648
0 1 0.621202 0.254683 0.047154 0.000118 0.076842
2 2 0.025131 0.202518 0.523287 0.010877 0.238187
4 2 0.055053 0.261008 0.308646 0.004095 0.371199
2 2 0.034173 0.199824 0.402698 0.028141 0.335164
4 2 0.037389 0.164720 0.302852 0.037499 0.457540
2 2 0.055039 0.294615 0.338719 0.001821 0.309806
4 2 0.016548 0.137878 0.158670 0.002808 0.684097
4 2 0.031771 0.215398 0.176248 0.000862 0.575721
4 2 0.007033 0.093248 0.202280 0.012961 0.684478
4 2 0.007051 0.089696 0.172379 0.010366 0.720508
4 2 0.022433 0.170193 0.151211 0.000876 0.655288
4 2 0.016576 0.156865 0.194979 0.001791 0.629789
4 2 0.052353 0.203749 0.141081 0.001322 0.601496
4 2 0.018582 0.149571 0.184913 0.003508 0.643426
4 2 0.099419 0.312991 0.116865 0.000187 0.470538
4 2 0.024667 0.160305 0.144713 0.001945 0.668371
2 2 0.016539 0.099040 0.361389 0.245461 0.277571
2 2 0.065725 0.206316 0.380157 0.058335 0.289466
2 2 0.022297 0.097726 0.410506 0.305094 0.164377
2 2 0.053428 0.168144 0.444407 0.114567 0.219455
2 2 0.031937 0.127461 0.763209 0.016939 0.060454
1 1 0.155488 0.387938 0.385658 0.000562 0.070354
2 2 0.023294 0.230485 0.604720 0.001814 0.139687
2 2 0.000921 0.043949 0.927287 0.001792 0.026051
2 2 0.000847 0.043437 0.913249 0.003872 0.038595
2 2 0.000901 0.045104 0.898689 0.009078 0.046229
2 2 0.000569 0.032626 0.930291 0.009824 0.026691
2 2 0.000685 0.035377 0.933420 0.005186 0.025333
2 2 0.000712 0.038010 0.946079 0.000970 0.014229
2 2 0.000611 0.032546 0.897457 0.029291 0.040095
2 2 0.000628 0.034342 0.926860 0.010435 0.027735
2 2 0.002028 0.065266 0.781473 0.029842 0.121392
2 2 0.002718 0.067791 0.747431 0.057583 0.124478
2 2 0.002219 0.065077 0.703313 0.051638 0.177752
2 2 0.010454 0.149275 0.678141 0.008080 0.154050
2 2 0.003519 0.085215 0.675454 0.034121 0.201692
2 2 0.008847 0.121100 0.723803 0.023771 0.122479
2 2 0.011144 0.134506 0.620730 0.030140 0.203480
2 2 0.001869 0.046488 0.725386 0.150104 0.076153
2 1 0.183062 0.279410 0.487025 0.001537 0.048967
2 2 0.000780 0.031798 0.892223 0.044845 0.030355
2 2 0.000058 0.010992 0.977085 0.002640 0.009226
2 2 0.000178 0.019143 0.948599 0.007832 0.024248
2 2 0.000214 0.020400 0.958028 0.006513 0.014844
2 2 0.000037 0.008084 0.982158 0.002980 0.006741
2 2 0.000295 0.028382 0.946447 0.001375 0.023501
2 2 0.000119 0.014488 0.961557 0.010118 0.013719
2 2 0.000058 0.009035 0.967479 0.014400 0.009029
2 2 0.000206 0.020165 0.963736 0.002559 0.013333
2 2 0.000057 0.008994 0.971020 0.011261 0.008667
2 2 0.000099 0.012829 0.962227 0.011228 0.013616
2 2 0.001752 0.034823 0.845768 0.095072 0.022584
2 2 0.001850 0.029936 0.860971 0.095182 0.012062
2 2 0.002486 0.039022 0.824736 0.110273 0.023483
2 2 0.000989 0.029034 0.833586 0.115875 0.020516
2 1 0.073048 0.143649 0.720614 0.017273 0.045416
2 2 0.029096 0.162264 0.754205 0.002571 0.051863
2 1 0.068598 0.289960 0.607790 0.000863 0.032788
2 2 0.009710 0.103338 0.804280 0.010602 0.072070
2 2 0.006247 0.101941 0.744251 0.026196 0.121365
2 2 0.018957 0.171155 0.650451 0.023855 0.135582
2 2 0.004765 0.075924 0.825730 0.047592 0.045990
2 2 0.001584 0.024137 0.636609 0.322556 0.015115
2 2 0.001657 0.035732 0.838757 0.101048 0.022805
2 2 0.001699 0.039452 0.787991 0.139499 0.031358
2 2 0.002167 0.039538 0.753289 0.173789 0.031218
2 2 0.001449 0.035365 0.948551 0.005058 0.009577
2 2 0.001410 0.038252 0.861090 0.071898 0.027350
2 2 0.005249 0.071768 0.878200 0.018528 0.026254
2 2 0.006369 0.061738 0.861509 0.039842 0.030541
2 2 0.001008 0.031122 0.882419 0.066207 0.019244
2 2 0.002342 0.029304 0.672878 0.280399 0.015078
2 2 0.001728 0.025270 0.690067 0.270365 0.012570
2 2 0.000678 0.012894 0.597542 0.382160 0.006727
2 2 0.002915 0.029679 0.850854 0.107373 0.009178
3 2 0.001044 0.013876 0.451863 0.524504 0.008712
2 2 0.003990 0.037806 0.820137 0.125734 0.012333
2 2 0.004202 0.031843 0.842779 0.113530 0.007646
2 2 0.004509 0.034672 0.676405 0.269054 0.015360
2 2 0.005023 0.045359 0.598756 0.312874 0.037989
2 2 0.006081 0.037629 0.690168 0.252234 0.013887
2 2 0.001494 0.029776 0.674620 0.268887 0.025222
2 2 0.002367 0.029421 0.549228 0.397592 0.021393
2 2 0.009284 0.056843 0.635595 0.261617 0.036661
2 2 0.003152 0.038810 0.748926 0.183600 0.025512
2 2 0.001692 0.029226 0.647063 0.297202 0.024817
2 2 0.002876 0.027807 0.892084 0.067786 0.009446
2 2 0.007488 0.059138 0.774734 0.119732 0.038909
2 1 0.317525 0.289726 0.357355 0.002042 0.033352
2 2 0.005858 0.065706 0.707187 0.174053 0.047196
2 2 0.004369 0.053662 0.810232 0.110296 0.021441
3 2 0.004534 0.028376 0.444048 0.506822 0.016222
2 2 0.002092 0.022430 0.750282 0.217724 0.007472
2 2 0.005871 0.048748 0.599327 0.317235 0.028820
2 2 0.002177 0.022016 0.508474 0.454624 0.012708
2 2 0.005092 0.039354 0.847716 0.097777 0.010061
2 2 0.001090 0.018623 0.748322 0.224368 0.007597
2 2 0.003682 0.033138 0.767202 0.183920 0.012058
3 2 0.000999 0.011764 0.346167 0.632385 0.008685
2 2 0.002061 0.017553 0.545368 0.427056 0.007963
2 2 0.002294 0.028687 0.826893 0.132625 0.009501
2 2 0.000909 0.016167 0.715471 0.260906 0.006547
2 2 0.002382 0.022472 0.601473 0.363843 0.009829
2 2 0.001175 0.017018 0.648227 0.325943 0.007638
2 2 0.002120 0.024882 0.661274 0.299565 0.012159
3 2 0.001279 0.017822 0.483396 0.486068 0.011436
2 2 0.000803 0.019541 0.651622 0.312495 0.015540
2 2 0.000207 0.010024 0.734690 0.248226 0.006853
2 2 0.000657 0.018785 0.723512 0.243613 0.013434
2 2 0.000447 0.013379 0.654600 0.322825 0.008748
2 2 0.000781 0.017980 0.830582 0.141802 0.008854
2 2 0.001534 0.029280 0.811285 0.143338 0.014562
2 2 0.000058 0.005484 0.871498 0.120182 0.002778
2 2 0.000094 0.005907 0.740737 0.250088 0.003174
2 2 0.000202 0.009820 0.653551 0.326906 0.009520
2 2 0.000166 0.009485 0.875192 0.109626 0.005530
2 2 0.003265 0.027112 0.756787 0.202223 0.010613
2 2 0.002121 0.021366 0.609793 0.355471 0.011249
2 2 0.001362 0.017792 0.505173 0.465116 0.010557
3 2 0.002641 0.017783 0.335642 0.629734 0.014199
2 2 0.156193 0.147566 0.582962 0.075788 0.037491
2 2 0.098662 0.265964 0.607413 0.001470 0.026490
2 2 0.010509 0.092264 0.816630 0.047753 0.032844
2 2 0.002077 0.040374 0.786810 0.130439 0.040299
2 2 0.002262 0.044689 0.597838 0.266771 0.088440
2 2 0.004036 0.050562 0.634996 0.257576 0.052831
4 2 0.018149 0.122942 0.231861 0.013168 0.613880
4 2 0.136576 0.249664 0.182772 0.004338 0.426651
4 2 0.008195 0.095393 0.263985 0.034000 0.598428
4 2 0.073486 0.188133 0.243903 0.010180 0.484298
4 2 0.009505 0.101102 0.244633 0.020429 0.624331
4 4 0.003889 0.065169 0.129397 0.005172 0.796374
4 4 0.006085 0.080597 0.120448 0.002718 0.790152
4 4 0.004405 0.070032 0.114903 0.002794 0.807867
4 4 0.020646 0.177195 0.167471 0.000635 0.634053
4 4 0.003939 0.062455 0.087067 0.001082 0.845456
4 4 0.019078 0.151002 0.135137 0.000997 0.693785
4 4 0.043358 0.177561 0.117261 0.000691 0.661129
4 4 0.097414 0.246668 0.097701 0.000260 0.557957
4 4 0.051277 0.211659 0.087378 0.000203 0.649482
4 4 0.007682 0.094015 0.193763 0.011952 0.692588
4 2 0.004070 0.084905 0.193899 0.002141 0.714985
4 2 0.004704 0.072919 0.128883 0.004148 0.789346
4 2 0.002529 0.052680 0.134434 0.006454 0.803903
4 2 0.002686 0.057425 0.133989 0.003918 0.801982
4 2 0.002428 0.060884 0.175962 0.004286 0.756440
4 2 0.004510 0.065910 0.079163 0.000670 0.849748
4 2 0.004605 0.064141 0.060276 0.000257 0.870721
0 1 0.666188 0.183663 0.014897 0.000002 0.135250
4 1 0.013658 0.102498 0.039051 0.000023 0.844769
4 2 0.005346 0.064112 0.060283 0.000193 0.870067
4 2 0.033217 0.172014 0.078051 0.000178 0.716540
4 2 0.006278 0.082395 0.126931 0.003501 0.780895
4 4 0.004286 0.070143 0.175757 0.012604 0.737210
4 4 0.016672 0.128877 0.105180 0.000669 0.748601
4 4 0.021695 0.144690 0.092371 0.000583 0.740660
4 4 0.122702 0.276683 0.049223 0.000020 0.551372
4 4 0.015719 0.127116 0.118909 0.001128 0.737128
4 4 0.051723 0.202677 0.060462 0.000043 0.685095
4 4 0.273690 0.314727 0.067443 0.000082 0.344058
4 4 0.150938 0.291899 0.091549 0.000301 0.465313
4 4 0.008950 0.084366 0.041070 0.000050 0.865564
4 4 0.002564 0.044895 0.040876 0.000058 0.911607
4 4 0.009711 0.084243 0.031274 0.000018 0.874755
4 4 0.003589 0.057555 0.048219 0.000112 0.890526
4 4 0.009108 0.081256 0.030510 0.000016 0.879110
4 4 0.009247 0.083764 0.033823 0.000027 0.873139
4 4 0.013326 0.106317 0.038712 0.000020 0.841625
4 4 0.016184 0.117378 0.037604 0.000013 0.828821
4 1 0.126713 0.266256 0.033261 0.000001 0.573769
4 1 0.009716 0.082591 0.028892 0.000007 0.878792
4 1 0.015226 0.125235 0.048939 0.000019 0.810580
4 4 0.005322 0.066458 0.046128 0.000111 0.881981
4 4 0.003417 0.053525 0.047591 0.000157 0.895309
4 4 0.002505 0.046509 0.052683 0.000272 0.898031
4 4 0.004802 0.065404 0.041863 0.000061 0.887869
4 4 0.005384 0.072147 0.078450 0.000774 0.843245
4 4 0.001790 0.043145 0.105403 0.003608 0.846054
4 4 0.006119 0.074244 0.063670 0.000219 0.855747
4 4 0.009727 0.095734 0.059730 0.000122 0.834687
4 4 0.007057 0.080538 0.066851 0.000326 0.845228
4 4 0.005399 0.068026 0.051711 0.000156 0.874709
4 4 0.006317 0.075194 0.060738 0.000237 0.857513
4 4 0.008696 0.091883 0.059848 0.000126 0.839446
4 4 0.012027 0.119119 0.068730 0.000056 0.800069
4 4 0.004940 0.064055 0.043358 0.000066 0.887581
4 4 0.004005 0.059306 0.055463 0.000260 0.880966
4 4 0.002627 0.049705 0.071960 0.000688 0.875020
4 4 0.014189 0.101971 0.032703 0.000015 0.851122
4 4 0.005095 0.067289 0.048503 0.000108 0.879005
4 4 0.023090 0.136360 0.053203 0.000013 0.787333
4 4 0.019546 0.144175 0.092299 0.000345 0.743634
