0 0 0.910677 0.061300 0.020143 0.001282 0.006598
0 0 0.864229 0.089497 0.028429 0.002060 0.015785
0 0 0.902329 0.066374 0.021536 0.001589 0.008172
0 0 0.917313 0.057160 0.018991 0.001063 0.005473
0 0 0.907230 0.063413 0.020726 0.001405 0.007226
0 0 0.907183 0.063442 0.020734 0.001407 0.007235
0 0 0.903418 0.065721 0.021358 0.001547 0.007957
0 0 0.893989 0.071293 0.022866 0.001931 0.009921
0 0 0.908867 0.062413 0.020450 0.001346 0.006924
0 0 0.894145 0.071202 0.022842 0.001924 0.009887
0 0 0.868922 0.088413 0.029108 0.001011 0.012545
0 0 0.846611 0.101279 0.032685 0.001390 0.018035
0 0 0.862061 0.091394 0.029297 0.001695 0.015553
0 0 0.856855 0.094768 0.030463 0.001568 0.016346
0 0 0.776058 0.140007 0.044119 0.001774 0.038042
0 0 0.768979 0.145124 0.046220 0.001395 0.038283
0 0 0.637905 0.200670 0.063552 0.002651 0.095222
0 0 0.860153 0.092547 0.029654 0.001697 0.015949
0 0 0.843626 0.102566 0.032832 0.001623 0.019353
0 0 0.766126 0.148130 0.047793 0.001060 0.036891
0 0 0.884855 0.076812 0.024484 0.002099 0.011749
0 0 0.770292 0.139905 0.043527 0.002903 0.043373
0 0 0.802352 0.123964 0.038556 0.002530 0.032598
0 0 0.871187 0.084754 0.026741 0.002438 0.014881
0 0 0.889183 0.074060 0.023607 0.002143 0.011008
0 0 0.650809 0.208226 0.067287 0.000724 0.072954
0 0 0.530359 0.255431 0.081748 0.000762 0.131700
0 0 0.652043 0.206878 0.066590 0.000788 0.073701
0 0 0.583945 0.234711 0.074866 0.000840 0.105638
0 0 0.639666 0.210531 0.067044 0.000947 0.081811
0 0 0.908532 0.062618 0.020507 0.001358 0.006985
0 0 0.910806 0.061220 0.020121 0.001278 0.006575
0 0 0.915438 0.058339 0.019321 0.001123 0.005779
0 0 0.909391 0.062091 0.020362 0.001327 0.006828
0 0 0.907216 0.063421 0.020728 0.001405 0.007229
0 0 0.904757 0.064913 0.021137 0.001497 0.007696
0 0 0.917988 0.056734 0.018872 0.001042 0.005365
0 0 0.908383 0.062709 0.020532 0.001363 0.007013
0 0 0.924898 0.052314 0.017623 0.000840 0.004325
0 0 0.916723 0.057532 0.019095 0.001082 0.005568
0 0 0.920193 0.055334 0.018478 0.000975 0.005020
0 0 0.923844 0.052995 0.017817 0.000869 0.004476
0 0 0.926188 0.051478 0.017385 0.000804 0.004144
0 0 0.896195 0.071122 0.023604 0.000972 0.008108
0 0 0.905241 0.065072 0.021516 0.001097 0.007074
0 0 0.921520 0.054487 0.018239 0.000936 0.004818
0 0 0.930750 0.048494 0.016529 0.000687 0.003540
0 0 0.903388 0.065738 0.021362 0.001549 0.007962
0 0 0.927755 0.050458 0.017094 0.000763 0.003931
0 0 0.923022 0.053524 0.017967 0.000892 0.004595
0 0 0.923356 0.053309 0.017906 0.000883 0.004546
0 0 0.927342 0.050727 0.017171 0.000774 0.003987
0 0 0.907283 0.063381 0.020717 0.001403 0.007216
0 0 0.928441 0.050009 0.016965 0.000745 0.003839
0 0 0.930602 0.048591 0.016557 0.000690 0.003559
0 0 0.930032 0.048967 0.016666 0.000705 0.003632
0 0 0.939024 0.042977 0.014923 0.000500 0.002578
0 0 0.920811 0.054940 0.018367 0.000957 0.004925
0 0 0.909540 0.062000 0.020337 0.001322 0.006801
0 0 0.923060 0.053499 0.017960 0.000891 0.004590
0 0 0.924462 0.052596 0.017704 0.000852 0.004387
0 0 0.925359 0.052016 0.017538 0.000827 0.004260
0 0 0.900409 0.068013 0.022312 0.001258 0.008008
0 0 0.910737 0.061263 0.020133 0.001280 0.006587
0 0 0.911750 0.060637 0.019960 0.001245 0.006408
0 0 0.924537 0.052547 0.017690 0.000850 0.004376
0 0 0.916511 0.057665 0.019133 0.001089 0.005603
0 0 0.940883 0.041719 0.014552 0.000462 0.002385
0 0 0.934048 0.046311 0.015898 0.000608 0.003136
0 0 0.947921 0.036900 0.013113 0.000335 0.001732
0 0 0.941729 0.041144 0.014382 0.000446 0.002300
0 0 0.940746 0.041811 0.014579 0.000465 0.002399
0 0 0.935520 0.045330 0.015612 0.000575 0.002964
0 0 0.938560 0.043289 0.015015 0.000509 0.002627
0 0 0.934792 0.045815 0.015753 0.000591 0.003048
0 0 0.946395 0.037952 0.013429 0.000361 0.001863
0 0 0.934393 0.046128 0.015929 0.000540 0.003010
0 0 0.944618 0.039172 0.013795 0.000392 0.002023
0 0 0.942500 0.040619 0.014226 0.000431 0.002224
0 0 0.940551 0.041944 0.014618 0.000469 0.002419
0 0 0.937673 0.043886 0.015190 0.000528 0.002723
0 0 0.944372 0.039341 0.013845 0.000396 0.002046
0 0 0.928683 0.049851 0.016920 0.000739 0.003807
0 0 0.940883 0.041719 0.014552 0.000462 0.002385
0 0 0.934732 0.045855 0.015765 0.000593 0.003055
0 0 0.856831 0.095058 0.030703 0.001422 0.015986
0 0 0.928317 0.050116 0.017030 0.000720 0.003817
0 0 0.933575 0.046625 0.015989 0.000619 0.003192
0 0 0.935038 0.045651 0.015706 0.000586 0.003020
0 0 0.943554 0.039900 0.014012 0.000411 0.002123
0 0 0.915727 0.058873 0.020365 0.000464 0.004571
0 0 0.924839 0.052691 0.018237 0.000485 0.003749
0 0 0.928924 0.049887 0.017241 0.000513 0.003435
0 0 0.909180 0.063250 0.021810 0.000477 0.005283
0 0 0.917108 0.057980 0.020144 0.000428 0.004340
0 0 0.947797 0.036986 0.013139 0.000337 0.001742
0 0 0.949692 0.035673 0.012742 0.000307 0.001586
0 0 0.947048 0.037502 0.013294 0.000350 0.001806
0 1 0.949479 0.035821 0.012787 0.000310 0.001603
0 1 0.949372 0.035895 0.012809 0.000312 0.001612
0 1 0.943864 0.039689 0.013949 0.000406 0.002093
0 1 0.949764 0.035624 0.012727 0.000306 0.001580
0 1 0.938087 0.043608 0.015108 0.000519 0.002678
0 1 0.947112 0.037458 0.013281 0.000349 0.001801
0 1 0.949033 0.036131 0.012880 0.000317 0.001639
0 1 0.832088 0.112186 0.037580 0.000615 0.017531
0 1 0.919464 0.056390 0.019610 0.000426 0.004109
0 1 0.926489 0.051620 0.017991 0.000425 0.003475
0 1 0.930375 0.049000 0.017196 0.000379 0.003049
0 1 0.942182 0.040836 0.014290 0.000437 0.002255
0 1 0.895610 0.072710 0.026061 0.000203 0.005416
0 1 0.909449 0.063400 0.022894 0.000188 0.004070
0 1 0.897380 0.071544 0.025751 0.000188 0.005137
0 2 0.886781 0.078463 0.027662 0.000272 0.006822
0 2 0.841626 0.108265 0.038754 0.000165 0.011189
0 2 0.753233 0.163434 0.058222 0.000135 0.024976
0 2 0.641104 0.231196 0.084646 0.000055 0.042999
0 2 0.649814 0.223125 0.079260 0.000104 0.047697
0 2 0.608502 0.246410 0.088106 0.000080 0.056901
0 2 0.800288 0.133432 0.046321 0.000266 0.019693
0 2 0.371542 0.357930 0.129527 0.000028 0.140973
0 2 0.530793 0.286343 0.102472 0.000062 0.080331
0 2 0.503961 0.301992 0.109508 0.000043 0.084496
0 1 0.625961 0.233105 0.081016 0.000151 0.059767
0 1 0.663183 0.215803 0.076742 0.000106 0.044167
0 2 0.820194 0.121358 0.042473 0.000242 0.015734
0 2 0.649628 0.219338 0.075556 0.000195 0.055283
0 2 0.760072 0.158341 0.055455 0.000195 0.025938
0 2 0.813668 0.124657 0.042771 0.000353 0.018550
0 2 0.630784 0.227247 0.077295 0.000238 0.064436
0 1 0.765070 0.152081 0.050840 0.000511 0.031498
0 2 0.761761 0.155473 0.052952 0.000346 0.029470
0 2 0.917000 0.057913 0.019859 0.000558 0.004669
0 2 0.852059 0.100296 0.034126 0.000483 0.013036
0 2 0.750022 0.160555 0.053587 0.000503 0.035332
0 2 0.492923 0.297637 0.103629 0.000096 0.105716
0 2 0.543502 0.269977 0.092073 0.000173 0.094275
0 2 0.568980 0.258623 0.088398 0.000179 0.083819
0 2 0.354969 0.338931 0.115116 0.000097 0.190887
0 2 0.733253 0.171609 0.058224 0.000342 0.036573
1 2 0.152509 0.329700 0.246127 0.000046 0.271617
2 2 0.034312 0.175229 0.493743 0.000079 0.296638
2 2 0.023879 0.132213 0.591390 0.000130 0.252389
2 2 0.019157 0.164271 0.520300 0.000106 0.296166
2 2 0.025461 0.169771 0.539681 0.000106 0.264982
2 2 0.002141 0.035543 0.945338 0.000417 0.016560
2 2 0.000217 0.011382 0.965374 0.005441 0.017585
2 2 0.000724 0.015650 0.967103 0.005333 0.011189
2 2 0.000676 0.013452 0.972614 0.001102 0.012157
2 2 0.001085 0.020069 0.963169 0.000663 0.015014
2 2 0.002116 0.035834 0.923950 0.000138 0.037962
2 2 0.000952 0.023902 0.948349 0.000109 0.026688
2 2 0.001225 0.028359 0.946572 0.001785 0.022059
2 2 0.000678 0.018185 0.964117 0.000259 0.016762
2 2 0.006284 0.050906 0.900472 0.002200 0.040139
2 2 0.021366 0.054165 0.864333 0.029358 0.030779
2 2 0.015773 0.064900 0.867469 0.019631 0.032228
0 1 0.714048 0.120733 0.137087 0.003890 0.024243
0 2 0.704609 0.191859 0.083254 0.002271 0.018008
2 2 0.310965 0.221752 0.417955 0.021310 0.028018
2 2 0.019762 0.104481 0.851661 0.005674 0.018421
2 2 0.111514 0.198495 0.650576 0.004338 0.035077
2 2 0.141789 0.275157 0.536965 0.003716 0.042373
2 2 0.065471 0.199404 0.688428 0.002020 0.044676
2 2 0.006163 0.049048 0.915636 0.002718 0.026435
2 2 0.005731 0.034140 0.861808 0.081656 0.016665
2 2 0.014473 0.046402 0.848483 0.073244 0.017397
2 2 0.006351 0.023190 0.867599 0.092252 0.010607
2 2 0.013224 0.041870 0.825670 0.105555 0.013680
2 3 0.011137 0.040839 0.790644 0.145138 0.012242
2 3 0.007630 0.022341 0.568975 0.389197 0.011857
2 3 0.009979 0.022379 0.573544 0.380810 0.013289
3 3 0.009864 0.022833 0.380911 0.574265 0.012127
3 3 0.005954 0.017767 0.422877 0.541280 0.012123
2 3 0.006774 0.020113 0.521323 0.437837 0.013953
3 3 0.027541 0.026610 0.284452 0.646961 0.014435
3 3 0.011194 0.015462 0.257070 0.707980 0.008293
3 3 0.026693 0.027318 0.252874 0.677965 0.015151
3 3 0.008285 0.011477 0.129819 0.840994 0.009425
3 3 0.005313 0.008727 0.111968 0.867967 0.006024
3 3 0.002653 0.004938 0.062991 0.924751 0.004666
3 3 0.002867 0.005331 0.072172 0.914627 0.005003
3 3 0.002551 0.005557 0.094228 0.893374 0.004290
3 3 0.005599 0.009135 0.143573 0.833638 0.008056
3 3 0.001774 0.004350 0.105332 0.885106 0.003439
3 3 0.000791 0.002400 0.079640 0.915486 0.001684
3 3 0.002531 0.005781 0.123530 0.865036 0.003122
3 3 0.004123 0.007334 0.122488 0.861437 0.004618
3 3 0.001020 0.002940 0.082011 0.911937 0.002091
3 3 0.000862 0.002012 0.044628 0.950545 0.001953
3 3 0.003735 0.007645 0.137130 0.845679 0.005811
3 3 0.011156 0.020174 0.458894 0.499346 0.010431
3 3 0.004336 0.010868 0.213501 0.758805 0.012490
3 3 0.006069 0.010186 0.147323 0.828036 0.008387
3 3 0.002466 0.007644 0.154103 0.829468 0.006319
3 3 0.001892 0.004276 0.062854 0.927513 0.003465
3 3 0.003361 0.005803 0.097188 0.887693 0.005955
3 3 0.002410 0.004023 0.054417 0.934664 0.004486
3 3 0.003732 0.006114 0.079343 0.904480 0.006331
3 3 0.004111 0.007143 0.072112 0.910139 0.006494
0 3 0.389176 0.125575 0.308079 0.119527 0.057643
2 2 0.329863 0.148382 0.424555 0.083383 0.013818
2 2 0.368619 0.155767 0.383487 0.076480 0.015647
2 2 0.374147 0.136955 0.402840 0.071153 0.014904
0 2 0.401888 0.153845 0.355202 0.071099 0.017965
2 2 0.012272 0.032510 0.880220 0.068493 0.006505
2 2 0.024416 0.050504 0.850182 0.063085 0.011812
2 2 0.005915 0.021538 0.900196 0.066173 0.006178
2 2 0.011035 0.032482 0.856191 0.090252 0.010040
2 2 0.006461 0.027747 0.838571 0.114024 0.013196
2 2 0.037967 0.034135 0.648461 0.272164 0.007273
2 2 0.041288 0.043846 0.532306 0.362802 0.019758
3 3 0.013813 0.019253 0.295778 0.661745 0.009411
2 3 0.014014 0.018497 0.495602 0.466599 0.005288
3 3 0.010795 0.019013 0.309746 0.654318 0.006129
3 3 0.003158 0.006034 0.132091 0.855156 0.003561
3 3 0.002272 0.004043 0.092042 0.897112 0.004531
3 3 0.003889 0.005557 0.072296 0.911475 0.006782
3 3 0.003098 0.004947 0.049752 0.936898 0.005305
3 3 0.003161 0.004882 0.058843 0.927531 0.005582
3 3 0.002170 0.004112 0.061849 0.927814 0.004056
3 3 0.002221 0.004285 0.079806 0.910473 0.003216
3 3 0.002914 0.004836 0.059444 0.927656 0.005151
3 3 0.002454 0.004872 0.081692 0.906911 0.004071
0 1 0.581073 0.106978 0.254073 0.039139 0.018737
0 1 0.697511 0.174493 0.069523 0.001654 0.056819
0 2 0.650507 0.163033 0.121118 0.005738 0.059603
0 2 0.505173 0.191052 0.215442 0.004647 0.083686
0 2 0.535826 0.182907 0.198705 0.005489 0.077073
0 2 0.439070 0.197945 0.248383 0.006404 0.108197
2 2 0.119785 0.141814 0.682680 0.013143 0.042578
2 2 0.131375 0.127925 0.693606 0.011324 0.035770
2 2 0.072706 0.074468 0.806737 0.007183 0.038905
2 2 0.131129 0.134037 0.686583 0.017241 0.031010
2 2 0.048065 0.068783 0.856492 0.007103 0.019557
2 2 0.033680 0.072648 0.872867 0.002031 0.018774
2 2 0.006576 0.025876 0.953225 0.004912 0.009412
2 2 0.013499 0.036505 0.938016 0.002406 0.009573
2 2 0.008962 0.033073 0.944742 0.001557 0.011666
2 2 0.005261 0.029445 0.950298 0.005311 0.009687
2 2 0.013758 0.026165 0.928134 0.027548 0.004394
2 2 0.005311 0.015553 0.944756 0.031022 0.003358
2 2 0.054288 0.053582 0.858414 0.022337 0.011378
2 2 0.013007 0.028431 0.885653 0.066353 0.006556
2 2 0.026955 0.030922 0.876903 0.060106 0.005114
2 2 0.003131 0.018409 0.933931 0.037415 0.007113
2 2 0.008386 0.028140 0.936325 0.019618 0.007530
2 2 0.006174 0.018748 0.928771 0.042483 0.003824
2 2 0.024165 0.043560 0.900224 0.022893 0.009157
2 2 0.011115 0.035091 0.917224 0.027505 0.009066
2 2 0.022498 0.051203 0.863234 0.039245 0.023820
2 2 0.050447 0.067655 0.818465 0.041083 0.022349
2 2 0.029967 0.060038 0.850730 0.038615 0.020651
2 2 0.025496 0.067003 0.827705 0.040714 0.039084
2 2 0.100519 0.114509 0.717155 0.023010 0.044806
0 2 0.441579 0.242088 0.075792 0.006151 0.234389
0 2 0.541417 0.226439 0.071332 0.004390 0.156422
0 2 0.446658 0.242286 0.073971 0.005293 0.231792
4 2 0.326711 0.244317 0.077132 0.008645 0.343195
0 2 0.492009 0.245768 0.074716 0.002563 0.184944
0 2 0.475826 0.249705 0.076633 0.002616 0.195220
0 2 0.410388 0.257842 0.081412 0.003530 0.246829
0 2 0.465263 0.256442 0.079807 0.002123 0.196365
0 2 0.475701 0.250759 0.078220 0.002616 0.192704
0 2 0.356310 0.254326 0.081728 0.005739 0.301898
0 2 0.514462 0.229629 0.072802 0.005713 0.177393
0 2 0.600266 0.211082 0.065734 0.003405 0.119513
0 2 0.584930 0.227888 0.070767 0.001355 0.115061
0 2 0.615957 0.201680 0.062780 0.004620 0.114962
0 2 0.644945 0.196854 0.059723 0.002617 0.095861
0 2 0.792099 0.128496 0.039599 0.002955 0.036851
0 2 0.754627 0.149722 0.046557 0.002180 0.046914
0 2 0.781957 0.134909 0.041868 0.002475 0.038791
0 2 0.725120 0.160630 0.048783 0.003243 0.062225
0 2 0.516494 0.237872 0.074645 0.003207 0.167783
0 2 0.722817 0.162777 0.049705 0.002878 0.061823
0 2 0.825805 0.111497 0.034975 0.002303 0.025421
0 2 0.734492 0.151577 0.046704 0.005673 0.061555
0 2 0.740806 0.149923 0.046232 0.004970 0.058069
0 2 0.858153 0.091048 0.028137 0.003537 0.019125
0 2 0.833424 0.106441 0.033168 0.002713 0.024254
0 2 0.826899 0.109676 0.033991 0.002963 0.026471
0 2 0.793884 0.127443 0.039251 0.003010 0.036412
0 2 0.808810 0.117386 0.036468 0.004296 0.033040
0 2 0.823898 0.115274 0.037373 0.001163 0.022292
0 2 0.569601 0.234003 0.103259 0.000733 0.092404
0 2 0.466677 0.235453 0.166936 0.002170 0.128764
0 2 0.318381 0.239304 0.236253 0.004625 0.201437
2 2 0.247876 0.247318 0.322813 0.001456 0.180537
2 2 0.078409 0.127007 0.701578 0.001408 0.091598
2 2 0.290305 0.164956 0.515086 0.004159 0.025495
2 2 0.054278 0.070897 0.858188 0.003778 0.012859
2 2 0.096333 0.108235 0.765758 0.008457 0.021217
2 2 0.055341 0.087613 0.834596 0.003786 0.018664
2 2 0.044663 0.071587 0.853577 0.010814 0.019360
2 2 0.050275 0.099430 0.814700 0.000866 0.034729
2 2 0.012997 0.054915 0.904964 0.000942 0.026182
2 2 0.031261 0.097416 0.813405 0.000681 0.057238
2 2 0.022740 0.078615 0.865752 0.000881 0.032011
2 2 0.035978 0.106720 0.791488 0.002025 0.063788
2 2 0.019486 0.062959 0.883358 0.006792 0.027405
2 2 0.023958 0.078130 0.842084 0.004903 0.050925
2 2 0.023359 0.064881 0.864005 0.017070 0.030685
2 2 0.047464 0.080679 0.816471 0.008860 0.046526
2 2 0.012152 0.049638 0.884892 0.020495 0.032822
2 2 0.165836 0.110223 0.593969 0.068119 0.061854
2 2 0.103346 0.137345 0.576595 0.071477 0.111236
2 2 0.121554 0.123286 0.631911 0.039670 0.083579
2 2 0.239145 0.155132 0.456101 0.087351 0.062271
2 2 0.056778 0.086984 0.712352 0.083278 0.060607
2 2 0.059417 0.063814 0.511969 0.343426 0.021373
2 2 0.060899 0.044762 0.575823 0.305420 0.013095
2 2 0.107021 0.074952 0.514842 0.284071 0.019114
2 2 0.036313 0.050627 0.494000 0.400336 0.018724
2 2 0.059580 0.060231 0.476033 0.382684 0.021472
3 2 0.045946 0.032083 0.105882 0.781072 0.035017
3 3 0.019459 0.019463 0.130396 0.813518 0.017164
3 3 0.072053 0.052057 0.237570 0.610946 0.027373
3 3 0.060223 0.036761 0.156919 0.700506 0.045591
3 3 0.033053 0.024262 0.077093 0.830187 0.035405
3 3 0.020225 0.019469 0.136253 0.805687 0.018367
3 3 0.007516 0.009289 0.057589 0.914943 0.010663
3 3 0.012722 0.013690 0.090636 0.866093 0.016860
3 3 0.008167 0.011536 0.071788 0.897511 0.010998
3 3 0.019681 0.020458 0.097359 0.841675 0.020828
3 3 0.015605 0.016692 0.111189 0.844844 0.011670
3 3 0.013423 0.015513 0.081261 0.878201 0.011602
3 3 0.008881 0.011548 0.071403 0.897630 0.010538
3 3 0.094110 0.051990 0.191102 0.626870 0.035927
3 3 0.013766 0.014418 0.078055 0.882047 0.011715
3 3 0.040335 0.037616 0.212981 0.693646 0.015421
3 3 0.015082 0.017588 0.145467 0.811752 0.010110
3 3 0.004303 0.006991 0.062346 0.919626 0.006734
3 3 0.008807 0.012479 0.089589 0.880253 0.008872
3 3 0.012610 0.015915 0.097130 0.859842 0.014503
3 3 0.012399 0.012469 0.066388 0.892417 0.016327
3 3 0.008206 0.009197 0.057344 0.913521 0.011732
3 3 0.018534 0.018225 0.077690 0.863759 0.021793
3 3 0.012566 0.012754 0.047033 0.912030 0.015617
3 3 0.017843 0.013427 0.036936 0.910486 0.021308
3 3 0.008493 0.011229 0.051481 0.920286 0.008512
3 3 0.007388 0.010152 0.067257 0.905806 0.009397
3 3 0.113882 0.046670 0.149739 0.654904 0.034806
3 3 0.079116 0.077614 0.342700 0.487767 0.012802
3 3 0.005964 0.009276 0.091501 0.884349 0.008910
3 3 0.003878 0.005661 0.075203 0.908510 0.006748
3 3 0.003567 0.005397 0.065546 0.919310 0.006180
3 3 0.005473 0.006951 0.066249 0.912563 0.008764
3 3 0.002827 0.004887 0.057448 0.929892 0.004945
3 3 0.004320 0.006092 0.070290 0.912027 0.007270
3 3 0.003970 0.004788 0.040890 0.943573 0.006779
3 3 0.006536 0.007878 0.045057 0.931030 0.009499
3 3 0.003533 0.004902 0.047760 0.937729 0.006077
3 3 0.007798 0.008595 0.056366 0.915839 0.011401
3 3 0.004090 0.004893 0.030703 0.953667 0.006648
3 3 0.001647 0.002526 0.034383 0.958056 0.003389
3 3 0.001326 0.002226 0.025931 0.967796 0.002721
3 3 0.000939 0.001669 0.022447 0.972864 0.002080
3 3 0.000678 0.001515 0.026445 0.969789 0.001573
3 3 0.001184 0.002054 0.026501 0.967758 0.002503
3 3 0.001945 0.002740 0.024234 0.967374 0.003708
3 3 0.002385 0.003280 0.022741 0.967360 0.004234
3 3 0.006954 0.006094 0.027203 0.949314 0.010434
3 3 0.003792 0.005342 0.037847 0.946906 0.006112
3 3 0.003229 0.003830 0.024576 0.962831 0.005534
3 3 0.000523 0.001070 0.015359 0.981779 0.001269
3 3 0.001538 0.002734 0.038021 0.954839 0.002868
3 3 0.000930 0.001916 0.025218 0.969953 0.001983
3 3 0.000805 0.001485 0.019796 0.976095 0.001819
3 3 0.001157 0.001856 0.020660 0.973876 0.002451
3 3 0.001218 0.002284 0.021098 0.973013 0.002387
3 3 0.000605 0.001277 0.019494 0.977195 0.001428
3 3 0.001120 0.001876 0.017814 0.976885 0.002306
3 3 0.001321 0.002189 0.030284 0.963411 0.002794
3 3 0.001294 0.002109 0.020915 0.973056 0.002626
3 3 0.001039 0.001824 0.020566 0.974366 0.002204
3 3 0.000681 0.001473 0.025024 0.971238 0.001584
3 3 0.000462 0.001128 0.021451 0.975814 0.001146
3 3 0.000587 0.001431 0.026323 0.970277 0.001382
3 3 0.000512 0.001093 0.019794 0.977322 0.001278
3 3 0.000866 0.001698 0.020579 0.974983 0.001873
3 3 0.000732 0.001534 0.022728 0.973348 0.001658
3 3 0.000570 0.001258 0.023365 0.973419 0.001388
3 3 0.000624 0.001221 0.018763 0.977900 0.001492
3 3 0.000782 0.001792 0.031744 0.964031 0.001651
3 3 0.001758 0.002342 0.018962 0.973517 0.003421
3 3 0.001161 0.002060 0.021309 0.973101 0.002370
3 3 0.001148 0.001830 0.015090 0.979599 0.002332
3 3 0.001717 0.002522 0.019982 0.972512 0.003267
3 3 0.002593 0.003058 0.017925 0.971838 0.004586
3 3 0.004511 0.005627 0.030269 0.952645 0.006949
3 3 0.006115 0.006689 0.035048 0.943030 0.009118
3 3 0.003532 0.003751 0.019240 0.967566 0.005910
3 3 0.002771 0.003278 0.025643 0.963257 0.005050
3 3 0.005057 0.005673 0.038163 0.943022 0.008084
3 3 0.001039 0.002109 0.020220 0.974560 0.002072
3 3 0.001713 0.002662 0.018800 0.973667 0.003159
3 3 0.001527 0.002321 0.020470 0.972686 0.002996
3 3 0.000838 0.001520 0.021340 0.974401 0.001901
3 3 0.004097 0.004633 0.033128 0.951257 0.006885
3 3 0.002567 0.003630 0.027564 0.961718 0.004521
3 3 0.001773 0.002643 0.021888 0.970335 0.003361
3 3 0.002867 0.004124 0.029572 0.958562 0.004874
3 3 0.001589 0.001978 0.014444 0.978830 0.003159
3 3 0.002882 0.003523 0.017956 0.970796 0.004843
3 3 0.000898 0.001768 0.023732 0.971645 0.001956
3 3 0.001065 0.002059 0.024660 0.970004 0.002212
3 3 0.000644 0.001330 0.019706 0.976817 0.001503
3 3 0.001033 0.001571 0.024275 0.970735 0.002385
3 3 0.000882 0.001776 0.021506 0.973950 0.001886
3 3 0.001235 0.002223 0.021335 0.972755 0.002453
3 3 0.000965 0.002058 0.024139 0.970848 0.001990
3 3 0.000791 0.002064 0.035306 0.960133 0.001706
3 3 0.001963 0.003455 0.034327 0.956660 0.003594
3 3 0.001820 0.003079 0.026107 0.965657 0.003336
3 3 0.015560 0.018056 0.123793 0.831468 0.011122
3 3 0.039863 0.034805 0.172603 0.734909 0.017819
2 1 0.165667 0.121860 0.520012 0.181433 0.011029
2 1 0.291748 0.142827 0.468959 0.086079 0.010386
2 2 0.190029 0.107258 0.537600 0.151637 0.013476
2 2 0.082607 0.072368 0.724412 0.113353 0.007261
2 2 0.041989 0.049976 0.822471 0.074374 0.011189
2 2 0.014332 0.022946 0.863695 0.095945 0.003082
2 2 0.025715 0.039341 0.822807 0.103894 0.008242
2 2 0.081741 0.062199 0.732391 0.113363 0.010306
2 2 0.010735 0.022863 0.892406 0.069177 0.004819
2 2 0.016465 0.035342 0.824542 0.116751 0.006900
2 2 0.006257 0.025236 0.874483 0.086063 0.007961
2 2 0.007410 0.026659 0.901535 0.053743 0.010653
2 2 0.010405 0.027556 0.866196 0.086405 0.009438
2 2 0.004253 0.034226 0.936413 0.008952 0.016156
2 1 0.116373 0.122606 0.686661 0.028713 0.045648
2 2 0.003880 0.021129 0.945445 0.020846 0.008700
2 2 0.005271 0.030330 0.936134 0.018189 0.010076
2 2 0.001151 0.016490 0.966344 0.005281 0.010734
2 2 0.005971 0.032203 0.924116 0.021787 0.015923
2 2 0.018905 0.070668 0.836633 0.014482 0.059312
2 2 0.008045 0.034088 0.924756 0.017698 0.015412
2 2 0.012424 0.053114 0.856845 0.029119 0.048497
2 2 0.045074 0.126988 0.718513 0.023798 0.085627
4 2 0.025885 0.114669 0.041296 0.004300 0.813851
4 2 0.030348 0.126990 0.044422 0.002956 0.795283
4 2 0.028889 0.129489 0.044777 0.001889 0.794956
4 2 0.031359 0.125688 0.044253 0.003857 0.794843
4 2 0.029655 0.122907 0.043488 0.003804 0.800146
4 2 0.065285 0.173146 0.056029 0.002830 0.702710
4 2 0.021327 0.108831 0.039437 0.003048 0.827358
4 2 0.045729 0.147758 0.049993 0.003587 0.752934
4 2 0.021252 0.106054 0.038812 0.003965 0.829917
4 4 0.026590 0.117457 0.041983 0.003755 0.810214
4 4 0.041123 0.145989 0.049289 0.002537 0.761061
4 4 0.039011 0.141003 0.048117 0.002946 0.768922
4 4 0.042907 0.143358 0.048904 0.003777 0.761055
4 4 0.037752 0.134775 0.046739 0.004194 0.776540
4 4 0.048101 0.149284 0.050460 0.004010 0.748145
4 4 0.053559 0.147494 0.050424 0.007349 0.741175
4 4 0.072709 0.171030 0.055959 0.005158 0.695144
4 4 0.048139 0.142468 0.049077 0.006755 0.753561
4 4 0.038638 0.134630 0.046782 0.004716 0.775234
4 4 0.057058 0.152563 0.051640 0.006654 0.732085
4 4 0.216001 0.318109 0.130419 0.000223 0.335248
4 4 0.147569 0.257809 0.163852 0.001117 0.429653
0 4 0.300359 0.277479 0.195373 0.001013 0.225776
2 4 0.072489 0.260161 0.393954 0.000033 0.273363
1 4 0.271342 0.372960 0.148377 0.000030 0.207291
0 4 0.733555 0.169893 0.056743 0.000472 0.039338
0 1 0.703488 0.177137 0.055574 0.001555 0.062246
0 1 0.615837 0.222795 0.071396 0.000776 0.089196
0 1 0.519150 0.253362 0.078868 0.001054 0.147566
0 1 0.513456 0.239247 0.077271 0.003410 0.166616
4 1 0.136024 0.228653 0.073839 0.002909 0.558576
0 1 0.375239 0.259340 0.082796 0.004140 0.278486
4 2 0.123522 0.233372 0.076302 0.001806 0.564998
4 2 0.144289 0.229633 0.073268 0.003181 0.549629
4 2 0.184363 0.251377 0.080415 0.002586 0.481259
4 2 0.208477 0.251453 0.146251 0.003497 0.390321
4 2 0.220711 0.249447 0.162153 0.004270 0.363420
4 2 0.099997 0.191395 0.314232 0.005956 0.388420
4 2 0.067167 0.160156 0.289522 0.011726 0.471429
2 2 0.023354 0.102280 0.631569 0.009389 0.233408
2 2 0.004506 0.027715 0.953467 0.001280 0.013033
2 2 0.052499 0.105905 0.809546 0.000655 0.031395
2 2 0.024160 0.073617 0.874578 0.001430 0.026214
2 2 0.005406 0.042343 0.925955 0.000438 0.025857
2 2 0.025755 0.075820 0.868302 0.000893 0.029230
2 2 0.018445 0.091352 0.812998 0.000569 0.076636
2 2 0.005168 0.051773 0.890671 0.000153 0.052234
2 2 0.008730 0.056728 0.884034 0.000453 0.050055
2 2 0.036399 0.124739 0.737492 0.000465 0.100906
2 2 0.012551 0.080663 0.821181 0.000218 0.085386
2 2 0.050394 0.129804 0.719941 0.002385 0.097477
2 2 0.012245 0.055539 0.886739 0.002390 0.043087
2 2 0.027334 0.099336 0.769360 0.001727 0.102243
2 2 0.028013 0.095646 0.788123 0.002478 0.085740
2 2 0.031015 0.104410 0.775339 0.001371 0.087866
2 2 0.034789 0.107690 0.799375 0.004453 0.053693
2 2 0.043215 0.098585 0.803033 0.003630 0.051537
2 2 0.060506 0.100548 0.778021 0.006049 0.054875
2 2 0.022761 0.073168 0.858583 0.004463 0.041026
2 2 0.077803 0.145388 0.660042 0.003324 0.113443
2 2 0.162564 0.169569 0.561585 0.005588 0.100693
2 2 0.180965 0.178872 0.531641 0.012586 0.095936
2 2 0.284848 0.184913 0.425434 0.005280 0.099525
2 2 0.079503 0.118302 0.731389 0.008077 0.062729
2 2 0.116352 0.122657 0.678064 0.006947 0.075980
2 1 0.276405 0.291352 0.378461 0.011782 0.042000
2 2 0.005999 0.042135 0.911250 0.006512 0.034104
2 2 0.023581 0.071260 0.859078 0.004905 0.041176
2 2 0.023976 0.057421 0.890248 0.005297 0.023057
2 2 0.013627 0.053499 0.900781 0.005356 0.026736
2 2 0.014029 0.049569 0.902417 0.011415 0.022570
0 1 0.362987 0.247155 0.342964 0.007970 0.038923
2 2 0.008216 0.043454 0.922618 0.002464 0.023248
2 2 0.007528 0.034015 0.938221 0.003973 0.016262
2 2 0.008898 0.054618 0.897185 0.002972 0.036327
2 2 0.297035 0.222367 0.331824 0.002446 0.146329
2 2 0.224365 0.199086 0.478796 0.006467 0.091286
0 2 0.752561 0.146556 0.044382 0.003738 0.052762
0 2 0.811057 0.124002 0.040845 0.000805 0.023291
0 2 0.841787 0.104695 0.034057 0.001160 0.018301
4 2 0.073731 0.320707 0.219148 0.000010 0.386404
4 2 0.036084 0.341532 0.260238 0.000002 0.362144
4 2 0.035567 0.308439 0.215991 0.000001 0.440002
4 2 0.032508 0.285541 0.305757 0.000001 0.376193
4 2 0.044819 0.306076 0.243008 0.000004 0.406094
1 2 0.312688 0.387671 0.150746 0.000103 0.148792
0 2 0.454877 0.306170 0.104049 0.000139 0.134765
1 2 0.189018 0.415149 0.224868 0.000212 0.170753
0 1 0.545890 0.240723 0.074245 0.001386 0.137756
0 1 0.597045 0.219772 0.067467 0.001781 0.113935
0 2 0.504517 0.287845 0.100204 0.000340 0.107095
0 2 0.455675 0.328115 0.131005 0.000697 0.084508
0 2 0.599436 0.239426 0.079993 0.000313 0.080832
0 2 0.454972 0.316735 0.146203 0.000676 0.081415
0 2 0.596402 0.238353 0.078699 0.000396 0.086149
1 2 0.158991 0.461332 0.204279 0.000022 0.175375
1 2 0.169639 0.391403 0.153465 0.000011 0.285482
1 2 0.117802 0.407996 0.203880 0.000012 0.270310
4 2 0.070832 0.323157 0.132143 0.000009 0.473860
1 2 0.102739 0.366777 0.177567 0.000007 0.352909
0 2 0.599316 0.245244 0.084444 0.000169 0.070827
0 2 0.734841 0.162506 0.051398 0.001447 0.049809
0 2 0.850560 0.101602 0.034972 0.000380 0.012487
0 2 0.801334 0.131887 0.044949 0.000388 0.021442
0 2 0.758070 0.156386 0.052448 0.000468 0.032627
2 2 0.190130 0.171616 0.574827 0.002757 0.060669
2 2 0.115476 0.141437 0.687878 0.011089 0.044120
2 2 0.127049 0.134887 0.681198 0.005050 0.051816
2 2 0.103573 0.139090 0.708454 0.007757 0.041126
2 2 0.038944 0.071091 0.845783 0.005850 0.038331
2 2 0.037252 0.110775 0.819170 0.001825 0.030979
2 2 0.024519 0.079357 0.865390 0.003162 0.027572
2 2 0.004801 0.039500 0.937217 0.002523 0.015959
2 2 0.004677 0.031506 0.939517 0.000784 0.023515
2 2 0.008116 0.035775 0.937677 0.001893 0.016539
2 2 0.010177 0.039872 0.929399 0.002619 0.017933
2 2 0.008484 0.040568 0.933767 0.001324 0.015856
2 2 0.007250 0.049850 0.920319 0.000649 0.021932
2 2 0.008003 0.043719 0.929954 0.001522 0.016802
2 2 0.014115 0.062869 0.896287 0.002058 0.024670
2 2 0.003786 0.038684 0.932631 0.001750 0.023149
2 2 0.003879 0.029517 0.945056 0.002903 0.018644
2 2 0.005401 0.041937 0.931870 0.001411 0.019382
2 2 0.008463 0.038483 0.931555 0.003551 0.017947
2 2 0.013118 0.066343 0.898062 0.004379 0.018098
2 2 0.004680 0.027387 0.932988 0.022795 0.012150
2 2 0.006680 0.028234 0.942924 0.010835 0.011328
2 2 0.008533 0.037144 0.932233 0.010991 0.011100
2 2 0.011319 0.038166 0.929810 0.009305 0.011400
2 2 0.018129 0.044401 0.895822 0.021483 0.020165
2 2 0.009416 0.032385 0.931656 0.016567 0.009976
2 2 0.005852 0.023782 0.941272 0.020238 0.008856
2 2 0.014972 0.035675 0.901577 0.040769 0.007007
2 2 0.015565 0.037080 0.923633 0.016830 0.006893
2 2 0.004614 0.020283 0.943058 0.026931 0.005114
2 2 0.005578 0.030451 0.931321 0.019158 0.013492
2 2 0.002485 0.017567 0.961953 0.010596 0.007398
2 2 0.005387 0.027265 0.945365 0.013103 0.008880
2 2 0.005754 0.027887 0.941830 0.012958 0.011571
2 2 0.003384 0.023379 0.942965 0.019536 0.010736
2 2 0.007931 0.033573 0.927380 0.015436 0.015680
2 2 0.011854 0.051556 0.884727 0.015489 0.036373
2 2 0.005165 0.029744 0.939567 0.014049 0.011476
2 2 0.018968 0.057659 0.865588 0.031520 0.026265
2 2 0.007096 0.030236 0.934656 0.016383 0.011629
2 2 0.023083 0.037341 0.814855 0.112693 0.012028
2 2 0.021686 0.034532 0.874735 0.061989 0.007058
2 2 0.028779 0.039664 0.849326 0.072810 0.009421
2 2 0.041776 0.048447 0.839024 0.054175 0.016577
2 2 0.023561 0.035436 0.837108 0.094306 0.009589
2 2 0.015555 0.030358 0.905152 0.039589 0.009346
2 2 0.014455 0.034668 0.843141 0.091342 0.016393
2 2 0.021026 0.037925 0.760533 0.164048 0.016467
2 2 0.013715 0.025951 0.876772 0.077379 0.006183
2 2 0.016304 0.040360 0.804792 0.118939 0.019605
2 2 0.031932 0.034154 0.807403 0.120921 0.005590
2 2 0.071342 0.047532 0.755906 0.116074 0.009146
2 2 0.039261 0.040503 0.736571 0.173104 0.010561
2 2 0.060365 0.063802 0.711756 0.146157 0.017920
2 2 0.076701 0.064023 0.715748 0.129008 0.014520
2 2 0.030052 0.058755 0.731993 0.156590 0.022611
2 2 0.030865 0.048890 0.786317 0.117215 0.016713
2 2 0.011321 0.030310 0.875357 0.074959 0.008053
2 1 0.290710 0.192087 0.418546 0.088997 0.009660
2 2 0.052692 0.079246 0.790596 0.065210 0.012256
2 2 0.022112 0.042101 0.886719 0.044362 0.004705
2 2 0.012351 0.023310 0.910066 0.051009 0.003264
2 2 0.006216 0.019791 0.933319 0.037074 0.003601
2 2 0.005838 0.022802 0.945365 0.021227 0.004769
2 2 0.019396 0.037819 0.879792 0.057163 0.005829
2 2 0.008072 0.025546 0.948437 0.008153 0.009792
2 2 0.014687 0.046394 0.911302 0.009302 0.018315
2 2 0.016144 0.059903 0.891296 0.011383 0.021274
2 1 0.297610 0.315789 0.335291 0.011355 0.039954
2 2 0.007594 0.037254 0.931594 0.009965 0.013593
2 2 0.009096 0.027320 0.927224 0.030867 0.005493
2 2 0.019921 0.038345 0.890819 0.044284 0.006631
2 2 0.007192 0.018360 0.949677 0.019481 0.005289
2 2 0.004523 0.022945 0.947969 0.018507 0.006056
2 2 0.004834 0.022487 0.938599 0.028421 0.005659
0 1 0.580528 0.198014 0.197248 0.010798 0.013411
2 2 0.098448 0.077413 0.769338 0.047560 0.007241
2 2 0.050331 0.061648 0.856000 0.024498 0.007523
2 2 0.023127 0.031600 0.913074 0.028270 0.003929
2 2 0.027022 0.044599 0.900442 0.019997 0.007941
2 2 0.007204 0.035152 0.917836 0.025601 0.014207
2 2 0.008167 0.042251 0.899451 0.030476 0.019656
2 2 0.026193 0.091913 0.809721 0.015815 0.056357
2 2 0.069048 0.101009 0.767727 0.030279 0.031937
2 2 0.019150 0.053238 0.890101 0.013941 0.023570
4 2 0.073624 0.170368 0.055867 0.005679 0.694461
4 2 0.078621 0.173030 0.056553 0.006242 0.685553
4 2 0.084037 0.182202 0.058447 0.004527 0.670787
4 2 0.086734 0.182050 0.058502 0.005195 0.667520
0 1 0.688615 0.183151 0.057082 0.001705 0.069446
4 2 0.038572 0.146215 0.049114 0.001857 0.764243
4 2 0.063481 0.188445 0.058666 0.000920 0.688487
4 2 0.052037 0.165496 0.053845 0.001757 0.726864
4 2 0.060079 0.160347 0.053338 0.004765 0.721471
4 4 0.033206 0.140187 0.047406 0.001490 0.777712
4 4 0.128388 0.192919 0.061221 0.011502 0.605971
4 4 0.149276 0.200236 0.062650 0.012294 0.575544
4 4 0.169155 0.213066 0.065982 0.009448 0.542349
4 4 0.095787 0.175566 0.057483 0.011499 0.659665
4 4 0.115139 0.185199 0.059639 0.012456 0.627567
4 4 0.126762 0.191340 0.060912 0.012076 0.608909
4 4 0.222262 0.223114 0.069003 0.012026 0.473596
0 4 0.491970 0.234409 0.070527 0.004839 0.198254
0 4 0.329884 0.263149 0.080844 0.003222 0.322902
4 4 0.137144 0.221880 0.068443 0.003218 0.569314
4 4 0.083388 0.197890 0.061974 0.001758 0.654990
4 4 0.053391 0.162050 0.053286 0.002514 0.728759
4 4 0.104065 0.204481 0.063135 0.002749 0.625570
4 4 0.117009 0.202548 0.062831 0.004719 0.612893
4 4 0.138343 0.226765 0.070570 0.002778 0.561544
4 4 0.052631 0.164413 0.053683 0.001995 0.727278
4 4 0.066062 0.168012 0.055103 0.004215 0.706608
4 4 0.050677 0.149313 0.050630 0.005043 0.744336
4 4 0.039812 0.141399 0.048264 0.003134 0.767390
4 4 0.048329 0.159853 0.052528 0.001880 0.737410
4 4 0.057811 0.164370 0.053990 0.003037 0.720792
4 4 0.084831 0.180286 0.058118 0.005315 0.671449
4 4 0.099339 0.194679 0.061116 0.004061 0.640805
4 4 0.106566 0.196155 0.061533 0.004868 0.630878
4 4 0.089978 0.181711 0.058530 0.006145 0.663636
4 4 0.091620 0.179823 0.058217 0.007432 0.662908
4 4 0.092425 0.177560 0.057803 0.008865 0.663347
4 4 0.141723 0.204247 0.063770 0.008590 0.581669
4 4 0.129904 0.204009 0.063240 0.006294 0.596553
4 4 0.185339 0.213929 0.066801 0.012166 0.521766
4 4 0.047195 0.166299 0.053645 0.001067 0.731794
4 4 0.073179 0.211685 0.064622 0.000472 0.650041
0 1 0.326809 0.269616 0.082286 0.002313 0.318977
4 1 0.032642 0.167486 0.052454 0.000176 0.747242
4 2 0.033642 0.133521 0.046108 0.002737 0.783993
4 2 0.024906 0.126203 0.043607 0.001246 0.804039
4 2 0.018242 0.128608 0.043019 0.000225 0.809906
4 4 0.027685 0.139852 0.046697 0.000648 0.785117
4 4 0.050861 0.171409 0.054850 0.001052 0.721828
4 4 0.037386 0.154056 0.050511 0.000883 0.757164
4 4 0.061923 0.193877 0.059702 0.000596 0.683902
4 4 0.036255 0.151952 0.050000 0.000896 0.760897
4 4 0.048454 0.158927 0.052361 0.002034 0.738224
4 4 0.050027 0.162977 0.053237 0.001758 0.732001
4 4 0.043269 0.165127 0.053110 0.000778 0.737717
4 4 0.088608 0.182375 0.058616 0.005544 0.664857
4 4 0.116177 0.196194 0.061700 0.006695 0.619235
4 4 0.084863 0.180220 0.058107 0.005346 0.671465
4 4 0.048872 0.149750 0.050604 0.004157 0.746618
4 4 0.098723 0.176971 0.057812 0.011790 0.654704
4 4 0.126527 0.196191 0.061814 0.009053 0.606415
4 4 0.120500 0.196979 0.061896 0.007288 0.613336
4 4 0.100859 0.181383 0.058707 0.009728 0.649322
4 4 0.152020 0.223451 0.067276 0.003707 0.553546
4 4 0.114241 0.206878 0.063525 0.003347 0.612009
4 4 0.031355 0.145105 0.048163 0.000768 0.774610
4 4 0.044232 0.149666 0.050260 0.002670 0.753172
4 4 0.028066 0.130803 0.044947 0.001472 0.794713
4 4 0.034677 0.138221 0.047163 0.002139 0.777800
4 4 0.045778 0.154568 0.051330 0.002162 0.746162
4 4 0.044863 0.182978 0.057675 0.000308 0.714176
4 1 0.071695 0.255930 0.079721 0.000069 0.592586
4 1 0.015476 0.129019 0.042525 0.000097 0.812882
4 2 0.008562 0.101419 0.054498 0.000123 0.835397
4 2 0.009782 0.096763 0.034490 0.000250 0.858715
4 2 0.002113 0.052329 0.241342 0.000524 0.703691
4 2 0.003287 0.056690 0.111156 0.001674 0.827193
4 2 0.015968 0.122453 0.041343 0.000204 0.820032
4 2 0.015170 0.118430 0.040364 0.000231 0.825805
4 2 0.029019 0.154769 0.049696 0.000253 0.766263
4 2 0.054360 0.189761 0.058979 0.000450 0.696450
4 2 0.029168 0.157902 0.050291 0.000206 0.762433
4 2 0.162139 0.304190 0.095199 0.000180 0.438292
0 1 0.696105 0.181482 0.057166 0.001400 0.063846
4 1 0.046199 0.167837 0.053848 0.000869 0.731246
4 2 0.013459 0.092537 0.247624 0.005328 0.641053
2 2 0.006247 0.070827 0.465993 0.001039 0.455894
4 2 0.022517 0.125132 0.360308 0.001211 0.490832
4 2 0.017785 0.105484 0.309654 0.003589 0.563489
4 2 0.009044 0.098754 0.387664 0.006654 0.497885
2 2 0.004909 0.044375 0.899917 0.006733 0.044067
2 2 0.004025 0.029733 0.946835 0.003277 0.016129
2 2 0.001079 0.020167 0.949442 0.004301 0.025011
2 2 0.002697 0.024145 0.953274 0.004569 0.015315
2 2 0.003872 0.033170 0.935804 0.003481 0.023673
2 2 0.002889 0.037264 0.928234 0.002185 0.029427
2 2 0.000842 0.014336 0.971618 0.001783 0.011422
2 2 0.000554 0.015983 0.955697 0.001902 0.025863
2 2 0.001002 0.021014 0.949432 0.001446 0.027106
2 2 0.001020 0.024472 0.943289 0.002259 0.028961
2 2 0.000331 0.012843 0.962511 0.000386 0.023929
2 2 0.006200 0.052866 0.903574 0.001857 0.035502
2 2 0.001920 0.033673 0.920748 0.000719 0.042939
2 2 0.001751 0.024581 0.945145 0.001537 0.026986
2 2 0.013060 0.096673 0.841758 0.000998 0.047511
2 2 0.000923 0.016430 0.949259 0.019077 0.014311
2 2 0.001551 0.022326 0.938920 0.018010 0.019193
2 2 0.000982 0.012652 0.955883 0.018825 0.011659
2 2 0.002405 0.027843 0.907318 0.028729 0.033705
2 2 0.003550 0.033556 0.928037 0.008527 0.026330
2 2 0.001971 0.021483 0.954966 0.009428 0.012151
2 2 0.001515 0.019924 0.945083 0.019349 0.014129
2 2 0.006068 0.035837 0.928416 0.008748 0.020931
2 2 0.001205 0.013609 0.962155 0.016612 0.006419
2 2 0.001183 0.012915 0.962289 0.017111 0.006503
2 2 0.002582 0.029735 0.901312 0.029430 0.036941
2 2 0.003164 0.033420 0.910079 0.015233 0.038103
2 2 0.007008 0.049644 0.877106 0.020260 0.045982
2 2 0.003867 0.035169 0.906864 0.012503 0.041598
2 2 0.002511 0.034007 0.904410 0.021645 0.037427
2 2 0.005059 0.047729 0.803762 0.071028 0.072422
2 2 0.010050 0.055190 0.838573 0.035083 0.061104
2 2 0.008632 0.067089 0.852235 0.013206 0.058838
2 2 0.011385 0.057124 0.834564 0.029577 0.067350
2 2 0.009888 0.052858 0.848352 0.026669 0.062233
2 2 0.007493 0.049120 0.707670 0.138515 0.097202
2 2 0.006098 0.041728 0.789049 0.087764 0.075360
2 2 0.007736 0.051853 0.726055 0.103096 0.111260
2 2 0.012258 0.054525 0.686300 0.166349 0.080568
2 2 0.009591 0.056140 0.790740 0.070766 0.072763
2 2 0.005434 0.040864 0.874827 0.021652 0.057224
2 2 0.008987 0.070066 0.781663 0.037503 0.101780
2 2 0.011783 0.088349 0.606499 0.039633 0.253736
0 1 0.383218 0.252953 0.257843 0.013253 0.092733
2 2 0.045329 0.149500 0.663202 0.019680 0.122288
2 2 0.002527 0.030315 0.922723 0.017475 0.026960
2 2 0.006185 0.029541 0.912040 0.033267 0.018968
2 2 0.015214 0.059155 0.869169 0.022317 0.034145
2 2 0.001460 0.022606 0.921793 0.027730 0.026412
2 2 0.009654 0.056859 0.814324 0.046931 0.072232
2 2 0.008108 0.042446 0.748866 0.150468 0.050113
2 2 0.016159 0.036085 0.841558 0.085389 0.020809
2 2 0.004854 0.029557 0.803729 0.134853 0.027007
2 2 0.005036 0.027028 0.780977 0.154311 0.032648
2 2 0.014470 0.041987 0.787143 0.127736 0.028664
2 2 0.011296 0.038897 0.666415 0.248698 0.034694
2 2 0.006975 0.034022 0.672067 0.249686 0.037251
2 2 0.013244 0.043357 0.607185 0.289774 0.046441
2 2 0.012247 0.037674 0.516222 0.374789 0.059068
2 2 0.014599 0.044676 0.474679 0.407785 0.058261
2 2 0.027753 0.047845 0.522631 0.353912 0.047860
2 2 0.032370 0.053315 0.529194 0.352986 0.032135
2 2 0.027936 0.050354 0.550640 0.347542 0.023528
3 2 0.023871 0.044166 0.342733 0.533990 0.055240
2 2 0.007261 0.024893 0.614123 0.333758 0.019965
3 2 0.028071 0.026728 0.230870 0.691746 0.022585
3 2 0.008146 0.014251 0.171460 0.792316 0.013827
3 2 0.042060 0.035750 0.180833 0.707901 0.033456
3 2 0.014341 0.017142 0.137912 0.812774 0.017831
3 2 0.019620 0.018684 0.096093 0.842039 0.023563
3 2 0.002991 0.005326 0.060802 0.925772 0.005109
3 2 0.011459 0.011411 0.087819 0.873115 0.016196
3 2 0.008393 0.009112 0.070225 0.899861 0.012409
3 3 0.005154 0.007055 0.088292 0.890986 0.008513
3 3 0.006295 0.008026 0.095100 0.880509 0.010070
3 3 0.006980 0.009244 0.106397 0.866619 0.010760
3 3 0.013503 0.017974 0.176185 0.770036 0.022302
3 3 0.015606 0.019342 0.193248 0.754030 0.017773
3 3 0.006900 0.014925 0.212266 0.749600 0.016309
3 3 0.009847 0.015303 0.155259 0.807730 0.011861
3 3 0.013604 0.020232 0.175336 0.763558 0.027270
3 3 0.015096 0.024567 0.244677 0.684561 0.031099
3 3 0.019156 0.021551 0.135255 0.801379 0.022659
3 3 0.019588 0.022988 0.136413 0.798395 0.022617
3 3 0.015804 0.019406 0.165738 0.774810 0.024242
3 3 0.015273 0.020031 0.197012 0.744955 0.022729
3 3 0.007284 0.010515 0.132521 0.838693 0.010987
3 3 0.009294 0.011099 0.094575 0.871749 0.013284
3 3 0.008249 0.011891 0.102016 0.866328 0.011516
3 3 0.009560 0.011805 0.107451 0.857610 0.013574
3 3 0.026684 0.037045 0.276114 0.621341 0.038816
3 3 0.022861 0.035313 0.262625 0.626176 0.053025
3 2 0.020024 0.031269 0.394903 0.534838 0.018966
0 2 0.541399 0.163204 0.242944 0.037846 0.014607
2 2 0.157031 0.098932 0.590990 0.125628 0.027420
2 2 0.009286 0.050431 0.881291 0.009056 0.049935
