4 0 0.318390 0.229874 0.006013 0.000002 0.445722
4 0 0.191063 0.228155 0.011505 0.000002 0.569275
4 1 0.077319 0.231508 0.013618 0.000000 0.677554
4 1 0.104647 0.201949 0.016367 0.000001 0.677037
4 1 0.106145 0.240358 0.013562 0.000000 0.639935
4 4 0.067496 0.201705 0.010092 0.000000 0.720706
4 4 0.066208 0.209546 0.009631 0.000000 0.714615
4 4 0.138398 0.217339 0.006003 0.000000 0.638260
4 4 0.075082 0.208653 0.008347 0.000000 0.707918
4 4 0.100201 0.211760 0.013620 0.000000 0.674419
4 4 0.020441 0.175017 0.019221 0.000001 0.785321
4 4 0.017745 0.172515 0.015903 0.000001 0.793837
4 4 0.021351 0.184983 0.018016 0.000001 0.775649
4 4 0.024493 0.194748 0.019813 0.000002 0.760945
4 4 0.022701 0.195663 0.022173 0.000003 0.759460
4 4 0.011171 0.157862 0.061697 0.000086 0.769184
4 4 0.021835 0.167413 0.054946 0.000037 0.755769
4 4 0.020826 0.201221 0.038253 0.000019 0.739680
4 4 0.009100 0.112853 0.112408 0.000189 0.765450
4 4 0.008515 0.140802 0.094266 0.000318 0.756100
2 2 0.004353 0.205239 0.445612 0.002648 0.342149
2 2 0.002532 0.135454 0.667121 0.007110 0.187783
2 2 0.005132 0.150572 0.584407 0.010424 0.249465
2 2 0.004406 0.116448 0.636044 0.019458 0.223645
2 2 0.003865 0.073006 0.778465 0.042374 0.102289
2 2 0.000215 0.008507 0.910535 0.074880 0.005862
2 2 0.000103 0.004595 0.880246 0.111467 0.003589
2 2 0.000401 0.011721 0.837267 0.139588 0.011023
2 3 0.000154 0.003635 0.804169 0.189999 0.002043
2 3 0.000306 0.005413 0.805717 0.185934 0.002629
3 3 0.000106 0.000644 0.107513 0.891374 0.000363
3 3 0.000187 0.001112 0.148630 0.849492 0.000580
3 3 0.000093 0.000499 0.080468 0.918661 0.000279
3 3 0.000342 0.001427 0.131921 0.865717 0.000592
3 3 0.000078 0.000477 0.105402 0.893820 0.000223
3 3 0.000145 0.000295 0.018300 0.981095 0.000164
3 3 0.000053 0.000141 0.017443 0.982288 0.000074
3 3 0.000081 0.000171 0.011423 0.988210 0.000116
3 3 0.000019 0.000040 0.006585 0.993336 0.000021
3 3 0.000258 0.000391 0.016612 0.982560 0.000179
3 3 0.000028 0.000064 0.004962 0.994882 0.000064
3 3 0.000058 0.000100 0.009457 0.990342 0.000043
3 3 0.000134 0.000151 0.007724 0.991931 0.000060
3 3 0.000070 0.000091 0.006908 0.992895 0.000035
3 3 0.000072 0.000066 0.003270 0.996563 0.000029
3 3 0.000377 0.000391 0.007746 0.991260 0.000226
3 3 0.000067 0.000090 0.004735 0.995053 0.000055
3 3 0.000074 0.000119 0.008223 0.991520 0.000064
3 3 0.000103 0.000094 0.004850 0.994920 0.000033
3 3 0.000025 0.000026 0.001976 0.997960 0.000013
3 3 0.000147 0.000091 0.003447 0.996288 0.000026
3 3 0.000061 0.000058 0.001956 0.997886 0.000040
3 3 0.000071 0.000057 0.002309 0.997534 0.000029
3 3 0.000047 0.000033 0.001407 0.998497 0.000017
3 3 0.000112 0.000073 0.002720 0.997069 0.000026
3 3 0.000026 0.000020 0.001292 0.998653 0.000009
3 3 0.000090 0.000056 0.002059 0.997773 0.000022
3 3 0.000029 0.000039 0.001823 0.998072 0.000037
3 3 0.000020 0.000017 0.001030 0.998923 0.000011
3 3 0.000055 0.000045 0.001322 0.998545 0.000034
3 3 0.000035 0.000030 0.001631 0.998286 0.000018
3 3 0.000046 0.000021 0.000802 0.999124 0.000008
3 3 0.000014 0.000009 0.000597 0.999374 0.000005
3 3 0.000020 0.000018 0.001326 0.998627 0.000010
3 3 0.000028 0.000021 0.001334 0.998608 0.000009
3 3 0.000069 0.000028 0.000827 0.999066 0.000011
3 3 0.000098 0.000049 0.000919 0.998903 0.000030
3 3 0.000063 0.000024 0.000741 0.999164 0.000008
3 3 0.000071 0.000036 0.000790 0.999081 0.000021
3 3 0.000092 0.000043 0.001568 0.998284 0.000013
3 3 0.000028 0.000008 0.000318 0.999643 0.000003
3 3 0.000084 0.000027 0.000490 0.999385 0.000014
3 3 0.000023 0.000006 0.000178 0.999792 0.000002
3 3 0.000084 0.000033 0.000666 0.999198 0.000019
3 3 0.000023 0.000009 0.000401 0.999564 0.000003
3 3 0.000123 0.000036 0.000503 0.999318 0.000021
3 3 0.000078 0.000026 0.000508 0.999377 0.000012
3 3 0.000148 0.000071 0.001065 0.998666 0.000050
3 3 0.000149 0.000049 0.000869 0.998910 0.000024
3 3 0.000058 0.000018 0.000485 0.999432 0.000006
3 3 0.000205 0.000060 0.000772 0.998934 0.000029
3 3 0.000040 0.000007 0.000151 0.999799 0.000002
3 3 0.000225 0.000040 0.000381 0.999337 0.000018
3 3 0.000498 0.000174 0.001740 0.997487 0.000100
3 3 0.000335 0.000083 0.000589 0.998943 0.000050
3 3 0.000072 0.000037 0.000935 0.998939 0.000017
3 3 0.000020 0.000012 0.000415 0.999543 0.000009
3 3 0.000009 0.000007 0.000284 0.999692 0.000007
3 3 0.000025 0.000016 0.000456 0.999489 0.000014
3 3 0.000018 0.000006 0.000286 0.999687 0.000002
3 3 0.000161 0.000027 0.000366 0.999438 0.000008
3 3 0.000134 0.000036 0.000579 0.999234 0.000017
3 3 0.000409 0.000112 0.001376 0.998056 0.000047
3 3 0.000243 0.000037 0.000453 0.999256 0.000011
3 3 0.004421 0.000343 0.002029 0.993181 0.000026
3 3 0.012886 0.003978 0.027632 0.955046 0.000457
3 3 0.001323 0.000568 0.007489 0.990494 0.000127
3 3 0.002264 0.001602 0.018099 0.977475 0.000561
3 3 0.001795 0.001858 0.037998 0.957841 0.000508
3 3 0.000787 0.000888 0.021473 0.976507 0.000344
3 3 0.001530 0.001097 0.015018 0.981977 0.000378
3 3 0.001301 0.001189 0.017744 0.979233 0.000533
3 3 0.000741 0.000442 0.006152 0.992486 0.000179
3 3 0.001247 0.000906 0.012573 0.984876 0.000399
3 3 0.001801 0.000577 0.006654 0.990860 0.000108
3 3 0.001641 0.001286 0.017790 0.978682 0.000601
3 3 0.001020 0.000938 0.022667 0.975125 0.000250
3 3 0.001531 0.001901 0.036724 0.959046 0.000799
3 3 0.002266 0.001263 0.017496 0.978700 0.000275
3 3 0.007647 0.003971 0.047798 0.940075 0.000509
3 3 0.027898 0.025697 0.205943 0.735411 0.005050
3 3 0.006340 0.006742 0.074120 0.910480 0.002317
3 3 0.002437 0.004291 0.096716 0.895053 0.001503
3 3 0.002912 0.004652 0.108035 0.883140 0.001261
3 3 0.001256 0.003660 0.134544 0.858880 0.001659
3 3 0.001162 0.002161 0.081170 0.914879 0.000628
3 3 0.001518 0.002394 0.060260 0.934970 0.000858
3 3 0.001607 0.002772 0.062973 0.931355 0.001293
3 3 0.001082 0.001239 0.030467 0.966816 0.000396
3 3 0.001152 0.001465 0.042896 0.954087 0.000400
3 3 0.001770 0.001544 0.029660 0.966642 0.000384
3 3 0.003155 0.002646 0.047171 0.946313 0.000716
3 3 0.043858 0.020323 0.158027 0.775727 0.002065
3 3 0.014317 0.015578 0.216131 0.751553 0.002420
3 3 0.002931 0.002655 0.049849 0.944037 0.000527
3 3 0.008516 0.010701 0.144758 0.832979 0.003045
3 3 0.004663 0.007874 0.157261 0.828151 0.002051
3 3 0.001632 0.001426 0.023216 0.973260 0.000466
3 3 0.002416 0.003287 0.069097 0.924229 0.000971
3 3 0.009083 0.006344 0.066257 0.917135 0.001182
3 3 0.006972 0.011208 0.156362 0.822006 0.003452
3 3 0.000588 0.001928 0.125611 0.871155 0.000719
3 3 0.001952 0.006343 0.226141 0.763099 0.002465
3 3 0.001817 0.005322 0.194124 0.796829 0.001907
3 3 0.001133 0.003627 0.176217 0.817725 0.001298
3 3 0.001772 0.002305 0.045794 0.949283 0.000845
3 3 0.001039 0.000754 0.015968 0.982055 0.000183
3 3 0.000994 0.001009 0.021620 0.976020 0.000357
3 3 0.001363 0.001248 0.022753 0.974228 0.000409
3 3 0.001343 0.000850 0.013435 0.984075 0.000297
3 3 0.004388 0.003317 0.044733 0.946774 0.000788
3 3 0.115533 0.069030 0.380312 0.430401 0.004724
3 3 0.004446 0.005921 0.122417 0.866023 0.001193
3 3 0.003027 0.003971 0.091094 0.901037 0.000871
3 3 0.020670 0.032215 0.333994 0.605583 0.007539
2 3 0.013265 0.031464 0.496826 0.452021 0.006425
2 3 0.004272 0.016057 0.549638 0.426454 0.003579
3 3 0.000973 0.001401 0.047960 0.949275 0.000391
3 3 0.001086 0.003569 0.254535 0.740047 0.000763
3 3 0.002724 0.008076 0.338724 0.648750 0.001726
3 3 0.000304 0.001769 0.325182 0.672352 0.000393
3 3 0.000258 0.001610 0.323555 0.674200 0.000376
2 3 0.001586 0.006849 0.553614 0.436944 0.001007
3 3 0.000262 0.002169 0.437707 0.559245 0.000616
3 3 0.000641 0.002790 0.333313 0.662737 0.000519
3 3 0.002114 0.006364 0.286372 0.703628 0.001521
3 3 0.001795 0.007377 0.344337 0.644015 0.002475
3 3 0.003633 0.012021 0.475915 0.506117 0.002315
3 3 0.001699 0.008238 0.460260 0.527396 0.002408
2 3 0.003234 0.012036 0.520880 0.461152 0.002697
2 2 0.031956 0.143287 0.551385 0.083197 0.190176
2 2 0.026719 0.121277 0.487670 0.103998 0.260335
2 2 0.025852 0.128818 0.634366 0.072184 0.138780
2 2 0.039355 0.134009 0.484900 0.116540 0.225196
2 2 0.024585 0.135555 0.589458 0.059482 0.190919
2 2 0.013465 0.102935 0.672122 0.074965 0.136514
2 2 0.018275 0.103780 0.575063 0.129361 0.173521
2 3 0.017606 0.133459 0.603668 0.041425 0.203842
2 3 0.020493 0.101906 0.723153 0.075663 0.078784
2 3 0.007014 0.051030 0.716035 0.175644 0.050278
2 3 0.000858 0.010726 0.923362 0.062828 0.002225
2 3 0.000898 0.010697 0.911846 0.074274 0.002285
2 3 0.000318 0.005065 0.896282 0.097153 0.001183
2 3 0.000666 0.008944 0.941908 0.046977 0.001506
2 3 0.001990 0.018553 0.933214 0.043361 0.002882
0 3 0.719416 0.173449 0.019667 0.000237 0.087231
0 3 0.449806 0.295111 0.067929 0.001595 0.185559
0 3 0.365069 0.321634 0.115528 0.005535 0.192234
0 3 0.540014 0.249132 0.067918 0.003763 0.139173
0 3 0.688552 0.189237 0.052358 0.003757 0.066095
0 3 0.644055 0.212919 0.055994 0.002308 0.084724
0 3 0.828468 0.115675 0.013372 0.000309 0.042177
0 0 0.767505 0.149878 0.019320 0.000550 0.062747
0 2 0.673877 0.199654 0.043802 0.001088 0.081579
0 1 0.732702 0.167666 0.038326 0.003347 0.057960
1 1 0.220952 0.337643 0.114345 0.000556 0.326504
4 1 0.149191 0.309051 0.126075 0.001378 0.414306
4 1 0.151290 0.283880 0.167396 0.002805 0.394629
4 1 0.117028 0.281889 0.165522 0.005422 0.430139
4 1 0.176407 0.317840 0.157056 0.003326 0.345371
0 1 0.344139 0.311863 0.166128 0.005784 0.172087
0 1 0.659667 0.204888 0.056265 0.002178 0.077002
0 1 0.503718 0.260441 0.114918 0.007905 0.113019
0 1 0.512724 0.265569 0.092739 0.005641 0.123326
0 1 0.357436 0.318749 0.129528 0.004897 0.189390
0 1 0.651627 0.206113 0.057641 0.006987 0.077632
0 1 0.678274 0.194840 0.054639 0.002927 0.069319
0 1 0.668480 0.198278 0.057029 0.005232 0.070980
0 1 0.632740 0.217939 0.051792 0.004152 0.093377
0 0 0.819404 0.118165 0.009915 0.001050 0.051466
0 0 0.765522 0.151885 0.050027 0.002290 0.030276
0 0 0.674001 0.197597 0.076909 0.003816 0.047677
0 0 0.716061 0.173915 0.064332 0.005511 0.040180
0 1 0.720946 0.174043 0.062807 0.003498 0.038705
0 1 0.694655 0.189277 0.063339 0.002721 0.050008
0 1 0.666205 0.199736 0.087852 0.004101 0.042105
0 1 0.602633 0.236061 0.097014 0.001989 0.062304
0 1 0.715874 0.180519 0.052019 0.001510 0.050079
0 1 0.605590 0.226708 0.107188 0.005447 0.055068
0 1 0.556438 0.253901 0.119808 0.002799 0.067054
0 1 0.573400 0.246687 0.051798 0.000666 0.127449
0 1 0.634143 0.218176 0.036982 0.000447 0.110252
0 1 0.595899 0.235660 0.042434 0.000799 0.125207
0 1 0.586257 0.239680 0.041606 0.000367 0.132090
0 1 0.693545 0.185545 0.020810 0.000486 0.099615
1 1 0.245573 0.345900 0.087448 0.000155 0.320923
4 1 0.169394 0.335091 0.060018 0.000028 0.435469
4 1 0.169045 0.346373 0.088704 0.000173 0.395704
1 1 0.216622 0.348494 0.090668 0.000202 0.344014
4 1 0.157428 0.343833 0.085694 0.000154 0.412891
0 1 0.885902 0.075761 0.019714 0.006805 0.011818
0 0 0.971629 0.016776 0.002002 0.007766 0.001827
0 0 0.872814 0.086187 0.017589 0.003915 0.019495
0 0 0.869988 0.088403 0.017757 0.003368 0.020484
0 0 0.912703 0.061003 0.010839 0.003633 0.011822
0 0 0.983387 0.011832 0.001156 0.002468 0.001157
0 0 0.947146 0.038308 0.005569 0.002824 0.006152
0 0 0.938621 0.043695 0.006879 0.003494 0.007311
0 0 0.938130 0.045289 0.006550 0.001965 0.008066
0 0 0.944977 0.040695 0.005583 0.001776 0.006969
0 0 0.903033 0.069438 0.010713 0.001194 0.015622
0 0 0.924452 0.055018 0.008110 0.001483 0.010938
0 0 0.889293 0.078065 0.012935 0.001418 0.018289
0 0 0.883104 0.081717 0.014204 0.001704 0.019271
0 0 0.912363 0.062023 0.010527 0.002675 0.012413
0 0 0.851232 0.102542 0.013615 0.000512 0.032098
0 0 0.850235 0.102991 0.012849 0.000571 0.033354
0 0 0.840397 0.108693 0.013683 0.000835 0.036391
0 0 0.811302 0.126060 0.018067 0.000620 0.043950
0 0 0.797032 0.134094 0.018623 0.000562 0.049689
0 0 0.813416 0.124191 0.023523 0.001503 0.037366
0 0 0.865187 0.093575 0.013864 0.001271 0.026103
0 1 0.908129 0.066570 0.009264 0.000706 0.015331
0 1 0.852820 0.101109 0.016320 0.001259 0.028492
0 1 0.787858 0.139413 0.021815 0.000777 0.050137
0 1 0.868758 0.091110 0.015687 0.001261 0.023183
0 1 0.869731 0.090381 0.015769 0.001389 0.022730
0 1 0.860567 0.096325 0.016548 0.001095 0.025466
0 1 0.849042 0.102524 0.019815 0.001906 0.026713
0 1 0.840455 0.107540 0.021437 0.002043 0.028525
0 1 0.948666 0.038642 0.004842 0.001147 0.006702
0 1 0.945201 0.041505 0.004863 0.000666 0.007766
0 1 0.942245 0.043545 0.005222 0.000696 0.008293
0 0 0.969903 0.023736 0.002002 0.000617 0.003741
0 0 0.954781 0.034732 0.002946 0.000695 0.006847
0 1 0.874837 0.087466 0.009313 0.000922 0.027463
0 1 0.928381 0.053178 0.006010 0.000643 0.011789
0 1 0.908119 0.066666 0.008544 0.000667 0.016004
0 1 0.885158 0.081328 0.010900 0.000900 0.021714
0 1 0.926880 0.054017 0.005897 0.000900 0.012306
0 0 0.839210 0.108070 0.021957 0.002261 0.028502
0 0 0.803966 0.129030 0.028186 0.002052 0.036766
0 0 0.901078 0.069680 0.011479 0.002530 0.015233
0 0 0.782896 0.141379 0.033153 0.002051 0.040521
0 1 0.733039 0.167865 0.050999 0.003356 0.044740
0 1 0.694011 0.189098 0.062057 0.002944 0.051890
0 1 0.695023 0.188474 0.063590 0.003051 0.049861
0 0 0.760748 0.153132 0.053248 0.002999 0.029873
0 0 0.805225 0.126060 0.033025 0.006852 0.028838
0 0 0.920646 0.056081 0.008869 0.003487 0.010918
1 0 0.205796 0.368488 0.285509 0.001209 0.138999
1 1 0.197011 0.376335 0.272727 0.000949 0.152978
1 1 0.130553 0.383474 0.297145 0.001163 0.187664
1 1 0.209804 0.368949 0.269650 0.001345 0.150251
1 1 0.322712 0.344142 0.206930 0.001081 0.125135
1 1 0.216858 0.374217 0.205724 0.001002 0.202200
1 1 0.232616 0.381008 0.218240 0.000452 0.167685
1 1 0.160727 0.390402 0.236660 0.000675 0.211537
1 1 0.320143 0.343035 0.136253 0.001228 0.199341
0 1 0.432939 0.306990 0.122609 0.001297 0.136165
0 1 0.535316 0.263267 0.070984 0.000686 0.129747
0 1 0.542902 0.259756 0.069177 0.001318 0.126846
0 1 0.423872 0.305658 0.081978 0.000539 0.187952
0 0 0.527123 0.273224 0.061996 0.000386 0.137272
0 1 0.368373 0.323200 0.095464 0.000922 0.212040
4 1 0.227239 0.332178 0.055854 0.000024 0.384705
0 1 0.352269 0.314076 0.049047 0.000066 0.284541
1 1 0.320209 0.323990 0.056175 0.000050 0.299576
4 1 0.201589 0.328215 0.051368 0.000018 0.418810
0 1 0.374635 0.304397 0.041541 0.000030 0.279398
0 1 0.407092 0.309103 0.068572 0.000290 0.214943
0 1 0.456065 0.292459 0.061579 0.000389 0.189508
0 1 0.440556 0.298267 0.065332 0.000352 0.195493
0 1 0.410980 0.308785 0.072983 0.000373 0.206880
0 1 0.411287 0.307875 0.068048 0.000146 0.212645
0 1 0.500977 0.273692 0.048169 0.000349 0.176813
0 1 0.460863 0.290495 0.060390 0.000621 0.187630
0 1 0.509872 0.270480 0.047324 0.000120 0.172204
0 1 0.504018 0.272098 0.046382 0.000195 0.177307
0 1 0.514591 0.269705 0.050637 0.000289 0.164777
0 1 0.448702 0.282281 0.035376 0.000062 0.233579
0 1 0.632853 0.207581 0.018212 0.000106 0.141248
0 1 0.546936 0.244251 0.025011 0.000117 0.183685
0 1 0.544500 0.241271 0.021709 0.000052 0.192467
0 1 0.563301 0.241727 0.028164 0.000114 0.166694
4 1 0.173381 0.322561 0.047818 0.000013 0.456227
4 1 0.230493 0.324580 0.046481 0.000027 0.398419
4 1 0.320730 0.309448 0.037510 0.000030 0.332283
4 1 0.269995 0.317394 0.040442 0.000018 0.372152
4 1 0.179293 0.323701 0.048305 0.000019 0.448683
0 1 0.369960 0.306765 0.043601 0.000170 0.279504
0 1 0.380142 0.310435 0.052843 0.000146 0.256435
4 1 0.262441 0.335705 0.064664 0.000095 0.337097
0 1 0.442103 0.286542 0.038718 0.000144 0.232493
4 1 0.188544 0.339966 0.070240 0.000063 0.401187
0 1 0.363789 0.315333 0.055247 0.000068 0.265564
0 1 0.511975 0.256361 0.026381 0.000055 0.205228
0 1 0.456728 0.281226 0.036737 0.000077 0.225232
0 1 0.399961 0.294127 0.035726 0.000034 0.270153
0 1 0.552738 0.243893 0.026514 0.000068 0.176787
4 1 0.174615 0.319680 0.044721 0.000010 0.460974
4 1 0.177774 0.317447 0.042236 0.000008 0.462536
0 1 0.333836 0.300845 0.031518 0.000016 0.333786
4 1 0.181768 0.328447 0.053521 0.000033 0.436231
4 1 0.200787 0.310372 0.034666 0.000012 0.454164
4 1 0.236063 0.317404 0.039373 0.000012 0.407148
4 1 0.152413 0.322666 0.051634 0.000019 0.473268
4 1 0.273581 0.324671 0.048928 0.000118 0.352703
4 1 0.151438 0.325185 0.054869 0.000025 0.468484
4 1 0.139424 0.313881 0.045372 0.000012 0.501312
0 1 0.715317 0.171596 0.014977 0.000182 0.097928
0 1 0.702050 0.177690 0.015507 0.000186 0.104568
0 1 0.857604 0.085818 0.002203 0.000022 0.054352
0 1 0.835717 0.105675 0.005739 0.000038 0.052830
0 1 0.722441 0.161332 0.009621 0.000030 0.106576
0 1 0.823921 0.118675 0.016330 0.000645 0.040429
0 1 0.828167 0.115486 0.020351 0.001800 0.034196
0 1 0.822293 0.119318 0.015725 0.000954 0.041711
0 1 0.827072 0.116275 0.020089 0.001636 0.034928
0 1 0.848092 0.103513 0.018541 0.001679 0.028174
0 1 0.813608 0.124454 0.018911 0.001230 0.041797
0 1 0.816061 0.123145 0.020105 0.001086 0.039602
0 1 0.763292 0.152845 0.023998 0.000962 0.058903
0 1 0.839832 0.108538 0.018792 0.001795 0.031042
0 1 0.841354 0.108157 0.015858 0.001159 0.033472
0 1 0.685937 0.176312 0.010351 0.000098 0.127301
0 1 0.659854 0.197247 0.017974 0.000060 0.124866
0 1 0.565889 0.239561 0.026621 0.000118 0.167811
0 1 0.555453 0.238608 0.022266 0.000042 0.183631
0 1 0.544937 0.246967 0.027103 0.000069 0.180924
0 1 0.476514 0.282304 0.049883 0.000584 0.190716
0 1 0.661581 0.198325 0.020009 0.000367 0.119719
0 1 0.529384 0.259758 0.038424 0.000429 0.172005
0 1 0.443709 0.293818 0.053227 0.000363 0.208883
0 1 0.554183 0.249505 0.035291 0.000264 0.160757
2 1 0.152374 0.238450 0.571778 0.006098 0.031300
2 1 0.110614 0.217563 0.634103 0.008604 0.029117
2 1 0.066974 0.185258 0.704222 0.010383 0.033163
2 1 0.091691 0.196621 0.676594 0.009231 0.025863
2 1 0.011990 0.065525 0.890199 0.016092 0.016194
2 1 0.003471 0.049254 0.939462 0.003411 0.004402
2 2 0.000314 0.011971 0.978155 0.007490 0.002070
2 2 0.001137 0.020329 0.965340 0.010614 0.002580
2 2 0.000101 0.007232 0.983781 0.007068 0.001817
2 2 0.000165 0.012138 0.981412 0.003641 0.002644
2 2 0.000161 0.014425 0.978654 0.003035 0.003724
2 2 0.000017 0.005467 0.986982 0.003727 0.003807
2 2 0.000141 0.012707 0.979401 0.004038 0.003713
2 2 0.000102 0.010213 0.983107 0.003715 0.002864
2 2 0.000031 0.005631 0.987218 0.004630 0.002490
2 2 0.000896 0.015701 0.954518 0.025836 0.003048
2 2 0.000118 0.008414 0.974692 0.013396 0.003379
2 2 0.000281 0.009806 0.970932 0.016642 0.002339
2 2 0.000392 0.014113 0.965754 0.015763 0.003978
2 2 0.000221 0.009458 0.964643 0.022370 0.003308
2 2 0.222954 0.195094 0.505007 0.039109 0.037836
0 0 0.753201 0.149136 0.072074 0.003968 0.021621
0 0 0.710535 0.170426 0.091232 0.004707 0.023100
0 0 0.727326 0.166608 0.070098 0.005367 0.030601
0 1 0.545733 0.240397 0.159975 0.008420 0.045475
2 1 0.004610 0.117009 0.843141 0.004297 0.030943
2 1 0.000410 0.061843 0.892013 0.001925 0.043809
2 2 0.000285 0.047130 0.928200 0.001200 0.023184
2 2 0.000491 0.035581 0.950077 0.002844 0.011008
2 2 0.000299 0.023668 0.964595 0.003704 0.007734
2 2 0.000019 0.004528 0.990154 0.003360 0.001939
2 2 0.000064 0.007612 0.981984 0.007033 0.003308
2 2 0.000104 0.011217 0.978824 0.005388 0.004467
2 2 0.000069 0.006227 0.978392 0.012631 0.002682
2 2 0.000197 0.010721 0.968948 0.016027 0.004107
2 2 0.000618 0.006715 0.832150 0.159022 0.001494
2 2 0.000410 0.005933 0.846580 0.145277 0.001799
2 3 0.000628 0.008987 0.901694 0.086229 0.002461
2 3 0.000867 0.007866 0.818473 0.171234 0.001560
2 3 0.001011 0.009060 0.808669 0.179218 0.002042
3 3 0.002709 0.009446 0.378035 0.607325 0.002484
3 3 0.001926 0.009647 0.451895 0.533070 0.003462
3 3 0.001934 0.005428 0.257960 0.733475 0.001203
3 3 0.001733 0.006051 0.301921 0.688651 0.001644
3 3 0.001743 0.007705 0.367859 0.619988 0.002706
3 3 0.029151 0.018336 0.109388 0.838436 0.004688
3 3 0.065010 0.070222 0.301692 0.541112 0.021963
2 0 0.101147 0.099080 0.549978 0.233164 0.016631
2 0 0.118700 0.151304 0.595082 0.105013 0.029900
2 1 0.089574 0.132191 0.625333 0.118837 0.034065
2 1 0.001600 0.019331 0.883544 0.088958 0.006566
2 1 0.000411 0.009486 0.899870 0.085875 0.004358
2 1 0.000095 0.004596 0.930578 0.062150 0.002581
2 2 0.000133 0.005063 0.918308 0.073881 0.002616
2 2 0.000174 0.004123 0.899696 0.094586 0.001422
2 2 0.000437 0.007517 0.910051 0.079821 0.002174
2 2 0.000187 0.003918 0.890448 0.104198 0.001248
2 2 0.000206 0.004483 0.899454 0.094392 0.001465
2 2 0.000243 0.004987 0.870569 0.122241 0.001960
2 2 0.000332 0.005394 0.827818 0.164414 0.002041
3 2 0.000262 0.003039 0.442633 0.552146 0.001919
3 2 0.000181 0.001972 0.369096 0.627644 0.001107
2 2 0.000085 0.001521 0.512806 0.484697 0.000892
3 2 0.000084 0.001415 0.411184 0.586248 0.001070
3 2 0.000171 0.001874 0.415543 0.581578 0.000833
3 2 0.000196 0.000558 0.048132 0.950874 0.000240
3 2 0.000366 0.000975 0.067915 0.930385 0.000359
3 3 0.000265 0.000823 0.063832 0.934706 0.000374
3 3 0.000187 0.000377 0.030676 0.968637 0.000124
3 3 0.000238 0.000545 0.039048 0.959958 0.000212
3 3 0.000095 0.000164 0.013416 0.986258 0.000067
3 3 0.000089 0.000159 0.013362 0.986323 0.000067
3 3 0.000087 0.000198 0.020885 0.978749 0.000081
3 3 0.000185 0.000239 0.015573 0.983937 0.000066
3 3 0.000116 0.000142 0.012063 0.987645 0.000034
3 3 0.000142 0.000208 0.015229 0.984357 0.000065
3 3 0.000098 0.000096 0.007140 0.992643 0.000023
3 3 0.000180 0.000212 0.012243 0.987301 0.000063
3 3 0.000187 0.000230 0.012334 0.987171 0.000077
3 3 0.000156 0.000205 0.011970 0.987595 0.000074
3 3 0.000313 0.000178 0.002437 0.996981 0.000092
3 3 0.000153 0.000061 0.001191 0.998571 0.000024
3 3 0.000239 0.000114 0.001806 0.997784 0.000057
3 3 0.000364 0.000119 0.002186 0.997305 0.000026
3 3 0.000539 0.000167 0.002168 0.997082 0.000044
3 3 0.000388 0.000214 0.005752 0.993597 0.000049
3 3 0.000376 0.000371 0.012996 0.986140 0.000116
3 3 0.000087 0.000062 0.003678 0.996158 0.000015
3 3 0.000071 0.000065 0.004435 0.995409 0.000020
3 3 0.000056 0.000044 0.002556 0.997329 0.000015
3 3 0.000214 0.000113 0.001834 0.997786 0.000052
3 3 0.000111 0.000054 0.001310 0.998503 0.000022
3 3 0.000086 0.000049 0.001683 0.998162 0.000020
3 3 0.000100 0.000069 0.002022 0.997775 0.000034
3 3 0.000228 0.000147 0.003827 0.995744 0.000053
3 3 0.001033 0.000278 0.002205 0.996406 0.000079
3 3 0.000110 0.000036 0.000646 0.999193 0.000015
3 3 0.000346 0.000065 0.000917 0.998659 0.000012
3 3 0.000344 0.000065 0.000783 0.998793 0.000014
3 3 0.000241 0.000066 0.001062 0.998612 0.000018
3 3 0.000487 0.000188 0.001568 0.997670 0.000086
3 3 0.000089 0.000036 0.000813 0.999046 0.000016
3 3 0.000186 0.000110 0.001702 0.997936 0.000066
3 3 0.000757 0.000432 0.004786 0.993842 0.000182
3 3 0.000295 0.000127 0.001452 0.998061 0.000065
3 3 0.000687 0.000178 0.001172 0.997867 0.000097
3 3 0.000692 0.000155 0.000982 0.998117 0.000054
3 3 0.000511 0.000210 0.001975 0.997211 0.000092
3 3 0.000414 0.000095 0.000706 0.998750 0.000035
3 3 0.000511 0.000150 0.001151 0.998125 0.000063
3 3 0.000924 0.000191 0.002143 0.996713 0.000029
3 3 0.000594 0.000116 0.000945 0.998310 0.000035
3 3 0.000231 0.000044 0.000745 0.998972 0.000008
3 3 0.000885 0.000091 0.000477 0.998532 0.000017
3 3 0.000618 0.000135 0.001042 0.998167 0.000038
3 3 0.000647 0.000081 0.000632 0.998621 0.000019
3 3 0.003822 0.000277 0.000797 0.995056 0.000048
3 3 0.002571 0.000344 0.001109 0.995868 0.000108
3 3 0.002804 0.000291 0.001413 0.995436 0.000056
3 3 0.001341 0.000328 0.002695 0.995544 0.000091
3 3 0.001770 0.003382 0.112723 0.881210 0.000915
3 3 0.001813 0.002060 0.053355 0.942323 0.000449
3 3 0.003668 0.006551 0.141888 0.846003 0.001889
2 3 0.045454 0.054095 0.536914 0.358038 0.005499
3 3 0.022982 0.041594 0.427702 0.498808 0.008914
2 2 0.033537 0.094323 0.692501 0.153869 0.025769
2 2 0.020303 0.098484 0.612801 0.211892 0.056520
2 2 0.015452 0.052162 0.561463 0.350432 0.020490
2 2 0.009572 0.035698 0.618920 0.321891 0.013920
2 2 0.011064 0.051999 0.805863 0.109355 0.021720
4 2 0.023535 0.157985 0.190212 0.008403 0.619865
4 2 0.031258 0.138300 0.283899 0.032418 0.514125
4 2 0.025296 0.137947 0.231027 0.017505 0.588225
4 2 0.027486 0.132836 0.265031 0.022174 0.552473
4 2 0.018868 0.155059 0.212708 0.004680 0.608684
4 2 0.019420 0.124144 0.161326 0.002230 0.692880
4 2 0.014947 0.124303 0.193028 0.002478 0.665243
4 2 0.017376 0.129493 0.177980 0.001213 0.673938
4 2 0.021279 0.142505 0.108006 0.000520 0.727691
4 2 0.016406 0.135205 0.146395 0.000908 0.701086
4 2 0.017785 0.179260 0.127126 0.000579 0.675250
4 2 0.013294 0.144456 0.135207 0.000540 0.706503
4 2 0.010284 0.133393 0.117460 0.000319 0.738544
4 2 0.009531 0.140741 0.127809 0.000861 0.721059
4 2 0.024760 0.150265 0.182350 0.001808 0.640817
4 2 0.010171 0.132573 0.152637 0.000767 0.703852
4 2 0.017902 0.177687 0.132255 0.000622 0.671535
4 2 0.020285 0.154345 0.209520 0.001783 0.614067
4 2 0.015767 0.141339 0.192777 0.001661 0.648457
4 2 0.015306 0.155285 0.140135 0.000575 0.688700
4 1 0.014230 0.156824 0.130508 0.000644 0.697794
4 1 0.013225 0.173305 0.103114 0.000467 0.709889
4 1 0.015641 0.152575 0.182714 0.001172 0.647898
4 1 0.018208 0.172402 0.118417 0.000387 0.690587
4 1 0.020398 0.182435 0.170539 0.001336 0.625294
4 1 0.280588 0.295518 0.072573 0.001422 0.349898
4 1 0.119883 0.339095 0.095357 0.000541 0.445124
4 1 0.128074 0.318951 0.134452 0.000621 0.417902
4 1 0.244747 0.293570 0.115103 0.001436 0.345144
4 1 0.226088 0.306939 0.125607 0.000934 0.340432
4 1 0.157797 0.293968 0.207695 0.006519 0.334021
4 1 0.074228 0.260735 0.232526 0.003855 0.428656
4 1 0.036264 0.179796 0.323179 0.010813 0.449948
4 1 0.039798 0.185974 0.254527 0.012838 0.506863
4 2 0.064622 0.200895 0.306760 0.015941 0.411782
4 2 0.228536 0.341611 0.083170 0.000214 0.346469
4 2 0.118539 0.319401 0.097020 0.000510 0.464531
4 2 0.144383 0.319014 0.092668 0.000338 0.443597
4 2 0.186046 0.334305 0.061277 0.000246 0.418125
4 2 0.120729 0.300416 0.134655 0.000536 0.443664
4 2 0.140696 0.340320 0.084319 0.000150 0.434514
4 2 0.156641 0.344734 0.088390 0.000188 0.410047
4 2 0.128151 0.294481 0.131123 0.000525 0.445721
4 2 0.092735 0.294079 0.134689 0.000498 0.477999
4 2 0.142307 0.349594 0.110993 0.000313 0.396793
0 2 0.709799 0.180149 0.026705 0.001531 0.081816
0 2 0.734620 0.167415 0.030653 0.002884 0.064428
0 2 0.696240 0.184094 0.020840 0.001050 0.097775
0 1 0.733655 0.167837 0.028967 0.002888 0.066653
0 0 0.866675 0.089718 0.005538 0.000456 0.037613
0 0 0.857644 0.098068 0.017081 0.001140 0.026068
0 1 0.889973 0.075729 0.013440 0.003999 0.016858
0 1 0.794755 0.134042 0.029424 0.002083 0.039696
0 1 0.912227 0.062560 0.010268 0.002153 0.012791
0 1 0.896056 0.073206 0.012551 0.001998 0.016189
0 1 0.880951 0.080895 0.016305 0.004187 0.017663
0 1 0.878402 0.083523 0.015073 0.003356 0.019646
0 1 0.884584 0.081111 0.013092 0.001477 0.019737
0 1 0.704330 0.179652 0.049516 0.006242 0.060261
0 1 0.800079 0.128494 0.031825 0.004725 0.034877
0 1 0.669643 0.199265 0.058022 0.003355 0.069715
0 1 0.675249 0.198329 0.055247 0.003743 0.067433
0 1 0.791816 0.135174 0.029725 0.003001 0.040284
0 1 0.561067 0.250188 0.086702 0.005708 0.096335
0 1 0.622928 0.222385 0.071110 0.005561 0.078016
0 1 0.602682 0.233026 0.059457 0.001909 0.102925
0 1 0.425187 0.304818 0.088127 0.001731 0.180137
0 1 0.484301 0.283439 0.075306 0.001451 0.155502
0 1 0.559451 0.251730 0.072716 0.002061 0.114042
0 1 0.466667 0.290124 0.086200 0.001135 0.155875
0 1 0.670682 0.200102 0.029835 0.000142 0.099238
0 1 0.537156 0.261219 0.050067 0.000231 0.151327
0 0 0.788935 0.130608 0.007805 0.000025 0.072626
0 0 0.531187 0.260282 0.040897 0.000473 0.167161
0 1 0.456375 0.288738 0.050155 0.000500 0.204233
4 1 0.061965 0.298797 0.074425 0.000148 0.564664
4 1 0.069972 0.289992 0.052669 0.000077 0.587289
4 1 0.152520 0.317035 0.045809 0.000102 0.484535
4 1 0.217630 0.304911 0.068782 0.000165 0.408512
4 1 0.167869 0.335744 0.066222 0.000051 0.430115
4 1 0.096726 0.293330 0.109710 0.000218 0.500015
4 4 0.126170 0.284174 0.098151 0.000336 0.491169
4 4 0.116579 0.268684 0.104815 0.000892 0.509029
4 4 0.092803 0.302677 0.076464 0.000086 0.527971
4 4 0.172361 0.272009 0.104354 0.000624 0.450650
4 4 0.054469 0.262683 0.105013 0.000259 0.577575
4 4 0.046772 0.243718 0.103880 0.000431 0.605199
4 4 0.059259 0.278271 0.100164 0.000355 0.561952
4 4 0.021796 0.192956 0.161428 0.001291 0.622530
4 4 0.051916 0.261847 0.136222 0.000690 0.549325
0 4 0.532650 0.246241 0.022929 0.000163 0.198016
0 4 0.452078 0.289876 0.049414 0.000207 0.208424
0 4 0.689662 0.188380 0.022458 0.000244 0.099256
0 4 0.484664 0.276405 0.042361 0.000542 0.196028
0 4 0.358318 0.313920 0.050862 0.000210 0.276690
4 4 0.197751 0.307663 0.045906 0.000110 0.448570
4 4 0.265339 0.280977 0.030182 0.000068 0.423435
4 4 0.266402 0.310936 0.034736 0.000070 0.387855
4 4 0.122330 0.303708 0.043313 0.000025 0.530624
4 4 0.135941 0.288954 0.073230 0.000438 0.501437
4 4 0.033209 0.191942 0.147740 0.000361 0.626748
4 4 0.101063 0.313819 0.098399 0.000239 0.486480
4 4 0.064712 0.258504 0.106596 0.000265 0.569923
4 4 0.028238 0.187112 0.131259 0.000929 0.652463
4 4 0.048238 0.252761 0.078760 0.000103 0.620138
4 4 0.080737 0.272939 0.251718 0.001950 0.392657
4 4 0.080213 0.296354 0.168494 0.001599 0.453340
4 4 0.117762 0.296752 0.193367 0.003195 0.388925
4 4 0.117814 0.292186 0.196874 0.002323 0.390803
4 1 0.028028 0.226831 0.265730 0.003014 0.476398
2 1 0.000042 0.016854 0.973381 0.000724 0.008999
2 2 0.000035 0.010493 0.981259 0.001993 0.006220
2 2 0.000023 0.007774 0.987042 0.001460 0.003701
2 2 0.000068 0.016932 0.975918 0.000864 0.006218
2 2 0.000044 0.012648 0.975907 0.002459 0.008941
2 2 0.000089 0.005599 0.978711 0.013923 0.001678
2 2 0.000394 0.008830 0.963876 0.025240 0.001660
2 2 0.000230 0.008480 0.975022 0.014442 0.001824
2 2 0.000075 0.004608 0.976644 0.017261 0.001412
2 2 0.000077 0.003928 0.974517 0.020444 0.001034
2 2 0.000070 0.005319 0.978407 0.014281 0.001924
2 2 0.000074 0.005999 0.983501 0.008641 0.001785
2 2 0.000071 0.005672 0.978386 0.013701 0.002170
2 2 0.000110 0.007371 0.974677 0.015022 0.002821
2 2 0.000066 0.004827 0.981333 0.012308 0.001466
2 2 0.000066 0.007828 0.986393 0.003486 0.002227
2 2 0.000219 0.010307 0.979552 0.007808 0.002115
2 2 0.000139 0.007303 0.979029 0.011681 0.001849
2 2 0.000071 0.007851 0.984044 0.005335 0.002698
2 2 0.000035 0.006796 0.985348 0.004403 0.003417
2 2 0.000302 0.007556 0.956640 0.033714 0.001788
2 2 0.000129 0.003701 0.947937 0.047324 0.000909
2 2 0.001302 0.014053 0.949333 0.033449 0.001863
2 2 0.000380 0.006573 0.951883 0.040045 0.001120
2 2 0.000590 0.009203 0.945746 0.042742 0.001719
2 2 0.072795 0.126568 0.761653 0.022726 0.016259
2 2 0.040409 0.098347 0.835065 0.012629 0.013550
2 2 0.204762 0.256130 0.505038 0.005423 0.028647
2 2 0.220990 0.274685 0.468410 0.002677 0.033238
2 2 0.255213 0.260735 0.449577 0.003732 0.030742
4 2 0.215207 0.312089 0.124984 0.005023 0.342698
1 2 0.226569 0.350218 0.102244 0.001383 0.319586
4 2 0.128953 0.288639 0.170811 0.003027 0.408570
4 2 0.193795 0.311986 0.139950 0.001862 0.352407
1 2 0.289288 0.337532 0.091658 0.000696 0.280825
2 1 0.018168 0.078484 0.886938 0.007494 0.008915
2 1 0.003320 0.034666 0.917583 0.037058 0.007373
2 1 0.000221 0.013952 0.963171 0.015683 0.006972
2 2 0.001025 0.013046 0.945650 0.038123 0.002156
2 2 0.000724 0.014754 0.953987 0.027178 0.003357
2 2 0.000033 0.003648 0.982288 0.012547 0.001483
2 2 0.000028 0.002825 0.968911 0.026702 0.001534
2 2 0.000101 0.007764 0.980609 0.009000 0.002526
2 2 0.000019 0.003060 0.983896 0.011436 0.001588
2 2 0.000029 0.004194 0.980559 0.012771 0.002447
2 2 0.000187 0.011301 0.976183 0.008917 0.003413
2 2 0.000077 0.006832 0.981097 0.009472 0.002523
2 2 0.000108 0.008880 0.973536 0.013251 0.004226
2 2 0.000070 0.011611 0.978864 0.003683 0.005772
2 2 0.000363 0.024472 0.965383 0.003334 0.006449
2 2 0.000342 0.004374 0.864019 0.130480 0.000785
2 2 0.000463 0.005552 0.900697 0.092453 0.000834
2 2 0.000357 0.005469 0.917423 0.075682 0.001070
2 2 0.000224 0.004017 0.902363 0.092474 0.000923
2 2 0.000141 0.003192 0.932261 0.063701 0.000705
2 2 0.000198 0.006327 0.951179 0.040298 0.001997
2 2 0.000214 0.008117 0.965162 0.024066 0.002441
2 2 0.000382 0.009297 0.949568 0.038195 0.002558
2 2 0.000373 0.007777 0.950749 0.039387 0.001715
2 2 0.000375 0.008375 0.939076 0.049775 0.002398
2 2 0.028434 0.069952 0.824437 0.066028 0.011149
2 2 0.052242 0.106585 0.775703 0.045216 0.020254
2 2 0.236918 0.231014 0.491417 0.014414 0.026237
2 2 0.255120 0.245503 0.457019 0.009936 0.032422
0 2 0.397448 0.271401 0.293375 0.003084 0.034693
0 0 0.979529 0.016287 0.001002 0.000775 0.002407
0 0 0.974364 0.019593 0.001811 0.001593 0.002639
0 0 0.838048 0.107988 0.023111 0.003079 0.027774
0 0 0.834872 0.108871 0.024634 0.004190 0.027432
0 0 0.795180 0.129542 0.034208 0.006718 0.034352
1 0 0.256977 0.334873 0.174320 0.003158 0.230672
0 0 0.440700 0.294352 0.101047 0.001136 0.162765
1 0 0.169917 0.362617 0.237493 0.002036 0.227936
0 0 0.420989 0.308678 0.097788 0.000572 0.171972
0 1 0.524044 0.269102 0.084261 0.000961 0.121632
0 1 0.385322 0.318345 0.099152 0.000654 0.196527
0 1 0.352526 0.290752 0.128570 0.001468 0.226683
1 1 0.199544 0.361728 0.124808 0.000469 0.313451
0 1 0.487926 0.280288 0.077071 0.001529 0.153186
0 1 0.385403 0.313618 0.075385 0.001118 0.224476
0 1 0.678252 0.178633 0.020504 0.000275 0.122337
0 1 0.467829 0.235853 0.024005 0.000084 0.272229
0 1 0.440840 0.267126 0.021243 0.000023 0.270767
0 1 0.455152 0.266047 0.022520 0.000041 0.256241
0 1 0.415043 0.287888 0.032721 0.000042 0.264306
4 1 0.277180 0.305928 0.057662 0.000092 0.359138
0 1 0.410082 0.278416 0.045614 0.000081 0.265806
0 1 0.440288 0.275611 0.026905 0.000024 0.257172
0 1 0.393953 0.296398 0.044252 0.000181 0.265217
0 1 0.371423 0.309070 0.047251 0.000127 0.272128
4 1 0.161771 0.312774 0.041951 0.000015 0.483488
0 1 0.323849 0.319398 0.049831 0.000113 0.306808
0 1 0.334734 0.317900 0.050441 0.000149 0.296776
0 1 0.424986 0.288973 0.036380 0.000123 0.249538
0 1 0.350796 0.308761 0.041611 0.000093 0.298739
0 1 0.437618 0.231775 0.008283 0.000001 0.322323
0 1 0.621920 0.194263 0.009129 0.000004 0.174684
4 1 0.220879 0.277541 0.017008 0.000001 0.484572
4 1 0.166068 0.267124 0.018361 0.000001 0.548446
4 1 0.138403 0.237710 0.024052 0.000001 0.599834
4 1 0.014222 0.136010 0.073067 0.000038 0.776663
4 1 0.019946 0.185577 0.034376 0.000010 0.760091
4 4 0.018176 0.178778 0.055902 0.000042 0.747102
4 4 0.017821 0.151361 0.059052 0.000023 0.771743
4 4 0.022980 0.193595 0.037691 0.000012 0.745722
4 4 0.027892 0.197286 0.047445 0.000017 0.727360
4 4 0.031383 0.190838 0.041007 0.000009 0.736763
4 4 0.025062 0.206445 0.025896 0.000005 0.742592
4 4 0.066697 0.263328 0.031287 0.000004 0.638684
4 4 0.044029 0.230930 0.033743 0.000006 0.691292
4 4 0.021535 0.158071 0.031150 0.000003 0.789242
4 4 0.032829 0.191784 0.028594 0.000002 0.746791
4 4 0.040339 0.197748 0.016895 0.000000 0.745018
4 4 0.033576 0.182987 0.027806 0.000003 0.755627
4 4 0.031074 0.195794 0.026030 0.000002 0.747100
4 4 0.040263 0.217981 0.026494 0.000003 0.715260
4 4 0.043056 0.185033 0.047674 0.000015 0.724223
4 4 0.021269 0.173975 0.041560 0.000011 0.763185
4 4 0.037159 0.171898 0.061805 0.000029 0.729110
4 4 0.044142 0.218714 0.033126 0.000004 0.704013
4 4 0.083267 0.256934 0.044175 0.000015 0.615609
4 4 0.036884 0.229678 0.044376 0.000018 0.689044
4 4 0.037451 0.216942 0.051367 0.000028 0.694212
4 4 0.046607 0.222550 0.035688 0.000007 0.695147
4 4 0.043927 0.220121 0.048269 0.000033 0.687650
4 4 0.031761 0.196507 0.108593 0.000161 0.662978
4 4 0.021517 0.180012 0.067897 0.000065 0.730508
4 4 0.047599 0.229181 0.088869 0.000296 0.634054
4 4 0.028199 0.201829 0.116773 0.000307 0.652892
4 4 0.025540 0.202985 0.073294 0.000089 0.698093
4 4 0.038959 0.199986 0.030300 0.000003 0.730751
4 4 0.025343 0.193699 0.052006 0.000025 0.728927
4 4 0.052222 0.230557 0.028505 0.000003 0.688712
4 4 0.034912 0.193582 0.044669 0.000009 0.726828
4 4 0.050455 0.173162 0.043519 0.000039 0.732824
4 4 0.194903 0.247290 0.012097 0.000000 0.545710
4 4 0.167736 0.248201 0.023668 0.000004 0.560391
4 4 0.317748 0.247536 0.017773 0.000003 0.416940
4 4 0.173116 0.245735 0.019906 0.000002 0.561241
4 4 0.110794 0.240518 0.029847 0.000010 0.618830
4 4 0.023736 0.178530 0.064981 0.000036 0.732717
4 4 0.034865 0.179760 0.070287 0.000042 0.715045
4 4 0.023683 0.188908 0.081384 0.000097 0.705928
4 4 0.018465 0.157622 0.069902 0.000040 0.753971
4 4 0.016616 0.144115 0.100307 0.000107 0.738854
4 4 0.022766 0.169143 0.049347 0.000017 0.758727
4 4 0.051008 0.190103 0.057457 0.000027 0.701406
4 4 0.099731 0.223871 0.032893 0.000009 0.643496
4 4 0.045579 0.201207 0.029427 0.000002 0.723785
4 4 0.050463 0.238106 0.034780 0.000006 0.676645
4 4 0.032559 0.210210 0.020964 0.000002 0.736265
4 4 0.047296 0.240715 0.027840 0.000004 0.684145
4 4 0.041055 0.237098 0.030120 0.000006 0.691722
4 4 0.042992 0.234604 0.027016 0.000004 0.695385
4 4 0.029214 0.205767 0.021303 0.000002 0.743714
4 4 0.063551 0.268492 0.036783 0.000009 0.631165
4 4 0.057724 0.249207 0.045113 0.000012 0.647944
4 4 0.101220 0.286292 0.037038 0.000012 0.575439
4 4 0.080548 0.262588 0.029466 0.000003 0.627395
4 4 0.144392 0.309318 0.046908 0.000013 0.499369
4 4 0.144392 0.284132 0.028480 0.000002 0.542994
4 4 0.174710 0.294997 0.026680 0.000003 0.503609
4 4 0.190380 0.305358 0.031768 0.000006 0.472489
4 4 0.119685 0.290525 0.031479 0.000004 0.558307
4 4 0.178947 0.291283 0.024421 0.000002 0.505347
4 4 0.065325 0.267132 0.034683 0.000007 0.632853
4 4 0.052673 0.259413 0.042989 0.000016 0.644908
4 4 0.039915 0.237848 0.044804 0.000019 0.677414
4 4 0.046122 0.260698 0.044672 0.000024 0.648484
4 4 0.054635 0.247958 0.047321 0.000015 0.650071
0 4 0.669711 0.198898 0.056910 0.003068 0.071413
0 4 0.898928 0.069449 0.013269 0.004247 0.014106
0 0 0.899029 0.072573 0.009131 0.000704 0.018563
0 0 0.926908 0.054305 0.006083 0.000457 0.012247
0 0 0.880063 0.084683 0.012583 0.000618 0.022054
0 0 0.865077 0.091283 0.019679 0.003780 0.020180
0 0 0.925693 0.050951 0.009158 0.005448 0.008750
0 0 0.825573 0.114359 0.032441 0.004829 0.022798
0 0 0.875629 0.084846 0.019987 0.003965 0.015573
0 1 0.806726 0.122664 0.042746 0.006791 0.021073
2 1 0.136807 0.314164 0.474717 0.002836 0.071475
2 1 0.071443 0.280144 0.534622 0.006663 0.107127
2 1 0.058049 0.257309 0.578325 0.006949 0.099369
2 1 0.030556 0.247620 0.535213 0.008806 0.177804
2 1 0.010822 0.122208 0.789425 0.012390 0.065155
2 1 0.000726 0.028492 0.960578 0.004571 0.005633
2 1 0.001359 0.033479 0.951311 0.007696 0.006155
2 2 0.000424 0.020510 0.971359 0.003857 0.003850
2 2 0.000264 0.017391 0.972063 0.005247 0.005035
2 2 0.121322 0.197828 0.662793 0.003606 0.014450
2 2 0.030188 0.163908 0.746619 0.009900 0.049385
2 2 0.023516 0.183899 0.706094 0.007423 0.079068
2 2 0.023060 0.103375 0.822213 0.021192 0.030160
2 2 0.005348 0.068597 0.831154 0.052393 0.042507
2 2 0.004882 0.066994 0.883332 0.010654 0.034138
2 2 0.000117 0.014530 0.975310 0.003885 0.006158
2 2 0.000038 0.002788 0.972989 0.023198 0.000987
2 2 0.000090 0.004720 0.958064 0.035144 0.001983
2 2 0.000008 0.002676 0.988223 0.006965 0.002128
2 2 0.000012 0.003135 0.988209 0.006642 0.002003
2 2 0.000027 0.001345 0.957236 0.041057 0.000335
2 2 0.000009 0.001387 0.979824 0.018145 0.000634
2 2 0.000002 0.000558 0.975926 0.023170 0.000344
2 2 0.000002 0.000336 0.944573 0.054906 0.000183
2 2 0.000035 0.001729 0.950913 0.046801 0.000522
2 2 0.000022 0.001009 0.948881 0.049858 0.000230
2 2 0.000080 0.002222 0.924138 0.072995 0.000565
2 2 0.000136 0.003648 0.960441 0.035093 0.000682
2 2 0.000016 0.000909 0.950632 0.048197 0.000246
2 2 0.000023 0.002109 0.973439 0.023575 0.000854
2 2 0.000050 0.001613 0.879086 0.118659 0.000593
2 2 0.000042 0.001436 0.903213 0.094863 0.000446
2 2 0.000161 0.003646 0.923610 0.071656 0.000927
2 2 0.000042 0.001428 0.891107 0.106946 0.000477
2 2 0.000046 0.001798 0.899096 0.098325 0.000735
2 2 0.000066 0.001334 0.613574 0.384430 0.000596
2 2 0.000022 0.000779 0.729804 0.268997 0.000397
2 2 0.000075 0.001961 0.802086 0.195013 0.000866
2 3 0.000132 0.002440 0.758328 0.238237 0.000862
3 3 0.000047 0.000902 0.478125 0.520470 0.000456
3 3 0.000382 0.002487 0.322960 0.673296 0.000875
