0 0 0.896580 0.061148 0.024020 0.001623 0.016629
0 0 0.881819 0.067860 0.028855 0.002223 0.019242
0 0 0.943642 0.038710 0.008403 0.000190 0.009055
0 0 0.967310 0.023687 0.004365 0.000081 0.004556
0 0 0.960705 0.027492 0.006107 0.000161 0.005535
0 0 0.925660 0.054243 0.003592 0.000006 0.016500
0 0 0.956539 0.033210 0.002037 0.000003 0.008210
0 0 0.922720 0.056389 0.003136 0.000004 0.017752
0 0 0.941077 0.044151 0.002120 0.000002 0.012650
0 0 0.875297 0.086678 0.004611 0.000004 0.033410
0 0 0.903844 0.067068 0.000363 0.000000 0.028725
0 0 0.916496 0.059321 0.000347 0.000000 0.023836
0 0 0.939138 0.043713 0.000427 0.000000 0.016723
0 0 0.886920 0.076738 0.000552 0.000000 0.035790
0 1 0.704225 0.122991 0.001935 0.000000 0.170848
2 1 0.028265 0.161452 0.680025 0.080912 0.049346
2 1 0.097262 0.135189 0.500522 0.195363 0.071664
2 1 0.030060 0.114602 0.458608 0.297364 0.099366
2 1 0.014349 0.071184 0.673794 0.189607 0.051066
2 1 0.016812 0.058290 0.675185 0.232349 0.017364
2 1 0.015354 0.039008 0.615599 0.322243 0.007795
2 2 0.061910 0.071561 0.525708 0.323680 0.017141
3 2 0.012564 0.028876 0.445537 0.506287 0.006736
2 2 0.011146 0.029634 0.544153 0.410029 0.005037
3 2 0.004025 0.013549 0.384594 0.594756 0.003077
2 2 0.022936 0.049340 0.553909 0.365075 0.008740
2 2 0.025318 0.046358 0.548068 0.370023 0.010234
2 2 0.021574 0.037901 0.491646 0.436313 0.012567
2 2 0.099405 0.077832 0.436416 0.360697 0.025650
3 2 0.054186 0.057558 0.393179 0.477203 0.017874
3 2 0.060523 0.036076 0.164895 0.706116 0.032390
3 2 0.025741 0.022887 0.176542 0.760648 0.014182
3 2 0.181878 0.066566 0.169607 0.508725 0.073225
3 2 0.043939 0.027217 0.152520 0.753561 0.022763
3 2 0.048511 0.027126 0.143732 0.755875 0.024756
3 2 0.001498 0.002530 0.040820 0.952173 0.002978
3 2 0.001323 0.002413 0.041896 0.951743 0.002625
3 2 0.010963 0.007270 0.044950 0.920159 0.016658
3 3 0.000448 0.001376 0.041903 0.955317 0.000956
3 3 0.003832 0.003941 0.038091 0.946798 0.007338
3 3 0.004163 0.005160 0.053730 0.930000 0.006946
3 3 0.001233 0.002093 0.035678 0.958382 0.002614
3 3 0.004908 0.005295 0.061342 0.922735 0.005720
3 3 0.003154 0.003322 0.034257 0.952893 0.006374
3 3 0.002650 0.002942 0.032677 0.956214 0.005517
3 3 0.004963 0.004191 0.034053 0.947056 0.009738
3 3 0.001283 0.002019 0.032714 0.961182 0.002803
3 3 0.002571 0.002723 0.029743 0.959405 0.005558
3 3 0.003361 0.003398 0.033721 0.952718 0.006802
3 3 0.001426 0.002297 0.036634 0.956678 0.002965
3 3 0.000946 0.001452 0.025174 0.970099 0.002328
3 3 0.000756 0.001246 0.023816 0.972255 0.001926
3 3 0.001474 0.001899 0.026669 0.966511 0.003447
3 3 0.000989 0.001523 0.026152 0.968944 0.002392
3 3 0.000839 0.001330 0.024200 0.971519 0.002112
3 3 0.000590 0.000994 0.020519 0.976280 0.001616
3 3 0.003086 0.002441 0.021754 0.965313 0.007406
3 3 0.000836 0.001436 0.027317 0.968401 0.002010
3 3 0.001269 0.001784 0.027326 0.966652 0.002969
3 3 0.001294 0.001541 0.021502 0.972355 0.003308
3 3 0.002845 0.002654 0.026388 0.961724 0.006388
3 3 0.001062 0.001374 0.021100 0.973693 0.002770
3 3 0.001199 0.001440 0.020593 0.973640 0.003129
3 3 0.003267 0.002513 0.021737 0.964673 0.007811
3 3 0.000533 0.000839 0.017178 0.979882 0.001569
3 3 0.000624 0.001157 0.024733 0.971897 0.001589
3 3 0.000493 0.000875 0.019473 0.977767 0.001392
3 3 0.000538 0.000966 0.021130 0.975901 0.001465
3 3 0.001416 0.001767 0.024686 0.968714 0.003416
3 3 0.002026 0.001959 0.021731 0.969279 0.005005
3 3 0.002961 0.002285 0.020323 0.967123 0.007308
3 3 0.000975 0.001468 0.024983 0.970173 0.002401
3 3 0.004185 0.003417 0.028557 0.954961 0.008880
3 3 0.002918 0.002838 0.028656 0.959246 0.006342
3 3 0.003387 0.002514 0.021617 0.964621 0.007862
3 3 0.000161 0.000485 0.019203 0.979661 0.000491
3 3 0.000945 0.001265 0.020406 0.974869 0.002515
3 3 0.000083 0.000280 0.014050 0.985292 0.000296
3 3 0.000204 0.000507 0.016999 0.981646 0.000643
3 3 0.000056 0.000239 0.014970 0.984532 0.000202
3 3 0.000383 0.000785 0.020123 0.977622 0.001088
3 3 0.001238 0.001594 0.023445 0.970650 0.003073
3 3 0.000267 0.000595 0.017526 0.980793 0.000818
3 3 0.001848 0.001823 0.020940 0.970732 0.004657
3 3 0.000456 0.000853 0.019886 0.977519 0.001286
3 3 0.000889 0.001209 0.019972 0.975535 0.002395
3 3 0.000613 0.001074 0.022410 0.974284 0.001620
3 3 0.001446 0.001523 0.019320 0.973894 0.003818
3 3 0.002206 0.002121 0.022935 0.967428 0.005310
3 3 0.000544 0.000823 0.016403 0.980603 0.001627
3 3 0.001271 0.001244 0.015712 0.978120 0.003653
3 3 0.001235 0.001491 0.021203 0.972887 0.003184
3 3 0.000878 0.000951 0.013959 0.981508 0.002703
3 3 0.000924 0.001096 0.016689 0.978639 0.002652
3 3 0.001184 0.001278 0.017315 0.976923 0.003300
3 3 0.000635 0.000945 0.017903 0.978696 0.001821
3 3 0.000369 0.000843 0.023139 0.974652 0.000997
3 3 0.000192 0.000373 0.011153 0.987572 0.000710
3 3 0.000436 0.000784 0.018121 0.979383 0.001276
3 3 0.000404 0.000691 0.015890 0.981768 0.001247
3 3 0.000292 0.000572 0.015397 0.982810 0.000930
3 3 0.000541 0.000783 0.015239 0.981773 0.001664
3 3 0.000151 0.000386 0.014262 0.984686 0.000515
3 3 0.000424 0.000739 0.016934 0.980630 0.001274
3 3 0.000149 0.000438 0.017422 0.981515 0.000475
3 3 0.000355 0.000560 0.012733 0.985152 0.001200
3 3 0.001276 0.001082 0.012638 0.981030 0.003975
3 3 0.000369 0.000658 0.015816 0.982008 0.001149
3 3 0.000320 0.000755 0.021858 0.976175 0.000892
3 3 0.000628 0.001115 0.023279 0.973344 0.001634
3 3 0.003028 0.005726 0.080775 0.906075 0.004397
3 3 0.000599 0.002574 0.088039 0.907813 0.000975
3 3 0.036108 0.049652 0.369099 0.531237 0.013904
3 3 0.001448 0.007854 0.253394 0.735644 0.001660
3 3 0.001118 0.004218 0.111024 0.882115 0.001525
3 3 0.001815 0.005963 0.130631 0.859260 0.002331
3 3 0.001249 0.004550 0.114056 0.878472 0.001672
3 3 0.001801 0.005586 0.116633 0.873649 0.002330
3 3 0.002198 0.009550 0.248062 0.737671 0.002519
3 2 0.001075 0.006253 0.245246 0.745960 0.001467
2 2 0.004262 0.033586 0.667073 0.287261 0.007818
2 2 0.010104 0.028871 0.483891 0.470155 0.006978
2 2 0.002239 0.019083 0.507542 0.467065 0.004071
2 2 0.001531 0.025684 0.825881 0.139959 0.006944
2 2 0.003428 0.044772 0.846351 0.092896 0.012554
2 2 0.028955 0.215346 0.471060 0.047328 0.237311
2 1 0.018172 0.132345 0.707324 0.040110 0.102049
2 1 0.015163 0.119036 0.645107 0.061489 0.159206
2 1 0.074162 0.208623 0.496780 0.023581 0.196854
2 1 0.016656 0.133696 0.582235 0.026461 0.240951
4 1 0.008837 0.137626 0.067271 0.000000 0.786267
4 1 0.013677 0.109591 0.053597 0.000003 0.823131
4 1 0.006674 0.115664 0.087298 0.000001 0.790363
4 1 0.014062 0.106790 0.054088 0.000020 0.825040
4 1 0.010561 0.114976 0.064874 0.000000 0.809588
4 1 0.002409 0.083916 0.066241 0.000018 0.847416
4 1 0.002127 0.073212 0.103122 0.000001 0.821538
4 4 0.001626 0.070497 0.100162 0.000000 0.827714
4 4 0.001467 0.075377 0.084047 0.000000 0.839109
4 4 0.002978 0.106894 0.077802 0.000000 0.812327
4 4 0.003744 0.100952 0.170581 0.000053 0.724671
4 4 0.002494 0.105435 0.105041 0.000000 0.787030
4 4 0.002897 0.067528 0.132477 0.000222 0.796877
4 4 0.009495 0.108744 0.073542 0.000029 0.808190
4 4 0.002121 0.074349 0.120158 0.000044 0.803328
4 4 0.005595 0.079705 0.099368 0.000023 0.815310
4 4 0.008592 0.137739 0.093932 0.000001 0.759737
4 4 0.003224 0.069445 0.128252 0.000074 0.799004
4 4 0.005894 0.125910 0.073956 0.000001 0.794239
4 4 0.008042 0.094549 0.104741 0.000017 0.792652
4 4 0.143353 0.209467 0.072506 0.000206 0.574469
4 4 0.163821 0.205456 0.135376 0.001414 0.493933
4 4 0.108656 0.164676 0.136117 0.003043 0.587509
4 4 0.095336 0.175124 0.106490 0.000495 0.622556
4 4 0.098275 0.110648 0.144467 0.004199 0.642412
0 4 0.402554 0.271006 0.175828 0.012011 0.138601
0 4 0.650361 0.151443 0.099545 0.015364 0.083288
0 4 0.330643 0.220722 0.178223 0.034643 0.235770
2 4 0.253932 0.198429 0.303882 0.086210 0.157547
0 4 0.329025 0.147444 0.205996 0.143184 0.174350
2 4 0.003882 0.054364 0.877447 0.048698 0.015607
2 2 0.003741 0.040743 0.906310 0.040327 0.008879
2 2 0.013826 0.051774 0.839665 0.085712 0.009023
2 2 0.077425 0.114675 0.648405 0.135809 0.023687
2 2 0.011451 0.053090 0.885178 0.039308 0.010973
2 2 0.027565 0.075242 0.832058 0.052158 0.012977
2 2 0.017824 0.051502 0.762232 0.157343 0.011099
2 2 0.082950 0.118144 0.684277 0.092614 0.022016
2 2 0.012193 0.071618 0.852949 0.054490 0.008750
2 2 0.062892 0.085819 0.689025 0.138089 0.024175
2 2 0.089658 0.096857 0.762425 0.041553 0.009507
2 2 0.014441 0.062799 0.832324 0.081507 0.008929
2 2 0.089102 0.078635 0.738667 0.080368 0.013228
2 2 0.048254 0.061925 0.806577 0.074035 0.009209
2 2 0.073060 0.101840 0.738631 0.068999 0.017470
2 2 0.015730 0.033437 0.645165 0.300090 0.005577
2 2 0.008736 0.030500 0.783148 0.173181 0.004435
2 2 0.009873 0.029430 0.794906 0.162660 0.003131
2 2 0.013927 0.037012 0.795826 0.148605 0.004630
2 2 0.047800 0.067272 0.756743 0.119018 0.009167
2 2 0.043613 0.062994 0.550166 0.332065 0.011161
2 2 0.220995 0.138887 0.484529 0.133343 0.022247
2 2 0.031473 0.063776 0.696447 0.201203 0.007101
3 2 0.030538 0.042609 0.420790 0.493081 0.012982
2 2 0.064794 0.062242 0.460255 0.392608 0.020101
2 2 0.021297 0.046820 0.583121 0.340857 0.007905
2 2 0.031439 0.044981 0.486503 0.425792 0.011285
2 2 0.028843 0.053596 0.638287 0.271321 0.007952
2 2 0.022521 0.041442 0.532443 0.393782 0.009812
2 2 0.004642 0.020303 0.639845 0.331440 0.003770
2 2 0.064757 0.081122 0.683002 0.157898 0.013221
2 2 0.095181 0.090730 0.616117 0.177303 0.020669
2 2 0.018584 0.040992 0.539597 0.390754 0.010073
2 2 0.005354 0.021054 0.631606 0.338299 0.003687
2 2 0.007542 0.028054 0.706281 0.253378 0.004745
2 2 0.014974 0.035905 0.516002 0.425136 0.007982
2 2 0.055200 0.067947 0.555724 0.303601 0.017528
2 2 0.012145 0.028674 0.510955 0.442600 0.005626
3 2 0.006625 0.017613 0.353119 0.617900 0.004744
2 2 0.017080 0.035741 0.487606 0.451095 0.008478
3 2 0.017865 0.032622 0.397243 0.544467 0.007802
2 2 0.003982 0.016259 0.509321 0.466922 0.003516
3 2 0.029328 0.033042 0.289098 0.636326 0.012206
3 2 0.003594 0.015110 0.374943 0.603211 0.003142
3 2 0.007239 0.018413 0.358180 0.611081 0.005086
3 2 0.014692 0.020846 0.206683 0.747260 0.010520
3 2 0.018933 0.025597 0.304246 0.640053 0.011170
3 2 0.006685 0.015715 0.265063 0.707282 0.005254
3 2 0.001758 0.006607 0.159828 0.829947 0.001861
3 2 0.006854 0.016776 0.285171 0.684024 0.007175
3 2 0.013336 0.026890 0.339943 0.609210 0.010622
3 2 0.006138 0.018702 0.342777 0.626395 0.005988
2 2 0.020070 0.036674 0.542245 0.387854 0.013157
2 2 0.011627 0.029151 0.595623 0.358482 0.005116
3 2 0.003376 0.014545 0.385651 0.592887 0.003541
3 2 0.015792 0.021309 0.212175 0.739615 0.011109
3 2 0.020128 0.023082 0.221201 0.725142 0.010446
3 2 0.035627 0.028526 0.203752 0.712670 0.019425
3 2 0.002216 0.005811 0.105958 0.883095 0.002920
3 2 0.014783 0.021693 0.209312 0.744050 0.010163
3 2 0.006109 0.012336 0.162834 0.813270 0.005451
3 2 0.002332 0.009885 0.266167 0.718695 0.002921
3 2 0.005988 0.013457 0.190584 0.784516 0.005456
3 2 0.003204 0.010506 0.254888 0.728998 0.002404
3 2 0.007056 0.019579 0.415073 0.553695 0.004597
3 2 0.009642 0.021480 0.368553 0.594568 0.005756
3 2 0.006478 0.017437 0.339786 0.631400 0.004899
3 2 0.017846 0.025377 0.285852 0.659448 0.011477
2 2 0.025513 0.039097 0.476197 0.448370 0.010822
3 2 0.002968 0.009043 0.193485 0.790462 0.004042
3 2 0.001292 0.004991 0.147123 0.844568 0.002026
3 2 0.001121 0.004384 0.129876 0.862891 0.001728
3 2 0.000490 0.002463 0.095868 0.900404 0.000775
3 2 0.000664 0.004653 0.222395 0.771368 0.000921
3 2 0.001404 0.006655 0.225733 0.764144 0.002064
3 3 0.000774 0.005239 0.254753 0.738073 0.001161
3 3 0.016266 0.037070 0.465747 0.471274 0.009643
2 3 0.004324 0.018774 0.521567 0.451872 0.003463
2 3 0.000956 0.009506 0.605356 0.382870 0.001312
2 3 0.001400 0.010339 0.569989 0.416580 0.001691
2 3 0.001834 0.013773 0.759208 0.223791 0.001394
2 2 0.000790 0.008918 0.775418 0.214122 0.000752
2 2 0.002909 0.019311 0.877168 0.098193 0.002420
2 2 0.000443 0.005857 0.608852 0.384288 0.000560
2 2 0.001076 0.013164 0.738771 0.244403 0.002586
2 2 0.000956 0.008399 0.578019 0.411313 0.001314
2 2 0.012093 0.036389 0.579485 0.366298 0.005735
2 2 0.000349 0.004825 0.540262 0.453948 0.000616
2 2 0.001429 0.011447 0.697618 0.288012 0.001494
2 2 0.000845 0.007981 0.587333 0.402822 0.001020
2 2 0.011601 0.035373 0.570343 0.375772 0.006912
2 2 0.033404 0.055175 0.657227 0.244109 0.010086
2 2 0.006879 0.026629 0.506301 0.453088 0.007102
2 2 0.006598 0.022519 0.566197 0.400713 0.003974
2 2 0.007203 0.025488 0.704791 0.257072 0.005447
2 2 0.005793 0.020554 0.554893 0.415207 0.003554
3 2 0.001401 0.010211 0.481552 0.504942 0.001894
2 2 0.002590 0.014747 0.537924 0.441833 0.002905
2 2 0.002013 0.013262 0.506018 0.476720 0.001987
2 2 0.029054 0.053655 0.682738 0.228590 0.005964
3 2 0.003503 0.013079 0.263777 0.716265 0.003375
3 2 0.000777 0.006780 0.408006 0.583300 0.001138
3 2 0.000853 0.007054 0.408496 0.582319 0.001278
3 2 0.002467 0.014852 0.465385 0.515004 0.002292
3 2 0.001615 0.010814 0.445433 0.540450 0.001688
2 2 0.003093 0.015130 0.668915 0.310871 0.001990
3 2 0.000560 0.005071 0.282454 0.711231 0.000684
2 2 0.000754 0.008902 0.629673 0.359723 0.000949
3 2 0.001405 0.009916 0.468508 0.518882 0.001289
3 2 0.000901 0.005691 0.241417 0.750765 0.001225
2 2 0.010828 0.033598 0.652574 0.296898 0.006101
3 2 0.003095 0.015496 0.439010 0.538986 0.003414
2 2 0.000473 0.005338 0.605248 0.388167 0.000774
2 2 0.009796 0.033226 0.645025 0.307777 0.004177
2 2 0.014250 0.039412 0.732486 0.208549 0.005303
3 2 0.000572 0.004451 0.245392 0.748741 0.000844
3 2 0.000553 0.003860 0.207650 0.787032 0.000906
3 2 0.000676 0.006019 0.376289 0.616145 0.000871
3 2 0.000323 0.004230 0.462418 0.532399 0.000630
2 2 0.001097 0.009191 0.552071 0.436582 0.001058
2 2 0.004926 0.022140 0.697886 0.272685 0.002362
2 2 0.002125 0.013320 0.570256 0.412484 0.001815
3 2 0.009681 0.026066 0.446333 0.513205 0.004715
2 2 0.007153 0.024080 0.663425 0.301722 0.003621
2 2 0.001472 0.013054 0.628544 0.355407 0.001523
2 2 0.004593 0.030780 0.769252 0.191481 0.003894
2 2 0.003991 0.029143 0.808983 0.154911 0.002972
2 2 0.001209 0.011790 0.717602 0.267759 0.001640
2 2 0.000756 0.008813 0.659444 0.330017 0.000969
2 2 0.002833 0.017310 0.791757 0.186206 0.001893
2 2 0.000060 0.003503 0.866887 0.128875 0.000675
2 2 0.000089 0.005897 0.933636 0.058497 0.001882
2 2 0.000896 0.022038 0.908763 0.063739 0.004564
2 2 0.000635 0.009737 0.921994 0.066046 0.001587
2 2 0.000219 0.009453 0.925997 0.062059 0.002273
2 2 0.002827 0.015533 0.857671 0.121991 0.001977
2 2 0.001460 0.013643 0.897817 0.084295 0.002785
2 2 0.000252 0.007147 0.878442 0.112996 0.001163
2 2 0.000518 0.009223 0.880458 0.108252 0.001549
2 2 0.000909 0.019429 0.903255 0.073816 0.002591
2 2 0.003393 0.028622 0.909163 0.053855 0.004966
2 1 0.003443 0.024290 0.900408 0.067703 0.004157
2 1 0.022225 0.047673 0.880376 0.039246 0.010481
2 1 0.054984 0.171130 0.749747 0.010315 0.013824
2 1 0.032239 0.171351 0.752281 0.027688 0.016440
1 1 0.283976 0.303897 0.277678 0.009875 0.124573
2 1 0.286751 0.264319 0.339984 0.009334 0.099612
1 1 0.188611 0.341216 0.332663 0.011590 0.125920
0 1 0.393514 0.307273 0.157419 0.004565 0.137229
0 1 0.504707 0.256764 0.072628 0.001384 0.164517
0 1 0.412122 0.258872 0.062015 0.000057 0.266935
4 1 0.309388 0.253965 0.084110 0.000308 0.352229
4 1 0.225226 0.224422 0.090893 0.000427 0.459032
0 1 0.463021 0.196908 0.091034 0.000625 0.248411
0 1 0.444130 0.269114 0.021244 0.000001 0.265511
2 1 0.045337 0.301127 0.546496 0.014882 0.092158
2 1 0.048840 0.289332 0.568015 0.016666 0.077147
2 1 0.027378 0.219791 0.651782 0.021089 0.079960
2 1 0.011895 0.119733 0.723998 0.092372 0.052002
2 1 0.002490 0.036929 0.788116 0.147212 0.025253
2 1 0.000098 0.009699 0.960974 0.025152 0.004078
2 2 0.000175 0.015949 0.963870 0.015037 0.004968
2 2 0.000057 0.007875 0.976541 0.010624 0.004903
2 2 0.000037 0.005111 0.974048 0.018242 0.002563
2 2 0.000129 0.010600 0.973516 0.010729 0.005026
2 2 0.000107 0.006944 0.946114 0.043410 0.003425
2 2 0.000225 0.016300 0.962671 0.011011 0.009793
2 2 0.000366 0.018200 0.930833 0.040128 0.010473
2 2 0.000081 0.006445 0.947531 0.043669 0.002274
2 2 0.000332 0.015990 0.924042 0.054759 0.004877
2 2 0.000052 0.004100 0.924476 0.069998 0.001373
2 2 0.000104 0.005491 0.866590 0.125840 0.001975
2 2 0.000106 0.007128 0.956070 0.035144 0.001552
2 2 0.000104 0.007581 0.950474 0.039629 0.002212
2 2 0.000036 0.003498 0.904102 0.091284 0.001079
2 2 0.000244 0.007381 0.814858 0.176459 0.001058
2 2 0.000055 0.001689 0.638428 0.359475 0.000354
2 2 0.000131 0.005351 0.869471 0.124146 0.000901
2 2 0.000486 0.010911 0.824158 0.161550 0.002895
2 2 0.000134 0.004532 0.746180 0.248422 0.000732
2 2 0.000514 0.006232 0.648363 0.344070 0.000821
2 2 0.003652 0.018155 0.829006 0.147339 0.001849
2 2 0.001672 0.011928 0.786326 0.198780 0.001294
2 2 0.000861 0.009310 0.804692 0.184104 0.001032
2 2 0.014916 0.050298 0.864082 0.066861 0.003843
0 2 0.639364 0.197011 0.060081 0.001548 0.101996
1 2 0.134568 0.365071 0.345659 0.010895 0.143807
2 2 0.109136 0.321679 0.418567 0.022437 0.128182
2 2 0.065117 0.255790 0.576261 0.024845 0.077988
2 2 0.087421 0.280448 0.441283 0.024248 0.166599
2 2 0.005998 0.059058 0.905326 0.022830 0.006787
2 2 0.000154 0.007980 0.917884 0.072086 0.001896
2 2 0.000199 0.006195 0.862905 0.129370 0.001331
2 2 0.000608 0.011351 0.863946 0.122039 0.002056
2 2 0.000546 0.010622 0.871105 0.115685 0.002042
2 2 0.000265 0.016612 0.960469 0.011427 0.011226
2 2 0.000063 0.008607 0.976057 0.010593 0.004681
2 2 0.000209 0.015585 0.957032 0.020222 0.006952
2 2 0.000097 0.009093 0.967179 0.018057 0.005574
2 2 0.000085 0.007861 0.951806 0.036775 0.003473
2 2 0.002840 0.022731 0.779077 0.192127 0.003225
2 2 0.000615 0.011392 0.825225 0.161197 0.001572
2 2 0.000489 0.006528 0.663161 0.328560 0.001262
2 2 0.000733 0.012114 0.803107 0.180733 0.003313
2 2 0.003890 0.022621 0.735109 0.232864 0.005515
2 2 0.000217 0.004138 0.620339 0.374574 0.000732
2 2 0.001114 0.010520 0.673564 0.313563 0.001239
2 2 0.000599 0.009220 0.743107 0.245456 0.001618
2 2 0.000243 0.004858 0.626261 0.367871 0.000768
2 2 0.000230 0.004457 0.710873 0.283879 0.000560
2 2 0.000473 0.007892 0.866515 0.123844 0.001275
2 2 0.000305 0.006961 0.768174 0.223300 0.001260
2 2 0.000129 0.002753 0.579113 0.417462 0.000543
2 2 0.000567 0.010608 0.801355 0.185702 0.001767
2 2 0.000281 0.005990 0.752648 0.240181 0.000900
2 2 0.000382 0.005080 0.513264 0.480612 0.000662
2 2 0.003069 0.015955 0.691272 0.287674 0.002029
2 2 0.000346 0.004769 0.518038 0.476218 0.000629
3 2 0.000466 0.004949 0.434855 0.558838 0.000892
2 2 0.000762 0.006820 0.530586 0.461002 0.000829
3 2 0.000753 0.007062 0.470506 0.520733 0.000946
3 2 0.000619 0.005629 0.347838 0.645035 0.000880
3 2 0.000645 0.005612 0.334388 0.658431 0.000924
3 2 0.000145 0.001805 0.205123 0.792620 0.000307
3 2 0.000274 0.003193 0.296401 0.699648 0.000485
3 2 0.001241 0.005313 0.160620 0.831068 0.001757
3 2 0.001256 0.004817 0.154698 0.837338 0.001892
3 2 0.000232 0.001709 0.131928 0.865556 0.000574
3 2 0.000531 0.003879 0.218615 0.776099 0.000876
3 2 0.000233 0.001648 0.108828 0.888807 0.000484
3 2 0.000813 0.004072 0.180782 0.812737 0.001596
3 2 0.000668 0.002210 0.062824 0.933113 0.001186
3 2 0.002186 0.006559 0.168515 0.820043 0.002697
3 2 0.000280 0.000991 0.036851 0.961232 0.000646
3 2 0.001447 0.005803 0.192485 0.798116 0.002150
3 2 0.001314 0.002823 0.058839 0.934873 0.002152
3 2 0.000439 0.001608 0.056199 0.940853 0.000901
3 2 0.000578 0.001758 0.049723 0.946806 0.001135
3 2 0.000204 0.000834 0.036465 0.962015 0.000482
3 2 0.000252 0.001008 0.041169 0.957012 0.000560
3 2 0.000222 0.000977 0.043364 0.954949 0.000488
3 2 0.000114 0.000586 0.033846 0.965168 0.000287
3 2 0.000058 0.000452 0.042143 0.957182 0.000166
3 2 0.000112 0.000571 0.033743 0.965280 0.000294
3 2 0.000026 0.000178 0.018314 0.981382 0.000100
3 2 0.000217 0.000548 0.018272 0.980302 0.000661
3 2 0.000213 0.000610 0.021794 0.976772 0.000610
3 2 0.000331 0.000634 0.016341 0.981671 0.001023
3 2 0.000291 0.000795 0.025532 0.972613 0.000769
3 2 0.000653 0.001325 0.029378 0.967090 0.001554
3 2 0.000067 0.000471 0.039520 0.959750 0.000191
3 3 0.000276 0.000755 0.024619 0.973609 0.000741
3 3 0.000048 0.000219 0.014855 0.984702 0.000175
3 3 0.000032 0.000162 0.012915 0.986765 0.000126
3 3 0.000086 0.000319 0.016537 0.982767 0.000291
3 3 0.000203 0.000382 0.011081 0.987587 0.000747
3 3 0.000423 0.000574 0.011515 0.986023 0.001465
3 3 0.000129 0.000327 0.012500 0.986574 0.000469
3 3 0.000072 0.000239 0.012255 0.987161 0.000274
3 3 0.000099 0.000251 0.010289 0.988967 0.000393
3 3 0.000179 0.000327 0.009668 0.989128 0.000698
3 3 0.000136 0.000229 0.006930 0.992093 0.000612
3 3 0.000214 0.000371 0.010112 0.988488 0.000815
3 3 0.000373 0.000388 0.006991 0.990683 0.001564
3 3 0.000400 0.000553 0.011367 0.986281 0.001399
3 3 0.000028 0.000141 0.011628 0.988087 0.000115
3 3 0.000015 0.000103 0.011671 0.988146 0.000065
3 3 0.000093 0.000292 0.013663 0.985620 0.000333
3 3 0.000079 0.000322 0.018106 0.981235 0.000258
3 3 0.000098 0.000726 0.052801 0.946166 0.000210
3 3 0.001009 0.005985 0.242384 0.749222 0.001401
3 3 0.000539 0.004639 0.269241 0.724836 0.000745
3 3 0.000328 0.004218 0.398476 0.596449 0.000530
3 2 0.001682 0.009028 0.295753 0.691521 0.002016
3 2 0.000984 0.004317 0.153138 0.839880 0.001680
2 2 0.000379 0.009269 0.701007 0.287847 0.001498
2 2 0.000270 0.004076 0.575876 0.419147 0.000631
3 2 0.000259 0.003887 0.471893 0.523472 0.000488
2 2 0.000456 0.005550 0.536609 0.456543 0.000842
2 2 0.001491 0.012793 0.643386 0.340520 0.001810
4 2 0.004291 0.105748 0.262710 0.000409 0.626841
4 4 0.003239 0.069107 0.171981 0.000451 0.755222
4 4 0.003162 0.056195 0.164610 0.002787 0.773245
4 4 0.009451 0.119081 0.136155 0.000530 0.734784
4 4 0.004512 0.074143 0.144126 0.002161 0.775058
4 4 0.007902 0.168262 0.152754 0.000029 0.671052
4 4 0.001106 0.059234 0.183684 0.000037 0.755940
4 4 0.002033 0.096993 0.155162 0.000021 0.745791
4 4 0.002325 0.111949 0.158973 0.000008 0.726745
4 4 0.002814 0.114871 0.141543 0.000059 0.740713
4 4 0.034312 0.134503 0.169353 0.011583 0.650249
4 4 0.026876 0.125803 0.207699 0.010017 0.629605
4 4 0.035209 0.104342 0.200624 0.018176 0.641648
0 4 0.449953 0.268900 0.062378 0.000108 0.218661
4 4 0.086565 0.348802 0.166259 0.000360 0.398013
4 4 0.002860 0.099843 0.029123 0.000000 0.868174
4 4 0.000933 0.071535 0.039701 0.000000 0.887831
4 4 0.001329 0.069051 0.068672 0.000000 0.860947
4 4 0.000848 0.070144 0.066661 0.000000 0.862347
4 4 0.001732 0.068994 0.067165 0.000000 0.862109
4 4 0.001397 0.086180 0.072995 0.000000 0.839428
4 4 0.001391 0.065239 0.074005 0.000000 0.859365
4 4 0.000564 0.057341 0.083233 0.000000 0.858861
4 4 0.000729 0.068513 0.079912 0.000000 0.850846
4 4 0.001876 0.078373 0.074271 0.000000 0.845479
4 4 0.027862 0.192055 0.158381 0.000279 0.621423
4 4 0.022911 0.161746 0.175583 0.000450 0.639310
0 4 0.361178 0.288383 0.063716 0.000034 0.286688
4 4 0.202678 0.318065 0.086134 0.000097 0.393025
4 4 0.023190 0.158257 0.168801 0.000142 0.649610
4 4 0.002437 0.098126 0.103707 0.000010 0.795720
4 4 0.002755 0.101138 0.116188 0.000001 0.779918
4 4 0.001683 0.069087 0.134443 0.000005 0.794782
4 4 0.002143 0.101686 0.106928 0.000003 0.789239
4 4 0.001875 0.069575 0.140454 0.000014 0.788082
4 4 0.001083 0.082774 0.076176 0.000000 0.839967
4 4 0.002425 0.089553 0.070386 0.000000 0.837635
4 4 0.002401 0.090577 0.075661 0.000000 0.831360
4 4 0.006770 0.116912 0.037778 0.000000 0.838540
4 4 0.001715 0.081784 0.076691 0.000000 0.839810
4 4 0.007653 0.149360 0.058549 0.000000 0.784438
4 4 0.002676 0.109387 0.089361 0.000001 0.798575
4 4 0.003497 0.102476 0.093740 0.000001 0.800286
4 4 0.003058 0.108586 0.093517 0.000002 0.794837
4 4 0.002266 0.084716 0.097519 0.000001 0.815499
4 4 0.009322 0.107422 0.110430 0.000097 0.772729
4 4 0.005938 0.141419 0.108673 0.000004 0.743965
4 4 0.013243 0.155882 0.107275 0.000013 0.723587
4 4 0.003870 0.104151 0.144951 0.000038 0.746990
4 4 0.006489 0.099347 0.131986 0.000043 0.762134
4 4 0.002338 0.072621 0.098767 0.000024 0.826251
4 4 0.002885 0.075565 0.089808 0.000001 0.831742
4 4 0.002692 0.095044 0.082971 0.000000 0.819293
4 4 0.005739 0.114405 0.081307 0.000000 0.798549
4 4 0.003781 0.101447 0.074675 0.000000 0.820097
4 4 0.002330 0.088660 0.035928 0.000000 0.873081
4 4 0.001564 0.083119 0.044924 0.000000 0.870392
4 4 0.001342 0.082689 0.053450 0.000000 0.862519
4 4 0.001491 0.076025 0.049136 0.000000 0.873348
4 4 0.001673 0.087027 0.046277 0.000000 0.865022
4 4 0.005623 0.147027 0.048347 0.000000 0.799003
4 4 0.000734 0.074787 0.071983 0.000000 0.852495
4 4 0.000779 0.063458 0.089222 0.000001 0.846540
4 4 0.001270 0.078288 0.057356 0.000000 0.863085
4 4 0.000681 0.071328 0.057815 0.000000 0.870175
4 4 0.001513 0.090321 0.076873 0.000000 0.831293
4 4 0.000823 0.061648 0.106946 0.000001 0.830582
4 4 0.001399 0.088204 0.083125 0.000001 0.827272
4 4 0.002627 0.094349 0.074922 0.000035 0.828067
4 4 0.001054 0.060816 0.127800 0.000018 0.810311
4 4 0.001793 0.072693 0.107558 0.000011 0.817946
4 4 0.004337 0.139516 0.089279 0.000017 0.766851
4 4 0.001622 0.097892 0.104584 0.000001 0.795901
4 4 0.006107 0.154658 0.081613 0.000001 0.757620
4 4 0.006075 0.153319 0.076868 0.000008 0.763730
4 4 0.016903 0.174213 0.052311 0.000000 0.756573
4 2 0.012993 0.166657 0.035842 0.000000 0.784508
4 2 0.010967 0.146454 0.053169 0.000000 0.789410
4 2 0.008336 0.139367 0.034800 0.000000 0.817498
4 2 0.015154 0.153356 0.036762 0.000000 0.794728
4 2 0.015972 0.175283 0.049834 0.000000 0.758911
4 2 0.019081 0.167931 0.042289 0.000000 0.770700
4 1 0.011515 0.148226 0.062075 0.000000 0.778184
4 1 0.006321 0.110128 0.069272 0.000002 0.814277
4 1 0.020089 0.160747 0.046296 0.000000 0.772868
4 1 0.006791 0.117984 0.024262 0.000000 0.850963
4 1 0.002925 0.098263 0.038866 0.000000 0.859946
4 1 0.003755 0.112801 0.041992 0.000000 0.841452
4 1 0.001915 0.081306 0.056489 0.000000 0.860291
4 1 0.020721 0.167130 0.027530 0.000000 0.784619
4 1 0.004124 0.123694 0.066057 0.000000 0.806125
4 1 0.002982 0.111754 0.076290 0.000000 0.808973
4 1 0.001738 0.094191 0.087509 0.000001 0.816560
4 1 0.001143 0.082107 0.086031 0.000000 0.830718
4 1 0.002271 0.106205 0.077420 0.000000 0.814104
4 1 0.003218 0.114639 0.093602 0.000000 0.788541
4 1 0.003604 0.121138 0.075824 0.000000 0.799433
4 1 0.016456 0.189115 0.066695 0.000001 0.727733
4 1 0.009499 0.150622 0.062187 0.000000 0.777691
4 2 0.002569 0.115480 0.085833 0.000001 0.796117
4 2 0.003265 0.152296 0.236423 0.000052 0.607965
4 2 0.002757 0.103025 0.234253 0.000253 0.659711
4 2 0.001450 0.073902 0.350808 0.000388 0.573453
4 2 0.002583 0.116951 0.275947 0.000102 0.604417
4 2 0.002532 0.083229 0.236035 0.000428 0.677776
4 2 0.008517 0.130043 0.338939 0.004837 0.517664
4 1 0.014424 0.154116 0.219449 0.001893 0.610119
4 1 0.052498 0.295239 0.148239 0.000050 0.503974
4 1 0.033508 0.332907 0.289328 0.000314 0.343944
1 1 0.121717 0.385002 0.151402 0.000115 0.341764
0 1 0.750233 0.156817 0.015697 0.000044 0.077209
0 1 0.682705 0.190003 0.024579 0.000109 0.102604
0 1 0.816739 0.121058 0.008759 0.000014 0.053430
0 0 0.844791 0.104358 0.008663 0.000019 0.042169
0 0 0.845563 0.102794 0.011527 0.000048 0.040068
4 0 0.050297 0.192316 0.032306 0.000000 0.725081
4 1 0.007002 0.135558 0.063545 0.000000 0.793895
4 1 0.002092 0.077669 0.101457 0.000004 0.818778
4 1 0.002696 0.077480 0.099205 0.000004 0.820616
4 1 0.001281 0.047081 0.105607 0.000202 0.845830
2 1 0.000470 0.057649 0.857253 0.001000 0.083628
2 2 0.000314 0.046399 0.886885 0.000735 0.065667
2 2 0.000102 0.022787 0.935376 0.001160 0.040575
2 2 0.000031 0.010422 0.960148 0.001581 0.027817
2 2 0.000026 0.008061 0.964792 0.001660 0.025461
2 2 0.000083 0.024289 0.929745 0.000271 0.045611
2 2 0.000055 0.019479 0.952481 0.000235 0.027750
2 2 0.000015 0.010067 0.960846 0.000085 0.028987
2 2 0.000203 0.049519 0.891429 0.000130 0.058719
2 2 0.000075 0.032642 0.916546 0.000024 0.050712
2 2 0.000010 0.005064 0.988072 0.001630 0.005224
2 2 0.000010 0.006767 0.982476 0.000277 0.010470
2 2 0.000026 0.016991 0.963274 0.000080 0.019629
2 2 0.000083 0.024489 0.951882 0.000388 0.023157
2 2 0.000064 0.016768 0.958511 0.000155 0.024501
2 2 0.000027 0.008591 0.979969 0.001807 0.009607
2 2 0.000015 0.006669 0.986654 0.001150 0.005513
2 2 0.000045 0.012014 0.976384 0.001322 0.010235
2 2 0.000062 0.021662 0.963530 0.000156 0.014590
2 2 0.000045 0.011028 0.973989 0.002631 0.012305
2 2 0.000104 0.013736 0.961578 0.009332 0.015250
2 2 0.000108 0.019624 0.961233 0.002194 0.016841
2 2 0.000173 0.021148 0.948740 0.007857 0.022081
2 2 0.000061 0.012589 0.971201 0.001322 0.014827
2 2 0.000041 0.008047 0.973550 0.006670 0.011692
2 2 0.000251 0.036823 0.933758 0.000877 0.028291
2 2 0.000075 0.015208 0.966945 0.001876 0.015896
2 2 0.000058 0.013099 0.970252 0.001423 0.015167
2 2 0.000053 0.012512 0.976969 0.001137 0.009328
2 2 0.000135 0.024316 0.944765 0.000854 0.029930
2 2 0.000127 0.014886 0.962975 0.006718 0.015293
2 2 0.000126 0.014192 0.959520 0.016975 0.009188
2 2 0.000101 0.012270 0.974283 0.005655 0.007691
2 2 0.000189 0.025517 0.949402 0.000873 0.024019
2 2 0.000182 0.023663 0.956784 0.002018 0.017352
2 2 0.000043 0.003307 0.919186 0.076061 0.001403
2 2 0.000053 0.003709 0.882697 0.112403 0.001139
2 2 0.000144 0.007581 0.879171 0.110904 0.002199
2 2 0.000781 0.025401 0.912850 0.057975 0.002993
2 2 0.000095 0.007207 0.950842 0.040040 0.001816
2 2 0.000132 0.012886 0.969454 0.013985 0.003544
2 2 0.000131 0.010373 0.954835 0.030040 0.004621
2 2 0.000053 0.008570 0.978732 0.009795 0.002850
2 2 0.000030 0.004230 0.970173 0.023590 0.001976
2 2 0.000076 0.006850 0.959742 0.030778 0.002554
2 2 0.001415 0.032385 0.910197 0.041945 0.014058
2 2 0.000545 0.019369 0.934573 0.036397 0.009116
2 2 0.001323 0.032251 0.922026 0.032652 0.011748
2 2 0.009008 0.107221 0.857151 0.007788 0.018833
2 2 0.004789 0.082423 0.856452 0.043073 0.013263
2 2 0.011331 0.233309 0.572975 0.002881 0.179504
2 2 0.015675 0.217120 0.579523 0.009365 0.178317
2 2 0.011278 0.187174 0.587257 0.012880 0.201411
2 2 0.005957 0.120225 0.712543 0.018648 0.142627
2 2 0.008882 0.132083 0.567835 0.015131 0.276068
2 2 0.002023 0.074636 0.890150 0.008030 0.025162
2 2 0.000131 0.011167 0.953035 0.028438 0.007230
2 2 0.000199 0.014675 0.963957 0.009294 0.011874
2 2 0.000938 0.041841 0.914991 0.012360 0.029871
2 2 0.004337 0.130950 0.821245 0.001924 0.041545
2 2 0.002369 0.081549 0.882685 0.007053 0.026343
2 2 0.003087 0.096456 0.851463 0.006334 0.042660
2 2 0.000164 0.013669 0.959860 0.015070 0.011236
2 2 0.001873 0.071680 0.882531 0.008337 0.035579
2 2 0.000054 0.008546 0.973170 0.011374 0.006856
2 2 0.000005 0.002678 0.989976 0.005246 0.002096
2 2 0.000012 0.004693 0.989402 0.002327 0.003565
2 2 0.000012 0.004003 0.988626 0.005584 0.001775
2 2 0.000008 0.004616 0.991155 0.000798 0.003423
2 2 0.000005 0.003266 0.994333 0.000737 0.001658
2 2 0.000024 0.005476 0.974881 0.014941 0.004678
2 2 0.000194 0.024452 0.954721 0.003861 0.016773
2 2 0.000042 0.009868 0.978044 0.002728 0.009319
2 2 0.000056 0.010458 0.972498 0.005053 0.011935
2 2 0.000083 0.015528 0.969263 0.000913 0.014213
2 2 0.000467 0.015036 0.955203 0.024152 0.005142
2 2 0.001857 0.028820 0.912102 0.048578 0.008643
2 2 0.000498 0.016129 0.909482 0.068315 0.005575
2 2 0.014541 0.185893 0.766072 0.013298 0.020196
2 1 0.038399 0.236740 0.685442 0.004522 0.034898
2 1 0.004768 0.203631 0.562136 0.000209 0.229256
2 1 0.004547 0.185688 0.577775 0.000484 0.231507
2 1 0.003344 0.120354 0.628308 0.001535 0.246458
2 1 0.000402 0.035709 0.888450 0.001377 0.074062
2 2 0.003219 0.148342 0.621293 0.000211 0.226936
2 2 0.030126 0.257569 0.364064 0.001245 0.346997
1 2 0.038887 0.333800 0.304406 0.000742 0.322166
4 2 0.016860 0.185832 0.305465 0.001080 0.490763
4 2 0.018659 0.205675 0.313812 0.001052 0.460802
4 2 0.028317 0.233194 0.237139 0.000070 0.501280
2 2 0.002398 0.147146 0.691298 0.000122 0.159036
2 2 0.002085 0.135561 0.718636 0.000379 0.143339
2 2 0.000504 0.062758 0.854620 0.000192 0.081926
2 2 0.000469 0.052339 0.873078 0.000836 0.073278
2 2 0.000282 0.031728 0.905686 0.002125 0.060179
2 2 0.000035 0.008724 0.982727 0.001748 0.006766
2 2 0.000027 0.005573 0.982233 0.007135 0.005031
2 2 0.000155 0.022519 0.959702 0.001212 0.016412
2 2 0.000233 0.025200 0.960782 0.001980 0.011805
2 2 0.000301 0.028482 0.955065 0.002378 0.013774
2 2 0.000010 0.003746 0.983489 0.007705 0.005050
2 2 0.000022 0.012262 0.978305 0.000178 0.009233
2 2 0.000349 0.068719 0.915500 0.000066 0.015367
2 2 0.000038 0.012522 0.980347 0.000564 0.006529
2 2 0.000004 0.002282 0.988587 0.006766 0.002360
2 2 0.000054 0.012781 0.969135 0.001463 0.016567
2 2 0.000086 0.015676 0.960198 0.001520 0.022519
2 2 0.000123 0.023755 0.942892 0.001341 0.031888
2 2 0.000075 0.015593 0.963587 0.001476 0.019269
2 2 0.000498 0.089958 0.882979 0.000047 0.026518
2 2 0.000009 0.003672 0.989859 0.004002 0.002458
2 2 0.000028 0.005028 0.979152 0.013154 0.002637
2 2 0.000233 0.034556 0.953319 0.000203 0.011689
2 2 0.000023 0.005515 0.981424 0.009408 0.003630
2 2 0.000028 0.008513 0.983718 0.001275 0.006466
2 2 0.000105 0.017775 0.957651 0.002150 0.022319
2 2 0.000075 0.011723 0.966305 0.004044 0.017853
2 2 0.000093 0.017524 0.960957 0.001063 0.020364
2 2 0.000063 0.014647 0.959805 0.000885 0.024600
2 2 0.000030 0.006899 0.976580 0.008989 0.007502
2 2 0.000100 0.012447 0.971330 0.005835 0.010287
2 2 0.000048 0.006580 0.972805 0.015971 0.004596
2 2 0.000166 0.014364 0.961733 0.012265 0.011472
2 2 0.000058 0.005885 0.951496 0.036170 0.006391
2 2 0.000053 0.007212 0.974592 0.011957 0.006186
2 2 0.000032 0.007003 0.980011 0.005584 0.007370
2 2 0.000035 0.007101 0.978683 0.009403 0.004778
2 2 0.000085 0.012161 0.972676 0.006573 0.008503
2 2 0.000061 0.008434 0.966835 0.019598 0.005072
2 2 0.000043 0.009864 0.978414 0.002259 0.009420
2 2 0.010324 0.029370 0.637771 0.317063 0.005473
2 2 0.048637 0.081937 0.736363 0.123806 0.009257
2 2 0.019432 0.054115 0.757707 0.162727 0.006019
0 2 0.658290 0.152408 0.157910 0.011099 0.020293
2 2 0.112041 0.157579 0.628353 0.089104 0.012923
0 2 0.336676 0.273390 0.202859 0.018675 0.168400
0 2 0.364451 0.274567 0.156475 0.011518 0.192989
0 2 0.541849 0.226312 0.098738 0.004928 0.128172
0 0 0.707760 0.160052 0.058087 0.002355 0.071747
0 0 0.700055 0.168033 0.052026 0.001487 0.078399
0 0 0.914785 0.052409 0.018361 0.001027 0.013418
0 0 0.900319 0.061798 0.019820 0.000875 0.017188
0 0 0.941101 0.039300 0.010165 0.000330 0.009103
0 0 0.935402 0.041803 0.012442 0.000532 0.009820
0 0 0.925540 0.046979 0.015202 0.000746 0.011534
4 0 0.091507 0.256053 0.029015 0.000000 0.623425
4 0 0.035635 0.191741 0.029357 0.000000 0.743267
4 0 0.023202 0.191081 0.030911 0.000000 0.754806
4 1 0.012384 0.145162 0.041610 0.000000 0.800844
4 1 0.005746 0.126018 0.053905 0.000000 0.814331
4 1 0.002915 0.111083 0.080609 0.000012 0.805380
4 1 0.002057 0.096182 0.116967 0.000008 0.784785
4 1 0.002395 0.106702 0.103718 0.000001 0.787184
4 1 0.004004 0.124004 0.075826 0.000000 0.796166
4 1 0.003012 0.119985 0.080557 0.000001 0.796445
4 1 0.003304 0.116381 0.090681 0.000000 0.789633
4 1 0.002786 0.114854 0.112636 0.000002 0.769722
4 1 0.002838 0.105742 0.123123 0.000003 0.768294
4 1 0.002805 0.113825 0.106173 0.000001 0.777195
4 1 0.003515 0.096783 0.113260 0.000005 0.786437
4 1 0.002292 0.098508 0.074740 0.000000 0.824460
4 1 0.002132 0.087078 0.076278 0.000000 0.834512
4 4 0.002672 0.084851 0.087879 0.000000 0.824597
4 4 0.003476 0.085894 0.046500 0.000004 0.864126
4 4 0.003999 0.116737 0.066055 0.000000 0.813209
4 4 0.003460 0.111675 0.069109 0.000000 0.815756
4 4 0.008085 0.150858 0.051977 0.000000 0.789079
4 4 0.001711 0.097996 0.056366 0.000000 0.843927
4 4 0.001818 0.101667 0.058519 0.000000 0.837995
4 4 0.002124 0.086606 0.065321 0.000002 0.845948
4 4 0.001547 0.068707 0.116365 0.000016 0.813365
4 4 0.003148 0.082913 0.087623 0.000019 0.826297
4 4 0.003452 0.103570 0.072563 0.000001 0.820415
4 4 0.005176 0.131779 0.060019 0.000000 0.803026
4 4 0.001324 0.066350 0.098521 0.000007 0.833798
4 4 0.006091 0.103010 0.069393 0.000002 0.821504
4 4 0.038053 0.156694 0.051960 0.000003 0.753290
4 4 0.040086 0.189644 0.034754 0.000000 0.735516
4 4 0.038318 0.210840 0.022463 0.000000 0.728379
4 4 0.034500 0.233338 0.037828 0.000001 0.694334
4 4 0.002119 0.092609 0.056264 0.000000 0.849008
4 4 0.002734 0.107156 0.058953 0.000000 0.831157
4 4 0.000844 0.069294 0.065375 0.000001 0.864485
4 4 0.001080 0.080038 0.067011 0.000000 0.851871
4 4 0.001369 0.086008 0.046807 0.000000 0.865817
4 4 0.008415 0.129071 0.067610 0.000001 0.794903
4 4 0.019188 0.181175 0.044330 0.000001 0.755307
4 4 0.019647 0.171160 0.044687 0.000001 0.764506
4 4 0.024281 0.204028 0.053821 0.000000 0.717868
4 4 0.005148 0.135058 0.077371 0.000001 0.782423
4 4 0.002501 0.085090 0.077661 0.000000 0.834747
4 4 0.001333 0.089845 0.067715 0.000001 0.841105
4 4 0.001183 0.070982 0.068136 0.000000 0.859698
4 4 0.001143 0.051206 0.059153 0.000008 0.888490
4 4 0.002661 0.076346 0.062047 0.000000 0.858946
4 4 0.002174 0.073756 0.055809 0.000000 0.868260
4 4 0.002512 0.082008 0.057140 0.000000 0.858340
4 4 0.002161 0.065520 0.059378 0.000003 0.872939
4 4 0.012396 0.148846 0.023791 0.000000 0.814967
4 4 0.004482 0.090261 0.076189 0.000000 0.829067
4 4 0.003758 0.119307 0.081458 0.000001 0.795476
4 4 0.003279 0.112452 0.096523 0.000001 0.787746
4 4 0.002252 0.076145 0.104382 0.000003 0.817217
4 4 0.002899 0.094916 0.092543 0.000003 0.809639
4 4 0.004610 0.132259 0.095151 0.000001 0.767979
4 4 0.009834 0.141167 0.119617 0.000004 0.729378
4 4 0.012864 0.173678 0.099552 0.000002 0.713904
4 4 0.010006 0.160806 0.092465 0.000019 0.736705
4 4 0.198851 0.318805 0.050363 0.000012 0.431969
4 4 0.051775 0.256093 0.097453 0.000034 0.594645
4 4 0.043218 0.190175 0.068634 0.000001 0.697972
4 4 0.041237 0.245909 0.051124 0.000002 0.661727
4 4 0.049513 0.237008 0.059222 0.000001 0.654257
4 4 0.284837 0.292787 0.022985 0.000000 0.399392
4 4 0.203901 0.288500 0.030636 0.000000 0.476962
0 1 0.612039 0.225684 0.009353 0.000004 0.152920
0 1 0.725458 0.168499 0.005135 0.000001 0.100908
0 1 0.595641 0.233642 0.013325 0.000010 0.157383
0 1 0.370568 0.281302 0.044820 0.000005 0.303305
4 1 0.172891 0.350656 0.028341 0.000026 0.448086
4 1 0.002198 0.079234 0.124092 0.000046 0.794430
4 1 0.003384 0.096778 0.173363 0.000746 0.725730
4 1 0.002350 0.107156 0.203510 0.000105 0.686879
4 1 0.002137 0.097527 0.204005 0.000072 0.696260
4 1 0.010152 0.166525 0.091050 0.000170 0.732104
4 1 0.002354 0.102222 0.158364 0.000021 0.737038
4 1 0.001799 0.077036 0.171374 0.000053 0.749739
4 2 0.001912 0.083045 0.176803 0.000052 0.738188
4 2 0.002333 0.075935 0.131378 0.000214 0.790140
4 2 0.003046 0.084109 0.115953 0.000074 0.796819
4 2 0.001094 0.092210 0.310966 0.000050 0.595679
4 2 0.001026 0.087885 0.366912 0.000121 0.544056
2 2 0.001611 0.105529 0.520431 0.000564 0.371865
4 2 0.001994 0.145969 0.176110 0.000003 0.675924
4 2 0.002281 0.090369 0.222471 0.000043 0.684835
4 2 0.001733 0.116905 0.326026 0.000016 0.555321
4 1 0.001369 0.135845 0.269837 0.000004 0.592946
4 1 0.000956 0.109980 0.278306 0.000003 0.610756
4 1 0.001244 0.132801 0.420575 0.000031 0.445349
2 1 0.000581 0.081256 0.469732 0.000020 0.448411
2 1 0.000140 0.036508 0.938745 0.000125 0.024482
2 1 0.000133 0.025490 0.952252 0.001296 0.020830
2 1 0.000077 0.019095 0.962434 0.001605 0.016788
2 1 0.000031 0.010044 0.977517 0.002689 0.009719
2 1 0.000004 0.002378 0.988361 0.006639 0.002618
2 2 0.000007 0.005470 0.988011 0.000553 0.005959
2 2 0.000002 0.002596 0.994187 0.000604 0.002611
2 2 0.000015 0.005821 0.985773 0.002363 0.006029
2 2 0.000009 0.004298 0.987406 0.004305 0.003982
2 2 0.000010 0.005539 0.986014 0.001530 0.006907
2 2 0.000001 0.000755 0.969307 0.029434 0.000503
2 2 0.000016 0.005467 0.986488 0.003190 0.004840
2 2 0.000010 0.004004 0.988674 0.004461 0.002852
2 3 0.000003 0.001767 0.991364 0.005639 0.001228
2 3 0.000001 0.000983 0.972453 0.025999 0.000564
2 3 0.000006 0.001624 0.964291 0.032701 0.001378
