0 0 0.966134 0.028168 0.003983 0.000227 0.001489
0 0 0.967333 0.026431 0.004453 0.000523 0.001260
0 0 0.947670 0.042391 0.006410 0.000226 0.003302
0 0 0.973457 0.022811 0.002600 0.000100 0.001033
0 0 0.937427 0.044050 0.011817 0.003492 0.003214
4 0 0.042656 0.157280 0.011915 0.000000 0.788149
4 0 0.025434 0.120521 0.010263 0.000000 0.843782
4 0 0.027317 0.133256 0.016051 0.000000 0.823376
4 1 0.025338 0.122858 0.034069 0.000016 0.817719
4 1 0.022024 0.136731 0.022015 0.000000 0.819230
4 1 0.023768 0.153883 0.073687 0.000017 0.748645
4 1 0.024324 0.179725 0.103168 0.000008 0.692776
4 1 0.023879 0.171511 0.074711 0.000003 0.729896
4 1 0.022232 0.152275 0.097611 0.000058 0.727824
4 1 0.029813 0.140954 0.089040 0.000742 0.739451
4 1 0.041974 0.200490 0.059603 0.000002 0.697931
4 1 0.037676 0.153454 0.090206 0.000732 0.717933
4 1 0.038172 0.178410 0.074916 0.000023 0.708479
4 1 0.035769 0.158267 0.086593 0.000260 0.719110
4 4 0.032032 0.150380 0.092704 0.000465 0.724420
4 4 0.081687 0.206802 0.124068 0.001632 0.585811
4 4 0.133318 0.240361 0.118022 0.001137 0.507162
4 4 0.089066 0.212047 0.131010 0.002201 0.565676
4 4 0.094251 0.244233 0.162478 0.000572 0.498466
4 4 0.188342 0.261942 0.113347 0.000896 0.435473
4 4 0.060332 0.185323 0.143536 0.004029 0.606782
4 4 0.076235 0.206118 0.098153 0.000365 0.619128
4 1 0.053703 0.178154 0.133194 0.002888 0.632060
4 1 0.052349 0.190864 0.116078 0.000398 0.640312
4 1 0.052407 0.175964 0.100379 0.000797 0.670453
0 1 0.391502 0.192206 0.261713 0.114219 0.040360
0 1 0.508298 0.184603 0.202918 0.071698 0.032484
2 1 0.233703 0.196539 0.372166 0.146272 0.051319
2 2 0.263094 0.177546 0.350592 0.175765 0.033004
2 2 0.121490 0.170263 0.435867 0.211178 0.061203
2 2 0.004493 0.016979 0.554408 0.423411 0.000710
2 2 0.013426 0.021890 0.513377 0.450875 0.000431
2 2 0.013156 0.021076 0.528748 0.436660 0.000360
2 2 0.005294 0.015657 0.547916 0.430747 0.000386
2 2 0.012151 0.019617 0.544287 0.423665 0.000279
3 2 0.003274 0.006181 0.294360 0.696126 0.000059
3 2 0.006324 0.007180 0.258827 0.727619 0.000050
3 2 0.007272 0.009830 0.457263 0.525584 0.000051
3 2 0.002652 0.005647 0.328167 0.663488 0.000046
3 2 0.000595 0.001568 0.092728 0.905087 0.000022
3 2 0.004065 0.006146 0.139927 0.849705 0.000158
3 2 0.009316 0.009349 0.151625 0.829490 0.000220
3 2 0.006737 0.009905 0.171577 0.811432 0.000349
3 2 0.044642 0.022122 0.190817 0.741953 0.000466
3 2 0.002674 0.005803 0.166606 0.824742 0.000176
3 2 0.002612 0.006058 0.243164 0.748057 0.000110
3 2 0.001684 0.002810 0.195547 0.799947 0.000013
3 2 0.004668 0.006258 0.279023 0.710012 0.000039
3 2 0.000782 0.002684 0.196048 0.800451 0.000035
3 2 0.000566 0.001347 0.063152 0.934909 0.000026
3 3 0.003712 0.002906 0.082766 0.910595 0.000022
3 3 0.000959 0.002077 0.102475 0.894460 0.000029
3 3 0.000781 0.002411 0.127342 0.869416 0.000050
3 3 0.001706 0.003499 0.119801 0.874914 0.000080
3 3 0.000432 0.001036 0.032883 0.965605 0.000045
3 3 0.000446 0.000747 0.047459 0.951343 0.000005
3 3 0.000416 0.000708 0.042984 0.955887 0.000006
3 3 0.000488 0.000883 0.064480 0.934144 0.000005
3 3 0.000333 0.000594 0.081250 0.917821 0.000001
3 3 0.000301 0.000647 0.034442 0.964600 0.000010
3 3 0.001807 0.002185 0.054854 0.941112 0.000042
3 3 0.000292 0.000551 0.028348 0.970802 0.000007
3 3 0.001077 0.001517 0.046617 0.950760 0.000028
3 3 0.001272 0.001431 0.034571 0.962697 0.000029
3 3 0.005066 0.004015 0.077863 0.912999 0.000057
3 3 0.000251 0.000467 0.022047 0.977227 0.000008
3 3 0.000246 0.000346 0.016402 0.983002 0.000004
3 3 0.000665 0.000510 0.022096 0.976727 0.000002
3 3 0.000184 0.000292 0.014679 0.984840 0.000004
3 3 0.000459 0.000429 0.015236 0.983872 0.000004
3 3 0.001249 0.000602 0.010124 0.988017 0.000009
3 3 0.001400 0.000574 0.011006 0.987015 0.000005
3 3 0.002514 0.001154 0.016957 0.979359 0.000017
3 3 0.001631 0.000885 0.015984 0.981488 0.000012
3 3 0.001784 0.000728 0.012084 0.985396 0.000008
3 3 0.001880 0.000910 0.013251 0.983943 0.000016
3 3 0.001406 0.000858 0.017054 0.980672 0.000011
3 3 0.002875 0.000996 0.015613 0.980508 0.000008
3 3 0.001932 0.000869 0.014277 0.982912 0.000010
3 3 0.001486 0.000874 0.014750 0.982875 0.000015
3 3 0.000843 0.000355 0.008113 0.990688 0.000002
3 3 0.001997 0.000752 0.008388 0.988847 0.000016
3 3 0.000427 0.000232 0.006412 0.992927 0.000002
3 3 0.000364 0.000241 0.007364 0.992029 0.000002
3 3 0.001164 0.000720 0.010733 0.987364 0.000019
3 3 0.000865 0.000381 0.008595 0.990156 0.000003
3 3 0.002794 0.000779 0.007125 0.989286 0.000015
3 3 0.001242 0.000461 0.006301 0.991988 0.000007
3 3 0.000793 0.000449 0.010429 0.988325 0.000005
3 3 0.003668 0.000781 0.007000 0.988541 0.000010
3 3 0.002222 0.000543 0.005784 0.991444 0.000007
3 3 0.000686 0.000269 0.006071 0.992973 0.000002
3 3 0.001354 0.000454 0.005820 0.992364 0.000007
3 3 0.001873 0.000458 0.004394 0.993268 0.000008
3 3 0.001171 0.000241 0.002813 0.995773 0.000002
3 3 0.002478 0.000480 0.004651 0.992385 0.000005
3 3 0.003418 0.000590 0.005118 0.990867 0.000006
3 3 0.001289 0.000381 0.005467 0.992859 0.000004
3 3 0.002054 0.000446 0.004236 0.993257 0.000006
3 3 0.001250 0.000291 0.003259 0.995196 0.000004
3 3 0.007295 0.001431 0.008208 0.983031 0.000036
3 3 0.007192 0.001531 0.009390 0.981850 0.000037
3 3 0.006865 0.001546 0.011264 0.980296 0.000028
3 3 0.007443 0.001136 0.006316 0.985083 0.000021
3 3 0.003146 0.000902 0.007904 0.988029 0.000020
3 3 0.001292 0.000313 0.004113 0.994280 0.000003
3 3 0.001324 0.000507 0.006987 0.991174 0.000008
3 3 0.003272 0.000636 0.006344 0.989742 0.000006
3 3 0.002291 0.000411 0.003983 0.993309 0.000004
3 3 0.001279 0.000447 0.005685 0.992581 0.000008
3 3 0.004874 0.000660 0.003596 0.990857 0.000013
3 3 0.002961 0.000738 0.005608 0.990675 0.000018
3 3 0.004442 0.000814 0.005242 0.989485 0.000017
3 3 0.004064 0.000530 0.003253 0.992145 0.000008
3 3 0.002859 0.000387 0.003077 0.993672 0.000004
3 3 0.003115 0.000766 0.006064 0.990038 0.000017
3 3 0.005463 0.000940 0.006106 0.987475 0.000016
3 3 0.003515 0.000604 0.004505 0.991367 0.000009
3 3 0.003675 0.000477 0.003327 0.992515 0.000006
3 3 0.004125 0.000520 0.003610 0.991739 0.000006
3 3 0.006813 0.001259 0.007115 0.984782 0.000031
3 3 0.009474 0.001300 0.005409 0.983780 0.000037
3 3 0.009347 0.000837 0.003135 0.986664 0.000017
3 3 0.008499 0.001458 0.007611 0.982396 0.000035
3 3 0.007953 0.001130 0.006047 0.984850 0.000021
3 3 0.003715 0.000459 0.003437 0.992386 0.000004
3 3 0.002232 0.000430 0.003476 0.993856 0.000007
3 3 0.003238 0.000620 0.006347 0.989789 0.000006
3 3 0.004311 0.000450 0.002731 0.992503 0.000005
3 3 0.002907 0.000533 0.004304 0.992248 0.000008
3 3 0.001713 0.000531 0.006099 0.991649 0.000009
3 3 0.003130 0.000444 0.003124 0.993296 0.000006
3 3 0.002262 0.000566 0.005627 0.991536 0.000009
3 3 0.002756 0.000586 0.005493 0.991158 0.000008
3 3 0.009813 0.001091 0.006759 0.982328 0.000010
3 3 0.006690 0.001115 0.006595 0.985578 0.000022
3 3 0.002787 0.000995 0.012577 0.983628 0.000014
3 3 0.009312 0.002537 0.018972 0.969128 0.000051
3 3 0.006311 0.001903 0.018268 0.973489 0.000029
3 3 0.012326 0.002473 0.017941 0.967227 0.000032
3 3 0.004744 0.004254 0.046614 0.944163 0.000224
3 3 0.021037 0.013472 0.090737 0.874013 0.000741
3 3 0.018468 0.012201 0.069533 0.898786 0.001012
3 3 0.010478 0.013085 0.112272 0.862925 0.001240
3 3 0.018996 0.015453 0.115126 0.849455 0.000969
3 3 0.003725 0.013925 0.206376 0.773573 0.002400
3 2 0.011621 0.021798 0.233436 0.731070 0.002075
3 2 0.016672 0.027050 0.198262 0.753994 0.004021
3 2 0.024389 0.028770 0.242736 0.702163 0.001943
3 2 0.008601 0.021253 0.230743 0.736266 0.003137
4 4 0.081603 0.199799 0.283491 0.070236 0.364871
2 4 0.091526 0.157927 0.411469 0.254912 0.084166
2 4 0.058147 0.178751 0.382778 0.122367 0.257958
2 4 0.115227 0.194740 0.338574 0.168621 0.182839
2 4 0.089703 0.202049 0.328716 0.103820 0.275712
2 4 0.031828 0.077186 0.450843 0.419088 0.021055
2 2 0.030304 0.091015 0.427346 0.403037 0.048297
2 2 0.037535 0.101217 0.433668 0.376874 0.050705
2 2 0.024986 0.075105 0.447724 0.424677 0.027509
2 2 0.068774 0.131285 0.644915 0.131010 0.024017
2 2 0.076111 0.115307 0.559080 0.231031 0.018470
3 2 0.014702 0.024533 0.322285 0.637047 0.001434
2 2 0.013621 0.045065 0.620318 0.315980 0.005016
2 2 0.075841 0.079514 0.636681 0.204516 0.003447
2 2 0.059336 0.088639 0.661215 0.184340 0.006471
3 2 0.106587 0.064094 0.270480 0.554091 0.004748
3 2 0.029950 0.039629 0.303277 0.623536 0.003608
2 2 0.071133 0.075142 0.487609 0.361108 0.005009
2 2 0.138206 0.131418 0.564692 0.154646 0.011038
3 2 0.084107 0.059994 0.389634 0.463577 0.002688
2 2 0.012926 0.020357 0.599313 0.367156 0.000248
2 2 0.009785 0.016342 0.663368 0.310380 0.000125
2 2 0.038625 0.045771 0.688692 0.225918 0.000995
3 2 0.004691 0.014716 0.482799 0.497321 0.000473
2 2 0.014693 0.025928 0.631611 0.327252 0.000516
2 2 0.074165 0.058966 0.450172 0.414571 0.002125
3 2 0.005772 0.008980 0.166496 0.818430 0.000321
3 2 0.010520 0.012300 0.209000 0.767867 0.000313
3 2 0.009149 0.014967 0.301854 0.673588 0.000442
3 2 0.006231 0.013429 0.181215 0.797959 0.001166
2 2 0.103647 0.142103 0.395924 0.307286 0.051040
0 2 0.486564 0.155681 0.226221 0.115915 0.015618
2 2 0.175657 0.155102 0.354315 0.274894 0.040032
2 2 0.224436 0.175129 0.325718 0.223707 0.051010
3 2 0.114953 0.092233 0.273018 0.502138 0.017658
3 2 0.020154 0.049629 0.335629 0.581068 0.013519
2 2 0.230058 0.128783 0.318626 0.306779 0.015754
2 2 0.136351 0.127161 0.454955 0.264911 0.016622
3 2 0.132555 0.086391 0.333795 0.440125 0.007134
3 2 0.110127 0.057882 0.337401 0.492454 0.002135
2 2 0.201372 0.111170 0.365622 0.313427 0.008408
2 2 0.127461 0.108473 0.441404 0.312148 0.010515
2 2 0.133157 0.134385 0.412581 0.293399 0.026478
0 2 0.454999 0.189779 0.284851 0.047684 0.022687
2 2 0.329817 0.204160 0.334795 0.090404 0.040823
0 2 0.676092 0.184800 0.071152 0.003605 0.064351
0 2 0.297331 0.263297 0.249478 0.029054 0.160840
0 2 0.296174 0.244844 0.238369 0.058623 0.161990
0 1 0.619992 0.204222 0.086938 0.005051 0.083798
0 1 0.724511 0.162733 0.061093 0.004075 0.047588
2 1 0.234167 0.253617 0.335626 0.046838 0.129752
2 1 0.231301 0.264003 0.376589 0.018299 0.109808
2 1 0.140576 0.212223 0.503706 0.068890 0.074604
2 2 0.020855 0.135671 0.653037 0.067863 0.122575
2 2 0.058460 0.180551 0.664152 0.026345 0.070492
2 2 0.250920 0.160035 0.349114 0.215147 0.024784
0 2 0.468820 0.181899 0.218586 0.097592 0.033103
0 1 0.755863 0.135744 0.068663 0.014221 0.025508
0 1 0.669465 0.153277 0.118809 0.035691 0.022759
0 1 0.738728 0.127332 0.083218 0.033014 0.017708
2 1 0.008182 0.045208 0.748394 0.191500 0.006715
2 2 0.062483 0.060753 0.662267 0.212845 0.001652
2 2 0.049504 0.046027 0.667316 0.236413 0.000740
2 2 0.034564 0.045326 0.758642 0.160552 0.000917
2 2 0.017857 0.045910 0.726682 0.207046 0.002505
2 2 0.220666 0.067780 0.369849 0.340520 0.001185
2 2 0.126207 0.059388 0.492090 0.321393 0.000922
3 2 0.159441 0.047685 0.325144 0.467145 0.000586
3 2 0.121303 0.062463 0.403399 0.411163 0.001672
3 2 0.039853 0.039200 0.335653 0.583377 0.001916
0 2 0.562940 0.114267 0.175269 0.141174 0.006349
0 2 0.612139 0.138180 0.152863 0.083466 0.013352
0 2 0.664345 0.173027 0.104327 0.018408 0.039894
0 2 0.611183 0.151730 0.160339 0.059620 0.017129
0 1 0.448795 0.205493 0.256148 0.052192 0.037372
0 1 0.836575 0.105823 0.035357 0.003862 0.018383
0 1 0.905376 0.067149 0.017825 0.002176 0.007473
0 0 0.617387 0.171535 0.148771 0.036743 0.025565
0 0 0.553011 0.187471 0.191517 0.038639 0.029362
2 1 0.324511 0.229245 0.332237 0.055927 0.058080
2 1 0.226953 0.233912 0.374514 0.075218 0.089403
0 1 0.496514 0.221270 0.192101 0.029228 0.060888
0 1 0.527360 0.223893 0.155531 0.018125 0.075092
0 1 0.537252 0.220085 0.154258 0.018370 0.070036
0 1 0.592101 0.207186 0.119417 0.012442 0.068855
0 1 0.644415 0.190769 0.084997 0.008244 0.071575
0 1 0.602009 0.202921 0.098152 0.011382 0.085536
0 1 0.678565 0.186791 0.063453 0.002391 0.068800
0 1 0.746070 0.157625 0.048370 0.001886 0.046048
0 1 0.518976 0.224234 0.125367 0.016455 0.114968
0 1 0.630733 0.178288 0.116161 0.028815 0.046003
0 1 0.650858 0.183554 0.103370 0.013489 0.048729
0 1 0.301121 0.245999 0.254732 0.056968 0.141180
0 1 0.432885 0.232449 0.216669 0.038553 0.079444
0 1 0.502563 0.215771 0.186744 0.034949 0.059973
0 1 0.898029 0.076716 0.014421 0.000375 0.010459
0 0 0.946415 0.040069 0.009122 0.001666 0.002728
0 0 0.679945 0.199533 0.061220 0.000331 0.058972
0 0 0.722405 0.159323 0.078345 0.007766 0.032161
0 0 0.931366 0.050155 0.012189 0.002029 0.004261
0 0 0.930750 0.057681 0.003933 0.000006 0.007630
0 0 0.840245 0.114943 0.018155 0.000160 0.026497
0 0 0.658704 0.199179 0.053412 0.000980 0.087725
0 0 0.867273 0.098376 0.015248 0.000161 0.018942
0 1 0.771564 0.153724 0.024069 0.000108 0.050535
4 1 0.110116 0.225933 0.109682 0.000991 0.553277
4 1 0.038913 0.156505 0.120958 0.002714 0.680910
4 1 0.064588 0.189605 0.098128 0.000657 0.647022
4 1 0.163632 0.251641 0.083976 0.000270 0.500481
0 1 0.482069 0.285976 0.042165 0.000005 0.189786
4 1 0.199901 0.254070 0.187738 0.012719 0.345572
0 1 0.298525 0.266832 0.219068 0.020705 0.194871
0 1 0.584588 0.235196 0.060693 0.000266 0.119258
0 1 0.588113 0.226986 0.069046 0.000819 0.115036
0 1 0.477987 0.252349 0.104041 0.002497 0.163126
0 0 0.793265 0.138816 0.031521 0.000514 0.035884
0 0 0.713003 0.165714 0.061530 0.006219 0.053534
0 0 0.797582 0.134583 0.033709 0.000903 0.033222
0 0 0.741022 0.178682 0.018841 0.000005 0.061450
0 0 0.622166 0.227643 0.047730 0.000083 0.102378
0 0 0.798538 0.141132 0.018080 0.000039 0.042211
0 0 0.747738 0.162204 0.038658 0.000531 0.050869
0 0 0.602035 0.236865 0.056305 0.000104 0.104690
0 0 0.771188 0.144231 0.044821 0.002263 0.037497
0 0 0.343990 0.269928 0.125229 0.003314 0.257539
4 1 0.034135 0.147192 0.088644 0.000766 0.729263
4 1 0.048020 0.167568 0.068231 0.000153 0.716028
4 1 0.045874 0.164507 0.068406 0.000164 0.721050
4 1 0.040189 0.155938 0.069488 0.000207 0.734178
4 1 0.277625 0.270186 0.036563 0.000008 0.415618
4 1 0.122400 0.233290 0.107768 0.000878 0.535665
0 1 0.448559 0.266281 0.055439 0.000112 0.229610
4 1 0.233951 0.267579 0.114250 0.001523 0.382696
4 4 0.159368 0.246869 0.132484 0.002991 0.458288
0 4 0.492799 0.259072 0.048853 0.000071 0.199205
0 4 0.541547 0.242635 0.047219 0.000155 0.168445
0 4 0.639068 0.213666 0.032576 0.000054 0.114636
0 0 0.772930 0.153150 0.019157 0.000052 0.054711
0 0 0.357040 0.270369 0.095195 0.001345 0.276050
0 0 0.699885 0.189134 0.021434 0.000019 0.089528
0 0 0.597460 0.228183 0.047156 0.000161 0.127040
0 0 0.517167 0.243189 0.088830 0.002061 0.148753
4 0 0.210397 0.254021 0.173828 0.013024 0.348730
0 0 0.585011 0.231935 0.054030 0.000245 0.128779
0 1 0.338694 0.267222 0.140669 0.005594 0.247821
0 1 0.861838 0.104345 0.010675 0.000020 0.023122
0 4 0.394308 0.264519 0.118307 0.003541 0.219324
0 4 0.665413 0.202358 0.041857 0.000197 0.090174
0 4 0.674550 0.200222 0.032909 0.000073 0.092246
0 4 0.563739 0.232351 0.076759 0.001318 0.125833
1 4 0.244289 0.260265 0.218409 0.023917 0.253120
1 4 0.257583 0.264334 0.232451 0.024898 0.220734
1 4 0.231613 0.275093 0.250657 0.015724 0.226913
1 4 0.264104 0.269390 0.233821 0.019597 0.213088
0 4 0.295739 0.275367 0.194914 0.010065 0.223916
0 4 0.673891 0.185723 0.067576 0.003876 0.068934
0 4 0.574942 0.206418 0.106384 0.018149 0.094106
0 4 0.719611 0.161556 0.063884 0.006693 0.048255
0 4 0.577289 0.206506 0.110633 0.016626 0.088946
0 1 0.698686 0.177493 0.060839 0.002653 0.060329
0 1 0.861406 0.088416 0.029167 0.007456 0.013556
0 1 0.693908 0.164182 0.082309 0.015085 0.044516
0 1 0.531038 0.189202 0.166237 0.065409 0.048114
0 1 0.718078 0.152255 0.077793 0.016539 0.035334
0 1 0.787467 0.129699 0.047584 0.006035 0.029214
0 1 0.720131 0.158521 0.067653 0.008642 0.045052
0 1 0.564339 0.194447 0.130035 0.041131 0.070048
0 1 0.803879 0.121643 0.043265 0.005708 0.025504
0 1 0.796928 0.127665 0.048858 0.004319 0.022229
0 1 0.667413 0.190701 0.091986 0.003811 0.046089
0 1 0.355949 0.223659 0.296804 0.068067 0.055520
0 1 0.787863 0.128696 0.056357 0.006496 0.020587
0 1 0.604403 0.186105 0.150782 0.025398 0.033312
0 1 0.747288 0.129189 0.085989 0.022918 0.014615
0 1 0.842924 0.103769 0.035471 0.002963 0.014871
0 1 0.611635 0.220696 0.082887 0.001023 0.083759
0 1 0.519848 0.224176 0.142644 0.019623 0.093710
0 1 0.702025 0.181055 0.052982 0.001029 0.062910
0 1 0.632612 0.224582 0.061228 0.000158 0.081420
0 1 0.359634 0.254694 0.236981 0.030273 0.118418
0 1 0.430242 0.177385 0.238470 0.123660 0.030242
0 1 0.741990 0.185008 0.034859 0.000011 0.038133
0 0 0.639870 0.252367 0.051463 0.000002 0.056298
0 0 0.704585 0.186759 0.074709 0.000350 0.033597
0 0 0.594721 0.200501 0.162658 0.010477 0.031643
0 0 0.912348 0.070234 0.009862 0.000042 0.007514
0 0 0.788098 0.139117 0.043729 0.000951 0.028105
0 0 0.917294 0.057549 0.018047 0.003073 0.004037
0 0 0.947029 0.035168 0.009871 0.005860 0.002071
0 0 0.957221 0.032839 0.006678 0.001344 0.001918
0 0 0.961464 0.031580 0.004835 0.000293 0.001829
0 0 0.953104 0.038620 0.005310 0.000159 0.002806
0 0 0.951051 0.035185 0.008462 0.003142 0.002161
0 0 0.949972 0.036752 0.008455 0.002448 0.002373
0 0 0.894269 0.080067 0.013741 0.000243 0.011681
4 0 0.074298 0.200681 0.113834 0.001072 0.610114
4 0 0.053717 0.177897 0.106167 0.001002 0.661218
4 0 0.046184 0.167822 0.128476 0.002916 0.654602
4 1 0.049995 0.172923 0.148172 0.005217 0.623693
4 4 0.057961 0.183506 0.135071 0.002825 0.620638
0 4 0.483994 0.234048 0.127422 0.015573 0.138963
0 4 0.412242 0.260568 0.120447 0.004414 0.202329
0 4 0.596501 0.213303 0.087925 0.004765 0.097507
0 4 0.483076 0.229782 0.133649 0.021228 0.132265
0 4 0.342476 0.256067 0.156546 0.016652 0.228258
0 4 0.865541 0.100887 0.002912 0.000000 0.030660
0 4 0.464561 0.255696 0.039364 0.000061 0.240317
0 4 0.637450 0.210908 0.034493 0.000120 0.117029
0 4 0.378799 0.271539 0.050944 0.000072 0.298647
0 4 0.545931 0.240980 0.045188 0.000142 0.167757
0 4 0.624382 0.205640 0.070329 0.003519 0.096130
0 4 0.685408 0.190201 0.049514 0.000652 0.074226
0 4 0.428214 0.260021 0.100302 0.002610 0.208852
0 4 0.673553 0.186112 0.066500 0.003776 0.070059
0 4 0.580111 0.227142 0.067834 0.001133 0.123779
0 4 0.361370 0.272677 0.089360 0.000822 0.275772
4 4 0.202693 0.260892 0.129747 0.002519 0.404149
0 4 0.356653 0.277680 0.070262 0.000179 0.295227
4 4 0.132191 0.238603 0.124774 0.001653 0.502779
4 4 0.116686 0.225564 0.147972 0.005669 0.504109
0 4 0.497075 0.250602 0.077140 0.001033 0.174151
0 4 0.532366 0.237582 0.089140 0.002605 0.138307
4 4 0.284196 0.267743 0.137263 0.004881 0.305917
0 4 0.349051 0.268354 0.132038 0.004256 0.246301
0 4 0.324488 0.271839 0.115205 0.002245 0.286223
0 4 0.487611 0.248053 0.101871 0.003185 0.159280
4 4 0.155531 0.250060 0.139682 0.002276 0.452450
0 4 0.443054 0.252217 0.118787 0.006317 0.179626
0 4 0.309824 0.270062 0.132730 0.003908 0.283477
4 4 0.244069 0.266442 0.152699 0.005088 0.331702
4 4 0.249527 0.261682 0.164318 0.009820 0.314653
0 4 0.501099 0.236812 0.106977 0.008295 0.146818
0 4 0.324137 0.269262 0.123706 0.003577 0.279318
0 4 0.316781 0.269546 0.135140 0.004311 0.274222
0 4 0.347874 0.266863 0.131507 0.004938 0.248818
4 4 0.252613 0.273349 0.103429 0.000769 0.369840
4 4 0.067677 0.200325 0.170694 0.003996 0.557309
4 4 0.251262 0.284212 0.098793 0.000282 0.365452
4 4 0.067431 0.196357 0.153849 0.003572 0.578792
4 4 0.136889 0.240840 0.143971 0.002955 0.475345
0 4 0.411687 0.264100 0.111327 0.002640 0.210247
4 4 0.177825 0.242696 0.191114 0.021403 0.366963
4 4 0.183768 0.254291 0.162363 0.006200 0.393379
4 4 0.213839 0.256845 0.173028 0.010663 0.345625
4 4 0.102208 0.217351 0.216520 0.021893 0.442028
0 4 0.420508 0.248421 0.148288 0.015426 0.167358
0 4 0.397141 0.252408 0.189751 0.023033 0.137667
4 1 0.118565 0.225256 0.199058 0.015754 0.441367
0 1 0.498926 0.230734 0.147776 0.018825 0.103740
4 1 0.245037 0.262815 0.208866 0.020071 0.263211
0 1 0.392097 0.256677 0.137541 0.009740 0.203945
4 1 0.194738 0.252627 0.167973 0.010248 0.374414
4 1 0.172212 0.254002 0.133058 0.002320 0.438407
4 1 0.200485 0.255249 0.165926 0.008832 0.369508
0 1 0.661209 0.193675 0.065435 0.002525 0.077156
0 1 0.783577 0.124043 0.052620 0.013366 0.026393
0 1 0.836587 0.103626 0.035816 0.005891 0.018081
0 1 0.766686 0.126850 0.058921 0.019948 0.027595
0 1 0.796880 0.119195 0.048737 0.011150 0.024038
0 0 0.910972 0.067606 0.012897 0.000457 0.008067
0 1 0.423673 0.234816 0.185968 0.039629 0.115915
0 1 0.733838 0.131505 0.071342 0.035238 0.028077
0 1 0.786524 0.126796 0.052559 0.009070 0.025051
0 1 0.726147 0.163958 0.069646 0.004092 0.036156
0 1 0.840725 0.110171 0.027159 0.000888 0.021057
0 1 0.491308 0.227890 0.166453 0.026405 0.087944
0 1 0.529891 0.223295 0.140264 0.017360 0.089191
0 1 0.283254 0.246656 0.223564 0.051843 0.194683
2 1 0.177124 0.237851 0.302496 0.073666 0.208863
0 1 0.264153 0.225968 0.230647 0.104750 0.174482
2 1 0.011477 0.050016 0.578283 0.349166 0.011058
2 1 0.053865 0.084013 0.596406 0.258204 0.007512
2 2 0.006173 0.041673 0.719704 0.223848 0.008602
2 2 0.036003 0.082209 0.687278 0.184568 0.009942
2 2 0.026408 0.061610 0.653330 0.253070 0.005582
2 2 0.005883 0.049034 0.812097 0.120766 0.012220
2 2 0.010189 0.064378 0.675418 0.226774 0.023242
2 2 0.006310 0.047889 0.833599 0.102251 0.009951
2 2 0.004290 0.040394 0.824221 0.122244 0.008850
2 2 0.037637 0.107440 0.763745 0.074136 0.017041
2 2 0.073864 0.065278 0.509573 0.348640 0.002645
2 2 0.029725 0.043137 0.462749 0.461935 0.002454
2 2 0.136082 0.096164 0.528400 0.234943 0.004411
2 2 0.249300 0.180416 0.499307 0.053668 0.017310
2 2 0.099273 0.085626 0.572921 0.238385 0.003794
2 2 0.020592 0.052382 0.750042 0.173592 0.003393
2 2 0.008006 0.033830 0.593784 0.360370 0.004010
2 2 0.023094 0.045839 0.662621 0.266031 0.002415
2 2 0.007448 0.042016 0.804064 0.141507 0.004964
2 2 0.002414 0.029417 0.880262 0.082652 0.005255
3 2 0.000377 0.006233 0.465341 0.527315 0.000735
2 2 0.001503 0.007709 0.622198 0.368478 0.000112
2 2 0.006882 0.022891 0.604383 0.364830 0.001015
2 2 0.000541 0.004674 0.553636 0.441063 0.000086
2 2 0.001303 0.008940 0.600384 0.389084 0.000290
3 2 0.030745 0.056709 0.396577 0.507955 0.008015
3 2 0.027129 0.046250 0.367339 0.554161 0.005122
2 2 0.035240 0.072541 0.460535 0.419022 0.012662
2 2 0.120638 0.096024 0.454583 0.322389 0.006366
3 2 0.053030 0.041026 0.239838 0.663474 0.002632
3 2 0.022430 0.036423 0.373220 0.565422 0.002505
3 2 0.034529 0.022428 0.179799 0.762435 0.000808
3 2 0.017856 0.042677 0.402479 0.531152 0.005835
3 2 0.012730 0.018354 0.231574 0.736347 0.000994
3 2 0.018965 0.041084 0.408792 0.526446 0.004713
3 2 0.006050 0.019485 0.252903 0.718626 0.002937
3 2 0.010370 0.020883 0.282397 0.684874 0.001476
3 2 0.012452 0.018641 0.215447 0.752326 0.001134
3 2 0.008401 0.018149 0.251034 0.720963 0.001452
3 2 0.004988 0.016066 0.242084 0.734939 0.001924
3 2 0.007264 0.015112 0.250156 0.726549 0.000919
3 2 0.005268 0.009745 0.140021 0.844301 0.000665
3 2 0.011100 0.022552 0.263584 0.700774 0.001990
3 2 0.004265 0.011439 0.223212 0.760265 0.000819
3 2 0.006976 0.016212 0.299452 0.676423 0.000937
3 2 0.007861 0.008051 0.085705 0.897939 0.000444
3 2 0.017806 0.025721 0.275692 0.679205 0.001576
3 2 0.049175 0.045272 0.399048 0.504721 0.001783
3 2 0.008659 0.021587 0.364257 0.604162 0.001336
3 2 0.017958 0.024067 0.323587 0.633467 0.000921
3 2 0.013387 0.018022 0.281744 0.686239 0.000608
3 2 0.010070 0.025313 0.348022 0.614410 0.002185
3 2 0.053408 0.041796 0.306211 0.596745 0.001840
3 2 0.012888 0.014781 0.165818 0.805815 0.000698
3 2 0.018382 0.023642 0.236994 0.719491 0.001491
3 2 0.005502 0.019734 0.424613 0.548753 0.001398
3 2 0.006959 0.016778 0.332122 0.643260 0.000881
3 2 0.006746 0.012480 0.235405 0.744866 0.000503
3 2 0.003287 0.013060 0.453785 0.529322 0.000546
3 2 0.003903 0.011119 0.257466 0.726904 0.000608
3 2 0.017214 0.015094 0.140373 0.826626 0.000693
3 2 0.014234 0.017930 0.156939 0.809386 0.001511
3 2 0.011612 0.014096 0.183679 0.790040 0.000574
2 2 0.082193 0.068253 0.497478 0.349354 0.002722
3 2 0.075810 0.065836 0.420267 0.434293 0.003794
2 2 0.182866 0.105223 0.397498 0.307949 0.006463
0 2 0.523399 0.132771 0.183336 0.148726 0.011767
0 2 0.701195 0.152474 0.125445 0.007700 0.013187
0 2 0.717138 0.153853 0.111230 0.003514 0.014265
3 2 0.227049 0.089749 0.241393 0.435165 0.006645
0 2 0.366457 0.153996 0.327571 0.138651 0.013326
0 2 0.437955 0.133299 0.232565 0.185499 0.010682
0 2 0.524661 0.140211 0.211827 0.112320 0.010980
0 1 0.801345 0.108234 0.070510 0.011339 0.008572
0 1 0.792892 0.142389 0.043901 0.000176 0.020642
2 1 0.149619 0.183566 0.556133 0.077904 0.032778
2 1 0.100722 0.161052 0.575841 0.126913 0.035471
2 2 0.245458 0.189120 0.486708 0.055296 0.023419
2 2 0.263070 0.205987 0.462173 0.040951 0.027819
2 2 0.315793 0.211740 0.358471 0.072115 0.041881
0 2 0.708421 0.144118 0.109720 0.021184 0.016557
0 2 0.764865 0.127870 0.079750 0.013260 0.014256
0 2 0.840769 0.104329 0.039378 0.002680 0.012844
0 2 0.823484 0.104984 0.053551 0.007929 0.010052
0 2 0.827656 0.114643 0.039612 0.001296 0.016794
0 2 0.875394 0.091178 0.020468 0.000388 0.012572
0 0 0.763704 0.169825 0.030592 0.000017 0.035862
0 0 0.866927 0.101007 0.017613 0.000063 0.014389
0 0 0.850602 0.100856 0.030424 0.001998 0.016119
0 1 0.404251 0.208226 0.216609 0.096253 0.074661
0 1 0.803081 0.121896 0.044488 0.005527 0.025008
0 1 0.508677 0.216617 0.139827 0.032647 0.102231
0 1 0.725226 0.161196 0.060692 0.005067 0.047819
0 1 0.711217 0.181675 0.050847 0.000488 0.055773
0 1 0.852647 0.104122 0.024150 0.000643 0.018438
0 1 0.602857 0.197511 0.141425 0.016526 0.041680
0 1 0.599403 0.219775 0.101797 0.002588 0.076437
0 1 0.758679 0.160656 0.043678 0.000292 0.036695
0 0 0.812677 0.134084 0.026042 0.000095 0.027102
0 0 0.782892 0.150318 0.036614 0.000145 0.030031
0 0 0.644225 0.196201 0.105982 0.005777 0.047815
0 1 0.710338 0.164525 0.081585 0.008120 0.035432
0 1 0.839267 0.114171 0.023981 0.000332 0.022248
0 0 0.843262 0.110419 0.024037 0.000516 0.021765
0 0 0.630493 0.184514 0.122314 0.021134 0.041546
0 1 0.671862 0.185122 0.071679 0.004585 0.066753
0 1 0.716924 0.167996 0.058514 0.003336 0.053230
0 1 0.744912 0.165131 0.035943 0.000330 0.053684
0 0 0.665355 0.215436 0.035369 0.000022 0.083818
0 0 0.841350 0.114584 0.019151 0.000149 0.024765
0 0 0.787476 0.156947 0.022532 0.000008 0.033036
0 0 0.729388 0.193129 0.034798 0.000008 0.042676
0 0 0.667863 0.216798 0.059528 0.000057 0.055754
0 1 0.850650 0.098544 0.034627 0.003381 0.012798
0 1 0.810113 0.114503 0.048063 0.008921 0.018400
0 0 0.875087 0.090463 0.019556 0.000606 0.014288
0 0 0.799512 0.146272 0.025321 0.000027 0.028868
0 0 0.610998 0.227251 0.082978 0.000486 0.078287
0 0 0.639986 0.187399 0.113035 0.014491 0.045088
0 1 0.625611 0.186120 0.098519 0.020946 0.068804
4 1 0.078479 0.207948 0.094341 0.000300 0.618931
4 1 0.077899 0.204735 0.099087 0.000479 0.617800
4 1 0.153883 0.272800 0.104822 0.000119 0.468376
4 1 0.186214 0.257808 0.132656 0.002411 0.420912
4 1 0.140939 0.274015 0.093079 0.000042 0.491925
4 1 0.135435 0.248837 0.138370 0.001269 0.476088
4 1 0.133914 0.242112 0.122376 0.001142 0.500456
0 1 0.419221 0.279690 0.064413 0.000087 0.236589
4 1 0.152695 0.247284 0.142792 0.002938 0.454290
4 1 0.120014 0.233828 0.136484 0.002061 0.507612
4 1 0.138400 0.238888 0.154095 0.004970 0.463647
4 4 0.165608 0.252215 0.137895 0.002538 0.441745
4 4 0.177252 0.255175 0.136499 0.002670 0.428404
0 4 0.435185 0.260884 0.100961 0.002148 0.200822
0 4 0.409971 0.269496 0.088419 0.000788 0.231326
0 4 0.376683 0.272523 0.098184 0.001073 0.251538
4 4 0.236713 0.261907 0.158842 0.007816 0.334723
4 4 0.234125 0.269419 0.128026 0.001935 0.366495
0 4 0.394977 0.270072 0.100890 0.001305 0.232756
0 4 0.301906 0.270804 0.131037 0.003452 0.292800
4 4 0.057222 0.181080 0.082029 0.000285 0.679382
4 4 0.179741 0.267818 0.075356 0.000071 0.477015
4 4 0.051712 0.174975 0.108923 0.001237 0.663153
4 4 0.150175 0.247042 0.113657 0.001057 0.488068
4 4 0.110824 0.228658 0.103790 0.000588 0.556141
4 4 0.070951 0.195255 0.080909 0.000250 0.652635
4 4 0.063562 0.189663 0.116257 0.001336 0.629183
4 4 0.048466 0.169444 0.088466 0.000528 0.693096
4 4 0.133322 0.236117 0.052453 0.000027 0.578081
4 4 0.095061 0.215763 0.082749 0.000247 0.606181
0 4 0.650233 0.209690 0.025556 0.000020 0.114500
0 4 0.585383 0.231881 0.031350 0.000027 0.151358
0 4 0.407424 0.265357 0.089926 0.001370 0.235923
4 4 0.225204 0.264821 0.095055 0.000782 0.414140
0 4 0.548730 0.241178 0.044537 0.000120 0.165437
4 4 0.137699 0.240721 0.112444 0.001099 0.508037
4 4 0.079084 0.203941 0.096839 0.000530 0.619606
4 4 0.269601 0.275133 0.075471 0.000197 0.379598
4 4 0.263712 0.271686 0.098829 0.000877 0.364897
4 4 0.221238 0.266517 0.110999 0.001181 0.400065
0 4 0.450431 0.264714 0.056490 0.000142 0.228223
0 4 0.430761 0.266716 0.054151 0.000119 0.248253
0 4 0.630641 0.215959 0.018002 0.000003 0.135394
0 4 0.482240 0.259524 0.043182 0.000046 0.215007
0 4 0.321230 0.275003 0.093433 0.000769 0.309563
4 4 0.196896 0.261349 0.134442 0.002370 0.404943
4 4 0.210377 0.256407 0.165515 0.009527 0.358173
0 4 0.482454 0.255732 0.078247 0.000801 0.182767
0 4 0.439932 0.282617 0.073659 0.000104 0.203689
0 4 0.469622 0.251508 0.100901 0.003241 0.174728
0 4 0.360113 0.264969 0.140430 0.006133 0.228354
0 4 0.400632 0.280956 0.113526 0.000770 0.204116
0 4 0.358173 0.273006 0.130434 0.002705 0.235682
0 4 0.305905 0.266737 0.149694 0.006896 0.270768
0 4 0.441906 0.266004 0.082453 0.000601 0.209036
0 4 0.418404 0.242823 0.148330 0.021920 0.168523
0 4 0.313030 0.263637 0.194699 0.020014 0.208620
0 1 0.554239 0.238477 0.112346 0.002267 0.092671
0 1 0.677417 0.183254 0.070199 0.004306 0.064823
0 1 0.319178 0.260726 0.257248 0.030103 0.132744
0 1 0.584573 0.220977 0.080478 0.002861 0.111111
0 1 0.480107 0.246994 0.113864 0.004806 0.154229
0 1 0.365570 0.228541 0.212105 0.073970 0.119813
0 1 0.662857 0.190167 0.070205 0.003890 0.072882
0 1 0.708778 0.181226 0.046318 0.000522 0.063156
0 1 0.637893 0.214172 0.059199 0.000405 0.088331
0 1 0.592306 0.245302 0.069526 0.000104 0.092761
0 1 0.506274 0.241071 0.108530 0.004505 0.139620
0 1 0.518254 0.248783 0.080941 0.000820 0.151202
0 1 0.473849 0.247176 0.110848 0.005397 0.162729
0 1 0.730141 0.147934 0.070350 0.014615 0.036960
2 1 0.124614 0.219693 0.383256 0.096142 0.176295
0 1 0.405069 0.200303 0.251760 0.096933 0.045934
0 1 0.623447 0.186657 0.115297 0.022670 0.051929
0 1 0.612464 0.194766 0.130225 0.016854 0.045691
2 1 0.211727 0.215836 0.361324 0.121579 0.089535
0 1 0.546719 0.181185 0.159950 0.069659 0.042488
2 1 0.202599 0.201933 0.402189 0.134386 0.058892
0 2 0.423387 0.226174 0.228098 0.051967 0.070374
0 2 0.436211 0.233506 0.210237 0.036480 0.083566
0 2 0.756289 0.133558 0.065668 0.017231 0.027254
0 2 0.839146 0.103971 0.037346 0.004305 0.015231
0 0 0.850096 0.099245 0.032126 0.003389 0.015144
0 1 0.693813 0.165500 0.089277 0.013662 0.037749
0 1 0.721969 0.172969 0.060797 0.000953 0.043313
0 1 0.640237 0.207168 0.061646 0.000958 0.089991
0 1 0.711215 0.174980 0.052520 0.001551 0.059734
0 1 0.740748 0.167086 0.036746 0.000340 0.055080
0 1 0.749930 0.162279 0.036162 0.000374 0.051255
0 1 0.857233 0.106440 0.013327 0.000048 0.022952
0 1 0.687602 0.177442 0.069919 0.005323 0.059712
0 1 0.460323 0.244608 0.132909 0.010235 0.151926
0 1 0.548341 0.225903 0.114233 0.009014 0.102509
0 1 0.696948 0.186140 0.048424 0.000560 0.067928
0 1 0.426758 0.240738 0.196626 0.033042 0.102835
2 1 0.103554 0.228838 0.376755 0.050753 0.240100
0 1 0.470236 0.246060 0.124045 0.007324 0.152335
0 1 0.324249 0.263144 0.243037 0.024299 0.145270
1 1 0.241923 0.268533 0.260280 0.023831 0.205433
0 1 0.340768 0.276667 0.180582 0.005566 0.196417
2 1 0.273863 0.232068 0.311365 0.083883 0.098822
2 1 0.083032 0.165952 0.490353 0.184758 0.075905
2 1 0.066035 0.189224 0.462715 0.107208 0.174819
2 2 0.170107 0.182117 0.445115 0.158222 0.044439
0 2 0.734238 0.162775 0.062707 0.001813 0.038466
0 2 0.640978 0.197140 0.085009 0.005182 0.071691
0 2 0.797000 0.134971 0.034581 0.000852 0.032596
0 1 0.720580 0.161279 0.066455 0.006693 0.044993
0 1 0.525761 0.234257 0.106173 0.005417 0.128393
2 1 0.197255 0.243625 0.271321 0.057489 0.230311
0 1 0.318932 0.187587 0.258963 0.176316 0.058202
0 1 0.731705 0.157346 0.069831 0.006092 0.035026
2 1 0.189625 0.219221 0.349900 0.120849 0.120405
0 1 0.679891 0.174530 0.086965 0.010701 0.047913
0 1 0.405099 0.223760 0.223843 0.064569 0.082729
0 1 0.709702 0.165980 0.064482 0.006998 0.052838
0 1 0.814492 0.118934 0.038430 0.003641 0.024502
0 1 0.824431 0.128034 0.017418 0.000036 0.030082
0 1 0.710558 0.173709 0.057017 0.002026 0.056690
0 1 0.575579 0.217477 0.095116 0.006684 0.105144
3 1 0.066161 0.090302 0.401228 0.425328 0.016982
2 1 0.082675 0.105151 0.401038 0.390094 0.021041
3 1 0.193826 0.126571 0.315388 0.344045 0.020170
2 1 0.160436 0.129482 0.389354 0.301957 0.018772
0 1 0.449844 0.137678 0.211550 0.186488 0.014439
2 1 0.016277 0.051564 0.467168 0.454615 0.010376
3 1 0.034166 0.067410 0.428044 0.458459 0.011920
2 1 0.044185 0.063833 0.448041 0.437110 0.006831
3 1 0.004410 0.021679 0.405966 0.564619 0.003325
2 2 0.015251 0.053984 0.643553 0.279538 0.007675
3 2 0.160003 0.084955 0.311637 0.437812 0.005593
3 2 0.090357 0.053441 0.331099 0.522961 0.002142
3 2 0.033816 0.038868 0.321847 0.603066 0.002403
2 2 0.042804 0.059923 0.499678 0.393209 0.004386
3 2 0.199647 0.090021 0.352553 0.353835 0.003944
2 2 0.001589 0.017175 0.629647 0.349149 0.002439
2 2 0.007621 0.028447 0.758439 0.204266 0.001227
3 2 0.007184 0.015248 0.462975 0.514277 0.000317
2 2 0.007738 0.020652 0.530854 0.440004 0.000752
2 2 0.000604 0.008997 0.729431 0.260316 0.000653
2 2 0.004411 0.009988 0.556789 0.428733 0.000080
3 2 0.000720 0.005857 0.495410 0.497832 0.000180
3 2 0.002735 0.007087 0.461244 0.528877 0.000057
2 2 0.001258 0.008145 0.505811 0.484495 0.000291
3 2 0.001382 0.005495 0.446034 0.547031 0.000058
3 2 0.001408 0.003442 0.138394 0.856681 0.000075
3 2 0.001058 0.002602 0.185368 0.810951 0.000021
3 2 0.005621 0.004547 0.092317 0.897455 0.000060
3 2 0.002413 0.003558 0.105211 0.888756 0.000062
3 2 0.000551 0.002217 0.169310 0.827887 0.000035
3 2 0.003325 0.008094 0.195377 0.792861 0.000342
3 2 0.002948 0.003659 0.107421 0.885925 0.000048
3 2 0.001393 0.003587 0.133626 0.861298 0.000096
3 2 0.006258 0.005068 0.117392 0.871231 0.000051
3 2 0.000390 0.001012 0.049172 0.949404 0.000021
3 2 0.003240 0.003415 0.063692 0.929570 0.000084
3 2 0.001837 0.002135 0.053734 0.942256 0.000038
3 3 0.009838 0.003859 0.031286 0.954912 0.000104
3 3 0.002357 0.001800 0.032024 0.963784 0.000034
3 3 0.002167 0.002127 0.035440 0.960199 0.000067
3 3 0.001494 0.000894 0.019495 0.978108 0.000009
3 3 0.000638 0.000812 0.025128 0.973407 0.000014
3 3 0.001258 0.000921 0.022744 0.975066 0.000010
3 3 0.000717 0.000766 0.025386 0.973121 0.000009
3 3 0.001223 0.000745 0.018486 0.979539 0.000006
3 3 0.000593 0.000796 0.019143 0.979442 0.000026
3 3 0.000547 0.000781 0.025661 0.972996 0.000015
3 3 0.000372 0.000824 0.029582 0.969198 0.000026
3 3 0.000604 0.000564 0.016999 0.981825 0.000007
3 3 0.000866 0.000639 0.015059 0.983427 0.000009
3 3 0.000541 0.000686 0.021244 0.977517 0.000013
3 3 0.000658 0.000772 0.020690 0.977864 0.000016
3 3 0.000707 0.000635 0.014411 0.984235 0.000013
3 3 0.000593 0.000583 0.018349 0.980467 0.000007
3 3 0.000653 0.000675 0.016277 0.982380 0.000015
3 3 0.000891 0.001002 0.020621 0.977454 0.000032
3 3 0.000958 0.000775 0.016438 0.981814 0.000015
3 3 0.002299 0.000929 0.013514 0.983247 0.000012
3 3 0.003293 0.001476 0.020175 0.975034 0.000022
3 3 0.003053 0.001357 0.018047 0.977520 0.000022
3 3 0.001316 0.000664 0.009949 0.988059 0.000013
3 3 0.001676 0.000632 0.008563 0.989120 0.000010
3 3 0.002271 0.000907 0.010967 0.985838 0.000017
3 3 0.002093 0.000515 0.007118 0.990270 0.000004
3 3 0.003469 0.001408 0.015027 0.980065 0.000031
3 3 0.003076 0.000547 0.004280 0.992088 0.000008
3 3 0.002450 0.000715 0.007837 0.988988 0.000011
3 3 0.001274 0.000700 0.010672 0.987339 0.000015
3 3 0.002603 0.000549 0.005498 0.991343 0.000006
3 3 0.006289 0.001217 0.010119 0.982361 0.000014
3 3 0.004363 0.000787 0.007094 0.987748 0.000008
3 3 0.002967 0.000653 0.006110 0.990262 0.000009
3 3 0.003118 0.000701 0.007179 0.988995 0.000008
3 3 0.003009 0.000477 0.004342 0.992168 0.000004
3 3 0.002538 0.000589 0.005910 0.990956 0.000008
3 3 0.004924 0.001060 0.008499 0.985501 0.000017
3 3 0.004479 0.000846 0.006969 0.987696 0.000011
3 3 0.006571 0.000935 0.006948 0.985537 0.000009
3 3 0.006136 0.001573 0.013489 0.978776 0.000025
3 3 0.004925 0.000878 0.005244 0.988933 0.000020
3 3 0.006815 0.000946 0.005129 0.987092 0.000017
3 3 0.004369 0.000811 0.004998 0.989803 0.000019
3 3 0.005762 0.001120 0.007091 0.986004 0.000024
3 3 0.004347 0.001230 0.010715 0.983684 0.000024
3 3 0.006970 0.001131 0.006735 0.985143 0.000020
3 3 0.006186 0.001087 0.008009 0.984704 0.000014
3 3 0.004010 0.000624 0.003931 0.991424 0.000011
3 3 0.008275 0.001080 0.006586 0.984046 0.000013
3 3 0.002434 0.000629 0.005745 0.991181 0.000012
3 3 0.003739 0.000613 0.004298 0.991340 0.000010
3 3 0.003711 0.000520 0.003782 0.991981 0.000006
3 3 0.002988 0.000469 0.004074 0.992464 0.000005
3 3 0.006643 0.000601 0.003267 0.989482 0.000006
3 3 0.002924 0.000528 0.004188 0.992352 0.000008
3 3 0.003511 0.000411 0.003466 0.992609 0.000003
3 3 0.003820 0.000584 0.003574 0.992011 0.000011
3 3 0.004259 0.000652 0.004901 0.990181 0.000008
3 3 0.004410 0.000660 0.003969 0.990950 0.000012
3 3 0.008565 0.001458 0.007207 0.982731 0.000039
3 3 0.005930 0.000839 0.005491 0.987729 0.000011
3 3 0.003082 0.000652 0.005939 0.990319 0.000009
3 3 0.012069 0.001324 0.007647 0.978947 0.000013
3 3 0.003950 0.000788 0.006472 0.988778 0.000011
3 3 0.002496 0.000347 0.003537 0.993618 0.000002
3 3 0.005596 0.000728 0.004542 0.989124 0.000010
3 3 0.004686 0.000679 0.004045 0.990578 0.000012
3 3 0.008212 0.001027 0.006173 0.984576 0.000012
3 3 0.005284 0.000576 0.003194 0.990939 0.000008
3 3 0.007746 0.001013 0.005624 0.985602 0.000015
3 3 0.005276 0.000588 0.003273 0.990855 0.000008
3 3 0.002299 0.000456 0.004204 0.993035 0.000006
3 3 0.004351 0.000587 0.003560 0.991493 0.000009
3 3 0.003474 0.000419 0.003226 0.992877 0.000004
3 3 0.008990 0.000816 0.004546 0.985641 0.000007
3 3 0.007883 0.000795 0.004041 0.987270 0.000010
3 3 0.004914 0.000599 0.003508 0.990970 0.000009
3 3 0.003404 0.000600 0.005855 0.990135 0.000005
3 3 0.004922 0.000764 0.005679 0.988627 0.000009
3 3 0.005810 0.001113 0.007495 0.985561 0.000020
3 3 0.006596 0.001113 0.008003 0.984274 0.000014
3 3 0.002333 0.001151 0.014759 0.981732 0.000025
3 3 0.006309 0.002092 0.016264 0.975279 0.000057
3 3 0.003533 0.001807 0.019706 0.974903 0.000051
3 3 0.004340 0.001647 0.029878 0.964126 0.000010
3 3 0.119398 0.020930 0.089080 0.770263 0.000328
4 3 0.071568 0.190554 0.265606 0.062912 0.409360
4 2 0.115748 0.200814 0.231222 0.090246 0.361970
0 2 0.332919 0.229649 0.192699 0.074863 0.169869
0 2 0.324024 0.228499 0.207272 0.084649 0.155556
0 2 0.550859 0.196389 0.117188 0.046213 0.089352
4 2 0.106415 0.211868 0.199067 0.028885 0.453766
4 4 0.066155 0.183549 0.204392 0.030527 0.515376
1 4 0.226506 0.245714 0.235847 0.051295 0.240638
0 4 0.307018 0.255513 0.179405 0.023325 0.234738
4 4 0.134692 0.219756 0.215401 0.047258 0.382893
4 4 0.255618 0.244431 0.199002 0.042135 0.258813
0 4 0.397433 0.241871 0.159356 0.028682 0.172657
4 4 0.201756 0.245032 0.197712 0.027770 0.327730
4 4 0.187274 0.250311 0.210378 0.019481 0.332556
0 4 0.403464 0.241559 0.158574 0.027539 0.168864
4 4 0.062632 0.185501 0.235388 0.035830 0.480649
2 4 0.109348 0.227397 0.346799 0.057078 0.259378
4 4 0.230978 0.256557 0.204289 0.020953 0.287223
0 4 0.344873 0.252495 0.178125 0.023698 0.200809
0 4 0.294859 0.247054 0.192101 0.038598 0.227387
0 4 0.592865 0.195472 0.109897 0.024646 0.077120
0 4 0.326406 0.242061 0.183767 0.043654 0.204112
0 4 0.737980 0.159587 0.054744 0.002709 0.044979
0 4 0.480386 0.215588 0.143496 0.045136 0.115394
0 4 0.460427 0.210862 0.165257 0.066798 0.096656
0 4 0.287243 0.250852 0.209348 0.039158 0.213399
