4 0 0.113939 0.284116 0.013595 0.000000 0.588350
4 0 0.144935 0.308217 0.016973 0.000000 0.529875
4 0 0.143755 0.307472 0.016887 0.000000 0.531886
4 0 0.142861 0.307252 0.017120 0.000000 0.532767
4 0 0.144701 0.308413 0.017250 0.000000 0.529636
4 0 0.152698 0.305077 0.027520 0.000000 0.514704
4 0 0.148437 0.311374 0.028046 0.000000 0.512142
4 0 0.097766 0.192953 0.007026 0.000000 0.702255
4 1 0.023026 0.154416 0.008827 0.000000 0.813731
4 1 0.019411 0.133619 0.005575 0.000000 0.841395
4 1 0.074511 0.157220 0.009071 0.000000 0.759197
4 1 0.059429 0.202585 0.013002 0.000000 0.724984
4 1 0.026528 0.163420 0.014654 0.000000 0.795397
4 1 0.053408 0.135909 0.008056 0.000000 0.802626
4 1 0.046320 0.157470 0.010017 0.000000 0.786193
4 1 0.379968 0.198420 0.011376 0.000002 0.410234
4 4 0.291787 0.240226 0.022454 0.000006 0.445528
0 4 0.426898 0.200078 0.013040 0.000003 0.359981
4 4 0.395381 0.147084 0.010713 0.000078 0.446745
4 0 0.352304 0.168268 0.016319 0.000048 0.463060
0 0 0.537815 0.242820 0.026075 0.000002 0.193287
0 0 0.656264 0.156874 0.024502 0.000760 0.161599
0 0 0.660446 0.165725 0.022536 0.000296 0.150997
0 0 0.695308 0.163493 0.018849 0.000036 0.122315
0 0 0.752017 0.139143 0.018181 0.000107 0.090551
0 0 0.679161 0.175981 0.030060 0.000191 0.114606
0 0 0.735318 0.148448 0.027106 0.000530 0.088599
0 0 0.663587 0.189899 0.041780 0.000298 0.104435
0 0 0.424872 0.263286 0.083120 0.001756 0.226965
0 0 0.330284 0.289604 0.109603 0.002106 0.268403
2 1 0.236858 0.214153 0.386838 0.074795 0.087356
2 1 0.200171 0.261406 0.373124 0.034521 0.130777
2 1 0.169641 0.185770 0.450891 0.131717 0.061980
2 1 0.150005 0.177094 0.580567 0.054965 0.037369
2 2 0.269230 0.170862 0.398989 0.122859 0.038060
2 2 0.196057 0.095714 0.514019 0.187663 0.006547
2 2 0.393031 0.132474 0.423768 0.042610 0.008117
2 2 0.136202 0.084477 0.607527 0.166087 0.005708
0 2 0.485143 0.115114 0.316519 0.075978 0.007246
2 2 0.268039 0.106361 0.467934 0.150192 0.007473
2 2 0.122440 0.096123 0.702674 0.072823 0.005941
2 2 0.113582 0.093185 0.627203 0.157554 0.008476
2 2 0.184543 0.105105 0.556334 0.145707 0.008312
2 2 0.195606 0.123176 0.592446 0.080053 0.008718
2 2 0.066623 0.065071 0.792770 0.072150 0.003386
2 2 0.055521 0.058036 0.791641 0.091805 0.002996
2 2 0.023976 0.038954 0.840877 0.094217 0.001976
2 2 0.012128 0.026906 0.788913 0.170039 0.002014
2 2 0.023268 0.036574 0.877762 0.060871 0.001525
2 2 0.010233 0.033762 0.864073 0.089415 0.002517
2 2 0.026878 0.039530 0.754794 0.176265 0.002534
2 2 0.049794 0.050792 0.655125 0.240787 0.003503
2 2 0.296586 0.105923 0.467250 0.123398 0.006842
2 2 0.003604 0.017528 0.847750 0.129746 0.001373
2 2 0.071092 0.054393 0.615180 0.256357 0.002977
2 2 0.022776 0.040412 0.867932 0.066618 0.002263
2 2 0.014358 0.028767 0.875389 0.079975 0.001512
2 2 0.013825 0.028322 0.883177 0.073407 0.001268
2 2 0.004062 0.014496 0.865595 0.115105 0.000742
2 2 0.014871 0.024798 0.832678 0.126616 0.001037
2 2 0.002185 0.007731 0.637370 0.352347 0.000367
2 2 0.002931 0.008659 0.615771 0.372221 0.000418
2 2 0.006433 0.016577 0.540933 0.434603 0.001454
2 2 0.001324 0.006569 0.551394 0.440282 0.000431
2 2 0.001186 0.005388 0.526212 0.466911 0.000304
2 2 0.002084 0.011353 0.692979 0.292554 0.001030
2 2 0.106576 0.071908 0.449508 0.364699 0.007309
2 2 0.006896 0.026007 0.793759 0.171158 0.002179
2 2 0.002690 0.013245 0.664968 0.317988 0.001109
2 2 0.016242 0.030494 0.757233 0.194131 0.001899
2 2 0.009309 0.021942 0.767393 0.200280 0.001076
2 2 0.008989 0.020106 0.861381 0.108796 0.000728
2 2 0.013464 0.023665 0.796279 0.165531 0.001061
2 2 0.024854 0.038765 0.847575 0.087197 0.001608
2 2 0.281873 0.110711 0.511728 0.089897 0.005792
2 0 0.173503 0.101873 0.569848 0.148320 0.006456
2 2 0.024906 0.061115 0.827865 0.080948 0.005167
2 2 0.062344 0.061826 0.860756 0.013124 0.001950
2 2 0.101618 0.098904 0.750998 0.043118 0.005362
2 2 0.063649 0.087856 0.823613 0.020405 0.004477
2 2 0.009539 0.026186 0.865270 0.097522 0.001483
2 2 0.037359 0.052606 0.859900 0.047721 0.002414
2 2 0.114057 0.072034 0.768605 0.042801 0.002503
2 0 0.141613 0.106904 0.648832 0.095714 0.006937
2 0 0.141000 0.112282 0.651895 0.087002 0.007821
0 0 0.405828 0.219999 0.317796 0.016328 0.040049
0 0 0.599828 0.184813 0.172251 0.009254 0.033854
0 0 0.564852 0.197701 0.180746 0.013490 0.043211
0 1 0.454101 0.241090 0.221582 0.013038 0.070188
0 1 0.812407 0.113381 0.049599 0.001967 0.022647
0 0 0.826955 0.106086 0.021955 0.000979 0.044025
0 1 0.342688 0.301458 0.151261 0.002671 0.201923
0 1 0.398854 0.273003 0.107673 0.004034 0.216436
0 1 0.577928 0.210331 0.080982 0.004563 0.126197
0 1 0.726341 0.155899 0.045634 0.002385 0.069741
0 0 0.894759 0.066783 0.005547 0.000028 0.032883
0 0 0.773322 0.124643 0.012661 0.000052 0.089322
0 0 0.852491 0.089338 0.007977 0.000027 0.050167
0 0 0.707911 0.154696 0.014609 0.000016 0.122768
0 0 0.548974 0.222830 0.030643 0.000035 0.197518
0 0 0.888644 0.074423 0.009481 0.000073 0.027379
0 0 0.926270 0.050810 0.006565 0.000183 0.016171
0 0 0.906259 0.063015 0.008491 0.000173 0.022062
0 0 0.868862 0.083870 0.009424 0.000055 0.037790
0 0 0.861109 0.089697 0.010339 0.000039 0.038818
0 0 0.758694 0.138773 0.015543 0.000029 0.086961
0 0 0.764100 0.135840 0.016108 0.000045 0.083906
0 0 0.690128 0.165595 0.026772 0.000289 0.117216
0 0 0.809897 0.115295 0.018636 0.000262 0.055910
0 0 0.586420 0.218376 0.045129 0.000227 0.149849
4 0 0.197491 0.180612 0.008455 0.000001 0.613442
4 0 0.047169 0.135049 0.006150 0.000000 0.811632
4 1 0.027488 0.135704 0.008207 0.000000 0.828601
4 1 0.040576 0.162069 0.006083 0.000000 0.791271
4 1 0.169229 0.197535 0.010009 0.000000 0.623227
4 1 0.009701 0.069575 0.001206 0.000000 0.919518
4 4 0.003634 0.052038 0.001191 0.000000 0.943137
4 4 0.004717 0.060949 0.001115 0.000000 0.933219
4 4 0.002821 0.050527 0.002220 0.000000 0.944432
4 4 0.001640 0.041319 0.001012 0.000000 0.956029
4 4 0.238360 0.190571 0.022196 0.000060 0.548813
4 4 0.237683 0.220907 0.036623 0.000116 0.504672
4 4 0.326402 0.201228 0.035856 0.000264 0.436249
4 4 0.208855 0.193613 0.022102 0.000057 0.575373
0 4 0.600315 0.137019 0.011267 0.000066 0.251333
0 0 0.875416 0.082581 0.011774 0.000099 0.030130
0 0 0.918772 0.055215 0.007827 0.000283 0.017902
0 0 0.933782 0.043857 0.008466 0.002235 0.011660
0 0 0.929653 0.046427 0.009231 0.002267 0.012422
0 0 0.896430 0.069130 0.008789 0.000103 0.025547
0 0 0.477596 0.266980 0.051124 0.000042 0.204259
0 0 0.403220 0.313590 0.077878 0.000026 0.205286
1 0 0.193154 0.353475 0.114719 0.000031 0.338621
1 0 0.277424 0.341738 0.067088 0.000004 0.313746
1 0 0.243311 0.362092 0.095994 0.000008 0.298594
4 0 0.150582 0.238238 0.013597 0.000000 0.597583
4 0 0.037119 0.152783 0.008209 0.000000 0.801889
4 1 0.010311 0.105774 0.005057 0.000000 0.878858
4 1 0.014669 0.124323 0.005987 0.000000 0.855022
4 1 0.009276 0.093105 0.007422 0.000000 0.890198
4 1 0.007699 0.094992 0.006022 0.000000 0.891287
4 1 0.033671 0.115816 0.005745 0.000000 0.844768
4 1 0.010486 0.094260 0.005381 0.000000 0.889872
4 1 0.011394 0.113985 0.007350 0.000000 0.867271
4 1 0.017629 0.102689 0.006637 0.000000 0.873044
4 1 0.009302 0.101555 0.005205 0.000000 0.883938
4 1 0.012706 0.120209 0.008045 0.000000 0.859039
4 1 0.002500 0.048273 0.003018 0.000000 0.946208
4 1 0.005386 0.081342 0.005818 0.000000 0.907455
4 1 0.009770 0.106021 0.006701 0.000000 0.877508
4 1 0.188946 0.345866 0.113430 0.000049 0.351709
1 1 0.180340 0.372824 0.120192 0.000010 0.326634
1 1 0.113726 0.376830 0.216371 0.000031 0.293042
1 1 0.131863 0.370128 0.233305 0.000083 0.264621
1 1 0.118100 0.358148 0.212216 0.000116 0.311420
4 1 0.088919 0.286285 0.053298 0.000002 0.571495
4 1 0.166529 0.297380 0.056140 0.000009 0.479942
4 2 0.089911 0.272741 0.074103 0.000059 0.563186
4 2 0.127733 0.315928 0.092293 0.000040 0.464007
4 2 0.246346 0.299710 0.063914 0.000057 0.389972
0 0 0.788964 0.132138 0.019388 0.000042 0.059468
0 0 0.867950 0.084321 0.011082 0.000135 0.036511
0 0 0.826722 0.111664 0.012411 0.000011 0.049192
0 0 0.686356 0.188246 0.048734 0.000195 0.076469
0 0 0.642925 0.202889 0.051865 0.000349 0.101973
0 0 0.885698 0.074690 0.017480 0.001234 0.020899
0 0 0.869390 0.082290 0.026188 0.002617 0.019516
0 0 0.833200 0.088962 0.042115 0.016538 0.019185
0 0 0.862140 0.090646 0.016961 0.000266 0.029987
0 0 0.641485 0.203781 0.075650 0.000979 0.078105
0 0 0.465038 0.256748 0.090717 0.001600 0.185897
0 0 0.612991 0.200611 0.051318 0.001582 0.133498
0 1 0.517302 0.214604 0.072459 0.007382 0.188253
0 1 0.494542 0.246029 0.109791 0.005123 0.144515
0 0 0.781229 0.129419 0.030162 0.000844 0.058346
0 0 0.398793 0.271165 0.221588 0.007822 0.100632
2 0 0.093361 0.209488 0.557458 0.042667 0.097026
2 1 0.052347 0.160445 0.664652 0.063894 0.058663
2 1 0.080151 0.107383 0.663083 0.133750 0.015633
2 1 0.176929 0.177350 0.540824 0.075700 0.029197
0 0 0.921925 0.051786 0.012918 0.002144 0.011227
0 0 0.925960 0.048431 0.009248 0.002295 0.014065
0 0 0.930552 0.046555 0.006752 0.000774 0.015367
0 0 0.706702 0.167838 0.049306 0.001547 0.074607
0 0 0.746556 0.142877 0.036502 0.002717 0.071349
2 1 0.138841 0.183015 0.594793 0.051303 0.032048
2 2 0.165468 0.164202 0.585225 0.063517 0.021587
0 0 0.825706 0.082198 0.058731 0.022479 0.010886
0 0 0.660978 0.156218 0.131973 0.020552 0.030281
0 0 0.381495 0.271469 0.262486 0.004215 0.080334
0 0 0.889697 0.071572 0.007392 0.000051 0.031287
0 0 0.874062 0.078581 0.007202 0.000034 0.040120
0 0 0.878323 0.075604 0.007588 0.000078 0.038406
0 0 0.913473 0.057218 0.006265 0.000127 0.022918
0 0 0.925205 0.049319 0.004874 0.000139 0.020463
2 0 0.245524 0.294538 0.318441 0.011649 0.129848
2 0 0.040551 0.184286 0.703812 0.013329 0.058022
2 1 0.036793 0.167359 0.698513 0.036607 0.060727
2 2 0.046960 0.144942 0.707500 0.060022 0.040576
2 2 0.054284 0.113532 0.792396 0.026724 0.013065
0 2 0.827819 0.107934 0.023391 0.000672 0.040185
0 0 0.855611 0.089153 0.013346 0.000412 0.041478
0 0 0.865761 0.084887 0.013883 0.000488 0.034981
0 0 0.715631 0.164224 0.030415 0.000152 0.089579
0 2 0.774540 0.136718 0.028470 0.000384 0.059888
0 2 0.588188 0.113254 0.167070 0.116699 0.014788
0 0 0.933183 0.038936 0.012905 0.008768 0.006208
0 0 0.917374 0.050276 0.013635 0.006945 0.011770
0 0 0.813261 0.112189 0.033709 0.003155 0.037685
0 0 0.906274 0.056343 0.014526 0.007430 0.015426
2 0 0.069752 0.284413 0.546779 0.000410 0.098646
2 0 0.058564 0.153711 0.722224 0.036073 0.029428
2 2 0.010410 0.052124 0.882363 0.048572 0.006530
2 2 0.010285 0.068361 0.885520 0.024706 0.011127
2 2 0.016021 0.054994 0.856000 0.067563 0.005422
2 2 0.002612 0.014194 0.961855 0.020813 0.000526
2 2 0.001953 0.011587 0.947528 0.038515 0.000418
2 2 0.003466 0.020784 0.940490 0.034067 0.001193
2 2 0.000736 0.006398 0.962849 0.029798 0.000218
2 2 0.002286 0.012473 0.941149 0.043593 0.000499
2 2 0.005412 0.021020 0.933709 0.038947 0.000912
2 2 0.005125 0.021814 0.938798 0.033092 0.001170
2 2 0.001242 0.009905 0.952781 0.035514 0.000557
2 2 0.003511 0.016586 0.914278 0.064786 0.000838
2 2 0.011296 0.032109 0.927043 0.027973 0.001579
2 2 0.001404 0.010836 0.932653 0.054452 0.000656
2 2 0.000570 0.008296 0.947892 0.042695 0.000547
2 2 0.003714 0.013175 0.930044 0.052525 0.000542
2 2 0.004011 0.018233 0.930828 0.045824 0.001104
2 2 0.001830 0.013745 0.939506 0.043987 0.000932
2 2 0.001185 0.010027 0.859798 0.128193 0.000797
2 2 0.000625 0.005100 0.781031 0.212983 0.000260
2 2 0.000547 0.006385 0.848315 0.144300 0.000454
2 2 0.000398 0.004376 0.789588 0.205387 0.000250
2 2 0.000288 0.004021 0.771773 0.223625 0.000293
2 2 0.000847 0.007651 0.778036 0.212791 0.000675
2 2 0.001699 0.009456 0.895872 0.092529 0.000444
2 2 0.025464 0.040249 0.727998 0.202867 0.003422
2 2 0.032634 0.050324 0.529635 0.381911 0.005495
2 2 0.010767 0.037850 0.644398 0.301785 0.005200
0 0 0.549617 0.113695 0.207613 0.118002 0.011074
2 0 0.044967 0.096436 0.705365 0.138610 0.014621
2 0 0.066309 0.101226 0.651096 0.167103 0.014266
2 0 0.296147 0.162615 0.419525 0.100567 0.021146
0 0 0.620019 0.113997 0.167531 0.086056 0.012396
0 0 0.324722 0.261444 0.314728 0.018781 0.080325
2 2 0.258862 0.175779 0.444619 0.092863 0.027878
0 2 0.460458 0.194946 0.271525 0.037701 0.035370
0 0 0.891069 0.063110 0.023485 0.009697 0.012639
0 0 0.844619 0.087410 0.032102 0.012125 0.023744
2 0 0.010502 0.098661 0.873705 0.000588 0.016544
2 2 0.007786 0.039569 0.885731 0.061419 0.005495
2 2 0.009219 0.048874 0.930051 0.007033 0.004822
2 2 0.006630 0.024003 0.931749 0.036429 0.001189
2 2 0.004501 0.022624 0.937432 0.034037 0.001406
2 2 0.003516 0.011086 0.913742 0.071353 0.000304
2 2 0.003586 0.011399 0.822547 0.162020 0.000448
2 2 0.001646 0.007170 0.881356 0.109641 0.000187
2 2 0.001995 0.007743 0.842430 0.147566 0.000266
2 2 0.003498 0.012231 0.890299 0.093500 0.000472
2 2 0.028884 0.038406 0.845617 0.085395 0.001698
2 2 0.032838 0.038095 0.804649 0.122896 0.001522
2 2 0.064316 0.063900 0.820362 0.048574 0.002848
2 2 0.213651 0.146320 0.581519 0.046334 0.012175
0 0 0.641860 0.116444 0.190540 0.041413 0.009742
0 0 0.898073 0.059372 0.021067 0.009497 0.011991
0 0 0.460024 0.225600 0.255667 0.011380 0.047329
2 2 0.213661 0.133945 0.528728 0.111022 0.012643
0 2 0.533624 0.136066 0.254963 0.062087 0.013259
0 2 0.925196 0.041280 0.015656 0.011724 0.006143
0 0 0.949904 0.035141 0.003001 0.000059 0.011895
0 0 0.948231 0.035962 0.003828 0.000221 0.011758
0 0 0.956840 0.030429 0.002479 0.000070 0.010182
0 0 0.942569 0.039740 0.003660 0.000076 0.013955
0 0 0.952443 0.033790 0.003442 0.000128 0.010197
0 0 0.664425 0.178155 0.082257 0.008427 0.066736
0 0 0.693647 0.171555 0.071982 0.003597 0.059218
0 1 0.307323 0.273328 0.254915 0.004463 0.159972
2 2 0.222147 0.281677 0.412442 0.004618 0.079117
2 2 0.065332 0.146105 0.706825 0.033231 0.048507
2 2 0.130035 0.114134 0.549283 0.190704 0.015844
0 0 0.716157 0.135827 0.105062 0.018217 0.024737
2 0 0.134223 0.217353 0.580424 0.020409 0.047591
2 2 0.060497 0.153312 0.722888 0.023248 0.040055
2 2 0.036876 0.063087 0.812705 0.081612 0.005721
4 2 0.056437 0.243868 0.330517 0.005847 0.363331
4 2 0.242700 0.258509 0.113990 0.002210 0.382592
4 2 0.258573 0.276292 0.096838 0.000431 0.367866
4 4 0.161745 0.295016 0.100879 0.000256 0.442104
4 4 0.262924 0.270303 0.099528 0.000768 0.366478
4 4 0.025154 0.127269 0.024616 0.000007 0.822953
4 4 0.012657 0.098816 0.019910 0.000003 0.868614
4 4 0.018646 0.134238 0.022315 0.000002 0.824800
4 4 0.012324 0.099687 0.020410 0.000002 0.867577
4 4 0.026712 0.143874 0.023865 0.000001 0.805549
4 4 0.290177 0.242511 0.030943 0.000029 0.436340
4 4 0.266001 0.219363 0.025955 0.000019 0.488662
4 4 0.198631 0.168259 0.027433 0.000535 0.605141
4 4 0.177761 0.199045 0.029544 0.000100 0.593549
0 4 0.381279 0.242407 0.028721 0.000026 0.347568
4 4 0.089407 0.146383 0.039436 0.000656 0.724119
4 4 0.091461 0.173422 0.041232 0.000333 0.693552
4 4 0.102822 0.168928 0.045485 0.000743 0.682022
4 4 0.125993 0.171809 0.053462 0.000915 0.647821
4 4 0.088346 0.142479 0.046783 0.001372 0.721019
4 4 0.010722 0.115879 0.047784 0.000019 0.825596
4 4 0.014222 0.134682 0.034922 0.000006 0.816168
4 4 0.013279 0.120133 0.032447 0.000006 0.834136
4 4 0.010949 0.117215 0.046213 0.000017 0.825606
4 4 0.011135 0.112020 0.039514 0.000012 0.837319
4 4 0.069109 0.176464 0.046806 0.000227 0.707395
4 4 0.103553 0.184035 0.043521 0.000227 0.668664
4 4 0.066271 0.236170 0.058046 0.000014 0.639498
4 4 0.066125 0.237448 0.063826 0.000027 0.632573
4 4 0.050983 0.193081 0.075200 0.000377 0.680360
4 4 0.114638 0.331810 0.176431 0.000330 0.376791
4 4 0.065341 0.335070 0.238037 0.000111 0.361441
2 2 0.030131 0.265616 0.496090 0.000922 0.207240
2 2 0.028339 0.226068 0.393528 0.002177 0.349889
2 2 0.017011 0.200334 0.470100 0.003503 0.309051
2 2 0.015855 0.197366 0.680601 0.000435 0.105744
2 2 0.022403 0.252053 0.540639 0.000490 0.184414
2 2 0.021737 0.241052 0.586249 0.000291 0.150672
2 2 0.074345 0.338508 0.440831 0.000060 0.146256
2 2 0.027981 0.256399 0.479294 0.001172 0.235153
0 2 0.359862 0.305187 0.075605 0.000079 0.259268
0 2 0.332902 0.320898 0.152225 0.000401 0.193574
2 2 0.154106 0.325268 0.330705 0.002696 0.187225
4 0 0.227412 0.302844 0.156638 0.002125 0.310982
0 0 0.426941 0.289459 0.063216 0.000045 0.220339
1 0 0.134659 0.354585 0.325512 0.000253 0.184991
2 0 0.173995 0.298742 0.412916 0.004145 0.110202
0 0 0.609438 0.212903 0.057885 0.000659 0.119115
0 0 0.516543 0.260820 0.096706 0.000515 0.125415
2 1 0.084700 0.321626 0.382901 0.000980 0.209792
0 0 0.378523 0.289924 0.116613 0.001763 0.213177
2 0 0.033930 0.242476 0.472499 0.003609 0.247486
2 1 0.012836 0.155030 0.661678 0.004858 0.165597
2 1 0.010313 0.129879 0.728707 0.014021 0.117081
2 1 0.013253 0.139835 0.745441 0.008913 0.092557
2 1 0.002609 0.044131 0.941917 0.005060 0.006284
2 1 0.003016 0.053343 0.934618 0.001071 0.007952
2 2 0.001058 0.015518 0.970766 0.011360 0.001297
2 2 0.001743 0.013142 0.976730 0.007787 0.000598
2 2 0.000788 0.019325 0.974677 0.002932 0.002279
2 2 0.000814 0.007305 0.965063 0.026563 0.000256
2 2 0.000528 0.004495 0.969892 0.024965 0.000119
2 2 0.000722 0.008422 0.964138 0.026289 0.000428
2 2 0.002291 0.012281 0.962227 0.022763 0.000438
2 2 0.000395 0.006477 0.962340 0.030449 0.000339
2 2 0.000881 0.006451 0.886543 0.105841 0.000285
2 2 0.003627 0.010265 0.902058 0.083756 0.000294
2 2 0.000462 0.003667 0.918319 0.077449 0.000102
2 2 0.000433 0.003739 0.929002 0.066717 0.000110
2 2 0.001092 0.006545 0.836866 0.155214 0.000284
2 2 0.000286 0.003472 0.750600 0.245436 0.000206
2 2 0.000072 0.001593 0.622262 0.375941 0.000132
2 2 0.000210 0.002409 0.647351 0.349884 0.000147
2 2 0.000231 0.003296 0.506969 0.489142 0.000362
2 2 0.000425 0.003497 0.658162 0.337720 0.000197
3 2 0.000159 0.002071 0.486726 0.510895 0.000148
3 2 0.000261 0.002764 0.338211 0.658411 0.000353
3 2 0.000298 0.002287 0.221965 0.775162 0.000288
3 2 0.000060 0.001019 0.314401 0.684431 0.000090
3 2 0.000060 0.000819 0.171912 0.827106 0.000103
3 2 0.000058 0.000739 0.135037 0.864047 0.000118
3 2 0.000076 0.000822 0.096031 0.902908 0.000163
3 3 0.000050 0.000512 0.070324 0.929015 0.000099
3 3 0.000099 0.000750 0.052535 0.946417 0.000199
3 3 0.000042 0.000391 0.041858 0.957614 0.000095
3 3 0.000029 0.000248 0.033516 0.966160 0.000047
3 3 0.000022 0.000247 0.036155 0.963515 0.000061
3 3 0.000007 0.000124 0.038556 0.961291 0.000022
3 3 0.000044 0.000362 0.034784 0.964715 0.000094
3 3 0.000036 0.000236 0.021894 0.977774 0.000061
3 3 0.000011 0.000111 0.020406 0.979448 0.000024
3 3 0.000047 0.000293 0.022667 0.976900 0.000093
3 3 0.000018 0.000095 0.009485 0.990373 0.000029
3 3 0.000030 0.000166 0.013869 0.985881 0.000054
3 3 0.000021 0.000139 0.015372 0.984432 0.000037
3 3 0.000031 0.000191 0.017162 0.982560 0.000056
3 3 0.000030 0.000196 0.018116 0.981597 0.000061
3 3 0.000025 0.000149 0.014267 0.985516 0.000044
3 3 0.000009 0.000083 0.015604 0.984285 0.000019
3 3 0.000068 0.000258 0.013616 0.985978 0.000081
3 3 0.000104 0.000328 0.012719 0.986724 0.000125
3 3 0.000004 0.000051 0.016300 0.983635 0.000010
3 3 0.000013 0.000096 0.013161 0.986705 0.000025
3 3 0.000007 0.000066 0.012946 0.986963 0.000018
3 3 0.000011 0.000082 0.011551 0.988332 0.000024
3 3 0.000151 0.000358 0.010560 0.988796 0.000136
3 3 0.000002 0.000031 0.015948 0.984015 0.000006
3 3 0.000100 0.000299 0.011581 0.987908 0.000112
3 3 0.000171 0.000361 0.010377 0.988984 0.000108
3 3 0.000134 0.000506 0.020537 0.978649 0.000174
3 3 0.000650 0.004608 0.379771 0.614328 0.000644
3 3 0.000482 0.003937 0.408273 0.586905 0.000403
3 2 0.002190 0.008500 0.484155 0.504412 0.000743
3 2 0.001510 0.006581 0.487402 0.503945 0.000562
2 2 0.000919 0.007069 0.641715 0.349727 0.000570
2 2 0.001903 0.012056 0.870433 0.114780 0.000829
2 2 0.017971 0.036392 0.626658 0.315755 0.003224
2 0 0.078426 0.070472 0.479524 0.364710 0.006869
2 0 0.126154 0.084116 0.533346 0.249671 0.006713
2 2 0.009109 0.027790 0.726880 0.232994 0.003227
2 2 0.003403 0.015191 0.777809 0.202468 0.001129
2 2 0.003212 0.014450 0.832008 0.149425 0.000905
2 2 0.003721 0.015468 0.823359 0.156540 0.000913
2 2 0.008977 0.026839 0.877557 0.085228 0.001399
2 2 0.011939 0.032437 0.899262 0.054672 0.001691
2 2 0.033018 0.056066 0.868510 0.038958 0.003448
2 2 0.200926 0.122157 0.564761 0.102316 0.009840
2 2 0.013925 0.037761 0.731604 0.213217 0.003492
2 2 0.005525 0.021200 0.761179 0.210114 0.001981
2 2 0.003349 0.015469 0.871671 0.108683 0.000828
2 2 0.002947 0.012559 0.742027 0.241676 0.000790
2 2 0.003337 0.014104 0.830223 0.151551 0.000785
2 2 0.001696 0.011741 0.798705 0.186972 0.000887
2 2 0.008279 0.040330 0.931771 0.016987 0.002634
2 2 0.008013 0.042305 0.925583 0.020526 0.003573
4 2 0.025688 0.162938 0.180257 0.003479 0.627638
4 2 0.045577 0.172411 0.138372 0.004797 0.638842
4 2 0.033456 0.164485 0.149032 0.003631 0.649397
4 2 0.026859 0.202074 0.233609 0.002368 0.535090
4 4 0.038449 0.147453 0.133070 0.006135 0.674893
4 4 0.013841 0.128152 0.105249 0.000388 0.752370
4 4 0.016739 0.142382 0.097332 0.000273 0.743274
4 4 0.032339 0.136210 0.072357 0.000640 0.758454
4 4 0.037557 0.153372 0.086361 0.000962 0.721748
4 4 0.017562 0.147143 0.079323 0.000123 0.755850
4 4 0.017946 0.107394 0.031086 0.000022 0.843552
4 4 0.010113 0.088084 0.037526 0.000029 0.864249
4 4 0.064024 0.117123 0.012154 0.000012 0.806686
4 4 0.012121 0.086632 0.018037 0.000003 0.883207
4 4 0.021619 0.114717 0.025762 0.000013 0.837889
0 4 0.823737 0.107532 0.009440 0.000009 0.059282
0 0 0.830459 0.095864 0.009853 0.000142 0.063682
0 0 0.821678 0.098759 0.006815 0.000012 0.072736
0 0 0.831893 0.088475 0.006761 0.000031 0.072840
0 0 0.863542 0.083652 0.007003 0.000020 0.045783
0 0 0.533759 0.247724 0.096658 0.001133 0.120727
0 0 0.616340 0.208859 0.067861 0.001479 0.105461
0 0 0.669702 0.186924 0.066103 0.001614 0.075657
0 0 0.804427 0.116226 0.039988 0.003822 0.035538
0 0 0.471848 0.255394 0.143879 0.004492 0.124386
0 2 0.496939 0.227956 0.068865 0.000663 0.205578
0 2 0.481559 0.201164 0.067760 0.004329 0.245188
0 2 0.736673 0.143049 0.022583 0.000461 0.097235
0 2 0.649004 0.162098 0.022821 0.000486 0.165591
0 0 0.583213 0.197160 0.036404 0.000514 0.182708
0 0 0.527946 0.215123 0.086468 0.004109 0.166354
0 0 0.375036 0.259943 0.221834 0.007651 0.135537
0 0 0.610228 0.197106 0.072494 0.002698 0.117473
0 0 0.857570 0.084702 0.018132 0.003937 0.035659
0 0 0.559791 0.232591 0.073503 0.001068 0.133047
0 0 0.533151 0.229206 0.039530 0.000124 0.197990
0 0 0.692932 0.155048 0.021943 0.000108 0.129969
0 0 0.781958 0.113843 0.010540 0.000081 0.093577
0 0 0.471997 0.230382 0.037620 0.000223 0.259778
4 2 0.272419 0.243697 0.050337 0.000574 0.432973
2 2 0.009362 0.085656 0.873881 0.014229 0.016873
2 2 0.014131 0.121632 0.821292 0.009795 0.033151
2 2 0.022776 0.041098 0.876381 0.057846 0.001899
2 2 0.038092 0.059686 0.814789 0.083970 0.003463
2 2 0.007899 0.036747 0.941135 0.012286 0.001933
2 2 0.003409 0.019774 0.958619 0.017336 0.000863
2 2 0.013156 0.036805 0.943475 0.005519 0.001045
2 2 0.005188 0.028062 0.960869 0.004854 0.001027
2 2 0.008100 0.024836 0.950161 0.016180 0.000723
2 2 0.053383 0.061526 0.876196 0.007219 0.001677
2 2 0.021188 0.040550 0.909660 0.027091 0.001511
2 2 0.001846 0.013543 0.961421 0.022646 0.000544
2 2 0.002298 0.018762 0.969033 0.009107 0.000799
2 2 0.011466 0.039147 0.933713 0.014043 0.001630
2 2 0.010652 0.025465 0.941232 0.021902 0.000749
2 2 0.002086 0.013317 0.968993 0.015135 0.000469
2 2 0.001130 0.010631 0.971244 0.016539 0.000456
2 2 0.002647 0.021128 0.968826 0.006387 0.001012
2 2 0.006820 0.029879 0.948923 0.012778 0.001600
2 2 0.001228 0.019068 0.975465 0.002958 0.001281
2 2 0.002102 0.013130 0.954771 0.029435 0.000563
2 2 0.003393 0.018540 0.885949 0.090921 0.001197
2 2 0.008760 0.023067 0.911735 0.055461 0.000978
2 2 0.003253 0.016865 0.945982 0.033117 0.000782
2 2 0.008688 0.028337 0.945260 0.016597 0.001118
2 2 0.001973 0.011733 0.924366 0.061420 0.000508
2 2 0.002865 0.013670 0.882986 0.099797 0.000681
2 2 0.001675 0.012914 0.932182 0.052553 0.000675
2 2 0.002851 0.013769 0.850957 0.131623 0.000798
2 2 0.005310 0.019346 0.884755 0.089628 0.000961
2 2 0.002456 0.020793 0.857518 0.116681 0.002552
2 2 0.003898 0.018002 0.893338 0.083686 0.001076
2 2 0.002725 0.013716 0.919765 0.063047 0.000746
2 2 0.000735 0.007021 0.910205 0.081664 0.000375
2 2 0.001691 0.012490 0.929750 0.055239 0.000830
2 2 0.000650 0.006958 0.807707 0.184161 0.000524
2 2 0.001636 0.009370 0.778448 0.209988 0.000559
2 2 0.003579 0.011582 0.824250 0.160109 0.000479
2 2 0.001268 0.008212 0.761280 0.228747 0.000493
2 2 0.000470 0.005185 0.772460 0.221566 0.000320
2 2 0.003530 0.011764 0.754099 0.230006 0.000600
2 2 0.000478 0.005740 0.813796 0.179602 0.000384
2 2 0.001759 0.010061 0.778081 0.209425 0.000675
2 2 0.000333 0.003673 0.827320 0.168500 0.000174
2 2 0.003363 0.014109 0.737421 0.244183 0.000924
2 2 0.001572 0.010818 0.794385 0.192436 0.000788
2 2 0.001268 0.011048 0.807939 0.178780 0.000966
2 2 0.002485 0.014063 0.841228 0.141052 0.001172
2 2 0.001429 0.009607 0.718956 0.269252 0.000756
2 2 0.000633 0.005953 0.656266 0.336670 0.000478
2 2 0.000925 0.007009 0.834367 0.157313 0.000386
2 2 0.001444 0.010477 0.728251 0.258901 0.000927
2 2 0.000660 0.006913 0.791390 0.200510 0.000527
2 2 0.001123 0.011317 0.652613 0.333134 0.001812
2 2 0.001685 0.009593 0.579674 0.407964 0.001085
2 2 0.000460 0.005013 0.825915 0.168236 0.000376
2 2 0.000525 0.005802 0.718181 0.275019 0.000472
2 2 0.000472 0.006698 0.755533 0.236614 0.000683
3 2 0.034656 0.038046 0.396890 0.525920 0.004489
2 2 0.001376 0.010276 0.498906 0.487934 0.001508
2 2 0.000672 0.007751 0.674572 0.316234 0.000770
2 2 0.001488 0.007151 0.696999 0.294006 0.000356
2 2 0.001465 0.009193 0.806510 0.182281 0.000550
2 2 0.000958 0.009165 0.862674 0.126547 0.000656
2 2 0.004507 0.019304 0.794693 0.179966 0.001531
2 2 0.011768 0.024069 0.741918 0.220958 0.001287
2 2 0.003834 0.012052 0.737817 0.245764 0.000534
2 2 0.001690 0.009212 0.734803 0.253791 0.000504
2 2 0.003779 0.013165 0.777332 0.205094 0.000629
2 2 0.010224 0.021561 0.745580 0.221556 0.001079
2 2 0.003133 0.014915 0.864152 0.116907 0.000892
2 2 0.000944 0.007696 0.849066 0.141884 0.000410
2 2 0.003507 0.013654 0.860723 0.121520 0.000595
2 2 0.023502 0.038395 0.812148 0.124065 0.001890
2 2 0.004126 0.012587 0.761327 0.221399 0.000560
2 2 0.151263 0.148217 0.629565 0.055373 0.015582
2 2 0.349160 0.152975 0.397547 0.084218 0.016101
2 2 0.033934 0.077301 0.836570 0.045392 0.006802
2 2 0.023220 0.044561 0.833923 0.095031 0.003265
2 2 0.012343 0.031356 0.871802 0.082265 0.002234
2 2 0.005220 0.018905 0.877876 0.096892 0.001108
2 2 0.006783 0.024166 0.834503 0.132914 0.001635
2 2 0.007485 0.021354 0.764469 0.205360 0.001332
2 2 0.015644 0.027319 0.854591 0.101410 0.001036
2 2 0.019585 0.030975 0.785048 0.162939 0.001453
2 2 0.030265 0.065968 0.799977 0.097909 0.005881
2 2 0.021118 0.048417 0.854313 0.072138 0.004014
2 2 0.009763 0.037097 0.852845 0.096910 0.003385
2 2 0.098610 0.115035 0.714113 0.062564 0.009679
2 2 0.073645 0.101844 0.786575 0.029402 0.008533
4 4 0.059768 0.160758 0.110843 0.006220 0.662411
4 4 0.066236 0.194602 0.137144 0.006423 0.595595
4 4 0.043617 0.170330 0.130295 0.003664 0.652094
4 4 0.064866 0.165538 0.113001 0.007061 0.649535
4 4 0.065727 0.174088 0.109558 0.004995 0.645632
4 4 0.198482 0.216085 0.060029 0.001538 0.523867
4 4 0.104091 0.177763 0.074678 0.002060 0.641407
4 4 0.213906 0.197232 0.034033 0.000410 0.554419
4 4 0.099437 0.180599 0.041198 0.000228 0.678537
4 4 0.193205 0.215868 0.073356 0.001681 0.515889
4 4 0.028909 0.134900 0.046335 0.000089 0.789767
4 4 0.058843 0.145085 0.037598 0.000103 0.758370
4 4 0.087958 0.141170 0.028314 0.000226 0.742332
4 4 0.077004 0.148893 0.033451 0.000223 0.740429
4 4 0.108657 0.187343 0.033714 0.000060 0.670226
4 4 0.115547 0.161531 0.061556 0.003861 0.657504
4 4 0.133204 0.170759 0.036898 0.000636 0.658503
4 4 0.088013 0.205329 0.068381 0.000580 0.637698
4 4 0.110143 0.177686 0.052661 0.001162 0.658350
4 4 0.101553 0.192995 0.086385 0.002582 0.616484
4 4 0.063188 0.143565 0.060343 0.001409 0.731495
4 4 0.036384 0.178507 0.064740 0.000078 0.720291
4 4 0.033001 0.158839 0.044147 0.000049 0.763964
4 4 0.054736 0.172536 0.041205 0.000091 0.731432
4 4 0.035581 0.148712 0.049089 0.000124 0.766494
4 4 0.055644 0.149034 0.027003 0.000044 0.768275
4 4 0.022841 0.136774 0.046403 0.000050 0.793932
4 4 0.027749 0.134210 0.029325 0.000017 0.808699
4 4 0.027028 0.149705 0.043261 0.000037 0.779969
4 4 0.072098 0.172183 0.028657 0.000024 0.727039
4 1 0.091321 0.143663 0.035564 0.000524 0.728928
4 1 0.113640 0.151193 0.024446 0.000054 0.710667
4 2 0.114143 0.184456 0.026855 0.000021 0.674526
4 2 0.136385 0.140349 0.029708 0.000379 0.693179
4 2 0.338844 0.208231 0.027326 0.000029 0.425570
2 2 0.159679 0.284309 0.369860 0.003577 0.182576
1 2 0.295732 0.314673 0.134121 0.000608 0.254866
4 0 0.319757 0.238024 0.117759 0.003635 0.320826
4 0 0.230193 0.292292 0.139834 0.001146 0.336534
4 0 0.243493 0.291825 0.143655 0.000915 0.320112
0 0 0.354559 0.249031 0.086743 0.003440 0.306227
4 0 0.332782 0.243501 0.066434 0.000357 0.356926
4 2 0.190229 0.269217 0.141877 0.002020 0.396657
1 2 0.287375 0.295973 0.130510 0.001392 0.284750
4 2 0.303508 0.279506 0.065791 0.000349 0.350846
0 2 0.301891 0.295549 0.270957 0.007490 0.124113
0 0 0.578174 0.207106 0.090431 0.007506 0.116783
0 0 0.879690 0.073673 0.019030 0.004808 0.022799
0 0 0.592616 0.203552 0.108249 0.011455 0.084129
0 0 0.608377 0.216050 0.066327 0.000495 0.108750
1 0 0.260091 0.330534 0.135315 0.000417 0.273643
4 0 0.291043 0.311354 0.083565 0.000131 0.313907
0 0 0.327475 0.301663 0.111361 0.001051 0.258450
0 0 0.418446 0.300231 0.075727 0.000054 0.205541
0 0 0.397466 0.246222 0.048642 0.000562 0.307108
0 0 0.328544 0.277238 0.080928 0.000357 0.312933
4 0 0.275660 0.255416 0.102212 0.001862 0.364849
0 1 0.375834 0.257593 0.070898 0.000736 0.294939
4 1 0.266230 0.263282 0.057197 0.000345 0.412947
0 0 0.442083 0.217083 0.042964 0.000544 0.297326
0 0 0.623169 0.190370 0.036208 0.000639 0.149615
4 0 0.172782 0.250557 0.081729 0.001612 0.493320
4 1 0.214388 0.279627 0.091970 0.001354 0.412661
4 1 0.208825 0.257062 0.101026 0.005982 0.427106
4 1 0.202186 0.269593 0.178750 0.008260 0.341211
0 1 0.458084 0.237344 0.064614 0.001644 0.238313
0 1 0.532998 0.220756 0.050620 0.000320 0.195306
0 0 0.487291 0.200025 0.042745 0.002269 0.267671
0 1 0.487919 0.248951 0.061805 0.000572 0.200754
0 1 0.464772 0.245278 0.065035 0.000959 0.223956
0 1 0.518907 0.230641 0.058327 0.001270 0.190855
0 0 0.482204 0.191923 0.035693 0.001386 0.288794
0 0 0.478685 0.207561 0.051446 0.002783 0.259524
0 0 0.526119 0.190137 0.040282 0.001349 0.242112
0 4 0.467546 0.222509 0.063257 0.001019 0.245669
1 4 0.159097 0.316874 0.208789 0.001093 0.314148
4 2 0.083056 0.245518 0.306486 0.018026 0.346914
1 2 0.211409 0.305645 0.231449 0.006248 0.245248
4 2 0.149438 0.271347 0.250280 0.010063 0.318873
4 2 0.219842 0.267521 0.132691 0.004831 0.375115
0 2 0.612409 0.207033 0.058539 0.001316 0.120702
0 2 0.635127 0.177304 0.042729 0.002570 0.142270
0 2 0.485804 0.231182 0.055061 0.001413 0.226541
0 2 0.797396 0.122330 0.026842 0.000866 0.052566
0 2 0.606588 0.182130 0.039520 0.001414 0.170348
0 2 0.599235 0.216385 0.061086 0.000823 0.122471
0 2 0.807817 0.119340 0.024823 0.000449 0.047571
0 0 0.600301 0.201776 0.061427 0.001356 0.135140
0 0 0.735234 0.138041 0.021149 0.000817 0.104759
0 0 0.809621 0.112956 0.021751 0.001024 0.054649
0 0 0.369832 0.295798 0.079218 0.000198 0.254955
0 0 0.368546 0.323975 0.140034 0.000202 0.167243
4 0 0.199140 0.284103 0.213500 0.006076 0.297181
0 0 0.351129 0.297043 0.248679 0.002072 0.101078
2 0 0.126484 0.343006 0.375741 0.000312 0.154458
2 0 0.017435 0.175997 0.638570 0.008619 0.159379
2 1 0.017362 0.169040 0.671881 0.007138 0.134578
2 1 0.019590 0.149733 0.604674 0.027573 0.198431
2 1 0.017252 0.151427 0.708117 0.008801 0.114404
2 2 0.008413 0.113191 0.766216 0.010367 0.101812
2 2 0.002349 0.031511 0.957370 0.005516 0.003254
2 2 0.002723 0.028667 0.952987 0.012507 0.003116
2 2 0.002901 0.018319 0.945298 0.032368 0.001113
2 2 0.005686 0.069213 0.906777 0.002320 0.016004
2 2 0.000929 0.014336 0.970238 0.013519 0.000978
2 2 0.005038 0.040278 0.940117 0.011006 0.003560
2 2 0.007890 0.050659 0.912890 0.024040 0.004522
2 2 0.006143 0.028548 0.941515 0.022194 0.001601
2 2 0.002735 0.023807 0.918943 0.052384 0.002131
2 2 0.015848 0.036826 0.922429 0.023047 0.001850
0 2 0.652703 0.190519 0.058567 0.001125 0.097085
0 0 0.602883 0.196441 0.037557 0.000679 0.162439
0 0 0.395391 0.266866 0.079530 0.001744 0.256470
0 2 0.554506 0.215682 0.058476 0.001583 0.169752
0 2 0.567918 0.227288 0.057209 0.000308 0.147276
0 2 0.655249 0.172864 0.029626 0.000438 0.141824
0 0 0.727383 0.138849 0.022489 0.001004 0.110276
0 0 0.584651 0.184652 0.030674 0.000401 0.199621
0 0 0.669050 0.165069 0.021879 0.000101 0.143901
0 1 0.620840 0.182407 0.031673 0.000116 0.164964
0 1 0.449925 0.216844 0.244476 0.017543 0.071212
0 1 0.360484 0.194528 0.328053 0.067770 0.049165
0 1 0.692351 0.159639 0.094576 0.011457 0.041978
0 0 0.829762 0.089871 0.039113 0.019110 0.022144
0 0 0.750655 0.128861 0.060045 0.020057 0.040383
2 0 0.017527 0.143351 0.773683 0.014663 0.050776
2 2 0.028369 0.179770 0.710710 0.003625 0.077526
2 2 0.024541 0.142241 0.783404 0.006085 0.043729
2 2 0.004383 0.054010 0.917064 0.008662 0.015880
2 2 0.009510 0.100156 0.857856 0.006588 0.025890
2 2 0.002748 0.015571 0.937122 0.043847 0.000712
2 2 0.004527 0.015224 0.906638 0.073036 0.000575
2 2 0.002083 0.012006 0.951700 0.033763 0.000447
2 2 0.004016 0.014583 0.866575 0.114180 0.000646
2 2 0.002822 0.016832 0.880149 0.099098 0.001099
2 2 0.006134 0.017421 0.894310 0.081489 0.000646
2 2 0.012875 0.024751 0.881497 0.079845 0.001033
2 2 0.021011 0.052428 0.850482 0.071831 0.004247
2 2 0.034805 0.063232 0.871064 0.027097 0.003802
2 2 0.003780 0.019696 0.819926 0.154702 0.001896
2 2 0.002959 0.015281 0.900910 0.079972 0.000878
2 2 0.013692 0.039357 0.901125 0.042783 0.003042
2 2 0.017939 0.059140 0.883501 0.032943 0.006478
2 2 0.006116 0.027277 0.860317 0.104015 0.002276
2 2 0.006681 0.018932 0.900284 0.073359 0.000745
2 2 0.001886 0.012911 0.955585 0.029005 0.000613
2 2 0.002463 0.020027 0.926958 0.048995 0.001557
2 2 0.001802 0.013620 0.948240 0.035707 0.000631
2 2 0.002365 0.011069 0.916700 0.069399 0.000468
2 2 0.006374 0.021002 0.928430 0.043353 0.000842
2 2 0.007301 0.018326 0.921619 0.052114 0.000640
2 2 0.008026 0.025727 0.923016 0.042052 0.001180
2 2 0.004631 0.013949 0.926482 0.054445 0.000492
2 2 0.007701 0.016432 0.937516 0.037953 0.000397
2 2 0.002824 0.009448 0.927643 0.059830 0.000256
2 2 0.004359 0.019512 0.918522 0.056545 0.001062
2 2 0.010885 0.030515 0.925662 0.031669 0.001269
2 2 0.011449 0.027732 0.849935 0.109294 0.001590
2 2 0.014061 0.030343 0.894894 0.059316 0.001386
2 2 0.002781 0.015661 0.916155 0.064588 0.000815
2 2 0.004406 0.017389 0.879145 0.098165 0.000895
2 2 0.000689 0.006169 0.913052 0.079821 0.000269
2 2 0.003460 0.014139 0.800710 0.180801 0.000889
2 2 0.001449 0.014073 0.765818 0.216967 0.001693
2 2 0.002607 0.013835 0.856983 0.125718 0.000857
2 2 0.000605 0.004894 0.814081 0.180182 0.000237
2 2 0.000887 0.006562 0.672960 0.319081 0.000510
2 2 0.000499 0.006017 0.776421 0.216569 0.000494
2 2 0.000544 0.004236 0.682609 0.312373 0.000238
2 2 0.001529 0.007949 0.689398 0.300569 0.000555
3 2 0.000240 0.002134 0.233339 0.764024 0.000264
3 2 0.000327 0.002046 0.123691 0.873470 0.000466
3 2 0.000602 0.003661 0.307649 0.687714 0.000375
3 2 0.000269 0.002594 0.271755 0.725023 0.000359
3 2 0.000101 0.001563 0.218478 0.779600 0.000259
3 2 0.000015 0.000278 0.087660 0.912007 0.000039
3 3 0.000211 0.001258 0.083472 0.914833 0.000226
3 3 0.000010 0.000232 0.068178 0.931533 0.000046
3 3 0.000037 0.000315 0.033210 0.966356 0.000082
3 3 0.000017 0.000197 0.033723 0.966021 0.000041
3 3 0.000011 0.000155 0.036164 0.963642 0.000028
3 3 0.000055 0.000280 0.019994 0.979602 0.000068
3 3 0.000010 0.000145 0.034740 0.965078 0.000026
3 3 0.000027 0.000175 0.018450 0.981307 0.000041
3 3 0.000008 0.000122 0.029955 0.969890 0.000025
3 3 0.000057 0.000331 0.023538 0.975976 0.000098
3 3 0.000013 0.000143 0.026509 0.973305 0.000031
3 3 0.000072 0.000395 0.024611 0.974799 0.000124
3 3 0.000034 0.000223 0.020236 0.979442 0.000065
3 3 0.000068 0.000350 0.022834 0.976659 0.000090
3 3 0.000059 0.000234 0.013202 0.986432 0.000074
3 3 0.000138 0.000369 0.011751 0.987591 0.000151
3 3 0.000040 0.000163 0.010904 0.988846 0.000047
3 3 0.000040 0.000188 0.012611 0.987094 0.000067
3 3 0.000068 0.000224 0.010509 0.989119 0.000080
3 3 0.000031 0.000185 0.016781 0.982952 0.000051
3 3 0.000021 0.000141 0.015783 0.984020 0.000036
3 3 0.000020 0.000115 0.011480 0.988348 0.000038
3 3 0.000020 0.000154 0.018638 0.981147 0.000041
3 3 0.000068 0.000230 0.011298 0.988330 0.000074
3 3 0.000204 0.000476 0.012154 0.986962 0.000203
3 3 0.000094 0.000261 0.009729 0.989812 0.000103
3 3 0.000108 0.000249 0.008110 0.991439 0.000095
3 3 0.000056 0.000200 0.010117 0.989549 0.000078
3 3 0.000102 0.000243 0.008044 0.991514 0.000097
3 3 0.000036 0.000153 0.010674 0.989091 0.000047
3 3 0.000011 0.000074 0.009984 0.989912 0.000019
3 3 0.000012 0.000066 0.008331 0.991575 0.000016
3 3 0.000104 0.000260 0.008687 0.990842 0.000108
3 3 0.000022 0.000106 0.010007 0.989838 0.000027
3 3 0.000094 0.000215 0.007269 0.992341 0.000081
3 3 0.000015 0.000085 0.010186 0.989694 0.000020
3 3 0.000123 0.000251 0.007295 0.992235 0.000097
3 3 0.000019 0.000097 0.009381 0.990474 0.000029
3 3 0.000020 0.000111 0.011421 0.988419 0.000030
3 3 0.000004 0.000046 0.012557 0.987383 0.000010
3 3 0.000006 0.000070 0.016634 0.983276 0.000014
3 3 0.000008 0.000069 0.012074 0.987832 0.000017
3 3 0.000024 0.000126 0.011777 0.988038 0.000035
3 3 0.000006 0.000064 0.014701 0.985214 0.000016
3 3 0.000001 0.000026 0.015401 0.984568 0.000004
3 3 0.000009 0.000077 0.013888 0.986007 0.000019
3 3 0.000002 0.000035 0.014034 0.985922 0.000006
3 3 0.000026 0.000096 0.007038 0.992814 0.000027
3 3 0.000010 0.000073 0.011089 0.988810 0.000018
3 3 0.000160 0.000267 0.005958 0.993487 0.000129
3 3 0.000081 0.000235 0.009228 0.990358 0.000098
3 3 0.000089 0.000253 0.009610 0.989945 0.000103
3 3 0.000143 0.000325 0.009165 0.990225 0.000143
3 3 0.000180 0.000348 0.008138 0.991169 0.000165
3 3 0.000015 0.000078 0.008205 0.991680 0.000023
3 3 0.000055 0.000174 0.008322 0.991381 0.000068
3 3 0.000025 0.000129 0.011481 0.988329 0.000035
3 3 0.000010 0.000063 0.008519 0.991390 0.000018
3 3 0.000138 0.000284 0.007830 0.991630 0.000118
3 3 0.000168 0.000256 0.005520 0.993945 0.000112
3 3 0.000263 0.000353 0.006251 0.992990 0.000144
3 3 0.000260 0.000323 0.005259 0.994002 0.000156
3 3 0.000103 0.000209 0.006601 0.993013 0.000074
3 3 0.004352 0.003157 0.018518 0.972756 0.001217
2 3 0.004357 0.021390 0.496503 0.473161 0.004589
2 3 0.004914 0.026498 0.596118 0.366385 0.006086
2 3 0.006643 0.045398 0.693578 0.239688 0.014692
2 3 0.003580 0.024391 0.571456 0.393141 0.007433
2 3 0.035119 0.085330 0.596041 0.264104 0.019406
4 2 0.177188 0.255893 0.199060 0.011081 0.356778
2 2 0.063754 0.190041 0.424462 0.076113 0.245630
2 2 0.068421 0.205600 0.433611 0.022860 0.269507
0 2 0.317006 0.261614 0.157343 0.011798 0.252240
4 2 0.120840 0.223749 0.229716 0.023980 0.401715
4 2 0.037222 0.153121 0.106990 0.002078 0.700589
4 2 0.019593 0.102708 0.115843 0.004383 0.757473
4 2 0.041450 0.160065 0.125781 0.003924 0.668779
4 2 0.017368 0.120931 0.156665 0.004080 0.700955
4 4 0.031557 0.136722 0.107032 0.000989 0.723700
4 4 0.104702 0.137496 0.052502 0.002614 0.702686
4 4 0.125414 0.154298 0.051890 0.001603 0.666795
4 4 0.062068 0.120273 0.064570 0.004406 0.748683
4 4 0.082388 0.140789 0.055989 0.002358 0.718475
4 4 0.111551 0.168615 0.052252 0.001005 0.666577
4 4 0.047101 0.105750 0.031343 0.000301 0.815504
4 4 0.043389 0.115284 0.044301 0.000549 0.796477
4 4 0.050585 0.100810 0.036779 0.000840 0.810986
4 4 0.061799 0.120383 0.045595 0.001211 0.771013
4 4 0.052284 0.100851 0.042593 0.001564 0.802708
4 4 0.067759 0.116683 0.038321 0.000958 0.776279
