0 0 0.907074 0.059845 0.023247 0.000286 0.009548
0 0 0.869211 0.068117 0.051382 0.002168 0.009122
0 0 0.749040 0.123108 0.106699 0.003450 0.017703
0 0 0.792189 0.097396 0.089491 0.005481 0.015444
0 0 0.756177 0.110634 0.114001 0.005005 0.014184
0 0 0.705692 0.139284 0.143944 0.001351 0.009729
0 0 0.721990 0.089621 0.167928 0.013712 0.006749
0 0 0.907237 0.043401 0.044037 0.001991 0.003335
0 0 0.839220 0.079735 0.072521 0.001618 0.006906
0 0 0.813959 0.069689 0.103031 0.007689 0.005632
0 0 0.869966 0.070627 0.052540 0.000788 0.006079
0 0 0.846246 0.089716 0.051037 0.000777 0.012224
0 0 0.872847 0.055183 0.062365 0.004340 0.005265
0 0 0.833740 0.093720 0.060884 0.000856 0.010800
0 0 0.847101 0.074187 0.066397 0.003197 0.009119
0 0 0.908780 0.044227 0.039873 0.002478 0.004642
0 0 0.758287 0.068203 0.148440 0.020396 0.004674
0 0 0.860295 0.070196 0.061080 0.001762 0.006667
0 0 0.838840 0.047399 0.093858 0.016571 0.003331
0 0 0.829664 0.085657 0.076585 0.001265 0.006829
0 0 0.913854 0.059668 0.016991 0.000081 0.009406
0 0 0.891446 0.075429 0.020014 0.000072 0.013039
0 0 0.949070 0.030740 0.010375 0.000576 0.009240
0 0 0.925708 0.051684 0.011970 0.000060 0.010579
0 0 0.922781 0.053726 0.015354 0.000075 0.008065
0 0 0.942170 0.035910 0.015098 0.000486 0.006337
0 0 0.897930 0.065868 0.025849 0.000273 0.010081
0 0 0.869580 0.090618 0.028031 0.000074 0.011698
0 0 0.877727 0.081049 0.029948 0.000170 0.011106
0 0 0.878874 0.072531 0.039713 0.000487 0.008395
0 0 0.980643 0.013001 0.003542 0.000117 0.002697
0 0 0.978162 0.014910 0.004071 0.000095 0.002762
0 0 0.969364 0.019924 0.006710 0.000230 0.003773
0 0 0.959680 0.024576 0.008163 0.000498 0.007083
0 0 0.942153 0.044362 0.007367 0.000007 0.006111
0 0 0.940476 0.039624 0.013515 0.000167 0.006218
0 0 0.942284 0.038027 0.013311 0.000199 0.006178
0 0 0.945538 0.038071 0.009967 0.000066 0.006359
0 0 0.915412 0.060883 0.015750 0.000038 0.007918
0 0 0.864864 0.091086 0.028791 0.000132 0.015127
0 0 0.821781 0.125888 0.029419 0.000045 0.022867
0 0 0.820078 0.123404 0.032662 0.000083 0.023772
0 0 0.651287 0.231726 0.068965 0.000126 0.047896
0 0 0.757023 0.155727 0.049826 0.000254 0.037170
0 0 0.899769 0.064756 0.021825 0.000268 0.013382
0 0 0.726670 0.193211 0.042930 0.000037 0.037151
0 0 0.787145 0.147188 0.036498 0.000066 0.029104
0 0 0.706284 0.196027 0.058195 0.000127 0.039367
0 0 0.731100 0.151492 0.084960 0.001494 0.030953
0 0 0.790990 0.139340 0.042746 0.000146 0.026779
0 0 0.642246 0.214410 0.076859 0.000570 0.065914
0 0 0.524153 0.259643 0.135467 0.001431 0.079305
0 0 0.476411 0.307101 0.121092 0.000392 0.095003
0 0 0.470540 0.272493 0.171670 0.003161 0.082136
1 0 0.316688 0.327332 0.259866 0.001337 0.094777
0 0 0.412631 0.283511 0.218650 0.003556 0.081652
2 0 0.224662 0.327628 0.337157 0.001541 0.109012
1 0 0.303602 0.369629 0.225583 0.000135 0.101052
0 0 0.446674 0.290295 0.143944 0.000956 0.118132
0 0 0.477632 0.268535 0.161568 0.002012 0.090253
0 0 0.622632 0.223702 0.115202 0.000464 0.038000
0 0 0.661961 0.194823 0.105905 0.000965 0.036347
0 0 0.640146 0.217607 0.107542 0.000466 0.034239
0 0 0.673688 0.174325 0.115659 0.002257 0.034070
0 0 0.816564 0.101663 0.054190 0.002079 0.025504
0 0 0.939486 0.035054 0.017439 0.001162 0.006857
0 0 0.829098 0.084042 0.071816 0.003443 0.011602
0 0 0.900321 0.052123 0.040309 0.001567 0.005679
0 0 0.814797 0.091543 0.083511 0.001759 0.008390
0 1 0.684884 0.145460 0.155488 0.002052 0.012116
2 1 0.054962 0.189090 0.729148 0.000043 0.026757
2 1 0.017533 0.120273 0.832602 0.000608 0.028984
2 2 0.006132 0.056825 0.923273 0.004570 0.009201
2 2 0.002744 0.042221 0.945011 0.000946 0.009077
2 2 0.000363 0.008189 0.986844 0.004193 0.000411
2 1 0.001128 0.020014 0.972050 0.003814 0.002993
2 2 0.000249 0.008475 0.982168 0.008171 0.000937
2 2 0.000001 0.000320 0.989282 0.010392 0.000004
2 2 0.000022 0.001681 0.981057 0.017188 0.000052
2 2 0.000101 0.005383 0.981492 0.012407 0.000617
2 2 0.064300 0.127395 0.756113 0.030376 0.021816
2 2 0.015301 0.088355 0.858398 0.019664 0.018282
0 0 0.424087 0.248694 0.279407 0.006790 0.041022
2 1 0.027937 0.120113 0.825380 0.010061 0.016510
2 2 0.006735 0.051399 0.925156 0.009530 0.007179
2 2 0.000019 0.001427 0.971963 0.026556 0.000035
2 2 0.000101 0.004585 0.976158 0.018866 0.000291
2 2 0.000059 0.003039 0.983543 0.013237 0.000122
2 2 0.000047 0.003103 0.957874 0.038778 0.000197
2 2 0.000023 0.001450 0.872517 0.125963 0.000046
2 2 0.090589 0.154254 0.647913 0.062689 0.044555
2 2 0.101252 0.148553 0.643740 0.068521 0.037935
0 2 0.903127 0.047217 0.030500 0.006042 0.013115
0 2 0.653192 0.160636 0.159868 0.004368 0.021935
0 2 0.873368 0.048279 0.035146 0.022846 0.020362
0 2 0.502834 0.200666 0.262794 0.004987 0.028719
0 2 0.906768 0.056217 0.023042 0.000758 0.013215
0 2 0.867721 0.064240 0.040895 0.006856 0.020289
0 0 0.891440 0.065960 0.030548 0.000627 0.011425
0 0 0.901997 0.061365 0.025075 0.000447 0.011116
2 1 0.014659 0.090005 0.877258 0.004315 0.013762
2 2 0.004108 0.035642 0.955228 0.002086 0.002936
2 2 0.000267 0.007649 0.984937 0.006625 0.000522
2 2 0.001907 0.026829 0.960947 0.006944 0.003373
2 2 0.000176 0.006400 0.977855 0.015093 0.000476
2 2 0.000369 0.005751 0.894600 0.099100 0.000180
2 2 0.000114 0.002398 0.743370 0.254051 0.000067
2 2 0.000110 0.003729 0.929454 0.066581 0.000127
2 2 0.000209 0.002677 0.590647 0.406361 0.000106
2 2 0.000111 0.002082 0.612595 0.385137 0.000075
3 3 0.000070 0.000862 0.216317 0.782716 0.000035
3 2 0.000145 0.001007 0.295958 0.702872 0.000018
3 2 0.000023 0.000437 0.105154 0.894350 0.000035
3 2 0.000124 0.001143 0.191010 0.807659 0.000064
3 2 0.000029 0.000484 0.106512 0.892935 0.000040
3 2 0.000020 0.000430 0.169185 0.830348 0.000017
3 2 0.000026 0.000351 0.087658 0.911940 0.000025
3 2 0.000111 0.000875 0.123262 0.875693 0.000060
3 2 0.000074 0.000672 0.131687 0.867529 0.000038
3 2 0.000076 0.000807 0.168563 0.830514 0.000040
3 3 0.000119 0.001299 0.138803 0.859648 0.000131
3 2 0.000031 0.000513 0.087597 0.911799 0.000061
3 2 0.000066 0.000857 0.122627 0.876357 0.000093
3 2 0.000039 0.000621 0.101462 0.897805 0.000073
3 2 0.000236 0.001667 0.248489 0.749536 0.000073
3 2 0.000106 0.000826 0.086168 0.912808 0.000092
3 2 0.000016 0.000218 0.046960 0.952785 0.000021
3 2 0.000036 0.000317 0.053141 0.946484 0.000022
3 2 0.000013 0.000218 0.067871 0.931886 0.000012
3 2 0.000084 0.000516 0.088790 0.910587 0.000024
3 2 0.000130 0.000700 0.047382 0.951689 0.000099
3 2 0.000043 0.000407 0.076318 0.923200 0.000032
3 2 0.000069 0.000434 0.049686 0.949764 0.000047
3 2 0.000115 0.000630 0.047449 0.951729 0.000077
3 2 0.000046 0.000314 0.033209 0.966394 0.000036
3 2 0.000029 0.000288 0.045387 0.954268 0.000027
3 2 0.000031 0.000344 0.082469 0.917138 0.000018
3 2 0.000024 0.000212 0.043791 0.955956 0.000017
3 2 0.000033 0.000311 0.042402 0.957221 0.000033
3 2 0.000037 0.000408 0.068334 0.931191 0.000030
3 2 0.000110 0.000532 0.034881 0.964402 0.000074
3 2 0.000042 0.000513 0.075116 0.924271 0.000057
3 3 0.000036 0.000218 0.029189 0.970536 0.000022
3 2 0.000063 0.000438 0.070019 0.929451 0.000029
3 2 0.000042 0.000345 0.040019 0.959557 0.000038
3 2 0.000082 0.000637 0.054822 0.944376 0.000083
3 2 0.000024 0.000367 0.077095 0.922485 0.000029
3 2 0.000107 0.000521 0.056748 0.942583 0.000040
3 3 0.000117 0.000616 0.057352 0.941856 0.000059
3 2 0.000019 0.000243 0.048239 0.951473 0.000026
3 2 0.000100 0.000813 0.070817 0.928147 0.000123
3 3 0.000184 0.000707 0.061638 0.937410 0.000061
3 3 0.000113 0.001003 0.108633 0.890148 0.000102
3 2 0.000043 0.000392 0.049375 0.950141 0.000050
3 2 0.000151 0.001009 0.100827 0.897935 0.000078
3 2 0.000098 0.000492 0.062860 0.936512 0.000038
3 3 0.000036 0.000447 0.064885 0.934579 0.000053
3 3 0.000051 0.000389 0.043018 0.956490 0.000051
3 2 0.000016 0.000252 0.061167 0.938546 0.000019
3 2 0.000064 0.000702 0.118593 0.880590 0.000050
3 2 0.000120 0.000542 0.054305 0.944985 0.000047
3 2 0.000043 0.000445 0.059086 0.940368 0.000058
3 2 0.000046 0.000512 0.091308 0.908099 0.000035
3 2 0.000054 0.000509 0.060001 0.939376 0.000061
3 2 0.000147 0.000676 0.059480 0.939634 0.000064
3 2 0.000030 0.000242 0.038345 0.961359 0.000023
3 2 0.000024 0.000276 0.049648 0.950024 0.000029
3 2 0.000104 0.000500 0.033578 0.965750 0.000068
3 2 0.000066 0.000583 0.075384 0.923914 0.000054
3 2 0.000076 0.000508 0.042690 0.956661 0.000064
3 2 0.000036 0.000310 0.046502 0.953123 0.000029
3 2 0.000135 0.000659 0.041312 0.957788 0.000106
3 2 0.000375 0.001798 0.107927 0.889696 0.000203
3 2 0.000084 0.000603 0.088713 0.910558 0.000041
3 2 0.000075 0.000506 0.053957 0.945414 0.000048
3 2 0.000119 0.000511 0.040455 0.958874 0.000041
3 2 0.000077 0.000427 0.044821 0.954631 0.000044
3 2 0.000072 0.000428 0.036381 0.963062 0.000056
3 2 0.000096 0.000383 0.031685 0.967797 0.000039
3 2 0.000112 0.000643 0.073044 0.926148 0.000054
3 2 0.002261 0.003838 0.097536 0.895795 0.000570
3 2 0.001841 0.004409 0.118672 0.874315 0.000762
3 2 0.003015 0.005100 0.098652 0.892320 0.000914
2 0 0.177893 0.099574 0.672468 0.046853 0.003212
2 0 0.209968 0.142788 0.618236 0.022221 0.006786
1 1 0.172634 0.337572 0.325503 0.003625 0.160666
2 1 0.026989 0.173809 0.731167 0.002436 0.065600
2 1 0.010358 0.137104 0.747028 0.003705 0.101805
2 2 0.010851 0.118485 0.815259 0.003833 0.051572
2 2 0.005653 0.087959 0.851339 0.009824 0.045224
2 2 0.001668 0.033623 0.957144 0.000162 0.007403
2 2 0.001741 0.039915 0.943891 0.000796 0.013657
2 2 0.001992 0.050207 0.922026 0.000459 0.025315
2 2 0.002936 0.081389 0.821432 0.001434 0.092808
2 4 0.010351 0.144645 0.749180 0.000066 0.095758
4 4 0.021467 0.206255 0.035458 0.000000 0.736820
4 4 0.016480 0.194011 0.029358 0.000000 0.760151
4 4 0.019728 0.198545 0.026104 0.000000 0.755622
4 4 0.015594 0.174514 0.036598 0.000001 0.773293
4 4 0.014659 0.178184 0.029915 0.000000 0.777241
4 4 0.012587 0.157023 0.012333 0.000000 0.818058
4 4 0.027838 0.224377 0.009802 0.000000 0.737983
4 4 0.008271 0.127970 0.007809 0.000000 0.855950
4 4 0.025920 0.204932 0.008322 0.000000 0.760826
4 4 0.032743 0.245596 0.018303 0.000000 0.703358
4 4 0.042910 0.257308 0.012960 0.000000 0.686821
4 4 0.011603 0.144764 0.011280 0.000000 0.832353
4 4 0.014411 0.166790 0.014761 0.000000 0.804038
4 4 0.011318 0.146930 0.012258 0.000000 0.829494
4 4 0.016978 0.178493 0.011989 0.000000 0.792540
4 4 0.017594 0.184641 0.066689 0.000014 0.731062
4 4 0.023695 0.210905 0.050898 0.000002 0.714500
4 4 0.017182 0.189336 0.065012 0.000004 0.728467
4 4 0.015875 0.173890 0.055094 0.000012 0.755128
4 4 0.022328 0.216994 0.078007 0.000002 0.682669
2 4 0.009199 0.156427 0.678321 0.000064 0.155989
2 4 0.014163 0.167773 0.718846 0.000044 0.099174
2 4 0.003043 0.081486 0.851296 0.000097 0.064079
2 2 0.006842 0.087397 0.881309 0.000039 0.024413
2 2 0.016584 0.148465 0.791932 0.000004 0.043015
2 2 0.000695 0.010002 0.988603 0.000334 0.000366
2 2 0.000418 0.007944 0.990815 0.000503 0.000319
2 2 0.001042 0.012152 0.985687 0.000723 0.000396
2 2 0.000486 0.008147 0.990183 0.000924 0.000259
2 2 0.000941 0.015202 0.982127 0.000704 0.001026
2 2 0.006982 0.038080 0.929762 0.022514 0.002662
2 2 0.008790 0.036485 0.924835 0.027959 0.001932
2 2 0.002924 0.026456 0.935336 0.033069 0.002214
2 2 0.003260 0.026131 0.940933 0.028038 0.001638
0 2 0.759319 0.106856 0.085569 0.014884 0.033372
0 2 0.948975 0.000228 0.000000 0.000000 0.050797
0 2 0.984553 0.000255 0.000000 0.000000 0.015193
0 2 0.981189 0.000815 0.000000 0.000000 0.017996
0 2 0.834790 0.102237 0.000634 0.000000 0.062339
0 2 0.849055 0.110429 0.000760 0.000000 0.039756
2 2 0.117482 0.265563 0.570514 0.002394 0.044047
2 2 0.030576 0.138407 0.808726 0.002106 0.020185
2 2 0.033235 0.120346 0.828643 0.004039 0.013736
2 2 0.018172 0.092960 0.873068 0.004348 0.011452
0 2 0.467235 0.247014 0.220835 0.007021 0.057895
2 2 0.131160 0.183912 0.654157 0.002741 0.028031
0 2 0.928961 0.028266 0.009888 0.006181 0.026704
0 0 0.667435 0.218040 0.058675 0.000131 0.055720
0 1 0.628093 0.230534 0.066744 0.000262 0.074367
0 1 0.562467 0.246146 0.130293 0.001278 0.059816
0 2 0.635620 0.222264 0.079000 0.000225 0.062891
0 2 0.930059 0.045371 0.007946 0.000061 0.016563
0 2 0.694616 0.219285 0.036030 0.000015 0.050054
0 2 0.897690 0.051420 0.011748 0.000703 0.038439
0 2 0.838362 0.110658 0.011928 0.000008 0.039045
0 2 0.930211 0.039428 0.000431 0.000000 0.029930
0 2 0.934388 0.011346 0.000017 0.000000 0.054249
0 0 0.959354 0.025329 0.000134 0.000000 0.015184
0 1 0.729106 0.197822 0.000911 0.000000 0.072160
0 1 0.716332 0.203957 0.002057 0.000000 0.077653
2 1 0.001768 0.020370 0.974778 0.001580 0.001504
2 1 0.002287 0.028296 0.964767 0.001407 0.003243
2 2 0.000118 0.003710 0.995600 0.000468 0.000104
2 2 0.000069 0.002729 0.996478 0.000656 0.000069
2 2 0.000358 0.007100 0.991983 0.000294 0.000265
2 2 0.007566 0.042456 0.924901 0.021278 0.003799
2 2 0.017114 0.040860 0.873093 0.066534 0.002399
2 2 0.013607 0.043574 0.886137 0.053515 0.003167
0 2 0.851483 0.062881 0.050591 0.015976 0.019069
0 2 0.695977 0.154732 0.117945 0.003553 0.027793
0 2 0.998335 0.000008 0.000000 0.000000 0.001657
0 2 0.997888 0.000506 0.000000 0.000000 0.001606
0 2 0.998363 0.000021 0.000000 0.000000 0.001616
0 2 0.996312 0.000026 0.000000 0.000000 0.003661
0 2 0.995397 0.001618 0.000000 0.000000 0.002984
2 2 0.090987 0.202346 0.684396 0.001162 0.021109
2 2 0.005403 0.032029 0.951939 0.009287 0.001342
2 2 0.002637 0.015194 0.947209 0.034287 0.000674
0 2 0.359953 0.271610 0.325114 0.004181 0.039141
2 2 0.003253 0.023300 0.971092 0.001457 0.000898
2 2 0.027206 0.050550 0.897585 0.022551 0.002108
2 2 0.018374 0.039117 0.847138 0.093508 0.001862
2 2 0.011397 0.033743 0.906621 0.046567 0.001672
2 2 0.015117 0.039273 0.885636 0.058149 0.001825
0 2 0.818084 0.037455 0.033397 0.089359 0.021705
0 2 0.983011 0.000898 0.000000 0.000000 0.016091
0 2 0.971306 0.000413 0.000000 0.000000 0.028281
0 2 0.918328 0.060129 0.000115 0.000000 0.021428
0 2 0.868294 0.087603 0.000476 0.000000 0.043627
0 2 0.884218 0.095572 0.001481 0.000000 0.018729
2 2 0.004541 0.037528 0.955097 0.000317 0.002517
2 2 0.000629 0.013938 0.982828 0.001052 0.001553
2 2 0.000352 0.008479 0.989298 0.001317 0.000554
2 2 0.000535 0.009651 0.988734 0.000593 0.000487
2 2 0.000701 0.011826 0.986686 0.000154 0.000632
2 2 0.000065 0.003489 0.990685 0.005556 0.000205
2 2 0.000334 0.008131 0.990257 0.000752 0.000527
2 2 0.000639 0.010051 0.988661 0.000211 0.000438
2 2 0.000110 0.005215 0.990086 0.004100 0.000489
2 2 0.000530 0.013340 0.983917 0.000691 0.001521
2 2 0.000522 0.008344 0.984753 0.006159 0.000222
2 2 0.000268 0.006248 0.984440 0.008843 0.000201
2 2 0.000256 0.007955 0.933539 0.057624 0.000626
2 2 0.000107 0.003705 0.974382 0.021708 0.000098
2 2 0.001136 0.013481 0.965964 0.018849 0.000570
0 2 0.865171 0.100297 0.011456 0.000001 0.023075
0 2 0.996451 0.000070 0.000000 0.000000 0.003479
0 2 0.995069 0.000013 0.000000 0.000000 0.004919
0 2 0.992804 0.000052 0.000000 0.000000 0.007144
0 0 0.996583 0.002288 0.000001 0.000000 0.001129
0 0 0.916533 0.054364 0.016498 0.000216 0.012389
0 0 0.760797 0.171810 0.034613 0.000026 0.032754
0 0 0.706202 0.218834 0.044008 0.000013 0.030943
0 1 0.639775 0.248922 0.072750 0.000065 0.038487
0 1 0.576086 0.279942 0.092601 0.000106 0.051265
2 1 0.032147 0.131214 0.818567 0.000506 0.017567
2 2 0.001659 0.015743 0.981377 0.000671 0.000549
2 2 0.002710 0.026036 0.968508 0.000741 0.002004
2 2 0.002527 0.027536 0.966983 0.000419 0.002535
2 2 0.001266 0.017257 0.976191 0.004062 0.001225
0 2 0.475810 0.247626 0.240346 0.000218 0.036000
0 2 0.942709 0.029391 0.006239 0.000498 0.021163
0 2 0.972241 0.007499 0.000565 0.000097 0.019598
0 0 0.933816 0.050120 0.003255 0.000001 0.012808
0 1 0.635634 0.222631 0.050834 0.000162 0.090739
2 2 0.003640 0.042877 0.946766 0.000692 0.006025
2 2 0.000443 0.010311 0.987348 0.001031 0.000867
2 2 0.000834 0.013519 0.984658 0.000178 0.000811
2 2 0.000421 0.007822 0.990945 0.000519 0.000292
2 2 0.000416 0.007699 0.991225 0.000375 0.000285
2 2 0.000024 0.001273 0.993356 0.005334 0.000013
2 2 0.000283 0.007505 0.982681 0.009113 0.000418
2 2 0.000184 0.005130 0.991572 0.002938 0.000177
2 2 0.000164 0.003993 0.988088 0.007690 0.000065
2 2 0.000033 0.001591 0.992499 0.005857 0.000019
2 2 0.000709 0.011197 0.963354 0.024290 0.000449
2 2 0.000661 0.009308 0.980447 0.009300 0.000285
2 2 0.001483 0.014397 0.923511 0.059851 0.000758
2 2 0.001681 0.016121 0.965489 0.016029 0.000681
0 1 0.416641 0.291186 0.212266 0.001413 0.078493
2 1 0.004127 0.029255 0.943990 0.021228 0.001401
2 2 0.000163 0.003959 0.960662 0.035130 0.000086
2 1 0.001892 0.017082 0.973231 0.007266 0.000530
2 2 0.002261 0.018042 0.977176 0.001988 0.000533
2 2 0.005843 0.023774 0.968612 0.001355 0.000417
0 2 0.831215 0.138265 0.014498 0.000000 0.016022
0 2 0.974312 0.016923 0.000718 0.000000 0.008046
0 2 0.998923 0.000134 0.000000 0.000000 0.000942
0 2 0.997921 0.000901 0.000001 0.000000 0.001177
0 2 0.995402 0.000771 0.000002 0.000000 0.003825
0 2 0.373475 0.306861 0.198733 0.003741 0.117190
2 1 0.263513 0.332746 0.349373 0.000566 0.053803
2 1 0.109120 0.284231 0.531121 0.003064 0.072464
2 1 0.073214 0.250864 0.607813 0.000804 0.067304
2 2 0.012885 0.124220 0.806089 0.006591 0.050215
2 2 0.000780 0.012076 0.984482 0.002047 0.000616
2 2 0.001913 0.015726 0.980989 0.000965 0.000408
2 2 0.009505 0.035671 0.951266 0.002345 0.001213
2 2 0.063452 0.162172 0.760769 0.000182 0.013425
2 1 0.015993 0.087168 0.887091 0.000172 0.009577
2 2 0.001408 0.015230 0.981835 0.000899 0.000627
2 2 0.030906 0.111314 0.847461 0.000334 0.009984
2 2 0.025090 0.109897 0.852665 0.000237 0.012111
2 2 0.006105 0.043745 0.945965 0.000747 0.003438
2 2 0.001488 0.016664 0.980103 0.000887 0.000858
2 2 0.004970 0.028416 0.962915 0.002724 0.000975
2 2 0.003401 0.021116 0.971650 0.003339 0.000495
2 2 0.003528 0.019681 0.962038 0.014237 0.000516
2 2 0.004626 0.030798 0.925561 0.037393 0.001622
0 1 0.686816 0.176507 0.078337 0.001551 0.056789
2 1 0.167875 0.241962 0.566336 0.001847 0.021980
2 1 0.130953 0.244806 0.594549 0.000991 0.028702
2 1 0.072785 0.183902 0.720957 0.001572 0.020784
2 1 0.012512 0.073236 0.904083 0.002009 0.008160
2 2 0.009700 0.054049 0.928798 0.003191 0.004262
2 2 0.010195 0.041669 0.936635 0.010113 0.001388
2 2 0.003031 0.018582 0.974757 0.003290 0.000341
2 2 0.011611 0.041280 0.943656 0.002305 0.001148
2 2 0.012329 0.046723 0.936323 0.002819 0.001805
0 2 0.784072 0.082953 0.097111 0.020215 0.015649
0 0 0.925597 0.051182 0.005936 0.000010 0.017275
0 0 0.871516 0.082238 0.010522 0.000024 0.035701
0 1 0.575979 0.281124 0.044217 0.000025 0.098656
0 1 0.491875 0.343266 0.043380 0.000009 0.121469
0 1 0.494245 0.343138 0.043550 0.000009 0.119058
0 0 0.888572 0.073377 0.022406 0.000186 0.015459
0 0 0.955504 0.026883 0.008478 0.000500 0.008634
0 0 0.940128 0.039565 0.009448 0.000118 0.010741
0 1 0.684566 0.215388 0.049694 0.000061 0.050292
0 1 0.777702 0.135358 0.039066 0.000367 0.047507
0 0 0.959843 0.025585 0.010180 0.000319 0.004072
0 0 0.957688 0.025212 0.010932 0.000797 0.005371
0 0 0.928045 0.038116 0.023498 0.002665 0.007676
0 0 0.941720 0.034958 0.016323 0.000756 0.006244
0 0 0.961968 0.023518 0.009712 0.000489 0.004313
0 0 0.977988 0.012846 0.006376 0.000757 0.002034
0 0 0.979655 0.012070 0.005374 0.000667 0.002235
0 0 0.972218 0.016450 0.007381 0.000759 0.003193
0 0 0.952411 0.026751 0.014631 0.001413 0.004794
0 0 0.977607 0.012663 0.005894 0.001088 0.002748
0 0 0.982521 0.010145 0.004525 0.000779 0.002030
0 0 0.974630 0.013979 0.007407 0.001368 0.002617
0 0 0.954927 0.025342 0.014340 0.001270 0.004119
0 0 0.972222 0.016159 0.007853 0.000883 0.002883
0 0 0.967903 0.018572 0.008901 0.000999 0.003625
0 0 0.962175 0.022698 0.009812 0.000714 0.004601
0 0 0.958576 0.024423 0.011764 0.000862 0.004375
0 0 0.950483 0.029156 0.012574 0.000943 0.006844
0 0 0.930514 0.042870 0.017932 0.000547 0.008137
0 1 0.771026 0.155990 0.052254 0.000097 0.020633
0 1 0.434723 0.334630 0.106103 0.000152 0.124392
0 0 0.573289 0.249767 0.051718 0.000082 0.125143
1 1 0.269157 0.399949 0.116232 0.000026 0.214637
1 1 0.212237 0.375767 0.174918 0.000237 0.236841
1 1 0.164929 0.364041 0.181157 0.000328 0.289545
2 1 0.006641 0.065095 0.917045 0.000132 0.011088
2 2 0.003843 0.059500 0.919496 0.000145 0.017016
2 2 0.000262 0.009868 0.987636 0.000601 0.001633
2 2 0.000490 0.011651 0.986824 0.000056 0.000980
2 2 0.000249 0.007130 0.992078 0.000071 0.000472
2 2 0.025211 0.047181 0.890791 0.034940 0.001877
2 2 0.382293 0.128054 0.465555 0.016358 0.007740
0 2 0.837229 0.098633 0.043995 0.000711 0.019432
2 2 0.017172 0.046219 0.893455 0.040305 0.002849
0 2 0.813992 0.102243 0.055851 0.002471 0.025444
2 2 0.000831 0.008358 0.983037 0.007635 0.000138
2 2 0.010865 0.046174 0.932281 0.008671 0.002009
2 2 0.035036 0.059365 0.893678 0.010494 0.001428
2 2 0.001066 0.011201 0.985006 0.002488 0.000239
0 2 0.673680 0.166609 0.117960 0.004250 0.037501
2 2 0.033252 0.068674 0.891394 0.003874 0.002807
2 2 0.032770 0.074533 0.880947 0.007113 0.004638
2 2 0.100397 0.101411 0.748266 0.043341 0.006584
0 2 0.416043 0.167174 0.397225 0.004094 0.015464
0 0 0.881877 0.044766 0.032235 0.022171 0.018950
0 1 0.840988 0.105689 0.029753 0.000143 0.023426
0 1 0.467309 0.335827 0.100548 0.000181 0.096134
0 1 0.781950 0.136439 0.042927 0.000336 0.038348
0 0 0.892894 0.066398 0.018825 0.000325 0.021558
0 1 0.763342 0.151458 0.043711 0.000220 0.041270
1 1 0.095243 0.354677 0.277433 0.000101 0.272546
4 1 0.062858 0.311429 0.244239 0.000183 0.381292
2 1 0.060229 0.307752 0.316530 0.000226 0.315263
2 1 0.022457 0.219025 0.408297 0.003280 0.346942
2 2 0.009372 0.148423 0.680368 0.000744 0.161094
2 2 0.001228 0.014556 0.983218 0.000342 0.000655
2 2 0.000857 0.013056 0.984738 0.000536 0.000814
2 2 0.001535 0.018047 0.978309 0.001040 0.001068
2 2 0.000611 0.008676 0.990356 0.000090 0.000267
2 2 0.000749 0.012172 0.985442 0.000907 0.000730
0 2 0.913888 0.067165 0.011396 0.000005 0.007547
0 2 0.973105 0.018420 0.003209 0.000037 0.005229
0 2 0.996410 0.000938 0.000013 0.000000 0.002639
0 0 0.986831 0.008992 0.000205 0.000000 0.003973
0 1 0.891364 0.087443 0.005000 0.000000 0.016193
0 1 0.822236 0.138145 0.004351 0.000000 0.035269
0 2 0.824995 0.132863 0.003596 0.000000 0.038547
0 2 0.981553 0.009923 0.000123 0.000000 0.008401
0 0 0.985457 0.005289 0.000041 0.000000 0.009213
0 0 0.964466 0.026991 0.000430 0.000000 0.008114
0 0 0.642468 0.205964 0.064563 0.000387 0.086617
0 1 0.399371 0.351734 0.133151 0.000353 0.115392
1 1 0.316007 0.369527 0.181255 0.000246 0.132965
1 1 0.245236 0.381306 0.175329 0.000103 0.198026
1 1 0.210522 0.379618 0.181181 0.000111 0.228566
4 1 0.027084 0.221543 0.021413 0.000000 0.729961
4 1 0.033997 0.240624 0.014561 0.000000 0.710819
4 4 0.017797 0.181240 0.014254 0.000000 0.786709
4 4 0.021120 0.201554 0.020053 0.000000 0.757272
4 4 0.018899 0.192701 0.016355 0.000000 0.772045
4 4 0.019369 0.185588 0.022451 0.000000 0.772592
4 4 0.009870 0.132590 0.022316 0.000002 0.835221
4 4 0.017727 0.161704 0.009745 0.000000 0.810823
4 4 0.029267 0.225871 0.025424 0.000000 0.719438
4 4 0.031548 0.199457 0.012126 0.000001 0.756868
4 4 0.041004 0.228178 0.018394 0.000002 0.712423
4 4 0.065050 0.261118 0.014620 0.000002 0.659211
4 4 0.091127 0.304320 0.013142 0.000000 0.591411
4 4 0.049075 0.256976 0.018507 0.000000 0.675442
4 4 0.027835 0.190322 0.012947 0.000001 0.768895
4 4 0.015982 0.157351 0.027374 0.000017 0.799276
4 4 0.033954 0.237242 0.024850 0.000000 0.703954
4 4 0.028651 0.235664 0.029387 0.000000 0.706298
4 4 0.042046 0.268321 0.033804 0.000000 0.655829
4 4 0.017884 0.163830 0.027202 0.000019 0.791066
4 4 0.039472 0.251325 0.021174 0.000000 0.688028
4 4 0.045417 0.247101 0.022033 0.000001 0.685448
4 4 0.025657 0.187900 0.011542 0.000000 0.774901
4 4 0.026964 0.212395 0.016246 0.000000 0.744395
4 4 0.028329 0.203757 0.019497 0.000001 0.748417
4 4 0.074688 0.289288 0.023433 0.000002 0.612589
4 4 0.017177 0.149062 0.009820 0.000001 0.823939
4 4 0.083824 0.316512 0.016893 0.000000 0.582771
4 4 0.037000 0.232864 0.016952 0.000000 0.713183
4 4 0.028528 0.186234 0.014004 0.000004 0.771230
0 4 0.571647 0.220072 0.005745 0.000000 0.202536
0 4 0.537473 0.186437 0.006055 0.000001 0.270035
1 4 0.367954 0.402345 0.020557 0.000000 0.209143
0 4 0.401191 0.382028 0.011877 0.000000 0.204904
0 0 0.655714 0.151273 0.005931 0.000001 0.187080
4 4 0.046938 0.237529 0.002894 0.000000 0.712638
4 4 0.024109 0.132420 0.002203 0.000000 0.841268
4 4 0.032588 0.193658 0.001706 0.000000 0.772048
4 4 0.061223 0.249764 0.002040 0.000000 0.686973
4 4 0.020023 0.168920 0.003145 0.000000 0.807912
4 4 0.031895 0.210465 0.012822 0.000000 0.744817
4 4 0.014649 0.136062 0.008030 0.000001 0.841258
4 4 0.083064 0.314298 0.011787 0.000000 0.590850
4 4 0.029637 0.197718 0.009538 0.000000 0.763106
4 4 0.032817 0.200215 0.007926 0.000000 0.759042
4 4 0.032246 0.229313 0.006649 0.000000 0.731793
4 4 0.022169 0.175345 0.005466 0.000000 0.797020
4 4 0.013996 0.133557 0.004425 0.000000 0.848021
4 4 0.019910 0.165116 0.004017 0.000000 0.810957
4 4 0.022983 0.171080 0.003734 0.000000 0.802203
4 4 0.087086 0.300163 0.014202 0.000000 0.598549
4 4 0.039260 0.220733 0.011433 0.000000 0.728573
4 4 0.026437 0.174634 0.006338 0.000000 0.792591
4 4 0.029983 0.186293 0.007677 0.000000 0.776046
4 4 0.036216 0.209844 0.010003 0.000000 0.743937
4 4 0.066428 0.266098 0.013983 0.000001 0.653490
4 4 0.089670 0.310864 0.009342 0.000000 0.590125
4 4 0.075615 0.234113 0.012922 0.000001 0.677349
4 4 0.043525 0.230293 0.010228 0.000000 0.715953
4 4 0.034207 0.168861 0.009280 0.000001 0.787650
4 4 0.048609 0.174440 0.010318 0.000007 0.766626
4 4 0.114074 0.313891 0.008564 0.000000 0.563471
4 4 0.085085 0.324154 0.011121 0.000000 0.579640
4 4 0.049548 0.239665 0.009068 0.000000 0.701719
4 4 0.035696 0.101649 0.003017 0.000001 0.859637
4 4 0.029530 0.137063 0.002495 0.000000 0.830913
4 4 0.039689 0.196161 0.003099 0.000000 0.761051
4 4 0.074214 0.293321 0.007187 0.000000 0.625278
4 4 0.053543 0.250465 0.007047 0.000000 0.688945
4 4 0.033644 0.207264 0.010193 0.000000 0.748899
4 4 0.036007 0.230978 0.007493 0.000000 0.725522
4 4 0.023200 0.206721 0.009942 0.000000 0.760138
4 4 0.009949 0.120868 0.008880 0.000001 0.860302
4 4 0.011088 0.128124 0.007507 0.000000 0.853282
4 4 0.018915 0.167940 0.008176 0.000000 0.804970
4 4 0.053211 0.223446 0.002873 0.000000 0.720470
4 4 0.023971 0.209837 0.010014 0.000000 0.756179
4 4 0.024391 0.215943 0.009453 0.000000 0.750213
4 4 0.024440 0.193228 0.006763 0.000000 0.775569
4 4 0.020282 0.196038 0.013327 0.000000 0.770353
4 4 0.018746 0.183749 0.005060 0.000000 0.792446
4 4 0.015998 0.158940 0.005863 0.000000 0.819200
4 4 0.016449 0.148940 0.002049 0.000000 0.832562
4 4 0.014925 0.166895 0.006209 0.000000 0.811971
4 4 0.014897 0.167887 0.007226 0.000000 0.809990
4 4 0.024535 0.200818 0.016262 0.000000 0.758384
4 4 0.014074 0.157809 0.013736 0.000000 0.814381
4 4 0.021291 0.196132 0.010573 0.000000 0.772004
4 4 0.018040 0.189072 0.010519 0.000000 0.782368
4 4 0.024838 0.206263 0.010949 0.000000 0.757950
0 0 0.606315 0.140219 0.006994 0.000006 0.246465
1 1 0.340763 0.386641 0.008752 0.000000 0.263844
1 1 0.229547 0.381418 0.016384 0.000000 0.372650
4 1 0.172990 0.384619 0.023092 0.000000 0.419299
4 1 0.207252 0.338893 0.017721 0.000001 0.436134
4 1 0.020924 0.218014 0.092928 0.000001 0.668132
4 1 0.034340 0.270819 0.108229 0.000001 0.586611
4 1 0.027740 0.237111 0.115679 0.000006 0.619463
4 1 0.020507 0.208210 0.171374 0.000032 0.599878
4 1 0.017040 0.192720 0.151825 0.000033 0.638381
2 1 0.006002 0.077839 0.894045 0.000136 0.021978
2 2 0.002994 0.042347 0.947908 0.000091 0.006660
2 2 0.010769 0.118108 0.832646 0.000006 0.038470
2 2 0.019640 0.135973 0.815150 0.000004 0.029233
2 2 0.001435 0.026622 0.967837 0.000101 0.004005
2 2 0.001058 0.017861 0.979672 0.000020 0.001389
2 2 0.000157 0.005766 0.993156 0.000456 0.000465
2 2 0.000171 0.004887 0.994616 0.000122 0.000204
2 2 0.000063 0.002980 0.996505 0.000323 0.000129
2 2 0.000183 0.005611 0.993679 0.000201 0.000326
2 2 0.003231 0.029451 0.959853 0.005215 0.002251
2 2 0.001060 0.013558 0.980663 0.004159 0.000561
1 2 0.317905 0.331130 0.269209 0.000768 0.080988
2 2 0.001145 0.015479 0.978936 0.003536 0.000904
2 2 0.001717 0.015280 0.979593 0.003008 0.000403
2 2 0.001171 0.017215 0.979666 0.000637 0.001311
2 2 0.000487 0.010642 0.986507 0.001514 0.000850
2 2 0.000490 0.010337 0.987535 0.000872 0.000765
2 2 0.000469 0.013269 0.980978 0.003094 0.002190
2 2 0.000327 0.009359 0.988907 0.000498 0.000909
2 2 0.000179 0.005760 0.993375 0.000317 0.000369
2 2 0.000110 0.005281 0.991476 0.002602 0.000530
2 2 0.000337 0.009068 0.987081 0.002734 0.000781
2 2 0.000119 0.004718 0.993000 0.001883 0.000280
2 2 0.000074 0.003560 0.993928 0.002253 0.000186
2 2 0.001298 0.016547 0.966763 0.014500 0.000892
2 2 0.001322 0.024844 0.900049 0.068380 0.005405
2 2 0.001421 0.020491 0.936116 0.040013 0.001960
2 2 0.155495 0.206617 0.619968 0.001827 0.016093
2 2 0.015910 0.066393 0.904050 0.009401 0.004246
0 2 0.921993 0.054616 0.015294 0.000066 0.008031
0 2 0.722348 0.117849 0.142139 0.003880 0.013785
0 1 0.900498 0.057020 0.023798 0.001344 0.017340
0 1 0.929265 0.051675 0.013380 0.000027 0.005653
0 1 0.981701 0.008394 0.002700 0.001962 0.005243
2 1 0.002578 0.031232 0.961492 0.001105 0.003594
2 2 0.000454 0.013202 0.982962 0.001112 0.002271
2 2 0.009850 0.047912 0.935654 0.003611 0.002973
2 2 0.001685 0.023700 0.972231 0.000217 0.002166
2 2 0.000513 0.011741 0.985806 0.000802 0.001137
2 2 0.001056 0.015136 0.971762 0.011162 0.000884
2 2 0.015423 0.063583 0.914194 0.002668 0.004132
2 2 0.000545 0.010824 0.978347 0.009627 0.000657
2 2 0.000191 0.005421 0.980554 0.013642 0.000192
2 2 0.000414 0.009641 0.971846 0.017471 0.000627
2 2 0.000291 0.009490 0.958414 0.030697 0.001107
2 2 0.000808 0.017813 0.942387 0.036029 0.002963
2 2 0.000444 0.008916 0.984246 0.005986 0.000407
2 2 0.000516 0.014356 0.915988 0.066580 0.002560
2 2 0.000439 0.010926 0.974252 0.013370 0.001013
2 2 0.000200 0.006936 0.918102 0.074228 0.000534
2 2 0.001774 0.018733 0.927183 0.051182 0.001128
2 1 0.005515 0.033146 0.814942 0.143441 0.002957
2 2 0.001339 0.014830 0.971956 0.011223 0.000652
2 2 0.000528 0.013185 0.915499 0.069130 0.001658
2 2 0.000808 0.014435 0.940496 0.043140 0.001120
2 2 0.000382 0.011330 0.888420 0.098311 0.001557
2 2 0.000518 0.009509 0.925013 0.064482 0.000477
2 2 0.000239 0.007555 0.918222 0.073415 0.000569
2 2 0.000666 0.013296 0.844688 0.140143 0.001208
2 2 0.000186 0.006571 0.834921 0.157771 0.000552
2 2 0.000218 0.006914 0.846919 0.145390 0.000558
2 2 0.000187 0.006502 0.862733 0.130100 0.000479
2 2 0.000276 0.007862 0.884642 0.106618 0.000602
2 2 0.000118 0.004692 0.920897 0.074054 0.000239
2 2 0.000503 0.011186 0.936188 0.051281 0.000842
2 2 0.001441 0.024831 0.859544 0.109344 0.004841
2 2 0.000408 0.010604 0.942893 0.045120 0.000975
2 2 0.000450 0.011842 0.915097 0.070887 0.001724
2 2 0.000800 0.018662 0.799005 0.177183 0.004351
2 2 0.000169 0.003319 0.552800 0.443465 0.000246
2 2 0.000262 0.004994 0.558578 0.435683 0.000483
2 2 0.000202 0.004578 0.734397 0.260587 0.000237
2 2 0.001016 0.013783 0.725089 0.258818 0.001293
2 2 0.001118 0.009681 0.810672 0.178159 0.000370
2 2 0.001267 0.018632 0.894142 0.084357 0.001602
2 2 0.001021 0.015143 0.790294 0.191661 0.001880
2 2 0.001240 0.017741 0.815435 0.163519 0.002065
2 2 0.001773 0.025034 0.878516 0.091301 0.003376
2 2 0.006019 0.041939 0.887611 0.060759 0.003672
2 2 0.000593 0.012810 0.946856 0.038586 0.001154
2 2 0.000391 0.009574 0.958028 0.031345 0.000662
2 2 0.000394 0.010686 0.941523 0.046307 0.001090
2 2 0.000219 0.007834 0.900151 0.090994 0.000802
2 2 0.000258 0.008424 0.950732 0.039787 0.000798
2 2 0.000926 0.012986 0.849160 0.136036 0.000892
2 2 0.001220 0.010286 0.882753 0.105306 0.000435
2 2 0.000485 0.011202 0.803172 0.184079 0.001062
2 2 0.001018 0.010245 0.833625 0.154496 0.000616
2 2 0.000568 0.010519 0.709398 0.278498 0.001016
2 2 0.000191 0.005073 0.765279 0.229203 0.000255
2 2 0.000839 0.011369 0.715577 0.271008 0.001207
2 2 0.000214 0.004508 0.785091 0.209984 0.000203
2 2 0.000155 0.004819 0.554805 0.439660 0.000560
2 2 0.000226 0.005273 0.726442 0.267651 0.000408
3 2 0.000422 0.004862 0.402683 0.591560 0.000473
2 2 0.000718 0.006560 0.517529 0.474684 0.000509
2 2 0.000288 0.003878 0.545576 0.450049 0.000209
3 2 0.000145 0.003409 0.428839 0.567339 0.000268
3 2 0.000691 0.004897 0.470638 0.523536 0.000237
3 2 0.000387 0.004352 0.453339 0.541719 0.000203
3 2 0.000490 0.003246 0.278455 0.717574 0.000234
3 2 0.000248 0.003357 0.438191 0.558033 0.000172
3 2 0.000567 0.004697 0.380947 0.613462 0.000327
3 2 0.000434 0.002992 0.243723 0.752626 0.000225
3 2 0.000369 0.004427 0.303512 0.691207 0.000484
3 2 0.000277 0.002255 0.225288 0.772007 0.000172
3 2 0.000126 0.001853 0.244801 0.753050 0.000170
3 2 0.000130 0.001665 0.309606 0.688534 0.000064
3 2 0.000408 0.002590 0.188503 0.808275 0.000224
3 2 0.000268 0.001932 0.185615 0.812046 0.000140
3 2 0.000126 0.001433 0.246083 0.752297 0.000061
3 2 0.000499 0.002367 0.227946 0.769104 0.000084
3 2 0.000475 0.003483 0.223771 0.771987 0.000284
3 2 0.000207 0.001496 0.176712 0.821515 0.000070
3 2 0.001705 0.008772 0.404978 0.584003 0.000541
3 2 0.000271 0.002582 0.219215 0.777655 0.000278
3 2 0.001158 0.004579 0.233296 0.760626 0.000341
3 2 0.000439 0.003026 0.231377 0.764920 0.000237
3 2 0.001384 0.004423 0.177179 0.816445 0.000569
3 2 0.000759 0.003888 0.179155 0.815832 0.000366
3 2 0.000744 0.003391 0.179968 0.815615 0.000283
3 2 0.000799 0.004547 0.285175 0.709151 0.000327
3 2 0.001849 0.008357 0.327897 0.661210 0.000688
3 2 0.001553 0.004743 0.192859 0.800388 0.000457
3 2 0.000218 0.002078 0.196034 0.801514 0.000156
3 2 0.001220 0.003832 0.173018 0.821642 0.000288
3 2 0.000638 0.003457 0.208284 0.787377 0.000243
3 2 0.000260 0.001738 0.187548 0.810369 0.000085
3 2 0.001136 0.002744 0.119241 0.876667 0.000212
0 0 0.970051 0.020860 0.000715 0.000000 0.008374
0 1 0.948662 0.042703 0.000386 0.000000 0.008249
0 2 0.913853 0.069225 0.003140 0.000000 0.013781
0 2 0.990196 0.005400 0.000087 0.000000 0.004316
0 2 0.995869 0.000755 0.000003 0.000000 0.003373
0 2 0.805604 0.064146 0.016670 0.005320 0.108260
0 2 0.836028 0.056573 0.005091 0.000090 0.102218
0 2 0.399417 0.363941 0.097343 0.000176 0.139123
2 2 0.184145 0.322391 0.367550 0.000927 0.124986
0 2 0.410143 0.295205 0.116280 0.000672 0.177699
0 2 0.761898 0.093712 0.021616 0.001873 0.120901
1 2 0.137427 0.355576 0.251731 0.000376 0.254890
1 2 0.269857 0.380051 0.148712 0.000233 0.201148
2 2 0.111783 0.277182 0.407208 0.003275 0.200552
0 2 0.595721 0.225476 0.051134 0.000282 0.127388
2 2 0.001227 0.040315 0.941633 0.000023 0.016803
2 2 0.002239 0.060777 0.901189 0.000033 0.035762
2 2 0.005431 0.123340 0.749217 0.000017 0.121995
2 2 0.003627 0.086721 0.848182 0.000104 0.061366
2 2 0.003965 0.101749 0.794833 0.000041 0.099411
2 2 0.006544 0.123033 0.777276 0.000010 0.093137
2 2 0.015391 0.206077 0.482384 0.000050 0.296099
2 2 0.019446 0.209534 0.574065 0.000133 0.196823
2 2 0.011915 0.166684 0.683547 0.000018 0.137837
2 2 0.025465 0.222035 0.591480 0.000096 0.160924
0 2 0.991397 0.002495 0.000021 0.000000 0.006088
0 2 0.968268 0.009854 0.000147 0.000000 0.021731
0 2 0.782170 0.170356 0.005654 0.000000 0.041819
0 2 0.713040 0.204641 0.024734 0.000007 0.057578
0 2 0.793029 0.152802 0.022397 0.000009 0.031764
2 2 0.019205 0.167186 0.739602 0.000042 0.073965
2 2 0.005151 0.096911 0.836383 0.000111 0.061444
2 2 0.004740 0.096167 0.832089 0.000653 0.066352
2 2 0.004466 0.117073 0.723079 0.000260 0.155121
2 2 0.016795 0.207714 0.567296 0.000036 0.208158
4 2 0.283138 0.342465 0.008845 0.000000 0.365552
1 2 0.262979 0.381088 0.008409 0.000000 0.347523
0 2 0.651797 0.173211 0.001684 0.000000 0.173308
0 2 0.738009 0.055893 0.000120 0.000000 0.205977
4 2 0.204410 0.362151 0.006663 0.000000 0.426775
0 2 0.333084 0.311027 0.064878 0.000316 0.290695
1 2 0.361290 0.392898 0.043493 0.000006 0.202313
1 2 0.266470 0.391636 0.064229 0.000057 0.277608
1 2 0.278836 0.352035 0.123981 0.000505 0.244643
0 2 0.712134 0.041626 0.002215 0.000095 0.243930
0 0 0.990087 0.006212 0.000076 0.000000 0.003625
0 0 0.974307 0.018134 0.000483 0.000000 0.007077
0 0 0.949741 0.038606 0.001737 0.000000 0.009916
0 1 0.742938 0.213591 0.010384 0.000000 0.033087
0 1 0.770257 0.189900 0.008057 0.000000 0.031786
0 1 0.444432 0.343502 0.130982 0.000054 0.081029
0 1 0.642361 0.230806 0.072326 0.000141 0.054367
0 1 0.450734 0.334724 0.152524 0.000092 0.061925
1 1 0.314594 0.321316 0.310313 0.000929 0.052848
2 1 0.193315 0.323518 0.401185 0.000452 0.081529
0 1 0.670807 0.248712 0.045007 0.000009 0.035464
0 1 0.718359 0.195027 0.048678 0.000060 0.037876
0 0 0.939469 0.036793 0.010204 0.000369 0.013166
0 0 0.924120 0.052343 0.010668 0.000051 0.012818
0 0 0.830357 0.113840 0.028676 0.000104 0.027023
4 1 0.099040 0.385051 0.097359 0.000000 0.418550
4 1 0.091807 0.374123 0.100925 0.000000 0.433145
4 1 0.045868 0.272456 0.172225 0.000063 0.509388
4 1 0.056307 0.310565 0.102105 0.000002 0.531021
4 1 0.048832 0.304893 0.150268 0.000001 0.496005
1 1 0.259199 0.405364 0.081311 0.000013 0.254112
1 1 0.265415 0.390805 0.100098 0.000112 0.243570
0 0 0.639072 0.209145 0.044955 0.000198 0.106630
0 1 0.517221 0.296027 0.037133 0.000019 0.149601
1 1 0.264021 0.386790 0.087247 0.000185 0.261758
2 1 0.016938 0.199813 0.614599 0.000137 0.168513
2 1 0.011797 0.182722 0.594738 0.000083 0.210659
2 1 0.006665 0.120475 0.784955 0.000080 0.087825
2 2 0.003308 0.083370 0.846713 0.000148 0.066461
2 2 0.005682 0.111590 0.798118 0.000143 0.084468
2 2 0.000533 0.012444 0.985682 0.000186 0.001154
2 2 0.000409 0.011140 0.984079 0.003024 0.001349
2 2 0.004848 0.060589 0.922446 0.000362 0.011755
2 2 0.004220 0.058753 0.925371 0.000016 0.011640
2 2 0.000138 0.005600 0.993391 0.000346 0.000525
2 2 0.002140 0.030421 0.963643 0.000101 0.003695
2 2 0.000981 0.015011 0.982989 0.000106 0.000913
2 2 0.005778 0.063109 0.921250 0.000031 0.009832
2 2 0.000393 0.010098 0.988024 0.000558 0.000927
2 2 0.000281 0.008701 0.987421 0.002691 0.000906
4 4 0.012183 0.164345 0.073992 0.000008 0.749472
4 4 0.018381 0.206900 0.114137 0.000003 0.660579
4 4 0.025067 0.216654 0.088848 0.000019 0.669411
4 4 0.022072 0.197508 0.060724 0.000020 0.719675
4 4 0.030081 0.231248 0.055981 0.000003 0.682686
1 4 0.293116 0.394090 0.055587 0.000029 0.257177
0 4 0.404761 0.334022 0.042919 0.000027 0.218271
0 0 0.755558 0.118939 0.012301 0.000042 0.113160
0 0 0.728863 0.187306 0.006352 0.000000 0.077479
0 4 0.415594 0.387883 0.021013 0.000000 0.175510
4 4 0.045800 0.232478 0.006143 0.000000 0.715579
4 4 0.030136 0.188612 0.004246 0.000000 0.777006
4 4 0.027372 0.193477 0.004486 0.000000 0.774666
4 4 0.027661 0.184183 0.005992 0.000000 0.782164
4 4 0.029069 0.198131 0.004036 0.000000 0.768765
4 4 0.057204 0.208068 0.010224 0.000002 0.724502
4 4 0.075479 0.276067 0.019123 0.000005 0.629325
4 4 0.046311 0.205285 0.020224 0.000032 0.728148
4 4 0.057794 0.191161 0.012879 0.000010 0.738156
4 4 0.055181 0.230444 0.013708 0.000004 0.700663
4 4 0.167717 0.269154 0.033513 0.000089 0.529526
4 4 0.183110 0.275458 0.025549 0.000027 0.515855
1 4 0.370632 0.384710 0.009464 0.000000 0.235194
0 0 0.608737 0.180212 0.024727 0.000125 0.186199
1 1 0.303469 0.380345 0.018404 0.000001 0.297781
4 4 0.023939 0.181255 0.005500 0.000000 0.789306
4 4 0.008277 0.110345 0.004404 0.000000 0.876974
4 4 0.015952 0.170265 0.007502 0.000000 0.806281
4 4 0.016258 0.152874 0.004236 0.000000 0.826631
4 4 0.014530 0.149510 0.004609 0.000000 0.831350
4 4 0.018162 0.177943 0.007941 0.000000 0.795953
4 4 0.027413 0.217274 0.008657 0.000000 0.746655
4 4 0.016448 0.145171 0.004761 0.000000 0.833620
4 4 0.038495 0.200306 0.004673 0.000000 0.756526
4 4 0.035588 0.227172 0.007684 0.000000 0.729557
4 4 0.027857 0.199446 0.007887 0.000000 0.764811
4 4 0.013299 0.151038 0.007563 0.000000 0.828099
4 4 0.017481 0.168816 0.007107 0.000000 0.806596
4 4 0.046751 0.257392 0.005392 0.000000 0.690466
4 4 0.019120 0.160833 0.004147 0.000000 0.815901
4 4 0.120206 0.363930 0.022213 0.000000 0.493651
