3 3 0.004396 0.004595 0.036106 0.952848 0.002056
3 3 0.000641 0.001491 0.029437 0.967878 0.000554
3 3 0.000735 0.002822 0.054093 0.940565 0.001785
3 3 0.000693 0.002109 0.044649 0.951839 0.000710
3 3 0.000732 0.001640 0.028808 0.968072 0.000749
3 3 0.001074 0.002696 0.041427 0.953280 0.001523
3 3 0.001187 0.001657 0.021372 0.975041 0.000743
3 3 0.000891 0.001737 0.031458 0.965447 0.000467
3 3 0.001570 0.001434 0.014877 0.981491 0.000628
3 3 0.001737 0.003319 0.040829 0.952115 0.002000
3 3 0.001049 0.001160 0.014861 0.982432 0.000498
3 3 0.000890 0.001411 0.021695 0.975441 0.000564
3 3 0.000257 0.000814 0.022652 0.975859 0.000419
3 3 0.001283 0.003225 0.045586 0.947899 0.002007
3 3 0.001207 0.001976 0.025444 0.970301 0.001071
3 3 0.000327 0.000823 0.021674 0.976883 0.000293
3 3 0.000793 0.001212 0.018224 0.979180 0.000592
3 3 0.000582 0.001212 0.022348 0.975267 0.000590
3 3 0.000963 0.002308 0.035496 0.959877 0.001356
3 3 0.000312 0.000917 0.026326 0.972149 0.000297
3 3 0.002264 0.003328 0.033056 0.959109 0.002244
3 3 0.000689 0.001283 0.022141 0.975323 0.000564
3 3 0.001060 0.001330 0.016893 0.980057 0.000660
3 3 0.001394 0.001421 0.015618 0.980851 0.000716
3 3 0.001738 0.001155 0.009563 0.986782 0.000762
3 3 0.001027 0.001596 0.020368 0.975948 0.001060
3 3 0.001304 0.001677 0.018637 0.977093 0.001289
3 3 0.000998 0.001433 0.021326 0.975745 0.000497
3 3 0.001223 0.002393 0.031019 0.963583 0.001782
3 3 0.001943 0.002211 0.021748 0.972727 0.001371
3 3 0.000891 0.002351 0.040924 0.954563 0.001270
3 3 0.000469 0.001196 0.027287 0.970604 0.000443
3 3 0.000494 0.001760 0.044726 0.952449 0.000570
3 3 0.002999 0.002590 0.020806 0.972297 0.001308
3 3 0.001784 0.002896 0.032934 0.960672 0.001713
3 3 0.000911 0.001304 0.017017 0.979941 0.000828
3 3 0.000721 0.001186 0.019758 0.977845 0.000489
3 3 0.001726 0.002277 0.023769 0.970796 0.001432
3 3 0.001720 0.001766 0.018350 0.977298 0.000866
3 3 0.000929 0.001768 0.026091 0.970280 0.000931
3 3 0.000382 0.000725 0.017970 0.980728 0.000195
3 3 0.000908 0.001653 0.023838 0.972634 0.000967
3 3 0.000947 0.001142 0.016628 0.980898 0.000385
3 3 0.000657 0.001374 0.026519 0.970971 0.000479
3 3 0.000744 0.001240 0.019469 0.977915 0.000633
3 3 0.002440 0.002419 0.021064 0.972793 0.001285
3 3 0.001524 0.001056 0.010626 0.986363 0.000431
3 3 0.000499 0.000833 0.017292 0.981118 0.000259
3 3 0.000751 0.000817 0.011328 0.986697 0.000407
3 3 0.000828 0.000863 0.012262 0.985718 0.000330
3 3 0.001490 0.002701 0.032917 0.961273 0.001619
3 3 0.001032 0.001704 0.022598 0.973608 0.001058
3 3 0.002094 0.002863 0.029256 0.964091 0.001695
3 3 0.000877 0.002256 0.036765 0.958891 0.001211
3 3 0.000951 0.001618 0.023384 0.973254 0.000793
3 3 0.000458 0.001841 0.047147 0.949826 0.000728
3 3 0.000244 0.001453 0.052786 0.944951 0.000566
3 3 0.000510 0.002417 0.063449 0.932749 0.000874
3 3 0.000302 0.002443 0.097136 0.899456 0.000662
3 3 0.000853 0.006024 0.161442 0.830370 0.001312
2 3 0.038583 0.130719 0.668916 0.114755 0.047027
2 3 0.046880 0.169333 0.620024 0.096238 0.067525
2 0 0.180607 0.212797 0.474292 0.078359 0.053945
0 0 0.750415 0.117581 0.097390 0.011974 0.022640
0 0 0.595547 0.175258 0.183542 0.012272 0.033381
4 2 0.009612 0.137275 0.212681 0.001731 0.638701
4 1 0.010371 0.145091 0.333294 0.002684 0.508559
4 2 0.017453 0.179907 0.182043 0.000832 0.619764
4 1 0.007260 0.116283 0.252373 0.002757 0.621328
4 1 0.009770 0.146268 0.308799 0.004413 0.530750
2 1 0.024078 0.234257 0.462616 0.001279 0.277770
2 1 0.011208 0.156205 0.608342 0.003059 0.221187
2 2 0.008378 0.125131 0.718506 0.003125 0.144860
2 2 0.017152 0.200489 0.563513 0.001236 0.217610
2 2 0.012425 0.164985 0.615330 0.001517 0.205743
2 1 0.043226 0.271832 0.490286 0.002712 0.191944
2 2 0.007691 0.112563 0.765072 0.003070 0.111604
2 2 0.014560 0.167390 0.708230 0.001037 0.108782
2 2 0.013047 0.162641 0.700456 0.003001 0.120854
2 2 0.007355 0.115412 0.768191 0.003192 0.105851
2 2 0.007077 0.099683 0.841319 0.002093 0.049828
2 2 0.012436 0.140395 0.787702 0.001828 0.057638
2 1 0.006971 0.081534 0.888320 0.001244 0.021930
2 2 0.004168 0.073409 0.880369 0.005130 0.036924
2 2 0.006271 0.082835 0.876617 0.002136 0.032141
2 2 0.004957 0.077156 0.864116 0.005225 0.048546
2 2 0.013387 0.154675 0.737422 0.002108 0.092408
2 2 0.018396 0.202583 0.652196 0.001170 0.125655
2 1 0.063681 0.289679 0.531189 0.002136 0.113314
2 1 0.016921 0.182579 0.702802 0.002065 0.095634
2 2 0.015158 0.193732 0.597982 0.000905 0.192223
2 2 0.019587 0.212787 0.553693 0.001114 0.212819
2 1 0.026712 0.238517 0.562522 0.001498 0.170751
2 2 0.021739 0.208035 0.626540 0.001720 0.141966
2 2 0.017377 0.182601 0.646752 0.001298 0.151972
2 1 0.020383 0.189725 0.507264 0.000356 0.282273
2 2 0.018339 0.192981 0.569473 0.000649 0.218558
2 2 0.015317 0.172202 0.607532 0.000583 0.204366
2 2 0.009247 0.122994 0.662776 0.000451 0.204531
2 2 0.011815 0.144655 0.670836 0.000929 0.171765
2 1 0.055195 0.329479 0.390135 0.000719 0.224471
1 1 0.181480 0.355288 0.266279 0.001075 0.195878
1 1 0.252733 0.396409 0.165961 0.000284 0.184613
1 1 0.204583 0.368920 0.283674 0.000971 0.141852
2 2 0.053516 0.314328 0.404777 0.000756 0.226623
2 2 0.025392 0.219681 0.633582 0.001063 0.120281
2 2 0.021154 0.203270 0.640091 0.001258 0.134227
2 2 0.014923 0.151270 0.753747 0.000771 0.079290
2 2 0.013720 0.129290 0.770857 0.000507 0.085625
2 1 0.067808 0.324405 0.389960 0.000608 0.217219
1 1 0.102166 0.402725 0.229507 0.000205 0.265397
1 1 0.132392 0.368422 0.245161 0.000597 0.253428
1 1 0.062232 0.343181 0.267686 0.000299 0.326602
1 1 0.094428 0.370128 0.294765 0.000099 0.240581
0 0 0.761888 0.151842 0.041907 0.000274 0.044089
0 0 0.594925 0.244615 0.018936 0.000005 0.141520
0 0 0.589627 0.264849 0.022714 0.000004 0.122805
0 0 0.547492 0.236832 0.027909 0.000018 0.187749
0 0 0.447718 0.293336 0.026155 0.000006 0.232787
0 0 0.382477 0.310862 0.033738 0.000009 0.272914
0 0 0.866879 0.089426 0.025339 0.000094 0.018263
0 0 0.827245 0.119808 0.025948 0.000024 0.026974
0 0 0.804936 0.131138 0.032823 0.000046 0.031056
0 0 0.732707 0.170478 0.048871 0.000119 0.047824
0 0 0.669282 0.213528 0.053919 0.000035 0.063236
0 0 0.650276 0.218279 0.043468 0.000077 0.087899
0 0 0.662605 0.219936 0.033482 0.000057 0.083920
0 0 0.591673 0.257593 0.041567 0.000092 0.109075
0 0 0.593601 0.253577 0.044607 0.000113 0.108103
0 0 0.467892 0.303513 0.060524 0.000108 0.167963
4 0 0.128672 0.265534 0.038693 0.000016 0.567085
4 0 0.121739 0.266093 0.039790 0.000019 0.572359
4 0 0.151055 0.296134 0.035370 0.000009 0.517432
4 0 0.074103 0.286773 0.032935 0.000002 0.606187
4 0 0.242834 0.339196 0.042222 0.000024 0.375723
4 0 0.247802 0.350586 0.050338 0.000016 0.351259
1 0 0.258876 0.352289 0.055668 0.000020 0.333148
1 0 0.304796 0.335736 0.053582 0.000024 0.305863
0 0 0.345085 0.312529 0.044803 0.000052 0.297531
4 0 0.192447 0.292037 0.050170 0.000057 0.465289
4 0 0.346693 0.256414 0.024169 0.000021 0.372702
4 0 0.247508 0.276695 0.019856 0.000003 0.455939
4 0 0.106829 0.294300 0.023932 0.000002 0.574937
4 0 0.145845 0.286834 0.022884 0.000003 0.544434
4 0 0.166552 0.313956 0.030292 0.000003 0.489197
4 0 0.112825 0.315412 0.025624 0.000000 0.546139
4 0 0.095300 0.313440 0.026676 0.000000 0.564583
0 0 0.347593 0.295284 0.028274 0.000005 0.328845
0 0 0.495608 0.268741 0.017951 0.000002 0.217698
4 0 0.066292 0.269290 0.026665 0.000000 0.637752
4 0 0.129474 0.246821 0.028719 0.000018 0.594968
4 0 0.098888 0.301488 0.035078 0.000002 0.564543
4 0 0.078147 0.292983 0.032372 0.000002 0.596497
4 0 0.138969 0.336794 0.038550 0.000002 0.485685
4 0 0.156698 0.318284 0.060052 0.000013 0.464953
0 0 0.690250 0.205652 0.024594 0.000016 0.079488
1 0 0.298567 0.348913 0.036977 0.000004 0.315539
1 0 0.305002 0.377216 0.042873 0.000005 0.274905
4 0 0.254914 0.352935 0.036877 0.000004 0.355270
4 0 0.210750 0.370037 0.045839 0.000003 0.373372
0 0 0.422737 0.356904 0.031086 0.000000 0.189273
0 0 0.576889 0.277042 0.018806 0.000001 0.127262
0 0 0.501711 0.327303 0.023183 0.000001 0.147803
0 0 0.421490 0.361984 0.032628 0.000001 0.183898
0 0 0.511577 0.318995 0.019658 0.000000 0.149769
0 0 0.846166 0.114386 0.013410 0.000003 0.026036
0 0 0.741068 0.181039 0.025831 0.000007 0.052054
0 0 0.713878 0.197908 0.031726 0.000007 0.056481
0 0 0.936702 0.045976 0.010720 0.000016 0.006585
0 0 0.926441 0.053095 0.012526 0.000015 0.007924
0 0 0.360187 0.269952 0.031811 0.000013 0.338037
4 0 0.133932 0.320062 0.041937 0.000005 0.504064
4 0 0.161615 0.347076 0.040039 0.000002 0.451267
4 0 0.107132 0.335867 0.040440 0.000002 0.516559
4 0 0.114299 0.326081 0.038318 0.000003 0.521298
4 0 0.097714 0.316463 0.026942 0.000000 0.558881
4 0 0.108438 0.300187 0.019687 0.000000 0.571688
4 0 0.161582 0.306863 0.020589 0.000000 0.510966
4 0 0.085544 0.299416 0.026048 0.000000 0.588992
4 0 0.121675 0.309473 0.020586 0.000000 0.548265
4 0 0.280632 0.306692 0.018228 0.000001 0.394446
4 0 0.223411 0.350150 0.022440 0.000000 0.403998
0 0 0.332858 0.327989 0.018848 0.000001 0.320304
4 0 0.304912 0.311851 0.019156 0.000002 0.364079
0 0 0.350421 0.329060 0.016861 0.000000 0.303658
0 0 0.417836 0.344235 0.052820 0.000045 0.185063
0 0 0.480519 0.298996 0.052739 0.000086 0.167659
0 0 0.540052 0.275256 0.041780 0.000068 0.142845
0 0 0.623737 0.209777 0.055484 0.000658 0.110343
0 0 0.549370 0.275300 0.043142 0.000132 0.132055
1 0 0.271756 0.376281 0.064097 0.000009 0.287856
1 0 0.309272 0.348915 0.045480 0.000009 0.296325
1 0 0.307619 0.353665 0.044875 0.000005 0.293836
4 0 0.158286 0.362132 0.040465 0.000003 0.439114
4 0 0.180223 0.379979 0.053079 0.000005 0.386715
4 0 0.141235 0.307580 0.031826 0.000003 0.519355
4 0 0.107209 0.335166 0.042059 0.000001 0.515565
4 0 0.224044 0.313317 0.031469 0.000006 0.431165
4 0 0.205160 0.313885 0.022866 0.000002 0.458087
4 0 0.187323 0.332974 0.035333 0.000003 0.444367
0 0 0.639754 0.229163 0.026777 0.000039 0.104268
0 0 0.559848 0.275723 0.050640 0.000055 0.113735
0 0 0.720902 0.187134 0.027591 0.000034 0.064340
0 0 0.821194 0.125546 0.020718 0.000028 0.032514
0 0 0.808657 0.136228 0.016679 0.000012 0.038425
0 0 0.345349 0.332821 0.047401 0.000023 0.274406
1 0 0.270670 0.342048 0.069114 0.000035 0.318134
4 0 0.271521 0.309695 0.044951 0.000045 0.373789
0 0 0.336279 0.327846 0.044760 0.000026 0.291090
0 0 0.407306 0.329188 0.046640 0.000036 0.216830
4 0 0.273633 0.265919 0.008770 0.000000 0.451678
4 0 0.089099 0.299499 0.020632 0.000000 0.590769
4 0 0.095328 0.304381 0.017141 0.000000 0.583149
4 0 0.077571 0.285281 0.023479 0.000000 0.613669
4 0 0.149699 0.348847 0.023928 0.000000 0.477526
0 0 0.521610 0.297388 0.064367 0.000034 0.116601
0 0 0.802589 0.131761 0.029247 0.000137 0.036266
0 0 0.736478 0.176830 0.031092 0.000048 0.055553
0 0 0.553597 0.280708 0.049966 0.000042 0.115687
0 0 0.539406 0.284328 0.059856 0.000066 0.116344
0 0 0.466800 0.280650 0.051044 0.000137 0.201369
0 0 0.539082 0.269738 0.043595 0.000119 0.147466
0 0 0.535939 0.291460 0.050734 0.000033 0.121833
4 0 0.215349 0.283358 0.077491 0.001169 0.422633
1 0 0.160753 0.368952 0.109313 0.000120 0.360862
4 0 0.049360 0.247340 0.056915 0.000005 0.646380
4 0 0.054633 0.255548 0.043659 0.000005 0.646155
4 0 0.069749 0.286835 0.052551 0.000007 0.590857
4 0 0.064510 0.280083 0.065448 0.000009 0.589951
4 0 0.147902 0.334444 0.044263 0.000009 0.473382
4 0 0.127372 0.366029 0.082649 0.000022 0.423928
4 0 0.066270 0.288905 0.113371 0.000063 0.531390
4 0 0.090299 0.324194 0.086287 0.000029 0.499192
4 0 0.209113 0.310019 0.089457 0.000346 0.391066
4 0 0.069732 0.326164 0.208185 0.000221 0.395698
4 0 0.058226 0.270314 0.079130 0.000026 0.592304
4 0 0.055903 0.263876 0.069113 0.000010 0.611098
4 0 0.065559 0.279155 0.051617 0.000007 0.603661
4 0 0.062327 0.273469 0.052588 0.000008 0.611609
4 0 0.113668 0.261118 0.040014 0.000027 0.585173
0 0 0.542850 0.267396 0.042641 0.000104 0.147009
1 0 0.250205 0.360296 0.074901 0.000100 0.314498
4 0 0.162625 0.372256 0.061283 0.000019 0.403818
4 0 0.285077 0.313637 0.039237 0.000034 0.362014
0 0 0.357769 0.311198 0.041538 0.000034 0.289462
4 0 0.055113 0.264319 0.082392 0.000030 0.598146
4 0 0.047083 0.247453 0.184001 0.000093 0.521370
4 0 0.048824 0.251955 0.102449 0.000033 0.596740
4 0 0.039781 0.229741 0.105888 0.000021 0.624570
4 0 0.052591 0.260902 0.123102 0.000041 0.563365
4 0 0.047594 0.248944 0.111114 0.000012 0.592336
4 0 0.050458 0.253901 0.081041 0.000019 0.614581
4 0 0.037878 0.224601 0.103147 0.000024 0.634350
4 0 0.050802 0.256554 0.109233 0.000027 0.583384
4 0 0.036493 0.221771 0.129560 0.000048 0.612129
4 0 0.031859 0.207036 0.103662 0.000013 0.657430
4 0 0.035065 0.217567 0.143760 0.000029 0.603579
4 0 0.032304 0.209171 0.117389 0.000027 0.641109
4 0 0.037340 0.223657 0.119808 0.000023 0.619172
4 0 0.036851 0.222657 0.128255 0.000038 0.612199
1 0 0.211044 0.384448 0.082885 0.000060 0.321562
1 0 0.338043 0.351963 0.060656 0.000021 0.249317
0 0 0.507104 0.263205 0.055113 0.000301 0.174277
0 0 0.529240 0.295982 0.041670 0.000027 0.133081
0 0 0.524273 0.282177 0.043691 0.000045 0.149813
0 0 0.547855 0.295916 0.042687 0.000006 0.113537
0 0 0.553922 0.289460 0.044253 0.000011 0.112354
0 0 0.555403 0.290323 0.041192 0.000008 0.113074
0 0 0.507906 0.319239 0.048209 0.000005 0.124640
0 0 0.585515 0.279661 0.035069 0.000003 0.099752
0 0 0.591255 0.273957 0.037679 0.000004 0.097105
0 0 0.592944 0.272903 0.035032 0.000004 0.099117
0 0 0.581021 0.271509 0.047616 0.000017 0.099838
0 0 0.661767 0.229055 0.025046 0.000008 0.084124
0 0 0.638846 0.245428 0.028809 0.000005 0.086912
0 0 0.465593 0.321934 0.067034 0.000057 0.145382
0 0 0.538948 0.266157 0.054628 0.000127 0.140140
0 0 0.583655 0.261929 0.042044 0.000070 0.112301
1 0 0.297226 0.400646 0.084094 0.000023 0.218012
0 0 0.421958 0.327437 0.069958 0.000054 0.180594
4 0 0.204783 0.345634 0.075715 0.000064 0.373804
4 0 0.217575 0.341175 0.073339 0.000044 0.367867
4 0 0.187316 0.364611 0.074969 0.000029 0.373076
4 0 0.121757 0.340638 0.078497 0.000018 0.459090
4 0 0.099997 0.337317 0.113611 0.000036 0.449039
0 0 0.778235 0.147668 0.036751 0.000049 0.037296
0 0 0.922550 0.045102 0.026551 0.000169 0.005628
0 0 0.922467 0.050864 0.017871 0.000296 0.008503
0 0 0.943201 0.039736 0.011538 0.000048 0.005477
0 0 0.951987 0.032521 0.011789 0.000031 0.003671
0 0 0.835706 0.107920 0.026409 0.000484 0.029482
0 0 0.790877 0.123875 0.017531 0.002021 0.065696
0 0 0.918546 0.056927 0.011451 0.000411 0.012665
0 0 0.928213 0.051954 0.010387 0.000063 0.009382
0 0 0.926304 0.049495 0.015429 0.000273 0.008499
4 0 0.281916 0.315235 0.027975 0.000003 0.374871
4 0 0.297683 0.310116 0.021450 0.000002 0.370749
4 0 0.102104 0.265266 0.018327 0.000001 0.614303
4 0 0.078117 0.295311 0.039437 0.000001 0.587134
4 0 0.077667 0.295486 0.042529 0.000000 0.584317
4 0 0.042910 0.233556 0.061781 0.000017 0.661736
4 0 0.035324 0.215470 0.076338 0.000023 0.672845
4 0 0.035563 0.216975 0.083515 0.000031 0.663915
4 0 0.029904 0.202152 0.132151 0.000039 0.635754
4 0 0.033084 0.208203 0.069935 0.000022 0.688757
4 0 0.115276 0.224490 0.061430 0.000385 0.598419
4 0 0.072428 0.259737 0.075554 0.000150 0.592131
4 0 0.049552 0.252533 0.082270 0.000058 0.615587
4 0 0.055742 0.267070 0.098488 0.000057 0.578643
4 0 0.064880 0.280003 0.086004 0.000061 0.569052
4 0 0.249040 0.277300 0.065526 0.000236 0.407898
1 0 0.191550 0.373579 0.096747 0.000042 0.338082
4 0 0.166651 0.325783 0.072400 0.000125 0.435042
4 0 0.068224 0.287973 0.070523 0.000019 0.573261
4 0 0.107727 0.345803 0.085178 0.000022 0.461271
4 0 0.066909 0.288846 0.097957 0.000104 0.546184
4 0 0.080860 0.311543 0.104166 0.000046 0.503385
4 0 0.086313 0.324526 0.098281 0.000045 0.490835
4 0 0.087398 0.255660 0.065558 0.000171 0.591213
0 0 0.504228 0.220182 0.064106 0.002148 0.209336
0 0 0.427608 0.296898 0.052638 0.000486 0.222370
0 0 0.506530 0.239623 0.077410 0.003718 0.172720
0 0 0.585611 0.186211 0.049016 0.003256 0.175906
0 0 0.482543 0.222202 0.055527 0.001064 0.238664
4 0 0.290268 0.299696 0.077810 0.000783 0.331443
4 0 0.073676 0.220337 0.044805 0.000084 0.661098
4 0 0.058810 0.271003 0.073635 0.000034 0.596518
4 0 0.035828 0.217738 0.082164 0.000043 0.664227
4 0 0.048267 0.235880 0.061134 0.000103 0.654616
4 0 0.073799 0.243611 0.046077 0.000046 0.636468
4 0 0.036409 0.203084 0.022052 0.000002 0.738453
4 0 0.079352 0.273375 0.046051 0.000007 0.601215
4 0 0.041381 0.228920 0.059829 0.000006 0.669864
4 0 0.062164 0.268704 0.039961 0.000002 0.629170
4 0 0.048612 0.241660 0.041576 0.000003 0.668149
4 0 0.230069 0.296421 0.051885 0.000225 0.421400
0 0 0.430916 0.211722 0.037660 0.001010 0.318692
0 0 0.796303 0.124551 0.021781 0.000601 0.056764
4 0 0.355977 0.198270 0.052112 0.003328 0.390312
0 0 0.509900 0.234971 0.049065 0.000558 0.205506
4 0 0.146018 0.334501 0.041941 0.000003 0.477536
4 0 0.155447 0.379535 0.038537 0.000000 0.426480
4 0 0.142358 0.370739 0.042883 0.000000 0.444019
1 0 0.245728 0.373108 0.030656 0.000000 0.350508
4 0 0.113618 0.343910 0.044562 0.000001 0.497910
0 0 0.745546 0.179013 0.017939 0.000006 0.057497
0 0 0.782433 0.125522 0.011037 0.000103 0.080906
0 0 0.619378 0.250728 0.028311 0.000014 0.101568
0 0 0.730645 0.188881 0.023896 0.000006 0.056572
0 0 0.682741 0.218755 0.032130 0.000005 0.066370
4 0 0.199816 0.360658 0.046306 0.000005 0.393215
4 0 0.085422 0.316212 0.085959 0.000004 0.512403
4 0 0.141547 0.374797 0.055824 0.000004 0.427828
4 0 0.120665 0.358490 0.083876 0.000004 0.436965
4 0 0.123545 0.359640 0.064469 0.000003 0.452342
0 0 0.816362 0.133382 0.012285 0.000005 0.037965
0 0 0.946007 0.042445 0.004014 0.000006 0.007528
0 0 0.977491 0.017612 0.002686 0.000027 0.002184
0 0 0.977408 0.017877 0.002579 0.000013 0.002123
0 0 0.986021 0.011119 0.001765 0.000014 0.001081
0 0 0.974517 0.019434 0.003216 0.000100 0.002733
0 0 0.973318 0.019644 0.004665 0.000062 0.002311
0 0 0.968215 0.022045 0.006796 0.000147 0.002797
0 0 0.950333 0.034752 0.010165 0.000066 0.004685
0 0 0.946335 0.040601 0.005608 0.000043 0.007412
1 0 0.238700 0.362379 0.067353 0.000021 0.331548
0 0 0.465570 0.245050 0.065162 0.000369 0.223849
4 0 0.142059 0.333951 0.047594 0.000017 0.476380
4 0 0.229224 0.322451 0.061291 0.000107 0.386926
4 0 0.281604 0.332711 0.042234 0.000039 0.343411
0 0 0.384190 0.307620 0.050004 0.000228 0.257958
0 0 0.416583 0.308630 0.058295 0.000318 0.216174
4 0 0.292985 0.289178 0.064439 0.000476 0.352922
0 0 0.583377 0.250025 0.039881 0.000154 0.126563
0 0 0.614462 0.244877 0.041981 0.000077 0.098603
4 0 0.204871 0.314404 0.068568 0.000138 0.412019
4 0 0.120171 0.360020 0.096716 0.000066 0.423028
1 0 0.201893 0.359997 0.082502 0.000074 0.355534
1 0 0.149246 0.384154 0.102546 0.000031 0.364022
4 0 0.225099 0.328400 0.073363 0.000105 0.373033
0 0 0.544168 0.226066 0.029968 0.000164 0.199633
0 0 0.361661 0.329555 0.042892 0.000050 0.265842
4 0 0.252792 0.318658 0.046729 0.000105 0.381716
4 0 0.206833 0.356016 0.052291 0.000029 0.384831
0 0 0.329868 0.305064 0.042923 0.000063 0.322081
0 0 0.469637 0.302210 0.053530 0.000125 0.174497
0 0 0.468925 0.283490 0.049232 0.000166 0.198186
0 0 0.495398 0.310229 0.057706 0.000060 0.136607
0 0 0.453309 0.315982 0.074177 0.000143 0.156389
0 0 0.487160 0.310054 0.060646 0.000093 0.142047
0 0 0.874663 0.090220 0.014061 0.000033 0.021023
0 0 0.839243 0.112705 0.020005 0.000040 0.028006
0 0 0.578598 0.243436 0.027610 0.000078 0.150278
0 0 0.597285 0.253849 0.039937 0.000081 0.108847
0 0 0.667778 0.220102 0.023039 0.000024 0.089057
0 0 0.706546 0.191972 0.036740 0.000170 0.064572
0 0 0.712518 0.187512 0.033521 0.000125 0.066323
0 0 0.667619 0.216694 0.046840 0.000050 0.068797
0 0 0.739620 0.176800 0.034327 0.000020 0.049233
0 0 0.774392 0.156343 0.029370 0.000014 0.039881
0 0 0.880008 0.086487 0.016245 0.000016 0.017244
0 0 0.844226 0.112311 0.015302 0.000016 0.028145
0 0 0.885025 0.083577 0.015545 0.000011 0.015842
0 0 0.914434 0.062838 0.012035 0.000013 0.010680
0 0 0.879583 0.088744 0.014428 0.000006 0.017239
0 0 0.832949 0.119945 0.018057 0.000012 0.029038
0 0 0.842766 0.114261 0.017537 0.000007 0.025430
0 0 0.864091 0.099388 0.015949 0.000007 0.020565
0 0 0.866233 0.097504 0.016593 0.000007 0.019662
0 0 0.893695 0.079682 0.012351 0.000003 0.014269
0 0 0.775997 0.161247 0.017325 0.000004 0.045427
0 0 0.863195 0.102969 0.010672 0.000002 0.023162
0 0 0.883079 0.088612 0.009137 0.000003 0.019170
0 0 0.949357 0.036386 0.008362 0.000102 0.005793
0 0 0.864820 0.097796 0.018210 0.000008 0.019167
4 1 0.025329 0.186750 0.137848 0.000024 0.650049
4 1 0.022213 0.174225 0.098087 0.000024 0.705451
4 1 0.019019 0.162375 0.121898 0.000024 0.696685
4 1 0.015442 0.143244 0.301983 0.000390 0.538942
4 1 0.027223 0.193456 0.123199 0.000065 0.656058
4 1 0.202479 0.342249 0.022625 0.000000 0.432647
4 1 0.119935 0.337626 0.022312 0.000000 0.520127
4 1 0.218963 0.274776 0.016184 0.000000 0.490077
4 1 0.059842 0.225350 0.015498 0.000000 0.699309
4 1 0.087659 0.301428 0.024899 0.000000 0.586013
4 1 0.041822 0.205522 0.011075 0.000000 0.741581
4 4 0.072578 0.198796 0.007433 0.000000 0.721193
4 4 0.049074 0.216222 0.008130 0.000000 0.726574
0 4 0.522504 0.164113 0.010542 0.000009 0.302831
4 4 0.084736 0.285268 0.013390 0.000000 0.616605
4 4 0.336245 0.232668 0.025555 0.000092 0.405440
0 4 0.422755 0.252650 0.041542 0.000155 0.282898
0 4 0.527384 0.221350 0.021044 0.000128 0.230093
0 4 0.391117 0.250010 0.024122 0.000049 0.334702
0 4 0.508994 0.210788 0.026663 0.000239 0.253317
4 4 0.045031 0.211041 0.015240 0.000000 0.728688
4 4 0.027603 0.169429 0.011910 0.000000 0.791058
4 4 0.057968 0.191679 0.007570 0.000000 0.742783
4 4 0.079926 0.163812 0.008047 0.000000 0.748214
4 4 0.057736 0.180143 0.009698 0.000000 0.752424
4 4 0.075451 0.221323 0.038277 0.000046 0.664902
4 4 0.051253 0.191656 0.039813 0.000052 0.717226
4 4 0.091347 0.212562 0.033693 0.000044 0.662354
4 4 0.168283 0.197770 0.038799 0.000282 0.594865
4 4 0.104159 0.197818 0.030256 0.000048 0.667719
