0 0 0.951501 0.035706 0.008338 0.002289 0.002166
0 0 0.942630 0.038866 0.013681 0.002831 0.001992
0 0 0.937461 0.043027 0.011678 0.005145 0.002689
0 0 0.882377 0.077933 0.025270 0.008965 0.005455
0 0 0.790305 0.141114 0.047409 0.005292 0.015880
0 0 0.893533 0.065923 0.022054 0.013969 0.004521
0 0 0.915278 0.053046 0.016705 0.012070 0.002900
0 0 0.901311 0.056296 0.018884 0.019692 0.003816
0 0 0.793843 0.109042 0.046037 0.040078 0.011000
0 0 0.904671 0.067901 0.019911 0.003202 0.004316
0 0 0.974636 0.015355 0.003564 0.005789 0.000656
0 0 0.960812 0.029256 0.006448 0.001997 0.001488
0 0 0.936592 0.044535 0.012070 0.004547 0.002256
0 0 0.970744 0.023012 0.004119 0.000745 0.001380
0 0 0.982153 0.014745 0.002251 0.000291 0.000559
0 0 0.911738 0.062408 0.016997 0.003858 0.004999
0 0 0.908477 0.057196 0.018237 0.011876 0.004214
0 0 0.971922 0.021697 0.004281 0.001092 0.001008
0 0 0.921834 0.053440 0.014857 0.005685 0.004184
0 0 0.754995 0.160433 0.058098 0.007217 0.019257
0 0 0.868861 0.092484 0.022837 0.001553 0.014265
0 0 0.965028 0.025385 0.005361 0.002353 0.001873
0 0 0.867065 0.093449 0.025120 0.002735 0.011631
0 0 0.865783 0.100182 0.020130 0.000258 0.013647
0 0 0.909229 0.063852 0.014930 0.002046 0.009943
0 0 0.676081 0.193961 0.054954 0.001374 0.073630
0 0 0.454572 0.298777 0.085834 0.000481 0.160336
1 0 0.255980 0.330560 0.144455 0.003485 0.265520
0 0 0.432965 0.309367 0.071326 0.000076 0.186266
0 0 0.371773 0.318682 0.084954 0.000171 0.224419
0 0 0.757484 0.170482 0.033268 0.000122 0.038644
0 0 0.810590 0.123747 0.025251 0.000425 0.039987
0 0 0.772829 0.153268 0.030705 0.000184 0.043013
0 0 0.831525 0.119329 0.021981 0.000151 0.027014
0 0 0.891896 0.079902 0.014205 0.000209 0.013787
0 0 0.885234 0.087385 0.016106 0.000172 0.011102
0 0 0.974362 0.019584 0.003913 0.001303 0.000838
0 0 0.942299 0.041718 0.009404 0.002209 0.004369
0 0 0.933698 0.035164 0.010262 0.017289 0.003586
0 0 0.869619 0.096235 0.019334 0.000275 0.014537
0 0 0.751622 0.169197 0.048362 0.001405 0.029415
0 0 0.914630 0.064535 0.015238 0.001248 0.004350
0 0 0.941673 0.039735 0.010362 0.004936 0.003294
0 0 0.954423 0.034127 0.007373 0.001560 0.002517
0 0 0.953515 0.032118 0.008963 0.003694 0.001710
0 0 0.837147 0.115853 0.034319 0.002759 0.009923
0 0 0.891407 0.076134 0.022510 0.004317 0.005632
0 0 0.926549 0.053009 0.013786 0.003079 0.003577
0 0 0.817829 0.122603 0.040401 0.005956 0.013212
0 0 0.899885 0.062405 0.019636 0.011272 0.006801
0 0 0.920525 0.057704 0.011606 0.000896 0.009269
0 0 0.942983 0.042876 0.008408 0.000878 0.004855
0 0 0.816378 0.122021 0.030822 0.001619 0.029160
0 0 0.872534 0.088130 0.022753 0.002422 0.014161
0 0 0.703235 0.210144 0.037267 0.000040 0.049313
4 0 0.149986 0.270964 0.021607 0.000000 0.557443
4 4 0.156547 0.297954 0.026056 0.000000 0.519443
4 4 0.117986 0.245125 0.022974 0.000000 0.613915
4 4 0.154508 0.293619 0.020598 0.000000 0.531275
4 4 0.130001 0.226461 0.024763 0.000000 0.618775
4 4 0.034420 0.169935 0.018706 0.000000 0.776940
4 4 0.058958 0.160766 0.026462 0.000001 0.753813
4 4 0.052727 0.206351 0.021045 0.000000 0.719877
4 4 0.145294 0.306870 0.033114 0.000000 0.514721
4 4 0.099138 0.244130 0.026098 0.000000 0.630634
4 4 0.098186 0.245639 0.021062 0.000000 0.635114
4 4 0.245316 0.301427 0.018706 0.000000 0.434551
4 4 0.130408 0.269564 0.022013 0.000000 0.578015
4 4 0.132208 0.278667 0.020411 0.000000 0.568714
4 4 0.175710 0.317487 0.034730 0.000000 0.472072
4 4 0.117317 0.277161 0.019772 0.000000 0.585749
4 4 0.216462 0.303433 0.018901 0.000000 0.461205
4 4 0.118099 0.190878 0.024517 0.000001 0.666505
4 4 0.125146 0.265546 0.019070 0.000000 0.590238
4 4 0.092134 0.263071 0.020055 0.000000 0.624740
4 4 0.091542 0.261315 0.019271 0.000000 0.627873
4 4 0.101073 0.265015 0.017987 0.000000 0.615926
4 4 0.123233 0.274463 0.016888 0.000000 0.585416
4 4 0.086831 0.255253 0.017745 0.000000 0.640171
4 4 0.210574 0.298997 0.025477 0.000000 0.464953
4 4 0.029685 0.158218 0.012498 0.000000 0.799598
4 4 0.040532 0.190149 0.012076 0.000000 0.757243
4 4 0.042447 0.166098 0.012244 0.000000 0.779212
4 4 0.036711 0.189723 0.011368 0.000000 0.762197
4 4 0.045094 0.199598 0.010673 0.000000 0.744635
4 4 0.079857 0.239095 0.031424 0.000000 0.649625
4 4 0.132590 0.287801 0.030189 0.000000 0.549420
4 4 0.118655 0.235277 0.034131 0.000001 0.611935
4 4 0.061044 0.246834 0.027195 0.000000 0.664927
4 4 0.098242 0.228068 0.038813 0.000002 0.634875
4 4 0.152059 0.312173 0.036231 0.000000 0.499536
4 4 0.126684 0.208913 0.055546 0.000095 0.608762
4 4 0.170790 0.314100 0.032522 0.000000 0.482589
4 4 0.133296 0.300104 0.031095 0.000000 0.535505
4 4 0.068800 0.218415 0.061032 0.000023 0.651731
4 4 0.095048 0.309493 0.086521 0.000014 0.508924
4 4 0.080870 0.271712 0.090547 0.000055 0.556816
4 4 0.091926 0.287595 0.068549 0.000006 0.551924
4 4 0.041212 0.191102 0.097882 0.000584 0.669220
4 2 0.051266 0.269122 0.189774 0.000138 0.489700
2 2 0.017396 0.169493 0.735571 0.003234 0.074306
2 2 0.013587 0.180635 0.716166 0.000774 0.088839
2 2 0.003316 0.048481 0.929318 0.002314 0.016570
2 2 0.002470 0.029628 0.956985 0.004780 0.006136
2 2 0.007628 0.094166 0.858031 0.001980 0.038194
2 2 0.012939 0.017387 0.920942 0.048312 0.000421
2 2 0.002969 0.015242 0.912758 0.068554 0.000477
2 2 0.003549 0.030794 0.879366 0.083538 0.002753
2 2 0.012511 0.132468 0.805673 0.003093 0.046255
2 2 0.001940 0.008845 0.942184 0.046850 0.000182
2 2 0.009437 0.015735 0.822906 0.151771 0.000152
2 2 0.013722 0.025776 0.798985 0.161069 0.000447
2 2 0.009550 0.012680 0.853036 0.124637 0.000097
2 2 0.000654 0.003742 0.911206 0.084379 0.000019
2 2 0.003840 0.012636 0.837238 0.146086 0.000199
2 2 0.002706 0.007774 0.817357 0.172103 0.000060
2 3 0.006110 0.009261 0.752929 0.231637 0.000063
2 3 0.002726 0.008747 0.646565 0.341832 0.000129
2 3 0.008460 0.010850 0.758594 0.222020 0.000076
2 3 0.006173 0.009607 0.819340 0.164821 0.000059
2 3 0.023041 0.017183 0.614393 0.345247 0.000137
2 3 0.003985 0.008399 0.652721 0.334819 0.000076
2 3 0.008290 0.014704 0.507727 0.469029 0.000250
3 3 0.004170 0.010788 0.374631 0.610190 0.000221
2 3 0.001899 0.004868 0.508907 0.484288 0.000039
2 3 0.002928 0.006659 0.616791 0.373574 0.000048
2 3 0.001465 0.004611 0.579132 0.414757 0.000034
2 3 0.003217 0.007035 0.561592 0.428097 0.000058
2 3 0.010780 0.013519 0.491243 0.484288 0.000170
3 3 0.006262 0.008821 0.477226 0.507611 0.000079
2 3 0.000542 0.003227 0.535705 0.460500 0.000025
2 3 0.006846 0.008512 0.621127 0.363463 0.000052
3 3 0.001484 0.003686 0.416686 0.578117 0.000028
3 3 0.000858 0.002577 0.493159 0.503395 0.000011
2 3 0.004666 0.008716 0.507550 0.478970 0.000097
3 3 0.000626 0.002953 0.452725 0.543671 0.000026
2 3 0.002149 0.004547 0.596617 0.396662 0.000025
3 3 0.000209 0.003027 0.453056 0.543656 0.000051
3 3 0.006417 0.016362 0.439116 0.537562 0.000543
2 3 0.000830 0.002938 0.558621 0.437596 0.000015
3 3 0.001989 0.003894 0.439500 0.554593 0.000024
3 3 0.000263 0.000978 0.278464 0.720292 0.000003
3 3 0.007078 0.009891 0.441092 0.541823 0.000115
3 3 0.000303 0.001330 0.318473 0.679887 0.000006
3 3 0.000792 0.002370 0.377541 0.619283 0.000014
3 3 0.001156 0.003365 0.203584 0.791830 0.000065
3 3 0.006746 0.006981 0.206000 0.780164 0.000109
3 3 0.001473 0.003150 0.192179 0.803156 0.000042
3 3 0.001906 0.004342 0.208289 0.785385 0.000078
3 3 0.002343 0.003988 0.188582 0.805017 0.000070
2 3 0.162109 0.163155 0.399548 0.231882 0.043307
2 2 0.153986 0.256248 0.418656 0.076532 0.094578
2 2 0.077488 0.212449 0.574671 0.084322 0.051070
2 2 0.112949 0.271347 0.371743 0.102531 0.141430
1 2 0.148334 0.324266 0.317901 0.060128 0.149370
1 2 0.051305 0.366153 0.245367 0.000382 0.336792
4 2 0.040387 0.243226 0.174693 0.001099 0.540594
4 2 0.040207 0.279851 0.190387 0.001741 0.487814
2 2 0.050715 0.276717 0.390337 0.000519 0.281712
4 2 0.071366 0.364023 0.188850 0.000121 0.375640
2 2 0.023560 0.224746 0.627555 0.001062 0.123076
2 2 0.028156 0.313224 0.489202 0.000906 0.168511
2 2 0.014349 0.132428 0.783236 0.001201 0.068786
2 2 0.015932 0.186063 0.709509 0.001668 0.086828
2 2 0.016209 0.141490 0.770352 0.000627 0.071322
2 2 0.023046 0.197108 0.678824 0.003094 0.097928
2 2 0.024064 0.148933 0.764586 0.001307 0.061111
2 2 0.012973 0.064207 0.900527 0.010363 0.011931
2 2 0.038083 0.272345 0.588247 0.002570 0.098755
2 2 0.027343 0.104774 0.844129 0.002474 0.021279
2 2 0.008694 0.092040 0.841095 0.025566 0.032604
2 2 0.031457 0.280648 0.548603 0.001110 0.138183
2 2 0.138111 0.220136 0.591358 0.002729 0.047667
2 2 0.026836 0.200018 0.635950 0.025530 0.111666
2 2 0.071823 0.307549 0.532823 0.002531 0.085273
2 2 0.014350 0.157668 0.754335 0.001818 0.071829
2 2 0.039163 0.136769 0.791489 0.001280 0.031299
2 2 0.010786 0.117482 0.828348 0.002970 0.040414
2 2 0.013074 0.105226 0.832337 0.006678 0.042685
2 2 0.006232 0.107160 0.833919 0.009095 0.043595
4 2 0.063860 0.315637 0.288031 0.001391 0.331082
2 2 0.061238 0.311270 0.336574 0.000274 0.290643
2 2 0.021107 0.191583 0.657113 0.000185 0.130012
4 2 0.066723 0.333391 0.240735 0.001103 0.358047
2 2 0.062762 0.311557 0.317513 0.000127 0.308041
2 2 0.010458 0.065987 0.909608 0.000906 0.013041
2 2 0.006459 0.033813 0.949390 0.006474 0.003864
2 2 0.009999 0.101876 0.849922 0.001858 0.036345
2 2 0.006006 0.076997 0.886174 0.003334 0.027490
2 2 0.006823 0.028653 0.952723 0.009346 0.002455
2 2 0.007973 0.061764 0.912642 0.005550 0.012072
2 2 0.010615 0.069081 0.897371 0.007113 0.015819
2 2 0.004087 0.031622 0.888572 0.071728 0.003991
2 2 0.020292 0.117265 0.837063 0.006627 0.018753
2 2 0.006179 0.052234 0.919432 0.014174 0.007981
2 2 0.056398 0.257459 0.410686 0.003261 0.272195
1 2 0.256281 0.336129 0.201529 0.002802 0.203259
1 1 0.195412 0.365585 0.223745 0.005958 0.209301
1 1 0.137360 0.441634 0.211097 0.000569 0.209340
1 2 0.063588 0.348137 0.315848 0.000585 0.271842
2 2 0.030425 0.279187 0.556114 0.002329 0.131945
2 2 0.006294 0.047443 0.932908 0.004036 0.009319
2 2 0.062504 0.263740 0.523309 0.000577 0.149870
2 2 0.013601 0.092936 0.864831 0.001522 0.027109
2 2 0.017502 0.082935 0.878636 0.003867 0.017059
2 2 0.038555 0.123588 0.811158 0.002021 0.024677
2 2 0.016779 0.105178 0.846150 0.001027 0.030867
2 2 0.019533 0.129100 0.800924 0.001418 0.049026
2 2 0.007356 0.105141 0.847371 0.003525 0.036608
2 2 0.005401 0.079835 0.884623 0.005474 0.024667
2 2 0.300246 0.260271 0.398629 0.005546 0.035307
2 2 0.102193 0.152933 0.704795 0.025615 0.014464
2 0 0.260230 0.218761 0.434257 0.042374 0.044377
2 0 0.341514 0.239854 0.345167 0.032694 0.040770
0 0 0.468476 0.247538 0.241599 0.004718 0.037670
2 1 0.028384 0.282596 0.419630 0.008589 0.260800
2 1 0.045066 0.328172 0.340376 0.001729 0.284658
2 2 0.018422 0.148720 0.754999 0.001134 0.076725
2 2 0.037940 0.286713 0.450955 0.000869 0.223523
1 2 0.047237 0.368346 0.334863 0.000581 0.248973
4 1 0.269336 0.305926 0.050966 0.000005 0.373768
4 1 0.209403 0.280756 0.062720 0.000031 0.447090
0 1 0.394409 0.305498 0.045055 0.000004 0.255034
0 1 0.347115 0.292556 0.049689 0.000010 0.310629
4 1 0.204897 0.275001 0.055019 0.000015 0.465068
4 1 0.024128 0.274520 0.316509 0.000413 0.384430
4 1 0.029214 0.272152 0.253154 0.000137 0.445343
4 1 0.049793 0.382682 0.168019 0.000040 0.399467
4 1 0.022453 0.235454 0.367676 0.000758 0.373659
2 2 0.006513 0.102367 0.832620 0.000158 0.058342
2 2 0.006457 0.124385 0.778271 0.000025 0.090862
2 2 0.002050 0.041298 0.940934 0.000634 0.015084
2 2 0.001461 0.034441 0.951774 0.000327 0.011996
2 2 0.005310 0.093868 0.847108 0.000110 0.053604
2 2 0.001924 0.048228 0.928121 0.000124 0.021603
2 2 0.009773 0.066660 0.906401 0.002118 0.015048
2 2 0.007100 0.072976 0.894289 0.002489 0.023146
2 2 0.003548 0.047600 0.923037 0.016110 0.009705
2 2 0.006228 0.079569 0.878966 0.001007 0.034230
2 0 0.173166 0.337094 0.393915 0.005775 0.090050
0 0 0.635384 0.220792 0.064121 0.000998 0.078705
0 1 0.610873 0.244601 0.052661 0.000100 0.091766
0 0 0.498000 0.309017 0.069608 0.000076 0.123299
1 1 0.355420 0.394464 0.106399 0.000092 0.143625
0 0 0.760363 0.162591 0.033124 0.000168 0.043753
0 1 0.379344 0.300111 0.041367 0.000002 0.279176
0 1 0.382692 0.225621 0.042485 0.000074 0.349129
4 0 0.323839 0.289135 0.040873 0.000003 0.346150
0 1 0.392785 0.314261 0.032641 0.000000 0.260313
4 1 0.256417 0.333158 0.042167 0.000000 0.368258
4 1 0.056536 0.260769 0.050706 0.000001 0.631988
4 1 0.036133 0.191530 0.068862 0.000036 0.703440
4 2 0.043881 0.217499 0.064070 0.000010 0.674540
4 2 0.041579 0.216650 0.053935 0.000003 0.687834
4 2 0.037428 0.293375 0.280909 0.000011 0.388277
2 2 0.012081 0.161748 0.730986 0.000257 0.094928
2 2 0.002422 0.054824 0.917402 0.000149 0.025204
2 2 0.015063 0.178960 0.669816 0.000081 0.136080
2 2 0.010420 0.165172 0.725979 0.000157 0.098272
2 2 0.003007 0.069373 0.890255 0.000066 0.037299
2 2 0.013157 0.157451 0.747408 0.000709 0.081275
2 2 0.002743 0.044349 0.936067 0.001720 0.015122
2 2 0.015938 0.110448 0.834184 0.001490 0.037940
2 2 0.012690 0.154779 0.766744 0.002616 0.063171
2 2 0.007028 0.078317 0.880826 0.002481 0.031348
2 2 0.004309 0.059335 0.912330 0.001796 0.022231
2 2 0.002164 0.042883 0.938444 0.000624 0.015885
2 2 0.007131 0.087429 0.867554 0.000483 0.037403
2 2 0.016354 0.182058 0.697550 0.000523 0.103516
2 2 0.004804 0.070299 0.896662 0.001603 0.026632
2 2 0.010082 0.114411 0.821005 0.005595 0.048907
2 2 0.023907 0.257436 0.580897 0.000989 0.136771
2 2 0.031003 0.144522 0.787731 0.002478 0.034265
2 2 0.045855 0.301415 0.505162 0.001861 0.145707
2 1 0.031866 0.240856 0.645453 0.004873 0.076952
2 2 0.016668 0.110170 0.848718 0.001543 0.022901
2 2 0.003414 0.044064 0.934062 0.007006 0.011455
2 2 0.019506 0.111535 0.834361 0.002435 0.032163
2 2 0.001701 0.029071 0.957361 0.006372 0.005495
2 2 0.007290 0.069931 0.907727 0.003599 0.011453
2 2 0.005683 0.058810 0.889032 0.038301 0.008174
2 2 0.010879 0.023801 0.888766 0.075793 0.000761
2 2 0.018763 0.051499 0.883212 0.043528 0.002998
2 2 0.013167 0.047565 0.887366 0.048063 0.003838
2 2 0.007769 0.034306 0.903662 0.052331 0.001931
2 2 0.087411 0.124187 0.611508 0.156280 0.020614
2 0 0.118276 0.182763 0.521568 0.138786 0.038607
0 0 0.424256 0.210983 0.315751 0.019369 0.029640
0 0 0.425022 0.229577 0.288743 0.026130 0.030527
2 1 0.048783 0.239144 0.619621 0.029409 0.063043
0 0 0.543336 0.250475 0.160470 0.004247 0.041472
2 1 0.067230 0.310073 0.510262 0.013092 0.099342
2 1 0.081521 0.284401 0.557931 0.014388 0.061759
2 2 0.153009 0.238915 0.550777 0.014565 0.042733
2 2 0.069702 0.102295 0.781166 0.036577 0.010261
2 2 0.002646 0.037585 0.943406 0.005458 0.010905
2 2 0.008568 0.093702 0.854439 0.001562 0.041729
2 2 0.004848 0.074457 0.886223 0.000501 0.033970
2 2 0.001272 0.029434 0.959263 0.000960 0.009070
2 2 0.000770 0.021569 0.951367 0.022887 0.003405
2 2 0.000679 0.018575 0.961269 0.016389 0.003088
2 2 0.000938 0.022492 0.956050 0.016475 0.004045
2 2 0.001481 0.035267 0.852843 0.101613 0.008796
2 2 0.001777 0.031605 0.947388 0.012134 0.007095
2 2 0.000787 0.019720 0.934513 0.042073 0.002908
2 2 0.005063 0.019991 0.872616 0.101775 0.000555
2 2 0.001649 0.016480 0.853846 0.127314 0.000711
2 2 0.000428 0.009557 0.892207 0.097444 0.000364
2 2 0.004477 0.019430 0.898414 0.076995 0.000684
2 2 0.007608 0.020106 0.882871 0.088907 0.000507
2 2 0.003170 0.017702 0.708411 0.269989 0.000729
2 2 0.002444 0.031265 0.630301 0.330905 0.005085
2 2 0.007020 0.032023 0.644715 0.314077 0.002164
2 2 0.006591 0.033886 0.541594 0.414628 0.003301
2 2 0.003210 0.025886 0.627882 0.340328 0.002695
2 2 0.046867 0.067295 0.590317 0.291442 0.004080
2 0 0.077616 0.154658 0.681204 0.069191 0.017331
2 0 0.024472 0.068952 0.704657 0.193955 0.007964
2 2 0.081706 0.104244 0.779927 0.026472 0.007651
2 2 0.039506 0.089647 0.787318 0.077360 0.006169
2 2 0.010995 0.062426 0.803458 0.116090 0.007030
2 2 0.027229 0.067925 0.862937 0.034999 0.006911
2 2 0.010157 0.083745 0.797287 0.093536 0.015275
2 2 0.020423 0.116525 0.748275 0.073648 0.041128
0 0 0.470156 0.264589 0.205383 0.006559 0.053313
2 1 0.079010 0.278031 0.536253 0.026268 0.080438
2 2 0.140628 0.338421 0.401210 0.005686 0.114054
1 0 0.200236 0.418446 0.250611 0.003088 0.127619
2 1 0.134240 0.342043 0.426938 0.017074 0.079705
2 2 0.066486 0.316231 0.422971 0.025303 0.169009
2 2 0.000825 0.019447 0.960581 0.015649 0.003498
2 2 0.001199 0.023469 0.965812 0.003431 0.006089
2 2 0.003024 0.050035 0.923457 0.011105 0.012380
2 2 0.002319 0.017354 0.956426 0.022101 0.001799
2 2 0.002144 0.045902 0.935932 0.004053 0.011970
2 2 0.000560 0.013073 0.971679 0.012503 0.002186
2 2 0.002032 0.029921 0.952609 0.007724 0.007715
2 2 0.001295 0.023682 0.950280 0.020081 0.004660
2 2 0.000587 0.016461 0.939470 0.041078 0.002405
2 2 0.002891 0.055210 0.917723 0.010681 0.013496
2 2 0.282638 0.177438 0.402724 0.112934 0.024267
2 1 0.072253 0.205979 0.589636 0.091077 0.041054
2 0 0.126698 0.245666 0.573689 0.019969 0.033978
0 0 0.340369 0.329886 0.268362 0.014675 0.046708
0 0 0.490009 0.326386 0.121233 0.001394 0.060978
2 1 0.066583 0.336858 0.446105 0.005877 0.144577
1 1 0.121384 0.421192 0.295184 0.002853 0.159387
2 1 0.046228 0.216538 0.629663 0.005658 0.101913
2 1 0.075866 0.368031 0.393574 0.003791 0.158737
2 2 0.030130 0.185273 0.689246 0.006224 0.089126
2 2 0.003083 0.055207 0.920834 0.001168 0.019708
2 2 0.007883 0.074117 0.895977 0.000415 0.021608
2 2 0.007521 0.124426 0.817451 0.001267 0.049334
2 2 0.006701 0.121456 0.828505 0.002616 0.040722
2 2 0.003268 0.030816 0.958037 0.002742 0.005138
2 2 0.001113 0.029677 0.958572 0.000339 0.010299
2 1 0.002910 0.059693 0.916130 0.001246 0.020020
2 2 0.001916 0.036215 0.948723 0.001290 0.011855
2 2 0.000728 0.021545 0.971007 0.001073 0.005647
2 2 0.002554 0.047963 0.932162 0.001492 0.015828
2 2 0.002538 0.043558 0.936280 0.005995 0.011629
2 1 0.014521 0.182473 0.733484 0.008005 0.061517
2 2 0.004933 0.039990 0.936565 0.010655 0.007857
2 2 0.004309 0.062988 0.908568 0.003973 0.020162
2 2 0.000926 0.021669 0.934156 0.039888 0.003360
2 2 0.007474 0.087026 0.856411 0.026137 0.022951
2 2 0.003902 0.055000 0.897765 0.030395 0.012939
2 2 0.003882 0.064106 0.905445 0.009949 0.016619
2 2 0.003191 0.035073 0.910399 0.044927 0.006410
2 2 0.007298 0.089101 0.850336 0.030853 0.022411
2 2 0.001862 0.024390 0.883600 0.088326 0.001821
2 2 0.000146 0.005969 0.932030 0.061565 0.000290
2 2 0.001642 0.031014 0.862908 0.100908 0.003529
2 2 0.002682 0.022332 0.876267 0.097632 0.001088
2 2 0.000455 0.013766 0.921380 0.063233 0.001167
2 2 0.011079 0.038372 0.696785 0.251783 0.001981
2 2 0.002720 0.017070 0.700969 0.278563 0.000679
2 2 0.008427 0.030082 0.572532 0.387081 0.001878
2 2 0.009056 0.033568 0.747452 0.207635 0.002290
2 3 0.001657 0.009025 0.758207 0.230975 0.000135
2 2 0.008952 0.032221 0.689349 0.268000 0.001478
2 2 0.003451 0.019461 0.675488 0.300608 0.000993
2 2 0.028312 0.055624 0.698448 0.215508 0.002107
2 2 0.002830 0.018906 0.788811 0.188600 0.000852
2 2 0.005392 0.021157 0.665565 0.307160 0.000725
3 2 0.031642 0.035239 0.277810 0.652651 0.002657
3 2 0.025969 0.051488 0.360227 0.555929 0.006387
2 2 0.121227 0.179149 0.538306 0.138313 0.023005
2 2 0.051418 0.134048 0.606299 0.190627 0.017607
2 2 0.076304 0.156097 0.623861 0.123221 0.020516
0 2 0.382818 0.362923 0.167244 0.003671 0.083344
0 2 0.492447 0.276498 0.172813 0.014699 0.043543
1 0 0.359135 0.383578 0.157072 0.001432 0.098783
0 0 0.485023 0.331357 0.125542 0.001680 0.056398
0 0 0.378323 0.374662 0.163572 0.002406 0.081037
0 0 0.831244 0.123868 0.018096 0.000026 0.026767
0 0 0.894102 0.081870 0.011931 0.000041 0.012056
0 1 0.481689 0.297250 0.049538 0.000010 0.171513
0 1 0.520982 0.283216 0.048990 0.000016 0.146796
0 1 0.388337 0.304573 0.067308 0.000057 0.239725
1 1 0.038873 0.342793 0.325573 0.000213 0.292547
2 2 0.030405 0.254623 0.504753 0.000140 0.210079
2 2 0.029054 0.255351 0.496853 0.000099 0.218643
2 2 0.008286 0.117469 0.795102 0.000274 0.078870
2 2 0.009148 0.140994 0.749074 0.000053 0.100732
2 2 0.014772 0.201928 0.658983 0.000208 0.124109
2 2 0.003984 0.066290 0.900290 0.000405 0.029032
2 2 0.003492 0.052145 0.923869 0.001677 0.018818
2 2 0.010053 0.115857 0.812235 0.000572 0.061284
2 2 0.011850 0.168604 0.717544 0.000191 0.101811
2 2 0.003069 0.044885 0.935592 0.002103 0.014351
2 2 0.014129 0.126460 0.802101 0.000443 0.056867
2 2 0.007244 0.095766 0.851267 0.000718 0.045005
2 2 0.004183 0.075146 0.890959 0.003071 0.026641
2 2 0.004013 0.069141 0.902057 0.003226 0.021563
2 2 0.176531 0.323391 0.366509 0.000763 0.132806
1 2 0.179226 0.333627 0.324897 0.000603 0.161648
1 1 0.274477 0.390131 0.141139 0.000408 0.193845
1 1 0.180722 0.444800 0.205986 0.000755 0.167737
0 0 0.723945 0.173437 0.064932 0.002715 0.034971
1 0 0.292828 0.335773 0.048364 0.000001 0.323034
1 0 0.286630 0.338423 0.053829 0.000003 0.321116
1 0 0.297076 0.334326 0.053622 0.000003 0.314973
0 0 0.349687 0.320655 0.050412 0.000004 0.279242
0 0 0.413718 0.295743 0.056261 0.000025 0.234253
4 0 0.054214 0.233891 0.032052 0.000000 0.679842
4 0 0.032938 0.206783 0.026196 0.000000 0.734083
4 0 0.029398 0.183591 0.040599 0.000001 0.746412
4 1 0.022745 0.150622 0.052380 0.000018 0.774234
4 1 0.036376 0.172263 0.035548 0.000001 0.755813
4 1 0.019070 0.115288 0.030295 0.000004 0.835342
4 1 0.030052 0.191221 0.020429 0.000000 0.758298
4 1 0.016052 0.141869 0.017933 0.000000 0.824146
4 1 0.036242 0.190087 0.016819 0.000000 0.756852
4 1 0.020063 0.139438 0.017584 0.000000 0.822915
4 1 0.030842 0.186297 0.027501 0.000000 0.755360
4 1 0.026177 0.171961 0.039375 0.000001 0.762485
4 1 0.044681 0.179085 0.034648 0.000001 0.741585
4 1 0.030801 0.191990 0.036780 0.000000 0.740428
4 4 0.051560 0.191225 0.035118 0.000001 0.722096
4 4 0.247295 0.324918 0.032104 0.000000 0.395684
4 4 0.195164 0.323086 0.036447 0.000000 0.445303
4 4 0.219497 0.324011 0.033562 0.000000 0.422930
4 4 0.163559 0.280569 0.036564 0.000000 0.519308
0 4 0.451131 0.247804 0.034297 0.000007 0.266761
4 4 0.102514 0.224655 0.041758 0.000004 0.631069
4 4 0.105203 0.293840 0.039247 0.000000 0.561709
4 4 0.136294 0.306208 0.035984 0.000000 0.521514
4 4 0.072533 0.209795 0.063417 0.000052 0.654202
4 4 0.150459 0.301970 0.033354 0.000000 0.514216
4 4 0.145856 0.303490 0.033072 0.000000 0.517582
4 4 0.094831 0.235378 0.040519 0.000001 0.629271
4 4 0.130644 0.300266 0.032301 0.000000 0.536789
1 0 0.310683 0.327321 0.035876 0.000000 0.326119
4 0 0.122458 0.298094 0.033813 0.000000 0.545636
4 1 0.196627 0.314251 0.027598 0.000000 0.461524
4 1 0.196236 0.308970 0.023690 0.000000 0.471105
4 0 0.245049 0.310078 0.025658 0.000000 0.419215
0 0 0.529668 0.241701 0.021471 0.000000 0.207159
4 0 0.162619 0.304950 0.026526 0.000000 0.505904
0 0 0.437164 0.308889 0.041965 0.000002 0.211980
0 0 0.560325 0.256026 0.047948 0.000041 0.135659
0 0 0.682653 0.210547 0.028858 0.000007 0.077935
0 0 0.744674 0.175092 0.021768 0.000006 0.058460
0 0 0.362328 0.323314 0.038915 0.000001 0.275443
0 0 0.451026 0.346318 0.089743 0.000127 0.112785
0 0 0.805645 0.140940 0.032097 0.000368 0.020949
0 0 0.748767 0.179530 0.043115 0.000359 0.028229
0 0 0.535607 0.304770 0.093301 0.000569 0.065754
0 0 0.522869 0.310301 0.078201 0.000155 0.088474
0 0 0.573417 0.243145 0.051552 0.000119 0.131768
0 1 0.348216 0.338732 0.078222 0.000041 0.234788
1 1 0.283873 0.367549 0.106217 0.000159 0.242202
1 1 0.245143 0.344356 0.069885 0.000009 0.340606
1 1 0.254511 0.344959 0.072714 0.000013 0.327803
4 1 0.146458 0.315318 0.042407 0.000000 0.495817
4 1 0.115156 0.302280 0.043002 0.000000 0.539562
4 1 0.154426 0.314312 0.037794 0.000000 0.493468
0 0 0.527190 0.253694 0.034857 0.000006 0.184253
0 0 0.401475 0.297581 0.048178 0.000008 0.252757
0 0 0.849361 0.105992 0.027396 0.001257 0.015993
0 0 0.503461 0.309283 0.065263 0.000047 0.121946
0 0 0.544991 0.293964 0.083001 0.000371 0.077674
0 0 0.527863 0.296304 0.066217 0.000078 0.109538
0 0 0.427535 0.337445 0.080072 0.000070 0.154879
4 0 0.061559 0.249890 0.029440 0.000000 0.659111
4 0 0.141322 0.299753 0.028029 0.000000 0.530896
4 0 0.036774 0.213429 0.026127 0.000000 0.723670
4 0 0.076975 0.269608 0.034498 0.000000 0.618919
4 0 0.056964 0.244447 0.029081 0.000000 0.669508
4 0 0.073684 0.263476 0.031170 0.000000 0.631671
4 0 0.134698 0.298649 0.029663 0.000000 0.536990
4 0 0.098936 0.264432 0.031276 0.000000 0.605356
4 0 0.183627 0.290882 0.044196 0.000001 0.481294
4 0 0.059692 0.239346 0.022472 0.000000 0.678491
0 0 0.499633 0.325152 0.091866 0.000282 0.083067
0 0 0.871200 0.091953 0.023210 0.001277 0.012360
0 0 0.675607 0.220370 0.056009 0.000366 0.047648
0 0 0.500702 0.322686 0.079970 0.000123 0.096518
0 0 0.512412 0.308648 0.076524 0.000138 0.102278
1 0 0.275308 0.395799 0.139579 0.000340 0.188974
1 0 0.327051 0.365846 0.124019 0.000403 0.182681
1 0 0.280023 0.405530 0.149898 0.000454 0.164096
1 0 0.263069 0.405317 0.134567 0.000204 0.196843
1 0 0.223101 0.432223 0.177208 0.000532 0.166935
0 0 0.348865 0.332246 0.056669 0.000006 0.262214
1 0 0.302967 0.337504 0.054561 0.000003 0.304964
4 0 0.301315 0.289994 0.073297 0.000128 0.335266
1 0 0.328082 0.336059 0.059292 0.000006 0.276560
0 0 0.690802 0.206256 0.029735 0.000011 0.073197
4 0 0.042128 0.152064 0.031306 0.000003 0.774499
4 1 0.091607 0.261669 0.025078 0.000000 0.621647
4 1 0.021023 0.144022 0.031915 0.000001 0.803039
4 1 0.024753 0.183170 0.020198 0.000000 0.771879
4 1 0.035048 0.188914 0.024054 0.000000 0.751984
4 1 0.215535 0.339801 0.060105 0.000003 0.384556
0 0 0.438491 0.309866 0.046667 0.000004 0.204972
0 1 0.454152 0.296218 0.042365 0.000004 0.207260
0 0 0.689420 0.200614 0.032874 0.000030 0.077062
0 0 0.337378 0.334217 0.057275 0.000006 0.271124
4 1 0.099170 0.281387 0.078649 0.000023 0.540771
4 1 0.053442 0.197383 0.092117 0.000559 0.656500
4 1 0.083990 0.282714 0.079498 0.000015 0.553783
4 1 0.051139 0.233532 0.071088 0.000014 0.644227
4 2 0.068796 0.270905 0.114149 0.000091 0.546059
2 1 0.080907 0.369577 0.384368 0.007199 0.157948
2 2 0.038924 0.177391 0.715115 0.007078 0.061492
0 2 0.354159 0.325300 0.240136 0.001560 0.078845
1 1 0.243923 0.384151 0.273515 0.010986 0.087424
0 0 0.624807 0.234180 0.061075 0.000379 0.079560
0 1 0.424889 0.340024 0.099976 0.000274 0.134837
0 1 0.561954 0.278067 0.069864 0.000200 0.089915
0 1 0.458103 0.324823 0.090287 0.000229 0.126558
0 0 0.837043 0.119388 0.020451 0.000075 0.023043
0 1 0.371374 0.367220 0.113891 0.000276 0.147238
2 1 0.017153 0.245706 0.605267 0.000454 0.131420
2 1 0.022251 0.266262 0.558344 0.000492 0.152651
2 1 0.012271 0.211133 0.632609 0.001919 0.142068
2 2 0.007450 0.109626 0.819417 0.000179 0.063327
2 2 0.025657 0.223794 0.570340 0.000140 0.180070
2 2 0.013977 0.196923 0.691198 0.001985 0.095916
2 2 0.009325 0.107641 0.835048 0.001844 0.046142
2 2 0.013561 0.182068 0.704799 0.000419 0.099153
2 2 0.004287 0.076171 0.881332 0.000210 0.038000
2 2 0.003561 0.059638 0.913358 0.002999 0.020444
2 2 0.001386 0.028038 0.959483 0.003964 0.007130
2 2 0.000562 0.016860 0.976468 0.002388 0.003722
2 2 0.000800 0.020191 0.967519 0.007465 0.004025
2 2 0.000829 0.020539 0.966295 0.008272 0.004064
2 2 0.000854 0.023708 0.967564 0.000501 0.007374
2 2 0.001033 0.023841 0.964500 0.005277 0.005348
2 2 0.003991 0.049792 0.927753 0.003039 0.015425
2 2 0.003813 0.071763 0.897405 0.001141 0.025878
2 2 0.002141 0.050935 0.929176 0.000817 0.016930
2 2 0.001101 0.024387 0.966051 0.001580 0.006882
2 2 0.000315 0.007905 0.966443 0.024751 0.000587
2 2 0.001233 0.027766 0.953934 0.011473 0.005594
2 2 0.009296 0.028835 0.927316 0.033090 0.001464
2 2 0.004065 0.073038 0.892806 0.012244 0.017847
2 2 0.000978 0.020186 0.966100 0.008434 0.004303
2 2 0.001767 0.036935 0.847575 0.105918 0.007805
2 2 0.004418 0.035634 0.934996 0.018714 0.006238
2 2 0.008133 0.107803 0.836556 0.018279 0.029230
2 2 0.000573 0.013622 0.955351 0.028760 0.001693
2 2 0.004351 0.021724 0.919909 0.052734 0.001282
2 2 0.005358 0.022124 0.844065 0.127856 0.000596
2 2 0.001024 0.011379 0.908481 0.078783 0.000334
2 2 0.000780 0.013145 0.837297 0.147996 0.000783
2 2 0.006574 0.042452 0.850126 0.097615 0.003233
2 2 0.004939 0.024082 0.750799 0.219199 0.000981
2 2 0.010842 0.021263 0.814328 0.153246 0.000321
2 2 0.001266 0.016376 0.721242 0.260116 0.001000
2 2 0.002651 0.013685 0.895365 0.087991 0.000308
2 2 0.007480 0.018733 0.705945 0.267456 0.000386
2 2 0.004052 0.019579 0.771716 0.203965 0.000688
2 2 0.002403 0.013579 0.677472 0.306251 0.000296
3 2 0.004370 0.013895 0.444873 0.536389 0.000474
3 2 0.000892 0.015469 0.420388 0.561185 0.002066
2 2 0.001879 0.010006 0.577399 0.410452 0.000263
2 2 0.000418 0.006068 0.556721 0.436598 0.000195
3 3 0.002517 0.010116 0.355658 0.631355 0.000353
3 3 0.017929 0.021162 0.359697 0.600583 0.000629
2 3 0.006607 0.018195 0.509815 0.464953 0.000431
3 3 0.001074 0.003036 0.321378 0.674483 0.000029
3 3 0.000937 0.006460 0.177807 0.814336 0.000460
3 3 0.000463 0.003611 0.287514 0.708328 0.000084
3 3 0.001506 0.005702 0.222531 0.770076 0.000185
3 3 0.001353 0.005036 0.291298 0.702218 0.000094
3 3 0.000062 0.001227 0.352415 0.646283 0.000014
3 3 0.000198 0.001907 0.212453 0.785405 0.000038
3 3 0.001521 0.005450 0.143049 0.849679 0.000302
3 3 0.009062 0.009203 0.285506 0.696098 0.000130
3 3 0.016905 0.013990 0.263011 0.705837 0.000257
3 3 0.000389 0.002577 0.152286 0.844662 0.000086
3 3 0.003782 0.007417 0.153794 0.834753 0.000254
3 3 0.012252 0.016733 0.314591 0.655980 0.000444
3 3 0.002056 0.004971 0.219730 0.773164 0.000079
3 3 0.003680 0.008824 0.240005 0.747203 0.000288
3 3 0.002753 0.007466 0.372640 0.616999 0.000142
3 3 0.001566 0.004778 0.250605 0.742955 0.000096
3 3 0.002582 0.005797 0.252924 0.738592 0.000104
3 3 0.000526 0.004394 0.162013 0.832815 0.000253
3 3 0.001469 0.003807 0.281172 0.713511 0.000041
3 3 0.000795 0.002754 0.249596 0.746822 0.000034
3 3 0.000431 0.003094 0.275967 0.720445 0.000064
3 3 0.008016 0.009456 0.212454 0.769867 0.000207
3 3 0.000436 0.001992 0.109611 0.887910 0.000051
3 3 0.001820 0.003816 0.183910 0.810390 0.000065
3 3 0.000888 0.002645 0.118329 0.878079 0.000059
3 3 0.003296 0.006305 0.306845 0.683459 0.000095
3 3 0.003299 0.005081 0.216533 0.775015 0.000072
3 3 0.011572 0.009935 0.174119 0.804179 0.000195
3 3 0.002302 0.004649 0.207149 0.785825 0.000075
3 3 0.003374 0.005510 0.175777 0.815223 0.000116
3 3 0.001105 0.002714 0.097524 0.898577 0.000080
3 3 0.000337 0.003311 0.216019 0.780206 0.000127
3 3 0.003102 0.006681 0.210347 0.779704 0.000167
3 3 0.000168 0.002448 0.168150 0.829126 0.000108
3 3 0.003457 0.006644 0.124382 0.865253 0.000264
3 3 0.002301 0.005909 0.237035 0.754626 0.000129
3 3 0.000660 0.004364 0.238537 0.756294 0.000146
3 3 0.000529 0.003054 0.234256 0.762094 0.000066
3 3 0.001731 0.005200 0.143744 0.849106 0.000219
3 3 0.001560 0.004743 0.297958 0.695661 0.000077
3 3 0.002631 0.005920 0.200888 0.790410 0.000151
3 3 0.000858 0.004086 0.193268 0.801669 0.000119
3 3 0.002200 0.004836 0.158912 0.833932 0.000120
3 3 0.002187 0.004261 0.143221 0.850240 0.000091
3 3 0.003233 0.004592 0.144331 0.847755 0.000089
3 3 0.001519 0.003218 0.136030 0.859174 0.000058
3 3 0.001429 0.004864 0.278850 0.714761 0.000096
3 3 0.003247 0.007733 0.177323 0.811413 0.000284
3 3 0.001481 0.005932 0.225238 0.767159 0.000190
3 3 0.000384 0.002504 0.263967 0.733100 0.000044
3 3 0.000244 0.002183 0.287432 0.710112 0.000029
3 3 0.001411 0.004531 0.283317 0.710662 0.000079
3 3 0.002203 0.006257 0.312025 0.679403 0.000112
3 3 0.005839 0.010010 0.325326 0.658637 0.000188
3 3 0.000952 0.003060 0.163256 0.832668 0.000065
3 3 0.003102 0.007157 0.307091 0.682532 0.000118
3 3 0.000397 0.003450 0.158784 0.837202 0.000168
3 3 0.001244 0.003791 0.153074 0.841798 0.000093
3 3 0.003534 0.006281 0.234864 0.755181 0.000140
3 3 0.009098 0.007600 0.262242 0.720958 0.000101
3 3 0.000840 0.003596 0.175074 0.820402 0.000087
3 3 0.000190 0.002440 0.130404 0.866820 0.000146
3 3 0.003731 0.008604 0.225795 0.761583 0.000287
3 3 0.000420 0.003462 0.111539 0.884301 0.000277
3 3 0.002672 0.007100 0.167505 0.822383 0.000339
3 3 0.001091 0.005545 0.163684 0.829400 0.000280
3 3 0.008331 0.012853 0.114178 0.863488 0.001149
3 3 0.005059 0.010768 0.099126 0.883945 0.001103
3 3 0.014892 0.012576 0.099370 0.872475 0.000688
3 3 0.016219 0.024799 0.162683 0.793560 0.002740
2 0 0.168147 0.274009 0.485962 0.033004 0.038878
1 0 0.189068 0.376878 0.257090 0.011249 0.165716
1 0 0.307956 0.338423 0.151372 0.001518 0.200732
1 1 0.119866 0.372645 0.283130 0.013987 0.210371
1 2 0.118651 0.368667 0.236641 0.004841 0.271200
1 1 0.114651 0.411881 0.255783 0.002463 0.215222
2 2 0.013041 0.219711 0.591491 0.002862 0.172895
2 2 0.019470 0.204001 0.564850 0.011540 0.200139
2 2 0.028208 0.268861 0.566281 0.002793 0.133857
2 2 0.021631 0.164963 0.714637 0.001738 0.097031
2 2 0.019640 0.207427 0.594634 0.002713 0.175586
1 2 0.090456 0.362154 0.217920 0.002019 0.327452
4 2 0.073159 0.281943 0.222783 0.008367 0.413749
1 0 0.166177 0.416209 0.177564 0.000465 0.239584
1 0 0.211921 0.421182 0.158455 0.000292 0.208149
4 1 0.065337 0.278325 0.180527 0.003138 0.472674
4 1 0.053185 0.193222 0.058091 0.000029 0.695473
4 4 0.045594 0.207630 0.047782 0.000002 0.698992
4 4 0.054739 0.255780 0.051146 0.000001 0.638335
4 4 0.049513 0.240232 0.053191 0.000001 0.657063
4 4 0.039375 0.189269 0.055145 0.000011 0.716199
1 4 0.247774 0.344936 0.083105 0.000029 0.324156
0 0 0.414728 0.314187 0.041251 0.000002 0.229833
4 4 0.180290 0.339333 0.095861 0.000062 0.384454
0 1 0.429108 0.299579 0.071556 0.000108 0.199649
4 1 0.220107 0.345492 0.081339 0.000020 0.353042
4 4 0.036161 0.203173 0.047893 0.000002 0.712772
4 4 0.054369 0.205396 0.047364 0.000004 0.692867
4 4 0.053222 0.253120 0.047758 0.000000 0.645899
4 4 0.041962 0.185132 0.071936 0.000104 0.700866
4 4 0.048145 0.243080 0.044346 0.000000 0.664429
4 4 0.046271 0.220240 0.020336 0.000000 0.713153
4 4 0.042893 0.186256 0.022229 0.000000 0.748622
4 4 0.016874 0.138664 0.019170 0.000000 0.825292
4 4 0.027518 0.182599 0.025874 0.000000 0.764009
4 4 0.057931 0.231439 0.018576 0.000000 0.692054
4 4 0.190844 0.267558 0.064979 0.000054 0.476565
4 4 0.219037 0.308511 0.057304 0.000007 0.415141
4 4 0.157950 0.271253 0.071505 0.000057 0.499235
4 4 0.269065 0.317515 0.050812 0.000003 0.362605
4 4 0.162914 0.325806 0.061424 0.000003 0.449853
4 4 0.059792 0.242863 0.025026 0.000000 0.672320
4 4 0.030881 0.193014 0.026131 0.000000 0.749973
4 4 0.140421 0.278352 0.034229 0.000000 0.546999
4 4 0.048799 0.199951 0.031180 0.000000 0.720070
4 4 0.032756 0.206112 0.025883 0.000000 0.735249
4 4 0.290311 0.331339 0.040018 0.000000 0.338332
0 4 0.353373 0.306435 0.041492 0.000002 0.298698
4 4 0.301765 0.322606 0.034016 0.000000 0.341613
4 4 0.223045 0.311863 0.041856 0.000001 0.423236
4 4 0.224988 0.239268 0.044346 0.000019 0.491379
4 4 0.137939 0.298899 0.031630 0.000000 0.531532
4 4 0.126549 0.291874 0.037253 0.000000 0.544323
4 4 0.101702 0.265613 0.036088 0.000000 0.596596
4 4 0.048052 0.163308 0.041481 0.000013 0.747146
4 4 0.158146 0.278934 0.038843 0.000001 0.524076
4 4 0.098807 0.276776 0.026412 0.000000 0.598005
4 4 0.120707 0.261666 0.031172 0.000000 0.586455
4 4 0.120581 0.296310 0.032932 0.000000 0.550176
4 4 0.127867 0.230662 0.041331 0.000004 0.600135
4 4 0.137026 0.266629 0.039405 0.000001 0.556939
1 4 0.306437 0.334831 0.048471 0.000002 0.310260
0 4 0.475711 0.258675 0.048308 0.000046 0.217261
4 4 0.172906 0.333862 0.062179 0.000003 0.431050
1 4 0.298367 0.336903 0.051907 0.000002 0.312819
0 0 0.696991 0.201354 0.038627 0.000071 0.062958
4 1 0.026658 0.186440 0.024578 0.000000 0.762324
4 1 0.009263 0.097585 0.020100 0.000000 0.873052
4 1 0.018181 0.150968 0.020208 0.000000 0.810644
4 1 0.021148 0.165598 0.020615 0.000000 0.792638
4 1 0.015080 0.132708 0.021564 0.000000 0.830648
4 1 0.014009 0.129746 0.018166 0.000000 0.838079
4 1 0.008428 0.094463 0.016404 0.000000 0.880705
4 1 0.007134 0.084435 0.016581 0.000000 0.891850
4 1 0.013597 0.130520 0.015243 0.000000 0.840640
4 1 0.018828 0.158015 0.017145 0.000000 0.806012
4 1 0.150677 0.297084 0.023565 0.000000 0.528675
4 1 0.023865 0.147465 0.019461 0.000000 0.809210
4 1 0.035789 0.183407 0.018737 0.000000 0.762066
4 1 0.035184 0.187219 0.019252 0.000000 0.758345
4 0 0.124101 0.239140 0.029720 0.000000 0.607039
4 1 0.039031 0.208116 0.019170 0.000000 0.733683
4 1 0.028443 0.152649 0.014471 0.000000 0.804437
4 4 0.013051 0.112606 0.017578 0.000000 0.856765
4 4 0.021962 0.126739 0.018206 0.000000 0.833093
4 1 0.102455 0.236105 0.022407 0.000000 0.639033
4 1 0.014254 0.106746 0.010831 0.000000 0.868168
4 1 0.012132 0.102961 0.011988 0.000000 0.872920
4 1 0.014891 0.120639 0.009928 0.000000 0.854543
4 1 0.011589 0.125766 0.009550 0.000000 0.853094
4 1 0.010947 0.085811 0.012399 0.000000 0.890843
4 1 0.005224 0.076156 0.008041 0.000000 0.910580
4 1 0.006886 0.090617 0.008647 0.000000 0.893851
4 1 0.004040 0.063252 0.008793 0.000000 0.923915
4 1 0.011327 0.123341 0.009868 0.000000 0.855464
4 4 0.009435 0.107405 0.011280 0.000000 0.871881
4 4 0.127419 0.288841 0.045295 0.000001 0.538444
4 4 0.170232 0.319607 0.038700 0.000000 0.471461
0 0 0.562721 0.251865 0.035622 0.000007 0.149785
4 1 0.144035 0.256181 0.056113 0.000016 0.543655
4 1 0.121230 0.286721 0.057597 0.000004 0.534448
4 4 0.028222 0.173809 0.040414 0.000001 0.757553
4 4 0.060382 0.241257 0.032399 0.000000 0.665962
4 4 0.039109 0.207057 0.038558 0.000000 0.715275
4 4 0.042573 0.220667 0.046267 0.000001 0.690491
4 4 0.023985 0.156006 0.051802 0.000014 0.768194
4 4 0.031427 0.197514 0.032985 0.000000 0.738075
4 4 0.063730 0.254236 0.031440 0.000000 0.650595
4 4 0.034814 0.206099 0.037535 0.000000 0.721553
4 4 0.049640 0.222458 0.030242 0.000000 0.697660
4 4 0.038918 0.179034 0.032048 0.000000 0.750000
4 1 0.034905 0.326915 0.231593 0.000043 0.406544
4 1 0.043886 0.350501 0.175500 0.000031 0.430082
4 1 0.030228 0.268165 0.261985 0.000096 0.439526
2 2 0.024508 0.224456 0.473715 0.000638 0.276682
2 2 0.030453 0.264964 0.431798 0.000034 0.272751
2 2 0.019764 0.078031 0.887960 0.001848 0.012398
2 2 0.008387 0.095692 0.852597 0.001608 0.041717
2 2 0.014979 0.108213 0.834490 0.002778 0.039541
2 2 0.077827 0.327323 0.458568 0.001845 0.134437
0 0 0.398211 0.302671 0.190827 0.002647 0.105644
4 1 0.103973 0.322329 0.113313 0.000050 0.460335
4 1 0.042616 0.328748 0.166282 0.000170 0.462184
4 1 0.052307 0.299372 0.237570 0.000100 0.410652
4 1 0.073065 0.303776 0.195128 0.000173 0.427857
4 1 0.082275 0.324045 0.112849 0.000022 0.480810
2 1 0.024512 0.214872 0.553293 0.000304 0.207019
4 1 0.036380 0.286012 0.338351 0.000070 0.339186
2 1 0.026345 0.229499 0.458803 0.000229 0.285123
4 1 0.032942 0.259057 0.314745 0.000070 0.393187
2 1 0.023977 0.202988 0.510810 0.001167 0.261058
4 1 0.054554 0.191459 0.027210 0.000000 0.726778
4 1 0.091096 0.273048 0.027512 0.000000 0.608343
4 1 0.079805 0.248241 0.026684 0.000000 0.645270
4 0 0.236647 0.300369 0.028018 0.000000 0.434966
4 1 0.049799 0.191342 0.031930 0.000000 0.726928
4 1 0.020876 0.168622 0.016336 0.000000 0.794167
4 1 0.038218 0.196542 0.022592 0.000000 0.742648
4 1 0.060439 0.218999 0.018363 0.000000 0.702199
4 1 0.013993 0.134997 0.013612 0.000000 0.837397
4 1 0.044902 0.162325 0.022378 0.000000 0.770395
4 1 0.121667 0.269213 0.033292 0.000000 0.575827
4 1 0.052384 0.148460 0.041274 0.000041 0.757841
4 1 0.041602 0.158100 0.039129 0.000008 0.761161
4 1 0.122634 0.292694 0.028743 0.000000 0.555929
4 1 0.117191 0.252798 0.034465 0.000000 0.595546
4 1 0.059889 0.182068 0.024706 0.000000 0.733336
4 1 0.050906 0.213214 0.022406 0.000000 0.713475
4 1 0.050901 0.201267 0.023279 0.000000 0.724554
4 1 0.069324 0.169361 0.024456 0.000001 0.736858
4 1 0.049639 0.150730 0.030574 0.000004 0.769054
0 1 0.543475 0.263169 0.047208 0.000028 0.146120
0 1 0.527236 0.280809 0.048436 0.000016 0.143503
0 4 0.555573 0.269351 0.042316 0.000010 0.132750
0 4 0.359264 0.332474 0.069984 0.000025 0.238254
1 4 0.317571 0.366609 0.091669 0.000064 0.224086
4 4 0.012130 0.112927 0.009000 0.000000 0.865943
4 4 0.023129 0.153227 0.010782 0.000000 0.812862
4 4 0.019332 0.147632 0.007891 0.000000 0.825145
4 4 0.021082 0.153116 0.008386 0.000000 0.817416
4 4 0.019696 0.129803 0.009441 0.000000 0.841059
4 1 0.037583 0.163352 0.031129 0.000001 0.767935
