0 0 0.942605 0.036652 0.004431 0.005780 0.010531
0 0 0.917235 0.057438 0.007064 0.001140 0.017124
0 0 0.944042 0.042690 0.005629 0.000178 0.007461
0 0 0.945411 0.042008 0.004695 0.000103 0.007784
0 0 0.971635 0.021192 0.002104 0.001069 0.004001
0 0 0.973355 0.019782 0.001905 0.001212 0.003746
0 0 0.976327 0.018124 0.001610 0.000707 0.003231
0 0 0.973940 0.020638 0.001837 0.000224 0.003361
0 0 0.920062 0.059552 0.007295 0.000114 0.012976
0 0 0.881361 0.080173 0.009751 0.000662 0.028053
0 0 0.869308 0.093044 0.009110 0.000035 0.028503
0 0 0.943641 0.044348 0.004711 0.000026 0.007274
0 0 0.994495 0.003183 0.000116 0.001704 0.000502
0 0 0.963162 0.028412 0.002343 0.000187 0.005897
0 0 0.962029 0.029115 0.003246 0.000394 0.005216
0 0 0.955332 0.031191 0.003703 0.002522 0.007253
0 0 0.945386 0.041420 0.005331 0.000247 0.007616
0 0 0.971685 0.019676 0.001982 0.002653 0.004004
0 0 0.713852 0.195085 0.023204 0.000005 0.067854
0 0 0.775039 0.148260 0.015600 0.000034 0.061066
0 0 0.667205 0.207012 0.021608 0.000015 0.104160
0 0 0.847681 0.098578 0.012678 0.000925 0.040138
0 1 0.749682 0.162839 0.022503 0.000085 0.064890
0 1 0.496269 0.298988 0.033953 0.000003 0.170786
0 0 0.700545 0.185641 0.019966 0.000038 0.093810
0 0 0.693917 0.193816 0.025951 0.000049 0.086267
0 0 0.566994 0.259139 0.035458 0.000021 0.138388
0 1 0.788132 0.136386 0.020339 0.000382 0.054761
0 1 0.414274 0.336747 0.054465 0.000007 0.194508
0 1 0.515767 0.278805 0.043696 0.000039 0.161692
2 1 0.219118 0.263405 0.425502 0.010311 0.081663
2 1 0.062995 0.213322 0.570035 0.009969 0.143679
2 0 0.075573 0.203866 0.632773 0.008314 0.079474
2 0 0.087822 0.224102 0.542392 0.005286 0.140398
2 0 0.270258 0.288010 0.400922 0.001723 0.039088
0 1 0.837325 0.112884 0.016509 0.000118 0.033164
0 0 0.722351 0.171798 0.020777 0.000109 0.084965
0 0 0.642908 0.239797 0.033459 0.000003 0.083832
0 0 0.805041 0.132101 0.015706 0.000053 0.047100
0 0 0.903089 0.063623 0.006736 0.001729 0.024823
0 0 0.955706 0.025636 0.003240 0.009353 0.006065
0 0 0.968493 0.019457 0.002045 0.005755 0.004250
0 0 0.956141 0.031020 0.003987 0.002267 0.006585
0 0 0.966893 0.024291 0.002643 0.001393 0.004780
0 0 0.915689 0.063016 0.010109 0.000108 0.011078
0 0 0.969785 0.022146 0.002295 0.001450 0.004324
0 0 0.960154 0.029976 0.003512 0.000686 0.005672
0 0 0.922887 0.056076 0.005753 0.000209 0.015076
0 0 0.972900 0.020349 0.001966 0.000989 0.003795
0 0 0.974499 0.018584 0.001758 0.001579 0.003579
0 0 0.973562 0.018748 0.001816 0.002154 0.003720
0 0 0.975940 0.016684 0.001531 0.002532 0.003313
0 0 0.966451 0.025730 0.002710 0.000484 0.004625
0 0 0.972861 0.021212 0.001968 0.000348 0.003611
0 0 0.973793 0.019778 0.001872 0.000910 0.003648
0 0 0.975816 0.019310 0.001636 0.000181 0.003058
0 0 0.933260 0.053502 0.006409 0.000004 0.006825
0 0 0.955948 0.034304 0.003930 0.000135 0.005683
0 0 0.954883 0.033699 0.004177 0.000697 0.006544
0 0 0.985820 0.010538 0.000715 0.001096 0.001832
0 0 0.974597 0.020588 0.001712 0.000074 0.003029
0 0 0.968831 0.025543 0.002205 0.000019 0.003403
0 0 0.980450 0.016602 0.001055 0.000006 0.001887
0 0 0.969132 0.025461 0.002137 0.000012 0.003257
0 0 0.978609 0.018000 0.001228 0.000009 0.002153
0 0 0.980431 0.016009 0.001168 0.000084 0.002308
0 0 0.983112 0.013915 0.000936 0.000078 0.001959
0 0 0.984841 0.012315 0.000816 0.000181 0.001847
0 0 0.970664 0.024031 0.002034 0.000024 0.003247
0 0 0.978551 0.016491 0.001387 0.000677 0.002894
0 0 0.963455 0.025456 0.002965 0.002756 0.005368
0 0 0.960527 0.024477 0.002944 0.006489 0.005563
0 0 0.929404 0.048747 0.008173 0.002571 0.011105
0 0 0.934921 0.043626 0.005496 0.003449 0.012508
0 1 0.898732 0.069693 0.008169 0.000645 0.022761
0 0 0.382118 0.304844 0.039601 0.000037 0.273400
0 1 0.502116 0.247079 0.032993 0.000363 0.217448
4 1 0.211013 0.311264 0.064447 0.000032 0.413244
1 1 0.237612 0.367556 0.052367 0.000003 0.342462
4 1 0.273833 0.289652 0.058194 0.000095 0.378227
2 1 0.020764 0.190802 0.690568 0.002289 0.095577
2 2 0.011811 0.145159 0.767307 0.002618 0.073104
2 2 0.008930 0.133167 0.782693 0.002489 0.072722
2 2 0.005983 0.086268 0.864832 0.008640 0.034277
2 2 0.008429 0.110915 0.826971 0.009002 0.044683
2 2 0.006490 0.058829 0.903765 0.018937 0.011979
2 2 0.003743 0.041087 0.931898 0.015608 0.007664
2 2 0.008388 0.065356 0.878500 0.030835 0.016921
2 2 0.007205 0.063703 0.893407 0.021136 0.014549
2 2 0.024125 0.099371 0.838351 0.020965 0.017188
2 2 0.006912 0.031194 0.842453 0.116078 0.003363
2 2 0.012770 0.043441 0.799221 0.138336 0.006231
2 3 0.033857 0.084886 0.818620 0.052976 0.009660
2 3 0.023590 0.056857 0.632682 0.275368 0.011503
2 3 0.019001 0.057640 0.750624 0.164871 0.007864
2 3 0.013531 0.038588 0.490815 0.448382 0.008684
2 3 0.039996 0.077914 0.615816 0.252625 0.013649
2 3 0.027037 0.056428 0.536339 0.367428 0.012768
3 2 0.014855 0.038839 0.463215 0.475195 0.007896
2 0 0.031418 0.068803 0.657434 0.232491 0.009854
0 1 0.585344 0.182326 0.181874 0.025331 0.025125
0 1 0.306347 0.254270 0.285184 0.015189 0.139010
0 0 0.523046 0.215820 0.222921 0.009800 0.028412
0 0 0.680012 0.171859 0.117851 0.006521 0.023758
0 2 0.588535 0.214075 0.169409 0.001585 0.026396
0 0 0.382335 0.210100 0.362001 0.018172 0.027392
0 0 0.732381 0.154630 0.086251 0.004118 0.022620
0 2 0.526630 0.249431 0.192958 0.000442 0.030540
1 1 0.304973 0.329913 0.272924 0.000468 0.091722
0 1 0.547868 0.247065 0.159487 0.001522 0.044059
2 2 0.046346 0.124884 0.809845 0.006121 0.012804
2 2 0.013111 0.052476 0.887537 0.041556 0.005320
2 2 0.010037 0.058154 0.907184 0.014971 0.009654
2 3 0.020194 0.062927 0.843631 0.065997 0.007251
2 3 0.014245 0.051212 0.823913 0.103691 0.006939
2 3 0.022206 0.059233 0.681398 0.226846 0.010317
2 3 0.007632 0.029660 0.623757 0.334055 0.004895
2 3 0.025975 0.071529 0.701724 0.183585 0.017188
2 3 0.021808 0.049326 0.486813 0.432802 0.009251
3 3 0.027399 0.054287 0.439455 0.468458 0.010400
2 3 0.032333 0.075155 0.661608 0.216718 0.014186
2 3 0.011139 0.033435 0.496988 0.450730 0.007709
3 3 0.013316 0.036485 0.456664 0.483501 0.010034
3 3 0.013997 0.033683 0.323715 0.619047 0.009559
2 3 0.011882 0.037167 0.552949 0.389675 0.008327
3 3 0.005979 0.022306 0.423808 0.542499 0.005408
3 3 0.004609 0.019480 0.478652 0.493086 0.004173
3 3 0.014304 0.037163 0.427440 0.512421 0.008673
2 3 0.004750 0.024110 0.618308 0.348632 0.004199
3 3 0.001908 0.010864 0.386650 0.597360 0.003219
3 3 0.008391 0.027702 0.375071 0.579792 0.009044
3 3 0.003678 0.015808 0.383749 0.592532 0.004233
2 3 0.006189 0.031466 0.483301 0.465153 0.013890
2 3 0.005847 0.025788 0.506918 0.455412 0.006035
3 3 0.013983 0.031901 0.301988 0.643528 0.008601
3 3 0.011324 0.027267 0.288938 0.664072 0.008399
3 3 0.003782 0.015383 0.331039 0.645682 0.004115
3 3 0.008437 0.022479 0.286653 0.677185 0.005246
3 3 0.003991 0.017293 0.412882 0.561559 0.004275
3 3 0.008478 0.025213 0.342515 0.617646 0.006148
3 3 0.009627 0.024126 0.257046 0.699758 0.009443
3 3 0.017041 0.028278 0.154367 0.785536 0.014777
3 3 0.014411 0.023869 0.167761 0.786232 0.007727
3 3 0.017294 0.025165 0.122277 0.823673 0.011591
3 3 0.038038 0.035763 0.099813 0.811502 0.014886
3 3 0.042258 0.067707 0.428483 0.447979 0.013573
2 3 0.095839 0.116380 0.469308 0.299317 0.019156
2 3 0.178315 0.172184 0.514777 0.116508 0.018216
2 3 0.044721 0.093205 0.654331 0.183425 0.024317
2 2 0.092581 0.111921 0.476166 0.296205 0.023127
2 2 0.028137 0.068167 0.721408 0.170810 0.011478
2 3 0.034923 0.080184 0.744341 0.127752 0.012800
2 2 0.118844 0.130040 0.560683 0.166705 0.023727
2 2 0.036824 0.083781 0.821589 0.047544 0.010262
2 2 0.073016 0.121172 0.746695 0.045663 0.013454
2 1 0.090184 0.138998 0.700904 0.048734 0.021180
2 2 0.149267 0.168372 0.636227 0.030718 0.015416
2 2 0.090371 0.129123 0.634485 0.128615 0.017406
2 2 0.052911 0.114136 0.792144 0.028633 0.012176
2 2 0.039610 0.088953 0.769248 0.088734 0.013455
2 3 0.022086 0.085648 0.758102 0.109508 0.024657
2 2 0.037574 0.090247 0.754129 0.105837 0.012213
2 2 0.019676 0.069920 0.838076 0.063335 0.008994
2 3 0.016307 0.060044 0.841683 0.074260 0.007706
2 3 0.028654 0.096654 0.799508 0.053455 0.021729
2 2 0.015839 0.059131 0.782735 0.130612 0.011683
2 2 0.025420 0.098541 0.768930 0.076071 0.031038
2 2 0.017126 0.067300 0.785640 0.114994 0.014941
2 2 0.012951 0.047425 0.693635 0.236786 0.009203
2 2 0.017582 0.079383 0.831207 0.054959 0.016869
2 2 0.006624 0.044131 0.829429 0.108855 0.010961
2 2 0.009585 0.052235 0.899382 0.032838 0.005960
2 2 0.003306 0.032364 0.899174 0.058445 0.006710
2 2 0.005181 0.037068 0.890516 0.061027 0.006208
2 2 0.004826 0.040681 0.834597 0.108592 0.011304
2 2 0.004666 0.026636 0.780891 0.183901 0.003906
2 2 0.004417 0.034305 0.884031 0.071525 0.005722
2 2 0.004320 0.031340 0.841407 0.116193 0.006740
2 3 0.002011 0.016396 0.782618 0.196704 0.002270
2 2 0.006104 0.027431 0.633649 0.328597 0.004219
2 3 0.007464 0.041151 0.721995 0.217030 0.012360
3 2 0.019177 0.046998 0.452218 0.470082 0.011526
2 3 0.006601 0.039475 0.838804 0.107097 0.008024
2 3 0.024077 0.059897 0.552423 0.353255 0.010348
2 2 0.009353 0.044547 0.730731 0.202537 0.012831
2 3 0.003907 0.024922 0.799317 0.167235 0.004619
2 3 0.013565 0.044795 0.645937 0.289170 0.006533
2 3 0.010065 0.041198 0.722250 0.217986 0.008501
2 2 0.007810 0.032762 0.625395 0.327261 0.006772
2 2 0.007694 0.034412 0.727517 0.225061 0.005316
2 3 0.009866 0.044219 0.738841 0.197206 0.009868
2 3 0.024541 0.070232 0.648934 0.240845 0.015447
2 0 0.016575 0.049907 0.601625 0.321494 0.010398
2 0 0.127523 0.165773 0.658404 0.030829 0.017472
2 0 0.118883 0.173496 0.690592 0.004761 0.012269
0 0 0.745353 0.159050 0.014498 0.000037 0.081062
0 0 0.843536 0.110512 0.013324 0.000042 0.032586
0 0 0.771187 0.149350 0.017830 0.000071 0.061562
0 0 0.809713 0.124663 0.014271 0.000145 0.051209
0 0 0.773877 0.149566 0.015720 0.000030 0.060808
0 1 0.421288 0.315298 0.179347 0.000735 0.083332
0 1 0.354600 0.316050 0.215309 0.002403 0.111637
0 1 0.419241 0.287286 0.148860 0.002749 0.141863
1 2 0.249679 0.360319 0.276559 0.000345 0.113098
2 2 0.156521 0.242223 0.492728 0.014443 0.094085
2 2 0.067452 0.234226 0.639385 0.001626 0.057310
2 2 0.058331 0.205419 0.710616 0.001350 0.024283
2 2 0.035186 0.160156 0.749416 0.005918 0.049324
2 2 0.051484 0.211649 0.690519 0.001836 0.044512
2 2 0.052895 0.177661 0.745267 0.001612 0.022565
2 2 0.128380 0.177657 0.673708 0.005177 0.015079
2 2 0.146181 0.163089 0.628120 0.045130 0.017479
2 2 0.061522 0.140923 0.773858 0.008052 0.015645
2 2 0.122689 0.171872 0.664147 0.019294 0.021997
2 2 0.139104 0.169381 0.652225 0.021495 0.017796
2 1 0.085887 0.154430 0.724518 0.015676 0.019489
2 2 0.038902 0.118998 0.816894 0.008858 0.016348
2 2 0.049407 0.117979 0.802706 0.017014 0.012894
2 3 0.053300 0.116266 0.778820 0.032581 0.019032
2 2 0.049531 0.098053 0.754278 0.087640 0.010497
2 2 0.010334 0.047656 0.896603 0.040697 0.004709
2 3 0.034224 0.086642 0.802635 0.066292 0.010207
2 2 0.016011 0.068896 0.805524 0.095744 0.013825
2 2 0.012361 0.054121 0.906007 0.022812 0.004700
2 2 0.015558 0.054322 0.876446 0.047533 0.006142
2 0 0.028455 0.074706 0.869696 0.019598 0.007544
2 1 0.178659 0.210375 0.592446 0.003462 0.015058
2 1 0.036662 0.099587 0.807485 0.038755 0.017510
2 2 0.081773 0.149381 0.725699 0.026371 0.016776
2 2 0.029475 0.109987 0.827973 0.011812 0.020753
2 2 0.021774 0.098285 0.841308 0.017901 0.020732
2 2 0.036439 0.082091 0.798463 0.072558 0.010448
2 2 0.024868 0.074937 0.858085 0.034599 0.007511
2 2 0.025891 0.089273 0.854794 0.018733 0.011308
2 2 0.023766 0.078095 0.858173 0.028103 0.011863
2 2 0.027541 0.071545 0.796264 0.094436 0.010215
2 2 0.037538 0.090204 0.797931 0.062647 0.011680
2 2 0.047931 0.107440 0.814816 0.021314 0.008498
2 2 0.028047 0.075141 0.803738 0.083829 0.009246
2 0 0.053797 0.110434 0.770499 0.051451 0.013819
0 0 0.949021 0.038602 0.004991 0.000332 0.007054
0 0 0.940146 0.042096 0.006406 0.002116 0.009236
0 0 0.879450 0.087343 0.013486 0.000097 0.019624
0 0 0.941017 0.043221 0.006285 0.000790 0.008686
0 1 0.854050 0.102839 0.017380 0.000150 0.025581
0 1 0.618830 0.240916 0.044392 0.000037 0.095824
0 1 0.588988 0.243164 0.046016 0.000158 0.121673
0 0 0.670037 0.205298 0.047809 0.000308 0.076549
0 0 0.751086 0.158887 0.044916 0.001122 0.043988
0 1 0.552644 0.271430 0.059516 0.000063 0.116347
0 1 0.462950 0.316542 0.134046 0.000165 0.086296
0 2 0.440918 0.320578 0.174957 0.000129 0.063418
0 2 0.513211 0.260709 0.175639 0.001630 0.048811
0 2 0.529898 0.229042 0.181403 0.006333 0.053325
0 2 0.677894 0.171400 0.118819 0.007310 0.024577
0 2 0.758948 0.143559 0.069927 0.004184 0.023383
0 0 0.880946 0.081673 0.020762 0.001491 0.015128
0 0 0.888695 0.077309 0.016011 0.000918 0.017066
0 0 0.916430 0.061452 0.010227 0.000250 0.011641
0 0 0.953182 0.034500 0.004471 0.000979 0.006868
0 0 0.954944 0.035712 0.003919 0.000046 0.005380
0 0 0.933363 0.052301 0.006737 0.000018 0.007582
0 0 0.960408 0.031097 0.003346 0.000119 0.005030
0 0 0.968328 0.024935 0.002442 0.000193 0.004102
0 0 0.944425 0.043765 0.005260 0.000030 0.006520
0 0 0.954300 0.036811 0.003845 0.000015 0.005029
0 0 0.939749 0.046421 0.006123 0.000081 0.007627
0 0 0.953613 0.036549 0.004126 0.000059 0.005653
0 0 0.954667 0.036203 0.003885 0.000028 0.005218
0 0 0.944591 0.044078 0.005118 0.000016 0.006196
0 0 0.933624 0.050067 0.007224 0.000173 0.008913
0 0 0.953891 0.034858 0.004334 0.000450 0.006467
0 0 0.948663 0.036486 0.005093 0.001957 0.007801
0 0 0.946503 0.039453 0.005441 0.000779 0.007824
0 0 0.943121 0.041897 0.005950 0.000719 0.008313
0 0 0.946522 0.041387 0.005172 0.000098 0.006820
0 0 0.956161 0.033252 0.004022 0.000443 0.006123
0 0 0.939708 0.047003 0.005989 0.000041 0.007259
0 0 0.958627 0.032224 0.003603 0.000162 0.005385
0 0 0.949022 0.039136 0.004908 0.000176 0.006758
0 0 0.907491 0.065487 0.009934 0.000697 0.016391
0 0 0.958529 0.029717 0.003687 0.001895 0.006171
0 0 0.970061 0.022419 0.002286 0.000999 0.004235
0 0 0.972095 0.018528 0.001843 0.003675 0.003858
0 0 0.968296 0.023421 0.002482 0.001257 0.004545
0 0 0.922122 0.057861 0.009167 0.000200 0.010649
0 0 0.943083 0.043173 0.005808 0.000222 0.007715
0 0 0.946367 0.039057 0.005472 0.001110 0.007993
0 0 0.961483 0.027942 0.003314 0.001594 0.005666
0 0 0.978566 0.012915 0.001072 0.004809 0.002639
0 0 0.962562 0.024670 0.002909 0.004442 0.005417
0 0 0.949023 0.030135 0.003242 0.008582 0.009018
0 0 0.938542 0.041153 0.006457 0.004242 0.009605
0 0 0.940248 0.040483 0.006240 0.003716 0.009313
0 0 0.950894 0.033450 0.004614 0.003565 0.007478
0 0 0.948856 0.038785 0.005006 0.000309 0.007045
0 0 0.965531 0.025222 0.002808 0.001438 0.005001
0 0 0.957629 0.031025 0.003846 0.001261 0.006238
0 0 0.968319 0.022644 0.002426 0.002036 0.004575
0 0 0.955717 0.032643 0.004115 0.001037 0.006488
0 0 0.967588 0.024045 0.002572 0.001153 0.004643
0 0 0.951538 0.036712 0.004645 0.000371 0.006734
0 0 0.855962 0.096200 0.010916 0.000313 0.036610
0 0 0.896162 0.074972 0.008534 0.000106 0.020225
0 0 0.882375 0.081387 0.010756 0.000434 0.025047
4 1 0.223949 0.348394 0.056049 0.000017 0.371591
4 1 0.136844 0.246858 0.101255 0.001239 0.513803
4 1 0.110956 0.329995 0.170172 0.000286 0.388591
1 1 0.147497 0.386953 0.130438 0.000059 0.335053
4 1 0.123659 0.270918 0.155065 0.000824 0.449534
0 1 0.593511 0.247684 0.049916 0.000092 0.108796
0 1 0.809265 0.131800 0.022898 0.000092 0.035945
0 1 0.775411 0.158623 0.031782 0.000017 0.034167
0 1 0.888774 0.077871 0.014722 0.000683 0.017950
0 1 0.895568 0.077991 0.012016 0.000043 0.014383
0 1 0.805701 0.124963 0.047442 0.001494 0.020400
0 2 0.777401 0.143764 0.054227 0.000615 0.023993
0 2 0.649257 0.219799 0.077436 0.000366 0.053142
0 2 0.621111 0.205173 0.147947 0.001092 0.024678
0 1 0.602343 0.233816 0.125814 0.000359 0.037668
0 1 0.702236 0.199506 0.045945 0.000035 0.052278
0 0 0.769604 0.149154 0.050568 0.000765 0.029909
0 0 0.857750 0.103241 0.021146 0.000041 0.017823
0 0 0.881332 0.088437 0.015944 0.000025 0.014262
0 0 0.892114 0.079890 0.014232 0.000058 0.013707
0 1 0.740361 0.171798 0.049214 0.000140 0.038487
0 1 0.797626 0.138316 0.039067 0.000110 0.024881
0 1 0.797084 0.140775 0.035996 0.000050 0.026094
0 1 0.736781 0.162102 0.074967 0.000933 0.025217
0 2 0.705890 0.186642 0.056842 0.000543 0.050084
2 2 0.049248 0.147613 0.781041 0.005486 0.016611
2 2 0.056057 0.195988 0.695973 0.002500 0.049482
2 2 0.048443 0.195282 0.709082 0.002716 0.044478
2 2 0.022646 0.109967 0.853437 0.003371 0.010580
2 2 0.031426 0.162161 0.769215 0.003237 0.033961
2 2 0.005543 0.039749 0.915019 0.034360 0.005328
2 2 0.003168 0.044295 0.936979 0.007321 0.008237
2 2 0.009452 0.058729 0.895251 0.027836 0.008733
2 2 0.002692 0.029755 0.939360 0.024253 0.003939
2 2 0.003322 0.050169 0.919320 0.014314 0.012875
2 2 0.007657 0.040354 0.887922 0.059912 0.004155
2 2 0.005603 0.035810 0.884956 0.068573 0.005058
2 2 0.004186 0.033845 0.912428 0.043631 0.005910
2 2 0.003957 0.032727 0.911925 0.045288 0.006103
2 2 0.010780 0.046884 0.885951 0.051423 0.004963
2 2 0.005080 0.043915 0.917546 0.024934 0.008525
2 2 0.012026 0.055604 0.886771 0.038658 0.006941
2 2 0.013657 0.066244 0.882662 0.026059 0.011378
2 2 0.016622 0.060284 0.858196 0.059216 0.005682
2 2 0.012595 0.062026 0.846484 0.066861 0.012033
2 2 0.060073 0.166924 0.710190 0.018332 0.044480
2 2 0.021562 0.065435 0.851480 0.053772 0.007751
2 2 0.044310 0.124702 0.800287 0.013687 0.017015
2 2 0.020324 0.059227 0.814706 0.097495 0.008249
2 2 0.044401 0.095345 0.798246 0.052431 0.009576
2 2 0.021912 0.081159 0.827086 0.054024 0.015819
2 2 0.038852 0.105629 0.747182 0.081010 0.027327
2 3 0.012764 0.051297 0.782846 0.142252 0.010840
2 3 0.011028 0.053019 0.869420 0.057749 0.008784
2 3 0.019568 0.077081 0.803822 0.081111 0.018419
2 3 0.014927 0.043449 0.591536 0.341652 0.008436
3 2 0.011209 0.030831 0.362867 0.586091 0.009002
2 3 0.017666 0.062910 0.717075 0.190633 0.011717
2 3 0.010550 0.035610 0.537993 0.408884 0.006963
2 3 0.016497 0.048590 0.566466 0.358562 0.009885
2 3 0.006153 0.033854 0.720871 0.232361 0.006760
2 3 0.011082 0.053013 0.682173 0.236902 0.016829
2 3 0.009274 0.037942 0.667052 0.278156 0.007577
2 3 0.014276 0.062693 0.660514 0.243935 0.018582
2 3 0.022539 0.075851 0.588203 0.288421 0.024986
2 3 0.017746 0.050595 0.602136 0.318644 0.010881
3 3 0.009856 0.031805 0.464362 0.485069 0.008908
2 3 0.021766 0.061503 0.532746 0.367045 0.016940
3 3 0.012020 0.033130 0.395468 0.551852 0.007529
3 3 0.011372 0.027707 0.307791 0.646142 0.006989
3 3 0.031108 0.047046 0.178377 0.721073 0.022397
3 3 0.026711 0.046762 0.251987 0.658867 0.015673
3 3 0.012379 0.023423 0.157656 0.795153 0.011390
3 3 0.012250 0.030643 0.272540 0.671631 0.012936
3 3 0.013746 0.041285 0.436211 0.494704 0.014055
3 3 0.014762 0.033826 0.328470 0.614192 0.008750
3 3 0.005818 0.022179 0.283675 0.676703 0.011624
3 3 0.013770 0.020388 0.114951 0.844071 0.006819
3 3 0.006678 0.031756 0.419578 0.521063 0.020925
3 3 0.010833 0.022585 0.200995 0.756324 0.009264
3 3 0.002489 0.010327 0.248284 0.735196 0.003705
3 3 0.012778 0.031130 0.325169 0.623112 0.007811
3 3 0.011167 0.038193 0.455886 0.480823 0.013932
3 3 0.010252 0.029473 0.315781 0.635665 0.008829
3 3 0.028406 0.054236 0.376385 0.527069 0.013904
3 3 0.024873 0.023284 0.074144 0.867588 0.010110
3 3 0.014263 0.025088 0.155917 0.791248 0.013483
3 3 0.026494 0.021658 0.066186 0.876584 0.009079
3 3 0.026157 0.045827 0.217120 0.687330 0.023567
3 3 0.028997 0.026320 0.072939 0.861424 0.010319
3 3 0.024952 0.021631 0.058230 0.884655 0.010532
3 3 0.031991 0.026481 0.076404 0.853462 0.011662
3 3 0.051221 0.031380 0.061136 0.841174 0.015089
3 3 0.071217 0.038032 0.045603 0.823578 0.021571
3 3 0.029106 0.015900 0.026581 0.919632 0.008781
3 3 0.031496 0.023909 0.052920 0.878998 0.012677
3 3 0.058931 0.031569 0.042947 0.851112 0.015441
3 3 0.111474 0.040438 0.037548 0.789122 0.021417
3 3 0.057642 0.023181 0.024922 0.881825 0.012431
3 3 0.074800 0.038462 0.053144 0.816893 0.016701
3 3 0.050131 0.032418 0.058006 0.845514 0.013930
3 3 0.128238 0.052685 0.063148 0.737402 0.018527
3 3 0.015643 0.016289 0.063477 0.897374 0.007217
3 3 0.016352 0.029742 0.177932 0.759336 0.016638
3 3 0.034242 0.023489 0.051807 0.880612 0.009850
3 3 0.008933 0.010466 0.052140 0.924254 0.004206
3 3 0.005801 0.006423 0.030190 0.954453 0.003134
3 3 0.011069 0.015411 0.085768 0.881001 0.006750
3 3 0.007423 0.008177 0.034502 0.945940 0.003959
3 3 0.014876 0.013735 0.043705 0.921262 0.006422
3 3 0.064729 0.032781 0.050063 0.837744 0.014683
3 3 0.069502 0.029264 0.034935 0.851131 0.015169
3 3 0.068740 0.026449 0.021966 0.864710 0.018136
3 3 0.089886 0.046654 0.057751 0.781879 0.023830
3 3 0.037052 0.024095 0.054212 0.874062 0.010579
3 3 0.068040 0.020139 0.013846 0.884610 0.013366
3 3 0.076772 0.034747 0.035658 0.830616 0.022207
3 3 0.045754 0.010153 0.006341 0.931475 0.006277
3 3 0.091778 0.029796 0.022273 0.834315 0.021838
3 3 0.065376 0.024119 0.017339 0.872399 0.020767
3 3 0.006310 0.006980 0.027635 0.955325 0.003749
3 3 0.045291 0.023087 0.029248 0.890230 0.012145
3 3 0.011751 0.011804 0.039776 0.931876 0.004793
3 3 0.022706 0.021368 0.069350 0.877199 0.009377
3 3 0.014678 0.012627 0.037076 0.929524 0.006096
3 3 0.009424 0.007171 0.017760 0.960680 0.004964
3 3 0.021531 0.021783 0.055768 0.885058 0.015860
3 3 0.026294 0.015016 0.016872 0.927470 0.014348
3 3 0.023398 0.018297 0.033075 0.914451 0.010779
3 3 0.049973 0.023963 0.030633 0.884209 0.011223
3 3 0.027272 0.009899 0.010529 0.945949 0.006351
3 3 0.043288 0.020768 0.026539 0.897494 0.011911
3 3 0.017243 0.009246 0.015429 0.952741 0.005340
3 3 0.033933 0.020186 0.029320 0.904881 0.011681
3 3 0.006936 0.005425 0.016056 0.969011 0.002572
3 3 0.031647 0.014338 0.015104 0.926898 0.012013
3 3 0.026043 0.009637 0.009815 0.947722 0.006784
3 3 0.049786 0.012621 0.008322 0.921485 0.007786
3 3 0.036507 0.010336 0.007623 0.938884 0.006650
3 3 0.032065 0.014160 0.012470 0.929584 0.011721
3 3 0.041483 0.019017 0.016438 0.905758 0.017304
3 3 0.094188 0.034546 0.022591 0.820758 0.027918
3 3 0.029820 0.021730 0.023377 0.902403 0.022670
3 3 0.011804 0.010033 0.016871 0.949223 0.012069
3 3 0.019834 0.016595 0.030083 0.918566 0.014921
3 3 0.012856 0.015891 0.057831 0.904938 0.008484
3 3 0.024601 0.021221 0.063368 0.882995 0.007815
3 3 0.006921 0.011763 0.065070 0.908820 0.007426
3 3 0.005875 0.008036 0.037581 0.943707 0.004802
3 3 0.008437 0.011228 0.043762 0.930224 0.006350
3 3 0.008441 0.007119 0.020852 0.959741 0.003848
3 3 0.031506 0.015531 0.018840 0.924205 0.009918
3 3 0.013830 0.009092 0.016547 0.954137 0.006393
3 3 0.012756 0.012010 0.029405 0.936125 0.009705
3 0 0.011153 0.008897 0.022781 0.951090 0.006079
0 0 0.779163 0.104915 0.054311 0.044360 0.017251
0 0 0.673160 0.169317 0.090313 0.015800 0.051410
0 1 0.547869 0.228715 0.185208 0.003246 0.034961
0 1 0.458635 0.226344 0.244378 0.014019 0.056624
0 2 0.362120 0.212836 0.329064 0.037021 0.058960
2 2 0.081173 0.156762 0.739686 0.007372 0.015008
2 2 0.062320 0.147742 0.757689 0.012247 0.020002
2 2 0.055876 0.166602 0.733750 0.008388 0.035385
2 2 0.032026 0.106671 0.835898 0.010544 0.014861
2 2 0.110812 0.168003 0.671144 0.024824 0.025218
2 2 0.136178 0.279655 0.537113 0.000735 0.046319
2 2 0.120466 0.193390 0.654140 0.006958 0.025047
2 2 0.196476 0.251785 0.492737 0.007851 0.051151
2 0 0.097758 0.243859 0.626635 0.000944 0.030803
2 1 0.214306 0.320108 0.408617 0.000988 0.055981
2 2 0.160163 0.322552 0.440779 0.000430 0.076076
2 2 0.075215 0.222441 0.614076 0.004082 0.084185
2 2 0.082172 0.244473 0.587976 0.001361 0.084019
2 2 0.170296 0.316982 0.413871 0.001294 0.097557
2 2 0.064205 0.232637 0.658602 0.001093 0.043463
2 1 0.057767 0.336145 0.503360 0.000087 0.102641
2 1 0.069365 0.339939 0.464634 0.000240 0.125822
2 1 0.043446 0.247037 0.578423 0.001008 0.130086
2 2 0.098122 0.357444 0.421987 0.000329 0.122118
2 2 0.023628 0.195458 0.663870 0.000859 0.116185
2 2 0.248910 0.311393 0.365501 0.002033 0.072164
2 2 0.161888 0.339563 0.365765 0.000504 0.132280
1 2 0.328675 0.375009 0.194895 0.000096 0.101325
1 2 0.270636 0.352774 0.303577 0.000348 0.072666
1 2 0.252121 0.308469 0.294427 0.001382 0.143601
2 2 0.043477 0.156980 0.771170 0.001663 0.026711
2 2 0.070674 0.262725 0.575919 0.001030 0.089652
2 2 0.060267 0.233751 0.646019 0.001128 0.058835
2 2 0.054573 0.230868 0.638923 0.001632 0.074005
2 2 0.040277 0.243892 0.644627 0.000595 0.070609
2 2 0.030488 0.160049 0.767657 0.004310 0.037496
2 2 0.050018 0.247440 0.634358 0.001004 0.067180
2 2 0.084997 0.344069 0.480733 0.000336 0.089864
2 2 0.011463 0.130409 0.835569 0.000353 0.022206
2 2 0.026527 0.192184 0.719057 0.001351 0.060881
2 2 0.029377 0.276415 0.509734 0.000364 0.184110
2 2 0.013550 0.181293 0.687441 0.001127 0.116589
2 2 0.030460 0.299765 0.557649 0.000146 0.111980
2 2 0.030660 0.237037 0.663393 0.000432 0.068478
2 2 0.017177 0.221899 0.605920 0.000457 0.154548
2 2 0.088495 0.357764 0.397216 0.000400 0.156126
2 2 0.032517 0.220363 0.703694 0.000442 0.042984
2 2 0.032546 0.239121 0.681433 0.000249 0.046651
2 2 0.040991 0.251154 0.649496 0.000458 0.057901
2 2 0.060442 0.274812 0.618054 0.000193 0.046499
2 2 0.120885 0.314241 0.509006 0.000676 0.055192
2 2 0.197129 0.313120 0.409692 0.003132 0.076927
2 2 0.089218 0.297071 0.532270 0.000960 0.080482
2 2 0.095514 0.297791 0.526581 0.000387 0.079726
2 2 0.173140 0.325484 0.451117 0.000466 0.049793
2 2 0.014074 0.081260 0.887285 0.007224 0.010158
2 2 0.008034 0.057413 0.925478 0.004220 0.004855
2 2 0.011483 0.074916 0.889279 0.012174 0.012147
2 2 0.005380 0.060132 0.913197 0.009738 0.011553
2 2 0.005514 0.043905 0.926510 0.017554 0.006517
2 2 0.016762 0.161275 0.760440 0.004402 0.057121
2 2 0.013448 0.156506 0.758756 0.003757 0.067533
2 2 0.005581 0.100259 0.869791 0.001369 0.022999
2 2 0.008615 0.110094 0.833841 0.005228 0.042222
2 2 0.006733 0.083380 0.878016 0.008847 0.023024
2 2 0.015358 0.088337 0.883807 0.004501 0.007995
2 2 0.012481 0.068481 0.899418 0.011091 0.008528
2 2 0.111533 0.184574 0.674115 0.010780 0.018998
2 2 0.032481 0.110113 0.818997 0.015720 0.022689
2 2 0.054986 0.173082 0.727955 0.005520 0.038457
2 2 0.006669 0.052803 0.914415 0.017626 0.008487
2 2 0.011871 0.059167 0.904339 0.017115 0.007508
2 2 0.009121 0.047729 0.904886 0.032109 0.006156
2 2 0.020478 0.110818 0.839817 0.010253 0.018634
2 0 0.034266 0.115091 0.809187 0.022549 0.018907
0 1 0.399916 0.257245 0.317528 0.000831 0.024480
2 1 0.274511 0.265594 0.414957 0.002282 0.042656
2 1 0.301801 0.284353 0.379441 0.000993 0.033413
2 2 0.289298 0.280701 0.394739 0.001337 0.033925
2 2 0.158781 0.151838 0.632798 0.037693 0.018890
2 2 0.007629 0.059895 0.906743 0.013805 0.011929
2 2 0.018722 0.096729 0.860166 0.009564 0.014819
2 2 0.004517 0.045247 0.922762 0.019369 0.008104
2 2 0.004125 0.053861 0.923036 0.010140 0.008837
2 0 0.015850 0.081280 0.871817 0.019584 0.011470
0 0 0.932572 0.045797 0.007543 0.003453 0.010635
0 0 0.800313 0.131094 0.035455 0.000700 0.032438
0 1 0.594463 0.252122 0.055715 0.000065 0.097636
0 2 0.494052 0.303949 0.064795 0.000027 0.137177
0 2 0.589567 0.242473 0.060196 0.000374 0.107390
2 2 0.030517 0.138327 0.812033 0.002877 0.016245
2 2 0.023167 0.139277 0.800857 0.003927 0.032772
2 2 0.023842 0.093074 0.857658 0.014831 0.010595
2 2 0.011110 0.068588 0.892427 0.017092 0.010783
2 2 0.025432 0.115784 0.835199 0.005981 0.017604
2 2 0.035515 0.123082 0.821995 0.005634 0.013774
2 2 0.015952 0.075029 0.896638 0.006140 0.006241
2 2 0.030090 0.113886 0.830203 0.008035 0.017786
2 2 0.048189 0.138327 0.794324 0.004175 0.014984
2 2 0.032981 0.110755 0.829805 0.010965 0.015495
2 2 0.025838 0.083444 0.845255 0.034262 0.011201
2 2 0.059252 0.112249 0.807018 0.013520 0.007961
2 2 0.060739 0.107243 0.713742 0.103245 0.015032
2 2 0.050051 0.137738 0.765982 0.021814 0.024415
2 2 0.036109 0.103838 0.838737 0.010345 0.010970
2 1 0.021195 0.080881 0.863385 0.024038 0.010500
2 1 0.107739 0.147193 0.704977 0.025724 0.014367
2 1 0.126787 0.210583 0.629939 0.004427 0.028265
2 2 0.077861 0.180060 0.687142 0.015359 0.039578
2 1 0.063466 0.128376 0.763664 0.024833 0.019660
2 2 0.047132 0.120805 0.807687 0.011672 0.012702
2 2 0.090008 0.139191 0.732646 0.024017 0.014138
2 2 0.041237 0.081221 0.789700 0.078238 0.009603
2 2 0.059346 0.150212 0.771134 0.004548 0.014760
2 2 0.055551 0.150330 0.770438 0.005496 0.018184
2 2 0.083408 0.134830 0.698396 0.061766 0.021600
2 2 0.045680 0.112953 0.801991 0.025409 0.013966
2 2 0.033147 0.126955 0.789706 0.017691 0.032500
2 2 0.044975 0.116681 0.784215 0.035035 0.019094
2 0 0.081764 0.157024 0.681551 0.042251 0.037410
2 2 0.222423 0.217311 0.543899 0.002257 0.014110
2 2 0.090855 0.190972 0.698706 0.002488 0.016979
2 2 0.082445 0.214230 0.666261 0.002203 0.034860
2 2 0.166543 0.202467 0.600900 0.009171 0.020919
2 2 0.111886 0.210723 0.664385 0.000697 0.012309
0 0 0.857652 0.097134 0.021184 0.000765 0.023264
0 0 0.943927 0.039007 0.005763 0.002650 0.008653
0 1 0.847376 0.104109 0.023320 0.000555 0.024640
0 1 0.665335 0.223483 0.043077 0.000016 0.068089
0 1 0.660608 0.221377 0.041965 0.000032 0.076017
2 2 0.155628 0.250765 0.568499 0.001386 0.023722
2 2 0.149681 0.226196 0.597537 0.002671 0.023916
2 2 0.131856 0.190417 0.658910 0.003109 0.015708
2 2 0.085811 0.231179 0.650113 0.001325 0.031572
2 2 0.054634 0.130482 0.796715 0.006901 0.011267
2 2 0.325516 0.242421 0.410748 0.001587 0.019728
2 2 0.246023 0.303001 0.419556 0.000337 0.031083
2 2 0.220392 0.290023 0.451157 0.000944 0.037484
2 2 0.144934 0.181388 0.647093 0.008768 0.017817
2 2 0.188073 0.306693 0.467235 0.000453 0.037546
0 0 0.906796 0.066500 0.011516 0.000599 0.014589
0 0 0.958589 0.031049 0.003720 0.000716 0.005925
0 0 0.944177 0.041294 0.005780 0.000649 0.008100
0 0 0.891079 0.077937 0.015144 0.000302 0.015538
0 0 0.945100 0.036048 0.005308 0.005127 0.008417
0 0 0.925698 0.046708 0.006981 0.007200 0.013413
0 0 0.897227 0.069027 0.011206 0.002342 0.020197
0 0 0.889790 0.075382 0.014393 0.001501 0.018935
0 0 0.927327 0.048327 0.008344 0.004432 0.011569
0 0 0.953879 0.023548 0.002916 0.013933 0.005725
0 0 0.961206 0.025049 0.003007 0.005151 0.005587
0 0 0.956028 0.025540 0.003217 0.009185 0.006029
0 0 0.944104 0.039038 0.005749 0.002497 0.008613
0 0 0.964375 0.022205 0.002516 0.005958 0.004946
0 0 0.974102 0.014851 0.001357 0.006514 0.003175
0 0 0.978291 0.015082 0.001305 0.002381 0.002942
0 0 0.972840 0.019936 0.001948 0.001436 0.003839
0 0 0.971413 0.020083 0.002034 0.002409 0.004061
0 0 0.971461 0.020854 0.002097 0.001527 0.004061
0 0 0.962000 0.029277 0.003237 0.000327 0.005159
0 0 0.951450 0.035060 0.004707 0.001505 0.007278
0 0 0.949230 0.038201 0.004990 0.000433 0.007145
0 0 0.947238 0.038313 0.005340 0.001219 0.007890
0 0 0.945808 0.040450 0.005509 0.000503 0.007729
0 0 0.919441 0.057875 0.008839 0.000672 0.013172
0 0 0.966978 0.020920 0.002275 0.005254 0.004572
0 0 0.980354 0.014477 0.001181 0.001327 0.002661
0 0 0.977619 0.016729 0.001462 0.001111 0.003079
0 0 0.966531 0.021149 0.002317 0.005366 0.004637
0 0 0.958132 0.031823 0.003759 0.000450 0.005836
0 0 0.946444 0.041224 0.005230 0.000131 0.006971
0 0 0.955192 0.033904 0.004157 0.000463 0.006284
0 0 0.967095 0.025597 0.002611 0.000298 0.004397
0 0 0.938799 0.047306 0.004916 0.000044 0.008935
0 0 0.938431 0.046363 0.006532 0.000243 0.008431
0 0 0.946953 0.039211 0.005370 0.000736 0.007730
0 0 0.952906 0.030674 0.004129 0.005258 0.007033
0 0 0.939846 0.045428 0.005369 0.000184 0.009173
0 0 0.957072 0.030878 0.003896 0.001755 0.006398
0 0 0.937100 0.044620 0.006925 0.001692 0.009663
0 0 0.964143 0.025821 0.002892 0.001802 0.005343
0 0 0.914163 0.061657 0.006723 0.000253 0.017203
0 0 0.927138 0.053469 0.008485 0.000439 0.010469
0 0 0.965427 0.024996 0.002801 0.001738 0.005039
0 0 0.957710 0.032155 0.003812 0.000435 0.005886
0 0 0.949290 0.037406 0.005030 0.000849 0.007426
0 0 0.961821 0.027455 0.003253 0.001841 0.005630
0 0 0.958848 0.029942 0.003672 0.001463 0.006076
0 0 0.973565 0.019545 0.001877 0.001294 0.003719
0 0 0.975789 0.017302 0.001594 0.001948 0.003368
0 0 0.915233 0.063904 0.007233 0.000043 0.013586
0 0 0.936189 0.048934 0.006231 0.000079 0.008567
0 0 0.944654 0.041534 0.004973 0.000327 0.008512
0 0 0.926178 0.055569 0.006065 0.000077 0.012111
0 0 0.921932 0.058284 0.009134 0.000156 0.010493
0 0 0.960542 0.029739 0.003203 0.000597 0.005920
0 0 0.728655 0.193372 0.022242 0.000001 0.055729
0 0 0.817299 0.137911 0.012187 0.000000 0.032602
0 0 0.959332 0.031722 0.003510 0.000158 0.005278
0 0 0.941904 0.045882 0.005542 0.000021 0.006650
0 0 0.941246 0.045556 0.005850 0.000062 0.007287
0 0 0.909013 0.071843 0.007813 0.000003 0.011328
0 0 0.960589 0.032614 0.002929 0.000004 0.003864
0 0 0.918179 0.063856 0.008932 0.000010 0.009024
0 0 0.935472 0.051188 0.006298 0.000010 0.007031
0 0 0.950198 0.038126 0.003806 0.000144 0.007726
0 0 0.957261 0.033985 0.003625 0.000045 0.005084
0 0 0.951431 0.036989 0.004635 0.000295 0.006650
0 0 0.883179 0.086293 0.010655 0.000031 0.019842
0 0 0.887696 0.082006 0.007932 0.000027 0.022339
0 0 0.838846 0.115530 0.008281 0.000003 0.037340
0 0 0.923125 0.056701 0.006108 0.000145 0.013920
0 0 0.937917 0.046528 0.004211 0.000108 0.011236
0 0 0.757566 0.167880 0.015370 0.000003 0.059181
0 0 0.888316 0.081496 0.006588 0.000014 0.023586
0 0 0.931913 0.050424 0.007652 0.000370 0.009641
0 0 0.936009 0.045768 0.006339 0.001230 0.010654
0 0 0.936408 0.045788 0.007045 0.001155 0.009604
0 0 0.968261 0.023081 0.002464 0.001618 0.004576
0 0 0.923875 0.055043 0.009128 0.000683 0.011271
0 0 0.885024 0.081424 0.007031 0.000046 0.026475
0 0 0.942428 0.041939 0.003813 0.000397 0.011423
0 0 0.940019 0.045095 0.005130 0.000208 0.009548
0 0 0.949458 0.037975 0.004887 0.000455 0.007225
0 0 0.949127 0.038467 0.004542 0.000313 0.007551
0 0 0.858086 0.099668 0.012701 0.000099 0.029446
0 0 0.744496 0.162810 0.014749 0.000021 0.077924
0 0 0.921295 0.058804 0.007774 0.000124 0.012002
0 0 0.936985 0.044004 0.005864 0.002018 0.011128
0 0 0.947024 0.038637 0.004844 0.000976 0.008519
0 0 0.963014 0.029416 0.002979 0.000073 0.004518
0 0 0.955377 0.034453 0.004051 0.000200 0.005920
0 0 0.910120 0.066288 0.006280 0.000048 0.017263
0 0 0.913287 0.064145 0.007647 0.000102 0.014818
0 0 0.909557 0.066857 0.006369 0.000044 0.017174
0 0 0.804400 0.135186 0.017265 0.000035 0.043115
0 0 0.932075 0.052037 0.007035 0.000068 0.008785
0 0 0.913897 0.065808 0.009862 0.000028 0.010405
0 0 0.739481 0.178218 0.019734 0.000006 0.062561
0 1 0.807836 0.140146 0.016604 0.000004 0.035411
0 1 0.527915 0.295563 0.037379 0.000002 0.139141
0 1 0.500087 0.307057 0.039133 0.000002 0.153720
0 1 0.551025 0.284945 0.039015 0.000003 0.125012
0 1 0.552450 0.283142 0.044196 0.000006 0.120206
0 0 0.525773 0.296264 0.039063 0.000003 0.138898
0 0 0.768579 0.153134 0.023204 0.000107 0.054976
0 0 0.897059 0.074036 0.012997 0.000302 0.015605
0 0 0.947088 0.036329 0.005218 0.003232 0.008134
0 0 0.894273 0.071133 0.012540 0.002339 0.019716
0 1 0.893382 0.071086 0.011146 0.002398 0.021988
0 1 0.456854 0.307062 0.032795 0.000003 0.203285
0 0 0.595660 0.241153 0.027215 0.000016 0.135957
0 0 0.790705 0.137393 0.015176 0.000071 0.056655
0 0 0.868985 0.084026 0.008225 0.000768 0.037997
0 0 0.755149 0.151177 0.015337 0.000106 0.078232
0 0 0.962066 0.028227 0.002656 0.000726 0.006324
0 0 0.922623 0.058355 0.005013 0.000027 0.013982
0 0 0.960268 0.030648 0.003283 0.000263 0.005539
0 0 0.907713 0.065358 0.005564 0.000119 0.021247
0 0 0.946336 0.040302 0.004698 0.000335 0.008328
0 0 0.926168 0.052448 0.004540 0.000293 0.016551
0 0 0.892844 0.075651 0.006545 0.000072 0.024889
0 0 0.895003 0.074749 0.007073 0.000086 0.023089
0 0 0.906204 0.066473 0.005573 0.000101 0.021649
0 0 0.862155 0.094529 0.009597 0.000110 0.033610
0 0 0.928155 0.053543 0.007148 0.000204 0.010951
0 0 0.921711 0.055175 0.008944 0.001367 0.012804
0 0 0.958097 0.030197 0.003731 0.001712 0.006263
0 0 0.919482 0.058339 0.007074 0.000326 0.014778
0 0 0.940193 0.042940 0.005401 0.001133 0.010334
0 0 0.913041 0.061554 0.009853 0.000911 0.014642
0 0 0.895250 0.076782 0.013037 0.000115 0.014817
0 0 0.959468 0.029148 0.003567 0.001806 0.006011
0 0 0.881946 0.081426 0.010153 0.000397 0.026078
0 0 0.922521 0.055218 0.006892 0.000690 0.014679
0 0 0.893979 0.078435 0.010973 0.000058 0.016555
0 0 0.948176 0.039147 0.005120 0.000351 0.007205
0 0 0.879197 0.089232 0.010968 0.000026 0.020577
0 0 0.951906 0.037394 0.004442 0.000110 0.006147
0 0 0.952955 0.035947 0.004363 0.000274 0.006462
0 0 0.893419 0.076997 0.009589 0.000121 0.019874
0 0 0.659698 0.230659 0.027741 0.000002 0.081899
0 0 0.839365 0.114649 0.014890 0.000031 0.031065
0 0 0.527658 0.288290 0.032021 0.000002 0.152029
0 1 0.712072 0.202908 0.023949 0.000001 0.061069
0 1 0.576226 0.274677 0.028255 0.000001 0.120840
0 1 0.557125 0.283295 0.023647 0.000000 0.135932
0 0 0.536309 0.292491 0.027350 0.000001 0.143850
0 0 0.589808 0.268043 0.029834 0.000001 0.112314
0 0 0.580868 0.271832 0.033444 0.000002 0.113853
0 1 0.624929 0.246370 0.043392 0.000011 0.085299
0 1 0.583464 0.268679 0.041715 0.000006 0.106136
0 0 0.512592 0.299672 0.050927 0.000009 0.136801
0 0 0.733048 0.187723 0.029777 0.000006 0.049446
0 0 0.803631 0.141251 0.027517 0.000014 0.027587
0 0 0.934536 0.048576 0.007230 0.000384 0.009273
0 0 0.913207 0.065376 0.010370 0.000062 0.010985
0 0 0.952273 0.035127 0.004601 0.000986 0.007014
0 0 0.942817 0.035852 0.005384 0.007300 0.008647
0 4 0.899581 0.068261 0.010098 0.001633 0.020427
4 4 0.114312 0.337014 0.035111 0.000000 0.513563
4 4 0.113811 0.253809 0.037456 0.000020 0.594905
4 4 0.125891 0.336725 0.042280 0.000002 0.495103
4 4 0.104011 0.328523 0.030613 0.000000 0.536853
4 4 0.113083 0.339457 0.042120 0.000001 0.505340
1 4 0.197536 0.368447 0.079193 0.000021 0.354802
1 4 0.296819 0.364282 0.068558 0.000013 0.270328
1 4 0.223364 0.367669 0.069457 0.000014 0.339496
1 4 0.199211 0.360774 0.096378 0.000047 0.343590
0 1 0.394214 0.341764 0.063440 0.000013 0.200568
0 0 0.714566 0.191988 0.032356 0.000025 0.061065
0 0 0.867469 0.096965 0.016577 0.000043 0.018946
0 4 0.935851 0.046696 0.007117 0.000822 0.009514
0 4 0.640922 0.238038 0.041898 0.000010 0.079132
0 4 0.731336 0.187211 0.029286 0.000008 0.052159
0 4 0.629419 0.248109 0.029223 0.000002 0.093247
0 4 0.572507 0.267312 0.046007 0.000018 0.114156
0 4 0.709222 0.195915 0.021928 0.000005 0.072930
0 4 0.746404 0.180607 0.026479 0.000004 0.046505
0 4 0.727479 0.193222 0.024821 0.000002 0.054476
0 4 0.877651 0.093110 0.015922 0.000006 0.013311
0 4 0.878250 0.086072 0.016453 0.000327 0.018899
0 4 0.903602 0.072101 0.012061 0.000057 0.012179
0 4 0.851972 0.109906 0.016788 0.000011 0.021323
0 4 0.746100 0.179033 0.028893 0.000007 0.045966
0 0 0.874727 0.092295 0.014373 0.000037 0.018567
0 1 0.914834 0.065900 0.008995 0.000014 0.010257
0 1 0.864723 0.102050 0.017535 0.000007 0.015684
0 0 0.918310 0.064594 0.008609 0.000004 0.008482
0 0 0.942147 0.040833 0.006092 0.002036 0.008892
0 0 0.904184 0.069677 0.012223 0.000246 0.013670
0 0 0.653856 0.227389 0.032304 0.000009 0.086442
0 0 0.893131 0.079507 0.013944 0.000047 0.013371
0 0 0.955369 0.033368 0.004157 0.000697 0.006410
0 0 0.948405 0.037121 0.005155 0.001539 0.007779
0 0 0.930054 0.050902 0.006499 0.000516 0.012028
0 0 0.850974 0.103516 0.008636 0.000021 0.036852
0 0 0.863562 0.092790 0.009428 0.000150 0.034070
0 0 0.969665 0.021823 0.002160 0.001806 0.004546
0 0 0.968821 0.022354 0.002153 0.001821 0.004851
0 0 0.860625 0.097543 0.012729 0.000132 0.028970
0 0 0.947892 0.037976 0.003610 0.000606 0.009917
0 0 0.967012 0.023693 0.002301 0.001738 0.005256
0 0 0.725397 0.180537 0.031395 0.000075 0.062596
0 0 0.912075 0.060646 0.007778 0.001233 0.018268
0 0 0.947357 0.037935 0.005316 0.001459 0.007933
0 0 0.974776 0.016749 0.001571 0.003477 0.003427
0 0 0.959252 0.026831 0.003323 0.004618 0.005975
0 0 0.904178 0.064182 0.007410 0.001485 0.022745
0 0 0.972890 0.014217 0.001260 0.008468 0.003164
0 0 0.603286 0.204830 0.023973 0.000534 0.167378
0 1 0.421066 0.243024 0.018907 0.000083 0.316919
0 1 0.475385 0.263538 0.037556 0.000243 0.223277
1 1 0.212221 0.369332 0.082135 0.000025 0.336287
0 1 0.328119 0.317540 0.049872 0.000073 0.304396
4 1 0.074980 0.293093 0.121605 0.000063 0.510259
