4 0 0.084745 0.320661 0.103404 0.000009 0.491181
4 0 0.088381 0.318885 0.091980 0.000006 0.500749
0 0 0.336712 0.307808 0.037284 0.000020 0.318176
4 0 0.129440 0.330119 0.084031 0.000025 0.456386
4 0 0.085334 0.289231 0.079210 0.000008 0.546218
4 1 0.106247 0.164624 0.010540 0.000000 0.718588
4 0 0.228835 0.242186 0.008153 0.000000 0.520826
4 0 0.104031 0.233112 0.010566 0.000000 0.652291
4 0 0.031440 0.183523 0.028893 0.000000 0.756144
4 0 0.087225 0.220471 0.014580 0.000000 0.677724
4 1 0.093591 0.195600 0.014164 0.000000 0.696645
4 1 0.014786 0.172387 0.048310 0.000000 0.764517
4 1 0.013134 0.144376 0.043782 0.000000 0.798707
4 1 0.022384 0.156723 0.037842 0.000000 0.783051
4 1 0.021572 0.140283 0.043309 0.000001 0.794835
4 1 0.006980 0.136362 0.065935 0.000000 0.790723
4 1 0.016969 0.137551 0.036191 0.000000 0.809289
4 1 0.019870 0.123365 0.030840 0.000000 0.825925
4 1 0.022007 0.184085 0.082222 0.000001 0.711686
4 1 0.017799 0.166705 0.046953 0.000000 0.768542
4 1 0.008840 0.134604 0.051444 0.000000 0.805113
4 1 0.011717 0.153404 0.050185 0.000000 0.784694
4 1 0.009754 0.143991 0.054093 0.000000 0.792162
4 1 0.018927 0.125308 0.037316 0.000000 0.818449
4 1 0.016566 0.148739 0.046366 0.000000 0.788328
4 1 0.054288 0.242636 0.313947 0.011867 0.377262
4 1 0.044898 0.188034 0.300754 0.079850 0.386464
2 2 0.036567 0.146268 0.661017 0.072033 0.084115
2 2 0.084060 0.275084 0.404427 0.018969 0.217460
2 2 0.091912 0.248579 0.457465 0.046883 0.155161
2 2 0.004130 0.081677 0.870996 0.001638 0.041559
2 2 0.011375 0.148808 0.760137 0.000821 0.078859
2 2 0.002587 0.068577 0.852463 0.006189 0.070184
2 2 0.004599 0.086618 0.851272 0.002847 0.054664
2 2 0.003434 0.063268 0.888670 0.011454 0.033174
2 2 0.006237 0.088503 0.825147 0.020835 0.059278
2 2 0.010025 0.116011 0.758263 0.022591 0.093110
2 2 0.008506 0.109526 0.722120 0.036449 0.123399
2 2 0.004717 0.086282 0.780263 0.024092 0.104645
2 2 0.001793 0.038610 0.794533 0.128885 0.036179
2 2 0.022320 0.095246 0.595843 0.247877 0.038715
2 3 0.018185 0.077739 0.745233 0.139887 0.018956
2 3 0.015324 0.084484 0.710469 0.159137 0.030585
2 3 0.006753 0.053410 0.602750 0.306934 0.030153
3 3 0.003717 0.028698 0.393322 0.556786 0.017477
3 3 0.002294 0.011119 0.219926 0.763555 0.003108
3 3 0.001245 0.007192 0.138528 0.849765 0.003270
3 3 0.002727 0.009534 0.154385 0.830520 0.002834
3 3 0.001814 0.008079 0.128903 0.857773 0.003431
3 3 0.002933 0.013415 0.221768 0.757142 0.004743
3 3 0.000743 0.001968 0.038991 0.957760 0.000539
3 3 0.000738 0.001762 0.037236 0.959891 0.000373
3 3 0.002525 0.004821 0.048386 0.942559 0.001709
3 3 0.000725 0.001295 0.024595 0.973132 0.000254
3 3 0.000850 0.001543 0.026507 0.970763 0.000338
3 3 0.000647 0.001106 0.023655 0.974404 0.000188
3 3 0.001994 0.003974 0.038522 0.953806 0.001703
3 3 0.000351 0.000767 0.019732 0.978985 0.000165
3 3 0.001940 0.003512 0.040294 0.953203 0.001051
3 3 0.002071 0.002793 0.029322 0.965118 0.000696
3 3 0.001510 0.001653 0.016149 0.980258 0.000430
3 3 0.000791 0.001171 0.020633 0.977184 0.000222
3 3 0.002867 0.003180 0.021298 0.971446 0.001209
3 3 0.000604 0.000609 0.011070 0.987628 0.000090
3 3 0.001400 0.001615 0.012663 0.983707 0.000615
3 3 0.000802 0.001014 0.014219 0.983744 0.000221
3 3 0.000730 0.000822 0.010204 0.988042 0.000202
3 3 0.001979 0.001827 0.015756 0.979996 0.000443
3 3 0.000799 0.000871 0.008568 0.989487 0.000275
3 3 0.001419 0.001409 0.013861 0.982968 0.000344
3 3 0.000663 0.000683 0.008837 0.989663 0.000155
3 3 0.000605 0.000621 0.008628 0.990012 0.000133
3 3 0.000590 0.000700 0.009162 0.989364 0.000183
3 3 0.001050 0.001045 0.009435 0.988156 0.000314
3 3 0.001456 0.001577 0.014844 0.981692 0.000431
3 3 0.000496 0.000643 0.009981 0.988725 0.000155
3 3 0.001221 0.001501 0.014773 0.982032 0.000472
3 3 0.000422 0.000455 0.007757 0.991275 0.000091
3 3 0.000507 0.000592 0.008533 0.990224 0.000144
3 3 0.000173 0.000199 0.006352 0.993250 0.000027
3 3 0.000181 0.000229 0.006075 0.993475 0.000042
3 3 0.000310 0.000431 0.007986 0.991167 0.000106
3 3 0.000117 0.000145 0.005485 0.994232 0.000020
3 3 0.000392 0.000525 0.007596 0.991330 0.000158
3 3 0.000561 0.000719 0.008195 0.990277 0.000247
3 3 0.000343 0.000320 0.005977 0.993305 0.000056
3 3 0.000434 0.000469 0.006219 0.992748 0.000130
3 3 0.000444 0.000387 0.005240 0.993841 0.000088
3 3 0.000562 0.000580 0.008084 0.990646 0.000129
3 3 0.000665 0.000573 0.007699 0.990954 0.000109
3 3 0.000340 0.000323 0.005211 0.994057 0.000070
3 3 0.000236 0.000250 0.006323 0.993153 0.000038
3 3 0.001075 0.001231 0.010337 0.986900 0.000456
3 3 0.000305 0.000451 0.007781 0.991333 0.000129
3 3 0.000209 0.000221 0.005788 0.993749 0.000033
3 3 0.000283 0.000280 0.004879 0.994496 0.000061
3 3 0.000185 0.000186 0.005314 0.994289 0.000026
3 3 0.000284 0.000331 0.005151 0.994139 0.000094
3 3 0.000408 0.000362 0.006203 0.992964 0.000063
3 3 0.000142 0.000130 0.003696 0.996013 0.000019
3 3 0.000860 0.000646 0.006614 0.991739 0.000142
3 3 0.000682 0.000542 0.005093 0.993530 0.000154
3 3 0.000257 0.000252 0.005105 0.994339 0.000047
3 3 0.000586 0.000372 0.004955 0.994027 0.000060
3 3 0.000655 0.000627 0.007642 0.990929 0.000147
3 3 0.000640 0.000615 0.005438 0.993083 0.000225
3 3 0.000187 0.000163 0.003971 0.995653 0.000025
3 3 0.000157 0.000143 0.004272 0.995410 0.000018
3 3 0.000172 0.000156 0.003718 0.995927 0.000026
3 3 0.000483 0.000458 0.005293 0.993634 0.000131
3 3 0.000266 0.000230 0.003849 0.995607 0.000049
3 3 0.000569 0.000440 0.004360 0.994507 0.000124
3 3 0.000318 0.000267 0.004351 0.995010 0.000053
3 3 0.000218 0.000274 0.005384 0.994057 0.000068
3 3 0.000362 0.000336 0.004686 0.994532 0.000084
3 3 0.000929 0.000942 0.007668 0.990115 0.000346
3 3 0.000476 0.000436 0.005939 0.993052 0.000098
3 3 0.000507 0.000327 0.003891 0.995210 0.000066
3 3 0.000186 0.000231 0.006588 0.992957 0.000037
3 3 0.000441 0.000481 0.007036 0.991925 0.000116
3 3 0.000122 0.000130 0.004341 0.995389 0.000018
3 3 0.000120 0.000140 0.003669 0.996042 0.000030
3 3 0.000111 0.000190 0.006418 0.993244 0.000039
3 3 0.000175 0.000186 0.004095 0.995505 0.000039
3 3 0.000275 0.000273 0.005569 0.993834 0.000049
3 3 0.000547 0.000453 0.005162 0.993725 0.000113
3 3 0.000323 0.000224 0.004033 0.995387 0.000034
3 3 0.000546 0.000374 0.004257 0.994741 0.000082
3 3 0.000465 0.000370 0.004875 0.994211 0.000079
3 3 0.000154 0.000111 0.003412 0.996311 0.000012
3 3 0.000224 0.000190 0.003504 0.996044 0.000038
3 3 0.000217 0.000164 0.003108 0.996482 0.000029
3 3 0.000534 0.000359 0.003169 0.995830 0.000109
3 3 0.000487 0.000448 0.004786 0.994140 0.000139
3 3 0.000103 0.000144 0.003579 0.996134 0.000040
3 3 0.000136 0.000116 0.002654 0.997073 0.000022
3 3 0.000150 0.000123 0.002788 0.996918 0.000021
3 3 0.000088 0.000091 0.002909 0.996897 0.000015
3 3 0.000152 0.000137 0.003417 0.996271 0.000023
3 3 0.000260 0.000208 0.003866 0.995630 0.000037
3 3 0.000226 0.000235 0.004130 0.995351 0.000058
3 3 0.000198 0.000150 0.003597 0.996036 0.000020
3 3 0.000146 0.000168 0.003548 0.996095 0.000043
3 3 0.000252 0.000197 0.003486 0.996027 0.000037
3 3 0.000379 0.000398 0.004664 0.994424 0.000135
3 3 0.000410 0.000371 0.004422 0.994690 0.000106
3 3 0.000626 0.000483 0.004811 0.993951 0.000129
3 3 0.000217 0.000173 0.002996 0.996577 0.000037
3 3 0.000184 0.000118 0.002279 0.997399 0.000020
3 3 0.000323 0.000190 0.002939 0.996518 0.000031
3 3 0.000270 0.000208 0.003200 0.996276 0.000045
3 3 0.000386 0.000350 0.003678 0.995464 0.000122
3 3 0.000226 0.000185 0.003474 0.996079 0.000035
3 3 0.000253 0.000168 0.003347 0.996208 0.000024
3 3 0.000301 0.000229 0.003469 0.995954 0.000048
3 3 0.000132 0.000145 0.003231 0.996457 0.000034
3 3 0.000173 0.000153 0.003098 0.996545 0.000031
3 3 0.000069 0.000090 0.003812 0.996016 0.000014
3 3 0.000066 0.000062 0.002530 0.997334 0.000008
3 3 0.000430 0.000387 0.005040 0.994047 0.000096
3 3 0.000172 0.000147 0.003259 0.996397 0.000026
3 3 0.000127 0.000108 0.002713 0.997033 0.000018
3 3 0.000220 0.000218 0.003756 0.995752 0.000054
3 3 0.000129 0.000089 0.003289 0.996486 0.000008
3 3 0.000325 0.000178 0.004326 0.995155 0.000015
2 3 0.025469 0.110691 0.629755 0.188445 0.045640
2 2 0.019470 0.152097 0.540027 0.086418 0.201988
2 2 0.016286 0.140119 0.532793 0.083843 0.226959
2 2 0.018272 0.150662 0.445772 0.068617 0.316676
2 2 0.031157 0.167431 0.630805 0.069194 0.101413
4 2 0.048672 0.238578 0.233203 0.003992 0.475554
4 1 0.006101 0.092104 0.194179 0.006406 0.701210
4 1 0.004691 0.096248 0.221684 0.001040 0.676337
2 1 0.001764 0.060616 0.466646 0.023068 0.447905
2 1 0.002819 0.068072 0.436144 0.062867 0.430099
4 1 0.004774 0.084130 0.174883 0.001996 0.734218
4 1 0.002470 0.080833 0.255412 0.000400 0.660885
4 1 0.005440 0.089220 0.325463 0.036890 0.542987
4 1 0.005730 0.124072 0.244652 0.000124 0.625421
4 1 0.027346 0.157264 0.141448 0.006163 0.667779
4 1 0.009567 0.138290 0.160120 0.000041 0.691982
4 1 0.021296 0.151436 0.118913 0.000430 0.707925
4 1 0.019215 0.131047 0.085807 0.000177 0.763754
4 1 0.093003 0.219081 0.053436 0.000094 0.634386
4 1 0.127025 0.253822 0.055428 0.000095 0.563630
0 1 0.484469 0.250032 0.120343 0.014875 0.130281
0 1 0.760260 0.156967 0.047416 0.003502 0.031855
0 1 0.681798 0.180900 0.074967 0.010396 0.051938
0 0 0.797482 0.139416 0.034556 0.001282 0.027265
0 0 0.446804 0.298198 0.109664 0.007632 0.137703
0 0 0.452625 0.234707 0.179746 0.048769 0.084152
0 0 0.695831 0.194596 0.058054 0.003512 0.048007
0 0 0.497316 0.255088 0.163388 0.027510 0.056697
0 0 0.623411 0.205870 0.126706 0.013112 0.030899
0 0 0.769579 0.144723 0.052681 0.004578 0.028439
0 0 0.424342 0.205077 0.306007 0.041264 0.023311
0 0 0.712583 0.164804 0.081470 0.016060 0.025083
0 0 0.416407 0.215033 0.219993 0.093631 0.054937
2 0 0.326162 0.258240 0.332364 0.034228 0.049007
2 0 0.246931 0.241345 0.434490 0.039826 0.037408
4 0 0.015876 0.134815 0.090760 0.000038 0.758511
4 0 0.026831 0.133805 0.068787 0.000284 0.770293
4 0 0.053558 0.217225 0.051427 0.000001 0.677788
4 0 0.012999 0.142200 0.118303 0.000025 0.726472
4 0 0.133464 0.220943 0.026137 0.000004 0.619453
4 0 0.183453 0.263437 0.057662 0.000109 0.495338
4 0 0.230374 0.292842 0.035258 0.000012 0.441515
4 0 0.294199 0.292423 0.067695 0.000271 0.345413
4 0 0.117486 0.294609 0.070211 0.000023 0.517671
4 0 0.061362 0.189676 0.068031 0.000354 0.680578
4 0 0.222544 0.265233 0.138204 0.007126 0.366892
0 0 0.442249 0.270395 0.081594 0.001265 0.204497
0 0 0.365942 0.279965 0.071947 0.000462 0.281684
0 0 0.467600 0.266654 0.066972 0.000557 0.198217
0 0 0.427678 0.279313 0.063149 0.000337 0.229523
0 0 0.354248 0.323683 0.100846 0.002567 0.218656
0 0 0.682814 0.196296 0.046944 0.000706 0.073241
0 0 0.577616 0.251623 0.056935 0.000652 0.113174
0 0 0.465228 0.301213 0.075875 0.001211 0.156473
0 0 0.468201 0.285640 0.089345 0.002686 0.154128
4 0 0.184041 0.302690 0.056900 0.000071 0.456298
4 0 0.173755 0.326236 0.062577 0.000025 0.437407
4 0 0.161503 0.310904 0.064096 0.000044 0.463454
4 0 0.095402 0.322647 0.093611 0.000009 0.488332
4 0 0.158223 0.280756 0.057790 0.000107 0.503124
4 0 0.201240 0.320025 0.050085 0.000017 0.428634
4 0 0.042338 0.296393 0.154587 0.000004 0.506678
4 0 0.105488 0.324199 0.086849 0.000010 0.483454
4 0 0.165000 0.293491 0.063035 0.000130 0.478344
4 0 0.115185 0.321176 0.080570 0.000012 0.483056
4 1 0.137131 0.260911 0.053983 0.000082 0.547892
4 1 0.085939 0.314169 0.113637 0.000031 0.486224
4 1 0.128938 0.265571 0.059011 0.000077 0.546403
4 1 0.093893 0.327371 0.118733 0.000040 0.459963
4 0 0.251643 0.311004 0.040222 0.000023 0.397109
0 0 0.606880 0.242574 0.038356 0.000121 0.112069
1 0 0.264885 0.341996 0.094660 0.001292 0.297167
0 0 0.530822 0.276172 0.052234 0.000295 0.140478
0 0 0.507693 0.281523 0.044941 0.000117 0.165726
0 0 0.492739 0.288588 0.051628 0.000209 0.166835
1 0 0.269178 0.354980 0.167416 0.001668 0.206758
0 1 0.533057 0.272564 0.087728 0.004786 0.101864
0 1 0.428344 0.305137 0.120871 0.012175 0.133473
0 0 0.777554 0.152380 0.032349 0.000530 0.037188
0 0 0.598410 0.249103 0.050702 0.000468 0.101318
4 0 0.067302 0.315927 0.129204 0.000012 0.487556
4 0 0.119844 0.338051 0.125122 0.000204 0.416779
4 1 0.136279 0.338514 0.108052 0.000163 0.416991
4 1 0.148085 0.335862 0.090448 0.000086 0.425519
0 0 0.370799 0.320419 0.055662 0.000089 0.253032
0 0 0.780201 0.155135 0.026680 0.000219 0.037766
0 0 0.627753 0.235359 0.041278 0.000220 0.095389
0 0 0.700386 0.199700 0.035420 0.000247 0.064246
0 0 0.808749 0.135688 0.025585 0.000311 0.029668
0 0 0.347695 0.298341 0.108923 0.003409 0.241632
0 0 0.755197 0.169814 0.028062 0.000176 0.046751
0 0 0.546446 0.266022 0.074310 0.002055 0.111166
0 0 0.406679 0.316732 0.069670 0.000539 0.206381
0 0 0.416299 0.285261 0.087261 0.001573 0.209605
4 0 0.171555 0.303458 0.113767 0.002492 0.408728
4 0 0.085042 0.271208 0.029920 0.000000 0.613830
4 0 0.060526 0.269180 0.040877 0.000000 0.629417
4 0 0.147942 0.277807 0.028684 0.000000 0.545567
4 0 0.070043 0.266813 0.033011 0.000000 0.630133
4 0 0.161691 0.274600 0.019366 0.000000 0.544342
4 0 0.283884 0.231124 0.006207 0.000000 0.478785
4 0 0.146057 0.256219 0.013751 0.000000 0.583973
4 0 0.110397 0.254369 0.016272 0.000000 0.618961
4 0 0.121072 0.254994 0.017183 0.000000 0.606751
4 0 0.140085 0.188816 0.010956 0.000000 0.660143
4 0 0.082679 0.223679 0.017770 0.000000 0.675872
4 0 0.157796 0.259069 0.016738 0.000000 0.566396
4 1 0.060144 0.222950 0.024658 0.000000 0.692248
4 1 0.073992 0.250772 0.021700 0.000000 0.653536
4 1 0.103392 0.237993 0.017226 0.000000 0.641388
4 1 0.015613 0.170177 0.084939 0.000000 0.729271
4 1 0.019980 0.168708 0.069431 0.000001 0.741881
4 1 0.012463 0.180778 0.101057 0.000000 0.705702
4 1 0.008074 0.106464 0.102916 0.000031 0.782515
4 1 0.010344 0.129649 0.093174 0.000003 0.766831
4 1 0.081941 0.258609 0.047298 0.000001 0.612151
4 2 0.066575 0.245825 0.057190 0.000002 0.630408
4 2 0.231899 0.291100 0.024755 0.000001 0.452246
4 2 0.026232 0.206214 0.081272 0.000000 0.686281
4 2 0.054208 0.205532 0.049527 0.000002 0.690730
1 2 0.316537 0.329176 0.064742 0.000247 0.289298
4 0 0.234045 0.287056 0.059803 0.000133 0.418962
0 0 0.352247 0.302387 0.033504 0.000013 0.311849
4 0 0.227469 0.322993 0.054043 0.000061 0.395434
4 0 0.219669 0.321256 0.051379 0.000035 0.407660
4 0 0.147178 0.306743 0.041814 0.000001 0.504264
4 0 0.117644 0.265963 0.037756 0.000001 0.578637
4 0 0.104024 0.263545 0.065429 0.000041 0.566961
4 0 0.180720 0.269015 0.035888 0.000013 0.514364
4 0 0.276280 0.286111 0.022600 0.000002 0.415006
4 0 0.149577 0.245482 0.044522 0.000035 0.560385
4 0 0.267704 0.295246 0.027797 0.000004 0.409248
0 0 0.357487 0.285022 0.022320 0.000002 0.335170
4 0 0.279061 0.283065 0.021105 0.000001 0.416768
4 0 0.111213 0.211056 0.030825 0.000008 0.646898
4 1 0.163911 0.302016 0.122731 0.003582 0.407760
0 0 0.417101 0.285590 0.101511 0.003479 0.192318
0 0 0.536774 0.254135 0.081172 0.002657 0.125261
0 0 0.564116 0.260363 0.056081 0.000547 0.118893
0 0 0.750932 0.170534 0.034916 0.000517 0.043102
0 0 0.568517 0.239131 0.134513 0.010680 0.047159
0 0 0.538833 0.265002 0.094815 0.007942 0.093408
0 0 0.764331 0.156633 0.042000 0.001753 0.035283
0 0 0.677263 0.198250 0.087214 0.003691 0.033583
0 0 0.643155 0.225788 0.060347 0.002027 0.068682
0 0 0.802693 0.135331 0.040015 0.001817 0.020143
0 0 0.564559 0.251866 0.108622 0.008665 0.066287
0 0 0.600399 0.231712 0.089995 0.007541 0.070353
0 0 0.605535 0.215563 0.100174 0.022754 0.055974
0 0 0.559808 0.242917 0.131062 0.013918 0.052294
0 0 0.624524 0.236873 0.053544 0.000831 0.084228
0 1 0.593366 0.243051 0.068151 0.001997 0.093434
0 1 0.498041 0.271810 0.096828 0.005288 0.128033
0 2 0.382019 0.313705 0.123572 0.009178 0.171525
0 2 0.422315 0.308892 0.102487 0.004316 0.161991
0 0 0.739651 0.175814 0.042027 0.001204 0.041304
0 0 0.576827 0.257219 0.068975 0.001938 0.095042
0 0 0.660281 0.215749 0.061336 0.002836 0.059797
0 0 0.669709 0.205656 0.068492 0.006514 0.049628
0 0 0.713048 0.190505 0.046370 0.001305 0.048772
4 0 0.115179 0.234211 0.039382 0.000012 0.611216
4 1 0.125337 0.213211 0.048098 0.000056 0.613299
4 1 0.066719 0.172705 0.059805 0.000207 0.700564
4 1 0.089127 0.190361 0.076697 0.000536 0.643279
4 1 0.154513 0.229559 0.063971 0.000187 0.551770
4 0 0.247469 0.312019 0.046309 0.000042 0.394160
0 0 0.565445 0.249859 0.024368 0.000009 0.160319
0 0 0.398472 0.297282 0.041666 0.000043 0.262537
4 0 0.255530 0.317579 0.046500 0.000044 0.380347
0 0 0.451746 0.284815 0.040682 0.000050 0.222708
0 0 0.686963 0.206065 0.043830 0.000635 0.062507
0 0 0.550563 0.237938 0.069777 0.001224 0.140499
0 0 0.585174 0.253698 0.043206 0.000181 0.117741
0 0 0.567467 0.257014 0.058889 0.000714 0.115915
0 0 0.466810 0.300646 0.080903 0.001715 0.149925
0 1 0.494593 0.225842 0.194703 0.048960 0.035901
0 1 0.721396 0.165542 0.079035 0.010936 0.023091
0 0 0.640168 0.215081 0.089024 0.009125 0.046602
0 0 0.842021 0.108997 0.034441 0.002134 0.012408
0 0 0.750767 0.166454 0.046129 0.002616 0.034034
0 0 0.412408 0.319185 0.085964 0.001047 0.181395
1 0 0.288671 0.351203 0.125815 0.001072 0.233240
1 0 0.180412 0.355155 0.129440 0.000382 0.334611
4 1 0.165438 0.333523 0.109663 0.000818 0.390557
1 1 0.151437 0.334357 0.206383 0.004697 0.303126
4 1 0.253113 0.309648 0.038925 0.000020 0.398294
4 1 0.218599 0.323696 0.064442 0.000183 0.393080
4 1 0.212964 0.310454 0.050099 0.000044 0.426439
4 1 0.244460 0.317336 0.047064 0.000045 0.391094
0 0 0.319742 0.303700 0.059855 0.000167 0.316536
0 0 0.851737 0.106800 0.026741 0.000888 0.013835
0 0 0.858660 0.105701 0.017955 0.000205 0.017479
0 0 0.666029 0.209003 0.073285 0.003725 0.047958
0 0 0.861024 0.096541 0.027416 0.002458 0.012561
0 0 0.723939 0.180267 0.053039 0.003531 0.039223
0 0 0.774743 0.138375 0.063584 0.007500 0.015798
0 0 0.823378 0.119224 0.036632 0.004536 0.016230
0 0 0.807927 0.130177 0.038432 0.003687 0.019777
0 0 0.642211 0.210676 0.093413 0.011148 0.042551
0 0 0.694191 0.195895 0.063836 0.003143 0.042935
0 0 0.660886 0.219430 0.035970 0.000159 0.083555
0 0 0.829856 0.124104 0.022553 0.000294 0.023194
0 0 0.698065 0.199633 0.045116 0.000878 0.056309
0 0 0.761875 0.165040 0.032880 0.000469 0.039737
0 0 0.631249 0.225238 0.075711 0.006635 0.061167
0 0 0.392248 0.287964 0.025755 0.000005 0.294029
4 0 0.248694 0.318927 0.048490 0.000052 0.383836
4 0 0.244386 0.317399 0.047139 0.000046 0.391030
4 0 0.266612 0.296378 0.028527 0.000005 0.408479
4 0 0.238662 0.322065 0.053222 0.000079 0.385972
0 0 0.536023 0.250434 0.018729 0.000002 0.194811
4 0 0.190423 0.267275 0.038723 0.000018 0.503561
0 0 0.374450 0.281756 0.030028 0.000009 0.313758
4 0 0.259090 0.303946 0.033993 0.000011 0.402960
4 0 0.270331 0.292494 0.026108 0.000003 0.411064
4 0 0.146790 0.249268 0.011736 0.000000 0.592206
4 0 0.343663 0.208154 0.003686 0.000000 0.444498
4 0 0.330259 0.223663 0.005407 0.000000 0.440672
4 0 0.230245 0.241159 0.007950 0.000000 0.520645
4 0 0.259289 0.229351 0.005917 0.000000 0.505444
4 0 0.248986 0.302986 0.032872 0.000007 0.415149
4 0 0.210580 0.286911 0.036756 0.000014 0.465739
0 0 0.519323 0.261311 0.023286 0.000006 0.196075
4 0 0.271869 0.290862 0.025159 0.000003 0.412106
4 0 0.307725 0.297449 0.028518 0.000005 0.366302
4 0 0.279805 0.322438 0.045973 0.000016 0.351768
4 0 0.280115 0.315622 0.062741 0.000185 0.341337
0 0 0.433664 0.294531 0.036612 0.000028 0.235165
4 0 0.112463 0.312597 0.059423 0.000001 0.515516
4 0 0.096824 0.314820 0.073299 0.000002 0.515055
4 0 0.077034 0.303574 0.071118 0.000001 0.548273
4 1 0.071913 0.305770 0.082395 0.000001 0.539921
4 1 0.054253 0.293731 0.086929 0.000000 0.565086
4 0 0.066692 0.295106 0.068244 0.000000 0.569958
4 0 0.051986 0.296357 0.100538 0.000001 0.551119
0 0 0.642951 0.227770 0.052790 0.000962 0.075527
0 0 0.723191 0.187365 0.034839 0.000321 0.054283
0 0 0.745290 0.174920 0.033292 0.000367 0.046131
0 0 0.570404 0.257278 0.079589 0.004061 0.088668
0 0 0.628209 0.234029 0.059216 0.001503 0.077042
0 0 0.553968 0.266408 0.075550 0.002532 0.101543
0 0 0.758619 0.158673 0.043251 0.001769 0.037687
0 0 0.797254 0.143883 0.028473 0.000457 0.029933
0 0 0.554029 0.265957 0.077261 0.002872 0.099881
0 0 0.733403 0.181985 0.028183 0.000124 0.056306
0 0 0.374278 0.311760 0.038563 0.000006 0.275393
1 0 0.307155 0.329765 0.052884 0.000019 0.310177
4 0 0.047429 0.297625 0.124124 0.000002 0.530820
4 1 0.222475 0.326805 0.060064 0.000098 0.390558
4 1 0.163773 0.337468 0.089594 0.000150 0.409014
0 0 0.789754 0.143728 0.034527 0.001006 0.030985
0 0 0.700677 0.196394 0.050448 0.001717 0.050763
0 0 0.822893 0.127331 0.026463 0.000592 0.022722
0 0 0.734981 0.175165 0.048500 0.002497 0.038856
0 0 0.636991 0.218869 0.077218 0.007891 0.059030
0 0 0.820016 0.125549 0.031940 0.001560 0.020934
0 0 0.624409 0.217646 0.105388 0.010143 0.042414
0 0 0.432976 0.267561 0.245141 0.007088 0.047234
0 0 0.609933 0.189634 0.150149 0.027704 0.022582
0 0 0.736420 0.129715 0.107492 0.017489 0.008884
0 0 0.672140 0.210402 0.057635 0.002357 0.057466
0 0 0.683882 0.205927 0.050761 0.001357 0.058072
0 0 0.569777 0.261395 0.062084 0.001019 0.105725
0 0 0.477102 0.252294 0.113407 0.009343 0.147855
0 0 0.640572 0.225931 0.049344 0.000617 0.083536
0 0 0.520862 0.196964 0.160090 0.074842 0.047242
0 0 0.640160 0.206597 0.104357 0.012295 0.036591
0 0 0.601394 0.208244 0.150379 0.012237 0.027745
0 0 0.728379 0.164258 0.063025 0.010694 0.033644
0 0 0.676658 0.199125 0.070398 0.008925 0.044894
4 0 0.217939 0.243138 0.008434 0.000000 0.530490
4 0 0.280532 0.228869 0.005865 0.000000 0.484735
4 0 0.124745 0.252880 0.014282 0.000000 0.608093
4 1 0.061062 0.180726 0.018441 0.000000 0.739772
4 0 0.138220 0.176679 0.009079 0.000000 0.676022
0 0 0.632222 0.231903 0.034225 0.000089 0.101560
0 0 0.678073 0.206829 0.032992 0.000119 0.081987
0 0 0.670757 0.192963 0.035114 0.000123 0.101043
0 0 0.635203 0.230998 0.035574 0.000112 0.098113
0 0 0.559310 0.248577 0.060333 0.000683 0.131097
4 0 0.112345 0.245991 0.040778 0.000005 0.600881
4 0 0.199563 0.305591 0.056168 0.000095 0.438585
4 0 0.059507 0.278731 0.052251 0.000000 0.609511
4 0 0.099098 0.279415 0.041348 0.000000 0.580139
4 0 0.046221 0.242198 0.059390 0.000000 0.652191
4 0 0.088359 0.240904 0.021296 0.000000 0.649440
4 0 0.030642 0.191748 0.034327 0.000000 0.743283
4 1 0.013672 0.156951 0.046687 0.000000 0.782690
4 1 0.019856 0.181285 0.045979 0.000000 0.752880
4 1 0.013365 0.159149 0.059920 0.000000 0.767566
4 1 0.021894 0.211457 0.046237 0.000000 0.720412
4 1 0.018514 0.145289 0.041289 0.000000 0.794909
4 1 0.011336 0.138107 0.041292 0.000000 0.809265
4 1 0.048478 0.201854 0.023533 0.000000 0.726136
4 1 0.062974 0.211738 0.018682 0.000000 0.706606
4 4 0.086777 0.200670 0.013391 0.000000 0.699163
4 4 0.045127 0.215490 0.025655 0.000000 0.713728
4 4 0.060003 0.220191 0.026674 0.000000 0.693132
4 4 0.076207 0.154594 0.017124 0.000001 0.752074
4 4 0.038740 0.203005 0.027173 0.000000 0.731083
4 4 0.019502 0.173759 0.052509 0.000000 0.754231
4 4 0.067105 0.156221 0.023403 0.000004 0.753267
4 4 0.014510 0.202141 0.094239 0.000000 0.689109
4 2 0.019718 0.216008 0.058944 0.000000 0.705330
4 2 0.024532 0.204828 0.043314 0.000000 0.727326
4 2 0.020623 0.169457 0.037957 0.000000 0.771963
4 0 0.032956 0.195652 0.026224 0.000000 0.745168
4 0 0.023484 0.194598 0.038204 0.000000 0.743714
4 0 0.015985 0.164520 0.039093 0.000000 0.780402
4 1 0.007936 0.126422 0.052995 0.000000 0.812647
4 1 0.012030 0.133413 0.039736 0.000000 0.814821
4 1 0.034048 0.209149 0.039810 0.000000 0.716993
4 1 0.034816 0.151789 0.024048 0.000000 0.789347
4 1 0.022507 0.184671 0.048640 0.000000 0.744181
4 1 0.029092 0.191808 0.045535 0.000000 0.733565
4 1 0.234993 0.313292 0.065828 0.000029 0.385859
4 0 0.235884 0.234687 0.036442 0.000015 0.492971
0 0 0.370817 0.276467 0.018659 0.000001 0.334055
0 0 0.428806 0.264180 0.026416 0.000006 0.280592
0 0 0.385125 0.285618 0.029982 0.000009 0.299266
4 0 0.186458 0.223592 0.009748 0.000000 0.580202
4 1 0.023570 0.157054 0.030916 0.000000 0.788460
4 1 0.023242 0.133031 0.032826 0.000000 0.810900
4 1 0.034849 0.148477 0.022629 0.000000 0.794044
4 1 0.047524 0.131390 0.017459 0.000000 0.803627
4 1 0.023610 0.219329 0.208732 0.000107 0.548222
4 1 0.025054 0.195530 0.186242 0.000559 0.592615
4 1 0.019008 0.208763 0.248943 0.000098 0.523188
4 2 0.070376 0.285287 0.150569 0.000232 0.493536
4 2 0.044812 0.262938 0.261834 0.000604 0.429813
2 2 0.015477 0.162131 0.712720 0.002997 0.106675
2 2 0.015298 0.153895 0.728937 0.003689 0.098181
2 2 0.010293 0.138281 0.766244 0.000880 0.084301
2 2 0.008368 0.127339 0.722158 0.005136 0.136998
2 2 0.013701 0.175672 0.678324 0.000601 0.131703
2 2 0.006714 0.101686 0.839163 0.001961 0.050476
2 2 0.009586 0.120206 0.813514 0.002213 0.054481
2 2 0.007877 0.109373 0.808062 0.006402 0.068286
2 2 0.012754 0.144399 0.767739 0.002394 0.072714
2 2 0.003274 0.065729 0.864055 0.018373 0.048568
2 2 0.016031 0.116868 0.808625 0.018946 0.039530
2 2 0.064179 0.177218 0.674581 0.037073 0.046948
2 2 0.104274 0.218785 0.580727 0.037023 0.059191
2 2 0.045513 0.212823 0.659695 0.007586 0.074383
2 2 0.007750 0.089405 0.812671 0.036058 0.054117
2 2 0.007926 0.099264 0.821951 0.015586 0.055273
2 2 0.023132 0.140287 0.795281 0.004960 0.036340
2 2 0.006164 0.090129 0.842260 0.011009 0.050438
2 2 0.011011 0.109273 0.826725 0.007165 0.045826
2 2 0.016725 0.115423 0.824687 0.012791 0.030374
2 2 0.008892 0.107003 0.792350 0.019324 0.072431
2 2 0.009077 0.104439 0.838018 0.006080 0.042385
2 2 0.003532 0.073208 0.877180 0.003303 0.042777
2 2 0.008968 0.101114 0.801344 0.027821 0.060753
2 2 0.010634 0.127482 0.771398 0.007891 0.082595
2 2 0.018674 0.088565 0.745721 0.124849 0.022191
2 2 0.002445 0.035464 0.850998 0.099225 0.011868
2 2 0.013083 0.071649 0.780635 0.118126 0.016508
2 2 0.002877 0.037737 0.803217 0.142948 0.013221
2 2 0.007390 0.066118 0.806539 0.096780 0.023173
2 2 0.006097 0.043381 0.834983 0.108121 0.007418
2 2 0.004884 0.041898 0.695743 0.243945 0.013530
2 2 0.004395 0.041325 0.811069 0.132277 0.010935
2 2 0.003458 0.023548 0.714476 0.255255 0.003262
2 3 0.002614 0.038693 0.630415 0.298132 0.030147
2 3 0.003531 0.051488 0.850568 0.073124 0.021290
2 3 0.004685 0.034272 0.789325 0.166092 0.005625
2 3 0.003660 0.035400 0.742779 0.208795 0.009366
2 3 0.008816 0.053600 0.741498 0.184220 0.011866
2 3 0.001042 0.022527 0.570660 0.385763 0.020008
2 3 0.015304 0.068168 0.589873 0.306089 0.020566
2 3 0.006554 0.043465 0.715551 0.224692 0.009738
2 3 0.001798 0.019173 0.518235 0.452771 0.008023
2 3 0.010196 0.044214 0.583098 0.353352 0.009140
2 2 0.008412 0.026782 0.542612 0.419487 0.002708
3 3 0.001312 0.012194 0.306227 0.674841 0.005426
2 3 0.003326 0.020831 0.516661 0.455261 0.003920
2 3 0.006087 0.023564 0.589035 0.379072 0.002243
2 3 0.006983 0.031117 0.741176 0.217541 0.003183
2 3 0.003531 0.021139 0.657090 0.315555 0.002686
2 2 0.013857 0.051301 0.576320 0.348564 0.009957
3 2 0.008498 0.039894 0.439120 0.497410 0.015077
2 2 0.008609 0.033840 0.743855 0.210805 0.002891
2 2 0.018543 0.069786 0.743630 0.157025 0.011016
2 2 0.009052 0.042204 0.657775 0.284369 0.006601
2 0 0.042629 0.207963 0.664201 0.010596 0.074610
2 0 0.040468 0.226869 0.566407 0.011040 0.155216
2 1 0.008962 0.107386 0.722201 0.046168 0.115283
2 2 0.012591 0.132201 0.700371 0.024639 0.130197
2 2 0.014065 0.126518 0.792322 0.014553 0.052542
2 2 0.008597 0.072227 0.863280 0.039502 0.016394
2 2 0.014810 0.112651 0.827207 0.014864 0.030468
2 2 0.011097 0.106184 0.829781 0.015285 0.037652
2 2 0.013715 0.092651 0.842165 0.031060 0.020409
2 2 0.013314 0.094798 0.790486 0.065727 0.035676
2 2 0.005514 0.079553 0.859975 0.015702 0.039257
2 2 0.004188 0.065910 0.897743 0.007340 0.024819
2 2 0.007110 0.082857 0.859176 0.019745 0.031112
2 2 0.006888 0.085687 0.862801 0.012422 0.032201
2 2 0.007465 0.092060 0.810716 0.033086 0.056673
2 2 0.008199 0.053627 0.626376 0.293382 0.018415
2 2 0.026569 0.071529 0.594037 0.296264 0.011601
2 2 0.004726 0.027480 0.628124 0.335246 0.004424
2 2 0.076682 0.096011 0.646114 0.172197 0.008996
2 2 0.016386 0.067848 0.738201 0.164016 0.013548
2 2 0.009600 0.112318 0.753619 0.029331 0.095131
2 2 0.004797 0.073560 0.725915 0.100245 0.095484
2 2 0.008027 0.092928 0.812231 0.036795 0.050019
2 2 0.006425 0.083016 0.804338 0.054657 0.051563
2 2 0.009826 0.098863 0.800038 0.038770 0.052503
2 2 0.014262 0.110595 0.738375 0.064950 0.071817
2 2 0.016531 0.135235 0.726406 0.034961 0.086866
2 2 0.007540 0.083030 0.716781 0.124089 0.068560
2 2 0.051432 0.175933 0.580702 0.084850 0.107083
2 2 0.029202 0.191640 0.620570 0.019421 0.139168
2 2 0.005586 0.075218 0.810267 0.059372 0.049557
2 2 0.005498 0.069896 0.861259 0.035883 0.027463
2 2 0.011012 0.098663 0.848672 0.015145 0.026507
2 2 0.004460 0.057792 0.907266 0.017314 0.013169
2 2 0.009656 0.092817 0.855479 0.015647 0.026400
2 2 0.005028 0.062913 0.872050 0.039939 0.020070
2 2 0.005334 0.064769 0.897254 0.015710 0.016933
2 2 0.007928 0.066848 0.834925 0.071095 0.019204
2 2 0.021819 0.126412 0.704392 0.087469 0.059908
2 2 0.002452 0.043538 0.699591 0.211732 0.042687
2 2 0.008057 0.075635 0.665372 0.193880 0.057056
2 2 0.021636 0.098742 0.616631 0.218218 0.044774
2 2 0.003710 0.036111 0.475828 0.456947 0.027404
2 2 0.016269 0.077403 0.822356 0.069319 0.014653
2 2 0.052663 0.171004 0.617017 0.092197 0.067119
2 2 0.005267 0.072858 0.816892 0.055967 0.049016
2 2 0.009474 0.104433 0.766458 0.044362 0.075273
2 2 0.008377 0.088855 0.794494 0.060822 0.047452
2 2 0.009397 0.087929 0.823553 0.048400 0.030721
2 2 0.010196 0.086224 0.852610 0.028998 0.021973
2 2 0.013294 0.105149 0.769900 0.072045 0.039613
2 2 0.011487 0.104938 0.784920 0.051337 0.047318
2 2 0.016201 0.109152 0.785138 0.054417 0.035091
2 2 0.018570 0.145196 0.723836 0.027993 0.084405
2 2 0.021023 0.125341 0.738692 0.068486 0.046458
2 2 0.010042 0.076747 0.699664 0.179327 0.034220
2 2 0.006684 0.056220 0.757636 0.160314 0.019146
2 2 0.019283 0.087778 0.630562 0.229890 0.032488
2 2 0.017968 0.083083 0.730872 0.144220 0.023858
2 2 0.006031 0.051925 0.654894 0.262937 0.024213
2 2 0.004630 0.045496 0.725503 0.207929 0.016442
2 2 0.004054 0.025703 0.496675 0.467241 0.006328
2 2 0.005811 0.037995 0.593887 0.351692 0.010614
2 2 0.007304 0.040921 0.622081 0.320251 0.009443
2 3 0.008771 0.039401 0.707478 0.238767 0.005584
2 3 0.017557 0.057069 0.538154 0.375189 0.012031
3 3 0.006935 0.024110 0.368330 0.596131 0.004494
3 3 0.009568 0.030060 0.424648 0.530953 0.004772
2 3 0.002566 0.020889 0.546057 0.425099 0.005390
2 3 0.018309 0.060635 0.617712 0.292641 0.010704
2 3 0.019618 0.055413 0.527635 0.387044 0.010289
2 3 0.011160 0.053823 0.746021 0.179016 0.009980
2 3 0.018050 0.089520 0.640403 0.214426 0.037600
2 3 0.004336 0.037377 0.530266 0.409033 0.018988
3 3 0.015528 0.048250 0.291055 0.624357 0.020810
2 3 0.011917 0.047690 0.617384 0.314734 0.008274
2 3 0.003349 0.025581 0.528527 0.435397 0.007146
2 3 0.007758 0.046681 0.516984 0.410976 0.017602
3 3 0.004334 0.028511 0.386517 0.568661 0.011977
2 3 0.001800 0.022796 0.493163 0.468947 0.013295
3 3 0.007583 0.020081 0.177026 0.788494 0.006817
3 3 0.185294 0.097326 0.292097 0.412572 0.012712
2 0 0.230985 0.167815 0.504940 0.082709 0.013551
2 0 0.255865 0.174909 0.517258 0.038733 0.013234
2 0 0.270000 0.219926 0.476540 0.009876 0.023658
2 0 0.054018 0.194206 0.676375 0.022587 0.052814
2 0 0.051994 0.189661 0.693344 0.015950 0.049052
2 1 0.038615 0.139821 0.755108 0.039573 0.026883
2 1 0.014819 0.088439 0.786790 0.090039 0.019914
2 1 0.016999 0.106716 0.810551 0.040367 0.025367
2 2 0.040899 0.113606 0.797189 0.034670 0.013636
2 2 0.030290 0.089079 0.822388 0.049257 0.008986
2 2 0.025769 0.090018 0.842242 0.031722 0.010248
2 2 0.011459 0.073322 0.864107 0.038392 0.012720
2 2 0.014826 0.079867 0.830791 0.060151 0.014365
2 2 0.006114 0.030609 0.726672 0.233261 0.003345
2 2 0.011696 0.039737 0.703017 0.241782 0.003768
2 2 0.009667 0.041797 0.764965 0.178953 0.004618
2 2 0.006477 0.026344 0.660647 0.304037 0.002496
2 2 0.019323 0.060670 0.725960 0.186684 0.007364
2 2 0.010071 0.086467 0.795974 0.071022 0.036465
2 2 0.029132 0.129572 0.693089 0.096569 0.051638
2 2 0.019286 0.130219 0.710456 0.067270 0.072768
2 2 0.030508 0.143211 0.624448 0.128072 0.073761
2 2 0.016713 0.105985 0.672032 0.147237 0.058033
2 2 0.016429 0.069910 0.686651 0.211695 0.015315
2 2 0.013387 0.063653 0.679586 0.227526 0.015848
2 2 0.008766 0.065040 0.743749 0.159978 0.022468
3 2 0.002683 0.027512 0.403260 0.547254 0.019291
2 2 0.012215 0.074716 0.648577 0.234166 0.030326
2 2 0.005570 0.032030 0.579844 0.375831 0.006725
2 2 0.008489 0.049414 0.615442 0.310783 0.015871
2 2 0.005262 0.027534 0.664252 0.299369 0.003583
2 2 0.010944 0.057455 0.688701 0.229019 0.013881
2 2 0.005997 0.033276 0.533052 0.419451 0.008224
3 2 0.003967 0.009999 0.214909 0.769931 0.001194
3 3 0.005568 0.016260 0.254231 0.721154 0.002788
3 3 0.002936 0.013372 0.193118 0.785466 0.005108
3 3 0.002811 0.008500 0.215272 0.772341 0.001076
3 3 0.003783 0.010465 0.153134 0.830238 0.002380
3 3 0.005038 0.019444 0.434495 0.538429 0.002594
3 3 0.006821 0.025512 0.374356 0.587464 0.005848
3 3 0.004666 0.014011 0.358637 0.621308 0.001377
3 3 0.010219 0.023101 0.326667 0.637318 0.002695
3 3 0.003445 0.012030 0.186265 0.795394 0.002866
3 3 0.005481 0.018766 0.435366 0.538314 0.002073
3 3 0.004726 0.013723 0.286756 0.693135 0.001660
3 3 0.001929 0.008708 0.316556 0.671707 0.001100
3 3 0.004378 0.017619 0.255173 0.717845 0.004985
3 3 0.003055 0.015466 0.427925 0.551133 0.002421
3 3 0.003236 0.006767 0.215862 0.773674 0.000461
3 3 0.003394 0.007187 0.258134 0.730874 0.000410
3 3 0.003542 0.005925 0.186605 0.803598 0.000331
3 3 0.003403 0.006291 0.127141 0.862530 0.000634
3 3 0.002454 0.004738 0.076602 0.915452 0.000754
3 3 0.000982 0.001677 0.042172 0.954970 0.000198
3 3 0.000446 0.000960 0.047068 0.951443 0.000083
3 3 0.000306 0.000796 0.033887 0.964902 0.000108
3 3 0.001673 0.002241 0.025688 0.969919 0.000478
3 3 0.000535 0.001148 0.032779 0.965363 0.000175
3 3 0.000682 0.000985 0.010677 0.987295 0.000361
3 3 0.000965 0.001205 0.019221 0.978408 0.000201
3 3 0.000660 0.001002 0.018036 0.980106 0.000195
3 3 0.000747 0.000890 0.020832 0.977435 0.000096
3 3 0.000439 0.000897 0.018773 0.979677 0.000214
3 3 0.000748 0.001146 0.024243 0.973692 0.000171
3 3 0.001141 0.002425 0.028842 0.966669 0.000923
3 3 0.001077 0.001441 0.020263 0.976935 0.000285
3 3 0.000536 0.000839 0.018940 0.979550 0.000135
3 3 0.000535 0.000754 0.018677 0.979935 0.000099
3 3 0.000523 0.000677 0.016700 0.982015 0.000085
3 3 0.000395 0.000665 0.010991 0.987750 0.000198
3 3 0.000573 0.000881 0.016484 0.981887 0.000175
3 3 0.001165 0.001771 0.019794 0.976699 0.000571
3 3 0.001103 0.001853 0.020835 0.975629 0.000580
3 3 0.000706 0.000893 0.011561 0.986611 0.000230
3 3 0.000877 0.001022 0.016373 0.981559 0.000169
3 3 0.001062 0.001206 0.012685 0.984717 0.000330
3 3 0.000609 0.000789 0.010887 0.987513 0.000203
3 3 0.001247 0.001110 0.010633 0.986754 0.000255
3 3 0.000528 0.000709 0.009201 0.989346 0.000217
3 3 0.001256 0.002036 0.018408 0.977413 0.000886
3 3 0.000645 0.000890 0.009701 0.988431 0.000334
3 3 0.000874 0.000955 0.008893 0.988959 0.000319
3 3 0.001394 0.001427 0.010401 0.986267 0.000511
3 3 0.000671 0.000695 0.007379 0.991049 0.000206
3 3 0.000498 0.000753 0.009229 0.989240 0.000279
3 3 0.000393 0.000352 0.006177 0.993018 0.000061
3 3 0.000760 0.000809 0.009555 0.988675 0.000202
3 3 0.001112 0.001023 0.008770 0.988800 0.000295
3 3 0.000435 0.000419 0.006242 0.992814 0.000091
3 3 0.001597 0.001774 0.012011 0.983854 0.000765
3 3 0.000563 0.000564 0.006400 0.992312 0.000162
3 3 0.000968 0.000727 0.006065 0.992041 0.000199
3 3 0.001060 0.000919 0.008206 0.989570 0.000245
3 3 0.000336 0.000400 0.006119 0.993034 0.000110
3 3 0.000684 0.001114 0.013502 0.984296 0.000403
3 3 0.000899 0.000956 0.007301 0.990451 0.000394
3 3 0.000504 0.000619 0.008687 0.990027 0.000163
3 3 0.000651 0.000583 0.007910 0.990742 0.000113
3 3 0.000991 0.000788 0.007790 0.990253 0.000177
3 3 0.000133 0.000154 0.005116 0.994574 0.000022
3 3 0.000362 0.000422 0.007727 0.991402 0.000087
3 3 0.000620 0.000795 0.009166 0.989161 0.000256
3 3 0.000419 0.000520 0.007850 0.991075 0.000136
3 3 0.000428 0.000554 0.008538 0.990337 0.000143
3 3 0.000536 0.000555 0.006690 0.992067 0.000153
3 3 0.002225 0.002096 0.013096 0.981893 0.000689
3 3 0.000731 0.000770 0.008862 0.989438 0.000199
3 3 0.000750 0.000744 0.005924 0.992284 0.000299
3 3 0.000576 0.000490 0.007779 0.991076 0.000078
3 3 0.000332 0.000342 0.005297 0.993945 0.000084
3 3 0.000630 0.000434 0.004801 0.994043 0.000093
3 3 0.000136 0.000173 0.005235 0.994426 0.000030
3 3 0.000070 0.000089 0.003462 0.996364 0.000015
3 3 0.000378 0.000341 0.006788 0.992443 0.000051
3 3 0.000207 0.000199 0.005347 0.994219 0.000027
3 3 0.000548 0.000592 0.008020 0.990697 0.000143
3 3 0.000229 0.000224 0.004907 0.994600 0.000039
3 3 0.000277 0.000266 0.005515 0.993896 0.000045
3 3 0.000518 0.000409 0.005770 0.993227 0.000076
3 3 0.000528 0.000506 0.007004 0.991852 0.000110
3 3 0.000244 0.000239 0.004229 0.995234 0.000054
3 3 0.000577 0.000438 0.006293 0.992619 0.000073
3 3 0.000100 0.000094 0.002844 0.996946 0.000015
3 3 0.001113 0.001707 0.019960 0.976716 0.000503
3 3 0.002777 0.004092 0.041920 0.950258 0.000954
3 3 0.017309 0.024577 0.283842 0.671492 0.002780
2 2 0.093138 0.103434 0.567690 0.226960 0.008778
3 2 0.017057 0.031349 0.269885 0.676667 0.005042
4 2 0.008863 0.107805 0.186026 0.004790 0.692516
4 2 0.005701 0.091690 0.184774 0.002777 0.715058
4 2 0.004830 0.109415 0.271269 0.000455 0.614030
4 2 0.014311 0.172679 0.205099 0.000131 0.607780
4 2 0.018903 0.184449 0.196120 0.000257 0.600271
4 2 0.024975 0.158813 0.110787 0.000370 0.705055
4 2 0.031673 0.196529 0.116635 0.000082 0.655082
4 4 0.037684 0.179522 0.107327 0.000826 0.674640
4 4 0.040161 0.171909 0.098326 0.001452 0.688151
1 4 0.300009 0.332829 0.068529 0.000094 0.298539
4 4 0.124256 0.281202 0.089113 0.000565 0.504864
1 4 0.311279 0.337743 0.088543 0.000470 0.261965
4 4 0.020400 0.211819 0.193940 0.000036 0.573805
4 4 0.018882 0.153309 0.157309 0.001226 0.669274
4 4 0.039438 0.182953 0.128435 0.003490 0.645684
4 4 0.021960 0.161516 0.103823 0.000059 0.712641
4 4 0.060772 0.271959 0.106715 0.000019 0.560536
4 4 0.064417 0.250802 0.120106 0.000328 0.564347
4 4 0.005267 0.123368 0.167627 0.000004 0.703734
4 4 0.011904 0.142468 0.123636 0.000017 0.721975
4 4 0.278879 0.256344 0.095528 0.001321 0.367928
4 4 0.175979 0.291771 0.075239 0.000164 0.456847
4 4 0.219960 0.260003 0.100270 0.001473 0.418294
4 4 0.220411 0.268198 0.079729 0.000498 0.431165
4 4 0.226430 0.297344 0.088521 0.000397 0.387308
4 4 0.078000 0.238103 0.077276 0.000056 0.606564
4 4 0.014065 0.171693 0.155476 0.000015 0.658752
4 4 0.218703 0.288913 0.073852 0.000344 0.418188
4 4 0.035255 0.188738 0.169156 0.002257 0.604594
4 4 0.035138 0.202904 0.103092 0.000039 0.658826
4 4 0.029467 0.188681 0.120985 0.000129 0.660738
4 4 0.043433 0.254331 0.180495 0.000224 0.521517
4 4 0.112860 0.231632 0.091688 0.001006 0.562815
4 4 0.106519 0.252032 0.107097 0.000802 0.533550
4 4 0.032995 0.188695 0.130513 0.000570 0.647227
2 4 0.012088 0.175555 0.505178 0.001019 0.306159
2 4 0.019388 0.199068 0.580018 0.001296 0.200230
2 4 0.108317 0.260869 0.535293 0.017512 0.078009
2 4 0.042550 0.231106 0.631824 0.001957 0.092563
2 4 0.004724 0.118666 0.689695 0.000582 0.186332
0 4 0.496644 0.275658 0.110297 0.010368 0.107033
0 4 0.608900 0.212507 0.099002 0.012037 0.067554
0 4 0.452175 0.291515 0.164950 0.009808 0.081552
2 4 0.212309 0.248520 0.336839 0.070708 0.131624
2 4 0.227807 0.280525 0.412925 0.017651 0.061092
4 4 0.014048 0.145047 0.173528 0.000682 0.666695
4 4 0.019898 0.199256 0.174255 0.000039 0.606551
4 4 0.020565 0.181189 0.216448 0.001450 0.580348
4 4 0.046329 0.193986 0.159532 0.003146 0.597007
4 4 0.065013 0.235888 0.117524 0.000897 0.580679
4 4 0.010144 0.133093 0.117779 0.000011 0.738973
4 4 0.030401 0.115497 0.034940 0.000038 0.819124
4 4 0.035885 0.139657 0.043577 0.000032 0.780850
4 4 0.026727 0.151597 0.053486 0.000004 0.768186
4 4 0.018092 0.166120 0.074977 0.000001 0.740811
4 4 0.024988 0.173367 0.040388 0.000000 0.761258
