4 1 0.033414 0.158758 0.055178 0.000088 0.752562
4 1 0.045947 0.144384 0.011791 0.000000 0.797877
4 1 0.034816 0.133189 0.016127 0.000001 0.815867
4 1 0.036246 0.158433 0.048268 0.000062 0.756991
4 1 0.015347 0.102370 0.037162 0.000018 0.845104
4 1 0.002997 0.060570 0.348927 0.004945 0.582562
4 1 0.005019 0.082675 0.283399 0.003167 0.625740
4 1 0.004788 0.066694 0.139244 0.000706 0.788568
2 1 0.001892 0.065971 0.531130 0.004844 0.396163
2 1 0.001820 0.090230 0.719326 0.005195 0.183430
2 1 0.104202 0.336041 0.353134 0.005393 0.201231
1 1 0.111275 0.322133 0.277028 0.006207 0.283357
1 1 0.132688 0.392259 0.137138 0.001751 0.336163
1 1 0.169975 0.398279 0.092852 0.000637 0.338257
1 1 0.113225 0.342217 0.240678 0.002928 0.300952
1 1 0.114410 0.400511 0.228378 0.002686 0.254015
1 1 0.043464 0.326610 0.312848 0.005572 0.311506
2 1 0.028215 0.252701 0.360852 0.008029 0.350203
2 1 0.051864 0.184742 0.601080 0.041187 0.121128
1 0 0.277562 0.340298 0.122253 0.001499 0.258389
2 0 0.000644 0.066285 0.879500 0.009489 0.044082
2 1 0.001242 0.059666 0.875787 0.013296 0.050008
2 1 0.004102 0.052898 0.871471 0.041879 0.029650
2 1 0.004200 0.067654 0.854804 0.039466 0.033876
2 1 0.016191 0.060580 0.853696 0.053410 0.016124
2 1 0.001713 0.048309 0.851251 0.075991 0.022737
2 1 0.000502 0.024854 0.895448 0.067427 0.011769
2 1 0.000637 0.022893 0.895922 0.072556 0.007992
2 2 0.000581 0.019559 0.890651 0.082487 0.006722
2 2 0.002122 0.038929 0.904575 0.048421 0.005953
2 2 0.002002 0.037287 0.902855 0.049739 0.008117
2 2 0.002218 0.017806 0.899218 0.076728 0.004029
2 2 0.000561 0.026302 0.870965 0.095003 0.007170
2 2 0.000184 0.007953 0.955535 0.034711 0.001616
2 2 0.000842 0.010148 0.938386 0.048675 0.001949
2 2 0.000116 0.003360 0.847992 0.148251 0.000281
2 2 0.000032 0.002782 0.701744 0.295069 0.000373
2 2 0.000104 0.003864 0.693891 0.301724 0.000416
2 2 0.000050 0.002213 0.663440 0.334071 0.000226
2 2 0.000081 0.004128 0.584132 0.411080 0.000579
3 2 0.000186 0.004183 0.355910 0.639012 0.000709
3 2 0.000320 0.006393 0.456835 0.535620 0.000832
3 2 0.000133 0.003800 0.417997 0.577398 0.000672
3 2 0.000044 0.001539 0.319812 0.678434 0.000172
3 3 0.000119 0.002961 0.299770 0.696815 0.000335
3 3 0.000129 0.001355 0.103710 0.894650 0.000156
3 3 0.000117 0.001794 0.168860 0.829008 0.000221
3 3 0.000292 0.002406 0.112630 0.884326 0.000346
3 3 0.000945 0.003848 0.090944 0.903162 0.001102
3 3 0.000496 0.002860 0.098129 0.897935 0.000579
3 3 0.000027 0.000558 0.116661 0.882715 0.000040
3 3 0.000135 0.001103 0.078044 0.920575 0.000143
3 3 0.000048 0.000595 0.081286 0.918014 0.000057
3 3 0.000089 0.000815 0.074938 0.924061 0.000097
3 3 0.000093 0.001200 0.113437 0.885151 0.000120
3 3 0.000495 0.002026 0.061985 0.935069 0.000425
3 3 0.000522 0.001873 0.054376 0.942805 0.000424
3 3 0.000247 0.001704 0.086485 0.911290 0.000274
3 3 0.000552 0.001709 0.046897 0.950421 0.000420
3 3 0.000126 0.000878 0.064725 0.934141 0.000131
3 3 0.000736 0.002239 0.052758 0.943684 0.000584
3 3 0.000207 0.001271 0.066012 0.932323 0.000187
3 3 0.000377 0.001484 0.051970 0.945867 0.000303
3 3 0.000094 0.000679 0.054808 0.944339 0.000080
3 3 0.000573 0.002217 0.062253 0.934466 0.000490
3 3 0.000584 0.002153 0.059321 0.937452 0.000490
3 3 0.000344 0.001287 0.046797 0.951307 0.000265
3 3 0.000548 0.001500 0.040318 0.957242 0.000392
3 3 0.001197 0.002256 0.037647 0.958084 0.000816
3 3 0.000817 0.002224 0.048586 0.947748 0.000625
3 3 0.000411 0.001016 0.031015 0.967292 0.000266
3 3 0.000160 0.000981 0.058097 0.940624 0.000138
3 3 0.000177 0.000675 0.034593 0.964432 0.000123
3 3 0.000249 0.000573 0.022185 0.976850 0.000143
3 3 0.000232 0.001092 0.050795 0.947695 0.000187
3 3 0.000506 0.001695 0.049396 0.948010 0.000394
3 3 0.000164 0.000705 0.038481 0.960531 0.000119
3 3 0.000317 0.001239 0.047312 0.950886 0.000246
3 3 0.000733 0.001398 0.030062 0.967346 0.000462
3 3 0.000212 0.001024 0.050193 0.948400 0.000171
3 3 0.000416 0.001085 0.033239 0.964982 0.000277
3 3 0.000347 0.000904 0.030350 0.968175 0.000224
3 3 0.000401 0.001023 0.031830 0.966483 0.000263
3 3 0.000565 0.001150 0.028622 0.969311 0.000352
3 3 0.000185 0.000685 0.034148 0.964855 0.000127
3 3 0.000332 0.001124 0.040760 0.957541 0.000242
3 3 0.000244 0.000757 0.031628 0.967210 0.000162
3 3 0.000318 0.000979 0.035589 0.962894 0.000220
3 3 0.000199 0.000589 0.026985 0.972103 0.000124
3 3 0.000167 0.000691 0.037141 0.961881 0.000120
3 3 0.000247 0.000745 0.030708 0.968138 0.000162
3 3 0.001055 0.001883 0.033138 0.963239 0.000685
3 3 0.000291 0.000779 0.028788 0.969956 0.000185
3 3 0.001126 0.002012 0.034267 0.961855 0.000740
3 3 0.000482 0.001279 0.036487 0.961421 0.000332
3 3 0.000742 0.001516 0.032855 0.964403 0.000485
3 3 0.000794 0.001406 0.028596 0.968715 0.000489
3 3 0.000446 0.001013 0.029091 0.969169 0.000281
3 3 0.000197 0.000676 0.032130 0.966865 0.000132
3 3 0.000366 0.000944 0.030832 0.967621 0.000237
3 3 0.000269 0.001052 0.043705 0.954771 0.000203
3 3 0.000720 0.001273 0.027195 0.970376 0.000436
3 3 0.000446 0.001338 0.040739 0.957155 0.000322
3 3 0.000109 0.000381 0.024636 0.974809 0.000067
3 3 0.000179 0.000491 0.023401 0.975824 0.000106
3 3 0.000314 0.000770 0.026895 0.971827 0.000194
3 3 0.000332 0.000725 0.024037 0.974711 0.000195
3 3 0.000359 0.000623 0.018917 0.979910 0.000191
3 3 0.000916 0.001629 0.030799 0.966078 0.000579
3 3 0.000600 0.001056 0.024729 0.973264 0.000351
3 3 0.000131 0.000293 0.015604 0.983905 0.000067
3 3 0.000100 0.000445 0.031482 0.967905 0.000068
3 3 0.000478 0.000940 0.025300 0.972997 0.000284
3 3 0.000405 0.000884 0.026463 0.972003 0.000246
3 3 0.000088 0.000324 0.023596 0.975940 0.000053
3 3 0.001188 0.002127 0.035238 0.960658 0.000788
3 3 0.000246 0.000565 0.022049 0.976999 0.000141
3 3 0.000307 0.000555 0.018417 0.980559 0.000162
3 3 0.000180 0.000648 0.032580 0.966470 0.000122
3 3 0.000494 0.000865 0.022346 0.976017 0.000279
3 3 0.000202 0.000543 0.024189 0.974945 0.000121
3 3 0.000046 0.000247 0.027189 0.972487 0.000030
3 3 0.000287 0.000764 0.028426 0.970340 0.000182
3 3 0.000267 0.000707 0.027247 0.971612 0.000166
3 3 0.000194 0.000453 0.019958 0.979288 0.000108
3 3 0.000474 0.000829 0.021879 0.976552 0.000266
3 3 0.000738 0.001306 0.027546 0.969961 0.000449
3 3 0.000497 0.000871 0.022427 0.975924 0.000281
3 3 0.000234 0.000514 0.020364 0.978758 0.000130
3 3 0.000350 0.000608 0.018686 0.980169 0.000186
3 3 0.000533 0.000982 0.024667 0.973505 0.000313
3 3 0.000432 0.001242 0.038085 0.959939 0.000304
3 3 0.001280 0.003982 0.070619 0.922988 0.001131
3 3 0.000759 0.002031 0.045959 0.950683 0.000568
3 3 0.001023 0.005101 0.170743 0.822474 0.000660
2 3 0.002230 0.026826 0.484575 0.476606 0.009763
2 3 0.002882 0.028880 0.521299 0.434507 0.012432
2 3 0.002225 0.027879 0.518745 0.439590 0.011561
2 3 0.003144 0.042277 0.650069 0.296793 0.007717
2 3 0.002001 0.040071 0.645422 0.302045 0.010461
2 3 0.063637 0.259796 0.513792 0.034513 0.128263
2 3 0.185970 0.335007 0.358431 0.021195 0.099397
2 2 0.123613 0.274424 0.466967 0.050793 0.084203
1 2 0.262229 0.392881 0.229237 0.005509 0.110144
1 0 0.306641 0.342258 0.261039 0.007714 0.082348
4 0 0.045223 0.317111 0.161502 0.000768 0.475396
2 2 0.015658 0.222347 0.433907 0.003318 0.324771
4 2 0.022556 0.207764 0.244152 0.005149 0.520380
4 2 0.015243 0.177915 0.324166 0.007507 0.475170
4 2 0.008785 0.140656 0.378888 0.009590 0.462080
4 2 0.006601 0.124233 0.159124 0.000388 0.709654
4 2 0.003094 0.073567 0.228402 0.001558 0.693379
4 2 0.008183 0.122515 0.139479 0.000417 0.729406
4 2 0.004188 0.060770 0.082311 0.000229 0.852503
2 2 0.003588 0.122689 0.493986 0.002747 0.376990
4 2 0.024712 0.231693 0.222571 0.002910 0.518114
4 2 0.031846 0.235545 0.161345 0.001232 0.570033
4 2 0.045868 0.252975 0.107870 0.000389 0.592897
2 2 0.039621 0.328863 0.434614 0.001054 0.195848
4 2 0.023815 0.246670 0.228262 0.001594 0.499658
1 2 0.139610 0.387135 0.243731 0.006256 0.223268
0 2 0.438883 0.328704 0.065599 0.001115 0.165699
0 2 0.420635 0.321544 0.076162 0.001578 0.180082
1 2 0.258008 0.437284 0.123813 0.001865 0.179030
1 2 0.180636 0.386260 0.309750 0.007489 0.115865
4 2 0.078579 0.332646 0.115465 0.000637 0.472672
4 2 0.074880 0.287463 0.094258 0.000452 0.542947
4 2 0.081157 0.212717 0.049785 0.000071 0.656269
4 2 0.034550 0.237227 0.140751 0.000802 0.586669
4 2 0.027562 0.224553 0.168854 0.001120 0.577911
4 2 0.002510 0.059352 0.105377 0.000204 0.832557
4 4 0.002155 0.043130 0.071035 0.000126 0.883553
4 4 0.003248 0.050182 0.049258 0.000035 0.897277
4 4 0.003190 0.052012 0.068084 0.000115 0.876599
4 4 0.003181 0.051107 0.060474 0.000074 0.885163
4 4 0.002083 0.043543 0.088538 0.000267 0.865569
4 4 0.001562 0.039848 0.133002 0.000466 0.825122
4 4 0.001649 0.044214 0.116328 0.000251 0.837558
4 4 0.003683 0.057838 0.077138 0.000169 0.861172
4 4 0.001625 0.038214 0.081611 0.000203 0.878347
4 4 0.004184 0.065221 0.361953 0.008638 0.560005
2 4 0.002981 0.077984 0.528910 0.008890 0.381236
4 4 0.003833 0.080114 0.410994 0.007000 0.498058
4 4 0.005449 0.073205 0.209269 0.003647 0.708431
4 4 0.005834 0.075746 0.227702 0.004602 0.686116
4 4 0.005008 0.069165 0.145998 0.001141 0.778688
4 4 0.003909 0.060648 0.303722 0.005900 0.625821
4 4 0.002269 0.046772 0.159675 0.000970 0.790313
4 4 0.003274 0.056532 0.168761 0.001499 0.769933
4 4 0.002805 0.052235 0.182766 0.001517 0.760677
4 4 0.002479 0.051751 0.194840 0.001398 0.749532
4 4 0.002633 0.063558 0.333330 0.003268 0.597210
4 4 0.003522 0.058463 0.234322 0.003058 0.700635
4 4 0.001876 0.049752 0.301081 0.002175 0.645116
2 4 0.004482 0.119387 0.510933 0.005612 0.359585
4 4 0.002163 0.053963 0.465568 0.006561 0.471745
4 4 0.018163 0.165250 0.110196 0.000281 0.706110
4 4 0.011081 0.116569 0.094852 0.000223 0.777275
4 4 0.010428 0.099273 0.156004 0.001950 0.732346
4 4 0.003151 0.054086 0.382339 0.008061 0.552363
2 4 0.010887 0.103072 0.451531 0.036945 0.397565
2 2 0.012506 0.181903 0.547605 0.014670 0.243317
4 2 0.030269 0.234875 0.234634 0.005064 0.495158
4 2 0.035299 0.269345 0.234650 0.004555 0.456151
4 2 0.025258 0.268488 0.275712 0.004115 0.426426
4 2 0.117517 0.317723 0.227382 0.005615 0.331763
2 2 0.085233 0.283402 0.335627 0.006415 0.289323
1 2 0.115329 0.327630 0.264794 0.006484 0.285763
1 2 0.187030 0.328671 0.160398 0.007656 0.316245
1 2 0.043382 0.324747 0.307136 0.005862 0.318873
2 2 0.048659 0.291310 0.351056 0.011932 0.297043
2 2 0.058369 0.290434 0.479705 0.014369 0.157123
1 2 0.167007 0.397194 0.295915 0.005100 0.134784
1 2 0.144984 0.448616 0.238899 0.004147 0.163354
1 0 0.186948 0.455471 0.223627 0.003433 0.130522
1 0 0.189475 0.402671 0.086493 0.000751 0.320611
4 2 0.041799 0.298617 0.204034 0.002436 0.453114
4 2 0.018316 0.270677 0.345992 0.003407 0.361607
4 2 0.102960 0.297591 0.087819 0.000662 0.510968
4 2 0.048061 0.308975 0.170077 0.001313 0.471575
1 2 0.052153 0.340545 0.315247 0.003416 0.288639
1 2 0.080587 0.382751 0.252555 0.003515 0.280593
1 2 0.118580 0.356148 0.351503 0.006630 0.167139
1 2 0.074046 0.400730 0.373796 0.006744 0.144684
2 2 0.009277 0.229322 0.588146 0.011853 0.161402
4 2 0.004776 0.135553 0.270708 0.001162 0.587801
4 2 0.002519 0.060671 0.462055 0.006949 0.467806
4 2 0.001552 0.045394 0.416238 0.003697 0.533120
2 2 0.002118 0.069835 0.539810 0.006073 0.382164
2 2 0.002739 0.074107 0.527521 0.008226 0.387407
2 2 0.000094 0.017188 0.955082 0.006794 0.020842
2 2 0.000075 0.012730 0.958788 0.007768 0.020639
2 2 0.000048 0.015622 0.958593 0.002175 0.023562
2 2 0.000032 0.011516 0.973312 0.003227 0.011913
2 2 0.000090 0.011618 0.972738 0.006434 0.009119
2 2 0.002575 0.067271 0.867673 0.029358 0.033123
2 2 0.011481 0.133707 0.725395 0.032990 0.096426
2 2 0.044601 0.274075 0.598276 0.008128 0.074921
1 0 0.153892 0.448416 0.277666 0.004713 0.115312
2 2 0.008498 0.196665 0.653277 0.032232 0.109329
2 2 0.000533 0.046106 0.899576 0.014661 0.039124
2 2 0.000299 0.032317 0.922284 0.011440 0.033660
2 2 0.000975 0.034676 0.927724 0.023690 0.012935
2 2 0.000313 0.018942 0.961687 0.011773 0.007285
2 2 0.001311 0.043032 0.906111 0.024664 0.024882
2 2 0.000959 0.076807 0.865056 0.013740 0.043438
2 2 0.000443 0.042310 0.919838 0.008050 0.029359
2 2 0.003598 0.058762 0.902627 0.010736 0.024277
2 2 0.001209 0.045197 0.927162 0.005424 0.021007
2 2 0.001065 0.052864 0.900129 0.014886 0.031055
2 2 0.000684 0.012829 0.968708 0.015367 0.002412
2 2 0.001302 0.033380 0.922522 0.027329 0.015467
2 2 0.004680 0.035723 0.905715 0.045453 0.008428
2 2 0.002504 0.025477 0.946410 0.019526 0.006083
2 2 0.001376 0.019953 0.930821 0.041105 0.006745
2 2 0.003020 0.033915 0.871794 0.084831 0.006440
2 2 0.010461 0.032301 0.820820 0.131014 0.005404
2 2 0.006357 0.038250 0.896996 0.051244 0.007152
2 2 0.003320 0.026194 0.912002 0.054098 0.004386
2 2 0.004750 0.036892 0.877518 0.071865 0.008974
2 2 0.005514 0.028116 0.861257 0.099677 0.005436
2 2 0.001589 0.015650 0.906052 0.073516 0.003192
2 2 0.002147 0.014577 0.910518 0.070780 0.001979
2 2 0.004038 0.018860 0.875864 0.099228 0.002010
2 2 0.002931 0.017706 0.771056 0.204929 0.003378
2 2 0.001084 0.018770 0.655640 0.319304 0.005202
2 2 0.000815 0.012825 0.697378 0.286490 0.002491
2 2 0.001767 0.018061 0.567319 0.408701 0.004152
2 2 0.000562 0.011169 0.556462 0.429809 0.001999
2 2 0.000750 0.012826 0.541342 0.442394 0.002687
2 2 0.001864 0.014754 0.663980 0.317238 0.002164
2 2 0.001622 0.015948 0.679857 0.300019 0.002554
2 2 0.001426 0.013146 0.596609 0.386711 0.002107
2 2 0.001314 0.015040 0.614271 0.366597 0.002778
2 2 0.001078 0.016168 0.547408 0.431934 0.003411
3 2 0.000096 0.003139 0.403005 0.593454 0.000306
3 2 0.000276 0.006071 0.395426 0.597170 0.001057
3 2 0.000198 0.004422 0.346135 0.648582 0.000663
3 2 0.000289 0.005280 0.342700 0.650688 0.001043
3 2 0.000331 0.006447 0.382532 0.609422 0.001268
3 2 0.000491 0.005205 0.202166 0.791272 0.000866
3 3 0.000244 0.004863 0.335754 0.658341 0.000798
3 3 0.000507 0.005961 0.235893 0.756606 0.001032
3 3 0.000417 0.006448 0.294479 0.697652 0.001004
3 3 0.000464 0.007608 0.337845 0.652772 0.001312
3 3 0.000492 0.004753 0.200641 0.793060 0.001054
3 3 0.000119 0.002482 0.241063 0.756064 0.000273
3 3 0.000444 0.005727 0.261106 0.731633 0.001091
3 3 0.000401 0.004170 0.199002 0.795565 0.000862
3 3 0.003223 0.010707 0.385316 0.599949 0.000805
3 3 0.003638 0.013706 0.484202 0.497556 0.000899
2 3 0.010790 0.033042 0.718699 0.235514 0.001955
2 3 0.004532 0.023772 0.491497 0.476970 0.003228
3 3 0.011647 0.017769 0.444567 0.523334 0.002682
2 3 0.005362 0.031199 0.754627 0.202466 0.006346
2 3 0.010430 0.024961 0.647954 0.313356 0.003299
2 3 0.002050 0.013493 0.868731 0.114259 0.001466
2 3 0.002349 0.025198 0.706554 0.258404 0.007495
2 3 0.001128 0.015485 0.801322 0.179191 0.002874
2 3 0.001371 0.012265 0.672595 0.311701 0.002067
2 3 0.001880 0.019084 0.589603 0.384743 0.004690
2 3 0.000591 0.013231 0.545237 0.437851 0.003090
2 3 0.002762 0.018088 0.545384 0.429532 0.004235
2 3 0.000516 0.007148 0.665376 0.325914 0.001045
3 3 0.000469 0.007561 0.469525 0.520760 0.001684
3 3 0.000352 0.005467 0.280613 0.712707 0.000860
3 3 0.000363 0.004603 0.234096 0.760102 0.000837
3 3 0.000454 0.006481 0.303219 0.688528 0.001318
3 3 0.000070 0.001876 0.322749 0.675146 0.000160
3 3 0.000144 0.004139 0.390248 0.604937 0.000532
3 3 0.000380 0.006626 0.355175 0.636504 0.001315
3 3 0.000600 0.007508 0.409760 0.580576 0.001557
3 3 0.000170 0.003267 0.273709 0.722378 0.000476
3 3 0.000272 0.004793 0.301073 0.693083 0.000779
3 3 0.000446 0.006113 0.287321 0.704876 0.001244
3 3 0.000411 0.005964 0.300353 0.692045 0.001227
3 3 0.000754 0.007838 0.366610 0.623042 0.001756
3 3 0.000340 0.008262 0.492158 0.497479 0.001762
2 3 0.000157 0.005513 0.520466 0.473053 0.000811
2 3 0.000434 0.009783 0.495907 0.491691 0.002185
3 3 0.000195 0.002897 0.217513 0.778930 0.000465
3 3 0.000493 0.003337 0.124515 0.870942 0.000713
3 3 0.000750 0.007061 0.217134 0.773653 0.001402
3 3 0.000566 0.004889 0.178378 0.815153 0.001014
3 3 0.000798 0.004115 0.136750 0.857743 0.000594
3 3 0.007286 0.027476 0.478482 0.482667 0.004089
3 3 0.005461 0.025402 0.288694 0.671724 0.008719
2 3 0.004912 0.039280 0.496544 0.446351 0.012912
2 3 0.069879 0.067535 0.682548 0.174452 0.005587
2 0 0.055915 0.090387 0.725008 0.120814 0.007875
1 0 0.181267 0.397387 0.221349 0.012963 0.187035
0 0 0.466767 0.302347 0.068653 0.001822 0.160411
1 0 0.197190 0.381748 0.244079 0.018425 0.158559
0 0 0.477284 0.291913 0.105371 0.003489 0.121943
1 0 0.251844 0.393801 0.170467 0.007846 0.176042
0 0 0.504075 0.253491 0.141886 0.007357 0.093191
2 0 0.063985 0.343584 0.369458 0.042104 0.180868
2 0 0.108170 0.335882 0.379583 0.032626 0.143739
1 0 0.122243 0.354890 0.348669 0.037927 0.136271
2 0 0.110508 0.313309 0.370327 0.050005 0.155851
2 0 0.191423 0.324311 0.404909 0.015884 0.063473
2 0 0.209481 0.230655 0.435671 0.070260 0.053933
1 0 0.217029 0.401344 0.292485 0.004713 0.084428
1 0 0.248981 0.354962 0.314430 0.007801 0.073825
0 0 0.369342 0.345044 0.189755 0.004072 0.091787
4 0 0.039763 0.321144 0.285547 0.007150 0.346397
2 0 0.025753 0.276277 0.353106 0.009493 0.335371
2 1 0.009547 0.189408 0.511727 0.014523 0.274796
4 1 0.030596 0.254766 0.281985 0.008380 0.424274
1 0 0.176983 0.371663 0.112648 0.001310 0.337397
1 0 0.177565 0.459724 0.224875 0.003548 0.134288
2 0 0.211833 0.346356 0.355687 0.012011 0.074111
2 0 0.136389 0.362787 0.404818 0.015622 0.080385
2 0 0.118604 0.296368 0.513540 0.022255 0.049234
1 0 0.297457 0.380793 0.196169 0.005299 0.120283
1 0 0.139616 0.385162 0.318709 0.016346 0.140167
1 0 0.075855 0.380414 0.349212 0.011991 0.182528
1 0 0.079195 0.377526 0.300589 0.034062 0.208628
1 0 0.299618 0.322599 0.187286 0.005301 0.185196
0 0 0.552724 0.262543 0.041396 0.000623 0.142713
0 0 0.589588 0.240338 0.053241 0.001193 0.115641
1 0 0.201229 0.422796 0.258904 0.005154 0.111917
2 0 0.070010 0.286958 0.587452 0.016757 0.038824
2 0 0.064234 0.309074 0.542251 0.026151 0.058290
2 1 0.120075 0.370795 0.430654 0.010232 0.068243
0 1 0.478174 0.313251 0.101909 0.001657 0.105009
0 1 0.425644 0.315527 0.115215 0.004629 0.138985
0 1 0.586848 0.244429 0.043913 0.000751 0.124059
0 0 0.605655 0.233262 0.047744 0.000951 0.112387
1 0 0.314269 0.380347 0.180483 0.004396 0.120504
1 0 0.260753 0.342056 0.165808 0.003447 0.227936
2 0 0.124098 0.329567 0.382403 0.013600 0.150331
2 0 0.024802 0.246821 0.462073 0.017702 0.248603
2 0 0.029923 0.239638 0.565295 0.030945 0.134199
1 0 0.259104 0.379243 0.236993 0.005016 0.119644
4 0 0.034623 0.201094 0.069072 0.000078 0.695134
4 0 0.024311 0.189495 0.113143 0.000352 0.672699
4 0 0.012485 0.116997 0.227356 0.003676 0.639486
4 1 0.006876 0.082156 0.318226 0.008420 0.584322
4 1 0.012309 0.114197 0.160510 0.001116 0.711868
4 1 0.009250 0.090713 0.092532 0.000450 0.807054
4 4 0.005308 0.067323 0.072981 0.000163 0.854225
4 4 0.006259 0.075365 0.094820 0.000451 0.823105
4 4 0.006180 0.069877 0.055491 0.000061 0.868390
4 4 0.007140 0.074608 0.053684 0.000056 0.864513
4 4 0.004120 0.063607 0.178031 0.002048 0.752194
4 4 0.003165 0.055349 0.162806 0.001230 0.777450
4 4 0.003734 0.060490 0.185657 0.002029 0.748090
4 4 0.005129 0.070172 0.142708 0.001212 0.780779
4 4 0.003468 0.058218 0.164562 0.001507 0.772245
4 4 0.003157 0.055174 0.246549 0.003073 0.692047
4 4 0.003698 0.060153 0.162913 0.001567 0.771670
4 4 0.003259 0.055935 0.139510 0.000911 0.800385
4 4 0.004645 0.065626 0.100095 0.000522 0.829113
4 4 0.003402 0.056630 0.206783 0.001397 0.731788
4 4 0.132627 0.268112 0.042256 0.000095 0.556910
4 4 0.013313 0.105270 0.075419 0.000229 0.805769
4 4 0.012058 0.099823 0.071950 0.000187 0.815982
4 4 0.012995 0.103595 0.072767 0.000199 0.810445
4 4 0.012055 0.099292 0.069086 0.000160 0.819407
4 4 0.005312 0.071917 0.141503 0.001501 0.779767
4 4 0.005841 0.080158 0.312394 0.007465 0.594142
4 4 0.007947 0.086819 0.289823 0.010495 0.604916
4 4 0.006974 0.081581 0.282753 0.008726 0.619966
4 4 0.006964 0.082353 0.243834 0.006308 0.660541
4 4 0.003014 0.080116 0.406591 0.004422 0.505856
4 4 0.003762 0.058704 0.341457 0.007494 0.588583
4 4 0.006143 0.073329 0.081685 0.000256 0.838587
4 4 0.004549 0.065691 0.127747 0.000842 0.801171
4 4 0.005594 0.073843 0.202232 0.002985 0.715346
4 4 0.003330 0.056883 0.225510 0.002685 0.711592
4 4 0.002561 0.054644 0.398818 0.006001 0.537976
4 4 0.002812 0.058560 0.441344 0.008037 0.489247
4 4 0.003464 0.057437 0.279485 0.004377 0.655236
4 4 0.002906 0.049871 0.413797 0.009615 0.523811
4 4 0.001237 0.043443 0.446417 0.003133 0.505770
2 4 0.001870 0.058284 0.528537 0.006177 0.405133
4 4 0.001487 0.055304 0.381123 0.001996 0.560091
2 4 0.003883 0.091181 0.462088 0.007734 0.435114
2 4 0.000848 0.038104 0.610982 0.004634 0.345431
2 4 0.004310 0.085228 0.634237 0.027784 0.248440
2 2 0.012237 0.125138 0.420671 0.026734 0.415220
2 2 0.003851 0.070973 0.567056 0.020511 0.337608
2 2 0.003498 0.096517 0.612432 0.013428 0.274125
2 2 0.007923 0.115404 0.434911 0.016680 0.425081
4 2 0.002266 0.051988 0.463489 0.007519 0.474738
4 2 0.003069 0.054498 0.371341 0.007099 0.563994
4 2 0.003205 0.064335 0.407509 0.007170 0.517782
2 2 0.002026 0.063828 0.602613 0.009054 0.322478
2 2 0.002919 0.060023 0.524311 0.012921 0.399828
2 2 0.005671 0.094243 0.559596 0.023771 0.316719
4 2 0.023536 0.215503 0.257855 0.003215 0.499892
4 2 0.029620 0.295113 0.252568 0.000922 0.421776
4 2 0.013443 0.121306 0.248056 0.004622 0.612573
2 2 0.019166 0.228690 0.417305 0.008144 0.326694
2 2 0.003496 0.085491 0.595078 0.014728 0.301207
2 2 0.003097 0.089347 0.588067 0.010544 0.308945
2 2 0.001802 0.081192 0.776290 0.015190 0.125526
2 2 0.002193 0.073382 0.626351 0.009473 0.288602
2 2 0.003557 0.105095 0.523626 0.007375 0.360346
2 2 0.000107 0.018312 0.960004 0.002661 0.018916
2 2 0.000113 0.028648 0.930901 0.002302 0.038036
2 2 0.000145 0.020081 0.940330 0.007928 0.031516
2 2 0.000191 0.022100 0.954106 0.003714 0.019890
2 2 0.000170 0.024918 0.937181 0.007332 0.030399
2 2 0.000067 0.010114 0.959275 0.024608 0.005936
2 2 0.000151 0.009505 0.972742 0.012770 0.004832
2 2 0.000064 0.010252 0.963627 0.020456 0.005601
2 2 0.000080 0.008521 0.964349 0.023161 0.003889
2 2 0.000302 0.026024 0.928689 0.021707 0.023278
2 2 0.000049 0.004678 0.952819 0.041498 0.000956
2 2 0.000105 0.008427 0.918403 0.070503 0.002563
2 2 0.000116 0.006116 0.953209 0.039336 0.001223
2 2 0.000093 0.004922 0.951120 0.042803 0.001061
2 2 0.000286 0.013802 0.902822 0.078739 0.004352
2 2 0.000042 0.003301 0.883493 0.112700 0.000465
2 2 0.000057 0.004872 0.829892 0.163893 0.001286
2 2 0.000015 0.001243 0.932748 0.065872 0.000121
2 2 0.000023 0.002320 0.844536 0.152716 0.000405
2 2 0.000088 0.005905 0.818369 0.174142 0.001496
2 2 0.000037 0.001741 0.674217 0.323882 0.000123
2 2 0.000095 0.002050 0.598903 0.398796 0.000156
2 2 0.000040 0.002107 0.610576 0.387046 0.000231
2 2 0.000095 0.003052 0.669736 0.326830 0.000286
2 2 0.000044 0.001844 0.702013 0.295921 0.000179
3 2 0.000117 0.002536 0.428403 0.568736 0.000207
3 2 0.000065 0.001049 0.124807 0.873990 0.000089
3 2 0.000022 0.000678 0.190211 0.809034 0.000055
3 2 0.000035 0.000888 0.190088 0.808902 0.000087
3 2 0.000137 0.001420 0.104192 0.894085 0.000165
3 2 0.000256 0.001774 0.084205 0.913511 0.000255
3 2 0.000247 0.002147 0.116928 0.880346 0.000333
3 2 0.000142 0.000998 0.064797 0.933935 0.000128
3 2 0.000114 0.001057 0.080550 0.918166 0.000114
3 2 0.000060 0.000732 0.081847 0.917299 0.000062
3 3 0.000177 0.001041 0.058275 0.940355 0.000152
3 3 0.000105 0.000614 0.045009 0.954190 0.000082
3 3 0.000137 0.000621 0.037576 0.961566 0.000099
3 3 0.000182 0.001682 0.100296 0.897643 0.000197
3 3 0.000212 0.000951 0.045915 0.952758 0.000164
3 3 0.000245 0.000865 0.037615 0.961094 0.000181
3 3 0.000213 0.001501 0.078892 0.919187 0.000207
3 3 0.000024 0.000408 0.077935 0.921607 0.000025
3 3 0.000161 0.000632 0.034173 0.964923 0.000112
3 3 0.000085 0.000528 0.043716 0.955606 0.000066
3 3 0.000442 0.001023 0.029638 0.968615 0.000281
3 3 0.000207 0.000703 0.032538 0.966414 0.000139
3 3 0.000415 0.000926 0.027530 0.970873 0.000256
3 3 0.000198 0.000483 0.021303 0.977904 0.000113
3 3 0.000391 0.000711 0.020883 0.977799 0.000216
3 3 0.000300 0.000628 0.021719 0.977183 0.000170
3 3 0.000121 0.000422 0.025871 0.973511 0.000075
3 3 0.000364 0.000798 0.025265 0.973356 0.000218
3 3 0.000405 0.000705 0.020149 0.978521 0.000220
3 3 0.000477 0.000835 0.021959 0.976460 0.000268
3 3 0.000397 0.000692 0.019950 0.978746 0.000216
3 3 0.000272 0.000806 0.031490 0.967253 0.000180
3 3 0.000135 0.000419 0.023701 0.975664 0.000081
3 3 0.000232 0.000566 0.023067 0.975999 0.000135
3 3 0.000190 0.000462 0.020793 0.978449 0.000107
3 3 0.000366 0.000637 0.019123 0.979679 0.000196
3 3 0.000653 0.001151 0.025838 0.971971 0.000388
3 3 0.000387 0.000673 0.019676 0.979056 0.000209
3 3 0.000882 0.001568 0.030214 0.966782 0.000554
3 3 0.000759 0.001344 0.027950 0.969482 0.000464
3 3 0.000316 0.000548 0.017710 0.981262 0.000165
3 3 0.000200 0.000343 0.013942 0.985419 0.000096
3 3 0.000347 0.000603 0.018606 0.980259 0.000184
3 3 0.000153 0.000260 0.012105 0.987413 0.000070
3 3 0.000339 0.000588 0.018359 0.980536 0.000179
3 3 0.000366 0.000636 0.019111 0.979692 0.000196
3 3 0.000443 0.000774 0.021119 0.977419 0.000245
3 3 0.000356 0.000618 0.018841 0.979995 0.000189
3 3 0.000241 0.000416 0.015386 0.983837 0.000120
3 3 0.000249 0.000429 0.015629 0.983569 0.000124
3 3 0.000571 0.001004 0.024107 0.973987 0.000331
3 3 0.000171 0.000340 0.015475 0.983929 0.000086
3 3 0.000077 0.000146 0.009852 0.989891 0.000033
3 3 0.000086 0.000155 0.009837 0.989885 0.000037
3 3 0.000243 0.000418 0.015428 0.983791 0.000120
3 3 0.000098 0.000261 0.016819 0.982771 0.000052
3 3 0.000295 0.000510 0.017075 0.981969 0.000152
3 3 0.000096 0.000246 0.015837 0.983772 0.000049
3 3 0.000182 0.000431 0.019703 0.979583 0.000101
3 3 0.000270 0.000466 0.016320 0.982806 0.000137
3 3 0.000238 0.000410 0.015277 0.983957 0.000118
3 3 0.000397 0.000691 0.019943 0.978754 0.000215
3 3 0.000406 0.000708 0.020182 0.978483 0.000221
3 3 0.000276 0.000476 0.016495 0.982613 0.000140
3 3 0.000353 0.000614 0.018771 0.980074 0.000188
3 3 0.000299 0.000521 0.017349 0.981677 0.000155
3 3 0.000266 0.000460 0.016197 0.982942 0.000135
3 3 0.000196 0.000335 0.013787 0.985589 0.000093
3 3 0.000165 0.000318 0.014587 0.984849 0.000081
3 3 0.000306 0.000589 0.019830 0.979108 0.000167
3 3 0.000570 0.001003 0.024092 0.974004 0.000331
3 3 0.000468 0.000818 0.021726 0.976726 0.000262
3 3 0.000296 0.000513 0.017124 0.981915 0.000153
3 3 0.000320 0.000555 0.017839 0.981118 0.000167
3 3 0.000383 0.000667 0.019576 0.979167 0.000207
3 3 0.000450 0.000787 0.021296 0.977218 0.000250
3 3 0.000183 0.000313 0.013323 0.986094 0.000087
3 3 0.000200 0.000343 0.013944 0.985417 0.000096
3 3 0.000220 0.000377 0.014647 0.984649 0.000107
3 3 0.000222 0.000381 0.014725 0.984563 0.000108
3 3 0.000519 0.000910 0.022928 0.975348 0.000296
3 3 0.000180 0.000307 0.013184 0.986245 0.000084
3 3 0.000417 0.000727 0.020461 0.978167 0.000228
3 3 0.000414 0.000722 0.020389 0.978248 0.000227
3 3 0.000492 0.000862 0.022316 0.976051 0.000278
3 3 0.000231 0.000397 0.015023 0.984236 0.000113
3 3 0.000277 0.000478 0.016519 0.982586 0.000141
3 3 0.000344 0.000598 0.018517 0.980359 0.000182
3 3 0.000733 0.001872 0.042715 0.954147 0.000533
3 3 0.000360 0.002514 0.099948 0.896797 0.000381
3 0 0.086098 0.068272 0.380695 0.449583 0.015352
2 0 0.024516 0.102257 0.440360 0.387870 0.044997
3 2 0.014886 0.076340 0.413716 0.436487 0.058571
3 2 0.022006 0.068319 0.307785 0.526304 0.075586
2 2 0.094543 0.113938 0.451441 0.297607 0.042471
0 2 0.522690 0.270143 0.056105 0.001503 0.149559
1 2 0.070251 0.349865 0.236112 0.008660 0.335112
1 2 0.074989 0.336179 0.267354 0.029334 0.292145
2 2 0.065100 0.288747 0.332373 0.032248 0.281532
4 2 0.058314 0.299657 0.290047 0.022685 0.329297
4 2 0.009099 0.141344 0.396598 0.012372 0.440586
4 2 0.010159 0.178690 0.356759 0.008199 0.446193
2 2 0.007148 0.143628 0.430687 0.009545 0.408992
2 2 0.006918 0.135952 0.567083 0.018300 0.271747
2 2 0.011785 0.226935 0.525156 0.011425 0.224699
4 2 0.025201 0.247131 0.156556 0.000439 0.570672
4 2 0.008030 0.091003 0.124022 0.001102 0.775842
4 2 0.004998 0.069849 0.233565 0.004206 0.687382
4 2 0.005656 0.074409 0.163810 0.002084 0.754041
4 2 0.003419 0.058873 0.369423 0.007473 0.560813
4 2 0.004198 0.070344 0.340355 0.006668 0.578435
4 2 0.005040 0.090188 0.413445 0.009588 0.481739
2 2 0.009046 0.166882 0.532164 0.006003 0.285906
4 2 0.005377 0.073874 0.260427 0.005439 0.654883
2 2 0.004337 0.067668 0.492050 0.018367 0.417578
4 2 0.003209 0.055922 0.159565 0.001325 0.779978
4 2 0.002355 0.047514 0.136773 0.000754 0.812605
4 4 0.002527 0.049003 0.115618 0.000594 0.832258
4 4 0.002335 0.046942 0.109617 0.000504 0.840601
4 4 0.003134 0.053017 0.084233 0.000253 0.859362
2 4 0.003543 0.074817 0.533230 0.013370 0.375039
4 4 0.005967 0.088289 0.406210 0.012948 0.486586
4 4 0.004379 0.078625 0.396049 0.008421 0.512526
2 4 0.004029 0.075766 0.469974 0.011735 0.438496
2 4 0.004117 0.081382 0.588085 0.020845 0.305570
4 4 0.014507 0.116562 0.278379 0.017729 0.572823
4 4 0.015947 0.130960 0.365881 0.032713 0.454501
4 4 0.015274 0.117369 0.305805 0.017972 0.543580
4 4 0.021642 0.138433 0.377067 0.028000 0.434858
4 4 0.012696 0.121195 0.398783 0.026661 0.440665
2 4 0.002267 0.065022 0.504749 0.006428 0.421534
4 4 0.003422 0.073437 0.369776 0.005160 0.548205
4 4 0.002636 0.057484 0.429555 0.006913 0.503412
4 4 0.003636 0.069755 0.394952 0.007305 0.524352
2 4 0.001659 0.060904 0.653872 0.008959 0.274607
4 4 0.011680 0.100385 0.371783 0.029314 0.486838
2 4 0.014630 0.144967 0.413519 0.024186 0.402698
4 4 0.025524 0.224883 0.299262 0.006718 0.443613
4 0 0.082266 0.250482 0.317914 0.009344 0.339995
4 2 0.040119 0.241194 0.207656 0.006731 0.504300
2 2 0.017688 0.218935 0.535274 0.028594 0.199508
2 2 0.067210 0.290682 0.477815 0.020944 0.143348
2 2 0.025717 0.175928 0.442732 0.052527 0.303097
2 2 0.084183 0.183010 0.601315 0.045007 0.086485
2 2 0.114112 0.315447 0.386290 0.010250 0.173900
2 2 0.024027 0.188771 0.500578 0.038276 0.248348
2 2 0.034378 0.223051 0.405517 0.026551 0.310503
4 2 0.055315 0.207624 0.253804 0.020003 0.463255
2 2 0.087087 0.314284 0.376249 0.019370 0.203011
2 2 0.075593 0.249103 0.418654 0.030803 0.225847
2 2 0.160513 0.311960 0.337402 0.044039 0.146085
0 2 0.413701 0.261799 0.209985 0.020806 0.093709
1 2 0.135785 0.368875 0.308825 0.035348 0.151167
0 2 0.479044 0.262002 0.152484 0.010137 0.096332
1 2 0.230356 0.334182 0.261785 0.020306 0.153370
4 2 0.010464 0.096065 0.091204 0.000440 0.801826
4 2 0.005711 0.089228 0.129624 0.000581 0.774856
4 2 0.003593 0.061614 0.145640 0.001156 0.787997
4 2 0.003843 0.106347 0.203906 0.000470 0.685435
4 2 0.004401 0.086153 0.162894 0.000950 0.745602
4 2 0.007255 0.140296 0.325584 0.003291 0.523574
4 2 0.005629 0.092081 0.199710 0.002397 0.700183
4 2 0.003431 0.093140 0.421763 0.004757 0.476908
4 2 0.004744 0.100619 0.257618 0.002532 0.634488
2 2 0.001964 0.063898 0.669458 0.012353 0.252326
4 2 0.004558 0.068051 0.194104 0.002587 0.730700
4 2 0.009605 0.128526 0.144440 0.000592 0.716837
4 2 0.005507 0.078612 0.257802 0.003725 0.654355
4 2 0.004590 0.067126 0.207534 0.003055 0.717695
4 2 0.005625 0.073415 0.155609 0.001406 0.763945
4 2 0.021457 0.137792 0.278850 0.013967 0.547933
4 2 0.021693 0.140606 0.186714 0.004417 0.646570
2 2 0.009979 0.123397 0.451551 0.020131 0.394942
4 2 0.187229 0.309977 0.078105 0.000389 0.424299
4 0 0.074155 0.374197 0.145424 0.000890 0.405333
2 2 0.003718 0.118292 0.534968 0.007085 0.335936
2 2 0.003252 0.106627 0.571085 0.007959 0.311076
2 2 0.002046 0.105108 0.674951 0.006386 0.211510
2 2 0.001473 0.074547 0.761801 0.010332 0.151848
2 2 0.000828 0.058980 0.814027 0.007573 0.118591
2 2 0.000213 0.037194 0.907753 0.003437 0.051403
2 2 0.000337 0.044004 0.886643 0.004701 0.064315
2 2 0.000519 0.069864 0.774349 0.001838 0.153431
2 2 0.000121 0.026403 0.931996 0.003003 0.038476
2 2 0.000386 0.055461 0.856727 0.003052 0.084374
2 2 0.000204 0.018103 0.961852 0.012727 0.007114
2 2 0.000334 0.024069 0.919142 0.039903 0.016553
2 2 0.000270 0.019215 0.952406 0.020289 0.007819
2 2 0.000355 0.029197 0.922588 0.029903 0.017957
2 2 0.000977 0.036779 0.910105 0.033256 0.018882
2 2 0.000937 0.036171 0.926250 0.023384 0.013258
2 2 0.001913 0.040317 0.925616 0.015698 0.016456
2 2 0.003231 0.059383 0.919258 0.005747 0.012383
2 2 0.000789 0.050139 0.888644 0.026480 0.033947
2 2 0.001038 0.065435 0.887801 0.020800 0.024925
2 2 0.000221 0.018686 0.931794 0.038625 0.010674
2 2 0.000230 0.018804 0.941319 0.030279 0.009368
2 2 0.000458 0.012640 0.955757 0.027807 0.003338
2 2 0.000804 0.024311 0.919186 0.046848 0.008851
2 2 0.000373 0.012095 0.957103 0.027204 0.003225
2 2 0.001249 0.019879 0.908990 0.065883 0.004000
2 2 0.001748 0.018677 0.861745 0.115380 0.002450
2 2 0.000920 0.016459 0.863207 0.115861 0.003552
2 2 0.007078 0.026110 0.909319 0.054389 0.003104
2 2 0.001076 0.014283 0.881183 0.101329 0.002129
2 2 0.001381 0.017424 0.787384 0.190697 0.003114
2 2 0.000831 0.012733 0.805430 0.179232 0.001774
2 2 0.003696 0.022285 0.814450 0.156014 0.003555
2 2 0.002316 0.018407 0.838910 0.137943 0.002425
2 2 0.008218 0.032209 0.720760 0.232245 0.006568
2 2 0.000876 0.018664 0.813509 0.163496 0.003454
2 2 0.002222 0.021931 0.807121 0.164838 0.003888
2 2 0.004356 0.022127 0.817175 0.152814 0.003527
2 2 0.001949 0.019610 0.888740 0.086108 0.003593
2 2 0.001531 0.024210 0.762057 0.207193 0.005010
2 2 0.001266 0.011674 0.805638 0.179963 0.001459
2 2 0.000535 0.013612 0.606883 0.375732 0.003237
2 2 0.000348 0.008147 0.544950 0.445208 0.001346
2 2 0.000652 0.013511 0.654055 0.329399 0.002384
2 2 0.000472 0.007188 0.723469 0.268109 0.000761
2 2 0.001418 0.019196 0.538178 0.436581 0.004628
2 2 0.001497 0.015792 0.667299 0.312433 0.002979
2 2 0.002163 0.018292 0.715558 0.261016 0.002971
2 2 0.001258 0.011057 0.741748 0.244613 0.001325
2 2 0.001726 0.013283 0.624789 0.358360 0.001842
2 2 0.000447 0.008392 0.501339 0.488026 0.001797
2 2 0.000431 0.010471 0.536746 0.449873 0.002479
2 2 0.000417 0.008332 0.511238 0.478504 0.001509
2 2 0.001052 0.011891 0.512373 0.472638 0.002046
2 2 0.000764 0.010472 0.501287 0.486262 0.001215
2 2 0.001152 0.018081 0.643426 0.333064 0.004277
2 2 0.008570 0.020036 0.601838 0.366987 0.002569
2 2 0.000326 0.009171 0.760012 0.229204 0.001286
2 2 0.000951 0.018622 0.749404 0.226446 0.004577
2 2 0.001001 0.026690 0.734207 0.227810 0.010292
2 2 0.000229 0.007971 0.728914 0.261346 0.001539
2 2 0.000167 0.005850 0.560558 0.432677 0.000748
2 2 0.000288 0.009011 0.601886 0.386653 0.002161
2 2 0.000363 0.013603 0.719769 0.262680 0.003586
2 2 0.000336 0.006945 0.630419 0.361351 0.000949
2 2 0.000091 0.003113 0.615106 0.381352 0.000337
2 2 0.001654 0.019787 0.718114 0.255702 0.004744
2 2 0.000412 0.013374 0.679336 0.303231 0.003647
2 2 0.000095 0.004782 0.603465 0.390964 0.000694
2 2 0.000189 0.005730 0.654094 0.339244 0.000742
2 2 0.001230 0.014049 0.498258 0.483635 0.002828
2 2 0.000655 0.009629 0.518689 0.469428 0.001599
2 2 0.000238 0.005886 0.637515 0.355532 0.000829
2 2 0.000368 0.007669 0.610004 0.381029 0.000929
3 2 0.000656 0.011160 0.427259 0.558599 0.002325
3 2 0.000353 0.008282 0.446135 0.543868 0.001362
3 2 0.000177 0.004996 0.399546 0.594679 0.000602
3 2 0.000328 0.004985 0.264142 0.729785 0.000760
3 2 0.000253 0.007167 0.482123 0.509327 0.001131
3 2 0.000426 0.008448 0.417016 0.572491 0.001620
3 2 0.000103 0.002739 0.325748 0.671158 0.000250
3 2 0.000142 0.003062 0.283100 0.713295 0.000400
3 2 0.000125 0.003567 0.362822 0.633056 0.000429
2 2 0.000271 0.005887 0.529147 0.463919 0.000776
3 2 0.000297 0.004935 0.282492 0.711528 0.000747
3 2 0.000281 0.005277 0.301170 0.692599 0.000672
3 2 0.000047 0.001492 0.270594 0.727732 0.000135
3 2 0.000247 0.004711 0.286110 0.708390 0.000541
3 2 0.000432 0.006962 0.346455 0.644684 0.001467
3 2 0.000120 0.004029 0.391194 0.604292 0.000365
3 2 0.000182 0.002212 0.151835 0.845480 0.000291
3 2 0.000039 0.000834 0.143032 0.856033 0.000063
3 2 0.000333 0.004917 0.252026 0.742006 0.000717
3 2 0.000244 0.004043 0.270497 0.724561 0.000656
3 2 0.000173 0.003412 0.274518 0.721537 0.000360
3 2 0.000116 0.001989 0.186725 0.810953 0.000217
3 2 0.000072 0.001558 0.192580 0.805654 0.000136
3 2 0.000151 0.001720 0.135349 0.862529 0.000251
3 2 0.000273 0.003257 0.185882 0.810069 0.000518
3 2 0.000276 0.002218 0.103870 0.893337 0.000299
3 2 0.000407 0.004357 0.188265 0.806274 0.000697
3 2 0.000510 0.003840 0.132631 0.862367 0.000652
3 2 0.000159 0.002984 0.244676 0.751811 0.000370
3 2 0.000146 0.001461 0.099034 0.899200 0.000159
3 2 0.000267 0.002543 0.127263 0.869591 0.000335
3 2 0.000177 0.002394 0.172419 0.824695 0.000314
3 2 0.000571 0.003486 0.107263 0.888049 0.000631
3 2 0.000201 0.002551 0.172027 0.824856 0.000365
3 2 0.000285 0.003699 0.200685 0.794811 0.000520
3 2 0.000104 0.001360 0.120723 0.877679 0.000135
3 2 0.000193 0.001967 0.115476 0.882141 0.000223
3 2 0.000265 0.002866 0.146527 0.849989 0.000353
3 2 0.000225 0.002214 0.119720 0.877581 0.000260
3 2 0.000220 0.001846 0.102461 0.895212 0.000261
3 2 0.000229 0.002705 0.162597 0.834094 0.000375
3 2 0.000238 0.001736 0.091151 0.906603 0.000272
3 2 0.000298 0.001953 0.084809 0.912644 0.000296
3 2 0.000265 0.001613 0.073596 0.924277 0.000248
3 2 0.000420 0.002679 0.099862 0.896581 0.000458
3 2 0.000678 0.004137 0.122439 0.871863 0.000882
3 3 0.000090 0.001213 0.118002 0.880577 0.000118
3 3 0.000468 0.002371 0.078761 0.917943 0.000457
3 3 0.000172 0.002080 0.142274 0.855226 0.000248
3 3 0.000052 0.000712 0.095261 0.903908 0.000067
3 3 0.000109 0.001104 0.096804 0.901839 0.000144
3 3 0.000750 0.001884 0.042339 0.954484 0.000543
3 3 0.000321 0.001348 0.051901 0.946171 0.000259
3 3 0.000275 0.001632 0.072574 0.925263 0.000256
3 3 0.000368 0.001319 0.045927 0.952106 0.000281
3 3 0.000381 0.002063 0.076179 0.921018 0.000359
3 3 0.000675 0.002413 0.061294 0.935045 0.000572
3 3 0.000115 0.000512 0.037631 0.961641 0.000102
3 3 0.000096 0.000652 0.051362 0.947810 0.000080
3 3 0.000037 0.000479 0.071455 0.927992 0.000037
3 3 0.000070 0.000885 0.098038 0.900920 0.000087
3 3 0.000207 0.001008 0.050215 0.948404 0.000166
3 3 0.000053 0.000234 0.022847 0.976834 0.000032
3 3 0.000265 0.000936 0.038477 0.960132 0.000190
3 3 0.000247 0.000803 0.033647 0.965136 0.000168
3 3 0.000312 0.001048 0.039203 0.959213 0.000224
3 3 0.000025 0.000163 0.026423 0.973372 0.000017
3 3 0.000016 0.000170 0.036276 0.963525 0.000012
3 3 0.000064 0.000521 0.052466 0.946895 0.000054
3 3 0.000377 0.000757 0.023096 0.975552 0.000218
3 3 0.000177 0.000559 0.027512 0.971640 0.000112
3 3 0.000121 0.000742 0.050822 0.948215 0.000100
3 3 0.000233 0.001093 0.050719 0.947766 0.000188
3 3 0.000077 0.000459 0.039384 0.960022 0.000058
3 3 0.000042 0.000243 0.028230 0.971457 0.000028
3 3 0.000641 0.001707 0.042080 0.955107 0.000465
3 3 0.001972 0.016696 0.302648 0.673943 0.004741
3 3 0.002638 0.010283 0.160205 0.821662 0.005213
3 3 0.002648 0.023137 0.376239 0.589233 0.008742
2 3 0.008779 0.040024 0.581581 0.365352 0.004264
3 3 0.001998 0.016476 0.341525 0.632763 0.007238
2 3 0.044568 0.126561 0.370804 0.326537 0.131530
3 3 0.035992 0.108462 0.373176 0.374177 0.108192
0 0 0.609841 0.183619 0.137559 0.011649 0.057332
0 0 0.610696 0.203651 0.109015 0.006152 0.070486
2 2 0.182360 0.334511 0.404460 0.014102 0.064567
2 2 0.004931 0.139257 0.696427 0.028270 0.131115
2 2 0.005182 0.072339 0.698396 0.109090 0.114992
2 2 0.005953 0.079687 0.662541 0.079012 0.172808
2 2 0.011540 0.176390 0.614855 0.069884 0.127331
2 2 0.005579 0.087574 0.645962 0.048840 0.212044
2 2 0.002908 0.054877 0.706945 0.044144 0.191126
2 2 0.004246 0.077812 0.624339 0.029535 0.264068
2 2 0.006477 0.120709 0.582014 0.025459 0.265342
2 2 0.067709 0.244908 0.554912 0.011256 0.121215
2 2 0.006772 0.187481 0.559891 0.013066 0.232790
2 4 0.002911 0.065357 0.634539 0.020340 0.276853
2 4 0.004080 0.053749 0.538760 0.031616 0.371795
2 4 0.004090 0.055067 0.525591 0.028277 0.386975
2 4 0.003556 0.066911 0.604799 0.024114 0.300619
2 4 0.002847 0.051031 0.492254 0.013729 0.440139
2 4 0.005952 0.105692 0.530103 0.019585 0.338668
