0 0 0.986558 0.012132 0.000408 0.000048 0.000854
0 0 0.978234 0.019124 0.000781 0.000076 0.001785
0 0 0.990008 0.008991 0.000424 0.000185 0.000393
0 0 0.984257 0.014078 0.000652 0.000131 0.000882
0 0 0.991338 0.007956 0.000279 0.000066 0.000361
0 0 0.986447 0.012207 0.000368 0.000033 0.000945
0 0 0.985617 0.012898 0.000404 0.000038 0.001043
0 0 0.986341 0.012230 0.000401 0.000049 0.000978
0 0 0.984803 0.013545 0.000367 0.000023 0.001262
0 0 0.941048 0.047900 0.002993 0.000204 0.007855
0 0 0.993858 0.005451 0.000263 0.000270 0.000158
0 0 0.984880 0.013420 0.000759 0.000259 0.000683
0 0 0.983934 0.014252 0.000796 0.000242 0.000776
0 0 0.981098 0.016165 0.001271 0.000713 0.000754
0 0 0.978724 0.017908 0.001410 0.000849 0.001109
0 0 0.989870 0.008921 0.000486 0.000339 0.000384
0 0 0.988266 0.010305 0.000581 0.000356 0.000493
0 0 0.988717 0.009927 0.000612 0.000391 0.000352
0 0 0.990176 0.008874 0.000425 0.000178 0.000347
0 0 0.991814 0.007069 0.000402 0.000464 0.000251
0 0 0.986214 0.012378 0.000521 0.000107 0.000780
0 0 0.979242 0.018258 0.000980 0.000195 0.001324
0 0 0.987980 0.010904 0.000412 0.000074 0.000630
0 0 0.990525 0.008657 0.000336 0.000090 0.000392
0 0 0.982372 0.015686 0.000596 0.000065 0.001281
0 0 0.986567 0.011593 0.000151 0.000002 0.001687
0 1 0.943859 0.041656 0.000950 0.000008 0.013528
0 0 0.987487 0.011014 0.000171 0.000004 0.001325
0 0 0.981466 0.015814 0.000278 0.000005 0.002438
0 0 0.986197 0.011926 0.000164 0.000002 0.001711
4 1 0.208587 0.127242 0.002055 0.000000 0.662116
4 1 0.174279 0.129735 0.002559 0.000000 0.693427
4 1 0.170549 0.141690 0.003602 0.000001 0.684159
4 1 0.085392 0.117756 0.003593 0.000000 0.793259
4 1 0.055898 0.123066 0.006633 0.000002 0.814402
4 1 0.111349 0.136083 0.004631 0.000001 0.747936
4 1 0.143252 0.149866 0.005181 0.000001 0.701700
4 1 0.153806 0.147295 0.004554 0.000001 0.694345
4 4 0.113461 0.133695 0.004262 0.000001 0.748581
4 4 0.102377 0.133824 0.004740 0.000001 0.759058
4 4 0.142883 0.203336 0.016514 0.000020 0.637247
4 4 0.170131 0.210661 0.016259 0.000021 0.602928
4 4 0.150351 0.212550 0.018775 0.000027 0.618296
0 4 0.598596 0.198921 0.012142 0.000030 0.190312
4 4 0.227513 0.204580 0.011567 0.000011 0.556328
4 4 0.219779 0.159881 0.004597 0.000001 0.615742
4 4 0.065106 0.121569 0.005376 0.000001 0.807948
4 4 0.072257 0.139848 0.008004 0.000003 0.779889
4 4 0.107766 0.149204 0.006709 0.000002 0.736318
4 4 0.060410 0.124521 0.006359 0.000002 0.808708
4 4 0.043482 0.132257 0.011394 0.000005 0.812862
4 4 0.043320 0.123082 0.008802 0.000003 0.824793
4 4 0.035924 0.126912 0.012155 0.000006 0.825003
4 4 0.126698 0.163983 0.008130 0.000004 0.701186
4 4 0.029685 0.109991 0.008985 0.000003 0.851336
4 4 0.078645 0.183100 0.020061 0.000024 0.718169
4 4 0.118925 0.188168 0.014560 0.000013 0.678333
4 4 0.085370 0.187423 0.020113 0.000025 0.707069
4 4 0.259095 0.209685 0.011757 0.000013 0.519450
4 4 0.162267 0.209167 0.016465 0.000021 0.612081
4 4 0.035608 0.162488 0.028056 0.000010 0.773837
4 4 0.040609 0.157889 0.026496 0.000046 0.774960
4 4 0.054499 0.174183 0.021013 0.000002 0.750303
4 4 0.044827 0.158261 0.021454 0.000024 0.775434
4 4 0.049362 0.143598 0.013383 0.000008 0.793649
4 4 0.154159 0.215008 0.019218 0.000029 0.611586
4 4 0.120046 0.206279 0.020628 0.000031 0.653016
4 4 0.190329 0.209083 0.014390 0.000017 0.586181
4 4 0.177859 0.203611 0.013695 0.000014 0.604820
4 4 0.220779 0.212507 0.013737 0.000017 0.552961
4 4 0.139764 0.158708 0.006557 0.000002 0.694969
4 1 0.137349 0.160231 0.006907 0.000003 0.695511
4 1 0.138410 0.151984 0.005634 0.000002 0.703970
4 1 0.113452 0.166286 0.009540 0.000005 0.710717
4 1 0.125757 0.175304 0.010527 0.000006 0.688405
0 1 0.805629 0.135442 0.015169 0.000753 0.043007
0 1 0.887028 0.085833 0.008239 0.000619 0.018280
0 0 0.938390 0.050044 0.004542 0.000689 0.006335
0 0 0.959484 0.033970 0.001695 0.000114 0.004737
0 0 0.954506 0.037971 0.002877 0.000433 0.004213
0 0 0.973620 0.022312 0.000586 0.000016 0.003465
0 0 0.976188 0.020095 0.000440 0.000009 0.003268
0 0 0.982745 0.015011 0.000311 0.000009 0.001923
0 0 0.988376 0.010427 0.000204 0.000009 0.000984
0 0 0.973468 0.022116 0.000489 0.000009 0.003917
0 0 0.968625 0.025486 0.000545 0.000008 0.005337
0 0 0.985585 0.012620 0.000221 0.000005 0.001570
0 0 0.937054 0.047107 0.001338 0.000015 0.014486
0 0 0.873224 0.083887 0.002969 0.000022 0.039898
0 0 0.979188 0.017807 0.000383 0.000009 0.002613
0 0 0.993849 0.005712 0.000154 0.000034 0.000251
0 0 0.991904 0.007455 0.000166 0.000015 0.000460
0 0 0.992243 0.007144 0.000144 0.000011 0.000458
0 0 0.987807 0.011041 0.000319 0.000030 0.000802
0 0 0.989364 0.009689 0.000257 0.000024 0.000666
0 0 0.983546 0.014672 0.000489 0.000043 0.001249
0 0 0.940853 0.047779 0.005100 0.001207 0.005060
0 0 0.990094 0.009060 0.000246 0.000027 0.000573
0 0 0.978158 0.019145 0.000712 0.000055 0.001930
0 0 0.986158 0.012480 0.000462 0.000066 0.000834
0 0 0.976545 0.020513 0.001142 0.000205 0.001594
0 0 0.974604 0.022130 0.001102 0.000137 0.002027
0 0 0.979522 0.018079 0.000791 0.000097 0.001511
0 0 0.983633 0.014628 0.000626 0.000099 0.001014
0 0 0.990233 0.008944 0.000294 0.000051 0.000478
0 0 0.994813 0.004859 0.000094 0.000011 0.000224
0 0 0.994522 0.005124 0.000106 0.000014 0.000234
0 0 0.994186 0.005426 0.000111 0.000013 0.000264
0 0 0.988878 0.010129 0.000321 0.000043 0.000629
0 0 0.992048 0.007326 0.000159 0.000014 0.000453
0 0 0.926821 0.044197 0.000474 0.000001 0.028508
0 1 0.643552 0.140149 0.003086 0.000002 0.213211
0 1 0.789412 0.099481 0.001723 0.000002 0.109382
0 1 0.708644 0.123596 0.002460 0.000002 0.165298
0 0 0.937586 0.039800 0.000446 0.000001 0.022167
0 0 0.989837 0.009292 0.000283 0.000039 0.000548
0 0 0.983919 0.014360 0.000477 0.000043 0.001201
0 0 0.990920 0.008342 0.000248 0.000037 0.000453
0 0 0.992351 0.007064 0.000160 0.000016 0.000408
0 0 0.988740 0.010247 0.000316 0.000039 0.000658
0 1 0.851441 0.094040 0.003319 0.000020 0.051180
0 4 0.802556 0.118868 0.005053 0.000032 0.073491
0 4 0.654298 0.180896 0.010763 0.000062 0.153982
0 4 0.842495 0.105735 0.005129 0.000015 0.046626
0 0 0.956186 0.034158 0.000804 0.000009 0.008843
0 0 0.985040 0.013354 0.000686 0.000189 0.000730
0 0 0.985396 0.013132 0.000509 0.000075 0.000889
0 0 0.990095 0.009067 0.000275 0.000039 0.000524
0 0 0.990048 0.009105 0.000306 0.000054 0.000487
0 0 0.990457 0.008741 0.000301 0.000060 0.000440
0 0 0.991947 0.007414 0.000161 0.000014 0.000465
0 0 0.993729 0.005831 0.000114 0.000011 0.000315
0 0 0.991603 0.007721 0.000175 0.000016 0.000484
0 0 0.989774 0.009290 0.000201 0.000013 0.000723
0 0 0.987263 0.011422 0.000260 0.000014 0.001042
4 4 0.373355 0.198204 0.008222 0.000008 0.420211
0 4 0.474047 0.192430 0.007693 0.000010 0.325820
4 4 0.180703 0.220359 0.018506 0.000030 0.580402
4 4 0.200065 0.221197 0.017340 0.000027 0.561371
4 4 0.098728 0.261397 0.071824 0.000629 0.567422
2 4 0.081202 0.299497 0.431120 0.009575 0.178607
2 2 0.063592 0.257116 0.549940 0.011871 0.117480
2 2 0.090552 0.324717 0.382289 0.001472 0.200970
2 2 0.121315 0.332417 0.336153 0.002649 0.207466
1 2 0.163672 0.349637 0.311909 0.002703 0.172080
2 2 0.032023 0.219725 0.656695 0.000367 0.091191
2 2 0.051255 0.184746 0.732784 0.001099 0.030116
2 2 0.033735 0.167373 0.752439 0.003793 0.042660
2 2 0.109939 0.308208 0.476189 0.000492 0.105172
2 2 0.021666 0.152714 0.782851 0.001688 0.041081
2 2 0.100343 0.205751 0.655724 0.011501 0.026680
2 2 0.207490 0.187387 0.531213 0.057696 0.016214
2 2 0.196400 0.306191 0.424560 0.003399 0.069451
2 2 0.082383 0.198569 0.685051 0.007080 0.026917
2 2 0.062836 0.107794 0.782772 0.040311 0.006286
2 2 0.053039 0.194329 0.712100 0.003637 0.036896
2 2 0.075152 0.228891 0.646793 0.002508 0.046656
2 2 0.033218 0.093407 0.804568 0.059503 0.009305
2 2 0.053495 0.170525 0.747714 0.004805 0.023461
2 2 0.024313 0.075577 0.876521 0.018941 0.004648
0 1 0.480881 0.266932 0.209818 0.004122 0.038247
2 1 0.194991 0.247099 0.490891 0.033658 0.033360
2 2 0.101416 0.204750 0.593002 0.063732 0.037099
0 1 0.576824 0.248936 0.124996 0.003846 0.045399
2 2 0.235503 0.223165 0.475718 0.042253 0.023361
2 2 0.031389 0.040888 0.769442 0.157485 0.000796
2 2 0.018650 0.041600 0.813617 0.124764 0.001370
2 2 0.024815 0.038618 0.600944 0.334213 0.001410
2 2 0.015018 0.029202 0.693590 0.261364 0.000826
2 2 0.197215 0.202546 0.564353 0.021107 0.014779
0 1 0.913311 0.067103 0.004405 0.000202 0.014979
0 1 0.911321 0.066912 0.003430 0.000089 0.018248
0 4 0.899555 0.077074 0.006277 0.000382 0.016713
0 0 0.958795 0.034051 0.001346 0.000052 0.005755
0 0 0.965393 0.029199 0.001176 0.000060 0.004172
0 0 0.950080 0.038642 0.001029 0.000013 0.010236
0 0 0.937046 0.050120 0.002548 0.000101 0.010185
0 0 0.933988 0.049046 0.001413 0.000015 0.015538
0 0 0.953783 0.037215 0.001282 0.000032 0.007687
0 0 0.930688 0.055141 0.003377 0.000178 0.010616
0 0 0.989261 0.009647 0.000202 0.000012 0.000878
0 0 0.987217 0.011394 0.000227 0.000009 0.001154
0 1 0.959280 0.032365 0.000812 0.000012 0.007531
0 1 0.947434 0.041167 0.001307 0.000023 0.010070
0 1 0.927001 0.054217 0.001799 0.000023 0.016959
4 1 0.296217 0.214268 0.012002 0.000016 0.477497
0 1 0.655852 0.138360 0.003075 0.000003 0.202711
4 1 0.301629 0.212273 0.011468 0.000014 0.474616
4 1 0.183003 0.213940 0.016270 0.000022 0.586765
4 1 0.193484 0.215010 0.015876 0.000021 0.575609
4 2 0.121136 0.332442 0.194289 0.001055 0.351079
4 2 0.146376 0.331787 0.151451 0.002554 0.367832
4 2 0.131655 0.331320 0.167224 0.001198 0.368602
4 2 0.276044 0.309301 0.066579 0.000918 0.347157
4 2 0.118986 0.327877 0.152852 0.000287 0.399998
2 2 0.079389 0.181533 0.709367 0.008545 0.021166
2 2 0.126230 0.274689 0.538530 0.002564 0.057987
2 2 0.162964 0.290392 0.479982 0.004608 0.062054
2 2 0.219498 0.323472 0.378984 0.000874 0.077172
2 2 0.076035 0.220022 0.634693 0.022693 0.046555
2 2 0.070451 0.190462 0.697767 0.013223 0.028097
2 2 0.135750 0.199573 0.615992 0.025953 0.022732
2 2 0.153988 0.258815 0.535419 0.008621 0.043157
2 2 0.101206 0.170472 0.672807 0.037433 0.018081
2 2 0.207188 0.254912 0.477665 0.023296 0.036938
2 1 0.192704 0.223655 0.556420 0.007214 0.020007
2 2 0.030800 0.047372 0.851133 0.069600 0.001094
2 2 0.032006 0.058624 0.777974 0.128972 0.002423
2 2 0.021817 0.047376 0.795690 0.133317 0.001800
2 2 0.024631 0.039801 0.812664 0.121978 0.000926
2 2 0.010488 0.015132 0.685315 0.288904 0.000160
2 2 0.044432 0.041292 0.658946 0.254566 0.000763
2 2 0.010137 0.021901 0.858586 0.109014 0.000362
2 2 0.002297 0.005762 0.555142 0.436734 0.000065
2 2 0.004143 0.008983 0.562287 0.424463 0.000124
2 2 0.100869 0.092285 0.578051 0.225127 0.003668
2 2 0.058788 0.075707 0.745391 0.117566 0.002548
2 2 0.004889 0.006959 0.553047 0.435055 0.000050
2 2 0.009234 0.015902 0.599357 0.375239 0.000267
2 2 0.006250 0.009068 0.560194 0.424404 0.000083
3 2 0.004393 0.005469 0.233435 0.756628 0.000076
3 3 0.006674 0.006578 0.168426 0.818195 0.000127
3 3 0.002142 0.002285 0.105821 0.889722 0.000030
3 2 0.004340 0.004969 0.169604 0.821006 0.000082
3 2 0.002288 0.002170 0.069467 0.926034 0.000040
3 3 0.000301 0.000541 0.058177 0.940974 0.000007
3 3 0.000926 0.001224 0.054972 0.942853 0.000025
3 3 0.000500 0.000511 0.025034 0.973947 0.000008
3 3 0.002021 0.001372 0.032591 0.963989 0.000027
3 3 0.000289 0.000295 0.017333 0.982078 0.000004
3 3 0.000682 0.000534 0.039959 0.958821 0.000004
3 3 0.004857 0.002453 0.062236 0.930423 0.000031
3 3 0.001104 0.000740 0.023481 0.974662 0.000013
3 3 0.000922 0.000490 0.013880 0.984700 0.000008
3 3 0.000413 0.000399 0.022067 0.977115 0.000006
3 3 0.005120 0.003283 0.055181 0.936341 0.000074
3 2 0.010962 0.013596 0.279880 0.695219 0.000344
3 3 0.001146 0.001429 0.088503 0.908904 0.000018
3 3 0.002894 0.002747 0.097084 0.897231 0.000044
3 3 0.005487 0.005579 0.142581 0.846241 0.000113
3 3 0.002244 0.002354 0.106048 0.889322 0.000032
3 3 0.000758 0.000983 0.086813 0.911436 0.000010
3 3 0.002968 0.002544 0.070740 0.923698 0.000051
3 3 0.000939 0.000640 0.033119 0.965296 0.000006
3 3 0.002056 0.001412 0.037554 0.958952 0.000026
3 3 0.002334 0.001231 0.023546 0.972862 0.000027
3 3 0.003493 0.001055 0.018946 0.976491 0.000014
3 3 0.001726 0.001130 0.037800 0.959327 0.000017
3 3 0.002855 0.001522 0.027583 0.968005 0.000034
3 3 0.000822 0.000584 0.026226 0.972361 0.000008
3 3 0.000284 0.000283 0.019103 0.980327 0.000004
3 3 0.001565 0.000932 0.027054 0.970434 0.000015
3 3 0.003391 0.001378 0.022847 0.972358 0.000027
3 3 0.000809 0.000399 0.013992 0.984795 0.000005
3 3 0.004595 0.002813 0.050373 0.942158 0.000060
0 2 0.688894 0.183868 0.072592 0.020219 0.034426
0 1 0.766638 0.149002 0.052136 0.013416 0.018808
0 2 0.493458 0.219154 0.185438 0.071405 0.030545
0 2 0.694921 0.180526 0.082279 0.019270 0.023004
0 1 0.785166 0.146334 0.034551 0.006894 0.027056
0 1 0.867558 0.095600 0.006622 0.000195 0.030024
0 0 0.940760 0.047852 0.002683 0.000143 0.008562
0 1 0.855347 0.101659 0.006575 0.000148 0.036270
0 1 0.816157 0.126252 0.010648 0.000308 0.046636
0 1 0.817929 0.127008 0.012185 0.000472 0.042405
0 1 0.869720 0.083185 0.002531 0.000013 0.044550
0 1 0.868337 0.086561 0.003126 0.000023 0.041953
0 1 0.844691 0.097764 0.003584 0.000023 0.053939
0 1 0.687147 0.169638 0.009747 0.000060 0.133408
0 1 0.650111 0.193232 0.015068 0.000146 0.141444
0 1 0.912027 0.057680 0.001163 0.000004 0.029125
0 1 0.940449 0.043424 0.000954 0.000007 0.015166
0 1 0.903979 0.066792 0.002115 0.000018 0.027095
0 0 0.974679 0.020339 0.000295 0.000002 0.004686
0 0 0.968477 0.024885 0.000416 0.000003 0.006218
0 0 0.499750 0.184011 0.006614 0.000008 0.309617
4 1 0.219810 0.200437 0.010930 0.000010 0.568813
4 1 0.219932 0.200439 0.010927 0.000010 0.568693
4 1 0.158995 0.209840 0.016976 0.000022 0.614167
4 1 0.156598 0.193067 0.012423 0.000011 0.637901
4 1 0.178846 0.185054 0.009411 0.000006 0.626683
4 1 0.173199 0.180617 0.008811 0.000005 0.637368
4 1 0.178299 0.203016 0.013511 0.000014 0.605159
4 1 0.190663 0.191911 0.010276 0.000008 0.607143
4 1 0.076514 0.179819 0.019275 0.000022 0.724371
4 4 0.066173 0.162111 0.015220 0.000012 0.756484
4 4 0.183007 0.164749 0.005940 0.000002 0.646301
4 4 0.131448 0.168281 0.008649 0.000004 0.691617
4 4 0.141331 0.177440 0.009870 0.000006 0.671353
4 4 0.108637 0.166784 0.010073 0.000005 0.714500
4 4 0.052908 0.124486 0.007345 0.000002 0.815259
4 4 0.131348 0.141228 0.004271 0.000000 0.723153
4 4 0.096884 0.123017 0.003693 0.000001 0.776405
4 4 0.086902 0.128462 0.004833 0.000001 0.779803
4 4 0.104290 0.127742 0.003928 0.000001 0.764039
4 4 0.182951 0.227211 0.020740 0.000039 0.569059
0 4 0.513922 0.194614 0.008659 0.000016 0.282789
4 4 0.314391 0.218838 0.012801 0.000019 0.453951
4 4 0.381523 0.212527 0.010969 0.000017 0.394964
4 4 0.274865 0.216922 0.013063 0.000018 0.495133
0 4 0.518211 0.234350 0.021257 0.000162 0.226020
0 4 0.719018 0.177782 0.017250 0.000117 0.085833
0 4 0.602060 0.211869 0.021221 0.000326 0.164524
0 4 0.450471 0.251349 0.040111 0.001217 0.256853
0 4 0.659001 0.194277 0.016805 0.000209 0.129708
4 4 0.201720 0.197702 0.011037 0.000009 0.589532
4 4 0.287536 0.214587 0.012233 0.000016 0.485629
4 4 0.293574 0.206086 0.010291 0.000011 0.490039
4 4 0.330600 0.195574 0.007978 0.000007 0.465842
0 4 0.448676 0.191455 0.007317 0.000008 0.352543
0 0 0.973442 0.023042 0.001039 0.000097 0.002380
0 0 0.984798 0.013637 0.000574 0.000097 0.000895
0 0 0.991814 0.007540 0.000249 0.000055 0.000341
0 0 0.992634 0.006822 0.000188 0.000032 0.000325
0 0 0.993072 0.006429 0.000150 0.000019 0.000331
0 0 0.976585 0.019573 0.000572 0.000034 0.003236
0 0 0.922287 0.055085 0.001455 0.000011 0.021162
0 0 0.953057 0.036642 0.000960 0.000013 0.009328
0 1 0.864696 0.090044 0.003630 0.000033 0.041598
0 1 0.879831 0.081219 0.003000 0.000026 0.035923
0 0 0.467651 0.239830 0.018620 0.000022 0.273877
4 1 0.300690 0.273561 0.034631 0.000216 0.390902
4 1 0.217335 0.279042 0.044454 0.000291 0.458878
4 2 0.228810 0.283804 0.046638 0.000345 0.440403
4 2 0.192074 0.289913 0.058473 0.000528 0.459011
2 2 0.029910 0.180335 0.736256 0.002280 0.051218
2 2 0.037341 0.151981 0.771647 0.010357 0.028675
2 2 0.090835 0.234452 0.634585 0.000626 0.039502
2 2 0.107693 0.255761 0.587091 0.001053 0.048401
2 2 0.058342 0.197675 0.710213 0.000916 0.032854
2 2 0.058742 0.126895 0.791003 0.014510 0.008850
2 2 0.037999 0.079402 0.859483 0.019816 0.003299
2 2 0.059215 0.193446 0.710050 0.004245 0.033045
2 2 0.036811 0.085418 0.868569 0.005363 0.003838
2 2 0.048067 0.081991 0.853614 0.013425 0.002903
2 2 0.019822 0.061098 0.909402 0.007154 0.002523
2 2 0.018995 0.086072 0.870886 0.014462 0.009585
2 2 0.024312 0.065544 0.900455 0.007048 0.002641
2 2 0.071377 0.114786 0.807290 0.002121 0.004426
2 2 0.027869 0.049290 0.897825 0.023822 0.001194
0 0 0.835493 0.111875 0.041299 0.002758 0.008574
0 1 0.394548 0.240232 0.269559 0.065788 0.029872
2 2 0.314392 0.242317 0.383302 0.034868 0.025121
2 2 0.350979 0.215021 0.392735 0.026448 0.014818
2 2 0.170622 0.207066 0.545488 0.054731 0.022093
2 2 0.159512 0.206233 0.613706 0.003882 0.016667
2 2 0.073770 0.127399 0.787742 0.004757 0.006332
2 2 0.042099 0.120480 0.814338 0.011693 0.011390
2 2 0.073622 0.144047 0.761538 0.008963 0.011829
2 2 0.105821 0.237101 0.616113 0.002214 0.038751
2 2 0.197925 0.153416 0.592075 0.049914 0.006670
2 2 0.318104 0.196396 0.452910 0.022152 0.010437
0 1 0.531884 0.189823 0.261588 0.007087 0.009618
0 2 0.421875 0.195195 0.346967 0.025752 0.010211
2 1 0.120734 0.167209 0.620352 0.078402 0.013304
2 2 0.005809 0.017571 0.888049 0.088214 0.000357
2 2 0.073682 0.078539 0.812982 0.033022 0.001775
2 2 0.023556 0.056570 0.905031 0.013014 0.001829
2 2 0.006486 0.017644 0.933367 0.042251 0.000252
2 2 0.006646 0.036778 0.928005 0.026340 0.002230
2 2 0.010693 0.024386 0.915941 0.048593 0.000387
2 2 0.009810 0.022986 0.890827 0.075972 0.000405
2 2 0.005250 0.023464 0.910751 0.059686 0.000849
2 2 0.022064 0.042765 0.873634 0.060484 0.001053
2 2 0.006296 0.018694 0.822571 0.152003 0.000436
2 2 0.008261 0.027602 0.866196 0.097042 0.000898
2 1 0.192536 0.133424 0.643484 0.026373 0.004183
2 2 0.030824 0.061545 0.859213 0.046330 0.002088
2 2 0.008600 0.027065 0.923252 0.040423 0.000660
2 2 0.014277 0.031896 0.881547 0.071562 0.000718
0 0 0.684890 0.135352 0.155518 0.019643 0.004596
2 1 0.314227 0.270476 0.363384 0.014415 0.037499
2 2 0.072909 0.099156 0.779689 0.044411 0.003835
2 2 0.331597 0.190882 0.434679 0.033358 0.009483
2 2 0.331126 0.207164 0.423199 0.025997 0.012513
2 2 0.066414 0.096455 0.827034 0.007077 0.003020
2 2 0.031805 0.039368 0.832937 0.095265 0.000624
2 2 0.084238 0.085506 0.816781 0.011869 0.001607
2 2 0.048850 0.072795 0.832436 0.043643 0.002276
2 2 0.075259 0.074767 0.838611 0.010176 0.001188
0 2 0.594248 0.155898 0.195661 0.046988 0.007204
2 1 0.145334 0.154933 0.627432 0.063987 0.008313
2 2 0.246306 0.157255 0.525583 0.065060 0.005796
0 2 0.494623 0.172324 0.295700 0.030445 0.006907
0 1 0.643459 0.172826 0.143343 0.028129 0.012243
0 1 0.531226 0.255723 0.170075 0.003624 0.039353
2 2 0.137375 0.138347 0.635274 0.081632 0.007371
2 2 0.123577 0.127539 0.682479 0.060880 0.005526
2 2 0.197940 0.136717 0.568280 0.091130 0.005933
2 1 0.304232 0.236722 0.424182 0.013756 0.021109
0 0 0.973480 0.023042 0.001149 0.000135 0.002194
0 0 0.981831 0.016137 0.000769 0.000136 0.001127
0 0 0.959319 0.034270 0.002071 0.000214 0.004125
0 1 0.912952 0.068207 0.005740 0.000457 0.012644
0 1 0.902748 0.075359 0.008553 0.001165 0.012176
0 1 0.605008 0.209365 0.127039 0.030990 0.027597
0 1 0.374482 0.272605 0.273710 0.034671 0.044532
0 1 0.592788 0.234579 0.110248 0.017809 0.044576
0 1 0.682310 0.204456 0.058334 0.004927 0.049972
2 2 0.266640 0.235225 0.355664 0.108659 0.033813
2 2 0.083903 0.104537 0.733435 0.073505 0.004620
2 2 0.047232 0.058572 0.835226 0.057744 0.001225
2 1 0.172164 0.170851 0.620043 0.027873 0.009069
2 2 0.142988 0.131216 0.683870 0.037451 0.004475
2 2 0.030314 0.059063 0.874828 0.034148 0.001647
2 2 0.007833 0.024497 0.923148 0.043970 0.000552
2 2 0.005289 0.017971 0.898513 0.077868 0.000359
2 2 0.010281 0.019490 0.916502 0.053531 0.000197
2 2 0.000963 0.008602 0.887848 0.102312 0.000274
2 2 0.003579 0.016686 0.886968 0.092301 0.000466
2 2 0.019241 0.040370 0.729346 0.209523 0.001520
2 2 0.005360 0.027277 0.767130 0.198434 0.001798
2 2 0.005635 0.019633 0.737529 0.236510 0.000694
2 2 0.004029 0.015292 0.806536 0.173767 0.000376
2 2 0.010848 0.027555 0.719630 0.241036 0.000931
2 2 0.002423 0.010168 0.694491 0.292666 0.000253
2 2 0.002971 0.009102 0.705441 0.282347 0.000139
2 2 0.008020 0.013833 0.528816 0.449071 0.000259
2 2 0.010427 0.026001 0.676282 0.286409 0.000881
2 2 0.004864 0.012424 0.553207 0.429191 0.000315
2 2 0.007164 0.015113 0.717939 0.259546 0.000238
2 2 0.010599 0.018904 0.546471 0.423561 0.000465
2 2 0.037441 0.033366 0.781370 0.147487 0.000335
2 2 0.006487 0.013220 0.764301 0.215834 0.000159
2 2 0.005064 0.009724 0.678182 0.306933 0.000097
2 2 0.004512 0.013127 0.732733 0.249375 0.000253
2 2 0.003270 0.012027 0.629004 0.355330 0.000369
2 2 0.007743 0.013854 0.866681 0.111614 0.000108
2 2 0.002279 0.009993 0.834954 0.152583 0.000191
2 2 0.010000 0.025656 0.676836 0.286547 0.000962
3 2 0.002853 0.006405 0.464187 0.526468 0.000086
2 2 0.006720 0.017014 0.534551 0.441178 0.000536
2 2 0.007723 0.009310 0.533044 0.449851 0.000071
3 2 0.001387 0.003578 0.429177 0.565823 0.000035
3 2 0.005887 0.007674 0.489005 0.497372 0.000063
2 2 0.009345 0.017453 0.582020 0.390824 0.000358
3 2 0.003123 0.005297 0.367623 0.623896 0.000062
2 2 0.013290 0.021212 0.537025 0.427976 0.000498
3 2 0.006499 0.011813 0.382449 0.598924 0.000315
3 2 0.010149 0.017210 0.352289 0.619723 0.000629
2 2 0.034232 0.034688 0.761673 0.168966 0.000442
2 3 0.008132 0.014629 0.734988 0.242077 0.000174
2 2 0.059240 0.080427 0.719083 0.138009 0.003241
2 2 0.002846 0.011137 0.771661 0.214133 0.000222
2 2 0.011186 0.020688 0.727552 0.240217 0.000357
0 2 0.631030 0.133421 0.134649 0.092452 0.008448
0 0 0.910409 0.068279 0.013983 0.001785 0.005545
0 1 0.495677 0.208175 0.198582 0.076365 0.021200
0 2 0.422585 0.204677 0.263772 0.092062 0.016904
0 1 0.788312 0.124013 0.060383 0.018255 0.009038
0 2 0.460089 0.188894 0.226559 0.108928 0.015529
0 2 0.854959 0.093846 0.030200 0.013675 0.007320
0 2 0.866567 0.094150 0.025426 0.005296 0.008561
0 1 0.874936 0.091634 0.017017 0.004254 0.012160
0 1 0.715582 0.178163 0.062151 0.014361 0.029742
1 1 0.314946 0.317614 0.271728 0.012325 0.083388
0 2 0.725184 0.183943 0.044042 0.003008 0.043822
0 1 0.672419 0.208521 0.046643 0.004890 0.067526
0 1 0.564458 0.257810 0.069986 0.005666 0.102080
0 1 0.516533 0.282674 0.082144 0.001692 0.116956
2 2 0.058885 0.116589 0.803383 0.014821 0.006322
2 2 0.074614 0.093340 0.775364 0.053346 0.003336
2 2 0.105779 0.118157 0.757229 0.015153 0.003682
2 1 0.288572 0.256030 0.415984 0.010552 0.028862
2 2 0.035179 0.093304 0.842726 0.023373 0.005417
2 2 0.060827 0.184487 0.703195 0.016478 0.035014
2 2 0.273081 0.277141 0.409735 0.003917 0.036126
2 2 0.084629 0.202400 0.664031 0.018921 0.030020
2 2 0.122905 0.211272 0.622943 0.014688 0.028193
2 2 0.147866 0.244888 0.550152 0.018863 0.038231
2 2 0.052120 0.095924 0.844980 0.003600 0.003376
2 2 0.114766 0.167123 0.698847 0.008437 0.010828
2 2 0.060134 0.106340 0.819452 0.009743 0.004332
2 2 0.037539 0.076985 0.873467 0.009275 0.002734
2 2 0.244425 0.215052 0.514992 0.010190 0.015340
2 2 0.204611 0.155630 0.611218 0.022979 0.005562
2 2 0.182536 0.151409 0.650560 0.010275 0.005219
2 2 0.185103 0.187171 0.610132 0.006894 0.010700
2 2 0.054493 0.097276 0.771854 0.071022 0.005355
2 2 0.298962 0.253735 0.416057 0.005214 0.026034
2 2 0.048590 0.177707 0.733299 0.008886 0.031518
2 2 0.085691 0.146517 0.731829 0.025258 0.010706
2 2 0.140040 0.208608 0.623954 0.007385 0.020014
2 2 0.090416 0.164484 0.699790 0.029161 0.016148
2 2 0.116161 0.195258 0.649190 0.019840 0.019551
0 1 0.776904 0.149937 0.015929 0.000577 0.056654
0 1 0.800584 0.138035 0.015228 0.000705 0.045448
0 1 0.749195 0.165388 0.019542 0.000751 0.065123
0 1 0.722921 0.178467 0.021816 0.000776 0.076020
0 1 0.747347 0.168386 0.023031 0.001207 0.060029
0 1 0.463354 0.292480 0.077313 0.004421 0.162432
0 2 0.698143 0.197269 0.034756 0.001288 0.068544
0 2 0.525189 0.279902 0.101599 0.003893 0.089417
0 1 0.668857 0.213439 0.044898 0.001675 0.071130
0 1 0.543136 0.264497 0.062161 0.003889 0.126317
2 2 0.225630 0.225121 0.523936 0.006410 0.018904
0 2 0.411408 0.186899 0.384093 0.009790 0.007810
2 2 0.174966 0.204421 0.574315 0.028980 0.017318
2 2 0.202863 0.184388 0.587264 0.015099 0.010386
0 1 0.503543 0.255483 0.198356 0.007307 0.035311
2 2 0.167099 0.255866 0.537366 0.003491 0.036178
2 2 0.259644 0.225814 0.487555 0.009289 0.017698
2 2 0.108752 0.169380 0.705311 0.004771 0.011786
2 2 0.113896 0.166848 0.703599 0.004901 0.010757
2 2 0.226246 0.269912 0.462004 0.005221 0.036617
0 0 0.870770 0.090966 0.004825 0.000068 0.033372
0 4 0.813011 0.124560 0.008592 0.000158 0.053678
0 4 0.587021 0.238204 0.035601 0.001007 0.138167
0 4 0.669884 0.199236 0.022555 0.000517 0.107808
0 4 0.594400 0.236454 0.036282 0.001121 0.131742
4 4 0.259757 0.228973 0.015780 0.000011 0.495479
4 4 0.223357 0.209251 0.012813 0.000014 0.554564
4 4 0.171979 0.225285 0.021085 0.000039 0.581611
4 4 0.331216 0.209211 0.010419 0.000012 0.449144
4 4 0.114260 0.202391 0.020098 0.000028 0.663224
0 4 0.613492 0.220104 0.025280 0.000461 0.140662
0 4 0.799388 0.123326 0.009402 0.000310 0.067574
0 4 0.706829 0.165953 0.010304 0.000082 0.116832
0 4 0.595772 0.219962 0.021926 0.000277 0.162063
0 4 0.716228 0.171059 0.013850 0.000199 0.098665
0 4 0.628846 0.197334 0.014551 0.000115 0.159155
0 4 0.383815 0.270834 0.033231 0.000275 0.311846
0 4 0.610373 0.204010 0.015564 0.000121 0.169931
0 4 0.469490 0.234418 0.018554 0.000090 0.277449
0 4 0.347140 0.281277 0.039371 0.000364 0.331847
0 4 0.434560 0.257185 0.027452 0.000210 0.280593
0 4 0.424359 0.269336 0.034381 0.000361 0.271563
0 4 0.425894 0.271264 0.035892 0.000408 0.266542
0 4 0.461066 0.255598 0.028239 0.000256 0.254840
0 4 0.341793 0.288124 0.044652 0.000494 0.324937
0 4 0.427996 0.186247 0.006434 0.000006 0.379318
4 4 0.395606 0.191381 0.007118 0.000006 0.405888
4 4 0.131775 0.195335 0.015234 0.000016 0.657640
0 4 0.539265 0.162409 0.004216 0.000003 0.294108
4 4 0.163764 0.183057 0.009733 0.000006 0.643440
0 4 0.651720 0.203783 0.026170 0.000858 0.117469
0 4 0.680376 0.195902 0.022867 0.000589 0.100267
0 4 0.673389 0.192871 0.018766 0.000322 0.114652
0 4 0.527505 0.258566 0.040625 0.000991 0.172314
0 4 0.587421 0.226449 0.024818 0.000367 0.160944
4 4 0.308019 0.180087 0.005912 0.000003 0.505979
4 4 0.268440 0.213352 0.012363 0.000015 0.505830
4 4 0.284748 0.196179 0.008577 0.000007 0.510490
4 4 0.222902 0.212852 0.013734 0.000017 0.550495
4 4 0.388749 0.183728 0.005963 0.000003 0.421557
0 4 0.559224 0.194065 0.009656 0.000027 0.237027
0 4 0.763187 0.120796 0.003345 0.000007 0.112665
0 4 0.642627 0.157363 0.005120 0.000009 0.194881
0 1 0.831329 0.089785 0.001760 0.000003 0.077124
0 4 0.569327 0.186501 0.008311 0.000019 0.235842
0 4 0.951977 0.038870 0.001513 0.000047 0.007593
0 0 0.987243 0.011406 0.000243 0.000011 0.001096
0 0 0.984635 0.013495 0.000274 0.000009 0.001588
0 0 0.983890 0.014032 0.000267 0.000007 0.001803
0 0 0.988010 0.010729 0.000210 0.000008 0.001043
0 0 0.977805 0.018599 0.000340 0.000005 0.003251
0 0 0.961255 0.030648 0.000688 0.000008 0.007400
0 0 0.953524 0.035704 0.000811 0.000008 0.009952
0 4 0.894670 0.073029 0.002592 0.000025 0.029684
0 4 0.907051 0.066613 0.002441 0.000029 0.023866
0 4 0.866692 0.083780 0.002432 0.000011 0.047085
0 0 0.949193 0.040775 0.001283 0.000002 0.008747
0 1 0.892874 0.071156 0.002017 0.000012 0.033942
0 1 0.799119 0.118916 0.004791 0.000026 0.077147
0 1 0.702541 0.172703 0.012503 0.000133 0.112121
0 1 0.663309 0.191335 0.015900 0.000186 0.129269
0 1 0.706342 0.179401 0.016891 0.000315 0.097050
0 1 0.700818 0.184476 0.019233 0.000432 0.095040
0 1 0.942634 0.045381 0.001820 0.000048 0.010116
0 0 0.934363 0.051266 0.002240 0.000060 0.012071
1 1 0.317113 0.318402 0.073254 0.000586 0.290644
4 1 0.223407 0.333471 0.093922 0.000183 0.349017
4 1 0.259835 0.318031 0.079959 0.001304 0.340871
4 1 0.183753 0.328283 0.109533 0.000726 0.377705
1 2 0.281655 0.338017 0.090204 0.000113 0.290011
2 2 0.094235 0.314531 0.441068 0.001197 0.148968
2 2 0.105035 0.312028 0.451662 0.001880 0.129395
2 2 0.080127 0.288290 0.518545 0.001381 0.111656
2 2 0.081025 0.287166 0.526702 0.000803 0.104303
2 2 0.246956 0.327226 0.335147 0.003853 0.086819
2 1 0.213419 0.238990 0.511907 0.010530 0.025153
2 1 0.092133 0.223461 0.642423 0.005158 0.036825
2 2 0.050315 0.141114 0.795211 0.001232 0.012128
2 1 0.195454 0.302332 0.440745 0.000758 0.060711
2 2 0.038668 0.153657 0.782668 0.002466 0.022540
2 2 0.024335 0.062929 0.894186 0.015945 0.002604
2 2 0.025707 0.047724 0.895431 0.029943 0.001194
2 2 0.121353 0.127677 0.737960 0.008854 0.004156
2 2 0.041986 0.040265 0.908447 0.008973 0.000329
2 1 0.057239 0.129857 0.797514 0.006543 0.008847
2 2 0.021493 0.072163 0.899533 0.003016 0.003794
2 2 0.169140 0.180071 0.638822 0.002372 0.009596
2 2 0.026067 0.092720 0.863376 0.009333 0.008504
2 2 0.092141 0.138544 0.757375 0.005151 0.006788
2 1 0.118711 0.207667 0.649012 0.002580 0.022031
2 2 0.021587 0.057123 0.907284 0.012099 0.001907
2 2 0.036340 0.090798 0.858659 0.009411 0.004792
2 2 0.021947 0.046542 0.891251 0.038841 0.001419
2 2 0.058358 0.115901 0.810129 0.009607 0.006005
2 1 0.113220 0.131358 0.746749 0.004069 0.004604
0 2 0.716707 0.158827 0.096097 0.014502 0.013868
0 0 0.953074 0.038293 0.004688 0.001140 0.002805
0 1 0.893179 0.080979 0.011728 0.002504 0.011609
0 1 0.796213 0.141545 0.032015 0.004286 0.025941
0 1 0.723617 0.173398 0.058698 0.015081 0.029205
0 1 0.536923 0.279791 0.077166 0.000332 0.105788
2 1 0.149138 0.283294 0.484642 0.017492 0.065435
1 2 0.327529 0.335942 0.248449 0.000660 0.087420
0 2 0.503106 0.288710 0.098929 0.002001 0.107253
2 2 0.200024 0.315544 0.398765 0.004717 0.080950
2 2 0.013305 0.026424 0.938752 0.021195 0.000324
2 2 0.027682 0.041387 0.919352 0.011051 0.000529
2 2 0.010807 0.032393 0.938886 0.017196 0.000718
2 2 0.017632 0.029435 0.927678 0.024929 0.000327
2 2 0.019260 0.029134 0.928436 0.022856 0.000315
2 2 0.043535 0.059450 0.886622 0.009365 0.001029
2 2 0.005771 0.022718 0.915414 0.055420 0.000677
2 2 0.041614 0.080977 0.872820 0.002226 0.002362
2 2 0.020842 0.042539 0.929141 0.006706 0.000772
2 2 0.031460 0.072436 0.883771 0.009428 0.002905
2 2 0.007463 0.026035 0.922769 0.043017 0.000716
2 2 0.008566 0.022807 0.906202 0.062008 0.000417
2 2 0.010698 0.034902 0.907896 0.045270 0.001234
2 2 0.001041 0.005119 0.914475 0.079317 0.000047
2 2 0.005696 0.018997 0.849279 0.125565 0.000462
2 2 0.008534 0.019269 0.748178 0.223626 0.000393
2 2 0.010218 0.031772 0.800140 0.156592 0.001278
2 2 0.010032 0.025931 0.805714 0.157624 0.000700
2 2 0.008409 0.011790 0.737957 0.241759 0.000086
2 2 0.004146 0.009872 0.598169 0.387659 0.000153
2 2 0.037401 0.036390 0.573531 0.351955 0.000724
2 2 0.013397 0.020705 0.600618 0.364898 0.000381
2 2 0.017442 0.023137 0.658892 0.300162 0.000368
2 2 0.008061 0.017272 0.542662 0.431546 0.000459
2 2 0.061835 0.057610 0.663815 0.215384 0.001356
2 2 0.046159 0.083272 0.814310 0.052920 0.003338
2 2 0.029860 0.049890 0.843768 0.075250 0.001232
2 2 0.019839 0.047517 0.828053 0.102797 0.001794
2 2 0.036749 0.050080 0.825991 0.086107 0.001073
2 2 0.020027 0.043033 0.775247 0.160154 0.001539
2 2 0.009843 0.023061 0.709701 0.256771 0.000624
2 2 0.008444 0.020829 0.759646 0.210620 0.000461
2 2 0.018127 0.026480 0.629286 0.325536 0.000571
2 2 0.003971 0.010692 0.601663 0.383472 0.000202
2 2 0.007036 0.018046 0.600582 0.373769 0.000567
2 2 0.187478 0.141318 0.538071 0.125629 0.007504
2 1 0.219658 0.197640 0.550539 0.019510 0.012652
2 2 0.057265 0.073913 0.786981 0.079714 0.002126
2 2 0.052677 0.073991 0.739556 0.130907 0.002869
2 2 0.031465 0.049231 0.764247 0.153585 0.001472
2 2 0.022788 0.039669 0.712710 0.223543 0.001291
2 2 0.009209 0.030403 0.896975 0.062516 0.000896
2 2 0.024011 0.047828 0.883777 0.043038 0.001347
2 2 0.014138 0.035246 0.872894 0.076734 0.000989
2 2 0.014514 0.033177 0.848504 0.102928 0.000876
2 2 0.060446 0.090821 0.769799 0.074911 0.004024
2 2 0.009382 0.028858 0.854817 0.106119 0.000824
2 2 0.002064 0.005416 0.722220 0.270260 0.000039
2 2 0.011221 0.015509 0.707597 0.265523 0.000149
2 3 0.004568 0.009107 0.807054 0.179206 0.000066
2 2 0.042490 0.089894 0.756372 0.105652 0.005592
2 2 0.026430 0.038838 0.628022 0.305542 0.001168
2 2 0.075709 0.081093 0.668373 0.171802 0.003023
2 2 0.127961 0.130045 0.690907 0.046224 0.004863
0 1 0.504770 0.174801 0.294679 0.018763 0.006987
2 1 0.177054 0.191698 0.574499 0.042753 0.013996
2 2 0.065689 0.076895 0.794669 0.060715 0.002031
2 2 0.081072 0.095110 0.765645 0.055008 0.003165
2 2 0.111593 0.104641 0.747678 0.033279 0.002808
0 1 0.567429 0.167749 0.240844 0.017192 0.006785
0 1 0.663218 0.210650 0.092039 0.001965 0.032129
2 1 0.128309 0.276698 0.503437 0.020229 0.071327
2 2 0.091322 0.177696 0.696801 0.015459 0.018722
0 2 0.549933 0.214965 0.210759 0.007078 0.017266
0 1 0.458313 0.224209 0.271484 0.026464 0.019530
2 2 0.139076 0.102191 0.602165 0.153358 0.003210
2 2 0.129282 0.105909 0.715363 0.047124 0.002323
2 2 0.116845 0.087324 0.614605 0.178821 0.002405
0 0 0.565759 0.117444 0.257208 0.057398 0.002190
0 0 0.675847 0.168038 0.134509 0.010583 0.011023
0 1 0.367668 0.276945 0.036760 0.000333 0.318294
0 1 0.361791 0.291721 0.048649 0.000679 0.297160
0 1 0.583678 0.224716 0.023064 0.000294 0.168247
0 1 0.382106 0.291445 0.040402 0.000037 0.286010
0 1 0.413509 0.271219 0.034952 0.000358 0.279962
2 1 0.096699 0.211715 0.631061 0.028104 0.032419
2 2 0.121086 0.206817 0.641901 0.007910 0.022286
2 2 0.220860 0.208901 0.550074 0.005924 0.014240
0 1 0.643518 0.204111 0.124773 0.005371 0.022227
2 1 0.262551 0.312111 0.356893 0.002245 0.066200
1 2 0.245711 0.341234 0.239811 0.014543 0.158702
1 2 0.200464 0.350746 0.313994 0.001173 0.133623
1 4 0.277163 0.345053 0.145437 0.003906 0.228443
1 4 0.286844 0.338860 0.139398 0.007104 0.227795
1 4 0.300569 0.328996 0.106387 0.004308 0.259740
4 4 0.124330 0.272754 0.082172 0.001333 0.519412
4 4 0.307232 0.281379 0.038563 0.000209 0.372617
4 4 0.222005 0.273146 0.039677 0.000223 0.464950
4 4 0.231560 0.293025 0.054257 0.000514 0.420644
0 4 0.435226 0.254036 0.025807 0.000179 0.284752
4 4 0.382598 0.199992 0.008520 0.000009 0.408881
4 4 0.301772 0.219696 0.013201 0.000020 0.465311
4 4 0.303170 0.210967 0.011161 0.000013 0.474689
4 4 0.368008 0.200474 0.008624 0.000009 0.422885
0 4 0.649740 0.157294 0.005287 0.000010 0.187670
0 0 0.732434 0.121381 0.002648 0.000003 0.143534
4 4 0.374636 0.222670 0.013366 0.000027 0.389301
4 4 0.264454 0.236316 0.018989 0.000042 0.480199
4 4 0.333420 0.218985 0.012625 0.000020 0.434950
4 4 0.270384 0.245290 0.022012 0.000062 0.462252
4 4 0.278395 0.212422 0.011921 0.000014 0.497248
4 4 0.227494 0.240480 0.022333 0.000055 0.509638
4 4 0.224779 0.218823 0.015262 0.000022 0.541114
4 4 0.218195 0.228556 0.018597 0.000034 0.534617
4 4 0.286902 0.212077 0.011674 0.000014 0.489333
0 4 0.571874 0.219694 0.018911 0.000161 0.189360
0 4 0.541317 0.237292 0.025120 0.000287 0.195984
0 4 0.550044 0.222282 0.018202 0.000128 0.209344
0 4 0.575078 0.223661 0.021289 0.000225 0.179748
0 4 0.675751 0.182979 0.013589 0.000134 0.127547
0 4 0.623373 0.228567 0.039745 0.001839 0.106476
0 4 0.593109 0.229456 0.028325 0.000550 0.148560
0 4 0.578046 0.243149 0.038570 0.001191 0.139043
0 4 0.649968 0.214041 0.031346 0.001132 0.103512
0 4 0.710684 0.185646 0.024635 0.000979 0.078057
0 4 0.552748 0.213942 0.014191 0.000029 0.219089
0 4 0.437279 0.224882 0.014502 0.000042 0.323295
4 4 0.231749 0.267710 0.045559 0.000499 0.454484
4 4 0.295733 0.287572 0.044515 0.000403 0.371778
4 4 0.251953 0.285037 0.045162 0.000349 0.417500
0 4 0.630415 0.228141 0.057077 0.006251 0.078115
0 4 0.790313 0.145932 0.021732 0.001832 0.040191
0 4 0.886210 0.086308 0.009109 0.000867 0.017506
0 4 0.733885 0.177159 0.030315 0.002424 0.056216
0 4 0.819801 0.128465 0.016872 0.001337 0.033526
4 4 0.161419 0.147969 0.004435 0.000001 0.686176
4 4 0.069131 0.132464 0.006882 0.000002 0.791522
4 4 0.124656 0.149773 0.005896 0.000002 0.719673
4 4 0.200929 0.151110 0.003987 0.000001 0.643973
4 4 0.111569 0.136754 0.004706 0.000001 0.746969
4 4 0.308294 0.286739 0.040255 0.000120 0.364592
4 4 0.261256 0.296379 0.054163 0.000580 0.387622
0 2 0.409633 0.274471 0.037049 0.000411 0.278437
4 2 0.335352 0.279057 0.037691 0.000309 0.347590
0 2 0.389477 0.280992 0.040789 0.000482 0.288259
0 2 0.348744 0.328377 0.100110 0.001333 0.221436
0 2 0.507357 0.280393 0.059030 0.000601 0.152620
0 2 0.379934 0.315727 0.085730 0.002332 0.216278
0 2 0.351826 0.328580 0.100461 0.001215 0.217918
0 2 0.455888 0.301848 0.121664 0.008777 0.111823
0 2 0.788085 0.147211 0.022038 0.001850 0.040815
0 2 0.756844 0.164332 0.024627 0.001679 0.052517
0 2 0.772782 0.155431 0.022104 0.001486 0.048197
0 0 0.884822 0.088834 0.008031 0.000058 0.018255
0 0 0.943652 0.045240 0.001934 0.000028 0.009146
0 1 0.688139 0.201528 0.035602 0.001562 0.073168
0 1 0.643705 0.222760 0.047805 0.003477 0.082253
0 1 0.558110 0.259139 0.062523 0.004444 0.115784
0 1 0.705542 0.190540 0.029668 0.001630 0.072619
0 1 0.529734 0.268397 0.055936 0.001824 0.144109
2 2 0.232888 0.177532 0.553107 0.028077 0.008396
0 2 0.506987 0.231626 0.225085 0.013314 0.022988
2 2 0.289574 0.235087 0.346414 0.098885 0.030041
0 0 0.844348 0.114999 0.026885 0.000296 0.013472
0 1 0.791897 0.148649 0.033973 0.000454 0.025027
0 1 0.841204 0.117652 0.022527 0.000611 0.018005
0 1 0.698613 0.156713 0.108019 0.025501 0.011155
0 2 0.747696 0.151104 0.076002 0.011926 0.013273
0 2 0.759102 0.130296 0.078123 0.024226 0.008253
0 2 0.635927 0.144945 0.164300 0.048787 0.006041
2 2 0.271354 0.150765 0.527338 0.046085 0.004458
2 2 0.359474 0.183118 0.412853 0.036397 0.008158
2 2 0.145834 0.124169 0.620290 0.104705 0.005002
0 1 0.483455 0.223049 0.268959 0.007340 0.017197
0 2 0.427314 0.187168 0.353360 0.023600 0.008558
0 1 0.822296 0.120403 0.045044 0.002139 0.010119
0 2 0.476923 0.169077 0.310694 0.036889 0.006417
0 2 0.536687 0.139852 0.269977 0.049879 0.003605
0 2 0.443713 0.162010 0.342185 0.046654 0.005438
2 2 0.256272 0.140875 0.534984 0.064053 0.003816
2 2 0.166344 0.109819 0.679983 0.041611 0.002243
2 2 0.055515 0.069342 0.790515 0.082873 0.001755
2 2 0.054170 0.089300 0.825425 0.028018 0.003085
2 2 0.048441 0.058383 0.805717 0.086247 0.001211
2 2 0.057726 0.078104 0.770694 0.090868 0.002608
2 2 0.024868 0.058938 0.840090 0.073645 0.002459
2 2 0.030109 0.065165 0.825401 0.076469 0.002855
2 2 0.042664 0.081119 0.816450 0.056203 0.003563
2 2 0.074345 0.101894 0.757023 0.062593 0.004145
2 2 0.046358 0.080011 0.799071 0.071338 0.003223
2 2 0.057163 0.079817 0.714131 0.145537 0.003353
0 0 0.486869 0.171787 0.304302 0.029802 0.007240
0 1 0.572245 0.178750 0.226247 0.013908 0.008849
2 2 0.291441 0.107861 0.523242 0.075755 0.001701
2 2 0.062046 0.073147 0.788581 0.074520 0.001706
2 2 0.002201 0.006774 0.848693 0.142281 0.000051
2 2 0.009977 0.014030 0.830642 0.145255 0.000095
2 2 0.025653 0.036947 0.874147 0.062724 0.000529
2 2 0.000999 0.003752 0.840780 0.154447 0.000022
2 2 0.003046 0.006975 0.823360 0.166578 0.000041
2 2 0.006114 0.009307 0.594019 0.390479 0.000082
3 2 0.002529 0.005475 0.466373 0.525562 0.000061
2 2 0.013310 0.016279 0.655419 0.314833 0.000160
2 2 0.005838 0.009537 0.548606 0.435913 0.000107
2 2 0.014722 0.021810 0.624912 0.338155 0.000402
2 2 0.024437 0.028039 0.622410 0.324652 0.000463
2 2 0.006257 0.011615 0.516397 0.465546 0.000185
3 2 0.012787 0.013792 0.393687 0.579526 0.000209
2 3 0.010718 0.020764 0.562335 0.405625 0.000558
2 3 0.012574 0.023168 0.744720 0.219128 0.000410
2 0 0.260465 0.186680 0.530044 0.013847 0.008964
2 2 0.026182 0.047592 0.845024 0.080005 0.001198
2 2 0.116672 0.094145 0.708428 0.078575 0.002180
2 2 0.043219 0.044259 0.852400 0.059613 0.000509
2 2 0.024657 0.044170 0.804891 0.125095 0.001187
2 2 0.012467 0.024459 0.856367 0.106335 0.000371
