0 0 0.603753 0.115919 0.002462 0.000007 0.277858
0 0 0.517799 0.115080 0.001363 0.000001 0.365757
0 0 0.640409 0.104038 0.001183 0.000002 0.254368
0 0 0.739050 0.078722 0.000568 0.000001 0.181660
0 0 0.830716 0.073740 0.003213 0.000024 0.092307
0 0 0.901724 0.045542 0.003176 0.000146 0.049412
0 0 0.917816 0.039909 0.004234 0.000384 0.037657
0 0 0.949311 0.027411 0.002233 0.000230 0.020816
0 0 0.973700 0.015010 0.000927 0.000096 0.010267
0 0 0.948433 0.024128 0.007374 0.003255 0.016811
4 0 0.371162 0.114118 0.001273 0.000001 0.513447
4 0 0.287253 0.128893 0.002310 0.000002 0.581543
4 0 0.321167 0.129670 0.002228 0.000002 0.546934
4 0 0.176256 0.123749 0.002892 0.000002 0.697101
4 0 0.182744 0.124459 0.002860 0.000002 0.689936
0 0 0.749484 0.152564 0.009683 0.000070 0.088199
0 0 0.954076 0.023703 0.012265 0.002752 0.007204
0 0 0.892205 0.048052 0.043111 0.004781 0.011851
0 0 0.909729 0.039749 0.032718 0.007426 0.010377
0 0 0.941711 0.033365 0.014201 0.001406 0.009316
0 0 0.671457 0.104993 0.001383 0.000004 0.222164
4 0 0.402825 0.150570 0.003823 0.000009 0.442773
0 0 0.628717 0.131929 0.004687 0.000044 0.234623
0 0 0.684139 0.109063 0.009595 0.000192 0.197010
0 1 0.661677 0.120644 0.003646 0.000020 0.214013
4 1 0.109983 0.098480 0.001941 0.000000 0.789595
4 1 0.096734 0.094793 0.001932 0.000000 0.806540
4 1 0.085138 0.101994 0.002943 0.000001 0.809924
4 0 0.055986 0.087317 0.002652 0.000001 0.854045
4 0 0.092021 0.107008 0.003239 0.000001 0.797730
0 0 0.953529 0.023498 0.007923 0.002616 0.012434
0 0 0.954945 0.022076 0.005696 0.002253 0.015030
0 0 0.877350 0.066510 0.005417 0.000288 0.050436
0 0 0.887063 0.058714 0.013245 0.001525 0.039453
0 0 0.790428 0.095647 0.008043 0.000370 0.105511
4 1 0.131215 0.088707 0.001084 0.000000 0.778995
4 1 0.070194 0.088533 0.002145 0.000000 0.839127
4 1 0.067594 0.086033 0.002012 0.000000 0.844361
4 1 0.091266 0.091857 0.001830 0.000000 0.815047
4 2 0.062660 0.112388 0.006067 0.000004 0.818881
4 2 0.090583 0.199831 0.040150 0.000547 0.668888
4 2 0.066576 0.194341 0.051716 0.000827 0.686540
4 2 0.089497 0.203715 0.044346 0.000698 0.661744
4 2 0.093358 0.187440 0.029424 0.000257 0.689521
4 2 0.105951 0.207440 0.038079 0.000447 0.648083
2 2 0.067028 0.284995 0.332010 0.012016 0.303952
4 2 0.118563 0.315348 0.147030 0.003517 0.415542
4 2 0.094439 0.291029 0.263007 0.011854 0.339671
4 2 0.115960 0.267876 0.130167 0.003637 0.482361
4 2 0.172348 0.245977 0.098418 0.005161 0.478096
2 2 0.033784 0.159318 0.729088 0.035563 0.042247
2 2 0.030124 0.144065 0.735079 0.039727 0.051006
2 2 0.039899 0.158830 0.723787 0.041919 0.035565
2 2 0.046217 0.203654 0.660516 0.034718 0.054895
2 0 0.085058 0.219072 0.589426 0.039993 0.066452
0 1 0.399547 0.238906 0.128878 0.012513 0.220157
0 2 0.332952 0.303539 0.188872 0.010534 0.164103
2 2 0.170601 0.260354 0.387596 0.032287 0.149162
1 2 0.296885 0.325392 0.164269 0.006142 0.207311
2 2 0.142880 0.284955 0.326309 0.014653 0.231203
1 2 0.196988 0.301175 0.260539 0.013241 0.228057
1 1 0.241858 0.296322 0.231108 0.009903 0.220809
1 2 0.206506 0.325183 0.224062 0.009843 0.234407
2 1 0.130151 0.297488 0.372484 0.016738 0.183139
1 2 0.267935 0.275692 0.212231 0.013967 0.230175
4 2 0.136154 0.282813 0.106755 0.002697 0.471581
4 2 0.058576 0.243305 0.255366 0.017499 0.425253
4 2 0.084784 0.297292 0.195681 0.003017 0.419226
4 2 0.129300 0.256029 0.113727 0.003519 0.497425
4 2 0.096335 0.283933 0.194013 0.008121 0.417599
2 2 0.028097 0.140303 0.684555 0.074524 0.072521
2 2 0.060714 0.219733 0.595099 0.042102 0.082351
2 2 0.083505 0.231905 0.569597 0.032541 0.082452
2 2 0.042988 0.180120 0.687930 0.028430 0.060532
2 2 0.046811 0.202554 0.650706 0.039717 0.060212
2 2 0.104892 0.260639 0.546371 0.024055 0.064044
2 1 0.060687 0.198321 0.644285 0.026811 0.069897
2 2 0.028851 0.149264 0.712080 0.060892 0.048913
2 2 0.037552 0.180923 0.675346 0.039990 0.066188
2 2 0.056428 0.213461 0.579210 0.053087 0.097815
2 2 0.080948 0.220893 0.595589 0.033576 0.068994
2 2 0.059011 0.193539 0.623497 0.044850 0.079103
2 2 0.074344 0.217993 0.598018 0.039804 0.069841
2 2 0.033735 0.159964 0.701750 0.033619 0.070932
2 2 0.065353 0.225646 0.614137 0.036767 0.058097
2 2 0.148647 0.109016 0.467382 0.251490 0.023465
2 2 0.048415 0.095181 0.621462 0.218198 0.016744
2 2 0.093523 0.148662 0.580223 0.145902 0.031689
3 2 0.080606 0.072570 0.341972 0.480478 0.024374
3 2 0.196607 0.090571 0.321310 0.366245 0.025267
2 2 0.098293 0.228168 0.540639 0.064233 0.068668
2 2 0.050342 0.127394 0.687931 0.104414 0.029920
2 2 0.058174 0.194961 0.619939 0.046529 0.080397
2 1 0.144806 0.182619 0.456136 0.120281 0.096159
2 2 0.071662 0.174910 0.559200 0.121126 0.073102
2 2 0.153295 0.144398 0.422166 0.234925 0.045216
2 2 0.168253 0.134837 0.471258 0.187660 0.037992
2 2 0.134307 0.172556 0.559794 0.099702 0.033640
2 2 0.108815 0.150339 0.515768 0.183496 0.041583
2 2 0.189705 0.157848 0.475137 0.140807 0.036503
2 1 0.060105 0.155108 0.675186 0.068314 0.041287
2 2 0.070092 0.165930 0.615313 0.093704 0.054961
2 2 0.053316 0.170229 0.660094 0.064814 0.051546
2 2 0.084674 0.160646 0.633520 0.075082 0.046078
2 2 0.081398 0.199753 0.627556 0.042018 0.049276
2 2 0.062805 0.070734 0.486364 0.366118 0.013979
2 2 0.136145 0.119567 0.454787 0.260771 0.028730
2 2 0.056191 0.115482 0.636975 0.170740 0.020611
2 2 0.043598 0.090476 0.612451 0.235635 0.017840
2 2 0.070996 0.124539 0.563538 0.211575 0.029351
3 2 0.113798 0.084939 0.330450 0.444386 0.026427
2 2 0.157813 0.123628 0.494553 0.198501 0.025504
2 2 0.130922 0.100921 0.371771 0.366840 0.029545
2 2 0.114958 0.108223 0.372561 0.371499 0.032759
3 2 0.143025 0.101342 0.351324 0.374523 0.029787
2 2 0.125986 0.200383 0.471506 0.103664 0.098461
2 2 0.061620 0.130619 0.664267 0.107581 0.035912
2 2 0.096549 0.203576 0.579152 0.048786 0.071937
2 2 0.127825 0.178906 0.567970 0.077828 0.047471
2 2 0.095863 0.239310 0.551422 0.039672 0.073733
2 2 0.049699 0.205192 0.623474 0.033723 0.087912
2 2 0.071968 0.207255 0.642814 0.039700 0.038263
2 2 0.023965 0.095766 0.788225 0.072775 0.019269
2 2 0.028251 0.152816 0.746471 0.040266 0.032195
2 2 0.042746 0.158918 0.726654 0.036373 0.035309
2 2 0.023746 0.070929 0.726075 0.167847 0.011404
2 2 0.050574 0.117405 0.682258 0.131002 0.018761
2 2 0.062033 0.138598 0.693935 0.084582 0.020851
2 2 0.036093 0.107605 0.743844 0.088639 0.023818
2 2 0.039479 0.121836 0.735281 0.082982 0.020421
2 2 0.120121 0.284223 0.456703 0.023555 0.115399
2 2 0.115339 0.232247 0.514786 0.057560 0.080068
2 2 0.083666 0.199702 0.621875 0.047131 0.047626
2 2 0.059934 0.188563 0.593357 0.065554 0.092592
2 2 0.129901 0.229734 0.535144 0.034711 0.070510
1 1 0.182508 0.290242 0.270984 0.013251 0.243015
1 2 0.127737 0.350834 0.298264 0.005789 0.217376
2 2 0.113172 0.292126 0.387417 0.009515 0.197770
1 2 0.124848 0.338637 0.287922 0.007548 0.241045
2 2 0.161742 0.275951 0.363058 0.018699 0.180550
2 2 0.051197 0.273656 0.496820 0.016055 0.162272
2 2 0.022585 0.222168 0.638525 0.013375 0.103347
2 2 0.052550 0.291779 0.459295 0.008041 0.188334
2 2 0.030432 0.201933 0.620216 0.019734 0.127685
2 2 0.042197 0.253698 0.571492 0.008133 0.124481
0 0 0.560629 0.178842 0.052764 0.004641 0.203124
0 1 0.852192 0.068079 0.033817 0.008770 0.037141
0 1 0.648207 0.156619 0.049299 0.007179 0.138695
0 1 0.548529 0.214874 0.044445 0.002299 0.189853
0 2 0.596958 0.188677 0.055278 0.006135 0.152952
0 0 0.411877 0.195339 0.011683 0.000156 0.380945
0 0 0.580168 0.155235 0.008565 0.000057 0.255974
0 0 0.871081 0.058898 0.003954 0.000104 0.065963
0 0 0.887647 0.048087 0.015899 0.003378 0.044989
0 1 0.462284 0.169719 0.006520 0.000047 0.361430
4 1 0.171751 0.110922 0.001942 0.000001 0.715385
4 0 0.136750 0.128034 0.004228 0.000003 0.730985
4 0 0.223727 0.121600 0.002196 0.000001 0.652476
4 1 0.257091 0.147023 0.004179 0.000006 0.591700
4 1 0.103591 0.136471 0.007271 0.000009 0.752658
1 1 0.222655 0.296714 0.183107 0.007141 0.290384
1 1 0.299723 0.307858 0.151756 0.005017 0.235646
0 1 0.356548 0.314293 0.120427 0.003529 0.205204
0 1 0.334407 0.291361 0.151528 0.004770 0.217933
2 1 0.091893 0.286094 0.460496 0.008183 0.153334
1 1 0.201182 0.344659 0.138102 0.000605 0.315451
4 1 0.181967 0.320090 0.103739 0.000456 0.393748
1 1 0.134334 0.348306 0.201178 0.001945 0.314236
4 2 0.144273 0.338504 0.146051 0.000652 0.370519
4 2 0.170920 0.321954 0.114688 0.000543 0.391895
0 1 0.489708 0.271687 0.161825 0.005572 0.071208
2 1 0.241388 0.225052 0.449202 0.021591 0.062767
0 0 0.367000 0.339849 0.199262 0.003119 0.090769
0 1 0.680407 0.166491 0.086548 0.007424 0.059130
0 0 0.497457 0.229803 0.184583 0.008981 0.079176
0 1 0.609797 0.167150 0.024325 0.000703 0.198025
0 1 0.523820 0.232673 0.026164 0.000519 0.216824
4 1 0.345437 0.256521 0.038768 0.001462 0.357813
0 1 0.469626 0.251064 0.040010 0.000735 0.238565
0 1 0.619535 0.191615 0.014974 0.000169 0.173707
0 1 0.776839 0.114427 0.051828 0.009953 0.046952
0 0 0.858440 0.072760 0.041461 0.005531 0.021808
0 0 0.901887 0.034476 0.031169 0.020899 0.011569
0 0 0.893138 0.030843 0.036418 0.030169 0.009431
0 0 0.930389 0.036835 0.018409 0.003105 0.011263
0 0 0.767995 0.088229 0.100541 0.021162 0.022073
0 0 0.475439 0.072355 0.255111 0.182069 0.015026
0 0 0.592514 0.223163 0.134085 0.002818 0.047420
0 0 0.763947 0.098109 0.115243 0.006253 0.016449
0 0 0.619153 0.087535 0.212888 0.063599 0.016825
4 0 0.274693 0.120019 0.001796 0.000001 0.603491
4 4 0.356409 0.103776 0.000890 0.000000 0.538924
4 4 0.300776 0.110150 0.001217 0.000000 0.587857
4 4 0.234802 0.119787 0.001994 0.000001 0.643416
4 4 0.187444 0.118820 0.002336 0.000001 0.691399
4 4 0.190896 0.127386 0.003010 0.000002 0.678705
4 4 0.163111 0.098071 0.001274 0.000000 0.737543
4 4 0.089656 0.096555 0.002255 0.000001 0.811533
4 4 0.107437 0.100788 0.002174 0.000001 0.789600
4 4 0.113728 0.107076 0.002576 0.000001 0.776620
4 4 0.078190 0.102106 0.003254 0.000001 0.816449
4 4 0.067978 0.096779 0.003118 0.000001 0.832124
4 4 0.069319 0.099697 0.003413 0.000001 0.827570
4 4 0.053596 0.084152 0.002430 0.000000 0.859822
4 4 0.056091 0.087218 0.002635 0.000001 0.854055
4 4 0.176898 0.129728 0.003463 0.000002 0.689909
4 4 0.231010 0.130188 0.002795 0.000002 0.636006
4 4 0.171460 0.113506 0.002125 0.000001 0.712908
4 4 0.110956 0.130249 0.005626 0.000005 0.753164
4 1 0.141314 0.108408 0.002153 0.000001 0.748125
4 4 0.193668 0.146899 0.005202 0.000007 0.654224
4 4 0.131996 0.136463 0.005620 0.000006 0.725915
4 4 0.157694 0.139700 0.005158 0.000006 0.697443
4 4 0.132885 0.128933 0.004473 0.000003 0.733705
4 4 0.111375 0.133477 0.006164 0.000007 0.748977
4 4 0.096424 0.129843 0.006478 0.000007 0.767249
4 4 0.054952 0.083662 0.002308 0.000000 0.859078
4 4 0.060713 0.085532 0.002230 0.000000 0.851524
4 4 0.061387 0.090601 0.002736 0.000001 0.845276
4 4 0.067524 0.094964 0.002925 0.000001 0.834586
4 4 0.088584 0.129700 0.007090 0.000008 0.774619
4 4 0.059539 0.104515 0.004878 0.000002 0.831066
4 4 0.077357 0.130283 0.008415 0.000011 0.783934
4 4 0.064100 0.111538 0.005738 0.000004 0.818620
4 2 0.077940 0.128949 0.008015 0.000009 0.785086
2 2 0.073097 0.294516 0.348628 0.005435 0.278324
4 1 0.072872 0.310695 0.246213 0.001960 0.368261
4 2 0.073793 0.313023 0.219378 0.003907 0.389900
4 2 0.074434 0.313028 0.233103 0.004200 0.375234
4 2 0.071381 0.290313 0.261487 0.004109 0.372709
1 2 0.174946 0.327931 0.208844 0.005518 0.282761
4 2 0.092685 0.308759 0.214768 0.002801 0.380987
1 2 0.117065 0.353038 0.204323 0.002757 0.322817
4 2 0.102005 0.309495 0.229768 0.004103 0.354629
4 2 0.084128 0.284069 0.256837 0.005394 0.369572
2 2 0.054238 0.308487 0.512984 0.002974 0.121317
2 2 0.032922 0.256834 0.591394 0.004428 0.114422
2 2 0.031653 0.222138 0.636784 0.009524 0.099900
2 2 0.033921 0.278217 0.540432 0.007100 0.140330
2 2 0.039463 0.233848 0.625391 0.012910 0.088387
2 1 0.104816 0.294408 0.351078 0.007847 0.241850
2 1 0.073021 0.278713 0.442579 0.009772 0.195915
2 2 0.115610 0.269285 0.395412 0.030472 0.189221
2 2 0.066022 0.269462 0.518927 0.016106 0.129483
2 2 0.072538 0.265374 0.510099 0.016998 0.134991
2 2 0.095786 0.263952 0.519620 0.028853 0.091788
2 2 0.093667 0.264170 0.511015 0.025005 0.106144
2 2 0.110633 0.202564 0.574949 0.042469 0.069385
2 1 0.118657 0.245025 0.504498 0.029678 0.102141
2 2 0.106160 0.236467 0.530756 0.050344 0.076272
2 2 0.021713 0.151542 0.731043 0.039488 0.056214
2 2 0.023526 0.180487 0.725528 0.013633 0.056826
2 2 0.031648 0.217472 0.653469 0.012310 0.085101
2 2 0.013695 0.138765 0.786003 0.025303 0.036233
2 2 0.020592 0.178904 0.726092 0.015097 0.059315
2 2 0.065918 0.255974 0.526741 0.024732 0.126635
2 1 0.062323 0.253569 0.544296 0.024955 0.114857
2 2 0.050715 0.230279 0.525036 0.039496 0.154474
2 2 0.071181 0.275179 0.506270 0.015531 0.131840
2 2 0.056936 0.236840 0.506464 0.029564 0.170196
2 2 0.059497 0.194461 0.667719 0.032881 0.045442
2 2 0.046403 0.144690 0.722684 0.059391 0.026831
2 2 0.051057 0.236377 0.655283 0.011352 0.045930
2 2 0.050542 0.166782 0.718505 0.027239 0.036932
2 2 0.038655 0.133384 0.710062 0.083256 0.034642
2 2 0.105771 0.141407 0.592013 0.134545 0.026264
2 2 0.050991 0.145127 0.647335 0.121856 0.034690
2 2 0.061689 0.138555 0.622292 0.140814 0.036650
2 2 0.087538 0.181563 0.567208 0.113693 0.049998
2 2 0.101109 0.171997 0.507744 0.139377 0.079773
2 2 0.079172 0.171139 0.629909 0.086460 0.033320
2 2 0.052582 0.121410 0.670311 0.131509 0.024187
2 2 0.056913 0.100502 0.586356 0.236967 0.019261
2 2 0.096271 0.102933 0.511117 0.268142 0.021537
2 0 0.098427 0.145683 0.556534 0.155741 0.043615
2 1 0.304740 0.203943 0.324380 0.076264 0.090673
0 1 0.396850 0.261254 0.253163 0.019755 0.068978
0 2 0.491634 0.146571 0.268822 0.059590 0.033383
2 0 0.199623 0.179363 0.490662 0.086551 0.043800
0 1 0.590276 0.087582 0.152168 0.141580 0.028393
4 2 0.189524 0.258761 0.055653 0.001593 0.494469
4 2 0.183039 0.223707 0.040316 0.000937 0.552001
4 1 0.203273 0.221421 0.051170 0.001626 0.522510
4 2 0.240145 0.280346 0.108991 0.001729 0.368789
4 1 0.151225 0.221508 0.055375 0.001598 0.570294
0 2 0.540234 0.195694 0.105139 0.009301 0.149632
0 1 0.574302 0.180452 0.118175 0.013616 0.113456
0 2 0.646104 0.151656 0.090002 0.014821 0.097418
0 1 0.418758 0.250528 0.118772 0.009475 0.202467
0 1 0.528745 0.210324 0.167777 0.012959 0.080195
0 2 0.506425 0.260261 0.158583 0.006042 0.068688
0 1 0.564554 0.188152 0.187063 0.012892 0.047339
2 1 0.184872 0.294219 0.449859 0.015120 0.055930
0 1 0.573739 0.201125 0.164491 0.008836 0.051810
0 1 0.342018 0.244338 0.317648 0.025272 0.070724
4 2 0.199319 0.280358 0.112417 0.003623 0.404284
1 1 0.243738 0.292742 0.173483 0.006809 0.283227
4 1 0.258198 0.286073 0.083422 0.001307 0.371000
4 2 0.237806 0.246885 0.100887 0.004742 0.409681
4 0 0.181478 0.311098 0.157185 0.002922 0.347316
4 1 0.315352 0.244034 0.022199 0.000054 0.418361
4 1 0.242843 0.212142 0.018900 0.000163 0.525953
4 1 0.170516 0.205188 0.022952 0.000235 0.601109
4 1 0.222167 0.230368 0.027560 0.000283 0.519622
4 1 0.337507 0.241764 0.021016 0.000054 0.399658
0 1 0.447428 0.240440 0.109457 0.003704 0.198972
0 1 0.483799 0.258104 0.107590 0.002782 0.147724
0 1 0.423151 0.298285 0.090227 0.002075 0.186262
0 1 0.514523 0.228818 0.107649 0.009361 0.139649
0 1 0.368128 0.276243 0.209412 0.007715 0.138502
4 2 0.306029 0.300961 0.062281 0.000522 0.330208
4 1 0.228089 0.294199 0.091711 0.001800 0.384201
0 1 0.330350 0.296755 0.075768 0.000893 0.296234
4 1 0.256559 0.296420 0.062123 0.000460 0.384438
4 1 0.184331 0.257914 0.045939 0.000343 0.511474
4 1 0.187641 0.276751 0.066092 0.000512 0.469003
4 1 0.269538 0.296024 0.059199 0.000400 0.374839
4 1 0.293058 0.260718 0.057004 0.000890 0.388330
4 1 0.145730 0.224684 0.052387 0.000931 0.576268
4 1 0.226440 0.298368 0.071029 0.000611 0.403553
4 1 0.239979 0.311080 0.102933 0.001750 0.344258
0 1 0.377412 0.287051 0.113854 0.001900 0.219783
4 2 0.281834 0.260152 0.117481 0.004230 0.336304
4 1 0.251826 0.303542 0.106649 0.002482 0.335501
1 0 0.243869 0.324822 0.139690 0.001494 0.290124
0 0 0.454820 0.238919 0.091025 0.002901 0.212335
0 1 0.667192 0.166739 0.078434 0.010320 0.077315
4 1 0.295066 0.286483 0.072824 0.001620 0.344007
0 1 0.433371 0.215779 0.138231 0.008678 0.203941
0 1 0.449958 0.270902 0.041892 0.000493 0.236756
4 0 0.297790 0.264911 0.092867 0.003035 0.341397
0 1 0.584061 0.145273 0.062235 0.010252 0.198180
0 1 0.353322 0.261081 0.040629 0.000682 0.344286
4 1 0.340599 0.221213 0.073665 0.007034 0.357488
4 1 0.339321 0.244009 0.070574 0.003477 0.342619
4 1 0.099604 0.171487 0.018892 0.000090 0.709926
4 1 0.083188 0.173715 0.024455 0.000149 0.718493
4 1 0.126664 0.199327 0.024975 0.000134 0.648900
4 1 0.110280 0.178812 0.020054 0.000113 0.690740
4 0 0.115441 0.217877 0.036472 0.000177 0.630033
0 0 0.886399 0.065124 0.019302 0.002505 0.026669
0 0 0.929575 0.039605 0.009113 0.001956 0.019751
0 0 0.894541 0.063534 0.009103 0.000679 0.032143
0 0 0.944143 0.026907 0.011675 0.005725 0.011550
0 0 0.940071 0.028847 0.014089 0.005810 0.011184
0 0 0.918667 0.038032 0.010302 0.003317 0.029682
0 0 0.899812 0.056521 0.010657 0.000792 0.032218
0 0 0.913900 0.043564 0.003762 0.000320 0.038454
0 1 0.620764 0.157176 0.006478 0.000090 0.215492
0 1 0.773891 0.131305 0.005815 0.000036 0.088953
4 1 0.326559 0.274835 0.042908 0.000458 0.355240
4 1 0.319001 0.273825 0.041371 0.000364 0.365439
4 1 0.258569 0.277876 0.048956 0.000445 0.414154
4 1 0.221395 0.260443 0.045048 0.000616 0.472498
4 2 0.224624 0.244186 0.066782 0.001548 0.462861
2 2 0.209878 0.259531 0.418616 0.023678 0.088298
1 2 0.285017 0.324625 0.300014 0.009910 0.080435
2 2 0.112792 0.239353 0.540036 0.023255 0.084564
2 2 0.217325 0.325803 0.338107 0.010334 0.108430
2 2 0.102422 0.224859 0.563009 0.026957 0.082753
2 2 0.253569 0.283694 0.362186 0.025978 0.074573
2 2 0.178965 0.236250 0.468380 0.047886 0.068520
2 2 0.128210 0.203644 0.546239 0.050164 0.071742
2 2 0.238382 0.275819 0.368106 0.033726 0.083967
2 2 0.149721 0.233722 0.484068 0.043617 0.088872
2 2 0.235125 0.193166 0.446390 0.082536 0.042783
2 2 0.137445 0.147150 0.539801 0.145461 0.030143
2 2 0.207125 0.167088 0.450990 0.135563 0.039234
2 2 0.329240 0.149915 0.329360 0.143188 0.048297
2 2 0.191153 0.162917 0.447692 0.157410 0.040828
2 2 0.192542 0.154919 0.430766 0.182169 0.039604
0 2 0.322573 0.102142 0.256170 0.286964 0.032150
3 2 0.219704 0.107091 0.277753 0.358579 0.036873
2 2 0.208478 0.095082 0.371689 0.302082 0.022669
3 3 0.279310 0.084153 0.239760 0.368309 0.028468
3 3 0.317729 0.044029 0.089559 0.526233 0.022449
0 3 0.419713 0.101855 0.223492 0.222967 0.031973
0 3 0.477422 0.057399 0.130195 0.314210 0.020774
3 3 0.211710 0.075287 0.225989 0.460773 0.026241
0 3 0.486217 0.070956 0.130712 0.283521 0.028594
3 3 0.232864 0.035435 0.105417 0.611320 0.014964
3 3 0.249677 0.024865 0.069804 0.644025 0.011629
3 3 0.157698 0.021549 0.070960 0.739698 0.010096
3 3 0.279992 0.040687 0.090393 0.568566 0.020362
3 3 0.194395 0.031337 0.083668 0.675017 0.015583
3 3 0.148234 0.018129 0.063961 0.761301 0.008375
3 3 0.157177 0.018262 0.063672 0.752485 0.008403
3 3 0.172145 0.017605 0.061438 0.740825 0.007986
3 3 0.065943 0.008719 0.045576 0.875938 0.003824
3 3 0.120736 0.014449 0.057586 0.800695 0.006535
3 3 0.122892 0.015607 0.060125 0.794234 0.007143
3 3 0.122267 0.012720 0.053318 0.806075 0.005620
3 3 0.139689 0.017736 0.063690 0.770679 0.008205
3 3 0.127374 0.015004 0.058470 0.792355 0.006797
3 3 0.204943 0.018502 0.061345 0.706867 0.008343
3 3 0.212149 0.015160 0.054249 0.711859 0.006582
3 3 0.122230 0.011723 0.050796 0.810144 0.005107
3 3 0.151910 0.014600 0.056132 0.770878 0.006480
3 3 0.121210 0.010392 0.047325 0.816636 0.004437
3 3 0.117155 0.013112 0.054582 0.809306 0.005847
3 3 0.078182 0.006257 0.036678 0.876334 0.002550
3 3 0.154248 0.008796 0.041425 0.791961 0.003570
3 3 0.094769 0.007704 0.040732 0.853600 0.003195
3 3 0.102624 0.010304 0.048058 0.834553 0.004461
3 3 0.183015 0.010944 0.045942 0.755554 0.004545
3 3 0.153048 0.009769 0.044163 0.788980 0.004041
3 3 0.114000 0.010862 0.048970 0.821468 0.004700
3 3 0.128058 0.009131 0.043487 0.815531 0.003793
3 3 0.116945 0.012049 0.051924 0.813786 0.005295
3 3 0.113333 0.008810 0.043232 0.830946 0.003678
3 3 0.068447 0.006074 0.036513 0.886473 0.002494
3 3 0.062085 0.006522 0.038482 0.890174 0.002737
3 3 0.097812 0.008479 0.042996 0.847148 0.003565
3 3 0.087261 0.007809 0.041445 0.860213 0.003272
3 3 0.050336 0.006484 0.039093 0.901312 0.002774
3 3 0.083438 0.006606 0.037644 0.869612 0.002700
3 3 0.080881 0.007504 0.040789 0.867681 0.003145
3 3 0.089887 0.008094 0.042210 0.856406 0.003403
3 3 0.084959 0.008951 0.045118 0.857123 0.003849
3 3 0.084707 0.008083 0.042448 0.861346 0.003416
3 3 0.193373 0.013504 0.051550 0.735782 0.005791
3 3 0.140282 0.009337 0.043525 0.802995 0.003861
3 3 0.144820 0.012307 0.051092 0.786457 0.005325
3 3 0.268845 0.014716 0.050677 0.659522 0.006240
3 3 0.181715 0.012153 0.048952 0.752037 0.005143
3 3 0.076598 0.009096 0.046056 0.864288 0.003962
3 3 0.159868 0.009105 0.042064 0.785257 0.003706
3 3 0.111375 0.008965 0.043780 0.832121 0.003760
3 3 0.165245 0.009850 0.043864 0.776989 0.004052
3 3 0.135528 0.007497 0.038331 0.815650 0.002995
3 3 0.093777 0.009274 0.045593 0.847380 0.003976
3 3 0.120504 0.009757 0.045608 0.820008 0.004123
3 3 0.107216 0.009267 0.044868 0.834726 0.003923
3 3 0.112760 0.011890 0.051750 0.818369 0.005231
3 3 0.105241 0.009515 0.045686 0.835505 0.004053
3 3 0.063151 0.005646 0.035206 0.893690 0.002307
3 3 0.153241 0.011115 0.047691 0.783253 0.004701
3 3 0.120819 0.011295 0.049758 0.813234 0.004894
3 3 0.086511 0.007663 0.041015 0.861608 0.003203
3 3 0.103488 0.008605 0.043097 0.841202 0.003608
3 3 0.072026 0.005947 0.035864 0.883742 0.002421
3 3 0.096985 0.007753 0.040783 0.851267 0.003212
3 3 0.095886 0.006373 0.036276 0.858909 0.002555
3 3 0.105961 0.008310 0.042084 0.840190 0.003456
3 3 0.064597 0.004915 0.032294 0.896237 0.001957
3 3 0.118786 0.010031 0.046454 0.820466 0.004264
3 3 0.141243 0.011309 0.048759 0.793857 0.004832
3 3 0.109049 0.009606 0.045749 0.831511 0.004085
3 3 0.139775 0.011283 0.048762 0.795357 0.004823
3 3 0.192101 0.010953 0.045583 0.746831 0.004531
3 3 0.046503 0.006981 0.041162 0.902306 0.003048
3 3 0.063974 0.007499 0.041748 0.883564 0.003214
3 3 0.058962 0.006356 0.038070 0.893945 0.002668
3 3 0.044390 0.006753 0.040509 0.905403 0.002945
3 3 0.060020 0.007496 0.041991 0.887260 0.003233
3 3 0.090015 0.006273 0.036187 0.865001 0.002524
3 3 0.110544 0.009496 0.045359 0.830576 0.004025
3 3 0.088813 0.009033 0.045147 0.853133 0.003874
3 3 0.086054 0.007403 0.040193 0.863273 0.003077
3 3 0.105015 0.008312 0.042136 0.841076 0.003460
3 3 0.070722 0.008347 0.044094 0.873228 0.003609
3 3 0.109090 0.009316 0.044914 0.832740 0.003941
3 3 0.064468 0.004588 0.030974 0.898164 0.001806
3 3 0.125394 0.009316 0.044133 0.817267 0.003891
3 3 0.054261 0.006879 0.040244 0.895664 0.002952
3 3 0.125894 0.007663 0.039224 0.824126 0.003093
3 3 0.139485 0.009788 0.044810 0.801834 0.004083
3 3 0.107806 0.007391 0.039133 0.842663 0.003007
3 3 0.164708 0.011027 0.046947 0.772691 0.004628
3 0 0.129939 0.006680 0.035955 0.824800 0.002626
0 0 0.695636 0.107950 0.060591 0.021555 0.114269
0 2 0.762046 0.089743 0.045168 0.018398 0.084646
0 2 0.447534 0.211521 0.039397 0.003040 0.298507
0 1 0.678939 0.129708 0.036341 0.005864 0.149148
0 1 0.374785 0.237775 0.029292 0.001399 0.356749
4 0 0.142000 0.147029 0.006996 0.000011 0.703964
4 0 0.135618 0.140041 0.006050 0.000007 0.718284
4 1 0.176103 0.143835 0.005212 0.000006 0.674844
4 1 0.099657 0.132460 0.006752 0.000007 0.761124
4 1 0.102454 0.149004 0.010403 0.000022 0.738117
4 1 0.043648 0.107075 0.007751 0.000006 0.841519
4 1 0.066552 0.112673 0.005710 0.000004 0.815062
4 1 0.049268 0.119562 0.010250 0.000013 0.820907
4 1 0.071013 0.127192 0.008459 0.000010 0.793327
4 1 0.045923 0.108183 0.007583 0.000006 0.838305
4 1 0.184578 0.173519 0.010598 0.000038 0.631268
4 1 0.252611 0.206304 0.014842 0.000055 0.526188
4 1 0.179811 0.152780 0.006496 0.000011 0.660902
4 1 0.208205 0.194015 0.012549 0.000022 0.585209
4 1 0.225493 0.196284 0.013406 0.000044 0.564773
4 2 0.102084 0.128528 0.005848 0.000005 0.763534
4 2 0.111403 0.115599 0.003532 0.000002 0.769464
4 2 0.087466 0.115995 0.004669 0.000003 0.791868
4 2 0.106427 0.117143 0.003904 0.000002 0.772524
4 2 0.105142 0.115547 0.003753 0.000002 0.775556
4 1 0.279030 0.144290 0.003677 0.000005 0.572998
4 1 0.184559 0.156371 0.006962 0.000013 0.652095
4 1 0.302201 0.147287 0.003816 0.000006 0.546689
4 1 0.335446 0.163233 0.005537 0.000016 0.495767
4 1 0.301923 0.143732 0.003462 0.000004 0.550879
4 1 0.124238 0.129154 0.004829 0.000004 0.741776
4 1 0.132528 0.144638 0.007034 0.000010 0.715790
4 1 0.100378 0.144706 0.009476 0.000017 0.745424
4 1 0.197682 0.167188 0.007848 0.000011 0.627270
4 1 0.151022 0.132860 0.004420 0.000004 0.711694
4 1 0.093647 0.144074 0.010058 0.000019 0.752202
4 1 0.078090 0.137504 0.010281 0.000017 0.774108
4 1 0.086387 0.165060 0.018987 0.000082 0.729484
4 1 0.099445 0.156912 0.013211 0.000038 0.730395
4 1 0.092563 0.148136 0.011375 0.000025 0.747902
2 1 0.100641 0.260289 0.350856 0.020770 0.267444
4 1 0.135301 0.298545 0.136976 0.003656 0.425521
4 1 0.144468 0.329615 0.151226 0.002330 0.372361
4 2 0.184190 0.310301 0.141808 0.004272 0.359430
4 1 0.098731 0.296608 0.187139 0.003578 0.413943
4 1 0.206837 0.239994 0.039307 0.001157 0.512705
4 1 0.252400 0.224809 0.079491 0.004438 0.438862
4 1 0.235479 0.247104 0.036170 0.000571 0.480676
0 1 0.368466 0.271821 0.038654 0.000333 0.320726
0 1 0.395497 0.251232 0.028513 0.000280 0.324478
4 1 0.327318 0.258598 0.032673 0.000286 0.381125
4 1 0.279316 0.230869 0.022962 0.000185 0.466668
4 1 0.276969 0.270441 0.044192 0.000518 0.407880
4 1 0.339773 0.265103 0.035209 0.000288 0.359627
0 1 0.388283 0.236377 0.022732 0.000235 0.352374
4 1 0.300293 0.235944 0.019223 0.000034 0.444506
4 1 0.238898 0.249374 0.024928 0.000025 0.486775
4 1 0.223979 0.260496 0.035467 0.000101 0.479957
4 1 0.164537 0.239243 0.039167 0.000324 0.556730
4 1 0.187567 0.250126 0.036642 0.000139 0.525527
0 1 0.372401 0.289447 0.046263 0.000223 0.291667
0 1 0.343419 0.253281 0.074843 0.002259 0.326197
0 1 0.439178 0.262378 0.060641 0.001166 0.236637
0 1 0.426750 0.268990 0.044792 0.000306 0.259162
0 1 0.405167 0.290723 0.050426 0.000330 0.253355
0 1 0.449751 0.284509 0.052941 0.000586 0.212213
0 1 0.482494 0.286006 0.063978 0.000935 0.166588
0 1 0.550446 0.206555 0.099083 0.007006 0.136910
0 1 0.533784 0.267084 0.045655 0.000327 0.153150
0 0 0.456107 0.272277 0.041586 0.000380 0.229649
0 1 0.450374 0.215165 0.028017 0.000128 0.306316
4 1 0.259181 0.208581 0.016104 0.000092 0.516042
4 2 0.187324 0.189160 0.014938 0.000089 0.608489
4 2 0.142128 0.181950 0.016506 0.000087 0.659330
4 2 0.146345 0.179849 0.015138 0.000068 0.658599
4 2 0.098921 0.198274 0.059583 0.000850 0.642372
4 4 0.092634 0.206812 0.072213 0.002033 0.626309
4 4 0.146657 0.242501 0.044625 0.000316 0.565903
4 4 0.091239 0.194575 0.033425 0.000251 0.680510
4 4 0.098288 0.204023 0.037468 0.000345 0.659877
4 4 0.068073 0.091164 0.002483 0.000001 0.838280
4 4 0.063286 0.112321 0.005983 0.000004 0.818405
4 4 0.081742 0.096421 0.002489 0.000001 0.819347
4 4 0.081056 0.088251 0.001798 0.000000 0.828896
4 4 0.071774 0.090623 0.002284 0.000000 0.835320
4 4 0.052988 0.093375 0.003647 0.000001 0.849988
4 4 0.056295 0.077919 0.001717 0.000000 0.864069
4 4 0.053481 0.092272 0.003449 0.000001 0.850797
4 4 0.052843 0.084370 0.002495 0.000000 0.860292
4 4 0.043043 0.081183 0.002758 0.000001 0.873016
4 4 0.075000 0.099006 0.003035 0.000001 0.822958
4 4 0.094238 0.099644 0.002404 0.000001 0.803714
4 4 0.092359 0.104538 0.002950 0.000001 0.800151
4 4 0.071781 0.112416 0.005185 0.000003 0.810615
4 4 0.079014 0.091183 0.002094 0.000000 0.827709
4 4 0.157421 0.165707 0.010189 0.000029 0.666653
4 4 0.169267 0.146708 0.005847 0.000008 0.678169
4 4 0.161760 0.156428 0.007876 0.000016 0.673919
4 4 0.203154 0.186933 0.013267 0.000072 0.596574
4 4 0.200460 0.159039 0.006932 0.000014 0.633554
4 4 0.117472 0.113362 0.003096 0.000001 0.766068
4 4 0.095847 0.108133 0.003222 0.000001 0.792796
4 4 0.106738 0.113563 0.003454 0.000002 0.776242
4 4 0.122702 0.118699 0.003529 0.000002 0.755069
4 4 0.130071 0.115824 0.003021 0.000001 0.751082
4 4 0.065876 0.086234 0.002091 0.000000 0.845798
4 4 0.059806 0.094740 0.003340 0.000001 0.842112
4 4 0.069359 0.089320 0.002249 0.000000 0.839071
4 4 0.085417 0.102551 0.002993 0.000001 0.809037
4 4 0.057360 0.082094 0.002043 0.000000 0.858503
4 4 0.161988 0.133580 0.004217 0.000004 0.700211
4 4 0.154285 0.122848 0.003192 0.000002 0.719674
4 4 0.147437 0.126180 0.003703 0.000002 0.722677
4 4 0.227890 0.145945 0.004432 0.000006 0.621727
4 4 0.156729 0.130408 0.003964 0.000003 0.708896
4 4 0.068190 0.092472 0.002615 0.000001 0.836722
4 2 0.077015 0.091533 0.002187 0.000000 0.829264
4 2 0.063369 0.092107 0.002805 0.000001 0.841718
4 2 0.068501 0.086488 0.002021 0.000000 0.842990
4 2 0.120397 0.099151 0.001808 0.000000 0.778644
4 2 0.053198 0.087441 0.002832 0.000001 0.856528
4 2 0.063145 0.084427 0.002028 0.000000 0.850400
4 2 0.052387 0.078561 0.001928 0.000000 0.867125
4 2 0.045660 0.090124 0.003809 0.000001 0.860406
4 2 0.049243 0.084382 0.002715 0.000001 0.863660
4 2 0.068227 0.178835 0.034955 0.000313 0.717671
4 2 0.063909 0.174070 0.033774 0.000275 0.727972
4 2 0.038926 0.144646 0.029099 0.000139 0.787189
4 2 0.065208 0.161615 0.024228 0.000123 0.748826
4 2 0.048411 0.168853 0.038125 0.000182 0.744429
2 2 0.009046 0.133902 0.759841 0.014889 0.082321
2 2 0.034406 0.336906 0.469162 0.000527 0.159000
2 2 0.013141 0.194120 0.673731 0.003530 0.115478
2 2 0.019915 0.201918 0.649116 0.006610 0.122442
2 2 0.023621 0.286755 0.533238 0.001817 0.154569
2 2 0.027718 0.334789 0.434979 0.000327 0.202187
2 2 0.014326 0.271188 0.575138 0.000362 0.138986
2 2 0.022574 0.316708 0.338108 0.000391 0.322219
2 2 0.020416 0.299028 0.409474 0.000509 0.270572
2 2 0.016343 0.280473 0.441759 0.000494 0.260932
2 2 0.015052 0.266919 0.492185 0.001201 0.224643
4 2 0.028492 0.328257 0.278570 0.000105 0.364576
2 2 0.021012 0.302304 0.339927 0.000471 0.336286
2 2 0.017593 0.321684 0.333941 0.000054 0.326727
2 2 0.010704 0.227094 0.602417 0.001332 0.158454
4 2 0.028104 0.321035 0.323827 0.000357 0.326677
4 2 0.037257 0.323431 0.309645 0.001268 0.328398
2 2 0.043069 0.320863 0.360451 0.002910 0.272708
2 2 0.036927 0.280952 0.496085 0.004272 0.181764
1 2 0.045183 0.360251 0.331655 0.000467 0.262444
4 2 0.101319 0.217327 0.050277 0.000288 0.630789
4 2 0.145952 0.282807 0.076874 0.000410 0.493957
4 2 0.116466 0.247126 0.071413 0.001610 0.563385
4 2 0.108294 0.243667 0.062049 0.000483 0.585507
4 0 0.149296 0.276476 0.070267 0.000432 0.503529
0 2 0.457250 0.202147 0.009919 0.000017 0.330666
4 0 0.365526 0.151995 0.003965 0.000008 0.478507
4 1 0.277335 0.156550 0.004767 0.000006 0.561342
4 1 0.209781 0.141026 0.004136 0.000004 0.645053
4 1 0.202725 0.152538 0.005810 0.000010 0.638918
4 1 0.087159 0.147980 0.012121 0.000028 0.752712
4 1 0.098148 0.133185 0.006740 0.000006 0.761922
4 1 0.083910 0.140180 0.010216 0.000018 0.765676
4 1 0.089631 0.139311 0.009254 0.000015 0.761789
4 1 0.085691 0.136763 0.009054 0.000014 0.768479
4 1 0.109200 0.178709 0.020223 0.000115 0.691754
4 2 0.100797 0.157436 0.013190 0.000038 0.728539
4 0 0.115558 0.183402 0.021174 0.000135 0.679731
4 1 0.127963 0.156305 0.009922 0.000023 0.705787
4 1 0.117710 0.168542 0.014672 0.000055 0.699020
4 1 0.122130 0.270507 0.078876 0.000492 0.527995
4 1 0.231653 0.288809 0.046517 0.000069 0.432952
4 1 0.183392 0.293964 0.067092 0.000210 0.455341
4 1 0.167450 0.271702 0.054900 0.000208 0.505740
4 1 0.189980 0.273051 0.094323 0.001238 0.441407
4 2 0.260237 0.187331 0.011154 0.000063 0.541215
4 1 0.209252 0.206031 0.024651 0.000312 0.559755
4 1 0.259818 0.188410 0.011438 0.000067 0.540266
4 0 0.261141 0.177997 0.008991 0.000037 0.551833
0 0 0.676958 0.120207 0.015002 0.000400 0.187433
4 1 0.194911 0.157844 0.006889 0.000014 0.640342
4 2 0.181022 0.162427 0.008251 0.000020 0.648280
4 2 0.135143 0.165625 0.011834 0.000037 0.687361
4 2 0.162644 0.180852 0.014108 0.000067 0.642328
4 2 0.151603 0.173564 0.012755 0.000049 0.662029
2 2 0.049326 0.259768 0.533212 0.009337 0.148357
1 2 0.099035 0.370988 0.349072 0.002870 0.178035
2 2 0.060642 0.347327 0.400736 0.002451 0.188844
1 2 0.139993 0.382788 0.244530 0.001333 0.231357
2 2 0.051760 0.296333 0.528801 0.003037 0.120069
1 2 0.173494 0.357793 0.200498 0.004411 0.263804
2 2 0.109940 0.326264 0.399343 0.009131 0.155323
1 2 0.185451 0.334092 0.256997 0.004070 0.219390
1 2 0.103687 0.368085 0.327230 0.003638 0.197360
1 2 0.170504 0.374927 0.248082 0.003109 0.203378
1 2 0.127280 0.363386 0.202374 0.001279 0.305681
1 1 0.143735 0.376997 0.199388 0.000684 0.279196
1 1 0.157126 0.366499 0.163409 0.000739 0.312227
1 1 0.162369 0.362551 0.128233 0.000181 0.346666
1 2 0.156989 0.374162 0.180440 0.000808 0.287601
1 2 0.187927 0.389979 0.156618 0.000260 0.265216
4 2 0.148901 0.323623 0.109892 0.000738 0.416846
4 2 0.182126 0.324335 0.089158 0.000249 0.404133
4 2 0.211169 0.329017 0.101733 0.000701 0.357380
4 2 0.178320 0.314503 0.118409 0.001005 0.387762
1 2 0.125679 0.328134 0.323563 0.005887 0.216737
1 2 0.157544 0.386348 0.203362 0.001359 0.251388
1 1 0.159932 0.347232 0.170235 0.002724 0.319876
1 1 0.193541 0.386838 0.199889 0.001404 0.218329
1 2 0.161123 0.386333 0.199750 0.001165 0.251629
1 2 0.123991 0.379268 0.207987 0.000884 0.287870
4 2 0.192341 0.338309 0.122244 0.000712 0.346394
4 2 0.128960 0.341618 0.123693 0.000384 0.405346
4 2 0.209493 0.329993 0.121662 0.000555 0.338297
1 2 0.132974 0.354878 0.194282 0.001812 0.316054
1 2 0.177509 0.360777 0.143017 0.000697 0.318000
1 2 0.128942 0.359240 0.287084 0.002378 0.222355
1 2 0.152433 0.347425 0.157490 0.001183 0.341468
1 1 0.138358 0.376013 0.157020 0.000253 0.328355
1 2 0.175851 0.373480 0.176325 0.000846 0.273498
4 2 0.346830 0.244565 0.025434 0.000197 0.382975
4 2 0.295694 0.255254 0.027801 0.000083 0.421168
0 0 0.391431 0.267913 0.029733 0.000068 0.310855
0 0 0.733876 0.120943 0.047875 0.002733 0.094573
0 1 0.519554 0.175942 0.011078 0.000214 0.293213
4 0 0.257664 0.170327 0.007563 0.000024 0.564422
4 1 0.220525 0.156933 0.006077 0.000012 0.616454
4 0 0.198936 0.156061 0.006468 0.000012 0.638522
4 1 0.374355 0.146621 0.003459 0.000006 0.475559
4 1 0.297724 0.150440 0.004189 0.000007 0.547639
4 1 0.180066 0.131711 0.003615 0.000003 0.684606
4 1 0.217791 0.138599 0.003745 0.000004 0.639862
4 1 0.213616 0.133474 0.003281 0.000003 0.649626
4 1 0.172368 0.133985 0.004024 0.000003 0.689620
4 1 0.193382 0.141969 0.004551 0.000005 0.660092
4 1 0.089980 0.123685 0.005794 0.000005 0.780536
4 1 0.091861 0.149798 0.011992 0.000028 0.746320
4 1 0.113416 0.128388 0.005196 0.000004 0.752996
4 1 0.102761 0.122960 0.004890 0.000004 0.769385
4 1 0.097619 0.137979 0.008103 0.000011 0.756288
4 1 0.139789 0.146677 0.007040 0.000011 0.706483
4 1 0.155819 0.136057 0.004704 0.000004 0.703416
4 1 0.122694 0.134477 0.005726 0.000006 0.737098
4 1 0.193493 0.149631 0.005602 0.000008 0.651266
4 1 0.187387 0.136877 0.004053 0.000004 0.671679
4 1 0.165041 0.197223 0.019828 0.000151 0.617757
4 4 0.130221 0.186286 0.019906 0.000128 0.663459
4 1 0.115970 0.199268 0.029710 0.000300 0.654752
4 1 0.170959 0.178216 0.012674 0.000054 0.638097
4 1 0.161595 0.187481 0.015829 0.000070 0.635025
4 1 0.163375 0.131103 0.003888 0.000003 0.701630
4 1 0.200920 0.148901 0.005318 0.000008 0.644854
4 1 0.202107 0.158785 0.006841 0.000014 0.632254
4 1 0.178714 0.153211 0.006606 0.000011 0.661457
4 1 0.194011 0.134114 0.003629 0.000003 0.668243
4 1 0.160575 0.157113 0.008072 0.000017 0.674223
4 1 0.149050 0.147162 0.006690 0.000010 0.697088
4 1 0.220899 0.239168 0.026393 0.000077 0.513464
4 1 0.218002 0.163029 0.006283 0.000006 0.612679
4 1 0.183520 0.174866 0.010994 0.000041 0.630580
4 1 0.069586 0.138924 0.011954 0.000020 0.779516
4 1 0.232148 0.214112 0.015613 0.000022 0.538105
4 1 0.079409 0.156208 0.016737 0.000057 0.747589
4 1 0.099478 0.159168 0.013984 0.000043 0.727327
4 0 0.097651 0.184344 0.023945 0.000099 0.693960
0 0 0.579533 0.108948 0.001589 0.000002 0.309928
4 1 0.296740 0.145908 0.003711 0.000005 0.553636
4 1 0.350129 0.137748 0.002737 0.000003 0.509384
4 1 0.263011 0.142277 0.003611 0.000004 0.591097
4 1 0.279762 0.138141 0.003087 0.000003 0.579008
4 1 0.176819 0.150045 0.005191 0.000002 0.667942
4 1 0.108684 0.095626 0.001759 0.000000 0.793931
4 1 0.117167 0.095722 0.001628 0.000000 0.785482
4 1 0.096127 0.099128 0.002306 0.000001 0.802439
4 1 0.141754 0.100496 0.001607 0.000000 0.756142
4 1 0.082429 0.107999 0.003531 0.000001 0.806040
4 1 0.202266 0.181831 0.009342 0.000008 0.606553
4 1 0.076743 0.114491 0.005151 0.000003 0.803612
4 1 0.168266 0.141637 0.004018 0.000001 0.686079
4 1 0.255786 0.219825 0.012058 0.000002 0.512329
0 1 0.352152 0.250250 0.048725 0.000614 0.348258
4 1 0.285114 0.296896 0.054421 0.000239 0.363330
4 2 0.244522 0.296372 0.067243 0.000680 0.391182
4 2 0.273898 0.296691 0.065095 0.000786 0.363530
4 2 0.251286 0.269749 0.045063 0.000455 0.433447
2 2 0.076315 0.328176 0.406784 0.002794 0.185932
1 2 0.115335 0.384543 0.310691 0.001940 0.187491
1 2 0.129262 0.363624 0.321867 0.003836 0.181411
2 2 0.107000 0.328611 0.423722 0.005031 0.135636
2 2 0.088055 0.337918 0.411023 0.003406 0.159597
4 2 0.203592 0.296655 0.055494 0.000070 0.444190
4 2 0.258350 0.314607 0.066286 0.000150 0.360607
1 2 0.300369 0.322528 0.077624 0.000328 0.299151
4 2 0.295590 0.305577 0.050584 0.000070 0.348179
4 2 0.270342 0.321794 0.082055 0.000405 0.325404
0 2 0.916644 0.037279 0.030054 0.006452 0.009571
0 1 0.918954 0.040534 0.023866 0.004607 0.012039
0 2 0.929639 0.021551 0.024822 0.017960 0.006029
0 2 0.942887 0.020041 0.020598 0.011094 0.005380
0 2 0.930921 0.033765 0.022832 0.003813 0.008668
0 1 0.989156 0.003723 0.002764 0.003219 0.001138
0 2 0.984139 0.006901 0.004364 0.002539 0.002057
0 2 0.975301 0.014221 0.003531 0.000892 0.006054
0 2 0.955669 0.027997 0.004284 0.000304 0.011746
0 1 0.962000 0.022775 0.004297 0.000634 0.010294
0 2 0.873452 0.076091 0.008084 0.000427 0.041947
0 2 0.929931 0.037590 0.010048 0.002655 0.019775
0 2 0.922622 0.034653 0.020142 0.009439 0.013144
0 2 0.963726 0.014953 0.008842 0.006580 0.005900
0 2 0.936046 0.024992 0.023326 0.009011 0.006625
0 2 0.875685 0.017029 0.029489 0.072421 0.005377
0 2 0.886555 0.018671 0.030241 0.058765 0.005768
0 2 0.866797 0.025957 0.039451 0.059666 0.008129
0 2 0.882412 0.026456 0.032326 0.049481 0.009324
0 2 0.887249 0.033845 0.040848 0.028213 0.009845
0 2 0.865032 0.044177 0.055014 0.024203 0.011573
0 2 0.830996 0.063755 0.057217 0.022855 0.025177
0 2 0.872610 0.056699 0.039556 0.012292 0.018843
0 2 0.824077 0.075525 0.053334 0.013381 0.033682
0 2 0.824400 0.069962 0.064950 0.019906 0.020781
0 2 0.721947 0.126628 0.081896 0.009621 0.059908
0 2 0.671700 0.135517 0.107846 0.023372 0.061564
0 2 0.714228 0.130617 0.091955 0.012741 0.050459
0 2 0.737985 0.106512 0.084760 0.016740 0.054005
0 2 0.704764 0.119134 0.096763 0.020406 0.058933
0 2 0.716471 0.130313 0.035157 0.001590 0.116469
4 2 0.341828 0.200724 0.011334 0.000041 0.446073
0 2 0.917136 0.049785 0.010807 0.000384 0.021888
0 2 0.798045 0.094098 0.007602 0.000149 0.100106
0 0 0.640669 0.126624 0.002464 0.000006 0.230236
0 0 0.972574 0.015433 0.002027 0.000538 0.009429
0 0 0.953301 0.024708 0.001176 0.000064 0.020752
0 0 0.984320 0.009676 0.002909 0.000311 0.002784
0 0 0.949513 0.027756 0.000560 0.000006 0.022165
0 1 0.971361 0.016546 0.000329 0.000003 0.011761
0 1 0.856999 0.059507 0.000682 0.000004 0.082808
0 1 0.928460 0.033089 0.000883 0.000015 0.037554
0 1 0.942307 0.029672 0.002535 0.000231 0.025255
0 1 0.720519 0.109386 0.002143 0.000016 0.167936
0 1 0.662264 0.120164 0.002395 0.000013 0.215164
0 1 0.502113 0.122167 0.001707 0.000002 0.374011
0 2 0.515080 0.127371 0.002059 0.000004 0.355486
4 1 0.421400 0.152423 0.004027 0.000011 0.422139
0 0 0.556473 0.119842 0.001713 0.000003 0.321969
0 1 0.558507 0.126355 0.002145 0.000005 0.312988
0 1 0.445853 0.126311 0.001877 0.000002 0.425956
