1 0 0.163071 0.362975 0.153984 0.000373 0.319597
0 0 0.354923 0.326477 0.130908 0.001560 0.186132
4 0 0.237347 0.231262 0.057783 0.021626 0.451982
4 0 0.130361 0.290947 0.096008 0.003469 0.479214
4 1 0.162540 0.339940 0.127316 0.000911 0.369294
4 1 0.217296 0.300162 0.079546 0.004306 0.398690
4 1 0.194972 0.282555 0.072188 0.007024 0.443261
1 0 0.296551 0.303233 0.176262 0.012221 0.211733
0 0 0.767651 0.131907 0.020544 0.015763 0.064135
0 0 0.574718 0.212983 0.042004 0.016017 0.154278
4 0 0.229569 0.255200 0.052726 0.017032 0.445473
4 0 0.204823 0.253933 0.054955 0.016805 0.469485
4 0 0.180070 0.305055 0.090683 0.003280 0.420911
4 0 0.212254 0.254436 0.054282 0.016882 0.462146
4 0 0.157300 0.258707 0.065507 0.011716 0.506770
4 1 0.055917 0.202730 0.069252 0.012344 0.659757
4 1 0.055917 0.202730 0.069252 0.012344 0.659757
4 1 0.056178 0.204927 0.070721 0.011585 0.656590
4 1 0.055917 0.202730 0.069252 0.012344 0.659757
4 1 0.055917 0.202730 0.069252 0.012344 0.659757
4 1 0.055917 0.202730 0.069252 0.012344 0.659757
4 1 0.055917 0.202730 0.069252 0.012344 0.659757
4 1 0.055917 0.202730 0.069252 0.012344 0.659757
4 1 0.055917 0.202730 0.069252 0.012344 0.659757
4 1 0.055917 0.202730 0.069252 0.012344 0.659757
4 1 0.055917 0.202730 0.069252 0.012344 0.659757
4 4 0.055917 0.202730 0.069252 0.012344 0.659757
4 4 0.055917 0.202730 0.069252 0.012344 0.659757
4 4 0.055917 0.202730 0.069252 0.012344 0.659757
4 4 0.055917 0.202730 0.069252 0.012344 0.659757
4 4 0.055917 0.202730 0.069252 0.012344 0.659757
4 4 0.052655 0.194900 0.071064 0.012770 0.668611
4 4 0.055917 0.202730 0.069252 0.012344 0.659757
4 4 0.025264 0.118981 0.092325 0.017713 0.745716
4 4 0.030571 0.135272 0.086521 0.016674 0.730962
2 4 0.001284 0.051713 0.929793 0.000470 0.016740
2 4 0.013299 0.192488 0.667227 0.000355 0.126631
2 4 0.002845 0.079773 0.879116 0.000305 0.037960
2 2 0.000726 0.033901 0.954363 0.000629 0.010381
2 2 0.000953 0.039614 0.943583 0.001071 0.014778
4 2 0.074683 0.216824 0.067388 0.013432 0.627673
1 2 0.104311 0.368703 0.192236 0.007360 0.327391
4 2 0.124214 0.272330 0.082496 0.020504 0.500456
4 4 0.182015 0.251650 0.057046 0.016513 0.492775
2 4 0.068677 0.277192 0.434608 0.047674 0.171849
2 4 0.011230 0.106926 0.843872 0.008732 0.029241
2 2 0.021935 0.245774 0.604911 0.016084 0.111297
2 2 0.008555 0.078222 0.893389 0.006896 0.012938
2 2 0.015121 0.112630 0.848043 0.009622 0.014583
2 2 0.010591 0.149080 0.761669 0.023772 0.054888
2 2 0.002375 0.032381 0.939547 0.022703 0.002994
2 2 0.002517 0.034682 0.937637 0.021726 0.003438
2 2 0.001698 0.021921 0.954286 0.020186 0.001909
2 2 0.002996 0.022816 0.899901 0.071856 0.002430
2 2 0.004528 0.061803 0.903230 0.021477 0.008962
2 2 0.005390 0.023747 0.902820 0.066813 0.001230
2 2 0.002906 0.036936 0.894436 0.060245 0.005477
2 2 0.010756 0.052047 0.867969 0.063148 0.006080
2 2 0.000701 0.016055 0.901020 0.079502 0.002722
2 2 0.004708 0.028594 0.895319 0.069042 0.002337
2 2 0.002142 0.017508 0.870881 0.107842 0.001628
2 2 0.001806 0.044663 0.917120 0.025681 0.010730
2 2 0.002165 0.020918 0.926136 0.049320 0.001461
2 2 0.006048 0.026789 0.757237 0.206826 0.003099
2 2 0.002154 0.019772 0.924249 0.052477 0.001348
2 2 0.004024 0.018645 0.853097 0.123079 0.001155
2 2 0.007009 0.029279 0.789568 0.170014 0.004131
2 2 0.005515 0.059924 0.845536 0.077975 0.011049
2 2 0.008728 0.038310 0.819349 0.129401 0.004212
2 2 0.007432 0.038184 0.816557 0.133497 0.004330
3 2 0.011144 0.016603 0.481132 0.490119 0.001002
3 2 0.006075 0.008602 0.441184 0.543752 0.000387
2 2 0.008464 0.020911 0.540548 0.428298 0.001779
3 2 0.008160 0.012699 0.416296 0.562216 0.000630
3 2 0.005967 0.012593 0.445575 0.534837 0.001028
2 2 0.013589 0.048677 0.628737 0.301537 0.007461
2 2 0.010115 0.020677 0.623808 0.343437 0.001963
2 2 0.013533 0.026438 0.596779 0.361063 0.002186
2 2 0.019227 0.041323 0.563522 0.370991 0.004936
3 2 0.011393 0.022546 0.477160 0.486206 0.002696
2 2 0.011708 0.022558 0.517707 0.446410 0.001618
3 2 0.008180 0.016325 0.438901 0.534931 0.001663
2 2 0.013236 0.022923 0.488339 0.473346 0.002155
2 2 0.002161 0.007799 0.526125 0.463399 0.000517
2 2 0.020404 0.072156 0.753074 0.147992 0.006375
2 2 0.022146 0.143938 0.758907 0.041873 0.033136
2 2 0.007940 0.077315 0.823881 0.059443 0.031421
2 2 0.011448 0.080421 0.811287 0.068753 0.028090
2 2 0.004054 0.088060 0.856172 0.013608 0.038106
2 2 0.013547 0.134255 0.649175 0.101001 0.102021
2 2 0.003262 0.050303 0.880340 0.053994 0.012101
2 2 0.000477 0.014081 0.950036 0.033194 0.002213
2 2 0.001056 0.017983 0.886780 0.090128 0.004054
2 2 0.003057 0.030261 0.842075 0.120218 0.004389
2 2 0.005889 0.054422 0.862585 0.066913 0.010192
2 2 0.008034 0.035094 0.778256 0.173711 0.004904
2 2 0.008579 0.054022 0.790046 0.140176 0.007177
2 2 0.007531 0.032657 0.819007 0.137833 0.002972
2 2 0.010840 0.084968 0.780634 0.101860 0.021698
2 2 0.009822 0.058660 0.806787 0.115952 0.008779
2 2 0.008146 0.049703 0.857542 0.078115 0.006494
2 2 0.007578 0.031414 0.751862 0.205360 0.003786
2 2 0.008339 0.026783 0.795769 0.167391 0.001718
2 2 0.012201 0.028460 0.710622 0.246623 0.002095
2 2 0.011653 0.059390 0.792904 0.127951 0.008101
2 2 0.034391 0.196495 0.664620 0.043353 0.061141
2 2 0.051559 0.138539 0.703351 0.073594 0.032957
2 2 0.020714 0.176464 0.710082 0.030239 0.062501
2 2 0.019280 0.093044 0.803135 0.066342 0.018200
2 2 0.015983 0.110928 0.835679 0.017247 0.020163
2 2 0.021480 0.139975 0.784706 0.025444 0.028396
2 2 0.013686 0.074044 0.860206 0.043311 0.008752
2 2 0.022095 0.093278 0.791713 0.073886 0.019028
2 2 0.008260 0.047545 0.894952 0.045499 0.003744
2 2 0.010457 0.112606 0.828401 0.021207 0.027328
2 2 0.008294 0.050352 0.864620 0.070322 0.006411
2 2 0.010454 0.045546 0.871499 0.067082 0.005419
2 2 0.016284 0.102923 0.837121 0.026761 0.016911
2 2 0.007999 0.036154 0.861082 0.091655 0.003110
2 2 0.015246 0.079466 0.883026 0.015866 0.006396
2 2 0.015176 0.122043 0.843759 0.005888 0.013135
2 2 0.040828 0.176939 0.714355 0.038924 0.028954
2 2 0.011183 0.072397 0.855770 0.046992 0.013657
2 2 0.020396 0.110892 0.815553 0.034212 0.018947
2 2 0.035876 0.176775 0.735200 0.022504 0.029644
2 2 0.017156 0.248879 0.661981 0.002224 0.069760
2 2 0.023212 0.196434 0.711801 0.003471 0.065082
2 2 0.017185 0.163715 0.772287 0.009487 0.037326
2 2 0.033214 0.257243 0.662093 0.000876 0.046574
2 2 0.009975 0.168553 0.759353 0.004019 0.058100
0 2 0.588317 0.219948 0.032724 0.004298 0.154713
0 2 0.813592 0.103388 0.012158 0.019198 0.051663
0 0 0.789209 0.117606 0.012009 0.013114 0.068062
0 0 0.700630 0.152639 0.020657 0.021998 0.104076
0 0 0.668423 0.171871 0.019547 0.010009 0.130149
4 0 0.329707 0.250712 0.044073 0.017233 0.358275
4 0 0.309667 0.266832 0.051979 0.011231 0.360291
0 0 0.460178 0.239430 0.037390 0.011162 0.251841
0 0 0.387577 0.242827 0.039311 0.016944 0.313341
0 0 0.340595 0.259426 0.047274 0.012662 0.340044
0 0 0.464674 0.227730 0.033210 0.016197 0.258189
0 0 0.450210 0.249304 0.041253 0.008526 0.250708
0 0 0.593704 0.215775 0.031311 0.004794 0.154417
0 0 0.491769 0.229843 0.034037 0.011617 0.232734
4 0 0.269870 0.255037 0.049175 0.017237 0.408681
0 0 0.589180 0.194127 0.023911 0.014239 0.178543
0 0 0.579607 0.197080 0.024601 0.014420 0.184291
0 0 0.702171 0.164361 0.018637 0.006735 0.108097
0 0 0.492239 0.221217 0.031093 0.015840 0.239612
0 0 0.748542 0.136268 0.013041 0.010466 0.091682
0 0 0.531255 0.211077 0.028153 0.015259 0.214257
0 0 0.587741 0.194575 0.024014 0.014266 0.179403
0 0 0.522217 0.213519 0.028828 0.015401 0.220035
0 0 0.491348 0.223484 0.031838 0.014736 0.238594
0 0 0.573956 0.198796 0.025011 0.014525 0.187712
0 0 0.478616 0.224505 0.032135 0.016022 0.248722
0 0 0.441857 0.232694 0.034988 0.016457 0.274004
0 0 0.468102 0.226951 0.032945 0.016155 0.255848
0 0 0.577050 0.197859 0.024787 0.014468 0.185836
0 0 0.364755 0.246323 0.041169 0.017088 0.330663
0 0 0.532841 0.210642 0.028035 0.015233 0.213249
0 1 0.637247 0.178407 0.020504 0.013252 0.150590
0 0 0.744444 0.137967 0.013304 0.010582 0.093704
0 0 0.456558 0.237883 0.036808 0.012196 0.256555
0 0 0.765492 0.129120 0.011962 0.009976 0.083450
0 0 0.410832 0.238786 0.037442 0.016760 0.296180
0 0 0.391550 0.242170 0.038990 0.016915 0.310375
0 0 0.485254 0.222920 0.031626 0.015934 0.244266
0 0 0.613654 0.186308 0.022163 0.013752 0.164122
0 0 0.720865 0.147513 0.014837 0.011227 0.105557
0 0 0.656719 0.171617 0.019154 0.012816 0.139694
0 0 0.578008 0.197568 0.024717 0.014450 0.185257
0 1 0.618897 0.184583 0.021792 0.013644 0.161084
0 1 0.595844 0.192036 0.023432 0.014110 0.174578
0 0 0.783775 0.121177 0.010818 0.009426 0.074804
0 0 0.574753 0.215462 0.030486 0.006934 0.172366
0 0 0.541029 0.208373 0.027427 0.015100 0.208072
0 0 0.529513 0.223833 0.034691 0.011163 0.200800
0 0 0.698562 0.161425 0.022667 0.014228 0.103119
0 0 0.449399 0.231097 0.034398 0.016375 0.268732
4 0 0.136918 0.243088 0.061290 0.015645 0.543058
4 0 0.055917 0.202730 0.069252 0.012344 0.659757
4 4 0.055917 0.202730 0.069252 0.012344 0.659757
4 4 0.055917 0.202730 0.069252 0.012344 0.659757
4 4 0.055917 0.202730 0.069252 0.012344 0.659757
4 4 0.055917 0.202730 0.069252 0.012344 0.659757
4 4 0.055917 0.202730 0.069252 0.012344 0.659757
4 4 0.055917 0.202730 0.069252 0.012344 0.659757
4 4 0.055917 0.202730 0.069252 0.012344 0.659757
4 4 0.055917 0.202730 0.069252 0.012344 0.659757
4 4 0.055917 0.202730 0.069252 0.012344 0.659757
4 4 0.055917 0.202730 0.069252 0.012344 0.659757
4 4 0.055917 0.202730 0.069252 0.012344 0.659757
4 4 0.055917 0.202730 0.069252 0.012344 0.659757
4 4 0.055917 0.202730 0.069252 0.012344 0.659757
4 4 0.055917 0.202730 0.069252 0.012344 0.659757
4 4 0.055917 0.202730 0.069252 0.012344 0.659757
4 4 0.055917 0.202730 0.069252 0.012344 0.659757
4 4 0.055917 0.202730 0.069252 0.012344 0.659757
4 4 0.055917 0.202730 0.069252 0.012344 0.659757
4 4 0.055917 0.202730 0.069252 0.012344 0.659757
4 4 0.055917 0.202730 0.069252 0.012344 0.659757
4 4 0.055917 0.202730 0.069252 0.012344 0.659757
4 4 0.055917 0.202730 0.069252 0.012344 0.659757
4 4 0.055917 0.202730 0.069252 0.012344 0.659757
4 4 0.055917 0.202730 0.069252 0.012344 0.659757
4 4 0.055917 0.202730 0.069252 0.012344 0.659757
4 4 0.055917 0.202730 0.069252 0.012344 0.659757
4 4 0.060402 0.206519 0.068809 0.012632 0.651638
4 4 0.085533 0.223239 0.066309 0.013944 0.610976
4 4 0.067143 0.211686 0.068139 0.013030 0.640003
4 4 0.055917 0.202730 0.069252 0.012344 0.659757
4 4 0.299701 0.253425 0.046607 0.017277 0.382990
4 4 0.129084 0.240906 0.062043 0.015444 0.552523
4 4 0.055917 0.202730 0.069252 0.012344 0.659757
4 4 0.152729 0.246803 0.059785 0.016000 0.524683
4 4 0.331209 0.250550 0.043947 0.017229 0.357065
0 0 0.518174 0.214594 0.029131 0.015463 0.222638
4 0 0.317977 0.251894 0.045058 0.017260 0.367811
0 0 0.364327 0.246384 0.041204 0.017091 0.330993
0 0 0.495691 0.220363 0.030830 0.015792 0.237324
0 0 0.570245 0.199911 0.025281 0.014593 0.189971
0 0 0.696189 0.157078 0.016579 0.012054 0.118100
0 0 0.858041 0.079656 0.009310 0.020527 0.032466
0 0 0.665692 0.168406 0.018537 0.012608 0.134756
0 0 0.455371 0.229802 0.033932 0.016307 0.264588
0 0 0.510206 0.216679 0.029731 0.015583 0.227802
0 0 0.458992 0.229003 0.033651 0.016265 0.262090
0 0 0.482843 0.223499 0.031811 0.015966 0.245881
0 0 0.419131 0.237233 0.036781 0.016685 0.290169
0 0 0.445681 0.231890 0.034688 0.016416 0.271325
0 0 0.475600 0.225215 0.032367 0.016060 0.250758
0 0 0.533935 0.210341 0.027953 0.015216 0.212554
0 0 0.540603 0.208492 0.027458 0.015107 0.208340
0 0 0.518383 0.214539 0.029116 0.015460 0.222503
0 0 0.494724 0.220603 0.030904 0.015805 0.237964
0 0 0.412510 0.238477 0.037308 0.016745 0.294960
0 0 0.558120 0.218891 0.031247 0.007762 0.183980
0 0 0.351809 0.248088 0.042235 0.017153 0.340715
0 0 0.546744 0.206762 0.027004 0.015004 0.204486
4 0 0.055917 0.202730 0.069252 0.012344 0.659757
4 0 0.055917 0.202730 0.069252 0.012344 0.659757
4 0 0.055917 0.202730 0.069252 0.012344 0.659757
4 1 0.055917 0.202730 0.069252 0.012344 0.659757
4 4 0.055917 0.202730 0.069252 0.012344 0.659757
4 4 0.055917 0.202730 0.069252 0.012344 0.659757
4 4 0.055917 0.202730 0.069252 0.012344 0.659757
4 4 0.051560 0.202066 0.079873 0.014455 0.652046
4 4 0.045144 0.171574 0.077166 0.014607 0.691509
4 2 0.052684 0.194969 0.071047 0.012766 0.668533
4 2 0.325599 0.236916 0.047538 0.019972 0.369975
0 2 0.681011 0.162805 0.017495 0.012242 0.126447
0 2 0.575114 0.202514 0.040401 0.027289 0.154682
4 2 0.286685 0.300955 0.071750 0.003964 0.336646
4 2 0.312403 0.292735 0.065109 0.004775 0.324977
4 2 0.058592 0.227891 0.087521 0.005914 0.620082
4 2 0.059629 0.239909 0.097485 0.004128 0.598848
4 2 0.059089 0.233425 0.092001 0.005016 0.610470
4 2 0.021281 0.152366 0.242203 0.005631 0.578519
4 2 0.074377 0.322835 0.178467 0.000380 0.423942
4 2 0.301421 0.253614 0.048957 0.019509 0.376499
0 2 0.408073 0.243184 0.039103 0.014796 0.294845
0 2 0.382899 0.244718 0.040118 0.016383 0.315882
0 2 0.362627 0.267835 0.050282 0.008639 0.310616
0 2 0.510502 0.216602 0.029708 0.015578 0.227609
4 0 0.240315 0.267542 0.057611 0.012018 0.422514
4 0 0.169318 0.289346 0.082104 0.005063 0.454169
4 0 0.058593 0.233627 0.092230 0.006244 0.609306
4 1 0.055917 0.202730 0.069252 0.012344 0.659757
4 1 0.045331 0.250953 0.168012 0.011578 0.524125
4 2 0.038533 0.237126 0.206490 0.007665 0.510187
4 2 0.173557 0.262722 0.064477 0.011514 0.487730
0 2 0.386221 0.257787 0.045292 0.010501 0.300200
4 2 0.158774 0.248005 0.059215 0.016121 0.517886
4 2 0.071933 0.218985 0.070468 0.011729 0.626885
4 2 0.056953 0.306891 0.174750 0.005417 0.455990
4 2 0.057183 0.297637 0.161242 0.006620 0.477318
4 2 0.033151 0.247488 0.303509 0.003061 0.412793
2 2 0.018886 0.210067 0.499061 0.003940 0.268047
2 2 0.006498 0.119248 0.729105 0.004820 0.140330
2 2 0.003340 0.086630 0.862336 0.000383 0.047311
2 2 0.036293 0.354168 0.461135 0.000226 0.148178
2 2 0.001736 0.065070 0.913664 0.000927 0.018604
2 2 0.001472 0.050482 0.918979 0.004955 0.024112
2 2 0.002121 0.059531 0.888664 0.003826 0.045858
2 2 0.000553 0.020694 0.970769 0.003183 0.004800
2 2 0.022514 0.308734 0.587502 0.000614 0.080636
2 2 0.001036 0.041070 0.939958 0.002650 0.015285
2 2 0.000393 0.017983 0.968486 0.007612 0.005527
2 2 0.000827 0.030427 0.940238 0.015634 0.012874
2 2 0.001849 0.054808 0.907203 0.008327 0.027813
2 2 0.001101 0.035481 0.948169 0.006520 0.008729
2 2 0.003677 0.093245 0.885161 0.002082 0.015834
2 2 0.001485 0.046610 0.934823 0.002716 0.014365
2 2 0.006537 0.121711 0.801090 0.011600 0.059061
2 2 0.005065 0.108304 0.866038 0.000434 0.020159
2 2 0.013476 0.162236 0.765700 0.005029 0.053559
2 2 0.007104 0.151103 0.787700 0.000722 0.053371
2 2 0.004436 0.093853 0.863873 0.004042 0.033796
2 2 0.027510 0.331068 0.544453 0.000265 0.096705
2 2 0.005156 0.125944 0.834213 0.000372 0.034314
2 2 0.003297 0.094528 0.872781 0.000340 0.029054
2 2 0.006103 0.128408 0.809289 0.001220 0.054979
2 2 0.003146 0.076066 0.898937 0.002672 0.019180
2 2 0.004098 0.088557 0.853747 0.003972 0.049627
2 2 0.001262 0.035645 0.946555 0.008919 0.007619
2 2 0.003838 0.065012 0.892515 0.021931 0.016705
2 2 0.002293 0.058152 0.895663 0.018249 0.025643
2 2 0.003889 0.072289 0.899009 0.009333 0.015480
2 2 0.002067 0.050811 0.928117 0.005961 0.013045
2 2 0.006409 0.033284 0.686163 0.269380 0.004764
2 2 0.002331 0.016599 0.807821 0.171173 0.002076
2 2 0.023203 0.054186 0.747297 0.168169 0.007146
2 2 0.132931 0.338898 0.494368 0.002285 0.031517
2 2 0.003838 0.076644 0.815277 0.064904 0.039337
2 2 0.002944 0.062085 0.852446 0.046254 0.036271
2 2 0.020237 0.097531 0.828211 0.032612 0.021408
2 4 0.022157 0.187798 0.752886 0.014089 0.023070
2 4 0.003948 0.047168 0.902448 0.037936 0.008501
2 4 0.004124 0.048619 0.903170 0.035221 0.008865
2 4 0.010303 0.129511 0.685131 0.063316 0.111739
2 4 0.005294 0.055868 0.883678 0.042314 0.012846
2 4 0.004186 0.065974 0.798811 0.096396 0.034632
2 2 0.020396 0.098335 0.811064 0.053399 0.016806
2 2 0.064672 0.356444 0.497228 0.003217 0.078440
2 2 0.004384 0.058733 0.916286 0.013963 0.006634
2 2 0.000772 0.025209 0.951614 0.016060 0.006345
2 2 0.001657 0.039945 0.917967 0.029774 0.010657
2 2 0.000953 0.029668 0.953653 0.008410 0.007315
2 2 0.009312 0.101144 0.826145 0.038513 0.024886
0 2 0.540683 0.204908 0.037764 0.033689 0.182955
4 2 0.226446 0.311994 0.086185 0.002960 0.372415
0 2 0.350001 0.248322 0.042384 0.017161 0.342132
4 2 0.175190 0.298275 0.086931 0.003965 0.435639
4 2 0.328745 0.250815 0.044153 0.017236 0.359051
4 0 0.275828 0.255702 0.049049 0.016810 0.402611
0 0 0.330930 0.309894 0.074635 0.002328 0.282212
4 0 0.236027 0.330141 0.098468 0.001581 0.333783
4 1 0.121659 0.295315 0.103660 0.002716 0.476649
4 1 0.074319 0.344838 0.225675 0.002119 0.353049
2 2 0.008668 0.177046 0.754079 0.002360 0.057847
2 2 0.000543 0.024150 0.963685 0.002913 0.008710
2 2 0.001354 0.044443 0.937751 0.002475 0.013977
2 2 0.001776 0.050568 0.926923 0.002474 0.018259
2 2 0.001743 0.053461 0.922086 0.003659 0.019050
2 2 0.002419 0.057702 0.895016 0.011670 0.033193
2 2 0.002870 0.064198 0.903005 0.009959 0.019969
2 2 0.005203 0.067865 0.861736 0.036807 0.028389
2 2 0.011519 0.104489 0.829535 0.021296 0.033161
1 2 0.106293 0.413810 0.400754 0.000303 0.078841
2 2 0.021142 0.303086 0.610755 0.000239 0.064777
2 2 0.003521 0.081669 0.871032 0.012304 0.031474
2 2 0.002977 0.075376 0.876787 0.009782 0.035078
2 2 0.001169 0.036031 0.934449 0.014608 0.013743
2 2 0.001645 0.044315 0.908960 0.015566 0.029514
2 2 0.001464 0.034558 0.937594 0.015692 0.010693
2 2 0.006139 0.042533 0.849916 0.089079 0.012333
2 2 0.024464 0.136781 0.772584 0.033048 0.033123
1 2 0.230962 0.408794 0.270752 0.001570 0.087922
2 2 0.076314 0.389075 0.481212 0.000885 0.052514
2 2 0.005601 0.080558 0.887739 0.010701 0.015402
2 2 0.003430 0.071934 0.879775 0.017464 0.027396
2 2 0.012653 0.195887 0.723967 0.003975 0.063518
2 2 0.004442 0.088953 0.862208 0.008257 0.036139
2 2 0.009128 0.098556 0.878198 0.002422 0.011696
2 2 0.017611 0.277255 0.654111 0.000126 0.050897
2 2 0.007055 0.121977 0.812472 0.009005 0.049491
2 2 0.012588 0.180029 0.694102 0.010704 0.102575
2 2 0.005803 0.111174 0.811231 0.006903 0.064889
2 2 0.017238 0.255285 0.627146 0.002120 0.098210
2 2 0.001356 0.040611 0.940433 0.008528 0.009071
2 2 0.000389 0.014643 0.971876 0.011362 0.001730
2 2 0.000982 0.030931 0.942179 0.017162 0.008747
2 2 0.000932 0.026481 0.912865 0.047833 0.011889
2 2 0.000933 0.023146 0.938316 0.032385 0.005219
2 2 0.005116 0.040921 0.849775 0.095320 0.008868
2 2 0.017717 0.079807 0.809874 0.085706 0.006896
2 2 0.002530 0.048704 0.847932 0.081642 0.019191
2 2 0.002634 0.056382 0.892617 0.034499 0.013868
2 2 0.001759 0.041748 0.851470 0.092917 0.012105
2 2 0.001322 0.038228 0.922711 0.024624 0.013116
2 2 0.003227 0.070662 0.879761 0.012478 0.033872
2 2 0.001179 0.032985 0.934902 0.019549 0.011384
2 2 0.002287 0.055280 0.862307 0.052702 0.027425
2 2 0.008941 0.054879 0.727815 0.196814 0.011550
2 2 0.026798 0.166429 0.700826 0.041827 0.064120
2 2 0.072625 0.132125 0.608540 0.159313 0.027399
0 2 0.341730 0.330102 0.266295 0.006644 0.055230
2 2 0.093436 0.404321 0.438909 0.000551 0.062783
2 2 0.020203 0.199665 0.711485 0.011784 0.056863
2 2 0.000393 0.016315 0.964135 0.016289 0.002869
2 2 0.006018 0.107307 0.842174 0.007498 0.037004
2 2 0.000853 0.018487 0.946389 0.031755 0.002515
2 2 0.001855 0.029075 0.946121 0.019133 0.003816
2 2 0.002658 0.063523 0.906873 0.010534 0.016413
2 2 0.002983 0.060517 0.900303 0.021733 0.014464
2 2 0.003611 0.069910 0.880286 0.017522 0.028672
2 2 0.005623 0.086923 0.872853 0.014832 0.019768
2 2 0.001460 0.030251 0.917121 0.043183 0.007985
2 2 0.009095 0.076496 0.814514 0.082063 0.017832
2 2 0.001700 0.030913 0.778689 0.174871 0.013827
2 2 0.006593 0.059076 0.864795 0.060597 0.008939
2 2 0.008329 0.074300 0.820177 0.081700 0.015494
2 2 0.004468 0.043892 0.807155 0.133721 0.010764
2 2 0.013039 0.031539 0.710075 0.242359 0.002988
2 2 0.031690 0.093295 0.643914 0.214809 0.016293
2 2 0.013918 0.105419 0.755265 0.091928 0.033470
2 2 0.027609 0.079592 0.751221 0.129925 0.011653
2 2 0.029465 0.124347 0.821441 0.012904 0.011843
1 2 0.174964 0.417673 0.357436 0.000145 0.049781
2 2 0.021332 0.297706 0.611679 0.002149 0.067135
2 2 0.010077 0.123890 0.830267 0.006382 0.029385
2 2 0.011517 0.208142 0.713394 0.001869 0.065077
2 2 0.004360 0.081852 0.870961 0.005414 0.037412
2 2 0.001438 0.040083 0.943963 0.003126 0.011391
2 2 0.006425 0.114877 0.832964 0.011127 0.034607
2 2 0.003347 0.090547 0.888236 0.001855 0.016014
2 2 0.007080 0.053578 0.929722 0.005425 0.004195
2 2 0.016508 0.277024 0.660461 0.000308 0.045700
2 2 0.006361 0.131464 0.811717 0.002205 0.048253
2 2 0.000063 0.003972 0.978265 0.017292 0.000408
2 2 0.000443 0.012700 0.969570 0.016002 0.001284
2 2 0.000098 0.006095 0.969770 0.022558 0.001479
2 2 0.000616 0.024721 0.955509 0.012725 0.006430
2 2 0.000065 0.004667 0.974546 0.019847 0.000875
2 2 0.000024 0.001882 0.919148 0.078549 0.000397
2 2 0.000082 0.005596 0.980814 0.012997 0.000510
2 2 0.000152 0.008105 0.931344 0.058581 0.001818
2 2 0.000185 0.009491 0.951045 0.037230 0.002049
2 2 0.000100 0.002698 0.909392 0.087611 0.000199
2 2 0.002483 0.024507 0.866490 0.103078 0.003443
2 2 0.002223 0.021497 0.760908 0.210148 0.005225
2 2 0.002853 0.025075 0.748627 0.216896 0.006549
2 2 0.001589 0.021689 0.778684 0.192117 0.005920
2 2 0.006381 0.031681 0.688323 0.266919 0.006696
2 2 0.002225 0.009883 0.663763 0.323573 0.000556
3 2 0.000836 0.002254 0.229048 0.767691 0.000170
2 2 0.005140 0.015577 0.494017 0.483609 0.001658
2 2 0.004060 0.012601 0.754490 0.228370 0.000479
2 2 0.002006 0.006779 0.550688 0.440129 0.000398
3 2 0.000685 0.005134 0.418097 0.575660 0.000425
3 3 0.002814 0.009237 0.475095 0.512117 0.000737
3 3 0.004195 0.011205 0.436823 0.546939 0.000838
3 3 0.001195 0.004095 0.280288 0.713971 0.000451
3 3 0.003075 0.006959 0.285678 0.703619 0.000669
3 3 0.005670 0.005577 0.108214 0.880001 0.000537
3 3 0.005416 0.004322 0.117343 0.872636 0.000283
3 3 0.003077 0.003254 0.106630 0.886739 0.000300
3 3 0.007826 0.008243 0.206364 0.776990 0.000577
3 3 0.000944 0.001572 0.106342 0.891046 0.000096
3 3 0.001318 0.003583 0.235672 0.759206 0.000220
3 3 0.002680 0.007533 0.298317 0.690661 0.000809
3 3 0.001029 0.004382 0.267775 0.726430 0.000384
3 3 0.005678 0.013271 0.341986 0.637751 0.001314
3 3 0.001833 0.003479 0.251780 0.742736 0.000172
3 3 0.013241 0.012792 0.274628 0.698439 0.000900
3 3 0.002699 0.003242 0.139195 0.854705 0.000158
3 3 0.008880 0.008445 0.198746 0.783525 0.000403
3 3 0.005916 0.005716 0.160034 0.827939 0.000394
3 3 0.001195 0.001802 0.169873 0.827055 0.000074
3 3 0.006110 0.008050 0.168201 0.817057 0.000582
3 3 0.005418 0.005083 0.139962 0.849236 0.000301
3 3 0.003171 0.002676 0.074993 0.918941 0.000218
3 3 0.007829 0.006432 0.127897 0.857318 0.000524
3 3 0.007246 0.007942 0.155550 0.828627 0.000634
3 3 0.008349 0.006666 0.113850 0.870448 0.000687
3 3 0.010313 0.015134 0.205506 0.767078 0.001969
3 3 0.017112 0.017072 0.216989 0.746987 0.001840
3 3 0.010606 0.008345 0.095188 0.884575 0.001286
3 3 0.014307 0.020219 0.268541 0.694428 0.002505
2 3 0.026669 0.047692 0.486464 0.430540 0.008635
3 3 0.045755 0.038942 0.245707 0.658203 0.011394
2 3 0.044274 0.067689 0.496979 0.380132 0.010925
2 3 0.101996 0.219034 0.571418 0.077370 0.030182
1 0 0.172744 0.421478 0.345812 0.001491 0.058475
2 2 0.019113 0.228418 0.645958 0.015025 0.091486
2 2 0.015050 0.195872 0.703663 0.005642 0.079774
2 2 0.009734 0.137318 0.746933 0.018451 0.087565
2 2 0.017946 0.202673 0.615964 0.022850 0.140567
2 2 0.025815 0.295118 0.569405 0.005362 0.104300
2 2 0.033755 0.348505 0.486536 0.000201 0.131003
1 2 0.047972 0.360291 0.321464 0.001366 0.268907
2 2 0.008524 0.161251 0.750570 0.001235 0.078420
2 2 0.023260 0.265321 0.546620 0.000440 0.164359
1 1 0.051472 0.359935 0.329955 0.000099 0.258539
4 4 0.061711 0.321676 0.201282 0.000239 0.415092
4 4 0.055917 0.202730 0.069252 0.012344 0.659757
4 4 0.058759 0.229714 0.088977 0.005603 0.616947
4 4 0.061704 0.274362 0.131709 0.001403 0.530823
4 4 0.055917 0.202730 0.069252 0.012344 0.659757
4 4 0.055917 0.202730 0.069252 0.012344 0.659757
4 4 0.055917 0.202730 0.069252 0.012344 0.659757
4 4 0.055917 0.202730 0.069252 0.012344 0.659757
4 4 0.055917 0.202730 0.069252 0.012344 0.659757
4 4 0.055917 0.202730 0.069252 0.012344 0.659757
4 4 0.055917 0.202730 0.069252 0.012344 0.659757
4 4 0.055917 0.202730 0.069252 0.012344 0.659757
4 4 0.055917 0.202730 0.069252 0.012344 0.659757
4 4 0.055917 0.202730 0.069252 0.012344 0.659757
4 4 0.055917 0.202730 0.069252 0.012344 0.659757
4 4 0.055917 0.202730 0.069252 0.012344 0.659757
4 4 0.055917 0.202730 0.069252 0.012344 0.659757
4 4 0.055917 0.202730 0.069252 0.012344 0.659757
4 4 0.055917 0.202730 0.069252 0.012344 0.659757
4 4 0.055917 0.202730 0.069252 0.012344 0.659757
4 4 0.055917 0.202730 0.069252 0.012344 0.659757
4 4 0.055917 0.202730 0.069252 0.012344 0.659757
4 4 0.055917 0.202730 0.069252 0.012344 0.659757
4 4 0.055917 0.202730 0.069252 0.012344 0.659757
4 4 0.340504 0.249494 0.043172 0.017199 0.349632
4 4 0.055917 0.202730 0.069252 0.012344 0.659757
4 4 0.055917 0.202730 0.069252 0.012344 0.659757
4 4 0.055917 0.202730 0.069252 0.012344 0.659757
4 4 0.055917 0.202730 0.069252 0.012344 0.659757
4 4 0.055917 0.202730 0.069252 0.012344 0.659757
4 4 0.055917 0.202730 0.069252 0.012344 0.659757
4 4 0.055917 0.202730 0.069252 0.012344 0.659757
4 4 0.099019 0.229906 0.064975 0.014492 0.591608
4 4 0.125226 0.239739 0.062416 0.015339 0.557281
4 4 0.099384 0.230069 0.064939 0.014505 0.591102
4 4 0.055917 0.202730 0.069252 0.012344 0.659757
4 4 0.072189 0.215193 0.067636 0.013304 0.631678
4 4 0.111552 0.235057 0.063745 0.014928 0.574718
4 4 0.081097 0.220743 0.066750 0.013743 0.617667
4 4 0.055917 0.202730 0.069252 0.012344 0.659757
4 4 0.055917 0.202730 0.069252 0.012344 0.659757
4 4 0.055917 0.202730 0.069252 0.012344 0.659757
4 4 0.055917 0.202730 0.069252 0.012344 0.659757
4 4 0.055917 0.202730 0.069252 0.012344 0.659757
4 4 0.055917 0.202730 0.069252 0.012344 0.659757
4 4 0.055917 0.202730 0.069252 0.012344 0.659757
4 4 0.055917 0.202730 0.069252 0.012344 0.659757
4 4 0.055917 0.202730 0.069252 0.012344 0.659757
4 4 0.055917 0.202730 0.069252 0.012344 0.659757
4 4 0.055917 0.202730 0.069252 0.012344 0.659757
4 4 0.081071 0.220728 0.066752 0.013742 0.617707
0 0 0.383783 0.243441 0.039618 0.016971 0.316187
0 0 0.453305 0.230253 0.034093 0.016331 0.266018
4 0 0.344444 0.249019 0.042844 0.017184 0.346508
4 0 0.256329 0.255369 0.050357 0.017189 0.420755
4 0 0.162663 0.248719 0.058849 0.016194 0.513575
4 0 0.135170 0.242622 0.061458 0.015602 0.545148
4 0 0.233859 0.255306 0.052343 0.017063 0.441428
4 0 0.170019 0.249951 0.058161 0.016324 0.505545
4 0 0.188077 0.252372 0.056487 0.016599 0.486465
0 0 0.359094 0.284465 0.058594 0.004952 0.292895
0 0 0.364656 0.246338 0.041178 0.017089 0.330740
4 0 0.146571 0.245459 0.060369 0.015869 0.531732
4 0 0.163638 0.248891 0.058758 0.016212 0.512502
4 0 0.283794 0.254428 0.047971 0.017267 0.396541
4 0 0.268766 0.255073 0.049271 0.017234 0.409655
4 0 0.201664 0.253685 0.055243 0.016769 0.472639
4 0 0.109280 0.234189 0.063967 0.014854 0.577711
4 0 0.104799 0.232394 0.064406 0.014701 0.583701
4 0 0.055917 0.202730 0.069252 0.012344 0.659757
0 0 0.347287 0.274261 0.053804 0.007570 0.317078
0 0 0.758340 0.138654 0.017914 0.010308 0.074784
0 0 0.674014 0.178195 0.021631 0.006169 0.119991
0 0 0.641820 0.188423 0.023585 0.007404 0.138768
0 0 0.496551 0.236042 0.036381 0.008667 0.222360
4 0 0.331506 0.250518 0.043922 0.017228 0.356825
1 0 0.281974 0.323803 0.087649 0.001788 0.304786
4 0 0.301946 0.259221 0.048973 0.014471 0.375389
4 0 0.326862 0.251013 0.044311 0.017241 0.360574
4 0 0.320567 0.251646 0.044840 0.017255 0.365692
4 0 0.263496 0.282427 0.063104 0.007600 0.383372
4 0 0.340076 0.252933 0.044572 0.015519 0.346900
4 0 0.297142 0.280070 0.059204 0.007667 0.355918
4 0 0.296421 0.297389 0.068850 0.004335 0.333005
0 0 0.521547 0.213698 0.028878 0.015411 0.220466
4 0 0.247638 0.255440 0.051122 0.017148 0.428653
4 0 0.191475 0.252739 0.056175 0.016645 0.482967
4 0 0.100513 0.230568 0.064827 0.014547 0.589545
4 0 0.067538 0.211971 0.068100 0.013052 0.639339
4 0 0.055917 0.202730 0.069252 0.012344 0.659757
4 0 0.068805 0.212872 0.067973 0.013122 0.637228
4 1 0.057472 0.204078 0.069099 0.012446 0.656906
4 1 0.123489 0.239193 0.062584 0.015290 0.559445
4 1 0.055917 0.202730 0.069252 0.012344 0.659757
4 1 0.055917 0.202730 0.069252 0.012344 0.659757
4 1 0.055917 0.202730 0.069252 0.012344 0.659757
4 1 0.055917 0.202730 0.069252 0.012344 0.659757
4 1 0.055917 0.202730 0.069252 0.012344 0.659757
4 1 0.055917 0.202730 0.069252 0.012344 0.659757
4 4 0.055917 0.202730 0.069252 0.012344 0.659757
4 4 0.049972 0.233398 0.135580 0.002076 0.578974
4 4 0.035347 0.199890 0.191826 0.001212 0.571725
4 4 0.043145 0.239952 0.203254 0.000638 0.513010
4 4 0.028558 0.199757 0.302090 0.000265 0.469331
4 4 0.027854 0.201485 0.302686 0.000681 0.467293
4 2 0.059229 0.322892 0.221760 0.000169 0.395949
2 2 0.008058 0.127557 0.722173 0.000159 0.142053
4 2 0.039416 0.268503 0.308777 0.000205 0.383099
2 2 0.012525 0.156030 0.645149 0.000026 0.186269
2 2 0.029732 0.235217 0.397858 0.000069 0.337123
2 2 0.005292 0.121732 0.827196 0.000224 0.045556
2 2 0.035554 0.336484 0.487972 0.000021 0.139969
2 2 0.001674 0.052958 0.914344 0.000061 0.030963
2 2 0.005955 0.120041 0.815953 0.000033 0.058018
2 2 0.002292 0.069050 0.904910 0.000020 0.023729
2 2 0.005119 0.103997 0.838298 0.000005 0.052582
2 2 0.015858 0.202958 0.655980 0.000020 0.125185
2 2 0.008746 0.166916 0.775963 0.000045 0.048331
2 2 0.010199 0.158048 0.738785 0.000016 0.092952
2 2 0.003556 0.087262 0.866462 0.000040 0.042681
2 2 0.003566 0.085171 0.861540 0.000048 0.049674
2 2 0.005581 0.113926 0.825998 0.000017 0.054478
2 2 0.001152 0.042252 0.932521 0.000091 0.023983
2 2 0.001529 0.052206 0.925037 0.000028 0.021200
2 2 0.013834 0.202813 0.693540 0.000041 0.089772
2 2 0.006761 0.141440 0.807874 0.000051 0.043874
2 2 0.001222 0.045633 0.932855 0.000081 0.020208
2 2 0.011615 0.166805 0.695314 0.000056 0.126210
4 2 0.060651 0.333525 0.226852 0.000149 0.378824
2 2 0.017748 0.219330 0.594089 0.000391 0.168442
2 2 0.006913 0.133002 0.767330 0.001052 0.091702
2 2 0.009882 0.147541 0.699865 0.000142 0.142570
2 2 0.001236 0.044060 0.923109 0.000404 0.031191
2 2 0.003663 0.085133 0.838032 0.000462 0.072710
2 2 0.002819 0.076623 0.879074 0.000172 0.041312
2 2 0.004485 0.092731 0.803413 0.000498 0.098873
2 2 0.016750 0.187536 0.550074 0.000301 0.245340
4 2 0.047052 0.308629 0.284429 0.000386 0.359503
2 2 0.035761 0.267735 0.382938 0.000039 0.313526
4 0 0.097452 0.314202 0.138923 0.000970 0.448452
0 0 0.724072 0.157818 0.017717 0.005337 0.095056
0 0 0.593379 0.213943 0.030593 0.005306 0.156779
0 0 0.481091 0.282205 0.058661 0.001330 0.176712
0 0 0.418344 0.331987 0.094162 0.000260 0.155247
0 0 0.497884 0.258964 0.046413 0.003164 0.193575
0 0 0.521124 0.221558 0.031458 0.011480 0.214381
0 0 0.450942 0.264138 0.047818 0.004738 0.232363
0 0 0.673847 0.181972 0.022860 0.004921 0.116400
0 0 0.572957 0.204072 0.026598 0.011849 0.184524
0 0 0.441557 0.264727 0.048007 0.005132 0.240577
4 0 0.127216 0.308690 0.112954 0.001893 0.449247
4 0 0.084595 0.306965 0.142929 0.000926 0.464585
4 1 0.065974 0.215358 0.071556 0.011214 0.635899
1 1 0.253914 0.338944 0.103138 0.001106 0.302898
4 1 0.060997 0.259799 0.116085 0.002239 0.560880
4 1 0.062059 0.312851 0.185151 0.000348 0.439591
4 1 0.062104 0.311058 0.182109 0.000375 0.444354
4 1 0.061733 0.321262 0.200477 0.000243 0.416285
4 2 0.062212 0.304239 0.171161 0.000490 0.461898
4 2 0.058703 0.312942 0.208953 0.000237 0.419166
1 2 0.058345 0.349447 0.275642 0.000048 0.316519
2 2 0.011735 0.169843 0.712295 0.000017 0.106110
2 2 0.045429 0.331456 0.390465 0.000009 0.232642
2 2 0.016196 0.167087 0.503750 0.000229 0.312737
2 4 0.020144 0.204611 0.553595 0.000017 0.221633
4 4 0.060814 0.333776 0.227606 0.000133 0.377671
4 4 0.060165 0.339367 0.242208 0.000097 0.358163
2 2 0.015140 0.221092 0.669219 0.000157 0.094391
4 2 0.061036 0.331422 0.221995 0.000150 0.385397
4 2 0.060032 0.340341 0.244974 0.000091 0.354562
2 2 0.031357 0.336999 0.524093 0.000045 0.107506
2 4 0.019454 0.269247 0.625820 0.000183 0.085296
2 4 0.005437 0.125702 0.824565 0.000269 0.044028
2 4 0.019387 0.235609 0.699394 0.000059 0.045551
2 2 0.003348 0.085264 0.889296 0.000793 0.021301
2 2 0.007656 0.157175 0.794115 0.000051 0.041003
2 2 0.004405 0.109901 0.852123 0.000080 0.033491
2 2 0.003678 0.093260 0.857542 0.000277 0.045244
2 2 0.004182 0.105826 0.846892 0.000516 0.042583
2 2 0.005706 0.130811 0.818534 0.000343 0.044605
2 2 0.004805 0.099557 0.855894 0.002169 0.037575
2 2 0.005674 0.119605 0.827982 0.002189 0.044550
2 2 0.002776 0.075449 0.899753 0.000905 0.021117
2 2 0.010847 0.199025 0.738631 0.000162 0.051335
2 2 0.003574 0.085210 0.885886 0.001541 0.023790
2 2 0.014111 0.210696 0.679846 0.000176 0.095172
2 2 0.004188 0.107668 0.852648 0.000224 0.035272
2 2 0.011993 0.198269 0.731775 0.000023 0.057941
2 2 0.016868 0.242170 0.639620 0.000556 0.100787
2 2 0.022829 0.277516 0.561985 0.000702 0.136967
2 2 0.057925 0.296689 0.562513 0.008026 0.074847
2 2 0.021440 0.240136 0.670758 0.002076 0.065591
2 2 0.022894 0.227544 0.608517 0.005472 0.135573
1 4 0.247979 0.371791 0.132932 0.001409 0.245889
1 0 0.234845 0.366520 0.134484 0.000366 0.263786
4 0 0.122078 0.238739 0.062720 0.015250 0.561213
4 0 0.105585 0.232717 0.064329 0.014728 0.582641
4 0 0.055917 0.202730 0.069252 0.012344 0.659757
4 1 0.055917 0.202730 0.069252 0.012344 0.659757
4 1 0.055917 0.202730 0.069252 0.012344 0.659757
4 1 0.062163 0.290993 0.152200 0.000797 0.493847
4 2 0.062158 0.290684 0.151788 0.000806 0.494565
4 2 0.057455 0.308335 0.210698 0.000244 0.423267
4 2 0.024257 0.179761 0.314484 0.000422 0.481077
2 2 0.013765 0.175981 0.610611 0.000441 0.199202
2 2 0.008897 0.163938 0.760738 0.000173 0.066254
2 2 0.007786 0.140616 0.729412 0.003272 0.118913
2 2 0.002791 0.075951 0.875886 0.000319 0.045053
2 2 0.002110 0.063754 0.889287 0.001084 0.043765
2 2 0.005806 0.126290 0.813479 0.000257 0.054168
2 2 0.000283 0.014793 0.970435 0.006973 0.007515
2 2 0.001177 0.049676 0.934487 0.000397 0.014263
2 2 0.001754 0.064699 0.914661 0.000509 0.018378
2 2 0.000650 0.031804 0.953874 0.000415 0.013258
2 2 0.000189 0.010458 0.975735 0.008425 0.005193
2 2 0.004512 0.104907 0.839143 0.000188 0.051251
2 2 0.000634 0.029684 0.953412 0.000268 0.016001
2 2 0.000348 0.020627 0.968661 0.000405 0.009959
2 2 0.001559 0.052786 0.911942 0.000649 0.033065
2 2 0.001696 0.055948 0.899208 0.002463 0.040685
2 2 0.041386 0.356393 0.439869 0.000026 0.162326
2 2 0.003975 0.107352 0.862056 0.000103 0.026513
2 2 0.003572 0.094454 0.866710 0.000145 0.035118
2 2 0.002487 0.072054 0.887088 0.000323 0.038048
2 2 0.004139 0.103012 0.855125 0.000099 0.037625
2 2 0.001938 0.061076 0.915239 0.001077 0.020670
2 2 0.005036 0.115806 0.818018 0.001200 0.059939
2 2 0.001394 0.053094 0.927213 0.000308 0.017990
2 2 0.001963 0.054954 0.914095 0.002772 0.026218
2 2 0.003584 0.088367 0.844861 0.000955 0.062232
2 2 0.000415 0.023062 0.973703 0.000191 0.002629
2 2 0.003826 0.087469 0.863060 0.004068 0.041577
2 2 0.004049 0.091395 0.837243 0.005869 0.061444
2 2 0.000357 0.016645 0.975459 0.003766 0.003773
2 2 0.001094 0.037990 0.955652 0.000790 0.004474
2 2 0.005851 0.116964 0.802563 0.003045 0.071577
2 2 0.004520 0.117119 0.850660 0.000097 0.027603
2 2 0.018027 0.260792 0.645953 0.000134 0.075094
2 2 0.002621 0.069201 0.897445 0.001436 0.029298
2 2 0.003995 0.094355 0.829572 0.006145 0.065933
2 2 0.001185 0.043647 0.942550 0.001368 0.011250
2 2 0.003184 0.077364 0.877626 0.001827 0.039999
2 2 0.000267 0.014906 0.979367 0.002761 0.002698
2 2 0.000222 0.012150 0.982904 0.002199 0.002525
2 2 0.000813 0.028604 0.956448 0.004171 0.009964
2 2 0.002185 0.063099 0.906591 0.003897 0.024228
2 2 0.000393 0.017188 0.963672 0.012708 0.006038
2 2 0.001161 0.038163 0.933364 0.013966 0.013346
2 2 0.002485 0.069611 0.906301 0.002896 0.018707
2 2 0.000100 0.006987 0.982494 0.008572 0.001848
2 2 0.000967 0.034029 0.945523 0.008699 0.010783
2 2 0.000168 0.011314 0.978933 0.006123 0.003462
2 2 0.000620 0.027460 0.959595 0.001989 0.010336
2 2 0.001219 0.039033 0.934385 0.009176 0.016187
2 2 0.001490 0.051128 0.919497 0.005896 0.021989
2 2 0.002521 0.071502 0.883210 0.000378 0.042390
2 2 0.001131 0.040579 0.931669 0.002035 0.024586
2 2 0.001631 0.056639 0.914153 0.000531 0.027046
2 2 0.001159 0.045156 0.928990 0.000816 0.023879
2 2 0.024364 0.304286 0.582238 0.000091 0.089020
2 2 0.002661 0.072201 0.885614 0.002941 0.036583
2 2 0.005653 0.137716 0.826495 0.000151 0.029985
2 2 0.020631 0.282007 0.632027 0.000025 0.065310
2 2 0.011981 0.207632 0.719546 0.000204 0.060637
2 2 0.004181 0.103006 0.838871 0.001036 0.052907
2 2 0.016792 0.239908 0.643754 0.000371 0.099174
2 2 0.046334 0.362004 0.382429 0.000073 0.209160
2 2 0.008658 0.152166 0.752962 0.000189 0.086025
2 2 0.015054 0.202849 0.661151 0.000058 0.120889
2 2 0.046625 0.362082 0.379247 0.000075 0.211970
1 2 0.055067 0.355702 0.303015 0.000063 0.286153
2 2 0.046079 0.362895 0.365227 0.000289 0.225512
2 2 0.012960 0.201558 0.671474 0.001495 0.112513
2 2 0.003451 0.088446 0.853628 0.000874 0.053602
2 2 0.023384 0.269920 0.572695 0.000090 0.133911
2 2 0.002517 0.077555 0.892037 0.000307 0.027584
2 2 0.004077 0.100223 0.838543 0.001184 0.055974
2 2 0.019012 0.222896 0.566264 0.000469 0.191360
2 2 0.045054 0.360645 0.402869 0.000037 0.191393
2 2 0.028717 0.322738 0.541683 0.000069 0.106792
2 2 0.121924 0.380251 0.465013 0.000389 0.032422
1 2 0.217541 0.414304 0.225332 0.000062 0.142761
1 2 0.177926 0.427556 0.284135 0.000251 0.110131
1 2 0.214920 0.404326 0.195873 0.000143 0.184738
0 0 0.614347 0.212041 0.080911 0.012088 0.080613
4 0 0.170025 0.249952 0.058160 0.016324 0.505538
4 0 0.091757 0.226477 0.065692 0.014208 0.601866
4 1 0.065786 0.210692 0.068274 0.012953 0.642295
4 1 0.055917 0.202730 0.069252 0.012344 0.659757
4 1 0.055917 0.202730 0.069252 0.012344 0.659757
4 1 0.055917 0.202730 0.069252 0.012344 0.659757
4 2 0.055917 0.202730 0.069252 0.012344 0.659757
4 2 0.055917 0.202730 0.069252 0.012344 0.659757
4 2 0.055917 0.202730 0.069252 0.012344 0.659757
4 2 0.055917 0.202730 0.069252 0.012344 0.659757
4 2 0.068217 0.212456 0.068032 0.013090 0.638205
4 2 0.055917 0.202730 0.069252 0.012344 0.659757
4 2 0.152095 0.246671 0.059845 0.015987 0.525402
0 2 0.347498 0.248640 0.042591 0.017172 0.344100
1 0 0.259776 0.325277 0.091178 0.001817 0.321951
4 0 0.218365 0.327236 0.099319 0.001749 0.353331
4 0 0.340229 0.249526 0.043195 0.017200 0.349851
4 0 0.280840 0.254579 0.048225 0.017262 0.399094
4 0 0.202734 0.290597 0.075827 0.005629 0.425213
4 0 0.121463 0.255940 0.073676 0.009105 0.539817
4 0 0.055917 0.202730 0.069252 0.012344 0.659757
4 0 0.055917 0.202730 0.069252 0.012344 0.659757
4 1 0.055917 0.202730 0.069252 0.012344 0.659757
4 1 0.055917 0.202730 0.069252 0.012344 0.659757
4 1 0.055917 0.202730 0.069252 0.012344 0.659757
4 4 0.055917 0.202730 0.069252 0.012344 0.659757
4 4 0.055917 0.202730 0.069252 0.012344 0.659757
4 4 0.055917 0.202730 0.069252 0.012344 0.659757
4 4 0.055917 0.202730 0.069252 0.012344 0.659757
4 4 0.055917 0.202730 0.069252 0.012344 0.659757
4 4 0.055917 0.202730 0.069252 0.012344 0.659757
4 4 0.076239 0.217811 0.067233 0.013510 0.625208
4 4 0.055917 0.202730 0.069252 0.012344 0.659757
4 4 0.069642 0.213458 0.067890 0.013168 0.635842
4 4 0.055917 0.202730 0.069252 0.012344 0.659757
4 4 0.055917 0.202730 0.069252 0.012344 0.659757
4 4 0.055917 0.202730 0.069252 0.012344 0.659757
4 4 0.055917 0.202730 0.069252 0.012344 0.659757
4 4 0.055917 0.202730 0.069252 0.012344 0.659757
4 4 0.055917 0.202730 0.069252 0.012344 0.659757
4 4 0.055917 0.202730 0.069252 0.012344 0.659757
4 4 0.055917 0.202730 0.069252 0.012344 0.659757
4 4 0.055917 0.202730 0.069252 0.012344 0.659757
4 4 0.055917 0.202730 0.069252 0.012344 0.659757
4 4 0.055917 0.202730 0.069252 0.012344 0.659757
4 4 0.055917 0.202730 0.069252 0.012344 0.659757
