0 0 0.481327 0.248505 0.027329 0.000017 0.242823
0 0 0.518677 0.243065 0.025022 0.000005 0.213231
0 0 0.434409 0.236643 0.025056 0.000022 0.303869
4 1 0.219514 0.146996 0.045529 0.002269 0.585693
4 1 0.269052 0.178678 0.056198 0.001672 0.494401
0 1 0.400532 0.261832 0.040316 0.000041 0.297278
4 1 0.241201 0.206688 0.044522 0.000184 0.507406
4 1 0.167804 0.211760 0.068940 0.000561 0.550935
4 1 0.212172 0.270127 0.071117 0.000062 0.446521
4 1 0.161117 0.219658 0.097157 0.000738 0.521330
2 2 0.037388 0.185737 0.690416 0.009133 0.077326
2 2 0.032561 0.108932 0.716658 0.086310 0.055539
2 2 0.014217 0.150206 0.784071 0.001951 0.049555
2 2 0.015375 0.147908 0.776524 0.002810 0.057383
2 2 0.010379 0.075886 0.836037 0.040586 0.037112
2 2 0.012452 0.058968 0.819515 0.093702 0.015364
2 2 0.003088 0.028417 0.764959 0.192980 0.010556
2 3 0.002193 0.012511 0.496638 0.485478 0.003179
2 3 0.004145 0.036001 0.800630 0.147374 0.011850
3 3 0.001822 0.012007 0.418019 0.564184 0.003968
3 3 0.000123 0.002040 0.198201 0.798749 0.000888
3 3 0.000698 0.004299 0.171438 0.822140 0.001426
3 3 0.000027 0.000491 0.071844 0.927386 0.000252
3 3 0.000012 0.000419 0.103595 0.895775 0.000199
2 3 0.006810 0.041940 0.750880 0.186402 0.013969
2 2 0.146447 0.314108 0.343577 0.001341 0.194527
2 2 0.096377 0.314062 0.448223 0.001226 0.140112
2 2 0.129164 0.279023 0.487705 0.000327 0.103781
2 2 0.129927 0.315450 0.443999 0.001148 0.109476
2 2 0.075204 0.312025 0.481104 0.000286 0.131381
2 2 0.007100 0.044690 0.897129 0.041859 0.009223
2 2 0.002581 0.023168 0.839779 0.129450 0.005022
2 2 0.006197 0.047505 0.893449 0.042513 0.010335
2 3 0.001476 0.011054 0.774779 0.210877 0.001814
2 3 0.000587 0.008167 0.565297 0.423060 0.002890
3 3 0.000381 0.002421 0.110025 0.885966 0.001207
3 3 0.000009 0.000205 0.047169 0.952532 0.000085
3 3 0.000124 0.001666 0.163329 0.834422 0.000460
3 3 0.000040 0.000492 0.062530 0.936764 0.000174
3 3 0.000009 0.000140 0.030183 0.969618 0.000050
3 3 0.000037 0.000330 0.033044 0.966448 0.000141
3 3 0.000065 0.000359 0.024555 0.974850 0.000171
3 3 0.000036 0.000217 0.018772 0.980892 0.000082
3 3 0.000019 0.000139 0.016417 0.983375 0.000050
3 3 0.000008 0.000088 0.017527 0.982348 0.000030
3 3 0.000007 0.000074 0.015088 0.984806 0.000026
3 3 0.000001 0.000016 0.008369 0.991609 0.000006
3 3 0.000053 0.000262 0.018508 0.981075 0.000103
3 3 0.000027 0.000151 0.014620 0.985133 0.000069
3 3 0.000001 0.000018 0.008601 0.991376 0.000004
3 3 0.000010 0.000075 0.011359 0.988532 0.000023
3 3 0.000115 0.000427 0.020584 0.978665 0.000210
3 3 0.000013 0.000082 0.010836 0.989045 0.000024
3 3 0.000039 0.000203 0.016646 0.983011 0.000101
3 3 0.000001 0.000027 0.012224 0.987739 0.000008
3 3 0.000003 0.000042 0.012389 0.987551 0.000015
3 3 0.000010 0.000081 0.012656 0.987227 0.000026
3 3 0.000002 0.000026 0.009811 0.990153 0.000008
3 3 0.000004 0.000049 0.013746 0.986184 0.000017
3 3 0.000003 0.000042 0.013747 0.986194 0.000014
3 3 0.000062 0.000177 0.009680 0.990014 0.000066
3 3 0.000020 0.000097 0.009833 0.990017 0.000033
3 3 0.000009 0.000063 0.010061 0.989847 0.000020
3 3 0.000013 0.000073 0.009013 0.990876 0.000025
3 3 0.000023 0.000114 0.010681 0.989150 0.000031
3 3 0.000004 0.000027 0.006051 0.993911 0.000008
3 3 0.000017 0.000066 0.006607 0.993290 0.000020
3 3 0.000002 0.000015 0.004880 0.995100 0.000004
3 3 0.000009 0.000022 0.002479 0.997483 0.000008
3 3 0.000022 0.000059 0.004680 0.995219 0.000020
3 3 0.000004 0.000029 0.006469 0.993491 0.000007
3 3 0.000011 0.000051 0.005993 0.993933 0.000011
3 3 0.000071 0.000122 0.005263 0.994502 0.000042
3 3 0.000006 0.000042 0.007462 0.992476 0.000014
3 3 0.000012 0.000052 0.006258 0.993660 0.000018
3 3 0.000024 0.000065 0.004897 0.994996 0.000017
3 3 0.000014 0.000048 0.005060 0.994861 0.000018
3 3 0.000013 0.000059 0.006608 0.993302 0.000018
3 3 0.000028 0.000079 0.005811 0.994052 0.000030
3 3 0.000012 0.000057 0.006927 0.992990 0.000015
3 3 0.000001 0.000016 0.006037 0.993941 0.000004
3 3 0.000001 0.000016 0.006901 0.993076 0.000005
3 3 0.000002 0.000019 0.006303 0.993671 0.000006
3 3 0.000011 0.000047 0.005690 0.994241 0.000011
3 3 0.000001 0.000013 0.004550 0.995432 0.000004
3 3 0.000004 0.000031 0.006496 0.993460 0.000008
3 3 0.000016 0.000081 0.009048 0.990832 0.000023
3 3 0.000004 0.000030 0.006311 0.993649 0.000007
3 3 0.000006 0.000043 0.008348 0.991591 0.000012
3 3 0.000066 0.000213 0.011610 0.988046 0.000065
3 3 0.000005 0.000032 0.005561 0.994395 0.000006
3 3 0.000019 0.000094 0.009743 0.990114 0.000030
3 3 0.000012 0.000064 0.007922 0.991985 0.000018
3 3 0.000019 0.000072 0.006721 0.993168 0.000021
3 3 0.000021 0.000089 0.008115 0.991756 0.000019
3 3 0.000005 0.000035 0.006465 0.993486 0.000009
3 3 0.000021 0.000056 0.004457 0.995451 0.000014
3 3 0.000012 0.000053 0.006049 0.993874 0.000012
3 3 0.000008 0.000041 0.005943 0.993995 0.000013
3 3 0.000005 0.000030 0.005132 0.994825 0.000007
3 3 0.000003 0.000028 0.006762 0.993200 0.000006
3 3 0.000006 0.000027 0.004294 0.995666 0.000007
3 3 0.000008 0.000041 0.006163 0.993777 0.000011
3 3 0.000022 0.000055 0.004161 0.995744 0.000018
3 3 0.000004 0.000026 0.005282 0.994682 0.000006
3 3 0.000620 0.002896 0.098248 0.897362 0.000874
2 3 0.021126 0.071936 0.700986 0.186755 0.019197
2 3 0.013252 0.056277 0.736596 0.179992 0.013884
2 3 0.008750 0.041420 0.679663 0.258621 0.011546
2 3 0.006749 0.022840 0.636750 0.329786 0.003874
4 1 0.282473 0.273909 0.031428 0.000008 0.412181
4 1 0.127101 0.189546 0.031078 0.000066 0.652209
4 1 0.241043 0.255533 0.019946 0.000007 0.483470
4 1 0.243394 0.202212 0.027803 0.000029 0.526561
4 1 0.250830 0.249680 0.019585 0.000011 0.479894
0 1 0.597089 0.215400 0.026950 0.000035 0.160526
0 1 0.657207 0.197794 0.026649 0.000017 0.118334
0 1 0.597214 0.218694 0.028733 0.000024 0.155336
0 1 0.568021 0.236841 0.043280 0.000032 0.151827
0 1 0.625516 0.203880 0.017833 0.000004 0.152768
0 1 0.759525 0.152289 0.023420 0.000019 0.064748
0 1 0.776918 0.144140 0.024564 0.000018 0.054360
0 1 0.797250 0.131794 0.017123 0.000014 0.053819
0 0 0.850116 0.101002 0.010008 0.000011 0.038863
0 0 0.772688 0.149537 0.019994 0.000002 0.057779
0 0 0.897841 0.072935 0.008573 0.000020 0.020630
0 0 0.846260 0.103786 0.016774 0.000046 0.033133
0 0 0.905064 0.065295 0.014646 0.000584 0.014412
0 0 0.929499 0.051250 0.007572 0.000195 0.011483
0 0 0.888575 0.079086 0.010534 0.000019 0.021786
0 0 0.816394 0.122888 0.018221 0.000010 0.042487
0 0 0.792324 0.135680 0.022718 0.000018 0.049260
0 0 0.900899 0.071871 0.007427 0.000005 0.019798
0 0 0.756856 0.156475 0.024956 0.000007 0.061705
0 0 0.757083 0.152858 0.026695 0.000038 0.063326
0 0 0.589344 0.177950 0.004765 0.000000 0.227941
0 0 0.548086 0.206201 0.009258 0.000001 0.236454
0 0 0.521345 0.227947 0.011394 0.000000 0.239314
0 0 0.597701 0.182315 0.005693 0.000000 0.214291
0 0 0.543658 0.218431 0.011541 0.000001 0.226369
0 0 0.533898 0.233279 0.012868 0.000000 0.219955
0 0 0.533498 0.207359 0.008173 0.000000 0.250970
0 0 0.601140 0.193299 0.007579 0.000000 0.197982
0 0 0.546486 0.211502 0.010404 0.000001 0.231607
0 0 0.580821 0.202376 0.010404 0.000001 0.206398
0 0 0.506953 0.207892 0.005033 0.000000 0.280122
0 0 0.402288 0.220459 0.007101 0.000000 0.370152
0 0 0.494766 0.205439 0.005783 0.000000 0.294012
0 0 0.394293 0.210923 0.005744 0.000000 0.389040
0 0 0.409967 0.184237 0.003640 0.000001 0.402156
0 0 0.469856 0.196234 0.005140 0.000001 0.328769
0 0 0.492669 0.186778 0.004018 0.000000 0.316536
0 0 0.463596 0.197626 0.004848 0.000000 0.333930
0 0 0.487527 0.194325 0.004417 0.000000 0.313731
0 0 0.641473 0.144814 0.002361 0.000000 0.211352
0 0 0.682857 0.168619 0.007493 0.000001 0.141031
0 0 0.606551 0.191534 0.009488 0.000002 0.192425
0 0 0.567087 0.204597 0.010833 0.000002 0.217480
0 0 0.547758 0.210703 0.011771 0.000003 0.229766
0 0 0.610983 0.189344 0.009935 0.000004 0.189734
0 0 0.601468 0.181494 0.005784 0.000000 0.211254
0 0 0.658441 0.152515 0.003370 0.000000 0.185674
0 0 0.656469 0.151810 0.003312 0.000000 0.188408
0 0 0.711760 0.134662 0.003164 0.000001 0.150413
0 0 0.655018 0.152511 0.003367 0.000000 0.189103
0 0 0.716775 0.163212 0.015202 0.000022 0.104788
0 0 0.765851 0.146071 0.017508 0.000019 0.070551
0 0 0.802966 0.129361 0.011275 0.000001 0.056397
0 0 0.579131 0.228894 0.032569 0.000018 0.159388
0 0 0.569567 0.234817 0.037563 0.000021 0.158031
4 0 0.240915 0.150602 0.000771 0.000000 0.607712
4 0 0.171739 0.133716 0.000587 0.000000 0.693958
4 1 0.065859 0.127967 0.001190 0.000000 0.804984
4 1 0.098755 0.091563 0.000906 0.000000 0.808776
4 1 0.037055 0.063557 0.003050 0.000000 0.896339
4 1 0.037712 0.061224 0.002393 0.000000 0.898670
4 1 0.009059 0.032710 0.002208 0.000000 0.956023
4 1 0.007998 0.023011 0.002495 0.000000 0.966496
4 1 0.004947 0.020503 0.001138 0.000000 0.973412
4 1 0.003497 0.020295 0.002773 0.000000 0.973435
4 1 0.022459 0.043603 0.003578 0.000000 0.930359
4 1 0.046122 0.072838 0.003026 0.000000 0.878014
4 1 0.033583 0.056166 0.001875 0.000000 0.908377
4 1 0.048793 0.077578 0.002329 0.000000 0.871300
4 1 0.024216 0.079139 0.004265 0.000000 0.892381
4 1 0.165062 0.093208 0.002850 0.000000 0.738880
4 1 0.160044 0.102050 0.004250 0.000001 0.733655
4 1 0.245815 0.137542 0.002694 0.000000 0.613948
4 1 0.221712 0.143556 0.004355 0.000000 0.630377
4 4 0.194351 0.125054 0.006749 0.000002 0.673845
4 4 0.304595 0.147903 0.003301 0.000000 0.544200
4 4 0.330244 0.128849 0.002192 0.000000 0.538715
4 4 0.304936 0.121691 0.002657 0.000001 0.570715
4 4 0.184697 0.114140 0.004631 0.000000 0.696532
4 4 0.307618 0.088489 0.001758 0.000001 0.602134
4 4 0.154681 0.109090 0.005646 0.000001 0.730582
4 4 0.104883 0.110181 0.005341 0.000000 0.779594
4 4 0.102575 0.083407 0.003052 0.000001 0.810966
4 4 0.120279 0.131803 0.005675 0.000000 0.742243
4 4 0.123140 0.138036 0.002401 0.000000 0.736424
4 4 0.167261 0.097287 0.003006 0.000001 0.732445
4 4 0.155095 0.097417 0.005486 0.000006 0.741996
4 4 0.163008 0.116425 0.003168 0.000000 0.717398
4 4 0.080279 0.069580 0.008653 0.000008 0.841479
4 4 0.121552 0.094955 0.007204 0.000002 0.776287
4 4 0.296388 0.121026 0.007793 0.000015 0.574778
4 0 0.181411 0.080658 0.006031 0.000019 0.731881
4 0 0.146668 0.097697 0.018380 0.000132 0.737124
4 0 0.284905 0.117813 0.010863 0.000077 0.586342
0 0 0.571722 0.148149 0.003252 0.000000 0.276876
0 0 0.770034 0.133044 0.015003 0.000173 0.081746
0 0 0.712742 0.164492 0.020930 0.000188 0.101648
0 0 0.758064 0.124734 0.023429 0.001331 0.092442
0 0 0.465940 0.163233 0.068927 0.012146 0.289754
0 0 0.484026 0.151807 0.046618 0.010362 0.307187
4 0 0.321671 0.150682 0.048697 0.003760 0.475190
0 0 0.623009 0.153474 0.015372 0.000316 0.207830
0 0 0.790803 0.115114 0.004840 0.000016 0.089227
0 0 0.661600 0.162590 0.007883 0.000018 0.167908
0 0 0.503356 0.166507 0.020038 0.000330 0.309770
4 0 0.371266 0.152318 0.012534 0.000129 0.463754
0 0 0.560789 0.168567 0.010279 0.000036 0.260329
0 0 0.705131 0.154010 0.005407 0.000000 0.135451
0 0 0.506448 0.211467 0.010127 0.000003 0.271955
0 0 0.511720 0.201287 0.007476 0.000002 0.279516
4 0 0.263830 0.167522 0.003440 0.000001 0.565207
4 0 0.318029 0.162303 0.003288 0.000002 0.516379
4 0 0.371599 0.188741 0.003012 0.000000 0.436648
0 0 0.462332 0.176235 0.002811 0.000000 0.358621
4 0 0.398261 0.188462 0.003146 0.000000 0.410131
4 0 0.299105 0.165993 0.007517 0.000010 0.527375
4 0 0.341905 0.220216 0.008257 0.000002 0.429621
4 1 0.286079 0.209607 0.007918 0.000008 0.496387
0 1 0.402804 0.220398 0.007912 0.000001 0.368885
4 1 0.282550 0.242380 0.012329 0.000001 0.462739
4 1 0.059287 0.175594 0.008923 0.000000 0.756195
4 1 0.029088 0.168969 0.013450 0.000000 0.788493
4 1 0.126322 0.158158 0.010711 0.000008 0.704801
4 1 0.038305 0.167492 0.010222 0.000000 0.783982
4 1 0.014309 0.118542 0.014906 0.000001 0.852242
2 1 0.025206 0.269501 0.586070 0.000096 0.119128
2 1 0.016081 0.195959 0.565777 0.000922 0.221261
2 1 0.033880 0.234927 0.658332 0.000136 0.072724
2 1 0.002087 0.074217 0.892875 0.000121 0.030700
2 2 0.008252 0.145784 0.728666 0.000160 0.117139
2 2 0.008891 0.059083 0.917121 0.001943 0.012962
2 2 0.008244 0.093869 0.870110 0.000976 0.026800
2 2 0.025195 0.161950 0.777384 0.000286 0.035185
2 2 0.108943 0.303155 0.508918 0.000047 0.078937
2 2 0.121517 0.294680 0.504298 0.000062 0.079443
0 2 0.529139 0.244724 0.024581 0.000002 0.201554
0 2 0.506495 0.260800 0.058962 0.000049 0.173694
0 2 0.560941 0.211886 0.041738 0.000201 0.185235
0 2 0.657847 0.199305 0.037268 0.000052 0.105528
0 2 0.499086 0.255592 0.037065 0.000017 0.208239
2 2 0.048171 0.246417 0.603402 0.001329 0.100681
2 2 0.054250 0.266831 0.583624 0.000239 0.095057
2 2 0.008166 0.118402 0.837590 0.000184 0.035658
2 2 0.006473 0.090053 0.871252 0.000229 0.031993
2 2 0.048119 0.216373 0.691249 0.000021 0.044238
2 2 0.146925 0.332317 0.441455 0.000004 0.079299
2 2 0.169326 0.327259 0.414076 0.000036 0.089303
2 2 0.071384 0.266519 0.575873 0.000730 0.085495
2 2 0.015813 0.103525 0.844943 0.000786 0.034933
2 2 0.021055 0.112151 0.838344 0.001116 0.027334
2 2 0.001826 0.035070 0.955744 0.000722 0.006639
2 2 0.001379 0.024336 0.969025 0.000359 0.004901
2 2 0.000829 0.026672 0.966689 0.000636 0.005174
2 2 0.013679 0.138604 0.822494 0.000055 0.025167
2 2 0.009336 0.084862 0.898076 0.000085 0.007640
2 2 0.002698 0.048972 0.937152 0.001453 0.009724
2 2 0.005846 0.080185 0.899893 0.000387 0.013689
2 2 0.008294 0.099542 0.876332 0.000525 0.015306
2 2 0.004504 0.066658 0.918355 0.000947 0.009537
2 2 0.005138 0.071647 0.909092 0.000453 0.013670
2 2 0.000643 0.020575 0.969478 0.005394 0.003911
2 2 0.002181 0.041125 0.942645 0.004449 0.009600
2 2 0.000648 0.025622 0.962151 0.005402 0.006178
2 2 0.001256 0.028320 0.961057 0.002605 0.006763
2 2 0.021904 0.173991 0.758410 0.000241 0.045453
2 2 0.014857 0.051527 0.857292 0.069501 0.006823
2 2 0.032716 0.091441 0.862974 0.003482 0.009388
2 2 0.000270 0.005301 0.753097 0.240115 0.001217
2 2 0.142547 0.172300 0.652240 0.010651 0.022262
2 2 0.015663 0.053796 0.911262 0.014552 0.004727
2 2 0.000290 0.010309 0.975171 0.012607 0.001624
2 2 0.001668 0.026858 0.964871 0.002656 0.003947
2 2 0.001785 0.029883 0.961442 0.003212 0.003678
2 2 0.001540 0.032546 0.953053 0.006366 0.006494
2 2 0.002194 0.047639 0.925105 0.012285 0.012776
2 2 0.001228 0.019928 0.905059 0.070078 0.003707
2 2 0.000517 0.012618 0.898247 0.085424 0.003194
2 3 0.004898 0.035223 0.909221 0.045366 0.005292
2 3 0.000826 0.012203 0.859987 0.124070 0.002914
2 3 0.009703 0.047388 0.899542 0.036048 0.007319
2 3 0.002513 0.034419 0.932676 0.021391 0.009001
2 3 0.017707 0.132098 0.822801 0.000968 0.026426
2 3 0.009355 0.127845 0.832409 0.000875 0.029516
2 2 0.032847 0.158409 0.774869 0.001172 0.032702
2 2 0.034016 0.171972 0.761449 0.000205 0.032357
2 2 0.001985 0.043105 0.945525 0.002747 0.006637
2 2 0.002800 0.031396 0.958630 0.003203 0.003971
2 2 0.002216 0.038339 0.953285 0.001539 0.004620
2 2 0.000384 0.012443 0.966411 0.018693 0.002070
2 2 0.001799 0.025000 0.967145 0.002818 0.003238
2 2 0.004592 0.051296 0.935851 0.000906 0.007354
2 2 0.011031 0.072903 0.896885 0.002918 0.016263
2 2 0.000646 0.015432 0.962554 0.018912 0.002455
2 2 0.003701 0.058985 0.929503 0.000600 0.007210
2 2 0.000325 0.009866 0.962539 0.025365 0.001905
2 2 0.003837 0.036453 0.948246 0.007120 0.004343
2 2 0.020566 0.138731 0.817459 0.000435 0.022809
2 2 0.003104 0.034567 0.948265 0.008589 0.005475
2 2 0.002082 0.024597 0.934822 0.033522 0.004977
2 2 0.006462 0.054454 0.924097 0.005530 0.009456
2 2 0.336336 0.257429 0.357073 0.000583 0.048579
2 2 0.176874 0.319441 0.401849 0.000228 0.101606
2 2 0.018425 0.119728 0.829547 0.000672 0.031629
2 2 0.202802 0.313971 0.392103 0.000540 0.090584
2 2 0.178168 0.288638 0.460189 0.000747 0.072259
2 2 0.005158 0.062984 0.910412 0.004045 0.017400
2 2 0.005018 0.039504 0.949742 0.001450 0.004286
2 2 0.082154 0.257176 0.606604 0.000049 0.054017
2 2 0.013438 0.119804 0.843584 0.000241 0.022934
2 2 0.018925 0.138927 0.816715 0.000389 0.025045
2 2 0.075318 0.267880 0.578821 0.000155 0.077826
2 2 0.159750 0.328083 0.411166 0.000026 0.100975
2 2 0.053914 0.226890 0.654865 0.000887 0.063444
2 2 0.146520 0.264176 0.519918 0.001253 0.068134
2 2 0.007219 0.069495 0.905996 0.000429 0.016861
2 2 0.014136 0.027900 0.919919 0.035871 0.002173
2 2 0.054748 0.149103 0.781256 0.000419 0.014474
2 2 0.018680 0.051025 0.907737 0.017888 0.004670
2 2 0.002598 0.015270 0.958270 0.022605 0.001258
2 2 0.221762 0.252761 0.489551 0.000159 0.035768
2 2 0.160229 0.255844 0.540040 0.000050 0.043838
2 2 0.071833 0.251666 0.616280 0.000202 0.060018
2 2 0.056882 0.175034 0.732736 0.003759 0.031588
2 2 0.005273 0.054112 0.924367 0.006473 0.009776
2 2 0.042887 0.103943 0.837969 0.002055 0.013145
2 2 0.004309 0.028387 0.960038 0.004023 0.003243
2 2 0.000932 0.010720 0.961886 0.024867 0.001596
2 2 0.003117 0.020001 0.967955 0.007117 0.001809
2 2 0.001364 0.014868 0.954440 0.027264 0.002065
2 2 0.000535 0.008302 0.978719 0.011660 0.000785
2 2 0.040659 0.209759 0.707840 0.000047 0.041696
2 2 0.258440 0.314267 0.344820 0.000055 0.082418
2 2 0.046415 0.236909 0.635651 0.000530 0.080494
2 2 0.008573 0.090198 0.879351 0.001674 0.020204
2 2 0.014501 0.115869 0.845200 0.000813 0.023618
0 2 0.471952 0.270900 0.090027 0.000183 0.166938
0 2 0.358285 0.291404 0.069967 0.000184 0.280160
0 2 0.532873 0.248875 0.099039 0.000180 0.119032
0 2 0.432845 0.291282 0.077804 0.000023 0.198047
0 2 0.604610 0.227650 0.064582 0.000031 0.103127
4 2 0.306147 0.273296 0.077723 0.000018 0.342817
0 1 0.325639 0.303194 0.065325 0.000008 0.305834
4 1 0.064282 0.147889 0.237280 0.000929 0.549620
4 1 0.199338 0.234914 0.111966 0.000077 0.453705
4 1 0.226356 0.297750 0.081288 0.000021 0.394585
2 2 0.034904 0.124635 0.808785 0.001731 0.029945
2 2 0.180077 0.284356 0.469907 0.000216 0.065444
2 2 0.108093 0.271787 0.550670 0.000259 0.069193
2 2 0.012678 0.135216 0.800956 0.001769 0.049382
2 2 0.074456 0.196972 0.694811 0.000507 0.033254
0 2 0.668643 0.195203 0.051001 0.000094 0.085060
0 2 0.593815 0.223331 0.029868 0.000013 0.152973
0 2 0.681259 0.191437 0.043846 0.000041 0.083418
0 2 0.782334 0.144270 0.018334 0.000002 0.055060
0 0 0.761235 0.148919 0.019522 0.000025 0.070299
0 0 0.839411 0.108974 0.017325 0.000019 0.034270
0 0 0.906813 0.065730 0.007163 0.000095 0.020200
0 0 0.886397 0.080548 0.008518 0.000008 0.024529
0 0 0.916139 0.061058 0.004484 0.000004 0.018315
0 0 0.873289 0.087897 0.011404 0.000028 0.027382
0 0 0.833267 0.106946 0.035476 0.000739 0.023572
0 0 0.871370 0.088322 0.016930 0.000370 0.023007
0 0 0.817715 0.122410 0.025474 0.000012 0.034390
0 0 0.898126 0.072345 0.013581 0.000041 0.015908
0 0 0.825890 0.114919 0.026218 0.000111 0.032861
4 0 0.269617 0.246373 0.014332 0.000002 0.469675
4 0 0.233212 0.272827 0.024996 0.000003 0.468962
4 0 0.239371 0.283204 0.030992 0.000004 0.446429
4 0 0.270125 0.273111 0.018999 0.000000 0.437765
4 0 0.277762 0.263792 0.017772 0.000001 0.440673
0 0 0.780999 0.131157 0.007771 0.000003 0.080071
0 0 0.446236 0.256936 0.021490 0.000002 0.275336
0 0 0.568170 0.208618 0.013671 0.000006 0.209535
0 0 0.486157 0.246449 0.025454 0.000012 0.241929
0 0 0.792894 0.121536 0.006449 0.000007 0.079114
0 0 0.545792 0.194248 0.006532 0.000001 0.253427
0 0 0.580986 0.206034 0.011519 0.000001 0.201459
0 0 0.619659 0.183653 0.009372 0.000006 0.187310
0 0 0.484582 0.173878 0.035908 0.000230 0.305402
0 0 0.709060 0.168133 0.011535 0.000001 0.111271
0 0 0.466432 0.149621 0.003691 0.000000 0.380255
0 0 0.475082 0.154424 0.002571 0.000000 0.367922
0 0 0.442890 0.150515 0.002856 0.000000 0.403738
0 0 0.558319 0.139158 0.001277 0.000000 0.301245
0 0 0.538713 0.141242 0.001954 0.000000 0.318091
0 0 0.515108 0.130416 0.002442 0.000001 0.352033
0 0 0.634817 0.127159 0.001393 0.000000 0.236630
0 0 0.410613 0.183666 0.002503 0.000000 0.403218
0 0 0.471808 0.170673 0.002062 0.000000 0.355457
0 0 0.474875 0.164105 0.002012 0.000000 0.359008
0 0 0.489202 0.159102 0.001638 0.000000 0.350058
4 0 0.215653 0.207606 0.004420 0.000000 0.572321
4 0 0.296588 0.189133 0.002989 0.000000 0.511291
4 0 0.317025 0.188624 0.002930 0.000000 0.491421
0 0 0.538435 0.156102 0.001922 0.000000 0.303541
0 0 0.529049 0.185147 0.004632 0.000001 0.281172
0 0 0.626489 0.150546 0.002754 0.000001 0.220210
0 0 0.598957 0.183686 0.006601 0.000001 0.210755
0 0 0.686368 0.136903 0.002346 0.000000 0.174383
0 0 0.468457 0.196073 0.004538 0.000000 0.330931
4 0 0.137236 0.149950 0.001603 0.000000 0.711211
4 0 0.230567 0.166385 0.001504 0.000000 0.601543
4 0 0.318908 0.166721 0.001417 0.000000 0.512955
4 0 0.222042 0.161753 0.001568 0.000000 0.614638
4 0 0.147855 0.167571 0.002099 0.000000 0.682474
0 0 0.532208 0.179432 0.004338 0.000001 0.284021
0 0 0.549747 0.168991 0.003335 0.000001 0.277926
0 0 0.681045 0.119980 0.001026 0.000000 0.197949
0 0 0.580931 0.164657 0.002813 0.000000 0.251599
0 0 0.418213 0.175741 0.003301 0.000002 0.402742
0 0 0.406086 0.215983 0.009392 0.000007 0.368532
4 0 0.343039 0.240105 0.014248 0.000007 0.402602
0 0 0.390868 0.233167 0.012200 0.000004 0.363762
0 0 0.392098 0.232253 0.009616 0.000001 0.366032
0 0 0.437401 0.255679 0.016691 0.000000 0.290230
0 0 0.670280 0.186785 0.016363 0.000004 0.126568
0 0 0.665325 0.195032 0.017779 0.000001 0.121863
0 0 0.581423 0.218060 0.018544 0.000004 0.181969
0 0 0.438115 0.257999 0.032506 0.000045 0.271335
0 0 0.449295 0.260277 0.033401 0.000026 0.257001
4 0 0.196069 0.218213 0.008890 0.000001 0.576826
4 0 0.223891 0.223939 0.008596 0.000001 0.543573
4 0 0.089399 0.212570 0.015300 0.000002 0.682729
4 0 0.064860 0.215108 0.015753 0.000000 0.704279
4 1 0.142457 0.229788 0.014712 0.000002 0.613041
4 1 0.077330 0.246042 0.027459 0.000000 0.649169
4 1 0.053418 0.222403 0.022306 0.000000 0.701873
4 1 0.041552 0.203486 0.024043 0.000000 0.730918
4 1 0.066457 0.237707 0.031230 0.000001 0.664605
4 1 0.044068 0.202870 0.026003 0.000002 0.727057
4 1 0.058248 0.220417 0.021764 0.000000 0.699571
4 1 0.117722 0.257953 0.022080 0.000000 0.602245
4 1 0.066858 0.220755 0.018948 0.000000 0.693439
4 1 0.037643 0.176593 0.016610 0.000001 0.769153
4 1 0.052435 0.200590 0.020918 0.000002 0.726055
2 1 0.029854 0.306161 0.508812 0.000043 0.155131
2 2 0.011806 0.211959 0.672258 0.000322 0.103655
2 2 0.011614 0.199740 0.686784 0.000266 0.101595
2 2 0.036981 0.310717 0.481492 0.000075 0.170734
2 2 0.017830 0.276633 0.547930 0.000111 0.157496
2 2 0.003027 0.089141 0.883583 0.000164 0.024085
2 2 0.008940 0.166553 0.786163 0.000047 0.038297
2 2 0.000644 0.037688 0.952491 0.000155 0.009022
2 2 0.001041 0.063893 0.913085 0.000154 0.021828
2 2 0.001078 0.051646 0.938955 0.000063 0.008258
2 2 0.004105 0.109355 0.859839 0.000308 0.026393
2 2 0.003379 0.084198 0.896637 0.000529 0.015257
2 2 0.000674 0.024250 0.970732 0.000783 0.003560
2 2 0.013114 0.150330 0.810302 0.000057 0.026198
2 2 0.014230 0.157373 0.799593 0.000058 0.028746
2 2 0.004660 0.098683 0.880165 0.000221 0.016271
2 2 0.003722 0.048849 0.938131 0.000445 0.008853
2 2 0.017647 0.151207 0.807164 0.000031 0.023951
2 2 0.004596 0.073071 0.909117 0.000299 0.012917
2 2 0.004205 0.069130 0.915210 0.000352 0.011102
2 2 0.000858 0.030033 0.959355 0.000750 0.009005
2 2 0.007332 0.104236 0.860556 0.000744 0.027131
2 2 0.003847 0.075987 0.899236 0.000639 0.020291
2 2 0.001226 0.027833 0.963455 0.000953 0.006533
2 0 0.034791 0.197312 0.719661 0.000250 0.047987
2 0 0.001925 0.028829 0.965330 0.001244 0.002672
2 0 0.005502 0.055985 0.927528 0.001658 0.009328
2 0 0.001750 0.034726 0.948944 0.007362 0.007218
2 2 0.003560 0.059458 0.917143 0.005139 0.014701
2 2 0.002921 0.051076 0.928334 0.005940 0.011728
2 2 0.002241 0.026302 0.959216 0.008932 0.003309
2 3 0.000069 0.002994 0.722697 0.273353 0.000887
2 3 0.002060 0.019241 0.835508 0.139867 0.003324
2 3 0.000490 0.009295 0.728455 0.259267 0.002494
2 3 0.000288 0.006968 0.656076 0.334270 0.002398
2 3 0.000283 0.004653 0.575845 0.418238 0.000981
3 3 0.000164 0.002804 0.247317 0.748646 0.001069
3 3 0.000068 0.001488 0.162334 0.835294 0.000816
3 3 0.000319 0.003543 0.265026 0.729834 0.001277
3 3 0.000073 0.001664 0.215010 0.782608 0.000645
3 3 0.000027 0.000370 0.048489 0.950939 0.000175
3 3 0.000006 0.000133 0.037327 0.962474 0.000060
3 3 0.000053 0.000748 0.077333 0.921439 0.000427
3 3 0.000017 0.000246 0.040007 0.959617 0.000113
3 3 0.000001 0.000078 0.054952 0.944941 0.000028
3 3 0.000136 0.000815 0.042100 0.956623 0.000326
3 3 0.000024 0.000308 0.040671 0.958884 0.000113
3 3 0.000003 0.000040 0.013279 0.986664 0.000014
3 3 0.000022 0.000184 0.021505 0.978222 0.000067
3 3 0.000002 0.000047 0.019255 0.980679 0.000017
3 3 0.000006 0.000067 0.014729 0.985178 0.000022
3 3 0.000005 0.000067 0.017149 0.982750 0.000029
3 3 0.000000 0.000012 0.009809 0.990176 0.000003
3 3 0.000002 0.000035 0.015064 0.984886 0.000014
3 3 0.000016 0.000153 0.021115 0.978673 0.000043
3 3 0.000001 0.000030 0.013769 0.986191 0.000009
3 3 0.000006 0.000078 0.016377 0.983520 0.000019
3 3 0.000016 0.000113 0.014024 0.985804 0.000043
3 3 0.000003 0.000048 0.014743 0.985188 0.000018
3 3 0.000001 0.000015 0.009943 0.990037 0.000004
3 3 0.000011 0.000073 0.010294 0.989600 0.000022
3 3 0.000029 0.000101 0.007922 0.991913 0.000034
3 3 0.000043 0.000145 0.009417 0.990351 0.000044
3 3 0.000022 0.000102 0.009593 0.990250 0.000032
3 3 0.000007 0.000051 0.009170 0.990758 0.000015
3 3 0.000001 0.000013 0.006960 0.993023 0.000003
3 3 0.000003 0.000034 0.009136 0.990816 0.000011
3 3 0.000001 0.000018 0.009051 0.990926 0.000005
3 3 0.000014 0.000090 0.011057 0.988815 0.000024
3 3 0.000015 0.000081 0.009309 0.990570 0.000024
3 3 0.000006 0.000055 0.010606 0.989316 0.000018
3 3 0.000011 0.000058 0.007399 0.992516 0.000016
3 3 0.000003 0.000023 0.006120 0.993847 0.000007
3 3 0.000009 0.000045 0.006147 0.993785 0.000013
3 3 0.000003 0.000034 0.008529 0.991426 0.000008
3 3 0.000009 0.000071 0.011521 0.988375 0.000023
3 3 0.000004 0.000027 0.005898 0.994064 0.000008
3 3 0.000002 0.000023 0.006516 0.993454 0.000005
3 3 0.000006 0.000032 0.005485 0.994469 0.000008
3 3 0.000003 0.000024 0.006503 0.993465 0.000005
3 3 0.000017 0.000110 0.013284 0.986553 0.000036
3 3 0.000001 0.000015 0.007429 0.992551 0.000004
3 3 0.000006 0.000045 0.008722 0.991211 0.000016
3 3 0.000006 0.000057 0.010957 0.988965 0.000015
3 3 0.000008 0.000045 0.006723 0.993213 0.000012
3 3 0.000001 0.000014 0.005307 0.994674 0.000004
3 3 0.000002 0.000023 0.006950 0.993019 0.000006
3 3 0.000002 0.000014 0.004605 0.995375 0.000004
3 3 0.000010 0.000061 0.008720 0.991192 0.000018
3 3 0.000027 0.000138 0.012388 0.987406 0.000041
3 3 0.000002 0.000019 0.005870 0.994104 0.000005
3 3 0.000007 0.000037 0.005696 0.994250 0.000010
3 3 0.000019 0.000071 0.006465 0.993423 0.000022
3 3 0.000008 0.000060 0.009680 0.990235 0.000015
3 3 0.000073 0.000194 0.009569 0.990098 0.000067
3 3 0.002131 0.004220 0.064255 0.927922 0.001471
3 3 0.013938 0.029232 0.406072 0.545296 0.005463
2 2 0.106493 0.177798 0.683410 0.014579 0.017719
2 2 0.029637 0.065094 0.738533 0.158557 0.008179
2 2 0.007541 0.024545 0.518669 0.444649 0.004596
2 2 0.009740 0.061997 0.838481 0.072033 0.017749
2 2 0.005895 0.041920 0.849609 0.093330 0.009245
2 2 0.003631 0.027915 0.812028 0.149750 0.006676
2 2 0.111483 0.229898 0.618979 0.000551 0.039089
2 2 0.015347 0.093558 0.856282 0.014517 0.020296
2 2 0.003271 0.054718 0.856580 0.054063 0.031367
2 2 0.004957 0.089097 0.866860 0.005345 0.033741
2 2 0.001942 0.057006 0.920554 0.003265 0.017234
2 2 0.021257 0.194235 0.726416 0.000357 0.057734
2 2 0.019084 0.207263 0.704832 0.000257 0.068565
4 2 0.103028 0.190424 0.006794 0.000000 0.699754
4 1 0.135443 0.112861 0.011688 0.000012 0.739996
4 1 0.164051 0.199626 0.018177 0.000001 0.618146
4 1 0.126155 0.122316 0.013574 0.000016 0.737939
4 1 0.091107 0.115094 0.015695 0.000007 0.778096
0 1 0.528064 0.201982 0.026950 0.000085 0.242919
0 1 0.430166 0.198059 0.029657 0.000380 0.341737
0 0 0.651671 0.183761 0.011955 0.000005 0.152608
0 0 0.504159 0.219006 0.015280 0.000024 0.261531
0 0 0.413325 0.204372 0.044225 0.000366 0.337712
4 0 0.280528 0.177190 0.034170 0.000359 0.507753
4 0 0.315289 0.192142 0.025297 0.000016 0.467257
4 0 0.389685 0.199424 0.019832 0.000027 0.391032
0 0 0.394450 0.194553 0.021140 0.000025 0.389832
4 0 0.286179 0.177863 0.021689 0.000072 0.514196
4 0 0.316144 0.216331 0.057346 0.000446 0.409732
4 0 0.225057 0.275220 0.031265 0.000012 0.468446
0 0 0.406026 0.224685 0.062895 0.000286 0.306108
4 0 0.191202 0.197681 0.026128 0.000078 0.584910
4 0 0.335627 0.218351 0.019814 0.000039 0.426170
4 0 0.057090 0.068592 0.003692 0.000000 0.870626
4 0 0.035373 0.063905 0.004681 0.000000 0.896041
4 2 0.046651 0.074482 0.003842 0.000000 0.875024
4 4 0.027650 0.040993 0.005261 0.000003 0.926094
4 4 0.038587 0.048267 0.004819 0.000002 0.908325
4 4 0.084023 0.130383 0.010914 0.000002 0.774678
4 4 0.052134 0.089453 0.014245 0.000006 0.844162
4 4 0.039675 0.072656 0.016121 0.000027 0.871522
4 4 0.096091 0.100228 0.013058 0.000030 0.790592
4 4 0.112391 0.106338 0.007653 0.000007 0.773611
4 4 0.037469 0.049843 0.015808 0.000065 0.896815
4 4 0.054946 0.077330 0.014642 0.000031 0.853051
4 4 0.067549 0.126931 0.028170 0.000004 0.777346
4 4 0.045364 0.087194 0.017670 0.000004 0.849769
4 4 0.115503 0.115899 0.009965 0.000003 0.758630
4 4 0.070502 0.099258 0.021561 0.000036 0.808642
4 4 0.093944 0.133060 0.024874 0.000015 0.748107
4 4 0.239036 0.202263 0.011616 0.000001 0.547085
4 4 0.119108 0.145941 0.024836 0.000012 0.710104
4 4 0.078953 0.105351 0.027331 0.000029 0.788336
4 4 0.432704 0.133361 0.001016 0.000000 0.432919
4 4 0.303529 0.165718 0.001998 0.000000 0.528755
4 1 0.148362 0.104128 0.005734 0.000005 0.741772
4 1 0.247599 0.145225 0.006055 0.000001 0.601120
4 1 0.249140 0.130198 0.005405 0.000002 0.615255
4 1 0.316892 0.148220 0.002767 0.000001 0.532120
4 1 0.211294 0.119211 0.007175 0.000003 0.662317
4 1 0.316691 0.133545 0.003223 0.000001 0.546540
4 0 0.131283 0.064304 0.004692 0.000009 0.799712
4 0 0.210412 0.124646 0.003264 0.000001 0.661677
4 0 0.074166 0.098371 0.002297 0.000000 0.825166
4 0 0.036943 0.083807 0.005373 0.000001 0.873877
4 0 0.023927 0.094518 0.002552 0.000000 0.879003
4 0 0.030730 0.089539 0.003451 0.000000 0.876281
4 0 0.068240 0.074716 0.006715 0.000005 0.850323
0 0 0.543997 0.180550 0.009955 0.000047 0.265450
0 0 0.376637 0.231694 0.026477 0.000115 0.365077
0 0 0.654757 0.144674 0.004434 0.000008 0.196126
0 0 0.498302 0.186832 0.004784 0.000001 0.310081
0 0 0.611808 0.176891 0.004428 0.000000 0.206873
0 0 0.510495 0.228816 0.013680 0.000001 0.247007
0 0 0.512471 0.246622 0.057297 0.000555 0.183055
0 0 0.508818 0.232404 0.061896 0.009728 0.187154
0 0 0.508815 0.232405 0.061896 0.009728 0.187156
0 0 0.508815 0.232405 0.061896 0.009728 0.187156
0 0 0.430896 0.248144 0.047963 0.003964 0.269033
0 0 0.354504 0.260993 0.045416 0.001701 0.337387
4 1 0.250147 0.129264 0.014990 0.000153 0.605446
4 1 0.315245 0.127429 0.004665 0.000007 0.552653
4 1 0.217734 0.128147 0.010939 0.000038 0.643142
4 1 0.022061 0.076762 0.013206 0.000001 0.887971
4 1 0.026021 0.090147 0.014878 0.000000 0.868954
4 1 0.055053 0.095518 0.016695 0.000007 0.832727
4 1 0.012499 0.063901 0.012302 0.000001 0.911297
4 1 0.002432 0.031305 0.017521 0.000002 0.948740
4 1 0.104307 0.187082 0.038659 0.000012 0.669940
4 1 0.148230 0.188252 0.036244 0.000014 0.627260
4 1 0.110309 0.183262 0.039829 0.000010 0.666590
4 1 0.185704 0.233354 0.010969 0.000000 0.569973
4 1 0.157365 0.175426 0.031874 0.000022 0.635314
4 1 0.128403 0.221587 0.021357 0.000000 0.628653
4 1 0.097749 0.167909 0.018139 0.000001 0.716201
4 1 0.033507 0.088902 0.034646 0.000037 0.842908
4 1 0.296691 0.172461 0.013720 0.000007 0.517121
4 1 0.265731 0.210089 0.006203 0.000001 0.517977
1 1 0.094440 0.350519 0.275854 0.000059 0.279127
4 1 0.101861 0.245857 0.279278 0.000481 0.372523
4 1 0.077016 0.269197 0.248157 0.000154 0.405476
2 1 0.044059 0.229875 0.381439 0.000334 0.344293
2 2 0.003434 0.107644 0.718249 0.000098 0.170575
2 2 0.032283 0.138932 0.803175 0.000607 0.025002
2 2 0.017914 0.122576 0.828650 0.000056 0.030804
2 2 0.009005 0.085134 0.884157 0.000511 0.021195
2 2 0.071193 0.289812 0.559224 0.000018 0.079753
2 2 0.010638 0.091752 0.882569 0.000247 0.014794
2 2 0.002132 0.041509 0.946788 0.000761 0.008811
2 2 0.003698 0.050767 0.932373 0.001226 0.011936
2 2 0.018492 0.165016 0.786180 0.000053 0.030259
2 2 0.003168 0.060089 0.918617 0.000293 0.017834
2 2 0.020424 0.116021 0.835791 0.000713 0.027051
2 2 0.008244 0.111758 0.867250 0.000021 0.012726
2 2 0.011196 0.091942 0.874703 0.000383 0.021777
2 2 0.007833 0.046494 0.937137 0.002306 0.006229
2 2 0.002808 0.042400 0.946354 0.001068 0.007370
2 2 0.001949 0.027980 0.966883 0.000530 0.002657
2 2 0.004542 0.088965 0.890967 0.000172 0.015354
2 2 0.003734 0.071176 0.910606 0.000601 0.013883
2 2 0.003777 0.055821 0.928600 0.000278 0.011523
2 2 0.000711 0.021446 0.970580 0.003896 0.003367
2 2 0.002758 0.071067 0.912731 0.000521 0.012923
2 2 0.017927 0.171467 0.758677 0.001068 0.050860
2 2 0.003778 0.044804 0.942946 0.002517 0.005955
2 2 0.001904 0.038651 0.948056 0.003957 0.007431
2 2 0.001857 0.036925 0.949802 0.004618 0.006798
2 2 0.032149 0.149444 0.771828 0.002882 0.043697
2 2 0.093574 0.198800 0.677222 0.001609 0.028796
2 2 0.059953 0.166133 0.746040 0.002688 0.025187
2 2 0.042921 0.162257 0.763600 0.003185 0.028038
2 2 0.062961 0.189292 0.716707 0.000594 0.030447
2 2 0.006912 0.033210 0.928510 0.028239 0.003130
2 2 0.000876 0.024275 0.970434 0.001667 0.002748
2 2 0.001101 0.022306 0.965362 0.008746 0.002485
2 2 0.005057 0.079686 0.902132 0.000342 0.012782
2 2 0.001440 0.037747 0.956677 0.000489 0.003646
2 2 0.001517 0.043192 0.948460 0.000897 0.005933
2 2 0.005072 0.064177 0.914732 0.003580 0.012439
2 2 0.011595 0.116071 0.855134 0.000186 0.017014
2 2 0.003808 0.047812 0.936785 0.003210 0.008385
2 2 0.069660 0.241673 0.614345 0.000604 0.073717
2 2 0.011935 0.110891 0.854122 0.001107 0.021945
2 2 0.056174 0.170236 0.736696 0.000580 0.036315
2 2 0.006329 0.065702 0.906718 0.003975 0.017276
2 2 0.010392 0.050050 0.929847 0.003495 0.006216
2 2 0.005108 0.032353 0.955181 0.003617 0.003741
2 2 0.011282 0.065946 0.913306 0.000961 0.008505
2 2 0.024075 0.038485 0.810595 0.121379 0.005465
2 2 0.204059 0.206701 0.541775 0.004151 0.043314
2 2 0.084162 0.162254 0.729783 0.002036 0.021765
2 2 0.109393 0.254077 0.575384 0.001583 0.059563
2 1 0.340007 0.263855 0.350048 0.000410 0.045680
1 1 0.320782 0.333114 0.206487 0.000140 0.139476
1 1 0.264482 0.317976 0.276202 0.001605 0.139736
2 1 0.196434 0.269426 0.410803 0.002583 0.120753
2 1 0.310744 0.280364 0.336352 0.001711 0.070829
2 2 0.017109 0.138961 0.615004 0.004592 0.224334
2 2 0.005984 0.038740 0.923462 0.019724 0.012090
2 2 0.017691 0.082698 0.889435 0.000666 0.009510
2 2 0.028741 0.066039 0.897424 0.001051 0.006746
2 2 0.117682 0.171130 0.693125 0.000633 0.017431
2 2 0.022119 0.069728 0.894223 0.005717 0.008213
0 2 0.554994 0.241507 0.038726 0.000016 0.164757
0 2 0.440847 0.270553 0.037003 0.000011 0.251585
0 2 0.359970 0.292346 0.062542 0.000081 0.285062
0 2 0.445372 0.258199 0.033464 0.000043 0.262922
0 2 0.513673 0.238952 0.028558 0.000038 0.218779
0 1 0.613080 0.208605 0.029221 0.000092 0.149003
0 0 0.865528 0.085909 0.004595 0.000013 0.043956
0 0 0.775098 0.130749 0.008864 0.000026 0.085264
0 0 0.699166 0.173625 0.021527 0.000060 0.105621
0 0 0.787303 0.123308 0.005492 0.000002 0.083894
4 0 0.300312 0.155038 0.002178 0.000000 0.542472
4 1 0.173421 0.165026 0.009162 0.000002 0.652389
0 1 0.448039 0.158056 0.002393 0.000000 0.391511
0 1 0.466210 0.159441 0.003479 0.000001 0.370869
4 1 0.380560 0.160604 0.003921 0.000001 0.454914
4 1 0.080957 0.111276 0.014043 0.000020 0.793703
4 1 0.060477 0.079703 0.022085 0.000114 0.837620
4 1 0.022180 0.078791 0.031040 0.000053 0.867936
4 1 0.046294 0.094096 0.024681 0.000011 0.834918
4 1 0.084815 0.133192 0.028847 0.000062 0.753084
4 1 0.128737 0.086739 0.004314 0.000003 0.780207
4 1 0.165138 0.135270 0.005000 0.000001 0.694591
4 1 0.074101 0.098584 0.005500 0.000000 0.821815
4 1 0.098625 0.061095 0.003375 0.000002 0.836902
4 1 0.162268 0.122930 0.004809 0.000001 0.709991
4 1 0.137322 0.142881 0.011742 0.000002 0.708054
4 1 0.125506 0.089851 0.010629 0.000037 0.773977
4 1 0.113501 0.102707 0.010356 0.000014 0.773422
4 1 0.097612 0.106437 0.009512 0.000011 0.786428
4 4 0.180490 0.096022 0.005200 0.000008 0.718280
4 4 0.197573 0.110683 0.054871 0.006781 0.630091
4 4 0.311736 0.182501 0.031032 0.000199 0.474531
4 4 0.330020 0.204774 0.041648 0.000196 0.423361
4 4 0.246833 0.162830 0.039350 0.000358 0.550629
4 4 0.359530 0.239426 0.032129 0.000017 0.368898
4 4 0.162583 0.145528 0.026355 0.000247 0.665287
4 4 0.147639 0.162190 0.044640 0.000268 0.645262
4 4 0.223562 0.147955 0.033758 0.000353 0.594372
4 4 0.151300 0.081190 0.019099 0.000393 0.748018
4 4 0.143216 0.133185 0.027895 0.000162 0.695541
4 4 0.132901 0.143832 0.056692 0.000685 0.665890
4 4 0.115963 0.111359 0.033084 0.000513 0.739082
4 4 0.239591 0.159078 0.033086 0.000286 0.567960
4 4 0.130907 0.128357 0.042026 0.000740 0.697970
4 4 0.221756 0.239442 0.037164 0.000051 0.501587
4 4 0.073832 0.102787 0.024182 0.000108 0.799091
4 4 0.055577 0.119232 0.015976 0.000012 0.809203
4 4 0.054107 0.092862 0.013698 0.000015 0.839318
4 4 0.147742 0.218613 0.019261 0.000001 0.614384
4 4 0.109520 0.179538 0.018808 0.000001 0.692134
4 4 0.155240 0.145515 0.047057 0.000963 0.651225
4 4 0.199628 0.177110 0.060937 0.001044 0.561281
0 4 0.417861 0.204109 0.032253 0.000124 0.345652
4 4 0.364074 0.218702 0.043540 0.000301 0.373383
4 4 0.254598 0.192302 0.042535 0.000162 0.510404
4 4 0.239264 0.104761 0.008760 0.000050 0.647165
4 4 0.317251 0.116008 0.006391 0.000028 0.560322
4 4 0.351192 0.146782 0.007596 0.000022 0.494409
4 4 0.263476 0.130892 0.010968 0.000051 0.594613
4 4 0.196880 0.114388 0.013316 0.000067 0.675349
4 4 0.066988 0.115411 0.024471 0.000015 0.793114
4 4 0.105291 0.191075 0.022844 0.000001 0.680790
4 4 0.051284 0.117964 0.028890 0.000023 0.801838
4 4 0.093361 0.104013 0.036935 0.000568 0.765123
4 4 0.118028 0.128273 0.025417 0.000059 0.728223
4 4 0.046314 0.077029 0.005007 0.000001 0.871649
4 4 0.051268 0.099527 0.007326 0.000001 0.841878
4 4 0.061220 0.055754 0.017770 0.000163 0.865093
4 4 0.049509 0.066452 0.009144 0.000010 0.874885
4 4 0.018958 0.066992 0.011255 0.000001 0.902794
4 4 0.279280 0.205614 0.006960 0.000001 0.508146
4 4 0.163824 0.129794 0.019012 0.000129 0.687241
4 4 0.231390 0.165389 0.023491 0.000057 0.579673
4 4 0.079326 0.104633 0.031302 0.000252 0.784486
4 4 0.129861 0.123784 0.015246 0.000037 0.731072
4 4 0.143009 0.141905 0.002877 0.000000 0.712209
4 4 0.047446 0.086053 0.009145 0.000002 0.857353
4 1 0.050959 0.162708 0.008709 0.000000 0.777624
4 1 0.054756 0.108081 0.008779 0.000001 0.828383
4 1 0.063766 0.109986 0.010177 0.000001 0.816069
4 1 0.275816 0.234107 0.069014 0.000423 0.420640
4 1 0.247380 0.209572 0.049471 0.000078 0.493498
4 1 0.198768 0.155071 0.074736 0.007252 0.564172
4 1 0.240934 0.192579 0.053357 0.000541 0.512589
4 2 0.149180 0.184926 0.034165 0.000214 0.631515
4 2 0.038478 0.072315 0.008610 0.000003 0.880593
4 2 0.031546 0.082563 0.011416 0.000003 0.874472
4 2 0.035391 0.054109 0.014102 0.000033 0.896364
4 2 0.046631 0.129646 0.010962 0.000000 0.812761
4 2 0.111370 0.132704 0.005350 0.000001 0.750575
4 2 0.008825 0.044908 0.014189 0.000005 0.932074
4 2 0.015720 0.046821 0.015768 0.000016 0.921674
4 2 0.011661 0.081438 0.005966 0.000000 0.900935
4 2 0.011781 0.056160 0.009137 0.000001 0.922920
4 2 0.034579 0.091113 0.007094 0.000001 0.867213
4 2 0.176397 0.237136 0.038375 0.000024 0.548068
4 2 0.085107 0.190241 0.047580 0.000099 0.676973
4 2 0.036208 0.073457 0.056475 0.000918 0.832943
4 2 0.107570 0.127380 0.068392 0.000928 0.695731
4 2 0.166245 0.130347 0.057171 0.000771 0.645465
4 1 0.340875 0.192081 0.033574 0.000356 0.433114
4 1 0.231245 0.131115 0.044390 0.003162 0.590087
4 1 0.259437 0.141182 0.036680 0.001880 0.560821
4 1 0.239909 0.165847 0.052860 0.003027 0.538357
4 1 0.188210 0.156611 0.081207 0.007331 0.566641
4 1 0.069937 0.087940 0.055615 0.001779 0.784728
