0 0 0.406125 0.264647 0.082993 0.005440 0.240795
0 0 0.392491 0.273225 0.077498 0.004193 0.252594
0 0 0.551808 0.226905 0.046147 0.001168 0.173973
0 1 0.418577 0.268624 0.077038 0.004338 0.231423
4 1 0.278387 0.253131 0.094314 0.007260 0.366909
4 1 0.178560 0.241474 0.038823 0.000457 0.540686
4 1 0.156661 0.213353 0.049130 0.001062 0.579794
4 1 0.111112 0.223789 0.041552 0.000660 0.622886
4 4 0.167038 0.232215 0.043600 0.000681 0.556467
4 4 0.143043 0.250364 0.056893 0.001533 0.548166
4 4 0.103365 0.222248 0.043384 0.000774 0.630229
4 4 0.093355 0.222680 0.041059 0.000302 0.642605
4 4 0.088399 0.199083 0.035919 0.000489 0.676110
4 4 0.128107 0.229556 0.040686 0.000586 0.601065
4 4 0.102564 0.214307 0.036778 0.000477 0.645874
4 1 0.081536 0.194177 0.058497 0.002330 0.663460
4 1 0.127985 0.251462 0.065279 0.002413 0.552861
4 1 0.114223 0.240571 0.052388 0.000827 0.591990
4 1 0.131231 0.252313 0.064781 0.002337 0.549339
4 1 0.063839 0.192867 0.057303 0.002372 0.683620
4 1 0.064932 0.189281 0.026848 0.000068 0.718871
4 1 0.074885 0.209982 0.032967 0.000070 0.682096
4 1 0.077355 0.189331 0.033593 0.000431 0.699290
4 1 0.059675 0.158773 0.032632 0.000494 0.748426
4 1 0.049736 0.174262 0.032628 0.000487 0.742887
4 1 0.109115 0.238367 0.058152 0.001810 0.592556
4 1 0.093942 0.226160 0.066906 0.003039 0.609953
4 1 0.063830 0.217357 0.068670 0.003819 0.646324
4 2 0.076164 0.214453 0.059129 0.002282 0.647973
4 2 0.112886 0.247517 0.071852 0.003402 0.564344
4 2 0.069587 0.220819 0.082731 0.006614 0.620248
4 2 0.074941 0.214181 0.085654 0.007382 0.617842
4 2 0.121313 0.256237 0.077269 0.004113 0.541069
4 2 0.085004 0.198799 0.086258 0.007683 0.622256
4 2 0.109769 0.211521 0.085847 0.006727 0.586137
4 2 0.130236 0.237077 0.126096 0.020799 0.485792
4 2 0.159815 0.221411 0.127634 0.021820 0.469319
4 1 0.193554 0.257044 0.118238 0.015072 0.416092
4 1 0.156566 0.259016 0.114417 0.013784 0.456216
4 1 0.096855 0.208474 0.132202 0.028627 0.533841
4 1 0.142026 0.252105 0.134190 0.024260 0.447419
4 1 0.287536 0.273879 0.095881 0.007435 0.335268
4 1 0.142470 0.259635 0.150319 0.035265 0.412311
4 2 0.138894 0.233006 0.137937 0.028107 0.462057
4 2 0.128543 0.237586 0.135391 0.026454 0.472027
2 2 0.132724 0.240754 0.300555 0.132214 0.193754
2 2 0.072117 0.226064 0.438308 0.078589 0.184922
1 2 0.259217 0.259544 0.240502 0.080733 0.160003
2 2 0.136032 0.260488 0.442161 0.041329 0.119991
2 2 0.160347 0.252694 0.356631 0.078518 0.151809
2 2 0.046505 0.090749 0.725074 0.124504 0.013168
2 2 0.044275 0.077463 0.765708 0.104586 0.007967
2 2 0.080452 0.113569 0.646695 0.142639 0.016645
2 2 0.042121 0.085872 0.677008 0.180416 0.014584
2 3 0.044378 0.077314 0.569840 0.292900 0.015567
2 3 0.025304 0.056089 0.486355 0.417373 0.014879
2 3 0.009779 0.031764 0.551986 0.400554 0.005917
3 3 0.022060 0.055173 0.413704 0.490517 0.018545
3 3 0.055282 0.065789 0.342841 0.519914 0.016174
2 3 0.057521 0.104814 0.633369 0.184050 0.020245
3 3 0.010302 0.022913 0.170949 0.784139 0.011697
3 3 0.005038 0.016867 0.279924 0.693248 0.004923
3 3 0.005809 0.020358 0.279312 0.685692 0.008828
3 3 0.009253 0.030303 0.366630 0.584067 0.009747
3 3 0.003307 0.008855 0.110159 0.872608 0.005071
3 3 0.005826 0.014533 0.128641 0.840999 0.010002
3 3 0.002044 0.006656 0.116636 0.871001 0.003664
3 3 0.002891 0.008080 0.096914 0.886062 0.006053
3 3 0.001198 0.004515 0.111001 0.880988 0.002299
3 3 0.000944 0.003099 0.063943 0.929814 0.002200
3 3 0.001031 0.003381 0.063638 0.929204 0.002746
3 3 0.001026 0.003415 0.060313 0.931941 0.003304
3 3 0.001451 0.004626 0.067137 0.921867 0.004920
3 3 0.002331 0.006949 0.079686 0.903354 0.007680
3 3 0.003093 0.008922 0.085730 0.891194 0.011062
3 3 0.001176 0.003873 0.061495 0.929255 0.004201
3 3 0.001416 0.004590 0.063371 0.924883 0.005740
3 3 0.001760 0.005192 0.086054 0.903937 0.003057
3 3 0.002249 0.006498 0.089406 0.897220 0.004628
3 3 0.002749 0.008128 0.136042 0.849805 0.003276
3 3 0.001806 0.007463 0.188658 0.799111 0.002963
3 3 0.003407 0.008814 0.123253 0.860982 0.003543
3 3 0.014019 0.030899 0.418034 0.530891 0.006157
3 3 0.004066 0.013381 0.210097 0.767107 0.005350
3 3 0.003815 0.010180 0.122933 0.857556 0.005516
3 3 0.002479 0.007394 0.109770 0.876016 0.004341
3 3 0.001152 0.003633 0.071977 0.920989 0.002249
3 3 0.002951 0.008426 0.089645 0.890517 0.008461
3 3 0.001880 0.005552 0.084965 0.903878 0.003724
3 3 0.002913 0.008451 0.084787 0.893771 0.010078
3 3 0.000488 0.001772 0.048519 0.947895 0.001326
3 3 0.001142 0.003601 0.072072 0.920992 0.002193
3 3 0.000840 0.002756 0.065089 0.929737 0.001578
3 3 0.001268 0.004115 0.064102 0.926232 0.004283
3 3 0.000410 0.001496 0.048801 0.948421 0.000871
3 3 0.000576 0.002152 0.042915 0.951321 0.003036
3 3 0.000556 0.002028 0.046910 0.948481 0.002025
3 3 0.001407 0.004555 0.063775 0.924730 0.005533
3 3 0.000454 0.001742 0.040033 0.955515 0.002256
3 3 0.000635 0.002277 0.048971 0.945770 0.002347
3 3 0.000730 0.002610 0.048775 0.944599 0.003285
3 3 0.000629 0.002429 0.037508 0.953405 0.006029
3 3 0.000479 0.001854 0.038651 0.956111 0.002904
3 3 0.000400 0.001574 0.037102 0.958704 0.002220
3 3 0.001223 0.004171 0.053758 0.933376 0.007473
3 3 0.000322 0.001297 0.034939 0.961770 0.001672
3 3 0.000061 0.000312 0.018397 0.980864 0.000366
3 3 0.000089 0.000414 0.024616 0.974573 0.000307
3 3 0.000109 0.000503 0.024009 0.974854 0.000526
3 3 0.000594 0.002262 0.039781 0.953085 0.004278
3 3 0.000328 0.001353 0.031988 0.963931 0.002400
3 3 0.000773 0.002863 0.042365 0.947786 0.006213
3 3 0.000114 0.000535 0.023013 0.975646 0.000692
3 3 0.000122 0.000570 0.022962 0.975536 0.000809
3 3 0.000488 0.002014 0.030317 0.959953 0.007228
3 3 0.000166 0.000741 0.025881 0.972148 0.001065
3 3 0.000193 0.000865 0.025515 0.971822 0.001605
3 3 0.000206 0.000910 0.026396 0.970845 0.001642
3 3 0.000381 0.001554 0.032566 0.962332 0.003167
3 3 0.000214 0.000944 0.026289 0.970740 0.001813
3 3 0.000277 0.001193 0.027761 0.968071 0.002698
3 3 0.000163 0.000737 0.024980 0.972953 0.001167
3 3 0.000050 0.000266 0.015821 0.983471 0.000391
3 3 0.000360 0.001510 0.029808 0.964487 0.003835
3 3 0.000153 0.000695 0.024596 0.973496 0.001060
3 3 0.003416 0.010433 0.067784 0.886717 0.031650
3 3 0.014512 0.034354 0.123335 0.752754 0.075045
3 3 0.006943 0.018573 0.097359 0.836616 0.040509
3 3 0.016361 0.031826 0.165723 0.753892 0.032198
3 2 0.029201 0.053223 0.222280 0.661169 0.034127
2 2 0.278199 0.216769 0.330090 0.111302 0.063640
2 2 0.084075 0.155367 0.462129 0.225721 0.072708
2 2 0.100140 0.157803 0.381262 0.276180 0.084616
2 2 0.055974 0.140222 0.587594 0.158429 0.057781
2 2 0.232844 0.194413 0.407139 0.120431 0.045173
2 2 0.099956 0.145371 0.666058 0.069837 0.018779
2 2 0.163020 0.164612 0.574903 0.075231 0.022234
2 2 0.081093 0.142561 0.716079 0.039834 0.020434
2 2 0.182277 0.149266 0.540742 0.108032 0.019684
2 2 0.139555 0.191389 0.578420 0.057769 0.032867
0 2 0.427349 0.267994 0.082560 0.005583 0.216514
0 2 0.507377 0.228096 0.075612 0.005235 0.183680
0 1 0.454184 0.254517 0.086920 0.007160 0.197220
0 1 0.453697 0.261929 0.081404 0.005699 0.197271
0 1 0.425308 0.268638 0.084002 0.005891 0.216161
4 1 0.165029 0.275294 0.087844 0.005586 0.466248
4 1 0.203151 0.282585 0.088598 0.005543 0.420122
4 1 0.138394 0.266648 0.085367 0.005354 0.504236
4 1 0.168439 0.270669 0.076763 0.003653 0.480475
4 1 0.163087 0.283801 0.115846 0.013572 0.423694
4 1 0.133577 0.273606 0.108368 0.011482 0.472966
4 1 0.143184 0.256414 0.108824 0.011942 0.479636
4 1 0.129255 0.252816 0.091743 0.007074 0.519112
4 1 0.104135 0.250428 0.118614 0.017259 0.509564
4 1 0.165514 0.265519 0.094552 0.007228 0.467187
4 1 0.216046 0.281201 0.132034 0.020922 0.349796
4 1 0.232477 0.293317 0.122667 0.016042 0.335497
0 1 0.352329 0.290289 0.115918 0.010706 0.230757
4 1 0.258201 0.283740 0.126945 0.018555 0.312558
1 2 0.208298 0.303056 0.189792 0.029907 0.268948
0 2 0.486169 0.252663 0.095715 0.011187 0.154266
0 2 0.506312 0.247592 0.080193 0.006387 0.159516
0 2 0.325056 0.287132 0.101793 0.009289 0.276730
0 2 0.456010 0.257148 0.087781 0.007442 0.191619
0 2 0.352834 0.273329 0.105840 0.011203 0.256794
0 2 0.344649 0.258055 0.126363 0.020946 0.249987
0 2 0.523595 0.241511 0.086908 0.009094 0.138893
0 2 0.538082 0.236461 0.086230 0.009399 0.129828
0 4 0.497906 0.244045 0.110839 0.020601 0.126609
0 4 0.535607 0.229116 0.104218 0.019226 0.111833
0 4 0.340962 0.285650 0.118820 0.016321 0.238247
0 4 0.352289 0.268479 0.108758 0.012352 0.258122
0 4 0.338152 0.286185 0.117035 0.015381 0.243248
0 4 0.356805 0.275953 0.107488 0.011874 0.247880
1 4 0.286639 0.286791 0.135927 0.024288 0.266354
0 4 0.513725 0.213417 0.022465 0.000110 0.250284
0 4 0.565557 0.197447 0.018433 0.000068 0.218494
4 4 0.272696 0.254335 0.039975 0.000471 0.432523
4 4 0.247565 0.251016 0.038556 0.000423 0.462440
4 4 0.275532 0.256627 0.041893 0.000542 0.425405
4 4 0.253278 0.212581 0.016900 0.000037 0.517205
4 1 0.270470 0.196042 0.022634 0.000095 0.510759
4 1 0.280712 0.211787 0.023754 0.000105 0.483643
4 1 0.107750 0.209958 0.031752 0.000303 0.650237
4 1 0.291103 0.238517 0.028056 0.000163 0.442161
4 1 0.175513 0.255645 0.052996 0.001167 0.514680
4 1 0.228693 0.265464 0.054603 0.001220 0.450019
4 1 0.202102 0.231046 0.051656 0.001128 0.514068
4 1 0.222486 0.258426 0.047605 0.000807 0.470676
4 1 0.149649 0.254736 0.059877 0.001764 0.533974
4 1 0.302389 0.267596 0.053088 0.001130 0.375798
4 1 0.163317 0.242696 0.049070 0.000960 0.543957
4 1 0.290565 0.257077 0.041887 0.000544 0.409927
4 1 0.267499 0.278879 0.070542 0.002692 0.380387
4 1 0.243003 0.266116 0.053803 0.001162 0.435916
4 1 0.258930 0.289720 0.098408 0.007780 0.345162
0 1 0.344985 0.284476 0.099387 0.008836 0.262316
4 1 0.275726 0.291582 0.108655 0.010931 0.313105
4 1 0.291705 0.275340 0.098854 0.008237 0.325865
4 1 0.265200 0.281530 0.099393 0.008163 0.345714
4 1 0.241177 0.292353 0.112617 0.012058 0.341795
0 1 0.420634 0.262195 0.102423 0.011598 0.203150
0 1 0.336671 0.286456 0.115428 0.014606 0.246839
1 1 0.289755 0.291751 0.119768 0.015475 0.283252
4 1 0.241667 0.291997 0.110394 0.011284 0.344658
2 1 0.191045 0.272038 0.428861 0.028565 0.079490
2 1 0.244882 0.290705 0.353194 0.021346 0.089873
2 2 0.158384 0.255231 0.450898 0.044077 0.091410
2 2 0.291219 0.214901 0.440499 0.028882 0.024500
2 2 0.177298 0.277200 0.473452 0.009342 0.062708
2 2 0.202645 0.219973 0.525536 0.019897 0.031949
2 2 0.238105 0.237371 0.436584 0.031758 0.056182
0 2 0.464068 0.250595 0.202751 0.017226 0.065360
2 2 0.301504 0.265701 0.340920 0.016718 0.075158
0 2 0.318215 0.276657 0.276409 0.037384 0.091335
1 2 0.308533 0.309559 0.186057 0.013770 0.182080
1 2 0.220930 0.323642 0.229987 0.010064 0.215377
0 2 0.342842 0.285889 0.128823 0.020146 0.222300
0 2 0.296113 0.292958 0.157191 0.026883 0.226854
0 2 0.300826 0.297001 0.154821 0.023012 0.224339
4 2 0.268362 0.288627 0.094284 0.006800 0.341927
4 2 0.250949 0.283184 0.086991 0.005226 0.373649
0 2 0.327767 0.282245 0.081867 0.004534 0.303586
4 2 0.234453 0.282856 0.081743 0.004261 0.396688
4 2 0.296475 0.284854 0.084200 0.004809 0.329662
0 2 0.321434 0.254981 0.116941 0.015451 0.291193
0 2 0.350073 0.284454 0.110677 0.012918 0.241878
0 1 0.452239 0.252549 0.084839 0.006559 0.203816
0 1 0.422324 0.270081 0.101320 0.011195 0.195080
0 1 0.302771 0.290405 0.113295 0.012980 0.280549
2 1 0.112699 0.234734 0.546879 0.033207 0.072481
2 1 0.092726 0.237486 0.562636 0.026077 0.081074
2 1 0.148055 0.204274 0.544076 0.064936 0.038659
2 2 0.067822 0.165337 0.632046 0.084278 0.050518
2 2 0.040188 0.090761 0.825927 0.035610 0.007513
0 2 0.358305 0.246784 0.258168 0.066760 0.069982
0 2 0.548720 0.227990 0.117865 0.015392 0.090033
0 1 0.468714 0.253292 0.115827 0.017534 0.144632
0 1 0.301202 0.286470 0.190729 0.048020 0.173579
0 1 0.319924 0.289166 0.173370 0.035523 0.182017
0 1 0.401210 0.262269 0.178706 0.044151 0.113665
0 1 0.294580 0.250597 0.253318 0.090139 0.111366
0 1 0.342079 0.278006 0.199563 0.046613 0.133739
0 1 0.410907 0.266125 0.160523 0.034366 0.128079
0 2 0.426517 0.254718 0.175343 0.042466 0.100957
2 2 0.291663 0.214672 0.426614 0.037538 0.029514
2 2 0.346777 0.208923 0.372985 0.042756 0.028559
0 2 0.478731 0.224366 0.178151 0.035190 0.083561
0 2 0.365516 0.264360 0.250350 0.039041 0.080734
0 2 0.414391 0.240647 0.218393 0.056416 0.070153
2 2 0.132182 0.178424 0.625446 0.040253 0.023695
2 2 0.124044 0.161226 0.671665 0.026350 0.016716
2 2 0.171914 0.211095 0.575726 0.016876 0.024389
2 2 0.060994 0.076509 0.834131 0.025424 0.002941
2 2 0.059705 0.096753 0.826768 0.012464 0.004310
2 2 0.059149 0.076914 0.851875 0.009726 0.002336
2 2 0.090735 0.112540 0.775505 0.015685 0.005535
2 2 0.037738 0.059922 0.868103 0.031627 0.002611
2 2 0.037634 0.055344 0.863881 0.041123 0.002017
2 2 0.110606 0.130522 0.737543 0.013338 0.007991
2 2 0.072764 0.093476 0.800726 0.027979 0.005055
2 2 0.027379 0.053392 0.877750 0.038884 0.002595
2 2 0.085543 0.090679 0.768397 0.050351 0.005030
2 2 0.043916 0.064234 0.869746 0.020068 0.002037
2 2 0.045833 0.060739 0.870538 0.021157 0.001732
2 2 0.040999 0.062829 0.865219 0.028336 0.002617
2 2 0.035360 0.051984 0.861606 0.049031 0.002019
2 2 0.023112 0.047193 0.870141 0.057018 0.002536
2 2 0.031267 0.058893 0.894016 0.013782 0.002042
2 2 0.025859 0.042085 0.902768 0.028056 0.001233
2 2 0.050621 0.066998 0.841011 0.038512 0.002858
2 2 0.112567 0.141719 0.707991 0.024424 0.013298
2 2 0.026051 0.071452 0.807811 0.084859 0.009827
2 2 0.046480 0.080410 0.781210 0.083599 0.008300
2 2 0.058285 0.107443 0.789750 0.035000 0.009522
2 2 0.058638 0.117493 0.693949 0.106438 0.023481
2 2 0.070508 0.120363 0.734877 0.059471 0.014782
2 2 0.225809 0.215271 0.495732 0.032911 0.030277
2 2 0.242781 0.185496 0.454760 0.086569 0.030395
2 2 0.153762 0.164685 0.611835 0.049933 0.019785
0 2 0.385556 0.203970 0.287775 0.083832 0.038867
0 2 0.477404 0.228131 0.189756 0.042742 0.061967
0 2 0.449859 0.224196 0.223212 0.053008 0.049725
0 2 0.458665 0.219088 0.222082 0.048191 0.051974
0 2 0.519576 0.210299 0.195081 0.034738 0.040306
0 2 0.424892 0.268860 0.107381 0.013905 0.184962
0 2 0.400589 0.273030 0.119552 0.019276 0.187552
0 1 0.531540 0.239680 0.076451 0.005933 0.146397
0 1 0.424804 0.268349 0.081537 0.005320 0.219989
0 1 0.477741 0.251924 0.110117 0.018385 0.141833
4 1 0.287329 0.287395 0.091133 0.006169 0.327974
4 1 0.278945 0.289707 0.099104 0.008067 0.324176
4 1 0.227284 0.291911 0.113339 0.012269 0.355196
4 1 0.224007 0.291014 0.109571 0.010963 0.364444
0 1 0.314872 0.288498 0.104556 0.010028 0.282047
4 1 0.151241 0.275125 0.096240 0.007605 0.469789
4 1 0.121037 0.253550 0.110479 0.013080 0.501854
4 1 0.134155 0.272638 0.104469 0.010199 0.478538
4 1 0.126040 0.269154 0.102761 0.009867 0.492177
4 1 0.135585 0.273412 0.105398 0.010459 0.475146
0 1 0.599509 0.209094 0.036537 0.000652 0.154208
0 1 0.434926 0.242059 0.035662 0.000386 0.286966
0 1 0.643699 0.189769 0.027421 0.000312 0.138799
0 1 0.644959 0.186129 0.023794 0.000200 0.144918
0 1 0.557529 0.227495 0.030443 0.000064 0.184468
0 1 0.512807 0.231694 0.038339 0.000574 0.216587
4 1 0.315442 0.275936 0.065977 0.002246 0.340400
0 1 0.430269 0.257401 0.054001 0.001404 0.256925
4 1 0.271358 0.279381 0.071314 0.002790 0.375157
0 1 0.343140 0.271673 0.061231 0.001825 0.322131
4 1 0.180120 0.271295 0.073394 0.003134 0.472057
4 1 0.106271 0.254578 0.087369 0.006309 0.545473
4 1 0.127833 0.264070 0.087881 0.006010 0.514205
4 1 0.186711 0.259513 0.066919 0.002389 0.484468
4 4 0.142839 0.259006 0.068904 0.002742 0.526509
4 4 0.102153 0.253476 0.089533 0.006913 0.547925
4 4 0.146536 0.265001 0.077050 0.003833 0.507580
4 4 0.145675 0.251938 0.091553 0.006872 0.503962
4 4 0.145804 0.247623 0.092994 0.007305 0.506274
4 4 0.136000 0.226528 0.086183 0.006161 0.545128
4 4 0.130454 0.272334 0.115152 0.014121 0.467939
4 4 0.114894 0.214461 0.110163 0.014690 0.545792
4 4 0.139419 0.254576 0.117463 0.015497 0.473045
4 4 0.134286 0.237388 0.112533 0.014174 0.501619
4 4 0.178810 0.260871 0.120699 0.016119 0.423500
4 4 0.165770 0.284517 0.116440 0.013760 0.419512
4 4 0.222604 0.262444 0.104898 0.009967 0.400087
4 4 0.283688 0.290469 0.103649 0.009400 0.312794
4 4 0.214403 0.286692 0.129646 0.019476 0.349783
0 1 0.479447 0.254174 0.071694 0.003988 0.190698
4 1 0.089660 0.200883 0.103275 0.013363 0.592819
4 2 0.090050 0.227795 0.104497 0.012652 0.565006
4 1 0.106772 0.225479 0.096160 0.009304 0.562284
4 1 0.058547 0.197337 0.099529 0.013729 0.630859
4 1 0.053489 0.197267 0.109357 0.019188 0.620699
4 1 0.072717 0.201496 0.144438 0.043127 0.538222
4 1 0.137757 0.252434 0.162811 0.047955 0.399043
4 1 0.106584 0.208358 0.174517 0.074234 0.436307
4 1 0.056186 0.187164 0.148916 0.055233 0.552501
4 1 0.073597 0.181929 0.139187 0.040965 0.564321
4 1 0.201004 0.270252 0.149892 0.033246 0.345606
4 1 0.136984 0.242612 0.138034 0.027527 0.454843
4 1 0.071293 0.202884 0.155044 0.055247 0.515532
4 1 0.224961 0.253470 0.146530 0.031747 0.343292
4 1 0.097538 0.239703 0.164222 0.055036 0.443501
4 1 0.124404 0.260119 0.135586 0.025293 0.454598
4 1 0.163267 0.284931 0.121560 0.015903 0.414339
4 1 0.311526 0.278661 0.072791 0.003060 0.333962
4 1 0.125822 0.273102 0.117339 0.015112 0.468625
4 1 0.100277 0.247294 0.106889 0.012499 0.533041
4 1 0.165653 0.279489 0.100192 0.008473 0.446193
4 1 0.233081 0.290322 0.103987 0.009239 0.363372
4 1 0.145528 0.257138 0.126366 0.019494 0.451474
4 1 0.289880 0.277399 0.097107 0.007729 0.327885
4 1 0.296768 0.285923 0.105631 0.010197 0.301481
4 1 0.265956 0.282050 0.104542 0.009652 0.337799
4 1 0.119643 0.240271 0.130592 0.023616 0.485878
4 2 0.224233 0.268168 0.118097 0.014632 0.374870
4 2 0.203185 0.281180 0.132526 0.021166 0.361943
4 2 0.152962 0.278448 0.126552 0.018583 0.423455
1 2 0.224760 0.292205 0.169194 0.028466 0.285374
4 2 0.213679 0.289703 0.159006 0.040357 0.297255
1 2 0.245286 0.287097 0.178258 0.038523 0.250835
1 2 0.268748 0.292928 0.133003 0.021860 0.283461
4 2 0.262111 0.266739 0.120968 0.016140 0.334041
0 2 0.350538 0.284368 0.112211 0.013571 0.239312
0 2 0.399128 0.272087 0.124757 0.022579 0.181450
0 2 0.363212 0.277298 0.137719 0.029929 0.191842
0 2 0.361408 0.282483 0.112880 0.014170 0.229060
0 2 0.319053 0.288768 0.113835 0.013506 0.264839
4 2 0.194858 0.291131 0.149194 0.031652 0.333164
4 2 0.225502 0.269141 0.137300 0.024506 0.343551
4 2 0.196402 0.256964 0.167879 0.051789 0.326966
4 2 0.227173 0.282885 0.140426 0.026003 0.323514
4 2 0.244793 0.271214 0.143072 0.028549 0.312372
0 2 0.296225 0.278042 0.175378 0.036561 0.213794
0 2 0.576649 0.228749 0.089132 0.005918 0.099552
1 2 0.213484 0.293114 0.214176 0.059860 0.219367
2 2 0.142577 0.246312 0.265450 0.109726 0.235935
2 2 0.153563 0.248482 0.422629 0.054054 0.121273
0 2 0.540021 0.219271 0.097292 0.014699 0.128717
0 2 0.373306 0.263150 0.156926 0.054615 0.152003
0 2 0.398680 0.268145 0.152941 0.035672 0.144562
0 2 0.502711 0.225295 0.096378 0.012110 0.163506
0 2 0.287659 0.220041 0.173766 0.069762 0.248772
0 2 0.469348 0.256356 0.104585 0.014609 0.155102
0 2 0.451402 0.253080 0.088694 0.007624 0.199201
0 2 0.377018 0.276929 0.127928 0.023323 0.194802
0 1 0.517847 0.232263 0.085970 0.008487 0.155434
0 1 0.532878 0.238548 0.084926 0.008691 0.134957
0 1 0.540994 0.222278 0.091844 0.011879 0.133005
0 1 0.373087 0.277822 0.128142 0.023222 0.197727
0 1 0.396228 0.243207 0.139118 0.034523 0.186924
0 1 0.313515 0.246587 0.145143 0.033671 0.261084
0 1 0.412806 0.270760 0.115120 0.017343 0.183971
2 1 0.103396 0.153946 0.680003 0.044766 0.017889
2 1 0.135563 0.159046 0.635301 0.048364 0.021727
2 2 0.103394 0.158046 0.709183 0.015722 0.013654
2 2 0.107990 0.134551 0.724791 0.023355 0.009312
2 2 0.085227 0.128415 0.727252 0.044758 0.014348
2 2 0.008829 0.031881 0.942537 0.015417 0.001336
2 2 0.016604 0.051930 0.902178 0.025889 0.003399
2 2 0.008480 0.032703 0.942667 0.014680 0.001471
2 2 0.012810 0.042885 0.890118 0.050964 0.003224
2 2 0.030309 0.069756 0.839334 0.054850 0.005751
2 2 0.038536 0.069772 0.800030 0.086166 0.005496
2 2 0.056958 0.084492 0.802968 0.049820 0.005761
2 2 0.046867 0.078471 0.770739 0.096331 0.007592
2 2 0.056588 0.072009 0.691061 0.174082 0.006259
2 2 0.035669 0.069448 0.737317 0.149857 0.007710
2 2 0.020670 0.048055 0.608037 0.315838 0.007400
3 2 0.011498 0.028665 0.466889 0.487900 0.005048
2 3 0.002911 0.012945 0.514252 0.468290 0.001602
2 3 0.011448 0.033094 0.692393 0.259186 0.003878
2 3 0.000967 0.006893 0.515716 0.475660 0.000764
3 3 0.010827 0.022381 0.361882 0.601624 0.003287
2 3 0.004154 0.015207 0.625501 0.353716 0.001422
2 3 0.016110 0.037453 0.633701 0.308327 0.004409
3 3 0.004289 0.013331 0.285347 0.694349 0.002684
2 3 0.045524 0.055505 0.449529 0.440981 0.008461
0 3 0.577674 0.208723 0.120702 0.019372 0.073528
0 3 0.586788 0.198859 0.091957 0.014933 0.107463
0 3 0.634720 0.185500 0.092592 0.012153 0.075034
0 3 0.552381 0.225207 0.119724 0.020408 0.082280
0 1 0.491313 0.239904 0.144459 0.031798 0.092526
2 1 0.180950 0.171378 0.529351 0.090534 0.027787
2 1 0.123464 0.159900 0.587055 0.104681 0.024900
2 1 0.221757 0.165765 0.465928 0.121350 0.025199
2 1 0.015581 0.039309 0.869035 0.073871 0.002204
2 2 0.097267 0.111755 0.732951 0.049914 0.008112
2 2 0.007426 0.021382 0.936144 0.034400 0.000648
2 2 0.017271 0.045213 0.886372 0.048430 0.002714
2 2 0.029775 0.081715 0.857207 0.024190 0.007112
2 2 0.009325 0.035172 0.836578 0.115770 0.003154
2 2 0.006171 0.028260 0.897465 0.065946 0.002157
2 2 0.009803 0.030434 0.758177 0.198681 0.002905
2 3 0.032687 0.053997 0.796497 0.112869 0.003949
2 3 0.029824 0.059414 0.798077 0.107671 0.005014
2 3 0.005497 0.020878 0.816614 0.155430 0.001581
2 3 0.014098 0.034171 0.776034 0.172998 0.002698
2 3 0.011384 0.037586 0.508949 0.433056 0.009026
3 3 0.002822 0.012845 0.473815 0.508615 0.001904
3 3 0.006239 0.022624 0.424383 0.541452 0.005302
3 3 0.007313 0.017989 0.426181 0.546417 0.002100
3 3 0.005191 0.016383 0.268687 0.705391 0.004347
3 3 0.001331 0.006625 0.290967 0.699820 0.001258
3 3 0.004700 0.011637 0.136088 0.842571 0.005004
3 3 0.004289 0.015981 0.289240 0.685235 0.005256
3 3 0.003001 0.008003 0.113111 0.872202 0.003683
3 3 0.001481 0.005834 0.176034 0.814976 0.001675
3 3 0.001400 0.006506 0.218861 0.771220 0.002014
3 3 0.000938 0.004460 0.219871 0.773902 0.000829
3 3 0.002003 0.006724 0.168009 0.821515 0.001748
3 3 0.001354 0.006804 0.323312 0.667474 0.001056
3 3 0.002673 0.008742 0.177399 0.808435 0.002750
3 3 0.000360 0.001283 0.053810 0.944097 0.000450
3 3 0.001471 0.004310 0.090174 0.902342 0.001703
3 3 0.001355 0.004068 0.083596 0.909112 0.001870
3 3 0.000445 0.001562 0.055613 0.941726 0.000653
3 3 0.002497 0.007249 0.086640 0.897024 0.006590
3 3 0.004049 0.015901 0.304647 0.670175 0.005227
3 3 0.001731 0.005167 0.082674 0.907016 0.003413
3 3 0.001730 0.005173 0.082149 0.907460 0.003489
3 3 0.000509 0.001760 0.057321 0.939617 0.000793
3 3 0.001050 0.003315 0.072564 0.921306 0.001765
3 3 0.001067 0.003755 0.048827 0.938596 0.007756
3 3 0.000577 0.002162 0.042452 0.951639 0.003170
3 3 0.000783 0.002879 0.043481 0.947029 0.005829
3 3 0.000942 0.003220 0.055478 0.936673 0.003687
3 3 0.000444 0.001753 0.036333 0.958420 0.003050
3 3 0.000439 0.001614 0.047012 0.949770 0.001166
3 3 0.000919 0.003298 0.046481 0.942702 0.006600
3 3 0.001148 0.004030 0.048859 0.936825 0.009138
3 3 0.001558 0.005115 0.059671 0.924789 0.008867
3 3 0.000338 0.001354 0.035592 0.960963 0.001753
3 3 0.000475 0.001863 0.036738 0.957509 0.003415
3 3 0.000352 0.001448 0.032132 0.963283 0.002785
3 3 0.000178 0.000783 0.027396 0.970616 0.001027
3 3 0.000400 0.001629 0.032611 0.961832 0.003528
3 3 0.000112 0.000529 0.022373 0.976254 0.000731
3 3 0.000240 0.001099 0.022544 0.972027 0.004090
3 3 0.000190 0.000875 0.022994 0.973697 0.002244
3 3 0.001145 0.004353 0.035834 0.931768 0.026900
3 3 0.000571 0.002347 0.030048 0.956393 0.010640
3 3 0.000200 0.000928 0.021946 0.973972 0.002954
3 3 0.000193 0.000872 0.024702 0.972431 0.001801
3 3 0.000330 0.001429 0.026757 0.966863 0.004621
3 3 0.000059 0.000316 0.015385 0.983602 0.000638
3 3 0.000121 0.000587 0.019909 0.978062 0.001321
3 3 0.000046 0.000255 0.014282 0.984941 0.000475
3 3 0.000275 0.001236 0.023858 0.970051 0.004580
3 3 0.000108 0.000524 0.020577 0.977879 0.000912
3 3 0.000063 0.000334 0.015480 0.983407 0.000717
3 3 0.000247 0.001099 0.025211 0.970497 0.002945
3 3 0.000187 0.000860 0.023159 0.973686 0.002107
3 3 0.000074 0.000386 0.016021 0.982599 0.000919
3 3 0.000309 0.001305 0.029765 0.965902 0.002720
3 3 0.000136 0.000658 0.019700 0.977715 0.001791
3 3 0.000236 0.001058 0.024683 0.971161 0.002862
3 3 0.000079 0.000405 0.017350 0.981353 0.000814
3 3 0.000084 0.000427 0.017571 0.981027 0.000891
3 3 0.000019 0.000114 0.011177 0.988548 0.000142
3 3 0.000324 0.001368 0.029490 0.965690 0.003128
3 3 0.000265 0.001156 0.026828 0.968984 0.002767
3 3 0.000031 0.000176 0.013016 0.986521 0.000257
3 3 0.000302 0.001372 0.022572 0.968861 0.006894
3 3 0.000093 0.000503 0.013614 0.983014 0.002776
3 3 0.000384 0.001703 0.023946 0.964289 0.009678
3 3 0.000085 0.000447 0.015543 0.982501 0.001424
3 3 0.000081 0.000441 0.013640 0.983824 0.002015
3 3 0.000065 0.000354 0.013807 0.984624 0.001151
3 3 0.000216 0.000998 0.022026 0.973279 0.003481
3 3 0.000126 0.000636 0.017350 0.979499 0.002389
3 3 0.000185 0.000884 0.020061 0.975447 0.003424
3 3 0.000073 0.000399 0.013499 0.984388 0.001641
3 3 0.000025 0.000155 0.009055 0.990215 0.000550
3 3 0.000121 0.000622 0.016076 0.980341 0.002840
3 3 0.000169 0.000840 0.017653 0.976930 0.004408
3 3 0.000263 0.001219 0.021438 0.971025 0.006055
3 3 0.000095 0.000512 0.013979 0.982735 0.002679
3 3 0.000233 0.001068 0.022825 0.972190 0.003684
3 3 0.000169 0.000819 0.019038 0.976646 0.003329
3 3 0.000101 0.000504 0.018106 0.980078 0.001211
3 3 0.000133 0.000625 0.022081 0.976030 0.001131
3 3 0.000241 0.001066 0.025630 0.970452 0.002610
3 3 0.000053 0.000284 0.014990 0.984141 0.000533
3 3 0.000132 0.000647 0.018827 0.978429 0.001965
3 3 0.000227 0.001029 0.023622 0.972076 0.003047
3 3 0.000224 0.001045 0.021420 0.973099 0.004212
3 3 0.000092 0.000474 0.016726 0.981387 0.001320
3 3 0.000189 0.000889 0.021019 0.974875 0.003029
3 3 0.000240 0.001072 0.025024 0.970826 0.002838
3 3 0.000183 0.000832 0.024013 0.973222 0.001750
3 3 0.000120 0.000583 0.019553 0.978373 0.001371
3 3 0.000122 0.000588 0.020257 0.977772 0.001261
3 3 0.000402 0.001771 0.024401 0.963376 0.010049
3 3 0.000729 0.002862 0.034470 0.950573 0.011366
3 3 0.000183 0.000888 0.018810 0.975934 0.004185
3 3 0.000065 0.000358 0.013805 0.984588 0.001184
3 3 0.000024 0.000147 0.010716 0.988818 0.000295
3 3 0.004747 0.014050 0.070387 0.855973 0.054842
3 3 0.012875 0.029841 0.114677 0.768245 0.074361
2 2 0.196158 0.183873 0.321472 0.233368 0.065129
3 2 0.057796 0.085842 0.281031 0.532450 0.042880
3 2 0.037987 0.062378 0.262254 0.608868 0.028513
4 2 0.191598 0.274156 0.158958 0.040901 0.334387
0 2 0.323455 0.285774 0.137736 0.027151 0.225884
4 2 0.184990 0.278693 0.153796 0.035983 0.346538
1 2 0.226952 0.285853 0.207845 0.052015 0.227335
1 2 0.284766 0.291774 0.132286 0.021868 0.269306
4 2 0.132786 0.278998 0.143429 0.029112 0.415676
4 2 0.171399 0.288325 0.146307 0.029737 0.364233
4 2 0.214078 0.288316 0.101718 0.008598 0.387290
4 4 0.153189 0.282840 0.123347 0.016904 0.423721
4 4 0.188433 0.290830 0.141752 0.026389 0.352595
0 4 0.469653 0.243704 0.102653 0.013574 0.170416
0 4 0.313644 0.288233 0.133275 0.023534 0.241314
0 4 0.311405 0.286871 0.141595 0.029440 0.230689
1 1 0.233973 0.292486 0.149297 0.032228 0.292015
1 1 0.258262 0.293051 0.138622 0.025093 0.284973
1 1 0.270213 0.291383 0.144676 0.029804 0.263923
1 1 0.224023 0.291176 0.156847 0.038520 0.289435
1 1 0.262436 0.292531 0.141114 0.026904 0.277015
0 1 0.429636 0.268475 0.096046 0.009454 0.196389
0 1 0.286653 0.283951 0.161520 0.047404 0.220473
4 1 0.207221 0.290001 0.161186 0.042339 0.299253
1 1 0.236733 0.290405 0.158716 0.040781 0.273365
0 1 0.568222 0.216617 0.069830 0.004979 0.140352
4 1 0.218339 0.291977 0.152415 0.034446 0.302824
4 1 0.206213 0.291718 0.151224 0.033298 0.317547
4 4 0.272702 0.291664 0.108567 0.010874 0.316192
4 4 0.247422 0.293381 0.120391 0.015157 0.323649
4 4 0.192669 0.286546 0.104695 0.009516 0.406574
0 4 0.332412 0.286010 0.099467 0.008685 0.273425
0 4 0.378208 0.272164 0.108867 0.012973 0.227787
4 4 0.185046 0.281218 0.156158 0.037889 0.339689
4 4 0.178370 0.276634 0.150859 0.033723 0.360414
4 4 0.155522 0.277028 0.143938 0.028890 0.394621
4 4 0.175629 0.280302 0.158355 0.039991 0.345723
4 4 0.162572 0.279286 0.148493 0.031947 0.377701
4 4 0.187858 0.290555 0.147504 0.030402 0.343681
4 4 0.174702 0.288341 0.154149 0.035813 0.346996
4 4 0.189889 0.290024 0.155144 0.036530 0.328414
4 4 0.202949 0.291978 0.146628 0.029738 0.328707
4 4 0.247208 0.291014 0.130094 0.019879 0.311805
4 4 0.109078 0.266901 0.121173 0.017594 0.485255
4 4 0.141290 0.249673 0.089886 0.006555 0.512597
4 4 0.084946 0.250038 0.113395 0.015745 0.535875
4 4 0.102987 0.264033 0.121631 0.018188 0.493161
4 4 0.101023 0.261840 0.116310 0.015848 0.504978
0 4 0.417371 0.271299 0.100571 0.010758 0.200001
0 4 0.378722 0.279438 0.106524 0.011988 0.223329
0 4 0.455136 0.260183 0.107515 0.015401 0.161765
0 4 0.385644 0.277818 0.111081 0.014141 0.211316
0 4 0.351309 0.283491 0.122578 0.018662 0.223960
4 4 0.111501 0.270443 0.137259 0.026392 0.454405
4 4 0.115075 0.272268 0.140587 0.028332 0.443738
4 4 0.108118 0.267803 0.135455 0.025560 0.463064
4 4 0.106214 0.267422 0.132255 0.023694 0.470416
4 4 0.111711 0.266999 0.143824 0.031195 0.446270
0 4 0.382417 0.279074 0.123770 0.018408 0.196331
4 4 0.217656 0.286380 0.157248 0.038937 0.299778
1 4 0.297432 0.299367 0.169683 0.026301 0.207217
0 4 0.371751 0.276306 0.125249 0.021227 0.205467
4 4 0.181522 0.287769 0.155212 0.036708 0.338790
0 4 0.485183 0.253662 0.089486 0.008740 0.162929
4 4 0.213393 0.292979 0.132286 0.020696 0.340645
0 4 0.292350 0.291530 0.124497 0.017787 0.273836
4 4 0.193095 0.290760 0.151442 0.033423 0.331280
4 4 0.189514 0.290895 0.135833 0.022728 0.361030
0 4 0.422753 0.256260 0.141241 0.041287 0.138459
0 4 0.463442 0.249110 0.127384 0.031428 0.128636
0 4 0.523333 0.235108 0.107498 0.020591 0.113470
0 0 0.655320 0.188344 0.068112 0.007338 0.080887
0 0 0.641977 0.196766 0.070970 0.007939 0.082347
0 0 0.638573 0.188723 0.104441 0.012661 0.055602
0 0 0.630889 0.196146 0.077944 0.009593 0.085428
0 0 0.702251 0.165362 0.056345 0.004966 0.071076
0 0 0.668970 0.184875 0.086239 0.008584 0.051331
0 0 0.511120 0.214093 0.165364 0.035814 0.073608
0 0 0.340151 0.277987 0.149929 0.039653 0.192280
0 0 0.341550 0.257135 0.099607 0.009133 0.292575
0 0 0.387836 0.251267 0.105162 0.011913 0.243822
1 0 0.236860 0.292525 0.148723 0.031844 0.290049
0 0 0.356027 0.283385 0.114052 0.014536 0.232000
4 0 0.137894 0.273845 0.104321 0.010073 0.473866
4 1 0.131037 0.273104 0.109740 0.012024 0.474096
4 1 0.230346 0.280980 0.078415 0.003738 0.406521
4 4 0.141488 0.266042 0.083541 0.004982 0.503946
4 4 0.266482 0.287681 0.091158 0.006088 0.348590
0 4 0.438891 0.242936 0.140874 0.040398 0.136900
0 4 0.541397 0.210120 0.103797 0.018964 0.125721
0 4 0.455212 0.227075 0.122603 0.025410 0.169701
0 4 0.431360 0.251661 0.162276 0.045730 0.108973
1 4 0.223311 0.254360 0.189447 0.088051 0.244831
4 4 0.105150 0.236798 0.058540 0.001875 0.597637
4 4 0.124857 0.229129 0.041359 0.000621 0.604034
4 4 0.086098 0.208759 0.039333 0.000630 0.665180
4 4 0.079502 0.207972 0.042274 0.000810 0.669441
4 4 0.100863 0.214395 0.033479 0.000211 0.651052
4 4 0.062165 0.182598 0.030919 0.000368 0.723950
4 4 0.061286 0.196633 0.037005 0.000271 0.704805
4 4 0.056610 0.183639 0.035375 0.000573 0.723803
4 4 0.067231 0.208542 0.038824 0.000171 0.685232
4 4 0.042900 0.167772 0.031028 0.000341 0.757959
4 2 0.083483 0.237873 0.079408 0.005210 0.594026
4 2 0.085488 0.244689 0.091319 0.007919 0.570584
4 2 0.086910 0.241633 0.082568 0.005765 0.583124
4 2 0.074733 0.231310 0.078357 0.005267 0.610334
4 2 0.162406 0.273904 0.090865 0.006261 0.466564
4 2 0.076289 0.235924 0.085522 0.006813 0.595452
4 2 0.097888 0.251956 0.091246 0.007458 0.551451
4 2 0.085425 0.231513 0.066323 0.002988 0.613751
4 2 0.072245 0.235780 0.092195 0.008809 0.590972
4 2 0.062330 0.225293 0.086697 0.007834 0.617847
4 2 0.099713 0.246766 0.078271 0.004616 0.570633
4 2 0.120421 0.260154 0.085700 0.005674 0.528050
4 2 0.096570 0.243485 0.075360 0.004167 0.580418
4 2 0.078065 0.240704 0.093792 0.008960 0.578479
4 4 0.061781 0.224534 0.086078 0.007698 0.619909
4 4 0.097128 0.261306 0.123421 0.019504 0.498641
4 4 0.078808 0.245094 0.104687 0.012574 0.558837
4 4 0.099894 0.251255 0.115045 0.015743 0.518063
4 4 0.102814 0.261094 0.109934 0.013139 0.513019
4 4 0.130236 0.269472 0.099133 0.008715 0.492445
4 4 0.156551 0.278598 0.102185 0.009124 0.453542
4 4 0.165718 0.279540 0.098321 0.007968 0.448453
4 1 0.324614 0.268595 0.055773 0.001339 0.349679
4 1 0.235477 0.286034 0.089367 0.005658 0.383464
4 1 0.148622 0.277734 0.106359 0.010503 0.456782
4 1 0.076563 0.240162 0.095162 0.009456 0.578656
4 1 0.083743 0.250010 0.109858 0.014257 0.542132
4 1 0.104723 0.262238 0.110587 0.013297 0.509155
4 1 0.082470 0.248782 0.108533 0.013810 0.546406
4 1 0.072087 0.237683 0.097487 0.010483 0.582261
4 1 0.156653 0.280396 0.108160 0.010948 0.443842
4 1 0.123178 0.274850 0.133488 0.023279 0.445205
4 1 0.113277 0.271372 0.138919 0.027344 0.449088
4 1 0.198533 0.287197 0.104089 0.009310 0.400872
4 1 0.309909 0.261378 0.096945 0.008009 0.323759
4 1 0.224506 0.277086 0.156919 0.039248 0.302241
4 1 0.180698 0.270939 0.173966 0.057960 0.316436
4 1 0.139847 0.260364 0.184047 0.075141 0.340601
4 1 0.136313 0.264210 0.180527 0.069246 0.349704
4 1 0.125067 0.254506 0.176854 0.066134 0.377439
2 1 0.123838 0.164454 0.515943 0.153723 0.042042
2 2 0.127675 0.159188 0.610942 0.076415 0.025781
2 2 0.113144 0.176498 0.582741 0.092581 0.035035
2 2 0.077480 0.103238 0.763618 0.048265 0.007399
2 2 0.154368 0.171334 0.552604 0.096419 0.025275
2 2 0.143963 0.163685 0.671746 0.009756 0.010850
2 2 0.268445 0.204643 0.487470 0.020487 0.018955
2 2 0.260373 0.235292 0.468288 0.008349 0.027699
2 2 0.161348 0.171892 0.640245 0.014742 0.011773
2 2 0.218979 0.187060 0.568518 0.011897 0.013546
2 2 0.140367 0.156701 0.681038 0.012798 0.009097
2 2 0.040510 0.059537 0.880460 0.017769 0.001724
2 2 0.271765 0.142112 0.568267 0.011972 0.005884
2 2 0.071360 0.111850 0.778788 0.029876 0.008126
2 2 0.083147 0.101481 0.799696 0.011409 0.004267
2 2 0.128363 0.144308 0.702412 0.016341 0.008576
2 2 0.027424 0.062264 0.861109 0.044900 0.004303
2 2 0.248997 0.182901 0.531875 0.019208 0.017019
2 2 0.065568 0.085638 0.832239 0.013617 0.002937
2 2 0.026826 0.060957 0.884403 0.024561 0.003253
2 2 0.037972 0.105268 0.784539 0.053997 0.018224
2 2 0.026393 0.060227 0.875140 0.034277 0.003963
2 2 0.110784 0.155562 0.694551 0.023947 0.015157
2 2 0.070681 0.126244 0.772776 0.020279 0.010019
2 2 0.117805 0.159597 0.669779 0.036393 0.016426
2 2 0.062221 0.068973 0.816278 0.049823 0.002705
2 2 0.142063 0.149125 0.667232 0.029805 0.011775
2 2 0.075903 0.110534 0.768186 0.036857 0.008520
2 2 0.096424 0.108034 0.746889 0.041833 0.006820
2 2 0.142800 0.145081 0.671952 0.029419 0.010749
2 2 0.038096 0.076949 0.837881 0.041809 0.005265
2 2 0.046781 0.091586 0.834387 0.021096 0.006150
2 2 0.035393 0.068011 0.861722 0.031332 0.003541
2 2 0.030243 0.073748 0.847181 0.042231 0.006596
2 2 0.021001 0.047924 0.893440 0.035116 0.002518
2 2 0.072615 0.111961 0.717035 0.085489 0.012900
2 2 0.031258 0.062345 0.855508 0.047167 0.003721
2 2 0.025209 0.050242 0.859011 0.062888 0.002650
2 2 0.041706 0.080048 0.772523 0.097448 0.008275
2 2 0.034829 0.073172 0.793245 0.091578 0.007175
2 2 0.012462 0.036213 0.701821 0.245253 0.004250
2 2 0.023042 0.049085 0.489047 0.429013 0.009813
2 2 0.014573 0.040140 0.731206 0.208786 0.005295
2 2 0.024390 0.059649 0.641847 0.262690 0.011423
2 2 0.065122 0.077722 0.609028 0.239537 0.008591
2 2 0.167826 0.138345 0.629413 0.052209 0.012207
2 2 0.026941 0.065333 0.752803 0.145862 0.009061
2 2 0.090957 0.091823 0.618619 0.189132 0.009469
2 2 0.026654 0.062272 0.806710 0.098389 0.005975
2 2 0.059635 0.092767 0.701310 0.134954 0.011333
2 2 0.006136 0.022035 0.748812 0.221178 0.001839
2 2 0.012412 0.036384 0.805189 0.142951 0.003064
2 2 0.018108 0.058339 0.752506 0.161309 0.009738
2 2 0.009051 0.031293 0.806889 0.149963 0.002804
2 2 0.016914 0.046663 0.635998 0.292463 0.007963
2 2 0.019757 0.052785 0.734917 0.185453 0.007088
2 2 0.012149 0.031663 0.710995 0.242065 0.003128
2 2 0.005162 0.017693 0.652355 0.323263 0.001526
2 2 0.021417 0.051986 0.582924 0.333945 0.009728
2 2 0.007767 0.030756 0.477575 0.475308 0.008595
2 3 0.130870 0.138848 0.588058 0.120001 0.022223
2 3 0.013835 0.043950 0.617795 0.315683 0.008737
2 3 0.025932 0.065567 0.799850 0.100405 0.008246
2 3 0.044637 0.068419 0.820140 0.062930 0.003875
2 3 0.062891 0.076793 0.757913 0.096396 0.006007
0 3 0.384448 0.183626 0.365929 0.044600 0.021397
2 2 0.170064 0.143349 0.603711 0.068511 0.014366
2 2 0.080433 0.105823 0.672984 0.126280 0.014480
2 2 0.193174 0.144831 0.527762 0.118751 0.015482
2 2 0.231085 0.139437 0.463794 0.149092 0.016592
2 2 0.140969 0.134898 0.548512 0.154461 0.021162
2 2 0.199361 0.128411 0.528396 0.129081 0.014751
2 2 0.334903 0.177108 0.407159 0.063917 0.016912
2 2 0.267225 0.197955 0.432726 0.072253 0.029841
2 2 0.297100 0.186930 0.383049 0.105327 0.027593
2 2 0.226533 0.170000 0.526845 0.061542 0.015080
2 2 0.134526 0.118804 0.664268 0.074639 0.007763
2 2 0.187613 0.131471 0.579927 0.090393 0.010595
0 2 0.509156 0.149176 0.293270 0.036863 0.011535
2 2 0.231495 0.119466 0.608558 0.036249 0.004232
2 2 0.190402 0.134135 0.629821 0.038907 0.006734
2 2 0.111164 0.094152 0.758110 0.033221 0.003353
2 2 0.180668 0.147191 0.646495 0.018516 0.007130
2 2 0.110117 0.097239 0.759468 0.030077 0.003099
2 2 0.249526 0.099542 0.622467 0.026473 0.001992
2 2 0.073807 0.087541 0.798324 0.036669 0.003659
2 2 0.084789 0.104454 0.775476 0.028899 0.006381
2 2 0.248624 0.142674 0.572177 0.027364 0.009161
2 2 0.057349 0.069990 0.841595 0.029046 0.002020
2 2 0.145741 0.123084 0.701515 0.023658 0.006002
0 2 0.478158 0.189769 0.300502 0.015438 0.016132
0 2 0.433863 0.193501 0.318881 0.028194 0.025561
0 0 0.496943 0.216725 0.201700 0.039739 0.044892
0 1 0.372985 0.247950 0.284484 0.038702 0.055880
0 1 0.374945 0.241199 0.263162 0.060447 0.060247
0 1 0.391561 0.261339 0.165289 0.050530 0.131282
0 1 0.381732 0.259546 0.185435 0.057929 0.115358
0 1 0.576531 0.217443 0.112941 0.017378 0.075707
0 1 0.459345 0.244346 0.155687 0.039492 0.101130
0 1 0.426399 0.261867 0.142054 0.031815 0.137865
0 1 0.534405 0.232982 0.113167 0.016492 0.102953
0 1 0.415927 0.254477 0.164349 0.049396 0.115852
0 1 0.431753 0.256727 0.141529 0.036759 0.133232
0 1 0.455865 0.254630 0.136452 0.028739 0.124314
0 1 0.467731 0.247509 0.135868 0.033044 0.115848
0 1 0.361207 0.274806 0.144966 0.036668 0.182353
0 1 0.383577 0.274676 0.129974 0.025266 0.186507
0 1 0.530830 0.229990 0.094211 0.012551 0.132417
0 1 0.463566 0.255998 0.112690 0.019016 0.148730
0 1 0.430163 0.261463 0.127748 0.027592 0.153034
0 1 0.391529 0.274368 0.123763 0.021409 0.188931
0 1 0.301167 0.279374 0.164674 0.053375 0.201410
0 1 0.326461 0.276874 0.158564 0.048471 0.189631
0 1 0.614436 0.207289 0.074382 0.007708 0.096185
0 1 0.294568 0.289261 0.141966 0.028817 0.245390
4 1 0.250430 0.292262 0.110996 0.011536 0.334776
0 1 0.417175 0.270323 0.084150 0.005812 0.222541
0 1 0.306269 0.290010 0.112042 0.012550 0.279129
0 1 0.383538 0.277578 0.091102 0.007064 0.240717
0 1 0.345873 0.283663 0.094655 0.007506 0.268303
1 1 0.258911 0.292013 0.145985 0.030385 0.272706
4 1 0.242914 0.293787 0.128104 0.018723 0.316471
0 1 0.314985 0.289270 0.115427 0.014087 0.266232
0 1 0.313467 0.287828 0.110784 0.012208 0.275714
4 1 0.209059 0.292494 0.144802 0.028455 0.325190
4 1 0.097399 0.259659 0.127303 0.021693 0.493945
4 1 0.156354 0.275786 0.132776 0.021911 0.413174
4 1 0.142309 0.246392 0.129570 0.021848 0.459880
4 1 0.201607 0.277266 0.130133 0.020010 0.370984
4 1 0.169636 0.285028 0.114998 0.013155 0.417183
4 1 0.133385 0.268881 0.143886 0.030011 0.423836
