0 0 0.855666 0.106362 0.012576 0.000005 0.025391
0 0 0.773388 0.149245 0.028898 0.000058 0.048411
0 0 0.912683 0.067929 0.007799 0.000006 0.011583
0 0 0.836480 0.094242 0.034065 0.003097 0.032115
0 0 0.825886 0.115627 0.028100 0.000065 0.030322
0 0 0.749097 0.170992 0.019448 0.000002 0.060461
0 0 0.704574 0.194115 0.024375 0.000000 0.076935
0 0 0.698516 0.199295 0.021345 0.000000 0.080843
0 0 0.590807 0.247580 0.032448 0.000000 0.129164
0 0 0.563113 0.254623 0.041868 0.000001 0.140395
0 0 0.617763 0.240790 0.022585 0.000000 0.118862
0 0 0.646092 0.230743 0.015161 0.000000 0.108005
0 0 0.573129 0.263005 0.019448 0.000000 0.144417
0 0 0.699136 0.201133 0.017054 0.000001 0.082676
0 0 0.479319 0.291215 0.036094 0.000000 0.193371
4 0 0.150397 0.325263 0.032225 0.000000 0.492115
4 0 0.079601 0.271566 0.087563 0.000000 0.561271
4 1 0.143959 0.310780 0.069995 0.000000 0.475266
0 1 0.338834 0.306954 0.026177 0.000000 0.328033
4 1 0.267312 0.342249 0.024179 0.000000 0.366260
4 1 0.174939 0.328228 0.045234 0.000000 0.451599
4 1 0.232000 0.340911 0.025097 0.000000 0.401992
4 1 0.096211 0.286185 0.038844 0.000000 0.578760
4 1 0.059425 0.260715 0.052086 0.000000 0.627774
4 1 0.027580 0.189877 0.102279 0.000000 0.680264
2 1 0.016436 0.144359 0.660195 0.000662 0.178347
2 1 0.008929 0.123537 0.707760 0.003433 0.156341
2 1 0.006386 0.098276 0.692556 0.012086 0.190696
2 1 0.001450 0.050925 0.774669 0.038973 0.133982
2 1 0.002760 0.065427 0.842028 0.020785 0.068999
2 1 0.002349 0.058014 0.888432 0.029133 0.022071
2 1 0.000366 0.017018 0.934855 0.043548 0.004213
2 2 0.000133 0.010753 0.928139 0.057272 0.003703
2 2 0.000703 0.027066 0.898438 0.059276 0.014517
2 2 0.000488 0.026352 0.910845 0.051168 0.011146
3 2 0.000069 0.002884 0.400732 0.596196 0.000119
3 2 0.000373 0.006666 0.428825 0.563598 0.000537
3 2 0.000048 0.001577 0.185084 0.813232 0.000059
3 2 0.000081 0.003373 0.376140 0.620250 0.000156
3 2 0.000188 0.005281 0.412496 0.581765 0.000270
3 2 0.000000 0.000066 0.081881 0.918052 0.000000
3 2 0.000026 0.001247 0.218465 0.780240 0.000022
3 2 0.000003 0.000273 0.111198 0.888524 0.000003
3 2 0.000006 0.000431 0.106626 0.892930 0.000008
3 2 0.000000 0.000040 0.064200 0.935760 0.000000
3 3 0.000007 0.000331 0.056226 0.943429 0.000008
3 3 0.000000 0.000034 0.009404 0.990561 0.000001
3 3 0.000001 0.000055 0.013825 0.986118 0.000001
3 3 0.000002 0.000112 0.022421 0.977464 0.000002
3 3 0.000000 0.000047 0.011034 0.988918 0.000001
3 3 0.000001 0.000034 0.004213 0.995752 0.000001
3 3 0.000014 0.000189 0.011076 0.988712 0.000009
3 3 0.000001 0.000033 0.004238 0.995728 0.000001
3 3 0.000001 0.000044 0.004364 0.995588 0.000003
3 3 0.000001 0.000032 0.003057 0.996907 0.000002
3 3 0.000000 0.000003 0.001530 0.998467 0.000000
3 3 0.000000 0.000014 0.003789 0.996197 0.000000
3 3 0.000000 0.000008 0.002103 0.997889 0.000000
3 3 0.000000 0.000015 0.003290 0.996695 0.000001
3 3 0.000000 0.000014 0.003692 0.996294 0.000000
3 3 0.000000 0.000003 0.001693 0.998304 0.000000
3 3 0.000000 0.000009 0.002965 0.997026 0.000000
3 3 0.000000 0.000013 0.003430 0.996556 0.000000
3 3 0.000000 0.000009 0.002359 0.997632 0.000000
3 3 0.000000 0.000006 0.002430 0.997564 0.000000
3 3 0.000000 0.000009 0.002710 0.997280 0.000000
3 3 0.000000 0.000010 0.002086 0.997904 0.000000
3 3 0.000000 0.000007 0.001318 0.998675 0.000000
3 3 0.000000 0.000005 0.001790 0.998206 0.000000
3 3 0.000000 0.000003 0.001402 0.998595 0.000000
3 3 0.000000 0.000009 0.001973 0.998018 0.000000
3 3 0.000000 0.000010 0.002042 0.997948 0.000000
3 3 0.000000 0.000004 0.001583 0.998413 0.000000
3 3 0.000000 0.000010 0.002258 0.997732 0.000000
3 3 0.000000 0.000004 0.001227 0.998769 0.000000
3 3 0.000000 0.000003 0.001480 0.998517 0.000000
3 3 0.000000 0.000013 0.002487 0.997500 0.000000
3 3 0.000000 0.000007 0.001499 0.998494 0.000000
3 3 0.000004 0.000082 0.008029 0.991882 0.000003
3 3 0.000002 0.000048 0.005140 0.994809 0.000002
3 3 0.000000 0.000026 0.010545 0.989429 0.000000
3 3 0.000001 0.000046 0.009408 0.990544 0.000001
3 3 0.000007 0.000265 0.021885 0.977832 0.000011
3 3 0.000002 0.000075 0.011164 0.988757 0.000002
3 3 0.000002 0.000093 0.014271 0.985633 0.000002
3 3 0.000008 0.000411 0.050992 0.948578 0.000011
3 3 0.000002 0.000133 0.026644 0.973218 0.000003
3 3 0.000049 0.001244 0.091247 0.907419 0.000042
3 3 0.000002 0.000120 0.025314 0.974562 0.000001
3 3 0.000011 0.000221 0.014178 0.985579 0.000012
3 3 0.000000 0.000018 0.013823 0.986158 0.000000
3 3 0.000001 0.000126 0.048258 0.951614 0.000001
3 3 0.000000 0.000046 0.018179 0.981774 0.000001
3 3 0.000000 0.000059 0.031719 0.968221 0.000001
3 3 0.000004 0.000199 0.069172 0.930623 0.000002
3 3 0.000001 0.000076 0.040606 0.959316 0.000001
3 3 0.000001 0.000121 0.045261 0.954615 0.000001
3 3 0.000012 0.000480 0.058353 0.941140 0.000015
3 3 0.000001 0.000115 0.051307 0.948575 0.000001
3 3 0.000001 0.000109 0.029270 0.970618 0.000002
3 3 0.000028 0.000441 0.034646 0.964867 0.000017
3 3 0.000006 0.000127 0.013038 0.986826 0.000003
3 3 0.000012 0.000161 0.007925 0.991890 0.000012
3 3 0.000012 0.000211 0.024786 0.974987 0.000003
3 3 0.000013 0.000196 0.017062 0.982723 0.000006
3 3 0.000001 0.000083 0.031395 0.968520 0.000001
3 3 0.000012 0.000284 0.053686 0.946014 0.000003
3 3 0.000002 0.000112 0.016602 0.983280 0.000004
3 3 0.000001 0.000096 0.022527 0.977374 0.000002
3 3 0.000003 0.000179 0.053846 0.945969 0.000002
3 3 0.000006 0.000225 0.037518 0.962247 0.000004
3 3 0.000730 0.003576 0.295442 0.700206 0.000045
3 3 0.000000 0.000039 0.018347 0.981614 0.000000
3 3 0.000001 0.000104 0.080684 0.919211 0.000000
3 3 0.000001 0.000113 0.049547 0.950338 0.000001
3 3 0.000020 0.000594 0.116414 0.882966 0.000006
3 3 0.000064 0.000796 0.095650 0.903479 0.000010
3 3 0.000035 0.000552 0.089861 0.909544 0.000007
3 3 0.000009 0.000402 0.078425 0.921158 0.000006
3 3 0.000007 0.000416 0.047761 0.951792 0.000024
3 3 0.000022 0.000382 0.053437 0.946153 0.000005
3 3 0.000058 0.000560 0.050596 0.948775 0.000011
3 3 0.000024 0.000713 0.107273 0.891979 0.000012
3 3 0.000008 0.000322 0.034188 0.965471 0.000011
3 3 0.000004 0.000140 0.035151 0.964704 0.000002
3 3 0.000288 0.001689 0.204085 0.793917 0.000020
3 3 0.000206 0.004170 0.163921 0.831223 0.000481
3 3 0.000021 0.000652 0.116293 0.883023 0.000011
3 3 0.000034 0.001103 0.098421 0.900394 0.000048
3 3 0.000004 0.000281 0.111283 0.888429 0.000002
3 3 0.000146 0.000920 0.075461 0.923456 0.000017
3 3 0.000006 0.000176 0.019121 0.980690 0.000007
3 3 0.000071 0.000559 0.041820 0.957537 0.000014
3 3 0.000118 0.000718 0.068291 0.930864 0.000009
3 3 0.000004 0.000137 0.014724 0.985130 0.000005
3 3 0.000002 0.000064 0.014589 0.985344 0.000001
3 3 0.000008 0.000179 0.012613 0.987191 0.000009
3 3 0.000061 0.000466 0.015241 0.984184 0.000048
3 3 0.000033 0.000390 0.012340 0.987186 0.000051
3 3 0.002393 0.009110 0.314310 0.673881 0.000305
2 1 0.128431 0.156017 0.625632 0.072947 0.016973
2 1 0.178607 0.163762 0.553152 0.092851 0.011627
3 1 0.000860 0.017528 0.256304 0.713641 0.011667
3 1 0.000378 0.009743 0.289163 0.696638 0.004078
3 2 0.001467 0.011510 0.340171 0.645550 0.001303
2 2 0.000289 0.017372 0.751160 0.215683 0.015496
2 2 0.001166 0.044107 0.795489 0.097206 0.062032
2 2 0.001873 0.047546 0.909531 0.005009 0.036042
2 2 0.012331 0.106662 0.778835 0.038542 0.063630
2 2 0.008926 0.107589 0.781890 0.000989 0.100606
4 4 0.006379 0.082952 0.305096 0.000017 0.605556
4 4 0.004712 0.071225 0.190740 0.000085 0.733238
4 4 0.010937 0.128180 0.175796 0.000000 0.685086
4 4 0.006459 0.076567 0.252171 0.000477 0.664326
4 4 0.006628 0.095337 0.246784 0.000001 0.651251
4 4 0.008632 0.114481 0.126502 0.000000 0.750385
4 4 0.015221 0.126216 0.202782 0.000017 0.655764
4 4 0.016335 0.145883 0.158607 0.000001 0.679173
4 4 0.052417 0.207420 0.077463 0.000021 0.662678
4 4 0.010684 0.113278 0.189523 0.000004 0.686510
4 4 0.005735 0.103304 0.145769 0.000000 0.745192
4 4 0.009110 0.130417 0.172603 0.000000 0.687870
4 4 0.007434 0.107439 0.171314 0.000000 0.713813
4 4 0.003593 0.079991 0.159482 0.000000 0.756934
4 4 0.003704 0.080925 0.144035 0.000000 0.771335
4 4 0.014636 0.132144 0.178526 0.000003 0.674691
4 4 0.027193 0.174045 0.184733 0.000002 0.614027
4 4 0.133450 0.288785 0.093224 0.000001 0.484541
4 4 0.040164 0.173989 0.157547 0.000087 0.628213
4 4 0.017253 0.125907 0.190540 0.000117 0.666183
2 4 0.071587 0.212461 0.597772 0.000999 0.117181
2 4 0.026073 0.152798 0.691401 0.005346 0.124383
2 4 0.004146 0.075437 0.756274 0.017510 0.146633
2 4 0.012252 0.129382 0.653367 0.012297 0.192703
2 4 0.001042 0.036451 0.806365 0.120041 0.036101
2 2 0.026034 0.099645 0.748612 0.101100 0.024609
2 2 0.027214 0.098688 0.742690 0.111898 0.019510
2 2 0.010277 0.047188 0.663700 0.269184 0.009651
2 2 0.104701 0.113549 0.746490 0.020312 0.014949
2 2 0.347016 0.245696 0.371012 0.001622 0.034654
0 2 0.499806 0.199936 0.249177 0.003466 0.047615
2 2 0.278686 0.207045 0.376874 0.076769 0.060627
0 2 0.807456 0.109268 0.064306 0.002411 0.016559
0 2 0.599639 0.205546 0.137001 0.001073 0.056741
0 2 0.753142 0.120914 0.082410 0.004641 0.038892
0 2 0.594805 0.201513 0.149636 0.001089 0.052957
0 2 0.702517 0.158896 0.096912 0.001670 0.040005
0 2 0.690290 0.159802 0.090354 0.000523 0.059031
2 2 0.121461 0.318530 0.374485 0.001940 0.183584
2 2 0.123561 0.215252 0.449614 0.047980 0.163593
2 2 0.000708 0.018240 0.815374 0.162840 0.002838
2 2 0.000540 0.021739 0.829570 0.143086 0.005066
2 2 0.001550 0.022707 0.852420 0.119752 0.003572
2 2 0.002269 0.018376 0.882214 0.095412 0.001728
2 2 0.000754 0.025665 0.769815 0.195411 0.008355
2 2 0.004142 0.027571 0.645579 0.319650 0.003058
2 2 0.210611 0.146152 0.598706 0.033778 0.010754
2 2 0.006240 0.033546 0.634591 0.322351 0.003272
2 2 0.004445 0.024871 0.633389 0.333977 0.003317
3 2 0.001266 0.010738 0.458319 0.528577 0.001100
2 2 0.003993 0.014427 0.792427 0.188709 0.000444
2 2 0.000627 0.006500 0.611247 0.381409 0.000217
2 2 0.000912 0.007899 0.511306 0.479587 0.000297
3 2 0.000698 0.005490 0.264600 0.728830 0.000382
3 2 0.000519 0.007378 0.371529 0.619809 0.000764
3 2 0.001245 0.005065 0.253254 0.740231 0.000204
3 2 0.000220 0.002058 0.145489 0.852148 0.000085
3 2 0.001482 0.005735 0.273603 0.718953 0.000227
3 2 0.000034 0.001350 0.134866 0.863675 0.000076
3 2 0.000090 0.001629 0.100357 0.897860 0.000064
3 2 0.000082 0.002063 0.192778 0.804955 0.000122
3 3 0.001336 0.009938 0.295348 0.692458 0.000920
3 3 0.000115 0.002898 0.328004 0.668881 0.000102
3 3 0.000257 0.003467 0.171747 0.824280 0.000248
3 3 0.000057 0.001405 0.122375 0.876087 0.000077
3 3 0.000009 0.000418 0.096076 0.903491 0.000006
3 3 0.000037 0.000812 0.077496 0.921630 0.000025
3 3 0.000031 0.000475 0.020648 0.978813 0.000032
3 3 0.000012 0.000301 0.047032 0.952650 0.000006
3 3 0.000039 0.000769 0.104784 0.894392 0.000015
3 3 0.000067 0.000918 0.117696 0.881306 0.000012
3 3 0.000025 0.000382 0.049738 0.949849 0.000007
3 3 0.000028 0.000769 0.117637 0.881550 0.000016
3 3 0.000016 0.000380 0.040819 0.958769 0.000016
3 3 0.000002 0.000095 0.017776 0.982125 0.000002
3 3 0.000001 0.000042 0.010312 0.989645 0.000000
3 3 0.000001 0.000037 0.011874 0.988087 0.000001
3 3 0.000002 0.000081 0.013868 0.986047 0.000002
3 3 0.000002 0.000042 0.006762 0.993194 0.000001
3 3 0.000013 0.000251 0.030070 0.969662 0.000004
3 3 0.000002 0.000085 0.011025 0.988886 0.000002
3 3 0.000002 0.000085 0.018019 0.981893 0.000001
3 3 0.000002 0.000069 0.012820 0.987108 0.000001
3 3 0.000001 0.000032 0.011286 0.988681 0.000000
3 3 0.000002 0.000065 0.013458 0.986475 0.000001
3 3 0.000002 0.000052 0.007651 0.992294 0.000001
3 3 0.000001 0.000028 0.004562 0.995409 0.000001
3 3 0.000001 0.000033 0.008475 0.991491 0.000000
3 3 0.000000 0.000016 0.005262 0.994722 0.000000
3 3 0.000001 0.000037 0.005239 0.994722 0.000001
3 3 0.000002 0.000047 0.008024 0.991927 0.000001
3 3 0.000000 0.000014 0.003395 0.996590 0.000000
3 3 0.000003 0.000041 0.005972 0.993985 0.000001
3 3 0.000001 0.000019 0.003258 0.996723 0.000000
3 3 0.000000 0.000012 0.003661 0.996327 0.000000
3 3 0.000001 0.000015 0.002321 0.997663 0.000000
3 3 0.000000 0.000012 0.002963 0.997024 0.000000
3 3 0.000000 0.000010 0.002263 0.997727 0.000000
3 3 0.000000 0.000009 0.002229 0.997761 0.000000
3 3 0.000000 0.000006 0.002162 0.997832 0.000000
3 3 0.000002 0.000031 0.003218 0.996747 0.000001
3 3 0.000001 0.000024 0.003062 0.996911 0.000001
3 3 0.000002 0.000020 0.002241 0.997737 0.000001
3 3 0.000001 0.000016 0.002330 0.997653 0.000000
3 3 0.000001 0.000019 0.002425 0.997554 0.000001
3 3 0.000005 0.000036 0.002321 0.997637 0.000002
3 3 0.000000 0.000008 0.001218 0.998773 0.000000
3 3 0.000001 0.000014 0.001844 0.998142 0.000000
3 3 0.000008 0.000042 0.002318 0.997630 0.000003
3 3 0.000001 0.000012 0.001693 0.998294 0.000000
3 3 0.000000 0.000008 0.001734 0.998257 0.000000
3 3 0.000001 0.000017 0.002059 0.997923 0.000001
3 3 0.000000 0.000005 0.001572 0.998423 0.000000
3 3 0.000000 0.000008 0.001624 0.998368 0.000000
3 3 0.000000 0.000011 0.002096 0.997892 0.000000
3 3 0.000000 0.000006 0.001209 0.998785 0.000000
3 3 0.000001 0.000013 0.001592 0.998394 0.000000
3 3 0.000001 0.000015 0.001542 0.998441 0.000001
3 3 0.000001 0.000008 0.001340 0.998652 0.000000
3 3 0.000003 0.000027 0.002967 0.997002 0.000001
3 3 0.000000 0.000007 0.002155 0.997838 0.000000
3 3 0.000001 0.000021 0.002736 0.997242 0.000000
3 3 0.000000 0.000012 0.002392 0.997595 0.000000
3 3 0.000000 0.000007 0.001765 0.998228 0.000000
3 3 0.000000 0.000007 0.001917 0.998075 0.000000
3 3 0.000000 0.000006 0.002074 0.997920 0.000000
3 3 0.000000 0.000007 0.001874 0.998119 0.000000
3 3 0.000001 0.000017 0.003082 0.996900 0.000000
3 3 0.000000 0.000008 0.002126 0.997865 0.000000
3 3 0.000000 0.000004 0.001201 0.998795 0.000000
3 3 0.000000 0.000009 0.002162 0.997829 0.000000
3 3 0.000000 0.000009 0.002098 0.997892 0.000000
3 3 0.000000 0.000003 0.001492 0.998505 0.000000
3 3 0.000000 0.000003 0.001326 0.998671 0.000000
3 3 0.000000 0.000004 0.001419 0.998577 0.000000
3 3 0.000000 0.000005 0.001708 0.998287 0.000000
3 3 0.000000 0.000007 0.001787 0.998206 0.000000
3 3 0.000000 0.000004 0.001383 0.998613 0.000000
3 3 0.000000 0.000002 0.001227 0.998771 0.000000
3 3 0.000000 0.000004 0.001732 0.998264 0.000000
3 3 0.000000 0.000008 0.001649 0.998343 0.000000
3 3 0.000000 0.000005 0.001812 0.998182 0.000000
3 3 0.000000 0.000003 0.001609 0.998387 0.000000
3 3 0.000000 0.000006 0.001396 0.998598 0.000000
3 3 0.000000 0.000003 0.001227 0.998770 0.000000
3 3 0.000000 0.000005 0.001374 0.998620 0.000000
3 3 0.000000 0.000003 0.001232 0.998764 0.000000
3 3 0.000000 0.000011 0.001931 0.998057 0.000000
3 3 0.000000 0.000007 0.001597 0.998395 0.000000
3 3 0.011601 0.002211 0.040537 0.945620 0.000032
3 3 0.000113 0.000933 0.033707 0.965192 0.000055
3 3 0.000024 0.000925 0.057334 0.941663 0.000054
3 3 0.000003 0.000127 0.016818 0.983049 0.000003
3 3 0.000002 0.000080 0.014456 0.985460 0.000002
3 3 0.000006 0.000312 0.060366 0.939312 0.000004
3 3 0.000128 0.001249 0.061443 0.937122 0.000058
3 3 0.005680 0.009253 0.128861 0.855563 0.000643
3 3 0.001243 0.013560 0.261821 0.721573 0.001803
2 2 0.047736 0.085407 0.730099 0.133465 0.003293
3 2 0.003972 0.024123 0.352561 0.615839 0.003505
2 2 0.204235 0.282954 0.350258 0.032598 0.129955
0 2 0.734980 0.118568 0.091527 0.019497 0.035428
0 2 0.479172 0.216111 0.205966 0.006723 0.092028
0 2 0.415052 0.265027 0.214870 0.006275 0.098777
0 1 0.669324 0.161993 0.118743 0.006244 0.043695
0 1 0.724273 0.146412 0.070465 0.004712 0.054137
0 1 0.467799 0.230277 0.207953 0.008017 0.085954
0 1 0.531591 0.210754 0.114025 0.015974 0.127656
0 1 0.389602 0.265297 0.124461 0.000165 0.220475
2 1 0.286022 0.277510 0.320630 0.001953 0.113886
4 1 0.046158 0.182318 0.237863 0.000188 0.533473
4 1 0.078850 0.208979 0.216986 0.000468 0.494717
4 1 0.042689 0.180741 0.179488 0.000203 0.596879
4 1 0.077028 0.222413 0.130968 0.000327 0.569263
4 1 0.037385 0.161576 0.206493 0.001123 0.593423
4 1 0.001108 0.039390 0.230283 0.000006 0.729213
4 1 0.003527 0.074914 0.178182 0.000000 0.743377
4 1 0.002260 0.054351 0.259407 0.000006 0.683975
4 4 0.001711 0.053466 0.163752 0.000000 0.781071
4 4 0.002336 0.059629 0.212292 0.000001 0.725742
4 4 0.001919 0.054277 0.123463 0.000001 0.820341
4 4 0.001762 0.056326 0.155234 0.000000 0.786678
4 4 0.003270 0.079029 0.122128 0.000000 0.795573
4 4 0.002434 0.060948 0.160135 0.000001 0.776483
4 4 0.002757 0.066811 0.166974 0.000000 0.763457
4 4 0.004507 0.086744 0.116812 0.000000 0.791937
4 4 0.003899 0.077091 0.142998 0.000001 0.776011
4 4 0.003617 0.081784 0.109432 0.000000 0.805168
4 4 0.014966 0.166934 0.079657 0.000000 0.738443
4 4 0.006794 0.109336 0.116154 0.000000 0.767716
4 4 0.004508 0.096676 0.065652 0.000000 0.833163
4 4 0.008676 0.136349 0.076991 0.000000 0.777985
4 4 0.003801 0.086337 0.091610 0.000000 0.818252
4 4 0.004754 0.098880 0.086120 0.000000 0.810246
4 4 0.004049 0.102200 0.066256 0.000000 0.827495
4 4 0.010085 0.127321 0.106139 0.000000 0.756455
4 4 0.009826 0.147071 0.063339 0.000000 0.779764
4 4 0.011193 0.137922 0.091832 0.000000 0.759053
4 4 0.008960 0.123942 0.058151 0.000000 0.808947
4 4 0.007221 0.125317 0.079477 0.000000 0.787984
4 4 0.003122 0.086341 0.070251 0.000000 0.840285
4 4 0.001654 0.063742 0.086489 0.000000 0.848115
4 4 0.002139 0.065872 0.085545 0.000000 0.846444
4 4 0.002039 0.071782 0.085911 0.000000 0.840268
4 4 0.002221 0.068588 0.085738 0.000000 0.843454
4 4 0.005198 0.095611 0.126785 0.000000 0.772406
4 4 0.008779 0.105410 0.249584 0.000002 0.636225
4 4 0.006467 0.109679 0.109783 0.000000 0.774071
4 4 0.005801 0.096867 0.191929 0.000000 0.705402
4 4 0.005247 0.105821 0.148538 0.000000 0.740394
4 4 0.006984 0.110185 0.114683 0.000000 0.768148
4 4 0.005341 0.104841 0.090910 0.000000 0.798908
4 4 0.009750 0.139846 0.086513 0.000000 0.763892
4 1 0.011620 0.143952 0.101607 0.000000 0.742821
4 1 0.008366 0.125480 0.091815 0.000000 0.774339
4 1 0.003406 0.089898 0.095699 0.000000 0.810997
4 2 0.003702 0.082897 0.085375 0.000000 0.828026
4 2 0.003083 0.086753 0.074177 0.000000 0.835988
4 2 0.005190 0.110859 0.075523 0.000000 0.808429
4 2 0.004204 0.097433 0.068619 0.000000 0.829744
4 2 0.007543 0.106344 0.149943 0.000000 0.736170
4 2 0.003573 0.086069 0.145076 0.000000 0.765282
4 2 0.002714 0.065112 0.143679 0.000001 0.788494
4 2 0.007456 0.105955 0.198531 0.000000 0.688059
4 2 0.004376 0.080536 0.114602 0.000001 0.800486
4 2 0.032588 0.155129 0.333106 0.000099 0.479079
4 2 0.033608 0.160627 0.369852 0.000063 0.435851
2 2 0.024484 0.154259 0.432421 0.000193 0.388643
2 2 0.004796 0.071600 0.531595 0.018490 0.373519
2 2 0.031541 0.192759 0.440800 0.000160 0.334740
0 2 0.293349 0.249190 0.242468 0.000128 0.214865
2 2 0.297556 0.251706 0.302028 0.003363 0.145346
0 2 0.425388 0.223029 0.210017 0.000493 0.141072
2 2 0.100299 0.241037 0.367107 0.001108 0.290449
0 2 0.549057 0.220514 0.098637 0.000852 0.130941
0 1 0.728352 0.171155 0.055828 0.000253 0.044413
0 1 0.532571 0.207166 0.192609 0.001493 0.066161
0 1 0.704476 0.157102 0.077728 0.005002 0.055692
0 1 0.641671 0.187178 0.090528 0.000306 0.080317
0 1 0.506256 0.208008 0.233064 0.002990 0.049683
2 1 0.152938 0.246440 0.307727 0.000152 0.292743
2 1 0.020058 0.144752 0.548626 0.004487 0.282077
2 1 0.128265 0.231704 0.356940 0.000530 0.282561
2 1 0.025548 0.163734 0.609212 0.010064 0.191443
2 1 0.011008 0.126377 0.594601 0.016371 0.251642
2 1 0.000610 0.026608 0.844913 0.113709 0.014159
2 1 0.000801 0.025907 0.877484 0.080855 0.014953
2 1 0.000374 0.019036 0.856978 0.115296 0.008317
2 2 0.001046 0.032567 0.933621 0.013976 0.018791
2 2 0.000886 0.026698 0.848086 0.109925 0.014405
2 2 0.000407 0.018004 0.917631 0.055794 0.008164
2 2 0.000938 0.028344 0.945067 0.011055 0.014596
2 2 0.000467 0.020384 0.956119 0.015699 0.007331
2 2 0.001010 0.033928 0.899228 0.045085 0.020748
2 2 0.001744 0.046070 0.885041 0.034388 0.032756
2 2 0.001577 0.023693 0.746744 0.220360 0.007626
2 2 0.000776 0.031173 0.823320 0.131031 0.013700
2 2 0.006782 0.046305 0.893536 0.040576 0.012800
2 2 0.001200 0.034941 0.887082 0.061196 0.015581
2 2 0.000308 0.016697 0.830848 0.147211 0.004936
2 2 0.001264 0.015773 0.683708 0.297315 0.001941
2 2 0.000450 0.023801 0.664975 0.295108 0.015666
2 2 0.002480 0.023286 0.643079 0.326290 0.004865
2 2 0.000373 0.013746 0.589340 0.392452 0.004089
2 2 0.006071 0.037573 0.695599 0.251695 0.009062
2 2 0.004159 0.019121 0.597471 0.377438 0.001811
2 2 0.001759 0.023681 0.561336 0.409392 0.003832
2 2 0.000797 0.011203 0.574898 0.412183 0.000920
3 2 0.001974 0.012304 0.436974 0.548041 0.000706
3 2 0.001876 0.015978 0.313862 0.665802 0.002482
2 2 0.001234 0.016136 0.491871 0.488871 0.001888
2 2 0.000381 0.008817 0.691712 0.298164 0.000926
2 2 0.000075 0.004946 0.650967 0.343694 0.000317
2 2 0.000483 0.012738 0.635163 0.350014 0.001603
2 2 0.000045 0.006341 0.726441 0.266443 0.000730
3 2 0.001635 0.005543 0.383224 0.609501 0.000097
3 2 0.000264 0.004441 0.352019 0.643112 0.000163
3 2 0.000139 0.002788 0.218138 0.778795 0.000140
3 2 0.000545 0.006246 0.290623 0.702199 0.000387
3 2 0.000189 0.004743 0.204257 0.790185 0.000625
3 2 0.000129 0.005943 0.393476 0.599943 0.000509
3 2 0.000124 0.002019 0.317020 0.680801 0.000037
2 2 0.001901 0.011722 0.548856 0.436945 0.000576
3 2 0.000082 0.001480 0.231959 0.766446 0.000032
3 2 0.000877 0.007865 0.446150 0.544799 0.000310
3 2 0.013101 0.018645 0.357453 0.609860 0.000941
3 2 0.000682 0.006192 0.244454 0.748140 0.000532
3 2 0.003832 0.011411 0.476593 0.507710 0.000455
3 2 0.000726 0.003680 0.153223 0.842195 0.000174
3 2 0.000225 0.002662 0.105080 0.891795 0.000238
3 2 0.000046 0.001617 0.168007 0.830263 0.000068
3 2 0.000094 0.001926 0.196184 0.801732 0.000065
3 2 0.000923 0.006985 0.347197 0.644579 0.000316
3 2 0.000170 0.002111 0.172883 0.824772 0.000064
3 2 0.000463 0.005900 0.201870 0.791165 0.000601
3 2 0.000092 0.001966 0.372262 0.625654 0.000025
3 2 0.000324 0.004465 0.294775 0.700259 0.000177
3 2 0.000007 0.000558 0.223125 0.776303 0.000006
3 2 0.001050 0.004916 0.334449 0.659480 0.000106
3 2 0.000017 0.000975 0.231513 0.767474 0.000022
3 2 0.000097 0.001948 0.135602 0.862260 0.000093
3 2 0.000015 0.000922 0.165477 0.833555 0.000032
3 2 0.000177 0.003809 0.209528 0.786135 0.000351
3 2 0.000220 0.002075 0.172723 0.824916 0.000066
3 2 0.000016 0.001087 0.195873 0.802995 0.000028
3 3 0.000009 0.000344 0.045616 0.954020 0.000010
3 3 0.000107 0.001162 0.093296 0.905413 0.000024
3 3 0.000001 0.000067 0.020945 0.978986 0.000001
3 3 0.000006 0.000222 0.038627 0.961139 0.000005
3 3 0.000015 0.000273 0.028455 0.971251 0.000006
3 3 0.000001 0.000097 0.030120 0.969781 0.000001
3 3 0.000073 0.001851 0.132755 0.865237 0.000083
3 3 0.004446 0.009924 0.380148 0.605297 0.000185
3 3 0.000004 0.000193 0.044019 0.955782 0.000003
3 3 0.000131 0.002204 0.281796 0.715835 0.000034
3 3 0.000194 0.002828 0.229214 0.767666 0.000098
3 3 0.001350 0.007455 0.402791 0.588115 0.000289
3 3 0.000552 0.004350 0.230251 0.764683 0.000165
3 3 0.001191 0.005724 0.365719 0.627213 0.000153
3 3 0.001509 0.005219 0.178294 0.814759 0.000219
3 3 0.000022 0.001015 0.172814 0.826115 0.000034
3 3 0.000073 0.001464 0.206093 0.792332 0.000038
3 3 0.000084 0.001487 0.240406 0.758003 0.000020
3 3 0.000087 0.002162 0.292734 0.704964 0.000053
3 3 0.000170 0.001416 0.167845 0.830543 0.000026
3 3 0.000018 0.000314 0.052817 0.946848 0.000004
3 3 0.000056 0.000662 0.057720 0.941545 0.000017
3 3 0.000008 0.000324 0.061906 0.937758 0.000005
3 3 0.000016 0.000294 0.053577 0.946110 0.000004
3 3 0.000030 0.000743 0.074537 0.924670 0.000020
3 3 0.000065 0.000874 0.057435 0.941588 0.000038
3 3 0.000154 0.001059 0.115113 0.883653 0.000021
3 3 0.001002 0.003598 0.137765 0.857514 0.000121
3 3 0.000123 0.001491 0.137224 0.861127 0.000034
3 3 0.000093 0.001495 0.124462 0.873874 0.000076
3 3 0.000084 0.000838 0.053064 0.945980 0.000034
3 3 0.000055 0.000974 0.079657 0.919264 0.000051
3 3 0.000077 0.001435 0.211359 0.787096 0.000033
3 3 0.000015 0.000379 0.041012 0.958581 0.000013
3 3 0.000292 0.002772 0.200127 0.796719 0.000090
3 3 0.000125 0.002011 0.154455 0.843335 0.000074
3 3 0.000156 0.001696 0.206492 0.791633 0.000023
3 3 0.000811 0.002780 0.220534 0.775834 0.000041
3 3 0.000107 0.001803 0.219860 0.778197 0.000032
3 3 0.000018 0.000580 0.084068 0.915314 0.000019
3 3 0.000039 0.000641 0.053700 0.945598 0.000022
3 3 0.000114 0.001218 0.077996 0.920635 0.000037
3 3 0.000040 0.000671 0.075655 0.923620 0.000014
3 3 0.000081 0.000928 0.072558 0.926406 0.000027
3 3 0.000250 0.001237 0.083503 0.914985 0.000025
3 3 0.003865 0.020373 0.339242 0.634328 0.002192
3 3 0.001916 0.012844 0.205244 0.778212 0.001784
2 3 0.030305 0.055266 0.606224 0.303597 0.004607
3 3 0.002310 0.007807 0.205414 0.784038 0.000431
3 3 0.000340 0.003475 0.193487 0.802532 0.000165
3 3 0.000402 0.004046 0.275629 0.719757 0.000166
3 3 0.000221 0.005012 0.302842 0.691576 0.000350
2 3 0.007456 0.017335 0.552770 0.421773 0.000665
2 3 0.077955 0.061249 0.716870 0.141886 0.002041
3 3 0.000333 0.003226 0.107108 0.889027 0.000307
3 3 0.000543 0.003091 0.254518 0.741777 0.000071
3 3 0.000562 0.003926 0.421814 0.573641 0.000058
2 3 0.001518 0.006288 0.503681 0.488415 0.000098
2 3 0.365164 0.161852 0.429298 0.037155 0.006531
2 3 0.021799 0.039463 0.761010 0.176187 0.001540
3 3 0.000483 0.003521 0.286971 0.708949 0.000076
3 3 0.000167 0.002377 0.390387 0.607039 0.000030
3 3 0.000173 0.002794 0.360324 0.636660 0.000049
3 3 0.000035 0.001429 0.207558 0.790939 0.000039
2 3 0.001445 0.010759 0.631141 0.356312 0.000344
2 2 0.004347 0.036130 0.638952 0.312460 0.008111
3 2 0.002401 0.012121 0.393946 0.590565 0.000968
2 2 0.039416 0.066475 0.774600 0.115724 0.003786
2 2 0.048220 0.092196 0.809681 0.043597 0.006306
2 2 0.002360 0.029424 0.754808 0.209785 0.003623
3 2 0.000031 0.000991 0.210580 0.788386 0.000012
3 2 0.000535 0.003720 0.476819 0.518883 0.000043
2 2 0.000829 0.004301 0.504052 0.490775 0.000043
2 2 0.003868 0.009082 0.566495 0.420387 0.000166
3 2 0.000169 0.002763 0.340778 0.656243 0.000047
2 2 0.000623 0.007878 0.541960 0.449149 0.000391
2 2 0.005128 0.024769 0.751742 0.216797 0.001564
2 2 0.021016 0.046563 0.734560 0.195321 0.002539
3 2 0.000362 0.004166 0.307489 0.687763 0.000220
2 2 0.000588 0.009423 0.534972 0.454333 0.000684
2 2 0.006170 0.019817 0.682098 0.290818 0.001096
2 2 0.008107 0.015822 0.591881 0.383686 0.000504
2 2 0.002113 0.010755 0.550720 0.435861 0.000551
2 2 0.022695 0.041882 0.773590 0.159609 0.002223
2 2 0.189071 0.191905 0.589635 0.020007 0.009382
2 2 0.088274 0.156491 0.731985 0.015172 0.008078
2 2 0.010069 0.041990 0.835546 0.109574 0.002821
2 2 0.000490 0.005971 0.813148 0.180271 0.000120
3 2 0.000519 0.008217 0.481009 0.509680 0.000575
2 2 0.003968 0.010102 0.589273 0.396464 0.000194
2 2 0.002834 0.044488 0.845323 0.100038 0.007317
2 2 0.049918 0.138050 0.787453 0.007757 0.016822
2 2 0.253294 0.295615 0.423220 0.002339 0.025533
2 2 0.013444 0.085000 0.817986 0.073346 0.010224
2 2 0.011349 0.055027 0.776925 0.151835 0.004865
2 2 0.011249 0.026418 0.817355 0.144249 0.000729
2 2 0.000412 0.005714 0.551630 0.442118 0.000126
2 2 0.003186 0.016063 0.702532 0.277687 0.000531
2 2 0.011066 0.019106 0.708913 0.260594 0.000320
2 2 0.001608 0.010352 0.769010 0.218706 0.000324
0 2 0.795828 0.142684 0.019271 0.000020 0.042197
0 2 0.437310 0.226076 0.294445 0.003785 0.038384
0 2 0.520675 0.178970 0.263685 0.013034 0.023635
0 2 0.584580 0.170798 0.211988 0.007777 0.024857
2 2 0.125575 0.227268 0.440069 0.078489 0.128599
2 2 0.016901 0.076279 0.875519 0.014744 0.016558
2 2 0.001603 0.050650 0.701210 0.178601 0.067936
2 2 0.001540 0.042193 0.818558 0.115154 0.022555
2 2 0.043829 0.136114 0.780035 0.011518 0.028504
2 2 0.065738 0.180138 0.705859 0.005208 0.043057
4 2 0.060304 0.172987 0.266055 0.002471 0.498183
4 2 0.042532 0.186589 0.188935 0.000061 0.581884
4 2 0.034923 0.173633 0.199999 0.000044 0.591401
4 2 0.023065 0.146202 0.174741 0.000057 0.655936
4 4 0.027225 0.157290 0.213177 0.000036 0.602271
4 4 0.005994 0.105562 0.070093 0.000000 0.818351
4 4 0.006077 0.099720 0.106046 0.000000 0.788157
4 4 0.010367 0.129060 0.106990 0.000000 0.753583
4 4 0.004699 0.087809 0.157547 0.000000 0.749945
4 4 0.016080 0.152444 0.139027 0.000000 0.692449
4 4 0.036280 0.210542 0.059637 0.000000 0.693541
4 4 0.014363 0.154451 0.085706 0.000000 0.745480
4 4 0.004854 0.086935 0.131694 0.000000 0.776516
4 4 0.010264 0.140122 0.083475 0.000000 0.766139
4 4 0.004674 0.078999 0.162795 0.000003 0.753529
4 4 0.025783 0.166641 0.108673 0.000003 0.698899
4 4 0.013248 0.139423 0.132993 0.000000 0.714336
4 4 0.010735 0.121989 0.102677 0.000000 0.764598
4 4 0.017777 0.167992 0.071394 0.000000 0.742838
4 4 0.015506 0.148088 0.111191 0.000000 0.725214
4 4 0.128786 0.284768 0.099695 0.000001 0.486751
4 4 0.017796 0.149147 0.113104 0.000001 0.719953
4 4 0.012574 0.136099 0.076937 0.000000 0.774390
4 4 0.031047 0.199073 0.091486 0.000000 0.678394
4 4 0.040225 0.232142 0.052985 0.000000 0.674648
4 4 0.003509 0.082153 0.083651 0.000000 0.830687
4 4 0.003588 0.081962 0.064411 0.000000 0.850039
4 4 0.004715 0.084245 0.119030 0.000000 0.792010
4 4 0.005155 0.092764 0.092255 0.000000 0.809826
4 4 0.003992 0.077439 0.085780 0.000000 0.832789
4 4 0.016833 0.131308 0.129711 0.000026 0.722122
4 4 0.031517 0.207144 0.101377 0.000000 0.659962
4 4 0.020117 0.157048 0.167671 0.000001 0.655163
4 4 0.013959 0.127730 0.134652 0.000005 0.723655
4 4 0.020441 0.155081 0.116235 0.000002 0.708242
4 4 0.009532 0.129718 0.101794 0.000000 0.758955
4 4 0.046564 0.230558 0.064582 0.000000 0.658295
4 4 0.007050 0.113237 0.108796 0.000000 0.770916
4 4 0.011353 0.126795 0.131046 0.000000 0.730805
4 4 0.014799 0.161539 0.114526 0.000000 0.709136
4 4 0.010241 0.133215 0.052100 0.000000 0.804444
4 4 0.003486 0.095403 0.081712 0.000000 0.819398
4 4 0.004346 0.097113 0.063139 0.000000 0.835401
4 4 0.002391 0.068224 0.088476 0.000000 0.840909
4 4 0.007156 0.131593 0.066519 0.000000 0.794732
4 4 0.007735 0.119990 0.095243 0.000000 0.777032
4 4 0.005549 0.094358 0.108219 0.000000 0.791874
4 4 0.008209 0.105689 0.128380 0.000001 0.757721
4 4 0.027137 0.205997 0.055378 0.000000 0.711488
4 4 0.009319 0.142626 0.078533 0.000000 0.769523
4 4 0.032883 0.176147 0.176193 0.000015 0.614761
4 4 0.040235 0.204636 0.193738 0.000001 0.561389
4 4 0.026883 0.174268 0.197359 0.000001 0.601489
4 4 0.035837 0.178779 0.212530 0.000021 0.572834
4 4 0.033296 0.209797 0.105518 0.000000 0.651390
0 4 0.765789 0.154994 0.027171 0.000066 0.051980
0 4 0.763034 0.128014 0.057575 0.004717 0.046662
0 4 0.371104 0.310787 0.207002 0.000739 0.110368
0 4 0.691244 0.161031 0.092967 0.000542 0.054215
0 4 0.455527 0.222913 0.215094 0.001450 0.105016
2 4 0.017646 0.132375 0.444548 0.000443 0.404987
2 4 0.009652 0.095511 0.546609 0.002722 0.345506
4 4 0.009925 0.105780 0.434905 0.000026 0.449363
2 4 0.009753 0.095880 0.760868 0.000668 0.132831
2 4 0.023164 0.155803 0.429230 0.000090 0.391714
2 4 0.005911 0.085049 0.657041 0.001163 0.250835
2 4 0.020255 0.161691 0.568565 0.000033 0.249456
2 4 0.005748 0.086963 0.624876 0.000251 0.282162
2 4 0.000640 0.028681 0.899349 0.009227 0.062103
2 4 0.003098 0.063323 0.710837 0.008403 0.214340
2 4 0.010258 0.118468 0.680989 0.017521 0.172763
2 4 0.003421 0.068853 0.814130 0.027156 0.086440
2 4 0.033675 0.183844 0.611736 0.000778 0.169968
2 4 0.007397 0.103741 0.753554 0.021279 0.114028
2 4 0.036898 0.274396 0.527015 0.000198 0.161493
2 4 0.191827 0.323944 0.377054 0.001250 0.105925
2 4 0.189086 0.338582 0.395631 0.004940 0.071761
2 4 0.127545 0.312773 0.463170 0.003508 0.093004
0 4 0.555521 0.253037 0.091845 0.000229 0.099369
0 4 0.496049 0.245009 0.214952 0.001993 0.041997
2 1 0.003971 0.084330 0.831775 0.000352 0.079572
2 1 0.000392 0.019677 0.948162 0.015593 0.016176
2 1 0.003058 0.071359 0.890287 0.000189 0.035107
2 1 0.000187 0.015285 0.912091 0.055825 0.016612
2 1 0.001527 0.050208 0.880889 0.010310 0.057066
2 1 0.000271 0.017950 0.916857 0.055440 0.009482
2 1 0.000209 0.011837 0.969319 0.014016 0.004619
2 2 0.000319 0.016539 0.948577 0.027705 0.006860
2 2 0.000236 0.013599 0.937546 0.040910 0.007710
2 2 0.000771 0.025928 0.946272 0.008666 0.018363
2 2 0.000432 0.010834 0.740317 0.247561 0.000857
2 2 0.000166 0.006981 0.773975 0.218440 0.000437
2 2 0.001720 0.011281 0.632422 0.354086 0.000492
2 2 0.000015 0.002900 0.806084 0.190853 0.000147
2 2 0.000254 0.008074 0.746278 0.244884 0.000510
2 2 0.001255 0.016276 0.853472 0.127260 0.001737
2 2 0.000147 0.009145 0.782401 0.207038 0.001269
2 2 0.000226 0.015012 0.726077 0.253249 0.005436
2 2 0.001185 0.018128 0.812493 0.166105 0.002089
2 2 0.000112 0.008868 0.860312 0.129452 0.001256
3 2 0.000069 0.002937 0.458540 0.538308 0.000145
2 2 0.000346 0.008087 0.811836 0.179434 0.000297
2 2 0.000431 0.005740 0.607053 0.386604 0.000173
2 2 0.000037 0.001985 0.601179 0.396756 0.000044
2 2 0.000300 0.004941 0.527081 0.467551 0.000127
3 2 0.000006 0.001440 0.282515 0.715937 0.000101
3 2 0.000014 0.001202 0.299659 0.699091 0.000033
3 2 0.000047 0.002589 0.321453 0.675762 0.000149
2 2 0.000225 0.004502 0.501109 0.494011 0.000154
3 2 0.000005 0.001009 0.237268 0.761669 0.000047
3 2 0.000034 0.000401 0.066364 0.933195 0.000005
3 3 0.000023 0.000591 0.117690 0.881689 0.000008
3 3 0.000520 0.001733 0.064143 0.933536 0.000069
3 3 0.000021 0.000562 0.054584 0.944814 0.000019
3 3 0.000132 0.001273 0.121109 0.877458 0.000029
3 3 0.000026 0.000243 0.020904 0.978822 0.000006
3 3 0.000006 0.000148 0.022061 0.977782 0.000003
3 3 0.000057 0.000827 0.067590 0.931499 0.000027
3 3 0.000042 0.000312 0.034715 0.964927 0.000004
3 3 0.000013 0.000243 0.023353 0.976385 0.000007
3 3 0.000046 0.000389 0.029087 0.970468 0.000009
3 3 0.000003 0.000097 0.011226 0.988671 0.000003
3 3 0.000016 0.000275 0.019618 0.980080 0.000011
3 3 0.000001 0.000044 0.007612 0.992342 0.000001
3 3 0.000025 0.000168 0.010932 0.988871 0.000005
3 3 0.000003 0.000078 0.006889 0.993026 0.000003
3 3 0.000003 0.000062 0.008675 0.991259 0.000001
3 3 0.000004 0.000060 0.004550 0.995382 0.000003
3 3 0.000002 0.000040 0.004400 0.995557 0.000001
3 3 0.000002 0.000044 0.006451 0.993501 0.000001
3 3 0.000007 0.000053 0.004375 0.995563 0.000002
3 3 0.000007 0.000067 0.005192 0.994732 0.000002
3 3 0.000028 0.000148 0.005719 0.994094 0.000011
3 3 0.000012 0.000091 0.005293 0.994600 0.000004
3 3 0.000004 0.000032 0.002918 0.997045 0.000001
3 3 0.000004 0.000071 0.004818 0.995102 0.000005
3 3 0.000001 0.000022 0.003880 0.996096 0.000000
3 3 0.000008 0.000069 0.004077 0.995841 0.000004
3 3 0.000000 0.000014 0.001877 0.998108 0.000001
3 3 0.000005 0.000068 0.003721 0.996200 0.000006
3 3 0.000001 0.000038 0.003948 0.996010 0.000002
3 3 0.000002 0.000043 0.003093 0.996858 0.000003
3 3 0.000023 0.000166 0.007016 0.992783 0.000011
3 3 0.000003 0.000043 0.003175 0.996776 0.000003
3 3 0.000007 0.000050 0.002972 0.996969 0.000003
3 3 0.000101 0.000791 0.021390 0.977640 0.000078
3 3 0.000160 0.001307 0.037472 0.960968 0.000094
2 3 0.028395 0.046596 0.545451 0.377695 0.001863
3 3 0.001188 0.009001 0.420234 0.569167 0.000411
3 3 0.000255 0.004029 0.254425 0.741122 0.000170
2 3 0.000030 0.002715 0.581361 0.415814 0.000080
2 3 0.000244 0.007078 0.797365 0.195092 0.000221
2 3 0.000342 0.008336 0.806046 0.184844 0.000433
2 3 0.000364 0.010549 0.774726 0.213673 0.000687
2 3 0.000190 0.005856 0.686649 0.307108 0.000196
3 3 0.000268 0.013867 0.482219 0.499663 0.003983
2 3 0.001609 0.010048 0.552062 0.435735 0.000546
2 2 0.000512 0.007433 0.540230 0.451405 0.000420
2 2 0.000736 0.015876 0.513962 0.466999 0.002427
2 2 0.000690 0.009473 0.588899 0.400200 0.000739
2 2 0.001055 0.019733 0.798288 0.177778 0.003146
2 2 0.000928 0.015008 0.558717 0.423819 0.001527
2 2 0.001437 0.030910 0.789890 0.173865 0.003897
2 2 0.000948 0.012258 0.663796 0.322087 0.000912
2 2 0.001562 0.026439 0.587331 0.379456 0.005212
2 2 0.002081 0.018050 0.821393 0.156372 0.002105
2 2 0.000648 0.020696 0.693121 0.278557 0.006978
2 2 0.000744 0.018826 0.755729 0.221494 0.003207
2 2 0.002335 0.043807 0.849408 0.094770 0.009681
2 2 0.003115 0.027652 0.759935 0.204997 0.004301
2 2 0.000373 0.010363 0.700239 0.288246 0.000779
2 2 0.001597 0.019920 0.643117 0.333607 0.001759
2 2 0.000899 0.011551 0.584267 0.402451 0.000832
2 2 0.000397 0.010123 0.555587 0.432909 0.000984
3 2 0.000117 0.003283 0.415127 0.581368 0.000106
3 2 0.003000 0.008540 0.377670 0.610532 0.000258
3 2 0.000283 0.004255 0.201374 0.793702 0.000386
3 2 0.000134 0.004046 0.284019 0.711545 0.000255
3 2 0.000165 0.004803 0.293485 0.701166 0.000382
3 2 0.002562 0.015199 0.411074 0.569985 0.001180
2 2 0.002574 0.023261 0.610906 0.360662 0.002596
2 2 0.000679 0.012490 0.708055 0.277655 0.001121
2 2 0.000249 0.009244 0.591118 0.398363 0.001026
2 2 0.001855 0.019133 0.740765 0.236281 0.001966
2 2 0.000466 0.014317 0.700719 0.282621 0.001877
3 2 0.000123 0.002506 0.383652 0.613676 0.000042
3 2 0.000018 0.001058 0.214914 0.783984 0.000026
3 2 0.000420 0.003033 0.300289 0.696193 0.000065
3 2 0.001469 0.008190 0.376225 0.613888 0.000228
3 2 0.000418 0.005016 0.320430 0.673976 0.000160
3 2 0.000278 0.003384 0.201399 0.794781 0.000159
3 2 0.000105 0.002126 0.240698 0.757023 0.000048
3 2 0.000424 0.004502 0.253337 0.741573 0.000165
3 2 0.000087 0.001844 0.174135 0.823885 0.000050
3 2 0.000011 0.000499 0.199885 0.799601 0.000003
3 2 0.000511 0.005391 0.413267 0.580653 0.000178
2 2 0.000040 0.002235 0.516840 0.480841 0.000045
2 2 0.001473 0.008207 0.591521 0.398588 0.000211
3 2 0.000176 0.003659 0.381167 0.614814 0.000185
3 2 0.000233 0.005467 0.442101 0.551926 0.000273
3 2 0.000214 0.002367 0.451539 0.545861 0.000019
3 2 0.000103 0.002853 0.495317 0.501676 0.000051
3 2 0.000084 0.001377 0.219555 0.778964 0.000021
2 2 0.000382 0.005102 0.573534 0.420880 0.000101
3 2 0.000195 0.003099 0.308713 0.687906 0.000087
2 2 0.001525 0.038003 0.781284 0.134589 0.044599
2 2 0.003210 0.070670 0.575220 0.026519 0.324380
2 2 0.011605 0.125903 0.537484 0.004179 0.320829
2 2 0.032656 0.183903 0.526303 0.000145 0.256993
2 4 0.021861 0.167230 0.566403 0.000170 0.244337
4 4 0.051498 0.202467 0.186727 0.000028 0.559280
4 4 0.037624 0.199398 0.152635 0.000002 0.610342
4 4 0.048161 0.204490 0.213936 0.000010 0.533404
4 4 0.041017 0.181661 0.197729 0.000085 0.579509
0 4 0.450684 0.299423 0.031079 0.000014 0.218799
4 4 0.006478 0.102071 0.102898 0.000000 0.788553
4 4 0.006146 0.109586 0.096675 0.000000 0.787593
4 4 0.007767 0.097979 0.104506 0.000005 0.789743
4 4 0.013872 0.128182 0.115269 0.000004 0.742674
4 4 0.005131 0.084198 0.135549 0.000002 0.775120
4 4 0.037518 0.172702 0.128024 0.000209 0.661548
4 4 0.007285 0.105020 0.149190 0.000000 0.738504
4 4 0.009930 0.096205 0.102297 0.000264 0.791303
4 4 0.006151 0.088629 0.174192 0.000004 0.731024
4 4 0.013960 0.135494 0.158482 0.000001 0.692064
4 4 0.006525 0.111025 0.108319 0.000000 0.774132
4 4 0.005051 0.101339 0.112250 0.000000 0.781360
4 4 0.009935 0.121638 0.094985 0.000000 0.773442
4 4 0.002753 0.065020 0.088974 0.000001 0.843252
4 4 0.004164 0.087971 0.111011 0.000000 0.796854
4 4 0.019037 0.150511 0.135795 0.000002 0.694655
4 4 0.015698 0.147839 0.155998 0.000000 0.680464
4 4 0.005655 0.096130 0.144057 0.000000 0.754158
4 4 0.018290 0.150483 0.146312 0.000001 0.684914
4 4 0.010683 0.116851 0.162960 0.000002 0.709504
4 4 0.058705 0.241890 0.068614 0.000001 0.630790
4 4 0.026811 0.160873 0.132057 0.000023 0.680237
4 4 0.039914 0.221570 0.103338 0.000000 0.635178
4 4 0.025786 0.180105 0.166369 0.000000 0.627740
4 4 0.060870 0.226612 0.060862 0.000002 0.651653
4 4 0.008426 0.138611 0.065471 0.000000 0.787492
4 4 0.002240 0.076226 0.084081 0.000000 0.837453
4 4 0.003032 0.079689 0.112262 0.000000 0.805017
4 4 0.002627 0.085288 0.080208 0.000000 0.831878
4 4 0.001307 0.051344 0.109994 0.000000 0.837354
4 4 0.003172 0.089955 0.069342 0.000000 0.837531
4 4 0.004648 0.101420 0.069959 0.000000 0.823973
4 4 0.003137 0.089130 0.073628 0.000000 0.834106
4 4 0.006506 0.113694 0.049802 0.000000 0.829998
4 4 0.005652 0.110197 0.087737 0.000000 0.796415
4 4 0.024899 0.138481 0.248477 0.000468 0.587675
