0 0 0.837529 0.092271 0.030115 0.019127 0.020958
0 0 0.944500 0.030344 0.009716 0.012164 0.003277
0 0 0.899549 0.056852 0.018293 0.015893 0.009413
0 0 0.930350 0.038750 0.012412 0.013533 0.004954
0 0 0.943954 0.030668 0.009815 0.012222 0.003340
0 0 0.887200 0.063474 0.019751 0.016784 0.012791
0 0 0.960246 0.020986 0.006812 0.010277 0.001678
0 0 0.934440 0.036293 0.011542 0.013182 0.004543
0 0 0.942910 0.031287 0.010006 0.012333 0.003464
0 0 0.974979 0.012297 0.004071 0.008013 0.000641
0 0 0.971324 0.014434 0.004750 0.008637 0.000855
0 0 0.967134 0.016903 0.005531 0.009297 0.001136
0 0 0.957218 0.022786 0.007374 0.010674 0.001948
0 0 0.924984 0.041842 0.013235 0.014040 0.005899
0 0 0.958093 0.022266 0.007212 0.010561 0.001868
0 0 0.955657 0.023714 0.007663 0.010872 0.002094
0 0 0.962016 0.019935 0.006483 0.010036 0.001530
0 0 0.957804 0.022438 0.007265 0.010599 0.001894
0 0 0.955839 0.023606 0.007629 0.010849 0.002077
0 0 0.961957 0.019970 0.006494 0.010044 0.001534
0 0 0.944187 0.030530 0.009773 0.012197 0.003313
0 0 0.934977 0.035976 0.011445 0.013131 0.004471
0 4 0.907313 0.052076 0.016332 0.015441 0.008838
0 4 0.823630 0.097570 0.029821 0.019852 0.029127
0 4 0.835668 0.091344 0.027998 0.019379 0.025611
0 4 0.448195 0.261996 0.082575 0.009391 0.197842
0 4 0.388177 0.296908 0.100870 0.007823 0.206222
0 0 0.374155 0.283308 0.089771 0.005672 0.247094
0 1 0.847750 0.085710 0.026322 0.017568 0.022650
0 4 0.484093 0.249026 0.078009 0.011699 0.177174
4 0 0.174048 0.342730 0.122378 0.000637 0.360207
4 4 0.256904 0.253754 0.069835 0.001223 0.418284
1 2 0.152701 0.359242 0.135286 0.000492 0.352279
1 2 0.120935 0.382364 0.156515 0.000307 0.339878
1 2 0.080109 0.408890 0.189544 0.000133 0.321324
2 2 0.017260 0.276740 0.632988 0.000344 0.072668
2 2 0.003136 0.104361 0.854652 0.000784 0.037067
2 2 0.005515 0.170300 0.776116 0.000177 0.047892
2 2 0.014666 0.292158 0.619345 0.000175 0.073656
2 2 0.013568 0.219239 0.699487 0.000527 0.067179
2 2 0.015202 0.278911 0.625190 0.000218 0.080479
2 2 0.006601 0.212515 0.726845 0.000108 0.053931
2 2 0.012311 0.226860 0.632257 0.008707 0.119864
2 2 0.016005 0.234441 0.669590 0.004510 0.075453
2 2 0.006270 0.175395 0.755577 0.002354 0.060403
2 0 0.029898 0.231236 0.631824 0.031437 0.075605
2 1 0.318211 0.244126 0.330977 0.037395 0.069290
1 2 0.184819 0.445653 0.299209 0.004793 0.065525
2 2 0.042869 0.354730 0.544655 0.001375 0.056371
2 2 0.020748 0.207999 0.695257 0.011203 0.064793
2 2 0.017872 0.214515 0.682835 0.007740 0.077038
2 2 0.010956 0.173934 0.752917 0.003364 0.058829
2 2 0.005681 0.123393 0.797536 0.011721 0.061669
2 2 0.008257 0.177768 0.675343 0.020943 0.117689
2 2 0.017124 0.219066 0.675634 0.011127 0.077050
2 2 0.024168 0.185986 0.693787 0.039337 0.056722
2 2 0.023815 0.173227 0.637847 0.095453 0.069659
2 2 0.017543 0.138826 0.760668 0.048650 0.034312
2 2 0.013958 0.134740 0.740595 0.067757 0.042950
2 3 0.025233 0.146595 0.711143 0.083773 0.033256
2 3 0.092199 0.153002 0.423812 0.279840 0.051148
2 3 0.051343 0.140566 0.511441 0.263809 0.032842
2 3 0.060417 0.120179 0.667197 0.140544 0.011663
2 3 0.077256 0.110489 0.471335 0.321811 0.019109
2 3 0.041195 0.115615 0.621651 0.202291 0.019247
2 3 0.098343 0.150481 0.473685 0.239269 0.038223
2 3 0.106642 0.180197 0.346985 0.302857 0.063319
2 1 0.104617 0.166768 0.466562 0.231453 0.030600
0 2 0.574776 0.195815 0.155565 0.043776 0.030067
2 2 0.103818 0.287109 0.499414 0.055838 0.053822
1 1 0.159769 0.444774 0.271779 0.007603 0.116075
0 1 0.477111 0.291545 0.114513 0.010302 0.106529
0 0 0.367816 0.355545 0.163406 0.010664 0.102568
0 1 0.814933 0.108067 0.040868 0.019419 0.016713
0 2 0.504923 0.280104 0.119966 0.022689 0.072318
1 2 0.093779 0.425474 0.304740 0.000771 0.175236
1 1 0.132906 0.411454 0.264991 0.001504 0.189145
1 1 0.267049 0.383035 0.163166 0.003754 0.182996
1 2 0.134169 0.457450 0.253783 0.001109 0.153489
1 2 0.144275 0.442842 0.225136 0.001007 0.186740
1 2 0.171549 0.409462 0.333401 0.007429 0.078159
2 2 0.105876 0.364201 0.458626 0.007257 0.064041
1 0 0.167812 0.383344 0.340859 0.018019 0.089967
0 1 0.854535 0.084113 0.029649 0.018084 0.013619
1 1 0.246669 0.421759 0.258128 0.007459 0.065985
2 2 0.008515 0.156005 0.779730 0.002300 0.053450
2 1 0.010213 0.148151 0.796903 0.001436 0.043297
2 2 0.027182 0.236848 0.666274 0.006571 0.063125
2 2 0.025937 0.259487 0.631994 0.001172 0.081410
2 2 0.010891 0.198342 0.736092 0.000941 0.053734
2 2 0.005312 0.157628 0.786641 0.000208 0.050210
2 2 0.015596 0.221375 0.704414 0.000823 0.057793
2 2 0.016410 0.212011 0.702061 0.000974 0.068544
2 2 0.005538 0.142522 0.798494 0.004088 0.049359
2 2 0.005174 0.139450 0.797730 0.002885 0.054761
2 2 0.033554 0.185692 0.735667 0.012237 0.032850
2 2 0.008688 0.124670 0.787064 0.033612 0.045966
2 2 0.011224 0.111326 0.829777 0.017279 0.030394
2 2 0.009687 0.116772 0.818722 0.021555 0.033264
2 2 0.010426 0.154592 0.733830 0.038879 0.062272
2 3 0.031193 0.155481 0.718094 0.056570 0.038663
2 3 0.030676 0.200232 0.672463 0.036981 0.059648
2 3 0.046161 0.187235 0.673263 0.033964 0.059377
2 3 0.020191 0.192730 0.620274 0.057576 0.109229
2 3 0.030682 0.182123 0.673316 0.049238 0.064641
2 3 0.057110 0.258884 0.439222 0.120053 0.124731
2 3 0.062181 0.161483 0.615224 0.119913 0.041199
2 2 0.085427 0.254756 0.421916 0.126989 0.110913
0 2 0.367310 0.337671 0.193098 0.026518 0.075403
2 2 0.080511 0.270313 0.594195 0.017528 0.037451
2 2 0.096081 0.237555 0.586172 0.038196 0.041998
0 2 0.423490 0.216936 0.284231 0.042593 0.032750
2 2 0.201526 0.344427 0.388346 0.015990 0.049711
2 0 0.146969 0.297878 0.483922 0.018853 0.052378
0 1 0.724083 0.162380 0.072794 0.020974 0.019768
1 2 0.229983 0.427485 0.231289 0.004326 0.106916
1 2 0.284385 0.401350 0.201986 0.004842 0.107436
1 2 0.132368 0.459642 0.322370 0.002676 0.082943
1 2 0.191227 0.444271 0.253540 0.003879 0.107082
1 2 0.197145 0.438848 0.237662 0.003489 0.122856
1 1 0.231037 0.429665 0.253261 0.005577 0.080461
0 2 0.481945 0.303491 0.155423 0.013437 0.045705
0 2 0.423527 0.332805 0.170821 0.015186 0.057661
0 0 0.365337 0.361958 0.222252 0.011147 0.039306
0 1 0.595936 0.231870 0.115761 0.016553 0.039881
0 0 0.884236 0.065129 0.020246 0.016963 0.013425
0 0 0.869119 0.073475 0.022728 0.017815 0.016863
0 0 0.923974 0.042432 0.013414 0.014127 0.006053
0 1 0.926258 0.041097 0.013008 0.013930 0.005707
0 1 0.903878 0.054042 0.016924 0.015687 0.009469
0 1 0.741339 0.151805 0.073116 0.020135 0.013605
0 1 0.602021 0.231412 0.122613 0.021352 0.022602
0 2 0.610176 0.227819 0.110709 0.021914 0.029382
0 2 0.450358 0.314293 0.179805 0.020651 0.034894
0 2 0.394225 0.343820 0.200962 0.019942 0.041051
1 2 0.349628 0.369251 0.200623 0.016441 0.064057
0 0 0.548851 0.259701 0.115104 0.022652 0.053691
0 1 0.643566 0.202545 0.077243 0.022953 0.053693
0 2 0.534268 0.271282 0.116306 0.012928 0.065216
1 1 0.352860 0.370678 0.193513 0.010072 0.072877
1 4 0.172095 0.440483 0.227104 0.001848 0.158471
1 0 0.086881 0.408244 0.366603 0.001294 0.136978
0 1 0.376502 0.350639 0.165605 0.003504 0.103750
1 4 0.296573 0.391648 0.184042 0.002335 0.125402
1 4 0.132265 0.430562 0.322111 0.001531 0.113531
2 4 0.027567 0.331808 0.484206 0.000217 0.156202
1 4 0.046164 0.410128 0.387469 0.000249 0.155990
2 4 0.030640 0.294536 0.520117 0.000512 0.154195
2 2 0.043238 0.374784 0.387646 0.000249 0.194083
2 2 0.023228 0.304714 0.531464 0.000243 0.140350
2 0 0.027646 0.284584 0.614038 0.001190 0.072542
1 1 0.297275 0.378823 0.164996 0.003825 0.155081
1 4 0.176007 0.446856 0.245703 0.002548 0.128886
1 1 0.112413 0.429066 0.348813 0.002242 0.107466
1 1 0.198871 0.429981 0.215779 0.002674 0.152694
0 0 0.821060 0.099753 0.031142 0.019898 0.028147
0 0 0.879928 0.067525 0.020960 0.017217 0.014371
0 0 0.928554 0.039752 0.012598 0.013727 0.005369
0 0 0.913494 0.048518 0.015259 0.014978 0.007751
0 1 0.864676 0.075897 0.023446 0.018046 0.017936
0 1 0.482005 0.299578 0.153862 0.019965 0.044590
0 2 0.436097 0.322817 0.149832 0.015292 0.075962
0 2 0.370230 0.359124 0.220099 0.011805 0.038742
1 2 0.295696 0.397773 0.220208 0.010922 0.075401
1 2 0.268667 0.411009 0.253718 0.008476 0.058129
0 2 0.538933 0.267034 0.126552 0.022274 0.045207
0 1 0.751234 0.143261 0.052303 0.021458 0.031744
0 0 0.686546 0.181495 0.071779 0.022314 0.037865
0 0 0.958209 0.022197 0.007190 0.010546 0.001858
0 1 0.926169 0.041149 0.013024 0.013938 0.005720
0 1 0.747220 0.136512 0.040986 0.017905 0.057376
0 1 0.603669 0.196655 0.057482 0.010931 0.131263
0 1 0.673939 0.170286 0.050309 0.012510 0.092955
0 4 0.502658 0.227298 0.065370 0.007073 0.197602
0 4 0.571151 0.208369 0.060325 0.006622 0.153532
2 4 0.043240 0.326596 0.542464 0.001420 0.086281
2 2 0.020521 0.258287 0.639031 0.000655 0.081506
2 2 0.017110 0.250309 0.652157 0.000477 0.079948
2 2 0.014441 0.263021 0.621247 0.000199 0.101093
2 2 0.015976 0.256691 0.667784 0.000464 0.059085
2 2 0.005503 0.163839 0.767973 0.000166 0.062519
2 2 0.020938 0.279102 0.570137 0.000307 0.129516
2 2 0.008559 0.195805 0.719988 0.000226 0.075422
2 2 0.010965 0.224881 0.685580 0.000238 0.078336
2 2 0.004452 0.168932 0.742503 0.000066 0.084048
2 1 0.013061 0.228503 0.659902 0.000422 0.098112
2 1 0.028380 0.268151 0.594375 0.000971 0.108123
1 1 0.109935 0.465058 0.268536 0.000698 0.155773
2 2 0.015064 0.248215 0.650024 0.000331 0.086366
2 2 0.013216 0.216989 0.685345 0.000423 0.084027
2 2 0.009805 0.200930 0.703037 0.000924 0.085305
2 2 0.007790 0.222115 0.664909 0.000078 0.105107
2 2 0.008941 0.258880 0.630612 0.000061 0.101506
2 2 0.014743 0.220764 0.625722 0.001402 0.137368
2 2 0.019884 0.252188 0.595576 0.000413 0.131939
0 1 0.374034 0.341415 0.143459 0.011836 0.129256
0 1 0.511119 0.271995 0.103288 0.011512 0.102086
0 0 0.829953 0.097099 0.032458 0.019356 0.021133
0 0 0.901699 0.055285 0.017298 0.015840 0.009878
0 1 0.700971 0.171239 0.063801 0.022354 0.041635
1 2 0.184187 0.447731 0.288152 0.005805 0.074125
2 2 0.057257 0.339326 0.549996 0.003814 0.049607
2 2 0.099048 0.408292 0.412820 0.003453 0.076388
2 2 0.086937 0.372927 0.471814 0.005077 0.063245
2 2 0.084458 0.352552 0.499795 0.006983 0.056212
2 2 0.061159 0.295821 0.568712 0.010258 0.064050
2 2 0.039361 0.248294 0.670886 0.005219 0.036240
2 2 0.053940 0.300793 0.586524 0.006711 0.052031
2 2 0.035035 0.253018 0.658442 0.007124 0.046380
2 2 0.034034 0.250760 0.633413 0.015602 0.066191
2 2 0.067538 0.321040 0.490914 0.013322 0.107186
1 2 0.117859 0.374238 0.343214 0.003024 0.161665
2 0 0.087408 0.338118 0.422575 0.003288 0.148611
1 1 0.253256 0.406269 0.194327 0.005065 0.141082
1 2 0.136106 0.466251 0.307061 0.002362 0.088220
0 2 0.458147 0.291892 0.202027 0.023490 0.024444
1 2 0.308137 0.383436 0.252010 0.017776 0.038641
0 0 0.613790 0.225604 0.104792 0.022183 0.033631
0 0 0.900593 0.056978 0.020192 0.015462 0.006776
0 0 0.946634 0.029078 0.009325 0.011931 0.003032
0 0 0.954772 0.024241 0.007827 0.010982 0.002179
0 0 0.898039 0.057366 0.017923 0.016089 0.010583
0 0 0.820326 0.099260 0.030314 0.019975 0.030125
0 0 0.825575 0.096572 0.029529 0.019779 0.028546
0 0 0.783739 0.117428 0.035591 0.021147 0.042096
0 0 0.440008 0.251896 0.075392 0.008805 0.223899
0 0 0.332148 0.291368 0.092075 0.003688 0.280720
0 0 0.506633 0.227261 0.066027 0.009393 0.190687
0 1 0.505428 0.232092 0.068389 0.006753 0.187337
0 1 0.309567 0.299290 0.095893 0.002997 0.292253
0 1 0.527163 0.239529 0.075471 0.005762 0.152074
1 2 0.233145 0.415186 0.199259 0.002020 0.150389
1 1 0.187521 0.427052 0.206691 0.001936 0.176800
1 4 0.256385 0.358182 0.136212 0.002487 0.246735
1 1 0.179518 0.388851 0.159696 0.000999 0.270936
0 1 0.754951 0.135588 0.043829 0.021752 0.043880
0 2 0.612613 0.212369 0.075572 0.023348 0.076098
0 0 0.725782 0.145154 0.044059 0.022417 0.062588
0 0 0.901403 0.055454 0.017349 0.015860 0.009934
0 0 0.930470 0.038628 0.012255 0.013553 0.005093
0 0 0.958581 0.021976 0.007121 0.010498 0.001824
0 0 0.959601 0.021369 0.006932 0.010363 0.001734
0 0 0.920379 0.044527 0.014050 0.014429 0.006615
0 0 0.849334 0.084145 0.025882 0.018787 0.021852
0 0 0.907836 0.051776 0.016242 0.015403 0.008744
0 0 0.948125 0.028193 0.009052 0.011765 0.002866
0 0 0.939259 0.033448 0.010670 0.012710 0.003913
0 0 0.895348 0.058890 0.018380 0.016268 0.011114
0 0 0.964382 0.018532 0.006043 0.009703 0.001341
0 0 0.951085 0.026433 0.008507 0.011425 0.002549
0 0 0.903488 0.054265 0.016991 0.015715 0.009541
0 0 0.950718 0.026652 0.008575 0.011468 0.002588
0 1 0.846549 0.085623 0.026317 0.018913 0.022598
0 1 0.837759 0.090252 0.027677 0.019292 0.025020
0 1 0.838334 0.089951 0.027589 0.019268 0.024858
0 1 0.462782 0.269425 0.091099 0.015913 0.160781
0 1 0.417211 0.285419 0.096030 0.010111 0.191229
0 1 0.434943 0.301169 0.113258 0.011582 0.139048
0 2 0.370863 0.317411 0.115359 0.007990 0.188377
0 2 0.389716 0.309056 0.111291 0.009417 0.180520
2 1 0.052093 0.258535 0.641083 0.007087 0.041202
2 2 0.077083 0.360240 0.516619 0.006859 0.039199
2 2 0.036849 0.255124 0.668184 0.006167 0.033676
2 2 0.072384 0.332418 0.551866 0.008636 0.034696
1 2 0.117297 0.437687 0.385815 0.004486 0.054714
2 2 0.103377 0.353721 0.495122 0.009542 0.038237
2 2 0.067103 0.353617 0.533616 0.005354 0.040311
2 2 0.080570 0.347507 0.524851 0.006194 0.040878
2 2 0.051838 0.290674 0.601721 0.006077 0.049690
2 2 0.023001 0.197004 0.740307 0.005281 0.034407
2 2 0.043775 0.259543 0.641561 0.006701 0.048420
2 2 0.033586 0.263829 0.658404 0.003717 0.040463
2 2 0.036006 0.245053 0.673394 0.006145 0.039403
2 2 0.032082 0.245209 0.660132 0.012003 0.050573
2 2 0.032590 0.225868 0.674686 0.014359 0.052497
2 2 0.033689 0.312220 0.590199 0.001260 0.062632
2 2 0.035679 0.294812 0.598193 0.001723 0.069593
2 2 0.083457 0.207004 0.594786 0.030474 0.084280
2 2 0.037657 0.293312 0.582420 0.006464 0.080146
2 2 0.015354 0.211049 0.703243 0.003293 0.067061
2 2 0.024178 0.253749 0.614251 0.002869 0.104954
2 2 0.016853 0.235079 0.623555 0.006344 0.118169
2 2 0.012108 0.206576 0.598763 0.017002 0.165551
2 2 0.013302 0.206102 0.626257 0.014212 0.140127
2 2 0.015217 0.227880 0.580407 0.015496 0.161001
0 2 0.355600 0.252371 0.244172 0.077185 0.070673
2 1 0.226428 0.245774 0.414536 0.057576 0.055685
0 2 0.705549 0.127862 0.087693 0.049060 0.029836
0 2 0.324773 0.208712 0.305557 0.102736 0.058222
0 2 0.327875 0.303883 0.286035 0.024080 0.058126
0 2 0.511637 0.203740 0.197455 0.055394 0.031774
0 0 0.882612 0.062626 0.022532 0.020040 0.012189
0 0 0.938427 0.033940 0.010821 0.012793 0.004019
0 0 0.815694 0.105411 0.035753 0.019846 0.023296
0 1 0.731686 0.157626 0.066577 0.021177 0.022934
1 2 0.208538 0.417269 0.196343 0.002476 0.175375
1 1 0.094969 0.415944 0.289520 0.000707 0.198861
1 2 0.169423 0.438023 0.222030 0.001699 0.168825
1 4 0.158866 0.446769 0.236161 0.001572 0.156633
1 2 0.170822 0.427629 0.204358 0.001376 0.195814
1 2 0.167300 0.427162 0.203197 0.001269 0.201072
1 2 0.140119 0.408624 0.267188 0.001848 0.182221
1 2 0.114619 0.459851 0.255764 0.000688 0.169077
1 2 0.107072 0.419413 0.274739 0.001990 0.196785
2 1 0.085127 0.374388 0.379818 0.001626 0.159042
1 1 0.293499 0.398282 0.223011 0.012055 0.073153
0 1 0.391434 0.349178 0.191721 0.015454 0.052212
0 0 0.369645 0.358503 0.223029 0.012070 0.036753
0 0 0.858860 0.082398 0.032910 0.017292 0.008540
0 0 0.600897 0.232936 0.109719 0.022172 0.034275
0 0 0.874754 0.070384 0.021810 0.017509 0.015543
0 0 0.960148 0.021044 0.006830 0.010290 0.001687
0 0 0.949991 0.027084 0.008709 0.011552 0.002664
0 0 0.919009 0.045324 0.014292 0.014541 0.006835
0 0 0.958242 0.022178 0.007184 0.010542 0.001855
0 0 0.959904 0.021189 0.006876 0.010323 0.001708
0 0 0.903812 0.054080 0.016936 0.015692 0.009481
0 1 0.893395 0.059993 0.018710 0.016395 0.011507
0 1 0.919732 0.044904 0.014164 0.014482 0.006718
0 0 0.846478 0.085661 0.026328 0.018916 0.022617
0 0 0.919026 0.045314 0.014289 0.014540 0.006832
0 0 0.911115 0.049891 0.015673 0.015159 0.008162
0 0 0.937590 0.034434 0.010973 0.012876 0.004127
0 0 0.919470 0.045056 0.014211 0.014503 0.006760
0 0 0.848569 0.085967 0.027860 0.018671 0.018934
0 0 0.712087 0.169062 0.081401 0.020734 0.016717
0 0 0.701621 0.174548 0.088126 0.020585 0.015120
0 0 0.579020 0.245304 0.122347 0.021893 0.031436
0 0 0.775213 0.132033 0.061441 0.019512 0.011801
0 0 0.646428 0.206676 0.104756 0.021311 0.020829
0 0 0.509919 0.285695 0.148133 0.017882 0.038372
0 0 0.460267 0.285245 0.206335 0.019679 0.028473
0 0 0.491766 0.292037 0.164301 0.021009 0.030886
0 2 0.450956 0.319050 0.168558 0.014741 0.046695
2 1 0.251289 0.280287 0.389631 0.025557 0.053235
0 2 0.870726 0.072596 0.022467 0.017729 0.016482
0 0 0.701590 0.174938 0.074382 0.021705 0.027385
0 0 0.896422 0.058282 0.018198 0.016197 0.010901
0 1 0.814261 0.106790 0.037017 0.019818 0.022115
0 1 0.655941 0.198671 0.079804 0.022619 0.042965
0 0 0.608347 0.215630 0.073977 0.013938 0.088109
0 1 0.839494 0.090910 0.027822 0.016380 0.025395
0 1 0.476524 0.277570 0.100451 0.014485 0.130970
1 2 0.336263 0.349817 0.140937 0.007447 0.165535
0 0 0.667271 0.190230 0.067974 0.015804 0.058721
0 1 0.797153 0.110883 0.033696 0.020755 0.037513
0 1 0.732447 0.141214 0.042417 0.022308 0.061614
0 1 0.572764 0.204323 0.059877 0.018266 0.144770
0 1 0.523589 0.218843 0.063787 0.018435 0.175346
0 1 0.679870 0.163557 0.048743 0.023029 0.084800
1 1 0.153690 0.443411 0.227767 0.001273 0.173859
1 2 0.080076 0.474419 0.298323 0.000372 0.146810
2 2 0.036375 0.341244 0.508318 0.000562 0.113500
1 2 0.069679 0.415214 0.308354 0.000354 0.206399
2 2 0.049631 0.401717 0.404341 0.000376 0.143935
1 2 0.065220 0.446884 0.288552 0.000203 0.199141
2 2 0.038144 0.351291 0.417198 0.000264 0.193103
2 2 0.023713 0.296226 0.505096 0.000220 0.174746
1 2 0.052017 0.431054 0.368773 0.000266 0.147890
2 0 0.045951 0.334317 0.427245 0.000542 0.191944
0 0 0.805663 0.113663 0.043679 0.019669 0.017327
0 1 0.761001 0.140141 0.056443 0.020758 0.021657
0 1 0.762118 0.139557 0.056458 0.020705 0.021162
0 1 0.775735 0.132026 0.056701 0.019999 0.015539
0 2 0.697577 0.177571 0.077617 0.021610 0.025625
1 2 0.166567 0.435164 0.291179 0.004098 0.102992
1 2 0.238437 0.422183 0.225499 0.006327 0.107555
1 2 0.208112 0.436186 0.240697 0.004520 0.110485
1 1 0.310401 0.395429 0.234947 0.003559 0.055663
0 1 0.372590 0.357534 0.170674 0.009303 0.089899
1 1 0.238584 0.421826 0.224166 0.006210 0.109216
1 1 0.196485 0.441138 0.240999 0.001991 0.119388
1 2 0.157942 0.450145 0.244033 0.001698 0.146182
1 2 0.121962 0.441345 0.272940 0.001110 0.162643
1 1 0.188139 0.438403 0.229615 0.002620 0.141223
1 2 0.078717 0.445358 0.387147 0.001107 0.087672
2 2 0.026995 0.279083 0.628169 0.001158 0.064596
2 2 0.023177 0.237573 0.665376 0.002977 0.070897
2 2 0.018065 0.243320 0.679122 0.000804 0.058689
2 2 0.024274 0.233634 0.664655 0.004112 0.073325
2 2 0.027318 0.275375 0.621798 0.001120 0.074389
2 2 0.058814 0.391762 0.476984 0.001454 0.070985
2 2 0.033490 0.292511 0.604080 0.001546 0.068373
2 2 0.066220 0.341801 0.515904 0.003747 0.072328
2 2 0.034578 0.279170 0.610495 0.002138 0.073619
1 2 0.176960 0.414628 0.268202 0.003943 0.136268
1 1 0.230534 0.402800 0.180609 0.002919 0.183137
1 0 0.264976 0.387950 0.169207 0.004260 0.173608
0 2 0.390514 0.324152 0.124905 0.006715 0.153714
1 2 0.155191 0.445646 0.232576 0.001391 0.165196
2 2 0.015953 0.245233 0.637691 0.000349 0.100774
2 1 0.014761 0.238947 0.657195 0.000360 0.088737
2 2 0.024997 0.306733 0.530368 0.000292 0.137610
2 2 0.020515 0.308291 0.577164 0.000261 0.093769
2 2 0.021003 0.259585 0.589693 0.000428 0.129290
1 1 0.052466 0.346435 0.320960 0.000279 0.279860
1 1 0.176047 0.383916 0.155061 0.000899 0.284078
1 1 0.186082 0.401205 0.172196 0.001016 0.239502
1 2 0.133465 0.397200 0.168771 0.000452 0.300111
2 2 0.052223 0.336850 0.405167 0.000630 0.205129
2 2 0.061626 0.376855 0.382593 0.001518 0.177408
1 2 0.109562 0.440457 0.221229 0.000419 0.228334
2 1 0.047502 0.352986 0.446707 0.000631 0.152175
1 1 0.163206 0.413650 0.185377 0.000968 0.236800
1 1 0.154701 0.431470 0.208113 0.001042 0.204674
1 1 0.180298 0.433761 0.216052 0.001631 0.168258
1 2 0.162629 0.432134 0.210025 0.001250 0.193962
2 2 0.045237 0.340992 0.443159 0.001584 0.169028
1 1 0.202304 0.402277 0.175160 0.001732 0.218527
1 1 0.232515 0.385248 0.159819 0.002333 0.220085
1 2 0.078772 0.402085 0.260486 0.000321 0.258336
1 2 0.094777 0.416622 0.219271 0.000305 0.269025
1 2 0.067055 0.374105 0.253649 0.000227 0.304964
1 2 0.153656 0.377232 0.149646 0.000570 0.318896
1 1 0.157524 0.417557 0.189825 0.000908 0.234186
0 0 0.601573 0.210385 0.069687 0.021502 0.096853
0 0 0.776507 0.120900 0.036593 0.021342 0.044658
0 1 0.801422 0.110786 0.033593 0.016727 0.037472
0 1 0.481791 0.280513 0.103725 0.011561 0.122410
0 0 0.520957 0.252341 0.086295 0.012617 0.127789
0 1 0.492737 0.277232 0.103943 0.013070 0.113018
0 0 0.531398 0.254704 0.095133 0.023162 0.095604
0 0 0.795405 0.112100 0.034287 0.020796 0.037411
0 0 0.686063 0.170379 0.055926 0.022909 0.064724
0 1 0.778127 0.127031 0.043917 0.020290 0.030635
0 2 0.592245 0.228074 0.078985 0.006616 0.094081
1 2 0.286269 0.365489 0.146481 0.003076 0.198685
0 2 0.364198 0.339471 0.135822 0.007499 0.153011
0 1 0.760744 0.132997 0.039817 0.011969 0.054473
0 0 0.748680 0.136962 0.043061 0.021942 0.049355
0 0 0.513557 0.253755 0.085034 0.008880 0.138774
0 1 0.663083 0.174555 0.051492 0.012480 0.098391
1 1 0.223333 0.427379 0.225494 0.004795 0.118998
0 1 0.570015 0.218829 0.067250 0.007742 0.136163
0 1 0.461025 0.274873 0.093202 0.007852 0.163048
0 1 0.793158 0.113933 0.034541 0.018751 0.039617
0 1 0.633797 0.185244 0.054479 0.013343 0.113137
0 0 0.761670 0.127925 0.038614 0.021662 0.050129
0 1 0.792708 0.113397 0.034413 0.020244 0.039238
0 1 0.538203 0.216121 0.062881 0.013916 0.168879
1 0 0.118887 0.444308 0.226396 0.000562 0.209847
1 0 0.228505 0.368240 0.142940 0.001813 0.258502
1 1 0.222500 0.371252 0.145250 0.001703 0.259296
1 1 0.129543 0.432331 0.208532 0.000606 0.228989
1 1 0.191980 0.383734 0.155199 0.001177 0.267911
1 1 0.076181 0.419980 0.262883 0.000271 0.240684
1 2 0.102807 0.410649 0.185936 0.000253 0.300355
1 1 0.079302 0.408559 0.258744 0.000309 0.253085
1 1 0.122221 0.419306 0.192804 0.000438 0.265231
1 0 0.121840 0.398300 0.170886 0.000356 0.308619
0 0 0.789204 0.119091 0.035869 0.012410 0.043427
0 1 0.758590 0.132846 0.039853 0.014447 0.054264
0 1 0.554792 0.211658 0.061627 0.012668 0.159255
0 1 0.752198 0.133188 0.040087 0.020038 0.054490
0 0 0.425720 0.243573 0.069522 0.007219 0.253966
0 0 0.910264 0.050381 0.015821 0.015223 0.008312
0 0 0.931724 0.037891 0.012030 0.013438 0.004917
0 0 0.964825 0.018269 0.005961 0.009639 0.001307
0 0 0.957392 0.022683 0.007342 0.010652 0.001932
0 0 0.949860 0.027162 0.008733 0.011567 0.002678
0 0 0.924693 0.042012 0.013286 0.014066 0.005943
0 0 0.958925 0.021771 0.007057 0.010453 0.001794
0 1 0.864675 0.075897 0.023446 0.018046 0.017936
0 0 0.852207 0.082613 0.025430 0.018655 0.021094
0 1 0.868772 0.074319 0.023711 0.017740 0.015457
0 1 0.699223 0.167376 0.057416 0.022645 0.053340
0 1 0.638760 0.208340 0.084603 0.022731 0.045566
0 1 0.703238 0.160006 0.051137 0.022720 0.062899
0 0 0.785672 0.121846 0.041342 0.020822 0.030318
0 0 0.834595 0.091904 0.028162 0.019423 0.025917
0 1 0.840611 0.088756 0.027238 0.019172 0.024223
0 1 0.856055 0.080553 0.024822 0.018473 0.020096
0 0 0.746704 0.134799 0.040585 0.022035 0.055877
0 1 0.880440 0.067241 0.020875 0.017187 0.014257
0 1 0.673312 0.166199 0.049485 0.023091 0.087914
0 1 0.670735 0.169010 0.051085 0.023120 0.086049
0 1 0.620915 0.192178 0.059328 0.023423 0.104157
0 1 0.626621 0.192900 0.060966 0.023411 0.096101
0 1 0.663804 0.169970 0.050542 0.023169 0.092515
0 1 0.698735 0.157082 0.047553 0.022819 0.073812
0 1 0.586628 0.221470 0.076824 0.023451 0.091627
0 0 0.763539 0.127029 0.038358 0.021665 0.049410
0 1 0.608821 0.220457 0.084446 0.023161 0.063115
0 1 0.775045 0.134000 0.050374 0.015529 0.025053
0 1 0.590845 0.220958 0.076785 0.021278 0.090134
1 2 0.130229 0.402810 0.174506 0.000444 0.292012
1 2 0.118183 0.422462 0.196860 0.000413 0.262082
1 2 0.089430 0.409661 0.187746 0.000175 0.312987
1 2 0.098540 0.392034 0.168490 0.000194 0.340741
1 0 0.041402 0.416501 0.219579 0.000030 0.322487
0 0 0.868036 0.077129 0.023718 0.012570 0.018547
0 1 0.781926 0.120125 0.036297 0.017558 0.044094
0 1 0.650903 0.179147 0.052770 0.012664 0.104517
0 1 0.761812 0.131358 0.039428 0.014389 0.053012
0 0 0.634603 0.185863 0.054527 0.010791 0.114215
0 1 0.886675 0.063768 0.019839 0.016816 0.012902
0 1 0.691732 0.158698 0.047374 0.022903 0.079293
0 1 0.765267 0.126220 0.038125 0.021624 0.048765
0 1 0.847502 0.085118 0.026168 0.018870 0.022342
0 1 0.894124 0.059582 0.018587 0.016348 0.011360
0 0 0.903751 0.054115 0.016946 0.015696 0.009492
0 0 0.920372 0.044531 0.014051 0.014429 0.006616
0 0 0.956448 0.023244 0.007517 0.010772 0.002019
0 0 0.959432 0.021470 0.006963 0.010386 0.001749
0 0 0.934237 0.036412 0.011578 0.013202 0.004571
0 0 0.962911 0.019404 0.006317 0.009912 0.001457
0 0 0.932953 0.037168 0.011810 0.013323 0.004746
0 0 0.935457 0.035693 0.011358 0.013085 0.004407
0 0 0.911683 0.049563 0.015574 0.015116 0.008063
0 0 0.930751 0.038463 0.012205 0.013528 0.005053
0 0 0.940898 0.032478 0.010372 0.012543 0.003709
0 0 0.890540 0.061601 0.019192 0.016577 0.012091
0 0 0.939413 0.033357 0.010642 0.012694 0.003894
0 0 0.952552 0.025561 0.008237 0.011251 0.002399
0 0 0.941347 0.032212 0.010291 0.012496 0.003654
0 0 0.872553 0.071594 0.022170 0.017630 0.016053
0 0 0.861490 0.077624 0.023957 0.018207 0.018722
0 0 0.832429 0.093030 0.028492 0.019510 0.026538
0 0 0.861402 0.077672 0.023971 0.018212 0.018744
0 0 0.782573 0.117990 0.035753 0.021179 0.042505
0 0 0.838287 0.089975 0.027596 0.019270 0.024871
0 0 0.852022 0.082712 0.025460 0.018664 0.021143
0 0 0.844218 0.086856 0.026680 0.019016 0.023230
0 0 0.865454 0.075474 0.023320 0.018006 0.017746
0 0 0.922422 0.043338 0.013689 0.014259 0.006293
0 0 0.881510 0.066647 0.020698 0.017125 0.014020
0 0 0.894869 0.059161 0.018461 0.016299 0.011210
0 0 0.928745 0.039640 0.012564 0.013709 0.005341
0 0 0.918434 0.045658 0.014393 0.014588 0.006928
0 0 0.897375 0.057743 0.018036 0.016134 0.010713
0 0 0.902179 0.055011 0.017216 0.015806 0.009787
0 0 0.931167 0.038218 0.012130 0.013489 0.004995
0 0 0.905529 0.053098 0.016640 0.015570 0.009163
0 0 0.922152 0.043495 0.013737 0.014281 0.006335
0 0 0.900708 0.055849 0.017468 0.015908 0.010067
0 0 0.925076 0.041788 0.013218 0.014032 0.005885
0 0 0.933409 0.036900 0.011728 0.013280 0.004683
0 0 0.934222 0.036421 0.011581 0.013203 0.004573
0 0 0.937314 0.034597 0.011023 0.012904 0.004163
0 0 0.941232 0.032281 0.010312 0.012508 0.003668
0 0 0.942255 0.031675 0.010125 0.012402 0.003543
0 0 0.947149 0.028772 0.009231 0.011874 0.002974
0 0 0.958761 0.021869 0.007088 0.010474 0.001808
0 0 0.952022 0.025876 0.008335 0.011314 0.002453
0 0 0.953334 0.025096 0.008093 0.011157 0.002320
0 0 0.941994 0.031829 0.010173 0.012429 0.003575
0 0 0.957164 0.022818 0.007384 0.010681 0.001953
0 0 0.953914 0.024751 0.007985 0.011087 0.002263
0 0 0.897661 0.057580 0.017987 0.016115 0.010657
0 0 0.951166 0.026385 0.008492 0.011415 0.002541
0 0 0.936726 0.034945 0.011129 0.012961 0.004239
0 0 0.913618 0.048446 0.015237 0.014968 0.007730
0 0 0.844804 0.086547 0.026589 0.018990 0.023070
0 0 0.834923 0.091733 0.028112 0.019409 0.025823
0 0 0.736019 0.139621 0.041963 0.022242 0.060154
0 0 0.772662 0.122731 0.037121 0.021441 0.046046
0 0 0.822327 0.098238 0.030016 0.019901 0.029519
0 1 0.619080 0.188988 0.055665 0.017564 0.118703
0 1 0.717481 0.147784 0.044286 0.022557 0.067891
0 0 0.831621 0.094295 0.028837 0.017993 0.027254
0 0 0.953946 0.024732 0.007979 0.011083 0.002260
0 0 0.956137 0.023429 0.007574 0.010811 0.002048
0 4 0.916456 0.046805 0.014740 0.014746 0.007253
0 4 0.876436 0.069457 0.021535 0.017415 0.015158
0 4 0.900093 0.056199 0.017573 0.015950 0.010185
0 4 0.899942 0.056285 0.017599 0.015960 0.010214
0 4 0.831783 0.093365 0.028590 0.019536 0.026725
0 4 0.871561 0.072139 0.022331 0.017684 0.016285
0 4 0.873023 0.071336 0.022093 0.017604 0.015943
0 4 0.865362 0.075523 0.023335 0.018011 0.017768
0 4 0.776793 0.120763 0.036554 0.021335 0.044555
0 4 0.794296 0.114514 0.034661 0.016483 0.040045
0 4 0.438764 0.241082 0.068998 0.008175 0.242982
0 4 0.389834 0.249227 0.070611 0.005106 0.285222
0 4 0.403610 0.247264 0.070255 0.005838 0.273033
0 4 0.337220 0.254286 0.071255 0.003008 0.334231
0 4 0.374961 0.251054 0.070909 0.004411 0.298665
0 4 0.378646 0.250630 0.070844 0.004574 0.295306
1 4 0.126076 0.391350 0.163940 0.000368 0.318266
4 4 0.278621 0.254991 0.070534 0.001584 0.394270
0 4 0.492624 0.230060 0.065768 0.004547 0.207001
0 4 0.377573 0.250503 0.070439 0.002874 0.298611
4 0 0.327053 0.254800 0.071243 0.002704 0.344200
0 4 0.662897 0.175635 0.051658 0.009792 0.100018
0 4 0.431957 0.242411 0.069280 0.007662 0.248690
4 4 0.328979 0.260135 0.074046 0.002854 0.333986
0 4 0.412360 0.245883 0.069988 0.006352 0.265418
4 4 0.314692 0.255211 0.071167 0.002370 0.356560
4 4 0.273107 0.294177 0.091481 0.001862 0.339373
4 4 0.320310 0.255054 0.071210 0.002517 0.350909
1 2 0.132495 0.443571 0.225323 0.000772 0.197839
1 4 0.067644 0.373303 0.360560 0.000691 0.197802
1 4 0.226645 0.405136 0.182932 0.002825 0.182461
1 4 0.215832 0.406724 0.182763 0.002366 0.192315
1 4 0.091542 0.468313 0.276913 0.000438 0.162794
1 2 0.065584 0.421334 0.371715 0.000559 0.140808
2 2 0.056525 0.366908 0.403842 0.000644 0.172080
2 2 0.032232 0.339082 0.487705 0.000332 0.140650
2 1 0.037038 0.357768 0.419945 0.000239 0.185010
1 2 0.060729 0.418537 0.403491 0.000633 0.116609
2 2 0.040334 0.314487 0.505783 0.000852 0.138544
1 1 0.109243 0.417836 0.296467 0.001154 0.175300
2 1 0.031527 0.317764 0.546372 0.000611 0.103726
1 1 0.163552 0.448028 0.241179 0.001848 0.145394
1 2 0.167690 0.450708 0.249387 0.001410 0.130805
2 2 0.030201 0.357738 0.378655 0.000095 0.233312
1 2 0.062653 0.382819 0.296810 0.000623 0.257095
2 2 0.030555 0.339980 0.399456 0.000133 0.229876
2 2 0.018451 0.272830 0.518144 0.000150 0.190425
1 2 0.057640 0.370514 0.277035 0.000197 0.294614
4 1 0.157167 0.316478 0.105843 0.000413 0.420099
4 2 0.132073 0.340949 0.123516 0.000297 0.403165
4 2 0.134731 0.322583 0.111122 0.000283 0.431280
4 2 0.105141 0.336610 0.123576 0.000162 0.434512
4 2 0.082354 0.330847 0.123595 0.000086 0.463118
0 0 0.373571 0.336549 0.133374 0.004544 0.151962
0 0 0.801036 0.108963 0.033139 0.020633 0.036228
0 1 0.637509 0.180043 0.053350 0.023324 0.105774
0 1 0.427856 0.286699 0.098501 0.010511 0.176434
0 1 0.673379 0.166420 0.049657 0.023091 0.087452
0 4 0.535287 0.237303 0.075408 0.007414 0.144587
0 1 0.515673 0.243657 0.077700 0.009392 0.153579
0 1 0.649371 0.180329 0.053018 0.011023 0.106259
1 2 0.226001 0.391911 0.166275 0.002281 0.213532
0 4 0.435661 0.290213 0.101766 0.007487 0.164873
0 4 0.609162 0.192968 0.056710 0.016192 0.124967
0 4 0.567751 0.204775 0.060099 0.021562 0.145814
0 4 0.665453 0.169321 0.050360 0.023156 0.091710
0 4 0.636951 0.180251 0.053408 0.023326 0.106064
0 4 0.521280 0.221878 0.064186 0.009947 0.182708
0 4 0.613912 0.193968 0.056591 0.008393 0.127136
0 4 0.426331 0.243461 0.069499 0.007261 0.253447
0 4 0.554863 0.211918 0.061647 0.011720 0.159853
0 4 0.429278 0.242916 0.069386 0.007469 0.250951
0 4 0.397452 0.248174 0.070423 0.005499 0.278451
0 4 0.795896 0.116841 0.040298 0.020455 0.026510
0 0 0.875203 0.070404 0.022116 0.017444 0.014833
0 0 0.914606 0.047876 0.015064 0.014891 0.007563
0 1 0.904804 0.053513 0.016765 0.015622 0.009297
0 0 0.904244 0.053833 0.016861 0.015661 0.009400
0 1 0.688431 0.166539 0.050826 0.014937 0.079267
0 1 0.533264 0.253482 0.087955 0.006161 0.119139
0 1 0.627941 0.193698 0.060048 0.015763 0.102551
0 2 0.444656 0.288586 0.103429 0.012513 0.150816
1 2 0.311567 0.346264 0.131951 0.004599 0.205618
2 4 0.027821 0.279290 0.545841 0.000547 0.146502
1 4 0.064962 0.474931 0.327168 0.000281 0.132658
2 4 0.019923 0.318302 0.563158 0.000199 0.098418
2 2 0.017505 0.306280 0.580851 0.000176 0.095188
2 2 0.013992 0.310738 0.560815 0.000076 0.114379
2 2 0.012816 0.281687 0.628605 0.000140 0.076753
2 2 0.017580 0.349392 0.529667 0.000088 0.103273
2 2 0.006972 0.209841 0.697067 0.000089 0.086032
2 2 0.005651 0.189919 0.727862 0.000084 0.076483
2 2 0.012777 0.222935 0.669029 0.000755 0.094504
2 2 0.008254 0.160922 0.777106 0.004926 0.048791
2 2 0.009726 0.179612 0.737962 0.008167 0.064533
2 2 0.008319 0.159570 0.766850 0.002999 0.062261
2 2 0.005362 0.143873 0.797752 0.006767 0.046246
2 2 0.009554 0.175567 0.748629 0.005799 0.060452
2 2 0.064005 0.188902 0.610704 0.092671 0.043717
2 2 0.042072 0.197269 0.640128 0.072179 0.048352
2 2 0.032266 0.175485 0.718108 0.042143 0.031998
2 2 0.032710 0.121983 0.781643 0.049177 0.014487
2 2 0.069467 0.164668 0.678989 0.063599 0.023277
2 2 0.084872 0.184276 0.631081 0.083488 0.016284
2 2 0.063310 0.127910 0.556310 0.232071 0.020400
2 3 0.088142 0.216913 0.475669 0.178580 0.040696
2 3 0.056705 0.156790 0.507410 0.242513 0.036581
2 3 0.084839 0.162183 0.590119 0.144809 0.018050
2 3 0.082462 0.172332 0.523231 0.197880 0.024094
2 3 0.050248 0.153068 0.578417 0.201025 0.017241
2 3 0.066224 0.099242 0.449245 0.367567 0.017721
2 3 0.033377 0.072864 0.460646 0.417758 0.015354
2 3 0.032855 0.090037 0.500442 0.358548 0.018118
2 3 0.116301 0.192867 0.358347 0.282385 0.050100
2 3 0.109337 0.215879 0.399462 0.216512 0.058809
3 0 0.151152 0.177757 0.209721 0.383152 0.078218
0 1 0.824581 0.102920 0.044532 0.018336 0.009631
0 1 0.597876 0.232469 0.129262 0.021011 0.019381
0 0 0.805954 0.106516 0.032428 0.020474 0.034627
0 0 0.940844 0.032510 0.010382 0.012548 0.003715
0 0 0.923349 0.042797 0.013525 0.014180 0.006149
0 0 0.915474 0.047374 0.014913 0.014823 0.007417
0 0 0.927368 0.040447 0.012810 0.013832 0.005542
0 0 0.947519 0.028552 0.009163 0.011833 0.002933
0 0 0.842414 0.087807 0.026960 0.019094 0.023724
0 0 0.875405 0.070025 0.021704 0.017473 0.015393
0 0 0.901396 0.055457 0.017350 0.015861 0.009936
0 0 0.877439 0.068903 0.021370 0.017359 0.014930
0 0 0.832128 0.093186 0.028538 0.019523 0.026625
0 0 0.866399 0.074959 0.023168 0.017957 0.017516
0 0 0.876659 0.069334 0.021498 0.017403 0.015107
0 0 0.878318 0.068417 0.021225 0.017309 0.014731
0 0 0.909670 0.050722 0.015924 0.015267 0.008416
0 0 0.956251 0.023361 0.007553 0.010797 0.002038
0 0 0.932568 0.037395 0.011879 0.013359 0.004799
0 0 0.952855 0.025381 0.008181 0.011215 0.002368
0 1 0.924714 0.042000 0.013283 0.014064 0.005940
0 1 0.962893 0.019415 0.006320 0.009914 0.001458
0 1 0.932831 0.037240 0.011832 0.013335 0.004763
0 1 0.940756 0.032562 0.010398 0.012557 0.003726
0 1 0.905047 0.053374 0.016723 0.015604 0.009252
0 1 0.948320 0.028077 0.009016 0.011743 0.002845
0 1 0.963996 0.018761 0.006115 0.009758 0.001371
0 0 0.890537 0.061602 0.019192 0.016577 0.012092
0 0 0.952053 0.025858 0.008329 0.011311 0.002450
0 0 0.920304 0.044571 0.014063 0.014435 0.006627
0 1 0.905317 0.053220 0.016677 0.015585 0.009202
0 1 0.955870 0.023588 0.007624 0.010845 0.002074
0 0 0.856250 0.080448 0.024792 0.018464 0.020046
0 0 0.903227 0.054414 0.017036 0.015733 0.009590
0 0 0.944320 0.030451 0.009748 0.012183 0.003298
0 1 0.889571 0.062145 0.019354 0.016637 0.012292
0 1 0.874368 0.070596 0.021873 0.017531 0.015632
0 1 0.944524 0.030330 0.009711 0.012161 0.003274
0 1 0.930426 0.038654 0.012263 0.013557 0.005100
0 1 0.931955 0.038015 0.012064 0.013017 0.004948
0 1 0.927620 0.040300 0.012765 0.013810 0.005505
0 1 0.931306 0.038137 0.012106 0.013476 0.004975
0 0 0.907695 0.051856 0.016266 0.015413 0.008769
0 1 0.938692 0.033783 0.010773 0.012766 0.003985
0 0 0.815780 0.101572 0.030989 0.020139 0.031520
0 0 0.906811 0.052364 0.016419 0.015477 0.008929
0 4 0.906294 0.052660 0.016508 0.015515 0.009023
0 4 0.953580 0.024950 0.008047 0.011127 0.002296
0 4 0.956055 0.023478 0.007589 0.010822 0.002056
0 4 0.918136 0.045831 0.014445 0.014612 0.006976
0 4 0.930036 0.038883 0.012333 0.013593 0.005155
0 4 0.943413 0.030989 0.009914 0.012280 0.003404
0 0 0.951648 0.026099 0.008404 0.011359 0.002491
0 0 0.951220 0.026353 0.008482 0.011409 0.002535
0 1 0.958335 0.022122 0.007167 0.010530 0.001846
0 0 0.967227 0.016848 0.005513 0.009283 0.001129
0 4 0.949553 0.027344 0.008789 0.011603 0.002711
0 1 0.959647 0.021342 0.006924 0.010357 0.001730
0 1 0.950427 0.026825 0.008628 0.011502 0.002618
0 1 0.958567 0.021984 0.007124 0.010500 0.001825
0 0 0.967380 0.016757 0.005485 0.009260 0.001118
0 1 0.956090 0.023457 0.007583 0.010817 0.002053
0 1 0.955463 0.023830 0.007699 0.010896 0.002112
0 1 0.958311 0.022136 0.007171 0.010533 0.001848
0 0 0.962819 0.019459 0.006334 0.009925 0.001464
0 1 0.938718 0.033768 0.010768 0.012764 0.003982
0 1 0.952404 0.025649 0.008264 0.011269 0.002414
0 1 0.941591 0.032068 0.010246 0.012471 0.003624
0 0 0.887566 0.065432 0.020281 0.013151 0.013571
0 0 0.926861 0.040744 0.012900 0.013877 0.005617
0 1 0.894271 0.065011 0.020025 0.007182 0.013510
0 1 0.932076 0.037684 0.011967 0.013405 0.004867
0 0 0.864565 0.075957 0.023463 0.018052 0.017963
0 0 0.930656 0.038519 0.012222 0.013536 0.005067
0 1 0.928553 0.039753 0.012599 0.013727 0.005369
0 1 0.912485 0.049101 0.015435 0.015055 0.007925
0 4 0.922379 0.043362 0.013697 0.014262 0.006299
0 0 0.916056 0.047036 0.014811 0.014778 0.007319
0 0 0.942033 0.031806 0.010166 0.012425 0.003570
0 1 0.932073 0.037686 0.011968 0.013405 0.004868
0 0 0.924896 0.041894 0.013250 0.014048 0.005912
0 0 0.804813 0.107085 0.032594 0.020512 0.034996
0 0 0.892408 0.060550 0.018877 0.016458 0.011708
0 0 0.883096 0.065764 0.020435 0.017031 0.013673
0 0 0.924836 0.041929 0.013261 0.014053 0.005921
0 0 0.906567 0.052503 0.016461 0.015495 0.008973
0 0 0.931415 0.038073 0.012086 0.013466 0.004960
0 0 0.750427 0.133099 0.040099 0.021957 0.054418
0 0 0.664714 0.169612 0.050441 0.023162 0.092070
0 0 0.810987 0.103993 0.031694 0.020306 0.033021
0 0 0.786514 0.116085 0.035203 0.021069 0.041130
0 0 0.814983 0.101976 0.031106 0.020167 0.031768
0 0 0.876681 0.069321 0.021494 0.017402 0.015102
0 0 0.825404 0.096660 0.029555 0.019785 0.028597
0 0 0.870214 0.072876 0.022550 0.017756 0.016603
0 0 0.783416 0.117583 0.035636 0.021156 0.042209
0 0 0.820152 0.099349 0.030340 0.019981 0.030177
0 0 0.897895 0.057448 0.017948 0.016099 0.010611
0 0 0.838667 0.089776 0.027538 0.019254 0.024765
0 0 0.918331 0.045718 0.014411 0.014596 0.006945
0 0 0.880228 0.067359 0.020910 0.017199 0.014304
0 0 0.870651 0.072637 0.022479 0.017733 0.016499
0 0 0.904498 0.053688 0.016818 0.015643 0.009353
0 0 0.887281 0.063429 0.019738 0.016779 0.012774
0 0 0.878907 0.068090 0.021128 0.017275 0.014599
0 0 0.850553 0.083496 0.025691 0.018732 0.021529
0 0 0.914340 0.048030 0.015111 0.014912 0.007608
0 0 0.870870 0.072517 0.022444 0.017721 0.016448
0 0 0.939382 0.033375 0.010648 0.012697 0.003898
0 0 0.932380 0.037505 0.011913 0.013377 0.004825
0 0 0.923955 0.042443 0.013417 0.014129 0.006056
0 0 0.913518 0.048504 0.015255 0.014976 0.007747
0 0 0.932422 0.037481 0.011905 0.013373 0.004819
0 0 0.905662 0.053022 0.016617 0.015560 0.009139
0 0 0.923911 0.042469 0.013425 0.014133 0.006062
0 0 0.934262 0.036397 0.011574 0.013199 0.004567
0 0 0.843760 0.087098 0.026751 0.019036 0.023355
0 0 0.895025 0.059072 0.018435 0.016289 0.011179
0 1 0.935022 0.035950 0.011437 0.013127 0.004465
0 1 0.935172 0.035861 0.011410 0.013112 0.004445
0 1 0.944006 0.030637 0.009806 0.012217 0.003334
0 1 0.925417 0.041589 0.013158 0.014003 0.005833
0 1 0.929002 0.039489 0.012518 0.013686 0.005304
0 1 0.925086 0.041783 0.013217 0.014032 0.005883
0 1 0.912098 0.049324 0.015502 0.015085 0.007991
0 1 0.955060 0.024069 0.007773 0.010946 0.002151
0 1 0.939039 0.033578 0.010710 0.012732 0.003941
0 1 0.952574 0.025548 0.008233 0.011249 0.002397
0 1 0.941121 0.032346 0.010332 0.012520 0.003681
0 1 0.943844 0.030733 0.009835 0.012234 0.003353
0 0 0.923101 0.042941 0.013569 0.014201 0.006187
0 0 0.945476 0.029765 0.009537 0.012058 0.003164
0 0 0.808710 0.105136 0.032027 0.020383 0.033743
0 1 0.876396 0.069479 0.021541 0.017418 0.015167
0 1 0.903897 0.054031 0.016921 0.015686 0.009465
0 0 0.889955 0.061929 0.019290 0.016613 0.012213
0 1 0.922307 0.043405 0.013709 0.014268 0.006311
0 1 0.924315 0.042233 0.013353 0.014098 0.006001
