0 0 0.725657 0.174436 0.023503 0.000117 0.076287
0 0 0.722944 0.171702 0.031888 0.000602 0.072863
0 0 0.782198 0.140987 0.028920 0.000830 0.047064
0 0 0.920190 0.056250 0.012546 0.002811 0.008203
0 0 0.943757 0.042215 0.008009 0.001180 0.004838
0 0 0.942507 0.045288 0.006328 0.000260 0.005618
0 0 0.938774 0.048410 0.006452 0.000135 0.006228
0 0 0.949050 0.039967 0.006311 0.000334 0.004338
0 0 0.911809 0.066943 0.009632 0.000214 0.011402
0 0 0.895826 0.078326 0.010659 0.000111 0.015079
0 0 0.931464 0.049827 0.010589 0.001667 0.006453
0 0 0.942080 0.044964 0.007027 0.000436 0.005492
0 0 0.928640 0.054941 0.008323 0.000266 0.007831
0 0 0.891214 0.080739 0.011780 0.000189 0.016077
0 1 0.726365 0.171273 0.030168 0.000387 0.071807
4 1 0.259611 0.282648 0.068435 0.000640 0.388666
4 1 0.322492 0.283708 0.067410 0.000579 0.325811
4 1 0.253133 0.277897 0.088093 0.002509 0.378368
4 1 0.283449 0.280950 0.068660 0.001063 0.365877
4 1 0.316583 0.286063 0.056426 0.000233 0.340696
4 1 0.254563 0.293165 0.041476 0.000014 0.410783
4 1 0.277557 0.292237 0.042243 0.000023 0.387940
4 1 0.230092 0.287111 0.059062 0.000104 0.423632
4 1 0.124356 0.258203 0.058999 0.000073 0.558369
4 1 0.274108 0.291166 0.047121 0.000043 0.387563
4 1 0.285614 0.292850 0.046545 0.000033 0.374958
4 1 0.114690 0.246913 0.125320 0.002830 0.510247
4 1 0.132066 0.254178 0.120960 0.003023 0.489772
4 4 0.096132 0.241064 0.106636 0.000794 0.555375
4 4 0.051405 0.198340 0.175789 0.004108 0.570357
4 4 0.222921 0.279860 0.072751 0.000638 0.423829
0 4 0.327883 0.281259 0.066573 0.000845 0.323440
0 4 0.392806 0.266206 0.087380 0.005260 0.248348
0 4 0.371237 0.271284 0.084415 0.003719 0.269345
4 4 0.289901 0.276249 0.092310 0.004246 0.337294
0 4 0.366543 0.278127 0.064891 0.000833 0.289606
0 4 0.411331 0.277491 0.053332 0.000189 0.257657
4 4 0.186492 0.275138 0.084795 0.000698 0.452877
4 4 0.226839 0.279735 0.074016 0.000756 0.418654
0 4 0.332910 0.283872 0.066823 0.000500 0.315895
4 4 0.054272 0.204430 0.115407 0.001030 0.624861
4 4 0.136763 0.260199 0.091255 0.000733 0.511050
4 4 0.056462 0.223309 0.176139 0.001908 0.542182
4 4 0.175228 0.272104 0.113512 0.001440 0.437716
4 4 0.272635 0.282421 0.086694 0.001325 0.356926
4 4 0.320833 0.289634 0.041832 0.000039 0.347662
0 4 0.579022 0.240064 0.020415 0.000005 0.160494
4 4 0.296228 0.290751 0.040006 0.000027 0.372988
0 4 0.569347 0.244025 0.022990 0.000006 0.163633
0 4 0.344275 0.292073 0.027770 0.000003 0.335880
4 4 0.037055 0.195753 0.153540 0.000898 0.612754
4 4 0.205677 0.284318 0.059050 0.000084 0.450871
4 4 0.056352 0.222031 0.166356 0.002060 0.553201
4 4 0.030191 0.189681 0.252701 0.005866 0.521561
4 4 0.023268 0.183950 0.184983 0.000681 0.607118
4 4 0.107624 0.241891 0.097958 0.001894 0.550632
4 4 0.148322 0.256977 0.101731 0.003670 0.489300
4 4 0.270386 0.288552 0.056549 0.000133 0.384380
4 4 0.154885 0.265060 0.074820 0.000549 0.504686
4 4 0.131581 0.251956 0.104597 0.003052 0.508813
4 4 0.141157 0.263431 0.063449 0.000154 0.531809
4 4 0.135932 0.257153 0.086211 0.000989 0.519715
4 4 0.149994 0.266772 0.066855 0.000194 0.516185
4 4 0.133243 0.261774 0.062404 0.000105 0.542474
4 4 0.142833 0.262224 0.065473 0.000246 0.529226
0 4 0.554689 0.238624 0.079010 0.001427 0.126249
4 4 0.159992 0.292635 0.134767 0.000674 0.411931
4 4 0.108795 0.253556 0.169294 0.003079 0.465275
2 4 0.073004 0.260297 0.473711 0.002412 0.190576
4 4 0.057492 0.240239 0.320332 0.003631 0.378307
0 4 0.647508 0.200784 0.051051 0.001350 0.099307
0 4 0.502645 0.252383 0.061305 0.000782 0.182885
0 4 0.682151 0.181963 0.053809 0.003038 0.079039
0 4 0.478179 0.244901 0.090269 0.008337 0.178315
0 4 0.637214 0.197443 0.066344 0.004372 0.094627
2 4 0.187301 0.209571 0.458854 0.057367 0.086907
2 4 0.098052 0.166603 0.631394 0.049948 0.054003
2 4 0.204238 0.203326 0.543314 0.013357 0.035765
2 4 0.009034 0.068740 0.884467 0.011527 0.026232
2 4 0.076383 0.194226 0.566278 0.032204 0.130909
0 4 0.357076 0.256448 0.239582 0.019409 0.127484
0 2 0.628494 0.173631 0.158251 0.012527 0.027098
0 2 0.619336 0.159079 0.139538 0.044057 0.037990
0 2 0.529614 0.211946 0.150928 0.027638 0.079873
0 2 0.574623 0.206695 0.157982 0.009694 0.051007
0 2 0.364353 0.251056 0.260920 0.018423 0.105249
2 2 0.080558 0.187006 0.653976 0.013898 0.064561
0 2 0.523371 0.199096 0.179050 0.031464 0.067019
2 2 0.097701 0.149137 0.609152 0.085068 0.058942
2 2 0.203819 0.211288 0.406548 0.072373 0.105973
2 2 0.112966 0.119766 0.630215 0.111762 0.025291
2 2 0.217916 0.214681 0.387359 0.080965 0.099079
0 2 0.440825 0.204766 0.232789 0.046352 0.075268
2 2 0.299659 0.181346 0.391275 0.084480 0.043240
2 2 0.058762 0.106694 0.700174 0.103501 0.030870
2 2 0.076405 0.063276 0.466169 0.382671 0.011479
3 2 0.008014 0.017365 0.456336 0.515439 0.002846
3 2 0.028085 0.035846 0.376803 0.551841 0.007426
2 2 0.119426 0.088225 0.409690 0.360347 0.022313
2 2 0.032322 0.042096 0.643302 0.277110 0.005170
2 2 0.018866 0.034825 0.499222 0.439536 0.007551
2 2 0.035626 0.075008 0.540240 0.314668 0.034457
2 2 0.039719 0.061627 0.483188 0.395307 0.020159
3 2 0.023584 0.037405 0.459575 0.470944 0.008493
2 2 0.031360 0.042417 0.559817 0.359311 0.007095
3 2 0.002630 0.006726 0.236651 0.752761 0.001232
3 2 0.001275 0.004607 0.292864 0.700556 0.000699
3 2 0.000226 0.001543 0.327118 0.670949 0.000165
3 2 0.000603 0.002632 0.393963 0.602602 0.000201
3 2 0.001044 0.003767 0.249644 0.744903 0.000642
3 2 0.005882 0.005663 0.105513 0.881999 0.000943
3 2 0.005786 0.007394 0.144398 0.840960 0.001463
3 2 0.014979 0.007467 0.061033 0.914838 0.001683
3 2 0.007700 0.006935 0.089622 0.894143 0.001600
3 2 0.004354 0.005012 0.080924 0.908596 0.001115
2 2 0.069429 0.090037 0.642342 0.177675 0.020517
2 2 0.159162 0.148662 0.517428 0.125889 0.048859
2 2 0.105945 0.217238 0.600636 0.012803 0.063378
2 2 0.036306 0.103186 0.752944 0.072664 0.034899
2 2 0.006628 0.021893 0.763435 0.204990 0.003053
2 2 0.035599 0.056753 0.597335 0.297972 0.012341
2 2 0.025745 0.055805 0.613808 0.288155 0.016488
2 2 0.012012 0.026570 0.592901 0.364069 0.004448
2 2 0.097110 0.098359 0.403587 0.359675 0.041268
2 2 0.061067 0.054783 0.567593 0.309191 0.007367
3 2 0.006764 0.017705 0.484987 0.487111 0.003432
3 2 0.002632 0.007901 0.439112 0.549539 0.000817
3 2 0.000782 0.003520 0.341737 0.653513 0.000448
3 2 0.001593 0.004375 0.204425 0.788838 0.000769
3 2 0.005878 0.009883 0.219409 0.762866 0.001964
3 2 0.009293 0.010488 0.182707 0.795496 0.002017
3 2 0.004358 0.006872 0.241671 0.746174 0.000925
3 2 0.012376 0.015368 0.184677 0.783225 0.004355
3 2 0.001808 0.005089 0.282913 0.709494 0.000697
3 2 0.001427 0.003792 0.171829 0.822093 0.000859
3 2 0.001582 0.003853 0.146116 0.847614 0.000834
3 2 0.007798 0.007825 0.136258 0.846635 0.001483
3 2 0.005495 0.008188 0.225411 0.759716 0.001190
3 2 0.019675 0.014929 0.119553 0.841867 0.003977
3 2 0.006471 0.007157 0.133981 0.851136 0.001255
3 2 0.006251 0.004751 0.056517 0.931236 0.001245
3 2 0.009942 0.007492 0.086970 0.894066 0.001530
3 2 0.029071 0.009861 0.047203 0.911506 0.002360
3 2 0.022371 0.013372 0.082055 0.878453 0.003749
3 2 0.020585 0.006295 0.048874 0.923284 0.000962
3 2 0.003098 0.002526 0.055521 0.938474 0.000381
3 2 0.009119 0.003095 0.028143 0.959141 0.000502
3 2 0.014666 0.003962 0.025391 0.955261 0.000720
3 2 0.006803 0.002995 0.022203 0.967169 0.000831
3 3 0.015130 0.004406 0.026539 0.952984 0.000941
3 3 0.203570 0.058830 0.116022 0.601660 0.019919
0 2 0.620769 0.109759 0.148318 0.102068 0.019086
0 2 0.718357 0.164908 0.072641 0.003878 0.040216
0 1 0.712392 0.177473 0.051466 0.001705 0.056964
0 1 0.412339 0.263843 0.240780 0.010776 0.072262
2 1 0.090442 0.220926 0.526942 0.023115 0.138575
2 1 0.231500 0.277578 0.341839 0.007937 0.141145
2 1 0.161313 0.222198 0.487810 0.018279 0.110401
2 1 0.142821 0.238282 0.506118 0.011688 0.101091
0 1 0.398698 0.269108 0.188335 0.006987 0.136872
2 1 0.085314 0.200307 0.561700 0.024919 0.127759
2 1 0.042639 0.107525 0.753456 0.057673 0.038707
2 1 0.040491 0.121833 0.737619 0.047607 0.052450
2 1 0.009100 0.030137 0.931411 0.026553 0.002799
2 1 0.060455 0.157017 0.623396 0.061035 0.098098
0 1 0.409832 0.260428 0.182678 0.008660 0.138403
2 1 0.176347 0.283258 0.341685 0.006989 0.191721
2 1 0.106197 0.190588 0.596538 0.027671 0.079006
2 1 0.128562 0.187100 0.589059 0.034420 0.060860
2 1 0.072120 0.150120 0.709130 0.022533 0.046097
2 1 0.165853 0.206756 0.516344 0.028158 0.082888
2 1 0.338389 0.191862 0.417893 0.018254 0.033603
2 1 0.269020 0.284640 0.289866 0.008565 0.147909
0 1 0.330950 0.266850 0.231003 0.013304 0.157894
2 1 0.179483 0.225703 0.490056 0.020324 0.084434
0 1 0.419603 0.266066 0.187395 0.007110 0.119825
0 1 0.530893 0.232092 0.117835 0.004628 0.114552
1 1 0.201758 0.330980 0.243262 0.001521 0.222478
2 1 0.245471 0.265434 0.375642 0.006350 0.107103
0 1 0.355353 0.237565 0.325075 0.016504 0.065504
0 1 0.475590 0.257162 0.123219 0.003696 0.140332
0 1 0.606911 0.222284 0.042988 0.000305 0.127512
0 0 0.764919 0.149505 0.032052 0.000880 0.052644
0 0 0.720915 0.176277 0.026848 0.000146 0.075814
0 0 0.525918 0.250903 0.065726 0.001020 0.156432
0 0 0.883122 0.086617 0.011863 0.000116 0.018283
0 0 0.844533 0.113501 0.011614 0.000014 0.030338
0 0 0.944248 0.043227 0.006970 0.000477 0.005078
0 0 0.875778 0.092460 0.010937 0.000049 0.020775
0 0 0.935038 0.051009 0.007102 0.000124 0.006727
0 0 0.946175 0.042614 0.006043 0.000220 0.004948
0 0 0.942939 0.044474 0.006961 0.000331 0.005296
0 0 0.949177 0.040343 0.005792 0.000226 0.004462
0 0 0.940103 0.045393 0.008015 0.000904 0.005585
0 0 0.960824 0.030011 0.005770 0.000868 0.002529
0 0 0.956384 0.033520 0.006045 0.000883 0.003168
0 0 0.940654 0.043174 0.009146 0.002018 0.005008
0 0 0.963124 0.025584 0.005571 0.003752 0.001969
0 0 0.962305 0.027921 0.005527 0.001949 0.002297
0 0 0.958476 0.031652 0.005545 0.001374 0.002954
0 0 0.953258 0.036178 0.006310 0.000635 0.003619
0 0 0.951851 0.038861 0.005059 0.000104 0.004125
0 0 0.938710 0.047992 0.007096 0.000184 0.006017
0 0 0.915947 0.065024 0.008092 0.000095 0.010842
0 0 0.915072 0.064312 0.010256 0.000198 0.010163
0 0 0.953718 0.035803 0.006161 0.000724 0.003593
0 0 0.935717 0.044461 0.010669 0.003888 0.005265
0 0 0.954956 0.035414 0.005557 0.000509 0.003564
0 0 0.911023 0.067797 0.009243 0.000175 0.011762
0 0 0.933816 0.050660 0.008117 0.000535 0.006871
0 0 0.969863 0.024353 0.003489 0.000453 0.001843
0 0 0.975468 0.020577 0.002371 0.000190 0.001394
0 0 0.974202 0.020544 0.002991 0.000867 0.001395
0 0 0.976169 0.019991 0.002309 0.000204 0.001327
0 0 0.970155 0.024405 0.003209 0.000352 0.001879
0 0 0.962035 0.028959 0.005122 0.001381 0.002503
0 0 0.962219 0.030448 0.004274 0.000322 0.002737
0 0 0.937060 0.049917 0.006078 0.000138 0.006808
0 0 0.913662 0.066123 0.008554 0.000188 0.011473
0 0 0.945590 0.040131 0.008373 0.001571 0.004335
0 0 0.929267 0.051398 0.010365 0.001947 0.007022
0 0 0.929539 0.052936 0.009340 0.000803 0.007382
0 0 0.865955 0.096351 0.014829 0.000260 0.022604
0 0 0.669499 0.198984 0.030284 0.000166 0.101067
0 0 0.578990 0.232896 0.040250 0.000228 0.147636
0 0 0.355082 0.292802 0.038762 0.000012 0.313342
4 1 0.246925 0.290500 0.045545 0.000029 0.417002
4 1 0.259852 0.287847 0.049657 0.000081 0.402562
4 1 0.123020 0.249219 0.084424 0.001345 0.541991
4 1 0.097636 0.237215 0.072099 0.000489 0.592561
4 1 0.165106 0.278006 0.025773 0.000001 0.531114
4 1 0.104430 0.245447 0.055427 0.000075 0.594621
4 1 0.169454 0.276167 0.041102 0.000014 0.513263
4 1 0.111189 0.245192 0.070262 0.000462 0.572896
4 1 0.099777 0.242193 0.067958 0.000195 0.589878
0 1 0.397474 0.279260 0.053860 0.000205 0.269201
0 1 0.447989 0.279187 0.028147 0.000004 0.244673
0 1 0.486848 0.264107 0.039875 0.000063 0.209106
0 1 0.326483 0.284690 0.062354 0.000381 0.326091
0 1 0.333016 0.283988 0.063611 0.000432 0.318954
4 1 0.305432 0.291529 0.045608 0.000040 0.357391
4 1 0.172211 0.270775 0.102431 0.001263 0.453320
4 1 0.324004 0.292811 0.048326 0.000037 0.334821
4 1 0.287505 0.294022 0.045396 0.000024 0.373053
4 1 0.179483 0.276590 0.075944 0.000282 0.467701
4 1 0.068610 0.219491 0.055065 0.000052 0.656781
4 1 0.122108 0.257129 0.050257 0.000035 0.570470
4 1 0.065569 0.217736 0.041124 0.000010 0.675562
4 1 0.064948 0.217118 0.041534 0.000010 0.676390
4 1 0.049519 0.199230 0.103569 0.000656 0.647026
4 1 0.124972 0.257452 0.083505 0.000357 0.533713
4 1 0.195992 0.279220 0.059256 0.000145 0.465387
4 1 0.070829 0.227375 0.068089 0.000092 0.633615
4 1 0.133807 0.266978 0.036498 0.000004 0.562713
4 1 0.051166 0.204600 0.126211 0.000598 0.617424
4 1 0.162308 0.275946 0.044595 0.000014 0.517137
4 1 0.166219 0.273205 0.073876 0.000240 0.486460
4 1 0.070717 0.222242 0.085677 0.000314 0.621050
4 1 0.087053 0.237196 0.045218 0.000014 0.630519
4 1 0.086580 0.253712 0.060863 0.000027 0.598818
4 1 0.129331 0.269856 0.046143 0.000007 0.554664
0 1 0.472704 0.269215 0.042116 0.000048 0.215917
4 1 0.066040 0.238929 0.089267 0.000098 0.605665
4 1 0.048225 0.205892 0.222054 0.004295 0.519534
4 1 0.094576 0.241023 0.124692 0.000980 0.538729
4 1 0.236501 0.285353 0.063736 0.000215 0.414195
4 1 0.301548 0.289368 0.061142 0.000170 0.347771
4 1 0.284871 0.283348 0.079904 0.001009 0.350868
4 1 0.270488 0.286258 0.067082 0.000354 0.375818
4 1 0.237912 0.280557 0.123971 0.001985 0.355575
0 1 0.667825 0.180805 0.070381 0.006080 0.074909
0 1 0.669704 0.197903 0.034212 0.000250 0.097931
0 1 0.443389 0.279866 0.120955 0.001850 0.153940
0 0 0.870590 0.091805 0.016293 0.000651 0.020661
0 0 0.803554 0.131954 0.021822 0.000398 0.042271
0 1 0.569097 0.239262 0.036726 0.000082 0.154833
0 1 0.707859 0.177359 0.037688 0.000814 0.076281
0 1 0.607295 0.222039 0.042678 0.000314 0.127673
0 0 0.925568 0.057442 0.008183 0.000216 0.008591
0 0 0.897896 0.076244 0.011307 0.000194 0.014359
0 0 0.917393 0.060135 0.012736 0.000884 0.008852
0 0 0.928966 0.054640 0.008182 0.000332 0.007880
0 0 0.931249 0.053389 0.007580 0.000238 0.007544
0 0 0.950066 0.039552 0.005930 0.000220 0.004232
0 0 0.953388 0.035953 0.006191 0.000823 0.003646
0 0 0.948020 0.041161 0.005886 0.000260 0.004673
0 0 0.939607 0.046146 0.008038 0.000572 0.005637
0 0 0.964307 0.028335 0.004479 0.000514 0.002365
0 0 0.902548 0.070626 0.012865 0.001153 0.012808
0 0 0.953058 0.034565 0.007259 0.001805 0.003313
0 0 0.955210 0.034805 0.005819 0.000721 0.003444
0 0 0.941611 0.046125 0.006308 0.000195 0.005761
0 0 0.941108 0.046026 0.006815 0.000315 0.005736
0 0 0.952726 0.036425 0.006350 0.000789 0.003710
0 0 0.940473 0.045762 0.007707 0.000491 0.005567
0 0 0.944882 0.042483 0.007158 0.000579 0.004897
0 0 0.949357 0.039647 0.006340 0.000374 0.004283
0 0 0.885211 0.085775 0.010975 0.000078 0.017961
0 0 0.928902 0.054057 0.008921 0.000487 0.007634
0 0 0.918709 0.059887 0.011406 0.000889 0.009109
0 0 0.947455 0.040693 0.006811 0.000531 0.004511
0 0 0.930411 0.054050 0.007709 0.000199 0.007631
0 0 0.952996 0.037732 0.005156 0.000169 0.003947
0 0 0.937563 0.048807 0.007098 0.000222 0.006309
0 0 0.912557 0.066843 0.009528 0.000106 0.010966
0 0 0.943653 0.043647 0.007121 0.000449 0.005130
0 0 0.929816 0.054064 0.008215 0.000284 0.007621
0 0 0.909713 0.068239 0.010112 0.000218 0.011717
0 0 0.884136 0.085473 0.012230 0.000177 0.017984
0 0 0.920687 0.061347 0.008294 0.000117 0.009555
0 0 0.901863 0.073156 0.011173 0.000311 0.013496
0 0 0.753164 0.160984 0.022950 0.000118 0.062785
0 0 0.741913 0.166000 0.025515 0.000154 0.066419
0 0 0.878457 0.088010 0.014572 0.000302 0.018659
0 0 0.896177 0.075253 0.013825 0.000721 0.014024
0 0 0.954235 0.036078 0.005633 0.000406 0.003647
0 0 0.946072 0.042142 0.006535 0.000393 0.004857
0 0 0.936918 0.049405 0.006956 0.000212 0.006509
0 0 0.934917 0.051104 0.006943 0.000151 0.006884
0 0 0.948368 0.041175 0.005611 0.000184 0.004662
0 0 0.759058 0.159824 0.021010 0.000045 0.060062
0 0 0.933225 0.052197 0.007358 0.000151 0.007069
0 0 0.920064 0.061675 0.008597 0.000116 0.009548
0 0 0.946512 0.042316 0.006149 0.000202 0.004822
0 0 0.917951 0.062555 0.009144 0.000259 0.010091
0 0 0.715758 0.178924 0.027030 0.000133 0.078156
0 0 0.639163 0.212969 0.032249 0.000098 0.115521
0 1 0.549439 0.243441 0.043747 0.000190 0.163183
0 1 0.465978 0.263446 0.060571 0.000503 0.209501
4 1 0.302352 0.283399 0.106765 0.001386 0.306098
4 1 0.197757 0.267311 0.206594 0.010130 0.318209
4 1 0.170002 0.281274 0.250023 0.007153 0.291549
1 1 0.189204 0.323595 0.195090 0.001083 0.291028
4 1 0.268111 0.276562 0.131896 0.004518 0.318913
0 1 0.635358 0.208549 0.045749 0.000700 0.109644
2 1 0.037786 0.263867 0.395435 0.000531 0.302381
2 1 0.029535 0.223257 0.473032 0.000998 0.273178
2 1 0.029582 0.193062 0.660755 0.001406 0.115195
2 1 0.012113 0.114608 0.793709 0.003842 0.075728
2 1 0.018024 0.158211 0.703853 0.004330 0.115582
2 1 0.009952 0.065365 0.872860 0.025418 0.026405
2 1 0.011665 0.076825 0.854230 0.023760 0.033519
2 1 0.022069 0.141425 0.721010 0.012537 0.102959
2 1 0.008836 0.047546 0.905702 0.027176 0.010740
2 1 0.006379 0.037002 0.835372 0.109362 0.011885
2 1 0.052185 0.136259 0.679019 0.062237 0.070301
2 1 0.142788 0.185347 0.571968 0.033933 0.065964
0 1 0.418121 0.263080 0.179255 0.005767 0.133777
0 1 0.847341 0.102766 0.035086 0.001709 0.013098
1 1 0.219460 0.369321 0.224852 0.000311 0.186056
2 1 0.008178 0.075093 0.817269 0.046110 0.053350
2 1 0.000837 0.009642 0.961847 0.026732 0.000942
2 1 0.001700 0.014095 0.899380 0.082628 0.002196
2 1 0.029101 0.094308 0.769495 0.073823 0.033273
2 1 0.002446 0.023524 0.913043 0.054701 0.006287
2 1 0.018238 0.071200 0.811915 0.072776 0.025872
2 1 0.026962 0.100207 0.750192 0.083411 0.039227
2 1 0.000668 0.007452 0.921566 0.069514 0.000799
2 1 0.002619 0.013120 0.910703 0.072523 0.001036
2 1 0.005488 0.041266 0.876455 0.062224 0.014567
2 1 0.158961 0.248834 0.501180 0.010679 0.080345
2 1 0.013257 0.050846 0.788833 0.133045 0.014019
2 1 0.003046 0.017085 0.870482 0.107236 0.002152
2 1 0.004168 0.030017 0.790295 0.164252 0.011268
2 1 0.014532 0.037506 0.738766 0.201879 0.007317
2 1 0.024344 0.090289 0.813126 0.040573 0.031667
2 1 0.104307 0.171285 0.575555 0.074315 0.074539
2 1 0.130857 0.228134 0.506239 0.011289 0.123482
0 1 0.823774 0.117569 0.033019 0.001574 0.024064
2 1 0.302161 0.272306 0.318921 0.011015 0.095597
2 1 0.116669 0.269285 0.449890 0.005292 0.158865
2 1 0.058713 0.212159 0.596337 0.006063 0.126728
2 1 0.045808 0.168036 0.679494 0.014477 0.092185
2 1 0.054784 0.251010 0.528268 0.001536 0.164402
2 1 0.050396 0.167801 0.708999 0.007946 0.064858
2 1 0.172808 0.278174 0.390977 0.009623 0.148418
1 1 0.248732 0.291917 0.241033 0.007902 0.210416
0 1 0.544953 0.242256 0.122675 0.003580 0.086536
2 1 0.196645 0.284592 0.298493 0.010216 0.210054
0 1 0.340259 0.280180 0.241967 0.006015 0.131579
0 1 0.333447 0.271557 0.139154 0.004903 0.250939
0 1 0.352729 0.288830 0.174977 0.003833 0.179630
0 1 0.457906 0.291225 0.087371 0.000839 0.162659
0 1 0.523403 0.247013 0.069490 0.001145 0.158949
0 1 0.433389 0.264416 0.115844 0.003554 0.182798
0 1 0.673522 0.193185 0.039627 0.000682 0.092984
0 1 0.757322 0.159077 0.022394 0.000107 0.061099
0 1 0.601334 0.221901 0.047924 0.000619 0.128222
0 1 0.940837 0.044136 0.008865 0.001046 0.005116
0 0 0.919668 0.060295 0.010631 0.000380 0.009026
0 0 0.950273 0.038775 0.006299 0.000498 0.004155
0 0 0.950202 0.037280 0.007244 0.001418 0.003856
0 0 0.968322 0.025048 0.004095 0.000645 0.001891
0 0 0.950277 0.036236 0.007514 0.002294 0.003679
0 0 0.963751 0.028136 0.005032 0.000790 0.002292
0 0 0.956039 0.033062 0.006431 0.001380 0.003087
0 0 0.949082 0.039008 0.006950 0.000785 0.004175
0 0 0.926961 0.055500 0.009145 0.000428 0.007965
0 0 0.949806 0.038324 0.006888 0.000917 0.004065
0 0 0.934912 0.050084 0.007796 0.000466 0.006742
0 0 0.959209 0.032178 0.005192 0.000472 0.002949
0 0 0.953728 0.037710 0.004556 0.000075 0.003931
0 0 0.929070 0.056051 0.007105 0.000037 0.007737
0 0 0.868041 0.098984 0.009300 0.000012 0.023663
0 0 0.731045 0.176842 0.017006 0.000008 0.075099
4 1 0.229638 0.289991 0.042096 0.000015 0.438260
4 1 0.246528 0.290327 0.047144 0.000034 0.415967
4 1 0.220203 0.284391 0.072441 0.000264 0.422701
4 1 0.241654 0.290364 0.058858 0.000074 0.409050
4 1 0.143093 0.263797 0.070792 0.000256 0.522062
4 1 0.177634 0.280352 0.038977 0.000008 0.503029
4 1 0.072415 0.223813 0.040892 0.000010 0.662870
4 1 0.066090 0.215264 0.055033 0.000075 0.663538
4 1 0.040833 0.183904 0.039569 0.000017 0.735677
4 4 0.043161 0.184591 0.082610 0.001040 0.688597
4 4 0.247968 0.284943 0.051436 0.000129 0.415523
4 4 0.185984 0.273192 0.084636 0.000949 0.455239
4 4 0.242071 0.291388 0.038425 0.000010 0.428106
4 4 0.255383 0.285530 0.070260 0.000393 0.388433
4 4 0.202802 0.278873 0.064309 0.000272 0.453745
4 4 0.112208 0.243367 0.133753 0.004465 0.506207
4 4 0.105153 0.241702 0.099241 0.001561 0.552342
4 4 0.137905 0.254046 0.101608 0.003100 0.503341
4 4 0.122844 0.254005 0.079539 0.000452 0.543160
4 4 0.064201 0.228560 0.144840 0.001069 0.561331
4 4 0.116585 0.252667 0.065694 0.000153 0.564902
4 4 0.281336 0.291174 0.057850 0.000098 0.369542
4 4 0.188133 0.272878 0.085592 0.001127 0.452270
4 4 0.193104 0.271365 0.090357 0.002024 0.443150
4 4 0.182319 0.264847 0.102043 0.005100 0.445692
4 4 0.312134 0.279041 0.089272 0.002387 0.317166
4 4 0.190055 0.277607 0.085756 0.000553 0.446030
4 4 0.065166 0.211305 0.163857 0.007028 0.552644
4 4 0.094790 0.232995 0.131848 0.004712 0.535656
4 4 0.145722 0.249865 0.147067 0.014386 0.442959
4 4 0.294250 0.280943 0.084683 0.001721 0.338404
4 4 0.254293 0.280363 0.075737 0.001191 0.388417
4 4 0.267193 0.284861 0.071405 0.000529 0.376013
4 4 0.203686 0.285084 0.044446 0.000020 0.466763
0 4 0.408545 0.285865 0.029785 0.000005 0.275801
0 4 0.337614 0.279688 0.070175 0.001150 0.311372
0 4 0.363645 0.283378 0.055854 0.000219 0.296904
0 4 0.370502 0.273745 0.076193 0.002264 0.277297
0 4 0.401623 0.276718 0.062018 0.000419 0.259222
4 4 0.294235 0.281881 0.085814 0.001491 0.336578
4 4 0.138202 0.266582 0.047728 0.000020 0.547468
4 4 0.119940 0.258748 0.049475 0.000020 0.571817
4 4 0.116500 0.262477 0.063112 0.000046 0.557865
4 4 0.046838 0.223701 0.092189 0.000070 0.637202
4 4 0.017595 0.172013 0.328922 0.003049 0.478421
4 4 0.160233 0.262641 0.138681 0.004494 0.433951
4 4 0.142187 0.272198 0.131130 0.001643 0.452842
4 4 0.201372 0.278573 0.087026 0.000716 0.432313
4 4 0.095066 0.238341 0.128587 0.002261 0.535745
4 4 0.084402 0.231717 0.104712 0.000910 0.578259
4 4 0.235411 0.277645 0.091678 0.002187 0.393079
4 4 0.264585 0.279480 0.098216 0.002513 0.355206
4 4 0.177538 0.270704 0.086350 0.001074 0.464334
4 4 0.142661 0.251451 0.102867 0.006526 0.496495
4 4 0.153293 0.258423 0.110044 0.004476 0.473764
0 4 0.507210 0.258258 0.047920 0.000112 0.186499
4 4 0.297337 0.295813 0.044935 0.000017 0.361897
0 4 0.340849 0.292585 0.040422 0.000017 0.326128
4 4 0.248579 0.288648 0.052624 0.000074 0.410074
4 4 0.171059 0.281380 0.051062 0.000017 0.496482
2 4 0.130313 0.287980 0.332867 0.004863 0.243977
4 4 0.087830 0.284829 0.228611 0.000918 0.397811
4 4 0.080726 0.269763 0.318126 0.002275 0.329110
2 4 0.031990 0.217033 0.473594 0.002611 0.274772
2 4 0.032566 0.203195 0.564773 0.001819 0.197648
2 4 0.057047 0.222915 0.584799 0.002609 0.132630
2 4 0.050429 0.229615 0.472438 0.002114 0.245404
2 4 0.059113 0.215745 0.561034 0.005295 0.158812
4 4 0.065409 0.282639 0.303699 0.000578 0.347676
0 4 0.364256 0.318018 0.135197 0.000433 0.182096
0 4 0.399848 0.301967 0.087927 0.000639 0.209618
0 4 0.351724 0.275724 0.100616 0.002669 0.269267
0 4 0.376894 0.287649 0.094190 0.001771 0.239497
1 4 0.259178 0.303232 0.144442 0.001545 0.291603
4 4 0.108482 0.282738 0.298897 0.002563 0.307319
0 4 0.909716 0.064764 0.014147 0.001151 0.010223
0 4 0.953982 0.036290 0.005684 0.000376 0.003667
0 4 0.892435 0.078824 0.012942 0.000402 0.015397
0 4 0.916419 0.064490 0.008302 0.000117 0.010672
0 4 0.946798 0.041797 0.006330 0.000313 0.004762
0 4 0.796760 0.135347 0.023843 0.000407 0.043644
0 4 0.793086 0.138556 0.021925 0.000251 0.046182
0 4 0.601190 0.225622 0.038534 0.000195 0.134459
0 4 0.629315 0.216051 0.034451 0.000134 0.120050
0 4 0.422490 0.270152 0.071851 0.000968 0.234540
4 4 0.188127 0.282305 0.072228 0.000130 0.457210
4 4 0.060001 0.257072 0.144910 0.000097 0.537920
4 4 0.037367 0.214084 0.246972 0.001150 0.500427
4 4 0.071813 0.273375 0.074361 0.000015 0.580436
4 4 0.060654 0.244726 0.132481 0.000330 0.561808
2 4 0.145469 0.294629 0.384021 0.003745 0.172136
2 1 0.044111 0.237722 0.601121 0.000529 0.116517
2 1 0.121218 0.264829 0.479387 0.003876 0.130689
1 1 0.199835 0.314924 0.245676 0.001735 0.237830
2 2 0.094212 0.190538 0.551504 0.044725 0.119022
4 2 0.056015 0.241991 0.277254 0.002162 0.422578
2 2 0.062212 0.240600 0.360232 0.006610 0.330347
2 2 0.061416 0.240617 0.357097 0.008068 0.332802
4 1 0.074540 0.257913 0.324228 0.004065 0.339253
4 1 0.082833 0.267321 0.295165 0.004379 0.350302
2 1 0.009665 0.115337 0.799637 0.002128 0.073233
2 1 0.011154 0.150813 0.724370 0.001028 0.112636
2 1 0.001816 0.054294 0.888936 0.005231 0.049722
2 1 0.001402 0.045436 0.927169 0.000986 0.025007
2 2 0.005312 0.091958 0.795121 0.007789 0.099819
2 2 0.009300 0.093116 0.805008 0.019294 0.073283
2 2 0.007533 0.079490 0.849125 0.012546 0.051306
2 2 0.010432 0.108377 0.750217 0.015990 0.114985
2 2 0.025011 0.120390 0.771004 0.018270 0.065325
2 2 0.024096 0.203703 0.632115 0.001170 0.138915
0 2 0.797680 0.132983 0.027353 0.000708 0.041276
0 2 0.453595 0.266415 0.067030 0.000702 0.212259
0 2 0.379692 0.284413 0.078047 0.000715 0.257133
1 2 0.211432 0.307937 0.236984 0.001513 0.242134
0 1 0.521774 0.257619 0.063135 0.000596 0.156876
4 1 0.280420 0.289648 0.076561 0.000298 0.353073
0 1 0.344802 0.284910 0.065149 0.000333 0.304807
0 0 0.767428 0.155438 0.020975 0.000046 0.056114
4 1 0.306137 0.311943 0.063436 0.000057 0.318426
4 1 0.316039 0.292848 0.048393 0.000039 0.342681
1 1 0.254389 0.322015 0.207839 0.001096 0.214661
1 1 0.134000 0.306358 0.291950 0.002328 0.265364
2 1 0.188635 0.257402 0.277140 0.015121 0.261702
2 1 0.054291 0.242011 0.453109 0.003966 0.246624
4 1 0.103257 0.261942 0.298310 0.005411 0.331080
4 1 0.134496 0.295117 0.215794 0.001332 0.353260
0 1 0.503441 0.252515 0.057331 0.000700 0.186014
0 1 0.321969 0.313104 0.096982 0.000636 0.267309
0 1 0.421936 0.277052 0.051055 0.000129 0.249827
1 1 0.284025 0.329125 0.067109 0.000044 0.319697
4 1 0.261765 0.280115 0.091221 0.002014 0.364885
4 1 0.291641 0.284691 0.074446 0.000684 0.348538
0 0 0.380952 0.277950 0.071437 0.000740 0.268921
4 1 0.213655 0.284476 0.055890 0.000085 0.445894
0 1 0.432608 0.276556 0.043520 0.000062 0.247254
4 1 0.237658 0.308976 0.122807 0.001222 0.329336
0 1 0.315598 0.311140 0.164998 0.002208 0.206056
1 1 0.275756 0.298624 0.238623 0.002870 0.184128
0 0 0.761329 0.154659 0.026698 0.000297 0.057017
1 1 0.269277 0.328106 0.108783 0.000672 0.293161
0 1 0.549832 0.243592 0.042209 0.000167 0.164199
0 1 0.721265 0.180495 0.020617 0.000017 0.077606
0 0 0.858481 0.102210 0.014245 0.000108 0.024957
0 0 0.642313 0.215246 0.024632 0.000018 0.117790
0 0 0.792524 0.142671 0.017384 0.000030 0.047391
0 0 0.928606 0.055565 0.007665 0.000154 0.008010
0 0 0.933867 0.051856 0.007156 0.000134 0.006987
0 0 0.947100 0.040012 0.008051 0.000676 0.004162
0 0 0.948425 0.040008 0.006405 0.000666 0.004497
0 0 0.950933 0.039054 0.005423 0.000284 0.004306
0 0 0.962016 0.028751 0.005444 0.001375 0.002412
0 0 0.974090 0.020189 0.003519 0.000927 0.001275
0 0 0.971708 0.022360 0.003584 0.000784 0.001565
0 0 0.973571 0.020696 0.003331 0.001024 0.001379
0 0 0.964214 0.028117 0.004638 0.000695 0.002337
0 0 0.954735 0.033825 0.006714 0.001512 0.003214
0 0 0.962270 0.025688 0.005673 0.004377 0.001992
0 0 0.925834 0.053964 0.011002 0.001619 0.007581
0 0 0.955238 0.032815 0.006617 0.002238 0.003092
0 0 0.945711 0.040547 0.007666 0.001515 0.004561
0 0 0.978893 0.017337 0.002408 0.000369 0.000993
0 0 0.957013 0.035381 0.003884 0.000084 0.003638
0 0 0.958310 0.033937 0.004341 0.000132 0.003279
0 0 0.979398 0.017057 0.002163 0.000385 0.000998
0 0 0.972378 0.022133 0.003399 0.000560 0.001530
0 0 0.981620 0.015087 0.002084 0.000429 0.000781
0 0 0.960014 0.033068 0.003554 0.000098 0.003266
0 0 0.963499 0.030945 0.002567 0.000030 0.002960
0 0 0.970859 0.024540 0.002658 0.000078 0.001866
0 0 0.970500 0.025284 0.002178 0.000027 0.002011
0 0 0.970138 0.024909 0.003096 0.000058 0.001799
0 0 0.964113 0.029463 0.003821 0.000109 0.002493
0 0 0.873846 0.095540 0.007457 0.000009 0.023149
0 0 0.973734 0.022130 0.002420 0.000130 0.001586
0 0 0.953211 0.038404 0.004039 0.000076 0.004270
0 0 0.935129 0.053076 0.004226 0.000008 0.007560
0 0 0.955389 0.036986 0.003717 0.000035 0.003874
0 0 0.937396 0.051117 0.004590 0.000012 0.006886
0 0 0.928487 0.057656 0.005449 0.000010 0.008398
0 0 0.939202 0.049905 0.004316 0.000009 0.006568
0 0 0.913186 0.069485 0.005125 0.000003 0.012201
0 0 0.922309 0.062677 0.005190 0.000005 0.009820
0 0 0.889340 0.085877 0.006597 0.000004 0.018181
0 0 0.904633 0.075643 0.005181 0.000003 0.014540
0 0 0.938525 0.049297 0.006030 0.000032 0.006116
0 0 0.944967 0.043000 0.006546 0.000406 0.005082
0 0 0.934196 0.051298 0.007232 0.000243 0.007030
0 0 0.912270 0.062683 0.013439 0.001711 0.009897
0 0 0.920159 0.058864 0.011003 0.001026 0.008949
0 0 0.957227 0.032497 0.006079 0.001191 0.003006
0 0 0.804985 0.130786 0.023471 0.000396 0.040361
0 0 0.790634 0.140251 0.022386 0.000196 0.046533
0 1 0.404953 0.281383 0.047013 0.000073 0.266578
4 1 0.228065 0.316796 0.081401 0.000108 0.373630
0 1 0.367416 0.283395 0.057357 0.000219 0.291613
4 1 0.186691 0.282327 0.041700 0.000012 0.489270
4 1 0.259697 0.294353 0.044008 0.000015 0.401926
4 1 0.324535 0.292440 0.036456 0.000013 0.346556
4 1 0.166376 0.274082 0.056087 0.000071 0.503384
4 4 0.129301 0.270560 0.107827 0.000778 0.491534
4 4 0.264286 0.264503 0.106345 0.019981 0.344885
4 4 0.270022 0.256267 0.127006 0.038260 0.308446
4 4 0.228853 0.267187 0.110443 0.011812 0.381705
4 4 0.179636 0.257771 0.135732 0.016140 0.410720
0 4 0.339339 0.273796 0.091979 0.004407 0.290479
4 4 0.250564 0.279909 0.075286 0.001205 0.393036
0 4 0.367414 0.270138 0.086696 0.004889 0.270864
4 4 0.290246 0.276287 0.086684 0.003899 0.342884
4 4 0.320739 0.288033 0.064629 0.000235 0.326364
0 4 0.345078 0.279272 0.074770 0.001266 0.299615
4 4 0.138312 0.250031 0.103345 0.006343 0.501969
4 4 0.258361 0.290383 0.054675 0.000074 0.396507
4 4 0.114491 0.241553 0.088731 0.002874 0.552352
4 4 0.080765 0.229673 0.052461 0.000047 0.637054
4 4 0.132790 0.247854 0.109569 0.007067 0.502720
0 4 0.406538 0.273664 0.057517 0.000573 0.261708
0 4 0.426695 0.276763 0.049965 0.000109 0.246467
0 4 0.542765 0.250636 0.022745 0.000007 0.183847
4 4 0.269600 0.289783 0.057358 0.000111 0.383147
0 4 0.401777 0.285485 0.030605 0.000007 0.282126
4 4 0.111305 0.245190 0.081008 0.000802 0.561695
4 4 0.059778 0.209243 0.061142 0.000110 0.669727
4 4 0.117083 0.255180 0.056771 0.000054 0.570913
4 4 0.194643 0.272489 0.092794 0.001880 0.438193
4 4 0.101964 0.244963 0.063901 0.000116 0.589056
4 4 0.129191 0.247393 0.133195 0.008234 0.481987
4 4 0.064928 0.218696 0.140484 0.003010 0.572882
4 4 0.126203 0.246940 0.104871 0.004750 0.517236
4 4 0.119509 0.242356 0.121543 0.008094 0.508499
4 4 0.117574 0.244992 0.103200 0.003176 0.531057
0 4 0.372918 0.274866 0.073035 0.001662 0.277519
4 4 0.170335 0.263588 0.101508 0.003817 0.460753
4 4 0.217675 0.271790 0.106708 0.005118 0.398710
4 4 0.245992 0.283358 0.084604 0.000821 0.385224
4 4 0.287845 0.284679 0.065694 0.000489 0.361292
0 4 0.445508 0.270947 0.057531 0.000239 0.225775
4 4 0.154920 0.268070 0.068785 0.000237 0.507989
4 4 0.172481 0.270630 0.073659 0.000518 0.482712
4 4 0.200463 0.272759 0.084262 0.001725 0.440791
0 4 0.447061 0.271178 0.048959 0.000152 0.232650
4 4 0.175649 0.273501 0.061270 0.000184 0.489395
0 4 0.380800 0.288791 0.038773 0.000016 0.291621
4 4 0.311835 0.283469 0.061938 0.000511 0.342247
4 4 0.302743 0.279818 0.064076 0.001113 0.352250
4 4 0.168111 0.268437 0.072359 0.000572 0.490520
4 4 0.118607 0.255741 0.069258 0.000131 0.556263
4 4 0.110634 0.250576 0.080234 0.000275 0.558281
4 4 0.099590 0.232641 0.180883 0.010044 0.476841
4 4 0.048547 0.216377 0.165250 0.001461 0.568365
4 4 0.207842 0.283627 0.069811 0.000191 0.438529
4 4 0.129588 0.259040 0.064333 0.000144 0.546896
4 1 0.142288 0.269639 0.048038 0.000016 0.540019
4 1 0.185800 0.280461 0.057686 0.000069 0.475985
4 1 0.049320 0.208422 0.129166 0.000789 0.612304
4 1 0.173562 0.279792 0.059660 0.000063 0.486923
2 1 0.018021 0.191114 0.412950 0.003408 0.374506
4 1 0.047808 0.222053 0.158722 0.000716 0.570702
4 1 0.034219 0.243291 0.191066 0.000163 0.531261
4 1 0.108120 0.300987 0.087913 0.000028 0.502953
4 1 0.024210 0.219971 0.215534 0.000344 0.539941
4 1 0.044208 0.285352 0.173345 0.000030 0.497065
4 1 0.030592 0.219419 0.154256 0.000108 0.595626
4 1 0.021625 0.235703 0.290181 0.000156 0.452334
4 1 0.033932 0.263281 0.259847 0.000103 0.442837
2 1 0.011870 0.177220 0.413201 0.001059 0.396650
2 1 0.003545 0.060759 0.899043 0.003439 0.033213
2 1 0.042835 0.266806 0.515306 0.000257 0.174797
2 1 0.024984 0.218612 0.496775 0.000900 0.258728
2 1 0.007163 0.103155 0.758779 0.008505 0.122399
2 1 0.023923 0.203205 0.536515 0.001299 0.235059
1 2 0.241995 0.274368 0.249480 0.009011 0.225147
0 2 0.790080 0.137025 0.029348 0.000610 0.042937
1 2 0.239199 0.341132 0.176863 0.000967 0.241839
0 2 0.316228 0.294899 0.132885 0.002155 0.253833
1 2 0.197545 0.294497 0.270722 0.008000 0.229236
4 2 0.040996 0.240107 0.318814 0.000958 0.399125
1 2 0.161540 0.378425 0.159755 0.000059 0.300220
2 2 0.037361 0.258188 0.466238 0.000403 0.237810
4 1 0.052591 0.285869 0.323268 0.000206 0.338066
4 1 0.082881 0.290125 0.284919 0.000921 0.341154
0 1 0.419312 0.284797 0.032392 0.000006 0.263493
0 1 0.471404 0.266189 0.047699 0.000139 0.214569
0 1 0.384247 0.285412 0.045828 0.000052 0.284462
0 0 0.747907 0.166749 0.021189 0.000024 0.064131
0 0 0.807176 0.135953 0.014349 0.000011 0.042511
4 1 0.038737 0.296568 0.258450 0.000066 0.406179
4 1 0.025777 0.266994 0.333781 0.000130 0.373318
2 1 0.012448 0.181036 0.541577 0.000445 0.264494
2 1 0.011616 0.166308 0.563612 0.001101 0.257362
4 2 0.021740 0.207506 0.336426 0.000821 0.433508
2 2 0.005717 0.082725 0.868232 0.002276 0.041050
2 2 0.004159 0.042576 0.938541 0.004286 0.010439
2 2 0.046238 0.168321 0.661035 0.014152 0.110255
2 2 0.015459 0.146810 0.733028 0.000890 0.103813
2 2 0.075353 0.259264 0.453578 0.005132 0.206673
2 2 0.007590 0.116979 0.688641 0.007329 0.179461
2 2 0.003959 0.064750 0.896457 0.003450 0.031383
2 2 0.015384 0.142639 0.698703 0.004374 0.138900
2 2 0.005691 0.075764 0.870721 0.004184 0.043641
2 2 0.000907 0.019968 0.968078 0.005336 0.005711
2 2 0.000155 0.003089 0.787260 0.209043 0.000453
2 2 0.000298 0.003908 0.805569 0.189796 0.000429
2 2 0.000302 0.003913 0.840259 0.155132 0.000394
2 2 0.001010 0.008619 0.728687 0.260154 0.001530
2 2 0.000334 0.004472 0.745610 0.248848 0.000735
2 2 0.001594 0.009300 0.754133 0.233994 0.000979
2 2 0.000334 0.003400 0.607993 0.387764 0.000509
2 2 0.000460 0.004322 0.733000 0.261718 0.000501
3 2 0.012815 0.025531 0.410721 0.544414 0.006518
2 2 0.001905 0.008846 0.765124 0.223326 0.000799
3 2 0.002819 0.006613 0.212028 0.777303 0.001237
3 2 0.000273 0.001261 0.167812 0.830478 0.000177
3 2 0.002922 0.006031 0.250738 0.739510 0.000799
3 2 0.001006 0.002649 0.126148 0.869622 0.000574
3 2 0.005984 0.007507 0.120295 0.864285 0.001930
3 2 0.024484 0.018045 0.153169 0.800402 0.003900
3 2 0.045917 0.044175 0.289523 0.605861 0.014524
3 2 0.032568 0.031193 0.294734 0.635241 0.006263
3 2 0.245643 0.087997 0.312044 0.339599 0.014717
0 0 0.862354 0.072927 0.043733 0.015039 0.005947
1 1 0.186591 0.311163 0.202355 0.003193 0.296698
4 1 0.130695 0.279196 0.246659 0.004486 0.338964
4 1 0.164509 0.294581 0.152515 0.000715 0.387680
4 1 0.134499 0.323834 0.199561 0.000806 0.341300
4 1 0.073027 0.256426 0.316282 0.007251 0.347014
4 1 0.023118 0.211721 0.296057 0.000363 0.468741
4 1 0.128703 0.333548 0.134389 0.000045 0.403314
4 1 0.031305 0.277251 0.281637 0.000074 0.409734
4 1 0.017885 0.201239 0.340551 0.000954 0.439371
4 1 0.030891 0.226634 0.345297 0.000837 0.396341
2 1 0.006663 0.131207 0.715682 0.000544 0.145904
2 1 0.019199 0.223618 0.388342 0.000336 0.368504
2 1 0.013413 0.196676 0.433600 0.000537 0.355774
4 1 0.033249 0.291768 0.316591 0.000052 0.358341
4 1 0.016468 0.201643 0.389216 0.000635 0.392037
4 1 0.037276 0.241708 0.314653 0.001348 0.405015
4 1 0.040117 0.248891 0.221946 0.000389 0.488657
4 1 0.209630 0.288254 0.131972 0.001087 0.369058
1 1 0.152579 0.406640 0.087470 0.000002 0.353310
4 1 0.093583 0.307426 0.100206 0.000038 0.498747
0 1 0.477268 0.260487 0.052410 0.000449 0.209386
0 1 0.539546 0.248572 0.034972 0.000067 0.176843
0 1 0.429498 0.275244 0.051262 0.000145 0.243851
0 1 0.491562 0.260666 0.044454 0.000142 0.203175
4 1 0.309341 0.285448 0.077874 0.000628 0.326708
4 1 0.165064 0.272133 0.071578 0.000243 0.490982
4 1 0.222155 0.294896 0.043221 0.000008 0.439720
4 1 0.076496 0.258387 0.193736 0.001064 0.470317
4 1 0.146087 0.277594 0.113266 0.001020 0.462033
4 1 0.250941 0.289824 0.061754 0.000113 0.397368
0 1 0.340998 0.285802 0.066367 0.000309 0.306524
0 1 0.358369 0.294001 0.039780 0.000010 0.307840
0 1 0.342818 0.291789 0.032348 0.000007 0.333038
4 1 0.169337 0.268987 0.085815 0.000972 0.474889
4 1 0.219387 0.282332 0.067505 0.000295 0.430481
2 1 0.017019 0.205518 0.565102 0.000974 0.211387
2 1 0.026317 0.217799 0.543690 0.001371 0.210823
2 1 0.011659 0.164630 0.576372 0.001770 0.245568
2 1 0.006406 0.138796 0.649598 0.001545 0.203655
2 1 0.021248 0.221596 0.412583 0.000629 0.343945
2 1 0.016293 0.114599 0.803410 0.006631 0.059068
2 2 0.085201 0.247093 0.581514 0.002351 0.083841
2 2 0.035834 0.225200 0.443015 0.003084 0.292867
2 2 0.061478 0.267139 0.459231 0.001117 0.211035
2 2 0.112339 0.266736 0.546719 0.001824 0.072381
2 2 0.027339 0.135864 0.779623 0.006227 0.050947
2 2 0.104502 0.250598 0.429265 0.013989 0.201647
2 2 0.031204 0.149759 0.723097 0.011816 0.084125
2 2 0.007756 0.100938 0.827516 0.003345 0.060444
2 2 0.010506 0.078532 0.870276 0.011643 0.029043
2 2 0.012427 0.099333 0.808526 0.013217 0.066497
2 2 0.010314 0.121581 0.787539 0.001501 0.079065
2 2 0.008353 0.108945 0.803876 0.003366 0.075460
2 2 0.008377 0.119768 0.779503 0.003296 0.089056
2 2 0.007544 0.061821 0.906383 0.008456 0.015797
4 2 0.070984 0.239697 0.320286 0.005277 0.363756
0 2 0.600864 0.223137 0.046480 0.000458 0.129061
1 2 0.307762 0.351048 0.079461 0.000047 0.261683
4 2 0.153314 0.313410 0.157713 0.000495 0.375069
1 2 0.264578 0.343186 0.080971 0.000036 0.311230
4 2 0.061686 0.294435 0.189047 0.000167 0.454665
4 2 0.180251 0.310016 0.095838 0.000134 0.413761
4 2 0.095403 0.297445 0.139605 0.000179 0.467369
4 2 0.294878 0.291738 0.048460 0.000049 0.364875
4 1 0.104583 0.280418 0.106305 0.000128 0.508566
0 1 0.433256 0.279034 0.038793 0.000025 0.248892
0 0 0.595313 0.232768 0.026856 0.000021 0.145042
0 0 0.469807 0.269424 0.038516 0.000041 0.222212
0 0 0.875489 0.092128 0.011688 0.000075 0.020620
0 0 0.815304 0.130287 0.014247 0.000022 0.040139
0 0 0.825608 0.122439 0.016758 0.000073 0.035121
4 0 0.310593 0.297400 0.032616 0.000003 0.359388
4 0 0.292670 0.297730 0.036259 0.000005 0.373335
0 0 0.341542 0.294910 0.033784 0.000005 0.329759
0 0 0.354991 0.292248 0.036845 0.000010 0.315905
4 0 0.229416 0.294173 0.036238 0.000004 0.440169
0 0 0.457149 0.278650 0.024853 0.000002 0.239346
4 0 0.139572 0.265179 0.091518 0.000389 0.503343
4 1 0.146985 0.269338 0.056919 0.000052 0.526707
4 1 0.129602 0.255767 0.096297 0.001099 0.517235
4 1 0.125266 0.253135 0.086600 0.000876 0.534122
4 1 0.059386 0.218413 0.132474 0.001149 0.588577
4 1 0.133846 0.265877 0.039914 0.000007 0.560356
0 1 0.343922 0.298946 0.031340 0.000002 0.325791
4 1 0.101926 0.251191 0.033292 0.000002 0.613588
4 4 0.219635 0.279391 0.079650 0.000830 0.420494
0 4 0.539512 0.247970 0.036131 0.000086 0.176301
4 4 0.185975 0.268496 0.095517 0.002857 0.447154
0 4 0.510661 0.248398 0.057837 0.001164 0.181941
0 4 0.742748 0.163610 0.030216 0.000315 0.063113
4 4 0.140697 0.264185 0.063688 0.000132 0.531298
