4 0 0.288185 0.149229 0.016086 0.000172 0.546328
4 0 0.268663 0.167130 0.018153 0.000159 0.545894
4 0 0.229553 0.188174 0.021736 0.000146 0.560391
4 0 0.132856 0.240462 0.050000 0.000356 0.576326
4 0 0.137754 0.289422 0.041033 0.000128 0.531663
4 0 0.133331 0.175144 0.014006 0.000016 0.677503
4 1 0.113035 0.203985 0.011256 0.000004 0.671720
4 1 0.031397 0.215611 0.013307 0.000001 0.739684
4 1 0.017652 0.177319 0.012583 0.000000 0.792445
4 1 0.037524 0.205810 0.017931 0.000002 0.738733
4 4 0.019189 0.200350 0.039953 0.000007 0.740501
4 1 0.011996 0.171835 0.053781 0.000016 0.762373
4 1 0.002933 0.106006 0.077476 0.000017 0.813568
4 4 0.004433 0.121501 0.059000 0.000010 0.815057
4 4 0.007977 0.162277 0.051281 0.000006 0.778459
4 4 0.011230 0.121418 0.073358 0.000080 0.793914
4 4 0.004117 0.095560 0.113094 0.000125 0.787104
4 4 0.029713 0.140314 0.056602 0.000150 0.773221
4 4 0.006657 0.109353 0.055171 0.000021 0.828798
4 4 0.006909 0.150209 0.080350 0.000028 0.762504
4 4 0.013863 0.118306 0.040250 0.000023 0.827558
4 4 0.022329 0.123228 0.030466 0.000019 0.823957
4 4 0.031462 0.090482 0.041071 0.000214 0.836772
4 4 0.038791 0.100982 0.026650 0.000058 0.833518
4 4 0.038855 0.126198 0.027503 0.000034 0.807409
4 4 0.003895 0.099898 0.043089 0.000005 0.853114
4 4 0.005721 0.096821 0.030865 0.000004 0.866590
4 4 0.002974 0.104727 0.055532 0.000006 0.836760
4 4 0.004316 0.115287 0.030484 0.000001 0.849912
4 4 0.028113 0.087222 0.034788 0.000116 0.849761
4 4 0.039848 0.128900 0.045801 0.000167 0.785283
4 4 0.014249 0.141407 0.091342 0.000140 0.752862
4 4 0.018305 0.177334 0.083976 0.000121 0.720264
4 4 0.013656 0.117007 0.081596 0.000183 0.787557
4 4 0.006742 0.139237 0.189042 0.000433 0.664546
2 1 0.005579 0.161794 0.430260 0.002207 0.400159
2 1 0.004690 0.156415 0.526278 0.002972 0.309645
4 1 0.013607 0.205367 0.314107 0.001700 0.465219
4 1 0.012665 0.235174 0.333748 0.001152 0.417261
2 1 0.004329 0.153173 0.462827 0.000554 0.379118
2 2 0.000437 0.020184 0.898368 0.073774 0.007236
2 2 0.000303 0.027963 0.915899 0.035562 0.020273
2 2 0.000479 0.032410 0.920711 0.027355 0.019045
2 2 0.000436 0.035497 0.900922 0.033766 0.029379
2 2 0.000146 0.012264 0.898633 0.084039 0.004918
2 2 0.000123 0.008336 0.725251 0.263079 0.003210
2 3 0.000312 0.013810 0.816251 0.165894 0.003732
2 3 0.000031 0.004105 0.798203 0.196960 0.000701
2 3 0.000066 0.005194 0.608824 0.383600 0.002317
2 3 0.000074 0.005986 0.756832 0.235904 0.001205
3 3 0.000114 0.005093 0.484829 0.508264 0.001700
3 3 0.000151 0.006067 0.463982 0.527033 0.002767
2 3 0.000060 0.003978 0.506579 0.488368 0.001015
2 3 0.000147 0.005667 0.549518 0.443460 0.001207
3 3 0.000209 0.005582 0.399297 0.593597 0.001315
3 3 0.000024 0.001819 0.361302 0.636436 0.000417
3 3 0.000100 0.002714 0.301063 0.695556 0.000567
3 3 0.000033 0.002391 0.436022 0.561068 0.000487
3 3 0.000031 0.001489 0.271852 0.726375 0.000252
3 3 0.000040 0.001500 0.208681 0.789479 0.000300
3 3 0.000033 0.002413 0.419217 0.577817 0.000521
3 3 0.000104 0.003610 0.399086 0.596447 0.000753
2 3 0.000402 0.006595 0.521642 0.470699 0.000661
3 3 0.000075 0.002812 0.435098 0.561458 0.000557
2 3 0.000096 0.004013 0.550694 0.444475 0.000721
3 3 0.000022 0.001554 0.376650 0.621478 0.000296
3 3 0.000100 0.002276 0.414638 0.582754 0.000231
3 3 0.000019 0.001135 0.261615 0.737051 0.000181
3 3 0.000035 0.001242 0.210389 0.788129 0.000205
3 3 0.000181 0.003154 0.266506 0.729473 0.000686
3 3 0.000112 0.002421 0.234026 0.762907 0.000533
3 3 0.000051 0.002086 0.371022 0.626516 0.000325
3 3 0.000017 0.001012 0.224646 0.774166 0.000158
3 3 0.000043 0.001890 0.265727 0.731938 0.000402
3 3 0.000045 0.001552 0.204555 0.793530 0.000318
3 3 0.000088 0.001264 0.100896 0.897465 0.000286
3 3 0.000085 0.000832 0.060520 0.938390 0.000173
3 3 0.000082 0.001066 0.083663 0.914992 0.000197
3 3 0.000218 0.001327 0.057486 0.940699 0.000269
3 3 0.000035 0.001012 0.142607 0.856152 0.000194
3 3 0.000065 0.000780 0.065799 0.933224 0.000132
3 3 0.000217 0.001319 0.066584 0.931672 0.000208
3 3 0.000145 0.001171 0.064791 0.933622 0.000271
3 3 0.000114 0.001190 0.076529 0.921942 0.000226
3 3 0.000033 0.000752 0.121417 0.877701 0.000097
3 3 0.000169 0.001064 0.050727 0.947817 0.000223
3 3 0.000269 0.001262 0.056186 0.942070 0.000213
3 3 0.000069 0.000720 0.056769 0.942318 0.000124
3 3 0.000183 0.000971 0.042723 0.955915 0.000209
3 3 0.000180 0.000998 0.045761 0.952875 0.000186
3 3 0.000029 0.000298 0.033226 0.966403 0.000044
3 3 0.000004 0.000136 0.049511 0.950334 0.000016
3 3 0.000025 0.000395 0.053946 0.945573 0.000061
3 3 0.000004 0.000153 0.055106 0.944722 0.000015
3 3 0.000008 0.000258 0.066822 0.932881 0.000032
3 3 0.000123 0.001309 0.082923 0.915371 0.000275
3 3 0.000066 0.000602 0.046006 0.953235 0.000092
3 3 0.000054 0.000834 0.082922 0.916023 0.000166
3 3 0.000024 0.000499 0.072124 0.927289 0.000063
3 3 0.000090 0.001438 0.118702 0.879408 0.000362
3 3 0.000045 0.000389 0.034942 0.964560 0.000065
3 3 0.000020 0.000182 0.022877 0.976896 0.000025
3 3 0.000093 0.000530 0.031240 0.968042 0.000096
3 3 0.000011 0.000170 0.032344 0.967455 0.000019
3 3 0.000114 0.000598 0.031825 0.967348 0.000116
3 3 0.000116 0.001075 0.066057 0.932551 0.000201
3 3 0.000048 0.000713 0.072337 0.926779 0.000122
3 3 0.000046 0.000406 0.036280 0.963197 0.000071
3 3 0.000128 0.000883 0.047591 0.951243 0.000155
3 3 0.000039 0.000522 0.056281 0.943077 0.000081
3 3 0.000057 0.000439 0.034236 0.965199 0.000069
3 3 0.000031 0.000334 0.036237 0.963352 0.000045
3 3 0.000004 0.000109 0.033662 0.966213 0.000011
3 3 0.000030 0.000310 0.034340 0.965274 0.000046
3 3 0.000020 0.000210 0.027477 0.972266 0.000027
3 3 0.000012 0.000153 0.025985 0.973831 0.000018
3 3 0.000044 0.000422 0.039306 0.960164 0.000064
3 3 0.000017 0.000218 0.031919 0.967818 0.000028
3 3 0.000106 0.000644 0.036402 0.962732 0.000116
3 3 0.000091 0.000698 0.045676 0.953401 0.000135
3 3 0.000207 0.001130 0.048178 0.950208 0.000276
3 3 0.000143 0.001048 0.055765 0.942834 0.000211
3 3 0.000054 0.000821 0.082539 0.916412 0.000174
3 3 0.003138 0.007206 0.151531 0.836974 0.001150
3 3 0.000708 0.002351 0.065961 0.930370 0.000610
3 3 0.000441 0.006504 0.457421 0.534524 0.001110
2 3 0.002230 0.015783 0.657209 0.323541 0.001237
2 3 0.001473 0.009557 0.564387 0.423845 0.000739
2 3 0.000247 0.005231 0.555558 0.438413 0.000551
2 3 0.000280 0.006109 0.784058 0.209090 0.000463
2 3 0.000383 0.007992 0.751580 0.239144 0.000901
2 3 0.001220 0.010426 0.739645 0.248077 0.000631
2 3 0.001306 0.010857 0.631112 0.355755 0.000971
2 3 0.000845 0.008960 0.675223 0.314231 0.000740
2 3 0.000612 0.009227 0.713916 0.275300 0.000945
2 3 0.002109 0.021494 0.851554 0.123359 0.001484
2 3 0.000386 0.011218 0.864611 0.122465 0.001319
2 3 0.000442 0.013958 0.770384 0.211003 0.004213
2 3 0.000186 0.014479 0.819649 0.156326 0.009359
2 3 0.000176 0.013527 0.862744 0.117210 0.006344
2 2 0.004197 0.097779 0.747627 0.035626 0.114770
2 2 0.001277 0.053407 0.833574 0.046587 0.065155
2 2 0.003670 0.102120 0.634764 0.011302 0.248144
2 2 0.002279 0.086541 0.702620 0.014945 0.193615
2 2 0.001657 0.065773 0.789553 0.024258 0.118759
2 2 0.012551 0.174740 0.457839 0.008187 0.346684
2 2 0.001388 0.100068 0.559246 0.001512 0.337786
2 1 0.002236 0.119912 0.528995 0.001516 0.347341
2 1 0.002875 0.095577 0.565422 0.005403 0.330723
2 1 0.001771 0.115296 0.650531 0.002041 0.230361
2 1 0.002471 0.077285 0.791926 0.031853 0.096465
2 2 0.005853 0.132583 0.630222 0.013772 0.217571
2 2 0.002372 0.076060 0.798976 0.030230 0.092362
2 2 0.003533 0.102095 0.807089 0.009327 0.077957
2 2 0.002348 0.065565 0.894278 0.006093 0.031716
2 2 0.005112 0.104958 0.824089 0.008893 0.056947
2 2 0.000213 0.017290 0.966073 0.009561 0.006864
2 2 0.001736 0.064149 0.890238 0.010575 0.033302
2 2 0.000998 0.035441 0.929001 0.021104 0.013457
2 2 0.000361 0.025528 0.908334 0.050357 0.015420
2 2 0.001140 0.037539 0.892831 0.051185 0.017306
2 2 0.001415 0.036498 0.879845 0.069028 0.013213
2 2 0.023310 0.211335 0.580717 0.009731 0.174907
2 2 0.018655 0.197044 0.618914 0.005123 0.160264
2 2 0.012445 0.160111 0.701752 0.011743 0.113949
2 2 0.025335 0.218956 0.402211 0.008083 0.345416
2 2 0.004216 0.127257 0.758367 0.004933 0.105227
2 2 0.002268 0.088007 0.774839 0.022964 0.111923
2 2 0.004117 0.143149 0.693581 0.002708 0.156446
2 2 0.005192 0.126664 0.760384 0.003866 0.103893
2 2 0.001871 0.067746 0.882767 0.004117 0.043500
2 2 0.001856 0.058661 0.906367 0.005736 0.027380
2 2 0.002378 0.057349 0.905302 0.010976 0.023994
2 2 0.015346 0.192899 0.634188 0.005905 0.151663
2 2 0.017086 0.176262 0.652196 0.009781 0.144675
2 2 0.012775 0.187002 0.527071 0.006398 0.266755
2 2 0.008385 0.145737 0.706057 0.010457 0.129363
2 2 0.011040 0.170979 0.680793 0.002911 0.134277
2 2 0.005833 0.161667 0.608664 0.003280 0.220556
2 2 0.003776 0.123611 0.718371 0.003436 0.150806
4 1 0.027816 0.269746 0.125745 0.000196 0.576497
4 1 0.019144 0.236516 0.214015 0.000816 0.529508
4 1 0.033830 0.245861 0.101532 0.000202 0.618575
4 1 0.021642 0.229186 0.186260 0.000873 0.562037
4 1 0.022105 0.243924 0.206736 0.000916 0.526320
2 1 0.015807 0.236464 0.408694 0.003628 0.335407
2 1 0.003217 0.114625 0.707975 0.008302 0.165882
2 2 0.003917 0.121639 0.749128 0.002751 0.122565
2 2 0.009076 0.145214 0.699310 0.013302 0.133098
2 2 0.026070 0.253265 0.530725 0.003448 0.186492
4 2 0.015890 0.233253 0.271195 0.001155 0.478507
4 2 0.015421 0.242311 0.258719 0.000749 0.482800
4 1 0.012759 0.217126 0.246508 0.000713 0.522894
4 1 0.010230 0.205643 0.217199 0.000360 0.566568
4 1 0.025314 0.194592 0.146200 0.000822 0.633072
4 1 0.017543 0.202363 0.094591 0.000111 0.685392
4 1 0.065387 0.243612 0.051648 0.000103 0.639249
4 1 0.056976 0.221172 0.098611 0.000793 0.622448
4 1 0.038019 0.168457 0.113971 0.001269 0.678284
4 1 0.011542 0.177681 0.184669 0.000650 0.625458
2 1 0.015974 0.226790 0.393055 0.001556 0.362624
4 1 0.007152 0.182688 0.311581 0.000828 0.497751
4 1 0.014493 0.222687 0.331869 0.002175 0.428775
4 1 0.018205 0.230266 0.239078 0.001194 0.511257
4 1 0.009877 0.216183 0.315729 0.000666 0.457545
2 1 0.004856 0.159615 0.483476 0.002236 0.349817
2 1 0.009082 0.212655 0.393851 0.000631 0.383782
2 2 0.005619 0.151750 0.463554 0.003667 0.375410
2 2 0.005558 0.153657 0.670827 0.000840 0.169118
4 2 0.033148 0.273703 0.320393 0.001197 0.371560
4 2 0.038036 0.274074 0.121433 0.000355 0.566101
4 2 0.054771 0.209780 0.089101 0.000631 0.645717
4 2 0.020290 0.222444 0.167064 0.000595 0.589606
4 2 0.017085 0.226969 0.231642 0.000990 0.523313
4 2 0.032138 0.274748 0.206633 0.000564 0.485918
2 2 0.010536 0.201390 0.438165 0.003719 0.346190
4 2 0.022853 0.256322 0.317667 0.002888 0.400270
4 2 0.032834 0.284173 0.191120 0.000869 0.491005
4 2 0.024265 0.265758 0.267303 0.000983 0.441691
4 2 0.017552 0.223761 0.240109 0.001286 0.517292
4 1 0.012146 0.208045 0.195818 0.000363 0.583628
4 1 0.030693 0.239009 0.101375 0.000244 0.628679
4 1 0.013663 0.197187 0.199901 0.000742 0.588508
4 1 0.013829 0.201134 0.182601 0.000515 0.601920
4 1 0.026216 0.206085 0.167100 0.000988 0.599612
2 1 0.015106 0.189109 0.621122 0.004189 0.170474
2 1 0.015718 0.208344 0.518596 0.003400 0.253942
2 1 0.008542 0.172476 0.533708 0.008630 0.276644
2 1 0.002664 0.104974 0.751562 0.001763 0.139036
2 2 0.007888 0.165930 0.611176 0.003894 0.211112
2 2 0.004049 0.113492 0.753371 0.005025 0.124063
2 2 0.001744 0.064968 0.885689 0.006396 0.041203
2 2 0.001207 0.049314 0.906374 0.010201 0.032904
2 2 0.008453 0.159441 0.665030 0.007934 0.159142
2 2 0.032287 0.254918 0.538091 0.005210 0.169494
4 1 0.022048 0.181167 0.298715 0.007032 0.491038
4 1 0.032306 0.295868 0.307200 0.001010 0.363616
4 1 0.020682 0.226541 0.238296 0.001803 0.512678
4 1 0.017820 0.221222 0.303958 0.002910 0.454089
4 1 0.018574 0.245587 0.297839 0.001316 0.436685
4 1 0.010831 0.202192 0.331728 0.001034 0.454215
4 1 0.018914 0.219004 0.185293 0.000633 0.576156
4 1 0.014570 0.213087 0.270175 0.001490 0.500678
4 1 0.011538 0.216812 0.204384 0.000170 0.567097
4 1 0.012679 0.203739 0.254543 0.001097 0.527943
2 1 0.012949 0.174905 0.654959 0.005334 0.151853
2 1 0.011177 0.148923 0.731883 0.005922 0.102095
2 1 0.001168 0.055404 0.892965 0.010156 0.040307
2 1 0.001518 0.050972 0.911160 0.008184 0.028166
2 1 0.004928 0.110512 0.799886 0.006844 0.077830
2 1 0.004860 0.138995 0.684644 0.003093 0.168408
2 1 0.002644 0.087906 0.827562 0.003854 0.078034
2 2 0.017295 0.236276 0.554140 0.001863 0.190425
2 2 0.004667 0.116276 0.765021 0.004073 0.109962
2 2 0.003852 0.126625 0.725231 0.008267 0.136025
2 2 0.002890 0.070288 0.890357 0.005044 0.031421
2 2 0.001478 0.040995 0.940799 0.004587 0.012142
2 2 0.002851 0.086490 0.822569 0.016863 0.071227
2 2 0.000753 0.028518 0.941340 0.018502 0.010886
2 2 0.001474 0.070034 0.869635 0.004555 0.054303
2 2 0.001034 0.048657 0.900704 0.014589 0.035016
2 2 0.001868 0.058072 0.895013 0.014222 0.030825
2 2 0.001232 0.047004 0.917613 0.008152 0.025998
2 2 0.000923 0.034438 0.935727 0.013838 0.015074
2 2 0.021010 0.200059 0.683751 0.001225 0.093954
4 2 0.123513 0.343735 0.121219 0.000481 0.411052
4 2 0.103559 0.236671 0.090920 0.001478 0.567372
4 2 0.048029 0.301129 0.250368 0.003392 0.397083
4 2 0.074215 0.328595 0.190272 0.001555 0.405362
4 2 0.139295 0.360129 0.085257 0.000174 0.415144
2 2 0.047972 0.296019 0.392372 0.003390 0.260248
2 2 0.038777 0.256028 0.470199 0.005306 0.229690
2 2 0.011133 0.187698 0.490201 0.008047 0.302922
2 2 0.010983 0.184802 0.561657 0.008758 0.233800
2 2 0.014171 0.209488 0.477758 0.003780 0.294803
4 2 0.006942 0.175619 0.293865 0.000532 0.523042
4 1 0.006934 0.159998 0.247048 0.000758 0.585262
4 1 0.005145 0.163714 0.290017 0.000506 0.540618
4 1 0.005738 0.161266 0.298141 0.000772 0.534082
4 1 0.006356 0.177145 0.306096 0.000352 0.510052
4 1 0.007306 0.163529 0.261018 0.000915 0.567233
4 1 0.006659 0.162225 0.273009 0.000827 0.557280
4 1 0.010466 0.185793 0.327625 0.000555 0.475560
4 1 0.012109 0.210161 0.220445 0.000522 0.556763
4 1 0.006795 0.150197 0.320444 0.001542 0.521022
4 1 0.033389 0.257555 0.239761 0.003012 0.466283
4 1 0.061108 0.222032 0.172720 0.005788 0.538353
4 1 0.056318 0.227966 0.220019 0.008772 0.486926
4 0 0.061177 0.300779 0.141386 0.001223 0.495435
4 0 0.145652 0.295537 0.088041 0.000961 0.469809
4 0 0.099824 0.270306 0.118868 0.001321 0.509680
4 0 0.129665 0.277322 0.067509 0.000614 0.524891
4 1 0.054182 0.297480 0.213121 0.003488 0.431729
4 1 0.075770 0.317752 0.163306 0.002148 0.441024
4 1 0.070437 0.314474 0.216177 0.003201 0.395711
4 1 0.012017 0.176031 0.164109 0.000520 0.647323
4 1 0.021780 0.214863 0.118854 0.000297 0.644206
4 1 0.059797 0.219868 0.077729 0.000421 0.642185
4 1 0.016769 0.179206 0.228788 0.002380 0.572856
4 1 0.015983 0.199973 0.131100 0.000267 0.652677
4 1 0.032887 0.245292 0.165558 0.001236 0.555027
4 1 0.031993 0.247451 0.147904 0.000764 0.571888
4 1 0.045625 0.230104 0.130708 0.001235 0.592328
4 1 0.021180 0.211558 0.167967 0.000916 0.598379
4 1 0.047764 0.281594 0.119415 0.000537 0.550689
4 1 0.063921 0.277539 0.111913 0.000841 0.545786
4 1 0.046784 0.223626 0.156318 0.002512 0.570760
4 1 0.032088 0.224123 0.146804 0.001007 0.595977
4 1 0.114009 0.247768 0.075332 0.000908 0.561983
4 1 0.031169 0.236613 0.127468 0.000540 0.604209
4 4 0.073577 0.185244 0.127342 0.004760 0.609076
4 4 0.093024 0.221625 0.053856 0.000287 0.631209
4 1 0.079474 0.219471 0.076787 0.000680 0.623588
4 1 0.177420 0.211578 0.038339 0.000377 0.572286
4 1 0.106284 0.160457 0.085599 0.003814 0.643846
4 1 0.022297 0.216654 0.228545 0.002425 0.530079
4 1 0.011828 0.190969 0.247378 0.001188 0.548638
4 1 0.086467 0.241989 0.128713 0.002304 0.540527
4 4 0.110858 0.201438 0.069766 0.001160 0.616778
4 4 0.169254 0.266959 0.049109 0.000413 0.514264
4 4 0.054709 0.281058 0.070747 0.000141 0.593346
4 4 0.013258 0.182578 0.134549 0.000291 0.669324
4 4 0.016009 0.168009 0.126963 0.000419 0.688601
4 4 0.030883 0.243991 0.066381 0.000056 0.658689
4 4 0.080203 0.271226 0.050090 0.000103 0.598378
4 4 0.109059 0.303312 0.081849 0.000657 0.505123
4 4 0.073472 0.246163 0.124634 0.002091 0.553641
4 4 0.228561 0.170942 0.026902 0.000365 0.573231
4 0 0.167713 0.226247 0.062311 0.001317 0.542412
4 0 0.165127 0.310065 0.047250 0.000241 0.477317
4 0 0.172802 0.219028 0.038515 0.000332 0.569323
4 0 0.084182 0.233157 0.058576 0.000272 0.623813
4 0 0.104647 0.236912 0.057755 0.000373 0.600313
4 0 0.023023 0.212027 0.135747 0.000522 0.628681
4 1 0.035639 0.214754 0.208548 0.003788 0.537271
4 1 0.010316 0.147394 0.099503 0.000128 0.742658
4 1 0.008791 0.157990 0.093485 0.000066 0.739668
4 4 0.007683 0.151319 0.110567 0.000101 0.730330
4 4 0.009258 0.105829 0.113984 0.000416 0.770513
4 4 0.005176 0.114053 0.133290 0.000206 0.747275
4 4 0.006307 0.165632 0.253242 0.000530 0.574289
4 4 0.005530 0.152525 0.263579 0.000650 0.577716
4 4 0.005314 0.136504 0.270940 0.001048 0.586194
4 4 0.007832 0.166764 0.227075 0.000355 0.597975
4 4 0.005290 0.157215 0.210615 0.000247 0.626633
4 4 0.007913 0.160615 0.128555 0.000039 0.702878
4 4 0.027360 0.124222 0.129653 0.002619 0.716147
4 4 0.016175 0.102790 0.162054 0.003707 0.715273
4 4 0.010505 0.167418 0.083293 0.000053 0.738732
4 4 0.024247 0.127386 0.114935 0.001339 0.732093
4 4 0.038725 0.111549 0.058276 0.000508 0.790943
4 4 0.075058 0.164347 0.030556 0.000074 0.729966
4 4 0.045932 0.092976 0.065866 0.001688 0.793537
4 4 0.074652 0.099392 0.040556 0.000720 0.784680
4 4 0.051948 0.114043 0.086327 0.002777 0.744905
4 4 0.043789 0.194844 0.055101 0.000113 0.706154
4 4 0.096618 0.170203 0.034008 0.000148 0.699024
4 4 0.068697 0.228817 0.067889 0.000316 0.634281
4 1 0.102122 0.172077 0.049480 0.000514 0.675808
4 1 0.109898 0.196195 0.071609 0.001330 0.620967
4 1 0.068346 0.168635 0.068297 0.000725 0.693998
4 1 0.081206 0.113563 0.063541 0.002359 0.739332
4 1 0.055897 0.222296 0.058362 0.000146 0.663300
4 1 0.104730 0.111676 0.051246 0.001992 0.730356
4 1 0.039470 0.162884 0.065062 0.000259 0.732326
4 1 0.104425 0.229834 0.093019 0.001843 0.570879
4 0 0.133200 0.258295 0.061677 0.000580 0.546249
4 1 0.094213 0.231131 0.126081 0.004043 0.544533
4 1 0.090809 0.214838 0.094202 0.001768 0.598383
4 1 0.130082 0.238278 0.067524 0.000909 0.563206
4 1 0.059384 0.276866 0.111664 0.000736 0.551350
4 1 0.045075 0.231615 0.231083 0.006575 0.485651
4 1 0.027527 0.266871 0.312305 0.001453 0.391844
4 1 0.025875 0.232623 0.143057 0.000551 0.597894
4 1 0.059324 0.293476 0.107171 0.000335 0.539695
4 1 0.079797 0.278725 0.104772 0.001006 0.535700
4 0 0.104564 0.238219 0.044587 0.000162 0.612468
4 0 0.090543 0.295023 0.064719 0.000234 0.549481
4 1 0.104641 0.321060 0.057435 0.000171 0.516693
4 0 0.123728 0.253399 0.033596 0.000078 0.589199
4 0 0.082995 0.242293 0.062237 0.000291 0.612184
4 0 0.050151 0.231741 0.065355 0.000149 0.652605
4 0 0.053074 0.286399 0.101949 0.000386 0.558192
4 1 0.042553 0.267981 0.109720 0.000343 0.579403
4 0 0.049891 0.192565 0.088706 0.000663 0.668174
4 0 0.153621 0.243661 0.050981 0.000463 0.551274
4 0 0.124363 0.319580 0.180714 0.002876 0.372468
4 0 0.121670 0.224431 0.079090 0.001551 0.573259
4 0 0.098474 0.258701 0.089270 0.000948 0.552607
4 1 0.078927 0.246465 0.168141 0.005452 0.501015
4 1 0.149043 0.196527 0.044720 0.000530 0.609180
4 0 0.128756 0.257153 0.052113 0.000322 0.561656
4 0 0.233084 0.189908 0.022828 0.000172 0.554009
4 0 0.157059 0.237840 0.048042 0.000446 0.556614
4 1 0.100486 0.225065 0.064414 0.000559 0.609475
4 1 0.029695 0.224070 0.130103 0.000570 0.615562
4 1 0.017377 0.203233 0.197853 0.001145 0.580392
4 1 0.015849 0.202337 0.234070 0.001460 0.546283
4 1 0.011418 0.195054 0.310619 0.001961 0.480947
4 1 0.013558 0.189922 0.311058 0.003503 0.481960
4 1 0.037390 0.237932 0.282120 0.004245 0.438313
4 1 0.027472 0.246031 0.281164 0.001985 0.443349
4 1 0.016528 0.208436 0.362018 0.002657 0.410360
2 1 0.008708 0.166541 0.416372 0.004724 0.403655
4 1 0.040116 0.239685 0.308320 0.004449 0.407431
2 1 0.006544 0.179411 0.423029 0.001456 0.389559
2 2 0.004326 0.129983 0.711537 0.000709 0.153445
4 2 0.014993 0.210310 0.354663 0.000601 0.419433
4 2 0.011217 0.207306 0.287806 0.001062 0.492610
2 2 0.011516 0.213651 0.469288 0.000982 0.304563
2 2 0.001923 0.051527 0.912901 0.014260 0.019389
2 2 0.000790 0.033871 0.918953 0.030741 0.015645
2 2 0.002228 0.052767 0.925955 0.002224 0.016826
2 2 0.000133 0.011770 0.969046 0.014425 0.004626
2 2 0.000872 0.030884 0.937317 0.019493 0.011434
2 2 0.000530 0.032212 0.948662 0.002626 0.015969
2 2 0.001016 0.049320 0.904152 0.010507 0.035005
2 2 0.000407 0.031260 0.916539 0.028374 0.023420
2 2 0.001061 0.057220 0.880615 0.011340 0.049764
2 2 0.002405 0.078939 0.865718 0.002956 0.049982
2 2 0.000977 0.030817 0.916547 0.042845 0.008813
2 2 0.000470 0.017396 0.843303 0.132606 0.006225
2 2 0.001259 0.030957 0.922053 0.037423 0.008309
2 2 0.000535 0.027984 0.906497 0.052897 0.012087
2 2 0.000514 0.021879 0.870312 0.099593 0.007702
2 2 0.000330 0.012797 0.888814 0.095977 0.002081
2 2 0.000339 0.014562 0.882323 0.099626 0.003150
2 2 0.000452 0.017700 0.894431 0.083003 0.004414
2 2 0.000279 0.013369 0.848193 0.134628 0.003531
2 2 0.000158 0.007785 0.826905 0.163948 0.001204
2 2 0.000208 0.018743 0.865631 0.102817 0.012602
2 2 0.000184 0.011295 0.890787 0.095058 0.002675
2 2 0.000158 0.011326 0.743636 0.238947 0.005934
2 2 0.000526 0.022744 0.781369 0.181802 0.013559
2 2 0.000149 0.011076 0.752719 0.229371 0.006685
3 2 0.000124 0.004149 0.374772 0.619901 0.001053
2 3 0.000031 0.003227 0.601469 0.394424 0.000849
2 3 0.000063 0.003313 0.523415 0.472694 0.000515
2 3 0.000063 0.004304 0.556991 0.437385 0.001256
3 3 0.000059 0.003412 0.421272 0.574319 0.000938
3 3 0.000075 0.002369 0.241910 0.755103 0.000543
3 3 0.000022 0.001045 0.221201 0.777545 0.000187
3 3 0.000109 0.002210 0.260641 0.736700 0.000340
3 3 0.000040 0.001856 0.277670 0.719939 0.000495
3 3 0.000055 0.001250 0.137165 0.861257 0.000273
3 3 0.000037 0.000969 0.130885 0.867902 0.000207
3 3 0.000080 0.001405 0.121953 0.876267 0.000295
3 3 0.000021 0.000695 0.127646 0.871522 0.000117
3 3 0.000024 0.000857 0.151450 0.847506 0.000163
3 3 0.000044 0.001613 0.216725 0.781259 0.000358
3 3 0.000032 0.001207 0.188133 0.810403 0.000225
3 3 0.000160 0.001417 0.077835 0.920224 0.000364
3 3 0.000097 0.001115 0.081058 0.917522 0.000208
3 3 0.000090 0.001516 0.127427 0.870567 0.000400
3 3 0.000158 0.001428 0.076277 0.921873 0.000264
3 3 0.000085 0.000679 0.045287 0.953837 0.000112
3 3 0.000031 0.000490 0.060934 0.938475 0.000071
3 3 0.000194 0.000725 0.028141 0.970779 0.000160
3 3 0.000075 0.000519 0.035120 0.964199 0.000087
3 3 0.000141 0.000663 0.031175 0.967889 0.000132
3 3 0.000045 0.000660 0.068896 0.930282 0.000117
3 3 0.000217 0.001329 0.058206 0.939879 0.000368
3 3 0.000107 0.000786 0.047255 0.951700 0.000152
3 3 0.000033 0.000422 0.048262 0.951216 0.000067
3 3 0.000065 0.000598 0.047198 0.952036 0.000105
3 3 0.000047 0.000368 0.031419 0.968110 0.000056
3 3 0.000077 0.000420 0.026413 0.973014 0.000076
3 3 0.000166 0.000855 0.038451 0.960360 0.000168
3 3 0.000040 0.000426 0.042864 0.956595 0.000075
3 3 0.000050 0.000496 0.044382 0.954987 0.000085
3 3 0.000124 0.000606 0.030358 0.968794 0.000118
3 3 0.000169 0.000777 0.033699 0.965197 0.000158
3 3 0.000184 0.000621 0.024044 0.975010 0.000141
3 3 0.000078 0.000457 0.029215 0.970170 0.000081
3 3 0.000130 0.000754 0.038826 0.960150 0.000140
3 3 0.000218 0.000720 0.025818 0.973078 0.000167
3 3 0.000154 0.000589 0.025364 0.973767 0.000126
3 3 0.000127 0.000614 0.030443 0.968696 0.000120
3 3 0.000167 0.000608 0.025031 0.974061 0.000133
3 3 0.000059 0.000436 0.033454 0.965972 0.000078
3 3 0.000068 0.000410 0.027754 0.971697 0.000071
3 3 0.000075 0.000456 0.029810 0.969579 0.000079
3 3 0.000064 0.000515 0.039795 0.959520 0.000105
3 3 0.000210 0.000699 0.025465 0.973464 0.000161
3 3 0.000112 0.000657 0.036372 0.962729 0.000129
3 3 0.000332 0.000766 0.020996 0.977700 0.000206
3 3 0.000258 0.000787 0.025782 0.972983 0.000190
3 3 0.000480 0.001199 0.028745 0.969250 0.000325
3 3 0.000320 0.000692 0.018959 0.979840 0.000190
3 3 0.000197 0.000611 0.022471 0.976578 0.000143
3 3 0.000050 0.000362 0.029288 0.970243 0.000057
3 3 0.000069 0.000448 0.030925 0.968482 0.000076
3 3 0.000047 0.000357 0.030515 0.969021 0.000061
3 3 0.000015 0.000180 0.028436 0.971344 0.000025
3 3 0.000048 0.000211 0.015361 0.984342 0.000039
3 3 0.000030 0.000181 0.017387 0.982373 0.000029
3 3 0.000039 0.000210 0.017596 0.982120 0.000036
3 3 0.000083 0.000454 0.027763 0.971618 0.000082
3 3 0.000041 0.000225 0.018498 0.981199 0.000038
3 3 0.000095 0.000348 0.018163 0.981321 0.000073
3 3 0.000184 0.000624 0.024135 0.974917 0.000141
3 3 0.000329 0.000852 0.024138 0.974460 0.000221
3 3 0.000153 0.000499 0.020624 0.978611 0.000113
3 3 0.000144 0.000417 0.017201 0.982141 0.000097
3 3 0.000043 0.000259 0.021166 0.978488 0.000043
3 3 0.000069 0.000470 0.032826 0.966558 0.000078
3 3 0.000056 0.000509 0.042215 0.957136 0.000085
3 3 0.000047 0.000595 0.058411 0.940852 0.000095
3 3 0.000204 0.001394 0.063311 0.934775 0.000316
3 3 0.000153 0.001676 0.106501 0.891330 0.000340
2 3 0.000245 0.015567 0.770923 0.204641 0.008624
2 3 0.000569 0.027400 0.807733 0.148296 0.016001
2 3 0.000451 0.019337 0.895623 0.078582 0.006008
2 2 0.000408 0.022722 0.896455 0.068553 0.011862
2 2 0.000308 0.021843 0.869346 0.094358 0.014145
2 2 0.009878 0.221987 0.425892 0.000906 0.341338
4 2 0.012168 0.177070 0.388466 0.005162 0.417134
4 2 0.009460 0.178937 0.358867 0.002581 0.450156
4 1 0.014333 0.123573 0.288823 0.006289 0.566982
4 1 0.014862 0.161237 0.273224 0.002497 0.548181
4 1 0.006849 0.143488 0.073365 0.000026 0.776272
4 1 0.005774 0.087493 0.142226 0.000457 0.764051
4 1 0.003575 0.099138 0.122135 0.000100 0.775050
4 1 0.004724 0.128886 0.142793 0.000111 0.723486
4 1 0.004505 0.118726 0.090905 0.000037 0.785827
4 1 0.017852 0.094974 0.144646 0.002994 0.739535
4 1 0.094623 0.153734 0.055241 0.000861 0.695541
4 1 0.022388 0.136368 0.204653 0.004877 0.631715
4 1 0.028528 0.132612 0.127567 0.002227 0.709066
4 1 0.011865 0.152739 0.174369 0.000757 0.660270
4 1 0.011884 0.072042 0.120786 0.002303 0.792985
4 1 0.003964 0.139838 0.227360 0.000277 0.628561
4 1 0.005117 0.101285 0.108614 0.000146 0.784837
4 1 0.004260 0.122661 0.105379 0.000056 0.767643
4 1 0.007371 0.077841 0.136012 0.001174 0.777602
4 4 0.003046 0.091125 0.080080 0.000031 0.825718
4 4 0.087546 0.175039 0.051629 0.000423 0.685362
4 4 0.005771 0.117316 0.114144 0.000139 0.762630
4 4 0.028014 0.094369 0.071067 0.000867 0.805684
4 4 0.023693 0.072066 0.094593 0.003470 0.806179
4 4 0.023077 0.091141 0.072890 0.000740 0.812151
4 4 0.022942 0.118017 0.090832 0.000709 0.767500
4 4 0.005675 0.090969 0.078829 0.000085 0.824442
4 4 0.013831 0.093077 0.110723 0.001089 0.781279
4 4 0.014101 0.103225 0.094137 0.000500 0.788037
4 4 0.005255 0.099376 0.103649 0.000139 0.791582
4 4 0.017348 0.116216 0.098836 0.000598 0.767002
4 4 0.012373 0.117220 0.119529 0.000599 0.750279
4 4 0.009974 0.164537 0.084532 0.000053 0.740904
4 4 0.095792 0.143555 0.034206 0.000236 0.726212
4 4 0.070926 0.158659 0.092896 0.002442 0.675077
4 4 0.083035 0.105061 0.050928 0.001522 0.759454
4 4 0.089542 0.140962 0.067692 0.001881 0.699922
4 4 0.060350 0.133566 0.078861 0.001745 0.725478
4 4 0.084033 0.137852 0.071896 0.002159 0.704060
4 4 0.053940 0.141941 0.112945 0.002858 0.688316
4 4 0.031390 0.101069 0.163349 0.010503 0.693689
4 4 0.012649 0.176632 0.138217 0.000321 0.672182
4 4 0.110547 0.172894 0.039263 0.000284 0.677012
4 4 0.038805 0.199825 0.140078 0.001551 0.619741
4 4 0.145038 0.176214 0.057511 0.001493 0.619744
4 4 0.128889 0.168039 0.044473 0.000604 0.657996
4 4 0.052120 0.117187 0.135424 0.011108 0.684160
4 4 0.056276 0.166928 0.153038 0.007132 0.616626
4 4 0.077486 0.138930 0.082870 0.002868 0.697847
4 1 0.040776 0.123227 0.148553 0.008437 0.679007
4 1 0.087305 0.092258 0.058733 0.003776 0.757927
4 1 0.129630 0.138759 0.056428 0.002186 0.672997
4 1 0.036578 0.138413 0.164632 0.007066 0.653310
4 1 0.034902 0.149059 0.143909 0.003397 0.668734
4 1 0.048627 0.158104 0.187271 0.012550 0.593447
4 1 0.042306 0.167730 0.196553 0.009793 0.583618
4 1 0.042268 0.174146 0.194986 0.008588 0.580011
4 1 0.020797 0.182725 0.206445 0.002620 0.587413
4 1 0.048451 0.188781 0.172906 0.005406 0.584456
4 1 0.017995 0.207302 0.293614 0.002874 0.478215
2 1 0.011051 0.184160 0.402110 0.005336 0.397343
4 1 0.009949 0.154896 0.407774 0.006829 0.420552
2 1 0.015107 0.178492 0.467703 0.009325 0.329374
2 1 0.005705 0.160717 0.463312 0.001628 0.368639
4 1 0.017719 0.143415 0.363776 0.017896 0.457193
4 1 0.011651 0.172390 0.371321 0.003854 0.440784
4 1 0.019073 0.186330 0.283014 0.004884 0.506699
4 1 0.021101 0.175294 0.287049 0.007613 0.508944
4 1 0.028985 0.253493 0.216013 0.001730 0.499780
4 1 0.015948 0.168607 0.206309 0.001379 0.607758
4 1 0.037597 0.281814 0.223254 0.000464 0.456871
4 1 0.055875 0.268211 0.074270 0.000186 0.601458
4 1 0.091393 0.220336 0.067249 0.000569 0.620453
4 1 0.024788 0.221216 0.189978 0.001506 0.562512
2 1 0.031091 0.205442 0.443654 0.011422 0.308391
4 1 0.072348 0.224143 0.279643 0.029554 0.394312
2 1 0.037328 0.231191 0.498935 0.011609 0.220938
4 1 0.030620 0.227246 0.340699 0.010486 0.390950
2 1 0.036040 0.198184 0.395740 0.023754 0.346282
2 1 0.015780 0.213544 0.524988 0.001765 0.243923
2 1 0.008928 0.148584 0.702857 0.001891 0.137739
2 1 0.004919 0.119887 0.738430 0.006038 0.130726
2 1 0.007322 0.162282 0.545167 0.007268 0.277961
2 1 0.005958 0.157946 0.595452 0.002589 0.238055
2 1 0.007354 0.132507 0.769704 0.001721 0.088714
2 1 0.004788 0.118825 0.757818 0.006417 0.112152
2 2 0.005865 0.131047 0.768919 0.002976 0.091192
2 2 0.000629 0.037947 0.933036 0.004668 0.023720
2 2 0.001237 0.062598 0.872363 0.006218 0.057584
2 2 0.000914 0.037995 0.915660 0.022667 0.022764
2 2 0.001129 0.046105 0.926201 0.005314 0.021251
2 2 0.001816 0.059700 0.899014 0.009788 0.029683
2 2 0.000856 0.041099 0.926825 0.006184 0.025035
2 2 0.000803 0.051879 0.893334 0.006475 0.047509
2 2 0.000692 0.036607 0.913975 0.027222 0.021504
2 2 0.000630 0.031127 0.947967 0.008257 0.012018
2 2 0.000348 0.023300 0.877711 0.083791 0.014850
2 2 0.001035 0.040298 0.935371 0.006679 0.016617
2 2 0.000568 0.027248 0.938056 0.023264 0.010865
2 2 0.000652 0.036875 0.936820 0.006147 0.019507
2 2 0.002057 0.070210 0.876984 0.004629 0.046119
2 2 0.000201 0.017026 0.943626 0.031171 0.007975
2 2 0.000454 0.030836 0.931794 0.016251 0.020665
2 2 0.000536 0.029310 0.944155 0.011163 0.014837
2 2 0.000828 0.049891 0.876540 0.031222 0.041518
2 2 0.001032 0.053005 0.886319 0.021797 0.037848
2 2 0.000416 0.027348 0.941151 0.014504 0.016581
2 2 0.000616 0.027083 0.930190 0.030390 0.011721
2 2 0.001322 0.061960 0.864123 0.016766 0.055830
2 2 0.001119 0.039597 0.912757 0.029548 0.016980
2 2 0.001670 0.057755 0.886959 0.021092 0.032524
2 2 0.000414 0.023583 0.943619 0.020484 0.011900
2 2 0.000501 0.021530 0.965457 0.006282 0.006230
2 2 0.001039 0.039258 0.931365 0.010349 0.017989
2 2 0.000685 0.023340 0.938306 0.030733 0.006937
2 2 0.000441 0.025550 0.898323 0.060962 0.014723
2 2 0.003985 0.085698 0.857594 0.009766 0.042956
2 2 0.000396 0.023734 0.894947 0.068110 0.012813
2 2 0.000342 0.024900 0.933963 0.028754 0.012041
2 2 0.000750 0.036028 0.929253 0.012592 0.021377
2 2 0.027519 0.226176 0.618285 0.002891 0.125130
2 2 0.045899 0.322362 0.357008 0.000970 0.273761
2 2 0.009308 0.177894 0.619399 0.003411 0.189989
2 0 0.025520 0.227765 0.587536 0.007541 0.151639
2 1 0.012728 0.207110 0.392133 0.003386 0.384643
4 1 0.015714 0.216931 0.364744 0.004116 0.398494
4 1 0.026037 0.265140 0.291521 0.001953 0.415349
4 1 0.021387 0.209791 0.290728 0.003237 0.474856
4 1 0.014076 0.164374 0.375615 0.008430 0.437505
4 1 0.011372 0.173704 0.197056 0.000862 0.617006
4 1 0.025215 0.248536 0.154252 0.000458 0.571538
4 1 0.034550 0.242722 0.131084 0.000518 0.591126
4 1 0.017676 0.185938 0.259930 0.003295 0.533161
4 1 0.052046 0.187707 0.136445 0.002546 0.621256
4 1 0.013407 0.198497 0.310760 0.001890 0.475446
4 1 0.017168 0.217529 0.308138 0.001745 0.455420
4 1 0.008140 0.169270 0.375940 0.002869 0.443782
4 1 0.008937 0.170799 0.404337 0.001911 0.414015
2 1 0.005920 0.154506 0.487629 0.001716 0.350228
4 2 0.024715 0.221066 0.260124 0.002522 0.491573
4 2 0.048188 0.254142 0.268236 0.003127 0.426307
4 2 0.068125 0.321831 0.220271 0.002153 0.387620
4 1 0.046719 0.269349 0.142743 0.001149 0.540039
4 1 0.094780 0.303940 0.092409 0.000612 0.508260
4 1 0.085873 0.257786 0.101440 0.001263 0.553638
4 1 0.034295 0.233330 0.174398 0.001869 0.556108
4 1 0.050390 0.236873 0.193032 0.005040 0.514665
4 1 0.056361 0.278837 0.079833 0.000157 0.584812
4 1 0.167833 0.238790 0.041251 0.000311 0.551815
4 1 0.048492 0.230249 0.073447 0.000214 0.647597
4 1 0.056786 0.169209 0.050887 0.000204 0.722914
4 1 0.010063 0.167506 0.147071 0.000245 0.675114
4 1 0.023944 0.191627 0.119099 0.000478 0.664851
4 1 0.009334 0.156975 0.127672 0.000184 0.705835
4 1 0.053110 0.187048 0.134820 0.003069 0.621953
4 1 0.094850 0.174033 0.058744 0.000747 0.671626
4 1 0.037926 0.166197 0.108027 0.001148 0.686702
4 1 0.023961 0.196512 0.169864 0.001434 0.608229
4 1 0.011098 0.170876 0.178312 0.000647 0.639066
4 1 0.035607 0.200597 0.202682 0.003928 0.557185
4 1 0.099381 0.239590 0.097951 0.001531 0.561547
4 1 0.030690 0.256075 0.345758 0.002380 0.365097
4 1 0.052392 0.163530 0.191328 0.013240 0.579511
4 1 0.041224 0.264996 0.244955 0.002621 0.446204
4 1 0.025666 0.225521 0.169615 0.001104 0.578093
4 1 0.020956 0.205192 0.273830 0.003595 0.496427
4 1 0.017761 0.213846 0.234279 0.001368 0.532746
4 1 0.028825 0.171227 0.211261 0.004958 0.583728
4 1 0.009451 0.186398 0.256426 0.000252 0.547472
4 1 0.005732 0.099222 0.129271 0.000329 0.765446
4 1 0.004160 0.114547 0.115152 0.000087 0.766054
4 1 0.037621 0.151243 0.053357 0.000156 0.757623
4 4 0.018232 0.138142 0.070168 0.000135 0.773323
4 4 0.007186 0.146617 0.082320 0.000038 0.763839
4 4 0.006898 0.141905 0.055791 0.000011 0.795395
4 4 0.072209 0.162130 0.027471 0.000051 0.738139
4 4 0.016254 0.144812 0.037052 0.000013 0.801869
4 4 0.034477 0.111277 0.049697 0.000253 0.804295
4 4 0.023207 0.092019 0.064449 0.000493 0.819832
4 4 0.015706 0.174576 0.113079 0.000251 0.696388
4 4 0.062130 0.177531 0.060135 0.000355 0.699849
4 4 0.031751 0.108432 0.123937 0.004302 0.731578
4 4 0.043452 0.098689 0.097811 0.004546 0.755502
4 4 0.034057 0.194479 0.088168 0.000323 0.682972
4 4 0.180358 0.141932 0.019534 0.000139 0.658037
4 4 0.071547 0.157020 0.032002 0.000089 0.739343
4 4 0.035504 0.146526 0.061835 0.000245 0.755890
4 4 0.044002 0.167984 0.039221 0.000059 0.748735
4 4 0.126186 0.092428 0.023255 0.000405 0.757726
4 4 0.091984 0.121430 0.082796 0.005693 0.698098
4 4 0.158844 0.086540 0.030937 0.001829 0.721850
4 4 0.140062 0.102247 0.021255 0.000279 0.736157
4 4 0.144722 0.136567 0.041324 0.001054 0.676333
4 4 0.089795 0.108478 0.059244 0.002581 0.739902
4 4 0.112842 0.209743 0.050105 0.000377 0.626933
4 4 0.018613 0.166252 0.110901 0.000361 0.703873
4 4 0.048084 0.115956 0.088878 0.002536 0.744546
4 4 0.063757 0.103941 0.064972 0.002106 0.765225
4 4 0.063484 0.136837 0.060848 0.000785 0.738046
4 4 0.067729 0.179965 0.119219 0.003570 0.629516
4 4 0.060024 0.228297 0.149135 0.001955 0.560589
4 4 0.140345 0.194083 0.056203 0.001006 0.608364
4 4 0.114545 0.197446 0.061365 0.000865 0.625779
4 4 0.129843 0.152603 0.048773 0.001065 0.667716
4 4 0.076074 0.192185 0.053986 0.000272 0.677483
4 4 0.034323 0.187367 0.095753 0.000472 0.682085
4 4 0.045199 0.113058 0.084716 0.002095 0.754933
4 4 0.045867 0.160137 0.102453 0.001379 0.690164
4 4 0.057559 0.160908 0.104375 0.002350 0.674808
4 4 0.046506 0.216040 0.113643 0.000818 0.622993
4 4 0.102965 0.137215 0.058758 0.001672 0.699391
4 4 0.128664 0.169293 0.057943 0.001358 0.642742
4 4 0.039347 0.190560 0.149215 0.002268 0.618610
4 4 0.048950 0.210809 0.155449 0.003122 0.581670
4 4 0.027936 0.183063 0.279998 0.008473 0.500530
4 1 0.040781 0.184397 0.195509 0.006929 0.572384
4 1 0.044247 0.216653 0.169839 0.003118 0.566143
4 1 0.053166 0.212555 0.175609 0.003785 0.554885
4 1 0.042409 0.226984 0.146115 0.001532 0.582959
4 1 0.023756 0.201308 0.151132 0.000900 0.622904
4 1 0.027140 0.207434 0.115646 0.000437 0.649342
4 1 0.028873 0.195864 0.146705 0.001152 0.627407
4 1 0.015203 0.178948 0.189984 0.001141 0.614724
4 1 0.014754 0.192962 0.207782 0.001028 0.583475
2 1 0.009557 0.140423 0.732074 0.006069 0.111876
2 2 0.005874 0.136386 0.660975 0.004792 0.191974
2 2 0.015381 0.180195 0.632236 0.006876 0.165312
2 2 0.004845 0.116453 0.739113 0.012762 0.126826
2 2 0.003811 0.121823 0.732151 0.003887 0.138329
2 2 0.005878 0.109720 0.766382 0.024851 0.093169
2 2 0.001629 0.050786 0.897637 0.021027 0.028922
2 2 0.001180 0.053332 0.907687 0.005992 0.031809
2 2 0.003422 0.098449 0.751379 0.025863 0.120888
2 2 0.007017 0.101734 0.819919 0.013827 0.057502
2 2 0.022867 0.214790 0.655195 0.000693 0.106455
2 2 0.001784 0.058346 0.880712 0.021870 0.037288
2 2 0.003295 0.079953 0.860869 0.008050 0.047832
2 2 0.010768 0.109516 0.835920 0.006908 0.036888
2 2 0.002450 0.062527 0.890133 0.007578 0.037312
2 2 0.001252 0.032403 0.918940 0.038168 0.009237
2 2 0.001428 0.031496 0.929849 0.028943 0.008285
2 2 0.000435 0.017843 0.937686 0.039210 0.004826
2 2 0.001319 0.028747 0.927439 0.036498 0.005997
2 2 0.001564 0.055868 0.871204 0.037321 0.034043
2 2 0.000937 0.042645 0.905518 0.024841 0.026059
2 2 0.001524 0.053595 0.878026 0.030468 0.036387
2 2 0.001980 0.049327 0.909648 0.019398 0.019646
2 2 0.002061 0.050342 0.868745 0.054150 0.024702
2 2 0.001343 0.046043 0.893118 0.035951 0.023545
2 2 0.000264 0.016321 0.915234 0.062843 0.005338
2 2 0.000413 0.020597 0.846856 0.123695 0.008439
2 2 0.000213 0.014778 0.883458 0.095850 0.005702
2 2 0.000354 0.016579 0.872121 0.106233 0.004714
2 2 0.000155 0.013522 0.813745 0.165681 0.006897
2 2 0.000127 0.011588 0.911458 0.072627 0.004201
2 2 0.000115 0.011068 0.885832 0.098681 0.004303
2 2 0.000061 0.008322 0.891942 0.096274 0.003402
2 3 0.000235 0.014551 0.754303 0.222772 0.008139
2 3 0.000125 0.010488 0.792744 0.192396 0.004247
2 3 0.000049 0.005579 0.819165 0.173983 0.001225
2 3 0.000070 0.006213 0.698215 0.293756 0.001746
2 3 0.000023 0.003618 0.717028 0.278285 0.001045
2 3 0.000060 0.004404 0.651874 0.342703 0.000959
2 3 0.000034 0.004644 0.716525 0.277303 0.001494
2 3 0.003165 0.031313 0.689351 0.268802 0.007370
2 3 0.000330 0.011082 0.722878 0.263038 0.002671
2 3 0.000210 0.010316 0.816855 0.170058 0.002561
2 3 0.000285 0.013983 0.874686 0.107674 0.003372
2 2 0.000219 0.012858 0.891567 0.091957 0.003398
2 2 0.000960 0.028977 0.759840 0.195893 0.014329
2 2 0.000546 0.019433 0.879442 0.095673 0.004906
2 2 0.000526 0.022464 0.749354 0.215159 0.012497
2 2 0.000185 0.012702 0.842116 0.140916 0.004082
2 2 0.000326 0.016762 0.776348 0.199389 0.007176
2 2 0.000197 0.008951 0.674030 0.314737 0.002086
2 2 0.000163 0.006298 0.705720 0.286959 0.000859
2 3 0.000202 0.009585 0.591247 0.395413 0.003553
2 3 0.023708 0.073531 0.726340 0.166010 0.010411
2 3 0.000339 0.012690 0.850006 0.134967 0.001999
2 3 0.000141 0.006522 0.761234 0.231210 0.000894
2 3 0.000194 0.009889 0.613854 0.372573 0.003489
2 3 0.000105 0.006813 0.765228 0.226791 0.001063
2 3 0.000148 0.006955 0.831128 0.161051 0.000719
2 3 0.000059 0.004734 0.582891 0.411125 0.001192
2 3 0.000059 0.006547 0.765158 0.226332 0.001905
2 3 0.000090 0.007896 0.720910 0.267397 0.003707
2 3 0.000031 0.004219 0.762740 0.231994 0.001017
2 3 0.000043 0.005104 0.707304 0.285608 0.001941
2 3 0.000077 0.005422 0.571532 0.421176 0.001792
3 3 0.000191 0.005399 0.343007 0.649948 0.001455
3 3 0.000016 0.001562 0.380903 0.617231 0.000287
3 3 0.000079 0.002563 0.289800 0.707142 0.000416
3 3 0.000077 0.001690 0.159545 0.838285 0.000403
3 3 0.000111 0.003308 0.343651 0.652391 0.000539
3 3 0.000049 0.002426 0.355059 0.641989 0.000477
3 3 0.000086 0.003058 0.305338 0.690546 0.000971
3 3 0.000043 0.001501 0.204717 0.793400 0.000339
3 3 0.000132 0.003612 0.280204 0.714962 0.001090
3 3 0.000073 0.002391 0.255987 0.740842 0.000707
3 3 0.000024 0.000575 0.089408 0.909913 0.000080
