0 0 0.439297 0.313605 0.095697 0.002089 0.149311
0 0 0.749547 0.141408 0.050700 0.002371 0.055975
0 0 0.645146 0.201573 0.055622 0.001695 0.095963
1 1 0.176601 0.502128 0.169262 0.000297 0.151713
1 1 0.085160 0.442023 0.285477 0.000023 0.187317
2 1 0.000225 0.029865 0.958685 0.000002 0.011223
2 1 0.000518 0.031258 0.961509 0.000644 0.006071
2 1 0.002013 0.073151 0.913882 0.000089 0.010865
2 2 0.000570 0.040497 0.948976 0.000015 0.009942
2 2 0.000777 0.036681 0.954707 0.000632 0.007203
2 2 0.000333 0.021067 0.974763 0.000030 0.003806
2 2 0.000075 0.006640 0.992378 0.000058 0.000849
2 2 0.000135 0.014352 0.980934 0.000453 0.004126
2 2 0.000446 0.020143 0.974611 0.000620 0.004181
2 2 0.000167 0.009444 0.984005 0.003625 0.002759
2 2 0.087303 0.237001 0.635082 0.006265 0.034349
2 2 0.054387 0.245067 0.626577 0.006382 0.067587
2 2 0.003203 0.091552 0.893670 0.000005 0.011569
2 2 0.020511 0.144066 0.793231 0.000326 0.041867
2 2 0.088821 0.301645 0.573465 0.003383 0.032685
2 2 0.004268 0.047938 0.936342 0.000987 0.010465
2 2 0.004769 0.078907 0.904114 0.001838 0.010372
2 2 0.000046 0.006777 0.991927 0.000012 0.001237
2 2 0.000226 0.010878 0.987436 0.000088 0.001372
2 2 0.000833 0.022605 0.967638 0.004198 0.004726
2 2 0.000113 0.002691 0.989091 0.007846 0.000259
2 2 0.000220 0.008665 0.980425 0.010060 0.000630
2 2 0.000371 0.003494 0.984562 0.011462 0.000111
2 2 0.000626 0.006618 0.990039 0.002380 0.000338
2 2 0.000196 0.007898 0.988612 0.002798 0.000496
2 2 0.000316 0.021671 0.974812 0.000021 0.003180
2 2 0.000640 0.014730 0.983395 0.000011 0.001224
2 2 0.001620 0.033085 0.956821 0.004465 0.004009
2 2 0.004818 0.044821 0.940019 0.004061 0.006281
2 2 0.007180 0.083359 0.899795 0.003016 0.006650
2 2 0.004239 0.086314 0.882057 0.000008 0.027382
2 2 0.079331 0.338656 0.518493 0.002817 0.060704
2 2 0.005196 0.111686 0.847034 0.000031 0.036053
2 2 0.013865 0.166378 0.780042 0.000210 0.039506
2 1 0.009940 0.110355 0.833280 0.000099 0.046325
4 1 0.053466 0.314566 0.076972 0.000013 0.554983
4 1 0.036378 0.328121 0.096044 0.000002 0.539455
4 1 0.097889 0.262677 0.059691 0.000255 0.579487
4 1 0.113241 0.264843 0.045167 0.000063 0.576687
4 1 0.040388 0.271789 0.051486 0.000012 0.636324
4 1 0.094955 0.257619 0.021395 0.000005 0.626026
4 1 0.103917 0.278686 0.024311 0.000010 0.593076
4 1 0.108494 0.303658 0.020867 0.000008 0.566973
4 1 0.204655 0.334792 0.027199 0.000022 0.433333
4 1 0.210097 0.330720 0.016756 0.000003 0.442425
4 1 0.096875 0.253173 0.023480 0.000007 0.626466
4 1 0.071341 0.308773 0.072388 0.000022 0.547475
4 1 0.154698 0.326440 0.024013 0.000013 0.494835
4 1 0.094012 0.252934 0.030404 0.000018 0.622632
4 1 0.309180 0.316946 0.033245 0.000043 0.340586
4 1 0.050073 0.182014 0.011728 0.000000 0.756185
4 1 0.044055 0.214773 0.012781 0.000001 0.728391
4 1 0.054881 0.225877 0.010566 0.000001 0.708676
4 1 0.068191 0.198765 0.019275 0.000002 0.713766
4 1 0.066038 0.239976 0.013767 0.000001 0.680217
4 1 0.098671 0.273187 0.010443 0.000000 0.617699
4 1 0.057216 0.243884 0.009822 0.000000 0.689077
4 1 0.090997 0.239144 0.012653 0.000001 0.657205
4 1 0.088560 0.211508 0.013513 0.000001 0.686419
4 1 0.066476 0.219390 0.015331 0.000001 0.698802
4 1 0.101114 0.275402 0.020675 0.000006 0.602803
4 1 0.221325 0.212156 0.022660 0.000001 0.543859
4 1 0.085415 0.212723 0.015901 0.000001 0.685960
4 4 0.175746 0.282463 0.022844 0.000005 0.518941
4 4 0.091620 0.334359 0.054072 0.000002 0.519947
4 4 0.078145 0.262215 0.053185 0.000057 0.606397
4 4 0.093594 0.274749 0.038669 0.000061 0.592927
4 4 0.065448 0.276010 0.053347 0.000024 0.605171
4 4 0.070693 0.302048 0.072998 0.000031 0.554229
4 4 0.148893 0.218572 0.034192 0.000006 0.598337
1 4 0.141656 0.420545 0.191004 0.000494 0.246301
2 4 0.033088 0.360055 0.368995 0.000000 0.237861
1 4 0.091960 0.445160 0.188588 0.000408 0.273884
4 4 0.087667 0.343444 0.184819 0.000864 0.383206
1 4 0.218191 0.345484 0.111245 0.002007 0.323072
4 4 0.090967 0.279477 0.015905 0.000003 0.613648
4 4 0.061832 0.228283 0.012576 0.000001 0.697308
4 4 0.069782 0.222252 0.017444 0.000002 0.690520
4 4 0.066027 0.211918 0.015814 0.000001 0.706240
4 4 0.310644 0.227471 0.030124 0.000006 0.431755
4 4 0.221374 0.298380 0.029730 0.000017 0.450500
4 4 0.259545 0.241846 0.029434 0.000007 0.469168
4 4 0.046647 0.216154 0.017113 0.000003 0.720083
4 4 0.125780 0.304772 0.031774 0.000033 0.537641
4 4 0.114563 0.303446 0.041559 0.000015 0.540417
1 4 0.146709 0.393548 0.277057 0.002174 0.180512
1 4 0.329719 0.351691 0.228129 0.000987 0.089474
1 4 0.234935 0.391466 0.232301 0.001153 0.140146
2 4 0.023632 0.322446 0.523895 0.000022 0.130005
2 2 0.058514 0.349273 0.454589 0.000169 0.137455
2 2 0.010116 0.104823 0.866104 0.000889 0.018068
2 2 0.003142 0.071878 0.911217 0.000132 0.013631
2 2 0.005698 0.072612 0.905430 0.000379 0.015881
2 2 0.000374 0.017947 0.978336 0.000047 0.003295
2 2 0.002033 0.037227 0.951634 0.001428 0.007678
2 2 0.014753 0.122286 0.836955 0.004148 0.021857
2 2 0.006545 0.044614 0.939295 0.001651 0.007896
2 2 0.017773 0.103295 0.857265 0.001846 0.019821
2 2 0.000361 0.019127 0.978031 0.000008 0.002472
2 2 0.003104 0.046113 0.933253 0.009457 0.008073
2 2 0.009898 0.052512 0.925011 0.005261 0.007317
2 2 0.005736 0.017478 0.973787 0.002218 0.000782
2 2 0.025164 0.081904 0.878064 0.009482 0.005386
2 2 0.005356 0.032224 0.953905 0.005010 0.003505
2 2 0.008892 0.054346 0.922193 0.010603 0.003966
2 2 0.006061 0.018602 0.947642 0.026368 0.001326
2 2 0.006041 0.042458 0.937317 0.012149 0.002036
2 2 0.002164 0.016377 0.959639 0.020630 0.001190
2 2 0.002120 0.017452 0.958069 0.020476 0.001883
2 2 0.002391 0.017676 0.955928 0.022431 0.001575
2 2 0.002626 0.018214 0.863966 0.114258 0.000937
2 2 0.002650 0.008770 0.942838 0.045430 0.000311
2 2 0.008695 0.037099 0.873993 0.078239 0.001975
2 2 0.008747 0.022770 0.712986 0.253234 0.002262
2 2 0.024534 0.053606 0.466746 0.444409 0.010705
2 2 0.003410 0.015582 0.669383 0.310242 0.001383
2 2 0.004405 0.016561 0.739246 0.238503 0.001285
2 3 0.001570 0.009525 0.718270 0.269853 0.000782
2 3 0.002443 0.011120 0.856892 0.128956 0.000590
2 3 0.005179 0.018454 0.644278 0.330313 0.001776
2 3 0.003392 0.012925 0.799040 0.183489 0.001154
2 3 0.006328 0.026325 0.632249 0.331735 0.003364
2 3 0.029149 0.062652 0.628487 0.271668 0.008045
2 3 0.004535 0.028425 0.807282 0.156502 0.003256
2 3 0.001912 0.011500 0.875908 0.109921 0.000759
2 3 0.010634 0.036177 0.776845 0.171509 0.004834
2 3 0.003174 0.011511 0.891781 0.092923 0.000611
2 3 0.003413 0.013001 0.889662 0.093442 0.000482
2 3 0.007776 0.028735 0.870767 0.090614 0.002109
2 3 0.000850 0.013855 0.958484 0.025215 0.001596
2 3 0.014231 0.037543 0.511464 0.431478 0.005283
2 2 0.011640 0.024790 0.745584 0.216815 0.001171
2 2 0.003052 0.016565 0.869983 0.109400 0.001000
2 2 0.004117 0.009996 0.898286 0.087310 0.000291
2 2 0.005320 0.016930 0.666852 0.309239 0.001659
3 2 0.002071 0.007986 0.277833 0.710908 0.001201
2 2 0.008692 0.020792 0.707717 0.261785 0.001014
3 2 0.007482 0.019663 0.238476 0.729200 0.005179
2 2 0.003507 0.010092 0.674799 0.311246 0.000356
2 2 0.010260 0.029224 0.586115 0.371633 0.002767
2 2 0.013029 0.024676 0.585449 0.374842 0.002005
2 2 0.005437 0.023281 0.742139 0.227649 0.001494
3 2 0.007294 0.016891 0.420407 0.553112 0.002296
2 2 0.001782 0.009523 0.718902 0.269172 0.000621
2 2 0.007824 0.023673 0.518941 0.446858 0.002704
2 2 0.003972 0.036005 0.908130 0.047458 0.004434
2 2 0.023712 0.071515 0.661629 0.223260 0.019884
2 3 0.017865 0.047383 0.813491 0.108080 0.013181
2 3 0.004041 0.050700 0.888610 0.047392 0.009258
2 3 0.002223 0.020001 0.969878 0.004584 0.003313
2 2 0.045257 0.069994 0.723144 0.155487 0.006117
2 2 0.008190 0.021120 0.719409 0.249886 0.001394
2 2 0.006054 0.012621 0.881189 0.099624 0.000512
2 2 0.011125 0.032600 0.764954 0.188586 0.002734
2 2 0.003378 0.012128 0.918217 0.065714 0.000563
2 2 0.009044 0.058317 0.864604 0.058475 0.009560
2 2 0.001364 0.014060 0.979248 0.004148 0.001180
2 2 0.011976 0.038298 0.550305 0.388624 0.010797
2 2 0.004827 0.038270 0.903342 0.045738 0.007823
2 2 0.002275 0.009138 0.978487 0.009579 0.000521
2 2 0.022923 0.056615 0.694742 0.213153 0.012567
2 2 0.014648 0.051967 0.830618 0.097674 0.005093
2 2 0.009379 0.028621 0.936938 0.021722 0.003341
2 2 0.009843 0.049134 0.865007 0.069291 0.006725
2 2 0.004375 0.026153 0.924319 0.041414 0.003739
2 2 0.047559 0.086405 0.834469 0.024249 0.007318
2 2 0.096600 0.093897 0.790340 0.009269 0.009894
0 0 0.715623 0.143966 0.091929 0.006436 0.042045
0 0 0.769930 0.119618 0.059887 0.005618 0.044948
0 1 0.510161 0.231685 0.175218 0.011744 0.071192
2 1 0.004174 0.080980 0.900939 0.004058 0.009849
2 1 0.000154 0.004863 0.994374 0.000089 0.000520
2 1 0.000618 0.021881 0.973870 0.000442 0.003188
2 2 0.000744 0.027938 0.962758 0.000507 0.008053
2 2 0.001737 0.027011 0.953581 0.013187 0.004483
2 2 0.000068 0.007387 0.990623 0.001370 0.000552
2 2 0.000166 0.003092 0.992492 0.004081 0.000170
2 2 0.000463 0.006676 0.982866 0.009348 0.000647
2 2 0.000501 0.005278 0.962423 0.031271 0.000526
2 2 0.000155 0.003944 0.988323 0.007305 0.000272
2 2 0.001020 0.006305 0.705547 0.286889 0.000239
2 2 0.001283 0.008421 0.689264 0.300624 0.000407
3 2 0.000585 0.003414 0.245944 0.749627 0.000429
3 3 0.002034 0.008304 0.293298 0.694804 0.001560
2 3 0.001107 0.005709 0.530325 0.462605 0.000253
3 3 0.001376 0.005632 0.259078 0.733340 0.000574
2 3 0.000819 0.005526 0.502257 0.490993 0.000406
3 3 0.000968 0.004113 0.182682 0.811713 0.000525
3 3 0.000280 0.002242 0.353833 0.643507 0.000138
3 3 0.003861 0.005195 0.051767 0.936276 0.002901
3 3 0.002543 0.010136 0.266349 0.717671 0.003301
3 3 0.002306 0.010631 0.287740 0.696463 0.002859
2 3 0.011865 0.033940 0.515573 0.431308 0.007313
2 3 0.000757 0.007596 0.682286 0.308432 0.000929
2 2 0.000273 0.003964 0.891149 0.104458 0.000157
2 2 0.002988 0.014075 0.642835 0.338425 0.001677
2 2 0.011143 0.020788 0.505410 0.460849 0.001810
2 2 0.002407 0.009066 0.708040 0.280015 0.000470
3 2 0.001920 0.008191 0.411791 0.577290 0.000807
3 2 0.012344 0.015228 0.099592 0.864393 0.008443
3 2 0.009568 0.039835 0.404214 0.534596 0.011787
2 2 0.000395 0.009677 0.940740 0.048145 0.001043
2 2 0.001060 0.007207 0.945636 0.045155 0.000941
2 2 0.001454 0.013465 0.659692 0.323542 0.001847
2 2 0.000488 0.007458 0.930932 0.060402 0.000720
2 2 0.001010 0.007145 0.552271 0.439041 0.000533
2 2 0.001450 0.006641 0.630257 0.361236 0.000416
3 2 0.003016 0.009711 0.370907 0.615246 0.001120
3 2 0.001127 0.006044 0.376450 0.615910 0.000468
3 2 0.003231 0.008592 0.171775 0.814535 0.001867
3 3 0.015530 0.017777 0.197643 0.764284 0.004766
3 3 0.007212 0.016046 0.296049 0.678063 0.002630
3 3 0.049240 0.046816 0.292605 0.597474 0.013865
3 3 0.004478 0.005985 0.056069 0.930096 0.003372
2 3 0.219445 0.150663 0.425398 0.166436 0.038058
2 3 0.018372 0.100725 0.700131 0.127040 0.053732
2 3 0.005567 0.080093 0.897868 0.000402 0.016070
2 3 0.005599 0.073470 0.892240 0.006688 0.022004
2 3 0.012498 0.089543 0.881994 0.002318 0.013646
2 3 0.003816 0.065198 0.909302 0.004673 0.017011
2 3 0.000678 0.008537 0.985609 0.004475 0.000701
2 3 0.006653 0.040039 0.693226 0.252738 0.007345
2 3 0.006269 0.025243 0.770353 0.194788 0.003346
2 3 0.019579 0.057934 0.670524 0.242889 0.009074
2 3 0.002185 0.019235 0.806732 0.167805 0.004043
2 3 0.008494 0.033830 0.529535 0.417358 0.010783
2 3 0.018322 0.054167 0.553039 0.358489 0.015983
2 3 0.018345 0.050401 0.875393 0.050699 0.005162
2 3 0.008280 0.029124 0.742200 0.215466 0.004930
2 3 0.020743 0.062448 0.759779 0.146587 0.010443
2 3 0.024459 0.078109 0.764288 0.115401 0.017744
2 3 0.037210 0.088482 0.751055 0.101131 0.022123
2 1 0.018291 0.098538 0.863956 0.008512 0.010703
2 1 0.029199 0.143287 0.780066 0.020105 0.027343
2 1 0.053893 0.087649 0.686146 0.151753 0.020559
2 1 0.147795 0.247191 0.565333 0.000511 0.039170
2 2 0.340498 0.195664 0.407517 0.006215 0.050106
0 2 0.733975 0.111625 0.101434 0.012045 0.040921
0 2 0.846711 0.087691 0.036200 0.001909 0.027489
0 1 0.724405 0.143078 0.067509 0.005996 0.059012
2 2 0.024770 0.122520 0.810097 0.015002 0.027611
2 2 0.007944 0.058883 0.889729 0.025079 0.018365
2 2 0.004246 0.048527 0.934042 0.001893 0.011290
2 4 0.003443 0.049870 0.921159 0.000756 0.024771
2 4 0.043856 0.213372 0.664450 0.021429 0.056893
1 4 0.177009 0.384836 0.121270 0.001068 0.315817
0 4 0.355586 0.305003 0.062420 0.000574 0.276418
4 4 0.235835 0.282183 0.106141 0.002293 0.373548
4 4 0.262747 0.265403 0.073874 0.000367 0.397608
4 4 0.269061 0.329483 0.051844 0.000264 0.349348
4 4 0.046521 0.211580 0.031189 0.000027 0.710683
4 4 0.029007 0.164100 0.029893 0.000020 0.776980
4 4 0.018797 0.165519 0.046945 0.000021 0.768718
4 4 0.033581 0.149555 0.032606 0.000016 0.784241
4 4 0.033799 0.155056 0.029437 0.000013 0.781695
4 4 0.019744 0.130292 0.029528 0.000017 0.820419
4 4 0.032088 0.137581 0.035165 0.000018 0.795148
4 4 0.018822 0.189330 0.096649 0.000036 0.695163
4 4 0.013337 0.180970 0.070218 0.000030 0.735445
4 4 0.041899 0.167111 0.037347 0.000028 0.753615
4 4 0.042206 0.199968 0.035487 0.000041 0.722298
4 4 0.073923 0.225171 0.069959 0.000371 0.630575
4 4 0.064520 0.242636 0.046980 0.000055 0.645809
4 4 0.111145 0.189924 0.035852 0.000010 0.663069
4 4 0.144333 0.336402 0.030741 0.000008 0.488516
2 4 0.011141 0.161550 0.702533 0.000521 0.124256
2 4 0.019329 0.239146 0.491309 0.001048 0.249168
2 4 0.004059 0.153718 0.748162 0.000050 0.094011
2 4 0.004858 0.134618 0.779595 0.000455 0.080475
2 4 0.012029 0.161150 0.666397 0.000664 0.159760
2 4 0.034154 0.180345 0.724683 0.012496 0.048322
2 4 0.011022 0.138346 0.802365 0.003152 0.045115
2 4 0.006042 0.066077 0.917506 0.000137 0.010239
2 4 0.022886 0.157384 0.774963 0.005899 0.038869
2 4 0.001309 0.039333 0.953937 0.000017 0.005403
2 2 0.003633 0.066185 0.920600 0.000395 0.009187
2 2 0.005211 0.060045 0.926445 0.000353 0.007946
2 2 0.013185 0.108655 0.858239 0.000812 0.019108
2 2 0.020448 0.143437 0.787792 0.010328 0.037995
2 2 0.003530 0.074764 0.909092 0.000175 0.012439
2 2 0.300695 0.247948 0.396415 0.016124 0.038818
2 2 0.159565 0.293724 0.504713 0.007242 0.034756
2 2 0.021319 0.037909 0.932541 0.005493 0.002738
2 2 0.024405 0.048271 0.921307 0.001958 0.004059
2 2 0.116856 0.165765 0.666357 0.033937 0.017085
2 2 0.078773 0.187736 0.706092 0.003981 0.023418
2 2 0.135866 0.320774 0.470731 0.012235 0.060394
2 2 0.052242 0.269832 0.633958 0.000368 0.043600
2 2 0.055993 0.184642 0.710926 0.007115 0.041324
2 2 0.139317 0.238166 0.569572 0.005468 0.047477
2 2 0.047677 0.120795 0.809785 0.007208 0.014535
2 2 0.008335 0.068465 0.913070 0.000031 0.010100
2 2 0.079085 0.148759 0.707276 0.023865 0.041015
2 2 0.087927 0.331132 0.526577 0.006563 0.047801
2 2 0.021987 0.148876 0.809381 0.000105 0.019651
2 2 0.000233 0.015735 0.981266 0.000002 0.002764
2 2 0.000400 0.034925 0.955420 0.000003 0.009253
2 2 0.001011 0.042619 0.946881 0.000116 0.009373
2 2 0.000545 0.016892 0.979414 0.000462 0.002688
2 2 0.000544 0.019661 0.974914 0.000408 0.004473
2 2 0.000953 0.013384 0.974302 0.010024 0.001336
2 2 0.001366 0.011376 0.984774 0.001821 0.000663
2 2 0.007110 0.031178 0.943313 0.016312 0.002087
2 2 0.001499 0.014959 0.968939 0.013142 0.001461
2 2 0.000942 0.012905 0.965177 0.019082 0.001894
2 2 0.006926 0.031924 0.929441 0.028844 0.002866
2 2 0.002822 0.014760 0.967332 0.013962 0.001124
2 2 0.000880 0.004082 0.946119 0.048724 0.000196
2 2 0.011213 0.036596 0.643708 0.300242 0.008240
2 2 0.002436 0.015347 0.803619 0.176647 0.001951
2 2 0.001870 0.011972 0.646474 0.337967 0.001716
2 2 0.006008 0.028540 0.749223 0.212141 0.004087
2 2 0.005085 0.018112 0.824098 0.151464 0.001241
3 2 0.059188 0.059090 0.325730 0.534019 0.021973
2 2 0.003704 0.019124 0.776563 0.198523 0.002086
2 2 0.000868 0.016681 0.938151 0.041277 0.003023
2 2 0.001183 0.005754 0.899790 0.093044 0.000229
2 2 0.000967 0.007902 0.916155 0.074146 0.000829
2 2 0.001510 0.010487 0.798527 0.188405 0.001072
2 2 0.001628 0.013933 0.881973 0.100003 0.002464
2 2 0.001106 0.007261 0.876263 0.114836 0.000535
3 2 0.006694 0.022416 0.351099 0.613816 0.005975
2 2 0.008259 0.028163 0.504065 0.452400 0.007113
2 2 0.001425 0.009701 0.947084 0.041063 0.000728
2 2 0.000826 0.004343 0.894539 0.100148 0.000144
2 2 0.000183 0.002949 0.904113 0.092541 0.000214
2 2 0.003990 0.016659 0.777432 0.200505 0.001414
2 2 0.008200 0.023965 0.771908 0.193980 0.001948
2 2 0.002718 0.008767 0.719513 0.268212 0.000790
2 2 0.002180 0.011418 0.750792 0.234388 0.001221
3 2 0.002569 0.007389 0.317055 0.672333 0.000653
3 3 0.006417 0.013962 0.363430 0.614646 0.001545
3 3 0.006893 0.016666 0.438409 0.536399 0.001634
3 3 0.012600 0.018623 0.339123 0.627070 0.002584
3 3 0.003414 0.010353 0.412641 0.572772 0.000820
3 3 0.002562 0.006797 0.145213 0.843899 0.001528
3 3 0.008196 0.013186 0.157936 0.816745 0.003937
3 3 0.006891 0.015734 0.300308 0.674560 0.002507
2 3 0.011069 0.021297 0.518041 0.447769 0.001825
3 3 0.005963 0.015349 0.367463 0.609366 0.001860
3 3 0.001590 0.007269 0.464373 0.526278 0.000491
3 3 0.011851 0.019888 0.291872 0.672727 0.003661
3 3 0.003711 0.011904 0.310551 0.671501 0.002333
3 3 0.023094 0.022673 0.218782 0.729476 0.005974
3 3 0.018763 0.024041 0.255652 0.695825 0.005720
3 3 0.010167 0.011067 0.091892 0.881674 0.005200
3 3 0.018382 0.023831 0.339012 0.614928 0.003846
3 3 0.006804 0.014454 0.324896 0.651935 0.001911
3 3 0.010664 0.013723 0.129345 0.841112 0.005157
3 3 0.023894 0.026392 0.218999 0.722755 0.007960
3 3 0.024000 0.026127 0.322586 0.622644 0.004643
3 3 0.008693 0.010186 0.112355 0.865190 0.003576
3 3 0.022849 0.019651 0.141385 0.808232 0.007882
3 3 0.005409 0.012159 0.245389 0.734954 0.002088
3 3 0.025173 0.030423 0.357275 0.581782 0.005347
3 3 0.026334 0.029401 0.255029 0.681371 0.007866
3 3 0.014056 0.021376 0.233799 0.725315 0.005454
3 3 0.018865 0.015643 0.108416 0.849767 0.007310
3 3 0.019886 0.022286 0.174824 0.775041 0.007962
3 3 0.015605 0.015968 0.109788 0.850827 0.007813
3 3 0.013138 0.014032 0.093179 0.871952 0.007698
3 3 0.011615 0.011982 0.104766 0.866607 0.005030
3 3 0.012760 0.013537 0.091815 0.874536 0.007352
3 3 0.035859 0.042834 0.426050 0.487908 0.007349
3 3 0.026413 0.021327 0.140156 0.803056 0.009048
2 3 0.031795 0.119897 0.670208 0.116255 0.061845
2 3 0.015852 0.114467 0.780693 0.069104 0.019884
2 3 0.005848 0.060722 0.895189 0.025264 0.012977
2 2 0.005453 0.042424 0.939658 0.005134 0.007331
2 2 0.001200 0.020774 0.974221 0.001349 0.002457
2 2 0.002462 0.056390 0.910331 0.009282 0.021535
2 2 0.001671 0.036967 0.940673 0.010950 0.009739
2 2 0.001644 0.032743 0.945428 0.011305 0.008880
2 2 0.001457 0.038724 0.884174 0.059203 0.016443
2 2 0.002053 0.036995 0.944890 0.008432 0.007631
2 2 0.002999 0.025762 0.938752 0.028112 0.004376
2 2 0.001102 0.014757 0.975821 0.005560 0.002761
2 2 0.002364 0.024452 0.831804 0.136694 0.004686
2 2 0.003365 0.030662 0.900410 0.058251 0.007313
2 2 0.002279 0.022964 0.964605 0.007272 0.002881
2 2 0.003588 0.017328 0.910935 0.066895 0.001254
2 2 0.006001 0.021028 0.861424 0.109943 0.001604
2 2 0.009480 0.024455 0.750532 0.213736 0.001796
2 2 0.008110 0.025861 0.774729 0.188821 0.002479
2 2 0.003076 0.016231 0.672738 0.305228 0.002727
2 2 0.002088 0.009498 0.820154 0.167625 0.000635
2 2 0.002670 0.010354 0.843831 0.142353 0.000793
2 2 0.002875 0.013854 0.654010 0.327877 0.001385
3 2 0.007170 0.022809 0.443403 0.523117 0.003500
2 3 0.010945 0.030052 0.512812 0.442561 0.003631
2 3 0.007620 0.021870 0.744236 0.223971 0.002302
2 3 0.021953 0.049823 0.502709 0.415114 0.010401
2 3 0.024928 0.046041 0.612677 0.311365 0.004989
3 3 0.016632 0.030759 0.242927 0.699043 0.010639
2 3 0.023161 0.057173 0.767467 0.146922 0.005277
2 3 0.012944 0.035333 0.744465 0.202104 0.005154
2 3 0.003145 0.015772 0.773166 0.206517 0.001400
2 3 0.003949 0.016605 0.785641 0.191814 0.001990
2 3 0.017605 0.047530 0.675875 0.252439 0.006550
3 3 0.016378 0.040215 0.466942 0.468349 0.008116
2 3 0.003085 0.028037 0.902032 0.059624 0.007222
2 3 0.012551 0.053990 0.812587 0.111315 0.009557
2 3 0.003531 0.021330 0.664375 0.306406 0.004358
2 3 0.014774 0.060543 0.521188 0.386782 0.016712
2 3 0.009972 0.042307 0.643130 0.295626 0.008965
3 3 0.008068 0.019917 0.321631 0.646659 0.003725
3 3 0.003655 0.013634 0.230748 0.748839 0.003124
3 3 0.001925 0.009321 0.440127 0.547452 0.001175
2 3 0.007392 0.015121 0.671037 0.305419 0.001031
3 2 0.006040 0.013480 0.187129 0.788620 0.004731
2 2 0.007371 0.054151 0.876235 0.051044 0.011200
2 2 0.005311 0.030821 0.701634 0.245266 0.016968
2 2 0.005106 0.066019 0.894917 0.021437 0.012521
2 2 0.008689 0.040441 0.920040 0.025160 0.005670
2 2 0.001623 0.026162 0.968143 0.000474 0.003598
2 2 0.000729 0.027866 0.962584 0.000232 0.008588
2 2 0.000345 0.037061 0.945125 0.000014 0.017455
2 2 0.008009 0.073443 0.877347 0.018808 0.022394
2 2 0.002316 0.055882 0.891099 0.023392 0.027310
2 2 0.001755 0.040743 0.942297 0.004644 0.010562
2 1 0.008531 0.171909 0.672599 0.000250 0.146711
2 1 0.009263 0.129232 0.785019 0.000232 0.076254
1 1 0.097062 0.342297 0.230835 0.003142 0.326664
1 1 0.074684 0.324012 0.307527 0.003884 0.289893
1 1 0.122266 0.411657 0.267473 0.005792 0.192812
4 1 0.073948 0.322702 0.192553 0.000693 0.410103
4 4 0.099802 0.274486 0.099284 0.000959 0.525469
4 4 0.087768 0.310258 0.161104 0.000250 0.440621
4 4 0.148360 0.281692 0.052591 0.000140 0.517217
4 4 0.165794 0.234109 0.060546 0.000105 0.539447
4 4 0.279439 0.266903 0.082624 0.000632 0.370401
0 4 0.333889 0.285895 0.053572 0.000181 0.326462
1 4 0.173778 0.340269 0.194601 0.000035 0.291318
0 4 0.372066 0.276500 0.043895 0.000084 0.307456
4 4 0.168019 0.309777 0.073711 0.000097 0.448396
4 4 0.090450 0.331495 0.148547 0.000433 0.429075
4 4 0.161977 0.269552 0.080322 0.000591 0.487559
0 4 0.521142 0.260148 0.071741 0.001212 0.145759
1 4 0.047703 0.352954 0.300222 0.000034 0.299087
1 4 0.064506 0.353926 0.229180 0.000600 0.351788
4 4 0.036118 0.234500 0.060703 0.000041 0.668638
4 4 0.020307 0.250350 0.104806 0.000065 0.624471
4 4 0.006479 0.268910 0.338934 0.000000 0.385677
4 4 0.040163 0.221073 0.048985 0.000074 0.689705
4 4 0.041210 0.201904 0.061404 0.000347 0.695135
4 4 0.014498 0.139739 0.025015 0.000019 0.820729
4 4 0.018245 0.147486 0.030064 0.000031 0.804174
4 4 0.015337 0.136014 0.023737 0.000013 0.824898
4 4 0.014019 0.120834 0.025251 0.000014 0.839882
4 4 0.012199 0.122876 0.025608 0.000011 0.839306
4 4 0.043527 0.215870 0.036499 0.000056 0.704047
4 4 0.051715 0.223988 0.024170 0.000011 0.700116
0 4 0.477137 0.263883 0.031505 0.000041 0.227433
4 4 0.068312 0.246511 0.017131 0.000003 0.668042
4 4 0.085361 0.236038 0.019423 0.000003 0.659175
4 4 0.049357 0.214463 0.011264 0.000001 0.724916
4 4 0.016584 0.124449 0.011558 0.000001 0.847409
4 4 0.012890 0.171515 0.021451 0.000001 0.794144
4 4 0.011564 0.118378 0.010581 0.000001 0.859477
4 4 0.019534 0.140280 0.016442 0.000002 0.823742
4 4 0.025123 0.177884 0.056420 0.000270 0.740303
4 4 0.018762 0.207976 0.084093 0.000100 0.689070
4 4 0.075685 0.225303 0.033583 0.000016 0.665413
4 4 0.030077 0.194611 0.054750 0.000178 0.720384
4 4 0.013478 0.204654 0.081350 0.000046 0.700472
4 4 0.066376 0.302245 0.113772 0.000118 0.517489
4 4 0.063410 0.279150 0.110031 0.000179 0.547231
4 4 0.031822 0.241926 0.081646 0.000111 0.644495
4 4 0.032173 0.232406 0.065068 0.000060 0.670293
4 4 0.022237 0.298404 0.165295 0.000006 0.514058
4 4 0.019294 0.254629 0.108828 0.000004 0.617245
4 4 0.025647 0.211298 0.057879 0.000023 0.705153
4 4 0.029862 0.183795 0.051304 0.000075 0.734964
4 4 0.026362 0.197619 0.047532 0.000080 0.728407
4 4 0.023836 0.168441 0.040269 0.000090 0.767364
4 4 0.027705 0.265206 0.136809 0.000059 0.570221
4 4 0.063734 0.259510 0.096634 0.000120 0.580003
4 4 0.066165 0.200573 0.051250 0.000086 0.681926
4 4 0.086096 0.267237 0.050251 0.000163 0.596253
4 4 0.007557 0.302913 0.185105 0.000000 0.504425
2 4 0.023958 0.267827 0.558514 0.000296 0.149404
2 4 0.074002 0.308977 0.468771 0.003182 0.145067
2 4 0.013785 0.235742 0.662270 0.000008 0.088196
2 4 0.019327 0.221017 0.674460 0.000042 0.085154
2 4 0.006595 0.150557 0.794239 0.000016 0.048593
4 4 0.016866 0.298682 0.281437 0.000010 0.403006
4 2 0.022786 0.328249 0.238003 0.000093 0.410868
2 2 0.004756 0.275776 0.489424 0.000002 0.230043
4 2 0.026894 0.271151 0.220474 0.000143 0.481338
4 2 0.024150 0.273242 0.213153 0.001306 0.488149
2 2 0.014269 0.324230 0.565696 0.000037 0.095768
2 2 0.033168 0.302674 0.461505 0.000445 0.202209
2 2 0.085197 0.298706 0.493648 0.001609 0.120841
2 2 0.131333 0.361931 0.379606 0.001207 0.125923
2 2 0.019646 0.251681 0.539842 0.000208 0.188623
2 2 0.001483 0.038971 0.951067 0.001554 0.006924
2 2 0.006301 0.075521 0.904863 0.001925 0.011390
2 2 0.012113 0.101258 0.867963 0.001499 0.017166
2 2 0.005742 0.109214 0.867999 0.000039 0.017006
2 2 0.001981 0.048298 0.940766 0.000026 0.008928
2 2 0.000195 0.012033 0.985998 0.000154 0.001621
2 2 0.000613 0.010530 0.987447 0.000359 0.001051
2 2 0.000428 0.026421 0.968254 0.000166 0.004731
2 2 0.000935 0.023431 0.971186 0.000839 0.003608
2 2 0.000448 0.015695 0.981514 0.000543 0.001799
2 2 0.003520 0.067090 0.918110 0.000976 0.010304
2 2 0.000153 0.016582 0.979399 0.000001 0.003866
2 2 0.004684 0.091402 0.880695 0.000424 0.022796
2 2 0.000667 0.033514 0.960429 0.000021 0.005369
2 2 0.000809 0.047169 0.935988 0.000004 0.016030
2 2 0.002571 0.051376 0.937431 0.000316 0.008306
2 2 0.001181 0.025289 0.969419 0.000835 0.003277
2 2 0.000203 0.010799 0.988023 0.000004 0.000972
2 2 0.002175 0.041194 0.947753 0.000422 0.008457
2 2 0.000860 0.030784 0.962045 0.000267 0.006045
2 2 0.001526 0.024601 0.970010 0.000572 0.003291
2 2 0.000637 0.022133 0.974289 0.000332 0.002609
2 2 0.000387 0.018503 0.977901 0.000338 0.002871
2 2 0.000745 0.020691 0.973176 0.001927 0.003461
2 2 0.000242 0.012243 0.985259 0.000295 0.001961
2 2 0.000219 0.011054 0.986014 0.000685 0.002029
2 2 0.001011 0.016219 0.979365 0.000730 0.002675
2 2 0.002256 0.026707 0.961260 0.004978 0.004799
2 2 0.001616 0.034357 0.954410 0.002195 0.007422
2 2 0.000842 0.021464 0.968646 0.004764 0.004285
2 2 0.000779 0.023589 0.967079 0.002928 0.005626
2 2 0.000372 0.018768 0.976677 0.000035 0.004147
2 2 0.000222 0.008512 0.988541 0.001271 0.001453
2 2 0.000816 0.029507 0.961913 0.000550 0.007214
2 2 0.000785 0.017706 0.976894 0.001704 0.002912
2 2 0.002464 0.017250 0.968065 0.010640 0.001580
2 2 0.000595 0.006969 0.977517 0.014603 0.000317
2 2 0.001574 0.011124 0.850793 0.135377 0.001132
2 2 0.000948 0.008755 0.975392 0.014175 0.000731
2 2 0.000496 0.008141 0.980464 0.010214 0.000686
2 2 0.001012 0.030581 0.961334 0.001276 0.005796
2 2 0.000809 0.016468 0.980797 0.000720 0.001206
2 2 0.000756 0.014817 0.980092 0.001675 0.002660
2 2 0.000186 0.006512 0.989612 0.002655 0.001035
2 2 0.001184 0.025501 0.962295 0.006150 0.004870
2 2 0.004304 0.031323 0.932005 0.028523 0.003845
2 2 0.001066 0.015019 0.955346 0.026772 0.001798
2 2 0.000972 0.009481 0.963425 0.025031 0.001091
2 2 0.001356 0.011089 0.870028 0.116157 0.001370
2 2 0.001662 0.015302 0.961847 0.019742 0.001446
2 2 0.001021 0.014996 0.975904 0.006179 0.001900
2 2 0.004536 0.032839 0.857714 0.099575 0.005335
2 2 0.002756 0.026973 0.920562 0.045135 0.004574
2 2 0.002834 0.030615 0.906632 0.053822 0.006097
2 2 0.006966 0.031975 0.624167 0.331317 0.005576
2 2 0.003070 0.019181 0.921553 0.052917 0.003278
2 2 0.008166 0.046806 0.863466 0.071015 0.010547
2 2 0.001254 0.019297 0.952093 0.023668 0.003688
2 2 0.004449 0.030699 0.875164 0.084699 0.004988
2 2 0.000857 0.017972 0.954620 0.023710 0.002842
2 2 0.012694 0.054997 0.604240 0.313404 0.014666
2 2 0.008559 0.029756 0.849990 0.105766 0.005929
2 2 0.003574 0.028107 0.956611 0.007276 0.004433
2 2 0.010833 0.047043 0.804898 0.131170 0.006056
2 2 0.008029 0.043307 0.900133 0.041285 0.007245
0 2 0.361889 0.164538 0.288696 0.100384 0.084493
2 2 0.276153 0.205723 0.338392 0.066109 0.113623
2 2 0.145795 0.313856 0.491712 0.006898 0.041739
2 2 0.167533 0.238487 0.560627 0.004985 0.028369
2 2 0.041853 0.103360 0.831848 0.005700 0.017239
2 2 0.002748 0.059269 0.926578 0.000134 0.011271
2 2 0.001434 0.049139 0.939685 0.000084 0.009658
2 2 0.000448 0.024551 0.970680 0.000009 0.004312
2 2 0.002633 0.039689 0.944625 0.001125 0.011927
2 2 0.002707 0.085577 0.891466 0.000688 0.019563
2 2 0.001331 0.050191 0.940294 0.000004 0.008180
2 2 0.008363 0.080299 0.889339 0.004033 0.017966
2 2 0.015618 0.152798 0.793693 0.000206 0.037685
2 2 0.010401 0.087337 0.881548 0.002118 0.018597
2 2 0.015095 0.109174 0.840219 0.011844 0.023668
2 2 0.004947 0.080683 0.897099 0.000153 0.017117
2 2 0.017590 0.140785 0.797185 0.003823 0.040617
2 2 0.017101 0.126894 0.820134 0.003612 0.032259
2 2 0.007890 0.097516 0.864030 0.002396 0.028168
2 2 0.011747 0.118482 0.834542 0.001331 0.033897
2 2 0.022098 0.087605 0.871989 0.003968 0.014341
2 2 0.008380 0.041230 0.940544 0.005777 0.004069
2 2 0.001691 0.028651 0.961687 0.003540 0.004432
2 2 0.017415 0.100881 0.844005 0.020374 0.017325
2 2 0.001964 0.024087 0.966818 0.003896 0.003236
2 2 0.003514 0.020242 0.971898 0.002214 0.002131
2 2 0.130428 0.194662 0.592031 0.053236 0.029643
2 2 0.038962 0.106795 0.766295 0.070179 0.017769
2 2 0.081049 0.118913 0.731103 0.050765 0.018170
2 2 0.002697 0.025180 0.966800 0.003471 0.001853
2 2 0.002341 0.040506 0.945997 0.002393 0.008763
2 2 0.003403 0.034579 0.947701 0.007735 0.006582
2 2 0.002005 0.038367 0.939332 0.011905 0.008392
2 2 0.000454 0.017308 0.979564 0.000277 0.002396
2 2 0.000377 0.014833 0.982548 0.000567 0.001675
2 2 0.001463 0.021041 0.971760 0.003147 0.002589
2 2 0.001144 0.016680 0.968448 0.010817 0.002911
2 2 0.010406 0.073778 0.902354 0.005719 0.007743
2 2 0.002910 0.041538 0.947176 0.002225 0.006151
2 2 0.002390 0.027045 0.966588 0.000691 0.003286
2 2 0.004928 0.028466 0.946654 0.015979 0.003973
2 2 0.001910 0.018976 0.970389 0.006169 0.002557
2 2 0.004036 0.033846 0.953040 0.004488 0.004590
2 2 0.033417 0.119156 0.706766 0.089707 0.050954
2 2 0.008750 0.057508 0.924608 0.001590 0.007545
2 2 0.001498 0.048985 0.939356 0.000089 0.010072
2 2 0.000736 0.020905 0.975141 0.000047 0.003171
2 2 0.001841 0.032518 0.955230 0.005739 0.004672
2 2 0.001369 0.040573 0.948697 0.000092 0.009269
2 2 0.002836 0.049611 0.934742 0.000652 0.012159
2 2 0.008850 0.067893 0.899213 0.006550 0.017495
2 2 0.006057 0.069452 0.864749 0.032530 0.027212
2 2 0.004573 0.042645 0.944382 0.001688 0.006712
2 2 0.005241 0.049220 0.938314 0.000597 0.006629
2 2 0.040307 0.154811 0.739477 0.017669 0.047737
2 2 0.004824 0.059859 0.909153 0.013968 0.012195
2 2 0.004686 0.043650 0.941628 0.001516 0.008521
2 2 0.005512 0.031243 0.952335 0.007028 0.003882
2 2 0.002101 0.022104 0.971202 0.002398 0.002195
2 2 0.027689 0.077029 0.833363 0.051382 0.010537
2 2 0.006816 0.030557 0.895167 0.064769 0.002691
2 2 0.009187 0.022194 0.917371 0.049294 0.001953
2 2 0.005716 0.040360 0.945984 0.005490 0.002450
2 2 0.007053 0.036609 0.928583 0.024696 0.003059
2 2 0.170901 0.174571 0.587137 0.035594 0.031797
2 2 0.018314 0.100048 0.803868 0.048445 0.029325
2 1 0.021691 0.139307 0.795683 0.011282 0.032038
2 1 0.008576 0.057878 0.919813 0.000194 0.013539
2 1 0.011769 0.124992 0.805027 0.001385 0.056827
2 4 0.011099 0.120451 0.843566 0.003764 0.021121
4 4 0.168362 0.318593 0.044358 0.000116 0.468571
4 4 0.180145 0.228541 0.062211 0.000101 0.529002
4 4 0.161368 0.301827 0.051956 0.000171 0.484677
4 4 0.171753 0.245045 0.045654 0.000041 0.537508
4 4 0.125387 0.322023 0.078360 0.000177 0.474054
4 4 0.049537 0.205288 0.041918 0.000066 0.703191
4 4 0.028138 0.160687 0.026819 0.000013 0.784342
4 4 0.031774 0.186977 0.032270 0.000021 0.748958
4 4 0.048354 0.200611 0.035020 0.000032 0.715984
4 4 0.066294 0.214978 0.038131 0.000036 0.680562
4 4 0.104229 0.264488 0.013653 0.000001 0.617629
4 4 0.020935 0.137910 0.011601 0.000001 0.829553
4 4 0.024660 0.168402 0.010259 0.000001 0.796679
4 4 0.021699 0.154328 0.012528 0.000001 0.811444
4 4 0.022275 0.156724 0.012536 0.000001 0.808465
4 4 0.046280 0.231530 0.036141 0.000007 0.686042
4 4 0.031024 0.197837 0.031096 0.000039 0.740005
4 4 0.045358 0.196003 0.025127 0.000010 0.733502
4 4 0.039538 0.205514 0.024252 0.000012 0.730684
4 4 0.031422 0.187788 0.030730 0.000030 0.750029
4 4 0.262768 0.297929 0.046651 0.000100 0.392552
4 4 0.115569 0.315265 0.046053 0.000170 0.522944
0 4 0.347450 0.247878 0.058085 0.000130 0.346457
4 4 0.141561 0.274894 0.030019 0.000015 0.553510
4 4 0.119796 0.378903 0.063475 0.000011 0.437814
4 4 0.050223 0.200739 0.012844 0.000001 0.736193
4 4 0.052496 0.205704 0.022037 0.000006 0.719757
4 4 0.037239 0.188877 0.018920 0.000004 0.754959
4 4 0.059677 0.228652 0.016660 0.000002 0.695009
4 4 0.108289 0.180559 0.028585 0.000004 0.682564
0 1 0.557848 0.270112 0.029383 0.000124 0.142534
0 1 0.492477 0.286755 0.029998 0.000072 0.190698
0 1 0.482091 0.308722 0.028779 0.000094 0.180314
0 1 0.359937 0.284217 0.046124 0.000110 0.309611
0 1 0.526364 0.285889 0.029992 0.000121 0.157634
1 1 0.243020 0.386517 0.254088 0.004248 0.112127
1 1 0.204390 0.420162 0.271240 0.002698 0.101511
1 1 0.212562 0.354134 0.301572 0.004590 0.127141
1 1 0.281339 0.359054 0.246470 0.000870 0.112267
1 2 0.279916 0.419245 0.194355 0.001277 0.105207
2 2 0.008386 0.108271 0.865691 0.001352 0.016300
2 2 0.041260 0.221225 0.692277 0.000786 0.044452
2 2 0.029965 0.185476 0.758868 0.000034 0.025658
2 2 0.022583 0.134378 0.815847 0.004319 0.022872
2 2 0.081373 0.208779 0.640278 0.009686 0.059884
1 2 0.188172 0.394363 0.352764 0.002427 0.062274
0 2 0.456282 0.219443 0.235036 0.005721 0.083518
0 2 0.514114 0.259831 0.110296 0.004629 0.111130
2 1 0.102101 0.398743 0.463378 0.000109 0.035668
0 1 0.427801 0.259032 0.229757 0.004987 0.078423
2 1 0.022724 0.188253 0.763366 0.002259 0.023398
2 1 0.004883 0.113066 0.867445 0.000051 0.014555
2 1 0.026430 0.142218 0.790653 0.002016 0.038683
2 1 0.008575 0.109197 0.866656 0.000131 0.015442
2 1 0.002619 0.050017 0.940105 0.000053 0.007207
2 1 0.004409 0.082895 0.899401 0.000330 0.012964
2 1 0.004280 0.056726 0.927667 0.000104 0.011223
2 1 0.002629 0.065805 0.924124 0.001190 0.006252
2 1 0.000143 0.013120 0.983990 0.000005 0.002743
2 1 0.001659 0.035933 0.959139 0.000024 0.003246
0 1 0.745562 0.144608 0.013015 0.000003 0.096811
0 0 0.831607 0.125815 0.004715 0.000001 0.037862
0 0 0.740028 0.182617 0.008837 0.000005 0.068513
0 0 0.702890 0.207563 0.007619 0.000002 0.081926
0 0 0.796765 0.140390 0.014092 0.000035 0.048718
0 0 0.807741 0.127574 0.020541 0.000146 0.043999
0 0 0.835413 0.117316 0.010491 0.000019 0.036762
0 0 0.872826 0.092708 0.008482 0.000015 0.025970
0 0 0.863315 0.097091 0.011192 0.000033 0.028369
0 0 0.776214 0.153522 0.014622 0.000034 0.055609
0 0 0.705925 0.184249 0.031204 0.000294 0.078327
0 0 0.891986 0.071152 0.017395 0.000254 0.019212
0 0 0.905422 0.066343 0.011355 0.000072 0.016808
0 0 0.921700 0.055254 0.010020 0.000067 0.012958
0 0 0.858127 0.097803 0.014640 0.000079 0.029351
0 0 0.923623 0.054208 0.009538 0.000059 0.012572
0 0 0.903846 0.066821 0.012167 0.000089 0.017077
0 0 0.870958 0.089097 0.014152 0.000084 0.025709
0 0 0.945325 0.038390 0.008409 0.000076 0.007799
0 0 0.946707 0.037363 0.008338 0.000078 0.007514
0 0 0.728968 0.171862 0.028869 0.000258 0.070044
0 0 0.756144 0.159586 0.022785 0.000135 0.061349
0 0 0.832698 0.112960 0.017696 0.000112 0.036533
0 0 0.537086 0.283736 0.026074 0.000077 0.153026
0 1 0.472845 0.311242 0.030974 0.000118 0.184820
0 1 0.629727 0.226288 0.034910 0.000296 0.108778
0 1 0.645800 0.221171 0.029367 0.000171 0.103491
1 1 0.222575 0.380483 0.062431 0.000284 0.334226
1 1 0.275552 0.351810 0.063340 0.000256 0.309042
1 1 0.199857 0.358754 0.086332 0.000389 0.354668
4 1 0.195870 0.336285 0.031656 0.000039 0.436150
4 1 0.132767 0.341270 0.067874 0.000140 0.457950
4 1 0.302848 0.246467 0.048906 0.000054 0.401724
4 1 0.186778 0.369142 0.037335 0.000122 0.406623
4 1 0.190676 0.289506 0.046953 0.000088 0.472777
0 0 0.682767 0.214771 0.012272 0.000010 0.090180
0 0 0.668226 0.213799 0.022786 0.000080 0.095108
0 0 0.735297 0.183834 0.010551 0.000008 0.070309
0 0 0.507412 0.314065 0.011218 0.000004 0.167301
0 1 0.514133 0.308133 0.013256 0.000007 0.164471
4 1 0.060070 0.297482 0.056740 0.000094 0.585615
4 1 0.079151 0.392044 0.081408 0.000023 0.447374
4 1 0.298841 0.248554 0.057032 0.000102 0.395471
4 1 0.088195 0.369675 0.104991 0.000087 0.437051
4 1 0.061008 0.386767 0.097647 0.000026 0.454553
2 1 0.014643 0.207984 0.658368 0.000308 0.118697
2 1 0.008175 0.215273 0.668233 0.000018 0.108301
2 1 0.059755 0.413945 0.427240 0.002211 0.096849
2 1 0.017976 0.265970 0.616207 0.000433 0.099414
2 1 0.007022 0.164489 0.756727 0.000041 0.071721
2 1 0.003479 0.111181 0.837587 0.000100 0.047653
2 1 0.001388 0.067489 0.900544 0.001091 0.029488
2 1 0.000307 0.058504 0.912946 0.000002 0.028241
2 1 0.006969 0.119273 0.824783 0.003115 0.045861
2 1 0.001136 0.063804 0.911232 0.000035 0.023793
2 2 0.000238 0.043903 0.942104 0.000002 0.013754
2 2 0.001763 0.052991 0.918294 0.000017 0.026935
2 2 0.027625 0.236910 0.677328 0.005046 0.053092
2 2 0.006490 0.093106 0.868920 0.001364 0.030119
2 2 0.005231 0.116939 0.843861 0.000120 0.033848
2 2 0.001649 0.046869 0.940906 0.001520 0.009056
2 2 0.000315 0.019471 0.975611 0.000076 0.004526
2 2 0.000317 0.026377 0.969205 0.000076 0.004025
2 2 0.000541 0.031923 0.961789 0.000258 0.005489
2 2 0.001181 0.029181 0.964904 0.000152 0.004582
2 2 0.000539 0.018643 0.978539 0.000072 0.002208
2 2 0.001789 0.037822 0.951521 0.000515 0.008353
2 2 0.000097 0.006232 0.993203 0.000004 0.000464
2 2 0.001911 0.033755 0.956147 0.001925 0.006262
2 2 0.001350 0.024101 0.968784 0.002004 0.003760
2 2 0.000075 0.002787 0.996996 0.000006 0.000136
2 2 0.076896 0.239702 0.642036 0.014385 0.026982
2 2 0.010853 0.113634 0.853311 0.007064 0.015138
2 2 0.001499 0.017314 0.979538 0.000007 0.001642
2 2 0.001060 0.023909 0.972273 0.000252 0.002505
2 2 0.000489 0.014704 0.982133 0.000446 0.002229
2 2 0.000412 0.009799 0.988967 0.000063 0.000760
2 2 0.002376 0.030304 0.962267 0.000425 0.004627
2 2 0.000965 0.023599 0.973104 0.000067 0.002265
2 2 0.004066 0.060860 0.925971 0.000307 0.008796
2 2 0.002457 0.068358 0.920954 0.000157 0.008074
2 2 0.004739 0.061473 0.922561 0.000530 0.010697
2 2 0.003729 0.046060 0.941170 0.001279 0.007762
2 2 0.002606 0.029829 0.962835 0.000116 0.004613
2 2 0.166536 0.316236 0.454486 0.010156 0.052587
2 2 0.001623 0.058559 0.926262 0.000606 0.012949
2 2 0.001049 0.051193 0.938121 0.000024 0.009614
2 2 0.000568 0.047514 0.931875 0.000002 0.020041
2 2 0.004035 0.087313 0.890222 0.001416 0.017015
2 2 0.001324 0.061937 0.919542 0.000056 0.017141
1 2 0.016589 0.429675 0.299307 0.000000 0.254429
1 2 0.146615 0.439795 0.158936 0.001322 0.253331
1 2 0.048530 0.393537 0.347657 0.000042 0.210235
0 2 0.388886 0.318938 0.095804 0.003315 0.193057
1 2 0.130658 0.438722 0.209637 0.000368 0.220615
0 1 0.496198 0.289081 0.092727 0.000753 0.121241
1 1 0.222971 0.489962 0.100344 0.000162 0.186561
1 1 0.332694 0.362261 0.079090 0.001240 0.224716
1 1 0.227569 0.460588 0.185232 0.000302 0.126309
1 1 0.128270 0.411982 0.279872 0.000053 0.179824
2 1 0.086423 0.225510 0.617558 0.001443 0.069065
2 1 0.141611 0.310534 0.466270 0.004380 0.077205
2 1 0.027250 0.193724 0.730120 0.000744 0.048162
2 1 0.018006 0.216642 0.693292 0.000093 0.071968
2 1 0.000416 0.058907 0.923862 0.000000 0.016815
1 2 0.037243 0.372295 0.258013 0.000100 0.332349
1 2 0.037044 0.403925 0.380900 0.000011 0.178121
1 2 0.077059 0.392938 0.188010 0.000089 0.341904
1 2 0.137796 0.408470 0.236355 0.000360 0.217019
1 2 0.136978 0.389929 0.233157 0.000156 0.239780
4 2 0.042213 0.176335 0.025432 0.000008 0.756012
4 2 0.038519 0.175406 0.017163 0.000002 0.768909
4 2 0.030565 0.167513 0.021399 0.000006 0.780518
4 4 0.059777 0.219570 0.035837 0.000024 0.684792
4 4 0.049017 0.175209 0.027461 0.000008 0.748305
4 4 0.049445 0.200214 0.023328 0.000007 0.727005
4 4 0.265425 0.262199 0.032898 0.000014 0.439463
4 4 0.104442 0.221604 0.044533 0.000040 0.629382
4 4 0.053057 0.224533 0.045290 0.000109 0.677011
4 4 0.060263 0.233727 0.041970 0.000021 0.664019
4 4 0.032142 0.172547 0.026317 0.000013 0.768981
