0 0 0.607622 0.205373 0.050684 0.020454 0.115867
0 0 0.803355 0.129981 0.020734 0.002310 0.043619
0 0 0.835293 0.107836 0.025573 0.001907 0.029392
0 0 0.858093 0.100260 0.014188 0.000894 0.026565
0 0 0.808474 0.127944 0.019051 0.002043 0.042488
0 0 0.868117 0.093641 0.014270 0.000781 0.023191
0 0 0.838505 0.107932 0.022173 0.001648 0.029742
0 0 0.859256 0.094530 0.022123 0.001246 0.022844
0 0 0.843010 0.103735 0.022232 0.001215 0.029808
0 0 0.824015 0.114891 0.021985 0.001383 0.037726
0 0 0.648263 0.151859 0.053813 0.001041 0.145025
1 0 0.259339 0.390832 0.041207 0.000162 0.308460
4 0 0.256700 0.281639 0.059444 0.001720 0.400498
1 0 0.203783 0.398827 0.068595 0.000513 0.328282
0 0 0.416970 0.333576 0.039597 0.000653 0.209203
4 0 0.023403 0.262062 0.203589 0.000089 0.510856
4 1 0.011412 0.270016 0.138789 0.000007 0.579776
4 1 0.009428 0.213128 0.157531 0.000023 0.619890
4 1 0.007699 0.216859 0.141220 0.000020 0.634203
4 1 0.004569 0.159292 0.260246 0.000023 0.575870
4 1 0.093825 0.298373 0.292197 0.000717 0.314888
1 1 0.129589 0.349794 0.272872 0.000318 0.247428
2 1 0.041280 0.264192 0.355262 0.000455 0.338811
2 2 0.040952 0.196255 0.592726 0.002286 0.167781
4 2 0.019039 0.228870 0.314719 0.000381 0.436991
2 2 0.059400 0.192568 0.615956 0.000742 0.131334
0 2 0.349547 0.322943 0.200069 0.001032 0.126409
1 2 0.158744 0.402688 0.160715 0.000398 0.277455
1 2 0.096396 0.370885 0.265073 0.000412 0.267233
2 2 0.011162 0.177867 0.638792 0.002445 0.169734
2 2 0.000333 0.091498 0.662886 0.000013 0.245271
2 2 0.000411 0.085580 0.667334 0.000011 0.246664
2 2 0.001232 0.088898 0.763384 0.000013 0.146473
2 2 0.000340 0.109402 0.542823 0.000002 0.347434
2 2 0.004244 0.193516 0.435529 0.000005 0.366706
4 2 0.020203 0.237967 0.109653 0.000048 0.632129
4 2 0.010386 0.164926 0.107043 0.000139 0.717506
4 2 0.006035 0.201842 0.071869 0.000010 0.720243
4 2 0.013994 0.194379 0.046357 0.000016 0.745254
4 2 0.006034 0.206689 0.154604 0.000016 0.632657
4 2 0.004199 0.152542 0.095233 0.000018 0.748008
4 2 0.010095 0.171415 0.103227 0.000071 0.715192
4 2 0.006140 0.156921 0.101454 0.000066 0.735418
4 2 0.013011 0.166415 0.116327 0.000533 0.703713
4 2 0.002205 0.124410 0.084050 0.000021 0.789314
4 2 0.037754 0.234567 0.053350 0.000074 0.674254
4 2 0.090935 0.273678 0.050173 0.000163 0.585051
4 2 0.024948 0.242185 0.068486 0.000027 0.664353
4 2 0.097873 0.273456 0.039373 0.000084 0.589215
4 2 0.039689 0.245091 0.051680 0.000062 0.663479
4 2 0.056658 0.322362 0.046712 0.000030 0.574237
4 4 0.047333 0.278728 0.070410 0.000090 0.603439
4 4 0.078180 0.299706 0.104613 0.000115 0.517386
4 4 0.056856 0.264267 0.103914 0.000139 0.574824
4 4 0.141985 0.303697 0.067400 0.000244 0.486674
4 4 0.017563 0.218790 0.070904 0.000025 0.692718
4 4 0.018360 0.231363 0.063964 0.000017 0.686297
4 4 0.009012 0.193245 0.075052 0.000008 0.722683
4 4 0.009031 0.193318 0.109057 0.000011 0.688582
4 4 0.014317 0.216972 0.053458 0.000012 0.715241
4 4 0.130859 0.335567 0.071742 0.000102 0.461731
4 4 0.038296 0.241016 0.053370 0.000046 0.667272
4 4 0.112545 0.255385 0.060927 0.000187 0.570955
4 4 0.125316 0.276647 0.067594 0.000231 0.530212
4 4 0.045541 0.276618 0.058898 0.000047 0.618896
4 4 0.023745 0.220395 0.058490 0.000031 0.697340
4 4 0.025100 0.216943 0.051299 0.000042 0.706616
4 4 0.022941 0.219521 0.093422 0.000034 0.664082
4 4 0.027970 0.248380 0.061672 0.000017 0.661962
4 4 0.032630 0.223484 0.055329 0.000037 0.688520
4 4 0.050125 0.223868 0.057926 0.000191 0.667890
4 4 0.061838 0.207014 0.056799 0.000336 0.674014
4 4 0.037513 0.250647 0.054233 0.000061 0.657547
4 4 0.013750 0.165787 0.047066 0.000030 0.773367
4 4 0.043006 0.265272 0.055239 0.000066 0.636417
4 4 0.019580 0.190834 0.049304 0.000039 0.740243
4 4 0.017853 0.205010 0.088633 0.000029 0.688476
4 4 0.017039 0.209220 0.061513 0.000016 0.712212
4 4 0.009445 0.191145 0.055425 0.000012 0.743973
4 4 0.007381 0.203412 0.123107 0.000010 0.666090
2 4 0.030808 0.273405 0.418324 0.000022 0.277441
2 4 0.004636 0.133251 0.670873 0.000391 0.190849
2 4 0.017061 0.223407 0.482759 0.000072 0.276701
2 2 0.004995 0.115275 0.683216 0.000412 0.196102
2 2 0.003016 0.136265 0.647175 0.000191 0.213353
1 2 0.110947 0.347129 0.277668 0.000254 0.264003
0 2 0.412322 0.314947 0.064781 0.000791 0.207158
1 2 0.125255 0.435756 0.138627 0.000139 0.300223
2 2 0.122860 0.292674 0.321930 0.000571 0.261964
0 2 0.408742 0.301131 0.080072 0.001056 0.208998
2 2 0.016295 0.225102 0.584806 0.000274 0.173523
2 2 0.089663 0.313841 0.441842 0.000353 0.154302
2 2 0.006292 0.082604 0.859163 0.000628 0.051312
2 2 0.137910 0.306833 0.426030 0.000582 0.128644
1 2 0.331061 0.374781 0.189288 0.000266 0.104605
1 2 0.095623 0.422166 0.201193 0.000034 0.280983
1 2 0.041497 0.330830 0.321894 0.000029 0.305750
2 2 0.026769 0.195297 0.585287 0.000209 0.192437
1 2 0.104795 0.352147 0.298737 0.000050 0.244271
1 2 0.161933 0.355234 0.273121 0.000139 0.209572
1 2 0.267869 0.384777 0.081072 0.000654 0.265628
0 2 0.514174 0.244381 0.099118 0.000711 0.141616
0 2 0.615326 0.221781 0.078987 0.000950 0.082956
0 2 0.380464 0.291180 0.095455 0.001534 0.231366
1 2 0.087523 0.352729 0.224040 0.001006 0.334702
2 2 0.001260 0.077759 0.832896 0.000994 0.087091
2 2 0.005582 0.115643 0.798015 0.000401 0.080359
2 2 0.001086 0.037239 0.940333 0.001370 0.019973
2 2 0.000729 0.037619 0.922044 0.004167 0.035441
2 2 0.109219 0.255397 0.542605 0.001013 0.091765
1 2 0.388612 0.400292 0.049328 0.000205 0.161562
0 2 0.538230 0.305727 0.046098 0.001080 0.108865
0 2 0.499776 0.328432 0.033868 0.000399 0.137524
0 2 0.680224 0.219252 0.030360 0.000990 0.069173
1 2 0.197349 0.400363 0.200956 0.001800 0.199532
0 2 0.494510 0.264208 0.133207 0.001265 0.106811
0 2 0.498475 0.252669 0.147132 0.001582 0.100142
1 4 0.238832 0.336265 0.248470 0.002706 0.173726
2 4 0.084782 0.185159 0.601281 0.008702 0.120075
0 4 0.358705 0.331468 0.191964 0.001061 0.116803
0 4 0.424431 0.342526 0.072169 0.000592 0.160281
1 4 0.309540 0.348815 0.055516 0.000918 0.285211
1 4 0.364257 0.365546 0.098247 0.000637 0.171313
1 4 0.223324 0.432775 0.102471 0.000234 0.241196
2 4 0.057448 0.297607 0.412378 0.001472 0.231095
2 2 0.033539 0.158115 0.721264 0.002508 0.084573
1 2 0.058775 0.376586 0.367500 0.000243 0.196896
2 2 0.001223 0.071900 0.851840 0.000728 0.074309
2 2 0.020661 0.115418 0.811893 0.001117 0.050912
2 2 0.009594 0.109256 0.827908 0.000799 0.052444
2 2 0.004060 0.070479 0.870234 0.021341 0.033886
2 2 0.000902 0.030199 0.915735 0.037289 0.015874
2 2 0.172928 0.227941 0.532755 0.014753 0.051623
2 2 0.060817 0.254149 0.610986 0.003131 0.070917
2 2 0.005069 0.069667 0.870227 0.022846 0.032191
2 2 0.008045 0.051706 0.853943 0.079500 0.006806
2 2 0.000429 0.008608 0.941879 0.048534 0.000550
2 2 0.001499 0.008610 0.923510 0.066006 0.000375
2 2 0.011478 0.048716 0.871656 0.063248 0.004901
0 2 0.403388 0.271986 0.278832 0.004836 0.040957
1 2 0.298088 0.358054 0.261106 0.001192 0.081559
2 2 0.009303 0.066489 0.894281 0.009472 0.020455
0 2 0.484371 0.307578 0.127719 0.001151 0.079181
0 2 0.488248 0.327524 0.104893 0.001022 0.078314
0 2 0.408474 0.367577 0.148717 0.000640 0.074591
1 2 0.165476 0.393706 0.231710 0.001192 0.207916
2 2 0.084791 0.302789 0.453055 0.002772 0.156593
0 2 0.513268 0.282573 0.107286 0.001038 0.095834
0 2 0.561041 0.241814 0.087402 0.001674 0.108069
1 2 0.269004 0.447058 0.087450 0.000265 0.196223
2 2 0.210434 0.326437 0.396452 0.001589 0.065089
2 2 0.012032 0.119334 0.832827 0.010698 0.025110
2 2 0.052766 0.101422 0.813917 0.017777 0.014119
0 2 0.698386 0.192507 0.075023 0.000599 0.033485
0 2 0.676686 0.222477 0.070133 0.000185 0.030520
0 0 0.375905 0.319807 0.169011 0.001336 0.133941
0 0 0.390485 0.341614 0.165526 0.000811 0.101564
1 2 0.035703 0.342858 0.289788 0.000310 0.331341
2 2 0.027042 0.248506 0.500769 0.001072 0.222611
2 2 0.032720 0.145508 0.741396 0.002831 0.077545
2 2 0.000742 0.037906 0.929009 0.000340 0.032002
2 2 0.000323 0.024138 0.953264 0.001900 0.020374
2 2 0.000342 0.049581 0.852221 0.000920 0.096937
2 2 0.000151 0.019980 0.956982 0.000960 0.021925
2 2 0.000120 0.013417 0.970220 0.004955 0.011287
3 2 0.000375 0.003920 0.323415 0.671974 0.000316
3 2 0.000360 0.003344 0.436432 0.559684 0.000179
3 2 0.001761 0.010717 0.481250 0.505392 0.000881
3 2 0.000529 0.003979 0.396101 0.599158 0.000233
3 2 0.001145 0.009418 0.370414 0.617974 0.001050
3 2 0.000864 0.003744 0.226437 0.768605 0.000350
3 2 0.000547 0.003984 0.266648 0.728498 0.000324
3 2 0.001460 0.010086 0.289780 0.697419 0.001255
3 3 0.002412 0.008867 0.257900 0.729648 0.001173
3 3 0.003366 0.012537 0.278458 0.704096 0.001543
3 3 0.001183 0.006038 0.242866 0.749371 0.000542
3 3 0.000318 0.001889 0.230147 0.767553 0.000093
3 3 0.000221 0.001111 0.097379 0.901198 0.000092
3 3 0.000289 0.001741 0.130644 0.867202 0.000124
3 3 0.000448 0.002629 0.132161 0.864490 0.000271
3 3 0.000142 0.001357 0.099440 0.898928 0.000134
3 3 0.000295 0.001587 0.071121 0.926800 0.000197
3 3 0.000233 0.002151 0.072279 0.924971 0.000366
3 3 0.000066 0.000417 0.044267 0.955213 0.000037
3 3 0.000169 0.001867 0.096654 0.901083 0.000227
3 3 0.001784 0.006139 0.070506 0.920192 0.001379
3 3 0.001152 0.005216 0.083528 0.909067 0.001037
3 3 0.000273 0.001553 0.033118 0.964702 0.000355
3 3 0.001448 0.005758 0.055686 0.935663 0.001445
3 3 0.004367 0.009364 0.149992 0.834958 0.001321
2 3 0.096051 0.189112 0.587616 0.074280 0.052942
2 3 0.184193 0.274359 0.472841 0.018589 0.050017
0 3 0.532980 0.175152 0.235424 0.016199 0.040244
2 2 0.057508 0.227043 0.631368 0.031865 0.052216
2 2 0.050044 0.208850 0.650448 0.036702 0.053956
2 2 0.005115 0.062766 0.908017 0.003300 0.020802
2 2 0.035299 0.277027 0.575636 0.001526 0.110511
2 2 0.012336 0.126898 0.819089 0.001241 0.040436
2 2 0.001768 0.034588 0.943364 0.005507 0.014773
2 2 0.030633 0.227307 0.662979 0.001862 0.077219
2 2 0.011047 0.050467 0.884860 0.046477 0.007150
2 2 0.032154 0.196489 0.693548 0.035887 0.041922
2 2 0.000856 0.009268 0.942121 0.047231 0.000524
2 2 0.016025 0.046532 0.890907 0.042684 0.003851
2 2 0.011886 0.073396 0.807591 0.097990 0.009136
2 2 0.002656 0.031247 0.940110 0.021095 0.004892
2 2 0.002383 0.046239 0.910561 0.028374 0.012444
2 2 0.003626 0.030214 0.857238 0.102281 0.006640
2 2 0.003738 0.046048 0.921854 0.021171 0.007189
2 2 0.005389 0.086024 0.858679 0.014556 0.035353
2 2 0.004050 0.026748 0.864084 0.100892 0.004227
2 2 0.002850 0.053625 0.903565 0.030047 0.009913
2 2 0.001488 0.016057 0.952504 0.028727 0.001223
2 2 0.000295 0.015864 0.956812 0.023790 0.003238
2 2 0.001264 0.014730 0.924632 0.057943 0.001431
2 2 0.002181 0.020909 0.505478 0.468824 0.002607
2 2 0.001469 0.009193 0.538652 0.450073 0.000613
3 2 0.002114 0.011115 0.472978 0.512851 0.000941
3 2 0.004143 0.013397 0.454867 0.526362 0.001232
3 2 0.001729 0.013226 0.383397 0.599967 0.001681
3 2 0.000389 0.002326 0.164219 0.832869 0.000197
3 2 0.000868 0.004356 0.093697 0.900333 0.000746
3 3 0.000491 0.003691 0.197391 0.798122 0.000305
3 3 0.000707 0.003716 0.143367 0.851784 0.000427
3 3 0.000632 0.003209 0.196656 0.799277 0.000226
3 3 0.000848 0.003284 0.060940 0.934278 0.000651
3 3 0.000492 0.002556 0.035506 0.960650 0.000796
3 3 0.001186 0.004321 0.065727 0.927849 0.000916
3 3 0.000730 0.003482 0.041654 0.953180 0.000954
3 3 0.001087 0.004678 0.048197 0.944706 0.001331
3 3 0.000487 0.002456 0.039508 0.956971 0.000578
3 3 0.001825 0.006880 0.058283 0.931010 0.002002
3 3 0.000778 0.003633 0.042462 0.952077 0.001050
3 3 0.000911 0.004090 0.045050 0.948768 0.001181
3 3 0.000668 0.003269 0.040417 0.954781 0.000864
3 3 0.000269 0.001639 0.028488 0.969143 0.000462
3 3 0.000157 0.001110 0.023540 0.974925 0.000267
3 3 0.001145 0.004839 0.048916 0.943652 0.001449
3 3 0.000909 0.004062 0.044798 0.948989 0.001243
3 3 0.000806 0.003766 0.043995 0.950510 0.000923
3 3 0.000205 0.001330 0.025595 0.972477 0.000392
3 3 0.001370 0.005536 0.052292 0.939142 0.001660
3 3 0.000299 0.001798 0.030007 0.967453 0.000442
3 3 0.000238 0.001500 0.027298 0.970563 0.000402
3 3 0.000254 0.001567 0.027850 0.969885 0.000444
3 3 0.005747 0.015920 0.086950 0.885887 0.005497
3 3 0.001668 0.006421 0.056295 0.933717 0.001901
3 3 0.002165 0.007851 0.062295 0.925507 0.002183
3 3 0.015727 0.034798 0.413969 0.531532 0.003975
3 3 0.001007 0.004849 0.128683 0.864746 0.000714
3 3 0.000096 0.001176 0.158744 0.839895 0.000090
3 3 0.000221 0.001803 0.145148 0.852684 0.000144
3 3 0.000318 0.002066 0.105482 0.891885 0.000249
3 3 0.000296 0.001912 0.075487 0.922036 0.000270
3 3 0.001300 0.005314 0.064905 0.927232 0.001248
3 3 0.000156 0.001104 0.023455 0.975016 0.000268
3 3 0.000563 0.002862 0.037740 0.958039 0.000795
3 3 0.000639 0.003137 0.039480 0.955849 0.000894
3 3 0.000154 0.001091 0.023319 0.975171 0.000265
3 3 0.000543 0.002792 0.037314 0.958596 0.000755
3 3 0.000103 0.000800 0.019856 0.979026 0.000215
3 3 0.000340 0.001975 0.031440 0.965749 0.000496
3 3 0.000489 0.002617 0.036322 0.959964 0.000608
3 3 0.000086 0.000703 0.018632 0.980403 0.000176
3 3 0.000096 0.000758 0.019329 0.979616 0.000201
3 3 0.000971 0.004281 0.046045 0.947438 0.001266
3 3 0.000314 0.001833 0.030104 0.967211 0.000538
3 3 0.000270 0.001655 0.028702 0.968936 0.000437
3 3 0.000740 0.003453 0.041176 0.953479 0.001152
3 3 0.000483 0.002556 0.035694 0.960575 0.000692
3 3 0.000413 0.002267 0.033581 0.963116 0.000624
3 3 0.000807 0.003737 0.043073 0.951310 0.001074
3 3 0.001088 0.004675 0.048154 0.944734 0.001348
3 3 0.000282 0.001708 0.029138 0.968412 0.000460
3 3 0.000123 0.000912 0.021201 0.977512 0.000251
3 3 0.002719 0.012521 0.189296 0.793260 0.002204
3 3 0.004976 0.010315 0.310162 0.673676 0.000871
3 3 0.002026 0.005144 0.241204 0.751265 0.000362
3 3 0.012001 0.023430 0.150983 0.808153 0.005432
3 3 0.001563 0.010201 0.194033 0.792598 0.001605
2 3 0.046268 0.055536 0.537945 0.353201 0.007050
2 3 0.018077 0.042816 0.635100 0.299654 0.004353
2 3 0.020269 0.075414 0.597464 0.293891 0.012963
2 3 0.007584 0.044219 0.624033 0.317897 0.006266
2 3 0.009409 0.035064 0.764442 0.188565 0.002521
1 3 0.236810 0.313611 0.271652 0.001241 0.176687
0 2 0.451535 0.269508 0.113559 0.003859 0.161539
2 2 0.157645 0.324966 0.379575 0.000953 0.136861
2 2 0.004478 0.092765 0.829512 0.013372 0.059873
2 2 0.008323 0.140787 0.752180 0.001940 0.096770
4 2 0.007669 0.147661 0.060710 0.000039 0.783921
4 2 0.013671 0.164681 0.057523 0.000059 0.764066
4 2 0.014350 0.236728 0.045616 0.000008 0.703299
4 2 0.006054 0.167490 0.082013 0.000043 0.744400
4 2 0.004928 0.175560 0.063548 0.000011 0.755954
4 2 0.063771 0.301941 0.220152 0.000151 0.413985
4 2 0.051112 0.329159 0.177799 0.000132 0.441798
4 2 0.044715 0.293674 0.168958 0.000308 0.492345
4 2 0.231604 0.303458 0.068252 0.000595 0.396092
4 2 0.190206 0.324949 0.030885 0.000067 0.453893
4 0 0.245779 0.351803 0.027939 0.000059 0.374420
0 0 0.390507 0.283355 0.023518 0.000180 0.302440
1 0 0.181457 0.416875 0.138608 0.000168 0.262891
1 0 0.147532 0.418616 0.143230 0.000104 0.290518
1 2 0.183539 0.394277 0.155828 0.000185 0.266171
4 4 0.075417 0.327136 0.181812 0.000273 0.415362
4 4 0.058121 0.280232 0.125718 0.000590 0.535339
1 4 0.199090 0.356653 0.168887 0.000227 0.275143
1 4 0.203785 0.393515 0.033076 0.000030 0.369594
4 4 0.212188 0.357204 0.035601 0.000094 0.394914
4 4 0.014542 0.171152 0.106184 0.000361 0.707760
4 4 0.006703 0.164064 0.149256 0.000157 0.679820
4 4 0.016063 0.179515 0.076714 0.000147 0.727562
4 4 0.020194 0.173168 0.079836 0.000287 0.726515
4 4 0.014352 0.186549 0.079949 0.000120 0.719030
4 4 0.007114 0.171528 0.159059 0.000039 0.662260
4 4 0.003343 0.139071 0.189698 0.000030 0.667859
4 4 0.011048 0.217682 0.160566 0.000028 0.610676
4 4 0.003264 0.158080 0.131447 0.000013 0.707197
4 4 0.003595 0.144641 0.179327 0.000028 0.672408
2 4 0.005668 0.191976 0.512927 0.000062 0.289368
2 4 0.005577 0.177205 0.570675 0.000099 0.246444
2 4 0.002978 0.122920 0.683128 0.000169 0.190806
2 4 0.027374 0.270094 0.444302 0.000031 0.258198
2 4 0.002776 0.084298 0.802482 0.000297 0.110147
2 2 0.042660 0.118917 0.815516 0.007507 0.015399
0 2 0.525758 0.201152 0.247702 0.001175 0.024213
0 2 0.851955 0.081312 0.053550 0.000884 0.012299
0 2 0.546894 0.328290 0.056944 0.000296 0.067576
0 0 0.573700 0.310377 0.052223 0.000290 0.063409
1 0 0.158968 0.468754 0.101981 0.000018 0.270279
1 0 0.110411 0.382370 0.233815 0.000043 0.273360
4 0 0.042139 0.374125 0.151688 0.000039 0.432009
4 2 0.070386 0.383861 0.148456 0.000013 0.397284
1 2 0.141286 0.400526 0.078451 0.000070 0.379665
4 2 0.058256 0.324234 0.144152 0.000058 0.473299
4 2 0.020797 0.300358 0.083985 0.000046 0.594813
4 4 0.011704 0.180769 0.110027 0.000270 0.697229
4 4 0.018951 0.201626 0.200419 0.000215 0.578789
4 4 0.073623 0.284608 0.055330 0.000134 0.586305
2 4 0.060796 0.317243 0.368360 0.000062 0.253539
2 2 0.006609 0.125741 0.751980 0.000204 0.115466
2 2 0.047210 0.240679 0.488882 0.000034 0.223196
1 2 0.082163 0.370586 0.217261 0.000072 0.329918
4 2 0.025768 0.370694 0.141341 0.000007 0.462190
2 2 0.002641 0.157313 0.669329 0.000074 0.170643
2 2 0.004383 0.152703 0.718387 0.000061 0.124466
2 2 0.004259 0.157613 0.696346 0.000087 0.141694
2 2 0.003412 0.064259 0.890044 0.000077 0.042209
2 2 0.014106 0.170099 0.707206 0.000367 0.108222
0 2 0.585218 0.265905 0.025748 0.000287 0.122843
0 2 0.449096 0.393178 0.030305 0.000187 0.127235
0 2 0.450245 0.371450 0.037943 0.000207 0.140156
0 2 0.660502 0.172740 0.015395 0.000872 0.150491
0 2 0.464689 0.370195 0.031571 0.000282 0.133264
2 2 0.004738 0.155369 0.600261 0.000156 0.239477
2 2 0.003280 0.126193 0.648298 0.000172 0.222058
2 2 0.001306 0.129649 0.512246 0.000076 0.356723
2 2 0.000486 0.046815 0.831309 0.000077 0.121314
2 2 0.001908 0.073907 0.806388 0.000561 0.117237
2 2 0.000674 0.076542 0.787371 0.000337 0.135075
2 2 0.001401 0.065730 0.864024 0.000291 0.068554
2 2 0.000114 0.018291 0.956699 0.000433 0.024462
2 2 0.000512 0.062505 0.831783 0.000396 0.104804
2 2 0.000565 0.040083 0.907745 0.000692 0.050915
2 2 0.004568 0.070014 0.884903 0.010253 0.030262
2 2 0.002176 0.073127 0.870881 0.007804 0.046012
2 2 0.000998 0.034930 0.937920 0.007969 0.018182
2 2 0.001242 0.032126 0.923879 0.029769 0.012984
2 2 0.004038 0.109377 0.822126 0.008104 0.056355
2 2 0.041298 0.107747 0.822950 0.018006 0.010000
2 2 0.017478 0.072346 0.883056 0.018219 0.008902
2 2 0.060019 0.075786 0.847110 0.013122 0.003964
2 2 0.270836 0.266158 0.424632 0.005370 0.033004
0 2 0.562336 0.158052 0.252028 0.006501 0.021082
1 2 0.135515 0.412396 0.277886 0.000368 0.173834
2 2 0.033361 0.298042 0.493819 0.000079 0.174699
2 2 0.001858 0.078678 0.845725 0.000555 0.073184
2 2 0.000902 0.040049 0.921750 0.000361 0.036938
2 2 0.002199 0.054308 0.909947 0.000326 0.033219
2 2 0.007282 0.112401 0.833279 0.000662 0.046375
2 2 0.010423 0.118185 0.823557 0.001965 0.045869
2 2 0.005602 0.054987 0.923932 0.001127 0.014352
2 2 0.052888 0.135146 0.766587 0.003325 0.042054
1 2 0.300265 0.349851 0.278297 0.003480 0.068107
0 2 0.509763 0.323574 0.023393 0.000204 0.143066
0 2 0.779017 0.130067 0.010587 0.000285 0.080044
0 0 0.452104 0.344361 0.027472 0.000210 0.175853
0 0 0.568552 0.290321 0.022347 0.000237 0.118542
0 0 0.477983 0.310912 0.025429 0.000262 0.185414
1 0 0.248039 0.410021 0.033942 0.000066 0.307931
0 0 0.383772 0.325353 0.036886 0.000372 0.253617
1 2 0.292426 0.396412 0.109063 0.000402 0.201697
1 2 0.249533 0.413758 0.060772 0.000197 0.275741
1 0 0.300850 0.348780 0.039505 0.000282 0.310583
0 0 0.431934 0.317535 0.030128 0.000339 0.220064
0 4 0.378086 0.313303 0.038574 0.000604 0.269434
0 4 0.351913 0.334614 0.035268 0.000307 0.277898
0 4 0.386896 0.236086 0.026926 0.000534 0.349558
0 4 0.384840 0.345446 0.033259 0.000273 0.236182
4 4 0.085214 0.312620 0.060788 0.000168 0.541209
4 4 0.017344 0.180798 0.125292 0.000601 0.675965
4 4 0.059438 0.272854 0.079323 0.000223 0.588162
4 4 0.135336 0.277397 0.025375 0.000034 0.561858
4 4 0.017587 0.261313 0.062188 0.000021 0.658890
2 4 0.002262 0.129851 0.567754 0.000196 0.299936
2 4 0.021841 0.227740 0.405885 0.000071 0.344464
4 4 0.014976 0.226175 0.365095 0.000037 0.393717
2 4 0.000515 0.070345 0.665626 0.000138 0.263376
2 2 0.004985 0.158233 0.424180 0.000063 0.412539
2 2 0.006201 0.069165 0.896438 0.000295 0.027900
2 2 0.010765 0.122079 0.797492 0.000259 0.069405
2 2 0.076518 0.208675 0.639553 0.000415 0.074839
2 2 0.031017 0.344682 0.476914 0.000070 0.147318
2 2 0.012619 0.188961 0.724496 0.000095 0.073829
2 2 0.017348 0.187733 0.730652 0.000366 0.063902
2 2 0.014145 0.122562 0.823785 0.000908 0.038599
1 2 0.211712 0.349004 0.308631 0.004746 0.125908
2 2 0.025833 0.202002 0.697818 0.000928 0.073419
2 2 0.019025 0.107456 0.827994 0.002739 0.042786
2 2 0.026543 0.176447 0.711699 0.000151 0.085160
2 2 0.004951 0.053193 0.919207 0.000347 0.022302
2 2 0.007950 0.086099 0.861896 0.000723 0.043332
2 2 0.003161 0.083288 0.869347 0.000334 0.043871
2 2 0.121650 0.210921 0.590311 0.002496 0.074622
0 2 0.631468 0.237179 0.033316 0.001309 0.096728
0 2 0.534030 0.252800 0.040349 0.001530 0.171291
0 2 0.682643 0.210827 0.045442 0.001191 0.059898
0 2 0.461852 0.327023 0.054069 0.000895 0.156162
1 2 0.177898 0.367327 0.175992 0.001350 0.277432
2 2 0.005531 0.145750 0.707820 0.002056 0.138843
2 2 0.013817 0.125929 0.794629 0.004527 0.061098
2 2 0.026465 0.198039 0.624359 0.001822 0.149315
2 2 0.010993 0.087281 0.854853 0.002588 0.044285
2 2 0.034163 0.140929 0.744580 0.004861 0.075467
1 2 0.112656 0.425401 0.311002 0.000692 0.150248
2 2 0.003196 0.136922 0.735276 0.000510 0.124095
2 2 0.001394 0.038602 0.930908 0.000789 0.028307
2 2 0.001492 0.039200 0.933971 0.002554 0.022784
2 2 0.001634 0.045046 0.923860 0.002596 0.026863
2 2 0.000335 0.054853 0.851486 0.000253 0.093072
2 2 0.000373 0.024706 0.951188 0.000607 0.023126
2 2 0.000651 0.047721 0.896451 0.000393 0.054785
2 2 0.000553 0.037261 0.912112 0.000675 0.049400
2 2 0.000240 0.025783 0.949595 0.000299 0.024084
2 2 0.000653 0.009293 0.679959 0.308731 0.001364
2 2 0.002178 0.024518 0.779877 0.189770 0.003657
2 2 0.001138 0.014328 0.724631 0.257551 0.002353
2 2 0.000664 0.009164 0.747870 0.241295 0.001007
2 2 0.000853 0.010898 0.790938 0.195845 0.001466
2 2 0.000352 0.003335 0.498709 0.497449 0.000154
2 2 0.001374 0.006335 0.620931 0.371101 0.000260
2 2 0.000301 0.004404 0.655975 0.339086 0.000234
2 2 0.002662 0.011003 0.699127 0.286747 0.000461
3 2 0.000352 0.004681 0.480170 0.514451 0.000346
2 2 0.001073 0.006902 0.529240 0.462398 0.000387
2 2 0.008794 0.028213 0.673222 0.287453 0.002318
2 2 0.001826 0.012687 0.666335 0.318457 0.000695
2 2 0.001858 0.008142 0.753453 0.236303 0.000243
2 2 0.000858 0.004366 0.537459 0.457149 0.000167
2 2 0.000740 0.006121 0.522699 0.470075 0.000365
2 2 0.001740 0.006006 0.567192 0.424821 0.000242
3 2 0.000352 0.005569 0.473942 0.519778 0.000360
3 2 0.000813 0.006549 0.357276 0.634810 0.000552
3 2 0.002187 0.008988 0.438639 0.549541 0.000644
3 2 0.003059 0.009848 0.487251 0.499306 0.000536
3 2 0.000406 0.004387 0.163794 0.830781 0.000632
3 2 0.001501 0.008200 0.223176 0.766011 0.001113
3 2 0.000912 0.004808 0.257695 0.736204 0.000382
3 2 0.001423 0.008707 0.289677 0.699392 0.000801
3 2 0.000498 0.001907 0.145566 0.851895 0.000134
3 2 0.000719 0.004152 0.073193 0.920992 0.000944
3 2 0.001850 0.004764 0.117173 0.875534 0.000679
3 3 0.000639 0.004000 0.139754 0.855045 0.000562
3 3 0.000960 0.005060 0.214208 0.779284 0.000489
3 3 0.000742 0.003919 0.232005 0.763017 0.000316
3 3 0.001285 0.005283 0.200800 0.791993 0.000639
3 3 0.000161 0.001919 0.265319 0.732474 0.000127
3 3 0.001151 0.005278 0.312554 0.680577 0.000440
3 3 0.001397 0.004884 0.329979 0.663431 0.000309
3 3 0.000088 0.000739 0.084329 0.914777 0.000066
3 3 0.000248 0.001757 0.127373 0.870458 0.000164
3 3 0.000542 0.002758 0.041815 0.954162 0.000724
3 3 0.000799 0.003841 0.044729 0.949564 0.001068
3 3 0.000333 0.003930 0.110341 0.884688 0.000707
3 3 0.000351 0.001722 0.092117 0.905641 0.000169
3 3 0.000504 0.004562 0.159069 0.835181 0.000683
3 3 0.000448 0.002210 0.100211 0.896865 0.000266
3 3 0.000137 0.001609 0.122741 0.875361 0.000153
3 3 0.000049 0.000620 0.047209 0.952039 0.000084
3 3 0.000146 0.001091 0.088349 0.910309 0.000105
3 3 0.000314 0.001945 0.051712 0.945729 0.000300
3 3 0.000357 0.002657 0.046108 0.950182 0.000696
3 3 0.000121 0.000812 0.026908 0.972006 0.000152
3 3 0.000055 0.000721 0.029544 0.969537 0.000144
3 3 0.000150 0.000996 0.032522 0.966157 0.000175
3 3 0.000115 0.000875 0.020828 0.977961 0.000220
3 3 0.000093 0.000791 0.059314 0.939722 0.000080
3 3 0.000076 0.000705 0.019990 0.979062 0.000167
3 3 0.000083 0.000709 0.029712 0.969374 0.000121
3 3 0.000626 0.003087 0.039146 0.956251 0.000890
3 3 0.000741 0.003551 0.042213 0.952608 0.000886
3 3 0.000632 0.003125 0.039460 0.955926 0.000857
3 3 0.000178 0.001208 0.024452 0.973835 0.000327
3 3 0.001064 0.004618 0.047947 0.945099 0.001271
3 3 0.000296 0.001762 0.029541 0.967901 0.000500
3 3 0.000127 0.000936 0.021470 0.977208 0.000258
3 3 0.000227 0.001450 0.026832 0.971101 0.000390
3 3 0.000251 0.001547 0.027593 0.970139 0.000470
3 3 0.000149 0.001061 0.022971 0.975556 0.000264
3 3 0.003772 0.011328 0.080860 0.900748 0.003292
3 3 0.004977 0.011644 0.205723 0.776223 0.001434
3 3 0.002124 0.007637 0.061122 0.926665 0.002453
2 3 0.042220 0.071683 0.462945 0.412374 0.010779
2 3 0.082294 0.115328 0.532336 0.253998 0.016044
0 0 0.637523 0.203433 0.040404 0.001601 0.117040
0 0 0.453195 0.286189 0.047949 0.001120 0.211546
0 2 0.510860 0.286388 0.084515 0.001569 0.116667
0 2 0.518005 0.277296 0.120762 0.001672 0.082264
1 2 0.181551 0.401306 0.133088 0.001919 0.282136
4 2 0.049559 0.198465 0.078977 0.000813 0.672186
4 2 0.052342 0.276094 0.057398 0.000092 0.614074
4 2 0.042033 0.249622 0.073604 0.000206 0.634536
4 2 0.036046 0.227541 0.115431 0.000274 0.620708
4 4 0.081583 0.288379 0.057594 0.000175 0.572268
4 4 0.038477 0.259877 0.051408 0.000046 0.650191
4 4 0.035766 0.257392 0.059425 0.000068 0.647349
4 4 0.053724 0.212564 0.087574 0.000584 0.645555
4 4 0.042774 0.231299 0.061711 0.000157 0.664058
4 4 0.039091 0.267896 0.063921 0.000087 0.629004
4 4 0.060086 0.249124 0.074392 0.000237 0.616160
4 4 0.063973 0.291105 0.065714 0.000123 0.579085
4 4 0.091273 0.267152 0.096340 0.000225 0.545011
4 4 0.061516 0.194526 0.108452 0.000981 0.634524
4 4 0.058562 0.213540 0.055539 0.000261 0.672098
4 4 0.116376 0.333362 0.048864 0.000113 0.501285
4 4 0.069880 0.245868 0.049979 0.000150 0.634123
4 4 0.052737 0.248554 0.063766 0.000195 0.634748
4 4 0.115709 0.285694 0.099825 0.000315 0.498457
4 4 0.062493 0.233927 0.068775 0.000422 0.634383
4 4 0.119024 0.279483 0.049610 0.000236 0.551647
4 4 0.256518 0.299586 0.042218 0.000444 0.401234
0 4 0.440536 0.188402 0.015965 0.000285 0.354812
4 4 0.163158 0.369531 0.038379 0.000065 0.428866
4 4 0.158940 0.338479 0.051014 0.000218 0.451348
4 4 0.189631 0.317803 0.061901 0.000332 0.430332
4 4 0.097357 0.257647 0.064474 0.000428 0.580095
4 4 0.330402 0.282057 0.024884 0.000158 0.362499
4 4 0.109123 0.276686 0.072811 0.000743 0.540638
4 4 0.163560 0.254541 0.054497 0.000599 0.526804
4 4 0.092713 0.307303 0.205556 0.000403 0.394025
4 4 0.051055 0.256320 0.190316 0.000436 0.501872
4 4 0.048782 0.261740 0.139066 0.000654 0.549758
4 4 0.085822 0.305483 0.155509 0.000394 0.452791
4 4 0.136635 0.241347 0.216007 0.001357 0.404653
4 4 0.167616 0.341193 0.069936 0.000220 0.421036
4 4 0.290932 0.297494 0.081844 0.000625 0.329104
4 4 0.120360 0.333145 0.082278 0.000304 0.463912
4 4 0.283607 0.297826 0.089759 0.000679 0.328129
4 4 0.292001 0.289474 0.075724 0.000776 0.342024
4 4 0.136383 0.295582 0.175556 0.000532 0.391947
4 4 0.185286 0.284055 0.190528 0.001577 0.338553
4 4 0.231342 0.255477 0.202975 0.001968 0.308238
4 4 0.121442 0.296525 0.137754 0.000502 0.443777
4 4 0.100656 0.299371 0.166055 0.000519 0.433398
4 4 0.087003 0.224457 0.072772 0.000604 0.615163
4 4 0.050904 0.265261 0.099855 0.000091 0.583889
4 4 0.048468 0.303642 0.076404 0.000110 0.571376
4 4 0.067570 0.277152 0.129518 0.000141 0.525620
4 4 0.096272 0.291247 0.129488 0.000292 0.482701
0 4 0.333662 0.303992 0.041444 0.000311 0.320590
4 4 0.136268 0.328503 0.068510 0.000132 0.466587
4 4 0.241725 0.310085 0.050421 0.000479 0.397290
4 4 0.157126 0.332194 0.068576 0.000186 0.441918
4 4 0.173200 0.280946 0.064068 0.001066 0.480719
1 4 0.193202 0.356063 0.122323 0.000196 0.328216
4 4 0.134168 0.345975 0.157658 0.000152 0.362046
4 4 0.237704 0.330473 0.074301 0.000401 0.357122
1 4 0.275619 0.344638 0.073692 0.000208 0.305843
4 0 0.329285 0.245975 0.025233 0.000270 0.399237
4 1 0.048410 0.248071 0.039019 0.000033 0.664467
4 1 0.076590 0.235392 0.046499 0.000163 0.641356
4 1 0.052722 0.255092 0.046960 0.000065 0.645161
4 1 0.066824 0.235670 0.033791 0.000045 0.663670
4 1 0.020508 0.214258 0.048425 0.000026 0.716783
4 1 0.128888 0.291680 0.038944 0.000105 0.540384
4 1 0.059631 0.306917 0.044510 0.000034 0.588907
4 0 0.293277 0.257500 0.030176 0.000329 0.418718
4 0 0.241258 0.296521 0.023201 0.000057 0.438963
4 0 0.094593 0.306783 0.055384 0.000101 0.543139
1 0 0.301130 0.323824 0.116248 0.000739 0.258059
0 0 0.387663 0.253858 0.025354 0.000338 0.332786
0 0 0.482322 0.283816 0.028141 0.000511 0.205209
0 0 0.416015 0.320386 0.069294 0.000451 0.193854
0 0 0.464137 0.285242 0.043578 0.000466 0.206577
0 0 0.580007 0.197459 0.013115 0.000229 0.209190
0 0 0.565896 0.277892 0.014057 0.000082 0.142072
0 0 0.566537 0.224672 0.012811 0.000127 0.195853
0 0 0.512599 0.271946 0.021953 0.000301 0.193202
0 0 0.507085 0.263981 0.017749 0.000162 0.211024
4 0 0.018338 0.221234 0.053738 0.000026 0.706664
4 0 0.023916 0.227848 0.064631 0.000069 0.683535
4 1 0.016251 0.223359 0.071684 0.000043 0.688663
4 1 0.088861 0.250334 0.038764 0.000093 0.621948
4 1 0.026485 0.233606 0.078472 0.000061 0.661376
0 1 0.534311 0.254715 0.025984 0.000729 0.184261
1 0 0.301705 0.419480 0.029598 0.000058 0.249159
1 0 0.222858 0.439985 0.043517 0.000081 0.293559
1 0 0.310032 0.410746 0.037499 0.000103 0.241620
1 0 0.371408 0.400061 0.038137 0.000242 0.190153
4 0 0.090394 0.233343 0.023783 0.000025 0.652455
4 0 0.010069 0.214460 0.054086 0.000011 0.721374
4 1 0.006063 0.159299 0.058656 0.000016 0.775966
4 1 0.008549 0.188164 0.055900 0.000014 0.747372
4 1 0.004383 0.156832 0.065512 0.000015 0.773258
4 1 0.004295 0.174790 0.060102 0.000007 0.760805
4 1 0.017802 0.197430 0.035034 0.000009 0.749725
4 1 0.011083 0.240960 0.037601 0.000002 0.710353
4 1 0.005719 0.190460 0.089528 0.000004 0.714288
4 1 0.009655 0.181342 0.054153 0.000018 0.754832
4 1 0.030897 0.288144 0.250398 0.000087 0.430475
2 2 0.014211 0.207151 0.428554 0.000109 0.349975
4 2 0.059241 0.343979 0.192973 0.000091 0.403717
4 2 0.059957 0.252607 0.329116 0.000165 0.358155
4 2 0.018196 0.287551 0.173338 0.000028 0.520887
2 2 0.003404 0.102166 0.827608 0.000881 0.065942
2 2 0.030996 0.165065 0.729318 0.000981 0.073640
1 2 0.165627 0.333759 0.262055 0.001061 0.237499
1 2 0.111130 0.405958 0.246914 0.000115 0.235882
1 2 0.159171 0.340711 0.278003 0.000851 0.221263
4 2 0.094686 0.336452 0.077989 0.000353 0.490520
4 2 0.043932 0.328929 0.212656 0.000590 0.413893
4 2 0.054170 0.318782 0.198945 0.000415 0.427688
2 2 0.040533 0.244637 0.367289 0.000851 0.346689
2 2 0.014612 0.147757 0.693868 0.000531 0.143232
2 2 0.000594 0.034973 0.937237 0.000133 0.027063
2 2 0.000320 0.030466 0.946153 0.000059 0.023002
2 2 0.000751 0.055536 0.893309 0.000164 0.050239
2 2 0.000844 0.061256 0.859557 0.000094 0.078249
2 2 0.001856 0.089972 0.807684 0.000038 0.100450
2 2 0.036356 0.198621 0.661511 0.002460 0.101052
1 2 0.261820 0.305115 0.270802 0.001239 0.161024
2 2 0.038034 0.254913 0.569331 0.001939 0.135783
2 2 0.021729 0.121450 0.803831 0.001254 0.051735
2 2 0.039599 0.247713 0.576631 0.002561 0.133496
2 2 0.002350 0.044273 0.935713 0.000145 0.017519
2 2 0.040406 0.289586 0.523142 0.000119 0.146747
2 2 0.004640 0.089869 0.857666 0.000071 0.047754
2 2 0.004225 0.146566 0.753225 0.000236 0.095748
2 2 0.005517 0.059289 0.906209 0.000109 0.028876
0 2 0.755613 0.116406 0.076637 0.001741 0.049602
2 2 0.123818 0.365357 0.405764 0.000221 0.104839
2 2 0.025757 0.212548 0.638001 0.001081 0.122614
2 2 0.055013 0.270633 0.543639 0.000597 0.130118
2 2 0.004991 0.064708 0.899872 0.002058 0.028370
2 2 0.000359 0.038805 0.895080 0.000032 0.065724
2 2 0.000632 0.048581 0.883836 0.000020 0.066931
2 2 0.000873 0.058602 0.836867 0.000047 0.103611
2 2 0.000652 0.046850 0.894378 0.000078 0.058043
2 2 0.001118 0.069385 0.833392 0.000071 0.096034
2 2 0.000138 0.023181 0.943184 0.000425 0.033073
2 2 0.000745 0.034221 0.925791 0.000723 0.038521
2 2 0.000546 0.032004 0.933363 0.000360 0.033727
2 2 0.000361 0.020935 0.955695 0.001266 0.021744
2 2 0.000672 0.025295 0.947031 0.003840 0.023162
2 2 0.001741 0.027097 0.853571 0.107815 0.009776
2 2 0.001014 0.022092 0.801820 0.167474 0.007600
2 2 0.001855 0.025776 0.905414 0.058617 0.008338
2 2 0.002326 0.034545 0.849243 0.100343 0.013543
2 2 0.001513 0.026532 0.843950 0.118054 0.009951
2 2 0.031175 0.034776 0.910228 0.022581 0.001241
2 2 0.009571 0.055128 0.896148 0.033871 0.005282
2 2 0.004858 0.021473 0.920550 0.052198 0.000922
2 2 0.032158 0.053468 0.796039 0.114488 0.003846
2 2 0.259826 0.291300 0.390910 0.008573 0.049390
2 2 0.040170 0.225102 0.648354 0.004030 0.082344
2 2 0.067435 0.161327 0.717842 0.001512 0.051885
2 2 0.098479 0.287222 0.525381 0.004379 0.084538
2 2 0.213138 0.253292 0.464890 0.001873 0.066807
0 2 0.529392 0.275183 0.130731 0.001295 0.063399
0 2 0.434379 0.293219 0.147160 0.001605 0.123636
0 2 0.494016 0.250309 0.103251 0.001763 0.150661
1 2 0.284553 0.307141 0.197329 0.002409 0.208569
1 2 0.294834 0.350039 0.141457 0.000944 0.212725
1 4 0.109860 0.317572 0.267755 0.001975 0.302839
2 4 0.319005 0.240402 0.334041 0.001269 0.105283
1 4 0.230059 0.331672 0.151231 0.000786 0.286252
1 4 0.164253 0.400184 0.249375 0.000791 0.185396
2 4 0.025142 0.200497 0.581788 0.002928 0.189645
2 4 0.043320 0.139879 0.750889 0.003078 0.062834
2 2 0.000273 0.012073 0.980112 0.000690 0.006852
2 2 0.000256 0.017743 0.970536 0.000117 0.011348
2 2 0.000783 0.044504 0.928105 0.000641 0.025968
2 2 0.000598 0.026796 0.950217 0.000336 0.022053
2 2 0.003041 0.043082 0.932518 0.000519 0.020840
2 2 0.005535 0.036355 0.945925 0.001570 0.010615
2 2 0.007049 0.069817 0.891731 0.005780 0.025623
2 2 0.005679 0.057120 0.913800 0.008296 0.015105
2 2 0.005787 0.053874 0.915385 0.006237 0.018717
2 2 0.004997 0.112668 0.805667 0.002710 0.073958
2 2 0.004769 0.051965 0.925867 0.003866 0.013532
2 2 0.009018 0.080041 0.885206 0.003936 0.021799
2 2 0.021488 0.115303 0.825098 0.005295 0.032816
2 2 0.097119 0.222802 0.623798 0.010005 0.046276
2 2 0.032615 0.168901 0.747691 0.001139 0.049655
2 2 0.002411 0.029997 0.938287 0.022752 0.006553
2 2 0.043459 0.103626 0.816568 0.016752 0.019594
2 2 0.103022 0.218813 0.613092 0.005513 0.059559
0 2 0.406879 0.304514 0.231611 0.002443 0.054553
2 2 0.044361 0.195651 0.696705 0.006135 0.057148
2 2 0.003924 0.030464 0.958576 0.002826 0.004211
2 2 0.004887 0.041029 0.942793 0.002794 0.008498
2 2 0.005564 0.109581 0.850544 0.002057 0.032253
2 2 0.094516 0.196313 0.660840 0.001977 0.046354
0 2 0.633190 0.141026 0.197727 0.002934 0.025123
2 2 0.028101 0.272114 0.486292 0.000033 0.213460
2 2 0.003794 0.130363 0.719801 0.000043 0.145999
2 2 0.005236 0.112247 0.775415 0.000049 0.107052
2 2 0.001525 0.061191 0.860148 0.000149 0.076986
2 2 0.001266 0.066944 0.837844 0.000073 0.093874
2 2 0.001017 0.061455 0.868557 0.000202 0.068768
2 2 0.000842 0.047793 0.901269 0.001540 0.048555
2 2 0.001392 0.055513 0.877374 0.000061 0.065661
2 2 0.003202 0.105477 0.776578 0.000140 0.114603
2 2 0.001865 0.079580 0.815442 0.000078 0.103036
2 2 0.003172 0.043756 0.933583 0.001870 0.017620
2 2 0.002392 0.037287 0.948364 0.001357 0.010600
2 2 0.003386 0.058744 0.918270 0.002136 0.017464
2 2 0.001282 0.019425 0.972975 0.002236 0.004082
2 2 0.020011 0.142526 0.781961 0.000942 0.054560
2 2 0.015408 0.083242 0.851531 0.023867 0.025952
2 2 0.155325 0.247440 0.528015 0.006825 0.062395
0 2 0.699235 0.106688 0.144498 0.003442 0.046138
1 2 0.145079 0.378036 0.352890 0.003531 0.120464
2 2 0.061378 0.282790 0.548973 0.003743 0.103116
2 2 0.005117 0.061231 0.906844 0.001054 0.025754
2 2 0.010632 0.215720 0.641843 0.000433 0.131373
2 2 0.002846 0.071169 0.881233 0.000503 0.044250
2 2 0.002141 0.037877 0.943125 0.000573 0.016285
2 2 0.057708 0.235769 0.612735 0.000947 0.092841
2 2 0.008158 0.144126 0.769831 0.000236 0.077650
2 2 0.003032 0.042425 0.935252 0.000326 0.018965
2 2 0.041331 0.209922 0.619659 0.000373 0.128715
2 2 0.006410 0.201281 0.672136 0.000085 0.120087
2 2 0.018024 0.213335 0.644502 0.000856 0.123283
2 2 0.020469 0.104144 0.836980 0.002352 0.036055
2 2 0.136113 0.277978 0.484842 0.000526 0.100541
0 2 0.621721 0.189339 0.149571 0.001649 0.037720
2 2 0.033982 0.303724 0.501425 0.000889 0.159979
2 2 0.005358 0.075977 0.871967 0.013341 0.033357
2 2 0.002234 0.024886 0.951573 0.016559 0.004749
2 2 0.003096 0.040375 0.943547 0.005586 0.007396
2 2 0.045177 0.108443 0.806871 0.002245 0.037265
2 2 0.039402 0.070209 0.860786 0.021145 0.008458
2 2 0.016441 0.090868 0.863205 0.003623 0.025864
2 2 0.002311 0.078063 0.861722 0.001927 0.055977
2 2 0.003730 0.067337 0.899847 0.000509 0.028577
2 2 0.009032 0.091118 0.869470 0.001350 0.029029
2 2 0.008156 0.112397 0.833477 0.001733 0.044238
2 2 0.016000 0.139950 0.785632 0.001239 0.057180
2 2 0.062613 0.159670 0.711399 0.043264 0.023053
2 2 0.003507 0.023172 0.916716 0.054356 0.002249
2 2 0.007869 0.054399 0.877678 0.048909 0.011145
2 2 0.027768 0.087294 0.844421 0.029099 0.011418
2 2 0.004281 0.024968 0.929080 0.039544 0.002126
2 2 0.014224 0.048884 0.898144 0.035555 0.003193
2 2 0.012247 0.038807 0.924804 0.021858 0.002284
2 2 0.013300 0.063487 0.897613 0.017661 0.007939
2 2 0.028260 0.084035 0.799006 0.077146 0.011553
2 2 0.129658 0.111422 0.708606 0.037357 0.012956
2 2 0.030239 0.243192 0.670833 0.004824 0.050912
2 2 0.015212 0.065322 0.903675 0.010226 0.005564
2 2 0.018859 0.091858 0.862454 0.016796 0.010033
2 2 0.009488 0.071531 0.904389 0.004718 0.009874
2 2 0.028889 0.086074 0.863018 0.010752 0.011266
2 2 0.018926 0.219168 0.666234 0.000190 0.095482
2 2 0.012487 0.120691 0.809308 0.000226 0.057288
2 2 0.002110 0.056188 0.908792 0.000682 0.032228
2 2 0.001003 0.030136 0.954653 0.000973 0.013235
2 2 0.032025 0.247169 0.581210 0.000197 0.139399
2 2 0.132499 0.100545 0.720450 0.035282 0.011223
2 2 0.129081 0.192211 0.600899 0.031947 0.045862
2 2 0.070832 0.181050 0.685397 0.023147 0.039575
2 2 0.225580 0.172231 0.563949 0.017495 0.020744
2 2 0.029050 0.076186 0.860203 0.023197 0.011364
2 2 0.022502 0.077185 0.870781 0.021907 0.007625
2 2 0.033927 0.053744 0.898802 0.010045 0.003482
2 2 0.037079 0.074814 0.832974 0.046315 0.008818
2 2 0.160123 0.277517 0.475514 0.027533 0.059313
2 2 0.068753 0.188009 0.707667 0.007966 0.027604
2 2 0.038227 0.133003 0.781795 0.027917 0.019057
2 2 0.010534 0.034807 0.937579 0.014425 0.002654
2 2 0.052026 0.169389 0.741836 0.015572 0.021178
2 2 0.047405 0.099395 0.814405 0.028694 0.010101
0 2 0.355434 0.259162 0.306099 0.003931 0.075373
2 2 0.001557 0.060232 0.896574 0.007772 0.033866
2 2 0.002300 0.062523 0.880380 0.004994 0.049802
2 2 0.012978 0.151639 0.761624 0.000862 0.072897
2 2 0.001971 0.055763 0.902375 0.004780 0.035112
2 2 0.001442 0.046463 0.921082 0.003174 0.027839
2 2 0.002619 0.048587 0.926831 0.008665 0.013298
2 2 0.008375 0.141888 0.782564 0.002032 0.065141
2 2 0.000293 0.012729 0.979170 0.004442 0.003365
2 2 0.001680 0.039161 0.939186 0.006115 0.013859
2 2 0.000876 0.021469 0.968760 0.004205 0.004689
2 2 0.004343 0.071526 0.900375 0.004040 0.019717
2 2 0.005515 0.086277 0.874684 0.010176 0.023347
2 2 0.005093 0.036142 0.942429 0.010164 0.006173
2 2 0.005689 0.051556 0.913957 0.014645 0.014153
2 2 0.006302 0.097162 0.849520 0.013240 0.033776
2 2 0.006333 0.021090 0.811006 0.160712 0.000859
2 2 0.016964 0.033313 0.730390 0.217086 0.002247
2 2 0.003779 0.017529 0.553512 0.423565 0.001615
2 3 0.002117 0.009770 0.640515 0.347070 0.000529
2 3 0.008631 0.028959 0.672067 0.288419 0.001924
3 3 0.002302 0.015197 0.382025 0.598512 0.001964
