0 0 0.620356 0.179896 0.149116 0.007918 0.042714
0 0 0.571780 0.213033 0.148991 0.007289 0.058907
0 0 0.876086 0.072212 0.036372 0.002011 0.013319
0 0 0.565477 0.220653 0.137052 0.004357 0.072461
0 0 0.350227 0.290266 0.210085 0.007746 0.141676
4 1 0.062133 0.211533 0.036186 0.000001 0.690147
4 1 0.129086 0.252298 0.043392 0.000002 0.575222
4 1 0.081797 0.186198 0.041311 0.000021 0.690673
4 1 0.069615 0.179175 0.048890 0.000058 0.702263
4 1 0.071698 0.193374 0.053500 0.000042 0.681385
4 1 0.250372 0.214093 0.046675 0.000331 0.488530
0 1 0.467696 0.207812 0.024397 0.000020 0.300075
0 1 0.387860 0.208352 0.023805 0.000014 0.379969
0 1 0.613731 0.153485 0.014675 0.000038 0.218072
0 2 0.739612 0.109183 0.007493 0.000020 0.143692
0 2 0.956947 0.029958 0.001851 0.000055 0.011190
0 2 0.948091 0.035889 0.002140 0.000026 0.013854
0 2 0.965358 0.024130 0.001280 0.000042 0.009190
0 2 0.938856 0.042305 0.002471 0.000013 0.016355
0 2 0.617055 0.191832 0.034770 0.000340 0.156003
0 2 0.383967 0.252610 0.021691 0.000000 0.341731
0 2 0.536581 0.191076 0.011454 0.000000 0.260889
0 4 0.571462 0.214024 0.017592 0.000001 0.196921
0 4 0.434109 0.214264 0.019468 0.000003 0.332156
0 4 0.499345 0.173738 0.012806 0.000003 0.314107
0 4 0.425923 0.211491 0.041598 0.000508 0.320480
0 4 0.374979 0.245714 0.040075 0.000040 0.339192
0 1 0.399720 0.237317 0.037709 0.000048 0.325205
0 1 0.582097 0.164602 0.020170 0.000132 0.232998
0 1 0.929492 0.036189 0.001936 0.000105 0.032277
0 1 0.787461 0.114483 0.005334 0.000000 0.092723
0 1 0.766236 0.117433 0.005364 0.000000 0.110967
0 1 0.634879 0.152852 0.010354 0.000003 0.201911
0 1 0.925525 0.040822 0.001420 0.000003 0.032230
0 1 0.694116 0.156297 0.007375 0.000000 0.142212
0 1 0.559544 0.153962 0.008961 0.000002 0.277532
0 1 0.606548 0.188240 0.008489 0.000000 0.196722
0 4 0.546602 0.206229 0.014770 0.000001 0.232399
4 4 0.340070 0.234204 0.025096 0.000003 0.400627
4 4 0.215267 0.239494 0.036885 0.000009 0.508344
4 4 0.221626 0.248704 0.056516 0.000101 0.473054
0 4 0.376287 0.266585 0.046314 0.000031 0.310784
4 4 0.183849 0.226011 0.067524 0.000695 0.521921
4 4 0.365054 0.199065 0.030284 0.000124 0.405473
4 4 0.155899 0.184814 0.052243 0.001167 0.605877
4 4 0.097840 0.273563 0.150308 0.000782 0.477507
4 4 0.148487 0.215160 0.181896 0.020434 0.434022
4 4 0.128024 0.208506 0.147210 0.011014 0.505245
4 2 0.276391 0.222990 0.138628 0.014030 0.347960
4 2 0.140645 0.241284 0.093645 0.000947 0.523480
2 2 0.007878 0.092540 0.862396 0.006696 0.030489
2 2 0.009753 0.102326 0.776210 0.027186 0.084524
2 2 0.011357 0.088309 0.815313 0.030086 0.054935
2 2 0.024345 0.120689 0.816969 0.009236 0.028761
2 2 0.005842 0.077591 0.848412 0.024645 0.043510
2 2 0.001597 0.017800 0.961926 0.016494 0.002184
2 2 0.003438 0.032180 0.913671 0.044558 0.006152
2 2 0.003449 0.035714 0.921165 0.031463 0.008209
2 2 0.003698 0.024066 0.923597 0.045297 0.003342
2 2 0.001069 0.014274 0.961704 0.021201 0.001752
2 2 0.002770 0.007918 0.768338 0.220568 0.000406
2 2 0.002234 0.010338 0.852629 0.134089 0.000710
2 2 0.002186 0.007614 0.739074 0.250673 0.000454
2 2 0.005903 0.024203 0.832161 0.135090 0.002644
2 2 0.005889 0.027053 0.769881 0.192655 0.004522
3 2 0.005976 0.007862 0.466996 0.518642 0.000525
2 2 0.026302 0.020469 0.663091 0.288899 0.001239
2 2 0.036857 0.019460 0.486155 0.456064 0.001464
3 2 0.020014 0.015063 0.302116 0.660885 0.001922
2 2 0.036678 0.033190 0.522432 0.403723 0.003978
2 2 0.031080 0.036648 0.558406 0.369073 0.004794
3 2 0.005684 0.009076 0.439302 0.545167 0.000771
3 3 0.032192 0.018772 0.452936 0.494524 0.001575
3 3 0.077028 0.043524 0.395376 0.477199 0.006872
2 3 0.027750 0.021457 0.624909 0.324432 0.001453
3 3 0.015555 0.006163 0.091188 0.885985 0.001108
3 3 0.061700 0.023018 0.118573 0.789714 0.006994
3 3 0.010272 0.004266 0.079776 0.904982 0.000706
3 3 0.048995 0.011507 0.133207 0.804607 0.001685
3 3 0.054264 0.020053 0.139721 0.781155 0.004807
3 3 0.109487 0.035290 0.131842 0.711782 0.011598
3 3 0.030684 0.015813 0.073572 0.873055 0.006875
3 3 0.045146 0.019827 0.110614 0.818078 0.006335
3 3 0.089251 0.028862 0.125483 0.747526 0.008878
3 3 0.037327 0.019139 0.081909 0.853179 0.008446
3 3 0.172422 0.037066 0.185433 0.597657 0.007422
3 3 0.082933 0.022901 0.132693 0.756035 0.005438
3 3 0.030565 0.010808 0.102491 0.853801 0.002335
3 3 0.029789 0.011700 0.096555 0.859021 0.002935
3 3 0.038331 0.016302 0.086917 0.852756 0.005693
3 3 0.046127 0.011867 0.101251 0.838380 0.002375
3 3 0.007164 0.002544 0.040822 0.948948 0.000522
3 3 0.025837 0.008431 0.071883 0.891763 0.002087
3 3 0.069511 0.020051 0.140622 0.765555 0.004262
3 3 0.029917 0.012088 0.074524 0.879509 0.003963
3 3 0.044828 0.016908 0.080524 0.851613 0.006127
3 3 0.071344 0.022487 0.097650 0.801068 0.007451
3 3 0.140277 0.033481 0.158955 0.659534 0.007753
3 3 0.104039 0.031127 0.133289 0.722436 0.009109
3 3 0.243330 0.046354 0.171672 0.528176 0.010468
3 3 0.054353 0.030002 0.110267 0.791767 0.013612
3 3 0.030215 0.021939 0.100853 0.836831 0.010162
3 3 0.042848 0.028926 0.156900 0.761167 0.010159
3 3 0.082839 0.038011 0.168004 0.698873 0.012273
3 3 0.213183 0.044086 0.299160 0.437741 0.005829
3 3 0.191999 0.062273 0.279375 0.453033 0.013319
2 3 0.025353 0.044679 0.515056 0.406198 0.008712
2 3 0.026105 0.026922 0.473887 0.469670 0.003416
2 3 0.072520 0.050529 0.585697 0.285461 0.005794
2 3 0.119901 0.066066 0.531285 0.273964 0.008783
3 3 0.192786 0.051099 0.258822 0.487637 0.009655
3 3 0.222004 0.050788 0.253652 0.464550 0.009005
3 3 0.037276 0.022815 0.153215 0.779882 0.006813
3 3 0.159966 0.053869 0.331904 0.445193 0.009068
3 3 0.193951 0.047076 0.244870 0.505479 0.008624
3 3 0.031718 0.016037 0.108883 0.838480 0.004881
3 3 0.053239 0.023515 0.192735 0.725546 0.004965
3 3 0.217025 0.049322 0.287047 0.439043 0.007563
3 3 0.170876 0.038822 0.264330 0.520196 0.005776
3 3 0.054535 0.022090 0.144424 0.773282 0.005668
3 3 0.305039 0.062830 0.233128 0.386554 0.012448
3 3 0.307478 0.073093 0.223540 0.378411 0.017477
3 3 0.112500 0.043023 0.174633 0.656688 0.013157
3 3 0.166501 0.046761 0.276300 0.502276 0.008162
0 3 0.438141 0.083871 0.283879 0.180896 0.013213
3 3 0.017125 0.017383 0.478940 0.484893 0.001659
3 3 0.034883 0.025068 0.265752 0.669390 0.004906
3 3 0.046796 0.021355 0.151994 0.774448 0.005408
3 3 0.059234 0.024452 0.210455 0.701168 0.004690
3 3 0.036786 0.024015 0.159882 0.772029 0.007289
3 3 0.298194 0.079986 0.299801 0.306462 0.015558
3 3 0.296889 0.083045 0.286579 0.315823 0.017664
0 3 0.330459 0.091895 0.281640 0.275677 0.020330
2 3 0.239400 0.102532 0.440229 0.200113 0.017726
2 3 0.256831 0.127363 0.446953 0.144603 0.024251
2 3 0.048401 0.096801 0.681675 0.152356 0.020767
2 3 0.051373 0.080315 0.706557 0.148875 0.012880
2 3 0.040329 0.065162 0.611779 0.269520 0.013210
2 3 0.083032 0.096053 0.603018 0.195835 0.022062
2 3 0.069530 0.092883 0.562573 0.248091 0.026922
2 3 0.094823 0.070268 0.695583 0.132273 0.007053
2 3 0.033832 0.058733 0.737762 0.161670 0.008003
2 3 0.021110 0.035062 0.725565 0.214787 0.003476
2 3 0.063343 0.077510 0.746564 0.103692 0.008892
2 3 0.047617 0.056697 0.769189 0.121120 0.005378
0 3 0.341727 0.084320 0.293511 0.264438 0.016003
2 3 0.272095 0.112766 0.368250 0.222106 0.024783
0 3 0.396305 0.106302 0.276721 0.197139 0.023533
0 3 0.504865 0.101566 0.286631 0.091753 0.015185
0 3 0.644116 0.080769 0.198571 0.065727 0.010817
2 3 0.240509 0.188296 0.482162 0.046517 0.042516
0 3 0.525135 0.126428 0.275836 0.051978 0.020622
2 3 0.354871 0.157548 0.379425 0.076484 0.031672
0 3 0.413901 0.160921 0.373817 0.027666 0.023694
2 3 0.349479 0.188392 0.388450 0.036765 0.036915
0 3 0.482464 0.224141 0.100428 0.009188 0.183780
0 2 0.323197 0.241022 0.170723 0.032242 0.232816
4 2 0.244212 0.255678 0.215140 0.024642 0.260328
2 2 0.249710 0.246048 0.296222 0.031273 0.176747
0 2 0.327884 0.220275 0.291550 0.034982 0.125309
2 2 0.057576 0.103100 0.727161 0.094739 0.017424
2 2 0.051110 0.077885 0.752253 0.107629 0.011122
2 2 0.032146 0.085781 0.806614 0.060454 0.015005
2 2 0.037545 0.074141 0.833428 0.046080 0.008806
2 2 0.073699 0.101493 0.640562 0.161452 0.022793
0 0 0.973698 0.019446 0.005405 0.000024 0.001428
0 0 0.931927 0.051493 0.006132 0.000032 0.010416
0 0 0.965068 0.027544 0.004102 0.000015 0.003271
0 0 0.978764 0.016317 0.003769 0.000012 0.001138
0 0 0.978600 0.017126 0.002871 0.000007 0.001396
0 0 0.945958 0.037919 0.011311 0.000134 0.004678
0 0 0.953822 0.032507 0.010334 0.000085 0.003253
0 0 0.958825 0.028912 0.009385 0.000086 0.002792
0 0 0.923435 0.056195 0.009816 0.000079 0.010474
0 0 0.851771 0.101329 0.015190 0.000195 0.031515
0 0 0.785141 0.132815 0.019996 0.000182 0.061866
0 0 0.623804 0.210511 0.038210 0.000120 0.127355
0 1 0.661821 0.195526 0.037634 0.000209 0.104810
0 1 0.674261 0.189616 0.031660 0.000101 0.104362
0 0 0.904499 0.067092 0.015038 0.000191 0.013180
0 0 0.420265 0.264328 0.270735 0.001156 0.043517
1 0 0.292586 0.355063 0.261599 0.000433 0.090319
2 0 0.211295 0.286304 0.436011 0.002655 0.063735
2 0 0.241540 0.328042 0.344727 0.001182 0.084509
2 0 0.181734 0.318487 0.417698 0.001678 0.080403
0 0 0.405551 0.234903 0.051095 0.000402 0.308049
4 0 0.183026 0.271274 0.091823 0.000377 0.453499
4 1 0.051438 0.239102 0.142831 0.000367 0.566262
4 1 0.060008 0.253415 0.152657 0.000427 0.533493
4 1 0.046179 0.244751 0.162153 0.000352 0.546564
4 1 0.162251 0.232793 0.070194 0.000395 0.534367
4 1 0.052190 0.184990 0.113162 0.002953 0.646705
4 2 0.125959 0.185827 0.047775 0.000282 0.640157
4 2 0.124477 0.179625 0.063813 0.002880 0.629205
4 2 0.081464 0.184130 0.077632 0.001551 0.655224
2 2 0.067304 0.168099 0.603568 0.060898 0.100132
2 2 0.035715 0.157705 0.622135 0.057079 0.127366
2 2 0.103926 0.219848 0.553870 0.025444 0.096912
2 2 0.036989 0.157484 0.602636 0.065121 0.137769
2 2 0.122148 0.191024 0.347273 0.079478 0.260077
2 2 0.008932 0.074485 0.886696 0.009946 0.019941
2 2 0.004433 0.046438 0.903519 0.029996 0.015614
2 2 0.005739 0.061636 0.894595 0.018320 0.019709
2 2 0.014356 0.102058 0.813234 0.030404 0.039948
2 2 0.020346 0.080460 0.849578 0.031320 0.018296
2 2 0.003277 0.038482 0.934083 0.014024 0.010134
2 2 0.004781 0.035405 0.916983 0.035793 0.007038
2 2 0.002042 0.030404 0.945247 0.015166 0.007140
2 2 0.003525 0.036159 0.916974 0.032527 0.010815
2 2 0.007688 0.064513 0.876681 0.032265 0.018853
2 2 0.097047 0.118235 0.661349 0.103643 0.019726
2 2 0.265010 0.149560 0.484426 0.074325 0.026679
2 2 0.257337 0.147092 0.537926 0.038702 0.018942
2 2 0.276595 0.168587 0.504734 0.026853 0.023230
2 2 0.298239 0.162859 0.444098 0.064685 0.030119
2 2 0.033784 0.100637 0.822993 0.026630 0.015955
2 2 0.073215 0.120935 0.694096 0.082274 0.029480
2 2 0.041159 0.084746 0.759293 0.097220 0.017582
2 2 0.153641 0.182436 0.584476 0.030564 0.048883
2 2 0.119493 0.119917 0.701698 0.044060 0.014832
2 2 0.028787 0.059238 0.720433 0.181984 0.009558
2 2 0.014078 0.050524 0.832923 0.094287 0.008189
2 2 0.021363 0.053943 0.771121 0.143471 0.010102
2 2 0.013168 0.046193 0.801327 0.131554 0.007758
2 2 0.011025 0.039839 0.816727 0.126291 0.006118
0 2 0.479229 0.095056 0.273866 0.136153 0.015697
2 2 0.184628 0.089991 0.554566 0.159310 0.011504
2 2 0.126293 0.076874 0.533413 0.251953 0.011467
0 2 0.672805 0.082452 0.179246 0.053993 0.011503
0 2 0.515677 0.102990 0.309622 0.058996 0.012715
0 2 0.456713 0.147231 0.362866 0.016414 0.016776
0 2 0.623186 0.112079 0.190111 0.053564 0.021059
2 2 0.219596 0.106153 0.526813 0.132515 0.014923
2 2 0.370239 0.123117 0.376940 0.108826 0.020878
2 2 0.321937 0.130883 0.425397 0.099877 0.021907
2 2 0.336537 0.115157 0.457380 0.076559 0.014367
2 2 0.282452 0.102921 0.447752 0.151722 0.015152
2 2 0.129102 0.093155 0.595055 0.169063 0.013625
3 2 0.073221 0.051062 0.303632 0.559056 0.013028
2 2 0.201913 0.123600 0.518053 0.134914 0.021520
2 2 0.101088 0.073890 0.462921 0.347617 0.014485
2 2 0.383212 0.105233 0.400195 0.097630 0.013730
2 2 0.133902 0.098016 0.563522 0.188450 0.016110
0 2 0.459339 0.129255 0.365776 0.030465 0.015166
2 2 0.230852 0.123912 0.567316 0.062720 0.015201
0 2 0.412057 0.139120 0.348023 0.075905 0.024896
0 2 0.468898 0.115692 0.260055 0.130818 0.024537
0 2 0.399233 0.105283 0.360333 0.119379 0.015771
0 2 0.476622 0.117997 0.282770 0.100697 0.021913
0 2 0.531229 0.106832 0.251525 0.091847 0.018566
2 2 0.032155 0.046139 0.815002 0.102884 0.003820
2 2 0.068005 0.096877 0.711005 0.109621 0.014491
2 2 0.151266 0.089054 0.640522 0.109506 0.009652
2 2 0.329836 0.113552 0.496796 0.048360 0.011456
2 2 0.057623 0.075087 0.699794 0.157159 0.010337
2 2 0.369702 0.133216 0.372740 0.100166 0.024175
0 2 0.562206 0.151094 0.242447 0.019516 0.024736
0 2 0.620436 0.125148 0.169839 0.054936 0.029640
2 2 0.328614 0.127586 0.380396 0.138401 0.025004
0 2 0.654486 0.106710 0.180308 0.040278 0.018219
2 2 0.172053 0.095141 0.610825 0.111061 0.010920
2 2 0.182106 0.113208 0.580222 0.108581 0.015884
2 2 0.133339 0.087719 0.637796 0.130775 0.010370
0 2 0.468886 0.114383 0.345894 0.056213 0.014624
2 2 0.092696 0.096780 0.652654 0.143025 0.014845
0 2 0.682703 0.118042 0.132246 0.037927 0.029082
0 2 0.517775 0.178332 0.243476 0.022949 0.037469
2 2 0.326276 0.180295 0.373629 0.074017 0.045783
0 2 0.656499 0.129587 0.130762 0.045852 0.037299
0 2 0.469151 0.214726 0.250412 0.015613 0.050099
0 2 0.342822 0.247856 0.299934 0.016491 0.092897
0 2 0.343224 0.215527 0.241099 0.061020 0.139130
0 2 0.363501 0.194622 0.241845 0.088962 0.111070
2 2 0.284765 0.180080 0.414643 0.065288 0.055224
0 2 0.546400 0.175306 0.156135 0.040985 0.081175
0 2 0.798470 0.115827 0.022843 0.001986 0.060875
0 2 0.657327 0.196764 0.051739 0.001207 0.092964
0 2 0.494490 0.244921 0.079788 0.002603 0.178199
0 2 0.891736 0.070366 0.009751 0.000497 0.027650
0 2 0.603088 0.218884 0.061056 0.001228 0.115744
1 2 0.287204 0.299100 0.144493 0.003724 0.265478
1 2 0.279750 0.293254 0.147237 0.005342 0.274416
0 2 0.532309 0.243756 0.068335 0.000884 0.154716
0 0 0.772134 0.132626 0.021948 0.000509 0.072783
0 0 0.710274 0.173855 0.028663 0.000117 0.087091
0 0 0.804197 0.126785 0.014198 0.000025 0.054794
0 0 0.604890 0.219177 0.046202 0.000243 0.129488
0 0 0.585820 0.226078 0.054540 0.000485 0.133076
0 1 0.567345 0.232803 0.055539 0.000409 0.143903
0 1 0.876991 0.082237 0.007470 0.000028 0.033275
0 0 0.905721 0.068811 0.006581 0.000028 0.018859
0 0 0.874024 0.088294 0.009767 0.000043 0.027872
0 0 0.779452 0.140603 0.022946 0.000175 0.056825
0 0 0.854197 0.099979 0.012556 0.000073 0.033195
0 0 0.738621 0.160860 0.030156 0.000291 0.070072
0 0 0.346117 0.315204 0.096757 0.000174 0.241748
0 0 0.506846 0.268940 0.057418 0.000066 0.166730
0 0 0.432498 0.292338 0.065111 0.000052 0.210001
1 0 0.300885 0.331242 0.096237 0.000064 0.271572
0 0 0.326603 0.325819 0.082422 0.000036 0.265120
0 0 0.797403 0.130765 0.016299 0.000043 0.055491
0 0 0.701364 0.177798 0.029084 0.000106 0.091647
0 1 0.362358 0.315970 0.126720 0.000686 0.194266
0 0 0.751209 0.154306 0.022461 0.000075 0.071950
0 0 0.643079 0.211529 0.046700 0.000229 0.098464
0 0 0.696554 0.172173 0.015764 0.000004 0.115505
0 0 0.615471 0.195475 0.012827 0.000000 0.176226
0 1 0.568988 0.211425 0.022142 0.000006 0.197439
0 1 0.365531 0.253640 0.041474 0.000030 0.339325
0 1 0.411205 0.259966 0.035893 0.000009 0.292927
4 1 0.175377 0.266573 0.080354 0.000182 0.477515
4 1 0.219696 0.172112 0.029334 0.000201 0.578656
4 1 0.222500 0.201082 0.044615 0.000414 0.531389
4 1 0.236559 0.203373 0.038490 0.000159 0.521419
4 1 0.174476 0.220603 0.060552 0.000403 0.543965
4 1 0.182570 0.254643 0.205137 0.019763 0.337887
4 1 0.161911 0.244824 0.228853 0.018250 0.346163
2 2 0.097775 0.231894 0.404140 0.021037 0.245155
4 2 0.081737 0.203935 0.213632 0.032177 0.468519
2 2 0.141038 0.218912 0.315162 0.044145 0.280743
2 2 0.043446 0.173209 0.640267 0.028357 0.114720
2 2 0.010789 0.101411 0.794438 0.023516 0.069845
2 2 0.016808 0.110674 0.796429 0.025462 0.050626
2 2 0.076012 0.203359 0.542780 0.029638 0.148211
2 2 0.022747 0.122881 0.720400 0.045971 0.088001
2 2 0.088534 0.128330 0.679423 0.075749 0.027964
2 2 0.039382 0.088890 0.825094 0.033696 0.012938
2 2 0.023244 0.060542 0.855727 0.052723 0.007764
2 2 0.120528 0.141585 0.652411 0.061329 0.024147
2 2 0.061426 0.089125 0.769164 0.069826 0.010458
2 2 0.239361 0.253462 0.424630 0.010538 0.072009
2 2 0.180176 0.249775 0.418928 0.019574 0.131547
2 2 0.240024 0.242354 0.409799 0.015734 0.092089
2 2 0.267226 0.273566 0.361820 0.007360 0.090029
2 2 0.170267 0.251980 0.484481 0.014039 0.079231
2 2 0.135370 0.208988 0.534033 0.044474 0.077135
2 2 0.131349 0.168022 0.534407 0.095802 0.070421
2 2 0.172215 0.179181 0.547793 0.050547 0.050264
2 2 0.111540 0.157427 0.610253 0.074287 0.046494
2 2 0.082678 0.147708 0.657069 0.061522 0.051022
2 2 0.127632 0.145600 0.532575 0.145945 0.048248
2 2 0.187156 0.159014 0.547022 0.066855 0.039953
2 2 0.065705 0.108543 0.740096 0.067408 0.018248
2 2 0.020838 0.048379 0.805934 0.118105 0.006744
2 2 0.083940 0.133187 0.647675 0.097629 0.037569
3 2 0.073973 0.070373 0.403259 0.432240 0.020155
2 2 0.037225 0.057208 0.513630 0.379266 0.012670
3 2 0.050203 0.056618 0.414950 0.462590 0.015639
2 2 0.121482 0.093043 0.507301 0.257760 0.020413
2 2 0.036786 0.054357 0.520085 0.376191 0.012582
0 2 0.429045 0.115265 0.342357 0.095298 0.018035
2 2 0.143487 0.098617 0.541198 0.199910 0.016787
3 2 0.132323 0.046021 0.287875 0.525339 0.008442
2 2 0.068204 0.073580 0.674203 0.174126 0.009887
2 2 0.298140 0.104249 0.408322 0.172179 0.017110
2 2 0.204380 0.078994 0.382502 0.319764 0.014359
0 2 0.374981 0.083179 0.275494 0.250769 0.015577
0 2 0.324909 0.095661 0.279859 0.277167 0.022403
0 2 0.362121 0.091519 0.297432 0.231314 0.017613
2 2 0.301954 0.070979 0.327754 0.288328 0.010985
3 2 0.095142 0.055418 0.400370 0.439018 0.010052
3 2 0.015933 0.017702 0.395308 0.568847 0.002210
3 2 0.028349 0.020727 0.174161 0.771214 0.005548
3 2 0.036842 0.018792 0.274744 0.667051 0.002571
3 2 0.118838 0.039887 0.296402 0.538394 0.006479
3 2 0.206204 0.061151 0.230546 0.487080 0.015019
0 2 0.359630 0.078768 0.238479 0.306136 0.016987
3 2 0.216923 0.057443 0.245800 0.467762 0.012073
0 3 0.475155 0.085776 0.182173 0.235701 0.021195
3 3 0.169465 0.053025 0.177875 0.583529 0.016107
0 3 0.391657 0.066567 0.220469 0.308875 0.012432
3 3 0.277229 0.050477 0.208771 0.454003 0.009519
3 3 0.283675 0.058332 0.180416 0.463065 0.014513
3 3 0.154217 0.042586 0.184985 0.607771 0.010441
3 3 0.239921 0.041300 0.264698 0.448655 0.005426
3 3 0.056578 0.023144 0.121025 0.792031 0.007222
3 3 0.158781 0.041150 0.179571 0.610624 0.009873
3 3 0.286918 0.053505 0.262662 0.388633 0.008281
3 3 0.110491 0.035131 0.141874 0.701819 0.010686
3 3 0.133752 0.023872 0.198762 0.640400 0.003215
3 3 0.199221 0.045815 0.143555 0.597902 0.013506
3 3 0.112427 0.032921 0.167143 0.679550 0.007959
3 3 0.177737 0.049335 0.140947 0.615047 0.016934
3 3 0.101544 0.030935 0.161522 0.698396 0.007603
3 3 0.301942 0.063192 0.197010 0.422821 0.015035
0 3 0.548240 0.072507 0.199494 0.167881 0.011879
0 3 0.447102 0.068723 0.186890 0.283124 0.014161
0 3 0.532898 0.079386 0.189596 0.182618 0.015502
0 3 0.640657 0.080130 0.141567 0.120744 0.016902
0 3 0.521118 0.083334 0.134145 0.236258 0.025145
3 3 0.176300 0.052280 0.148623 0.604607 0.018189
3 3 0.336271 0.056923 0.193004 0.402180 0.011622
3 3 0.180231 0.042897 0.142433 0.621896 0.012543
3 3 0.345392 0.070269 0.124480 0.433239 0.026620
3 3 0.171362 0.042583 0.140592 0.632627 0.012836
3 3 0.342451 0.085574 0.118847 0.411929 0.041199
3 3 0.214874 0.064347 0.131508 0.561347 0.027925
3 3 0.238894 0.072485 0.249754 0.420963 0.017904
0 3 0.464956 0.109578 0.272246 0.131926 0.021293
2 3 0.325808 0.116287 0.446262 0.095341 0.016302
0 2 0.512530 0.219817 0.113499 0.009090 0.145064
0 2 0.339660 0.254550 0.254993 0.020426 0.130371
0 2 0.525032 0.213162 0.110015 0.013507 0.138285
0 2 0.617243 0.187982 0.106041 0.008712 0.080022
0 2 0.479406 0.222902 0.110067 0.011510 0.176116
4 2 0.305686 0.168422 0.009484 0.000000 0.516408
4 2 0.144811 0.151183 0.011966 0.000001 0.692039
4 2 0.087112 0.161116 0.020723 0.000002 0.731046
4 4 0.082694 0.145767 0.016193 0.000001 0.755346
4 4 0.139275 0.212289 0.017863 0.000000 0.630574
4 4 0.120680 0.166811 0.007233 0.000000 0.705276
4 4 0.111775 0.173939 0.012125 0.000000 0.702160
4 4 0.051507 0.170955 0.014378 0.000000 0.763161
4 4 0.069017 0.146215 0.012358 0.000000 0.772410
4 4 0.101198 0.137609 0.012094 0.000001 0.749098
4 4 0.183070 0.177567 0.010076 0.000000 0.629287
4 4 0.334513 0.181039 0.006478 0.000000 0.477970
4 4 0.175743 0.220757 0.011439 0.000000 0.592061
4 4 0.201735 0.162559 0.007230 0.000000 0.628477
4 4 0.146123 0.179417 0.012309 0.000000 0.662151
4 4 0.084344 0.170283 0.020009 0.000001 0.725364
4 4 0.136931 0.202091 0.021351 0.000001 0.639627
4 4 0.072620 0.191574 0.030377 0.000001 0.705429
4 4 0.072642 0.157600 0.031514 0.000020 0.738225
4 4 0.077283 0.150745 0.019945 0.000002 0.752025
4 4 0.108133 0.207446 0.027154 0.000001 0.657267
4 4 0.086972 0.211093 0.025201 0.000000 0.676734
4 4 0.071724 0.169273 0.027599 0.000003 0.731402
4 4 0.064963 0.149751 0.026242 0.000007 0.759036
4 4 0.122918 0.194204 0.013032 0.000000 0.669846
4 4 0.099880 0.212071 0.042866 0.000010 0.645174
4 4 0.188370 0.271487 0.042263 0.000003 0.497878
4 4 0.229681 0.211520 0.025627 0.000006 0.533166
4 4 0.152899 0.227883 0.046066 0.000027 0.573124
0 0 0.620140 0.167128 0.012203 0.000003 0.200526
0 1 0.796619 0.117323 0.003866 0.000000 0.082191
0 1 0.609340 0.191831 0.012303 0.000000 0.186525
0 1 0.756390 0.138123 0.006105 0.000000 0.099381
0 1 0.653344 0.175999 0.008353 0.000000 0.162305
0 1 0.556721 0.203621 0.013346 0.000000 0.226312
0 0 0.763787 0.110627 0.005298 0.000001 0.120287
4 0 0.312223 0.242121 0.016902 0.000000 0.428753
4 1 0.253637 0.250355 0.019118 0.000000 0.476890
4 1 0.245275 0.255963 0.022631 0.000000 0.476131
4 1 0.212621 0.228267 0.020243 0.000000 0.538869
4 4 0.206296 0.215104 0.012303 0.000000 0.566297
4 4 0.169632 0.222468 0.024738 0.000001 0.583162
4 4 0.137584 0.217250 0.022063 0.000000 0.623103
4 4 0.185935 0.221685 0.011088 0.000000 0.581291
4 4 0.113117 0.174365 0.015589 0.000000 0.696928
4 4 0.254044 0.238949 0.076103 0.001753 0.429152
4 4 0.235023 0.299144 0.091399 0.000177 0.374257
4 4 0.235817 0.298529 0.088434 0.000150 0.377070
0 4 0.603048 0.208731 0.031068 0.000050 0.157103
0 0 0.527873 0.239646 0.034799 0.000020 0.197663
1 1 0.192307 0.374986 0.295041 0.000368 0.137298
2 1 0.234051 0.310839 0.374787 0.001036 0.079287
1 1 0.213097 0.369669 0.281425 0.000373 0.135437
1 1 0.221310 0.375384 0.251045 0.000356 0.151905
1 1 0.198334 0.352123 0.327219 0.000620 0.121704
0 1 0.426157 0.281209 0.077526 0.000306 0.214802
0 1 0.539396 0.225564 0.036366 0.000065 0.198609
0 0 0.625519 0.214156 0.033345 0.000036 0.126945
0 1 0.415829 0.303071 0.084513 0.000134 0.196453
0 1 0.332057 0.323659 0.115074 0.000284 0.228925
4 1 0.331113 0.266886 0.032258 0.000002 0.369741
4 1 0.330719 0.266190 0.029257 0.000001 0.373833
4 1 0.281579 0.273200 0.049373 0.000020 0.395827
4 1 0.331430 0.213792 0.021946 0.000004 0.432828
4 1 0.250119 0.223562 0.028535 0.000007 0.497777
4 1 0.291197 0.230312 0.043661 0.000113 0.434718
0 1 0.592022 0.214505 0.023560 0.000006 0.169908
0 1 0.357226 0.275005 0.041350 0.000009 0.326410
0 1 0.501735 0.221867 0.024482 0.000007 0.251909
4 1 0.279311 0.294690 0.073071 0.000080 0.352847
4 1 0.125834 0.223588 0.053777 0.000050 0.596752
4 1 0.094568 0.197480 0.055598 0.000118 0.652235
4 1 0.154501 0.247133 0.042418 0.000005 0.555942
4 1 0.116268 0.255509 0.054132 0.000006 0.574085
4 1 0.050313 0.216892 0.061938 0.000006 0.670852
0 1 0.541686 0.253099 0.078256 0.000756 0.126202
0 1 0.604710 0.220266 0.057053 0.000731 0.117240
0 0 0.834042 0.098629 0.037883 0.002641 0.026806
0 0 0.813797 0.123185 0.017091 0.000082 0.045845
0 0 0.674093 0.201412 0.045804 0.000230 0.078461
2 0 0.278250 0.235809 0.448627 0.004111 0.033202
2 0 0.308266 0.206047 0.453105 0.007204 0.025378
2 0 0.368603 0.208760 0.384529 0.008542 0.029567
2 1 0.176442 0.152275 0.631516 0.022250 0.017517
2 1 0.262342 0.206174 0.487428 0.011830 0.032226
2 1 0.051768 0.073278 0.854207 0.016251 0.004496
2 1 0.060978 0.078537 0.840619 0.015060 0.004806
2 1 0.112661 0.114594 0.748818 0.014951 0.008976
2 1 0.073142 0.092079 0.802925 0.024445 0.007410
2 1 0.056523 0.080911 0.834604 0.022035 0.005926
2 1 0.048847 0.090393 0.837900 0.015195 0.007665
2 1 0.051579 0.099447 0.818451 0.019558 0.010965
2 1 0.071430 0.097281 0.807130 0.016689 0.007471
2 1 0.031401 0.060301 0.884517 0.019966 0.003815
2 1 0.066936 0.088995 0.821918 0.015946 0.006205
0 0 0.656937 0.121945 0.205412 0.004388 0.011319
2 1 0.137278 0.133831 0.709064 0.009373 0.010453
2 1 0.147464 0.134649 0.702321 0.006317 0.009250
2 1 0.183100 0.159416 0.636039 0.007616 0.013829
2 1 0.094168 0.111954 0.772351 0.012930 0.008597
2 2 0.159412 0.116151 0.693676 0.021282 0.009478
2 2 0.145978 0.122737 0.702094 0.018695 0.010496
2 2 0.151890 0.126486 0.695021 0.016003 0.010600
2 2 0.290578 0.136329 0.543310 0.017644 0.012139
2 2 0.101922 0.087799 0.791728 0.013555 0.004997
2 2 0.213389 0.148317 0.604094 0.018955 0.015244
2 2 0.229652 0.167453 0.559549 0.022067 0.021279
0 2 0.452143 0.168056 0.355018 0.007072 0.017711
0 2 0.703747 0.135124 0.141828 0.002686 0.016615
0 2 0.564998 0.168780 0.239248 0.005344 0.021631
2 2 0.024186 0.076942 0.826318 0.058406 0.014147
2 2 0.009218 0.061839 0.880123 0.033739 0.015082
2 2 0.019349 0.073928 0.867306 0.027372 0.012045
2 2 0.004620 0.035555 0.898850 0.053947 0.007028
2 2 0.017600 0.070213 0.873989 0.026485 0.011713
2 2 0.063946 0.089098 0.735062 0.096113 0.015781
2 2 0.043461 0.077294 0.814308 0.056848 0.008090
2 2 0.008278 0.036745 0.842021 0.107370 0.005587
2 2 0.030659 0.075199 0.816982 0.065498 0.011662
2 2 0.022282 0.053191 0.826590 0.090991 0.006947
2 2 0.013114 0.035251 0.895559 0.053384 0.002692
2 2 0.017013 0.052468 0.876692 0.047971 0.005857
2 2 0.009363 0.038806 0.899746 0.047482 0.004603
2 2 0.017038 0.047227 0.882393 0.048688 0.004653
2 2 0.005544 0.026258 0.882059 0.082699 0.003441
2 2 0.028731 0.060066 0.734558 0.168084 0.008561
2 2 0.049898 0.066806 0.751079 0.124464 0.007752
2 2 0.140562 0.092042 0.550693 0.202315 0.014390
2 2 0.060589 0.058424 0.717444 0.157611 0.005932
2 2 0.026680 0.045089 0.802434 0.121686 0.004111
2 2 0.035571 0.043679 0.655641 0.260000 0.005110
2 2 0.181637 0.079737 0.540152 0.188816 0.009659
2 2 0.055553 0.069821 0.721123 0.144870 0.008633
2 2 0.079321 0.065849 0.464504 0.377500 0.012825
2 2 0.032669 0.057528 0.686684 0.214698 0.008422
2 2 0.008731 0.036697 0.878060 0.071271 0.005241
2 2 0.022459 0.064475 0.800884 0.100474 0.011708
2 2 0.014539 0.046880 0.762694 0.166404 0.009484
2 2 0.019878 0.067079 0.758975 0.139326 0.014741
2 2 0.010409 0.040599 0.829778 0.112355 0.006859
2 2 0.313660 0.111266 0.473685 0.087555 0.013833
2 2 0.199080 0.087668 0.479225 0.220843 0.013185
2 2 0.283069 0.106619 0.523667 0.075075 0.011570
0 2 0.893262 0.046797 0.053416 0.002460 0.004064
0 2 0.583297 0.130749 0.266810 0.006875 0.012269
0 0 0.532453 0.164295 0.278635 0.005884 0.018733
2 0 0.351248 0.172782 0.443947 0.012193 0.019830
2 0 0.345982 0.183552 0.437671 0.010725 0.022070
2 0 0.247104 0.157631 0.563718 0.015270 0.016277
0 0 0.542517 0.159762 0.274806 0.005492 0.017423
2 2 0.104744 0.123095 0.745625 0.015631 0.010904
2 2 0.136836 0.148222 0.655566 0.038611 0.020765
2 2 0.116024 0.141419 0.707889 0.019197 0.015471
2 2 0.053355 0.088800 0.811089 0.037807 0.008948
2 2 0.089517 0.114075 0.762200 0.023265 0.010942
2 2 0.034729 0.062873 0.882867 0.015799 0.003732
2 2 0.016627 0.049110 0.916089 0.015249 0.002926
2 2 0.019721 0.040987 0.918224 0.018971 0.002097
2 2 0.025613 0.064936 0.875179 0.028241 0.006031
2 2 0.019456 0.037883 0.920626 0.020300 0.001735
2 2 0.020781 0.050481 0.829215 0.094206 0.005317
2 2 0.066525 0.087709 0.820157 0.019226 0.006384
2 2 0.033767 0.081479 0.818661 0.055132 0.010961
2 2 0.068651 0.094910 0.789449 0.037674 0.009315
2 2 0.027874 0.051272 0.840607 0.075621 0.004626
2 2 0.002385 0.028969 0.952209 0.011998 0.004439
2 2 0.002877 0.035644 0.929316 0.024252 0.007911
2 2 0.000999 0.015716 0.967935 0.013454 0.001895
2 2 0.002146 0.023525 0.948499 0.022050 0.003779
2 2 0.001982 0.023006 0.936904 0.034663 0.003446
2 2 0.035144 0.067407 0.760881 0.125152 0.011416
2 2 0.021877 0.053176 0.767107 0.149665 0.008175
2 2 0.024007 0.060663 0.846962 0.061053 0.007316
2 2 0.016666 0.056981 0.731094 0.179953 0.015305
2 2 0.019190 0.070721 0.730644 0.161373 0.018072
2 2 0.004329 0.014899 0.711236 0.267996 0.001540
2 2 0.017074 0.048902 0.601310 0.319481 0.013233
2 2 0.010550 0.026462 0.504830 0.453204 0.004954
2 2 0.014695 0.038554 0.628898 0.309909 0.007945
2 2 0.009851 0.019898 0.533961 0.433607 0.002683
2 2 0.009082 0.019442 0.584948 0.384417 0.002112
2 2 0.020040 0.031065 0.493658 0.450372 0.004864
2 2 0.031497 0.038355 0.474589 0.449123 0.006437
2 2 0.020900 0.040154 0.478170 0.451867 0.008908
2 2 0.021930 0.025972 0.671325 0.278643 0.002131
2 2 0.060393 0.064311 0.762138 0.107014 0.006143
2 2 0.030364 0.043427 0.713472 0.207840 0.004898
2 2 0.008368 0.022394 0.755353 0.211932 0.001954
2 2 0.012863 0.037515 0.758595 0.185661 0.005366
2 2 0.038962 0.058353 0.679602 0.214951 0.008131
3 2 0.017276 0.022052 0.444097 0.513647 0.002928
3 2 0.035956 0.042883 0.356820 0.553847 0.010494
2 3 0.195939 0.062972 0.422266 0.310486 0.008337
2 3 0.068234 0.050827 0.480816 0.392220 0.007904
3 3 0.042843 0.032696 0.403065 0.516464 0.004932
2 3 0.004322 0.011110 0.728670 0.255233 0.000665
2 3 0.008080 0.021819 0.651000 0.316684 0.002416
2 3 0.007269 0.011793 0.539030 0.440977 0.000931
3 3 0.012611 0.026178 0.445792 0.510715 0.004704
2 3 0.006972 0.019733 0.611750 0.359258 0.002287
2 3 0.129738 0.101998 0.490811 0.254094 0.023360
2 3 0.212992 0.124875 0.583072 0.063480 0.015581
2 3 0.402226 0.157299 0.407492 0.015178 0.017805
2 3 0.193210 0.156743 0.591970 0.036215 0.021862
2 2 0.154239 0.151156 0.616441 0.054058 0.024107
2 2 0.050614 0.121944 0.768088 0.035329 0.024026
2 2 0.104621 0.137435 0.713560 0.025283 0.019101
2 2 0.147407 0.149961 0.675154 0.012802 0.014677
2 2 0.133080 0.156619 0.673906 0.017418 0.018977
2 2 0.114921 0.159356 0.693034 0.012071 0.020618
2 2 0.083846 0.167442 0.704480 0.013270 0.030962
2 2 0.130450 0.189720 0.637469 0.011148 0.031213
2 2 0.135908 0.182585 0.640950 0.012554 0.028003
2 2 0.136226 0.153696 0.676132 0.016732 0.017214
2 2 0.103894 0.170062 0.677600 0.015516 0.032928
2 2 0.031450 0.064939 0.888807 0.011072 0.003731
2 2 0.019323 0.059981 0.890524 0.024144 0.006028
2 2 0.013683 0.047757 0.908530 0.025742 0.004288
2 2 0.015429 0.048304 0.917813 0.015026 0.003427
2 2 0.005158 0.026776 0.950902 0.015148 0.002016
2 2 0.010679 0.053196 0.839030 0.086747 0.010348
2 2 0.017304 0.045404 0.854162 0.077622 0.005508
2 2 0.020263 0.051230 0.870001 0.053861 0.004646
2 2 0.005449 0.031282 0.861405 0.096806 0.005058
2 2 0.012462 0.047490 0.850260 0.083855 0.005933
2 2 0.047707 0.118745 0.737107 0.066026 0.030415
2 2 0.053529 0.105271 0.797108 0.026262 0.017829
2 2 0.045108 0.101029 0.809957 0.029444 0.014462
2 2 0.042518 0.111394 0.791818 0.035612 0.018657
2 2 0.035461 0.109146 0.788503 0.042171 0.024718
0 2 0.733241 0.135790 0.088721 0.007807 0.034441
0 2 0.814360 0.112880 0.039672 0.001850 0.031238
0 0 0.941637 0.041615 0.011386 0.000103 0.005259
0 0 0.874354 0.080840 0.028994 0.000642 0.015171
0 0 0.888780 0.075015 0.020124 0.000396 0.015685
4 0 0.251905 0.278735 0.042442 0.000004 0.426913
4 0 0.208732 0.289861 0.067812 0.000031 0.433564
4 0 0.121070 0.260325 0.075210 0.000048 0.543347
4 1 0.118728 0.241772 0.049969 0.000008 0.589523
4 4 0.090170 0.195311 0.058104 0.000153 0.656261
0 4 0.364942 0.281357 0.116339 0.003511 0.233849
0 4 0.539530 0.241661 0.076176 0.001708 0.140924
0 0 0.863932 0.083129 0.020564 0.002164 0.030209
0 0 0.815068 0.121622 0.021567 0.000369 0.041375
0 0 0.660663 0.196122 0.039361 0.000264 0.103590
4 1 0.093438 0.191448 0.021008 0.000000 0.694106
4 1 0.052371 0.188087 0.029389 0.000000 0.730152
4 2 0.045274 0.174524 0.040756 0.000004 0.739441
4 4 0.079370 0.172066 0.028289 0.000004 0.720272
4 4 0.053021 0.166089 0.039784 0.000014 0.741093
4 4 0.107426 0.198957 0.045654 0.000046 0.647917
4 4 0.106792 0.210259 0.042953 0.000014 0.639981
4 4 0.077290 0.191257 0.053883 0.000069 0.677502
4 4 0.094764 0.217314 0.032489 0.000001 0.655432
4 4 0.144683 0.201856 0.030338 0.000007 0.623116
4 4 0.187401 0.155694 0.010177 0.000000 0.646728
4 4 0.113859 0.203693 0.011795 0.000000 0.670653
4 4 0.076010 0.208951 0.025567 0.000000 0.689471
4 4 0.106132 0.151022 0.013402 0.000000 0.729443
4 4 0.135851 0.191678 0.019892 0.000001 0.652578
4 4 0.047481 0.180291 0.024635 0.000000 0.747592
4 4 0.115950 0.157859 0.011628 0.000000 0.714563
4 4 0.049401 0.183919 0.025998 0.000000 0.740681
4 4 0.062710 0.155145 0.023144 0.000002 0.758999
4 4 0.053442 0.143016 0.024475 0.000004 0.779063
4 4 0.059098 0.163617 0.026442 0.000002 0.750841
4 4 0.069051 0.183728 0.029031 0.000001 0.718189
4 4 0.072833 0.210621 0.034762 0.000001 0.681783
4 4 0.043812 0.173090 0.030221 0.000001 0.752876
4 4 0.064377 0.187898 0.026482 0.000000 0.721244
1 4 0.126210 0.337129 0.326063 0.002278 0.208321
0 4 0.825610 0.116951 0.016186 0.000086 0.041167
0 4 0.495329 0.299225 0.090757 0.000098 0.114591
0 0 0.408596 0.324428 0.103998 0.000111 0.162868
0 0 0.357411 0.342308 0.129112 0.000154 0.171015
1 0 0.161385 0.365265 0.188894 0.000131 0.284325
1 0 0.313753 0.322705 0.064159 0.000009 0.299374
1 0 0.118566 0.368065 0.199049 0.000058 0.314263
4 0 0.055060 0.317480 0.215412 0.000059 0.411990
4 0 0.053789 0.326767 0.267197 0.000097 0.352151
4 1 0.182621 0.219355 0.023708 0.000001 0.574315
4 1 0.054935 0.199986 0.031059 0.000000 0.714020
4 1 0.065423 0.173577 0.033956 0.000006 0.727038
4 2 0.072123 0.211053 0.031704 0.000000 0.685119
4 2 0.071321 0.207500 0.025823 0.000000 0.695356
4 2 0.049237 0.187071 0.024708 0.000000 0.738984
4 2 0.067416 0.184327 0.029057 0.000001 0.719199
4 4 0.072393 0.158114 0.026014 0.000005 0.743475
4 4 0.062170 0.195497 0.030898 0.000001 0.711435
4 4 0.038839 0.182256 0.031278 0.000000 0.747627
4 4 0.037956 0.177105 0.027344 0.000000 0.757594
4 4 0.041338 0.173621 0.021117 0.000000 0.763924
4 4 0.061504 0.175355 0.018943 0.000000 0.744198
4 4 0.048892 0.188443 0.036436 0.000001 0.726228
4 4 0.030138 0.171147 0.037558 0.000001 0.761156
0 0 0.456271 0.215885 0.031227 0.000059 0.296557
4 0 0.154927 0.266486 0.045483 0.000003 0.533101
4 1 0.126225 0.260242 0.049909 0.000004 0.563620
4 1 0.150847 0.252658 0.065363 0.000062 0.531070
4 1 0.132301 0.246407 0.078452 0.000184 0.542656
1 2 0.190147 0.349590 0.293025 0.001397 0.165841
0 2 0.485464 0.238906 0.084351 0.002631 0.188647
0 2 0.422865 0.310198 0.109331 0.000311 0.157295
0 0 0.375711 0.316009 0.141752 0.000722 0.165806
0 0 0.388373 0.317444 0.111986 0.000293 0.181904
4 0 0.126361 0.317643 0.131110 0.000085 0.424801
4 1 0.062977 0.310477 0.133921 0.000009 0.492616
4 1 0.062544 0.308320 0.151939 0.000022 0.477175
4 1 0.070190 0.308889 0.194398 0.000144 0.426379
4 1 0.040052 0.292360 0.274206 0.000208 0.393174
4 1 0.069121 0.279162 0.147244 0.000129 0.504344
4 1 0.059060 0.281396 0.123508 0.000020 0.536016
4 1 0.030898 0.259298 0.224427 0.000166 0.485210
4 1 0.017251 0.201305 0.195693 0.000273 0.585478
4 1 0.026820 0.204897 0.207080 0.001528 0.559676
4 1 0.020658 0.154342 0.049554 0.000004 0.775442
4 1 0.026463 0.149021 0.046126 0.000010 0.778380
4 1 0.017994 0.161029 0.057505 0.000003 0.763468
4 2 0.017250 0.147456 0.045371 0.000002 0.789921
4 2 0.016255 0.146398 0.057615 0.000007 0.779724
2 2 0.080003 0.201780 0.460339 0.061079 0.196798
4 2 0.104408 0.230383 0.248558 0.020209 0.396442
1 2 0.182911 0.320662 0.176316 0.001328 0.318783
1 2 0.185357 0.296906 0.244999 0.006217 0.266520
0 2 0.472287 0.243777 0.067493 0.000373 0.216070
1 2 0.354445 0.357865 0.208763 0.000181 0.078746
0 2 0.485564 0.300748 0.144021 0.000301 0.069367
1 0 0.335734 0.344975 0.245929 0.000314 0.073048
0 0 0.378508 0.358032 0.173160 0.000101 0.090199
0 0 0.395708 0.283276 0.272642 0.000942 0.047432
1 2 0.095583 0.354165 0.199497 0.000054 0.350702
1 2 0.143181 0.299470 0.286137 0.002201 0.269012
2 2 0.065246 0.272681 0.467552 0.001790 0.192730
2 2 0.122332 0.301331 0.375206 0.001521 0.199610
2 2 0.045078 0.234482 0.475385 0.004316 0.240738
2 2 0.010423 0.124498 0.714004 0.020445 0.130629
2 2 0.012675 0.125803 0.701524 0.024078 0.135920
2 2 0.009608 0.123528 0.717495 0.017970 0.131399
2 2 0.006771 0.111031 0.747137 0.008897 0.126164
2 2 0.007260 0.092865 0.837249 0.010756 0.051870
0 2 0.844540 0.085446 0.059322 0.000897 0.009795
2 0 0.278962 0.259372 0.418939 0.002219 0.040508
2 0 0.303694 0.227818 0.436416 0.003659 0.028413
2 0 0.176708 0.204612 0.591912 0.003570 0.023198
2 0 0.115100 0.140262 0.722992 0.009191 0.012454
2 2 0.027998 0.087276 0.864367 0.011094 0.009264
2 2 0.016604 0.075151 0.883991 0.013351 0.010903
2 2 0.011051 0.051133 0.913475 0.018148 0.006193
2 2 0.018019 0.071242 0.887960 0.014445 0.008334
2 2 0.034160 0.089415 0.856294 0.011604 0.008526
2 2 0.007335 0.023004 0.930510 0.038042 0.001110
2 2 0.001307 0.010815 0.917707 0.069388 0.000782
2 2 0.001677 0.010797 0.893994 0.092932 0.000600
2 2 0.002216 0.010080 0.810725 0.176391 0.000587
2 2 0.007245 0.023048 0.923749 0.044778 0.001180
2 2 0.004176 0.010575 0.609424 0.375026 0.000800
2 2 0.010584 0.021163 0.782120 0.184668 0.001465
2 2 0.020429 0.027074 0.877893 0.073320 0.001285
2 2 0.001465 0.004400 0.682832 0.311130 0.000174
2 2 0.011413 0.015890 0.856440 0.115621 0.000636
2 2 0.004037 0.005863 0.615831 0.374030 0.000239
2 3 0.006785 0.007554 0.594006 0.391317 0.000338
2 3 0.002398 0.004502 0.557074 0.435829 0.000197
2 3 0.013911 0.011812 0.554668 0.418927 0.000682
3 3 0.004274 0.007038 0.464574 0.523631 0.000483
3 3 0.005932 0.005377 0.261520 0.726720 0.000452
3 3 0.001463 0.001714 0.276193 0.720557 0.000073
3 3 0.011936 0.010530 0.195257 0.780492 0.001785
3 3 0.032689 0.011963 0.172189 0.781447 0.001713
3 3 0.008376 0.005353 0.143974 0.841600 0.000697
3 3 0.015315 0.007434 0.090453 0.885145 0.001652
3 3 0.008520 0.005436 0.205797 0.779744 0.000504
3 3 0.007065 0.002876 0.075966 0.913709 0.000384
3 3 0.010086 0.005977 0.125416 0.857597 0.000924
3 3 0.008739 0.003427 0.101419 0.886030 0.000385
3 3 0.075713 0.020082 0.154242 0.746193 0.003770
3 3 0.030548 0.012205 0.111649 0.842827 0.002771
3 3 0.201965 0.032658 0.245252 0.516116 0.004009
3 3 0.011066 0.005255 0.074221 0.908340 0.001119
3 3 0.016544 0.004782 0.095670 0.882391 0.000612
3 3 0.015774 0.006184 0.092772 0.884178 0.001091
3 3 0.034923 0.011987 0.119494 0.831234 0.002362
3 3 0.017874 0.005547 0.094077 0.881688 0.000815
3 3 0.017134 0.004579 0.103008 0.874763 0.000516
3 3 0.015749 0.005304 0.074812 0.903167 0.000968
3 3 0.021108 0.008751 0.096835 0.871425 0.001881
3 3 0.009440 0.003362 0.069636 0.917055 0.000508
3 3 0.006606 0.002702 0.057776 0.932467 0.000449
3 3 0.080074 0.018018 0.192437 0.707085 0.002386
3 3 0.005948 0.002790 0.047868 0.942800 0.000594
3 3 0.076026 0.014641 0.176471 0.731127 0.001734
3 3 0.098557 0.018875 0.211709 0.668690 0.002169
3 3 0.096740 0.017582 0.195396 0.688237 0.002045
3 3 0.249775 0.047264 0.253020 0.442644 0.007296
3 3 0.059042 0.016588 0.170625 0.751144 0.002600
3 3 0.142797 0.039567 0.171989 0.635628 0.010020
3 3 0.073869 0.022949 0.147894 0.750076 0.005211
3 3 0.090424 0.026982 0.135808 0.739640 0.007146
3 3 0.077151 0.022139 0.150282 0.745753 0.004674
3 3 0.110551 0.030417 0.155071 0.696633 0.007328
3 3 0.258426 0.050707 0.211987 0.469018 0.009862
3 3 0.154359 0.039408 0.172538 0.624166 0.009529
3 3 0.199122 0.045712 0.197585 0.547673 0.009907
3 3 0.174310 0.033196 0.227017 0.560636 0.004841
3 3 0.086940 0.016815 0.211594 0.682833 0.001818
3 3 0.029224 0.008616 0.113318 0.847477 0.001364
3 3 0.062213 0.017474 0.138207 0.778667 0.003439
3 3 0.307195 0.046904 0.242402 0.396883 0.006616
3 3 0.228192 0.041940 0.234432 0.488915 0.006521
3 3 0.206415 0.036496 0.233519 0.518352 0.005217
3 3 0.110104 0.036080 0.161973 0.681862 0.009981
