0 0 0.493488 0.240640 0.052466 0.000451 0.212954
0 0 0.480491 0.256649 0.060481 0.000982 0.201397
0 0 0.479966 0.260074 0.040445 0.000119 0.219396
1 0 0.307059 0.311210 0.073272 0.000882 0.307577
4 0 0.234366 0.313918 0.075071 0.000666 0.375980
4 0 0.173708 0.284608 0.050928 0.000067 0.490689
4 0 0.165927 0.285738 0.060981 0.000162 0.487193
4 0 0.152654 0.276154 0.054378 0.000087 0.516727
4 0 0.092647 0.242697 0.077081 0.000437 0.587138
4 1 0.050843 0.200777 0.115337 0.003593 0.629449
2 1 0.009416 0.129095 0.544183 0.053661 0.263644
2 1 0.009003 0.113327 0.657403 0.095713 0.124553
2 1 0.010555 0.132221 0.551696 0.064953 0.240576
2 2 0.006314 0.103332 0.713450 0.056961 0.119944
2 2 0.005305 0.090280 0.730158 0.078911 0.095346
2 2 0.012679 0.032880 0.702266 0.247969 0.004206
2 2 0.025937 0.043112 0.825294 0.098455 0.007203
2 2 0.003720 0.018356 0.799731 0.176194 0.001998
2 2 0.009804 0.020366 0.800027 0.168305 0.001499
2 2 0.008936 0.021621 0.722204 0.243702 0.003537
2 2 0.000876 0.002725 0.630327 0.365967 0.000105
2 2 0.004628 0.014735 0.744157 0.235437 0.001043
2 3 0.000584 0.003116 0.743688 0.252479 0.000133
2 3 0.001668 0.008891 0.754188 0.234725 0.000528
2 3 0.001140 0.004457 0.755563 0.238659 0.000181
3 3 0.002068 0.006562 0.245774 0.744145 0.001451
3 3 0.000515 0.002785 0.480588 0.515927 0.000185
3 3 0.002710 0.007554 0.451016 0.538049 0.000672
3 3 0.001248 0.003782 0.462962 0.531753 0.000256
2 3 0.001276 0.006786 0.500742 0.490527 0.000668
3 3 0.000240 0.000821 0.113016 0.885818 0.000105
3 3 0.000740 0.001530 0.155860 0.841716 0.000155
3 3 0.000144 0.000447 0.051509 0.947809 0.000091
3 3 0.000349 0.001044 0.068261 0.930080 0.000265
3 3 0.000110 0.000406 0.051895 0.947503 0.000085
3 3 0.000080 0.000136 0.018194 0.981558 0.000031
3 3 0.000218 0.000299 0.020853 0.978538 0.000091
3 3 0.000149 0.000159 0.011093 0.988539 0.000060
3 3 0.000142 0.000170 0.014033 0.985603 0.000052
3 3 0.000108 0.000167 0.013622 0.986040 0.000063
3 3 0.000089 0.000122 0.010615 0.989128 0.000047
3 3 0.000038 0.000058 0.008598 0.991288 0.000018
3 3 0.000058 0.000064 0.007217 0.992638 0.000023
3 3 0.000043 0.000057 0.007151 0.992729 0.000020
3 3 0.000024 0.000032 0.006302 0.993633 0.000009
3 3 0.000019 0.000030 0.007757 0.992188 0.000007
3 3 0.000040 0.000077 0.013504 0.986360 0.000019
3 3 0.000030 0.000036 0.006986 0.992938 0.000009
3 3 0.000012 0.000017 0.006754 0.993214 0.000003
3 3 0.000031 0.000050 0.009064 0.990843 0.000013
3 3 0.000034 0.000030 0.004501 0.995427 0.000009
3 3 0.000100 0.000070 0.006370 0.993436 0.000023
3 3 0.000092 0.000074 0.006881 0.992928 0.000025
3 3 0.000089 0.000061 0.006995 0.992840 0.000015
3 3 0.000111 0.000070 0.006115 0.993682 0.000022
3 3 0.000015 0.000015 0.003292 0.996674 0.000004
3 3 0.000012 0.000008 0.002394 0.997584 0.000002
3 3 0.000063 0.000040 0.004635 0.995251 0.000012
3 3 0.000010 0.000011 0.003865 0.996113 0.000002
3 3 0.000029 0.000021 0.003575 0.996367 0.000006
3 3 0.000059 0.000050 0.005823 0.994051 0.000017
3 3 0.000019 0.000012 0.002665 0.997300 0.000003
3 3 0.000035 0.000024 0.003695 0.996240 0.000007
3 3 0.000069 0.000040 0.004551 0.995327 0.000012
3 3 0.000062 0.000034 0.004124 0.995770 0.000010
3 3 0.000034 0.000013 0.002288 0.997662 0.000003
3 3 0.000072 0.000023 0.002718 0.997181 0.000006
3 3 0.000038 0.000015 0.002394 0.997549 0.000004
3 3 0.000069 0.000031 0.003596 0.996295 0.000009
3 3 0.000022 0.000011 0.002206 0.997758 0.000003
3 3 0.000009 0.000007 0.002421 0.997562 0.000001
3 3 0.000021 0.000011 0.002332 0.997634 0.000003
3 3 0.000025 0.000015 0.002795 0.997161 0.000004
3 3 0.000011 0.000007 0.001884 0.998098 0.000002
3 3 0.000028 0.000012 0.002226 0.997731 0.000003
3 3 0.000110 0.000023 0.002418 0.997442 0.000006
3 3 0.000017 0.000008 0.001883 0.998089 0.000002
3 3 0.000052 0.000014 0.002062 0.997869 0.000003
3 3 0.000041 0.000012 0.001937 0.998007 0.000003
3 3 0.000065 0.000021 0.002629 0.997279 0.000005
3 3 0.000241 0.000058 0.003922 0.995764 0.000016
3 3 0.000044 0.000019 0.002862 0.997070 0.000005
3 3 0.000113 0.000030 0.002926 0.996924 0.000008
3 3 0.000070 0.000027 0.003183 0.996713 0.000007
3 3 0.000041 0.000012 0.001988 0.997955 0.000003
3 3 0.000018 0.000014 0.002913 0.997051 0.000004
3 3 0.000003 0.000002 0.001013 0.998982 0.000000
3 3 0.000020 0.000006 0.001462 0.998510 0.000001
3 3 0.000037 0.000021 0.003230 0.996706 0.000006
3 3 0.000009 0.000005 0.001475 0.998511 0.000001
3 3 0.000027 0.000007 0.001387 0.998578 0.000002
3 3 0.000043 0.000015 0.002344 0.997594 0.000004
3 3 0.000021 0.000005 0.001121 0.998853 0.000001
3 3 0.000059 0.000007 0.001128 0.998804 0.000001
3 3 0.000025 0.000006 0.001321 0.998647 0.000001
3 3 0.000219 0.000100 0.006506 0.993143 0.000032
3 3 0.000357 0.000281 0.013096 0.986160 0.000106
3 3 0.000204 0.000163 0.014557 0.985040 0.000036
3 3 0.000498 0.000471 0.022604 0.976285 0.000142
3 3 0.002077 0.001550 0.047872 0.948129 0.000372
3 3 0.001380 0.000898 0.075952 0.921678 0.000092
3 3 0.000275 0.000406 0.029326 0.969889 0.000102
3 3 0.002304 0.001064 0.042195 0.954235 0.000202
3 3 0.003381 0.002607 0.133833 0.859857 0.000322
3 3 0.000183 0.000223 0.022835 0.976716 0.000044
3 3 0.001143 0.005455 0.327330 0.664981 0.001092
2 3 0.005753 0.014376 0.611228 0.366686 0.001957
3 3 0.003053 0.014951 0.464008 0.513318 0.004670
2 3 0.010877 0.025991 0.567071 0.390414 0.005647
3 3 0.006978 0.017311 0.383272 0.588546 0.003893
2 3 0.004075 0.037775 0.622764 0.305281 0.030105
2 3 0.022684 0.141977 0.520085 0.124566 0.190687
2 3 0.048132 0.241039 0.530119 0.025801 0.154909
2 3 0.029676 0.178271 0.466454 0.099732 0.225867
2 3 0.034448 0.138212 0.523063 0.201750 0.102526
2 3 0.022105 0.167522 0.435813 0.083264 0.291296
2 3 0.021080 0.167590 0.506557 0.055503 0.249270
2 2 0.029199 0.196936 0.513623 0.024384 0.235858
2 2 0.032652 0.203391 0.407765 0.054004 0.302188
2 2 0.029343 0.194602 0.477943 0.065136 0.232975
2 2 0.017222 0.107947 0.613313 0.190253 0.071265
2 2 0.031888 0.121495 0.625248 0.171869 0.049500
2 2 0.040627 0.088945 0.651145 0.193927 0.025357
2 2 0.033888 0.076241 0.571327 0.272576 0.045967
2 2 0.120915 0.075390 0.758995 0.033547 0.011153
2 2 0.072524 0.018824 0.787918 0.120192 0.000542
2 2 0.197629 0.031760 0.658984 0.110436 0.001191
2 2 0.095337 0.064380 0.706305 0.128438 0.005540
2 2 0.379302 0.045587 0.545407 0.028438 0.001266
2 2 0.205301 0.080948 0.643870 0.064486 0.005395
2 2 0.138385 0.133470 0.646300 0.062558 0.019288
2 2 0.096806 0.077937 0.752847 0.065909 0.006501
2 2 0.165847 0.097435 0.634415 0.091494 0.010809
2 2 0.245712 0.053668 0.631195 0.066975 0.002450
2 2 0.092775 0.049460 0.771877 0.083160 0.002727
2 2 0.361096 0.096046 0.522672 0.014369 0.005818
2 2 0.084360 0.169724 0.665794 0.040445 0.039677
2 2 0.064374 0.071515 0.816323 0.040085 0.007703
2 2 0.296273 0.129777 0.544512 0.018107 0.011331
2 2 0.113760 0.166029 0.633403 0.052956 0.033853
2 2 0.150521 0.054761 0.733423 0.058764 0.002530
0 2 0.525861 0.079341 0.379445 0.011668 0.003685
2 2 0.103977 0.044643 0.782255 0.067091 0.002033
2 2 0.369346 0.055340 0.550071 0.023376 0.001866
2 2 0.216916 0.055739 0.689902 0.035389 0.002054
0 2 0.759500 0.039299 0.193650 0.006243 0.001309
2 2 0.106776 0.114243 0.671416 0.091991 0.015574
2 2 0.296356 0.065148 0.584304 0.050827 0.003365
2 2 0.327628 0.089018 0.541803 0.035363 0.006187
2 2 0.051554 0.044852 0.793732 0.106836 0.003026
2 2 0.201948 0.250212 0.258982 0.055805 0.233053
2 2 0.170009 0.283093 0.315801 0.025849 0.205247
2 2 0.284900 0.213544 0.385640 0.034959 0.080958
0 2 0.331552 0.265218 0.223703 0.029400 0.150127
1 2 0.229300 0.269105 0.253857 0.053324 0.194414
2 2 0.122746 0.275816 0.358325 0.032680 0.210434
2 2 0.300744 0.228705 0.359834 0.016932 0.093785
2 2 0.231763 0.279912 0.311293 0.023955 0.153078
0 2 0.424020 0.271218 0.152894 0.007811 0.144057
0 2 0.343322 0.262471 0.222348 0.038807 0.133051
2 2 0.194214 0.273111 0.374042 0.048362 0.110272
2 2 0.120882 0.220013 0.502207 0.060443 0.096454
0 2 0.459470 0.141925 0.346707 0.029869 0.022029
0 2 0.320594 0.247042 0.307432 0.042545 0.082387
2 2 0.091132 0.187481 0.581923 0.079906 0.059558
2 2 0.154670 0.205999 0.535031 0.013339 0.090961
1 2 0.245449 0.318446 0.239195 0.008106 0.188803
1 2 0.192147 0.365022 0.197923 0.002980 0.241928
1 2 0.125829 0.321690 0.259671 0.013562 0.279248
1 2 0.142157 0.325867 0.253404 0.009676 0.268896
0 2 0.514471 0.237261 0.063724 0.001636 0.182907
0 2 0.409263 0.276186 0.078303 0.002297 0.233950
0 2 0.470085 0.276190 0.062983 0.001337 0.189405
0 2 0.432219 0.254290 0.097394 0.008953 0.207144
0 2 0.526561 0.235443 0.064559 0.002042 0.171395
4 2 0.304429 0.271885 0.097692 0.003285 0.322709
0 2 0.371404 0.283866 0.082279 0.002265 0.260186
0 2 0.472993 0.260389 0.055333 0.000576 0.210709
4 2 0.250150 0.293216 0.092107 0.001928 0.362599
0 2 0.391601 0.279186 0.065089 0.000724 0.263400
0 2 0.472676 0.267616 0.091821 0.003604 0.164283
1 2 0.284526 0.319589 0.122327 0.006712 0.266846
0 2 0.352281 0.307252 0.101788 0.004444 0.234236
0 2 0.363710 0.266021 0.115102 0.013912 0.241255
0 1 0.634334 0.202345 0.046901 0.001286 0.115134
0 1 0.478493 0.312410 0.067320 0.000320 0.141456
0 1 0.523190 0.270637 0.069230 0.001030 0.135913
0 1 0.375080 0.361384 0.095202 0.000609 0.167726
0 1 0.457071 0.294551 0.086770 0.001746 0.159863
0 1 0.459762 0.302800 0.078867 0.001063 0.157507
0 1 0.661685 0.183742 0.036616 0.000401 0.117556
0 0 0.705556 0.174442 0.029410 0.000284 0.090309
0 0 0.595581 0.237901 0.029285 0.000084 0.137149
0 0 0.526763 0.280759 0.034194 0.000064 0.158220
0 0 0.576025 0.236769 0.044520 0.000555 0.142132
0 0 0.438002 0.287009 0.035872 0.000053 0.239064
0 0 0.580314 0.236709 0.032164 0.000104 0.150709
4 0 0.322138 0.304926 0.047336 0.000098 0.325502
0 0 0.437933 0.269327 0.045095 0.000149 0.247496
0 0 0.384213 0.274103 0.059336 0.000403 0.281945
0 0 0.400585 0.308113 0.041142 0.000090 0.250070
4 0 0.303461 0.314256 0.052138 0.000150 0.329995
0 0 0.370790 0.299833 0.043588 0.000088 0.285701
0 0 0.326951 0.302930 0.051635 0.000156 0.318328
0 0 0.456532 0.265368 0.044699 0.000164 0.233237
0 0 0.360357 0.290869 0.073009 0.001126 0.274639
0 0 0.635837 0.194739 0.043747 0.000773 0.124904
0 0 0.641837 0.190141 0.047575 0.001305 0.119141
0 0 0.346877 0.311549 0.052475 0.000205 0.288894
0 0 0.576526 0.219720 0.052557 0.001100 0.150097
0 0 0.636807 0.188332 0.041753 0.000545 0.132563
0 0 0.607089 0.213408 0.043545 0.000592 0.135365
0 0 0.631339 0.199576 0.039267 0.000420 0.129398
0 0 0.570737 0.215981 0.056476 0.001432 0.155373
0 0 0.503864 0.251290 0.052750 0.000584 0.191511
4 0 0.222631 0.300170 0.071599 0.000465 0.405136
4 0 0.244977 0.307365 0.050087 0.000086 0.397484
4 0 0.307892 0.300210 0.052693 0.000151 0.339054
0 0 0.376472 0.290472 0.054579 0.000274 0.278203
0 0 0.563716 0.230036 0.039649 0.000222 0.166377
4 0 0.257106 0.305303 0.042004 0.000038 0.395549
4 0 0.236485 0.304452 0.048327 0.000069 0.410667
4 0 0.288453 0.304075 0.033230 0.000014 0.374228
4 0 0.315507 0.291094 0.042570 0.000051 0.350777
4 0 0.272880 0.303030 0.034848 0.000016 0.389225
0 0 0.797893 0.113736 0.033133 0.002447 0.052791
0 0 0.731615 0.149612 0.040430 0.002106 0.076237
0 0 0.856236 0.085191 0.024618 0.001426 0.032530
0 0 0.805716 0.108606 0.033010 0.002864 0.049804
0 0 0.871240 0.073769 0.022820 0.002357 0.029813
4 0 0.183314 0.285376 0.071789 0.000386 0.459136
0 0 0.331600 0.281870 0.054881 0.000194 0.331455
4 0 0.215047 0.302098 0.055418 0.000124 0.427313
4 0 0.138298 0.275037 0.090871 0.001120 0.494673
4 0 0.142404 0.279034 0.077294 0.000498 0.500769
4 0 0.060453 0.197943 0.049741 0.000052 0.691812
4 0 0.052014 0.186404 0.049331 0.000051 0.712200
4 0 0.053188 0.181081 0.036083 0.000011 0.729636
4 0 0.096497 0.219764 0.027400 0.000003 0.656336
4 1 0.038899 0.165255 0.048064 0.000050 0.747731
4 1 0.179480 0.290951 0.059038 0.000145 0.470386
4 1 0.088102 0.236557 0.070795 0.000284 0.604261
4 1 0.092007 0.239091 0.067415 0.000223 0.601265
4 1 0.062539 0.214964 0.099463 0.001615 0.621418
4 1 0.104358 0.256149 0.090514 0.001010 0.547969
4 1 0.027678 0.145963 0.055524 0.000114 0.770721
4 1 0.039773 0.167349 0.049486 0.000057 0.743336
4 1 0.040944 0.166783 0.043626 0.000031 0.748616
4 1 0.019887 0.132663 0.082365 0.000917 0.764168
4 1 0.044787 0.175278 0.048664 0.000050 0.731221
0 1 0.345199 0.267800 0.053445 0.000172 0.333384
4 1 0.257467 0.305304 0.041895 0.000037 0.395297
4 1 0.118626 0.258588 0.062003 0.000152 0.560630
4 1 0.154234 0.279236 0.059315 0.000135 0.507080
4 1 0.129957 0.259065 0.076102 0.000429 0.534446
2 1 0.059741 0.260361 0.509495 0.025921 0.144483
2 1 0.054298 0.193502 0.558505 0.087048 0.106646
2 1 0.035477 0.214305 0.549361 0.034584 0.166273
2 1 0.047603 0.147007 0.704009 0.034562 0.066819
2 1 0.051644 0.162395 0.649547 0.047919 0.088494
2 1 0.091919 0.029790 0.815232 0.062146 0.000914
2 2 0.066603 0.033971 0.795150 0.102746 0.001530
2 2 0.270426 0.033473 0.654466 0.040877 0.000758
2 2 0.273755 0.036444 0.647270 0.041580 0.000951
2 2 0.115418 0.021015 0.775502 0.087606 0.000460
2 2 0.213830 0.056774 0.691019 0.035394 0.002984
2 2 0.079366 0.036531 0.804177 0.078378 0.001547
2 2 0.066626 0.038594 0.826844 0.066087 0.001849
2 2 0.115133 0.033900 0.765307 0.084348 0.001311
2 2 0.065884 0.061202 0.809043 0.058584 0.005287
2 2 0.013536 0.008644 0.766547 0.210989 0.000284
2 2 0.011657 0.012019 0.835989 0.139940 0.000396
0 2 0.497033 0.022341 0.441180 0.038987 0.000459
2 2 0.008832 0.011587 0.809029 0.170089 0.000463
2 2 0.149843 0.014209 0.696467 0.139214 0.000267
2 2 0.021919 0.011373 0.841203 0.125218 0.000287
2 2 0.093891 0.119711 0.681499 0.086571 0.018329
2 2 0.168272 0.113342 0.685839 0.025573 0.006974
2 2 0.289723 0.021552 0.656586 0.031886 0.000253
2 2 0.093622 0.035597 0.807543 0.062130 0.001108
2 2 0.110961 0.075165 0.790206 0.020628 0.003040
2 2 0.118890 0.034197 0.820393 0.025837 0.000683
2 2 0.069753 0.035652 0.853792 0.039826 0.000977
2 2 0.031915 0.029025 0.881057 0.056923 0.001080
2 2 0.015300 0.031027 0.877016 0.075135 0.001521
2 2 0.126084 0.039717 0.719109 0.113484 0.001606
2 2 0.002051 0.003469 0.604578 0.389788 0.000114
2 2 0.091246 0.022664 0.768789 0.116691 0.000611
2 2 0.006580 0.008874 0.694990 0.289172 0.000384
2 2 0.030311 0.009711 0.803092 0.156703 0.000184
2 2 0.020829 0.020299 0.818086 0.139903 0.000883
2 2 0.021485 0.025630 0.809482 0.142065 0.001339
2 2 0.006458 0.021872 0.693291 0.275951 0.002427
2 2 0.007592 0.007078 0.824966 0.160198 0.000167
2 2 0.010058 0.014998 0.795154 0.179108 0.000682
2 2 0.006790 0.004291 0.549570 0.439222 0.000128
2 2 0.004140 0.007362 0.568080 0.420004 0.000415
2 2 0.023923 0.009973 0.555488 0.410229 0.000387
3 2 0.004571 0.006571 0.450245 0.538159 0.000455
3 2 0.004906 0.005896 0.338230 0.650474 0.000493
3 2 0.002380 0.002726 0.232755 0.761925 0.000215
3 2 0.003738 0.004400 0.193381 0.797892 0.000589
3 3 0.002152 0.004447 0.204244 0.788508 0.000649
3 3 0.007844 0.010212 0.298541 0.681999 0.001403
3 3 0.002034 0.002356 0.191429 0.803959 0.000222
3 3 0.000558 0.001908 0.133980 0.863231 0.000322
3 3 0.000280 0.000738 0.109800 0.889101 0.000080
3 3 0.001088 0.002122 0.177668 0.818884 0.000238
3 3 0.000498 0.001806 0.158273 0.839171 0.000253
3 3 0.000376 0.000889 0.080262 0.918325 0.000149
3 3 0.052968 0.022455 0.174072 0.743770 0.006735
3 3 0.049598 0.024700 0.200907 0.718142 0.006653
2 3 0.325290 0.136928 0.415215 0.099223 0.023344
2 3 0.172368 0.049549 0.580018 0.194139 0.003927
2 3 0.152667 0.044329 0.698138 0.103011 0.001855
2 3 0.014765 0.014433 0.704930 0.265218 0.000654
2 3 0.025115 0.022734 0.740302 0.210620 0.001228
2 3 0.003404 0.008727 0.530241 0.456894 0.000733
2 3 0.001329 0.005979 0.501901 0.490275 0.000516
2 3 0.001692 0.004965 0.513595 0.479417 0.000331
3 3 0.001503 0.003433 0.312307 0.682471 0.000286
3 3 0.006601 0.005850 0.344992 0.642105 0.000453
3 3 0.002731 0.005018 0.211669 0.779791 0.000791
3 3 0.000395 0.000983 0.245827 0.752745 0.000050
3 3 0.000792 0.002863 0.294013 0.702075 0.000258
3 3 0.000491 0.001090 0.098037 0.900226 0.000156
3 3 0.000353 0.000754 0.064363 0.934399 0.000131
3 3 0.000170 0.000362 0.050119 0.949297 0.000051
3 3 0.000086 0.000276 0.045127 0.954463 0.000048
3 3 0.000082 0.000203 0.034878 0.964803 0.000033
3 3 0.000113 0.000151 0.022361 0.977350 0.000024
3 3 0.000255 0.000446 0.043361 0.955860 0.000079
3 3 0.000142 0.000209 0.026546 0.973066 0.000037
3 3 0.000078 0.000113 0.021228 0.978564 0.000017
3 3 0.000284 0.000213 0.013463 0.985979 0.000061
3 3 0.000267 0.000258 0.015301 0.984089 0.000085
3 3 0.000060 0.000060 0.006827 0.993034 0.000020
3 3 0.000025 0.000021 0.004278 0.995671 0.000005
3 3 0.000026 0.000034 0.006435 0.993496 0.000009
3 3 0.000024 0.000032 0.005907 0.994029 0.000009
3 3 0.000254 0.000154 0.008891 0.990648 0.000053
3 3 0.000535 0.000421 0.018586 0.980323 0.000135
3 3 0.001652 0.001301 0.087267 0.909637 0.000143
3 3 0.010736 0.005490 0.166038 0.817056 0.000681
3 3 0.002069 0.002869 0.176065 0.818701 0.000296
3 3 0.000800 0.001036 0.133107 0.864979 0.000078
3 3 0.000366 0.000647 0.065792 0.933102 0.000093
3 3 0.000135 0.000387 0.081777 0.917665 0.000036
3 3 0.000427 0.000561 0.042795 0.956118 0.000100
3 3 0.000229 0.000341 0.036922 0.962453 0.000056
3 3 0.001619 0.000734 0.018128 0.979256 0.000263
3 3 0.000183 0.000177 0.017770 0.981834 0.000036
3 3 0.002842 0.001913 0.062036 0.932814 0.000394
3 3 0.006921 0.004029 0.188974 0.799699 0.000377
3 3 0.001255 0.000670 0.018509 0.979327 0.000239
3 3 0.001753 0.006443 0.133564 0.854986 0.003255
3 3 0.011468 0.052578 0.326662 0.577974 0.031319
3 3 0.002041 0.011909 0.250481 0.730057 0.005513
3 3 0.005066 0.017068 0.350230 0.623802 0.003835
3 3 0.001261 0.004378 0.251706 0.741847 0.000807
3 3 0.075134 0.008296 0.380411 0.535848 0.000311
3 3 0.032792 0.009393 0.396227 0.561055 0.000533
2 3 0.054506 0.009513 0.509393 0.426282 0.000307
3 3 0.014748 0.004622 0.248104 0.732210 0.000317
2 3 0.009434 0.006863 0.511046 0.472346 0.000312
2 3 0.272658 0.018889 0.626599 0.081548 0.000307
2 3 0.280767 0.023075 0.568547 0.126977 0.000633
2 3 0.110831 0.015967 0.709819 0.163019 0.000363
2 3 0.117257 0.011252 0.709165 0.162149 0.000177
2 3 0.015707 0.007023 0.666062 0.311019 0.000189
2 3 0.214470 0.060840 0.513191 0.204787 0.006712
2 3 0.017233 0.037243 0.474679 0.462832 0.008012
2 3 0.054029 0.065351 0.599491 0.269894 0.011235
2 3 0.164123 0.147723 0.551478 0.111531 0.025145
2 3 0.072490 0.031495 0.630183 0.263579 0.002254
2 3 0.132276 0.016879 0.723689 0.126800 0.000356
2 3 0.107819 0.059421 0.698145 0.130211 0.004404
2 3 0.229217 0.038967 0.649442 0.080991 0.001383
2 3 0.044900 0.019426 0.793302 0.141711 0.000660
2 3 0.044617 0.077062 0.768330 0.101681 0.008310
0 3 0.433438 0.232567 0.254501 0.018038 0.061456
2 3 0.305577 0.261865 0.340366 0.025761 0.066431
2 3 0.192688 0.236472 0.467626 0.038450 0.064764
2 3 0.157541 0.142444 0.614422 0.059747 0.025847
2 3 0.172581 0.149977 0.580331 0.071456 0.025654
2 3 0.067449 0.066755 0.784160 0.076750 0.004886
2 3 0.140521 0.016732 0.811751 0.030804 0.000192
2 3 0.064754 0.014034 0.824513 0.096458 0.000241
2 3 0.282782 0.101964 0.571773 0.036465 0.007017
2 3 0.397694 0.021837 0.538475 0.041620 0.000375
2 3 0.260567 0.055814 0.630954 0.049442 0.003223
2 3 0.182834 0.180973 0.564804 0.042635 0.028754
0 3 0.322360 0.284829 0.320663 0.011270 0.060880
2 3 0.082995 0.160965 0.613041 0.106613 0.036387
2 3 0.089875 0.107674 0.634522 0.148765 0.019164
2 3 0.040064 0.022148 0.750069 0.186710 0.001009
2 3 0.015932 0.012470 0.709780 0.261236 0.000581
2 3 0.083668 0.016907 0.668544 0.230368 0.000513
2 3 0.065419 0.023393 0.709775 0.200367 0.001045
2 3 0.357687 0.014614 0.558060 0.069446 0.000192
2 3 0.075503 0.015437 0.720476 0.188149 0.000436
2 3 0.150639 0.030361 0.716573 0.101480 0.000946
2 3 0.204364 0.022616 0.609333 0.162988 0.000698
2 3 0.035299 0.018936 0.574551 0.369893 0.001321
2 2 0.167676 0.016827 0.722101 0.093127 0.000269
2 2 0.041426 0.044895 0.766598 0.143084 0.003996
2 2 0.086547 0.033624 0.778556 0.099821 0.001451
2 2 0.086892 0.092960 0.740830 0.070556 0.008763
2 2 0.142590 0.178033 0.597640 0.051423 0.030314
2 2 0.244793 0.281728 0.417873 0.009802 0.045804
0 2 0.382430 0.275352 0.279561 0.008677 0.053979
2 2 0.220153 0.135374 0.549337 0.077305 0.017832
2 2 0.148282 0.127130 0.575152 0.127297 0.022140
2 2 0.221345 0.134026 0.517823 0.103108 0.023697
2 2 0.098246 0.072077 0.752313 0.072303 0.005061
2 2 0.102665 0.059762 0.772713 0.059799 0.005060
2 2 0.132522 0.120439 0.679512 0.053654 0.013872
2 2 0.210168 0.035159 0.708880 0.044802 0.000991
2 2 0.259351 0.113536 0.590256 0.028316 0.008543
2 2 0.205827 0.301715 0.426570 0.009630 0.056257
0 2 0.710208 0.139350 0.082376 0.015412 0.052655
0 2 0.730026 0.144642 0.073817 0.006404 0.045111
0 0 0.884020 0.064248 0.027978 0.004218 0.019536
0 0 0.902901 0.055632 0.020632 0.002746 0.018089
0 0 0.887020 0.063094 0.021867 0.003498 0.024520
0 0 0.513424 0.237995 0.078646 0.005763 0.164173
0 1 0.491597 0.218448 0.107434 0.035390 0.147132
0 1 0.483728 0.234255 0.101763 0.021896 0.158358
0 0 0.731731 0.137835 0.048865 0.004469 0.077100
0 0 0.624113 0.203333 0.052966 0.002169 0.117419
4 0 0.033364 0.169545 0.113107 0.003646 0.680337
4 1 0.056959 0.197411 0.059674 0.000127 0.685829
4 1 0.034106 0.170894 0.111566 0.003371 0.680064
4 1 0.059752 0.198385 0.052772 0.000069 0.689022
4 1 0.046646 0.185957 0.071225 0.000319 0.695852
4 1 0.044419 0.182909 0.073311 0.000374 0.698988
4 4 0.024486 0.147984 0.102534 0.002491 0.722504
4 4 0.027021 0.154379 0.103920 0.002559 0.712121
4 4 0.023220 0.144416 0.100151 0.002264 0.729949
4 4 0.039123 0.171936 0.066387 0.000239 0.722316
4 4 0.063887 0.215593 0.093416 0.001169 0.625935
4 4 0.057910 0.212612 0.133044 0.007535 0.588900
4 4 0.067192 0.222328 0.109260 0.002610 0.598611
4 4 0.038633 0.181050 0.124466 0.005736 0.650114
4 4 0.059427 0.208943 0.089286 0.000938 0.641406
4 4 0.029677 0.156190 0.078234 0.000594 0.735304
4 4 0.024568 0.148210 0.102685 0.002506 0.722031
4 4 0.039425 0.176429 0.082435 0.000694 0.701017
4 4 0.055933 0.200495 0.073918 0.000367 0.669287
4 4 0.043483 0.176836 0.058187 0.000121 0.721374
4 4 0.011667 0.103932 0.072879 0.000667 0.810855
4 4 0.040138 0.163465 0.039616 0.000019 0.756762
4 4 0.015215 0.118285 0.082595 0.001065 0.782840
4 4 0.022295 0.130831 0.047990 0.000063 0.798822
4 4 0.013792 0.112795 0.078885 0.000895 0.793633
4 4 0.016027 0.120983 0.082680 0.001041 0.779268
4 4 0.041103 0.167729 0.045105 0.000036 0.746027
4 4 0.037290 0.165264 0.055657 0.000103 0.741687
4 4 0.015451 0.119162 0.083187 0.001094 0.781106
4 4 0.021058 0.130409 0.057047 0.000148 0.791337
4 4 0.032538 0.163337 0.083492 0.000791 0.719842
4 4 0.024173 0.147111 0.101952 0.002434 0.724331
4 4 0.027756 0.156652 0.108311 0.003126 0.704155
4 4 0.019226 0.132243 0.091994 0.001614 0.754924
4 4 0.038747 0.169355 0.060057 0.000147 0.731695
4 4 0.043288 0.181595 0.075563 0.000437 0.699117
4 4 0.041014 0.178670 0.079731 0.000581 0.700004
4 4 0.025131 0.149752 0.103715 0.002611 0.718791
4 4 0.027326 0.155554 0.107581 0.003039 0.706501
4 4 0.026415 0.153187 0.106004 0.002857 0.711537
4 4 0.029035 0.159850 0.110438 0.003393 0.697284
4 4 0.037332 0.174191 0.090808 0.001147 0.696522
4 4 0.029771 0.161645 0.111630 0.003552 0.693402
4 4 0.030262 0.162825 0.112414 0.003659 0.690839
4 4 0.026140 0.152460 0.105520 0.002804 0.713075
4 4 0.017122 0.114739 0.041770 0.000037 0.826332
4 4 0.020989 0.123202 0.036711 0.000018 0.819080
4 4 0.029360 0.132456 0.021608 0.000001 0.816575
4 4 0.050709 0.173754 0.030285 0.000005 0.745246
4 4 0.031077 0.137947 0.024410 0.000002 0.806564
4 4 0.048172 0.192958 0.091185 0.001088 0.666597
4 4 0.043313 0.189769 0.128139 0.006491 0.632288
4 4 0.047954 0.196143 0.114299 0.003469 0.638135
4 4 0.041604 0.186780 0.128235 0.006584 0.636797
4 4 0.092983 0.238557 0.063461 0.000165 0.604834
4 4 0.090824 0.249470 0.128632 0.006327 0.524746
4 4 0.135295 0.280809 0.107664 0.002759 0.473474
4 4 0.140946 0.260874 0.125994 0.006173 0.466014
4 4 0.168182 0.278613 0.104790 0.002579 0.445836
4 4 0.081693 0.235562 0.161650 0.022933 0.498162
0 4 0.330360 0.156185 0.150511 0.260321 0.102623
3 4 0.188113 0.198774 0.199683 0.232891 0.180539
3 4 0.168968 0.143868 0.197026 0.374524 0.115614
3 4 0.224197 0.148626 0.176424 0.347467 0.103287
0 4 0.341531 0.145863 0.148351 0.272132 0.092123
2 4 0.085083 0.163479 0.355382 0.271643 0.124413
2 4 0.044384 0.182673 0.563329 0.089733 0.119881
2 2 0.195708 0.232913 0.390010 0.095210 0.086158
2 2 0.071463 0.175935 0.356915 0.244473 0.151215
2 2 0.128614 0.123493 0.538408 0.172209 0.037276
2 2 0.039856 0.032287 0.784453 0.141321 0.002083
2 2 0.136695 0.027332 0.786564 0.048806 0.000603
2 2 0.072651 0.029282 0.786718 0.110247 0.001103
2 2 0.142413 0.017264 0.789896 0.050156 0.000271
2 2 0.169864 0.029405 0.769559 0.030639 0.000532
2 2 0.015131 0.005855 0.834949 0.143968 0.000096
2 2 0.047630 0.012623 0.854643 0.084885 0.000219
2 2 0.046329 0.014912 0.868417 0.070066 0.000276
2 2 0.034614 0.011699 0.851531 0.101923 0.000232
2 2 0.034794 0.005231 0.863226 0.096704 0.000045
2 2 0.109885 0.020184 0.746264 0.123101 0.000566
2 2 0.065709 0.018610 0.743784 0.171291 0.000606
2 2 0.046012 0.016885 0.737210 0.199310 0.000583
2 3 0.047689 0.011714 0.773494 0.166843 0.000259
2 3 0.122445 0.100066 0.635375 0.129212 0.012903
2 3 0.246894 0.213820 0.468589 0.032656 0.038041
2 3 0.248371 0.168871 0.525715 0.036602 0.020442
2 3 0.264150 0.188466 0.500180 0.023927 0.023277
2 3 0.247344 0.138499 0.566243 0.034366 0.013547
2 3 0.113796 0.044877 0.787736 0.051694 0.001897
2 3 0.041904 0.007307 0.870186 0.080529 0.000074
2 3 0.014967 0.005597 0.898569 0.080809 0.000058
2 3 0.072757 0.013322 0.833763 0.079975 0.000184
2 3 0.013957 0.008616 0.837456 0.139780 0.000190
2 3 0.035030 0.011065 0.845477 0.108229 0.000198
2 3 0.038270 0.009865 0.776436 0.175220 0.000210
2 3 0.034554 0.018851 0.738359 0.207470 0.000766
2 3 0.032499 0.014984 0.787475 0.164604 0.000438
2 3 0.026617 0.009544 0.771546 0.192091 0.000202
2 3 0.019569 0.008866 0.730665 0.240655 0.000245
2 3 0.003296 0.004845 0.655879 0.335809 0.000171
2 3 0.003805 0.004911 0.750376 0.240784 0.000124
2 3 0.001992 0.003409 0.545544 0.448917 0.000138
2 3 0.010893 0.010005 0.807891 0.170912 0.000299
3 3 0.000901 0.002055 0.488729 0.508231 0.000084
3 3 0.000143 0.000496 0.203070 0.796268 0.000023
3 3 0.000574 0.001419 0.250542 0.747374 0.000091
3 3 0.000364 0.000621 0.328691 0.670310 0.000014
3 3 0.000038 0.000168 0.096381 0.903403 0.000010
3 3 0.000052 0.000256 0.127313 0.872363 0.000015
3 3 0.000050 0.000169 0.042278 0.957480 0.000023
3 3 0.000122 0.000229 0.084559 0.915077 0.000012
3 3 0.000039 0.000134 0.052028 0.947788 0.000012
3 3 0.000016 0.000055 0.031203 0.968722 0.000005
3 3 0.000040 0.000142 0.036036 0.963761 0.000021
3 3 0.000088 0.000209 0.034185 0.965484 0.000035
3 3 0.000061 0.000104 0.018439 0.981376 0.000019
3 3 0.000014 0.000044 0.021018 0.978917 0.000005
3 3 0.000117 0.000185 0.013846 0.985778 0.000075
3 3 0.000040 0.000071 0.014097 0.985778 0.000015
3 3 0.000087 0.000109 0.010374 0.989393 0.000037
3 3 0.000047 0.000043 0.005598 0.994297 0.000014
3 3 0.000039 0.000053 0.009694 0.990201 0.000012
3 3 0.000184 0.000194 0.012110 0.987438 0.000074
3 3 0.000086 0.000084 0.007821 0.991979 0.000029
3 3 0.000275 0.000172 0.009638 0.989856 0.000059
3 3 0.000032 0.000055 0.011030 0.988870 0.000013
3 3 0.000033 0.000029 0.004466 0.995463 0.000009
3 3 0.000030 0.000022 0.003804 0.996137 0.000006
3 3 0.000048 0.000041 0.005199 0.994699 0.000013
3 3 0.000115 0.000057 0.005035 0.994776 0.000017
3 3 0.000132 0.000052 0.004443 0.995358 0.000015
3 3 0.000040 0.000033 0.004714 0.995202 0.000011
3 3 0.000058 0.000038 0.004553 0.995340 0.000012
3 3 0.000080 0.000030 0.003326 0.996556 0.000008
3 3 0.000047 0.000033 0.004371 0.995540 0.000010
3 3 0.000031 0.000017 0.002819 0.997129 0.000005
3 3 0.000069 0.000028 0.003306 0.996589 0.000008
3 3 0.000067 0.000049 0.005361 0.994508 0.000015
3 3 0.000059 0.000020 0.002688 0.997227 0.000005
3 3 0.000009 0.000004 0.001437 0.998548 0.000001
3 3 0.000030 0.000011 0.001968 0.997990 0.000003
3 3 0.000053 0.000026 0.003419 0.996495 0.000007
3 3 0.000040 0.000028 0.004056 0.995867 0.000008
3 3 0.000018 0.000009 0.002029 0.997942 0.000002
3 3 0.000045 0.000024 0.003450 0.996475 0.000007
3 3 0.000048 0.000021 0.002917 0.997009 0.000006
3 3 0.000038 0.000019 0.002950 0.996989 0.000005
3 3 0.000073 0.000034 0.003810 0.996074 0.000010
3 3 0.000018 0.000010 0.002159 0.997811 0.000003
3 3 0.000258 0.000074 0.004754 0.994892 0.000021
3 3 0.000120 0.000027 0.002623 0.997224 0.000007
3 3 0.000277 0.000065 0.004155 0.995485 0.000018
3 3 0.000039 0.000012 0.002030 0.997916 0.000003
3 3 0.000049 0.000016 0.002313 0.997618 0.000004
3 3 0.000043 0.000032 0.004386 0.995529 0.000010
3 3 0.000023 0.000011 0.002250 0.997713 0.000003
3 3 0.000006 0.000004 0.001343 0.998646 0.000001
3 3 0.000014 0.000006 0.001694 0.998284 0.000002
3 3 0.000031 0.000010 0.001801 0.998156 0.000002
3 3 0.000060 0.000017 0.002279 0.997640 0.000004
3 3 0.000048 0.000009 0.001450 0.998491 0.000002
3 3 0.000057 0.000013 0.001866 0.998061 0.000003
3 3 0.000149 0.000037 0.003197 0.996608 0.000010
3 3 0.000113 0.000040 0.003802 0.996034 0.000011
3 3 0.000276 0.000035 0.002447 0.997234 0.000008
3 3 0.000146 0.000025 0.002304 0.997519 0.000006
3 3 0.000193 0.000016 0.001450 0.998338 0.000003
3 3 0.000560 0.000061 0.003046 0.996319 0.000015
3 3 0.000121 0.000011 0.001261 0.998604 0.000002
3 3 0.000077 0.000016 0.002002 0.997901 0.000004
3 3 0.000055 0.000015 0.002060 0.997867 0.000004
3 3 0.000146 0.000033 0.002888 0.996925 0.000008
3 3 0.000447 0.000113 0.005592 0.993814 0.000033
3 3 0.000212 0.000045 0.003308 0.996424 0.000012
3 3 0.000045 0.000013 0.001965 0.997974 0.000003
3 3 0.000086 0.000017 0.002020 0.997873 0.000004
3 3 0.000046 0.000016 0.002407 0.997526 0.000004
3 3 0.000118 0.000020 0.002066 0.997791 0.000005
3 3 0.000034 0.000011 0.001893 0.998060 0.000003
3 3 0.000022 0.000006 0.001401 0.998570 0.000001
3 3 0.000069 0.000028 0.003307 0.996589 0.000008
3 3 0.000007 0.000003 0.001140 0.998849 0.000001
3 3 0.000025 0.000011 0.002152 0.997809 0.000003
3 3 0.000091 0.000032 0.003407 0.996461 0.000009
3 3 0.000352 0.000063 0.003699 0.995870 0.000016
3 3 0.000975 0.000141 0.005080 0.993766 0.000038
3 3 0.001494 0.000198 0.005831 0.992422 0.000055
3 3 0.005307 0.001018 0.014841 0.978489 0.000346
3 3 0.015895 0.003592 0.029659 0.949491 0.001363
3 3 0.127956 0.137481 0.209418 0.417402 0.107743
0 3 0.415261 0.220110 0.227714 0.055898 0.081018
0 3 0.457743 0.231064 0.213992 0.022842 0.074359
2 3 0.075850 0.167851 0.370043 0.268692 0.117564
2 3 0.104405 0.218390 0.455240 0.108513 0.113453
4 3 0.035701 0.183934 0.155784 0.009102 0.615479
4 3 0.062491 0.219203 0.149355 0.014272 0.554680
4 2 0.055419 0.209551 0.143109 0.011320 0.580600
4 2 0.057558 0.212597 0.145084 0.012174 0.572588
4 2 0.060142 0.216128 0.147369 0.013251 0.563110
4 2 0.036534 0.176787 0.121655 0.005172 0.659852
4 2 0.041340 0.186286 0.127910 0.006507 0.637957
4 2 0.065824 0.223360 0.152032 0.015794 0.542990
4 2 0.049009 0.199705 0.136699 0.008958 0.605629
4 2 0.045582 0.193948 0.132936 0.007813 0.619720
4 2 0.122581 0.226769 0.170803 0.033411 0.446436
4 2 0.123521 0.274911 0.143149 0.012915 0.445505
4 2 0.069984 0.233625 0.172832 0.020060 0.503499
4 2 0.062089 0.218686 0.148272 0.013694 0.557259
4 2 0.065680 0.223186 0.151919 0.015726 0.543488
4 2 0.119933 0.243801 0.102917 0.001929 0.531420
4 2 0.056029 0.210432 0.143681 0.011561 0.578297
4 2 0.066211 0.223828 0.152332 0.015976 0.541653
4 2 0.063517 0.220487 0.144376 0.011760 0.559861
4 2 0.081057 0.239607 0.162398 0.023876 0.493062
4 2 0.033462 0.169761 0.113227 0.003663 0.679888
4 2 0.038911 0.181602 0.124829 0.005813 0.648845
4 2 0.043895 0.190976 0.130989 0.007279 0.626861
4 2 0.036036 0.175746 0.120968 0.005043 0.662207
4 2 0.046121 0.194878 0.133545 0.007988 0.617468
3 2 0.096048 0.077599 0.205822 0.582691 0.037840
3 2 0.109714 0.104286 0.237372 0.495640 0.052988
3 2 0.100028 0.095617 0.308916 0.458580 0.036859
3 2 0.114252 0.081969 0.378017 0.402505 0.023259
2 2 0.109870 0.069587 0.505604 0.302895 0.012044
2 2 0.115037 0.037300 0.772637 0.073683 0.001343
2 2 0.135706 0.026241 0.772408 0.065046 0.000599
2 2 0.171779 0.041602 0.738012 0.047392 0.001216
2 2 0.166291 0.042870 0.754341 0.035314 0.001184
2 2 0.210630 0.127918 0.638446 0.015194 0.007811
0 2 0.779456 0.125754 0.072113 0.001655 0.021021
0 2 0.547450 0.269737 0.132782 0.000715 0.049315
0 2 0.519163 0.181844 0.253123 0.017721 0.028150
2 2 0.258423 0.134044 0.456859 0.126955 0.023719
0 2 0.626073 0.036599 0.299565 0.036197 0.001566
0 2 0.480176 0.036188 0.441545 0.040996 0.001096
0 2 0.698166 0.044300 0.243308 0.012598 0.001628
2 2 0.343036 0.043677 0.568138 0.043658 0.001491
2 2 0.318487 0.163451 0.435677 0.056584 0.025801
1 2 0.313987 0.371140 0.256352 0.000932 0.057589
0 2 0.444918 0.231428 0.233229 0.026918 0.063507
0 2 0.425817 0.211421 0.271235 0.038016 0.053512
2 2 0.322822 0.228083 0.332650 0.054120 0.062325
0 2 0.339375 0.218291 0.332062 0.053985 0.056287
2 2 0.291229 0.108812 0.454408 0.127213 0.018338
2 2 0.136191 0.025820 0.764489 0.072892 0.000608
0 2 0.546438 0.023485 0.390941 0.038601 0.000535
2 2 0.157743 0.033538 0.704017 0.103418 0.001284
2 2 0.294855 0.070265 0.599241 0.032571 0.003069
2 2 0.337523 0.259241 0.353221 0.008636 0.041379
0 2 0.661856 0.158209 0.151428 0.005449 0.023059
0 2 0.461347 0.227806 0.253923 0.014013 0.042911
2 2 0.192834 0.160341 0.467646 0.140296 0.038882
2 2 0.251038 0.139385 0.411395 0.165871 0.032312
2 2 0.284652 0.057717 0.564357 0.089602 0.003672
2 2 0.370132 0.034293 0.554165 0.040484 0.000926
2 2 0.210472 0.047735 0.697166 0.043032 0.001596
2 2 0.420904 0.025655 0.523262 0.029708 0.000472
2 2 0.251372 0.047100 0.664095 0.035840 0.001593
0 2 0.465858 0.251867 0.256586 0.001544 0.024145
0 2 0.423192 0.246583 0.249234 0.015496 0.065495
0 2 0.749233 0.137835 0.053572 0.004308 0.055052
0 2 0.493525 0.244589 0.173643 0.012315 0.075928
0 2 0.456906 0.192123 0.218637 0.065862 0.066472
2 2 0.171927 0.129432 0.610500 0.057628 0.030513
2 2 0.164680 0.049992 0.690403 0.092327 0.002598
2 2 0.362039 0.032135 0.541734 0.063113 0.000980
2 2 0.228638 0.021252 0.678665 0.071052 0.000392
2 2 0.119330 0.014909 0.758243 0.107252 0.000267
2 2 0.263505 0.025732 0.653313 0.056914 0.000536
2 2 0.271983 0.032720 0.665729 0.028882 0.000686
2 2 0.050636 0.021477 0.762330 0.164741 0.000816
2 2 0.173104 0.028131 0.669742 0.128039 0.000984
2 2 0.106777 0.046825 0.761751 0.082475 0.002172
2 2 0.079314 0.023488 0.764229 0.132121 0.000848
0 2 0.468593 0.026356 0.438123 0.066270 0.000657
0 2 0.435039 0.015237 0.431583 0.117820 0.000320
2 2 0.057731 0.023689 0.694093 0.223318 0.001169
2 2 0.149579 0.020395 0.623627 0.205720 0.000679
2 2 0.069532 0.023084 0.658713 0.247589 0.001082
0 2 0.468641 0.083461 0.399167 0.041884 0.006846
0 2 0.474782 0.037975 0.461422 0.024773 0.001048
0 2 0.674686 0.162927 0.112896 0.006911 0.042581
0 2 0.701948 0.166355 0.085624 0.003474 0.042599
2 2 0.360215 0.171156 0.398857 0.041397 0.028375
2 2 0.181243 0.017372 0.635840 0.165149 0.000396
2 2 0.075909 0.019302 0.677769 0.226262 0.000757
2 2 0.132416 0.011401 0.705570 0.150439 0.000175
2 2 0.253050 0.020123 0.592089 0.134248 0.000490
2 2 0.220188 0.020909 0.677679 0.080843 0.000382
2 2 0.218255 0.073242 0.605442 0.096842 0.006219
0 2 0.599329 0.201961 0.154624 0.004554 0.039532
0 2 0.447368 0.238764 0.278741 0.005092 0.030035
2 2 0.220829 0.115215 0.589935 0.062359 0.011661
0 2 0.577021 0.038768 0.324153 0.058111 0.001947
2 2 0.165798 0.034441 0.700540 0.097973 0.001249
0 2 0.455829 0.045659 0.423483 0.072715 0.002313
2 2 0.248906 0.018601 0.625345 0.106767 0.000380
2 2 0.164268 0.028821 0.682900 0.123025 0.000987
2 2 0.036773 0.010199 0.805459 0.147363 0.000206
2 2 0.224505 0.034721 0.664938 0.074678 0.001158
2 2 0.153190 0.028417 0.697058 0.120427 0.000908
2 2 0.193046 0.029244 0.633402 0.143134 0.001174
2 2 0.032014 0.019842 0.718134 0.228914 0.001096
2 2 0.055950 0.018155 0.733368 0.191891 0.000636
3 2 0.011536 0.011265 0.486371 0.489960 0.000868
2 2 0.033266 0.015966 0.511675 0.437963 0.001130
2 2 0.041043 0.019066 0.622773 0.316069 0.001050
2 2 0.163578 0.026233 0.608554 0.200594 0.001041
2 2 0.025501 0.011629 0.649832 0.312598 0.000440
2 2 0.226037 0.118292 0.536156 0.094922 0.024594
2 2 0.333221 0.210186 0.385308 0.029269 0.042016
2 2 0.332390 0.247297 0.353219 0.017444 0.049650
2 2 0.139245 0.120564 0.647013 0.078685 0.014493
0 2 0.445432 0.168811 0.324852 0.028619 0.032287
0 2 0.727299 0.155910 0.057588 0.002674 0.056528
0 0 0.915827 0.050560 0.014348 0.001218 0.018048
0 0 0.705214 0.185396 0.038653 0.000261 0.070475
0 1 0.659782 0.196232 0.077466 0.002251 0.064270
0 1 0.658898 0.186217 0.080147 0.004980 0.069758
4 1 0.053280 0.206132 0.135216 0.008321 0.597050
4 1 0.045777 0.194005 0.129020 0.006645 0.624552
4 2 0.047939 0.197386 0.127188 0.006095 0.621392
4 2 0.040723 0.185117 0.127142 0.006327 0.640692
4 2 0.047263 0.195703 0.120513 0.004593 0.631928
4 2 0.046387 0.195334 0.133843 0.008075 0.616361
4 2 0.051450 0.203588 0.139232 0.009823 0.595906
4 4 0.056765 0.211482 0.144362 0.011854 0.575536
4 4 0.100669 0.256428 0.110215 0.002807 0.529881
4 4 0.073248 0.230201 0.115015 0.003407 0.578129
4 4 0.027734 0.152454 0.081292 0.000739 0.737782
4 4 0.018084 0.128471 0.089459 0.001447 0.762538
4 4 0.023258 0.140159 0.073950 0.000500 0.762132
4 4 0.020630 0.133295 0.074437 0.000547 0.771091
4 4 0.018209 0.128889 0.089740 0.001465 0.761698
4 4 0.049339 0.200239 0.137048 0.009073 0.604301
4 4 0.038581 0.180947 0.124398 0.005722 0.650352
4 4 0.074013 0.226168 0.086270 0.000770 0.612779
4 4 0.040108 0.183937 0.126366 0.006150 0.643439
4 4 0.039450 0.182660 0.125525 0.005963 0.646402
4 4 0.013809 0.112861 0.078930 0.000897 0.793503
4 4 0.018802 0.129440 0.081873 0.000915 0.768971
4 4 0.020670 0.136819 0.095065 0.001837 0.745609
4 4 0.016394 0.122602 0.085507 0.001215 0.774282
4 4 0.017853 0.127688 0.088932 0.001414 0.764113
4 4 0.023563 0.145137 0.098857 0.002106 0.730338
4 4 0.023523 0.145281 0.100729 0.002317 0.728150
4 4 0.045558 0.189305 0.094209 0.001302 0.669625
4 4 0.020328 0.135753 0.094350 0.001783 0.747788
4 4 0.030314 0.162948 0.112495 0.003671 0.690573
4 4 0.021694 0.139937 0.097154 0.002003 0.739212
4 4 0.025140 0.149777 0.103731 0.002613 0.718740
4 4 0.025788 0.151524 0.104896 0.002736 0.715057
4 4 0.021343 0.138879 0.096445 0.001945 0.741388
4 4 0.019323 0.132559 0.092207 0.001628 0.754283
4 4 0.038931 0.173568 0.073848 0.000404 0.713250
4 4 0.040007 0.176580 0.078378 0.000538 0.704497
4 4 0.031376 0.164816 0.108584 0.003021 0.692204
4 4 0.029401 0.160745 0.111033 0.003471 0.695350
4 4 0.023018 0.143501 0.097274 0.001962 0.734245
4 4 0.125296 0.274941 0.120584 0.004902 0.474276
4 4 0.120893 0.259874 0.107111 0.002472 0.509650
4 4 0.091332 0.249963 0.154504 0.018053 0.486148
4 4 0.083279 0.242677 0.140324 0.010128 0.523592
4 4 0.070127 0.228492 0.152126 0.015865 0.533390
4 4 0.079471 0.238109 0.161449 0.022944 0.498027
4 4 0.117890 0.271003 0.147155 0.014845 0.449107
4 4 0.071156 0.229537 0.155992 0.018407 0.524908
4 4 0.093552 0.252121 0.151181 0.015950 0.487196
4 4 0.133651 0.272258 0.149377 0.016974 0.427740
4 4 0.093052 0.248734 0.168499 0.031301 0.458415
4 2 0.150099 0.283204 0.134713 0.010015 0.421970
4 2 0.100720 0.254954 0.171975 0.037361 0.434990
4 2 0.075470 0.234137 0.158927 0.020689 0.510777
4 2 0.108927 0.252741 0.171881 0.037460 0.428990
0 2 0.270161 0.269578 0.153977 0.056251 0.250033
0 2 0.315677 0.260855 0.144580 0.049939 0.228949
0 2 0.298130 0.261155 0.149838 0.057902 0.232975
0 2 0.730528 0.160091 0.028520 0.000343 0.080519
0 2 0.632177 0.204379 0.045886 0.001123 0.116435
1 2 0.242731 0.365959 0.137879 0.001421 0.252011
4 2 0.093801 0.251239 0.162997 0.025351 0.466612
4 2 0.080828 0.239393 0.162262 0.023739 0.493777
4 2 0.062717 0.219493 0.149542 0.014373 0.553875
4 2 0.054211 0.207782 0.141960 0.010853 0.585193
3 2 0.021591 0.048555 0.427264 0.490392 0.012198
