4 1 0.033733 0.123645 0.047902 0.000038 0.794681
4 1 0.030119 0.108906 0.039059 0.000017 0.821900
4 1 0.020198 0.097878 0.052800 0.000079 0.829044
4 0 0.026230 0.113929 0.041413 0.000016 0.818413
4 0 0.038594 0.140370 0.035673 0.000005 0.785357
4 1 0.004173 0.034977 0.007404 0.000000 0.953445
4 1 0.003955 0.034330 0.011547 0.000000 0.950167
4 1 0.004718 0.046955 0.013992 0.000000 0.934335
4 1 0.003207 0.043761 0.013752 0.000000 0.939279
4 1 0.004829 0.043662 0.017863 0.000001 0.933646
4 1 0.001496 0.020436 0.009657 0.000000 0.968410
4 1 0.002630 0.027551 0.019333 0.000003 0.950484
4 1 0.000956 0.020834 0.020292 0.000003 0.957915
4 1 0.002748 0.043930 0.019148 0.000000 0.934173
4 1 0.001607 0.023630 0.014099 0.000000 0.960663
4 1 0.003160 0.039829 0.019784 0.000001 0.937226
4 1 0.001639 0.025056 0.014529 0.000000 0.958776
4 1 0.001812 0.030734 0.020043 0.000001 0.947410
4 1 0.001873 0.037888 0.013605 0.000000 0.946634
4 1 0.001434 0.025066 0.015598 0.000000 0.957902
4 1 0.001411 0.029195 0.022601 0.000002 0.946792
4 1 0.001772 0.038351 0.017571 0.000000 0.942306
4 1 0.001776 0.033514 0.011852 0.000000 0.952859
4 1 0.002021 0.030057 0.011031 0.000000 0.956892
4 1 0.001271 0.029461 0.019036 0.000001 0.950232
4 1 0.003818 0.071636 0.126293 0.000785 0.797468
4 1 0.001735 0.051727 0.184110 0.005030 0.757398
4 1 0.006344 0.056585 0.116884 0.013763 0.806425
4 1 0.003638 0.062274 0.159675 0.014283 0.760129
4 1 0.003079 0.093907 0.217068 0.001330 0.684615
2 1 0.017079 0.137242 0.608987 0.057450 0.179243
2 1 0.022872 0.147150 0.552768 0.083248 0.193962
2 1 0.019950 0.115636 0.595139 0.117144 0.152132
2 1 0.014291 0.110907 0.591643 0.110257 0.172902
2 1 0.018238 0.134132 0.592792 0.080404 0.174434
4 1 0.037129 0.265623 0.224357 0.003836 0.469055
4 2 0.041526 0.240993 0.194991 0.004986 0.517503
4 2 0.058254 0.286919 0.132307 0.000441 0.522080
4 2 0.070965 0.315975 0.167526 0.001633 0.443902
4 2 0.034331 0.253946 0.213396 0.004103 0.494224
2 2 0.003974 0.134311 0.725103 0.002575 0.134037
2 2 0.009103 0.096072 0.810362 0.025377 0.059086
2 2 0.005525 0.086959 0.838311 0.014997 0.054208
2 2 0.000871 0.020303 0.961842 0.008549 0.008436
2 2 0.005604 0.116726 0.810778 0.004424 0.062468
4 2 0.181538 0.338995 0.102114 0.001613 0.375740
4 2 0.081014 0.339122 0.218910 0.005076 0.355879
1 2 0.255025 0.335724 0.095182 0.001249 0.312820
4 2 0.076920 0.338879 0.234360 0.005808 0.344033
4 2 0.068863 0.293622 0.208094 0.006286 0.423134
4 2 0.017909 0.132456 0.166901 0.017650 0.665084
4 2 0.023809 0.133151 0.127065 0.004952 0.711023
4 2 0.027004 0.192909 0.139164 0.002035 0.638889
4 2 0.021423 0.164695 0.153786 0.005980 0.654116
4 2 0.024885 0.162091 0.160743 0.009877 0.642405
4 2 0.052290 0.252946 0.278128 0.010879 0.405757
4 2 0.030476 0.206600 0.250118 0.017350 0.495456
4 2 0.029654 0.234281 0.270627 0.008452 0.456985
4 2 0.026488 0.196585 0.256045 0.018564 0.502317
4 2 0.032196 0.241188 0.277117 0.012302 0.437197
4 2 0.034234 0.272879 0.296529 0.003969 0.392390
4 2 0.030804 0.180006 0.183482 0.012411 0.593297
4 2 0.036887 0.239262 0.223590 0.010019 0.490242
4 2 0.047806 0.211295 0.170373 0.011595 0.558932
4 2 0.057877 0.301626 0.178324 0.002085 0.460088
4 2 0.017520 0.254353 0.350975 0.002532 0.374621
2 2 0.018218 0.253024 0.365042 0.003478 0.360237
4 2 0.013521 0.215490 0.330140 0.002899 0.437950
4 2 0.016661 0.162500 0.248438 0.024430 0.547971
2 2 0.022207 0.176726 0.507432 0.027608 0.266027
2 2 0.041200 0.165528 0.676299 0.034123 0.082850
2 2 0.077862 0.272671 0.519818 0.015520 0.114129
2 2 0.045419 0.291514 0.472557 0.013116 0.177394
2 2 0.087416 0.299265 0.464536 0.015804 0.132979
2 2 0.038377 0.268921 0.566994 0.017249 0.108460
1 2 0.305847 0.347965 0.109086 0.009402 0.227700
0 0 0.373176 0.265111 0.140502 0.017501 0.203710
0 0 0.487933 0.272625 0.104952 0.009214 0.125276
0 0 0.406109 0.313644 0.099958 0.008193 0.172096
1 0 0.256922 0.329054 0.131530 0.011277 0.271217
4 0 0.056589 0.159887 0.098680 0.002019 0.682824
4 0 0.184093 0.236071 0.064071 0.000308 0.515456
4 0 0.065559 0.197723 0.115577 0.002970 0.618170
4 0 0.064506 0.189967 0.109771 0.002461 0.633294
4 1 0.111758 0.247344 0.096027 0.001103 0.543768
4 1 0.004104 0.087763 0.035744 0.000001 0.872387
4 1 0.001877 0.057541 0.066244 0.000030 0.874308
4 1 0.001219 0.027667 0.052586 0.000153 0.918375
4 1 0.002453 0.049596 0.031749 0.000001 0.916201
4 1 0.001489 0.049070 0.039769 0.000001 0.909671
4 1 0.007118 0.075693 0.016460 0.000000 0.900729
4 1 0.002858 0.042972 0.020279 0.000001 0.933890
4 1 0.003007 0.043125 0.016549 0.000000 0.937319
4 1 0.002123 0.035217 0.012856 0.000000 0.949803
4 1 0.003130 0.037881 0.015713 0.000000 0.943276
4 1 0.004521 0.051856 0.022272 0.000001 0.921350
4 4 0.002129 0.026983 0.017170 0.000001 0.953717
4 4 0.001361 0.026730 0.021377 0.000002 0.950531
4 4 0.002187 0.035696 0.021456 0.000001 0.940660
4 4 0.001932 0.027272 0.011789 0.000000 0.959007
4 4 0.001268 0.029667 0.033087 0.000014 0.935964
4 4 0.001318 0.028202 0.026131 0.000005 0.944344
4 4 0.000782 0.024783 0.026974 0.000004 0.947457
4 4 0.001612 0.032906 0.025643 0.000003 0.939836
4 4 0.000904 0.030476 0.037513 0.000011 0.931096
4 4 0.005348 0.072623 0.033449 0.000001 0.888579
4 4 0.004505 0.065596 0.028013 0.000001 0.901886
4 4 0.004609 0.078336 0.028936 0.000001 0.888118
4 4 0.007578 0.075976 0.028286 0.000002 0.888157
4 4 0.003863 0.059805 0.023613 0.000000 0.912719
4 4 0.001701 0.044329 0.048669 0.000010 0.905292
4 4 0.001538 0.046815 0.039485 0.000002 0.912161
4 4 0.001541 0.046182 0.055727 0.000008 0.896542
4 4 0.002036 0.049911 0.043053 0.000012 0.904988
4 4 0.001929 0.043732 0.073701 0.000309 0.880329
4 4 0.002348 0.034821 0.026168 0.000005 0.936659
4 4 0.001736 0.036767 0.031897 0.000007 0.929593
4 4 0.002013 0.039941 0.041756 0.000030 0.916260
4 4 0.001105 0.033431 0.031778 0.000006 0.933679
4 4 0.001928 0.035302 0.020005 0.000001 0.942764
4 4 0.002370 0.074335 0.091186 0.000035 0.832074
4 4 0.003370 0.084028 0.068982 0.000007 0.843614
4 4 0.001949 0.067397 0.091092 0.000012 0.839551
4 4 0.001164 0.059592 0.121650 0.000030 0.817565
4 4 0.001958 0.054575 0.048372 0.000004 0.895091
4 4 0.067658 0.165089 0.112641 0.005194 0.649419
4 4 0.049328 0.125529 0.107543 0.006845 0.710755
4 4 0.077178 0.160084 0.072719 0.000552 0.689467
4 4 0.105261 0.185733 0.079246 0.000875 0.628884
4 4 0.083639 0.248504 0.116006 0.002037 0.549813
4 4 0.002761 0.044050 0.084288 0.001734 0.867168
4 4 0.002374 0.033381 0.057784 0.000499 0.905963
4 2 0.002118 0.034149 0.056731 0.000349 0.906653
4 2 0.005332 0.064330 0.075497 0.000498 0.854343
4 2 0.003266 0.043591 0.060415 0.000338 0.892390
4 2 0.007865 0.058905 0.042996 0.000049 0.890184
4 2 0.005077 0.065570 0.039165 0.000007 0.890181
4 2 0.005852 0.057676 0.053718 0.000126 0.882628
4 2 0.004656 0.051093 0.060773 0.000301 0.883176
4 2 0.005854 0.058830 0.049957 0.000077 0.885282
4 2 0.004895 0.083322 0.254611 0.032323 0.624850
4 2 0.012707 0.143923 0.210942 0.007801 0.624627
4 2 0.008069 0.122132 0.258164 0.014427 0.597208
4 2 0.002660 0.080727 0.326674 0.010027 0.579912
4 2 0.005787 0.119161 0.325479 0.010501 0.539072
4 2 0.012975 0.122329 0.264173 0.080304 0.520218
2 2 0.022572 0.185493 0.427554 0.047671 0.316710
4 2 0.017135 0.123435 0.247157 0.131384 0.480889
2 2 0.026492 0.143744 0.343909 0.156578 0.329277
4 2 0.014095 0.105519 0.341228 0.160282 0.378877
2 2 0.007153 0.043054 0.610520 0.313657 0.025616
3 2 0.003403 0.022108 0.475959 0.481601 0.016929
2 2 0.003810 0.024620 0.602795 0.357718 0.011056
2 2 0.007857 0.035870 0.540884 0.398002 0.017386
2 2 0.002887 0.017766 0.622640 0.350059 0.006649
3 2 0.002276 0.009652 0.362215 0.622486 0.003372
2 2 0.001559 0.007057 0.499056 0.491102 0.001226
3 2 0.001011 0.003696 0.307161 0.687493 0.000639
3 2 0.001425 0.005444 0.313861 0.677961 0.001310
3 2 0.001532 0.005091 0.267642 0.724327 0.001409
3 2 0.002837 0.005193 0.118269 0.871954 0.001746
3 2 0.001360 0.002803 0.091871 0.902986 0.000979
3 2 0.002194 0.004133 0.084686 0.907162 0.001825
3 2 0.003205 0.005897 0.103087 0.885134 0.002678
3 2 0.005771 0.007111 0.065298 0.917488 0.004331
3 2 0.002701 0.003605 0.071913 0.920306 0.001476
3 2 0.002353 0.003139 0.057412 0.935564 0.001531
3 2 0.003548 0.003937 0.053887 0.936545 0.002083
3 2 0.002025 0.002493 0.057749 0.936700 0.001032
3 3 0.004535 0.004553 0.045292 0.942665 0.002955
3 3 0.001625 0.001359 0.035099 0.961342 0.000575
3 3 0.002333 0.003026 0.055992 0.937182 0.001467
3 3 0.002305 0.002483 0.047282 0.946746 0.001183
3 3 0.003295 0.003371 0.043967 0.947402 0.001966
3 3 0.003037 0.002685 0.031351 0.961073 0.001854
3 3 0.002754 0.002177 0.028545 0.965115 0.001409
3 3 0.002553 0.002669 0.050760 0.942815 0.001203
3 3 0.002737 0.002241 0.036196 0.957660 0.001165
3 3 0.003297 0.002694 0.038490 0.954084 0.001435
3 3 0.005123 0.003948 0.035083 0.953126 0.002719
3 3 0.002437 0.002084 0.033796 0.960533 0.001150
3 3 0.001328 0.001008 0.028822 0.968411 0.000430
3 3 0.001927 0.001891 0.039026 0.956236 0.000919
3 3 0.000809 0.000651 0.019721 0.978474 0.000345
3 3 0.001086 0.001000 0.032181 0.965314 0.000419
3 3 0.004732 0.003568 0.031001 0.958064 0.002635
3 3 0.001952 0.001162 0.019902 0.976294 0.000691
3 3 0.001382 0.001001 0.031418 0.965820 0.000379
3 3 0.000942 0.000627 0.018822 0.979299 0.000309
3 3 0.002202 0.001398 0.017625 0.977702 0.001074
3 3 0.003562 0.002624 0.022382 0.969111 0.002321
3 3 0.002072 0.001230 0.019353 0.976571 0.000774
3 3 0.003019 0.002045 0.022050 0.971335 0.001551
3 3 0.005601 0.003793 0.029457 0.958272 0.002876
3 3 0.004277 0.002661 0.024127 0.966937 0.001998
3 3 0.002371 0.001272 0.015713 0.979684 0.000960
3 3 0.003843 0.002321 0.022309 0.969787 0.001740
3 3 0.001662 0.000778 0.011976 0.985016 0.000569
3 3 0.003571 0.002150 0.021241 0.971404 0.001633
3 3 0.005075 0.003192 0.027077 0.962320 0.002336
3 3 0.002477 0.001712 0.023592 0.971100 0.001119
3 3 0.002973 0.001932 0.019681 0.973844 0.001571
3 3 0.003499 0.002428 0.029086 0.963472 0.001515
3 3 0.003850 0.002380 0.022478 0.969475 0.001817
3 3 0.002398 0.001429 0.018193 0.976941 0.001037
3 3 0.003754 0.002590 0.022765 0.968733 0.002158
3 3 0.002244 0.001380 0.015722 0.979486 0.001168
3 3 0.002638 0.001536 0.017238 0.977380 0.001208
3 3 0.003073 0.001502 0.018189 0.976232 0.001004
3 3 0.002985 0.001908 0.019177 0.974360 0.001571
3 3 0.003189 0.001664 0.018971 0.975015 0.001160
3 3 0.004373 0.002278 0.023345 0.968514 0.001490
3 3 0.002409 0.001182 0.015504 0.980074 0.000832
3 3 0.001997 0.000990 0.013733 0.982552 0.000728
3 3 0.001363 0.000594 0.011351 0.986307 0.000386
3 3 0.002737 0.001857 0.018404 0.975375 0.001627
3 3 0.003850 0.002674 0.023187 0.968061 0.002228
3 3 0.002877 0.001863 0.018785 0.974914 0.001561
3 3 0.003945 0.002570 0.023163 0.968292 0.002030
3 3 0.002213 0.001166 0.014944 0.980796 0.000881
3 3 0.002842 0.002305 0.027174 0.966039 0.001639
3 3 0.002612 0.001748 0.024226 0.970310 0.001103
3 3 0.001729 0.001127 0.016908 0.979411 0.000824
3 3 0.002251 0.001610 0.028819 0.966479 0.000840
3 3 0.000831 0.000619 0.019715 0.978530 0.000306
3 3 0.003717 0.002258 0.021861 0.970450 0.001713
3 3 0.001441 0.000629 0.010689 0.986793 0.000448
3 3 0.002259 0.001367 0.015724 0.979508 0.001142
3 3 0.003796 0.002468 0.029179 0.963062 0.001495
3 3 0.002621 0.001435 0.016884 0.977982 0.001078
3 3 0.003633 0.002140 0.022897 0.969849 0.001480
3 3 0.001522 0.000648 0.011011 0.986371 0.000448
3 3 0.001527 0.000641 0.010991 0.986403 0.000438
3 3 0.001342 0.000627 0.010389 0.987164 0.000477
3 3 0.002759 0.001683 0.017980 0.976220 0.001359
3 3 0.002669 0.001866 0.021635 0.972428 0.001403
3 3 0.002186 0.001290 0.016940 0.978629 0.000955
3 3 0.002047 0.001123 0.014346 0.981596 0.000888
3 3 0.001760 0.000849 0.012540 0.984223 0.000628
3 3 0.002607 0.001209 0.016089 0.979293 0.000802
3 3 0.011845 0.006290 0.045010 0.933441 0.003412
3 3 0.007567 0.007994 0.084991 0.895888 0.003561
3 3 0.004340 0.006414 0.111115 0.875844 0.002287
3 3 0.005444 0.007707 0.148336 0.836390 0.002123
3 3 0.008302 0.010141 0.120929 0.856914 0.003714
3 3 0.002398 0.007541 0.379709 0.609359 0.000993
3 3 0.004395 0.013307 0.456823 0.523741 0.001734
3 3 0.002047 0.006123 0.331461 0.659517 0.000851
3 3 0.001587 0.006471 0.435179 0.555996 0.000768
3 3 0.001355 0.004751 0.436712 0.556712 0.000469
3 3 0.002848 0.007700 0.347855 0.640532 0.001065
3 3 0.005164 0.012525 0.313818 0.666122 0.002372
3 3 0.001368 0.003953 0.377778 0.616537 0.000364
3 3 0.002233 0.005825 0.337228 0.653997 0.000717
3 3 0.003311 0.008683 0.344380 0.642357 0.001269
3 3 0.005729 0.011930 0.235671 0.743761 0.002910
3 3 0.005900 0.012433 0.271742 0.707312 0.002612
3 3 0.004747 0.011176 0.274691 0.707050 0.002336
3 3 0.038582 0.055014 0.312186 0.578898 0.015320
3 3 0.007996 0.016145 0.223453 0.747455 0.004951
2 3 0.067505 0.130302 0.564305 0.213703 0.024184
3 3 0.017348 0.039559 0.299805 0.629221 0.014067
3 3 0.019448 0.042144 0.294926 0.626052 0.017430
3 3 0.017104 0.042396 0.296289 0.618695 0.025516
3 3 0.010097 0.024536 0.338504 0.619174 0.007689
2 3 0.007050 0.048419 0.832408 0.096206 0.015917
2 2 0.020611 0.112277 0.726676 0.106120 0.034315
2 2 0.022160 0.144283 0.746721 0.053487 0.033348
2 2 0.010043 0.105067 0.772077 0.045787 0.067026
2 2 0.013532 0.117356 0.657242 0.099220 0.112650
4 2 0.000547 0.022687 0.153380 0.022470 0.800915
4 2 0.001150 0.030358 0.152325 0.044788 0.771380
4 2 0.000792 0.035533 0.224091 0.012312 0.727272
4 2 0.001005 0.032754 0.161826 0.018425 0.785990
4 2 0.001950 0.053747 0.196244 0.011508 0.736552
4 2 0.000327 0.014828 0.115121 0.026339 0.843385
4 2 0.000795 0.022791 0.120990 0.039978 0.815447
4 2 0.000459 0.024733 0.170310 0.008453 0.796045
4 2 0.000786 0.034346 0.121074 0.001634 0.842160
4 2 0.000576 0.022026 0.129269 0.018609 0.829519
4 2 0.001279 0.046186 0.253036 0.016898 0.682601
4 2 0.002410 0.054685 0.204896 0.027188 0.710821
4 2 0.003830 0.064107 0.182521 0.033228 0.716313
4 2 0.002761 0.066540 0.232072 0.016050 0.682577
4 2 0.001991 0.057719 0.262462 0.020058 0.657771
4 2 0.000326 0.018154 0.148441 0.014038 0.819041
4 2 0.000765 0.035471 0.130367 0.001496 0.831901
4 2 0.000935 0.039191 0.142601 0.002165 0.815108
4 2 0.000928 0.037811 0.145873 0.003011 0.812377
4 2 0.000632 0.023803 0.107388 0.007434 0.860743
4 2 0.000983 0.034874 0.053761 0.000081 0.910301
4 2 0.000983 0.029412 0.033492 0.000011 0.936103
4 2 0.001031 0.030367 0.054310 0.000162 0.914130
4 2 0.000900 0.027098 0.061238 0.000423 0.910340
4 1 0.001148 0.031670 0.049192 0.000090 0.917899
4 1 0.013042 0.100642 0.121510 0.004456 0.760349
4 1 0.009394 0.088887 0.132953 0.007735 0.761031
4 1 0.009690 0.088438 0.133252 0.008994 0.759626
4 1 0.009623 0.088130 0.150550 0.010923 0.740774
4 1 0.011417 0.074703 0.101686 0.004497 0.807697
4 1 0.017590 0.211875 0.368792 0.013291 0.388452
4 1 0.015338 0.124423 0.322562 0.120899 0.416779
4 1 0.017231 0.103960 0.228265 0.221278 0.429267
4 1 0.013983 0.095434 0.297759 0.223050 0.369774
4 1 0.014078 0.115954 0.281865 0.118976 0.469127
2 1 0.018646 0.132630 0.653397 0.068931 0.126396
2 2 0.013220 0.131950 0.677949 0.046658 0.130222
2 2 0.012784 0.082401 0.712772 0.129632 0.062410
2 2 0.012359 0.137845 0.744472 0.018565 0.086759
2 2 0.014130 0.126598 0.709754 0.054811 0.094707
2 2 0.028870 0.164153 0.638794 0.067649 0.100534
2 2 0.031096 0.192894 0.550654 0.057009 0.168347
2 2 0.023188 0.150441 0.579020 0.093439 0.153912
2 2 0.017868 0.163984 0.675561 0.026896 0.115691
2 2 0.024978 0.180368 0.581824 0.055975 0.156855
2 2 0.008365 0.111376 0.830976 0.011524 0.037760
2 2 0.003579 0.106495 0.853955 0.003730 0.032241
2 2 0.002162 0.048853 0.852196 0.027815 0.068974
2 2 0.003043 0.032980 0.904281 0.048254 0.011442
2 2 0.001616 0.020239 0.925466 0.043519 0.009160
2 2 0.002750 0.032740 0.883454 0.059763 0.021293
2 2 0.006702 0.060904 0.870466 0.037718 0.024209
2 2 0.005894 0.060023 0.866381 0.040725 0.026976
2 2 0.006707 0.104812 0.805322 0.011862 0.071297
2 2 0.004288 0.063971 0.884068 0.015795 0.031878
2 2 0.003615 0.076814 0.825736 0.010692 0.083143
2 2 0.005342 0.117682 0.754531 0.006372 0.116073
2 2 0.003991 0.048311 0.803485 0.085327 0.058885
2 2 0.002947 0.061447 0.863886 0.016581 0.055139
2 2 0.002287 0.037197 0.916954 0.017186 0.026375
2 2 0.001808 0.020591 0.941640 0.031089 0.004872
2 2 0.001699 0.027486 0.945186 0.016665 0.008964
2 2 0.007474 0.104646 0.847868 0.010889 0.029123
2 2 0.004972 0.080324 0.849029 0.025972 0.039703
2 2 0.004714 0.050996 0.893886 0.033308 0.017096
2 2 0.004824 0.078889 0.887747 0.011508 0.017032
2 2 0.004720 0.053547 0.859494 0.058400 0.023839
2 2 0.006403 0.041994 0.914361 0.029474 0.007769
2 2 0.000681 0.016137 0.971427 0.008229 0.003526
2 2 0.005171 0.072853 0.895745 0.012096 0.014134
2 2 0.003065 0.030562 0.898282 0.061456 0.006635
2 2 0.001110 0.016997 0.962118 0.017594 0.002181
2 2 0.002167 0.019086 0.938330 0.038209 0.002208
2 2 0.004091 0.035387 0.885499 0.068848 0.006174
2 2 0.001529 0.013548 0.937060 0.046391 0.001472
2 2 0.033376 0.225077 0.496424 0.045609 0.199514
2 2 0.047981 0.268089 0.527924 0.026368 0.129638
2 2 0.026885 0.211346 0.456841 0.046007 0.258922
2 2 0.020663 0.167906 0.486413 0.078077 0.246941
2 2 0.029340 0.149164 0.548059 0.118192 0.155245
4 2 0.013637 0.155049 0.272570 0.021968 0.536777
4 2 0.013068 0.163227 0.267793 0.011719 0.544192
4 2 0.011351 0.170066 0.301281 0.007182 0.510120
4 2 0.014925 0.163751 0.270236 0.019862 0.531226
4 2 0.011637 0.174131 0.357343 0.011389 0.445501
4 2 0.006048 0.145332 0.274040 0.001374 0.573207
4 2 0.007142 0.203697 0.319028 0.000315 0.469818
4 2 0.007163 0.203213 0.314604 0.000310 0.474710
4 2 0.005592 0.193221 0.327869 0.000197 0.473121
4 2 0.007395 0.198490 0.315527 0.000431 0.478157
4 2 0.032709 0.221967 0.351690 0.037254 0.356380
4 2 0.037004 0.259091 0.305301 0.017712 0.380891
2 2 0.047263 0.264206 0.343074 0.036058 0.309399
4 2 0.138039 0.238116 0.184802 0.023545 0.415499
1 2 0.213852 0.316204 0.161488 0.009007 0.299449
2 1 0.013628 0.248244 0.369862 0.000882 0.367384
4 1 0.013060 0.181016 0.304388 0.007899 0.493638
4 4 0.012318 0.184570 0.292314 0.004681 0.506117
4 4 0.009916 0.144132 0.252969 0.008589 0.584395
4 4 0.006176 0.126216 0.299598 0.002526 0.565484
4 4 0.002084 0.051167 0.071857 0.000135 0.874757
4 4 0.000786 0.033988 0.166161 0.005696 0.793369
4 4 0.002469 0.049051 0.065175 0.000204 0.883101
4 4 0.003399 0.082305 0.067456 0.000028 0.846812
4 4 0.001484 0.036100 0.083738 0.001216 0.877462
4 4 0.002749 0.057751 0.017783 0.000000 0.921717
4 4 0.001874 0.038888 0.023006 0.000001 0.936231
4 4 0.001722 0.035137 0.021661 0.000001 0.941479
4 4 0.002460 0.051857 0.023929 0.000001 0.921754
4 4 0.001748 0.033718 0.023335 0.000002 0.941196
4 4 0.002705 0.047590 0.029883 0.000003 0.919818
4 4 0.002650 0.055816 0.034004 0.000004 0.907526
4 4 0.003203 0.062489 0.044158 0.000008 0.890142
4 4 0.001119 0.043999 0.112607 0.000149 0.842126
4 4 0.001471 0.040860 0.059083 0.000056 0.898530
4 4 0.002786 0.051113 0.037184 0.000009 0.908908
4 4 0.001760 0.037032 0.049800 0.000092 0.911316
4 4 0.001619 0.045731 0.060443 0.000049 0.892157
4 4 0.005994 0.091714 0.049888 0.000013 0.852391
4 4 0.002034 0.055988 0.104990 0.000301 0.836687
4 4 0.001285 0.042708 0.047475 0.000023 0.908509
4 4 0.002130 0.059323 0.062390 0.000064 0.876093
4 4 0.001526 0.055799 0.078396 0.000049 0.864229
4 4 0.001506 0.044388 0.059323 0.000062 0.894722
4 4 0.002434 0.077744 0.063558 0.000012 0.856251
4 4 0.004639 0.135213 0.092951 0.000002 0.767195
4 4 0.002853 0.070292 0.055715 0.000013 0.871127
4 4 0.001276 0.055517 0.131997 0.000190 0.811021
4 4 0.000934 0.042914 0.088459 0.000040 0.867653
4 4 0.001058 0.049498 0.128265 0.000388 0.820791
4 4 0.003232 0.072717 0.079721 0.000181 0.844149
4 4 0.001586 0.041641 0.050764 0.000055 0.905955
4 4 0.000910 0.037625 0.095844 0.000226 0.865395
4 4 0.001285 0.049776 0.088232 0.000053 0.860654
4 4 0.001847 0.050985 0.067988 0.000053 0.879127
4 4 0.002049 0.045697 0.057823 0.000071 0.894360
4 4 0.000773 0.024196 0.060477 0.000508 0.914045
4 4 0.001048 0.031704 0.069111 0.000549 0.897589
4 4 0.001003 0.037574 0.055382 0.000020 0.906021
4 4 0.000738 0.039876 0.066948 0.000010 0.892428
4 4 0.001792 0.037517 0.043610 0.000042 0.917039
4 4 0.001367 0.043266 0.045896 0.000006 0.909465
4 4 0.002155 0.043537 0.033422 0.000007 0.920880
4 4 0.001570 0.045629 0.062400 0.000023 0.890377
4 4 0.002490 0.045731 0.043993 0.000031 0.907754
4 4 0.005577 0.051435 0.126181 0.027251 0.789556
4 4 0.006247 0.066713 0.120876 0.008369 0.797795
4 4 0.010741 0.122340 0.139953 0.001838 0.725128
4 2 0.005804 0.076381 0.168710 0.033820 0.715284
4 2 0.009281 0.101521 0.167976 0.020151 0.701071
4 2 0.011773 0.144055 0.251365 0.016560 0.576248
4 2 0.008688 0.134001 0.270061 0.007492 0.579758
4 2 0.058688 0.216437 0.103601 0.000945 0.620329
4 2 0.016439 0.178699 0.247350 0.010274 0.547238
4 2 0.018110 0.184329 0.209036 0.006944 0.581581
4 2 0.046332 0.218071 0.305988 0.027010 0.402599
2 2 0.030075 0.229924 0.385612 0.013622 0.340767
4 2 0.223843 0.285446 0.121763 0.002421 0.366528
2 2 0.053084 0.324229 0.363203 0.013559 0.245925
2 2 0.046482 0.308387 0.346585 0.008686 0.289860
2 2 0.012357 0.181683 0.645004 0.016795 0.144161
2 2 0.011335 0.187780 0.657817 0.009396 0.133671
2 2 0.011224 0.161393 0.716317 0.009961 0.101106
2 2 0.012644 0.127361 0.743845 0.023619 0.092531
2 2 0.007109 0.133485 0.764513 0.004600 0.090293
2 2 0.003561 0.056911 0.911119 0.012543 0.015866
2 2 0.003646 0.049625 0.919398 0.016540 0.010790
2 2 0.001487 0.043850 0.936270 0.005402 0.012991
2 2 0.001973 0.030975 0.948221 0.012609 0.006223
2 2 0.002671 0.057947 0.914585 0.009882 0.014914
2 2 0.045784 0.196640 0.677963 0.011483 0.068129
2 2 0.037972 0.255913 0.605188 0.010628 0.090299
2 2 0.036190 0.242425 0.580346 0.014962 0.126076
2 2 0.145718 0.281859 0.482364 0.011585 0.078475
2 2 0.069988 0.256723 0.590341 0.016010 0.066939
2 2 0.016307 0.212913 0.546936 0.017292 0.206553
2 2 0.019621 0.149746 0.501899 0.082997 0.245736
2 2 0.013403 0.149844 0.577770 0.035979 0.223004
2 2 0.014717 0.187434 0.548951 0.019463 0.229436
2 2 0.012507 0.156740 0.657232 0.019344 0.154177
2 2 0.000940 0.012916 0.930536 0.053159 0.002450
2 2 0.002374 0.027135 0.890860 0.071728 0.007903
2 2 0.000499 0.007296 0.959818 0.031570 0.000817
2 2 0.000285 0.006131 0.973347 0.019545 0.000692
2 2 0.000624 0.009682 0.939536 0.048434 0.001724
2 2 0.011879 0.083879 0.831648 0.041120 0.031474
2 2 0.077562 0.238837 0.536541 0.029183 0.117877
2 2 0.089820 0.259197 0.573190 0.014441 0.063351
2 2 0.034060 0.198368 0.625580 0.047791 0.094201
2 2 0.027635 0.170144 0.653329 0.065345 0.083547
2 2 0.016331 0.120117 0.750468 0.048931 0.064153
2 2 0.006418 0.068449 0.856581 0.037717 0.030836
2 2 0.016743 0.156387 0.705360 0.041947 0.079563
2 2 0.010160 0.114660 0.798453 0.023248 0.053478
2 2 0.014047 0.119307 0.733887 0.057330 0.075429
1 2 0.146086 0.343071 0.227969 0.003227 0.279648
4 2 0.232875 0.331666 0.095776 0.002119 0.337563
2 2 0.028130 0.266800 0.371314 0.007841 0.325914
4 2 0.036067 0.279508 0.319466 0.010751 0.354208
4 2 0.036409 0.238720 0.332285 0.026445 0.366141
2 2 0.003844 0.075078 0.905734 0.003845 0.011499
2 2 0.004488 0.056116 0.906031 0.021634 0.011731
2 2 0.001375 0.019832 0.968252 0.008070 0.002472
2 2 0.001480 0.030654 0.955095 0.006670 0.006101
2 2 0.001812 0.031543 0.947976 0.012635 0.006034
2 2 0.001976 0.015086 0.895452 0.086195 0.001291
2 2 0.001650 0.021574 0.957154 0.016813 0.002809
2 2 0.002073 0.019392 0.929896 0.046563 0.002075
2 2 0.001702 0.021376 0.942276 0.031018 0.003627
2 2 0.003066 0.025498 0.900717 0.066846 0.003873
2 2 0.005212 0.024730 0.712414 0.253256 0.004386
2 2 0.003687 0.018020 0.721082 0.254680 0.002530
2 2 0.006580 0.034542 0.729836 0.221105 0.007938
2 2 0.006691 0.023973 0.657376 0.307392 0.004567
2 2 0.032047 0.072588 0.575012 0.308944 0.011409
0 2 0.529674 0.252829 0.110148 0.011232 0.096117
1 2 0.229983 0.341381 0.256484 0.020797 0.151355
0 2 0.341011 0.308369 0.202455 0.017917 0.130249
0 2 0.421638 0.287539 0.149397 0.017471 0.123956
0 2 0.277180 0.244261 0.252340 0.063773 0.162445
0 0 0.518675 0.214351 0.146117 0.035236 0.085621
0 0 0.555926 0.229447 0.113171 0.017571 0.083884
0 0 0.620381 0.206396 0.093020 0.011780 0.068423
0 0 0.646444 0.195243 0.086346 0.009860 0.062107
0 0 0.420634 0.311098 0.098411 0.012356 0.157501
2 0 0.038474 0.317058 0.377860 0.003478 0.263129
2 1 0.044982 0.317969 0.352544 0.007417 0.277087
2 1 0.027238 0.288501 0.369616 0.003419 0.311225
2 1 0.044334 0.288593 0.350444 0.011544 0.305084
4 1 0.055457 0.335916 0.259349 0.001489 0.347788
4 1 0.239730 0.334251 0.072247 0.000407 0.353364
4 1 0.079865 0.263251 0.141935 0.005327 0.509622
4 0 0.098470 0.236901 0.122251 0.004343 0.538035
4 0 0.085794 0.232069 0.107244 0.001676 0.573216
4 0 0.167315 0.297618 0.082231 0.000526 0.452310
4 0 0.142595 0.340936 0.106201 0.000462 0.409806
4 0 0.044083 0.256653 0.218622 0.008181 0.472461
4 0 0.051752 0.303919 0.241184 0.004740 0.398405
4 0 0.046214 0.278593 0.208593 0.003506 0.463093
4 1 0.035965 0.273132 0.252915 0.006064 0.431924
4 1 0.004835 0.100122 0.062560 0.000025 0.832459
4 1 0.005301 0.097937 0.036449 0.000001 0.860312
4 1 0.003724 0.071716 0.040012 0.000001 0.884547
4 1 0.000922 0.040706 0.060546 0.000008 0.897819
4 1 0.003363 0.058808 0.030205 0.000002 0.907622
4 4 0.003158 0.040383 0.020911 0.000001 0.935547
4 4 0.001417 0.027033 0.020202 0.000002 0.951346
4 4 0.001502 0.028860 0.020337 0.000001 0.949301
4 4 0.002011 0.034477 0.024446 0.000003 0.939063
4 4 0.002403 0.032999 0.021164 0.000002 0.943431
4 4 0.001233 0.022934 0.031690 0.000031 0.944113
4 4 0.005263 0.054902 0.037503 0.000017 0.902316
4 4 0.001988 0.037177 0.025501 0.000002 0.935332
4 4 0.001761 0.040029 0.029541 0.000002 0.928666
4 4 0.001972 0.035413 0.034704 0.000017 0.927895
4 4 0.000835 0.026903 0.037552 0.000023 0.934687
4 4 0.001218 0.030792 0.046370 0.000078 0.921541
4 4 0.000996 0.025410 0.043763 0.000094 0.929737
4 4 0.000583 0.019116 0.055863 0.000575 0.923864
4 4 0.000879 0.024380 0.050221 0.000204 0.924316
4 4 0.001106 0.030864 0.037686 0.000021 0.930322
4 4 0.001806 0.038702 0.032417 0.000007 0.927068
4 4 0.001674 0.037523 0.049834 0.000082 0.910887
4 4 0.001780 0.033168 0.034354 0.000018 0.930680
4 4 0.001362 0.030277 0.026226 0.000004 0.942131
4 4 0.000600 0.018735 0.035581 0.000050 0.945034
4 4 0.000781 0.023614 0.034077 0.000022 0.941506
4 4 0.001267 0.026150 0.033482 0.000026 0.939075
4 4 0.000977 0.026646 0.033745 0.000017 0.938614
4 4 0.001542 0.027225 0.029140 0.000013 0.942080
4 4 0.000704 0.020280 0.022260 0.000003 0.956753
4 4 0.000764 0.020201 0.025752 0.000008 0.953274
4 4 0.003265 0.063658 0.023268 0.000000 0.909809
4 4 0.001924 0.040185 0.027056 0.000002 0.930832
4 4 0.001693 0.030053 0.018742 0.000001 0.949511
4 4 0.002303 0.051836 0.045054 0.000008 0.900800
4 4 0.001106 0.037818 0.054329 0.000048 0.906700
4 4 0.000965 0.029629 0.058666 0.000253 0.910486
4 4 0.001214 0.036266 0.073930 0.000419 0.888171
4 4 0.000773 0.028152 0.075270 0.000467 0.895337
2 4 0.017589 0.168096 0.412313 0.036433 0.365569
4 4 0.025762 0.152147 0.310253 0.137585 0.374253
4 4 0.019298 0.107166 0.296984 0.219145 0.357408
4 4 0.020041 0.148926 0.329611 0.097524 0.403898
2 4 0.021481 0.137866 0.351386 0.141527 0.347740
2 1 0.017941 0.135752 0.528814 0.099518 0.217976
2 1 0.021148 0.159428 0.480793 0.074776 0.263855
2 1 0.017853 0.131529 0.526577 0.105766 0.218276
2 1 0.019213 0.087988 0.408352 0.346225 0.138222
2 1 0.018551 0.107338 0.572401 0.157714 0.143997
2 1 0.001193 0.013783 0.925249 0.057164 0.002611
2 1 0.000421 0.006785 0.913319 0.077310 0.002164
2 1 0.000562 0.009679 0.916163 0.070290 0.003307
2 2 0.000968 0.014071 0.949912 0.031887 0.003162
2 2 0.000224 0.003508 0.936116 0.059581 0.000571
2 2 0.019909 0.094845 0.699663 0.141096 0.044487
2 2 0.103762 0.222535 0.598039 0.027017 0.048648
2 2 0.051920 0.208485 0.654474 0.033352 0.051769
2 2 0.237470 0.308067 0.347261 0.017271 0.089930
2 2 0.071232 0.237710 0.607246 0.031750 0.052061
2 2 0.027871 0.221919 0.576852 0.039852 0.133505
2 2 0.028366 0.191457 0.563656 0.080724 0.135797
2 2 0.035083 0.185228 0.498191 0.131901 0.149596
2 2 0.030085 0.228315 0.584018 0.033687 0.123896
2 2 0.031679 0.213495 0.531629 0.028813 0.194384
2 2 0.006921 0.156391 0.746788 0.003577 0.086322
2 2 0.004538 0.129986 0.796981 0.002993 0.065502
2 2 0.007089 0.110813 0.834737 0.009349 0.038012
2 2 0.006734 0.110058 0.816638 0.011807 0.054762
2 2 0.002227 0.066916 0.892043 0.002879 0.035934
2 2 0.000725 0.010329 0.948137 0.039316 0.001493
2 2 0.000821 0.013693 0.955273 0.027067 0.003146
2 2 0.000872 0.018529 0.963089 0.012084 0.005427
2 2 0.001430 0.020167 0.931247 0.042972 0.004184
2 2 0.000694 0.011967 0.962515 0.022819 0.002005
2 2 0.000859 0.011462 0.923696 0.062211 0.001772
2 2 0.000514 0.007169 0.928027 0.063107 0.001183
2 2 0.000775 0.008542 0.916364 0.073415 0.000905
2 2 0.001448 0.016584 0.917902 0.061635 0.002430
2 2 0.000470 0.008055 0.928472 0.061486 0.001517
2 2 0.001535 0.010554 0.713066 0.273585 0.001259
2 2 0.000953 0.005922 0.706719 0.285682 0.000724
2 2 0.001281 0.005746 0.556303 0.435854 0.000816
2 3 0.000423 0.002448 0.523955 0.472938 0.000236
2 3 0.000777 0.004280 0.570669 0.423744 0.000530
3 3 0.003869 0.012864 0.405544 0.574922 0.002800
3 3 0.003584 0.008779 0.226293 0.759131 0.002213
3 3 0.003649 0.011267 0.267925 0.714154 0.003005
3 3 0.005999 0.017358 0.297070 0.674274 0.005299
3 3 0.001944 0.005651 0.261723 0.729648 0.001034
3 3 0.002936 0.006939 0.215456 0.772986 0.001684
3 3 0.001988 0.005302 0.199858 0.791643 0.001209
3 3 0.002064 0.005427 0.242366 0.749157 0.000986
3 3 0.002768 0.007579 0.195517 0.791991 0.002146
3 3 0.003259 0.006446 0.164546 0.824019 0.001729
3 3 0.002979 0.005898 0.131333 0.857831 0.001959
3 3 0.002118 0.003294 0.106884 0.886798 0.000906
3 3 0.002886 0.005800 0.121629 0.867585 0.002100
3 3 0.002422 0.003487 0.086140 0.906751 0.001201
3 3 0.004225 0.005073 0.079997 0.908635 0.002069
3 3 0.001764 0.003230 0.083120 0.910618 0.001268
3 3 0.002080 0.003046 0.070529 0.923113 0.001232
3 3 0.003136 0.004296 0.066631 0.923824 0.002114
3 3 0.003568 0.003668 0.045252 0.945344 0.002168
3 3 0.004145 0.004972 0.074154 0.914550 0.002180
3 3 0.002250 0.002270 0.042859 0.951512 0.001109
3 3 0.002428 0.002818 0.058170 0.935393 0.001191
3 3 0.001634 0.001871 0.041174 0.954392 0.000928
3 3 0.003002 0.002513 0.045367 0.948019 0.001099
3 3 0.001869 0.001948 0.031089 0.963829 0.001265
3 3 0.002761 0.002405 0.044271 0.949484 0.001079
3 3 0.002939 0.002140 0.029579 0.964077 0.001265
3 3 0.000914 0.000932 0.033365 0.964405 0.000384
3 3 0.001985 0.001877 0.048950 0.946489 0.000699
3 3 0.001345 0.001300 0.042130 0.954746 0.000479
3 3 0.004639 0.003280 0.026333 0.963080 0.002668
3 3 0.004853 0.003219 0.026666 0.962790 0.002473
3 3 0.003895 0.002578 0.026050 0.965660 0.001816
3 3 0.003199 0.002265 0.020632 0.971918 0.001986
3 3 0.003998 0.002594 0.025699 0.965869 0.001840
3 3 0.003095 0.001774 0.019073 0.974723 0.001335
3 3 0.002520 0.001487 0.016785 0.978017 0.001191
3 3 0.003607 0.002292 0.025363 0.967204 0.001533
3 3 0.003557 0.001966 0.020703 0.972374 0.001401
3 3 0.003413 0.001997 0.020457 0.972636 0.001498
3 3 0.003701 0.002886 0.023301 0.967468 0.002644
3 3 0.003944 0.002870 0.023853 0.966869 0.002464
3 3 0.003157 0.002203 0.020372 0.972353 0.001915
3 3 0.003753 0.002271 0.021976 0.970286 0.001714
3 3 0.009558 0.006693 0.042115 0.936965 0.004669
3 3 0.020374 0.031170 0.182200 0.752520 0.013736
3 3 0.045986 0.086450 0.375861 0.466005 0.025699
3 3 0.023477 0.035157 0.238884 0.690786 0.011697
3 3 0.022862 0.042980 0.311064 0.610417 0.012678
3 3 0.021112 0.046366 0.412926 0.509190 0.010405
2 3 0.013099 0.035642 0.590846 0.355175 0.005238
2 3 0.012349 0.040366 0.671775 0.269281 0.006228
2 3 0.028237 0.088505 0.781323 0.089537 0.012397
2 3 0.011269 0.039755 0.632352 0.309616 0.007007
2 3 0.012111 0.040218 0.696289 0.245761 0.005621
2 3 0.005955 0.027536 0.781745 0.180759 0.004006
2 3 0.005101 0.021473 0.746812 0.224359 0.002255
2 3 0.016436 0.065090 0.770115 0.141774 0.006585
2 3 0.003667 0.019695 0.832169 0.142103 0.002366
2 3 0.006470 0.032254 0.760836 0.195602 0.004838
2 3 0.001082 0.006428 0.861637 0.130397 0.000455
2 2 0.001880 0.010105 0.810010 0.177016 0.000989
2 2 0.002816 0.015043 0.812573 0.167908 0.001660
2 2 0.000884 0.004950 0.843927 0.149951 0.000288
2 2 0.000702 0.005801 0.851930 0.141096 0.000470
2 2 0.003333 0.021205 0.844260 0.127480 0.003722
2 2 0.005347 0.028549 0.761734 0.199874 0.004497
2 2 0.003226 0.022485 0.881424 0.089176 0.003690
2 2 0.011236 0.065445 0.808918 0.101672 0.012730
2 2 0.011722 0.046195 0.541239 0.380398 0.020445
2 2 0.007457 0.032497 0.512187 0.427982 0.019877
2 2 0.003279 0.023888 0.669182 0.288560 0.015091
2 2 0.005112 0.027188 0.711464 0.243158 0.013077
2 2 0.007596 0.072420 0.799464 0.074930 0.045589
2 2 0.005527 0.066450 0.827801 0.052617 0.047605
4 2 0.004285 0.050717 0.135608 0.030747 0.778643
4 4 0.004772 0.076687 0.126294 0.002206 0.790041
4 4 0.001770 0.052847 0.210861 0.011495 0.723028
4 4 0.004371 0.060067 0.141706 0.012310 0.781545
4 4 0.005323 0.079817 0.168446 0.017097 0.729317
4 4 0.001065 0.032681 0.039706 0.000021 0.926527
4 4 0.000872 0.031774 0.059226 0.000068 0.908061
4 4 0.000930 0.029670 0.040624 0.000030 0.928746
4 4 0.000705 0.026658 0.056119 0.000196 0.916322
4 4 0.000969 0.027250 0.035606 0.000021 0.936153
4 4 0.000621 0.022095 0.087168 0.004461 0.885654
4 4 0.000614 0.031815 0.103839 0.000520 0.863212
4 4 0.000374 0.022938 0.075491 0.000196 0.901001
4 4 0.000517 0.026004 0.081531 0.000592 0.891356
4 4 0.000631 0.021279 0.055463 0.000397 0.922230
4 4 0.001842 0.059057 0.188584 0.003812 0.746705
4 4 0.002861 0.073012 0.152858 0.001988 0.769281
4 4 0.001830 0.049272 0.170722 0.008464 0.769713
4 4 0.001463 0.062557 0.196764 0.001117 0.738099
4 4 0.001349 0.051514 0.181694 0.002751 0.762692
4 4 0.000518 0.025482 0.082357 0.000723 0.890921
4 4 0.000551 0.021891 0.046712 0.000110 0.930736
4 4 0.000746 0.033041 0.068669 0.000067 0.897477
4 4 0.001158 0.036865 0.063340 0.000207 0.898429
4 4 0.000821 0.040469 0.102397 0.000133 0.856180
4 4 0.000315 0.023710 0.078553 0.000125 0.897297
4 4 0.000475 0.027313 0.066674 0.000046 0.905492
4 4 0.000524 0.029601 0.063563 0.000020 0.906292
4 4 0.000748 0.033757 0.085125 0.000405 0.879965
4 4 0.000461 0.023709 0.078693 0.000665 0.896473
2 4 0.015206 0.138053 0.605546 0.014961 0.226233
4 4 0.027738 0.214938 0.356966 0.012496 0.387861
1 4 0.050298 0.334066 0.307149 0.002329 0.306157
4 1 0.033371 0.235618 0.269392 0.008683 0.452935
4 1 0.017504 0.154326 0.387642 0.018452 0.422075
2 1 0.016673 0.118984 0.398096 0.164127 0.302120
4 1 0.015813 0.115010 0.335304 0.158854 0.375019
2 1 0.013926 0.108796 0.429992 0.155800 0.291486
2 1 0.015994 0.117692 0.468790 0.130168 0.267356
4 1 0.011909 0.101133 0.324063 0.160468 0.402427
2 1 0.005325 0.044652 0.846372 0.084790 0.018861
2 1 0.009660 0.092270 0.809489 0.037869 0.050713
2 1 0.007081 0.068864 0.840265 0.044783 0.039007
2 2 0.007465 0.052786 0.844624 0.075708 0.019417
2 2 0.002961 0.033544 0.812928 0.118083 0.032484
2 2 0.009841 0.137500 0.809467 0.007649 0.035543
2 2 0.003480 0.059656 0.892375 0.014074 0.030415
2 2 0.000765 0.012213 0.928330 0.053340 0.005352
2 2 0.000384 0.010394 0.978519 0.007953 0.002751
2 2 0.000465 0.011127 0.973115 0.012240 0.003053
2 2 0.002130 0.024080 0.888373 0.075208 0.010209
2 2 0.003487 0.034221 0.859906 0.088900 0.013485
2 2 0.007557 0.047512 0.808844 0.119672 0.016415
2 2 0.001413 0.013898 0.852163 0.128051 0.004475
2 2 0.002453 0.025578 0.887754 0.076065 0.008150
2 2 0.000099 0.003775 0.985231 0.009965 0.000930
2 2 0.000515 0.011763 0.967371 0.017110 0.003241
2 2 0.000151 0.005345 0.978426 0.014251 0.001827
2 2 0.000208 0.007710 0.979809 0.009565 0.002709
2 2 0.000077 0.003465 0.980282 0.014823 0.001352
2 2 0.001819 0.018741 0.940919 0.034647 0.003874
2 2 0.007735 0.043117 0.799113 0.135177 0.014857
2 2 0.012529 0.096365 0.815536 0.059452 0.016118
2 2 0.013198 0.088498 0.728309 0.131622 0.038373
2 2 0.006951 0.049246 0.832720 0.100828 0.010254
2 2 0.001804 0.016204 0.939617 0.040883 0.001492
2 2 0.002976 0.026699 0.906538 0.060120 0.003667
2 2 0.004238 0.038684 0.913675 0.038395 0.005008
2 2 0.002119 0.019339 0.922696 0.053475 0.002372
2 2 0.001298 0.013299 0.954634 0.029545 0.001225
1 0 0.260580 0.295254 0.208379 0.009349 0.226438
1 0 0.136425 0.351657 0.339261 0.015181 0.157476
2 0 0.097766 0.333392 0.380354 0.018695 0.169794
1 1 0.144011 0.344500 0.319722 0.011844 0.179923
2 1 0.086458 0.319213 0.398367 0.013205 0.182757
2 1 0.118152 0.301109 0.435247 0.016802 0.128691
2 1 0.134529 0.336055 0.343496 0.011835 0.174085
1 1 0.209555 0.354101 0.277981 0.009984 0.148379
2 1 0.053749 0.323861 0.411115 0.016746 0.194528
2 1 0.072645 0.323498 0.433129 0.017570 0.153159
2 1 0.006040 0.054137 0.816949 0.103325 0.019550
2 1 0.008170 0.052490 0.759000 0.159390 0.020951
2 1 0.004412 0.036479 0.780822 0.163692 0.014596
2 1 0.005377 0.033735 0.661702 0.288263 0.010923
2 1 0.004820 0.028565 0.789983 0.168351 0.008281
2 2 0.005944 0.044325 0.885112 0.056122 0.008496
2 2 0.018791 0.083117 0.790151 0.097355 0.010586
2 2 0.007151 0.046014 0.747876 0.188959 0.010001
2 2 0.008409 0.051608 0.834055 0.094968 0.010960
2 2 0.010522 0.053313 0.802800 0.123949 0.009417
2 2 0.002808 0.012766 0.679389 0.302665 0.002373
2 2 0.001042 0.005165 0.660390 0.332841 0.000563
2 2 0.004493 0.027262 0.836438 0.127292 0.004516
2 2 0.003007 0.014080 0.677308 0.303354 0.002251
2 2 0.001883 0.010120 0.753096 0.233818 0.001083
2 2 0.001564 0.022501 0.947625 0.022820 0.005490
2 2 0.002434 0.022511 0.892531 0.076182 0.006342
2 2 0.001651 0.018845 0.927483 0.048124 0.003898
2 2 0.003859 0.034527 0.904727 0.048848 0.008039
2 2 0.008363 0.068844 0.795563 0.102443 0.024786
2 2 0.002280 0.018190 0.788503 0.187631 0.003395
2 2 0.001278 0.014457 0.865858 0.115112 0.003296
2 2 0.000760 0.009729 0.866816 0.120808 0.001887
2 2 0.002222 0.017034 0.851241 0.126551 0.002952
2 2 0.000764 0.007516 0.887121 0.103575 0.001024
2 2 0.003821 0.032380 0.905525 0.051805 0.006470
2 2 0.002093 0.020512 0.942785 0.031909 0.002701
2 2 0.001797 0.020985 0.921318 0.051880 0.004020
2 2 0.008393 0.053561 0.832986 0.089733 0.015328
2 2 0.005394 0.052886 0.887335 0.045996 0.008390
2 3 0.003747 0.031386 0.838670 0.116371 0.009825
2 3 0.003546 0.028378 0.846097 0.114503 0.007476
2 3 0.004169 0.021120 0.670365 0.298841 0.005505
2 3 0.001183 0.012351 0.861726 0.122293 0.002447
2 3 0.001806 0.011718 0.799128 0.185346 0.002001
2 3 0.001915 0.009388 0.784982 0.202601 0.001113
2 3 0.002389 0.012855 0.841573 0.141928 0.001256
2 3 0.061645 0.172250 0.714613 0.031270 0.020222
2 3 0.007018 0.035257 0.770805 0.179102 0.007818
2 3 0.007252 0.036061 0.753732 0.193558 0.009396
2 3 0.003134 0.014220 0.590747 0.389441 0.002459
2 3 0.002944 0.011756 0.562540 0.420793 0.001967
2 3 0.000713 0.003997 0.716652 0.278300 0.000338
2 3 0.002846 0.013670 0.695308 0.285804 0.002373
3 3 0.004073 0.011966 0.407042 0.574696 0.002223
2 2 0.003380 0.023484 0.786467 0.179467 0.007201
2 2 0.002409 0.017647 0.779950 0.195359 0.004634
2 2 0.000849 0.010946 0.860924 0.122855 0.004427
2 2 0.001057 0.008818 0.794287 0.193943 0.001894
2 2 0.001664 0.014430 0.833181 0.146571 0.004154
2 2 0.002403 0.014634 0.582179 0.394349 0.006434
2 2 0.001262 0.007569 0.571919 0.417177 0.002073
2 2 0.002716 0.015855 0.562963 0.412062 0.006405
2 2 0.001495 0.009081 0.613815 0.372973 0.002635
2 2 0.002907 0.012945 0.538116 0.442871 0.003161
3 2 0.002080 0.008262 0.445213 0.542762 0.001683
2 2 0.001997 0.010565 0.521144 0.462848 0.003446
3 2 0.003322 0.010400 0.332777 0.650917 0.002584
3 2 0.002982 0.012422 0.454165 0.526712 0.003719
3 2 0.001867 0.007779 0.424643 0.563734 0.001977
3 2 0.001569 0.004539 0.284309 0.708768 0.000816
3 2 0.001092 0.004013 0.350679 0.643577 0.000639
3 2 0.000892 0.002508 0.265890 0.730364 0.000345
3 2 0.001378 0.004242 0.324206 0.669581 0.000593
3 2 0.000837 0.002264 0.237554 0.759051 0.000294
3 2 0.010938 0.022489 0.376937 0.584261 0.005375
