0 0 0.485707 0.272831 0.047134 0.000109 0.194219
0 0 0.889807 0.067747 0.017293 0.000642 0.024512
0 0 0.584601 0.182714 0.059802 0.002618 0.170265
0 0 0.943563 0.032464 0.009253 0.000803 0.013917
0 0 0.907411 0.037792 0.018741 0.008906 0.027150
0 0 0.853903 0.088075 0.014649 0.000134 0.043239
0 0 0.536961 0.154093 0.025092 0.000166 0.283688
0 0 0.414725 0.258616 0.017665 0.000005 0.308990
0 0 0.465151 0.212734 0.029823 0.000088 0.292204
0 0 0.687777 0.145081 0.017717 0.000051 0.149376
0 0 0.845568 0.099866 0.022637 0.000436 0.031493
0 0 0.667307 0.130978 0.061491 0.010746 0.129477
0 0 0.875266 0.070048 0.023766 0.002099 0.028821
0 0 0.603810 0.227345 0.036358 0.000144 0.132344
0 0 0.537689 0.254225 0.045698 0.000231 0.162157
4 0 0.290355 0.316370 0.057186 0.000040 0.336050
4 0 0.287948 0.322048 0.058133 0.000032 0.331838
4 0 0.247935 0.318211 0.055110 0.000090 0.378654
4 0 0.270893 0.296865 0.065502 0.000255 0.366485
4 0 0.224003 0.322235 0.057693 0.000005 0.396064
0 0 0.534249 0.255037 0.026553 0.000012 0.184148
4 0 0.298349 0.309632 0.042439 0.000001 0.349580
0 0 0.434857 0.253474 0.029086 0.000038 0.282545
4 0 0.300006 0.261093 0.053209 0.000341 0.385351
0 0 0.427681 0.290866 0.036674 0.000017 0.244763
4 0 0.286623 0.311026 0.032207 0.000005 0.370138
4 0 0.252911 0.293937 0.038736 0.000052 0.414365
4 0 0.289028 0.304856 0.039999 0.000003 0.366115
4 0 0.269138 0.321237 0.033023 0.000003 0.376598
4 0 0.299660 0.303037 0.030990 0.000005 0.366309
4 0 0.193514 0.323107 0.045937 0.000003 0.437439
4 0 0.109337 0.293480 0.070221 0.000000 0.526962
4 0 0.115038 0.299835 0.052501 0.000000 0.532625
4 0 0.245526 0.321086 0.044885 0.000003 0.388500
4 0 0.222087 0.325596 0.044967 0.000006 0.407343
4 0 0.234473 0.316837 0.062797 0.000002 0.385891
0 0 0.502299 0.265200 0.043524 0.000044 0.188934
4 0 0.144871 0.341993 0.112166 0.000014 0.400955
4 0 0.176097 0.322281 0.078726 0.000016 0.422880
4 0 0.138789 0.317856 0.067058 0.000008 0.476288
0 0 0.327211 0.307516 0.041424 0.000002 0.323846
0 0 0.773731 0.145221 0.014979 0.000012 0.066056
0 0 0.631734 0.212674 0.028440 0.000014 0.127137
4 0 0.109033 0.301537 0.051798 0.000001 0.537631
4 0 0.196442 0.314570 0.060784 0.000001 0.428204
4 0 0.132956 0.314638 0.062946 0.000005 0.489455
4 0 0.063035 0.271120 0.053074 0.000000 0.612771
0 0 0.376524 0.241280 0.032244 0.000037 0.349914
4 0 0.183686 0.317850 0.048269 0.000001 0.450194
0 0 0.485610 0.264416 0.043652 0.000004 0.206318
0 0 0.678191 0.189686 0.029779 0.000015 0.102328
0 0 0.788403 0.135161 0.020285 0.000029 0.056122
0 0 0.533048 0.248939 0.043906 0.000010 0.174097
0 0 0.824220 0.110426 0.025366 0.000022 0.039965
0 0 0.867080 0.087109 0.019481 0.000081 0.026250
0 0 0.903935 0.065333 0.013334 0.000025 0.017374
0 0 0.910324 0.062673 0.010994 0.000060 0.015948
0 0 0.723732 0.165193 0.033185 0.000030 0.077860
0 0 0.600851 0.214634 0.054336 0.000008 0.130172
0 1 0.595439 0.216462 0.048204 0.000002 0.139894
0 1 0.371433 0.290669 0.064407 0.000002 0.273489
1 0 0.204313 0.345722 0.188802 0.000057 0.261106
0 1 0.776325 0.128529 0.045898 0.000054 0.049194
4 1 0.304259 0.296048 0.084894 0.000001 0.314798
0 1 0.528542 0.239429 0.065989 0.000004 0.166037
0 0 0.571504 0.227264 0.049562 0.000003 0.151668
0 0 0.907253 0.063902 0.012159 0.000036 0.016651
0 0 0.866512 0.089237 0.016283 0.000050 0.027917
0 0 0.916137 0.059314 0.010036 0.000105 0.014408
0 0 0.923679 0.054682 0.008669 0.000070 0.012901
0 0 0.777910 0.137088 0.027321 0.000019 0.057662
0 0 0.855001 0.095592 0.017033 0.000016 0.032359
0 0 0.695130 0.177185 0.037724 0.000015 0.089946
0 0 0.761893 0.149627 0.021354 0.000023 0.067104
0 0 0.807197 0.126210 0.015988 0.000027 0.050578
0 0 0.885557 0.079399 0.011728 0.000063 0.023253
4 0 0.230588 0.318516 0.064973 0.000004 0.385920
4 0 0.256810 0.321868 0.055358 0.000008 0.365955
0 0 0.856209 0.098033 0.012548 0.000040 0.033170
0 0 0.922081 0.055153 0.009886 0.000129 0.012751
0 0 0.897666 0.071244 0.009628 0.000004 0.021458
0 0 0.420225 0.285389 0.039308 0.000002 0.255076
4 0 0.131561 0.307329 0.052679 0.000001 0.508431
0 0 0.631455 0.200726 0.025639 0.000047 0.142134
0 0 0.732015 0.166762 0.018432 0.000015 0.082777
0 0 0.706385 0.176591 0.025654 0.000011 0.091359
0 0 0.725278 0.167749 0.026340 0.000030 0.080603
0 0 0.554562 0.238755 0.049899 0.000016 0.156768
0 0 0.773162 0.141316 0.025139 0.000025 0.060359
0 0 0.816221 0.118895 0.019447 0.000027 0.045410
0 0 0.835003 0.110668 0.013980 0.000041 0.040307
0 0 0.828362 0.112945 0.017068 0.000034 0.041591
0 0 0.686104 0.184827 0.031215 0.000014 0.097841
0 0 0.760491 0.148790 0.024633 0.000024 0.066061
4 0 0.198990 0.315114 0.074503 0.000002 0.411391
0 0 0.925916 0.051968 0.008263 0.000081 0.013773
0 0 0.957811 0.032282 0.003839 0.000019 0.006050
0 0 0.802870 0.126541 0.018453 0.000010 0.052125
0 0 0.889707 0.077043 0.009656 0.000011 0.023582
0 0 0.926540 0.053040 0.007984 0.000063 0.012373
0 0 0.895852 0.072268 0.011616 0.000043 0.020221
0 0 0.912732 0.060939 0.011208 0.000093 0.015028
0 0 0.897071 0.071257 0.012053 0.000057 0.019562
0 0 0.673335 0.188015 0.036325 0.000008 0.102317
0 0 0.797000 0.129148 0.020815 0.000015 0.053023
0 0 0.851435 0.101585 0.009946 0.000011 0.037023
0 0 0.935626 0.048136 0.004760 0.000011 0.011467
0 0 0.965272 0.025256 0.003640 0.000040 0.005792
0 0 0.957750 0.032403 0.003235 0.000004 0.006608
0 0 0.970400 0.022039 0.002652 0.000018 0.004891
0 0 0.943987 0.039289 0.003971 0.000012 0.012740
0 0 0.356929 0.290686 0.034871 0.000000 0.317514
4 0 0.121856 0.305360 0.048596 0.000001 0.524187
0 0 0.549921 0.245757 0.025884 0.000004 0.178435
0 0 0.826402 0.116523 0.010512 0.000010 0.046553
0 0 0.636348 0.206282 0.038979 0.000016 0.118375
4 0 0.188190 0.308836 0.083867 0.000001 0.419106
0 0 0.621756 0.212578 0.038143 0.000010 0.127513
0 0 0.567525 0.232815 0.049936 0.000014 0.149711
0 0 0.646185 0.202559 0.035905 0.000013 0.115338
0 0 0.742132 0.156999 0.022637 0.000003 0.078228
0 0 0.629819 0.209695 0.029657 0.000003 0.130826
0 0 0.535888 0.249591 0.028906 0.000003 0.185612
4 1 0.118844 0.298460 0.054151 0.000000 0.528545
4 1 0.016731 0.181787 0.030133 0.000000 0.771349
4 0 0.001405 0.088941 0.021008 0.000000 0.888645
4 1 0.006924 0.136224 0.030562 0.000000 0.826289
4 2 0.001341 0.083301 0.026524 0.000000 0.888834
4 2 0.001095 0.079429 0.019273 0.000000 0.900203
4 2 0.000450 0.061612 0.024447 0.000000 0.913491
4 2 0.020534 0.264626 0.180924 0.000006 0.533910
4 0 0.049354 0.257015 0.056868 0.000000 0.636762
0 0 0.792468 0.131623 0.015647 0.000001 0.060260
0 0 0.887422 0.078289 0.009525 0.000006 0.024758
0 0 0.674485 0.190510 0.026043 0.000003 0.108959
4 4 0.198263 0.305154 0.075290 0.000000 0.421292
4 4 0.013339 0.224302 0.111669 0.000000 0.650689
4 4 0.009685 0.187356 0.094923 0.000000 0.708036
4 4 0.004736 0.156560 0.090559 0.000000 0.748145
4 2 0.005158 0.203329 0.313416 0.000001 0.478096
2 2 0.002946 0.161332 0.573649 0.000003 0.262070
2 2 0.001550 0.106130 0.779416 0.000369 0.112535
2 2 0.000453 0.063475 0.857444 0.000005 0.078623
2 2 0.001622 0.113776 0.751874 0.000048 0.132681
2 2 0.000901 0.091127 0.800615 0.000174 0.107183
2 2 0.000276 0.063447 0.831276 0.000019 0.104981
2 2 0.000430 0.057621 0.894397 0.000171 0.047381
2 2 0.000152 0.035915 0.936574 0.000089 0.027270
2 2 0.000085 0.045534 0.867004 0.000004 0.087374
2 2 0.000946 0.062732 0.884985 0.002014 0.049323
2 2 0.000421 0.052896 0.906074 0.000195 0.040414
2 2 0.002368 0.113826 0.801018 0.001217 0.081571
2 2 0.000928 0.058677 0.901140 0.001617 0.037638
2 2 0.001959 0.086409 0.846873 0.003562 0.061197
2 2 0.000549 0.040141 0.930089 0.002806 0.026415
2 2 0.000589 0.033620 0.950053 0.003051 0.012687
2 2 0.002632 0.068717 0.866067 0.027975 0.034610
2 2 0.002461 0.054727 0.887673 0.034192 0.020947
0 2 0.650101 0.180431 0.087124 0.000551 0.081793
2 2 0.051005 0.251008 0.573275 0.000638 0.124074
2 2 0.022806 0.214056 0.655866 0.000469 0.106804
2 2 0.003959 0.088806 0.867129 0.001221 0.038885
2 2 0.013457 0.159715 0.754347 0.000357 0.072125
2 2 0.005081 0.080571 0.878043 0.011239 0.025065
2 2 0.006064 0.090382 0.872236 0.001841 0.029476
2 2 0.014457 0.057647 0.761548 0.156558 0.009789
2 2 0.021596 0.070164 0.833318 0.064979 0.009944
2 2 0.041756 0.101798 0.754153 0.084587 0.017706
2 2 0.006838 0.049459 0.659194 0.270057 0.014454
2 3 0.001654 0.013759 0.681060 0.301772 0.001756
2 0 0.015145 0.155644 0.674516 0.067640 0.087055
1 0 0.267972 0.325922 0.219856 0.000651 0.185599
0 0 0.451480 0.280292 0.109456 0.000096 0.158675
0 1 0.815347 0.113873 0.030774 0.000094 0.039913
1 1 0.072794 0.345242 0.289116 0.000019 0.292828
4 1 0.013459 0.234274 0.132049 0.000000 0.620218
4 1 0.012450 0.222008 0.161710 0.000000 0.603833
4 1 0.005394 0.198289 0.213710 0.000001 0.582606
4 2 0.000974 0.139737 0.278113 0.000003 0.581173
4 2 0.000933 0.129112 0.425235 0.000000 0.444719
2 2 0.000034 0.032017 0.894724 0.000002 0.073223
2 2 0.000235 0.074634 0.756536 0.000012 0.168584
2 2 0.000178 0.076525 0.688760 0.000000 0.234538
2 2 0.000109 0.063165 0.753230 0.000003 0.183493
2 2 0.000047 0.042119 0.825002 0.000001 0.132831
2 2 0.000555 0.041055 0.940561 0.000902 0.016927
2 2 0.000643 0.037907 0.938892 0.004763 0.017795
2 2 0.000579 0.042388 0.934357 0.001953 0.020722
2 2 0.002309 0.062753 0.885714 0.019130 0.030093
2 2 0.001509 0.062166 0.877027 0.013851 0.045447
2 2 0.000643 0.025494 0.930272 0.034085 0.009507
2 2 0.000715 0.025976 0.912827 0.051016 0.009466
2 2 0.000777 0.022340 0.905643 0.064732 0.006509
2 3 0.001698 0.036585 0.914326 0.037189 0.010202
2 3 0.001240 0.025495 0.857692 0.109327 0.006245
2 3 0.000612 0.007654 0.640206 0.350560 0.000968
2 3 0.002012 0.020212 0.538895 0.432783 0.006099
2 3 0.000978 0.009791 0.539022 0.448599 0.001609
3 3 0.000938 0.009331 0.475727 0.512246 0.001757
2 3 0.001381 0.011831 0.595470 0.389659 0.001660
3 3 0.001390 0.007456 0.278754 0.711374 0.001027
2 3 0.001813 0.023205 0.665923 0.302954 0.006106
2 3 0.001755 0.020382 0.642490 0.329879 0.005495
2 3 0.001002 0.010450 0.558722 0.427951 0.001875
2 3 0.001270 0.018361 0.754389 0.221920 0.004061
3 3 0.000256 0.001997 0.279501 0.718087 0.000160
3 3 0.002066 0.010967 0.258557 0.725959 0.002451
3 3 0.000583 0.004529 0.391557 0.602881 0.000450
3 3 0.000396 0.002928 0.307703 0.688674 0.000299
3 3 0.000475 0.003414 0.295498 0.700213 0.000401
3 3 0.000797 0.002551 0.060505 0.935592 0.000554
3 3 0.000176 0.001015 0.091832 0.906860 0.000117
3 3 0.000207 0.001361 0.147139 0.851163 0.000130
3 3 0.000095 0.000644 0.081043 0.918159 0.000059
3 3 0.000185 0.001241 0.137162 0.861302 0.000110
3 3 0.001656 0.005005 0.096124 0.896027 0.001189
3 3 0.000522 0.002598 0.150213 0.846330 0.000337
3 3 0.001090 0.003522 0.087784 0.906856 0.000748
3 2 0.006029 0.014275 0.144333 0.831812 0.003551
2 2 0.003302 0.021221 0.529721 0.442201 0.003555
2 3 0.004800 0.055365 0.812099 0.111616 0.016120
2 3 0.005086 0.050796 0.713590 0.213810 0.016718
2 3 0.006557 0.066674 0.728607 0.173592 0.024570
2 3 0.007995 0.078202 0.647527 0.225733 0.040543
2 3 0.004695 0.057609 0.736943 0.177490 0.023262
3 3 0.000567 0.004497 0.313904 0.680332 0.000700
3 3 0.001161 0.009104 0.347318 0.640441 0.001976
3 3 0.000472 0.004107 0.293716 0.701057 0.000647
3 3 0.000481 0.004035 0.360670 0.634375 0.000440
3 3 0.000400 0.002703 0.233533 0.763041 0.000321
3 3 0.000186 0.001423 0.198610 0.799668 0.000113
3 3 0.000365 0.001995 0.144626 0.852777 0.000237
3 3 0.000648 0.002974 0.132052 0.863837 0.000489
3 3 0.000252 0.001518 0.121461 0.876548 0.000222
3 3 0.000341 0.001634 0.090815 0.907005 0.000206
3 3 0.000349 0.001237 0.041614 0.956569 0.000230
3 3 0.000543 0.001536 0.034138 0.963390 0.000392
3 3 0.000320 0.001390 0.067969 0.930113 0.000208
3 3 0.000123 0.000668 0.055864 0.943268 0.000078
3 3 0.000427 0.001541 0.052936 0.944809 0.000288
3 3 0.000252 0.001067 0.052284 0.946229 0.000168
3 3 0.000731 0.002435 0.066970 0.929372 0.000493
3 3 0.000952 0.002858 0.064072 0.931453 0.000664
3 3 0.000449 0.001738 0.068817 0.928681 0.000315
3 3 0.001596 0.003661 0.048865 0.944686 0.001193
3 3 0.000161 0.000695 0.037707 0.961328 0.000108
3 3 0.000331 0.001004 0.026470 0.971966 0.000229
3 3 0.000329 0.001106 0.032416 0.965951 0.000198
3 3 0.000632 0.001640 0.031407 0.965842 0.000479
3 3 0.000478 0.001337 0.029703 0.968134 0.000347
3 3 0.000176 0.000672 0.026907 0.972138 0.000106
3 3 0.000099 0.000454 0.026901 0.972489 0.000057
3 3 0.000119 0.000602 0.046672 0.952522 0.000084
3 3 0.000302 0.001135 0.043109 0.955258 0.000196
3 3 0.000166 0.000564 0.019875 0.979283 0.000112
3 3 0.000129 0.000656 0.047404 0.951732 0.000080
3 3 0.000403 0.001173 0.028189 0.969950 0.000285
3 3 0.000172 0.000626 0.023344 0.975755 0.000105
3 3 0.000223 0.000775 0.025832 0.973033 0.000137
3 3 0.000189 0.000795 0.042096 0.956783 0.000137
3 3 0.000425 0.001307 0.032659 0.965335 0.000275
3 3 0.000401 0.001121 0.025934 0.972243 0.000301
3 3 0.000185 0.000697 0.029306 0.969685 0.000127
3 3 0.000124 0.000476 0.020349 0.978977 0.000075
3 3 0.000345 0.000957 0.022869 0.975559 0.000269
3 3 0.001604 0.003549 0.045683 0.947902 0.001262
3 3 0.001220 0.002600 0.034693 0.960416 0.001071
3 2 0.001132 0.002530 0.036055 0.959341 0.000942
3 2 0.022809 0.039983 0.278614 0.650242 0.008353
0 2 0.390771 0.205138 0.331053 0.043535 0.029503
2 3 0.011392 0.243301 0.457978 0.001269 0.286059
2 2 0.002622 0.106009 0.802595 0.001959 0.086814
2 2 0.004581 0.189443 0.512895 0.000138 0.292942
2 2 0.001500 0.126694 0.645795 0.000125 0.225886
2 2 0.001633 0.139215 0.633675 0.000161 0.225315
2 2 0.000238 0.079317 0.739394 0.000012 0.181039
2 2 0.000299 0.090221 0.705768 0.000015 0.203697
2 2 0.000438 0.085841 0.770503 0.000041 0.143177
2 2 0.000304 0.085464 0.719083 0.000015 0.195135
2 4 0.000202 0.064091 0.833050 0.000021 0.102636
4 4 0.000426 0.059520 0.017504 0.000000 0.922550
4 4 0.000438 0.059019 0.015955 0.000000 0.924588
4 4 0.000196 0.047676 0.016904 0.000000 0.935224
4 4 0.001087 0.081630 0.024972 0.000000 0.892310
4 2 0.000239 0.049807 0.017783 0.000000 0.932171
4 0 0.000527 0.060429 0.016073 0.000000 0.922971
4 0 0.003589 0.117769 0.027093 0.000000 0.851550
4 4 0.003241 0.114323 0.022661 0.000000 0.859775
4 4 0.000857 0.070817 0.015002 0.000000 0.913324
4 4 0.001247 0.085126 0.024872 0.000000 0.888754
4 4 0.002382 0.098837 0.015620 0.000000 0.883161
4 4 0.002834 0.106718 0.017918 0.000000 0.872531
4 4 0.000673 0.066989 0.014412 0.000000 0.917926
4 4 0.001047 0.076895 0.016170 0.000000 0.905889
4 0 0.001318 0.079932 0.011407 0.000000 0.907342
4 0 0.067339 0.259925 0.053657 0.000000 0.619080
4 1 0.043256 0.238154 0.050298 0.000000 0.668292
4 1 0.002243 0.116447 0.041526 0.000000 0.839784
4 1 0.001367 0.137862 0.166985 0.000000 0.693786
4 2 0.001117 0.106747 0.081794 0.000000 0.810341
2 2 0.000455 0.106249 0.561985 0.000002 0.331308
4 2 0.000651 0.127292 0.296039 0.000000 0.576018
2 2 0.000231 0.092974 0.485494 0.000000 0.421301
4 2 0.000115 0.076482 0.418072 0.000000 0.505332
4 2 0.000161 0.085679 0.319458 0.000000 0.594701
4 2 0.000733 0.121353 0.155010 0.000000 0.722903
2 2 0.000581 0.115955 0.465889 0.000000 0.417574
4 2 0.001314 0.140031 0.229360 0.000000 0.629295
4 2 0.000509 0.114715 0.329017 0.000001 0.555758
4 2 0.000712 0.113274 0.202350 0.000000 0.683664
4 -1 0.007310 0.232316 0.358761 0.000050 0.401562
4 1 0.014301 0.265059 0.306830 0.000003 0.413807
4 0 0.082155 0.293341 0.092978 0.000000 0.531525
4 0 0.167701 0.308075 0.074838 0.000001 0.449386
0 0 0.554821 0.243443 0.043567 0.000040 0.158130
4 0 0.258460 0.310442 0.041583 0.000000 0.389515
4 1 0.021906 0.196075 0.035542 0.000000 0.746476
4 1 0.005533 0.137320 0.028703 0.000000 0.828443
4 2 0.003258 0.122629 0.037905 0.000000 0.836209
4 0 0.004573 0.134090 0.041567 0.000000 0.819770
4 0 0.122697 0.302350 0.101746 0.000003 0.473203
0 0 0.799873 0.124183 0.029242 0.000071 0.046631
0 1 0.473952 0.263239 0.061443 0.000005 0.201360
4 1 0.126433 0.298216 0.063960 0.000000 0.511391
4 2 0.096577 0.287267 0.076587 0.000000 0.539569
2 1 0.034719 0.274492 0.458483 0.000006 0.232300
2 1 0.032325 0.272869 0.421842 0.000004 0.272960
2 2 0.025861 0.216901 0.655472 0.000068 0.101699
2 2 0.018067 0.231199 0.517695 0.000002 0.233037
2 0 0.028454 0.256673 0.492021 0.000001 0.222852
0 0 0.872801 0.082547 0.020895 0.000129 0.023627
0 0 0.694292 0.176471 0.040728 0.000018 0.088490
4 0 0.257903 0.311883 0.068020 0.000002 0.362192
0 0 0.823190 0.116728 0.016504 0.000047 0.043531
0 0 0.905388 0.066780 0.009430 0.000021 0.018381
0 0 0.530163 0.250425 0.030387 0.000002 0.189024
0 0 0.549950 0.242595 0.028249 0.000001 0.179205
4 0 0.053728 0.250061 0.044556 0.000000 0.651656
4 0 0.027945 0.217722 0.040257 0.000000 0.714077
4 0 0.112041 0.303011 0.057479 0.000002 0.527468
4 1 0.034389 0.302240 0.198212 0.000000 0.465158
4 1 0.002691 0.172854 0.247924 0.000000 0.576531
4 1 0.001361 0.137751 0.167022 0.000000 0.693867
4 2 0.000870 0.130965 0.339527 0.000000 0.528638
2 2 0.000243 0.092185 0.475068 0.000000 0.432503
2 2 0.000034 0.037785 0.827660 0.000000 0.134521
2 1 0.000377 0.093982 0.678789 0.000017 0.226835
2 2 0.000477 0.093192 0.672051 0.000020 0.234259
2 2 0.000163 0.057529 0.822717 0.000010 0.119581
2 1 0.000159 0.072861 0.680767 0.000003 0.246210
2 1 0.000455 0.067917 0.849462 0.000084 0.082082
2 1 0.000438 0.069074 0.847534 0.000009 0.082945
2 1 0.021938 0.246686 0.502207 0.000017 0.229151
2 1 0.000658 0.073703 0.845022 0.000042 0.080576
2 2 0.000581 0.065821 0.863726 0.000053 0.069819
2 2 0.000196 0.060766 0.814796 0.000006 0.124235
2 2 0.000428 0.076845 0.791308 0.000010 0.131411
2 2 0.000142 0.046123 0.877876 0.000014 0.075844
2 2 0.000053 0.033882 0.904505 0.000004 0.061556
2 2 0.000202 0.058930 0.828498 0.000015 0.112355
2 2 0.003828 0.150094 0.702909 0.000345 0.142824
2 0 0.006840 0.165869 0.699304 0.000217 0.127770
2 0 0.047628 0.245916 0.563140 0.000167 0.143148
0 0 0.648643 0.198323 0.049174 0.000078 0.103781
0 0 0.520650 0.246309 0.084613 0.000014 0.148413
0 1 0.849510 0.096035 0.024179 0.000119 0.030158
0 1 0.525460 0.249603 0.082479 0.000073 0.142385
0 1 0.494774 0.257671 0.070428 0.000048 0.177079
0 2 0.385573 0.303705 0.128738 0.000055 0.181929
1 0 0.168890 0.337865 0.225108 0.000015 0.268122
0 1 0.547113 0.233126 0.070697 0.000017 0.149047
0 0 0.428865 0.283014 0.092723 0.000040 0.195358
0 1 0.786839 0.119744 0.052744 0.001067 0.039606
0 1 0.614515 0.209125 0.059565 0.000043 0.116752
0 2 0.322393 0.308853 0.124063 0.000024 0.244666
0 2 0.339432 0.299265 0.163118 0.000010 0.198175
1 2 0.254228 0.313357 0.284961 0.000077 0.147377
1 2 0.260087 0.333237 0.232435 0.000178 0.174064
0 1 0.352943 0.310712 0.143944 0.000039 0.192361
1 2 0.296516 0.321740 0.149395 0.000027 0.232322
2 1 0.237744 0.307244 0.313409 0.000191 0.141412
1 2 0.178957 0.324289 0.308160 0.000037 0.188557
1 2 0.215749 0.336253 0.229968 0.000034 0.217996
0 0 0.362223 0.236661 0.332824 0.000348 0.067942
0 0 0.782377 0.127446 0.043851 0.000283 0.046043
0 0 0.487069 0.262488 0.029083 0.000001 0.221360
4 0 0.095065 0.287214 0.046349 0.000000 0.571372
0 0 0.633400 0.210737 0.021176 0.000002 0.134685
4 0 0.094736 0.279339 0.037481 0.000000 0.588444
4 1 0.091922 0.288436 0.047910 0.000000 0.571731
2 2 0.002057 0.160031 0.449993 0.000009 0.387910
2 2 0.000455 0.075723 0.818581 0.000063 0.105179
2 2 0.000507 0.091143 0.726857 0.000007 0.181486
2 2 0.000130 0.054633 0.824360 0.000007 0.120870
2 1 0.003637 0.180240 0.489612 0.000017 0.326493
2 1 0.001357 0.109584 0.743462 0.000009 0.145588
2 1 0.000736 0.109578 0.647448 0.000014 0.242224
2 2 0.000542 0.100784 0.657132 0.000003 0.241539
2 2 0.000413 0.071735 0.821194 0.000042 0.106616
2 1 0.000537 0.082450 0.777279 0.000005 0.139728
2 1 0.000938 0.088728 0.814254 0.000172 0.095909
2 1 0.001734 0.099858 0.809027 0.000212 0.089170
2 1 0.000615 0.068646 0.862568 0.000018 0.068153
2 1 0.030443 0.275282 0.386450 0.000001 0.307824
2 1 0.001108 0.073516 0.867009 0.000493 0.057873
2 1 0.000419 0.073422 0.805932 0.000026 0.120201
2 1 0.000112 0.042983 0.881992 0.000010 0.074903
2 2 0.000470 0.068717 0.845558 0.000083 0.085172
2 2 0.000333 0.047506 0.915470 0.000153 0.036538
2 2 0.000153 0.035955 0.926325 0.000038 0.037530
2 2 0.000158 0.034264 0.938683 0.000071 0.026824
2 2 0.000580 0.088533 0.777672 0.000068 0.133148
2 2 0.000545 0.073809 0.846201 0.000125 0.079320
2 2 0.001493 0.112501 0.762476 0.000363 0.123167
2 2 0.000586 0.073469 0.852774 0.000201 0.072969
2 2 0.000415 0.058126 0.883844 0.000115 0.057500
2 2 0.001452 0.103642 0.801656 0.000478 0.092772
2 2 0.000647 0.060073 0.892211 0.000519 0.046550
2 2 0.000816 0.076710 0.848804 0.000241 0.073429
2 2 0.000291 0.042832 0.922902 0.000128 0.033846
2 2 0.000395 0.064602 0.859488 0.000078 0.075437
2 2 0.000874 0.082623 0.835270 0.000140 0.081093
2 2 0.004082 0.181384 0.563820 0.000751 0.249963
2 2 0.002082 0.118364 0.762229 0.000569 0.116756
2 0 0.004169 0.153108 0.647293 0.003149 0.192281
2 0 0.362091 0.211485 0.365797 0.019151 0.041476
0 0 0.496349 0.260026 0.161964 0.002370 0.079291
0 4 0.595674 0.217808 0.064904 0.000044 0.121570
0 2 0.426136 0.293555 0.164423 0.000853 0.115034
2 0 0.059225 0.205478 0.670914 0.001761 0.062621
0 0 0.830475 0.105957 0.027601 0.000069 0.035897
0 0 0.914927 0.059480 0.011233 0.000165 0.014195
0 1 0.558905 0.233933 0.051964 0.000007 0.155190
0 1 0.313005 0.300777 0.075631 0.000002 0.310586
0 2 0.332004 0.296335 0.068200 0.000001 0.303460
2 2 0.147379 0.290504 0.419035 0.000049 0.143033
1 2 0.246508 0.331258 0.207567 0.000016 0.214651
2 2 0.152888 0.292910 0.417101 0.000032 0.137069
1 2 0.227009 0.328073 0.225405 0.000009 0.219504
1 2 0.219286 0.330510 0.260934 0.000083 0.189186
2 2 0.206402 0.245107 0.489392 0.001811 0.057288
0 2 0.369840 0.274757 0.255191 0.000475 0.099736
0 2 0.424456 0.287628 0.122612 0.000039 0.165265
0 2 0.397099 0.275276 0.213824 0.000233 0.113568
2 2 0.219976 0.287491 0.397751 0.000366 0.094416
2 2 0.249358 0.251695 0.432977 0.000579 0.065392
1 2 0.266643 0.322240 0.243412 0.000054 0.167651
2 2 0.217022 0.309966 0.348709 0.000201 0.124102
2 2 0.121967 0.217502 0.608411 0.003033 0.049087
2 2 0.113162 0.203825 0.632792 0.000480 0.049741
0 2 0.315404 0.303625 0.211021 0.000017 0.169933
2 2 0.065819 0.240443 0.608360 0.000461 0.084918
2 2 0.087646 0.292050 0.482584 0.000075 0.137644
2 2 0.063839 0.222614 0.648341 0.000561 0.064644
2 2 0.048999 0.189209 0.704811 0.000750 0.056230
2 2 0.065407 0.244892 0.594453 0.000160 0.095088
2 2 0.049371 0.247885 0.578762 0.000050 0.123932
2 2 0.118653 0.306218 0.425021 0.000053 0.150055
2 2 0.052471 0.223604 0.644753 0.000787 0.078386
2 2 0.046924 0.249011 0.599710 0.000671 0.103684
2 2 0.050709 0.197954 0.684897 0.004680 0.061759
2 2 0.083514 0.230018 0.622376 0.001493 0.062600
2 2 0.003213 0.049084 0.903827 0.032282 0.011594
2 2 0.010452 0.101887 0.846113 0.013183 0.028366
2 2 0.011134 0.111704 0.841267 0.002417 0.033479
2 2 0.006831 0.081274 0.889034 0.001869 0.020992
2 2 0.026589 0.204507 0.645779 0.015444 0.107681
2 2 0.021221 0.147725 0.778886 0.007631 0.044538
2 2 0.005889 0.072050 0.874592 0.027499 0.019971
2 2 0.017576 0.127534 0.816940 0.003348 0.034603
2 2 0.036170 0.285763 0.451504 0.000106 0.226458
2 2 0.033940 0.267335 0.525578 0.000330 0.172818
0 0 0.500395 0.258451 0.113458 0.000638 0.127058
0 0 0.507921 0.251924 0.093150 0.000105 0.146900
0 0 0.463658 0.281261 0.104436 0.000313 0.150332
0 0 0.904929 0.056884 0.013460 0.000464 0.024263
0 0 0.567091 0.237791 0.029441 0.000053 0.165625
0 0 0.742159 0.162379 0.018848 0.000037 0.076577
0 0 0.820823 0.119189 0.014203 0.000036 0.045748
0 0 0.942871 0.040624 0.006833 0.000090 0.009583
0 0 0.696473 0.184427 0.023270 0.000031 0.095799
0 0 0.692953 0.185072 0.025717 0.000029 0.096230
0 0 0.711129 0.176408 0.024496 0.000035 0.087931
0 0 0.829530 0.113568 0.015474 0.000061 0.041368
0 0 0.833948 0.109307 0.019342 0.000169 0.037233
0 0 0.963660 0.026253 0.003899 0.000046 0.006142
0 0 0.941635 0.041986 0.006823 0.000078 0.009478
0 0 0.935087 0.047073 0.007573 0.000077 0.010190
0 0 0.937222 0.045305 0.007369 0.000080 0.010024
0 0 0.940422 0.043671 0.006679 0.000061 0.009167
0 0 0.944023 0.041418 0.005875 0.000032 0.008651
0 0 0.938067 0.046077 0.005426 0.000022 0.010407
0 0 0.878133 0.083623 0.011013 0.000007 0.027224
0 0 0.916176 0.059857 0.008224 0.000014 0.015729
0 0 0.526587 0.252571 0.023238 0.000001 0.197603
0 0 0.562156 0.241643 0.024190 0.000004 0.172007
0 0 0.467690 0.274429 0.030215 0.000003 0.227662
0 0 0.526138 0.255992 0.023367 0.000004 0.194499
0 0 0.567188 0.239197 0.023355 0.000003 0.170257
0 0 0.704049 0.182081 0.016878 0.000015 0.096977
0 0 0.636746 0.209217 0.024231 0.000004 0.129803
0 0 0.418584 0.285926 0.046607 0.000004 0.248879
4 0 0.237113 0.314139 0.054397 0.000001 0.394350
4 0 0.148848 0.308359 0.055664 0.000000 0.487129
4 0 0.222263 0.317868 0.066380 0.000003 0.393486
0 0 0.407469 0.290137 0.032804 0.000002 0.269588
0 0 0.662496 0.199053 0.018193 0.000003 0.120255
4 0 0.214149 0.315002 0.041368 0.000000 0.429481
4 0 0.163167 0.309616 0.039620 0.000000 0.487597
4 0 0.038489 0.234446 0.042527 0.000000 0.684538
4 4 0.039809 0.222851 0.031381 0.000000 0.705958
4 4 0.008239 0.146181 0.018813 0.000000 0.826767
4 4 0.016163 0.188362 0.021864 0.000000 0.773611
4 4 0.003607 0.114299 0.014185 0.000000 0.867908
4 4 0.027034 0.171098 0.020090 0.000000 0.781778
4 4 0.015140 0.191463 0.030623 0.000000 0.762774
4 4 0.019051 0.193304 0.029013 0.000000 0.758631
4 4 0.029356 0.214738 0.025853 0.000000 0.730053
4 4 0.032487 0.223950 0.028920 0.000000 0.714643
4 0 0.043965 0.245959 0.029709 0.000000 0.680368
4 0 0.283683 0.301908 0.040974 0.000000 0.373435
4 4 0.048148 0.244305 0.033453 0.000000 0.674095
4 4 0.037334 0.226820 0.036035 0.000000 0.699811
4 4 0.032813 0.229224 0.037038 0.000000 0.700925
4 4 0.025799 0.211608 0.032420 0.000000 0.730173
4 4 0.102981 0.270295 0.030094 0.000006 0.596624
4 4 0.063366 0.208768 0.028401 0.000004 0.699461
4 4 0.048120 0.247304 0.057378 0.000000 0.647197
4 4 0.027908 0.226494 0.040865 0.000000 0.704733
4 0 0.035936 0.228598 0.041770 0.000000 0.693696
4 4 0.090963 0.266586 0.053064 0.000000 0.589387
4 0 0.007613 0.145113 0.023474 0.000000 0.823799
4 4 0.090321 0.264656 0.024969 0.000000 0.620054
4 0 0.004686 0.121063 0.022355 0.000000 0.851896
4 0 0.041709 0.220840 0.028636 0.000000 0.708816
0 0 0.938619 0.044827 0.006977 0.000066 0.009511
0 0 0.836586 0.106625 0.019419 0.000043 0.037327
0 0 0.843912 0.103882 0.015936 0.000036 0.036234
0 0 0.766967 0.145858 0.021740 0.000013 0.065422
0 0 0.888537 0.077122 0.011660 0.000033 0.022648
0 0 0.829364 0.111112 0.020363 0.000081 0.039080
0 0 0.761928 0.147175 0.024368 0.000011 0.066518
0 0 0.778936 0.136549 0.027476 0.000021 0.057017
0 1 0.642417 0.200925 0.042397 0.000010 0.114251
0 1 0.454041 0.272055 0.042093 0.000001 0.231809
4 1 0.173422 0.308425 0.076215 0.000001 0.441938
4 1 0.301480 0.295066 0.082900 0.000000 0.320554
4 1 0.133167 0.301994 0.080390 0.000001 0.484448
4 1 0.138364 0.309572 0.102128 0.000002 0.449933
4 2 0.154566 0.315848 0.088418 0.000005 0.441163
4 2 0.088589 0.321243 0.217763 0.000002 0.372403
1 2 0.090120 0.348411 0.249481 0.000027 0.311961
4 2 0.072026 0.328454 0.249361 0.000020 0.350139
4 2 0.181052 0.307605 0.092809 0.000001 0.418533
4 2 0.057183 0.312324 0.196539 0.000002 0.433953
4 2 0.099068 0.334395 0.185251 0.000003 0.381283
4 2 0.214152 0.322777 0.125372 0.000001 0.337698
4 2 0.092031 0.319577 0.183061 0.000001 0.405331
2 2 0.019415 0.213670 0.608425 0.000017 0.158474
2 2 0.088266 0.316615 0.350275 0.000021 0.244823
0 0 0.317794 0.303318 0.065335 0.000002 0.313552
0 0 0.931173 0.049635 0.008081 0.000083 0.011028
0 0 0.854156 0.098082 0.015468 0.000078 0.032215
0 0 0.835979 0.109107 0.016828 0.000098 0.037989
0 1 0.833670 0.108972 0.018956 0.000059 0.038343
4 1 0.027773 0.206176 0.038245 0.000000 0.727806
4 1 0.035916 0.231121 0.034863 0.000000 0.698099
4 1 0.028979 0.215702 0.046417 0.000000 0.708902
4 1 0.020657 0.202701 0.053241 0.000000 0.723401
4 1 0.003125 0.115691 0.039636 0.000000 0.841548
4 1 0.003811 0.166055 0.135342 0.000000 0.694792
4 4 0.001199 0.124159 0.138895 0.000000 0.735747
4 4 0.001278 0.138725 0.287831 0.000000 0.572165
4 2 0.001809 0.146007 0.220087 0.000000 0.632098
4 4 0.001264 0.141147 0.334107 0.000000 0.523483
4 0 0.020401 0.229859 0.117145 0.000001 0.632594
0 1 0.554026 0.243803 0.029040 0.000005 0.173127
4 1 0.036694 0.233565 0.051369 0.000000 0.678372
4 1 0.004628 0.176263 0.144864 0.000000 0.674245
4 2 0.008536 0.164105 0.079666 0.000000 0.747692
2 2 0.001284 0.136977 0.514139 0.000000 0.347600
2 2 0.000179 0.067969 0.737951 0.000004 0.193898
2 2 0.000227 0.061497 0.829937 0.000013 0.108326
2 2 0.000439 0.077995 0.779537 0.000000 0.142028
2 2 0.000226 0.065687 0.792216 0.000011 0.141860
2 2 0.000165 0.048612 0.876135 0.000019 0.075070
2 2 0.001193 0.121767 0.674579 0.000113 0.202348
2 2 0.000175 0.059784 0.816505 0.000011 0.123525
2 2 0.000455 0.086303 0.728722 0.000002 0.184519
2 2 0.000505 0.084430 0.769905 0.000046 0.145114
2 2 0.000737 0.105184 0.710871 0.000040 0.183168
2 2 0.001175 0.134707 0.516961 0.000002 0.347155
2 2 0.000887 0.098700 0.753765 0.000030 0.146619
2 2 0.000262 0.081591 0.697028 0.000009 0.221110
2 2 0.001430 0.108206 0.781730 0.000376 0.108259
2 2 0.000095 0.043753 0.873220 0.000007 0.082925
2 2 0.000266 0.060291 0.845093 0.000013 0.094337
2 2 0.000221 0.051506 0.881985 0.000036 0.066251
2 2 0.000119 0.033506 0.934221 0.000035 0.032118
2 2 0.000197 0.069942 0.761755 0.000009 0.168097
2 2 0.000462 0.061505 0.877927 0.000131 0.059975
2 2 0.000198 0.047281 0.895633 0.000037 0.056851
2 2 0.001158 0.079642 0.855650 0.000152 0.063398
2 2 0.000965 0.069610 0.885000 0.000658 0.043768
2 2 0.010267 0.139965 0.765301 0.004205 0.080261
2 2 0.010065 0.180700 0.674900 0.000160 0.134176
2 2 0.000491 0.059827 0.877491 0.000019 0.062171
2 2 0.000763 0.065166 0.879342 0.000156 0.054572
2 2 0.001834 0.088667 0.839429 0.000047 0.070022
2 2 0.001543 0.098108 0.801265 0.000184 0.098901
2 2 0.000594 0.051228 0.916640 0.000444 0.031094
2 2 0.002513 0.095440 0.841540 0.001908 0.058599
2 2 0.000374 0.049411 0.906174 0.000131 0.043910
2 2 0.001970 0.115199 0.749315 0.000013 0.133503
2 2 0.002137 0.088778 0.852873 0.001540 0.054672
2 2 0.002008 0.110505 0.777359 0.000551 0.109579
2 2 0.000201 0.040620 0.915028 0.000032 0.044118
2 2 0.000663 0.061831 0.895794 0.000470 0.041241
2 2 0.001086 0.079149 0.850248 0.000682 0.068834
2 2 0.000291 0.046272 0.915632 0.000119 0.037685
2 2 0.001576 0.068588 0.877425 0.005338 0.047072
2 2 0.001099 0.055996 0.914710 0.001330 0.026865
2 2 0.000684 0.036924 0.944363 0.004840 0.013190
2 2 0.000599 0.046614 0.926371 0.001266 0.025150
2 2 0.000796 0.049818 0.919511 0.001936 0.027938
2 2 0.002642 0.066251 0.865959 0.031909 0.033240
2 2 0.002185 0.072456 0.881494 0.009139 0.034726
2 2 0.000577 0.048960 0.924450 0.000606 0.025406
2 2 0.000430 0.034262 0.950311 0.001437 0.013560
2 2 0.001606 0.062770 0.899718 0.006185 0.029721
2 2 0.003806 0.109051 0.806042 0.008603 0.072498
2 2 0.001656 0.058152 0.901358 0.009776 0.029058
2 2 0.002024 0.069664 0.890155 0.005894 0.032263
2 2 0.006227 0.127761 0.735781 0.024826 0.105405
2 1 0.001032 0.038969 0.934097 0.011418 0.014484
2 1 0.090144 0.334881 0.374119 0.001435 0.199421
2 0 0.063362 0.293466 0.443091 0.000496 0.199585
0 0 0.790278 0.128437 0.033258 0.000161 0.047866
0 0 0.611218 0.215376 0.053035 0.000094 0.120278
0 0 0.391265 0.283585 0.100253 0.000024 0.224873
0 0 0.817040 0.110593 0.020089 0.000203 0.052075
0 0 0.674172 0.192398 0.026507 0.000010 0.106914
0 1 0.428323 0.285640 0.047539 0.000010 0.238487
4 0 0.238153 0.314647 0.063571 0.000002 0.383627
4 0 0.249287 0.318995 0.071037 0.000009 0.360673
0 0 0.956094 0.031896 0.004793 0.000051 0.007166
0 0 0.949345 0.037856 0.005262 0.000039 0.007498
0 0 0.944334 0.038213 0.007129 0.000137 0.010186
0 0 0.911678 0.063489 0.007966 0.000033 0.016834
0 0 0.896275 0.073137 0.009828 0.000047 0.020712
0 1 0.583930 0.222618 0.058590 0.000021 0.134840
4 2 0.312833 0.298260 0.063279 0.000000 0.325627
4 2 0.289616 0.301013 0.083021 0.000001 0.326348
4 2 0.198985 0.317850 0.089319 0.000002 0.393843
4 2 0.235123 0.307899 0.080538 0.000001 0.376439
2 2 0.106679 0.331140 0.348942 0.000021 0.213218
1 2 0.102967 0.331406 0.290292 0.000007 0.275328
2 2 0.069077 0.301315 0.410208 0.000012 0.219387
4 2 0.151432 0.312901 0.116434 0.000000 0.419233
4 2 0.053729 0.310295 0.294579 0.000002 0.341396
1 2 0.120235 0.332144 0.326985 0.000028 0.220608
1 2 0.160510 0.339261 0.193094 0.000002 0.307132
2 2 0.080410 0.308330 0.399053 0.000006 0.212200
2 2 0.079116 0.310047 0.359465 0.000003 0.251369
2 2 0.112622 0.315926 0.414577 0.000081 0.156793
4 1 0.238353 0.306033 0.097182 0.000002 0.358430
0 1 0.573780 0.224428 0.061304 0.000011 0.140477
1 1 0.152529 0.361539 0.254091 0.000158 0.231682
4 1 0.131340 0.343294 0.137272 0.000021 0.388073
2 1 0.041840 0.291554 0.444882 0.000032 0.221692
4 1 0.013018 0.247390 0.279107 0.000001 0.460484
4 1 0.016380 0.253797 0.265402 0.000001 0.464420
4 1 0.013827 0.248144 0.329713 0.000003 0.408313
4 1 0.025686 0.274267 0.220057 0.000001 0.479990
4 1 0.005458 0.205420 0.365517 0.000001 0.423604
2 1 0.000384 0.090904 0.661351 0.000002 0.247359
2 2 0.000502 0.093548 0.704270 0.000009 0.201672
2 2 0.001144 0.133126 0.540907 0.000003 0.324820
2 2 0.000481 0.101818 0.613920 0.000004 0.283777
2 2 0.001881 0.140764 0.614606 0.000008 0.242741
2 1 0.000773 0.103555 0.710299 0.000002 0.185372
2 1 0.000712 0.089826 0.772825 0.000017 0.136619
4 2 0.002694 0.168211 0.402969 0.000000 0.426126
2 2 0.001345 0.119480 0.671308 0.000004 0.207863
2 2 0.000997 0.112902 0.676893 0.000002 0.209206
2 2 0.001676 0.129507 0.630676 0.000003 0.238138
2 2 0.001007 0.102267 0.739814 0.000115 0.156798
2 2 0.001162 0.094996 0.789381 0.000016 0.114445
2 2 0.001823 0.141828 0.608771 0.000033 0.247544
2 2 0.003770 0.169090 0.560054 0.000001 0.267085
2 2 0.002263 0.134134 0.670293 0.000005 0.193306
2 2 0.000604 0.086190 0.763864 0.000025 0.149317
2 2 0.000302 0.060055 0.845686 0.000034 0.093923
2 2 0.000809 0.093198 0.767156 0.000061 0.138776
2 2 0.000413 0.073358 0.800203 0.000006 0.126021
2 2 0.002127 0.124002 0.738291 0.000095 0.135485
2 2 0.002199 0.121952 0.741929 0.000469 0.133450
2 2 0.000679 0.087034 0.786135 0.000004 0.126148
2 2 0.001853 0.109893 0.776894 0.000056 0.111304
2 2 0.001801 0.111005 0.760018 0.000034 0.127142
2 2 0.004751 0.164710 0.645545 0.000354 0.184639
2 1 0.008610 0.210116 0.522517 0.000053 0.258704
2 2 0.003795 0.145469 0.697124 0.000071 0.153540
2 2 0.002853 0.146098 0.643221 0.000006 0.207821
2 2 0.007168 0.193069 0.573429 0.000006 0.226328
2 2 0.002073 0.130134 0.677977 0.000012 0.189805
2 2 0.001640 0.113552 0.733965 0.000079 0.150764
2 2 0.004092 0.155577 0.667100 0.000221 0.173009
2 2 0.000686 0.089716 0.777866 0.000085 0.131647
2 2 0.002094 0.141128 0.640085 0.000078 0.216614
2 2 0.001084 0.086940 0.827720 0.000313 0.083943
2 2 0.000200 0.041568 0.919500 0.000063 0.038670
2 2 0.000940 0.070801 0.871079 0.000170 0.057011
2 2 0.000477 0.048322 0.913766 0.000087 0.037349
2 2 0.002272 0.122572 0.740395 0.000013 0.134748
2 2 0.001077 0.097148 0.766103 0.000046 0.135626
2 2 0.004151 0.157156 0.638187 0.000021 0.200486
2 2 0.001846 0.106920 0.780797 0.000046 0.110390
2 2 0.001158 0.083637 0.831871 0.000037 0.083297
2 2 0.000601 0.078908 0.811252 0.000044 0.109195
2 1 0.002287 0.117771 0.766648 0.000670 0.112625
2 2 0.009696 0.210823 0.535212 0.000025 0.244244
2 2 0.003435 0.118902 0.771846 0.000496 0.105321
2 1 0.000226 0.050178 0.882325 0.000011 0.067261
2 2 0.006846 0.169069 0.666666 0.000063 0.157356
2 2 0.000670 0.096350 0.723242 0.000001 0.179738
2 2 0.000169 0.074297 0.667467 0.000003 0.258063
2 2 0.000619 0.111998 0.566405 0.000008 0.320969
2 2 0.000485 0.100010 0.628760 0.000005 0.270740
2 0 0.000529 0.100404 0.633751 0.000000 0.265316
0 0 0.881469 0.081926 0.011278 0.000023 0.025305
0 0 0.910791 0.064055 0.008065 0.000034 0.017056
0 0 0.932847 0.049792 0.005495 0.000018 0.011848
0 0 0.930499 0.051300 0.005846 0.000020 0.012334
0 1 0.546337 0.244809 0.030410 0.000002 0.178442
4 4 0.030616 0.211159 0.032581 0.000000 0.725644
4 4 0.033464 0.216718 0.037554 0.000000 0.712264
4 4 0.021982 0.201116 0.034792 0.000000 0.742110
4 4 0.013827 0.176844 0.043261 0.000000 0.766068
4 4 0.041381 0.234090 0.039359 0.000000 0.685170
4 0 0.021391 0.186910 0.024835 0.000000 0.766864
4 4 0.020414 0.183402 0.019229 0.000000 0.776955
4 4 0.011420 0.166213 0.023564 0.000000 0.798802
4 4 0.003545 0.109878 0.013797 0.000000 0.872780
4 4 0.010326 0.155976 0.026570 0.000000 0.807128
4 4 0.083756 0.292304 0.070916 0.000002 0.553022
4 4 0.091842 0.293379 0.057904 0.000001 0.556874
4 4 0.135639 0.219310 0.052766 0.000454 0.591831
4 4 0.115808 0.246416 0.038991 0.000040 0.598746
4 4 0.114780 0.275938 0.048699 0.000016 0.560567
4 4 0.075418 0.188928 0.018655 0.000009 0.716989
4 4 0.092085 0.267556 0.030000 0.000000 0.610360
4 4 0.089736 0.269702 0.024645 0.000000 0.615917
4 4 0.035714 0.225467 0.022181 0.000000 0.716638
4 4 0.042620 0.232513 0.032764 0.000000 0.692103
4 4 0.045520 0.239702 0.034741 0.000000 0.680036
4 4 0.014794 0.181339 0.025688 0.000000 0.778179
4 4 0.015204 0.177349 0.029116 0.000000 0.778331
4 4 0.026297 0.215308 0.027912 0.000000 0.730483
4 4 0.006882 0.150357 0.031805 0.000000 0.810956
4 4 0.015747 0.193062 0.050044 0.000000 0.741147
4 4 0.051122 0.259619 0.040570 0.000000 0.648689
4 4 0.050724 0.233198 0.035442 0.000000 0.680637
4 4 0.024418 0.212751 0.027566 0.000000 0.735266
4 4 0.021087 0.198571 0.040043 0.000000 0.740299
4 4 0.018063 0.194789 0.030628 0.000000 0.756519
4 4 0.018629 0.188530 0.029651 0.000000 0.763191
4 4 0.035040 0.228765 0.021893 0.000000 0.714303
4 4 0.028372 0.206744 0.027621 0.000000 0.737263
4 4 0.021888 0.197401 0.038301 0.000000 0.742411
4 4 0.034584 0.214270 0.021584 0.000000 0.729562
4 4 0.017866 0.177373 0.019295 0.000000 0.785466
4 4 0.040405 0.215727 0.026283 0.000000 0.717585
4 4 0.047307 0.230408 0.023481 0.000000 0.698804
4 4 0.033980 0.214263 0.022891 0.000000 0.728866
4 4 0.033677 0.229183 0.025263 0.000000 0.711877
4 4 0.050112 0.238701 0.029856 0.000000 0.681332
4 4 0.037194 0.233127 0.026301 0.000000 0.703379
4 4 0.073422 0.259106 0.023866 0.000000 0.643606
4 4 0.064114 0.256811 0.030344 0.000000 0.648731
4 4 0.008033 0.146562 0.023872 0.000000 0.821533
4 4 0.011015 0.164129 0.042654 0.000000 0.782201
4 4 0.025360 0.224017 0.035143 0.000000 0.715481
4 0 0.009506 0.161786 0.021906 0.000000 0.806803
4 4 0.183164 0.295918 0.034648 0.000000 0.486271
4 4 0.011420 0.157610 0.022739 0.000000 0.808231
4 4 0.008394 0.142525 0.024040 0.000000 0.825041
4 4 0.030615 0.221069 0.030607 0.000000 0.717710
4 4 0.010890 0.162080 0.020753 0.000000 0.806276
4 4 0.004252 0.117974 0.018952 0.000000 0.858822
4 4 0.040023 0.243715 0.031417 0.000000 0.684844
4 4 0.043016 0.240455 0.030346 0.000000 0.686183
4 4 0.056398 0.258342 0.020932 0.000000 0.664328
4 4 0.058998 0.262050 0.024828 0.000000 0.654124
4 4 0.068163 0.255043 0.042759 0.000000 0.634035
4 4 0.007343 0.143767 0.023142 0.000000 0.825748
4 4 0.008430 0.141170 0.019762 0.000000 0.830638
4 4 0.006979 0.139883 0.016085 0.000000 0.837052
4 4 0.005685 0.134619 0.017462 0.000000 0.842234
4 4 0.005193 0.129296 0.017192 0.000000 0.848319
4 4 0.019279 0.193430 0.018624 0.000000 0.768667
4 4 0.035004 0.222651 0.016084 0.000000 0.726261
4 4 0.029908 0.221954 0.021445 0.000000 0.726692
4 4 0.046960 0.233896 0.024014 0.000000 0.695131
4 4 0.173178 0.297829 0.022765 0.000000 0.506228
4 4 0.030135 0.197746 0.009533 0.000000 0.762586
4 4 0.038134 0.211161 0.016154 0.000000 0.734551
4 4 0.013792 0.150915 0.010334 0.000000 0.824958
4 4 0.022413 0.180309 0.011381 0.000000 0.785897
4 4 0.014272 0.158080 0.011630 0.000000 0.816018
4 4 0.146912 0.279026 0.020758 0.000000 0.553305
4 4 0.063990 0.244133 0.015172 0.000000 0.676706
4 4 0.047848 0.225693 0.019820 0.000000 0.706639
4 4 0.108178 0.268635 0.018180 0.000000 0.605007
4 4 0.071767 0.247321 0.016557 0.000000 0.664355
4 4 0.016056 0.173035 0.019586 0.000000 0.791324
