0 0 0.698666 0.109264 0.088192 0.087532 0.016346
0 0 0.807597 0.084476 0.036227 0.046519 0.025181
0 0 0.778573 0.074903 0.047742 0.087058 0.011724
0 0 0.851294 0.066094 0.020772 0.039336 0.022503
0 0 0.891453 0.047556 0.015463 0.034092 0.011436
0 0 0.847626 0.070075 0.022221 0.036143 0.023935
0 0 0.866663 0.052772 0.018369 0.048475 0.013721
0 0 0.739570 0.154731 0.068079 0.004675 0.032944
0 0 0.782209 0.119781 0.054958 0.016030 0.027022
0 0 0.856783 0.081124 0.025181 0.013272 0.023641
0 0 0.733548 0.151064 0.059055 0.009369 0.046964
0 0 0.663204 0.197732 0.082960 0.003192 0.052913
0 0 0.585548 0.224057 0.141979 0.005457 0.042959
0 0 0.640793 0.210499 0.095281 0.002656 0.050771
0 0 0.726145 0.167704 0.051191 0.001771 0.053189
0 0 0.811080 0.116489 0.034586 0.003754 0.034091
0 0 0.689922 0.190978 0.054756 0.000904 0.063440
0 0 0.869752 0.079159 0.026212 0.007609 0.017269
0 0 0.726338 0.166093 0.060582 0.002764 0.044224
0 0 0.882556 0.071455 0.018178 0.006534 0.021277
0 0 0.813803 0.114140 0.043286 0.004976 0.023795
0 0 0.848577 0.077483 0.030287 0.025489 0.018164
0 0 0.902081 0.051534 0.015102 0.018387 0.012895
0 0 0.817484 0.109038 0.043985 0.007352 0.022140
0 0 0.897029 0.062870 0.017152 0.007313 0.015637
0 0 0.929676 0.038824 0.008302 0.011570 0.011627
0 0 0.885076 0.070694 0.017792 0.005852 0.020585
0 0 0.939905 0.030636 0.006881 0.014856 0.007722
0 0 0.870202 0.057325 0.016856 0.036532 0.019085
0 0 0.833039 0.088211 0.028044 0.020521 0.030186
0 0 0.934676 0.034058 0.007152 0.013980 0.010134
0 0 0.801484 0.109763 0.036269 0.014406 0.038078
0 0 0.915576 0.033761 0.008028 0.032174 0.010462
0 0 0.860729 0.047704 0.014293 0.061306 0.015968
0 0 0.881593 0.072385 0.017587 0.005770 0.022665
0 0 0.569617 0.246590 0.074515 0.001073 0.108204
0 0 0.781738 0.129549 0.036695 0.004567 0.047451
0 0 0.909637 0.058978 0.009573 0.001441 0.020371
0 0 0.696349 0.193546 0.048314 0.000338 0.061452
0 0 0.795221 0.121477 0.036295 0.005712 0.041294
0 0 0.496356 0.294547 0.124509 0.000641 0.083946
0 0 0.881622 0.070966 0.019700 0.008245 0.019467
0 0 0.685997 0.151299 0.119277 0.023072 0.020355
0 0 0.599462 0.152982 0.142999 0.071905 0.032652
0 0 0.677656 0.112660 0.134273 0.066754 0.008656
0 0 0.583531 0.216182 0.126544 0.014057 0.059686
1 0 0.280045 0.350116 0.277181 0.002022 0.090636
2 0 0.122322 0.372186 0.396914 0.001148 0.107430
2 0 0.084398 0.327882 0.468294 0.004578 0.114848
2 0 0.061584 0.234664 0.549293 0.018961 0.135499
0 0 0.663193 0.178778 0.067096 0.012883 0.078049
0 0 0.751455 0.132161 0.041652 0.015588 0.059143
0 0 0.864113 0.050331 0.013661 0.052592 0.019303
0 0 0.756746 0.108978 0.038574 0.047339 0.048363
0 0 0.780640 0.106010 0.039776 0.035241 0.038332
0 0 0.805210 0.105054 0.035217 0.017911 0.036608
0 0 0.713386 0.129634 0.056952 0.050618 0.049411
0 0 0.757151 0.126469 0.047863 0.022618 0.045898
0 0 0.661879 0.148615 0.072779 0.058933 0.057793
0 0 0.746250 0.134814 0.051109 0.018857 0.048970
0 0 0.781056 0.117646 0.041532 0.018047 0.041719
0 0 0.860170 0.069496 0.020858 0.026164 0.023312
0 0 0.664472 0.140494 0.074880 0.072211 0.047943
0 0 0.750835 0.125290 0.049099 0.028786 0.045990
0 0 0.792746 0.110467 0.038360 0.019476 0.038951
0 0 0.773299 0.129901 0.042948 0.008741 0.045111
0 0 0.830213 0.088793 0.028593 0.021887 0.030513
0 0 0.872941 0.058833 0.017071 0.031650 0.019504
0 0 0.913713 0.043513 0.010260 0.018689 0.013824
0 0 0.941206 0.025013 0.004217 0.020172 0.009394
0 0 0.944515 0.022082 0.004296 0.022710 0.006397
0 0 0.884842 0.020725 0.004740 0.082999 0.006694
0 0 0.794375 0.048538 0.019518 0.124294 0.013276
0 0 0.849355 0.053958 0.021689 0.062916 0.012081
0 0 0.933741 0.033724 0.007154 0.015313 0.010068
0 0 0.831849 0.100104 0.028338 0.006710 0.033000
0 0 0.762879 0.086764 0.062483 0.075897 0.011978
0 0 0.815549 0.072903 0.044892 0.056562 0.010094
0 0 0.900537 0.051759 0.013134 0.018157 0.016413
0 0 0.870224 0.065969 0.024369 0.024621 0.014818
0 0 0.635208 0.177240 0.137643 0.021560 0.028349
0 1 0.912606 0.058027 0.010919 0.001751 0.016697
0 1 0.384807 0.331630 0.117243 0.000613 0.165707
1 1 0.262876 0.348010 0.165574 0.002249 0.221290
0 2 0.374515 0.340812 0.161857 0.000880 0.121935
2 2 0.002366 0.230896 0.508146 0.000140 0.258452
4 2 0.002863 0.188210 0.391649 0.000421 0.416857
2 2 0.001365 0.205263 0.616712 0.000077 0.176583
2 2 0.001167 0.228782 0.509596 0.000019 0.260437
2 2 0.000948 0.209757 0.511660 0.000034 0.277601
2 2 0.004503 0.092104 0.860585 0.007944 0.034864
2 2 0.004040 0.114127 0.829280 0.004395 0.048157
2 2 0.002833 0.083406 0.847247 0.009133 0.057382
2 2 0.002147 0.069888 0.845313 0.012523 0.070129
2 2 0.003207 0.098648 0.788878 0.008554 0.100714
2 2 0.004293 0.036762 0.739361 0.196127 0.023457
2 3 0.005738 0.041419 0.765498 0.171060 0.016285
2 3 0.003439 0.025274 0.703418 0.256881 0.010988
2 3 0.006902 0.036105 0.580657 0.355321 0.021015
2 3 0.004555 0.040049 0.738119 0.188401 0.028877
3 3 0.017728 0.052301 0.384304 0.504654 0.041013
3 3 0.017883 0.040567 0.211656 0.671430 0.058464
3 3 0.020880 0.032885 0.150506 0.759058 0.036671
3 3 0.021306 0.055498 0.286295 0.568377 0.068525
3 3 0.018870 0.035635 0.163673 0.731305 0.050516
3 3 0.007815 0.016806 0.152014 0.805395 0.017970
3 3 0.014905 0.042127 0.276976 0.614666 0.051325
3 3 0.010953 0.035929 0.325035 0.588397 0.039686
3 3 0.012625 0.043359 0.327187 0.558215 0.058615
3 3 0.014902 0.047609 0.334953 0.545649 0.056887
3 3 0.012051 0.017192 0.094345 0.854572 0.021841
3 3 0.012111 0.017291 0.099433 0.852402 0.018764
3 3 0.018518 0.036137 0.176633 0.721896 0.046815
3 3 0.023511 0.034580 0.100485 0.769522 0.071902
3 3 0.013627 0.027491 0.139262 0.770258 0.049362
3 3 0.007554 0.007503 0.030464 0.938400 0.016079
3 3 0.005654 0.005516 0.031061 0.950036 0.007733
3 3 0.007697 0.008778 0.043553 0.925267 0.014706
3 3 0.004419 0.005111 0.031514 0.949262 0.009694
3 3 0.006242 0.006651 0.039825 0.939022 0.008259
3 3 0.015461 0.011603 0.026126 0.922955 0.023855
3 3 0.012814 0.010650 0.030759 0.925457 0.020322
3 3 0.015193 0.010830 0.027071 0.928035 0.018872
3 3 0.019064 0.011969 0.024110 0.924351 0.020507
3 3 0.018157 0.020867 0.065791 0.856852 0.038333
3 3 0.010074 0.011160 0.038316 0.913560 0.026890
3 3 0.020368 0.026166 0.080141 0.822665 0.050660
3 3 0.005331 0.005063 0.026294 0.954437 0.008874
3 3 0.014466 0.011368 0.030839 0.922912 0.020415
3 3 0.005541 0.007630 0.046475 0.926013 0.014340
3 3 0.019608 0.022646 0.063913 0.848570 0.045262
3 3 0.016850 0.010979 0.022085 0.928850 0.021237
3 3 0.017525 0.014785 0.034401 0.903223 0.030066
3 3 0.021194 0.016010 0.033381 0.900082 0.029333
3 3 0.017112 0.008937 0.016814 0.942251 0.014886
3 3 0.017046 0.013827 0.035665 0.909109 0.024353
3 3 0.017638 0.010263 0.020856 0.934243 0.017000
3 3 0.025716 0.017308 0.031811 0.896251 0.028913
3 3 0.012965 0.009218 0.024731 0.936734 0.016353
3 3 0.016873 0.016241 0.040192 0.890991 0.035703
3 0 0.026494 0.034969 0.097813 0.777226 0.063497
3 3 0.039666 0.013137 0.034821 0.907364 0.005012
3 3 0.011106 0.022545 0.182173 0.764118 0.020058
3 3 0.024557 0.037915 0.144917 0.744487 0.048123
3 3 0.023551 0.036848 0.123287 0.748667 0.067648
3 3 0.041787 0.041911 0.094600 0.766764 0.054938
3 3 0.020109 0.040647 0.210667 0.681903 0.046675
3 3 0.012261 0.018017 0.108432 0.842312 0.018977
3 3 0.013891 0.018921 0.087758 0.852642 0.026788
3 3 0.013845 0.020284 0.118277 0.827840 0.019754
3 3 0.018188 0.015272 0.042930 0.899646 0.023963
3 3 0.007921 0.005673 0.025131 0.954799 0.006476
3 3 0.010992 0.013643 0.057572 0.892680 0.025113
3 3 0.009351 0.008433 0.031136 0.935090 0.015989
3 3 0.008708 0.007434 0.034004 0.940458 0.009395
3 3 0.010602 0.007170 0.021733 0.948570 0.011925
3 3 0.014526 0.011194 0.034281 0.923033 0.016967
3 3 0.014499 0.012491 0.033168 0.914698 0.025144
3 3 0.018934 0.013410 0.034208 0.913925 0.019522
3 3 0.009277 0.004131 0.012894 0.969059 0.004639
3 3 0.015260 0.008715 0.022383 0.941888 0.011754
3 3 0.010562 0.006753 0.020645 0.951510 0.010530
3 3 0.012684 0.009120 0.025866 0.936810 0.015520
3 3 0.015924 0.008733 0.019303 0.942851 0.013188
3 3 0.019220 0.015720 0.034972 0.899339 0.030747
3 3 0.010706 0.006118 0.015532 0.957066 0.010577
3 3 0.011447 0.006283 0.015067 0.956509 0.010694
3 3 0.007293 0.003788 0.010851 0.971473 0.006595
3 3 0.010579 0.007106 0.021906 0.949121 0.011288
3 3 0.005216 0.004676 0.028033 0.956135 0.005941
3 -1 0.142364 0.121381 0.152658 0.436416 0.147181
3 0 0.076245 0.056191 0.096765 0.707353 0.063445
0 0 0.379011 0.148439 0.217438 0.213802 0.041309
0 0 0.557899 0.160526 0.178747 0.081035 0.021793
0 0 0.380398 0.225456 0.306466 0.053056 0.034624
0 0 0.364966 0.270593 0.336701 0.002935 0.024805
2 1 0.062879 0.278267 0.612538 0.002073 0.044242
2 1 0.024648 0.238037 0.687525 0.001802 0.047988
2 1 0.027079 0.279053 0.630113 0.000636 0.063119
2 1 0.010067 0.138409 0.795458 0.006363 0.049703
2 1 0.005667 0.176911 0.748918 0.000844 0.067660
2 0 0.002897 0.104870 0.847279 0.002887 0.042067
2 1 0.139227 0.328804 0.484058 0.001121 0.046790
2 2 0.021665 0.246316 0.678104 0.001072 0.052843
2 2 0.006804 0.169866 0.776736 0.001349 0.045245
2 2 0.024498 0.337521 0.523144 0.000156 0.114682
2 2 0.009433 0.267855 0.566984 0.000543 0.155185
2 2 0.006424 0.165468 0.744689 0.003120 0.080298
2 2 0.007038 0.249160 0.623041 0.000350 0.120412
2 2 0.007749 0.224936 0.604080 0.001676 0.161558
2 2 0.022186 0.184066 0.732664 0.006825 0.054259
2 2 0.005833 0.104993 0.857187 0.004464 0.027523
2 2 0.007960 0.106134 0.828359 0.016477 0.041070
2 2 0.011531 0.120626 0.796998 0.015554 0.055292
2 2 0.018249 0.118167 0.806772 0.028023 0.028789
2 2 0.011544 0.096791 0.830186 0.029813 0.031666
2 3 0.039538 0.221658 0.679302 0.006970 0.052533
2 3 0.010767 0.051565 0.763509 0.157589 0.016570
0 3 0.384863 0.239924 0.347626 0.007632 0.019954
2 2 0.020234 0.106596 0.743281 0.086987 0.042902
2 2 0.009461 0.130204 0.803696 0.007107 0.049532
2 2 0.025809 0.171871 0.741930 0.003744 0.056646
2 3 0.002892 0.076874 0.879315 0.008567 0.032352
2 2 0.005439 0.093278 0.840844 0.013130 0.047309
2 2 0.012280 0.206847 0.703990 0.002811 0.074071
2 4 0.013240 0.250903 0.538441 0.001546 0.195870
1 4 0.050435 0.367486 0.340295 0.000652 0.241131
1 4 0.070037 0.416679 0.283464 0.000126 0.229694
1 4 0.055929 0.382443 0.232900 0.000195 0.328534
1 4 0.167790 0.443036 0.202601 0.000063 0.186510
4 4 0.203911 0.331556 0.029920 0.000001 0.434611
4 4 0.153339 0.310378 0.038169 0.000007 0.498107
4 4 0.171309 0.292992 0.028806 0.000004 0.506889
4 4 0.175269 0.286107 0.032538 0.000012 0.506074
4 4 0.092367 0.322772 0.047091 0.000004 0.537766
4 4 0.054716 0.276205 0.039797 0.000003 0.629279
4 4 0.115095 0.325043 0.026487 0.000000 0.533374
4 4 0.104489 0.313000 0.033752 0.000001 0.548759
4 4 0.050842 0.277257 0.042200 0.000003 0.629697
4 4 0.026358 0.229152 0.040234 0.000004 0.704252
4 4 0.064791 0.287855 0.029283 0.000001 0.618071
4 4 0.021966 0.202692 0.018106 0.000000 0.757236
4 4 0.012386 0.174104 0.025314 0.000001 0.788195
4 4 0.021599 0.213799 0.035842 0.000003 0.728756
4 4 0.038476 0.249269 0.028410 0.000001 0.683844
4 4 0.109464 0.340189 0.073601 0.000029 0.476716
4 4 0.118945 0.338851 0.060506 0.000013 0.481684
4 4 0.067797 0.303696 0.056832 0.000011 0.571665
4 4 0.135930 0.345052 0.041437 0.000002 0.477579
4 4 0.054634 0.288172 0.058613 0.000014 0.598567
0 4 0.349332 0.345304 0.110160 0.000359 0.194845
1 4 0.249355 0.366099 0.104310 0.000176 0.280062
1 1 0.327985 0.347444 0.104329 0.000317 0.219926
1 4 0.223368 0.371424 0.143127 0.000512 0.261568
1 4 0.133085 0.364434 0.163800 0.000705 0.337976
4 4 0.018835 0.208238 0.046023 0.000010 0.726895
4 4 0.014286 0.184527 0.029064 0.000002 0.772121
4 4 0.015420 0.188493 0.028029 0.000001 0.768057
4 4 0.039594 0.253027 0.030967 0.000001 0.676412
4 4 0.022743 0.222691 0.050265 0.000013 0.704288
4 4 0.024759 0.331130 0.182619 0.000069 0.461423
4 4 0.033778 0.254674 0.067443 0.000038 0.644067
4 4 0.027534 0.240999 0.072702 0.000064 0.658701
4 4 0.039897 0.269183 0.082315 0.000087 0.608518
4 4 0.031622 0.250770 0.072166 0.000055 0.645387
4 4 0.019622 0.223750 0.062924 0.000028 0.693677
4 4 0.021121 0.218719 0.053760 0.000019 0.706380
4 4 0.011071 0.212016 0.088157 0.000060 0.688697
4 4 0.028522 0.304886 0.108900 0.000027 0.557665
4 1 0.057228 0.291487 0.058086 0.000013 0.593185
1 1 0.150794 0.439402 0.250908 0.000096 0.158801
2 1 0.022930 0.315560 0.430751 0.001073 0.229686
2 2 0.043071 0.384547 0.418440 0.000158 0.153785
2 2 0.010651 0.262188 0.586891 0.000644 0.139626
1 2 0.039344 0.385214 0.338026 0.000162 0.237254
1 2 0.240482 0.401737 0.253112 0.000261 0.104408
1 1 0.125586 0.385360 0.366761 0.000826 0.121468
1 1 0.213434 0.381451 0.261719 0.001192 0.142204
2 1 0.088568 0.360410 0.417656 0.001706 0.131660
2 1 0.063717 0.350875 0.458948 0.001212 0.125247
2 1 0.015924 0.295768 0.597293 0.000174 0.090841
2 1 0.025048 0.270191 0.628474 0.000618 0.075669
2 2 0.026377 0.321030 0.519238 0.000559 0.132796
2 2 0.022820 0.316016 0.573581 0.000170 0.087413
2 2 0.031807 0.351263 0.490359 0.000215 0.126356
2 2 0.103386 0.225795 0.627555 0.003774 0.039489
2 2 0.116826 0.239872 0.620299 0.003964 0.019039
2 1 0.092126 0.253343 0.620551 0.004759 0.029221
2 1 0.060207 0.273325 0.615337 0.003071 0.048060
2 1 0.058242 0.314635 0.560064 0.001014 0.066045
2 2 0.060356 0.304273 0.566400 0.001571 0.067400
2 2 0.045208 0.283763 0.578612 0.002942 0.089475
2 2 0.023748 0.196333 0.718020 0.005745 0.056154
2 1 0.034997 0.216627 0.691053 0.003394 0.053929
2 1 0.064113 0.296469 0.566139 0.002164 0.071116
2 2 0.022956 0.218750 0.672734 0.006096 0.079464
2 2 0.021474 0.179225 0.708386 0.013785 0.077130
2 2 0.009109 0.115912 0.824570 0.010815 0.039594
2 2 0.031901 0.233064 0.661783 0.003563 0.069689
2 2 0.056290 0.321840 0.550786 0.000801 0.070284
2 2 0.023060 0.181601 0.712292 0.009896 0.073152
2 2 0.035700 0.206002 0.674122 0.008989 0.075187
2 3 0.021053 0.149904 0.670044 0.055615 0.103383
2 2 0.024277 0.157372 0.701672 0.029766 0.086913
2 2 0.019018 0.154008 0.691137 0.040248 0.095589
2 3 0.023937 0.223209 0.665822 0.002455 0.084577
2 2 0.019504 0.194151 0.615652 0.019769 0.150924
2 2 0.029849 0.266980 0.572040 0.005149 0.125983
2 2 0.006804 0.131537 0.784316 0.008850 0.068492
2 2 0.014296 0.171162 0.669200 0.017725 0.127618
2 2 0.024654 0.126887 0.737273 0.058846 0.052340
2 3 0.023940 0.118657 0.751863 0.057975 0.047564
2 2 0.015620 0.107762 0.749754 0.067874 0.058991
2 2 0.012859 0.098188 0.714407 0.097319 0.077226
2 2 0.057508 0.208409 0.603659 0.036238 0.094186
2 2 0.006512 0.048301 0.712108 0.199016 0.034063
2 2 0.013250 0.056134 0.728582 0.183002 0.019031
2 2 0.014069 0.064934 0.680671 0.213088 0.027239
2 2 0.013367 0.054836 0.644155 0.263486 0.024156
2 3 0.014404 0.061195 0.636611 0.253111 0.034680
2 2 0.043547 0.110891 0.576297 0.206662 0.062602
2 2 0.086091 0.204302 0.554846 0.068575 0.086185
2 2 0.030890 0.117967 0.716359 0.085768 0.049016
2 2 0.022490 0.102833 0.686803 0.130686 0.057188
2 2 0.023576 0.092063 0.637598 0.198165 0.048598
2 2 0.020701 0.087821 0.733554 0.126512 0.031411
2 2 0.018691 0.069578 0.545552 0.322263 0.043916
2 2 0.009743 0.060813 0.737496 0.163787 0.028161
2 2 0.019962 0.071427 0.530929 0.331389 0.046294
2 3 0.015038 0.094088 0.665257 0.144892 0.080725
2 3 0.029416 0.088956 0.466729 0.347182 0.067717
2 2 0.026996 0.085513 0.464127 0.355261 0.068103
2 3 0.036630 0.109877 0.451989 0.296458 0.105046
3 3 0.026697 0.077868 0.384733 0.427710 0.082991
3 3 0.080858 0.078551 0.214687 0.565832 0.060071
2 3 0.011264 0.048337 0.547842 0.362468 0.030089
2 3 0.013835 0.053324 0.516290 0.379973 0.036578
2 3 0.007973 0.039605 0.501127 0.416301 0.034993
2 3 0.020636 0.080093 0.533060 0.300910 0.065301
3 3 0.018485 0.034846 0.299760 0.628068 0.018841
3 3 0.020031 0.030996 0.222412 0.708901 0.017660
3 3 0.038205 0.058052 0.191639 0.647288 0.064816
3 3 0.020472 0.040033 0.190790 0.697492 0.051213
3 3 0.019593 0.034606 0.230094 0.691635 0.024072
3 3 0.010001 0.024450 0.209625 0.729483 0.026440
3 3 0.016100 0.025011 0.179977 0.761334 0.017578
3 3 0.024468 0.032043 0.134414 0.776821 0.032254
3 3 0.017288 0.032627 0.201550 0.719303 0.029232
3 3 0.015975 0.027759 0.148806 0.773649 0.033811
3 3 0.027339 0.054506 0.224923 0.627161 0.066072
3 3 0.061193 0.039910 0.096653 0.767527 0.034717
3 3 0.015267 0.018146 0.087856 0.859631 0.019100
3 3 0.021278 0.023188 0.110965 0.827025 0.017544
3 3 0.030333 0.042498 0.156402 0.725979 0.044788
3 3 0.014042 0.023058 0.142299 0.798670 0.021931
3 3 0.016922 0.012225 0.032070 0.919848 0.018935
3 3 0.014966 0.016101 0.066487 0.881723 0.020723
3 3 0.022886 0.031179 0.098237 0.791479 0.056219
3 3 0.013020 0.013920 0.055848 0.895967 0.021245
3 3 0.008685 0.010708 0.073137 0.898003 0.009468
3 3 0.025590 0.031583 0.106831 0.795641 0.040355
3 3 0.023379 0.034617 0.121856 0.766874 0.053275
3 3 0.015379 0.018194 0.082294 0.863762 0.020370
3 3 0.009464 0.013158 0.069103 0.886271 0.022004
3 3 0.012673 0.012898 0.054450 0.903042 0.016937
3 3 0.017486 0.012736 0.038448 0.914942 0.016387
3 3 0.037996 0.057298 0.147368 0.662149 0.095190
3 3 0.011400 0.012182 0.057698 0.902908 0.015813
3 3 0.033621 0.037572 0.096852 0.777444 0.054510
3 3 0.029718 0.033416 0.086725 0.797000 0.053141
3 3 0.024548 0.018194 0.041093 0.889328 0.026836
3 3 0.013429 0.009533 0.028446 0.934095 0.014497
3 3 0.021187 0.015922 0.040601 0.899544 0.022746
3 3 0.019228 0.011820 0.027939 0.924761 0.016252
3 3 0.011247 0.012173 0.048612 0.906654 0.021315
3 3 0.010440 0.012420 0.051176 0.902478 0.023487
3 3 0.011639 0.014671 0.069323 0.882509 0.021857
3 3 0.006802 0.007370 0.046157 0.930747 0.008924
3 3 0.013015 0.015052 0.063739 0.885593 0.022601
3 3 0.016663 0.020785 0.091275 0.846696 0.024580
3 3 0.019002 0.010364 0.021953 0.934114 0.014567
3 3 0.018731 0.010169 0.020646 0.935334 0.015119
3 3 0.021739 0.015766 0.034028 0.902292 0.026175
3 3 0.016097 0.010230 0.021761 0.933308 0.018604
3 3 0.029405 0.015701 0.027121 0.906001 0.021773
3 3 0.014601 0.010692 0.030826 0.927355 0.016527
3 3 0.021995 0.011905 0.022824 0.926294 0.016983
3 3 0.019018 0.014658 0.041395 0.904517 0.020413
3 3 0.023472 0.012778 0.026417 0.921318 0.016014
3 3 0.014756 0.009067 0.021774 0.939809 0.014594
3 3 0.031828 0.017418 0.033770 0.895485 0.021500
3 3 0.030443 0.017754 0.027808 0.896129 0.027866
3 3 0.016026 0.009393 0.022847 0.938295 0.013440
3 3 0.026646 0.014361 0.026517 0.913728 0.018747
3 3 0.025503 0.024322 0.059471 0.850506 0.040197
3 3 0.019891 0.013366 0.030556 0.915772 0.020415
3 3 0.013880 0.010081 0.031331 0.930459 0.014250
3 3 0.015058 0.012383 0.035192 0.915985 0.021383
3 3 0.016992 0.010197 0.023796 0.933911 0.015105
3 3 0.015764 0.010927 0.029788 0.927258 0.016263
3 3 0.007665 0.010546 0.073722 0.896659 0.011407
3 3 0.008202 0.010324 0.076068 0.895919 0.009488
3 3 0.012853 0.010469 0.038612 0.924145 0.013922
3 3 0.005092 0.005896 0.047355 0.935545 0.006112
3 3 0.013099 0.018581 0.083063 0.853821 0.031436
3 3 0.013622 0.009666 0.029511 0.933047 0.014154
3 3 0.016241 0.010775 0.025884 0.929548 0.017552
3 3 0.011292 0.008799 0.030933 0.935722 0.013254
3 3 0.018770 0.012196 0.031600 0.921481 0.015952
3 3 0.011783 0.007985 0.023745 0.943786 0.012701
3 3 0.020786 0.019462 0.051943 0.874928 0.032882
3 3 0.020573 0.013100 0.032141 0.917161 0.017026
3 3 0.010289 0.010348 0.047999 0.917463 0.013902
3 3 0.035268 0.042857 0.130998 0.744128 0.046748
3 3 0.018844 0.012906 0.035263 0.916207 0.016779
2 2 0.023319 0.105756 0.702709 0.129140 0.039076
2 3 0.019616 0.118665 0.717576 0.085491 0.058651
2 3 0.009969 0.089899 0.757003 0.078760 0.064369
2 3 0.060482 0.214191 0.609674 0.031660 0.083992
2 2 0.017417 0.115287 0.677090 0.098933 0.091274
2 2 0.059243 0.243073 0.615885 0.010865 0.070933
2 2 0.055779 0.216533 0.670647 0.010731 0.046309
2 3 0.068579 0.252532 0.599594 0.017703 0.061592
2 2 0.010629 0.108680 0.800240 0.029068 0.051383
2 3 0.061237 0.301742 0.541634 0.004851 0.090537
2 2 0.013216 0.148871 0.711586 0.024526 0.101801
2 2 0.031945 0.221610 0.667326 0.009053 0.070067
2 2 0.042391 0.222412 0.686099 0.003437 0.045660
2 2 0.054226 0.223664 0.677997 0.004799 0.039314
2 2 0.055122 0.302798 0.581505 0.001129 0.059446
2 2 0.004243 0.129948 0.773625 0.004275 0.087909
2 2 0.012780 0.219210 0.710111 0.001332 0.056567
2 2 0.016439 0.265451 0.636976 0.000617 0.080516
2 2 0.006187 0.144776 0.764398 0.005348 0.079292
2 2 0.005616 0.176826 0.718249 0.001419 0.097890
2 2 0.006213 0.203924 0.712111 0.000545 0.077207
2 2 0.002046 0.111611 0.801878 0.001794 0.082670
2 2 0.002265 0.101473 0.819190 0.003068 0.074005
2 4 0.002757 0.126680 0.808425 0.000890 0.061249
2 4 0.013532 0.336540 0.518593 0.000040 0.131294
1 4 0.214321 0.368308 0.070291 0.000023 0.347056
1 4 0.302690 0.328541 0.046198 0.000019 0.322552
4 4 0.172433 0.334301 0.089153 0.000259 0.403854
1 4 0.216502 0.368271 0.067094 0.000018 0.348115
4 4 0.189124 0.366149 0.077009 0.000035 0.367684
4 4 0.105016 0.336196 0.064805 0.000016 0.493967
4 4 0.118984 0.304904 0.045798 0.000014 0.530300
4 4 0.126447 0.330528 0.045065 0.000005 0.497955
4 4 0.190110 0.337742 0.044616 0.000007 0.427525
4 4 0.146083 0.353329 0.054909 0.000007 0.445672
4 4 0.085334 0.313515 0.040692 0.000002 0.560457
4 1 0.152261 0.348307 0.035671 0.000001 0.463760
4 4 0.142650 0.344719 0.047555 0.000004 0.465071
4 4 0.040071 0.254628 0.032158 0.000001 0.673143
4 4 0.068125 0.295199 0.034916 0.000001 0.601759
4 4 0.093750 0.267991 0.021565 0.000001 0.616693
4 4 0.078786 0.304391 0.032659 0.000001 0.584164
4 4 0.145024 0.342722 0.030652 0.000000 0.481602
4 4 0.087879 0.308554 0.027619 0.000000 0.575948
4 4 0.203994 0.276343 0.022258 0.000003 0.497402
4 4 0.033927 0.242250 0.031356 0.000001 0.692466
4 4 0.056822 0.286956 0.045693 0.000004 0.610526
4 4 0.052338 0.277101 0.037369 0.000002 0.633190
4 4 0.026646 0.228850 0.037853 0.000003 0.706647
4 4 0.026740 0.230622 0.041392 0.000005 0.701241
4 4 0.114274 0.317498 0.030567 0.000001 0.537661
4 4 0.068944 0.286788 0.022701 0.000000 0.621566
4 4 0.042593 0.253390 0.024328 0.000000 0.679689
4 4 0.097038 0.320043 0.034223 0.000001 0.548696
4 4 0.061128 0.272000 0.023659 0.000000 0.643213
4 4 0.096421 0.271768 0.024197 0.000001 0.607613
4 4 0.067558 0.269341 0.021619 0.000000 0.641482
4 4 0.088948 0.316753 0.039237 0.000002 0.555060
4 4 0.058118 0.284617 0.036932 0.000002 0.620331
4 4 0.312182 0.258119 0.019479 0.000006 0.410214
4 4 0.137112 0.293132 0.021696 0.000001 0.548060
4 4 0.035346 0.243176 0.028318 0.000001 0.693160
4 4 0.034155 0.239622 0.026718 0.000001 0.699505
4 4 0.101210 0.309659 0.028776 0.000001 0.560354
4 4 0.077757 0.248540 0.017532 0.000000 0.656171
4 4 0.097742 0.302610 0.043441 0.000007 0.556200
4 4 0.084684 0.318008 0.050877 0.000006 0.546425
4 4 0.064771 0.296568 0.045462 0.000004 0.593195
4 4 0.103471 0.267479 0.047748 0.000077 0.581225
4 4 0.111180 0.243482 0.042456 0.000176 0.602706
4 4 0.049954 0.268759 0.029249 0.000001 0.652038
4 4 0.036540 0.247480 0.031294 0.000001 0.684684
4 4 0.023535 0.218928 0.034689 0.000002 0.722846
4 4 0.036126 0.244760 0.028374 0.000001 0.690739
4 4 0.021876 0.209964 0.027392 0.000001 0.740767
4 4 0.018617 0.176224 0.017661 0.000000 0.787498
4 4 0.026820 0.187025 0.020601 0.000001 0.765553
4 4 0.051372 0.196638 0.014588 0.000001 0.737400
4 4 0.036420 0.238313 0.020042 0.000000 0.705225
4 4 0.026965 0.211346 0.014330 0.000000 0.747360
4 4 0.043948 0.261639 0.032672 0.000001 0.661740
4 4 0.025530 0.218413 0.024954 0.000000 0.731102
4 4 0.060094 0.274320 0.020299 0.000000 0.645287
4 4 0.021213 0.207080 0.026049 0.000001 0.745657
4 4 0.067082 0.287367 0.025470 0.000000 0.620082
4 4 0.044854 0.257711 0.025043 0.000000 0.672391
4 4 0.061379 0.280851 0.025425 0.000000 0.632345
4 4 0.032714 0.238484 0.029438 0.000001 0.699363
4 4 0.036994 0.243181 0.024104 0.000000 0.695721
4 4 0.022439 0.210432 0.025646 0.000001 0.741483
4 4 0.096509 0.323004 0.040452 0.000002 0.540033
4 4 0.064954 0.298713 0.050778 0.000006 0.585548
4 4 0.145329 0.349781 0.044172 0.000002 0.460715
4 4 0.104922 0.332658 0.050768 0.000005 0.511647
4 4 0.164177 0.359219 0.057122 0.000008 0.419474
4 4 0.058279 0.279355 0.028287 0.000000 0.634079
4 4 0.085212 0.305811 0.026919 0.000000 0.582057
4 4 0.107582 0.304109 0.019131 0.000000 0.569179
4 4 0.098128 0.313252 0.024232 0.000000 0.564388
4 4 0.070955 0.291342 0.025352 0.000000 0.612350
4 4 0.055786 0.279568 0.033372 0.000001 0.631274
4 4 0.063442 0.276535 0.049006 0.000014 0.611002
4 4 0.077380 0.310808 0.048709 0.000005 0.563099
4 4 0.060239 0.290448 0.043627 0.000003 0.605684
4 4 0.045858 0.275144 0.058599 0.000016 0.620383
1 4 0.058863 0.407163 0.202421 0.000052 0.331501
1 2 0.026631 0.366706 0.250199 0.000065 0.356398
4 2 0.038707 0.392608 0.141613 0.000007 0.427066
4 2 0.009525 0.273236 0.239938 0.000177 0.477124
2 2 0.012399 0.302601 0.350931 0.000308 0.333761
2 2 0.005937 0.248901 0.627481 0.000200 0.117481
2 2 0.004515 0.192381 0.711116 0.000433 0.091555
2 2 0.013042 0.295384 0.556218 0.000263 0.135093
2 2 0.016363 0.313307 0.561120 0.000132 0.109078
2 2 0.008506 0.277981 0.564327 0.000218 0.148968
2 2 0.023857 0.357159 0.396699 0.000164 0.222121
1 2 0.059391 0.408022 0.377749 0.000122 0.154716
2 2 0.020023 0.325606 0.490335 0.000311 0.163726
2 2 0.036359 0.363934 0.459487 0.000215 0.140005
2 2 0.037593 0.353812 0.488847 0.000265 0.119483
2 2 0.012623 0.334461 0.496262 0.000051 0.156603
2 2 0.005485 0.274775 0.549074 0.000090 0.170576
2 2 0.007449 0.250806 0.612311 0.000447 0.128987
2 2 0.004806 0.249868 0.582793 0.000208 0.162325
2 2 0.005534 0.311338 0.556236 0.000008 0.126884
2 2 0.036858 0.298659 0.558885 0.002212 0.103385
2 2 0.020556 0.221790 0.697549 0.001460 0.058645
2 2 0.076530 0.356247 0.488727 0.000473 0.078023
2 2 0.051947 0.349962 0.506930 0.000374 0.090788
2 2 0.010323 0.171667 0.756942 0.001439 0.059629
2 2 0.027658 0.354673 0.438455 0.000229 0.178986
1 2 0.051344 0.399512 0.365111 0.000151 0.183882
2 2 0.058656 0.363812 0.449795 0.000585 0.127151
1 2 0.039020 0.389843 0.371944 0.000127 0.199065
2 2 0.027965 0.359719 0.451929 0.000161 0.160226
2 2 0.013085 0.293609 0.560110 0.000279 0.132917
2 2 0.031454 0.377858 0.436631 0.000094 0.153963
2 2 0.010880 0.283133 0.516841 0.000528 0.188618
2 2 0.031235 0.343393 0.465364 0.000448 0.159560
2 2 0.022019 0.333230 0.454085 0.000352 0.190314
2 2 0.016461 0.246344 0.644830 0.001504 0.090861
2 2 0.027316 0.294828 0.604395 0.000462 0.072999
2 2 0.019722 0.268456 0.640173 0.000624 0.071026
2 2 0.013106 0.271181 0.655043 0.000103 0.060568
2 2 0.009270 0.205798 0.720410 0.000722 0.063800
2 2 0.069411 0.383393 0.428070 0.000319 0.118807
2 2 0.034922 0.328050 0.503202 0.000866 0.132960
2 2 0.028573 0.237585 0.646185 0.002458 0.085198
2 2 0.026304 0.292530 0.546008 0.001715 0.133444
2 4 0.028689 0.329431 0.478173 0.000699 0.163008
2 2 0.099831 0.245619 0.629497 0.001995 0.023058
2 2 0.179361 0.272000 0.516588 0.004575 0.027476
2 2 0.076772 0.264333 0.610928 0.005727 0.042240
2 2 0.055147 0.208021 0.703667 0.004003 0.029161
2 2 0.082455 0.292243 0.580763 0.001776 0.042762
2 2 0.019908 0.267388 0.540798 0.004122 0.167783
2 2 0.091627 0.384473 0.407013 0.000503 0.116384
2 2 0.054642 0.345931 0.495771 0.000688 0.102968
2 2 0.081010 0.382794 0.414113 0.000469 0.121615
1 2 0.106725 0.387308 0.368848 0.000740 0.136380
2 2 0.049863 0.349293 0.450603 0.001013 0.149228
2 2 0.014805 0.191634 0.709118 0.004826 0.079616
2 2 0.026796 0.295721 0.531725 0.002259 0.143498
2 2 0.035595 0.313818 0.521619 0.001605 0.127364
2 2 0.060999 0.325882 0.505290 0.001292 0.106537
2 2 0.003384 0.094461 0.847170 0.006823 0.048163
2 2 0.020161 0.259859 0.659095 0.000635 0.060250
2 2 0.007500 0.149663 0.792444 0.002863 0.047530
2 2 0.034936 0.306250 0.586564 0.000504 0.071745
2 2 0.061039 0.274101 0.604990 0.004543 0.055328
2 2 0.061519 0.354572 0.457373 0.000956 0.125580
2 3 0.035554 0.323002 0.532343 0.000727 0.108375
2 2 0.040992 0.209716 0.690132 0.005635 0.053524
2 3 0.043322 0.345647 0.498040 0.000480 0.112511
2 3 0.023773 0.311460 0.547083 0.000432 0.117251
2 3 0.023117 0.212565 0.687335 0.003403 0.073580
2 3 0.022235 0.269763 0.609197 0.001173 0.097633
2 3 0.048952 0.346870 0.477339 0.000789 0.126050
2 2 0.017411 0.259835 0.618638 0.000960 0.103155
2 2 0.029771 0.294363 0.550381 0.002321 0.123165
2 2 0.012369 0.179101 0.738913 0.002329 0.067287
2 2 0.007864 0.170517 0.760995 0.001484 0.059140
2 2 0.020646 0.284989 0.624520 0.000293 0.069552
2 2 0.013637 0.229593 0.693865 0.000896 0.062009
2 2 0.012690 0.195606 0.725808 0.001663 0.064234
2 2 0.032003 0.243641 0.629227 0.005843 0.089285
2 2 0.016684 0.188121 0.702592 0.012199 0.080404
2 2 0.035110 0.294724 0.583309 0.001433 0.085424
2 2 0.011285 0.170801 0.719645 0.005703 0.092565
2 2 0.016389 0.156257 0.766183 0.011450 0.049722
2 2 0.005996 0.203644 0.676120 0.001117 0.113123
2 2 0.007349 0.196269 0.703570 0.001760 0.091051
2 1 0.044842 0.357668 0.402922 0.000748 0.193820
2 2 0.061618 0.386450 0.414107 0.000282 0.137543
2 2 0.010621 0.201087 0.676216 0.004421 0.107655
2 2 0.014300 0.184464 0.610471 0.014481 0.176284
2 2 0.048672 0.354737 0.426040 0.000904 0.169647
2 2 0.027681 0.309094 0.510901 0.001043 0.151280
2 2 0.024376 0.299021 0.411450 0.002947 0.262207
2 2 0.059784 0.363017 0.446500 0.000661 0.130038
2 2 0.017542 0.285002 0.575335 0.000741 0.121379
2 2 0.012093 0.236413 0.567412 0.003326 0.180756
2 2 0.013699 0.204316 0.661278 0.004696 0.116011
2 2 0.013854 0.240628 0.638465 0.000862 0.106191
2 2 0.016213 0.246450 0.586818 0.002402 0.148116
2 2 0.011109 0.100722 0.813767 0.029643 0.044758
2 2 0.020673 0.150295 0.765795 0.013026 0.050210
2 2 0.013629 0.116010 0.802313 0.022145 0.045904
2 2 0.030429 0.173695 0.725790 0.014932 0.055154
2 2 0.043974 0.187721 0.710242 0.009390 0.048673
2 2 0.118647 0.253781 0.510472 0.025007 0.092092
2 2 0.074905 0.259236 0.516984 0.016533 0.132343
2 2 0.150237 0.328603 0.406963 0.007276 0.106921
2 2 0.025172 0.160783 0.677713 0.044250 0.092082
2 2 0.031159 0.161896 0.677154 0.036022 0.093768
2 2 0.038446 0.244877 0.582943 0.014552 0.119182
2 2 0.031819 0.200938 0.669254 0.014831 0.083158
2 2 0.014463 0.127353 0.748387 0.032200 0.077597
2 2 0.036549 0.242222 0.586001 0.014506 0.120723
2 2 0.023759 0.186631 0.677759 0.014555 0.097296
2 2 0.054788 0.215328 0.607991 0.027899 0.093994
2 2 0.025348 0.144639 0.646226 0.083561 0.100226
2 2 0.068875 0.278977 0.496418 0.014537 0.141194
2 3 0.024677 0.199980 0.531658 0.028801 0.214884
2 3 0.022328 0.166850 0.641621 0.044193 0.125008
2 3 0.014954 0.077428 0.681228 0.183778 0.042613
2 3 0.010659 0.073190 0.741080 0.133576 0.041495
2 3 0.013285 0.065822 0.691182 0.199572 0.030138
2 3 0.018719 0.092613 0.653225 0.174701 0.060742
2 2 0.016415 0.086698 0.750248 0.111694 0.034945
2 2 0.090546 0.309838 0.505162 0.005926 0.088528
2 2 0.031368 0.194041 0.691616 0.011937 0.071038
2 2 0.062740 0.306793 0.545340 0.002636 0.082491
2 2 0.038242 0.214751 0.648552 0.012944 0.085510
2 2 0.014129 0.157055 0.765664 0.006649 0.056502
2 2 0.052664 0.240095 0.621664 0.008048 0.077529
2 2 0.025413 0.189449 0.688730 0.018425 0.077983
2 2 0.019226 0.145432 0.731100 0.030757 0.073485
2 2 0.038196 0.210894 0.636793 0.019792 0.094325
2 2 0.032688 0.184056 0.661480 0.025990 0.095786
2 2 0.006581 0.098953 0.784841 0.029784 0.079842
2 2 0.006511 0.103127 0.818934 0.018632 0.052796
2 2 0.030705 0.210574 0.709409 0.001982 0.047330
2 2 0.008829 0.095381 0.801638 0.043768 0.050384
2 2 0.011176 0.126124 0.787678 0.022950 0.052073
2 2 0.040721 0.225154 0.626934 0.011238 0.095952
2 2 0.017177 0.154759 0.672246 0.036772 0.119045
2 2 0.023372 0.168883 0.705889 0.023244 0.078611
2 2 0.028683 0.226791 0.618543 0.010731 0.115253
2 2 0.022780 0.179365 0.741408 0.005172 0.051275
2 2 0.034229 0.238292 0.638923 0.005720 0.082836
2 2 0.010197 0.139356 0.750101 0.012838 0.087508
2 2 0.050551 0.256027 0.584184 0.010837 0.098401
2 2 0.031877 0.220194 0.624940 0.013828 0.109161
2 2 0.007633 0.125231 0.768407 0.015564 0.083164
2 2 0.022641 0.131817 0.710537 0.069191 0.065814
2 2 0.012362 0.093770 0.743295 0.091824 0.058749
2 3 0.052392 0.187468 0.665469 0.036670 0.058002
2 2 0.016143 0.133242 0.678375 0.058013 0.114227
2 2 0.031253 0.165362 0.697137 0.040140 0.066109
2 3 0.014112 0.144692 0.710173 0.030885 0.100139
2 3 0.015901 0.133294 0.667159 0.058751 0.124894
2 2 0.065212 0.308971 0.524486 0.004334 0.096997
2 2 0.010743 0.110436 0.795906 0.034539 0.048376
2 2 0.013916 0.126284 0.749328 0.035306 0.075166
2 3 0.085581 0.196937 0.651529 0.025561 0.040391
2 2 0.167868 0.210149 0.548011 0.030331 0.043641
2 2 0.174525 0.271142 0.513049 0.008170 0.033114
2 2 0.228987 0.263928 0.473832 0.007225 0.026028
2 2 0.049320 0.136928 0.758065 0.032876 0.022812
2 2 0.012216 0.221431 0.640414 0.003996 0.121943
2 2 0.033813 0.292034 0.556910 0.003064 0.114180
2 2 0.067798 0.330053 0.495576 0.001656 0.104916
2 2 0.022234 0.266903 0.614556 0.002090 0.094216
2 2 0.004544 0.109465 0.802332 0.009128 0.074531
2 2 0.060610 0.329579 0.497957 0.002113 0.109741
2 2 0.060424 0.354184 0.456948 0.000962 0.127482
2 2 0.031192 0.334138 0.477505 0.000659 0.156506
2 2 0.022560 0.223308 0.629411 0.007624 0.117098
2 3 0.030834 0.305123 0.528025 0.001838 0.134179
2 2 0.010130 0.131189 0.809508 0.007004 0.042168
2 2 0.021845 0.229795 0.658744 0.002803 0.086813
2 2 0.028629 0.267900 0.654464 0.000578 0.048429
2 2 0.038353 0.263818 0.637969 0.001392 0.058467
2 2 0.008774 0.175706 0.764426 0.001079 0.050015
4 4 0.075545 0.372261 0.157795 0.000137 0.394262
1 4 0.058160 0.390870 0.211601 0.000111 0.339259
4 4 0.037191 0.359756 0.181571 0.000065 0.421418
1 4 0.106834 0.406208 0.140145 0.000047 0.346766
4 4 0.077397 0.379545 0.161348 0.000119 0.381591
1 4 0.321972 0.358192 0.038322 0.000002 0.281512
4 1 0.129258 0.349718 0.071217 0.000024 0.449782
1 4 0.320993 0.342681 0.050100 0.000014 0.286211
4 4 0.130499 0.351358 0.085428 0.000058 0.432656
4 4 0.192903 0.365168 0.059074 0.000010 0.382846
4 4 0.120496 0.333754 0.033436 0.000001 0.512313
4 4 0.080443 0.311342 0.042959 0.000003 0.565253
4 4 0.094999 0.318859 0.034684 0.000001 0.551457
4 4 0.176872 0.321131 0.040383 0.000008 0.461606
4 4 0.067087 0.291489 0.030821 0.000001 0.610603
4 4 0.124500 0.345160 0.057344 0.000009 0.472987
4 4 0.118429 0.341658 0.055289 0.000007 0.484616
4 4 0.100772 0.300273 0.039178 0.000005 0.559772
4 4 0.191628 0.336332 0.038905 0.000004 0.433130
4 4 0.140570 0.352522 0.060275 0.000011 0.446622
4 4 0.150607 0.351031 0.042705 0.000002 0.455655
4 4 0.089004 0.278354 0.041300 0.000013 0.591328
4 4 0.145800 0.345510 0.034667 0.000001 0.474022
4 4 0.092300 0.313695 0.029857 0.000000 0.564147
4 4 0.121961 0.339492 0.043303 0.000002 0.495242
4 4 0.170478 0.336927 0.022493 0.000000 0.470101
4 4 0.269448 0.317236 0.018571 0.000000 0.394745
4 4 0.265777 0.296554 0.019483 0.000001 0.418185
0 4 0.353551 0.279686 0.023238 0.000005 0.343519
4 4 0.258715 0.313995 0.020137 0.000000 0.407154
4 4 0.176755 0.299534 0.022071 0.000001 0.501640
4 4 0.132653 0.278270 0.025667 0.000003 0.563407
0 4 0.380282 0.248346 0.018157 0.000007 0.353208
0 4 0.450207 0.172425 0.006812 0.000004 0.370552
0 4 0.494179 0.227082 0.008876 0.000000 0.269863
4 4 0.083485 0.299925 0.022135 0.000000 0.594456
4 4 0.044713 0.260969 0.029671 0.000001 0.664646
4 4 0.075948 0.297273 0.026542 0.000000 0.600236
4 4 0.034658 0.239260 0.024909 0.000000 0.701172
4 4 0.086203 0.302633 0.022569 0.000000 0.588595
4 4 0.085312 0.314419 0.040496 0.000002 0.559771
4 4 0.076616 0.281320 0.029943 0.000001 0.612121
4 4 0.050955 0.274638 0.036446 0.000002 0.637959
4 4 0.035767 0.248932 0.036633 0.000002 0.678665
4 4 0.080923 0.309636 0.038445 0.000002 0.570994
4 4 0.202384 0.313600 0.026790 0.000001 0.457224
4 4 0.129846 0.340082 0.036585 0.000001 0.493485
4 4 0.234296 0.352952 0.031727 0.000001 0.381024
4 4 0.175337 0.350513 0.028761 0.000000 0.445389
4 4 0.203420 0.359106 0.034372 0.000001 0.403101
1 4 0.218376 0.368594 0.073466 0.000029 0.339535
1 4 0.295859 0.364436 0.058422 0.000011 0.281271
4 1 0.186815 0.365830 0.076998 0.000035 0.370322
1 1 0.218546 0.368616 0.076603 0.000035 0.336199
4 1 0.145738 0.356625 0.079757 0.000041 0.417839
4 1 0.049169 0.321233 0.145340 0.000254 0.484003
4 1 0.110210 0.353245 0.116654 0.000174 0.419716
4 1 0.158857 0.360585 0.088249 0.000067 0.392241
4 1 0.045040 0.316584 0.170584 0.000508 0.467284
4 1 0.045193 0.279800 0.097760 0.000182 0.577065
4 1 0.143360 0.355252 0.072244 0.000025 0.429119
4 1 0.049557 0.287160 0.111687 0.000328 0.551268
4 1 0.083727 0.339917 0.128269 0.000253 0.447835
4 1 0.112005 0.339555 0.061037 0.000012 0.487390
4 1 0.135270 0.353356 0.090783 0.000078 0.420514
1 1 0.128882 0.416453 0.196512 0.000152 0.258002
1 1 0.052992 0.386633 0.246992 0.000172 0.313211
1 1 0.079129 0.377022 0.184634 0.000240 0.358975
1 2 0.052353 0.360614 0.300329 0.000813 0.285891
1 1 0.099853 0.398580 0.200319 0.000221 0.301027
2 2 0.029936 0.334583 0.550450 0.000145 0.084886
2 2 0.025366 0.326549 0.518415 0.000368 0.129303
2 2 0.014214 0.267309 0.624829 0.000549 0.093098
2 2 0.028544 0.352158 0.504732 0.000124 0.114441
2 2 0.010400 0.222043 0.672891 0.001100 0.093566
2 2 0.011358 0.294895 0.563965 0.000164 0.129619
2 2 0.005943 0.209137 0.708366 0.000465 0.076089
2 2 0.017793 0.298561 0.602784 0.000152 0.080711
2 2 0.017534 0.305988 0.573056 0.000198 0.103224
2 2 0.020843 0.344076 0.496307 0.000111 0.138664
2 2 0.003132 0.264038 0.603817 0.000016 0.128997
2 2 0.003641 0.276553 0.600926 0.000011 0.118869
2 2 0.006851 0.355944 0.514069 0.000002 0.123134
2 2 0.001560 0.208034 0.703556 0.000017 0.086833
2 1 0.001685 0.209983 0.654455 0.000059 0.133818
2 1 0.067982 0.387427 0.426188 0.000254 0.118150
2 2 0.113426 0.359885 0.426520 0.001490 0.098680
2 2 0.035545 0.313458 0.546875 0.000998 0.103124
2 1 0.026054 0.227321 0.678969 0.002793 0.064863
2 2 0.090586 0.355755 0.473812 0.000709 0.079139
2 1 0.168828 0.336298 0.405235 0.004748 0.084890
0 0 0.521759 0.243977 0.173853 0.008767 0.051644
0 1 0.577889 0.216280 0.170446 0.005965 0.029420
0 1 0.433673 0.314398 0.176256 0.000978 0.074695
0 1 0.369045 0.320489 0.242714 0.001918 0.065835
2 2 0.027514 0.270401 0.660077 0.000284 0.041724
2 2 0.020395 0.226722 0.710060 0.001263 0.041559
2 2 0.045367 0.314817 0.580425 0.000384 0.059006
2 2 0.021851 0.233471 0.702490 0.000631 0.041558
2 2 0.026062 0.252474 0.674668 0.000841 0.045955
2 2 0.047739 0.352379 0.519831 0.000195 0.079857
2 2 0.050084 0.356485 0.524726 0.000121 0.068584
2 2 0.037770 0.281186 0.625532 0.000891 0.054621
2 2 0.032247 0.322980 0.566402 0.000239 0.078131
2 2 0.020201 0.257991 0.657366 0.000695 0.063747
2 2 0.010147 0.122243 0.832667 0.005134 0.029808
2 2 0.067667 0.327983 0.535258 0.000866 0.068225
2 2 0.007048 0.095841 0.858488 0.010951 0.027672
2 2 0.054808 0.268346 0.644825 0.000795 0.031225
2 2 0.068602 0.300748 0.583614 0.000978 0.046058
2 2 0.043181 0.296348 0.596303 0.000980 0.063188
2 2 0.039510 0.281020 0.634576 0.000551 0.044343
2 2 0.071803 0.326574 0.542931 0.000664 0.058029
2 2 0.041045 0.271557 0.645600 0.000765 0.041033
2 2 0.055803 0.297356 0.566437 0.001765 0.078638
2 2 0.034114 0.134726 0.802033 0.012056 0.017071
2 2 0.070942 0.190203 0.707201 0.008733 0.022921
2 2 0.167026 0.262562 0.545252 0.003306 0.021853
2 2 0.075793 0.199477 0.695533 0.006696 0.022502
2 2 0.045972 0.137170 0.775113 0.021695 0.020049
2 2 0.021264 0.253352 0.670262 0.000761 0.054361
2 2 0.021953 0.267540 0.650625 0.000372 0.059510
2 2 0.017002 0.218843 0.695885 0.001388 0.066881
2 2 0.005670 0.131778 0.764883 0.007338 0.090330
2 2 0.020146 0.191464 0.730710 0.003995 0.053684
2 2 0.071908 0.168405 0.703518 0.025258 0.030911
2 2 0.098325 0.195443 0.655653 0.016014 0.034565
2 2 0.015043 0.073895 0.781151 0.107629 0.022281
2 2 0.039454 0.129237 0.788269 0.021642 0.021398
2 2 0.066378 0.160993 0.679984 0.052879 0.039766
2 2 0.053386 0.172608 0.704636 0.026885 0.042485
2 2 0.024116 0.100740 0.730912 0.108934 0.035299
2 2 0.023345 0.101258 0.717744 0.119295 0.038357
2 2 0.026959 0.138144 0.658560 0.097385 0.078952
2 2 0.010428 0.068871 0.749934 0.137438 0.033329
2 2 0.019722 0.056146 0.483373 0.415972 0.024787
