0 0 0.679054 0.061315 0.019997 0.021461 0.218173
0 0 0.837308 0.019381 0.001907 0.003438 0.137966
0 0 0.936071 0.003299 0.000063 0.000228 0.060339
0 0 0.928017 0.004041 0.000091 0.000311 0.067540
0 0 0.933322 0.003545 0.000072 0.000255 0.062806
0 0 0.881584 0.010128 0.000480 0.001139 0.106668
0 0 0.885637 0.011411 0.000567 0.001009 0.101375
0 0 0.770916 0.028294 0.003398 0.006529 0.190863
0 0 0.822575 0.018560 0.001521 0.003335 0.154009
0 0 0.829897 0.017302 0.001333 0.002985 0.148483
0 0 0.850626 0.013923 0.000887 0.002121 0.132444
0 0 0.858929 0.012648 0.000742 0.001824 0.125857
0 0 0.861547 0.012256 0.000699 0.001737 0.123762
0 0 0.843293 0.015086 0.001031 0.002405 0.138184
0 0 0.823322 0.018430 0.001501 0.003298 0.153449
0 0 0.803301 0.022022 0.002103 0.004374 0.168199
0 0 0.805063 0.021697 0.002045 0.004271 0.166924
0 0 0.803419 0.022000 0.002099 0.004367 0.168114
0 0 0.796573 0.023280 0.002338 0.004778 0.173031
0 0 0.792272 0.024097 0.002497 0.005048 0.176086
0 0 0.787071 0.025098 0.002699 0.005387 0.179745
0 0 0.775862 0.027302 0.003172 0.006165 0.187499
0 0 0.778283 0.026820 0.003066 0.005992 0.185839
0 0 0.785678 0.033306 0.004165 0.004969 0.171882
0 0 0.785890 0.037789 0.005031 0.004656 0.166633
0 0 0.780673 0.037952 0.005146 0.005032 0.171197
0 0 0.785177 0.031789 0.003888 0.005107 0.174039
0 0 0.778445 0.029610 0.003563 0.005789 0.182594
0 0 0.746387 0.033384 0.004683 0.008529 0.207017
0 0 0.726609 0.037678 0.005936 0.010386 0.219391
0 0 0.715740 0.040103 0.006714 0.011504 0.225939
0 0 0.708218 0.048405 0.009088 0.011501 0.222787
0 0 0.707449 0.060764 0.012749 0.010051 0.208986
0 0 0.722434 0.062894 0.012855 0.008091 0.193726
0 0 0.751730 0.051563 0.008840 0.006352 0.181515
0 0 0.739814 0.049253 0.008552 0.007709 0.194672
0 0 0.705939 0.054011 0.010763 0.011094 0.218193
0 0 0.688380 0.050264 0.010126 0.014082 0.237147
0 0 0.714184 0.040454 0.006830 0.011670 0.226862
0 0 0.750830 0.032442 0.004429 0.008142 0.204157
0 0 0.754579 0.031654 0.004222 0.007824 0.201721
0 0 0.768067 0.028871 0.003533 0.006745 0.192784
0 0 0.804239 0.021849 0.002072 0.004319 0.167521
0 0 0.819087 0.019171 0.001617 0.003510 0.156615
0 0 0.816374 0.019651 0.001695 0.003650 0.158631
0 0 0.796275 0.030214 0.003480 0.004399 0.165632
0 0 0.787226 0.038804 0.005212 0.004494 0.164265
0 0 0.753005 0.046515 0.007565 0.006684 0.186231
0 0 0.726668 0.049664 0.008983 0.009081 0.205604
0 0 0.716355 0.048027 0.008789 0.010497 0.216332
0 0 0.768064 0.031669 0.004067 0.006535 0.189665
0 0 0.796673 0.025170 0.002634 0.004665 0.170859
0 0 0.820296 0.018958 0.001584 0.003448 0.155714
0 0 0.834826 0.016474 0.001216 0.002763 0.144722
0 0 0.861047 0.012330 0.000707 0.001753 0.124162
0 0 0.857784 0.012821 0.000761 0.001864 0.126771
0 0 0.850074 0.014743 0.000971 0.002120 0.132092
0 0 0.829212 0.024856 0.002324 0.002717 0.140891
0 0 0.814881 0.032251 0.003614 0.003132 0.146122
0 0 0.767896 0.044248 0.006722 0.005576 0.175558
0 0 0.759063 0.038742 0.005658 0.006793 0.189743
0 0 0.761202 0.030277 0.003873 0.007282 0.197366
0 0 0.819041 0.019179 0.001619 0.003512 0.156649
0 0 0.851672 0.013759 0.000868 0.002082 0.131620
0 0 0.873018 0.010594 0.000534 0.001383 0.114471
0 0 0.877001 0.010040 0.000483 0.001272 0.111204
0 0 0.883024 0.009223 0.000413 0.001115 0.106225
0 0 0.880986 0.012031 0.000628 0.001121 0.105233
0 0 0.877803 0.015611 0.000950 0.001136 0.104500
0 0 0.852800 0.023575 0.001967 0.001737 0.119921
0 0 0.834744 0.029773 0.002990 0.002253 0.130241
0 0 0.817331 0.035265 0.004093 0.002852 0.140459
0 0 0.810133 0.036510 0.004418 0.003179 0.145761
0 0 0.784087 0.044782 0.006507 0.004316 0.160308
0 0 0.756526 0.055473 0.009694 0.005600 0.172706
0 0 0.737725 0.055297 0.010202 0.007320 0.189456
0 0 0.718098 0.054118 0.010445 0.009572 0.207767
0 0 0.684599 0.055399 0.011822 0.013910 0.234270
0 0 0.672715 0.050100 0.010487 0.016637 0.250061
0 0 0.715873 0.040073 0.006704 0.011490 0.225861
0 0 0.732723 0.036334 0.005526 0.009788 0.215629
0 0 0.713442 0.040621 0.006887 0.011749 0.227301
0 0 0.713893 0.040519 0.006852 0.011701 0.227034
0 0 0.726043 0.037803 0.005974 0.010443 0.219736
0 0 0.733295 0.036209 0.005489 0.009733 0.215274
0 0 0.741707 0.034386 0.004961 0.008948 0.209999
0 0 0.795396 0.023503 0.002381 0.004851 0.173870
0 0 0.826184 0.017936 0.001426 0.003159 0.151294
0 0 0.841557 0.015367 0.001067 0.002476 0.139533
0 0 0.819850 0.019037 0.001596 0.003471 0.156047
0 0 0.814726 0.019944 0.001743 0.003737 0.159850
0 0 0.806546 0.021425 0.001996 0.004186 0.165846
0 0 0.813124 0.020231 0.001791 0.003822 0.161032
0 0 0.805184 0.021675 0.002041 0.004264 0.166836
0 0 0.828292 0.017575 0.001373 0.003059 0.149701
0 0 0.847367 0.014435 0.000949 0.002244 0.135004
0 0 0.854293 0.013354 0.000821 0.001986 0.129546
0 0 0.843272 0.016676 0.001203 0.002356 0.136493
0 0 0.837561 0.016021 0.001154 0.002644 0.142621
0 0 0.833722 0.016658 0.001241 0.002811 0.145567
0 0 0.818432 0.019286 0.001636 0.003543 0.157103
0 0 0.801123 0.022427 0.002178 0.004502 0.169770
0 0 0.804516 0.027730 0.002978 0.003990 0.160786
0 0 0.819238 0.036916 0.004351 0.002674 0.136821
0 0 0.821010 0.046658 0.006079 0.002142 0.124111
0 0 0.801301 0.058769 0.009069 0.002473 0.128388
0 0 0.802682 0.059134 0.009101 0.002388 0.126695
0 0 0.792400 0.064313 0.010618 0.002620 0.130050
0 0 0.792589 0.063513 0.010429 0.002654 0.130815
0 0 0.787344 0.065789 0.011157 0.002799 0.132911
0 1 0.777400 0.063634 0.011029 0.003496 0.144442
0 1 0.789104 0.051092 0.007758 0.003579 0.148467
0 1 0.782356 0.050625 0.007828 0.004041 0.155150
0 0 0.780444 0.049295 0.007577 0.004261 0.158423
0 1 0.767677 0.049693 0.007980 0.005170 0.169481
0 1 0.763813 0.042655 0.006444 0.006045 0.181043
0 0 0.730957 0.048928 0.008682 0.008680 0.202753
0 1 0.661075 0.064335 0.015671 0.016258 0.242662
0 1 0.594845 0.080206 0.025563 0.026241 0.273144
0 2 0.538617 0.095426 0.037787 0.036619 0.291552
0 2 0.514244 0.104175 0.045532 0.040919 0.295130
0 2 0.503719 0.110488 0.050832 0.041804 0.293157
0 2 0.477358 0.147896 0.081205 0.034454 0.259087
0 2 0.369611 0.212242 0.170858 0.033217 0.214072
0 2 0.281622 0.248931 0.263864 0.031134 0.174450
2 2 0.219053 0.261460 0.340492 0.030921 0.148075
2 2 0.165838 0.252451 0.406103 0.039029 0.136579
2 2 0.136895 0.218306 0.457564 0.059399 0.127836
2 2 0.136776 0.192443 0.476138 0.074817 0.119827
2 2 0.133559 0.186365 0.485689 0.080213 0.114174
2 2 0.136010 0.186969 0.466890 0.087750 0.122380
2 2 0.138387 0.187577 0.450810 0.093286 0.129940
2 2 0.136178 0.183183 0.471711 0.088598 0.120331
2 2 0.129042 0.176577 0.505727 0.084512 0.104141
2 2 0.122311 0.168484 0.523082 0.092308 0.093814
2 2 0.120422 0.160170 0.487824 0.133194 0.098390
2 2 0.117051 0.153142 0.478124 0.155847 0.095836
2 2 0.115548 0.150713 0.462829 0.173842 0.097067
2 2 0.115274 0.150084 0.456733 0.180009 0.097899
2 2 0.115076 0.146661 0.418015 0.214707 0.105542
2 2 0.112211 0.139494 0.382616 0.256707 0.108973
2 2 0.106200 0.128745 0.337940 0.316983 0.110132
3 2 0.103154 0.123252 0.310382 0.350969 0.112243
3 2 0.101606 0.119205 0.300839 0.367004 0.111347
3 3 0.099719 0.117016 0.288907 0.382994 0.111364
3 3 0.099263 0.116033 0.269166 0.398675 0.116865
3 3 0.094221 0.111024 0.219540 0.448005 0.127211
3 3 0.086422 0.102557 0.166094 0.506488 0.138440
3 3 0.070002 0.085753 0.117766 0.596942 0.129537
3 3 0.062173 0.077191 0.105214 0.639417 0.116004
3 3 0.054510 0.069104 0.093153 0.680306 0.102927
3 3 0.048254 0.062667 0.083429 0.713317 0.092333
3 3 0.043891 0.058082 0.076580 0.736593 0.084854
3 3 0.048593 0.063164 0.084061 0.711169 0.093013
3 3 0.066910 0.082112 0.112618 0.614351 0.124009
3 3 0.106325 0.116294 0.172992 0.422842 0.181548
4 2 0.259047 0.140310 0.145713 0.152704 0.302226
0 0 0.421368 0.180829 0.122154 0.035423 0.240225
0 0 0.526593 0.169701 0.084511 0.016349 0.202845
0 0 0.658017 0.094241 0.027317 0.011703 0.208722
0 0 0.773999 0.035494 0.004749 0.005738 0.180021
0 0 0.796581 0.028622 0.003203 0.004472 0.167122
0 0 0.802822 0.031707 0.003666 0.003879 0.157926
0 0 0.781320 0.046529 0.006944 0.004390 0.160816
0 0 0.799839 0.047093 0.006649 0.003182 0.143237
0 0 0.790641 0.049026 0.007270 0.003613 0.149450
0 0 0.764988 0.062525 0.011210 0.004390 0.156887
0 1 0.743165 0.072440 0.014780 0.005228 0.164387
0 0 0.757830 0.064752 0.012052 0.004738 0.160628
0 0 0.771177 0.060303 0.010437 0.004124 0.153960
0 0 0.780980 0.057120 0.009354 0.003700 0.148846
0 1 0.785317 0.056664 0.009114 0.003462 0.145443
0 0 0.788448 0.053703 0.008352 0.003457 0.146039
0 0 0.788488 0.047296 0.006950 0.003857 0.153408
0 0 0.787744 0.044122 0.006293 0.004110 0.157731
0 1 0.759632 0.053932 0.009217 0.005473 0.171745
0 1 0.742538 0.058775 0.010993 0.006526 0.181168
0 0 0.678577 0.092458 0.025120 0.009350 0.194496
0 1 0.571772 0.150674 0.064443 0.013634 0.199476
0 1 0.538466 0.163739 0.078314 0.015880 0.203601
0 1 0.409407 0.178816 0.124565 0.039811 0.247401
0 2 0.417561 0.187475 0.128981 0.033316 0.232668
0 2 0.484961 0.164273 0.091086 0.026240 0.233441
0 2 0.541919 0.123186 0.053671 0.026593 0.254631
0 1 0.525292 0.134143 0.062885 0.027066 0.250613
0 2 0.429882 0.158996 0.101375 0.043661 0.266086
0 2 0.388486 0.171009 0.124842 0.050894 0.264769
0 2 0.344267 0.189072 0.160860 0.054548 0.251253
0 2 0.275903 0.229949 0.249024 0.044871 0.200254
2 2 0.209364 0.240855 0.329157 0.048068 0.172557
2 2 0.162636 0.239999 0.395322 0.051194 0.150849
2 2 0.136047 0.233607 0.447965 0.051448 0.130934
2 2 0.108204 0.193687 0.592895 0.036430 0.068784
2 2 0.093879 0.169386 0.657433 0.030572 0.048730
2 2 0.092759 0.166968 0.662649 0.030296 0.047329
2 2 0.093836 0.166777 0.659580 0.031424 0.048382
2 2 0.094881 0.158865 0.662187 0.035552 0.048515
2 2 0.099463 0.155732 0.649419 0.042475 0.052910
2 2 0.098191 0.147861 0.658307 0.045021 0.050620
2 2 0.102469 0.143498 0.645248 0.054083 0.054702
2 2 0.102553 0.137153 0.638679 0.065928 0.055687
2 2 0.107011 0.134797 0.594841 0.099274 0.064078
2 2 0.113154 0.135876 0.520844 0.150463 0.079664
2 2 0.111004 0.125118 0.383244 0.279469 0.101165
3 2 0.096967 0.113121 0.274224 0.405715 0.109972
3 2 0.082357 0.100209 0.195974 0.508796 0.112664
3 2 0.073392 0.091574 0.154215 0.566482 0.114336
3 3 0.071531 0.088920 0.133125 0.583288 0.123136
3 3 0.070145 0.086417 0.118363 0.594925 0.130151
3 3 0.071404 0.086454 0.119408 0.591386 0.131348
3 3 0.070120 0.084455 0.116913 0.599813 0.128698
3 3 0.060735 0.074780 0.102305 0.649275 0.112905
3 3 0.050774 0.064442 0.086765 0.702001 0.096018
3 3 0.044166 0.057372 0.076313 0.737530 0.084618
3 3 0.043622 0.056707 0.075394 0.740659 0.083618
3 3 0.044528 0.057410 0.076639 0.736428 0.084994
3 3 0.040734 0.052952 0.070362 0.757802 0.078149
3 3 0.034637 0.045851 0.060328 0.792014 0.067170
3 3 0.028941 0.039113 0.050891 0.824247 0.056808
3 3 0.027594 0.037389 0.048571 0.832185 0.054261
3 3 0.032042 0.042289 0.055686 0.807879 0.062104
3 3 0.040214 0.051033 0.068578 0.763903 0.076272
3 3 0.048349 0.059304 0.081108 0.721243 0.089996
3 3 0.043639 0.054394 0.073767 0.746231 0.081970
3 3 0.036593 0.046721 0.062556 0.784443 0.069688
3 3 0.028447 0.038010 0.049716 0.828285 0.055542
3 3 0.027576 0.037114 0.048366 0.832896 0.054049
3 3 0.027252 0.036847 0.047910 0.834450 0.053540
3 3 0.027113 0.036563 0.047598 0.835524 0.053203
3 3 0.025848 0.034878 0.045375 0.843137 0.050762
3 3 0.024646 0.033127 0.043161 0.850729 0.048336
3 3 0.024966 0.033074 0.043393 0.849952 0.048615
3 3 0.028624 0.036901 0.049090 0.830460 0.054925
3 3 0.038602 0.047653 0.064854 0.776611 0.072280
3 3 0.054710 0.065337 0.090591 0.688996 0.100366
3 2 0.077150 0.089536 0.126259 0.568176 0.138879
3 2 0.101261 0.115212 0.165573 0.440258 0.177697
3 2 0.128592 0.160643 0.243852 0.267865 0.199048
2 2 0.142679 0.190698 0.371276 0.130174 0.165172
2 2 0.143276 0.201388 0.435494 0.079321 0.140520
2 2 0.150127 0.223493 0.448911 0.052019 0.125449
2 2 0.160474 0.237506 0.425964 0.044948 0.131109
2 2 0.147611 0.238808 0.448045 0.042731 0.122805
2 2 0.155749 0.235314 0.400437 0.056090 0.152409
2 2 0.165950 0.232330 0.378723 0.059938 0.163060
2 2 0.162670 0.222953 0.370249 0.071413 0.172715
2 2 0.150247 0.220321 0.397007 0.071790 0.160635
2 2 0.148021 0.221109 0.391610 0.073885 0.165375
2 2 0.147596 0.221903 0.393750 0.072740 0.164011
2 2 0.146536 0.223808 0.398944 0.070009 0.160702
2 2 0.144813 0.226709 0.407012 0.065899 0.155567
2 2 0.152099 0.231295 0.400847 0.060673 0.155087
2 2 0.150784 0.240386 0.416702 0.049870 0.142259
2 2 0.156590 0.246955 0.425096 0.040741 0.130618
2 2 0.150889 0.239923 0.453251 0.039019 0.116919
2 2 0.136392 0.230266 0.500663 0.035486 0.097194
2 2 0.119237 0.214045 0.536848 0.040525 0.089346
2 2 0.120541 0.212559 0.533206 0.042418 0.091276
2 2 0.122152 0.209547 0.529519 0.045331 0.093451
2 2 0.128642 0.218280 0.495612 0.049161 0.108303
2 2 0.136151 0.219819 0.459970 0.057677 0.126384
2 2 0.163662 0.228872 0.388901 0.060783 0.157782
2 2 0.240529 0.229802 0.280741 0.052822 0.196106
0 2 0.441655 0.181565 0.116028 0.029852 0.230899
0 0 0.581264 0.141835 0.058188 0.014072 0.204641
0 0 0.660354 0.106627 0.032111 0.009506 0.191401
0 0 0.717966 0.070246 0.015264 0.007745 0.188779
0 0 0.742632 0.051143 0.008969 0.007243 0.190013
0 0 0.747369 0.043085 0.006860 0.007536 0.195150
0 0 0.760215 0.038093 0.005498 0.006740 0.189453
0 0 0.733945 0.058552 0.011211 0.007368 0.188923
0 0 0.714499 0.080583 0.018711 0.006957 0.179250
0 0 0.715486 0.084451 0.019906 0.006452 0.173705
0 0 0.767075 0.060569 0.010643 0.004388 0.157324
0 0 0.730779 0.081412 0.018060 0.005423 0.164327
0 0 0.713498 0.092616 0.022703 0.005791 0.165392
0 0 0.708361 0.099565 0.025397 0.005531 0.161147
0 0 0.715562 0.096652 0.023873 0.005226 0.158688
0 0 0.705074 0.100234 0.025887 0.005740 0.163065
0 0 0.692917 0.104419 0.028363 0.006368 0.167933
0 0 0.675011 0.109083 0.031707 0.007550 0.176650
0 1 0.631476 0.116274 0.039102 0.011670 0.201478
0 1 0.571392 0.124298 0.050302 0.019903 0.234106
0 1 0.507516 0.119959 0.056512 0.036887 0.279126
0 1 0.448794 0.123022 0.068031 0.055605 0.304548
0 1 0.427770 0.116563 0.066558 0.067984 0.321125
0 2 0.430746 0.135818 0.081844 0.055728 0.295864
0 2 0.410951 0.164757 0.111801 0.046828 0.265664
0 2 0.346929 0.208885 0.179539 0.040867 0.223780
2 2 0.257114 0.237207 0.273619 0.043383 0.188678
2 2 0.186629 0.239805 0.357916 0.051131 0.164520
2 2 0.144776 0.227806 0.408876 0.064436 0.154106
2 2 0.135163 0.223535 0.461538 0.054692 0.125071
2 2 0.113885 0.197443 0.570231 0.040987 0.077454
2 2 0.107140 0.195292 0.595107 0.034831 0.067631
2 2 0.107375 0.199378 0.590898 0.033740 0.068610
2 2 0.104980 0.200420 0.597728 0.031235 0.065636
2 2 0.100931 0.189549 0.619701 0.030795 0.059025
2 2 0.097798 0.179594 0.637510 0.030980 0.054118
2 2 0.100519 0.176214 0.631721 0.034833 0.056713
2 2 0.105186 0.175615 0.616914 0.040148 0.062137
2 2 0.110067 0.172377 0.602079 0.047610 0.067866
2 2 0.107249 0.172209 0.612212 0.044129 0.064201
2 2 0.107456 0.180470 0.605684 0.040682 0.065708
2 2 0.104781 0.184746 0.611373 0.036121 0.062980
2 2 0.108502 0.192603 0.592775 0.037116 0.069005
2 2 0.105485 0.185597 0.608393 0.036539 0.063987
2 2 0.115470 0.196582 0.565189 0.043072 0.079686
2 2 0.112845 0.192345 0.577947 0.041855 0.075008
2 2 0.116931 0.191243 0.563821 0.047075 0.080930
2 2 0.120100 0.187869 0.553952 0.052735 0.085345
2 2 0.120644 0.179298 0.557151 0.058306 0.084602
2 2 0.127604 0.179273 0.527138 0.069098 0.096887
2 2 0.132477 0.176498 0.489254 0.090401 0.111370
2 2 0.139685 0.179359 0.437253 0.110600 0.133103
2 2 0.161013 0.191458 0.389075 0.097378 0.161076
2 1 0.189900 0.220109 0.345788 0.067701 0.176501
2 1 0.184775 0.251070 0.374897 0.040602 0.148656
2 2 0.195958 0.261717 0.370768 0.031876 0.139682
2 2 0.199255 0.256160 0.360346 0.035934 0.148304
2 2 0.179333 0.255328 0.388006 0.036977 0.140357
2 2 0.152906 0.251066 0.426838 0.039202 0.129988
2 2 0.135633 0.255703 0.465238 0.032220 0.111206
2 2 0.123595 0.249365 0.486413 0.034088 0.106540
2 2 0.119427 0.234529 0.517199 0.034403 0.094442
2 2 0.119233 0.223822 0.528085 0.037313 0.091547
2 2 0.119348 0.217885 0.533050 0.039325 0.090393
2 2 0.141039 0.228029 0.460134 0.049053 0.121745
2 2 0.211488 0.240681 0.326334 0.047970 0.173526
0 2 0.324355 0.227140 0.210666 0.035630 0.202209
0 2 0.444328 0.190104 0.121627 0.025807 0.218134
0 0 0.575825 0.134007 0.054911 0.016710 0.218548
0 0 0.651522 0.101242 0.030693 0.011458 0.205084
0 0 0.683408 0.093884 0.025300 0.008605 0.188804
0 0 0.697783 0.093972 0.024286 0.007088 0.176872
0 0 0.703349 0.095573 0.024430 0.006382 0.170265
0 0 0.715066 0.087041 0.020773 0.006221 0.170899
0 0 0.708033 0.092168 0.022937 0.006320 0.170542
0 0 0.697519 0.100719 0.026668 0.006355 0.168739
0 0 0.701896 0.099399 0.025856 0.006104 0.166745
0 0 0.710607 0.095316 0.023804 0.005767 0.164506
0 0 0.718022 0.092152 0.022234 0.005457 0.162136
0 0 0.720161 0.091539 0.021888 0.005340 0.161072
0 0 0.702877 0.103975 0.027346 0.005545 0.160257
0 0 0.653085 0.125060 0.040366 0.007732 0.173756
0 1 0.636542 0.114388 0.037724 0.011305 0.200041
0 0 0.711695 0.061546 0.012838 0.009446 0.204474
0 0 0.710889 0.070960 0.015803 0.008416 0.193932
0 0 0.663791 0.095444 0.027359 0.010746 0.202660
0 0 0.651840 0.093194 0.027353 0.012746 0.214867
0 0 0.681418 0.073503 0.018036 0.011690 0.215353
0 0 0.646950 0.087205 0.025244 0.014531 0.226070
0 0 0.646264 0.089984 0.026435 0.014141 0.223175
0 0 0.671268 0.091825 0.025401 0.010331 0.201176
0 0 0.718677 0.074264 0.016483 0.007233 0.183343
0 0 0.707178 0.087215 0.021331 0.006937 0.177338
0 0 0.658997 0.111158 0.034069 0.009011 0.186765
0 0 0.595009 0.135839 0.053009 0.013230 0.202912
0 0 0.486444 0.171011 0.095343 0.023575 0.223627
0 0 0.489330 0.170372 0.094159 0.023178 0.222962
0 0 0.356774 0.210918 0.176250 0.037100 0.218959
0 0 0.412664 0.212086 0.150541 0.023872 0.200838
0 0 0.561625 0.154763 0.068527 0.014288 0.200796
0 0 0.661350 0.109674 0.033242 0.008952 0.186782
0 0 0.645780 0.128290 0.042602 0.008060 0.175267
0 0 0.644198 0.124832 0.041349 0.008725 0.180895
0 0 0.692364 0.085979 0.021842 0.008624 0.191191
0 0 0.749310 0.055758 0.009981 0.006193 0.178758
0 0 0.730747 0.075239 0.016193 0.006009 0.171812
0 0 0.719553 0.090761 0.021681 0.005464 0.162542
0 0 0.724162 0.097912 0.023616 0.004457 0.149852
0 0 0.742900 0.090768 0.020093 0.003754 0.142485
0 0 0.731425 0.092822 0.021502 0.004368 0.149883
0 0 0.714419 0.097722 0.024310 0.005216 0.158334
0 0 0.715227 0.094576 0.023221 0.005452 0.161524
0 0 0.706484 0.097954 0.025002 0.005853 0.164707
0 0 0.699176 0.100854 0.026580 0.006191 0.167200
0 0 0.695908 0.102931 0.027579 0.006260 0.167322
0 0 0.689487 0.105532 0.029063 0.006560 0.169358
0 0 0.679366 0.107148 0.030570 0.007349 0.175568
0 1 0.672297 0.105963 0.030762 0.008238 0.182740
0 1 0.727724 0.070116 0.014795 0.006793 0.180571
0 1 0.707410 0.080318 0.019018 0.007695 0.185559
0 0 0.688891 0.068961 0.016121 0.011336 0.214691
0 0 0.705444 0.042440 0.007513 0.012628 0.231975
0 0 0.798766 0.022868 0.002260 0.004644 0.171463
0 0 0.799193 0.022787 0.002245 0.004618 0.171157
0 0 0.811059 0.023394 0.002251 0.003800 0.159496
0 0 0.790953 0.037619 0.004918 0.004310 0.162200
0 0 0.799404 0.044995 0.006231 0.003327 0.146044
0 0 0.749335 0.064664 0.012353 0.005407 0.168241
0 0 0.736082 0.064138 0.012709 0.006607 0.180464
0 0 0.726934 0.070034 0.014805 0.006877 0.181351
0 1 0.679146 0.089211 0.023871 0.009731 0.198042
0 1 0.628914 0.103846 0.033803 0.014300 0.219138
0 1 0.580648 0.109263 0.041174 0.021893 0.247023
0 1 0.535495 0.123578 0.054806 0.028024 0.258097
0 2 0.522169 0.122561 0.056077 0.031793 0.267399
0 2 0.515567 0.138984 0.067631 0.027800 0.250017
0 2 0.546701 0.133145 0.058857 0.022539 0.238758
0 2 0.579591 0.138162 0.056537 0.015133 0.210578
0 2 0.583512 0.147016 0.060478 0.012667 0.196326
0 2 0.614307 0.131478 0.048158 0.011332 0.194725
0 0 0.689827 0.089973 0.023428 0.008398 0.188375
0 0 0.725622 0.074974 0.016365 0.006495 0.176544
0 0 0.734832 0.072594 0.015210 0.005906 0.171457
0 0 0.734113 0.075095 0.015984 0.005733 0.169075
0 0 0.741822 0.070398 0.014258 0.005518 0.168004
0 0 0.748965 0.065856 0.012693 0.005334 0.167152
0 0 0.743025 0.068056 0.013543 0.005628 0.169748
0 1 0.741927 0.069019 0.013862 0.005633 0.169560
0 1 0.748441 0.065920 0.012731 0.005371 0.167538
0 1 0.746404 0.069554 0.013821 0.005221 0.165001
0 0 0.711259 0.090457 0.022145 0.006209 0.169931
0 1 0.674875 0.107496 0.031115 0.007765 0.178749
0 1 0.648573 0.116032 0.037148 0.009520 0.188727
0 2 0.656544 0.106911 0.032578 0.009925 0.194042
0 2 0.660749 0.104302 0.031140 0.009800 0.194010
0 0 0.621955 0.128203 0.045625 0.010892 0.193326
0 0 0.535210 0.176918 0.086572 0.013268 0.188032
0 1 0.420915 0.227765 0.158055 0.016900 0.176364
0 2 0.313165 0.256993 0.245121 0.022198 0.162523
2 2 0.219883 0.260499 0.338525 0.031508 0.149586
2 2 0.170351 0.243727 0.387738 0.047528 0.150656
2 2 0.147535 0.230188 0.407489 0.061651 0.153137
2 2 0.151070 0.234344 0.407376 0.056864 0.150346
2 2 0.145369 0.243711 0.431428 0.045558 0.133934
2 2 0.140421 0.247506 0.462682 0.035771 0.113620
2 2 0.146214 0.251843 0.458668 0.032244 0.111030
2 2 0.147581 0.243571 0.470569 0.032800 0.105479
2 2 0.109449 0.205044 0.579173 0.033923 0.072411
2 2 0.104149 0.182267 0.615372 0.036374 0.061837
2 2 0.092503 0.166356 0.663882 0.030253 0.047006
2 2 0.091157 0.165933 0.668167 0.029098 0.045646
2 2 0.089084 0.166154 0.673959 0.027104 0.043700
2 2 0.089603 0.170629 0.668851 0.026247 0.044670
2 2 0.095231 0.180149 0.644747 0.028452 0.051421
2 2 0.103759 0.186757 0.613085 0.034380 0.062019
2 2 0.114756 0.186477 0.575383 0.046625 0.076759
2 2 0.113900 0.170622 0.588866 0.053777 0.072835
2 2 0.116820 0.154064 0.578422 0.074770 0.075924
2 2 0.112104 0.140067 0.575968 0.099972 0.071889
2 2 0.112690 0.139548 0.570825 0.103686 0.073251
2 2 0.110734 0.140924 0.597881 0.082962 0.067499
2 2 0.113859 0.145581 0.597162 0.073865 0.069533
2 2 0.112942 0.146619 0.601406 0.070744 0.068290
2 2 0.113444 0.149580 0.596557 0.070590 0.069829
2 2 0.112646 0.148717 0.587088 0.080047 0.071502
2 2 0.110821 0.145248 0.577202 0.095257 0.071472
2 2 0.112753 0.139647 0.539954 0.129597 0.078049
2 2 0.112439 0.131404 0.504203 0.169994 0.081961
2 2 0.111785 0.125209 0.464774 0.211577 0.086654
2 2 0.110713 0.124887 0.457769 0.220147 0.086484
2 2 0.111044 0.126788 0.459362 0.216105 0.086701
2 2 0.114248 0.128429 0.411208 0.246106 0.100009
2 3 0.109676 0.123679 0.339058 0.316024 0.111562
3 3 0.099172 0.116183 0.243607 0.413773 0.127265
3 3 0.082708 0.100187 0.162013 0.522165 0.132928
3 3 0.081860 0.096795 0.135391 0.537416 0.148538
3 2 0.084129 0.098729 0.138633 0.526479 0.152029
3 2 0.100660 0.115439 0.179070 0.438247 0.166583
3 2 0.120204 0.140898 0.285677 0.299781 0.153441
2 2 0.132674 0.170953 0.448057 0.125813 0.122504
2 2 0.125949 0.172911 0.537540 0.071044 0.092556
2 2 0.116200 0.169284 0.580623 0.057952 0.075941
2 2 0.105010 0.165289 0.624528 0.044714 0.060459
2 2 0.105071 0.170816 0.620674 0.042132 0.061308
2 2 0.101073 0.173019 0.632361 0.036634 0.056914
2 2 0.109412 0.185510 0.595205 0.040801 0.069071
2 2 0.150503 0.211414 0.474752 0.051594 0.111736
2 2 0.229299 0.233790 0.310868 0.049006 0.177037
2 2 0.153928 0.223933 0.481052 0.038739 0.102348
2 2 0.138020 0.214645 0.508613 0.042201 0.096522
2 2 0.114321 0.189550 0.574745 0.044719 0.076665
2 2 0.108742 0.182197 0.599992 0.041419 0.067650
2 2 0.116329 0.167375 0.581092 0.059387 0.075818
2 2 0.109736 0.156362 0.612252 0.056580 0.065070
2 2 0.107720 0.147575 0.623737 0.059618 0.061349
2 2 0.108715 0.149501 0.615709 0.062481 0.063593
2 2 0.109083 0.150298 0.579480 0.090598 0.070542
2 2 0.107203 0.148452 0.567604 0.105985 0.070757
2 2 0.108363 0.145840 0.520161 0.147041 0.078595
2 2 0.112771 0.143474 0.439227 0.207507 0.097020
2 3 0.115832 0.142846 0.350978 0.267506 0.122838
3 3 0.112303 0.132319 0.243153 0.355283 0.156942
3 3 0.103373 0.116691 0.168119 0.430286 0.181531
3 3 0.091299 0.104411 0.148549 0.493034 0.162707
3 3 0.094842 0.107272 0.155031 0.476271 0.166584
3 3 0.129318 0.138177 0.208294 0.310708 0.213504
2 0 0.216469 0.205029 0.270625 0.084770 0.223107
0 0 0.292965 0.240285 0.246097 0.034325 0.186329
0 1 0.319400 0.251468 0.235925 0.023798 0.169409
0 1 0.325599 0.251833 0.231673 0.022692 0.168203
0 1 0.366692 0.229186 0.186912 0.025720 0.191489
0 2 0.395751 0.207446 0.154328 0.029429 0.213046
0 2 0.407765 0.194684 0.138663 0.032451 0.226437
0 2 0.462190 0.158983 0.092914 0.034034 0.251879
0 2 0.575403 0.108819 0.041499 0.023126 0.251153
0 1 0.617903 0.101284 0.033629 0.016628 0.230556
0 0 0.545726 0.153115 0.070679 0.017308 0.213171
0 1 0.431461 0.213708 0.143692 0.019772 0.191367
0 2 0.323026 0.248204 0.230572 0.024752 0.173446
2 2 0.219365 0.253861 0.332222 0.036273 0.158279
2 2 0.137192 0.237356 0.438621 0.051267 0.135564
2 2 0.135344 0.209366 0.472270 0.061970 0.121050
2 2 0.128366 0.181078 0.522770 0.069057 0.098729
2 2 0.125122 0.173790 0.540878 0.068984 0.091226
2 2 0.120026 0.168863 0.565183 0.064191 0.081737
2 2 0.114889 0.163761 0.588619 0.059579 0.073152
2 2 0.112260 0.160881 0.595931 0.060780 0.070149
2 2 0.115085 0.161918 0.579904 0.067737 0.075356
2 2 0.118264 0.159602 0.564160 0.077392 0.080581
2 2 0.119265 0.150408 0.544392 0.101871 0.084064
2 2 0.116000 0.138136 0.536050 0.129221 0.080593
2 2 0.115140 0.138215 0.547032 0.121505 0.078108
2 2 0.116645 0.149770 0.573161 0.083776 0.076648
2 2 0.121532 0.162591 0.561238 0.071528 0.083112
2 2 0.125550 0.176112 0.537896 0.068000 0.092442
2 2 0.131593 0.181999 0.507164 0.073769 0.105474
2 2 0.133630 0.182068 0.476647 0.090710 0.116944
2 2 0.127678 0.161428 0.425133 0.164203 0.121558
2 2 0.127384 0.146908 0.349423 0.234911 0.141374
2 2 0.134386 0.143634 0.297231 0.252251 0.172498
2 2 0.156640 0.169789 0.313975 0.153451 0.206145
2 2 0.159780 0.182283 0.298641 0.135665 0.223631
2 2 0.160524 0.169229 0.270996 0.159247 0.240004
4 4 0.190098 0.152883 0.207225 0.172665 0.277129
4 4 0.229377 0.149746 0.172317 0.151917 0.296643
4 4 0.265405 0.145078 0.145223 0.134333 0.309961
4 4 0.271981 0.144077 0.140709 0.131268 0.311964
4 4 0.285466 0.141899 0.131830 0.125122 0.315683
4 4 0.312969 0.136992 0.115177 0.113144 0.321719
0 4 0.328144 0.134050 0.106756 0.106850 0.324201
0 4 0.334366 0.132801 0.103450 0.104333 0.325051
0 4 0.338611 0.131935 0.101242 0.102636 0.325576
0 4 0.326292 0.134417 0.107756 0.107606 0.323929
4 4 0.315525 0.136507 0.113722 0.112068 0.322178
4 4 0.263966 0.145292 0.146227 0.135010 0.309505
4 4 0.235344 0.149078 0.167533 0.148910 0.299135
4 4 0.239226 0.148619 0.164488 0.146975 0.300692
4 4 0.249299 0.147346 0.156820 0.142026 0.304509
4 4 0.222138 0.150495 0.178291 0.155615 0.293461
4 4 0.283052 0.142301 0.133384 0.126209 0.315055
0 4 0.350238 0.129511 0.095383 0.098076 0.326791
0 4 0.353552 0.128807 0.093764 0.096800 0.327078
0 4 0.351997 0.129138 0.094521 0.097398 0.326946
0 4 0.385285 0.121793 0.079309 0.085083 0.328530
0 4 0.372019 0.124781 0.085126 0.089870 0.328204
0 4 0.417069 0.114356 0.066596 0.074250 0.327728
0 4 0.418468 0.114021 0.066074 0.073793 0.327643
0 4 0.454836 0.105123 0.053534 0.062511 0.323997
0 4 0.437063 0.109513 0.059420 0.067884 0.326119
0 4 0.453859 0.105366 0.053846 0.062800 0.324130
0 4 0.425135 0.112416 0.063628 0.071641 0.327180
0 4 0.411330 0.115725 0.068770 0.076141 0.328035
0 4 0.363829 0.126587 0.088877 0.092905 0.327802
0 4 0.346915 0.130211 0.097030 0.099366 0.326477
0 4 0.344445 0.130728 0.098268 0.100332 0.326226
0 4 0.377587 0.123536 0.082646 0.087842 0.328389
0 4 0.365620 0.126195 0.088046 0.092236 0.327903
4 4 0.320953 0.135463 0.110682 0.109805 0.323098
4 4 0.268202 0.144658 0.143288 0.133024 0.310828
4 4 0.235690 0.149038 0.167260 0.148737 0.299275
4 4 0.241501 0.148342 0.162727 0.145847 0.301583
4 4 0.270613 0.144289 0.141638 0.131903 0.311557
4 4 0.290746 0.141004 0.128486 0.122764 0.317000
4 4 0.290218 0.141094 0.128817 0.122999 0.316872
0 4 0.337634 0.132135 0.101746 0.103025 0.325459
0 4 0.380437 0.122894 0.081398 0.086814 0.328457
0 4 0.382187 0.122497 0.080639 0.086187 0.328489
0 4 0.372390 0.124699 0.084959 0.089734 0.328218
0 4 0.384570 0.121956 0.079615 0.085337 0.328522
0 4 0.385997 0.121630 0.079005 0.084831 0.328536
0 4 0.385594 0.121722 0.079177 0.084974 0.328533
0 4 0.378953 0.123229 0.082046 0.087348 0.328424
0 4 0.363924 0.126566 0.088833 0.092869 0.327808
0 4 0.332643 0.133149 0.104357 0.105026 0.324825
0 4 0.330314 0.133617 0.105593 0.105968 0.324508
0 4 0.346678 0.130261 0.097148 0.099459 0.326454
0 4 0.346251 0.130351 0.097361 0.099626 0.326411
4 4 0.313862 0.136823 0.114667 0.112768 0.321881
4 4 0.307403 0.138031 0.118398 0.115508 0.320660
4 4 0.298332 0.139676 0.123806 0.119426 0.318759
4 4 0.282667 0.142365 0.133632 0.126382 0.314953
4 4 0.265171 0.145113 0.145385 0.134443 0.309887
4 4 0.257406 0.146238 0.150884 0.138120 0.307351
4 4 0.266608 0.144898 0.144388 0.133769 0.310337
4 4 0.267054 0.144831 0.144079 0.133560 0.310475
4 4 0.247351 0.161321 0.178628 0.125499 0.287201
2 2 0.225315 0.192758 0.243255 0.096716 0.241957
2 2 0.184703 0.207364 0.311115 0.090106 0.206712
2 2 0.149962 0.217253 0.381389 0.079509 0.171886
2 2 0.148111 0.220940 0.391156 0.074129 0.165664
2 2 0.146078 0.224602 0.401132 0.068879 0.159309
2 2 0.141810 0.216767 0.432989 0.067068 0.141365
2 2 0.134288 0.205602 0.480139 0.062571 0.117400
2 2 0.129589 0.196530 0.508186 0.061042 0.104654
2 2 0.122515 0.189371 0.543218 0.055178 0.089719
2 2 0.120435 0.181802 0.556509 0.056525 0.084729
2 2 0.119235 0.182778 0.560716 0.054301 0.082971
2 2 0.122740 0.193052 0.539799 0.053536 0.090873
2 2 0.114773 0.199632 0.565293 0.041105 0.079198
2 2 0.116836 0.201194 0.556519 0.042746 0.082705
2 2 0.111686 0.195057 0.579896 0.039539 0.073822
2 2 0.107458 0.187218 0.600559 0.038004 0.066761
2 2 0.098958 0.179541 0.633998 0.032107 0.055396
2 2 0.102973 0.180816 0.620317 0.035685 0.060208
2 2 0.103332 0.178886 0.620636 0.036784 0.060363
2 2 0.100674 0.173706 0.633131 0.035938 0.056552
2 2 0.100907 0.168959 0.635847 0.038101 0.056186
2 2 0.103728 0.170852 0.625190 0.040525 0.059704
2 2 0.108315 0.173073 0.607891 0.045035 0.065687
2 2 0.113839 0.173898 0.587158 0.051823 0.073281
2 2 0.116542 0.169304 0.579247 0.058455 0.076451
2 2 0.112143 0.158485 0.601942 0.058888 0.068543
2 2 0.118832 0.154889 0.566554 0.079909 0.079816
2 2 0.117083 0.145438 0.515321 0.134550 0.087608
2 2 0.109800 0.129105 0.444848 0.225697 0.090550
2 2 0.104315 0.123081 0.384233 0.292998 0.095373
3 2 0.102777 0.121513 0.330619 0.339402 0.105690
3 2 0.106555 0.123879 0.254433 0.376157 0.138975
3 2 0.113009 0.133395 0.204542 0.365517 0.183537
3 2 0.118100 0.142528 0.211442 0.335545 0.192385
3 2 0.120622 0.145780 0.217041 0.321356 0.195202
3 2 0.125301 0.159825 0.264556 0.270784 0.179534
2 2 0.130103 0.169030 0.305341 0.226228 0.169298
2 2 0.132670 0.166399 0.342466 0.203069 0.155396
2 2 0.133021 0.165423 0.372645 0.184574 0.144337
2 2 0.128622 0.163848 0.432804 0.154167 0.120558
2 2 0.121738 0.166453 0.493956 0.118138 0.099714
2 2 0.118910 0.160760 0.505771 0.120815 0.093744
2 2 0.118740 0.154113 0.470676 0.156854 0.099618
2 3 0.116191 0.145302 0.388617 0.235445 0.114445
3 3 0.108217 0.132671 0.273414 0.347605 0.138093
3 3 0.094293 0.113376 0.162586 0.462195 0.167549
3 3 0.087496 0.103857 0.145124 0.504658 0.158866
3 3 0.084726 0.097968 0.138536 0.526766 0.152003
3 3 0.080335 0.091140 0.129958 0.555621 0.142946
3 3 0.075926 0.085871 0.122547 0.580630 0.135025
3 3 0.073767 0.082971 0.118679 0.593684 0.130899
3 3 0.067173 0.076818 0.108919 0.626760 0.120328
3 3 0.053488 0.063907 0.088571 0.695857 0.098177
3 3 0.042398 0.052884 0.071679 0.753344 0.079695
3 3 0.032517 0.042529 0.056248 0.805968 0.062739
3 3 0.029981 0.039890 0.052300 0.819448 0.058382
3 3 0.030664 0.040793 0.053496 0.815356 0.059692
3 3 0.030641 0.040782 0.053469 0.815446 0.059662
3 3 0.029784 0.039820 0.052087 0.820170 0.058139
3 3 0.029939 0.039595 0.052060 0.820275 0.058131
3 3 0.028039 0.036979 0.048660 0.831912 0.054410
3 3 0.027467 0.035729 0.047315 0.836531 0.052958
3 3 0.025700 0.033506 0.044302 0.846849 0.049643
3 3 0.024173 0.031747 0.041812 0.855377 0.046891
3 3 0.023808 0.031495 0.041334 0.857010 0.046353
3 3 0.024402 0.032252 0.042353 0.853519 0.047475
3 3 0.026461 0.034334 0.045508 0.842720 0.050977
3 3 0.027621 0.035368 0.047188 0.836976 0.052847
3 3 0.030753 0.038479 0.051944 0.820708 0.058116
3 3 0.030897 0.038328 0.051953 0.820679 0.058143
3 3 0.031931 0.039125 0.053356 0.815881 0.059708
3 3 0.029535 0.036506 0.049550 0.828900 0.055510
3 3 0.026734 0.033678 0.045270 0.843550 0.050767
3 3 0.023928 0.030861 0.040992 0.858204 0.046015
3 3 0.024567 0.031571 0.042014 0.854699 0.047148
3 3 0.026946 0.033888 0.045591 0.842453 0.051123
3 3 0.032552 0.039597 0.054193 0.813017 0.060642
3 3 0.033405 0.040462 0.055499 0.808549 0.062084
3 3 0.033505 0.040654 0.055718 0.807803 0.062320
3 3 0.028653 0.035620 0.048206 0.833499 0.054021
3 3 0.026238 0.033215 0.044539 0.846055 0.049953
3 3 0.026219 0.033278 0.044567 0.845955 0.049981
3 3 0.025555 0.032794 0.043684 0.848978 0.048989
3 3 0.026011 0.033448 0.044517 0.846123 0.049902
3 3 0.024858 0.032372 0.042814 0.851949 0.048007
3 3 0.025171 0.032504 0.043165 0.850753 0.048407
3 3 0.026038 0.033241 0.044393 0.846549 0.049779
3 3 0.030146 0.037284 0.050599 0.825309 0.056662
3 3 0.034130 0.041205 0.056615 0.804735 0.063315
3 3 0.038465 0.045257 0.063003 0.782900 0.070374
3 3 0.037664 0.044459 0.061787 0.787055 0.069035
3 3 0.039646 0.046588 0.064910 0.776391 0.072465
3 3 0.034373 0.041690 0.057161 0.802874 0.063903
3 3 0.032342 0.039919 0.054257 0.812800 0.060681
3 3 0.026716 0.034096 0.045551 0.842583 0.051054
3 3 0.027059 0.034334 0.045999 0.841052 0.051556
3 3 0.029435 0.036517 0.049478 0.829146 0.055424
3 3 0.036317 0.043628 0.060114 0.792780 0.067161
3 3 0.047908 0.056052 0.078380 0.730484 0.087175
3 3 0.059484 0.069829 0.097682 0.664906 0.108099
3 3 0.075307 0.088339 0.123911 0.576128 0.136316
3 2 0.092280 0.107973 0.168660 0.478909 0.152177
3 2 0.112484 0.130440 0.246449 0.355578 0.155049
2 2 0.124882 0.153339 0.312658 0.256535 0.152587
2 2 0.125068 0.154520 0.352455 0.230639 0.137317
2 2 0.126527 0.158254 0.413608 0.180739 0.120872
2 2 0.122235 0.160542 0.519272 0.105563 0.092387
2 2 0.110257 0.157852 0.609554 0.056383 0.065955
2 2 0.101874 0.157979 0.639880 0.044425 0.055843
2 2 0.108805 0.170327 0.607937 0.047027 0.065905
2 2 0.123736 0.178536 0.527694 0.075270 0.094765
2 2 0.126666 0.173039 0.461709 0.125176 0.113410
2 2 0.116594 0.152461 0.425687 0.198093 0.107165
2 2 0.109898 0.139870 0.417210 0.234459 0.098563
2 2 0.107182 0.131461 0.403224 0.261860 0.096274
2 2 0.109030 0.132033 0.402948 0.257636 0.098353
2 2 0.109014 0.130564 0.376826 0.279785 0.103810
2 2 0.105233 0.124240 0.343932 0.321023 0.105572
3 2 0.095764 0.114694 0.314170 0.377278 0.098094
3 2 0.091732 0.111627 0.319941 0.386138 0.090561
2 2 0.099052 0.118061 0.349705 0.338334 0.094847
2 2 0.112187 0.137416 0.423924 0.227815 0.098658
2 2 0.120019 0.156877 0.533700 0.101198 0.088206
2 2 0.124197 0.162141 0.549360 0.076774 0.087528
2 2 0.127480 0.174236 0.529980 0.072652 0.095652
2 2 0.141581 0.183431 0.453731 0.090956 0.130302
2 2 0.155802 0.186698 0.348531 0.119033 0.189936
2 2 0.160524 0.169019 0.270561 0.159640 0.240256
2 2 0.159813 0.181976 0.297973 0.136203 0.224035
2 2 0.160155 0.178314 0.290087 0.142674 0.228770
2 2 0.163662 0.190097 0.308559 0.121141 0.216541
4 2 0.220598 0.150645 0.179587 0.156409 0.292761
4 2 0.204147 0.152036 0.194009 0.165051 0.284758
4 4 0.240261 0.148494 0.163685 0.146461 0.301099
4 4 0.252406 0.146930 0.154521 0.140521 0.305623
4 4 0.238679 0.148685 0.164914 0.147246 0.300476
4 4 0.233366 0.149304 0.169105 0.149902 0.298322
4 4 0.218016 0.150890 0.181780 0.157746 0.291569
4 4 0.175249 0.153392 0.222200 0.180949 0.268210
2 4 0.160448 0.164326 0.260952 0.168511 0.245763
2 4 0.160221 0.177428 0.288195 0.144258 0.229898
2 4 0.158035 0.193191 0.322898 0.117101 0.208775
2 4 0.153807 0.208067 0.358096 0.093341 0.186689
2 4 0.154518 0.206048 0.353154 0.096464 0.189817
2 4 0.156928 0.197949 0.333864 0.109310 0.201948
2 4 0.160332 0.175680 0.284483 0.147402 0.232103
4 4 0.165391 0.155017 0.235912 0.183672 0.260007
4 4 0.181995 0.153213 0.215261 0.177156 0.272375
4 4 0.190539 0.152862 0.206796 0.172422 0.277381
4 4 0.239366 0.148602 0.164379 0.146905 0.300748
4 4 0.272813 0.143948 0.140147 0.130884 0.312208
4 4 0.280435 0.142731 0.135085 0.127393 0.314356
4 4 0.277533 0.143200 0.136993 0.128715 0.313558
4 4 0.296842 0.139941 0.124714 0.120077 0.318426
4 4 0.275840 0.143471 0.138117 0.129491 0.313081
4 4 0.257582 0.146213 0.150757 0.138036 0.307411
4 4 0.251936 0.146993 0.154867 0.140748 0.305456
4 4 0.251446 0.147059 0.155228 0.140985 0.305282
4 4 0.211799 0.160510 0.202495 0.147365 0.277831
2 4 0.154186 0.207008 0.355496 0.094975 0.188336
2 4 0.149538 0.218130 0.383689 0.078221 0.170422
2 4 0.149040 0.219136 0.386342 0.076751 0.168731
2 2 0.206866 0.213596 0.294079 0.077132 0.208327
2 2 0.236222 0.226377 0.283688 0.056391 0.197321
0 2 0.341537 0.189155 0.178316 0.056103 0.234889
0 0 0.572277 0.088952 0.031415 0.029398 0.277958
0 0 0.703413 0.055705 0.011343 0.011207 0.218332
0 0 0.654662 0.106626 0.032635 0.010202 0.195875
0 1 0.611129 0.141095 0.053107 0.010078 0.184591
0 1 0.536734 0.175504 0.085405 0.013366 0.188992
0 1 0.516700 0.171215 0.087810 0.017645 0.206631
0 0 0.348734 0.193435 0.163213 0.050096 0.244522
0 1 0.269177 0.225708 0.249757 0.049715 0.205643
2 1 0.252655 0.226975 0.265706 0.052599 0.202066
0 2 0.265745 0.220939 0.246946 0.054496 0.211874
0 2 0.265117 0.226479 0.254090 0.050074 0.204240
0 2 0.336163 0.201066 0.177449 0.048969 0.236354
0 0 0.504756 0.137340 0.068478 0.031116 0.258309
0 0 0.613407 0.104277 0.035432 0.016783 0.230100
0 0 0.590095 0.132585 0.052085 0.014656 0.210580
0 0 0.546973 0.160885 0.074860 0.015187 0.202095
0 1 0.491733 0.180937 0.100515 0.019358 0.207457
0 1 0.466727 0.172791 0.101930 0.027341 0.231212
0 1 0.411717 0.170862 0.116894 0.043273 0.257254
0 1 0.373106 0.190336 0.149058 0.044368 0.243132
0 1 0.322503 0.214225 0.198927 0.044138 0.220207
2 1 0.258211 0.231261 0.265776 0.047801 0.196951
2 2 0.224771 0.234708 0.303395 0.051432 0.185695
2 2 0.202422 0.235700 0.331158 0.053794 0.176926
2 2 0.206113 0.240307 0.332511 0.048945 0.172124
2 2 0.210023 0.249089 0.338313 0.040869 0.161705
2 2 0.240693 0.251614 0.305736 0.035497 0.166460
2 2 0.246089 0.259520 0.307945 0.029658 0.156788
2 2 0.242939 0.262317 0.313942 0.028291 0.152510
2 2 0.242621 0.260665 0.312731 0.029328 0.154656
2 2 0.269628 0.250913 0.276447 0.031832 0.171181
2 2 0.269832 0.247971 0.273364 0.033633 0.175200
0 2 0.276249 0.235373 0.254676 0.040879 0.192824
2 2 0.258848 0.234399 0.268829 0.045193 0.192732
2 2 0.255248 0.230914 0.268068 0.048724 0.197046
2 2 0.220856 0.240311 0.314792 0.047055 0.176986
2 2 0.207486 0.241279 0.332022 0.047897 0.171316
2 2 0.183029 0.248336 0.374146 0.043078 0.151411
2 2 0.159612 0.253072 0.417386 0.038029 0.131901
2 2 0.120360 0.238291 0.510037 0.034203 0.097109
2 2 0.109636 0.216495 0.568302 0.030837 0.074729
2 2 0.102469 0.207202 0.599517 0.027318 0.063495
2 2 0.101865 0.209986 0.598801 0.026185 0.063163
2 2 0.102172 0.209898 0.597953 0.026442 0.063536
2 2 0.103447 0.203594 0.599752 0.029033 0.064174
2 2 0.101422 0.189354 0.618341 0.031305 0.059578
2 2 0.099618 0.175295 0.635276 0.034239 0.055573
2 2 0.094650 0.161636 0.660931 0.034177 0.048605
2 2 0.091014 0.154312 0.677275 0.033152 0.044247
2 2 0.089597 0.153749 0.681931 0.031853 0.042870
2 2 0.094300 0.159949 0.663224 0.034469 0.048058
2 2 0.098011 0.164301 0.648486 0.036791 0.052411
2 2 0.102012 0.166668 0.633810 0.040373 0.057137
2 2 0.098536 0.160410 0.649476 0.039087 0.052491
2 2 0.098209 0.155683 0.653621 0.040919 0.051568
2 2 0.088055 0.142734 0.694104 0.034742 0.040365
2 2 0.082854 0.135778 0.714212 0.031813 0.035343
2 2 0.078254 0.127968 0.732655 0.029980 0.031143
2 2 0.086674 0.133261 0.704131 0.037674 0.038260
2 2 0.092393 0.134108 0.685045 0.045042 0.043412
2 2 0.104114 0.142973 0.639303 0.057115 0.056495
2 2 0.105896 0.150309 0.629561 0.054735 0.059500
