0 0 0.432210 0.088012 0.090338 0.356354 0.033085
0 0 0.625659 0.077363 0.091324 0.191437 0.014217
0 0 0.674388 0.087819 0.074107 0.147726 0.015960
0 0 0.686483 0.085839 0.100178 0.110847 0.016652
0 0 0.683141 0.083391 0.126091 0.091555 0.015822
0 0 0.671324 0.083435 0.149423 0.081430 0.014387
0 0 0.592123 0.111584 0.177136 0.094127 0.025030
0 0 0.510762 0.132026 0.177690 0.140565 0.038957
0 0 0.394511 0.120455 0.153960 0.283852 0.047222
3 0 0.319201 0.107217 0.129015 0.394272 0.050296
3 0 0.261930 0.095247 0.133260 0.462548 0.047016
3 0 0.239169 0.090655 0.156610 0.468459 0.045108
3 0 0.284700 0.092295 0.158502 0.426652 0.037850
0 0 0.371144 0.096775 0.142603 0.357074 0.032404
0 0 0.449083 0.101278 0.141331 0.278921 0.029387
0 0 0.439300 0.110287 0.148964 0.267770 0.033678
0 0 0.455219 0.117586 0.165101 0.226255 0.035839
0 0 0.378120 0.115594 0.212596 0.257031 0.036659
0 0 0.362846 0.114583 0.254928 0.234249 0.033394
0 0 0.342544 0.101790 0.222512 0.301057 0.032097
0 0 0.382598 0.098091 0.139371 0.352069 0.027872
3 0 0.332237 0.084406 0.099364 0.456916 0.027077
3 0 0.277616 0.074404 0.073009 0.547161 0.027811
3 0 0.280736 0.069419 0.067805 0.556308 0.025732
3 0 0.357109 0.087784 0.094899 0.430678 0.029530
0 0 0.536805 0.116227 0.146355 0.172358 0.028256
0 0 0.536494 0.135312 0.190382 0.106772 0.031040
0 0 0.549654 0.121255 0.210270 0.088277 0.030544
0 0 0.496427 0.135233 0.250786 0.084772 0.032782
0 0 0.454007 0.154768 0.263850 0.092097 0.035278
2 0 0.293754 0.168424 0.384090 0.100291 0.053440
2 0 0.217764 0.159407 0.454806 0.112006 0.056017
2 0 0.192576 0.150023 0.500163 0.102042 0.055197
2 0 0.193037 0.150533 0.509844 0.092236 0.054350
2 0 0.214168 0.162478 0.475750 0.090903 0.056701
2 0 0.275912 0.186163 0.388031 0.092717 0.057177
0 0 0.354987 0.190912 0.306729 0.092511 0.054861
0 0 0.427576 0.163090 0.269385 0.092134 0.047815
0 0 0.495658 0.138729 0.235841 0.089995 0.039777
0 0 0.542509 0.125464 0.203835 0.092473 0.035719
0 0 0.541483 0.128455 0.194736 0.097801 0.037525
0 0 0.514382 0.139503 0.205099 0.101577 0.039439
0 0 0.457535 0.159624 0.233254 0.102474 0.047112
0 0 0.397057 0.181272 0.268648 0.100778 0.052245
0 0 0.349382 0.193500 0.306977 0.093014 0.057127
2 0 0.308334 0.190121 0.361231 0.086806 0.053508
2 0 0.257503 0.172258 0.434907 0.082183 0.053149
2 0 0.200178 0.154758 0.509406 0.080294 0.055365
2 0 0.177112 0.141699 0.549037 0.079324 0.052829
2 0 0.171551 0.129832 0.579587 0.072587 0.046443
2 0 0.246231 0.143567 0.496519 0.072153 0.041530
2 0 0.327032 0.155073 0.408760 0.068504 0.040630
0 0 0.386728 0.154612 0.350828 0.069517 0.038315
0 0 0.392446 0.154683 0.340951 0.071154 0.040766
0 0 0.414732 0.149100 0.321597 0.072596 0.041975
0 0 0.453555 0.139242 0.295002 0.074519 0.037682
0 0 0.493734 0.134576 0.255310 0.082900 0.033480
0 0 0.510279 0.134709 0.231956 0.090188 0.032867
0 0 0.519161 0.138694 0.204008 0.102342 0.035795
0 0 0.504438 0.129215 0.179896 0.150950 0.035501
0 0 0.451045 0.126067 0.157428 0.228892 0.036568
0 0 0.405603 0.110829 0.125731 0.321759 0.036078
3 0 0.385722 0.089255 0.094173 0.402415 0.028435
3 0 0.360113 0.075698 0.070159 0.469990 0.024041
3 0 0.256620 0.059732 0.043757 0.617085 0.022806
3 0 0.128537 0.032414 0.018904 0.802745 0.017400
3 0 0.079493 0.018055 0.009639 0.880912 0.011900
3 0 0.091965 0.019261 0.010115 0.867730 0.010928
3 0 0.169270 0.034288 0.018363 0.764382 0.013698
3 0 0.362596 0.074366 0.045859 0.494216 0.022963
0 0 0.513067 0.122718 0.092641 0.240851 0.030723
0 0 0.624118 0.108083 0.131555 0.114944 0.021300
0 0 0.652510 0.090227 0.156398 0.085311 0.015553
0 0 0.697359 0.070507 0.154001 0.067223 0.010910
0 0 0.710348 0.067032 0.143067 0.066061 0.013492
0 0 0.797265 0.042675 0.097398 0.053154 0.009508
0 0 0.835574 0.033684 0.072877 0.050086 0.007780
0 0 0.857258 0.028273 0.061758 0.046268 0.006443
0 1 0.835831 0.033651 0.071856 0.050255 0.008407
0 1 0.811546 0.040326 0.084543 0.055754 0.007831
0 1 0.748271 0.054632 0.125179 0.057321 0.014597
0 0 0.699265 0.066723 0.157999 0.060303 0.015710
0 0 0.619192 0.091609 0.199253 0.070853 0.019093
0 0 0.537242 0.120625 0.199599 0.115153 0.027381
0 0 0.413550 0.110162 0.148856 0.297917 0.029514
3 0 0.241262 0.067577 0.072040 0.588783 0.030337
3 0 0.158284 0.039030 0.032114 0.749929 0.020643
3 0 0.082936 0.017789 0.010105 0.877863 0.011307
3 0 0.064351 0.011802 0.005533 0.911037 0.007278
3 0 0.056824 0.009166 0.003774 0.924949 0.005287
3 0 0.071074 0.010389 0.004405 0.909153 0.004979
3 0 0.109469 0.016963 0.008193 0.858105 0.007270
3 0 0.087916 0.018290 0.009062 0.874368 0.010364
3 0 0.101158 0.024533 0.014268 0.845012 0.015028
3 0 0.130207 0.031169 0.023852 0.796764 0.018009
3 0 0.367515 0.091301 0.088628 0.428351 0.024205
0 0 0.498592 0.147596 0.144980 0.171637 0.037195
0 0 0.592137 0.112770 0.167337 0.097999 0.029756
0 1 0.633267 0.099323 0.149630 0.095156 0.022624
0 1 0.624489 0.108331 0.132382 0.115617 0.019181
0 1 0.495436 0.115449 0.117197 0.230922 0.040997
3 0 0.290036 0.069262 0.059735 0.553182 0.027784
3 0 0.138280 0.035634 0.023159 0.783626 0.019301
3 0 0.085489 0.021207 0.012860 0.865518 0.014926
3 0 0.076281 0.017071 0.010904 0.883395 0.012350
3 0 0.083991 0.015882 0.009954 0.880538 0.009636
3 0 0.091313 0.013072 0.007291 0.882345 0.005978
3 0 0.059122 0.007077 0.002719 0.927904 0.003178
3 0 0.038655 0.004327 0.001399 0.953414 0.002205
3 0 0.035747 0.003805 0.001412 0.956954 0.002083
3 0 0.046818 0.006332 0.002492 0.940787 0.003571
3 0 0.091074 0.018146 0.007135 0.874441 0.009203
3 0 0.227570 0.052866 0.029624 0.666173 0.023768
0 0 0.443627 0.098214 0.078691 0.343815 0.035652
0 0 0.606188 0.101177 0.109286 0.151845 0.031503
0 0 0.712958 0.069819 0.124489 0.075191 0.017543
0 0 0.699937 0.072819 0.126927 0.075747 0.024571
0 0 0.679756 0.080955 0.118974 0.087196 0.033120
0 1 0.622176 0.105554 0.118652 0.114893 0.038726
0 1 0.516881 0.151140 0.125210 0.154303 0.052466
0 1 0.348043 0.186689 0.138969 0.140689 0.185610
0 1 0.280241 0.182224 0.137832 0.119751 0.279951
0 1 0.264727 0.206312 0.154774 0.126469 0.247718
1 1 0.229743 0.241948 0.173365 0.133820 0.221124
1 1 0.213077 0.289233 0.184887 0.157525 0.155277
1 2 0.180332 0.293145 0.204062 0.136021 0.186441
1 2 0.172257 0.296957 0.192597 0.139893 0.198295
1 2 0.190531 0.287618 0.218891 0.130932 0.172028
2 2 0.173469 0.252944 0.290679 0.132455 0.150454
2 2 0.149166 0.220450 0.360342 0.134347 0.135695
2 2 0.134946 0.189431 0.434590 0.127348 0.113686
2 2 0.129478 0.171590 0.480226 0.119729 0.098978
2 2 0.121933 0.148408 0.540960 0.108115 0.080584
2 2 0.122277 0.145863 0.547976 0.105964 0.077920
2 2 0.119255 0.141927 0.558108 0.104835 0.075875
2 2 0.113816 0.135255 0.575357 0.103003 0.072568
2 2 0.103551 0.123061 0.607259 0.099485 0.066645
2 2 0.088450 0.104359 0.657591 0.092585 0.057015
2 2 0.078826 0.089902 0.698403 0.084607 0.048261
2 2 0.072313 0.081602 0.722056 0.080288 0.043741
2 2 0.069895 0.079487 0.727867 0.079750 0.043000
2 2 0.066609 0.078026 0.724420 0.085789 0.045156
2 2 0.058902 0.063974 0.721303 0.110181 0.045640
2 2 0.049386 0.051638 0.687111 0.161059 0.050806
2 3 0.038575 0.039705 0.619126 0.245026 0.057568
2 3 0.031018 0.031903 0.502744 0.368675 0.065660
3 3 0.029616 0.025126 0.422145 0.466778 0.056335
3 3 0.028344 0.021010 0.377335 0.524218 0.049094
3 3 0.027011 0.018643 0.356994 0.552352 0.044999
3 3 0.025798 0.016952 0.344564 0.570622 0.042064
3 3 0.024596 0.015284 0.330918 0.590049 0.039153
3 3 0.023834 0.013697 0.305724 0.620836 0.035909
3 3 0.023104 0.011858 0.267444 0.665846 0.031747
3 3 0.022778 0.010492 0.228609 0.709988 0.028133
3 3 0.022902 0.010032 0.208453 0.732063 0.026550
3 3 0.023010 0.009738 0.194481 0.747321 0.025451
3 3 0.023305 0.009413 0.176825 0.766288 0.024168
3 3 0.023344 0.008638 0.150344 0.795853 0.021822
3 3 0.023793 0.008289 0.132515 0.814921 0.020483
3 3 0.023882 0.008023 0.123378 0.825058 0.019659
3 3 0.024032 0.008074 0.123111 0.825048 0.019735
3 3 0.023374 0.007608 0.118304 0.831882 0.018831
3 3 0.022913 0.007107 0.108940 0.843419 0.017621
3 3 0.022339 0.006429 0.094813 0.860543 0.015875
3 3 0.022212 0.006019 0.083306 0.873837 0.014627
3 3 0.022517 0.005951 0.077443 0.879929 0.014160
3 3 0.023706 0.006683 0.084598 0.869460 0.015552
3 3 0.024533 0.007827 0.106283 0.843022 0.018335
3 3 0.025252 0.009223 0.136016 0.807669 0.021839
3 3 0.024383 0.009795 0.166641 0.775055 0.024126
3 3 0.023236 0.009453 0.176754 0.766462 0.024095
3 3 0.022591 0.008469 0.156067 0.791123 0.021750
3 3 0.022211 0.006889 0.109723 0.843925 0.017252
3 3 0.022319 0.005695 0.072387 0.886086 0.013512
3 3 0.022752 0.004808 0.046585 0.915238 0.010616
3 3 0.022664 0.004234 0.034905 0.929231 0.008966
3 3 0.023044 0.004427 0.036744 0.926427 0.009358
3 3 0.024472 0.005420 0.049006 0.909510 0.011593
3 3 0.026382 0.009856 0.141028 0.799572 0.023162
3 3 0.043240 0.023078 0.196631 0.693737 0.043314
3 3 0.045181 0.033888 0.304090 0.555099 0.061743
3 3 0.024717 0.010821 0.198540 0.738560 0.027362
3 3 0.023231 0.006228 0.078023 0.877931 0.014586
3 3 0.021043 0.004513 0.050582 0.913409 0.010453
3 3 0.020765 0.003650 0.032030 0.935598 0.007956
3 3 0.021568 0.003455 0.024967 0.942892 0.007119
3 3 0.022093 0.003485 0.023758 0.943607 0.007057
3 3 0.022704 0.003837 0.027773 0.937803 0.007884
3 3 0.022937 0.004321 0.035862 0.927682 0.009197
3 3 0.022667 0.004801 0.047461 0.914369 0.010701
3 3 0.022498 0.005019 0.053589 0.907484 0.011410
3 3 0.022098 0.005017 0.056374 0.904930 0.011581
3 3 0.021467 0.004710 0.053163 0.909724 0.010935
3 3 0.021293 0.004432 0.047254 0.916874 0.010148
3 3 0.021272 0.004100 0.039562 0.925911 0.009155
3 3 0.021538 0.004033 0.036535 0.929059 0.008834
3 3 0.021647 0.003970 0.034503 0.931296 0.008584
3 3 0.021334 0.003856 0.033597 0.932857 0.008356
3 3 0.021162 0.003739 0.032139 0.934865 0.008095
3 3 0.021399 0.003698 0.030517 0.936457 0.007931
3 3 0.022552 0.003924 0.030302 0.934980 0.008242
3 3 0.024741 0.004313 0.028866 0.933440 0.008641
3 3 0.028116 0.005209 0.030549 0.926230 0.009896
3 3 0.034313 0.007590 0.038628 0.906175 0.013294
3 3 0.046311 0.014391 0.062292 0.854593 0.022413
3 2 0.059396 0.028645 0.122259 0.748133 0.041567
3 3 0.047749 0.040466 0.325572 0.517664 0.068549
2 3 0.038284 0.047958 0.493445 0.336023 0.084290
2 2 0.041454 0.047962 0.623135 0.223763 0.063687
2 2 0.050637 0.055076 0.658487 0.178233 0.057567
2 2 0.054519 0.059312 0.655677 0.171771 0.058721
2 2 0.060207 0.066771 0.638989 0.170657 0.063376
2 2 0.064313 0.071246 0.623780 0.173878 0.066782
2 2 0.070199 0.076366 0.620192 0.166185 0.067058
2 2 0.073870 0.077447 0.645425 0.143117 0.060142
2 2 0.068518 0.071253 0.693811 0.116735 0.049683
2 2 0.061118 0.063430 0.720681 0.110236 0.044534
2 2 0.060576 0.063998 0.702637 0.124014 0.048774
2 2 0.065065 0.068852 0.697040 0.119308 0.049735
2 2 0.073600 0.079309 0.704615 0.095335 0.047141
2 2 0.083470 0.083698 0.718087 0.074506 0.040239
2 2 0.094216 0.084867 0.714687 0.069246 0.036984
2 2 0.099753 0.085803 0.711387 0.067229 0.035828
2 2 0.099327 0.084845 0.714053 0.066536 0.035239
2 2 0.093672 0.079136 0.730576 0.063886 0.032730
2 2 0.087183 0.072495 0.750004 0.060551 0.029768
2 2 0.082144 0.069041 0.760467 0.059610 0.028738
2 2 0.074260 0.066901 0.767296 0.061814 0.029728
2 2 0.064350 0.060499 0.769082 0.074058 0.032011
2 2 0.056816 0.053058 0.763751 0.092338 0.034036
2 2 0.053306 0.051711 0.760080 0.099199 0.035703
2 2 0.054839 0.055685 0.760911 0.092258 0.036307
2 2 0.057524 0.060067 0.762112 0.084089 0.036208
2 2 0.057716 0.058543 0.767696 0.081532 0.034512
2 2 0.054492 0.052316 0.765427 0.093360 0.034404
2 2 0.052814 0.047741 0.757443 0.107258 0.034743
2 3 0.051853 0.046322 0.748030 0.117711 0.036084
2 3 0.050461 0.045143 0.754426 0.114961 0.035010
2 3 0.050582 0.046069 0.748277 0.118617 0.036454
2 3 0.050349 0.047255 0.729908 0.132207 0.040281
2 3 0.047554 0.045572 0.700468 0.161030 0.045376
2 3 0.042569 0.041077 0.656352 0.208919 0.051083
2 3 0.039767 0.038219 0.635973 0.233298 0.052743
2 3 0.040743 0.037626 0.642239 0.228747 0.050645
2 3 0.055899 0.047846 0.677932 0.171844 0.046478
2 2 0.052701 0.049140 0.713493 0.141626 0.043041
2 2 0.047863 0.047798 0.746191 0.119230 0.038918
2 2 0.040552 0.041972 0.738974 0.138164 0.040338
2 2 0.041009 0.044010 0.703680 0.164022 0.047278
2 2 0.042735 0.051044 0.660423 0.186671 0.059128
2 2 0.048869 0.057702 0.670159 0.165032 0.058238
2 2 0.058272 0.068268 0.678002 0.138380 0.057078
2 2 0.065346 0.073550 0.704817 0.106850 0.049437
2 2 0.074141 0.083222 0.706442 0.088966 0.047229
2 2 0.077604 0.081134 0.724926 0.075724 0.040612
2 2 0.076055 0.076172 0.739698 0.071208 0.036866
2 2 0.069171 0.068213 0.763042 0.066728 0.032845
2 2 0.065930 0.067205 0.765610 0.067874 0.033382
2 2 0.061433 0.063124 0.768838 0.072845 0.033761
2 2 0.061028 0.065677 0.752633 0.082447 0.038215
2 2 0.065694 0.076279 0.716623 0.094231 0.047173
2 2 0.073309 0.090241 0.667511 0.109655 0.059285
2 2 0.069583 0.088864 0.643764 0.130703 0.067086
2 3 0.057878 0.072706 0.634705 0.165637 0.069074
2 3 0.043059 0.053877 0.573378 0.252565 0.077121
2 3 0.034468 0.037207 0.474635 0.380965 0.072725
3 3 0.033242 0.026370 0.369304 0.515785 0.055299
3 3 0.032084 0.021571 0.310655 0.589061 0.046628
3 3 0.031628 0.018992 0.270122 0.637766 0.041492
3 3 0.029158 0.015858 0.247208 0.671389 0.036387
3 3 0.026646 0.013078 0.224061 0.704664 0.031551
3 3 0.026058 0.012863 0.229930 0.699617 0.031531
3 3 0.027763 0.016025 0.278197 0.640002 0.038014
3 3 0.031519 0.027477 0.416728 0.465495 0.058781
2 2 0.040216 0.053090 0.553527 0.270828 0.082339
2 2 0.075210 0.088199 0.648433 0.125518 0.062640
2 2 0.089158 0.098442 0.673330 0.087561 0.051510
2 2 0.079188 0.080639 0.724943 0.075352 0.039879
2 2 0.063071 0.059895 0.776546 0.069743 0.030745
2 2 0.053310 0.048743 0.799209 0.071547 0.027191
2 2 0.049248 0.045134 0.791962 0.084668 0.028988
2 2 0.048209 0.045220 0.780771 0.094354 0.031446
2 2 0.049116 0.046959 0.774630 0.096411 0.032884
2 2 0.051096 0.050004 0.778528 0.087899 0.032473
2 2 0.054029 0.052951 0.788754 0.074147 0.030119
2 2 0.056949 0.056393 0.793410 0.064522 0.028726
2 2 0.057684 0.054593 0.804098 0.057859 0.025766
2 2 0.057847 0.053185 0.808590 0.055877 0.024501
2 2 0.056537 0.051036 0.812093 0.056458 0.023877
2 2 0.053701 0.046767 0.811550 0.063837 0.024146
2 2 0.051089 0.042762 0.816438 0.066584 0.023127
2 2 0.048178 0.039559 0.816634 0.072494 0.023134
2 2 0.046190 0.037905 0.813551 0.078597 0.023757
2 2 0.044281 0.037403 0.792188 0.098508 0.027621
2 2 0.042939 0.036491 0.775623 0.114790 0.030157
2 2 0.039806 0.035101 0.714403 0.171585 0.039105
2 2 0.046465 0.039558 0.685510 0.184967 0.043499
2 2 0.092900 0.067825 0.612011 0.173212 0.054051
2 1 0.215649 0.141722 0.432571 0.145883 0.064175
2 2 0.121745 0.121199 0.560122 0.125336 0.071598
2 2 0.082052 0.096203 0.647987 0.112346 0.061412
2 2 0.056466 0.063424 0.739007 0.098344 0.042758
2 2 0.060129 0.063281 0.767231 0.074651 0.034707
2 2 0.054214 0.060293 0.784297 0.068521 0.032675
2 2 0.056838 0.065524 0.767859 0.073334 0.036445
2 2 0.068723 0.088348 0.671805 0.088740 0.082384
2 2 0.087313 0.129470 0.393401 0.097244 0.292572
4 2 0.137960 0.129083 0.202652 0.051128 0.479177
4 4 0.134347 0.099843 0.163939 0.033215 0.568656
4 4 0.127688 0.087921 0.157126 0.028360 0.598905
4 4 0.126160 0.085391 0.155540 0.027354 0.605556
4 4 0.126612 0.086131 0.156010 0.027647 0.603600
4 4 0.131147 0.093922 0.160687 0.030781 0.583463
4 4 0.137954 0.107005 0.167550 0.036218 0.551273
4 4 0.144215 0.120927 0.173660 0.042240 0.518957
4 4 0.153422 0.139472 0.177303 0.051568 0.478234
4 4 0.156175 0.134137 0.169901 0.050959 0.488828
4 4 0.156884 0.119392 0.157003 0.046450 0.520272
4 4 0.159627 0.119718 0.154239 0.047597 0.518818
4 4 0.154317 0.122671 0.162804 0.046518 0.513689
4 4 0.108934 0.060990 0.137133 0.018095 0.674848
4 4 0.091006 0.041675 0.117125 0.011400 0.738795
4 4 0.089540 0.040311 0.115455 0.010951 0.743743
4 4 0.088726 0.039566 0.114524 0.010707 0.746477
4 4 0.076134 0.029120 0.099944 0.007407 0.787395
4 4 0.068955 0.023998 0.091465 0.005875 0.809706
4 4 0.065165 0.021519 0.086938 0.005158 0.821220
4 4 0.062831 0.020066 0.084133 0.004745 0.828225
4 4 0.059065 0.017837 0.079578 0.004124 0.839397
4 4 0.055439 0.015823 0.075157 0.003576 0.850006
4 4 0.054729 0.015444 0.074289 0.003474 0.852064
4 4 0.054804 0.015484 0.074380 0.003484 0.851847
4 4 0.062654 0.019958 0.083920 0.004714 0.828753
4 4 0.075980 0.029005 0.099764 0.007371 0.787880
4 4 0.080849 0.032803 0.105447 0.008545 0.772356
4 4 0.087489 0.038451 0.113109 0.010345 0.750605
4 1 0.103239 0.054286 0.130865 0.015703 0.695908
4 1 0.141284 0.091095 0.144932 0.032983 0.589706
4 1 0.186950 0.180547 0.158904 0.085730 0.387869
1 1 0.195194 0.274590 0.161699 0.151358 0.217159
1 1 0.169174 0.300823 0.174718 0.150164 0.205120
1 1 0.166930 0.282136 0.186101 0.130822 0.234010
1 2 0.168077 0.264698 0.188841 0.119281 0.259103
4 2 0.143131 0.237635 0.237867 0.127540 0.253827
2 2 0.120534 0.199089 0.340020 0.132185 0.208171
2 2 0.113041 0.173786 0.419910 0.125953 0.167311
2 2 0.112811 0.166722 0.450506 0.122992 0.146969
2 2 0.115897 0.166957 0.465017 0.122779 0.129351
2 2 0.114536 0.159671 0.497925 0.120407 0.107461
2 2 0.110760 0.148715 0.535426 0.115906 0.089194
2 2 0.100653 0.124108 0.603319 0.102494 0.069427
2 2 0.094475 0.110078 0.642454 0.093817 0.059177
2 2 0.087286 0.097776 0.676979 0.086690 0.051270
2 2 0.084436 0.095241 0.683827 0.086126 0.050369
2 2 0.084304 0.098652 0.673442 0.089835 0.053767
2 2 0.090616 0.112519 0.632254 0.098923 0.065689
2 2 0.100807 0.131876 0.566327 0.107567 0.093423
2 2 0.121339 0.169200 0.459476 0.120140 0.129844
2 2 0.113950 0.146132 0.544925 0.111684 0.083309
2 2 0.130647 0.209922 0.331977 0.132800 0.194654
2 2 0.109784 0.158987 0.506248 0.124799 0.100182
2 2 0.069011 0.072639 0.749250 0.072187 0.036913
2 2 0.081444 0.099187 0.670672 0.092683 0.056014
2 2 0.066261 0.076087 0.737320 0.078660 0.041671
2 2 0.070142 0.080263 0.725490 0.080477 0.043628
2 2 0.077060 0.089851 0.696622 0.085804 0.050663
2 2 0.088569 0.105596 0.651636 0.093485 0.060713
2 2 0.100465 0.121552 0.608081 0.099983 0.069919
2 2 0.105079 0.126541 0.597709 0.101506 0.069165
2 2 0.108160 0.125888 0.600351 0.098841 0.066760
2 2 0.096894 0.113549 0.632961 0.095411 0.061185
2 2 0.086859 0.100103 0.669885 0.089411 0.053742
2 2 0.076433 0.085814 0.710269 0.081886 0.045598
2 2 0.068216 0.075592 0.739672 0.076408 0.040111
2 2 0.059459 0.066026 0.748339 0.086182 0.039995
2 2 0.053451 0.057398 0.709568 0.131712 0.047871
2 2 0.098909 0.083289 0.622287 0.139233 0.056283
0 2 0.384419 0.174411 0.238137 0.139953 0.063081
0 1 0.455032 0.167915 0.174404 0.128665 0.073984
0 1 0.370865 0.180357 0.165648 0.124851 0.158279
0 1 0.307131 0.204061 0.145332 0.142309 0.201167
4 1 0.205357 0.211792 0.144382 0.118445 0.320023
4 1 0.179870 0.184307 0.176860 0.095396 0.363567
4 1 0.131409 0.092501 0.162521 0.031694 0.581875
4 1 0.126526 0.085991 0.155921 0.027592 0.603971
4 1 0.115971 0.070135 0.144759 0.021467 0.647667
4 1 0.115092 0.068937 0.143815 0.021019 0.651137
4 2 0.116223 0.070483 0.145030 0.021598 0.646666
4 2 0.117212 0.071858 0.146090 0.022116 0.642725
4 2 0.109767 0.062021 0.138043 0.018469 0.671700
4 2 0.113678 0.067044 0.142290 0.020314 0.656674
4 2 0.111563 0.064290 0.139999 0.019298 0.664850
4 2 0.106778 0.058384 0.134770 0.017157 0.682911
4 2 0.094863 0.045408 0.121496 0.012645 0.725587
4 2 0.092277 0.042882 0.118569 0.011800 0.734472
4 2 0.089851 0.040597 0.115809 0.011045 0.742699
4 2 0.094658 0.045204 0.121265 0.012577 0.726297
4 2 0.098649 0.049284 0.125752 0.013964 0.712352
4 2 0.110736 0.060548 0.142035 0.019885 0.666797
4 2 0.118783 0.063894 0.158743 0.027333 0.631247
4 2 0.140994 0.072188 0.179843 0.051384 0.555591
4 2 0.154855 0.073631 0.174026 0.064858 0.532631
4 2 0.177925 0.081460 0.173406 0.103041 0.464169
4 2 0.171730 0.078923 0.168637 0.085183 0.495526
4 3 0.178920 0.083591 0.171296 0.101170 0.465024
4 3 0.173617 0.080759 0.171459 0.091029 0.483137
4 3 0.177296 0.082594 0.176802 0.105587 0.457722
4 3 0.170803 0.076963 0.181083 0.098807 0.472343
4 3 0.174677 0.073398 0.183066 0.115347 0.453513
4 3 0.173703 0.066996 0.182436 0.117913 0.458952
4 3 0.171601 0.063686 0.184294 0.118274 0.462145
4 3 0.169062 0.063072 0.188551 0.117977 0.461338
4 3 0.169124 0.062495 0.192442 0.126040 0.449900
4 3 0.172690 0.063958 0.197215 0.152033 0.414104
4 3 0.180488 0.062965 0.191491 0.221609 0.343447
3 3 0.178667 0.058993 0.161996 0.375424 0.224920
3 3 0.156150 0.047468 0.117824 0.547061 0.131497
3 3 0.140639 0.042049 0.094251 0.627897 0.095164
3 3 0.140444 0.041297 0.090858 0.634477 0.092924
3 3 0.148043 0.044516 0.097589 0.605253 0.104598
3 3 0.154409 0.046105 0.105294 0.575845 0.118347
3 3 0.164960 0.051336 0.118894 0.522108 0.142702
3 3 0.175463 0.055879 0.131535 0.464730 0.172392
3 3 0.175663 0.054819 0.131125 0.464757 0.173636
3 3 0.167133 0.052813 0.120055 0.513941 0.146057
3 3 0.158749 0.051184 0.112728 0.550664 0.126675
3 3 0.158835 0.054692 0.107549 0.560191 0.118732
3 3 0.150050 0.051646 0.090844 0.611845 0.095616
3 3 0.137284 0.045882 0.073759 0.669586 0.073490
3 3 0.112920 0.034608 0.054407 0.749901 0.048165
3 3 0.096318 0.027015 0.043042 0.798296 0.035329
3 3 0.090809 0.024299 0.042030 0.809761 0.033101
3 3 0.118124 0.033116 0.063659 0.726461 0.058640
3 3 0.147704 0.044606 0.091627 0.617029 0.099035
3 3 0.168177 0.053493 0.111132 0.530029 0.137170
3 3 0.174879 0.056186 0.120224 0.492452 0.156259
3 3 0.175058 0.054335 0.123623 0.483922 0.163062
3 3 0.163250 0.049027 0.113972 0.536609 0.137143
3 3 0.161145 0.047453 0.110918 0.548126 0.132358
3 3 0.160436 0.046840 0.108720 0.554323 0.129681
3 3 0.164536 0.047887 0.112000 0.537198 0.138379
3 3 0.160091 0.044925 0.110097 0.552119 0.132768
3 3 0.142352 0.038555 0.093222 0.626215 0.099657
3 3 0.112220 0.028889 0.066174 0.734188 0.058528
3 3 0.096987 0.025386 0.051481 0.784933 0.041214
3 3 0.109439 0.030673 0.059784 0.748886 0.051218
3 3 0.145454 0.046812 0.086167 0.631281 0.090286
3 3 0.187757 0.068019 0.134460 0.420054 0.189710
3 3 0.199159 0.078259 0.158918 0.291655 0.272008
4 3 0.193267 0.078012 0.176427 0.218267 0.334027
4 3 0.187755 0.072901 0.182365 0.188826 0.368153
4 3 0.191848 0.072615 0.176825 0.216379 0.342333
3 3 0.198446 0.074351 0.155063 0.310822 0.261318
3 3 0.211360 0.084270 0.126242 0.359111 0.219017
3 3 0.219905 0.089185 0.081809 0.460478 0.148623
0 1 0.361463 0.127803 0.098875 0.314145 0.097715
0 1 0.374956 0.160323 0.128958 0.258884 0.076879
2 2 0.249559 0.202769 0.255673 0.193605 0.098393
2 2 0.111561 0.132579 0.527961 0.139744 0.088155
2 2 0.076905 0.078658 0.674267 0.117517 0.052653
2 2 0.052215 0.046630 0.747292 0.117653 0.036210
2 2 0.080618 0.065035 0.675855 0.132625 0.045867
2 2 0.164148 0.132881 0.515061 0.119904 0.068005
2 2 0.142824 0.164089 0.474470 0.125246 0.093372
2 2 0.131502 0.165647 0.496753 0.114444 0.091655
2 2 0.093220 0.111119 0.638990 0.095747 0.060924
2 2 0.081438 0.087940 0.705115 0.080488 0.045019
2 2 0.064116 0.067509 0.764197 0.069662 0.034517
2 2 0.059578 0.058039 0.793407 0.060988 0.027988
2 2 0.055926 0.052538 0.810419 0.056415 0.024702
2 2 0.053793 0.050132 0.817861 0.054732 0.023483
2 2 0.052088 0.049172 0.820704 0.054699 0.023337
2 2 0.051220 0.049394 0.819801 0.055696 0.023890
2 2 0.052073 0.051839 0.811906 0.058470 0.025712
2 2 0.053560 0.054946 0.802012 0.061602 0.027881
2 2 0.053219 0.052946 0.808546 0.059085 0.026203
2 2 0.051355 0.049591 0.819180 0.055867 0.024007
2 2 0.051333 0.047007 0.827650 0.052234 0.021776
2 2 0.054373 0.049284 0.820659 0.053143 0.022541
2 2 0.055153 0.050411 0.817133 0.054109 0.023194
2 2 0.054194 0.051354 0.813968 0.056108 0.024376
2 2 0.050842 0.049031 0.814212 0.060767 0.025148
2 2 0.045830 0.041235 0.812417 0.075251 0.025267
2 2 0.042136 0.035964 0.810833 0.086198 0.024869
2 2 0.040569 0.033813 0.815952 0.085969 0.023697
2 2 0.041558 0.035326 0.827406 0.073534 0.022177
2 2 0.045126 0.041551 0.832737 0.058717 0.021870
2 2 0.050086 0.050310 0.816446 0.057946 0.025212
2 2 0.057525 0.063603 0.774635 0.070090 0.034147
2 2 0.069160 0.088078 0.692646 0.089979 0.060138
2 2 0.079688 0.110592 0.602722 0.102974 0.104024
2 2 0.086187 0.131268 0.488855 0.111106 0.182584
2 2 0.088665 0.141664 0.385778 0.108392 0.275501
4 2 0.106248 0.140266 0.320544 0.085557 0.347385
4 2 0.130643 0.136146 0.233618 0.061051 0.438543
4 2 0.158059 0.162823 0.186071 0.061807 0.431241
4 2 0.161114 0.176115 0.188434 0.068475 0.405862
4 2 0.165288 0.200697 0.191095 0.081418 0.361502
4 2 0.164113 0.192580 0.190451 0.077054 0.375803
0 1 0.338923 0.174246 0.258954 0.084960 0.142917
0 2 0.363329 0.177499 0.242333 0.095201 0.121638
0 1 0.347842 0.197669 0.229964 0.110775 0.113749
2 2 0.258125 0.252148 0.269491 0.116400 0.103837
2 2 0.243238 0.239901 0.316481 0.099340 0.101040
2 2 0.125507 0.127661 0.597000 0.089979 0.059853
2 2 0.090993 0.081706 0.723806 0.067878 0.035617
2 2 0.072372 0.066994 0.767012 0.063115 0.030507
2 2 0.086853 0.086262 0.710855 0.075020 0.041011
2 2 0.112612 0.123838 0.606817 0.094243 0.062491
2 2 0.135049 0.160062 0.512236 0.108496 0.084157
2 2 0.149546 0.188274 0.441831 0.117813 0.102536
2 2 0.152609 0.198648 0.416279 0.121750 0.110714
2 2 0.159971 0.215514 0.376128 0.125890 0.122497
2 2 0.167369 0.225607 0.353366 0.126227 0.127431
2 2 0.178529 0.239696 0.322386 0.125768 0.133621
2 2 0.174387 0.222782 0.361242 0.121458 0.120130
2 2 0.145531 0.178035 0.467222 0.114074 0.095138
2 2 0.109678 0.128589 0.593078 0.100155 0.068500
2 2 0.082057 0.092749 0.690696 0.085244 0.049255
2 2 0.074105 0.081245 0.723752 0.078454 0.042445
2 2 0.074292 0.078985 0.730798 0.075697 0.040228
2 2 0.092257 0.100237 0.670790 0.085698 0.051018
2 2 0.115863 0.125853 0.601615 0.093964 0.062706
2 2 0.144567 0.158334 0.517422 0.102070 0.077608
2 2 0.148007 0.158421 0.517167 0.100357 0.076048
2 2 0.139529 0.145077 0.551293 0.095613 0.068488
2 2 0.114760 0.115996 0.628339 0.086331 0.054575
2 2 0.095108 0.095819 0.683853 0.079487 0.045733
2 2 0.076301 0.077570 0.735510 0.072623 0.037997
2 2 0.067231 0.066594 0.767763 0.066157 0.032255
2 2 0.064485 0.061688 0.782639 0.062063 0.029125
2 2 0.071374 0.073635 0.746681 0.071603 0.036707
2 2 0.093799 0.090269 0.662806 0.102178 0.050949
2 2 0.179340 0.141041 0.432245 0.171966 0.075408
0 1 0.284785 0.172620 0.223642 0.244805 0.074147
0 2 0.326206 0.178525 0.160835 0.265246 0.069188
0 0 0.401926 0.184352 0.143225 0.210608 0.059889
0 0 0.407985 0.200167 0.161871 0.159841 0.070136
0 1 0.354939 0.217662 0.201438 0.140644 0.085317
1 0 0.250352 0.268057 0.179812 0.159393 0.142386
0 0 0.233624 0.226905 0.223112 0.105329 0.211029
2 1 0.292725 0.204807 0.315365 0.086303 0.100801
0 1 0.340492 0.206103 0.188864 0.130503 0.134038
0 0 0.380727 0.182578 0.172884 0.125922 0.137889
0 0 0.379752 0.191627 0.170415 0.135924 0.122283
0 1 0.381535 0.197514 0.174587 0.140487 0.105877
0 1 0.367694 0.207299 0.184182 0.141815 0.099009
0 0 0.391155 0.208299 0.178466 0.154186 0.067894
0 0 0.321212 0.232608 0.188767 0.149404 0.108009
0 0 0.278730 0.257531 0.181663 0.160703 0.121372
1 0 0.233843 0.281279 0.192334 0.156646 0.135897
1 1 0.206039 0.278645 0.238890 0.124427 0.152000
1 1 0.214476 0.271571 0.255418 0.118147 0.140388
2 2 0.154222 0.172160 0.482740 0.105843 0.085035
2 2 0.108171 0.116184 0.627548 0.090355 0.057742
2 2 0.099660 0.106206 0.654691 0.086598 0.052846
2 2 0.097357 0.103805 0.661257 0.085799 0.051782
2 2 0.095558 0.102097 0.665922 0.085323 0.051100
2 2 0.091210 0.099255 0.673468 0.085432 0.050635
2 2 0.097451 0.113211 0.634102 0.094695 0.060542
2 2 0.114680 0.141075 0.559340 0.107152 0.077753
2 2 0.135846 0.180220 0.459289 0.121198 0.103447
2 2 0.143868 0.196085 0.420446 0.125507 0.114094
2 2 0.146356 0.199807 0.411684 0.126010 0.116144
2 2 0.147826 0.193227 0.428882 0.121574 0.108490
2 2 0.139819 0.172087 0.481595 0.113661 0.092839
2 2 0.128809 0.145850 0.548996 0.102013 0.074332
2 2 0.114342 0.122608 0.610357 0.092160 0.060534
2 2 0.108659 0.115564 0.629312 0.089512 0.056954
2 2 0.101128 0.107870 0.650137 0.087222 0.053643
2 2 0.096742 0.104331 0.659664 0.086705 0.052558
2 2 0.089908 0.096613 0.680980 0.083654 0.048844
2 2 0.089078 0.094483 0.687093 0.082046 0.047300
2 2 0.088173 0.092888 0.691634 0.081020 0.046284
2 2 0.086195 0.091995 0.693943 0.081446 0.046421
2 2 0.083447 0.086608 0.709477 0.077636 0.042832
2 2 0.078918 0.081954 0.722684 0.075705 0.040739
2 2 0.074598 0.075347 0.741996 0.071280 0.036779
2 2 0.075951 0.077464 0.735776 0.072749 0.038061
2 2 0.081324 0.085337 0.712926 0.077735 0.042678
2 2 0.089756 0.099022 0.673863 0.086204 0.051155
2 2 0.094907 0.106698 0.652468 0.090231 0.055696
2 2 0.093653 0.104175 0.659562 0.088635 0.053975
2 2 0.088037 0.097046 0.679333 0.085397 0.050187
2 2 0.083735 0.091521 0.694853 0.082685 0.047206
2 2 0.081615 0.090994 0.695906 0.083676 0.047808
2 2 0.077673 0.089300 0.699872 0.084842 0.048314
2 2 0.069000 0.084274 0.712025 0.086314 0.048387
2 2 0.062010 0.077352 0.730873 0.084178 0.045588
2 2 0.058701 0.070202 0.742629 0.085750 0.042718
2 2 0.058886 0.067253 0.759596 0.076403 0.037861
2 2 0.062577 0.065317 0.770791 0.068095 0.033220
2 2 0.067363 0.062697 0.779786 0.061314 0.028840
2 2 0.070352 0.060644 0.785952 0.056960 0.026092
2 2 0.068104 0.057092 0.796634 0.054108 0.024063
2 2 0.062008 0.053399 0.808072 0.053342 0.023179
2 2 0.060409 0.054980 0.803161 0.056416 0.025034
2 2 0.061806 0.058579 0.792031 0.060048 0.027536
2 2 0.064687 0.063682 0.776439 0.064410 0.030781
2 2 0.068350 0.069455 0.759056 0.068825 0.034313
2 2 0.074916 0.077656 0.735009 0.073708 0.038711
2 2 0.076690 0.079554 0.729413 0.074702 0.039641
2 2 0.070939 0.073781 0.740875 0.076058 0.038347
2 2 0.059934 0.061845 0.769584 0.074686 0.033952
2 2 0.053671 0.054774 0.786283 0.074028 0.031244
2 2 0.050806 0.051660 0.798628 0.069877 0.029029
2 2 0.050762 0.052454 0.805918 0.063206 0.027660
2 2 0.052475 0.053233 0.807383 0.060107 0.026803
2 2 0.056095 0.058199 0.792032 0.063970 0.029704
2 2 0.059794 0.066434 0.766190 0.071880 0.035701
2 2 0.057319 0.068401 0.740800 0.090094 0.043387
2 2 0.052633 0.061919 0.719702 0.117429 0.048317
2 2 0.049085 0.057397 0.681825 0.156039 0.055654
2 2 0.045908 0.050502 0.660786 0.186228 0.056576
2 3 0.045049 0.047228 0.662538 0.191038 0.054147
2 3 0.045413 0.045186 0.700762 0.162471 0.046168
2 3 0.045599 0.044583 0.738882 0.131474 0.039462
2 3 0.047332 0.047596 0.759193 0.109139 0.036740
2 3 0.048668 0.050491 0.756733 0.106213 0.037895
2 3 0.050251 0.054953 0.739276 0.113034 0.042485
2 3 0.049475 0.055750 0.716173 0.130790 0.047812
2 3 0.050507 0.058024 0.691931 0.146308 0.053231
2 3 0.052248 0.058904 0.684308 0.150291 0.054249
2 3 0.052157 0.056730 0.683734 0.154250 0.053130
2 3 0.047514 0.049047 0.689053 0.164663 0.049722
2 3 0.041776 0.041049 0.686625 0.183469 0.047081
2 3 0.038543 0.037410 0.684353 0.193710 0.045984
2 3 0.039159 0.039284 0.692292 0.183053 0.046212
2 3 0.040751 0.043364 0.690324 0.176499 0.049063
2 2 0.041156 0.045759 0.681214 0.179606 0.052265
2 2 0.039770 0.043893 0.659264 0.201998 0.055076
2 2 0.038718 0.040256 0.673833 0.197097 0.050096
2 2 0.037807 0.036655 0.714160 0.169844 0.041535
2 2 0.038205 0.034983 0.773655 0.121596 0.031561
2 2 0.040956 0.038805 0.801942 0.090258 0.028039
2 2 0.046646 0.046346 0.811141 0.069108 0.026759
2 2 0.056937 0.059303 0.788662 0.064768 0.030329
2 2 0.063840 0.061968 0.781678 0.062877 0.029636
2 2 0.067555 0.063473 0.777426 0.062126 0.029420
2 2 0.065796 0.057281 0.796203 0.055744 0.024976
2 2 0.060202 0.052782 0.809976 0.053733 0.023306
2 2 0.055091 0.052749 0.804645 0.061212 0.026303
2 2 0.075704 0.060424 0.762495 0.072078 0.029299
2 2 0.246574 0.146347 0.498138 0.067648 0.041294
2 2 0.311347 0.198548 0.349876 0.082878 0.057350
2 2 0.189038 0.186218 0.445539 0.097884 0.081322
2 2 0.154135 0.180312 0.462425 0.110729 0.092399
2 2 0.135580 0.181602 0.426168 0.117847 0.138802
4 2 0.143105 0.160218 0.221176 0.070120 0.405381
4 4 0.138114 0.107337 0.167709 0.036359 0.550482
4 4 0.128239 0.088851 0.157697 0.028732 0.596480
4 4 0.122786 0.080042 0.152006 0.025254 0.619912
4 4 0.108549 0.060518 0.136712 0.017925 0.676296
4 4 0.102793 0.053784 0.130369 0.015526 0.697528
4 4 0.099612 0.050306 0.126829 0.014316 0.708937
4 4 0.098162 0.048773 0.125206 0.013789 0.714069
4 4 0.093737 0.044296 0.120224 0.012272 0.729471
4 4 0.093607 0.044168 0.120076 0.012229 0.729920
4 4 0.093617 0.044178 0.120088 0.012232 0.729885
4 4 0.098306 0.048924 0.125367 0.013840 0.713563
4 4 0.094326 0.044875 0.120890 0.012466 0.727442
4 4 0.094418 0.044966 0.120994 0.012497 0.727126
4 4 0.091403 0.042049 0.117576 0.011524 0.737449
4 4 0.094036 0.044589 0.120561 0.012370 0.728444
4 4 0.097173 0.047747 0.124097 0.013438 0.717545
4 4 0.095448 0.045992 0.122156 0.012843 0.723561
4 4 0.095252 0.045796 0.121935 0.012776 0.724241
4 4 0.088749 0.039587 0.114550 0.010714 0.746400
4 4 0.079216 0.031498 0.103547 0.008138 0.777600
4 4 0.069790 0.024565 0.092458 0.006042 0.807145
4 4 0.064436 0.021058 0.086063 0.005026 0.823417
4 4 0.061477 0.019248 0.082499 0.004515 0.832261
4 4 0.057852 0.017149 0.078103 0.003935 0.842960
4 4 0.053472 0.014784 0.072745 0.003298 0.855701
4 4 0.052100 0.014080 0.071056 0.003112 0.859651
4 4 0.056841 0.016587 0.076871 0.003782 0.845920
4 4 0.067677 0.023145 0.089942 0.005627 0.813610
4 4 0.076829 0.029647 0.100758 0.007568 0.785199
4 4 0.086737 0.037783 0.112246 0.010129 0.753105
4 4 0.096794 0.047358 0.123671 0.013306 0.718870
4 4 0.118281 0.073369 0.147232 0.022688 0.638431
4 4 0.129390 0.090825 0.158884 0.029526 0.591376
4 4 0.142506 0.116914 0.172015 0.040479 0.528085
4 4 0.145524 0.124125 0.174908 0.043657 0.511786
4 4 0.137613 0.106305 0.167212 0.035922 0.552948
4 4 0.132574 0.096516 0.162143 0.031842 0.576926
4 4 0.125279 0.083963 0.154621 0.026789 0.609349
4 4 0.125838 0.084867 0.155204 0.027146 0.606944
4 4 0.118807 0.074123 0.147793 0.022975 0.636302
4 4 0.127535 0.087664 0.156968 0.028257 0.599577
4 4 0.133091 0.097475 0.162668 0.032236 0.574530
4 4 0.139876 0.111060 0.169448 0.037947 0.541669
4 4 0.142383 0.116632 0.171896 0.040356 0.528732
4 4 0.146677 0.127037 0.175997 0.044958 0.505331
4 4 0.148006 0.130517 0.177240 0.046527 0.497711
4 4 0.144469 0.121538 0.173903 0.042510 0.517579
4 4 0.144572 0.121788 0.174002 0.042620 0.517019
4 4 0.143268 0.118681 0.172751 0.041252 0.524048
4 4 0.152568 0.143642 0.181394 0.052578 0.469818
4 4 0.157007 0.158766 0.185211 0.059816 0.439200
4 4 0.163528 0.188974 0.190092 0.075144 0.382262
4 4 0.169963 0.208922 0.196678 0.085473 0.338963
2 0 0.236139 0.235396 0.245144 0.105143 0.178180
1 1 0.177036 0.267099 0.201075 0.119421 0.235369
1 1 0.169360 0.284530 0.189287 0.131992 0.224831
1 2 0.167640 0.272346 0.244259 0.139866 0.175889
2 2 0.151625 0.236460 0.321582 0.139279 0.151055
2 2 0.097652 0.159204 0.437256 0.126481 0.179407
2 2 0.095062 0.149431 0.479473 0.123316 0.152719
2 2 0.099758 0.150476 0.489415 0.121359 0.138992
2 2 0.106285 0.155816 0.484419 0.121046 0.132434
2 2 0.107489 0.152133 0.501518 0.118043 0.120817
2 2 0.106831 0.148891 0.512055 0.116206 0.116016
2 2 0.102633 0.141097 0.532709 0.113139 0.110423
2 2 0.100596 0.138367 0.532607 0.111575 0.116855
2 2 0.100153 0.139923 0.516143 0.111828 0.131954
2 2 0.107251 0.159276 0.435645 0.117516 0.180313
2 2 0.124852 0.197132 0.316602 0.122685 0.238728
2 2 0.129840 0.194763 0.417909 0.133890 0.123598
1 2 0.150937 0.252452 0.220056 0.129235 0.247320
