0 0 0.704163 0.066485 0.139088 0.065526 0.024738
0 0 0.685466 0.069944 0.145832 0.071896 0.026862
0 0 0.773522 0.053702 0.109562 0.042614 0.020601
0 0 0.788833 0.050844 0.102062 0.037783 0.020478
0 0 0.820592 0.043552 0.091313 0.030495 0.014049
0 0 0.801948 0.047236 0.100184 0.035735 0.014897
0 0 0.789276 0.050294 0.103921 0.038547 0.017962
0 0 0.753456 0.057480 0.118552 0.048948 0.021564
0 0 0.751226 0.057885 0.119567 0.049686 0.021635
0 0 0.760135 0.056015 0.116457 0.047211 0.020181
0 0 0.772165 0.053575 0.111732 0.043734 0.018794
0 0 0.752691 0.057909 0.117663 0.048606 0.023132
0 0 0.756074 0.057519 0.114972 0.046941 0.024495
0 0 0.760378 0.056548 0.113859 0.045961 0.023254
0 0 0.753544 0.057716 0.117435 0.048402 0.022902
0 0 0.746787 0.059246 0.119132 0.049966 0.024868
0 0 0.745251 0.059226 0.121210 0.051164 0.023150
0 0 0.749873 0.058294 0.119514 0.049814 0.022505
0 0 0.768439 0.054837 0.111109 0.043840 0.021775
0 0 0.790660 0.050250 0.102332 0.037730 0.019028
0 0 0.798618 0.048733 0.098411 0.035322 0.018916
0 0 0.793508 0.049987 0.099564 0.036270 0.020671
0 0 0.766038 0.055721 0.109967 0.043539 0.024734
0 0 0.725347 0.067939 0.123783 0.052074 0.030856
0 0 0.680364 0.077191 0.140339 0.065913 0.036192
0 0 0.669450 0.077020 0.146032 0.072011 0.035486
0 0 0.655393 0.079679 0.152084 0.077381 0.035463
0 0 0.657036 0.081753 0.152070 0.075278 0.033863
0 0 0.662356 0.075964 0.153416 0.078391 0.029873
0 0 0.697061 0.067808 0.141672 0.067919 0.025539
0 0 0.730497 0.061749 0.128271 0.056438 0.023045
0 0 0.745514 0.059245 0.120803 0.050934 0.023505
0 0 0.738709 0.060911 0.121804 0.052193 0.026383
0 0 0.729366 0.063023 0.123599 0.054145 0.029867
0 0 0.749513 0.059385 0.113799 0.046999 0.030305
0 0 0.786278 0.052065 0.098262 0.036281 0.027114
0 0 0.785181 0.052419 0.096966 0.035759 0.029675
0 0 0.771760 0.058879 0.101274 0.036822 0.031264
0 0 0.779524 0.057661 0.097412 0.034268 0.031135
0 0 0.796549 0.052783 0.091768 0.031147 0.027753
0 0 0.775504 0.054706 0.100462 0.037991 0.031337
0 0 0.733999 0.062729 0.116126 0.049657 0.037490
0 0 0.727525 0.065386 0.120558 0.051688 0.034843
0 0 0.722631 0.072345 0.121318 0.049020 0.034687
0 0 0.733310 0.074524 0.115505 0.042875 0.033786
0 0 0.724139 0.078043 0.118148 0.044219 0.035451
0 0 0.686391 0.092856 0.128751 0.049844 0.042158
0 0 0.578461 0.123687 0.161428 0.076529 0.059894
0 1 0.432929 0.178189 0.198106 0.112213 0.078562
0 1 0.263197 0.239120 0.258817 0.130433 0.108434
2 1 0.104853 0.256888 0.405514 0.104469 0.128276
2 1 0.045898 0.192255 0.568727 0.082201 0.110919
2 1 0.027501 0.112191 0.701729 0.078627 0.079951
2 2 0.016043 0.095526 0.774244 0.048777 0.065410
2 2 0.011688 0.086119 0.807750 0.036787 0.057657
2 2 0.010383 0.082738 0.818845 0.033098 0.054937
2 2 0.010420 0.082839 0.818519 0.033205 0.055018
2 2 0.011049 0.084503 0.813108 0.034987 0.056353
2 2 0.011826 0.086459 0.806610 0.037174 0.057932
2 2 0.012900 0.088997 0.797935 0.040170 0.059999
2 2 0.014983 0.093456 0.781985 0.045898 0.063679
2 2 0.020570 0.103174 0.743498 0.060819 0.071938
2 2 0.029952 0.114811 0.688110 0.084770 0.082357
2 2 0.039819 0.123217 0.637713 0.108842 0.090408
2 2 0.045839 0.127049 0.609727 0.123074 0.094311
2 2 0.049732 0.129120 0.592521 0.132115 0.096511
2 2 0.059355 0.133112 0.552516 0.153970 0.101046
2 3 0.078209 0.137392 0.482399 0.194981 0.107019
2 3 0.105958 0.137823 0.393840 0.251564 0.110816
2 3 0.133756 0.133503 0.318176 0.304179 0.110386
3 3 0.169650 0.123076 0.235718 0.366305 0.105252
3 3 0.169650 0.123076 0.235718 0.366305 0.105252
3 3 0.169650 0.123076 0.235718 0.366305 0.105252
3 3 0.169650 0.123076 0.235718 0.366305 0.105252
3 3 0.169650 0.123076 0.235718 0.366305 0.105252
3 3 0.169650 0.123076 0.235718 0.366305 0.105252
3 3 0.169650 0.123076 0.235718 0.366305 0.105252
3 3 0.169650 0.123076 0.235718 0.366305 0.105252
3 3 0.169650 0.123076 0.235718 0.366305 0.105252
3 3 0.169650 0.123076 0.235718 0.366305 0.105252
3 3 0.169650 0.123076 0.235718 0.366305 0.105252
3 3 0.169650 0.123076 0.235718 0.366305 0.105252
3 3 0.169650 0.123076 0.235718 0.366305 0.105252
3 3 0.169650 0.123076 0.235718 0.366305 0.105252
3 3 0.169650 0.123076 0.235718 0.366305 0.105252
3 3 0.169650 0.123076 0.235718 0.366305 0.105252
3 3 0.169650 0.123076 0.235718 0.366305 0.105252
3 3 0.169650 0.123076 0.235718 0.366305 0.105252
3 3 0.169650 0.123076 0.235718 0.366305 0.105252
3 3 0.169650 0.123076 0.235718 0.366305 0.105252
3 3 0.169650 0.123076 0.235718 0.366305 0.105252
3 3 0.169650 0.123076 0.235718 0.366305 0.105252
3 3 0.169650 0.123076 0.235718 0.366305 0.105252
3 3 0.169650 0.123076 0.235718 0.366305 0.105252
3 3 0.169650 0.123076 0.235718 0.366305 0.105252
3 3 0.169650 0.123076 0.235718 0.366305 0.105252
3 3 0.169650 0.123076 0.235718 0.366305 0.105252
3 3 0.169650 0.123076 0.235718 0.366305 0.105252
3 3 0.169650 0.123076 0.235718 0.366305 0.105252
3 3 0.169650 0.123076 0.235718 0.366305 0.105252
3 3 0.169650 0.123076 0.235718 0.366305 0.105252
3 3 0.169650 0.123076 0.235718 0.366305 0.105252
3 3 0.169650 0.123076 0.235718 0.366305 0.105252
3 3 0.169650 0.123076 0.235718 0.366305 0.105252
3 3 0.169650 0.123076 0.235718 0.366305 0.105252
3 3 0.169650 0.123076 0.235718 0.366305 0.105252
3 3 0.169650 0.123076 0.235718 0.366305 0.105252
3 3 0.169650 0.123076 0.235718 0.366305 0.105252
3 3 0.169650 0.123076 0.235718 0.366305 0.105252
3 3 0.169650 0.123076 0.235718 0.366305 0.105252
3 3 0.169650 0.123076 0.235718 0.366305 0.105252
3 3 0.169650 0.123076 0.235718 0.366305 0.105252
3 3 0.169650 0.123076 0.235718 0.366305 0.105252
3 3 0.169650 0.123076 0.235718 0.366305 0.105252
3 3 0.169650 0.123076 0.235718 0.366305 0.105252
3 3 0.169650 0.123076 0.235718 0.366305 0.105252
3 3 0.169650 0.123076 0.235718 0.366305 0.105252
3 3 0.169650 0.123076 0.235718 0.366305 0.105252
3 3 0.169650 0.123076 0.235718 0.366305 0.105252
3 3 0.169650 0.123076 0.235718 0.366305 0.105252
3 3 0.169650 0.123076 0.235718 0.366305 0.105252
3 3 0.169650 0.123076 0.235718 0.366305 0.105252
3 3 0.169650 0.123076 0.235718 0.366305 0.105252
3 3 0.169650 0.123076 0.235718 0.366305 0.105252
3 3 0.169650 0.123076 0.235718 0.366305 0.105252
3 3 0.169650 0.123076 0.235718 0.366305 0.105252
3 3 0.169650 0.123076 0.235718 0.366305 0.105252
3 3 0.169650 0.123076 0.235718 0.366305 0.105252
3 3 0.169650 0.123076 0.235718 0.366305 0.105252
3 3 0.169650 0.123076 0.235718 0.366305 0.105252
3 3 0.169650 0.123076 0.235718 0.366305 0.105252
3 3 0.169650 0.123076 0.235718 0.366305 0.105252
3 3 0.169650 0.123076 0.235718 0.366305 0.105252
3 3 0.169650 0.123076 0.235718 0.366305 0.105252
3 3 0.169650 0.123076 0.235718 0.366305 0.105252
3 3 0.169650 0.123076 0.235718 0.366305 0.105252
3 3 0.169650 0.123076 0.235718 0.366305 0.105252
3 3 0.169650 0.123076 0.235718 0.366305 0.105252
3 3 0.169650 0.123076 0.235718 0.366305 0.105252
3 3 0.169650 0.123076 0.235718 0.366305 0.105252
3 3 0.169650 0.123076 0.235718 0.366305 0.105252
3 3 0.169650 0.123076 0.235718 0.366305 0.105252
3 3 0.169650 0.123076 0.235718 0.366305 0.105252
3 3 0.169650 0.123076 0.235718 0.366305 0.105252
3 3 0.169650 0.123076 0.235718 0.366305 0.105252
3 3 0.169650 0.123076 0.235718 0.366305 0.105252
3 3 0.169650 0.123076 0.235718 0.366305 0.105252
3 3 0.169650 0.123076 0.235718 0.366305 0.105252
3 3 0.169650 0.123076 0.235718 0.366305 0.105252
3 3 0.169650 0.123076 0.235718 0.366305 0.105252
3 3 0.169650 0.123076 0.235718 0.366305 0.105252
3 2 0.169650 0.123076 0.235718 0.366305 0.105252
3 2 0.164853 0.124724 0.245849 0.358385 0.106189
2 2 0.069598 0.135934 0.513236 0.176527 0.104705
2 2 0.032968 0.117714 0.672005 0.092238 0.085075
2 2 0.025970 0.110420 0.710513 0.074751 0.078346
2 2 0.020822 0.103552 0.741880 0.061479 0.072267
2 2 0.019646 0.101749 0.749511 0.058390 0.070705
2 2 0.017828 0.098752 0.761712 0.053571 0.068137
2 2 0.017885 0.098850 0.761322 0.053722 0.068221
2 2 0.016684 0.096720 0.769675 0.050506 0.066415
2 2 0.015755 0.094976 0.776323 0.047997 0.064949
2 2 0.014036 0.091498 0.789104 0.043306 0.062055
2 2 0.014223 0.091894 0.787680 0.043820 0.062383
2 2 0.015748 0.094962 0.776375 0.047978 0.064937
2 2 0.016522 0.096421 0.770826 0.050068 0.066163
2 2 0.017702 0.098535 0.762576 0.053235 0.067952
2 2 0.015487 0.094455 0.778278 0.047269 0.064512
2 2 0.015236 0.093961 0.780115 0.046587 0.064100
2 2 0.011830 0.086468 0.806578 0.037185 0.057940
2 2 0.013522 0.090389 0.793056 0.041892 0.061141
2 2 0.012980 0.089180 0.797296 0.040394 0.060149
2 2 0.022400 0.103333 0.746179 0.058383 0.069705
2 2 0.045890 0.118257 0.682839 0.078053 0.074961
2 0 0.222319 0.135039 0.408565 0.155846 0.078231
2 0 0.246198 0.132807 0.343290 0.195505 0.082200
2 1 0.270222 0.179500 0.303204 0.154417 0.092657
2 2 0.123472 0.217623 0.437622 0.109870 0.111413
2 2 0.072151 0.202857 0.527291 0.088953 0.108748
2 2 0.070981 0.185585 0.535637 0.100836 0.106961
2 1 0.180967 0.161794 0.418857 0.146709 0.091673
2 1 0.068454 0.148087 0.589388 0.102729 0.091342
2 1 0.030172 0.142830 0.693784 0.052396 0.080818
2 2 0.020361 0.110895 0.738242 0.056456 0.074046
2 2 0.015447 0.094378 0.778565 0.047162 0.064448
2 2 0.013386 0.090089 0.794115 0.041516 0.060894
2 2 0.011615 0.085939 0.808352 0.036583 0.057511
2 2 0.014378 0.092218 0.786509 0.044245 0.062651
2 2 0.021122 0.103997 0.739965 0.062263 0.072654
2 2 0.025616 0.109994 0.712577 0.073850 0.077962
2 2 0.022674 0.106202 0.730238 0.066299 0.074587
2 2 0.016764 0.096865 0.769116 0.050719 0.066537
2 2 0.015273 0.094035 0.779840 0.046689 0.064162
2 2 0.015955 0.096324 0.769361 0.045397 0.072964
2 2 0.019739 0.105318 0.721345 0.045243 0.108355
2 2 0.029091 0.116487 0.595519 0.043113 0.215789
2 2 0.038332 0.135734 0.441894 0.035568 0.348471
4 2 0.048436 0.148923 0.298462 0.029443 0.474736
4 2 0.049796 0.165952 0.310317 0.030962 0.442974
4 2 0.048160 0.172038 0.332420 0.031659 0.415723
2 2 0.036374 0.160236 0.480333 0.036088 0.286970
2 2 0.026001 0.132186 0.626821 0.040606 0.174387
2 2 0.016971 0.099180 0.755145 0.044665 0.084038
2 2 0.014270 0.091993 0.787322 0.043950 0.062465
2 2 0.013056 0.089351 0.796700 0.040603 0.060289
2 2 0.012805 0.088780 0.798686 0.039907 0.059822
2 2 0.012207 0.087381 0.803490 0.038242 0.058681
2 2 0.011452 0.085531 0.809711 0.036124 0.057182
2 2 0.011846 0.086509 0.806440 0.037232 0.057973
2 2 0.012743 0.088637 0.799181 0.039734 0.059705
2 2 0.013557 0.090465 0.792785 0.041989 0.061204
2 2 0.014653 0.092787 0.784437 0.044999 0.063123
2 2 0.016109 0.096076 0.771503 0.047558 0.068755
2 2 0.018066 0.100384 0.753026 0.049875 0.078648
2 2 0.020273 0.104374 0.735580 0.053704 0.086069
2 2 0.025807 0.112391 0.698456 0.064468 0.098877
2 2 0.034761 0.120998 0.654571 0.087342 0.102328
2 2 0.049878 0.130533 0.587653 0.123716 0.108220
2 2 0.055863 0.132733 0.564480 0.140044 0.106879
2 2 0.055997 0.132489 0.564743 0.142371 0.104400
2 2 0.057093 0.132303 0.561627 0.148892 0.100085
2 2 0.066840 0.135300 0.523515 0.170521 0.103824
2 2 0.070082 0.135460 0.528044 0.164799 0.101616
2 0 0.062367 0.130934 0.588854 0.126227 0.091617
2 1 0.025163 0.107254 0.728693 0.065583 0.073307
2 2 0.016139 0.095382 0.775190 0.048286 0.065003
2 2 0.013348 0.090006 0.794407 0.041413 0.060826
2 2 0.013507 0.090356 0.793172 0.041851 0.061114
2 2 0.013001 0.089226 0.797137 0.040450 0.060187
2 2 0.015014 0.093519 0.781751 0.045984 0.063732
2 2 0.019064 0.100818 0.753361 0.056853 0.069904
2 2 0.024103 0.108104 0.721540 0.069982 0.076271
2 2 0.028812 0.113624 0.694379 0.081923 0.081262
2 2 0.032177 0.116984 0.676164 0.090289 0.084386
2 2 0.037153 0.121237 0.650718 0.102435 0.088458
2 2 0.039699 0.123132 0.638290 0.108555 0.090324
2 2 0.043515 0.125667 0.620320 0.117617 0.092881
2 2 0.051639 0.130031 0.584323 0.136500 0.097507
2 2 0.071458 0.136314 0.506419 0.180551 0.105259
2 2 0.098880 0.138238 0.415047 0.237529 0.110306
2 2 0.111798 0.137251 0.376972 0.262946 0.111032
2 2 0.120592 0.136036 0.352583 0.279754 0.111036
2 2 0.095831 0.138316 0.424456 0.231400 0.109997
2 2 0.076770 0.137200 0.487426 0.191928 0.106676
2 2 0.054606 0.131326 0.571843 0.143269 0.098957
2 2 0.078808 0.137466 0.480322 0.196247 0.107157
2 2 0.070490 0.136121 0.509954 0.178461 0.104975
2 1 0.054172 0.131145 0.573650 0.142282 0.098752
2 2 0.021987 0.105245 0.734508 0.064516 0.073745
2 2 0.015075 0.093641 0.781299 0.046150 0.063834
2 2 0.012141 0.087223 0.804025 0.038058 0.058553
2 2 0.012073 0.087058 0.804585 0.037866 0.058418
2 2 0.013224 0.089730 0.795377 0.041070 0.060599
2 2 0.018984 0.100688 0.753894 0.056642 0.069792
2 2 0.025697 0.110093 0.712101 0.074058 0.078051
2 2 0.032207 0.117012 0.676007 0.090362 0.084412
2 2 0.041309 0.124244 0.630617 0.112394 0.091436
2 2 0.058506 0.132817 0.555916 0.152068 0.100692
2 2 0.078000 0.137365 0.483126 0.194538 0.106970
2 2 0.095664 0.138318 0.424976 0.231064 0.109979
2 2 0.109226 0.137527 0.384332 0.257956 0.110959
2 2 0.121245 0.135929 0.350818 0.280986 0.111022
3 2 0.146541 0.130326 0.286991 0.327062 0.109080
3 2 0.169650 0.123076 0.235718 0.366305 0.105252
3 2 0.169650 0.123076 0.235718 0.366305 0.105252
3 2 0.169650 0.123076 0.235718 0.366305 0.105252
3 2 0.169650 0.123076 0.235718 0.366305 0.105252
3 2 0.169650 0.123076 0.235718 0.366305 0.105252
3 3 0.169650 0.123076 0.235718 0.366305 0.105252
3 3 0.169650 0.123076 0.235718 0.366305 0.105252
3 3 0.169650 0.123076 0.235718 0.366305 0.105252
3 3 0.169650 0.123076 0.235718 0.366305 0.105252
3 3 0.169650 0.123076 0.235718 0.366305 0.105252
3 3 0.169650 0.123076 0.235718 0.366305 0.105252
3 3 0.169650 0.123076 0.235718 0.366305 0.105252
3 3 0.169650 0.123076 0.235718 0.366305 0.105252
3 3 0.169650 0.123076 0.235718 0.366305 0.105252
3 3 0.169650 0.123076 0.235718 0.366305 0.105252
3 3 0.169650 0.123076 0.235718 0.366305 0.105252
3 3 0.169650 0.123076 0.235718 0.366305 0.105252
3 3 0.169650 0.123076 0.235718 0.366305 0.105252
3 3 0.169650 0.123076 0.235718 0.366305 0.105252
3 3 0.169650 0.123076 0.235718 0.366305 0.105252
3 3 0.169650 0.123076 0.235718 0.366305 0.105252
3 3 0.169650 0.123076 0.235718 0.366305 0.105252
3 3 0.169650 0.123076 0.235718 0.366305 0.105252
3 3 0.169650 0.123076 0.235718 0.366305 0.105252
3 3 0.169650 0.123076 0.235718 0.366305 0.105252
3 3 0.169650 0.123076 0.235718 0.366305 0.105252
3 3 0.169650 0.123076 0.235718 0.366305 0.105252
3 3 0.169650 0.123076 0.235718 0.366305 0.105252
3 3 0.169650 0.123076 0.235718 0.366305 0.105252
3 3 0.169650 0.123076 0.235718 0.366305 0.105252
3 3 0.169650 0.123076 0.235718 0.366305 0.105252
3 3 0.169650 0.123076 0.235718 0.366305 0.105252
3 3 0.169650 0.123076 0.235718 0.366305 0.105252
3 3 0.169650 0.123076 0.235718 0.366305 0.105252
3 3 0.169650 0.123076 0.235718 0.366305 0.105252
3 3 0.169650 0.123076 0.235718 0.366305 0.105252
3 3 0.169650 0.123076 0.235718 0.366305 0.105252
3 3 0.169650 0.123076 0.235718 0.366305 0.105252
3 3 0.169650 0.123076 0.235718 0.366305 0.105252
3 3 0.169650 0.123076 0.235718 0.366305 0.105252
3 3 0.169650 0.123076 0.235718 0.366305 0.105252
3 3 0.169650 0.123076 0.235718 0.366305 0.105252
3 3 0.169650 0.123076 0.235718 0.366305 0.105252
3 3 0.169650 0.123076 0.235718 0.366305 0.105252
3 3 0.169650 0.123076 0.235718 0.366305 0.105252
3 3 0.169650 0.123076 0.235718 0.366305 0.105252
3 3 0.169650 0.123076 0.235718 0.366305 0.105252
3 3 0.169650 0.123076 0.235718 0.366305 0.105252
3 3 0.169650 0.123076 0.235718 0.366305 0.105252
3 3 0.169650 0.123076 0.235718 0.366305 0.105252
3 3 0.169650 0.123076 0.235718 0.366305 0.105252
3 3 0.169650 0.123076 0.235718 0.366305 0.105252
3 3 0.169650 0.123076 0.235718 0.366305 0.105252
3 3 0.169650 0.123076 0.235718 0.366305 0.105252
3 3 0.169650 0.123076 0.235718 0.366305 0.105252
3 3 0.169650 0.123076 0.235718 0.366305 0.105252
3 3 0.169650 0.123076 0.235718 0.366305 0.105252
3 3 0.169650 0.123076 0.235718 0.366305 0.105252
3 3 0.169650 0.123076 0.235718 0.366305 0.105252
3 3 0.169650 0.123076 0.235718 0.366305 0.105252
3 3 0.169650 0.123076 0.235718 0.366305 0.105252
3 3 0.169650 0.123076 0.235718 0.366305 0.105252
3 3 0.169650 0.123076 0.235718 0.366305 0.105252
3 3 0.169650 0.123076 0.235718 0.366305 0.105252
3 2 0.169650 0.123076 0.235718 0.366305 0.105252
2 2 0.073110 0.136620 0.500438 0.184107 0.105726
2 2 0.041787 0.124562 0.628366 0.113529 0.091756
2 2 0.024771 0.108953 0.717554 0.071693 0.077029
2 2 0.019656 0.101765 0.749444 0.058417 0.070718
2 2 0.014652 0.092784 0.784449 0.044995 0.063121
2 2 0.013500 0.090340 0.793228 0.041831 0.061101
2 2 0.012342 0.087701 0.802399 0.038618 0.058941
2 2 0.012278 0.087550 0.802913 0.038440 0.058818
2 2 0.012955 0.089122 0.797499 0.040323 0.060102
2 2 0.014216 0.091236 0.790778 0.042471 0.061298
2 2 0.018980 0.097744 0.769223 0.049364 0.064689
2 2 0.018016 0.096096 0.775552 0.047024 0.063313
2 2 0.019668 0.099164 0.763321 0.051717 0.066130
2 2 0.013629 0.090241 0.794010 0.041418 0.060701
2 2 0.012351 0.087723 0.802323 0.038644 0.058959
2 2 0.011253 0.085028 0.811378 0.035565 0.056776
2 2 0.012310 0.087625 0.802658 0.038528 0.058879
2 2 0.011598 0.085897 0.808492 0.036536 0.057477
2 2 0.012365 0.087754 0.802216 0.038681 0.058985
2 2 0.013559 0.090469 0.792773 0.041993 0.061207
2 2 0.015361 0.094208 0.779199 0.046927 0.064306
2 2 0.017366 0.097946 0.764900 0.052336 0.067452
2 2 0.018975 0.100674 0.753953 0.056618 0.069780
2 2 0.020166 0.102560 0.746108 0.059761 0.071405
2 2 0.022435 0.105872 0.731718 0.065679 0.074296
2 2 0.023192 0.106905 0.727057 0.067638 0.075208
2 2 0.020024 0.102339 0.747036 0.059386 0.071215
2 2 0.014927 0.093344 0.782395 0.045747 0.063586
2 2 0.013611 0.090584 0.792365 0.042138 0.061302
2 2 0.012622 0.088357 0.800146 0.039398 0.059476
2 2 0.013278 0.089849 0.794960 0.041217 0.060697
2 1 0.036130 0.114707 0.697841 0.075494 0.075828
2 2 0.038668 0.122419 0.659765 0.093702 0.085445
2 2 0.020758 0.103458 0.742287 0.061313 0.072184
2 2 0.014113 0.091663 0.788513 0.043520 0.062192
2 2 0.012235 0.087448 0.803262 0.038320 0.058735
2 2 0.012410 0.087861 0.801852 0.038807 0.059071
2 2 0.011965 0.086797 0.805468 0.037564 0.058207
2 2 0.011655 0.086038 0.808022 0.036695 0.057591
2 2 0.012488 0.088046 0.801218 0.039026 0.059222
2 2 0.014429 0.092325 0.786121 0.044386 0.062739
2 2 0.018420 0.099757 0.757682 0.055146 0.068995
2 2 0.021778 0.104948 0.735817 0.063973 0.073485
2 1 0.034715 0.114885 0.695074 0.077879 0.077446
2 1 0.029120 0.111235 0.710862 0.072620 0.076163
2 2 0.024323 0.107889 0.723317 0.068906 0.075564
2 2 0.020683 0.103345 0.742769 0.061116 0.072086
2 2 0.035244 0.140775 0.612484 0.064825 0.146672
2 4 0.053998 0.157517 0.393539 0.048516 0.346430
4 4 0.074410 0.132844 0.158479 0.030798 0.603469
4 4 0.083999 0.104052 0.078534 0.022421 0.710994
4 4 0.066152 0.081739 0.052444 0.012559 0.787106
4 4 0.067137 0.085986 0.052167 0.012424 0.782286
4 4 0.050155 0.056227 0.035609 0.007425 0.850584
4 4 0.047912 0.049198 0.033543 0.007087 0.862259
4 4 0.040058 0.035602 0.026076 0.005298 0.892966
4 4 0.046363 0.039027 0.030929 0.007067 0.876614
4 4 0.044336 0.031922 0.028143 0.006769 0.888830
4 4 0.058687 0.040275 0.037503 0.011047 0.852488
4 4 0.066845 0.048455 0.044208 0.013806 0.826686
4 4 0.077143 0.071826 0.055717 0.017019 0.778295
4 4 0.063365 0.067757 0.047181 0.011749 0.809949
4 4 0.061318 0.078253 0.047578 0.010648 0.802203
4 4 0.064312 0.087274 0.053039 0.011914 0.783461
4 4 0.067659 0.086655 0.058302 0.013933 0.773450
4 4 0.077774 0.095957 0.069135 0.018624 0.738509
4 4 0.087982 0.114704 0.081740 0.023686 0.691887
4 4 0.093752 0.133741 0.091256 0.026883 0.654368
4 4 0.084778 0.146881 0.105431 0.025372 0.637538
4 4 0.073371 0.205283 0.172608 0.028146 0.520593
4 4 0.063305 0.258380 0.285106 0.036310 0.356899
2 1 0.068312 0.324297 0.387086 0.045144 0.175161
2 1 0.036278 0.274488 0.496964 0.039178 0.153093
2 1 0.027423 0.191342 0.626134 0.045597 0.109503
2 2 0.020659 0.113636 0.734415 0.056193 0.075098
2 2 0.015316 0.094120 0.779525 0.046806 0.064233
2 2 0.012136 0.087211 0.804066 0.038044 0.058543
2 2 0.011810 0.086421 0.806735 0.037132 0.057902
2 2 0.012341 0.087698 0.802407 0.038615 0.058939
2 2 0.013007 0.089240 0.797089 0.040467 0.060198
2 2 0.014104 0.091644 0.788581 0.043495 0.062176
2 2 0.014751 0.092988 0.783705 0.045267 0.063290
2 2 0.014781 0.093048 0.783484 0.045347 0.063340
2 2 0.014056 0.091540 0.788953 0.043361 0.062090
2 2 0.013213 0.089704 0.795466 0.041038 0.060579
2 2 0.012504 0.088083 0.801089 0.039071 0.059253
2 2 0.012264 0.087517 0.803026 0.038401 0.058791
2 2 0.012012 0.086911 0.805083 0.037695 0.058299
2 2 0.011692 0.086130 0.807712 0.036800 0.057666
2 2 0.011779 0.086343 0.806998 0.037042 0.057838
2 2 0.012093 0.087107 0.804418 0.037923 0.058458
2 2 0.012728 0.088604 0.799296 0.039694 0.059677
2 2 0.013160 0.089586 0.795880 0.040892 0.060482
2 2 0.013014 0.089256 0.797031 0.040487 0.060212
2 2 0.012598 0.088303 0.800335 0.039332 0.059432
2 2 0.011604 0.085912 0.808441 0.036553 0.057490
2 2 0.011181 0.084844 0.811987 0.035361 0.056627
2 2 0.010781 0.083803 0.815397 0.034229 0.055790
2 2 0.011045 0.084494 0.813138 0.034977 0.056345
2 2 0.011203 0.084901 0.811798 0.035424 0.056673
2 2 0.012057 0.087020 0.804714 0.037822 0.058388
2 2 0.012467 0.087995 0.801391 0.038966 0.059181
2 2 0.013190 0.089654 0.795644 0.040975 0.060537
2 2 0.013390 0.090097 0.794084 0.041527 0.060901
2 2 0.014447 0.092362 0.785984 0.044435 0.062771
2 2 0.016042 0.095524 0.774252 0.048774 0.065408
2 2 0.018387 0.099703 0.757903 0.055059 0.068948
2 2 0.021140 0.104023 0.739851 0.062310 0.072677
2 2 0.021254 0.104191 0.739125 0.062608 0.072823
2 2 0.020364 0.102863 0.744824 0.060281 0.071668
2 2 0.017209 0.097667 0.765994 0.051914 0.067216
2 2 0.013793 0.090978 0.790963 0.042639 0.061626
2 2 0.012675 0.088481 0.799718 0.039547 0.059578
2 2 0.013762 0.090912 0.791199 0.042555 0.061572
2 2 0.015848 0.095153 0.775655 0.048247 0.065097
2 2 0.018562 0.099995 0.756722 0.055524 0.069198
2 2 0.019693 0.101824 0.749197 0.058516 0.070769
2 2 0.019689 0.101818 0.749224 0.058505 0.070764
2 2 0.018658 0.100154 0.756076 0.055778 0.069334
2 2 0.019883 0.102121 0.747954 0.059016 0.071026
2 2 0.024371 0.108447 0.719938 0.070668 0.076577
2 2 0.032994 0.117737 0.671869 0.092302 0.085097
2 2 0.038926 0.122575 0.642023 0.106704 0.089772
2 2 0.041140 0.124130 0.631416 0.111992 0.091322
2 2 0.038412 0.122196 0.644523 0.105470 0.089398
2 2 0.037742 0.121691 0.647809 0.103856 0.088902
2 2 0.031601 0.116439 0.679218 0.088867 0.083875
2 2 0.027897 0.112632 0.699495 0.079624 0.080352
2 2 0.029799 0.114654 0.688946 0.084389 0.082212
2 2 0.034927 0.119430 0.661901 0.097032 0.086710
2 2 0.046141 0.127220 0.608370 0.123779 0.094490
2 2 0.071091 0.136242 0.507755 0.179760 0.105152
2 2 0.098992 0.138234 0.414705 0.237753 0.110317
2 2 0.116998 0.136582 0.362407 0.272933 0.111079
2 2 0.102657 0.138056 0.403622 0.245051 0.110613
2 2 0.087520 0.138190 0.450988 0.214442 0.108860
2 2 0.075277 0.136979 0.492693 0.188748 0.106302
2 2 0.066555 0.135229 0.524588 0.169898 0.103729
2 2 0.057574 0.132481 0.559674 0.149976 0.100295
2 2 0.049663 0.129085 0.592823 0.131955 0.096474
2 2 0.052308 0.130335 0.581481 0.138032 0.097844
2 2 0.054918 0.131453 0.570550 0.143976 0.099103
2 2 0.065708 0.135014 0.527794 0.168042 0.103441
2 2 0.083151 0.137908 0.465494 0.205371 0.108076
2 2 0.105316 0.137873 0.395728 0.250301 0.110781
2 2 0.123776 0.135498 0.344035 0.285743 0.110948
3 2 0.143251 0.131206 0.294817 0.321251 0.109476
3 2 0.140713 0.131855 0.300945 0.316733 0.109753
2 2 0.127936 0.134721 0.333088 0.293489 0.110766
2 2 0.129348 0.134440 0.329429 0.296097 0.110687
3 2 0.147771 0.129986 0.284101 0.329219 0.108922
3 2 0.169650 0.123076 0.235718 0.366305 0.105252
3 2 0.169650 0.123076 0.235718 0.366305 0.105252
3 2 0.169650 0.123076 0.235718 0.366305 0.105252
3 2 0.169650 0.123076 0.235718 0.366305 0.105252
3 2 0.169650 0.123076 0.235718 0.366305 0.105252
3 2 0.152982 0.128487 0.272062 0.338275 0.108193
2 2 0.115900 0.136735 0.365449 0.270836 0.111080
2 2 0.059506 0.133163 0.551917 0.154306 0.101108
2 2 0.027106 0.111745 0.703974 0.077630 0.079545
2 2 0.019063 0.100817 0.753366 0.056851 0.069903
2 2 0.013767 0.090923 0.791160 0.042568 0.061581
2 2 0.011244 0.085005 0.811454 0.035539 0.056757
2 2 0.010501 0.083059 0.817809 0.033436 0.055194
2 2 0.009832 0.081211 0.823711 0.031527 0.053719
2 2 0.010371 0.082706 0.818946 0.033065 0.054911
2 2 0.010900 0.084117 0.814374 0.034567 0.056042
2 2 0.011581 0.085854 0.808636 0.036487 0.057442
2 2 0.011700 0.086148 0.807652 0.036820 0.057680
2 2 0.011928 0.086709 0.805765 0.037462 0.058135
2 2 0.011601 0.085905 0.808466 0.036545 0.057483
2 2 0.012597 0.088300 0.800343 0.039330 0.059430
2 2 0.014752 0.091735 0.789681 0.042636 0.061197
2 2 0.019943 0.096782 0.775461 0.045970 0.061844
2 0 0.023523 0.102974 0.749915 0.055891 0.067697
2 1 0.016255 0.095924 0.772729 0.049348 0.065745
2 1 0.015029 0.093548 0.781644 0.046023 0.063756
2 2 0.013939 0.091292 0.789843 0.043041 0.061885
2 2 0.012597 0.088299 0.800347 0.039328 0.059429
2 2 0.011130 0.084713 0.812419 0.035217 0.056522
2 2 0.010762 0.083753 0.815560 0.034175 0.055750
2 2 0.010999 0.084375 0.813528 0.034848 0.056250
2 2 0.011338 0.085243 0.810667 0.035803 0.056949
2 2 0.012977 0.089173 0.797323 0.040384 0.060143
2 2 0.013231 0.089527 0.796332 0.040658 0.060253
2 1 0.015088 0.090662 0.795313 0.040023 0.058915
2 1 0.017396 0.095268 0.778384 0.046103 0.062848
2 2 0.018809 0.100141 0.756481 0.055491 0.069078
2 2 0.022308 0.105696 0.732505 0.065350 0.074141
2 2 0.025707 0.110104 0.712047 0.074081 0.078061
2 2 0.028006 0.112752 0.698882 0.079899 0.080462
2 2 0.022887 0.106494 0.728925 0.066850 0.074844
2 2 0.018353 0.099646 0.758132 0.054969 0.068899
2 2 0.015142 0.093774 0.780807 0.046332 0.063945
2 2 0.016042 0.094056 0.781488 0.045497 0.062918
2 2 0.013050 0.089337 0.796750 0.040586 0.060278
2 2 0.015235 0.093961 0.780118 0.046586 0.064100
2 2 0.017744 0.095662 0.777148 0.046459 0.062988
2 2 0.050329 0.111604 0.720661 0.055630 0.061776
2 0 0.253063 0.126577 0.471318 0.090177 0.058865
0 0 0.642746 0.077549 0.160520 0.087293 0.031891
0 0 0.722196 0.064258 0.127129 0.056828 0.029589
0 0 0.783419 0.052534 0.100578 0.037581 0.025888
0 0 0.809218 0.047136 0.090081 0.030921 0.022644
0 0 0.800803 0.048947 0.093255 0.032916 0.024079
0 0 0.768557 0.060392 0.104907 0.038200 0.027944
0 0 0.728197 0.094082 0.111391 0.033848 0.032482
0 0 0.671849 0.135039 0.120498 0.033635 0.038980
0 0 0.616618 0.162181 0.130116 0.038521 0.052563
0 0 0.504845 0.218916 0.150774 0.050679 0.074786
0 0 0.413988 0.251726 0.162616 0.063035 0.108635
1 0 0.299016 0.330461 0.172138 0.069182 0.129202
0 0 0.533355 0.116888 0.183687 0.107883 0.058187
0 0 0.525942 0.121873 0.189671 0.110544 0.051971
0 0 0.612648 0.124758 0.152571 0.062820 0.047204
0 1 0.668879 0.092428 0.128462 0.053351 0.056879
0 0 0.737631 0.064968 0.118936 0.048680 0.029785
0 0 0.745326 0.061679 0.115894 0.047493 0.029608
0 0 0.746246 0.060086 0.114539 0.047686 0.031442
0 0 0.718391 0.078241 0.119188 0.045806 0.038374
0 0 0.655345 0.118250 0.132223 0.046813 0.047369
0 0 0.561313 0.174538 0.150595 0.053421 0.060134
0 0 0.499058 0.226714 0.154735 0.051601 0.067893
0 0 0.424595 0.290462 0.155739 0.049746 0.079457
1 1 0.330061 0.362089 0.157109 0.052172 0.098568
1 1 0.249513 0.423844 0.152983 0.052807 0.120853
1 1 0.148536 0.466571 0.191409 0.046410 0.147073
1 1 0.089934 0.447060 0.251844 0.039999 0.171163
1 1 0.054669 0.363506 0.351323 0.037849 0.192654
2 1 0.035125 0.240427 0.539578 0.044754 0.140117
2 2 0.023155 0.142767 0.691612 0.049785 0.092680
2 2 0.018933 0.100606 0.754231 0.056508 0.069722
2 2 0.019405 0.101367 0.751098 0.057755 0.070375
2 2 0.028218 0.111977 0.715935 0.068534 0.075336
2 2 0.038307 0.145675 0.666576 0.064622 0.084820
2 2 0.059284 0.183030 0.608321 0.059625 0.089741
2 2 0.132468 0.200004 0.517468 0.065488 0.084571
2 0 0.257980 0.214941 0.372919 0.073192 0.080967
2 1 0.171057 0.246625 0.417367 0.069047 0.095904
2 1 0.087524 0.235964 0.507371 0.065063 0.104078
2 2 0.060092 0.204137 0.572963 0.063290 0.099519
2 2 0.041222 0.164378 0.642755 0.061618 0.090027
2 2 0.027214 0.120823 0.710258 0.063556 0.078149
2 2 0.019574 0.100753 0.754811 0.055840 0.069022
2 2 0.015460 0.094337 0.778794 0.047051 0.064358
2 2 0.012717 0.088578 0.799386 0.039663 0.059656
2 2 0.012585 0.088271 0.800444 0.039295 0.059406
2 2 0.013375 0.090064 0.794203 0.041485 0.060874
2 2 0.013203 0.089682 0.795545 0.041010 0.060560
2 2 0.012495 0.088062 0.801161 0.039046 0.059236
2 2 0.011443 0.085508 0.809788 0.036098 0.057163
2 2 0.011367 0.085318 0.810420 0.035886 0.057009
2 2 0.011131 0.084716 0.812408 0.035221 0.056524
2 2 0.010801 0.083858 0.815219 0.034288 0.055834
2 2 0.010769 0.083772 0.815500 0.034195 0.055765
2 2 0.010914 0.084153 0.814255 0.034606 0.056071
2 2 0.010976 0.084314 0.813729 0.034781 0.056200
2 2 0.010913 0.084149 0.814268 0.034602 0.056068
2 2 0.010936 0.084210 0.814068 0.034669 0.056117
2 2 0.011195 0.084880 0.811868 0.035401 0.056656
2 2 0.011132 0.084719 0.812398 0.035224 0.056526
2 2 0.011133 0.084721 0.812393 0.035226 0.056528
2 2 0.013138 0.089536 0.796055 0.040830 0.060441
2 2 0.014778 0.093041 0.783509 0.045339 0.063334
2 2 0.015339 0.094164 0.779360 0.046867 0.064270
2 2 0.013561 0.090473 0.792757 0.041999 0.061210
2 2 0.013809 0.091012 0.790842 0.042683 0.061655
2 2 0.013714 0.090806 0.791575 0.042420 0.061485
2 2 0.012276 0.087544 0.802932 0.038434 0.058814
2 2 0.011340 0.085250 0.810646 0.035810 0.056954
2 2 0.011504 0.085662 0.809276 0.036271 0.057287
2 2 0.013431 0.090188 0.793766 0.041640 0.060976
2 2 0.019405 0.101367 0.751098 0.057755 0.070376
2 2 0.032591 0.118394 0.669429 0.086032 0.093554
2 4 0.063148 0.138471 0.488993 0.101914 0.207474
4 4 0.096264 0.151193 0.221517 0.060824 0.470202
4 4 0.082874 0.090649 0.074368 0.022206 0.729903
4 4 0.055658 0.058405 0.042286 0.009723 0.833927
4 4 0.037709 0.031949 0.024595 0.004928 0.900818
4 4 0.033923 0.022858 0.020497 0.004335 0.918387
4 4 0.039071 0.023455 0.022643 0.005541 0.909290
4 4 0.043471 0.025770 0.025182 0.006622 0.898954
4 4 0.038970 0.022707 0.021553 0.005359 0.911411
4 4 0.044722 0.026316 0.025742 0.006917 0.896303
4 4 0.055935 0.033553 0.034574 0.010564 0.865374
4 4 0.081557 0.049034 0.054501 0.021386 0.793522
4 4 0.115903 0.068231 0.081208 0.041676 0.692982
4 4 0.178493 0.084492 0.106105 0.059038 0.571871
4 4 0.222520 0.096306 0.126893 0.078038 0.476243
4 4 0.216691 0.098514 0.131073 0.084335 0.469388
4 4 0.194059 0.093174 0.121156 0.074944 0.516667
4 4 0.192188 0.091811 0.118928 0.071448 0.525626
4 4 0.148349 0.072927 0.087336 0.044424 0.646963
4 4 0.110262 0.064368 0.065518 0.027217 0.732635
4 4 0.070025 0.050804 0.044248 0.014275 0.820649
4 4 0.065246 0.051551 0.042897 0.012642 0.827664
4 4 0.054523 0.039978 0.034976 0.009505 0.861017
4 4 0.047062 0.034083 0.027847 0.006957 0.884051
4 4 0.044709 0.034112 0.026733 0.006299 0.888147
4 4 0.041832 0.038616 0.025629 0.005267 0.888657
4 4 0.036868 0.040859 0.022996 0.003990 0.895288
4 4 0.038118 0.044990 0.024531 0.004207 0.888153
4 4 0.041243 0.043089 0.027472 0.005244 0.882952
4 4 0.033770 0.026403 0.020847 0.004076 0.914903
4 4 0.031288 0.018843 0.017321 0.003710 0.928838
4 4 0.032833 0.018670 0.016965 0.003865 0.927667
4 4 0.043024 0.023919 0.022514 0.006107 0.904436
4 4 0.054505 0.029742 0.028926 0.009173 0.877655
4 4 0.061688 0.032848 0.032252 0.011214 0.861999
4 4 0.098150 0.042706 0.043730 0.016198 0.799216
4 4 0.086954 0.041948 0.043016 0.016595 0.811488
4 4 0.077446 0.040558 0.041534 0.016243 0.824219
4 4 0.055437 0.029761 0.028772 0.009307 0.876723
4 4 0.048317 0.026143 0.024753 0.007320 0.893467
4 4 0.034362 0.018649 0.016647 0.004005 0.926338
4 4 0.051801 0.028865 0.028136 0.008541 0.882657
4 4 0.057262 0.031309 0.030765 0.010052 0.870612
4 4 0.071746 0.039075 0.040003 0.015156 0.834021
4 4 0.100860 0.050831 0.054728 0.023855 0.769726
4 4 0.106318 0.057200 0.063965 0.029962 0.742555
4 4 0.125411 0.066363 0.077144 0.039323 0.691759
4 4 0.115626 0.061379 0.070091 0.033427 0.719477
4 4 0.183154 0.067570 0.078146 0.033783 0.637346
4 4 0.265126 0.079359 0.097295 0.042778 0.515442
4 4 0.295538 0.084197 0.105939 0.048484 0.465842
4 4 0.321138 0.081695 0.101713 0.044548 0.450906
4 4 0.333801 0.081236 0.100583 0.044830 0.439551
4 4 0.288217 0.074369 0.088075 0.037566 0.511773
4 4 0.188079 0.067030 0.076719 0.033845 0.634327
4 4 0.144108 0.058974 0.065124 0.028612 0.703182
4 4 0.157087 0.062622 0.070225 0.031721 0.678345
4 4 0.143677 0.053103 0.056654 0.022602 0.723964
4 4 0.239023 0.069874 0.080991 0.033720 0.576392
4 4 0.221673 0.060689 0.067531 0.024072 0.626035
0 4 0.452803 0.080353 0.104384 0.040978 0.321482
4 4 0.344029 0.068315 0.080627 0.026646 0.480384
4 4 0.403386 0.068741 0.082454 0.026518 0.418902
4 4 0.170414 0.060936 0.068612 0.026633 0.673406
4 4 0.131782 0.066682 0.075802 0.035801 0.689933
4 4 0.076265 0.043297 0.045937 0.017732 0.816769
4 4 0.071130 0.038670 0.039481 0.014887 0.835832
4 4 0.071534 0.039232 0.040300 0.015180 0.833753
4 4 0.063419 0.034894 0.035081 0.012191 0.854415
4 4 0.054851 0.036065 0.030590 0.008859 0.869635
4 4 0.044549 0.034253 0.024976 0.005868 0.890353
4 4 0.040075 0.035443 0.023900 0.004891 0.895691
4 4 0.034035 0.029586 0.020868 0.003890 0.911621
4 4 0.052068 0.052565 0.036952 0.008304 0.850110
4 4 0.063321 0.077916 0.051897 0.012063 0.794804
4 4 0.052750 0.078093 0.044567 0.008372 0.816218
4 4 0.052175 0.081515 0.045812 0.008320 0.812178
4 4 0.056592 0.074559 0.049848 0.010361 0.808641
4 4 0.067929 0.066033 0.062253 0.016650 0.787135
4 4 0.061473 0.038948 0.042141 0.013277 0.844160
4 4 0.052813 0.030032 0.029714 0.009024 0.878418
4 4 0.042877 0.023290 0.021629 0.005934 0.906270
4 4 0.042217 0.023759 0.022440 0.005975 0.905609
4 4 0.044416 0.034776 0.027712 0.006407 0.886688
4 4 0.043617 0.054657 0.032572 0.005867 0.863287
4 4 0.055137 0.092986 0.051083 0.009294 0.791500
4 4 0.051763 0.147585 0.156440 0.017425 0.626787
2 4 0.039247 0.185263 0.450267 0.035455 0.289768
2 4 0.033773 0.175605 0.555471 0.043859 0.191292
2 1 0.037009 0.189312 0.550798 0.050276 0.172605
2 1 0.031859 0.177012 0.590837 0.047506 0.152786
2 1 0.029785 0.162300 0.618844 0.049131 0.139940
2 1 0.023629 0.129561 0.686684 0.049135 0.110991
2 1 0.019539 0.103301 0.739760 0.051662 0.085738
2 1 0.016002 0.096559 0.768070 0.045042 0.074327
2 1 0.015623 0.096071 0.769132 0.043299 0.075876
2 1 0.016669 0.098830 0.755542 0.043252 0.085706
2 1 0.019435 0.104288 0.729949 0.046898 0.099430
2 1 0.022016 0.108576 0.708992 0.050705 0.109712
2 1 0.023516 0.110678 0.699427 0.053637 0.112742
2 1 0.022859 0.109568 0.706121 0.053356 0.108096
2 1 0.020555 0.105603 0.727126 0.051160 0.095556
2 1 0.016815 0.098135 0.761908 0.046889 0.076253
2 1 0.014195 0.091836 0.787888 0.043745 0.062335
2 1 0.012764 0.088686 0.799011 0.039793 0.059745
2 1 0.012756 0.088668 0.799074 0.039771 0.059730
2 1 0.012407 0.087855 0.801870 0.038800 0.059067
2 2 0.012016 0.086921 0.805048 0.037707 0.058307
2 2 0.011853 0.086525 0.806387 0.037250 0.057985
2 2 0.011804 0.086404 0.806792 0.037112 0.057888
2 2 0.011814 0.086430 0.806705 0.037142 0.057909
2 2 0.011580 0.085853 0.808640 0.036486 0.057441
2 2 0.011599 0.085900 0.808483 0.036539 0.057479
2 2 0.011503 0.085660 0.809283 0.036268 0.057285
2 2 0.013244 0.089774 0.795220 0.041125 0.060636
2 2 0.014994 0.093638 0.781065 0.045431 0.064871
2 2 0.015881 0.096617 0.766928 0.043787 0.076787
2 2 0.022348 0.106681 0.727407 0.061685 0.081878
