0 0 0.835652 0.021208 0.053304 0.069699 0.020137
0 0 0.876741 0.015294 0.030821 0.063833 0.013310
0 0 0.934704 0.006251 0.011481 0.042822 0.004743
0 0 0.963122 0.002597 0.005051 0.027454 0.001776
0 0 0.976980 0.001176 0.001989 0.019147 0.000709
0 0 0.950025 0.004064 0.005113 0.038076 0.002722
0 0 0.891720 0.013384 0.013226 0.071630 0.010041
0 0 0.824941 0.027224 0.025047 0.100534 0.022254
0 0 0.761462 0.042623 0.034109 0.125510 0.036296
0 0 0.452472 0.124273 0.131366 0.155999 0.135890
4 0 0.206499 0.198335 0.207298 0.134651 0.253217
4 1 0.179655 0.213120 0.199433 0.133959 0.273833
4 1 0.179655 0.213120 0.199433 0.133959 0.273833
4 1 0.179655 0.213120 0.199433 0.133959 0.273833
4 1 0.179655 0.213120 0.199433 0.133959 0.273833
4 1 0.179655 0.213120 0.199433 0.133959 0.273833
4 1 0.179655 0.213120 0.199433 0.133959 0.273833
4 1 0.179655 0.213120 0.199433 0.133959 0.273833
4 1 0.179655 0.213120 0.199433 0.133959 0.273833
4 1 0.179655 0.213120 0.199433 0.133959 0.273833
4 1 0.179655 0.213120 0.199433 0.133959 0.273833
4 1 0.179655 0.213120 0.199433 0.133959 0.273833
4 1 0.179655 0.213120 0.199433 0.133959 0.273833
4 1 0.166447 0.203021 0.216867 0.154568 0.259097
2 2 0.130520 0.171691 0.262714 0.219954 0.215121
2 2 0.105347 0.146079 0.290967 0.277359 0.180248
3 2 0.084467 0.119455 0.298361 0.354728 0.142990
3 2 0.065233 0.092992 0.331113 0.399452 0.111210
2 2 0.049467 0.072782 0.411432 0.392171 0.074147
2 2 0.036160 0.059246 0.544413 0.314584 0.045597
2 2 0.032389 0.059004 0.636784 0.234602 0.037221
2 2 0.033118 0.068865 0.712143 0.150717 0.035157
2 2 0.045165 0.089859 0.714708 0.107896 0.042372
2 2 0.098997 0.124343 0.565777 0.131877 0.079006
2 2 0.164600 0.164644 0.324859 0.174730 0.171167
2 2 0.095097 0.152999 0.382304 0.219812 0.149789
2 2 0.058575 0.107865 0.470101 0.269100 0.094360
2 2 0.043509 0.061842 0.428881 0.404705 0.061063
3 2 0.035654 0.044074 0.380218 0.492820 0.047234
3 2 0.027452 0.033300 0.339827 0.561613 0.037807
3 2 0.024837 0.031501 0.335537 0.572434 0.035690
3 3 0.023700 0.028843 0.282184 0.633942 0.031330
3 3 0.022546 0.026138 0.226135 0.698140 0.027040
3 3 0.023267 0.025317 0.171651 0.754976 0.024788
3 3 0.023304 0.024070 0.123290 0.807160 0.022177
3 3 0.022409 0.022161 0.089247 0.846885 0.019298
3 3 0.021590 0.019469 0.067952 0.874852 0.016137
3 3 0.021977 0.017945 0.054518 0.891272 0.014288
3 3 0.022536 0.016754 0.044421 0.903431 0.012858
3 3 0.023961 0.016218 0.036861 0.910925 0.012035
3 3 0.026315 0.016368 0.031800 0.913691 0.011827
3 3 0.029102 0.016768 0.028046 0.914239 0.011845
3 3 0.030573 0.016463 0.024560 0.917044 0.011359
3 3 0.032168 0.016197 0.021545 0.919170 0.010920
3 3 0.034527 0.016439 0.019614 0.918521 0.010900
3 3 0.038881 0.017365 0.017976 0.914444 0.011334
3 3 0.042190 0.017734 0.016271 0.912432 0.011373
3 3 0.046851 0.018657 0.015143 0.907536 0.011813
3 3 0.049030 0.018964 0.014480 0.905614 0.011913
3 3 0.051285 0.019374 0.014026 0.903212 0.012103
3 3 0.048856 0.018116 0.013079 0.908766 0.011182
3 3 0.046172 0.016655 0.011886 0.915174 0.010114
3 3 0.045262 0.016347 0.011794 0.916681 0.009914
3 3 0.049157 0.018348 0.013327 0.907806 0.011362
3 3 0.062990 0.026728 0.020551 0.871883 0.017848
3 3 0.119827 0.053233 0.047261 0.738506 0.041173
3 3 0.283148 0.082717 0.086518 0.474857 0.072760
0 2 0.417592 0.099429 0.112379 0.273306 0.097294
3 2 0.315503 0.110810 0.133583 0.329578 0.110526
3 3 0.260711 0.096704 0.104663 0.448612 0.089309
3 3 0.122168 0.053316 0.043177 0.740701 0.040638
3 3 0.076636 0.033343 0.024079 0.843024 0.022919
3 3 0.047304 0.021289 0.020323 0.896896 0.014187
3 3 0.052295 0.021034 0.016437 0.896728 0.013506
3 3 0.053381 0.019353 0.012997 0.902339 0.011931
3 3 0.055601 0.018286 0.010542 0.904698 0.010872
3 3 0.059731 0.018475 0.009466 0.901546 0.010782
3 3 0.064419 0.019225 0.009050 0.896173 0.011133
3 3 0.066299 0.019172 0.008526 0.895014 0.010989
3 3 0.061471 0.017309 0.007689 0.903784 0.009747
3 3 0.056730 0.015563 0.006925 0.912173 0.008609
3 3 0.054445 0.014780 0.006606 0.916058 0.008110
3 3 0.057259 0.015308 0.006545 0.912501 0.008386
3 3 0.058425 0.015312 0.006310 0.911617 0.008335
3 3 0.059954 0.015162 0.005877 0.910852 0.008154
3 3 0.060149 0.014833 0.005544 0.911576 0.007898
3 3 0.060266 0.014747 0.005448 0.911710 0.007829
3 3 0.058914 0.014869 0.005793 0.912448 0.007977
3 3 0.056734 0.014971 0.006313 0.913831 0.008151
3 3 0.057736 0.015962 0.007120 0.910312 0.008871
3 3 0.061820 0.017339 0.007641 0.903445 0.009753
3 3 0.070147 0.019081 0.007594 0.892456 0.010722
3 3 0.075819 0.019589 0.006999 0.886736 0.010856
3 3 0.076798 0.019364 0.006650 0.886550 0.010638
3 3 0.073718 0.018537 0.006467 0.891144 0.010134
3 3 0.070763 0.017671 0.006226 0.895743 0.009597
3 3 0.071900 0.017767 0.006123 0.894589 0.009622
3 3 0.073386 0.018057 0.006127 0.892651 0.009780
3 3 0.074861 0.018635 0.006364 0.889980 0.010160
3 3 0.073770 0.018518 0.006443 0.891152 0.010117
3 3 0.074068 0.018656 0.006508 0.890558 0.010210
3 3 0.075284 0.018811 0.006441 0.889187 0.010277
3 3 0.077134 0.019281 0.006529 0.886497 0.010559
3 3 0.073959 0.018328 0.006257 0.891493 0.009963
3 3 0.081704 0.020276 0.006612 0.880277 0.011130
3 3 0.099872 0.027003 0.008974 0.848506 0.015646
3 3 0.227105 0.058543 0.029947 0.642454 0.041950
0 3 0.500425 0.078511 0.066408 0.285521 0.069136
0 3 0.661443 0.063924 0.083342 0.127588 0.063702
0 3 0.548725 0.097766 0.099629 0.153294 0.100587
0 3 0.536638 0.107533 0.077069 0.173441 0.105319
0 3 0.412753 0.093457 0.036939 0.383036 0.073816
3 3 0.300019 0.068707 0.017065 0.568369 0.045840
3 3 0.112970 0.043988 0.022433 0.790604 0.030004
3 3 0.106223 0.039737 0.019849 0.807701 0.026489
3 3 0.100865 0.035194 0.016447 0.824819 0.022675
3 3 0.101706 0.033458 0.014381 0.829401 0.021054
3 3 0.103955 0.032429 0.012829 0.830779 0.020008
3 3 0.112273 0.033408 0.011918 0.822034 0.020368
3 3 0.117598 0.034115 0.011480 0.816128 0.020678
3 3 0.126335 0.036265 0.011588 0.803769 0.022044
3 3 0.131384 0.037329 0.011522 0.797079 0.022685
3 3 0.129546 0.036478 0.011207 0.800715 0.022054
3 3 0.121667 0.035536 0.011857 0.809268 0.021673
3 3 0.120571 0.036665 0.012979 0.807069 0.022717
3 3 0.128829 0.040470 0.014449 0.790666 0.025587
3 3 0.136067 0.042569 0.014676 0.779666 0.027021
3 3 0.138596 0.042422 0.014062 0.778184 0.026736
3 3 0.143393 0.042085 0.012945 0.775418 0.026159
3 3 0.146009 0.040745 0.011597 0.776801 0.024848
3 3 0.134673 0.035103 0.009518 0.800067 0.020639
3 3 0.114200 0.028639 0.008027 0.832834 0.016301
3 3 0.098169 0.025279 0.007927 0.854291 0.014334
3 3 0.089782 0.023976 0.008259 0.864302 0.013682
3 3 0.092213 0.024197 0.008031 0.861814 0.013744
3 3 0.092189 0.022898 0.007050 0.865146 0.012717
3 3 0.103337 0.023668 0.006162 0.853979 0.012855
3 3 0.112101 0.024119 0.005533 0.845378 0.012870
3 3 0.127646 0.027134 0.005731 0.824896 0.014592
3 3 0.140997 0.030225 0.006132 0.806173 0.016474
3 3 0.158791 0.034751 0.006804 0.780315 0.019338
3 3 0.174417 0.039206 0.007557 0.756539 0.022281
3 3 0.181485 0.041825 0.008152 0.744417 0.024120
3 3 0.181585 0.040401 0.007508 0.747543 0.022964
3 3 0.162306 0.034453 0.006395 0.777869 0.018976
3 3 0.146618 0.029256 0.005272 0.803309 0.015545
3 3 0.133661 0.026329 0.004893 0.821329 0.013787
3 3 0.129372 0.025345 0.004754 0.827329 0.013200
3 3 0.128471 0.025300 0.004797 0.828237 0.013195
3 3 0.134591 0.026421 0.004869 0.820294 0.013825
3 3 0.132962 0.026906 0.005202 0.820692 0.014238
3 3 0.127427 0.026513 0.005443 0.826486 0.014131
3 3 0.115784 0.025139 0.005745 0.839824 0.013507
3 3 0.105224 0.023405 0.005801 0.852988 0.012582
3 3 0.100346 0.022217 0.005602 0.859967 0.011868
3 3 0.099907 0.021246 0.005079 0.862609 0.011159
3 3 0.109087 0.022067 0.004715 0.852678 0.011452
3 3 0.132680 0.025614 0.004648 0.823765 0.013293
3 3 0.155847 0.028980 0.004590 0.795529 0.015053
3 3 0.167388 0.030139 0.004396 0.782513 0.015565
3 3 0.161917 0.029325 0.004390 0.789240 0.015129
3 3 0.152774 0.029601 0.005013 0.797006 0.015606
3 3 0.140084 0.029421 0.005824 0.808781 0.015891
3 3 0.133565 0.030103 0.006728 0.812947 0.016657
3 3 0.120087 0.027373 0.006563 0.830922 0.015056
3 3 0.115331 0.026716 0.006685 0.836533 0.014734
3 3 0.132060 0.034630 0.009565 0.803374 0.020370
3 3 0.201453 0.052093 0.019935 0.691710 0.034810
3 2 0.266133 0.079940 0.048017 0.542531 0.063380
3 2 0.211915 0.088423 0.081701 0.540799 0.077162
3 2 0.165136 0.082175 0.096751 0.582506 0.073432
3 2 0.093464 0.059206 0.094685 0.700580 0.052065
3 2 0.063093 0.050258 0.116025 0.724732 0.045892
3 2 0.043344 0.043933 0.168883 0.700678 0.043162
3 2 0.043691 0.049517 0.239773 0.614526 0.052493
3 2 0.043211 0.054247 0.333580 0.506566 0.062396
2 2 0.050739 0.071587 0.437227 0.370669 0.069779
2 2 0.045871 0.083375 0.567569 0.241802 0.061383
2 2 0.060205 0.107404 0.508645 0.235202 0.088544
2 2 0.057501 0.126012 0.586999 0.147594 0.081894
2 2 0.086076 0.175839 0.473300 0.130203 0.134583
2 2 0.064582 0.136620 0.501633 0.187711 0.109454
2 2 0.049719 0.124986 0.624046 0.127096 0.074153
2 2 0.070823 0.154775 0.523303 0.139737 0.111362
2 2 0.051794 0.126424 0.610384 0.133976 0.077421
2 2 0.054406 0.137134 0.627527 0.104277 0.076657
2 2 0.056808 0.143928 0.621077 0.097824 0.080363
2 2 0.071137 0.167625 0.557743 0.098952 0.104544
2 2 0.089272 0.188383 0.469589 0.111832 0.140925
2 2 0.108701 0.205493 0.387779 0.118178 0.179848
2 2 0.125113 0.215827 0.333133 0.118082 0.207845
2 2 0.132953 0.221912 0.314623 0.112686 0.217826
2 2 0.132612 0.222768 0.316197 0.111085 0.217339
2 2 0.121567 0.214267 0.345410 0.117354 0.201402
2 2 0.100645 0.196320 0.420435 0.120398 0.162202
2 2 0.090861 0.184870 0.453601 0.124790 0.145878
2 2 0.088725 0.178908 0.451566 0.135884 0.144917
2 2 0.100511 0.195620 0.425224 0.119422 0.159223
2 2 0.117084 0.211698 0.379048 0.110759 0.181411
2 2 0.121843 0.217733 0.391493 0.096912 0.172020
2 2 0.145957 0.221009 0.316848 0.111349 0.204838
4 2 0.180759 0.212783 0.203272 0.133403 0.269783
4 2 0.179655 0.213120 0.199433 0.133959 0.273833
4 2 0.160075 0.219428 0.243978 0.125089 0.251430
2 2 0.102136 0.187266 0.414856 0.137227 0.158515
2 2 0.076374 0.156383 0.494234 0.153416 0.119593
2 2 0.061425 0.135888 0.562541 0.148495 0.091651
2 2 0.045162 0.119456 0.691549 0.088023 0.055810
2 2 0.067588 0.159904 0.624429 0.070788 0.077292
2 2 0.096068 0.196980 0.522245 0.072784 0.111922
2 2 0.086770 0.189441 0.558179 0.066241 0.099369
2 2 0.090995 0.189868 0.541414 0.073158 0.104565
2 2 0.093731 0.160546 0.555609 0.095950 0.094164
2 2 0.079959 0.146455 0.550855 0.128325 0.094406
2 2 0.048082 0.112817 0.641783 0.134015 0.063304
2 2 0.037867 0.085010 0.655991 0.171754 0.049379
2 2 0.034903 0.068516 0.639110 0.214890 0.042581
2 2 0.032676 0.053920 0.570857 0.303295 0.039251
2 2 0.031458 0.046163 0.508999 0.375565 0.037814
2 2 0.030528 0.043261 0.458232 0.429055 0.038924
3 2 0.029916 0.043220 0.430154 0.455671 0.041039
3 2 0.031279 0.045984 0.406625 0.471488 0.044624
3 2 0.035504 0.052336 0.400540 0.463306 0.048315
3 2 0.040779 0.056500 0.354513 0.492924 0.055285
3 2 0.044938 0.057453 0.301097 0.535663 0.060849
3 2 0.044382 0.053007 0.252105 0.593460 0.057046
3 2 0.045333 0.052046 0.230377 0.617397 0.054847
3 2 0.044354 0.050010 0.199264 0.655265 0.051107
3 2 0.043381 0.048842 0.183232 0.675458 0.049087
3 2 0.042970 0.048486 0.171548 0.688866 0.048131
3 2 0.047691 0.054545 0.169602 0.673908 0.054253
3 2 0.054795 0.060759 0.168524 0.655417 0.060505
3 2 0.059527 0.062764 0.156986 0.659090 0.061633
3 2 0.064077 0.063313 0.141167 0.670598 0.060845
3 2 0.074688 0.068476 0.128255 0.663873 0.064709
3 2 0.089867 0.081555 0.134762 0.615405 0.078411
3 2 0.126274 0.106512 0.170651 0.487421 0.109142
3 2 0.234903 0.126797 0.210167 0.287051 0.141081
0 2 0.494829 0.099585 0.160973 0.131499 0.113115
0 1 0.615412 0.067639 0.127993 0.115656 0.073300
0 2 0.428726 0.119124 0.176562 0.136871 0.138717
2 2 0.250110 0.162094 0.265202 0.141018 0.181576
2 2 0.125881 0.127203 0.432250 0.199606 0.115061
3 2 0.102550 0.091950 0.306652 0.396352 0.102496
3 2 0.042921 0.052258 0.313598 0.532174 0.059050
3 2 0.030650 0.036708 0.252707 0.640815 0.039120
3 2 0.032302 0.037437 0.223563 0.667816 0.038883
3 2 0.033545 0.036490 0.172176 0.721839 0.035949
3 2 0.033443 0.034665 0.141929 0.757076 0.032887
3 2 0.031993 0.032413 0.123876 0.781745 0.029973
3 2 0.033045 0.034255 0.150467 0.749405 0.032827
3 2 0.034932 0.037856 0.180962 0.708594 0.037657
3 2 0.040404 0.045002 0.217153 0.650845 0.046596
3 2 0.039956 0.044114 0.198535 0.672547 0.044849
3 2 0.040373 0.042780 0.174662 0.699836 0.042349
3 2 0.035933 0.035919 0.113730 0.781647 0.032771
3 2 0.035822 0.031118 0.081056 0.825394 0.026610
3 2 0.034893 0.026297 0.057771 0.859921 0.021118
3 2 0.036202 0.025267 0.049309 0.869509 0.019713
3 2 0.036753 0.024290 0.043785 0.876624 0.018549
3 3 0.037224 0.023813 0.040861 0.880143 0.017960
3 3 0.036581 0.023282 0.040007 0.882637 0.017494
3 3 0.037422 0.023851 0.040625 0.880131 0.017970
3 3 0.039853 0.025081 0.040763 0.875396 0.018906
3 3 0.045219 0.026783 0.037799 0.870282 0.019916
3 3 0.053192 0.029139 0.034266 0.862109 0.021294
3 3 0.062814 0.031375 0.030073 0.853326 0.022411
3 3 0.068587 0.032465 0.027733 0.848348 0.022867
3 3 0.072733 0.034149 0.028026 0.840985 0.024107
3 3 0.070683 0.034628 0.030506 0.839369 0.024814
3 3 0.074290 0.038601 0.035847 0.822774 0.028488
3 3 0.075361 0.041206 0.040613 0.811706 0.031114
3 3 0.079397 0.043854 0.042628 0.800692 0.033429
3 3 0.083569 0.045336 0.041913 0.794708 0.034474
3 3 0.095121 0.050118 0.041644 0.774973 0.038144
3 3 0.099099 0.048428 0.035705 0.780915 0.035853
3 3 0.103092 0.045879 0.029304 0.788939 0.032786
3 3 0.098911 0.038619 0.021196 0.815256 0.026019
3 3 0.102810 0.036441 0.017224 0.819849 0.023676
3 3 0.106931 0.036554 0.016125 0.816903 0.023487
3 3 0.118011 0.040245 0.016806 0.798846 0.026092
3 3 0.137027 0.047316 0.018532 0.765805 0.031319
3 3 0.152263 0.051549 0.018542 0.743418 0.034227
3 3 0.155438 0.049332 0.016103 0.747173 0.031953
3 3 0.147085 0.045237 0.014607 0.764325 0.028747
3 3 0.141526 0.044481 0.015102 0.770484 0.028407
3 3 0.145300 0.049165 0.018145 0.754920 0.032471
3 3 0.154196 0.053998 0.020160 0.735230 0.036416
3 3 0.148718 0.053590 0.021207 0.740051 0.036433
3 3 0.143387 0.052269 0.021440 0.747340 0.035565
3 3 0.129751 0.047282 0.020494 0.770648 0.031825
3 3 0.129651 0.046860 0.020100 0.771959 0.031430
3 3 0.141607 0.050907 0.020648 0.752447 0.034391
3 3 0.149603 0.052458 0.019961 0.742699 0.035279
3 3 0.160745 0.054814 0.019294 0.728421 0.036725
3 3 0.172634 0.056682 0.018209 0.714796 0.037679
3 3 0.189808 0.059710 0.017134 0.693936 0.039412
3 3 0.209730 0.062421 0.015665 0.671453 0.040732
3 3 0.221482 0.060562 0.013146 0.666427 0.038384
3 3 0.243398 0.062403 0.011714 0.643538 0.038947
3 3 0.221180 0.056421 0.011189 0.676485 0.034725
3 3 0.205460 0.052575 0.010957 0.698891 0.032117
3 3 0.181281 0.047197 0.010840 0.732054 0.028628
3 3 0.172754 0.045499 0.010911 0.743252 0.027584
3 3 0.165355 0.044290 0.011136 0.752308 0.026910
3 3 0.153706 0.042031 0.011318 0.767388 0.025557
3 3 0.145472 0.039650 0.010955 0.779986 0.023936
3 3 0.131067 0.035004 0.009951 0.803248 0.020730
3 3 0.128792 0.035019 0.010294 0.805039 0.020856
3 3 0.156713 0.046044 0.013502 0.754837 0.028904
3 3 0.209861 0.072340 0.021923 0.645626 0.050250
3 3 0.350829 0.106315 0.049015 0.405683 0.088158
0 3 0.525564 0.101112 0.072520 0.205205 0.095599
0 3 0.638043 0.071150 0.084421 0.135424 0.070962
0 2 0.547482 0.095424 0.110255 0.146671 0.100168
0 2 0.403902 0.142146 0.134570 0.162222 0.157160
0 2 0.364283 0.142298 0.130057 0.211885 0.151478
3 2 0.288309 0.101049 0.077452 0.444044 0.089146
3 2 0.109100 0.068085 0.064829 0.701415 0.056570
3 2 0.048234 0.033087 0.054894 0.837459 0.026326
3 2 0.047536 0.034693 0.062817 0.826655 0.028299
3 2 0.045610 0.040855 0.097826 0.779458 0.036250
3 2 0.046830 0.055976 0.184469 0.656007 0.056718
3 4 0.051329 0.073296 0.325704 0.464047 0.085623
2 4 0.065730 0.110870 0.387401 0.317278 0.118721
2 4 0.075532 0.147272 0.444564 0.200379 0.132253
2 4 0.082481 0.167462 0.461082 0.151614 0.137361
2 4 0.086737 0.173451 0.446948 0.147876 0.144988
2 4 0.086322 0.172196 0.446745 0.150248 0.144489
2 4 0.095321 0.181085 0.408623 0.151855 0.163116
2 4 0.104373 0.192212 0.380952 0.143049 0.179413
2 4 0.128856 0.218368 0.323890 0.116224 0.212663
2 4 0.138420 0.222801 0.300034 0.113951 0.224795
2 4 0.140925 0.222423 0.301500 0.113849 0.221303
2 4 0.157732 0.220496 0.272781 0.119820 0.229172
4 4 0.179655 0.213120 0.199433 0.133959 0.273833
4 4 0.179655 0.213120 0.199433 0.133959 0.273833
4 4 0.179655 0.213120 0.199433 0.133959 0.273833
4 4 0.179655 0.213120 0.199433 0.133959 0.273833
4 4 0.179655 0.213120 0.199433 0.133959 0.273833
4 4 0.179655 0.213120 0.199433 0.133959 0.273833
4 4 0.179655 0.213120 0.199433 0.133959 0.273833
4 4 0.179655 0.213120 0.199433 0.133959 0.273833
4 4 0.179655 0.213120 0.199433 0.133959 0.273833
4 4 0.179655 0.213120 0.199433 0.133959 0.273833
4 4 0.179655 0.213120 0.199433 0.133959 0.273833
4 4 0.179655 0.213120 0.199433 0.133959 0.273833
4 4 0.179655 0.213120 0.199433 0.133959 0.273833
4 4 0.179655 0.213120 0.199433 0.133959 0.273833
4 4 0.172779 0.215660 0.214436 0.130975 0.266151
2 1 0.153919 0.220796 0.259168 0.122064 0.244054
2 1 0.141796 0.222547 0.290805 0.115779 0.229073
2 1 0.130522 0.210799 0.312631 0.130889 0.215159
2 1 0.126617 0.206366 0.320016 0.136796 0.210205
2 1 0.143348 0.222396 0.286626 0.116607 0.231024
2 1 0.143587 0.222370 0.285984 0.116734 0.231324
2 1 0.154904 0.220598 0.256699 0.122555 0.245244
4 1 0.178830 0.213442 0.201196 0.133608 0.272923
4 1 0.179655 0.213120 0.199433 0.133959 0.273833
4 1 0.179655 0.213120 0.199433 0.133959 0.273833
2 1 0.152398 0.221085 0.263009 0.121299 0.242208
4 2 0.159732 0.219302 0.244658 0.125278 0.251030
2 2 0.151866 0.221182 0.264362 0.121030 0.241560
4 2 0.175912 0.214545 0.207515 0.132352 0.269677
4 2 0.156882 0.206698 0.240780 0.147690 0.247950
2 2 0.143407 0.198807 0.265199 0.160872 0.231715
2 2 0.119848 0.181632 0.310266 0.186658 0.201596
2 2 0.116902 0.183258 0.322340 0.179810 0.197691
2 2 0.092065 0.161324 0.392276 0.197911 0.156424
2 2 0.081957 0.157056 0.472222 0.164084 0.124681
2 2 0.058327 0.127172 0.572784 0.157846 0.083871
2 2 0.056596 0.125030 0.578660 0.157901 0.081814
2 2 0.054745 0.110798 0.564141 0.192234 0.078083
2 2 0.056147 0.108897 0.537488 0.215044 0.082424
2 2 0.048270 0.092284 0.543805 0.244817 0.070824
2 2 0.043798 0.088716 0.567488 0.235059 0.064939
2 2 0.038455 0.082125 0.603062 0.220626 0.055732
2 2 0.046217 0.108726 0.621841 0.156043 0.067172
2 2 0.055884 0.138022 0.634377 0.097894 0.073823
2 2 0.088873 0.190261 0.553427 0.067122 0.100318
2 2 0.210355 0.167499 0.397296 0.098514 0.126336
0 2 0.420929 0.105577 0.233403 0.115263 0.124829
0 1 0.545156 0.082781 0.158066 0.120424 0.093573
0 1 0.554754 0.086928 0.131995 0.131698 0.094624
0 2 0.386004 0.140179 0.162490 0.149898 0.161429
0 2 0.247193 0.187717 0.200657 0.143054 0.221379
2 2 0.130953 0.221963 0.337368 0.106953 0.202762
2 2 0.129220 0.222808 0.328431 0.108402 0.211139
2 2 0.110552 0.216477 0.413844 0.092395 0.166732
2 2 0.094680 0.200711 0.508788 0.075107 0.120714
2 2 0.130098 0.188943 0.481513 0.082149 0.117298
0 2 0.383450 0.114327 0.271398 0.111195 0.119630
0 0 0.667397 0.051259 0.127736 0.097774 0.055834
0 0 0.661821 0.058247 0.106923 0.111961 0.061049
0 1 0.559856 0.087769 0.122579 0.135693 0.094104
0 1 0.518029 0.100870 0.128483 0.143333 0.109286
0 1 0.484446 0.115737 0.119454 0.156540 0.123824
0 1 0.259677 0.180553 0.194497 0.142693 0.222581
4 1 0.185449 0.209841 0.201283 0.134191 0.269236
0 2 0.246302 0.178119 0.215993 0.134120 0.225466
0 1 0.466543 0.097168 0.201759 0.118499 0.116030
0 1 0.659765 0.055316 0.121116 0.104301 0.059502
0 1 0.577196 0.080499 0.127434 0.127859 0.087012
0 1 0.481644 0.109290 0.144875 0.142610 0.121581
0 1 0.382615 0.141687 0.161972 0.150572 0.163154
0 1 0.245627 0.192527 0.178598 0.148772 0.234476
4 1 0.179655 0.213120 0.199433 0.133959 0.273833
4 2 0.179655 0.213120 0.199433 0.133959 0.273833
4 2 0.179655 0.213120 0.199433 0.133959 0.273833
4 2 0.149569 0.188990 0.238807 0.183508 0.239126
2 2 0.119505 0.162749 0.279243 0.237865 0.200637
2 2 0.084478 0.134730 0.426750 0.229535 0.124506
2 2 0.058282 0.112544 0.538808 0.206579 0.083787
2 2 0.052128 0.109336 0.584888 0.180254 0.073394
2 2 0.052556 0.107884 0.579934 0.185974 0.073652
2 2 0.064414 0.129937 0.520695 0.186924 0.098030
2 2 0.075030 0.142977 0.470842 0.193036 0.118114
2 2 0.096686 0.165499 0.394001 0.187885 0.155930
2 2 0.120019 0.182067 0.312468 0.185033 0.200413
2 2 0.132721 0.189794 0.283030 0.176130 0.218325
2 2 0.142492 0.194227 0.262335 0.170363 0.230584
4 2 0.158490 0.200062 0.230852 0.160729 0.249867
4 2 0.165077 0.201928 0.218666 0.156806 0.257522
4 2 0.163292 0.200493 0.221005 0.159750 0.255460
2 2 0.137898 0.178573 0.253594 0.205337 0.224599
2 2 0.110645 0.149639 0.280909 0.275162 0.183645
3 2 0.096834 0.124650 0.262532 0.371257 0.144727
3 2 0.090177 0.105473 0.221039 0.468394 0.114917
3 2 0.094947 0.098949 0.180866 0.522826 0.102412
3 2 0.104124 0.095274 0.144010 0.562885 0.093706
3 2 0.123639 0.102325 0.123875 0.551987 0.098174
3 2 0.126765 0.104005 0.122592 0.546922 0.099716
3 2 0.123885 0.110946 0.144874 0.509667 0.110628
3 2 0.103256 0.109626 0.191341 0.479858 0.115919
3 2 0.099309 0.119058 0.235019 0.413191 0.133424
3 2 0.101977 0.125929 0.247391 0.380603 0.144099
3 2 0.109127 0.131737 0.240209 0.368318 0.150609
3 2 0.107624 0.124937 0.225334 0.402692 0.139413
3 2 0.113410 0.122807 0.201836 0.428818 0.133128
3 2 0.121267 0.121866 0.178894 0.449579 0.128393
3 2 0.128963 0.123150 0.164862 0.455418 0.127608
3 2 0.128842 0.126534 0.173384 0.438223 0.133016
3 2 0.119115 0.119962 0.179019 0.455732 0.126171
3 2 0.113052 0.115393 0.181572 0.468761 0.121221
3 2 0.102849 0.102655 0.170212 0.519123 0.105161
3 2 0.099012 0.094983 0.155810 0.555262 0.094933
3 2 0.099868 0.088676 0.133682 0.592260 0.085514
3 2 0.085372 0.070523 0.108342 0.671219 0.064544
3 2 0.072513 0.055969 0.087141 0.735567 0.048809
3 2 0.060715 0.044077 0.069963 0.788499 0.036747
3 2 0.060482 0.041058 0.059957 0.805256 0.033247
3 2 0.065067 0.042110 0.055703 0.803465 0.033656
3 2 0.074394 0.047157 0.056636 0.783950 0.037863
3 2 0.099147 0.065609 0.070957 0.708954 0.055334
3 2 0.119130 0.088888 0.098824 0.612310 0.080849
3 2 0.161297 0.125133 0.172902 0.409574 0.131095
0 2 0.322627 0.128633 0.194170 0.208869 0.145701
0 0 0.492274 0.100953 0.159653 0.132613 0.114506
0 1 0.366777 0.142020 0.179671 0.144020 0.167513
0 2 0.318139 0.165082 0.169807 0.152435 0.194537
0 2 0.331492 0.172585 0.120368 0.187905 0.187649
0 2 0.297437 0.168059 0.099576 0.265050 0.169878
3 2 0.162872 0.154935 0.166685 0.348489 0.167020
3 2 0.145333 0.143725 0.177520 0.378558 0.154864
3 2 0.137609 0.137934 0.180985 0.395230 0.148242
3 2 0.144194 0.142201 0.176647 0.384192 0.152766
3 2 0.154977 0.148660 0.169111 0.367818 0.159434
3 2 0.178267 0.166203 0.160199 0.314793 0.180538
0 2 0.256672 0.172984 0.146827 0.233176 0.190341
0 0 0.452002 0.131368 0.107842 0.170615 0.138173
0 0 0.620209 0.079221 0.074139 0.149457 0.076974
0 0 0.704302 0.056289 0.055028 0.132400 0.051981
0 0 0.731121 0.049724 0.046472 0.128051 0.044632
0 0 0.763252 0.041936 0.036634 0.121978 0.036201
0 0 0.764547 0.041976 0.031315 0.126954 0.035207
0 0 0.708890 0.057033 0.038129 0.146755 0.049193
0 0 0.615617 0.084042 0.056344 0.166498 0.077499
0 0 0.531251 0.108967 0.079376 0.173053 0.107353
0 0 0.435451 0.137357 0.109427 0.172596 0.145169
0 0 0.365996 0.150620 0.155054 0.155896 0.172434
0 0 0.456219 0.115029 0.156908 0.141500 0.130344
0 0 0.510904 0.096168 0.153338 0.131517 0.108073
0 0 0.301626 0.158488 0.207341 0.137126 0.195419
4 1 0.191881 0.206259 0.203236 0.134394 0.264230
4 1 0.183368 0.211013 0.200629 0.134113 0.270877
4 1 0.219581 0.191482 0.210518 0.134662 0.243756
4 1 0.179655 0.213120 0.199433 0.133959 0.273833
4 1 0.179655 0.213120 0.199433 0.133959 0.273833
4 1 0.179655 0.213120 0.199433 0.133959 0.273833
4 1 0.179655 0.213120 0.199433 0.133959 0.273833
4 1 0.175818 0.214579 0.207720 0.132311 0.269572
2 1 0.156172 0.220331 0.253540 0.123184 0.246772
2 2 0.132775 0.204805 0.300315 0.143857 0.218248
2 2 0.087013 0.154323 0.386759 0.216052 0.155853
2 2 0.056455 0.098767 0.490601 0.269018 0.085159
2 2 0.039066 0.063946 0.537616 0.309182 0.050190
2 2 0.034980 0.052512 0.504122 0.364703 0.043684
2 2 0.033791 0.045316 0.448182 0.430757 0.041954
3 2 0.033748 0.042124 0.401061 0.480261 0.042806
3 2 0.031932 0.039333 0.373980 0.512641 0.042113
3 2 0.031380 0.039988 0.369625 0.515784 0.043223
3 2 0.030922 0.039331 0.354107 0.531695 0.043945
3 2 0.030956 0.040027 0.367277 0.518332 0.043408
3 2 0.031353 0.043030 0.399298 0.482696 0.043623
2 2 0.030245 0.047800 0.483765 0.397427 0.040762
2 2 0.028167 0.048285 0.546736 0.340644 0.036168
2 2 0.027080 0.047185 0.591943 0.301576 0.032216
2 2 0.027890 0.046643 0.597068 0.296858 0.031541
2 2 0.029169 0.046902 0.584800 0.306601 0.032528
2 2 0.028894 0.044106 0.565149 0.330183 0.031668
2 2 0.028017 0.042409 0.551526 0.346821 0.031227
2 2 0.026599 0.040767 0.548836 0.353741 0.030056
2 2 0.025956 0.042325 0.597727 0.305775 0.028217
2 2 0.026133 0.044462 0.630521 0.271243 0.027641
2 2 0.024302 0.042852 0.654815 0.252831 0.025199
2 2 0.025084 0.040030 0.594359 0.313546 0.026980
2 2 0.025430 0.038240 0.545498 0.362330 0.028502
2 2 0.025227 0.039566 0.566996 0.340016 0.028195
2 2 0.025408 0.046932 0.676894 0.224367 0.026399
2 2 0.032217 0.061225 0.715261 0.160377 0.030920
2 2 0.053150 0.095147 0.694461 0.111009 0.046232
2 2 0.155860 0.127225 0.481102 0.142596 0.093218
0 2 0.321399 0.143960 0.232034 0.127701 0.174906
0 1 0.239640 0.181375 0.214760 0.134321 0.229904
4 2 0.179357 0.213600 0.202946 0.133320 0.270776
2 2 0.162575 0.219791 0.274331 0.119716 0.223586
2 2 0.205836 0.198138 0.259730 0.124840 0.211456
2 2 0.213632 0.194324 0.249996 0.126971 0.215077
4 2 0.190312 0.207858 0.215702 0.132049 0.254079
2 2 0.168440 0.210124 0.242611 0.139404 0.239421
2 2 0.120088 0.181025 0.342345 0.176188 0.180354
2 2 0.102003 0.144332 0.378199 0.230447 0.145019
2 2 0.078827 0.131247 0.433525 0.237359 0.119042
2 2 0.058562 0.113974 0.532730 0.210738 0.083996
2 2 0.059326 0.122969 0.553777 0.178856 0.085073
2 2 0.056509 0.115136 0.528195 0.213362 0.086799
2 2 0.059055 0.106446 0.497439 0.249506 0.087554
2 2 0.049221 0.085304 0.531422 0.267574 0.066478
2 2 0.048561 0.075492 0.511430 0.302373 0.062144
2 2 0.047025 0.082541 0.611004 0.205524 0.053906
2 2 0.038667 0.075585 0.686847 0.157394 0.041508
2 2 0.031171 0.052279 0.623044 0.259585 0.033922
2 2 0.023559 0.044791 0.713338 0.195188 0.023124
2 2 0.033621 0.053709 0.594700 0.280907 0.037063
2 2 0.032407 0.046858 0.511777 0.370846 0.038112
2 2 0.036213 0.049698 0.464370 0.404990 0.044729
2 2 0.038259 0.052733 0.455405 0.405278 0.048326
2 2 0.036429 0.051305 0.462169 0.403946 0.046151
2 2 0.033924 0.051474 0.516061 0.357295 0.041246
2 2 0.029700 0.049589 0.588719 0.298055 0.033936
2 2 0.028109 0.048894 0.626509 0.265750 0.030738
2 2 0.029287 0.050206 0.631587 0.257732 0.031188
2 2 0.030980 0.052826 0.616974 0.265394 0.033826
2 2 0.033692 0.056352 0.570782 0.299341 0.039833
2 2 0.034062 0.054413 0.492718 0.373676 0.045131
3 2 0.034704 0.051422 0.425050 0.441399 0.047424
3 2 0.037244 0.050526 0.359490 0.499911 0.052829
3 2 0.041506 0.055363 0.331889 0.508327 0.062916
3 2 0.038573 0.049790 0.299579 0.556348 0.055711
3 2 0.039443 0.046323 0.260713 0.603576 0.049945
3 2 0.036006 0.038405 0.181361 0.706028 0.038201
3 2 0.034663 0.034150 0.124049 0.775569 0.031570
3 2 0.033059 0.030231 0.087449 0.823036 0.026226
3 2 0.034354 0.030010 0.080372 0.829642 0.025622
3 3 0.033699 0.029946 0.082752 0.827895 0.025709
3 3 0.031392 0.027765 0.078973 0.838240 0.023629
3 3 0.030091 0.025027 0.067133 0.857082 0.020667
3 3 0.030249 0.022838 0.053847 0.874952 0.018114
3 3 0.034356 0.023049 0.043764 0.881227 0.017603
3 3 0.044618 0.027282 0.040425 0.867143 0.020532
3 3 0.058482 0.034161 0.041742 0.839741 0.025874
3 3 0.077231 0.044935 0.047403 0.795513 0.034918
3 3 0.086572 0.051388 0.052345 0.768946 0.040749
3 3 0.094182 0.055882 0.054334 0.750903 0.044699
3 3 0.093910 0.054606 0.051835 0.756362 0.043287
3 3 0.100163 0.055956 0.048722 0.751256 0.043903
3 3 0.103381 0.054111 0.042606 0.758473 0.041429
3 3 0.107677 0.053109 0.037882 0.761514 0.039818
3 3 0.101985 0.049080 0.034928 0.777798 0.036209
3 3 0.102400 0.050378 0.036812 0.772880 0.037531
3 3 0.117404 0.059597 0.042027 0.735316 0.045656
3 3 0.122368 0.063997 0.045765 0.717983 0.049887
3 3 0.132726 0.068851 0.046462 0.697984 0.053977
3 3 0.130723 0.064786 0.041656 0.713121 0.049714
3 3 0.134307 0.064358 0.039032 0.713477 0.048825
3 3 0.127636 0.061020 0.038006 0.727355 0.045984
3 3 0.119033 0.057081 0.037137 0.744006 0.042743
3 3 0.113855 0.053745 0.035126 0.757488 0.039786
3 3 0.103424 0.045531 0.028621 0.790024 0.032400
3 3 0.096684 0.039572 0.023402 0.813214 0.027128
3 3 0.087053 0.032945 0.018507 0.839857 0.021637
3 3 0.100452 0.037061 0.018706 0.819356 0.024426
3 3 0.129579 0.050687 0.024137 0.760456 0.035141
3 3 0.167994 0.070390 0.031480 0.678399 0.051737
3 3 0.178377 0.077445 0.034870 0.651084 0.058225
3 3 0.153539 0.065576 0.031739 0.701061 0.048085
3 3 0.126753 0.053849 0.028918 0.751916 0.038564
3 3 0.115251 0.048740 0.027420 0.774101 0.034488
3 3 0.130389 0.058547 0.033241 0.734767 0.043057
3 3 0.157707 0.079994 0.048015 0.650723 0.063560
3 3 0.308267 0.105885 0.098564 0.388757 0.098527
0 2 0.523985 0.097558 0.109369 0.168471 0.100616
0 2 0.527732 0.093044 0.143663 0.132457 0.103104
0 2 0.309343 0.159458 0.195849 0.141445 0.193905
2 2 0.186275 0.193576 0.293240 0.129754 0.197155
2 2 0.086748 0.143609 0.524659 0.144818 0.100166
2 4 0.076515 0.144414 0.540512 0.141652 0.096908
2 4 0.064694 0.136511 0.586798 0.130206 0.081791
2 4 0.138923 0.210680 0.370389 0.110752 0.169256
4 4 0.180149 0.212838 0.199594 0.133980 0.273438
4 4 0.179655 0.213120 0.199433 0.133959 0.273833
4 4 0.179655 0.213120 0.199433 0.133959 0.273833
4 4 0.179655 0.213120 0.199433 0.133959 0.273833
4 4 0.179655 0.213120 0.199433 0.133959 0.273833
4 4 0.179655 0.213120 0.199433 0.133959 0.273833
4 4 0.179655 0.213120 0.199433 0.133959 0.273833
4 4 0.179655 0.213120 0.199433 0.133959 0.273833
4 4 0.179655 0.213120 0.199433 0.133959 0.273833
4 4 0.179655 0.213120 0.199433 0.133959 0.273833
4 4 0.179655 0.213120 0.199433 0.133959 0.273833
4 4 0.179655 0.213120 0.199433 0.133959 0.273833
4 4 0.171937 0.215947 0.216318 0.130600 0.265197
4 4 0.169065 0.216889 0.222823 0.129304 0.261919
4 4 0.179655 0.213120 0.199433 0.133959 0.273833
4 4 0.179655 0.213120 0.199433 0.133959 0.273833
4 4 0.179655 0.213120 0.199433 0.133959 0.273833
4 4 0.179655 0.213120 0.199433 0.133959 0.273833
4 4 0.179655 0.213120 0.199433 0.133959 0.273833
4 4 0.179655 0.213120 0.199433 0.133959 0.273833
4 4 0.179655 0.213120 0.199433 0.133959 0.273833
4 4 0.179655 0.213120 0.199433 0.133959 0.273833
4 4 0.179655 0.213120 0.199433 0.133959 0.273833
4 4 0.179655 0.213120 0.199433 0.133959 0.273833
4 4 0.179655 0.213120 0.199433 0.133959 0.273833
4 4 0.179655 0.213120 0.199433 0.133959 0.273833
4 4 0.179655 0.213120 0.199433 0.133959 0.273833
4 4 0.179655 0.213120 0.199433 0.133959 0.273833
4 4 0.179655 0.213120 0.199433 0.133959 0.273833
4 4 0.179655 0.213120 0.199433 0.133959 0.273833
4 4 0.179655 0.213120 0.199433 0.133959 0.273833
4 4 0.179655 0.213120 0.199433 0.133959 0.273833
4 4 0.179655 0.213120 0.199433 0.133959 0.273833
4 4 0.179655 0.213120 0.199433 0.133959 0.273833
4 4 0.179655 0.213120 0.199433 0.133959 0.273833
4 4 0.179655 0.213120 0.199433 0.133959 0.273833
4 4 0.179655 0.213120 0.199433 0.133959 0.273833
4 4 0.179655 0.213120 0.199433 0.133959 0.273833
4 4 0.179655 0.213120 0.199433 0.133959 0.273833
4 4 0.179655 0.213120 0.199433 0.133959 0.273833
4 4 0.179655 0.213120 0.199433 0.133959 0.273833
4 4 0.179655 0.213120 0.199433 0.133959 0.273833
4 4 0.179655 0.213120 0.199433 0.133959 0.273833
4 4 0.179655 0.213120 0.199433 0.133959 0.273833
4 4 0.179655 0.213120 0.199433 0.133959 0.273833
4 4 0.179655 0.213120 0.199433 0.133959 0.273833
4 4 0.179655 0.213120 0.199433 0.133959 0.273833
4 4 0.179655 0.213120 0.199433 0.133959 0.273833
4 4 0.179655 0.213120 0.199433 0.133959 0.273833
4 4 0.179655 0.213120 0.199433 0.133959 0.273833
4 4 0.179655 0.213120 0.199433 0.133959 0.273833
4 4 0.187831 0.208507 0.202018 0.134273 0.267370
4 1 0.179655 0.213120 0.199433 0.133959 0.273833
4 4 0.179655 0.213120 0.199433 0.133959 0.273833
4 4 0.179655 0.213120 0.199433 0.133959 0.273833
4 4 0.179655 0.213120 0.199433 0.133959 0.273833
4 4 0.179655 0.213120 0.199433 0.133959 0.273833
4 4 0.179655 0.213120 0.199433 0.133959 0.273833
4 4 0.179655 0.213120 0.199433 0.133959 0.273833
4 4 0.179655 0.213120 0.199433 0.133959 0.273833
4 4 0.171540 0.216081 0.217211 0.130422 0.264746
4 4 0.162700 0.218752 0.237675 0.126345 0.254528
2 4 0.151521 0.221243 0.265243 0.120855 0.241138
2 4 0.153457 0.220885 0.260330 0.121832 0.243495
4 4 0.161653 0.219028 0.240178 0.125846 0.253295
4 4 0.168507 0.217064 0.224101 0.129050 0.261277
4 4 0.175602 0.214658 0.208194 0.132217 0.269329
4 4 0.170713 0.216356 0.219078 0.130050 0.263803
4 4 0.174573 0.215030 0.210455 0.131767 0.268175
4 4 0.179655 0.213120 0.199433 0.133959 0.273833
4 1 0.179655 0.213120 0.199433 0.133959 0.273833
4 1 0.179655 0.213120 0.199433 0.133959 0.273833
4 1 0.179655 0.213120 0.199433 0.133959 0.273833
2 1 0.153545 0.220869 0.260110 0.121876 0.243600
4 4 0.158429 0.219824 0.247983 0.124291 0.249473
2 4 0.131666 0.222985 0.319056 0.110194 0.216099
2 4 0.140050 0.222692 0.295555 0.114837 0.226866
2 4 0.144363 0.222285 0.283912 0.117146 0.232295
2 4 0.146023 0.222083 0.279511 0.118019 0.234364
2 4 0.146961 0.221958 0.277041 0.118510 0.235530
2 4 0.148990 0.221662 0.271750 0.119561 0.238036
2 4 0.147106 0.221938 0.276662 0.118585 0.235709
2 4 0.144243 0.222298 0.284231 0.117082 0.232145
2 4 0.141763 0.222550 0.290893 0.115761 0.229032
2 4 0.141085 0.222609 0.292732 0.115397 0.228177
2 4 0.138456 0.222799 0.299933 0.113971 0.224841
2 4 0.137307 0.222861 0.303117 0.113341 0.223374
2 4 0.135795 0.222925 0.307336 0.112507 0.221437
2 4 0.134490 0.222962 0.311010 0.111781 0.219757
2 4 0.137627 0.222845 0.302227 0.113517 0.223784
2 4 0.140146 0.222684 0.295290 0.114890 0.226989
2 4 0.141031 0.222614 0.292880 0.115367 0.228108
2 4 0.138232 0.222812 0.300551 0.113848 0.224556
2 4 0.148468 0.221742 0.273107 0.119291 0.237392
2 4 0.157933 0.219939 0.249197 0.124049 0.248882
4 4 0.172786 0.215658 0.214419 0.130978 0.266159
4 4 0.179655 0.213120 0.199433 0.133959 0.273833
4 4 0.179655 0.213120 0.199433 0.133959 0.273833
4 4 0.179655 0.213120 0.199433 0.133959 0.273833
4 4 0.179655 0.213120 0.199433 0.133959 0.273833
4 4 0.179655 0.213120 0.199433 0.133959 0.273833
4 4 0.179655 0.213120 0.199433 0.133959 0.273833
4 4 0.179655 0.213120 0.199433 0.133959 0.273833
4 4 0.179655 0.213120 0.199433 0.133959 0.273833
4 4 0.179655 0.213120 0.199433 0.133959 0.273833
4 4 0.179655 0.213120 0.199433 0.133959 0.273833
4 4 0.176440 0.214350 0.206363 0.132581 0.270266
4 4 0.165046 0.218101 0.232131 0.127450 0.257272
2 4 0.147612 0.221867 0.275338 0.118848 0.236335
2 4 0.127333 0.222593 0.331477 0.108159 0.210438
2 4 0.115002 0.219162 0.389381 0.096906 0.179549
2 4 0.129051 0.222937 0.326629 0.108702 0.212681
2 4 0.122849 0.222544 0.345053 0.105085 0.204469
2 4 0.089122 0.204223 0.498924 0.076524 0.131208
2 4 0.111326 0.219712 0.389549 0.096622 0.182791
2 4 0.080959 0.191549 0.534682 0.076948 0.115862
2 4 0.063516 0.161061 0.602001 0.083886 0.089537
2 4 0.049381 0.132807 0.656772 0.092058 0.068982
2 4 0.050496 0.131734 0.639974 0.104955 0.072841
2 2 0.051074 0.132154 0.637743 0.105712 0.073317
2 2 0.057639 0.142215 0.605758 0.110298 0.084090
2 2 0.060143 0.145732 0.596850 0.110127 0.087148
2 2 0.068024 0.150521 0.540414 0.136875 0.104168
2 2 0.067846 0.136272 0.533975 0.162716 0.099192
2 2 0.065864 0.118494 0.511569 0.209202 0.094871
2 2 0.058622 0.104154 0.518656 0.234409 0.084159
2 2 0.051759 0.090129 0.511467 0.271178 0.075467
2 2 0.042449 0.078510 0.564508 0.255879 0.058653
2 2 0.037101 0.075205 0.624484 0.214369 0.048842
2 2 0.036892 0.081111 0.666426 0.168665 0.046907
2 2 0.037656 0.088007 0.679567 0.146394 0.048377
2 2 0.040505 0.098127 0.667566 0.139204 0.054598
2 2 0.039713 0.098591 0.672334 0.135391 0.053970
2 2 0.039925 0.093558 0.659777 0.152990 0.053750
2 2 0.037914 0.082285 0.658345 0.173048 0.048407
2 2 0.038892 0.077839 0.636143 0.198317 0.048809
2 2 0.040601 0.078417 0.614270 0.215060 0.051652
2 2 0.043321 0.086714 0.605507 0.206872 0.057585
2 2 0.039945 0.090377 0.640991 0.174381 0.054306
2 2 0.035994 0.091218 0.688160 0.136817 0.047811
2 2 0.032673 0.089021 0.720968 0.115152 0.042185
2 2 0.030341 0.084451 0.739198 0.107875 0.038134
2 2 0.032737 0.084130 0.714135 0.127364 0.041634
2 2 0.033060 0.080640 0.698820 0.145323 0.042157
2 2 0.035030 0.085312 0.688303 0.145977 0.045379
2 2 0.036315 0.099747 0.730766 0.089885 0.043287
2 2 0.051749 0.136549 0.699110 0.057782 0.054810
2 2 0.063956 0.155898 0.676361 0.045504 0.058282
2 2 0.249530 0.158957 0.356432 0.104934 0.130147
0 1 0.393259 0.116439 0.225382 0.121452 0.143469
0 2 0.295519 0.155444 0.222692 0.131464 0.194881
0 2 0.289973 0.157889 0.222125 0.131861 0.198152
0 2 0.316179 0.150933 0.212065 0.134545 0.186278
0 2 0.250619 0.180900 0.203772 0.138825 0.225884
2 2 0.139335 0.222159 0.314002 0.111550 0.212954
2 2 0.094459 0.205043 0.490491 0.078265 0.131743
2 2 0.076440 0.186021 0.578786 0.062360 0.096393
2 2 0.030708 0.104377 0.794342 0.038349 0.032223
2 2 0.021599 0.081270 0.844500 0.031594 0.021038
2 2 0.020044 0.076958 0.853765 0.030096 0.019137
2 2 0.016400 0.065387 0.872521 0.030287 0.015405
2 2 0.014446 0.058053 0.880203 0.033597 0.013700
2 2 0.013305 0.050623 0.885246 0.038650 0.012176
2 2 0.013559 0.048556 0.881173 0.044444 0.012268
2 2 0.014948 0.050722 0.868744 0.051714 0.013873
2 2 0.017168 0.056304 0.851395 0.058372 0.016760
2 2 0.020170 0.062484 0.826696 0.069857 0.020793
2 2 0.019817 0.058552 0.819212 0.081820 0.020599
2 2 0.019792 0.053120 0.802661 0.104018 0.020409
2 2 0.019765 0.046023 0.772034 0.142237 0.019941
2 2 0.021590 0.043105 0.716435 0.196934 0.021935
2 2 0.022537 0.040007 0.648479 0.265093 0.023884
2 2 0.023026 0.039345 0.613003 0.299350 0.025277
2 2 0.024223 0.039325 0.566711 0.341903 0.027839
2 2 0.025045 0.040840 0.569757 0.335597 0.028762
2 2 0.027110 0.042404 0.559086 0.340689 0.030711
2 2 0.032508 0.047237 0.528826 0.354568 0.036862
2 2 0.036180 0.052200 0.480359 0.385893 0.045367
2 2 0.034502 0.049234 0.477695 0.395645 0.042925
2 2 0.034481 0.047924 0.476285 0.399465 0.041845
2 2 0.031714 0.046934 0.532529 0.352601 0.036222
2 2 0.030499 0.045126 0.521887 0.366988 0.035500
2 2 0.027245 0.037525 0.483942 0.419866 0.031422
3 2 0.026145 0.033136 0.398528 0.509627 0.032565
3 2 0.023972 0.029996 0.342068 0.570725 0.033239
3 2 0.022972 0.028038 0.300106 0.618034 0.030851
3 2 0.022766 0.027030 0.255687 0.665815 0.028701
3 2 0.022936 0.026582 0.217704 0.705473 0.027305
3 2 0.022993 0.027140 0.208506 0.713679 0.027681
3 2 0.023245 0.027942 0.203106 0.717311 0.028396
3 2 0.024487 0.029129 0.193618 0.723425 0.029340
3 2 0.026467 0.030308 0.170820 0.742610 0.029796
3 2 0.028346 0.030409 0.136360 0.776245 0.028639
3 2 0.030043 0.030123 0.111179 0.801348 0.027308
3 2 0.028972 0.027741 0.091758 0.827245 0.024283
3 2 0.027387 0.026692 0.096317 0.826043 0.023561
3 2 0.025018 0.025122 0.099746 0.827793 0.022321
3 2 0.024968 0.025812 0.109714 0.816166 0.023340
3 3 0.024569 0.025169 0.108591 0.818969 0.022702
3 3 0.024715 0.024893 0.117451 0.810213 0.022728
3 3 0.025075 0.025668 0.141736 0.783293 0.024227
3 3 0.024664 0.026685 0.179608 0.742689 0.026353
3 2 0.023456 0.027216 0.223744 0.697470 0.028114
3 2 0.022572 0.027243 0.234514 0.687214 0.028458
3 2 0.023350 0.028199 0.199382 0.720502 0.028568
3 2 0.026186 0.029898 0.144730 0.770654 0.028532
3 2 0.031290 0.031414 0.104976 0.804093 0.028226
