0 0 0.779122 0.051330 0.063989 0.025656 0.079903
0 0 0.909111 0.020143 0.019990 0.006508 0.044249
0 0 0.924010 0.016885 0.015936 0.005105 0.038064
0 0 0.941688 0.013211 0.011526 0.003637 0.029937
0 0 0.929722 0.016743 0.015238 0.006114 0.032183
0 0 0.920745 0.020306 0.018568 0.008896 0.031485
0 0 0.766249 0.057578 0.068951 0.046025 0.061197
0 0 0.659507 0.090338 0.112743 0.072393 0.065019
0 0 0.599308 0.113086 0.142078 0.080272 0.065256
0 0 0.557983 0.141294 0.149826 0.065645 0.085253
0 0 0.301118 0.219230 0.192716 0.054170 0.232765
4 0 0.138788 0.231699 0.188506 0.038212 0.402794
4 0 0.093038 0.245851 0.190294 0.035513 0.435303
4 0 0.070927 0.263934 0.211697 0.040784 0.412657
4 0 0.061681 0.273440 0.194551 0.034271 0.436057
4 0 0.061400 0.273773 0.195406 0.034136 0.435286
4 1 0.058452 0.285427 0.216655 0.037517 0.401949
4 1 0.057289 0.290326 0.269709 0.044910 0.337765
4 1 0.052427 0.298297 0.295963 0.047067 0.306246
4 1 0.051985 0.299540 0.291044 0.045968 0.311463
2 1 0.051694 0.297945 0.306320 0.047769 0.296272
2 1 0.052817 0.288552 0.342388 0.055145 0.261098
2 2 0.055813 0.256265 0.398924 0.093054 0.195943
2 2 0.057321 0.208443 0.442090 0.158874 0.133271
2 2 0.056856 0.170951 0.458515 0.217495 0.096183
2 2 0.055944 0.149248 0.469017 0.248684 0.077108
2 2 0.055155 0.146447 0.490605 0.235310 0.072483
2 2 0.050916 0.155156 0.535778 0.185716 0.072434
2 2 0.047696 0.173054 0.559596 0.138558 0.081096
2 1 0.048989 0.195437 0.543660 0.111400 0.100514
2 0 0.050732 0.220653 0.513737 0.087192 0.127686
2 1 0.048794 0.240322 0.489028 0.073391 0.148465
2 1 0.047039 0.255905 0.463924 0.065946 0.167186
2 1 0.049973 0.253680 0.456836 0.068988 0.170523
2 2 0.044983 0.231547 0.517914 0.074748 0.130808
2 2 0.037187 0.200119 0.597519 0.076061 0.089116
2 2 0.028593 0.153558 0.688875 0.079048 0.049926
2 2 0.025530 0.109627 0.744111 0.092845 0.027887
2 2 0.021998 0.091614 0.770039 0.096432 0.019917
2 2 0.018881 0.084895 0.778089 0.101438 0.016697
2 1 0.019375 0.084589 0.764305 0.114852 0.016880
2 1 0.023521 0.089710 0.724564 0.141910 0.020295
2 1 0.034682 0.099700 0.632381 0.203653 0.029584
2 2 0.038758 0.106908 0.605000 0.214257 0.035077
2 2 0.038845 0.112116 0.605123 0.206308 0.037607
2 2 0.032348 0.100550 0.663169 0.175544 0.028389
2 2 0.026447 0.095707 0.723755 0.130710 0.023381
2 2 0.019136 0.086803 0.788492 0.088284 0.017285
2 2 0.014945 0.078424 0.815785 0.077455 0.013391
2 2 0.013533 0.075203 0.825456 0.073727 0.012081
2 2 0.014913 0.078173 0.814469 0.079125 0.013320
2 2 0.018545 0.082879 0.767495 0.115003 0.016078
2 2 0.023236 0.085634 0.690657 0.181145 0.019328
2 2 0.024363 0.083849 0.649331 0.222700 0.019758
2 2 0.023955 0.083837 0.657316 0.215404 0.019488
2 2 0.020899 0.083439 0.718455 0.159701 0.017506
2 2 0.018341 0.081771 0.761717 0.122431 0.015740
2 2 0.016059 0.078508 0.787732 0.103790 0.013911
2 2 0.016572 0.078746 0.776523 0.113944 0.014214
2 2 0.018598 0.080840 0.746002 0.138861 0.015699
2 2 0.022341 0.083960 0.692134 0.183089 0.018476
2 2 0.026259 0.084247 0.617736 0.250666 0.021091
2 2 0.029848 0.079205 0.507430 0.360532 0.022985
3 2 0.032791 0.064761 0.334552 0.544091 0.023805
3 2 0.030330 0.046977 0.204717 0.697185 0.020791
3 3 0.025855 0.030047 0.106372 0.821023 0.016703
3 3 0.021812 0.021194 0.066168 0.877309 0.013516
3 3 0.018495 0.016682 0.049943 0.903763 0.011116
3 3 0.018082 0.016285 0.048825 0.905976 0.010831
3 3 0.020244 0.018371 0.054686 0.894360 0.012340
3 3 0.022715 0.020775 0.061387 0.881025 0.014099
3 3 0.024514 0.022789 0.067618 0.869664 0.015415
3 3 0.023538 0.021581 0.063622 0.876566 0.014693
3 3 0.020267 0.018393 0.054747 0.894238 0.012356
3 3 0.016147 0.014434 0.043581 0.916333 0.009505
3 3 0.012136 0.010648 0.032719 0.937653 0.006844
3 3 0.009033 0.007778 0.024327 0.953986 0.004877
3 3 0.006792 0.005744 0.018272 0.965673 0.003518
3 3 0.005679 0.004751 0.015271 0.971432 0.002868
3 3 0.005375 0.004480 0.014449 0.973004 0.002692
3 3 0.005403 0.004506 0.014526 0.972856 0.002709
3 3 0.005539 0.004626 0.014893 0.972155 0.002787
3 3 0.005375 0.004481 0.014450 0.973000 0.002693
3 3 0.005188 0.004316 0.013946 0.973964 0.002586
3 3 0.004715 0.003899 0.012669 0.976399 0.002318
3 3 0.004647 0.003839 0.012485 0.976749 0.002280
3 3 0.004589 0.003788 0.012328 0.977048 0.002247
3 3 0.004778 0.003954 0.012838 0.976077 0.002353
3 3 0.004923 0.004082 0.013230 0.975330 0.002435
3 3 0.005188 0.004316 0.013946 0.973964 0.002586
3 3 0.005174 0.004303 0.013906 0.974040 0.002578
3 3 0.005083 0.004222 0.013661 0.974508 0.002526
3 3 0.004612 0.003809 0.012393 0.976925 0.002261
3 3 0.003859 0.003152 0.010362 0.980782 0.001844
3 3 0.003511 0.002851 0.009423 0.982560 0.001655
3 3 0.003739 0.003048 0.010037 0.981398 0.001778
3 3 0.004557 0.003760 0.012243 0.977210 0.002230
3 3 0.006659 0.005625 0.017914 0.966362 0.003440
3 3 0.011037 0.009626 0.029747 0.943453 0.006137
3 2 0.020967 0.019073 0.056648 0.890461 0.012851
3 2 0.031883 0.034606 0.112745 0.799576 0.021191
3 2 0.040989 0.056553 0.215057 0.658081 0.029320
3 2 0.047230 0.077828 0.329435 0.509505 0.036002
2 2 0.046525 0.110514 0.495431 0.302784 0.044746
2 2 0.042245 0.154097 0.592900 0.147961 0.062798
2 2 0.034990 0.179470 0.634008 0.080213 0.071319
2 2 0.035537 0.207104 0.593557 0.071106 0.092696
2 2 0.034807 0.210223 0.591576 0.069103 0.094291
2 2 0.031822 0.201635 0.615293 0.067681 0.083570
2 2 0.030096 0.188593 0.639846 0.069192 0.072271
2 2 0.027820 0.164666 0.678851 0.073350 0.055313
2 2 0.029324 0.142707 0.698003 0.085107 0.044860
2 1 0.024718 0.101291 0.754014 0.095607 0.024370
2 1 0.025678 0.109096 0.743932 0.093542 0.027752
2 2 0.031097 0.119969 0.701949 0.111722 0.035264
2 2 0.039028 0.120102 0.610061 0.189357 0.041452
2 2 0.042506 0.100397 0.525913 0.294979 0.036205
2 2 0.039683 0.085990 0.453999 0.389233 0.031095
2 2 0.035399 0.081865 0.462711 0.392651 0.027374
2 2 0.032362 0.084186 0.521836 0.336206 0.025410
2 2 0.029115 0.088561 0.612669 0.245947 0.023709
2 2 0.026587 0.089921 0.669056 0.192195 0.022240
2 2 0.027310 0.092344 0.679294 0.177881 0.023170
2 2 0.031066 0.095082 0.643571 0.204094 0.026187
2 2 0.035912 0.096398 0.587747 0.250122 0.029821
2 2 0.035871 0.093760 0.564992 0.276033 0.029344
2 2 0.033053 0.091099 0.578009 0.270955 0.026884
2 2 0.029664 0.090912 0.626635 0.228315 0.024474
2 2 0.028204 0.093199 0.671988 0.182690 0.023918
2 2 0.027882 0.095309 0.696275 0.156378 0.024156
2 2 0.029043 0.097547 0.696613 0.151408 0.025389
2 2 0.027767 0.096563 0.708899 0.142398 0.024373
2 2 0.025882 0.094520 0.723507 0.133326 0.022764
2 2 0.023500 0.091327 0.739397 0.125132 0.020645
2 2 0.023853 0.091010 0.729916 0.134447 0.020773
2 2 0.025074 0.091066 0.707505 0.154845 0.021510
2 2 0.028087 0.091367 0.656838 0.200216 0.023491
2 2 0.029570 0.089575 0.615262 0.241407 0.024187
2 2 0.033099 0.087549 0.544065 0.308894 0.026393
2 2 0.034118 0.085368 0.510324 0.343343 0.026848
2 2 0.035236 0.079884 0.446456 0.411395 0.027030
3 2 0.033855 0.072589 0.394627 0.473665 0.025265
3 2 0.033407 0.060892 0.295731 0.586005 0.023966
3 2 0.032979 0.052063 0.227314 0.664604 0.023039
3 2 0.031684 0.046428 0.192475 0.707673 0.021740
3 2 0.030384 0.045002 0.189303 0.714596 0.020714
3 2 0.028800 0.044918 0.198332 0.708380 0.019569
3 2 0.027555 0.044564 0.203765 0.705460 0.018657
3 2 0.026471 0.044301 0.209293 0.702064 0.017871
3 2 0.025987 0.042132 0.194687 0.719781 0.017411
3 3 0.025421 0.035353 0.145055 0.777505 0.016666
3 3 0.023958 0.026997 0.094110 0.839690 0.015246
3 3 0.020690 0.019016 0.057059 0.890569 0.012665
3 3 0.015839 0.014140 0.042746 0.917978 0.009297
3 3 0.013195 0.011641 0.035587 0.932041 0.007535
3 3 0.011713 0.010254 0.031575 0.939887 0.006571
3 3 0.010724 0.009336 0.028900 0.945102 0.005938
3 3 0.009811 0.008492 0.026430 0.949906 0.005362
3 3 0.008423 0.007221 0.022678 0.957177 0.004502
3 3 0.007064 0.005989 0.019007 0.964260 0.003680
3 3 0.006001 0.005037 0.016139 0.969768 0.003054
3 3 0.005551 0.004636 0.014924 0.972096 0.002793
3 3 0.005154 0.004285 0.013853 0.974141 0.002566
3 3 0.005188 0.004316 0.013946 0.973964 0.002586
3 3 0.005246 0.004367 0.014102 0.973665 0.002619
3 3 0.005211 0.004336 0.014007 0.973848 0.002599
3 3 0.005285 0.004401 0.014207 0.973465 0.002641
3 3 0.005320 0.004432 0.014301 0.973286 0.002661
3 3 0.005710 0.004778 0.015352 0.971275 0.002885
3 3 0.005876 0.004925 0.015801 0.970417 0.002981
3 3 0.005842 0.004895 0.015710 0.970590 0.002962
3 3 0.005980 0.005018 0.016081 0.969879 0.003042
3 3 0.006168 0.005186 0.016589 0.968906 0.003151
3 3 0.006480 0.005465 0.017432 0.967288 0.003334
3 3 0.006796 0.005749 0.018285 0.965649 0.003521
3 3 0.007537 0.006417 0.020286 0.961796 0.003964
3 3 0.009467 0.008176 0.025502 0.951707 0.005147
3 3 0.012029 0.010549 0.032430 0.938218 0.006775
3 3 0.018289 0.016484 0.049384 0.904870 0.010973
3 3 0.032667 0.030655 0.088413 0.826749 0.021517
3 3 0.067547 0.067309 0.183446 0.630583 0.051115
3 3 0.027592 0.025580 0.074626 0.854531 0.017671
3 3 0.016341 0.014619 0.044106 0.915297 0.009637
3 3 0.012217 0.010724 0.032939 0.937224 0.006896
3 3 0.008750 0.007519 0.023562 0.955467 0.004702
3 3 0.008941 0.007694 0.024079 0.954466 0.004820
3 3 0.008768 0.007536 0.023613 0.955369 0.004714
3 3 0.008650 0.007428 0.023294 0.955986 0.004641
3 3 0.009588 0.008288 0.025829 0.951072 0.005223
3 3 0.011068 0.009654 0.029830 0.943290 0.006157
3 3 0.013289 0.011729 0.035841 0.931544 0.007596
3 3 0.015975 0.014270 0.043116 0.917249 0.009389
3 3 0.016826 0.015082 0.045421 0.912703 0.009968
3 3 0.016188 0.014473 0.043693 0.916112 0.009533
3 3 0.014492 0.012863 0.039099 0.925153 0.008393
3 3 0.010250 0.008898 0.027619 0.947595 0.005638
3 3 0.007135 0.006053 0.019199 0.963890 0.003723
3 3 0.005670 0.004743 0.015246 0.971479 0.002862
3 3 0.005471 0.004566 0.014709 0.972507 0.002748
3 3 0.005583 0.004665 0.015010 0.971931 0.002812
3 3 0.005617 0.004695 0.015101 0.971755 0.002831
3 3 0.006985 0.005918 0.018794 0.964669 0.003633
3 3 0.009579 0.008279 0.025804 0.951121 0.005217
3 2 0.018151 0.016352 0.049012 0.905607 0.010878
3 2 0.028586 0.034669 0.125392 0.792499 0.018854
3 2 0.037857 0.064402 0.290776 0.579400 0.027565
3 2 0.041796 0.083771 0.415810 0.426179 0.032444
2 2 0.041949 0.089868 0.464617 0.370240 0.033326
2 2 0.048548 0.094702 0.445545 0.372087 0.039118
2 0 0.063912 0.106389 0.422712 0.353611 0.053376
2 0 0.072693 0.117608 0.442669 0.304065 0.062965
2 1 0.105839 0.132674 0.409220 0.275659 0.076607
2 1 0.131497 0.141750 0.401112 0.249471 0.076169
0 1 0.375126 0.133523 0.234522 0.145671 0.111159
0 0 0.572523 0.095175 0.144727 0.080075 0.107500
0 0 0.705304 0.064483 0.088529 0.052705 0.088980
0 0 0.764050 0.050127 0.065347 0.043880 0.076596
0 0 0.748234 0.050378 0.067131 0.060822 0.073435
0 0 0.737119 0.052438 0.069958 0.069249 0.071235
0 0 0.776458 0.046273 0.058625 0.054326 0.064318
0 0 0.758647 0.048725 0.063531 0.060727 0.068369
0 0 0.766122 0.048887 0.063470 0.048922 0.072599
0 0 0.786440 0.046325 0.058393 0.037323 0.071519
0 0 0.831729 0.038886 0.045055 0.022854 0.061476
0 0 0.792947 0.050551 0.060082 0.030998 0.065421
0 0 0.737798 0.067304 0.081829 0.047050 0.066018
0 0 0.613479 0.087198 0.119806 0.106485 0.073032
0 0 0.576183 0.086665 0.126035 0.133750 0.077368
0 0 0.446580 0.094308 0.164516 0.190917 0.103679
0 0 0.450648 0.095486 0.168562 0.172941 0.112363
0 0 0.444525 0.100641 0.177478 0.161962 0.115394
0 0 0.480656 0.101343 0.169371 0.139694 0.108936
0 0 0.585681 0.090776 0.135491 0.090380 0.097672
0 0 0.661073 0.084095 0.112682 0.056988 0.085162
0 0 0.604314 0.111458 0.116215 0.040123 0.127889
0 0 0.523992 0.148685 0.122938 0.036084 0.168302
0 0 0.483798 0.166299 0.120436 0.031671 0.197795
0 0 0.326600 0.219432 0.143691 0.032539 0.277738
4 0 0.220116 0.254369 0.153452 0.030679 0.341384
4 0 0.153359 0.277290 0.173118 0.033952 0.362281
4 0 0.108687 0.269617 0.174655 0.031601 0.415440
4 1 0.076610 0.252162 0.178563 0.030642 0.462023
4 1 0.072248 0.243506 0.178813 0.030424 0.475010
4 1 0.084623 0.247484 0.227982 0.048228 0.391683
2 1 0.148743 0.204169 0.322926 0.100054 0.224107
2 0 0.255841 0.149754 0.356811 0.128250 0.109343
0 0 0.415319 0.127316 0.254917 0.089520 0.112928
0 0 0.686977 0.074019 0.100960 0.040160 0.097884
0 0 0.764486 0.057696 0.071362 0.027656 0.078800
0 0 0.637982 0.091698 0.124832 0.053790 0.091698
0 0 0.526895 0.121744 0.175683 0.082594 0.093084
0 0 0.385608 0.133022 0.222005 0.163306 0.096058
3 0 0.224427 0.117601 0.238943 0.332280 0.086749
3 0 0.077876 0.075883 0.204636 0.581328 0.060276
3 0 0.078037 0.075383 0.203399 0.582910 0.060271
3 0 0.091828 0.084928 0.226476 0.524183 0.072584
3 0 0.153120 0.105545 0.261719 0.370664 0.108951
2 0 0.228850 0.121006 0.264220 0.261888 0.124036
2 0 0.234194 0.165516 0.271596 0.176497 0.152198
2 0 0.212563 0.214154 0.256701 0.113111 0.203470
4 0 0.172751 0.252061 0.225083 0.060089 0.290016
4 1 0.142002 0.249136 0.198828 0.042378 0.367656
4 1 0.166363 0.240698 0.240140 0.063796 0.289002
0 0 0.329551 0.145628 0.274216 0.124368 0.126236
0 0 0.565657 0.105026 0.159173 0.066501 0.103644
0 0 0.801107 0.050255 0.058485 0.022526 0.067627
0 0 0.854304 0.035618 0.038770 0.014180 0.057129
0 0 0.867132 0.030888 0.033560 0.013547 0.054873
0 0 0.873831 0.027925 0.030583 0.015219 0.052442
0 0 0.851453 0.033448 0.037924 0.020478 0.056698
0 0 0.789953 0.050527 0.060630 0.032754 0.066136
0 0 0.736242 0.066887 0.082427 0.044833 0.069612
0 0 0.684287 0.078690 0.100380 0.067258 0.069385
0 0 0.634646 0.091505 0.120156 0.081948 0.071746
0 0 0.460285 0.115241 0.185803 0.139941 0.098730
0 0 0.380859 0.126660 0.218611 0.171761 0.102110
0 0 0.343044 0.138589 0.248030 0.158990 0.111347
2 0 0.208479 0.212353 0.282252 0.111206 0.185710
2 0 0.146549 0.256619 0.272009 0.067122 0.257700
4 0 0.108432 0.252992 0.250969 0.049668 0.337938
4 1 0.082565 0.243027 0.272009 0.047432 0.354967
2 1 0.064783 0.259361 0.364381 0.059197 0.252278
2 0 0.050281 0.266487 0.423971 0.061590 0.197671
2 1 0.052002 0.277426 0.382137 0.055790 0.232646
2 1 0.046127 0.277435 0.416621 0.057074 0.202742
2 1 0.047843 0.274107 0.417226 0.059321 0.201503
2 1 0.043006 0.253270 0.485786 0.063736 0.154201
2 1 0.045124 0.247545 0.488852 0.067557 0.150922
2 1 0.045181 0.226029 0.526388 0.077488 0.124914
2 1 0.044577 0.220754 0.539542 0.077021 0.118105
2 1 0.041773 0.209734 0.567169 0.078056 0.103268
2 1 0.040338 0.210617 0.570891 0.076000 0.102154
2 1 0.040945 0.207306 0.573817 0.077970 0.099962
2 1 0.046170 0.197023 0.571217 0.088487 0.097103
2 0 0.055470 0.195696 0.542758 0.099627 0.106449
2 1 0.051266 0.231255 0.497260 0.079209 0.141010
2 1 0.050379 0.258334 0.444816 0.067281 0.179190
2 1 0.057365 0.270425 0.382180 0.065124 0.224906
2 1 0.091606 0.265278 0.313564 0.072178 0.257373
2 0 0.099070 0.242306 0.352895 0.082604 0.223125
2 0 0.145897 0.185598 0.399169 0.121348 0.147987
2 1 0.249432 0.139425 0.319797 0.166164 0.125182
0 0 0.325705 0.128874 0.248299 0.168681 0.128440
2 0 0.142113 0.147049 0.405504 0.220695 0.084639
2 0 0.089258 0.183596 0.469597 0.154147 0.103402
2 0 0.057483 0.214341 0.486234 0.109770 0.132172
2 1 0.051023 0.235072 0.475964 0.090340 0.147600
2 1 0.051976 0.221529 0.487712 0.105622 0.133161
2 1 0.060031 0.219356 0.439607 0.133182 0.147825
2 1 0.066262 0.222015 0.400933 0.144494 0.166296
2 1 0.077471 0.226810 0.341354 0.142604 0.211760
2 0 0.087631 0.226773 0.314771 0.111957 0.258868
4 1 0.104910 0.215276 0.265863 0.084824 0.329127
4 1 0.111326 0.208008 0.285710 0.079122 0.315834
2 0 0.118010 0.198439 0.315917 0.089508 0.278127
2 0 0.089757 0.202280 0.417039 0.109289 0.181635
2 1 0.056101 0.211890 0.509575 0.097061 0.125373
2 1 0.051083 0.233122 0.494419 0.078265 0.143111
2 1 0.052360 0.240954 0.474479 0.075973 0.156234
2 0 0.049718 0.246367 0.473435 0.071703 0.158777
2 1 0.045361 0.264438 0.452012 0.061545 0.176643
2 1 0.044954 0.285031 0.401538 0.053480 0.214997
2 1 0.043731 0.285443 0.406784 0.052732 0.211310
2 1 0.042097 0.275771 0.440040 0.055297 0.186795
2 1 0.042124 0.248649 0.498491 0.064565 0.146172
2 0 0.041500 0.224039 0.545145 0.072497 0.116819
2 0 0.038546 0.196073 0.598819 0.079095 0.087468
2 0 0.032792 0.193437 0.623230 0.071794 0.078747
2 1 0.034594 0.200208 0.607087 0.072133 0.085978
2 1 0.037884 0.182718 0.602418 0.099657 0.077323
2 1 0.038698 0.162586 0.606748 0.127046 0.064922
2 2 0.036515 0.134225 0.633309 0.149374 0.046578
2 2 0.034236 0.111323 0.649270 0.171125 0.034045
2 2 0.032109 0.098821 0.660877 0.180541 0.027652
2 2 0.029740 0.095183 0.665021 0.184734 0.025321
2 2 0.028468 0.094128 0.676068 0.177060 0.024276
2 2 0.029073 0.097270 0.693808 0.154505 0.025344
2 2 0.030206 0.118984 0.710100 0.106434 0.034275
2 2 0.029988 0.149411 0.688263 0.083526 0.048812
2 2 0.031646 0.176195 0.650324 0.076005 0.065830
2 4 0.036305 0.208380 0.588841 0.071694 0.094780
2 4 0.046061 0.252774 0.474515 0.066386 0.160264
2 4 0.060074 0.275950 0.328074 0.052233 0.283670
4 4 0.070936 0.264068 0.230664 0.042306 0.392026
4 4 0.083290 0.238437 0.207605 0.060455 0.410214
4 4 0.095717 0.217113 0.208984 0.087076 0.391109
4 4 0.094340 0.218743 0.213460 0.096090 0.377366
4 4 0.082729 0.238340 0.206424 0.062492 0.410015
4 4 0.075986 0.241276 0.185329 0.033164 0.464245
4 4 0.057680 0.283921 0.237431 0.037150 0.383818
4 4 0.051811 0.292564 0.294004 0.040754 0.320867
2 4 0.044556 0.282541 0.410272 0.053993 0.208639
2 4 0.047590 0.256562 0.460249 0.066093 0.169506
2 1 0.047684 0.228929 0.514335 0.076937 0.132115
2 1 0.051209 0.240671 0.479329 0.075203 0.153588
2 4 0.060345 0.269700 0.369074 0.065756 0.235124
4 4 0.069081 0.270152 0.255331 0.047128 0.358307
4 4 0.064564 0.274334 0.226607 0.040013 0.394483
4 4 0.060503 0.280429 0.220418 0.037704 0.400947
4 4 0.069667 0.268677 0.219378 0.048430 0.393847
4 4 0.072895 0.268524 0.276799 0.062859 0.318923
4 4 0.060514 0.286329 0.295309 0.054246 0.303601
2 4 0.060212 0.284485 0.302978 0.053828 0.298497
2 4 0.055315 0.285149 0.326122 0.049894 0.283521
2 4 0.045298 0.265901 0.448927 0.060961 0.178913
2 4 0.040370 0.217101 0.560584 0.073695 0.108250
2 4 0.036974 0.169051 0.640178 0.087619 0.066178
2 1 0.033541 0.143860 0.681175 0.093028 0.048396
2 1 0.036340 0.182881 0.624733 0.080975 0.075071
2 1 0.049401 0.267088 0.428067 0.063065 0.192379
4 1 0.066116 0.267907 0.228723 0.038261 0.398993
4 1 0.067644 0.238348 0.160402 0.025032 0.508575
4 1 0.075805 0.208997 0.141335 0.020828 0.553036
4 1 0.092547 0.181699 0.134456 0.022249 0.569049
4 1 0.104096 0.176227 0.142709 0.029676 0.547293
4 4 0.115703 0.176273 0.159666 0.042319 0.506040
4 4 0.123545 0.178270 0.177120 0.053735 0.467330
4 4 0.111841 0.197460 0.191918 0.048547 0.450234
4 4 0.089067 0.228859 0.198480 0.037963 0.445630
4 4 0.073875 0.248445 0.206701 0.034769 0.436210
4 4 0.065123 0.264432 0.234771 0.035476 0.400198
4 4 0.067938 0.257669 0.221945 0.034193 0.418255
4 4 0.066051 0.268467 0.268333 0.042869 0.354280
4 4 0.075324 0.249574 0.201467 0.036707 0.436927
4 4 0.077730 0.239965 0.189355 0.042827 0.450123
4 4 0.084867 0.217224 0.169923 0.042941 0.485045
4 4 0.088329 0.204708 0.158101 0.040386 0.508475
4 4 0.096979 0.191842 0.154249 0.037174 0.519757
4 4 0.117056 0.185889 0.180901 0.055725 0.460430
4 4 0.140285 0.172584 0.199885 0.072075 0.415171
4 4 0.125411 0.188733 0.226406 0.103188 0.356262
4 4 0.112850 0.200192 0.224732 0.103693 0.358533
4 4 0.108874 0.197800 0.231458 0.139557 0.322310
4 4 0.110358 0.191399 0.233654 0.160678 0.303911
4 4 0.106135 0.193324 0.235207 0.170937 0.294397
4 4 0.102756 0.193757 0.244074 0.188051 0.271363
4 4 0.105550 0.193783 0.253183 0.182813 0.264670
4 4 0.114394 0.196338 0.251262 0.140785 0.297220
4 4 0.104190 0.216541 0.255464 0.109029 0.314776
4 4 0.090838 0.235751 0.227640 0.062994 0.382776
4 4 0.085905 0.235966 0.205524 0.045711 0.426895
4 4 0.082235 0.238443 0.199174 0.043189 0.436959
4 4 0.083554 0.234691 0.196354 0.045389 0.440012
4 4 0.085607 0.234502 0.203266 0.051044 0.425581
4 4 0.083641 0.239354 0.206405 0.048188 0.422412
4 4 0.074455 0.248606 0.193543 0.035074 0.448321
4 4 0.066956 0.252684 0.178262 0.029848 0.472250
4 4 0.065526 0.252000 0.173330 0.028347 0.480796
4 4 0.064676 0.264775 0.199624 0.033436 0.437489
4 4 0.064741 0.268919 0.223190 0.036753 0.406397
4 4 0.068290 0.259884 0.204424 0.034975 0.432427
4 4 0.067534 0.258522 0.192656 0.033181 0.448108
4 4 0.068256 0.253920 0.183901 0.031597 0.462326
4 4 0.070646 0.240977 0.171013 0.028090 0.489274
4 4 0.071657 0.211374 0.137011 0.019590 0.560368
4 4 0.072677 0.206769 0.133805 0.018920 0.567829
4 4 0.081915 0.202638 0.143969 0.021809 0.549669
4 4 0.112805 0.197730 0.193728 0.045376 0.450361
4 4 0.160317 0.168999 0.245037 0.087082 0.338566
2 1 0.119975 0.175748 0.382886 0.146725 0.174667
2 1 0.059174 0.192414 0.535991 0.105197 0.107224
2 1 0.045792 0.199065 0.569478 0.087153 0.098512
2 1 0.049045 0.205373 0.543001 0.093599 0.108983
2 1 0.050880 0.189195 0.545274 0.117718 0.096933
2 1 0.056963 0.183912 0.502504 0.154934 0.101687
2 1 0.058713 0.189628 0.476139 0.164172 0.111348
2 1 0.058351 0.203838 0.468453 0.144007 0.125351
2 2 0.055336 0.227806 0.459310 0.109619 0.147929
2 2 0.056653 0.244578 0.433472 0.090751 0.174546
2 2 0.060631 0.248285 0.413674 0.080743 0.196667
2 2 0.058122 0.236357 0.446623 0.094617 0.164281
2 2 0.056033 0.227791 0.469267 0.099806 0.147103
2 2 0.053931 0.221624 0.490332 0.098990 0.135123
2 2 0.052422 0.219987 0.504490 0.093104 0.129996
2 2 0.046212 0.203621 0.559056 0.087708 0.103402
2 2 0.042134 0.194689 0.588305 0.084413 0.090459
2 2 0.036663 0.166796 0.644026 0.088087 0.064428
2 2 0.036304 0.159265 0.654236 0.090833 0.059361
2 2 0.037372 0.159275 0.650483 0.092651 0.060219
2 2 0.045184 0.187102 0.585111 0.094959 0.087645
2 2 0.052671 0.204347 0.525307 0.104418 0.113257
2 2 0.064182 0.222161 0.439990 0.118301 0.155366
2 2 0.066417 0.223787 0.426691 0.120622 0.162482
2 2 0.063704 0.225013 0.437187 0.115415 0.158680
2 2 0.065934 0.220082 0.443118 0.116295 0.154571
2 2 0.070282 0.204650 0.462725 0.121762 0.140581
2 2 0.069683 0.151474 0.527329 0.170165 0.081348
2 2 0.059627 0.123494 0.562234 0.200802 0.053844
2 2 0.186389 0.142764 0.408911 0.179383 0.082552
0 0 0.540022 0.102110 0.156801 0.099018 0.102050
0 0 0.629807 0.087681 0.122905 0.068733 0.090873
0 0 0.629428 0.089344 0.123584 0.070587 0.087058
0 0 0.628564 0.093578 0.125880 0.071019 0.080959
0 0 0.433544 0.140506 0.212494 0.128180 0.085276
0 0 0.341080 0.165771 0.278499 0.136106 0.078543
2 0 0.232031 0.250077 0.258492 0.087520 0.171881
1 0 0.128390 0.300549 0.267295 0.060468 0.243297
4 1 0.058990 0.273231 0.202502 0.031402 0.433875
4 1 0.056421 0.283066 0.240456 0.035211 0.384846
2 1 0.054773 0.287392 0.310514 0.046192 0.301129
2 1 0.051752 0.265533 0.421587 0.065032 0.196096
2 1 0.053178 0.226493 0.474745 0.104122 0.141462
2 2 0.052971 0.189459 0.500864 0.153308 0.103398
2 2 0.048004 0.163519 0.542602 0.169971 0.075903
2 2 0.042867 0.152245 0.589769 0.152905 0.062214
2 2 0.034871 0.133030 0.660668 0.127219 0.044213
2 2 0.032342 0.120384 0.680764 0.130037 0.036474
2 2 0.033015 0.109485 0.662857 0.162242 0.032401
2 2 0.035932 0.104028 0.614199 0.213407 0.032434
2 2 0.037537 0.099498 0.570884 0.259754 0.032326
2 2 0.038672 0.106733 0.567595 0.250688 0.036312
2 2 0.037651 0.106843 0.592871 0.227581 0.035054
2 2 0.035311 0.105357 0.641626 0.185688 0.032018
2 2 0.030419 0.099399 0.690760 0.152732 0.026689
2 2 0.026941 0.096830 0.724692 0.127590 0.023947
2 2 0.024254 0.094046 0.748224 0.111749 0.021728
2 2 0.023564 0.093651 0.757363 0.104164 0.021257
2 2 0.022359 0.092413 0.769542 0.095376 0.020310
2 2 0.022381 0.092110 0.766801 0.098467 0.020241
2 2 0.023144 0.092314 0.754324 0.109527 0.020690
2 2 0.024875 0.092962 0.728069 0.132283 0.021811
2 2 0.025428 0.092325 0.712443 0.147811 0.021994
2 2 0.024105 0.090526 0.720764 0.143790 0.020814
2 2 0.022768 0.090092 0.742691 0.124500 0.019949
2 2 0.021129 0.089734 0.771772 0.098371 0.018994
2 2 0.020210 0.088849 0.782850 0.089773 0.018318
2 2 0.022058 0.092042 0.772211 0.093627 0.020061
2 2 0.029851 0.106757 0.728860 0.105775 0.028758
2 2 0.039232 0.122771 0.663722 0.133182 0.041092
2 2 0.050994 0.130116 0.567577 0.197227 0.054086
2 2 0.061289 0.109065 0.455926 0.321991 0.051731
3 2 0.078414 0.096128 0.297174 0.464457 0.063828
3 2 0.104976 0.087055 0.231249 0.493902 0.082818
3 2 0.109301 0.077873 0.208855 0.520942 0.083028
3 2 0.093381 0.066521 0.181116 0.590509 0.068473
3 2 0.065075 0.050121 0.139729 0.699574 0.045500
3 2 0.043151 0.036325 0.103622 0.788056 0.028846
3 2 0.027799 0.025786 0.075188 0.853402 0.017825
3 2 0.024634 0.022657 0.066596 0.870623 0.015489
3 2 0.020411 0.018532 0.055137 0.893462 0.012457
3 2 0.020946 0.019052 0.056589 0.890578 0.012836
3 3 0.020184 0.018313 0.054523 0.894682 0.012298
3 3 0.023413 0.021458 0.063282 0.877245 0.014602
3 3 0.025659 0.023667 0.069379 0.865054 0.016240
3 3 0.030635 0.028615 0.082892 0.837896 0.019962
3 3 0.034502 0.032508 0.093402 0.816649 0.022938
3 3 0.038867 0.036951 0.105274 0.792525 0.026382
3 3 0.035043 0.033056 0.094872 0.813669 0.023360
3 3 0.033476 0.031471 0.090612 0.822300 0.022142
3 3 0.031867 0.029850 0.086239 0.831142 0.020902
3 3 0.030693 0.028673 0.083051 0.837577 0.020006
3 3 0.027284 0.025275 0.073790 0.856210 0.017442
3 3 0.023821 0.021858 0.064388 0.875036 0.014897
3 3 0.020224 0.018351 0.054631 0.894469 0.012325
3 3 0.020008 0.018143 0.054047 0.895628 0.012174
3 3 0.019990 0.018125 0.053997 0.895727 0.012161
3 3 0.019395 0.017550 0.052385 0.898926 0.011744
3 3 0.018774 0.016951 0.050700 0.902265 0.011310
3 3 0.017757 0.015973 0.047942 0.907723 0.010606
3 3 0.016112 0.014400 0.043486 0.916521 0.009482
3 3 0.014476 0.012848 0.039056 0.925238 0.008382
3 3 0.012771 0.011243 0.034439 0.934291 0.007257
3 3 0.012179 0.010689 0.032836 0.937426 0.006872
3 3 0.013111 0.011562 0.035360 0.932487 0.007480
3 3 0.015334 0.013660 0.041378 0.920672 0.008956
3 3 0.014826 0.013179 0.040003 0.923376 0.008616
3 3 0.011437 0.009997 0.030829 0.941343 0.006393
3 3 0.008435 0.007232 0.022711 0.957114 0.004509
3 3 0.007643 0.006513 0.020573 0.961243 0.004028
3 3 0.007401 0.006294 0.019919 0.962503 0.003882
3 3 0.007944 0.006786 0.021386 0.959674 0.004210
3 3 0.008092 0.006919 0.021784 0.958905 0.004299
3 3 0.009299 0.008022 0.025047 0.952590 0.005042
3 3 0.010187 0.008839 0.027447 0.947929 0.005598
3 3 0.011714 0.010255 0.031577 0.939883 0.006571
3 3 0.012249 0.010754 0.033026 0.937053 0.006917
3 3 0.012900 0.011364 0.034788 0.933608 0.007341
3 3 0.013124 0.011574 0.035395 0.932418 0.007488
3 3 0.015686 0.013995 0.042331 0.918796 0.009193
3 3 0.025226 0.023240 0.068202 0.867411 0.015922
3 3 0.069244 0.069169 0.188082 0.620811 0.052695
3 3 0.028141 0.026126 0.076118 0.851534 0.018081
3 3 0.015340 0.013666 0.041395 0.920638 0.008960
3 3 0.010309 0.008952 0.027778 0.947287 0.005675
3 3 0.006759 0.005715 0.018184 0.965843 0.003499
3 3 0.006812 0.005763 0.018327 0.965568 0.003530
3 3 0.008241 0.007056 0.022188 0.958124 0.004391
3 2 0.012266 0.010770 0.033072 0.936963 0.006928
3 2 0.020654 0.018768 0.055798 0.892150 0.012629
3 2 0.033980 0.031980 0.091983 0.819524 0.022533
3 2 0.045135 0.043415 0.122332 0.757641 0.031477
3 2 0.054056 0.052218 0.145186 0.709627 0.038913
3 2 0.074790 0.054402 0.150674 0.667336 0.052798
3 2 0.082577 0.057424 0.158313 0.643025 0.058660
3 2 0.086193 0.059940 0.164658 0.627463 0.061746
3 2 0.084240 0.065624 0.179009 0.609069 0.062057
3 2 0.079038 0.064972 0.177442 0.620171 0.058378
3 2 0.085332 0.067455 0.183579 0.600337 0.063297
3 2 0.106420 0.072528 0.195793 0.546004 0.079255
3 2 0.131281 0.083927 0.212999 0.464356 0.107437
3 2 0.145850 0.087812 0.219048 0.424994 0.122296
3 2 0.157174 0.091441 0.226098 0.391527 0.133760
3 2 0.184359 0.092180 0.239934 0.338569 0.144959
2 2 0.226539 0.101778 0.244725 0.240798 0.186160
0 2 0.274136 0.099698 0.232850 0.200733 0.192582
0 2 0.285324 0.103790 0.222905 0.160603 0.227378
0 2 0.285999 0.100399 0.233995 0.197751 0.181857
0 2 0.286120 0.101695 0.233888 0.197882 0.180416
3 2 0.241821 0.098563 0.230009 0.290386 0.139221
3 2 0.217097 0.097537 0.227893 0.336127 0.121346
3 2 0.174923 0.096894 0.229917 0.397993 0.100274
3 2 0.145167 0.095053 0.234127 0.432637 0.093015
3 2 0.105548 0.084238 0.217322 0.519274 0.073618
3 2 0.068982 0.068882 0.187368 0.622318 0.052450
3 2 0.057258 0.056190 0.155368 0.689361 0.041822
3 2 0.050004 0.048503 0.135593 0.730345 0.035555
3 2 0.056716 0.055612 0.153891 0.692435 0.041346
3 2 0.074502 0.074976 0.202450 0.590395 0.057678
3 2 0.093771 0.103603 0.250324 0.464313 0.087989
3 2 0.109376 0.156663 0.268488 0.288005 0.177468
2 2 0.113747 0.176912 0.263212 0.214938 0.231191
4 2 0.117698 0.189692 0.245361 0.149356 0.297893
4 4 0.121429 0.186114 0.247598 0.151283 0.293576
4 4 0.120486 0.192654 0.234311 0.116253 0.336297
4 4 0.114414 0.202824 0.231353 0.093786 0.357623
4 4 0.099777 0.216950 0.209747 0.063565 0.409962
4 4 0.090886 0.226172 0.201381 0.051671 0.429889
4 4 0.076346 0.254447 0.222461 0.050340 0.396405
4 4 0.062392 0.282217 0.265743 0.047182 0.342466
2 4 0.053845 0.283316 0.357993 0.057229 0.247617
2 4 0.048132 0.260613 0.448952 0.064888 0.177415
2 1 0.049419 0.238892 0.489479 0.074485 0.147725
2 1 0.052458 0.246066 0.463561 0.073858 0.164056
2 1 0.063668 0.251676 0.405185 0.074290 0.205181
2 2 0.079665 0.234492 0.364464 0.090779 0.230601
4 2 0.121208 0.202022 0.245260 0.084359 0.347151
4 4 0.121294 0.191764 0.202229 0.058177 0.426536
4 4 0.102309 0.176174 0.140329 0.024872 0.556315
4 4 0.090531 0.150507 0.100061 0.012777 0.646125
4 4 0.082225 0.133625 0.079107 0.008772 0.696270
4 4 0.081828 0.154365 0.095637 0.011594 0.656576
4 4 0.091825 0.175930 0.126697 0.023606 0.581942
4 4 0.119636 0.182939 0.183053 0.068440 0.445932
4 4 0.134999 0.171277 0.216106 0.132584 0.345034
4 4 0.137513 0.163400 0.229597 0.173517 0.295973
4 4 0.147851 0.158074 0.226052 0.160151 0.307871
4 4 0.166160 0.148592 0.214999 0.134238 0.336011
4 4 0.155528 0.156442 0.185847 0.068074 0.434109
4 4 0.119788 0.178359 0.168800 0.038363 0.494690
4 4 0.081430 0.176137 0.114986 0.015308 0.612139
4 4 0.069836 0.171158 0.097579 0.011523 0.649904
4 4 0.068559 0.196487 0.117610 0.015267 0.602077
4 4 0.077775 0.231887 0.174922 0.029725 0.485691
4 4 0.099457 0.230853 0.278173 0.077050 0.314467
2 4 0.133528 0.164458 0.354476 0.179528 0.168010
2 1 0.075550 0.170553 0.491575 0.158821 0.103501
2 2 0.066110 0.243542 0.403059 0.094151 0.193137
2 2 0.077865 0.251862 0.299589 0.088588 0.282097
4 2 0.089336 0.235097 0.217826 0.056406 0.401335
4 2 0.096351 0.215024 0.193100 0.051320 0.444206
4 2 0.118118 0.178089 0.166776 0.046089 0.490928
4 2 0.139152 0.163500 0.173154 0.055527 0.468668
4 2 0.159265 0.141823 0.155351 0.044282 0.499279
4 2 0.187831 0.135159 0.179342 0.065920 0.431748
4 2 0.176237 0.149576 0.211662 0.089185 0.373341
4 2 0.144715 0.176423 0.239357 0.101163 0.338342
4 2 0.120102 0.199881 0.259810 0.111904 0.308304
4 2 0.104843 0.216715 0.277782 0.119698 0.280962
2 2 0.086686 0.199781 0.367211 0.178758 0.167565
2 2 0.072560 0.181556 0.419272 0.203376 0.123236
2 2 0.067965 0.173232 0.425259 0.222779 0.110765
2 2 0.062729 0.157469 0.463259 0.228440 0.088103
2 2 0.053455 0.147276 0.532946 0.197704 0.068619
2 2 0.049181 0.138817 0.577634 0.176335 0.058033
2 2 0.043363 0.125214 0.615528 0.170142 0.045753
2 2 0.042371 0.127999 0.623896 0.159251 0.046483
2 2 0.042637 0.126857 0.628981 0.155725 0.045800
2 2 0.051980 0.153270 0.577661 0.148286 0.068803
2 2 0.059962 0.181740 0.523018 0.135458 0.099822
2 2 0.065832 0.208010 0.459261 0.128950 0.137948
2 2 0.068968 0.223011 0.417087 0.124413 0.166521
2 2 0.071653 0.218197 0.401137 0.141619 0.167394
2 2 0.070675 0.204932 0.428506 0.151141 0.144746
2 2 0.067649 0.197840 0.451887 0.152393 0.130231
2 2 0.053305 0.204551 0.513007 0.113770 0.115367
2 2 0.043153 0.185996 0.584064 0.101615 0.085173
2 2 0.032754 0.155985 0.668933 0.087702 0.054625
2 2 0.028564 0.129226 0.708893 0.095365 0.037951
2 2 0.025082 0.099272 0.742772 0.108966 0.023908
2 2 0.025342 0.095546 0.741249 0.115153 0.022711
2 2 0.025683 0.096384 0.742059 0.112753 0.023120
2 2 0.026060 0.097743 0.746221 0.106282 0.023694
2 2 0.031470 0.115423 0.713055 0.106793 0.033259
2 2 0.041015 0.148900 0.646649 0.106867 0.056569
2 2 0.053090 0.188866 0.552249 0.107926 0.097869
2 2 0.064137 0.193111 0.483839 0.141089 0.117824
2 2 0.082014 0.170461 0.395516 0.229448 0.122561
3 2 0.103617 0.133480 0.301921 0.344254 0.116728
3 2 0.098600 0.108706 0.258046 0.439356 0.095292
3 2 0.088134 0.096380 0.241280 0.496101 0.078105
3 2 0.078471 0.083501 0.215506 0.556919 0.065604
3 2 0.079909 0.083229 0.218433 0.553287 0.065142
3 2 0.072676 0.084093 0.253327 0.532613 0.057292
2 2 0.065834 0.114479 0.427267 0.332843 0.059577
2 2 0.044815 0.140512 0.587644 0.170684 0.056345
2 2 0.035088 0.146222 0.662493 0.105137 0.051061
2 2 0.029932 0.110534 0.714481 0.114519 0.030533
2 2 0.027096 0.099266 0.741056 0.107898 0.024684
2 2 0.028267 0.099747 0.726457 0.120053 0.025476
2 2 0.029268 0.097848 0.695601 0.151685 0.025599
2 2 0.033042 0.094131 0.606058 0.239391 0.027378
2 2 0.034472 0.084845 0.501055 0.352585 0.027043
2 2 0.034424 0.080322 0.459610 0.399172 0.026472
2 2 0.030607 0.083393 0.538519 0.323446 0.024035
2 2 0.027052 0.088278 0.644697 0.217714 0.022258
2 2 0.022873 0.088419 0.725399 0.143666 0.019643
2 2 0.023040 0.090327 0.739457 0.127020 0.020155
2 2 0.025721 0.092799 0.711394 0.147812 0.022275
2 2 0.032231 0.097093 0.644176 0.199126 0.027373
2 2 0.038736 0.097385 0.561854 0.269973 0.032051
2 2 0.041910 0.092464 0.486471 0.345497 0.033658
2 2 0.043184 0.088120 0.439000 0.395651 0.034045
3 2 0.041889 0.084318 0.419475 0.421738 0.032580
2 2 0.042458 0.087088 0.437071 0.400029 0.033354
2 2 0.043002 0.091361 0.466965 0.364333 0.034338
2 2 0.041921 0.092638 0.487804 0.343945 0.033692
2 2 0.040531 0.087324 0.456992 0.383243 0.031909
3 2 0.039829 0.082296 0.421273 0.425834 0.030768
3 2 0.038961 0.077109 0.385496 0.468885 0.029549
3 2 0.038137 0.072711 0.355851 0.504806 0.028495
3 2 0.042023 0.069050 0.298252 0.559551 0.031125
3 2 0.043778 0.064208 0.253063 0.606899 0.032052
3 2 0.041574 0.052690 0.187140 0.689121 0.029476
3 2 0.044406 0.045554 0.135485 0.743468 0.031087
3 2 0.042907 0.041107 0.116267 0.770073 0.029647
3 2 0.043057 0.041262 0.116675 0.769236 0.029769
3 2 0.046021 0.044337 0.124743 0.752688 0.032211
3 2 0.047172 0.045538 0.127880 0.746239 0.033171
3 2 0.053173 0.051846 0.144229 0.712488 0.038264
3 2 0.049516 0.047991 0.134264 0.733088 0.035141
3 2 0.045736 0.046824 0.138453 0.736805 0.032183
3 2 0.038337 0.037915 0.111748 0.785942 0.026058
3 2 0.032820 0.030810 0.088830 0.825904 0.021635
3 2 0.027380 0.025369 0.074049 0.855689 0.017513
3 2 0.026311 0.024310 0.071147 0.861512 0.016720
3 2 0.024932 0.022951 0.067406 0.869004 0.015707
3 2 0.027033 0.025026 0.073108 0.857579 0.017255
3 2 0.026778 0.024773 0.072417 0.858966 0.017066
3 2 0.027641 0.025629 0.074759 0.854263 0.017707
3 2 0.025296 0.023309 0.068393 0.867028 0.015974
3 2 0.025302 0.023315 0.068409 0.866997 0.015978
3 2 0.024031 0.022064 0.064959 0.873896 0.015050
3 2 0.021665 0.019751 0.058540 0.886696 0.013347
3 2 0.020934 0.019040 0.056556 0.890643 0.012827
3 2 0.025631 0.023639 0.069302 0.865209 0.016219
3 2 0.029217 0.031699 0.104434 0.815511 0.019138
3 2 0.035520 0.046886 0.176034 0.716989 0.024572
3 2 0.037488 0.068139 0.323434 0.543343 0.027596
2 2 0.035186 0.090368 0.543077 0.303048 0.028320
2 0 0.044118 0.099177 0.519411 0.300902 0.036392
