0 0 0.859375 0.015635 0.012534 0.043503 0.068954
0 0 0.861344 0.015347 0.012255 0.043278 0.067776
0 0 0.899438 0.009436 0.007094 0.029834 0.054199
0 0 0.826731 0.016313 0.014512 0.026937 0.115508
0 0 0.864189 0.014330 0.011574 0.036982 0.072925
0 0 0.599390 0.067300 0.071080 0.087729 0.174501
0 0 0.640140 0.056725 0.058486 0.076646 0.168003
0 0 0.643604 0.053814 0.056013 0.067598 0.178971
0 0 0.600204 0.064543 0.069119 0.076856 0.189279
0 0 0.600582 0.064770 0.069233 0.077982 0.187434
0 0 0.662829 0.049947 0.051118 0.065910 0.170194
0 0 0.731283 0.034484 0.033584 0.049376 0.151272
0 0 0.723804 0.036431 0.035614 0.052434 0.151717
0 0 0.701547 0.042661 0.042047 0.063279 0.150465
0 0 0.709804 0.042028 0.040785 0.067008 0.140375
0 0 0.683411 0.048293 0.047669 0.075345 0.145281
0 0 0.643341 0.058156 0.058844 0.087533 0.152125
0 0 0.660297 0.053661 0.053864 0.080854 0.151324
0 0 0.697167 0.044686 0.043840 0.069335 0.144971
0 0 0.662108 0.052202 0.052755 0.074979 0.157956
0 0 0.658581 0.052176 0.053167 0.071856 0.164219
0 0 0.674649 0.047281 0.047967 0.063547 0.166556
0 0 0.667196 0.048424 0.049544 0.063075 0.171760
0 0 0.647698 0.052952 0.054929 0.067130 0.177290
0 0 0.657029 0.052555 0.053607 0.072262 0.164547
0 0 0.651558 0.054389 0.055493 0.075926 0.162634
0 0 0.641434 0.056607 0.058240 0.077237 0.166483
0 0 0.632970 0.060031 0.061513 0.086078 0.159407
0 0 0.622927 0.063272 0.064852 0.093038 0.155911
0 0 0.645813 0.057785 0.058245 0.088412 0.149745
0 0 0.665155 0.053232 0.052899 0.084107 0.144607
0 0 0.657256 0.054722 0.054883 0.083607 0.149532
0 0 0.656906 0.055051 0.055100 0.085244 0.147699
0 0 0.677302 0.050588 0.049732 0.082410 0.139967
0 0 0.677592 0.050477 0.049635 0.082032 0.140264
0 0 0.678815 0.050103 0.049270 0.081113 0.140698
0 0 0.709187 0.043259 0.041562 0.073586 0.132407
0 0 0.711625 0.043481 0.041312 0.078537 0.125045
0 0 0.709924 0.044115 0.041815 0.081223 0.122923
0 0 0.753122 0.034804 0.031843 0.068939 0.111292
0 0 0.740796 0.037517 0.034619 0.073590 0.113477
0 0 0.681431 0.050590 0.048997 0.089007 0.129975
0 0 0.647880 0.058574 0.058079 0.098196 0.137271
0 0 0.718501 0.041186 0.039292 0.071003 0.130018
0 0 0.711085 0.042052 0.040658 0.068342 0.137863
0 0 0.630915 0.059943 0.061784 0.083367 0.163991
0 0 0.647297 0.056062 0.057102 0.080110 0.159428
0 0 0.752135 0.032107 0.030332 0.051990 0.133436
0 0 0.793267 0.024385 0.022115 0.043179 0.117054
0 0 0.762622 0.027669 0.026311 0.040616 0.142781
0 0 0.649654 0.046562 0.049440 0.049537 0.204806
0 0 0.437059 0.075011 0.088055 0.047750 0.352126
4 1 0.231882 0.103265 0.125884 0.044135 0.494834
4 1 0.147715 0.111734 0.138273 0.037652 0.564627
4 1 0.154074 0.107565 0.132482 0.036432 0.569447
4 1 0.266328 0.097376 0.117854 0.044571 0.473871
0 1 0.404865 0.093585 0.111637 0.063561 0.326354
0 2 0.456512 0.103020 0.121135 0.099549 0.219784
0 2 0.425213 0.114975 0.136243 0.114391 0.209178
0 2 0.331524 0.146315 0.183062 0.131925 0.207175
2 2 0.223533 0.187584 0.260737 0.142723 0.185423
2 2 0.099339 0.225416 0.477044 0.096708 0.101493
2 2 0.063522 0.218274 0.580518 0.067326 0.070360
2 2 0.040091 0.203154 0.661244 0.046006 0.049506
2 2 0.028626 0.194074 0.698252 0.034847 0.044201
2 2 0.022723 0.188231 0.718133 0.028804 0.042109
2 2 0.020651 0.184864 0.727803 0.026594 0.040088
2 2 0.017660 0.177195 0.747403 0.023281 0.034462
2 2 0.018410 0.176603 0.746676 0.024237 0.034074
2 2 0.019835 0.160029 0.757714 0.028722 0.033700
2 2 0.023592 0.151650 0.750014 0.036576 0.038167
2 2 0.034781 0.152806 0.714649 0.053297 0.044467
2 2 0.061754 0.168131 0.617991 0.085518 0.066606
2 2 0.044998 0.169374 0.658988 0.064154 0.062486
2 2 0.031130 0.177140 0.684560 0.044194 0.062975
2 2 0.027513 0.155717 0.711486 0.044780 0.060504
2 2 0.027262 0.123670 0.745239 0.053901 0.049928
2 2 0.030076 0.086396 0.761758 0.083569 0.038202
2 2 0.043900 0.065972 0.685171 0.169354 0.035603
2 2 0.058126 0.049639 0.551566 0.305063 0.035606
3 2 0.065747 0.035777 0.417383 0.449756 0.031338
3 3 0.066161 0.029012 0.356393 0.520192 0.028241
3 3 0.065577 0.026893 0.339931 0.540378 0.027222
3 3 0.065662 0.026940 0.345055 0.534370 0.027972
3 3 0.067858 0.028446 0.345991 0.528624 0.029081
3 3 0.073039 0.031115 0.332266 0.533403 0.030177
3 3 0.080744 0.037235 0.328171 0.521258 0.032592
3 3 0.086834 0.041561 0.317128 0.520757 0.033719
3 3 0.085751 0.042349 0.325504 0.512818 0.033578
3 3 0.079505 0.033515 0.292799 0.565651 0.028529
3 3 0.072925 0.022279 0.220496 0.662133 0.022166
3 3 0.069072 0.015851 0.159448 0.737831 0.017797
3 3 0.065722 0.011273 0.110169 0.798465 0.014371
3 3 0.060028 0.007088 0.065788 0.856541 0.010554
3 3 0.051323 0.005160 0.053272 0.882244 0.008000
3 3 0.047777 0.004519 0.049177 0.891431 0.007096
3 3 0.047301 0.004477 0.048192 0.893167 0.006863
3 3 0.058639 0.006768 0.060496 0.864478 0.009618
3 3 0.068990 0.009120 0.073360 0.835588 0.012941
3 3 0.076864 0.011651 0.088411 0.806949 0.016125
3 3 0.077299 0.012461 0.095865 0.797672 0.016703
3 3 0.083030 0.015887 0.116114 0.765507 0.019462
3 3 0.070907 0.012528 0.106572 0.794885 0.015108
3 3 0.066560 0.011154 0.101783 0.806728 0.013774
3 3 0.060965 0.008679 0.083966 0.834817 0.011572
3 3 0.059720 0.007345 0.068464 0.853974 0.010496
3 3 0.054810 0.005935 0.056361 0.874236 0.008657
3 3 0.053659 0.005733 0.054764 0.877567 0.008277
3 3 0.055267 0.006073 0.056467 0.873533 0.008660
3 3 0.058364 0.006740 0.059899 0.865538 0.009460
3 3 0.068915 0.009365 0.071177 0.838303 0.012240
3 3 0.080955 0.013172 0.082787 0.807789 0.015298
3 2 0.110409 0.024598 0.110502 0.730195 0.024296
3 2 0.122849 0.039206 0.172751 0.628770 0.036424
3 2 0.122661 0.049552 0.235995 0.546485 0.045307
3 2 0.099511 0.030902 0.208729 0.627491 0.033367
3 3 0.089548 0.021169 0.160743 0.702562 0.025979
3 3 0.069640 0.011712 0.110021 0.792732 0.015895
3 3 0.060001 0.007058 0.067167 0.854977 0.010797
3 3 0.054509 0.005786 0.056859 0.874028 0.008817
3 3 0.049972 0.004926 0.051546 0.885949 0.007606
3 3 0.048231 0.004601 0.049673 0.890293 0.007202
3 3 0.048969 0.004758 0.050258 0.888699 0.007316
3 3 0.046956 0.004472 0.047222 0.894721 0.006630
3 3 0.045641 0.004323 0.044931 0.898988 0.006117
3 3 0.041100 0.003650 0.039100 0.911215 0.004935
3 3 0.042621 0.003954 0.040183 0.908125 0.005116
3 3 0.045014 0.004377 0.042642 0.902381 0.005586
3 3 0.055677 0.006309 0.055583 0.874043 0.008388
3 3 0.063681 0.007801 0.067286 0.849878 0.011355
3 3 0.069433 0.009156 0.079806 0.827385 0.014220
3 3 0.067497 0.008740 0.079317 0.830656 0.013789
3 3 0.059591 0.007064 0.070247 0.852011 0.011088
3 3 0.053885 0.005604 0.056716 0.874980 0.008815
3 3 0.050037 0.005010 0.050891 0.886636 0.007425
3 3 0.046107 0.004378 0.045717 0.897507 0.006290
3 3 0.050751 0.005251 0.050664 0.886009 0.007325
3 3 0.056391 0.006287 0.057926 0.870388 0.009009
3 3 0.062007 0.007471 0.064821 0.854999 0.010702
3 3 0.066075 0.008526 0.068822 0.844898 0.011679
3 3 0.069089 0.009605 0.069913 0.839564 0.011829
3 3 0.070127 0.010031 0.070034 0.838007 0.011802
3 3 0.062459 0.008070 0.061336 0.858499 0.009636
3 3 0.059636 0.007366 0.058484 0.865536 0.008978
3 3 0.056222 0.006522 0.055361 0.873600 0.008295
3 3 0.051818 0.005493 0.051530 0.883663 0.007497
3 3 0.047494 0.004618 0.047308 0.893957 0.006623
3 3 0.045617 0.004276 0.045344 0.898540 0.006222
3 3 0.045259 0.004241 0.044675 0.899752 0.006073
3 3 0.040948 0.003529 0.039967 0.910411 0.005145
3 3 0.037973 0.003087 0.036620 0.917806 0.004514
3 3 0.037410 0.003033 0.035686 0.919541 0.004330
3 3 0.041444 0.003700 0.039532 0.910304 0.005020
3 3 0.046180 0.004546 0.044268 0.899080 0.005925
3 3 0.048145 0.004949 0.046009 0.894638 0.006259
3 3 0.048898 0.005080 0.046931 0.892638 0.006453
3 3 0.049297 0.005096 0.047912 0.891012 0.006683
3 3 0.052857 0.005710 0.052587 0.881122 0.007724
3 3 0.056048 0.006347 0.056348 0.872676 0.008581
3 3 0.058925 0.006959 0.059708 0.865038 0.009370
3 3 0.057685 0.006739 0.057847 0.868819 0.008909
3 3 0.052442 0.005693 0.051527 0.882876 0.007462
3 3 0.047517 0.004804 0.045580 0.895915 0.006184
3 3 0.043184 0.004033 0.040939 0.906576 0.005268
3 3 0.037990 0.003155 0.035898 0.918606 0.004351
3 3 0.034484 0.002637 0.032351 0.926792 0.003736
3 3 0.033701 0.002539 0.031418 0.928769 0.003573
3 3 0.034115 0.002609 0.031693 0.927970 0.003613
3 3 0.034120 0.002589 0.031941 0.927685 0.003665
3 3 0.035210 0.002699 0.033575 0.924550 0.003966
3 3 0.036124 0.002777 0.035142 0.921689 0.004268
3 3 0.040348 0.003364 0.040129 0.910946 0.005214
3 3 0.043041 0.003807 0.042893 0.904513 0.005746
3 3 0.044652 0.004133 0.044046 0.901221 0.005948
3 3 0.044274 0.004137 0.042935 0.902960 0.005693
3 3 0.044250 0.004162 0.042612 0.903360 0.005616
3 3 0.047136 0.004644 0.046020 0.895886 0.006313
3 3 0.046124 0.004418 0.045359 0.897900 0.006199
3 3 0.061114 0.007300 0.063506 0.857720 0.010360
3 3 0.081338 0.012717 0.098429 0.788489 0.019028
3 3 0.133441 0.048202 0.235609 0.525803 0.056945
3 3 0.109487 0.033144 0.184888 0.638293 0.034189
3 3 0.081322 0.013096 0.084482 0.805239 0.015861
3 3 0.081266 0.013105 0.084233 0.805618 0.015778
3 3 0.049754 0.005164 0.048584 0.889666 0.006832
3 3 0.042636 0.003833 0.041454 0.906660 0.005417
3 3 0.040243 0.003396 0.039461 0.911839 0.005061
3 3 0.039525 0.003259 0.038986 0.913244 0.004984
3 3 0.039234 0.003241 0.038378 0.914291 0.004857
3 3 0.037280 0.003005 0.035643 0.919746 0.004327
3 3 0.034642 0.002691 0.032141 0.926841 0.003685
3 3 0.031972 0.002347 0.029165 0.933331 0.003184
3 3 0.032660 0.002431 0.029959 0.931634 0.003316
3 3 0.034084 0.002588 0.031865 0.927813 0.003650
3 3 0.041104 0.003570 0.039959 0.910231 0.005136
3 3 0.051592 0.005288 0.052815 0.882447 0.007858
3 3 0.065332 0.008119 0.069856 0.844636 0.012057
3 3 0.071140 0.009693 0.078408 0.826703 0.014057
3 3 0.075819 0.011725 0.087904 0.809118 0.015433
3 3 0.075649 0.011264 0.078646 0.820198 0.014243
3 3 0.081383 0.013163 0.084237 0.805446 0.015771
3 3 0.091567 0.020616 0.130376 0.735294 0.022147
3 3 0.092528 0.045591 0.316712 0.508492 0.036677
2 2 0.068261 0.081119 0.573014 0.230759 0.046846
2 2 0.035774 0.132661 0.692367 0.069069 0.070128
2 2 0.020957 0.207995 0.651857 0.027496 0.091695
2 2 0.016958 0.209980 0.624485 0.023228 0.125349
2 2 0.016748 0.211607 0.606813 0.023024 0.141808
2 2 0.018685 0.214390 0.594963 0.025189 0.146774
2 2 0.020048 0.216162 0.586427 0.026688 0.150676
2 2 0.021217 0.217595 0.578517 0.027958 0.154713
2 2 0.022145 0.218733 0.570681 0.028957 0.159485
2 2 0.022227 0.218674 0.572879 0.029043 0.157178
2 2 0.022624 0.219447 0.562992 0.029472 0.165466
2 2 0.022417 0.218498 0.577972 0.029240 0.151872
2 2 0.022365 0.219069 0.567191 0.029194 0.162180
2 2 0.021483 0.218730 0.558258 0.028255 0.173274
2 2 0.021609 0.219145 0.533573 0.028385 0.197288
2 2 0.021851 0.219341 0.530478 0.028642 0.199688
2 2 0.022899 0.220096 0.519566 0.029750 0.207689
2 2 0.024827 0.221075 0.499872 0.031754 0.222473
2 2 0.025697 0.219478 0.463985 0.032572 0.258269
2 2 0.026357 0.215671 0.424110 0.033100 0.300762
4 2 0.027204 0.206470 0.364296 0.033617 0.368414
4 2 0.027242 0.203371 0.349220 0.033544 0.386622
4 2 0.026669 0.205124 0.359937 0.033042 0.375226
2 2 0.025261 0.211124 0.399778 0.031844 0.331993
2 2 0.023581 0.218534 0.475118 0.030389 0.252379
2 2 0.021022 0.217779 0.572521 0.027754 0.160925
2 2 0.018987 0.210921 0.629214 0.025451 0.115428
2 2 0.016416 0.202591 0.667816 0.022494 0.090683
2 2 0.014389 0.194248 0.698349 0.020091 0.072923
2 2 0.013363 0.191640 0.705825 0.018889 0.070283
2 2 0.013307 0.191736 0.705339 0.018827 0.070792
2 2 0.013448 0.189895 0.712219 0.018954 0.065483
2 2 0.013387 0.186060 0.724595 0.018815 0.057143
2 2 0.013184 0.183680 0.731478 0.018543 0.053116
2 2 0.013051 0.183549 0.731723 0.018391 0.053286
2 2 0.012500 0.183491 0.731252 0.017766 0.054991
2 2 0.013502 0.187169 0.721291 0.018966 0.059072
2 2 0.013353 0.187116 0.721252 0.018796 0.059483
2 2 0.013505 0.189008 0.715327 0.019002 0.063157
2 2 0.013054 0.187249 0.720374 0.018461 0.060862
2 2 0.012462 0.185357 0.725461 0.017754 0.058966
2 2 0.012383 0.186664 0.721097 0.017687 0.062169
2 2 0.012862 0.188573 0.715624 0.018266 0.064675
2 2 0.013086 0.189020 0.714538 0.018529 0.064827
2 2 0.013112 0.189183 0.714029 0.018561 0.065114
2 2 0.012756 0.186985 0.720729 0.018117 0.061412
2 2 0.012715 0.185306 0.726017 0.018042 0.057920
2 2 0.013847 0.186827 0.722778 0.019346 0.057202
2 2 0.014482 0.187142 0.722443 0.020060 0.055872
2 2 0.015530 0.181634 0.724840 0.022118 0.055878
2 2 0.016925 0.166486 0.736976 0.026065 0.053549
2 2 0.018834 0.161634 0.734725 0.029850 0.054957
2 2 0.019167 0.162631 0.728956 0.030523 0.058722
2 2 0.019201 0.172122 0.710350 0.029639 0.068688
2 2 0.018198 0.172634 0.713973 0.027998 0.067197
2 2 0.017432 0.184293 0.705336 0.025142 0.067796
2 2 0.016789 0.184828 0.712368 0.023829 0.062186
2 2 0.016524 0.182032 0.713013 0.024011 0.064420
2 2 0.015770 0.176310 0.721794 0.023637 0.062489
2 2 0.015580 0.176384 0.723754 0.023259 0.061023
2 2 0.015589 0.173237 0.733551 0.023216 0.054406
2 2 0.016254 0.181153 0.717655 0.023557 0.061380
2 2 0.016118 0.176854 0.725472 0.023712 0.057844
2 2 0.017761 0.170917 0.722085 0.027262 0.061975
2 2 0.022786 0.182545 0.704701 0.031729 0.058239
2 2 0.038378 0.214630 0.625964 0.044862 0.076166
2 1 0.031528 0.211162 0.643533 0.038220 0.075557
2 2 0.022744 0.213456 0.625796 0.029475 0.108529
2 2 0.018961 0.206785 0.653940 0.025339 0.094975
2 2 0.018110 0.207316 0.648488 0.024433 0.101653
2 2 0.016582 0.207529 0.640446 0.022770 0.112673
2 2 0.019931 0.215887 0.588967 0.026558 0.148657
2 2 0.021643 0.218480 0.568138 0.028423 0.163316
2 2 0.022416 0.219173 0.565764 0.029249 0.163398
2 2 0.025300 0.214582 0.582347 0.033225 0.144545
2 2 0.027333 0.195729 0.631320 0.038291 0.107327
2 2 0.033185 0.180865 0.642845 0.048788 0.094317
2 2 0.040299 0.156193 0.665999 0.064804 0.072705
2 2 0.044818 0.125327 0.673709 0.088466 0.067680
2 2 0.046847 0.106438 0.666348 0.118010 0.062356
2 2 0.054653 0.091442 0.628661 0.167617 0.057627
2 2 0.060665 0.090774 0.592898 0.190454 0.065209
2 2 0.068121 0.104837 0.583219 0.175893 0.067931
2 2 0.106388 0.151748 0.457985 0.167442 0.116437
2 1 0.133389 0.216848 0.370827 0.111116 0.167820
2 2 0.057428 0.231453 0.495986 0.062690 0.152443
2 2 0.034516 0.225815 0.550623 0.041550 0.147496
2 2 0.028062 0.223766 0.534402 0.035131 0.178640
2 2 0.025655 0.217049 0.602614 0.032738 0.121944
2 2 0.032335 0.141276 0.686904 0.059800 0.079684
2 2 0.034757 0.132174 0.701890 0.065907 0.065272
2 2 0.033934 0.133433 0.701662 0.064176 0.066795
2 2 0.029206 0.129403 0.725760 0.056596 0.059034
2 2 0.030317 0.122696 0.728498 0.061292 0.057197
2 2 0.029447 0.111514 0.751291 0.062633 0.045114
2 3 0.033433 0.098989 0.741657 0.079902 0.046019
2 3 0.035070 0.085549 0.741469 0.097440 0.040471
2 3 0.042228 0.075219 0.703140 0.139344 0.040068
2 3 0.044911 0.077000 0.692324 0.146932 0.038832
2 3 0.059193 0.092558 0.632122 0.168316 0.047810
2 1 0.078781 0.139241 0.570251 0.142224 0.069503
2 2 0.065948 0.179112 0.590314 0.086687 0.077939
2 2 0.046391 0.197827 0.593946 0.060178 0.101658
2 2 0.042129 0.182970 0.594532 0.061166 0.119202
2 2 0.048550 0.147547 0.618367 0.084335 0.101202
2 2 0.039710 0.101210 0.695329 0.101291 0.062460
2 2 0.046185 0.084624 0.665718 0.147025 0.056448
2 2 0.057020 0.073163 0.619030 0.206192 0.044595
2 2 0.071372 0.066528 0.531450 0.285541 0.045108
2 2 0.081484 0.069372 0.494879 0.303219 0.051045
2 2 0.096925 0.062117 0.404811 0.383237 0.052910
3 2 0.114636 0.069924 0.361025 0.393902 0.060514
3 2 0.154547 0.074308 0.253568 0.446954 0.070623
3 1 0.184503 0.096333 0.242759 0.387169 0.089235
2 2 0.159756 0.149007 0.336971 0.238248 0.116018
2 2 0.123488 0.177484 0.400204 0.148416 0.150408
2 2 0.114030 0.181890 0.432630 0.135126 0.136324
2 2 0.103348 0.160208 0.478538 0.141926 0.115980
2 2 0.047331 0.117043 0.690191 0.096642 0.048793
2 2 0.041751 0.118567 0.711702 0.082271 0.045709
2 2 0.042010 0.127843 0.707321 0.075851 0.046975
2 1 0.052220 0.157258 0.655393 0.077523 0.057606
2 2 0.042277 0.157342 0.678073 0.064564 0.057743
2 2 0.037274 0.149400 0.686824 0.062016 0.064486
2 2 0.041663 0.113902 0.694414 0.090400 0.059622
2 2 0.061911 0.102449 0.630485 0.150220 0.054935
2 2 0.102668 0.117470 0.482352 0.223272 0.074239
0 1 0.310719 0.096862 0.183716 0.281128 0.127575
0 2 0.453456 0.092795 0.123667 0.181374 0.148708
0 1 0.515206 0.092671 0.100919 0.123305 0.167900
0 1 0.462224 0.105660 0.121101 0.117572 0.193443
0 1 0.425641 0.113863 0.135533 0.110143 0.214820
0 2 0.319481 0.147030 0.188462 0.118470 0.226557
0 2 0.249460 0.167158 0.217884 0.118515 0.246983
4 2 0.199103 0.179372 0.235706 0.110929 0.274889
0 1 0.281122 0.162663 0.212146 0.130661 0.213407
0 2 0.304380 0.152875 0.197498 0.122235 0.223012
0 2 0.453621 0.103836 0.122332 0.099855 0.220355
0 1 0.473657 0.100608 0.115631 0.107206 0.202898
0 2 0.335788 0.145056 0.180782 0.132418 0.205957
0 1 0.263179 0.171997 0.226995 0.142774 0.195055
2 1 0.171434 0.209271 0.327110 0.137636 0.154549
2 1 0.159421 0.214113 0.341258 0.137990 0.147217
2 1 0.081098 0.231270 0.450389 0.082554 0.154689
2 2 0.067213 0.232055 0.464556 0.071095 0.165081
2 2 0.046515 0.229601 0.523865 0.052903 0.147117
2 2 0.041454 0.224292 0.575075 0.048075 0.111104
2 2 0.040006 0.220080 0.600488 0.046580 0.092845
2 2 0.045116 0.219875 0.597977 0.051276 0.085755
2 2 0.046305 0.222221 0.585382 0.052449 0.093643
2 2 0.063860 0.228634 0.525627 0.068137 0.113741
2 2 0.091173 0.228757 0.467604 0.090520 0.121947
2 2 0.122642 0.223610 0.419511 0.114161 0.120077
2 2 0.110688 0.225022 0.448238 0.105357 0.110694
2 2 0.105911 0.225309 0.460170 0.101752 0.106857
2 2 0.094598 0.225268 0.489566 0.093007 0.097561
2 2 0.109938 0.225078 0.450095 0.104794 0.110095
2 2 0.176277 0.141189 0.336447 0.190876 0.155211
2 2 0.130602 0.202762 0.410022 0.131843 0.124772
2 2 0.144784 0.218771 0.370096 0.129684 0.136665
2 2 0.083062 0.231077 0.435958 0.084110 0.165794
2 2 0.085150 0.226499 0.502270 0.085602 0.100479
2 2 0.087990 0.224715 0.507545 0.087759 0.091991
2 2 0.106199 0.226202 0.459744 0.107790 0.100065
2 2 0.195190 0.201150 0.332456 0.132659 0.138545
0 2 0.305496 0.161485 0.216224 0.147891 0.168905
0 1 0.415840 0.120956 0.141468 0.132729 0.189007
0 1 0.418771 0.119117 0.139977 0.126359 0.195776
0 2 0.452965 0.107839 0.124745 0.116067 0.198384
0 2 0.527941 0.086677 0.095517 0.104502 0.185365
0 0 0.610061 0.063313 0.066926 0.079679 0.180022
0 1 0.509344 0.089072 0.100822 0.095437 0.205324
0 2 0.373816 0.128532 0.159199 0.110957 0.227496
0 2 0.280689 0.162847 0.212424 0.130820 0.213220
2 2 0.202444 0.189145 0.251848 0.133889 0.222673
2 2 0.122406 0.224137 0.382434 0.113926 0.157096
2 2 0.147389 0.212654 0.330314 0.117341 0.192301
2 1 0.175070 0.193111 0.261344 0.117134 0.253340
2 2 0.100998 0.218121 0.331550 0.092102 0.257229
2 2 0.080492 0.225215 0.364460 0.081470 0.248363
2 2 0.105619 0.214744 0.332121 0.088370 0.259147
0 0 0.326157 0.130958 0.164852 0.090724 0.287310
0 0 0.410580 0.107955 0.133322 0.082780 0.265363
0 1 0.308772 0.143264 0.182741 0.104181 0.261042
0 2 0.358252 0.131444 0.165797 0.105635 0.238871
0 2 0.563028 0.070742 0.078697 0.073091 0.214443
0 0 0.684136 0.044216 0.044773 0.058168 0.168706
0 1 0.584383 0.070588 0.075541 0.088257 0.181231
0 2 0.516050 0.090890 0.100269 0.111971 0.180820
0 2 0.461260 0.107241 0.121860 0.125744 0.183895
0 1 0.340687 0.143437 0.178150 0.132033 0.205693
2 2 0.122443 0.223478 0.368748 0.113847 0.171483
2 2 0.057785 0.230039 0.519120 0.062959 0.130096
2 2 0.030852 0.208873 0.652441 0.037490 0.070344
2 2 0.022961 0.191422 0.709952 0.029134 0.046531
2 2 0.019166 0.162639 0.754689 0.027701 0.035804
2 2 0.019037 0.194485 0.702382 0.025146 0.058949
2 2 0.022402 0.215988 0.605857 0.029175 0.126578
2 2 0.028524 0.220804 0.454283 0.035444 0.260946
4 2 0.034001 0.196237 0.299188 0.039726 0.430848
4 4 0.031047 0.174453 0.236195 0.036038 0.522266
4 4 0.024013 0.158216 0.213416 0.027462 0.576893
4 4 0.020244 0.135387 0.180520 0.020102 0.643747
4 4 0.018958 0.125901 0.166970 0.017578 0.670592
4 4 0.019311 0.120732 0.159349 0.016668 0.683941
4 4 0.019418 0.122126 0.161346 0.016985 0.680125
4 4 0.020477 0.125793 0.166407 0.018120 0.669203
4 4 0.018431 0.112250 0.147312 0.014742 0.707265
4 4 0.018882 0.114263 0.150099 0.015266 0.701489
4 4 0.019212 0.126145 0.167255 0.017724 0.669665
4 4 0.020694 0.142988 0.191624 0.022031 0.622664
4 4 0.023646 0.162815 0.220444 0.028580 0.564514
4 4 0.028971 0.171529 0.232237 0.033980 0.533282
4 4 0.028260 0.170471 0.230806 0.033269 0.537195
4 4 0.028522 0.170864 0.231338 0.033531 0.535746
4 4 0.029108 0.171728 0.232507 0.034116 0.532542
4 4 0.031865 0.175543 0.237671 0.036842 0.518079
4 4 0.029521 0.172326 0.233316 0.034527 0.530310
4 4 0.027881 0.176502 0.249083 0.033155 0.513378
4 4 0.025877 0.186529 0.286957 0.031606 0.469030
4 4 0.025462 0.174324 0.248673 0.030757 0.520784
4 4 0.024212 0.158940 0.214450 0.027761 0.574637
4 4 0.020013 0.124373 0.164459 0.017656 0.673498
4 4 0.016668 0.104105 0.136069 0.012738 0.730420
4 4 0.014641 0.086535 0.111635 0.009403 0.777787
4 4 0.017997 0.091833 0.118335 0.011070 0.760765
4 4 0.018693 0.083276 0.106223 0.009862 0.781946
4 4 0.016904 0.071566 0.090344 0.007760 0.813426
4 4 0.016321 0.066257 0.083170 0.006925 0.827327
4 4 0.017249 0.066812 0.083780 0.007157 0.825002
4 4 0.018708 0.080993 0.103048 0.009509 0.787742
4 4 0.018619 0.089649 0.115140 0.010866 0.765726
4 4 0.019858 0.100030 0.129526 0.012945 0.737641
4 4 0.022790 0.095932 0.123195 0.012934 0.745150
4 4 0.021258 0.096600 0.124407 0.012690 0.745045
4 4 0.015903 0.077922 0.099311 0.008462 0.798402
4 4 0.012820 0.065958 0.083409 0.006248 0.831564
4 4 0.017225 0.079304 0.100974 0.008943 0.793554
4 4 0.019553 0.086725 0.110874 0.010602 0.772246
4 4 0.017938 0.075937 0.096187 0.008588 0.801350
4 4 0.017999 0.073575 0.092922 0.008252 0.807252
4 4 0.018751 0.078094 0.099027 0.009071 0.795056
4 4 0.012842 0.059290 0.074281 0.005455 0.848132
4 4 0.010652 0.055592 0.069683 0.004666 0.859408
4 4 0.012467 0.066743 0.084565 0.006274 0.829951
4 4 0.019703 0.099984 0.129494 0.012896 0.737923
4 4 0.022377 0.097702 0.125756 0.013161 0.741003
4 4 0.024311 0.100516 0.129388 0.014159 0.731626
4 4 0.020631 0.090467 0.115909 0.011469 0.761525
4 4 0.018177 0.085869 0.109935 0.010157 0.775862
4 4 0.017504 0.076066 0.096440 0.008522 0.801468
4 4 0.022526 0.088823 0.113296 0.011598 0.763757
4 4 0.022227 0.085078 0.108137 0.010889 0.773670
4 4 0.022489 0.083804 0.106332 0.010723 0.776653
4 4 0.026051 0.080642 0.101493 0.010823 0.780992
4 1 0.039861 0.123237 0.159393 0.023260 0.654249
4 2 0.032833 0.156682 0.209126 0.030886 0.570473
4 2 0.033678 0.189632 0.277003 0.039138 0.460549
2 2 0.024781 0.220850 0.495671 0.031698 0.227000
2 2 0.015789 0.203503 0.660944 0.021819 0.097946
2 2 0.015487 0.201382 0.670713 0.021445 0.090973
2 2 0.016483 0.205506 0.652610 0.022623 0.102778
2 2 0.017348 0.208174 0.640099 0.023622 0.110756
2 2 0.018771 0.210597 0.630481 0.025212 0.114939
2 2 0.030667 0.224517 0.550130 0.037755 0.156932
2 1 0.050172 0.230940 0.474357 0.056213 0.188318
2 2 0.034615 0.227045 0.506122 0.041652 0.190565
2 2 0.024198 0.220964 0.551867 0.031137 0.171834
2 2 0.022551 0.216522 0.601828 0.029341 0.129758
2 2 0.020633 0.199980 0.684795 0.026955 0.067637
2 2 0.016882 0.182272 0.721022 0.023846 0.055978
2 2 0.014187 0.175991 0.743271 0.020249 0.046302
2 2 0.013045 0.176948 0.749440 0.018263 0.042304
2 2 0.011686 0.169761 0.766208 0.016595 0.035750
2 2 0.011549 0.173382 0.757669 0.016503 0.040897
2 2 0.012454 0.177747 0.747169 0.017611 0.045019
2 2 0.013191 0.181214 0.738416 0.018505 0.048673
2 2 0.013247 0.179944 0.741855 0.018545 0.046409
2 2 0.014182 0.182243 0.736159 0.019631 0.047786
2 2 0.015896 0.185926 0.726681 0.021588 0.049910
2 2 0.014852 0.186184 0.725533 0.020450 0.052980
2 2 0.013777 0.188153 0.718534 0.019292 0.060244
2 2 0.014242 0.190217 0.712437 0.019851 0.063253
2 2 0.015236 0.193131 0.703930 0.021011 0.066693
2 2 0.015358 0.192753 0.705403 0.021138 0.065347
2 2 0.015108 0.192272 0.706715 0.020852 0.065053
2 2 0.015702 0.192347 0.707184 0.021509 0.063258
2 2 0.017578 0.181822 0.707481 0.025681 0.067438
2 2 0.018923 0.167846 0.716172 0.029900 0.067159
2 2 0.020358 0.155518 0.721217 0.034714 0.068193
2 2 0.020900 0.137361 0.742935 0.039351 0.059452
2 2 0.021810 0.131928 0.744123 0.042616 0.059523
2 2 0.021939 0.131025 0.742889 0.043311 0.060836
2 2 0.024107 0.132541 0.726613 0.047731 0.069008
2 2 0.025015 0.127258 0.730518 0.051019 0.066190
2 2 0.029912 0.120808 0.710232 0.066182 0.072866
2 2 0.035076 0.103009 0.705548 0.093059 0.063309
2 2 0.046353 0.085914 0.653631 0.153321 0.060781
2 2 0.054105 0.073081 0.616109 0.205812 0.050892
2 2 0.061347 0.063413 0.558942 0.266564 0.049733
2 2 0.065111 0.053968 0.521351 0.316605 0.042964
2 3 0.073745 0.047046 0.449320 0.387025 0.042864
3 3 0.077413 0.042677 0.410874 0.429025 0.040011
3 3 0.080324 0.040902 0.382518 0.456852 0.039404
3 3 0.084074 0.036689 0.333298 0.508257 0.037682
3 3 0.088609 0.034813 0.296497 0.542941 0.037140
3 3 0.092937 0.033949 0.267669 0.568834 0.036611
3 3 0.094335 0.030262 0.231283 0.610020 0.034100
3 3 0.088965 0.021467 0.172521 0.689587 0.027459
3 3 0.078491 0.015190 0.138480 0.746409 0.021431
3 3 0.077781 0.015026 0.138809 0.747155 0.021229
3 3 0.087015 0.021924 0.181686 0.682212 0.027163
3 3 0.092027 0.036133 0.276531 0.559811 0.035498
3 3 0.086906 0.050975 0.384394 0.436995 0.040730
3 3 0.083929 0.038838 0.327946 0.514607 0.034680
3 3 0.080558 0.028415 0.261226 0.601043 0.028757
3 3 0.076051 0.018776 0.179891 0.703093 0.022190
3 3 0.073149 0.014899 0.142844 0.750050 0.019059
3 3 0.066641 0.010707 0.107141 0.800404 0.015107
3 3 0.062448 0.008744 0.091310 0.824279 0.013219
3 3 0.060208 0.007420 0.078557 0.841699 0.012116
3 3 0.057049 0.006334 0.068250 0.857619 0.010749
3 3 0.056037 0.005824 0.061353 0.866744 0.010042
3 3 0.059298 0.006527 0.064880 0.858395 0.010901
3 3 0.064545 0.008078 0.075202 0.839525 0.012651
3 3 0.067769 0.009609 0.088678 0.819659 0.014285
3 3 0.069834 0.011631 0.110179 0.792231 0.016124
3 3 0.070525 0.012058 0.118462 0.781710 0.017245
3 3 0.068444 0.012135 0.127346 0.774822 0.017253
3 3 0.064586 0.010155 0.113341 0.796315 0.015604
3 3 0.061919 0.009065 0.104214 0.810454 0.014347
3 3 0.062166 0.008255 0.090228 0.825741 0.013610
3 3 0.065604 0.008740 0.086760 0.824794 0.014101
3 3 0.076347 0.011288 0.094094 0.800879 0.017392
3 3 0.082625 0.013555 0.102097 0.782349 0.019374
3 3 0.097204 0.024952 0.168488 0.680301 0.029055
3 3 0.102094 0.037082 0.242039 0.574123 0.044662
3 3 0.124322 0.036989 0.204322 0.584879 0.049487
3 3 0.092089 0.019836 0.142949 0.719360 0.025766
3 3 0.059091 0.006704 0.062501 0.861519 0.010186
3 3 0.059756 0.006812 0.063612 0.859340 0.010480
3 3 0.039900 0.003252 0.040151 0.911454 0.005242
3 3 0.045942 0.004183 0.047304 0.895863 0.006707
3 3 0.060375 0.006887 0.064901 0.857003 0.010834
3 3 0.080132 0.013384 0.106461 0.781002 0.019022
3 3 0.093787 0.021736 0.154782 0.702488 0.027206
3 3 0.096471 0.024485 0.174974 0.673712 0.030359
3 3 0.091360 0.023692 0.182301 0.673939 0.028708
3 3 0.083514 0.019961 0.171450 0.700169 0.024907
3 3 0.082423 0.022293 0.194869 0.674883 0.025532
3 3 0.079036 0.020514 0.182296 0.695284 0.022870
3 3 0.080350 0.019326 0.160976 0.717677 0.021671
3 3 0.076473 0.014058 0.116107 0.775529 0.017833
3 3 0.067643 0.009650 0.084893 0.824251 0.013563
3 3 0.056769 0.006184 0.060072 0.867365 0.009610
3 3 0.054727 0.005853 0.058222 0.872191 0.009007
3 3 0.060365 0.007876 0.075563 0.845072 0.011124
3 3 0.066913 0.011128 0.103759 0.803944 0.014255
3 3 0.076532 0.016019 0.139177 0.748936 0.019337
3 3 0.087072 0.021214 0.161418 0.705972 0.024324
3 3 0.096756 0.024530 0.162847 0.687867 0.027999
3 3 0.096006 0.027235 0.187383 0.659694 0.029682
3 3 0.092810 0.031752 0.236820 0.606227 0.032392
3 3 0.090074 0.045766 0.346447 0.477698 0.040015
2 3 0.077381 0.075984 0.520881 0.276993 0.048760
2 3 0.052134 0.102867 0.644021 0.144428 0.056550
2 3 0.039327 0.110926 0.697488 0.096335 0.055925
2 3 0.031007 0.108044 0.742534 0.071287 0.047128
2 3 0.027717 0.104070 0.761815 0.062901 0.043497
2 3 0.028718 0.098441 0.764000 0.067714 0.041127
2 3 0.028160 0.103448 0.760306 0.064261 0.043825
2 3 0.023816 0.123640 0.756690 0.047395 0.048460
2 3 0.019422 0.150220 0.741276 0.033211 0.055871
2 3 0.016137 0.173514 0.726130 0.024371 0.059849
2 2 0.015175 0.180233 0.723133 0.022068 0.059389
2 2 0.015978 0.181537 0.717974 0.023129 0.061381
2 2 0.018952 0.185129 0.702925 0.026935 0.066059
2 2 0.021350 0.180522 0.697628 0.031167 0.069333
2 2 0.019655 0.173276 0.706370 0.030214 0.070485
2 2 0.019087 0.164456 0.711744 0.031262 0.073452
2 2 0.019439 0.159739 0.717054 0.032593 0.071175
2 2 0.020228 0.171685 0.699552 0.031782 0.076754
2 2 0.019625 0.187855 0.689681 0.027985 0.074854
2 2 0.019627 0.178002 0.709788 0.028827 0.063756
2 2 0.019944 0.166511 0.731235 0.030227 0.052082
2 2 0.021095 0.160830 0.738052 0.032442 0.047582
2 2 0.018334 0.161602 0.740174 0.028723 0.051167
2 2 0.018287 0.155954 0.736084 0.030539 0.059135
2 2 0.019850 0.137487 0.748526 0.037188 0.056949
2 2 0.024515 0.145553 0.724063 0.043390 0.062478
2 2 0.028592 0.156787 0.697684 0.047196 0.069742
2 2 0.035352 0.171414 0.669975 0.052303 0.070956
2 2 0.067787 0.220452 0.565073 0.071037 0.075652
2 0 0.161085 0.211660 0.357003 0.123541 0.146712
2 1 0.071714 0.226347 0.529191 0.074634 0.098114
2 2 0.029970 0.217834 0.611378 0.036896 0.103922
2 2 0.021578 0.211691 0.633564 0.028218 0.104950
2 2 0.019988 0.208538 0.647324 0.026471 0.097680
2 2 0.016749 0.200977 0.676143 0.022827 0.083304
2 2 0.016834 0.188140 0.706562 0.023618 0.064846
2 2 0.018618 0.166451 0.730232 0.028743 0.055956
2 2 0.018771 0.156684 0.744663 0.030146 0.049736
2 2 0.017648 0.162308 0.741983 0.027526 0.050536
2 2 0.014767 0.182675 0.727300 0.020860 0.054397
2 2 0.013556 0.188836 0.715983 0.019056 0.062569
2 2 0.012201 0.185186 0.725555 0.017453 0.059605
2 2 0.012752 0.189425 0.712430 0.018155 0.067238
2 2 0.012927 0.189876 0.711222 0.018363 0.067613
2 2 0.013669 0.194145 0.697002 0.019279 0.075904
2 2 0.014031 0.195476 0.692614 0.019711 0.078168
2 2 0.015075 0.200667 0.672765 0.020974 0.090519
2 2 0.016740 0.207206 0.643404 0.022937 0.109713
2 2 0.019250 0.214334 0.601286 0.025799 0.139331
2 2 0.020955 0.217820 0.570585 0.027682 0.162958
2 2 0.021919 0.219367 0.545579 0.028723 0.184412
2 2 0.022938 0.219982 0.513525 0.029785 0.213770
2 2 0.024515 0.219138 0.472119 0.031363 0.252865
2 2 0.024939 0.214855 0.427446 0.031645 0.301116
2 2 0.023589 0.209471 0.399525 0.030100 0.337314
2 2 0.024733 0.209296 0.391727 0.031252 0.342992
4 2 0.045344 0.207398 0.318100 0.050585 0.378573
4 1 0.080636 0.196337 0.263518 0.071177 0.388332
4 2 0.044154 0.211961 0.339835 0.049757 0.354293
4 2 0.026803 0.206338 0.365378 0.033217 0.368264
2 2 0.022576 0.215842 0.455623 0.029265 0.276693
2 2 0.021873 0.219316 0.526575 0.028662 0.203574
2 2 0.021926 0.219418 0.531915 0.028724 0.198017
2 2 0.023673 0.220507 0.510146 0.030558 0.215117
2 2 0.025184 0.220884 0.489973 0.032107 0.231852
2 2 0.025505 0.221237 0.491809 0.032445 0.229004
2 2 0.024642 0.220558 0.492137 0.031545 0.231117
2 2 0.023739 0.220732 0.516489 0.030635 0.208404
2 2 0.022759 0.220086 0.542977 0.029617 0.184561
2 2 0.021772 0.218558 0.568605 0.028561 0.162505
2 2 0.020672 0.216769 0.584771 0.027364 0.150423
2 2 0.019843 0.214615 0.603171 0.026441 0.135931
2 2 0.019055 0.212661 0.616039 0.025558 0.126686
2 2 0.023155 0.219621 0.567353 0.030031 0.159840
2 2 0.024271 0.219424 0.581212 0.031188 0.143904
2 2 0.031094 0.224268 0.557383 0.038173 0.149082
2 2 0.057493 0.230165 0.517831 0.062709 0.131802
0 2 0.354753 0.135269 0.169272 0.115108 0.225598
0 1 0.399495 0.120900 0.146984 0.109655 0.222966
4 2 0.211095 0.177396 0.234520 0.113287 0.263702
2 2 0.088020 0.229423 0.402409 0.087915 0.192233
2 2 0.061529 0.231220 0.440724 0.066157 0.200370
2 2 0.031927 0.225629 0.535254 0.039018 0.168172
2 2 0.015345 0.192067 0.707712 0.021110 0.063767
2 2 0.015535 0.189845 0.715060 0.021275 0.058286
2 2 0.015791 0.190265 0.713954 0.021564 0.058427
2 2 0.014199 0.189751 0.713920 0.019795 0.062334
2 2 0.013313 0.189974 0.711688 0.018803 0.066223
2 2 0.012783 0.188819 0.714617 0.018181 0.065600
2 2 0.012631 0.187831 0.717686 0.017990 0.063863
2 2 0.011908 0.185054 0.725429 0.017114 0.060496
2 2 0.011270 0.181325 0.735881 0.016316 0.055208
2 2 0.011761 0.183989 0.728550 0.016927 0.058774
2 2 0.011930 0.182842 0.732388 0.017102 0.055739
2 2 0.012904 0.183238 0.732477 0.018219 0.053162
2 2 0.019113 0.193799 0.704508 0.025210 0.057370
2 1 0.045619 0.221494 0.589695 0.051797 0.091394
2 2 0.036979 0.221277 0.594353 0.043776 0.103614
2 2 0.027052 0.217948 0.606116 0.033990 0.114895
2 2 0.020928 0.211750 0.631274 0.027536 0.108512
2 2 0.018698 0.204011 0.666733 0.024998 0.085561
2 2 0.012891 0.183391 0.732016 0.018208 0.053494
2 2 0.012308 0.179594 0.742160 0.017478 0.048461
2 2 0.011596 0.172426 0.760000 0.016540 0.039438
2 2 0.011703 0.171300 0.762686 0.016642 0.037670
2 2 0.011635 0.171361 0.762528 0.016566 0.037911
2 2 0.011584 0.172309 0.760274 0.016524 0.039309
2 2 0.011645 0.174356 0.755317 0.016630 0.042051
2 2 0.013295 0.184184 0.730117 0.018678 0.053726
2 2 0.015569 0.192093 0.707883 0.021357 0.063098
2 2 0.019498 0.196778 0.695194 0.025686 0.062844
2 2 0.040170 0.212911 0.630912 0.046465 0.069541
2 1 0.182969 0.201659 0.351787 0.111091 0.152494
0 2 0.416005 0.120141 0.141269 0.127774 0.194811
0 1 0.430434 0.114793 0.134536 0.120457 0.199781
0 2 0.248957 0.173549 0.233696 0.128229 0.215570
2 2 0.097656 0.229188 0.427027 0.095582 0.150547
2 2 0.039206 0.224915 0.569622 0.045996 0.120261
2 2 0.021386 0.197588 0.692920 0.027680 0.060426
2 2 0.013247 0.167515 0.770671 0.018304 0.030263
2 2 0.013289 0.167729 0.770209 0.018354 0.030418
2 2 0.013088 0.162094 0.776819 0.018606 0.029393
2 2 0.013683 0.164676 0.773760 0.019019 0.028862
2 2 0.015130 0.169012 0.766408 0.020393 0.029057
2 2 0.015773 0.171166 0.761549 0.021132 0.030381
2 2 0.019694 0.180867 0.737723 0.025501 0.036215
2 2 0.020175 0.176481 0.742911 0.026419 0.034013
2 2 0.016776 0.163281 0.765387 0.023614 0.030942
2 2 0.015550 0.151721 0.775448 0.024063 0.033218
2 2 0.016679 0.133218 0.788362 0.029188 0.032554
2 2 0.017594 0.122398 0.794846 0.033240 0.031922
2 2 0.017299 0.123622 0.795620 0.032246 0.031214
2 2 0.015830 0.125999 0.799320 0.028869 0.029983
2 2 0.014450 0.139466 0.791857 0.023976 0.030251
2 2 0.013690 0.148956 0.787132 0.021132 0.029090
2 2 0.013411 0.163628 0.771172 0.019268 0.032520
2 2 0.012579 0.166431 0.769966 0.017885 0.033141
2 2 0.012777 0.159323 0.775900 0.018978 0.033021
2 2 0.012721 0.151806 0.784777 0.019608 0.031088
2 2 0.013591 0.150366 0.782625 0.021239 0.032179
2 2 0.015153 0.152144 0.776210 0.023398 0.033095
2 2 0.021265 0.169348 0.741749 0.029636 0.038002
2 2 0.028083 0.171777 0.719007 0.038619 0.042515
2 2 0.040196 0.178807 0.680776 0.052398 0.047823
2 2 0.059947 0.197411 0.605607 0.070728 0.066308
2 1 0.079381 0.224787 0.524302 0.080845 0.090685
2 2 0.042241 0.220509 0.597107 0.048668 0.091475
2 2 0.026005 0.212744 0.635436 0.032798 0.093016
2 2 0.017745 0.206837 0.649920 0.024028 0.101469
2 2 0.014708 0.194270 0.698922 0.020446 0.071654
2 2 0.013680 0.167930 0.756282 0.020147 0.041960
2 2 0.014446 0.171594 0.747392 0.021078 0.045489
2 2 0.020888 0.157240 0.720876 0.034957 0.066039
