3 0 0.134425 0.228510 0.181615 0.313069 0.142381
3 0 0.103755 0.214376 0.177055 0.373617 0.131197
3 0 0.119584 0.223647 0.176101 0.340406 0.140263
1 0 0.240102 0.248659 0.147152 0.187760 0.176328
1 0 0.216045 0.246961 0.157121 0.210290 0.169584
3 0 0.182016 0.241287 0.164493 0.252480 0.159724
3 0 0.168004 0.236763 0.153883 0.283491 0.157859
3 0 0.108842 0.215942 0.167952 0.372783 0.134480
3 0 0.084181 0.201868 0.172865 0.419369 0.121717
3 0 0.091433 0.207580 0.172051 0.401830 0.127105
3 0 0.153718 0.232739 0.147527 0.309794 0.156221
1 0 0.220047 0.246575 0.141796 0.216797 0.174786
1 0 0.231302 0.248444 0.157755 0.190615 0.171884
0 0 0.262080 0.249267 0.152119 0.159696 0.176838
0 0 0.253766 0.249297 0.160679 0.162825 0.173432
1 0 0.243604 0.249097 0.167820 0.169176 0.170303
1 0 0.191242 0.243702 0.202243 0.209840 0.152973
1 0 0.173600 0.240118 0.203552 0.234298 0.148431
3 0 0.132715 0.228359 0.214732 0.289245 0.134950
3 0 0.114940 0.219698 0.196608 0.338086 0.130669
3 0 0.074927 0.198052 0.224115 0.393306 0.109599
3 0 0.085472 0.205986 0.225150 0.367790 0.115602
3 0 0.139896 0.230533 0.200867 0.289173 0.139530
1 0 0.228486 0.248369 0.165433 0.188492 0.169220
0 0 0.287503 0.248194 0.137298 0.143837 0.183169
0 0 0.305965 0.246633 0.129218 0.131838 0.186346
0 0 0.279207 0.248585 0.136925 0.152222 0.183060
0 0 0.268823 0.248906 0.138511 0.161805 0.181956
1 0 0.206526 0.245962 0.164566 0.217273 0.165673
3 0 0.170063 0.241115 0.181696 0.251423 0.155703
3 0 0.135717 0.232796 0.200996 0.286844 0.143646
3 0 0.142740 0.233114 0.182786 0.294096 0.147264
3 0 0.133186 0.229344 0.181029 0.312399 0.144042
3 0 0.132653 0.230320 0.179620 0.311393 0.146014
3 0 0.149400 0.236480 0.175417 0.285372 0.153331
3 0 0.130701 0.231613 0.193890 0.299172 0.144625
3 0 0.131353 0.231753 0.196453 0.296371 0.144069
3 0 0.138754 0.232016 0.176522 0.304546 0.148161
3 0 0.169084 0.236501 0.146132 0.287993 0.160290
3 0 0.145294 0.229244 0.146345 0.326329 0.152789
3 0 0.210672 0.242829 0.120092 0.247074 0.179334
1 0 0.236131 0.243897 0.105478 0.224866 0.189628
0 0 0.285759 0.244974 0.099281 0.171808 0.198177
0 0 0.326134 0.241803 0.092968 0.137219 0.201876
0 0 0.485935 0.204017 0.057813 0.053867 0.198368
0 0 0.506638 0.197400 0.054936 0.046467 0.194558
0 0 0.470950 0.209550 0.065471 0.057291 0.196737
0 0 0.393300 0.229632 0.076761 0.095214 0.205092
0 0 0.333143 0.240538 0.089269 0.133544 0.203506
0 0 0.265323 0.246089 0.107208 0.188163 0.193217
3 0 0.197242 0.243050 0.125727 0.256156 0.177824
3 0 0.203857 0.242446 0.120839 0.254078 0.178781
3 0 0.129856 0.225357 0.149321 0.346404 0.149063
3 0 0.158501 0.232720 0.138483 0.311200 0.159097
3 0 0.168175 0.234152 0.130420 0.303704 0.163549
0 0 0.252534 0.245765 0.108638 0.201944 0.191118
1 0 0.211907 0.243490 0.123322 0.242645 0.178635
3 0 0.191588 0.243589 0.139470 0.252868 0.172485
3 0 0.161321 0.236453 0.145022 0.295247 0.161957
3 0 0.193714 0.241513 0.135011 0.259172 0.170589
3 0 0.127363 0.226604 0.162657 0.336537 0.146839
3 0 0.097494 0.210222 0.162386 0.398350 0.131548
3 0 0.092481 0.201741 0.137886 0.438337 0.129554
3 0 0.140289 0.221281 0.114489 0.367771 0.156170
0 0 0.286638 0.241860 0.084118 0.182413 0.204972
0 0 0.448215 0.213587 0.056868 0.072789 0.208542
0 0 0.586060 0.166619 0.034949 0.027638 0.184734
0 0 0.555646 0.179835 0.045375 0.032948 0.186197
0 0 0.526526 0.191205 0.054849 0.039166 0.188254
0 0 0.491247 0.203752 0.066218 0.048201 0.190582
0 0 0.479105 0.207516 0.067632 0.052735 0.193012
0 0 0.360870 0.238684 0.111667 0.098228 0.190552
0 0 0.433426 0.221639 0.085974 0.066630 0.192331
0 0 0.478734 0.207612 0.067527 0.052939 0.193188
0 0 0.549470 0.182307 0.047289 0.034214 0.186719
0 0 0.616182 0.154088 0.029166 0.021987 0.178577
0 0 0.709116 0.110771 0.012411 0.010017 0.157685
0 0 0.762930 0.084881 0.006515 0.005525 0.140149
0 0 0.806691 0.064191 0.003392 0.003019 0.122707
0 0 0.830735 0.053204 0.002207 0.002028 0.111827
0 0 0.831723 0.052760 0.002165 0.001992 0.111359
0 0 0.800316 0.067159 0.003765 0.003326 0.125434
0 0 0.773664 0.079750 0.005622 0.004820 0.136143
0 0 0.750780 0.090715 0.007634 0.006396 0.144475
0 0 0.697277 0.116443 0.014054 0.011234 0.160992
0 0 0.626424 0.148127 0.024342 0.021077 0.180030
0 0 0.599108 0.159571 0.028686 0.026202 0.186432
0 0 0.598119 0.161926 0.033247 0.025068 0.181640
0 0 0.561867 0.177313 0.043497 0.031700 0.185623
0 0 0.539974 0.185492 0.047743 0.037111 0.189680
0 0 0.489800 0.202476 0.055690 0.053096 0.198938
0 0 0.374596 0.235020 0.091343 0.099790 0.199251
0 0 0.268829 0.247808 0.121084 0.174009 0.188271
0 0 0.264451 0.248056 0.124309 0.176474 0.186710
1 0 0.235738 0.247346 0.131613 0.204628 0.180676
1 0 0.223262 0.247429 0.149608 0.206652 0.173049
0 0 0.250556 0.248942 0.143185 0.178489 0.178826
0 0 0.289935 0.247940 0.132773 0.144430 0.184923
0 0 0.307315 0.246325 0.123461 0.134237 0.188661
0 0 0.305806 0.246449 0.123326 0.135688 0.188731
0 0 0.300875 0.246524 0.117984 0.143703 0.190916
0 0 0.326302 0.243367 0.106183 0.128476 0.195672
0 0 0.321449 0.243938 0.106988 0.132168 0.195457
0 0 0.319186 0.244784 0.115347 0.128848 0.191834
0 0 0.282613 0.248396 0.135304 0.149905 0.183782
0 0 0.272818 0.248843 0.138910 0.157382 0.182047
0 0 0.277736 0.248570 0.134901 0.155055 0.183738
0 0 0.311761 0.245794 0.120605 0.132064 0.189776
0 0 0.321812 0.244701 0.119556 0.124000 0.189930
0 0 0.326557 0.243968 0.115449 0.122511 0.191515
0 0 0.370252 0.236470 0.099430 0.098316 0.195532
0 0 0.463204 0.212404 0.070867 0.058555 0.194970
0 0 0.513891 0.195900 0.059320 0.042062 0.188827
0 0 0.506124 0.198710 0.062180 0.043901 0.189085
0 0 0.455814 0.215382 0.082852 0.056944 0.189009
0 0 0.475809 0.209087 0.074180 0.051524 0.189399
0 0 0.554226 0.180405 0.045810 0.033236 0.186321
0 0 0.498990 0.201238 0.064883 0.045632 0.189258
0 0 0.369435 0.237687 0.130783 0.082255 0.179840
0 0 0.310270 0.246774 0.175403 0.100546 0.167008
0 0 0.315556 0.244965 0.154781 0.108748 0.175950
0 0 0.282975 0.248376 0.156487 0.136029 0.176133
1 0 0.231490 0.248568 0.164701 0.185394 0.169846
0 0 0.323351 0.244558 0.120561 0.122094 0.189435
0 0 0.368462 0.237180 0.107501 0.095165 0.191692
0 0 0.384212 0.233971 0.114210 0.081425 0.186183
0 0 0.358418 0.238693 0.134590 0.088006 0.180293
0 0 0.355527 0.239173 0.136389 0.089052 0.179860
0 0 0.269686 0.251198 0.228847 0.102195 0.148073
2 0 0.249292 0.251007 0.255782 0.104324 0.139595
0 0 0.318163 0.247775 0.177674 0.092302 0.164086
0 0 0.406772 0.228757 0.106836 0.071595 0.186040
0 0 0.393480 0.231831 0.114040 0.075908 0.184741
0 0 0.333412 0.243046 0.153150 0.095666 0.174726
2 0 0.200314 0.244384 0.310509 0.120614 0.124179
2 0 0.166463 0.235373 0.376320 0.116513 0.105331
2 0 0.143483 0.225951 0.423074 0.114465 0.093026
2 0 0.132792 0.220845 0.440230 0.117504 0.088629
2 0 0.126170 0.217749 0.441884 0.126266 0.087931
2 0 0.171841 0.237376 0.342280 0.132829 0.115674
2 0 0.200837 0.246435 0.274500 0.139692 0.138536
2 0 0.169953 0.243750 0.295717 0.154768 0.135812
2 0 0.185500 0.247056 0.258223 0.162807 0.146414
0 0 0.280209 0.247748 0.175434 0.127092 0.169517
0 0 0.255036 0.248650 0.194112 0.139540 0.162663
0 0 0.296191 0.246725 0.165868 0.118544 0.172672
0 0 0.374696 0.236021 0.114464 0.087351 0.187467
0 0 0.503767 0.199161 0.060108 0.045581 0.191382
0 0 0.391322 0.231277 0.085702 0.091544 0.200156
0 0 0.454520 0.213901 0.065198 0.065354 0.201026
0 0 0.505180 0.196759 0.050261 0.048942 0.198858
0 0 0.639579 0.143518 0.024076 0.018437 0.174390
0 0 0.662347 0.132976 0.019706 0.015337 0.169633
0 0 0.715941 0.107491 0.011523 0.009355 0.155690
0 0 0.736632 0.097527 0.009088 0.007513 0.149240
0 0 0.773449 0.079852 0.005639 0.004834 0.136225
0 0 0.778024 0.077674 0.005284 0.004552 0.134466
0 0 0.790994 0.071533 0.004359 0.003809 0.129305
0 0 0.779562 0.076943 0.005168 0.004459 0.133868
0 0 0.775771 0.078746 0.005457 0.004689 0.135337
0 0 0.756861 0.087792 0.007060 0.005950 0.142337
0 0 0.752731 0.089776 0.007446 0.006251 0.143795
0 0 0.737697 0.097014 0.008972 0.007425 0.148892
0 0 0.688895 0.120441 0.015299 0.012148 0.163216
0 0 0.622230 0.151384 0.027790 0.021033 0.177562
0 0 0.460873 0.212092 0.064321 0.062596 0.200118
0 0 0.263598 0.246459 0.110111 0.187918 0.191914
3 0 0.122448 0.220870 0.150554 0.362470 0.143658
3 0 0.092061 0.205252 0.162817 0.413539 0.126331
3 0 0.090555 0.206672 0.171497 0.404959 0.126317
3 0 0.115524 0.220794 0.164918 0.358240 0.140523
3 0 0.148142 0.232782 0.153340 0.310613 0.155123
3 0 0.158518 0.235849 0.155007 0.293123 0.157502
3 0 0.186313 0.241335 0.150198 0.257661 0.164494
1 0 0.197106 0.243911 0.154518 0.238236 0.166230
1 0 0.247390 0.248932 0.145574 0.180400 0.177703
0 0 0.301811 0.246967 0.128305 0.136168 0.186749
0 0 0.386288 0.233440 0.101650 0.086384 0.192238
0 0 0.344195 0.241388 0.135166 0.097595 0.181655
0 0 0.269735 0.248457 0.174283 0.137695 0.169829
0 0 0.369478 0.237071 0.111860 0.092160 0.189431
0 0 0.503666 0.199587 0.063103 0.044493 0.189151
0 0 0.525011 0.191776 0.055373 0.039507 0.188333
0 0 0.466201 0.212169 0.078270 0.054089 0.189271
0 0 0.362176 0.238048 0.132276 0.086658 0.180842
0 0 0.290834 0.249700 0.200627 0.101144 0.157695
2 0 0.215453 0.247228 0.293702 0.114715 0.128901
2 0 0.115173 0.210618 0.478725 0.116345 0.079139
2 0 0.189511 0.242265 0.343952 0.110272 0.114000
0 0 0.255786 0.251810 0.254557 0.098716 0.139131
0 0 0.346113 0.244758 0.158151 0.082450 0.168528
0 0 0.427865 0.224664 0.098901 0.063394 0.185177
0 0 0.515861 0.195178 0.058608 0.041602 0.188751
0 0 0.486636 0.205493 0.069739 0.048720 0.189413
0 0 0.477411 0.208564 0.073512 0.051103 0.189410
0 0 0.516241 0.195038 0.058471 0.041514 0.188735
0 0 0.439962 0.219757 0.083064 0.064565 0.192651
0 0 0.299726 0.247022 0.125462 0.139907 0.187882
1 0 0.217385 0.246684 0.148294 0.215270 0.172367
0 0 0.314041 0.245065 0.112151 0.135411 0.193332
0 0 0.306019 0.245260 0.107429 0.145888 0.195403
0 0 0.297856 0.245204 0.103166 0.156689 0.197086
1 0 0.233750 0.244811 0.112353 0.222315 0.186771
0 0 0.268370 0.245800 0.104836 0.186531 0.194462
0 0 0.306517 0.244743 0.103208 0.148282 0.197250
0 0 0.396677 0.230003 0.083957 0.089006 0.200356
0 0 0.382913 0.233587 0.092498 0.093430 0.197572
0 0 0.345917 0.240761 0.104405 0.113499 0.195418
0 0 0.297965 0.246762 0.118708 0.145979 0.190586
0 0 0.291782 0.246602 0.112981 0.155869 0.192766
1 0 0.226706 0.246082 0.127827 0.219043 0.180342
3 0 0.184033 0.239123 0.133934 0.274877 0.168033
3 0 0.209959 0.243332 0.124546 0.244362 0.177801
0 0 0.313021 0.243927 0.100299 0.144167 0.198586
0 0 0.474395 0.208311 0.063656 0.056501 0.197137
0 0 0.558923 0.178510 0.044379 0.032287 0.185901
0 0 0.544767 0.184168 0.048781 0.035198 0.187086
0 0 0.538961 0.186440 0.050664 0.036434 0.187502
0 0 0.513376 0.196088 0.059507 0.042182 0.188847
0 0 0.483805 0.206445 0.070883 0.049444 0.189423
0 0 0.271736 0.251812 0.232434 0.097907 0.146112
0 0 0.285917 0.251327 0.215450 0.095898 0.151408
0 0 0.275410 0.251661 0.227206 0.097882 0.147840
0 0 0.328854 0.247190 0.172016 0.087189 0.164751
2 0 0.228361 0.249328 0.283950 0.107176 0.131186
0 0 0.298886 0.250362 0.200405 0.094109 0.156238
0 0 0.344845 0.245139 0.159953 0.082296 0.167768
2 0 0.251814 0.251583 0.258836 0.099804 0.137963
2 0 0.125328 0.216485 0.461335 0.113381 0.083470
2 0 0.085068 0.186958 0.562906 0.104806 0.060261
2 0 0.078379 0.180015 0.588289 0.098162 0.055155
2 0 0.058583 0.159739 0.652518 0.084839 0.044321
2 0 0.046116 0.143843 0.698019 0.074998 0.037024
2 0 0.050052 0.148516 0.685643 0.077044 0.038745
2 0 0.052519 0.150971 0.679369 0.077663 0.039477
2 0 0.053638 0.152092 0.676427 0.078004 0.039839
2 0 0.049253 0.146490 0.692196 0.074677 0.037384
2 0 0.048847 0.146147 0.692971 0.074703 0.037331
2 0 0.049422 0.147075 0.690241 0.075450 0.037812
2 0 0.053216 0.152127 0.675817 0.078701 0.040139
2 1 0.057255 0.156980 0.661819 0.081599 0.042346
2 1 0.056189 0.155667 0.665697 0.080737 0.041709
2 1 0.045866 0.142888 0.701208 0.073712 0.036326
2 1 0.035348 0.128918 0.736228 0.067910 0.031596
2 1 0.024481 0.111213 0.777376 0.060785 0.026145
2 1 0.019065 0.101536 0.797024 0.058483 0.023892
2 2 0.014251 0.089717 0.822515 0.053092 0.020425
2 2 0.011599 0.081770 0.839650 0.048932 0.018049
2 2 0.009556 0.073971 0.857345 0.043651 0.015476
2 2 0.008943 0.071438 0.863012 0.041937 0.014670
2 2 0.008582 0.069755 0.866928 0.040638 0.014097
2 2 0.008373 0.068957 0.868571 0.040218 0.013882
2 2 0.008395 0.069310 0.867491 0.040735 0.014070
2 2 0.008237 0.069219 0.866968 0.041346 0.014230
2 2 0.008329 0.070739 0.862179 0.043680 0.015074
2 2 0.007807 0.069981 0.861680 0.045387 0.015145
2 2 0.007907 0.074134 0.846072 0.055045 0.016842
2 2 0.007774 0.075507 0.839000 0.060206 0.017514
2 2 0.008243 0.081464 0.816108 0.074246 0.019939
2 2 0.008070 0.083236 0.804796 0.082984 0.020913
2 2 0.008910 0.093345 0.757406 0.114643 0.025697
2 3 0.009029 0.099595 0.712521 0.149530 0.029324
2 3 0.009988 0.112502 0.599841 0.239639 0.038030
2 3 0.010109 0.117213 0.486679 0.341598 0.044401
3 3 0.010028 0.116261 0.373203 0.451258 0.049250
3 3 0.009587 0.113153 0.333828 0.493698 0.049733
3 3 0.009484 0.112398 0.326685 0.501850 0.049583
3 3 0.009432 0.112853 0.342451 0.486456 0.048807
3 3 0.009094 0.110473 0.320019 0.511739 0.048675
3 3 0.008630 0.105409 0.268277 0.568677 0.049008
3 3 0.007417 0.094804 0.209413 0.642718 0.045648
3 3 0.006280 0.084828 0.169887 0.697571 0.041434
3 3 0.005372 0.076419 0.141824 0.738647 0.037738
3 3 0.005047 0.072274 0.126101 0.760542 0.036035
3 3 0.004932 0.070826 0.120996 0.767817 0.035429
3 3 0.004803 0.070041 0.120265 0.769894 0.034997
3 3 0.004756 0.070695 0.125551 0.763873 0.035124
3 3 0.004698 0.069846 0.122297 0.768380 0.034779
3 3 0.004688 0.068576 0.115243 0.777113 0.034379
3 3 0.004507 0.065209 0.102147 0.795075 0.033062
3 3 0.004233 0.061305 0.089801 0.813249 0.031412
3 3 0.003924 0.057865 0.081324 0.827055 0.029832
3 3 0.003687 0.055578 0.076771 0.835245 0.028719
3 3 0.003571 0.054719 0.075741 0.837713 0.028257
3 3 0.003494 0.053808 0.073625 0.841239 0.027834
3 3 0.003518 0.053408 0.071364 0.843972 0.027739
3 3 0.003305 0.051240 0.067207 0.851569 0.026679
3 3 0.003064 0.048558 0.061832 0.861155 0.025390
3 3 0.002751 0.045509 0.057014 0.870890 0.023836
3 3 0.002583 0.043208 0.052098 0.879347 0.022763
3 3 0.002499 0.042121 0.049995 0.883144 0.022242
3 3 0.002439 0.041262 0.048205 0.886253 0.021841
3 3 0.002466 0.041580 0.048766 0.885190 0.021998
3 3 0.002472 0.041539 0.048494 0.885502 0.021993
3 3 0.002491 0.041498 0.047947 0.886052 0.022011
3 3 0.002489 0.041393 0.047625 0.886523 0.021971
3 3 0.002550 0.042343 0.049686 0.883016 0.022406
3 3 0.002636 0.043791 0.053104 0.877416 0.023053
3 3 0.002737 0.045417 0.056964 0.871099 0.023782
3 3 0.002817 0.046288 0.058521 0.868161 0.024213
3 3 0.002753 0.045192 0.055761 0.872563 0.023731
3 3 0.002694 0.044133 0.053087 0.876817 0.023269
3 3 0.002555 0.042208 0.049095 0.883774 0.022368
3 3 0.002656 0.043018 0.049881 0.881629 0.022817
3 3 0.002698 0.043247 0.049834 0.881256 0.022966
3 3 0.002840 0.044753 0.052307 0.876379 0.023721
3 3 0.002866 0.044896 0.052292 0.876134 0.023812
3 3 0.002826 0.044400 0.051327 0.877871 0.023576
3 3 0.002571 0.041855 0.047540 0.885765 0.022270
3 3 0.002312 0.039326 0.044173 0.893246 0.020943
3 3 0.002084 0.036977 0.041041 0.900185 0.019713
3 3 0.001991 0.036075 0.040041 0.902669 0.019224
3 3 0.001961 0.035579 0.039048 0.904419 0.018993
3 3 0.001956 0.035326 0.038331 0.905494 0.018893
3 3 0.001979 0.035471 0.038313 0.905251 0.018987
3 3 0.002096 0.036744 0.040020 0.901488 0.019652
3 3 0.002197 0.037838 0.041553 0.898194 0.020218
3 3 0.002266 0.038474 0.042259 0.896438 0.020563
3 3 0.002285 0.038495 0.041942 0.896675 0.020603
3 3 0.002306 0.038380 0.041154 0.897562 0.020598
3 3 0.002392 0.039038 0.041638 0.895955 0.020977
3 3 0.002340 0.038453 0.040743 0.897782 0.020681
3 3 0.002288 0.038004 0.040297 0.898977 0.020434
3 3 0.002091 0.036241 0.038499 0.903705 0.019464
3 3 0.002028 0.035862 0.038552 0.904341 0.019217
3 3 0.002035 0.036303 0.039850 0.902426 0.019386
3 3 0.002209 0.038363 0.043060 0.895943 0.020425
3 3 0.002376 0.040257 0.046020 0.889966 0.021382
3 3 0.002567 0.042074 0.048379 0.884639 0.022341
3 3 0.002627 0.042503 0.048663 0.883618 0.022590
3 3 0.002659 0.042734 0.048816 0.883066 0.022724
3 3 0.002522 0.041449 0.047127 0.886855 0.022047
3 3 0.002391 0.040055 0.045026 0.891192 0.021336
3 3 0.002257 0.038767 0.043416 0.894909 0.020651
3 3 0.002212 0.038413 0.043168 0.895760 0.020447
3 3 0.002256 0.039137 0.044709 0.893119 0.020779
3 3 0.002274 0.039068 0.044097 0.893775 0.020786
3 3 0.002297 0.039170 0.043957 0.893713 0.020863
3 3 0.002161 0.037359 0.040715 0.899781 0.019984
3 3 0.002106 0.036801 0.040011 0.901393 0.019689
3 3 0.002099 0.037010 0.040840 0.900300 0.019751
3 3 0.002368 0.040410 0.046731 0.889070 0.021421
3 3 0.002640 0.043588 0.052260 0.878522 0.022990
3 3 0.002875 0.046195 0.056881 0.869773 0.024276
3 3 0.002787 0.045373 0.055694 0.872297 0.023849
3 3 0.002690 0.044216 0.053479 0.876323 0.023291
3 3 0.002491 0.041763 0.048866 0.884774 0.022105
3 3 0.002429 0.040323 0.045156 0.890596 0.021495
3 3 0.002240 0.037951 0.041053 0.898422 0.020333
3 3 0.002084 0.036191 0.038476 0.903816 0.019433
3 3 0.001974 0.035442 0.038311 0.905304 0.018969
3 3 0.002039 0.036606 0.040766 0.901088 0.019501
3 3 0.002243 0.039346 0.045725 0.891856 0.020830
3 3 0.002532 0.042435 0.050398 0.882226 0.022408
3 3 0.002773 0.044443 0.052561 0.876718 0.023505
3 3 0.002853 0.044474 0.051060 0.877968 0.023645
3 3 0.003183 0.046445 0.051731 0.873799 0.024843
3 3 0.004447 0.055946 0.063626 0.846067 0.029914
3 3 0.009872 0.086336 0.104596 0.753159 0.046036
3 2 0.026837 0.142488 0.194552 0.560823 0.075300
2 2 0.028676 0.159064 0.488216 0.261012 0.063033
2 2 0.015375 0.133660 0.465620 0.332868 0.052476
3 2 0.010500 0.117462 0.358898 0.463032 0.050108
3 2 0.010092 0.114703 0.327371 0.497294 0.050540
3 2 0.008501 0.104243 0.259512 0.578699 0.049045
3 2 0.008116 0.102226 0.254164 0.587165 0.048328
3 2 0.008145 0.104619 0.286448 0.553316 0.047472
3 2 0.008707 0.110519 0.360899 0.473528 0.046347
2 2 0.009413 0.114454 0.486278 0.347400 0.042455
2 2 0.009532 0.109811 0.615186 0.229807 0.035664
2 2 0.009309 0.101009 0.706384 0.153995 0.029303
2 2 0.008172 0.088530 0.774817 0.105440 0.023041
2 2 0.008195 0.086823 0.785915 0.096813 0.022254
2 2 0.008343 0.083553 0.806424 0.081081 0.020600
2 2 0.009364 0.085767 0.806759 0.077322 0.020788
2 2 0.011769 0.090878 0.803958 0.071595 0.021800
2 2 0.012332 0.089869 0.812128 0.064676 0.020995
2 2 0.012975 0.093363 0.801560 0.069348 0.022753
2 2 0.011410 0.091468 0.798743 0.075544 0.022836
2 2 0.011040 0.099221 0.753244 0.109244 0.027250
2 2 0.010284 0.100031 0.735732 0.125879 0.028074
2 2 0.010374 0.101687 0.725242 0.133804 0.028893
2 2 0.010342 0.095113 0.768438 0.100723 0.025384
2 2 0.010843 0.087924 0.810590 0.068836 0.021807
2 2 0.010930 0.081103 0.838868 0.050632 0.018467
2 2 0.011748 0.082351 0.838326 0.049224 0.018351
2 2 0.012829 0.085521 0.831733 0.050723 0.019194
2 2 0.014958 0.092986 0.813488 0.056570 0.021998
2 2 0.018427 0.104135 0.785087 0.065651 0.026700
2 2 0.022269 0.114590 0.757987 0.073851 0.031302
2 2 0.019817 0.108033 0.775164 0.068590 0.028396
2 2 0.016963 0.099288 0.798172 0.060745 0.024832
2 2 0.014136 0.090152 0.820606 0.054057 0.021050
2 2 0.012806 0.086090 0.829586 0.051915 0.019603
2 2 0.011090 0.080750 0.840924 0.049235 0.018002
2 2 0.010299 0.078046 0.846723 0.047738 0.017194
2 2 0.010021 0.076412 0.851129 0.045975 0.016463
2 2 0.010297 0.076868 0.850859 0.045572 0.016404
2 2 0.010080 0.075514 0.854520 0.044088 0.015798
2 2 0.010390 0.076916 0.851126 0.045252 0.016317
2 2 0.010041 0.076014 0.852617 0.045156 0.016173
2 2 0.009799 0.075780 0.852247 0.045835 0.016340
2 2 0.012453 0.088594 0.818378 0.059249 0.021325
2 2 0.015806 0.107806 0.754205 0.092533 0.029650
2 2 0.022245 0.129153 0.685642 0.123916 0.039044
2 2 0.048634 0.177661 0.522831 0.183667 0.067207
2 2 0.088582 0.208841 0.424487 0.187006 0.091084
2 2 0.045131 0.161428 0.617711 0.122054 0.053676
2 2 0.034830 0.138103 0.699088 0.087207 0.040772
2 2 0.017121 0.098380 0.801936 0.058981 0.023583
2 2 0.012106 0.082864 0.838009 0.048849 0.018172
2 2 0.008143 0.067801 0.871288 0.039285 0.013484
2 2 0.007964 0.066803 0.873709 0.038403 0.013121
2 2 0.007606 0.065127 0.877434 0.037230 0.012603
2 2 0.007509 0.064788 0.878053 0.037117 0.012533
2 2 0.007404 0.064715 0.877744 0.037506 0.012631
2 2 0.007530 0.066095 0.873787 0.039303 0.013285
2 2 0.007882 0.068952 0.865904 0.042691 0.014571
2 2 0.008303 0.074481 0.847868 0.052440 0.016909
2 2 0.008199 0.080889 0.818435 0.072774 0.019703
2 2 0.008103 0.085432 0.792844 0.091832 0.021788
2 2 0.008285 0.090498 0.764148 0.112942 0.024127
2 2 0.008334 0.091833 0.755819 0.119250 0.024764
2 2 0.008977 0.097689 0.726070 0.139641 0.027624
2 2 0.008931 0.096976 0.730742 0.136061 0.027290
2 2 0.009006 0.097418 0.729104 0.136920 0.027552
2 2 0.008552 0.091016 0.766013 0.109990 0.024429
2 2 0.008433 0.088215 0.781821 0.098325 0.023207
2 2 0.007853 0.082395 0.806329 0.082798 0.020625
2 2 0.008313 0.086794 0.788089 0.094524 0.022280
2 2 0.009331 0.095205 0.751695 0.117972 0.025796
2 2 0.010567 0.107777 0.678061 0.170979 0.032616
2 2 0.010802 0.115326 0.595723 0.239259 0.038890
2 2 0.010164 0.117430 0.487597 0.340200 0.044608
2 2 0.009045 0.113446 0.426059 0.405721 0.045729
3 2 0.008590 0.111020 0.390967 0.443422 0.046001
3 2 0.008494 0.110883 0.411262 0.424747 0.044613
2 2 0.008325 0.110203 0.420997 0.416950 0.043525
2 2 0.008145 0.109458 0.426393 0.413126 0.042879
3 2 0.008271 0.109523 0.393407 0.444478 0.044320
3 2 0.008537 0.110246 0.376302 0.459506 0.045409
3 2 0.008772 0.110763 0.360288 0.473713 0.046464
3 2 0.009023 0.111391 0.348097 0.483954 0.047536
3 2 0.008996 0.110812 0.335569 0.496543 0.048079
3 2 0.009106 0.110481 0.317955 0.513348 0.049110
3 2 0.009249 0.110378 0.304735 0.525646 0.049991
3 2 0.009291 0.108484 0.272208 0.558818 0.051200
3 2 0.008806 0.105097 0.254449 0.581701 0.049947
3 2 0.008217 0.100785 0.234007 0.608802 0.048188
3 2 0.007570 0.096123 0.215363 0.634758 0.046186
3 2 0.007255 0.094198 0.210376 0.642907 0.045264
3 2 0.007260 0.093290 0.202099 0.652299 0.045052
3 3 0.007579 0.094062 0.196979 0.655681 0.045700
3 3 0.007254 0.090066 0.176526 0.681938 0.044216
3 3 0.006349 0.082369 0.150558 0.719875 0.040849
3 3 0.005367 0.073817 0.125962 0.757891 0.036963
3 3 0.004939 0.069011 0.110726 0.780442 0.034882
3 3 0.004984 0.068883 0.108899 0.782328 0.034906
3 3 0.005100 0.069061 0.106926 0.783786 0.035126
3 3 0.005171 0.069172 0.105794 0.784606 0.035258
3 3 0.004784 0.065229 0.095454 0.801065 0.033468
3 3 0.004496 0.062811 0.090676 0.809737 0.032281
3 3 0.004281 0.061143 0.087900 0.815246 0.031430
3 3 0.004501 0.062111 0.087341 0.813986 0.032061
3 3 0.005431 0.067535 0.092436 0.799516 0.035081
3 3 0.007724 0.079023 0.103362 0.768389 0.041503
3 2 0.015348 0.108007 0.134923 0.684161 0.057561
3 2 0.025677 0.139707 0.189879 0.570889 0.073848
3 2 0.029643 0.159389 0.305166 0.430366 0.075436
2 2 0.023403 0.151727 0.420822 0.341530 0.062518
2 2 0.017776 0.137296 0.528693 0.266126 0.050109
2 2 0.013586 0.121021 0.622824 0.203296 0.039274
2 2 0.011531 0.107712 0.700879 0.148472 0.031405
2 2 0.011252 0.094931 0.779824 0.089683 0.024310
2 2 0.012327 0.087693 0.821108 0.058345 0.020527
2 2 0.013654 0.086379 0.831950 0.049250 0.018766
2 2 0.014361 0.087052 0.832162 0.047970 0.018456
2 2 0.014509 0.088402 0.828077 0.049802 0.019210
2 2 0.012279 0.083992 0.834773 0.050216 0.018740
2 2 0.010032 0.077972 0.845599 0.048944 0.017454
2 2 0.007831 0.069798 0.862479 0.044958 0.014934
2 2 0.007103 0.064913 0.875372 0.039434 0.013178
2 2 0.007291 0.064396 0.878194 0.037520 0.012598
2 2 0.008168 0.066445 0.875881 0.036855 0.012651
2 2 0.009840 0.071055 0.868194 0.037543 0.013368
2 2 0.011699 0.077281 0.855154 0.040817 0.015049
2 2 0.012736 0.082655 0.841229 0.046079 0.017301
2 2 0.011195 0.080632 0.841834 0.048556 0.017783
2 2 0.010153 0.082144 0.830117 0.058337 0.019249
2 2 0.008564 0.080824 0.822403 0.069116 0.019093
2 2 0.008376 0.082133 0.813828 0.076081 0.019582
2 2 0.008973 0.085910 0.801591 0.082488 0.021039
2 2 0.009329 0.089175 0.788592 0.090357 0.022547
2 2 0.008933 0.090993 0.772255 0.104042 0.023777
2 2 0.008882 0.096298 0.734801 0.133136 0.026883
2 2 0.008939 0.101419 0.692267 0.167234 0.030141
2 2 0.009357 0.107953 0.633971 0.214154 0.034566
2 2 0.009353 0.109354 0.613450 0.232069 0.035772
2 2 0.009209 0.108953 0.611484 0.234753 0.035602
2 2 0.009009 0.104717 0.659561 0.194297 0.032415
2 2 0.008898 0.099792 0.706432 0.155695 0.029183
2 2 0.008600 0.092345 0.757997 0.115945 0.025113
2 2 0.008241 0.086075 0.791249 0.092391 0.022044
2 2 0.008904 0.087637 0.791927 0.089056 0.022476
2 2 0.009915 0.089297 0.795264 0.082830 0.022694
2 2 0.013882 0.099730 0.779139 0.081510 0.025739
2 2 0.021801 0.114222 0.757545 0.076420 0.030011
2 2 0.024296 0.121109 0.738012 0.083960 0.032623
2 2 0.020117 0.116276 0.740194 0.092012 0.031400
2 2 0.015780 0.110771 0.737692 0.105358 0.030397
2 2 0.012711 0.103760 0.746674 0.108504 0.028351
2 2 0.011059 0.103394 0.725558 0.130463 0.029527
2 2 0.009559 0.100392 0.718184 0.142972 0.028892
2 2 0.009467 0.103220 0.691011 0.165471 0.030831
2 2 0.009259 0.100928 0.706086 0.154258 0.029469
2 2 0.009180 0.101164 0.701754 0.158213 0.029690
2 2 0.009204 0.101466 0.699937 0.159410 0.029983
2 2 0.009110 0.101652 0.695501 0.163522 0.030214
2 2 0.009314 0.103276 0.685978 0.170340 0.031091
2 2 0.009042 0.102138 0.688625 0.169603 0.030592
2 2 0.008909 0.102257 0.683320 0.174587 0.030927
2 2 0.008621 0.101730 0.678809 0.179910 0.030930
2 2 0.008805 0.104603 0.652995 0.200789 0.032808
2 2 0.009073 0.107107 0.632188 0.217301 0.034331
2 2 0.009706 0.109203 0.633559 0.212255 0.035277
2 2 0.010606 0.108634 0.671663 0.175469 0.033627
2 2 0.011319 0.101819 0.740361 0.118294 0.028207
2 2 0.014013 0.101601 0.770805 0.087426 0.026155
2 2 0.016308 0.097640 0.801449 0.061388 0.023215
2 2 0.018755 0.101917 0.794638 0.060175 0.024515
2 2 0.019617 0.104151 0.789263 0.061622 0.025346
2 2 0.016641 0.097434 0.804767 0.055542 0.025616
2 2 0.016236 0.097359 0.804337 0.052805 0.029263
2 2 0.017202 0.102173 0.789810 0.053137 0.037678
2 2 0.019376 0.108846 0.771809 0.056983 0.042986
2 2 0.023142 0.119140 0.743458 0.063770 0.050490
2 4 0.032348 0.139512 0.681677 0.072981 0.073482
2 4 0.029753 0.134510 0.696030 0.069430 0.070277
2 4 0.039798 0.152376 0.627717 0.072152 0.107956
2 4 0.057514 0.173169 0.580294 0.091307 0.097716
2 4 0.097161 0.203084 0.426040 0.090654 0.183062
2 4 0.065554 0.177466 0.447354 0.071506 0.238120
2 4 0.051474 0.166368 0.525356 0.068787 0.188014
2 4 0.068771 0.179985 0.454692 0.070609 0.225943
2 4 0.072844 0.184806 0.540458 0.089166 0.112727
2 4 0.115574 0.214236 0.444578 0.105368 0.120244
2 4 0.184159 0.238394 0.299104 0.098548 0.179795
2 4 0.156805 0.226205 0.300216 0.084677 0.232098
2 4 0.118486 0.204102 0.305681 0.069355 0.302377
4 4 0.108993 0.196700 0.303370 0.064336 0.326602
4 4 0.117334 0.188626 0.239737 0.054281 0.400022
4 4 0.114397 0.174994 0.205413 0.041015 0.464181
4 4 0.104852 0.173523 0.221630 0.042971 0.457023
4 4 0.113749 0.183260 0.231145 0.049503 0.422344
4 4 0.128168 0.200959 0.259255 0.062828 0.348790
4 4 0.161772 0.216139 0.238495 0.072770 0.310825
2 4 0.164395 0.229869 0.285258 0.101927 0.218550
2 4 0.130146 0.228743 0.333873 0.145714 0.161524
2 4 0.121337 0.228777 0.317575 0.208045 0.124266
1 4 0.231258 0.248016 0.191792 0.166933 0.162001
1 4 0.202526 0.247122 0.218342 0.177647 0.154363
2 4 0.154258 0.230859 0.263210 0.120531 0.231143
2 4 0.136154 0.218655 0.299890 0.092658 0.252643
2 4 0.117966 0.204529 0.306605 0.072412 0.298488
2 4 0.088767 0.195985 0.397761 0.078211 0.239276
2 4 0.069666 0.184791 0.457926 0.080855 0.206762
2 4 0.062336 0.180051 0.546156 0.095666 0.115791
2 4 0.059981 0.176204 0.571013 0.095678 0.097124
2 4 0.051846 0.165991 0.603248 0.083898 0.095017
2 4 0.041087 0.151698 0.636454 0.068489 0.102273
2 4 0.039778 0.148763 0.648624 0.066048 0.096786
2 4 0.040715 0.150232 0.643808 0.066870 0.098375
2 4 0.040811 0.151203 0.637018 0.067587 0.103382
2 4 0.035829 0.145143 0.645261 0.063760 0.110007
2 4 0.037623 0.149085 0.618021 0.064215 0.131056
2 4 0.044921 0.159125 0.558749 0.065974 0.171231
2 4 0.054885 0.168887 0.499985 0.067875 0.208368
2 4 0.064401 0.175846 0.456910 0.069146 0.233697
2 4 0.066770 0.178316 0.463845 0.071040 0.220029
2 4 0.065963 0.178068 0.472707 0.071519 0.211743
2 2 0.055443 0.169561 0.528771 0.069442 0.176783
2 2 0.047169 0.160655 0.570287 0.066161 0.155729
2 2 0.040071 0.150945 0.624048 0.064554 0.120383
2 2 0.036983 0.145746 0.651091 0.064278 0.101902
2 2 0.031814 0.135636 0.694385 0.063251 0.074914
2 2 0.026201 0.123864 0.732363 0.060305 0.057266
2 2 0.021908 0.113657 0.761773 0.057879 0.044782
2 2 0.018874 0.105604 0.783132 0.055754 0.036636
2 2 0.016471 0.098149 0.802251 0.053802 0.029326
2 2 0.014842 0.092571 0.815852 0.052341 0.024394
2 2 0.013629 0.088139 0.826083 0.051488 0.020661
2 2 0.012306 0.083777 0.835738 0.049507 0.018671
2 2 0.011161 0.079780 0.844678 0.047135 0.017246
2 2 0.010120 0.075567 0.854522 0.044009 0.015782
2 2 0.009508 0.073166 0.859866 0.042435 0.015026
2 2 0.009586 0.073872 0.857825 0.043342 0.015375
2 2 0.009749 0.075246 0.853869 0.045083 0.016052
2 2 0.010530 0.078582 0.846090 0.047366 0.017432
2 2 0.010998 0.080618 0.842221 0.046038 0.020125
2 2 0.012257 0.085053 0.832893 0.045539 0.024257
2 2 0.013630 0.089377 0.823373 0.045629 0.027992
2 2 0.015422 0.094550 0.811677 0.047540 0.030810
2 2 0.016747 0.098448 0.802297 0.049476 0.033032
2 2 0.017163 0.099577 0.799669 0.050622 0.032969
2 2 0.016140 0.096206 0.808316 0.049776 0.029562
2 2 0.015215 0.092672 0.817223 0.049882 0.025008
2 2 0.013948 0.087990 0.827905 0.049903 0.020254
2 2 0.012839 0.084881 0.833987 0.049616 0.018677
2 2 0.011152 0.079540 0.845471 0.046740 0.017097
2 2 0.010853 0.079192 0.845334 0.047380 0.017241
2 2 0.009835 0.075457 0.853554 0.045076 0.016078
2 2 0.009281 0.073575 0.857348 0.044209 0.015586
2 2 0.008113 0.068722 0.868006 0.041067 0.014091
2 2 0.007707 0.067486 0.870009 0.040904 0.013894
2 2 0.007059 0.065220 0.874040 0.040246 0.013436
2 2 0.006753 0.064757 0.873707 0.041158 0.013624
2 2 0.006627 0.066721 0.865276 0.046899 0.014478
2 2 0.007129 0.072643 0.845225 0.058418 0.016584
2 2 0.008100 0.081035 0.816523 0.074569 0.019772
2 2 0.008521 0.086164 0.794874 0.088479 0.021963
2 2 0.009079 0.092743 0.764103 0.109046 0.025029
2 2 0.008938 0.093876 0.754054 0.117362 0.025769
2 2 0.009152 0.096695 0.738162 0.128801 0.027189
2 2 0.009247 0.098175 0.728896 0.135744 0.027938
2 2 0.010132 0.105062 0.692675 0.160504 0.031627
2 2 0.011048 0.114847 0.614999 0.220861 0.038245
2 2 0.010802 0.118624 0.528395 0.298849 0.043330
2 2 0.009933 0.116870 0.444477 0.382720 0.046001
3 2 0.009640 0.115170 0.388328 0.438853 0.048010
3 2 0.009624 0.114286 0.358159 0.468746 0.049185
3 2 0.010116 0.114599 0.320137 0.503448 0.051700
3 2 0.010601 0.116117 0.315273 0.505207 0.052802
3 2 0.010378 0.113060 0.278343 0.544533 0.053686
3 2 0.009366 0.107699 0.259084 0.572578 0.051273
3 2 0.007756 0.097169 0.217662 0.630710 0.046703
3 3 0.006648 0.086940 0.173019 0.690857 0.042536
3 3 0.005703 0.076323 0.131343 0.748443 0.038188
3 3 0.005148 0.069649 0.108785 0.781042 0.035376
3 3 0.005001 0.067580 0.101835 0.791064 0.034521
3 3 0.005352 0.070450 0.108013 0.780278 0.035907
3 3 0.005507 0.072422 0.114537 0.770801 0.036733
3 3 0.005223 0.070701 0.112437 0.775830 0.035809
3 3 0.004510 0.064974 0.100862 0.796661 0.032993
3 3 0.003922 0.059790 0.090356 0.815476 0.030455
3 3 0.003706 0.056925 0.082349 0.827829 0.029192
3 3 0.003813 0.057693 0.083216 0.825670 0.029608
3 3 0.003963 0.058681 0.084106 0.823092 0.030158
3 3 0.004377 0.062482 0.091900 0.809237 0.032004
3 3 0.004673 0.065504 0.099419 0.797005 0.033398
3 3 0.005352 0.073346 0.123640 0.760862 0.036800
3 3 0.006415 0.084388 0.162213 0.705475 0.041508
3 3 0.008776 0.101580 0.219964 0.620520 0.049160
3 3 0.010923 0.115205 0.285187 0.535592 0.053093
3 3 0.011635 0.121584 0.368330 0.447494 0.050957
3 3 0.011163 0.120110 0.372210 0.446376 0.050140
3 3 0.010587 0.117877 0.364581 0.457360 0.049595
3 3 0.009567 0.112576 0.326797 0.502096 0.048964
3 3 0.008951 0.108780 0.300480 0.533173 0.048615
3 3 0.008673 0.106126 0.275859 0.560433 0.048910
3 3 0.008196 0.101647 0.243930 0.597889 0.048338
3 3 0.007203 0.093418 0.205437 0.648943 0.044999
3 3 0.006188 0.083013 0.159903 0.710094 0.040803
3 3 0.005262 0.071398 0.115189 0.772074 0.036078
3 3 0.005023 0.066169 0.094573 0.800137 0.034099
3 3 0.005150 0.066271 0.092378 0.801898 0.034303
3 3 0.006996 0.082120 0.132332 0.736929 0.041623
3 2 0.010213 0.106021 0.212388 0.619325 0.052054
3 2 0.013461 0.125423 0.316774 0.487383 0.056960
3 2 0.013490 0.128125 0.385858 0.418286 0.054241
3 2 0.012038 0.122728 0.357337 0.454958 0.052940
3 2 0.011387 0.121047 0.381018 0.436727 0.049821
2 2 0.011933 0.123266 0.468027 0.350909 0.045865
2 2 0.012378 0.117190 0.629057 0.204602 0.036773
2 2 0.012043 0.103412 0.740219 0.115870 0.028457
2 2 0.011119 0.092025 0.793631 0.079826 0.023399
2 2 0.010057 0.086894 0.808504 0.073083 0.021463
2 2 0.009269 0.085786 0.805926 0.077814 0.021205
2 2 0.008621 0.084827 0.803243 0.082251 0.021058
2 2 0.008023 0.082545 0.807557 0.081580 0.020294
2 2 0.008436 0.086751 0.790172 0.092482 0.022159
2 2 0.008287 0.089937 0.767976 0.109947 0.023853
2 2 0.008521 0.098741 0.704900 0.158999 0.028838
2 2 0.008690 0.105416 0.636366 0.216086 0.033442
2 2 0.008941 0.111168 0.546534 0.294441 0.038917
2 2 0.009157 0.113771 0.450797 0.382445 0.043830
3 2 0.009334 0.113234 0.364130 0.465477 0.047825
3 2 0.009220 0.110601 0.312173 0.518670 0.049336
3 2 0.009523 0.109946 0.280954 0.548396 0.051181
3 2 0.010250 0.113370 0.290833 0.532895 0.052652
3 2 0.010292 0.115190 0.319789 0.502900 0.051829
3 2 0.010718 0.119311 0.397358 0.423249 0.049364
2 2 0.011172 0.121224 0.450926 0.369274 0.047404
2 2 0.011462 0.122062 0.468822 0.350730 0.046924
2 2 0.011066 0.120898 0.429589 0.389935 0.048511
3 2 0.010623 0.116947 0.329983 0.490001 0.052446
3 2 0.009299 0.107391 0.258499 0.573695 0.051117
3 2 0.008052 0.098540 0.218836 0.627123 0.047448
3 2 0.007311 0.094035 0.206664 0.646680 0.045309
3 2 0.007206 0.093159 0.203029 0.651665 0.044941
3 2 0.007549 0.096148 0.216459 0.633684 0.046160
3 2 0.007358 0.094688 0.210693 0.641727 0.045534
3 2 0.007413 0.095713 0.217949 0.633068 0.045857
3 2 0.007322 0.094943 0.214482 0.637712 0.045541
3 2 0.008404 0.102386 0.242599 0.597806 0.048804
3 2 0.009213 0.109256 0.290694 0.541260 0.049577
3 2 0.009891 0.114996 0.356906 0.469870 0.048337
3 2 0.009953 0.114651 0.340353 0.485767 0.049275
3 2 0.009642 0.111211 0.295406 0.533426 0.050316
3 2 0.008875 0.104942 0.249665 0.586498 0.050020
3 2 0.009493 0.108337 0.261337 0.569488 0.051345
3 2 0.011205 0.117274 0.300251 0.517430 0.053840
2 2 0.015529 0.134082 0.403544 0.391297 0.055548
2 2 0.026727 0.156933 0.457710 0.296579 0.062052
2 2 0.050351 0.184236 0.461892 0.230329 0.073192
2 2 0.047485 0.178519 0.503618 0.203949 0.066429
2 2 0.038556 0.169811 0.508528 0.219803 0.063303
2 2 0.023929 0.148609 0.534292 0.239885 0.053285
2 2 0.017386 0.136920 0.517074 0.278305 0.050315
2 2 0.015906 0.133953 0.505463 0.294451 0.050228
2 2 0.021976 0.147704 0.489193 0.283966 0.057161
2 2 0.032713 0.152290 0.613365 0.150376 0.051255
2 2 0.016927 0.123117 0.671012 0.150697 0.038248
2 2 0.011530 0.115186 0.627268 0.208869 0.037146
2 2 0.011552 0.119175 0.569665 0.258122 0.041487
2 2 0.009687 0.113059 0.568681 0.269549 0.039023
2 2 0.009343 0.108109 0.631423 0.216332 0.034792
2 2 0.009252 0.102092 0.695487 0.162833 0.030335
2 2 0.009850 0.104194 0.692848 0.161923 0.031184
2 2 0.009836 0.106872 0.666200 0.183832 0.033259
2 2 0.009566 0.110230 0.612546 0.231141 0.036518
2 2 0.008605 0.105639 0.630013 0.221625 0.034118
2 2 0.008518 0.103150 0.658769 0.197348 0.032215
2 2 0.008213 0.094126 0.736253 0.134995 0.026413
2 2 0.008219 0.089328 0.770705 0.108174 0.023574
2 2 0.007873 0.082869 0.803695 0.085062 0.020500
2 2 0.008099 0.084201 0.799708 0.086859 0.021133
2 2 0.007696 0.084052 0.794412 0.092503 0.021337
2 2 0.008133 0.091598 0.753346 0.122034 0.024889
2 2 0.008304 0.095261 0.728882 0.140839 0.026714
2 2 0.008299 0.094273 0.736712 0.134593 0.026123
2 2 0.009460 0.097433 0.738941 0.126857 0.027309
2 2 0.011121 0.096346 0.771113 0.095801 0.025619
2 2 0.020938 0.121410 0.719705 0.103289 0.034658
2 2 0.046820 0.160854 0.625916 0.114627 0.051783
2 2 0.052387 0.177968 0.541754 0.163108 0.064783
2 2 0.033511 0.159567 0.561502 0.188337 0.057084
2 2 0.020264 0.136434 0.606819 0.190862 0.045620
2 2 0.014479 0.120252 0.652914 0.174541 0.037813
2 2 0.011997 0.108147 0.706869 0.141359 0.031628
2 2 0.011213 0.103980 0.723851 0.131323 0.029633
2 2 0.011117 0.099886 0.750013 0.111578 0.027406
2 2 0.011116 0.098973 0.755704 0.107242 0.026966
2 2 0.010684 0.094921 0.773768 0.095677 0.024950
2 2 0.012031 0.100702 0.756882 0.103059 0.027326
2 2 0.015542 0.110813 0.735621 0.106979 0.031044
2 2 0.027540 0.137075 0.674985 0.118765 0.041635
2 2 0.076954 0.192061 0.524739 0.136294 0.069952
2 2 0.094157 0.200780 0.501845 0.128836 0.074382
2 2 0.048678 0.159184 0.638778 0.103851 0.049509
2 2 0.028945 0.134336 0.696265 0.101123 0.039331
2 2 0.017884 0.115686 0.728554 0.105255 0.032621
2 2 0.013741 0.109558 0.723578 0.121742 0.031380
2 2 0.011619 0.106939 0.709090 0.141249 0.031102
2 2 0.010511 0.102821 0.719076 0.138300 0.029291
2 2 0.010482 0.100071 0.738634 0.123104 0.027709
2 2 0.010028 0.092429 0.779433 0.094294 0.023816
2 2 0.010265 0.086975 0.809706 0.072123 0.020931
2 2 0.010374 0.082109 0.831517 0.057376 0.018625
2 2 0.010746 0.080399 0.840371 0.050697 0.017788
2 2 0.010878 0.083142 0.830671 0.056222 0.019086
2 2 0.011028 0.086760 0.816914 0.064406 0.020891
2 2 0.012587 0.100230 0.765765 0.094353 0.027066
2 2 0.016194 0.112193 0.733954 0.105908 0.031751
2 2 0.035884 0.154978 0.615228 0.142406 0.051504
2 2 0.101747 0.208118 0.463985 0.143283 0.082867
2 2 0.071787 0.182241 0.569564 0.113845 0.062563
2 2 0.042984 0.148516 0.673994 0.090296 0.044210
2 2 0.019104 0.103450 0.790151 0.061949 0.025347
2 2 0.014339 0.091135 0.817749 0.055416 0.021361
2 2 0.010557 0.078386 0.846776 0.047200 0.017081
2 2 0.010515 0.077926 0.848195 0.046538 0.016826
2 2 0.011487 0.081237 0.841653 0.046869 0.018754
2 2 0.013108 0.087685 0.826708 0.048956 0.023543
2 2 0.014604 0.093447 0.812476 0.050221 0.029253
2 2 0.017457 0.103790 0.783800 0.052377 0.042576
2 4 0.021238 0.114686 0.751791 0.055317 0.056968
2 4 0.026931 0.128060 0.708482 0.058389 0.078138
2 4 0.038863 0.147894 0.651358 0.066786 0.095099
2 4 0.065583 0.179104 0.537310 0.079801 0.138202
2 4 0.085124 0.194677 0.491369 0.091465 0.137365
2 4 0.079970 0.190670 0.499580 0.087487 0.142293
2 4 0.072244 0.184693 0.534636 0.087533 0.120894
2 4 0.075212 0.187964 0.496767 0.085783 0.154274
2 4 0.077624 0.189584 0.459440 0.083886 0.189465
2 4 0.087399 0.190455 0.374265 0.071609 0.276272
2 4 0.086019 0.184132 0.336214 0.063960 0.329675
4 4 0.083905 0.176810 0.304017 0.056893 0.378375
4 4 0.082336 0.179220 0.326114 0.060565 0.351765
2 4 0.082735 0.182062 0.340248 0.064634 0.330320
2 4 0.066829 0.178551 0.440647 0.072022 0.241951
2 4 0.061669 0.175439 0.484216 0.072064 0.206612
2 4 0.066483 0.179856 0.519777 0.077644 0.156239
2 4 0.095549 0.201316 0.443392 0.080258 0.179485
2 4 0.121148 0.215406 0.389200 0.081337 0.192909
2 4 0.080535 0.190154 0.469149 0.075562 0.184600
2 4 0.082499 0.190865 0.441531 0.073872 0.211233
2 4 0.085342 0.193545 0.436898 0.078301 0.205914
2 4 0.099347 0.201164 0.382596 0.079127 0.237765
2 4 0.095724 0.194870 0.354346 0.071022 0.284038
4 4 0.103783 0.190042 0.284251 0.062660 0.359264
4 4 0.102550 0.188785 0.282287 0.062189 0.364189
4 4 0.094430 0.176937 0.261419 0.051808 0.415406
2 4 0.091558 0.188776 0.336785 0.065223 0.317658
2 4 0.091208 0.195416 0.396525 0.073946 0.242906
2 4 0.097353 0.203187 0.472430 0.092129 0.134902
2 4 0.170956 0.236883 0.342785 0.100593 0.148782
