0 0 0.695682 0.147208 0.068404 0.044162 0.044545
0 0 0.800396 0.125054 0.037076 0.021504 0.015970
0 0 0.883123 0.087177 0.016075 0.009207 0.004418
0 0 0.924394 0.061576 0.007947 0.004416 0.001667
0 0 0.935998 0.054208 0.005744 0.003034 0.001015
0 0 0.921403 0.065059 0.007907 0.004065 0.001567
0 0 0.862314 0.099657 0.020447 0.011438 0.006143
0 0 0.813506 0.121747 0.033022 0.019145 0.012580
0 0 0.750390 0.146113 0.050338 0.033024 0.020135
0 0 0.612285 0.187196 0.095032 0.061111 0.044376
0 0 0.513938 0.200570 0.131189 0.067823 0.086480
0 0 0.613302 0.170052 0.092159 0.055310 0.069177
0 0 0.668249 0.163650 0.075670 0.046820 0.045611
0 0 0.600702 0.171195 0.095877 0.057404 0.074821
0 0 0.552300 0.191429 0.115938 0.063521 0.076813
0 0 0.535074 0.204643 0.125359 0.063048 0.071876
0 0 0.496272 0.224820 0.144777 0.063259 0.070872
0 0 0.472526 0.232246 0.156298 0.062576 0.076354
0 0 0.433436 0.247939 0.177222 0.062616 0.078786
0 0 0.449010 0.242468 0.168821 0.063227 0.076475
0 0 0.508445 0.230356 0.140680 0.062970 0.057549
0 0 0.495735 0.236488 0.146091 0.068224 0.053461
0 0 0.599341 0.186070 0.098234 0.068972 0.047383
0 0 0.722884 0.152424 0.058957 0.036919 0.028816
0 0 0.814919 0.121988 0.032332 0.019612 0.011149
0 0 0.677722 0.168026 0.071700 0.053258 0.029293
0 0 0.560212 0.209870 0.115712 0.068831 0.045375
0 0 0.569556 0.199378 0.111771 0.063772 0.055524
0 0 0.668414 0.165788 0.075539 0.049473 0.040786
0 0 0.565639 0.177440 0.107536 0.060839 0.088545
0 0 0.518030 0.172240 0.118134 0.065614 0.125981
0 0 0.499129 0.170968 0.122497 0.068596 0.138811
0 0 0.503316 0.170529 0.121126 0.067318 0.137712
0 0 0.504157 0.170232 0.120729 0.066789 0.138092
0 0 0.473744 0.169137 0.128168 0.070626 0.158324
0 0 0.452247 0.168330 0.133536 0.073890 0.171997
0 0 0.470943 0.164905 0.125929 0.065471 0.172752
0 0 0.554652 0.167212 0.106226 0.056488 0.115422
0 0 0.526018 0.164577 0.111778 0.056734 0.140893
0 0 0.514502 0.159921 0.111498 0.053015 0.161064
0 0 0.494098 0.151782 0.110100 0.047234 0.196787
0 1 0.449362 0.146049 0.115425 0.047567 0.241597
4 1 0.277544 0.112956 0.123021 0.044993 0.441486
4 1 0.189152 0.086146 0.112362 0.037247 0.575092
4 1 0.146499 0.069502 0.099566 0.030151 0.654281
4 1 0.125664 0.058826 0.087377 0.023949 0.704184
4 1 0.114885 0.052192 0.078282 0.019695 0.734945
4 1 0.114168 0.051761 0.077687 0.019432 0.736952
4 2 0.116911 0.053417 0.079971 0.020451 0.729250
4 2 0.121861 0.056453 0.084137 0.022382 0.715167
4 2 0.117185 0.053583 0.080200 0.020555 0.728478
4 2 0.120966 0.055899 0.083380 0.022024 0.717730
4 2 0.126047 0.059068 0.087705 0.024111 0.703070
0 1 0.411545 0.133830 0.112161 0.041310 0.301153
0 1 0.436337 0.146634 0.119113 0.050144 0.247772
0 1 0.507941 0.151623 0.106895 0.045459 0.188082
0 1 0.499703 0.153996 0.110575 0.048726 0.187000
0 1 0.467857 0.154655 0.118609 0.053793 0.205086
4 1 0.225658 0.099373 0.120519 0.042670 0.511780
4 1 0.198972 0.093441 0.121290 0.043454 0.542842
4 1 0.180196 0.089887 0.123392 0.045379 0.561146
4 2 0.157783 0.080497 0.116265 0.040743 0.604713
4 2 0.173651 0.092505 0.131744 0.052234 0.549865
4 2 0.152153 0.134648 0.207527 0.049453 0.456219
4 2 0.128313 0.189953 0.312551 0.050013 0.319170
2 2 0.135908 0.220113 0.344533 0.054851 0.244595
2 2 0.193188 0.239532 0.309473 0.063956 0.193851
0 1 0.304366 0.200523 0.207972 0.069890 0.217249
0 2 0.411008 0.168667 0.145178 0.074130 0.201017
0 2 0.489013 0.168932 0.123931 0.067566 0.150558
0 2 0.500799 0.175377 0.124466 0.074578 0.124780
0 2 0.518681 0.174210 0.118986 0.069964 0.118159
0 2 0.589345 0.167958 0.097881 0.054263 0.090552
0 0 0.716539 0.148908 0.061061 0.033065 0.040426
0 0 0.705307 0.157782 0.064140 0.041621 0.031150
0 0 0.613307 0.174232 0.092732 0.060837 0.058892
0 0 0.658133 0.163880 0.078670 0.046985 0.052332
0 0 0.783243 0.133060 0.041452 0.024381 0.017863
0 0 0.707000 0.159766 0.063004 0.044343 0.025887
0 0 0.647875 0.171982 0.081703 0.057414 0.041025
0 0 0.724771 0.153363 0.058081 0.038187 0.025598
0 0 0.832511 0.114535 0.027610 0.016672 0.008672
0 0 0.799037 0.129309 0.036264 0.023460 0.011930
0 0 0.673926 0.169334 0.072718 0.054968 0.029053
0 0 0.527526 0.231385 0.130843 0.069089 0.041156
0 0 0.378169 0.295663 0.210615 0.069106 0.046446
0 0 0.341359 0.304856 0.235174 0.064453 0.054158
0 0 0.352951 0.287326 0.226465 0.067154 0.066104
0 0 0.394925 0.282098 0.201106 0.067767 0.054104
0 0 0.413665 0.275147 0.189307 0.071560 0.050321
0 0 0.512453 0.228883 0.137113 0.071908 0.049643
0 0 0.645409 0.172512 0.082472 0.058139 0.041469
0 0 0.640140 0.168614 0.084301 0.052746 0.054198
0 0 0.655934 0.165930 0.079446 0.049394 0.049296
0 0 0.512188 0.202097 0.131427 0.078007 0.076280
0 0 0.538054 0.181281 0.116323 0.075013 0.089329
0 0 0.532506 0.186167 0.120018 0.070981 0.090329
0 0 0.588160 0.174108 0.100032 0.062034 0.075666
0 0 0.510636 0.206404 0.134311 0.065710 0.082940
0 0 0.367088 0.278325 0.217216 0.065245 0.072126
1 0 0.268749 0.321473 0.287725 0.059176 0.062878
2 0 0.211591 0.333630 0.335748 0.057344 0.061687
1 0 0.223533 0.333810 0.324546 0.060178 0.057933
1 0 0.243877 0.319762 0.305759 0.066930 0.063673
1 0 0.278986 0.320157 0.278333 0.066632 0.055893
1 0 0.224018 0.331803 0.323296 0.063891 0.056992
1 0 0.258256 0.317607 0.294116 0.067223 0.062798
0 0 0.382592 0.286128 0.207787 0.070624 0.052869
0 0 0.518194 0.238662 0.136164 0.065423 0.041557
0 0 0.595460 0.196501 0.102381 0.059735 0.045923
0 0 0.636336 0.183392 0.087409 0.052838 0.040024
0 0 0.527443 0.240169 0.133481 0.057849 0.041058
0 0 0.399488 0.289167 0.200043 0.060656 0.050646
0 0 0.338719 0.307526 0.238124 0.058775 0.056856
0 0 0.376539 0.296629 0.214552 0.056777 0.055502
0 0 0.385636 0.290079 0.208634 0.058643 0.057007
0 0 0.492271 0.239558 0.148868 0.063221 0.056082
0 0 0.552424 0.216542 0.119759 0.067076 0.044200
0 0 0.677501 0.167159 0.072081 0.051903 0.031356
0 0 0.789304 0.132015 0.039395 0.024322 0.014963
0 0 0.874929 0.092304 0.017825 0.009151 0.005792
0 0 0.877356 0.090776 0.017359 0.008697 0.005813
0 0 0.817537 0.119821 0.032028 0.018233 0.012382
0 0 0.731781 0.151996 0.055791 0.037388 0.023043
0 0 0.679861 0.169514 0.071570 0.050131 0.028924
0 0 0.576253 0.224585 0.111686 0.055017 0.032460
0 0 0.408040 0.286652 0.195029 0.060814 0.049465
0 0 0.329358 0.303410 0.243764 0.060778 0.062689
1 0 0.305254 0.309382 0.260516 0.059659 0.065189
1 0 0.285540 0.314689 0.274721 0.060217 0.064834
0 0 0.311651 0.305804 0.255937 0.059210 0.067398
0 0 0.330286 0.302488 0.243341 0.059276 0.064610
0 0 0.341056 0.290912 0.235109 0.060524 0.072398
0 0 0.355656 0.277505 0.223868 0.062403 0.080568
0 0 0.408976 0.253962 0.190194 0.063478 0.083390
0 0 0.413285 0.260214 0.189350 0.064693 0.072458
0 0 0.393168 0.267550 0.201093 0.064682 0.073506
0 0 0.399324 0.266649 0.197838 0.063399 0.072789
0 0 0.447350 0.248585 0.170940 0.062369 0.070756
0 0 0.412891 0.267889 0.191115 0.061956 0.066149
0 0 0.361115 0.278870 0.220988 0.062912 0.076115
0 0 0.359626 0.276793 0.221416 0.062967 0.079196
0 0 0.402736 0.260886 0.194962 0.063095 0.078321
0 0 0.398347 0.270908 0.199139 0.062670 0.068936
0 0 0.367621 0.285498 0.218290 0.062298 0.066294
1 0 0.309889 0.314268 0.257523 0.059521 0.058800
1 0 0.303330 0.314638 0.262147 0.059389 0.060496
0 0 0.318793 0.312308 0.251212 0.060246 0.057441
0 0 0.321526 0.315413 0.249270 0.060278 0.053514
1 0 0.257345 0.333213 0.296352 0.059750 0.053339
1 0 0.268831 0.326027 0.287294 0.061090 0.056758
0 0 0.323160 0.315325 0.247860 0.061465 0.052189
1 0 0.317068 0.326218 0.251842 0.059117 0.045755
1 0 0.300706 0.317227 0.263830 0.060440 0.057796
0 0 0.337461 0.300046 0.238016 0.062474 0.062003
0 0 0.343565 0.306515 0.234404 0.061374 0.054141
1 0 0.286023 0.324546 0.274255 0.061074 0.054102
1 0 0.264666 0.326133 0.290692 0.060371 0.058138
1 0 0.240605 0.338844 0.309755 0.059476 0.051320
2 0 0.197566 0.343451 0.347879 0.059105 0.051998
2 0 0.177766 0.335400 0.366915 0.062622 0.057297
2 0 0.193124 0.331808 0.351092 0.065683 0.058293
2 0 0.206107 0.333152 0.339302 0.063929 0.057511
2 0 0.160218 0.335864 0.386674 0.056707 0.060537
2 0 0.172126 0.329289 0.373880 0.056222 0.068483
2 0 0.212532 0.323464 0.334081 0.059204 0.070719
1 0 0.274139 0.315102 0.282593 0.063414 0.064753
0 0 0.327438 0.297279 0.243469 0.067047 0.064767
0 0 0.384293 0.284896 0.207846 0.065806 0.057160
0 0 0.352362 0.296999 0.228125 0.063903 0.058612
0 0 0.328443 0.298513 0.243639 0.062895 0.066509
0 0 0.328100 0.297486 0.243834 0.062380 0.068200
1 0 0.302950 0.305688 0.261284 0.062983 0.067095
1 0 0.274830 0.306536 0.281365 0.062273 0.074996
0 0 0.297252 0.293386 0.263218 0.063122 0.083022
0 0 0.329520 0.287764 0.241284 0.064122 0.077310
0 0 0.297259 0.287489 0.261571 0.066098 0.087583
2 0 0.199755 0.309409 0.343199 0.059243 0.088395
2 0 0.132089 0.307807 0.416022 0.051514 0.092568
2 0 0.191593 0.303942 0.349004 0.051829 0.103633
0 0 0.296201 0.192820 0.203410 0.061186 0.246383
0 0 0.317943 0.186585 0.190927 0.073790 0.230754
0 0 0.500025 0.172233 0.122988 0.070187 0.134567
0 0 0.453358 0.159120 0.126002 0.061387 0.200133
0 0 0.512419 0.166886 0.116576 0.061277 0.142842
0 1 0.457729 0.156882 0.123003 0.057940 0.204446
0 1 0.403786 0.147578 0.128452 0.057041 0.263143
4 1 0.328319 0.125916 0.124808 0.047984 0.372974
4 1 0.308782 0.123792 0.128024 0.050044 0.389357
4 1 0.257749 0.112333 0.129030 0.049587 0.451300
4 1 0.258132 0.114168 0.131692 0.051872 0.444137
4 1 0.266122 0.114367 0.129057 0.049750 0.440705
4 1 0.282137 0.125622 0.139669 0.059959 0.392613
4 1 0.280154 0.130474 0.147291 0.067858 0.374223
4 1 0.259353 0.125509 0.148392 0.068092 0.398653
4 1 0.261339 0.138239 0.163707 0.073522 0.363193
4 1 0.170372 0.143517 0.211921 0.059524 0.414667
4 2 0.162025 0.150151 0.224854 0.052531 0.410439
4 2 0.157623 0.155916 0.234936 0.048764 0.402761
4 2 0.172967 0.189461 0.269170 0.051771 0.316632
4 2 0.151143 0.186993 0.283890 0.049008 0.328966
2 2 0.156195 0.234475 0.335640 0.050588 0.223103
2 2 0.106054 0.258500 0.423831 0.047596 0.164019
2 2 0.089017 0.259178 0.455791 0.050502 0.145511
2 2 0.075361 0.248518 0.505336 0.060304 0.110481
2 2 0.057679 0.209971 0.569080 0.067445 0.095825
2 2 0.052587 0.190449 0.588717 0.069204 0.099043
2 2 0.053790 0.195415 0.583194 0.066372 0.101229
2 2 0.060305 0.209019 0.559167 0.066499 0.105010
2 2 0.056410 0.204309 0.573792 0.067345 0.098144
2 2 0.047952 0.191642 0.607475 0.071483 0.081448
2 2 0.032963 0.153421 0.674436 0.069184 0.069995
2 2 0.023471 0.120294 0.725180 0.067020 0.064035
2 2 0.017615 0.096523 0.760838 0.065637 0.059388
2 2 0.014827 0.080748 0.777538 0.068597 0.058290
2 2 0.012191 0.068302 0.795387 0.068519 0.055601
2 2 0.011170 0.061749 0.800998 0.070780 0.055303
2 2 0.010498 0.056408 0.803203 0.074171 0.055719
2 3 0.010275 0.052863 0.801165 0.078677 0.057021
2 3 0.010980 0.054521 0.794078 0.081485 0.058936
2 3 0.013652 0.063075 0.773289 0.086173 0.063813
2 3 0.016775 0.071076 0.750075 0.092679 0.069395
2 3 0.018868 0.073067 0.732133 0.101456 0.074476
2 3 0.019775 0.064713 0.709568 0.123585 0.082359
2 3 0.018942 0.058316 0.704212 0.133744 0.084787
2 3 0.018798 0.055720 0.699126 0.139953 0.086404
2 3 0.017703 0.053266 0.705381 0.139161 0.084488
2 3 0.018279 0.055364 0.704423 0.137409 0.084526
2 3 0.025702 0.069944 0.664410 0.146322 0.093621
2 3 0.035464 0.075291 0.601275 0.184231 0.103739
2 3 0.041307 0.064162 0.532690 0.254196 0.107643
2 3 0.046750 0.052639 0.452675 0.342657 0.105279
3 3 0.053378 0.045948 0.379568 0.417507 0.103599
3 3 0.056822 0.041928 0.338544 0.461161 0.101545
3 3 0.055382 0.039485 0.330782 0.473770 0.100581
3 3 0.060524 0.048169 0.354964 0.428423 0.107921
3 3 0.072616 0.062792 0.365481 0.381940 0.117171
2 3 0.087633 0.083561 0.380435 0.325469 0.122901
2 3 0.083465 0.085505 0.391677 0.314882 0.124471
3 3 0.083345 0.069749 0.349960 0.379429 0.117517
3 3 0.074683 0.046792 0.289972 0.484896 0.103657
3 3 0.065759 0.040599 0.290471 0.506048 0.097124
3 3 0.061163 0.039650 0.304337 0.496587 0.098262
3 3 0.059026 0.040925 0.321960 0.475616 0.102472
3 3 0.056590 0.041353 0.336360 0.460530 0.105166
3 3 0.057587 0.043920 0.346349 0.442833 0.109311
3 3 0.062899 0.049813 0.352002 0.421983 0.113303
3 3 0.063633 0.053658 0.366527 0.401490 0.114692
3 3 0.063223 0.055153 0.375167 0.394435 0.112022
2 3 0.063446 0.066108 0.416591 0.340212 0.113644
2 3 0.075993 0.077987 0.400640 0.328432 0.116948
3 3 0.098911 0.083240 0.339165 0.359189 0.119496
3 3 0.095789 0.077003 0.332203 0.377374 0.117632
3 3 0.078033 0.067062 0.360069 0.379228 0.115608
3 3 0.059688 0.053089 0.382582 0.392619 0.112022
3 3 0.049911 0.041357 0.372288 0.429885 0.106559
3 3 0.048629 0.036337 0.346528 0.468046 0.100460
3 3 0.058592 0.038361 0.307938 0.497793 0.097316
3 3 0.073257 0.041965 0.269814 0.519816 0.095149
3 3 0.087606 0.045800 0.244182 0.528040 0.094373
3 3 0.094827 0.047556 0.232914 0.530869 0.093835
3 3 0.089434 0.045137 0.236008 0.537238 0.092184
3 3 0.082220 0.043193 0.247063 0.535157 0.092368
3 3 0.077694 0.041407 0.251771 0.537715 0.091414
3 3 0.077504 0.043758 0.264878 0.517714 0.096146
3 3 0.076832 0.044086 0.268823 0.513079 0.097179
3 3 0.075371 0.049382 0.299722 0.475245 0.100280
3 3 0.069099 0.060198 0.370795 0.396053 0.103855
2 3 0.060953 0.059138 0.403113 0.372599 0.104196
3 3 0.059585 0.050612 0.371749 0.416141 0.101913
3 3 0.059654 0.048672 0.361718 0.429946 0.100010
3 3 0.074308 0.048155 0.297683 0.480810 0.099044
3 3 0.083323 0.045153 0.253537 0.522492 0.095494
3 3 0.078337 0.040134 0.242750 0.550279 0.088500
3 3 0.074376 0.036454 0.234031 0.572019 0.083120
3 3 0.071287 0.034683 0.233170 0.579794 0.081067
3 3 0.072141 0.039520 0.259887 0.537603 0.090851
3 3 0.085321 0.048050 0.261274 0.505611 0.099744
3 3 0.087324 0.050080 0.264340 0.498037 0.100219
3 3 0.075791 0.045774 0.280817 0.499424 0.098194
3 3 0.062377 0.036433 0.278387 0.532341 0.090462
3 3 0.055402 0.033612 0.290173 0.531909 0.088904
3 3 0.055273 0.034913 0.300343 0.517451 0.092019
3 3 0.072306 0.050914 0.318276 0.447020 0.111484
2 3 0.092768 0.088473 0.368433 0.324410 0.125915
2 3 0.189157 0.195923 0.328354 0.172385 0.114181
0 3 0.394273 0.209246 0.175432 0.117117 0.103931
0 2 0.584067 0.177895 0.101884 0.067738 0.068416
0 2 0.366553 0.280059 0.216803 0.071349 0.065236
2 2 0.193676 0.318419 0.350764 0.059362 0.077779
2 2 0.123551 0.316695 0.429578 0.048840 0.081337
2 2 0.120068 0.331117 0.435917 0.049602 0.063296
2 2 0.071184 0.301631 0.511767 0.050897 0.064521
2 2 0.038111 0.185054 0.647009 0.061756 0.068071
2 2 0.029640 0.144381 0.691320 0.067200 0.067458
2 2 0.029567 0.141118 0.691725 0.069183 0.068408
2 2 0.031067 0.154771 0.683480 0.064130 0.066552
2 2 0.033625 0.167336 0.669771 0.062493 0.066776
2 2 0.034074 0.167870 0.667673 0.063099 0.067285
2 2 0.030619 0.149217 0.686150 0.066464 0.067550
2 2 0.025232 0.127081 0.715185 0.067302 0.065201
2 2 0.022217 0.114312 0.732308 0.067626 0.063538
2 2 0.021387 0.109110 0.736789 0.069062 0.063652
2 2 0.022971 0.112404 0.726945 0.071764 0.065917
2 2 0.029576 0.136736 0.691490 0.072280 0.069918
2 2 0.040821 0.175292 0.636722 0.064609 0.082556
2 2 0.066590 0.212279 0.531800 0.059313 0.130018
2 2 0.091901 0.235951 0.446827 0.054056 0.171265
2 2 0.115679 0.216809 0.365515 0.051002 0.250995
2 2 0.125828 0.199246 0.329246 0.051759 0.293920
4 4 0.139026 0.169994 0.272712 0.051022 0.367246
4 4 0.145736 0.155300 0.244717 0.051102 0.403144
4 4 0.160179 0.122023 0.183517 0.051306 0.482975
4 4 0.173367 0.113097 0.163191 0.052887 0.497458
4 4 0.166871 0.105984 0.155196 0.051401 0.520549
4 4 0.165716 0.099761 0.145482 0.049157 0.539883
4 4 0.164904 0.091986 0.133136 0.046902 0.563072
4 4 0.160105 0.097767 0.143846 0.045418 0.552863
4 4 0.151128 0.111176 0.168897 0.043177 0.525623
4 4 0.143786 0.130630 0.204557 0.043191 0.477836
4 4 0.139941 0.163730 0.259531 0.044841 0.391957
4 4 0.124321 0.181665 0.302187 0.044166 0.347661
2 4 0.112917 0.207259 0.353647 0.044572 0.281605
2 4 0.101981 0.230406 0.400798 0.045540 0.221275
2 4 0.089765 0.255162 0.450178 0.048320 0.156575
2 4 0.086800 0.265497 0.465676 0.053342 0.128686
2 2 0.078699 0.249226 0.494727 0.059664 0.117683
2 2 0.087953 0.247980 0.466351 0.058841 0.138875
2 2 0.097511 0.250842 0.433603 0.053506 0.164538
2 2 0.109988 0.224452 0.382819 0.049692 0.233049
2 2 0.115207 0.211569 0.358083 0.048174 0.266966
4 4 0.129514 0.178922 0.293786 0.046999 0.350779
4 4 0.139363 0.153446 0.245189 0.046153 0.415849
4 4 0.152252 0.114664 0.174310 0.044584 0.514190
4 4 0.165033 0.092470 0.133884 0.047083 0.561530
4 4 0.162752 0.084148 0.121011 0.044055 0.588035
4 4 0.159807 0.081972 0.118188 0.042063 0.597970
4 4 0.152921 0.077010 0.111700 0.037719 0.620650
4 4 0.149022 0.074272 0.108093 0.035435 0.633178
4 4 0.150325 0.075182 0.109293 0.036185 0.629015
4 4 0.148805 0.115955 0.177754 0.042871 0.514615
4 4 0.131249 0.175537 0.286988 0.047149 0.359077
2 4 0.103335 0.237815 0.409398 0.050803 0.198649
2 4 0.068282 0.222057 0.526586 0.058571 0.124503
2 2 0.038788 0.170059 0.646521 0.067690 0.076942
2 2 0.030246 0.142874 0.688204 0.069687 0.068988
2 2 0.027130 0.133197 0.704679 0.068278 0.066716
2 2 0.028146 0.136957 0.699225 0.068376 0.067296
2 2 0.032883 0.154353 0.674771 0.068421 0.069572
2 2 0.039299 0.178511 0.643279 0.064873 0.074038
2 2 0.045815 0.194692 0.614243 0.063723 0.081527
2 2 0.043487 0.187041 0.624766 0.065163 0.079543
2 2 0.041238 0.171605 0.635842 0.069516 0.081800
2 2 0.034185 0.154686 0.668556 0.071085 0.071489
2 2 0.030252 0.143747 0.688178 0.069115 0.068708
2 2 0.024269 0.124823 0.720740 0.066099 0.064069
2 2 0.025192 0.121256 0.714706 0.071627 0.067219
2 2 0.025523 0.128226 0.713562 0.067317 0.065372
2 2 0.020804 0.117651 0.741902 0.060431 0.059213
2 2 0.036733 0.159548 0.656510 0.071739 0.075469
2 2 0.050212 0.196236 0.598694 0.073557 0.081301
2 2 0.017423 0.098834 0.762986 0.062796 0.057961
2 2 0.020833 0.115420 0.741546 0.062141 0.060059
2 2 0.018927 0.101481 0.752334 0.066495 0.060764
2 2 0.014680 0.083112 0.780164 0.065281 0.056762
2 2 0.013247 0.074500 0.788913 0.067169 0.056172
2 2 0.012928 0.070553 0.789278 0.070188 0.057053
2 2 0.013118 0.073688 0.789667 0.067394 0.056132
2 2 0.013253 0.078002 0.790958 0.063239 0.054548
2 2 0.012101 0.068407 0.796463 0.067809 0.055221
2 2 0.010674 0.056727 0.801314 0.075029 0.056256
2 2 0.010415 0.053970 0.800919 0.077795 0.056901
2 2 0.010623 0.058701 0.804425 0.071393 0.054859
2 2 0.011857 0.065974 0.797085 0.069479 0.055604
2 2 0.011520 0.065399 0.800422 0.068010 0.054649
2 2 0.010963 0.059557 0.801122 0.072620 0.055739
2 2 0.010564 0.055824 0.801559 0.075700 0.056354
2 2 0.009997 0.053801 0.806411 0.074585 0.055205
2 2 0.010008 0.055120 0.808067 0.072379 0.054426
2 2 0.011303 0.058818 0.795954 0.076386 0.057540
2 2 0.014381 0.070222 0.773656 0.079559 0.062183
2 2 0.040488 0.121000 0.665226 0.099275 0.074011
2 2 0.282856 0.200669 0.289635 0.147252 0.079589
0 2 0.788676 0.129869 0.040202 0.022332 0.018921
0 2 0.725104 0.155200 0.057338 0.040570 0.021789
0 2 0.321503 0.313741 0.247070 0.069008 0.048678
2 2 0.135098 0.339094 0.415827 0.054486 0.055495
2 2 0.108027 0.327667 0.451735 0.053546 0.059025
2 2 0.024072 0.119386 0.724147 0.068400 0.063995
2 2 0.010907 0.060370 0.802736 0.070942 0.055044
2 2 0.011620 0.062167 0.796035 0.073367 0.056811
2 2 0.012809 0.065829 0.786175 0.076018 0.059169
2 2 0.013208 0.066562 0.782497 0.077550 0.060183
2 2 0.014009 0.066356 0.773416 0.083112 0.063107
2 2 0.014865 0.069835 0.768191 0.083105 0.064004
2 3 0.019267 0.086335 0.742095 0.083946 0.068356
2 3 0.023991 0.093425 0.710203 0.095791 0.076590
2 3 0.023347 0.080684 0.702135 0.111891 0.081943
2 3 0.027484 0.077404 0.663191 0.138237 0.093684
2 3 0.037480 0.082101 0.600264 0.174002 0.106153
2 3 0.041130 0.076207 0.565600 0.207580 0.109483
2 3 0.041768 0.064428 0.530682 0.255976 0.107146
2 3 0.046612 0.062552 0.494230 0.291377 0.105228
2 3 0.048632 0.063060 0.484205 0.300315 0.103789
2 3 0.046133 0.053861 0.462737 0.336791 0.100478
2 3 0.046651 0.054414 0.461720 0.334605 0.102610
2 3 0.059184 0.067859 0.443102 0.319351 0.110504
2 3 0.071876 0.067627 0.385544 0.359868 0.115084
3 3 0.073511 0.055035 0.331872 0.429954 0.109629
3 3 0.064057 0.040744 0.298399 0.498234 0.098566
3 3 0.061060 0.039762 0.305493 0.495113 0.098572
3 3 0.067385 0.046573 0.316674 0.463884 0.105484
3 3 0.068625 0.056088 0.355719 0.408733 0.110835
3 3 0.064777 0.055192 0.368495 0.402293 0.109244
3 3 0.066647 0.052290 0.347417 0.425548 0.108098
3 3 0.072919 0.047520 0.299955 0.473475 0.106130
3 3 0.076293 0.047379 0.287176 0.485384 0.103768
3 3 0.078796 0.043660 0.260147 0.522194 0.095204
3 3 0.081252 0.043848 0.253353 0.527379 0.094168
3 3 0.083352 0.044944 0.252427 0.524193 0.095084
3 3 0.086305 0.050781 0.270512 0.488319 0.104082
3 3 0.084243 0.052917 0.285919 0.467935 0.108986
3 3 0.082898 0.050386 0.279245 0.482146 0.105324
3 3 0.086948 0.051306 0.270802 0.487749 0.103195
3 3 0.099945 0.061377 0.273208 0.457040 0.108430
3 3 0.096186 0.076845 0.330580 0.378310 0.118079
2 3 0.069974 0.077376 0.422484 0.312778 0.117388
2 3 0.054899 0.075768 0.487477 0.268770 0.113085
2 3 0.062549 0.101375 0.509243 0.210179 0.116653
2 3 0.096299 0.124460 0.435291 0.222305 0.121644
2 3 0.090334 0.095763 0.396335 0.293447 0.124121
3 3 0.088743 0.065533 0.318937 0.411926 0.114860
3 3 0.085886 0.054858 0.288766 0.459978 0.110512
3 3 0.091829 0.054084 0.268256 0.479107 0.106725
3 3 0.098985 0.056434 0.258183 0.479569 0.106830
3 3 0.105686 0.058746 0.250037 0.479606 0.105926
3 3 0.111821 0.060710 0.242680 0.480355 0.104435
3 3 0.113769 0.058395 0.230808 0.496496 0.100532
3 3 0.116597 0.058465 0.225243 0.499462 0.100233
3 3 0.127401 0.073155 0.251992 0.444019 0.103433
3 3 0.101271 0.079616 0.324360 0.385806 0.108946
3 3 0.085881 0.070166 0.343532 0.392705 0.107717
3 3 0.075511 0.061676 0.350884 0.405280 0.106649
3 3 0.074039 0.058458 0.344009 0.416756 0.106737
3 3 0.071334 0.058376 0.354251 0.408605 0.107434
3 3 0.081062 0.066027 0.346019 0.394468 0.112424
2 3 0.097043 0.087480 0.356649 0.338486 0.120342
2 3 0.121952 0.101788 0.334178 0.322035 0.120047
2 3 0.113561 0.096074 0.339079 0.333530 0.117756
2 3 0.088939 0.082864 0.368523 0.342767 0.116908
2 3 0.070347 0.067518 0.391845 0.359426 0.110865
2 3 0.051674 0.054326 0.431123 0.359562 0.103314
2 3 0.048516 0.052047 0.439132 0.356911 0.103394
2 3 0.059123 0.068068 0.443529 0.315449 0.113831
2 3 0.070814 0.091475 0.451042 0.263724 0.122945
2 3 0.087199 0.108607 0.421914 0.252478 0.129802
2 3 0.087840 0.111586 0.424551 0.247200 0.128823
2 3 0.079995 0.113862 0.453731 0.227001 0.125411
2 3 0.084992 0.103544 0.421315 0.261493 0.128657
2 3 0.093510 0.083150 0.353474 0.342060 0.127806
3 3 0.111471 0.077155 0.290679 0.396220 0.124475
3 3 0.145570 0.079760 0.229562 0.426855 0.118252
3 3 0.195886 0.118991 0.237153 0.332301 0.115670
3 3 0.231631 0.137146 0.228446 0.293765 0.109011
0 3 0.316994 0.171026 0.196801 0.213762 0.101417
0 3 0.452807 0.191368 0.144709 0.115854 0.095261
0 2 0.622340 0.175063 0.089915 0.061822 0.050860
0 2 0.341598 0.296513 0.234070 0.068105 0.059714
2 2 0.198188 0.320825 0.347115 0.056952 0.076920
2 2 0.131577 0.306808 0.416247 0.049642 0.095726
2 2 0.150792 0.318547 0.395997 0.052881 0.081783
2 2 0.110339 0.280568 0.434677 0.053227 0.121189
2 2 0.103602 0.294405 0.452099 0.053346 0.096549
2 2 0.078196 0.288736 0.494925 0.052111 0.086031
2 2 0.051385 0.220272 0.587752 0.058064 0.082528
2 2 0.040910 0.180405 0.636012 0.064115 0.078558
2 2 0.040344 0.166474 0.639882 0.070339 0.082961
2 2 0.044895 0.167065 0.619379 0.071111 0.097549
2 2 0.063754 0.198510 0.545069 0.066845 0.125823
2 2 0.084176 0.229936 0.475852 0.059975 0.150061
2 2 0.102625 0.245261 0.419848 0.055014 0.177252
2 2 0.101660 0.246139 0.422219 0.054593 0.175390
2 2 0.098254 0.252043 0.433902 0.055289 0.160512
2 2 0.087410 0.260463 0.466822 0.056632 0.128672
2 2 0.064975 0.229567 0.540045 0.061016 0.104397
2 2 0.046077 0.191466 0.614124 0.066701 0.081632
2 2 0.036241 0.168355 0.658013 0.067104 0.070286
2 2 0.035272 0.163366 0.662918 0.068050 0.070394
2 2 0.036141 0.161644 0.659140 0.070872 0.072203
2 2 0.045540 0.178946 0.618379 0.077884 0.079250
2 2 0.069322 0.229532 0.545883 0.076248 0.079015
2 2 0.145440 0.307684 0.398099 0.070678 0.078100
2 2 0.136968 0.325832 0.412203 0.061333 0.063665
2 2 0.081160 0.312125 0.494076 0.050849 0.061790
2 2 0.040799 0.215703 0.629903 0.051754 0.061842
2 2 0.027900 0.154065 0.699112 0.057398 0.061525
2 2 0.021543 0.121410 0.737325 0.060172 0.059550
2 2 0.021813 0.119925 0.735564 0.062059 0.060640
2 2 0.025649 0.134519 0.712998 0.063344 0.063490
2 2 0.031115 0.152308 0.683478 0.065707 0.067391
2 2 0.033462 0.160611 0.671491 0.065910 0.068525
2 2 0.034510 0.161515 0.666503 0.066367 0.071105
2 2 0.035049 0.161076 0.664146 0.068957 0.070772
2 2 0.034017 0.161112 0.668876 0.066782 0.069214
2 2 0.030695 0.156754 0.685028 0.062168 0.065354
2 2 0.028573 0.151083 0.696216 0.060584 0.063544
2 2 0.025741 0.134992 0.712476 0.063283 0.063509
2 2 0.020677 0.113265 0.742348 0.063233 0.060477
2 2 0.017850 0.101945 0.760455 0.061884 0.057866
2 2 0.016861 0.100208 0.767583 0.059387 0.055961
2 2 0.018207 0.103312 0.758084 0.062146 0.058251
2 2 0.017850 0.102978 0.760657 0.061040 0.057475
2 2 0.018618 0.108130 0.755879 0.059887 0.057486
2 2 0.018858 0.108447 0.754226 0.060516 0.057953
2 2 0.017979 0.100294 0.759116 0.063780 0.058831
2 2 0.017078 0.095308 0.764685 0.064479 0.058450
2 2 0.018517 0.102438 0.755612 0.064069 0.059363
2 2 0.017417 0.097693 0.762731 0.063764 0.058395
2 2 0.014635 0.083970 0.780978 0.064171 0.056246
2 2 0.013145 0.075401 0.790519 0.065535 0.055400
2 2 0.012548 0.072257 0.794565 0.065754 0.054876
2 2 0.013299 0.076686 0.789772 0.064938 0.055305
2 2 0.015387 0.087417 0.775830 0.064367 0.056998
2 2 0.018706 0.102794 0.754302 0.064499 0.059698
2 2 0.021794 0.115758 0.735295 0.065079 0.062075
2 2 0.019592 0.111527 0.749485 0.060801 0.058595
2 2 0.018229 0.108121 0.758626 0.058483 0.056541
2 2 0.016754 0.100832 0.768505 0.058462 0.055446
2 2 0.015350 0.091066 0.777455 0.060757 0.055372
2 2 0.015027 0.085072 0.777970 0.064983 0.056948
2 2 0.014928 0.082532 0.777607 0.067153 0.057780
2 2 0.018118 0.094113 0.755981 0.070066 0.061721
2 2 0.026493 0.134062 0.709503 0.065428 0.064513
2 2 0.078850 0.276003 0.522190 0.058702 0.064255
2 2 0.066201 0.277708 0.539202 0.053103 0.063787
2 2 0.053088 0.234593 0.578424 0.057264 0.076630
2 2 0.070720 0.229219 0.515399 0.054606 0.130055
2 2 0.084308 0.262284 0.466795 0.047768 0.138844
2 4 0.073869 0.266406 0.489621 0.040144 0.129961
2 4 0.095064 0.242012 0.425975 0.045347 0.191602
4 4 0.171245 0.166227 0.239598 0.049982 0.372947
4 4 0.145066 0.159186 0.251448 0.051869 0.392432
4 4 0.183421 0.135864 0.191581 0.054932 0.434203
4 4 0.160893 0.089361 0.129920 0.044098 0.575729
4 4 0.203584 0.139699 0.186586 0.056560 0.413570
4 4 0.228449 0.159213 0.199999 0.061240 0.351100
0 4 0.294022 0.176638 0.190522 0.066935 0.271883
0 4 0.444211 0.158183 0.127615 0.061938 0.208053
0 0 0.580514 0.164448 0.098609 0.051043 0.105386
0 1 0.502323 0.172504 0.122520 0.070180 0.132472
0 1 0.452171 0.183268 0.142810 0.076251 0.145501
0 2 0.377639 0.186166 0.168457 0.074132 0.193607
0 2 0.313159 0.166213 0.173040 0.066091 0.281498
4 2 0.164832 0.083441 0.118534 0.042157 0.591036
4 2 0.145471 0.071822 0.104848 0.033457 0.644403
4 4 0.133067 0.063556 0.093787 0.027224 0.682367
4 4 0.117884 0.054009 0.080785 0.020821 0.726500
4 4 0.105279 0.046517 0.070404 0.016361 0.761439
4 4 0.089812 0.037829 0.058153 0.011788 0.802418
4 4 0.076135 0.030597 0.047759 0.008465 0.837044
4 4 0.075180 0.030108 0.047050 0.008257 0.839405
4 4 0.077839 0.031475 0.049032 0.008845 0.832809
4 4 0.074505 0.029763 0.046549 0.008111 0.841071
4 4 0.086120 0.035836 0.055307 0.010828 0.811909
4 4 0.111634 0.050247 0.075593 0.018521 0.744005
4 4 0.125081 0.058461 0.086878 0.023704 0.705876
4 4 0.136250 0.063045 0.091164 0.025645 0.683896
4 4 0.158335 0.074466 0.103929 0.032467 0.630804
4 4 0.141444 0.069089 0.101210 0.031322 0.656935
4 4 0.122805 0.057038 0.084938 0.022764 0.712455
4 4 0.121140 0.056007 0.083526 0.022093 0.717234
4 4 0.109806 0.049165 0.074091 0.017882 0.749056
4 4 0.105872 0.046861 0.070884 0.016556 0.759827
4 4 0.102600 0.044973 0.068244 0.015502 0.768681
4 4 0.104992 0.046351 0.070173 0.016268 0.762216
4 4 0.094431 0.040367 0.061757 0.013058 0.790387
4 4 0.093471 0.039835 0.061004 0.012788 0.792903
4 4 0.097097 0.041853 0.063858 0.013827 0.783365
4 4 0.105225 0.046486 0.070361 0.016344 0.761583
4 4 0.109920 0.049232 0.074184 0.017921 0.748743
4 4 0.113838 0.051563 0.077413 0.019312 0.737874
4 4 0.112351 0.050674 0.076184 0.018776 0.742015
4 4 0.107022 0.047531 0.071819 0.016937 0.756692
4 4 0.090960 0.038456 0.059045 0.012096 0.799443
4 4 0.076799 0.030938 0.048255 0.008612 0.835396
4 4 0.071764 0.028375 0.044526 0.007534 0.847801
4 4 0.076924 0.031003 0.048348 0.008640 0.835085
4 4 0.086540 0.036061 0.055629 0.010935 0.810835
4 4 0.087800 0.036739 0.056598 0.011259 0.807603
4 4 0.107962 0.048080 0.072584 0.017252 0.754122
4 4 0.096557 0.041551 0.063431 0.013669 0.784793
4 4 0.097609 0.042141 0.064263 0.013978 0.782008
4 4 0.097213 0.041919 0.063949 0.013861 0.783058
4 4 0.106541 0.047251 0.071428 0.016777 0.758004
4 4 0.116192 0.052981 0.079371 0.020181 0.731274
4 4 0.128368 0.060537 0.089702 0.025110 0.696282
4 4 0.135272 0.064993 0.095723 0.028260 0.675753
4 4 0.143769 0.070661 0.103305 0.032541 0.649725
4 4 0.138034 0.066813 0.098166 0.029601 0.667386
4 4 0.127545 0.060015 0.088993 0.024753 0.698694
4 4 0.128681 0.060737 0.089973 0.025247 0.695363
4 4 0.138096 0.066854 0.098221 0.029631 0.667197
4 4 0.144369 0.071069 0.103847 0.032861 0.647854
4 4 0.149607 0.074680 0.108632 0.035770 0.631311
4 4 0.144059 0.070857 0.103567 0.032695 0.648822
4 4 0.132729 0.063337 0.093491 0.027068 0.683375
4 4 0.127227 0.059813 0.088719 0.024615 0.699626
4 4 0.122138 0.056624 0.084372 0.022494 0.714372
4 4 0.119276 0.054860 0.081954 0.021359 0.722550
4 4 0.109577 0.049029 0.073903 0.017803 0.749688
4 4 0.107450 0.047781 0.072166 0.017080 0.755523
4 4 0.100495 0.043772 0.066558 0.014847 0.774329
4 4 0.110730 0.049710 0.074849 0.018203 0.746508
4 4 0.126429 0.059309 0.088033 0.024274 0.701956
4 4 0.136051 0.065504 0.096410 0.028634 0.673401
4 4 0.131267 0.062392 0.092215 0.026399 0.687727
4 4 0.114147 0.051748 0.077670 0.019424 0.737010
4 4 0.114266 0.051820 0.077768 0.019468 0.736679
4 4 0.111062 0.049907 0.075122 0.018320 0.745589
4 4 0.113980 0.051648 0.077531 0.019363 0.737477
4 4 0.124098 0.057845 0.086038 0.023295 0.708724
4 4 0.141096 0.068855 0.100898 0.031143 0.658008
4 4 0.143133 0.070229 0.102731 0.032204 0.651703
4 4 0.151672 0.082146 0.120440 0.037975 0.607767
4 4 0.149081 0.111162 0.169606 0.042021 0.528130
4 2 0.144243 0.133139 0.208579 0.044051 0.469987
4 2 0.148919 0.150821 0.233068 0.046062 0.421129
4 2 0.168307 0.162795 0.237044 0.049882 0.381972
4 2 0.204999 0.177657 0.233540 0.055983 0.327821
2 2 0.210453 0.206640 0.263558 0.059811 0.259538
2 2 0.173966 0.220162 0.306122 0.058124 0.241626
2 2 0.160311 0.214563 0.311941 0.055585 0.257600
2 2 0.154612 0.206349 0.307817 0.055250 0.275971
4 2 0.146647 0.190711 0.295523 0.054168 0.312950
4 2 0.139045 0.173447 0.278296 0.052256 0.356956
4 2 0.133820 0.178220 0.289565 0.049961 0.348433
4 2 0.125791 0.184827 0.306250 0.046246 0.336886
2 2 0.117047 0.197685 0.334465 0.044205 0.306599
2 2 0.118381 0.196539 0.331424 0.044796 0.308860
2 2 0.116848 0.209391 0.352622 0.047634 0.273506
2 2 0.114813 0.218941 0.367894 0.047852 0.250501
2 2 0.108361 0.227029 0.386940 0.046649 0.231021
2 2 0.104469 0.228618 0.394518 0.045538 0.226858
2 2 0.101509 0.232972 0.405040 0.046402 0.214077
2 2 0.097210 0.243881 0.425472 0.048462 0.184975
2 2 0.093183 0.252510 0.441896 0.050035 0.162376
2 2 0.089871 0.258115 0.453294 0.050616 0.148104
2 2 0.089717 0.259758 0.455275 0.051757 0.143492
2 2 0.082567 0.257293 0.477094 0.052480 0.130567
2 2 0.072408 0.236729 0.511230 0.055572 0.124061
2 2 0.061074 0.211205 0.552739 0.059835 0.115147
2 2 0.061356 0.198808 0.553469 0.065442 0.120925
2 2 0.063383 0.201404 0.545930 0.065009 0.124274
2 2 0.073577 0.225435 0.509695 0.059860 0.131434
2 2 0.088831 0.262998 0.459943 0.053509 0.134718
2 2 0.088357 0.270647 0.466448 0.054966 0.119582
2 2 0.101055 0.283058 0.451379 0.057750 0.106758
2 2 0.147548 0.286928 0.388942 0.063802 0.112779
1 2 0.264677 0.285171 0.282823 0.070673 0.096656
1 2 0.291927 0.316063 0.269884 0.061662 0.060464
2 2 0.135953 0.322144 0.414554 0.049608 0.077741
2 2 0.123365 0.288454 0.418966 0.048021 0.121194
2 2 0.129334 0.275105 0.403356 0.051381 0.140824
2 2 0.118535 0.278569 0.420853 0.051738 0.130306
2 2 0.095206 0.262053 0.445907 0.048478 0.148357
2 2 0.091200 0.264679 0.455396 0.048448 0.140277
2 2 0.091951 0.261744 0.452631 0.051735 0.141939
2 2 0.093724 0.258534 0.447678 0.055420 0.144644
2 2 0.092387 0.261001 0.452311 0.056102 0.138199
2 2 0.093729 0.258315 0.447448 0.055232 0.145277
2 2 0.092068 0.260806 0.452559 0.055452 0.139115
2 2 0.087554 0.260969 0.466832 0.057117 0.127528
2 2 0.063981 0.221502 0.544833 0.063378 0.106305
2 2 0.048033 0.182913 0.606275 0.067262 0.095518
2 2 0.041506 0.175005 0.634038 0.066235 0.083216
2 2 0.047483 0.198314 0.606673 0.061737 0.085793
2 2 0.056177 0.231082 0.568678 0.057752 0.086311
2 2 0.066031 0.260299 0.530280 0.056597 0.086793
2 2 0.057366 0.246968 0.561828 0.060929 0.072909
2 2 0.042212 0.196579 0.628151 0.062939 0.070119
2 2 0.027167 0.140280 0.704482 0.063638 0.064434
2 2 0.019897 0.107182 0.746704 0.065302 0.060915
2 2 0.016394 0.091767 0.769015 0.064790 0.058035
2 2 0.016075 0.091642 0.771606 0.063483 0.057194
2 2 0.015556 0.088722 0.774903 0.063886 0.056934
2 2 0.014488 0.079722 0.780107 0.067971 0.057713
2 2 0.014811 0.079114 0.776674 0.070388 0.059012
2 2 0.016111 0.082066 0.766582 0.073690 0.061551
2 2 0.014737 0.074661 0.774108 0.075508 0.060986
2 3 0.013211 0.066495 0.782388 0.077673 0.060233
2 3 0.013116 0.069555 0.786426 0.072677 0.058226
2 3 0.016513 0.082921 0.763534 0.074710 0.062323
2 3 0.015431 0.080833 0.771998 0.071639 0.060099
2 3 0.014522 0.075695 0.777057 0.072957 0.059769
2 3 0.016689 0.082361 0.761573 0.076270 0.063108
2 3 0.017231 0.083960 0.757864 0.077048 0.063896
2 3 0.015438 0.074594 0.767122 0.079593 0.063252
2 3 0.014068 0.067304 0.773874 0.081994 0.062760
2 3 0.014009 0.064282 0.770822 0.086544 0.064342
2 3 0.013463 0.061002 0.772569 0.088538 0.064428
2 3 0.016354 0.069160 0.751936 0.093338 0.069212
2 3 0.023583 0.085099 0.705469 0.105842 0.080006
2 3 0.022597 0.080321 0.707986 0.108822 0.080273
2 3 0.020590 0.069881 0.710842 0.117308 0.081380
2 3 0.021223 0.066847 0.699186 0.127545 0.085199
2 3 0.019423 0.070772 0.723533 0.108782 0.077490
2 3 0.018579 0.070958 0.732024 0.103522 0.074918
2 3 0.016989 0.066287 0.741209 0.102503 0.073012
2 3 0.017624 0.064626 0.731747 0.109900 0.076103
2 3 0.020787 0.073865 0.715244 0.110721 0.079383
2 3 0.028941 0.094174 0.674985 0.114829 0.087071
2 3 0.037478 0.120300 0.643230 0.109105 0.089886
2 3 0.034606 0.124215 0.661009 0.096753 0.083418
2 3 0.027534 0.110246 0.696457 0.089372 0.076391
2 3 0.023419 0.102911 0.720434 0.082401 0.070834
2 3 0.029372 0.122245 0.689967 0.083471 0.074946
2 3 0.039570 0.150059 0.645089 0.085370 0.079912
2 2 0.035463 0.154697 0.662532 0.073875 0.073432
2 2 0.029127 0.157166 0.692536 0.058490 0.062680
2 2 0.070103 0.228856 0.524265 0.063595 0.113182
