0 0 0.497773 0.118220 0.086646 0.155400 0.141961
0 0 0.621466 0.072845 0.048247 0.121246 0.136196
0 0 0.783606 0.026575 0.014734 0.066954 0.108131
0 0 0.860416 0.011357 0.005500 0.039224 0.083503
0 0 0.852626 0.012657 0.006233 0.042031 0.086453
0 0 0.847093 0.013617 0.006783 0.044029 0.088479
0 0 0.836313 0.015568 0.007920 0.047931 0.092268
0 0 0.913868 0.004171 0.001734 0.020544 0.059683
0 0 0.912228 0.004343 0.001817 0.021091 0.060521
0 0 0.784965 0.026263 0.014532 0.066468 0.107772
0 0 0.790368 0.025036 0.013745 0.064530 0.106321
0 0 0.850399 0.013040 0.006452 0.042835 0.087275
0 0 0.849104 0.013265 0.006580 0.043303 0.087749
0 0 0.669456 0.057444 0.036382 0.106118 0.130600
0 0 0.701434 0.047933 0.029384 0.095550 0.125699
0 0 0.642219 0.066024 0.042915 0.114818 0.134025
0 0 0.499649 0.117474 0.085975 0.154941 0.141961
0 0 0.370703 0.170660 0.137116 0.168346 0.153175
0 0 0.355513 0.171962 0.138415 0.149005 0.185106
0 0 0.273042 0.189018 0.157764 0.111956 0.268220
4 0 0.164309 0.200298 0.175740 0.071023 0.388630
4 0 0.136827 0.191834 0.169591 0.057077 0.444671
4 0 0.138772 0.171421 0.148025 0.049753 0.492029
4 0 0.156922 0.173358 0.148376 0.055711 0.465633
4 0 0.166695 0.168249 0.142465 0.056292 0.466299
4 0 0.218998 0.189925 0.161254 0.086070 0.343754
0 0 0.290919 0.186263 0.154573 0.119292 0.248953
0 0 0.356931 0.167164 0.133587 0.138524 0.203795
0 0 0.492243 0.115725 0.084283 0.137469 0.170280
0 0 0.651891 0.062928 0.040535 0.111762 0.132885
0 0 0.700793 0.048118 0.029517 0.095765 0.125807
0 0 0.486292 0.122822 0.090817 0.158163 0.141906
0 0 0.386237 0.165627 0.132127 0.178696 0.137313
0 0 0.386861 0.165345 0.131840 0.178590 0.137364
0 0 0.366735 0.173864 0.140540 0.176769 0.142092
4 0 0.183500 0.198724 0.172365 0.077816 0.367594
4 0 0.159667 0.197904 0.173263 0.068294 0.400872
4 0 0.148310 0.185163 0.160697 0.058560 0.447270
4 0 0.147567 0.185824 0.161354 0.058680 0.446575
4 0 0.151029 0.191073 0.166527 0.062159 0.429212
4 0 0.158721 0.197738 0.172790 0.068167 0.402583
4 0 0.142692 0.197126 0.173811 0.061937 0.424434
4 0 0.121886 0.188895 0.167543 0.051446 0.470231
4 0 0.100016 0.190950 0.172808 0.045005 0.491221
4 0 0.083977 0.183312 0.167430 0.037624 0.527658
4 0 0.076783 0.167345 0.151748 0.031546 0.572578
4 0 0.081567 0.155117 0.138009 0.030053 0.595255
4 0 0.086050 0.158533 0.140985 0.031933 0.582498
4 0 0.097565 0.165965 0.147091 0.036817 0.552562
4 0 0.116625 0.178104 0.157329 0.045761 0.502181
4 0 0.128148 0.178826 0.156806 0.049371 0.486849
4 0 0.135503 0.165277 0.142205 0.046547 0.510468
4 0 0.132988 0.163812 0.140924 0.045398 0.516878
4 0 0.129322 0.151017 0.128408 0.040253 0.551000
4 0 0.122494 0.143335 0.121412 0.036359 0.576400
4 0 0.125895 0.143518 0.121433 0.037061 0.572094
4 0 0.111488 0.138739 0.118197 0.032548 0.599028
4 0 0.138644 0.128454 0.105786 0.035038 0.592079
4 0 0.145121 0.130679 0.107453 0.036982 0.579764
4 0 0.153311 0.140698 0.116543 0.042010 0.547438
4 0 0.132696 0.147108 0.124477 0.039615 0.556104
4 0 0.133044 0.144828 0.122081 0.039043 0.561004
4 0 0.090500 0.138948 0.120695 0.028189 0.621668
4 0 0.069649 0.127051 0.111587 0.021355 0.670358
4 0 0.059661 0.115528 0.101473 0.017402 0.705935
4 0 0.081861 0.132226 0.115072 0.024875 0.645966
4 0 0.118334 0.151165 0.129787 0.037634 0.563079
4 0 0.163496 0.173956 0.148516 0.057849 0.456183
4 0 0.203703 0.186845 0.158622 0.078273 0.372557
4 0 0.211114 0.191125 0.162512 0.084149 0.351100
4 0 0.226743 0.190695 0.161182 0.090519 0.330861
4 0 0.200058 0.199622 0.172044 0.085478 0.342799
4 0 0.199357 0.201293 0.173843 0.086373 0.339135
4 0 0.255468 0.174738 0.143866 0.089584 0.336343
0 0 0.430340 0.128850 0.096375 0.118701 0.225734
0 0 0.433614 0.137846 0.104622 0.141732 0.182186
0 0 0.439131 0.142397 0.109133 0.168676 0.140663
0 0 0.458864 0.134076 0.101232 0.164447 0.141382
0 0 0.524206 0.107871 0.077452 0.148755 0.141716
0 0 0.611335 0.076261 0.050963 0.124317 0.137124
0 0 0.696833 0.049263 0.030346 0.097093 0.126465
0 0 0.623602 0.072132 0.047684 0.120592 0.135990
0 0 0.480308 0.125246 0.093034 0.159573 0.141839
0 0 0.435792 0.143824 0.110505 0.169367 0.140513
0 0 0.432553 0.145212 0.111846 0.170029 0.140359
0 0 0.348383 0.165422 0.132050 0.127717 0.226428
4 0 0.245420 0.174460 0.144061 0.085343 0.350716
4 0 0.192329 0.171174 0.143748 0.065096 0.427654
4 0 0.193502 0.180428 0.153108 0.070386 0.402575
4 0 0.164599 0.184565 0.159652 0.062789 0.428394
4 0 0.162476 0.173461 0.148358 0.057118 0.458587
4 1 0.191271 0.164542 0.137008 0.061607 0.445572
4 1 0.260887 0.178549 0.147093 0.095673 0.317798
0 2 0.259911 0.213531 0.183857 0.139850 0.202851
0 2 0.251659 0.227566 0.200641 0.166723 0.153411
0 2 0.253834 0.228281 0.201721 0.176668 0.139496
0 2 0.246455 0.231393 0.205459 0.171773 0.144921
2 2 0.201509 0.235073 0.235240 0.167151 0.161028
2 2 0.208559 0.202090 0.237518 0.204876 0.146957
2 2 0.208755 0.172307 0.238447 0.237425 0.143065
3 2 0.210724 0.148737 0.235292 0.270260 0.134987
3 2 0.210260 0.121209 0.228087 0.322375 0.118069
3 2 0.208493 0.087202 0.212864 0.413291 0.078150
3 2 0.197063 0.069957 0.228404 0.443213 0.061364
3 2 0.193411 0.066103 0.233662 0.447032 0.059792
3 2 0.195038 0.068920 0.235312 0.439568 0.061161
3 2 0.197819 0.070604 0.226708 0.443281 0.061588
3 2 0.198082 0.065873 0.207686 0.469747 0.058613
3 2 0.199998 0.063765 0.187981 0.491564 0.056691
3 2 0.203437 0.066346 0.180198 0.492552 0.057467
3 2 0.204751 0.068521 0.182113 0.486067 0.058548
3 2 0.200097 0.063311 0.185325 0.494922 0.056344
3 2 0.193377 0.054031 0.175347 0.525914 0.051331
3 2 0.190505 0.049439 0.162678 0.549070 0.048308
3 2 0.189037 0.047900 0.160808 0.554856 0.047398
3 2 0.187447 0.046299 0.158804 0.561014 0.046436
3 2 0.186251 0.045138 0.157311 0.565573 0.045727
3 2 0.185157 0.044106 0.155955 0.569692 0.045090
3 2 0.181884 0.041181 0.151957 0.581735 0.043243
3 3 0.177334 0.037472 0.146526 0.597860 0.040808
3 3 0.174171 0.035109 0.142829 0.608693 0.039198
3 3 0.179312 0.039037 0.148869 0.590933 0.041848
3 3 0.187287 0.046142 0.158603 0.561629 0.046340
3 3 0.190156 0.049068 0.162231 0.550455 0.048090
3 3 0.188724 0.047580 0.160412 0.556077 0.047207
3 3 0.184593 0.043585 0.155260 0.571796 0.044765
3 3 0.184227 0.043251 0.154811 0.573155 0.044556
3 3 0.183888 0.042944 0.154395 0.574410 0.044364
3 3 0.187436 0.046288 0.158789 0.561058 0.046429
3 3 0.193046 0.052253 0.165963 0.538802 0.049936
3 3 0.200868 0.062394 0.176539 0.504748 0.055451
3 3 0.218578 0.103055 0.205388 0.399491 0.073488
3 3 0.231658 0.173390 0.222199 0.275339 0.097415
0 2 0.242713 0.233370 0.211675 0.195778 0.116465
1 2 0.212652 0.251444 0.231729 0.188587 0.115588
2 2 0.207857 0.234785 0.236801 0.196857 0.123700
3 2 0.221411 0.116769 0.211819 0.371512 0.078488
3 2 0.204263 0.067701 0.181399 0.488494 0.058143
3 2 0.198461 0.058999 0.173201 0.515677 0.053662
3 2 0.192918 0.052106 0.165796 0.539326 0.049853
3 2 0.187901 0.046749 0.159373 0.559269 0.046708
3 2 0.178532 0.038411 0.147942 0.593681 0.041435
3 2 0.180441 0.039962 0.150219 0.586923 0.042455
3 3 0.183427 0.042531 0.153832 0.576107 0.044103
3 3 0.183133 0.042270 0.153474 0.577185 0.043938
3 3 0.180212 0.039772 0.149944 0.587742 0.042331
3 3 0.186081 0.044976 0.157099 0.566216 0.045628
3 3 0.200560 0.061943 0.176107 0.506175 0.055216
3 3 0.210735 0.080134 0.191312 0.453811 0.064008
3 3 0.212328 0.083853 0.193930 0.444233 0.065655
3 3 0.206471 0.071546 0.184671 0.477292 0.060019
3 3 0.200738 0.062202 0.176356 0.505352 0.055351
3 3 0.204567 0.068210 0.181843 0.486986 0.058394
3 3 0.210423 0.079444 0.190810 0.455626 0.063697
3 3 0.210679 0.080010 0.191222 0.454138 0.063952
3 3 0.211866 0.082741 0.193162 0.447065 0.065167
3 3 0.212101 0.083303 0.193552 0.445631 0.065414
3 3 0.210408 0.079411 0.190786 0.455712 0.063682
3 3 0.210458 0.079522 0.190867 0.455420 0.063732
3 3 0.211359 0.081552 0.192328 0.450120 0.064641
3 3 0.208914 0.076253 0.188419 0.464175 0.062239
3 3 0.210730 0.080123 0.191304 0.453840 0.064003
3 3 0.213400 0.086559 0.195746 0.437471 0.066824
3 3 0.217023 0.097323 0.202296 0.412099 0.071259
3 3 0.220674 0.110628 0.208867 0.383437 0.076395
3 3 0.221338 0.116328 0.211632 0.372369 0.078334
3 3 0.219186 0.105566 0.206663 0.394147 0.074438
3 3 0.210862 0.080420 0.191518 0.453065 0.064136
3 3 0.206484 0.071570 0.184691 0.477225 0.060031
3 3 0.204482 0.068067 0.181719 0.487409 0.058324
3 3 0.207249 0.072990 0.185850 0.473202 0.060709
3 3 0.209345 0.077139 0.189094 0.461774 0.062647
3 3 0.205196 0.069283 0.182769 0.483831 0.058922
3 3 0.199715 0.060733 0.174930 0.510039 0.054582
3 3 0.197909 0.058258 0.172447 0.518121 0.053264
3 3 0.201092 0.062724 0.176854 0.503708 0.055622
3 3 0.212746 0.084887 0.194633 0.441631 0.066104
3 3 0.214479 0.089474 0.197623 0.430365 0.068059
3 3 0.216206 0.094629 0.200752 0.418232 0.070181
3 3 0.220584 0.112139 0.209790 0.380639 0.076849
3 3 0.234487 0.161699 0.220027 0.279358 0.104429
3 3 0.222214 0.122085 0.213985 0.361406 0.080309
3 3 0.221272 0.115939 0.211465 0.373127 0.078197
3 3 0.226628 0.117267 0.210363 0.361818 0.083924
3 3 0.207282 0.073051 0.185899 0.473030 0.060738
3 3 0.206484 0.071570 0.184690 0.477226 0.060031
3 3 0.212156 0.083437 0.193644 0.445290 0.065473
3 3 0.218374 0.102250 0.204969 0.401227 0.073180
3 2 0.222206 0.122028 0.213963 0.361513 0.080290
3 2 0.221536 0.117534 0.212142 0.370035 0.078753
3 2 0.212374 0.083967 0.194008 0.443947 0.065704
3 2 0.190963 0.049931 0.163264 0.547246 0.048596
3 2 0.185535 0.044460 0.156423 0.568273 0.045309
3 2 0.183089 0.042231 0.153420 0.577346 0.043913
3 2 0.187128 0.045986 0.158404 0.562236 0.046246
3 3 0.190849 0.049808 0.163118 0.547701 0.048524
3 3 0.197943 0.058304 0.172494 0.517969 0.053289
3 3 0.204347 0.067841 0.181521 0.488079 0.058212
3 3 0.209069 0.076569 0.188661 0.463316 0.062385
3 3 0.208522 0.075461 0.187807 0.466340 0.061871
3 3 0.205565 0.069927 0.183317 0.481954 0.059236
3 3 0.202721 0.065206 0.179167 0.496014 0.056893
3 2 0.206433 0.071478 0.184615 0.477487 0.059987
3 2 0.203340 0.073906 0.209339 0.451123 0.062292
3 2 0.189393 0.077524 0.287606 0.378791 0.066686
2 2 0.176690 0.085291 0.357946 0.308744 0.071329
2 2 0.161623 0.096056 0.427460 0.239003 0.075857
2 2 0.140384 0.111971 0.481462 0.178902 0.087282
2 2 0.121204 0.129974 0.510294 0.136802 0.101727
2 2 0.105257 0.147653 0.520023 0.103983 0.123084
2 2 0.092366 0.167851 0.490252 0.078215 0.171315
2 2 0.081984 0.186511 0.435257 0.059847 0.236401
2 2 0.071847 0.198679 0.362121 0.045738 0.321614
4 2 0.065653 0.200050 0.317413 0.039813 0.377071
4 2 0.065603 0.201789 0.300064 0.039649 0.392895
4 2 0.079764 0.213556 0.321248 0.051724 0.333708
2 2 0.120187 0.233363 0.315240 0.088070 0.243140
2 2 0.169177 0.246504 0.288477 0.139195 0.156646
2 2 0.205791 0.246959 0.253108 0.183638 0.110503
0 2 0.242942 0.235444 0.211122 0.193424 0.117069
0 2 0.267459 0.222765 0.195460 0.192514 0.121802
1 2 0.226153 0.244306 0.222507 0.193553 0.113482
2 2 0.201996 0.244492 0.264413 0.178692 0.110407
1 2 0.223286 0.245023 0.226120 0.192528 0.113043
0 2 0.242126 0.235870 0.211662 0.193440 0.116901
1 2 0.221672 0.245613 0.223533 0.177215 0.131967
2 2 0.191188 0.254004 0.255008 0.162169 0.137632
2 2 0.181709 0.179061 0.317510 0.200341 0.121378
2 2 0.178265 0.124646 0.340190 0.254393 0.102507
2 2 0.182816 0.099618 0.323915 0.304843 0.088808
3 2 0.191633 0.081177 0.286352 0.371915 0.068922
3 2 0.194409 0.068083 0.235651 0.441069 0.060789
3 2 0.194606 0.057901 0.190170 0.503330 0.053993
3 2 0.190803 0.049758 0.163059 0.547885 0.048495
3 2 0.188265 0.047115 0.159832 0.557860 0.046928
3 2 0.188098 0.046947 0.159621 0.558507 0.046827
3 2 0.191385 0.050390 0.163808 0.545553 0.048864
3 2 0.193428 0.052694 0.166463 0.537228 0.050187
3 3 0.196880 0.056912 0.171052 0.522623 0.052534
3 3 0.200828 0.062334 0.176482 0.504937 0.055419
3 3 0.209876 0.078260 0.189936 0.458768 0.063160
3 3 0.218642 0.103314 0.205521 0.398936 0.073587
3 3 0.234652 0.119723 0.205402 0.357638 0.082585
3 3 0.228896 0.119478 0.208685 0.361813 0.081127
3 3 0.217633 0.099467 0.203483 0.407315 0.072103
3 3 0.204373 0.067883 0.181559 0.487952 0.058233
3 3 0.198216 0.058669 0.172866 0.516763 0.053485
3 3 0.200499 0.061854 0.176022 0.506455 0.055170
3 3 0.202015 0.064113 0.178159 0.499377 0.056336
3 3 0.199326 0.060187 0.174391 0.511803 0.054294
3 3 0.198017 0.058402 0.172594 0.517646 0.053341
3 3 0.202605 0.065025 0.179001 0.496570 0.056800
3 3 0.206863 0.072267 0.185263 0.475243 0.060365
3 3 0.211811 0.082609 0.193071 0.447401 0.065109
3 3 0.216374 0.095026 0.200960 0.417290 0.070350
3 3 0.222814 0.101445 0.201888 0.399937 0.073916
3 3 0.219063 0.105042 0.206401 0.395253 0.074241
3 3 0.221824 0.098477 0.200410 0.406583 0.072706
3 3 0.235931 0.097371 0.191947 0.399333 0.075418
3 3 0.286622 0.125047 0.179018 0.312622 0.096692
0 2 0.337322 0.171587 0.157629 0.207150 0.126311
0 2 0.369312 0.173345 0.140088 0.181459 0.135796
0 2 0.336446 0.188730 0.156470 0.186138 0.132215
0 2 0.286237 0.213263 0.184156 0.191298 0.125046
2 2 0.206287 0.240799 0.263864 0.177245 0.111805
2 2 0.197068 0.211935 0.295766 0.189740 0.105491
3 2 0.214319 0.120867 0.243753 0.339731 0.081330
3 2 0.210646 0.079938 0.191170 0.454327 0.063919
3 2 0.195785 0.055526 0.169582 0.527333 0.051774
3 2 0.185151 0.044101 0.155948 0.569714 0.045086
3 2 0.175402 0.036009 0.144261 0.604511 0.039817
3 2 0.171287 0.033092 0.139512 0.618325 0.037783
3 2 0.173037 0.034301 0.141519 0.612506 0.038636
3 2 0.176843 0.037094 0.145947 0.599563 0.040554
3 2 0.181418 0.040782 0.151394 0.583419 0.042986
3 2 0.189694 0.048581 0.161642 0.552280 0.047803
3 2 0.202355 0.064636 0.178644 0.497761 0.056603
3 2 0.213898 0.087876 0.196604 0.434236 0.067386
3 2 0.218977 0.104681 0.206219 0.396018 0.074105
3 2 0.215138 0.091362 0.198797 0.425858 0.068845
3 2 0.199996 0.061131 0.175320 0.508763 0.054791
3 2 0.189226 0.048094 0.161047 0.554120 0.047514
3 2 0.190336 0.049258 0.162461 0.549744 0.048202
3 3 0.201432 0.063229 0.177332 0.502124 0.055883
3 3 0.211211 0.081213 0.192086 0.450999 0.064490
3 3 0.215799 0.093350 0.199998 0.421192 0.069661
3 3 0.215594 0.092724 0.199623 0.422654 0.069406
3 3 0.212960 0.085426 0.194995 0.440282 0.066338
3 3 0.210804 0.080291 0.191425 0.453402 0.064078
3 3 0.208718 0.075856 0.188113 0.465259 0.062054
3 3 0.207413 0.073299 0.186099 0.472334 0.060856
3 3 0.204271 0.067713 0.181410 0.488458 0.058149
3 3 0.203048 0.065723 0.179636 0.494439 0.057154
3 3 0.202279 0.064519 0.178536 0.498123 0.056543
3 3 0.210019 0.078567 0.190164 0.457951 0.063300
3 3 0.220455 0.111479 0.209489 0.381965 0.076612
3 2 0.269510 0.142094 0.193021 0.297013 0.098362
3 2 0.238929 0.163505 0.215976 0.284843 0.096747
3 2 0.224309 0.154418 0.223952 0.307141 0.090181
3 2 0.220256 0.110476 0.209027 0.383993 0.076249
3 2 0.213621 0.087139 0.196126 0.436041 0.067072
3 2 0.212469 0.084201 0.194168 0.443356 0.065806
3 2 0.214670 0.090012 0.197961 0.429073 0.068284
3 2 0.213462 0.086720 0.195852 0.437073 0.066893
3 2 0.211971 0.082992 0.193337 0.446422 0.065277
3 2 0.210480 0.079570 0.190902 0.455295 0.063754
3 2 0.203873 0.067055 0.180829 0.490421 0.057822
3 2 0.196727 0.056715 0.170846 0.523285 0.052427
3 2 0.192188 0.051281 0.164847 0.542305 0.049379
3 2 0.188608 0.047461 0.160264 0.556532 0.047136
3 2 0.188349 0.047199 0.159938 0.557535 0.046979
3 2 0.191183 0.050170 0.163548 0.546364 0.048736
3 2 0.196464 0.056380 0.170492 0.524420 0.052244
3 2 0.198181 0.058622 0.172818 0.516919 0.053460
3 2 0.198421 0.058945 0.173146 0.515856 0.053633
3 2 0.193389 0.052648 0.166412 0.537391 0.050161
3 2 0.189679 0.048565 0.161623 0.552339 0.047793
3 2 0.183484 0.042582 0.153902 0.575896 0.044135
3 2 0.185522 0.044448 0.156407 0.568321 0.045302
3 2 0.190196 0.049110 0.162282 0.550297 0.048115
3 2 0.196420 0.056324 0.170432 0.524612 0.052213
3 2 0.195521 0.055199 0.169229 0.528457 0.051593
3 2 0.195535 0.055216 0.169248 0.528399 0.051602
3 2 0.203325 0.066166 0.180036 0.493095 0.057377
3 2 0.212642 0.084628 0.194458 0.442280 0.065992
3 2 0.214551 0.089676 0.197750 0.429878 0.068144
3 2 0.215236 0.091652 0.198974 0.425173 0.068965
3 2 0.212100 0.083302 0.193551 0.445632 0.065414
3 2 0.208894 0.076211 0.188386 0.464290 0.062219
3 2 0.208044 0.074517 0.187068 0.468942 0.061430
3 2 0.205814 0.070365 0.183687 0.480685 0.059449
3 2 0.200290 0.061553 0.175730 0.507414 0.055013
3 2 0.200588 0.061984 0.176147 0.506043 0.055238
3 2 0.205500 0.069812 0.183220 0.482287 0.059180
3 2 0.209662 0.077805 0.189596 0.459984 0.062952
3 2 0.214716 0.090143 0.198043 0.428759 0.068339
3 2 0.220690 0.112699 0.210043 0.379517 0.077050
3 2 0.236737 0.149832 0.214691 0.306501 0.092239
3 2 0.224857 0.210478 0.227955 0.231825 0.104884
2 2 0.217880 0.224903 0.232121 0.219025 0.106071
3 2 0.224286 0.158824 0.224944 0.300564 0.091383
3 2 0.214228 0.088777 0.197182 0.432047 0.067766
3 2 0.207895 0.074225 0.186837 0.469750 0.061293
3 2 0.210210 0.078979 0.190468 0.456856 0.063487
3 2 0.212458 0.084172 0.194148 0.443429 0.065794
3 2 0.208519 0.075456 0.187803 0.466354 0.061868
3 2 0.198531 0.059094 0.173297 0.515366 0.053712
3 2 0.181492 0.040846 0.151483 0.583152 0.043027
3 2 0.170409 0.032502 0.138511 0.621217 0.037362
3 2 0.169552 0.031937 0.137539 0.624017 0.036955
3 2 0.181709 0.041031 0.151745 0.582369 0.043146
3 2 0.189853 0.048747 0.161844 0.551655 0.047901
3 2 0.190999 0.049970 0.163311 0.547102 0.048619
3 2 0.185118 0.044070 0.155908 0.569836 0.045068
3 2 0.182616 0.041815 0.152844 0.579076 0.043649
3 2 0.182849 0.042019 0.153128 0.578225 0.043779
3 2 0.195809 0.055555 0.169613 0.527233 0.051790
3 2 0.198199 0.058646 0.172843 0.516840 0.053473
3 2 0.211363 0.081562 0.192334 0.450095 0.064645
3 2 0.205776 0.117920 0.243079 0.344106 0.089119
3 2 0.224931 0.144863 0.222453 0.314182 0.093572
3 3 0.222407 0.123531 0.214546 0.358722 0.080794
3 3 0.224254 0.138580 0.220180 0.328643 0.088344
3 3 0.225679 0.157992 0.226686 0.279641 0.110002
3 3 0.217440 0.098778 0.203106 0.408842 0.071833
3 3 0.210415 0.079426 0.190796 0.455674 0.063689
3 3 0.202963 0.065589 0.179515 0.494848 0.057086
3 3 0.208888 0.076199 0.188377 0.464322 0.062214
3 3 0.217822 0.100159 0.203858 0.405788 0.072373
3 3 0.221494 0.117272 0.212032 0.370541 0.078662
3 3 0.220886 0.113751 0.210512 0.377425 0.077425
3 3 0.217313 0.098328 0.202857 0.409846 0.071656
3 3 0.211520 0.081926 0.192592 0.449156 0.064807
3 3 0.212503 0.084284 0.194224 0.443146 0.065843
3 3 0.216311 0.094963 0.200947 0.417465 0.070315
3 3 0.218563 0.102996 0.205357 0.399619 0.073465
3 3 0.220109 0.109758 0.208691 0.385454 0.075988
3 3 0.222460 0.123947 0.214704 0.357956 0.080932
3 3 0.220340 0.160806 0.230796 0.267758 0.120300
4 3 0.159093 0.205742 0.242684 0.133419 0.259061
4 4 0.103541 0.216935 0.214137 0.063875 0.401512
4 4 0.093921 0.224454 0.208936 0.055082 0.417607
4 4 0.080608 0.214104 0.199890 0.046072 0.459326
4 4 0.092097 0.225527 0.228005 0.055503 0.398868
4 4 0.092643 0.224179 0.228439 0.055213 0.399526
4 4 0.105083 0.234516 0.269344 0.067987 0.323071
4 4 0.091526 0.227858 0.270652 0.058474 0.351490
4 4 0.087440 0.227737 0.249956 0.055422 0.379445
4 4 0.062608 0.195386 0.183213 0.034278 0.524516
4 4 0.055421 0.183402 0.172074 0.029123 0.559980
4 4 0.034324 0.134504 0.126001 0.014794 0.690377
4 4 0.030108 0.117724 0.109817 0.011703 0.730648
4 4 0.027011 0.095372 0.087325 0.008731 0.781560
4 4 0.033914 0.098285 0.088614 0.010332 0.768854
4 4 0.037437 0.084785 0.074175 0.009430 0.794173
4 4 0.049871 0.092091 0.079395 0.012277 0.766366
4 4 0.035832 0.074600 0.064341 0.008070 0.817158
4 4 0.027898 0.069959 0.061229 0.006483 0.834430
4 4 0.024292 0.066040 0.058082 0.005627 0.845959
4 4 0.026781 0.073092 0.064732 0.006579 0.828816
4 4 0.030661 0.076455 0.067370 0.007459 0.818055
4 4 0.030584 0.084959 0.076109 0.008262 0.800086
4 4 0.023009 0.074595 0.067247 0.006111 0.829038
4 4 0.017560 0.065471 0.059279 0.004581 0.853109
4 4 0.019641 0.073444 0.066858 0.005497 0.834559
4 4 0.022061 0.084686 0.077899 0.006793 0.808560
4 4 0.025957 0.092747 0.085243 0.008210 0.787843
4 4 0.026594 0.097996 0.090583 0.008820 0.776008
4 4 0.024918 0.098901 0.091873 0.008601 0.775707
4 4 0.023168 0.101151 0.094529 0.008493 0.772659
4 4 0.024582 0.110167 0.103358 0.009694 0.752199
4 4 0.030136 0.131208 0.123544 0.013366 0.701746
4 4 0.032275 0.138276 0.130297 0.014810 0.684342
4 4 0.027679 0.123816 0.116552 0.011889 0.720064
4 4 0.017962 0.089152 0.083629 0.006410 0.802846
4 4 0.015609 0.076366 0.071284 0.004994 0.831747
4 4 0.014973 0.065137 0.059872 0.004132 0.855885
4 4 0.017027 0.064477 0.058581 0.004405 0.855511
4 4 0.016630 0.063890 0.058121 0.004300 0.857059
4 4 0.016458 0.069562 0.064024 0.004659 0.845296
4 4 0.014866 0.069750 0.064634 0.004422 0.846329
4 4 0.014552 0.074431 0.069607 0.004676 0.836733
4 4 0.015425 0.078164 0.073152 0.005094 0.828165
4 4 0.016373 0.077285 0.072017 0.005191 0.829134
4 4 0.016238 0.067637 0.061990 0.004509 0.849625
4 4 0.013619 0.054688 0.049512 0.003288 0.878893
4 4 0.014718 0.053934 0.048425 0.003393 0.879530
4 4 0.014260 0.049402 0.043961 0.003057 0.889320
4 4 0.015637 0.051788 0.045954 0.003387 0.883234
4 4 0.013626 0.053417 0.048215 0.003213 0.881529
4 4 0.014722 0.061737 0.056410 0.003881 0.863250
4 4 0.015483 0.068233 0.062893 0.004420 0.848971
4 4 0.016677 0.073945 0.068438 0.005010 0.835930
4 4 0.018432 0.083212 0.077497 0.006007 0.814851
4 4 0.021943 0.095557 0.089146 0.007722 0.785632
4 4 0.026465 0.113927 0.106748 0.010496 0.742364
4 4 0.032653 0.136833 0.128734 0.014709 0.687072
4 4 0.042868 0.166875 0.167441 0.022093 0.600722
4 4 0.044919 0.172138 0.192083 0.023727 0.567134
4 4 0.051483 0.185229 0.242181 0.028938 0.492169
4 4 0.050352 0.183192 0.215278 0.027795 0.523383
4 4 0.046947 0.175370 0.175568 0.024898 0.577217
4 4 0.042642 0.164494 0.155004 0.021610 0.616250
4 4 0.034979 0.142798 0.134334 0.016116 0.671773
4 4 0.030026 0.126632 0.118892 0.012769 0.711681
4 4 0.026248 0.112919 0.105772 0.010340 0.744722
4 4 0.028233 0.116020 0.108483 0.011108 0.736157
4 4 0.030503 0.121717 0.113786 0.012271 0.721723
4 4 0.033196 0.133874 0.125593 0.014443 0.692894
4 4 0.037156 0.151278 0.142563 0.017936 0.651066
4 4 0.048968 0.181205 0.251426 0.027370 0.491030
4 2 0.057592 0.191376 0.331337 0.034730 0.384966
2 2 0.064351 0.193636 0.405824 0.041821 0.294367
2 2 0.063615 0.196801 0.364203 0.040133 0.335247
4 2 0.062046 0.197367 0.321608 0.037775 0.381205
4 2 0.068266 0.203836 0.310913 0.041759 0.375226
4 2 0.070280 0.205458 0.329287 0.043981 0.350993
4 2 0.067171 0.201132 0.336468 0.041612 0.353617
2 2 0.064703 0.197276 0.351567 0.040094 0.346360
2 2 0.068976 0.195602 0.415095 0.045343 0.274985
2 2 0.068945 0.187009 0.473858 0.047233 0.222955
2 2 0.073846 0.163612 0.536678 0.056635 0.169228
2 2 0.083375 0.139034 0.575039 0.074198 0.128354
2 2 0.095621 0.118934 0.591132 0.097909 0.096405
2 2 0.104965 0.103467 0.589807 0.117386 0.084375
2 2 0.123577 0.092130 0.551752 0.157204 0.075336
2 2 0.136882 0.087123 0.514546 0.189812 0.071638
2 2 0.148303 0.084768 0.471197 0.224421 0.071310
2 2 0.151994 0.074299 0.446985 0.259634 0.067087
2 2 0.157017 0.065432 0.410668 0.303923 0.062960
2 2 0.159084 0.063647 0.397162 0.318094 0.062013
2 2 0.164224 0.074226 0.394800 0.299804 0.066946
2 2 0.167101 0.084968 0.397264 0.279133 0.071533
2 2 0.172441 0.097527 0.382229 0.270392 0.077411
2 2 0.178566 0.098115 0.364120 0.282810 0.076390
2 2 0.181288 0.090127 0.345014 0.310473 0.073098
3 2 0.183735 0.074548 0.307184 0.368680 0.065853
3 2 0.182685 0.064660 0.284409 0.407539 0.060708
3 2 0.182548 0.059747 0.266842 0.433061 0.057801
3 2 0.183524 0.061778 0.269668 0.426135 0.058896
3 2 0.183440 0.069534 0.295677 0.388047 0.063302
3 2 0.185789 0.087210 0.322039 0.333420 0.071541
3 2 0.192605 0.099812 0.309887 0.321544 0.076152
3 2 0.197442 0.102200 0.288569 0.334517 0.077272
3 2 0.201139 0.092758 0.264452 0.369424 0.072227
3 2 0.203563 0.082386 0.232367 0.414793 0.066890
3 2 0.200797 0.070746 0.211726 0.455720 0.061010
3 2 0.196969 0.059462 0.184475 0.504620 0.054474
3 2 0.187935 0.046784 0.159417 0.559135 0.046729
3 2 0.186967 0.045829 0.158203 0.562850 0.046150
3 2 0.202295 0.064543 0.178558 0.498049 0.056556
3 2 0.222295 0.122684 0.214219 0.360292 0.080510
3 2 0.225120 0.204529 0.228039 0.238818 0.103495
1 2 0.212810 0.251415 0.231787 0.190596 0.113392
1 2 0.191310 0.256722 0.245623 0.159466 0.146879
2 2 0.148290 0.234499 0.353789 0.121519 0.141903
2 2 0.146487 0.168345 0.416715 0.151513 0.116940
2 2 0.157632 0.119618 0.413737 0.212774 0.096240
2 2 0.178814 0.089743 0.354761 0.303603 0.073079
3 2 0.187830 0.081874 0.303948 0.357395 0.068953
3 2 0.195128 0.072799 0.247394 0.421321 0.063358
3 2 0.198464 0.068615 0.216281 0.456389 0.060251
3 2 0.202995 0.070732 0.200117 0.465697 0.060459
3 2 0.206694 0.077410 0.203398 0.448994 0.063505
3 2 0.204576 0.077293 0.216039 0.436919 0.065173
3 2 0.204033 0.074727 0.218629 0.434723 0.067888
3 2 0.205416 0.074553 0.213413 0.437959 0.068659
3 2 0.209005 0.074544 0.196488 0.451728 0.068236
3 2 0.207229 0.071791 0.185420 0.473911 0.061649
3 2 0.202613 0.065037 0.179012 0.496532 0.056807
3 2 0.201860 0.063876 0.177939 0.500111 0.056215
3 2 0.196696 0.056675 0.170803 0.523421 0.052405
3 2 0.192065 0.051142 0.164687 0.542806 0.049299
3 2 0.188048 0.046896 0.159558 0.558702 0.046796
3 2 0.192185 0.051277 0.164843 0.542318 0.049377
3 2 0.198341 0.058838 0.173038 0.516208 0.053575
3 2 0.201734 0.063685 0.177761 0.500702 0.056117
3 2 0.199648 0.060639 0.174838 0.510342 0.054533
3 2 0.201560 0.063422 0.177514 0.501521 0.055982
3 2 0.207536 0.073535 0.186288 0.471673 0.060967
3 2 0.216962 0.097115 0.202180 0.412563 0.071179
3 2 0.218603 0.103155 0.205439 0.399277 0.073526
3 2 0.216826 0.096618 0.201909 0.413631 0.071016
3 2 0.206832 0.072209 0.185216 0.475406 0.060338
3 2 0.197627 0.057885 0.172063 0.519362 0.053063
3 2 0.199162 0.059959 0.174165 0.512541 0.054173
3 2 0.208335 0.073463 0.186967 0.468214 0.063021
3 2 0.216822 0.090804 0.200203 0.417373 0.074799
3 2 0.215134 0.089926 0.198365 0.426803 0.069772
3 2 0.211147 0.081066 0.191981 0.451381 0.064425
3 2 0.201049 0.062660 0.176794 0.503908 0.055589
3 2 0.189555 0.048435 0.161464 0.552829 0.047716
3 2 0.180872 0.040321 0.150736 0.585383 0.042688
3 2 0.184246 0.043269 0.154835 0.573083 0.044567
3 2 0.197184 0.057305 0.171463 0.521300 0.052748
3 2 0.207634 0.073722 0.186437 0.471151 0.061056
3 2 0.218612 0.103191 0.205458 0.399199 0.073540
3 2 0.217899 0.100445 0.204012 0.405159 0.072484
3 3 0.218160 0.101426 0.204535 0.403015 0.072864
3 3 0.216213 0.107344 0.210007 0.389338 0.077098
3 3 0.223455 0.133438 0.218073 0.341034 0.084000
3 3 0.218467 0.102617 0.205160 0.400435 0.073321
3 3 0.218861 0.104201 0.205976 0.397039 0.073923
3 3 0.220870 0.113664 0.210474 0.377597 0.077395
3 3 0.210846 0.080385 0.191493 0.453156 0.064120
3 3 0.209459 0.077378 0.189275 0.461131 0.062757
3 3 0.210416 0.079428 0.190798 0.455669 0.063690
3 3 0.215448 0.092283 0.199357 0.423687 0.069225
3 3 0.216534 0.095687 0.201366 0.415807 0.070607
3 3 0.214772 0.090301 0.198141 0.428382 0.068405
3 3 0.211062 0.080873 0.191844 0.451883 0.064338
3 3 0.211225 0.081245 0.192109 0.450916 0.064504
3 3 0.214806 0.090400 0.198203 0.428146 0.068446
3 3 0.213958 0.088039 0.196709 0.433839 0.067455
3 3 0.213773 0.087541 0.196388 0.435054 0.067244
3 3 0.214919 0.090725 0.198404 0.427371 0.068581
3 3 0.213777 0.087553 0.196395 0.435027 0.067248
3 3 0.215541 0.092563 0.199526 0.423031 0.069340
3 3 0.219645 0.107586 0.207656 0.389923 0.075190
3 3 0.232244 0.115768 0.204873 0.366364 0.080750
3 3 0.243541 0.108301 0.194565 0.372703 0.080890
3 3 0.235990 0.114419 0.202025 0.366371 0.081195
3 3 0.233273 0.117386 0.205084 0.362746 0.081512
3 3 0.231685 0.115503 0.205063 0.367216 0.080533
3 3 0.223944 0.117301 0.210566 0.368930 0.079259
3 3 0.222043 0.120866 0.213504 0.363689 0.079897
3 3 0.224778 0.111878 0.207158 0.378434 0.077752
3 3 0.219871 0.108629 0.208158 0.387767 0.075575
3 3 0.218103 0.101210 0.204421 0.403486 0.072780
3 3 0.212222 0.083596 0.193754 0.444886 0.065542
3 3 0.204155 0.067520 0.181240 0.489032 0.058053
3 3 0.201097 0.062731 0.176861 0.503684 0.055626
3 3 0.201465 0.063279 0.177379 0.501969 0.055908
3 3 0.200576 0.061966 0.176129 0.506102 0.055228
3 3 0.204694 0.068423 0.182029 0.486354 0.058500
3 3 0.212236 0.083631 0.193778 0.444798 0.065557
3 3 0.219119 0.105281 0.206521 0.394748 0.074331
3 3 0.221490 0.117251 0.212023 0.370580 0.078655
3 3 0.217773 0.099978 0.203760 0.406187 0.072302
3 3 0.212441 0.084130 0.194119 0.443535 0.065775
3 3 0.211456 0.081777 0.192486 0.449541 0.064741
3 3 0.214551 0.089676 0.197750 0.429879 0.068144
3 3 0.222403 0.100781 0.201673 0.401539 0.073603
3 3 0.219959 0.109042 0.208354 0.386918 0.075726
3 3 0.217685 0.099657 0.203586 0.406895 0.072177
3 3 0.212427 0.084095 0.194096 0.443622 0.065760
3 3 0.208973 0.076373 0.188510 0.463849 0.062294
3 3 0.211797 0.082578 0.193049 0.447481 0.065095
3 3 0.214626 0.089885 0.197881 0.429377 0.068231
3 3 0.215569 0.092646 0.199577 0.422834 0.069374
3 3 0.212870 0.085199 0.194842 0.440850 0.066239
3 3 0.210557 0.079740 0.191026 0.454847 0.063830
3 3 0.207360 0.073200 0.186019 0.472613 0.060809
3 3 0.206454 0.071515 0.184645 0.477382 0.060004
3 3 0.201869 0.063890 0.177952 0.500066 0.056222
3 3 0.196629 0.056590 0.170713 0.523710 0.052358
3 3 0.200966 0.062538 0.176677 0.504294 0.055525
3 3 0.213363 0.086462 0.195682 0.437710 0.066783
3 3 0.219558 0.107196 0.207467 0.390734 0.075045
3 3 0.221200 0.115520 0.211285 0.373944 0.078050
3 3 0.216749 0.096399 0.201774 0.414187 0.070891
3 3 0.212258 0.083682 0.193813 0.444667 0.065580
3 3 0.215076 0.091179 0.198684 0.426292 0.068769
3 3 0.220689 0.112691 0.210039 0.379534 0.077047
3 3 0.221467 0.117110 0.211963 0.370853 0.078606
3 2 0.218368 0.102226 0.204957 0.401278 0.073171
3 2 0.206566 0.071720 0.184814 0.476797 0.060103
3 2 0.201138 0.062791 0.176918 0.503496 0.055657
3 2 0.203722 0.066808 0.180610 0.491162 0.057698
3 2 0.209793 0.078082 0.189803 0.459242 0.063079
3 2 0.213137 0.085877 0.195296 0.439158 0.066532
3 2 0.217617 0.099412 0.203453 0.407436 0.072082
3 2 0.220737 0.112949 0.210155 0.379018 0.077140
3 2 0.229099 0.139319 0.216570 0.327840 0.087171
0 2 0.263837 0.169560 0.200659 0.260514 0.105430
0 2 0.263264 0.224912 0.198064 0.192727 0.121033
0 2 0.293978 0.209399 0.179656 0.190676 0.126291
0 2 0.277242 0.217792 0.189500 0.191933 0.123532
1 2 0.215111 0.240579 0.232133 0.203413 0.108765
2 2 0.214836 0.178244 0.255628 0.253822 0.097470
3 2 0.214755 0.110101 0.231314 0.366606 0.077225
3 2 0.207417 0.083218 0.216034 0.426817 0.066514
3 2 0.202089 0.071952 0.209208 0.455321 0.061430
3 2 0.192626 0.055956 0.191301 0.507036 0.053081
3 2 0.186468 0.047090 0.171739 0.547176 0.047527
3 2 0.186406 0.048415 0.182066 0.534377 0.048736
3 2 0.192697 0.059700 0.210338 0.481479 0.055786
3 2 0.193203 0.072343 0.255628 0.415388 0.063438
3 2 0.189922 0.079288 0.289115 0.374189 0.067487
3 2 0.192733 0.085104 0.288097 0.364170 0.069896
3 2 0.205065 0.101420 0.268674 0.341275 0.083566
3 2 0.212629 0.129831 0.263117 0.297271 0.097153
2 2 0.179598 0.172478 0.309827 0.190204 0.147892
2 2 0.126305 0.196801 0.330212 0.107696 0.238986
4 2 0.089424 0.209417 0.295986 0.062175 0.342998
4 4 0.072320 0.211251 0.233329 0.042920 0.440181
4 4 0.061730 0.189649 0.177459 0.032541 0.538620
4 4 0.060631 0.174898 0.162568 0.028705 0.573198
4 4 0.062371 0.164474 0.151628 0.026878 0.594650
4 4 0.045350 0.138886 0.128465 0.017956 0.669344
4 4 0.033272 0.115470 0.106807 0.012100 0.732351
4 4 0.032321 0.116467 0.108114 0.012005 0.731093
4 4 0.029931 0.107736 0.099774 0.010494 0.752065
4 4 0.026334 0.081464 0.073362 0.007264 0.811576
4 4 0.024471 0.062137 0.054150 0.005323 0.853920
4 4 0.026532 0.064706 0.056335 0.005808 0.846619
4 4 0.025430 0.063967 0.055879 0.005584 0.849140
4 4 0.027647 0.057396 0.048920 0.005305 0.860732
4 4 0.023668 0.048992 0.041448 0.004140 0.881751
4 4 0.021477 0.053743 0.046515 0.004258 0.874007
4 4 0.020939 0.063683 0.056567 0.004948 0.853864
4 4 0.017432 0.064255 0.057990 0.004490 0.855833
4 4 0.016127 0.070050 0.064402 0.004673 0.844749
4 4 0.020773 0.092252 0.086076 0.007201 0.793698
4 4 0.021706 0.094187 0.087816 0.007550 0.788740
4 4 0.023993 0.100457 0.093641 0.008583 0.773326
4 4 0.022392 0.096019 0.089512 0.007849 0.784228
4 4 0.023374 0.099700 0.093013 0.008390 0.775523
4 4 0.023320 0.099368 0.092690 0.008347 0.776275
4 4 0.025741 0.106506 0.099378 0.009546 0.758829
4 4 0.023334 0.101340 0.094682 0.008544 0.772100
4 4 0.032097 0.129169 0.121029 0.013566 0.704138
4 4 0.038066 0.147474 0.138476 0.017590 0.658394
4 4 0.049641 0.171658 0.161031 0.024937 0.592733
4 4 0.065831 0.183964 0.171044 0.032350 0.546811
4 1 0.108941 0.220286 0.203125 0.059043 0.408606
4 1 0.097653 0.229322 0.213542 0.058738 0.400746
4 1 0.073744 0.211792 0.322292 0.047314 0.344859
2 2 0.079591 0.192492 0.480093 0.058544 0.189280
2 2 0.096809 0.152388 0.537450 0.091286 0.122067
2 2 0.093795 0.125098 0.581247 0.096147 0.103714
2 2 0.087886 0.126348 0.591246 0.087976 0.106545
2 2 0.079304 0.133820 0.595694 0.074419 0.116763
2 2 0.077707 0.137191 0.580502 0.071247 0.133354
2 2 0.085678 0.138884 0.548109 0.080934 0.146396
2 2 0.101699 0.142296 0.514886 0.101488 0.139630
2 2 0.119406 0.145234 0.474763 0.125571 0.135027
2 2 0.129879 0.133875 0.469406 0.149530 0.117311
2 2 0.132294 0.138764 0.455385 0.147522 0.126034
2 2 0.119204 0.155195 0.466801 0.117864 0.140936
2 2 0.088907 0.192258 0.428656 0.066719 0.223461
2 2 0.072800 0.203628 0.384015 0.047882 0.291675
4 2 0.066008 0.201313 0.327354 0.040777 0.364548
4 2 0.066389 0.201465 0.315975 0.040482 0.375689
4 2 0.064160 0.198697 0.294617 0.037993 0.404533
4 2 0.066754 0.201945 0.304739 0.040318 0.386245
4 2 0.065039 0.201576 0.287934 0.038941 0.406511
4 2 0.065470 0.204211 0.276554 0.039506 0.414259
4 2 0.063447 0.202897 0.255328 0.037761 0.440568
4 4 0.054261 0.186503 0.200903 0.029630 0.528703
4 4 0.043942 0.163408 0.153632 0.021783 0.617235
4 4 0.027544 0.119149 0.111819 0.011318 0.730170
4 4 0.022472 0.101076 0.094615 0.008349 0.773489
4 4 0.018117 0.083504 0.077868 0.005976 0.814535
4 4 0.019409 0.085296 0.079370 0.006350 0.809575
4 4 0.018454 0.083628 0.077912 0.006045 0.813961
4 4 0.020412 0.093529 0.087454 0.007248 0.791357
4 2 0.024189 0.110257 0.103543 0.009620 0.752391
4 2 0.040870 0.161467 0.154598 0.020585 0.622479
4 2 0.057337 0.194101 0.298745 0.034328 0.415489
2 2 0.060595 0.196072 0.363476 0.038619 0.341239
2 2 0.061016 0.195260 0.387040 0.039772 0.316912
4 2 0.055872 0.191900 0.351610 0.034971 0.365648
4 2 0.055217 0.191101 0.351229 0.034477 0.367976
4 2 0.054453 0.190331 0.317511 0.032838 0.404868
4 2 0.057279 0.193278 0.316384 0.034629 0.398430
4 2 0.056748 0.190924 0.297016 0.033234 0.422079
4 2 0.059354 0.191935 0.332680 0.035596 0.380435
2 2 0.059957 0.189997 0.361669 0.036424 0.351952
2 2 0.061475 0.187338 0.414593 0.038936 0.297658
2 2 0.061861 0.185033 0.433702 0.039538 0.279866
2 2 0.062469 0.181130 0.475307 0.041593 0.239501
2 2 0.065490 0.179133 0.499486 0.044687 0.211204
2 2 0.073619 0.169329 0.525669 0.054745 0.176638
2 2 0.080860 0.167439 0.526157 0.062700 0.162844
2 2 0.078098 0.182115 0.510992 0.057054 0.171740
2 2 0.064916 0.186838 0.467113 0.044386 0.236747
2 2 0.059962 0.187800 0.447564 0.040685 0.263989
2 2 0.060566 0.181708 0.494925 0.042772 0.220028
2 2 0.070196 0.193643 0.448859 0.049117 0.238185
