0 0 0.373878 0.134386 0.164516 0.098172 0.229048
0 0 0.435066 0.104954 0.176207 0.112176 0.171598
0 0 0.480948 0.104311 0.146245 0.091057 0.177440
0 0 0.538316 0.096313 0.121531 0.075124 0.168716
0 0 0.653234 0.070941 0.091607 0.059497 0.124721
0 0 0.664456 0.070229 0.085964 0.057825 0.121526
0 0 0.650025 0.073063 0.090288 0.060281 0.126343
0 0 0.645959 0.073446 0.092567 0.063169 0.124858
0 0 0.679724 0.065325 0.085279 0.061269 0.108403
0 0 0.697582 0.060391 0.082275 0.058889 0.100863
0 0 0.716120 0.057305 0.075559 0.052338 0.098678
0 0 0.643976 0.074478 0.090617 0.056792 0.134138
0 0 0.635416 0.077346 0.091501 0.058666 0.137072
0 0 0.650068 0.075057 0.087763 0.063186 0.123926
0 0 0.653200 0.075145 0.086174 0.065572 0.119910
0 0 0.578662 0.089178 0.109013 0.073727 0.149421
0 0 0.565700 0.091091 0.113813 0.075023 0.154375
0 0 0.559145 0.094234 0.112296 0.072986 0.161340
0 0 0.542488 0.100468 0.112142 0.072550 0.172352
0 0 0.503171 0.112617 0.115018 0.070770 0.198425
0 0 0.435342 0.131423 0.124060 0.071764 0.237410
0 0 0.389380 0.148305 0.121868 0.068349 0.272099
0 0 0.350663 0.161121 0.123339 0.067883 0.296994
4 0 0.304804 0.174939 0.128978 0.069901 0.321377
0 0 0.330242 0.164811 0.132067 0.072918 0.299962
0 0 0.366870 0.151317 0.133559 0.075444 0.272810
0 0 0.409590 0.138582 0.128284 0.073620 0.249924
0 0 0.444380 0.125779 0.129565 0.076147 0.224129
0 0 0.510151 0.107612 0.118857 0.071505 0.191875
0 0 0.550463 0.095054 0.115410 0.071042 0.168030
0 0 0.585609 0.086436 0.107743 0.067046 0.153166
0 0 0.597348 0.083214 0.105893 0.066266 0.147279
0 0 0.581463 0.087467 0.108611 0.067491 0.154968
0 0 0.617211 0.079181 0.099985 0.062725 0.140899
0 0 0.631857 0.077170 0.093717 0.058578 0.138677
0 0 0.597967 0.084805 0.102270 0.063438 0.151520
0 0 0.553517 0.094832 0.113674 0.069865 0.168112
0 0 0.570414 0.090858 0.109638 0.067668 0.161422
0 0 0.591248 0.087893 0.100748 0.061894 0.158217
0 0 0.570948 0.093608 0.103561 0.063014 0.168867
0 0 0.587290 0.090127 0.098935 0.060305 0.163344
0 0 0.646852 0.076953 0.083377 0.051295 0.141523
0 0 0.660327 0.074786 0.078145 0.047921 0.138821
0 0 0.624872 0.082415 0.087772 0.053616 0.151324
0 0 0.596214 0.088741 0.095315 0.057988 0.161741
0 0 0.615218 0.083932 0.091624 0.056092 0.153134
0 0 0.589689 0.092021 0.093025 0.055968 0.169297
0 0 0.538943 0.107386 0.097277 0.056960 0.199433
0 0 0.507204 0.114602 0.105656 0.061686 0.210852
0 0 0.534717 0.106090 0.103591 0.061351 0.194251
0 0 0.527674 0.105463 0.110357 0.066015 0.190490
0 0 0.549653 0.099954 0.105781 0.063649 0.180962
0 0 0.586165 0.089236 0.101635 0.062314 0.160650
0 0 0.628275 0.079916 0.090615 0.055962 0.145232
0 0 0.694228 0.063371 0.077825 0.049355 0.115221
0 0 0.757396 0.048244 0.064488 0.042079 0.087794
0 0 0.801671 0.037830 0.055165 0.038672 0.066661
0 0 0.797175 0.037720 0.058113 0.039242 0.067750
0 0 0.779662 0.040956 0.063533 0.042748 0.073101
0 0 0.786277 0.040336 0.060368 0.040445 0.072574
0 0 0.783824 0.041869 0.059094 0.039176 0.076037
0 0 0.723224 0.054575 0.075287 0.048990 0.097923
0 0 0.738248 0.050837 0.072354 0.047492 0.091069
0 0 0.776704 0.042358 0.062871 0.041957 0.076110
0 0 0.752735 0.047738 0.068585 0.045246 0.085697
0 0 0.663540 0.064646 0.096248 0.062638 0.112928
0 0 0.700335 0.061038 0.078263 0.050055 0.110309
0 0 0.692183 0.068144 0.069139 0.042474 0.128060
0 0 0.567498 0.104101 0.081866 0.047106 0.199429
0 0 0.515544 0.120255 0.084199 0.047115 0.232886
0 0 0.513952 0.123797 0.075122 0.041090 0.246039
0 0 0.430087 0.149275 0.079754 0.042119 0.298765
4 0 0.277009 0.197013 0.087649 0.043640 0.394690
4 0 0.218605 0.218179 0.077231 0.036613 0.449371
4 0 0.180916 0.231093 0.074881 0.034655 0.478454
4 0 0.171748 0.234189 0.075227 0.034670 0.484167
4 0 0.196611 0.225362 0.078706 0.037010 0.462311
4 0 0.168408 0.235167 0.077047 0.035576 0.483802
4 0 0.160615 0.236638 0.087001 0.040772 0.474974
4 0 0.190699 0.224362 0.096489 0.046750 0.441700
4 0 0.279580 0.188674 0.114865 0.060069 0.356810
0 0 0.372375 0.150574 0.130735 0.073732 0.272584
0 0 0.546586 0.096091 0.116092 0.071353 0.169879
0 0 0.590385 0.082700 0.111726 0.070527 0.144662
0 0 0.667392 0.066854 0.089474 0.057241 0.119038
0 0 0.648682 0.071198 0.093859 0.059670 0.126590
0 0 0.544735 0.093724 0.122094 0.075963 0.163485
0 0 0.690805 0.065647 0.075556 0.047371 0.120621
0 0 0.677835 0.079051 0.053174 0.030494 0.159446
0 0 0.328703 0.165707 0.134134 0.071673 0.299783
4 0 0.294305 0.177695 0.131439 0.071110 0.325450
0 0 0.391633 0.150591 0.114083 0.063185 0.280508
0 0 0.427848 0.148849 0.083800 0.044598 0.294905
4 0 0.196422 0.218837 0.110998 0.055253 0.418490
4 0 0.189657 0.220993 0.111927 0.055593 0.421830
4 0 0.190865 0.220705 0.111397 0.055320 0.421713
4 0 0.200568 0.218385 0.107170 0.053139 0.420738
4 0 0.196905 0.220584 0.103540 0.050935 0.428036
4 1 0.179192 0.226771 0.103839 0.050621 0.439577
4 1 0.168874 0.231300 0.100060 0.048199 0.451568
4 1 0.164099 0.234476 0.092610 0.043927 0.464889
4 1 0.164287 0.234352 0.092923 0.044104 0.464333
4 1 0.165132 0.233788 0.094348 0.044914 0.461818
4 1 0.167461 0.232153 0.098410 0.047236 0.454740
4 1 0.158538 0.237819 0.083832 0.039010 0.480801
4 1 0.177914 0.231845 0.077607 0.036059 0.476575
4 1 0.150713 0.241629 0.072906 0.033051 0.501700
4 1 0.155018 0.239653 0.078731 0.036205 0.490394
4 1 0.157519 0.238371 0.082322 0.038176 0.483613
4 1 0.153711 0.240282 0.076917 0.035217 0.493873
4 1 0.148428 0.242569 0.069983 0.031488 0.507533
4 1 0.149987 0.241935 0.071966 0.032547 0.503564
4 1 0.150146 0.241869 0.072170 0.032656 0.503158
4 2 0.149169 0.242272 0.070919 0.031987 0.505654
4 2 0.150275 0.241815 0.072337 0.032746 0.502827
4 2 0.153454 0.240403 0.076564 0.035026 0.494553
4 2 0.153846 0.240219 0.077102 0.035318 0.493516
4 2 0.155335 0.239496 0.079177 0.036449 0.489543
4 2 0.155471 0.239428 0.079369 0.036554 0.489178
4 2 0.161490 0.236117 0.088373 0.041540 0.472480
4 2 0.170417 0.229896 0.103869 0.050393 0.445425
4 2 0.174693 0.226219 0.112468 0.055449 0.431172
4 2 0.169096 0.230931 0.101385 0.048951 0.449637
4 1 0.174980 0.230185 0.094965 0.045503 0.454367
4 1 0.161719 0.235978 0.088737 0.041744 0.471823
4 2 0.166161 0.233080 0.096119 0.045923 0.458717
4 2 0.164134 0.234453 0.092668 0.043960 0.464785
4 2 0.159600 0.237225 0.085438 0.039902 0.477835
4 2 0.154321 0.239992 0.077758 0.035675 0.492254
4 2 0.158610 0.237779 0.083941 0.039071 0.480599
4 1 0.193349 0.225666 0.084439 0.040085 0.456460
4 2 0.186886 0.228896 0.076614 0.035695 0.471910
4 2 0.192362 0.227426 0.072659 0.033670 0.473882
4 2 0.165645 0.236198 0.076226 0.035085 0.486846
4 2 0.154528 0.239907 0.077890 0.035749 0.491926
4 2 0.144458 0.244031 0.065159 0.028938 0.517414
4 2 0.146041 0.243473 0.067045 0.029931 0.513510
4 2 0.159268 0.237413 0.084932 0.039621 0.478767
4 2 0.164189 0.234416 0.092760 0.044012 0.464622
4 2 0.166906 0.232554 0.097423 0.046669 0.456448
4 2 0.172526 0.228147 0.107999 0.052809 0.438518
4 2 0.178456 0.222500 0.120867 0.060484 0.417694
4 2 0.186970 0.211713 0.144056 0.074868 0.382393
4 2 0.194491 0.196870 0.174115 0.094566 0.339958
2 2 0.164816 0.155252 0.315108 0.142820 0.222005
2 2 0.104036 0.100396 0.512229 0.168849 0.114490
2 2 0.059628 0.069816 0.660176 0.143905 0.066475
2 2 0.042203 0.054943 0.728848 0.126621 0.047384
2 2 0.038067 0.051084 0.746480 0.121542 0.042827
2 2 0.036519 0.049601 0.753239 0.119521 0.041120
2 2 0.034533 0.047666 0.762056 0.116821 0.038925
2 2 0.032392 0.045536 0.771746 0.113769 0.036557
2 2 0.031257 0.044387 0.776971 0.112086 0.035299
2 2 0.026103 0.038984 0.801528 0.103806 0.029578
2 2 0.025338 0.038154 0.805304 0.102478 0.028727
2 2 0.030251 0.043357 0.781652 0.110555 0.034185
2 2 0.046491 0.058799 0.711168 0.131443 0.052098
2 1 0.089801 0.091544 0.556364 0.163102 0.099189
2 2 0.124523 0.121244 0.443818 0.160839 0.149575
2 2 0.145535 0.144457 0.369577 0.146744 0.193687
2 2 0.146812 0.149812 0.359174 0.141084 0.203119
2 2 0.147712 0.152699 0.352958 0.138207 0.208424
2 2 0.105806 0.113527 0.496244 0.152345 0.132077
2 2 0.069226 0.077214 0.625401 0.151235 0.076924
2 2 0.045837 0.058220 0.713830 0.130734 0.051379
2 2 0.037649 0.050685 0.748297 0.121003 0.042366
2 2 0.034390 0.047525 0.762694 0.116623 0.038767
2 2 0.035399 0.048515 0.758190 0.118014 0.039882
2 2 0.037953 0.050975 0.746975 0.121395 0.042701
2 3 0.038855 0.051830 0.743074 0.122545 0.043696
2 3 0.042090 0.054840 0.729322 0.126488 0.047260
2 3 0.044123 0.056688 0.720859 0.128833 0.049497
2 3 0.046303 0.058633 0.711934 0.131239 0.051891
2 3 0.050107 0.060083 0.687382 0.152891 0.049537
2 3 0.053622 0.059128 0.648725 0.196860 0.041664
2 3 0.060575 0.060131 0.587525 0.254670 0.037098
2 3 0.065925 0.062079 0.550388 0.284690 0.036918
2 3 0.067348 0.064186 0.553278 0.275272 0.039916
2 3 0.070937 0.063868 0.512302 0.316110 0.036782
2 3 0.087771 0.079948 0.509140 0.263019 0.060122
2 3 0.084524 0.081170 0.543652 0.223267 0.067388
2 3 0.073008 0.061707 0.476034 0.356843 0.032408
2 3 0.077153 0.068392 0.511881 0.300199 0.042375
2 3 0.089748 0.073048 0.452367 0.340312 0.044525
3 3 0.093360 0.069743 0.395132 0.404100 0.037665
3 3 0.099093 0.072783 0.384087 0.403397 0.040640
3 3 0.102542 0.072126 0.352088 0.434556 0.038689
3 3 0.103340 0.072154 0.343312 0.442734 0.038460
3 3 0.107898 0.073521 0.328041 0.451098 0.039442
2 3 0.102448 0.077846 0.396763 0.375355 0.047588
2 3 0.092830 0.077887 0.461131 0.316163 0.051989
2 3 0.075377 0.072722 0.551047 0.248273 0.052581
2 3 0.067224 0.068592 0.586476 0.227849 0.049860
2 3 0.065288 0.067218 0.594009 0.225033 0.048452
2 3 0.073267 0.067624 0.525827 0.290762 0.042520
2 3 0.082777 0.069223 0.460310 0.347398 0.040292
3 3 0.105325 0.077398 0.377044 0.394279 0.045954
3 3 0.124685 0.087885 0.351580 0.377040 0.058809
2 3 0.132723 0.096595 0.379768 0.314390 0.076524
2 3 0.150335 0.105739 0.409214 0.224091 0.110621
2 3 0.156158 0.110603 0.417426 0.176122 0.139691
2 2 0.099455 0.097635 0.526142 0.167192 0.109575
2 2 0.080485 0.085296 0.586782 0.158307 0.089130
2 2 0.055299 0.066308 0.676503 0.140142 0.061748
2 2 0.053792 0.065060 0.682291 0.138757 0.060100
2 2 0.038610 0.051599 0.744130 0.122235 0.043426
2 2 0.036677 0.049753 0.752547 0.119730 0.041293
2 2 0.030152 0.043255 0.782117 0.110402 0.034075
2 2 0.032417 0.045561 0.771634 0.113805 0.036584
2 2 0.031444 0.044577 0.776107 0.112366 0.035506
2 2 0.036187 0.049280 0.754702 0.119078 0.040753
2 2 0.038500 0.051498 0.743678 0.123207 0.043116
2 3 0.046669 0.057074 0.695230 0.156048 0.044978
2 3 0.058827 0.063238 0.622261 0.210399 0.045275
2 3 0.079906 0.071401 0.506125 0.296374 0.046194
2 3 0.102113 0.078481 0.409940 0.360332 0.049135
2 3 0.105641 0.078564 0.386407 0.381481 0.047907
3 3 0.117961 0.082112 0.343355 0.406252 0.050321
3 3 0.108723 0.070972 0.302107 0.482205 0.035992
3 3 0.101932 0.063134 0.266130 0.540835 0.027969
3 3 0.102811 0.057854 0.215173 0.601042 0.023119
3 3 0.129531 0.070673 0.211715 0.554119 0.033963
3 3 0.238845 0.096105 0.216343 0.372163 0.076543
0 3 0.356791 0.116185 0.205661 0.158067 0.163296
0 1 0.487100 0.110558 0.130553 0.081219 0.190570
0 1 0.399578 0.140789 0.131284 0.075290 0.253059
4 2 0.297985 0.169830 0.147740 0.082096 0.302349
4 2 0.288927 0.178428 0.134486 0.072891 0.325267
0 2 0.436596 0.132537 0.120485 0.069288 0.241094
0 2 0.328263 0.161320 0.142220 0.079704 0.288494
4 2 0.217808 0.194845 0.158039 0.085197 0.344110
4 2 0.209838 0.196692 0.160788 0.086601 0.346081
4 2 0.222708 0.192150 0.160151 0.086824 0.338167
4 2 0.196433 0.191040 0.185525 0.102360 0.324644
2 2 0.171154 0.162665 0.290870 0.135838 0.239474
2 2 0.111677 0.105101 0.489372 0.170820 0.123030
2 2 0.072743 0.079805 0.613101 0.153608 0.080743
2 2 0.044068 0.056638 0.721088 0.128771 0.049436
2 2 0.034951 0.048076 0.760186 0.117400 0.039387
2 2 0.029414 0.042491 0.785589 0.109251 0.033256
2 2 0.027176 0.040136 0.796294 0.105623 0.030771
2 2 0.023475 0.036098 0.814656 0.099119 0.026652
2 2 0.022037 0.034476 0.822040 0.096398 0.025049
2 2 0.021384 0.033729 0.825447 0.095121 0.024320
2 2 0.022916 0.035472 0.817504 0.098077 0.026030
2 2 0.023045 0.035617 0.816848 0.098318 0.026173
2 2 0.025840 0.038700 0.802821 0.103353 0.029286
2 2 0.030881 0.044004 0.778713 0.111519 0.034883
2 2 0.032854 0.045999 0.769640 0.114440 0.037067
2 2 0.036227 0.049319 0.754527 0.119131 0.040796
2 2 0.045715 0.058111 0.714328 0.130600 0.051245
2 2 0.055564 0.066525 0.675494 0.140380 0.062037
2 2 0.062170 0.071825 0.650780 0.145977 0.069247
2 2 0.055793 0.066713 0.674621 0.140586 0.062287
2 2 0.054668 0.065787 0.678922 0.139566 0.061057
2 2 0.054428 0.065588 0.679845 0.139345 0.060795
2 2 0.061909 0.071620 0.651739 0.145769 0.068963
2 2 0.079013 0.084273 0.591711 0.157466 0.087537
2 2 0.101776 0.104153 0.515089 0.160453 0.118529
2 2 0.142122 0.143668 0.377757 0.145661 0.190792
2 2 0.162627 0.164199 0.304618 0.131313 0.237242
2 2 0.171140 0.172773 0.272797 0.123756 0.259534
2 2 0.172235 0.172427 0.271358 0.124405 0.259575
4 2 0.178112 0.172669 0.259782 0.125277 0.264160
2 2 0.176908 0.168010 0.270661 0.130743 0.253678
2 2 0.162188 0.153280 0.323266 0.144215 0.217051
2 2 0.164990 0.155415 0.314516 0.142683 0.222396
2 2 0.173419 0.162438 0.286972 0.136761 0.240410
4 2 0.189957 0.175619 0.232035 0.123011 0.279379
4 2 0.197038 0.188839 0.189784 0.105315 0.319024
4 2 0.192830 0.200923 0.166067 0.089175 0.351006
4 2 0.189506 0.207539 0.152682 0.080399 0.369873
4 2 0.188241 0.209697 0.148243 0.077541 0.376279
4 2 0.187646 0.210657 0.146253 0.076268 0.379176
4 2 0.186050 0.213089 0.141175 0.073043 0.386643
4 2 0.180669 0.220058 0.126253 0.063762 0.409258
4 2 0.176055 0.224929 0.115410 0.057202 0.426403
4 2 0.167983 0.231770 0.099349 0.047776 0.453122
4 2 0.160113 0.236930 0.086224 0.040339 0.476393
4 2 0.154824 0.239748 0.078459 0.036057 0.490912
4 2 0.157198 0.238542 0.081851 0.037917 0.484493
4 2 0.163684 0.234746 0.091920 0.043537 0.466113
4 2 0.172803 0.227909 0.108557 0.053137 0.437593
4 2 0.182315 0.218097 0.130515 0.066383 0.402691
4 2 0.193005 0.200524 0.166862 0.089704 0.349904
4 2 0.185965 0.180329 0.229817 0.116756 0.287134
2 2 0.148982 0.147258 0.358516 0.145288 0.199956
2 2 0.123087 0.119374 0.449076 0.162067 0.146395
2 2 0.101045 0.098656 0.521245 0.167706 0.111348
2 2 0.070479 0.078145 0.620992 0.152098 0.078286
2 2 0.053607 0.064905 0.683008 0.138584 0.059897
2 2 0.041679 0.054463 0.731047 0.126003 0.046808
2 2 0.039512 0.052449 0.740249 0.123369 0.044421
2 2 0.041791 0.054565 0.730577 0.126135 0.046931
2 2 0.043175 0.055830 0.724791 0.127751 0.048453
2 2 0.044982 0.057458 0.717325 0.129794 0.050441
2 2 0.042724 0.055419 0.726669 0.127230 0.047958
2 2 0.039691 0.052617 0.739482 0.123591 0.044619
2 2 0.037439 0.050485 0.749212 0.120730 0.042134
2 2 0.035576 0.048687 0.757405 0.118254 0.040078
2 2 0.032986 0.046132 0.769036 0.114632 0.037214
2 2 0.030163 0.043266 0.782066 0.110419 0.034087
2 2 0.031771 0.044909 0.774599 0.112853 0.035869
2 2 0.033080 0.046226 0.768609 0.114767 0.037318
2 2 0.033045 0.046190 0.768770 0.114716 0.037279
2 2 0.032138 0.045280 0.772911 0.113396 0.036275
2 2 0.033415 0.046560 0.767089 0.115247 0.037689
2 2 0.037053 0.050116 0.750896 0.120226 0.041709
2 2 0.046996 0.059244 0.709125 0.131983 0.052652
2 2 0.052311 0.062612 0.680141 0.151345 0.053591
2 2 0.063628 0.065304 0.597371 0.228035 0.045663
2 2 0.074295 0.064928 0.492961 0.330890 0.036927
2 2 0.079661 0.067394 0.471166 0.343126 0.038653
2 2 0.082373 0.068456 0.459657 0.350222 0.039291
2 2 0.092687 0.070849 0.403490 0.393637 0.039338
3 2 0.103559 0.072557 0.348099 0.436747 0.039038
3 3 0.122368 0.080531 0.314743 0.435358 0.047000
3 3 0.139203 0.085742 0.278479 0.444400 0.052176
3 3 0.145376 0.087662 0.267984 0.444671 0.054307
3 3 0.154233 0.085993 0.233293 0.475181 0.051300
3 3 0.165693 0.083976 0.214737 0.485967 0.049627
3 3 0.163547 0.083151 0.207026 0.498158 0.048117
3 3 0.148521 0.081687 0.218438 0.505723 0.045631
3 3 0.162255 0.077065 0.184109 0.535334 0.041237
3 3 0.184599 0.074278 0.153904 0.547620 0.039599
3 3 0.213261 0.073389 0.133689 0.539249 0.040413
3 3 0.234456 0.072879 0.120598 0.531016 0.041050
3 3 0.277986 0.072302 0.113914 0.494543 0.041256
3 3 0.327919 0.074994 0.113300 0.437932 0.045854
0 3 0.405617 0.082490 0.115654 0.337129 0.059109
0 3 0.439842 0.094376 0.130410 0.252023 0.083348
0 3 0.445839 0.104877 0.147600 0.188315 0.113368
0 3 0.361386 0.113850 0.190704 0.202657 0.131403
0 3 0.322179 0.112631 0.199956 0.245209 0.120025
3 3 0.281401 0.101182 0.196382 0.329935 0.091100
3 3 0.288875 0.091844 0.175474 0.369657 0.074150
3 3 0.274396 0.095025 0.177283 0.376740 0.076555
3 3 0.261895 0.095731 0.173862 0.393601 0.074910
3 3 0.258129 0.089700 0.159366 0.428284 0.064521
3 3 0.270560 0.087957 0.159887 0.417525 0.064071
3 3 0.308498 0.094250 0.189526 0.322916 0.084809
0 3 0.339325 0.104970 0.216615 0.214078 0.125011
0 3 0.409627 0.107371 0.186165 0.143158 0.153679
0 3 0.276969 0.131546 0.241424 0.146080 0.203981
2 3 0.169403 0.124145 0.373761 0.167543 0.165147
2 3 0.135156 0.114034 0.433229 0.175451 0.142130
2 3 0.153853 0.101641 0.375312 0.277194 0.092000
3 3 0.108879 0.078793 0.363800 0.401429 0.047099
3 3 0.108278 0.068287 0.276450 0.514159 0.032826
3 3 0.115823 0.067024 0.233429 0.552812 0.030912
3 3 0.123698 0.068748 0.217056 0.558246 0.032252
3 3 0.127561 0.066981 0.191909 0.583140 0.030410
3 3 0.131939 0.061610 0.145446 0.635249 0.025756
3 3 0.134129 0.060163 0.132039 0.649020 0.024649
3 3 0.132019 0.060073 0.135675 0.647659 0.024575
3 3 0.132820 0.062442 0.147784 0.630523 0.026431
3 3 0.142595 0.071809 0.177874 0.572956 0.034766
3 3 0.142525 0.083842 0.252683 0.471985 0.048964
3 3 0.119972 0.082551 0.338521 0.408324 0.050633
3 3 0.154586 0.102124 0.306856 0.357130 0.079304
2 3 0.183733 0.110160 0.322575 0.276523 0.107009
3 3 0.120156 0.082310 0.338007 0.409262 0.050265
3 3 0.149516 0.091197 0.312452 0.383475 0.063360
3 3 0.170013 0.089535 0.250852 0.430811 0.058789
3 3 0.187793 0.075380 0.162012 0.534081 0.040734
3 3 0.193911 0.076003 0.157211 0.531313 0.041563
3 3 0.200348 0.075919 0.154551 0.527297 0.041885
3 3 0.196719 0.072489 0.145454 0.547232 0.038106
3 3 0.186326 0.069252 0.145926 0.563880 0.034616
3 3 0.179367 0.068269 0.152000 0.566833 0.033532
3 3 0.188541 0.069579 0.156374 0.550024 0.035482
3 3 0.203939 0.072229 0.148095 0.537095 0.038642
3 3 0.225128 0.076341 0.144932 0.509421 0.044179
3 3 0.220292 0.078363 0.148504 0.506875 0.045966
3 3 0.197486 0.079636 0.163116 0.514015 0.045747
3 3 0.177711 0.076717 0.163965 0.540490 0.041117
3 3 0.206167 0.077349 0.151077 0.521727 0.043680
3 3 0.230511 0.080723 0.141292 0.498489 0.048983
3 3 0.244555 0.082868 0.141853 0.477665 0.053059
3 3 0.226862 0.085917 0.142314 0.490433 0.054474
3 3 0.221404 0.087346 0.145988 0.489678 0.055584
3 3 0.207762 0.082242 0.144076 0.517322 0.048598
3 3 0.220830 0.075429 0.121832 0.539593 0.042316
3 3 0.202875 0.065573 0.101438 0.598226 0.031888
3 3 0.199105 0.061464 0.094231 0.616852 0.028347
3 3 0.183701 0.059687 0.092727 0.637734 0.026151
3 3 0.166143 0.059919 0.095415 0.653102 0.025421
3 3 0.151869 0.058536 0.093503 0.672361 0.023732
3 3 0.144530 0.056893 0.097562 0.678599 0.022416
3 3 0.143878 0.057215 0.099997 0.676283 0.022626
3 3 0.166218 0.059783 0.103061 0.645395 0.025542
3 3 0.198707 0.059043 0.090246 0.625450 0.026554
3 3 0.215422 0.057668 0.090981 0.609474 0.026455
3 3 0.199182 0.057171 0.087325 0.631073 0.025249
3 3 0.199886 0.061455 0.094151 0.616014 0.028495
3 3 0.206587 0.065367 0.101757 0.594260 0.032029
3 3 0.208429 0.070175 0.118357 0.566512 0.036527
3 3 0.191693 0.071724 0.135346 0.564169 0.037069
3 3 0.172420 0.071698 0.140724 0.579433 0.035725
3 3 0.180346 0.078096 0.143234 0.556475 0.041849
3 3 0.202764 0.082473 0.132648 0.534522 0.047593
3 3 0.195885 0.081072 0.142315 0.534794 0.045935
3 3 0.201107 0.083586 0.160810 0.504447 0.050051
3 3 0.243202 0.084770 0.157889 0.457897 0.056242
3 3 0.271807 0.091017 0.168143 0.399494 0.069540
3 3 0.224370 0.096822 0.221984 0.381580 0.075244
3 3 0.198675 0.094906 0.227854 0.410354 0.068211
3 3 0.158626 0.082027 0.204134 0.508988 0.046225
3 3 0.153337 0.073732 0.166600 0.569585 0.036746
3 3 0.139765 0.059805 0.118431 0.657549 0.024450
3 3 0.156978 0.058662 0.100371 0.659641 0.024349
3 3 0.171653 0.060276 0.099535 0.642311 0.026225
3 3 0.215001 0.067595 0.109884 0.572945 0.034576
3 3 0.244675 0.074147 0.128438 0.509423 0.043317
3 3 0.281205 0.082289 0.151256 0.427774 0.057476
3 3 0.313899 0.093931 0.190763 0.315280 0.086128
0 3 0.340674 0.105002 0.228140 0.186631 0.139553
2 1 0.256497 0.117051 0.294517 0.163230 0.168705
2 1 0.123825 0.105022 0.473457 0.172787 0.124909
2 2 0.079984 0.084948 0.588457 0.158024 0.088588
2 2 0.042335 0.055065 0.728293 0.126777 0.047530
2 2 0.030100 0.043201 0.782361 0.110321 0.034017
2 2 0.026473 0.039383 0.799714 0.104439 0.029990
2 2 0.026556 0.039473 0.799306 0.104581 0.030083
2 2 0.024984 0.037768 0.807059 0.101855 0.028334
2 2 0.025073 0.037865 0.806617 0.102012 0.028433
2 2 0.027722 0.040717 0.793653 0.106529 0.031378
2 2 0.028074 0.041089 0.791963 0.107105 0.031769
2 2 0.029344 0.042419 0.785917 0.109141 0.033179
2 2 0.033050 0.046195 0.768748 0.114723 0.037284
2 2 0.047877 0.060016 0.705576 0.132913 0.053619
2 1 0.074443 0.081035 0.607234 0.154700 0.082587
2 2 0.059938 0.070063 0.659023 0.144163 0.066813
2 2 0.058852 0.069195 0.663073 0.143253 0.065628
2 2 0.042381 0.055106 0.728102 0.126830 0.047581
2 2 0.042268 0.055003 0.728573 0.126698 0.047457
2 2 0.036592 0.049672 0.752917 0.119618 0.041200
2 2 0.042127 0.054874 0.729167 0.126532 0.047301
2 2 0.051044 0.062745 0.692995 0.136125 0.057091
2 2 0.070324 0.078030 0.621537 0.151992 0.078117
2 2 0.106185 0.102585 0.505091 0.168166 0.117973
2 2 0.168636 0.156501 0.305803 0.142659 0.226401
4 2 0.197628 0.186417 0.194446 0.108578 0.312932
4 2 0.195275 0.194693 0.178397 0.097471 0.334164
4 2 0.194496 0.196857 0.174140 0.094584 0.339923
4 2 0.194158 0.197737 0.172401 0.093411 0.342293
4 2 0.193725 0.198821 0.170253 0.091969 0.345233
4 2 0.189969 0.206708 0.154382 0.081500 0.367441
4 2 0.185253 0.214231 0.138768 0.071526 0.390221
4 4 0.176647 0.224350 0.116721 0.057987 0.424294
4 4 0.167198 0.232344 0.097942 0.046967 0.455550
4 4 0.158453 0.237866 0.083705 0.038940 0.481036
4 4 0.155231 0.239548 0.079030 0.036369 0.489823
4 4 0.151180 0.241428 0.073518 0.033380 0.500495
4 4 0.148843 0.242403 0.070506 0.031767 0.506482
4 4 0.149166 0.242273 0.070916 0.031985 0.505659
4 4 0.152517 0.240835 0.075295 0.034338 0.497015
4 4 0.152033 0.241052 0.074648 0.033989 0.498278
4 4 0.153452 0.240404 0.076562 0.035025 0.494558
4 4 0.154466 0.239922 0.077959 0.035785 0.491869
4 4 0.156748 0.238777 0.081197 0.037557 0.485721
4 4 0.151932 0.241098 0.074513 0.033916 0.498541
4 4 0.175728 0.231314 0.087172 0.041208 0.464578
4 4 0.169645 0.230506 0.102409 0.049544 0.447896
4 4 0.180278 0.220504 0.125276 0.063164 0.410778
4 4 0.176223 0.224766 0.115780 0.057423 0.425808
4 1 0.252101 0.203458 0.095841 0.047860 0.400740
4 1 0.159203 0.237449 0.084833 0.039566 0.478949
4 1 0.177537 0.223456 0.118733 0.059196 0.421078
4 1 0.180688 0.220036 0.126302 0.063791 0.409183
4 1 0.189250 0.207990 0.151758 0.079802 0.371201
4 1 0.190245 0.206199 0.155421 0.082176 0.365959
4 2 0.195792 0.193138 0.181440 0.099549 0.330082
4 2 0.195575 0.193804 0.180137 0.098658 0.331826
4 2 0.197241 0.188041 0.191323 0.106388 0.317007
2 2 0.179878 0.169474 0.262445 0.129529 0.258674
2 2 0.146356 0.138673 0.375770 0.154432 0.184769
2 2 0.093667 0.094028 0.544111 0.164842 0.103352
2 2 0.058777 0.069135 0.663353 0.143189 0.065546
2 2 0.040559 0.053427 0.735784 0.124656 0.045574
2 2 0.033739 0.046881 0.765627 0.115707 0.038047
2 2 0.032703 0.045848 0.770325 0.114222 0.036901
2 2 0.034184 0.047322 0.763620 0.116335 0.038539
2 2 0.039349 0.052296 0.740950 0.123165 0.044241
2 2 0.044248 0.056800 0.720343 0.128974 0.049634
2 2 0.050648 0.062408 0.694553 0.135734 0.056657
2 2 0.049156 0.061126 0.700462 0.134234 0.055022
2 2 0.050165 0.061994 0.696460 0.135253 0.056128
2 2 0.050856 0.062585 0.693734 0.135940 0.056885
2 2 0.049272 0.061227 0.700000 0.134353 0.055149
2 2 0.046007 0.058371 0.713137 0.130919 0.051566
2 2 0.046339 0.058665 0.711785 0.131279 0.051931
2 2 0.048264 0.060353 0.704021 0.133317 0.054044
2 2 0.047664 0.059829 0.706432 0.132689 0.053385
2 2 0.048857 0.060868 0.701653 0.133928 0.054694
2 2 0.046678 0.058964 0.710413 0.131643 0.052303
2 2 0.052852 0.064273 0.685932 0.137872 0.059071
2 2 0.051438 0.063080 0.691448 0.136511 0.057522
2 2 0.046680 0.058965 0.710405 0.131645 0.052305
2 2 0.039162 0.052120 0.741750 0.122932 0.044035
2 2 0.037809 0.050839 0.747598 0.121211 0.042543
2 2 0.036778 0.049850 0.752104 0.119863 0.041405
2 2 0.038096 0.051111 0.746355 0.121579 0.042859
2 2 0.058585 0.068981 0.664073 0.143026 0.065336
2 2 0.161441 0.113093 0.406107 0.174676 0.144683
4 1 0.235758 0.165919 0.205701 0.119393 0.273229
2 2 0.102196 0.102564 0.515307 0.163286 0.116647
2 2 0.081238 0.085815 0.584273 0.158729 0.089945
2 2 0.054283 0.065468 0.680400 0.139212 0.060637
2 2 0.067713 0.076081 0.630759 0.150165 0.075281
2 2 0.059878 0.070015 0.659245 0.144114 0.066748
2 1 0.084102 0.087766 0.574818 0.160275 0.093039
2 2 0.058606 0.068997 0.663994 0.143044 0.065359
2 2 0.051528 0.063157 0.691094 0.136599 0.057622
2 2 0.050238 0.062057 0.696170 0.135327 0.056208
2 2 0.072032 0.079286 0.615568 0.153141 0.079972
2 2 0.135523 0.102683 0.465611 0.173351 0.122832
0 2 0.394455 0.133102 0.151876 0.089933 0.230633
0 2 0.321054 0.160456 0.150185 0.084860 0.283445
0 2 0.336301 0.158700 0.141643 0.079669 0.283687
0 2 0.430858 0.127534 0.136110 0.080259 0.225238
0 2 0.429486 0.122935 0.146656 0.088057 0.212867
0 2 0.303582 0.150151 0.185395 0.109226 0.251647
0 2 0.292097 0.151196 0.191895 0.113293 0.251519
0 2 0.295889 0.151483 0.188519 0.111028 0.253081
0 2 0.270193 0.154778 0.201258 0.118719 0.255052
0 2 0.280575 0.140089 0.220626 0.134731 0.223979
0 2 0.329605 0.126214 0.210746 0.131353 0.202082
0 1 0.489973 0.095294 0.156439 0.100205 0.158089
0 1 0.478019 0.111607 0.134153 0.081368 0.194853
0 2 0.342735 0.141323 0.173723 0.103105 0.239114
0 2 0.387545 0.129368 0.164414 0.098982 0.219691
0 2 0.576824 0.082631 0.121326 0.079442 0.139778
0 2 0.584894 0.084429 0.113035 0.075397 0.142244
0 2 0.480847 0.106488 0.142191 0.087810 0.182664
0 2 0.465807 0.102892 0.159194 0.100507 0.171601
0 2 0.498444 0.092009 0.156537 0.101036 0.151975
0 2 0.464217 0.100446 0.164585 0.104899 0.165852
0 2 0.425864 0.112926 0.168328 0.104837 0.188045
0 2 0.327034 0.156236 0.154769 0.088369 0.273593
0 2 0.338213 0.159476 0.138214 0.077403 0.286694
0 2 0.366417 0.145591 0.146906 0.084796 0.256291
4 2 0.211708 0.182056 0.192073 0.107874 0.306289
4 2 0.196058 0.192290 0.183093 0.100684 0.327875
4 2 0.192164 0.169002 0.240774 0.131889 0.266171
4 2 0.199718 0.168964 0.227312 0.132475 0.271530
2 2 0.169686 0.153551 0.308424 0.146766 0.221573
2 2 0.172174 0.157504 0.297481 0.142573 0.230267
2 2 0.164063 0.150820 0.323359 0.148073 0.213684
2 2 0.154818 0.145850 0.348779 0.150084 0.200468
2 2 0.126735 0.123415 0.436453 0.159876 0.153521
2 2 0.099757 0.099444 0.524048 0.164823 0.111928
2 2 0.071098 0.078601 0.618826 0.152517 0.078958
2 2 0.059728 0.069896 0.659802 0.143989 0.066585
2 2 0.047259 0.059475 0.708063 0.132262 0.052941
2 2 0.053052 0.064441 0.685155 0.138062 0.059290
2 2 0.060029 0.070136 0.658683 0.144239 0.066913
2 2 0.069814 0.077652 0.623328 0.151643 0.077564
2 2 0.072156 0.079377 0.615137 0.153223 0.080107
2 2 0.070738 0.078336 0.620086 0.152274 0.078567
2 2 0.070028 0.077811 0.622577 0.151790 0.077796
2 2 0.072573 0.079681 0.613691 0.153497 0.080559
2 2 0.077904 0.083496 0.595446 0.156817 0.086337
2 2 0.083020 0.087034 0.578375 0.159701 0.091871
2 2 0.079868 0.084868 0.588844 0.157958 0.088462
2 2 0.058821 0.069170 0.663187 0.143227 0.065595
2 2 0.042427 0.055149 0.727908 0.126884 0.047631
2 2 0.034829 0.047956 0.760733 0.117231 0.039252
2 2 0.031952 0.045092 0.773763 0.113122 0.036070
2 2 0.030305 0.043412 0.781402 0.110637 0.034244
2 2 0.027516 0.040498 0.794649 0.106189 0.031149
2 2 0.025749 0.038602 0.803268 0.103196 0.029185
2 2 0.026022 0.038898 0.801923 0.103668 0.029489
2 2 0.026992 0.039940 0.797185 0.105316 0.030567
2 2 0.024694 0.037449 0.808509 0.101337 0.028010
2 2 0.023130 0.035712 0.816414 0.098477 0.026268
2 2 0.022615 0.035133 0.819051 0.097507 0.025694
2 2 0.023737 0.036391 0.813323 0.099604 0.026945
2 2 0.024834 0.037604 0.807807 0.101588 0.028167
2 2 0.024579 0.037323 0.809085 0.101132 0.027882
2 2 0.023636 0.036279 0.813834 0.099418 0.026833
2 2 0.023002 0.035568 0.817069 0.098237 0.026125
2 2 0.023584 0.036221 0.814098 0.099322 0.026775
2 2 0.023015 0.035583 0.817000 0.098262 0.026140
2 2 0.021834 0.034245 0.823095 0.096004 0.024822
2 2 0.020412 0.032603 0.830580 0.093171 0.023234
2 2 0.020458 0.032657 0.830333 0.093266 0.023286
2 2 0.020604 0.032828 0.829556 0.093563 0.023449
2 2 0.021664 0.034050 0.823983 0.095671 0.024632
2 2 0.022047 0.034488 0.821986 0.096418 0.025060
2 2 0.022925 0.035482 0.817460 0.098093 0.026040
2 2 0.023169 0.035756 0.816215 0.098550 0.026311
2 2 0.024875 0.037649 0.807603 0.101661 0.028213
2 2 0.027233 0.040197 0.796015 0.105719 0.030835
2 2 0.028496 0.041533 0.789944 0.107789 0.032238
2 2 0.027717 0.040711 0.793679 0.106521 0.031373
2 2 0.025776 0.038631 0.803134 0.103243 0.029215
2 2 0.024128 0.036825 0.811349 0.100318 0.027380
2 2 0.022563 0.035074 0.819318 0.097408 0.025636
2 2 0.024052 0.036741 0.811732 0.100180 0.027296
2 2 0.029705 0.042793 0.784216 0.109707 0.033579
2 2 0.052129 0.063665 0.688744 0.137181 0.058280
2 2 0.093572 0.093968 0.544409 0.164801 0.103250
2 1 0.124871 0.111979 0.452065 0.174339 0.136746
2 2 0.061600 0.071377 0.652878 0.145520 0.068625
2 2 0.047160 0.059388 0.708463 0.132157 0.052832
2 2 0.030056 0.043157 0.782564 0.110254 0.033969
2 2 0.024957 0.037739 0.807193 0.101807 0.028304
2 2 0.018587 0.030444 0.840440 0.089337 0.021192
2 2 0.020314 0.032489 0.831099 0.092973 0.023125
2 2 0.022573 0.035085 0.819270 0.097426 0.025647
2 2 0.028532 0.041571 0.789773 0.107847 0.032278
2 2 0.049554 0.061470 0.698878 0.134639 0.055458
2 1 0.104444 0.100638 0.511003 0.168988 0.114927
2 2 0.069175 0.077177 0.625580 0.151199 0.076869
2 2 0.054939 0.066011 0.677881 0.139814 0.061354
2 2 0.041875 0.054643 0.730223 0.126235 0.047024
2 2 0.040701 0.053559 0.735180 0.124829 0.045731
2 2 0.038417 0.051416 0.744963 0.121990 0.043214
2 2 0.068209 0.076454 0.628999 0.150519 0.075819
2 1 0.104994 0.100964 0.509350 0.169174 0.115517
2 2 0.057020 0.067715 0.669963 0.141674 0.063628
2 2 0.047594 0.059769 0.706712 0.132616 0.053309
2 2 0.038351 0.051353 0.745250 0.121905 0.043140
2 2 0.038031 0.051050 0.746636 0.121496 0.042788
2 2 0.034335 0.047471 0.762942 0.116546 0.038706
2 2 0.043725 0.056328 0.722506 0.128382 0.049059
2 2 0.068234 0.076473 0.628910 0.150537 0.075847
2 2 0.081441 0.085954 0.583601 0.158841 0.090163
2 2 0.104709 0.101931 0.509354 0.167349 0.116658
2 2 0.127796 0.121001 0.436662 0.164066 0.150475
2 2 0.153798 0.142074 0.356072 0.154357 0.193699
2 2 0.168445 0.154362 0.309533 0.145285 0.222375
4 2 0.198738 0.180560 0.205609 0.116517 0.298576
4 1 0.194631 0.196495 0.174854 0.095066 0.338954
4 2 0.193202 0.200070 0.167769 0.090308 0.348652
4 2 0.193112 0.200280 0.167350 0.090029 0.349229
4 2 0.195958 0.192614 0.182462 0.100250 0.328716
4 2 0.191511 0.203743 0.160402 0.085432 0.358912
4 4 0.187587 0.210751 0.146059 0.076144 0.379459
4 4 0.180453 0.220306 0.125711 0.063430 0.410100
4 4 0.171969 0.228621 0.106889 0.052157 0.440364
4 4 0.162990 0.235190 0.090783 0.042894 0.468144
4 4 0.153944 0.240172 0.077237 0.035392 0.493255
4 4 0.146524 0.243296 0.067631 0.030240 0.512309
4 4 0.149194 0.242262 0.070952 0.032005 0.505588
4 4 0.155599 0.239364 0.079551 0.036654 0.488832
4 4 0.162917 0.235236 0.090664 0.042828 0.468355
4 4 0.169106 0.230923 0.101404 0.048962 0.449603
4 4 0.176042 0.224943 0.115380 0.057184 0.426451
4 4 0.182143 0.218309 0.130056 0.066099 0.403393
4 4 0.184070 0.215850 0.135335 0.069375 0.395370
4 4 0.178972 0.221949 0.122091 0.061226 0.415762
4 4 0.171009 0.229417 0.105008 0.051057 0.443508
4 4 0.164068 0.234496 0.092558 0.043897 0.464981
4 4 0.156990 0.238651 0.081549 0.037750 0.485060
4 4 0.150022 0.241921 0.072011 0.032571 0.503476
4 4 0.144646 0.243966 0.065380 0.029054 0.516954
4 4 0.143482 0.244359 0.064019 0.028341 0.519799
4 4 0.142857 0.244563 0.063297 0.027965 0.521319
4 4 0.139551 0.245560 0.059599 0.026048 0.529243
4 4 0.140451 0.245302 0.060587 0.026558 0.527103
4 4 0.140350 0.245331 0.060476 0.026501 0.527342
4 4 0.144964 0.243856 0.065757 0.029252 0.516171
4 4 0.145543 0.243652 0.066447 0.029615 0.514743
4 4 0.147479 0.242937 0.068802 0.030860 0.509921
4 4 0.151845 0.241137 0.074396 0.033853 0.498770
4 4 0.157984 0.238121 0.083008 0.038555 0.482331
4 4 0.168920 0.231066 0.101060 0.048764 0.450190
4 4 0.179563 0.221305 0.123515 0.062090 0.413527
4 4 0.181672 0.218879 0.128821 0.065338 0.405290
4 4 0.186855 0.211888 0.143690 0.074636 0.382931
4 1 0.186393 0.212584 0.142234 0.073712 0.385077
4 1 0.186449 0.195628 0.193627 0.097452 0.326844
4 2 0.190242 0.195144 0.187278 0.097647 0.329689
4 2 0.194695 0.196323 0.175194 0.095296 0.338492
4 2 0.189493 0.207562 0.152636 0.080370 0.369939
4 4 0.189819 0.206979 0.153829 0.081142 0.368231
4 4 0.185869 0.213353 0.140621 0.072693 0.387465
4 4 0.183045 0.217183 0.132483 0.067601 0.399688
4 4 0.185059 0.214504 0.138192 0.071164 0.391081
4 4 0.185889 0.213324 0.140682 0.072731 0.387374
4 4 0.190079 0.206506 0.154795 0.081769 0.366851
4 4 0.190673 0.205392 0.157062 0.083245 0.363628
4 4 0.189396 0.207733 0.152285 0.080143 0.370443
4 4 0.183534 0.216555 0.133829 0.068437 0.397646
4 4 0.175841 0.225137 0.114940 0.056921 0.427162
4 4 0.167193 0.232347 0.097933 0.046962 0.455565
4 4 0.159768 0.237129 0.085695 0.040044 0.477364
4 4 0.154774 0.239772 0.078389 0.036019 0.491046
4 4 0.152489 0.240848 0.075257 0.034318 0.497088
4 4 0.151388 0.241337 0.073792 0.033528 0.499954
4 4 0.153221 0.240512 0.076248 0.034854 0.495165
4 4 0.159340 0.237372 0.085041 0.039681 0.478565
4 4 0.168334 0.231509 0.099986 0.048143 0.452029
4 4 0.176383 0.224610 0.116134 0.057635 0.425237
4 4 0.180219 0.220572 0.125127 0.063073 0.411008
4 4 0.185747 0.213529 0.140250 0.072459 0.388016
4 4 0.193803 0.198628 0.170637 0.092226 0.344707
4 4 0.195542 0.193904 0.179942 0.098525 0.332087
4 4 0.197016 0.188922 0.189625 0.105204 0.319233
4 1 0.196959 0.189139 0.189206 0.104912 0.319785
2 1 0.173680 0.167183 0.278219 0.131009 0.249909
2 2 0.140463 0.136163 0.391331 0.153842 0.178201
2 2 0.122525 0.119045 0.450711 0.161996 0.145724
2 2 0.125506 0.121399 0.441417 0.161508 0.150170
2 2 0.118884 0.115898 0.462364 0.162840 0.140014
2 2 0.131240 0.127768 0.421489 0.157871 0.161632
2 2 0.137122 0.132060 0.403584 0.156762 0.170472
2 2 0.147754 0.140926 0.369893 0.152411 0.189015
2 2 0.148629 0.141059 0.367922 0.152755 0.189635
4 2 0.183809 0.172509 0.249455 0.126362 0.267864
4 2 0.198419 0.182496 0.201935 0.113884 0.303265
4 1 0.195782 0.193168 0.181381 0.099509 0.330160
2 1 0.168899 0.164035 0.292817 0.133511 0.240738
2 2 0.142226 0.139128 0.383751 0.151271 0.183624
2 2 0.126093 0.121991 0.439454 0.161226 0.151237
2 2 0.104640 0.102972 0.508720 0.165702 0.117966
2 2 0.082190 0.086468 0.581117 0.159252 0.090974
2 2 0.133426 0.128127 0.416278 0.159121 0.163049
