0 0 0.545805 0.226473 0.092650 0.014017 0.121056
0 0 0.662261 0.203210 0.044405 0.004795 0.085329
0 0 0.698426 0.202330 0.035881 0.003050 0.060312
0 0 0.720095 0.189039 0.028508 0.002360 0.059999
0 0 0.743602 0.189336 0.024125 0.001570 0.041368
0 0 0.752352 0.183941 0.021805 0.001389 0.040513
0 0 0.744220 0.188267 0.023867 0.001568 0.042078
0 0 0.746787 0.182339 0.022569 0.001571 0.046733
0 0 0.765984 0.174339 0.018367 0.001147 0.040163
0 0 0.772095 0.170632 0.017018 0.001042 0.039213
0 0 0.748314 0.179574 0.021895 0.001558 0.048659
0 0 0.757570 0.178556 0.020232 0.001315 0.042327
0 0 0.765698 0.178904 0.018894 0.001098 0.035407
0 0 0.753931 0.185257 0.021665 0.001324 0.037823
0 0 0.750411 0.188006 0.022637 0.001383 0.037562
0 0 0.760996 0.186382 0.020394 0.001105 0.031124
0 0 0.775828 0.174821 0.016814 0.000905 0.031632
0 0 0.766078 0.179608 0.018892 0.001078 0.034344
0 0 0.776637 0.166191 0.015878 0.000983 0.040311
0 0 0.786068 0.157170 0.013670 0.000860 0.042231
0 0 0.791403 0.152405 0.012543 0.000791 0.042858
0 0 0.779291 0.153882 0.014001 0.000999 0.051827
0 0 0.780602 0.157361 0.014321 0.000961 0.046754
0 0 0.775175 0.157672 0.014975 0.001065 0.051113
0 0 0.775051 0.160126 0.015328 0.001057 0.048438
0 0 0.722470 0.199120 0.029914 0.002128 0.046368
0 0 0.678966 0.224011 0.045649 0.003468 0.047907
0 0 0.692644 0.215676 0.040127 0.003026 0.048527
0 0 0.703897 0.207597 0.035701 0.002709 0.050095
0 0 0.666921 0.230736 0.050775 0.003897 0.047671
0 0 0.649150 0.245493 0.059788 0.004303 0.041266
0 0 0.651865 0.249088 0.059096 0.003919 0.036032
0 0 0.677021 0.231741 0.047524 0.003279 0.040435
0 0 0.689757 0.220344 0.041763 0.003028 0.045107
0 0 0.675488 0.223377 0.046586 0.003679 0.050870
0 0 0.670581 0.229079 0.049252 0.003750 0.047338
0 0 0.677642 0.229593 0.047011 0.003333 0.042422
0 0 0.686019 0.224302 0.043522 0.003085 0.043073
0 0 0.683779 0.221130 0.043663 0.003309 0.048119
0 0 0.690276 0.216938 0.041017 0.003106 0.048663
0 0 0.707887 0.208234 0.034826 0.002522 0.046532
0 0 0.728929 0.193202 0.027594 0.001996 0.048280
0 0 0.740541 0.186900 0.024365 0.001703 0.046492
0 0 0.728956 0.195632 0.027974 0.001954 0.045484
0 0 0.727317 0.198427 0.028742 0.001961 0.043552
0 0 0.738880 0.196735 0.025975 0.001588 0.036822
0 0 0.745597 0.196895 0.024466 0.001361 0.031681
0 0 0.751925 0.191459 0.022651 0.001275 0.032691
0 0 0.825382 0.145089 0.008261 0.000331 0.020937
0 0 0.917492 0.076884 0.000869 0.000013 0.004742
0 0 0.944253 0.052801 0.000268 0.000003 0.002676
0 0 0.921341 0.071271 0.000785 0.000014 0.006588
0 0 0.873589 0.109272 0.003202 0.000095 0.013842
0 0 0.832903 0.153257 0.006709 0.000140 0.006991
0 0 0.782311 0.190885 0.015146 0.000442 0.011215
0 1 0.683946 0.217762 0.042953 0.003401 0.051937
0 1 0.675116 0.223172 0.046656 0.003706 0.051350
0 1 0.689707 0.211586 0.040082 0.003273 0.055353
0 0 0.694381 0.208649 0.038259 0.003116 0.055595
0 0 0.678717 0.228417 0.046478 0.003320 0.043067
0 1 0.637749 0.252843 0.065552 0.004638 0.039218
0 2 0.590469 0.272330 0.091168 0.006808 0.039225
0 2 0.542543 0.291375 0.122105 0.009029 0.034948
0 2 0.496961 0.292446 0.154054 0.013614 0.042924
0 2 0.402500 0.301549 0.230089 0.020485 0.045377
2 2 0.281337 0.314232 0.342011 0.018347 0.044073
2 2 0.205237 0.308730 0.428914 0.015117 0.042002
2 2 0.166037 0.291599 0.482493 0.015018 0.044853
2 2 0.135040 0.271650 0.530047 0.015137 0.048127
2 2 0.115358 0.254250 0.562941 0.015642 0.051809
2 2 0.115358 0.246054 0.561110 0.018245 0.059233
2 2 0.130719 0.248583 0.532629 0.021679 0.066390
2 2 0.151421 0.262638 0.501401 0.021478 0.063062
2 2 0.176069 0.276928 0.466860 0.021046 0.059096
2 2 0.221268 0.290925 0.408651 0.022117 0.057039
2 3 0.282154 0.297103 0.340542 0.024177 0.056024
0 3 0.323230 0.289918 0.298969 0.028001 0.059882
0 3 0.399344 0.276801 0.227990 0.029830 0.066036
0 3 0.456944 0.281648 0.180795 0.020529 0.060085
0 3 0.553823 0.271336 0.111335 0.010365 0.053142
0 3 0.655809 0.233020 0.055011 0.004479 0.051680
0 0 0.721705 0.199493 0.030143 0.002150 0.046509
0 0 0.739509 0.191435 0.025209 0.001667 0.042180
0 0 0.738877 0.194467 0.025721 0.001634 0.039301
0 0 0.744717 0.194357 0.024454 0.001444 0.035029
0 0 0.736820 0.199552 0.026726 0.001598 0.035303
0 0 0.707251 0.207099 0.034788 0.002575 0.048287
0 1 0.659893 0.220054 0.050397 0.004665 0.064992
0 1 0.632350 0.228434 0.061635 0.006210 0.071370
0 1 0.613411 0.233464 0.070079 0.007458 0.075588
0 2 0.570575 0.244169 0.092042 0.010826 0.082388
0 1 0.521598 0.265545 0.128002 0.014590 0.070265
0 2 0.471531 0.275504 0.166546 0.019691 0.066728
0 2 0.356744 0.299398 0.267442 0.023039 0.053377
2 2 0.230829 0.303575 0.398066 0.018799 0.048730
2 2 0.167629 0.288655 0.480294 0.016042 0.047380
2 2 0.137593 0.270395 0.525761 0.016004 0.050248
2 2 0.127813 0.260525 0.541273 0.016807 0.053582
2 2 0.150217 0.272025 0.505463 0.018019 0.054275
2 2 0.198426 0.290986 0.437918 0.019512 0.053158
2 2 0.283419 0.306076 0.339986 0.021020 0.049499
0 2 0.364432 0.299083 0.263632 0.023717 0.049137
0 2 0.470739 0.281837 0.170169 0.018674 0.058581
0 2 0.505090 0.277528 0.143766 0.015059 0.058556
0 2 0.519499 0.273410 0.132723 0.013902 0.060466
0 2 0.513136 0.271947 0.136171 0.014849 0.063896
0 2 0.522351 0.266308 0.127906 0.014414 0.069021
0 3 0.535499 0.264491 0.119343 0.013069 0.067598
0 3 0.541940 0.262722 0.114929 0.012516 0.067893
0 3 0.535936 0.262201 0.117758 0.013750 0.070354
0 3 0.523304 0.260130 0.123039 0.017088 0.076439
0 3 0.525086 0.256873 0.119660 0.018377 0.080005
0 3 0.525548 0.254656 0.117595 0.019697 0.082504
0 3 0.523598 0.250441 0.116050 0.020800 0.089111
0 3 0.527426 0.248220 0.112885 0.020087 0.091382
0 3 0.533712 0.247369 0.109453 0.018638 0.090829
0 3 0.534337 0.250070 0.110821 0.018016 0.086755
0 3 0.532953 0.252382 0.112988 0.017674 0.084003
0 3 0.535738 0.249832 0.110606 0.016589 0.087235
0 3 0.543433 0.243972 0.103607 0.015698 0.093289
0 3 0.564152 0.238414 0.091439 0.012769 0.093226
0 3 0.561411 0.238248 0.092520 0.013124 0.094697
0 3 0.550021 0.239901 0.098384 0.014682 0.097013
0 3 0.552585 0.241766 0.098219 0.014360 0.093070
0 3 0.537848 0.245320 0.106938 0.016693 0.093202
0 3 0.528473 0.245913 0.111719 0.018533 0.095362
0 3 0.527778 0.248198 0.113392 0.018591 0.092041
0 3 0.561554 0.246978 0.096970 0.012637 0.081862
0 3 0.594479 0.240905 0.080359 0.008737 0.075519
0 3 0.604953 0.238133 0.075073 0.007962 0.073879
0 3 0.592757 0.238078 0.079786 0.009155 0.080224
0 3 0.569697 0.242353 0.090801 0.012422 0.084727
0 3 0.576677 0.244340 0.088728 0.011448 0.078808
0 3 0.607726 0.241396 0.075172 0.007619 0.068087
0 2 0.642980 0.231652 0.059059 0.005367 0.060942
0 2 0.626926 0.239008 0.066961 0.006194 0.060912
0 2 0.561881 0.264696 0.104773 0.010207 0.058442
0 2 0.487109 0.280100 0.157326 0.016883 0.058583
0 2 0.398078 0.284124 0.229320 0.026363 0.062116
2 2 0.284128 0.280900 0.334672 0.031030 0.069271
2 2 0.222494 0.276225 0.403377 0.028035 0.069869
2 2 0.232135 0.282989 0.393594 0.026260 0.065023
2 3 0.277393 0.292541 0.344768 0.025734 0.059564
0 3 0.361924 0.295021 0.265115 0.025281 0.052660
0 3 0.476722 0.286428 0.167443 0.017068 0.052339
0 3 0.562620 0.266779 0.105043 0.009935 0.055622
0 3 0.591580 0.254881 0.086703 0.008172 0.058664
0 3 0.560738 0.259810 0.103613 0.010759 0.065079
0 3 0.550229 0.263238 0.110561 0.011560 0.064412
0 3 0.536091 0.269240 0.120943 0.012496 0.061230
0 3 0.523102 0.264547 0.126625 0.014517 0.071209
0 3 0.498086 0.262913 0.141144 0.017989 0.079867
0 3 0.525376 0.260233 0.122028 0.016584 0.075780
0 3 0.542832 0.253725 0.109329 0.014759 0.079355
0 3 0.572409 0.246488 0.092168 0.010736 0.078199
0 3 0.593669 0.241282 0.080846 0.008791 0.075411
0 3 0.602516 0.238633 0.076222 0.008145 0.074484
0 3 0.584922 0.241031 0.084374 0.009597 0.080076
0 3 0.566173 0.242277 0.092725 0.012034 0.086790
0 3 0.551083 0.245335 0.100582 0.014896 0.088105
0 3 0.551422 0.245360 0.099932 0.015863 0.087422
0 3 0.554642 0.241043 0.095955 0.016077 0.092283
0 3 0.545236 0.238363 0.098330 0.018294 0.099777
0 3 0.534291 0.237047 0.102509 0.020061 0.106092
0 3 0.532429 0.237940 0.104213 0.019688 0.105730
0 3 0.531292 0.242280 0.107538 0.019510 0.099379
0 3 0.523301 0.243446 0.111810 0.021648 0.099795
0 3 0.506692 0.245564 0.120952 0.026447 0.100345
0 3 0.491332 0.247569 0.130123 0.031003 0.099973
0 3 0.476868 0.246626 0.137283 0.035709 0.103514
0 3 0.467472 0.245623 0.141675 0.039301 0.105930
0 3 0.457056 0.243804 0.145874 0.044103 0.109163
0 3 0.472580 0.247067 0.139612 0.038026 0.102715
0 3 0.504388 0.250788 0.125112 0.027550 0.092162
0 3 0.539390 0.250126 0.107317 0.019238 0.083929
0 3 0.552701 0.249026 0.100712 0.016418 0.081143
0 3 0.551660 0.244960 0.099098 0.016920 0.087362
0 3 0.532328 0.244015 0.107268 0.021042 0.095347
0 3 0.472618 0.251072 0.145343 0.031501 0.099466
0 3 0.402825 0.240411 0.186077 0.048511 0.122176
0 3 0.434330 0.241514 0.164779 0.036949 0.122426
0 3 0.534744 0.252191 0.113461 0.014616 0.084989
0 3 0.537531 0.255641 0.112263 0.016763 0.077802
0 3 0.573720 0.241473 0.088583 0.012113 0.084111
0 3 0.519319 0.249019 0.115780 0.025264 0.090618
0 3 0.526473 0.246460 0.110922 0.023437 0.092708
0 3 0.528419 0.246398 0.110301 0.022225 0.092656
0 3 0.545550 0.246202 0.102736 0.017514 0.087999
0 3 0.556216 0.246266 0.098453 0.014581 0.084485
0 3 0.560030 0.245877 0.096720 0.013671 0.083701
0 3 0.565016 0.243720 0.093516 0.012943 0.084805
0 3 0.554056 0.243508 0.098052 0.014963 0.089421
0 3 0.556769 0.242264 0.095891 0.015223 0.089853
0 3 0.534574 0.246177 0.107557 0.020246 0.091447
0 3 0.515805 0.246299 0.116608 0.024668 0.096621
0 3 0.488584 0.244563 0.129120 0.032844 0.104889
0 3 0.482093 0.244368 0.132621 0.034482 0.106436
0 3 0.486403 0.247985 0.133373 0.031774 0.100465
0 3 0.523308 0.249624 0.115791 0.020773 0.090503
0 3 0.522564 0.250577 0.116779 0.020749 0.089332
0 3 0.504530 0.249913 0.125610 0.025158 0.094790
0 3 0.490109 0.248633 0.132453 0.029199 0.099606
0 3 0.507825 0.248711 0.122913 0.024857 0.095694
0 3 0.534647 0.246924 0.108760 0.018463 0.091206
0 3 0.545159 0.247947 0.104528 0.016089 0.086277
0 3 0.560615 0.247325 0.097067 0.013687 0.081307
0 3 0.563795 0.246582 0.095040 0.013730 0.080852
0 3 0.552857 0.244724 0.098860 0.015847 0.087713
0 3 0.529353 0.242789 0.108334 0.020819 0.098704
0 3 0.523199 0.244185 0.111915 0.022538 0.098163
0 3 0.520260 0.245240 0.114113 0.022881 0.097507
0 3 0.529201 0.248690 0.112361 0.019534 0.090214
0 3 0.527567 0.250805 0.114235 0.020005 0.087389
0 3 0.509062 0.249443 0.122461 0.025090 0.093944
0 3 0.486846 0.244880 0.130012 0.033971 0.104292
0 3 0.467114 0.238199 0.134816 0.042777 0.117094
0 3 0.466160 0.236269 0.134002 0.042541 0.121029
0 3 0.459003 0.237672 0.139656 0.043786 0.119882
0 3 0.459931 0.239093 0.140834 0.042104 0.118039
0 3 0.450410 0.236181 0.143328 0.046991 0.123090
0 3 0.463553 0.238816 0.138240 0.041609 0.117781
0 3 0.457057 0.240897 0.144032 0.042972 0.115043
0 3 0.491098 0.245149 0.128970 0.030276 0.104507
0 3 0.516892 0.247856 0.117902 0.022410 0.094939
0 3 0.543371 0.248574 0.105680 0.016414 0.085962
0 3 0.541168 0.246235 0.105498 0.016848 0.090251
0 3 0.527974 0.244547 0.110466 0.020120 0.096893
0 3 0.515001 0.242720 0.115455 0.023366 0.103458
0 3 0.511745 0.246619 0.119816 0.023487 0.098333
0 3 0.526950 0.248189 0.113163 0.020057 0.091641
0 3 0.524107 0.248313 0.114428 0.021095 0.092058
0 3 0.533088 0.248456 0.110167 0.019112 0.089178
0 3 0.550598 0.250000 0.103207 0.014688 0.081507
0 3 0.564049 0.247887 0.096251 0.012278 0.079534
0 3 0.588804 0.243632 0.083848 0.009113 0.074603
0 3 0.577875 0.245946 0.089387 0.010369 0.076424
0 3 0.572753 0.241398 0.089398 0.011388 0.085063
0 3 0.556573 0.241426 0.096043 0.014241 0.091716
0 3 0.543895 0.242603 0.102219 0.016504 0.094778
0 3 0.538062 0.243826 0.105490 0.017730 0.094892
0 3 0.547033 0.248197 0.103629 0.016051 0.085090
0 3 0.568272 0.248527 0.094098 0.012653 0.076450
0 3 0.583153 0.244884 0.086019 0.010972 0.074972
0 3 0.585121 0.241403 0.083620 0.011100 0.078756
0 3 0.576001 0.237655 0.085423 0.012752 0.088168
0 3 0.557340 0.235728 0.091812 0.016021 0.099099
0 3 0.559921 0.234010 0.089668 0.015955 0.100447
0 3 0.572615 0.235773 0.085457 0.014119 0.092036
0 3 0.598982 0.234284 0.074922 0.010286 0.081526
0 3 0.641200 0.223811 0.057207 0.005738 0.072044
0 3 0.687286 0.208869 0.040066 0.003447 0.060332
0 1 0.722648 0.192978 0.028807 0.002222 0.053346
0 2 0.695265 0.206017 0.037460 0.003127 0.058130
0 2 0.666968 0.224950 0.049541 0.004107 0.054435
0 2 0.638642 0.244589 0.063825 0.005067 0.047877
0 2 0.574373 0.263919 0.097926 0.009047 0.054735
0 2 0.439507 0.268537 0.186983 0.025555 0.079418
2 2 0.299748 0.287743 0.318076 0.027774 0.066659
2 2 0.212599 0.282434 0.417921 0.024287 0.062758
2 2 0.167900 0.271560 0.477803 0.021532 0.061204
2 2 0.166817 0.272617 0.479708 0.020955 0.059902
2 2 0.171918 0.270710 0.471483 0.022584 0.063305
2 2 0.189982 0.270087 0.444769 0.025992 0.069170
2 2 0.209373 0.276508 0.420423 0.026241 0.067455
2 2 0.246820 0.277200 0.372349 0.029702 0.073928
2 2 0.270969 0.271053 0.335779 0.032316 0.089884
0 2 0.303499 0.261760 0.290421 0.035111 0.109209
0 2 0.346401 0.249981 0.236798 0.035797 0.131023
0 2 0.357098 0.251669 0.227971 0.033869 0.129393
2 2 0.261045 0.280661 0.350796 0.027623 0.079875
2 2 0.212533 0.278141 0.415687 0.025767 0.067871
2 2 0.225268 0.275997 0.392777 0.026921 0.079038
2 2 0.271556 0.250529 0.303488 0.035450 0.138977
2 2 0.239222 0.247027 0.339167 0.036100 0.138485
2 2 0.214323 0.245742 0.375002 0.035878 0.129055
2 2 0.224547 0.244379 0.361574 0.038127 0.131373
0 2 0.312200 0.222906 0.234325 0.044800 0.185770
0 2 0.390927 0.197914 0.146507 0.039376 0.225275
0 2 0.417459 0.197598 0.128937 0.033014 0.222993
0 2 0.449680 0.215113 0.130173 0.027864 0.177171
0 4 0.497289 0.221055 0.110489 0.020196 0.150971
0 4 0.493800 0.236455 0.125152 0.020540 0.124053
0 2 0.445671 0.254657 0.171572 0.026801 0.101299
0 2 0.366469 0.262428 0.231791 0.031286 0.108026
2 2 0.253030 0.251541 0.324358 0.034191 0.136879
2 2 0.148537 0.234232 0.474929 0.030396 0.111906
2 2 0.115946 0.227482 0.550189 0.025861 0.080522
2 2 0.155314 0.236779 0.472230 0.032483 0.103194
2 2 0.213999 0.251467 0.393268 0.036829 0.104437
0 2 0.372157 0.255187 0.229422 0.036659 0.106575
0 2 0.496361 0.258475 0.139611 0.018605 0.086949
0 2 0.562345 0.241031 0.094152 0.011819 0.090653
0 2 0.465614 0.274722 0.170551 0.020639 0.068474
2 2 0.277695 0.298685 0.344352 0.023176 0.056091
2 2 0.211834 0.275872 0.410624 0.025569 0.076100
2 2 0.220159 0.240264 0.352991 0.036284 0.150302
2 2 0.163817 0.244907 0.471081 0.032094 0.088101
2 2 0.249658 0.271496 0.364399 0.031963 0.082483
0 2 0.420800 0.265426 0.200342 0.029193 0.084239
0 2 0.542574 0.259452 0.113127 0.012747 0.072101
0 1 0.637460 0.235569 0.062093 0.005588 0.059290
0 2 0.543769 0.278675 0.119280 0.010560 0.047717
0 2 0.407570 0.305711 0.223311 0.018142 0.045265
2 2 0.292184 0.308783 0.331085 0.020386 0.047562
2 2 0.218534 0.284923 0.410935 0.024032 0.061576
2 2 0.128338 0.259748 0.540212 0.017172 0.054530
2 2 0.123314 0.256635 0.548662 0.016925 0.054464
2 2 0.117902 0.253607 0.558077 0.016491 0.053923
2 2 0.114368 0.252448 0.564517 0.015922 0.052744
2 2 0.119310 0.254346 0.555593 0.016626 0.054126
2 2 0.129294 0.260076 0.538581 0.017296 0.054754
2 2 0.142651 0.263563 0.516272 0.019216 0.058299
2 2 0.127763 0.254146 0.539977 0.018865 0.059249
2 2 0.126934 0.253725 0.541377 0.018795 0.059168
2 2 0.131057 0.263960 0.536111 0.016506 0.052365
2 2 0.131542 0.266948 0.535605 0.015735 0.050169
2 2 0.122323 0.255080 0.550169 0.017165 0.055262
2 2 0.130768 0.258555 0.535665 0.018137 0.056876
2 2 0.136307 0.262703 0.526871 0.018080 0.056039
2 2 0.132877 0.259933 0.532248 0.018188 0.056753
2 2 0.114181 0.231004 0.575929 0.021311 0.057574
2 2 0.119891 0.230273 0.567024 0.023207 0.059605
2 2 0.161664 0.270078 0.487038 0.020889 0.060331
2 2 0.186053 0.287993 0.454338 0.018863 0.052754
2 2 0.254742 0.299541 0.370348 0.021857 0.053512
0 2 0.345061 0.303113 0.280812 0.022684 0.048331
0 2 0.474157 0.289507 0.170444 0.016798 0.049094
0 2 0.550216 0.273346 0.114005 0.010517 0.051917
0 1 0.628159 0.246093 0.068367 0.005739 0.051642
0 2 0.553109 0.279316 0.113723 0.009534 0.044319
0 2 0.472304 0.292640 0.171463 0.016010 0.047583
0 2 0.327894 0.312608 0.292769 0.018814 0.047916
0 2 0.321127 0.299616 0.294621 0.022201 0.062435
2 2 0.265966 0.289266 0.356312 0.026432 0.062023
0 2 0.417145 0.279016 0.210778 0.025826 0.067235
0 2 0.525039 0.272488 0.128888 0.013373 0.060212
0 1 0.674533 0.224097 0.047025 0.003707 0.050638
0 1 0.734530 0.195579 0.026786 0.001760 0.041345
0 1 0.673533 0.232126 0.048772 0.003458 0.042110
0 2 0.537493 0.295540 0.125744 0.008935 0.032289
0 2 0.397487 0.327309 0.232038 0.013444 0.029721
2 2 0.255338 0.301890 0.367056 0.020584 0.055132
2 2 0.112947 0.241713 0.564471 0.019042 0.061827
2 2 0.083908 0.222692 0.621774 0.015549 0.056077
2 2 0.080616 0.219000 0.628541 0.015465 0.056378
2 2 0.076983 0.207450 0.647772 0.016205 0.051590
2 2 0.079951 0.204954 0.645327 0.017727 0.052041
2 2 0.082552 0.200756 0.641525 0.020118 0.055050
2 2 0.094750 0.208005 0.610411 0.023379 0.063454
2 2 0.114925 0.227294 0.566616 0.023996 0.067168
2 2 0.126169 0.238828 0.549351 0.022788 0.062863
2 2 0.123530 0.232647 0.562775 0.023115 0.057932
2 2 0.131950 0.228934 0.553882 0.026390 0.058844
2 2 0.173695 0.242620 0.480863 0.032682 0.070140
2 2 0.245222 0.264214 0.373883 0.035974 0.080706
0 2 0.321118 0.277594 0.294396 0.032523 0.074369
0 2 0.406183 0.280376 0.219538 0.026256 0.067646
0 2 0.417294 0.291580 0.213810 0.021663 0.055654
2 2 0.278942 0.308501 0.344671 0.020056 0.047830
2 2 0.193185 0.280061 0.443257 0.022582 0.060915
0 2 0.566262 0.221823 0.081612 0.011888 0.118415
0 0 0.693895 0.182829 0.031510 0.003352 0.088414
0 1 0.691727 0.207379 0.038623 0.003265 0.059006
0 2 0.645462 0.234986 0.059086 0.005067 0.055400
0 2 0.651382 0.245724 0.058921 0.004144 0.039829
0 2 0.678175 0.232130 0.047178 0.003198 0.039319
0 0 0.635148 0.255729 0.067038 0.004631 0.037452
0 1 0.591150 0.275300 0.091110 0.006464 0.035976
0 2 0.516855 0.297552 0.140346 0.010656 0.034591
0 2 0.382197 0.327442 0.245840 0.014158 0.030362
2 2 0.289017 0.324596 0.332942 0.015628 0.037817
2 2 0.222757 0.305843 0.407668 0.017457 0.046275
2 2 0.195064 0.295021 0.442590 0.017851 0.049473
2 2 0.179390 0.290862 0.463705 0.017081 0.048962
2 2 0.166584 0.283496 0.481653 0.017370 0.050897
2 2 0.195993 0.282435 0.439928 0.022115 0.059529
2 2 0.282349 0.295619 0.340123 0.024750 0.057159
0 2 0.447155 0.292906 0.193312 0.019360 0.047266
0 2 0.592672 0.263113 0.088388 0.007440 0.048388
0 0 0.690884 0.220734 0.041493 0.002959 0.043928
0 0 0.689652 0.224589 0.042429 0.002888 0.040442
0 1 0.631604 0.258845 0.068968 0.004668 0.035916
0 1 0.577735 0.289601 0.099357 0.006086 0.027222
0 2 0.542402 0.298536 0.122365 0.008057 0.028640
0 2 0.469542 0.291515 0.174662 0.016957 0.047324
2 2 0.281493 0.309611 0.342016 0.019790 0.047091
2 2 0.190642 0.297391 0.448444 0.016639 0.046884
2 2 0.130257 0.267902 0.537853 0.015193 0.048795
2 2 0.107727 0.246409 0.576258 0.015939 0.053667
2 2 0.111392 0.242284 0.567813 0.018365 0.060146
2 2 0.138038 0.260810 0.523477 0.019104 0.058571
2 2 0.194235 0.288926 0.443301 0.019653 0.053886
2 2 0.241764 0.301942 0.385245 0.020157 0.050892
2 2 0.264281 0.299694 0.359846 0.022371 0.053808
2 2 0.297773 0.303240 0.325291 0.022426 0.051269
2 2 0.275838 0.305646 0.347872 0.020875 0.049769
2 2 0.244226 0.303284 0.382471 0.019897 0.050122
2 2 0.186005 0.296251 0.454661 0.016401 0.046683
2 2 0.162289 0.289987 0.487958 0.014899 0.044868
2 2 0.141749 0.272286 0.519112 0.016285 0.050568
2 2 0.156992 0.270299 0.494411 0.019907 0.058391
2 2 0.191990 0.287624 0.446188 0.019784 0.054414
2 2 0.237829 0.310648 0.389694 0.017219 0.044610
2 2 0.212477 0.312469 0.419526 0.014804 0.040725
2 2 0.171697 0.296490 0.474192 0.014527 0.043095
2 2 0.130265 0.269162 0.537902 0.014848 0.047823
2 2 0.114787 0.253823 0.563947 0.015621 0.051822
2 2 0.103042 0.242499 0.584870 0.015771 0.053817
2 2 0.096399 0.234595 0.596898 0.016160 0.055949
2 2 0.095025 0.230058 0.598466 0.017192 0.059259
2 2 0.104615 0.238111 0.583026 0.017374 0.056874
2 2 0.099560 0.223246 0.605725 0.018877 0.052592
2 2 0.096089 0.207946 0.621101 0.021997 0.052868
2 2 0.100214 0.209674 0.612453 0.023057 0.054602
2 2 0.138484 0.258472 0.524735 0.019699 0.058611
2 2 0.140920 0.270347 0.520283 0.016691 0.051758
2 2 0.142763 0.269171 0.517116 0.017424 0.053526
2 2 0.152940 0.263075 0.499037 0.021648 0.063300
2 2 0.208577 0.281230 0.422851 0.024248 0.063095
2 2 0.306481 0.297530 0.316161 0.024726 0.055101
0 2 0.417315 0.291351 0.212832 0.021444 0.057059
0 2 0.447786 0.282015 0.188234 0.021647 0.060319
0 2 0.454263 0.281421 0.182820 0.020934 0.060561
0 2 0.462838 0.288019 0.178797 0.018482 0.051864
0 2 0.504153 0.285670 0.147186 0.013927 0.049064
0 2 0.533462 0.281382 0.126404 0.011298 0.047454
0 2 0.610050 0.260039 0.079281 0.006222 0.044407
0 2 0.698059 0.223140 0.039627 0.002524 0.036650
0 0 0.793409 0.169320 0.013542 0.000596 0.023133
0 0 0.776511 0.177390 0.016861 0.000852 0.028386
0 0 0.756308 0.190599 0.021651 0.001160 0.030282
0 1 0.722743 0.221126 0.031594 0.001495 0.023041
0 1 0.703882 0.238360 0.037594 0.001600 0.018564
0 1 0.646678 0.252037 0.061578 0.004080 0.035628
0 2 0.607746 0.261368 0.080624 0.006307 0.043956
0 2 0.551973 0.283679 0.115173 0.009116 0.040059
0 2 0.489964 0.294699 0.159730 0.013993 0.041615
0 2 0.466350 0.292105 0.177363 0.017219 0.046962
0 2 0.459027 0.293215 0.183587 0.017862 0.046309
0 2 0.469523 0.293400 0.175214 0.016580 0.045283
0 2 0.411810 0.305058 0.223163 0.018929 0.041039
0 2 0.351143 0.319947 0.274528 0.017071 0.037312
2 2 0.285060 0.324651 0.336958 0.015520 0.037810
2 2 0.234826 0.309419 0.393239 0.017362 0.045154
2 2 0.252688 0.289511 0.371117 0.025439 0.061244
0 2 0.321018 0.288897 0.298282 0.027684 0.064119
0 2 0.466124 0.281562 0.173579 0.019328 0.059407
0 0 0.613811 0.255420 0.076627 0.006257 0.047885
0 0 0.709648 0.217584 0.035573 0.002179 0.035016
0 0 0.678088 0.232980 0.047311 0.003166 0.038454
0 0 0.648607 0.246224 0.060110 0.004298 0.040761
0 1 0.623620 0.263303 0.073154 0.004922 0.035001
0 1 0.586608 0.276317 0.093745 0.006752 0.036578
0 1 0.501890 0.287206 0.149214 0.013939 0.047750
0 2 0.445538 0.297884 0.196109 0.018396 0.042073
0 2 0.339945 0.316547 0.285031 0.018250 0.040227
2 2 0.253853 0.317129 0.371086 0.016361 0.041571
2 2 0.235397 0.312812 0.392324 0.016449 0.043018
2 2 0.204272 0.310052 0.429950 0.014693 0.041032
2 2 0.180228 0.296993 0.462441 0.015483 0.044855
2 2 0.147023 0.274610 0.510836 0.016620 0.050912
2 2 0.139283 0.268025 0.522712 0.017055 0.052925
2 2 0.114413 0.254247 0.564709 0.015401 0.051230
2 2 0.105929 0.244204 0.579383 0.016099 0.054385
2 2 0.121801 0.247360 0.549031 0.019634 0.062173
2 2 0.194577 0.279640 0.441243 0.022940 0.061600
0 2 0.328576 0.301064 0.295429 0.023523 0.051408
0 2 0.414846 0.300192 0.217174 0.019289 0.048499
0 2 0.340329 0.310538 0.283889 0.019896 0.045348
2 2 0.280019 0.311383 0.343509 0.019177 0.045912
2 2 0.251669 0.310984 0.374010 0.017989 0.045347
2 2 0.216884 0.307559 0.414682 0.016471 0.044405
2 2 0.156556 0.285338 0.496524 0.015255 0.046328
2 2 0.134340 0.268474 0.531014 0.015888 0.050284
2 2 0.146857 0.268312 0.510278 0.018538 0.056015
2 2 0.177807 0.276046 0.464130 0.021649 0.060368
2 2 0.282160 0.292836 0.339840 0.025831 0.059332
0 2 0.472545 0.288593 0.171392 0.017170 0.050300
0 1 0.625085 0.258333 0.071948 0.005182 0.039451
0 1 0.608375 0.266935 0.081107 0.005805 0.037779
0 2 0.575046 0.274177 0.099964 0.007999 0.042813
0 2 0.553822 0.280692 0.113549 0.009299 0.042639
0 2 0.522134 0.290094 0.135724 0.011267 0.040781
0 2 0.394216 0.312264 0.236774 0.017601 0.039146
2 2 0.284942 0.323264 0.337308 0.015884 0.038602
2 2 0.212608 0.313869 0.419160 0.014466 0.039897
2 2 0.171115 0.293955 0.475187 0.015103 0.044640
2 2 0.153869 0.281566 0.500558 0.015847 0.048160
2 2 0.143464 0.277862 0.516615 0.015045 0.047015
2 2 0.139053 0.279144 0.523557 0.013918 0.044328
2 2 0.122795 0.268707 0.550557 0.013419 0.044521
2 2 0.116765 0.259871 0.560947 0.014395 0.048023
2 2 0.124983 0.259957 0.546208 0.016312 0.052540
2 2 0.156158 0.276096 0.496671 0.017859 0.053215
2 2 0.191734 0.292679 0.446936 0.018152 0.050499
2 2 0.232404 0.311163 0.395938 0.016696 0.043799
2 2 0.234424 0.311746 0.393544 0.016676 0.043610
2 2 0.226735 0.302396 0.402930 0.018824 0.049115
2 2 0.228852 0.296834 0.400101 0.020802 0.053410
2 2 0.242434 0.298287 0.384217 0.021431 0.053630
2 2 0.263828 0.296451 0.359959 0.023520 0.056242
2 2 0.298875 0.297303 0.323602 0.024648 0.055571
0 2 0.442825 0.284948 0.193834 0.021713 0.056680
0 2 0.545969 0.276999 0.117520 0.010534 0.048978
0 2 0.653356 0.240617 0.057385 0.004287 0.044355
0 1 0.677476 0.227577 0.046747 0.003421 0.044780
0 1 0.656977 0.237335 0.055467 0.004216 0.046005
0 1 0.613896 0.265506 0.078166 0.005487 0.036945
0 2 0.535499 0.294720 0.127075 0.009242 0.033464
0 2 0.469821 0.294376 0.175234 0.016348 0.044222
0 2 0.357227 0.309666 0.268460 0.019784 0.044862
2 2 0.263664 0.306982 0.360908 0.019875 0.048572
2 2 0.242219 0.303782 0.384785 0.019597 0.049617
2 2 0.285989 0.310453 0.337372 0.019667 0.046519
1 2 0.313402 0.316817 0.309843 0.018207 0.041731
2 2 0.281417 0.320384 0.341340 0.016571 0.040287
2 2 0.203086 0.307092 0.431783 0.015338 0.042701
2 2 0.174775 0.292706 0.470124 0.015932 0.046463
2 2 0.165432 0.288227 0.483463 0.015835 0.047043
2 2 0.159356 0.282574 0.492313 0.016475 0.049282
2 2 0.147743 0.275608 0.509772 0.016462 0.050414
2 2 0.162934 0.287363 0.487097 0.015697 0.046909
2 2 0.142000 0.281220 0.518835 0.013912 0.044032
2 2 0.128666 0.272466 0.540597 0.013659 0.044612
2 2 0.103765 0.251660 0.584686 0.013373 0.046515
2 2 0.094134 0.238180 0.602603 0.014341 0.050742
2 2 0.081141 0.214046 0.637763 0.015909 0.051141
2 2 0.089098 0.219469 0.622873 0.016929 0.051631
2 2 0.098671 0.225682 0.604239 0.018190 0.053217
2 2 0.123447 0.255502 0.548195 0.017316 0.055540
2 2 0.138851 0.268577 0.523499 0.016797 0.052275
2 2 0.144682 0.272165 0.514355 0.016896 0.051901
2 2 0.167699 0.277199 0.479284 0.019540 0.056278
2 2 0.214922 0.286260 0.415804 0.023117 0.059897
2 2 0.280417 0.284929 0.339778 0.029050 0.065827
0 2 0.357299 0.273976 0.258869 0.032688 0.077167
0 3 0.404278 0.260254 0.210542 0.033093 0.091833
0 3 0.412566 0.264413 0.206698 0.030777 0.085545
0 3 0.317751 0.283716 0.302542 0.030686 0.065304
2 3 0.243366 0.279702 0.377865 0.028435 0.070632
2 3 0.129661 0.215420 0.526894 0.036198 0.091827
2 2 0.129556 0.236475 0.538272 0.025328 0.070368
2 2 0.140905 0.259106 0.518074 0.020369 0.061545
2 2 0.136248 0.260896 0.526590 0.018660 0.057606
2 2 0.175307 0.274923 0.467533 0.021632 0.060605
2 2 0.274221 0.301128 0.349309 0.022363 0.052979
0 2 0.435100 0.291710 0.203199 0.021120 0.048871
0 2 0.503485 0.283202 0.146898 0.014394 0.052021
0 2 0.535452 0.269244 0.121322 0.012567 0.061415
0 2 0.569760 0.259634 0.098911 0.009863 0.061832
0 2 0.560072 0.265962 0.106171 0.010271 0.057524
0 2 0.515855 0.257319 0.127090 0.016138 0.083599
0 2 0.470838 0.238759 0.140588 0.024005 0.125810
0 4 0.475679 0.216306 0.117076 0.023391 0.167549
0 4 0.460559 0.202467 0.110958 0.025107 0.200909
0 4 0.441990 0.166274 0.080924 0.023000 0.287812
0 4 0.482127 0.165954 0.067148 0.017278 0.267492
0 4 0.484079 0.158276 0.060038 0.015847 0.281760
0 4 0.507870 0.172663 0.065232 0.015220 0.239014
0 4 0.503990 0.168752 0.063190 0.015157 0.248911
0 4 0.489858 0.151047 0.052754 0.014084 0.292258
0 4 0.462602 0.141975 0.051866 0.015335 0.328222
0 4 0.465564 0.146140 0.054630 0.015809 0.317857
0 4 0.474136 0.145192 0.051784 0.014703 0.314185
0 4 0.486539 0.137897 0.043562 0.012256 0.319745
0 4 0.495355 0.139747 0.043189 0.011800 0.309908
0 4 0.526667 0.143638 0.040113 0.009930 0.279652
0 4 0.538972 0.128783 0.029627 0.007416 0.295203
0 4 0.558159 0.119413 0.022910 0.005569 0.293950
0 4 0.573927 0.115917 0.020010 0.004688 0.285459
0 4 0.639662 0.130341 0.020020 0.003634 0.206344
0 4 0.646999 0.137136 0.021766 0.003750 0.190349
0 4 0.624878 0.148044 0.028322 0.005063 0.193694
0 4 0.566641 0.135893 0.029838 0.006742 0.260885
0 4 0.520472 0.136867 0.036904 0.009499 0.296257
0 4 0.479593 0.128121 0.037917 0.011182 0.343187
0 4 0.470438 0.143408 0.051203 0.014766 0.320185
0 4 0.499567 0.174284 0.069004 0.016352 0.240793
0 4 0.493055 0.198250 0.092226 0.019703 0.196766
0 4 0.477359 0.203353 0.103795 0.022422 0.193071
0 4 0.421637 0.203067 0.133143 0.032693 0.209461
0 4 0.398188 0.185003 0.124204 0.035531 0.257074
0 4 0.357466 0.164223 0.119317 0.041203 0.317792
0 4 0.338161 0.165015 0.133489 0.047608 0.315726
0 4 0.354978 0.163249 0.119383 0.041627 0.320763
0 4 0.395737 0.153964 0.085490 0.028486 0.336322
0 4 0.416268 0.174059 0.100602 0.029300 0.279771
0 4 0.390119 0.184067 0.127842 0.037349 0.260623
0 4 0.387250 0.178234 0.121524 0.036847 0.276145
0 4 0.364877 0.150067 0.094610 0.034315 0.356131
4 4 0.335717 0.152090 0.113928 0.043533 0.354732
4 4 0.337408 0.156951 0.120706 0.044916 0.340020
0 4 0.409789 0.178494 0.109292 0.031588 0.270836
0 4 0.461899 0.194423 0.102003 0.024094 0.217581
0 4 0.489720 0.210890 0.105127 0.020997 0.173267
0 4 0.540463 0.214782 0.086789 0.014562 0.143405
0 1 0.619646 0.219964 0.062460 0.007326 0.090604
0 1 0.564756 0.258264 0.100949 0.010476 0.065556
0 2 0.485121 0.280222 0.158810 0.017113 0.058734
0 2 0.467235 0.282202 0.173009 0.019062 0.058492
0 2 0.490524 0.281840 0.155567 0.016171 0.055899
0 1 0.436927 0.289492 0.200197 0.021235 0.052149
2 1 0.285122 0.308933 0.338276 0.020130 0.047539
2 2 0.209965 0.290406 0.422831 0.021071 0.055727
2 2 0.172516 0.266534 0.467707 0.024067 0.069176
2 2 0.130088 0.240616 0.527218 0.024363 0.077715
2 2 0.089702 0.208631 0.599052 0.023599 0.079016
2 2 0.083353 0.200267 0.609261 0.024377 0.082742
2 2 0.087509 0.201459 0.595146 0.025545 0.090341
2 2 0.087599 0.203306 0.596067 0.024591 0.088439
2 2 0.079412 0.195330 0.612559 0.024207 0.088492
2 2 0.071763 0.188044 0.632127 0.023676 0.084390
2 2 0.069320 0.186427 0.638973 0.022989 0.082291
2 2 0.065823 0.186982 0.651219 0.020489 0.075487
2 2 0.061891 0.185602 0.663278 0.018635 0.070594
2 2 0.060242 0.184830 0.668278 0.017930 0.068720
2 2 0.061960 0.187515 0.664586 0.017869 0.068071
2 2 0.062957 0.187700 0.661407 0.018397 0.069540
2 2 0.061323 0.182787 0.662769 0.019515 0.073606
2 2 0.064813 0.184395 0.652188 0.021054 0.077550
2 2 0.071040 0.192314 0.639081 0.021207 0.076357
2 2 0.078850 0.203754 0.625010 0.020393 0.071992
2 2 0.082814 0.212994 0.620196 0.018525 0.065472
2 2 0.095852 0.224230 0.594011 0.019621 0.066287
2 2 0.124045 0.240930 0.541952 0.022772 0.070301
2 2 0.177475 0.263622 0.460554 0.026478 0.071871
2 2 0.239638 0.286512 0.385525 0.025558 0.062766
2 2 0.271392 0.301978 0.352384 0.021932 0.052314
2 2 0.208119 0.300978 0.425801 0.017521 0.047581
2 2 0.152443 0.277847 0.502581 0.016663 0.050466
2 2 0.122763 0.253476 0.549002 0.017795 0.056963
2 2 0.107105 0.238656 0.575374 0.018290 0.060574
2 2 0.096858 0.231911 0.595033 0.017202 0.058996
2 2 0.105108 0.241660 0.580431 0.016659 0.056142
2 2 0.114244 0.252345 0.564736 0.015920 0.052755
2 2 0.103986 0.248675 0.584002 0.014236 0.049101
2 2 0.090989 0.237738 0.609239 0.013492 0.048542
2 2 0.083785 0.228377 0.623603 0.013768 0.050467
2 2 0.082226 0.224235 0.626267 0.014435 0.052837
2 2 0.080641 0.222587 0.629616 0.014345 0.052811
2 2 0.065418 0.197172 0.676149 0.014203 0.047057
2 2 0.049940 0.159857 0.730743 0.016273 0.043188
2 2 0.043708 0.139346 0.754499 0.019226 0.043220
2 2 0.049170 0.146233 0.738276 0.020668 0.045653
2 2 0.058237 0.161009 0.712659 0.020818 0.047276
2 2 0.071617 0.180398 0.680665 0.020498 0.046822
2 2 0.096783 0.208551 0.625943 0.021018 0.047705
2 2 0.144882 0.245978 0.535532 0.022615 0.050993
2 2 0.197075 0.270048 0.452494 0.024805 0.055577
2 2 0.262189 0.289794 0.361154 0.025911 0.060953
2 2 0.288446 0.291902 0.333189 0.026456 0.060006
2 2 0.255585 0.281612 0.365713 0.028945 0.068145
2 3 0.243843 0.277605 0.377854 0.029715 0.070983
2 3 0.270232 0.278407 0.348444 0.031422 0.071495
2 3 0.301001 0.288356 0.319830 0.028330 0.062483
2 3 0.295642 0.285826 0.324490 0.029270 0.064772
0 3 0.313805 0.284081 0.306083 0.030386 0.065646
0 3 0.324993 0.281547 0.295211 0.031736 0.066512
0 3 0.356837 0.276492 0.265493 0.033632 0.067547
0 3 0.405518 0.276590 0.222054 0.028978 0.066860
0 3 0.455992 0.279530 0.180511 0.021076 0.062891
0 3 0.464465 0.280243 0.174247 0.019796 0.061249
0 3 0.468691 0.275489 0.168652 0.020081 0.067087
0 3 0.469338 0.272458 0.166517 0.020503 0.071185
0 3 0.512188 0.269451 0.135655 0.015280 0.067426
0 3 0.542840 0.263131 0.114601 0.012377 0.067052
0 3 0.550757 0.263887 0.110524 0.011442 0.063390
0 3 0.490307 0.275134 0.152867 0.017262 0.064430
0 3 0.438040 0.276470 0.193381 0.024226 0.067883
0 3 0.407190 0.270301 0.216126 0.030317 0.076066
0 3 0.402604 0.263194 0.214632 0.032744 0.086825
0 3 0.428801 0.260204 0.189422 0.028830 0.092742
0 3 0.446815 0.253115 0.168842 0.027868 0.103360
0 3 0.466029 0.253065 0.154388 0.026089 0.100428
0 3 0.459941 0.257818 0.161176 0.028514 0.092550
0 3 0.463630 0.264562 0.163871 0.025828 0.082109
0 3 0.462825 0.266161 0.166107 0.024681 0.080225
0 3 0.479826 0.267718 0.156111 0.019983 0.076363
0 3 0.490021 0.265861 0.148200 0.018608 0.077311
0 3 0.513956 0.263295 0.131509 0.015777 0.075464
0 3 0.524879 0.262173 0.124416 0.014550 0.073982
0 3 0.507694 0.266935 0.137243 0.016208 0.071919
0 3 0.481010 0.266879 0.154321 0.020700 0.077090
0 3 0.461247 0.266587 0.167501 0.024929 0.079736
0 3 0.471942 0.265678 0.159941 0.022181 0.080258
0 3 0.497737 0.268375 0.144463 0.017252 0.072174
0 3 0.487832 0.279306 0.156475 0.016922 0.059466
0 3 0.403695 0.295526 0.229006 0.022544 0.049229
2 3 0.299075 0.298228 0.323524 0.024301 0.054873
2 3 0.260988 0.289215 0.361763 0.026137 0.061896
2 3 0.286198 0.290818 0.335266 0.026812 0.060906
0 3 0.323265 0.293468 0.299601 0.026524 0.057141
0 3 0.374832 0.288303 0.253927 0.027754 0.055184
0 3 0.385587 0.280809 0.243903 0.030597 0.059104
0 3 0.401560 0.281177 0.228594 0.028291 0.060377
0 3 0.400569 0.286909 0.232596 0.026773 0.053154
0 3 0.396246 0.290623 0.237187 0.025763 0.050182
0 3 0.350517 0.294975 0.275342 0.025703 0.053463
0 3 0.335751 0.300842 0.289038 0.023622 0.050747
0 3 0.360523 0.300722 0.267206 0.023251 0.048299
0 3 0.403323 0.296453 0.229912 0.022403 0.047909
0 3 0.432922 0.286766 0.203082 0.022596 0.054634
0 3 0.391068 0.279159 0.237474 0.030343 0.061956
0 3 0.338322 0.269666 0.285860 0.036920 0.069232
2 3 0.296911 0.256251 0.332918 0.042222 0.071698
0 3 0.321292 0.265436 0.302160 0.038911 0.072201
0 3 0.403687 0.283147 0.227694 0.027444 0.058028
0 3 0.527716 0.277322 0.128913 0.012457 0.053592
0 2 0.627320 0.245967 0.068679 0.005808 0.052226
0 2 0.643173 0.242452 0.061619 0.004868 0.047887
0 2 0.525056 0.292632 0.134077 0.010584 0.037651
0 2 0.379547 0.321683 0.249466 0.015822 0.033482
2 2 0.259820 0.321149 0.364040 0.015570 0.039422
2 2 0.217905 0.293787 0.413200 0.020780 0.054328
2 2 0.204765 0.277563 0.426874 0.025184 0.065614
2 2 0.306470 0.293222 0.315505 0.026428 0.058374
0 2 0.481057 0.285074 0.163695 0.016781 0.053393
0 1 0.642336 0.239650 0.061339 0.005066 0.051609
0 1 0.623888 0.253078 0.071658 0.005632 0.045743
0 2 0.532141 0.264892 0.121461 0.013413 0.068092
2 2 0.127183 0.228300 0.527399 0.029642 0.087477
2 2 0.134174 0.246165 0.525112 0.023615 0.070935
2 2 0.182791 0.280005 0.457790 0.021044 0.058370
2 2 0.224679 0.286813 0.403675 0.023982 0.060850
0 2 0.373623 0.284774 0.249584 0.027687 0.064332
0 2 0.495681 0.284197 0.152721 0.015158 0.052243
0 1 0.560056 0.277446 0.109202 0.009067 0.044229
0 2 0.523958 0.288533 0.134206 0.011307 0.041997
0 2 0.498090 0.291464 0.153012 0.013657 0.043776
0 2 0.484423 0.289758 0.162699 0.015528 0.047592
0 2 0.417086 0.298646 0.213279 0.019035 0.051952
2 2 0.261651 0.311581 0.363010 0.018343 0.045415
2 2 0.193830 0.295386 0.444228 0.017596 0.048960
2 2 0.171246 0.284424 0.474930 0.017818 0.051582
2 2 0.149768 0.271280 0.506070 0.018168 0.054714
2 2 0.131047 0.257261 0.534864 0.018634 0.058193
2 2 0.126285 0.256217 0.543181 0.017799 0.056518
2 2 0.129856 0.261319 0.537809 0.017039 0.053977
2 2 0.131083 0.257632 0.534892 0.018519 0.057875
2 2 0.124524 0.251579 0.545226 0.018898 0.059774
2 2 0.140988 0.263365 0.519033 0.018913 0.057701
2 2 0.151718 0.268951 0.502527 0.019317 0.057487
2 2 0.165728 0.277876 0.482338 0.018980 0.055078
2 2 0.176875 0.287281 0.467081 0.017790 0.050972
2 2 0.195116 0.294309 0.442500 0.018072 0.050003
2 2 0.205477 0.286285 0.428010 0.021979 0.058250
2 2 0.234574 0.287591 0.391801 0.024669 0.061365
2 2 0.241759 0.290601 0.383917 0.024154 0.059569
2 2 0.199018 0.291526 0.437184 0.019410 0.052862
2 2 0.165241 0.279994 0.483334 0.018223 0.053208
2 2 0.153579 0.274065 0.500431 0.018018 0.053906
2 2 0.159821 0.273769 0.490671 0.019275 0.056464
2 2 0.173451 0.280321 0.471280 0.019464 0.055483
2 2 0.203260 0.292498 0.431714 0.019601 0.052926
2 2 0.211443 0.299892 0.421628 0.018177 0.048861
2 2 0.175818 0.290073 0.468675 0.016816 0.048618
2 2 0.159988 0.280417 0.491242 0.017212 0.051141
2 2 0.174174 0.286691 0.470879 0.017573 0.050683
2 2 0.162678 0.285826 0.487471 0.016083 0.047942
2 2 0.131912 0.269756 0.535163 0.015025 0.048144
2 2 0.116561 0.253187 0.560512 0.016272 0.053468
2 2 0.129601 0.256657 0.537303 0.018480 0.057959
2 2 0.166672 0.275705 0.480565 0.019862 0.057195
2 2 0.162945 0.281024 0.486855 0.017524 0.051652
2 2 0.126007 0.263210 0.544796 0.015593 0.050395
2 2 0.107280 0.248937 0.577585 0.015060 0.051137
2 2 0.102773 0.244107 0.585742 0.015206 0.052172
2 2 0.103570 0.240954 0.583415 0.016415 0.055646
2 2 0.123958 0.249273 0.545570 0.019553 0.061646
2 2 0.170557 0.277253 0.475038 0.020010 0.057142
2 2 0.286043 0.309142 0.337330 0.020091 0.047393
0 2 0.397481 0.306382 0.236138 0.019710 0.040288
0 2 0.460566 0.295805 0.183044 0.017125 0.043460
0 2 0.525331 0.284748 0.132501 0.011708 0.045712
0 2 0.655937 0.243452 0.056814 0.003975 0.039821
0 1 0.723155 0.211317 0.031204 0.001805 0.032518
0 2 0.647836 0.236144 0.058519 0.004859 0.052642
0 2 0.597026 0.248579 0.082178 0.008103 0.064113
0 2 0.566372 0.255380 0.098994 0.010537 0.068717
0 4 0.530245 0.229824 0.101748 0.015797 0.122386
0 4 0.419207 0.181856 0.108578 0.030229 0.260130
0 4 0.425024 0.176102 0.098894 0.027968 0.272011
0 4 0.447444 0.184601 0.098201 0.025290 0.244464
0 4 0.469702 0.199690 0.103743 0.023338 0.203527
0 4 0.489186 0.206333 0.101220 0.020831 0.182430
0 4 0.484464 0.211192 0.107882 0.021802 0.174659
0 4 0.483350 0.230259 0.125754 0.022285 0.138352
0 4 0.488094 0.232931 0.125415 0.021501 0.132059
0 4 0.537474 0.227974 0.097229 0.014957 0.122366
0 4 0.570415 0.221530 0.079897 0.011482 0.116676
0 4 0.535047 0.209165 0.084782 0.015024 0.155982
0 4 0.524168 0.208193 0.088198 0.016262 0.163179
0 4 0.511662 0.202672 0.088632 0.017533 0.179501
0 4 0.488428 0.167885 0.066937 0.016805 0.259945
0 4 0.490556 0.135011 0.040762 0.011447 0.322223
0 4 0.539899 0.125949 0.028023 0.007052 0.299077
0 4 0.557392 0.122130 0.024228 0.005860 0.290390
0 4 0.621951 0.136960 0.024111 0.004546 0.212432
0 4 0.650262 0.161557 0.030596 0.004659 0.152926
0 4 0.617639 0.196004 0.051922 0.007403 0.127033
0 4 0.566512 0.206597 0.072085 0.011694 0.143112
0 4 0.535356 0.183546 0.065718 0.013461 0.201920
0 4 0.518103 0.150194 0.046024 0.011411 0.274268
0 4 0.525498 0.130984 0.032638 0.008432 0.302448
0 4 0.574268 0.140864 0.031360 0.006810 0.246697
0 4 0.618319 0.164943 0.036760 0.006242 0.173737
0 4 0.612216 0.164724 0.037639 0.006543 0.178878
0 4 0.600318 0.145458 0.030213 0.005939 0.218072
0 4 0.541007 0.120119 0.024965 0.006362 0.307547
0 4 0.534547 0.124702 0.028010 0.007181 0.305560
0 4 0.571223 0.138197 0.030415 0.006727 0.253437
0 4 0.619214 0.142845 0.026801 0.004990 0.206150
0 4 0.627046 0.132630 0.021950 0.004130 0.214244
0 4 0.585781 0.126568 0.023393 0.005133 0.259124
0 4 0.570652 0.146269 0.034658 0.007468 0.240952
0 4 0.571170 0.171330 0.048798 0.009475 0.199228
