0 0 0.468919 0.168623 0.085235 0.157383 0.119840
0 0 0.512311 0.151238 0.064128 0.167715 0.104609
0 0 0.638087 0.113388 0.032602 0.141416 0.074507
0 0 0.729657 0.091903 0.021259 0.098071 0.059109
0 0 0.734538 0.085937 0.018299 0.106784 0.054443
0 0 0.745162 0.082781 0.016982 0.102870 0.052205
0 0 0.756035 0.080276 0.016022 0.097168 0.050499
0 0 0.746149 0.083581 0.017375 0.100035 0.052860
0 0 0.694192 0.101136 0.025739 0.113226 0.065706
0 0 0.631699 0.123628 0.039902 0.121738 0.083033
0 0 0.476929 0.174861 0.093976 0.128024 0.126211
0 0 0.271993 0.219870 0.214883 0.123660 0.169594
2 1 0.168075 0.185853 0.349673 0.147313 0.149086
2 0 0.149749 0.147304 0.423869 0.154431 0.124647
2 0 0.127612 0.116182 0.493538 0.150615 0.112052
2 0 0.106627 0.085637 0.571021 0.148784 0.087931
2 1 0.105408 0.069450 0.602644 0.167685 0.054813
2 0 0.164988 0.105379 0.480112 0.166551 0.082970
3 0 0.218821 0.138041 0.270638 0.274942 0.097558
3 0 0.250228 0.147327 0.147632 0.358210 0.096603
3 0 0.262559 0.127063 0.094189 0.435826 0.080363
0 0 0.485175 0.132436 0.047994 0.246043 0.088352
0 0 0.570851 0.124715 0.040384 0.181321 0.082730
0 0 0.581343 0.127804 0.042660 0.162728 0.085465
0 0 0.549361 0.142476 0.055208 0.155433 0.097522
0 0 0.536652 0.145450 0.070112 0.146613 0.101172
0 0 0.528516 0.134296 0.094516 0.147179 0.095493
0 0 0.599231 0.130419 0.062612 0.117076 0.090662
0 0 0.736253 0.094664 0.023015 0.084450 0.061618
0 0 0.792177 0.071894 0.013093 0.077951 0.044886
0 0 0.776710 0.072542 0.013062 0.092702 0.044984
0 0 0.743897 0.085034 0.018031 0.099080 0.053957
0 0 0.532940 0.164196 0.079875 0.105404 0.117587
0 0 0.282876 0.215887 0.214480 0.117418 0.169339
2 4 0.151972 0.132126 0.450319 0.158165 0.107417
2 4 0.135587 0.135523 0.431246 0.116452 0.181193
2 4 0.125341 0.140926 0.368460 0.082736 0.282538
4 4 0.108471 0.158323 0.198793 0.041840 0.492573
4 4 0.088545 0.133386 0.166387 0.028621 0.583062
4 4 0.067477 0.108060 0.134498 0.018883 0.671082
4 4 0.066370 0.106659 0.132737 0.018421 0.675814
4 4 0.074145 0.116345 0.144917 0.021769 0.642825
4 4 0.103903 0.150323 0.187787 0.036941 0.521047
4 4 0.118867 0.177224 0.225317 0.056001 0.422591
4 4 0.125763 0.187244 0.239264 0.065351 0.382378
4 4 0.125517 0.185272 0.249505 0.068039 0.371666
2 4 0.130691 0.173772 0.316016 0.088585 0.290935
2 4 0.130626 0.148785 0.400556 0.111999 0.208033
2 4 0.124606 0.132921 0.445199 0.121454 0.175821
2 4 0.116661 0.117148 0.485794 0.124989 0.155407
2 4 0.099578 0.083114 0.580964 0.148454 0.087890
2 4 0.082130 0.058866 0.640993 0.170074 0.047936
2 4 0.066369 0.041775 0.686352 0.175348 0.030155
2 4 0.061162 0.037497 0.700447 0.173997 0.026896
2 4 0.058768 0.036569 0.703561 0.175061 0.026041
2 4 0.053804 0.032226 0.718552 0.172586 0.022833
2 4 0.048183 0.027028 0.737746 0.167957 0.019087
2 4 0.043532 0.022521 0.755974 0.162062 0.015912
2 4 0.039666 0.019444 0.769324 0.157862 0.013704
2 1 0.037498 0.018171 0.774925 0.156660 0.012746
2 1 0.035289 0.017748 0.776058 0.158615 0.012289
2 1 0.034194 0.018589 0.770956 0.163594 0.012668
2 1 0.033047 0.019628 0.764775 0.169412 0.013138
2 1 0.033357 0.021975 0.753343 0.176836 0.014488
2 2 0.032426 0.022544 0.749851 0.180488 0.014691
2 2 0.031004 0.022588 0.748349 0.183524 0.014536
2 2 0.028544 0.020404 0.756674 0.181334 0.013043
2 2 0.026158 0.018695 0.762918 0.180398 0.011830
2 2 0.022731 0.016039 0.773422 0.177802 0.010007
2 2 0.020346 0.014907 0.776436 0.179182 0.009129
2 2 0.018970 0.014427 0.776841 0.181048 0.008714
2 2 0.018857 0.016348 0.721564 0.233742 0.009489
2 2 0.018749 0.020473 0.607131 0.342476 0.011170
3 2 0.017095 0.024242 0.400861 0.545576 0.012225
3 2 0.012591 0.021934 0.207417 0.747825 0.010234
3 2 0.007738 0.016006 0.095502 0.873842 0.006913
3 3 0.005238 0.012128 0.052247 0.925417 0.004970
3 2 0.003771 0.009504 0.031408 0.951580 0.003738
3 3 0.003199 0.008387 0.023614 0.961564 0.003236
3 2 0.002712 0.007251 0.018052 0.969235 0.002750
3 2 0.002488 0.006671 0.015446 0.972884 0.002511
3 3 0.002171 0.005992 0.013122 0.976497 0.002218
3 2 0.001929 0.005619 0.011429 0.978979 0.002044
3 3 0.001691 0.005201 0.010001 0.981252 0.001855
3 3 0.001647 0.005195 0.009707 0.981609 0.001842
3 3 0.001542 0.004902 0.008852 0.982978 0.001727
3 3 0.001628 0.005070 0.008765 0.982735 0.001802
3 3 0.001568 0.004832 0.007435 0.984447 0.001718
3 3 0.001549 0.004737 0.006655 0.985373 0.001687
3 3 0.001287 0.004044 0.005112 0.988145 0.001412
3 3 0.001132 0.003637 0.004342 0.989638 0.001251
3 3 0.001005 0.003289 0.003798 0.990791 0.001116
3 3 0.001015 0.003293 0.003914 0.990659 0.001119
3 3 0.001107 0.003507 0.004471 0.989710 0.001205
3 3 0.001252 0.003852 0.005477 0.988078 0.001342
3 3 0.001529 0.004554 0.007467 0.984829 0.001621
3 3 0.001720 0.004977 0.009293 0.982214 0.001794
3 3 0.001944 0.005451 0.010873 0.979738 0.001995
3 3 0.001841 0.005266 0.009829 0.981150 0.001914
3 3 0.001585 0.004835 0.007716 0.984142 0.001722
3 3 0.001158 0.003803 0.004914 0.988819 0.001305
3 3 0.000865 0.002991 0.003275 0.991876 0.000994
3 3 0.000660 0.002356 0.002356 0.993868 0.000760
3 3 0.000582 0.002106 0.002061 0.994581 0.000670
3 3 0.000565 0.002028 0.002057 0.994707 0.000644
3 3 0.000624 0.002172 0.002307 0.994198 0.000699
3 3 0.000676 0.002312 0.002423 0.993838 0.000751
3 3 0.000678 0.002335 0.002220 0.994006 0.000760
3 3 0.000643 0.002274 0.001922 0.994424 0.000736
3 3 0.000634 0.002271 0.001828 0.994534 0.000733
3 3 0.000639 0.002279 0.001905 0.994441 0.000736
3 3 0.000730 0.002512 0.002385 0.993549 0.000824
3 3 0.000820 0.002770 0.002918 0.992572 0.000919
3 3 0.000969 0.003218 0.003769 0.990958 0.001086
3 3 0.001067 0.003563 0.004410 0.989749 0.001211
3 3 0.001140 0.003827 0.004839 0.988886 0.001308
3 3 0.001063 0.003666 0.004295 0.989735 0.001242
3 3 0.000888 0.003167 0.003276 0.991618 0.001051
3 3 0.000671 0.002524 0.002259 0.993735 0.000812
3 3 0.000549 0.002154 0.001771 0.994850 0.000676
3 3 0.000485 0.001973 0.001561 0.995372 0.000609
3 3 0.000499 0.002034 0.001647 0.995191 0.000629
3 3 0.000520 0.002101 0.001726 0.995000 0.000653
3 3 0.000575 0.002240 0.001904 0.994573 0.000707
3 3 0.000619 0.002312 0.002056 0.994274 0.000738
3 3 0.000699 0.002491 0.002324 0.993676 0.000810
3 3 0.000753 0.002596 0.002485 0.993312 0.000854
3 3 0.000809 0.002722 0.002619 0.992946 0.000904
3 3 0.000787 0.002658 0.002537 0.993137 0.000880
3 3 0.000814 0.002753 0.002675 0.992843 0.000914
3 3 0.000827 0.002829 0.002832 0.992574 0.000939
3 3 0.000882 0.003013 0.003194 0.991905 0.001005
3 3 0.000845 0.002967 0.003100 0.992105 0.000982
3 3 0.000808 0.002898 0.002944 0.992397 0.000953
3 3 0.000840 0.002984 0.003066 0.992124 0.000986
3 3 0.001092 0.003642 0.004199 0.989824 0.001243
3 3 0.001874 0.005518 0.008395 0.982203 0.002010
3 3 0.003917 0.009683 0.023723 0.958822 0.003855
3 1 0.009209 0.018055 0.086446 0.878263 0.008027
3 1 0.018344 0.028205 0.270534 0.668873 0.014044
2 1 0.024196 0.029018 0.521271 0.409601 0.015914
2 1 0.029944 0.026635 0.694170 0.232942 0.016309
2 1 0.036523 0.026773 0.733924 0.185232 0.017548
2 0 0.042635 0.028048 0.731915 0.178359 0.019043
2 1 0.041725 0.025434 0.742470 0.172943 0.017428
2 1 0.042816 0.025241 0.743722 0.170782 0.017439
2 2 0.045388 0.025948 0.741537 0.168986 0.018140
2 1 0.057024 0.032594 0.717430 0.169526 0.023426
2 0 0.101136 0.058072 0.615362 0.180888 0.044542
0 1 0.363096 0.132355 0.215970 0.188821 0.099759
0 0 0.644692 0.124034 0.040586 0.106875 0.083812
0 0 0.754332 0.087324 0.019454 0.082764 0.056125
0 0 0.776663 0.076801 0.014876 0.083349 0.048310
0 0 0.800349 0.069013 0.012087 0.075685 0.042866
0 0 0.813545 0.066756 0.011488 0.066708 0.041502
0 0 0.820919 0.066379 0.011537 0.059704 0.041461
0 0 0.817365 0.067147 0.011752 0.061792 0.041944
0 0 0.832558 0.062990 0.010506 0.054755 0.039190
0 0 0.849259 0.058321 0.009203 0.047087 0.036129
0 0 0.828996 0.066809 0.012005 0.050037 0.042153
0 0 0.812224 0.073231 0.014338 0.053477 0.046730
0 0 0.835954 0.064575 0.011292 0.047548 0.040630
0 0 0.851654 0.058162 0.009224 0.044853 0.036106
0 0 0.866629 0.051607 0.007306 0.042941 0.031517
0 0 0.876088 0.047694 0.006287 0.041088 0.028842
0 0 0.891997 0.042664 0.005185 0.034556 0.025598
0 0 0.865792 0.053189 0.007838 0.040441 0.032740
0 0 0.858917 0.056154 0.008706 0.041409 0.034815
0 0 0.845439 0.061852 0.010500 0.043371 0.038839
0 0 0.828633 0.067939 0.012510 0.047838 0.043080
0 0 0.744718 0.094882 0.023478 0.074777 0.062145
0 0 0.692423 0.107846 0.029968 0.098465 0.071298
0 0 0.694082 0.105220 0.028270 0.103317 0.069111
0 0 0.722508 0.097597 0.024326 0.091964 0.063605
0 0 0.739011 0.096594 0.024310 0.076702 0.063382
0 0 0.684787 0.118972 0.038247 0.077017 0.080976
0 0 0.593046 0.152556 0.068278 0.077123 0.108997
0 0 0.442042 0.192834 0.127420 0.092992 0.144712
0 0 0.245302 0.220169 0.238224 0.121606 0.174699
2 0 0.196447 0.220509 0.277999 0.127026 0.178019
2 0 0.097515 0.082083 0.575352 0.185217 0.059833
2 0 0.097730 0.054853 0.640826 0.164214 0.042377
2 0 0.119364 0.058886 0.620621 0.153463 0.047665
2 1 0.162724 0.096297 0.511890 0.149395 0.079693
2 1 0.173021 0.118416 0.462296 0.149006 0.097261
2 1 0.177805 0.132633 0.433175 0.147986 0.108401
2 1 0.184376 0.144851 0.407260 0.144946 0.118567
0 0 0.332474 0.195769 0.204030 0.115868 0.151859
0 0 0.425258 0.194902 0.132119 0.091111 0.156611
0 0 0.289665 0.212718 0.195805 0.100275 0.201537
2 1 0.169356 0.162928 0.386874 0.152478 0.128364
2 1 0.129631 0.103797 0.516086 0.170926 0.079560
2 1 0.103267 0.075750 0.587446 0.176786 0.056751
2 1 0.074583 0.050423 0.659607 0.178831 0.036556
2 1 0.058150 0.037023 0.702002 0.176588 0.026238
2 1 0.049073 0.029986 0.726223 0.173775 0.020944
2 1 0.045293 0.026919 0.737475 0.171612 0.018701
2 1 0.045383 0.025061 0.745296 0.166646 0.017614
2 2 0.047500 0.023855 0.750961 0.160574 0.017110
2 1 0.057835 0.026169 0.741876 0.154586 0.019535
2 1 0.092077 0.041097 0.681947 0.152284 0.032595
2 0 0.222622 0.116924 0.418485 0.147278 0.094691
0 0 0.297596 0.216256 0.202538 0.114793 0.168817
2 1 0.232376 0.220616 0.248047 0.123146 0.175814
2 1 0.196447 0.220509 0.277999 0.127026 0.178019
2 1 0.196447 0.220509 0.277999 0.127026 0.178019
2 1 0.196447 0.220509 0.277999 0.127026 0.178019
2 1 0.190521 0.168282 0.363602 0.140471 0.137123
2 1 0.150342 0.083392 0.546471 0.151073 0.068721
2 2 0.095511 0.041295 0.679980 0.150145 0.033069
2 2 0.064429 0.023765 0.750861 0.142385 0.018560
2 2 0.050433 0.017383 0.781433 0.137426 0.013325
2 2 0.046385 0.015939 0.788846 0.136725 0.012105
2 2 0.051588 0.018387 0.776425 0.139542 0.014058
2 1 0.070445 0.026608 0.738167 0.143850 0.020930
2 1 0.112062 0.048285 0.652275 0.147854 0.039524
2 1 0.153674 0.082425 0.546535 0.148892 0.068473
2 1 0.163059 0.096859 0.510540 0.149395 0.080147
2 1 0.140049 0.074850 0.571357 0.152425 0.061320
2 1 0.097236 0.045068 0.668115 0.153784 0.035798
2 2 0.069608 0.026580 0.738480 0.144490 0.020842
2 2 0.066266 0.022821 0.754410 0.138426 0.018077
2 1 0.078871 0.026075 0.737669 0.136148 0.021238
2 2 0.108731 0.040562 0.676151 0.140762 0.033793
2 1 0.133574 0.060880 0.607990 0.146895 0.050661
2 1 0.139740 0.076067 0.568793 0.153262 0.062137
2 1 0.122865 0.071868 0.587491 0.160768 0.057008
2 1 0.089661 0.051134 0.653781 0.166470 0.038955
2 2 0.059236 0.032153 0.719036 0.166171 0.023404
2 2 0.042713 0.022254 0.756944 0.162417 0.015671
2 2 0.036701 0.018532 0.772667 0.159218 0.012883
2 2 0.035295 0.017367 0.778110 0.157161 0.012067
2 2 0.036347 0.017676 0.776997 0.156633 0.012346
2 1 0.036359 0.017860 0.776021 0.157304 0.012456
2 1 0.035832 0.017533 0.777500 0.156920 0.012215
2 2 0.033755 0.016239 0.783479 0.155261 0.011266
2 2 0.032631 0.014406 0.793548 0.149324 0.010091
2 2 0.032619 0.013355 0.800040 0.144517 0.009468
2 2 0.036145 0.013410 0.801304 0.139368 0.009773
2 2 0.046863 0.016421 0.786315 0.137955 0.012447
2 2 0.088871 0.034016 0.705688 0.143932 0.027493
2 1 0.122158 0.057149 0.623591 0.150330 0.046772
2 1 0.133413 0.070921 0.584083 0.153861 0.057721
2 1 0.114522 0.054868 0.633364 0.152901 0.044345
2 1 0.114235 0.054789 0.633711 0.153006 0.044259
2 1 0.092256 0.040604 0.683382 0.151478 0.032280
2 2 0.063557 0.024591 0.747626 0.145196 0.019030
2 2 0.046600 0.016464 0.786070 0.138410 0.012455
2 2 0.039164 0.013175 0.803628 0.134188 0.009844
2 2 0.036463 0.011937 0.810749 0.131966 0.008885
2 2 0.037933 0.012333 0.808588 0.131913 0.009232
2 2 0.039473 0.012266 0.809347 0.129623 0.009291
2 2 0.041923 0.012679 0.807129 0.128556 0.009713
2 2 0.042850 0.012545 0.808037 0.126883 0.009685
2 2 0.042589 0.012755 0.806726 0.128125 0.009805
2 2 0.040001 0.012138 0.810249 0.128369 0.009243
2 2 0.037060 0.011549 0.813466 0.129245 0.008680
2 2 0.035251 0.011296 0.814634 0.130414 0.008404
2 2 0.033952 0.011233 0.814606 0.131931 0.008279
2 2 0.034645 0.011854 0.810684 0.134107 0.008710
2 2 0.037708 0.013415 0.801788 0.137199 0.009890
2 1 0.042175 0.016291 0.786405 0.143120 0.012009
2 1 0.040752 0.018222 0.775876 0.152077 0.013072
2 2 0.034296 0.018436 0.771823 0.162854 0.012590
2 2 0.030893 0.017112 0.776585 0.163920 0.011490
2 2 0.031455 0.016621 0.779782 0.160874 0.011268
2 1 0.035119 0.015910 0.786091 0.151686 0.011194
2 1 0.039103 0.015887 0.787829 0.145666 0.011516
2 1 0.042014 0.015667 0.789775 0.140934 0.011609
2 2 0.042080 0.015814 0.788983 0.141418 0.011705
2 2 0.038869 0.014913 0.793256 0.142060 0.010901
2 2 0.036485 0.014792 0.793138 0.144945 0.010640
2 2 0.034471 0.014391 0.794627 0.146276 0.010236
2 2 0.033755 0.014413 0.794132 0.147510 0.010190
2 2 0.032661 0.013191 0.801105 0.143669 0.009374
2 2 0.032356 0.012774 0.803610 0.142159 0.009101
2 2 0.030712 0.012247 0.806123 0.142258 0.008659
2 2 0.028715 0.012647 0.802047 0.147857 0.008734
2 2 0.026717 0.013466 0.794848 0.155942 0.009027
2 2 0.025289 0.015243 0.781937 0.167662 0.009870
2 2 0.024496 0.017651 0.766519 0.180263 0.011071
2 2 0.025782 0.021348 0.726272 0.213550 0.013047
2 2 0.027073 0.024060 0.687554 0.246835 0.014477
2 1 0.027626 0.025397 0.705780 0.225815 0.015382
2 1 0.025908 0.024316 0.733457 0.201591 0.014729
2 2 0.026680 0.025020 0.729058 0.204048 0.015194
2 2 0.028270 0.025846 0.692878 0.237368 0.015637
2 2 0.030055 0.026529 0.673529 0.253746 0.016141
2 2 0.028619 0.023826 0.705053 0.227851 0.014652
2 2 0.026484 0.021207 0.750036 0.189070 0.013203
2 2 0.025938 0.018820 0.761941 0.181430 0.011870
2 1 0.026410 0.018310 0.765365 0.178260 0.011655
2 1 0.026266 0.018138 0.766138 0.177913 0.011545
2 1 0.025040 0.017051 0.770749 0.176342 0.010818
2 1 0.024304 0.015858 0.776868 0.172876 0.010094
2 2 0.024238 0.015064 0.781695 0.169343 0.009660
2 2 0.024806 0.015162 0.781828 0.168430 0.009774
2 2 0.026018 0.016996 0.772331 0.173754 0.010901
2 2 0.026036 0.018479 0.756235 0.187595 0.011654
2 2 0.024564 0.018422 0.761608 0.183924 0.011482
2 2 0.022557 0.016665 0.769332 0.181133 0.010313
2 2 0.022273 0.015395 0.776695 0.176023 0.009614
2 2 0.022650 0.015258 0.778164 0.174343 0.009586
2 2 0.023077 0.015209 0.779131 0.172975 0.009608
2 2 0.022651 0.014715 0.781637 0.171700 0.009297
2 2 0.022284 0.013454 0.789433 0.166244 0.008584
2 2 0.022220 0.012933 0.792929 0.163621 0.008297
2 2 0.022154 0.012667 0.794695 0.162338 0.008147
2 2 0.021483 0.013550 0.787516 0.168900 0.008550
2 2 0.020727 0.015120 0.775765 0.179102 0.009286
2 2 0.020007 0.018711 0.737601 0.212747 0.010934
2 2 0.020443 0.023073 0.627412 0.316312 0.012760
3 2 0.019486 0.026058 0.459840 0.481048 0.013567
3 3 0.018731 0.026126 0.356807 0.585048 0.013288
3 2 0.018138 0.025870 0.315239 0.627735 0.013018
3 2 0.021907 0.027827 0.378440 0.557192 0.014634
2 1 0.031115 0.031067 0.516063 0.403778 0.017976
2 1 0.054261 0.038417 0.653447 0.227829 0.026045
2 1 0.090008 0.048934 0.659792 0.163702 0.037564
2 1 0.101027 0.051455 0.648622 0.158388 0.040508
2 1 0.083836 0.039806 0.688826 0.156634 0.030897
2 1 0.060436 0.027461 0.736583 0.154923 0.020597
2 2 0.043079 0.019117 0.771996 0.151988 0.013820
2 2 0.031804 0.014891 0.790105 0.152897 0.010304
2 2 0.027687 0.014862 0.786933 0.160614 0.009904
2 2 0.026311 0.016929 0.773076 0.172786 0.010898
2 2 0.025485 0.018994 0.760380 0.183236 0.011905
2 2 0.025624 0.020389 0.753092 0.188238 0.012657
2 2 0.025352 0.019184 0.759161 0.184315 0.011988
2 2 0.026174 0.018246 0.765424 0.178564 0.011592
2 2 0.025828 0.017569 0.768798 0.176617 0.011188
2 2 0.025981 0.018666 0.762845 0.180715 0.011793
2 2 0.025556 0.020302 0.753453 0.188086 0.012603
2 1 0.026374 0.022767 0.739746 0.197125 0.013987
2 2 0.026887 0.023042 0.737434 0.198444 0.014193
2 1 0.027098 0.020932 0.752245 0.186586 0.013139
2 2 0.027487 0.019032 0.762706 0.178601 0.012173
2 2 0.029111 0.018939 0.764970 0.174665 0.012314
2 2 0.031820 0.019519 0.764383 0.171336 0.012942
2 2 0.036222 0.020214 0.763873 0.165880 0.013811
2 1 0.038316 0.020360 0.764225 0.162988 0.014111
2 1 0.035212 0.019741 0.765654 0.165960 0.013433
2 2 0.031176 0.019144 0.765803 0.171215 0.012661
2 2 0.027665 0.018576 0.765390 0.176422 0.011948
2 2 0.025985 0.018047 0.766292 0.178213 0.011463
2 2 0.027640 0.017610 0.770710 0.172621 0.011419
2 2 0.032567 0.018801 0.768719 0.167294 0.012620
2 1 0.045697 0.023671 0.751396 0.162418 0.016818
2 1 0.058048 0.031492 0.721455 0.166137 0.022867
2 1 0.068565 0.040313 0.690734 0.170866 0.029522
2 1 0.063565 0.037627 0.699924 0.171620 0.027265
2 2 0.061811 0.036255 0.704609 0.171110 0.026216
2 1 0.052397 0.029694 0.727881 0.168878 0.021150
2 2 0.047773 0.027352 0.736344 0.169297 0.019235
2 1 0.042401 0.025452 0.742658 0.171972 0.017516
2 2 0.038197 0.024420 0.745216 0.175731 0.016436
2 2 0.038043 0.024775 0.743553 0.177009 0.016620
2 2 0.035505 0.025264 0.739770 0.182882 0.016580
2 2 0.043536 0.031841 0.717395 0.185906 0.021322
2 2 0.045251 0.034582 0.707945 0.189112 0.023111
2 2 0.103648 0.084540 0.567739 0.181627 0.062446
2 2 0.098069 0.052936 0.645815 0.162028 0.041151
2 0 0.087569 0.042116 0.680501 0.157003 0.032811
2 1 0.075144 0.037164 0.699673 0.159750 0.028269
2 2 0.048706 0.024174 0.749774 0.159922 0.017423
2 2 0.037205 0.019632 0.767302 0.162286 0.013575
2 2 0.030944 0.016867 0.777997 0.162835 0.011357
2 2 0.027901 0.015879 0.780987 0.164739 0.010493
2 2 0.026785 0.015878 0.779821 0.167141 0.010376
2 2 0.025978 0.015545 0.780911 0.167458 0.010108
2 2 0.025475 0.015494 0.780618 0.168386 0.010026
2 2 0.025186 0.015900 0.777780 0.170918 0.010215
2 2 0.025046 0.016376 0.774737 0.173384 0.010456
2 2 0.026355 0.016803 0.773863 0.172144 0.010835
2 2 0.033645 0.021502 0.755857 0.174739 0.014258
2 2 0.054371 0.040898 0.688800 0.187905 0.028026
2 4 0.093430 0.106619 0.530925 0.152323 0.116702
2 4 0.114048 0.170503 0.340946 0.098071 0.276432
4 4 0.112995 0.177675 0.226788 0.058107 0.424435
4 4 0.109534 0.155406 0.180188 0.052781 0.502091
4 4 0.090579 0.131526 0.145924 0.041970 0.590002
4 4 0.095025 0.140187 0.156052 0.049086 0.559650
4 4 0.100125 0.156565 0.185292 0.054097 0.503920
4 4 0.103425 0.162986 0.206080 0.047061 0.480448
4 4 0.108705 0.164828 0.208828 0.046618 0.471021
4 4 0.113828 0.163495 0.205278 0.045070 0.472329
4 4 0.125071 0.177208 0.223537 0.055337 0.418847
4 4 0.129165 0.176908 0.221967 0.054675 0.417285
4 4 0.119356 0.175742 0.222835 0.054590 0.427477
4 4 0.104937 0.161885 0.205364 0.044794 0.483020
4 4 0.116606 0.167215 0.264252 0.063285 0.388642
4 4 0.118399 0.172342 0.251431 0.061842 0.395985
4 4 0.118599 0.172261 0.232059 0.055797 0.421283
4 4 0.100577 0.146762 0.183283 0.035044 0.534333
4 4 0.075077 0.117482 0.146348 0.022186 0.638908
4 4 0.053284 0.089531 0.111243 0.013315 0.732627
4 4 0.051894 0.087645 0.108880 0.012811 0.738770
4 4 0.057749 0.095496 0.118723 0.014983 0.713048
4 4 0.070919 0.112369 0.139915 0.020351 0.656446
4 4 0.077696 0.120653 0.150339 0.023378 0.627934
4 4 0.070145 0.111406 0.138704 0.020017 0.659728
4 4 0.099827 0.145951 0.182257 0.034624 0.537341
4 4 0.129127 0.183100 0.231710 0.060616 0.395446
2 4 0.138489 0.148584 0.401422 0.114358 0.197147
2 4 0.114117 0.076634 0.586667 0.148994 0.073588
2 1 0.100328 0.055397 0.638362 0.162859 0.043054
2 1 0.091167 0.044366 0.672519 0.157262 0.034686
2 1 0.085723 0.038363 0.692739 0.153042 0.030133
2 0 0.090875 0.039537 0.687197 0.150966 0.031425
2 1 0.094637 0.041021 0.681165 0.150379 0.032797
2 0 0.120074 0.053435 0.634309 0.148233 0.043948
2 0 0.122072 0.056372 0.625625 0.149711 0.046220
2 1 0.126958 0.064506 0.602772 0.153308 0.052455
2 1 0.113647 0.056870 0.628596 0.155265 0.045622
2 1 0.113543 0.060410 0.619651 0.158372 0.048024
2 1 0.106768 0.055877 0.634367 0.158842 0.044146
2 1 0.100855 0.053380 0.643502 0.160488 0.041775
2 1 0.096813 0.051602 0.649922 0.161544 0.040119
2 1 0.091462 0.051943 0.650950 0.165943 0.039701
2 1 0.085107 0.050522 0.656891 0.169485 0.037996
2 1 0.081519 0.054072 0.648084 0.176549 0.039776
2 1 0.078153 0.053180 0.651266 0.178645 0.038756
2 1 0.078884 0.055129 0.645818 0.180101 0.040069
2 1 0.077533 0.049644 0.661255 0.175099 0.036468
2 1 0.077047 0.047314 0.668045 0.172649 0.034944
2 1 0.073508 0.042137 0.684241 0.168862 0.031253
2 1 0.074587 0.040077 0.690448 0.164813 0.030074
2 1 0.078248 0.039108 0.692644 0.160146 0.029854
2 1 0.093200 0.048205 0.660714 0.160426 0.037454
2 0 0.107785 0.058621 0.626832 0.160647 0.046115
2 1 0.118946 0.074041 0.584436 0.164634 0.057943
2 1 0.113458 0.073046 0.589316 0.167680 0.056501
2 1 0.097800 0.063836 0.617808 0.172306 0.048250
2 1 0.073055 0.043427 0.680371 0.171138 0.032009
2 1 0.054842 0.029292 0.729622 0.165071 0.021173
2 1 0.043726 0.021075 0.762711 0.157424 0.015065
2 2 0.036946 0.016981 0.781010 0.153072 0.011991
2 2 0.034032 0.015885 0.785652 0.153347 0.011083
2 2 0.032661 0.015311 0.788161 0.153241 0.010625
2 2 0.031786 0.015374 0.787223 0.155035 0.010582
2 2 0.030345 0.014633 0.790631 0.154368 0.010023
2 2 0.028954 0.013851 0.794401 0.153346 0.009449
2 2 0.028011 0.012930 0.799585 0.150638 0.008837
2 2 0.027222 0.012725 0.800253 0.151148 0.008652
2 2 0.026781 0.012743 0.799717 0.152135 0.008623
2 2 0.026583 0.013087 0.797218 0.154311 0.008801
2 2 0.026609 0.013488 0.794593 0.156281 0.009029
2 2 0.026566 0.013691 0.793227 0.157377 0.009139
2 2 0.026655 0.013792 0.792664 0.157685 0.009204
2 2 0.027695 0.014495 0.789219 0.158892 0.009698
2 2 0.030460 0.016087 0.782069 0.160517 0.010866
2 2 0.036133 0.019636 0.766719 0.164043 0.013468
2 0 0.047375 0.026987 0.737738 0.168926 0.018974
2 0 0.058946 0.034948 0.709133 0.171892 0.025081
2 1 0.071279 0.041020 0.688106 0.169308 0.030287
2 1 0.070575 0.037084 0.700877 0.163737 0.027727
2 1 0.062982 0.031378 0.721627 0.160693 0.023319
2 2 0.049453 0.024545 0.748290 0.159990 0.017723
2 2 0.043005 0.022080 0.757834 0.161485 0.015597
2 2 0.042620 0.022370 0.756386 0.162895 0.015730
2 1 0.052267 0.026847 0.739056 0.162419 0.019410
2 0 0.060950 0.030700 0.724270 0.161395 0.022685
2 1 0.059608 0.029495 0.728843 0.160260 0.021794
2 1 0.050135 0.024778 0.747387 0.159768 0.017932
2 2 0.039896 0.019915 0.767079 0.159105 0.014005
2 2 0.031406 0.016295 0.781600 0.159621 0.011077
2 2 0.026074 0.013984 0.790806 0.159880 0.009256
2 2 0.023470 0.013510 0.790755 0.163528 0.008737
2 2 0.022209 0.013602 0.788317 0.167217 0.008656
2 2 0.021545 0.014506 0.781219 0.173668 0.009062
2 2 0.021073 0.015579 0.773461 0.180320 0.009566
2 2 0.020951 0.016847 0.765372 0.186629 0.010201
2 2 0.021008 0.017162 0.763577 0.187884 0.010370
2 2 0.020787 0.015924 0.770755 0.182827 0.009708
2 2 0.020757 0.014418 0.780421 0.175478 0.008925
2 2 0.020578 0.013754 0.784574 0.172536 0.008557
2 2 0.020026 0.014487 0.778596 0.178018 0.008874
2 2 0.019221 0.016751 0.762370 0.191741 0.009918
2 2 0.019393 0.020639 0.693958 0.254367 0.011642
2 2 0.019234 0.024324 0.597706 0.345664 0.013073
2 2 0.018339 0.025992 0.519090 0.423103 0.013475
3 2 0.017478 0.025779 0.457842 0.485818 0.013083
3 2 0.017009 0.024261 0.436045 0.510409 0.012276
3 2 0.017041 0.023526 0.431284 0.516208 0.011942
3 2 0.016258 0.023722 0.385891 0.562303 0.011825
3 2 0.014759 0.023709 0.296913 0.653173 0.011446
3 2 0.012165 0.021408 0.211650 0.744843 0.009935
3 2 0.010946 0.019947 0.183415 0.776598 0.009094
3 2 0.010570 0.020096 0.182701 0.777556 0.009077
3 2 0.010916 0.021439 0.195821 0.762136 0.009688
3 2 0.010633 0.021986 0.181780 0.775758 0.009842
3 2 0.009129 0.020317 0.128701 0.832996 0.008857
3 2 0.006611 0.016181 0.068137 0.902321 0.006750
3 2 0.004414 0.011476 0.035231 0.944306 0.004574
3 2 0.003109 0.008417 0.021791 0.963455 0.003229
3 2 0.002710 0.007380 0.018658 0.968461 0.002791
3 2 0.002692 0.007278 0.020051 0.967230 0.002749
3 3 0.003346 0.008615 0.029097 0.955606 0.003336
3 2 0.003953 0.009760 0.038826 0.943606 0.003855
3 2 0.004556 0.011082 0.047832 0.932085 0.004445
3 2 0.004082 0.010563 0.040542 0.940651 0.004162
3 2 0.003355 0.009382 0.027767 0.955894 0.003602
3 2 0.002610 0.007731 0.017584 0.969191 0.002885
3 3 0.002218 0.006713 0.013268 0.975336 0.002464
3 3 0.002135 0.006471 0.012245 0.976782 0.002368
3 2 0.001975 0.005992 0.011001 0.978856 0.002176
3 3 0.001862 0.005674 0.009728 0.980686 0.002050
3 3 0.001518 0.004746 0.007071 0.984985 0.001680
3 3 0.001317 0.004160 0.005802 0.987269 0.001452
3 3 0.001133 0.003641 0.004900 0.989075 0.001250
3 3 0.001121 0.003602 0.004965 0.989077 0.001234
3 3 0.001142 0.003696 0.005146 0.988749 0.001267
3 3 0.001269 0.004057 0.005964 0.987304 0.001406
3 3 0.001443 0.004554 0.007241 0.985163 0.001599
3 3 0.001597 0.004974 0.008459 0.983206 0.001765
3 3 0.001636 0.005092 0.008743 0.982718 0.001811
3 3 0.001475 0.004726 0.007419 0.984720 0.001660
3 3 0.001241 0.004152 0.005823 0.987355 0.001429
3 3 0.001082 0.003749 0.004974 0.988927 0.001268
3 3 0.001076 0.003696 0.005196 0.988782 0.001249
3 3 0.001228 0.004078 0.006553 0.986742 0.001399
3 3 0.001375 0.004399 0.008049 0.984647 0.001530
3 3 0.001441 0.004550 0.008726 0.983692 0.001591
3 3 0.001355 0.004316 0.007736 0.985094 0.001500
3 3 0.001236 0.004067 0.006308 0.986990 0.001399
3 3 0.001090 0.003732 0.005043 0.988870 0.001265
3 3 0.001054 0.003661 0.004600 0.989449 0.001236
3 3 0.001012 0.003508 0.004272 0.990027 0.001181
3 3 0.001036 0.003537 0.004366 0.989867 0.001195
3 3 0.000983 0.003345 0.004199 0.990348 0.001125
3 3 0.001052 0.003518 0.004741 0.989497 0.001192
3 3 0.001115 0.003657 0.005252 0.988729 0.001248
3 3 0.001299 0.004138 0.006355 0.986771 0.001437
3 3 0.001364 0.004315 0.006655 0.986159 0.001507
3 3 0.001360 0.004398 0.006634 0.986075 0.001532
3 3 0.001305 0.004325 0.006394 0.986479 0.001496
3 3 0.001486 0.004899 0.007256 0.984641 0.001718
3 3 0.001592 0.005234 0.008224 0.983104 0.001846
3 3 0.003676 0.010284 0.021981 0.960048 0.004010
3 3 0.010211 0.021034 0.075251 0.884070 0.009435
3 3 0.024368 0.041524 0.192006 0.720971 0.021132
3 3 0.006485 0.015082 0.037555 0.934502 0.006377
3 3 0.001821 0.005394 0.008096 0.982730 0.001958
3 3 0.001385 0.004318 0.005906 0.986873 0.001518
3 3 0.001015 0.003394 0.004598 0.989848 0.001146
3 3 0.001015 0.003419 0.005136 0.989281 0.001150
3 3 0.001032 0.003486 0.005447 0.988862 0.001173
3 3 0.001002 0.003403 0.005107 0.989346 0.001142
3 3 0.000990 0.003391 0.004738 0.989744 0.001137
3 3 0.001018 0.003481 0.004712 0.989618 0.001171
3 3 0.001113 0.003720 0.005264 0.988636 0.001266
3 3 0.001274 0.004145 0.006448 0.986701 0.001432
3 3 0.001332 0.004285 0.007142 0.985753 0.001488
3 3 0.001327 0.004280 0.007265 0.985644 0.001484
3 3 0.001232 0.004028 0.006297 0.987056 0.001386
3 3 0.001159 0.003838 0.005429 0.988262 0.001313
3 3 0.001079 0.003579 0.004782 0.989342 0.001217
3 3 0.001087 0.003538 0.004979 0.989190 0.001206
3 3 0.001176 0.003754 0.005807 0.987973 0.001291
3 3 0.001295 0.004060 0.006827 0.986408 0.001410
3 3 0.001440 0.004452 0.007637 0.984906 0.001565
3 3 0.001458 0.004500 0.007345 0.985111 0.001586
3 3 0.001481 0.004555 0.007104 0.985250 0.001610
3 3 0.001643 0.004916 0.008133 0.983547 0.001760
3 3 0.002535 0.006893 0.014875 0.973099 0.002598
3 2 0.005132 0.011931 0.040498 0.937542 0.004896
3 1 0.012005 0.021585 0.142535 0.813900 0.009975
3 1 0.023312 0.030553 0.382283 0.547702 0.016151
2 1 0.033558 0.031524 0.606066 0.309891 0.018960
2 1 0.038112 0.030206 0.698772 0.213445 0.019464
2 1 0.041061 0.029571 0.725069 0.184590 0.019709
2 1 0.039728 0.026629 0.736451 0.179316 0.017875
2 1 0.038006 0.023569 0.748940 0.173555 0.015930
2 1 0.033846 0.020190 0.762496 0.169925 0.013543
2 2 0.032913 0.018750 0.769241 0.166469 0.012627
2 2 0.034062 0.018135 0.773271 0.162139 0.012393
2 0 0.035225 0.017941 0.774994 0.159444 0.012395
2 1 0.033815 0.017536 0.776335 0.160290 0.012024
2 2 0.032444 0.017705 0.774496 0.163371 0.011984
2 1 0.031233 0.017694 0.773630 0.165588 0.011854
2 1 0.030583 0.016970 0.777125 0.163943 0.011379
2 1 0.031385 0.015991 0.783335 0.158388 0.010901
2 1 0.032701 0.015479 0.787205 0.153888 0.010726
2 2 0.034356 0.015411 0.788557 0.150843 0.010832
2 1 0.033969 0.015092 0.790209 0.150119 0.010611
2 1 0.033746 0.015669 0.786729 0.152925 0.010931
2 1 0.032335 0.015289 0.788087 0.153706 0.010583
2 2 0.031009 0.015012 0.788825 0.154851 0.010303
2 2 0.030916 0.014837 0.789811 0.154242 0.010193
2 2 0.031638 0.014645 0.791473 0.152097 0.010146
2 2 0.035254 0.015373 0.789228 0.149258 0.010887
2 1 0.037566 0.015528 0.789319 0.146415 0.011172
2 1 0.038981 0.015963 0.787370 0.146135 0.011552
2 2 0.040757 0.015912 0.788150 0.143517 0.011663
2 1 0.046738 0.017449 0.780972 0.141751 0.013089
2 1 0.056277 0.020659 0.765470 0.141709 0.015885
2 1 0.069567 0.026297 0.739590 0.143895 0.020651
2 1 0.089849 0.036340 0.697696 0.146951 0.029165
2 1 0.103187 0.045773 0.663526 0.150623 0.036891
2 1 0.113465 0.053627 0.637144 0.152391 0.043372
2 1 0.107067 0.049532 0.651223 0.152311 0.039868
2 1 0.099626 0.046628 0.662638 0.154005 0.037103
2 1 0.077269 0.034409 0.708276 0.153354 0.026691
2 1 0.067968 0.030798 0.723037 0.154751 0.023446
2 1 0.066846 0.030352 0.724854 0.154896 0.023052
2 0 0.077717 0.036248 0.702025 0.156071 0.027939
2 1 0.084446 0.042844 0.679322 0.160433 0.032954
2 1 0.094593 0.053829 0.644735 0.165525 0.041318
2 1 0.090479 0.051526 0.652428 0.166257 0.039310
2 1 0.093843 0.056186 0.638743 0.168468 0.042760
2 1 0.085492 0.047746 0.664616 0.165889 0.036257
2 1 0.083611 0.044151 0.675665 0.162862 0.033711
2 1 0.092449 0.041711 0.679945 0.152850 0.033045
2 1 0.138729 0.063787 0.597936 0.146240 0.053308
2 0 0.234753 0.140253 0.368900 0.143157 0.112937
2 1 0.176557 0.123595 0.450375 0.147851 0.101621
2 1 0.147501 0.092000 0.529993 0.156106 0.074400
2 1 0.111612 0.061084 0.618870 0.160189 0.048245
2 1 0.106317 0.054484 0.638222 0.157823 0.043154
2 1 0.098021 0.043833 0.671386 0.151717 0.035043
2 1 0.093736 0.038677 0.688739 0.147731 0.031117
2 1 0.095862 0.039009 0.686825 0.146762 0.031543
2 1 0.099522 0.043506 0.671707 0.150293 0.034971
2 1 0.099272 0.047066 0.661542 0.154758 0.037362
2 1 0.084761 0.040860 0.685264 0.157427 0.031688
2 1 0.067972 0.031209 0.721551 0.155557 0.023711
2 1 0.054914 0.023621 0.752520 0.151282 0.017663
2 1 0.054082 0.021711 0.760866 0.146959 0.016382
2 0 0.064155 0.023895 0.750376 0.142950 0.018623
2 0 0.104093 0.043009 0.671121 0.146700 0.035077
2 0 0.112974 0.052564 0.640205 0.151672 0.042586
2 1 0.142553 0.070594 0.579627 0.148612 0.058613
2 1 0.152856 0.081281 0.549516 0.148802 0.067546
2 1 0.181023 0.134958 0.426873 0.146453 0.110694
2 1 0.193288 0.183506 0.337106 0.136988 0.149111
2 1 0.196447 0.220509 0.277999 0.127026 0.178019
2 1 0.196447 0.220509 0.277999 0.127026 0.178019
2 1 0.196447 0.220509 0.277999 0.127026 0.178019
2 1 0.193623 0.185766 0.333289 0.136437 0.150885
2 1 0.188979 0.161464 0.375928 0.141893 0.131736
2 1 0.188952 0.161353 0.376131 0.141915 0.131649
0 0 0.282787 0.200368 0.236537 0.122653 0.157653
2 0 0.247812 0.173655 0.304995 0.134814 0.138723
2 1 0.128608 0.098113 0.527963 0.169733 0.075582
2 1 0.093280 0.063451 0.598354 0.198072 0.046844
2 0 0.112183 0.061281 0.572404 0.208443 0.045689
2 0 0.225148 0.096758 0.386039 0.217955 0.074100
0 0 0.373383 0.136050 0.191010 0.198112 0.101444
0 0 0.546340 0.149565 0.062258 0.137991 0.103845
0 0 0.640394 0.124030 0.040446 0.111472 0.083658
0 0 0.697575 0.107085 0.029619 0.094895 0.070825
0 0 0.677951 0.110664 0.031472 0.106675 0.073238
0 0 0.678134 0.110201 0.031159 0.107658 0.072848
0 0 0.625019 0.121583 0.038217 0.134087 0.081094
0 0 0.609602 0.123233 0.039285 0.145732 0.082147
0 0 0.616737 0.121022 0.037712 0.144098 0.080431
0 0 0.691201 0.103663 0.027212 0.110206 0.067718
0 0 0.733830 0.094371 0.022763 0.087753 0.061284
0 0 0.689881 0.111959 0.032812 0.090550 0.074798
0 0 0.713584 0.106887 0.030164 0.078046 0.071319
0 0 0.744688 0.097357 0.025088 0.068546 0.064321
0 0 0.726823 0.100919 0.026601 0.079031 0.066625
0 0 0.706744 0.101272 0.026115 0.099689 0.066180
0 0 0.690350 0.098085 0.023923 0.124509 0.063133
0 0 0.743605 0.083989 0.017522 0.101764 0.053120
0 0 0.780671 0.074759 0.014064 0.083697 0.046810
0 0 0.793770 0.073828 0.013972 0.071958 0.046472
0 0 0.697445 0.111645 0.032925 0.083137 0.074848
0 0 0.524596 0.171179 0.090402 0.089144 0.124678
0 0 0.331805 0.209029 0.186330 0.111143 0.161693
2 0 0.241307 0.147126 0.352048 0.141369 0.118149
2 0 0.193730 0.105118 0.465934 0.149224 0.085995
2 0 0.297327 0.136894 0.304799 0.153542 0.107438
0 0 0.462172 0.174195 0.101005 0.136506 0.126123
0 0 0.620207 0.129104 0.044123 0.119059 0.087507
0 0 0.668572 0.110036 0.030826 0.118136 0.072431
0 0 0.716976 0.097062 0.023853 0.099129 0.062981
0 0 0.721337 0.097514 0.024241 0.093413 0.063496
0 0 0.735628 0.093470 0.022296 0.088014 0.060592
0 0 0.732955 0.092422 0.021627 0.093362 0.059634
0 0 0.755054 0.083643 0.017590 0.090565 0.053149
0 0 0.755165 0.080336 0.016033 0.097941 0.050525
0 0 0.773559 0.074635 0.013871 0.091409 0.046526
0 0 0.774182 0.074752 0.013932 0.090502 0.046632
0 0 0.758447 0.081563 0.016666 0.091744 0.051581
0 0 0.724810 0.093278 0.021898 0.099921 0.060094
0 0 0.736868 0.091438 0.021187 0.091562 0.058945
0 0 0.757595 0.086055 0.018879 0.082281 0.055190
0 0 0.741187 0.092843 0.022113 0.083595 0.060263
0 0 0.660748 0.120584 0.038345 0.098997 0.081326
0 0 0.626811 0.134466 0.049292 0.096753 0.092678
0 0 0.640112 0.133163 0.048780 0.085840 0.092104
0 0 0.639369 0.131477 0.047037 0.091675 0.090442
0 0 0.641163 0.127688 0.043590 0.100575 0.086985
0 0 0.709699 0.104273 0.028148 0.089037 0.068844
0 0 0.776273 0.081606 0.017164 0.072771 0.052187
0 0 0.820970 0.064929 0.010949 0.062844 0.040308
0 0 0.850293 0.053518 0.007534 0.056242 0.032412
0 0 0.853642 0.052126 0.007159 0.055616 0.031458
0 0 0.825473 0.061546 0.009767 0.065404 0.037810
0 0 0.822067 0.064546 0.010826 0.062518 0.040043
0 0 0.820937 0.067625 0.012068 0.056903 0.042468
0 0 0.808570 0.073809 0.014466 0.056113 0.047042
0 0 0.779115 0.085930 0.019668 0.059293 0.055993
0 0 0.806288 0.077046 0.016038 0.050933 0.049695
0 0 0.810564 0.076001 0.015700 0.048708 0.049026
0 0 0.796723 0.080796 0.017618 0.052419 0.052443
0 0 0.790850 0.082852 0.018486 0.053889 0.053923
0 0 0.799498 0.079166 0.016845 0.053322 0.051169
0 0 0.771020 0.088075 0.020536 0.062913 0.057455
0 0 0.774783 0.084313 0.018541 0.067971 0.054392
0 0 0.789889 0.076892 0.015277 0.069123 0.048819
0 0 0.798212 0.071653 0.013136 0.072118 0.044881
0 0 0.802676 0.067083 0.011373 0.077436 0.041432
0 0 0.823538 0.058999 0.008836 0.072814 0.035813
0 0 0.832817 0.056577 0.008193 0.068183 0.034229
0 0 0.817532 0.062195 0.009839 0.072353 0.038080
0 0 0.744116 0.086041 0.018532 0.096544 0.054768
0 0 0.609000 0.132146 0.046487 0.122497 0.089870
0 0 0.497200 0.165789 0.081152 0.138052 0.117806
0 0 0.447520 0.173741 0.115768 0.135861 0.127111
0 0 0.459792 0.169129 0.114029 0.133542 0.123508
0 0 0.602468 0.138881 0.052597 0.110263 0.095792
0 0 0.755152 0.092485 0.022458 0.069371 0.060534
0 0 0.769566 0.080702 0.016518 0.081997 0.051217
0 0 0.794889 0.071209 0.012867 0.076608 0.044427
0 0 0.827399 0.061741 0.009883 0.062954 0.038021
0 0 0.862767 0.053391 0.007811 0.043265 0.032766
0 0 0.811925 0.073821 0.014620 0.052419 0.047215
0 0 0.766705 0.090474 0.021792 0.061683 0.059346
0 0 0.747803 0.096136 0.024437 0.068233 0.063391
0 0 0.723696 0.105204 0.029480 0.071312 0.070308
0 0 0.634719 0.133193 0.048326 0.083374 0.100387
0 0 0.547998 0.160460 0.075409 0.096846 0.119287
0 0 0.543029 0.162090 0.077445 0.101518 0.115918
0 0 0.502898 0.171344 0.089147 0.113004 0.123607
0 0 0.440747 0.186880 0.114332 0.120428 0.137613
0 0 0.378813 0.179312 0.182504 0.122592 0.136779
0 0 0.384833 0.182090 0.182984 0.110589 0.139504
2 1 0.270860 0.157184 0.310670 0.136322 0.124964
2 1 0.214120 0.131996 0.401067 0.145753 0.107065
2 0 0.224162 0.121109 0.410017 0.146708 0.098004
2 0 0.264683 0.123618 0.369356 0.143527 0.098816
2 0 0.274216 0.121100 0.365052 0.143067 0.096565
0 0 0.358624 0.147109 0.253225 0.126734 0.114308
0 0 0.469810 0.165617 0.142518 0.097799 0.124256
0 0 0.542079 0.166151 0.087074 0.083884 0.120812
0 0 0.660743 0.130836 0.048068 0.069236 0.091116
0 0 0.654897 0.132774 0.049652 0.070000 0.092677
0 0 0.581310 0.156769 0.073190 0.075988 0.112743
0 1 0.382774 0.196598 0.165023 0.105440 0.150166
0 1 0.288529 0.181888 0.258729 0.127524 0.143329
2 1 0.192404 0.121152 0.438797 0.149055 0.098592
2 1 0.174994 0.094264 0.503421 0.149663 0.077658
2 1 0.226185 0.097503 0.448609 0.148737 0.078965
2 0 0.246709 0.105513 0.415783 0.147099 0.084896
2 1 0.273958 0.112237 0.379894 0.144339 0.089571
2 0 0.296960 0.108904 0.357284 0.151099 0.085754
0 0 0.440020 0.133315 0.170241 0.157470 0.098955
0 0 0.540159 0.142627 0.076397 0.140578 0.100239
0 0 0.626235 0.124059 0.040130 0.126324 0.083253
0 0 0.669003 0.109082 0.030206 0.120067 0.071643
0 0 0.703315 0.099448 0.024930 0.107747 0.064560
0 0 0.722624 0.094377 0.022457 0.099610 0.060932
0 0 0.750519 0.086598 0.018965 0.088513 0.055405
0 0 0.775844 0.078069 0.015434 0.081357 0.049296
0 0 0.791040 0.071638 0.012961 0.079710 0.044652
0 0 0.780258 0.072050 0.012923 0.090079 0.044689
0 0 0.794487 0.065779 0.010745 0.088754 0.040235
0 0 0.798211 0.063544 0.010004 0.089602 0.038638
0 0 0.786865 0.068891 0.011789 0.090031 0.042424
0 0 0.778664 0.073991 0.013695 0.087496 0.046154
0 0 0.778403 0.080579 0.016714 0.072884 0.051419
0 0 0.757906 0.090595 0.021431 0.071047 0.059022
0 0 0.730856 0.101962 0.027524 0.071916 0.067743
0 0 0.745392 0.096339 0.024446 0.070371 0.063452
0 0 0.794494 0.080052 0.017080 0.056701 0.051673
0 0 0.821130 0.069530 0.012933 0.052360 0.044046
0 0 0.825977 0.064844 0.011056 0.057701 0.040422
0 0 0.827828 0.062123 0.010037 0.061678 0.038333
0 0 0.844293 0.055915 0.008199 0.057537 0.034056
0 0 0.839303 0.057109 0.008497 0.060274 0.034816
0 0 0.837233 0.057605 0.008623 0.061406 0.035133
0 0 0.816976 0.063954 0.010476 0.069176 0.039418
0 0 0.788079 0.074496 0.014121 0.076482 0.046822
0 0 0.734906 0.092122 0.021512 0.092013 0.059447
0 0 0.736565 0.091703 0.021325 0.091253 0.059154
0 0 0.729575 0.092143 0.021388 0.097592 0.059303
0 0 0.743686 0.084918 0.017971 0.099566 0.053859
0 0 0.768203 0.076385 0.014521 0.093136 0.047755
0 0 0.754988 0.079652 0.015722 0.099653 0.049985
0 0 0.710211 0.094861 0.022465 0.111469 0.060993
0 0 0.702823 0.098212 0.024201 0.111233 0.063531
0 0 0.758109 0.085862 0.018793 0.082189 0.055048
0 0 0.767724 0.083975 0.018105 0.076367 0.053830
0 0 0.749362 0.089259 0.020351 0.083471 0.057557
0 0 0.761707 0.087296 0.019684 0.074941 0.056372
0 0 0.697544 0.110851 0.032323 0.085144 0.074137
0 0 0.626358 0.136112 0.050940 0.092358 0.094232
0 0 0.537419 0.161304 0.076049 0.110395 0.114833
0 0 0.586370 0.147544 0.061205 0.101489 0.103392
0 0 0.567574 0.146990 0.059876 0.123459 0.102102
0 0 0.606024 0.129527 0.044196 0.132781 0.087472
0 0 0.585817 0.123901 0.039718 0.168292 0.082272
0 0 0.615556 0.113394 0.032490 0.164450 0.074111
0 0 0.654116 0.102940 0.026297 0.150319 0.066328
0 0 0.713335 0.090370 0.020160 0.118662 0.057473
0 0 0.708707 0.092738 0.021307 0.117996 0.059253
0 0 0.696500 0.099619 0.024892 0.114467 0.064521
0 0 0.723241 0.094832 0.022729 0.097873 0.061325
0 0 0.751608 0.089518 0.020567 0.080455 0.057853
0 0 0.740627 0.095427 0.023644 0.077861 0.062441
0 0 0.698223 0.109234 0.031158 0.088658 0.072728
0 0 0.651924 0.126656 0.043174 0.091741 0.086505
0 0 0.549044 0.157821 0.071955 0.109329 0.111850
0 0 0.540739 0.162786 0.078299 0.101654 0.116522
