0 0 0.530726 0.131750 0.110193 0.128251 0.099080
0 0 0.637799 0.106601 0.081915 0.076281 0.097404
0 0 0.689938 0.092470 0.067772 0.055957 0.093863
0 0 0.700545 0.088754 0.064279 0.047651 0.098772
0 0 0.741469 0.078723 0.054871 0.046546 0.078391
0 0 0.760816 0.073691 0.050353 0.045582 0.069558
0 0 0.758533 0.074389 0.050964 0.046978 0.069136
0 0 0.752063 0.075960 0.052377 0.045752 0.073847
0 0 0.688049 0.092658 0.067986 0.053755 0.097552
0 0 0.613469 0.111011 0.086818 0.062120 0.126582
0 0 0.618492 0.108882 0.084661 0.056788 0.131177
0 0 0.677215 0.098335 0.070958 0.046668 0.106824
0 1 0.617261 0.152993 0.095778 0.039063 0.094905
0 1 0.480222 0.214753 0.139074 0.039579 0.126372
0 1 0.400911 0.220218 0.160881 0.045375 0.172615
0 1 0.270144 0.242793 0.195741 0.038778 0.252544
4 1 0.164038 0.234461 0.207934 0.025655 0.367912
4 1 0.143750 0.214125 0.199326 0.023083 0.419717
4 1 0.148224 0.248908 0.222806 0.027969 0.352093
4 1 0.163472 0.225168 0.206944 0.028795 0.375621
0 2 0.295672 0.227554 0.191623 0.054452 0.230699
0 0 0.499076 0.177153 0.129734 0.057774 0.136263
0 0 0.601287 0.142149 0.098639 0.055533 0.102392
0 0 0.675628 0.100828 0.072753 0.053972 0.096819
0 0 0.694401 0.091427 0.066750 0.056438 0.090984
0 0 0.644235 0.104453 0.079759 0.065879 0.105674
0 0 0.525560 0.148411 0.117340 0.077576 0.131113
0 0 0.375336 0.241163 0.179168 0.070714 0.133620
1 1 0.198062 0.340684 0.262589 0.064403 0.134262
2 1 0.085999 0.307963 0.441553 0.060891 0.103594
2 1 0.053258 0.234122 0.565950 0.065308 0.081362
2 1 0.040153 0.186782 0.639842 0.066954 0.066268
2 2 0.036527 0.173558 0.661522 0.066809 0.061585
2 2 0.027783 0.154308 0.713894 0.061376 0.042638
2 2 0.026013 0.136712 0.726506 0.068293 0.042475
2 2 0.021609 0.099049 0.750143 0.087906 0.041293
2 2 0.020017 0.080432 0.747745 0.109260 0.042547
2 2 0.019508 0.077040 0.748672 0.112491 0.042290
2 2 0.020703 0.079941 0.738996 0.115920 0.044440
2 2 0.025951 0.088343 0.701817 0.137175 0.046715
2 2 0.034261 0.098336 0.649326 0.170408 0.047669
2 3 0.046584 0.106596 0.579813 0.223158 0.043849
2 3 0.071373 0.116928 0.459487 0.313032 0.039180
3 3 0.099423 0.123370 0.352006 0.388670 0.036530
3 3 0.111631 0.122823 0.310403 0.421226 0.033917
3 3 0.119841 0.120243 0.282036 0.446946 0.030934
3 3 0.131030 0.117580 0.247909 0.475290 0.028191
3 3 0.143556 0.115038 0.214800 0.500596 0.026009
3 3 0.147367 0.112729 0.203296 0.512082 0.024527
3 3 0.145193 0.112173 0.206947 0.511434 0.024253
3 3 0.142120 0.114425 0.216999 0.500778 0.025678
3 3 0.137666 0.116013 0.229470 0.490019 0.026832
3 3 0.138086 0.116528 0.229274 0.488967 0.027144
3 3 0.137408 0.113956 0.226897 0.496180 0.025558
3 3 0.144546 0.112168 0.208302 0.510717 0.024266
3 3 0.150374 0.108801 0.191231 0.527323 0.022272
3 3 0.154711 0.107682 0.181311 0.534665 0.021630
3 3 0.157603 0.109973 0.179549 0.530045 0.022830
3 3 0.162089 0.114271 0.177797 0.520627 0.025217
3 3 0.163300 0.117099 0.179507 0.513198 0.026897
3 3 0.163894 0.117758 0.179346 0.511705 0.027297
3 3 0.162792 0.117588 0.181032 0.511385 0.027202
3 3 0.160980 0.118536 0.185471 0.507201 0.027812
3 3 0.159490 0.121054 0.191422 0.498575 0.029458
3 3 0.152795 0.122623 0.206212 0.487702 0.030667
3 3 0.147221 0.121105 0.215618 0.486247 0.029809
3 3 0.142561 0.117236 0.220221 0.492561 0.027421
3 3 0.147943 0.115754 0.206611 0.503367 0.026325
3 3 0.154425 0.117131 0.195702 0.505707 0.027034
3 3 0.160939 0.119294 0.186533 0.504940 0.028294
3 3 0.163752 0.119211 0.181468 0.507359 0.028209
3 3 0.164614 0.117717 0.178059 0.512344 0.027266
3 3 0.171312 0.114308 0.162713 0.526450 0.025216
3 3 0.181663 0.112866 0.145775 0.535232 0.024464
3 3 0.190591 0.111803 0.132910 0.540699 0.023997
3 3 0.191013 0.112994 0.133778 0.537555 0.024661
3 3 0.187892 0.113462 0.138245 0.535527 0.024875
3 3 0.182867 0.114968 0.146682 0.529813 0.025670
3 3 0.180276 0.116360 0.151960 0.524944 0.026460
3 3 0.180498 0.118475 0.154149 0.519139 0.027739
3 3 0.183040 0.118148 0.150186 0.521064 0.027561
3 3 0.182338 0.116739 0.149516 0.524703 0.026704
3 3 0.179928 0.116648 0.152801 0.523993 0.026629
3 3 0.179383 0.117513 0.154617 0.521343 0.027144
3 3 0.175848 0.120643 0.163556 0.510874 0.029078
3 3 0.179299 0.125199 0.163482 0.499902 0.032118
3 3 0.182037 0.126595 0.160919 0.497346 0.033103
3 3 0.176847 0.123610 0.165435 0.503079 0.031029
3 3 0.165010 0.120807 0.181307 0.503654 0.029223
3 3 0.169144 0.116234 0.168633 0.519642 0.026347
3 3 0.171119 0.118722 0.168609 0.513687 0.027862
3 3 0.174667 0.123736 0.168945 0.501539 0.031114
3 3 0.183017 0.128881 0.161831 0.491518 0.034752
3 3 0.177392 0.131544 0.172989 0.481322 0.036753
3 3 0.172388 0.134833 0.184273 0.469086 0.039420
3 3 0.173479 0.139611 0.186832 0.456587 0.043491
3 3 0.226780 0.151464 0.170580 0.393893 0.057283
3 3 0.193317 0.160957 0.220514 0.362076 0.063137
3 3 0.147620 0.151985 0.281592 0.357976 0.060827
3 3 0.119071 0.141392 0.327260 0.360143 0.052133
3 3 0.118707 0.138715 0.333540 0.359224 0.049814
2 3 0.098663 0.131920 0.366589 0.357440 0.045387
2 3 0.081212 0.127608 0.426304 0.318131 0.046744
2 3 0.057859 0.115891 0.524360 0.255639 0.046250
2 3 0.035452 0.100863 0.641934 0.171809 0.049942
2 3 0.023635 0.090074 0.720942 0.116788 0.048562
2 3 0.019258 0.082316 0.758913 0.099429 0.040084
2 3 0.016833 0.076946 0.780516 0.090251 0.035454
2 3 0.016908 0.075088 0.777354 0.094491 0.036159
2 3 0.017202 0.071282 0.768171 0.105301 0.038044
2 3 0.018792 0.075263 0.754583 0.110373 0.040989
2 3 0.019561 0.077172 0.748234 0.112647 0.042386
2 3 0.022941 0.083233 0.723037 0.126189 0.044600
2 3 0.033983 0.095477 0.651343 0.175760 0.043438
2 3 0.049852 0.108256 0.562439 0.236534 0.042919
2 3 0.058784 0.113564 0.518258 0.266858 0.042537
2 3 0.049745 0.106910 0.562280 0.239824 0.041240
2 3 0.045232 0.105128 0.586868 0.219552 0.043219
2 3 0.040121 0.103238 0.615476 0.194548 0.046618
2 3 0.041020 0.107154 0.610275 0.189856 0.051695
2 3 0.041412 0.110690 0.607192 0.183402 0.057304
2 3 0.039756 0.112844 0.613716 0.169115 0.064569
2 3 0.035525 0.112376 0.636682 0.146629 0.068788
2 3 0.034977 0.120600 0.650480 0.128975 0.064967
2 3 0.039581 0.141195 0.631522 0.119278 0.068424
2 3 0.089486 0.205882 0.478088 0.112744 0.113799
2 2 0.112503 0.243367 0.408670 0.083538 0.151921
2 2 0.099304 0.279489 0.404632 0.059272 0.157304
2 2 0.085148 0.298821 0.426575 0.058327 0.131130
2 2 0.063998 0.273236 0.502974 0.049297 0.110495
2 2 0.055764 0.233116 0.544037 0.046450 0.120632
2 2 0.047146 0.179805 0.594691 0.055716 0.122642
2 2 0.050052 0.175650 0.576476 0.060355 0.137467
2 2 0.056297 0.191900 0.539996 0.057342 0.154465
2 2 0.070667 0.233047 0.459097 0.048088 0.189101
2 2 0.108238 0.271925 0.314867 0.048471 0.256500
4 2 0.145362 0.256375 0.238722 0.039002 0.320539
4 2 0.171904 0.231144 0.213456 0.034447 0.349050
4 2 0.175706 0.180496 0.177649 0.028449 0.437699
4 2 0.211773 0.146492 0.144511 0.024361 0.472863
4 2 0.264385 0.146316 0.138998 0.027775 0.422527
4 2 0.216593 0.156664 0.149010 0.023202 0.454531
4 2 0.173192 0.171172 0.162338 0.019830 0.473468
4 2 0.166583 0.198560 0.183670 0.022468 0.428718
4 2 0.155646 0.232349 0.207853 0.024590 0.379562
4 2 0.139624 0.189189 0.185059 0.022633 0.463495
4 2 0.147276 0.204881 0.198508 0.027475 0.421860
4 2 0.146154 0.208005 0.199721 0.026667 0.419452
4 2 0.167443 0.228382 0.208414 0.029588 0.366173
4 2 0.157926 0.235561 0.211898 0.026994 0.367621
4 2 0.162768 0.231332 0.205285 0.024564 0.376051
4 1 0.155773 0.211085 0.193143 0.022231 0.417769
4 1 0.153451 0.256317 0.223387 0.026875 0.339969
4 1 0.131523 0.256172 0.226523 0.023847 0.361936
4 1 0.124032 0.276924 0.240912 0.025065 0.333068
4 1 0.120211 0.256321 0.229815 0.023251 0.370403
4 1 0.122740 0.228869 0.215280 0.023864 0.409247
4 1 0.132366 0.229576 0.216578 0.026964 0.394516
4 1 0.125684 0.248096 0.233570 0.030868 0.361782
4 1 0.121277 0.236932 0.231182 0.032691 0.377918
4 1 0.120812 0.197583 0.206431 0.031559 0.443617
4 1 0.119655 0.153440 0.163190 0.020221 0.543494
4 1 0.112742 0.134834 0.139069 0.012482 0.600873
4 1 0.116923 0.128360 0.130228 0.010837 0.613652
4 1 0.129554 0.133982 0.136223 0.013213 0.587028
4 1 0.137730 0.132894 0.134095 0.013344 0.581937
4 1 0.141885 0.126462 0.125598 0.011548 0.594506
4 1 0.150182 0.130169 0.129647 0.013165 0.576837
4 1 0.156792 0.161563 0.158643 0.019129 0.503873
4 1 0.153743 0.191004 0.182598 0.022669 0.449986
4 1 0.150250 0.185482 0.177362 0.020665 0.466241
4 1 0.161574 0.164813 0.160396 0.019598 0.493618
4 0 0.159429 0.144137 0.146948 0.019494 0.529993
4 0 0.162746 0.124915 0.122228 0.012143 0.577969
4 0 0.222931 0.120963 0.110796 0.012067 0.533243
4 1 0.244668 0.120743 0.108806 0.012563 0.513220
4 1 0.189078 0.108974 0.100048 0.008173 0.593727
4 1 0.169488 0.121440 0.117002 0.011163 0.580907
4 1 0.159178 0.177405 0.167188 0.018494 0.477736
4 1 0.121985 0.140539 0.143948 0.014062 0.579466
0 0 0.490817 0.142219 0.123052 0.103435 0.140477
0 0 0.526172 0.140798 0.112535 0.061241 0.159253
0 0 0.588094 0.124465 0.093647 0.046365 0.147429
0 0 0.575568 0.111268 0.088340 0.040614 0.184210
0 0 0.679722 0.106703 0.071847 0.036021 0.105706
0 0 0.559351 0.143374 0.104118 0.042092 0.151066
0 0 0.449079 0.192945 0.142976 0.048638 0.166362
0 0 0.306743 0.193135 0.161294 0.032397 0.306431
4 0 0.293778 0.161810 0.144451 0.028919 0.371042
0 0 0.376441 0.132106 0.115063 0.026667 0.349724
4 0 0.343407 0.130299 0.114486 0.022342 0.389467
4 0 0.264935 0.145430 0.136029 0.025147 0.428459
4 0 0.260058 0.163535 0.150036 0.027855 0.398516
0 0 0.353626 0.154011 0.137618 0.038777 0.315967
4 0 0.328742 0.135153 0.121323 0.025000 0.389781
4 0 0.260092 0.115762 0.103227 0.011911 0.509007
0 0 0.390039 0.122382 0.103951 0.021046 0.362583
0 1 0.416115 0.130046 0.111603 0.030094 0.312142
0 1 0.363298 0.135253 0.119487 0.028193 0.353769
4 1 0.242845 0.136277 0.128311 0.019830 0.472737
4 1 0.200702 0.140532 0.137800 0.020075 0.500891
4 1 0.145319 0.128146 0.127454 0.012239 0.586842
4 1 0.131810 0.122671 0.121653 0.010022 0.613845
4 1 0.118143 0.117777 0.116737 0.008302 0.639040
4 1 0.113944 0.115867 0.114753 0.007746 0.647690
4 1 0.125479 0.123481 0.123211 0.009950 0.617878
4 1 0.139181 0.129227 0.129301 0.012245 0.590047
4 1 0.147544 0.131169 0.131109 0.013348 0.576829
4 1 0.160306 0.119747 0.116020 0.010490 0.593437
4 1 0.221370 0.109849 0.098883 0.009113 0.560785
4 1 0.340339 0.109627 0.092008 0.012062 0.445965
4 1 0.278578 0.115245 0.101084 0.012037 0.493055
4 1 0.293925 0.122778 0.108704 0.015555 0.459038
4 1 0.301503 0.131818 0.118972 0.020800 0.426907
4 1 0.313590 0.141110 0.129422 0.028413 0.387466
4 1 0.174492 0.122140 0.118133 0.011866 0.573369
4 1 0.199557 0.128080 0.122606 0.014554 0.535202
4 1 0.264572 0.131216 0.119552 0.017602 0.467059
0 0 0.401152 0.138099 0.119282 0.033452 0.308015
0 0 0.473626 0.139089 0.118035 0.054002 0.215248
0 0 0.578847 0.119800 0.096438 0.069617 0.135298
0 0 0.640834 0.109184 0.081741 0.061278 0.106964
0 0 0.670059 0.111734 0.077042 0.053252 0.087914
0 0 0.638590 0.131786 0.088193 0.051441 0.089990
0 0 0.612154 0.139619 0.095890 0.056741 0.095596
0 0 0.565590 0.138769 0.105186 0.063384 0.127071
0 0 0.612955 0.110228 0.086102 0.057538 0.133177
0 0 0.621306 0.107243 0.083043 0.052475 0.135933
0 0 0.620597 0.118035 0.087714 0.056054 0.117600
0 1 0.628951 0.120940 0.086508 0.049126 0.114476
0 1 0.683761 0.099391 0.069074 0.037473 0.110301
0 1 0.669911 0.092537 0.066760 0.031097 0.139694
0 1 0.567429 0.131957 0.096453 0.034874 0.169287
0 1 0.469606 0.173655 0.129627 0.040516 0.186596
0 1 0.413903 0.200578 0.151920 0.046046 0.187553
0 1 0.431576 0.186836 0.145043 0.050741 0.185805
0 1 0.433739 0.184175 0.142658 0.047671 0.191757
0 1 0.427937 0.196317 0.147657 0.046207 0.181882
0 1 0.510802 0.198881 0.128316 0.038550 0.123451
0 1 0.577976 0.194314 0.110051 0.032443 0.085215
0 1 0.662699 0.159251 0.084580 0.028169 0.065301
0 1 0.695765 0.128326 0.073195 0.028784 0.073930
0 1 0.738732 0.105694 0.060543 0.027371 0.067659
0 4 0.727913 0.113905 0.064264 0.028189 0.065730
0 4 0.689894 0.136744 0.076064 0.030281 0.067018
0 4 0.690462 0.138590 0.076061 0.029487 0.065400
0 4 0.707072 0.127198 0.070911 0.029765 0.065054
0 4 0.722656 0.115622 0.065854 0.029863 0.066006
0 4 0.743884 0.097838 0.057954 0.027573 0.072750
0 4 0.751849 0.095387 0.055446 0.024262 0.073057
0 4 0.682688 0.122098 0.073944 0.027821 0.093449
0 4 0.569548 0.166379 0.107297 0.034883 0.121894
0 4 0.469088 0.194382 0.137308 0.042383 0.156839
0 4 0.388799 0.182920 0.146956 0.039934 0.241390
4 0 0.293515 0.127842 0.115378 0.018575 0.444689
4 0 0.359589 0.126865 0.110707 0.022153 0.380685
0 0 0.436532 0.123969 0.104797 0.027776 0.306926
0 0 0.554862 0.119478 0.095015 0.041915 0.188730
0 0 0.550241 0.155083 0.109433 0.041369 0.143875
0 0 0.540372 0.171218 0.116594 0.043276 0.128540
0 0 0.545584 0.134032 0.104120 0.047898 0.168367
0 0 0.574879 0.113719 0.090719 0.045354 0.175330
0 0 0.500387 0.127621 0.106397 0.044534 0.221060
0 0 0.516610 0.127056 0.104866 0.047834 0.203634
0 0 0.549304 0.121625 0.098964 0.051597 0.178510
0 0 0.576845 0.111343 0.088177 0.040594 0.183040
0 0 0.603463 0.100658 0.077438 0.031079 0.187362
0 0 0.575119 0.110955 0.088056 0.039899 0.185972
0 0 0.547518 0.120933 0.098787 0.050692 0.182071
0 0 0.543251 0.115016 0.092347 0.036037 0.213348
0 0 0.605012 0.101042 0.077454 0.031263 0.185229
0 0 0.500922 0.098881 0.076103 0.014615 0.309479
0 0 0.478910 0.100375 0.078112 0.014126 0.328477
0 0 0.464187 0.111347 0.089517 0.019379 0.315570
0 0 0.430467 0.110686 0.089825 0.016607 0.352416
4 0 0.272637 0.100216 0.084918 0.007568 0.534661
4 0 0.203489 0.103179 0.092742 0.007270 0.593320
4 0 0.144787 0.097685 0.090708 0.005304 0.661517
4 1 0.168302 0.112179 0.106439 0.008837 0.604243
4 1 0.180827 0.117643 0.112140 0.010711 0.578679
4 1 0.259730 0.127139 0.115817 0.015985 0.481330
0 0 0.390781 0.133630 0.115274 0.028467 0.331848
0 0 0.460682 0.133628 0.112679 0.040190 0.252821
0 0 0.482547 0.137268 0.116048 0.054659 0.209477
0 0 0.494024 0.134609 0.112665 0.052844 0.205859
0 0 0.538449 0.121195 0.097802 0.042729 0.199825
0 0 0.464715 0.123307 0.101444 0.028401 0.282133
4 0 0.364508 0.129538 0.111683 0.022553 0.371717
4 0 0.295152 0.135416 0.122314 0.021464 0.425654
4 0 0.303387 0.147995 0.137160 0.031888 0.379570
4 0 0.193567 0.134024 0.130628 0.016814 0.524966
4 1 0.162355 0.118555 0.114445 0.010250 0.594395
4 0 0.167814 0.118523 0.114094 0.010478 0.589090
4 0 0.239222 0.127597 0.117928 0.015402 0.499852
0 0 0.384643 0.133811 0.116297 0.028618 0.336631
0 0 0.384726 0.140291 0.123780 0.035277 0.315926
0 0 0.374094 0.143941 0.128336 0.037511 0.316118
4 0 0.354772 0.137130 0.121677 0.028413 0.358007
0 0 0.406978 0.130624 0.112822 0.029764 0.319812
4 0 0.249368 0.118281 0.107061 0.012601 0.512689
4 0 0.214477 0.121674 0.113371 0.012597 0.537880
4 0 0.241224 0.112277 0.100286 0.010218 0.535995
4 0 0.333069 0.102960 0.085227 0.009615 0.469128
4 0 0.279938 0.094194 0.078159 0.006346 0.541363
4 0 0.227365 0.086893 0.072776 0.004395 0.608570
4 0 0.216655 0.093411 0.080394 0.005347 0.604192
4 0 0.191828 0.098593 0.087934 0.006037 0.615608
4 0 0.137774 0.083313 0.074791 0.003275 0.700846
4 0 0.129591 0.089979 0.082735 0.003935 0.693760
4 0 0.129706 0.094840 0.088311 0.004576 0.682567
4 0 0.139064 0.089040 0.081141 0.003970 0.686785
4 0 0.314401 0.117772 0.103179 0.015045 0.449603
0 0 0.419824 0.136564 0.120085 0.040545 0.282982
0 1 0.568513 0.145875 0.103432 0.041920 0.140261
0 1 0.690969 0.110153 0.070687 0.033390 0.094801
0 1 0.737083 0.095673 0.058955 0.030330 0.077959
0 1 0.657611 0.105935 0.075877 0.042237 0.118341
0 0 0.654464 0.097974 0.073581 0.044283 0.129698
0 0 0.657247 0.095628 0.071393 0.039371 0.136361
0 0 0.621063 0.101278 0.077511 0.036897 0.163250
0 0 0.604119 0.103071 0.079668 0.034858 0.178285
0 0 0.619079 0.100076 0.076456 0.034155 0.170235
0 0 0.651468 0.094442 0.070468 0.034430 0.149192
0 0 0.601356 0.103968 0.080589 0.035557 0.178530
0 0 0.612048 0.100537 0.077081 0.032972 0.177363
0 0 0.598287 0.097203 0.074043 0.025245 0.205223
0 0 0.669629 0.086189 0.062702 0.026302 0.155178
0 0 0.657604 0.087698 0.064295 0.025626 0.164777
0 0 0.755333 0.068113 0.045884 0.022469 0.108201
0 0 0.721977 0.078470 0.055020 0.029537 0.114996
0 0 0.678884 0.097476 0.068587 0.035189 0.119864
0 0 0.590295 0.108763 0.085457 0.040744 0.174742
0 0 0.627466 0.101909 0.077192 0.037500 0.155932
0 0 0.554095 0.114271 0.091377 0.037492 0.202765
0 0 0.575595 0.116077 0.088636 0.034389 0.185302
0 0 0.629557 0.112398 0.079364 0.030911 0.147770
0 0 0.655400 0.131527 0.080968 0.028201 0.103904
0 0 0.623223 0.145268 0.090499 0.029845 0.111165
0 0 0.626171 0.130003 0.086142 0.031402 0.126283
0 0 0.631333 0.131305 0.085847 0.031741 0.119773
0 0 0.540040 0.172641 0.114972 0.036134 0.136213
0 0 0.469647 0.194242 0.136075 0.039384 0.160652
0 0 0.438806 0.213581 0.149125 0.041950 0.156538
0 1 0.404309 0.237018 0.163470 0.042371 0.152833
0 1 0.365558 0.256400 0.178097 0.042395 0.157550
0 1 0.374238 0.246139 0.173215 0.042124 0.164284
0 1 0.424590 0.197120 0.147334 0.042771 0.188186
0 1 0.429455 0.192057 0.145030 0.043907 0.189551
0 0 0.365889 0.196824 0.159131 0.044254 0.233902
0 0 0.374571 0.167529 0.145537 0.047825 0.264538
0 0 0.426294 0.136369 0.117770 0.038156 0.281409
0 0 0.476128 0.122614 0.101484 0.031163 0.268610
0 0 0.470020 0.114080 0.092898 0.022692 0.300310
0 0 0.552590 0.113329 0.091147 0.037628 0.205305
0 0 0.600824 0.107026 0.083478 0.041045 0.167627
0 0 0.635653 0.099942 0.075876 0.039690 0.148839
0 0 0.617186 0.101742 0.078051 0.036476 0.166545
0 0 0.572733 0.110105 0.087323 0.037735 0.192104
0 0 0.464452 0.148187 0.123927 0.052921 0.210514
0 0 0.341318 0.206112 0.175192 0.063828 0.213550
0 0 0.407975 0.154876 0.139603 0.068224 0.229323
0 0 0.451116 0.151125 0.132622 0.079468 0.185668
0 0 0.533532 0.125775 0.104182 0.056806 0.179704
0 0 0.504783 0.116164 0.094879 0.030336 0.253838
0 0 0.662255 0.092846 0.068774 0.035271 0.140854
0 0 0.674158 0.093349 0.068937 0.042627 0.120929
0 0 0.663427 0.105267 0.075529 0.047382 0.108394
0 0 0.674636 0.110444 0.074949 0.043271 0.096700
0 0 0.694444 0.109465 0.070497 0.036610 0.088983
0 0 0.665377 0.122809 0.078437 0.033797 0.099580
0 0 0.650385 0.122215 0.080781 0.034265 0.112353
0 0 0.641648 0.131804 0.084961 0.034155 0.107432
0 0 0.595272 0.136789 0.095029 0.037995 0.134916
0 0 0.556164 0.137487 0.102666 0.042957 0.160727
0 0 0.513289 0.133597 0.108884 0.048827 0.195403
0 0 0.447099 0.133550 0.114490 0.039852 0.265009
0 0 0.419399 0.126846 0.107669 0.027143 0.318942
0 0 0.451830 0.118504 0.097784 0.023953 0.307929
0 0 0.424577 0.119416 0.099408 0.021772 0.334826
0 1 0.379933 0.122760 0.104405 0.020190 0.372713
4 1 0.346489 0.138759 0.121153 0.025090 0.368510
4 1 0.263553 0.136433 0.126461 0.020746 0.452807
4 1 0.172426 0.121689 0.117625 0.011592 0.576667
4 1 0.157420 0.120206 0.116759 0.010490 0.595125
4 1 0.151258 0.119351 0.116107 0.009991 0.603294
4 1 0.159674 0.105839 0.099395 0.007143 0.627949
4 1 0.221745 0.122695 0.113769 0.013059 0.528732
4 0 0.171645 0.111445 0.105363 0.008767 0.602780
4 0 0.240230 0.116060 0.104997 0.011517 0.527197
4 0 0.358042 0.124904 0.108816 0.021001 0.387236
0 0 0.382742 0.164973 0.137680 0.036052 0.278554
0 0 0.351779 0.168545 0.143515 0.034954 0.301207
0 0 0.466389 0.143743 0.120629 0.049699 0.219539
0 0 0.596593 0.106517 0.083131 0.038577 0.175182
0 0 0.480967 0.135215 0.112014 0.042417 0.229388
0 0 0.357080 0.175859 0.148813 0.039664 0.278583
0 0 0.352078 0.171235 0.148735 0.042308 0.285644
0 0 0.501114 0.143263 0.115289 0.050070 0.190265
0 0 0.383166 0.143783 0.126377 0.035674 0.311000
0 0 0.338128 0.167665 0.144347 0.033760 0.316101
0 0 0.437094 0.164992 0.135582 0.052122 0.210210
0 0 0.522760 0.138943 0.111105 0.054505 0.172687
0 0 0.461585 0.149220 0.125611 0.056168 0.207416
0 0 0.396478 0.145393 0.129213 0.044366 0.284549
0 0 0.527269 0.129356 0.108053 0.064721 0.170601
0 0 0.618874 0.107630 0.083480 0.052044 0.137972
0 0 0.679334 0.094536 0.069596 0.049733 0.106801
0 0 0.629536 0.138953 0.091127 0.045598 0.094785
0 0 0.595706 0.178138 0.105025 0.039051 0.082079
0 0 0.624412 0.150230 0.093370 0.037199 0.094790
0 0 0.680462 0.119235 0.074940 0.033711 0.091653
0 0 0.579008 0.151443 0.102603 0.038928 0.128018
0 0 0.478865 0.207814 0.139174 0.043849 0.130299
0 1 0.442867 0.219150 0.151539 0.047978 0.138466
0 1 0.453945 0.188635 0.140520 0.048475 0.168425
0 1 0.392160 0.147325 0.123539 0.029666 0.307311
4 1 0.314366 0.172935 0.144008 0.024903 0.343788
0 1 0.327378 0.202627 0.158395 0.027710 0.283891
0 1 0.359379 0.223414 0.166087 0.035411 0.215708
0 1 0.394262 0.224738 0.161908 0.040839 0.178254
0 1 0.358368 0.218778 0.168348 0.041945 0.212561
0 1 0.334289 0.246681 0.185133 0.045662 0.188236
0 1 0.288248 0.275400 0.205654 0.045012 0.185687
1 1 0.240692 0.299664 0.226000 0.043367 0.190278
1 1 0.210090 0.335307 0.246881 0.046386 0.161335
1 1 0.162935 0.359913 0.272661 0.047833 0.156658
1 1 0.129481 0.384402 0.293211 0.046966 0.145939
1 2 0.106429 0.389344 0.329938 0.048653 0.125636
2 2 0.080412 0.355504 0.415189 0.046213 0.102681
2 2 0.071421 0.319407 0.462332 0.050441 0.096399
2 2 0.069832 0.296665 0.478151 0.057851 0.097502
2 2 0.074101 0.292588 0.464791 0.066002 0.102517
2 2 0.089996 0.312536 0.413064 0.068209 0.116195
1 2 0.123104 0.353739 0.329654 0.061244 0.132261
1 2 0.141445 0.381723 0.287492 0.048769 0.140571
1 2 0.147462 0.404344 0.281804 0.041032 0.125359
1 2 0.141039 0.422558 0.284121 0.038218 0.114065
1 2 0.124375 0.429792 0.294387 0.038732 0.112713
2 2 0.086239 0.368650 0.406903 0.050282 0.087925
2 3 0.055197 0.282957 0.540492 0.056598 0.064756
2 3 0.041274 0.221782 0.623995 0.058676 0.054272
2 3 0.034844 0.190673 0.665739 0.059803 0.048941
2 3 0.031465 0.171767 0.688864 0.061608 0.046296
2 3 0.027943 0.154280 0.712898 0.061939 0.042940
2 3 0.025801 0.139309 0.728018 0.065306 0.041566
2 3 0.023868 0.126657 0.741266 0.068087 0.040121
2 3 0.020873 0.111655 0.762276 0.068367 0.036830
2 3 0.018056 0.098212 0.782852 0.067511 0.033369
2 3 0.015793 0.086117 0.799434 0.067987 0.030670
2 3 0.015426 0.080890 0.800093 0.072644 0.030947
2 3 0.015702 0.077955 0.794671 0.079342 0.032330
2 3 0.017145 0.077584 0.777592 0.091604 0.036075
2 3 0.019079 0.079293 0.757094 0.104027 0.040507
2 3 0.021750 0.082416 0.730713 0.118818 0.046302
2 3 0.022941 0.085167 0.721481 0.122009 0.048401
2 3 0.026447 0.088869 0.698588 0.139569 0.046526
2 3 0.033746 0.096512 0.652673 0.171577 0.045493
2 3 0.043966 0.105239 0.594067 0.211941 0.044787
2 3 0.051352 0.108123 0.554103 0.245003 0.041419
2 3 0.054625 0.108042 0.536027 0.262531 0.038775
2 3 0.057974 0.109950 0.519579 0.273757 0.038740
2 3 0.054167 0.109508 0.539663 0.255761 0.040900
2 3 0.053120 0.110057 0.545674 0.248716 0.042433
2 3 0.058123 0.114187 0.522052 0.261829 0.043808
2 3 0.071222 0.122565 0.465170 0.295284 0.045758
2 3 0.081646 0.126384 0.423536 0.323320 0.045114
2 3 0.084345 0.124022 0.410298 0.339913 0.041422
2 3 0.088854 0.121473 0.389312 0.362970 0.037390
3 3 0.092846 0.118669 0.370021 0.384649 0.033815
3 3 0.095950 0.117016 0.355827 0.399430 0.031776
3 3 0.098049 0.118120 0.349712 0.401836 0.032283
3 3 0.105892 0.120847 0.326242 0.413855 0.033165
3 3 0.109376 0.121576 0.315835 0.419986 0.033227
3 3 0.117759 0.123656 0.292925 0.431868 0.033792
3 3 0.129428 0.124160 0.261408 0.451989 0.033016
3 3 0.137997 0.125029 0.241397 0.462523 0.033054
3 3 0.139358 0.122983 0.235515 0.470673 0.031471
3 3 0.129959 0.117591 0.250641 0.473546 0.028263
3 3 0.120819 0.111449 0.265195 0.477667 0.024870
3 3 0.118122 0.112395 0.274545 0.469278 0.025659
3 3 0.122139 0.116103 0.269200 0.464760 0.027799
3 3 0.116886 0.117488 0.286500 0.449908 0.029218
3 3 0.119516 0.115934 0.276363 0.460292 0.027895
3 3 0.125376 0.114403 0.257620 0.476152 0.026448
3 3 0.130827 0.112192 0.239894 0.492322 0.024764
3 3 0.140711 0.112027 0.216379 0.506593 0.024290
3 3 0.152400 0.112370 0.192765 0.518239 0.024226
3 3 0.162922 0.113312 0.175043 0.524064 0.024658
3 3 0.167248 0.113411 0.167982 0.526658 0.024701
3 3 0.160645 0.111999 0.177126 0.526302 0.023927
3 3 0.146838 0.112470 0.203987 0.512318 0.024388
3 3 0.139545 0.112273 0.219369 0.504343 0.024471
3 3 0.139010 0.112516 0.220961 0.502881 0.024632
3 3 0.143268 0.111359 0.209754 0.511788 0.023831
3 3 0.144429 0.112401 0.208912 0.509854 0.024405
3 3 0.144165 0.114199 0.212227 0.503930 0.025479
3 3 0.141361 0.116744 0.222158 0.492586 0.027151
3 3 0.132786 0.116684 0.242170 0.480861 0.027499
3 3 0.129077 0.115699 0.249978 0.478184 0.027062
3 3 0.131183 0.114981 0.243507 0.483846 0.026482
3 3 0.138019 0.116186 0.228913 0.489955 0.026928
3 3 0.142212 0.118253 0.222466 0.488976 0.028093
3 3 0.145101 0.116799 0.214084 0.496958 0.027058
3 3 0.146425 0.114306 0.207618 0.506167 0.025483
3 3 0.150503 0.112047 0.195970 0.517408 0.024072
3 3 0.150345 0.110179 0.193431 0.523020 0.023024
3 3 0.143074 0.107925 0.204619 0.522457 0.021925
3 3 0.135534 0.106937 0.219644 0.516304 0.021580
3 3 0.131657 0.109206 0.232811 0.503355 0.022972
3 3 0.130837 0.112583 0.240512 0.491066 0.025002
3 3 0.133129 0.114447 0.237852 0.488525 0.026047
3 3 0.138803 0.115663 0.226317 0.492654 0.026564
3 3 0.139397 0.114485 0.223163 0.497146 0.025809
3 3 0.136981 0.113776 0.227609 0.496170 0.025465
3 3 0.135175 0.112611 0.229996 0.497389 0.024829
3 3 0.138024 0.112711 0.223516 0.500967 0.024782
3 3 0.146635 0.111430 0.202804 0.515338 0.023793
3 3 0.155580 0.109677 0.182766 0.529292 0.022686
3 3 0.160309 0.108299 0.172327 0.537146 0.021920
3 3 0.158761 0.108597 0.175452 0.535106 0.022084
3 3 0.158597 0.110081 0.177943 0.530497 0.022882
3 3 0.158914 0.111981 0.180145 0.525031 0.023929
3 3 0.155613 0.111760 0.185804 0.522987 0.023837
3 3 0.151804 0.110897 0.191699 0.522197 0.023402
3 3 0.147876 0.112323 0.201640 0.513882 0.024280
3 3 0.146722 0.116357 0.210020 0.500170 0.026732
3 3 0.142471 0.119994 0.224362 0.483935 0.029239
3 3 0.139795 0.121788 0.232887 0.474933 0.030598
3 3 0.136250 0.121530 0.240835 0.470776 0.030608
3 3 0.136211 0.118122 0.236043 0.481353 0.028271
3 3 0.136759 0.114384 0.229078 0.493932 0.025847
3 3 0.143538 0.113014 0.211759 0.506899 0.024789
3 3 0.154524 0.114994 0.192518 0.512234 0.025729
3 3 0.159006 0.114952 0.184177 0.516220 0.025645
3 3 0.163068 0.114444 0.176348 0.520829 0.025312
3 3 0.167433 0.113238 0.167450 0.527277 0.024602
3 3 0.165310 0.117278 0.176307 0.514113 0.026992
3 3 0.152223 0.124824 0.210141 0.480581 0.032231
3 3 0.123052 0.136229 0.292623 0.403828 0.044268
3 3 0.117683 0.137124 0.308627 0.390453 0.046114
3 3 0.153722 0.155513 0.278815 0.346042 0.065908
3 3 0.118932 0.143763 0.310535 0.373607 0.053163
3 3 0.137605 0.130850 0.249476 0.444373 0.037696
3 3 0.129276 0.128036 0.266806 0.439781 0.036101
2 3 0.091050 0.119330 0.377902 0.376896 0.034822
2 3 0.051326 0.111007 0.555757 0.236617 0.045292
2 3 0.024529 0.088724 0.709492 0.126092 0.051164
2 3 0.018860 0.079852 0.760384 0.101115 0.039789
2 3 0.016053 0.075831 0.788472 0.085882 0.033762
2 3 0.018433 0.088495 0.773845 0.082790 0.036437
2 3 0.020712 0.100424 0.759395 0.080559 0.038910
2 3 0.026651 0.122510 0.718908 0.085160 0.046772
2 3 0.031761 0.144730 0.687573 0.083818 0.052118
2 3 0.040995 0.186558 0.633214 0.079011 0.060223
2 3 0.046189 0.217334 0.601952 0.071697 0.062827
2 3 0.052774 0.249576 0.563486 0.065378 0.068785
2 3 0.050523 0.250205 0.572796 0.061493 0.064982
2 3 0.049812 0.256939 0.573168 0.056547 0.063534
2 3 0.046409 0.248046 0.591157 0.053768 0.060621
2 3 0.041609 0.229352 0.619860 0.053788 0.055390
2 2 0.033637 0.192449 0.671548 0.055746 0.046621
2 2 0.025877 0.149882 0.726588 0.057818 0.039835
2 2 0.021918 0.123643 0.755625 0.062106 0.036707
2 2 0.019591 0.107368 0.772006 0.066118 0.034917
2 2 0.018948 0.101240 0.775838 0.069228 0.034746
2 2 0.017896 0.098026 0.784253 0.066780 0.033044
2 2 0.018093 0.101953 0.783636 0.063621 0.032697
2 2 0.018567 0.104737 0.780161 0.063339 0.033196
2 2 0.020408 0.112039 0.766179 0.065619 0.035755
2 2 0.023086 0.123359 0.746779 0.067614 0.039163
2 2 0.026295 0.140563 0.724851 0.065664 0.042627
2 2 0.031307 0.164094 0.692464 0.061339 0.050796
2 2 0.033508 0.176325 0.678344 0.054564 0.057260
2 2 0.036554 0.189971 0.658226 0.050423 0.064827
2 2 0.037187 0.191349 0.653847 0.047453 0.070164
2 2 0.043158 0.208252 0.617474 0.047849 0.083268
2 2 0.054318 0.233389 0.556631 0.052212 0.103451
2 2 0.082359 0.272993 0.443944 0.068184 0.132520
1 2 0.192938 0.276042 0.245348 0.063962 0.221708
0 2 0.387508 0.215828 0.166086 0.056013 0.174565
0 2 0.377409 0.249004 0.174543 0.045823 0.153222
1 2 0.268850 0.331932 0.222424 0.043267 0.133527
1 2 0.147582 0.382972 0.277858 0.038287 0.153301
1 2 0.106154 0.397497 0.308733 0.038157 0.149460
2 2 0.061424 0.245783 0.502610 0.038963 0.151220
2 2 0.035480 0.158340 0.667629 0.052472 0.086079
2 2 0.024516 0.112833 0.739217 0.068616 0.054818
2 2 0.025512 0.117278 0.732891 0.067508 0.056810
2 2 0.033365 0.149199 0.682636 0.059747 0.075053
2 2 0.043026 0.180349 0.619361 0.051101 0.106163
2 2 0.048864 0.192339 0.579487 0.047213 0.132097
2 2 0.054478 0.200104 0.542437 0.045990 0.156991
2 2 0.056225 0.199239 0.530323 0.046300 0.167914
2 2 0.060063 0.198857 0.501669 0.045474 0.193936
2 2 0.051861 0.186909 0.557610 0.048662 0.154957
2 2 0.048412 0.186177 0.583303 0.049985 0.132123
2 2 0.042095 0.176342 0.626226 0.053409 0.101929
2 2 0.035771 0.160357 0.667332 0.057829 0.078711
2 2 0.027050 0.126467 0.721858 0.070614 0.054011
2 2 0.021138 0.100325 0.755387 0.083247 0.039904
2 2 0.018117 0.088289 0.776948 0.080915 0.035730
2 2 0.017044 0.085230 0.785891 0.077958 0.033878
2 2 0.017961 0.090654 0.780131 0.076452 0.034801
2 2 0.023108 0.111551 0.743528 0.080119 0.041693
2 2 0.027968 0.137138 0.714888 0.070461 0.049544
2 2 0.038563 0.182673 0.646995 0.074990 0.056779
2 2 0.123441 0.280593 0.409993 0.067723 0.118250
0 0 0.415658 0.255830 0.164209 0.042392 0.121911
0 2 0.385417 0.290051 0.174474 0.034418 0.115639
1 2 0.230202 0.368222 0.237665 0.036461 0.127450
1 2 0.132346 0.391472 0.281837 0.032027 0.162318
1 2 0.111323 0.388096 0.296319 0.036154 0.168108
2 2 0.071348 0.275000 0.446708 0.035943 0.171001
2 2 0.052276 0.204982 0.555057 0.042883 0.144802
2 2 0.037985 0.166046 0.650546 0.050409 0.095015
2 2 0.031016 0.141946 0.697735 0.058354 0.070950
2 2 0.028983 0.132742 0.710780 0.063738 0.063758
2 2 0.030966 0.137921 0.697904 0.062687 0.070522
2 2 0.031762 0.144609 0.692725 0.056876 0.074027
2 2 0.037219 0.164237 0.655201 0.049764 0.093579
2 2 0.043831 0.184935 0.611112 0.046388 0.113734
2 2 0.058379 0.224039 0.522987 0.043649 0.150945
2 2 0.071008 0.255733 0.462391 0.046047 0.164821
2 2 0.114516 0.301715 0.316458 0.047797 0.219514
1 2 0.193102 0.291391 0.237675 0.040095 0.237737
1 2 0.235625 0.308789 0.228844 0.040923 0.185819
1 2 0.198753 0.329510 0.244675 0.037328 0.189734
1 2 0.176711 0.348921 0.260527 0.041240 0.172600
1 2 0.195415 0.328844 0.251546 0.046450 0.177746
1 2 0.244890 0.275772 0.224091 0.056253 0.198994
0 2 0.297353 0.207139 0.180289 0.049785 0.265434
0 2 0.437492 0.170235 0.139043 0.056415 0.196816
0 0 0.437517 0.192476 0.145819 0.050703 0.173485
0 0 0.376072 0.249788 0.176388 0.049704 0.148048
0 0 0.329154 0.242719 0.184667 0.044980 0.198480
0 0 0.364440 0.220987 0.167813 0.042079 0.204681
0 0 0.279007 0.242434 0.190191 0.033993 0.254375
1 0 0.257909 0.271340 0.211068 0.041098 0.218584
1 0 0.249677 0.294998 0.224553 0.048232 0.182540
1 1 0.220872 0.327889 0.240862 0.045323 0.165053
1 1 0.159273 0.342482 0.263690 0.036939 0.197616
1 1 0.159289 0.344509 0.265266 0.038344 0.192592
1 1 0.226941 0.295737 0.232146 0.047958 0.197219
0 0 0.298593 0.219191 0.184091 0.047241 0.250883
4 0 0.278590 0.185433 0.171670 0.046648 0.317659
4 0 0.230924 0.166892 0.166245 0.039857 0.396082
4 0 0.233912 0.157515 0.155505 0.033689 0.419380
4 4 0.212205 0.148517 0.146491 0.025220 0.467567
4 4 0.160629 0.121974 0.118730 0.011142 0.587524
4 4 0.142755 0.101260 0.094981 0.005845 0.655159
4 4 0.153898 0.107418 0.101575 0.007296 0.629812
4 4 0.154507 0.113583 0.108897 0.008676 0.614337
4 4 0.139160 0.111617 0.107517 0.007711 0.633995
4 4 0.134534 0.116607 0.113924 0.008649 0.626286
4 4 0.131954 0.119477 0.117665 0.009227 0.621678
4 4 0.122257 0.129205 0.130777 0.011343 0.606418
4 4 0.114560 0.127569 0.129459 0.010508 0.617904
4 4 0.113052 0.134225 0.138237 0.012315 0.602171
4 4 0.127997 0.148779 0.155902 0.018833 0.548489
4 4 0.144820 0.191480 0.188725 0.025496 0.449479
4 4 0.171260 0.202777 0.190281 0.026820 0.408861
4 4 0.220186 0.191005 0.173883 0.028331 0.386595
4 4 0.203497 0.170348 0.159344 0.022599 0.444212
4 4 0.169082 0.172688 0.164795 0.020329 0.473107
4 4 0.144014 0.178602 0.176147 0.021790 0.479446
4 4 0.134532 0.197961 0.193853 0.024128 0.449525
4 4 0.120566 0.179943 0.183464 0.021919 0.494108
4 4 0.112305 0.145166 0.152841 0.016002 0.573687
4 4 0.114461 0.128428 0.130571 0.010732 0.615808
4 4 0.136412 0.122962 0.121644 0.010303 0.608679
4 4 0.141253 0.129727 0.129768 0.012515 0.586737
4 4 0.149386 0.140324 0.142733 0.016928 0.550629
4 4 0.150624 0.142932 0.145779 0.017972 0.542693
4 4 0.153393 0.152349 0.152717 0.018743 0.522797
4 4 0.132593 0.132707 0.134304 0.012978 0.587418
4 4 0.140612 0.159888 0.159401 0.017995 0.522104
4 4 0.147065 0.209156 0.194249 0.022134 0.427397
4 4 0.151807 0.245589 0.216166 0.024927 0.361510
4 4 0.172478 0.216476 0.193327 0.023342 0.394378
4 4 0.300269 0.174285 0.151335 0.030089 0.344022
0 1 0.349172 0.145894 0.128216 0.029504 0.347214
4 1 0.311904 0.163584 0.142195 0.028280 0.354037
0 4 0.313183 0.201420 0.166330 0.035782 0.283286
0 4 0.283261 0.243340 0.193005 0.039639 0.240755
4 4 0.186718 0.216438 0.188770 0.022717 0.385358
4 4 0.156081 0.194058 0.180548 0.020294 0.449019
4 4 0.155400 0.236585 0.209523 0.024155 0.374336
4 4 0.161699 0.265170 0.229674 0.031030 0.312427
1 4 0.211243 0.258592 0.225203 0.049472 0.255490
0 4 0.346111 0.196162 0.171851 0.071156 0.214720
0 4 0.414903 0.157156 0.138249 0.062064 0.227628
0 0 0.441789 0.141851 0.123250 0.050714 0.242396
0 0 0.450066 0.170334 0.135992 0.053881 0.189727
0 1 0.411063 0.208596 0.158252 0.055837 0.166252
0 1 0.282037 0.232955 0.188459 0.038357 0.258193
4 1 0.191985 0.175330 0.163510 0.021830 0.447345
4 1 0.206558 0.152103 0.147025 0.022368 0.471946
4 1 0.312126 0.129416 0.115979 0.020411 0.422068
0 1 0.497534 0.118055 0.097212 0.031560 0.255639
0 1 0.466745 0.124673 0.104853 0.033442 0.270288
0 1 0.409660 0.170930 0.138778 0.041290 0.239342
0 1 0.288558 0.227292 0.184359 0.037773 0.262017
4 1 0.179165 0.210247 0.190728 0.025255 0.394605
4 1 0.119056 0.132179 0.134927 0.012040 0.601799
4 1 0.117442 0.123504 0.123991 0.009603 0.625460
4 1 0.132834 0.131826 0.133151 0.012708 0.589480
4 1 0.138567 0.147453 0.152475 0.018750 0.542755
4 1 0.143278 0.210426 0.197061 0.022871 0.426363
4 1 0.143872 0.236089 0.211888 0.023561 0.384590
4 1 0.144148 0.266517 0.228175 0.024602 0.336559
4 1 0.137794 0.234542 0.213304 0.023796 0.390563
4 1 0.134630 0.286382 0.246229 0.029025 0.303735
1 1 0.148476 0.291895 0.250204 0.035463 0.273962
4 0 0.206195 0.245288 0.218699 0.046160 0.283659
0 0 0.347600 0.185591 0.157309 0.044565 0.264935
0 0 0.342370 0.173317 0.146255 0.033731 0.304327
4 0 0.296112 0.197435 0.163853 0.030648 0.311951
4 0 0.243849 0.247195 0.199089 0.032665 0.277202
4 0 0.181283 0.275069 0.224123 0.028199 0.291326
4 0 0.146845 0.206535 0.191755 0.021399 0.433466
4 0 0.135441 0.170447 0.185270 0.033144 0.475698
4 1 0.118295 0.178863 0.193559 0.030466 0.478818
4 1 0.110782 0.146492 0.154824 0.016395 0.571508
4 1 0.103609 0.119332 0.120153 0.008090 0.648815
4 1 0.119234 0.129514 0.131473 0.011274 0.608505
4 1 0.130646 0.140012 0.143971 0.015410 0.569961
4 1 0.134380 0.153979 0.155209 0.016930 0.539502
4 1 0.138454 0.159066 0.157708 0.016937 0.527835
4 1 0.147227 0.176616 0.169618 0.018633 0.487906
4 1 0.173572 0.203080 0.186291 0.023791 0.413266
0 0 0.295139 0.223092 0.185196 0.044562 0.252010
0 0 0.448648 0.194576 0.143707 0.049043 0.164025
0 0 0.474787 0.191352 0.135622 0.043549 0.154689
0 0 0.507141 0.169564 0.121146 0.039347 0.162801
0 0 0.546591 0.168278 0.112690 0.036650 0.135791
0 0 0.474166 0.221477 0.141832 0.039421 0.123104
0 1 0.382508 0.253866 0.174242 0.045838 0.143546
0 0 0.409405 0.206929 0.157835 0.054814 0.171017
0 0 0.496172 0.158324 0.125700 0.068407 0.151398
0 0 0.442782 0.150449 0.134139 0.082909 0.189722
0 0 0.438652 0.154510 0.139117 0.125443 0.142278
0 0 0.418719 0.159489 0.145291 0.116381 0.160121
0 0 0.450371 0.160493 0.138275 0.097920 0.152941
0 0 0.395292 0.177357 0.150801 0.061566 0.214984
0 0 0.387548 0.200792 0.159484 0.052657 0.199520
0 0 0.312923 0.202656 0.171234 0.042792 0.270395
0 0 0.283220 0.217828 0.184882 0.043516 0.270554
4 0 0.209511 0.146511 0.144591 0.024076 0.475311
4 0 0.226081 0.164241 0.154699 0.025871 0.429108
4 0 0.176138 0.144694 0.143260 0.018689 0.517220
4 1 0.190264 0.208184 0.185915 0.024474 0.391164
4 1 0.210695 0.220055 0.192250 0.029211 0.347790
4 1 0.240863 0.200030 0.178077 0.032550 0.348479
4 0 0.265167 0.182570 0.166897 0.036670 0.348697
4 0 0.285900 0.199254 0.175730 0.043500 0.295617
0 0 0.333809 0.213646 0.175575 0.050635 0.226335
0 1 0.302429 0.266861 0.201932 0.051113 0.177666
1 1 0.280083 0.296532 0.214908 0.048257 0.160221
1 1 0.289203 0.293746 0.211139 0.047810 0.158102
0 1 0.321037 0.302435 0.200388 0.043487 0.132653
0 1 0.318628 0.301395 0.200685 0.042598 0.136694
0 1 0.320824 0.310543 0.199999 0.039879 0.128755
0 1 0.334265 0.315343 0.194581 0.036853 0.118959
1 1 0.322901 0.332027 0.199332 0.036032 0.109708
1 1 0.302237 0.336875 0.207768 0.037321 0.115798
0 1 0.340827 0.285643 0.191819 0.044322 0.137390
0 1 0.415651 0.207670 0.155820 0.051832 0.169026
0 1 0.446793 0.177391 0.140783 0.059333 0.175699
0 1 0.392830 0.190640 0.157796 0.063234 0.195500
0 4 0.413368 0.172735 0.144840 0.057778 0.211278
0 4 0.438283 0.170051 0.136938 0.050155 0.204573
0 4 0.317486 0.209006 0.169694 0.036918 0.266896
4 4 0.195564 0.184072 0.167629 0.021703 0.431031
4 4 0.203934 0.156699 0.149873 0.021975 0.467519
4 4 0.198817 0.144677 0.141534 0.020598 0.494373
4 4 0.147182 0.125959 0.124571 0.011666 0.590622
4 4 0.140282 0.120451 0.118228 0.009814 0.611225
4 4 0.157947 0.131357 0.130600 0.014041 0.566054
4 4 0.171993 0.141513 0.142669 0.019340 0.524485
4 4 0.174109 0.145128 0.146016 0.020365 0.514383
4 4 0.182503 0.149098 0.146029 0.019465 0.502905
4 4 0.205715 0.136770 0.132866 0.018642 0.506006
4 1 0.299299 0.143702 0.130583 0.025647 0.400769
4 1 0.319852 0.173480 0.148748 0.031775 0.326145
1 1 0.273267 0.275685 0.206135 0.038936 0.205977
1 1 0.177328 0.383767 0.260797 0.035004 0.143104
1 1 0.121450 0.419867 0.286237 0.027413 0.145032
1 1 0.098274 0.374297 0.317338 0.028760 0.181330
2 1 0.063870 0.263739 0.479626 0.032915 0.159850
2 1 0.033530 0.165736 0.679723 0.049266 0.071745
2 1 0.022873 0.123687 0.751588 0.058393 0.043458
2 1 0.019938 0.108848 0.770115 0.065022 0.036077
2 1 0.019308 0.104210 0.773608 0.067940 0.034933
2 1 0.018501 0.101036 0.779774 0.066902 0.033787
2 1 0.019181 0.107423 0.775490 0.063894 0.034012
2 1 0.019946 0.115472 0.770318 0.060141 0.034124
2 2 0.020117 0.119169 0.769128 0.057772 0.033814
2 2 0.019913 0.118013 0.770680 0.057798 0.033596
2 2 0.019151 0.112813 0.776432 0.058668 0.032936
2 2 0.018392 0.107061 0.782046 0.060128 0.032372
2 2 0.017646 0.102227 0.787606 0.060868 0.031654
2 2 0.016968 0.098374 0.792764 0.061010 0.030885
2 2 0.016136 0.092600 0.798797 0.062337 0.030130
2 2 0.015488 0.087337 0.803098 0.064389 0.029688
2 2 0.015388 0.085135 0.803061 0.066500 0.029916
2 2 0.015268 0.085669 0.804555 0.064994 0.029515
2 2 0.016493 0.091634 0.795043 0.065681 0.031150
2 2 0.017225 0.095772 0.789661 0.065359 0.031983
2 2 0.019954 0.106918 0.768803 0.068526 0.035799
2 2 0.025154 0.126671 0.731621 0.073801 0.042753
2 2 0.036197 0.163342 0.661142 0.082822 0.056497
2 2 0.031664 0.150703 0.689037 0.077945 0.050652
2 2 0.025823 0.128415 0.726927 0.075074 0.043761
2 2 0.021303 0.109917 0.758213 0.072448 0.038120
2 3 0.020544 0.110561 0.764749 0.067804 0.036342
2 3 0.019922 0.112243 0.770175 0.062984 0.034677
