0 0 0.506873 0.096793 0.153009 0.206953 0.036373
0 0 0.615355 0.059745 0.080795 0.224554 0.019550
0 0 0.638792 0.051697 0.067107 0.226121 0.016282
0 0 0.624484 0.056774 0.073037 0.226799 0.018906
0 0 0.607861 0.062812 0.080006 0.227081 0.022239
0 0 0.578162 0.073908 0.092599 0.226357 0.028974
0 0 0.558408 0.081463 0.101025 0.225083 0.034020
0 0 0.587074 0.070542 0.088807 0.226731 0.026846
0 0 0.623657 0.057071 0.073382 0.226825 0.019065
0 0 0.664267 0.042980 0.056768 0.223822 0.012162
0 0 0.694692 0.033234 0.044935 0.219001 0.008138
0 0 0.715500 0.027080 0.037285 0.214208 0.005928
0 0 0.733102 0.022261 0.031178 0.209075 0.004385
0 0 0.736589 0.021352 0.030013 0.207932 0.004114
0 0 0.731837 0.022594 0.031604 0.209479 0.004486
0 0 0.720264 0.025738 0.035596 0.212920 0.005481
0 0 0.704349 0.030320 0.041333 0.216939 0.007059
0 0 0.681255 0.037438 0.050079 0.221431 0.009797
0 0 0.657872 0.045125 0.059333 0.224539 0.013131
0 0 0.639459 0.051463 0.066833 0.226079 0.016166
0 0 0.631662 0.054212 0.070053 0.226511 0.017562
0 0 0.623156 0.057252 0.073591 0.226841 0.019161
0 0 0.613206 0.060856 0.077757 0.227047 0.021134
0 0 0.596579 0.066985 0.084773 0.226984 0.024678
0 0 0.572868 0.075921 0.094856 0.226075 0.030281
0 0 0.529852 0.092568 0.113204 0.222231 0.042143
0 0 0.459590 0.120402 0.142690 0.210769 0.066549
0 0 0.398563 0.143606 0.165303 0.198856 0.093672
0 0 0.371919 0.154118 0.175581 0.191057 0.107325
0 0 0.380293 0.148719 0.168575 0.198809 0.103604
0 0 0.446837 0.125350 0.149054 0.207717 0.071041
0 0 0.535204 0.089683 0.117510 0.219855 0.037748
0 0 0.614014 0.060289 0.080718 0.224983 0.019997
0 0 0.664498 0.042890 0.057091 0.223481 0.012041
0 0 0.687870 0.035347 0.047528 0.220297 0.008957
0 0 0.692538 0.033896 0.045750 0.219424 0.008392
0 0 0.685904 0.035965 0.048283 0.220646 0.009202
0 0 0.681259 0.037437 0.050077 0.221430 0.009796
0 0 0.664859 0.042783 0.056532 0.223751 0.012074
0 0 0.652203 0.047052 0.061625 0.225094 0.014026
0 0 0.642817 0.050291 0.065454 0.225854 0.015585
0 0 0.644773 0.049611 0.064652 0.225712 0.015252
0 0 0.641696 0.050681 0.065913 0.225932 0.015777
0 0 0.653235 0.046700 0.061206 0.224998 0.013861
0 0 0.671822 0.040486 0.053770 0.222849 0.011073
0 0 0.687230 0.035548 0.047774 0.220412 0.009037
0 0 0.693170 0.033701 0.045510 0.219302 0.008317
0 0 0.690741 0.034453 0.046433 0.219767 0.008607
0 0 0.680705 0.037614 0.050292 0.221520 0.009869
0 0 0.669914 0.041112 0.054524 0.223108 0.011342
0 0 0.655037 0.046086 0.060477 0.224826 0.013574
0 0 0.650330 0.047694 0.062385 0.225261 0.014330
0 0 0.644182 0.049816 0.064894 0.225756 0.015352
0 0 0.647977 0.048503 0.063344 0.225460 0.014716
0 0 0.607236 0.063042 0.080270 0.227082 0.022371
0 0 0.544774 0.086742 0.106845 0.223864 0.037775
0 4 0.407625 0.141019 0.163560 0.198753 0.089043
0 4 0.282329 0.188275 0.207538 0.159088 0.162770
4 4 0.193687 0.195335 0.199502 0.157739 0.253736
4 4 0.122720 0.193272 0.202203 0.143265 0.338541
4 4 0.094325 0.186433 0.196005 0.135111 0.388126
4 4 0.085183 0.176973 0.180448 0.139715 0.417681
4 4 0.083685 0.165704 0.159950 0.153260 0.437401
4 4 0.134742 0.165042 0.147972 0.191943 0.360300
4 4 0.170262 0.165219 0.145290 0.204874 0.314355
4 4 0.191422 0.174050 0.159153 0.193519 0.281856
4 4 0.212897 0.188932 0.186517 0.168930 0.242723
0 4 0.236195 0.203689 0.220099 0.140852 0.199164
0 4 0.236195 0.203689 0.220099 0.140852 0.199164
0 4 0.236195 0.203689 0.220099 0.140852 0.199164
0 4 0.227932 0.198648 0.207625 0.151008 0.214787
4 4 0.156149 0.200556 0.212648 0.144204 0.286443
4 4 0.142262 0.190030 0.192185 0.156156 0.319367
4 4 0.134676 0.188088 0.189428 0.156151 0.331658
4 4 0.137488 0.187013 0.186887 0.158904 0.329708
4 4 0.175681 0.184135 0.177825 0.174222 0.288137
4 4 0.207075 0.185005 0.178807 0.175705 0.253408
4 4 0.177604 0.184399 0.178230 0.174114 0.285653
4 4 0.156296 0.183832 0.178591 0.170260 0.311022
4 4 0.144066 0.181977 0.176402 0.169143 0.328411
4 4 0.103176 0.189737 0.199905 0.137044 0.370138
4 4 0.097044 0.191398 0.205485 0.130664 0.375408
4 4 0.107613 0.197821 0.216004 0.129023 0.349539
4 4 0.121112 0.200175 0.217568 0.132823 0.328322
4 4 0.109332 0.196135 0.211743 0.132265 0.350524
4 4 0.135449 0.184369 0.182073 0.162049 0.336059
4 4 0.167371 0.179634 0.170003 0.179913 0.303080
4 4 0.195744 0.177130 0.164435 0.188655 0.274036
4 4 0.209948 0.186953 0.182582 0.172373 0.248144
0 4 0.231747 0.191146 0.195569 0.164499 0.217038
4 4 0.212873 0.188916 0.186485 0.168958 0.242767
4 4 0.202701 0.182000 0.173166 0.180739 0.261394
4 4 0.168151 0.190328 0.190226 0.162785 0.288510
4 4 0.139443 0.195231 0.203273 0.147375 0.314678
4 4 0.106927 0.201399 0.224382 0.123900 0.343392
4 4 0.128674 0.215114 0.252150 0.114984 0.289078
2 4 0.077497 0.224927 0.387278 0.067926 0.242372
2 4 0.063396 0.215967 0.471159 0.053896 0.195582
2 4 0.046649 0.188924 0.592466 0.039118 0.132842
2 2 0.045341 0.175759 0.628916 0.037999 0.111985
2 2 0.036559 0.123474 0.732055 0.040172 0.067740
2 2 0.030031 0.088603 0.799013 0.040347 0.042006
2 2 0.024707 0.068538 0.840314 0.037649 0.028793
2 2 0.022500 0.059574 0.855095 0.038388 0.024443
2 2 0.021681 0.054801 0.858817 0.041558 0.023143
2 2 0.020294 0.047842 0.866025 0.045305 0.020534
2 2 0.019865 0.043872 0.865536 0.050986 0.019742
2 2 0.020744 0.042361 0.854940 0.061104 0.020851
2 2 0.023486 0.043050 0.832388 0.077367 0.023708
2 2 0.027891 0.043572 0.806514 0.096821 0.025201
2 2 0.036432 0.044308 0.751675 0.139395 0.028191
2 2 0.046334 0.045393 0.671923 0.202660 0.033690
2 2 0.052437 0.044190 0.577871 0.284956 0.040545
2 2 0.053548 0.041292 0.529125 0.334429 0.041606
2 2 0.054740 0.038651 0.482931 0.381551 0.042127
3 2 0.052940 0.034097 0.415246 0.454270 0.043447
3 3 0.049487 0.030621 0.374211 0.501753 0.043928
3 3 0.048230 0.028713 0.341187 0.537091 0.044778
3 3 0.046338 0.027228 0.331355 0.551371 0.043709
3 3 0.047809 0.026531 0.294536 0.585666 0.045458
3 3 0.045861 0.023600 0.254029 0.632465 0.044045
3 3 0.044149 0.020214 0.202645 0.691036 0.041956
3 3 0.041457 0.017769 0.173533 0.727219 0.040022
3 3 0.039646 0.016797 0.162782 0.741088 0.039688
3 3 0.038169 0.016082 0.156173 0.750280 0.039297
3 3 0.038399 0.016089 0.151251 0.754194 0.040067
3 3 0.040287 0.016666 0.144633 0.756262 0.042152
3 3 0.043426 0.017605 0.138610 0.755706 0.044653
3 3 0.043760 0.017240 0.130161 0.764139 0.044700
3 3 0.041096 0.016114 0.126413 0.773411 0.042967
3 3 0.040293 0.015565 0.122743 0.779375 0.042024
3 3 0.038762 0.014952 0.120817 0.784426 0.041043
3 3 0.038011 0.014483 0.116099 0.790775 0.040633
3 3 0.036625 0.013685 0.109445 0.800597 0.039647
3 3 0.035355 0.012967 0.103380 0.809561 0.038737
3 3 0.034208 0.012405 0.098753 0.816526 0.038108
3 3 0.034400 0.012597 0.100640 0.813898 0.038465
3 3 0.036305 0.013536 0.107167 0.803196 0.039796
3 3 0.039739 0.015082 0.114094 0.788671 0.042414
3 3 0.043876 0.016500 0.117022 0.778110 0.044491
3 3 0.046239 0.016922 0.111983 0.779202 0.045654
3 3 0.043243 0.015694 0.105591 0.791118 0.044354
3 3 0.040591 0.014463 0.096349 0.805190 0.043407
3 3 0.039512 0.014192 0.094855 0.807904 0.043537
3 3 0.038197 0.014199 0.099571 0.804492 0.043542
3 3 0.036430 0.013773 0.104038 0.803934 0.041825
3 3 0.035689 0.013336 0.102897 0.807529 0.040548
3 3 0.037617 0.014046 0.104225 0.802163 0.041949
3 3 0.044241 0.016627 0.109966 0.782365 0.046802
3 3 0.063897 0.023608 0.125852 0.731144 0.055498
3 3 0.084626 0.033110 0.172604 0.650051 0.059609
3 2 0.121693 0.051420 0.261816 0.504550 0.060522
2 2 0.152599 0.078835 0.394505 0.315374 0.058687
2 2 0.180009 0.123558 0.455500 0.172854 0.068078
2 2 0.164785 0.172998 0.455000 0.108174 0.099042
2 2 0.140517 0.194900 0.466685 0.084223 0.113675
2 2 0.085386 0.188413 0.558904 0.057981 0.109315
2 2 0.063651 0.181688 0.602479 0.046391 0.105791
2 2 0.046254 0.163445 0.669556 0.034854 0.085891
2 2 0.042190 0.155053 0.689892 0.033116 0.079749
2 2 0.032756 0.120994 0.754771 0.032346 0.059134
2 2 0.028844 0.100348 0.790149 0.033474 0.047186
2 2 0.025851 0.085712 0.816315 0.033630 0.038492
2 2 0.022547 0.072801 0.841499 0.032353 0.030800
2 2 0.020413 0.064944 0.857952 0.030735 0.025956
2 2 0.020163 0.062232 0.862460 0.030855 0.024291
2 2 0.020637 0.060350 0.863350 0.032314 0.023349
2 2 0.019977 0.057536 0.866859 0.033154 0.022473
2 2 0.018925 0.055003 0.869314 0.034373 0.022385
2 2 0.018463 0.053128 0.869416 0.036432 0.022560
2 2 0.019308 0.055329 0.864878 0.036869 0.023617
2 2 0.024715 0.062150 0.847637 0.040199 0.025299
2 2 0.038472 0.081351 0.803751 0.045122 0.031304
2 2 0.033614 0.081023 0.819123 0.036857 0.029383
2 2 0.029639 0.083832 0.823776 0.031805 0.030948
2 2 0.024908 0.078747 0.836621 0.029543 0.030182
2 2 0.025015 0.083579 0.828829 0.029197 0.033380
2 2 0.023970 0.078192 0.836102 0.030249 0.031487
2 2 0.026519 0.082394 0.804217 0.043302 0.043569
2 2 0.050616 0.125384 0.704776 0.052786 0.066438
2 2 0.079600 0.183970 0.578974 0.054291 0.103165
2 2 0.053358 0.139821 0.679988 0.050544 0.076289
2 2 0.052096 0.152257 0.692189 0.035813 0.067645
2 2 0.051919 0.153302 0.689865 0.035903 0.069010
2 2 0.044850 0.125265 0.746669 0.033859 0.049356
2 2 0.042678 0.113736 0.763562 0.035563 0.044463
2 2 0.035406 0.093403 0.797986 0.036552 0.036653
2 2 0.029786 0.077699 0.820957 0.039429 0.032129
2 2 0.027307 0.068968 0.832070 0.042245 0.029410
2 2 0.026247 0.065395 0.837391 0.042990 0.027977
2 2 0.024585 0.062181 0.843966 0.042531 0.026737
2 2 0.022146 0.055786 0.855590 0.042526 0.023952
2 2 0.021476 0.051408 0.860252 0.044774 0.022089
2 2 0.022276 0.051373 0.856186 0.047639 0.022526
2 2 0.025713 0.055954 0.844216 0.049929 0.024188
2 2 0.037182 0.070545 0.810624 0.053222 0.028426
2 2 0.068250 0.105729 0.725000 0.060403 0.040618
2 1 0.102997 0.150928 0.620618 0.063678 0.061778
2 1 0.104081 0.172174 0.582667 0.061828 0.079251
2 2 0.084556 0.167417 0.611424 0.055720 0.080881
2 2 0.064583 0.142263 0.672729 0.052142 0.068282
2 2 0.045912 0.108651 0.748254 0.047718 0.049466
2 2 0.033783 0.087462 0.795947 0.043512 0.039296
2 2 0.025818 0.071115 0.834210 0.038555 0.030302
2 2 0.022407 0.065208 0.850870 0.034783 0.026732
2 2 0.020298 0.062591 0.860535 0.031634 0.024941
2 2 0.019403 0.061798 0.863194 0.030805 0.024800
2 2 0.019409 0.061312 0.863250 0.031280 0.024750
2 2 0.020416 0.061913 0.859281 0.033109 0.025281
2 2 0.021730 0.061814 0.853580 0.036791 0.026085
2 2 0.024707 0.059179 0.843079 0.046721 0.026314
2 2 0.033991 0.054486 0.822547 0.066087 0.022889
2 0 0.065721 0.068570 0.748476 0.091840 0.025394
2 0 0.225317 0.121259 0.472320 0.139103 0.042001
2 0 0.316497 0.147812 0.330611 0.146234 0.058845
2 1 0.168174 0.147448 0.520411 0.102744 0.061223
2 1 0.129574 0.164524 0.547403 0.080755 0.077745
2 2 0.111287 0.190867 0.514121 0.072204 0.111520
2 2 0.114925 0.203546 0.470660 0.075910 0.134958
2 2 0.140812 0.202946 0.436469 0.087575 0.132199
2 1 0.221408 0.203103 0.288187 0.127456 0.159847
0 1 0.235688 0.199403 0.213373 0.148542 0.202994
0 1 0.277003 0.183702 0.197004 0.170327 0.171964
0 1 0.288870 0.179289 0.193046 0.175668 0.163127
0 1 0.255095 0.193280 0.207042 0.156888 0.187695
0 1 0.233895 0.202310 0.216555 0.143704 0.203537
2 1 0.119317 0.221391 0.378199 0.085502 0.195592
2 1 0.054664 0.200855 0.544160 0.045629 0.154693
2 1 0.039766 0.165206 0.669703 0.031870 0.093455
2 2 0.023107 0.097544 0.810314 0.025659 0.043375
2 2 0.018748 0.073635 0.850190 0.026273 0.031155
2 2 0.016861 0.063653 0.868286 0.025681 0.025518
2 2 0.016542 0.064122 0.868527 0.025039 0.025769
2 2 0.016606 0.064039 0.869200 0.024775 0.025380
2 2 0.016656 0.062103 0.870754 0.025778 0.024709
2 2 0.016050 0.057495 0.876550 0.026947 0.022957
2 2 0.017768 0.058195 0.867936 0.031577 0.024524
2 2 0.023254 0.064149 0.846489 0.038651 0.027457
2 2 0.042623 0.077955 0.789116 0.057623 0.032683
2 0 0.107248 0.110501 0.645892 0.092707 0.043652
2 0 0.284660 0.153282 0.367425 0.133808 0.060824
0 1 0.385014 0.139195 0.234044 0.177432 0.064315
0 0 0.407032 0.133590 0.210569 0.185973 0.062836
0 1 0.423076 0.128772 0.196143 0.191466 0.060543
0 0 0.449175 0.120931 0.171657 0.200668 0.057569
0 1 0.440040 0.126352 0.164804 0.202218 0.066586
0 1 0.427872 0.133011 0.155557 0.203765 0.079795
0 0 0.353008 0.162260 0.184096 0.183249 0.117387
0 1 0.271437 0.192055 0.210735 0.154960 0.170813
0 1 0.229490 0.199616 0.209924 0.149111 0.211859
2 1 0.188869 0.212158 0.238576 0.129613 0.230784
2 1 0.105441 0.224545 0.377980 0.079726 0.212308
2 2 0.071759 0.200303 0.533092 0.054357 0.140490
2 2 0.058534 0.171203 0.637438 0.041996 0.090828
2 2 0.056608 0.157123 0.675795 0.038638 0.071836
2 2 0.054107 0.140006 0.707892 0.038879 0.059117
2 2 0.052626 0.128586 0.725772 0.040349 0.052667
2 2 0.051858 0.122935 0.736463 0.040192 0.048552
2 2 0.050799 0.122715 0.739779 0.038874 0.047833
2 2 0.049622 0.124230 0.740715 0.037240 0.048193
2 2 0.045510 0.117770 0.755489 0.035901 0.045330
2 2 0.045576 0.111828 0.761981 0.037833 0.042782
2 2 0.045733 0.103077 0.770362 0.041454 0.039374
2 2 0.045222 0.095833 0.778300 0.044169 0.036476
2 2 0.039738 0.089538 0.794540 0.041904 0.034281
2 2 0.034211 0.088040 0.806274 0.037223 0.034253
2 2 0.029839 0.088111 0.812572 0.033773 0.035705
2 2 0.026224 0.085150 0.821724 0.031499 0.035403
2 2 0.022580 0.077589 0.838256 0.029501 0.032074
2 2 0.020280 0.069518 0.854117 0.028359 0.027726
2 2 0.019366 0.066805 0.859411 0.027942 0.026476
2 2 0.019403 0.066348 0.859871 0.028136 0.026242
2 2 0.020702 0.067461 0.856830 0.028895 0.026111
2 2 0.022028 0.067595 0.854343 0.030266 0.025767
2 1 0.021597 0.066119 0.856036 0.030744 0.025505
2 2 0.020302 0.062454 0.861068 0.031462 0.024715
2 2 0.017867 0.056110 0.873431 0.030496 0.022096
2 2 0.016796 0.053719 0.875848 0.031487 0.022149
2 2 0.017080 0.052232 0.872206 0.035520 0.022963
2 2 0.017794 0.049475 0.869114 0.040998 0.022618
2 2 0.018180 0.046473 0.868596 0.045258 0.021493
2 2 0.019936 0.045793 0.855322 0.055839 0.023110
2 2 0.024556 0.047134 0.820417 0.080072 0.027820
2 2 0.033577 0.045792 0.767175 0.124283 0.029173
2 2 0.039312 0.044613 0.737535 0.150124 0.028415
2 2 0.043025 0.044168 0.733939 0.153115 0.025752
2 0 0.062463 0.052303 0.707838 0.152549 0.024846
2 0 0.143490 0.082245 0.565269 0.175622 0.033373
2 0 0.302203 0.126216 0.355027 0.168392 0.048163
0 1 0.338012 0.145710 0.299971 0.155874 0.060433
0 0 0.323781 0.162407 0.265270 0.160483 0.088059
2 1 0.188485 0.190249 0.411519 0.102736 0.107010
2 1 0.100047 0.186236 0.548089 0.063934 0.101695
2 2 0.052674 0.166072 0.656866 0.038351 0.086037
2 2 0.040286 0.146691 0.709529 0.031916 0.071576
2 2 0.022661 0.089668 0.820457 0.027463 0.039752
2 2 0.019242 0.074102 0.845020 0.028547 0.033088
2 2 0.018035 0.067040 0.854066 0.030309 0.030550
2 2 0.018048 0.062789 0.856289 0.033487 0.029386
2 2 0.018438 0.057679 0.858391 0.038072 0.027421
2 2 0.019463 0.053454 0.853187 0.046819 0.027077
2 2 0.020782 0.049779 0.843623 0.058626 0.027189
2 2 0.022104 0.047190 0.832972 0.070377 0.027358
2 2 0.022983 0.044793 0.825620 0.079796 0.026807
2 2 0.025666 0.044839 0.807652 0.093836 0.028007
2 2 0.028394 0.044673 0.787621 0.110133 0.029179
2 2 0.033418 0.045071 0.757332 0.133708 0.030471
2 2 0.039657 0.047089 0.722322 0.157858 0.033073
2 2 0.042049 0.045696 0.702954 0.176448 0.032852
2 2 0.040813 0.041577 0.677841 0.207055 0.032714
2 2 0.041629 0.039033 0.634691 0.250161 0.034486
2 2 0.044587 0.036813 0.544023 0.334514 0.040062
2 2 0.045901 0.035270 0.489226 0.386552 0.043052
2 2 0.046947 0.036241 0.491706 0.381435 0.043671
2 2 0.047182 0.040225 0.576154 0.297287 0.039152
2 2 0.049530 0.047153 0.674635 0.195909 0.032773
2 0 0.049690 0.054627 0.731816 0.133647 0.030220
2 0 0.050296 0.063922 0.751203 0.102566 0.032013
2 2 0.037523 0.067609 0.787403 0.072955 0.034511
2 2 0.032427 0.070350 0.801002 0.060348 0.035873
2 2 0.028622 0.073609 0.808476 0.051330 0.037964
2 2 0.030005 0.079868 0.799243 0.049593 0.041290
2 2 0.038629 0.087525 0.783163 0.050745 0.039938
2 2 0.078817 0.105597 0.705978 0.069159 0.040449
2 0 0.168484 0.169097 0.504464 0.086668 0.071286
2 1 0.181739 0.173568 0.472955 0.094023 0.077716
2 2 0.179845 0.180389 0.456536 0.095224 0.088007
2 0 0.162231 0.174492 0.499493 0.085274 0.078510
2 1 0.137426 0.165094 0.550491 0.076436 0.070554
2 2 0.072790 0.126705 0.691269 0.056923 0.052313
2 2 0.046885 0.096186 0.765643 0.050898 0.040387
2 2 0.031638 0.072556 0.815772 0.048204 0.031831
2 2 0.027379 0.061885 0.833076 0.049983 0.027678
2 2 0.027274 0.061705 0.835515 0.048575 0.026931
2 2 0.025622 0.060116 0.842517 0.045921 0.025825
2 2 0.025210 0.057054 0.841692 0.050314 0.025730
2 2 0.026228 0.053617 0.832646 0.061239 0.026271
2 2 0.028037 0.050343 0.818366 0.076458 0.026796
2 2 0.033384 0.049104 0.797640 0.093871 0.026001
2 2 0.038856 0.049374 0.780640 0.105865 0.025266
2 2 0.053034 0.057435 0.749740 0.113140 0.026651
2 1 0.097764 0.085015 0.655025 0.125728 0.036468
2 0 0.229742 0.136798 0.438806 0.139374 0.055279
0 0 0.322216 0.156744 0.290996 0.155153 0.074891
0 0 0.307008 0.173053 0.251705 0.159108 0.109125
2 1 0.216506 0.201525 0.310464 0.123210 0.148295
2 1 0.208644 0.199371 0.338707 0.117339 0.135939
2 1 0.177915 0.202209 0.380689 0.104328 0.134859
2 1 0.106795 0.197287 0.504022 0.070135 0.121761
2 2 0.064020 0.174055 0.624105 0.045077 0.092742
2 2 0.038814 0.137104 0.724254 0.033162 0.066667
2 2 0.025971 0.104253 0.790483 0.029348 0.049945
2 2 0.021050 0.082541 0.830768 0.028363 0.037278
2 2 0.020805 0.076844 0.839835 0.029028 0.033489
2 2 0.020460 0.071730 0.846846 0.030160 0.030805
2 2 0.020633 0.071094 0.846802 0.030836 0.030634
2 1 0.021925 0.077316 0.836508 0.030524 0.033726
2 2 0.025121 0.087821 0.816786 0.031332 0.038940
2 2 0.028098 0.104491 0.766751 0.039623 0.061038
2 2 0.049393 0.152312 0.666857 0.044367 0.087071
2 2 0.050476 0.160000 0.662340 0.040396 0.086789
2 1 0.030458 0.105240 0.760105 0.042726 0.061471
2 2 0.024932 0.091053 0.812898 0.030280 0.040837
2 2 0.023413 0.083299 0.823073 0.032003 0.038212
2 2 0.019428 0.060595 0.858958 0.034614 0.026405
2 2 0.019046 0.056114 0.862191 0.037639 0.025010
2 2 0.018667 0.053454 0.862936 0.040283 0.024660
2 2 0.019635 0.053062 0.856352 0.045249 0.025702
2 2 0.020670 0.052143 0.849744 0.051059 0.026384
2 2 0.021801 0.051933 0.839778 0.058397 0.028091
2 2 0.024423 0.051238 0.820933 0.073183 0.030225
2 2 0.029758 0.051259 0.790778 0.096061 0.032143
2 2 0.033830 0.047970 0.762698 0.123857 0.031645
2 2 0.038533 0.046170 0.728812 0.154403 0.032083
2 2 0.040416 0.044754 0.703774 0.177969 0.033087
2 2 0.040627 0.042801 0.694252 0.190179 0.032141
2 2 0.037707 0.039549 0.708249 0.185748 0.028747
2 2 0.037239 0.037301 0.699027 0.198794 0.027638
2 2 0.040096 0.036445 0.635504 0.256175 0.031779
2 3 0.042377 0.034738 0.555788 0.330504 0.036594
2 2 0.042917 0.033047 0.502970 0.381745 0.039321
2 2 0.042718 0.031967 0.474807 0.409797 0.040713
2 2 0.043308 0.031624 0.456063 0.427255 0.041750
2 2 0.044601 0.031961 0.453218 0.428653 0.041568
2 2 0.044985 0.031997 0.464092 0.419241 0.039686
2 2 0.050799 0.035672 0.503187 0.373170 0.037173
2 2 0.056426 0.042032 0.589745 0.278920 0.032876
2 2 0.077438 0.060108 0.632650 0.195114 0.034690
2 2 0.107807 0.094421 0.592448 0.153820 0.051503
2 2 0.161041 0.146592 0.487029 0.126345 0.078994
2 2 0.208019 0.191976 0.371599 0.113505 0.114900
2 2 0.231130 0.195258 0.311719 0.128114 0.133780
0 0 0.268527 0.189093 0.254965 0.147680 0.139736
0 0 0.295536 0.179028 0.246225 0.157003 0.122209
0 0 0.341766 0.161237 0.229019 0.171439 0.096539
0 0 0.415299 0.133066 0.193575 0.191500 0.066560
0 0 0.406776 0.137322 0.192552 0.190841 0.072509
2 1 0.244778 0.181444 0.344809 0.128062 0.100907
2 1 0.184375 0.188034 0.425694 0.099904 0.101992
2 1 0.093208 0.181808 0.569492 0.059795 0.095697
2 1 0.057316 0.172889 0.633948 0.041726 0.094121
2 2 0.038858 0.140127 0.727206 0.030074 0.063735
2 2 0.033843 0.113170 0.777419 0.029460 0.046109
2 2 0.027723 0.092851 0.816700 0.027448 0.035278
2 2 0.027007 0.090064 0.819871 0.028193 0.034866
2 2 0.026541 0.088014 0.821976 0.028874 0.034595
2 2 0.026790 0.086425 0.823806 0.029373 0.033606
2 2 0.026561 0.082659 0.829875 0.029610 0.031295
2 2 0.024333 0.077656 0.840084 0.028674 0.029253
2 2 0.021406 0.071518 0.852429 0.027517 0.027130
2 2 0.019966 0.067791 0.858565 0.027539 0.026139
2 2 0.020636 0.067729 0.855392 0.029432 0.026811
2 2 0.022934 0.069970 0.846291 0.032552 0.028252
2 2 0.025222 0.073267 0.838552 0.033770 0.029189
2 2 0.030113 0.083701 0.818133 0.034991 0.033062
2 2 0.040654 0.100415 0.778453 0.040079 0.040399
2 2 0.065617 0.120506 0.711418 0.053516 0.048943
2 1 0.128357 0.147565 0.580376 0.081462 0.062240
2 1 0.273271 0.160344 0.365557 0.131917 0.068911
0 0 0.466023 0.117841 0.140039 0.212058 0.064039
0 0 0.428911 0.132599 0.155141 0.204011 0.079337
0 0 0.330689 0.170705 0.191943 0.176111 0.130552
0 0 0.253591 0.197957 0.218688 0.147567 0.182197
2 0 0.232389 0.204135 0.239260 0.137131 0.187084
2 0 0.173673 0.209740 0.350500 0.106808 0.159279
2 0 0.075514 0.188449 0.569700 0.053430 0.112907
2 0 0.047781 0.165082 0.663891 0.035850 0.087397
2 0 0.037693 0.149549 0.712034 0.028703 0.072020
2 1 0.032015 0.126752 0.755151 0.027917 0.058165
2 1 0.028624 0.107052 0.789692 0.028213 0.046419
2 1 0.034411 0.111524 0.776688 0.031103 0.046274
2 1 0.054449 0.150355 0.693100 0.036973 0.065123
2 1 0.070081 0.166916 0.636743 0.046391 0.079868
2 1 0.101843 0.187998 0.540496 0.065206 0.104458
2 1 0.125496 0.201183 0.465201 0.079915 0.128205
2 1 0.134272 0.209511 0.418482 0.087338 0.150397
2 1 0.120267 0.215920 0.408537 0.083316 0.171961
2 1 0.102143 0.223853 0.387660 0.077579 0.208764
2 1 0.084595 0.225175 0.399549 0.068645 0.222036
2 4 0.079881 0.229099 0.366382 0.068477 0.256161
4 4 0.057781 0.220806 0.314454 0.065594 0.341365
4 4 0.042544 0.202735 0.279805 0.065321 0.409594
4 4 0.044724 0.193552 0.249538 0.076036 0.436150
4 4 0.080904 0.189794 0.208921 0.119849 0.400532
4 4 0.166467 0.174299 0.160632 0.188501 0.310102
4 4 0.184287 0.170048 0.152583 0.199439 0.293644
4 4 0.198738 0.179239 0.168157 0.185262 0.268605
4 4 0.210818 0.187539 0.183737 0.171360 0.246547
0 4 0.242688 0.198398 0.212261 0.149560 0.197092
0 4 0.231584 0.200905 0.213053 0.146548 0.207909
0 4 0.233785 0.202243 0.216388 0.143840 0.203745
2 4 0.189002 0.215083 0.246292 0.124704 0.224918
2 4 0.166350 0.219362 0.258460 0.116583 0.239245
2 0 0.147248 0.219269 0.260008 0.113898 0.259577
4 0 0.132264 0.216017 0.253755 0.114860 0.283104
4 1 0.118524 0.207699 0.235874 0.121307 0.316596
4 1 0.148266 0.199676 0.211603 0.143532 0.296924
4 0 0.220027 0.193621 0.196296 0.160512 0.229543
0 0 0.286823 0.186694 0.206182 0.160759 0.159542
0 0 0.342886 0.166111 0.187700 0.180068 0.123235
0 0 0.387872 0.148775 0.171180 0.193474 0.098699
0 0 0.420197 0.136052 0.158612 0.201914 0.083225
0 0 0.420499 0.135932 0.158492 0.201988 0.083089
0 0 0.400767 0.143719 0.166228 0.196963 0.092323
0 0 0.359545 0.159367 0.185996 0.184324 0.110769
0 0 0.353110 0.160786 0.198155 0.180295 0.107653
0 0 0.369323 0.154933 0.188371 0.185848 0.101524
0 0 0.389718 0.148053 0.170477 0.193983 0.097769
0 0 0.323040 0.159616 0.169776 0.205387 0.142180
0 0 0.260727 0.163563 0.159573 0.216680 0.199457
4 0 0.212032 0.160300 0.144571 0.224981 0.258117
4 1 0.136530 0.146477 0.119419 0.224615 0.372959
4 1 0.070662 0.143158 0.126653 0.169688 0.489839
4 1 0.050009 0.139339 0.129571 0.141537 0.539544
4 1 0.065110 0.155972 0.150192 0.144214 0.484512
4 1 0.082031 0.178461 0.184662 0.134856 0.419990
4 1 0.121129 0.198244 0.213262 0.135518 0.331846
0 1 0.226449 0.197720 0.205458 0.152805 0.217568
0 0 0.320105 0.173568 0.208174 0.170266 0.127886
0 0 0.441549 0.127227 0.153184 0.205944 0.072097
0 0 0.502917 0.103184 0.124624 0.218542 0.050734
0 0 0.474483 0.114474 0.136534 0.213683 0.060826
0 0 0.430425 0.131999 0.154535 0.204368 0.078674
0 0 0.356200 0.161039 0.182945 0.184232 0.115584
0 0 0.311852 0.177537 0.197985 0.170057 0.142569
4 0 0.214199 0.186019 0.182207 0.174337 0.243237
0 0 0.243923 0.194190 0.204852 0.157291 0.199744
0 0 0.271639 0.191985 0.210677 0.155037 0.170661
0 0 0.301225 0.181549 0.201700 0.165992 0.149534
0 0 0.319786 0.174762 0.195639 0.172458 0.137354
0 0 0.339055 0.167560 0.189045 0.178840 0.125501
0 0 0.364859 0.157711 0.179790 0.186852 0.110788
0 0 0.396217 0.145506 0.167985 0.195750 0.094541
0 0 0.416430 0.137542 0.160102 0.200983 0.084942
0 0 0.391923 0.147190 0.169634 0.194587 0.096666
0 0 0.415174 0.138039 0.160597 0.200670 0.085520
0 0 0.449160 0.124553 0.146961 0.208583 0.070743
0 0 0.384082 0.150255 0.172619 0.192418 0.100626
0 0 0.309944 0.178381 0.198891 0.169068 0.143716
0 0 0.257764 0.196685 0.214556 0.149624 0.181371
0 0 0.229615 0.199694 0.210110 0.148958 0.211623
4 0 0.180382 0.178093 0.166570 0.185064 0.289891
4 0 0.178704 0.176635 0.164059 0.187229 0.293373
4 0 0.199714 0.179922 0.169382 0.184151 0.266831
4 0 0.199962 0.180096 0.169694 0.183869 0.266380
4 0 0.205312 0.183799 0.176518 0.177740 0.256631
4 0 0.224206 0.185174 0.183507 0.176079 0.231034
0 0 0.292918 0.180339 0.196367 0.171943 0.158433
0 0 0.358866 0.160017 0.181979 0.185046 0.114092
0 0 0.405131 0.142001 0.164533 0.198108 0.090227
0 0 0.354152 0.161823 0.183685 0.183602 0.116738
0 1 0.325147 0.172773 0.193834 0.174268 0.133978
0 1 0.303906 0.180579 0.200843 0.166945 0.147727
0 1 0.306108 0.179780 0.200135 0.167723 0.146254
0 1 0.320986 0.174318 0.195237 0.172866 0.136593
0 1 0.363260 0.158327 0.180376 0.186374 0.111663
0 0 0.375998 0.153401 0.175661 0.190120 0.104820
0 1 0.387596 0.148883 0.171286 0.193398 0.098838
0 0 0.350838 0.163088 0.184875 0.182575 0.118624
0 0 0.234505 0.203959 0.228813 0.139167 0.193557
2 1 0.129425 0.227021 0.306017 0.095548 0.241988
2 1 0.063660 0.229125 0.374512 0.058721 0.273982
2 1 0.039264 0.220210 0.432787 0.040980 0.266759
2 1 0.024756 0.200278 0.532605 0.027715 0.214646
2 2 0.027467 0.201555 0.532134 0.029714 0.209130
2 1 0.034873 0.205775 0.521055 0.035136 0.203162
2 2 0.053590 0.210662 0.501807 0.047127 0.186814
2 2 0.116667 0.213636 0.425201 0.080538 0.163958
2 1 0.228007 0.204056 0.259667 0.133119 0.175151
0 0 0.236195 0.203689 0.220099 0.140852 0.199164
0 1 0.225778 0.197297 0.204483 0.153617 0.218826
4 1 0.219930 0.193558 0.196161 0.160628 0.229724
4 1 0.217790 0.192164 0.193185 0.163169 0.233692
0 0 0.238168 0.197582 0.209131 0.151796 0.203323
0 1 0.234277 0.202540 0.217140 0.143232 0.202811
2 1 0.229024 0.204120 0.255057 0.134029 0.177770
2 1 0.194918 0.210018 0.302562 0.118647 0.173855
2 1 0.158724 0.205119 0.399646 0.096855 0.139656
2 2 0.072001 0.184795 0.584703 0.050975 0.107526
2 2 0.090547 0.196724 0.525805 0.062507 0.124418
2 2 0.098704 0.191790 0.532440 0.064877 0.112189
2 2 0.081132 0.163923 0.604876 0.061583 0.088486
2 2 0.081855 0.172571 0.608541 0.052687 0.084345
2 2 0.091653 0.178183 0.581652 0.058213 0.090300
2 2 0.103521 0.172130 0.583483 0.061590 0.079277
2 2 0.112970 0.173939 0.566721 0.065895 0.080474
2 2 0.118371 0.173820 0.560099 0.068015 0.079696
2 2 0.118397 0.168959 0.572835 0.066595 0.073214
2 2 0.106088 0.159221 0.606278 0.062288 0.066124
2 2 0.090419 0.144092 0.650494 0.057806 0.057188
2 2 0.080142 0.135499 0.677125 0.054389 0.052845
2 2 0.075634 0.132805 0.685843 0.053321 0.052396
2 2 0.070073 0.129513 0.693855 0.053304 0.053255
2 2 0.060314 0.117864 0.721972 0.051296 0.048553
2 2 0.053039 0.102507 0.752891 0.050730 0.040832
2 2 0.046478 0.092455 0.775946 0.048835 0.036286
2 2 0.038380 0.084267 0.797387 0.045879 0.034088
2 2 0.035277 0.078760 0.808113 0.045678 0.032172
2 2 0.036944 0.079164 0.806577 0.045981 0.031334
2 2 0.036540 0.076566 0.813206 0.044728 0.028961
2 2 0.031072 0.067848 0.832456 0.042934 0.025689
2 2 0.028559 0.061285 0.838064 0.047230 0.024862
2 2 0.028337 0.057353 0.836335 0.053373 0.024602
2 2 0.030704 0.054808 0.827261 0.062929 0.024298
2 2 0.034131 0.051207 0.811233 0.079511 0.023918
2 2 0.036963 0.047856 0.792536 0.099178 0.023467
2 2 0.044221 0.049201 0.758261 0.123026 0.025292
2 2 0.049710 0.051447 0.729799 0.140958 0.028086
2 2 0.046049 0.049035 0.728593 0.147522 0.028801
2 2 0.042902 0.047005 0.732657 0.148792 0.028644
2 2 0.040407 0.045531 0.742287 0.144127 0.027649
2 2 0.037275 0.042292 0.751092 0.143615 0.025726
2 2 0.036878 0.038290 0.734071 0.166234 0.024527
2 2 0.042578 0.036876 0.657749 0.234937 0.027860
2 2 0.049097 0.035305 0.526800 0.353531 0.035267
3 2 0.049646 0.031524 0.419630 0.459411 0.039789
3 2 0.047692 0.028437 0.350842 0.530384 0.042645
3 2 0.050281 0.027478 0.295183 0.581366 0.045692
3 2 0.056936 0.029871 0.281530 0.582557 0.049106
3 2 0.068088 0.035271 0.293008 0.550809 0.052824
3 3 0.074075 0.040403 0.328746 0.502380 0.054395
3 3 0.069855 0.040012 0.357247 0.481243 0.051642
3 3 0.072517 0.039736 0.338051 0.497482 0.052214
3 3 0.077738 0.039825 0.313014 0.516418 0.053004
3 3 0.062500 0.030303 0.239353 0.614604 0.053240
3 3 0.050117 0.021637 0.173237 0.707553 0.047456
3 3 0.041035 0.015846 0.124681 0.776282 0.042157
3 3 0.037800 0.013926 0.108234 0.800040 0.040000
3 3 0.035546 0.013312 0.108173 0.803823 0.039146
3 3 0.034554 0.013414 0.118132 0.795597 0.038302
3 3 0.034625 0.013760 0.128873 0.785166 0.037575
3 3 0.036017 0.014690 0.140616 0.770492 0.038185
3 3 0.039250 0.016213 0.148457 0.755755 0.040325
3 3 0.043952 0.018308 0.156034 0.738391 0.043315
3 3 0.044290 0.018445 0.156980 0.736911 0.043374
3 3 0.042667 0.017824 0.156865 0.740332 0.042312
3 3 0.041540 0.017414 0.159196 0.740671 0.041178
3 3 0.041720 0.017696 0.162991 0.736138 0.041455
3 3 0.041418 0.017792 0.165008 0.734012 0.041770
3 3 0.041112 0.017630 0.165555 0.734425 0.041278
3 3 0.040279 0.017304 0.168346 0.733889 0.040183
3 3 0.039224 0.016801 0.170940 0.734409 0.038626
3 3 0.038115 0.016338 0.169606 0.737950 0.037991
3 3 0.036000 0.015338 0.158951 0.752048 0.037663
3 3 0.033930 0.014232 0.143405 0.770771 0.037661
3 3 0.033425 0.013716 0.130373 0.784131 0.038355
3 3 0.033622 0.013580 0.122910 0.790789 0.039100
3 3 0.034238 0.013833 0.123100 0.789141 0.039687
3 3 0.033689 0.013609 0.122199 0.791158 0.039345
3 3 0.034124 0.013866 0.125325 0.787218 0.039468
3 3 0.034328 0.013958 0.125951 0.786189 0.039574
3 3 0.034596 0.013907 0.123749 0.788235 0.039514
3 3 0.034583 0.013388 0.114115 0.798805 0.039110
3 3 0.034347 0.012827 0.104841 0.809300 0.038685
3 3 0.033431 0.012303 0.101453 0.815147 0.037666
3 3 0.031931 0.011906 0.104340 0.815460 0.036363
3 3 0.030085 0.011412 0.109452 0.814590 0.034460
3 3 0.029043 0.011328 0.117840 0.808431 0.033359
3 3 0.029097 0.011683 0.128078 0.797987 0.033155
3 3 0.030781 0.012892 0.143019 0.778673 0.034635
3 3 0.033340 0.013988 0.147644 0.768722 0.036306
3 3 0.036238 0.015079 0.148650 0.761853 0.038179
3 3 0.036729 0.014838 0.139109 0.770869 0.038456
3 3 0.036401 0.014466 0.133919 0.777111 0.038103
3 3 0.035768 0.014004 0.129780 0.783058 0.037389
3 3 0.036947 0.015007 0.140827 0.768540 0.038679
3 3 0.039361 0.016622 0.152318 0.750423 0.041275
3 3 0.042418 0.018390 0.159831 0.734954 0.044407
3 3 0.042485 0.018511 0.154813 0.738208 0.045983
3 3 0.043038 0.018496 0.149691 0.742265 0.046510
3 3 0.042673 0.017946 0.141589 0.751488 0.046304
3 3 0.038569 0.016152 0.140065 0.762633 0.042581
3 3 0.036105 0.014822 0.135514 0.773750 0.039810
3 3 0.035546 0.014580 0.139192 0.772233 0.038450
3 3 0.035639 0.014526 0.139294 0.772471 0.038069
3 3 0.035998 0.014342 0.132852 0.778658 0.038149
3 3 0.035865 0.013835 0.119965 0.791697 0.038639
3 3 0.035694 0.013523 0.111612 0.799937 0.039235
3 3 0.035568 0.013313 0.106239 0.805241 0.039639
3 3 0.034981 0.013309 0.106949 0.804677 0.040083
3 3 0.035803 0.013770 0.108529 0.800636 0.041261
3 3 0.037179 0.014616 0.113478 0.791782 0.042944
3 3 0.039592 0.015452 0.115021 0.785694 0.044241
3 3 0.037494 0.014648 0.115835 0.789901 0.042122
3 3 0.035499 0.013696 0.115612 0.795831 0.039361
3 3 0.034467 0.013492 0.123888 0.790674 0.037479
3 3 0.033142 0.013309 0.131565 0.785643 0.036341
3 3 0.032856 0.013512 0.136362 0.780572 0.036699
3 3 0.033134 0.013566 0.130785 0.784690 0.037824
3 3 0.033093 0.013180 0.118453 0.796651 0.038624
3 3 0.033348 0.012697 0.105943 0.809215 0.038796
3 3 0.036400 0.013695 0.108011 0.801565 0.040329
3 3 0.048898 0.018751 0.138153 0.749578 0.044620
3 3 0.090597 0.033708 0.221042 0.608045 0.046608
3 0 0.157070 0.058860 0.356174 0.387360 0.040536
2 0 0.234728 0.089147 0.403331 0.234905 0.037888
2 0 0.273307 0.128607 0.379892 0.165928 0.052266
2 1 0.245470 0.166515 0.393014 0.121360 0.073641
2 2 0.179669 0.185374 0.441716 0.096711 0.096531
2 1 0.147335 0.184026 0.492337 0.082997 0.093305
2 2 0.084959 0.174650 0.599320 0.054496 0.086575
2 2 0.054163 0.155879 0.679890 0.037860 0.072208
2 2 0.030639 0.109846 0.779444 0.030674 0.049397
2 2 0.021962 0.082386 0.827811 0.030161 0.037681
2 2 0.020287 0.071800 0.839606 0.033875 0.034432
2 2 0.023725 0.072808 0.830779 0.038474 0.034213
2 2 0.040864 0.091506 0.778142 0.049221 0.040267
2 0 0.087116 0.135695 0.649329 0.067480 0.060380
2 0 0.121534 0.177080 0.542838 0.072173 0.086376
2 1 0.111735 0.185879 0.534439 0.068859 0.099089
2 1 0.089985 0.198962 0.518638 0.062854 0.129560
2 4 0.058852 0.216256 0.471503 0.051449 0.201942
2 4 0.036201 0.219357 0.356300 0.043982 0.344161
4 4 0.026886 0.198866 0.307423 0.045581 0.421245
4 4 0.032595 0.189370 0.260012 0.061460 0.456563
4 4 0.055704 0.197882 0.247260 0.085644 0.413509
4 0 0.086451 0.202325 0.235173 0.109377 0.366673
4 4 0.132603 0.210040 0.245603 0.123207 0.288547
2 1 0.157670 0.215296 0.270689 0.119116 0.237229
4 1 0.077366 0.215524 0.276433 0.087373 0.343305
4 4 0.049795 0.200518 0.261718 0.076262 0.411708
4 4 0.027418 0.169010 0.216155 0.067031 0.520385
4 4 0.027353 0.159764 0.193734 0.073925 0.545225
4 4 0.015225 0.131325 0.157672 0.061601 0.634178
4 4 0.011084 0.118657 0.143327 0.054260 0.672672
4 4 0.006691 0.099468 0.120699 0.044341 0.728800
4 4 0.004940 0.086420 0.102761 0.040570 0.765309
4 4 0.003854 0.075171 0.086538 0.038548 0.795890
4 4 0.003426 0.068406 0.076034 0.038745 0.813388
4 4 0.003798 0.064890 0.067394 0.044878 0.819040
4 4 0.004517 0.063136 0.061205 0.053569 0.817572
4 4 0.004633 0.062243 0.059311 0.055557 0.818256
4 4 0.005239 0.064014 0.060108 0.059803 0.810835
4 4 0.006019 0.067964 0.064048 0.063025 0.798944
4 4 0.006343 0.072232 0.070056 0.061682 0.789687
4 4 0.005872 0.072416 0.071903 0.057655 0.792153
4 4 0.006412 0.075170 0.074802 0.059586 0.784030
4 4 0.008292 0.084157 0.084622 0.065109 0.757821
4 4 0.008938 0.087937 0.089446 0.065912 0.747767
4 4 0.007483 0.084735 0.088130 0.059281 0.760371
4 4 0.006600 0.083493 0.088994 0.054232 0.766681
4 4 0.007322 0.087982 0.094683 0.055713 0.754300
4 4 0.011887 0.102295 0.107719 0.069802 0.708296
4 4 0.027005 0.125946 0.125239 0.103594 0.618216
4 4 0.055170 0.147698 0.140832 0.139867 0.516433
4 4 0.046043 0.148277 0.147679 0.123123 0.534879
4 4 0.029705 0.136066 0.140490 0.100582 0.593156
4 4 0.020612 0.121525 0.126012 0.087902 0.643950
4 4 0.014544 0.104197 0.105302 0.080517 0.695439
4 4 0.009229 0.087628 0.088113 0.067964 0.747065
4 4 0.008981 0.087416 0.088408 0.066630 0.748566
4 4 0.010187 0.095712 0.100012 0.066544 0.727545
4 4 0.009380 0.098640 0.107927 0.059874 0.724179
4 4 0.008578 0.101255 0.115962 0.053714 0.720491
4 4 0.009759 0.108763 0.127001 0.054704 0.699773
4 4 0.021302 0.136954 0.155174 0.076652 0.609918
4 4 0.051258 0.165848 0.177391 0.112311 0.493192
4 4 0.089786 0.179069 0.182821 0.141068 0.407255
4 4 0.142211 0.185204 0.182732 0.163476 0.326376
4 0 0.192087 0.194952 0.198716 0.158288 0.255957
4 1 0.129289 0.219596 0.264258 0.108825 0.278032
4 1 0.088275 0.217099 0.273512 0.093067 0.328048
4 1 0.079994 0.214848 0.272481 0.090069 0.342609
4 1 0.046571 0.199703 0.264026 0.073040 0.416661
4 1 0.053077 0.214497 0.299823 0.067067 0.365536
4 1 0.042344 0.210454 0.305413 0.058656 0.383132
4 1 0.042077 0.210004 0.304426 0.058704 0.384789
4 1 0.043362 0.210525 0.303549 0.059822 0.382741
4 1 0.053481 0.212015 0.291123 0.069800 0.373581
4 1 0.081920 0.215023 0.271626 0.091246 0.340185
4 1 0.132371 0.208755 0.235166 0.125268 0.298440
4 1 0.145434 0.199949 0.212572 0.142306 0.299739
4 1 0.156089 0.188721 0.188011 0.162501 0.304677
4 1 0.191223 0.173908 0.158913 0.193741 0.282214
4 0 0.195766 0.177145 0.164462 0.188630 0.273996
4 1 0.188909 0.172242 0.156129 0.196329 0.286391
4 1 0.164961 0.177081 0.165596 0.183514 0.308848
4 4 0.119210 0.188042 0.192225 0.148918 0.351605
4 4 0.108327 0.197619 0.215331 0.129703 0.349019
4 1 0.087499 0.204894 0.241000 0.107074 0.359532
4 1 0.064858 0.208677 0.267489 0.084282 0.374694
4 1 0.054042 0.213116 0.293852 0.069349 0.369642
4 1 0.040223 0.208761 0.304185 0.057421 0.389409
4 1 0.035041 0.208886 0.317683 0.050575 0.387815
4 1 0.032473 0.210182 0.330498 0.046120 0.380728
2 1 0.033038 0.214597 0.371813 0.042574 0.337978
2 1 0.035566 0.217077 0.381361 0.043367 0.322629
2 1 0.041316 0.220770 0.401319 0.045286 0.291309
2 1 0.050012 0.224566 0.393880 0.050663 0.280879
2 4 0.061274 0.226628 0.400063 0.056162 0.255874
2 4 0.096859 0.227589 0.331513 0.081747 0.262292
2 4 0.207757 0.208867 0.248019 0.131914 0.203444
0 0 0.236195 0.203689 0.220099 0.140852 0.199164
0 1 0.236195 0.203689 0.220099 0.140852 0.199164
0 1 0.234733 0.202814 0.217840 0.142667 0.201945
0 4 0.234929 0.202932 0.218142 0.142424 0.201572
0 4 0.236195 0.203689 0.220099 0.140852 0.199164
0 4 0.220704 0.203222 0.217720 0.143655 0.214699
2 4 0.186827 0.214498 0.244696 0.125672 0.228308
2 4 0.177142 0.217948 0.254129 0.119648 0.231133
2 4 0.170653 0.219427 0.276161 0.114070 0.219688
2 4 0.179892 0.216843 0.278566 0.116919 0.207780
2 4 0.192256 0.213797 0.273068 0.121462 0.199417
2 4 0.199678 0.212365 0.263182 0.124902 0.199873
2 4 0.174696 0.215065 0.312431 0.111469 0.186340
2 1 0.125759 0.210464 0.426862 0.083658 0.153258
2 1 0.078110 0.187195 0.570819 0.054352 0.109523
2 1 0.051748 0.162445 0.667246 0.037316 0.081246
2 2 0.038254 0.125254 0.750711 0.031778 0.054003
2 2 0.028552 0.090818 0.811659 0.031682 0.037288
2 2 0.033031 0.092554 0.797760 0.037447 0.039209
2 2 0.050257 0.113151 0.737567 0.048699 0.050326
2 2 0.120663 0.162355 0.563669 0.076999 0.076315
2 2 0.202988 0.185782 0.402626 0.108388 0.100217
0 0 0.319640 0.174650 0.198004 0.171988 0.135718
2 1 0.220505 0.202912 0.291933 0.126709 0.157942
2 1 0.157200 0.199988 0.423406 0.093704 0.125702
2 1 0.071513 0.184062 0.587433 0.050589 0.106402
2 1 0.048187 0.171483 0.645915 0.037062 0.097354
2 1 0.031005 0.135192 0.735983 0.028365 0.069455
2 1 0.024439 0.103153 0.794891 0.027947 0.049570
2 1 0.021532 0.094278 0.811374 0.027201 0.045615
2 1 0.019320 0.087562 0.825834 0.025713 0.041571
2 1 0.020133 0.093332 0.815783 0.025601 0.045152
2 1 0.024064 0.107595 0.788179 0.027038 0.053124
2 1 0.035452 0.154621 0.690291 0.031147 0.088489
2 1 0.044126 0.183928 0.610631 0.036944 0.124370
2 1 0.057641 0.206249 0.520284 0.048377 0.167449
2 0 0.072155 0.220356 0.441372 0.060011 0.206106
2 1 0.057676 0.222845 0.427956 0.053044 0.238479
2 1 0.044370 0.218853 0.356040 0.052690 0.328047
4 1 0.039055 0.211846 0.317911 0.053477 0.377711
4 1 0.039802 0.206198 0.296427 0.058948 0.398625
4 1 0.050880 0.204592 0.272015 0.073815 0.398699
4 1 0.081837 0.204571 0.243375 0.103228 0.366989
4 1 0.112114 0.202497 0.225304 0.125253 0.334834
4 1 0.108647 0.207913 0.239451 0.116278 0.327710
4 1 0.092864 0.211173 0.254460 0.103110 0.338394
4 1 0.061253 0.211416 0.279319 0.078115 0.369897
4 1 0.039507 0.196653 0.267068 0.066241 0.430531
4 1 0.027871 0.181169 0.247809 0.059187 0.483965
4 1 0.022906 0.169120 0.227890 0.057388 0.522696
4 1 0.026239 0.171001 0.224049 0.063166 0.515546
4 1 0.040308 0.179128 0.218660 0.082176 0.479729
4 1 0.071940 0.191811 0.218597 0.109162 0.408491
4 1 0.098466 0.201752 0.228287 0.118364 0.353131
4 1 0.128997 0.211515 0.242752 0.120176 0.296560
2 4 0.148133 0.222498 0.269144 0.109149 0.251076
2 4 0.117298 0.225009 0.354995 0.086539 0.216159
2 4 0.080813 0.219467 0.439309 0.064388 0.196024
2 4 0.062376 0.216127 0.470806 0.053377 0.197314
2 4 0.054592 0.215541 0.476393 0.048857 0.204617
2 4 0.052837 0.216987 0.468213 0.048220 0.213743
2 4 0.052222 0.218216 0.460699 0.048187 0.220676
2 4 0.050693 0.217243 0.466381 0.047043 0.218640
2 1 0.057779 0.219930 0.450153 0.051861 0.220277
