0 0 0.656772 0.081605 0.053937 0.035259 0.172426
0 0 0.661097 0.073583 0.046088 0.039009 0.180224
0 0 0.708741 0.061434 0.034485 0.032587 0.162752
0 0 0.650339 0.073081 0.045846 0.042611 0.188123
0 0 0.671721 0.068858 0.041531 0.038827 0.179064
0 0 0.536292 0.094687 0.072082 0.065089 0.231851
0 0 0.489372 0.103048 0.084595 0.075534 0.247452
0 0 0.298507 0.132310 0.149391 0.127197 0.292595
4 0 0.150556 0.158785 0.261930 0.156860 0.271869
2 1 0.116882 0.206308 0.456438 0.060645 0.159726
2 1 0.062362 0.185442 0.605280 0.034772 0.112143
2 1 0.011587 0.099645 0.837366 0.013497 0.037905
2 1 0.005124 0.065877 0.901971 0.009588 0.017440
2 2 0.004679 0.062725 0.907962 0.009037 0.015597
2 2 0.004781 0.063977 0.907552 0.008272 0.015419
2 2 0.004748 0.063977 0.908442 0.007835 0.014998
2 2 0.004551 0.062775 0.910773 0.007519 0.014381
2 2 0.004244 0.060000 0.914686 0.007683 0.013387
2 2 0.004007 0.058088 0.917308 0.007746 0.012851
2 2 0.003866 0.056127 0.918834 0.008598 0.012575
2 2 0.003711 0.054284 0.920182 0.009431 0.012392
2 2 0.003721 0.052322 0.919280 0.012207 0.012470
2 3 0.003779 0.050989 0.917291 0.015302 0.012639
2 3 0.004161 0.050336 0.907729 0.023916 0.013858
2 3 0.004624 0.050325 0.895019 0.034826 0.015206
2 3 0.005505 0.050953 0.869277 0.056869 0.017396
2 3 0.006563 0.052115 0.836854 0.084552 0.019916
2 3 0.007855 0.051977 0.782808 0.134720 0.022640
2 3 0.008735 0.052602 0.766292 0.150292 0.022080
2 3 0.010263 0.053275 0.737536 0.177875 0.021052
2 3 0.011731 0.054564 0.709716 0.202745 0.021244
2 3 0.015859 0.055907 0.610531 0.296602 0.021100
2 3 0.019792 0.056710 0.526595 0.375060 0.021843
3 3 0.023898 0.052189 0.407647 0.496780 0.019487
3 3 0.026279 0.048450 0.336075 0.571190 0.018007
3 3 0.029495 0.042395 0.240074 0.671818 0.016219
3 3 0.032699 0.038171 0.176383 0.737069 0.015679
3 3 0.034678 0.032983 0.125923 0.792095 0.014321
3 3 0.035532 0.033084 0.121926 0.794696 0.014762
3 3 0.035247 0.032242 0.116628 0.801429 0.014455
3 3 0.036793 0.034455 0.125669 0.787342 0.015741
3 3 0.035967 0.032184 0.112029 0.804961 0.014860
3 3 0.035859 0.030580 0.100155 0.818874 0.014532
3 3 0.033244 0.025791 0.077344 0.851263 0.012357
3 3 0.031208 0.022635 0.063891 0.871392 0.010873
3 3 0.029413 0.020501 0.056359 0.884007 0.009720
3 3 0.027954 0.018370 0.047696 0.897195 0.008786
3 3 0.027258 0.017303 0.043324 0.903764 0.008352
3 3 0.026635 0.016157 0.038390 0.910866 0.007952
3 3 0.026381 0.015736 0.036683 0.913405 0.007796
3 3 0.025805 0.015007 0.034110 0.917606 0.007471
3 3 0.025399 0.014683 0.033335 0.919320 0.007264
3 3 0.025504 0.014886 0.034189 0.918091 0.007329
3 3 0.025675 0.015280 0.035949 0.915655 0.007441
3 3 0.026370 0.016104 0.038799 0.910898 0.007829
3 3 0.026402 0.015711 0.036489 0.913595 0.007803
3 3 0.026643 0.015222 0.033262 0.917012 0.007860
3 3 0.025051 0.013270 0.026818 0.927881 0.006979
3 3 0.024517 0.012759 0.025396 0.930619 0.006708
3 3 0.022993 0.011974 0.024557 0.934458 0.006019
3 3 0.022932 0.012359 0.026633 0.932047 0.006029
3 3 0.022692 0.012447 0.027626 0.931293 0.005942
3 3 0.021715 0.011691 0.025778 0.935319 0.005498
3 3 0.020696 0.010732 0.022930 0.940607 0.005036
3 3 0.019583 0.009617 0.019499 0.946755 0.004546
3 3 0.019532 0.009171 0.017465 0.949339 0.004493
3 3 0.019163 0.008387 0.014579 0.953568 0.004302
3 3 0.018724 0.007651 0.012182 0.957349 0.004094
3 3 0.017825 0.006928 0.010495 0.961011 0.003741
3 3 0.017769 0.006785 0.010035 0.961699 0.003712
3 3 0.018190 0.007007 0.010386 0.960552 0.003865
3 3 0.018677 0.007335 0.011050 0.958886 0.004052
3 3 0.019732 0.008070 0.012574 0.955154 0.004470
3 3 0.020822 0.008816 0.014091 0.951352 0.004919
3 3 0.021837 0.009513 0.015506 0.947790 0.005353
3 3 0.021292 0.009046 0.014387 0.950165 0.005110
3 3 0.019622 0.007904 0.012081 0.955975 0.004418
3 3 0.017642 0.006657 0.009711 0.962329 0.003661
3 3 0.015851 0.005657 0.007985 0.967470 0.003036
3 3 0.015323 0.005373 0.007504 0.968938 0.002862
3 3 0.014922 0.005197 0.007271 0.969875 0.002736
3 3 0.015368 0.005539 0.008039 0.968166 0.002888
3 3 0.015957 0.006035 0.009228 0.965682 0.003097
3 3 0.016467 0.006537 0.010567 0.963142 0.003287
3 3 0.017297 0.007043 0.011555 0.960521 0.003583
3 3 0.017430 0.007009 0.011256 0.960683 0.003622
3 3 0.017718 0.006880 0.010435 0.961264 0.003703
3 3 0.017116 0.006338 0.009121 0.963955 0.003470
3 3 0.016563 0.005867 0.008038 0.966269 0.003264
3 3 0.016064 0.005671 0.007836 0.967329 0.003100
3 3 0.015755 0.005584 0.007827 0.967831 0.003003
3 3 0.016324 0.006023 0.008804 0.965644 0.003205
3 3 0.016852 0.006467 0.009859 0.963423 0.003400
3 3 0.018605 0.007752 0.012726 0.956854 0.004063
3 3 0.020611 0.009505 0.017231 0.947751 0.004903
3 3 0.023628 0.012835 0.027590 0.929597 0.006351
3 3 0.026109 0.017019 0.045093 0.903974 0.007805
3 3 0.029049 0.022240 0.069874 0.869090 0.009746
3 3 0.030036 0.024838 0.085159 0.849411 0.010556
3 3 0.029855 0.024578 0.084015 0.851121 0.010432
3 3 0.029887 0.023857 0.078216 0.857683 0.010357
3 3 0.029942 0.022307 0.066589 0.870968 0.010194
3 3 0.033339 0.024016 0.065087 0.865390 0.012167
3 3 0.034525 0.023812 0.059830 0.869052 0.012781
3 3 0.036352 0.026898 0.072502 0.850003 0.014245
3 3 0.037716 0.033283 0.111069 0.801842 0.016090
3 3 0.030880 0.051448 0.297259 0.598219 0.022194
2 3 0.018649 0.061550 0.590399 0.303214 0.026188
2 3 0.011678 0.059350 0.730877 0.170970 0.027125
2 3 0.008763 0.060507 0.806861 0.096410 0.027459
2 3 0.006824 0.061769 0.867366 0.041311 0.022730
2 3 0.006803 0.069006 0.881185 0.020461 0.022544
2 3 0.008536 0.082947 0.868206 0.013608 0.026703
2 3 0.010969 0.097210 0.846829 0.011812 0.033180
2 3 0.011550 0.102312 0.837589 0.011059 0.037490
2 3 0.009842 0.095364 0.848044 0.011021 0.035730
2 3 0.008336 0.088062 0.860498 0.010778 0.032326
2 2 0.007732 0.085130 0.866721 0.010215 0.030202
2 2 0.008536 0.089279 0.859419 0.010459 0.032307
2 2 0.009528 0.093284 0.853150 0.010782 0.033256
2 2 0.010167 0.093328 0.852754 0.012051 0.031699
2 2 0.009958 0.089385 0.858449 0.013519 0.028690
2 2 0.008939 0.080828 0.870183 0.016030 0.024020
2 2 0.007916 0.074038 0.879010 0.017837 0.021199
2 2 0.007425 0.069281 0.879419 0.022898 0.020976
2 2 0.007541 0.069728 0.877127 0.023856 0.021748
2 2 0.009487 0.080625 0.865014 0.019902 0.024971
2 2 0.015007 0.104971 0.826953 0.017368 0.035702
2 2 0.018085 0.116930 0.804368 0.017059 0.043557
2 2 0.018994 0.120781 0.801858 0.015342 0.043025
2 2 0.019508 0.123243 0.801972 0.013766 0.041511
2 2 0.019373 0.126091 0.799702 0.011992 0.042843
2 2 0.013382 0.107030 0.832314 0.011395 0.035879
2 2 0.010097 0.093540 0.852090 0.011934 0.032340
2 2 0.008812 0.087000 0.862065 0.012300 0.029822
2 2 0.009112 0.087769 0.860722 0.012634 0.029762
2 2 0.009551 0.089512 0.859033 0.012408 0.029496
2 2 0.009346 0.087350 0.860622 0.013576 0.029107
2 2 0.008529 0.082486 0.866852 0.014610 0.027523
2 2 0.007633 0.077182 0.874976 0.015138 0.025071
2 2 0.007130 0.075384 0.880174 0.013728 0.023584
2 2 0.007232 0.076641 0.878263 0.013374 0.024491
2 2 0.007045 0.077502 0.878631 0.011860 0.024963
2 2 0.006934 0.078465 0.878151 0.010818 0.025633
2 2 0.006962 0.079432 0.876994 0.010367 0.026245
2 2 0.007820 0.083122 0.867495 0.012026 0.029537
2 2 0.008884 0.087049 0.857995 0.013766 0.032306
2 2 0.011026 0.095902 0.839081 0.015556 0.038435
2 2 0.014174 0.109170 0.810703 0.016608 0.049346
2 2 0.021095 0.129940 0.748459 0.022564 0.077943
2 2 0.025462 0.137112 0.714434 0.029301 0.093691
2 2 0.030794 0.143419 0.673708 0.039066 0.113013
2 2 0.029744 0.143709 0.690383 0.033402 0.102761
2 2 0.031238 0.146779 0.688513 0.032283 0.101188
2 2 0.028432 0.143675 0.709347 0.027444 0.091103
2 2 0.036428 0.150825 0.647726 0.043248 0.121772
2 2 0.043504 0.154726 0.596605 0.058336 0.146830
2 2 0.062047 0.162264 0.499303 0.087531 0.188854
2 2 0.080372 0.164907 0.423865 0.112299 0.218557
2 2 0.094929 0.164014 0.371096 0.131689 0.238272
2 2 0.089417 0.167376 0.400993 0.117503 0.224711
2 2 0.065371 0.170018 0.516703 0.074420 0.173488
2 2 0.049895 0.165094 0.597015 0.050785 0.137212
2 2 0.034320 0.152555 0.683043 0.030796 0.099286
2 2 0.033043 0.150625 0.687758 0.030397 0.098178
2 2 0.033089 0.151145 0.690218 0.029356 0.096191
2 2 0.049862 0.166414 0.604100 0.047532 0.132093
2 2 0.065839 0.172693 0.526391 0.068830 0.166247
2 2 0.088114 0.169552 0.413856 0.110644 0.217834
2 2 0.103556 0.157053 0.323745 0.156570 0.259076
4 2 0.115068 0.144960 0.261588 0.194145 0.284240
4 2 0.121579 0.144506 0.249440 0.198087 0.286388
4 2 0.118514 0.150431 0.271987 0.182099 0.276968
2 2 0.113769 0.165468 0.328340 0.143279 0.249144
2 2 0.101991 0.174221 0.387601 0.113896 0.222291
2 2 0.093977 0.174672 0.413669 0.105019 0.212663
2 2 0.110262 0.166276 0.338919 0.139025 0.245518
2 2 0.099270 0.186062 0.438826 0.085034 0.190808
2 2 0.118192 0.183804 0.378137 0.105328 0.214539
2 2 0.134149 0.193061 0.371841 0.095950 0.204999
4 2 0.187784 0.165233 0.253341 0.129871 0.263772
2 2 0.114704 0.180482 0.375610 0.110026 0.219178
2 2 0.122804 0.179096 0.352400 0.118228 0.227472
2 2 0.129408 0.157857 0.277015 0.167247 0.268473
2 1 0.167737 0.165236 0.265757 0.137968 0.263303
2 1 0.157982 0.177215 0.303451 0.119960 0.241393
4 1 0.194998 0.145555 0.205775 0.159552 0.294120
4 1 0.205321 0.141878 0.193746 0.160350 0.298706
4 1 0.195293 0.142582 0.199350 0.164409 0.298366
4 1 0.207082 0.141746 0.192782 0.159649 0.298741
4 1 0.282981 0.134208 0.155989 0.132242 0.294579
0 0 0.319996 0.129527 0.140673 0.120470 0.289334
0 0 0.275962 0.171434 0.228431 0.086098 0.238075
0 0 0.290489 0.186579 0.255052 0.062676 0.205204
0 0 0.363658 0.176270 0.213856 0.051105 0.195111
0 0 0.343249 0.172480 0.211402 0.061384 0.211485
2 0 0.248077 0.189651 0.278879 0.072002 0.211391
0 0 0.315084 0.155000 0.185651 0.091317 0.252949
0 0 0.432936 0.112600 0.101185 0.089137 0.264142
0 0 0.481322 0.104446 0.086853 0.077402 0.249976
0 0 0.449872 0.109797 0.096016 0.084928 0.259387
0 0 0.455187 0.108906 0.094429 0.083630 0.257848
0 0 0.459467 0.108184 0.093162 0.082592 0.256594
0 0 0.429509 0.113160 0.102252 0.090002 0.265077
0 0 0.462295 0.107706 0.092331 0.081911 0.255757
0 0 0.641138 0.074883 0.047760 0.044280 0.191940
0 0 0.794739 0.043697 0.020184 0.019636 0.121744
0 0 0.853239 0.031293 0.012153 0.012133 0.091182
0 0 0.822755 0.039693 0.017392 0.015103 0.105057
0 0 0.724763 0.070643 0.042286 0.023382 0.138926
0 0 0.603275 0.102262 0.077790 0.037535 0.179138
0 0 0.485919 0.135438 0.128162 0.049000 0.201482
0 0 0.428805 0.149218 0.155490 0.055721 0.210767
0 0 0.390659 0.160912 0.180757 0.057417 0.210254
0 0 0.367186 0.165823 0.193835 0.060337 0.212819
0 0 0.311124 0.173976 0.222672 0.070512 0.221716
0 0 0.307490 0.176168 0.228079 0.069230 0.219033
0 0 0.349794 0.160104 0.187151 0.072309 0.230643
0 0 0.407782 0.136194 0.137893 0.075533 0.242598
0 0 0.436165 0.123300 0.115657 0.077277 0.247601
0 0 0.403475 0.123783 0.119864 0.089925 0.262952
0 0 0.418151 0.114998 0.105840 0.092905 0.268106
0 0 0.452802 0.109307 0.095139 0.084211 0.258541
0 0 0.489424 0.103039 0.084580 0.075521 0.247435
0 0 0.550274 0.092130 0.068558 0.062118 0.226921
0 0 0.651745 0.072805 0.045557 0.042358 0.187535
0 0 0.727111 0.057701 0.031188 0.029638 0.154363
0 0 0.791140 0.044452 0.020724 0.020133 0.123551
0 0 0.825443 0.037217 0.015790 0.015557 0.105993
0 0 0.811481 0.040172 0.017740 0.017375 0.113232
0 0 0.727502 0.057621 0.031119 0.029576 0.154182
0 0 0.577503 0.087072 0.061952 0.056509 0.216964
0 0 0.413628 0.115722 0.107292 0.094077 0.269282
0 0 0.344771 0.126120 0.131161 0.113053 0.284896
4 0 0.275473 0.135089 0.159278 0.134742 0.295418
4 0 0.188149 0.143032 0.203471 0.167375 0.297972
4 0 0.125016 0.144521 0.246013 0.197024 0.287425
4 0 0.125947 0.144542 0.245283 0.196531 0.287698
4 0 0.150201 0.144559 0.227502 0.184345 0.293393
4 1 0.162377 0.144247 0.219355 0.178655 0.295366
4 1 0.173530 0.143806 0.212273 0.173655 0.296737
4 1 0.173430 0.143810 0.212334 0.173699 0.296726
4 1 0.194943 0.142605 0.199549 0.164553 0.298350
4 1 0.171981 0.143875 0.213236 0.174338 0.296570
4 1 0.172985 0.143830 0.212611 0.173895 0.296679
4 1 0.187235 0.143086 0.204007 0.167759 0.297912
4 1 0.230340 0.139796 0.180584 0.150700 0.298581
4 1 0.206003 0.141827 0.193372 0.160078 0.298721
4 1 0.219112 0.140784 0.186355 0.154951 0.298799
4 1 0.238967 0.138983 0.176287 0.147516 0.298247
4 1 0.240628 0.138821 0.175473 0.146910 0.298167
4 1 0.191205 0.142845 0.201695 0.166099 0.298157
4 1 0.162757 0.144234 0.219108 0.178482 0.295419
4 1 0.132994 0.156147 0.269292 0.169326 0.272240
2 1 0.111344 0.181870 0.388797 0.104563 0.213425
2 1 0.053433 0.170102 0.594890 0.048002 0.133573
2 1 0.031741 0.149039 0.695339 0.028917 0.094964
2 1 0.023101 0.135603 0.745647 0.020546 0.075103
2 1 0.018434 0.126426 0.778110 0.015380 0.061650
2 1 0.017618 0.124761 0.785111 0.014154 0.058355
2 1 0.017002 0.123504 0.790777 0.013139 0.055577
2 2 0.016987 0.123533 0.791310 0.012987 0.055183
2 2 0.016386 0.122012 0.795317 0.012520 0.053764
2 2 0.016112 0.121205 0.796555 0.012503 0.053625
2 2 0.015589 0.119821 0.800106 0.012100 0.052384
2 2 0.014557 0.116877 0.806628 0.011505 0.050433
2 2 0.013464 0.113672 0.814371 0.010684 0.047809
2 2 0.012485 0.110652 0.821718 0.009894 0.045251
2 2 0.011941 0.109033 0.826780 0.009191 0.043055
2 2 0.012292 0.110324 0.825028 0.009184 0.043172
2 2 0.011969 0.108169 0.829914 0.009170 0.040778
2 2 0.010956 0.102962 0.840865 0.008878 0.036339
2 2 0.008929 0.092914 0.859213 0.008409 0.030534
2 2 0.008109 0.087971 0.866678 0.008683 0.028561
2 2 0.008956 0.091472 0.858520 0.009723 0.031330
2 2 0.011384 0.101506 0.839150 0.011033 0.036928
2 2 0.013727 0.111153 0.822854 0.011063 0.041203
2 2 0.014369 0.114229 0.819996 0.010319 0.041087
2 2 0.013160 0.110502 0.828475 0.009490 0.038373
2 2 0.010339 0.098494 0.850218 0.008875 0.032074
2 2 0.007608 0.084483 0.873473 0.008538 0.025899
2 2 0.005941 0.073607 0.890719 0.008628 0.021106
2 2 0.005645 0.070195 0.894484 0.009669 0.020007
2 2 0.005699 0.069214 0.894097 0.010930 0.020060
2 2 0.005960 0.069470 0.890162 0.013013 0.021395
2 2 0.005781 0.067046 0.891358 0.014817 0.020998
2 2 0.005942 0.066674 0.888552 0.017159 0.021674
2 2 0.006049 0.066566 0.889222 0.017322 0.020841
2 2 0.006362 0.068166 0.887242 0.017162 0.021067
2 2 0.006357 0.067570 0.887177 0.017974 0.020922
2 2 0.006077 0.065725 0.890056 0.018128 0.020014
2 2 0.006030 0.064637 0.892693 0.018066 0.018575
2 2 0.006185 0.065776 0.892400 0.017148 0.018492
2 2 0.006416 0.066523 0.889169 0.018534 0.019359
2 2 0.006124 0.063964 0.888981 0.021388 0.019543
2 2 0.005790 0.060481 0.889247 0.025505 0.018977
2 2 0.005649 0.058509 0.888279 0.028903 0.018660
2 2 0.006118 0.058020 0.876311 0.039699 0.019853
2 2 0.007163 0.058915 0.850639 0.060565 0.022718
2 2 0.008447 0.058756 0.808387 0.098469 0.025941
2 2 0.009324 0.057206 0.766561 0.139457 0.027452
2 2 0.010156 0.057878 0.753308 0.151561 0.027097
2 3 0.010807 0.058397 0.743210 0.160676 0.026910
2 3 0.011703 0.059639 0.731238 0.169929 0.027490
2 3 0.012202 0.058936 0.716728 0.186061 0.026074
2 3 0.013555 0.059078 0.685125 0.216995 0.025247
2 3 0.014832 0.059200 0.655613 0.245611 0.024745
2 3 0.017947 0.060702 0.594850 0.300934 0.025567
2 3 0.020912 0.065718 0.571506 0.311315 0.030549
2 3 0.031759 0.074161 0.469249 0.384193 0.040637
2 3 0.056580 0.103796 0.457346 0.318872 0.063406
2 3 0.080322 0.125590 0.436654 0.273046 0.084388
2 3 0.054198 0.140782 0.641073 0.093907 0.070040
2 3 0.032478 0.120588 0.723429 0.068467 0.055038
2 3 0.019446 0.098382 0.774463 0.061959 0.045750
2 3 0.011685 0.073512 0.809125 0.073671 0.032007
2 3 0.008967 0.062068 0.817231 0.085450 0.026283
2 3 0.008721 0.058316 0.798623 0.108417 0.025923
2 3 0.009842 0.058641 0.760479 0.142331 0.028708
2 3 0.010778 0.060221 0.748055 0.151366 0.029580
2 3 0.013096 0.063113 0.717116 0.175906 0.030769
2 3 0.014221 0.063645 0.697756 0.193966 0.030413
2 3 0.016861 0.063566 0.638007 0.252659 0.028908
2 3 0.016665 0.062049 0.632319 0.261720 0.027246
2 3 0.018743 0.059516 0.567052 0.330258 0.024431
2 3 0.019485 0.058897 0.550640 0.347259 0.023719
2 3 0.023683 0.056807 0.454346 0.442541 0.022623
3 3 0.026895 0.057440 0.409642 0.482051 0.023972
3 3 0.031322 0.054572 0.326558 0.563843 0.023705
3 3 0.032868 0.051285 0.281493 0.611927 0.022426
3 3 0.034599 0.044478 0.212324 0.689221 0.019378
3 3 0.034911 0.038252 0.163728 0.746648 0.016460
3 3 0.033979 0.035383 0.147968 0.767784 0.014887
3 3 0.033685 0.034780 0.144225 0.772669 0.014642
3 3 0.034452 0.032662 0.125095 0.793718 0.014074
3 3 0.035279 0.031007 0.106478 0.812967 0.014269
3 3 0.033094 0.025505 0.075976 0.853188 0.012237
3 3 0.032819 0.023351 0.062701 0.869328 0.011802
3 3 0.030961 0.020540 0.051522 0.886485 0.010492
3 3 0.032361 0.022737 0.060417 0.873003 0.011482
3 3 0.035614 0.028444 0.085750 0.836135 0.014057
3 3 0.038787 0.044963 0.186495 0.708232 0.021523
3 3 0.032682 0.059168 0.349247 0.531542 0.027362
2 3 0.023566 0.064217 0.520071 0.363372 0.028773
2 3 0.018772 0.062774 0.598683 0.292413 0.027357
2 3 0.016999 0.062607 0.633575 0.259212 0.027606
2 3 0.019316 0.065672 0.607055 0.277498 0.030459
2 3 0.027772 0.068241 0.473860 0.396064 0.034062
3 3 0.037931 0.064756 0.321088 0.540520 0.035706
3 3 0.045018 0.050598 0.177395 0.697525 0.029465
3 3 0.045820 0.042656 0.130422 0.756309 0.024792
3 3 0.040031 0.033972 0.104648 0.803725 0.017624
3 3 0.037411 0.032867 0.109548 0.804348 0.015826
3 3 0.038136 0.033719 0.112220 0.799513 0.016412
3 3 0.046499 0.046469 0.157934 0.723570 0.025529
3 3 0.052111 0.062731 0.228571 0.618071 0.038517
2 3 0.055988 0.097991 0.396439 0.370738 0.078845
2 3 0.043722 0.122242 0.617495 0.137223 0.079319
2 3 0.054656 0.148552 0.570348 0.100464 0.125981
2 3 0.066588 0.149696 0.522510 0.129780 0.131425
2 3 0.033058 0.103438 0.640491 0.159475 0.063537
2 3 0.017372 0.083115 0.741096 0.114083 0.044333
2 3 0.012126 0.065460 0.750754 0.139183 0.032477
2 3 0.010792 0.061759 0.750913 0.144604 0.031932
2 3 0.009785 0.057854 0.759788 0.144938 0.027635
2 3 0.008583 0.057734 0.785774 0.119403 0.028506
2 3 0.007764 0.060088 0.830421 0.075322 0.026406
2 3 0.007105 0.061036 0.852924 0.053918 0.025017
2 3 0.006878 0.061612 0.861916 0.045514 0.024079
2 3 0.006733 0.062540 0.870715 0.037236 0.022776
2 3 0.007750 0.067179 0.863129 0.037227 0.024716
2 3 0.009410 0.074747 0.853313 0.035046 0.027484
2 3 0.010511 0.079141 0.850945 0.032086 0.027318
2 3 0.012682 0.089166 0.839391 0.027804 0.030958
2 3 0.011660 0.085972 0.844202 0.027811 0.030354
2 3 0.010865 0.083376 0.843672 0.030062 0.032025
2 3 0.009440 0.076891 0.852718 0.031755 0.029196
2 3 0.010666 0.082968 0.843604 0.030184 0.032578
2 3 0.014087 0.096768 0.823166 0.027393 0.038586
2 3 0.025721 0.130042 0.761113 0.026633 0.056491
2 3 0.050344 0.173035 0.657941 0.029502 0.089177
2 3 0.055945 0.184747 0.645268 0.024203 0.089836
2 3 0.047901 0.178509 0.679033 0.018645 0.075911
2 3 0.034395 0.160983 0.727022 0.014434 0.063166
2 3 0.023471 0.138853 0.769361 0.013320 0.054995
2 3 0.014085 0.111511 0.824187 0.010953 0.039264
2 3 0.011646 0.101687 0.842248 0.010480 0.033940
2 3 0.011363 0.100527 0.845437 0.010106 0.032567
2 3 0.015018 0.112257 0.818526 0.013057 0.041142
2 3 0.020728 0.127435 0.781602 0.016875 0.053360
2 3 0.032593 0.149856 0.718924 0.024140 0.074488
2 3 0.047796 0.171031 0.657898 0.029522 0.093752
2 3 0.073318 0.190653 0.564600 0.043045 0.128384
2 3 0.053877 0.179923 0.638720 0.028607 0.098874
2 3 0.040672 0.165301 0.681848 0.024377 0.087802
2 3 0.021387 0.127277 0.776432 0.019239 0.055666
2 3 0.012308 0.096550 0.835772 0.018709 0.036660
2 3 0.007159 0.071761 0.879213 0.018716 0.023152
2 3 0.006408 0.066560 0.884771 0.020823 0.021438
2 3 0.006571 0.065205 0.879268 0.026586 0.022370
2 3 0.006221 0.062714 0.881823 0.027930 0.021311
2 3 0.006380 0.061751 0.877436 0.032972 0.021460
2 3 0.005766 0.058345 0.886602 0.030733 0.018554
2 3 0.006678 0.060996 0.873381 0.038199 0.020747
2 2 0.007702 0.064454 0.858910 0.045096 0.023837
2 2 0.012244 0.081896 0.813820 0.053638 0.038402
2 2 0.022448 0.110432 0.748714 0.057101 0.061305
2 2 0.075140 0.166066 0.470278 0.102237 0.186279
2 2 0.181992 0.179025 0.296786 0.103671 0.238526
0 2 0.279866 0.169244 0.222700 0.087433 0.240757
2 2 0.241816 0.202396 0.312165 0.057275 0.186348
2 2 0.144256 0.219031 0.444472 0.047245 0.144996
2 2 0.061889 0.189785 0.627024 0.026263 0.095039
2 2 0.033705 0.157165 0.715919 0.018952 0.074258
2 2 0.017028 0.118860 0.802504 0.014342 0.047266
2 2 0.014667 0.110972 0.816034 0.014323 0.044004
2 2 0.020907 0.128808 0.770148 0.018605 0.061532
2 2 0.037693 0.159409 0.682227 0.027336 0.093334
2 2 0.084710 0.193780 0.523145 0.052798 0.145568
2 2 0.179134 0.202868 0.355119 0.071285 0.191594
2 2 0.258539 0.189496 0.273868 0.068990 0.209105
0 2 0.422765 0.160606 0.175020 0.047543 0.194066
0 0 0.663027 0.100319 0.073547 0.022956 0.140151
0 0 0.836988 0.045478 0.021302 0.010112 0.086120
0 0 0.881122 0.029900 0.011358 0.007499 0.070121
0 0 0.839008 0.039792 0.017426 0.011753 0.092021
0 1 0.728225 0.071115 0.042666 0.022310 0.135683
0 1 0.671917 0.075019 0.047217 0.034953 0.170893
0 0 0.643953 0.074332 0.047171 0.043767 0.190777
0 0 0.425793 0.113764 0.103417 0.090946 0.266079
4 0 0.274820 0.146385 0.179940 0.119577 0.279278
4 1 0.230145 0.139814 0.180682 0.150773 0.298587
4 1 0.211772 0.141383 0.190245 0.157799 0.298801
4 1 0.164604 0.144170 0.217913 0.177641 0.295672
4 1 0.162978 0.144227 0.218964 0.178380 0.295450
4 1 0.191778 0.142809 0.201364 0.165861 0.298189
4 4 0.192823 0.142742 0.200762 0.165427 0.298245
4 4 0.191559 0.142823 0.201490 0.165951 0.298176
4 4 0.225083 0.140269 0.183259 0.152674 0.298714
0 4 0.295889 0.132637 0.150485 0.128036 0.292952
0 4 0.325434 0.128797 0.138538 0.118812 0.288419
0 4 0.324235 0.128959 0.139006 0.119176 0.288624
0 4 0.323350 0.129078 0.139353 0.119446 0.288774
0 4 0.327385 0.128532 0.137778 0.118222 0.288083
0 4 0.301181 0.131973 0.148281 0.126344 0.292221
4 4 0.256367 0.137213 0.167957 0.141293 0.297170
4 4 0.233894 0.139466 0.178800 0.149380 0.298460
4 4 0.233001 0.139550 0.179246 0.149710 0.298493
0 4 0.306424 0.131305 0.146125 0.124685 0.291461
0 4 0.390492 0.119351 0.114929 0.100205 0.275023
0 4 0.461901 0.107772 0.092447 0.082006 0.255874
0 4 0.446662 0.110333 0.096983 0.085717 0.260305
0 4 0.402071 0.117551 0.111061 0.097109 0.272208
0 4 0.338783 0.126961 0.133410 0.114814 0.286031
0 4 0.372040 0.122152 0.121288 0.105267 0.279254
0 4 0.369144 0.122583 0.122308 0.106076 0.279888
0 4 0.374967 0.121713 0.120262 0.104453 0.278604
0 4 0.401628 0.117620 0.111208 0.097226 0.272318
0 4 0.434290 0.112378 0.100766 0.088796 0.263770
0 4 0.331154 0.128017 0.136321 0.117087 0.287421
4 4 0.270749 0.135631 0.161381 0.136336 0.295903
4 4 0.271403 0.135556 0.161088 0.136114 0.295838
0 4 0.309143 0.130954 0.145018 0.123832 0.291053
4 4 0.274719 0.135176 0.159612 0.134995 0.295497
4 4 0.246353 0.138252 0.172699 0.144843 0.297854
4 4 0.243042 0.138583 0.174298 0.146035 0.298042
4 4 0.243401 0.138548 0.174123 0.145905 0.298023
4 4 0.198716 0.142351 0.197414 0.163010 0.298509
4 4 0.176024 0.143689 0.210734 0.172563 0.296991
4 4 0.155677 0.144442 0.223781 0.181754 0.294346
4 4 0.150881 0.144547 0.227035 0.184020 0.293517
4 4 0.168661 0.144015 0.215323 0.175815 0.296187
4 4 0.216349 0.141014 0.187808 0.156016 0.298813
4 4 0.271486 0.135547 0.161051 0.136086 0.295829
4 4 0.281098 0.134432 0.156808 0.132866 0.294797
0 4 0.298663 0.132290 0.149326 0.127147 0.292574
0 4 0.331234 0.128006 0.136290 0.117063 0.287406
0 4 0.351474 0.125164 0.128678 0.111104 0.283580
0 4 0.325312 0.128813 0.138585 0.118850 0.288440
0 4 0.294668 0.132789 0.150998 0.128429 0.293116
4 4 0.267425 0.136005 0.162878 0.137468 0.296225
4 4 0.222543 0.140491 0.184569 0.153639 0.298759
4 4 0.187000 0.143100 0.204145 0.167858 0.297896
4 4 0.158708 0.144360 0.221762 0.180343 0.294827
4 4 0.135406 0.144662 0.238075 0.191630 0.290228
4 4 0.122272 0.144450 0.248190 0.198492 0.286596
2 4 0.129137 0.164285 0.294624 0.154145 0.257809
2 4 0.097512 0.181733 0.428548 0.092661 0.199546
2 4 0.063535 0.173983 0.545783 0.061275 0.155424
2 4 0.061184 0.167462 0.529277 0.072212 0.169865
2 4 0.062050 0.158230 0.480084 0.098496 0.201140
2 4 0.063923 0.149384 0.428700 0.127661 0.230331
2 4 0.065790 0.146649 0.407318 0.139338 0.240905
2 4 0.063465 0.152419 0.445083 0.117885 0.221148
2 4 0.056302 0.158281 0.515237 0.085246 0.184934
2 4 0.047924 0.158473 0.578210 0.062090 0.153303
2 4 0.038004 0.153147 0.643549 0.043179 0.122121
2 2 0.028794 0.143298 0.701654 0.030035 0.096219
2 2 0.025479 0.138829 0.725263 0.025053 0.085377
2 2 0.025302 0.138729 0.727565 0.024406 0.083999
2 2 0.024085 0.137275 0.738940 0.021723 0.077976
2 2 0.021733 0.133751 0.758886 0.017604 0.068027
2 2 0.019760 0.130047 0.773669 0.015102 0.061421
2 2 0.017594 0.124994 0.787112 0.013528 0.056772
2 2 0.017176 0.123844 0.789046 0.013465 0.056469
2 2 0.016127 0.121316 0.796903 0.012370 0.053283
2 2 0.017267 0.124416 0.790631 0.012826 0.054861
2 2 0.017101 0.124446 0.794450 0.011826 0.052177
2 2 0.018315 0.127192 0.785411 0.013118 0.055963
2 2 0.017358 0.124342 0.788180 0.013500 0.056620
2 2 0.018161 0.125435 0.777570 0.015940 0.062894
2 2 0.018045 0.124584 0.774496 0.017162 0.065713
2 2 0.024449 0.137101 0.731582 0.023996 0.082872
2 3 0.041753 0.161888 0.653161 0.034733 0.108464
2 3 0.090321 0.195429 0.506323 0.056360 0.151568
2 3 0.115207 0.209897 0.473254 0.053222 0.148420
2 3 0.105027 0.210977 0.509097 0.043334 0.131566
2 3 0.078285 0.200259 0.578305 0.032874 0.110277
2 3 0.052020 0.179549 0.651051 0.025426 0.091954
2 3 0.030367 0.150904 0.724333 0.019533 0.074864
2 3 0.019544 0.129872 0.776876 0.014313 0.059395
2 3 0.015784 0.120276 0.798350 0.012387 0.053203
2 3 0.013800 0.114733 0.812313 0.010827 0.048327
2 3 0.013047 0.111265 0.818772 0.010904 0.046012
2 3 0.011194 0.102645 0.834833 0.010880 0.040448
2 3 0.009136 0.091576 0.853354 0.011418 0.034517
2 3 0.007018 0.079510 0.875619 0.010880 0.026974
2 3 0.005674 0.069935 0.891476 0.011157 0.021759
2 3 0.004991 0.064666 0.899628 0.011451 0.019264
2 3 0.005048 0.063450 0.898760 0.013423 0.019319
2 3 0.005232 0.064440 0.897039 0.013626 0.019663
2 3 0.005716 0.065441 0.890346 0.017171 0.021327
2 3 0.006243 0.066002 0.882665 0.022205 0.022885
2 3 0.006959 0.066161 0.871323 0.031080 0.024478
2 3 0.007426 0.066039 0.865610 0.036592 0.024334
2 3 0.007488 0.064225 0.863672 0.041556 0.023059
2 3 0.007268 0.062099 0.861603 0.046353 0.022677
2 3 0.007094 0.060212 0.862051 0.049232 0.021411
2 3 0.009949 0.070435 0.829595 0.060603 0.029418
2 3 0.017253 0.083798 0.760137 0.099179 0.039634
2 3 0.031355 0.088227 0.578550 0.244114 0.057754
2 3 0.018300 0.071845 0.669159 0.202061 0.038636
2 3 0.018494 0.060819 0.586180 0.308957 0.025550
2 3 0.024089 0.059122 0.463685 0.428381 0.024723
3 3 0.029943 0.043554 0.240999 0.668172 0.017332
3 3 0.033405 0.036586 0.159004 0.755681 0.015324
3 3 0.033231 0.029641 0.106879 0.817339 0.012910
3 3 0.031451 0.025863 0.086087 0.845182 0.011417
3 3 0.030201 0.023463 0.073810 0.862061 0.010466
3 3 0.030764 0.024162 0.076451 0.857783 0.010839
3 3 0.031410 0.025225 0.081411 0.850643 0.011310
3 3 0.033993 0.029355 0.100347 0.823018 0.013286
3 3 0.034557 0.030879 0.109453 0.811273 0.013839
3 3 0.034527 0.033231 0.125433 0.792061 0.014748
3 3 0.034042 0.032747 0.125195 0.793741 0.014276
3 3 0.033252 0.029638 0.106728 0.817460 0.012921
3 3 0.032405 0.025955 0.082229 0.847480 0.011931
3 3 0.029017 0.019363 0.050464 0.891757 0.009399
3 3 0.025893 0.014482 0.031121 0.921047 0.007457
3 3 0.022445 0.010713 0.019633 0.941517 0.005692
3 3 0.020428 0.008948 0.015138 0.950697 0.004790
3 3 0.019546 0.008373 0.013993 0.953656 0.004432
3 3 0.019755 0.008563 0.014485 0.952677 0.004520
3 3 0.020466 0.009207 0.016163 0.949339 0.004825
3 3 0.021244 0.010019 0.018502 0.945056 0.005178
3 3 0.022449 0.011196 0.021835 0.938783 0.005737
3 3 0.023550 0.012014 0.023677 0.934514 0.006244
3 3 0.024043 0.012104 0.023195 0.934207 0.006451
3 3 0.023099 0.010891 0.019365 0.940684 0.005962
3 3 0.021758 0.009585 0.015897 0.947430 0.005330
3 3 0.020098 0.008212 0.012675 0.954405 0.004609
3 3 0.019114 0.007460 0.011028 0.958190 0.004208
3 3 0.018467 0.007179 0.010711 0.959673 0.003970
3 3 0.018739 0.007581 0.011896 0.957691 0.004093
3 3 0.020251 0.008892 0.015151 0.950984 0.004722
3 3 0.021930 0.010182 0.018133 0.944307 0.005448
3 3 0.023487 0.011276 0.020418 0.938669 0.006150
3 3 0.023447 0.010995 0.019272 0.940179 0.006108
3 3 0.023164 0.010480 0.017554 0.942853 0.005949
3 3 0.021378 0.009102 0.014496 0.949878 0.005146
3 3 0.019612 0.007846 0.011877 0.956255 0.004410
3 3 0.017701 0.006704 0.009816 0.962096 0.003684
3 3 0.017141 0.006414 0.009364 0.963597 0.003484
3 3 0.017185 0.006569 0.009873 0.962862 0.003511
3 3 0.018125 0.007330 0.011667 0.959009 0.003870
3 3 0.019048 0.008099 0.013546 0.955068 0.004239
3 3 0.021398 0.009690 0.016838 0.946868 0.005206
3 3 0.022107 0.010073 0.017405 0.944910 0.005505
3 3 0.023277 0.010518 0.017548 0.942661 0.005996
3 3 0.021482 0.009214 0.014797 0.949313 0.005194
3 3 0.020717 0.008534 0.013146 0.952746 0.004856
3 3 0.019303 0.007571 0.011220 0.957626 0.004281
3 3 0.018934 0.007371 0.010899 0.958656 0.004140
3 3 0.018220 0.007004 0.010346 0.960555 0.003875
3 3 0.018085 0.006845 0.009921 0.961332 0.003818
3 3 0.017073 0.006181 0.008621 0.964680 0.003445
3 3 0.016443 0.005653 0.007446 0.967248 0.003210
3 3 0.015759 0.005192 0.006553 0.969523 0.002972
3 3 0.015501 0.005037 0.006276 0.970301 0.002886
3 3 0.016200 0.005540 0.007287 0.967844 0.003129
3 3 0.016874 0.006229 0.008978 0.964532 0.003387
3 3 0.018443 0.007572 0.012221 0.957769 0.003994
3 3 0.018750 0.008115 0.014016 0.954978 0.004140
3 3 0.019671 0.008742 0.015350 0.951730 0.004506
3 3 0.019626 0.008585 0.014752 0.952559 0.004477
3 3 0.020305 0.008771 0.014588 0.951605 0.004731
3 3 0.020634 0.008829 0.014384 0.951300 0.004853
3 3 0.021387 0.009216 0.014925 0.949313 0.005160
3 3 0.021036 0.009075 0.014832 0.950038 0.005019
3 3 0.020669 0.008768 0.014098 0.951605 0.004860
3 3 0.018753 0.007414 0.011254 0.958495 0.004084
3 3 0.017032 0.006191 0.008695 0.964649 0.003433
3 3 0.015332 0.005194 0.006905 0.969718 0.002851
3 3 0.014738 0.004796 0.006123 0.971689 0.002654
3 3 0.014763 0.004820 0.006176 0.971579 0.002662
3 3 0.015828 0.005451 0.007316 0.968392 0.003013
3 3 0.018922 0.007667 0.012005 0.957245 0.004161
3 3 0.026379 0.013967 0.027559 0.924478 0.007617
3 3 0.047921 0.034621 0.085166 0.811029 0.021264
3 3 0.169675 0.103659 0.225209 0.423429 0.078028
2 3 0.307559 0.178164 0.325731 0.078174 0.110371
0 3 0.329751 0.204837 0.321565 0.030254 0.113593
2 3 0.242582 0.227114 0.376516 0.027538 0.126250
2 3 0.097711 0.208174 0.537344 0.036013 0.120758
2 3 0.053402 0.175133 0.619765 0.036931 0.114768
2 3 0.037172 0.154259 0.659294 0.037319 0.111957
2 3 0.036658 0.150028 0.640329 0.046277 0.126708
2 2 0.049795 0.156995 0.555192 0.071554 0.166464
2 2 0.060731 0.154987 0.472037 0.104761 0.207484
2 2 0.068606 0.145726 0.390743 0.147087 0.247837
2 2 0.077508 0.144108 0.350056 0.165214 0.263115
2 2 0.088279 0.145113 0.320856 0.174755 0.270998
2 2 0.093642 0.145349 0.307606 0.179096 0.274307
2 2 0.090751 0.145241 0.314651 0.176787 0.272570
2 2 0.107006 0.150597 0.294648 0.175308 0.272441
2 2 0.126964 0.157228 0.277607 0.169490 0.268711
4 2 0.125861 0.153981 0.269972 0.176706 0.273480
4 2 0.124072 0.149060 0.258611 0.187841 0.280416
4 2 0.111631 0.145169 0.268591 0.191657 0.282953
4 2 0.169527 0.143980 0.214775 0.175428 0.296290
4 2 0.229848 0.139841 0.180832 0.150883 0.298596
4 2 0.242577 0.138629 0.174523 0.146203 0.298067
4 2 0.239312 0.138949 0.176118 0.147389 0.298231
4 2 0.245924 0.138295 0.172905 0.144996 0.297879
4 2 0.239394 0.138941 0.176078 0.147360 0.298227
4 2 0.166440 0.144102 0.216735 0.176811 0.295911
4 2 0.129836 0.144610 0.242273 0.194491 0.288790
4 2 0.122272 0.144450 0.248190 0.198492 0.286596
4 2 0.107367 0.145313 0.276983 0.189124 0.281213
2 2 0.067326 0.156189 0.443055 0.114644 0.218785
2 2 0.041558 0.152262 0.601272 0.058462 0.146446
2 2 0.029800 0.143139 0.685987 0.035156 0.105918
2 2 0.025357 0.137731 0.720242 0.027152 0.089518
2 2 0.022299 0.133091 0.744114 0.022173 0.078323
2 2 0.022012 0.132901 0.748256 0.021035 0.075796
2 2 0.024054 0.136865 0.736887 0.022524 0.079671
2 2 0.030246 0.146945 0.703156 0.027633 0.092021
2 2 0.043561 0.163411 0.643742 0.036756 0.112530
2 2 0.074887 0.185484 0.534796 0.055785 0.149048
2 2 0.147117 0.197776 0.373177 0.084076 0.197853
2 2 0.182490 0.195670 0.332818 0.081904 0.207119
2 2 0.161038 0.202182 0.369641 0.075671 0.191468
2 2 0.133673 0.205359 0.410759 0.072898 0.177311
2 2 0.081071 0.192945 0.536029 0.049686 0.140270
2 2 0.058344 0.172938 0.573850 0.052826 0.142041
2 2 0.040920 0.157288 0.636281 0.042959 0.122553
2 2 0.043786 0.159142 0.618520 0.047662 0.130889
2 2 0.062329 0.177138 0.567827 0.051706 0.140999
2 2 0.166646 0.186354 0.320571 0.101353 0.225077
2 2 0.185279 0.189966 0.315751 0.090259 0.218744
2 2 0.152947 0.197733 0.364843 0.084623 0.199854
2 2 0.136076 0.205370 0.407615 0.072787 0.178151
2 2 0.109718 0.204394 0.471126 0.058530 0.156232
2 2 0.076173 0.193654 0.562397 0.041591 0.126185
2 2 0.047924 0.173431 0.655396 0.027528 0.095721
2 2 0.037693 0.161457 0.693071 0.023171 0.084607
2 2 0.030787 0.150763 0.717964 0.021374 0.079112
2 2 0.035450 0.157429 0.696826 0.024123 0.086171
2 2 0.061855 0.185418 0.608405 0.033899 0.110422
2 2 0.115991 0.212352 0.479105 0.049705 0.142847
2 2 0.133665 0.217196 0.450161 0.051548 0.147430
2 2 0.107903 0.209996 0.496179 0.047356 0.138567
2 2 0.079882 0.194582 0.548145 0.044984 0.132407
2 2 0.053776 0.175376 0.618120 0.037275 0.115453
2 2 0.037285 0.158306 0.680749 0.028362 0.095298
2 2 0.030030 0.149377 0.720338 0.021361 0.078894
2 2 0.034921 0.157182 0.701659 0.022872 0.083365
2 2 0.058961 0.181932 0.611828 0.035064 0.112215
2 2 0.119609 0.206278 0.466979 0.052941 0.154194
2 2 0.237104 0.206543 0.325028 0.053151 0.178175
0 2 0.373653 0.179688 0.218131 0.044902 0.183627
0 2 0.510099 0.139910 0.132468 0.038296 0.179228
0 2 0.326080 0.196384 0.264238 0.041907 0.171391
2 2 0.195045 0.217526 0.383319 0.046804 0.157305
2 2 0.107024 0.214511 0.514469 0.039370 0.124626
2 2 0.058150 0.184181 0.627445 0.029312 0.100913
2 2 0.023787 0.139906 0.759741 0.014777 0.061788
2 2 0.022036 0.136537 0.770051 0.013452 0.057924
2 2 0.020001 0.132131 0.781481 0.012236 0.054151
2 2 0.016604 0.123405 0.799012 0.011054 0.049926
2 2 0.013136 0.112144 0.821066 0.009927 0.043726
2 2 0.010645 0.101049 0.840475 0.009847 0.037984
2 2 0.009803 0.095144 0.846064 0.011660 0.037330
2 2 0.009622 0.090770 0.846678 0.015331 0.037597
2 2 0.009840 0.089209 0.843001 0.018970 0.038979
2 2 0.009667 0.087881 0.843508 0.019978 0.038966
2 2 0.008933 0.086044 0.851423 0.017279 0.036321
2 2 0.008464 0.086083 0.858393 0.013605 0.033454
2 2 0.008962 0.090463 0.852994 0.012151 0.035430
2 2 0.010495 0.097063 0.838766 0.013342 0.040334
2 2 0.016236 0.114445 0.798042 0.018456 0.052821
2 2 0.032846 0.148873 0.724302 0.024185 0.069795
2 2 0.081355 0.204462 0.579738 0.029888 0.104558
2 2 0.099813 0.220867 0.561767 0.024118 0.093436
2 2 0.064902 0.198940 0.645048 0.017136 0.073975
2 2 0.030163 0.154114 0.743706 0.013124 0.058893
2 2 0.015204 0.115341 0.810514 0.012779 0.046161
2 2 0.008908 0.088375 0.861495 0.011397 0.029825
2 2 0.012343 0.100440 0.826391 0.017530 0.043295
2 2 0.018182 0.105921 0.799595 0.032760 0.043542
2 2 0.253242 0.194685 0.288115 0.063981 0.199978
2 2 0.223147 0.216975 0.360896 0.042833 0.156149
2 2 0.164875 0.228151 0.446243 0.034295 0.126436
2 2 0.072343 0.196754 0.594799 0.030707 0.105397
2 2 0.038116 0.162522 0.694034 0.022376 0.082951
2 2 0.023515 0.136350 0.743028 0.020961 0.076145
2 2 0.013830 0.109804 0.803180 0.017188 0.055998
2 2 0.009794 0.094193 0.842456 0.013501 0.040057
2 2 0.010147 0.098145 0.837946 0.011848 0.041914
2 2 0.011233 0.104971 0.823925 0.011548 0.048323
2 2 0.010297 0.102101 0.831641 0.010374 0.045587
2 2 0.009895 0.100599 0.834958 0.010045 0.044503
2 2 0.008658 0.093781 0.849656 0.009546 0.038358
2 2 0.008216 0.089300 0.855602 0.010770 0.036112
2 2 0.007387 0.082281 0.865766 0.012301 0.032265
2 2 0.006706 0.076068 0.874770 0.013878 0.028579
2 2 0.006043 0.070868 0.883841 0.014289 0.024959
2 2 0.006454 0.070581 0.879024 0.018138 0.025803
2 2 0.007482 0.074712 0.869834 0.020123 0.027849
2 2 0.013207 0.095937 0.826067 0.025301 0.039488
2 2 0.041854 0.159000 0.671509 0.034958 0.092680
2 2 0.081262 0.193794 0.538563 0.048313 0.138069
2 2 0.199222 0.194465 0.317641 0.079481 0.209192
0 2 0.264073 0.175847 0.241827 0.084725 0.233529
0 2 0.396800 0.122761 0.119147 0.093807 0.267485
0 2 0.503309 0.100601 0.080763 0.072353 0.242974
0 0 0.726963 0.057731 0.031213 0.029661 0.154431
0 0 0.611395 0.080641 0.054182 0.049845 0.203937
0 1 0.484094 0.110059 0.093753 0.071240 0.240853
0 1 0.372542 0.149108 0.163827 0.075636 0.238888
0 1 0.354188 0.124774 0.127684 0.110321 0.283033
4 1 0.131505 0.144631 0.241002 0.193626 0.289236
4 2 0.122272 0.144450 0.248190 0.198492 0.286596
4 2 0.122272 0.144450 0.248190 0.198492 0.286596
4 2 0.124607 0.144511 0.246335 0.197242 0.287304
4 2 0.139369 0.144667 0.235164 0.189635 0.291165
4 2 0.158395 0.144369 0.221970 0.180488 0.294778
4 4 0.212189 0.141350 0.190021 0.157635 0.298804
4 4 0.261098 0.136704 0.165765 0.139644 0.296789
4 4 0.245104 0.138378 0.173300 0.145291 0.297927
4 4 0.234846 0.139377 0.178325 0.149028 0.298424
4 4 0.233651 0.139489 0.178921 0.149470 0.298469
4 4 0.219127 0.140782 0.186347 0.154945 0.298799
4 4 0.208139 0.141665 0.192207 0.159230 0.298759
4 4 0.210057 0.141518 0.191168 0.158472 0.298785
4 4 0.216556 0.140997 0.187698 0.155936 0.298813
4 4 0.267945 0.135947 0.162643 0.137290 0.296175
0 4 0.294827 0.132769 0.150931 0.128378 0.293095
4 4 0.282010 0.134324 0.156411 0.132563 0.294692
4 4 0.274447 0.135208 0.159732 0.135087 0.295526
0 4 0.319093 0.129648 0.141030 0.120747 0.289482
4 4 0.285289 0.133932 0.154992 0.131482 0.294305
4 4 0.264179 0.136366 0.164353 0.138581 0.296522
4 4 0.286676 0.133766 0.154395 0.131027 0.294137
0 4 0.314724 0.130226 0.142769 0.122094 0.290186
0 4 0.317139 0.129907 0.141806 0.121348 0.289800
0 4 0.370513 0.122379 0.121825 0.105693 0.279589
0 4 0.450008 0.109775 0.095976 0.084894 0.259348
0 4 0.445843 0.110469 0.097231 0.085919 0.260538
0 4 0.392578 0.119029 0.114225 0.099643 0.274524
0 4 0.356911 0.124379 0.126692 0.109540 0.282477
0 4 0.329218 0.128282 0.137068 0.117669 0.287763
4 4 0.270882 0.135616 0.161322 0.136291 0.295890
4 4 0.257340 0.137109 0.167504 0.140953 0.297095
4 4 0.273831 0.135279 0.160006 0.135294 0.295590
0 4 0.304293 0.131578 0.146998 0.125358 0.291774
0 4 0.342198 0.126483 0.132123 0.113807 0.285389
0 4 0.359486 0.124005 0.125760 0.108805 0.281945
0 4 0.321411 0.129338 0.140115 0.120037 0.289099
4 4 0.277627 0.134839 0.158328 0.134021 0.295185
4 4 0.239993 0.138883 0.175784 0.147141 0.298199
4 4 0.222330 0.140509 0.184679 0.153719 0.298763
4 4 0.181606 0.143404 0.207347 0.170150 0.297493
4 4 0.162114 0.144255 0.219526 0.178775 0.295329
4 4 0.130414 0.144618 0.241831 0.194190 0.288946
4 4 0.122272 0.144450 0.248190 0.198492 0.286596
2 4 0.129821 0.166757 0.300733 0.148876 0.253813
2 4 0.119355 0.179883 0.362608 0.114434 0.223721
2 4 0.102220 0.185846 0.428692 0.088321 0.194920
2 4 0.099576 0.182033 0.423065 0.094048 0.201277
2 4 0.103550 0.172115 0.375806 0.120132 0.228397
2 2 0.110305 0.158261 0.312479 0.158309 0.260646
2 2 0.114707 0.151146 0.281087 0.178431 0.274629
2 2 0.117517 0.153558 0.283256 0.173949 0.271720
4 2 0.122272 0.144450 0.248190 0.198492 0.286596
4 2 0.137154 0.144667 0.236783 0.190746 0.290650
4 2 0.158894 0.144355 0.221639 0.180257 0.294855
4 2 0.241846 0.138702 0.174879 0.146468 0.298106
0 2 0.426575 0.113637 0.103171 0.090747 0.265869
0 2 0.459397 0.108196 0.093183 0.082609 0.256614
0 2 0.326931 0.138520 0.154292 0.106195 0.274062
2 2 0.246960 0.175493 0.247785 0.091369 0.238393
2 2 0.181422 0.191164 0.321709 0.089383 0.216322
2 2 0.103014 0.191661 0.447190 0.076981 0.181154
2 2 0.033543 0.152319 0.691287 0.028402 0.094450
2 2 0.021385 0.132467 0.757334 0.018605 0.070209
