0 0 0.512595 0.096609 0.097270 0.019278 0.274248
0 0 0.493664 0.097344 0.093867 0.021659 0.293466
0 0 0.539467 0.079951 0.073306 0.014727 0.292548
0 0 0.597979 0.057083 0.047699 0.008048 0.289192
0 0 0.587330 0.066864 0.060544 0.009816 0.275446
0 0 0.514828 0.080288 0.069624 0.016904 0.318357
0 1 0.448144 0.092522 0.077112 0.026911 0.355312
0 1 0.403453 0.103853 0.086410 0.037212 0.369071
4 1 0.345613 0.126561 0.111258 0.057893 0.358674
0 1 0.358853 0.127230 0.115486 0.053745 0.344686
0 4 0.327050 0.146544 0.144653 0.067677 0.314076
0 1 0.313969 0.158054 0.166999 0.073264 0.287714
0 1 0.268150 0.177649 0.201805 0.095159 0.257237
4 4 0.254940 0.179743 0.201881 0.103842 0.259593
2 4 0.159459 0.192801 0.302330 0.150677 0.194732
2 4 0.137965 0.185368 0.356521 0.148793 0.171353
2 4 0.110454 0.165232 0.447460 0.134469 0.142385
2 4 0.127172 0.180404 0.374446 0.150126 0.167852
2 4 0.128292 0.185000 0.340843 0.162429 0.183435
2 4 0.160490 0.186803 0.277710 0.153466 0.221530
4 4 0.194555 0.171332 0.188449 0.146612 0.299052
4 4 0.197158 0.163606 0.159399 0.150219 0.329617
4 4 0.210512 0.151886 0.126667 0.141957 0.368978
4 4 0.220319 0.147588 0.121121 0.131932 0.379040
4 4 0.228318 0.144640 0.117680 0.124377 0.384984
4 4 0.212290 0.159220 0.140175 0.141918 0.346398
4 4 0.212114 0.157928 0.137724 0.141872 0.350362
4 4 0.216938 0.146267 0.118396 0.134368 0.384031
4 4 0.209727 0.141541 0.109890 0.138799 0.400042
4 4 0.195437 0.147402 0.116919 0.155133 0.385108
4 4 0.189620 0.160664 0.144118 0.162167 0.343430
4 4 0.169818 0.171437 0.198516 0.166728 0.293502
2 4 0.127096 0.174394 0.347741 0.161915 0.188854
2 4 0.096231 0.147836 0.472021 0.156104 0.127807
2 4 0.058814 0.101880 0.629251 0.133684 0.076370
2 1 0.034644 0.069673 0.745280 0.103369 0.047033
2 1 0.021931 0.049191 0.820238 0.078470 0.030171
2 1 0.020809 0.046522 0.833992 0.071179 0.027497
2 1 0.018635 0.042693 0.840285 0.073156 0.025231
2 1 0.017559 0.041509 0.822917 0.091869 0.026145
2 2 0.016922 0.040421 0.785261 0.129652 0.027745
2 2 0.017670 0.040544 0.692050 0.217909 0.031828
2 2 0.016592 0.036339 0.551893 0.359624 0.035551
3 2 0.015709 0.030518 0.393057 0.523548 0.037169
3 2 0.016658 0.027329 0.236423 0.676869 0.042721
3 2 0.016739 0.022995 0.127643 0.786324 0.046298
3 3 0.015969 0.019309 0.079990 0.838678 0.046055
3 3 0.015355 0.017409 0.063025 0.859201 0.045011
3 3 0.014995 0.016542 0.056252 0.867702 0.044509
3 3 0.014721 0.015685 0.047875 0.876814 0.044905
3 3 0.012883 0.013791 0.038040 0.890882 0.044403
3 3 0.009847 0.010963 0.027777 0.909442 0.041971
3 3 0.007426 0.008525 0.020416 0.925436 0.038198
3 3 0.005843 0.006845 0.015896 0.936803 0.034613
3 3 0.005264 0.006218 0.014276 0.941156 0.033085
3 3 0.004950 0.005870 0.013429 0.943644 0.032107
3 3 0.004955 0.005897 0.013332 0.943311 0.032505
3 3 0.004654 0.005597 0.012354 0.945213 0.032181
3 3 0.004392 0.005334 0.011512 0.946876 0.031886
3 3 0.004500 0.005494 0.011621 0.945418 0.032968
3 3 0.005817 0.007051 0.014730 0.934023 0.038379
3 3 0.009261 0.011090 0.022579 0.906535 0.050534
3 3 0.015262 0.017938 0.036062 0.864315 0.066422
3 3 0.016489 0.019244 0.039110 0.856798 0.068359
3 3 0.012865 0.015181 0.030895 0.880978 0.060081
3 3 0.006919 0.008293 0.017532 0.925604 0.041652
3 3 0.004481 0.005489 0.011499 0.945317 0.033213
3 3 0.003129 0.003886 0.008180 0.957651 0.027154
3 3 0.002760 0.003452 0.007231 0.961097 0.025461
3 3 0.002550 0.003199 0.006707 0.963184 0.024359
3 3 0.002465 0.003099 0.006488 0.964003 0.023945
3 3 0.002407 0.003035 0.006313 0.964459 0.023785
3 3 0.002332 0.002945 0.006117 0.965204 0.023403
3 3 0.002195 0.002780 0.005775 0.966617 0.022633
3 3 0.002061 0.002621 0.005417 0.967931 0.021970
3 3 0.001911 0.002447 0.005006 0.969354 0.021282
3 3 0.001785 0.002302 0.004646 0.970496 0.020771
3 3 0.001614 0.002096 0.004191 0.972264 0.019834
3 3 0.001460 0.001909 0.003784 0.973926 0.018921
3 3 0.001311 0.001725 0.003407 0.975669 0.017888
3 3 0.001252 0.001649 0.003259 0.976417 0.017423
3 3 0.001237 0.001628 0.003232 0.976678 0.017225
3 3 0.001267 0.001664 0.003317 0.976358 0.017393
3 3 0.001280 0.001680 0.003354 0.976225 0.017461
3 3 0.001299 0.001705 0.003396 0.975950 0.017649
3 3 0.001321 0.001736 0.003440 0.975598 0.017904
3 3 0.001348 0.001770 0.003501 0.975244 0.018137
3 3 0.001345 0.001767 0.003496 0.975278 0.018115
3 3 0.001341 0.001761 0.003481 0.975318 0.018099
3 3 0.001314 0.001729 0.003411 0.975610 0.017935
3 3 0.001348 0.001774 0.003487 0.975133 0.018258
3 3 0.001379 0.001811 0.003576 0.974834 0.018400
3 3 0.001414 0.001854 0.003664 0.974427 0.018641
3 3 0.001369 0.001793 0.003567 0.975077 0.018194
3 3 0.001260 0.001659 0.003284 0.976347 0.017451
3 3 0.001141 0.001512 0.002975 0.977750 0.016621
3 3 0.001052 0.001399 0.002752 0.978905 0.015892
3 3 0.001053 0.001399 0.002761 0.978937 0.015850
3 3 0.001084 0.001440 0.002831 0.978470 0.016174
3 3 0.001085 0.001444 0.002818 0.978363 0.016290
3 3 0.001010 0.001354 0.002608 0.979168 0.015860
3 3 0.000909 0.001226 0.002351 0.980476 0.015037
3 3 0.000804 0.001090 0.002093 0.982000 0.014013
3 3 0.000759 0.001029 0.001989 0.982731 0.013491
3 3 0.000744 0.001007 0.001959 0.983041 0.013248
3 3 0.000783 0.001057 0.002059 0.982501 0.013600
3 3 0.000815 0.001096 0.002148 0.982114 0.013827
3 3 0.000853 0.001144 0.002251 0.981616 0.014136
3 3 0.000848 0.001136 0.002247 0.981755 0.014014
3 3 0.000819 0.001100 0.002164 0.982095 0.013822
3 3 0.000745 0.001008 0.001965 0.983057 0.013226
3 3 0.000694 0.000944 0.001827 0.983731 0.012804
3 3 0.000667 0.000908 0.001759 0.984158 0.012508
3 3 0.000714 0.000970 0.001880 0.983440 0.012995
3 3 0.000769 0.001039 0.002025 0.982703 0.013464
3 3 0.000847 0.001141 0.002218 0.981550 0.014244
3 3 0.000867 0.001167 0.002266 0.981236 0.014464
3 3 0.000900 0.001208 0.002352 0.980817 0.014723
3 3 0.000912 0.001219 0.002399 0.980800 0.014670
3 3 0.001018 0.001353 0.002674 0.979429 0.015527
3 3 0.001180 0.001553 0.003110 0.977518 0.016638
3 3 0.001839 0.002358 0.004824 0.970145 0.020835
3 3 0.003204 0.003973 0.008377 0.956985 0.027461
3 3 0.006852 0.008221 0.017346 0.926071 0.041510
3 3 0.009761 0.011518 0.024373 0.904343 0.050004
3 3 0.011564 0.013663 0.028122 0.890456 0.056195
3 3 0.009410 0.011061 0.023811 0.907510 0.048208
3 3 0.009020 0.010569 0.023113 0.910897 0.046402
3 3 0.008831 0.010251 0.023153 0.913338 0.044428
3 3 0.009199 0.010502 0.024844 0.912100 0.043355
3 3 0.009637 0.010868 0.026542 0.909905 0.043047
3 3 0.010196 0.011476 0.027978 0.905921 0.044430
3 3 0.009607 0.010925 0.025999 0.909366 0.044104
3 3 0.008847 0.010193 0.023564 0.913944 0.043452
3 3 0.008108 0.009432 0.021411 0.918811 0.042237
3 3 0.008456 0.009759 0.022579 0.916823 0.042382
3 3 0.010293 0.011507 0.028611 0.905807 0.043782
3 3 0.015494 0.016230 0.046649 0.874747 0.046880
3 3 0.015921 0.020159 0.098523 0.821337 0.044060
3 3 0.016190 0.025209 0.198882 0.717500 0.042220
3 2 0.016722 0.029325 0.288316 0.623510 0.042127
3 2 0.017300 0.033838 0.396106 0.511050 0.041706
2 2 0.018070 0.038140 0.476814 0.424428 0.042547
2 2 0.019220 0.043097 0.546437 0.347204 0.044041
2 2 0.020349 0.047347 0.591306 0.295512 0.045486
2 2 0.019989 0.048139 0.666079 0.224810 0.040984
2 2 0.019644 0.048959 0.695529 0.195546 0.040321
2 1 0.019858 0.050499 0.708928 0.179463 0.041253
2 1 0.020550 0.051995 0.710066 0.175039 0.042351
2 1 0.020711 0.052314 0.712969 0.171616 0.042390
2 1 0.020703 0.051598 0.707025 0.178787 0.041887
2 2 0.020449 0.050274 0.698987 0.189318 0.040971
2 2 0.019773 0.047900 0.698101 0.195552 0.038674
2 2 0.018100 0.044176 0.716826 0.186285 0.034613
2 2 0.015457 0.038833 0.762926 0.154368 0.028415
2 2 0.013357 0.034577 0.801366 0.126925 0.023776
2 2 0.012249 0.032661 0.816744 0.116315 0.022032
2 2 0.013629 0.035473 0.765475 0.159284 0.026139
2 2 0.015499 0.037421 0.691248 0.226022 0.029809
2 2 0.017549 0.037341 0.520923 0.385969 0.038219
3 2 0.021162 0.038758 0.389617 0.503459 0.047003
3 2 0.023814 0.038589 0.302169 0.582950 0.052478
3 2 0.026416 0.042773 0.326354 0.548990 0.055467
3 2 0.026193 0.046108 0.426802 0.449778 0.051118
2 2 0.025885 0.049013 0.589028 0.293545 0.042529
2 2 0.021108 0.043848 0.695500 0.206938 0.032606
2 2 0.018619 0.042111 0.727248 0.180913 0.031109
2 2 0.016718 0.039155 0.737114 0.178176 0.028837
2 2 0.016595 0.038681 0.750513 0.166422 0.027789
2 2 0.016809 0.038118 0.723674 0.193055 0.028344
2 2 0.016653 0.037617 0.707622 0.209361 0.028747
2 2 0.017026 0.037708 0.617974 0.294049 0.033242
2 2 0.017458 0.037769 0.564020 0.344856 0.035897
2 2 0.017223 0.036479 0.535160 0.375072 0.036067
2 2 0.018152 0.038168 0.546287 0.360322 0.037071
2 2 0.018022 0.038889 0.646402 0.263953 0.032734
2 2 0.017279 0.039149 0.757022 0.159105 0.027445
2 2 0.016298 0.039748 0.797346 0.119698 0.026910
2 2 0.016969 0.043250 0.827026 0.084732 0.028024
2 2 0.030694 0.064638 0.738367 0.120690 0.045611
2 1 0.076477 0.118733 0.574009 0.140436 0.090346
2 1 0.046744 0.084753 0.720625 0.092259 0.055620
2 1 0.033928 0.064969 0.745478 0.112671 0.042954
2 1 0.033463 0.065798 0.739543 0.116567 0.044629
2 1 0.025026 0.051166 0.739939 0.148373 0.035497
2 1 0.024626 0.050716 0.707356 0.180049 0.037253
2 1 0.025841 0.051987 0.681499 0.201390 0.039284
2 2 0.027208 0.053598 0.625487 0.249030 0.044677
2 2 0.031743 0.059387 0.588136 0.269336 0.051398
2 2 0.031786 0.060081 0.595054 0.261608 0.051471
2 2 0.028413 0.056064 0.650761 0.220695 0.044068
2 2 0.024484 0.051683 0.684243 0.199725 0.039865
2 1 0.021910 0.047974 0.706350 0.187451 0.036315
2 1 0.021993 0.048432 0.714885 0.178379 0.036311
2 1 0.024435 0.051967 0.723610 0.162129 0.037859
2 1 0.031338 0.062410 0.704468 0.156249 0.045535
2 1 0.047264 0.085828 0.648976 0.153027 0.064905
2 1 0.051483 0.093413 0.641325 0.142754 0.071025
2 1 0.050670 0.095040 0.649894 0.132136 0.072260
2 1 0.041771 0.082953 0.695150 0.119514 0.060611
2 1 0.040576 0.080762 0.704822 0.115716 0.058124
2 1 0.040202 0.079640 0.714746 0.109306 0.056105
2 1 0.046464 0.091027 0.686952 0.109288 0.066269
2 1 0.048606 0.097372 0.661757 0.117601 0.074664
2 1 0.054764 0.107447 0.622510 0.128865 0.086414
2 1 0.051076 0.100507 0.631730 0.136250 0.080437
2 1 0.039983 0.083265 0.686796 0.126575 0.063381
2 2 0.030691 0.067511 0.743487 0.110208 0.048103
2 2 0.024482 0.055755 0.787336 0.095251 0.037177
2 2 0.024829 0.054795 0.792655 0.092199 0.035521
2 2 0.027596 0.057724 0.765454 0.110643 0.038584
2 2 0.031589 0.062617 0.728966 0.133197 0.043631
2 2 0.033628 0.065122 0.688068 0.165057 0.048125
2 2 0.031984 0.063400 0.682621 0.174159 0.047836
2 2 0.031770 0.064058 0.676106 0.178790 0.049276
2 2 0.030685 0.062666 0.701299 0.158773 0.046576
2 2 0.039644 0.073808 0.686418 0.146681 0.053449
2 2 0.055522 0.093489 0.647070 0.136348 0.067571
2 2 0.095900 0.139186 0.501923 0.150776 0.112215
2 2 0.104293 0.152657 0.459299 0.153399 0.130352
2 1 0.119578 0.174933 0.383782 0.157265 0.164442
2 1 0.098032 0.159244 0.434950 0.159174 0.148599
2 1 0.093815 0.156100 0.435974 0.166057 0.148054
2 1 0.075191 0.132383 0.506784 0.166877 0.118763
2 1 0.067598 0.122491 0.545638 0.158371 0.105902
2 1 0.037694 0.078528 0.702660 0.122804 0.058315
2 1 0.027955 0.062820 0.746444 0.117595 0.045186
2 1 0.021079 0.050660 0.779084 0.113686 0.035491
2 1 0.021017 0.050319 0.761862 0.130396 0.036405
2 2 0.018116 0.045009 0.782831 0.122243 0.031801
2 2 0.017354 0.043925 0.773121 0.133698 0.031902
2 2 0.015672 0.040670 0.778437 0.135699 0.029522
2 2 0.016066 0.040538 0.760500 0.152958 0.029939
2 2 0.016612 0.040416 0.757642 0.155899 0.029431
2 2 0.017543 0.041188 0.751770 0.159725 0.029775
2 1 0.018544 0.041956 0.761527 0.148678 0.029296
2 1 0.020921 0.044965 0.761406 0.142026 0.030682
2 1 0.023605 0.048639 0.764830 0.130585 0.032340
2 1 0.030648 0.058757 0.752420 0.119672 0.038503
2 1 0.046947 0.080786 0.710362 0.108764 0.053140
2 1 0.061652 0.098917 0.672354 0.101548 0.065529
2 1 0.070285 0.108425 0.655330 0.094706 0.071255
2 1 0.065836 0.105090 0.667914 0.092132 0.069027
2 1 0.059002 0.099661 0.682651 0.092427 0.066259
2 1 0.035937 0.072638 0.754390 0.089146 0.047888
2 1 0.025386 0.058859 0.781482 0.094250 0.040023
2 1 0.018254 0.047526 0.793536 0.107018 0.033665
2 1 0.017574 0.045931 0.770476 0.131884 0.034135
2 1 0.018024 0.045169 0.751188 0.151632 0.033987
2 1 0.019645 0.046988 0.741614 0.156603 0.035149
2 1 0.020525 0.048110 0.757093 0.139577 0.034696
2 1 0.020950 0.048299 0.770183 0.126866 0.033701
2 2 0.019506 0.045685 0.789763 0.114170 0.030876
2 2 0.017229 0.041689 0.801377 0.111787 0.027919
2 2 0.014688 0.037381 0.811639 0.111237 0.025055
2 2 0.013940 0.035654 0.806473 0.119770 0.024163
2 2 0.014275 0.035630 0.803032 0.123054 0.024008
2 2 0.015081 0.036712 0.801524 0.122151 0.024532
2 2 0.014786 0.036568 0.809594 0.114823 0.024230
2 2 0.013671 0.035442 0.823871 0.103715 0.023301
2 2 0.012647 0.033865 0.831050 0.100207 0.022231
2 2 0.012374 0.033153 0.829323 0.103314 0.021835
2 2 0.012561 0.033030 0.825847 0.106854 0.021708
2 2 0.012791 0.032730 0.826928 0.106401 0.021150
2 2 0.014508 0.035222 0.821583 0.106197 0.022490
2 2 0.017320 0.039222 0.795672 0.122163 0.025623
2 2 0.022466 0.046245 0.756678 0.143460 0.031150
2 2 0.026619 0.051005 0.717161 0.169681 0.035534
2 2 0.035814 0.062671 0.669544 0.186774 0.045196
2 2 0.037449 0.065371 0.671947 0.178290 0.046943
2 2 0.038734 0.069930 0.679468 0.161373 0.050496
2 2 0.033281 0.066840 0.715770 0.136141 0.047968
2 2 0.031210 0.068685 0.717517 0.131100 0.051488
2 2 0.030198 0.070163 0.715757 0.129659 0.054223
2 2 0.031047 0.072739 0.697886 0.140089 0.058238
2 2 0.033374 0.077396 0.674911 0.150325 0.063994
2 1 0.035781 0.083431 0.651531 0.157559 0.071698
2 1 0.042270 0.095495 0.607251 0.168899 0.086085
2 1 0.047439 0.102791 0.584949 0.171371 0.093451
2 1 0.054216 0.111612 0.545586 0.182647 0.105939
2 1 0.056773 0.115073 0.523481 0.191696 0.112978
2 1 0.051404 0.108889 0.560088 0.177117 0.102503
2 1 0.042893 0.098388 0.609223 0.160623 0.088874
2 1 0.036613 0.088979 0.644901 0.150866 0.078642
2 1 0.036359 0.089392 0.650980 0.144657 0.078613
2 1 0.044098 0.102513 0.621121 0.141342 0.090927
2 1 0.063170 0.132472 0.528461 0.148799 0.127097
2 1 0.090832 0.145398 0.477349 0.134818 0.151604
2 0 0.258019 0.160240 0.281224 0.071914 0.228603
0 0 0.476031 0.109530 0.113206 0.025288 0.275944
0 0 0.583474 0.073364 0.070565 0.010766 0.261831
0 0 0.531726 0.090392 0.090121 0.016631 0.271131
0 1 0.446068 0.120040 0.126404 0.031170 0.276318
0 1 0.356221 0.151635 0.168628 0.055536 0.267980
0 1 0.296338 0.166119 0.180983 0.081203 0.275356
4 1 0.222666 0.177495 0.191934 0.134233 0.273671
4 1 0.202862 0.186192 0.228004 0.140909 0.242033
2 1 0.171446 0.189948 0.284376 0.153613 0.200617
2 1 0.115961 0.161257 0.403084 0.173928 0.145770
2 1 0.083898 0.130199 0.520107 0.158769 0.107027
2 1 0.051397 0.092147 0.673054 0.117721 0.065680
2 1 0.038347 0.074944 0.741648 0.095271 0.049790
2 1 0.047856 0.087957 0.708860 0.095991 0.059336
2 1 0.081435 0.128276 0.585511 0.110061 0.094717
2 1 0.167880 0.177681 0.373461 0.113320 0.167658
2 1 0.206400 0.195092 0.263316 0.126230 0.208961
4 1 0.234989 0.185612 0.211189 0.116875 0.251335
4 1 0.223913 0.166769 0.157967 0.131908 0.319442
4 1 0.231285 0.144009 0.117174 0.121841 0.385690
4 1 0.226945 0.141447 0.112393 0.124249 0.394966
4 4 0.227220 0.132779 0.099611 0.120015 0.420376
4 4 0.225086 0.130730 0.096462 0.120532 0.427191
4 1 0.227824 0.114899 0.076703 0.108370 0.472204
4 1 0.226116 0.113180 0.074527 0.108266 0.477911
4 1 0.224674 0.100102 0.060311 0.098522 0.516392
4 1 0.228435 0.085471 0.046818 0.082784 0.556493
4 1 0.216369 0.089958 0.049976 0.094068 0.549629
4 1 0.237039 0.097571 0.058826 0.089093 0.517471
4 4 0.281849 0.099360 0.064844 0.069468 0.484479
4 4 0.349621 0.099221 0.072257 0.047836 0.431065
4 4 0.370345 0.111183 0.091595 0.046701 0.380176
0 4 0.396491 0.118958 0.109731 0.041941 0.332879
0 4 0.412656 0.122723 0.121305 0.038573 0.304744
0 4 0.432419 0.111096 0.104232 0.033013 0.319240
0 4 0.399500 0.106551 0.089785 0.038700 0.365464
0 4 0.401179 0.099593 0.079872 0.036513 0.382843
0 4 0.424736 0.089997 0.070169 0.029727 0.385371
0 4 0.485663 0.070902 0.053173 0.017563 0.372700
0 0 0.520969 0.065349 0.050028 0.013609 0.350044
0 0 0.532888 0.078041 0.069125 0.014996 0.304950
0 0 0.498125 0.101302 0.102673 0.021481 0.276419
0 0 0.450363 0.118528 0.124481 0.030268 0.276360
0 0 0.384245 0.141846 0.155091 0.046686 0.272132
0 0 0.341525 0.155739 0.173056 0.060900 0.268779
4 1 0.287627 0.162969 0.169052 0.086791 0.293560
4 1 0.284583 0.155439 0.150556 0.088925 0.320496
4 1 0.272512 0.157813 0.152055 0.096126 0.321495
4 4 0.276419 0.163745 0.166854 0.093441 0.299541
4 4 0.249592 0.180029 0.200271 0.107828 0.262280
4 4 0.242028 0.181986 0.202875 0.112949 0.260163
2 4 0.190727 0.185070 0.243457 0.137612 0.243135
4 4 0.176561 0.183460 0.225178 0.158146 0.256655
2 4 0.137053 0.179111 0.255050 0.186678 0.242108
4 4 0.133073 0.171563 0.239356 0.192730 0.263278
4 4 0.123654 0.164537 0.240513 0.198314 0.272982
4 4 0.130051 0.159735 0.212446 0.197277 0.300490
4 4 0.142589 0.155179 0.182057 0.189336 0.330839
4 4 0.155138 0.149405 0.148974 0.183156 0.363328
4 4 0.159130 0.143704 0.129475 0.181335 0.386356
4 4 0.168311 0.138011 0.112140 0.172435 0.409103
4 4 0.173024 0.137988 0.112592 0.166772 0.409625
4 4 0.192291 0.134950 0.098085 0.151966 0.422709
4 4 0.192857 0.137585 0.101839 0.152961 0.414757
4 4 0.189050 0.147328 0.115921 0.161870 0.385832
4 4 0.178061 0.166438 0.161274 0.171664 0.322563
2 4 0.151028 0.183701 0.245424 0.177485 0.242361
2 4 0.131070 0.183654 0.357370 0.153751 0.174155
2 4 0.088383 0.147570 0.515311 0.125359 0.123377
2 1 0.067596 0.122627 0.614386 0.102268 0.093123
2 1 0.090517 0.140079 0.525989 0.131618 0.111798
2 1 0.121075 0.181178 0.348247 0.164642 0.184858
2 1 0.081951 0.153940 0.456550 0.156639 0.150920
2 1 0.080591 0.151986 0.435184 0.173220 0.159020
2 1 0.100090 0.169846 0.359998 0.182453 0.187613
2 1 0.089627 0.156447 0.433244 0.166494 0.154188
2 1 0.091992 0.156316 0.436919 0.164489 0.150283
2 0 0.115731 0.176962 0.346389 0.172119 0.188800
2 1 0.109213 0.173528 0.371892 0.167700 0.177667
2 1 0.119763 0.179191 0.338100 0.170940 0.192006
2 1 0.096549 0.159865 0.430449 0.161379 0.151759
2 1 0.084240 0.144183 0.488386 0.154008 0.129183
2 1 0.065012 0.119247 0.578350 0.138936 0.098455
2 1 0.056987 0.105019 0.635968 0.122081 0.079945
2 1 0.048273 0.089196 0.689928 0.109857 0.062745
2 1 0.048834 0.085537 0.706116 0.102671 0.056841
2 1 0.045877 0.078961 0.723695 0.100850 0.050618
2 0 0.049984 0.082929 0.708516 0.105097 0.053474
2 0 0.054746 0.089570 0.669883 0.124428 0.061373
2 1 0.059129 0.094903 0.638249 0.139927 0.067792
2 0 0.089455 0.121633 0.536093 0.154763 0.098056
2 0 0.104109 0.137871 0.488485 0.159477 0.110058
2 0 0.156734 0.169706 0.378978 0.143524 0.151057
2 0 0.191370 0.181677 0.326602 0.126282 0.174068
0 1 0.253456 0.181821 0.241541 0.096426 0.226756
0 0 0.268400 0.171934 0.237160 0.097698 0.224808
0 0 0.328047 0.155802 0.194605 0.072952 0.248594
0 0 0.380615 0.138809 0.169474 0.054051 0.257051
0 0 0.396835 0.133207 0.162664 0.049525 0.257769
0 0 0.355113 0.144378 0.188048 0.066209 0.246253
0 1 0.300026 0.152224 0.229650 0.099789 0.218311
0 1 0.280639 0.155192 0.241773 0.112354 0.210042
0 0 0.284768 0.157283 0.235032 0.106516 0.216401
0 0 0.274485 0.165185 0.231725 0.106195 0.222410
2 0 0.238477 0.181393 0.238909 0.120343 0.220878
0 1 0.253454 0.185271 0.219726 0.101790 0.239758
0 1 0.269521 0.180392 0.211708 0.092769 0.245610
0 1 0.319205 0.154812 0.160956 0.071055 0.293972
4 1 0.294006 0.152124 0.146319 0.083636 0.323914
4 1 0.289699 0.142663 0.126721 0.084683 0.356234
4 1 0.269774 0.139332 0.116698 0.094678 0.379518
4 1 0.246361 0.139095 0.111988 0.109172 0.393384
4 1 0.232063 0.145182 0.119217 0.121647 0.381891
4 1 0.202839 0.167144 0.153934 0.151736 0.324348
4 1 0.164842 0.177070 0.216433 0.169186 0.272468
2 1 0.107352 0.174258 0.346214 0.180342 0.191833
2 1 0.081584 0.155421 0.445519 0.161658 0.155818
2 2 0.048823 0.110180 0.619942 0.125717 0.095338
2 2 0.033940 0.082634 0.708140 0.109840 0.065446
2 2 0.025506 0.064535 0.762240 0.100067 0.047653
2 2 0.020483 0.053095 0.791083 0.097703 0.037636
2 2 0.017347 0.045990 0.808266 0.096580 0.031817
2 2 0.015603 0.042106 0.812385 0.100780 0.029126
2 2 0.014716 0.039831 0.813052 0.104871 0.027530
2 2 0.015097 0.039902 0.802663 0.114477 0.027861
2 2 0.015799 0.040343 0.792939 0.122682 0.028236
2 2 0.017571 0.042419 0.767249 0.142419 0.030341
2 2 0.018446 0.042918 0.749965 0.157615 0.031056
2 2 0.018102 0.041743 0.732224 0.177046 0.030885
2 2 0.016195 0.038581 0.743108 0.173754 0.028362
2 2 0.014968 0.036438 0.745870 0.175885 0.026839
2 2 0.014986 0.036130 0.734334 0.187615 0.026936
2 2 0.016028 0.037900 0.656187 0.257649 0.032236
2 2 0.015925 0.036194 0.570807 0.342113 0.034960
2 2 0.016793 0.035656 0.495556 0.413829 0.038166
3 2 0.018233 0.036181 0.429833 0.473453 0.042301
3 2 0.019700 0.037707 0.403890 0.493093 0.045611
3 2 0.018505 0.035618 0.396346 0.505874 0.043658
3 2 0.017411 0.033747 0.388871 0.518009 0.041962
3 2 0.016579 0.031316 0.344485 0.565836 0.041785
3 2 0.016973 0.029847 0.278845 0.630196 0.044140
3 2 0.017400 0.027644 0.204530 0.703694 0.046732
3 2 0.017985 0.025887 0.152647 0.754510 0.048971
3 2 0.018210 0.023553 0.106188 0.800911 0.051138
3 2 0.018352 0.021345 0.073440 0.833893 0.052970
3 2 0.017157 0.018389 0.048486 0.862124 0.053844
3 2 0.012841 0.014295 0.034906 0.887886 0.050072
3 3 0.009684 0.011108 0.025703 0.907955 0.045550
3 3 0.007499 0.008757 0.019854 0.923333 0.040557
3 3 0.005949 0.007058 0.015720 0.934832 0.036441
3 3 0.005006 0.006031 0.013112 0.941855 0.033995
3 3 0.004185 0.005131 0.010815 0.948066 0.031802
3 3 0.003636 0.004515 0.009327 0.952474 0.030048
3 3 0.003139 0.003928 0.008075 0.957006 0.027853
3 3 0.002906 0.003644 0.007518 0.959330 0.026602
3 3 0.002681 0.003367 0.006985 0.961661 0.025306
3 3 0.002649 0.003337 0.006870 0.961808 0.025336
3 3 0.002475 0.003135 0.006407 0.963398 0.024585
3 3 0.002379 0.003027 0.006128 0.964189 0.024277
3 3 0.002173 0.002770 0.005640 0.966456 0.022961
3 3 0.002059 0.002631 0.005365 0.967694 0.022250
3 3 0.001920 0.002461 0.005010 0.969173 0.021436
3 3 0.001809 0.002328 0.004717 0.970298 0.020847
3 3 0.001721 0.002221 0.004490 0.971249 0.020320
3 3 0.001693 0.002188 0.004412 0.971516 0.020192
3 3 0.001677 0.002173 0.004353 0.971582 0.020215
3 3 0.001625 0.002119 0.004179 0.971890 0.020187
3 3 0.001473 0.001936 0.003775 0.973490 0.019327
3 3 0.001290 0.001711 0.003301 0.975547 0.018151
3 3 0.001127 0.001504 0.002899 0.977625 0.016845
3 3 0.001045 0.001398 0.002699 0.978723 0.016135
3 3 0.001004 0.001340 0.002619 0.979459 0.015578
3 3 0.001032 0.001372 0.002710 0.979228 0.015658
3 3 0.001073 0.001420 0.002828 0.978813 0.015865
3 3 0.001128 0.001489 0.002970 0.978125 0.016288
3 3 0.001155 0.001524 0.003037 0.977765 0.016519
3 3 0.001160 0.001531 0.003044 0.977664 0.016602
3 3 0.001125 0.001488 0.002944 0.978047 0.016396
3 3 0.001073 0.001427 0.002797 0.978585 0.016119
3 3 0.001008 0.001348 0.002616 0.979303 0.015725
3 3 0.000972 0.001302 0.002527 0.979783 0.015416
3 3 0.000999 0.001336 0.002596 0.979443 0.015627
3 3 0.001056 0.001407 0.002746 0.978744 0.016047
3 3 0.001127 0.001498 0.002921 0.977792 0.016661
3 3 0.001104 0.001471 0.002851 0.978002 0.016573
3 3 0.001041 0.001394 0.002684 0.978732 0.016149
3 3 0.000920 0.001239 0.002380 0.980371 0.015090
3 3 0.000858 0.001158 0.002237 0.981303 0.014444
3 3 0.000814 0.001098 0.002133 0.982006 0.013949
3 3 0.000813 0.001097 0.002132 0.982028 0.013930
3 3 0.000797 0.001077 0.002086 0.982216 0.013823
3 3 0.000785 0.001062 0.002055 0.982386 0.013712
3 3 0.000789 0.001063 0.002084 0.982474 0.013590
3 3 0.000848 0.001137 0.002244 0.981720 0.014051
3 3 0.000931 0.001241 0.002462 0.980638 0.014727
3 3 0.001012 0.001347 0.002655 0.979460 0.015525
3 3 0.001031 0.001372 0.002700 0.979186 0.015711
3 3 0.001012 0.001348 0.002647 0.979419 0.015574
3 3 0.000942 0.001258 0.002476 0.980383 0.014941
3 3 0.000877 0.001178 0.002298 0.981173 0.014474
3 3 0.000804 0.001086 0.002111 0.982157 0.013842
3 3 0.000762 0.001031 0.002002 0.982765 0.013441
3 3 0.000754 0.001020 0.001983 0.982895 0.013349
3 3 0.000750 0.001015 0.001974 0.982946 0.013315
3 3 0.000748 0.001014 0.001962 0.982920 0.013355
3 3 0.000719 0.000977 0.001890 0.983347 0.013066
3 3 0.000712 0.000968 0.001868 0.983422 0.013030
3 3 0.000699 0.000949 0.001841 0.983681 0.012830
3 3 0.000713 0.000968 0.001880 0.983473 0.012966
3 3 0.000703 0.000953 0.001865 0.983727 0.012753
3 3 0.000699 0.000948 0.001848 0.983742 0.012764
3 3 0.000686 0.000931 0.001817 0.983942 0.012623
3 3 0.000680 0.000922 0.001805 0.984087 0.012506
3 3 0.000693 0.000939 0.001841 0.983899 0.012628
3 3 0.000718 0.000970 0.001911 0.983586 0.012816
3 3 0.000776 0.001041 0.002070 0.982848 0.013265
3 3 0.000903 0.001198 0.002422 0.981276 0.014201
3 3 0.001161 0.001518 0.003107 0.978084 0.016129
3 3 0.001613 0.002070 0.004293 0.972914 0.019110
3 3 0.002453 0.003081 0.006468 0.964192 0.023805
3 3 0.003842 0.004688 0.010153 0.951782 0.029536
3 3 0.006489 0.007595 0.017440 0.931427 0.037048
3 3 0.010858 0.011930 0.031075 0.903145 0.042991
3 3 0.016050 0.017741 0.059930 0.859715 0.046563
3 2 0.017739 0.024638 0.135778 0.773247 0.048598
3 2 0.021328 0.035054 0.258045 0.632163 0.053410
2 2 0.031245 0.056390 0.444172 0.405737 0.062456
2 2 0.027363 0.055131 0.689933 0.186048 0.041525
2 2 0.025628 0.058615 0.745843 0.127221 0.042693
2 1 0.024670 0.061578 0.744376 0.122376 0.047001
2 1 0.025424 0.066056 0.723157 0.131896 0.053467
2 1 0.024989 0.065228 0.709457 0.146065 0.054262
2 1 0.028853 0.072915 0.669638 0.164912 0.063681
2 1 0.034720 0.082874 0.623554 0.183440 0.075412
2 1 0.043746 0.096865 0.564449 0.201556 0.093383
2 1 0.051489 0.107734 0.504515 0.224175 0.112087
2 1 0.057632 0.116241 0.478261 0.224846 0.123020
2 1 0.055941 0.115766 0.512131 0.200330 0.115832
2 1 0.053069 0.112607 0.533825 0.190417 0.110082
2 1 0.042866 0.095093 0.605442 0.171341 0.085258
2 1 0.036355 0.082258 0.653980 0.157815 0.069593
2 1 0.027701 0.066408 0.728169 0.126645 0.051077
2 1 0.032196 0.076184 0.718445 0.114415 0.058760
2 1 0.038368 0.087327 0.671743 0.131292 0.071271
2 1 0.054356 0.115292 0.485677 0.216391 0.128285
3 1 0.059758 0.114323 0.300856 0.345202 0.179860
4 4 0.122429 0.120922 0.103208 0.264928 0.388512
4 4 0.142962 0.110376 0.068792 0.204415 0.473456
4 4 0.159333 0.119676 0.078984 0.186101 0.455905
4 4 0.155547 0.148742 0.130413 0.222241 0.343058
4 4 0.190162 0.157999 0.134025 0.164104 0.353712
4 4 0.270353 0.093963 0.058083 0.070492 0.507109
4 4 0.155824 0.065874 0.027976 0.105907 0.644420
4 4 0.133113 0.050851 0.018178 0.097027 0.700831
4 4 0.139929 0.038037 0.011958 0.064411 0.745666
4 4 0.197123 0.045560 0.017128 0.050313 0.689876
4 4 0.237600 0.049424 0.020555 0.042327 0.650094
4 4 0.266822 0.062118 0.030198 0.046445 0.594418
4 4 0.272401 0.083919 0.048526 0.062355 0.532799
4 4 0.286404 0.083242 0.048933 0.057109 0.524312
4 4 0.296303 0.071153 0.038845 0.045784 0.547915
4 4 0.263846 0.072780 0.038301 0.056410 0.568663
4 4 0.235107 0.086220 0.047941 0.080084 0.550647
4 4 0.194717 0.086593 0.045572 0.104825 0.568293
4 4 0.186867 0.074216 0.035251 0.094707 0.608959
4 4 0.174047 0.075815 0.035794 0.106446 0.607898
4 4 0.194646 0.093615 0.051759 0.112986 0.546994
4 4 0.207936 0.130555 0.094004 0.134438 0.433067
4 4 0.240406 0.146464 0.122884 0.115808 0.374438
4 4 0.227246 0.172127 0.175410 0.126575 0.298642
4 4 0.259174 0.173012 0.184137 0.103211 0.280466
4 4 0.249663 0.180981 0.203255 0.107318 0.258781
4 4 0.248705 0.169398 0.171088 0.111645 0.299165
4 4 0.212479 0.164626 0.150810 0.142258 0.329827
4 4 0.206498 0.148358 0.120113 0.144572 0.380457
4 4 0.204543 0.150755 0.123761 0.147260 0.373682
4 1 0.202069 0.156639 0.133545 0.151300 0.356448
4 1 0.170119 0.168549 0.184735 0.170276 0.306321
2 1 0.113965 0.167152 0.277248 0.197818 0.243817
2 1 0.082040 0.156229 0.370769 0.203146 0.187817
2 1 0.073083 0.147019 0.432897 0.186378 0.160623
2 1 0.068543 0.142578 0.478533 0.166178 0.144169
2 1 0.051964 0.118425 0.572561 0.146318 0.110732
2 1 0.041154 0.098520 0.641768 0.132622 0.085936
2 1 0.032413 0.079522 0.702899 0.120982 0.064184
2 1 0.029022 0.070090 0.726157 0.120565 0.054166
2 1 0.026064 0.062655 0.739056 0.124861 0.047364
2 1 0.024523 0.059608 0.740536 0.130085 0.045249
2 1 0.022132 0.055367 0.757145 0.123995 0.041360
2 1 0.020774 0.053359 0.769591 0.116842 0.039433
2 1 0.019188 0.050677 0.788894 0.104737 0.036503
2 1 0.018390 0.049120 0.795440 0.101956 0.035093
2 1 0.017274 0.046275 0.799211 0.104384 0.032857
2 1 0.017196 0.045952 0.794898 0.109061 0.032894
2 1 0.017499 0.046733 0.792442 0.109708 0.033619
2 1 0.019610 0.051498 0.787101 0.104672 0.037119
2 1 0.023205 0.057475 0.787331 0.092028 0.039961
2 1 0.033008 0.072516 0.758247 0.086709 0.049520
2 1 0.050871 0.096490 0.700766 0.085804 0.066069
2 1 0.074496 0.126435 0.606474 0.099380 0.093214
2 1 0.077111 0.134453 0.568650 0.113020 0.106765
2 1 0.076277 0.142661 0.518267 0.135455 0.127341
2 1 0.069584 0.142837 0.496447 0.152050 0.139082
2 1 0.065979 0.141341 0.492195 0.158466 0.142019
2 1 0.058310 0.130603 0.517639 0.162831 0.130618
2 1 0.048315 0.113938 0.572695 0.156010 0.109041
2 1 0.037743 0.093894 0.641346 0.142941 0.084075
2 1 0.031091 0.080164 0.691450 0.129510 0.067784
2 1 0.026482 0.069663 0.732842 0.115483 0.055530
2 1 0.024200 0.063941 0.754102 0.108581 0.049176
2 1 0.022315 0.058950 0.777940 0.097550 0.043245
2 1 0.021680 0.057192 0.790244 0.090073 0.040810
2 1 0.021415 0.056810 0.796888 0.084878 0.040009
2 2 0.021003 0.056321 0.797669 0.085171 0.039836
2 2 0.020214 0.054616 0.794942 0.091095 0.039133
2 2 0.019761 0.052659 0.790954 0.098739 0.037886
2 2 0.020721 0.053628 0.780639 0.106144 0.038868
2 2 0.018785 0.049451 0.793810 0.102764 0.035191
2 2 0.018510 0.049511 0.801328 0.095735 0.034916
2 2 0.016963 0.046423 0.816454 0.088163 0.031997
2 2 0.016863 0.046768 0.815358 0.088473 0.032539
2 2 0.016778 0.046114 0.804157 0.100141 0.032810
2 2 0.017113 0.046132 0.777039 0.125312 0.034404
2 2 0.017594 0.046015 0.742192 0.158229 0.035970
2 2 0.017288 0.044382 0.715261 0.187283 0.035786
2 2 0.017374 0.044332 0.707933 0.194335 0.036026
2 2 0.016859 0.042824 0.720187 0.186134 0.033996
2 2 0.016897 0.042908 0.729211 0.177393 0.033592
2 2 0.016592 0.042093 0.737389 0.171457 0.032469
2 2 0.016676 0.042012 0.732251 0.176512 0.032549
2 2 0.016554 0.041247 0.725635 0.184506 0.032058
2 2 0.017001 0.041887 0.707779 0.200045 0.033288
2 2 0.018136 0.043533 0.672075 0.229896 0.036361
2 2 0.020365 0.046861 0.629602 0.261179 0.041993
2 2 0.023441 0.050292 0.585219 0.293429 0.047620
2 2 0.029694 0.059139 0.548823 0.304934 0.057410
2 2 0.024038 0.050929 0.542335 0.331612 0.051086
2 2 0.022183 0.049142 0.567928 0.312502 0.048245
2 2 0.018556 0.041661 0.597872 0.303161 0.038749
2 2 0.018432 0.041758 0.647334 0.256706 0.035770
2 2 0.018437 0.041652 0.674149 0.231991 0.033770
2 2 0.020081 0.044706 0.719237 0.182666 0.033310
2 2 0.025468 0.052303 0.718211 0.166259 0.037759
2 2 0.042070 0.075618 0.671854 0.155392 0.055066
2 2 0.036693 0.068894 0.695636 0.149352 0.049425
2 2 0.039973 0.075020 0.672314 0.156828 0.055865
2 2 0.026346 0.053356 0.733375 0.149625 0.037297
2 2 0.028407 0.055425 0.721016 0.156309 0.038843
2 2 0.026799 0.052441 0.735517 0.149387 0.035855
2 2 0.032838 0.062116 0.711320 0.150131 0.043595
2 0 0.035992 0.068531 0.693939 0.151857 0.049682
2 1 0.041261 0.077404 0.663575 0.159342 0.058417
2 1 0.050938 0.092961 0.617924 0.164336 0.073841
2 1 0.121074 0.153209 0.419955 0.149465 0.156297
2 1 0.140733 0.178550 0.335146 0.149808 0.195763
4 1 0.180880 0.178690 0.248536 0.139351 0.252543
4 1 0.210014 0.170781 0.192456 0.131154 0.295595
4 1 0.259584 0.156480 0.145674 0.104346 0.333916
4 1 0.237179 0.175265 0.181946 0.119466 0.286143
4 1 0.234879 0.182474 0.201262 0.118695 0.262690
2 1 0.199284 0.199859 0.246117 0.139198 0.215543
2 1 0.176898 0.196447 0.245735 0.158322 0.222598
2 1 0.105533 0.171316 0.381987 0.168943 0.172222
2 1 0.095436 0.163691 0.416784 0.162950 0.161139
2 1 0.061667 0.122622 0.560343 0.146866 0.108502
2 1 0.057463 0.118594 0.575481 0.143644 0.104818
2 2 0.044594 0.097230 0.648320 0.129856 0.080000
2 2 0.050383 0.102956 0.643946 0.120894 0.081822
2 2 0.059709 0.111062 0.634170 0.110792 0.084267
2 1 0.095553 0.149108 0.518627 0.117837 0.118876
2 1 0.103699 0.156144 0.491103 0.122352 0.126702
2 1 0.120118 0.173391 0.410935 0.141301 0.154255
2 1 0.112591 0.171889 0.407380 0.148858 0.159283
2 1 0.112274 0.174167 0.390139 0.156094 0.167326
2 1 0.096696 0.159037 0.451873 0.147400 0.144995
2 1 0.097802 0.160603 0.453265 0.142841 0.145489
2 1 0.097782 0.158915 0.464229 0.138317 0.140757
2 1 0.098613 0.160369 0.456537 0.140769 0.143712
2 1 0.101644 0.164900 0.432686 0.147949 0.152822
2 1 0.109308 0.171679 0.401819 0.153903 0.163292
2 1 0.116880 0.178830 0.364737 0.162404 0.177148
2 1 0.131840 0.183596 0.325035 0.162908 0.196621
2 1 0.136689 0.180417 0.293907 0.168959 0.220028
2 1 0.149785 0.181784 0.272256 0.164129 0.232045
4 1 0.180567 0.183598 0.240040 0.147371 0.248424
4 1 0.192486 0.185641 0.237594 0.139008 0.245271
4 1 0.213820 0.185851 0.219117 0.130279 0.250932
4 1 0.215642 0.188116 0.216008 0.131538 0.248695
4 1 0.181702 0.188606 0.226535 0.156613 0.246544
2 1 0.158898 0.186782 0.243152 0.171796 0.239373
2 1 0.146690 0.180984 0.268394 0.169048 0.234884
2 1 0.122268 0.176112 0.318321 0.173141 0.210157
2 1 0.097240 0.167070 0.359933 0.184101 0.191655
2 1 0.084122 0.159074 0.381930 0.191393 0.183481
2 1 0.077909 0.154769 0.398514 0.189886 0.178923
2 1 0.085637 0.156953 0.372053 0.189862 0.195495
2 1 0.096540 0.160885 0.347761 0.185514 0.209300
2 1 0.117773 0.164745 0.290862 0.182142 0.244478
4 1 0.131185 0.162827 0.240555 0.184727 0.280705
4 4 0.164345 0.148518 0.147069 0.171646 0.368422
4 4 0.187262 0.136565 0.102038 0.156665 0.417470
4 4 0.206276 0.114744 0.074294 0.124325 0.480361
4 4 0.263007 0.099537 0.063192 0.077596 0.496668
4 4 0.305133 0.092418 0.059650 0.057042 0.485757
4 4 0.314597 0.097834 0.066552 0.057072 0.463945
4 4 0.308585 0.094236 0.061932 0.057001 0.478246
4 4 0.291447 0.082408 0.048529 0.054953 0.522663
4 4 0.290148 0.075198 0.041930 0.050292 0.542431
4 4 0.323860 0.075612 0.044549 0.042134 0.513846
4 4 0.362776 0.089044 0.061663 0.040514 0.446002
4 4 0.391214 0.090601 0.066690 0.035536 0.415959
4 4 0.340251 0.118972 0.097959 0.057665 0.385153
4 4 0.280787 0.133824 0.109929 0.086930 0.388531
4 4 0.258515 0.134967 0.107707 0.099819 0.398992
4 4 0.242252 0.111120 0.073877 0.096532 0.476219
4 4 0.226190 0.096164 0.056538 0.094080 0.527028
4 4 0.235320 0.080812 0.043250 0.074885 0.565733
4 4 0.257874 0.080189 0.044174 0.064776 0.552988
4 4 0.250702 0.066962 0.033037 0.055639 0.593660
4 4 0.251248 0.056496 0.025583 0.045630 0.621043
4 4 0.253876 0.045209 0.018494 0.034351 0.648070
4 4 0.261444 0.051108 0.022392 0.038112 0.626943
4 4 0.262833 0.054766 0.024856 0.041050 0.616494
4 4 0.227534 0.056242 0.024515 0.052629 0.639081
4 4 0.208909 0.059016 0.025616 0.062967 0.643491
4 4 0.206178 0.066240 0.030403 0.073110 0.624070
4 4 0.245072 0.078883 0.042234 0.068766 0.565045
4 4 0.287030 0.098781 0.064733 0.067101 0.482355
4 4 0.293430 0.135855 0.115717 0.081219 0.373779
4 4 0.222372 0.182480 0.196372 0.129766 0.269010
4 4 0.225916 0.184760 0.204501 0.125404 0.259419
0 4 0.267982 0.180209 0.210189 0.093977 0.247643
2 4 0.147733 0.179581 0.301141 0.151492 0.220054
2 4 0.149072 0.177270 0.299901 0.148671 0.225086
2 4 0.178061 0.184099 0.276077 0.134632 0.227131
2 4 0.107735 0.163364 0.428977 0.152579 0.147345
2 4 0.078178 0.125752 0.543649 0.150563 0.101858
2 4 0.058406 0.102265 0.615549 0.144778 0.079002
2 4 0.038345 0.078342 0.698905 0.126393 0.058016
2 4 0.031818 0.072164 0.733664 0.109318 0.053036
2 4 0.034397 0.080660 0.713877 0.108960 0.062106
2 4 0.033455 0.080957 0.717188 0.105517 0.062883
2 1 0.037281 0.088845 0.687314 0.114663 0.071897
2 1 0.039137 0.092345 0.668600 0.123205 0.076714
2 1 0.048650 0.110134 0.602719 0.139980 0.098517
2 1 0.065939 0.137500 0.501420 0.160200 0.134940
2 1 0.079920 0.155182 0.405004 0.186259 0.173634
2 1 0.101468 0.162081 0.310368 0.198642 0.227442
2 1 0.090208 0.153073 0.314881 0.231762 0.210076
2 1 0.088012 0.152645 0.342471 0.229536 0.187336
2 1 0.063182 0.122880 0.526492 0.173679 0.113768
2 1 0.039370 0.087410 0.666600 0.135529 0.071091
2 2 0.020828 0.052370 0.791507 0.098769 0.036526
2 2 0.016970 0.044335 0.807648 0.100554 0.030494
2 2 0.015962 0.042193 0.798138 0.113917 0.029790
2 2 0.017399 0.045032 0.762871 0.140953 0.033746
2 2 0.018938 0.047822 0.723995 0.171344 0.037901
2 2 0.019662 0.049006 0.697824 0.193281 0.040227
2 2 0.019462 0.048487 0.697435 0.194828 0.039788
2 2 0.019214 0.047725 0.710046 0.184689 0.038326
2 2 0.018430 0.045791 0.741050 0.159809 0.034920
2 2 0.017965 0.044425 0.762338 0.142743 0.032529
2 2 0.016692 0.042324 0.787417 0.123673 0.029894
2 2 0.016049 0.041972 0.784574 0.127125 0.030280
2 2 0.015842 0.041885 0.770390 0.140683 0.031200
2 2 0.016826 0.042940 0.723508 0.182722 0.034003
2 2 0.017693 0.042987 0.679571 0.224363 0.035385
2 2 0.017949 0.041811 0.624640 0.278472 0.037128
2 2 0.017267 0.039708 0.599490 0.306794 0.036742
2 2 0.016986 0.039359 0.602725 0.304590 0.036339
2 2 0.017163 0.040646 0.622403 0.283161 0.036627
2 2 0.016894 0.040808 0.684003 0.224842 0.033453
2 2 0.017076 0.041484 0.712989 0.195998 0.032452
2 2 0.017256 0.042008 0.717679 0.190356 0.032701
2 2 0.017953 0.043359 0.685243 0.217738 0.035707
2 2 0.018815 0.044811 0.617537 0.277481 0.041357
2 2 0.018693 0.043510 0.576987 0.317935 0.042875
2 2 0.018150 0.040948 0.533123 0.364774 0.043004
2 2 0.017646 0.038653 0.503001 0.398667 0.042034
3 2 0.017723 0.036110 0.431356 0.471938 0.042872
3 2 0.018405 0.034022 0.347457 0.555222 0.044894
3 2 0.018412 0.030748 0.260112 0.644443 0.046284
3 2 0.018275 0.028102 0.203148 0.703733 0.046742
3 2 0.017663 0.025986 0.172770 0.737481 0.046100
3 3 0.017785 0.025620 0.161201 0.748653 0.046741
3 3 0.017592 0.025006 0.149406 0.760712 0.047285
3 3 0.017751 0.024678 0.137506 0.771733 0.048332
3 3 0.018471 0.024671 0.119211 0.786276 0.051371
3 3 0.019293 0.024218 0.095709 0.805683 0.055098
3 3 0.022764 0.028342 0.100937 0.784463 0.063494
3 3 0.025556 0.032325 0.116900 0.757097 0.068122
3 3 0.035247 0.048011 0.196302 0.640261 0.080180
3 3 0.032118 0.048811 0.260896 0.585673 0.072502
3 3 0.030442 0.051404 0.321571 0.525844 0.070739
3 3 0.021940 0.038445 0.296439 0.587126 0.056049
3 2 0.019001 0.033862 0.296713 0.601293 0.049130
3 2 0.016044 0.028155 0.274602 0.639511 0.041688
3 2 0.015867 0.027049 0.252265 0.663368 0.041451
3 2 0.016188 0.025046 0.184068 0.730772 0.043926
3 2 0.017996 0.024910 0.131011 0.775863 0.050219
3 2 0.018944 0.022930 0.083716 0.819718 0.054693
3 2 0.021811 0.023974 0.067006 0.825771 0.061439
3 2 0.025700 0.027840 0.066844 0.807383 0.072234
3 3 0.038109 0.041596 0.091583 0.734253 0.094460
3 3 0.055536 0.059610 0.129484 0.643598 0.111773
3 3 0.054137 0.062326 0.166886 0.611703 0.104948
3 3 0.042890 0.053199 0.169601 0.641918 0.092392
3 3 0.027898 0.036271 0.142612 0.723365 0.069854
3 3 0.020574 0.026607 0.115518 0.781461 0.055840
3 3 0.017580 0.022314 0.102652 0.809047 0.048406
3 3 0.017473 0.022245 0.103769 0.808498 0.048016
3 3 0.017716 0.021945 0.093879 0.817165 0.049295
3 3 0.017784 0.020079 0.066394 0.844412 0.051331
3 3 0.015420 0.016668 0.043468 0.872900 0.051544
3 3 0.011273 0.012671 0.030585 0.898155 0.047316
3 3 0.008469 0.009751 0.022723 0.916940 0.042116
3 3 0.007150 0.008358 0.019016 0.926077 0.039399
3 3 0.006044 0.007167 0.015951 0.934055 0.036783
3 3 0.005266 0.006336 0.013735 0.939615 0.035048
3 3 0.004304 0.005245 0.011230 0.947427 0.031793
3 3 0.003694 0.004547 0.009633 0.952575 0.029551
3 3 0.003127 0.003890 0.008152 0.957568 0.027263
3 3 0.002754 0.003454 0.007178 0.960979 0.025635
3 3 0.002492 0.003149 0.006479 0.963374 0.024507
3 3 0.002298 0.002919 0.005972 0.965236 0.023575
3 3 0.002193 0.002804 0.005653 0.966047 0.023303
3 3 0.002016 0.002595 0.005181 0.967747 0.022462
