4 4 0.228466 0.190401 0.195552 0.100229 0.285352
4 4 0.205217 0.201434 0.188597 0.080632 0.324121
4 4 0.222778 0.193540 0.190586 0.094508 0.298587
4 4 0.228983 0.190552 0.191012 0.099803 0.289649
4 4 0.245246 0.182208 0.191413 0.114782 0.266350
4 4 0.228193 0.190939 0.190966 0.099116 0.290786
4 4 0.232685 0.188720 0.191195 0.103066 0.284334
4 4 0.224409 0.192765 0.190713 0.095879 0.296234
4 4 0.202175 0.202303 0.198324 0.079760 0.317437
4 4 0.183665 0.207738 0.232409 0.070862 0.305326
4 4 0.187865 0.205784 0.233204 0.073949 0.299199
4 4 0.185750 0.206350 0.236781 0.072871 0.298248
4 4 0.203747 0.200874 0.209229 0.082467 0.303682
4 4 0.233118 0.188503 0.191213 0.103454 0.283712
0 4 0.260539 0.173634 0.190789 0.130555 0.244483
0 4 0.278715 0.162390 0.188627 0.151965 0.218303
0 4 0.278715 0.162390 0.188627 0.151965 0.218303
0 4 0.278715 0.162390 0.188627 0.151965 0.218303
0 0 0.278715 0.162390 0.188627 0.151965 0.218303
0 1 0.278715 0.162390 0.188627 0.151965 0.218303
0 1 0.278715 0.162390 0.188627 0.151965 0.218303
0 1 0.278034 0.162834 0.188739 0.151102 0.219291
0 1 0.268971 0.168572 0.189991 0.140084 0.232382
2 1 0.227736 0.183427 0.243604 0.109773 0.235460
2 2 0.210286 0.188843 0.266804 0.097742 0.236325
2 2 0.181527 0.189359 0.336280 0.088250 0.204584
2 2 0.164529 0.178893 0.403926 0.090137 0.162515
2 2 0.144481 0.174184 0.455955 0.083242 0.142137
2 2 0.117379 0.167297 0.524627 0.070577 0.120120
2 2 0.076682 0.147498 0.642097 0.048732 0.084990
2 2 0.054618 0.130012 0.715232 0.035955 0.064184
2 2 0.034806 0.105174 0.789415 0.026948 0.043658
2 2 0.019571 0.076748 0.856415 0.020923 0.026343
2 2 0.011301 0.055532 0.899761 0.017250 0.016156
2 2 0.008995 0.046833 0.912303 0.018816 0.013053
2 2 0.009673 0.045456 0.903342 0.027911 0.013619
2 2 0.011196 0.046749 0.887380 0.039454 0.015220
2 2 0.010902 0.045165 0.886199 0.042982 0.014752
2 3 0.011470 0.045563 0.879040 0.048612 0.015315
2 2 0.012134 0.044562 0.858194 0.068927 0.016183
2 3 0.012901 0.042809 0.811470 0.115130 0.017689
2 3 0.013032 0.039868 0.739524 0.188551 0.019025
2 3 0.013609 0.038572 0.659599 0.267058 0.021162
2 3 0.013372 0.036834 0.590022 0.337104 0.022668
2 3 0.013133 0.035851 0.543657 0.383431 0.023928
2 3 0.013098 0.035137 0.506670 0.420113 0.024982
2 3 0.012972 0.034649 0.488532 0.438435 0.025413
3 3 0.013054 0.033395 0.439695 0.487516 0.026339
3 3 0.012271 0.031552 0.413447 0.516562 0.026168
3 3 0.011439 0.029408 0.380321 0.552779 0.026053
3 3 0.010449 0.027361 0.363338 0.573942 0.024911
3 3 0.009969 0.026124 0.346632 0.592685 0.024590
3 3 0.010761 0.027274 0.345435 0.590513 0.026018
3 3 0.011095 0.027107 0.318087 0.615925 0.027786
3 3 0.012972 0.029897 0.319784 0.606182 0.031165
3 3 0.013008 0.029046 0.284544 0.640176 0.033227
3 3 0.013213 0.028512 0.257140 0.665824 0.035312
3 3 0.010364 0.023076 0.207673 0.726590 0.032296
3 3 0.008549 0.019523 0.177755 0.764548 0.029625
3 3 0.006898 0.016750 0.159023 0.790759 0.026570
3 3 0.006586 0.016220 0.156242 0.795097 0.025856
3 3 0.006606 0.016226 0.158746 0.792825 0.025597
3 3 0.006267 0.016189 0.172345 0.781237 0.023962
3 3 0.006690 0.017164 0.180955 0.770376 0.024815
3 3 0.006720 0.017403 0.180857 0.769824 0.025196
3 3 0.006238 0.016535 0.172457 0.780308 0.024463
3 3 0.005966 0.015789 0.159314 0.794442 0.024490
3 3 0.004806 0.013050 0.135821 0.824548 0.021775
3 3 0.004231 0.011944 0.128273 0.835261 0.020292
3 3 0.004051 0.011564 0.128348 0.836535 0.019502
3 3 0.004519 0.012453 0.136958 0.825610 0.020461
3 3 0.005391 0.014422 0.155701 0.802132 0.022354
3 3 0.006138 0.015860 0.163214 0.790496 0.024292
3 3 0.007026 0.017291 0.165557 0.783356 0.026769
3 3 0.007468 0.018161 0.172536 0.774251 0.027584
3 3 0.008185 0.019599 0.184709 0.758717 0.028791
3 3 0.009898 0.022464 0.201236 0.734458 0.031944
3 3 0.010409 0.023017 0.201197 0.732409 0.032968
3 3 0.008497 0.019727 0.184150 0.758437 0.029189
3 3 0.006747 0.016631 0.166305 0.784815 0.025501
3 3 0.006224 0.015730 0.158112 0.795271 0.024663
3 3 0.007574 0.018242 0.168388 0.777563 0.028233
3 3 0.009318 0.021073 0.177155 0.759981 0.032473
3 3 0.011422 0.024586 0.197290 0.730518 0.036184
3 3 0.015559 0.030564 0.215919 0.693974 0.043984
3 3 0.026258 0.044627 0.255011 0.613678 0.060426
3 3 0.049662 0.070268 0.313482 0.481819 0.084769
2 2 0.066571 0.090638 0.398658 0.354384 0.089749
2 3 0.104468 0.127230 0.458531 0.201762 0.108009
2 3 0.124065 0.145896 0.468249 0.145073 0.116716
2 3 0.156379 0.172326 0.418492 0.108673 0.144129
2 3 0.147328 0.175463 0.446125 0.091175 0.139909
2 2 0.139626 0.173626 0.466521 0.083903 0.136325
2 2 0.106874 0.163537 0.552809 0.065923 0.110856
2 2 0.103533 0.162076 0.562301 0.063813 0.108278
2 2 0.093872 0.157527 0.590027 0.058451 0.100122
2 2 0.075373 0.146575 0.646318 0.047805 0.083929
2 2 0.065191 0.139180 0.679105 0.042243 0.074282
2 2 0.083009 0.151531 0.622432 0.052455 0.090574
2 2 0.103796 0.162208 0.561511 0.064055 0.108430
2 2 0.137174 0.173027 0.472862 0.082127 0.134810
2 2 0.171747 0.177857 0.390741 0.100307 0.159347
2 2 0.221155 0.175781 0.288262 0.124704 0.190098
0 2 0.275905 0.163305 0.193208 0.150066 0.217516
0 2 0.278715 0.162390 0.188627 0.151965 0.218303
0 2 0.278715 0.162390 0.188627 0.151965 0.218303
0 2 0.278715 0.162390 0.188627 0.151965 0.218303
0 2 0.278715 0.162390 0.188627 0.151965 0.218303
0 2 0.278715 0.162390 0.188627 0.151965 0.218303
0 2 0.278715 0.162390 0.188627 0.151965 0.218303
0 2 0.278715 0.162390 0.188627 0.151965 0.218303
0 2 0.278715 0.162390 0.188627 0.151965 0.218303
0 2 0.266302 0.166216 0.209218 0.143655 0.214609
2 2 0.226615 0.174934 0.278616 0.125467 0.194368
2 2 0.210185 0.176971 0.310293 0.117649 0.184902
2 2 0.176742 0.177963 0.380273 0.101274 0.163747
2 2 0.145055 0.174471 0.453955 0.084919 0.141600
2 2 0.128883 0.170809 0.494436 0.076633 0.129237
2 2 0.140586 0.173627 0.464831 0.082865 0.138091
2 2 0.157895 0.176512 0.422959 0.092170 0.150464
2 2 0.175487 0.177985 0.382699 0.101493 0.162336
2 2 0.183150 0.178208 0.365810 0.105606 0.167226
2 2 0.199862 0.177793 0.330763 0.113501 0.178080
2 2 0.213824 0.176632 0.302878 0.120046 0.186620
0 2 0.246614 0.171190 0.242279 0.135086 0.204831
0 2 0.271467 0.164692 0.200538 0.147092 0.216211
0 2 0.278715 0.162390 0.188627 0.151965 0.218303
0 2 0.278715 0.162390 0.188627 0.151965 0.218303
0 2 0.278715 0.162390 0.188627 0.151965 0.218303
0 2 0.278715 0.162390 0.188627 0.151965 0.218303
0 2 0.278715 0.162390 0.188627 0.151965 0.218303
0 2 0.278715 0.162390 0.188627 0.151965 0.218303
0 2 0.278715 0.162390 0.188627 0.151965 0.218303
0 2 0.275376 0.163475 0.194077 0.149709 0.217364
0 2 0.278715 0.162390 0.188627 0.151965 0.218303
0 2 0.278715 0.162390 0.188627 0.151965 0.218303
0 2 0.278715 0.162390 0.188627 0.151965 0.218303
0 2 0.278715 0.162390 0.188627 0.151965 0.218303
0 2 0.278715 0.162390 0.188627 0.151965 0.218303
0 2 0.278715 0.162390 0.188627 0.151965 0.218303
0 2 0.278715 0.162390 0.188627 0.151965 0.218303
0 2 0.278715 0.162390 0.188627 0.151965 0.218303
0 2 0.278715 0.162390 0.188627 0.151965 0.218303
0 2 0.278715 0.162390 0.188627 0.151965 0.218303
0 2 0.278715 0.162390 0.188627 0.151965 0.218303
0 2 0.278715 0.162390 0.188627 0.151965 0.218303
0 2 0.278715 0.162390 0.188627 0.151965 0.218303
0 2 0.278715 0.162390 0.188627 0.151965 0.218303
0 2 0.278715 0.162390 0.188627 0.151965 0.218303
0 2 0.278715 0.162390 0.188627 0.151965 0.218303
0 2 0.276395 0.163148 0.192407 0.150396 0.217655
0 2 0.270184 0.165080 0.202681 0.146231 0.215824
0 2 0.278318 0.162521 0.189272 0.151696 0.218193
0 2 0.278715 0.162390 0.188627 0.151965 0.218303
0 2 0.278715 0.162390 0.188627 0.151965 0.218303
0 2 0.278715 0.162390 0.188627 0.151965 0.218303
0 2 0.278715 0.162390 0.188627 0.151965 0.218303
0 2 0.278715 0.162390 0.188627 0.151965 0.218303
0 2 0.278715 0.162390 0.188627 0.151965 0.218303
0 2 0.270956 0.164847 0.201391 0.146747 0.216059
0 2 0.254881 0.169239 0.228967 0.136180 0.210732
2 2 0.211280 0.176744 0.309034 0.115764 0.187178
2 2 0.150104 0.175217 0.442166 0.086495 0.146018
2 2 0.093802 0.157301 0.590690 0.057502 0.100705
2 2 0.075502 0.146495 0.646263 0.047213 0.084527
2 2 0.062334 0.136521 0.689308 0.039406 0.072431
2 2 0.062849 0.136869 0.687723 0.039436 0.073124
2 2 0.081356 0.150009 0.628602 0.049381 0.090652
2 2 0.123455 0.168871 0.509587 0.071455 0.126632
2 2 0.152835 0.175525 0.436026 0.086959 0.148655
2 2 0.185140 0.178011 0.362618 0.103868 0.170364
2 2 0.186805 0.178061 0.358806 0.105304 0.171025
2 2 0.149691 0.175146 0.443174 0.086250 0.145739
2 2 0.089378 0.154770 0.604172 0.054173 0.097507
2 2 0.080458 0.149452 0.631362 0.048894 0.089834
2 2 0.076230 0.146747 0.644452 0.046697 0.085874
2 2 0.099847 0.159903 0.574012 0.059190 0.107048
2 2 0.068270 0.146684 0.659665 0.040320 0.085062
2 2 0.065649 0.160614 0.636459 0.033840 0.103439
2 2 0.072723 0.169063 0.605034 0.036036 0.117144
2 2 0.041643 0.116247 0.762879 0.027960 0.051271
2 2 0.046435 0.124094 0.740863 0.029726 0.058883
2 2 0.035440 0.108352 0.787270 0.024120 0.044818
2 2 0.053016 0.131357 0.715978 0.032561 0.067088
2 2 0.074759 0.145784 0.649025 0.046006 0.084426
2 2 0.101599 0.163773 0.562808 0.059035 0.112785
2 2 0.133375 0.180243 0.463878 0.071742 0.150762
2 2 0.164830 0.184760 0.387578 0.086652 0.176180
2 2 0.223817 0.181243 0.263876 0.111617 0.219447
0 2 0.260354 0.173742 0.190802 0.130353 0.244748
0 2 0.254427 0.177150 0.191161 0.124034 0.253228
0 2 0.258298 0.174937 0.190945 0.128129 0.247691
0 4 0.263275 0.172019 0.190567 0.133577 0.240563
0 4 0.277848 0.162956 0.188769 0.150866 0.219561
0 4 0.278715 0.162390 0.188627 0.151965 0.218303
0 4 0.278715 0.162390 0.188627 0.151965 0.218303
0 4 0.278715 0.162390 0.188627 0.151965 0.218303
0 4 0.278715 0.162390 0.188627 0.151965 0.218303
0 4 0.278715 0.162390 0.188627 0.151965 0.218303
0 4 0.278715 0.162390 0.188627 0.151965 0.218303
0 4 0.278715 0.162390 0.188627 0.151965 0.218303
0 4 0.278715 0.162390 0.188627 0.151965 0.218303
0 0 0.278715 0.162390 0.188627 0.151965 0.218303
0 4 0.275348 0.164569 0.189155 0.147746 0.223182
0 4 0.271040 0.167290 0.189743 0.142524 0.229403
0 4 0.273840 0.165530 0.189372 0.145895 0.225364
0 4 0.265484 0.170696 0.190362 0.136065 0.237393
0 4 0.256659 0.175880 0.191044 0.126380 0.250036
0 4 0.254118 0.177325 0.191175 0.123712 0.253669
0 4 0.257650 0.175311 0.190985 0.127435 0.248618
0 4 0.262088 0.172723 0.190667 0.132258 0.242264
0 4 0.275581 0.164420 0.189120 0.148033 0.222846
0 4 0.278715 0.162390 0.188627 0.151965 0.218303
0 1 0.278715 0.162390 0.188627 0.151965 0.218303
0 0 0.278715 0.162390 0.188627 0.151965 0.218303
0 1 0.278715 0.162390 0.188627 0.151965 0.218303
0 1 0.278715 0.162390 0.188627 0.151965 0.218303
0 1 0.278715 0.162390 0.188627 0.151965 0.218303
0 1 0.278715 0.162390 0.188627 0.151965 0.218303
0 0 0.278715 0.162390 0.188627 0.151965 0.218303
0 1 0.278715 0.162390 0.188627 0.151965 0.218303
0 1 0.278715 0.162390 0.188627 0.151965 0.218303
0 1 0.278715 0.162390 0.188627 0.151965 0.218303
0 1 0.278715 0.162390 0.188627 0.151965 0.218303
0 1 0.278715 0.162390 0.188627 0.151965 0.218303
0 1 0.278715 0.162390 0.188627 0.151965 0.218303
0 1 0.278715 0.162390 0.188627 0.151965 0.218303
0 1 0.278715 0.162390 0.188627 0.151965 0.218303
0 0 0.278715 0.162390 0.188627 0.151965 0.218303
0 1 0.278715 0.162390 0.188627 0.151965 0.218303
0 1 0.278715 0.162390 0.188627 0.151965 0.218303
0 1 0.278715 0.162390 0.188627 0.151965 0.218303
0 4 0.278715 0.162390 0.188627 0.151965 0.218303
2 2 0.231846 0.174020 0.269734 0.125593 0.198807
2 2 0.210811 0.176861 0.309444 0.116925 0.185960
2 2 0.199803 0.177741 0.331261 0.112515 0.178680
2 2 0.197731 0.177847 0.335519 0.111515 0.177388
2 2 0.198403 0.177805 0.334191 0.111696 0.177904
2 2 0.213746 0.176553 0.303760 0.118078 0.187862
2 2 0.213468 0.176560 0.304476 0.117487 0.188008
2 2 0.213584 0.176489 0.304677 0.116381 0.188868
2 2 0.203314 0.177378 0.325044 0.111757 0.182507
2 2 0.216445 0.176185 0.299043 0.117882 0.190445
2 2 0.205305 0.177256 0.320918 0.112989 0.183532
2 2 0.201837 0.177537 0.327647 0.112097 0.180882
2 2 0.204495 0.177444 0.321692 0.114854 0.181515
2 2 0.214178 0.176594 0.302188 0.120211 0.186830
2 2 0.204468 0.177484 0.321477 0.115538 0.181034
2 2 0.198719 0.177830 0.333278 0.112519 0.177654
2 2 0.173255 0.177875 0.387682 0.100321 0.160867
2 2 0.160406 0.176843 0.416931 0.093843 0.151976
2 2 0.150371 0.175562 0.440421 0.089177 0.144470
2 2 0.141843 0.174151 0.460773 0.085631 0.137603
2 2 0.139980 0.173795 0.465297 0.084837 0.136091
2 2 0.154977 0.176298 0.429179 0.092163 0.147383
2 2 0.188279 0.178229 0.354669 0.108498 0.170325
2 2 0.224147 0.175334 0.282885 0.125315 0.192319
0 2 0.273593 0.164037 0.197013 0.148511 0.216846
0 2 0.278715 0.162390 0.188627 0.151965 0.218303
0 2 0.278715 0.162390 0.188627 0.151965 0.218303
0 2 0.272879 0.164250 0.198042 0.148483 0.216346
2 2 0.219391 0.176002 0.291780 0.123501 0.189326
2 2 0.207850 0.177219 0.314640 0.117292 0.182998
2 2 0.176165 0.178110 0.380705 0.103009 0.162011
2 2 0.179989 0.178224 0.372312 0.104909 0.164566
2 2 0.213812 0.176713 0.302138 0.122012 0.185325
0 2 0.278715 0.162390 0.188627 0.151965 0.218303
0 2 0.278715 0.162390 0.188627 0.151965 0.218303
0 2 0.278715 0.162390 0.188627 0.151965 0.218303
0 2 0.278715 0.162390 0.188627 0.151965 0.218303
0 2 0.278715 0.162390 0.188627 0.151965 0.218303
0 2 0.278715 0.162390 0.188627 0.151965 0.218303
0 1 0.278715 0.162390 0.188627 0.151965 0.218303
0 1 0.278715 0.162390 0.188627 0.151965 0.218303
0 2 0.278715 0.162390 0.188627 0.151965 0.218303
0 2 0.278715 0.162390 0.188627 0.151965 0.218303
0 2 0.278715 0.162390 0.188627 0.151965 0.218303
0 2 0.278715 0.162390 0.188627 0.151965 0.218303
0 2 0.278715 0.162390 0.188627 0.151965 0.218303
0 2 0.278715 0.162390 0.188627 0.151965 0.218303
0 2 0.278715 0.162390 0.188627 0.151965 0.218303
0 2 0.278715 0.162390 0.188627 0.151965 0.218303
0 1 0.278715 0.162390 0.188627 0.151965 0.218303
0 0 0.278715 0.162390 0.188627 0.151965 0.218303
0 1 0.278715 0.162390 0.188627 0.151965 0.218303
0 1 0.278715 0.162390 0.188627 0.151965 0.218303
0 1 0.278715 0.162390 0.188627 0.151965 0.218303
0 1 0.278715 0.162390 0.188627 0.151965 0.218303
0 1 0.278715 0.162390 0.188627 0.151965 0.218303
0 1 0.278715 0.162390 0.188627 0.151965 0.218303
0 1 0.278273 0.162536 0.189344 0.151665 0.218181
0 1 0.267071 0.165995 0.207916 0.144163 0.214854
0 1 0.263909 0.166889 0.213293 0.142075 0.213834
2 1 0.243309 0.171889 0.248440 0.132579 0.203783
2 2 0.242454 0.172059 0.250133 0.131678 0.203676
0 2 0.257995 0.168462 0.223506 0.138203 0.211834
2 2 0.241757 0.172181 0.251738 0.130310 0.204013
2 2 0.216404 0.176243 0.298705 0.119001 0.189647
2 2 0.184725 0.178354 0.362577 0.103499 0.170845
2 2 0.146519 0.178002 0.442907 0.082272 0.150301
2 2 0.104757 0.163198 0.557817 0.062647 0.111580
2 2 0.102537 0.161399 0.565722 0.062016 0.108327
2 2 0.107923 0.163622 0.550794 0.064634 0.113027
2 2 0.125346 0.169577 0.504272 0.073285 0.127520
2 2 0.145256 0.174329 0.454064 0.083633 0.142718
2 2 0.161083 0.176664 0.416363 0.091810 0.154080
2 2 0.157719 0.176339 0.423956 0.090707 0.151278
2 2 0.159432 0.176575 0.419837 0.091849 0.152307
2 2 0.154170 0.175864 0.432341 0.088856 0.148768
2 2 0.174904 0.177767 0.384881 0.099033 0.163415
2 2 0.225612 0.175040 0.281000 0.123629 0.194718
0 2 0.269640 0.165242 0.203591 0.145870 0.215657
0 2 0.278715 0.162390 0.188627 0.151965 0.218303
0 2 0.278715 0.162390 0.188627 0.151965 0.218303
0 2 0.278715 0.162390 0.188627 0.151965 0.218303
0 2 0.278715 0.162390 0.188627 0.151965 0.218303
0 2 0.278715 0.162390 0.188627 0.151965 0.218303
0 0 0.278715 0.162390 0.188627 0.151965 0.218303
0 0 0.278715 0.162390 0.188627 0.151965 0.218303
0 0 0.278715 0.162390 0.188627 0.151965 0.218303
0 0 0.278715 0.162390 0.188627 0.151965 0.218303
0 0 0.278715 0.162390 0.188627 0.151965 0.218303
0 0 0.278715 0.162390 0.188627 0.151965 0.218303
0 0 0.278715 0.162390 0.188627 0.151965 0.218303
0 0 0.278715 0.162390 0.188627 0.151965 0.218303
0 0 0.278715 0.162390 0.188627 0.151965 0.218303
0 0 0.278715 0.162390 0.188627 0.151965 0.218303
0 0 0.278715 0.162390 0.188627 0.151965 0.218303
0 4 0.244614 0.176550 0.226953 0.123408 0.228475
4 4 0.214124 0.190404 0.248258 0.097647 0.249567
4 4 0.201443 0.198133 0.242348 0.085654 0.272422
4 4 0.198648 0.200154 0.237887 0.082730 0.280582
4 4 0.215659 0.196547 0.194686 0.089462 0.303646
4 4 0.214824 0.197217 0.189828 0.088030 0.310102
4 4 0.213007 0.198033 0.189621 0.086596 0.312742
4 4 0.221709 0.194044 0.190498 0.093618 0.300130
4 4 0.247908 0.180769 0.191377 0.117400 0.262546
0 4 0.270983 0.167326 0.189750 0.142457 0.229485
0 4 0.278715 0.162390 0.188627 0.151965 0.218303
0 4 0.276720 0.163686 0.188947 0.149450 0.221196
0 4 0.269923 0.167984 0.189879 0.141201 0.231013
0 4 0.266787 0.169908 0.190230 0.137553 0.235523
0 4 0.262454 0.172506 0.190637 0.132663 0.241740
0 4 0.266111 0.170317 0.190300 0.136779 0.236493
0 4 0.273486 0.165754 0.189421 0.145464 0.225875
0 4 0.268974 0.168570 0.189991 0.140088 0.232378
0 4 0.262183 0.172667 0.190659 0.132363 0.242128
0 4 0.267084 0.169727 0.190199 0.137895 0.235096
0 4 0.271240 0.167166 0.189717 0.142762 0.229115
0 4 0.272725 0.166234 0.189524 0.144543 0.226973
0 4 0.266618 0.170010 0.190248 0.137360 0.235765
0 4 0.255339 0.176634 0.191116 0.124987 0.251925
0 4 0.254180 0.177290 0.191172 0.123777 0.253581
0 4 0.271519 0.166991 0.189682 0.143095 0.228712
0 4 0.278715 0.162390 0.188627 0.151965 0.218303
0 4 0.278715 0.162390 0.188627 0.151965 0.218303
0 4 0.278715 0.162390 0.188627 0.151965 0.218303
0 4 0.278715 0.162390 0.188627 0.151965 0.218303
0 4 0.278715 0.162390 0.188627 0.151965 0.218303
0 4 0.275087 0.164736 0.189193 0.147423 0.223560
4 4 0.226668 0.187021 0.227995 0.105206 0.253111
4 4 0.235326 0.187389 0.191294 0.105445 0.280547
4 4 0.248598 0.180392 0.191363 0.118088 0.261559
4 4 0.253336 0.177765 0.191210 0.122901 0.254788
0 4 0.261805 0.172889 0.190690 0.131946 0.242669
0 4 0.254227 0.177264 0.191170 0.123825 0.253514
4 4 0.240080 0.184942 0.191401 0.109839 0.273738
4 4 0.235284 0.187410 0.191292 0.105407 0.280607
4 4 0.236893 0.186589 0.191339 0.106878 0.278301
0 4 0.254945 0.176857 0.191136 0.124574 0.252488
0 4 0.277865 0.162945 0.188766 0.150888 0.219536
0 4 0.278715 0.162390 0.188627 0.151965 0.218303
0 4 0.278715 0.162390 0.188627 0.151965 0.218303
0 4 0.278715 0.162390 0.188627 0.151965 0.218303
0 4 0.278715 0.162390 0.188627 0.151965 0.218303
0 4 0.278715 0.162390 0.188627 0.151965 0.218303
0 4 0.266956 0.169805 0.190213 0.137747 0.235279
4 4 0.228520 0.190779 0.190985 0.099399 0.290316
4 4 0.218157 0.195697 0.190174 0.090704 0.305267
4 4 0.213333 0.197888 0.189659 0.086852 0.312268
4 4 0.172638 0.211863 0.238932 0.064077 0.312490
4 4 0.137712 0.222581 0.272450 0.045589 0.321669
4 4 0.130262 0.225435 0.271917 0.041478 0.330907
4 4 0.137301 0.223805 0.261690 0.044643 0.332562
4 4 0.154570 0.215731 0.272592 0.055627 0.301479
4 4 0.204277 0.198911 0.226195 0.085417 0.285200
4 1 0.249356 0.179976 0.191345 0.118847 0.260476
4 4 0.250321 0.179445 0.191318 0.119819 0.259097
4 4 0.212896 0.195280 0.221295 0.091649 0.278879
2 4 0.148137 0.213439 0.310484 0.056093 0.271847
2 4 0.112508 0.217497 0.378401 0.040424 0.251170
2 4 0.094122 0.214033 0.432779 0.033937 0.225129
2 4 0.076351 0.197813 0.522668 0.030123 0.173045
2 4 0.074246 0.191513 0.545295 0.030773 0.158173
2 4 0.084336 0.201014 0.499062 0.033709 0.181879
2 4 0.114147 0.216836 0.379600 0.041964 0.247453
4 4 0.154273 0.217300 0.260517 0.054402 0.313509
4 4 0.178755 0.211808 0.196332 0.063680 0.349425
4 4 0.180963 0.210992 0.183977 0.063815 0.360253
4 4 0.182855 0.210303 0.184416 0.065038 0.357388
4 4 0.168140 0.215703 0.197062 0.057297 0.361798
4 4 0.141589 0.224628 0.220358 0.044281 0.369144
4 4 0.125831 0.228831 0.247728 0.037834 0.359778
4 4 0.126554 0.228552 0.248443 0.038232 0.358219
4 4 0.133173 0.225556 0.258817 0.042233 0.340221
4 4 0.163592 0.216438 0.227181 0.057216 0.335572
4 4 0.194571 0.204241 0.218106 0.076873 0.306209
4 4 0.244327 0.182701 0.191419 0.113889 0.267665
0 0 0.271410 0.167059 0.189696 0.142965 0.228870
0 4 0.268433 0.168902 0.190052 0.139456 0.233156
4 4 0.248531 0.180429 0.191364 0.118021 0.261656
4 4 0.229292 0.190401 0.191029 0.100072 0.289205
4 4 0.209916 0.199402 0.189242 0.084194 0.317246
4 4 0.209338 0.199655 0.189167 0.083750 0.318090
4 4 0.225168 0.192402 0.190768 0.096522 0.295141
4 4 0.253430 0.177712 0.191206 0.122999 0.254653
0 4 0.278715 0.162390 0.188627 0.151965 0.218303
0 4 0.278715 0.162390 0.188627 0.151965 0.218303
0 1 0.278495 0.162534 0.188664 0.151685 0.218622
0 1 0.257137 0.175607 0.191016 0.126888 0.249353
0 1 0.257202 0.175569 0.191013 0.126957 0.249260
0 2 0.269188 0.168438 0.189966 0.140338 0.232070
0 2 0.278193 0.162562 0.189474 0.151611 0.218159
0 4 0.278715 0.162390 0.188627 0.151965 0.218303
0 4 0.278715 0.162390 0.188627 0.151965 0.218303
0 0 0.278715 0.162390 0.188627 0.151965 0.218303
0 1 0.278715 0.162390 0.188627 0.151965 0.218303
0 2 0.278715 0.162390 0.188627 0.151965 0.218303
0 2 0.278715 0.162390 0.188627 0.151965 0.218303
0 1 0.278715 0.162390 0.188627 0.151965 0.218303
2 2 0.228963 0.176776 0.267316 0.121944 0.205001
2 2 0.220206 0.181930 0.270564 0.112725 0.214576
0 2 0.238147 0.179493 0.232117 0.117758 0.232486
0 2 0.239465 0.179815 0.226628 0.117722 0.236370
2 2 0.224294 0.178576 0.272574 0.118124 0.206432
2 2 0.217559 0.178185 0.290010 0.117091 0.197156
2 2 0.229458 0.174454 0.273690 0.125761 0.196636
0 2 0.276016 0.163270 0.193026 0.150141 0.217547
0 1 0.278715 0.162390 0.188627 0.151965 0.218303
2 2 0.183621 0.178309 0.364244 0.107162 0.166664
2 2 0.075081 0.157498 0.626110 0.042860 0.098452
2 2 0.049006 0.129345 0.727023 0.030002 0.064624
2 2 0.048882 0.131742 0.723054 0.029265 0.067057
2 2 0.057486 0.140977 0.690481 0.033927 0.077129
2 2 0.059553 0.136737 0.694242 0.037142 0.072326
2 2 0.082403 0.152116 0.622622 0.049917 0.092941
2 2 0.111474 0.164851 0.541433 0.065647 0.116594
2 2 0.135122 0.172060 0.479561 0.077578 0.135679
2 2 0.133670 0.171640 0.483417 0.076394 0.134879
2 2 0.152953 0.175408 0.436187 0.085946 0.149506
2 2 0.136411 0.174064 0.472494 0.076940 0.140091
2 2 0.137639 0.172818 0.472721 0.080075 0.136746
2 2 0.181870 0.178207 0.368504 0.105162 0.166259
2 2 0.232616 0.174025 0.266153 0.131852 0.195354
2 2 0.192980 0.178291 0.343650 0.113492 0.171588
2 2 0.148811 0.175548 0.443226 0.090470 0.141944
2 2 0.082574 0.140957 0.614036 0.075059 0.087374
2 2 0.045190 0.115632 0.747618 0.037681 0.053879
2 2 0.043224 0.118174 0.756719 0.029149 0.052734
2 2 0.053016 0.128469 0.720914 0.034959 0.062642
2 2 0.053264 0.128081 0.719646 0.036464 0.062544
2 2 0.051119 0.124451 0.726507 0.038015 0.059907
2 2 0.111739 0.165917 0.537988 0.071401 0.112955
2 2 0.240674 0.172497 0.250669 0.138035 0.198125
0 2 0.275872 0.163270 0.192654 0.151847 0.216358
2 2 0.235965 0.173398 0.260412 0.132438 0.197787
2 2 0.177370 0.178134 0.378148 0.103371 0.162977
2 2 0.105101 0.162769 0.557837 0.064792 0.109500
2 2 0.063791 0.137927 0.684022 0.040970 0.073290
2 2 0.048473 0.122440 0.736879 0.034345 0.057863
2 2 0.030766 0.096056 0.805328 0.028934 0.038916
2 2 0.021170 0.077809 0.847785 0.025261 0.027975
2 2 0.019034 0.073573 0.858206 0.023700 0.025487
2 2 0.016607 0.066912 0.869505 0.024536 0.022441
2 2 0.013760 0.059377 0.883866 0.024085 0.018912
2 2 0.012064 0.054063 0.892173 0.024982 0.016717
2 2 0.011374 0.051890 0.895737 0.025160 0.015840
2 2 0.012367 0.053089 0.888088 0.029504 0.016952
2 2 0.011820 0.050934 0.890035 0.030966 0.016245
2 2 0.011672 0.049617 0.888995 0.033735 0.015981
2 2 0.011533 0.048702 0.888542 0.035459 0.015763
2 2 0.013736 0.052015 0.870783 0.045259 0.018207
2 2 0.014411 0.052772 0.864650 0.049262 0.018904
2 2 0.015547 0.054106 0.849838 0.059888 0.020621
2 2 0.016266 0.055493 0.844641 0.062039 0.021561
2 2 0.015855 0.053833 0.839817 0.069160 0.021335
2 2 0.015457 0.052533 0.841367 0.070037 0.020606
2 2 0.015079 0.050127 0.829404 0.085069 0.020321
2 2 0.015887 0.050021 0.809883 0.102910 0.021300
2 2 0.016070 0.050828 0.810950 0.100486 0.021667
2 3 0.016921 0.055099 0.825066 0.080036 0.022879
2 3 0.022875 0.068447 0.807507 0.071110 0.030062
2 2 0.033476 0.087924 0.774810 0.062617 0.041173
2 2 0.037447 0.095652 0.767898 0.054520 0.044483
2 2 0.038529 0.100130 0.767545 0.047818 0.045977
2 2 0.033508 0.093961 0.788805 0.042894 0.040832
2 2 0.026534 0.083363 0.819378 0.037298 0.033428
2 2 0.020570 0.073742 0.848422 0.030360 0.026905
2 2 0.019641 0.073601 0.854406 0.026313 0.026039
2 2 0.017598 0.070396 0.865357 0.022857 0.023792
2 2 0.015894 0.066785 0.874306 0.021219 0.021796
2 2 0.018998 0.070530 0.856209 0.029133 0.025130
2 2 0.025514 0.078210 0.819502 0.044845 0.031929
2 2 0.024164 0.073777 0.821755 0.050119 0.030185
2 2 0.019253 0.065862 0.847352 0.042724 0.024809
2 2 0.019554 0.067334 0.847464 0.040411 0.025237
2 2 0.016523 0.060590 0.861838 0.039339 0.021710
2 2 0.015367 0.056984 0.865370 0.042051 0.020228
2 2 0.016295 0.059703 0.861976 0.040668 0.021358
2 2 0.021863 0.071730 0.835960 0.042687 0.027760
2 2 0.025379 0.077587 0.818867 0.046599 0.031568
2 2 0.025698 0.077351 0.815656 0.049568 0.031727
2 2 0.021303 0.069953 0.836665 0.045178 0.026902
2 2 0.016653 0.061440 0.861460 0.038699 0.021748
2 2 0.013626 0.055103 0.878800 0.034177 0.018293
2 2 0.012530 0.050761 0.881351 0.038505 0.016853
2 2 0.013265 0.051015 0.873267 0.044845 0.017607
2 2 0.012970 0.049573 0.868840 0.051043 0.017574
2 2 0.010565 0.043743 0.879911 0.050876 0.014904
2 2 0.010649 0.042486 0.868061 0.063624 0.015181
2 2 0.011833 0.042673 0.833655 0.094835 0.017004
2 2 0.011665 0.041445 0.824559 0.105531 0.016800
2 3 0.011359 0.041832 0.834315 0.095886 0.016608
2 3 0.012077 0.045721 0.859816 0.065586 0.016800
2 2 0.013634 0.050389 0.865513 0.052509 0.017955
2 2 0.015008 0.056427 0.867703 0.041054 0.019808
2 2 0.018350 0.066176 0.855384 0.036134 0.023956
2 2 0.031068 0.090160 0.798917 0.041628 0.038227
2 2 0.041734 0.106530 0.757309 0.044843 0.049584
2 2 0.048516 0.115915 0.732889 0.046051 0.056629
2 2 0.051705 0.123455 0.723880 0.040554 0.060407
2 2 0.058764 0.133910 0.700588 0.038828 0.067910
2 2 0.059911 0.134735 0.697005 0.038906 0.069442
2 2 0.066399 0.139941 0.675488 0.042260 0.075912
2 2 0.058761 0.133590 0.701212 0.037761 0.068677
2 2 0.058124 0.133066 0.703326 0.037518 0.067966
2 2 0.067366 0.140736 0.672215 0.042984 0.076699
2 2 0.058571 0.133600 0.701527 0.038238 0.068065
2 2 0.058073 0.136549 0.697421 0.037032 0.070926
2 2 0.070710 0.153896 0.641531 0.041272 0.092591
2 2 0.088535 0.158887 0.597808 0.053460 0.101310
2 2 0.092148 0.166794 0.574846 0.052617 0.113594
2 2 0.093737 0.157444 0.590459 0.058306 0.100055
2 1 0.157730 0.181049 0.412409 0.086744 0.162067
2 2 0.211208 0.176860 0.308371 0.117874 0.185687
2 2 0.224943 0.175887 0.279818 0.122730 0.196622
0 2 0.264452 0.168432 0.205083 0.139812 0.222220
0 1 0.265886 0.170453 0.190322 0.136522 0.236817
0 1 0.268630 0.168781 0.190030 0.139686 0.232873
0 4 0.271649 0.166910 0.189665 0.143251 0.228525
0 4 0.272148 0.166597 0.189601 0.143849 0.227805
0 4 0.269093 0.168497 0.189977 0.140227 0.232206
0 4 0.263209 0.172058 0.190573 0.133503 0.240657
4 1 0.236651 0.183521 0.215363 0.112043 0.252423
4 1 0.204781 0.196543 0.241622 0.088290 0.268764
4 2 0.197218 0.200831 0.238031 0.081629 0.282292
4 4 0.203163 0.199585 0.225025 0.084355 0.287873
4 4 0.213302 0.196384 0.209761 0.090042 0.290511
4 4 0.238447 0.185789 0.191374 0.108314 0.276075
0 4 0.264415 0.171338 0.190464 0.134855 0.238927
0 1 0.274390 0.165180 0.189294 0.146567 0.224568
0 1 0.278715 0.162390 0.188627 0.151965 0.218303
0 1 0.278715 0.162390 0.188627 0.151965 0.218303
0 1 0.278715 0.162390 0.188627 0.151965 0.218303
0 4 0.278557 0.162493 0.188653 0.151764 0.218531
0 4 0.254553 0.174564 0.206157 0.128474 0.236252
2 2 0.189910 0.195392 0.292444 0.086466 0.235787
2 4 0.128181 0.206075 0.394630 0.053403 0.217711
2 2 0.089842 0.186389 0.531591 0.041412 0.150766
2 2 0.083666 0.172905 0.576490 0.042249 0.124689
2 2 0.082384 0.168657 0.588426 0.042681 0.117853
2 2 0.088236 0.172118 0.569796 0.045418 0.124432
2 2 0.103584 0.174334 0.535972 0.055185 0.130925
2 2 0.136578 0.180586 0.456646 0.073719 0.152472
2 2 0.170502 0.182058 0.383040 0.092603 0.171797
2 2 0.188111 0.184510 0.337750 0.098692 0.190937
2 2 0.197948 0.184863 0.314116 0.101402 0.201670
2 2 0.208053 0.181502 0.301714 0.107775 0.200955
2 2 0.217803 0.175970 0.296823 0.117388 0.192015
2 2 0.221855 0.175486 0.288868 0.119788 0.194004
2 2 0.221271 0.175556 0.290031 0.119378 0.193764
2 2 0.175328 0.182511 0.371538 0.093007 0.177616
2 2 0.132595 0.186982 0.447782 0.066780 0.165860
2 2 0.104683 0.183923 0.510473 0.051617 0.149304
2 2 0.085018 0.177266 0.563650 0.041603 0.132463
2 2 0.068793 0.160957 0.630121 0.036023 0.104106
2 2 0.072747 0.162207 0.620410 0.038687 0.105950
2 2 0.081940 0.156736 0.614617 0.048045 0.098662
2 2 0.102485 0.161509 0.565534 0.062675 0.107796
2 2 0.137813 0.173202 0.471152 0.082702 0.135131
0 2 0.252517 0.169831 0.231655 0.138976 0.207021
0 0 0.278715 0.162390 0.188627 0.151965 0.218303
0 1 0.278715 0.162390 0.188627 0.151965 0.218303
2 2 0.146402 0.174605 0.451053 0.084737 0.143203
2 1 0.123154 0.169037 0.509674 0.072863 0.125271
2 2 0.138185 0.178665 0.458123 0.075763 0.149264
2 2 0.154436 0.205799 0.335447 0.064764 0.239553
2 2 0.146597 0.203515 0.365009 0.064226 0.220652
2 2 0.175145 0.205891 0.278605 0.071534 0.268824
4 2 0.203541 0.200320 0.216460 0.083368 0.296310
4 1 0.208212 0.200146 0.189017 0.082890 0.319736
4 2 0.193636 0.206100 0.191875 0.072912 0.335476
4 2 0.157635 0.218388 0.232662 0.054107 0.337208
4 2 0.128468 0.223171 0.297105 0.042053 0.309202
2 2 0.101614 0.218747 0.396028 0.035306 0.248305
2 2 0.083474 0.198492 0.507595 0.033540 0.176899
2 2 0.073872 0.180239 0.575832 0.033308 0.136749
2 2 0.070881 0.169128 0.608122 0.034737 0.117132
2 2 0.080986 0.171312 0.585093 0.041045 0.121565
2 2 0.102397 0.182054 0.519468 0.050794 0.145287
2 2 0.132143 0.190268 0.439251 0.064225 0.174112
2 2 0.173051 0.193619 0.340883 0.081821 0.210625
2 2 0.193408 0.192545 0.295817 0.090371 0.227859
2 2 0.191064 0.194427 0.293724 0.087753 0.233032
2 2 0.186648 0.195682 0.299461 0.084826 0.233383
2 1 0.181972 0.194606 0.315878 0.084380 0.223164
2 1 0.142308 0.192200 0.412713 0.068598 0.184180
2 2 0.133405 0.188461 0.441924 0.066077 0.170134
2 2 0.136729 0.191028 0.427571 0.066020 0.178651
2 2 0.155405 0.192751 0.382940 0.074138 0.194766
2 2 0.167886 0.186926 0.374619 0.085452 0.185117
2 2 0.205429 0.182455 0.304682 0.106269 0.201166
2 2 0.219008 0.181222 0.276232 0.111979 0.211558
2 2 0.227564 0.180704 0.256259 0.114287 0.221186
2 2 0.234430 0.180690 0.237277 0.115146 0.232457
4 2 0.232971 0.182121 0.234669 0.112975 0.237265
0 2 0.242340 0.178583 0.224022 0.120103 0.234952
0 2 0.249704 0.172381 0.230591 0.130491 0.216834
0 2 0.257160 0.168675 0.224877 0.137918 0.211370
0 2 0.263679 0.166953 0.213686 0.141924 0.213759
0 2 0.272936 0.164241 0.198100 0.148070 0.216652
0 4 0.278715 0.162390 0.188627 0.151965 0.218303
0 4 0.278715 0.162390 0.188627 0.151965 0.218303
0 4 0.278715 0.162390 0.188627 0.151965 0.218303
0 4 0.278715 0.162390 0.188627 0.151965 0.218303
0 4 0.278715 0.162390 0.188627 0.151965 0.218303
0 4 0.278715 0.162390 0.188627 0.151965 0.218303
0 4 0.278715 0.162390 0.188627 0.151965 0.218303
0 4 0.278715 0.162390 0.188627 0.151965 0.218303
0 4 0.278715 0.162390 0.188627 0.151965 0.218303
0 4 0.276680 0.163712 0.188954 0.149400 0.221254
0 4 0.266248 0.170234 0.190286 0.136936 0.236296
0 4 0.264048 0.171558 0.190498 0.134443 0.239453
0 4 0.263736 0.171744 0.190526 0.134092 0.239901
0 4 0.263710 0.171760 0.190528 0.134063 0.239939
0 4 0.265899 0.170445 0.190321 0.136538 0.236797
0 4 0.274354 0.165203 0.189299 0.146523 0.224620
0 4 0.278715 0.162390 0.188627 0.151965 0.218303
0 4 0.273447 0.165779 0.189426 0.145418 0.225930
0 4 0.266664 0.169982 0.190243 0.137413 0.235698
0 4 0.263016 0.172173 0.190589 0.133288 0.240934
4 4 0.228101 0.187897 0.217598 0.104342 0.262063
2 4 0.161601 0.208235 0.302554 0.064302 0.263308
2 4 0.131627 0.213616 0.353095 0.050247 0.251415
2 4 0.142399 0.213874 0.323673 0.053817 0.266237
2 4 0.149881 0.214690 0.296387 0.055336 0.283707
2 4 0.140839 0.215100 0.322771 0.053193 0.268097
2 4 0.158900 0.210772 0.298696 0.062997 0.268635
4 4 0.230827 0.188870 0.199007 0.102993 0.278304
0 4 0.254184 0.177288 0.191172 0.123781 0.253575
0 4 0.265071 0.170945 0.190402 0.135596 0.237987
0 4 0.266365 0.170163 0.190274 0.137070 0.236128
0 4 0.268190 0.169052 0.190079 0.139173 0.233506
0 4 0.260391 0.173720 0.190800 0.130394 0.244695
0 4 0.258522 0.174808 0.190930 0.128369 0.247371
0 4 0.255450 0.176571 0.191110 0.125104 0.251766
0 4 0.254599 0.177053 0.191153 0.124213 0.252983
4 4 0.241021 0.184450 0.191411 0.110726 0.272392
4 4 0.230883 0.189617 0.191113 0.101467 0.286920
4 4 0.222468 0.193687 0.190561 0.094250 0.299034
4 4 0.211080 0.198890 0.189389 0.085093 0.315549
4 4 0.209367 0.199642 0.189170 0.083772 0.318048
4 4 0.221346 0.194215 0.190467 0.093317 0.300655
4 4 0.229154 0.190469 0.191022 0.099951 0.289405
0 4 0.255689 0.176435 0.191098 0.125355 0.251424
0 4 0.278715 0.162390 0.188627 0.151965 0.218303
0 4 0.278715 0.162390 0.188627 0.151965 0.218303
0 4 0.278715 0.162390 0.188627 0.151965 0.218303
0 4 0.278715 0.162390 0.188627 0.151965 0.218303
0 4 0.275541 0.164445 0.189126 0.147984 0.222904
0 4 0.268466 0.168882 0.190048 0.139495 0.233108
4 4 0.253302 0.177785 0.191211 0.122866 0.254837
4 4 0.241954 0.183960 0.191418 0.111611 0.271058
4 4 0.231114 0.189502 0.191124 0.101671 0.286588
4 4 0.209812 0.199448 0.189228 0.084114 0.317398
4 4 0.201050 0.203187 0.187957 0.077560 0.330246
4 4 0.227324 0.191362 0.190913 0.098365 0.292036
4 4 0.242285 0.183785 0.191419 0.111927 0.270584
4 4 0.249581 0.179853 0.191339 0.119072 0.260155
0 4 0.258029 0.175093 0.190962 0.127841 0.248076
0 4 0.272287 0.166510 0.189582 0.144015 0.227605
0 4 0.278715 0.162390 0.188627 0.151965 0.218303
0 4 0.278715 0.162390 0.188627 0.151965 0.218303
0 4 0.278715 0.162390 0.188627 0.151965 0.218303
0 4 0.278715 0.162390 0.188627 0.151965 0.218303
0 4 0.278715 0.162390 0.188627 0.151965 0.218303
0 4 0.261996 0.172777 0.190675 0.132156 0.242396
4 4 0.237777 0.186135 0.191360 0.107693 0.277035
4 4 0.248060 0.180686 0.191374 0.117552 0.262329
0 4 0.258482 0.174831 0.190933 0.128327 0.247427
0 4 0.278715 0.162390 0.188627 0.151965 0.218303
0 4 0.274482 0.165122 0.189281 0.146680 0.224435
0 4 0.266980 0.169790 0.190210 0.137775 0.235245
4 4 0.252316 0.178337 0.191251 0.121851 0.256246
4 4 0.228209 0.190931 0.190967 0.099130 0.290763
4 4 0.201718 0.202909 0.188064 0.078047 0.329263
4 4 0.161707 0.216002 0.243069 0.057470 0.321751
4 4 0.159607 0.216425 0.247762 0.056585 0.319622
4 4 0.168056 0.214057 0.235673 0.060777 0.321436
4 4 0.184888 0.207832 0.225658 0.070919 0.310703
4 4 0.201081 0.200208 0.228191 0.083198 0.287321
4 4 0.223153 0.192328 0.202593 0.096985 0.284941
4 4 0.247739 0.180861 0.191380 0.117233 0.262787
0 4 0.260200 0.173832 0.190814 0.130185 0.244969
0 4 0.273712 0.165611 0.189390 0.145739 0.225549
0 4 0.278715 0.162390 0.188627 0.151965 0.218303
0 4 0.278715 0.162390 0.188627 0.151965 0.218303
0 4 0.278715 0.162390 0.188627 0.151965 0.218303
2 4 0.241768 0.174728 0.242562 0.125603 0.215339
2 4 0.205786 0.190354 0.271942 0.094547 0.237372
2 4 0.207215 0.191569 0.262236 0.094020 0.244960
4 0 0.235949 0.187072 0.191313 0.106013 0.279654
4 4 0.229533 0.190283 0.191043 0.100282 0.288860
4 4 0.219156 0.195236 0.190270 0.091517 0.303821
4 4 0.236569 0.186755 0.191330 0.106581 0.278765
4 4 0.227040 0.191500 0.190895 0.098121 0.292445
4 4 0.221015 0.194370 0.190439 0.093043 0.301133
4 4 0.245005 0.182338 0.191415 0.114547 0.266696
0 4 0.276571 0.163783 0.188970 0.149263 0.221413
0 4 0.278715 0.162390 0.188627 0.151965 0.218303
0 0 0.278715 0.162390 0.188627 0.151965 0.218303
0 4 0.278715 0.162390 0.188627 0.151965 0.218303
0 4 0.278715 0.162390 0.188627 0.151965 0.218303
0 4 0.278715 0.162390 0.188627 0.151965 0.218303
0 4 0.278715 0.162390 0.188627 0.151965 0.218303
0 4 0.269261 0.168393 0.189958 0.140423 0.231965
0 4 0.274057 0.165392 0.189341 0.146160 0.225049
0 4 0.267738 0.169328 0.190129 0.138649 0.234156
0 4 0.258624 0.174749 0.190923 0.128479 0.247225
4 4 0.245202 0.182232 0.191414 0.114739 0.266413
4 4 0.245141 0.182265 0.191414 0.114679 0.266501
4 4 0.245481 0.182082 0.191411 0.115011 0.266014
4 4 0.252156 0.178426 0.191257 0.121687 0.256475
0 4 0.255662 0.176450 0.191099 0.125327 0.251462
4 4 0.250877 0.179137 0.191301 0.120382 0.258303
4 2 0.244381 0.182672 0.191419 0.113942 0.267587
4 4 0.234405 0.187855 0.191262 0.104611 0.281867
4 2 0.230071 0.190018 0.191072 0.100753 0.288087
4 2 0.225862 0.192069 0.190816 0.097112 0.294141
4 2 0.228668 0.190074 0.197877 0.100857 0.282524
4 2 0.235904 0.186803 0.194141 0.106572 0.276580
2 1 0.185422 0.201527 0.275069 0.080012 0.257969
2 2 0.116604 0.209825 0.406579 0.047210 0.219782
2 2 0.089676 0.200677 0.490040 0.036451 0.183155
2 2 0.077698 0.193133 0.534109 0.032002 0.163057
2 2 0.062489 0.162899 0.637149 0.031090 0.106374
2 2 0.054642 0.140691 0.696351 0.032033 0.076282
2 2 0.045606 0.119196 0.743762 0.034541 0.056895
2 2 0.081899 0.149361 0.622960 0.055939 0.089842
2 1 0.138918 0.174165 0.466745 0.083291 0.136880
2 2 0.096329 0.168364 0.563603 0.055779 0.115926
2 2 0.043511 0.132325 0.732021 0.025250 0.066893
2 2 0.034350 0.106863 0.791785 0.023224 0.043777
2 2 0.030828 0.101884 0.806280 0.021105 0.039903
2 2 0.024139 0.089175 0.835585 0.018857 0.032244
2 2 0.021663 0.082457 0.846978 0.019737 0.029165
2 2 0.024211 0.086941 0.835106 0.021653 0.032089
2 2 0.022229 0.083674 0.844385 0.019830 0.029882
2 1 0.018179 0.075957 0.864013 0.016692 0.025158
2 2 0.014408 0.066751 0.883474 0.014890 0.020477
2 2 0.013802 0.064452 0.886629 0.015493 0.019623
2 2 0.011567 0.056611 0.898592 0.016620 0.016610
2 2 0.010931 0.053116 0.901279 0.019038 0.015635
2 2 0.010716 0.050518 0.900637 0.022949 0.015180
2 2 0.012070 0.051848 0.889511 0.029913 0.016658
2 2 0.013868 0.054307 0.875640 0.037552 0.018633
2 2 0.013508 0.053373 0.877313 0.037629 0.018178
2 3 0.013912 0.053885 0.874047 0.039546 0.018609
2 2 0.015689 0.056536 0.861158 0.046062 0.020555
2 2 0.016203 0.058792 0.861306 0.042435 0.021263
2 2 0.029907 0.083483 0.796886 0.053306 0.036418
2 1 0.080430 0.142015 0.622950 0.068998 0.085607
2 2 0.048597 0.113623 0.730748 0.050524 0.056508
2 2 0.029942 0.092250 0.807902 0.032004 0.037902
2 2 0.020482 0.071275 0.846696 0.034870 0.026678
2 2 0.017130 0.063655 0.862065 0.034493 0.022657
2 2 0.013865 0.055149 0.877070 0.035270 0.018646
2 3 0.014608 0.055271 0.869411 0.041365 0.019345
2 2 0.016277 0.055862 0.851704 0.055209 0.020947
2 3 0.016333 0.055134 0.846876 0.060629 0.021027
2 3 0.016154 0.055594 0.849203 0.057941 0.021108
2 2 0.015221 0.056625 0.866172 0.041907 0.020075
2 2 0.013381 0.056108 0.883514 0.028688 0.018308
2 2 0.010971 0.052444 0.900335 0.020655 0.015595
2 2 0.010638 0.053409 0.903665 0.016944 0.015344
2 2 0.012281 0.058235 0.894225 0.017832 0.017426
2 2 0.014450 0.062927 0.881701 0.020930 0.019992
2 2 0.014329 0.061503 0.881493 0.022973 0.019703
2 2 0.012058 0.055139 0.893578 0.022363 0.016862
2 2 0.010276 0.049358 0.903042 0.022764 0.014560
2 3 0.009753 0.046170 0.903668 0.026659 0.013750
2 2 0.011014 0.046343 0.888443 0.039219 0.014981
2 3 0.010615 0.043806 0.885538 0.045710 0.014332
2 2 0.009287 0.040320 0.893330 0.044366 0.012696
2 2 0.007388 0.037153 0.913751 0.031174 0.010534
2 2 0.007911 0.039249 0.911710 0.029885 0.011245
2 2 0.008995 0.041620 0.902696 0.034130 0.012559
2 2 0.009758 0.042185 0.893029 0.041668 0.013360
2 2 0.009352 0.041245 0.896038 0.040494 0.012871
2 2 0.010009 0.042644 0.890862 0.042827 0.013658
2 2 0.009992 0.043052 0.892718 0.040540 0.013698
2 2 0.009519 0.041837 0.895772 0.039751 0.013121
2 2 0.009659 0.042675 0.896273 0.038074 0.013319
2 2 0.011451 0.045643 0.879533 0.048081 0.015292
2 3 0.012344 0.047231 0.871838 0.052338 0.016248
2 2 0.011937 0.045431 0.870361 0.056605 0.015666
