0 0 0.652074 0.114443 0.081202 0.045374 0.106906
0 0 0.715075 0.100361 0.061830 0.030948 0.091786
0 0 0.828079 0.068429 0.030894 0.013444 0.059154
0 0 0.889468 0.047794 0.016761 0.006510 0.039467
0 0 0.902987 0.042858 0.013975 0.005252 0.034928
0 0 0.897054 0.045044 0.015181 0.005791 0.036930
0 0 0.911158 0.039795 0.012358 0.004544 0.032146
0 0 0.904232 0.042396 0.013725 0.005142 0.034506
0 0 0.902832 0.042916 0.014006 0.005266 0.034980
0 0 0.875427 0.051134 0.019167 0.006732 0.047539
0 0 0.907690 0.041103 0.013037 0.004840 0.033330
0 0 0.900755 0.042841 0.014137 0.004934 0.037332
0 0 0.915303 0.038217 0.011558 0.004199 0.030723
0 0 0.919034 0.036781 0.010851 0.003898 0.029436
0 0 0.926374 0.033914 0.009495 0.003332 0.026885
0 0 0.929216 0.032788 0.008984 0.003122 0.025891
0 0 0.927599 0.033429 0.009274 0.003241 0.026457
0 0 0.914474 0.038534 0.011717 0.004267 0.031008
0 0 0.897696 0.044809 0.015049 0.005732 0.036714
0 0 0.884449 0.049587 0.017829 0.007002 0.041133
0 0 0.882729 0.050196 0.018199 0.007174 0.041702
0 0 0.863581 0.056827 0.022446 0.009197 0.047949
0 0 0.857147 0.058994 0.023924 0.009919 0.050016
0 0 0.855028 0.059701 0.024416 0.010162 0.050693
0 0 0.847438 0.062208 0.026200 0.011050 0.053104
0 0 0.823374 0.069905 0.032065 0.014053 0.060604
0 0 0.866911 0.055694 0.021691 0.008831 0.046873
0 0 0.872419 0.052643 0.020011 0.007345 0.047581
0 0 0.772061 0.078690 0.042113 0.013976 0.093160
0 0 0.727665 0.086936 0.052033 0.015820 0.117546
0 0 0.779069 0.076802 0.040303 0.013265 0.090561
0 0 0.778207 0.081113 0.042739 0.017416 0.080525
0 0 0.689185 0.100501 0.065989 0.025052 0.119273
0 0 0.749836 0.091277 0.051727 0.024936 0.082224
0 0 0.838241 0.065195 0.028405 0.012164 0.055996
0 0 0.867197 0.055596 0.021626 0.008800 0.046781
0 0 0.888004 0.048319 0.017071 0.006652 0.039954
0 0 0.883154 0.050046 0.018107 0.007132 0.041561
0 0 0.906582 0.041519 0.013257 0.004936 0.033707
0 0 0.904004 0.042481 0.013770 0.005162 0.034583
0 0 0.885673 0.049151 0.017567 0.006881 0.040728
0 0 0.851155 0.060986 0.025322 0.010611 0.051926
0 0 0.856144 0.059329 0.024156 0.010034 0.050337
0 0 0.833560 0.065969 0.029237 0.011993 0.059241
0 0 0.837373 0.065276 0.028533 0.012065 0.056752
0 0 0.831381 0.067385 0.030079 0.013022 0.058132
0 0 0.851340 0.060925 0.025279 0.010590 0.051867
0 0 0.838628 0.065070 0.028311 0.012116 0.055875
0 0 0.845817 0.062739 0.026585 0.011243 0.053616
0 0 0.864126 0.056642 0.022322 0.009137 0.047773
0 0 0.842834 0.063710 0.027298 0.011602 0.054556
0 0 0.689090 0.106752 0.069691 0.035805 0.098662
0 0 0.513633 0.173301 0.102648 0.050864 0.159554
0 0 0.362087 0.254273 0.110284 0.047982 0.225373
1 0 0.267761 0.291923 0.125591 0.054643 0.260082
1 0 0.203777 0.267064 0.221154 0.082274 0.225730
1 4 0.210411 0.288526 0.157343 0.076063 0.267658
1 4 0.218979 0.297101 0.145673 0.067221 0.271026
4 4 0.190781 0.287331 0.146949 0.054701 0.320237
4 4 0.157749 0.267672 0.150704 0.044616 0.379259
4 4 0.125135 0.216593 0.165268 0.036516 0.456489
4 4 0.119078 0.183905 0.199491 0.038106 0.459419
4 4 0.116834 0.149583 0.302690 0.045765 0.385129
2 4 0.111929 0.131552 0.360429 0.048119 0.347971
2 4 0.105864 0.113600 0.436843 0.050861 0.292832
2 4 0.104178 0.108223 0.473630 0.052655 0.261315
2 4 0.102517 0.103690 0.502096 0.053958 0.237739
2 4 0.099066 0.101004 0.526689 0.053011 0.220230
2 4 0.097757 0.100195 0.530175 0.052238 0.219635
2 4 0.094626 0.098267 0.537762 0.050337 0.219007
2 4 0.096209 0.101126 0.517370 0.049897 0.235398
2 4 0.099757 0.108514 0.477120 0.049078 0.265531
2 4 0.104554 0.117987 0.432504 0.048686 0.296270
2 4 0.109375 0.127380 0.386398 0.048276 0.328571
2 4 0.113082 0.133202 0.363053 0.048765 0.341899
4 4 0.117386 0.138341 0.344121 0.049963 0.350189
2 4 0.118038 0.135408 0.379112 0.052780 0.314662
2 4 0.116802 0.131236 0.409882 0.054342 0.287738
2 4 0.113936 0.119714 0.470752 0.058153 0.237444
2 1 0.111073 0.109893 0.505753 0.060407 0.212874
2 4 0.108427 0.109004 0.494943 0.057458 0.230168
2 4 0.107311 0.112807 0.466535 0.053826 0.259520
2 4 0.119488 0.127668 0.414736 0.057509 0.280598
2 4 0.134271 0.147370 0.362948 0.061843 0.293569
2 4 0.137526 0.158393 0.346184 0.061106 0.296791
2 4 0.126892 0.145988 0.387379 0.057968 0.281773
2 4 0.118374 0.127415 0.442808 0.058394 0.253009
2 1 0.115251 0.115653 0.493971 0.061951 0.213174
2 1 0.126851 0.122527 0.497547 0.071715 0.181360
2 1 0.161245 0.136342 0.480801 0.105396 0.116216
2 1 0.191374 0.149493 0.414296 0.127314 0.117523
2 1 0.224795 0.158662 0.356234 0.128471 0.131837
2 1 0.249189 0.156902 0.340596 0.123040 0.130273
2 0 0.256722 0.151875 0.344879 0.121595 0.124930
2 1 0.287124 0.146764 0.322322 0.120677 0.123113
0 0 0.309548 0.149447 0.292596 0.119294 0.129114
0 1 0.340305 0.161132 0.238779 0.113061 0.146723
0 1 0.361102 0.188324 0.176475 0.094711 0.179388
0 1 0.380545 0.211821 0.137322 0.071069 0.199243
0 1 0.423090 0.204227 0.122287 0.061061 0.189335
0 1 0.448407 0.192022 0.119838 0.060870 0.178863
0 1 0.454677 0.168019 0.136682 0.077847 0.162774
0 2 0.425373 0.152590 0.171504 0.100956 0.149577
0 2 0.439671 0.149471 0.171892 0.095507 0.143459
0 2 0.443100 0.149257 0.169096 0.094836 0.143711
0 4 0.411386 0.151523 0.190414 0.102650 0.144026
0 4 0.393576 0.150930 0.213898 0.103467 0.138130
0 4 0.437562 0.147853 0.186836 0.091868 0.135881
0 2 0.501126 0.141912 0.144834 0.077836 0.134292
0 4 0.396036 0.149658 0.219950 0.100264 0.134091
0 4 0.352437 0.149844 0.258375 0.108666 0.130678
0 4 0.317923 0.148801 0.290823 0.115240 0.127213
0 0 0.372162 0.150040 0.240165 0.105046 0.132588
0 1 0.402956 0.151110 0.202858 0.102614 0.140463
0 1 0.316734 0.155525 0.280895 0.113074 0.133771
2 2 0.305192 0.145191 0.320028 0.111114 0.118474
2 2 0.234376 0.134930 0.412973 0.115493 0.102227
2 2 0.163595 0.117873 0.520346 0.115632 0.082554
2 2 0.135410 0.105061 0.586315 0.104988 0.068226
2 2 0.121229 0.096668 0.626886 0.095839 0.059378
2 2 0.099772 0.083369 0.685180 0.084671 0.047008
2 2 0.088690 0.077079 0.693210 0.098380 0.042640
2 2 0.081040 0.072438 0.699707 0.107421 0.039395
2 2 0.087816 0.077687 0.655362 0.134312 0.044824
2 2 0.091979 0.080692 0.631348 0.147944 0.048037
2 2 0.097778 0.084636 0.603988 0.161356 0.052242
2 2 0.096266 0.083328 0.626445 0.143809 0.050153
2 2 0.088472 0.078177 0.651115 0.136882 0.045355
2 2 0.082166 0.074152 0.659448 0.142008 0.042227
2 2 0.080230 0.073439 0.628298 0.175041 0.042993
2 2 0.079676 0.073538 0.575271 0.226322 0.045193
2 3 0.079319 0.073239 0.477172 0.321077 0.049192
3 3 0.077353 0.070563 0.358020 0.440967 0.053097
3 3 0.070576 0.063367 0.244760 0.567413 0.053884
3 3 0.061758 0.053699 0.145137 0.686194 0.053211
3 3 0.049633 0.044354 0.120604 0.740829 0.044580
3 3 0.042278 0.038725 0.109582 0.770644 0.038770
3 3 0.039282 0.036381 0.104807 0.783171 0.036359
3 3 0.036350 0.034056 0.099954 0.795668 0.033973
3 3 0.033741 0.031959 0.095474 0.807000 0.031826
3 3 0.030025 0.028924 0.088801 0.823525 0.028726
3 3 0.027375 0.026721 0.083810 0.835610 0.026483
3 3 0.025569 0.025200 0.080284 0.844010 0.024937
3 3 0.024325 0.024143 0.077791 0.849877 0.023864
3 3 0.023947 0.023820 0.077024 0.851671 0.023537
3 3 0.024474 0.024270 0.078092 0.849172 0.023993
3 3 0.025502 0.025144 0.080150 0.844325 0.024880
3 3 0.024187 0.024025 0.077511 0.850533 0.023744
3 3 0.022281 0.022387 0.073575 0.859672 0.022085
3 3 0.019908 0.020316 0.068471 0.871313 0.019993
3 3 0.017945 0.018575 0.064057 0.881185 0.018238
3 3 0.017450 0.018131 0.062913 0.883715 0.017792
3 3 0.018523 0.019090 0.065376 0.878253 0.018757
3 3 0.019781 0.020204 0.068190 0.871946 0.019880
3 3 0.020852 0.021144 0.070531 0.866644 0.020829
3 3 0.020406 0.020753 0.069561 0.868846 0.020434
3 3 0.020870 0.021160 0.070570 0.866555 0.020845
3 3 0.021456 0.021671 0.071828 0.863684 0.021361
3 3 0.022559 0.022627 0.074157 0.858329 0.022328
3 3 0.022645 0.022701 0.074337 0.857914 0.022403
3 3 0.022930 0.022947 0.074932 0.856538 0.022653
3 3 0.023952 0.023824 0.077033 0.851650 0.023541
3 3 0.025299 0.024972 0.079747 0.845276 0.024705
3 3 0.026686 0.026143 0.082476 0.838800 0.025895
3 3 0.026103 0.025651 0.081336 0.841514 0.025395
3 3 0.025190 0.024879 0.079530 0.845789 0.024611
3 3 0.024239 0.024069 0.077617 0.850286 0.023790
3 3 0.022907 0.022927 0.074883 0.856652 0.022632
3 3 0.021526 0.021732 0.071978 0.863341 0.021423
3 3 0.020359 0.020713 0.069460 0.869075 0.020393
3 3 0.019746 0.020173 0.068114 0.872118 0.019849
3 3 0.019552 0.020002 0.067683 0.873088 0.019676
3 3 0.019474 0.019934 0.067512 0.873473 0.019607
3 3 0.019460 0.019921 0.067480 0.873544 0.019595
3 3 0.019145 0.019642 0.066777 0.875121 0.019314
3 3 0.019127 0.019626 0.066736 0.875215 0.019297
3 3 0.020788 0.021088 0.070391 0.866961 0.020772
3 3 0.022821 0.022853 0.074705 0.857064 0.022557
3 3 0.034506 0.032576 0.096803 0.803658 0.032457
3 3 0.057173 0.049960 0.131002 0.711472 0.050393
3 3 0.127298 0.095984 0.198266 0.479339 0.099113
3 3 0.074984 0.062619 0.152588 0.646191 0.063619
3 3 0.042002 0.038510 0.109149 0.771792 0.038548
3 3 0.036435 0.034123 0.100097 0.795303 0.034042
3 3 0.021447 0.021663 0.071809 0.863728 0.021353
3 3 0.018696 0.019244 0.065767 0.877382 0.018912
3 3 0.017139 0.017852 0.062188 0.885310 0.017511
3 3 0.017032 0.017755 0.061938 0.885860 0.017414
3 3 0.017933 0.018564 0.064030 0.881245 0.018228
3 3 0.019281 0.019763 0.067082 0.874439 0.019435
3 3 0.020662 0.020978 0.070119 0.867581 0.020661
3 3 0.021481 0.021692 0.071880 0.863564 0.021383
3 3 0.021037 0.021306 0.070930 0.865735 0.020992
3 3 0.020224 0.020594 0.069164 0.869746 0.020273
3 3 0.019362 0.019834 0.067261 0.874037 0.019507
3 3 0.018340 0.018927 0.064959 0.879182 0.018593
3 3 0.017732 0.018384 0.063567 0.882270 0.018046
3 3 0.017945 0.018574 0.064055 0.881189 0.018238
3 3 0.019335 0.019811 0.067202 0.874169 0.019483
3 3 0.020029 0.020423 0.068738 0.870710 0.020101
3 3 0.020089 0.020475 0.068868 0.870415 0.020153
3 3 0.020098 0.020483 0.068889 0.870368 0.020162
3 3 0.019955 0.020357 0.068575 0.871078 0.020035
3 3 0.022483 0.022561 0.073998 0.858697 0.022262
3 3 0.029333 0.028352 0.087517 0.826654 0.028143
3 2 0.048278 0.043330 0.118643 0.746229 0.043520
3 2 0.075826 0.065655 0.208615 0.589910 0.059995
2 2 0.094216 0.082267 0.393912 0.367656 0.061950
2 2 0.102493 0.088229 0.524644 0.225346 0.059288
2 2 0.098338 0.084940 0.605632 0.158708 0.052382
2 2 0.088144 0.077421 0.673164 0.117446 0.043825
2 2 0.078999 0.070367 0.724485 0.089126 0.037022
2 2 0.074503 0.066342 0.757162 0.068795 0.033198
2 2 0.071044 0.063613 0.772331 0.062011 0.031000
2 2 0.071239 0.063844 0.770106 0.063583 0.031228
2 2 0.072351 0.065158 0.756563 0.073364 0.032564
2 2 0.073372 0.066244 0.745468 0.081250 0.033666
2 0 0.078499 0.070249 0.719949 0.094151 0.037151
2 1 0.085464 0.075229 0.693561 0.104296 0.041448
2 0 0.096674 0.082235 0.673138 0.100971 0.046981
2 0 0.123222 0.097873 0.621164 0.097143 0.060599
2 0 0.137215 0.106100 0.581173 0.106132 0.069379
2 0 0.161702 0.119548 0.511962 0.121149 0.085640
2 1 0.155634 0.116329 0.529025 0.117513 0.081499
2 1 0.131501 0.102788 0.597464 0.102496 0.065750
2 2 0.108813 0.088985 0.662700 0.087578 0.051925
2 2 0.090385 0.076979 0.716403 0.074875 0.041358
2 2 0.074807 0.066229 0.762379 0.063700 0.032886
2 2 0.070061 0.063005 0.773454 0.062857 0.030623
2 2 0.074223 0.066784 0.744395 0.080572 0.034026
2 2 0.075059 0.068037 0.724819 0.096489 0.035596
2 2 0.073518 0.067154 0.723360 0.100854 0.035115
2 2 0.072985 0.066785 0.724702 0.100691 0.034836
2 2 0.074832 0.067902 0.724766 0.096984 0.035516
2 2 0.080332 0.071416 0.717275 0.092995 0.037982
2 2 0.086783 0.075366 0.709647 0.087448 0.040756
2 2 0.095350 0.080510 0.697314 0.082279 0.044547
2 2 0.099658 0.083112 0.689294 0.081335 0.046602
2 2 0.104385 0.086167 0.675542 0.084575 0.049332
2 2 0.106233 0.087348 0.670178 0.085832 0.050410
2 2 0.108773 0.089313 0.654911 0.094362 0.052642
2 2 0.114721 0.093112 0.635473 0.100280 0.056415
2 2 0.124526 0.098706 0.616234 0.099010 0.061525
2 2 0.128663 0.101118 0.605576 0.100673 0.063970
2 1 0.132693 0.103484 0.594061 0.103259 0.066503
2 1 0.139695 0.107517 0.574122 0.107694 0.070973
2 2 0.147621 0.111963 0.551646 0.112625 0.076145
2 2 0.152816 0.114809 0.536968 0.115805 0.079601
2 2 0.151513 0.114100 0.540647 0.115011 0.078729
2 2 0.150473 0.113532 0.543584 0.114376 0.078036
2 2 0.155260 0.116128 0.530078 0.117287 0.081246
2 2 0.151429 0.113991 0.541203 0.114803 0.078574
2 2 0.142118 0.108890 0.567238 0.109212 0.072541
2 2 0.133601 0.104013 0.591472 0.103838 0.067077
2 2 0.133391 0.103891 0.592069 0.103705 0.066944
2 0 0.129446 0.101581 0.603336 0.101177 0.064460
2 1 0.139816 0.107586 0.573776 0.107770 0.071051
2 1 0.117123 0.094162 0.638700 0.093132 0.056883
2 1 0.118290 0.094879 0.635337 0.093905 0.057589
2 1 0.120055 0.095955 0.630262 0.095067 0.058661
2 1 0.130259 0.102059 0.601013 0.101700 0.064970
2 1 0.147173 0.111715 0.552913 0.112349 0.075849
2 1 0.172099 0.123040 0.492659 0.122531 0.089672
2 2 0.213376 0.133174 0.430031 0.121926 0.101493
2 2 0.199455 0.130498 0.448173 0.123391 0.098483
2 2 0.179179 0.125072 0.480988 0.122790 0.091971
2 2 0.151121 0.113886 0.541753 0.114772 0.078468
2 2 0.143249 0.109526 0.564031 0.109917 0.073277
2 2 0.131446 0.102756 0.597622 0.102461 0.065716
2 2 0.130162 0.102003 0.601288 0.101638 0.064909
2 2 0.136518 0.105700 0.583158 0.105691 0.068933
2 2 0.156211 0.116638 0.527401 0.117861 0.081889
2 2 0.172290 0.124982 0.482320 0.127354 0.093055
2 2 0.207066 0.134226 0.426151 0.128078 0.104479
2 2 0.213783 0.135537 0.417156 0.127442 0.106082
2 2 0.251074 0.140430 0.376454 0.120483 0.111560
2 2 0.230574 0.137076 0.403204 0.122238 0.106908
2 2 0.230405 0.136511 0.406299 0.120994 0.105791
2 2 0.202386 0.130004 0.449993 0.120492 0.097125
2 2 0.200999 0.128735 0.456970 0.118273 0.095022
2 2 0.179430 0.123029 0.491520 0.117623 0.088400
2 2 0.191741 0.128315 0.461532 0.122733 0.095679
2 2 0.224549 0.137013 0.405708 0.125170 0.107560
2 2 0.268444 0.145765 0.338144 0.125616 0.122031
2 2 0.264566 0.146517 0.335552 0.129130 0.124235
2 2 0.251760 0.144214 0.354812 0.129238 0.119976
2 2 0.225685 0.137637 0.401898 0.126088 0.108692
2 2 0.204338 0.132726 0.435009 0.125965 0.101961
2 2 0.174664 0.126168 0.475697 0.128720 0.094751
2 2 0.178838 0.128223 0.464073 0.131100 0.097766
2 2 0.176048 0.126853 0.471839 0.129513 0.095747
2 2 0.172567 0.125121 0.481547 0.127513 0.093252
2 2 0.157365 0.117255 0.524152 0.118556 0.082672
2 0 0.145940 0.111031 0.556404 0.111587 0.075038
2 1 0.127669 0.100530 0.608418 0.100032 0.063351
2 1 0.115965 0.093449 0.642036 0.092365 0.056185
2 1 0.114127 0.092312 0.647337 0.091142 0.055082
2 0 0.117344 0.094298 0.638063 0.093279 0.057016
2 0 0.126174 0.099641 0.612699 0.099064 0.062422
2 0 0.179603 0.120333 0.504977 0.111168 0.083919
2 0 0.158992 0.123408 0.514926 0.115805 0.086869
2 0 0.168910 0.150179 0.465384 0.108368 0.107159
2 0 0.169998 0.154317 0.456985 0.106698 0.112003
2 0 0.155969 0.153309 0.471430 0.092127 0.127165
2 1 0.124285 0.114973 0.575476 0.081080 0.104186
2 1 0.112052 0.095253 0.636332 0.082563 0.073801
2 1 0.111745 0.090828 0.654216 0.089550 0.053661
2 1 0.111524 0.090690 0.654855 0.089402 0.053529
2 1 0.120051 0.095953 0.630273 0.095065 0.058659
2 1 0.138289 0.106715 0.578118 0.106809 0.070068
2 1 0.157388 0.117832 0.523605 0.118160 0.083015
2 1 0.161095 0.119229 0.513665 0.120788 0.085223
2 1 0.159351 0.118310 0.518567 0.119747 0.084026
2 1 0.151455 0.114068 0.540811 0.114976 0.078691
2 0 0.176437 0.123082 0.491801 0.119692 0.088988
2 1 0.176584 0.128847 0.476838 0.122678 0.095053
2 1 0.167132 0.132868 0.487126 0.117097 0.095778
2 1 0.166135 0.124733 0.496995 0.121686 0.090452
2 1 0.192223 0.130387 0.450355 0.127589 0.099446
2 1 0.226764 0.137341 0.403150 0.124806 0.107938
2 1 0.259820 0.142665 0.360034 0.121892 0.115589
2 1 0.267002 0.143259 0.353162 0.120292 0.116285
2 1 0.262935 0.142139 0.361413 0.119376 0.114137
2 0 0.285521 0.143772 0.340113 0.114478 0.116117
0 0 0.344988 0.147285 0.279475 0.104882 0.123370
0 0 0.421183 0.149194 0.196415 0.096202 0.137007
0 0 0.419446 0.151915 0.177558 0.102943 0.148138
2 0 0.211654 0.187278 0.323399 0.120073 0.157597
2 0 0.177413 0.186392 0.403692 0.097543 0.134960
2 0 0.149482 0.142598 0.517962 0.096028 0.093930
2 0 0.127849 0.107915 0.592798 0.092441 0.078998
2 0 0.104038 0.088656 0.666845 0.079760 0.060701
2 0 0.113698 0.092045 0.648577 0.090856 0.054825
2 0 0.157315 0.133316 0.509460 0.107947 0.091961
2 4 0.152444 0.158286 0.489769 0.090262 0.109240
2 4 0.128493 0.137068 0.488110 0.068847 0.177482
2 4 0.123845 0.129535 0.457369 0.063654 0.225598
2 4 0.135460 0.137335 0.409399 0.068371 0.249435
4 4 0.139507 0.145726 0.314586 0.053579 0.346602
4 4 0.122426 0.156295 0.289805 0.047727 0.383748
4 4 0.107828 0.160413 0.209088 0.035114 0.487558
4 4 0.126505 0.173759 0.224237 0.044514 0.430984
4 4 0.127717 0.185372 0.207496 0.042955 0.436460
4 4 0.121161 0.162260 0.290339 0.046100 0.380140
4 4 0.118252 0.150582 0.330702 0.047873 0.352591
2 4 0.109082 0.127755 0.412740 0.049260 0.301163
2 4 0.103389 0.119125 0.430580 0.047473 0.299433
2 4 0.099663 0.117162 0.412154 0.044254 0.326766
4 4 0.104837 0.130494 0.327921 0.042058 0.394689
4 4 0.112365 0.147820 0.245136 0.040692 0.453987
4 4 0.114535 0.170923 0.190177 0.036663 0.487701
4 4 0.125524 0.198350 0.173709 0.036589 0.465827
4 4 0.145604 0.230022 0.156339 0.036982 0.431053
4 4 0.169110 0.265643 0.148770 0.044433 0.372044
4 4 0.177725 0.285879 0.141704 0.046505 0.348186
4 4 0.188750 0.289139 0.151499 0.054172 0.316440
4 4 0.174433 0.267688 0.177996 0.053038 0.326845
4 4 0.167066 0.238716 0.256230 0.063685 0.274303
2 4 0.157147 0.210844 0.325950 0.066010 0.240050
2 4 0.184663 0.228407 0.272924 0.079104 0.234902
2 4 0.163034 0.189849 0.336462 0.074622 0.236032
2 4 0.123902 0.140192 0.450461 0.060900 0.224545
2 4 0.130030 0.146100 0.421005 0.062727 0.240138
2 4 0.116634 0.135219 0.439305 0.055142 0.253699
2 4 0.112780 0.126829 0.470640 0.055592 0.234158
2 4 0.104508 0.109200 0.531529 0.056278 0.198485
2 4 0.101668 0.099800 0.572542 0.059084 0.166906
2 0 0.104098 0.096579 0.618921 0.067629 0.112774
2 0 0.124654 0.100681 0.609607 0.094589 0.070469
2 0 0.124621 0.098713 0.617150 0.098055 0.061461
2 4 0.130913 0.103388 0.598375 0.101457 0.065867
2 4 0.142128 0.121786 0.555787 0.100785 0.079515
2 1 0.148242 0.139123 0.512010 0.093795 0.106830
2 4 0.138619 0.149521 0.471876 0.074319 0.165665
2 4 0.125108 0.142568 0.464892 0.062558 0.204874
2 4 0.113592 0.127724 0.494422 0.057692 0.206569
2 0 0.112620 0.115118 0.556611 0.064879 0.150771
2 0 0.114326 0.109107 0.590278 0.072487 0.113802
2 4 0.114512 0.109868 0.595824 0.073346 0.106450
2 4 0.110121 0.107398 0.604545 0.069878 0.108059
2 1 0.118355 0.119270 0.553553 0.069625 0.139196
2 4 0.127425 0.129349 0.510937 0.071931 0.160358
2 4 0.133965 0.134783 0.505715 0.076881 0.148657
2 1 0.136197 0.132511 0.523024 0.082388 0.125880
2 1 0.130746 0.118754 0.560874 0.085874 0.103751
2 1 0.130549 0.115781 0.559786 0.086300 0.107583
2 1 0.126631 0.107027 0.576100 0.086946 0.103296
2 0 0.173397 0.127380 0.469977 0.124112 0.105135
2 0 0.256718 0.170644 0.294184 0.127323 0.151130
2 0 0.199842 0.246976 0.265456 0.087683 0.200042
2 1 0.169294 0.231085 0.322925 0.072346 0.204350
2 1 0.130973 0.153102 0.482048 0.067355 0.166522
2 1 0.118779 0.122016 0.542302 0.068125 0.148778
2 0 0.113780 0.106362 0.581417 0.071412 0.127029
2 0 0.113683 0.100982 0.602608 0.076063 0.106663
2 1 0.121578 0.100979 0.608770 0.088905 0.079767
2 1 0.138263 0.106701 0.578192 0.106793 0.070051
2 0 0.270274 0.136875 0.384840 0.105283 0.102728
0 0 0.583134 0.129393 0.104302 0.058925 0.124246
0 0 0.720992 0.098858 0.060076 0.029886 0.090188
0 0 0.804384 0.075721 0.036902 0.016621 0.066372
0 0 0.849169 0.061640 0.025790 0.010845 0.052556
0 0 0.878546 0.051669 0.019106 0.007600 0.043079
0 0 0.856145 0.059329 0.024156 0.010034 0.050336
0 0 0.853483 0.060215 0.024776 0.010340 0.051185
0 0 0.842513 0.063814 0.027375 0.011641 0.054656
0 0 0.832996 0.066872 0.029683 0.012818 0.057631
0 0 0.722891 0.098372 0.059516 0.029548 0.089672
0 0 0.642479 0.117383 0.084423 0.045307 0.110408
0 0 0.582130 0.129582 0.104649 0.059171 0.124469
0 0 0.382300 0.166025 0.190657 0.102870 0.158147
2 0 0.232769 0.173101 0.325540 0.122507 0.146083
2 0 0.189519 0.150660 0.417372 0.125047 0.117402
2 0 0.190912 0.146296 0.425997 0.123999 0.112796
2 0 0.157995 0.117591 0.522378 0.118935 0.083101
2 0 0.246263 0.140211 0.379795 0.122132 0.111599
0 0 0.300156 0.180747 0.268151 0.099558 0.151387
2 0 0.229336 0.224478 0.268703 0.093059 0.184424
1 0 0.230703 0.267077 0.198662 0.075965 0.227592
0 0 0.280021 0.277878 0.131533 0.059620 0.250949
0 0 0.371726 0.250386 0.108734 0.047317 0.221836
0 0 0.426433 0.217732 0.109017 0.050369 0.196449
0 0 0.333615 0.257799 0.121715 0.054996 0.231874
0 0 0.295598 0.282756 0.119436 0.051496 0.250714
1 1 0.273817 0.293473 0.123023 0.051623 0.258063
1 1 0.286543 0.288246 0.119276 0.050988 0.254949
1 1 0.243007 0.268017 0.173766 0.075918 0.239291
1 1 0.256401 0.262478 0.159130 0.078048 0.243943
0 1 0.265594 0.251036 0.166774 0.082634 0.233962
0 1 0.246250 0.221156 0.235437 0.101197 0.195960
2 1 0.204338 0.193573 0.332335 0.112162 0.157591
2 1 0.180429 0.157858 0.430565 0.113483 0.117665
2 0 0.164952 0.136110 0.489028 0.113094 0.096816
2 0 0.164050 0.131158 0.495927 0.115396 0.093469
2 1 0.160756 0.151254 0.482893 0.101101 0.103996
2 1 0.147180 0.147245 0.518213 0.091856 0.095506
2 1 0.152911 0.155744 0.495784 0.092628 0.102933
2 1 0.155583 0.161114 0.483622 0.092354 0.107326
2 1 0.157470 0.165579 0.474183 0.091881 0.110887
2 1 0.139424 0.132635 0.551358 0.092312 0.084271
2 1 0.145627 0.128451 0.541270 0.100159 0.084493
2 1 0.150470 0.121704 0.536412 0.108789 0.082625
2 1 0.165106 0.130923 0.493693 0.116515 0.093763
2 1 0.172548 0.125832 0.480965 0.126969 0.093686
2 2 0.194867 0.145497 0.410274 0.132883 0.116478
2 2 0.235532 0.162711 0.334606 0.128823 0.138328
2 2 0.277602 0.169768 0.278007 0.123170 0.151452
2 2 0.266238 0.174109 0.282074 0.123007 0.154572
2 2 0.203173 0.167025 0.367771 0.125646 0.136384
2 2 0.192594 0.162478 0.397403 0.120359 0.127167
2 0 0.179416 0.145781 0.445813 0.119692 0.109299
2 1 0.173002 0.166360 0.437940 0.103346 0.119353
2 1 0.123250 0.118685 0.597176 0.083254 0.077634
2 1 0.092330 0.086865 0.670665 0.063026 0.087114
2 2 0.082516 0.082909 0.679469 0.052947 0.102159
2 2 0.078745 0.081136 0.683026 0.049417 0.107676
2 2 0.073689 0.077298 0.700969 0.046436 0.101608
2 2 0.073320 0.075577 0.715073 0.047969 0.088062
2 2 0.077415 0.076605 0.716547 0.053119 0.076315
2 2 0.083856 0.078447 0.712591 0.061135 0.063970
2 2 0.096430 0.084029 0.688084 0.074100 0.057357
2 2 0.089061 0.080182 0.705577 0.067389 0.057791
2 2 0.086496 0.080562 0.702942 0.062499 0.067500
2 2 0.091756 0.083739 0.689011 0.066609 0.068886
2 2 0.109812 0.093624 0.644052 0.081466 0.071045
2 2 0.127942 0.103108 0.598031 0.095860 0.075059
2 2 0.135328 0.105478 0.584795 0.104072 0.070327
2 2 0.133600 0.104012 0.591473 0.103838 0.067076
2 2 0.122051 0.097166 0.624526 0.096377 0.059880
2 2 0.117733 0.094537 0.636941 0.093536 0.057252
2 2 0.113304 0.091801 0.649713 0.090593 0.054589
2 2 0.107584 0.088206 0.666261 0.086747 0.051202
2 2 0.092971 0.078709 0.708823 0.076691 0.042806
2 2 0.084198 0.072779 0.734593 0.070487 0.037942
2 2 0.091563 0.077769 0.712948 0.075704 0.042016
2 2 0.102090 0.084690 0.682211 0.083006 0.048002
2 2 0.134920 0.104777 0.587712 0.104677 0.067914
2 1 0.202417 0.138760 0.419354 0.130154 0.109315
2 2 0.153825 0.139442 0.511318 0.101396 0.094019
2 2 0.119042 0.097569 0.631383 0.092873 0.059134
2 2 0.097021 0.081388 0.696983 0.079512 0.045096
2 2 0.080849 0.070468 0.744476 0.068085 0.036122
2 2 0.075057 0.066406 0.761636 0.063883 0.033018
2 2 0.071858 0.064128 0.771147 0.061536 0.031331
2 1 0.070968 0.063489 0.773798 0.060880 0.030865
2 2 0.071782 0.064073 0.771374 0.061480 0.031291
2 2 0.070356 0.063048 0.775624 0.060428 0.030545
2 2 0.071484 0.063859 0.772263 0.061260 0.031134
2 2 0.069959 0.062762 0.776806 0.060134 0.030338
2 2 0.069089 0.062133 0.779404 0.059489 0.029885
2 2 0.067817 0.061210 0.783204 0.058544 0.029225
2 2 0.067930 0.061292 0.782865 0.058628 0.029284
2 2 0.068036 0.061369 0.782551 0.058707 0.029338
2 2 0.066834 0.060493 0.786144 0.057811 0.028717
2 2 0.066459 0.060220 0.787265 0.057532 0.028524
2 2 0.065694 0.059660 0.789556 0.056960 0.028131
2 2 0.063255 0.057863 0.796870 0.055128 0.026884
2 2 0.061083 0.056249 0.803397 0.053487 0.025783
2 2 0.059244 0.054871 0.808938 0.052090 0.024858
2 2 0.060093 0.055508 0.806378 0.052736 0.025285
2 2 0.059368 0.054964 0.808564 0.052184 0.024920
2 2 0.059995 0.055434 0.806675 0.052661 0.025235
2 1 0.068902 0.061997 0.779963 0.059350 0.029787
2 1 0.078983 0.069732 0.748433 0.065812 0.037039
2 0 0.095045 0.080085 0.702757 0.078139 0.043975
2 1 0.180564 0.129062 0.459274 0.132076 0.099025
2 1 0.150136 0.134334 0.525017 0.100936 0.089576
2 2 0.108860 0.089716 0.662016 0.087128 0.052280
2 2 0.091104 0.077591 0.713917 0.075161 0.042226
2 2 0.075307 0.069208 0.752783 0.059923 0.042779
2 2 0.065396 0.063179 0.778587 0.051092 0.041746
2 2 0.062162 0.060080 0.791141 0.049715 0.036902
2 2 0.065127 0.061051 0.786244 0.053712 0.033866
2 2 0.067416 0.061355 0.783289 0.057543 0.030397
2 2 0.067237 0.060788 0.784938 0.058112 0.028925
2 2 0.063269 0.057873 0.796828 0.055139 0.026891
2 2 0.064406 0.058713 0.793416 0.055994 0.027471
2 2 0.065497 0.059515 0.790146 0.056812 0.028030
2 2 0.067051 0.060721 0.784288 0.059020 0.028920
2 2 0.068033 0.061944 0.771746 0.068154 0.030124
2 2 0.068396 0.062568 0.762928 0.075270 0.030838
2 2 0.067924 0.062560 0.756471 0.081955 0.031090
2 2 0.065498 0.060935 0.760242 0.083310 0.030015
2 2 0.064491 0.060286 0.760960 0.084646 0.029617
2 2 0.065117 0.060702 0.760218 0.084081 0.029882
2 2 0.065129 0.060622 0.762466 0.082028 0.029754
2 2 0.065507 0.060682 0.766667 0.077516 0.029629
2 2 0.066075 0.061043 0.766229 0.076803 0.029849
2 2 0.068347 0.062693 0.759386 0.078522 0.031051
2 2 0.071681 0.065435 0.740673 0.088820 0.033391
2 2 0.077033 0.069487 0.716986 0.099684 0.036810
2 1 0.101659 0.085903 0.645363 0.116128 0.050947
2 1 0.141624 0.109605 0.535087 0.137860 0.075824
2 2 0.134537 0.105494 0.560164 0.129161 0.070645
2 2 0.123826 0.099283 0.590072 0.122985 0.063834
2 2 0.110225 0.090821 0.635242 0.108821 0.054890
2 2 0.098613 0.083451 0.668688 0.101232 0.048015
2 2 0.088351 0.077391 0.678245 0.112447 0.043565
2 2 0.082472 0.073219 0.701640 0.102866 0.039804
2 2 0.096001 0.083516 0.607915 0.161351 0.051219
2 2 0.105684 0.089115 0.608316 0.141594 0.055291
2 2 0.079563 0.071393 0.704938 0.105598 0.038508
2 2 0.075995 0.069840 0.680505 0.135177 0.038483
2 2 0.079938 0.072915 0.650769 0.154649 0.041728
2 2 0.077831 0.072304 0.575995 0.229648 0.044223
2 2 0.078265 0.072687 0.539260 0.263777 0.046011
2 2 0.081058 0.074563 0.538414 0.258431 0.047535
2 3 0.087118 0.078547 0.539555 0.244118 0.050663
2 2 0.098547 0.085785 0.533393 0.225467 0.056808
2 2 0.107167 0.090976 0.534961 0.205961 0.060934
2 2 0.108217 0.091230 0.570468 0.171031 0.059053
2 2 0.101601 0.086329 0.629019 0.130907 0.052145
2 2 0.094466 0.080876 0.677237 0.101537 0.045883
2 2 0.088812 0.076972 0.697807 0.094065 0.042343
2 2 0.086057 0.075645 0.691379 0.105104 0.041816
2 2 0.087246 0.077377 0.653905 0.136794 0.044678
2 2 0.091790 0.081229 0.587120 0.189339 0.050523
2 2 0.091520 0.081361 0.542617 0.231734 0.052768
2 2 0.087359 0.078627 0.560963 0.223312 0.049738
2 2 0.081096 0.074264 0.604654 0.195442 0.044544
2 2 0.077201 0.071225 0.646639 0.164221 0.040714
2 2 0.079146 0.072333 0.655333 0.152044 0.041145
2 2 0.081466 0.073702 0.660175 0.142769 0.041889
2 2 0.081862 0.073993 0.657953 0.144013 0.042180
2 2 0.081142 0.073806 0.643167 0.159231 0.042655
2 2 0.082370 0.075151 0.598047 0.198960 0.045473
2 2 0.082763 0.075694 0.539927 0.253247 0.048369
2 2 0.083622 0.076129 0.476322 0.312239 0.051688
2 2 0.082921 0.075137 0.414931 0.372973 0.054038
3 2 0.081704 0.073823 0.377785 0.411698 0.054990
3 2 0.080357 0.072697 0.363997 0.428177 0.054771
3 2 0.083164 0.074423 0.355005 0.430393 0.057015
3 3 0.085851 0.075634 0.326184 0.452081 0.060251
3 2 0.085226 0.074471 0.294078 0.484628 0.061597
3 2 0.082237 0.071990 0.274402 0.510727 0.060644
3 2 0.082451 0.072213 0.277368 0.507345 0.060624
3 2 0.082699 0.072481 0.281254 0.502990 0.060576
3 2 0.083787 0.073546 0.294705 0.487390 0.060573
3 2 0.082138 0.072586 0.299803 0.486312 0.059161
3 2 0.080933 0.071999 0.308773 0.480433 0.057862
3 2 0.078984 0.070549 0.302322 0.491282 0.056862
3 2 0.080725 0.071440 0.291235 0.497952 0.058648
3 2 0.081837 0.071984 0.283839 0.502511 0.059829
3 2 0.083030 0.073173 0.299740 0.484281 0.059776
3 3 0.081935 0.072608 0.306363 0.480423 0.058671
3 2 0.081731 0.072293 0.298819 0.488222 0.058934
3 2 0.074397 0.066041 0.248177 0.554880 0.056506
3 2 0.068656 0.060372 0.193972 0.621598 0.055402
3 3 0.067137 0.058349 0.169077 0.649552 0.055884
3 0 0.079688 0.068686 0.222665 0.566981 0.061980
2 2 0.098929 0.085321 0.398182 0.353015 0.064553
2 2 0.089703 0.079365 0.628897 0.154829 0.047206
2 2 0.081802 0.072340 0.715229 0.091989 0.038640
2 2 0.077409 0.068596 0.744386 0.074541 0.035069
2 2 0.068384 0.062145 0.771765 0.067473 0.030233
2 2 0.064775 0.059569 0.781481 0.065744 0.028430
2 2 0.066512 0.060801 0.777037 0.066370 0.029279
2 2 0.070543 0.063270 0.773525 0.061901 0.030761
2 1 0.069966 0.062767 0.776787 0.060139 0.030341
2 2 0.067473 0.060960 0.784232 0.058288 0.029047
2 2 0.063888 0.058330 0.794971 0.055604 0.027206
2 2 0.064752 0.058968 0.792378 0.056254 0.027648
2 2 0.065212 0.059306 0.791001 0.056599 0.027883
2 2 0.067874 0.061251 0.783034 0.058586 0.029254
2 2 0.067952 0.061308 0.782799 0.058645 0.029295
2 2 0.069159 0.062184 0.779194 0.059541 0.029921
2 2 0.068041 0.061372 0.782536 0.058710 0.029341
2 2 0.070078 0.062848 0.776452 0.060222 0.030400
2 2 0.071691 0.064008 0.771644 0.061413 0.031243
2 2 0.073376 0.065449 0.762295 0.066415 0.032465
2 2 0.069153 0.062744 0.768583 0.068822 0.030698
2 2 0.066205 0.060870 0.771869 0.071526 0.029529
2 2 0.064727 0.059875 0.774430 0.072088 0.028879
2 2 0.065491 0.060434 0.772138 0.072659 0.029278
2 2 0.066828 0.061280 0.770959 0.071140 0.029792
2 2 0.068693 0.062589 0.766286 0.071721 0.030710
2 2 0.070091 0.063695 0.759967 0.074653 0.031594
2 2 0.071613 0.065180 0.746182 0.084007 0.033018
2 2 0.075019 0.068067 0.723229 0.098005 0.035679
2 2 0.080473 0.072562 0.683289 0.123505 0.040171
2 2 0.085230 0.076637 0.626825 0.165963 0.045345
2 2 0.087039 0.078371 0.570203 0.215268 0.049119
2 2 0.085370 0.077420 0.530664 0.256375 0.050170
2 2 0.084090 0.076577 0.519836 0.269511 0.049987
2 2 0.084240 0.076675 0.518509 0.270447 0.050128
2 2 0.083185 0.075976 0.518573 0.272711 0.049555
2 2 0.080351 0.074086 0.520945 0.276704 0.047914
2 2 0.079083 0.073191 0.502885 0.296861 0.047980
2 2 0.080830 0.074271 0.479031 0.315889 0.049979
2 2 0.083165 0.075622 0.447223 0.341264 0.052727
2 2 0.084048 0.076264 0.453681 0.333055 0.052953
2 2 0.085085 0.076805 0.436307 0.347446 0.054357
2 2 0.086402 0.077510 0.420046 0.360136 0.055906
2 2 0.085768 0.076739 0.391916 0.388708 0.056869
2 2 0.082758 0.074884 0.403157 0.384723 0.054477
3 2 0.080554 0.073252 0.391792 0.400779 0.053624
3 3 0.080119 0.072507 0.362209 0.430464 0.054701
3 2 0.080105 0.071455 0.309132 0.482029 0.057279
3 2 0.079876 0.070372 0.272066 0.518576 0.059110
3 2 0.080460 0.070925 0.278204 0.511233 0.059178
3 2 0.081156 0.072160 0.309366 0.479335 0.057983
3 2 0.084395 0.075742 0.385941 0.397620 0.056301
2 2 0.086711 0.077951 0.444035 0.336351 0.054953
2 2 0.088989 0.079774 0.511899 0.266347 0.052991
2 0 0.095305 0.083290 0.594875 0.174829 0.051700
2 0 0.109403 0.090084 0.643743 0.102910 0.053860
2 0 0.101335 0.084201 0.684410 0.082488 0.047566
2 1 0.091768 0.084637 0.684063 0.065311 0.074221
2 1 0.086535 0.084869 0.673992 0.056609 0.097995
2 1 0.086124 0.085474 0.667597 0.055168 0.105637
2 1 0.085584 0.084519 0.674410 0.055594 0.099894
2 1 0.081817 0.079812 0.702166 0.055917 0.080288
2 1 0.074281 0.070907 0.745867 0.055654 0.053290
2 2 0.074402 0.069021 0.753835 0.058592 0.044151
2 2 0.076046 0.068430 0.754915 0.062468 0.038141
2 0 0.093181 0.078848 0.708210 0.076838 0.042923
2 0 0.130139 0.101989 0.601356 0.101623 0.064894
2 1 0.122269 0.100599 0.621213 0.094270 0.061648
2 1 0.098309 0.088421 0.667331 0.070467 0.075471
2 1 0.087455 0.084146 0.681609 0.059036 0.087754
2 1 0.083536 0.081043 0.696604 0.057009 0.081808
2 1 0.077330 0.075643 0.722630 0.054253 0.070143
2 1 0.070121 0.068250 0.757000 0.052246 0.052382
2 1 0.067494 0.064438 0.773281 0.053019 0.041768
2 1 0.067397 0.062766 0.779213 0.055310 0.035315
2 2 0.069570 0.062997 0.776625 0.059012 0.031795
2 2 0.070519 0.063166 0.775136 0.060548 0.030630
2 2 0.071865 0.064132 0.771127 0.061541 0.031334
2 2 0.073877 0.065569 0.765140 0.063020 0.032394
2 2 0.077047 0.067812 0.755729 0.065334 0.034078
2 2 0.078607 0.068906 0.751109 0.066465 0.034913
2 2 0.078506 0.068835 0.751408 0.066392 0.034859
2 2 0.073820 0.065528 0.765310 0.062978 0.032364
2 2 0.068118 0.061428 0.782305 0.058768 0.029381
2 2 0.065271 0.059349 0.790823 0.056643 0.027914
2 2 0.066187 0.060021 0.788079 0.057329 0.028384
2 2 0.065187 0.059288 0.791074 0.056580 0.027871
2 2 0.071156 0.063623 0.773240 0.061018 0.030963
2 2 0.075448 0.066683 0.760474 0.064168 0.033226
2 1 0.100981 0.083972 0.685439 0.082245 0.047362
2 0 0.167234 0.119109 0.513577 0.116151 0.083928
2 0 0.159133 0.118194 0.519178 0.119616 0.083878
2 0 0.134298 0.104493 0.589423 0.104228 0.067558
2 0 0.133232 0.103798 0.592523 0.103603 0.066844
2 0 0.121969 0.097116 0.624761 0.096323 0.059830
2 0 0.143309 0.109560 0.563861 0.109954 0.073316
2 0 0.104973 0.086543 0.673833 0.084975 0.049675
2 0 0.105202 0.086690 0.673168 0.085131 0.049808
2 1 0.099736 0.085102 0.682544 0.078122 0.054495
2 4 0.091772 0.085557 0.678529 0.063990 0.080153
2 4 0.087686 0.087806 0.650465 0.054485 0.119557
2 4 0.088364 0.091426 0.608677 0.050687 0.160846
2 4 0.092720 0.095760 0.570904 0.051227 0.189389
2 4 0.098461 0.103199 0.524914 0.051811 0.221615
2 4 0.100733 0.107356 0.513944 0.052180 0.225788
2 4 0.102200 0.112236 0.491642 0.051055 0.242867
2 4 0.100604 0.108692 0.507583 0.051388 0.231732
2 4 0.098873 0.112764 0.474498 0.047325 0.266541
2 4 0.098204 0.113624 0.460044 0.045941 0.282186
2 4 0.098943 0.114587 0.451907 0.045949 0.288614
2 4 0.101816 0.115641 0.445027 0.047640 0.289875
2 4 0.100554 0.115692 0.436774 0.046276 0.300704
2 4 0.099448 0.108485 0.481027 0.049029 0.262012
2 4 0.108494 0.109027 0.503249 0.058064 0.221165
2 4 0.104444 0.108385 0.512837 0.055170 0.219163
2 4 0.097164 0.109562 0.498540 0.047803 0.246931
2 4 0.099544 0.112337 0.480435 0.048247 0.259438
2 4 0.105875 0.121983 0.435732 0.049067 0.287344
2 4 0.108295 0.129445 0.374318 0.046565 0.341377
2 4 0.106282 0.128343 0.370187 0.045161 0.350028
4 4 0.113695 0.136789 0.337147 0.047337 0.365032
4 4 0.124384 0.150136 0.307679 0.050897 0.366904
4 4 0.127516 0.160704 0.280028 0.049831 0.381921
4 4 0.118932 0.154593 0.294590 0.045984 0.385900
4 4 0.111582 0.141541 0.324986 0.044598 0.377294
4 4 0.107116 0.132005 0.346119 0.044077 0.370683
4 4 0.106244 0.128397 0.337854 0.043746 0.383759
4 4 0.111503 0.130840 0.342981 0.047137 0.367540
2 4 0.118203 0.137097 0.358053 0.051477 0.335170
4 4 0.144556 0.179461 0.287574 0.058719 0.329690
2 4 0.163045 0.181849 0.319084 0.074406 0.261616
2 4 0.125257 0.129111 0.420479 0.062338 0.262814
2 4 0.122617 0.124408 0.422679 0.061355 0.268941
2 4 0.114185 0.123960 0.402861 0.053413 0.305581
2 4 0.113406 0.126332 0.400982 0.052220 0.307061
4 4 0.114043 0.138962 0.314061 0.046138 0.386796
4 4 0.116112 0.147318 0.278209 0.044515 0.413847
4 4 0.112554 0.157838 0.220216 0.038422 0.470970
4 4 0.112618 0.166234 0.212557 0.037156 0.471435
4 4 0.104568 0.171652 0.183365 0.031332 0.509083
4 4 0.113340 0.190189 0.173220 0.033475 0.489776
4 4 0.115714 0.195109 0.187460 0.034828 0.466889
4 4 0.134569 0.198510 0.222463 0.046116 0.398341
4 4 0.150472 0.199123 0.248902 0.057209 0.344295
4 4 0.157586 0.199934 0.269401 0.063279 0.309800
2 4 0.140470 0.166327 0.357491 0.062709 0.273003
2 4 0.130934 0.143372 0.440194 0.065521 0.219979
2 4 0.115151 0.123105 0.505339 0.060920 0.195485
2 4 0.102680 0.108865 0.530740 0.054619 0.203096
2 4 0.089242 0.093038 0.589195 0.049794 0.178731
2 4 0.083476 0.089328 0.603178 0.046115 0.177903
2 4 0.079716 0.086335 0.621386 0.044383 0.168181
2 4 0.079930 0.086488 0.620673 0.044506 0.168403
2 4 0.079026 0.085289 0.632757 0.044679 0.158248
2 4 0.077396 0.083497 0.647477 0.044483 0.147148
2 4 0.073739 0.079990 0.670992 0.043297 0.131982
2 4 0.069858 0.076568 0.690475 0.041555 0.121544
2 4 0.066897 0.073615 0.708563 0.040533 0.110392
2 4 0.067254 0.073856 0.707741 0.040792 0.110357
2 4 0.068081 0.074077 0.709478 0.041771 0.106592
2 1 0.070282 0.075530 0.704440 0.043388 0.106360
2 1 0.070971 0.075399 0.708704 0.044580 0.100347
2 1 0.071940 0.075975 0.706945 0.045365 0.099776
2 1 0.071061 0.075647 0.706633 0.044423 0.102236
2 1 0.070699 0.076397 0.697084 0.043001 0.112820
2 1 0.072117 0.078418 0.681059 0.042749 0.125657
2 1 0.073279 0.079797 0.670557 0.042845 0.133522
2 1 0.074603 0.079820 0.678198 0.044782 0.122597
2 1 0.079691 0.083263 0.664495 0.048198 0.124353
2 1 0.083200 0.084762 0.664026 0.051611 0.116401
2 0 0.084643 0.082305 0.689663 0.057072 0.086318
2 1 0.088292 0.078572 0.712432 0.068535 0.052169
2 1 0.074394 0.068755 0.754827 0.058974 0.043049
2 1 0.067097 0.065923 0.766866 0.050258 0.049856
2 1 0.065029 0.064192 0.774199 0.049054 0.047527
2 1 0.064896 0.062657 0.780719 0.050943 0.040785
2 2 0.063636 0.060404 0.789311 0.051927 0.034722
2 2 0.063897 0.059391 0.792198 0.053947 0.030567
2 2 0.066638 0.060480 0.786407 0.057455 0.029019
2 2 0.066696 0.060393 0.786555 0.057709 0.028646
2 2 0.067044 0.060647 0.785516 0.057968 0.028826
2 2 0.066714 0.060406 0.786503 0.057722 0.028655
2 2 0.066992 0.060609 0.785670 0.057930 0.028799
2 2 0.066929 0.060563 0.785859 0.057882 0.028766
2 2 0.067500 0.060979 0.784153 0.058308 0.029061
2 2 0.065845 0.059770 0.789103 0.057073 0.028208
2 2 0.066078 0.059941 0.788405 0.057247 0.028328
2 2 0.066073 0.059937 0.788421 0.057243 0.028326
2 2 0.066744 0.060431 0.786353 0.057796 0.028675
2 2 0.066573 0.060353 0.786060 0.058367 0.028648
2 2 0.065899 0.059810 0.788942 0.057113 0.028236
2 2 0.063519 0.058058 0.796078 0.055327 0.027018
2 2 0.063146 0.057782 0.797198 0.055046 0.026828
2 2 0.065962 0.059856 0.788753 0.057160 0.028269
2 2 0.070015 0.062802 0.776640 0.060175 0.030367
2 2 0.071356 0.064161 0.765333 0.067531 0.031619
2 2 0.070605 0.064383 0.751071 0.081585 0.032355
2 2 0.070492 0.064874 0.736226 0.095177 0.033231
2 2 0.069172 0.064049 0.736551 0.097504 0.032723
2 2 0.069181 0.064183 0.732571 0.101115 0.032951
2 2 0.070261 0.065402 0.713851 0.116104 0.034383
2 2 0.071101 0.066890 0.668395 0.156667 0.036948
2 2 0.072445 0.068591 0.588699 0.229317 0.040948
2 2 0.075272 0.070471 0.478021 0.329416 0.046821
3 3 0.075640 0.069666 0.375354 0.428114 0.051225
3 3 0.074434 0.067858 0.319936 0.484882 0.052890
3 3 0.072925 0.066053 0.285376 0.522152 0.053493
3 3 0.070586 0.063851 0.261724 0.550837 0.053002
3 3 0.066709 0.060334 0.231437 0.589807 0.051713
3 3 0.066870 0.059789 0.211086 0.609288 0.052967
3 3 0.065804 0.058685 0.200103 0.622621 0.052787
3 3 0.063398 0.057012 0.199019 0.629604 0.050967
3 3 0.059372 0.053012 0.165736 0.672109 0.049770
3 3 0.054806 0.048320 0.129910 0.718543 0.048422
3 3 0.047064 0.042408 0.116861 0.751100 0.042567
3 3 0.043726 0.039847 0.111828 0.764674 0.039925
3 3 0.041692 0.038269 0.108662 0.773076 0.038300
3 3 0.047492 0.042733 0.117492 0.749379 0.042904
3 2 0.059972 0.053682 0.172264 0.664238 0.049844
3 2 0.070836 0.066186 0.365679 0.448789 0.048511
2 2 0.070672 0.067416 0.575835 0.245546 0.040530
2 2 0.067313 0.063956 0.692362 0.142175 0.034193
2 2 0.066980 0.063141 0.719754 0.117363 0.032762
2 2 0.069004 0.064994 0.696502 0.134770 0.034729
2 2 0.070041 0.066334 0.658159 0.168547 0.036920
2 2 0.070527 0.067080 0.619282 0.204346 0.038765
