0 0 0.278357 0.140330 0.230099 0.183291 0.167922
0 0 0.290203 0.141529 0.218970 0.172660 0.176638
0 0 0.290203 0.141529 0.218970 0.172660 0.176638
0 0 0.290203 0.141529 0.218970 0.172660 0.176638
0 0 0.290203 0.141529 0.218970 0.172660 0.176638
0 0 0.290203 0.141529 0.218970 0.172660 0.176638
0 0 0.290203 0.141529 0.218970 0.172660 0.176638
2 0 0.241051 0.191263 0.248923 0.116511 0.202252
2 1 0.161700 0.223633 0.284533 0.056972 0.273162
4 1 0.099419 0.099764 0.217598 0.022214 0.561005
4 1 0.073522 0.097384 0.311479 0.021578 0.496037
2 1 0.051496 0.123073 0.519745 0.025964 0.279722
2 1 0.049285 0.119277 0.556852 0.028595 0.245991
2 1 0.059276 0.126343 0.502630 0.030076 0.281675
2 1 0.075528 0.129859 0.415546 0.030782 0.348285
4 1 0.099281 0.118062 0.287320 0.028742 0.466595
4 1 0.116581 0.097852 0.180369 0.023397 0.581801
4 1 0.118929 0.073142 0.131496 0.019970 0.656462
4 1 0.125602 0.065652 0.125898 0.021855 0.660994
4 4 0.142033 0.073787 0.138841 0.027549 0.617791
4 4 0.151772 0.078571 0.146250 0.031321 0.592086
4 4 0.157958 0.081595 0.150855 0.033886 0.575705
4 4 0.175199 0.089960 0.163257 0.041806 0.529777
4 4 0.137293 0.140590 0.239117 0.036310 0.446690
4 4 0.096035 0.155915 0.304106 0.026855 0.417090
2 4 0.056908 0.159123 0.495187 0.026159 0.262623
2 4 0.033272 0.127518 0.681282 0.029567 0.128360
2 1 0.014659 0.079192 0.827817 0.033292 0.045039
2 1 0.011767 0.068547 0.851490 0.035092 0.033105
2 1 0.009178 0.054743 0.873521 0.036046 0.026512
2 1 0.008602 0.043977 0.880652 0.042674 0.024095
2 1 0.008668 0.036314 0.878877 0.053441 0.022700
2 1 0.008985 0.029060 0.870531 0.069665 0.021759
2 2 0.008644 0.023053 0.863205 0.085250 0.019848
2 2 0.008848 0.019485 0.849277 0.103297 0.019093
2 2 0.008936 0.016737 0.834095 0.122027 0.018206
2 2 0.008882 0.015917 0.825312 0.132580 0.017309
2 2 0.008545 0.015533 0.826148 0.133174 0.016600
2 2 0.008522 0.015576 0.823321 0.136369 0.016213
2 2 0.008613 0.015702 0.822228 0.137155 0.016301
2 2 0.008669 0.015786 0.821292 0.137928 0.016324
2 2 0.008359 0.015307 0.827077 0.132990 0.016266
2 2 0.009005 0.016180 0.820107 0.137745 0.016963
2 2 0.010497 0.018067 0.807381 0.145260 0.018794
2 2 0.012849 0.021056 0.782896 0.162531 0.020668
2 2 0.014023 0.022453 0.772864 0.168954 0.021706
2 2 0.017383 0.026539 0.753967 0.176749 0.025361
2 2 0.022992 0.039892 0.740101 0.165599 0.031415
2 2 0.024296 0.051488 0.744216 0.147174 0.032826
2 2 0.019563 0.044119 0.769744 0.138153 0.028421
2 2 0.017924 0.032029 0.760613 0.163653 0.025782
2 2 0.017294 0.027328 0.728699 0.203621 0.023058
2 2 0.018045 0.030504 0.683478 0.246801 0.021172
2 2 0.019018 0.036357 0.595004 0.331321 0.018300
2 2 0.020536 0.041983 0.520127 0.400337 0.017017
3 3 0.020155 0.045717 0.445244 0.474307 0.014576
3 3 0.021710 0.049222 0.415902 0.498333 0.014833
3 3 0.024867 0.055932 0.368390 0.535315 0.015495
3 3 0.029548 0.062176 0.350917 0.539771 0.017589
3 3 0.029856 0.064675 0.319566 0.569262 0.016641
3 3 0.030671 0.067036 0.295694 0.590477 0.016122
3 3 0.025020 0.063231 0.249519 0.650319 0.011912
3 3 0.021604 0.059802 0.227469 0.681326 0.009799
3 3 0.019376 0.057816 0.207550 0.706824 0.008434
3 3 0.019444 0.058406 0.202309 0.711470 0.008371
3 3 0.019553 0.058779 0.202704 0.710493 0.008471
3 3 0.019619 0.059649 0.194465 0.717918 0.008349
3 3 0.019315 0.059168 0.195703 0.717536 0.008278
3 3 0.018800 0.059488 0.174682 0.739490 0.007540
3 3 0.019322 0.060648 0.169875 0.742547 0.007608
3 3 0.018241 0.060347 0.146212 0.768563 0.006637
3 3 0.018692 0.061697 0.140232 0.772723 0.006657
3 3 0.018643 0.063631 0.122337 0.789116 0.006273
3 3 0.017993 0.064735 0.110605 0.800725 0.005942
3 3 0.015379 0.062905 0.091298 0.825552 0.004865
3 3 0.012991 0.059574 0.078400 0.845075 0.003960
3 3 0.010387 0.054508 0.066510 0.865562 0.003033
3 3 0.010262 0.054523 0.064983 0.867249 0.002983
3 3 0.009726 0.053292 0.062662 0.871520 0.002800
3 3 0.010278 0.054574 0.065001 0.867159 0.002988
3 3 0.010544 0.055447 0.065225 0.865710 0.003074
3 3 0.010637 0.056285 0.063600 0.866385 0.003093
3 3 0.010029 0.055763 0.058482 0.872859 0.002867
3 3 0.009618 0.055571 0.054579 0.877518 0.002714
3 3 0.008721 0.053484 0.050483 0.884899 0.002414
3 3 0.008868 0.053669 0.051614 0.883384 0.002465
3 3 0.009475 0.054652 0.055604 0.877593 0.002677
3 3 0.009942 0.055314 0.058853 0.873048 0.002843
3 3 0.009548 0.054247 0.057603 0.875891 0.002712
3 3 0.008429 0.051839 0.051697 0.885701 0.002334
3 3 0.007283 0.049498 0.044511 0.896757 0.001951
3 3 0.006243 0.046953 0.038349 0.906837 0.001618
3 3 0.005972 0.046393 0.036381 0.909724 0.001531
3 3 0.006505 0.048320 0.038254 0.905230 0.001691
3 3 0.007751 0.052152 0.043225 0.894793 0.002079
3 3 0.008884 0.055763 0.046428 0.886490 0.002435
3 3 0.009246 0.057310 0.046361 0.884541 0.002542
3 3 0.008049 0.054193 0.041633 0.893970 0.002155
3 3 0.006965 0.051353 0.036662 0.903209 0.001811
3 3 0.006039 0.048791 0.032087 0.911559 0.001524
3 3 0.004996 0.044948 0.027951 0.920886 0.001218
3 3 0.004403 0.042358 0.025814 0.926374 0.001051
3 3 0.004432 0.042241 0.026381 0.925884 0.001062
3 3 0.004849 0.043731 0.028544 0.921693 0.001183
3 3 0.005559 0.046217 0.031899 0.914934 0.001392
3 3 0.006289 0.048702 0.034974 0.908425 0.001611
3 3 0.006829 0.050358 0.037328 0.903708 0.001777
3 3 0.007036 0.050837 0.038517 0.901766 0.001843
3 3 0.007310 0.051458 0.040075 0.899226 0.001931
3 3 0.007472 0.051958 0.040674 0.897915 0.001982
3 3 0.007291 0.051470 0.039843 0.899472 0.001924
3 3 0.006806 0.050023 0.037817 0.903581 0.001773
3 3 0.006591 0.049740 0.036090 0.905876 0.001702
3 3 0.006291 0.049202 0.033971 0.908931 0.001605
3 3 0.005751 0.047741 0.031036 0.914033 0.001439
3 3 0.004911 0.044374 0.028044 0.921475 0.001196
3 3 0.004532 0.042718 0.026692 0.924968 0.001089
3 3 0.004626 0.042981 0.027318 0.923958 0.001117
3 3 0.005011 0.044342 0.029276 0.920142 0.001230
3 3 0.005182 0.044829 0.030315 0.918394 0.001281
3 3 0.005175 0.044853 0.030187 0.918507 0.001279
3 3 0.004781 0.043511 0.028157 0.922388 0.001163
3 3 0.004436 0.042251 0.026405 0.925846 0.001063
3 3 0.004244 0.041528 0.025412 0.927807 0.001008
3 3 0.004371 0.042194 0.025734 0.926658 0.001043
3 3 0.004328 0.042226 0.025166 0.927251 0.001028
3 3 0.004241 0.041891 0.024722 0.928142 0.001004
3 3 0.004088 0.040925 0.024593 0.929431 0.000964
3 3 0.004433 0.042070 0.026707 0.925727 0.001064
3 3 0.005101 0.044534 0.029956 0.919150 0.001258
3 3 0.005705 0.046851 0.032274 0.913737 0.001434
3 3 0.005914 0.047871 0.032557 0.912166 0.001493
3 3 0.005643 0.047049 0.031192 0.914706 0.001410
3 3 0.005272 0.045510 0.030021 0.917892 0.001304
3 3 0.005106 0.044797 0.029497 0.919344 0.001256
3 3 0.005300 0.045770 0.029832 0.917788 0.001310
3 3 0.005248 0.045778 0.029238 0.918443 0.001293
3 3 0.006022 0.049005 0.031506 0.911952 0.001515
3 3 0.007939 0.056210 0.036435 0.897331 0.002085
3 3 0.011831 0.067831 0.045803 0.871215 0.003319
3 3 0.014731 0.074667 0.052678 0.853630 0.004296
3 3 0.015908 0.076850 0.056016 0.846515 0.004711
3 3 0.013843 0.070519 0.055186 0.856412 0.004040
3 3 0.012817 0.066442 0.056565 0.860448 0.003727
3 3 0.014611 0.068250 0.066855 0.845884 0.004400
3 3 0.018950 0.074128 0.084873 0.816003 0.006047
3 3 0.031122 0.087421 0.125434 0.744976 0.011047
3 3 0.048628 0.098499 0.178370 0.655321 0.019182
3 3 0.051714 0.090161 0.279673 0.551822 0.026631
3 3 0.045311 0.080916 0.319097 0.529133 0.025544
3 3 0.040688 0.076806 0.311929 0.548231 0.022347
3 2 0.033305 0.069783 0.303643 0.575329 0.017939
3 2 0.028132 0.062697 0.320413 0.572998 0.015760
3 2 0.026329 0.055280 0.409388 0.491136 0.017867
2 2 0.024956 0.045994 0.541910 0.364897 0.022244
2 4 0.020204 0.034883 0.701508 0.217368 0.026038
2 4 0.013864 0.029490 0.810834 0.121108 0.024703
2 4 0.011952 0.028067 0.833077 0.103202 0.023701
2 4 0.011845 0.026283 0.833362 0.104613 0.023897
2 4 0.012320 0.021583 0.811411 0.131718 0.022968
2 4 0.012097 0.019933 0.797314 0.149651 0.021005
2 2 0.012379 0.020593 0.787422 0.159119 0.020487
2 2 0.012777 0.021725 0.777112 0.167610 0.020777
2 2 0.013107 0.023398 0.790103 0.151066 0.022326
2 2 0.012510 0.025528 0.814880 0.124267 0.022816
2 2 0.012565 0.027634 0.822478 0.113715 0.023608
2 2 0.013030 0.027872 0.818400 0.116543 0.024154
2 2 0.013862 0.030722 0.818303 0.111225 0.025887
2 2 0.012895 0.032731 0.830395 0.098868 0.025111
2 2 0.014026 0.042062 0.830464 0.085839 0.027609
2 2 0.016395 0.053665 0.817803 0.080885 0.031251
2 2 0.019720 0.064102 0.797419 0.083516 0.035244
2 2 0.018031 0.057274 0.804815 0.087773 0.032107
2 2 0.014278 0.042288 0.825216 0.091321 0.026897
2 2 0.010807 0.026628 0.837435 0.103855 0.021274
2 2 0.008912 0.019850 0.843073 0.109948 0.018218
2 2 0.008475 0.017864 0.845112 0.110725 0.017823
2 2 0.007570 0.017435 0.859561 0.098355 0.017079
2 2 0.008574 0.023783 0.866273 0.081314 0.020056
2 2 0.009813 0.030288 0.858206 0.080141 0.021551
2 2 0.014729 0.040502 0.816256 0.102313 0.026200
2 2 0.014430 0.042638 0.828523 0.086028 0.028381
2 2 0.010980 0.019726 0.809811 0.139756 0.019727
2 2 0.013682 0.022251 0.786944 0.154360 0.022763
2 2 0.015824 0.027040 0.726955 0.208233 0.021948
2 2 0.022710 0.036288 0.669892 0.243511 0.027600
2 2 0.036863 0.057046 0.635706 0.229813 0.040572
2 2 0.037844 0.069033 0.672824 0.175416 0.044883
2 2 0.029280 0.061641 0.732122 0.136877 0.040079
2 2 0.027426 0.055886 0.745030 0.131643 0.040015
2 2 0.027909 0.052161 0.741462 0.137696 0.040772
2 2 0.030814 0.053079 0.729012 0.142798 0.044297
2 2 0.033833 0.057766 0.716332 0.145046 0.047023
2 2 0.039740 0.068358 0.694512 0.144821 0.052568
2 2 0.034733 0.061915 0.708958 0.148283 0.046110
2 2 0.033906 0.065724 0.718493 0.134988 0.046889
2 2 0.023103 0.060579 0.776496 0.101814 0.038007
2 2 0.026632 0.094126 0.759049 0.074502 0.045690
2 2 0.045783 0.167021 0.652411 0.065213 0.069573
2 2 0.111283 0.265594 0.424710 0.071911 0.126502
2 2 0.204739 0.231611 0.265099 0.086097 0.212454
4 2 0.234560 0.178213 0.242201 0.100424 0.244601
4 2 0.262106 0.132704 0.215009 0.113924 0.276256
4 1 0.265397 0.131602 0.214375 0.117561 0.271065
4 1 0.240892 0.168879 0.237330 0.104146 0.248752
2 1 0.199342 0.251335 0.271918 0.087506 0.189899
2 1 0.133500 0.320450 0.342911 0.067210 0.135929
2 1 0.071007 0.291793 0.495526 0.053218 0.088457
2 2 0.033452 0.173249 0.686576 0.049880 0.056844
2 2 0.021621 0.103082 0.777122 0.057569 0.040606
2 2 0.032631 0.094215 0.732501 0.089643 0.051010
2 2 0.079105 0.141440 0.567796 0.122839 0.088819
2 1 0.107690 0.201278 0.477378 0.100881 0.112773
2 1 0.053191 0.200937 0.607737 0.061811 0.076323
2 1 0.031360 0.154830 0.707372 0.051092 0.055346
2 1 0.020563 0.097029 0.786536 0.055381 0.040491
2 2 0.015567 0.057390 0.824107 0.072085 0.030850
2 2 0.009539 0.026552 0.853103 0.090655 0.020151
2 2 0.009378 0.020999 0.839332 0.111552 0.018740
2 2 0.010036 0.019733 0.825616 0.125441 0.019174
2 2 0.010831 0.019415 0.811771 0.138286 0.019696
2 2 0.011342 0.021143 0.813848 0.132934 0.020733
2 2 0.011097 0.023338 0.825567 0.118953 0.021044
2 2 0.010929 0.026628 0.837405 0.103384 0.021654
2 2 0.013305 0.034494 0.828618 0.097899 0.025684
2 2 0.029557 0.057755 0.748129 0.117438 0.047122
2 2 0.121450 0.114946 0.478203 0.163532 0.121868
4 2 0.254314 0.130178 0.223605 0.113326 0.278578
4 2 0.235149 0.118170 0.200620 0.082203 0.363857
4 1 0.218504 0.110500 0.191298 0.068303 0.411395
4 1 0.228332 0.115047 0.196920 0.076172 0.383528
4 1 0.217269 0.109925 0.190569 0.067374 0.414863
4 0 0.237435 0.119211 0.201820 0.084346 0.357188
4 0 0.226766 0.167686 0.235251 0.087896 0.282402
1 1 0.177509 0.293429 0.282670 0.076670 0.169722
1 1 0.160014 0.333070 0.289452 0.069634 0.147829
1 1 0.147194 0.361216 0.292365 0.063605 0.135620
1 1 0.144797 0.371722 0.301889 0.072690 0.108903
1 1 0.152560 0.368384 0.292410 0.075334 0.111312
1 1 0.176740 0.321152 0.287027 0.090214 0.124867
1 1 0.198800 0.281197 0.279002 0.104479 0.136522
2 1 0.237512 0.217318 0.258597 0.131322 0.155251
0 1 0.279132 0.156456 0.228410 0.163402 0.172600
0 1 0.290203 0.141529 0.218970 0.172660 0.176638
0 1 0.289611 0.142313 0.219490 0.172156 0.176429
0 1 0.261118 0.181860 0.242499 0.149038 0.165484
2 1 0.217826 0.248868 0.269934 0.117361 0.146011
2 1 0.180217 0.288505 0.301236 0.098151 0.131892
2 1 0.153218 0.252687 0.363985 0.097881 0.132229
2 1 0.166417 0.191698 0.373911 0.119466 0.148508
0 1 0.290203 0.141529 0.218970 0.172660 0.176638
0 0 0.290203 0.141529 0.218970 0.172660 0.176638
0 0 0.290203 0.141529 0.218970 0.172660 0.176638
0 0 0.290203 0.141529 0.218970 0.172660 0.176638
0 0 0.290203 0.141529 0.218970 0.172660 0.176638
0 0 0.290203 0.141529 0.218970 0.172660 0.176638
0 0 0.290203 0.141529 0.218970 0.172660 0.176638
0 0 0.285254 0.139722 0.219108 0.157107 0.198809
0 0 0.281642 0.138324 0.218728 0.147900 0.213407
4 1 0.255733 0.145196 0.223395 0.111844 0.263832
4 1 0.200267 0.103003 0.181053 0.055878 0.459799
4 1 0.157624 0.081433 0.150609 0.033745 0.576590
4 1 0.171917 0.123126 0.191490 0.042652 0.470815
4 1 0.187900 0.153390 0.218266 0.054526 0.385919
4 1 0.196439 0.162924 0.226751 0.061511 0.352375
4 1 0.200444 0.159003 0.225020 0.063692 0.351842
4 1 0.209405 0.135270 0.209864 0.066055 0.379407
4 1 0.226644 0.122659 0.203015 0.076408 0.371275
4 1 0.245198 0.122719 0.205729 0.092141 0.334213
4 1 0.254346 0.126792 0.209957 0.102561 0.306344
4 0 0.263487 0.130781 0.213676 0.114734 0.277322
4 0 0.257682 0.128259 0.211380 0.106768 0.295911
0 0 0.270299 0.133685 0.216021 0.125384 0.254611
0 0 0.272484 0.134600 0.216677 0.129176 0.247063
0 0 0.285015 0.139631 0.219093 0.156453 0.199808
0 0 0.287015 0.140382 0.219165 0.162164 0.191274
0 0 0.290203 0.141529 0.218970 0.172660 0.176638
0 0 0.290203 0.141529 0.218970 0.172660 0.176638
0 0 0.272933 0.165040 0.233435 0.158368 0.170224
1 0 0.200233 0.278696 0.278386 0.105430 0.137255
1 1 0.116582 0.345526 0.338255 0.049864 0.149773
2 1 0.077703 0.261026 0.414627 0.030620 0.216025
2 1 0.055610 0.185986 0.489885 0.024342 0.244177
2 1 0.054366 0.142108 0.493637 0.024595 0.285294
2 1 0.057751 0.126946 0.479180 0.026155 0.309968
4 1 0.088689 0.103143 0.278452 0.024427 0.505289
4 1 0.117974 0.081814 0.157215 0.022354 0.620643
4 1 0.133265 0.069456 0.132003 0.024411 0.640866
4 4 0.172124 0.088475 0.161093 0.040304 0.538004
4 4 0.201342 0.102449 0.180769 0.056436 0.459004
4 4 0.220686 0.111514 0.192574 0.069974 0.405251
4 4 0.240440 0.120574 0.203365 0.087264 0.348358
4 0 0.260416 0.129452 0.212492 0.110410 0.287232
4 0 0.233737 0.117526 0.199869 0.080911 0.367957
4 0 0.195812 0.099829 0.177204 0.053034 0.474122
4 0 0.160258 0.086678 0.156416 0.035072 0.561575
4 0 0.120735 0.063227 0.121957 0.020317 0.673764
4 0 0.081412 0.043375 0.088255 0.010091 0.776868
4 0 0.086964 0.046207 0.093226 0.011314 0.762289
4 1 0.107574 0.056635 0.111055 0.016475 0.708261
4 1 0.132650 0.069151 0.131518 0.024200 0.642481
4 4 0.147737 0.076593 0.143204 0.029720 0.602746
4 4 0.140991 0.073273 0.138036 0.027163 0.620536
4 4 0.138750 0.081665 0.145734 0.026645 0.607205
4 4 0.152322 0.145941 0.202702 0.035038 0.463998
4 4 0.127783 0.211621 0.305705 0.041096 0.313794
2 4 0.082589 0.224399 0.453338 0.040807 0.198867
2 4 0.065529 0.212317 0.523963 0.040010 0.158181
2 4 0.054885 0.175579 0.589930 0.041961 0.137646
2 4 0.071826 0.174635 0.542876 0.051468 0.159196
2 4 0.093788 0.201467 0.485989 0.064022 0.154734
2 4 0.142330 0.223361 0.362630 0.071501 0.200179
2 4 0.177374 0.229453 0.288200 0.071490 0.233484
4 4 0.203677 0.194150 0.247116 0.073407 0.281650
2 1 0.207098 0.222807 0.261670 0.085522 0.222902
2 1 0.198697 0.247426 0.270552 0.084995 0.198330
2 1 0.171077 0.257100 0.284825 0.065926 0.221072
4 1 0.201976 0.184234 0.241188 0.069670 0.302931
4 1 0.244534 0.147265 0.223957 0.099537 0.284707
0 1 0.258534 0.149319 0.226209 0.117664 0.248274
4 1 0.223037 0.132558 0.210284 0.075639 0.358481
4 1 0.208945 0.121375 0.198749 0.063572 0.407359
4 1 0.202008 0.122312 0.198294 0.059336 0.418049
4 1 0.195851 0.139254 0.228431 0.064433 0.372031
4 1 0.173920 0.113021 0.201785 0.047713 0.463561
4 1 0.187270 0.110214 0.188133 0.050505 0.463879
4 1 0.197520 0.100639 0.178314 0.054065 0.469461
4 1 0.222731 0.112462 0.193756 0.071578 0.399472
4 1 0.246237 0.123185 0.206232 0.093252 0.331093
0 1 0.273573 0.135053 0.216983 0.131146 0.243245
0 1 0.290203 0.141529 0.218970 0.172660 0.176638
0 1 0.290203 0.141529 0.218970 0.172660 0.176638
0 1 0.290203 0.141529 0.218970 0.172660 0.176638
0 1 0.278433 0.157415 0.228986 0.162830 0.172336
0 1 0.261875 0.180765 0.241939 0.149626 0.165796
0 1 0.273628 0.164070 0.232881 0.158927 0.170494
0 1 0.290203 0.141529 0.218970 0.172660 0.176638
0 0 0.290203 0.141529 0.218970 0.172660 0.176638
0 0 0.290203 0.141529 0.218970 0.172660 0.176638
0 0 0.290203 0.141529 0.218970 0.172660 0.176638
0 0 0.290203 0.141529 0.218970 0.172660 0.176638
0 0 0.290203 0.141529 0.218970 0.172660 0.176638
0 0 0.290203 0.141529 0.218970 0.172660 0.176638
0 0 0.290203 0.141529 0.218970 0.172660 0.176638
0 0 0.290203 0.141529 0.218970 0.172660 0.176638
0 0 0.290203 0.141529 0.218970 0.172660 0.176638
0 0 0.290203 0.141529 0.218970 0.172660 0.176638
0 0 0.290203 0.141529 0.218970 0.172660 0.176638
0 0 0.290203 0.141529 0.218970 0.172660 0.176638
0 0 0.290203 0.141529 0.218970 0.172660 0.176638
0 0 0.277492 0.136663 0.217958 0.138756 0.229131
4 0 0.215020 0.108877 0.189230 0.065717 0.421156
4 0 0.139024 0.072303 0.136512 0.026445 0.625716
4 1 0.086202 0.045819 0.092547 0.011142 0.764290
4 4 0.058586 0.031622 0.066977 0.005769 0.837046
4 4 0.063177 0.034001 0.071374 0.006549 0.824898
4 4 0.074245 0.039705 0.081726 0.008613 0.795711
4 4 0.100958 0.053302 0.105434 0.014708 0.725599
4 4 0.129929 0.067802 0.129360 0.023277 0.649631
4 4 0.174684 0.089711 0.162896 0.041551 0.531158
0 4 0.273878 0.150473 0.214175 0.201053 0.160421
0 4 0.272040 0.153037 0.210552 0.206295 0.158076
0 4 0.245408 0.162851 0.203534 0.202342 0.185865
4 4 0.244343 0.136556 0.206914 0.116619 0.295568
4 4 0.248689 0.143884 0.208660 0.135875 0.262892
4 4 0.238354 0.123969 0.203034 0.091771 0.342872
4 4 0.184200 0.094288 0.169470 0.046447 0.505595
4 4 0.203310 0.103379 0.182018 0.057693 0.453599
4 4 0.196603 0.100204 0.177719 0.053509 0.471964
4 4 0.189139 0.096650 0.172800 0.049161 0.492250
4 4 0.156918 0.081088 0.150087 0.033446 0.578461
4 4 0.157384 0.081315 0.150431 0.033643 0.577226
4 4 0.133132 0.069390 0.131899 0.024365 0.641214
4 4 0.116455 0.061089 0.118453 0.019018 0.684985
4 4 0.109055 0.057379 0.112300 0.016885 0.704380
4 4 0.117843 0.061783 0.119593 0.019434 0.681347
4 4 0.101082 0.053364 0.105541 0.014740 0.725274
4 4 0.091496 0.048512 0.097229 0.012363 0.750401
4 4 0.089801 0.047651 0.095737 0.011965 0.754845
4 4 0.094407 0.049988 0.099775 0.013062 0.742767
4 4 0.084569 0.044987 0.091091 0.010778 0.768575
4 4 0.109677 0.057692 0.112822 0.017059 0.702750
4 4 0.129486 0.067582 0.129008 0.023129 0.650794
4 4 0.140930 0.073244 0.137990 0.027141 0.620695
4 4 0.154942 0.080123 0.148620 0.032619 0.583696
4 4 0.185477 0.094899 0.170337 0.047137 0.502150
0 4 0.271652 0.134253 0.216433 0.127708 0.249954
0 4 0.274256 0.141223 0.220997 0.136692 0.226832
4 4 0.207732 0.172147 0.235010 0.071784 0.313328
2 4 0.131975 0.175600 0.339637 0.053011 0.299777
2 4 0.091001 0.148321 0.443883 0.046620 0.270175
2 4 0.077062 0.105849 0.421403 0.034697 0.360990
2 4 0.049297 0.085208 0.584585 0.038852 0.242058
2 4 0.040195 0.080593 0.634933 0.036270 0.208009
2 4 0.044241 0.086181 0.585831 0.031229 0.252518
2 4 0.056036 0.086181 0.483498 0.028691 0.345593
2 4 0.069962 0.113913 0.456178 0.033353 0.326594
2 4 0.088576 0.115608 0.385938 0.036543 0.373335
2 4 0.074115 0.131751 0.493743 0.042498 0.257893
2 4 0.047381 0.108437 0.619045 0.039635 0.185503
2 4 0.025256 0.072885 0.763250 0.040201 0.098408
2 4 0.015437 0.053077 0.833643 0.037980 0.059862
2 1 0.008691 0.037985 0.885943 0.037886 0.029496
2 1 0.006634 0.033459 0.902373 0.034907 0.022628
2 1 0.005815 0.031090 0.909364 0.033263 0.020467
2 1 0.005753 0.030459 0.909808 0.033839 0.020141
2 1 0.005948 0.030275 0.907889 0.035514 0.020375
2 1 0.006388 0.032317 0.903536 0.036514 0.021243
2 1 0.007345 0.036617 0.894836 0.037849 0.023353
2 1 0.007847 0.039249 0.890206 0.038184 0.024514
2 1 0.014186 0.052756 0.844173 0.044568 0.044316
2 1 0.033344 0.088310 0.736075 0.058181 0.084089
2 1 0.048601 0.111416 0.643376 0.050879 0.145729
2 1 0.084751 0.115306 0.474665 0.051111 0.274168
4 0 0.150020 0.121620 0.326477 0.068867 0.333015
4 1 0.174170 0.145229 0.284117 0.069804 0.326680
4 1 0.200248 0.102093 0.181435 0.056203 0.460022
4 1 0.209138 0.106123 0.185656 0.061564 0.437519
4 1 0.226595 0.114248 0.195950 0.074715 0.388492
4 1 0.219998 0.111195 0.192173 0.069443 0.407191
4 1 0.177319 0.167981 0.230789 0.051499 0.372412
2 1 0.096843 0.212139 0.394877 0.039457 0.256685
2 1 0.056289 0.157308 0.568525 0.037690 0.180188
2 1 0.024315 0.083845 0.778163 0.061919 0.051758
2 1 0.011474 0.031981 0.848112 0.083607 0.024826
2 1 0.009543 0.022480 0.849666 0.097769 0.020542
2 1 0.008449 0.018124 0.849828 0.105263 0.018336
2 2 0.007715 0.016650 0.856475 0.101753 0.017408
2 2 0.007147 0.016545 0.867089 0.092151 0.017068
2 2 0.006586 0.016452 0.876935 0.083424 0.016603
2 2 0.006418 0.016426 0.880250 0.080384 0.016523
2 2 0.006803 0.016531 0.874697 0.084928 0.017041
2 2 0.007090 0.016360 0.869886 0.089275 0.017388
2 2 0.007169 0.016754 0.869601 0.088987 0.017490
2 2 0.006709 0.017806 0.880222 0.078025 0.017239
2 2 0.006587 0.020031 0.887042 0.068832 0.017508
2 2 0.006981 0.024116 0.889151 0.060785 0.018967
2 2 0.007595 0.028006 0.886271 0.057634 0.020494
2 2 0.007570 0.029509 0.887626 0.054579 0.020716
2 2 0.007190 0.027314 0.889951 0.055746 0.019799
2 2 0.007560 0.025545 0.884690 0.062060 0.020145
2 2 0.007886 0.021892 0.874258 0.076352 0.019612
2 2 0.008861 0.019921 0.855306 0.095873 0.020039
2 2 0.009723 0.017572 0.832342 0.120317 0.020046
2 2 0.010136 0.017374 0.819479 0.133428 0.019583
2 2 0.009829 0.017112 0.817613 0.136863 0.018583
2 2 0.009665 0.016941 0.817634 0.137560 0.018199
2 2 0.009608 0.016881 0.817683 0.137757 0.018071
2 2 0.009782 0.017104 0.816035 0.138813 0.018266
2 2 0.009628 0.016953 0.815656 0.139901 0.017862
2 2 0.009967 0.017435 0.810625 0.143961 0.018012
2 2 0.009805 0.017215 0.812649 0.142436 0.017895
2 2 0.010558 0.018094 0.808709 0.143537 0.019102
2 2 0.011912 0.020547 0.807959 0.137878 0.021703
2 2 0.014650 0.028110 0.801506 0.130159 0.025576
2 2 0.019174 0.035742 0.779256 0.134610 0.031218
2 2 0.016284 0.033066 0.795687 0.127398 0.027566
2 2 0.014388 0.027691 0.802052 0.130790 0.025080
2 2 0.012751 0.021185 0.801512 0.141736 0.022817
2 2 0.011271 0.018913 0.804892 0.144715 0.020209
2 2 0.009694 0.017235 0.807048 0.149025 0.016998
2 2 0.010527 0.018644 0.787859 0.166185 0.016785
2 2 0.010975 0.020434 0.756879 0.196026 0.015685
2 2 0.011475 0.022269 0.727238 0.223971 0.015047
2 2 0.011184 0.022765 0.709514 0.242522 0.014015
2 2 0.011230 0.023429 0.696680 0.254975 0.013686
2 2 0.011650 0.023734 0.698712 0.251702 0.014203
2 2 0.012984 0.025940 0.679271 0.266791 0.015015
2 2 0.015457 0.030573 0.635581 0.302228 0.016161
2 2 0.017100 0.036022 0.565274 0.365998 0.015606
2 2 0.017873 0.040518 0.496871 0.430333 0.014404
2 2 0.018394 0.042831 0.463799 0.461050 0.013926
2 2 0.019254 0.040282 0.533351 0.390479 0.016634
2 2 0.015968 0.031125 0.642497 0.293138 0.017273
2 2 0.014753 0.024813 0.737600 0.202745 0.020088
2 2 0.013354 0.022123 0.762804 0.182347 0.019371
2 2 0.012275 0.020755 0.772000 0.176655 0.018315
2 2 0.011029 0.019752 0.771930 0.180783 0.016507
2 2 0.011340 0.020421 0.765272 0.186261 0.016707
2 2 0.011668 0.021016 0.759021 0.191443 0.016852
2 2 0.012170 0.021474 0.758734 0.190055 0.017567
2 2 0.011909 0.020601 0.771128 0.178502 0.017860
2 2 0.011947 0.020421 0.776371 0.172935 0.018326
2 2 0.011670 0.019850 0.784112 0.165887 0.018480
2 2 0.012922 0.022069 0.763800 0.181908 0.019300
2 2 0.014255 0.024201 0.751868 0.188564 0.021112
2 2 0.016434 0.028135 0.732503 0.199030 0.023898
2 2 0.017729 0.039706 0.771039 0.143723 0.027803
2 2 0.022266 0.061165 0.776657 0.104453 0.035459
2 2 0.031698 0.104723 0.729736 0.085627 0.048216
2 2 0.042847 0.146308 0.672607 0.075349 0.062889
2 2 0.061401 0.201139 0.585575 0.069250 0.082636
2 2 0.086272 0.250701 0.492169 0.067508 0.103351
2 2 0.083836 0.268414 0.484910 0.063367 0.099473
2 2 0.065981 0.237147 0.548645 0.060887 0.087341
2 2 0.044609 0.166333 0.656758 0.062835 0.069466
2 2 0.034171 0.134787 0.711836 0.059677 0.059528
2 2 0.031143 0.144676 0.715810 0.051963 0.056407
2 1 0.038660 0.197626 0.652086 0.046445 0.065183
2 1 0.046715 0.233158 0.601024 0.045459 0.073643
2 1 0.047846 0.211411 0.614974 0.049959 0.075811
2 1 0.049395 0.170124 0.635947 0.056960 0.087575
2 2 0.051918 0.145388 0.641849 0.066490 0.094355
2 2 0.073671 0.157728 0.571085 0.078426 0.119090
2 2 0.130740 0.221550 0.415954 0.089455 0.142300
2 2 0.200948 0.272026 0.280969 0.107287 0.138770
1 2 0.194404 0.288940 0.280822 0.101580 0.134254
1 2 0.189877 0.297025 0.282583 0.098625 0.131890
1 2 0.180161 0.314772 0.285968 0.092381 0.126719
1 2 0.195479 0.287036 0.280387 0.102287 0.134811
2 2 0.211702 0.259070 0.273060 0.113153 0.143015
2 0 0.214295 0.254727 0.271760 0.114927 0.144291
1 0 0.192360 0.292577 0.281631 0.100242 0.133190
1 0 0.157355 0.321669 0.303007 0.072734 0.145235
2 1 0.110634 0.285235 0.388531 0.054600 0.161000
2 1 0.097703 0.233784 0.437800 0.052543 0.178171
2 1 0.101792 0.214758 0.465961 0.068745 0.148744
2 1 0.129150 0.221688 0.424515 0.095128 0.129519
2 1 0.205199 0.230561 0.295958 0.119852 0.148429
2 1 0.209180 0.263326 0.274291 0.111437 0.141765
1 1 0.199025 0.280804 0.278907 0.104628 0.136637
2 1 0.212295 0.258073 0.272766 0.113558 0.143308
0 1 0.253741 0.192673 0.247819 0.143376 0.162391
0 0 0.276162 0.160549 0.230841 0.160977 0.171471
0 0 0.279761 0.155594 0.227890 0.163919 0.172836
0 0 0.260473 0.143951 0.222774 0.117429 0.255373
4 1 0.225822 0.113891 0.195515 0.074076 0.390696
4 1 0.178898 0.091742 0.165833 0.043668 0.519860
4 0 0.162117 0.083622 0.153905 0.035689 0.564667
4 0 0.151726 0.078549 0.146216 0.031303 0.592207
4 1 0.157394 0.081320 0.150438 0.033647 0.577201
4 1 0.182113 0.105774 0.179499 0.046340 0.486274
4 1 0.199011 0.188217 0.242900 0.068092 0.301780
2 0 0.190467 0.237104 0.265549 0.072304 0.234575
2 0 0.204091 0.258130 0.273907 0.098056 0.165815
2 0 0.247013 0.202745 0.252442 0.138315 0.159485
0 0 0.287431 0.142894 0.220333 0.166728 0.182614
0 0 0.282885 0.141229 0.220286 0.153454 0.202145
0 1 0.268346 0.160798 0.232450 0.142406 0.196000
2 1 0.231455 0.188178 0.247302 0.100966 0.232099
2 0 0.165028 0.227679 0.339618 0.088385 0.179290
2 0 0.100797 0.295789 0.404303 0.051643 0.147467
2 0 0.061846 0.254303 0.525053 0.041020 0.117778
2 0 0.053468 0.202070 0.545433 0.030838 0.168191
2 1 0.029205 0.127324 0.719574 0.035459 0.088438
2 1 0.020222 0.087652 0.787802 0.034535 0.069789
2 1 0.018082 0.078351 0.797568 0.029448 0.076551
2 1 0.027019 0.099896 0.710603 0.025422 0.137060
2 1 0.047637 0.118093 0.535965 0.024808 0.273496
4 1 0.066846 0.124143 0.389437 0.023236 0.396338
4 1 0.088772 0.127163 0.279738 0.022766 0.481560
4 1 0.126750 0.157052 0.233138 0.029856 0.453204
4 1 0.152263 0.168153 0.217576 0.036512 0.425496
4 1 0.143184 0.190413 0.227761 0.033777 0.404865
4 1 0.134210 0.160466 0.205919 0.028150 0.471256
4 1 0.117038 0.151414 0.244137 0.028067 0.459345
4 4 0.109947 0.135962 0.249432 0.027001 0.477658
4 4 0.104440 0.101546 0.213377 0.023275 0.557362
4 4 0.116269 0.071653 0.129197 0.019152 0.663729
4 4 0.101970 0.053812 0.106300 0.014971 0.722947
4 4 0.083705 0.044547 0.090317 0.010588 0.770844
4 4 0.084148 0.044773 0.090714 0.010685 0.769680
4 4 0.087606 0.046534 0.093795 0.011459 0.760606
4 4 0.069656 0.037346 0.077475 0.007726 0.807798
4 4 0.055055 0.029786 0.063550 0.005200 0.846410
4 4 0.061013 0.032881 0.069309 0.006176 0.830621
4 4 0.068167 0.036578 0.076083 0.007447 0.811724
4 4 0.066085 0.035504 0.074127 0.007066 0.817218
4 4 0.070361 0.037708 0.078131 0.007859 0.805940
4 4 0.055867 0.030209 0.064342 0.005329 0.844254
4 4 0.058533 0.031594 0.066926 0.005761 0.837186
4 4 0.082648 0.044007 0.089368 0.010357 0.773620
4 4 0.143813 0.074664 0.140210 0.028215 0.613099
4 4 0.173258 0.089023 0.161894 0.040853 0.534971
4 4 0.240202 0.120466 0.203244 0.087028 0.349060
0 4 0.282457 0.138644 0.218841 0.149861 0.210199
0 4 0.284945 0.148553 0.223528 0.168219 0.174754
0 4 0.261885 0.164560 0.234976 0.133110 0.205470
0 4 0.266918 0.150623 0.227005 0.131239 0.224216
2 4 0.232157 0.185594 0.246008 0.100687 0.235554
2 4 0.167085 0.191340 0.292230 0.064072 0.285274
4 4 0.156473 0.145579 0.204927 0.037145 0.455876
4 4 0.148475 0.134160 0.209357 0.035842 0.472166
4 4 0.135436 0.114925 0.209174 0.032592 0.507872
4 4 0.128807 0.081029 0.174630 0.028600 0.586934
4 4 0.125464 0.065583 0.125787 0.021811 0.661355
4 4 0.160170 0.082674 0.152482 0.034837 0.569838
4 4 0.192294 0.101608 0.178083 0.051291 0.476725
4 4 0.162965 0.086875 0.157295 0.036214 0.556652
4 4 0.158522 0.094211 0.163057 0.034737 0.549473
4 4 0.157951 0.095065 0.185474 0.039487 0.522023
4 4 0.154665 0.079987 0.148414 0.032504 0.584431
4 4 0.148040 0.076741 0.143434 0.029839 0.601945
4 4 0.148891 0.077159 0.144079 0.030173 0.599697
4 4 0.130311 0.067992 0.129664 0.023406 0.648628
4 4 0.118732 0.062227 0.120322 0.019703 0.679015
4 4 0.140374 0.072970 0.137559 0.026937 0.622160
4 4 0.134335 0.074230 0.137167 0.024899 0.629369
4 4 0.109316 0.088216 0.144955 0.017795 0.639718
4 4 0.099775 0.107753 0.195406 0.019297 0.577769
2 4 0.088492 0.156862 0.369583 0.031233 0.353830
2 4 0.060710 0.146202 0.535261 0.035457 0.222369
2 1 0.080913 0.135239 0.435700 0.037073 0.311076
4 1 0.096519 0.125786 0.366796 0.037784 0.373115
4 1 0.112784 0.111101 0.313637 0.040466 0.422012
2 1 0.111439 0.155298 0.366509 0.045530 0.321224
2 1 0.100321 0.167311 0.415381 0.047118 0.269869
2 1 0.173797 0.160105 0.314632 0.081533 0.269933
0 1 0.273975 0.162018 0.231994 0.157014 0.174999
0 1 0.254261 0.191903 0.247453 0.143771 0.162612
2 1 0.233545 0.223526 0.261037 0.128454 0.153438
2 1 0.221558 0.242743 0.267934 0.119956 0.147809
2 1 0.204360 0.271555 0.276551 0.108185 0.139349
2 1 0.206413 0.268036 0.275603 0.109566 0.140382
2 1 0.230302 0.228658 0.262974 0.126129 0.151937
2 1 0.193778 0.226359 0.314429 0.118023 0.147411
2 1 0.086883 0.262522 0.482211 0.074404 0.093980
2 1 0.076523 0.275378 0.495842 0.061917 0.090340
2 1 0.070213 0.239498 0.536732 0.059851 0.093706
2 1 0.052109 0.192376 0.617493 0.055403 0.082619
2 1 0.025964 0.119457 0.753614 0.046707 0.054258
2 1 0.024670 0.107072 0.766872 0.049284 0.052101
2 1 0.030679 0.111149 0.740191 0.060207 0.057774
2 2 0.074305 0.190645 0.560536 0.077560 0.096954
2 2 0.084646 0.247138 0.498391 0.068340 0.101485
2 2 0.111301 0.254134 0.435771 0.077024 0.121770
2 2 0.237695 0.214232 0.259636 0.132428 0.156008
0 0 0.270718 0.168148 0.235186 0.156592 0.169356
2 1 0.233405 0.223747 0.261121 0.128353 0.153374
2 1 0.226124 0.203635 0.254493 0.101268 0.214480
4 1 0.242623 0.165105 0.235217 0.104606 0.252449
0 1 0.260190 0.148617 0.225802 0.119598 0.245793
0 1 0.271175 0.134053 0.216290 0.126881 0.251601
0 1 0.277870 0.136816 0.218040 0.139537 0.227738
0 1 0.289575 0.141309 0.219045 0.170425 0.179646
0 1 0.289518 0.142437 0.219572 0.172077 0.176396
0 1 0.267708 0.172405 0.237527 0.154200 0.168161
0 1 0.267311 0.172969 0.237832 0.153886 0.168002
2 1 0.247968 0.201302 0.251799 0.139028 0.159903
2 1 0.212170 0.258284 0.272828 0.113472 0.143246
2 1 0.185934 0.273768 0.301228 0.103133 0.135937
2 1 0.140635 0.288967 0.362991 0.085662 0.121745
2 1 0.095126 0.266993 0.462190 0.069617 0.106075
2 1 0.060693 0.225895 0.570088 0.057002 0.086323
2 1 0.037556 0.170904 0.675986 0.050114 0.065442
2 1 0.021543 0.114292 0.773634 0.045245 0.045286
2 1 0.014739 0.078159 0.827369 0.045274 0.034459
2 1 0.017126 0.076625 0.815142 0.054070 0.037036
2 2 0.035721 0.104208 0.721009 0.081037 0.058025
2 2 0.120099 0.163080 0.469039 0.128353 0.119430
0 2 0.256572 0.164928 0.253080 0.155737 0.169682
0 2 0.290203 0.141529 0.218970 0.172660 0.176638
0 1 0.283419 0.150614 0.224826 0.166945 0.174196
1 1 0.193368 0.290779 0.281235 0.100902 0.133716
1 1 0.152897 0.343595 0.296722 0.068747 0.138039
2 1 0.120214 0.297272 0.357410 0.053712 0.171392
2 1 0.116130 0.259611 0.376984 0.052731 0.194544
2 1 0.098883 0.234179 0.429157 0.050883 0.186899
2 1 0.102343 0.206540 0.429215 0.052818 0.209085
2 1 0.119406 0.166981 0.430299 0.072421 0.210894
2 1 0.244443 0.134794 0.270112 0.155159 0.195492
0 1 0.290203 0.141529 0.218970 0.172660 0.176638
0 1 0.284942 0.148557 0.223531 0.168217 0.174753
2 1 0.133479 0.277341 0.382653 0.085193 0.121335
2 1 0.047875 0.225584 0.603560 0.054515 0.068467
2 1 0.026486 0.115067 0.751145 0.059201 0.048102
2 1 0.014023 0.049025 0.838422 0.068130 0.030400
2 1 0.010072 0.024651 0.850979 0.092263 0.022035
2 1 0.008499 0.020136 0.856497 0.095969 0.018899
2 1 0.009152 0.019937 0.843005 0.108969 0.018937
2 1 0.009479 0.020295 0.836585 0.114770 0.018872
2 1 0.008826 0.019441 0.842927 0.110742 0.018064
2 1 0.009400 0.020334 0.838889 0.112419 0.018958
2 1 0.009179 0.020101 0.845898 0.105394 0.019428
2 2 0.008978 0.017218 0.837321 0.117911 0.018573
2 2 0.008658 0.016185 0.838842 0.118103 0.018211
2 2 0.008736 0.015936 0.836182 0.120940 0.018207
2 2 0.008312 0.016208 0.844303 0.113337 0.017840
2 2 0.009428 0.018299 0.834328 0.118829 0.019116
2 2 0.010535 0.020807 0.827486 0.120646 0.020526
2 2 0.011710 0.020152 0.806444 0.140599 0.021095
2 2 0.011874 0.020226 0.808006 0.138158 0.021735
2 2 0.010308 0.017565 0.818858 0.133353 0.019916
2 2 0.008840 0.015602 0.835511 0.121451 0.018597
2 2 0.007882 0.014369 0.843589 0.116993 0.017167
2 2 0.008120 0.014691 0.841097 0.118629 0.017464
2 2 0.008823 0.015728 0.830227 0.127416 0.017806
2 2 0.009470 0.016657 0.820746 0.134988 0.018139
2 2 0.009694 0.017153 0.810437 0.145335 0.017382
2 2 0.009806 0.017516 0.800122 0.156068 0.016488
2 2 0.010491 0.018634 0.783040 0.171694 0.016141
2 2 0.011415 0.021233 0.745660 0.206082 0.015611
2 2 0.012069 0.023661 0.706499 0.242936 0.014835
2 2 0.012054 0.024680 0.682260 0.267074 0.013932
2 2 0.012106 0.024618 0.682617 0.266745 0.013913
2 2 0.012665 0.026205 0.656866 0.290661 0.013603
2 2 0.014023 0.029177 0.623939 0.318836 0.014024
2 2 0.014265 0.031822 0.575142 0.365716 0.013054
2 2 0.015327 0.035567 0.525465 0.410782 0.012858
2 2 0.016088 0.038957 0.475324 0.457298 0.012333
3 2 0.016702 0.042823 0.417843 0.510998 0.011632
3 2 0.015943 0.044793 0.362893 0.566194 0.010176
3 3 0.016060 0.048280 0.302815 0.623672 0.009173
3 3 0.017536 0.053690 0.241189 0.679005 0.008581
3 3 0.017813 0.055176 0.221700 0.697046 0.008265
3 3 0.016083 0.052327 0.212855 0.711470 0.007265
3 3 0.015948 0.051632 0.216481 0.708712 0.007227
3 3 0.015594 0.051008 0.212876 0.713550 0.006971
3 3 0.014522 0.049697 0.200546 0.728930 0.006304
3 3 0.014839 0.049577 0.216851 0.711977 0.006756
3 3 0.014683 0.049523 0.211702 0.717500 0.006591
3 3 0.015494 0.050469 0.220945 0.705997 0.007095
3 3 0.014329 0.049234 0.202711 0.727459 0.006267
3 3 0.014232 0.049594 0.192873 0.737241 0.006059
3 3 0.014347 0.051574 0.163872 0.764605 0.005602
3 3 0.015157 0.054586 0.146416 0.778241 0.005600
3 3 0.016879 0.058863 0.136748 0.781498 0.006012
3 3 0.019400 0.062423 0.154342 0.756491 0.007343
3 3 0.030031 0.074644 0.205169 0.677112 0.013044
3 3 0.043307 0.082470 0.280289 0.571632 0.022302
3 3 0.066404 0.096045 0.306932 0.495313 0.035306
3 3 0.042190 0.089884 0.201909 0.647896 0.018121
3 3 0.014692 0.060302 0.094245 0.826110 0.004651
3 3 0.014754 0.063755 0.081934 0.834979 0.004578
3 3 0.008442 0.050293 0.056460 0.882439 0.002366
3 3 0.008079 0.049488 0.054357 0.885832 0.002244
3 3 0.008277 0.050348 0.054225 0.884847 0.002303
3 3 0.008460 0.051395 0.053336 0.884456 0.002353
3 3 0.008342 0.051689 0.051100 0.886565 0.002304
3 3 0.007931 0.051144 0.047791 0.890973 0.002161
3 3 0.007514 0.050615 0.044357 0.895496 0.002017
3 3 0.007012 0.049263 0.041915 0.899954 0.001857
3 3 0.006330 0.047228 0.038743 0.906055 0.001645
3 3 0.006146 0.047004 0.037061 0.908205 0.001583
3 3 0.005215 0.043959 0.032531 0.916992 0.001302
3 3 0.004944 0.043211 0.030747 0.919878 0.001220
3 3 0.004619 0.042137 0.028877 0.923243 0.001124
3 3 0.004842 0.043092 0.029731 0.921148 0.001187
3 3 0.004945 0.043195 0.030789 0.919851 0.001220
3 3 0.005574 0.045159 0.034322 0.913536 0.001410
3 3 0.006068 0.046147 0.038135 0.908082 0.001568
3 3 0.006359 0.046411 0.041119 0.904445 0.001666
3 3 0.006685 0.046992 0.043741 0.900808 0.001774
3 3 0.006714 0.047214 0.043517 0.900775 0.001781
3 3 0.006850 0.047745 0.043817 0.899766 0.001822
3 3 0.006549 0.046697 0.042799 0.902225 0.001730
3 3 0.006840 0.047982 0.043083 0.900280 0.001815
3 3 0.007152 0.049659 0.042563 0.898725 0.001901
3 3 0.006702 0.048658 0.039762 0.903123 0.001756
3 3 0.006278 0.047197 0.038198 0.906700 0.001627
3 3 0.006142 0.046580 0.038005 0.907685 0.001588
3 3 0.006529 0.048032 0.039209 0.904527 0.001703
3 3 0.006632 0.048695 0.038859 0.904083 0.001731
3 3 0.006671 0.049427 0.037638 0.904530 0.001734
3 3 0.006727 0.049837 0.037356 0.904332 0.001748
3 3 0.006852 0.050312 0.037687 0.903363 0.001786
3 3 0.007495 0.052237 0.040292 0.897990 0.001986
3 3 0.007781 0.052801 0.042025 0.895313 0.002080
3 3 0.007410 0.051737 0.040518 0.898372 0.001963
3 3 0.006835 0.049873 0.038465 0.903042 0.001786
3 3 0.006128 0.047647 0.035420 0.909237 0.001569
3 3 0.005900 0.047175 0.033825 0.911604 0.001496
3 3 0.005686 0.046438 0.032909 0.913535 0.001432
3 3 0.005683 0.046522 0.032703 0.913661 0.001430
3 3 0.005894 0.047367 0.033357 0.911890 0.001492
3 3 0.006060 0.047855 0.034209 0.910333 0.001543
3 3 0.006468 0.049404 0.035461 0.907003 0.001664
3 3 0.006604 0.049902 0.035879 0.905911 0.001704
3 3 0.006377 0.048906 0.035512 0.907566 0.001638
3 3 0.006459 0.048877 0.036485 0.906512 0.001667
3 3 0.006690 0.049568 0.037543 0.904460 0.001739
3 3 0.006774 0.049876 0.037782 0.903804 0.001764
3 3 0.006609 0.049203 0.037448 0.905025 0.001715
3 3 0.006929 0.050269 0.038618 0.902370 0.001813
3 3 0.007109 0.051004 0.038940 0.901080 0.001867
3 3 0.007054 0.050963 0.038433 0.901702 0.001848
3 3 0.006806 0.050381 0.037036 0.904009 0.001768
3 3 0.006876 0.050963 0.036551 0.903826 0.001785
3 3 0.006512 0.049774 0.035166 0.906875 0.001674
3 3 0.006320 0.048979 0.034740 0.908343 0.001618
3 3 0.006099 0.047753 0.034854 0.909736 0.001557
3 3 0.005881 0.046748 0.034512 0.911364 0.001495
3 3 0.005704 0.046219 0.033577 0.913059 0.001441
3 3 0.005262 0.044740 0.031447 0.917242 0.001309
3 3 0.005203 0.044726 0.030774 0.918008 0.001289
3 3 0.005762 0.047066 0.032485 0.913236 0.001451
3 3 0.007532 0.052696 0.039666 0.898115 0.001992
3 3 0.014317 0.068025 0.065009 0.848363 0.004287
3 3 0.040247 0.101721 0.127433 0.715884 0.014714
3 3 0.111988 0.133954 0.227665 0.474536 0.051857
2 3 0.107776 0.155662 0.436540 0.217341 0.082680
2 2 0.126996 0.173180 0.446849 0.139045 0.113931
2 2 0.143266 0.167624 0.421660 0.137469 0.129981
2 2 0.177778 0.187699 0.355981 0.131279 0.147264
2 2 0.198968 0.196847 0.320163 0.128999 0.155023
0 2 0.248734 0.183289 0.244939 0.123975 0.199063
4 4 0.237229 0.170006 0.237732 0.100166 0.254867
4 4 0.228047 0.142518 0.228567 0.087882 0.312985
4 4 0.247968 0.143183 0.221927 0.102152 0.284771
4 4 0.228447 0.115100 0.196984 0.076270 0.383199
0 4 0.270507 0.133772 0.216086 0.125736 0.253899
0 4 0.280690 0.137947 0.218579 0.145684 0.217100
0 4 0.283179 0.138925 0.218928 0.151651 0.207317
4 4 0.265214 0.131524 0.214310 0.117286 0.271667
0 4 0.270941 0.133955 0.216219 0.126478 0.252407
4 4 0.256824 0.127883 0.211021 0.105662 0.298611
4 4 0.247636 0.123812 0.206899 0.094775 0.326877
4 4 0.224996 0.113510 0.195048 0.073399 0.393048
4 4 0.245233 0.122735 0.205746 0.092178 0.334108
4 4 0.253790 0.126547 0.209714 0.101883 0.308067
0 4 0.277208 0.136547 0.217894 0.138174 0.230177
4 4 0.230580 0.116080 0.198160 0.078105 0.377075
4 4 0.258155 0.128466 0.211576 0.107385 0.294418
4 4 0.244365 0.122345 0.205323 0.091264 0.336704
4 4 0.257081 0.127995 0.211129 0.105992 0.297802
4 4 0.257532 0.128193 0.211318 0.106574 0.296383
