0 0 0.555981 0.036849 0.044390 0.341076 0.021704
0 0 0.641205 0.021863 0.021072 0.295383 0.020477
0 0 0.656340 0.014968 0.013955 0.301498 0.013239
0 0 0.673411 0.022059 0.018877 0.255484 0.030169
0 0 0.655483 0.014420 0.013487 0.304181 0.012429
0 0 0.663667 0.028578 0.024158 0.237972 0.045625
0 0 0.634682 0.031515 0.029608 0.266602 0.037592
0 0 0.597208 0.046452 0.045344 0.252160 0.058836
0 0 0.573820 0.041772 0.046504 0.304653 0.033251
0 0 0.546953 0.039299 0.048273 0.343040 0.022435
0 0 0.528229 0.045983 0.058434 0.341947 0.025407
0 0 0.496419 0.064869 0.084071 0.314870 0.039770
0 0 0.448062 0.092178 0.120924 0.273250 0.065587
0 0 0.322649 0.149043 0.181175 0.155706 0.191426
4 0 0.184915 0.168649 0.187182 0.070065 0.389189
4 0 0.104866 0.108847 0.128879 0.051665 0.605743
4 1 0.134139 0.138402 0.161763 0.059990 0.505706
4 1 0.148275 0.152224 0.177607 0.064040 0.457854
4 1 0.129106 0.135643 0.153735 0.054278 0.527239
4 1 0.135974 0.144493 0.159332 0.052772 0.507428
4 1 0.167377 0.173449 0.195768 0.064144 0.399263
4 1 0.192464 0.186949 0.233584 0.088208 0.298796
4 1 0.200709 0.190086 0.247135 0.098652 0.263420
4 2 0.194913 0.187968 0.237532 0.091128 0.288458
4 2 0.196569 0.188617 0.240237 0.093185 0.281392
4 2 0.199063 0.189530 0.244367 0.096418 0.270623
2 2 0.204505 0.191210 0.253662 0.104150 0.246474
2 2 0.208051 0.192028 0.259972 0.109810 0.230139
2 2 0.209353 0.192263 0.262350 0.112040 0.223993
2 2 0.185609 0.201317 0.308115 0.106774 0.198185
2 2 0.140577 0.211556 0.402687 0.092196 0.152984
2 2 0.109907 0.211639 0.480385 0.080906 0.117163
2 2 0.101612 0.211082 0.499489 0.076143 0.111674
2 2 0.115712 0.211780 0.467483 0.084169 0.120857
2 2 0.141684 0.210320 0.413847 0.098116 0.136033
2 2 0.181086 0.203377 0.333932 0.112910 0.168696
2 2 0.211408 0.194183 0.280710 0.122754 0.190945
2 2 0.214564 0.192759 0.272280 0.122034 0.198363
2 2 0.213754 0.192735 0.270686 0.120349 0.202475
2 2 0.213002 0.192694 0.269224 0.118833 0.206247
2 2 0.212685 0.192672 0.268613 0.118206 0.207825
2 2 0.211700 0.192582 0.266731 0.116307 0.212681
2 2 0.210120 0.192383 0.263767 0.113397 0.220333
2 2 0.208862 0.192179 0.261449 0.111188 0.226322
2 2 0.206973 0.191806 0.258030 0.108029 0.235162
2 2 0.206400 0.191678 0.257005 0.107103 0.237814
2 2 0.206838 0.191776 0.257788 0.107809 0.235788
2 2 0.206919 0.191794 0.257933 0.107941 0.235412
4 2 0.199578 0.189708 0.245229 0.097108 0.268377
4 2 0.184303 0.183112 0.220812 0.079353 0.332420
4 2 0.159197 0.166971 0.185366 0.059729 0.428736
4 4 0.114419 0.116593 0.141874 0.058825 0.568290
4 4 0.083119 0.082088 0.109188 0.057025 0.668580
4 4 0.071739 0.070118 0.096298 0.054846 0.706999
4 4 0.053498 0.053029 0.072467 0.042903 0.778103
4 4 0.044976 0.046049 0.059829 0.033040 0.816106
4 4 0.050318 0.052104 0.065704 0.033694 0.798180
4 4 0.076248 0.077432 0.098281 0.047691 0.700349
4 4 0.078618 0.078830 0.102294 0.051491 0.688767
4 4 0.089750 0.090451 0.114947 0.054292 0.650559
4 4 0.096823 0.099573 0.120892 0.051622 0.631090
4 4 0.152280 0.158817 0.179215 0.060267 0.449420
4 4 0.185363 0.183645 0.222441 0.080435 0.328115
4 4 0.202395 0.190614 0.250008 0.101030 0.255953
4 4 0.196527 0.188601 0.240167 0.093131 0.281575
4 4 0.183760 0.182835 0.219980 0.078804 0.334620
4 4 0.173589 0.177226 0.204768 0.069321 0.375096
4 4 0.156235 0.158670 0.187801 0.068593 0.428701
4 4 0.144952 0.145348 0.177881 0.070563 0.461255
4 4 0.129079 0.130090 0.159720 0.065573 0.515538
4 4 0.130880 0.133777 0.159628 0.061910 0.513804
4 4 0.126152 0.130827 0.152403 0.056968 0.533650
4 4 0.140963 0.145672 0.168817 0.060876 0.483673
4 4 0.142974 0.145627 0.173237 0.065387 0.472775
4 4 0.161714 0.161923 0.196034 0.073967 0.406362
4 4 0.160642 0.160679 0.195091 0.074151 0.409437
4 4 0.185489 0.183708 0.222634 0.080565 0.327604
4 4 0.194249 0.187698 0.236455 0.090322 0.291275
2 4 0.207644 0.191947 0.259236 0.109131 0.232041
2 4 0.212192 0.192630 0.267668 0.117248 0.210261
2 4 0.204304 0.196883 0.298700 0.123761 0.176352
2 4 0.164082 0.207070 0.369082 0.107872 0.151894
2 4 0.129531 0.211392 0.438164 0.091718 0.129195
2 2 0.118010 0.211783 0.462476 0.085445 0.122287
2 2 0.130016 0.211361 0.437168 0.091978 0.129476
2 2 0.165062 0.206685 0.370426 0.109829 0.147998
2 2 0.219721 0.192264 0.283047 0.134400 0.170569
2 2 0.219721 0.192264 0.283047 0.134400 0.170569
2 2 0.219721 0.192264 0.283047 0.134400 0.170569
2 2 0.219721 0.192264 0.283047 0.134400 0.170569
2 2 0.211550 0.194836 0.295007 0.130966 0.167641
2 2 0.204393 0.196980 0.304347 0.127047 0.167233
2 2 0.216172 0.193396 0.288198 0.132919 0.169315
2 2 0.219721 0.192264 0.283047 0.134400 0.170569
2 2 0.219721 0.192264 0.283047 0.134400 0.170569
2 2 0.219721 0.192264 0.283047 0.134400 0.170569
2 2 0.219721 0.192264 0.283047 0.134400 0.170569
2 2 0.218644 0.192477 0.280693 0.131534 0.176651
2 2 0.213757 0.192736 0.270692 0.120355 0.202461
2 2 0.214728 0.192761 0.272606 0.122382 0.197522
2 2 0.212753 0.192677 0.268743 0.118339 0.207488
2 2 0.217253 0.192657 0.277743 0.128077 0.184270
2 2 0.216055 0.192739 0.275275 0.125293 0.190638
2 2 0.191952 0.200460 0.325201 0.122392 0.159994
2 2 0.130008 0.211362 0.437185 0.091974 0.129471
2 2 0.103931 0.211283 0.494065 0.077487 0.113234
2 2 0.094856 0.210284 0.515676 0.072174 0.107010
2 2 0.097373 0.210620 0.509576 0.073662 0.108769
2 2 0.114743 0.211769 0.469611 0.083628 0.120248
2 2 0.161991 0.207867 0.361274 0.101840 0.167029
2 2 0.194989 0.194434 0.266013 0.100175 0.244389
4 2 0.197517 0.188974 0.241798 0.094394 0.277317
4 2 0.179548 0.178331 0.208140 0.073192 0.360789
4 2 0.181522 0.162903 0.184442 0.072814 0.398319
4 2 0.109865 0.115414 0.132944 0.050111 0.591665
4 2 0.098784 0.103018 0.121529 0.048950 0.627719
4 2 0.077438 0.079819 0.098311 0.044937 0.699495
4 4 0.068131 0.070262 0.087330 0.041509 0.732768
4 4 0.046362 0.047550 0.061441 0.033424 0.811223
4 4 0.049294 0.050841 0.064703 0.033876 0.801286
4 4 0.064160 0.067687 0.080872 0.036010 0.751270
4 4 0.146596 0.126322 0.143987 0.065503 0.517591
4 4 0.135711 0.142545 0.160783 0.055604 0.505357
4 4 0.137321 0.143110 0.163660 0.057927 0.497982
4 4 0.172402 0.176524 0.203033 0.068300 0.379742
2 2 0.191371 0.194688 0.265893 0.097013 0.251036
2 2 0.137535 0.212111 0.405695 0.089621 0.155038
2 2 0.121117 0.213106 0.445021 0.083206 0.137550
2 2 0.122003 0.214110 0.429289 0.079237 0.155361
2 2 0.127616 0.213711 0.394535 0.075641 0.188497
2 2 0.124795 0.214084 0.399394 0.074101 0.187627
2 2 0.122191 0.214450 0.406321 0.073253 0.183785
2 2 0.133900 0.212888 0.387321 0.079963 0.185927
2 2 0.117512 0.213595 0.449211 0.080119 0.139563
2 2 0.097257 0.213127 0.494756 0.068907 0.125953
2 2 0.078722 0.210304 0.540362 0.057834 0.112778
2 2 0.071441 0.204498 0.577022 0.057720 0.089319
2 2 0.052767 0.188448 0.631476 0.050456 0.076853
2 2 0.058510 0.193962 0.613635 0.052907 0.080986
2 2 0.083316 0.208086 0.544799 0.065193 0.098607
2 2 0.122644 0.211705 0.452541 0.087993 0.125117
2 2 0.167050 0.206293 0.366921 0.110790 0.148947
2 2 0.218981 0.192417 0.281422 0.132411 0.174768
2 2 0.219721 0.192264 0.283047 0.134400 0.170569
2 2 0.219721 0.192264 0.283047 0.134400 0.170569
2 2 0.215639 0.192753 0.274431 0.124361 0.192817
2 2 0.212300 0.192640 0.267875 0.117457 0.209727
2 2 0.217259 0.192657 0.277755 0.128091 0.184238
2 2 0.219661 0.192278 0.282913 0.134234 0.170914
2 2 0.219397 0.192335 0.282332 0.133518 0.172418
2 2 0.215175 0.192761 0.273498 0.123344 0.195222
2 2 0.213697 0.192733 0.270574 0.120232 0.202765
0 2 0.284152 0.166423 0.235619 0.171617 0.142189
0 2 0.381138 0.119821 0.169962 0.250598 0.078482
0 2 0.409380 0.105742 0.148031 0.270185 0.066662
0 0 0.380708 0.120209 0.170261 0.249554 0.079268
0 0 0.285602 0.163590 0.246101 0.191524 0.113183
2 2 0.214155 0.194029 0.291156 0.132070 0.168590
2 2 0.127149 0.211525 0.443086 0.090438 0.127801
2 2 0.081557 0.207647 0.549416 0.064105 0.097274
2 2 0.057704 0.198152 0.617865 0.048657 0.077622
2 2 0.051089 0.190807 0.638339 0.046470 0.073296
2 2 0.043950 0.181783 0.662290 0.043808 0.068168
2 2 0.040829 0.177686 0.673565 0.042318 0.065601
2 2 0.031865 0.160973 0.708085 0.039921 0.059156
2 2 0.025538 0.145254 0.735355 0.039159 0.054695
2 2 0.019512 0.126346 0.764277 0.039478 0.050386
2 2 0.018187 0.116647 0.767642 0.045144 0.052381
2 2 0.016640 0.104114 0.771366 0.054464 0.053416
2 2 0.018667 0.096068 0.760653 0.074794 0.049817
2 2 0.022023 0.093830 0.738296 0.095842 0.050008
2 2 0.019662 0.091015 0.751466 0.089541 0.048316
2 2 0.017821 0.088166 0.760798 0.085700 0.047515
2 3 0.020033 0.093517 0.747901 0.087334 0.051214
2 3 0.022665 0.094133 0.731876 0.099337 0.051990
2 3 0.021537 0.089553 0.737529 0.103036 0.048345
2 3 0.021995 0.082180 0.721876 0.125926 0.048022
2 3 0.023621 0.079740 0.705712 0.143548 0.047379
2 3 0.024738 0.078658 0.693211 0.155141 0.048252
2 3 0.046019 0.099273 0.603527 0.186121 0.065059
2 3 0.098581 0.104629 0.405592 0.288016 0.103182
2 3 0.041186 0.051424 0.429913 0.421222 0.056256
3 3 0.040687 0.035884 0.320936 0.555949 0.046544
3 3 0.042159 0.034420 0.302095 0.576080 0.045246
3 3 0.036324 0.023752 0.232188 0.671743 0.035992
3 3 0.042857 0.026903 0.236759 0.656132 0.037350
3 3 0.051112 0.030459 0.239399 0.640514 0.038516
3 3 0.077636 0.037891 0.226946 0.618884 0.038644
3 3 0.123575 0.051670 0.227029 0.559431 0.038295
3 3 0.204033 0.083531 0.246885 0.423683 0.041869
0 3 0.312568 0.112424 0.210959 0.311980 0.052069
0 3 0.321224 0.143665 0.220903 0.230837 0.083371
2 3 0.258879 0.176116 0.263539 0.168216 0.133249
2 2 0.118224 0.211782 0.462012 0.085564 0.122419
2 2 0.086452 0.208797 0.536686 0.067116 0.100948
2 2 0.069502 0.203760 0.582535 0.056469 0.087733
2 2 0.068735 0.203455 0.584737 0.055972 0.087101
2 2 0.058156 0.198300 0.616416 0.049044 0.078084
2 2 0.060095 0.199459 0.610435 0.050270 0.079740
2 2 0.058920 0.198829 0.614068 0.049479 0.078704
2 2 0.053073 0.190996 0.631334 0.048787 0.075810
2 2 0.039414 0.172087 0.677656 0.044458 0.066385
2 2 0.030182 0.158161 0.715400 0.038832 0.057425
2 2 0.027096 0.152858 0.729492 0.036561 0.053992
2 2 0.024413 0.144461 0.741443 0.037092 0.052591
2 2 0.021872 0.134592 0.752712 0.038910 0.051914
2 2 0.020823 0.130675 0.757618 0.039453 0.051432
2 2 0.025621 0.142937 0.733867 0.041402 0.056172
2 2 0.028126 0.150334 0.723164 0.040870 0.057506
2 2 0.029991 0.155456 0.715434 0.040613 0.058506
2 2 0.037201 0.169720 0.686441 0.042653 0.063985
2 2 0.040893 0.176074 0.672802 0.043653 0.066578
2 2 0.030798 0.157098 0.711973 0.040927 0.059204
2 2 0.024476 0.138850 0.738631 0.042195 0.055848
2 2 0.020946 0.125981 0.753934 0.044618 0.054520
2 2 0.016117 0.110099 0.779436 0.044369 0.049978
2 2 0.015173 0.103216 0.781369 0.048975 0.051268
2 2 0.018030 0.097007 0.763891 0.070438 0.050635
2 2 0.021313 0.087216 0.737800 0.107022 0.046650
2 2 0.021456 0.075041 0.713856 0.145355 0.044293
2 2 0.023552 0.062219 0.646234 0.222670 0.045325
2 2 0.027559 0.051374 0.540041 0.332901 0.048124
3 3 0.028223 0.040287 0.440456 0.441899 0.049134
3 3 0.026827 0.031724 0.365664 0.528363 0.047422
3 3 0.024350 0.025261 0.313773 0.593525 0.043092
3 3 0.022454 0.018346 0.239344 0.682725 0.037131
3 3 0.021846 0.014715 0.191658 0.738101 0.033680
3 3 0.020995 0.011606 0.150628 0.786743 0.030028
3 3 0.020797 0.010934 0.141088 0.797577 0.029605
3 3 0.021101 0.009823 0.123393 0.818016 0.027667
3 3 0.021521 0.009485 0.116834 0.825240 0.026920
3 3 0.021806 0.008726 0.105251 0.839101 0.025116
3 3 0.023302 0.008547 0.098191 0.845913 0.024047
3 3 0.025451 0.008300 0.089053 0.854269 0.022928
3 3 0.025925 0.008554 0.091171 0.851216 0.023134
3 3 0.028004 0.009236 0.094996 0.844653 0.023111
3 3 0.033654 0.010475 0.097153 0.835682 0.023036
3 3 0.042734 0.012439 0.100279 0.820858 0.023691
3 3 0.044571 0.012285 0.095721 0.824083 0.023341
3 3 0.042169 0.011672 0.093536 0.829310 0.023314
3 3 0.038602 0.010873 0.091744 0.835930 0.022852
3 3 0.037013 0.011041 0.096416 0.832275 0.023255
3 3 0.035101 0.010410 0.093861 0.838346 0.022283
3 3 0.036627 0.010266 0.090114 0.841879 0.021114
3 3 0.041394 0.010357 0.083774 0.844595 0.019881
3 3 0.050962 0.012780 0.092396 0.822609 0.021253
3 3 0.058472 0.017923 0.123456 0.774350 0.025799
3 3 0.064799 0.031795 0.213683 0.652612 0.037111
3 3 0.067887 0.056502 0.352060 0.469667 0.053884
2 3 0.052840 0.078295 0.509929 0.296695 0.062240
2 3 0.038076 0.081116 0.600722 0.221680 0.058407
2 3 0.032466 0.064470 0.570940 0.277776 0.054348
2 3 0.032272 0.049537 0.479522 0.385553 0.053117
3 3 0.033266 0.034321 0.346946 0.538136 0.047332
3 3 0.032143 0.024517 0.256544 0.646765 0.040032
3 3 0.029159 0.018348 0.201858 0.715896 0.034739
3 3 0.027286 0.014437 0.161266 0.765464 0.031547
3 3 0.025916 0.012244 0.138125 0.794205 0.029510
3 3 0.022958 0.010058 0.119230 0.820018 0.027736
3 3 0.021525 0.009153 0.111506 0.830851 0.026964
3 3 0.019993 0.008188 0.103154 0.843067 0.025597
3 3 0.021809 0.008619 0.103467 0.840871 0.025233
3 3 0.026250 0.009489 0.102125 0.837454 0.024682
3 3 0.034461 0.011164 0.102368 0.827526 0.024481
3 3 0.041675 0.012050 0.098126 0.824475 0.023675
3 3 0.046317 0.011908 0.090297 0.829576 0.021902
3 3 0.047135 0.010969 0.081496 0.840523 0.019877
3 3 0.042789 0.009485 0.073695 0.855588 0.018444
3 3 0.038224 0.008268 0.067645 0.868102 0.017761
3 3 0.032133 0.006591 0.058048 0.886580 0.016648
3 3 0.028370 0.005651 0.052571 0.897502 0.015905
3 3 0.026726 0.005136 0.048853 0.904041 0.015244
3 3 0.027562 0.005079 0.047142 0.905300 0.014917
3 3 0.031421 0.006025 0.052717 0.893773 0.016064
3 3 0.036954 0.008808 0.073938 0.860447 0.019853
3 3 0.042983 0.015367 0.126640 0.786895 0.028115
3 3 0.051683 0.028723 0.218638 0.659236 0.041719
3 3 0.058567 0.039518 0.274214 0.576593 0.051108
3 3 0.062270 0.049621 0.326448 0.505811 0.055849
3 3 0.056633 0.050287 0.351897 0.486143 0.055040
2 3 0.062802 0.068972 0.433452 0.377554 0.057220
2 3 0.087887 0.112991 0.496330 0.239078 0.063714
2 3 0.086213 0.158334 0.536729 0.129773 0.088950
2 3 0.134584 0.199765 0.430418 0.108087 0.127145
2 3 0.175989 0.203733 0.356415 0.116655 0.147207
2 3 0.239232 0.184632 0.274032 0.150812 0.151292
2 2 0.219721 0.192264 0.283047 0.134400 0.170569
2 2 0.141399 0.210352 0.414402 0.097969 0.135878
2 2 0.143586 0.210098 0.410156 0.099098 0.137063
2 2 0.162528 0.207167 0.374937 0.108595 0.146772
2 2 0.199119 0.198504 0.310710 0.123772 0.167894
2 2 0.212815 0.193767 0.279278 0.123639 0.190502
2 2 0.213875 0.192740 0.270922 0.120597 0.201866
2 2 0.210526 0.192440 0.264522 0.114130 0.218382
2 2 0.207843 0.191987 0.259596 0.109461 0.231112
2 2 0.206337 0.191664 0.256893 0.107003 0.238104
2 2 0.204560 0.191225 0.253760 0.104235 0.246221
2 2 0.207231 0.191861 0.258492 0.108449 0.233967
2 2 0.212207 0.192632 0.267697 0.117277 0.210187
2 2 0.218963 0.191369 0.270846 0.125397 0.193424
2 0 0.226782 0.189072 0.271021 0.133498 0.179627
2 0 0.224758 0.190308 0.279223 0.137297 0.168413
2 0 0.219721 0.192264 0.283047 0.134400 0.170569
2 0 0.211280 0.192536 0.265937 0.115518 0.214730
4 2 0.201015 0.190185 0.247654 0.099076 0.262070
4 4 0.195917 0.188365 0.239167 0.092366 0.284185
4 4 0.197684 0.189035 0.242074 0.094609 0.276599
4 4 0.200705 0.190085 0.247129 0.098647 0.263434
4 4 0.201956 0.190480 0.249256 0.100402 0.257906
4 4 0.200661 0.190070 0.247054 0.098586 0.263629
4 4 0.196131 0.188448 0.239518 0.092634 0.283268
4 4 0.186236 0.184077 0.223789 0.081341 0.324558
4 4 0.186354 0.184135 0.223971 0.081464 0.324075
4 4 0.188410 0.185122 0.227170 0.083653 0.315645
4 4 0.191776 0.186651 0.232486 0.087411 0.301676
4 4 0.190747 0.186196 0.230850 0.086239 0.305968
4 4 0.202099 0.190524 0.249501 0.100606 0.257271
2 4 0.212848 0.192684 0.268927 0.118528 0.207013
2 4 0.194521 0.199770 0.321117 0.123544 0.161048
2 4 0.177396 0.204068 0.349102 0.115709 0.153725
2 4 0.149941 0.209254 0.398033 0.102340 0.140431
2 4 0.126185 0.211572 0.445092 0.089918 0.127233
2 4 0.111598 0.211700 0.476588 0.081862 0.118251
2 4 0.112618 0.211729 0.474313 0.082437 0.118903
2 4 0.139120 0.210598 0.418871 0.096785 0.134627
2 2 0.201661 0.197778 0.309476 0.126412 0.164673
2 2 0.219721 0.192264 0.283047 0.134400 0.170569
2 2 0.242335 0.183341 0.272468 0.153501 0.148356
2 2 0.249611 0.180235 0.268663 0.159891 0.141600
2 0 0.227835 0.189192 0.279471 0.141126 0.162376
2 0 0.219721 0.192264 0.283047 0.134400 0.170569
2 0 0.219721 0.192264 0.283047 0.134400 0.170569
2 0 0.219721 0.192264 0.283047 0.134400 0.170569
2 2 0.219721 0.192264 0.283047 0.134400 0.170569
2 2 0.219721 0.192264 0.283047 0.134400 0.170569
2 2 0.219721 0.192264 0.283047 0.134400 0.170569
2 2 0.219721 0.192264 0.283047 0.134400 0.170569
2 4 0.208038 0.195902 0.300259 0.129465 0.166336
2 4 0.185165 0.202208 0.336181 0.119310 0.157135
2 4 0.150349 0.209195 0.397265 0.102546 0.140644
2 4 0.125830 0.211588 0.445833 0.089726 0.127022
2 2 0.117752 0.211784 0.463035 0.085302 0.122127
2 2 0.131824 0.211238 0.433477 0.092942 0.130519
2 2 0.160078 0.207614 0.379341 0.107395 0.145572
2 2 0.182280 0.202917 0.340935 0.117982 0.155886
2 2 0.180094 0.203440 0.344572 0.116968 0.154926
2 2 0.168883 0.205921 0.363710 0.111672 0.149814
2 2 0.155168 0.208452 0.388299 0.104964 0.143117
2 2 0.168154 0.206070 0.364984 0.111322 0.149470
2 2 0.209483 0.195467 0.298091 0.130084 0.166876
2 2 0.219581 0.192295 0.282737 0.134016 0.171371
2 2 0.216360 0.191867 0.269392 0.122026 0.200354
0 2 0.269744 0.172308 0.247144 0.164616 0.146188
0 2 0.302415 0.155945 0.232707 0.202844 0.106088
2 2 0.256952 0.177290 0.261635 0.162817 0.141307
2 2 0.215981 0.192742 0.275124 0.125125 0.191028
2 2 0.216094 0.192737 0.275355 0.125381 0.190432
2 2 0.177901 0.203952 0.348252 0.115945 0.153951
2 2 0.112049 0.211714 0.475582 0.082116 0.118539
2 2 0.117318 0.211785 0.463977 0.085062 0.121858
2 2 0.099193 0.210834 0.505216 0.074732 0.110025
2 2 0.087015 0.208915 0.535246 0.067460 0.101364
2 2 0.075936 0.206035 0.564526 0.060585 0.092917
2 2 0.070852 0.204279 0.578689 0.057341 0.088839
2 2 0.053071 0.191343 0.631464 0.048510 0.075612
2 2 0.040223 0.172806 0.674467 0.045196 0.067307
2 2 0.028686 0.152578 0.721084 0.040216 0.057436
2 2 0.023879 0.140270 0.742910 0.039306 0.053635
2 2 0.023191 0.138537 0.746293 0.039018 0.052960
2 2 0.027368 0.147733 0.726183 0.041378 0.057338
2 2 0.039136 0.168422 0.677403 0.047052 0.067986
2 2 0.069983 0.198695 0.578692 0.061348 0.091282
2 2 0.104313 0.211312 0.493177 0.077707 0.113490
2 2 0.169684 0.205755 0.362315 0.112056 0.150189
0 2 0.278742 0.166685 0.251520 0.186817 0.116236
0 2 0.275726 0.168170 0.253436 0.183922 0.118746
2 2 0.185347 0.202163 0.335884 0.119393 0.157213
2 2 0.140045 0.210500 0.417052 0.097266 0.135136
2 2 0.103664 0.211261 0.494687 0.077332 0.113056
2 2 0.091530 0.209764 0.523871 0.070188 0.104646
2 2 0.067354 0.202887 0.588731 0.055074 0.085954
2 2 0.079112 0.206986 0.555922 0.062582 0.095397
2 2 0.109369 0.211616 0.481600 0.080600 0.116815
2 2 0.184742 0.202313 0.336876 0.119116 0.156953
2 2 0.219721 0.192264 0.283047 0.134400 0.170569
2 2 0.236400 0.185791 0.275428 0.148379 0.154001
0 2 0.266745 0.172480 0.258949 0.175454 0.126372
0 0 0.278994 0.166560 0.251358 0.187060 0.116028
0 0 0.280503 0.165809 0.250385 0.188520 0.114783
0 0 0.276213 0.167932 0.253129 0.184388 0.118339
2 0 0.254586 0.178046 0.265951 0.164333 0.137083
2 0 0.224029 0.190651 0.281180 0.137953 0.166187
2 2 0.219721 0.192264 0.283047 0.134400 0.170569
2 2 0.219721 0.192264 0.283047 0.134400 0.170569
2 0 0.217678 0.192612 0.278634 0.129106 0.181971
2 0 0.208426 0.192100 0.260653 0.110443 0.228378
4 4 0.189947 0.185834 0.229586 0.085342 0.309290
4 4 0.178664 0.180121 0.212278 0.073880 0.355057
4 4 0.184233 0.182387 0.218928 0.078750 0.335702
4 4 0.190580 0.186120 0.230585 0.086050 0.306665
4 4 0.183296 0.182597 0.219271 0.078340 0.336496
4 4 0.194905 0.187964 0.237519 0.091118 0.288493
2 4 0.210148 0.192387 0.263819 0.113448 0.220198
2 4 0.219721 0.192264 0.283047 0.134400 0.170569
2 4 0.219721 0.192264 0.283047 0.134400 0.170569
2 4 0.219721 0.192264 0.283047 0.134400 0.170569
2 4 0.219721 0.192264 0.283047 0.134400 0.170569
2 4 0.178709 0.203765 0.346892 0.116323 0.154311
2 4 0.136567 0.210847 0.423929 0.095449 0.133208
2 2 0.113466 0.211748 0.472432 0.082913 0.119441
2 2 0.098901 0.210801 0.505913 0.074560 0.109824
2 2 0.088688 0.209250 0.530997 0.068475 0.102590
2 2 0.093938 0.210149 0.517922 0.071628 0.106363
2 2 0.088974 0.209305 0.530275 0.068648 0.102799
2 2 0.099319 0.210848 0.504917 0.074805 0.110111
2 2 0.102668 0.211178 0.497012 0.076756 0.112387
2 2 0.108837 0.211592 0.482805 0.080298 0.116469
2 2 0.111752 0.211705 0.476244 0.081949 0.118350
2 2 0.096975 0.210570 0.510535 0.073428 0.108493
2 2 0.089351 0.209376 0.529323 0.068876 0.103073
2 2 0.081097 0.207527 0.550633 0.063820 0.096923
2 2 0.087286 0.208971 0.534555 0.067624 0.101563
2 2 0.099307 0.210847 0.504945 0.074798 0.110103
2 2 0.126196 0.211572 0.445069 0.089924 0.127239
2 2 0.219721 0.192264 0.283047 0.134400 0.170569
2 2 0.246826 0.181437 0.270142 0.157429 0.144166
0 2 0.263110 0.174378 0.259799 0.170300 0.132414
2 2 0.230404 0.188189 0.278288 0.143284 0.159836
2 2 0.219721 0.192264 0.283047 0.134400 0.170569
2 2 0.212268 0.194615 0.293942 0.131271 0.167904
2 2 0.152321 0.208901 0.393574 0.103540 0.141664
2 2 0.099743 0.210894 0.503909 0.075053 0.110402
2 2 0.101737 0.211094 0.499195 0.076216 0.111759
2 2 0.107964 0.211548 0.484788 0.079801 0.115900
2 2 0.142104 0.210272 0.413029 0.098333 0.136261
2 2 0.140451 0.210457 0.416256 0.097477 0.135359
2 2 0.097937 0.210689 0.508221 0.073994 0.109159
2 2 0.071654 0.204576 0.576420 0.057857 0.089492
2 2 0.055052 0.193190 0.625182 0.049456 0.077121
2 2 0.036073 0.166290 0.690268 0.043449 0.063920
2 2 0.030158 0.156139 0.714836 0.040399 0.058467
2 2 0.033835 0.163570 0.699611 0.041577 0.061408
2 2 0.036728 0.169228 0.688365 0.042234 0.063444
2 2 0.035230 0.167302 0.694435 0.041147 0.061886
2 2 0.033253 0.162691 0.702042 0.041195 0.060819
2 2 0.029309 0.153696 0.718265 0.040631 0.058099
2 2 0.026385 0.145642 0.730735 0.040875 0.056363
2 2 0.021695 0.134834 0.753947 0.038189 0.051336
2 2 0.018879 0.126554 0.768825 0.037220 0.048523
2 2 0.016395 0.118406 0.782912 0.036397 0.045891
2 2 0.014783 0.109561 0.790678 0.039110 0.045867
2 2 0.014122 0.104086 0.792347 0.042501 0.046944
2 2 0.013809 0.098902 0.790212 0.047871 0.049205
2 2 0.014742 0.097761 0.781679 0.054318 0.051499
2 2 0.014725 0.098057 0.781313 0.053972 0.051933
2 2 0.015050 0.101104 0.780131 0.051431 0.052284
2 2 0.017194 0.108775 0.768622 0.051018 0.054392
2 2 0.016306 0.108374 0.776165 0.047433 0.051721
2 2 0.017605 0.111925 0.768257 0.048603 0.053611
2 2 0.016275 0.107788 0.775867 0.048068 0.052002
2 2 0.016219 0.102370 0.774907 0.054577 0.051926
2 2 0.019639 0.098342 0.756520 0.075245 0.050254
2 2 0.023433 0.093086 0.728953 0.104299 0.050230
2 2 0.020979 0.088124 0.740438 0.102910 0.047548
2 2 0.019977 0.088130 0.748674 0.096978 0.046240
2 2 0.022194 0.094118 0.738843 0.095580 0.049264
2 2 0.019913 0.092727 0.753322 0.086524 0.047514
2 2 0.020961 0.094122 0.747536 0.089060 0.048321
2 2 0.023508 0.094301 0.730785 0.101713 0.049692
2 2 0.024282 0.085384 0.710877 0.129528 0.049929
2 2 0.025875 0.071463 0.656206 0.193844 0.052613
2 2 0.034373 0.058160 0.517402 0.331207 0.058858
2 2 0.032921 0.053541 0.498309 0.356718 0.058510
2 3 0.030347 0.051957 0.511252 0.351267 0.055178
2 3 0.028564 0.059572 0.576247 0.281930 0.053687
2 3 0.026778 0.062463 0.610759 0.249255 0.050745
2 3 0.023230 0.063139 0.649001 0.216471 0.048159
2 3 0.023174 0.060305 0.632950 0.233794 0.049777
2 3 0.024768 0.053989 0.576323 0.292363 0.052556
2 3 0.026888 0.046732 0.500145 0.371804 0.054430
3 3 0.028610 0.040513 0.430452 0.445786 0.054640
3 3 0.031368 0.037923 0.387535 0.490435 0.052739
3 3 0.034552 0.038628 0.375886 0.500654 0.050279
3 3 0.037444 0.045532 0.414437 0.450854 0.051733
2 3 0.032890 0.052455 0.498915 0.364353 0.051387
2 3 0.027726 0.055379 0.561173 0.304916 0.050806
2 3 0.025448 0.053926 0.574029 0.297044 0.049553
2 3 0.024306 0.051274 0.565202 0.308660 0.050558
2 3 0.022971 0.044024 0.523892 0.359940 0.049174
3 3 0.023638 0.034269 0.421278 0.472676 0.048139
3 3 0.021604 0.025778 0.345773 0.564131 0.042713
3 3 0.020519 0.018427 0.256913 0.667833 0.036308
3 3 0.020670 0.014350 0.196012 0.737431 0.031536
3 3 0.020105 0.012709 0.174908 0.762916 0.029361
3 3 0.019244 0.013211 0.188577 0.749020 0.029948
3 3 0.020024 0.014425 0.201686 0.732262 0.031603
3 3 0.021852 0.015647 0.207303 0.722327 0.032871
3 3 0.022279 0.014624 0.188827 0.741713 0.032558
3 3 0.022717 0.012869 0.160703 0.772765 0.030946
3 3 0.019661 0.009264 0.121988 0.822784 0.026303
3 3 0.017812 0.007106 0.095901 0.856403 0.022778
3 3 0.016517 0.005422 0.073197 0.885256 0.019609
3 3 0.016757 0.004917 0.064143 0.895587 0.018597
3 3 0.016591 0.004795 0.062603 0.897578 0.018434
3 3 0.017618 0.005156 0.065641 0.892863 0.018722
3 3 0.018965 0.005421 0.066392 0.890675 0.018546
3 3 0.020887 0.005889 0.068609 0.885881 0.018735
3 3 0.020136 0.005401 0.063253 0.893023 0.018186
3 3 0.019717 0.005453 0.064734 0.891335 0.018761
3 3 0.018427 0.005592 0.069993 0.886379 0.019610
3 3 0.020906 0.007982 0.097970 0.849505 0.023637
3 3 0.031289 0.014378 0.147455 0.777977 0.028901
3 3 0.078228 0.037024 0.223725 0.625648 0.035375
3 3 0.219019 0.091627 0.257724 0.392869 0.038761
0 3 0.370908 0.111578 0.175301 0.291125 0.051089
0 0 0.360397 0.118418 0.185757 0.278883 0.056546
0 0 0.318194 0.145443 0.223322 0.227467 0.085574
2 2 0.232637 0.187305 0.277238 0.145173 0.157647
2 2 0.219721 0.192264 0.283047 0.134400 0.170569
2 2 0.219721 0.192264 0.283047 0.134400 0.170569
2 2 0.219721 0.192264 0.283047 0.134400 0.170569
2 2 0.219721 0.192264 0.283047 0.134400 0.170569
2 2 0.219721 0.192264 0.283047 0.134400 0.170569
2 2 0.219721 0.192264 0.283047 0.134400 0.170569
2 4 0.219721 0.192264 0.283047 0.134400 0.170569
2 4 0.219721 0.192264 0.283047 0.134400 0.170569
2 4 0.219689 0.192271 0.282977 0.134313 0.170750
2 4 0.219721 0.192264 0.283047 0.134400 0.170569
2 4 0.219160 0.192383 0.281811 0.132883 0.173763
2 4 0.214929 0.192762 0.273006 0.122812 0.196490
2 4 0.208274 0.192071 0.260376 0.110185 0.229094
4 4 0.196158 0.188459 0.239563 0.092668 0.283152
4 4 0.185222 0.183575 0.222223 0.080290 0.328690
4 4 0.171725 0.175258 0.202945 0.069221 0.380851
4 4 0.156611 0.158690 0.188585 0.069356 0.426757
4 4 0.124715 0.127444 0.152913 0.060592 0.534336
4 4 0.116716 0.119704 0.143580 0.057691 0.562309
4 4 0.136782 0.139413 0.166462 0.063966 0.493377
4 4 0.153649 0.156464 0.184622 0.067352 0.437913
4 4 0.131539 0.134248 0.160569 0.062480 0.511164
2 4 0.200725 0.196820 0.287104 0.113943 0.201408
2 4 0.212205 0.192632 0.267694 0.117273 0.210196
2 4 0.214442 0.192757 0.272039 0.121776 0.198987
2 4 0.204566 0.191226 0.253769 0.104243 0.246197
4 4 0.191750 0.186639 0.232444 0.087381 0.301786
4 4 0.178108 0.179813 0.211447 0.073364 0.357268
4 4 0.164019 0.170372 0.191943 0.063046 0.410619
4 4 0.108113 0.112006 0.132727 0.052962 0.594193
4 4 0.079090 0.081195 0.100616 0.046353 0.692746
4 4 0.062474 0.063144 0.082146 0.043198 0.749039
4 4 0.061551 0.061685 0.081671 0.044518 0.750575
4 4 0.046474 0.046697 0.062781 0.036823 0.807226
4 4 0.046984 0.046889 0.063828 0.038272 0.804027
4 4 0.051667 0.051183 0.070202 0.042082 0.784867
4 4 0.063052 0.061729 0.085357 0.050331 0.739531
4 4 0.077527 0.075681 0.103541 0.057755 0.685495
4 4 0.084470 0.082297 0.112217 0.061245 0.659771
4 4 0.091191 0.090066 0.118842 0.060090 0.639811
4 4 0.090372 0.089265 0.117856 0.059761 0.642745
4 4 0.071491 0.069921 0.095932 0.054566 0.708091
4 4 0.056439 0.054256 0.078368 0.051113 0.759825
4 4 0.041400 0.039355 0.059396 0.044187 0.815662
4 4 0.041181 0.039360 0.058802 0.042938 0.817719
4 4 0.038993 0.038058 0.054797 0.037603 0.830549
4 4 0.059932 0.060003 0.079756 0.043988 0.756321
4 4 0.061269 0.061854 0.080767 0.042911 0.753200
4 4 0.086964 0.087867 0.111413 0.052707 0.661049
4 4 0.083529 0.085530 0.106045 0.048432 0.676463
4 4 0.111787 0.115248 0.137428 0.055112 0.580425
4 4 0.151078 0.153704 0.182061 0.067200 0.445957
4 4 0.180569 0.181160 0.215138 0.075678 0.347455
4 4 0.179609 0.180640 0.213694 0.074766 0.351290
4 4 0.197334 0.188906 0.241496 0.094158 0.278106
2 4 0.207244 0.191864 0.258515 0.108470 0.233908
2 4 0.215207 0.192761 0.273561 0.123412 0.195059
2 4 0.217163 0.192666 0.277556 0.127863 0.184752
2 4 0.218801 0.192450 0.281031 0.131939 0.175779
2 4 0.218566 0.192490 0.280524 0.131332 0.177089
2 4 0.219721 0.192264 0.283047 0.134400 0.170569
2 0 0.219721 0.192264 0.283047 0.134400 0.170569
2 1 0.219721 0.192264 0.283047 0.134400 0.170569
2 1 0.219721 0.192264 0.283047 0.134400 0.170569
2 1 0.219721 0.192264 0.283047 0.134400 0.170569
2 1 0.219721 0.192264 0.283047 0.134400 0.170569
2 1 0.219721 0.192264 0.283047 0.134400 0.170569
2 1 0.217763 0.192602 0.278813 0.129315 0.181507
2 1 0.216382 0.192723 0.275942 0.126036 0.188917
2 0 0.219721 0.192264 0.283047 0.134400 0.170569
2 0 0.219721 0.192264 0.283047 0.134400 0.170569
2 0 0.219721 0.192264 0.283047 0.134400 0.170569
2 0 0.218193 0.192546 0.279725 0.130383 0.179153
2 0 0.219721 0.192264 0.283047 0.134400 0.170569
2 0 0.219721 0.192264 0.283047 0.134400 0.170569
2 0 0.215853 0.192747 0.274865 0.124839 0.191696
2 0 0.226894 0.189556 0.279899 0.140339 0.163312
2 0 0.241627 0.183637 0.272828 0.152885 0.149023
2 0 0.219721 0.192264 0.283047 0.134400 0.170569
2 0 0.219721 0.192264 0.283047 0.134400 0.170569
2 0 0.219721 0.192264 0.283047 0.134400 0.170569
2 0 0.219721 0.192264 0.283047 0.134400 0.170569
2 0 0.219220 0.192371 0.281944 0.133045 0.173420
2 0 0.217204 0.192662 0.277641 0.127960 0.184533
2 1 0.213024 0.192696 0.269266 0.118876 0.206139
2 1 0.210070 0.192375 0.263674 0.113308 0.220573
2 1 0.210656 0.192458 0.264765 0.114366 0.217755
2 1 0.215335 0.192759 0.273818 0.123691 0.194397
2 0 0.217316 0.192651 0.277874 0.128228 0.183931
2 0 0.211875 0.192600 0.267064 0.116640 0.211821
2 0 0.215928 0.192744 0.275017 0.125007 0.191304
2 0 0.219721 0.192264 0.283047 0.134400 0.170569
2 0 0.219721 0.192264 0.283047 0.134400 0.170569
2 0 0.219721 0.192264 0.283047 0.134400 0.170569
2 1 0.219721 0.192264 0.283047 0.134400 0.170569
2 1 0.218618 0.192481 0.280637 0.131467 0.176796
2 1 0.216694 0.192703 0.276585 0.126759 0.187259
2 1 0.216452 0.192719 0.276086 0.126198 0.188545
2 1 0.219721 0.192264 0.283047 0.134400 0.170569
2 1 0.219721 0.192264 0.283047 0.134400 0.170569
2 1 0.218985 0.192417 0.281431 0.132421 0.174746
2 1 0.218483 0.192503 0.280346 0.131119 0.177550
2 1 0.219721 0.192264 0.283047 0.134400 0.170569
2 2 0.197082 0.199068 0.317084 0.124683 0.162083
2 2 0.175331 0.204536 0.352602 0.114738 0.152793
2 2 0.167075 0.206288 0.366875 0.110802 0.148959
2 2 0.158673 0.207862 0.381887 0.106703 0.144876
2 2 0.171710 0.205328 0.358806 0.113023 0.151133
2 2 0.197529 0.198944 0.316385 0.124881 0.162261
2 2 0.219721 0.192264 0.283047 0.134400 0.170569
2 2 0.219721 0.192264 0.283047 0.134400 0.170569
2 2 0.219721 0.192264 0.283047 0.134400 0.170569
2 2 0.219721 0.192264 0.283047 0.134400 0.170569
2 2 0.219721 0.192264 0.283047 0.134400 0.170569
2 2 0.219721 0.192264 0.283047 0.134400 0.170569
2 2 0.173232 0.205000 0.356187 0.113746 0.151835
2 2 0.129028 0.211422 0.439198 0.091449 0.128902
2 2 0.103122 0.211217 0.495950 0.077019 0.112692
2 2 0.095720 0.210404 0.513574 0.072686 0.107617
2 2 0.092421 0.209912 0.521659 0.070723 0.105285
2 2 0.095462 0.210369 0.514201 0.072533 0.107436
2 2 0.101836 0.211103 0.498962 0.076273 0.111826
2 2 0.108715 0.211586 0.483082 0.080228 0.116389
2 2 0.120726 0.211751 0.456627 0.086943 0.123954
2 2 0.111086 0.211683 0.477734 0.081573 0.117923
2 2 0.101308 0.211053 0.500204 0.075966 0.111468
2 2 0.092615 0.209943 0.521180 0.070839 0.105423
2 2 0.089412 0.209387 0.529171 0.068913 0.103117
2 2 0.092363 0.209903 0.521803 0.070688 0.105243
2 2 0.104520 0.211328 0.492699 0.077826 0.113627
2 2 0.117186 0.211785 0.464264 0.084989 0.121776
2 2 0.171530 0.205367 0.359117 0.112937 0.151049
2 2 0.230934 0.187980 0.278040 0.143732 0.159314
2 2 0.184281 0.202428 0.337633 0.118904 0.156755
2 2 0.107179 0.211504 0.486578 0.079353 0.115386
2 2 0.096806 0.210548 0.510942 0.073328 0.108375
2 2 0.095123 0.210322 0.515025 0.072332 0.107198
2 2 0.074776 0.205661 0.567716 0.059850 0.091998
2 2 0.067688 0.203027 0.587763 0.055291 0.086232
2 2 0.068881 0.203514 0.584315 0.056067 0.087222
2 2 0.071775 0.204620 0.576082 0.057934 0.089589
2 2 0.072970 0.205047 0.572730 0.058699 0.090554
2 2 0.074396 0.205535 0.568765 0.059609 0.091696
2 2 0.073483 0.205226 0.571297 0.059028 0.090967
2 2 0.071798 0.204629 0.576016 0.057949 0.089608
2 2 0.068531 0.203373 0.585324 0.055840 0.086932
2 2 0.060528 0.197344 0.608247 0.052423 0.081457
2 2 0.053523 0.187969 0.628556 0.051822 0.078130
2 2 0.044956 0.176460 0.656308 0.049609 0.072667
2 2 0.041424 0.170348 0.668290 0.049278 0.070661
2 2 0.038970 0.167754 0.677845 0.047341 0.068089
2 2 0.041898 0.171724 0.666895 0.048855 0.070628
2 2 0.048788 0.178492 0.641979 0.053584 0.077158
2 2 0.047451 0.173899 0.644867 0.055827 0.077956
2 2 0.074248 0.193311 0.562305 0.070974 0.099161
2 2 0.176721 0.204223 0.350244 0.115392 0.153421
2 2 0.185522 0.202119 0.335598 0.119473 0.157288
2 2 0.124644 0.211637 0.448320 0.089082 0.126317
2 2 0.131987 0.211226 0.433145 0.093029 0.130613
2 2 0.168200 0.206061 0.364904 0.111344 0.149492
2 2 0.219721 0.192264 0.283047 0.134400 0.170569
2 2 0.219721 0.192264 0.283047 0.134400 0.170569
2 2 0.219721 0.192264 0.283047 0.134400 0.170569
2 2 0.219721 0.192264 0.283047 0.134400 0.170569
2 2 0.219721 0.192264 0.283047 0.134400 0.170569
2 2 0.219721 0.192264 0.283047 0.134400 0.170569
2 4 0.192408 0.200339 0.324473 0.122597 0.160183
2 4 0.177576 0.204027 0.348798 0.115793 0.153805
2 4 0.186483 0.201877 0.334027 0.119913 0.157699
2 4 0.122276 0.211715 0.453323 0.087792 0.124895
2 4 0.102858 0.211195 0.496565 0.076867 0.112515
2 4 0.085016 0.208483 0.540383 0.066238 0.099881
2 2 0.083732 0.208186 0.543714 0.065449 0.098920
2 2 0.066179 0.202384 0.592163 0.054305 0.084969
2 2 0.055548 0.191381 0.622773 0.051514 0.078783
2 2 0.052515 0.188350 0.632345 0.050214 0.076576
2 2 0.053844 0.190063 0.628253 0.050494 0.077345
2 2 0.052920 0.188690 0.631018 0.050453 0.076919
2 2 0.050410 0.185277 0.638843 0.049985 0.075485
2 2 0.049595 0.185147 0.641834 0.048994 0.074430
2 2 0.059712 0.197543 0.611010 0.051360 0.080375
2 2 0.067272 0.202853 0.588971 0.055020 0.085885
2 2 0.073376 0.205189 0.571595 0.058959 0.090881
2 2 0.077847 0.206620 0.559327 0.061790 0.094416
2 2 0.078785 0.206893 0.556799 0.062378 0.095145
2 2 0.086984 0.208909 0.535327 0.067440 0.101340
2 2 0.095396 0.210360 0.514360 0.072494 0.107390
2 2 0.108569 0.211579 0.483412 0.080146 0.116295
2 2 0.143777 0.210074 0.409786 0.099196 0.137166
2 2 0.158454 0.207900 0.382285 0.106595 0.144767
2 2 0.187626 0.201587 0.332168 0.120434 0.158185
2 2 0.155146 0.208456 0.388340 0.104953 0.143106
2 2 0.151853 0.208972 0.394448 0.103305 0.141423
2 2 0.143712 0.210870 0.400845 0.095373 0.149200
2 2 0.147960 0.209861 0.398201 0.099756 0.144221
2 2 0.169019 0.205893 0.363473 0.111737 0.149878
2 2 0.219721 0.192264 0.283047 0.134400 0.170569
2 2 0.185396 0.202150 0.335803 0.119416 0.157234
2 2 0.167167 0.206711 0.355243 0.105529 0.165350
2 2 0.156852 0.208174 0.385207 0.105802 0.143966
2 2 0.158821 0.207836 0.381617 0.106776 0.144950
2 2 0.152590 0.209089 0.390388 0.102455 0.145478
2 2 0.098732 0.210782 0.506316 0.074462 0.109708
2 2 0.086201 0.208743 0.537331 0.066963 0.100762
2 2 0.081647 0.207670 0.549178 0.064161 0.097343
2 2 0.083035 0.208018 0.545532 0.065020 0.098395
2 2 0.082493 0.207884 0.546952 0.064685 0.097985
2 2 0.084142 0.208282 0.542645 0.065702 0.099228
2 2 0.083838 0.208211 0.543436 0.065515 0.099000
2 2 0.081084 0.207524 0.550666 0.063812 0.096914
2 2 0.078385 0.206778 0.557876 0.062127 0.094834
2 2 0.087044 0.208921 0.535174 0.067477 0.101385
2 2 0.084676 0.205622 0.539723 0.068612 0.101366
2 2 0.136351 0.210867 0.424360 0.095336 0.133087
2 2 0.236937 0.185573 0.275166 0.148839 0.153486
2 2 0.140495 0.210452 0.416170 0.097500 0.135383
2 2 0.107445 0.211519 0.485970 0.079505 0.115560
2 2 0.095622 0.210391 0.513812 0.072628 0.107548
2 2 0.102340 0.211149 0.497779 0.076566 0.112166
2 2 0.075575 0.205921 0.565515 0.060357 0.092632
2 2 0.070610 0.204188 0.579375 0.057185 0.088642
2 2 0.073704 0.205301 0.570682 0.059168 0.091143
2 2 0.070134 0.204006 0.580730 0.056878 0.088252
2 2 0.072680 0.204945 0.573539 0.058514 0.090321
2 2 0.074784 0.205663 0.567694 0.059855 0.092004
2 2 0.075576 0.205921 0.565514 0.060357 0.092632
2 2 0.082907 0.207987 0.545867 0.064941 0.098299
2 2 0.094568 0.210242 0.516380 0.072003 0.106807
2 2 0.108511 0.211576 0.483543 0.080113 0.116257
2 2 0.114124 0.211760 0.470977 0.083281 0.119858
2 2 0.098807 0.210791 0.506137 0.074505 0.109760
2 2 0.084309 0.208321 0.542214 0.065804 0.099353
2 2 0.062587 0.190411 0.598139 0.060835 0.088028
2 2 0.061664 0.182809 0.596592 0.067235 0.091700
2 2 0.075424 0.190735 0.556847 0.074932 0.102061
2 2 0.065152 0.182959 0.584536 0.071531 0.095822
2 2 0.072878 0.191219 0.565128 0.071693 0.099081
2 2 0.050969 0.178179 0.633298 0.057087 0.080467
2 2 0.079772 0.205468 0.553287 0.064522 0.096952
2 2 0.068977 0.198724 0.581827 0.060287 0.090185
2 2 0.090562 0.209597 0.526283 0.069607 0.103950
2 2 0.115273 0.211776 0.468447 0.083924 0.120581
2 2 0.109848 0.211637 0.480519 0.080872 0.117125
2 2 0.062902 0.192567 0.598235 0.059212 0.087083
2 2 0.055782 0.185353 0.619170 0.057053 0.082643
2 2 0.059023 0.188183 0.609154 0.058585 0.085055
2 2 0.059087 0.189801 0.609765 0.057191 0.084156
2 2 0.047729 0.179205 0.646478 0.051389 0.075199
2 2 0.042248 0.170827 0.664980 0.050232 0.071713
2 2 0.033175 0.155445 0.699306 0.047313 0.064762
2 2 0.030757 0.149819 0.708816 0.047341 0.063267
2 2 0.050939 0.177075 0.632779 0.058105 0.081102
2 2 0.058645 0.189501 0.611147 0.056919 0.083788
2 2 0.049245 0.183728 0.642590 0.049687 0.074751
2 2 0.058731 0.193969 0.612887 0.053159 0.081253
2 2 0.070403 0.203714 0.579792 0.057383 0.088707
2 2 0.074322 0.205510 0.568969 0.059562 0.091637
2 2 0.076083 0.206082 0.564125 0.060678 0.093033
2 2 0.072206 0.204776 0.574870 0.058210 0.089938
2 2 0.073502 0.205232 0.571244 0.059040 0.090982
2 2 0.073648 0.205282 0.570840 0.059132 0.091098
2 2 0.075685 0.205956 0.565213 0.060427 0.092719
2 2 0.072801 0.204988 0.573200 0.058592 0.090419
2 2 0.082269 0.207828 0.547541 0.064546 0.097815
2 2 0.082999 0.208009 0.545627 0.064997 0.098368
2 2 0.081313 0.207584 0.550061 0.063954 0.097088
2 2 0.078997 0.206954 0.556230 0.062511 0.095309
2 2 0.079592 0.207121 0.554636 0.062883 0.095768
2 2 0.086238 0.208751 0.537235 0.066986 0.100790
2 2 0.088761 0.209264 0.530812 0.068519 0.102644
2 2 0.106300 0.211451 0.488593 0.078849 0.114807
2 2 0.084862 0.208448 0.540779 0.066144 0.099767
2 2 0.093131 0.210025 0.519908 0.071147 0.105790
2 2 0.093770 0.210124 0.518336 0.071528 0.106243
2 2 0.097485 0.210634 0.509306 0.073729 0.108847
2 2 0.127997 0.211481 0.441328 0.090895 0.128299
2 2 0.180615 0.201237 0.358122 0.122202 0.137825
2 2 0.116223 0.211783 0.466365 0.084453 0.121176
2 2 0.096247 0.210475 0.512294 0.072998 0.107986
2 2 0.090786 0.209636 0.525725 0.069741 0.104111
2 2 0.106913 0.211489 0.487186 0.079201 0.115211
2 2 0.080781 0.207444 0.551471 0.063623 0.096681
2 2 0.079054 0.206970 0.556077 0.062546 0.095353
2 2 0.075318 0.205838 0.566222 0.060194 0.092428
2 2 0.069451 0.203740 0.582682 0.056436 0.087691
2 2 0.071037 0.204348 0.578164 0.057460 0.088990
2 2 0.072938 0.205036 0.572817 0.058680 0.090529
2 2 0.078510 0.206814 0.557540 0.062205 0.094931
2 2 0.076814 0.206309 0.562130 0.061140 0.093607
2 2 0.068992 0.202414 0.583510 0.057096 0.087988
2 2 0.052916 0.187412 0.630516 0.051508 0.077648
2 2 0.032455 0.157679 0.703965 0.043809 0.062092
2 2 0.024056 0.137598 0.740543 0.042237 0.055566
2 2 0.020641 0.126551 0.756472 0.042989 0.053348
2 2 0.019205 0.117264 0.760062 0.048425 0.055044
2 3 0.020651 0.108939 0.749064 0.064473 0.056873
2 3 0.022258 0.095410 0.738698 0.093418 0.050215
2 3 0.024000 0.093163 0.726133 0.106778 0.049927
