0 0 0.698356 0.093197 0.096411 0.061591 0.050445
0 0 0.774437 0.077900 0.075467 0.036995 0.035200
0 0 0.869529 0.051446 0.040016 0.014191 0.024818
0 0 0.894955 0.042349 0.030138 0.010075 0.022482
0 0 0.881214 0.046707 0.035445 0.012869 0.023764
0 0 0.850541 0.057040 0.046177 0.017944 0.028297
0 0 0.791952 0.073859 0.067452 0.031174 0.035561
0 0 0.712579 0.090751 0.096943 0.057804 0.041923
0 0 0.626856 0.103779 0.127296 0.095685 0.046385
0 0 0.628817 0.102057 0.128180 0.097557 0.043390
0 0 0.665401 0.099247 0.116145 0.076714 0.042493
0 0 0.730207 0.091642 0.090650 0.045095 0.042406
0 0 0.781419 0.083322 0.070111 0.025384 0.039763
0 0 0.828553 0.071832 0.051719 0.013577 0.034320
0 0 0.847438 0.066001 0.044825 0.010434 0.031301
0 0 0.869947 0.057474 0.037229 0.008080 0.027271
0 0 0.886889 0.050366 0.032151 0.006943 0.023651
0 0 0.898113 0.045189 0.028605 0.006395 0.021697
0 0 0.905060 0.041825 0.026549 0.006202 0.020364
0 0 0.920132 0.035348 0.022087 0.005221 0.017213
0 0 0.943471 0.025445 0.015286 0.003567 0.012231
0 0 0.965783 0.015881 0.008915 0.001969 0.007452
0 0 0.981573 0.008935 0.004591 0.000913 0.003988
0 0 0.988365 0.005844 0.002803 0.000504 0.002485
0 0 0.993237 0.003559 0.001553 0.000237 0.001413
0 0 0.994170 0.003128 0.001295 0.000179 0.001228
0 0 0.993640 0.003422 0.001379 0.000178 0.001381
0 0 0.990295 0.005054 0.002122 0.000299 0.002231
0 0 0.987109 0.006546 0.002789 0.000413 0.003143
0 0 0.980940 0.009326 0.004287 0.000729 0.004718
0 0 0.972973 0.012783 0.006333 0.001224 0.006686
0 0 0.965848 0.015760 0.008184 0.001722 0.008486
0 0 0.967274 0.015185 0.007681 0.001556 0.008304
0 0 0.965714 0.015991 0.008108 0.001599 0.008587
0 0 0.954090 0.021046 0.011071 0.002256 0.011537
0 0 0.940038 0.027026 0.014807 0.003136 0.014993
0 0 0.936373 0.028528 0.015438 0.003242 0.016419
0 0 0.932497 0.029962 0.016491 0.003600 0.017451
0 0 0.919498 0.034350 0.019323 0.004722 0.022108
0 0 0.916073 0.035428 0.020499 0.005293 0.022707
0 0 0.915593 0.036009 0.021587 0.005564 0.021247
0 0 0.920493 0.033927 0.021381 0.005812 0.018387
0 0 0.928095 0.030309 0.018894 0.005435 0.017268
0 0 0.940290 0.025515 0.015990 0.004587 0.013618
0 0 0.943829 0.024565 0.015187 0.004027 0.012392
0 0 0.936429 0.028454 0.017264 0.004037 0.013816
0 0 0.916810 0.037530 0.021808 0.004500 0.019352
0 0 0.896245 0.047050 0.026928 0.005094 0.024683
0 0 0.885308 0.050057 0.028705 0.006083 0.029847
0 0 0.885649 0.046325 0.027009 0.007415 0.033602
0 0 0.924419 0.030611 0.017705 0.005330 0.021936
0 0 0.960347 0.017568 0.009922 0.002528 0.009634
0 0 0.976637 0.010973 0.005680 0.001218 0.005492
0 0 0.981882 0.008738 0.004219 0.000810 0.004351
0 0 0.984720 0.007560 0.003530 0.000617 0.003573
0 0 0.982607 0.008627 0.004137 0.000714 0.003915
0 0 0.977620 0.010943 0.005445 0.000973 0.005019
0 0 0.968252 0.015093 0.007895 0.001523 0.007237
0 0 0.960621 0.018374 0.009672 0.001917 0.009417
0 0 0.952399 0.021604 0.011166 0.002291 0.012540
0 0 0.943564 0.024902 0.013313 0.002999 0.015222
0 0 0.943211 0.025092 0.013740 0.003158 0.014798
0 0 0.950450 0.022223 0.012202 0.002757 0.012367
0 0 0.952611 0.021393 0.011635 0.002572 0.011790
0 0 0.960014 0.018503 0.009948 0.002068 0.009467
0 0 0.966226 0.016069 0.008595 0.001662 0.007448
0 0 0.974999 0.012268 0.006524 0.001185 0.005025
0 0 0.980224 0.009813 0.005194 0.000944 0.003826
0 0 0.984991 0.007627 0.003995 0.000688 0.002699
0 0 0.986432 0.006933 0.003615 0.000619 0.002401
0 0 0.987871 0.006225 0.003219 0.000551 0.002135
0 0 0.987150 0.006469 0.003387 0.000630 0.002364
0 0 0.985021 0.007321 0.003945 0.000822 0.002892
0 0 0.979584 0.009526 0.005373 0.001304 0.004213
0 0 0.976523 0.010741 0.006245 0.001619 0.004873
0 0 0.972283 0.012498 0.007452 0.002002 0.005765
0 0 0.972073 0.012649 0.007465 0.001957 0.005856
0 0 0.965026 0.015373 0.009452 0.002709 0.007439
0 0 0.961667 0.016485 0.010449 0.003236 0.008163
0 0 0.955559 0.019071 0.012395 0.003802 0.009174
0 0 0.951016 0.021584 0.013516 0.003617 0.010267
0 1 0.921266 0.034626 0.021409 0.005162 0.017536
0 1 0.850244 0.066065 0.043031 0.009116 0.031545
0 1 0.560575 0.182101 0.139052 0.029911 0.088361
2 2 0.284088 0.219795 0.327943 0.065096 0.103078
2 2 0.088827 0.145737 0.528766 0.105833 0.130837
2 2 0.065666 0.126504 0.593854 0.098914 0.115062
2 2 0.037755 0.089273 0.753104 0.057932 0.061936
2 2 0.035355 0.083539 0.776743 0.050372 0.053991
2 2 0.036907 0.084083 0.777199 0.048702 0.053109
2 2 0.036764 0.082944 0.782274 0.046762 0.051256
2 2 0.032968 0.079215 0.792486 0.046164 0.049168
2 2 0.030399 0.074855 0.795898 0.052682 0.046166
2 2 0.030873 0.066974 0.778404 0.085674 0.038076
2 2 0.031866 0.061553 0.729681 0.142929 0.033972
2 2 0.032908 0.055752 0.627865 0.252273 0.031202
2 3 0.033427 0.048124 0.468936 0.421080 0.028433
3 3 0.035341 0.041262 0.397296 0.503884 0.022217
3 3 0.040543 0.036370 0.324584 0.580629 0.017873
3 3 0.043073 0.030739 0.266429 0.646079 0.013679
3 3 0.045102 0.025410 0.212839 0.706421 0.010228
3 3 0.045199 0.022159 0.184804 0.739502 0.008336
3 3 0.048247 0.020258 0.157230 0.766936 0.007330
3 3 0.051336 0.020411 0.148567 0.772245 0.007441
3 3 0.059545 0.021258 0.132659 0.778557 0.007980
3 3 0.067479 0.023026 0.126550 0.773892 0.009053
3 3 0.072440 0.022138 0.112017 0.784793 0.008612
3 3 0.070360 0.020556 0.106396 0.794966 0.007722
3 3 0.069453 0.018840 0.097706 0.807191 0.006811
3 3 0.073165 0.018561 0.090547 0.811020 0.006707
3 3 0.079207 0.018361 0.081646 0.814119 0.006667
3 3 0.082091 0.018033 0.076693 0.816654 0.006529
3 3 0.082506 0.017446 0.073321 0.820489 0.006237
3 3 0.082080 0.017276 0.072915 0.821581 0.006148
3 3 0.083284 0.017759 0.074063 0.818492 0.006402
3 3 0.084894 0.018415 0.075600 0.814338 0.006754
3 3 0.085314 0.018589 0.076002 0.813248 0.006848
3 3 0.085623 0.018717 0.076297 0.812446 0.006918
3 3 0.086049 0.018895 0.076705 0.811336 0.007015
3 3 0.085705 0.018751 0.076375 0.812233 0.006936
3 3 0.084339 0.018188 0.075070 0.815772 0.006631
3 3 0.083932 0.018021 0.074681 0.816824 0.006542
3 3 0.084659 0.018319 0.075376 0.814944 0.006702
3 3 0.085760 0.018774 0.076428 0.812089 0.006949
3 3 0.086205 0.018960 0.076853 0.810932 0.007050
3 3 0.085678 0.018740 0.076350 0.812301 0.006930
3 3 0.088065 0.019748 0.078636 0.806064 0.007487
3 3 0.090159 0.020657 0.080647 0.800534 0.008003
3 3 0.091292 0.021159 0.081737 0.797519 0.008292
3 3 0.089825 0.020511 0.080326 0.801419 0.007919
3 3 0.087999 0.019720 0.078573 0.806237 0.007472
3 3 0.087339 0.019438 0.077940 0.807968 0.007315
3 3 0.089011 0.020156 0.079544 0.803571 0.007717
3 3 0.090994 0.021026 0.081449 0.798316 0.008215
3 3 0.093784 0.022288 0.084139 0.790833 0.008957
3 3 0.094587 0.022659 0.084914 0.788660 0.009179
3 3 0.094505 0.022621 0.084835 0.788882 0.009156
3 3 0.097589 0.024181 0.088251 0.779871 0.010108
3 3 0.098054 0.025818 0.094581 0.770443 0.011104
3 3 0.113577 0.034677 0.110819 0.723623 0.017304
3 0 0.193519 0.066428 0.160747 0.547845 0.031461
0 3 0.352522 0.116183 0.182986 0.279247 0.069062
3 3 0.275515 0.125894 0.209242 0.314355 0.074994
3 3 0.183237 0.091262 0.206411 0.462012 0.057078
3 3 0.103543 0.042122 0.150862 0.680645 0.022828
3 3 0.081052 0.028999 0.133314 0.743771 0.012865
3 3 0.071627 0.022951 0.118103 0.778260 0.009060
3 3 0.076800 0.022665 0.107764 0.783810 0.008961
3 3 0.086993 0.024150 0.100585 0.778323 0.009949
3 3 0.099017 0.025217 0.091038 0.773978 0.010750
3 3 0.098815 0.024673 0.089009 0.777084 0.010419
3 3 0.095278 0.022981 0.085582 0.786786 0.009373
3 3 0.093874 0.022329 0.084226 0.790589 0.008981
3 3 0.091580 0.021288 0.082013 0.796752 0.008367
3 3 0.087388 0.020923 0.084878 0.798695 0.008117
3 3 0.086202 0.020529 0.084343 0.801039 0.007887
3 3 0.086347 0.020222 0.082717 0.802992 0.007723
3 3 0.087354 0.019445 0.077954 0.807929 0.007318
3 3 0.087265 0.019407 0.077868 0.808163 0.007297
3 3 0.085973 0.018863 0.076632 0.811534 0.006997
3 3 0.084246 0.018149 0.074981 0.816013 0.006611
3 3 0.081826 0.017175 0.072673 0.822231 0.006095
3 3 0.082084 0.017278 0.072919 0.821572 0.006148
3 3 0.084309 0.018175 0.075041 0.815850 0.006624
3 3 0.086252 0.018980 0.076899 0.810809 0.007061
3 3 0.087095 0.019335 0.077706 0.808606 0.007257
3 3 0.087628 0.019561 0.078217 0.807211 0.007383
3 3 0.088274 0.019838 0.078836 0.805515 0.007538
3 3 0.091826 0.021398 0.082251 0.796094 0.008432
3 3 0.100937 0.025724 0.091072 0.771181 0.011087
3 -1 0.152283 0.044477 0.129350 0.654717 0.019172
0 0 0.460154 0.091489 0.155408 0.251081 0.041868
0 0 0.761281 0.074547 0.074906 0.048720 0.040545
0 0 0.846874 0.054721 0.044724 0.021395 0.032287
0 0 0.862392 0.050037 0.040242 0.018566 0.028764
0 0 0.853960 0.054454 0.044143 0.018622 0.028821
0 1 0.768423 0.090720 0.073098 0.023625 0.044134
0 1 0.463544 0.204520 0.185406 0.052662 0.093868
2 1 0.259897 0.217557 0.324595 0.079560 0.118392
2 1 0.247674 0.210681 0.297963 0.097721 0.145961
0 1 0.416670 0.176251 0.163525 0.092950 0.150604
0 0 0.356819 0.211484 0.195103 0.068191 0.168403
0 1 0.453528 0.202858 0.150615 0.042551 0.150448
0 2 0.301020 0.205106 0.180543 0.097775 0.215555
2 2 0.221635 0.199668 0.254069 0.126544 0.198083
2 2 0.094970 0.146717 0.507155 0.109992 0.141166
2 2 0.061025 0.116215 0.652238 0.078422 0.092100
2 2 0.046645 0.097899 0.726929 0.060388 0.068140
2 2 0.041098 0.087908 0.766510 0.049231 0.055252
2 2 0.035053 0.076571 0.807595 0.038178 0.042603
2 2 0.033315 0.072915 0.820268 0.034728 0.038775
2 2 0.035744 0.076255 0.809777 0.036746 0.041477
2 2 0.045914 0.089335 0.766760 0.045080 0.052912
2 2 0.096385 0.131564 0.649463 0.052571 0.070018
2 2 0.138536 0.160705 0.558458 0.059308 0.082994
2 2 0.167876 0.176723 0.478469 0.078726 0.098207
2 3 0.220345 0.187398 0.412207 0.075428 0.104620
0 3 0.504894 0.166784 0.124900 0.048929 0.154492
0 3 0.635041 0.130185 0.076018 0.021147 0.137609
0 2 0.495088 0.182036 0.119310 0.033188 0.170379
0 2 0.364623 0.212515 0.178258 0.069930 0.174674
2 2 0.208793 0.204444 0.346516 0.101591 0.138657
2 3 0.105155 0.152138 0.530086 0.100951 0.111669
2 2 0.048473 0.104329 0.695237 0.071945 0.080015
2 2 0.038160 0.087018 0.765460 0.052357 0.057005
2 4 0.041077 0.088387 0.764222 0.050174 0.056140
2 4 0.049318 0.098380 0.729196 0.057099 0.066007
2 4 0.055912 0.108755 0.685804 0.069044 0.080485
2 4 0.062433 0.118649 0.640055 0.082253 0.096609
2 4 0.065476 0.123059 0.618059 0.088765 0.104641
2 4 0.064151 0.120809 0.629973 0.084942 0.100125
2 4 0.063743 0.119206 0.639372 0.081377 0.096303
2 4 0.063442 0.116580 0.654818 0.075257 0.089903
2 4 0.077950 0.128260 0.608957 0.081986 0.102847
2 4 0.103283 0.144921 0.536517 0.091772 0.123507
2 4 0.161336 0.174813 0.379849 0.113923 0.170079
4 4 0.226814 0.186190 0.229204 0.119754 0.238038
4 4 0.230748 0.172447 0.147992 0.129871 0.318942
4 4 0.205461 0.155308 0.129691 0.137700 0.371840
4 4 0.206998 0.144786 0.113770 0.125647 0.408800
4 4 0.206857 0.144949 0.114040 0.125942 0.408212
4 4 0.207598 0.144084 0.112612 0.124385 0.411321
4 4 0.213938 0.135822 0.099795 0.110396 0.440049
4 4 0.213117 0.136993 0.101525 0.112287 0.436078
4 4 0.206954 0.139886 0.109082 0.117297 0.426782
4 4 0.198787 0.144101 0.120207 0.125014 0.411892
4 4 0.211087 0.139747 0.105704 0.116850 0.426612
4 4 0.212198 0.138263 0.103434 0.114371 0.431733
4 4 0.215338 0.133744 0.096784 0.107106 0.447027
4 4 0.215848 0.132958 0.095667 0.105885 0.449642
4 4 0.214679 0.134736 0.098212 0.108666 0.443707
4 4 0.214682 0.134731 0.098205 0.108659 0.443723
4 1 0.219920 0.126021 0.086245 0.095575 0.472239
4 4 0.223672 0.118116 0.076385 0.084767 0.497059
4 4 0.217962 0.129519 0.090899 0.100669 0.460951
4 4 0.211800 0.138800 0.104251 0.115263 0.429885
4 4 0.184319 0.155044 0.145404 0.147288 0.367945
4 4 0.165385 0.159077 0.172667 0.159412 0.343458
2 4 0.123602 0.163806 0.336769 0.150268 0.225556
2 4 0.110240 0.158421 0.397273 0.138309 0.195757
2 4 0.071150 0.129819 0.584085 0.098030 0.116916
2 4 0.061297 0.119980 0.628580 0.088138 0.102006
2 4 0.055433 0.113778 0.654499 0.082616 0.093674
2 4 0.055608 0.114965 0.647175 0.085588 0.096663
2 4 0.055792 0.115440 0.644502 0.086561 0.097705
2 4 0.057592 0.117540 0.635271 0.088791 0.100805
2 4 0.060965 0.121975 0.613647 0.094864 0.108549
2 4 0.071943 0.135309 0.541283 0.115756 0.135710
2 4 0.095843 0.154363 0.415513 0.146828 0.187453
4 1 0.155402 0.167655 0.222682 0.165807 0.288454
4 1 0.182816 0.167446 0.162681 0.171096 0.315961
4 1 0.171408 0.174749 0.213534 0.171194 0.269115
2 2 0.133441 0.169619 0.326228 0.155114 0.215597
2 2 0.089580 0.146333 0.495942 0.119219 0.148926
2 2 0.077797 0.137204 0.543683 0.109260 0.132056
2 2 0.090036 0.147479 0.485824 0.123138 0.153523
2 1 0.152759 0.172965 0.277552 0.157271 0.239452
4 1 0.215001 0.187652 0.202917 0.142874 0.251556
2 1 0.210656 0.192694 0.250159 0.134540 0.211950
2 1 0.188691 0.184821 0.334911 0.114508 0.177069
2 1 0.146683 0.164892 0.458790 0.092829 0.136807
2 1 0.114294 0.140658 0.581312 0.067411 0.096326
2 2 0.061984 0.098578 0.741284 0.042893 0.055261
2 2 0.048900 0.085168 0.786344 0.035539 0.044049
2 2 0.065946 0.100319 0.748461 0.037158 0.048115
2 2 0.164111 0.157250 0.571067 0.042598 0.064974
2 2 0.175246 0.166147 0.538890 0.047415 0.072303
2 1 0.095611 0.131203 0.640979 0.056507 0.075700
2 1 0.057104 0.103658 0.714318 0.056596 0.068323
2 1 0.045224 0.091165 0.757649 0.049211 0.056751
2 2 0.040799 0.086823 0.771071 0.047662 0.053644
2 2 0.039719 0.087527 0.765954 0.050699 0.056102
2 2 0.039195 0.088661 0.759405 0.053882 0.058857
2 1 0.039494 0.089505 0.755782 0.055103 0.060117
2 1 0.039588 0.089480 0.756101 0.054880 0.059951
2 2 0.036107 0.083660 0.777683 0.049259 0.053293
2 2 0.035443 0.081883 0.784805 0.046959 0.050910
2 2 0.033770 0.078342 0.797982 0.043151 0.046755
2 2 0.033511 0.078388 0.797314 0.043665 0.047122
2 2 0.032673 0.077561 0.799531 0.043550 0.046685
2 2 0.035234 0.083351 0.777403 0.050216 0.053796
2 2 0.035466 0.085793 0.765724 0.054892 0.058125
2 3 0.034559 0.086785 0.756234 0.060749 0.061673
2 2 0.032218 0.080301 0.769051 0.064340 0.054089
2 2 0.032258 0.079904 0.766763 0.067281 0.053795
2 3 0.033191 0.082252 0.762156 0.065991 0.056411
2 2 0.037815 0.087424 0.736189 0.076951 0.061622
2 2 0.039537 0.088748 0.730770 0.078602 0.062343
2 2 0.044421 0.091483 0.706524 0.093257 0.064315
2 2 0.047438 0.088019 0.683983 0.121188 0.059373
2 2 0.048651 0.082606 0.643766 0.170338 0.054640
2 3 0.046333 0.074638 0.613011 0.218312 0.047705
2 2 0.043729 0.068490 0.576105 0.268148 0.043527
2 2 0.039324 0.062802 0.555937 0.302085 0.039852
2 2 0.037217 0.058968 0.519464 0.346286 0.038065
2 2 0.036016 0.054127 0.466802 0.407971 0.035084
2 2 0.035051 0.049271 0.447689 0.437931 0.030059
3 2 0.034331 0.043515 0.420373 0.477405 0.024376
3 2 0.037477 0.041783 0.383860 0.514329 0.022550
3 3 0.042005 0.045907 0.376647 0.509360 0.026081
3 2 0.043517 0.053947 0.408371 0.460051 0.034114
2 2 0.038522 0.053518 0.441520 0.432236 0.034205
2 2 0.035319 0.049452 0.446425 0.438589 0.030215
3 2 0.032420 0.043883 0.439470 0.459311 0.024916
3 2 0.031447 0.042200 0.437650 0.465295 0.023409
3 2 0.031551 0.043215 0.443250 0.457618 0.024366
3 2 0.034794 0.044241 0.420980 0.474958 0.025026
3 2 0.037197 0.044205 0.401350 0.492454 0.024794
3 2 0.039428 0.040146 0.358633 0.540776 0.021016
3 3 0.039670 0.035653 0.325174 0.582171 0.017333
3 3 0.038824 0.032309 0.304984 0.609052 0.014831
3 2 0.038002 0.030624 0.296612 0.621122 0.013640
3 3 0.041451 0.027798 0.251446 0.667590 0.011715
3 3 0.045438 0.027672 0.229744 0.685507 0.011639
3 3 0.046875 0.028400 0.228708 0.683903 0.012113
3 3 0.046994 0.028353 0.227787 0.684783 0.012083
3 3 0.048677 0.026804 0.208378 0.705036 0.011106
3 3 0.051107 0.025439 0.188350 0.724817 0.010287
3 3 0.056154 0.025564 0.172046 0.735827 0.010410
3 3 0.060914 0.025407 0.157093 0.746221 0.010366
3 3 0.062057 0.024280 0.146742 0.757208 0.009712
3 3 0.059676 0.022590 0.141471 0.767547 0.008717
3 3 0.055705 0.022301 0.150066 0.763415 0.008513
3 3 0.052478 0.022070 0.157959 0.759142 0.008352
3 3 0.050746 0.022685 0.168388 0.749501 0.008679
3 3 0.050946 0.023497 0.174033 0.742382 0.009143
3 3 0.052681 0.024876 0.178496 0.733983 0.009964
3 3 0.054052 0.024033 0.167712 0.744721 0.009482
3 3 0.053716 0.021839 0.152422 0.763786 0.008236
3 3 0.053980 0.020032 0.138021 0.780699 0.007267
3 3 0.056100 0.020064 0.132683 0.783847 0.007305
3 3 0.060483 0.021497 0.132070 0.777829 0.008121
3 3 0.066080 0.023725 0.133787 0.766972 0.009437
3 3 0.075125 0.026673 0.132287 0.754602 0.011312
3 3 0.085525 0.029395 0.127528 0.744365 0.013188
3 3 0.095660 0.030083 0.115411 0.745048 0.013798
3 3 0.098813 0.027480 0.100584 0.760969 0.012154
3 3 0.094250 0.023726 0.089907 0.782323 0.009794
3 3 0.086197 0.020990 0.086556 0.798117 0.008140
3 3 0.081140 0.020537 0.090471 0.800018 0.007834
3 3 0.078371 0.019945 0.091002 0.803197 0.007485
3 3 0.079302 0.019353 0.086695 0.807467 0.007182
3 3 0.083739 0.019374 0.081528 0.808117 0.007242
3 3 0.089859 0.020526 0.080359 0.801329 0.007928
3 3 0.091173 0.021106 0.081622 0.797838 0.008262
3 3 0.093754 0.022274 0.084109 0.790915 0.008948
3 3 0.092936 0.022195 0.084625 0.791350 0.008894
3 3 0.093499 0.022163 0.083891 0.791565 0.008882
3 3 0.092662 0.021775 0.083056 0.793853 0.008653
3 3 0.090415 0.020770 0.080892 0.799856 0.008068
3 3 0.088251 0.019828 0.078814 0.805576 0.007532
3 3 0.087219 0.019387 0.077825 0.808283 0.007286
3 3 0.088942 0.020126 0.079478 0.803753 0.007700
3 3 0.090340 0.020737 0.080820 0.800055 0.008049
3 3 0.091940 0.021449 0.082361 0.795788 0.008462
3 3 0.092869 0.021869 0.083256 0.793297 0.008708
3 3 0.097498 0.024034 0.087731 0.780718 0.010019
3 3 0.090014 0.026090 0.105565 0.767172 0.011158
3 3 0.077827 0.030407 0.146566 0.731457 0.013743
3 3 0.097956 0.048006 0.182005 0.644332 0.027702
3 3 0.138306 0.068088 0.172959 0.571703 0.048944
3 3 0.109156 0.037144 0.124853 0.709801 0.019045
3 3 0.102029 0.026275 0.092135 0.768118 0.011443
3 3 0.100950 0.025730 0.091084 0.771144 0.011091
3 3 0.085371 0.018612 0.076056 0.813101 0.006861
3 3 0.084777 0.018367 0.075488 0.814640 0.006728
3 3 0.085264 0.018568 0.075954 0.813377 0.006837
3 3 0.087876 0.019667 0.078455 0.806559 0.007442
3 3 0.090457 0.020789 0.080933 0.799743 0.008078
3 3 0.091216 0.021125 0.081663 0.797724 0.008273
3 3 0.090406 0.020766 0.080884 0.799879 0.008065
3 3 0.091352 0.021186 0.081794 0.797360 0.008308
3 3 0.093362 0.022094 0.083731 0.791972 0.008841
3 3 0.096679 0.023643 0.086938 0.782963 0.009777
3 3 0.096779 0.023690 0.087035 0.782689 0.009807
3 3 0.095984 0.023313 0.086265 0.784863 0.009575
3 3 0.094285 0.022519 0.084623 0.789479 0.009095
3 3 0.091941 0.021450 0.082361 0.795787 0.008462
3 3 0.090976 0.021018 0.081432 0.798363 0.008211
3 3 0.092596 0.021745 0.082993 0.794030 0.008635
3 3 0.094507 0.022622 0.084837 0.788879 0.009156
3 3 0.095804 0.023228 0.086091 0.785353 0.009524
3 3 0.093144 0.021995 0.083521 0.792558 0.008782
3 3 0.090266 0.020704 0.080749 0.800252 0.008030
3 3 0.087230 0.019392 0.077836 0.808253 0.007289
3 3 0.087680 0.019583 0.078266 0.807076 0.007395
3 3 0.089466 0.020354 0.079980 0.802371 0.007829
3 3 0.091551 0.021275 0.081985 0.796830 0.008360
3 3 0.093702 0.022250 0.084059 0.791055 0.008934
3 3 0.094125 0.022445 0.084468 0.789913 0.009050
3 3 0.096050 0.023344 0.086328 0.784684 0.009594
3 3 0.097079 0.023834 0.087325 0.781867 0.009895
3 3 0.101482 0.025998 0.091603 0.769653 0.011264
3 3 0.111393 0.031311 0.101310 0.741099 0.014887
3 3 0.115618 0.044797 0.142147 0.672141 0.025298
3 2 0.143128 0.078586 0.235654 0.497575 0.045058
3 3 0.105125 0.097483 0.360440 0.373413 0.063538
2 3 0.073237 0.084052 0.443939 0.344514 0.054257
2 3 0.052165 0.066839 0.476488 0.361523 0.042985
2 2 0.044979 0.064370 0.555586 0.296475 0.038590
2 2 0.041157 0.069051 0.654227 0.194462 0.041102
2 2 0.040682 0.080510 0.729754 0.098467 0.050586
2 3 0.035335 0.083199 0.767302 0.059359 0.054805
2 2 0.037577 0.090295 0.747208 0.060627 0.064293
2 3 0.045766 0.104519 0.682536 0.081834 0.085345
2 2 0.053651 0.117082 0.620876 0.100994 0.107397
2 2 0.063526 0.130318 0.554300 0.118443 0.133413
2 2 0.075132 0.139864 0.509237 0.126753 0.149014
2 2 0.084710 0.145426 0.488540 0.126740 0.154584
2 2 0.080705 0.140844 0.520273 0.116676 0.141503
2 2 0.081030 0.141424 0.515874 0.118276 0.143396
2 2 0.073097 0.133697 0.559082 0.106941 0.127183
2 2 0.059986 0.121532 0.613949 0.095686 0.108847
2 2 0.048879 0.110933 0.654038 0.089436 0.096715
2 2 0.046611 0.106345 0.654059 0.101069 0.091915
2 2 0.043533 0.093555 0.673872 0.116952 0.072089
2 2 0.039653 0.089180 0.716029 0.090544 0.064594
2 2 0.035319 0.085904 0.764802 0.055433 0.058543
2 4 0.043073 0.094908 0.735409 0.060188 0.066422
2 4 0.070072 0.129344 0.584783 0.098711 0.117090
2 4 0.131744 0.164397 0.307422 0.150529 0.245908
4 4 0.199332 0.150916 0.126243 0.137432 0.386078
4 4 0.207918 0.143705 0.111991 0.123708 0.412679
4 4 0.204847 0.147205 0.117857 0.130101 0.399990
4 4 0.197043 0.152135 0.129530 0.139990 0.381303
4 4 0.201121 0.151082 0.124737 0.137592 0.385468
4 4 0.201907 0.150295 0.123306 0.136034 0.388459
4 4 0.191614 0.159512 0.141416 0.155715 0.351744
4 4 0.191565 0.164825 0.161014 0.155664 0.326931
4 4 0.186514 0.163956 0.174292 0.149379 0.325859
4 4 0.196736 0.153912 0.137322 0.138964 0.373066
4 1 0.209071 0.142309 0.109734 0.121247 0.417640
4 4 0.213798 0.136025 0.100092 0.110721 0.439364
4 4 0.207972 0.143640 0.111885 0.123592 0.412911
4 4 0.203493 0.148658 0.120385 0.132854 0.394610
4 4 0.200673 0.151269 0.125319 0.137988 0.384751
4 4 0.209520 0.141752 0.108845 0.120277 0.419606
4 4 0.215890 0.132893 0.095575 0.105784 0.449859
4 4 0.221180 0.123573 0.083098 0.092126 0.480024
4 4 0.226856 0.109183 0.066211 0.073593 0.524157
4 4 0.229078 0.099585 0.056277 0.062660 0.552400
4 4 0.228693 0.101703 0.058387 0.064985 0.546231
4 4 0.225611 0.113051 0.070499 0.078305 0.512534
4 4 0.223593 0.118307 0.076613 0.085016 0.496472
4 4 0.221849 0.122196 0.081366 0.090229 0.484360
4 4 0.222876 0.119965 0.078615 0.087212 0.491332
4 4 0.225227 0.114132 0.071729 0.079656 0.509256
4 4 0.228155 0.104232 0.060966 0.067824 0.538822
4 4 0.229277 0.098340 0.055059 0.061318 0.556007
4 4 0.229925 0.092581 0.049613 0.055313 0.572568
4 4 0.229486 0.096859 0.053628 0.059741 0.560285
4 4 0.228470 0.102801 0.059499 0.066208 0.543022
4 4 0.227065 0.108464 0.065432 0.072736 0.526304
4 4 0.225533 0.113276 0.070754 0.078584 0.511853
4 4 0.222137 0.121585 0.080606 0.089396 0.486276
4 4 0.226378 0.110743 0.067920 0.075471 0.519488
4 4 0.227954 0.105086 0.061851 0.068798 0.536311
4 4 0.229063 0.099677 0.056368 0.062761 0.552131
4 4 0.230124 0.086769 0.044429 0.049589 0.589089
4 4 0.227859 0.069577 0.030781 0.034480 0.637303
4 4 0.225501 0.062375 0.025767 0.028912 0.657445
4 4 0.225171 0.061549 0.025218 0.028302 0.659760
4 4 0.226003 0.063697 0.026657 0.029902 0.653741
4 4 0.224464 0.059880 0.024123 0.027085 0.664448
4 4 0.223009 0.056787 0.022151 0.024890 0.673164
4 4 0.225666 0.062800 0.026052 0.029229 0.656254
4 4 0.231475 0.071357 0.031871 0.035129 0.630168
4 4 0.226425 0.064881 0.027466 0.030800 0.650428
4 4 0.226722 0.065756 0.028070 0.031471 0.647981
4 4 0.228447 0.071974 0.032539 0.036430 0.630610
4 4 0.227215 0.067312 0.029160 0.032681 0.643632
4 4 0.224336 0.059589 0.023935 0.026875 0.665265
4 4 0.221909 0.054690 0.020855 0.023447 0.679098
4 4 0.224834 0.060738 0.024683 0.027707 0.662038
4 4 0.228706 0.073173 0.033436 0.037425 0.627259
4 4 0.230106 0.085550 0.043380 0.048429 0.592536
4 4 0.229928 0.092534 0.049571 0.055266 0.572701
4 4 0.228137 0.104310 0.061046 0.067912 0.538595
4 4 0.224381 0.116372 0.074322 0.082502 0.502424
4 4 0.212584 0.137734 0.102635 0.113499 0.433547
4 4 0.184425 0.150214 0.140600 0.137651 0.387110
4 4 0.154035 0.155669 0.185911 0.154536 0.349849
4 4 0.143392 0.158503 0.221483 0.156015 0.320607
4 4 0.136471 0.161243 0.257204 0.155791 0.289291
4 4 0.141036 0.162305 0.248554 0.156506 0.291598
4 4 0.142761 0.162670 0.241483 0.158581 0.294505
4 4 0.149760 0.161489 0.213938 0.160289 0.314524
4 4 0.148253 0.162595 0.221687 0.161197 0.306268
2 4 0.121697 0.162569 0.319663 0.155775 0.240296
2 4 0.109590 0.158632 0.365371 0.148979 0.217427
2 4 0.106908 0.157279 0.366897 0.149287 0.219628
4 4 0.144439 0.157416 0.209023 0.158227 0.330896
4 4 0.180874 0.149819 0.144129 0.137335 0.387842
4 4 0.213120 0.136988 0.101518 0.112279 0.436095
4 4 0.211782 0.138825 0.104288 0.115304 0.429801
4 4 0.209601 0.141651 0.108685 0.120103 0.419960
4 4 0.205102 0.146926 0.117378 0.129580 0.401014
4 4 0.196386 0.147955 0.126220 0.132142 0.397298
4 4 0.166244 0.154489 0.167032 0.149157 0.363077
4 4 0.156292 0.157415 0.184223 0.157878 0.344192
4 4 0.145643 0.162813 0.223763 0.164193 0.303588
2 2 0.116549 0.164080 0.336585 0.162132 0.220655
2 2 0.106104 0.159577 0.392668 0.149194 0.192457
2 2 0.083712 0.142803 0.511544 0.117717 0.144223
2 2 0.075389 0.133366 0.568146 0.101002 0.122097
2 2 0.059237 0.114645 0.658052 0.077593 0.090474
2 2 0.053819 0.107476 0.688937 0.069608 0.080161
2 2 0.050895 0.104143 0.701706 0.066954 0.076301
2 2 0.053812 0.108921 0.680578 0.073098 0.083592
2 2 0.062865 0.120552 0.628648 0.086662 0.101273
2 2 0.077882 0.135997 0.553938 0.104817 0.127367
2 2 0.091861 0.147943 0.486988 0.121058 0.152150
2 2 0.101692 0.154933 0.442090 0.131775 0.169510
2 2 0.118525 0.164215 0.371394 0.147876 0.197990
2 2 0.118782 0.164572 0.365095 0.150344 0.201207
2 2 0.103096 0.156551 0.426314 0.137313 0.176727
2 2 0.090228 0.147344 0.487859 0.122101 0.152468
2 2 0.080772 0.138248 0.543294 0.106787 0.130900
2 2 0.066073 0.123125 0.619022 0.087824 0.103956
2 2 0.052841 0.107522 0.686626 0.071459 0.081552
2 2 0.047216 0.099972 0.717028 0.063965 0.071818
2 2 0.044502 0.095753 0.733927 0.059464 0.066354
2 2 0.043156 0.092345 0.748682 0.054624 0.061193
2 2 0.044937 0.093590 0.745662 0.054261 0.061550
2 2 0.047385 0.096526 0.735271 0.056320 0.064499
2 2 0.054132 0.106250 0.696365 0.066269 0.076985
2 2 0.067345 0.120874 0.636202 0.079580 0.095999
2 2 0.078864 0.130736 0.594558 0.087089 0.108753
2 2 0.074202 0.125460 0.620163 0.080456 0.099718
2 2 0.070452 0.121348 0.638801 0.075955 0.093444
2 2 0.061999 0.112007 0.678269 0.066953 0.080772
2 2 0.055193 0.104428 0.707795 0.060731 0.071853
2 2 0.051113 0.100391 0.721973 0.058473 0.068050
2 2 0.050566 0.100320 0.721443 0.059156 0.068516
2 2 0.053261 0.102582 0.714250 0.059759 0.070148
2 2 0.064607 0.113507 0.674045 0.066535 0.081307
2 2 0.077599 0.125602 0.624563 0.076022 0.096215
2 2 0.060713 0.109472 0.689851 0.063372 0.076592
2 2 0.074515 0.131012 0.583637 0.095244 0.115592
2 2 0.099824 0.155077 0.432875 0.137311 0.174913
2 2 0.141045 0.170988 0.421186 0.110741 0.156041
2 2 0.097727 0.143371 0.539280 0.094746 0.124876
2 2 0.069517 0.114926 0.672885 0.063197 0.079475
2 2 0.098161 0.143959 0.535677 0.095864 0.126338
2 4 0.086968 0.137797 0.560800 0.094350 0.120085
2 2 0.087354 0.140282 0.552706 0.097252 0.122406
2 2 0.075435 0.128834 0.613664 0.081869 0.100197
2 2 0.054902 0.107297 0.692032 0.067371 0.078398
2 2 0.047516 0.096071 0.737738 0.055210 0.063465
2 2 0.050231 0.097887 0.733028 0.054791 0.064063
2 2 0.056899 0.103337 0.715621 0.056249 0.067895
2 2 0.066535 0.113697 0.675651 0.064387 0.079731
2 2 0.071651 0.118632 0.655908 0.068206 0.085603
2 2 0.074428 0.120966 0.646681 0.069717 0.088208
2 2 0.068723 0.114033 0.676553 0.062370 0.078321
2 2 0.056321 0.100813 0.726919 0.052309 0.063637
2 2 0.047925 0.091962 0.757539 0.047043 0.055531
2 2 0.042946 0.088188 0.768032 0.047024 0.053810
2 2 0.044661 0.093210 0.747059 0.053938 0.061132
2 2 0.047797 0.099302 0.721778 0.061465 0.069659
2 2 0.047684 0.100197 0.716776 0.063638 0.071706
2 2 0.047703 0.101100 0.711883 0.065659 0.073655
2 2 0.049684 0.102721 0.707099 0.065820 0.074676
2 2 0.068741 0.121354 0.635838 0.078559 0.095508
2 2 0.084709 0.134326 0.599167 0.080344 0.101453
2 2 0.060354 0.114555 0.661318 0.075238 0.088535
2 3 0.055460 0.109238 0.682186 0.070936 0.082179
2 2 0.057920 0.109663 0.684401 0.067881 0.080135
2 3 0.053315 0.102809 0.713174 0.060146 0.070556
2 3 0.059848 0.110986 0.680398 0.067875 0.080892
2 3 0.065416 0.116931 0.656253 0.073017 0.088383
2 3 0.065028 0.115159 0.665646 0.069550 0.084617
2 3 0.063174 0.113387 0.672560 0.068283 0.082596
2 2 0.058347 0.107402 0.697187 0.062371 0.074693
2 2 0.057870 0.106480 0.701250 0.061141 0.073259
2 2 0.052722 0.099750 0.727520 0.054921 0.065088
2 2 0.047983 0.094211 0.747349 0.050982 0.059475
2 2 0.044173 0.089890 0.762021 0.048365 0.055551
2 2 0.044074 0.090366 0.759682 0.049378 0.056500
2 2 0.040961 0.086066 0.774765 0.046049 0.052160
2 2 0.037255 0.081024 0.791699 0.042537 0.047485
2 2 0.034891 0.077309 0.804267 0.039626 0.043907
2 2 0.035794 0.077617 0.804223 0.038864 0.043503
2 2 0.037895 0.078263 0.804138 0.037150 0.042554
2 2 0.047145 0.092123 0.755851 0.048329 0.056552
2 2 0.055474 0.106673 0.696458 0.065068 0.076327
2 2 0.096888 0.148180 0.498679 0.111958 0.144296
2 1 0.186875 0.189722 0.337934 0.114137 0.171331
2 2 0.135784 0.170125 0.467311 0.095653 0.131127
2 2 0.092186 0.140994 0.578100 0.082925 0.105794
2 2 0.068746 0.118353 0.653428 0.071453 0.088020
2 2 0.067560 0.116106 0.664162 0.068120 0.084053
2 2 0.050484 0.099080 0.727548 0.056767 0.066120
2 2 0.045148 0.094835 0.739850 0.056438 0.063729
2 2 0.040464 0.088682 0.761735 0.051739 0.057379
2 2 0.041157 0.090784 0.752694 0.054813 0.060552
2 2 0.037155 0.085049 0.773059 0.050170 0.054566
2 2 0.038484 0.088976 0.756314 0.055857 0.060370
2 2 0.035515 0.082781 0.765106 0.062224 0.054374
2 2 0.037150 0.080474 0.738135 0.091490 0.052751
2 2 0.036501 0.076425 0.722794 0.114925 0.049355
2 2 0.039120 0.076064 0.683735 0.151319 0.049762
2 2 0.038548 0.074718 0.675306 0.162405 0.049023
2 2 0.038126 0.075412 0.675855 0.160323 0.050284
2 2 0.034431 0.074343 0.720364 0.122267 0.048594
2 2 0.032629 0.073299 0.742320 0.104659 0.047093
2 2 0.031079 0.069252 0.744776 0.111830 0.043063
2 2 0.030571 0.066010 0.732316 0.130895 0.040208
2 2 0.031731 0.066063 0.715014 0.146795 0.040397
2 2 0.032853 0.069569 0.711373 0.141942 0.044263
2 2 0.033822 0.072052 0.701032 0.145604 0.047491
2 2 0.036216 0.075949 0.690203 0.146051 0.051580
2 2 0.036060 0.077182 0.706982 0.127701 0.052075
2 2 0.035415 0.079585 0.724358 0.106163 0.054480
2 2 0.033607 0.077996 0.740344 0.095466 0.052587
2 2 0.033260 0.078660 0.742337 0.092098 0.053646
2 2 0.032965 0.076318 0.729316 0.109476 0.051925
2 2 0.036319 0.077588 0.675119 0.155902 0.055074
2 3 0.041890 0.074518 0.578227 0.252017 0.053348
2 3 0.045709 0.066903 0.464547 0.375072 0.047769
3 3 0.043598 0.051770 0.397368 0.475469 0.031796
3 3 0.039372 0.042633 0.375255 0.519534 0.023206
3 3 0.037187 0.041912 0.386926 0.511291 0.022683
2 3 0.038949 0.059693 0.534542 0.329701 0.037114
2 2 0.035673 0.076013 0.726635 0.112466 0.049214
2 2 0.034623 0.083133 0.777165 0.050916 0.054164
2 2 0.035629 0.080716 0.790497 0.044470 0.048688
2 2 0.037755 0.082181 0.787353 0.043827 0.048884
2 2 0.035631 0.078185 0.801601 0.040034 0.044550
2 2 0.035123 0.077251 0.804843 0.039197 0.043586
2 2 0.033059 0.075386 0.809730 0.039081 0.042744
2 2 0.033096 0.079065 0.793437 0.045647 0.048755
2 2 0.032645 0.073778 0.780270 0.068879 0.044428
2 2 0.034301 0.070646 0.739986 0.112593 0.042474
2 2 0.036348 0.066346 0.693288 0.165396 0.038622
2 2 0.038039 0.062951 0.646852 0.216255 0.035903
2 2 0.037596 0.060738 0.633609 0.233905 0.034152
2 2 0.036146 0.059272 0.632701 0.238601 0.033280
2 2 0.037150 0.060364 0.614719 0.252885 0.034882
2 2 0.038520 0.062173 0.599077 0.263103 0.037126
2 2 0.042261 0.065818 0.588488 0.263298 0.040134
2 2 0.044679 0.071096 0.619266 0.221309 0.043650
2 2 0.042986 0.076310 0.692607 0.141564 0.046532
2 2 0.039175 0.077497 0.747562 0.089288 0.046479
2 2 0.033534 0.073800 0.792580 0.057550 0.042536
2 2 0.031984 0.072695 0.802424 0.051292 0.041606
2 2 0.031738 0.071633 0.800725 0.055089 0.040814
2 2 0.031282 0.070377 0.796822 0.061358 0.040160
2 2 0.030028 0.067731 0.795800 0.068137 0.038304
2 2 0.029851 0.065889 0.783789 0.083215 0.037256
2 2 0.030825 0.063263 0.747631 0.122548 0.035732
2 2 0.031569 0.058882 0.690887 0.185718 0.032944
2 3 0.032539 0.053142 0.589665 0.294739 0.029915
2 2 0.032376 0.048541 0.505427 0.385734 0.027921
2 2 0.032890 0.046329 0.451050 0.442492 0.027239
2 3 0.034135 0.051046 0.503274 0.381346 0.030200
2 3 0.034030 0.056005 0.585518 0.291708 0.032739
2 2 0.033058 0.059779 0.670339 0.202806 0.034018
2 2 0.034128 0.062008 0.694827 0.174256 0.034782
2 2 0.036179 0.066567 0.709684 0.149508 0.038062
2 3 0.042173 0.073073 0.682019 0.158990 0.043745
2 2 0.061805 0.090359 0.605049 0.183698 0.059089
2 2 0.109519 0.127725 0.492737 0.181869 0.088150
2 2 0.154459 0.176073 0.379589 0.132511 0.157368
2 2 0.095421 0.146687 0.514855 0.106406 0.136631
2 2 0.085906 0.136372 0.568949 0.091876 0.116897
2 2 0.061899 0.110740 0.684895 0.064388 0.078078
2 2 0.051364 0.096994 0.738816 0.051581 0.061245
2 2 0.041368 0.085608 0.777382 0.044668 0.050974
2 2 0.040179 0.084944 0.778655 0.045178 0.051044
2 2 0.039036 0.084882 0.777183 0.046766 0.052133
2 2 0.037442 0.082745 0.784330 0.045316 0.050167
2 2 0.036090 0.080027 0.794311 0.042523 0.047049
2 2 0.035111 0.077734 0.802777 0.040022 0.044356
2 3 0.034966 0.078070 0.801120 0.040808 0.045037
2 2 0.036483 0.081605 0.787914 0.044736 0.049262
2 2 0.041581 0.090847 0.753196 0.054213 0.060163
2 2 0.046143 0.098053 0.725130 0.061592 0.069083
2 2 0.055531 0.110543 0.674739 0.073969 0.085218
2 2 0.067278 0.124169 0.614767 0.088538 0.105248
2 4 0.086105 0.143085 0.516212 0.113620 0.140977
2 4 0.114196 0.160022 0.386340 0.139360 0.200081
4 4 0.151842 0.164083 0.235367 0.153815 0.294892
4 4 0.169204 0.161258 0.179290 0.156892 0.333357
4 4 0.192786 0.156258 0.137445 0.148697 0.364814
4 4 0.197312 0.154688 0.131551 0.145002 0.371447
4 1 0.199283 0.152863 0.128049 0.141195 0.378609
4 4 0.194843 0.156856 0.135869 0.149693 0.362739
4 4 0.187047 0.163559 0.151319 0.164012 0.334062
4 4 0.165924 0.171329 0.225403 0.161611 0.275733
2 4 0.148218 0.169366 0.268597 0.157323 0.256496
4 4 0.149724 0.168354 0.258957 0.156962 0.266004
4 4 0.204932 0.147112 0.117698 0.129928 0.400330
4 4 0.218407 0.128753 0.089863 0.099535 0.463442
4 4 0.219428 0.126932 0.087439 0.096882 0.469319
4 4 0.223090 0.119480 0.078025 0.086566 0.492840
4 4 0.223674 0.118112 0.076381 0.084761 0.497071
4 4 0.228682 0.101758 0.058443 0.065046 0.546071
4 4 0.229717 0.079606 0.038445 0.042972 0.609259
4 4 0.230027 0.083461 0.041612 0.046475 0.598425
4 4 0.230057 0.084088 0.042138 0.047057 0.596659
4 4 0.229234 0.076033 0.035622 0.039846 0.619265
4 4 0.229451 0.077471 0.036746 0.041091 0.615241
4 4 0.229860 0.081063 0.039627 0.044280 0.605171
4 4 0.229896 0.092956 0.049958 0.055694 0.571496
4 4 0.228139 0.104303 0.061040 0.067904 0.538614
4 4 0.223159 0.119320 0.077832 0.086353 0.493336
4 4 0.224372 0.116393 0.074346 0.082529 0.502360
4 4 0.229626 0.095726 0.052548 0.058550 0.563549
4 4 0.229919 0.092656 0.049683 0.055390 0.572352
4 4 0.226743 0.109561 0.066623 0.074045 0.523028
4 4 0.226314 0.111717 0.068962 0.076526 0.516482
4 4 0.228449 0.102902 0.059601 0.066321 0.542727
4 4 0.229921 0.092641 0.049668 0.055374 0.572396
4 4 0.229457 0.097078 0.053838 0.059973 0.559654
4 4 0.222677 0.120410 0.079158 0.087808 0.489947
4 4 0.211001 0.139860 0.105878 0.117040 0.426221
2 4 0.129680 0.165716 0.279411 0.168577 0.256616
2 4 0.115584 0.161479 0.313174 0.165086 0.244676
4 4 0.143282 0.163780 0.224521 0.169921 0.298497
4 4 0.232619 0.128690 0.086996 0.090346 0.461348
4 4 0.229007 0.100005 0.056692 0.063117 0.551179
4 4 0.230120 0.087991 0.045494 0.050765 0.585630
4 4 0.224686 0.060389 0.024454 0.027453 0.663018
4 4 0.224671 0.060355 0.024432 0.027429 0.663113
4 4 0.223592 0.057976 0.022901 0.025725 0.669806
4 4 0.228018 0.070191 0.031227 0.034974 0.635590
4 4 0.230037 0.083648 0.041768 0.046648 0.597898
4 4 0.230124 0.087556 0.045113 0.050345 0.586862
4 4 0.230011 0.091252 0.048401 0.053975 0.576361
4 4 0.228911 0.100543 0.057227 0.063706 0.549613
4 4 0.226701 0.109702 0.066776 0.074213 0.522609
4 1 0.225325 0.113860 0.071418 0.079314 0.510082
4 1 0.223091 0.119476 0.078021 0.086561 0.492851
4 1 0.208830 0.142605 0.110209 0.121765 0.416592
4 1 0.197132 0.154924 0.131984 0.145421 0.370538
4 1 0.203366 0.165075 0.145907 0.148605 0.337047
4 1 0.229484 0.179646 0.161243 0.135090 0.294537
4 1 0.214861 0.188830 0.213528 0.140145 0.242637
4 1 0.201588 0.186896 0.227913 0.146717 0.236887
2 1 0.178516 0.180653 0.287786 0.139222 0.213823
2 1 0.131197 0.165054 0.404790 0.124332 0.174626
2 1 0.119212 0.158561 0.450368 0.114598 0.157261
2 1 0.164122 0.171586 0.335018 0.122388 0.206885
0 1 0.253799 0.182027 0.219846 0.097295 0.247034
0 1 0.275266 0.187997 0.183143 0.099323 0.254271
2 1 0.225210 0.193908 0.236699 0.126411 0.217771
2 1 0.210101 0.190983 0.236868 0.138437 0.223612
2 2 0.214405 0.194097 0.261629 0.127829 0.202041
4 1 0.187892 0.181678 0.233554 0.154362 0.242514
2 2 0.150553 0.173542 0.315532 0.146826 0.213547
2 2 0.132123 0.167338 0.374130 0.136168 0.190240
2 2 0.108392 0.154233 0.469309 0.115005 0.153062
2 2 0.099047 0.146034 0.521393 0.100949 0.132577
2 2 0.095264 0.140012 0.559082 0.088690 0.116951
2 2 0.111450 0.147003 0.532227 0.087751 0.121568
2 2 0.151835 0.164020 0.473490 0.084262 0.126394
2 2 0.209991 0.185224 0.383651 0.084632 0.136503
2 2 0.233591 0.195604 0.355412 0.082177 0.133217
2 2 0.263626 0.209462 0.299376 0.086742 0.140794
0 2 0.297157 0.218407 0.254263 0.084697 0.145476
0 2 0.323737 0.220240 0.217548 0.082077 0.156398
0 2 0.324226 0.222246 0.227540 0.079657 0.146332
0 2 0.302313 0.221796 0.259906 0.081466 0.134520
2 1 0.280456 0.213163 0.305230 0.076285 0.124866
2 1 0.253135 0.199802 0.365001 0.068976 0.113086
2 2 0.210502 0.183738 0.430566 0.067401 0.107793
2 2 0.132358 0.152299 0.564577 0.061843 0.088923
2 1 0.105648 0.139000 0.616630 0.058864 0.079858
2 2 0.140528 0.162276 0.550197 0.061166 0.085833
2 1 0.279952 0.206229 0.341334 0.058442 0.114043
0 0 0.508632 0.171384 0.115373 0.036716 0.167895
0 1 0.543449 0.159666 0.090417 0.023034 0.183434
0 1 0.343839 0.207087 0.173256 0.077918 0.197899
0 1 0.237273 0.203841 0.201430 0.138627 0.218828
2 2 0.128896 0.165730 0.443351 0.110284 0.151739
2 2 0.079204 0.131569 0.589606 0.088834 0.110787
2 2 0.055393 0.106837 0.695433 0.065554 0.076782
2 2 0.048171 0.097634 0.731043 0.057346 0.065806
2 2 0.044382 0.092468 0.750203 0.052912 0.060035
2 2 0.043047 0.089802 0.760749 0.049836 0.056565
2 2 0.041866 0.087105 0.771391 0.046612 0.053027
2 2 0.038974 0.082155 0.789210 0.042042 0.047619
2 2 0.036426 0.078729 0.800394 0.039823 0.044627
2 2 0.034141 0.076243 0.807702 0.038926 0.042988
2 2 0.033483 0.077295 0.802141 0.041735 0.045345
2 2 0.033060 0.077881 0.798791 0.043486 0.046781
2 2 0.034105 0.079148 0.794941 0.044074 0.047731
2 2 0.035086 0.079097 0.796825 0.042415 0.046577
2 2 0.036290 0.080385 0.793044 0.042851 0.047429
2 2 0.038264 0.083823 0.780769 0.046012 0.051131
2 2 0.037968 0.083631 0.781163 0.046119 0.051120
2 2 0.039741 0.086011 0.773128 0.047770 0.053350
2 2 0.038941 0.084453 0.778985 0.046127 0.051494
2 2 0.038632 0.083679 0.782004 0.045191 0.050494
2 2 0.038421 0.083489 0.782530 0.045167 0.050393
2 2 0.038602 0.083953 0.780720 0.045731 0.050993
2 2 0.038143 0.083150 0.783623 0.044975 0.050109
2 2 0.038168 0.082387 0.787059 0.043583 0.048803
2 2 0.036881 0.079783 0.796533 0.040950 0.045853
2 2 0.034851 0.077139 0.804935 0.039397 0.043678
2 2 0.032425 0.074477 0.812620 0.038499 0.041978
2 2 0.031624 0.074136 0.812807 0.039152 0.042281
2 2 0.030742 0.073448 0.814292 0.039371 0.042145
2 2 0.031460 0.075945 0.804561 0.042651 0.045384
2 2 0.030925 0.077990 0.793922 0.047602 0.049562
2 2 0.031500 0.080857 0.777508 0.055594 0.054541
2 2 0.033614 0.077842 0.761570 0.076636 0.050338
2 2 0.035270 0.076330 0.749750 0.090633 0.048017
2 2 0.035961 0.073504 0.736957 0.108645 0.044933
2 2 0.035738 0.071770 0.728181 0.120729 0.043582
2 2 0.036957 0.070776 0.682834 0.164978 0.044455
2 2 0.037623 0.066317 0.597382 0.255321 0.043355
2 2 0.037807 0.057728 0.465531 0.399762 0.039172
3 2 0.040094 0.050806 0.416625 0.461370 0.031104
3 2 0.044791 0.045834 0.358157 0.525351 0.025867
