2 0 0.177724 0.136429 0.354768 0.160833 0.170246
2 0 0.197420 0.160390 0.291205 0.141584 0.209401
4 0 0.216189 0.188466 0.218949 0.116123 0.260273
4 0 0.216189 0.188466 0.218949 0.116123 0.260273
4 0 0.216189 0.188466 0.218949 0.116123 0.260273
4 0 0.216189 0.188466 0.218949 0.116123 0.260273
4 0 0.216189 0.188466 0.218949 0.116123 0.260273
4 0 0.216189 0.188466 0.218949 0.116123 0.260273
4 0 0.216189 0.188466 0.218949 0.116123 0.260273
4 0 0.216189 0.188466 0.218949 0.116123 0.260273
4 0 0.216189 0.188466 0.218949 0.116123 0.260273
4 0 0.216189 0.188466 0.218949 0.116123 0.260273
4 0 0.216189 0.188466 0.218949 0.116123 0.260273
4 0 0.216189 0.188466 0.218949 0.116123 0.260273
4 0 0.216189 0.188466 0.218949 0.116123 0.260273
4 0 0.216189 0.188466 0.218949 0.116123 0.260273
4 0 0.216189 0.188466 0.218949 0.116123 0.260273
4 0 0.216189 0.188466 0.218949 0.116123 0.260273
4 0 0.216189 0.188466 0.218949 0.116123 0.260273
4 0 0.216189 0.188466 0.218949 0.116123 0.260273
4 0 0.216189 0.188466 0.218949 0.116123 0.260273
4 0 0.216189 0.188466 0.218949 0.116123 0.260273
4 0 0.216189 0.188466 0.218949 0.116123 0.260273
4 0 0.216189 0.188466 0.218949 0.116123 0.260273
4 0 0.216189 0.188466 0.218949 0.116123 0.260273
4 0 0.216189 0.188466 0.218949 0.116123 0.260273
4 0 0.216189 0.188466 0.218949 0.116123 0.260273
4 0 0.216189 0.188466 0.218949 0.116123 0.260273
4 0 0.216189 0.188466 0.218949 0.116123 0.260273
4 0 0.216189 0.188466 0.218949 0.116123 0.260273
4 0 0.216189 0.188466 0.218949 0.116123 0.260273
4 0 0.216189 0.188466 0.218949 0.116123 0.260273
4 0 0.216189 0.188466 0.218949 0.116123 0.260273
4 0 0.216189 0.188466 0.218949 0.116123 0.260273
4 0 0.216189 0.188466 0.218949 0.116123 0.260273
4 0 0.216189 0.188466 0.218949 0.116123 0.260273
4 0 0.216189 0.188466 0.218949 0.116123 0.260273
4 0 0.216189 0.188466 0.218949 0.116123 0.260273
4 0 0.216189 0.188466 0.218949 0.116123 0.260273
4 0 0.216189 0.188466 0.218949 0.116123 0.260273
4 0 0.216189 0.188466 0.218949 0.116123 0.260273
4 0 0.216189 0.188466 0.218949 0.116123 0.260273
4 0 0.216189 0.188466 0.218949 0.116123 0.260273
4 0 0.215005 0.186417 0.224158 0.118091 0.256330
4 0 0.216189 0.188466 0.218949 0.116123 0.260273
4 0 0.216189 0.188466 0.218949 0.116123 0.260273
4 0 0.216189 0.188466 0.218949 0.116123 0.260273
4 0 0.216189 0.188466 0.218949 0.116123 0.260273
4 0 0.216189 0.188466 0.218949 0.116123 0.260273
4 0 0.216189 0.188466 0.218949 0.116123 0.260273
4 0 0.216189 0.188466 0.218949 0.116123 0.260273
4 0 0.216189 0.188466 0.218949 0.116123 0.260273
4 0 0.216189 0.188466 0.218949 0.116123 0.260273
4 0 0.216189 0.188466 0.218949 0.116123 0.260273
4 0 0.216189 0.188466 0.218949 0.116123 0.260273
4 0 0.216189 0.188466 0.218949 0.116123 0.260273
4 0 0.216189 0.188466 0.218949 0.116123 0.260273
4 0 0.216189 0.188466 0.218949 0.116123 0.260273
4 0 0.216189 0.188466 0.218949 0.116123 0.260273
4 0 0.216189 0.188466 0.218949 0.116123 0.260273
4 0 0.216189 0.188466 0.218949 0.116123 0.260273
4 0 0.216189 0.188466 0.218949 0.116123 0.260273
4 0 0.216189 0.188466 0.218949 0.116123 0.260273
4 0 0.216189 0.188466 0.218949 0.116123 0.260273
4 0 0.216189 0.188466 0.218949 0.116123 0.260273
4 0 0.216189 0.188466 0.218949 0.116123 0.260273
4 0 0.216189 0.188466 0.218949 0.116123 0.260273
4 0 0.216189 0.188466 0.218949 0.116123 0.260273
4 0 0.216189 0.188466 0.218949 0.116123 0.260273
4 0 0.216189 0.188466 0.218949 0.116123 0.260273
4 0 0.216189 0.188466 0.218949 0.116123 0.260273
4 0 0.216189 0.188466 0.218949 0.116123 0.260273
4 0 0.216189 0.188466 0.218949 0.116123 0.260273
4 0 0.216189 0.188466 0.218949 0.116123 0.260273
4 0 0.216189 0.188466 0.218949 0.116123 0.260273
4 0 0.216189 0.188466 0.218949 0.116123 0.260273
4 0 0.216189 0.188466 0.218949 0.116123 0.260273
4 0 0.216189 0.188466 0.218949 0.116123 0.260273
4 0 0.216189 0.188466 0.218949 0.116123 0.260273
4 0 0.216189 0.188466 0.218949 0.116123 0.260273
4 0 0.216189 0.188466 0.218949 0.116123 0.260273
4 0 0.216189 0.188466 0.218949 0.116123 0.260273
4 0 0.216189 0.188466 0.218949 0.116123 0.260273
4 0 0.216189 0.188466 0.218949 0.116123 0.260273
4 0 0.216189 0.188466 0.218949 0.116123 0.260273
4 0 0.216189 0.188466 0.218949 0.116123 0.260273
4 0 0.216189 0.188466 0.218949 0.116123 0.260273
4 0 0.216189 0.188466 0.218949 0.116123 0.260273
4 0 0.216189 0.188466 0.218949 0.116123 0.260273
4 0 0.216189 0.188466 0.218949 0.116123 0.260273
4 0 0.216189 0.188466 0.218949 0.116123 0.260273
4 0 0.216189 0.188466 0.218949 0.116123 0.260273
4 0 0.216189 0.188466 0.218949 0.116123 0.260273
4 0 0.216189 0.188466 0.218949 0.116123 0.260273
4 0 0.216189 0.188466 0.218949 0.116123 0.260273
4 0 0.216189 0.188466 0.218949 0.116123 0.260273
4 0 0.216189 0.188466 0.218949 0.116123 0.260273
4 0 0.216189 0.188466 0.218949 0.116123 0.260273
4 0 0.216189 0.188466 0.218949 0.116123 0.260273
4 0 0.216189 0.188466 0.218949 0.116123 0.260273
4 0 0.216189 0.188466 0.218949 0.116123 0.260273
4 0 0.214373 0.185346 0.226884 0.119112 0.254286
4 0 0.216189 0.188466 0.218949 0.116123 0.260273
4 0 0.216189 0.188466 0.218949 0.116123 0.260273
4 0 0.216189 0.188466 0.218949 0.116123 0.260273
4 0 0.216189 0.188466 0.218949 0.116123 0.260273
4 0 0.216189 0.188466 0.218949 0.116123 0.260273
4 0 0.216189 0.188466 0.218949 0.116123 0.260273
4 0 0.216189 0.188466 0.218949 0.116123 0.260273
4 0 0.216189 0.188466 0.218949 0.116123 0.260273
4 0 0.216189 0.188466 0.218949 0.116123 0.260273
4 0 0.216189 0.188466 0.218949 0.116123 0.260273
4 0 0.216189 0.188466 0.218949 0.116123 0.260273
4 0 0.216189 0.188466 0.218949 0.116123 0.260273
4 0 0.216189 0.188466 0.218949 0.116123 0.260273
4 0 0.216189 0.188466 0.218949 0.116123 0.260273
2 0 0.201819 0.166338 0.275721 0.136453 0.219669
4 0 0.213610 0.184072 0.230130 0.120321 0.251868
4 0 0.216189 0.188466 0.218949 0.116123 0.260273
4 0 0.216189 0.188466 0.218949 0.116123 0.260273
4 0 0.216189 0.188466 0.218949 0.116123 0.260273
4 0 0.216189 0.188466 0.218949 0.116123 0.260273
4 0 0.216189 0.188466 0.218949 0.116123 0.260273
4 0 0.216189 0.188466 0.218949 0.116123 0.260273
4 0 0.216189 0.188466 0.218949 0.116123 0.260273
4 0 0.216189 0.188466 0.218949 0.116123 0.260273
4 0 0.216189 0.188466 0.218949 0.116123 0.260273
4 0 0.216189 0.188466 0.218949 0.116123 0.260273
4 0 0.216189 0.188466 0.218949 0.116123 0.260273
4 0 0.216189 0.188466 0.218949 0.116123 0.260273
4 0 0.216189 0.188466 0.218949 0.116123 0.260273
4 0 0.216189 0.188466 0.218949 0.116123 0.260273
4 0 0.216189 0.188466 0.218949 0.116123 0.260273
4 0 0.216189 0.188466 0.218949 0.116123 0.260273
4 0 0.216189 0.188466 0.218949 0.116123 0.260273
4 0 0.216189 0.188466 0.218949 0.116123 0.260273
4 0 0.216189 0.188466 0.218949 0.116123 0.260273
4 0 0.216189 0.188466 0.218949 0.116123 0.260273
4 0 0.216189 0.188466 0.218949 0.116123 0.260273
4 0 0.216189 0.188466 0.218949 0.116123 0.260273
4 0 0.216189 0.188466 0.218949 0.116123 0.260273
4 0 0.216189 0.188466 0.218949 0.116123 0.260273
4 0 0.216189 0.188466 0.218949 0.116123 0.260273
4 0 0.216189 0.188466 0.218949 0.116123 0.260273
4 0 0.216189 0.188466 0.218949 0.116123 0.260273
4 0 0.216189 0.188466 0.218949 0.116123 0.260273
4 0 0.216189 0.188466 0.218949 0.116123 0.260273
4 0 0.216189 0.188466 0.218949 0.116123 0.260273
4 0 0.216189 0.188466 0.218949 0.116123 0.260273
4 0 0.216189 0.188466 0.218949 0.116123 0.260273
4 0 0.216189 0.188466 0.218949 0.116123 0.260273
4 0 0.216189 0.188466 0.218949 0.116123 0.260273
4 0 0.216189 0.188466 0.218949 0.116123 0.260273
4 0 0.216189 0.188466 0.218949 0.116123 0.260273
4 0 0.216189 0.188466 0.218949 0.116123 0.260273
4 0 0.216189 0.188466 0.218949 0.116123 0.260273
4 0 0.216189 0.188466 0.218949 0.116123 0.260273
4 0 0.216189 0.188466 0.218949 0.116123 0.260273
4 0 0.216189 0.188466 0.218949 0.116123 0.260273
4 0 0.216189 0.188466 0.218949 0.116123 0.260273
4 0 0.216189 0.188466 0.218949 0.116123 0.260273
4 0 0.216189 0.188466 0.218949 0.116123 0.260273
4 0 0.216189 0.188466 0.218949 0.116123 0.260273
4 0 0.216189 0.188466 0.218949 0.116123 0.260273
4 0 0.216189 0.188466 0.218949 0.116123 0.260273
4 0 0.216189 0.188466 0.218949 0.116123 0.260273
4 0 0.216189 0.188466 0.218949 0.116123 0.260273
4 1 0.216189 0.188466 0.218949 0.116123 0.260273
2 1 0.153497 0.245077 0.312498 0.122719 0.166210
2 2 0.110213 0.246152 0.395157 0.103888 0.144591
2 2 0.080279 0.195515 0.472617 0.070767 0.180822
2 1 0.043710 0.162447 0.598241 0.045635 0.149968
2 2 0.030124 0.126547 0.700128 0.042190 0.101012
2 2 0.037687 0.140209 0.649778 0.045082 0.127244
2 2 0.057235 0.160134 0.538426 0.050180 0.194024
2 2 0.087447 0.148042 0.421840 0.056651 0.286019
2 2 0.102609 0.145676 0.377054 0.060505 0.314157
2 1 0.117457 0.154161 0.350724 0.068228 0.309431
2 1 0.113810 0.163122 0.367146 0.070582 0.285341
2 1 0.115509 0.164336 0.364270 0.071604 0.284281
2 1 0.145291 0.167317 0.307074 0.082310 0.298008
2 1 0.125056 0.158084 0.338137 0.072121 0.306602
4 1 0.159936 0.173010 0.286506 0.089529 0.291019
4 1 0.206693 0.186498 0.229266 0.111756 0.265787
4 1 0.216189 0.188466 0.218949 0.116123 0.260273
4 1 0.216189 0.188466 0.218949 0.116123 0.260273
4 0 0.216189 0.188466 0.218949 0.116123 0.260273
4 0 0.216189 0.188466 0.218949 0.116123 0.260273
4 1 0.216189 0.188466 0.218949 0.116123 0.260273
2 1 0.172913 0.228485 0.282982 0.122076 0.193544
2 1 0.086515 0.285184 0.429661 0.109473 0.089167
2 2 0.042448 0.255493 0.569500 0.072659 0.059899
2 2 0.019903 0.150718 0.743054 0.049955 0.036370
2 2 0.009186 0.061173 0.873686 0.039834 0.016122
2 2 0.005619 0.030667 0.916351 0.040090 0.007272
2 2 0.005331 0.023904 0.919835 0.045340 0.005591
2 2 0.005609 0.021498 0.916553 0.051249 0.005091
2 2 0.006822 0.021290 0.903481 0.063260 0.005148
2 2 0.009005 0.021969 0.877817 0.085856 0.005353
2 2 0.011515 0.023052 0.834403 0.125322 0.005708
2 2 0.014584 0.024461 0.787525 0.166840 0.006589
2 2 0.017895 0.024888 0.741862 0.207066 0.008290
2 2 0.020670 0.026126 0.718475 0.224693 0.010035
2 2 0.023134 0.029228 0.726468 0.209843 0.011327
2 1 0.028535 0.037964 0.736680 0.181060 0.015761
2 2 0.051161 0.074101 0.688145 0.150435 0.036158
2 2 0.069775 0.116041 0.612325 0.140566 0.061293
2 1 0.081897 0.158800 0.547563 0.135402 0.076338
2 2 0.049579 0.183167 0.613616 0.103000 0.050639
2 2 0.018744 0.135135 0.760086 0.062963 0.023072
2 2 0.012546 0.088207 0.828469 0.055500 0.015278
2 2 0.010572 0.046854 0.868649 0.063935 0.009989
2 2 0.012028 0.028821 0.848854 0.102706 0.007591
2 2 0.013676 0.020400 0.783590 0.176366 0.005968
2 2 0.015816 0.019245 0.729063 0.228771 0.007106
2 2 0.018156 0.019477 0.619921 0.334000 0.008446
2 2 0.020651 0.020537 0.533931 0.414827 0.010054
3 2 0.020932 0.018961 0.444680 0.505012 0.010415
3 2 0.023754 0.020743 0.391593 0.551457 0.012452
3 3 0.029373 0.025046 0.351033 0.577914 0.016634
3 3 0.030286 0.025058 0.293217 0.633634 0.017805
3 3 0.029126 0.023657 0.243657 0.686118 0.017443
3 3 0.028379 0.024140 0.210430 0.719700 0.017352
3 3 0.024172 0.021731 0.166620 0.772648 0.014829
3 3 0.021357 0.020404 0.130654 0.814274 0.013311
3 3 0.021756 0.021857 0.112242 0.830063 0.014083
3 3 0.024012 0.024838 0.106674 0.828350 0.016126
3 3 0.030271 0.031297 0.117987 0.799183 0.021261
3 3 0.034212 0.034715 0.131747 0.774997 0.024329
3 3 0.031180 0.030663 0.139921 0.776980 0.021257
3 3 0.026272 0.025124 0.142145 0.789515 0.016944
3 3 0.026882 0.025403 0.148920 0.781543 0.017252
3 3 0.033481 0.031589 0.163591 0.748989 0.022350
3 3 0.038039 0.036582 0.162152 0.736869 0.026358
3 3 0.035264 0.035119 0.141128 0.763845 0.024643
3 3 0.028953 0.030403 0.110001 0.810409 0.020234
3 3 0.027898 0.029954 0.100811 0.821666 0.019672
3 3 0.027411 0.029962 0.094456 0.828645 0.019526
3 3 0.025417 0.027920 0.089948 0.838811 0.017905
3 3 0.021280 0.023694 0.079566 0.860827 0.014633
3 3 0.017327 0.019534 0.069614 0.881938 0.011587
3 3 0.015158 0.017284 0.063102 0.894457 0.009999
3 3 0.016679 0.018860 0.067726 0.885641 0.011094
3 3 0.016627 0.018717 0.068563 0.885123 0.010969
3 3 0.015959 0.017975 0.067115 0.888519 0.010432
3 3 0.016572 0.018935 0.065165 0.888295 0.011034
3 3 0.020705 0.023996 0.068905 0.871842 0.014552
3 3 0.024015 0.028340 0.069405 0.860636 0.017605
3 3 0.023719 0.028388 0.065902 0.864448 0.017543
3 3 0.023008 0.027107 0.068434 0.864762 0.016689
3 3 0.032459 0.035608 0.100155 0.807996 0.023781
3 3 0.048155 0.048707 0.151522 0.715476 0.036140
3 3 0.060359 0.057370 0.198233 0.638233 0.045805
3 3 0.066283 0.059532 0.241032 0.583349 0.049803
3 2 0.068332 0.057594 0.290453 0.533799 0.049822
3 2 0.064941 0.056118 0.389849 0.444431 0.044661
2 2 0.045659 0.055289 0.556636 0.314364 0.028051
2 1 0.033897 0.054655 0.687114 0.204848 0.019486
2 2 0.023134 0.045668 0.748722 0.169059 0.013417
2 2 0.020117 0.039185 0.767264 0.161718 0.011715
2 2 0.026526 0.041790 0.725253 0.191309 0.015121
2 2 0.030525 0.040576 0.637367 0.274915 0.016617
2 2 0.035842 0.042298 0.569993 0.331508 0.020359
2 2 0.042718 0.047428 0.560404 0.324131 0.025319
2 2 0.055417 0.060818 0.588104 0.260415 0.035246
2 2 0.077511 0.089705 0.586100 0.192223 0.054460
2 2 0.089790 0.152352 0.532496 0.150565 0.074798
2 2 0.034654 0.141755 0.694715 0.094296 0.034579
2 2 0.017885 0.096899 0.795063 0.071445 0.018708
2 2 0.016363 0.060694 0.829953 0.077728 0.015262
2 3 0.020066 0.043100 0.805813 0.116229 0.014791
2 3 0.025136 0.034819 0.729415 0.196909 0.013721
2 2 0.025390 0.030268 0.653921 0.277464 0.012957
2 2 0.027297 0.028990 0.558151 0.371281 0.014281
3 2 0.024078 0.023920 0.469755 0.469869 0.012378
3 2 0.023177 0.021172 0.410374 0.533347 0.011930
3 3 0.026982 0.023670 0.403956 0.530957 0.014435
3 2 0.032292 0.027806 0.396991 0.524844 0.018067
3 2 0.043113 0.040810 0.383072 0.506379 0.026626
3 2 0.041959 0.046643 0.377863 0.507163 0.026371
3 2 0.041335 0.045942 0.370865 0.515909 0.025949
3 2 0.028685 0.028352 0.311156 0.615325 0.016483
3 2 0.022758 0.019145 0.232363 0.713015 0.012719
3 2 0.019283 0.016214 0.185587 0.768180 0.010736
3 3 0.022117 0.019599 0.167410 0.777802 0.013072
3 3 0.029218 0.026667 0.171548 0.753989 0.018578
3 3 0.040738 0.036399 0.208208 0.687300 0.027355
3 3 0.047583 0.041020 0.244298 0.634841 0.032259
3 3 0.058985 0.047025 0.324044 0.529924 0.040022
2 2 0.081562 0.064963 0.421763 0.373013 0.058699
2 2 0.100511 0.114816 0.483876 0.220068 0.080729
2 2 0.073925 0.119275 0.564740 0.186345 0.055715
2 2 0.071723 0.105533 0.574805 0.195252 0.052687
2 2 0.055237 0.062535 0.534709 0.311198 0.036321
3 2 0.033934 0.033817 0.436470 0.476320 0.019460
3 2 0.023590 0.021769 0.356581 0.585602 0.012459
3 2 0.023767 0.022470 0.403079 0.538355 0.012329
2 2 0.029830 0.029238 0.491750 0.433172 0.016010
2 2 0.052078 0.051918 0.591224 0.272545 0.032234
2 1 0.113460 0.105849 0.498947 0.191745 0.090000
2 1 0.171711 0.168274 0.340339 0.147614 0.172062
2 2 0.202185 0.190684 0.250921 0.124199 0.232011
4 1 0.203434 0.200712 0.237658 0.118532 0.239664
2 2 0.201103 0.202724 0.241277 0.119001 0.235896
2 1 0.169942 0.212423 0.304768 0.129660 0.183207
2 1 0.135305 0.244458 0.354420 0.127132 0.138685
2 2 0.048047 0.198534 0.605175 0.095034 0.053210
2 2 0.029781 0.152125 0.703931 0.080099 0.034064
2 2 0.021047 0.078341 0.795289 0.086054 0.019269
2 2 0.018041 0.046664 0.821949 0.100635 0.012711
2 2 0.013868 0.029293 0.825528 0.123746 0.007564
2 2 0.011844 0.026825 0.841751 0.113157 0.006423
2 2 0.009587 0.028320 0.873938 0.082012 0.006142
2 2 0.007457 0.026561 0.896072 0.064185 0.005725
2 2 0.007433 0.027326 0.899568 0.059178 0.006495
2 2 0.007718 0.029062 0.898748 0.057163 0.007309
2 2 0.008897 0.039091 0.887116 0.055340 0.009555
2 1 0.010912 0.057784 0.863755 0.054066 0.013483
2 1 0.012766 0.080881 0.836005 0.052988 0.017361
2 1 0.012185 0.092585 0.828410 0.049494 0.017326
2 2 0.010981 0.091065 0.836136 0.044963 0.016855
2 2 0.009260 0.067830 0.865528 0.043533 0.013850
2 2 0.007704 0.045220 0.892527 0.044142 0.010407
2 2 0.006579 0.033521 0.906404 0.045803 0.007693
2 2 0.006461 0.031836 0.906898 0.047823 0.006981
2 2 0.006672 0.031113 0.904368 0.051214 0.006634
2 2 0.007508 0.029967 0.897839 0.057929 0.006757
2 2 0.008106 0.026202 0.891530 0.068102 0.006060
2 2 0.008679 0.024911 0.885758 0.074559 0.006093
2 2 0.009251 0.026160 0.882104 0.075712 0.006774
2 2 0.010796 0.030119 0.874985 0.075349 0.008752
2 0 0.017858 0.046414 0.832847 0.087468 0.015411
2 1 0.078053 0.146508 0.567194 0.135967 0.072278
2 2 0.070633 0.205491 0.537115 0.114745 0.072016
2 2 0.037647 0.193147 0.641738 0.083070 0.044399
2 2 0.023227 0.134094 0.744515 0.068978 0.029186
2 2 0.021887 0.106124 0.775579 0.067397 0.029014
2 2 0.017468 0.067143 0.825653 0.069318 0.020418
2 2 0.017808 0.067736 0.823293 0.070780 0.020384
2 1 0.019822 0.081915 0.802617 0.073139 0.022507
2 1 0.013754 0.078303 0.831887 0.059566 0.016490
2 2 0.009983 0.071835 0.856274 0.048977 0.012930
2 2 0.007270 0.054909 0.885631 0.042622 0.009567
2 2 0.006048 0.038421 0.906148 0.041929 0.007454
2 2 0.005733 0.029014 0.913960 0.045014 0.006280
2 2 0.006122 0.026066 0.910483 0.051580 0.005749
2 2 0.006697 0.027181 0.903987 0.056312 0.005823
2 2 0.006695 0.027892 0.903782 0.055734 0.005897
2 2 0.006680 0.026486 0.904762 0.056240 0.005832
2 2 0.007004 0.025761 0.902425 0.058889 0.005921
2 2 0.006944 0.024524 0.903375 0.059362 0.005794
2 2 0.008670 0.027326 0.891478 0.065187 0.007340
2 2 0.012587 0.033931 0.866531 0.076096 0.010854
2 2 0.021942 0.045479 0.814831 0.099774 0.017975
2 1 0.076215 0.084632 0.612907 0.171904 0.054342
2 1 0.177366 0.136024 0.355860 0.161138 0.169612
4 1 0.215905 0.187968 0.220213 0.116602 0.259312
4 1 0.216189 0.188466 0.218949 0.116123 0.260273
2 2 0.132512 0.262038 0.345306 0.121935 0.138209
2 2 0.165587 0.234843 0.294040 0.122468 0.183062
2 2 0.027181 0.129671 0.734515 0.073877 0.034755
2 2 0.012679 0.072015 0.845718 0.050675 0.018913
2 2 0.009690 0.055790 0.873688 0.047116 0.013716
2 2 0.008477 0.056505 0.880215 0.041717 0.013087
2 2 0.007298 0.048893 0.892474 0.040714 0.010620
2 2 0.006846 0.046231 0.897550 0.039245 0.010128
2 2 0.006553 0.041495 0.903106 0.039376 0.009469
2 2 0.006817 0.039562 0.903163 0.040763 0.009695
2 2 0.006745 0.035493 0.906292 0.042396 0.009074
2 2 0.006400 0.030655 0.910631 0.044548 0.007767
2 2 0.006246 0.027696 0.911212 0.048234 0.006612
2 2 0.006451 0.027006 0.907882 0.052556 0.006105
2 2 0.007294 0.027930 0.899082 0.059501 0.006193
2 2 0.009026 0.029028 0.884800 0.070243 0.006903
2 2 0.012561 0.030737 0.854129 0.094030 0.008543
2 2 0.017697 0.034453 0.812573 0.124309 0.010969
2 2 0.024408 0.040403 0.758536 0.162904 0.013748
2 2 0.029591 0.044437 0.709578 0.200390 0.016003
2 2 0.028166 0.044253 0.708709 0.203618 0.015253
2 2 0.030547 0.046410 0.700892 0.204894 0.017258
2 2 0.032124 0.045953 0.688663 0.214137 0.019122
2 2 0.032038 0.044092 0.707831 0.195941 0.020098
2 2 0.034543 0.044218 0.705390 0.194171 0.021678
2 2 0.048879 0.056436 0.663773 0.199398 0.031514
2 1 0.107875 0.110972 0.521343 0.176661 0.083149
2 1 0.171663 0.174485 0.335014 0.144902 0.173936
2 1 0.134018 0.226916 0.372535 0.133152 0.133379
2 2 0.064810 0.232383 0.529078 0.105827 0.067902
2 2 0.035165 0.214642 0.630373 0.073152 0.046668
2 2 0.019705 0.156341 0.738840 0.053780 0.031334
2 2 0.011910 0.097772 0.826450 0.043766 0.020102
2 2 0.007888 0.059894 0.880920 0.038166 0.013132
2 2 0.006595 0.045551 0.900439 0.036936 0.010479
2 2 0.006306 0.040598 0.905894 0.037683 0.009519
2 2 0.007578 0.044290 0.895122 0.042013 0.010997
2 2 0.008416 0.043347 0.890495 0.046372 0.011371
2 2 0.009595 0.039407 0.884695 0.055332 0.010970
2 2 0.010046 0.033543 0.881703 0.065451 0.009256
2 2 0.010099 0.031250 0.879786 0.070526 0.008339
2 2 0.010229 0.030700 0.877955 0.073049 0.008067
2 1 0.011299 0.036325 0.869832 0.073137 0.009407
2 1 0.015968 0.056796 0.834372 0.078247 0.014618
2 1 0.020696 0.088241 0.790637 0.079708 0.020718
2 2 0.024588 0.124563 0.745814 0.078376 0.026659
2 2 0.017811 0.103528 0.790349 0.068885 0.019426
2 2 0.014694 0.079599 0.823489 0.066979 0.015238
2 2 0.011282 0.047668 0.862916 0.068021 0.010113
2 2 0.009611 0.035898 0.878014 0.068703 0.007774
2 2 0.008056 0.029698 0.891306 0.064506 0.006434
2 2 0.006679 0.027443 0.904936 0.054906 0.006036
2 2 0.006619 0.027800 0.908868 0.049719 0.006994
2 2 0.008035 0.030654 0.900741 0.051178 0.009391
2 2 0.012672 0.035306 0.871999 0.066233 0.013790
2 2 0.029587 0.044432 0.784262 0.118776 0.022942
2 0 0.169041 0.126858 0.380765 0.167863 0.155472
4 0 0.216189 0.188466 0.218949 0.116123 0.260273
4 0 0.216189 0.188466 0.218949 0.116123 0.260273
4 0 0.216189 0.188466 0.218949 0.116123 0.260273
4 0 0.216189 0.188466 0.218949 0.116123 0.260273
4 0 0.216189 0.188466 0.218949 0.116123 0.260273
4 0 0.216189 0.188466 0.218949 0.116123 0.260273
4 0 0.216189 0.188466 0.218949 0.116123 0.260273
4 0 0.216189 0.188466 0.218949 0.116123 0.260273
4 0 0.216189 0.188466 0.218949 0.116123 0.260273
4 0 0.216189 0.188466 0.218949 0.116123 0.260273
4 0 0.216189 0.188466 0.218949 0.116123 0.260273
4 0 0.216189 0.188466 0.218949 0.116123 0.260273
4 0 0.216189 0.188466 0.218949 0.116123 0.260273
4 0 0.216189 0.188466 0.218949 0.116123 0.260273
4 0 0.216189 0.188466 0.218949 0.116123 0.260273
4 0 0.216189 0.188466 0.218949 0.116123 0.260273
4 0 0.216189 0.188466 0.218949 0.116123 0.260273
4 0 0.216189 0.188466 0.218949 0.116123 0.260273
4 0 0.216189 0.188466 0.218949 0.116123 0.260273
4 0 0.216189 0.188466 0.218949 0.116123 0.260273
4 0 0.216189 0.188466 0.218949 0.116123 0.260273
4 0 0.216189 0.188466 0.218949 0.116123 0.260273
4 0 0.216189 0.188466 0.218949 0.116123 0.260273
4 0 0.216189 0.188466 0.218949 0.116123 0.260273
4 0 0.216189 0.188466 0.218949 0.116123 0.260273
4 1 0.216189 0.188466 0.218949 0.116123 0.260273
4 1 0.216189 0.188466 0.218949 0.116123 0.260273
4 0 0.216189 0.188466 0.218949 0.116123 0.260273
4 1 0.215623 0.188510 0.219027 0.119114 0.257726
4 1 0.215335 0.188524 0.219057 0.120621 0.256462
4 1 0.215441 0.188520 0.219047 0.120069 0.256924
4 1 0.216129 0.188471 0.218958 0.116445 0.259996
4 0 0.216189 0.188466 0.218949 0.116123 0.260273
4 1 0.216189 0.188466 0.218949 0.116123 0.260273
4 1 0.216189 0.188466 0.218949 0.116123 0.260273
4 1 0.216189 0.188466 0.218949 0.116123 0.260273
4 1 0.214568 0.188540 0.219109 0.124580 0.253204
4 1 0.213048 0.188480 0.219103 0.132235 0.247133
4 1 0.212527 0.188436 0.219072 0.134812 0.245154
4 1 0.212680 0.188450 0.219083 0.134057 0.245730
4 1 0.213449 0.188507 0.219118 0.130238 0.248689
4 1 0.215839 0.188495 0.219000 0.117977 0.258688
4 0 0.216189 0.188466 0.218949 0.116123 0.260273
4 0 0.216189 0.188466 0.218949 0.116123 0.260273
4 1 0.216189 0.188466 0.218949 0.116123 0.260273
4 1 0.216189 0.188466 0.218949 0.116123 0.260273
4 1 0.216189 0.188466 0.218949 0.116123 0.260273
4 1 0.216104 0.188474 0.218962 0.116574 0.259885
4 1 0.215941 0.188488 0.218986 0.117443 0.259143
4 1 0.207784 0.186736 0.228062 0.112260 0.265159
4 1 0.178295 0.179105 0.262636 0.098402 0.281562
4 1 0.177631 0.178904 0.263466 0.098084 0.281916
4 1 0.184704 0.185329 0.256785 0.103679 0.269503
4 1 0.206168 0.196228 0.233127 0.116995 0.247482
4 1 0.212703 0.191795 0.223970 0.117160 0.254372
4 1 0.212073 0.187712 0.223174 0.115543 0.261497
4 1 0.186259 0.181417 0.252871 0.102192 0.277261
4 1 0.170875 0.176774 0.272046 0.094839 0.285467
4 1 0.176624 0.178596 0.264728 0.097602 0.282450
4 0 0.204488 0.186006 0.231719 0.110735 0.267052
4 1 0.211599 0.187544 0.223888 0.114018 0.262951
4 1 0.215867 0.188493 0.218996 0.117831 0.258812
4 1 0.200321 0.185206 0.236079 0.111324 0.267069
4 1 0.183332 0.180590 0.256421 0.100803 0.278854
4 1 0.162219 0.173829 0.283428 0.090643 0.289882
4 1 0.156725 0.171827 0.290892 0.087957 0.292598
2 1 0.143536 0.166581 0.309640 0.081437 0.298806
2 1 0.144734 0.167085 0.307887 0.082033 0.298262
2 1 0.148126 0.168480 0.302977 0.083717 0.296699
4 1 0.158935 0.172645 0.287867 0.089039 0.291514
4 0 0.178303 0.179108 0.262627 0.098405 0.281558
4 0 0.216189 0.188466 0.218949 0.116123 0.260273
4 1 0.216189 0.188466 0.218949 0.116123 0.260273
4 1 0.216189 0.188466 0.218949 0.116123 0.260273
4 1 0.216189 0.188466 0.218949 0.116123 0.260273
4 1 0.216189 0.188466 0.218949 0.116123 0.260273
4 1 0.216186 0.188466 0.218949 0.116143 0.260256
2 1 0.181573 0.220381 0.269344 0.123320 0.205382
2 1 0.123556 0.240823 0.368426 0.107405 0.159790
2 1 0.067903 0.217780 0.509657 0.073426 0.131234
2 1 0.038720 0.168160 0.640499 0.052729 0.099893
2 1 0.028375 0.124920 0.719189 0.045452 0.082065
2 2 0.029415 0.112710 0.721892 0.044901 0.091083
2 2 0.038606 0.120367 0.671989 0.049715 0.119324
2 1 0.056127 0.147873 0.582490 0.059366 0.154145
2 1 0.082984 0.196381 0.464909 0.072154 0.183573
2 2 0.076545 0.217231 0.484200 0.077095 0.144929
2 2 0.061406 0.217294 0.530017 0.070254 0.121029
2 2 0.030971 0.173205 0.672306 0.050782 0.072737
2 2 0.015802 0.109151 0.796594 0.038737 0.039716
2 2 0.008286 0.062315 0.878332 0.030805 0.020263
2 2 0.006636 0.047373 0.901252 0.029544 0.015195
2 2 0.005547 0.036039 0.917458 0.029448 0.011507
2 2 0.005075 0.030542 0.924681 0.029944 0.009757
2 2 0.004517 0.026938 0.930660 0.029800 0.008086
2 2 0.004037 0.025380 0.934867 0.028640 0.007076
2 2 0.003917 0.025727 0.935689 0.027546 0.007120
2 2 0.003972 0.026934 0.934699 0.026806 0.007588
2 2 0.004036 0.028292 0.933122 0.026788 0.007762
2 2 0.004010 0.028462 0.932741 0.027408 0.007380
2 2 0.004081 0.027725 0.932364 0.028760 0.007071
2 2 0.003934 0.025057 0.934982 0.029643 0.006385
2 2 0.003823 0.023107 0.937088 0.029954 0.006028
2 2 0.003827 0.022113 0.937793 0.030301 0.005965
2 2 0.004199 0.022703 0.934564 0.032125 0.006409
2 2 0.004509 0.023040 0.931112 0.035007 0.006332
2 2 0.004855 0.024181 0.926568 0.038140 0.006255
2 2 0.005151 0.024653 0.922840 0.041247 0.006110
2 2 0.005477 0.024084 0.919924 0.044444 0.006071
2 2 0.005350 0.021566 0.920580 0.047144 0.005358
2 2 0.005516 0.020416 0.918099 0.050947 0.005022
2 2 0.005549 0.019347 0.916907 0.053477 0.004720
2 2 0.005906 0.020832 0.914063 0.054049 0.005150
2 2 0.006963 0.025405 0.907444 0.053236 0.006951
2 2 0.009632 0.035329 0.889578 0.053595 0.011866
2 2 0.013439 0.042542 0.866432 0.060077 0.017509
2 1 0.024904 0.049393 0.806703 0.094673 0.024328
2 0 0.162089 0.119523 0.400961 0.172979 0.144447
4 1 0.216189 0.188466 0.218949 0.116123 0.260273
4 1 0.216189 0.188466 0.218949 0.116123 0.260273
4 2 0.214990 0.189634 0.220705 0.116374 0.258298
4 2 0.203380 0.200763 0.237738 0.118541 0.239579
4 2 0.204523 0.199682 0.236058 0.118348 0.241389
2 2 0.098406 0.268970 0.412296 0.108519 0.111809
2 2 0.109544 0.247431 0.396264 0.104159 0.142602
2 2 0.024536 0.153763 0.722895 0.060667 0.038139
2 2 0.010283 0.081723 0.849589 0.039295 0.019111
2 2 0.008678 0.071262 0.867191 0.036853 0.016016
2 2 0.007899 0.063128 0.878769 0.035574 0.014631
2 2 0.006433 0.048096 0.899627 0.035027 0.010818
2 2 0.005464 0.040391 0.911740 0.033551 0.008855
2 2 0.004811 0.037638 0.918253 0.031396 0.007901
2 2 0.004720 0.037650 0.918997 0.030736 0.007898
2 2 0.004719 0.036267 0.920029 0.031261 0.007724
2 2 0.004924 0.033842 0.920047 0.033729 0.007457
2 2 0.005251 0.031661 0.918175 0.037914 0.006999
2 2 0.005912 0.033142 0.910697 0.043309 0.006940
2 2 0.006876 0.032955 0.902378 0.050731 0.007060
2 2 0.009145 0.030893 0.883046 0.069389 0.007528
2 2 0.011351 0.027150 0.848990 0.105166 0.007344
2 3 0.012364 0.024261 0.822643 0.134046 0.006686
2 2 0.014961 0.029437 0.806098 0.141315 0.008188
2 2 0.014151 0.032852 0.829949 0.114483 0.008565
2 2 0.012310 0.033351 0.852586 0.093571 0.008182
2 2 0.009551 0.030755 0.879724 0.072827 0.007143
2 2 0.007765 0.027945 0.895875 0.061909 0.006505
2 2 0.008048 0.028391 0.896083 0.060213 0.007265
2 2 0.009595 0.030209 0.885791 0.065838 0.008567
2 2 0.012439 0.035438 0.868691 0.071800 0.011632
2 1 0.023166 0.055494 0.806957 0.092736 0.021646
2 1 0.098981 0.156853 0.508012 0.146617 0.089537
2 2 0.144667 0.203316 0.369172 0.139829 0.143016
2 1 0.183423 0.213266 0.272947 0.123726 0.206638
2 1 0.183689 0.218916 0.266859 0.121177 0.209359
2 2 0.152571 0.245847 0.313923 0.122717 0.164942
2 2 0.107375 0.280860 0.386383 0.118746 0.106636
2 2 0.075418 0.271908 0.465258 0.097688 0.089728
2 2 0.062281 0.253200 0.511846 0.083341 0.089333
2 2 0.055283 0.227762 0.553041 0.078782 0.085133
2 2 0.064147 0.234314 0.522536 0.085100 0.093904
2 2 0.069747 0.246866 0.496849 0.088228 0.098309
2 2 0.078315 0.248875 0.473737 0.094430 0.104644
2 2 0.092441 0.243787 0.442985 0.102085 0.118701
2 1 0.140034 0.241882 0.336666 0.115143 0.166275
2 2 0.184834 0.217885 0.265155 0.121059 0.211067
4 2 0.206758 0.197559 0.232775 0.117958 0.244951
4 1 0.210630 0.193852 0.227093 0.117242 0.251183
2 2 0.185059 0.217682 0.264820 0.121035 0.211404
2 2 0.128034 0.265518 0.352461 0.121556 0.132431
2 2 0.065036 0.271352 0.492546 0.091673 0.079393
2 2 0.039787 0.242802 0.587703 0.067019 0.062689
2 2 0.034219 0.211144 0.632525 0.059270 0.062842
2 2 0.043079 0.184212 0.628021 0.069849 0.074839
2 2 0.055115 0.151158 0.622468 0.087395 0.083865
2 2 0.078083 0.121398 0.587732 0.125141 0.087647
2 0 0.163511 0.122782 0.395472 0.171050 0.147184
4 0 0.216189 0.188466 0.218949 0.116123 0.260273
4 1 0.216189 0.188466 0.218949 0.116123 0.260273
4 1 0.216189 0.188466 0.218949 0.116123 0.260273
4 1 0.212591 0.191961 0.224219 0.116860 0.254370
2 1 0.167537 0.233163 0.291089 0.122381 0.185831
2 2 0.110203 0.273400 0.384541 0.116597 0.115259
2 2 0.057020 0.245710 0.531520 0.077832 0.087917
2 1 0.035282 0.209871 0.626632 0.056214 0.072001
2 1 0.018050 0.120125 0.777414 0.043172 0.041239
2 1 0.009857 0.073419 0.859743 0.033505 0.023475
2 2 0.009526 0.070378 0.864257 0.032771 0.023067
2 2 0.008802 0.064130 0.873929 0.032144 0.020995
2 2 0.009676 0.067947 0.865830 0.033601 0.022946
2 2 0.008412 0.058024 0.881718 0.032475 0.019372
2 2 0.008327 0.054084 0.885835 0.032758 0.018996
2 2 0.007585 0.048200 0.895290 0.031458 0.017467
2 2 0.008504 0.051235 0.887568 0.032750 0.019944
2 2 0.008774 0.051268 0.886109 0.033160 0.020688
2 2 0.008700 0.050304 0.887362 0.034164 0.019470
2 2 0.007599 0.046600 0.896432 0.033332 0.016037
2 2 0.007839 0.049174 0.892910 0.032866 0.017212
2 2 0.008512 0.054234 0.884724 0.032148 0.020382
2 1 0.009014 0.060851 0.875677 0.031138 0.023320
2 1 0.012343 0.086644 0.834586 0.035675 0.030753
2 1 0.023673 0.142179 0.730615 0.045635 0.057898
2 1 0.043720 0.184920 0.605883 0.054789 0.110687
2 1 0.066124 0.185037 0.515285 0.061504 0.172051
2 1 0.099313 0.173610 0.410452 0.069770 0.246855
2 1 0.137076 0.163771 0.319285 0.078205 0.301663
4 0 0.156628 0.171791 0.291025 0.087910 0.292645
4 4 0.173803 0.177715 0.268296 0.096248 0.283938
4 4 0.197101 0.184261 0.240098 0.107295 0.271245
4 0 0.216189 0.188466 0.218949 0.116123 0.260273
4 0 0.216189 0.188466 0.218949 0.116123 0.260273
4 4 0.216189 0.188466 0.218949 0.116123 0.260273
4 4 0.216189 0.188466 0.218949 0.116123 0.260273
4 4 0.216189 0.188466 0.218949 0.116123 0.260273
4 4 0.216189 0.188466 0.218949 0.116123 0.260273
4 4 0.216189 0.188466 0.218949 0.116123 0.260273
4 4 0.216189 0.188466 0.218949 0.116123 0.260273
4 4 0.216189 0.188466 0.218949 0.116123 0.260273
4 4 0.215670 0.188507 0.219021 0.118869 0.257933
4 4 0.215594 0.188511 0.219030 0.119266 0.257599
4 4 0.214692 0.188171 0.220550 0.115438 0.261149
4 4 0.179685 0.179523 0.260908 0.099066 0.280819
2 4 0.151210 0.169712 0.298584 0.085243 0.295251
2 4 0.136873 0.163680 0.319594 0.078103 0.301751
2 4 0.130513 0.160742 0.329425 0.074895 0.304425
2 4 0.144703 0.167072 0.307932 0.082018 0.298276
4 4 0.155638 0.171419 0.292393 0.087423 0.293127
4 4 0.159282 0.172772 0.287394 0.089209 0.291343
2 4 0.151508 0.169829 0.298164 0.085390 0.295109
2 4 0.153697 0.170679 0.295091 0.086469 0.294064
4 4 0.159356 0.172799 0.287294 0.089245 0.291306
4 4 0.167059 0.175506 0.277009 0.092994 0.287433
4 0 0.187334 0.181751 0.251535 0.103143 0.276237
4 4 0.196779 0.184181 0.240469 0.107144 0.271427
4 4 0.203030 0.185674 0.233353 0.110058 0.267885
4 4 0.180478 0.179758 0.259926 0.099444 0.280394
4 4 0.177316 0.178808 0.263861 0.097933 0.282083
4 1 0.171600 0.177010 0.271113 0.095188 0.285090
4 4 0.184417 0.180899 0.255100 0.101318 0.278265
4 4 0.184193 0.180836 0.255372 0.101212 0.278387
4 4 0.206086 0.186364 0.229939 0.111475 0.266136
4 4 0.212371 0.187703 0.223051 0.114373 0.262502
4 4 0.214647 0.188162 0.220598 0.115417 0.261176
4 4 0.214012 0.188036 0.221280 0.115126 0.261546
4 4 0.216189 0.188466 0.218949 0.116123 0.260273
4 4 0.205770 0.186294 0.230291 0.111328 0.266317
4 4 0.188099 0.181924 0.250662 0.103062 0.276253
4 4 0.166063 0.175167 0.278317 0.092511 0.287941
2 4 0.152222 0.170108 0.297158 0.085742 0.294770
2 4 0.132296 0.171601 0.334378 0.079996 0.281729
2 4 0.137876 0.169067 0.321856 0.080717 0.290484
2 4 0.153350 0.171079 0.295940 0.086540 0.293092
4 4 0.181808 0.184538 0.260408 0.102299 0.270947
4 0 0.216189 0.188466 0.218949 0.116123 0.260273
4 1 0.216189 0.188466 0.218949 0.116123 0.260273
4 1 0.216189 0.188466 0.218949 0.116123 0.260273
4 1 0.216189 0.188466 0.218949 0.116123 0.260273
4 1 0.216189 0.188466 0.218949 0.116123 0.260273
4 1 0.216189 0.188466 0.218949 0.116123 0.260273
4 1 0.216189 0.188466 0.218949 0.116123 0.260273
4 1 0.216189 0.188466 0.218949 0.116123 0.260273
4 1 0.216189 0.188466 0.218949 0.116123 0.260273
4 1 0.216189 0.188466 0.218949 0.116123 0.260273
4 1 0.216189 0.188466 0.218949 0.116123 0.260273
4 1 0.216189 0.188466 0.218949 0.116123 0.260273
4 0 0.216189 0.188466 0.218949 0.116123 0.260273
4 0 0.216189 0.188466 0.218949 0.116123 0.260273
4 1 0.216189 0.188466 0.218949 0.116123 0.260273
4 1 0.205319 0.198927 0.234888 0.118211 0.242655
2 1 0.167493 0.233200 0.291154 0.122383 0.185769
2 1 0.142918 0.253758 0.328899 0.122523 0.151902
2 1 0.122492 0.251041 0.368250 0.111780 0.146438
2 1 0.072530 0.243922 0.487957 0.085180 0.110410
2 1 0.049252 0.231074 0.563929 0.068741 0.087003
2 1 0.031999 0.212810 0.636038 0.053613 0.065539
2 2 0.019172 0.156991 0.737423 0.042059 0.044355
2 2 0.011881 0.098248 0.826066 0.034953 0.028851
2 2 0.008786 0.067245 0.871047 0.031509 0.021414
2 2 0.006745 0.047899 0.900182 0.029591 0.015582
2 2 0.006320 0.044379 0.905794 0.029112 0.014394
2 2 0.005986 0.042994 0.908904 0.028743 0.013372
2 2 0.005946 0.044581 0.907838 0.027656 0.013979
2 2 0.005905 0.043399 0.909297 0.026815 0.014584
2 2 0.007286 0.049582 0.895627 0.028143 0.019362
2 2 0.009859 0.060301 0.871498 0.031875 0.026467
2 1 0.012409 0.076390 0.843475 0.035327 0.032399
2 1 0.016384 0.104421 0.798772 0.040388 0.040034
2 1 0.017615 0.118452 0.780563 0.042106 0.041264
2 1 0.018653 0.124978 0.770136 0.043499 0.042734
2 1 0.015086 0.108938 0.801504 0.040736 0.033737
2 2 0.013138 0.100640 0.818387 0.038798 0.029036
2 2 0.009704 0.078029 0.856267 0.035482 0.020518
2 2 0.007578 0.063194 0.880964 0.032686 0.015578
2 2 0.005807 0.048410 0.903842 0.031011 0.010931
2 2 0.004708 0.037869 0.919337 0.029847 0.008240
2 2 0.004177 0.030339 0.928587 0.030170 0.006727
2 2 0.004081 0.027375 0.931645 0.030448 0.006451
2 2 0.004062 0.026030 0.932885 0.030648 0.006375
2 2 0.004083 0.026920 0.932537 0.029724 0.006736
2 2 0.004093 0.027252 0.932096 0.029858 0.006701
2 2 0.004401 0.029122 0.928745 0.030342 0.007390
2 2 0.005358 0.033138 0.919591 0.032711 0.009203
2 2 0.009198 0.045130 0.887919 0.042234 0.015519
2 2 0.021029 0.071601 0.810501 0.067294 0.029575
2 1 0.060370 0.193895 0.574076 0.101223 0.070436
2 2 0.133273 0.261038 0.344239 0.121784 0.139667
2 2 0.018295 0.127514 0.771328 0.053498 0.029365
2 2 0.008383 0.063893 0.875923 0.035362 0.016440
2 2 0.006535 0.048119 0.900504 0.031760 0.013082
2 2 0.005658 0.043044 0.910272 0.029445 0.011581
2 2 0.005224 0.040162 0.915132 0.029265 0.010216
2 2 0.005082 0.040006 0.915897 0.029344 0.009672
2 2 0.005218 0.040064 0.914623 0.030638 0.009458
2 2 0.005663 0.038782 0.912266 0.033942 0.009348
2 2 0.006941 0.041023 0.901870 0.039802 0.010364
2 1 0.012746 0.061062 0.854226 0.054438 0.017529
2 1 0.035089 0.112387 0.722738 0.084947 0.044838
2 1 0.091401 0.156502 0.524677 0.126882 0.100538
2 1 0.164051 0.160530 0.363471 0.153076 0.158872
2 1 0.206315 0.172740 0.259167 0.130775 0.231003
4 1 0.216189 0.188466 0.218949 0.116123 0.260273
4 1 0.216189 0.188466 0.218949 0.116123 0.260273
4 1 0.216189 0.188466 0.218949 0.116123 0.260273
2 1 0.161220 0.238577 0.300675 0.122616 0.176912
2 2 0.097166 0.287953 0.403825 0.116645 0.094410
2 2 0.037053 0.253007 0.588681 0.068402 0.052857
2 2 0.020043 0.180755 0.714055 0.047653 0.037494
2 2 0.010093 0.095016 0.838169 0.037066 0.019656
2 2 0.007238 0.063203 0.882325 0.033452 0.013782
2 2 0.006297 0.049237 0.900266 0.032465 0.011735
2 2 0.006066 0.042707 0.906995 0.033635 0.010597
2 2 0.005939 0.039977 0.909453 0.034962 0.009669
2 2 0.005402 0.034948 0.915651 0.036142 0.007857
2 2 0.004925 0.031423 0.920521 0.036504 0.006627
2 2 0.004539 0.026886 0.925196 0.037892 0.005487
2 2 0.004849 0.024481 0.922811 0.042697 0.005162
2 2 0.005804 0.023442 0.913320 0.052254 0.005181
2 2 0.007961 0.024762 0.892836 0.068601 0.005840
2 2 0.010244 0.024583 0.859177 0.099664 0.006332
2 2 0.014209 0.027174 0.810779 0.139776 0.008062
2 2 0.017713 0.028044 0.766474 0.178302 0.009467
2 2 0.020215 0.026267 0.666043 0.277789 0.009686
2 2 0.018771 0.022509 0.610007 0.339851 0.008862
2 2 0.021219 0.022772 0.491160 0.454310 0.010538
3 3 0.023631 0.022343 0.369812 0.571799 0.012415
3 2 0.023104 0.019991 0.257420 0.686756 0.012728
3 2 0.022036 0.018995 0.240814 0.706015 0.012140
3 2 0.023366 0.019335 0.243387 0.700897 0.013015
3 2 0.023727 0.020357 0.274647 0.668264 0.013005
3 2 0.025404 0.023530 0.312322 0.624746 0.013998
3 2 0.025844 0.023080 0.294639 0.642051 0.014386
3 2 0.021750 0.017702 0.215116 0.733307 0.012125
3 3 0.019327 0.016924 0.164088 0.788584 0.011076
3 3 0.022957 0.021349 0.146588 0.794913 0.014194
3 3 0.025035 0.024101 0.136492 0.798239 0.016133
3 2 0.019633 0.019689 0.107987 0.840199 0.012492
3 2 0.014061 0.014359 0.087568 0.875503 0.008509
3 2 0.010518 0.011040 0.069868 0.902435 0.006139
3 3 0.011493 0.012260 0.069071 0.900287 0.006889
3 3 0.015433 0.016527 0.078197 0.880067 0.009777
3 3 0.017903 0.019030 0.085696 0.865794 0.011576
3 3 0.016937 0.017775 0.087167 0.867342 0.010779
3 3 0.017351 0.017833 0.094382 0.859465 0.010970
3 3 0.016623 0.016943 0.095068 0.861016 0.010349
3 3 0.018190 0.018480 0.099977 0.851895 0.011458
3 3 0.021948 0.022548 0.104878 0.836191 0.014435
3 3 0.028268 0.029375 0.112827 0.809839 0.019691
3 3 0.034331 0.036123 0.117663 0.786755 0.025128
3 3 0.032853 0.035382 0.107262 0.800258 0.024245
3 3 0.026508 0.028858 0.094426 0.831409 0.018800
3 3 0.023690 0.025767 0.090047 0.844152 0.016345
3 3 0.025552 0.027386 0.097544 0.831882 0.017635
3 3 0.024855 0.026010 0.104006 0.828416 0.016713
3 3 0.025731 0.026443 0.111839 0.818818 0.017170
3 3 0.025448 0.025382 0.122455 0.810109 0.016606
3 3 0.027237 0.026636 0.134145 0.794229 0.017752
3 3 0.022481 0.021866 0.125716 0.815869 0.014068
3 3 0.019196 0.018833 0.114203 0.835998 0.011770
3 3 0.016584 0.016726 0.097963 0.858597 0.010130
3 3 0.013996 0.014613 0.081087 0.881794 0.008509
3 3 0.012565 0.013540 0.069529 0.896712 0.007654
3 3 0.011823 0.013025 0.062834 0.905085 0.007233
3 3 0.010813 0.012233 0.055224 0.915081 0.006649
3 3 0.012165 0.013949 0.055839 0.910331 0.007716
3 3 0.015386 0.017591 0.062932 0.893926 0.010165
3 3 0.017822 0.019916 0.072614 0.877729 0.011919
3 3 0.017117 0.018464 0.080021 0.873317 0.011081
3 3 0.022142 0.022759 0.104935 0.835664 0.014500
3 3 0.036390 0.035027 0.158918 0.744651 0.025013
3 2 0.057007 0.052626 0.212304 0.636132 0.041932
3 3 0.068663 0.058774 0.278713 0.543318 0.050533
3 2 0.066322 0.072385 0.391443 0.422327 0.047523
2 2 0.048639 0.072644 0.546352 0.300636 0.031729
2 2 0.043219 0.063021 0.606857 0.260003 0.026901
2 2 0.030183 0.043639 0.660764 0.248699 0.016715
2 2 0.022711 0.031429 0.646943 0.287375 0.011542
2 2 0.020105 0.026647 0.639602 0.303834 0.009812
2 3 0.020961 0.026392 0.610511 0.331820 0.010317
2 2 0.021410 0.027979 0.591379 0.348563 0.010668
2 2 0.020909 0.026573 0.563755 0.378366 0.010397
2 2 0.020165 0.022396 0.497930 0.449546 0.009963
3 3 0.019045 0.018086 0.404164 0.549309 0.009396
