0 0 0.714991 0.049972 0.052932 0.059711 0.122394
0 0 0.722968 0.041447 0.043549 0.062287 0.129749
0 0 0.803761 0.035207 0.042170 0.039298 0.079564
0 0 0.705464 0.041202 0.042160 0.068117 0.143056
0 0 0.809288 0.035721 0.043455 0.037025 0.074511
0 0 0.715614 0.043786 0.045737 0.063301 0.131562
0 0 0.663724 0.054775 0.054297 0.073879 0.153326
0 0 0.668693 0.053684 0.053471 0.072879 0.151273
0 0 0.700809 0.047446 0.048865 0.065983 0.136897
0 0 0.619252 0.041863 0.038472 0.095051 0.205361
0 0 0.501637 0.044677 0.036389 0.129843 0.287454
0 0 0.438855 0.050453 0.038769 0.146478 0.325445
0 0 0.403939 0.058732 0.043812 0.153730 0.339787
0 0 0.380821 0.057149 0.041582 0.161369 0.359078
4 0 0.354968 0.058650 0.041570 0.168590 0.376222
4 0 0.348661 0.063504 0.044838 0.168627 0.374369
4 0 0.295770 0.075523 0.050610 0.180032 0.398065
4 0 0.237523 0.102128 0.064562 0.187356 0.408430
4 0 0.164661 0.140612 0.081105 0.194740 0.418881
4 0 0.157512 0.200254 0.146318 0.146408 0.349509
4 0 0.132286 0.226919 0.230156 0.104116 0.306524
2 0 0.103568 0.231082 0.330951 0.070842 0.263557
2 0 0.084448 0.217841 0.402789 0.053807 0.241115
2 0 0.070199 0.198604 0.459284 0.043014 0.228900
2 1 0.065730 0.187586 0.474330 0.040402 0.231951
2 1 0.072181 0.182264 0.430763 0.047803 0.266989
2 1 0.075401 0.178994 0.408445 0.051845 0.285315
2 1 0.080975 0.174439 0.371926 0.058989 0.313671
2 1 0.079433 0.176688 0.383311 0.056744 0.303824
2 1 0.078456 0.178503 0.391061 0.055265 0.296715
2 0 0.080202 0.200342 0.407743 0.052706 0.259007
2 0 0.088761 0.187217 0.350463 0.064729 0.308831
4 1 0.086170 0.165546 0.331743 0.067318 0.349222
4 1 0.115737 0.143215 0.179637 0.115590 0.445819
4 0 0.173751 0.189267 0.139910 0.147258 0.349814
4 0 0.124400 0.206503 0.235206 0.101231 0.332660
4 1 0.106141 0.198729 0.290012 0.081727 0.323392
4 0 0.115617 0.186648 0.241491 0.097067 0.359176
4 0 0.117012 0.194980 0.246654 0.095976 0.345379
4 0 0.093142 0.157301 0.285305 0.078488 0.385764
4 0 0.085314 0.149188 0.307175 0.071140 0.387183
4 1 0.094174 0.146166 0.260841 0.083802 0.415018
4 1 0.101318 0.132424 0.206900 0.099735 0.459623
4 1 0.140957 0.124849 0.143138 0.129217 0.461839
0 1 0.409124 0.094102 0.072576 0.136035 0.288163
0 0 0.691011 0.046708 0.047348 0.069633 0.145300
0 0 0.828325 0.024807 0.030098 0.038069 0.078701
0 0 0.873130 0.018180 0.024011 0.027714 0.056964
0 0 0.865227 0.018985 0.024611 0.029779 0.061398
0 0 0.824079 0.024813 0.029820 0.039462 0.081827
0 0 0.691941 0.038981 0.038981 0.073691 0.156406
0 0 0.597418 0.044431 0.039976 0.100593 0.217581
0 0 0.512022 0.041119 0.033740 0.128163 0.284956
0 0 0.566872 0.034850 0.030047 0.114212 0.254018
0 0 0.600621 0.034914 0.031177 0.103997 0.229292
0 0 0.672262 0.038395 0.037391 0.080226 0.171726
0 0 0.646613 0.053667 0.051886 0.080126 0.167708
0 0 0.602628 0.065985 0.061536 0.087584 0.182267
0 0 0.518852 0.078399 0.067284 0.108297 0.227168
0 0 0.462306 0.078413 0.063196 0.126609 0.269477
0 1 0.453389 0.071171 0.056436 0.132940 0.286064
0 1 0.554372 0.058558 0.051092 0.107138 0.228841
0 0 0.617342 0.047365 0.043752 0.092895 0.198647
0 0 0.684981 0.037825 0.037403 0.076518 0.163273
0 0 0.725392 0.034651 0.035994 0.065430 0.138532
0 0 0.753122 0.034720 0.037649 0.056472 0.118037
0 0 0.790194 0.030969 0.035481 0.046663 0.096693
0 0 0.835420 0.023312 0.028574 0.036713 0.075982
0 0 0.866579 0.018914 0.024604 0.029380 0.060522
0 0 0.870446 0.019209 0.025320 0.027888 0.057138
0 0 0.881391 0.020047 0.027571 0.023553 0.047438
0 0 0.899238 0.018973 0.027863 0.018110 0.035816
0 0 0.921741 0.014548 0.022883 0.013756 0.027072
0 0 0.938963 0.011649 0.019782 0.010049 0.019558
0 0 0.948593 0.009861 0.017610 0.008156 0.015779
0 0 0.947814 0.009990 0.017752 0.008325 0.016119
0 0 0.947994 0.009576 0.016853 0.008675 0.016902
0 0 0.937923 0.011065 0.018392 0.010991 0.021628
0 0 0.919341 0.015293 0.023960 0.013971 0.027436
0 0 0.861038 0.029768 0.040988 0.023061 0.045145
0 0 0.754105 0.056467 0.065912 0.041571 0.081946
0 0 0.635971 0.081367 0.081894 0.066822 0.133947
0 0 0.550662 0.076494 0.067972 0.098869 0.206003
0 0 0.583896 0.058268 0.052542 0.097877 0.207418
0 0 0.703464 0.041294 0.042142 0.068710 0.144389
0 0 0.807755 0.029226 0.034484 0.041983 0.086553
0 0 0.815075 0.026177 0.031014 0.041538 0.086197
0 0 0.794613 0.026838 0.030600 0.047780 0.100169
0 0 0.689904 0.031311 0.030819 0.078334 0.169632
0 0 0.563285 0.037914 0.032665 0.114019 0.252118
0 0 0.407805 0.041943 0.031074 0.158886 0.360291
4 1 0.320434 0.041682 0.028221 0.184481 0.425182
4 1 0.290324 0.044733 0.029331 0.192328 0.443284
4 1 0.243168 0.055130 0.034306 0.202972 0.464424
4 2 0.183503 0.065616 0.039878 0.234301 0.476701
4 2 0.132884 0.078094 0.057091 0.297073 0.434858
3 2 0.117781 0.084337 0.071606 0.375089 0.351186
3 2 0.099899 0.079951 0.085297 0.437096 0.297757
3 2 0.102668 0.083056 0.102411 0.450672 0.261192
3 2 0.139821 0.091956 0.128844 0.411953 0.227425
3 2 0.153549 0.091158 0.126517 0.400832 0.227944
3 2 0.164510 0.086723 0.142019 0.409443 0.197305
3 2 0.186624 0.080035 0.131888 0.404788 0.196664
0 2 0.348588 0.085999 0.117783 0.256862 0.190768
0 3 0.521367 0.073643 0.073118 0.128954 0.202918
0 3 0.609452 0.068067 0.064249 0.084130 0.174101
0 3 0.454408 0.113176 0.093847 0.110877 0.227692
0 3 0.279334 0.199180 0.170425 0.142554 0.208506
2 3 0.101140 0.171503 0.373640 0.234524 0.119193
2 3 0.064566 0.141117 0.435485 0.281873 0.076960
2 2 0.049601 0.127265 0.444079 0.308321 0.070733
2 2 0.045285 0.128853 0.457896 0.302147 0.065820
2 2 0.048348 0.127935 0.424954 0.325404 0.073358
2 2 0.053020 0.116379 0.382214 0.367314 0.081073
3 3 0.092969 0.111501 0.285856 0.393085 0.116588
3 3 0.251798 0.106539 0.171131 0.295254 0.175277
0 3 0.620219 0.056378 0.061062 0.101393 0.160947
0 3 0.831626 0.022952 0.027844 0.038190 0.079387
0 3 0.927150 0.009918 0.015121 0.015715 0.032096
0 3 0.956032 0.005645 0.009743 0.009421 0.019159
0 3 0.963199 0.005029 0.009163 0.007508 0.015101
0 0 0.957007 0.006756 0.012093 0.008092 0.016052
0 0 0.930989 0.012673 0.020593 0.012057 0.023688
0 0 0.903804 0.019749 0.030003 0.015747 0.030698
0 1 0.882577 0.023504 0.033472 0.020363 0.040084
0 0 0.887564 0.019768 0.027777 0.021619 0.043273
0 0 0.867812 0.019522 0.025577 0.028548 0.058541
0 0 0.873847 0.019782 0.026453 0.026333 0.053585
0 0 0.872128 0.024767 0.034156 0.023118 0.045831
0 0 0.820602 0.044801 0.059605 0.025664 0.049327
0 0 0.553065 0.141356 0.144166 0.055566 0.105846
0 0 0.268567 0.251634 0.190862 0.098286 0.190650
1 0 0.176056 0.268929 0.174305 0.127539 0.253170
4 1 0.171274 0.200067 0.121154 0.165295 0.342210
4 1 0.132816 0.125712 0.113324 0.153370 0.474779
4 1 0.121499 0.104553 0.103512 0.150871 0.519564
4 0 0.115685 0.090770 0.091617 0.153034 0.548894
4 0 0.109162 0.074112 0.081444 0.149138 0.586145
4 0 0.101232 0.057617 0.061853 0.154972 0.624326
4 0 0.114459 0.054773 0.048263 0.175703 0.606802
4 0 0.119928 0.064437 0.045761 0.197012 0.572861
4 0 0.122832 0.081858 0.066844 0.177328 0.551138
4 1 0.122412 0.090476 0.080173 0.166322 0.540617
4 0 0.152817 0.088314 0.064700 0.186065 0.508104
4 0 0.196459 0.086661 0.066625 0.177326 0.472929
4 0 0.185609 0.076536 0.067950 0.166546 0.503359
4 0 0.210139 0.075412 0.064979 0.167437 0.482033
4 0 0.235383 0.071028 0.051683 0.182953 0.458953
4 1 0.168520 0.064554 0.049792 0.185892 0.531242
4 0 0.163438 0.062816 0.052782 0.177616 0.543348
4 0 0.275404 0.066349 0.048361 0.178078 0.431808
0 0 0.529347 0.056113 0.047525 0.116215 0.250800
0 0 0.661980 0.043242 0.041900 0.080916 0.171962
0 0 0.725108 0.044115 0.046808 0.059971 0.123998
0 0 0.635016 0.072889 0.071903 0.072585 0.147607
0 0 0.469829 0.131774 0.114347 0.094534 0.189516
0 0 0.296953 0.179085 0.130033 0.130054 0.263875
4 0 0.269360 0.159579 0.109514 0.150221 0.311325
4 0 0.283749 0.117538 0.079684 0.165725 0.353305
4 0 0.278995 0.092129 0.061091 0.178464 0.389321
4 1 0.227626 0.107855 0.067472 0.188111 0.408936
4 0 0.233100 0.137763 0.088429 0.173163 0.367545
4 1 0.245560 0.190413 0.129538 0.142840 0.291648
0 1 0.321802 0.196966 0.151388 0.110447 0.219397
0 0 0.437380 0.136091 0.113719 0.103659 0.209151
0 0 0.570648 0.094613 0.088754 0.081455 0.164530
0 0 0.585548 0.079248 0.073863 0.085624 0.175717
0 0 0.667233 0.063212 0.064088 0.067589 0.137878
0 0 0.728636 0.057647 0.063977 0.049922 0.099818
0 0 0.668251 0.087306 0.094785 0.050755 0.098904
0 0 0.510449 0.148429 0.141840 0.067954 0.131329
0 0 0.472672 0.162516 0.150028 0.073189 0.141595
0 0 0.529004 0.121302 0.112593 0.079459 0.157643
0 0 0.506950 0.084597 0.072149 0.108893 0.227411
0 0 0.510762 0.067368 0.056592 0.116593 0.248686
0 0 0.422771 0.069544 0.053324 0.143294 0.311067
0 0 0.406738 0.068622 0.051703 0.148691 0.324245
0 0 0.368091 0.059442 0.042740 0.164325 0.365402
4 0 0.283291 0.090219 0.060072 0.177918 0.388501
4 0 0.195537 0.107028 0.063847 0.198639 0.434950
0 0 0.548611 0.059998 0.052104 0.108242 0.231045
0 0 0.427732 0.055955 0.042685 0.147622 0.326006
0 0 0.415729 0.066519 0.050513 0.146822 0.320416
4 0 0.198230 0.062863 0.036901 0.213758 0.488248
4 0 0.283602 0.077829 0.051476 0.182854 0.404239
4 0 0.208116 0.048433 0.033042 0.199244 0.511165
4 0 0.254195 0.041099 0.026917 0.199073 0.478717
0 0 0.382242 0.045047 0.032586 0.165370 0.374755
0 0 0.549328 0.057857 0.050161 0.109085 0.233570
0 0 0.628145 0.076269 0.075002 0.072843 0.147740
0 0 0.642695 0.091634 0.095864 0.057311 0.112497
0 0 0.596615 0.116160 0.119673 0.057128 0.110424
0 0 0.619818 0.102256 0.105700 0.058339 0.113886
0 0 0.673582 0.065278 0.067159 0.064099 0.129882
0 0 0.696576 0.048564 0.049823 0.066712 0.138326
0 0 0.520912 0.056329 0.047295 0.118748 0.256716
4 0 0.357214 0.063996 0.045616 0.165835 0.367339
4 0 0.228075 0.060447 0.041611 0.192849 0.477017
4 0 0.178368 0.059712 0.038686 0.205477 0.517757
4 0 0.122088 0.067715 0.048042 0.196352 0.565803
4 0 0.142285 0.100151 0.066596 0.194068 0.496900
4 0 0.158722 0.126705 0.075300 0.196902 0.442371
4 1 0.151375 0.106858 0.063730 0.203846 0.474191
4 1 0.120751 0.072147 0.056514 0.184340 0.566248
4 1 0.184608 0.053271 0.040558 0.188712 0.532852
4 0 0.330122 0.052262 0.035942 0.178315 0.403358
0 0 0.453478 0.054027 0.042242 0.140577 0.309676
0 1 0.621470 0.051191 0.047776 0.089589 0.189975
0 0 0.758439 0.040592 0.045160 0.051074 0.104736
0 0 0.802328 0.034770 0.041434 0.040092 0.081376
0 0 0.837493 0.028448 0.035927 0.032483 0.065650
0 0 0.857203 0.024827 0.032526 0.028328 0.057116
0 0 0.870174 0.025402 0.034951 0.023309 0.046163
0 0 0.855388 0.027552 0.036531 0.026901 0.053627
0 0 0.855368 0.029417 0.039526 0.025438 0.050251
0 0 0.832651 0.034733 0.044846 0.029474 0.058295
0 0 0.714187 0.062068 0.067943 0.051992 0.103811
0 0 0.575661 0.091326 0.085761 0.081734 0.165518
0 0 0.506293 0.102535 0.089434 0.099088 0.202650
0 0 0.441907 0.134782 0.113104 0.102808 0.207399
0 0 0.302469 0.205765 0.155210 0.112725 0.223831
1 0 0.240943 0.257073 0.204953 0.097088 0.199944
0 1 0.300211 0.237869 0.192372 0.090892 0.178656
0 1 0.450294 0.163569 0.145708 0.081426 0.159003
0 0 0.510627 0.106081 0.093519 0.095510 0.194263
0 0 0.515224 0.098287 0.086182 0.098477 0.201830
0 1 0.312726 0.144278 0.103608 0.142948 0.296441
4 1 0.178355 0.214863 0.164035 0.132687 0.310061
4 1 0.124650 0.214572 0.242255 0.098929 0.319595
4 1 0.109162 0.214309 0.294905 0.080971 0.300653
4 1 0.096463 0.177050 0.301787 0.076437 0.348263
2 0 0.089451 0.182870 0.341506 0.066585 0.319588
4 1 0.087444 0.168991 0.330990 0.067890 0.344685
4 1 0.091548 0.151882 0.282833 0.078268 0.395469
4 1 0.099058 0.127244 0.204780 0.098933 0.469986
4 4 0.100282 0.104717 0.153902 0.113899 0.527200
4 4 0.096798 0.094299 0.141173 0.115344 0.552386
4 4 0.099523 0.093135 0.131127 0.121058 0.555156
4 4 0.100734 0.094157 0.130155 0.122403 0.552550
4 4 0.101193 0.091202 0.122737 0.125636 0.559232
4 4 0.106040 0.088939 0.107005 0.136566 0.561449
4 4 0.103318 0.082464 0.099933 0.137615 0.576670
4 4 0.100451 0.073275 0.087043 0.141761 0.597469
4 4 0.116224 0.067006 0.068012 0.158719 0.590039
4 1 0.219548 0.065705 0.050427 0.181027 0.483294
4 1 0.247952 0.067833 0.044867 0.192105 0.447242
4 1 0.242324 0.098506 0.065606 0.182230 0.411333
4 1 0.150028 0.197804 0.181847 0.123844 0.346476
2 1 0.092853 0.235602 0.378094 0.058976 0.234475
2 1 0.074475 0.210170 0.446123 0.045322 0.223911
2 1 0.054472 0.175052 0.532952 0.039235 0.198289
2 2 0.046513 0.158886 0.573087 0.036288 0.185225
2 2 0.033930 0.130111 0.645407 0.029938 0.160614
2 2 0.036291 0.135947 0.630978 0.030514 0.166270
2 2 0.038422 0.141161 0.618457 0.030124 0.171836
2 2 0.047987 0.162503 0.565878 0.032521 0.191111
2 2 0.040780 0.146719 0.604936 0.030188 0.177378
2 2 0.033412 0.128832 0.648672 0.029570 0.159514
2 2 0.027311 0.112724 0.688742 0.027874 0.143349
2 2 0.024482 0.104776 0.708829 0.026563 0.135350
2 2 0.020302 0.092353 0.740614 0.024051 0.122679
2 2 0.020524 0.092960 0.738684 0.025014 0.122818
2 2 0.026148 0.109241 0.696301 0.029981 0.138328
2 3 0.043157 0.126022 0.648826 0.032600 0.149396
2 3 0.259596 0.160644 0.393086 0.041990 0.144683
0 3 0.738839 0.064430 0.075047 0.041211 0.080473
0 0 0.873430 0.025203 0.035068 0.022291 0.044007
0 0 0.901305 0.019052 0.028299 0.017290 0.034054
0 0 0.849731 0.037427 0.052769 0.020643 0.039430
0 1 0.647294 0.111620 0.127750 0.039390 0.073946
0 1 0.481188 0.171228 0.164332 0.063108 0.120144
0 1 0.356983 0.211223 0.175704 0.087228 0.168862
0 1 0.268285 0.226649 0.166002 0.113871 0.225193
4 1 0.240651 0.210472 0.147654 0.131849 0.269374
0 1 0.383540 0.153008 0.121603 0.113194 0.228655
0 1 0.579269 0.093173 0.088243 0.079319 0.159996
0 1 0.626093 0.062530 0.059757 0.081805 0.169814
0 1 0.601855 0.066438 0.061942 0.087583 0.182183
0 0 0.348481 0.145368 0.109422 0.129938 0.266791
1 1 0.139036 0.279823 0.244136 0.096939 0.240066
2 1 0.093077 0.235881 0.377326 0.059147 0.234569
2 1 0.073125 0.206766 0.449207 0.054921 0.215981
2 1 0.027790 0.113622 0.684830 0.037924 0.135834
2 2 0.011736 0.064344 0.820949 0.031512 0.071460
2 2 0.005852 0.039896 0.886530 0.025974 0.041749
2 2 0.006475 0.042791 0.878552 0.027222 0.044961
2 2 0.009113 0.054178 0.848376 0.029778 0.058555
2 2 0.023329 0.088756 0.753512 0.033185 0.101219
2 2 0.184097 0.171258 0.394190 0.053359 0.197095
0 2 0.473131 0.102005 0.085365 0.110704 0.228795
0 2 0.444026 0.104139 0.084407 0.119350 0.248079
4 2 0.216928 0.224428 0.166010 0.124994 0.267639
2 2 0.097957 0.241797 0.360905 0.062912 0.236429
2 2 0.043442 0.151008 0.586286 0.052300 0.166964
2 3 0.018362 0.087687 0.755962 0.055238 0.082750
2 3 0.005956 0.040687 0.877377 0.040744 0.035236
2 3 0.004734 0.034750 0.888473 0.044454 0.027590
2 3 0.005995 0.041070 0.862325 0.060772 0.029838
2 3 0.007439 0.047750 0.836776 0.075127 0.032908
2 3 0.007960 0.050099 0.824455 0.084519 0.032966
2 3 0.008179 0.051081 0.807098 0.102988 0.030654
2 3 0.008932 0.054080 0.761788 0.147510 0.027690
2 3 0.010479 0.059360 0.670058 0.235560 0.024542
2 3 0.011988 0.063795 0.587013 0.314661 0.022542
2 3 0.013432 0.056620 0.487330 0.414468 0.028150
3 3 0.014555 0.048740 0.388883 0.513755 0.034067
3 3 0.014575 0.041466 0.319634 0.587243 0.037082
3 3 0.014972 0.036395 0.262936 0.644754 0.040943
3 3 0.013777 0.030216 0.221829 0.694088 0.040089
3 3 0.013320 0.026849 0.193992 0.725568 0.040272
3 3 0.012859 0.025178 0.183052 0.739567 0.039344
3 3 0.012532 0.024126 0.176626 0.748051 0.038665
3 3 0.011753 0.022709 0.173549 0.755235 0.036753
3 3 0.011764 0.021694 0.162406 0.766455 0.037682
3 3 0.012383 0.022159 0.158541 0.767051 0.039866
3 3 0.012210 0.020798 0.146646 0.780038 0.040309
3 3 0.012068 0.019293 0.133020 0.794409 0.041210
3 3 0.011413 0.017167 0.118784 0.812140 0.040497
3 3 0.011527 0.017184 0.117797 0.812382 0.041110
3 3 0.011493 0.017293 0.119347 0.811007 0.040860
3 3 0.011973 0.018418 0.125327 0.802504 0.041777
3 3 0.012272 0.018876 0.126306 0.800099 0.042447
3 3 0.012734 0.018691 0.119255 0.804786 0.044533
3 3 0.012740 0.016904 0.102052 0.821984 0.046320
3 3 0.012030 0.014885 0.089560 0.837976 0.045549
3 3 0.013478 0.015394 0.082631 0.837025 0.051472
3 3 0.031857 0.024273 0.098010 0.767603 0.078256
3 3 0.150645 0.050509 0.107964 0.531517 0.159365
0 3 0.491653 0.052868 0.064568 0.197137 0.193774
0 3 0.670354 0.032890 0.034309 0.092132 0.170315
0 3 0.715784 0.023864 0.024180 0.074799 0.161374
0 3 0.663928 0.026102 0.025658 0.093077 0.191234
0 3 0.621831 0.043669 0.040345 0.093354 0.200801
0 3 0.366762 0.155702 0.138625 0.131743 0.207167
2 3 0.066456 0.181819 0.505513 0.113017 0.133194
2 3 0.012945 0.070460 0.784506 0.083822 0.048267
2 3 0.011140 0.063330 0.789407 0.095078 0.041045
2 3 0.008120 0.050915 0.825888 0.081434 0.033643
2 2 0.011294 0.063735 0.785424 0.097913 0.041634
2 3 0.012755 0.069154 0.761997 0.112673 0.043420
2 3 0.011737 0.065459 0.779913 0.100480 0.042411
2 3 0.009098 0.054859 0.834201 0.058516 0.043326
2 3 0.009716 0.056794 0.841255 0.033739 0.058496
2 3 0.016151 0.079124 0.776727 0.026176 0.101822
2 3 0.023681 0.102535 0.714837 0.025421 0.133526
2 3 0.043377 0.152513 0.590420 0.031482 0.182208
2 2 0.087857 0.229187 0.395598 0.055184 0.232175
2 2 0.094838 0.238053 0.371329 0.060499 0.235281
2 2 0.072826 0.207631 0.452748 0.044137 0.222659
2 2 0.061997 0.189764 0.498754 0.036515 0.212970
2 2 0.060866 0.187773 0.503825 0.035736 0.211799
2 2 0.064269 0.193691 0.488722 0.038091 0.215228
2 2 0.068337 0.200480 0.471278 0.040942 0.218963
2 2 0.079047 0.216981 0.428226 0.048643 0.227102
2 2 0.087609 0.228859 0.396485 0.054997 0.232050
2 2 0.112961 0.237772 0.300982 0.079335 0.268950
4 2 0.110923 0.189778 0.261647 0.090170 0.347482
4 2 0.114535 0.140178 0.178246 0.115385 0.451656
4 2 0.156726 0.114660 0.106084 0.152795 0.469735
4 2 0.200313 0.125147 0.075937 0.189594 0.409009
0 2 0.828028 0.033521 0.042382 0.032059 0.064010
0 2 0.881828 0.022320 0.031335 0.021612 0.042905
0 0 0.905604 0.017870 0.026767 0.016738 0.033020
0 0 0.798205 0.031343 0.036534 0.043775 0.090144
0 0 0.695808 0.045788 0.046648 0.068603 0.143153
0 0 0.502438 0.050071 0.041005 0.127304 0.279182
0 1 0.386577 0.046077 0.036794 0.185136 0.345416
4 1 0.298132 0.038915 0.032331 0.256783 0.373839
0 1 0.364800 0.038696 0.036503 0.244566 0.315434
0 1 0.475480 0.038116 0.036778 0.179619 0.270007
0 1 0.507355 0.043285 0.041242 0.155211 0.252907
0 1 0.515035 0.051113 0.046258 0.136766 0.250828
0 1 0.454690 0.056353 0.050032 0.162057 0.276869
0 1 0.495861 0.054382 0.045093 0.129943 0.274721
0 1 0.498429 0.058782 0.048321 0.124613 0.269855
0 1 0.419189 0.086761 0.067227 0.136375 0.290449
4 1 0.287401 0.118237 0.080567 0.164204 0.349591
4 1 0.232438 0.104712 0.067416 0.185311 0.410123
4 0 0.280301 0.084926 0.056169 0.181033 0.397571
4 1 0.171568 0.066749 0.043953 0.202493 0.515237
4 1 0.173960 0.076788 0.060408 0.180058 0.508785
4 1 0.269544 0.080466 0.056112 0.179024 0.414854
0 1 0.478185 0.084261 0.069519 0.118514 0.249521
0 1 0.343256 0.096204 0.069009 0.156293 0.335238
4 1 0.250181 0.144492 0.095450 0.164251 0.345626
4 1 0.137871 0.150328 0.135231 0.144893 0.431677
4 1 0.137478 0.158969 0.146583 0.139291 0.417680
4 1 0.117602 0.106483 0.114323 0.142321 0.519270
4 1 0.148788 0.091943 0.100430 0.144027 0.514812
4 1 0.149561 0.067805 0.064716 0.164048 0.553870
4 0 0.133505 0.081273 0.068976 0.173151 0.543095
4 1 0.111876 0.093733 0.103908 0.143013 0.547469
4 1 0.109601 0.120931 0.159114 0.118692 0.491662
4 1 0.116972 0.125308 0.147196 0.127731 0.482792
4 1 0.116817 0.118059 0.135484 0.132291 0.497348
4 1 0.109163 0.096986 0.115594 0.135182 0.543074
4 0 0.225595 0.099650 0.111075 0.132906 0.430774
0 0 0.583690 0.061322 0.055509 0.096326 0.203153
0 0 0.839823 0.027341 0.034548 0.032477 0.065812
0 0 0.924377 0.013341 0.020953 0.013865 0.027464
0 0 0.946063 0.009689 0.016774 0.009288 0.018186
0 0 0.943856 0.010588 0.018351 0.009237 0.017968
0 0 0.920472 0.015519 0.024584 0.013345 0.026081
0 0 0.900334 0.019921 0.029748 0.016892 0.033105
0 0 0.874421 0.022654 0.030986 0.023975 0.047964
0 0 0.842698 0.026705 0.033896 0.031948 0.064753
0 0 0.800563 0.031134 0.036441 0.043126 0.088736
0 0 0.750281 0.035205 0.038044 0.057105 0.119365
0 0 0.700685 0.036812 0.037098 0.072094 0.153312
0 0 0.598493 0.043272 0.038925 0.100817 0.218493
0 0 0.505380 0.053222 0.043840 0.125001 0.272558
0 0 0.382582 0.073652 0.054290 0.154002 0.335475
4 0 0.229460 0.097656 0.060909 0.191727 0.420248
4 1 0.120717 0.096326 0.091928 0.157036 0.533992
4 1 0.106739 0.096296 0.119772 0.131401 0.545792
4 1 0.098341 0.113740 0.179246 0.105087 0.503586
4 1 0.093638 0.126929 0.224613 0.091092 0.463729
4 1 0.097255 0.154350 0.262659 0.084868 0.400867
4 1 0.088463 0.170791 0.328862 0.068610 0.343274
2 1 0.062217 0.162462 0.465223 0.041075 0.269023
2 1 0.052264 0.168674 0.541120 0.030314 0.207629
2 1 0.046750 0.160630 0.572205 0.026283 0.194132
2 1 0.041737 0.149647 0.599363 0.024501 0.184752
2 1 0.032276 0.126674 0.656112 0.022899 0.162040
2 2 0.029109 0.118223 0.676946 0.022983 0.152739
2 2 0.030105 0.120701 0.670299 0.024821 0.154074
2 2 0.036232 0.135945 0.631473 0.029242 0.167108
2 2 0.038661 0.141850 0.617143 0.029124 0.173222
2 2 0.129662 0.169818 0.419999 0.045940 0.234581
0 2 0.465636 0.110621 0.097202 0.104802 0.221739
0 0 0.639084 0.060762 0.058893 0.078528 0.162732
0 0 0.707689 0.047626 0.049584 0.063601 0.131500
0 0 0.794880 0.035846 0.042195 0.041896 0.085182
0 0 0.813701 0.032720 0.039691 0.037623 0.076265
0 0 0.799263 0.032880 0.038628 0.042410 0.086819
0 0 0.740504 0.039202 0.042120 0.057892 0.120282
0 0 0.642418 0.073579 0.073497 0.069592 0.140914
0 0 0.303225 0.220369 0.169699 0.103532 0.203175
2 0 0.127502 0.271140 0.273438 0.086948 0.240972
2 0 0.121593 0.252811 0.281854 0.085016 0.258725
4 1 0.117707 0.206612 0.256917 0.093107 0.325656
4 1 0.150131 0.157310 0.189308 0.112421 0.390831
0 1 0.375660 0.119439 0.090693 0.134292 0.279917
0 0 0.446332 0.087709 0.070086 0.127128 0.268745
0 0 0.409823 0.109373 0.085638 0.128046 0.267120
4 1 0.239004 0.172403 0.114408 0.154466 0.319719
4 1 0.147894 0.199626 0.166130 0.133831 0.352519
4 1 0.125744 0.131171 0.135574 0.137987 0.469524
4 1 0.144228 0.081385 0.068588 0.173444 0.532355
4 1 0.211404 0.051326 0.030567 0.213285 0.493418
4 1 0.334166 0.042708 0.029358 0.180199 0.413569
0 1 0.523331 0.037855 0.031327 0.126069 0.281418
0 1 0.633816 0.034882 0.032296 0.093889 0.205117
0 0 0.702377 0.035119 0.035362 0.072471 0.154671
0 0 0.695335 0.040884 0.041218 0.071557 0.151006
0 1 0.752575 0.037933 0.041448 0.054699 0.113345
0 1 0.821994 0.029110 0.035449 0.037298 0.076148
0 0 0.879410 0.020186 0.027590 0.024132 0.048682
0 0 0.901537 0.018059 0.026552 0.018048 0.035804
0 0 0.926099 0.017456 0.030303 0.009084 0.017058
0 0 0.917117 0.022255 0.041026 0.006982 0.012620
0 1 0.889356 0.030779 0.052048 0.009864 0.017952
0 1 0.854347 0.041843 0.065030 0.013692 0.025087
0 1 0.854067 0.041933 0.065131 0.013724 0.025146
0 1 0.849066 0.043537 0.066913 0.014286 0.026198
0 1 0.817982 0.053623 0.077637 0.017857 0.032901
0 2 0.790951 0.062535 0.086510 0.021060 0.038944
0 2 0.759836 0.072937 0.096251 0.024850 0.046126
0 2 0.756799 0.073960 0.097177 0.025226 0.046839
0 2 0.763725 0.071629 0.095060 0.024371 0.045216
0 2 0.773468 0.068362 0.092043 0.023177 0.042951
0 2 0.782108 0.065477 0.089328 0.022126 0.040961
0 2 0.787203 0.063780 0.087709 0.021511 0.039797
0 2 0.795969 0.060872 0.084892 0.020459 0.037808
0 2 0.802702 0.058646 0.082701 0.019657 0.036294
0 2 0.808518 0.056729 0.080789 0.018968 0.034996
0 2 0.805208 0.057819 0.081879 0.019360 0.035734
0 2 0.800387 0.059410 0.083457 0.019932 0.036813
0 2 0.776167 0.067459 0.091199 0.022848 0.042327
0 2 0.739852 0.079690 0.102259 0.027339 0.050859
0 3 0.758919 0.073245 0.096531 0.024964 0.046341
0 3 0.821981 0.052315 0.076289 0.017390 0.032024
0 3 0.873247 0.035832 0.058136 0.011602 0.021183
0 3 0.877045 0.034634 0.056719 0.011188 0.020413
0 3 0.882698 0.032207 0.052471 0.011497 0.021127
0 3 0.837721 0.045664 0.066815 0.017422 0.032378
0 3 0.718855 0.086843 0.108373 0.029999 0.055931
0 0 0.346354 0.221651 0.184443 0.084618 0.162933
1 0 0.188768 0.273255 0.215771 0.101708 0.220498
1 1 0.168344 0.278824 0.221105 0.102672 0.229056
1 1 0.173173 0.283335 0.205860 0.109168 0.228463
2 1 0.104810 0.249568 0.338861 0.068295 0.238465
2 2 0.108184 0.253172 0.328422 0.070987 0.239235
2 2 0.109375 0.254410 0.324800 0.071944 0.239471
2 2 0.106657 0.251559 0.333113 0.069765 0.238905
2 2 0.093791 0.236767 0.374884 0.059695 0.234863
2 2 0.080317 0.217694 0.421266 0.058267 0.222455
2 2 0.109612 0.222475 0.387012 0.068256 0.212645
0 3 0.265263 0.191224 0.196144 0.097668 0.249702
0 3 0.412436 0.131925 0.106168 0.114919 0.234553
0 3 0.553661 0.087605 0.079394 0.091553 0.187788
0 3 0.716468 0.051263 0.054614 0.058394 0.119262
0 3 0.816368 0.030512 0.036889 0.038241 0.077991
0 3 0.867012 0.022292 0.029643 0.026824 0.054230
0 3 0.892885 0.020256 0.029258 0.019331 0.038270
0 3 0.897421 0.022964 0.035135 0.015211 0.029268
0 2 0.871266 0.032732 0.049050 0.016251 0.030701
0 2 0.858668 0.038485 0.058017 0.015658 0.029172
0 1 0.869683 0.036898 0.059259 0.012077 0.022083
0 1 0.841864 0.045857 0.069451 0.015102 0.027726
0 1 0.700803 0.093036 0.113470 0.032321 0.060370
0 1 0.753217 0.075167 0.098262 0.025670 0.047683
0 1 0.854972 0.041643 0.064806 0.013623 0.024956
0 1 0.851671 0.042701 0.065987 0.013993 0.025649
0 1 0.764736 0.071289 0.094749 0.024246 0.044980
0 1 0.761113 0.072507 0.095861 0.024693 0.045827
0 1 0.794652 0.061308 0.085318 0.020616 0.038106
0 1 0.764042 0.071522 0.094962 0.024332 0.045141
0 1 0.753451 0.075089 0.098191 0.025641 0.047628
0 1 0.762807 0.071937 0.095342 0.024484 0.045430
0 1 0.778909 0.066544 0.090338 0.022514 0.041696
0 1 0.789372 0.063060 0.087016 0.021250 0.039303
0 1 0.782351 0.065396 0.089251 0.022097 0.040906
0 1 0.781063 0.065825 0.089658 0.022253 0.041201
0 1 0.788827 0.063241 0.087190 0.021315 0.039427
0 1 0.796229 0.060786 0.084808 0.020428 0.037750
0 1 0.807266 0.057141 0.081202 0.019116 0.035274
0 1 0.813579 0.055066 0.079110 0.018373 0.033873
0 1 0.819200 0.053224 0.077227 0.017714 0.032634
0 1 0.817342 0.053833 0.077852 0.017932 0.033042
0 1 0.805344 0.057775 0.081835 0.019344 0.035703
0 1 0.783002 0.065179 0.089045 0.022018 0.040756
0 1 0.735476 0.081176 0.103550 0.027890 0.051908
0 1 0.772122 0.068812 0.092462 0.023341 0.043262
0 1 0.776030 0.067505 0.091242 0.022864 0.042359
0 1 0.600829 0.128011 0.139169 0.045751 0.086240
1 1 0.172945 0.262758 0.254406 0.087890 0.222001
2 1 0.066721 0.197510 0.477822 0.042244 0.215703
2 1 0.062404 0.189000 0.494843 0.048859 0.204893
2 1 0.108130 0.253116 0.328586 0.070944 0.239224
2 1 0.092597 0.235283 0.378972 0.058781 0.234367
2 1 0.081818 0.217152 0.414815 0.051321 0.234895
2 1 0.071132 0.176927 0.430039 0.047716 0.274186
2 1 0.069488 0.148826 0.394869 0.051936 0.334882
2 1 0.058029 0.172282 0.505975 0.035265 0.228450
2 1 0.033172 0.128757 0.650491 0.024850 0.162730
2 1 0.020590 0.093240 0.738336 0.024231 0.123603
2 2 0.011914 0.064402 0.817687 0.023601 0.082397
2 2 0.008637 0.051813 0.853803 0.022350 0.063397
2 2 0.006383 0.041986 0.880755 0.019263 0.051613
2 2 0.006340 0.041730 0.881153 0.018298 0.052479
2 2 0.006949 0.044448 0.873415 0.018565 0.056622
2 2 0.006658 0.043287 0.877416 0.020248 0.052392
2 2 0.005832 0.039687 0.887577 0.023120 0.043785
2 2 0.005249 0.037144 0.891974 0.030184 0.035449
2 2 0.004692 0.034536 0.892917 0.039285 0.028570
2 2 0.004335 0.032795 0.889845 0.048854 0.024171
2 2 0.004272 0.032500 0.887159 0.053060 0.023009
2 2 0.004852 0.035593 0.874528 0.060848 0.024179
2 2 0.006826 0.045219 0.841575 0.077013 0.029366
2 2 0.009557 0.056992 0.783317 0.117778 0.032356
2 3 0.013182 0.070319 0.697644 0.184878 0.033976
2 3 0.016306 0.078536 0.567187 0.307973 0.029997
2 3 0.016217 0.067801 0.500868 0.382798 0.032316
2 3 0.014969 0.057027 0.448705 0.447360 0.031939
3 3 0.014304 0.049841 0.402715 0.500762 0.032378
3 3 0.013538 0.040784 0.334285 0.577785 0.033609
3 3 0.013091 0.033133 0.264558 0.653417 0.035801
3 3 0.013192 0.027980 0.208191 0.711427 0.039209
3 3 0.013130 0.025709 0.185579 0.735008 0.040574
3 3 0.013562 0.024357 0.165667 0.753138 0.043276
3 3 0.013722 0.023186 0.151968 0.766347 0.044777
3 3 0.014125 0.021604 0.132376 0.784087 0.047808
3 3 0.013916 0.019304 0.113158 0.804730 0.048892
3 3 0.013628 0.017454 0.099079 0.820372 0.049467
3 3 0.013077 0.016403 0.094116 0.828469 0.047935
3 3 0.013332 0.016497 0.092692 0.828708 0.048770
3 3 0.013256 0.016292 0.091480 0.830335 0.048636
3 3 0.013030 0.015615 0.087369 0.835507 0.048480
3 3 0.012928 0.015007 0.082953 0.840201 0.048911
3 3 0.012632 0.014668 0.082205 0.842525 0.047970
3 3 0.013289 0.016239 0.090840 0.830674 0.048958
3 3 0.014921 0.019614 0.106575 0.806541 0.052349
3 3 0.018140 0.025150 0.124653 0.771932 0.060124
3 3 0.019876 0.028374 0.134922 0.752666 0.064162
3 3 0.018568 0.026512 0.131780 0.762263 0.060877
3 3 0.016850 0.023711 0.123990 0.779187 0.056262
3 3 0.014693 0.020295 0.114385 0.799878 0.050749
3 3 0.013425 0.017642 0.102519 0.818025 0.048390
3 3 0.013222 0.016763 0.096537 0.824843 0.048634
3 3 0.013185 0.016982 0.099032 0.822336 0.048466
3 3 0.013208 0.017000 0.099178 0.821867 0.048747
3 3 0.013201 0.017261 0.101556 0.819617 0.048365
3 3 0.013508 0.017660 0.102214 0.817614 0.049003
3 3 0.014133 0.018124 0.100644 0.816249 0.050850
3 3 0.015531 0.018156 0.093885 0.817922 0.054506
3 3 0.015552 0.017203 0.086693 0.825467 0.055085
3 3 0.013569 0.014753 0.076125 0.843640 0.051912
3 3 0.012588 0.013217 0.069929 0.854704 0.049562
3 3 0.012101 0.012865 0.070186 0.857081 0.047767
3 3 0.012346 0.013403 0.073196 0.852808 0.048247
3 3 0.012506 0.013827 0.075751 0.849487 0.048429
3 3 0.012754 0.014584 0.080452 0.843727 0.048483
3 3 0.013348 0.015512 0.083889 0.837443 0.049807
3 3 0.013431 0.016142 0.088703 0.832242 0.049481
3 3 0.014248 0.017287 0.092286 0.824309 0.051870
3 3 0.017690 0.020855 0.103171 0.799457 0.058827
3 3 0.021942 0.025845 0.116720 0.768431 0.067062
3 3 0.022503 0.029226 0.129154 0.750243 0.068874
3 3 0.026372 0.030445 0.124201 0.743411 0.075571
3 3 0.058570 0.040649 0.121855 0.667910 0.111016
3 3 0.237342 0.061812 0.101651 0.410991 0.188205
0 3 0.582099 0.049949 0.059327 0.139002 0.169624
0 3 0.753521 0.030854 0.033157 0.058604 0.123864
0 3 0.805460 0.025645 0.029738 0.045002 0.094154
0 3 0.777189 0.034097 0.038496 0.048974 0.101245
0 3 0.699282 0.069238 0.075344 0.052333 0.103802
0 3 0.397508 0.202301 0.177982 0.076177 0.146032
1 3 0.186741 0.283992 0.191481 0.114194 0.223592
1 3 0.135108 0.277031 0.253840 0.093496 0.240525
2 2 0.122601 0.266998 0.286655 0.082810 0.240936
2 2 0.099802 0.233438 0.347707 0.066417 0.252635
4 2 0.103154 0.203670 0.307198 0.076926 0.309052
4 2 0.248582 0.166652 0.174090 0.109645 0.301032
0 2 0.417576 0.105733 0.083237 0.127354 0.266100
0 2 0.478562 0.090932 0.075606 0.114888 0.240011
0 2 0.410285 0.134118 0.107917 0.114437 0.233243
0 2 0.264679 0.219152 0.158138 0.119712 0.238320
1 2 0.179109 0.268753 0.175265 0.126337 0.250536
4 2 0.161580 0.254116 0.175585 0.129669 0.279049
4 2 0.142542 0.197784 0.176861 0.127556 0.355257
4 2 0.116665 0.151169 0.189264 0.112983 0.429919
4 2 0.105601 0.126800 0.181894 0.109046 0.476659
4 2 0.103500 0.115180 0.165864 0.112457 0.502999
4 2 0.098599 0.107339 0.164645 0.109394 0.520023
4 2 0.104507 0.104904 0.142392 0.120891 0.527306
4 2 0.103425 0.095941 0.127033 0.125768 0.547832
4 2 0.117842 0.111207 0.138025 0.127042 0.505883
4 2 0.238919 0.096027 0.090336 0.148529 0.426189
0 2 0.529399 0.076263 0.066078 0.105985 0.222276
0 2 0.554482 0.064695 0.056870 0.103959 0.219994
0 2 0.520609 0.077104 0.066204 0.108410 0.227673
0 2 0.340267 0.123130 0.089890 0.144312 0.302401
4 1 0.217647 0.189026 0.134263 0.144388 0.314676
4 1 0.119944 0.233041 0.273363 0.088172 0.285480
2 1 0.089445 0.231264 0.389959 0.056383 0.232949
2 1 0.069757 0.202779 0.465337 0.041947 0.220179
2 1 0.079103 0.173518 0.380545 0.057096 0.309739
4 1 0.082604 0.138719 0.299723 0.071099 0.407855
4 1 0.075869 0.076186 0.162333 0.091774 0.593839
4 1 0.075494 0.050380 0.083435 0.116838 0.673853
4 1 0.087111 0.044160 0.048056 0.155204 0.665469
4 1 0.105509 0.071507 0.074851 0.154399 0.593734
4 1 0.110916 0.105690 0.127738 0.131291 0.524365
4 1 0.123433 0.139164 0.152834 0.129415 0.455154
4 1 0.129461 0.130619 0.126760 0.144340 0.468820
4 1 0.112656 0.123819 0.155888 0.121780 0.485856
4 2 0.096721 0.115710 0.188995 0.101425 0.497148
4 2 0.092123 0.124078 0.224540 0.090202 0.469056
4 2 0.092117 0.140947 0.259649 0.083015 0.424272
4 2 0.085808 0.160385 0.324948 0.068345 0.360515
2 2 0.078664 0.171486 0.379914 0.057072 0.312863
2 2 0.072783 0.177671 0.421475 0.049316 0.278756
2 2 0.075669 0.176447 0.403513 0.052662 0.291708
2 2 0.082110 0.165919 0.352937 0.062399 0.336635
4 2 0.090385 0.138855 0.263066 0.081463 0.426232
4 2 0.094088 0.106963 0.178639 0.102292 0.518019
4 2 0.108874 0.080313 0.085302 0.150817 0.574694
4 2 0.126956 0.083630 0.064148 0.183552 0.541714
4 2 0.127543 0.084686 0.064867 0.183404 0.539499
4 2 0.118533 0.086942 0.080654 0.162612 0.551260
4 2 0.114205 0.073567 0.065643 0.170133 0.576452
4 2 0.208742 0.064661 0.045075 0.192833 0.488689
4 1 0.253230 0.071100 0.045142 0.194633 0.435896
4 1 0.218481 0.106592 0.067128 0.189302 0.418497
4 1 0.273838 0.102181 0.069697 0.172859 0.381425
0 1 0.501947 0.077681 0.065350 0.114185 0.240836
0 1 0.661275 0.048858 0.047750 0.078069 0.164048
0 1 0.754015 0.035204 0.038278 0.055891 0.116612
0 0 0.891533 0.018799 0.026620 0.020992 0.042057
0 0 0.908172 0.015754 0.023327 0.017594 0.035152
0 0 0.903211 0.018406 0.027400 0.017150 0.033833
0 0 0.687910 0.077293 0.084443 0.050726 0.099628
0 0 0.285898 0.244892 0.189842 0.095140 0.184228
2 1 0.100267 0.244486 0.353344 0.064714 0.237189
2 1 0.116298 0.261260 0.304369 0.077577 0.240497
2 1 0.101895 0.231073 0.337539 0.069085 0.260408
2 1 0.142745 0.177615 0.347964 0.061032 0.270644
0 1 0.490535 0.119893 0.118992 0.085175 0.185405
0 1 0.750827 0.046860 0.052415 0.049539 0.100358
0 1 0.824799 0.028340 0.034625 0.036879 0.075357
0 0 0.824819 0.027199 0.033067 0.037645 0.077270
0 0 0.715368 0.041169 0.042736 0.064928 0.135799
0 0 0.523741 0.047587 0.039737 0.121868 0.267067
4 0 0.248358 0.045832 0.028599 0.204129 0.473082
4 0 0.099341 0.052716 0.049435 0.169168 0.629340
4 0 0.110017 0.088709 0.098478 0.144284 0.558512
4 1 0.134239 0.152035 0.145187 0.138380 0.430160
4 1 0.132877 0.189073 0.192469 0.118454 0.367126
4 1 0.104718 0.159781 0.258716 0.087011 0.389774
4 1 0.227652 0.116992 0.196030 0.090790 0.368536
0 0 0.529304 0.061714 0.052867 0.113128 0.242987
0 0 0.637452 0.039204 0.036657 0.090697 0.195990
0 0 0.628617 0.046234 0.043207 0.089916 0.192026
0 0 0.456475 0.086868 0.070143 0.124254 0.262260
4 0 0.263325 0.164308 0.112237 0.149944 0.310185
4 0 0.158970 0.187094 0.132226 0.155025 0.366685
4 1 0.141832 0.164205 0.143281 0.142798 0.407885
4 1 0.143575 0.128895 0.098735 0.168961 0.459834
4 1 0.220311 0.134117 0.089602 0.172477 0.383493
4 1 0.174690 0.139366 0.105212 0.163858 0.416874
4 1 0.222672 0.202079 0.133945 0.145208 0.296097
4 0 0.146257 0.250126 0.209050 0.113140 0.281427
4 1 0.137551 0.254407 0.234810 0.102011 0.271220
4 1 0.126906 0.151185 0.161383 0.127910 0.432617
4 1 0.189365 0.106361 0.100006 0.150982 0.453285
4 1 0.242947 0.066874 0.048602 0.183233 0.458345
0 1 0.379177 0.074933 0.055083 0.154503 0.336304
4 1 0.201042 0.171266 0.107051 0.168445 0.352196
4 1 0.170823 0.232002 0.143821 0.149495 0.303860
4 1 0.124642 0.204867 0.232807 0.102073 0.335610
4 1 0.107844 0.125508 0.172598 0.113221 0.480829
4 1 0.104897 0.118023 0.167264 0.112965 0.496851
4 1 0.095568 0.090179 0.135255 0.116338 0.562660
4 1 0.106569 0.115406 0.157317 0.117263 0.503444
4 1 0.112121 0.140644 0.186181 0.111566 0.449489
4 1 0.104466 0.163289 0.248903 0.091083 0.392260
4 1 0.090969 0.177576 0.327084 0.069730 0.334640
2 1 0.082302 0.193408 0.389621 0.056269 0.278400
2 1 0.068448 0.200661 0.470811 0.041021 0.219060
2 1 0.061253 0.188456 0.502084 0.036002 0.212203
2 2 0.054408 0.175901 0.533886 0.031348 0.204457
2 2 0.049542 0.166359 0.557868 0.028112 0.198119
2 2 0.045494 0.157672 0.579034 0.027892 0.189909
2 2 0.050243 0.167334 0.554398 0.031965 0.196059
2 2 0.049366 0.165553 0.558856 0.031504 0.194722
2 2 0.066579 0.197533 0.478693 0.039713 0.217482
2 2 0.145633 0.204824 0.312160 0.071808 0.265574
4 2 0.229064 0.181997 0.219189 0.092739 0.277012
0 2 0.340697 0.168496 0.148601 0.106653 0.235552
0 2 0.287296 0.244350 0.189749 0.094889 0.183716
2 2 0.080429 0.217293 0.419494 0.062774 0.220010
2 2 0.034432 0.130609 0.640668 0.037370 0.156921
2 2 0.024847 0.105288 0.704695 0.032424 0.132746
2 2 0.022341 0.098049 0.723415 0.030513 0.125683
2 2 0.013666 0.070225 0.797272 0.021368 0.097470
2 2 0.012991 0.067844 0.803902 0.020650 0.094613
2 2 0.012011 0.064415 0.814613 0.020480 0.088482
2 2 0.011391 0.062205 0.821590 0.020422 0.084392
2 2 0.010327 0.058280 0.833706 0.020527 0.077161
2 2 0.010965 0.060836 0.827471 0.022775 0.077953
2 2 0.014502 0.073702 0.792628 0.027627 0.091541
2 2 0.023747 0.102147 0.712796 0.031618 0.129692
2 2 0.074595 0.175480 0.517415 0.044445 0.188065
2 2 0.108450 0.244701 0.346924 0.065732 0.234193
2 2 0.084022 0.224018 0.409513 0.052314 0.230133
2 2 0.065987 0.196373 0.481075 0.041040 0.215525
2 2 0.056735 0.179490 0.522305 0.039249 0.202221
2 2 0.054380 0.175096 0.533663 0.037351 0.199509
2 2 0.033192 0.128538 0.650302 0.027149 0.160819
2 2 0.025155 0.106742 0.704028 0.026475 0.137599
2 2 0.014225 0.072721 0.795191 0.024773 0.093090
2 2 0.008290 0.050391 0.857853 0.022289 0.061177
2 2 0.005206 0.036468 0.895971 0.019045 0.043311
2 2 0.005132 0.036112 0.896807 0.019419 0.042529
2 3 0.005068 0.035818 0.897567 0.019945 0.041602
2 3 0.004869 0.034869 0.900225 0.020254 0.039783
2 3 0.005333 0.037244 0.893822 0.022335 0.041265
2 3 0.006395 0.042369 0.879918 0.025786 0.045533
2 3 0.009466 0.055681 0.844149 0.031914 0.058790
2 3 0.013456 0.070979 0.803388 0.039571 0.072606
2 3 0.020924 0.095825 0.737981 0.053151 0.092119
2 3 0.025652 0.109782 0.704307 0.054118 0.106141
2 3 0.056457 0.174835 0.527589 0.052865 0.188253
2 3 0.090987 0.233248 0.384550 0.057553 0.233662
2 3 0.078165 0.215694 0.431624 0.047999 0.226518
2 3 0.068122 0.200128 0.472184 0.040791 0.218775
2 3 0.056913 0.179766 0.521389 0.039826 0.202106
2 3 0.052283 0.170799 0.543695 0.038018 0.195205
2 3 0.037342 0.138517 0.624740 0.030494 0.168907
2 3 0.039567 0.144044 0.611928 0.028765 0.175697
2 3 0.040613 0.146617 0.605963 0.027809 0.178998
2 3 0.042980 0.151958 0.592716 0.028644 0.183702
2 3 0.038994 0.142417 0.615044 0.031076 0.172469
2 3 0.026940 0.111298 0.690364 0.031823 0.139576
2 3 0.017938 0.085545 0.763271 0.035679 0.097567
2 3 0.012464 0.067223 0.813089 0.036357 0.070867
2 3 0.010212 0.058870 0.834392 0.038643 0.057883
2 3 0.009715 0.056960 0.838815 0.039955 0.054554
2 3 0.010098 0.058509 0.835471 0.039427 0.056495
2 3 0.010149 0.058656 0.835362 0.038239 0.057593
2 3 0.009729 0.056972 0.840068 0.037039 0.056193
2 3 0.007888 0.049284 0.860404 0.033895 0.048529
2 3 0.008142 0.050399 0.856902 0.035605 0.048952
2 3 0.007962 0.049638 0.858564 0.036095 0.047740
2 3 0.008001 0.049802 0.858140 0.036074 0.047982
2 3 0.007358 0.046936 0.865376 0.034828 0.045502
2 3 0.007431 0.047122 0.865540 0.032088 0.047820
2 3 0.007841 0.048835 0.861287 0.031096 0.050941
2 3 0.008323 0.050994 0.854808 0.034641 0.051233
2 3 0.008420 0.051522 0.852056 0.038682 0.049319
2 3 0.009775 0.057306 0.833859 0.048027 0.051033
2 3 0.009706 0.057213 0.830688 0.054844 0.047549
2 3 0.009343 0.055858 0.829415 0.061945 0.043439
2 3 0.008773 0.053545 0.832334 0.065236 0.040112
2 3 0.008511 0.052437 0.836115 0.063453 0.039485
2 3 0.008831 0.053730 0.834926 0.060816 0.041697
2 3 0.010173 0.059139 0.821021 0.062849 0.046818
2 3 0.011914 0.065828 0.804254 0.064873 0.053131
2 3 0.011204 0.063194 0.808414 0.067926 0.049261
2 3 0.009511 0.056547 0.823878 0.067371 0.042693
2 3 0.006953 0.045656 0.849436 0.065488 0.032466
2 3 0.006475 0.043545 0.848906 0.072076 0.028998
2 3 0.006181 0.042256 0.846986 0.077996 0.026582
2 3 0.006915 0.045736 0.838566 0.079938 0.028845
2 3 0.007909 0.050130 0.826931 0.082877 0.032152
