1 0 0.228939 0.245568 0.183113 0.197910 0.144470
1 0 0.231028 0.256292 0.172640 0.197568 0.142471
1 0 0.231028 0.256292 0.172640 0.197568 0.142471
1 0 0.231028 0.256292 0.172640 0.197568 0.142471
1 1 0.231028 0.256292 0.172640 0.197568 0.142471
1 1 0.231028 0.256292 0.172640 0.197568 0.142471
4 1 0.213808 0.229092 0.167448 0.140057 0.249596
1 0 0.231028 0.256292 0.172640 0.197568 0.142471
1 0 0.231028 0.256292 0.172640 0.197568 0.142471
1 0 0.231028 0.256292 0.172640 0.197568 0.142471
1 0 0.231028 0.256292 0.172640 0.197568 0.142471
1 0 0.231028 0.256292 0.172640 0.197568 0.142471
1 0 0.231028 0.256292 0.172640 0.197568 0.142471
1 0 0.229354 0.252963 0.172738 0.187594 0.157350
4 0 0.216770 0.233224 0.168827 0.146554 0.234624
1 1 0.219786 0.237558 0.170114 0.153932 0.218610
1 1 0.205544 0.252102 0.191322 0.129061 0.221971
1 1 0.189577 0.258367 0.208451 0.104534 0.239071
1 1 0.173119 0.265364 0.227896 0.084048 0.249573
4 1 0.163550 0.251627 0.223052 0.072260 0.289512
4 1 0.166640 0.260092 0.228568 0.076167 0.268533
1 1 0.181715 0.265259 0.220600 0.094777 0.237649
1 1 0.191558 0.282362 0.225712 0.113263 0.187105
1 1 0.200784 0.274250 0.211657 0.126852 0.186456
1 1 0.204513 0.273980 0.208178 0.134087 0.179241
1 1 0.206982 0.256111 0.193313 0.132744 0.210850
1 4 0.208410 0.253284 0.190095 0.134697 0.213515
1 4 0.210048 0.243665 0.181502 0.135507 0.229278
1 4 0.205157 0.252477 0.191901 0.128448 0.222017
4 4 0.198335 0.239633 0.186213 0.114975 0.260844
4 4 0.186203 0.219974 0.176421 0.096899 0.320503
4 4 0.171943 0.224709 0.190237 0.080102 0.333008
4 4 0.156751 0.230118 0.206789 0.064806 0.341535
4 4 0.149748 0.243501 0.226586 0.058792 0.321372
1 4 0.144445 0.272088 0.261180 0.055795 0.266491
2 4 0.119844 0.293329 0.346948 0.045901 0.193978
2 4 0.095855 0.280065 0.461238 0.042080 0.120762
2 4 0.063625 0.202848 0.642385 0.037830 0.053312
2 2 0.070079 0.182767 0.647024 0.051939 0.048191
2 2 0.066219 0.139044 0.690793 0.060425 0.043519
2 2 0.080380 0.141816 0.598792 0.120879 0.058133
2 2 0.105866 0.164267 0.410671 0.237647 0.081548
3 2 0.132388 0.212323 0.211529 0.337302 0.106458
3 4 0.122634 0.218445 0.193413 0.365187 0.100322
3 4 0.098422 0.201057 0.192668 0.420479 0.087374
3 4 0.080147 0.184547 0.189503 0.469384 0.076419
3 2 0.059671 0.153049 0.195435 0.527707 0.064137
3 2 0.054576 0.134380 0.246007 0.506286 0.058751
3 2 0.055775 0.128823 0.299219 0.459740 0.056444
2 2 0.051076 0.131046 0.398098 0.370096 0.049684
2 2 0.048062 0.130499 0.472754 0.303400 0.045285
2 2 0.041623 0.107893 0.527939 0.283144 0.039400
2 2 0.040153 0.089349 0.495106 0.336662 0.038731
2 2 0.032544 0.072703 0.502314 0.359270 0.033170
2 2 0.031104 0.076702 0.437604 0.420524 0.034066
3 2 0.029009 0.079405 0.386158 0.472122 0.033305
3 2 0.028350 0.081335 0.354151 0.502597 0.033567
3 2 0.025195 0.070591 0.399789 0.474243 0.030182
2 2 0.025295 0.063697 0.462292 0.419108 0.029608
2 2 0.026052 0.057621 0.540109 0.347535 0.028683
2 2 0.029671 0.059231 0.573929 0.306722 0.030448
2 2 0.036567 0.070733 0.543272 0.313560 0.035867
2 2 0.040758 0.085303 0.461122 0.371615 0.041203
3 2 0.039740 0.094829 0.373964 0.448390 0.043078
3 2 0.031584 0.088762 0.320927 0.520868 0.037859
3 2 0.026780 0.087793 0.256661 0.593983 0.034782
3 2 0.023276 0.083031 0.239337 0.622899 0.031457
3 2 0.020662 0.077833 0.231149 0.641402 0.028954
3 2 0.019549 0.072183 0.255720 0.625018 0.027530
3 2 0.018417 0.068101 0.265581 0.621562 0.026340
3 2 0.019040 0.067666 0.284309 0.602212 0.026773
3 2 0.019971 0.071003 0.272365 0.608764 0.027897
3 2 0.020910 0.075842 0.248261 0.625808 0.029178
3 2 0.020796 0.079452 0.218410 0.651974 0.029367
3 2 0.019355 0.077542 0.201265 0.673613 0.028224
3 2 0.018237 0.075524 0.187750 0.691046 0.027443
3 2 0.017951 0.074312 0.184260 0.696007 0.027470
3 2 0.018109 0.076384 0.169151 0.708378 0.027978
3 2 0.016479 0.074286 0.153039 0.730013 0.026184
3 2 0.014742 0.074117 0.136006 0.751678 0.023458
3 2 0.013700 0.073497 0.126831 0.764095 0.021877
3 2 0.013867 0.074762 0.125458 0.763944 0.021968
3 2 0.016430 0.082237 0.132207 0.744227 0.024899
3 2 0.020933 0.092834 0.144670 0.711639 0.029923
3 2 0.028732 0.101931 0.194658 0.637237 0.037443
3 2 0.030342 0.090913 0.314265 0.528928 0.035551
2 2 0.028562 0.074395 0.432896 0.432433 0.031714
2 2 0.025649 0.061168 0.514592 0.370494 0.028096
2 2 0.023410 0.058890 0.490497 0.399988 0.027214
3 2 0.023150 0.061795 0.442832 0.444030 0.028193
3 2 0.023728 0.068962 0.369931 0.507223 0.030157
3 2 0.024082 0.071890 0.348063 0.525172 0.030793
3 2 0.022675 0.070997 0.330194 0.546405 0.029728
3 2 0.022430 0.071323 0.320884 0.555686 0.029677
3 2 0.022660 0.072439 0.315010 0.559922 0.029969
3 2 0.024377 0.076187 0.313209 0.554633 0.031594
3 2 0.026683 0.079442 0.334089 0.526869 0.032917
3 2 0.029223 0.083738 0.348053 0.504626 0.034360
3 2 0.031537 0.089232 0.336295 0.506426 0.036511
3 2 0.029866 0.091901 0.286273 0.555621 0.036340
3 2 0.024137 0.088508 0.209293 0.645088 0.032974
3 2 0.018706 0.082590 0.151242 0.719192 0.028271
3 2 0.014952 0.077768 0.129001 0.755018 0.023260
3 2 0.015822 0.078140 0.136420 0.745055 0.024563
3 2 0.018488 0.080967 0.153546 0.718796 0.028202
3 2 0.023663 0.086275 0.208280 0.648814 0.032967
3 2 0.026973 0.089747 0.245371 0.602767 0.035142
3 2 0.030567 0.089929 0.302241 0.540152 0.037111
3 2 0.034896 0.094239 0.333278 0.497862 0.039725
3 2 0.041968 0.100305 0.382022 0.432721 0.042984
3 2 0.047512 0.114212 0.382709 0.408571 0.046996
2 2 0.045482 0.111492 0.413188 0.384883 0.044954
3 2 0.039319 0.099198 0.365677 0.454463 0.041343
3 2 0.030984 0.084490 0.371836 0.477552 0.035139
3 2 0.024286 0.078300 0.309568 0.557008 0.030838
3 2 0.022024 0.073178 0.303808 0.571820 0.029170
3 2 0.021959 0.075183 0.272838 0.600024 0.029996
3 2 0.025234 0.080655 0.282985 0.577975 0.033151
3 2 0.029884 0.092384 0.268300 0.571984 0.037449
3 2 0.033749 0.099855 0.271285 0.554597 0.040515
3 2 0.031201 0.095032 0.275852 0.559899 0.038016
3 2 0.026600 0.085924 0.268327 0.584736 0.034414
3 2 0.022686 0.077592 0.257399 0.611013 0.031310
3 2 0.021179 0.073991 0.257344 0.617621 0.029865
3 2 0.021579 0.071638 0.302262 0.575476 0.029045
3 2 0.023456 0.066495 0.419424 0.462626 0.028000
2 2 0.028368 0.061823 0.568571 0.313269 0.027968
2 2 0.034409 0.066001 0.640671 0.229030 0.029889
2 2 0.060286 0.092527 0.605812 0.196527 0.044849
2 2 0.124163 0.143872 0.446464 0.202939 0.082561
1 2 0.231028 0.256292 0.172640 0.197568 0.142471
1 2 0.231028 0.256292 0.172640 0.197568 0.142471
1 0 0.231028 0.256292 0.172640 0.197568 0.142471
1 0 0.231028 0.256292 0.172640 0.197568 0.142471
1 0 0.231028 0.256292 0.172640 0.197568 0.142471
1 0 0.231028 0.256292 0.172640 0.197568 0.142471
1 0 0.231028 0.256292 0.172640 0.197568 0.142471
1 0 0.231028 0.256292 0.172640 0.197568 0.142471
1 0 0.231028 0.256292 0.172640 0.197568 0.142471
1 0 0.226184 0.264392 0.181741 0.187007 0.140675
1 0 0.229661 0.258628 0.175230 0.194506 0.141974
1 0 0.231028 0.256292 0.172640 0.197568 0.142471
1 0 0.231028 0.256292 0.172640 0.197568 0.142471
1 0 0.231028 0.256292 0.172640 0.197568 0.142471
1 0 0.231028 0.256292 0.172640 0.197568 0.142471
1 0 0.231028 0.256292 0.172640 0.197568 0.142471
1 0 0.231028 0.256292 0.172640 0.197568 0.142471
1 0 0.231028 0.256292 0.172640 0.197568 0.142471
1 0 0.231028 0.256292 0.172640 0.197568 0.142471
1 0 0.231028 0.256292 0.172640 0.197568 0.142471
1 0 0.231028 0.256292 0.172640 0.197568 0.142471
1 0 0.231028 0.256292 0.172640 0.197568 0.142471
1 0 0.231028 0.256292 0.172640 0.197568 0.142471
1 0 0.231028 0.256292 0.172640 0.197568 0.142471
1 0 0.231028 0.256292 0.172640 0.197568 0.142471
1 0 0.231028 0.256292 0.172640 0.197568 0.142471
1 0 0.231028 0.256292 0.172640 0.197568 0.142471
1 0 0.231028 0.256292 0.172640 0.197568 0.142471
1 0 0.231028 0.256292 0.172640 0.197568 0.142471
1 0 0.231028 0.256292 0.172640 0.197568 0.142471
1 0 0.216112 0.279828 0.200125 0.167270 0.136666
1 1 0.216633 0.279071 0.199188 0.168227 0.136882
1 0 0.195093 0.298989 0.240425 0.141733 0.123760
1 0 0.193015 0.294381 0.246649 0.146041 0.119913
1 0 0.172720 0.281334 0.252556 0.181053 0.112337
1 0 0.190954 0.251042 0.189777 0.240580 0.127647
1 0 0.191234 0.249325 0.194626 0.240080 0.124736
1 0 0.222549 0.255062 0.175075 0.207377 0.139937
1 0 0.231028 0.256292 0.172640 0.197568 0.142471
1 0 0.231028 0.256292 0.172640 0.197568 0.142471
1 0 0.231028 0.256292 0.172640 0.197568 0.142471
1 0 0.231028 0.256292 0.172640 0.197568 0.142471
1 1 0.231028 0.256292 0.172640 0.197568 0.142471
1 1 0.231028 0.256292 0.172640 0.197568 0.142471
1 0 0.231028 0.256292 0.172640 0.197568 0.142471
1 0 0.231028 0.256292 0.172640 0.197568 0.142471
1 0 0.231028 0.256292 0.172640 0.197568 0.142471
1 0 0.231028 0.256292 0.172640 0.197568 0.142471
1 0 0.231028 0.256292 0.172640 0.197568 0.142471
1 0 0.205198 0.294806 0.219498 0.148520 0.131978
1 0 0.182222 0.279618 0.232068 0.098206 0.207886
1 0 0.188632 0.298471 0.239521 0.114451 0.158924
1 4 0.199996 0.285883 0.220159 0.130298 0.163664
4 4 0.183873 0.248494 0.204191 0.095472 0.267971
1 4 0.178040 0.275748 0.232639 0.091740 0.221833
1 4 0.172325 0.281106 0.242336 0.085481 0.218752
1 4 0.167665 0.283117 0.248449 0.080256 0.220513
1 4 0.172189 0.281977 0.243197 0.085473 0.217163
1 4 0.172569 0.288938 0.248568 0.087350 0.202576
1 4 0.168785 0.294016 0.256398 0.083722 0.197078
1 4 0.166702 0.273102 0.240525 0.077667 0.242004
4 4 0.170278 0.242108 0.208441 0.078831 0.300342
4 4 0.175209 0.199007 0.162736 0.084174 0.378874
4 4 0.148366 0.149831 0.125876 0.061687 0.514240
4 4 0.123373 0.122287 0.107344 0.044449 0.602547
4 4 0.106260 0.103947 0.094115 0.034603 0.661075
4 4 0.095687 0.092807 0.085735 0.029180 0.696591
4 4 0.092734 0.089721 0.083367 0.027749 0.706431
4 4 0.095739 0.092861 0.085776 0.029205 0.696419
4 4 0.098256 0.095500 0.087785 0.030454 0.688004
4 4 0.086966 0.083725 0.078706 0.025053 0.725549
4 4 0.092965 0.089962 0.083553 0.027860 0.705660
4 4 0.114696 0.112938 0.100688 0.039282 0.632397
4 4 0.117639 0.116098 0.102958 0.040993 0.622312
4 4 0.111740 0.109777 0.098396 0.037605 0.642481
4 4 0.105204 0.102828 0.093285 0.034040 0.664644
4 4 0.096353 0.093505 0.086268 0.029508 0.694366
4 4 0.089025 0.085861 0.080375 0.026000 0.718738
4 4 0.110739 0.108709 0.097617 0.037046 0.645889
4 4 0.119997 0.118638 0.104768 0.042394 0.614203
4 4 0.138213 0.138524 0.118468 0.054221 0.550575
4 4 0.153333 0.155426 0.129434 0.065607 0.496201
4 4 0.174648 0.238849 0.202049 0.083549 0.300905
1 4 0.158052 0.333225 0.295975 0.082063 0.130685
1 4 0.168324 0.319950 0.275441 0.090951 0.145333
1 4 0.178854 0.314581 0.259938 0.105040 0.141587
1 4 0.207479 0.291808 0.215483 0.152246 0.132984
1 0 0.225714 0.256326 0.182965 0.198427 0.136567
1 0 0.229957 0.256319 0.174703 0.197758 0.141263
1 0 0.231028 0.256292 0.172640 0.197568 0.142471
1 0 0.231028 0.256292 0.172640 0.197568 0.142471
1 0 0.231028 0.256292 0.172640 0.197568 0.142471
1 0 0.231028 0.256292 0.172640 0.197568 0.142471
1 0 0.231028 0.256292 0.172640 0.197568 0.142471
1 0 0.231028 0.256292 0.172640 0.197568 0.142471
1 0 0.231028 0.256292 0.172640 0.197568 0.142471
1 0 0.229469 0.253179 0.172742 0.188196 0.156413
1 0 0.223202 0.242681 0.171384 0.163583 0.199150
4 0 0.195641 0.205408 0.157487 0.109640 0.331825
4 0 0.168789 0.173146 0.140204 0.079144 0.438716
4 0 0.199999 0.210899 0.160052 0.115888 0.313162
1 0 0.217521 0.234289 0.169159 0.148310 0.230721
1 0 0.220206 0.238175 0.170283 0.155036 0.216299
1 0 0.225221 0.245859 0.172002 0.170210 0.186708
1 0 0.230663 0.255526 0.172697 0.195130 0.145984
1 0 0.231028 0.256292 0.172640 0.197568 0.142471
1 0 0.231028 0.256292 0.172640 0.197568 0.142471
1 0 0.231028 0.256292 0.172640 0.197568 0.142471
1 0 0.231028 0.256292 0.172640 0.197568 0.142471
1 0 0.231028 0.256292 0.172640 0.197568 0.142471
1 0 0.231028 0.256292 0.172640 0.197568 0.142471
1 0 0.231028 0.256292 0.172640 0.197568 0.142471
1 0 0.228842 0.260009 0.176773 0.192703 0.141673
1 1 0.210191 0.288155 0.210688 0.156803 0.134162
2 4 0.162391 0.303609 0.314891 0.121182 0.097928
2 4 0.122334 0.219254 0.452185 0.133491 0.072736
2 4 0.099137 0.175496 0.434379 0.222760 0.068228
2 4 0.077053 0.145470 0.366188 0.348122 0.063166
3 4 0.069413 0.148311 0.291556 0.426045 0.064675
3 2 0.085819 0.176548 0.224691 0.433077 0.079864
3 2 0.128964 0.206628 0.212369 0.345302 0.106737
3 2 0.188751 0.247648 0.183787 0.251156 0.128658
1 2 0.228937 0.256011 0.173249 0.199947 0.141856
1 2 0.231028 0.256292 0.172640 0.197568 0.142471
1 2 0.231028 0.256292 0.172640 0.197568 0.142471
1 2 0.231028 0.256292 0.172640 0.197568 0.142471
1 2 0.231028 0.256292 0.172640 0.197568 0.142471
1 2 0.229833 0.253873 0.172747 0.190169 0.153379
1 2 0.228780 0.251904 0.172699 0.184715 0.161902
1 2 0.231028 0.256292 0.172640 0.197568 0.142471
1 2 0.231028 0.256292 0.172640 0.197568 0.142471
1 2 0.231028 0.256292 0.172640 0.197568 0.142471
1 2 0.231028 0.256292 0.172640 0.197568 0.142471
1 2 0.231028 0.256292 0.172640 0.197568 0.142471
1 2 0.231028 0.256292 0.172640 0.197568 0.142471
1 0 0.231028 0.256292 0.172640 0.197568 0.142471
1 0 0.231028 0.256292 0.172640 0.197568 0.142471
1 0 0.192900 0.307843 0.241855 0.131962 0.125440
1 1 0.180594 0.323393 0.262225 0.113398 0.120390
1 1 0.174529 0.327779 0.271961 0.104817 0.120914
1 2 0.193931 0.308329 0.238991 0.131088 0.127661
1 2 0.196908 0.277054 0.245118 0.160142 0.120778
1 2 0.231028 0.256292 0.172640 0.197568 0.142471
1 2 0.212561 0.277982 0.207939 0.169441 0.132078
1 2 0.189961 0.298662 0.252124 0.140417 0.118836
1 2 0.184370 0.301510 0.263863 0.135300 0.114958
1 2 0.180116 0.282528 0.241861 0.178303 0.117193
2 2 0.104943 0.198640 0.398747 0.221264 0.076405
2 2 0.110073 0.189676 0.325028 0.293007 0.082217
2 2 0.112659 0.217516 0.349379 0.241188 0.079258
2 2 0.120093 0.252521 0.403941 0.148131 0.075314
2 2 0.095653 0.224386 0.543818 0.079159 0.056985
2 2 0.068775 0.155037 0.669742 0.064314 0.042132
2 2 0.045006 0.083069 0.789018 0.054679 0.028228
2 2 0.037561 0.064379 0.805362 0.067975 0.024724
2 2 0.036917 0.062055 0.794795 0.081183 0.025050
2 2 0.040230 0.069223 0.730793 0.130613 0.029141
2 2 0.037133 0.062469 0.673384 0.197649 0.029365
2 2 0.030273 0.058668 0.625191 0.258322 0.027546
2 2 0.025949 0.056729 0.577126 0.313632 0.026563
2 2 0.023384 0.053710 0.564754 0.332942 0.025210
2 2 0.021519 0.049121 0.589749 0.316393 0.023219
2 2 0.022335 0.045782 0.652390 0.257384 0.022109
2 2 0.022040 0.042061 0.741665 0.174367 0.019868
2 2 0.021305 0.038916 0.810165 0.111906 0.017709
2 2 0.019928 0.035034 0.849912 0.079369 0.015758
2 2 0.022811 0.041950 0.860880 0.057575 0.016785
2 2 0.024063 0.049049 0.872148 0.038306 0.016434
2 2 0.027220 0.060523 0.863412 0.030854 0.017991
2 2 0.027142 0.064214 0.861367 0.029323 0.017954
2 2 0.035861 0.073692 0.823908 0.042853 0.023686
2 2 0.039916 0.077934 0.796747 0.058938 0.026465
2 2 0.043474 0.084184 0.760641 0.082206 0.029495
2 2 0.040903 0.079109 0.766830 0.085051 0.028107
2 2 0.042600 0.078346 0.729013 0.118866 0.031175
2 2 0.037981 0.068593 0.675663 0.186734 0.031029
2 2 0.036608 0.073662 0.548509 0.307135 0.034085
2 2 0.030824 0.075774 0.448376 0.411693 0.033333
3 2 0.026022 0.071490 0.406493 0.465279 0.030717
3 2 0.021353 0.064933 0.376340 0.509955 0.027419
3 2 0.023675 0.069186 0.376960 0.500594 0.029585
3 2 0.033292 0.086017 0.361474 0.480546 0.038672
3 2 0.063879 0.137710 0.287542 0.447145 0.063724
3 2 0.078210 0.157786 0.285914 0.407556 0.070534
2 2 0.067369 0.132020 0.371539 0.369843 0.059229
2 2 0.056466 0.113218 0.416072 0.363210 0.051034
2 2 0.058107 0.115400 0.411185 0.362959 0.052350
2 4 0.052887 0.107135 0.430663 0.361002 0.048313
3 4 0.046578 0.107273 0.374236 0.425358 0.046554
3 4 0.037192 0.092468 0.378309 0.451798 0.040233
3 4 0.030421 0.078893 0.393457 0.462078 0.035152
3 4 0.028774 0.071657 0.430824 0.435417 0.033329
2 4 0.031324 0.073703 0.450186 0.409966 0.034820
2 2 0.038289 0.079454 0.501181 0.343671 0.037405
2 2 0.040317 0.080047 0.536859 0.306398 0.036378
2 2 0.041161 0.077577 0.571898 0.274172 0.035191
2 2 0.040086 0.076914 0.561527 0.286149 0.035323
2 2 0.052816 0.095229 0.502847 0.303183 0.045926
2 2 0.089057 0.130215 0.436402 0.274432 0.069894
2 2 0.175298 0.206400 0.272705 0.228260 0.117337
1 2 0.231028 0.256292 0.172640 0.197568 0.142471
1 2 0.231028 0.256292 0.172640 0.197568 0.142471
1 2 0.231028 0.256292 0.172640 0.197568 0.142471
1 2 0.231028 0.256292 0.172640 0.197568 0.142471
1 2 0.231028 0.256292 0.172640 0.197568 0.142471
1 0 0.231028 0.256292 0.172640 0.197568 0.142471
1 0 0.231028 0.256292 0.172640 0.197568 0.142471
1 0 0.197830 0.304059 0.232381 0.137088 0.128643
2 1 0.138012 0.344576 0.348584 0.075824 0.093003
2 1 0.087242 0.306562 0.501275 0.052099 0.052823
2 2 0.029054 0.085646 0.839204 0.027850 0.018247
2 2 0.023070 0.043918 0.885737 0.032676 0.014600
2 2 0.022382 0.034950 0.866838 0.060336 0.015494
2 2 0.023085 0.033492 0.815049 0.110709 0.017664
2 2 0.022856 0.035732 0.769129 0.153085 0.019197
2 2 0.023233 0.038834 0.737445 0.179908 0.020581
2 2 0.023881 0.041894 0.707194 0.204951 0.022081
2 2 0.028962 0.049258 0.685665 0.210390 0.025725
2 2 0.031304 0.055742 0.717546 0.169021 0.026387
2 2 0.035802 0.063161 0.757718 0.115772 0.027547
2 2 0.043468 0.075785 0.752020 0.097595 0.031132
2 2 0.054865 0.096530 0.700706 0.109629 0.038271
2 2 0.045163 0.085216 0.710785 0.125014 0.033823
2 2 0.035677 0.068117 0.709500 0.157528 0.029177
2 2 0.034616 0.060206 0.666157 0.209246 0.029775
2 2 0.048767 0.074101 0.608611 0.228060 0.040461
2 2 0.095089 0.114551 0.505408 0.214669 0.070282
2 2 0.196429 0.212443 0.253960 0.208927 0.128241
1 2 0.219437 0.255549 0.193114 0.200756 0.131145
1 2 0.194548 0.303013 0.240140 0.137350 0.124950
2 2 0.091654 0.189894 0.552024 0.106526 0.059902
2 2 0.041710 0.081036 0.761900 0.085148 0.030207
2 2 0.041499 0.077533 0.777793 0.074517 0.028658
2 2 0.046030 0.075189 0.789859 0.059001 0.029922
2 2 0.056660 0.083177 0.733667 0.088852 0.037645
2 2 0.070118 0.095133 0.667797 0.120011 0.046942
2 2 0.065357 0.083536 0.670780 0.135294 0.045034
2 2 0.051083 0.069053 0.716099 0.127418 0.036349
2 2 0.038662 0.058936 0.771688 0.102907 0.027807
2 2 0.029457 0.053330 0.816462 0.079410 0.021342
2 2 0.023346 0.044298 0.851716 0.063712 0.016928
2 2 0.021932 0.038502 0.845103 0.077908 0.016555
2 2 0.021873 0.034670 0.816190 0.109857 0.017409
2 2 0.021585 0.036979 0.741394 0.180633 0.019409
2 2 0.022850 0.045040 0.660662 0.248877 0.022573
2 2 0.027489 0.061719 0.539015 0.342929 0.028848
2 2 0.032797 0.075680 0.480160 0.377553 0.033810
2 2 0.034696 0.080750 0.460702 0.388310 0.035541
2 2 0.036045 0.076451 0.511914 0.340433 0.035157
2 2 0.036238 0.068677 0.585519 0.276748 0.032819
2 2 0.035924 0.059304 0.661604 0.213123 0.030045
2 2 0.033419 0.052745 0.693315 0.192710 0.027812
2 2 0.027141 0.044923 0.707665 0.196160 0.024111
2 2 0.022821 0.041027 0.701034 0.213382 0.021737
2 2 0.022419 0.045094 0.645575 0.263939 0.022974
2 2 0.037417 0.064299 0.599997 0.263293 0.034995
2 2 0.086746 0.120747 0.467213 0.257381 0.067913
2 2 0.188493 0.221709 0.268796 0.206757 0.114246
2 2 0.133052 0.228910 0.435122 0.125158 0.077759
2 2 0.087527 0.186616 0.593149 0.079924 0.052783
2 2 0.059462 0.116233 0.721175 0.065854 0.037277
2 2 0.036718 0.065225 0.783224 0.088563 0.026269
2 2 0.024368 0.040835 0.801992 0.113168 0.019637
2 2 0.025518 0.045031 0.744929 0.162773 0.021748
2 2 0.023817 0.044167 0.768806 0.143321 0.019889
2 2 0.022737 0.039606 0.809433 0.110235 0.017990
2 2 0.023041 0.035803 0.811344 0.111749 0.018064
2 2 0.022352 0.034075 0.780049 0.144898 0.018626
2 2 0.020006 0.037479 0.710798 0.212279 0.019438
2 2 0.020370 0.047014 0.589617 0.320455 0.022544
2 2 0.019466 0.052638 0.493378 0.410932 0.023586
2 2 0.019623 0.053578 0.477486 0.425104 0.024208
2 2 0.022939 0.058125 0.486510 0.405376 0.027050
2 2 0.027759 0.065913 0.487231 0.388379 0.030719
2 2 0.031779 0.075073 0.460527 0.398508 0.034113
2 2 0.037777 0.084613 0.452407 0.386721 0.038481
2 2 0.051792 0.096998 0.471975 0.331820 0.047415
2 2 0.096770 0.133284 0.443773 0.253558 0.072615
2 2 0.166934 0.196170 0.318890 0.212517 0.105489
1 2 0.208440 0.251339 0.220481 0.199796 0.119944
1 2 0.181779 0.282258 0.275686 0.154507 0.105769
2 2 0.154847 0.297795 0.335783 0.120900 0.090676
2 2 0.103695 0.245016 0.506843 0.083135 0.061311
2 2 0.068706 0.150793 0.648530 0.086665 0.045307
2 2 0.041745 0.088188 0.741660 0.097010 0.031397
2 2 0.050262 0.098038 0.655010 0.156702 0.039988
2 2 0.053297 0.105125 0.633842 0.165760 0.041975
2 2 0.055462 0.116811 0.653621 0.133262 0.040844
2 2 0.051323 0.116378 0.703651 0.093588 0.035061
2 2 0.039884 0.094140 0.773704 0.065504 0.026768
2 2 0.032588 0.069627 0.825708 0.050792 0.021284
2 2 0.023942 0.044463 0.876122 0.039829 0.015643
2 2 0.018201 0.031187 0.908620 0.030324 0.011668
2 2 0.016171 0.025770 0.915748 0.031699 0.010613
2 2 0.016487 0.025264 0.900900 0.045722 0.011627
2 2 0.017689 0.026574 0.859917 0.082070 0.013749
2 2 0.018777 0.029652 0.792226 0.143060 0.016286
2 2 0.017657 0.032041 0.743800 0.189354 0.017148
2 2 0.016918 0.034939 0.686867 0.243202 0.018073
2 2 0.016428 0.037437 0.633120 0.294094 0.018921
2 2 0.015734 0.038365 0.597524 0.329308 0.019069
2 2 0.014588 0.039481 0.545693 0.381385 0.018853
2 2 0.015174 0.041126 0.537012 0.387201 0.019488
3 2 0.015103 0.046223 0.452040 0.466060 0.020574
3 2 0.015883 0.052734 0.376305 0.532678 0.022400
3 2 0.014495 0.056239 0.278463 0.628577 0.022226
3 2 0.014796 0.060269 0.240600 0.661350 0.022985
3 2 0.013857 0.058924 0.225108 0.680006 0.022105
3 2 0.014203 0.059822 0.220831 0.682416 0.022728
3 2 0.014921 0.062380 0.215001 0.684050 0.023648
3 2 0.014991 0.065316 0.187018 0.708558 0.024117
3 3 0.013175 0.062914 0.153490 0.747922 0.022499
3 3 0.010263 0.057536 0.129719 0.784142 0.018339
3 3 0.009378 0.056126 0.121180 0.796388 0.016928
3 3 0.009037 0.056263 0.115670 0.802749 0.016281
3 3 0.009409 0.057357 0.117909 0.798514 0.016811
3 3 0.009029 0.056123 0.115969 0.802592 0.016286
3 3 0.009382 0.057891 0.115938 0.800102 0.016686
3 3 0.009287 0.059459 0.110192 0.804761 0.016301
3 3 0.009070 0.058655 0.109329 0.806930 0.016016
3 3 0.008212 0.055378 0.105745 0.815797 0.014868
3 3 0.007541 0.052700 0.102731 0.823082 0.013946
3 3 0.007230 0.051425 0.101267 0.826565 0.013513
3 3 0.006835 0.049768 0.099337 0.831105 0.012955
3 3 0.007269 0.051585 0.101453 0.826126 0.013567
3 3 0.007937 0.054294 0.104535 0.818740 0.014493
3 3 0.009043 0.057651 0.111726 0.805478 0.016101
3 3 0.009781 0.057762 0.122072 0.792954 0.017431
3 3 0.010292 0.057566 0.130043 0.783711 0.018387
3 3 0.010539 0.059017 0.128951 0.782878 0.018615
3 3 0.010070 0.059554 0.120825 0.791853 0.017697
3 3 0.009031 0.056994 0.113425 0.804383 0.016168
3 3 0.008250 0.054252 0.109571 0.812838 0.015089
3 3 0.007830 0.053490 0.105125 0.819162 0.014394
3 3 0.007737 0.053492 0.103631 0.820923 0.014217
3 3 0.007744 0.053523 0.103666 0.820838 0.014228
3 3 0.007472 0.052419 0.102411 0.823847 0.013851
3 3 0.007249 0.051503 0.101358 0.826350 0.013539
3 3 0.007028 0.050581 0.100288 0.828876 0.013228
3 3 0.007591 0.052903 0.102962 0.822529 0.014016
3 3 0.010442 0.063609 0.114541 0.793616 0.017792
3 3 0.018240 0.080698 0.152067 0.721123 0.027872
3 3 0.040301 0.113944 0.238097 0.559776 0.047881
3 3 0.072473 0.143617 0.352708 0.369633 0.061569
2 0 0.094946 0.177571 0.496516 0.169996 0.060970
2 2 0.090320 0.189518 0.580057 0.088383 0.051721
2 2 0.079660 0.176667 0.620235 0.077460 0.045978
2 2 0.069029 0.136345 0.678523 0.075450 0.040652
2 2 0.066261 0.118531 0.698212 0.077126 0.039871
2 2 0.092235 0.164074 0.591470 0.097502 0.054719
2 2 0.114783 0.244211 0.475299 0.099970 0.065737
2 2 0.129536 0.295979 0.400471 0.100106 0.073908
2 2 0.125581 0.296078 0.410592 0.096150 0.071599
2 2 0.123104 0.295294 0.417399 0.094226 0.069977
2 1 0.099709 0.288441 0.482443 0.073535 0.055873
2 4 0.076342 0.282296 0.547593 0.050339 0.043430
2 4 0.066563 0.272536 0.581053 0.040660 0.039188
2 4 0.076370 0.252198 0.574836 0.048821 0.047775
2 4 0.099769 0.246498 0.501666 0.056053 0.096015
4 4 0.146886 0.254615 0.253619 0.059895 0.284985
4 4 0.129813 0.153819 0.140318 0.045754 0.530296
4 4 0.099974 0.097306 0.089151 0.031322 0.682247
4 4 0.087230 0.083999 0.078920 0.025174 0.724677
4 4 0.087626 0.084409 0.079242 0.025355 0.723367
4 4 0.072515 0.068888 0.066820 0.018858 0.772919
4 4 0.084103 0.080764 0.076375 0.023763 0.734994
4 4 0.078855 0.075364 0.072072 0.021479 0.752230
4 4 0.072262 0.068631 0.066610 0.018757 0.773741
4 4 0.085040 0.081732 0.077139 0.024181 0.731908
4 4 0.093198 0.090204 0.083739 0.027971 0.704888
4 4 0.076694 0.073151 0.070289 0.020569 0.759297
4 4 0.069889 0.066221 0.064628 0.017815 0.781447
4 4 0.054951 0.051223 0.051948 0.012357 0.829520
4 4 0.052833 0.049121 0.050120 0.011647 0.836278
4 4 0.047225 0.043590 0.045241 0.009847 0.854097
4 4 0.059998 0.056256 0.056272 0.014112 0.813362
4 4 0.087827 0.084617 0.079404 0.025447 0.722705
4 4 0.135959 0.136036 0.116800 0.052654 0.558552
4 4 0.174263 0.179549 0.143893 0.084516 0.417779
4 4 0.197563 0.207818 0.158629 0.112335 0.323655
4 4 0.193972 0.203329 0.156482 0.107374 0.338842
4 4 0.153573 0.155698 0.129606 0.065801 0.495323
4 4 0.119913 0.118547 0.104703 0.042344 0.614494
4 4 0.092058 0.089016 0.082823 0.027426 0.708676
4 4 0.076302 0.072750 0.069964 0.020406 0.760579
4 4 0.074118 0.070521 0.068154 0.019507 0.767701
4 4 0.074827 0.071243 0.068742 0.019797 0.765392
4 4 0.075666 0.072100 0.069437 0.020142 0.762655
4 4 0.087201 0.083968 0.078897 0.025160 0.724774
4 4 0.148126 0.149561 0.125702 0.061502 0.515109
4 4 0.151154 0.152966 0.127879 0.063864 0.504136
4 4 0.172070 0.176975 0.142424 0.082322 0.426209
4 4 0.187933 0.195903 0.152758 0.099670 0.363737
4 4 0.194045 0.203420 0.156527 0.107472 0.338536
4 4 0.154178 0.156383 0.130036 0.066293 0.493111
4 4 0.156511 0.159030 0.131688 0.068216 0.484556
4 4 0.158676 0.172768 0.145035 0.068827 0.454695
4 4 0.165947 0.181785 0.150499 0.075327 0.426443
4 4 0.162237 0.198104 0.169541 0.070539 0.399579
4 4 0.157547 0.203453 0.178165 0.065811 0.395023
4 4 0.146676 0.213375 0.196622 0.055912 0.387414
4 4 0.137148 0.219026 0.210668 0.048230 0.384928
4 4 0.134834 0.259735 0.258379 0.047291 0.299761
2 4 0.129100 0.308433 0.323730 0.049363 0.189373
2 4 0.141809 0.306694 0.313735 0.063596 0.174167
1 4 0.156596 0.314262 0.309604 0.090270 0.129269
1 0 0.215488 0.279684 0.200769 0.165116 0.138943
1 0 0.187476 0.316037 0.250334 0.122397 0.123756
1 0 0.152909 0.347940 0.310088 0.081837 0.107226
1 0 0.162171 0.326189 0.286683 0.084799 0.140159
2 0 0.127902 0.356016 0.363346 0.063632 0.089105
2 0 0.113117 0.338114 0.413126 0.061402 0.074241
1 0 0.166365 0.337189 0.286843 0.096442 0.113161
1 0 0.162191 0.322323 0.305898 0.105474 0.104114
1 0 0.194446 0.291490 0.244310 0.149685 0.120069
1 0 0.202428 0.275071 0.230174 0.171386 0.120940
1 0 0.189427 0.279855 0.258475 0.161023 0.111220
1 0 0.191819 0.285351 0.251858 0.155659 0.115312
1 0 0.216361 0.279466 0.199677 0.167727 0.136769
1 0 0.224275 0.267455 0.185276 0.183052 0.139942
1 0 0.231028 0.256292 0.172640 0.197568 0.142471
1 0 0.231028 0.256292 0.172640 0.197568 0.142471
1 0 0.231028 0.256292 0.172640 0.197568 0.142471
1 0 0.231028 0.256292 0.172640 0.197568 0.142471
1 0 0.231028 0.256292 0.172640 0.197568 0.142471
1 0 0.231028 0.256292 0.172640 0.197568 0.142471
1 0 0.231028 0.256292 0.172640 0.197568 0.142471
1 0 0.231028 0.256292 0.172640 0.197568 0.142471
1 0 0.231028 0.256292 0.172640 0.197568 0.142471
1 0 0.231028 0.256292 0.172640 0.197568 0.142471
1 0 0.231028 0.256292 0.172640 0.197568 0.142471
1 0 0.231028 0.256292 0.172640 0.197568 0.142471
1 0 0.227509 0.249659 0.172526 0.178982 0.171324
4 0 0.202745 0.214411 0.161620 0.120101 0.301123
4 0 0.209654 0.223461 0.165367 0.131892 0.269626
1 0 0.218419 0.235576 0.169547 0.150479 0.225978
1 0 0.227661 0.249921 0.172552 0.179627 0.170239
1 0 0.229911 0.254023 0.172746 0.190606 0.152714
1 0 0.230306 0.254801 0.172730 0.192908 0.149254
1 0 0.231028 0.256292 0.172640 0.197568 0.142471
1 0 0.231028 0.256292 0.172640 0.197568 0.142471
1 0 0.231028 0.256292 0.172640 0.197568 0.142471
1 0 0.231028 0.256292 0.172640 0.197568 0.142471
1 0 0.231028 0.256292 0.172640 0.197568 0.142471
1 0 0.231028 0.256292 0.172640 0.197568 0.142471
1 0 0.231028 0.256292 0.172640 0.197568 0.142471
1 1 0.231028 0.256292 0.172640 0.197568 0.142471
1 1 0.231028 0.256292 0.172640 0.197568 0.142471
1 1 0.231028 0.256292 0.172640 0.197568 0.142471
1 1 0.229228 0.259360 0.176047 0.193550 0.141815
1 1 0.219814 0.274354 0.193438 0.174216 0.138179
1 1 0.208513 0.290426 0.213657 0.153968 0.133435
1 1 0.202142 0.298721 0.224856 0.143671 0.130610
1 1 0.205546 0.294353 0.218887 0.149082 0.132132
1 4 0.208701 0.290174 0.213326 0.154282 0.133517
1 4 0.205589 0.294297 0.218811 0.149153 0.132151
1 4 0.173893 0.330122 0.273804 0.105152 0.117030
1 4 0.151839 0.335295 0.305328 0.074910 0.132628
2 4 0.118589 0.337885 0.384486 0.054579 0.104462
2 4 0.100368 0.323305 0.441672 0.047194 0.087460
2 2 0.060535 0.210001 0.650188 0.035523 0.043754
2 2 0.054802 0.191720 0.682299 0.034316 0.036863
2 2 0.053691 0.186677 0.689489 0.034015 0.036129
2 2 0.061251 0.201581 0.657172 0.038922 0.041075
2 2 0.068222 0.211535 0.630838 0.043278 0.046128
2 2 0.067268 0.209550 0.634969 0.042723 0.045490
2 2 0.060918 0.202318 0.657570 0.037716 0.041478
2 2 0.054808 0.188522 0.685143 0.034110 0.037416
2 2 0.053619 0.184026 0.691941 0.033285 0.037128
2 2 0.061750 0.200374 0.655344 0.037377 0.045155
2 2 0.071722 0.235524 0.599738 0.041715 0.051301
2 2 0.095431 0.306629 0.478266 0.051057 0.068619
2 2 0.098928 0.329197 0.450893 0.050698 0.070283
2 2 0.094095 0.327486 0.462732 0.046595 0.069092
2 2 0.073567 0.282495 0.553067 0.037685 0.053186
2 2 0.061779 0.245467 0.615628 0.033013 0.044113
2 2 0.047895 0.186491 0.704468 0.029552 0.031595
2 2 0.038329 0.145132 0.765328 0.025718 0.025493
2 2 0.030595 0.108789 0.817392 0.022431 0.020794
2 2 0.028826 0.094116 0.834596 0.022654 0.019807
2 2 0.039997 0.124662 0.778278 0.029564 0.027499
2 2 0.063886 0.188679 0.658624 0.040891 0.047919
2 2 0.105194 0.282854 0.448820 0.048906 0.114227
2 2 0.132830 0.317595 0.325702 0.053857 0.170016
1 2 0.138179 0.318707 0.311565 0.056235 0.175314
2 2 0.126342 0.333443 0.355400 0.054493 0.130322
2 2 0.100879 0.313164 0.436956 0.043280 0.105722
2 2 0.075823 0.224158 0.588285 0.039599 0.072135
2 2 0.050571 0.142881 0.731214 0.033492 0.041841
2 2 0.047728 0.130635 0.747829 0.032494 0.041314
2 2 0.068465 0.191821 0.635618 0.040469 0.063628
2 2 0.114785 0.314160 0.412784 0.060856 0.097415
1 2 0.160328 0.325268 0.298101 0.089749 0.126554
1 2 0.203349 0.297189 0.222743 0.145567 0.131153
1 0 0.231028 0.256292 0.172640 0.197568 0.142471
1 0 0.231028 0.256292 0.172640 0.197568 0.142471
1 0 0.231028 0.256292 0.172640 0.197568 0.142471
1 0 0.231028 0.256292 0.172640 0.197568 0.142471
1 0 0.231028 0.256292 0.172640 0.197568 0.142471
1 0 0.231028 0.256292 0.172640 0.197568 0.142471
1 0 0.231028 0.256292 0.172640 0.197568 0.142471
1 0 0.231028 0.256292 0.172640 0.197568 0.142471
1 0 0.231028 0.256292 0.172640 0.197568 0.142471
1 0 0.231028 0.256292 0.172640 0.197568 0.142471
1 0 0.231028 0.256292 0.172640 0.197568 0.142471
1 0 0.231028 0.256292 0.172640 0.197568 0.142471
1 0 0.230128 0.254448 0.172740 0.191853 0.150831
1 1 0.227780 0.250127 0.172571 0.180140 0.169381
1 1 0.230229 0.254648 0.172735 0.192446 0.149943
1 1 0.202643 0.298087 0.223978 0.144456 0.130836
1 1 0.185831 0.313814 0.251324 0.117444 0.131587
1 1 0.169865 0.322873 0.275307 0.094494 0.137460
1 1 0.158857 0.339412 0.298055 0.085993 0.117684
2 2 0.134688 0.341064 0.358458 0.074842 0.090947
2 2 0.124598 0.336420 0.386855 0.070888 0.081239
2 2 0.121678 0.334626 0.391468 0.065856 0.086373
2 2 0.123017 0.329798 0.382511 0.061882 0.102792
2 2 0.125615 0.324398 0.355268 0.053519 0.141200
1 2 0.134573 0.320592 0.318625 0.053608 0.172603
1 4 0.137609 0.319269 0.312766 0.055824 0.174532
1 4 0.144608 0.317646 0.302475 0.062110 0.173162
1 4 0.140140 0.325593 0.314335 0.059475 0.160456
1 2 0.144692 0.326932 0.309312 0.064336 0.154727
1 2 0.140799 0.341833 0.324306 0.064499 0.128564
1 2 0.143287 0.347369 0.323733 0.069241 0.116370
2 2 0.117585 0.352149 0.390914 0.058585 0.080767
2 4 0.106593 0.345083 0.422887 0.053631 0.071805
2 4 0.073396 0.306954 0.534808 0.039040 0.045801
2 4 0.056131 0.229477 0.645687 0.032824 0.035880
2 2 0.033809 0.142048 0.779691 0.022701 0.021751
2 2 0.030036 0.123579 0.805856 0.021109 0.019421
2 2 0.020665 0.080482 0.868668 0.016752 0.013433
2 2 0.021985 0.073749 0.870492 0.019251 0.014523
2 2 0.021269 0.062496 0.881493 0.020558 0.014183
2 2 0.025891 0.070906 0.861100 0.024625 0.017478
2 2 0.026190 0.072839 0.858909 0.024201 0.017861
2 2 0.029801 0.085880 0.838293 0.025520 0.020507
2 2 0.028340 0.086782 0.841841 0.023619 0.019418
2 2 0.027181 0.090038 0.842503 0.021814 0.018464
2 2 0.023144 0.080088 0.862149 0.019079 0.015541
2 2 0.021330 0.075803 0.870814 0.017896 0.014157
2 2 0.020028 0.065973 0.882523 0.018244 0.013232
2 2 0.022498 0.072753 0.869525 0.020616 0.014607
2 2 0.036106 0.115461 0.795250 0.030543 0.022639
2 2 0.056749 0.184819 0.681496 0.042104 0.034832
2 2 0.096236 0.283108 0.498614 0.062953 0.059089
2 2 0.113779 0.299381 0.441993 0.073618 0.071230
2 2 0.145255 0.294853 0.366073 0.102439 0.091379
2 4 0.174638 0.249934 0.317038 0.148689 0.109701
1 0 0.231028 0.256292 0.172640 0.197568 0.142471
1 0 0.231028 0.256292 0.172640 0.197568 0.142471
1 0 0.226563 0.248057 0.172337 0.175157 0.177885
1 0 0.218994 0.269609 0.191973 0.167226 0.152199
1 1 0.189121 0.308099 0.244563 0.120472 0.137745
1 1 0.166732 0.304976 0.267029 0.083847 0.177416
1 1 0.140481 0.302245 0.294558 0.055618 0.207099
2 2 0.101152 0.314318 0.451689 0.050086 0.082754
2 2 0.068423 0.221287 0.621843 0.043396 0.045050
2 2 0.051481 0.168606 0.710206 0.035923 0.033784
2 2 0.035885 0.119103 0.793761 0.027577 0.023675
2 2 0.026678 0.084131 0.848472 0.022929 0.017790
2 2 0.021950 0.064494 0.877821 0.021161 0.014574
2 2 0.023261 0.064293 0.873538 0.023767 0.015141
2 2 0.026706 0.071380 0.857341 0.027400 0.017173
2 2 0.028326 0.075480 0.849305 0.028694 0.018195
2 2 0.021593 0.060456 0.881473 0.022535 0.013942
2 2 0.017592 0.048098 0.903377 0.019436 0.011497
2 2 0.016158 0.039150 0.914230 0.019820 0.010642
2 2 0.018501 0.037957 0.906463 0.024904 0.012174
2 2 0.020788 0.039679 0.897001 0.028953 0.013580
2 2 0.022203 0.041663 0.890912 0.030685 0.014538
2 2 0.022944 0.043595 0.887933 0.030139 0.015389
2 2 0.022247 0.046830 0.889251 0.026396 0.015276
2 2 0.023099 0.056755 0.880658 0.023152 0.016337
2 2 0.024499 0.070862 0.866204 0.020798 0.017637
2 2 0.031414 0.097794 0.824639 0.023693 0.022459
2 2 0.029711 0.094777 0.831877 0.022517 0.021119
2 2 0.026728 0.086096 0.847495 0.020605 0.019075
2 2 0.019523 0.059956 0.889500 0.017172 0.013850
2 2 0.019663 0.053054 0.894104 0.019407 0.013772
2 2 0.019506 0.046811 0.898537 0.021812 0.013333
2 2 0.018854 0.040133 0.904516 0.023803 0.012694
2 2 0.016380 0.033695 0.916840 0.022072 0.011013
2 2 0.014486 0.029129 0.926094 0.020577 0.009715
2 2 0.013340 0.026579 0.931726 0.019364 0.008990
2 2 0.015130 0.028479 0.923925 0.022303 0.010163
2 2 0.018161 0.033021 0.910415 0.026202 0.012200
2 2 0.024194 0.043742 0.883007 0.032994 0.016063
2 2 0.025844 0.048924 0.874163 0.033602 0.017468
2 2 0.040853 0.087590 0.801660 0.041487 0.028410
2 2 0.072702 0.280782 0.556853 0.039884 0.049779
2 2 0.036456 0.125856 0.786644 0.026920 0.024123
2 2 0.031535 0.106439 0.816130 0.025458 0.020437
2 2 0.020360 0.058235 0.887438 0.020443 0.013523
2 2 0.015777 0.036041 0.917598 0.020080 0.010504
2 2 0.013828 0.026275 0.929705 0.020999 0.009193
2 2 0.016326 0.027545 0.919259 0.026021 0.010848
2 2 0.015653 0.025455 0.922138 0.026525 0.010229
2 2 0.014763 0.023506 0.926083 0.026072 0.009576
2 2 0.014915 0.022289 0.925594 0.027513 0.009688
2 2 0.015985 0.022629 0.920941 0.030021 0.010425
2 2 0.017535 0.024286 0.913909 0.032887 0.011383
2 2 0.018128 0.026454 0.911049 0.032678 0.011692
2 2 0.018474 0.028722 0.909498 0.031317 0.011989
2 2 0.016240 0.027920 0.919188 0.026000 0.010652
2 2 0.014055 0.026710 0.928679 0.021189 0.009366
2 2 0.012625 0.026129 0.934581 0.018209 0.008455
2 2 0.013319 0.026374 0.931770 0.019625 0.008911
2 2 0.014015 0.026434 0.928861 0.021391 0.009298
2 2 0.014260 0.025863 0.927972 0.022497 0.009407
2 2 0.013246 0.024684 0.932517 0.020792 0.008761
2 2 0.013470 0.026640 0.930921 0.020032 0.008937
2 2 0.017050 0.036151 0.913111 0.022231 0.011457
2 2 0.025005 0.059384 0.871903 0.026847 0.016860
2 2 0.038515 0.103745 0.798449 0.033543 0.025747
2 2 0.052868 0.171570 0.703732 0.037790 0.034041
2 2 0.067610 0.248910 0.599717 0.041660 0.042102
2 2 0.068250 0.265682 0.583532 0.040328 0.042208
2 2 0.062860 0.243276 0.616460 0.038431 0.038973
2 2 0.055833 0.201310 0.670514 0.037521 0.034822
2 2 0.052900 0.179015 0.697121 0.037645 0.033319
2 2 0.061697 0.193557 0.661776 0.043838 0.039132
2 2 0.069540 0.216472 0.622180 0.047972 0.043837
2 2 0.082054 0.260917 0.553060 0.052827 0.051142
2 2 0.078552 0.272078 0.552471 0.048113 0.048785
2 2 0.073747 0.274278 0.562610 0.043298 0.046068
2 2 0.052039 0.200946 0.680900 0.033055 0.033061
2 2 0.040652 0.143679 0.759960 0.029492 0.026218
2 2 0.035294 0.107774 0.804315 0.029651 0.022967
2 2 0.039969 0.108787 0.790236 0.034484 0.026524
2 2 0.058113 0.139336 0.715305 0.047860 0.039386
2 2 0.099901 0.224209 0.535768 0.070190 0.069932
2 2 0.151632 0.319634 0.325717 0.091246 0.111772
2 2 0.120839 0.332555 0.395230 0.066302 0.085075
2 2 0.133423 0.330194 0.348369 0.063559 0.124454
1 2 0.141267 0.317265 0.306407 0.058817 0.176245
1 2 0.154256 0.314043 0.289922 0.072354 0.169426
2 2 0.154915 0.313013 0.317278 0.092688 0.122105
1 2 0.200549 0.292421 0.223800 0.135712 0.147518
1 0 0.221567 0.270231 0.189578 0.176125 0.142498
1 0 0.178645 0.322233 0.264178 0.108900 0.126044
1 0 0.162286 0.316087 0.280016 0.081434 0.160176
1 1 0.166672 0.311145 0.271558 0.085559 0.165066
1 1 0.182858 0.305274 0.249906 0.107456 0.154506
1 1 0.159292 0.318732 0.285370 0.078514 0.158093
1 1 0.144726 0.326413 0.308899 0.064241 0.155722
1 2 0.137958 0.328614 0.319505 0.058068 0.155854
1 2 0.132835 0.335554 0.331632 0.054889 0.145090
2 2 0.129890 0.333257 0.346361 0.056383 0.134108
1 2 0.138139 0.326023 0.324038 0.060350 0.151450
1 2 0.154135 0.299491 0.276374 0.068230 0.201770
4 2 0.185342 0.245241 0.200198 0.097079 0.272140
4 2 0.202714 0.214371 0.161603 0.120052 0.301260
4 2 0.205455 0.217920 0.163127 0.124503 0.288995
4 0 0.205531 0.218019 0.163168 0.124629 0.288653
4 0 0.201505 0.212819 0.160917 0.118169 0.306591
4 0 0.205348 0.217781 0.163068 0.124324 0.289478
4 0 0.216778 0.233235 0.168830 0.146572 0.234585
4 0 0.213364 0.228483 0.167233 0.139137 0.251782
4 0 0.200411 0.211423 0.160289 0.116505 0.311372
4 0 0.174904 0.180305 0.144321 0.085168 0.415302
4 0 0.141944 0.142660 0.121210 0.056884 0.537301
4 1 0.116123 0.114469 0.101791 0.040107 0.627510
4 1 0.098585 0.095846 0.088047 0.030619 0.686903
4 1 0.075083 0.071505 0.068955 0.019902 0.764554
4 4 0.058825 0.055083 0.055271 0.013696 0.817126
4 4 0.049878 0.046201 0.047557 0.010685 0.845680
4 4 0.048762 0.045102 0.046585 0.010330 0.849222
4 4 0.051322 0.047627 0.048811 0.011151 0.841088
4 4 0.053164 0.049450 0.050407 0.011757 0.835221
4 4 0.072984 0.069365 0.067211 0.019047 0.771393
4 4 0.083255 0.079890 0.075682 0.023387 0.737786
4 4 0.110334 0.108278 0.097302 0.036822 0.647264
4 4 0.105932 0.103598 0.093857 0.034427 0.662187
4 4 0.133436 0.133262 0.114924 0.050937 0.567442
4 4 0.144173 0.145141 0.122837 0.058519 0.529329
4 4 0.150122 0.151803 0.127139 0.063051 0.507885
4 4 0.130644 0.130202 0.112836 0.049080 0.577237
4 4 0.139536 0.139988 0.119442 0.055155 0.545880
4 4 0.148233 0.149682 0.125780 0.061585 0.514720
4 4 0.140968 0.141576 0.120495 0.056179 0.540782
4 4 0.117788 0.116258 0.103073 0.041081 0.621801
4 4 0.088723 0.085547 0.080130 0.025860 0.719740
4 4 0.084391 0.081062 0.076610 0.023891 0.734046
4 4 0.104021 0.101576 0.092353 0.033415 0.668635
4 4 0.123452 0.122373 0.107404 0.044498 0.602274
