3 3 0.178088 0.156370 0.245324 0.268910 0.151308
3 3 0.148199 0.135270 0.230661 0.314876 0.170994
3 3 0.148199 0.135270 0.230661 0.314876 0.170994
3 3 0.148199 0.135270 0.230661 0.314876 0.170994
3 3 0.148199 0.135270 0.230661 0.314876 0.170994
3 3 0.148199 0.135270 0.230661 0.314876 0.170994
3 3 0.148199 0.135270 0.230661 0.314876 0.170994
3 3 0.148199 0.135270 0.230661 0.314876 0.170994
3 3 0.148199 0.135270 0.230661 0.314876 0.170994
3 3 0.148199 0.135270 0.230661 0.314876 0.170994
3 3 0.148199 0.135270 0.230661 0.314876 0.170994
3 3 0.148199 0.135270 0.230661 0.314876 0.170994
3 3 0.148199 0.135270 0.230661 0.314876 0.170994
3 3 0.148199 0.135270 0.230661 0.314876 0.170994
3 3 0.148199 0.135270 0.230661 0.314876 0.170994
3 3 0.148199 0.135270 0.230661 0.314876 0.170994
3 3 0.148199 0.135270 0.230661 0.314876 0.170994
3 3 0.148199 0.135270 0.230661 0.314876 0.170994
3 3 0.148199 0.135270 0.230661 0.314876 0.170994
3 3 0.148199 0.135270 0.230661 0.314876 0.170994
3 3 0.148199 0.135270 0.230661 0.314876 0.170994
3 3 0.148199 0.135270 0.230661 0.314876 0.170994
3 3 0.148199 0.135270 0.230661 0.314876 0.170994
3 3 0.148199 0.135270 0.230661 0.314876 0.170994
3 3 0.148199 0.135270 0.230661 0.314876 0.170994
3 3 0.148199 0.135270 0.230661 0.314876 0.170994
3 3 0.148199 0.135270 0.230661 0.314876 0.170994
3 3 0.148199 0.135270 0.230661 0.314876 0.170994
3 3 0.148199 0.135270 0.230661 0.314876 0.170994
3 3 0.148199 0.135270 0.230661 0.314876 0.170994
3 3 0.148199 0.135270 0.230661 0.314876 0.170994
3 3 0.148199 0.135270 0.230661 0.314876 0.170994
3 3 0.148199 0.135270 0.230661 0.314876 0.170994
3 3 0.148199 0.135270 0.230661 0.314876 0.170994
3 3 0.148199 0.135270 0.230661 0.314876 0.170994
3 3 0.148199 0.135270 0.230661 0.314876 0.170994
3 3 0.148199 0.135270 0.230661 0.314876 0.170994
3 3 0.148199 0.135270 0.230661 0.314876 0.170994
3 3 0.148199 0.135270 0.230661 0.314876 0.170994
3 3 0.148199 0.135270 0.230661 0.314876 0.170994
3 3 0.148199 0.135270 0.230661 0.314876 0.170994
3 3 0.148199 0.135270 0.230661 0.314876 0.170994
3 3 0.148199 0.135270 0.230661 0.314876 0.170994
3 3 0.148199 0.135270 0.230661 0.314876 0.170994
3 3 0.148199 0.135270 0.230661 0.314876 0.170994
3 3 0.148199 0.135270 0.230661 0.314876 0.170994
3 3 0.148199 0.135270 0.230661 0.314876 0.170994
3 3 0.148199 0.135270 0.230661 0.314876 0.170994
3 3 0.148199 0.135270 0.230661 0.314876 0.170994
3 3 0.148199 0.135270 0.230661 0.314876 0.170994
3 3 0.148199 0.135270 0.230661 0.314876 0.170994
3 3 0.148199 0.135270 0.230661 0.314876 0.170994
3 3 0.148199 0.135270 0.230661 0.314876 0.170994
3 3 0.148199 0.135270 0.230661 0.314876 0.170994
3 3 0.148199 0.135270 0.230661 0.314876 0.170994
3 3 0.148199 0.135270 0.230661 0.314876 0.170994
3 3 0.148199 0.135270 0.230661 0.314876 0.170994
3 3 0.148199 0.135270 0.230661 0.314876 0.170994
3 3 0.148199 0.135270 0.230661 0.314876 0.170994
3 3 0.148199 0.135270 0.230661 0.314876 0.170994
3 3 0.148199 0.135270 0.230661 0.314876 0.170994
3 3 0.148199 0.135270 0.230661 0.314876 0.170994
3 0 0.148199 0.135270 0.230661 0.314876 0.170994
2 0 0.208238 0.178957 0.258587 0.227959 0.126260
2 0 0.240336 0.213723 0.279741 0.165395 0.100804
2 2 0.200700 0.222746 0.318025 0.160006 0.098523
2 1 0.126363 0.179243 0.436739 0.146445 0.111211
2 2 0.082866 0.136556 0.536402 0.128082 0.116094
2 1 0.060066 0.105047 0.609568 0.110421 0.114899
2 1 0.059562 0.100661 0.620079 0.106672 0.113027
2 1 0.062817 0.103239 0.605228 0.112529 0.116188
2 1 0.070237 0.109874 0.567097 0.128410 0.124382
2 2 0.070035 0.109730 0.542913 0.143098 0.134225
2 2 0.067750 0.108360 0.548745 0.141215 0.133931
2 2 0.060828 0.104885 0.580730 0.126792 0.126765
2 1 0.057201 0.103160 0.597673 0.119277 0.122689
2 2 0.062367 0.104951 0.574268 0.129896 0.128518
2 2 0.071583 0.106138 0.535478 0.148608 0.138193
2 2 0.078850 0.105658 0.507107 0.163156 0.145228
2 2 0.075161 0.100300 0.527079 0.154839 0.142621
2 2 0.069329 0.093401 0.557409 0.142066 0.137794
2 2 0.054281 0.081038 0.632295 0.110490 0.121897
2 1 0.045478 0.074815 0.676712 0.092438 0.110556
2 2 0.040366 0.070963 0.703410 0.082002 0.103259
2 2 0.044681 0.075272 0.679780 0.090943 0.109325
2 2 0.048002 0.076788 0.663648 0.097622 0.113940
2 2 0.047823 0.076592 0.664629 0.097246 0.113711
2 2 0.045847 0.074357 0.675548 0.093095 0.111152
2 1 0.039260 0.073401 0.705971 0.080138 0.101228
2 1 0.033223 0.074451 0.732807 0.068423 0.091097
2 2 0.032781 0.082894 0.732242 0.065482 0.086601
2 2 0.034224 0.091448 0.724836 0.065116 0.084377
2 1 0.038290 0.100970 0.698688 0.072783 0.089270
2 2 0.037351 0.098784 0.692521 0.077242 0.094102
2 2 0.035993 0.092556 0.701837 0.075596 0.094019
2 1 0.033991 0.084425 0.719257 0.070873 0.091454
2 2 0.034232 0.079007 0.727007 0.069128 0.090626
2 2 0.035206 0.077938 0.724390 0.070515 0.091952
2 2 0.037107 0.077958 0.711954 0.076064 0.096917
2 2 0.037340 0.077991 0.710150 0.076879 0.097640
2 1 0.037541 0.079760 0.707457 0.077460 0.097781
2 1 0.042245 0.092662 0.685312 0.081777 0.098005
2 1 0.052672 0.116450 0.640616 0.091000 0.099262
2 1 0.060986 0.136915 0.595344 0.103163 0.103592
2 2 0.063734 0.141902 0.570674 0.113844 0.109847
2 2 0.060322 0.132353 0.573891 0.118132 0.115302
2 2 0.054736 0.117586 0.593740 0.115978 0.117960
2 2 0.050788 0.107367 0.620892 0.106847 0.114107
2 2 0.050303 0.104814 0.625539 0.105589 0.113755
2 1 0.050019 0.108066 0.623528 0.105368 0.113019
2 1 0.051784 0.113268 0.610706 0.109501 0.114741
2 1 0.070607 0.126836 0.539709 0.136644 0.126205
2 1 0.133708 0.168294 0.437767 0.147769 0.112463
0 1 0.359122 0.230962 0.238461 0.087557 0.083897
0 0 0.490337 0.236587 0.184193 0.032538 0.056344
0 0 0.400765 0.254260 0.229976 0.048830 0.066170
0 0 0.322619 0.251855 0.266834 0.075612 0.083081
2 0 0.235019 0.232680 0.300243 0.132133 0.099925
2 0 0.175547 0.201328 0.317067 0.189354 0.116704
2 0 0.120628 0.143264 0.351476 0.229339 0.155294
2 0 0.118710 0.141445 0.369792 0.217947 0.152107
2 0 0.117148 0.141840 0.390479 0.203755 0.146778
2 0 0.119502 0.144648 0.397097 0.196305 0.142447
2 0 0.144767 0.159434 0.359422 0.200939 0.135438
2 0 0.185785 0.181276 0.314652 0.191994 0.126293
2 0 0.247282 0.206666 0.269823 0.161530 0.114699
0 0 0.284325 0.229479 0.271514 0.116067 0.098615
2 0 0.241946 0.251900 0.311091 0.105994 0.089069
2 0 0.221218 0.257588 0.328074 0.100949 0.092171
2 0 0.208725 0.266822 0.342760 0.091965 0.089728
2 0 0.188262 0.269416 0.359605 0.092101 0.090617
2 0 0.144925 0.259188 0.411762 0.098955 0.085170
2 0 0.145160 0.265244 0.412209 0.093275 0.084112
2 0 0.146949 0.264205 0.401498 0.097804 0.089543
2 0 0.130131 0.251305 0.402620 0.112872 0.103072
2 0 0.119404 0.222723 0.368745 0.144084 0.145045
2 0 0.102252 0.192448 0.384074 0.158797 0.162430
2 0 0.109261 0.167384 0.348181 0.182398 0.192776
2 0 0.119003 0.151631 0.329396 0.204711 0.195259
2 0 0.156386 0.145841 0.241980 0.230556 0.225237
2 0 0.204089 0.163197 0.232191 0.200476 0.200048
0 0 0.259336 0.175626 0.221386 0.153398 0.190255
0 0 0.267831 0.184921 0.226144 0.136469 0.184634
0 0 0.278593 0.186302 0.212600 0.112386 0.210120
2 0 0.224211 0.211360 0.259332 0.106745 0.198353
2 0 0.168259 0.212318 0.275599 0.098259 0.245564
4 0 0.142548 0.200084 0.264101 0.091576 0.301691
4 0 0.160870 0.192948 0.240845 0.085847 0.319489
2 0 0.172169 0.207866 0.273619 0.105115 0.241231
2 0 0.169227 0.224057 0.315897 0.121539 0.169279
2 0 0.149679 0.258026 0.383779 0.108835 0.099681
2 0 0.111574 0.293436 0.449180 0.074884 0.070926
2 0 0.087685 0.269532 0.508856 0.067004 0.066923
2 0 0.118637 0.253621 0.477399 0.070358 0.079985
2 0 0.248695 0.284412 0.324600 0.063430 0.078863
0 0 0.350621 0.283092 0.263427 0.041823 0.061036
2 0 0.269226 0.304365 0.318352 0.048453 0.059605
2 0 0.194158 0.311466 0.378137 0.057044 0.059195
2 0 0.167582 0.284854 0.425652 0.058883 0.063029
2 0 0.174548 0.279328 0.425261 0.054606 0.066256
2 0 0.141019 0.255612 0.465989 0.067292 0.070088
2 0 0.101422 0.236476 0.543448 0.061640 0.057015
2 0 0.085834 0.218326 0.583630 0.056407 0.055803
2 0 0.077892 0.197498 0.614097 0.054217 0.056295
2 0 0.080131 0.189495 0.618534 0.054760 0.057080
2 0 0.108454 0.205763 0.559029 0.063114 0.063640
2 0 0.167889 0.215076 0.458317 0.081901 0.076818
0 0 0.322687 0.238630 0.264517 0.091594 0.082572
0 0 0.435504 0.235297 0.207664 0.050836 0.070699
0 0 0.478714 0.226814 0.185414 0.037356 0.071703
0 0 0.416826 0.222654 0.208722 0.060062 0.091736
0 0 0.364286 0.213873 0.224362 0.086558 0.110921
0 0 0.294961 0.200274 0.235863 0.119765 0.149137
2 0 0.236732 0.196828 0.237031 0.112400 0.217009
4 0 0.143844 0.179361 0.247942 0.128594 0.300259
4 0 0.152507 0.174048 0.217678 0.096584 0.359183
4 0 0.182220 0.161380 0.176389 0.071670 0.408342
2 0 0.186638 0.222252 0.262957 0.076264 0.251890
2 0 0.106462 0.262256 0.375583 0.068330 0.187369
4 0 0.184293 0.215639 0.252661 0.073013 0.274393
2 0 0.220314 0.266413 0.296499 0.056965 0.159810
2 0 0.137383 0.274782 0.361385 0.061450 0.165001
2 0 0.147355 0.292788 0.385503 0.058832 0.115522
2 0 0.182713 0.263887 0.291688 0.044052 0.217660
2 0 0.146477 0.315254 0.411388 0.047836 0.079045
2 0 0.130311 0.308047 0.433075 0.056406 0.072161
2 0 0.224917 0.294786 0.344686 0.057037 0.078574
0 0 0.397729 0.263238 0.232950 0.039247 0.066837
0 0 0.569512 0.222280 0.145731 0.016532 0.045945
0 0 0.465822 0.259336 0.198586 0.025476 0.050781
0 0 0.363965 0.288916 0.256308 0.033374 0.057437
1 0 0.287985 0.307805 0.306193 0.040538 0.057478
2 0 0.274095 0.306030 0.314773 0.043311 0.061790
2 0 0.188087 0.285962 0.384148 0.069085 0.072718
2 0 0.164864 0.268936 0.416917 0.072335 0.076948
2 0 0.164068 0.255001 0.433535 0.067760 0.079637
2 0 0.193684 0.253941 0.403961 0.065371 0.083043
2 0 0.292974 0.270669 0.293575 0.061150 0.081632
0 0 0.325725 0.276621 0.275120 0.050425 0.072109
2 0 0.278982 0.302398 0.310774 0.044682 0.063164
2 0 0.196009 0.318685 0.375740 0.050039 0.059528
2 0 0.191696 0.295919 0.393655 0.053592 0.065138
2 0 0.191885 0.266940 0.411354 0.059792 0.070028
2 0 0.201450 0.266798 0.395096 0.066979 0.069678
2 0 0.147585 0.235852 0.467097 0.081980 0.067486
2 0 0.134355 0.219258 0.479909 0.091660 0.074819
2 0 0.140314 0.215246 0.475403 0.093417 0.075619
2 0 0.149825 0.222073 0.466961 0.085303 0.075839
2 0 0.149127 0.216199 0.454983 0.097686 0.082005
2 0 0.150261 0.220548 0.443173 0.103247 0.082770
2 0 0.178888 0.259875 0.399559 0.086761 0.074917
2 0 0.147572 0.284464 0.439414 0.065925 0.062625
2 0 0.161083 0.317693 0.406410 0.055425 0.059390
2 0 0.147715 0.315974 0.434319 0.047915 0.054077
2 0 0.190090 0.309197 0.392246 0.048726 0.059741
2 0 0.265900 0.293177 0.320236 0.052475 0.068212
0 0 0.440533 0.255255 0.209804 0.031961 0.062447
0 0 0.429004 0.265225 0.216981 0.028931 0.059859
0 0 0.344359 0.285802 0.265840 0.036268 0.067731
2 0 0.274309 0.295103 0.310932 0.046645 0.073011
2 0 0.273081 0.293250 0.306607 0.045221 0.081841
2 0 0.225332 0.270158 0.302780 0.057233 0.144497
4 0 0.199976 0.225998 0.252355 0.062102 0.259569
4 0 0.187979 0.191872 0.206590 0.059608 0.353951
4 0 0.164721 0.174228 0.188026 0.058077 0.414947
4 0 0.156317 0.153281 0.157516 0.052506 0.480380
4 0 0.154376 0.152378 0.154173 0.048880 0.490192
4 0 0.161864 0.141540 0.135190 0.041447 0.519959
4 0 0.182715 0.192412 0.195365 0.046449 0.383059
2 0 0.214247 0.251412 0.266685 0.050150 0.217506
2 0 0.212930 0.282528 0.321791 0.053995 0.128755
2 0 0.237586 0.268395 0.300116 0.059554 0.134349
2 0 0.232894 0.260080 0.298655 0.067159 0.141213
2 0 0.254555 0.241777 0.266524 0.070473 0.166670
2 0 0.215935 0.224805 0.264569 0.084518 0.210173
4 0 0.219412 0.188945 0.210165 0.084314 0.297164
4 0 0.198907 0.170350 0.192156 0.090880 0.347706
4 0 0.207791 0.142875 0.151322 0.084914 0.413098
4 0 0.217084 0.111851 0.105725 0.064642 0.500697
4 0 0.294292 0.116172 0.087074 0.030755 0.471707
0 0 0.512596 0.166383 0.100155 0.015513 0.205353
0 0 0.529728 0.199600 0.134810 0.021358 0.114503
0 0 0.514781 0.213469 0.156825 0.026890 0.088036
0 0 0.485775 0.219003 0.166597 0.029865 0.098760
0 0 0.414999 0.233577 0.191613 0.035540 0.124271
4 0 0.299199 0.182913 0.158736 0.045858 0.313295
0 0 0.296867 0.200847 0.174502 0.043075 0.284709
4 0 0.248217 0.208423 0.192423 0.044762 0.306175
4 0 0.179373 0.170335 0.166479 0.046725 0.437088
4 0 0.144352 0.151417 0.148086 0.041420 0.514725
4 0 0.131565 0.163977 0.166640 0.042313 0.495506
4 0 0.128668 0.172147 0.182833 0.047480 0.468872
4 0 0.132635 0.174395 0.190919 0.053530 0.448521
4 0 0.134913 0.177169 0.198737 0.057513 0.431668
4 0 0.134675 0.178770 0.200271 0.055180 0.431103
4 0 0.129958 0.186542 0.213678 0.053973 0.415849
4 0 0.133141 0.188522 0.211801 0.050330 0.416206
4 0 0.140257 0.200276 0.222865 0.049016 0.387587
4 0 0.154626 0.215519 0.237093 0.048288 0.344475
4 0 0.171335 0.237682 0.264913 0.050554 0.275517
2 0 0.226596 0.240035 0.252723 0.052805 0.227840
0 0 0.323317 0.234338 0.223741 0.051099 0.167504
0 0 0.448714 0.217339 0.184387 0.043048 0.106512
0 0 0.459175 0.220334 0.190137 0.044217 0.086138
0 0 0.473839 0.220595 0.184398 0.039479 0.081689
0 0 0.463718 0.242436 0.195231 0.030367 0.068249
0 0 0.413203 0.279580 0.225822 0.023519 0.057876
0 0 0.331108 0.309864 0.276103 0.025522 0.057403
1 0 0.275274 0.320851 0.314437 0.030617 0.058821
2 0 0.263135 0.307291 0.321236 0.040687 0.067652
2 0 0.260121 0.290777 0.318937 0.053047 0.077119
2 0 0.280713 0.277726 0.301017 0.058128 0.082416
0 0 0.295040 0.275683 0.291771 0.056524 0.080982
2 0 0.292986 0.280629 0.295072 0.054330 0.076983
0 0 0.309379 0.271122 0.281802 0.056504 0.081193
0 0 0.332262 0.249952 0.259935 0.065645 0.092206
0 0 0.371483 0.229123 0.230471 0.068237 0.100687
0 0 0.346515 0.212162 0.226917 0.088346 0.126060
0 0 0.308720 0.195658 0.222275 0.110301 0.163047
0 0 0.297546 0.184294 0.211849 0.118921 0.187389
0 0 0.307718 0.189604 0.204731 0.096638 0.201309
0 0 0.340044 0.199549 0.194295 0.067890 0.198222
0 0 0.376545 0.195061 0.169506 0.048169 0.210719
0 0 0.467730 0.195810 0.149935 0.032875 0.153650
0 0 0.509118 0.195563 0.141222 0.025712 0.128385
0 0 0.584153 0.184336 0.112568 0.013437 0.105506
0 0 0.698653 0.154778 0.069285 0.003904 0.073380
0 0 0.739149 0.146804 0.059535 0.002458 0.052053
0 0 0.745943 0.141749 0.056430 0.002235 0.053642
0 0 0.738504 0.147095 0.060864 0.002560 0.050978
0 0 0.754466 0.144420 0.056732 0.002050 0.042332
0 0 0.719948 0.160272 0.071352 0.003384 0.045044
0 0 0.677439 0.176519 0.090571 0.005863 0.049608
0 0 0.636656 0.188203 0.108263 0.009253 0.057624
0 0 0.631861 0.189842 0.109269 0.009560 0.059467
0 0 0.562451 0.210991 0.145426 0.018906 0.062227
0 0 0.503625 0.225325 0.174447 0.030528 0.066074
0 0 0.373754 0.269997 0.247398 0.042893 0.065959
2 0 0.261136 0.313165 0.324846 0.040969 0.059884
2 0 0.198465 0.321174 0.373266 0.043996 0.063098
2 0 0.178681 0.318298 0.387159 0.046005 0.069857
2 0 0.177153 0.317930 0.383189 0.044688 0.077040
2 0 0.138020 0.306246 0.423338 0.058964 0.073431
2 0 0.141975 0.280633 0.405020 0.080592 0.091781
2 0 0.148598 0.256485 0.384200 0.110147 0.100569
2 0 0.144143 0.237714 0.401910 0.117565 0.098667
2 0 0.105422 0.210802 0.497003 0.101536 0.085237
2 0 0.078428 0.193133 0.588235 0.070649 0.069555
2 0 0.068148 0.177964 0.628382 0.060985 0.064521
2 0 0.076554 0.183887 0.614011 0.061854 0.063694
2 0 0.118257 0.220061 0.524214 0.067756 0.069712
2 0 0.190819 0.276666 0.394287 0.066243 0.071984
2 0 0.199443 0.299965 0.366536 0.059960 0.074096
2 0 0.176336 0.307473 0.382711 0.051654 0.081827
2 0 0.171333 0.295194 0.346491 0.045150 0.141832
2 0 0.157207 0.274618 0.320263 0.045622 0.202289
2 0 0.127844 0.235712 0.295508 0.057937 0.283000
2 0 0.144403 0.235945 0.304916 0.073284 0.241452
2 0 0.199715 0.221385 0.274247 0.091821 0.212831
0 0 0.297425 0.202288 0.241869 0.124042 0.134376
0 0 0.297693 0.200314 0.240924 0.132527 0.128541
0 0 0.294832 0.200675 0.242497 0.134965 0.127030
0 0 0.278544 0.195210 0.244327 0.149024 0.132896
0 0 0.287602 0.197583 0.242697 0.141002 0.131116
0 0 0.277162 0.196047 0.245754 0.150411 0.130626
0 0 0.304222 0.203456 0.241005 0.127351 0.123966
0 0 0.272358 0.221055 0.270371 0.118363 0.117853
2 0 0.207321 0.230164 0.314673 0.125271 0.122571
2 0 0.192780 0.219843 0.299489 0.122753 0.165136
2 0 0.210113 0.221264 0.284066 0.108970 0.175586
2 0 0.240012 0.230990 0.286780 0.103718 0.138500
2 0 0.244352 0.251957 0.309064 0.092335 0.102292
2 0 0.216635 0.278780 0.344025 0.076491 0.084069
2 0 0.186497 0.295230 0.375365 0.067853 0.075056
2 0 0.204695 0.274066 0.358259 0.077391 0.085589
0 0 0.302087 0.237958 0.268120 0.087760 0.104075
0 0 0.368714 0.218254 0.225774 0.083860 0.103398
0 0 0.431253 0.223877 0.203499 0.054050 0.087321
0 0 0.410766 0.219019 0.208899 0.062962 0.098353
0 0 0.420891 0.213464 0.199823 0.058372 0.107449
0 0 0.401680 0.210692 0.202607 0.065508 0.119514
0 0 0.365627 0.219930 0.209486 0.057359 0.147599
0 0 0.251095 0.219367 0.239910 0.072071 0.217558
4 0 0.210488 0.180633 0.203334 0.082639 0.322906
4 0 0.204608 0.141657 0.152463 0.081712 0.419560
4 0 0.217179 0.144881 0.156334 0.085967 0.395639
4 0 0.196034 0.197104 0.247100 0.105315 0.254446
2 0 0.163100 0.223578 0.304022 0.102556 0.206744
2 0 0.144861 0.232483 0.318965 0.091370 0.212321
2 0 0.155096 0.239427 0.302311 0.071530 0.231636
2 0 0.159211 0.246217 0.294567 0.059880 0.240126
2 0 0.167792 0.270708 0.312704 0.050270 0.198527
2 0 0.189529 0.278808 0.299414 0.041510 0.190739
2 0 0.200803 0.283600 0.299811 0.039212 0.176574
2 0 0.236424 0.258759 0.267232 0.044854 0.192731
0 0 0.338960 0.222161 0.207250 0.048134 0.183496
0 0 0.494047 0.188618 0.137993 0.027124 0.152218
0 0 0.597011 0.195162 0.121126 0.013280 0.073421
0 0 0.562280 0.213271 0.146279 0.018755 0.059414
0 0 0.501741 0.208882 0.159621 0.030139 0.099617
