0 0 0.647103 0.060820 0.129764 0.057390 0.104923
0 0 0.675822 0.058248 0.137022 0.051773 0.077135
0 0 0.840062 0.036925 0.041930 0.014500 0.066583
0 0 0.801817 0.050348 0.040650 0.014573 0.092612
0 0 0.783002 0.058409 0.040456 0.014806 0.103327
0 0 0.798495 0.044081 0.035545 0.012156 0.109723
0 0 0.864502 0.026647 0.025628 0.007460 0.075763
0 0 0.892856 0.020520 0.023349 0.006403 0.056873
0 0 0.924123 0.016677 0.018382 0.004589 0.036230
0 0 0.939683 0.016100 0.014328 0.003319 0.026571
0 0 0.947750 0.016917 0.011765 0.002592 0.020977
0 0 0.934746 0.020113 0.015501 0.003751 0.025889
0 0 0.913139 0.024818 0.022069 0.006028 0.033946
0 0 0.867508 0.036524 0.036062 0.011842 0.048063
0 0 0.836993 0.041161 0.048276 0.017541 0.056029
0 0 0.849916 0.035117 0.047265 0.016741 0.050962
0 0 0.882083 0.028763 0.038127 0.012363 0.038664
0 0 0.888928 0.026160 0.036285 0.011480 0.037147
0 0 0.912191 0.022292 0.026198 0.007422 0.031897
0 0 0.918764 0.026064 0.019217 0.005072 0.030883
0 0 0.910894 0.032795 0.018578 0.004979 0.032754
0 0 0.898959 0.033094 0.023517 0.006746 0.037684
0 0 0.895951 0.031883 0.026744 0.007922 0.037500
0 0 0.873242 0.036196 0.035541 0.011592 0.043429
0 0 0.845142 0.041821 0.044224 0.015669 0.053144
0 0 0.834719 0.047239 0.045309 0.016410 0.056324
0 0 0.804608 0.056344 0.052478 0.020347 0.066224
0 0 0.745389 0.070934 0.069995 0.030745 0.082937
0 0 0.717597 0.067429 0.083435 0.038735 0.092803
0 0 0.747433 0.059202 0.076574 0.033846 0.082944
0 0 0.752050 0.059452 0.075005 0.032913 0.080580
0 0 0.735529 0.061363 0.080330 0.036284 0.086494
0 0 0.746955 0.063887 0.073724 0.032493 0.082942
0 0 0.749173 0.069880 0.070836 0.031119 0.078992
0 0 0.744828 0.073926 0.070124 0.030947 0.080175
0 0 0.724145 0.085056 0.070245 0.031727 0.088828
0 0 0.702933 0.088163 0.071032 0.032612 0.105260
0 0 0.731194 0.077298 0.052907 0.021866 0.116735
0 0 0.682810 0.103396 0.042182 0.017261 0.154350
0 0 0.594510 0.153468 0.045589 0.020744 0.185689
0 0 0.559232 0.170661 0.045827 0.021547 0.202734
0 0 0.615462 0.177002 0.032767 0.013670 0.161100
0 0 0.627849 0.194294 0.029509 0.011996 0.136351
0 0 0.575314 0.212956 0.037144 0.016698 0.157889
0 0 0.573061 0.248569 0.040003 0.018649 0.119718
0 0 0.572798 0.251571 0.046107 0.022361 0.107164
0 0 0.557293 0.226605 0.062814 0.033076 0.120211
0 0 0.579759 0.168474 0.084301 0.046059 0.121406
0 0 0.567459 0.129635 0.110986 0.062772 0.129147
0 0 0.541176 0.115716 0.128920 0.074349 0.139838
0 0 0.526721 0.113438 0.130553 0.079913 0.149375
0 0 0.522499 0.121038 0.130930 0.080144 0.145389
0 0 0.420096 0.135429 0.195724 0.114362 0.134389
0 0 0.435739 0.126870 0.197910 0.108896 0.130586
0 0 0.526633 0.115152 0.136656 0.075056 0.146502
0 0 0.539271 0.123635 0.106955 0.062028 0.168111
0 0 0.514965 0.108403 0.119224 0.070352 0.187056
0 0 0.583693 0.089850 0.094409 0.049973 0.182075
0 0 0.654030 0.082784 0.063919 0.029062 0.170205
0 0 0.585225 0.099226 0.059189 0.027870 0.228491
0 0 0.501074 0.132373 0.067534 0.035740 0.263279
0 0 0.444205 0.139664 0.078432 0.045304 0.292395
0 0 0.490100 0.110569 0.069614 0.036804 0.292913
0 0 0.561748 0.095449 0.069899 0.034783 0.238121
0 0 0.558823 0.089920 0.096732 0.052329 0.202195
0 0 0.570780 0.093450 0.117691 0.066880 0.151200
0 0 0.569441 0.085931 0.128360 0.074150 0.142118
0 0 0.579582 0.085672 0.130087 0.074942 0.129717
0 0 0.575214 0.092217 0.125015 0.071933 0.135621
0 0 0.515379 0.115872 0.136676 0.085524 0.146550
0 0 0.457325 0.127125 0.152513 0.103401 0.159635
0 0 0.433171 0.134568 0.151739 0.105268 0.175253
0 0 0.428076 0.178340 0.127561 0.087085 0.178938
0 1 0.291920 0.242632 0.178953 0.120993 0.165502
2 2 0.147588 0.265751 0.307381 0.098837 0.180443
2 2 0.083113 0.254493 0.433373 0.055486 0.173535
2 2 0.060012 0.215773 0.498605 0.041462 0.184148
2 2 0.036237 0.147179 0.635066 0.037950 0.143568
2 1 0.037587 0.139331 0.670330 0.048256 0.104496
2 1 0.137011 0.189807 0.471225 0.102932 0.099025
2 4 0.169419 0.288924 0.324413 0.101126 0.116118
2 0 0.061085 0.264778 0.516389 0.041736 0.116012
2 4 0.037948 0.194515 0.618309 0.030069 0.119159
2 1 0.028935 0.142164 0.659715 0.026941 0.142246
2 3 0.027128 0.130028 0.658322 0.025477 0.159045
2 -1 0.030771 0.133797 0.601893 0.025145 0.208394
2 0 0.035787 0.136272 0.550179 0.027306 0.250456
2 0 0.044292 0.143161 0.469044 0.028422 0.315081
2 2 0.047989 0.148415 0.448367 0.029328 0.325901
2 2 0.047937 0.147756 0.458351 0.031038 0.314918
2 2 0.042995 0.135232 0.486131 0.030802 0.304841
2 2 0.040773 0.129919 0.481587 0.027763 0.319958
2 2 0.040519 0.118395 0.448359 0.025280 0.367446
4 2 0.044219 0.098922 0.360428 0.023645 0.472785
4 4 0.053592 0.092170 0.252038 0.021013 0.581186
4 2 0.065115 0.097073 0.195767 0.020405 0.621640
4 2 0.078821 0.113067 0.167370 0.020529 0.620214
4 2 0.086530 0.145483 0.186533 0.022216 0.559238
4 1 0.081081 0.154659 0.211790 0.021922 0.530548
4 2 0.068173 0.165456 0.299606 0.024877 0.441888
4 2 0.056830 0.146841 0.359056 0.026429 0.410844
2 2 0.049197 0.141834 0.433243 0.029778 0.345948
2 2 0.048520 0.137916 0.429877 0.029145 0.354541
2 2 0.047137 0.146235 0.455545 0.029510 0.321574
2 1 0.046143 0.145366 0.452343 0.028001 0.328147
2 2 0.043271 0.151604 0.508674 0.030329 0.266122
2 2 0.039971 0.145513 0.566687 0.033679 0.214150
2 0 0.053341 0.135931 0.627176 0.044181 0.139371
0 0 0.363794 0.136140 0.252695 0.112009 0.135362
0 1 0.523800 0.140441 0.120254 0.061147 0.154358
0 1 0.343996 0.262460 0.175452 0.089476 0.128616
1 2 0.118276 0.353094 0.338190 0.063814 0.126625
2 2 0.070250 0.321873 0.434432 0.032156 0.141288
2 2 0.051565 0.236860 0.489940 0.026040 0.195595
2 3 0.028042 0.131186 0.643050 0.025220 0.172503
2 3 0.021459 0.121660 0.705722 0.020964 0.130195
2 3 0.018347 0.114443 0.753711 0.021225 0.092274
2 3 0.019403 0.114816 0.761765 0.025712 0.078305
2 2 0.024897 0.121873 0.741804 0.038528 0.072899
2 3 0.035832 0.132367 0.695203 0.065880 0.070718
2 3 0.055368 0.143161 0.610136 0.118667 0.072668
2 3 0.076482 0.147352 0.521559 0.178760 0.075847
2 3 0.093653 0.146316 0.452284 0.230668 0.077078
2 3 0.104905 0.148499 0.416093 0.239169 0.091334
2 3 0.118846 0.149719 0.373547 0.247306 0.110582
2 3 0.135227 0.149202 0.326229 0.253637 0.135704
2 3 0.145228 0.147883 0.298525 0.255804 0.152560
2 3 0.159233 0.144742 0.260960 0.256608 0.178457
3 3 0.169620 0.141389 0.233856 0.255415 0.199721
3 3 0.169620 0.141389 0.233856 0.255415 0.199721
3 3 0.169620 0.141389 0.233856 0.255415 0.199721
3 3 0.169620 0.141389 0.233856 0.255415 0.199721
3 3 0.169620 0.141389 0.233856 0.255415 0.199721
3 3 0.169620 0.141389 0.233856 0.255415 0.199721
3 3 0.169620 0.141389 0.233856 0.255415 0.199721
3 3 0.169620 0.141389 0.233856 0.255415 0.199721
3 3 0.169620 0.141389 0.233856 0.255415 0.199721
3 3 0.169620 0.141389 0.233856 0.255415 0.199721
3 3 0.169620 0.141389 0.233856 0.255415 0.199721
3 3 0.169620 0.141389 0.233856 0.255415 0.199721
3 1 0.169620 0.141389 0.233856 0.255415 0.199721
3 3 0.169620 0.141389 0.233856 0.255415 0.199721
3 3 0.169620 0.141389 0.233856 0.255415 0.199721
3 3 0.169620 0.141389 0.233856 0.255415 0.199721
3 3 0.169620 0.141389 0.233856 0.255415 0.199721
3 3 0.169620 0.141389 0.233856 0.255415 0.199721
3 3 0.169620 0.141389 0.233856 0.255415 0.199721
3 3 0.169620 0.141389 0.233856 0.255415 0.199721
3 3 0.169620 0.141389 0.233856 0.255415 0.199721
3 3 0.169620 0.141389 0.233856 0.255415 0.199721
3 3 0.169620 0.141389 0.233856 0.255415 0.199721
3 3 0.169620 0.141389 0.233856 0.255415 0.199721
3 3 0.169620 0.141389 0.233856 0.255415 0.199721
3 3 0.169620 0.141389 0.233856 0.255415 0.199721
3 3 0.169620 0.141389 0.233856 0.255415 0.199721
3 3 0.169620 0.141389 0.233856 0.255415 0.199721
3 3 0.169620 0.141389 0.233856 0.255415 0.199721
3 3 0.169620 0.141389 0.233856 0.255415 0.199721
3 3 0.169620 0.141389 0.233856 0.255415 0.199721
3 3 0.169620 0.141389 0.233856 0.255415 0.199721
3 3 0.169620 0.141389 0.233856 0.255415 0.199721
3 3 0.169620 0.141389 0.233856 0.255415 0.199721
3 3 0.169620 0.141389 0.233856 0.255415 0.199721
3 3 0.169620 0.141389 0.233856 0.255415 0.199721
3 3 0.169620 0.141389 0.233856 0.255415 0.199721
3 3 0.169620 0.141389 0.233856 0.255415 0.199721
3 3 0.169620 0.141389 0.233856 0.255415 0.199721
3 3 0.169620 0.141389 0.233856 0.255415 0.199721
3 3 0.169620 0.141389 0.233856 0.255415 0.199721
3 3 0.169620 0.141389 0.233856 0.255415 0.199721
3 3 0.169620 0.141389 0.233856 0.255415 0.199721
3 3 0.169620 0.141389 0.233856 0.255415 0.199721
3 3 0.169620 0.141389 0.233856 0.255415 0.199721
3 3 0.169620 0.141389 0.233856 0.255415 0.199721
3 3 0.169620 0.141389 0.233856 0.255415 0.199721
3 3 0.169620 0.141389 0.233856 0.255415 0.199721
3 3 0.169620 0.141389 0.233856 0.255415 0.199721
3 3 0.169620 0.141389 0.233856 0.255415 0.199721
3 3 0.169620 0.141389 0.233856 0.255415 0.199721
3 3 0.169620 0.141389 0.233856 0.255415 0.199721
3 3 0.170504 0.138843 0.231048 0.250613 0.208991
3 3 0.169620 0.141389 0.233856 0.255415 0.199721
3 3 0.169620 0.141389 0.233856 0.255415 0.199721
3 3 0.169620 0.141389 0.233856 0.255415 0.199721
3 3 0.169620 0.141389 0.233856 0.255415 0.199721
3 0 0.169620 0.141389 0.233856 0.255415 0.199721
2 2 0.144628 0.147984 0.300165 0.255710 0.151513
2 2 0.085597 0.149514 0.487009 0.193386 0.084495
2 2 0.040563 0.137749 0.668551 0.070830 0.082308
2 2 0.027204 0.126616 0.719186 0.038263 0.088731
2 2 0.027712 0.129660 0.689723 0.031738 0.121166
2 2 0.026655 0.128471 0.692301 0.029747 0.122826
2 2 0.026732 0.129081 0.680246 0.027816 0.136126
2 2 0.022391 0.122043 0.721346 0.025179 0.109040
2 2 0.021215 0.119231 0.739505 0.025745 0.094304
2 0 0.021012 0.116255 0.761445 0.031000 0.070289
2 2 0.040648 0.128544 0.703649 0.066209 0.060950
2 2 0.032466 0.125472 0.719660 0.070256 0.052147
2 1 0.020891 0.111492 0.780566 0.040581 0.046471
2 2 0.013584 0.098486 0.821411 0.022835 0.043684
2 2 0.013284 0.100600 0.809900 0.018305 0.057911
2 2 0.014196 0.104643 0.790776 0.017193 0.073192
2 2 0.021068 0.120951 0.710010 0.020750 0.127221
2 2 0.023591 0.124915 0.693499 0.023464 0.134531
2 2 0.030550 0.133964 0.644663 0.029923 0.160901
2 2 0.032401 0.135611 0.652381 0.035070 0.144536
2 2 0.034318 0.137159 0.653792 0.039942 0.134789
2 2 0.037381 0.139625 0.647233 0.046371 0.129390
2 2 0.036221 0.138574 0.652577 0.044701 0.127927
2 2 0.032811 0.135768 0.658053 0.037218 0.136149
2 2 0.028001 0.130724 0.672072 0.029131 0.140072
2 1 0.028679 0.131814 0.656630 0.028108 0.154769
2 1 0.026817 0.129345 0.674920 0.027164 0.141754
2 1 0.025744 0.127656 0.688848 0.027128 0.130625
2 2 0.022578 0.121808 0.727272 0.026747 0.101594
2 0 0.021102 0.117623 0.752817 0.028613 0.079845
2 1 0.022313 0.116658 0.762639 0.036997 0.061394
2 2 0.024926 0.120453 0.752800 0.044785 0.057036
2 2 0.026721 0.133755 0.732283 0.039776 0.067465
2 2 0.030230 0.142961 0.700727 0.038976 0.087106
2 1 0.039696 0.164405 0.627928 0.040651 0.127320
2 2 0.048041 0.176712 0.576455 0.044590 0.154203
2 2 0.053283 0.180849 0.523191 0.042358 0.200319
2 2 0.051906 0.174693 0.504503 0.037264 0.231634
2 2 0.050464 0.163116 0.483713 0.034134 0.268572
2 2 0.048792 0.151998 0.466451 0.031672 0.301087
2 2 0.045935 0.133037 0.484884 0.034502 0.301643
2 2 0.051391 0.128499 0.445743 0.037235 0.337133
2 0 0.060124 0.139263 0.522113 0.058092 0.220409
0 0 0.339676 0.147969 0.178861 0.114710 0.218785
0 2 0.440288 0.170542 0.128257 0.077720 0.183193
0 1 0.287243 0.229348 0.232769 0.123491 0.127148
0 1 0.333525 0.184349 0.240238 0.122690 0.119198
0 1 0.438144 0.172496 0.198144 0.087276 0.103940
0 1 0.475825 0.221938 0.123351 0.059886 0.118999
2 2 0.128338 0.281668 0.359049 0.110618 0.120326
2 2 0.074853 0.234750 0.504140 0.071490 0.114767
2 2 0.042285 0.157264 0.640497 0.054405 0.105548
2 1 0.037172 0.145430 0.672794 0.053163 0.091440
2 1 0.032436 0.130789 0.704779 0.053241 0.078756
2 2 0.039996 0.162025 0.650261 0.049215 0.098503
2 2 0.047294 0.188312 0.588544 0.043503 0.132347
2 2 0.052255 0.199896 0.514518 0.035153 0.198178
2 2 0.060741 0.206985 0.447621 0.034935 0.249719
2 2 0.059625 0.161343 0.393744 0.032053 0.353235
2 2 0.057694 0.149898 0.396378 0.032862 0.363168
2 2 0.040959 0.135011 0.538797 0.033410 0.251822
2 2 0.037393 0.138583 0.587828 0.034035 0.202162
2 2 0.027839 0.129989 0.685939 0.031273 0.124961
2 2 0.028188 0.129399 0.699770 0.035343 0.107300
2 2 0.024608 0.123129 0.732567 0.033949 0.085747
2 2 0.024697 0.123918 0.726549 0.032433 0.092402
2 2 0.025537 0.125468 0.718478 0.032727 0.097790
2 2 0.031141 0.132583 0.688032 0.040651 0.107593
2 2 0.041085 0.141373 0.647369 0.058696 0.111476
2 2 0.049973 0.147371 0.609807 0.073849 0.118999
2 1 0.052124 0.148186 0.604079 0.079768 0.115843
2 2 0.051664 0.147538 0.608687 0.081130 0.110981
2 2 0.055544 0.148596 0.597751 0.093207 0.104902
2 2 0.052619 0.146114 0.613895 0.092655 0.094716
2 2 0.047704 0.142119 0.638695 0.088054 0.083427
2 2 0.044651 0.138312 0.656509 0.089057 0.071472
2 2 0.042316 0.136848 0.666886 0.083120 0.070830
2 2 0.034980 0.132471 0.696206 0.061066 0.075276
2 4 0.030593 0.130548 0.703344 0.044402 0.091113
2 4 0.031503 0.134314 0.666069 0.035842 0.132272
2 4 0.040422 0.138357 0.557738 0.034944 0.228539
2 4 0.050892 0.118800 0.408870 0.033661 0.387776
4 4 0.055356 0.101336 0.310691 0.028370 0.504248
4 4 0.066590 0.107401 0.250462 0.027602 0.547946
4 4 0.081054 0.124857 0.201257 0.025434 0.567398
4 4 0.095247 0.167614 0.226101 0.031733 0.479306
4 1 0.117301 0.196647 0.206925 0.037757 0.441371
4 4 0.226477 0.192876 0.177292 0.061807 0.341547
0 4 0.336911 0.142031 0.112560 0.073453 0.335046
4 4 0.277166 0.125623 0.103011 0.067625 0.426575
4 4 0.192485 0.098964 0.085680 0.050146 0.572724
4 4 0.153122 0.089037 0.074575 0.038464 0.644802
4 4 0.136198 0.079229 0.060525 0.026201 0.697847
4 4 0.121546 0.071192 0.048415 0.017737 0.741111
4 4 0.125237 0.080918 0.048375 0.016260 0.729210
4 4 0.107118 0.068542 0.051168 0.015217 0.757955
4 4 0.097778 0.058657 0.058253 0.017700 0.767612
4 4 0.096324 0.049918 0.057292 0.020382 0.776084
4 4 0.106202 0.059408 0.069329 0.025657 0.739404
4 4 0.139040 0.078618 0.073684 0.031147 0.677511
4 4 0.166409 0.122388 0.087568 0.035658 0.587978
4 4 0.163854 0.170540 0.114287 0.038688 0.512630
4 4 0.128868 0.175627 0.160660 0.035251 0.499594
4 4 0.115820 0.189962 0.183307 0.031289 0.479622
4 4 0.103146 0.206793 0.227990 0.031555 0.430515
4 4 0.095098 0.206670 0.250507 0.030845 0.416881
4 1 0.094774 0.205937 0.280975 0.037790 0.380524
4 4 0.114190 0.196447 0.239246 0.045446 0.404671
4 4 0.120303 0.186194 0.229522 0.050281 0.413700
4 4 0.096521 0.151745 0.266897 0.047897 0.436940
4 4 0.086981 0.127319 0.275603 0.048121 0.461976
4 4 0.093750 0.123918 0.251957 0.050311 0.480064
4 4 0.095253 0.117071 0.249192 0.054571 0.483912
4 4 0.100372 0.119935 0.282044 0.075480 0.422170
4 4 0.122417 0.134446 0.294330 0.126192 0.322614
2 4 0.151094 0.146876 0.271695 0.209215 0.221121
3 4 0.163015 0.143626 0.251025 0.256358 0.185976
2 4 0.158629 0.144909 0.262554 0.256629 0.177279
2 4 0.153983 0.146099 0.274890 0.256620 0.168408
2 2 0.137469 0.148973 0.319950 0.254235 0.139374
2 2 0.123844 0.150082 0.359073 0.247535 0.119466
2 0 0.150103 0.138298 0.441260 0.190285 0.080054
0 0 0.359507 0.116116 0.241825 0.119033 0.163519
0 1 0.364602 0.163535 0.188010 0.103905 0.179949
2 1 0.168920 0.216564 0.338945 0.164654 0.110917
2 1 0.084574 0.206898 0.495913 0.113807 0.098807
2 1 0.050795 0.157772 0.612606 0.074035 0.104791
2 2 0.041042 0.141531 0.645750 0.057741 0.113936
2 2 0.049416 0.147229 0.610436 0.071850 0.121068
2 2 0.055821 0.149616 0.591997 0.088845 0.113721
2 2 0.050378 0.147206 0.611327 0.076759 0.114329
2 2 0.035376 0.136490 0.672539 0.049014 0.106581
2 2 0.032212 0.134016 0.679735 0.041306 0.112731
2 2 0.030744 0.131862 0.692878 0.040984 0.103532
2 2 0.037604 0.137644 0.669625 0.056226 0.098901
2 2 0.050558 0.144511 0.624236 0.090777 0.089918
2 0 0.066764 0.147402 0.561880 0.144735 0.079219
2 0 0.077054 0.146913 0.518777 0.182920 0.074336
2 2 0.070929 0.142750 0.540240 0.183881 0.062201
2 2 0.069341 0.140112 0.543302 0.191523 0.055722
2 2 0.076635 0.140724 0.510902 0.214217 0.057522
2 2 0.093224 0.146211 0.453701 0.230308 0.076556
2 2 0.106511 0.148721 0.411072 0.240238 0.093459
2 2 0.111153 0.149241 0.396736 0.243135 0.099735
2 2 0.116103 0.149603 0.381737 0.245908 0.106649
2 2 0.115703 0.149581 0.382940 0.245695 0.106081
2 2 0.118440 0.149706 0.374754 0.247105 0.109995
2 2 0.118658 0.149713 0.374107 0.247213 0.110310
2 2 0.126296 0.149739 0.351702 0.250613 0.121650
2 2 0.128904 0.149645 0.344187 0.251601 0.125662
2 2 0.141627 0.148446 0.308408 0.255173 0.146346
2 3 0.155431 0.145747 0.271031 0.256655 0.171136
3 3 0.167287 0.142222 0.239895 0.255823 0.194773
3 3 0.168669 0.141734 0.236314 0.255591 0.197692
3 3 0.163688 0.143415 0.249267 0.256291 0.187339
2 3 0.153711 0.146164 0.275618 0.256610 0.167897
2 3 0.147823 0.147416 0.291464 0.256152 0.157145
2 3 0.151363 0.146696 0.281908 0.256483 0.163550
2 3 0.160103 0.144495 0.258669 0.256568 0.180164
3 3 0.162734 0.143713 0.251761 0.256383 0.185409
3 3 0.161982 0.143942 0.253733 0.256447 0.183897
2 2 0.160688 0.144326 0.257130 0.256536 0.181320
3 3 0.162550 0.143769 0.252243 0.256400 0.185038
3 3 0.168593 0.141761 0.236510 0.255605 0.197530
3 3 0.169620 0.141389 0.233856 0.255415 0.199721
3 3 0.169620 0.141389 0.233856 0.255415 0.199721
3 3 0.169620 0.141389 0.233856 0.255415 0.199721
3 3 0.169620 0.141389 0.233856 0.255415 0.199721
3 3 0.169620 0.141389 0.233856 0.255415 0.199721
3 3 0.169620 0.141389 0.233856 0.255415 0.199721
3 0 0.169620 0.141389 0.233856 0.255415 0.199721
3 0 0.187855 0.139431 0.235404 0.242584 0.194726
2 2 0.133890 0.149131 0.343749 0.247913 0.125317
0 2 0.222657 0.168584 0.210799 0.186556 0.211405
2 2 0.136534 0.149603 0.322861 0.246829 0.144174
2 2 0.093551 0.156839 0.456495 0.165541 0.127573
2 2 0.148824 0.147222 0.288753 0.256263 0.158938
3 2 0.163248 0.143553 0.250416 0.256335 0.186447
2 3 0.144955 0.147929 0.299271 0.255762 0.152083
2 3 0.125845 0.149750 0.353008 0.250433 0.120963
2 2 0.109648 0.149092 0.401356 0.242227 0.097677
2 3 0.106537 0.148724 0.410991 0.240255 0.093493
2 2 0.111334 0.149258 0.396184 0.243241 0.099983
2 2 0.119132 0.149728 0.372698 0.247446 0.110996
2 2 0.109525 0.149079 0.401733 0.242152 0.097511
2 2 0.103725 0.149626 0.421503 0.230642 0.094504
2 2 0.078565 0.151924 0.514674 0.160004 0.094833
2 2 0.106899 0.145685 0.494767 0.161619 0.091031
0 1 0.310470 0.140943 0.204231 0.128094 0.216262
0 2 0.339973 0.191754 0.148418 0.099410 0.220445
2 2 0.147982 0.272820 0.315931 0.126480 0.136787
2 3 0.087008 0.225131 0.481193 0.100284 0.106385
2 3 0.038471 0.147326 0.674138 0.059326 0.080739
2 3 0.021270 0.116137 0.763020 0.032585 0.066988
2 3 0.019222 0.113659 0.768720 0.027008 0.071391
2 3 0.017382 0.109624 0.783327 0.024996 0.064671
2 3 0.019549 0.113055 0.773754 0.029850 0.063793
2 2 0.023329 0.118035 0.757720 0.039345 0.061571
2 2 0.018581 0.110143 0.785025 0.030327 0.055924
2 2 0.014754 0.102187 0.809644 0.023523 0.049893
2 2 0.015460 0.103834 0.804676 0.024670 0.051360
2 2 0.020535 0.103766 0.802804 0.029739 0.043155
2 2 0.057554 0.114271 0.728709 0.062130 0.037336
2 1 0.233473 0.124182 0.444163 0.139835 0.058348
0 1 0.452684 0.157977 0.168903 0.084248 0.136188
2 2 0.211102 0.257947 0.285596 0.136079 0.109277
2 2 0.064655 0.234707 0.544290 0.064733 0.091616
2 2 0.030202 0.144422 0.706042 0.040554 0.078780
2 2 0.022353 0.119424 0.747347 0.031080 0.079796
2 2 0.022555 0.118831 0.752177 0.033435 0.073003
2 1 0.021730 0.116473 0.762518 0.034285 0.064994
2 2 0.018374 0.108454 0.791358 0.032442 0.049372
2 2 0.017332 0.109615 0.783104 0.024762 0.065186
2 2 0.015768 0.106900 0.789775 0.021408 0.066149
2 2 0.018785 0.115071 0.753061 0.022180 0.090903
2 2 0.018990 0.114847 0.757718 0.023614 0.084832
2 2 0.020848 0.118927 0.738265 0.024565 0.097396
2 2 0.019768 0.116671 0.748953 0.023897 0.090711
2 2 0.020599 0.118140 0.743727 0.025007 0.092527
2 2 0.022115 0.120884 0.732205 0.026573 0.098223
2 2 0.024267 0.124663 0.713667 0.028220 0.109182
2 2 0.027797 0.130510 0.671926 0.028684 0.141083
2 2 0.029308 0.132473 0.657574 0.029471 0.151174
2 2 0.033959 0.137468 0.623674 0.033217 0.171683
2 3 0.033845 0.137066 0.645659 0.036964 0.146466
2 3 0.037080 0.139508 0.645850 0.045107 0.132455
2 3 0.035667 0.135602 0.680437 0.053842 0.094451
2 3 0.039525 0.136287 0.675539 0.071075 0.077573
2 3 0.045684 0.136977 0.654369 0.099641 0.063329
2 3 0.058267 0.142224 0.597842 0.135798 0.065869
2 3 0.059553 0.142549 0.592156 0.139795 0.065946
2 3 0.053445 0.140279 0.619307 0.123084 0.063884
2 3 0.039220 0.132059 0.685336 0.085047 0.058337
2 3 0.027697 0.120902 0.743299 0.056566 0.051536
2 3 0.020920 0.111810 0.779669 0.040038 0.047563
2 3 0.018676 0.108419 0.791496 0.034234 0.047175
2 3 0.019182 0.109249 0.788717 0.035459 0.047393
2 3 0.024109 0.119077 0.753859 0.041114 0.061841
2 3 0.027625 0.124556 0.732087 0.046051 0.069681
2 3 0.036218 0.136572 0.674649 0.053128 0.099433
2 3 0.041861 0.140826 0.652631 0.065064 0.099619
2 3 0.054970 0.149634 0.592627 0.084846 0.117923
2 3 0.070755 0.153884 0.538632 0.123101 0.113628
2 3 0.082058 0.155534 0.498037 0.147702 0.116669
2 3 0.091803 0.155100 0.464985 0.174379 0.113733
2 3 0.102210 0.154949 0.429210 0.194203 0.119428
2 3 0.117386 0.153855 0.379836 0.217326 0.131596
2 3 0.125661 0.153002 0.354296 0.225724 0.141317
2 3 0.141495 0.148735 0.308783 0.252805 0.148182
2 3 0.147903 0.147401 0.291248 0.256162 0.157287
2 3 0.149325 0.147122 0.287399 0.256313 0.159841
2 3 0.147816 0.147417 0.291481 0.256152 0.157133
2 3 0.150805 0.146816 0.283409 0.256442 0.162528
2 3 0.157473 0.145221 0.265611 0.256655 0.175039
3 3 0.161155 0.144189 0.255902 0.256506 0.182247
3 3 0.161026 0.144227 0.256242 0.256515 0.181990
3 3 0.162259 0.143858 0.253007 0.256424 0.184452
3 3 0.167678 0.142086 0.238882 0.255761 0.195594
3 3 0.169620 0.141389 0.233856 0.255415 0.199721
3 3 0.169620 0.141389 0.233856 0.255415 0.199721
3 3 0.169620 0.141389 0.233856 0.255415 0.199721
3 3 0.169620 0.141389 0.233856 0.255415 0.199721
3 3 0.169620 0.141389 0.233856 0.255415 0.199721
3 3 0.169620 0.141389 0.233856 0.255415 0.199721
3 3 0.169620 0.141389 0.233856 0.255415 0.199721
3 3 0.169620 0.141389 0.233856 0.255415 0.199721
3 3 0.169620 0.141389 0.233856 0.255415 0.199721
3 3 0.169620 0.141389 0.233856 0.255415 0.199721
3 3 0.169620 0.141389 0.233856 0.255415 0.199721
3 3 0.169620 0.141389 0.233856 0.255415 0.199721
3 3 0.169620 0.141389 0.233856 0.255415 0.199721
3 3 0.169620 0.141389 0.233856 0.255415 0.199721
3 3 0.169620 0.141389 0.233856 0.255415 0.199721
3 3 0.169620 0.141389 0.233856 0.255415 0.199721
3 3 0.169620 0.141389 0.233856 0.255415 0.199721
3 3 0.169620 0.141389 0.233856 0.255415 0.199721
3 3 0.169620 0.141389 0.233856 0.255415 0.199721
3 3 0.169620 0.141389 0.233856 0.255415 0.199721
3 3 0.169620 0.141389 0.233856 0.255415 0.199721
3 3 0.169620 0.141389 0.233856 0.255415 0.199721
3 3 0.169620 0.141389 0.233856 0.255415 0.199721
3 1 0.166010 0.142658 0.243213 0.256011 0.192108
2 2 0.139959 0.149752 0.313909 0.253622 0.142757
2 2 0.086276 0.178771 0.488451 0.134000 0.112501
2 2 0.070340 0.154615 0.536907 0.116824 0.121314
2 3 0.066491 0.154590 0.544902 0.102233 0.131784
2 2 0.062869 0.151861 0.567528 0.105817 0.111926
2 2 0.060062 0.153049 0.561889 0.085439 0.139561
2 4 0.063089 0.153207 0.503775 0.068457 0.211472
4 4 0.073633 0.165906 0.355621 0.041016 0.363824
4 4 0.086300 0.173581 0.276694 0.034630 0.428795
4 4 0.097676 0.155072 0.206524 0.031458 0.509271
4 4 0.107464 0.137200 0.150176 0.027627 0.577533
4 4 0.132062 0.128048 0.123651 0.035768 0.580471
4 4 0.130680 0.120199 0.111295 0.032481 0.605344
4 4 0.174070 0.155791 0.114109 0.048925 0.507105
4 4 0.174075 0.146419 0.098086 0.042300 0.539120
4 1 0.220026 0.208686 0.089251 0.046128 0.435909
4 1 0.175048 0.173525 0.080857 0.027755 0.542816
4 4 0.172904 0.159505 0.066106 0.022699 0.578786
4 4 0.154587 0.116718 0.051960 0.018371 0.658365
4 4 0.124707 0.077946 0.045992 0.015836 0.735519
4 4 0.102620 0.054986 0.042031 0.014263 0.786101
4 4 0.117230 0.063263 0.042024 0.015932 0.761550
4 4 0.134660 0.077972 0.045014 0.018146 0.724207
4 4 0.143169 0.092171 0.050631 0.019669 0.694361
4 4 0.150299 0.103199 0.051719 0.019717 0.675067
4 4 0.149537 0.121417 0.061597 0.020177 0.647272
4 4 0.150949 0.134753 0.065914 0.020004 0.628380
4 4 0.155261 0.159084 0.075135 0.021063 0.589458
4 4 0.165138 0.179946 0.078063 0.022404 0.554449
4 4 0.169667 0.209793 0.094557 0.026474 0.499509
4 4 0.164312 0.216073 0.098319 0.025229 0.496068
4 4 0.159727 0.217980 0.102231 0.024728 0.495334
4 4 0.132727 0.123156 0.072046 0.018660 0.653411
4 4 0.092242 0.059350 0.053905 0.014090 0.780412
4 4 0.062701 0.027875 0.040433 0.011306 0.857685
4 4 0.056005 0.019785 0.033804 0.011081 0.879325
4 4 0.067325 0.021279 0.032186 0.013855 0.865356
4 4 0.099609 0.028207 0.034042 0.018425 0.819717
4 4 0.178655 0.046847 0.041573 0.025279 0.707645
4 4 0.240212 0.107401 0.058727 0.036809 0.556852
4 4 0.199860 0.227072 0.087946 0.032970 0.452152
4 4 0.179769 0.318580 0.106206 0.025963 0.369481
1 2 0.162225 0.347212 0.127105 0.025267 0.338192
4 2 0.118859 0.291837 0.213189 0.030215 0.345900
4 2 0.106312 0.238860 0.247823 0.034745 0.372260
4 1 0.200189 0.245535 0.187150 0.053443 0.313683
0 1 0.349063 0.293324 0.098638 0.070798 0.188176
1 1 0.141546 0.371792 0.212377 0.040123 0.234161
1 1 0.106616 0.357514 0.256129 0.028408 0.251333
4 2 0.082785 0.284703 0.302308 0.025569 0.304634
2 1 0.066722 0.235705 0.364870 0.026167 0.306537
2 2 0.044112 0.144618 0.459870 0.026556 0.324844
2 2 0.042081 0.139282 0.475632 0.026989 0.316015
2 2 0.035029 0.136728 0.556182 0.026838 0.245223
2 2 0.037388 0.138144 0.537664 0.028303 0.258502
2 2 0.033807 0.136353 0.576955 0.027117 0.225768
2 2 0.034742 0.137014 0.568816 0.027650 0.231778
2 2 0.031598 0.134486 0.593113 0.025502 0.215302
2 2 0.032258 0.134729 0.578967 0.025114 0.228932
2 2 0.033117 0.135181 0.567058 0.025227 0.239417
2 2 0.036323 0.136960 0.536009 0.026750 0.263957
2 2 0.038172 0.137780 0.519685 0.027701 0.276662
2 2 0.038453 0.138386 0.519190 0.027927 0.276044
2 2 0.036842 0.137335 0.533407 0.027195 0.265221
2 2 0.033904 0.135807 0.561974 0.025839 0.242477
2 2 0.031823 0.134333 0.581424 0.024734 0.227686
2 2 0.028128 0.131045 0.619291 0.022908 0.198628
2 2 0.028114 0.131079 0.622096 0.023149 0.195562
2 2 0.028190 0.131217 0.624820 0.023524 0.192249
2 2 0.025515 0.128020 0.661600 0.023064 0.161800
2 2 0.026049 0.128672 0.663249 0.024172 0.157858
2 2 0.039020 0.140545 0.580194 0.035788 0.204453
2 2 0.050776 0.201950 0.497467 0.030245 0.219563
2 2 0.029811 0.132869 0.609502 0.024465 0.203354
2 2 0.029299 0.132285 0.610554 0.023811 0.204052
2 2 0.033415 0.135205 0.560632 0.025068 0.245680
2 2 0.026513 0.129276 0.637783 0.022223 0.184204
2 2 0.024365 0.126470 0.668163 0.021847 0.159156
2 2 0.022835 0.124020 0.690495 0.021680 0.140970
2 2 0.020708 0.119998 0.719919 0.021318 0.118057
2 2 0.020408 0.119459 0.722364 0.021042 0.116726
2 2 0.019201 0.117062 0.734710 0.020241 0.108785
2 2 0.021139 0.121038 0.710267 0.020916 0.126640
2 2 0.020786 0.120233 0.717356 0.021133 0.120491
2 2 0.027245 0.130083 0.664012 0.026433 0.152228
2 2 0.028129 0.130617 0.678654 0.030547 0.132053
2 1 0.053729 0.167134 0.558434 0.056119 0.164584
2 1 0.097424 0.240228 0.402042 0.073171 0.187135
2 2 0.089829 0.284475 0.349612 0.038737 0.237346
2 2 0.068181 0.260313 0.409260 0.030316 0.231930
2 2 0.049163 0.193175 0.477076 0.027116 0.253470
2 2 0.028336 0.131497 0.633723 0.024663 0.181781
2 2 0.023858 0.125819 0.663415 0.020549 0.166358
2 2 0.021588 0.122325 0.688414 0.019305 0.148368
2 2 0.022418 0.123649 0.680571 0.019899 0.153462
2 2 0.021174 0.121506 0.697954 0.019575 0.139792
2 2 0.021940 0.122691 0.694376 0.020526 0.140467
2 2 0.019346 0.117516 0.730579 0.019984 0.112575
2 3 0.017681 0.113472 0.754377 0.019777 0.094693
2 2 0.015489 0.107486 0.782849 0.019165 0.075011
2 2 0.014642 0.104696 0.795183 0.019228 0.066251
2 2 0.015148 0.105444 0.794455 0.020587 0.064366
2 1 0.018206 0.111169 0.778579 0.026460 0.065586
2 2 0.032416 0.147953 0.699963 0.041281 0.078387
2 2 0.045240 0.200938 0.604407 0.041285 0.108130
2 2 0.040841 0.198134 0.607633 0.033031 0.120362
2 2 0.037724 0.187034 0.609497 0.028975 0.136770
2 2 0.032672 0.165929 0.635500 0.026787 0.139112
2 2 0.023283 0.128325 0.709263 0.024301 0.114828
2 2 0.019483 0.117238 0.737870 0.021300 0.104109
2 2 0.016758 0.111381 0.763126 0.018997 0.089739
2 2 0.019544 0.117422 0.736429 0.021219 0.105385
2 2 0.021665 0.120803 0.726765 0.024439 0.106328
2 0 0.033930 0.126552 0.707337 0.033865 0.098315
2 0 0.136769 0.141933 0.521548 0.105826 0.093923
0 1 0.267719 0.213074 0.252907 0.138806 0.127494
1 2 0.160714 0.350607 0.241209 0.071925 0.175546
1 2 0.112813 0.371488 0.284010 0.037484 0.194205
1 2 0.094473 0.315658 0.289270 0.028935 0.271664
2 2 0.054889 0.207021 0.452939 0.028814 0.256336
2 2 0.034203 0.136838 0.578651 0.027868 0.222439
2 2 0.026994 0.129902 0.640148 0.023200 0.179756
2 2 0.025138 0.127562 0.653826 0.021640 0.171834
2 2 0.024519 0.126731 0.659246 0.021191 0.168314
2 2 0.024607 0.126851 0.658633 0.021272 0.168637
2 2 0.022987 0.124421 0.681870 0.020983 0.149739
2 2 0.020495 0.119978 0.714018 0.020152 0.125357
2 2 0.017390 0.113114 0.753619 0.019017 0.096859
2 3 0.016384 0.110662 0.764987 0.018420 0.089547
2 2 0.015293 0.107671 0.778765 0.017968 0.080302
2 2 0.018375 0.115159 0.745446 0.019994 0.101026
2 2 0.020353 0.119120 0.727033 0.021578 0.111916
2 2 0.027237 0.130093 0.662884 0.026267 0.153520
2 2 0.030211 0.133597 0.645860 0.029456 0.160876
2 0 0.037075 0.131206 0.599612 0.034933 0.197174
2 1 0.068124 0.163458 0.479491 0.060385 0.228542
2 2 0.067550 0.238057 0.481784 0.046136 0.166474
2 2 0.049844 0.229152 0.525980 0.029615 0.165409
2 2 0.039012 0.188562 0.576664 0.026139 0.169622
2 2 0.029101 0.141032 0.640096 0.024932 0.164839
2 2 0.023803 0.125544 0.680377 0.022232 0.148045
2 2 0.023079 0.124532 0.682658 0.021226 0.148504
2 2 0.025376 0.127850 0.660628 0.022725 0.163422
2 2 0.022463 0.123189 0.701035 0.022283 0.131030
2 2 0.026499 0.128801 0.680885 0.027435 0.136380
2 2 0.034653 0.124351 0.721395 0.037031 0.082570
2 1 0.200200 0.189348 0.377074 0.131066 0.102312
2 2 0.109643 0.316501 0.386274 0.078104 0.109478
2 2 0.057797 0.282028 0.501472 0.032079 0.126624
2 2 0.033657 0.182792 0.630580 0.025700 0.127270
2 2 0.028752 0.142645 0.651092 0.025327 0.152183
2 2 0.021639 0.121886 0.706255 0.021369 0.128851
2 2 0.021011 0.120805 0.711628 0.020841 0.125714
2 2 0.017199 0.112530 0.757349 0.019134 0.093788
2 2 0.013578 0.102487 0.800254 0.017215 0.066465
2 2 0.011634 0.095596 0.825516 0.016535 0.050718
2 2 0.010170 0.089734 0.844091 0.015960 0.040045
2 1 0.010357 0.089860 0.844427 0.016807 0.038549
2 2 0.010153 0.089344 0.845592 0.016321 0.038589
2 2 0.012014 0.096162 0.825141 0.017736 0.048947
2 2 0.011897 0.095903 0.825711 0.017472 0.049016
2 2 0.014076 0.102359 0.805410 0.019790 0.058365
2 2 0.013458 0.100370 0.812397 0.019476 0.054299
2 2 0.016286 0.108247 0.784786 0.021824 0.068857
2 2 0.017254 0.111291 0.770519 0.021528 0.079407
2 2 0.020299 0.118350 0.737176 0.023042 0.101134
2 2 0.021811 0.121454 0.719606 0.023587 0.113541
2 2 0.022454 0.122255 0.719283 0.024966 0.111043
2 2 0.024690 0.125041 0.714394 0.029432 0.106443
2 1 0.031550 0.163460 0.675442 0.032173 0.097375
2 2 0.036153 0.193666 0.645628 0.032527 0.092026
2 2 0.039516 0.207623 0.611573 0.030425 0.110863
2 2 0.034405 0.179389 0.630433 0.027391 0.128382
2 2 0.033624 0.158201 0.621372 0.027747 0.159055
2 2 0.029398 0.135100 0.660302 0.029481 0.145719
2 1 0.039668 0.140491 0.633036 0.040213 0.146592
2 0 0.165217 0.133923 0.473622 0.078648 0.148590
0 0 0.506323 0.082075 0.195057 0.087894 0.128652
0 0 0.649448 0.057033 0.117809 0.056145 0.119565
0 0 0.759344 0.038031 0.077835 0.032968 0.091822
0 0 0.869826 0.022296 0.040079 0.012914 0.054884
0 0 0.931550 0.014751 0.017507 0.004255 0.031938
0 0 0.940752 0.017660 0.010477 0.002250 0.028861
0 0 0.897771 0.039951 0.013408 0.003369 0.045501
0 0 0.835456 0.064968 0.020874 0.006325 0.072377
0 0 0.819122 0.056213 0.022503 0.006907 0.095256
0 0 0.769749 0.060836 0.026700 0.008826 0.133890
0 0 0.605194 0.094604 0.049435 0.021825 0.228942
0 0 0.481365 0.171052 0.071551 0.039960 0.236072
0 0 0.388020 0.263992 0.077259 0.049519 0.221210
1 0 0.239133 0.376116 0.093667 0.032512 0.258571
4 0 0.171453 0.306330 0.108594 0.024421 0.389202
4 0 0.119877 0.161108 0.094202 0.015829 0.608985
4 0 0.121068 0.167572 0.098298 0.016406 0.596656
4 0 0.111725 0.152246 0.106986 0.017031 0.612012
4 0 0.113815 0.140835 0.094957 0.016486 0.633907
4 0 0.118190 0.130522 0.081269 0.015906 0.654114
4 0 0.118602 0.134171 0.085952 0.016693 0.644581
4 0 0.117621 0.143726 0.095606 0.017455 0.625593
4 0 0.122240 0.164558 0.109731 0.019705 0.583765
4 0 0.125257 0.130811 0.084723 0.018927 0.640281
4 0 0.210472 0.121960 0.074904 0.031952 0.560712
4 0 0.112857 0.073986 0.080455 0.027105 0.705597
4 0 0.138360 0.079560 0.095772 0.039116 0.647192
4 0 0.158108 0.045350 0.048561 0.027706 0.720275
4 0 0.258672 0.059679 0.047379 0.026751 0.607519
4 0 0.179209 0.047331 0.043927 0.027103 0.702430
4 0 0.209406 0.064826 0.058349 0.036146 0.631273
4 0 0.189447 0.053044 0.046477 0.028846 0.682186
4 0 0.185264 0.059185 0.049447 0.031483 0.674622
4 0 0.112852 0.060595 0.057715 0.022716 0.746122
4 0 0.129580 0.104388 0.090528 0.028471 0.647033
4 0 0.122845 0.092860 0.070468 0.021117 0.692710
4 0 0.153714 0.133742 0.078888 0.026346 0.607310
4 0 0.104490 0.082886 0.085778 0.021867 0.704979
4 1 0.134679 0.111264 0.133362 0.043096 0.577599
4 0 0.311751 0.114864 0.081070 0.052571 0.439744
0 1 0.363498 0.204859 0.076567 0.048899 0.306178
4 1 0.185603 0.287050 0.132826 0.041998 0.352523
4 1 0.142693 0.313751 0.171746 0.031202 0.340607
1 1 0.125026 0.341504 0.186935 0.025172 0.321362
4 1 0.107308 0.289443 0.214763 0.024209 0.364276
4 1 0.073212 0.172808 0.265327 0.022570 0.466082
4 1 0.072936 0.168394 0.281962 0.025446 0.451262
4 1 0.085448 0.196473 0.309677 0.037371 0.371031
4 1 0.084919 0.212954 0.307626 0.034006 0.360494
2 1 0.068433 0.231700 0.372518 0.028527 0.298823
2 1 0.064882 0.210601 0.356249 0.025238 0.343030
2 2 0.059084 0.202275 0.392539 0.026176 0.319926
2 2 0.050221 0.158329 0.419234 0.026075 0.346141
2 2 0.045907 0.137539 0.429718 0.025884 0.360953
2 2 0.044582 0.141504 0.451148 0.026470 0.336296
2 2 0.044417 0.143283 0.454523 0.026423 0.331353
2 2 0.043130 0.143998 0.473708 0.027346 0.311818
2 2 0.041762 0.139155 0.482244 0.027530 0.309310
2 2 0.039675 0.133835 0.497587 0.027708 0.301196
2 2 0.038828 0.132119 0.496955 0.026653 0.305446
2 2 0.037966 0.133766 0.505745 0.026302 0.296221
2 2 0.037534 0.133753 0.507880 0.025953 0.294880
2 2 0.033965 0.134908 0.548697 0.024786 0.257643
2 2 0.031949 0.134166 0.573832 0.024243 0.235810
2 2 0.028584 0.131519 0.615029 0.023183 0.201684
2 2 0.027351 0.130290 0.633179 0.023061 0.186119
2 2 0.025469 0.127994 0.655238 0.022310 0.168988
2 2 0.024097 0.126034 0.674609 0.022092 0.153168
2 2 0.022371 0.123221 0.696527 0.021550 0.136332
2 2 0.020564 0.119750 0.720899 0.021159 0.117629
2 2 0.019642 0.117631 0.735313 0.021266 0.106147
2 2 0.019977 0.118415 0.730242 0.021244 0.110121
2 2 0.018827 0.115676 0.746814 0.021218 0.097465
2 2 0.020590 0.119464 0.726549 0.022008 0.111390
2 2 0.030286 0.133463 0.658002 0.031533 0.146716
2 3 0.037620 0.144963 0.654711 0.047683 0.115023
2 3 0.022132 0.120020 0.741036 0.028631 0.088182
2 3 0.031672 0.131710 0.698328 0.046355 0.091936
2 3 0.059648 0.151411 0.576113 0.095107 0.117721
2 3 0.097344 0.154170 0.446127 0.191490 0.110869
2 3 0.118327 0.149702 0.375090 0.247049 0.109832
2 3 0.121185 0.149772 0.366627 0.248421 0.113995
2 3 0.122173 0.149781 0.363722 0.248871 0.115453
2 3 0.129057 0.149638 0.343748 0.251657 0.125900
2 3 0.146256 0.147704 0.295722 0.255953 0.154366
3 3 0.161070 0.144214 0.256125 0.256512 0.182079
3 3 0.169620 0.141389 0.233856 0.255415 0.199721
3 3 0.169620 0.141389 0.233856 0.255415 0.199721
3 3 0.169620 0.141389 0.233856 0.255415 0.199721
3 3 0.169620 0.141389 0.233856 0.255415 0.199721
3 3 0.169620 0.141389 0.233856 0.255415 0.199721
3 3 0.169620 0.141389 0.233856 0.255415 0.199721
3 3 0.169620 0.141389 0.233856 0.255415 0.199721
3 3 0.169620 0.141389 0.233856 0.255415 0.199721
3 3 0.169620 0.141389 0.233856 0.255415 0.199721
3 3 0.169620 0.141389 0.233856 0.255415 0.199721
3 3 0.169620 0.141389 0.233856 0.255415 0.199721
3 3 0.169620 0.141389 0.233856 0.255415 0.199721
3 3 0.169620 0.141389 0.233856 0.255415 0.199721
3 3 0.169620 0.141389 0.233856 0.255415 0.199721
3 3 0.169620 0.141389 0.233856 0.255415 0.199721
3 1 0.169620 0.141389 0.233856 0.255415 0.199721
3 1 0.169620 0.141389 0.233856 0.255415 0.199721
3 2 0.173152 0.143726 0.231782 0.251079 0.200261
2 2 0.181782 0.177078 0.271963 0.212413 0.156764
2 1 0.179908 0.177703 0.297152 0.206218 0.139019
2 2 0.143234 0.241787 0.349820 0.134353 0.130806
2 2 0.048696 0.196159 0.584187 0.044060 0.126898
2 2 0.027123 0.131740 0.693863 0.030504 0.116770
2 2 0.025003 0.126688 0.691847 0.026051 0.130411
2 2 0.021974 0.121204 0.726286 0.025081 0.105455
2 2 0.027793 0.130005 0.684721 0.030927 0.126554
2 1 0.032257 0.129767 0.671945 0.038574 0.127457
2 1 0.064537 0.140006 0.531703 0.081518 0.182235
2 1 0.104979 0.210259 0.385930 0.081992 0.216838
2 2 0.052217 0.211452 0.547534 0.039480 0.149316
2 2 0.038170 0.174492 0.612404 0.032089 0.142844
2 2 0.027436 0.129870 0.679445 0.029171 0.134079
2 2 0.027232 0.129850 0.673449 0.027773 0.141696
2 2 0.028963 0.132242 0.645700 0.027140 0.165954
2 2 0.029639 0.133015 0.636544 0.027161 0.173640
2 2 0.028877 0.132152 0.644070 0.026779 0.168122
2 2 0.026009 0.128497 0.671197 0.025091 0.149206
2 2 0.025489 0.127697 0.678816 0.025130 0.142867
2 2 0.030150 0.133220 0.661998 0.031948 0.142684
2 1 0.069324 0.154566 0.538025 0.062525 0.175560
0 2 0.298199 0.194565 0.147756 0.109311 0.250168
2 2 0.116256 0.293679 0.331770 0.061314 0.196980
2 2 0.049076 0.228385 0.549398 0.032545 0.140596
2 2 0.030026 0.141874 0.646414 0.027353 0.154332
2 2 0.019643 0.117491 0.737334 0.021573 0.103958
2 2 0.020878 0.120229 0.719882 0.021658 0.117353
2 2 0.021093 0.119780 0.731296 0.023890 0.103941
2 2 0.023441 0.123237 0.721037 0.027655 0.104630
2 2 0.023970 0.123669 0.722358 0.029310 0.100693
2 2 0.033952 0.144210 0.629279 0.032408 0.160151
2 2 0.051683 0.187471 0.488105 0.032624 0.240116
4 2 0.073428 0.201310 0.326514 0.028822 0.369926
4 2 0.073031 0.178816 0.290346 0.025378 0.432429
4 2 0.067109 0.147334 0.272775 0.022979 0.489803
4 2 0.060221 0.134020 0.289207 0.022206 0.494346
4 2 0.054572 0.125357 0.318582 0.022840 0.478649
4 2 0.052886 0.119016 0.327798 0.023749 0.476552
4 2 0.055629 0.123501 0.340438 0.027222 0.453210
4 2 0.055914 0.123461 0.355947 0.029938 0.434739
4 2 0.058298 0.121825 0.349183 0.032035 0.438659
4 2 0.059021 0.129455 0.361219 0.032973 0.417331
4 2 0.060362 0.141826 0.374377 0.033945 0.389490
2 2 0.063284 0.161143 0.373373 0.032619 0.369581
2 2 0.061874 0.182907 0.417900 0.033628 0.303690
2 2 0.063448 0.192907 0.400941 0.031330 0.311375
2 2 0.050299 0.175312 0.497080 0.033080 0.244228
2 2 0.065083 0.173908 0.429307 0.040587 0.291115
4 1 0.131273 0.173335 0.301264 0.076977 0.317151
4 1 0.223078 0.192480 0.185780 0.115721 0.282942
2 2 0.088699 0.225295 0.426217 0.065869 0.193920
2 2 0.046534 0.183034 0.590565 0.043355 0.136511
2 2 0.031662 0.134556 0.663675 0.035700 0.134408
2 2 0.025174 0.125318 0.716645 0.031233 0.101630
2 2 0.027354 0.128660 0.699904 0.033099 0.110983
2 2 0.025555 0.125588 0.717409 0.032499 0.098949
2 2 0.026237 0.126360 0.715371 0.033942 0.098090
2 2 0.025582 0.125872 0.714605 0.031862 0.102079
2 4 0.030624 0.131562 0.658159 0.032112 0.147544
2 4 0.039394 0.133948 0.562322 0.033822 0.230514
2 4 0.051620 0.136405 0.451966 0.035556 0.324453
4 4 0.073393 0.152773 0.324914 0.036718 0.412202
4 4 0.100176 0.159796 0.254470 0.045491 0.440067
4 4 0.128937 0.158360 0.201926 0.056079 0.454697
4 0 0.143934 0.139334 0.186903 0.074205 0.455624
4 1 0.269005 0.106979 0.128699 0.098885 0.396432
