4 0 0.188715 0.154321 0.183400 0.195981 0.277583
4 1 0.188715 0.154321 0.183400 0.195981 0.277583
4 1 0.176412 0.164390 0.201623 0.194912 0.262663
2 4 0.139390 0.194855 0.263558 0.186667 0.215531
4 4 0.188715 0.154321 0.183400 0.195981 0.277583
2 4 0.071185 0.169431 0.458386 0.164517 0.136482
2 4 0.066663 0.170172 0.471016 0.156663 0.135485
2 4 0.077039 0.176423 0.428777 0.159833 0.157927
2 4 0.059225 0.157732 0.502665 0.149569 0.130809
2 4 0.068146 0.175107 0.460924 0.154102 0.141721
2 4 0.084931 0.191404 0.398754 0.163779 0.161133
2 4 0.099737 0.205063 0.352205 0.170910 0.172086
2 4 0.107202 0.210308 0.331316 0.173872 0.177303
2 4 0.116174 0.213637 0.308727 0.177181 0.184281
2 4 0.120516 0.210169 0.299851 0.179237 0.190227
2 4 0.121681 0.209235 0.297506 0.179765 0.191813
2 4 0.139027 0.195152 0.264221 0.186546 0.215053
4 4 0.156601 0.180703 0.233360 0.191480 0.237855
4 4 0.176923 0.163971 0.200844 0.194972 0.263290
4 4 0.181169 0.160489 0.194447 0.195419 0.268476
4 4 0.180260 0.161234 0.195805 0.195331 0.267370
4 4 0.167136 0.172021 0.216103 0.193575 0.251166
4 4 0.176218 0.164550 0.201919 0.194889 0.262424
4 4 0.174089 0.159197 0.208822 0.201959 0.255933
2 4 0.109855 0.144984 0.310204 0.249357 0.185600
2 1 0.058681 0.118847 0.423211 0.278519 0.120743
2 1 0.046732 0.105420 0.423081 0.319814 0.104953
2 1 0.038560 0.087433 0.417198 0.364708 0.092101
3 1 0.036784 0.077559 0.384131 0.412161 0.089366
3 1 0.039914 0.074907 0.361262 0.429217 0.094700
3 1 0.052102 0.082093 0.313851 0.438999 0.112955
3 1 0.078784 0.103664 0.263004 0.410215 0.144333
3 4 0.107811 0.123538 0.211130 0.374294 0.183226
3 4 0.118720 0.130212 0.198209 0.351319 0.201540
3 4 0.089290 0.113031 0.183748 0.448016 0.165915
3 4 0.053411 0.083690 0.158550 0.592245 0.112104
3 4 0.024048 0.050146 0.133272 0.732804 0.059730
3 1 0.010891 0.029884 0.137824 0.788993 0.032408
3 1 0.007714 0.023732 0.129252 0.814397 0.024906
3 1 0.007772 0.023741 0.114583 0.828741 0.025163
3 1 0.007729 0.023247 0.088076 0.856441 0.024508
3 1 0.011933 0.030751 0.080051 0.843599 0.033666
3 1 0.020611 0.044823 0.094238 0.785977 0.054351
3 2 0.059588 0.089578 0.137816 0.583564 0.129454
3 2 0.126276 0.135023 0.159633 0.351463 0.227606
4 0 0.184119 0.154458 0.181976 0.204917 0.274531
4 0 0.181023 0.154123 0.181107 0.211239 0.272509
3 1 0.154050 0.146334 0.172653 0.273894 0.253069
3 1 0.107914 0.124977 0.148517 0.410977 0.207615
3 2 0.089900 0.113433 0.135240 0.476217 0.185210
3 2 0.059467 0.089117 0.122753 0.594460 0.134203
3 2 0.052560 0.082593 0.125651 0.619890 0.119305
3 2 0.050435 0.080544 0.126762 0.627652 0.114608
3 2 0.059342 0.089077 0.133374 0.587772 0.130436
3 2 0.043441 0.073296 0.120100 0.661414 0.101749
3 2 0.028506 0.055648 0.098074 0.744630 0.073143
3 2 0.018860 0.042050 0.082201 0.804852 0.052037
3 2 0.018123 0.040962 0.087144 0.804568 0.049203
3 2 0.025027 0.051040 0.097624 0.761575 0.064735
3 2 0.035719 0.064738 0.109555 0.702658 0.087329
3 2 0.033962 0.062676 0.108193 0.711545 0.083624
3 2 0.022187 0.047105 0.089653 0.781845 0.059210
3 2 0.013854 0.034063 0.074288 0.837995 0.039800
3 2 0.008074 0.023345 0.061014 0.882650 0.024917
3 2 0.006327 0.019754 0.058787 0.894779 0.020353
3 2 0.005785 0.018820 0.067173 0.888921 0.019302
3 2 0.007566 0.022914 0.087920 0.857473 0.024127
3 2 0.013112 0.033478 0.114629 0.801441 0.037341
3 2 0.022902 0.048608 0.136201 0.734193 0.058095
3 2 0.027907 0.055117 0.128319 0.721139 0.067518
3 2 0.024156 0.049931 0.105470 0.759340 0.061103
3 2 0.015789 0.037324 0.081150 0.821743 0.043994
3 2 0.009446 0.026090 0.063687 0.872093 0.028684
3 2 0.006916 0.020913 0.051718 0.897989 0.022463
3 2 0.006557 0.020119 0.047613 0.903878 0.021832
3 2 0.006481 0.019972 0.046852 0.905014 0.021682
3 2 0.006600 0.020246 0.047441 0.903723 0.021990
3 2 0.007711 0.022596 0.050024 0.894439 0.025229
3 2 0.009588 0.026352 0.057438 0.876626 0.029996
3 2 0.009767 0.026675 0.060318 0.873124 0.030116
3 2 0.009357 0.025891 0.062325 0.873821 0.028606
3 2 0.008094 0.023381 0.058662 0.884599 0.025264
3 2 0.006616 0.020293 0.052516 0.899169 0.021406
3 2 0.004568 0.015591 0.042013 0.921970 0.015857
3 2 0.003808 0.013694 0.037936 0.930920 0.013643
3 2 0.004214 0.014713 0.039813 0.926387 0.014873
3 2 0.005495 0.017753 0.044134 0.913860 0.018758
3 2 0.008976 0.025118 0.055339 0.882132 0.028435
3 2 0.012888 0.032387 0.063924 0.852017 0.038783
3 2 0.015838 0.037409 0.068482 0.831877 0.046394
3 2 0.014791 0.035685 0.064694 0.840678 0.044153
3 2 0.010419 0.027943 0.057507 0.871617 0.032515
3 2 0.006829 0.020763 0.051612 0.898602 0.022193
3 2 0.005033 0.016728 0.047593 0.913816 0.016830
3 2 0.004073 0.014397 0.043607 0.923884 0.014039
3 2 0.003577 0.013107 0.038901 0.931679 0.012736
3 2 0.003187 0.012032 0.033010 0.939863 0.011909
3 2 0.002434 0.009895 0.027304 0.950739 0.009629
3 2 0.001522 0.007042 0.020738 0.964158 0.006540
3 3 0.001062 0.005413 0.016294 0.972333 0.004898
3 3 0.000811 0.004437 0.012903 0.977847 0.004002
3 3 0.000673 0.003863 0.010688 0.981272 0.003504
3 3 0.000571 0.003415 0.008895 0.983985 0.003134
3 3 0.000469 0.002949 0.007076 0.986755 0.002750
3 3 0.000406 0.002643 0.005632 0.988782 0.002537
3 3 0.000330 0.002268 0.004442 0.990754 0.002205
3 3 0.000278 0.002001 0.003914 0.991883 0.001923
3 3 0.000262 0.001924 0.003883 0.992110 0.001821
3 3 0.000363 0.002442 0.004991 0.989861 0.002342
3 3 0.000693 0.003918 0.007511 0.983899 0.003979
3 3 0.002439 0.009780 0.016288 0.960327 0.011166
3 3 0.012885 0.032140 0.042065 0.869131 0.043778
3 2 0.059811 0.090230 0.106713 0.602610 0.140636
3 1 0.141858 0.142882 0.167125 0.305802 0.242333
4 1 0.188715 0.154321 0.183400 0.195981 0.277583
4 1 0.188715 0.154321 0.183400 0.195981 0.277583
4 1 0.183078 0.154477 0.181640 0.206984 0.273822
3 2 0.147973 0.144282 0.170151 0.289641 0.247953
3 2 0.111963 0.127127 0.151240 0.397362 0.212309
3 2 0.079034 0.105447 0.148701 0.505454 0.161363
3 2 0.056631 0.086469 0.145569 0.589695 0.121635
3 2 0.033760 0.062867 0.139978 0.682193 0.081202
3 2 0.020833 0.046141 0.134992 0.741804 0.056230
3 2 0.013096 0.033867 0.120001 0.794129 0.038907
3 2 0.011820 0.031101 0.090187 0.831692 0.035199
3 2 0.011239 0.029643 0.072643 0.853229 0.033246
3 2 0.010901 0.028885 0.067457 0.860303 0.032454
3 2 0.009586 0.026653 0.070945 0.863052 0.029763
3 2 0.007666 0.022972 0.071899 0.872387 0.025076
3 2 0.005547 0.018256 0.061634 0.895537 0.019026
3 2 0.005155 0.017279 0.058113 0.901766 0.017688
3 2 0.003880 0.014032 0.046113 0.922112 0.013864
3 2 0.003879 0.013881 0.039983 0.928478 0.013779
3 2 0.002552 0.010236 0.029352 0.947969 0.009890
3 2 0.001802 0.007939 0.023014 0.959735 0.007509
3 3 0.001184 0.005855 0.017589 0.970030 0.005342
3 3 0.001033 0.005301 0.015479 0.973351 0.004836
3 3 0.000921 0.004879 0.013956 0.975802 0.004442
3 2 0.000849 0.004601 0.013260 0.977134 0.004156
3 2 0.000758 0.004238 0.012345 0.978873 0.003786
3 2 0.000850 0.004597 0.012601 0.977733 0.004218
3 2 0.000945 0.004952 0.012413 0.976985 0.004705
3 2 0.001080 0.005452 0.013156 0.975027 0.005285
3 2 0.001393 0.006566 0.016095 0.969517 0.006430
3 2 0.002084 0.008823 0.023457 0.957011 0.008624
3 2 0.003224 0.012188 0.038027 0.934690 0.011871
3 2 0.003898 0.014324 0.058883 0.908636 0.014258
3 2 0.004311 0.015462 0.066227 0.898362 0.015638
3 2 0.003971 0.014318 0.050176 0.917283 0.014252
3 2 0.003191 0.011979 0.030551 0.942081 0.012198
3 2 0.002044 0.008625 0.017755 0.962422 0.009154
3 2 0.000976 0.005030 0.010107 0.978737 0.005150
3 2 0.000445 0.002838 0.006243 0.987779 0.002696
3 2 0.000257 0.001905 0.004619 0.991519 0.001699
3 3 0.000237 0.001796 0.004422 0.991960 0.001585
3 3 0.000261 0.001926 0.004656 0.991437 0.001719
3 3 0.000285 0.002059 0.005111 0.990713 0.001833
3 3 0.000314 0.002215 0.006075 0.989474 0.001922
3 3 0.000476 0.003011 0.009048 0.984863 0.002602
3 3 0.000870 0.004687 0.015145 0.975200 0.004099
3 3 0.001513 0.007076 0.024840 0.960189 0.006383
3 2 0.001809 0.008091 0.029417 0.953295 0.007388
3 2 0.001962 0.008596 0.031273 0.950263 0.007906
3 2 0.001869 0.008280 0.029132 0.953128 0.007591
3 2 0.001790 0.008039 0.028903 0.953929 0.007339
3 2 0.001611 0.007473 0.028374 0.955791 0.006751
3 2 0.001719 0.007827 0.029350 0.953953 0.007150
3 2 0.002080 0.008922 0.030486 0.950205 0.008307
3 2 0.003007 0.011534 0.033820 0.940468 0.011171
3 2 0.005602 0.018008 0.045873 0.911614 0.018903
3 2 0.012733 0.032146 0.070293 0.847556 0.037271
3 2 0.030911 0.058830 0.113819 0.721061 0.075379
3 2 0.053152 0.083196 0.154217 0.596710 0.112725
3 2 0.070590 0.098418 0.185790 0.509389 0.135813
3 2 0.091014 0.113445 0.190925 0.438185 0.166431
3 2 0.121863 0.131523 0.190484 0.347421 0.208709
3 2 0.145919 0.154924 0.211204 0.256086 0.231867
2 2 0.130011 0.185775 0.289768 0.191302 0.203145
2 2 0.151380 0.185005 0.242250 0.190207 0.231158
4 2 0.163441 0.175066 0.222055 0.192911 0.246528
2 2 0.076168 0.127374 0.415004 0.233984 0.147470
2 2 0.058297 0.111997 0.433435 0.277067 0.119204
3 2 0.033939 0.067817 0.313389 0.501707 0.083148
3 2 0.037487 0.068215 0.248631 0.556983 0.088684
3 2 0.024606 0.051733 0.195194 0.665405 0.063061
3 2 0.023869 0.050714 0.216888 0.647668 0.060859
3 2 0.022182 0.048460 0.254857 0.616577 0.057925
3 2 0.022395 0.049379 0.297617 0.571492 0.059117
3 2 0.020718 0.046459 0.291971 0.584526 0.056327
3 2 0.015638 0.038766 0.287320 0.612711 0.045566
3 2 0.009398 0.027771 0.255089 0.677153 0.030588
3 2 0.006362 0.021357 0.208450 0.741497 0.022333
3 2 0.004440 0.016501 0.133357 0.829157 0.016545
3 2 0.003457 0.013546 0.081696 0.888045 0.013255
3 2 0.002849 0.011558 0.055110 0.919395 0.011088
3 2 0.003423 0.012950 0.049895 0.921093 0.012639
3 2 0.005142 0.017261 0.060954 0.899076 0.017566
3 2 0.009635 0.027175 0.101590 0.832060 0.029540
3 2 0.022846 0.049002 0.167059 0.702702 0.058390
3 2 0.057025 0.086792 0.208621 0.532851 0.114710
3 2 0.077084 0.105032 0.226453 0.448631 0.142801
3 2 0.073856 0.105941 0.230662 0.450320 0.139221
3 2 0.065586 0.094670 0.202021 0.508627 0.129097
3 2 0.048953 0.084034 0.237031 0.526034 0.103948
3 2 0.032357 0.068223 0.291167 0.531586 0.076668
3 2 0.023692 0.055146 0.305161 0.554721 0.061280
3 2 0.018672 0.045096 0.312971 0.571271 0.051991
3 2 0.018550 0.043151 0.330451 0.554903 0.052944
3 2 0.015311 0.038129 0.343266 0.557154 0.046139
3 2 0.013232 0.034670 0.340282 0.570733 0.041082
3 2 0.016288 0.039577 0.331205 0.565889 0.047040
3 2 0.032393 0.061335 0.280573 0.549145 0.076554
3 4 0.069039 0.097008 0.231205 0.470787 0.131961
3 4 0.082912 0.108218 0.189540 0.464907 0.154424
3 4 0.079921 0.106500 0.163676 0.492336 0.157567
3 2 0.067819 0.096907 0.133735 0.555133 0.146405
3 2 0.057509 0.087692 0.129408 0.597395 0.127996
3 2 0.048684 0.078947 0.145202 0.620986 0.106181
3 2 0.059588 0.089140 0.169266 0.561035 0.120971
3 2 0.118359 0.129543 0.193463 0.355502 0.203133
4 2 0.171636 0.151148 0.178828 0.231914 0.266474
4 2 0.188715 0.154321 0.183400 0.195981 0.277583
4 2 0.188715 0.154321 0.183400 0.195981 0.277583
4 2 0.187238 0.154374 0.182952 0.198820 0.276615
3 2 0.159900 0.148282 0.174819 0.259285 0.257713
4 2 0.165960 0.149893 0.176958 0.244852 0.262338
4 2 0.162355 0.148515 0.175871 0.253527 0.259733
4 2 0.176207 0.152281 0.180130 0.221795 0.269587
4 2 0.177449 0.152666 0.180431 0.219069 0.270384
4 2 0.163559 0.148826 0.176299 0.250662 0.260654
3 2 0.146703 0.143009 0.169898 0.293332 0.247057
3 2 0.135875 0.138528 0.164946 0.323397 0.237254
3 2 0.108012 0.124350 0.164250 0.402380 0.201007
3 2 0.092577 0.114515 0.173019 0.445065 0.174825
3 2 0.107370 0.123661 0.175736 0.397745 0.195489
3 2 0.142498 0.141041 0.168903 0.304515 0.243043
3 2 0.155517 0.145825 0.176305 0.269293 0.253060
3 2 0.158539 0.147018 0.174634 0.262940 0.256869
3 2 0.154332 0.146009 0.172915 0.273337 0.253407
3 2 0.158828 0.148007 0.174410 0.261892 0.256862
3 2 0.145797 0.143520 0.169200 0.295429 0.246054
3 2 0.137428 0.139771 0.171038 0.315975 0.235789
3 2 0.117690 0.129858 0.177082 0.366616 0.208753
3 2 0.105131 0.122303 0.190830 0.395073 0.186662
3 2 0.083588 0.107992 0.197206 0.457772 0.153441
3 2 0.099695 0.118382 0.205696 0.401929 0.174298
3 2 0.122996 0.130886 0.213870 0.327899 0.204349
3 2 0.152777 0.143023 0.214072 0.251207 0.238921
4 2 0.175714 0.150791 0.197693 0.214630 0.261173
4 2 0.185333 0.153357 0.190862 0.199496 0.270951
4 2 0.179791 0.154559 0.196005 0.204929 0.264715
4 2 0.168776 0.150147 0.178050 0.238507 0.264521
3 2 0.137590 0.139551 0.165678 0.318384 0.238797
3 2 0.121862 0.132462 0.157272 0.365286 0.223119
3 2 0.117773 0.130405 0.154831 0.378261 0.218730
3 2 0.131494 0.137327 0.162471 0.335852 0.232855
4 2 0.161765 0.149166 0.175362 0.254641 0.259066
4 2 0.186327 0.154403 0.182672 0.200586 0.276012
4 2 0.188715 0.154321 0.183400 0.195981 0.277583
4 4 0.188715 0.154321 0.183400 0.195981 0.277583
4 4 0.188715 0.154321 0.183400 0.195981 0.277583
4 4 0.188715 0.154321 0.183400 0.195981 0.277583
4 0 0.188715 0.154321 0.183400 0.195981 0.277583
4 0 0.188715 0.154321 0.183400 0.195981 0.277583
4 0 0.188715 0.154321 0.183400 0.195981 0.277583
4 0 0.188715 0.154321 0.183400 0.195981 0.277583
4 0 0.188715 0.154321 0.183400 0.195981 0.277583
4 0 0.188715 0.154321 0.183400 0.195981 0.277583
4 1 0.188715 0.154321 0.183400 0.195981 0.277583
4 1 0.188715 0.154321 0.183400 0.195981 0.277583
4 4 0.188715 0.154321 0.183400 0.195981 0.277583
4 4 0.188715 0.154321 0.183400 0.195981 0.277583
4 4 0.167134 0.172022 0.216105 0.193575 0.251164
4 4 0.180442 0.161084 0.195533 0.195349 0.267591
4 4 0.188715 0.154321 0.183400 0.195981 0.277583
4 1 0.185835 0.156672 0.187569 0.195801 0.274123
4 1 0.184952 0.157393 0.188858 0.195738 0.273059
4 1 0.187979 0.154118 0.185016 0.196755 0.276132
3 1 0.147398 0.142347 0.197235 0.278357 0.234664
3 1 0.110643 0.125731 0.188823 0.380012 0.194791
3 1 0.085861 0.110178 0.181969 0.460619 0.161374
3 1 0.073389 0.100772 0.176918 0.506065 0.142855
3 1 0.061008 0.090461 0.205393 0.520162 0.122976
3 1 0.049765 0.080146 0.234305 0.529004 0.106781
3 2 0.063065 0.091929 0.249029 0.468338 0.127639
3 2 0.110628 0.124199 0.231196 0.345459 0.188518
4 2 0.184220 0.153100 0.192321 0.201033 0.269327
4 2 0.188715 0.154321 0.183400 0.195981 0.277583
4 2 0.188715 0.154321 0.183400 0.195981 0.277583
4 2 0.188715 0.154321 0.183400 0.195981 0.277583
4 2 0.188715 0.154321 0.183400 0.195981 0.277583
4 2 0.188715 0.154321 0.183400 0.195981 0.277583
4 2 0.188715 0.154321 0.183400 0.195981 0.277583
4 2 0.188715 0.154321 0.183400 0.195981 0.277583
4 2 0.188715 0.154321 0.183400 0.195981 0.277583
4 2 0.187732 0.154358 0.183103 0.197866 0.276941
4 2 0.171311 0.151010 0.178751 0.232667 0.266261
3 2 0.156076 0.146299 0.173689 0.269044 0.254892
3 2 0.123481 0.132575 0.179087 0.349431 0.215425
3 2 0.090801 0.113526 0.178818 0.446826 0.170029
3 2 0.070187 0.098076 0.182307 0.513363 0.136065
3 2 0.051886 0.082038 0.205460 0.552834 0.107782
3 2 0.052127 0.082258 0.201743 0.554982 0.108890
3 2 0.061017 0.090296 0.181508 0.544801 0.122377
3 2 0.060776 0.090204 0.157611 0.565269 0.126141
3 2 0.054306 0.084348 0.135707 0.605791 0.119848
3 2 0.047105 0.077129 0.117638 0.647832 0.110296
3 2 0.045389 0.075375 0.110302 0.660163 0.108770
3 2 0.035843 0.064977 0.128729 0.685479 0.084972
3 2 0.028514 0.056756 0.165088 0.678130 0.071511
3 2 0.029523 0.058072 0.180698 0.659146 0.072562
3 2 0.037370 0.067205 0.174455 0.635087 0.085883
3 2 0.042297 0.072591 0.175989 0.615043 0.094080
3 2 0.039966 0.070090 0.180306 0.619481 0.090157
3 2 0.031414 0.060247 0.186196 0.647193 0.074950
3 2 0.017597 0.041325 0.170466 0.723006 0.047606
3 2 0.009803 0.027985 0.147057 0.784920 0.030235
3 2 0.007075 0.022612 0.144593 0.801830 0.023891
3 2 0.005655 0.019555 0.150874 0.803656 0.020260
3 2 0.004874 0.017849 0.177674 0.781379 0.018224
3 2 0.004212 0.016144 0.171567 0.791982 0.016095
3 2 0.003736 0.014803 0.147943 0.818921 0.014597
3 2 0.002980 0.012355 0.090174 0.882566 0.011925
3 2 0.002226 0.009728 0.049811 0.929065 0.009169
3 2 0.001993 0.008762 0.034537 0.946518 0.008190
3 2 0.002575 0.010459 0.037218 0.939751 0.009996
3 2 0.004237 0.015109 0.057754 0.907843 0.015057
3 2 0.008636 0.025534 0.119199 0.819211 0.027419
3 2 0.015092 0.037590 0.178646 0.725571 0.043101
3 2 0.024113 0.051154 0.212524 0.649667 0.062542
3 2 0.021439 0.047322 0.182396 0.692149 0.056694
3 2 0.014755 0.036633 0.134145 0.772923 0.041545
3 2 0.009635 0.026881 0.087103 0.847669 0.028713
3 2 0.005908 0.019083 0.067173 0.888388 0.019448
3 2 0.004072 0.014647 0.055289 0.911638 0.014355
3 2 0.002912 0.011613 0.050805 0.923711 0.010960
3 2 0.002113 0.009312 0.046910 0.933155 0.008510
3 2 0.001663 0.007854 0.040734 0.942725 0.007024
3 2 0.001303 0.006529 0.030866 0.955567 0.005735
3 2 0.000993 0.005262 0.020442 0.968753 0.004550
3 2 0.000713 0.004069 0.013361 0.978372 0.003485
3 2 0.000462 0.002954 0.009183 0.984886 0.002515
3 2 0.000369 0.002499 0.007304 0.987683 0.002144
3 2 0.000368 0.002487 0.006624 0.988325 0.002197
3 2 0.000452 0.002884 0.007147 0.986878 0.002639
3 2 0.000613 0.003606 0.008812 0.983597 0.003372
3 2 0.000829 0.004504 0.011759 0.978714 0.004194
3 2 0.001150 0.005748 0.017302 0.970591 0.005209
3 2 0.001594 0.007545 0.033298 0.950654 0.006909
3 2 0.002764 0.011503 0.066567 0.908252 0.010914
3 2 0.005816 0.019754 0.128338 0.825853 0.020239
3 2 0.009050 0.026871 0.177447 0.757662 0.028970
3 2 0.011335 0.031019 0.172103 0.751694 0.033850
3 2 0.019016 0.043049 0.146804 0.742173 0.048958
3 2 0.043234 0.073007 0.137491 0.649231 0.097038
3 0 0.074302 0.101837 0.145220 0.524329 0.154311
3 1 0.088128 0.111864 0.172245 0.459675 0.168089
3 1 0.056819 0.090926 0.231864 0.503847 0.116544
3 2 0.047362 0.095336 0.306717 0.449503 0.101082
2 2 0.081530 0.133152 0.351205 0.279098 0.155015
2 2 0.023865 0.073374 0.689533 0.156370 0.056858
2 2 0.017823 0.053929 0.698359 0.184658 0.045231
2 2 0.010960 0.030405 0.522363 0.402845 0.033426
3 2 0.009500 0.027579 0.368375 0.564616 0.029930
3 2 0.008851 0.026285 0.179995 0.757612 0.027256
3 2 0.012602 0.031873 0.074446 0.844793 0.036287
3 2 0.008350 0.023688 0.041481 0.897670 0.028811
3 2 0.001756 0.007709 0.014742 0.967499 0.008294
3 2 0.000417 0.002713 0.005958 0.988348 0.002564
3 2 0.000158 0.001337 0.003185 0.994157 0.001163
3 3 0.000145 0.001249 0.002841 0.994669 0.001097
3 3 0.000144 0.001237 0.002498 0.994991 0.001129
3 3 0.000101 0.000953 0.001735 0.996328 0.000883
3 3 0.000087 0.000851 0.001371 0.996878 0.000812
3 3 0.000072 0.000736 0.001010 0.997453 0.000729
3 3 0.000070 0.000721 0.000879 0.997589 0.000741
3 3 0.000055 0.000601 0.000731 0.998007 0.000607
3 3 0.000048 0.000550 0.000670 0.998180 0.000552
3 3 0.000045 0.000523 0.000637 0.998271 0.000523
3 3 0.000051 0.000574 0.000698 0.998099 0.000577
3 3 0.000047 0.000539 0.000655 0.998220 0.000539
3 3 0.000037 0.000450 0.000546 0.998524 0.000443
3 3 0.000029 0.000378 0.000457 0.998771 0.000365
3 3 0.000030 0.000389 0.000470 0.998734 0.000376
3 3 0.000032 0.000415 0.000498 0.998653 0.000401
3 3 0.000037 0.000457 0.000548 0.998514 0.000445
3 3 0.000035 0.000435 0.000523 0.998584 0.000423
3 3 0.000036 0.000442 0.000532 0.998559 0.000431
3 3 0.000030 0.000387 0.000467 0.998742 0.000374
3 3 0.000027 0.000359 0.000433 0.998836 0.000345
3 3 0.000024 0.000328 0.000396 0.998939 0.000313
3 3 0.000025 0.000340 0.000410 0.998901 0.000325
3 3 0.000024 0.000328 0.000396 0.998939 0.000313
3 3 0.000022 0.000310 0.000374 0.998999 0.000294
3 3 0.000020 0.000289 0.000348 0.999072 0.000272
3 3 0.000018 0.000267 0.000321 0.999146 0.000249
3 3 0.000020 0.000287 0.000344 0.999082 0.000268
3 3 0.000025 0.000344 0.000411 0.998894 0.000326
3 3 0.000040 0.000484 0.000575 0.998433 0.000469
3 3 0.000044 0.000527 0.000623 0.998294 0.000512
3 3 0.000039 0.000476 0.000563 0.998462 0.000459
3 3 0.000026 0.000355 0.000422 0.998861 0.000336
3 3 0.000020 0.000288 0.000344 0.999079 0.000269
3 3 0.000018 0.000274 0.000329 0.999123 0.000256
3 3 0.000020 0.000293 0.000352 0.999060 0.000275
3 3 0.000021 0.000306 0.000366 0.999019 0.000288
3 3 0.000018 0.000269 0.000323 0.999139 0.000251
3 3 0.000016 0.000246 0.000296 0.999214 0.000228
3 3 0.000016 0.000241 0.000291 0.999229 0.000224
3 3 0.000016 0.000247 0.000298 0.999210 0.000229
3 3 0.000015 0.000238 0.000287 0.999238 0.000221
3 3 0.000018 0.000273 0.000329 0.999123 0.000256
3 3 0.000025 0.000347 0.000417 0.998880 0.000331
3 3 0.000044 0.000522 0.000622 0.998301 0.000511
3 3 0.000059 0.000649 0.000771 0.997875 0.000645
3 3 0.000057 0.000631 0.000750 0.997936 0.000626
3 3 0.000037 0.000456 0.000544 0.998521 0.000442
3 3 0.000021 0.000306 0.000366 0.999020 0.000287
3 3 0.000017 0.000259 0.000311 0.999172 0.000241
3 3 0.000021 0.000297 0.000356 0.999047 0.000279
3 3 0.000032 0.000413 0.000492 0.998667 0.000396
3 3 0.000051 0.000589 0.000695 0.998086 0.000577
3 3 0.000082 0.000834 0.000976 0.997273 0.000835
3 3 0.000114 0.001068 0.001244 0.996487 0.001086
3 3 0.000109 0.001031 0.001201 0.996614 0.001045
3 3 0.000064 0.000695 0.000814 0.997742 0.000685
3 3 0.000033 0.000424 0.000499 0.998641 0.000403
3 3 0.000023 0.000325 0.000386 0.998962 0.000304
3 3 0.000036 0.000447 0.000534 0.998550 0.000433
3 3 0.000121 0.001091 0.001306 0.996341 0.001141
3 3 0.000562 0.003350 0.004004 0.988240 0.003844
3 1 0.002448 0.009766 0.011682 0.963816 0.012288
3 1 0.006599 0.019917 0.025095 0.922009 0.026380
3 1 0.013828 0.033847 0.054665 0.854177 0.043483
3 1 0.018191 0.041051 0.078995 0.810907 0.050856
3 1 0.018569 0.041659 0.086596 0.802715 0.050461
3 2 0.008797 0.024746 0.059568 0.879591 0.027297
3 2 0.004665 0.015781 0.044490 0.919132 0.015932
3 2 0.002724 0.010914 0.040192 0.935741 0.010430
3 2 0.002500 0.010403 0.045055 0.932154 0.009888
3 2 0.003168 0.012477 0.060944 0.911275 0.012136
3 2 0.004153 0.015384 0.091011 0.874057 0.015395
3 2 0.005121 0.018058 0.126459 0.831826 0.018537
3 2 0.005027 0.017952 0.144958 0.813704 0.018359
3 2 0.003796 0.014742 0.119759 0.847071 0.014633
3 2 0.002767 0.011655 0.081308 0.893087 0.011183
3 2 0.002143 0.009462 0.048939 0.930612 0.008844
3 2 0.002019 0.008864 0.035803 0.945094 0.008219
3 2 0.002064 0.008961 0.034066 0.946584 0.008325
3 2 0.002411 0.010073 0.040057 0.937996 0.009463
3 2 0.003224 0.012535 0.055075 0.917142 0.012024
3 2 0.004270 0.015437 0.073440 0.891721 0.015132
3 2 0.005118 0.017798 0.099762 0.859526 0.017796
3 2 0.004629 0.016683 0.102593 0.859580 0.016516
3 2 0.003786 0.014376 0.082916 0.885012 0.013911
3 2 0.002264 0.009667 0.041851 0.937346 0.008871
3 2 0.001522 0.007062 0.022805 0.962246 0.006364
3 2 0.001066 0.005424 0.015294 0.973210 0.005006
3 2 0.001076 0.005464 0.015968 0.972500 0.004991
3 2 0.001086 0.005654 0.022743 0.965425 0.005091
3 2 0.001489 0.007399 0.045860 0.938431 0.006821
3 2 0.002252 0.010257 0.089283 0.888412 0.009796
3 2 0.002991 0.012695 0.131505 0.840390 0.012419
3 2 0.002650 0.011594 0.115434 0.859229 0.011094
3 2 0.002201 0.009902 0.072213 0.906461 0.009223
3 2 0.001974 0.008675 0.033826 0.947493 0.008031
3 2 0.001425 0.006687 0.018358 0.967186 0.006343
3 2 0.000667 0.003842 0.010105 0.981857 0.003529
3 2 0.000347 0.002388 0.006690 0.988506 0.002068
3 2 0.000262 0.001945 0.005793 0.990377 0.001624
3 2 0.000302 0.002163 0.006800 0.988946 0.001790
3 2 0.000445 0.002877 0.009315 0.984953 0.002411
3 2 0.000654 0.003819 0.012553 0.979719 0.003255
3 3 0.000952 0.005023 0.016452 0.973196 0.004377
3 3 0.001232 0.006050 0.018652 0.968606 0.005460
3 3 0.001359 0.006475 0.018147 0.967954 0.006065
3 3 0.001061 0.005395 0.014410 0.974070 0.005064
3 2 0.000675 0.003874 0.010313 0.981591 0.003548
3 2 0.000448 0.002874 0.008019 0.986126 0.002533
3 2 0.000389 0.002597 0.007649 0.987133 0.002232
3 2 0.000416 0.002729 0.008115 0.986391 0.002348
3 2 0.000457 0.002920 0.008325 0.985739 0.002559
3 2 0.000492 0.003073 0.008139 0.985529 0.002767
3 2 0.000526 0.003224 0.008051 0.985229 0.002970
3 2 0.000564 0.003389 0.008538 0.984379 0.003130
3 2 0.000763 0.004231 0.011291 0.979807 0.003909
3 2 0.001264 0.006132 0.017910 0.969025 0.005670
3 2 0.002142 0.009212 0.035044 0.944854 0.008748
3 2 0.003426 0.013312 0.071729 0.898501 0.013032
3 2 0.005354 0.018642 0.134821 0.822250 0.018933
3 2 0.006776 0.022225 0.233724 0.714168 0.023108
3 2 0.007000 0.022726 0.304627 0.641771 0.023876
3 2 0.007307 0.023399 0.328669 0.615650 0.024975
3 2 0.006273 0.021266 0.266689 0.683400 0.022371
3 2 0.004767 0.017615 0.194074 0.765683 0.017860
3 2 0.003107 0.012925 0.118423 0.853055 0.012490
3 2 0.002574 0.011190 0.089308 0.886344 0.010585
3 2 0.002529 0.010968 0.079473 0.896717 0.010313
3 2 0.003476 0.013833 0.106435 0.862880 0.013376
3 2 0.004850 0.017632 0.152340 0.807471 0.017707
3 2 0.007166 0.023173 0.215773 0.729386 0.024502
3 2 0.008882 0.026796 0.250985 0.684137 0.029199
3 2 0.010067 0.029046 0.277439 0.651693 0.031754
3 2 0.008841 0.026633 0.272718 0.663372 0.028435
3 2 0.009289 0.027512 0.289086 0.644368 0.029745
3 2 0.009612 0.028079 0.314908 0.616691 0.030710
3 2 0.010162 0.028829 0.390231 0.538524 0.032254
2 2 0.010252 0.030860 0.463333 0.463206 0.032348
2 2 0.012118 0.034052 0.482547 0.434126 0.037158
3 2 0.012782 0.033603 0.436631 0.477635 0.039349
3 2 0.009817 0.028345 0.361283 0.568746 0.031808
3 2 0.008089 0.025109 0.257153 0.682723 0.026926
3 2 0.006459 0.021500 0.184708 0.764928 0.022405
3 2 0.005165 0.018371 0.146257 0.811422 0.018785
3 2 0.004072 0.015627 0.137915 0.826792 0.015593
3 2 0.003883 0.015189 0.152347 0.813594 0.014987
3 2 0.003855 0.015094 0.158939 0.807439 0.014674
3 2 0.003699 0.014632 0.153756 0.813878 0.014036
3 2 0.003360 0.013489 0.112203 0.858150 0.012799
3 2 0.002959 0.012159 0.082673 0.890783 0.011427
3 2 0.002704 0.011403 0.077084 0.898139 0.010669
3 2 0.002932 0.012148 0.087470 0.885957 0.011492
3 2 0.003875 0.014937 0.120388 0.846222 0.014578
3 2 0.005748 0.019723 0.158001 0.796309 0.020219
3 2 0.007136 0.022861 0.173849 0.772166 0.023988
3 2 0.006343 0.021050 0.152362 0.798361 0.021884
3 2 0.005271 0.018393 0.120151 0.837434 0.018751
3 2 0.004860 0.017220 0.098416 0.862080 0.017424
3 2 0.006657 0.021483 0.115062 0.834103 0.022695
3 2 0.010334 0.029480 0.193629 0.733447 0.033110
3 2 0.016460 0.041452 0.344604 0.549328 0.048155
2 2 0.017003 0.050770 0.532353 0.352386 0.047488
2 2 0.018903 0.056193 0.589847 0.284770 0.050287
2 2 0.017822 0.051305 0.566993 0.315640 0.048239
2 2 0.014977 0.042541 0.545731 0.354220 0.042531
2 2 0.013989 0.039281 0.551830 0.354607 0.040294
2 2 0.015190 0.043361 0.645635 0.253649 0.042165
2 2 0.014613 0.044324 0.735208 0.165843 0.040012
2 2 0.018079 0.058347 0.764218 0.113177 0.046178
2 2 0.022668 0.075721 0.725896 0.118130 0.057586
4 2 0.164915 0.173851 0.219667 0.193185 0.248382
2 2 0.147414 0.188269 0.249157 0.189132 0.226028
2 2 0.131865 0.174913 0.290187 0.196130 0.206905
2 2 0.155875 0.168181 0.243383 0.202116 0.230445
2 2 0.134365 0.145032 0.271752 0.241199 0.207653
3 2 0.115827 0.127604 0.272629 0.297212 0.186728
2 2 0.155225 0.141877 0.258685 0.222617 0.221596
4 4 0.188715 0.154321 0.183400 0.195981 0.277583
4 4 0.188715 0.154321 0.183400 0.195981 0.277583
4 4 0.188715 0.154321 0.183400 0.195981 0.277583
4 4 0.188715 0.154321 0.183400 0.195981 0.277583
4 4 0.188715 0.154321 0.183400 0.195981 0.277583
4 1 0.188715 0.154321 0.183400 0.195981 0.277583
4 1 0.175962 0.164760 0.202310 0.194858 0.262110
4 1 0.157355 0.180082 0.232095 0.191651 0.238817
2 2 0.151941 0.184543 0.241283 0.190351 0.231881
2 2 0.132726 0.199596 0.276130 0.184403 0.207145
2 2 0.080338 0.169168 0.426548 0.169978 0.153969
2 2 0.047929 0.139822 0.562652 0.146466 0.103131
2 2 0.039833 0.131905 0.602937 0.135692 0.089633
2 2 0.047502 0.139156 0.563114 0.143393 0.106835
2 2 0.043731 0.131431 0.582975 0.138474 0.103389
2 2 0.023151 0.090901 0.713902 0.111074 0.060973
2 2 0.023846 0.093399 0.708383 0.112376 0.061996
2 2 0.030998 0.109627 0.658776 0.123879 0.076720
2 2 0.036506 0.118263 0.625751 0.132212 0.087268
2 2 0.049918 0.137779 0.553538 0.147201 0.111563
2 2 0.040487 0.126593 0.602112 0.136967 0.093842
2 2 0.032086 0.119361 0.647192 0.122927 0.078433
2 2 0.026938 0.109622 0.680185 0.113486 0.069770
2 2 0.037044 0.130884 0.613643 0.126102 0.092327
2 2 0.046490 0.138817 0.565992 0.139668 0.109034
2 2 0.082613 0.158640 0.422811 0.173377 0.162558
4 2 0.156979 0.172676 0.234397 0.193466 0.242482
4 1 0.183764 0.158364 0.190602 0.195646 0.271624
4 1 0.188715 0.154321 0.183400 0.195981 0.277583
4 1 0.188715 0.154321 0.183400 0.195981 0.277583
4 4 0.188715 0.154321 0.183400 0.195981 0.277583
4 4 0.185480 0.154426 0.182407 0.202239 0.275447
4 4 0.183986 0.153812 0.182181 0.205396 0.274625
4 0 0.175071 0.152117 0.179775 0.224241 0.268796
3 1 0.138099 0.139323 0.188612 0.305497 0.228469
2 1 0.079016 0.136502 0.330008 0.310911 0.143563
2 1 0.053836 0.129736 0.527350 0.182077 0.107002
2 1 0.039016 0.126938 0.608662 0.134050 0.091333
2 1 0.040396 0.145879 0.588985 0.128100 0.096640
2 1 0.059838 0.179418 0.487904 0.144013 0.128828
2 1 0.091839 0.196479 0.376775 0.167565 0.167342
2 1 0.127384 0.198007 0.287869 0.183076 0.203664
2 4 0.125674 0.195701 0.292157 0.182840 0.203628
2 4 0.119825 0.193212 0.305956 0.181186 0.199821
2 4 0.098060 0.190127 0.361500 0.171897 0.178417
2 4 0.068608 0.180275 0.455838 0.152359 0.142920
2 2 0.054354 0.169448 0.513582 0.139138 0.123477
2 2 0.055022 0.169083 0.511081 0.139938 0.124875
2 2 0.058508 0.168139 0.497828 0.143865 0.131660
2 2 0.077422 0.174213 0.428372 0.160493 0.159500
2 2 0.145291 0.179640 0.254514 0.189755 0.230800
4 2 0.188715 0.154321 0.183400 0.195981 0.277583
4 1 0.184955 0.154271 0.182306 0.203324 0.275143
4 1 0.186450 0.154399 0.182710 0.200346 0.276094
4 4 0.188715 0.154321 0.183400 0.195981 0.277583
4 4 0.188715 0.154321 0.183400 0.195981 0.277583
4 4 0.188715 0.154321 0.183400 0.195981 0.277583
4 4 0.188715 0.154321 0.183400 0.195981 0.277583
4 4 0.188715 0.154321 0.183400 0.195981 0.277583
4 4 0.188715 0.154321 0.183400 0.195981 0.277583
4 4 0.188715 0.154321 0.183400 0.195981 0.277583
4 4 0.188715 0.154321 0.183400 0.195981 0.277583
4 4 0.188715 0.154321 0.183400 0.195981 0.277583
4 4 0.188715 0.154321 0.183400 0.195981 0.277583
4 4 0.188715 0.154321 0.183400 0.195981 0.277583
4 4 0.188715 0.154321 0.183400 0.195981 0.277583
4 4 0.188715 0.154321 0.183400 0.195981 0.277583
4 4 0.188715 0.154321 0.183400 0.195981 0.277583
4 4 0.188715 0.154321 0.183400 0.195981 0.277583
4 4 0.188715 0.154321 0.183400 0.195981 0.277583
4 4 0.188715 0.154321 0.183400 0.195981 0.277583
4 4 0.188715 0.154321 0.183400 0.195981 0.277583
4 4 0.188715 0.154321 0.183400 0.195981 0.277583
4 4 0.188715 0.154321 0.183400 0.195981 0.277583
4 4 0.188715 0.154321 0.183400 0.195981 0.277583
4 0 0.188715 0.154321 0.183400 0.195981 0.277583
4 1 0.172215 0.167840 0.208093 0.194365 0.257488
4 1 0.162549 0.175801 0.223508 0.192739 0.245403
4 1 0.172880 0.167294 0.207060 0.194458 0.258310
4 1 0.168408 0.170973 0.214077 0.193786 0.252756
2 1 0.138022 0.195975 0.266071 0.186207 0.213726
2 1 0.135531 0.198011 0.270693 0.185338 0.210427
2 1 0.144699 0.190500 0.253964 0.188342 0.222494
4 1 0.158766 0.178919 0.229741 0.191962 0.240612
4 1 0.174570 0.165904 0.204446 0.194683 0.260397
4 1 0.187982 0.154919 0.184456 0.195940 0.276704
4 4 0.188715 0.154321 0.183400 0.195981 0.277583
4 4 0.188715 0.154321 0.183400 0.195981 0.277583
4 4 0.188715 0.154321 0.183400 0.195981 0.277583
4 4 0.188715 0.154321 0.183400 0.195981 0.277583
4 4 0.188715 0.154321 0.183400 0.195981 0.277583
4 4 0.188715 0.154321 0.183400 0.195981 0.277583
4 4 0.188715 0.154321 0.183400 0.195981 0.277583
4 4 0.188715 0.154321 0.183400 0.195981 0.277583
4 4 0.188715 0.154321 0.183400 0.195981 0.277583
4 4 0.188715 0.154321 0.183400 0.195981 0.277583
4 4 0.188715 0.154321 0.183400 0.195981 0.277583
4 4 0.188715 0.154321 0.183400 0.195981 0.277583
4 4 0.188715 0.154321 0.183400 0.195981 0.277583
4 4 0.188715 0.154321 0.183400 0.195981 0.277583
4 4 0.188715 0.154321 0.183400 0.195981 0.277583
4 4 0.188715 0.154321 0.183400 0.195981 0.277583
4 4 0.188715 0.154321 0.183400 0.195981 0.277583
4 4 0.188715 0.154321 0.183400 0.195981 0.277583
4 4 0.188715 0.154321 0.183400 0.195981 0.277583
4 1 0.188715 0.154321 0.183400 0.195981 0.277583
4 1 0.188715 0.154321 0.183400 0.195981 0.277583
4 1 0.188715 0.154321 0.183400 0.195981 0.277583
4 4 0.188715 0.154321 0.183400 0.195981 0.277583
4 4 0.188715 0.154321 0.183400 0.195981 0.277583
4 4 0.185544 0.156909 0.187992 0.195781 0.273774
4 4 0.188715 0.154321 0.183400 0.195981 0.277583
4 4 0.188715 0.154321 0.183400 0.195981 0.277583
4 4 0.188715 0.154321 0.183400 0.195981 0.277583
4 4 0.188715 0.154321 0.183400 0.195981 0.277583
4 4 0.188715 0.154321 0.183400 0.195981 0.277583
4 4 0.188715 0.154321 0.183400 0.195981 0.277583
4 4 0.188715 0.154321 0.183400 0.195981 0.277583
4 4 0.188715 0.154321 0.183400 0.195981 0.277583
4 4 0.188715 0.154321 0.183400 0.195981 0.277583
4 4 0.188715 0.154321 0.183400 0.195981 0.277583
4 4 0.188715 0.154321 0.183400 0.195981 0.277583
4 4 0.188715 0.154321 0.183400 0.195981 0.277583
4 4 0.188715 0.154321 0.183400 0.195981 0.277583
4 4 0.188715 0.154321 0.183400 0.195981 0.277583
4 4 0.188715 0.154321 0.183400 0.195981 0.277583
4 4 0.188715 0.154321 0.183400 0.195981 0.277583
4 4 0.188715 0.154321 0.183400 0.195981 0.277583
4 4 0.188715 0.154321 0.183400 0.195981 0.277583
4 4 0.188715 0.154321 0.183400 0.195981 0.277583
4 4 0.188715 0.154321 0.183400 0.195981 0.277583
4 4 0.188715 0.154321 0.183400 0.195981 0.277583
4 4 0.188715 0.154321 0.183400 0.195981 0.277583
4 4 0.188715 0.154321 0.183400 0.195981 0.277583
4 0 0.188715 0.154321 0.183400 0.195981 0.277583
4 1 0.182101 0.154491 0.181321 0.208936 0.273151
4 1 0.170282 0.151406 0.178193 0.234760 0.265359
4 1 0.185338 0.154430 0.182363 0.202516 0.275353
4 1 0.188715 0.154321 0.183400 0.195981 0.277583
4 1 0.188715 0.154321 0.183400 0.195981 0.277583
4 1 0.188715 0.154321 0.183400 0.195981 0.277583
4 1 0.188715 0.154321 0.183400 0.195981 0.277583
4 1 0.167249 0.149734 0.177567 0.242033 0.263418
3 1 0.141413 0.140391 0.185549 0.298957 0.233690
3 1 0.140511 0.140230 0.177369 0.305344 0.236547
4 1 0.166126 0.149376 0.177221 0.244666 0.262611
4 1 0.180366 0.153127 0.181265 0.212911 0.272331
4 1 0.175867 0.152139 0.180060 0.222557 0.269377
3 1 0.144562 0.142188 0.172403 0.297441 0.243405
3 1 0.082849 0.108079 0.174233 0.475757 0.159082
3 1 0.057780 0.087380 0.173664 0.564482 0.116694
3 2 0.060157 0.089487 0.200856 0.529040 0.120459
3 2 0.089525 0.113002 0.251732 0.378711 0.167031
3 2 0.145833 0.140934 0.213280 0.267620 0.232333
4 2 0.167161 0.149178 0.180036 0.241404 0.262220
4 2 0.167627 0.149480 0.177821 0.241283 0.263789
3 2 0.150602 0.144229 0.171607 0.283119 0.250443
3 2 0.137220 0.139281 0.165540 0.319480 0.238479
3 2 0.122396 0.132522 0.157653 0.363701 0.223729
3 2 0.112718 0.127385 0.151780 0.394918 0.213199
3 2 0.108849 0.124998 0.149320 0.408016 0.208818
3 2 0.097721 0.118172 0.165654 0.433177 0.185275
3 2 0.097759 0.117753 0.194741 0.414738 0.175010
3 2 0.099158 0.118124 0.230148 0.374188 0.178383
3 2 0.137450 0.137987 0.209787 0.290426 0.224351
4 2 0.169509 0.149871 0.190328 0.231640 0.258651
4 2 0.180625 0.153202 0.181323 0.212359 0.272491
4 2 0.169058 0.150527 0.178024 0.237751 0.264640
3 2 0.158470 0.147533 0.174412 0.262910 0.256675
3 2 0.157682 0.147061 0.178016 0.263181 0.254060
3 2 0.149211 0.143299 0.197558 0.273709 0.236222
4 2 0.153808 0.159285 0.216862 0.232938 0.237106
4 2 0.171029 0.159607 0.192655 0.215192 0.261517
4 2 0.188715 0.154321 0.183400 0.195981 0.277583
4 2 0.188715 0.154321 0.183400 0.195981 0.277583
3 2 0.141254 0.145608 0.165809 0.306265 0.241064
3 2 0.095802 0.120334 0.138906 0.452696 0.192261
3 2 0.046128 0.076687 0.090762 0.669460 0.116964
3 2 0.040264 0.070128 0.128393 0.668406 0.092809
3 2 0.033239 0.061805 0.144523 0.684102 0.076332
3 2 0.016768 0.039564 0.133872 0.764851 0.044945
3 2 0.011061 0.029779 0.101056 0.824655 0.033450
3 2 0.010310 0.028354 0.088025 0.840312 0.032999
3 2 0.010554 0.028922 0.088101 0.837918 0.034504
3 2 0.010680 0.029575 0.112949 0.812003 0.034794
3 2 0.009199 0.027105 0.156785 0.776612 0.030299
3 2 0.011585 0.031798 0.244999 0.675982 0.035636
3 2 0.014645 0.036954 0.299510 0.606468 0.042422
3 2 0.029063 0.056965 0.332992 0.509709 0.071272
3 2 0.057843 0.087603 0.202538 0.533975 0.118041
3 2 0.080591 0.106672 0.164219 0.489919 0.158600
3 2 0.039962 0.069638 0.129918 0.668628 0.091854
3 2 0.016670 0.039168 0.111822 0.787837 0.044503
3 2 0.006168 0.020421 0.127896 0.824797 0.020719
3 2 0.006416 0.021506 0.254416 0.695424 0.022237
3 2 0.006496 0.021527 0.377712 0.571515 0.022751
3 2 0.006107 0.020614 0.384807 0.566966 0.021506
3 2 0.005488 0.019149 0.391610 0.564131 0.019622
3 2 0.004689 0.017267 0.377527 0.583236 0.017282
3 2 0.004186 0.016055 0.357339 0.606573 0.015846
3 2 0.003611 0.014627 0.313854 0.653638 0.014271
3 2 0.003004 0.012960 0.241773 0.729827 0.012436
3 2 0.002142 0.010196 0.152273 0.825885 0.009505
3 2 0.001328 0.007091 0.074594 0.910614 0.006373
3 2 0.000775 0.004595 0.029700 0.960958 0.003971
3 2 0.000450 0.002916 0.010531 0.983688 0.002416
3 2 0.000233 0.001780 0.005019 0.991459 0.001508
3 2 0.000137 0.001199 0.002967 0.994670 0.001027
3 3 0.000094 0.000909 0.002188 0.996040 0.000769
3 3 0.000070 0.000732 0.001803 0.996791 0.000604
3 3 0.000065 0.000695 0.001707 0.996960 0.000572
3 3 0.000068 0.000714 0.001600 0.997014 0.000605
3 3 0.000078 0.000786 0.001513 0.996919 0.000704
3 3 0.000060 0.000652 0.001134 0.997558 0.000594
3 3 0.000045 0.000527 0.000882 0.998069 0.000478
3 3 0.000039 0.000470 0.000777 0.998289 0.000425
3 3 0.000049 0.000552 0.000873 0.998013 0.000514
3 3 0.000052 0.000576 0.000896 0.997935 0.000541
3 3 0.000050 0.000568 0.000886 0.997964 0.000532
3 3 0.000045 0.000526 0.000836 0.998106 0.000487
3 3 0.000050 0.000567 0.000882 0.997968 0.000532
3 3 0.000055 0.000606 0.000879 0.997878 0.000582
3 3 0.000064 0.000673 0.000883 0.997710 0.000670
3 3 0.000061 0.000649 0.000790 0.997839 0.000660
3 3 0.000050 0.000564 0.000688 0.998130 0.000568
3 3 0.000042 0.000491 0.000600 0.998378 0.000489
3 3 0.000033 0.000416 0.000508 0.998634 0.000409
3 3 0.000033 0.000418 0.000509 0.998629 0.000410
3 3 0.000034 0.000430 0.000521 0.998593 0.000421
3 3 0.000042 0.000498 0.000602 0.998365 0.000492
3 3 0.000037 0.000454 0.000549 0.998514 0.000446
3 3 0.000028 0.000365 0.000443 0.998812 0.000353
3 3 0.000021 0.000298 0.000363 0.999033 0.000284
3 3 0.000021 0.000299 0.000364 0.999032 0.000285
3 3 0.000029 0.000380 0.000462 0.998760 0.000369
3 3 0.000036 0.000446 0.000539 0.998542 0.000437
3 3 0.000030 0.000393 0.000475 0.998721 0.000381
3 3 0.000018 0.000269 0.000326 0.999133 0.000253
3 3 0.000014 0.000224 0.000273 0.999280 0.000208
3 3 0.000017 0.000253 0.000307 0.999186 0.000237
3 3 0.000027 0.000358 0.000432 0.998839 0.000344
3 3 0.000032 0.000412 0.000494 0.998664 0.000398
3 3 0.000031 0.000404 0.000485 0.998689 0.000390
3 3 0.000028 0.000369 0.000444 0.998806 0.000354
3 3 0.000028 0.000370 0.000446 0.998799 0.000356
3 3 0.000030 0.000393 0.000474 0.998723 0.000380
3 3 0.000035 0.000441 0.000530 0.998566 0.000429
3 3 0.000042 0.000496 0.000596 0.998378 0.000488
3 3 0.000049 0.000562 0.000674 0.998157 0.000557
3 3 0.000042 0.000501 0.000600 0.998365 0.000491
3 3 0.000033 0.000418 0.000501 0.998644 0.000404
3 3 0.000025 0.000337 0.000406 0.998910 0.000322
3 3 0.000020 0.000294 0.000356 0.999052 0.000278
3 3 0.000016 0.000248 0.000301 0.999203 0.000232
3 3 0.000015 0.000231 0.000280 0.999259 0.000215
3 3 0.000017 0.000257 0.000311 0.999175 0.000240
3 3 0.000021 0.000305 0.000367 0.999018 0.000288
3 3 0.000024 0.000331 0.000397 0.998934 0.000314
3 3 0.000023 0.000321 0.000386 0.998966 0.000304
3 3 0.000023 0.000322 0.000388 0.998962 0.000306
3 3 0.000025 0.000341 0.000409 0.998901 0.000324
3 3 0.000029 0.000384 0.000461 0.998756 0.000369
3 3 0.000032 0.000410 0.000493 0.998668 0.000397
3 3 0.000030 0.000387 0.000467 0.998743 0.000374
3 3 0.000033 0.000415 0.000500 0.998649 0.000403
3 3 0.000109 0.001012 0.001209 0.996620 0.001049
3 3 0.001723 0.007746 0.009005 0.972231 0.009295
3 3 0.028189 0.057605 0.065064 0.768039 0.081103
3 3 0.066193 0.100159 0.112114 0.571454 0.150080
