0 0 0.704341 0.056355 0.175434 0.047795 0.016075
0 0 0.816745 0.033206 0.112511 0.031051 0.006487
0 0 0.875301 0.022861 0.074423 0.024078 0.003337
0 0 0.898904 0.018436 0.059850 0.020495 0.002315
0 0 0.907717 0.017756 0.051096 0.021382 0.002048
0 0 0.880678 0.024174 0.063285 0.028572 0.003290
0 0 0.844782 0.034031 0.074832 0.040941 0.005414
0 1 0.781593 0.052664 0.089887 0.065618 0.010237
0 1 0.631768 0.092605 0.145290 0.102372 0.027965
0 1 0.362478 0.169003 0.216433 0.127477 0.124609
0 1 0.356864 0.151744 0.274308 0.122715 0.094370
0 1 0.353807 0.134035 0.329508 0.096636 0.086015
2 1 0.322107 0.131049 0.366504 0.101330 0.079010
0 1 0.383679 0.133399 0.302637 0.099408 0.080877
0 1 0.372797 0.143917 0.282361 0.113352 0.087573
0 1 0.340218 0.154443 0.282484 0.122308 0.100547
0 1 0.372397 0.141359 0.290485 0.108793 0.086966
0 4 0.456239 0.114142 0.284244 0.086040 0.059335
0 4 0.472142 0.111224 0.275890 0.085133 0.055611
0 4 0.371536 0.123538 0.342202 0.082330 0.080395
2 4 0.338371 0.123781 0.381033 0.078381 0.078435
2 4 0.295119 0.120905 0.443434 0.071554 0.068989
2 4 0.190156 0.149140 0.486360 0.088669 0.085675
2 4 0.136055 0.181870 0.453331 0.098569 0.130174
2 4 0.131820 0.203069 0.382532 0.124262 0.158318
2 4 0.140114 0.195441 0.405724 0.134585 0.124136
2 4 0.104962 0.215031 0.401937 0.137181 0.140889
2 4 0.105697 0.194125 0.475799 0.116106 0.108273
2 4 0.142270 0.163377 0.508876 0.094934 0.090543
2 4 0.187713 0.137352 0.518063 0.076261 0.080611
2 4 0.152367 0.167502 0.480743 0.103081 0.096308
2 4 0.131087 0.189822 0.443054 0.120708 0.115330
2 4 0.119643 0.209466 0.392078 0.140949 0.137866
2 4 0.132298 0.205175 0.381608 0.141529 0.139391
2 4 0.113683 0.212833 0.382746 0.128383 0.162356
2 4 0.102281 0.216820 0.396387 0.130315 0.154197
2 4 0.100415 0.216544 0.406966 0.137525 0.138551
2 4 0.098242 0.206126 0.451499 0.132227 0.111905
2 4 0.090920 0.199522 0.487209 0.127122 0.095227
2 4 0.112710 0.165694 0.548405 0.098562 0.074629
2 4 0.171982 0.136792 0.541754 0.075025 0.074447
2 4 0.241229 0.115773 0.497117 0.074744 0.071137
2 4 0.238914 0.135138 0.419474 0.137996 0.068477
2 4 0.176163 0.159165 0.337309 0.266119 0.061244
3 4 0.105685 0.162118 0.249221 0.433699 0.049276
3 4 0.066523 0.147135 0.187741 0.561998 0.036604
3 4 0.050044 0.136348 0.160758 0.621893 0.030957
3 4 0.046945 0.136082 0.180058 0.604916 0.031999
3 4 0.043647 0.135547 0.206052 0.581418 0.033336
3 2 0.036155 0.130022 0.186815 0.616229 0.030779
3 2 0.032950 0.124728 0.145585 0.669491 0.027246
3 2 0.035366 0.120482 0.105002 0.715476 0.023675
3 2 0.036113 0.115875 0.083294 0.743644 0.021074
3 2 0.032663 0.106920 0.067402 0.775437 0.017578
3 2 0.032221 0.103734 0.060030 0.787668 0.016347
3 2 0.034121 0.102743 0.052438 0.794959 0.015738
3 2 0.032478 0.095394 0.040962 0.817843 0.013324
3 2 0.027181 0.082201 0.028710 0.852095 0.009812
3 2 0.024457 0.075124 0.023243 0.868987 0.008188
3 2 0.024699 0.073035 0.020397 0.874192 0.007677
3 2 0.025274 0.071647 0.018216 0.877536 0.007327
3 2 0.028132 0.073739 0.017422 0.873056 0.007652
3 2 0.028497 0.073289 0.016667 0.874015 0.007532
3 3 0.025506 0.067879 0.014434 0.885681 0.006500
3 3 0.022869 0.063242 0.012793 0.895409 0.005687
3 3 0.022639 0.062605 0.012472 0.896710 0.005575
3 3 0.024405 0.065843 0.013643 0.889977 0.006133
3 3 0.024822 0.066900 0.014181 0.887768 0.006329
3 3 0.025307 0.067510 0.014288 0.886462 0.006433
3 3 0.026659 0.068514 0.014025 0.884222 0.006580
3 3 0.027208 0.068588 0.013662 0.883970 0.006572
3 3 0.024381 0.063789 0.012030 0.894073 0.005728
3 3 0.019966 0.057141 0.010457 0.907750 0.004686
3 3 0.016132 0.050899 0.009099 0.920065 0.003805
3 3 0.015277 0.050125 0.009295 0.921583 0.003720
3 3 0.016276 0.052427 0.010095 0.917156 0.004046
3 3 0.018179 0.056678 0.011657 0.908802 0.004685
3 3 0.018771 0.058889 0.012943 0.904341 0.005056
3 3 0.018587 0.059873 0.014038 0.902252 0.005250
3 3 0.018039 0.059625 0.014446 0.902657 0.005233
3 3 0.018891 0.061547 0.015304 0.898703 0.005556
3 3 0.020396 0.064332 0.016287 0.892957 0.006029
3 3 0.020442 0.064628 0.016535 0.892309 0.006086
3 3 0.018731 0.061813 0.015773 0.898066 0.005617
3 3 0.017463 0.059929 0.015488 0.901797 0.005323
3 3 0.017745 0.061266 0.016520 0.898901 0.005567
3 3 0.019968 0.066002 0.018658 0.888970 0.006401
3 3 0.021911 0.069056 0.019470 0.882619 0.006943
3 3 0.024538 0.072267 0.019730 0.875956 0.007509
3 3 0.026340 0.073731 0.019233 0.872951 0.007744
3 3 0.026815 0.072718 0.017695 0.875285 0.007487
3 3 0.026436 0.070373 0.015826 0.880379 0.006986
3 3 0.025048 0.067467 0.014474 0.886576 0.006436
3 3 0.024314 0.065741 0.013634 0.890195 0.006117
3 3 0.023859 0.065184 0.013555 0.891377 0.006025
3 3 0.026210 0.068798 0.014629 0.883703 0.006660
3 3 0.028317 0.071717 0.015409 0.877366 0.007191
3 3 0.029053 0.071913 0.014992 0.876841 0.007201
3 3 0.029495 0.072296 0.014976 0.875968 0.007265
3 3 0.030484 0.074416 0.016027 0.871378 0.007694
3 3 0.030516 0.076799 0.018194 0.866246 0.008245
3 3 0.031416 0.081155 0.021836 0.856325 0.009268
3 3 0.036541 0.091656 0.028812 0.831139 0.011852
3 3 0.038484 0.097985 0.035334 0.814510 0.013687
3 3 0.037807 0.099328 0.038503 0.810178 0.014183
3 3 0.028031 0.086069 0.033205 0.841868 0.010827
3 3 0.024215 0.079869 0.030420 0.856082 0.009414
3 3 0.019670 0.072162 0.027509 0.872837 0.007822
3 3 0.015931 0.064790 0.024447 0.888402 0.006429
3 3 0.014517 0.061859 0.023351 0.894356 0.005917
3 3 0.017048 0.067434 0.025947 0.882645 0.006927
3 3 0.023052 0.079936 0.032946 0.854536 0.009531
3 3 0.025383 0.086984 0.040540 0.835754 0.011338
3 3 0.025715 0.093877 0.055327 0.811530 0.013550
3 3 0.027064 0.105537 0.087065 0.762354 0.017980
3 3 0.037520 0.133030 0.165114 0.632485 0.031851
2 3 0.072637 0.144497 0.372153 0.363261 0.047451
2 2 0.061529 0.127590 0.560525 0.213787 0.036569
2 2 0.055575 0.115672 0.630892 0.169148 0.028713
2 2 0.053133 0.111255 0.637063 0.172057 0.026492
2 2 0.068999 0.109971 0.628104 0.162724 0.030201
2 0 0.099809 0.105157 0.629666 0.130491 0.034877
2 2 0.151219 0.102374 0.603357 0.101202 0.041848
2 2 0.266694 0.103219 0.493364 0.087633 0.049090
2 2 0.335648 0.111043 0.402582 0.099751 0.050976
0 2 0.374530 0.114503 0.354530 0.105904 0.050533
0 2 0.386610 0.128941 0.284307 0.152249 0.047892
0 2 0.349278 0.147536 0.244327 0.206410 0.052449
3 2 0.263675 0.166379 0.239507 0.269906 0.060533
3 2 0.166648 0.171535 0.259090 0.342106 0.060621
2 2 0.077483 0.157663 0.373330 0.341331 0.050193
2 2 0.041849 0.136442 0.512126 0.275291 0.034293
2 2 0.024541 0.117965 0.570579 0.266698 0.020218
2 2 0.018983 0.108404 0.574659 0.282156 0.015799
2 2 0.018259 0.106512 0.539692 0.319856 0.015681
2 2 0.021470 0.112957 0.479486 0.366359 0.019727
2 2 0.024704 0.120136 0.422467 0.407857 0.024836
3 2 0.025131 0.125397 0.367195 0.453306 0.028972
3 2 0.023960 0.126666 0.332422 0.486389 0.030564
3 2 0.029878 0.129832 0.295583 0.511427 0.033279
3 2 0.035225 0.134818 0.282602 0.510857 0.036499
3 2 0.031106 0.134754 0.264549 0.533161 0.036430
3 2 0.021756 0.125070 0.272625 0.550583 0.029966
3 2 0.014964 0.114367 0.277907 0.569041 0.023721
3 2 0.012697 0.113935 0.285178 0.566843 0.021347
3 2 0.019065 0.119444 0.364525 0.473232 0.023734
2 2 0.045734 0.123866 0.486131 0.311700 0.032568
2 2 0.112246 0.126361 0.515817 0.201457 0.044119
2 2 0.123322 0.117329 0.596010 0.119696 0.043642
2 2 0.081214 0.111421 0.676991 0.097484 0.032890
2 2 0.056427 0.099822 0.733127 0.087951 0.022672
2 2 0.051964 0.085893 0.774029 0.070541 0.017573
2 2 0.045348 0.074184 0.812419 0.054638 0.013411
2 2 0.036994 0.064713 0.840260 0.048007 0.010027
2 2 0.031522 0.059535 0.851228 0.049494 0.008221
2 2 0.026994 0.063675 0.834005 0.067115 0.008211
2 2 0.023315 0.075439 0.784109 0.107597 0.009540
2 2 0.021283 0.088500 0.717589 0.161097 0.011530
2 2 0.021349 0.098029 0.666289 0.200700 0.013633
2 2 0.022312 0.099844 0.662949 0.200573 0.014322
2 2 0.023611 0.096631 0.686412 0.179438 0.013909
2 2 0.024421 0.090559 0.719812 0.152457 0.012752
2 2 0.024982 0.084616 0.749605 0.129156 0.011641
2 2 0.025010 0.080585 0.770548 0.113013 0.010844
2 2 0.027556 0.079491 0.780380 0.101391 0.011183
2 2 0.035072 0.080365 0.782014 0.089642 0.012907
2 2 0.044285 0.081123 0.781956 0.077783 0.014853
2 2 0.038981 0.081291 0.788146 0.077693 0.013889
2 2 0.033308 0.082059 0.783319 0.088400 0.012914
2 2 0.027588 0.081814 0.771608 0.107340 0.011650
2 2 0.025637 0.082708 0.755301 0.124930 0.011424
2 2 0.024728 0.081096 0.754709 0.128545 0.010922
2 2 0.026010 0.082374 0.750038 0.130109 0.011469
2 2 0.027054 0.085634 0.741961 0.132984 0.012366
2 2 0.026621 0.093258 0.706805 0.159358 0.013958
2 2 0.025591 0.101534 0.651340 0.205691 0.015844
2 2 0.028444 0.107763 0.618144 0.227084 0.018566
2 2 0.029114 0.115913 0.573759 0.259708 0.021506
2 2 0.029586 0.110920 0.646830 0.193397 0.019267
2 2 0.045361 0.133534 0.589355 0.199493 0.032258
2 4 0.125143 0.171158 0.508113 0.109773 0.085812
2 4 0.102286 0.118288 0.673102 0.065027 0.041297
2 4 0.106944 0.142244 0.605887 0.088717 0.056208
2 4 0.071601 0.141691 0.630775 0.112310 0.043623
2 4 0.047881 0.119376 0.674765 0.131007 0.026971
2 2 0.042666 0.111252 0.693715 0.129538 0.022829
2 2 0.040521 0.105481 0.718680 0.114861 0.020457
2 2 0.049506 0.103124 0.729332 0.095979 0.022059
2 2 0.081964 0.109024 0.694176 0.082866 0.031970
2 2 0.124796 0.118797 0.635115 0.073942 0.047350
2 2 0.137704 0.128907 0.604273 0.071789 0.057326
2 2 0.122158 0.135272 0.612057 0.073750 0.056763
2 2 0.112596 0.132973 0.629372 0.072741 0.052318
2 2 0.087069 0.125816 0.672897 0.073388 0.040830
2 2 0.077546 0.109526 0.716561 0.065218 0.031148
2 4 0.075099 0.100583 0.734085 0.063139 0.027093
2 4 0.144886 0.097470 0.663153 0.055157 0.039334
2 4 0.340053 0.085866 0.468549 0.041042 0.064490
0 0 0.448136 0.112449 0.297389 0.081814 0.060212
0 1 0.399316 0.142155 0.260235 0.118603 0.079691
2 1 0.312159 0.153796 0.312373 0.111440 0.110231
2 2 0.149276 0.160434 0.513408 0.097092 0.079790
2 2 0.068497 0.129844 0.681913 0.082772 0.036974
2 2 0.047211 0.091405 0.786567 0.056587 0.018229
2 2 0.041719 0.072211 0.829108 0.044521 0.012441
2 2 0.042153 0.065461 0.843656 0.037693 0.011038
2 2 0.047373 0.065666 0.841007 0.034084 0.011871
2 2 0.069840 0.078757 0.793787 0.038842 0.018774
2 2 0.155239 0.090590 0.676588 0.040111 0.037473
2 0 0.332848 0.092023 0.462361 0.045740 0.067029
2 1 0.322892 0.117907 0.403869 0.068627 0.086706
2 1 0.253671 0.131735 0.450834 0.076469 0.087292
2 2 0.183770 0.128894 0.547216 0.068806 0.071314
2 2 0.198544 0.119170 0.553749 0.061437 0.067101
2 2 0.174888 0.121612 0.578344 0.062595 0.062562
2 2 0.165184 0.121441 0.591445 0.062170 0.059761
2 2 0.132078 0.126565 0.621949 0.065284 0.054125
2 2 0.141322 0.127482 0.605276 0.068521 0.057399
2 2 0.185286 0.114231 0.576510 0.064519 0.059455
2 2 0.260015 0.108041 0.501881 0.056957 0.073107
2 2 0.269555 0.121111 0.450979 0.066590 0.091767
2 2 0.314569 0.130016 0.376081 0.080616 0.098717
0 0 0.335185 0.139789 0.330586 0.097190 0.097249
2 1 0.252597 0.151037 0.395393 0.097773 0.103201
2 1 0.200491 0.153909 0.452943 0.092259 0.100397
2 2 0.164035 0.166531 0.464744 0.103080 0.101609
2 2 0.137261 0.175376 0.480814 0.110158 0.096392
2 2 0.114568 0.158093 0.566166 0.091483 0.069690
2 2 0.100872 0.127776 0.659904 0.065587 0.045861
2 2 0.082248 0.101393 0.733835 0.053495 0.029028
2 2 0.075911 0.086211 0.765803 0.049968 0.022108
2 2 0.101167 0.083224 0.744495 0.046042 0.025071
2 2 0.114887 0.093942 0.708565 0.050528 0.032079
2 2 0.085315 0.091032 0.750221 0.047845 0.025586
2 2 0.075693 0.084457 0.771412 0.046942 0.021496
2 2 0.113578 0.077343 0.742859 0.041802 0.024419
2 2 0.338923 0.068529 0.519201 0.035220 0.038127
0 2 0.561607 0.075054 0.280106 0.051289 0.031944
0 0 0.621425 0.082131 0.195232 0.073024 0.028189
0 0 0.650222 0.079791 0.167899 0.077359 0.024728
0 0 0.608519 0.092765 0.177114 0.089811 0.031791
0 0 0.606040 0.095750 0.168928 0.097313 0.031970
0 1 0.586093 0.099410 0.181791 0.097449 0.035257
0 1 0.584737 0.095431 0.196915 0.087971 0.034946
0 2 0.575833 0.090979 0.221140 0.076826 0.035222
0 2 0.589594 0.097721 0.188496 0.085765 0.038424
0 0 0.604899 0.098147 0.166947 0.094781 0.035226
0 0 0.463567 0.141795 0.197629 0.118604 0.078405
0 1 0.450742 0.146396 0.191413 0.137985 0.073465
0 2 0.366538 0.164339 0.221148 0.155831 0.092144
0 2 0.309345 0.157472 0.302382 0.118277 0.112525
2 2 0.135625 0.169541 0.494375 0.110499 0.089959
2 2 0.070879 0.150699 0.617126 0.113656 0.047640
2 2 0.050589 0.128786 0.683170 0.106690 0.030765
2 2 0.041409 0.101104 0.750138 0.087946 0.019402
2 2 0.048794 0.086450 0.778485 0.069148 0.017123
2 2 0.076105 0.085959 0.754330 0.061673 0.021933
2 2 0.206506 0.085414 0.618756 0.048734 0.040589
0 2 0.520029 0.087427 0.291154 0.060717 0.040673
0 0 0.621348 0.086334 0.182015 0.081390 0.028913
0 0 0.572477 0.101734 0.195068 0.089922 0.040798
0 0 0.578812 0.104062 0.182036 0.093041 0.042049
0 0 0.541360 0.116692 0.176910 0.121037 0.044001
0 0 0.496766 0.127639 0.194845 0.126942 0.053807
0 0 0.392383 0.147621 0.250109 0.127270 0.082618
0 1 0.302659 0.167332 0.278101 0.134207 0.117701
2 1 0.240502 0.183146 0.276974 0.129134 0.170244
0 1 0.270725 0.182376 0.256368 0.134349 0.156183
0 2 0.333754 0.177562 0.216290 0.147207 0.125187
0 2 0.378548 0.171523 0.188986 0.157307 0.103636
0 2 0.399305 0.163630 0.185251 0.168222 0.083592
0 2 0.355560 0.172795 0.201397 0.174965 0.095284
0 4 0.287427 0.179573 0.252410 0.154526 0.126064
2 4 0.179067 0.173920 0.412672 0.113161 0.121180
2 4 0.103406 0.143104 0.615450 0.082662 0.055379
2 4 0.080034 0.107038 0.720398 0.061786 0.030744
2 4 0.077534 0.097761 0.735325 0.062853 0.026527
2 2 0.105438 0.098666 0.698869 0.064616 0.032411
2 2 0.202660 0.104235 0.574778 0.062757 0.055571
2 2 0.308372 0.109333 0.446400 0.059357 0.076539
2 2 0.134888 0.125247 0.621473 0.064325 0.054066
2 2 0.068502 0.106663 0.737368 0.059550 0.027918
2 2 0.048273 0.078389 0.809686 0.048634 0.015018
2 2 0.046214 0.067306 0.833694 0.040778 0.012008
2 2 0.044772 0.057641 0.854601 0.033309 0.009676
2 2 0.043877 0.055897 0.858860 0.032164 0.009202
2 2 0.043110 0.056743 0.858284 0.032570 0.009293
2 2 0.042886 0.059335 0.853162 0.034812 0.009804
2 2 0.042015 0.060574 0.850745 0.036724 0.009942
2 2 0.040085 0.059292 0.855051 0.036147 0.009425
2 2 0.036908 0.056215 0.863756 0.034708 0.008412
2 2 0.035428 0.055688 0.864456 0.036319 0.008109
2 2 0.035417 0.058565 0.855675 0.041725 0.008617
2 2 0.045153 0.068702 0.821799 0.052270 0.012075
2 2 0.098487 0.081607 0.740783 0.055251 0.023872
2 2 0.315188 0.094169 0.481596 0.056947 0.052100
0 2 0.473697 0.100723 0.303417 0.070450 0.051713
0 1 0.485950 0.105338 0.278025 0.079199 0.051488
0 1 0.489871 0.110396 0.259314 0.088045 0.052373
0 2 0.469519 0.114466 0.269303 0.089667 0.057045
0 0 0.402091 0.120981 0.320560 0.084785 0.071583
2 1 0.127947 0.130172 0.604287 0.082238 0.055356
2 2 0.066740 0.119713 0.692705 0.088471 0.032370
2 2 0.038134 0.092109 0.772646 0.080821 0.016290
2 2 0.030532 0.072482 0.818799 0.067752 0.010435
2 2 0.028634 0.068581 0.821405 0.072031 0.009349
2 2 0.028674 0.071779 0.807248 0.082363 0.009936
2 2 0.027910 0.070859 0.812028 0.079576 0.009627
2 2 0.028340 0.064455 0.835540 0.063089 0.008576
2 2 0.029121 0.057803 0.855662 0.049839 0.007575
2 2 0.030789 0.057067 0.856416 0.048048 0.007681
2 2 0.031543 0.065997 0.825763 0.067337 0.009360
2 2 0.032266 0.083087 0.760068 0.111623 0.012956
2 2 0.030788 0.101700 0.663202 0.186978 0.017333
2 2 0.027712 0.112061 0.581170 0.259142 0.019915
2 2 0.023371 0.113250 0.546380 0.297856 0.019143
2 2 0.020165 0.109269 0.566067 0.287896 0.016603
2 2 0.019239 0.100545 0.631392 0.235112 0.013712
2 2 0.019699 0.092280 0.684515 0.191571 0.011934
2 2 0.021188 0.088630 0.710904 0.167711 0.011566
2 2 0.022147 0.094028 0.686836 0.184013 0.012975
2 2 0.023664 0.102023 0.645062 0.213868 0.015384
2 2 0.023791 0.108595 0.589606 0.260477 0.017531
2 2 0.021562 0.113233 0.521596 0.324745 0.018864
2 2 0.021543 0.117106 0.462365 0.377806 0.021179
2 2 0.027259 0.122340 0.465189 0.360011 0.025200
2 2 0.034627 0.123264 0.525528 0.289801 0.026781
2 2 0.042113 0.118456 0.607356 0.206034 0.026041
2 2 0.057928 0.108794 0.673675 0.133239 0.026364
2 2 0.080818 0.104596 0.692568 0.092104 0.029914
2 2 0.111341 0.108270 0.665458 0.076609 0.038322
2 2 0.128568 0.109942 0.648870 0.069531 0.043089
2 2 0.183076 0.117338 0.568492 0.076994 0.054101
2 2 0.297313 0.120379 0.437043 0.080744 0.064521
0 2 0.459853 0.116172 0.274608 0.090058 0.059309
0 0 0.515623 0.120754 0.195878 0.118303 0.049442
0 1 0.391440 0.152407 0.235020 0.137718 0.083415
2 1 0.207227 0.186345 0.358173 0.118787 0.129468
2 2 0.091995 0.151225 0.616353 0.084558 0.055869
2 2 0.069724 0.104581 0.749429 0.048689 0.027577
2 2 0.052115 0.061753 0.849684 0.024731 0.011717
2 2 0.046477 0.049042 0.875666 0.020636 0.008180
2 2 0.040451 0.044378 0.887606 0.020922 0.006643
2 2 0.037736 0.046095 0.884309 0.025205 0.006655
2 2 0.035523 0.050241 0.875142 0.031966 0.007128
2 2 0.034785 0.055123 0.863435 0.038759 0.007898
2 2 0.035888 0.058831 0.855073 0.041474 0.008734
2 2 0.038676 0.062797 0.847106 0.041499 0.009922
2 2 0.044253 0.066891 0.836948 0.040274 0.011635
2 2 0.051817 0.071689 0.823293 0.039250 0.013951
2 2 0.050948 0.070745 0.827846 0.036848 0.013613
2 2 0.048846 0.066573 0.838334 0.033948 0.012300
2 2 0.043717 0.062144 0.848916 0.034681 0.010542
2 2 0.041011 0.062301 0.847708 0.038817 0.010163
2 2 0.036870 0.064136 0.842149 0.046948 0.009897
2 2 0.036164 0.068541 0.828519 0.056131 0.010646
2 2 0.037346 0.070050 0.824677 0.056774 0.011152
2 2 0.038560 0.072170 0.820034 0.057427 0.011809
2 2 0.037988 0.067025 0.836772 0.047547 0.010667
2 2 0.047808 0.099330 0.750154 0.082210 0.020498
2 2 0.036093 0.134756 0.619803 0.181067 0.028282
2 2 0.024780 0.099624 0.683600 0.177121 0.014876
2 2 0.022231 0.119609 0.527302 0.310400 0.020458
2 2 0.021401 0.120470 0.499030 0.338180 0.020918
2 2 0.016371 0.117630 0.438501 0.408357 0.019141
2 2 0.017480 0.114681 0.503948 0.346306 0.017585
2 2 0.020793 0.107271 0.598432 0.257532 0.015972
2 2 0.026919 0.099434 0.676625 0.181468 0.015554
2 2 0.034346 0.092930 0.733883 0.123148 0.015693
2 2 0.033237 0.083929 0.775590 0.093936 0.013308
2 2 0.031406 0.077098 0.796244 0.083760 0.011492
2 2 0.028492 0.076497 0.790230 0.093985 0.010796
2 2 0.025555 0.077717 0.779574 0.106727 0.010427
2 2 0.023624 0.079736 0.766307 0.119944 0.010388
2 2 0.023597 0.082336 0.753223 0.129962 0.010882
2 2 0.024921 0.086683 0.734996 0.141324 0.012075
2 2 0.023994 0.094761 0.687082 0.180501 0.013661
2 2 0.022858 0.102611 0.629055 0.230061 0.015415
2 2 0.023344 0.105703 0.604126 0.250287 0.016541
2 2 0.024484 0.101318 0.645910 0.212784 0.015504
2 2 0.023809 0.090263 0.711278 0.162065 0.012584
2 2 0.022765 0.082349 0.747496 0.136685 0.010705
2 2 0.022183 0.082972 0.738099 0.146037 0.010709
2 2 0.020972 0.093418 0.674825 0.198180 0.012604
2 2 0.020818 0.105608 0.590394 0.267409 0.015770
2 2 0.027868 0.116420 0.539057 0.294763 0.021892
2 2 0.050853 0.123722 0.543612 0.249559 0.032253
2 2 0.099650 0.127864 0.552334 0.172124 0.048028
2 2 0.114026 0.132139 0.571074 0.129237 0.053523
2 2 0.082888 0.127424 0.641417 0.107610 0.040661
2 2 0.069259 0.107504 0.714103 0.080801 0.028333
2 2 0.094734 0.092416 0.724123 0.061058 0.027669
2 2 0.266957 0.076818 0.574352 0.043227 0.038646
0 2 0.578504 0.067574 0.281456 0.044620 0.027845
0 0 0.712204 0.059456 0.157299 0.054891 0.016149
0 0 0.726328 0.057825 0.145403 0.055545 0.014899
0 0 0.710167 0.064896 0.144199 0.062925 0.017813
0 0 0.692167 0.072103 0.140522 0.075713 0.019495
0 0 0.554780 0.104253 0.204260 0.096046 0.040662
2 1 0.322831 0.135501 0.371862 0.110259 0.059547
2 2 0.075266 0.138565 0.623143 0.119379 0.043647
2 2 0.057158 0.133345 0.668822 0.105938 0.034737
2 2 0.071663 0.149887 0.627237 0.103853 0.047360
2 2 0.107446 0.180902 0.513473 0.104112 0.094067
2 4 0.145399 0.192252 0.363422 0.097905 0.201023
2 4 0.231380 0.167409 0.314840 0.091081 0.195290
0 4 0.281955 0.171367 0.270817 0.102976 0.172885
0 4 0.300020 0.174795 0.245577 0.108191 0.171418
4 4 0.222849 0.189226 0.204690 0.092168 0.291067
0 4 0.287420 0.185837 0.206992 0.107677 0.212074
0 4 0.342762 0.172547 0.216617 0.109870 0.158205
0 4 0.423249 0.147294 0.222962 0.097335 0.109161
0 4 0.402484 0.153031 0.217006 0.086186 0.141292
0 4 0.515362 0.123031 0.202306 0.086538 0.072763
0 4 0.547121 0.116483 0.179086 0.108003 0.049308
0 4 0.535161 0.123458 0.159641 0.135656 0.046083
0 4 0.441135 0.152127 0.170251 0.169862 0.066626
0 4 0.380737 0.169200 0.182016 0.182963 0.085084
0 4 0.321451 0.184044 0.199418 0.184562 0.110526
0 4 0.310784 0.187165 0.205018 0.167435 0.129598
0 4 0.271437 0.198384 0.196389 0.142487 0.191302
0 4 0.278463 0.201695 0.178935 0.148042 0.192866
0 4 0.242578 0.215389 0.153380 0.158926 0.229727
4 4 0.214078 0.215342 0.161372 0.144667 0.264541
4 4 0.198341 0.207910 0.179114 0.122697 0.291939
4 4 0.172363 0.192997 0.206668 0.092748 0.335224
4 4 0.158259 0.183597 0.221517 0.078944 0.357683
4 4 0.151224 0.176351 0.242911 0.071697 0.357818
4 4 0.142139 0.172350 0.235052 0.065097 0.385362
4 4 0.141871 0.172239 0.234711 0.064914 0.386264
4 4 0.153085 0.176411 0.248704 0.072839 0.348960
4 4 0.162350 0.179101 0.259777 0.079818 0.318954
2 4 0.192834 0.187189 0.271745 0.107368 0.240864
2 4 0.200910 0.192032 0.256672 0.116853 0.233533
2 4 0.203272 0.192331 0.257048 0.119404 0.227945
2 4 0.202210 0.191822 0.258588 0.118129 0.229251
2 4 0.205356 0.188783 0.273767 0.120618 0.211477
2 4 0.201021 0.188221 0.273842 0.115847 0.221070
2 4 0.259115 0.172718 0.293586 0.114460 0.160121
0 4 0.408849 0.131043 0.285201 0.094724 0.080183
0 0 0.621419 0.072621 0.223131 0.056462 0.026367
0 0 0.765575 0.043503 0.143663 0.036266 0.010992
0 0 0.859199 0.025088 0.088153 0.023214 0.004345
0 0 0.883425 0.020821 0.072174 0.020460 0.003120
0 0 0.913368 0.015544 0.051563 0.017768 0.001757
0 0 0.917986 0.015652 0.045359 0.019339 0.001664
0 0 0.929631 0.013658 0.037416 0.018004 0.001291
0 0 0.925069 0.014982 0.038393 0.020097 0.001458
0 0 0.918244 0.016918 0.039997 0.023123 0.001718
0 0 0.880334 0.026097 0.056210 0.033956 0.003403
0 0 0.832442 0.038942 0.072323 0.050008 0.006284
0 0 0.776553 0.054029 0.091642 0.067096 0.010681
0 0 0.735459 0.065442 0.104770 0.079668 0.014661
0 0 0.640098 0.090864 0.140223 0.102118 0.026697
0 0 0.503437 0.133709 0.169817 0.135184 0.057854
0 1 0.450988 0.153205 0.152252 0.178612 0.064943
0 1 0.382850 0.172091 0.163151 0.199699 0.082209
0 1 0.343973 0.181095 0.189843 0.174215 0.110873
4 1 0.224980 0.193753 0.192490 0.098424 0.290353
4 1 0.265472 0.185237 0.189727 0.089174 0.270391
0 1 0.325087 0.177980 0.190099 0.093806 0.213028
0 1 0.291621 0.189017 0.183460 0.105415 0.230488
4 1 0.224018 0.196701 0.195002 0.106098 0.278181
2 1 0.141946 0.200150 0.282451 0.095853 0.279600
2 1 0.101568 0.190849 0.493468 0.110016 0.104100
2 1 0.081465 0.115289 0.700872 0.067850 0.034523
2 2 0.063076 0.076955 0.800634 0.042234 0.017101
2 2 0.053851 0.065162 0.837237 0.031083 0.012667
2 2 0.046882 0.057019 0.859977 0.026218 0.009904
2 2 0.043327 0.056394 0.862460 0.028513 0.009306
2 2 0.037551 0.059232 0.857343 0.036795 0.009079
2 2 0.032468 0.062779 0.847312 0.048468 0.008972
2 2 0.028867 0.065861 0.834034 0.062321 0.008917
2 2 0.028698 0.068126 0.823153 0.070744 0.009279
2 2 0.029852 0.068820 0.819091 0.072634 0.009603
2 2 0.031623 0.066713 0.827110 0.065038 0.009516
2 2 0.033355 0.063343 0.838927 0.055203 0.009172
2 2 0.034577 0.060449 0.848911 0.047232 0.008830
2 2 0.034543 0.061387 0.848010 0.047049 0.009011
2 2 0.034106 0.064672 0.840706 0.050946 0.009569
2 2 0.034086 0.069299 0.828872 0.057283 0.010460
2 2 0.035378 0.071996 0.821896 0.059506 0.011224
2 2 0.036287 0.071436 0.823200 0.057809 0.011268
2 2 0.036938 0.068564 0.831119 0.052585 0.010794
2 2 0.036254 0.063720 0.842656 0.047653 0.009717
2 2 0.035341 0.060322 0.851541 0.043860 0.008936
2 2 0.032996 0.058567 0.856755 0.043397 0.008283
2 2 0.030451 0.058761 0.855724 0.047120 0.007945
2 2 0.027133 0.063171 0.838913 0.062625 0.008159
2 2 0.024468 0.074421 0.791967 0.099548 0.009596
2 2 0.024886 0.090455 0.712987 0.158771 0.012901
2 2 0.031589 0.108517 0.626546 0.213696 0.019653
2 2 0.042291 0.124022 0.580864 0.224454 0.028369
2 2 0.038404 0.127273 0.609831 0.197232 0.027259
2 2 0.031916 0.107925 0.704568 0.136903 0.018688
2 2 0.027368 0.086600 0.770199 0.103302 0.012530
2 2 0.025562 0.078087 0.788687 0.097182 0.010481
2 2 0.025240 0.078072 0.777391 0.108869 0.010427
2 2 0.026387 0.083496 0.754752 0.123618 0.011748
2 2 0.026384 0.086700 0.744378 0.130140 0.012398
2 2 0.025429 0.085633 0.750206 0.126795 0.011937
2 2 0.025226 0.082846 0.760373 0.120220 0.011335
2 2 0.026079 0.087171 0.741147 0.133176 0.012427
2 2 0.030856 0.097353 0.700945 0.154833 0.016013
2 2 0.032406 0.110260 0.634295 0.202817 0.020222
2 2 0.027466 0.115887 0.580633 0.255283 0.020731
2 2 0.020449 0.116880 0.502063 0.341034 0.019573
2 2 0.017720 0.116124 0.443501 0.403198 0.019457
3 2 0.017757 0.117103 0.386501 0.457157 0.021483
3 2 0.018127 0.118037 0.356853 0.483887 0.023096
3 2 0.015934 0.115435 0.318010 0.527959 0.022662
3 3 0.013109 0.111590 0.291139 0.563333 0.020829
3 3 0.012416 0.107047 0.265008 0.595080 0.020449
3 3 0.015645 0.108750 0.260986 0.590910 0.023709
3 3 0.017919 0.106172 0.205567 0.647771 0.022572
3 3 0.018563 0.103936 0.164417 0.692811 0.020273
3 3 0.021892 0.111012 0.171648 0.672371 0.023078
3 3 0.030173 0.125100 0.180106 0.635491 0.029130
3 3 0.079078 0.156305 0.248202 0.470158 0.046257
2 3 0.262493 0.157446 0.272991 0.251441 0.055628
0 3 0.517226 0.122036 0.188997 0.122606 0.049135
0 0 0.443080 0.144414 0.201563 0.142906 0.068037
2 2 0.266106 0.173814 0.323833 0.119883 0.116363
2 2 0.090769 0.144156 0.606686 0.106527 0.051861
2 2 0.042774 0.108415 0.721258 0.105696 0.021856
2 2 0.032972 0.084355 0.779435 0.089900 0.013339
2 2 0.032307 0.076456 0.800081 0.079617 0.011539
2 2 0.030218 0.073153 0.814126 0.072005 0.010497
2 2 0.029147 0.067785 0.831578 0.062173 0.009318
2 2 0.028355 0.061989 0.846407 0.055077 0.008172
2 2 0.028614 0.066110 0.832383 0.063978 0.008915
2 2 0.036177 0.080676 0.784099 0.085854 0.013194
2 2 0.091269 0.106012 0.647857 0.121667 0.033196
2 2 0.232052 0.134785 0.414074 0.159957 0.059131
0 2 0.310010 0.153761 0.273200 0.201250 0.061779
0 2 0.347462 0.157586 0.230826 0.198943 0.065182
2 2 0.256190 0.173400 0.261538 0.229177 0.079695
2 2 0.186718 0.171561 0.338681 0.220843 0.082197
2 2 0.108363 0.148213 0.522511 0.157578 0.063336
2 2 0.115859 0.167201 0.474191 0.161074 0.081675
2 2 0.045854 0.125326 0.650427 0.149871 0.028522
2 2 0.032919 0.080540 0.772607 0.101409 0.012525
2 2 0.030525 0.085584 0.760915 0.109885 0.013090
2 2 0.030558 0.068058 0.827288 0.064498 0.009599
2 2 0.030381 0.063015 0.840335 0.057615 0.008654
2 2 0.033459 0.061922 0.842475 0.053221 0.008923
2 2 0.033749 0.070277 0.814298 0.071123 0.010552
2 2 0.032628 0.078014 0.783430 0.094003 0.011924
2 2 0.031247 0.082730 0.758788 0.114566 0.012668
2 2 0.031389 0.085497 0.745130 0.124657 0.013326
2 2 0.031739 0.091595 0.718649 0.143166 0.014853
2 2 0.032490 0.096985 0.693586 0.160508 0.016432
2 2 0.031176 0.100353 0.674567 0.176888 0.017016
2 2 0.028392 0.098503 0.685472 0.171924 0.015708
2 2 0.024934 0.095059 0.700803 0.165319 0.013884
2 2 0.023040 0.095450 0.692127 0.175916 0.013466
2 2 0.025061 0.106329 0.621201 0.230363 0.017045
2 2 0.031178 0.122100 0.512083 0.309208 0.025432
2 2 0.032759 0.131721 0.402227 0.399908 0.033385
3 2 0.039864 0.134028 0.325369 0.463994 0.036745
3 2 0.060001 0.140675 0.288754 0.472232 0.038338
3 2 0.139244 0.157257 0.290846 0.364734 0.047918
0 3 0.308116 0.160382 0.235183 0.236812 0.059507
0 2 0.402378 0.155391 0.209947 0.153652 0.078632
2 2 0.218025 0.171619 0.378903 0.142943 0.088509
2 2 0.062127 0.136141 0.633123 0.130558 0.038051
2 2 0.028265 0.097150 0.726175 0.133334 0.015076
2 2 0.023487 0.084052 0.751140 0.130155 0.011166
2 2 0.020251 0.085561 0.723502 0.159972 0.010714
2 2 0.018283 0.095163 0.654910 0.219440 0.012205
2 2 0.017131 0.102026 0.587847 0.279321 0.013675
2 2 0.015620 0.106071 0.518163 0.345394 0.014751
2 2 0.014214 0.109608 0.435955 0.423915 0.016308
3 2 0.013711 0.111872 0.347751 0.507656 0.019011
3 2 0.013864 0.112397 0.276722 0.574641 0.022376
3 2 0.016048 0.110124 0.263728 0.585861 0.024239
3 2 0.017425 0.104908 0.202616 0.653064 0.021987
3 2 0.016075 0.097807 0.156114 0.712039 0.017964
3 2 0.015304 0.091019 0.116704 0.762205 0.014769
3 3 0.015716 0.087869 0.093530 0.789614 0.013271
3 3 0.016246 0.086434 0.081698 0.803051 0.012572
3 3 0.015605 0.083426 0.074345 0.814988 0.011635
3 3 0.014624 0.078632 0.063517 0.832985 0.010243
3 3 0.015435 0.078370 0.057273 0.838910 0.010012
3 3 0.017252 0.079594 0.051151 0.841910 0.010093
3 3 0.019318 0.083310 0.051964 0.834476 0.010932
3 3 0.019618 0.086312 0.059210 0.823003 0.011856
3 3 0.019001 0.089301 0.072760 0.805923 0.013015
3 3 0.017185 0.088018 0.080719 0.801140 0.012938
3 3 0.016948 0.087892 0.082120 0.800092 0.012948
3 3 0.016134 0.082746 0.067739 0.822093 0.011288
3 3 0.015636 0.076713 0.051102 0.847066 0.009483
3 3 0.014852 0.070764 0.039315 0.867109 0.007959
3 3 0.014302 0.067727 0.034717 0.875988 0.007265
3 3 0.014303 0.067596 0.034436 0.876432 0.007234
3 3 0.015127 0.070757 0.038175 0.868017 0.007924
3 3 0.015994 0.073955 0.042130 0.859263 0.008658
3 3 0.016536 0.075639 0.043974 0.854802 0.009049
3 3 0.016804 0.075602 0.042773 0.855818 0.009004
3 3 0.018189 0.078726 0.044822 0.848555 0.009708
3 3 0.021980 0.088601 0.055237 0.821921 0.012261
3 3 0.029878 0.111625 0.096362 0.741874 0.020261
3 3 0.041100 0.140334 0.195317 0.585962 0.037288
2 3 0.051894 0.139028 0.438627 0.327865 0.042586
2 2 0.073342 0.122872 0.570172 0.195739 0.037875
2 2 0.121223 0.112620 0.589217 0.133010 0.043930
2 2 0.199454 0.116588 0.518147 0.108896 0.056915
2 2 0.124202 0.121210 0.602919 0.102643 0.049026
2 2 0.078334 0.111757 0.680751 0.096847 0.032312
2 2 0.048337 0.093953 0.751842 0.086781 0.019088
2 2 0.050421 0.083981 0.778052 0.070795 0.016752
2 2 0.074839 0.089512 0.746341 0.066362 0.022946
2 2 0.236665 0.091330 0.568608 0.054717 0.048679
0 0 0.500014 0.106172 0.260648 0.083613 0.049553
0 0 0.537973 0.115717 0.185268 0.116353 0.044688
0 2 0.502689 0.128433 0.190004 0.121500 0.057374
0 2 0.547803 0.119674 0.167461 0.115130 0.049931
0 2 0.600939 0.102839 0.156471 0.102774 0.036977
0 4 0.613253 0.096983 0.165331 0.087148 0.037286
0 4 0.465017 0.143155 0.192645 0.089812 0.109372
0 4 0.446849 0.154380 0.177178 0.102221 0.119372
0 4 0.421768 0.165736 0.167052 0.116212 0.129232
0 4 0.427015 0.159627 0.178515 0.101945 0.132898
0 4 0.386608 0.164141 0.188274 0.087981 0.172997
0 4 0.428731 0.151886 0.189805 0.080519 0.149060
0 4 0.387111 0.159719 0.192850 0.078290 0.182031
0 4 0.414387 0.159561 0.177738 0.085592 0.162722
0 4 0.382370 0.171907 0.169229 0.097181 0.179314
0 4 0.331548 0.187569 0.160119 0.109440 0.211324
0 4 0.348695 0.175701 0.191479 0.102593 0.181532
0 4 0.318223 0.177247 0.196874 0.092029 0.215627
0 4 0.376271 0.165140 0.202556 0.095276 0.160758
0 4 0.273176 0.192718 0.184513 0.108263 0.241329
0 4 0.270853 0.204996 0.168864 0.144873 0.210413
0 4 0.271776 0.206523 0.172449 0.195084 0.154169
0 4 0.259058 0.202070 0.196618 0.204994 0.137260
2 4 0.202683 0.187700 0.277123 0.117468 0.215025
2 4 0.196087 0.185345 0.283220 0.110084 0.225264
2 4 0.189033 0.186103 0.272699 0.103481 0.248683
2 4 0.195788 0.192041 0.251954 0.111752 0.248464
2 4 0.206905 0.197094 0.238255 0.125001 0.232745
2 4 0.218460 0.200425 0.228896 0.139624 0.212595
2 4 0.205709 0.196034 0.242178 0.123301 0.232777
2 4 0.189197 0.187001 0.268556 0.103892 0.251353
2 4 0.143063 0.200158 0.328539 0.108457 0.219783
2 4 0.152745 0.195520 0.333639 0.107539 0.210557
2 4 0.257521 0.140460 0.395112 0.078280 0.128626
2 4 0.323105 0.129793 0.367295 0.076777 0.103029
0 4 0.362562 0.134513 0.317733 0.082539 0.102652
0 4 0.423615 0.136974 0.252771 0.107947 0.078693
0 4 0.420273 0.152575 0.206900 0.135608 0.084644
0 4 0.265381 0.199597 0.196357 0.142317 0.196348
4 4 0.195280 0.205117 0.183078 0.115809 0.300715
4 4 0.226624 0.202305 0.193013 0.122329 0.255729
4 4 0.232469 0.202208 0.186771 0.120911 0.257640
4 4 0.155579 0.191220 0.167479 0.081939 0.403782
4 4 0.168104 0.193308 0.193969 0.090139 0.354480
4 4 0.170356 0.188995 0.223899 0.089326 0.327425
4 4 0.168997 0.185385 0.240738 0.086797 0.318084
4 4 0.190521 0.179587 0.263798 0.085137 0.280956
0 4 0.364883 0.138522 0.306286 0.097445 0.092865
0 4 0.470691 0.126463 0.231028 0.112278 0.059539
0 4 0.362278 0.168856 0.217252 0.131056 0.120557
0 4 0.392005 0.168776 0.187630 0.140899 0.110690
0 4 0.451235 0.149840 0.167778 0.165834 0.065313
0 4 0.475168 0.143201 0.158545 0.165660 0.057426
0 4 0.338647 0.189126 0.172133 0.165745 0.134349
0 4 0.321677 0.193749 0.172756 0.168248 0.143570
0 4 0.287458 0.196103 0.196878 0.169669 0.149892
0 4 0.284635 0.188749 0.224898 0.159150 0.142569
0 4 0.322062 0.166974 0.260472 0.140863 0.109629
0 4 0.356914 0.159224 0.250050 0.138233 0.095579
0 4 0.334305 0.169274 0.239918 0.151717 0.104787
0 4 0.373310 0.160622 0.226849 0.149437 0.089782
0 4 0.376124 0.165916 0.203012 0.166807 0.088141
0 4 0.384645 0.162776 0.204679 0.162544 0.085356
0 4 0.272774 0.188579 0.235431 0.168383 0.134832
2 4 0.172675 0.194118 0.359978 0.141099 0.132129
2 4 0.088506 0.199883 0.490494 0.128444 0.092672
2 4 0.071569 0.160871 0.622434 0.092581 0.052544
2 4 0.065692 0.140196 0.680728 0.067863 0.045521
2 4 0.065257 0.108812 0.746332 0.051583 0.028016
2 4 0.064027 0.089271 0.786674 0.038803 0.021224
2 4 0.062565 0.078471 0.808957 0.032313 0.017693
2 4 0.059114 0.066870 0.834253 0.025809 0.013955
2 2 0.058107 0.062831 0.842633 0.023657 0.012772
2 2 0.068656 0.069919 0.817916 0.027431 0.016077
2 2 0.125182 0.084557 0.724638 0.036043 0.029580
2 2 0.239834 0.098621 0.555403 0.047122 0.059020
2 2 0.198924 0.123612 0.541219 0.065033 0.071212
2 2 0.140204 0.130125 0.602457 0.068319 0.058894
2 2 0.184005 0.101290 0.617420 0.047736 0.049549
0 2 0.453588 0.084358 0.365664 0.049216 0.047174
0 2 0.615762 0.075456 0.221134 0.060423 0.027227
0 0 0.703341 0.068650 0.138140 0.071773 0.018096
0 0 0.657538 0.083407 0.145334 0.089538 0.024182
0 1 0.610012 0.103647 0.128381 0.127221 0.030739
0 1 0.480015 0.144853 0.138393 0.182428 0.054311
0 1 0.408366 0.165992 0.150786 0.201788 0.073068
0 1 0.392042 0.156334 0.220268 0.148066 0.083290
0 4 0.408179 0.151518 0.218411 0.143838 0.078054
0 4 0.401009 0.150552 0.230436 0.137710 0.080293
0 4 0.349583 0.162742 0.246025 0.143105 0.098545
0 4 0.304891 0.170412 0.266085 0.141365 0.117247
2 4 0.247892 0.176151 0.298466 0.132523 0.144967
2 4 0.179806 0.177378 0.398320 0.117612 0.126883
2 4 0.135457 0.182926 0.459455 0.118404 0.103758
2 4 0.127113 0.169277 0.515844 0.102976 0.084790
2 4 0.184932 0.131443 0.538631 0.070999 0.073996
2 4 0.294415 0.099411 0.492694 0.050576 0.062904
2 2 0.368251 0.106809 0.389859 0.062510 0.072571
0 2 0.453445 0.118623 0.274239 0.092446 0.061247
0 2 0.496547 0.133044 0.173153 0.143788 0.053468
0 2 0.440234 0.153301 0.165723 0.174269 0.066472
0 2 0.392294 0.163564 0.190987 0.171026 0.082128
0 2 0.440621 0.143239 0.208744 0.139062 0.068334
0 2 0.469058 0.122704 0.244939 0.104099 0.059200
0 2 0.472295 0.119584 0.252234 0.095740 0.060146
0 0 0.443692 0.135766 0.231498 0.121955 0.067088
0 0 0.319423 0.177123 0.227952 0.164589 0.110913
2 0 0.217162 0.190215 0.270323 0.134647 0.187653
0 0 0.288366 0.179608 0.251885 0.143868 0.136273
0 1 0.284522 0.198541 0.187772 0.150700 0.178465
4 1 0.244395 0.203988 0.172217 0.123836 0.255563
0 2 0.359067 0.178705 0.187744 0.135056 0.139428
0 2 0.354927 0.176441 0.199485 0.134101 0.135047
0 2 0.316313 0.184445 0.209990 0.146537 0.142716
2 2 0.238158 0.189947 0.255114 0.135019 0.181762
2 2 0.120181 0.204882 0.404635 0.125384 0.144919
2 2 0.076670 0.150593 0.640129 0.081818 0.050789
2 2 0.064687 0.084121 0.795799 0.035650 0.019743
2 2 0.056893 0.054504 0.858640 0.019404 0.010559
2 2 0.053531 0.043673 0.880755 0.014283 0.007759
2 2 0.050374 0.038077 0.893374 0.011831 0.006344
2 2 0.049432 0.035178 0.899077 0.010612 0.005702
2 2 0.049392 0.034602 0.900047 0.010374 0.005586
2 2 0.050720 0.036158 0.896128 0.011016 0.005979
2 2 0.051946 0.037779 0.892187 0.011697 0.006391
2 2 0.051986 0.039088 0.889758 0.012511 0.006656
2 2 0.050300 0.039018 0.891158 0.013019 0.006504
2 2 0.048602 0.038883 0.892676 0.013500 0.006339
2 2 0.046981 0.038828 0.894034 0.013959 0.006198
2 2 0.046621 0.038027 0.895705 0.013632 0.006015
2 2 0.046973 0.037324 0.896823 0.012967 0.005913
2 2 0.047408 0.035847 0.899241 0.011833 0.005671
2 2 0.047604 0.035440 0.899816 0.011530 0.005609
2 2 0.047760 0.035456 0.899646 0.011516 0.005623
2 2 0.047884 0.036267 0.898255 0.011804 0.005790
2 2 0.047768 0.036440 0.898229 0.011742 0.005821
2 2 0.047784 0.036568 0.898024 0.011777 0.005848
2 2 0.047342 0.036423 0.898428 0.012027 0.005780
2 2 0.045493 0.036971 0.898655 0.013148 0.005734
2 2 0.042541 0.037825 0.899032 0.014952 0.005650
2 2 0.039934 0.039363 0.897444 0.017565 0.005695
2 2 0.038569 0.041088 0.894373 0.020105 0.005864
2 2 0.038050 0.042211 0.892133 0.021601 0.006006
2 2 0.038239 0.042583 0.891250 0.021840 0.006088
2 2 0.038951 0.042198 0.891648 0.021114 0.006088
2 2 0.040492 0.042193 0.890576 0.020514 0.006226
2 2 0.041153 0.041527 0.891509 0.019645 0.006166
2 2 0.040967 0.040776 0.893396 0.018841 0.006021
2 2 0.039741 0.039688 0.896836 0.018002 0.005733
2 2 0.040092 0.039239 0.897957 0.017017 0.005695
2 2 0.042669 0.044444 0.885639 0.020386 0.006861
2 2 0.056482 0.062902 0.836261 0.031968 0.012387
2 2 0.136467 0.094887 0.682433 0.049786 0.036426
2 2 0.326182 0.100363 0.444274 0.051870 0.077311
2 2 0.333559 0.131322 0.355776 0.085464 0.093880
2 2 0.157542 0.152936 0.516792 0.088917 0.083813
2 2 0.088742 0.128146 0.674940 0.065704 0.042469
2 2 0.055950 0.081549 0.805414 0.039742 0.017344
2 2 0.053102 0.057747 0.855203 0.023084 0.010865
2 2 0.053105 0.044801 0.879196 0.014931 0.007967
2 2 0.051129 0.041962 0.886179 0.013526 0.007204
2 2 0.049732 0.039832 0.891186 0.012594 0.006656
2 2 0.050612 0.040120 0.889773 0.012715 0.006780
2 2 0.052032 0.040455 0.887420 0.013149 0.006944
2 2 0.046395 0.043236 0.885881 0.017499 0.006989
2 2 0.040420 0.047111 0.881202 0.024143 0.007125
2 2 0.035000 0.051709 0.872462 0.033501 0.007330
2 2 0.031934 0.056273 0.861169 0.042903 0.007721
2 2 0.030884 0.057324 0.858440 0.045596 0.007755
2 2 0.031776 0.055012 0.865947 0.039769 0.007497
2 2 0.033857 0.048598 0.881559 0.029308 0.006679
2 2 0.036725 0.044106 0.890709 0.022226 0.006233
2 2 0.038320 0.042187 0.893796 0.019637 0.006059
2 2 0.039892 0.048398 0.879721 0.024665 0.007323
2 2 0.054914 0.064720 0.829723 0.038076 0.012566
2 2 0.129369 0.095249 0.684777 0.055346 0.035259
2 2 0.174021 0.125411 0.565194 0.069968 0.065406
2 2 0.092881 0.134291 0.650310 0.075670 0.046848
2 2 0.057285 0.103632 0.757874 0.057007 0.024201
2 2 0.048365 0.068448 0.838607 0.031840 0.012740
2 2 0.048775 0.051789 0.870060 0.020340 0.009036
2 2 0.047599 0.041972 0.888245 0.015310 0.006874
2 2 0.047621 0.038779 0.893933 0.013417 0.006250
2 2 0.047476 0.037417 0.896484 0.012646 0.005977
2 2 0.047558 0.037024 0.897012 0.012501 0.005904
2 2 0.045405 0.036945 0.898535 0.013400 0.005715
2 2 0.043257 0.037454 0.898742 0.014919 0.005628
2 2 0.040969 0.038099 0.898902 0.016476 0.005554
2 2 0.039854 0.038780 0.898422 0.017362 0.005582
2 2 0.039474 0.039356 0.897671 0.017847 0.005652
2 2 0.040513 0.038847 0.898017 0.016970 0.005653
2 2 0.041295 0.039102 0.897007 0.016832 0.005763
2 2 0.041363 0.039147 0.896970 0.016740 0.005779
2 2 0.040512 0.041113 0.893605 0.018717 0.006053
2 2 0.040603 0.041522 0.892785 0.018955 0.006135
2 2 0.040767 0.041429 0.893260 0.018403 0.006141
2 2 0.041182 0.039535 0.897157 0.016275 0.005851
2 2 0.041531 0.039271 0.897541 0.015820 0.005837
2 2 0.041143 0.040493 0.895140 0.017209 0.006014
2 2 0.040105 0.044858 0.886852 0.021489 0.006696
2 2 0.039446 0.050289 0.875987 0.026653 0.007624
2 2 0.040397 0.053063 0.870208 0.028062 0.008269
2 2 0.042538 0.050802 0.874418 0.024149 0.008094
