0 0 0.595914 0.152125 0.084379 0.066257 0.101325
0 0 0.691205 0.129225 0.056975 0.042875 0.079721
0 0 0.646430 0.144463 0.067816 0.044553 0.096739
0 1 0.434287 0.204467 0.123349 0.044171 0.193726
0 1 0.307409 0.227665 0.159251 0.038799 0.266876
4 1 0.166680 0.231981 0.207461 0.034092 0.359786
4 1 0.088526 0.214025 0.251880 0.033690 0.411878
4 1 0.076367 0.208530 0.281343 0.033943 0.399816
4 2 0.080254 0.209735 0.287357 0.036014 0.386639
4 2 0.083601 0.210752 0.292699 0.037304 0.375644
4 2 0.077482 0.205845 0.330364 0.039587 0.346722
2 2 0.065690 0.195647 0.386672 0.040423 0.311567
2 2 0.056145 0.182233 0.458892 0.040238 0.262492
2 2 0.049209 0.166089 0.545219 0.038787 0.200697
2 2 0.049425 0.155303 0.602502 0.037893 0.154878
2 2 0.090194 0.179573 0.530399 0.044677 0.155157
2 2 0.121114 0.197190 0.455784 0.049058 0.176853
2 2 0.098751 0.193819 0.464650 0.047697 0.195083
2 2 0.091192 0.191887 0.466931 0.047419 0.202571
2 2 0.105739 0.200611 0.426979 0.048750 0.217921
2 2 0.169268 0.218741 0.316706 0.056671 0.238615
2 2 0.160566 0.220963 0.297498 0.056069 0.264904
2 2 0.104106 0.209342 0.356626 0.049891 0.280034
2 2 0.070974 0.192732 0.423932 0.044096 0.268266
2 2 0.055431 0.174436 0.506998 0.042833 0.220303
2 2 0.044029 0.149870 0.614828 0.038168 0.153105
2 2 0.035970 0.131653 0.680864 0.033457 0.118055
2 2 0.034413 0.126757 0.697102 0.032734 0.108994
2 2 0.035348 0.131351 0.681821 0.032663 0.118816
2 2 0.033280 0.128496 0.691245 0.030617 0.116363
2 2 0.034295 0.131418 0.681335 0.031161 0.121791
2 2 0.038476 0.140064 0.651274 0.034209 0.135978
2 2 0.056915 0.162221 0.578456 0.041874 0.160533
2 2 0.088907 0.186677 0.489230 0.050149 0.185037
2 2 0.151590 0.210934 0.365041 0.061193 0.211243
0 2 0.243728 0.222346 0.239093 0.062527 0.232306
0 2 0.291689 0.223772 0.179611 0.054831 0.250098
4 2 0.228690 0.230541 0.191249 0.046096 0.303424
4 2 0.254653 0.231495 0.178169 0.040424 0.295258
4 1 0.219539 0.233302 0.189323 0.037879 0.319957
4 1 0.167459 0.231646 0.208418 0.035439 0.357039
4 1 0.140408 0.229041 0.216917 0.031763 0.381871
4 1 0.157018 0.232142 0.207152 0.029882 0.373806
4 1 0.121685 0.225866 0.223017 0.029207 0.400225
4 1 0.101435 0.219935 0.234336 0.029462 0.414833
4 1 0.154510 0.231033 0.211151 0.032446 0.370861
4 1 0.162211 0.232203 0.207011 0.031773 0.366803
4 1 0.169228 0.232979 0.203895 0.031686 0.362212
4 1 0.148570 0.231156 0.210093 0.029195 0.380986
4 1 0.155306 0.232508 0.205506 0.027923 0.378756
4 1 0.128520 0.228416 0.215011 0.025888 0.402164
4 1 0.151078 0.232975 0.202440 0.024363 0.389143
4 1 0.175614 0.236214 0.190358 0.023039 0.374774
4 1 0.193661 0.237238 0.184347 0.023653 0.361101
4 1 0.192732 0.236744 0.186662 0.025100 0.358762
4 1 0.244244 0.236939 0.168765 0.025394 0.324658
4 1 0.271886 0.235547 0.159631 0.025253 0.307683
4 1 0.208658 0.237112 0.181532 0.025709 0.346989
4 1 0.152208 0.232500 0.205006 0.026513 0.383773
4 1 0.215849 0.236817 0.180429 0.026964 0.339941
4 1 0.267256 0.235515 0.162205 0.026273 0.308751
4 1 0.221511 0.237073 0.177550 0.026229 0.337637
4 1 0.190002 0.236077 0.189854 0.026786 0.357281
4 1 0.180630 0.235194 0.194641 0.027689 0.361847
4 1 0.150426 0.230921 0.211285 0.030905 0.376464
4 1 0.195709 0.233561 0.196793 0.035636 0.338302
0 1 0.360868 0.220805 0.141946 0.037572 0.238809
0 1 0.403880 0.213915 0.128469 0.035653 0.218084
0 4 0.343540 0.223235 0.147514 0.038166 0.247545
0 4 0.385715 0.216920 0.134167 0.036662 0.226535
0 4 0.528952 0.186444 0.093536 0.031000 0.160069
0 4 0.515824 0.189380 0.097375 0.032466 0.164956
0 4 0.378827 0.218380 0.135815 0.036006 0.230972
0 4 0.374052 0.220240 0.135568 0.033177 0.236963
0 4 0.376638 0.221632 0.131458 0.028183 0.242089
4 4 0.284042 0.234119 0.157361 0.026734 0.297743
4 4 0.190986 0.235935 0.190232 0.027409 0.355437
4 4 0.203544 0.237022 0.183253 0.025587 0.350594
4 4 0.204198 0.237260 0.182120 0.024889 0.351533
4 4 0.275546 0.234476 0.160967 0.027662 0.301348
4 4 0.241108 0.234636 0.177194 0.032707 0.314355
4 4 0.254668 0.232198 0.176765 0.038325 0.298044
0 4 0.355045 0.220032 0.146024 0.042238 0.236661
0 4 0.473270 0.197505 0.110869 0.039112 0.179243
0 4 0.446632 0.204839 0.116894 0.036137 0.195498
4 4 0.253940 0.233814 0.173475 0.033610 0.305162
4 4 0.179315 0.235082 0.195220 0.027731 0.362652
4 4 0.161088 0.234688 0.196324 0.023120 0.384780
4 4 0.146018 0.232880 0.200901 0.022004 0.398198
4 4 0.105305 0.223261 0.220634 0.022137 0.428663
4 4 0.107082 0.223019 0.224622 0.025021 0.420256
4 4 0.114187 0.224225 0.225455 0.028123 0.408010
4 4 0.098927 0.218234 0.247803 0.033127 0.401908
4 4 0.076969 0.206949 0.323806 0.036350 0.355926
2 2 0.052377 0.184999 0.430483 0.035471 0.296670
2 2 0.048202 0.171569 0.513992 0.035715 0.230522
2 2 0.046779 0.160816 0.568918 0.037797 0.185690
2 2 0.046566 0.155454 0.592402 0.039318 0.166260
2 2 0.047067 0.158017 0.581902 0.039156 0.173859
2 2 0.055118 0.168722 0.542487 0.041891 0.191782
2 2 0.064992 0.179122 0.504951 0.043819 0.207117
2 2 0.057858 0.170007 0.538495 0.044747 0.188894
2 2 0.048012 0.151584 0.609191 0.043132 0.148081
2 2 0.044028 0.136046 0.663708 0.043405 0.112813
2 2 0.043823 0.125972 0.692599 0.046994 0.090611
2 2 0.045261 0.119355 0.706929 0.052156 0.076299
2 2 0.038854 0.107126 0.744552 0.047067 0.062400
2 2 0.034845 0.096220 0.773864 0.044957 0.050114
2 2 0.027317 0.078525 0.821022 0.038797 0.034338
2 2 0.021290 0.061775 0.860999 0.034202 0.021734
2 2 0.015867 0.050106 0.891005 0.027733 0.015290
2 2 0.012517 0.041532 0.910989 0.024020 0.010942
2 2 0.012428 0.039852 0.912706 0.025284 0.009730
2 2 0.014948 0.043478 0.899984 0.031035 0.010556
2 2 0.018518 0.048804 0.882119 0.038398 0.012160
2 2 0.019995 0.049336 0.869568 0.047730 0.013370
2 2 0.021321 0.050435 0.858593 0.054986 0.014666
2 2 0.022232 0.050969 0.848842 0.062018 0.015940
2 2 0.024846 0.053009 0.824818 0.078511 0.018816
2 2 0.026253 0.051999 0.800055 0.101018 0.020676
2 2 0.027795 0.051162 0.770741 0.127655 0.022648
2 2 0.029754 0.049731 0.720753 0.173672 0.026090
2 3 0.032735 0.051918 0.688842 0.196919 0.029586
2 3 0.034774 0.054375 0.679766 0.199630 0.031456
2 3 0.035548 0.056611 0.692826 0.184047 0.030968
2 3 0.036246 0.058901 0.706285 0.168256 0.030312
2 3 0.034652 0.058618 0.727994 0.150396 0.028340
2 3 0.034055 0.060131 0.746064 0.132106 0.027644
2 3 0.034378 0.062253 0.755661 0.120218 0.027490
2 3 0.029791 0.060038 0.800474 0.087221 0.022476
2 3 0.024865 0.056938 0.840461 0.059619 0.018117
2 3 0.023696 0.058359 0.855922 0.045511 0.016511
2 3 0.026023 0.062038 0.844733 0.049002 0.018204
2 3 0.026250 0.059988 0.837909 0.057285 0.018568
2 3 0.027046 0.058104 0.824930 0.070647 0.019272
2 3 0.029150 0.057934 0.800002 0.091338 0.021575
2 2 0.029440 0.057533 0.794244 0.096790 0.021994
2 2 0.028857 0.056451 0.795404 0.097645 0.021643
2 2 0.025907 0.051825 0.806198 0.096325 0.019745
2 2 0.029014 0.053652 0.774356 0.120294 0.022684
2 2 0.034382 0.055323 0.702622 0.178588 0.029086
2 2 0.041209 0.056927 0.600553 0.262358 0.038953
2 2 0.041058 0.054387 0.561617 0.300634 0.042304
2 2 0.038826 0.053827 0.589612 0.277426 0.040309
2 2 0.037246 0.056054 0.652432 0.219245 0.035024
2 2 0.036968 0.060382 0.706837 0.164705 0.031108
2 2 0.035652 0.061328 0.735059 0.139348 0.028612
2 2 0.038840 0.066774 0.734412 0.130228 0.029746
2 2 0.037787 0.064341 0.727332 0.140097 0.030444
2 2 0.038482 0.063161 0.704860 0.160587 0.032910
2 2 0.041142 0.061456 0.648677 0.211068 0.037657
2 2 0.038790 0.057670 0.649177 0.219061 0.035301
2 3 0.033947 0.053386 0.684769 0.197510 0.030387
2 3 0.031232 0.056096 0.758008 0.129593 0.025070
2 3 0.029522 0.059655 0.804419 0.084896 0.021508
2 2 0.026957 0.059262 0.830702 0.064287 0.018792
2 2 0.026657 0.058683 0.831947 0.064193 0.018521
2 2 0.029204 0.060082 0.811882 0.078331 0.020501
2 2 0.027772 0.057596 0.816598 0.078419 0.019616
2 2 0.026442 0.056591 0.825806 0.072342 0.018819
2 2 0.025220 0.056627 0.839047 0.061560 0.017547
2 2 0.025049 0.056894 0.841914 0.058887 0.017256
2 2 0.025819 0.057114 0.836603 0.062990 0.017474
2 2 0.026271 0.056121 0.828847 0.070892 0.017869
2 2 0.027227 0.058105 0.828210 0.068495 0.017963
2 2 0.025792 0.058504 0.841536 0.056990 0.017178
2 2 0.024605 0.059629 0.851642 0.047112 0.017012
2 2 0.023414 0.059098 0.856484 0.043659 0.017345
2 2 0.022429 0.058303 0.860691 0.041239 0.017338
2 2 0.024060 0.061027 0.852663 0.043613 0.018636
2 2 0.033748 0.074183 0.814581 0.052852 0.024636
2 2 0.171642 0.154800 0.525090 0.083411 0.065057
0 0 0.633457 0.143708 0.071591 0.056505 0.094738
0 0 0.694835 0.128243 0.056085 0.042071 0.078767
0 1 0.613109 0.148311 0.076938 0.061694 0.099948
0 1 0.334556 0.200843 0.182293 0.102076 0.180232
2 1 0.097694 0.184984 0.473148 0.068168 0.176006
2 1 0.051237 0.139016 0.648096 0.052416 0.109235
2 2 0.037427 0.129004 0.689158 0.036328 0.108083
2 2 0.045059 0.123653 0.697301 0.051066 0.082922
2 2 0.066127 0.142172 0.618666 0.075342 0.097694
2 2 0.041657 0.133814 0.671974 0.040681 0.111874
2 2 0.042553 0.113865 0.723696 0.050006 0.069879
2 2 0.043461 0.106324 0.737608 0.055576 0.057031
2 2 0.034056 0.078803 0.803186 0.054484 0.029471
2 2 0.031113 0.070051 0.820651 0.055857 0.022329
2 2 0.029100 0.058591 0.803408 0.087386 0.021515
2 2 0.030104 0.052071 0.739207 0.153075 0.025543
2 3 0.031276 0.048436 0.668142 0.221871 0.030275
2 3 0.034005 0.048046 0.599949 0.282017 0.035983
2 3 0.036617 0.047948 0.540485 0.333661 0.041289
2 3 0.040042 0.047177 0.454416 0.408812 0.049553
3 3 0.043457 0.046658 0.381772 0.470302 0.057811
3 3 0.039959 0.041654 0.344972 0.514143 0.059272
3 3 0.036058 0.038274 0.353316 0.518471 0.053881
3 3 0.034974 0.038702 0.400451 0.480085 0.045788
2 3 0.032305 0.043161 0.562726 0.327456 0.034352
2 3 0.025131 0.044318 0.747534 0.160613 0.022404
2 3 0.020997 0.046315 0.841812 0.075147 0.015729
2 2 0.020273 0.048907 0.865368 0.051775 0.013676
2 2 0.020333 0.047881 0.859231 0.058195 0.014359
2 2 0.025400 0.050603 0.803112 0.100817 0.020067
2 2 0.034596 0.054403 0.681384 0.197987 0.031629
2 2 0.039634 0.053776 0.581559 0.285334 0.039697
2 2 0.036667 0.050270 0.586335 0.289380 0.037348
2 2 0.031612 0.049030 0.672387 0.217171 0.029800
2 2 0.026366 0.047095 0.756958 0.147188 0.022394
2 2 0.023439 0.045890 0.798796 0.112811 0.019065
2 2 0.022477 0.045248 0.806411 0.106988 0.018875
2 2 0.024913 0.047811 0.782455 0.122893 0.021927
2 2 0.026369 0.048073 0.758473 0.143235 0.023851
2 2 0.026637 0.046042 0.729497 0.172476 0.025348
2 2 0.029662 0.047592 0.689314 0.204973 0.028461
2 2 0.035198 0.049923 0.609388 0.270005 0.035486
2 2 0.038631 0.047975 0.511228 0.360233 0.041933
2 3 0.044181 0.050619 0.455646 0.401068 0.048486
3 3 0.054621 0.058148 0.408805 0.419041 0.059385
2 3 0.077412 0.081418 0.421549 0.343461 0.076161
2 3 0.195656 0.137538 0.327170 0.230895 0.108742
0 3 0.393764 0.175010 0.172063 0.134284 0.124879
0 3 0.299323 0.185889 0.250204 0.138718 0.125866
2 3 0.093687 0.136285 0.577694 0.120003 0.072331
2 3 0.049222 0.094713 0.740516 0.077965 0.037584
2 3 0.028475 0.066633 0.832561 0.051530 0.020801
2 3 0.019747 0.052781 0.874782 0.038208 0.014482
2 3 0.017858 0.048994 0.884699 0.035713 0.012737
2 3 0.018572 0.048828 0.879651 0.040114 0.012836
2 3 0.019533 0.046158 0.860067 0.059961 0.014281
2 3 0.022958 0.046060 0.808994 0.103699 0.018290
2 3 0.025153 0.044092 0.747127 0.161652 0.021977
2 3 0.025990 0.044039 0.729034 0.177876 0.023061
2 3 0.027541 0.047310 0.738308 0.163291 0.023550
2 3 0.030564 0.054630 0.761092 0.130079 0.023635
2 3 0.032725 0.061098 0.777616 0.104897 0.023664
2 3 0.035985 0.067899 0.776533 0.094439 0.025144
2 3 0.038072 0.069379 0.759747 0.105263 0.027540
2 3 0.040762 0.068252 0.723017 0.137137 0.030833
2 1 0.040865 0.061953 0.671073 0.192584 0.033524
2 1 0.041425 0.061716 0.664430 0.199090 0.033339
2 1 0.050923 0.072399 0.640755 0.197857 0.038066
2 1 0.069100 0.093176 0.637487 0.156996 0.043240
2 2 0.261945 0.175309 0.369121 0.108374 0.085252
0 2 0.630560 0.144379 0.072346 0.057232 0.095483
0 2 0.769534 0.106049 0.038569 0.026922 0.058926
0 1 0.662545 0.136678 0.064124 0.049440 0.087214
0 2 0.468941 0.173454 0.117643 0.104744 0.135217
2 2 0.210656 0.181935 0.342847 0.140649 0.123913
2 2 0.149995 0.158523 0.488469 0.119479 0.083534
2 4 0.096172 0.134337 0.596107 0.107360 0.066023
0 4 0.291968 0.186414 0.289895 0.117391 0.114331
0 4 0.534866 0.163602 0.098420 0.083619 0.119492
0 4 0.625467 0.145547 0.073679 0.058519 0.096789
0 4 0.642552 0.141567 0.069234 0.054252 0.092395
0 4 0.677133 0.132950 0.060459 0.046049 0.083409
0 4 0.689426 0.129703 0.057412 0.043271 0.080188
0 4 0.655531 0.144115 0.064991 0.038200 0.097163
0 4 0.464643 0.202266 0.110299 0.032181 0.190610
0 4 0.302138 0.233527 0.148477 0.023522 0.292336
4 4 0.233205 0.239312 0.163297 0.018787 0.345400
4 4 0.194477 0.239205 0.173432 0.017196 0.375689
4 4 0.169542 0.237434 0.181810 0.016870 0.394344
4 4 0.141894 0.233561 0.193221 0.017071 0.414253
4 4 0.117004 0.228014 0.204823 0.017288 0.432871
4 4 0.105320 0.224269 0.213196 0.018438 0.438778
4 4 0.124491 0.228468 0.211580 0.022509 0.412951
4 4 0.179148 0.234369 0.197915 0.029990 0.358577
4 4 0.252724 0.232058 0.177942 0.039037 0.298239
0 4 0.359989 0.218685 0.145188 0.043795 0.232342
0 4 0.531183 0.182101 0.095953 0.040148 0.150616
0 4 0.548869 0.178074 0.090846 0.037830 0.144381
0 4 0.314043 0.223943 0.161370 0.047242 0.253403
4 4 0.191230 0.229545 0.214660 0.047970 0.316594
4 4 0.121604 0.221214 0.294882 0.041235 0.321065
2 4 0.067248 0.197669 0.395213 0.033911 0.305958
2 4 0.034467 0.154864 0.579965 0.025434 0.205271
2 4 0.030909 0.135450 0.663596 0.025704 0.144342
2 4 0.035096 0.132837 0.675803 0.031510 0.124755
2 4 0.042189 0.140708 0.647755 0.038269 0.131080
2 4 0.046001 0.149343 0.615608 0.040212 0.148835
2 4 0.043702 0.145529 0.629996 0.038550 0.142223
2 2 0.037252 0.127587 0.692764 0.035914 0.106483
2 2 0.032695 0.100401 0.768939 0.038631 0.059334
2 2 0.033273 0.083002 0.800166 0.048424 0.035135
2 2 0.025732 0.066836 0.841685 0.042675 0.023073
2 2 0.028022 0.068990 0.832144 0.047375 0.023468
2 2 0.078519 0.115823 0.678982 0.079938 0.046738
2 2 0.060711 0.107838 0.700016 0.084325 0.047110
2 2 0.045871 0.093010 0.752461 0.070928 0.037731
2 2 0.036098 0.078194 0.797166 0.061237 0.027305
2 2 0.035186 0.073765 0.803493 0.064165 0.023391
2 2 0.034157 0.066176 0.788052 0.088030 0.023585
2 2 0.035724 0.063677 0.754575 0.119306 0.026717
2 2 0.030591 0.058240 0.781027 0.106332 0.023811
2 2 0.025149 0.056231 0.836186 0.064240 0.018194
2 2 0.020421 0.053635 0.871602 0.039618 0.014724
2 2 0.019999 0.054427 0.872607 0.037267 0.015699
2 2 0.031216 0.073436 0.817505 0.052137 0.025706
2 2 0.160845 0.161193 0.489520 0.106178 0.082264
0 2 0.437154 0.180608 0.131773 0.105650 0.144814
2 2 0.164433 0.217134 0.284553 0.072348 0.261531
2 2 0.072084 0.194232 0.402761 0.049254 0.281669
2 2 0.052181 0.171565 0.519765 0.040283 0.216206
2 2 0.047681 0.160466 0.570700 0.038857 0.182296
2 2 0.032338 0.127322 0.694653 0.029475 0.116211
2 2 0.032438 0.122373 0.711025 0.031038 0.103125
2 2 0.029034 0.105102 0.762282 0.031292 0.072289
2 2 0.025673 0.088254 0.805779 0.031437 0.048857
2 2 0.026412 0.080336 0.819875 0.036007 0.037371
2 2 0.027255 0.076593 0.824348 0.039493 0.032311
2 2 0.028348 0.075425 0.823547 0.042414 0.030267
2 2 0.028228 0.073656 0.826390 0.043235 0.028490
2 2 0.026325 0.069472 0.836963 0.041817 0.025423
2 2 0.025928 0.067084 0.840804 0.043014 0.023170
2 2 0.029509 0.070132 0.826158 0.050682 0.023520
2 2 0.032549 0.072229 0.813988 0.057709 0.023525
2 2 0.031719 0.067296 0.808509 0.069258 0.023218
2 2 0.031041 0.066267 0.812590 0.067767 0.022334
2 2 0.042318 0.083322 0.769056 0.075282 0.030022
2 2 0.064442 0.110932 0.679207 0.096008 0.049411
2 2 0.072292 0.121688 0.645357 0.100012 0.060652
2 2 0.067970 0.119615 0.659508 0.092730 0.060178
2 2 0.055243 0.106684 0.710097 0.078506 0.049470
2 2 0.039634 0.086710 0.777838 0.061299 0.034519
2 2 0.031615 0.073847 0.815820 0.052873 0.025845
2 2 0.031268 0.071293 0.819178 0.054812 0.023449
2 2 0.031693 0.068977 0.813962 0.062570 0.022798
2 2 0.029507 0.062558 0.813009 0.072937 0.021989
2 2 0.026892 0.058999 0.825233 0.068506 0.020371
2 2 0.027416 0.061663 0.827939 0.062182 0.020801
2 2 0.027715 0.063415 0.830060 0.057910 0.020901
2 2 0.028301 0.064452 0.828707 0.057572 0.020967
2 2 0.030589 0.065005 0.811239 0.070582 0.022585
2 2 0.037680 0.069147 0.757878 0.106617 0.028677
2 2 0.043004 0.067943 0.684260 0.168669 0.036123
2 2 0.044794 0.062001 0.599813 0.251186 0.042205
2 2 0.046150 0.057033 0.515384 0.333781 0.047653
2 3 0.049550 0.054940 0.429223 0.410250 0.056037
3 3 0.047907 0.049951 0.367437 0.472434 0.062271
3 3 0.043477 0.044807 0.342015 0.506436 0.063264
3 3 0.041245 0.042552 0.336873 0.517254 0.062076
3 3 0.036515 0.038701 0.353137 0.517269 0.054379
3 3 0.033370 0.037378 0.395177 0.486793 0.047282
2 3 0.031524 0.037719 0.444981 0.442683 0.043093
2 3 0.031857 0.039037 0.466747 0.420086 0.042274
2 3 0.031584 0.038139 0.450380 0.436435 0.043461
3 3 0.034038 0.039292 0.419276 0.460101 0.047293
3 3 0.034706 0.037902 0.374962 0.501904 0.050525
3 3 0.035850 0.037714 0.342060 0.528831 0.055545
3 3 0.036415 0.037129 0.308897 0.555303 0.062256
3 3 0.036209 0.035921 0.279593 0.580116 0.068162
3 3 0.034801 0.034226 0.266702 0.595061 0.069209
3 3 0.034368 0.034235 0.277957 0.587359 0.066082
3 3 0.034440 0.034790 0.292514 0.575147 0.063109
3 3 0.032856 0.033231 0.288422 0.583626 0.061865
3 3 0.030628 0.030182 0.255032 0.618381 0.065777
3 3 0.026180 0.024678 0.201638 0.676149 0.071355
3 3 0.024925 0.023154 0.186442 0.692309 0.073169
3 3 0.023053 0.021705 0.189669 0.697424 0.068149
3 3 0.035724 0.036249 0.301461 0.563661 0.062906
3 3 0.048658 0.050523 0.364299 0.473025 0.063495
2 3 0.078636 0.081818 0.419333 0.350833 0.069379
2 3 0.076302 0.083465 0.447857 0.324202 0.068174
3 3 0.036837 0.038098 0.325993 0.539599 0.059474
3 3 0.038226 0.039029 0.316135 0.543697 0.062912
3 3 0.023730 0.023851 0.246348 0.649823 0.056248
3 3 0.022096 0.022101 0.234509 0.665679 0.055614
3 3 0.021953 0.021625 0.220756 0.677464 0.058201
3 3 0.023538 0.022916 0.217717 0.673813 0.062015
3 3 0.027297 0.026747 0.237893 0.643808 0.064256
3 3 0.032399 0.033064 0.296172 0.578623 0.059742
2 3 0.042675 0.049777 0.451032 0.404663 0.051855
2 3 0.035615 0.059689 0.712060 0.160675 0.031961
2 3 0.028928 0.065287 0.828422 0.056936 0.020427
2 2 0.019113 0.053277 0.876771 0.035468 0.015371
2 2 0.015895 0.049296 0.891733 0.028549 0.014527
2 2 0.015245 0.048775 0.894450 0.026876 0.014654
2 2 0.015697 0.049808 0.891877 0.027445 0.015174
2 2 0.016487 0.050885 0.888144 0.029052 0.015432
2 2 0.017878 0.053091 0.881263 0.031545 0.016222
2 2 0.018499 0.053807 0.878460 0.032888 0.016345
2 2 0.018237 0.053256 0.879883 0.032561 0.016063
2 2 0.017314 0.051154 0.885051 0.031530 0.014951
2 2 0.016662 0.049545 0.888812 0.030893 0.014088
2 2 0.016307 0.048331 0.891143 0.030874 0.013345
2 2 0.017418 0.049856 0.885780 0.033193 0.013753
2 2 0.019485 0.052439 0.876024 0.037669 0.014383
2 2 0.021740 0.054541 0.864709 0.044036 0.014974
2 2 0.024341 0.055346 0.843668 0.059764 0.016881
2 2 0.027116 0.058470 0.826199 0.069115 0.019101
2 2 0.031853 0.065298 0.801387 0.078085 0.023377
2 2 0.036972 0.072796 0.779682 0.083265 0.027285
2 2 0.039264 0.073830 0.758901 0.097445 0.030560
2 2 0.037110 0.068270 0.754735 0.110082 0.029803
2 2 0.037983 0.064597 0.720427 0.144654 0.032339
2 3 0.036994 0.059452 0.691741 0.178636 0.033178
2 3 0.037368 0.055575 0.643448 0.227852 0.035757
2 3 0.033030 0.049233 0.643835 0.241506 0.032395
2 3 0.032054 0.048063 0.650793 0.238330 0.030760
2 3 0.030486 0.049713 0.704550 0.187688 0.027563
2 3 0.027636 0.051253 0.768506 0.128878 0.023727
2 3 0.024189 0.052347 0.826914 0.077543 0.019006
2 3 0.021110 0.050783 0.856967 0.055269 0.015871
2 3 0.021304 0.052539 0.860231 0.050034 0.015891
2 3 0.022303 0.053664 0.852852 0.054215 0.016967
2 3 0.024688 0.057253 0.841292 0.058268 0.018499
2 3 0.026948 0.058998 0.825914 0.068102 0.020037
2 3 0.029547 0.061002 0.806340 0.080750 0.022361
2 3 0.033247 0.060381 0.754612 0.124055 0.027705
2 3 0.039058 0.062216 0.684563 0.178994 0.035169
2 3 0.042566 0.059275 0.595443 0.260007 0.042710
2 3 0.041105 0.056966 0.588409 0.270883 0.042637
2 3 0.039574 0.055623 0.594355 0.268490 0.041958
2 3 0.040251 0.061724 0.655274 0.203783 0.038968
2 3 0.039950 0.067618 0.708460 0.147864 0.036108
2 2 0.037762 0.074774 0.772728 0.084659 0.030077
2 2 0.030448 0.071207 0.822056 0.052353 0.023936
2 2 0.023062 0.061775 0.855433 0.039600 0.020130
2 2 0.022221 0.061957 0.857952 0.036824 0.021045
2 2 0.025321 0.068837 0.840667 0.039529 0.025646
2 2 0.027319 0.074330 0.827882 0.040392 0.030078
2 2 0.026227 0.075776 0.828193 0.037217 0.032586
2 2 0.028270 0.077798 0.820337 0.040288 0.033307
2 2 0.026620 0.071976 0.833037 0.040316 0.028051
2 2 0.024843 0.067449 0.843733 0.039443 0.024532
2 2 0.022567 0.062616 0.856151 0.037251 0.021416
2 1 0.024252 0.066274 0.846870 0.038818 0.023785
2 1 0.029936 0.078582 0.814879 0.044138 0.032466
2 1 0.039293 0.109152 0.739484 0.047298 0.064773
2 1 0.087172 0.176494 0.502836 0.071723 0.161776
4 1 0.185914 0.221835 0.241186 0.069738 0.281326
4 1 0.115149 0.217057 0.275492 0.052693 0.339610
4 4 0.099653 0.213323 0.313484 0.045240 0.328299
2 4 0.151487 0.222071 0.291116 0.052589 0.282736
0 4 0.269636 0.219295 0.236410 0.063802 0.210857
0 4 0.434814 0.192451 0.139318 0.074272 0.159145
0 4 0.632213 0.143997 0.071915 0.056817 0.095058
0 4 0.588161 0.156188 0.083602 0.062113 0.109935
0 4 0.437177 0.194628 0.127380 0.068512 0.172303
0 4 0.381444 0.208195 0.144015 0.062562 0.203784
0 4 0.352384 0.212735 0.153764 0.063788 0.217330
0 4 0.376738 0.209370 0.147896 0.061593 0.204404
0 4 0.434940 0.200135 0.126041 0.055200 0.183684
0 4 0.533391 0.181306 0.095497 0.040595 0.149211
4 4 0.260801 0.231782 0.174760 0.038549 0.294107
4 4 0.194739 0.234134 0.195427 0.033697 0.342003
4 4 0.213040 0.236279 0.183238 0.028554 0.338889
4 4 0.197896 0.237184 0.183843 0.024435 0.356642
4 4 0.147291 0.233410 0.198414 0.020878 0.400007
4 4 0.163283 0.235445 0.192741 0.021440 0.387092
4 4 0.170259 0.235828 0.191922 0.022676 0.379315
4 4 0.188028 0.236446 0.188632 0.025234 0.361660
4 4 0.265747 0.234556 0.165829 0.029420 0.304447
0 4 0.295828 0.230551 0.159833 0.034004 0.279784
0 4 0.311389 0.226558 0.159027 0.040669 0.262357
0 4 0.335819 0.221816 0.153388 0.045217 0.243760
0 4 0.393879 0.210979 0.136642 0.048649 0.209851
0 4 0.523002 0.183484 0.098606 0.042267 0.152640
0 4 0.592092 0.166376 0.079488 0.034975 0.127069
0 4 0.464666 0.200934 0.111821 0.035577 0.187002
0 4 0.406616 0.213936 0.126938 0.034185 0.218325
0 4 0.364714 0.223605 0.134783 0.028178 0.248720
4 4 0.250335 0.237220 0.164877 0.023821 0.323747
4 4 0.119577 0.227971 0.209244 0.019955 0.423253
4 4 0.141200 0.232275 0.201702 0.021245 0.403577
4 4 0.177614 0.236254 0.190206 0.023466 0.372461
4 4 0.236727 0.236887 0.172253 0.026221 0.327912
0 4 0.313079 0.231267 0.148427 0.026662 0.280565
0 4 0.367486 0.223977 0.132180 0.025915 0.250442
0 4 0.354117 0.226784 0.134057 0.023914 0.261127
0 4 0.326241 0.231269 0.139931 0.022097 0.280462
4 4 0.229734 0.238952 0.166537 0.020118 0.344659
4 4 0.154946 0.235030 0.192157 0.019202 0.398666
4 4 0.118891 0.227855 0.209138 0.019734 0.424382
4 4 0.114110 0.225898 0.216069 0.022147 0.421776
4 4 0.121882 0.227142 0.216849 0.024951 0.409175
4 4 0.142734 0.231340 0.207634 0.025384 0.392908
4 4 0.160097 0.234269 0.198246 0.024121 0.383267
4 4 0.176344 0.236700 0.187889 0.021628 0.377439
4 4 0.215523 0.239115 0.170484 0.019613 0.355265
4 4 0.191302 0.238469 0.178199 0.019172 0.372857
4 4 0.132165 0.230763 0.204245 0.020420 0.412407
4 4 0.119155 0.227159 0.214129 0.022478 0.417079
4 4 0.198493 0.236886 0.184976 0.025470 0.354175
4 4 0.171298 0.235120 0.195396 0.025358 0.372829
4 4 0.091502 0.217135 0.235753 0.026419 0.429191
4 4 0.063278 0.203418 0.291147 0.026294 0.415863
4 4 0.061566 0.200002 0.348154 0.028279 0.361999
2 4 0.048967 0.186688 0.411533 0.028647 0.324165
2 4 0.039641 0.174268 0.468045 0.025772 0.292273
2 4 0.042020 0.176804 0.458605 0.027492 0.295080
2 4 0.047657 0.185336 0.408497 0.030589 0.327921
4 2 0.060084 0.199424 0.335001 0.029086 0.376405
4 2 0.081771 0.212710 0.243593 0.027313 0.434612
4 2 0.088833 0.216922 0.231977 0.023226 0.439043
4 2 0.094506 0.219780 0.224471 0.021026 0.440217
4 2 0.080950 0.214197 0.231072 0.020290 0.453491
4 2 0.068363 0.207061 0.243351 0.022121 0.459105
4 2 0.054248 0.196817 0.311861 0.026498 0.410575
2 2 0.050028 0.186684 0.406537 0.032507 0.324245
2 2 0.049064 0.170561 0.524271 0.037728 0.218376
2 2 0.047071 0.160579 0.571731 0.038701 0.181918
2 2 0.040358 0.153395 0.598314 0.032737 0.175196
2 2 0.041767 0.159995 0.567387 0.032205 0.198646
2 2 0.048147 0.172720 0.506342 0.035145 0.237646
2 2 0.052882 0.181571 0.457316 0.037088 0.271144
2 2 0.049947 0.181713 0.448978 0.034057 0.285305
2 2 0.047456 0.181817 0.439881 0.031517 0.299330
2 2 0.047805 0.183424 0.427463 0.031371 0.309938
2 2 0.048934 0.184978 0.418104 0.031999 0.315985
2 2 0.049608 0.185169 0.419192 0.032614 0.313417
2 2 0.050499 0.184849 0.425498 0.033620 0.305535
2 2 0.052045 0.184757 0.431431 0.035215 0.296553
2 2 0.049843 0.181131 0.453027 0.034127 0.281873
2 2 0.047230 0.176245 0.480252 0.032854 0.263419
2 2 0.042551 0.165785 0.536768 0.031263 0.223633
2 2 0.040963 0.159056 0.570745 0.031519 0.197716
2 2 0.040630 0.157880 0.576806 0.031618 0.193066
2 2 0.039696 0.158498 0.572492 0.030441 0.198872
2 2 0.038702 0.161086 0.556417 0.028592 0.215204
2 2 0.039817 0.163552 0.544435 0.029058 0.223138
2 2 0.040903 0.163973 0.544281 0.030089 0.220754
2 2 0.044177 0.166999 0.533207 0.032720 0.222898
2 2 0.045830 0.168786 0.525610 0.033915 0.225859
2 2 0.045032 0.167805 0.529728 0.033328 0.224107
2 2 0.041721 0.162478 0.553499 0.031277 0.211026
2 2 0.040934 0.157331 0.579042 0.031918 0.190774
2 2 0.041431 0.150382 0.611338 0.034632 0.162216
2 2 0.042289 0.141972 0.644378 0.038573 0.132788
2 2 0.045414 0.141688 0.644353 0.042897 0.125648
2 2 0.044672 0.141283 0.646014 0.042005 0.126025
2 2 0.040343 0.137301 0.660718 0.037385 0.124254
2 2 0.036149 0.130007 0.685854 0.033939 0.114051
2 2 0.033203 0.120065 0.717972 0.032879 0.095881
2 2 0.028881 0.105137 0.762338 0.031058 0.072587
2 2 0.023131 0.086866 0.812275 0.027440 0.050289
2 2 0.019861 0.074182 0.843455 0.025702 0.036801
2 2 0.020616 0.078440 0.833737 0.025730 0.041477
2 2 0.020202 0.079876 0.831274 0.024548 0.044100
2 2 0.022439 0.101795 0.774727 0.022409 0.078630
2 2 0.033616 0.117443 0.726640 0.035550 0.086750
2 2 0.058182 0.122601 0.675650 0.074922 0.068646
2 2 0.031911 0.113949 0.736931 0.033464 0.083745
2 2 0.027477 0.093373 0.792191 0.032999 0.053960
2 2 0.026094 0.095181 0.789791 0.029891 0.059043
2 2 0.025087 0.082259 0.818848 0.032779 0.041027
2 2 0.026076 0.078302 0.824080 0.036449 0.035093
2 2 0.027183 0.071431 0.832122 0.042401 0.026863
2 2 0.027144 0.069734 0.834183 0.043955 0.024984
2 2 0.028559 0.070532 0.828904 0.047337 0.024669
2 2 0.032099 0.074989 0.813172 0.053027 0.026714
2 2 0.035031 0.078368 0.800529 0.057829 0.028242
2 2 0.033849 0.075708 0.806777 0.057457 0.026209
2 2 0.028091 0.065341 0.831074 0.054269 0.021225
2 2 0.023028 0.054565 0.848839 0.056159 0.017409
2 2 0.021676 0.050398 0.850662 0.061160 0.016105
2 2 0.022257 0.049173 0.837869 0.073693 0.017008
2 2 0.023610 0.048960 0.816476 0.092016 0.018937
2 2 0.023660 0.046875 0.798577 0.110832 0.020055
2 2 0.022357 0.043031 0.786824 0.128029 0.019759
2 2 0.021706 0.041001 0.781183 0.137055 0.019056
2 2 0.020860 0.038310 0.767173 0.154773 0.018883
2 2 0.020833 0.038919 0.777577 0.144372 0.018299
2 2 0.024023 0.044228 0.775971 0.136187 0.019591
2 2 0.031680 0.057548 0.771007 0.116801 0.022963
2 2 0.089526 0.115879 0.622858 0.122010 0.049728
0 2 0.376652 0.181208 0.208400 0.122292 0.111448
0 2 0.479850 0.172022 0.114391 0.101066 0.132670
2 2 0.224757 0.189732 0.306187 0.135691 0.143633
2 2 0.092039 0.143954 0.563589 0.112554 0.087864
2 2 0.047386 0.099402 0.740695 0.067378 0.045139
2 2 0.022826 0.063776 0.854051 0.036941 0.022407
2 2 0.013215 0.045301 0.904822 0.023175 0.013486
2 2 0.013565 0.046635 0.902214 0.023237 0.014350
2 2 0.014842 0.049993 0.894350 0.024598 0.016217
2 2 0.014657 0.049752 0.895195 0.024217 0.016179
2 2 0.013433 0.046684 0.902564 0.022782 0.014536
2 2 0.011816 0.041985 0.913007 0.021221 0.011971
2 2 0.010487 0.037687 0.921960 0.020138 0.009728
2 2 0.010346 0.036082 0.923904 0.021020 0.008648
2 2 0.011238 0.036880 0.919689 0.023683 0.008510
2 2 0.013618 0.040773 0.907188 0.028893 0.009528
2 2 0.015556 0.042882 0.894551 0.036362 0.010650
2 2 0.015462 0.040707 0.887701 0.044929 0.011201
2 2 0.015383 0.039831 0.885928 0.047745 0.011113
2 2 0.015392 0.040509 0.889803 0.043645 0.010651
2 2 0.015697 0.043317 0.895887 0.034856 0.010244
2 2 0.015492 0.044576 0.897058 0.031883 0.010991
2 2 0.015270 0.045829 0.897055 0.029729 0.012117
2 2 0.019715 0.054897 0.873236 0.035816 0.016336
2 2 0.025973 0.065040 0.842616 0.045323 0.021048
2 2 0.064009 0.105797 0.712567 0.075773 0.041853
2 2 0.188633 0.165775 0.448836 0.114021 0.082735
2 2 0.063611 0.115004 0.676562 0.089300 0.055523
2 2 0.029387 0.072393 0.824381 0.047823 0.026016
2 2 0.017769 0.052086 0.882601 0.032145 0.015399
2 2 0.011798 0.040099 0.914926 0.022742 0.010435
2 2 0.009993 0.036244 0.925121 0.019567 0.009075
2 2 0.010344 0.037465 0.922691 0.019811 0.009689
2 2 0.010633 0.038368 0.920779 0.020092 0.010128
2 2 0.011230 0.039788 0.917273 0.021005 0.010704
2 2 0.011648 0.040571 0.915029 0.021804 0.010948
2 2 0.011315 0.039692 0.917062 0.021384 0.010547
2 2 0.010657 0.038117 0.920936 0.020383 0.009907
2 2 0.009492 0.035359 0.927799 0.018482 0.008868
2 2 0.010216 0.037008 0.923587 0.019736 0.009453
2 2 0.012967 0.042486 0.908481 0.024750 0.011316
2 2 0.023539 0.060908 0.854603 0.042038 0.018912
2 2 0.059292 0.102649 0.716642 0.080494 0.040923
2 2 0.174984 0.167812 0.416368 0.143052 0.097784
2 2 0.065730 0.141406 0.621185 0.074970 0.096710
2 2 0.039461 0.111012 0.735132 0.046816 0.067579
2 2 0.029737 0.083986 0.806593 0.040698 0.038986
2 2 0.021929 0.064130 0.856235 0.034017 0.023688
2 2 0.017034 0.053781 0.883229 0.028269 0.017687
2 2 0.014294 0.046416 0.900062 0.025793 0.013435
2 2 0.012835 0.041370 0.909930 0.025315 0.010550
2 2 0.012152 0.038304 0.914914 0.025801 0.008830
2 2 0.012088 0.037542 0.915652 0.026362 0.008356
2 2 0.011684 0.037109 0.917654 0.025210 0.008343
2 2 0.010644 0.035846 0.922880 0.022386 0.008244
2 2 0.009913 0.035093 0.926417 0.020277 0.008300
2 2 0.009262 0.033856 0.930011 0.018898 0.007974
2 2 0.009472 0.034124 0.928958 0.019462 0.007984
2 2 0.010435 0.035558 0.923951 0.021849 0.008206
2 2 0.012339 0.038736 0.913848 0.026081 0.008996
2 2 0.013614 0.040785 0.907200 0.028862 0.009539
2 2 0.016615 0.046301 0.891396 0.034173 0.011515
2 2 0.020739 0.053226 0.870613 0.041243 0.014178
2 2 0.030936 0.069618 0.821587 0.055833 0.022026
2 2 0.136903 0.145620 0.551946 0.101470 0.064060
2 2 0.267328 0.185257 0.313269 0.120484 0.113661
2 1 0.189166 0.203666 0.336402 0.092545 0.178220
2 1 0.129867 0.211554 0.346138 0.060106 0.252335
2 1 0.107374 0.212482 0.347087 0.045636 0.287421
2 4 0.100615 0.210914 0.347344 0.045309 0.295818
2 4 0.157323 0.222172 0.284338 0.055419 0.280748
0 4 0.319305 0.216682 0.168261 0.066145 0.229607
0 4 0.314232 0.220813 0.164648 0.056162 0.244145
4 4 0.203228 0.230431 0.201480 0.046246 0.318616
4 4 0.150520 0.229604 0.215921 0.035313 0.368641
4 4 0.121124 0.226985 0.217063 0.024846 0.409982
4 4 0.085786 0.216506 0.227280 0.019910 0.450518
4 4 0.058918 0.201729 0.244223 0.019269 0.475862
4 4 0.086095 0.215426 0.235816 0.024443 0.438221
4 4 0.145242 0.230384 0.212609 0.030014 0.381751
4 4 0.237280 0.235129 0.177508 0.031547 0.318536
4 4 0.264445 0.234344 0.167061 0.030292 0.303857
4 4 0.249788 0.235249 0.171607 0.029879 0.313477
4 4 0.186764 0.235286 0.193424 0.028722 0.355805
4 4 0.190001 0.235780 0.191005 0.027737 0.355477
4 4 0.144353 0.230962 0.209955 0.027587 0.387143
4 4 0.218368 0.234416 0.186977 0.034445 0.325794
0 4 0.297399 0.228153 0.163503 0.040469 0.270477
0 4 0.411217 0.209382 0.129893 0.043886 0.205622
0 4 0.463836 0.195529 0.116530 0.049967 0.174137
0 4 0.546317 0.173121 0.094118 0.051688 0.134755
0 4 0.671330 0.136231 0.061722 0.043390 0.087328
0 4 0.731978 0.117691 0.047178 0.034207 0.068946
0 4 0.445602 0.201294 0.120675 0.045942 0.186487
0 4 0.311106 0.225808 0.160301 0.042905 0.259881
4 4 0.274311 0.232961 0.165606 0.032400 0.294722
4 4 0.224560 0.236742 0.177620 0.027228 0.333852
4 4 0.118875 0.225366 0.223521 0.028501 0.403737
4 4 0.153204 0.228194 0.219920 0.041230 0.357451
0 4 0.278164 0.219037 0.210400 0.068687 0.223712
2 1 0.271150 0.185681 0.322170 0.111724 0.109274
2 1 0.081615 0.120608 0.651243 0.094232 0.052303
2 1 0.075555 0.115911 0.667387 0.092057 0.049089
2 1 0.066805 0.112898 0.674007 0.095682 0.050607
2 1 0.057062 0.105025 0.706827 0.085234 0.045853
2 1 0.041148 0.086565 0.773357 0.065711 0.033219
2 1 0.025304 0.064852 0.845041 0.043423 0.021380
2 1 0.017580 0.052932 0.882420 0.030728 0.016340
2 1 0.018856 0.057754 0.873036 0.030450 0.019904
2 2 0.020629 0.062618 0.861811 0.031583 0.023360
2 2 0.021650 0.066434 0.853595 0.031943 0.026378
2 2 0.021431 0.063469 0.858481 0.033156 0.023462
2 2 0.021528 0.061853 0.860194 0.034840 0.021585
2 2 0.026468 0.067323 0.838829 0.044407 0.022972
2 2 0.029791 0.071401 0.824072 0.050111 0.024626
2 2 0.134488 0.150344 0.541445 0.100916 0.072806
0 2 0.436996 0.181362 0.157595 0.097676 0.126371
0 2 0.366025 0.190656 0.183493 0.111118 0.148708
2 1 0.199446 0.203649 0.327202 0.094142 0.175561
2 1 0.101181 0.187978 0.460395 0.068232 0.182214
2 1 0.060283 0.167905 0.540519 0.051560 0.179732
2 1 0.043103 0.153791 0.598663 0.035890 0.168553
2 1 0.045440 0.162701 0.558848 0.035674 0.197338
2 1 0.048990 0.175686 0.489463 0.035088 0.250773
2 1 0.050165 0.180588 0.457833 0.034615 0.276799
2 1 0.050310 0.182135 0.446840 0.034296 0.286419
2 1 0.052402 0.180809 0.461505 0.036832 0.268452
2 1 0.057868 0.182826 0.457618 0.041830 0.259857
2 1 0.071941 0.178942 0.493679 0.056755 0.198682
2 1 0.192527 0.202924 0.342321 0.090011 0.172217
0 1 0.546246 0.163150 0.099967 0.075650 0.114988
0 0 0.694148 0.128429 0.056253 0.042223 0.078947
0 0 0.762882 0.108186 0.040063 0.028163 0.060706
0 0 0.811314 0.091850 0.029506 0.019621 0.047709
0 0 0.851670 0.076728 0.021338 0.013413 0.036851
0 0 0.871828 0.068581 0.017507 0.010643 0.031441
0 0 0.893203 0.059443 0.013655 0.007966 0.025733
0 0 0.917946 0.048121 0.009508 0.005230 0.019195
0 0 0.936371 0.039064 0.006683 0.003474 0.014408
0 0 0.944131 0.035058 0.005572 0.002815 0.012424
0 0 0.939986 0.037213 0.006159 0.003161 0.013481
0 0 0.928836 0.042840 0.007808 0.004161 0.016354
0 0 0.853718 0.075919 0.020941 0.013121 0.036301
0 0 0.693171 0.128694 0.056492 0.042439 0.079204
0 0 0.551504 0.168978 0.093351 0.058154 0.128013
0 0 0.573090 0.167654 0.086296 0.045767 0.127194
4 0 0.235121 0.229544 0.190186 0.048700 0.296449
0 0 0.278540 0.227846 0.173112 0.046437 0.274064
0 0 0.490579 0.192542 0.106805 0.040880 0.169194
0 0 0.610929 0.161129 0.074611 0.033351 0.119979
0 0 0.468480 0.199804 0.111050 0.036168 0.184498
0 0 0.434980 0.208300 0.118938 0.033757 0.204025
0 0 0.401582 0.216376 0.126027 0.030253 0.225761
4 0 0.200521 0.236510 0.185997 0.026906 0.350067
4 1 0.142830 0.228378 0.219617 0.035381 0.373794
0 1 0.483332 0.183019 0.113538 0.069912 0.150199
0 1 0.335197 0.224482 0.149981 0.037982 0.252358
0 1 0.382211 0.218100 0.134376 0.035159 0.230155
0 1 0.327751 0.229001 0.145321 0.028054 0.269872
0 1 0.364708 0.223761 0.134452 0.027751 0.249328
4 1 0.241481 0.234873 0.176395 0.031952 0.315299
4 1 0.208170 0.232157 0.208408 0.041787 0.309478
4 1 0.226645 0.227791 0.244796 0.049261 0.251506
0 1 0.359031 0.206065 0.200845 0.067927 0.166132
0 1 0.505918 0.173585 0.150514 0.067634 0.102349
0 0 0.682294 0.131599 0.059175 0.044874 0.082058
0 0 0.753902 0.111018 0.042102 0.029872 0.063106
0 0 0.768476 0.106391 0.038806 0.027118 0.059210
0 0 0.787823 0.100003 0.034531 0.023620 0.054022
0 1 0.763399 0.108021 0.039947 0.028066 0.060568
0 1 0.660455 0.138885 0.064502 0.046121 0.090037
0 1 0.557618 0.171777 0.090475 0.046944 0.133185
0 1 0.590764 0.162681 0.081639 0.044672 0.120244
0 1 0.367752 0.212830 0.147013 0.056427 0.215977
4 1 0.215988 0.226066 0.204327 0.060417 0.293203
4 1 0.196357 0.228620 0.207249 0.051345 0.316429
4 1 0.195907 0.230643 0.203650 0.044870 0.324930
4 1 0.176752 0.231661 0.206752 0.038090 0.346746
4 1 0.143549 0.227271 0.223091 0.039485 0.366604
4 1 0.131536 0.224652 0.238104 0.041310 0.364399
4 1 0.121704 0.222514 0.253118 0.041270 0.361394
4 1 0.131848 0.224663 0.248099 0.041584 0.353806
4 1 0.132000 0.224758 0.254593 0.041207 0.347440
4 1 0.129007 0.222959 0.272129 0.043656 0.332250
4 1 0.101113 0.213581 0.319836 0.044478 0.320993
2 2 0.115015 0.216776 0.310727 0.047464 0.310017
4 2 0.208987 0.228197 0.219136 0.053267 0.290413
4 2 0.242493 0.228882 0.188002 0.049966 0.290657
4 2 0.164666 0.227925 0.218624 0.046646 0.342139
4 2 0.127000 0.222785 0.249320 0.044323 0.356572
4 2 0.130888 0.222930 0.257352 0.046157 0.342673
4 2 0.113435 0.218581 0.292158 0.044113 0.331713
2 2 0.072637 0.199940 0.379554 0.039518 0.308352
2 2 0.057431 0.186607 0.437331 0.037546 0.281085
2 2 0.053940 0.179501 0.474247 0.038697 0.253614
2 2 0.050432 0.171266 0.518781 0.038254 0.221267
2 2 0.045700 0.160756 0.567958 0.036438 0.189149
2 2 0.038965 0.144345 0.634290 0.033262 0.149138
2 2 0.036955 0.133212 0.674969 0.034028 0.120836
2 2 0.041141 0.126966 0.692520 0.042258 0.097115
2 2 0.066759 0.146464 0.609095 0.069574 0.108109
2 2 0.090838 0.169588 0.523722 0.076606 0.139246
2 2 0.043779 0.150164 0.614373 0.038068 0.153616
2 2 0.034883 0.136736 0.662537 0.030567 0.135277
2 2 0.034969 0.138650 0.654811 0.030000 0.141570
2 2 0.038190 0.150246 0.608746 0.030671 0.172147
2 2 0.046172 0.174249 0.491797 0.032471 0.255311
2 2 0.049321 0.180184 0.458490 0.033878 0.278127
2 2 0.049708 0.181180 0.452285 0.033976 0.282851
2 2 0.045552 0.171574 0.508417 0.032765 0.241691
2 2 0.039290 0.153539 0.595529 0.031201 0.180439
2 2 0.036465 0.131724 0.680589 0.034112 0.117111
2 2 0.054829 0.146502 0.622070 0.054307 0.122292
2 2 0.177348 0.208830 0.339449 0.077531 0.196843
0 2 0.275223 0.219677 0.191826 0.070919 0.242355
4 2 0.119350 0.218147 0.287106 0.050695 0.324702
2 2 0.088735 0.208300 0.334979 0.045350 0.322637
2 2 0.092365 0.207653 0.352050 0.046753 0.301180
2 2 0.085229 0.201719 0.388991 0.045932 0.278128
2 2 0.057755 0.179873 0.475716 0.042737 0.243919
2 2 0.058794 0.172772 0.516862 0.047175 0.204397
2 2 0.071050 0.164740 0.554689 0.060282 0.149239
2 2 0.183435 0.191511 0.404611 0.085909 0.134534
0 2 0.455712 0.179380 0.156073 0.089808 0.119027
0 2 0.459082 0.185638 0.126702 0.078100 0.150479
0 1 0.529753 0.165178 0.099938 0.083368 0.121763
0 1 0.355161 0.186271 0.230967 0.110860 0.116740
2 1 0.265659 0.180909 0.332329 0.120019 0.101083
2 1 0.263730 0.179677 0.335051 0.122590 0.098952
2 1 0.134994 0.160581 0.495220 0.116549 0.092657
2 1 0.107799 0.173691 0.497076 0.088679 0.132755
2 1 0.134716 0.208147 0.364194 0.068918 0.224025
4 1 0.172136 0.226225 0.256504 0.051730 0.293405
4 1 0.155617 0.228165 0.234456 0.042883 0.338879
4 1 0.175531 0.231312 0.207950 0.038900 0.346308
4 2 0.208785 0.234339 0.190573 0.034395 0.331909
4 2 0.191815 0.235301 0.192389 0.029568 0.350926
4 2 0.171882 0.234981 0.196017 0.025996 0.371125
4 2 0.152156 0.233190 0.201689 0.024172 0.388793
4 2 0.160934 0.234833 0.195527 0.022569 0.386137
4 2 0.188198 0.237494 0.183722 0.021841 0.368744
4 2 0.251571 0.237570 0.162911 0.022579 0.325369
4 2 0.225978 0.237560 0.174074 0.024650 0.337738
4 4 0.214955 0.236358 0.182337 0.028371 0.337979
4 4 0.209489 0.235179 0.187918 0.031819 0.335595
0 4 0.311949 0.229413 0.153519 0.032343 0.272777
0 4 0.354690 0.224255 0.139533 0.030726 0.250797
4 4 0.256236 0.235400 0.168111 0.028517 0.311736
4 4 0.221405 0.237065 0.177617 0.026254 0.337659
4 4 0.215079 0.237942 0.176240 0.023394 0.347346
4 4 0.172972 0.236124 0.190659 0.022554 0.377691
