0 0 0.654303 0.106505 0.113531 0.060645 0.065016
0 0 0.715467 0.091336 0.092877 0.045603 0.054717
0 0 0.788943 0.075559 0.069088 0.026833 0.039577
0 0 0.452025 0.160987 0.148270 0.023238 0.215481
0 0 0.429653 0.196432 0.175900 0.028345 0.169670
4 1 0.259019 0.203008 0.195250 0.025293 0.317430
4 1 0.149905 0.172010 0.183265 0.023043 0.471777
4 1 0.083308 0.135857 0.162849 0.022323 0.595664
4 1 0.085866 0.138552 0.167540 0.024316 0.583726
4 1 0.089536 0.142311 0.174243 0.027430 0.566479
4 1 0.081798 0.168782 0.238585 0.033989 0.476846
4 1 0.075715 0.185945 0.291344 0.039842 0.407154
2 1 0.063054 0.173847 0.448115 0.087313 0.227671
2 1 0.048325 0.092201 0.529212 0.230933 0.099328
3 2 0.043691 0.038099 0.421765 0.449306 0.047139
3 2 0.045929 0.016920 0.254687 0.658686 0.023777
3 2 0.039175 0.010236 0.195617 0.741220 0.013752
3 2 0.044559 0.012979 0.213543 0.711242 0.017678
3 2 0.069762 0.037294 0.316117 0.521915 0.054912
2 2 0.055365 0.124947 0.508054 0.189640 0.121993
2 2 0.065857 0.203634 0.492683 0.102370 0.135457
2 2 0.060096 0.217033 0.496484 0.083096 0.143290
2 4 0.051284 0.192377 0.515492 0.092788 0.148059
2 4 0.045287 0.153313 0.552300 0.127061 0.122039
2 4 0.030726 0.109863 0.623065 0.162722 0.073624
2 4 0.018415 0.075683 0.692051 0.168597 0.045253
2 4 0.013797 0.057217 0.715847 0.179038 0.034101
2 1 0.011247 0.047875 0.730421 0.182480 0.027976
2 1 0.017116 0.056739 0.679426 0.205659 0.041061
2 1 0.051442 0.063857 0.477341 0.339872 0.067488
3 1 0.070770 0.039622 0.322848 0.512786 0.053973
3 1 0.061188 0.023002 0.256100 0.627360 0.032350
3 1 0.043816 0.012821 0.214298 0.711588 0.017477
3 1 0.041499 0.012394 0.217656 0.711505 0.016946
3 1 0.053857 0.021520 0.268578 0.625505 0.030539
3 1 0.083725 0.065148 0.363733 0.392595 0.094800
4 1 0.116828 0.160369 0.262973 0.093482 0.366348
4 4 0.128152 0.169064 0.209992 0.045844 0.446949
4 4 0.120601 0.163021 0.195911 0.035234 0.485234
4 4 0.106536 0.154546 0.187835 0.032368 0.518715
4 4 0.092854 0.145597 0.180274 0.030530 0.550744
4 4 0.098349 0.163314 0.219577 0.043766 0.474995
4 4 0.082415 0.192261 0.311167 0.054118 0.360039
2 4 0.074246 0.203145 0.361623 0.060790 0.300195
2 4 0.047558 0.206994 0.500702 0.066270 0.178477
2 4 0.024525 0.135171 0.668023 0.089853 0.082428
2 4 0.011118 0.075521 0.763699 0.120168 0.029494
2 4 0.011088 0.074869 0.763021 0.121908 0.029114
2 2 0.013940 0.095450 0.740615 0.113472 0.036523
2 2 0.011838 0.091111 0.762537 0.101349 0.033165
2 2 0.009595 0.083704 0.790320 0.085781 0.030600
2 2 0.009745 0.083863 0.789522 0.085318 0.031551
2 2 0.013843 0.109174 0.750292 0.079870 0.046820
2 2 0.018964 0.139942 0.701597 0.069199 0.070297
2 2 0.015891 0.136845 0.724317 0.062501 0.060447
2 2 0.011007 0.114161 0.772871 0.060841 0.041119
2 2 0.009491 0.100046 0.791487 0.064568 0.034407
2 2 0.008467 0.087059 0.802487 0.073859 0.028128
2 2 0.008286 0.081398 0.801530 0.083524 0.025262
2 2 0.006943 0.068405 0.812055 0.093005 0.019592
2 2 0.007006 0.061302 0.806886 0.105707 0.019100
2 2 0.007459 0.054570 0.794952 0.123123 0.019896
2 2 0.008231 0.049292 0.776579 0.144484 0.021414
2 2 0.009262 0.045547 0.754123 0.167564 0.023504
2 2 0.010613 0.043807 0.730083 0.189170 0.026327
2 2 0.012242 0.043056 0.705207 0.209759 0.029735
2 2 0.014673 0.042061 0.670592 0.239623 0.033052
2 2 0.015543 0.039344 0.650224 0.262030 0.032859
2 2 0.013653 0.039590 0.675469 0.239316 0.031972
2 2 0.012739 0.041023 0.692452 0.223183 0.030602
2 2 0.011694 0.039143 0.701052 0.219855 0.028257
2 2 0.012795 0.038271 0.682451 0.236016 0.030467
2 3 0.018837 0.033289 0.583658 0.330755 0.033461
3 3 0.028388 0.025290 0.438100 0.474650 0.033571
3 3 0.030832 0.018009 0.348730 0.575443 0.026985
3 3 0.029874 0.014486 0.309184 0.625278 0.021179
3 3 0.030601 0.012569 0.275442 0.663418 0.017970
3 3 0.029924 0.010896 0.252050 0.691797 0.015332
3 3 0.029683 0.010135 0.240029 0.706015 0.014139
3 3 0.030033 0.009073 0.218309 0.730134 0.012451
3 3 0.032202 0.009002 0.205617 0.740960 0.012219
3 3 0.030675 0.007718 0.188438 0.762835 0.010333
3 3 0.028649 0.006468 0.171683 0.784662 0.008538
3 3 0.025606 0.005056 0.152240 0.810538 0.006560
3 3 0.024414 0.004283 0.136851 0.828982 0.005470
3 3 0.023074 0.003701 0.125908 0.842645 0.004672
3 3 0.022131 0.003562 0.126004 0.843803 0.004500
3 3 0.021716 0.003625 0.130061 0.839994 0.004603
3 3 0.022129 0.003751 0.131983 0.837367 0.004771
3 3 0.022274 0.003693 0.129442 0.839907 0.004683
3 3 0.022839 0.003714 0.127417 0.841332 0.004698
3 3 0.023001 0.003773 0.128444 0.840005 0.004777
3 3 0.022864 0.003868 0.132021 0.836328 0.004919
3 3 0.022826 0.003796 0.129992 0.838570 0.004816
3 3 0.022747 0.003477 0.120440 0.848975 0.004361
3 3 0.021563 0.002989 0.109792 0.861956 0.003701
3 3 0.020405 0.002631 0.102349 0.871388 0.003227
3 3 0.019726 0.002540 0.102004 0.872614 0.003116
3 3 0.020268 0.002794 0.108818 0.864662 0.003458
3 3 0.023642 0.003797 0.126222 0.841546 0.004793
3 3 0.032951 0.006815 0.160204 0.791148 0.008882
3 3 0.057150 0.016823 0.214838 0.688281 0.022908
3 3 0.147863 0.056413 0.293862 0.438119 0.063743
2 3 0.145287 0.110768 0.394409 0.253191 0.096345
2 3 0.122954 0.145301 0.429404 0.183015 0.119327
2 3 0.074027 0.154049 0.493997 0.154313 0.123615
2 3 0.037541 0.125956 0.588473 0.159075 0.088955
2 3 0.023704 0.090001 0.660482 0.168348 0.057464
2 3 0.015942 0.056636 0.691395 0.197424 0.038604
2 3 0.017955 0.042543 0.634185 0.267814 0.037503
2 3 0.021567 0.031807 0.545707 0.366902 0.034016
2 3 0.025139 0.028764 0.491183 0.421747 0.033166
2 3 0.026530 0.026592 0.462670 0.452275 0.031933
3 3 0.026605 0.024565 0.445795 0.472026 0.031008
3 3 0.027265 0.024217 0.437698 0.479207 0.031613
3 3 0.028013 0.023148 0.422229 0.495478 0.031132
3 3 0.025975 0.021912 0.427186 0.495966 0.028960
3 3 0.024311 0.018383 0.403793 0.528580 0.024932
3 3 0.026580 0.015637 0.349441 0.585964 0.022379
3 3 0.031467 0.014045 0.292181 0.642006 0.020301
3 3 0.044392 0.014178 0.229217 0.692662 0.019552
3 3 0.051549 0.014700 0.209977 0.703828 0.019946
3 3 0.047442 0.014909 0.226359 0.690784 0.020506
3 3 0.042685 0.017778 0.278073 0.636055 0.025409
3 3 0.037129 0.020864 0.338777 0.572920 0.030309
3 3 0.032613 0.023961 0.395059 0.515982 0.032385
3 3 0.033858 0.021715 0.367105 0.545969 0.031352
3 3 0.033902 0.017977 0.327750 0.593795 0.026576
3 3 0.032797 0.015189 0.299736 0.630219 0.022058
3 3 0.032763 0.014576 0.291565 0.640041 0.021054
3 3 0.035373 0.016626 0.302661 0.621159 0.024180
3 3 0.041448 0.020224 0.309443 0.599359 0.029527
3 3 0.055255 0.032834 0.342660 0.521925 0.047326
2 3 0.067698 0.063969 0.428237 0.363339 0.076756
2 3 0.055632 0.117302 0.555786 0.177748 0.093532
2 3 0.041404 0.136001 0.604882 0.136142 0.081572
2 3 0.027627 0.126804 0.643741 0.133552 0.068276
2 3 0.032505 0.127570 0.615640 0.145636 0.078650
2 3 0.023014 0.087440 0.663963 0.169761 0.055823
2 3 0.019939 0.065228 0.666568 0.200624 0.047641
2 3 0.016807 0.046636 0.659564 0.240216 0.036777
2 3 0.016524 0.039952 0.640705 0.269005 0.033814
2 3 0.013632 0.037729 0.668778 0.249114 0.030747
2 3 0.011664 0.037281 0.695077 0.227947 0.028032
2 3 0.011046 0.037164 0.703936 0.221123 0.026731
2 3 0.011338 0.035121 0.691609 0.235438 0.026494
2 3 0.015896 0.030858 0.605209 0.318831 0.029207
2 3 0.022038 0.026957 0.508082 0.411499 0.031424
3 3 0.033136 0.022574 0.380337 0.531029 0.032923
3 3 0.034067 0.024097 0.387462 0.520061 0.034312
2 3 0.028694 0.027747 0.454631 0.453677 0.035251
2 3 0.021649 0.034874 0.562198 0.345413 0.035867
2 3 0.021088 0.042406 0.601301 0.296385 0.038819
2 3 0.024547 0.049073 0.592736 0.289022 0.044622
2 3 0.025014 0.052567 0.598867 0.276347 0.047206
2 3 0.021717 0.055180 0.633045 0.244278 0.045779
2 2 0.017493 0.061635 0.683950 0.194669 0.042253
2 2 0.012051 0.062358 0.742683 0.152275 0.030634
2 2 0.008183 0.059233 0.788723 0.122094 0.021768
2 2 0.006639 0.055564 0.808461 0.111315 0.018021
2 2 0.006515 0.050326 0.805444 0.120189 0.017526
2 2 0.007444 0.044248 0.780867 0.148060 0.019381
2 2 0.009098 0.037932 0.737637 0.192682 0.022651
2 2 0.011272 0.036527 0.698117 0.227225 0.026859
2 2 0.021640 0.042975 0.597410 0.302322 0.035652
2 0 0.176302 0.092110 0.379916 0.278465 0.073207
0 0 0.498448 0.102287 0.173169 0.150831 0.075265
0 0 0.725531 0.074841 0.085430 0.075242 0.038956
0 0 0.852301 0.039369 0.043087 0.050313 0.014930
0 0 0.911285 0.024585 0.025226 0.031679 0.007226
0 0 0.921649 0.022031 0.022203 0.028028 0.006089
0 0 0.927365 0.022305 0.021415 0.023080 0.005834
0 0 0.931607 0.023390 0.021082 0.018161 0.005759
0 0 0.906537 0.035631 0.030524 0.017718 0.009589
0 0 0.846472 0.063020 0.051739 0.018826 0.019943
0 0 0.826105 0.075749 0.058512 0.015729 0.023905
0 0 0.768598 0.099107 0.077933 0.018587 0.035774
0 1 0.661338 0.134502 0.114439 0.027722 0.062000
0 1 0.423724 0.199487 0.188691 0.039997 0.148102
0 0 0.468705 0.193027 0.176430 0.036887 0.124950
0 0 0.681437 0.123102 0.108076 0.030773 0.056612
0 0 0.653973 0.142372 0.116102 0.023707 0.063846
0 0 0.606689 0.160867 0.131204 0.024199 0.077040
0 0 0.347578 0.209494 0.190641 0.026500 0.225788
0 0 0.434697 0.195696 0.177028 0.030443 0.162137
0 0 0.329411 0.195478 0.184491 0.026400 0.264220
0 0 0.310005 0.202034 0.192815 0.028175 0.266971
4 1 0.256831 0.205099 0.210162 0.036077 0.291830
4 1 0.212342 0.197901 0.220922 0.046427 0.322408
4 1 0.160787 0.190417 0.235794 0.053585 0.359417
2 1 0.082163 0.205484 0.357948 0.065558 0.288848
2 1 0.049098 0.215697 0.474088 0.055460 0.205657
2 2 0.034716 0.211047 0.557863 0.053073 0.143301
2 2 0.024534 0.164406 0.651068 0.063153 0.096839
2 2 0.019288 0.129734 0.704245 0.077057 0.069676
2 2 0.017946 0.120625 0.716831 0.081810 0.062788
2 2 0.012347 0.097781 0.761622 0.090601 0.037648
2 2 0.011479 0.090621 0.767586 0.097043 0.033273
2 2 0.011339 0.081160 0.764290 0.112547 0.030664
2 2 0.012083 0.080671 0.760560 0.112242 0.034444
2 2 0.008814 0.067390 0.788295 0.111139 0.024362
2 2 0.006746 0.058376 0.810465 0.105632 0.018781
2 2 0.005257 0.048704 0.825751 0.105795 0.014494
2 2 0.004955 0.045835 0.828515 0.107026 0.013670
2 2 0.005040 0.047071 0.828194 0.105779 0.013916
2 2 0.005267 0.052524 0.828779 0.098786 0.014644
2 2 0.005385 0.059072 0.836591 0.082166 0.016786
2 2 0.005416 0.062238 0.839781 0.074588 0.017977
2 2 0.005844 0.062459 0.832317 0.080676 0.018705
2 2 0.006397 0.060134 0.821156 0.093019 0.019293
2 2 0.007179 0.057970 0.805491 0.109086 0.020275
2 2 0.007790 0.058436 0.795691 0.116698 0.021385
2 2 0.007753 0.059411 0.794908 0.117146 0.020781
2 2 0.009410 0.067751 0.780798 0.116367 0.025675
2 2 0.010455 0.068419 0.766574 0.127174 0.027378
2 2 0.012948 0.068792 0.738896 0.146387 0.032978
2 2 0.017001 0.070501 0.699918 0.170703 0.041877
2 2 0.021712 0.065093 0.651297 0.211961 0.049937
2 2 0.021390 0.051837 0.627947 0.254705 0.044120
2 2 0.016564 0.044888 0.657152 0.245168 0.036229
2 2 0.010376 0.044919 0.736166 0.182645 0.025894
2 2 0.007003 0.046161 0.791645 0.136718 0.018473
2 2 0.005332 0.045010 0.820236 0.114884 0.014539
2 2 0.005585 0.044913 0.815286 0.119084 0.015132
2 2 0.006323 0.042586 0.797827 0.136517 0.016747
2 2 0.008295 0.041720 0.761216 0.167625 0.021143
2 2 0.010682 0.039485 0.717127 0.206551 0.026154
2 2 0.015386 0.036398 0.639867 0.277682 0.030667
2 2 0.023326 0.035360 0.547882 0.358128 0.035303
2 2 0.028847 0.034732 0.497403 0.400925 0.038094
2 2 0.024950 0.033853 0.524906 0.380608 0.035683
2 2 0.019966 0.032953 0.568917 0.345188 0.032977
2 2 0.016090 0.037105 0.634495 0.279473 0.032836
2 2 0.014287 0.040952 0.671952 0.239062 0.033746
2 2 0.013926 0.040965 0.676611 0.235449 0.033049
2 2 0.012976 0.037812 0.678279 0.240138 0.030795
2 2 0.012501 0.035468 0.675891 0.246550 0.029590
2 2 0.012767 0.033800 0.664455 0.260496 0.028482
2 2 0.014023 0.032280 0.638580 0.286796 0.028321
2 2 0.014844 0.031072 0.620340 0.305725 0.028021
2 2 0.015931 0.032213 0.612145 0.310548 0.029163
2 2 0.015705 0.037469 0.640385 0.275358 0.031082
2 2 0.013521 0.042546 0.686632 0.226446 0.030854
2 2 0.010828 0.043743 0.726807 0.191837 0.026785
2 2 0.010154 0.042637 0.733940 0.188010 0.025258
2 2 0.010867 0.042733 0.723653 0.195953 0.026793
2 2 0.014595 0.044928 0.680269 0.226194 0.034014
2 2 0.017745 0.047453 0.651775 0.244992 0.038035
2 2 0.016509 0.050873 0.673649 0.220357 0.038612
2 2 0.014675 0.053160 0.698757 0.197743 0.035664
2 2 0.012923 0.052758 0.718520 0.183883 0.031916
2 2 0.014167 0.056854 0.711093 0.183020 0.034866
2 2 0.022686 0.074435 0.655614 0.194335 0.052929
2 2 0.021600 0.068870 0.658084 0.203003 0.048442
2 2 0.017919 0.062441 0.681070 0.195363 0.043208
2 2 0.014451 0.052323 0.699646 0.198453 0.035127
2 2 0.014669 0.053297 0.699088 0.197282 0.035663
2 2 0.017057 0.055976 0.678591 0.207503 0.040873
2 2 0.021017 0.058648 0.645907 0.225188 0.049240
2 2 0.029053 0.055761 0.576184 0.284030 0.054973
2 2 0.031533 0.047552 0.534738 0.335026 0.051150
2 2 0.026730 0.039966 0.541199 0.348906 0.043199
2 2 0.020479 0.035225 0.575984 0.332924 0.035388
2 2 0.014520 0.035885 0.649105 0.270051 0.030439
2 2 0.010968 0.039366 0.712448 0.210467 0.026750
2 2 0.008982 0.046014 0.759336 0.162753 0.022915
2 2 0.009493 0.061420 0.773038 0.131184 0.024865
2 2 0.011855 0.085250 0.763778 0.105008 0.034109
2 2 0.020549 0.134244 0.693729 0.080784 0.070695
2 2 0.022326 0.154128 0.673033 0.073195 0.077317
2 2 0.022323 0.152277 0.673917 0.073157 0.078326
2 2 0.018408 0.115890 0.711493 0.098771 0.055438
2 2 0.020153 0.085297 0.687353 0.155872 0.051325
2 2 0.020079 0.065346 0.665501 0.201134 0.047940
2 2 0.026680 0.065571 0.613531 0.238325 0.055893
2 2 0.099945 0.129258 0.442928 0.205311 0.122558
2 2 0.166473 0.207417 0.328648 0.108587 0.188876
4 2 0.223583 0.207102 0.249169 0.068991 0.251155
0 2 0.345172 0.205935 0.210214 0.049109 0.189570
0 2 0.418185 0.203775 0.192472 0.041028 0.144540
0 2 0.330451 0.211711 0.211313 0.043290 0.203235
0 2 0.360542 0.211895 0.204082 0.039610 0.183871
0 2 0.532689 0.165382 0.155093 0.039387 0.107450
0 0 0.508351 0.168103 0.161214 0.041403 0.120928
0 0 0.379026 0.196260 0.194505 0.041787 0.188421
0 0 0.311555 0.210906 0.217939 0.048962 0.210638
2 0 0.191938 0.247331 0.351216 0.062500 0.147014
2 0 0.059129 0.235691 0.537861 0.060508 0.106812
2 1 0.023568 0.178080 0.651978 0.065113 0.081262
2 1 0.011508 0.095428 0.772725 0.081987 0.038352
2 0 0.009907 0.078574 0.787272 0.092763 0.031484
2 0 0.013565 0.096356 0.754417 0.091475 0.044187
2 0 0.027351 0.143293 0.648007 0.093018 0.088330
2 0 0.075526 0.213014 0.454692 0.082264 0.174504
2 0 0.132129 0.225505 0.350488 0.071521 0.220357
0 0 0.264531 0.207077 0.220834 0.047300 0.260259
0 0 0.299336 0.209950 0.207342 0.035602 0.247770
4 0 0.213547 0.197967 0.219026 0.044398 0.325062
4 0 0.117626 0.199450 0.283349 0.051370 0.348205
2 0 0.065905 0.209428 0.399281 0.059937 0.265449
2 0 0.047422 0.215818 0.491372 0.060070 0.185318
2 0 0.029997 0.172066 0.619380 0.077820 0.100737
2 1 0.046102 0.197162 0.538723 0.083959 0.134054
2 0 0.088015 0.239729 0.475133 0.072853 0.124271
2 0 0.069017 0.236075 0.516456 0.070011 0.108441
2 0 0.045264 0.222806 0.568816 0.067924 0.095190
2 0 0.033991 0.194374 0.588184 0.077930 0.105521
2 1 0.026641 0.153924 0.647711 0.090994 0.080731
2 1 0.031560 0.157625 0.618771 0.092796 0.099248
2 1 0.035493 0.180001 0.587420 0.084267 0.112819
2 1 0.050528 0.215231 0.481676 0.064766 0.187799
2 1 0.054373 0.213409 0.437329 0.051885 0.243006
2 1 0.060887 0.204367 0.372574 0.041953 0.320219
2 1 0.056652 0.208370 0.397401 0.042391 0.295186
2 1 0.045430 0.208234 0.482147 0.048886 0.215302
2 1 0.028293 0.178717 0.618918 0.060998 0.113074
2 1 0.020272 0.155915 0.684909 0.069452 0.069453
2 2 0.015083 0.129058 0.730885 0.079135 0.045839
2 2 0.008177 0.084483 0.797526 0.087146 0.022668
2 2 0.005857 0.063488 0.824759 0.089481 0.016415
2 2 0.004906 0.051391 0.834401 0.095568 0.013734
2 2 0.004863 0.046522 0.831022 0.104119 0.013474
2 2 0.004865 0.041045 0.824102 0.116705 0.013283
2 2 0.005641 0.040295 0.806876 0.132116 0.015072
2 2 0.007143 0.039161 0.775465 0.159795 0.018435
2 2 0.008713 0.039557 0.748778 0.181028 0.021925
2 2 0.009538 0.039780 0.735837 0.191114 0.023730
2 2 0.008202 0.040999 0.761090 0.168815 0.020894
2 2 0.006857 0.042699 0.788250 0.144220 0.017974
2 2 0.005869 0.044548 0.809443 0.124357 0.015782
2 2 0.005632 0.047068 0.817133 0.114843 0.015325
2 2 0.006236 0.054875 0.814302 0.107544 0.017043
2 2 0.008037 0.070451 0.797088 0.102556 0.021868
2 2 0.009390 0.086586 0.784174 0.094216 0.025634
2 2 0.011168 0.100434 0.766208 0.091630 0.030560
2 2 0.011980 0.098503 0.758429 0.098949 0.032140
2 2 0.011649 0.083526 0.760204 0.113843 0.030777
2 2 0.010792 0.065880 0.760752 0.134557 0.028019
2 2 0.009346 0.051553 0.763463 0.151601 0.024036
2 2 0.008163 0.041689 0.763371 0.165929 0.020848
2 2 0.008267 0.038593 0.753781 0.178470 0.020889
2 2 0.009163 0.038726 0.738926 0.190340 0.022846
2 2 0.010171 0.039454 0.724886 0.200425 0.025064
2 2 0.011321 0.039876 0.708830 0.212438 0.027535
2 2 0.013991 0.041326 0.676947 0.234517 0.033218
2 2 0.019499 0.040808 0.611532 0.288616 0.039544
2 2 0.024954 0.036850 0.541709 0.356044 0.040442
2 2 0.023120 0.034703 0.547218 0.357525 0.037433
2 2 0.018389 0.036127 0.603270 0.307155 0.035059
2 2 0.013980 0.038669 0.667867 0.247030 0.032454
2 2 0.011923 0.038684 0.696205 0.224493 0.028696
2 2 0.011484 0.037974 0.700181 0.222643 0.027718
2 2 0.012571 0.037037 0.681051 0.239454 0.029887
2 2 0.014830 0.034914 0.641141 0.276967 0.032149
2 2 0.017711 0.032489 0.592615 0.324057 0.033128
2 2 0.018942 0.032399 0.577699 0.337384 0.033577
2 2 0.021067 0.033674 0.562041 0.347180 0.036037
2 2 0.020808 0.034599 0.569677 0.338535 0.036381
2 2 0.016929 0.039538 0.634632 0.273447 0.035454
2 2 0.018943 0.053329 0.654463 0.231145 0.042120
2 2 0.051513 0.061674 0.467092 0.357319 0.062401
3 2 0.035845 0.026158 0.392682 0.509124 0.036191
3 2 0.033403 0.016603 0.314283 0.611375 0.024336
3 2 0.033001 0.014892 0.294456 0.636100 0.021551
3 2 0.026663 0.009135 0.239977 0.711466 0.012759
3 2 0.026789 0.007338 0.201050 0.754878 0.009946
3 2 0.026402 0.006132 0.175227 0.784110 0.008130
3 2 0.025087 0.005216 0.159054 0.803826 0.006816
3 3 0.024737 0.005027 0.155823 0.807864 0.006549
3 3 0.024443 0.005021 0.157173 0.806813 0.006550
3 3 0.024652 0.005265 0.162631 0.800545 0.006905
3 3 0.024870 0.005314 0.162756 0.800091 0.006969
3 3 0.024659 0.005114 0.158564 0.804981 0.006681
3 3 0.023463 0.004344 0.143244 0.823358 0.005591
3 3 0.022364 0.003698 0.129176 0.840074 0.004688
3 3 0.021529 0.003279 0.119647 0.851434 0.004112
3 3 0.021437 0.003105 0.114277 0.857312 0.003868
3 3 0.020930 0.002858 0.108090 0.864591 0.003532
3 3 0.020451 0.002638 0.102389 0.871286 0.003236
3 3 0.019904 0.002451 0.097904 0.876753 0.002988
3 3 0.019348 0.002396 0.098218 0.877114 0.002924
3 3 0.019326 0.002496 0.102141 0.872974 0.003064
3 3 0.020059 0.002737 0.107739 0.866081 0.003384
3 3 0.020474 0.002895 0.111477 0.861557 0.003596
3 3 0.021444 0.003118 0.114684 0.856868 0.003886
3 3 0.022041 0.003187 0.114276 0.856528 0.003968
3 3 0.022730 0.003195 0.111590 0.858522 0.003963
3 3 0.022064 0.002920 0.105378 0.866044 0.003593
3 3 0.021514 0.002683 0.099573 0.872954 0.003276
3 3 0.021273 0.002524 0.094965 0.878178 0.003060
3 3 0.020703 0.002352 0.091040 0.883068 0.002836
3 3 0.020101 0.002155 0.086036 0.889129 0.002579
3 3 0.018694 0.001855 0.079531 0.897724 0.002197
3 3 0.017687 0.001727 0.078003 0.900542 0.002042
3 3 0.017880 0.001958 0.087054 0.890756 0.002351
3 3 0.021735 0.003436 0.123847 0.846651 0.004331
3 3 0.032510 0.009739 0.217315 0.727094 0.013343
3 3 0.042089 0.038926 0.433351 0.441720 0.043914
2 3 0.044675 0.127723 0.610951 0.139047 0.077604
2 3 0.057455 0.207699 0.564453 0.083089 0.087304
2 2 0.043233 0.215867 0.568205 0.074804 0.097891
2 2 0.025381 0.176853 0.642138 0.067973 0.087654
2 2 0.016870 0.135650 0.718018 0.064009 0.065452
2 2 0.017882 0.129379 0.713411 0.063831 0.075497
2 2 0.028700 0.148507 0.623391 0.061145 0.138257
2 2 0.049858 0.177137 0.431461 0.042582 0.298961
4 2 0.065179 0.179452 0.290423 0.029783 0.435163
4 2 0.074693 0.153411 0.203620 0.023324 0.544952
4 4 0.078439 0.130561 0.153880 0.018892 0.618228
4 4 0.075756 0.127549 0.148914 0.017187 0.630593
4 4 0.069389 0.120140 0.137065 0.013609 0.659798
4 4 0.065702 0.115679 0.130162 0.011807 0.676650
4 4 0.069653 0.120454 0.137558 0.013745 0.658590
4 4 0.070548 0.134915 0.165234 0.016750 0.612552
4 4 0.069943 0.147995 0.193356 0.019481 0.569226
4 4 0.071513 0.137967 0.171124 0.017788 0.601608
4 4 0.068585 0.119177 0.135561 0.013199 0.663479
4 4 0.061530 0.110478 0.122314 0.009983 0.695694
4 4 0.060967 0.109763 0.121251 0.009753 0.698266
4 4 0.058320 0.106363 0.116248 0.008722 0.710347
4 4 0.053064 0.099408 0.106267 0.006900 0.734360
4 4 0.050076 0.095328 0.100564 0.005989 0.748042
4 4 0.045722 0.089211 0.092216 0.004809 0.768043
4 4 0.039276 0.079755 0.079769 0.003355 0.797845
4 4 0.038093 0.077963 0.077471 0.003123 0.803350
4 4 0.043953 0.086665 0.088811 0.004377 0.776195
4 4 0.043479 0.085977 0.087897 0.004265 0.778381
4 4 0.044686 0.087724 0.090222 0.004553 0.772814
4 4 0.041774 0.083478 0.084604 0.003879 0.786265
4 4 0.037997 0.077816 0.077285 0.003105 0.803797
4 4 0.038550 0.078657 0.078360 0.003212 0.801221
4 4 0.045259 0.088548 0.091325 0.004693 0.770176
4 4 0.054844 0.101795 0.109655 0.007485 0.726221
4 4 0.059896 0.108396 0.119229 0.009326 0.703153
4 0 0.069588 0.120376 0.137436 0.013711 0.658889
4 1 0.079120 0.131314 0.155137 0.019345 0.615084
4 1 0.083904 0.168563 0.237227 0.035445 0.474861
2 1 0.069506 0.199913 0.346854 0.047149 0.336577
2 1 0.062119 0.214850 0.428867 0.060157 0.234007
2 1 0.077091 0.202400 0.344690 0.052200 0.323619
4 0 0.150985 0.187532 0.226828 0.041721 0.392934
4 0 0.097501 0.149801 0.187676 0.034613 0.530409
4 1 0.086644 0.139359 0.168963 0.024950 0.580085
4 1 0.079872 0.132142 0.156526 0.019855 0.611605
4 1 0.075093 0.126794 0.147683 0.016784 0.633646
4 4 0.063712 0.113218 0.126422 0.010910 0.685738
4 4 0.071356 0.122468 0.140734 0.014648 0.650795
4 4 0.078327 0.130436 0.153672 0.018818 0.618747
4 4 0.088428 0.141189 0.172222 0.026456 0.571705
4 4 0.083443 0.148035 0.188285 0.026192 0.554045
4 4 0.077350 0.164645 0.229686 0.028959 0.499361
4 4 0.078362 0.169820 0.242723 0.032025 0.477070
4 4 0.126880 0.186357 0.245922 0.048671 0.392170
4 4 0.250809 0.205185 0.221078 0.046835 0.276093
4 0 0.243067 0.204045 0.222551 0.048275 0.282062
4 1 0.226344 0.201137 0.224132 0.049868 0.298518
4 1 0.228899 0.201530 0.222709 0.048205 0.298657
4 1 0.253986 0.205740 0.222960 0.049243 0.268071
4 1 0.240149 0.203736 0.226453 0.053060 0.276602
2 1 0.205496 0.216494 0.265317 0.055806 0.256887
4 1 0.187136 0.214072 0.264665 0.050355 0.283772
4 1 0.216125 0.208081 0.236910 0.045983 0.292901
2 0 0.157118 0.223476 0.305614 0.053336 0.260457
2 1 0.116489 0.230378 0.370293 0.060374 0.222466
2 1 0.087914 0.235210 0.436525 0.061753 0.178599
2 1 0.070913 0.227829 0.450263 0.060190 0.190804
2 1 0.049745 0.215578 0.477431 0.059311 0.197935
2 1 0.048278 0.215863 0.480566 0.056475 0.198817
2 1 0.039291 0.203783 0.544441 0.063227 0.149259
2 1 0.026498 0.167656 0.641344 0.075089 0.089413
2 1 0.027888 0.169159 0.633281 0.079436 0.090236
2 1 0.034729 0.189667 0.585339 0.076948 0.113317
2 1 0.045736 0.205462 0.508367 0.064282 0.176152
2 1 0.043774 0.194375 0.521554 0.064606 0.175691
2 1 0.060410 0.204088 0.418662 0.057825 0.259015
4 1 0.073579 0.197467 0.334634 0.049253 0.345068
4 1 0.084661 0.165340 0.228623 0.034274 0.487103
4 1 0.082691 0.152627 0.198783 0.027426 0.538474
4 1 0.079113 0.131307 0.155125 0.019341 0.615114
4 1 0.079100 0.131292 0.155101 0.019332 0.615176
4 1 0.083158 0.135697 0.162574 0.022210 0.596362
4 1 0.097133 0.149673 0.188008 0.034977 0.530209
4 0 0.185258 0.188243 0.203753 0.032715 0.390030
4 0 0.247476 0.203794 0.211891 0.037418 0.299421
4 0 0.243529 0.204222 0.224633 0.050838 0.276778
2 0 0.150649 0.216228 0.297239 0.056496 0.279388
2 0 0.074298 0.219955 0.411031 0.058773 0.235944
2 0 0.043053 0.216519 0.501836 0.051581 0.187010
2 1 0.025752 0.163792 0.638642 0.057485 0.114329
2 1 0.012830 0.108728 0.760840 0.068893 0.048710
2 1 0.006911 0.076068 0.820739 0.073393 0.022889
2 1 0.006000 0.069745 0.831989 0.072430 0.019836
2 1 0.004487 0.055607 0.848614 0.077434 0.013858
2 1 0.004345 0.050223 0.847151 0.085336 0.012945
2 1 0.003654 0.043293 0.853011 0.089616 0.010426
2 1 0.004052 0.045405 0.846288 0.092786 0.011468
2 1 0.004965 0.050783 0.833111 0.097239 0.013903
2 1 0.007099 0.063575 0.809670 0.099399 0.020257
2 1 0.009516 0.080967 0.782247 0.101538 0.025732
2 1 0.036776 0.168789 0.666803 0.074900 0.052731
2 0 0.090247 0.259498 0.523866 0.050103 0.076287
2 1 0.075495 0.252966 0.548049 0.051489 0.072001
2 1 0.049002 0.216592 0.614468 0.059287 0.060651
2 1 0.026764 0.159318 0.697561 0.071669 0.044688
2 1 0.015024 0.115447 0.754609 0.082370 0.032549
2 2 0.009843 0.091063 0.785408 0.088243 0.025443
2 2 0.007045 0.073571 0.810546 0.089236 0.019602
2 2 0.005985 0.063760 0.822926 0.090592 0.016737
2 2 0.005029 0.054135 0.833968 0.092749 0.014119
2 2 0.004606 0.050226 0.839102 0.093096 0.012969
2 2 0.004586 0.048608 0.838282 0.095655 0.012869
2 2 0.005087 0.052301 0.831784 0.096625 0.014203
2 2 0.006858 0.064981 0.810779 0.098505 0.018877
2 2 0.009005 0.079917 0.795379 0.092800 0.022898
2 2 0.008521 0.078414 0.793155 0.096617 0.023292
2 2 0.007615 0.068980 0.802015 0.100572 0.020817
2 2 0.006173 0.057632 0.817210 0.101994 0.016991
2 2 0.005557 0.052198 0.823498 0.103417 0.015330
2 2 0.005402 0.048259 0.822660 0.108856 0.014823
2 2 0.005944 0.048459 0.813137 0.116348 0.016113
2 2 0.005962 0.047246 0.811369 0.119315 0.016109
2 2 0.005206 0.043440 0.820612 0.116561 0.014181
2 2 0.004897 0.039787 0.821413 0.120592 0.013311
2 2 0.005236 0.037613 0.810102 0.133036 0.014014
2 2 0.006040 0.036652 0.790951 0.150543 0.015814
2 2 0.006580 0.036817 0.780403 0.159155 0.017044
2 2 0.006900 0.039132 0.779953 0.156129 0.017886
2 2 0.006768 0.041538 0.787619 0.146361 0.017713
2 2 0.007114 0.043932 0.785980 0.144355 0.018618
2 2 0.007878 0.045879 0.776584 0.149216 0.020443
2 2 0.009087 0.045690 0.757095 0.165003 0.023126
2 2 0.010244 0.045751 0.739954 0.178389 0.025662
2 2 0.010882 0.045101 0.729333 0.187688 0.026996
2 2 0.010732 0.044056 0.728972 0.189640 0.026600
2 2 0.010435 0.041870 0.727713 0.194174 0.025807
2 2 0.010033 0.039664 0.727666 0.197852 0.024784
2 2 0.009650 0.039961 0.734566 0.191840 0.023983
2 2 0.010011 0.041561 0.733322 0.190233 0.024873
2 2 0.009354 0.047223 0.756028 0.163588 0.023807
2 2 0.014379 0.071090 0.725960 0.152317 0.036254
2 2 0.048056 0.172508 0.571966 0.113518 0.093951
2 2 0.019550 0.096399 0.714189 0.126599 0.043263
2 2 0.016838 0.090147 0.714291 0.135987 0.042737
2 2 0.013493 0.074145 0.737242 0.140640 0.034479
2 2 0.009409 0.045113 0.750972 0.170705 0.023801
2 2 0.010633 0.044819 0.732224 0.185883 0.026441
2 2 0.014088 0.054065 0.707171 0.190183 0.034493
2 2 0.039596 0.103034 0.634988 0.156873 0.065509
0 2 0.497453 0.163016 0.168763 0.059754 0.111014
0 2 0.568271 0.153509 0.145902 0.043377 0.088941
0 0 0.387905 0.206364 0.193076 0.034892 0.177762
0 0 0.268190 0.207458 0.219025 0.045418 0.259909
4 0 0.157699 0.199066 0.251635 0.050340 0.341259
4 0 0.078656 0.168188 0.238280 0.031435 0.483442
4 0 0.065967 0.164763 0.235621 0.022201 0.511448
2 2 0.050108 0.207455 0.398854 0.033036 0.310547
2 2 0.039395 0.194720 0.503767 0.041793 0.220326
2 2 0.036558 0.185666 0.539040 0.047329 0.191407
2 2 0.028925 0.167630 0.611645 0.055201 0.136599
2 2 0.023629 0.151218 0.660461 0.060268 0.104424
2 2 0.016351 0.121779 0.728627 0.068798 0.064445
2 2 0.012140 0.096034 0.768262 0.081794 0.041769
2 2 0.010737 0.083374 0.777145 0.096053 0.032690
2 2 0.011315 0.077327 0.767933 0.110769 0.032656
2 2 0.012858 0.076054 0.751867 0.122730 0.036491
2 2 0.012885 0.075753 0.746223 0.131154 0.033985
2 2 0.013790 0.088411 0.741381 0.120201 0.036217
2 2 0.012818 0.093607 0.755942 0.100323 0.037310
2 2 0.012330 0.095099 0.764363 0.088601 0.039606
2 2 0.008619 0.080197 0.801105 0.082139 0.027941
2 2 0.007046 0.072632 0.818552 0.078948 0.022822
2 2 0.006004 0.066055 0.831779 0.076444 0.019718
2 2 0.005028 0.057165 0.841943 0.080007 0.015857
2 2 0.004844 0.051912 0.839978 0.088776 0.014489
2 2 0.005543 0.049718 0.821558 0.107970 0.015212
2 2 0.006587 0.047043 0.800101 0.128714 0.017556
2 2 0.007918 0.044003 0.772417 0.155228 0.020433
2 2 0.008920 0.041382 0.750085 0.177117 0.022496
2 2 0.010023 0.043044 0.736937 0.184994 0.025002
2 2 0.011770 0.047751 0.723139 0.188250 0.029091
2 2 0.014209 0.051447 0.700664 0.199132 0.034548
2 2 0.017289 0.050227 0.663749 0.227905 0.040830
2 2 0.021220 0.046367 0.613936 0.274556 0.043920
2 2 0.022229 0.042580 0.591373 0.301573 0.042245
2 2 0.020155 0.042500 0.611044 0.286864 0.039437
2 2 0.018227 0.042485 0.630972 0.271196 0.037120
2 2 0.016409 0.043920 0.655906 0.248106 0.035660
2 2 0.015497 0.046812 0.674800 0.226845 0.036046
2 2 0.014502 0.049231 0.692375 0.208909 0.034983
2 2 0.013448 0.049509 0.705620 0.198631 0.032791
2 2 0.011829 0.046695 0.719998 0.192339 0.029140
2 2 0.010817 0.045663 0.731546 0.185077 0.026897
2 2 0.010033 0.044726 0.740763 0.179341 0.025137
2 2 0.010043 0.045610 0.742573 0.176557 0.025217
2 2 0.010724 0.048111 0.738087 0.176219 0.026859
2 2 0.013400 0.055098 0.716960 0.181439 0.033103
2 2 0.016212 0.056278 0.687908 0.200462 0.039140
2 3 0.018484 0.053814 0.659808 0.224280 0.043615
2 3 0.020527 0.045111 0.616505 0.276208 0.041649
2 3 0.023539 0.043181 0.581687 0.307964 0.043630
2 3 0.024075 0.038672 0.558202 0.337925 0.041125
2 3 0.022572 0.037670 0.567454 0.332789 0.039514
2 3 0.022363 0.038477 0.573230 0.325685 0.040245
2 3 0.019225 0.046260 0.633053 0.259161 0.042301
2 3 0.016821 0.055449 0.680009 0.207383 0.040338
2 3 0.014095 0.068683 0.726716 0.155016 0.035490
2 3 0.017531 0.102011 0.717313 0.113159 0.049986
2 3 0.028392 0.160766 0.634643 0.084633 0.091566
2 3 0.040330 0.207006 0.539115 0.064621 0.148928
2 2 0.045765 0.216234 0.483364 0.050548 0.204089
2 2 0.055683 0.209854 0.407425 0.043753 0.283284
2 2 0.063022 0.201844 0.359082 0.041369 0.334684
4 2 0.066292 0.197273 0.337370 0.040120 0.358945
4 2 0.067560 0.195965 0.331394 0.040217 0.364865
2 2 0.067547 0.201681 0.355810 0.047009 0.327953
2 2 0.065243 0.205002 0.373452 0.049086 0.307218
2 2 0.053650 0.212809 0.431334 0.047946 0.254260
2 2 0.038269 0.216669 0.521214 0.046234 0.177614
2 2 0.026107 0.197517 0.612251 0.046315 0.117810
2 2 0.014217 0.135664 0.736781 0.054501 0.058836
2 2 0.008483 0.089293 0.804009 0.068144 0.030072
2 2 0.005937 0.065423 0.830088 0.080011 0.018541
2 2 0.005135 0.057418 0.836590 0.085722 0.015135
2 2 0.005137 0.053993 0.833186 0.093054 0.014630
2 2 0.005203 0.051734 0.829320 0.099278 0.014465
2 2 0.006237 0.053959 0.813546 0.109245 0.017013
2 2 0.006545 0.055498 0.809878 0.110282 0.017797
2 2 0.006511 0.053214 0.808450 0.114193 0.017632
2 2 0.006181 0.052232 0.812959 0.111813 0.016815
2 2 0.008023 0.059998 0.791574 0.118975 0.021430
2 2 0.010837 0.077251 0.771526 0.109627 0.030759
2 2 0.016747 0.109915 0.728840 0.086097 0.058402
2 2 0.023543 0.143277 0.667371 0.066867 0.098942
2 2 0.034044 0.178805 0.572384 0.055074 0.159693
2 2 0.051764 0.208753 0.455047 0.053366 0.231071
2 2 0.098604 0.227193 0.383251 0.057215 0.233737
0 2 0.309641 0.208223 0.211869 0.043017 0.227249
0 0 0.580205 0.146629 0.140042 0.041864 0.091259
0 0 0.690922 0.112753 0.102711 0.031921 0.061694
0 0 0.654613 0.129730 0.115289 0.030786 0.069582
0 0 0.402218 0.197032 0.180764 0.029436 0.190551
4 0 0.187590 0.186092 0.190825 0.024364 0.411129
4 0 0.065715 0.115695 0.130185 0.011813 0.676592
4 1 0.064333 0.113990 0.127590 0.011185 0.682902
4 4 0.065516 0.115450 0.129811 0.011721 0.677503
4 4 0.073558 0.125032 0.144832 0.015880 0.640698
4 4 0.101694 0.145380 0.161245 0.018188 0.573493
4 0 0.305074 0.179364 0.171767 0.022600 0.321195
0 0 0.390287 0.188692 0.171802 0.024579 0.224640
0 0 0.289361 0.207419 0.195789 0.026198 0.281234
4 1 0.208776 0.193899 0.200742 0.029407 0.367175
4 1 0.094970 0.143847 0.168427 0.022815 0.569942
4 2 0.067033 0.117304 0.132657 0.012436 0.670571
4 4 0.051962 0.097914 0.104166 0.006554 0.739403
4 4 0.042983 0.085253 0.086939 0.004151 0.780674
4 4 0.037195 0.076591 0.075726 0.002954 0.807534
4 4 0.036186 0.075036 0.073761 0.002771 0.812247
4 4 0.039009 0.079351 0.079250 0.003302 0.799089
4 4 0.037852 0.077596 0.077004 0.003078 0.804470
4 4 0.034366 0.072196 0.070210 0.002459 0.820769
4 4 0.032775 0.069676 0.067099 0.002205 0.828246
4 4 0.034411 0.072268 0.070299 0.002466 0.820556
4 4 0.038121 0.078005 0.077525 0.003129 0.803220
4 4 0.041659 0.083309 0.084382 0.003854 0.786796
4 4 0.043682 0.086271 0.088287 0.004313 0.777447
4 4 0.038847 0.079107 0.078936 0.003270 0.799841
4 4 0.036836 0.076039 0.075027 0.002888 0.809209
4 4 0.042137 0.084014 0.085307 0.003960 0.784582
4 4 0.045697 0.089175 0.092168 0.004803 0.768157
4 4 0.044799 0.087888 0.090441 0.004580 0.772291
4 4 0.042917 0.085157 0.086813 0.004136 0.780977
4 4 0.044181 0.086996 0.089250 0.004431 0.775142
4 4 0.052135 0.098150 0.104497 0.006608 0.738611
4 4 0.055508 0.102677 0.110916 0.007711 0.723187
4 4 0.058731 0.106896 0.117026 0.008877 0.708471
4 4 0.065573 0.115520 0.129918 0.011747 0.677242
4 4 0.073152 0.124563 0.144078 0.015647 0.642560
4 4 0.079208 0.130730 0.152819 0.018241 0.619003
4 0 0.079954 0.132232 0.156677 0.019911 0.611226
4 0 0.075888 0.127698 0.149158 0.017268 0.629989
4 0 0.072111 0.123353 0.142141 0.015062 0.647333
4 0 0.067565 0.117948 0.133652 0.012694 0.668141
4 0 0.065820 0.115823 0.130382 0.011862 0.676112
4 0 0.068758 0.119385 0.135885 0.013287 0.662685
4 0 0.066885 0.117123 0.132379 0.012365 0.671248
4 1 0.074540 0.126162 0.146657 0.016454 0.636187
4 1 0.071744 0.122923 0.141457 0.014859 0.649017
4 1 0.061705 0.110699 0.122643 0.010055 0.694898
4 2 0.053396 0.099856 0.106899 0.007007 0.732842
4 2 0.050802 0.096328 0.101952 0.006203 0.744716
4 2 0.044574 0.087563 0.090006 0.004526 0.773332
4 2 0.039014 0.079358 0.079259 0.003303 0.799066
4 4 0.033522 0.070864 0.068561 0.002322 0.824732
4 4 0.035331 0.073708 0.072095 0.002622 0.816244
4 4 0.038411 0.078446 0.078089 0.003185 0.801870
4 4 0.041386 0.082906 0.083855 0.003795 0.788058
4 4 0.043294 0.085707 0.087539 0.004222 0.779239
4 4 0.046987 0.091010 0.094646 0.005135 0.762222
4 4 0.059849 0.108335 0.119139 0.009308 0.703369
4 4 0.072170 0.123421 0.142251 0.015095 0.647063
4 0 0.117354 0.155525 0.170982 0.020516 0.535623
4 0 0.090987 0.142360 0.171126 0.025179 0.570348
4 1 0.082273 0.134749 0.160947 0.021555 0.600476
4 1 0.076890 0.134416 0.161973 0.019175 0.607546
4 1 0.077483 0.145301 0.184396 0.022292 0.570527
4 2 0.085746 0.138762 0.168003 0.024323 0.583166
4 2 0.106763 0.153609 0.183242 0.029170 0.527216
4 2 0.146301 0.173794 0.196426 0.031352 0.452127
4 0 0.133565 0.168048 0.193182 0.030927 0.474277
4 0 0.114121 0.158769 0.190166 0.032340 0.504604
4 0 0.099137 0.150137 0.185219 0.032333 0.533174
4 1 0.083270 0.135817 0.162781 0.022295 0.595837
4 1 0.072697 0.124036 0.143232 0.015390 0.644645
4 1 0.064979 0.114789 0.128803 0.011475 0.679954
4 1 0.063322 0.112731 0.125688 0.010740 0.687519
4 1 0.069202 0.119917 0.136715 0.013513 0.660653
4 1 0.072340 0.123619 0.142567 0.015189 0.646284
4 1 0.079895 0.132167 0.156569 0.019871 0.611497
4 1 0.090123 0.147058 0.184142 0.029542 0.549135
4 1 0.101545 0.165443 0.216047 0.037621 0.479343
4 1 0.097930 0.192123 0.286095 0.049783 0.374069
2 1 0.068489 0.203707 0.365447 0.051783 0.310575
4 1 0.073487 0.179606 0.272600 0.033588 0.440719
4 2 0.066029 0.166517 0.240149 0.022804 0.504502
4 2 0.061269 0.185368 0.298148 0.027270 0.427946
4 2 0.065070 0.177431 0.270982 0.026308 0.460209
4 2 0.068229 0.174990 0.261998 0.027385 0.467399
4 2 0.077053 0.176276 0.261154 0.034500 0.451016
4 2 0.126233 0.175255 0.226152 0.050612 0.421748
0 2 0.280773 0.208784 0.217028 0.044075 0.249339
0 2 0.335119 0.211836 0.209605 0.041936 0.201504
0 2 0.370901 0.211432 0.204516 0.042278 0.170873
0 0 0.372778 0.211162 0.205636 0.044308 0.166116
0 0 0.345297 0.211474 0.212939 0.048447 0.181844
0 0 0.276722 0.208451 0.223047 0.051207 0.240573
4 2 0.224895 0.206692 0.238738 0.055659 0.274017
2 2 0.124300 0.220933 0.337237 0.061860 0.255670
2 2 0.067926 0.220152 0.437970 0.065396 0.208556
2 2 0.045787 0.215829 0.500967 0.060412 0.177005
2 2 0.034297 0.214038 0.560362 0.053614 0.137689
2 2 0.022093 0.175887 0.657136 0.052817 0.092066
2 2 0.017515 0.143375 0.708173 0.056969 0.073968
2 2 0.016180 0.122868 0.729308 0.065150 0.066494
2 2 0.019121 0.119518 0.708468 0.088459 0.064434
2 2 0.085876 0.208433 0.489072 0.091878 0.124741
0 2 0.422890 0.208526 0.190934 0.036950 0.140699
0 0 0.417113 0.208930 0.192873 0.038002 0.143083
2 0 0.284376 0.249997 0.296262 0.044225 0.125139
2 0 0.151638 0.260126 0.419441 0.057135 0.111660
2 0 0.065035 0.239159 0.538044 0.063084 0.094678
2 2 0.018800 0.152754 0.695835 0.071392 0.061219
2 2 0.010236 0.101582 0.779041 0.077802 0.031339
2 2 0.008495 0.088444 0.797225 0.080586 0.025251
2 2 0.007230 0.081005 0.810355 0.080459 0.020951
2 2 0.007193 0.079415 0.810514 0.082201 0.020678
2 2 0.006520 0.069617 0.816839 0.088812 0.018212
2 2 0.006141 0.059274 0.818655 0.098960 0.016970
2 2 0.005509 0.048823 0.821281 0.109289 0.015099
2 2 0.005473 0.044575 0.816954 0.118142 0.014856
2 2 0.005857 0.043390 0.807918 0.127129 0.015706
2 2 0.006936 0.044125 0.789437 0.141278 0.018223
2 2 0.007942 0.042286 0.768448 0.160931 0.020393
2 2 0.009102 0.038535 0.739375 0.190286 0.022701
2 2 0.010898 0.035172 0.698834 0.228846 0.026250
2 2 0.017500 0.028941 0.572729 0.351604 0.029226
3 2 0.025583 0.021327 0.425117 0.499263 0.028710
3 3 0.029004 0.015607 0.331216 0.601032 0.023141
3 3 0.028665 0.013688 0.305906 0.631764 0.019977
3 3 0.029635 0.015192 0.320882 0.611913 0.022378
3 3 0.030435 0.017316 0.343119 0.583271 0.025858
3 3 0.031285 0.018475 0.351030 0.571489 0.027721
3 3 0.031731 0.017768 0.339552 0.584480 0.026469
3 3 0.031675 0.015904 0.316472 0.612599 0.023351
3 3 0.031651 0.014237 0.293759 0.639754 0.020599
3 3 0.029851 0.011501 0.262832 0.679509 0.016306
3 3 0.028452 0.009446 0.234654 0.714316 0.013132
3 3 0.026081 0.007524 0.209446 0.746678 0.010271
3 3 0.025751 0.006629 0.190756 0.767951 0.008913
3 3 0.025298 0.005872 0.174799 0.786245 0.007786
3 3 0.024997 0.005374 0.163648 0.798928 0.007053
3 3 0.024931 0.005131 0.157595 0.805648 0.006695
3 3 0.024849 0.005081 0.156693 0.806753 0.006624
3 3 0.025402 0.005422 0.162778 0.799289 0.007109
3 3 0.025411 0.005465 0.163825 0.798128 0.007172
3 3 0.024870 0.004934 0.152647 0.811142 0.006407
3 3 0.023180 0.004109 0.137719 0.829735 0.005257
3 3 0.022115 0.003464 0.122924 0.847138 0.004359
3 3 0.020934 0.003117 0.117016 0.855036 0.003898
3 3 0.020599 0.003159 0.120098 0.852176 0.003967
3 3 0.021239 0.003497 0.128294 0.842537 0.004433
3 3 0.022371 0.004008 0.138766 0.829718 0.005137
3 3 0.023651 0.004497 0.146691 0.819353 0.005808
3 3 0.023814 0.004518 0.146450 0.819386 0.005832
3 3 0.023481 0.004163 0.137852 0.829178 0.005326
3 3 0.022744 0.003747 0.128868 0.839895 0.004747
3 3 0.021904 0.003345 0.120075 0.850480 0.004196
3 3 0.021582 0.003220 0.117455 0.853716 0.004027
3 3 0.021092 0.003110 0.116034 0.855879 0.003884
3 3 0.021790 0.003340 0.120437 0.850240 0.004192
3 3 0.022055 0.003446 0.122634 0.847530 0.004336
3 3 0.022524 0.003664 0.127327 0.841851 0.004634
3 3 0.022397 0.003682 0.128514 0.840742 0.004665
3 3 0.022683 0.003809 0.131066 0.837604 0.004838
3 3 0.023265 0.004026 0.134832 0.832744 0.005134
3 3 0.023828 0.004112 0.134686 0.832134 0.005241
3 3 0.023861 0.004068 0.133235 0.833661 0.005176
3 3 0.023002 0.003863 0.131205 0.837022 0.004907
3 3 0.022887 0.003920 0.133475 0.834726 0.004992
3 3 0.023573 0.004330 0.142261 0.824270 0.005566
3 3 0.024956 0.004792 0.148368 0.815689 0.006194
3 3 0.025842 0.005158 0.153739 0.808560 0.006701
3 3 0.025719 0.005081 0.152349 0.810258 0.006593
3 3 0.025325 0.004774 0.146098 0.817649 0.006155
3 3 0.024176 0.004215 0.136031 0.830199 0.005379
3 3 0.024153 0.003953 0.128550 0.838342 0.005002
3 3 0.023717 0.003676 0.122275 0.845714 0.004618
