4 0 0.138880 0.135832 0.250192 0.097286 0.377811
4 0 0.172808 0.137290 0.275338 0.103477 0.311087
4 0 0.092104 0.106945 0.215915 0.063798 0.521238
4 0 0.063303 0.070055 0.191049 0.033129 0.642464
4 0 0.069729 0.078062 0.198063 0.039032 0.615114
4 0 0.079203 0.090097 0.206823 0.048672 0.575205
4 0 0.077310 0.087670 0.205217 0.046653 0.583149
4 0 0.061255 0.067531 0.188621 0.031351 0.651242
4 0 0.053301 0.057848 0.178239 0.024895 0.685718
4 0 0.063773 0.070637 0.191594 0.033545 0.640451
4 0 0.057865 0.063380 0.184387 0.028513 0.665855
4 0 0.068724 0.076801 0.197024 0.038076 0.619375
4 0 0.135736 0.081378 0.295454 0.043383 0.444049
2 0 0.323720 0.084904 0.379630 0.062081 0.149664
0 0 0.447084 0.077980 0.342206 0.074053 0.058677
0 0 0.430678 0.079803 0.349086 0.073283 0.067150
0 0 0.477120 0.067547 0.343322 0.064006 0.048005
0 0 0.605418 0.044964 0.282477 0.052230 0.014910
0 0 0.573036 0.054390 0.290010 0.062867 0.019697
0 0 0.517856 0.072057 0.297504 0.082644 0.029938
0 0 0.507072 0.075723 0.298211 0.086724 0.032270
0 0 0.526948 0.069018 0.296719 0.079256 0.028059
0 0 0.429408 0.103863 0.296299 0.117797 0.052633
4 0 0.172176 0.139919 0.272454 0.106734 0.308717
4 0 0.090245 0.104483 0.214801 0.061464 0.529006
4 0 0.068361 0.076347 0.196645 0.037734 0.620913
4 1 0.036949 0.038586 0.151310 0.013783 0.759372
4 0 0.022952 0.022886 0.119873 0.006537 0.827752
4 0 0.021283 0.021072 0.115367 0.005816 0.836462
4 0 0.023236 0.023196 0.120620 0.006663 0.826285
4 1 0.014811 0.014184 0.095621 0.003334 0.872050
4 1 0.013552 0.012875 0.091251 0.002911 0.879411
4 1 0.016115 0.015552 0.099942 0.003793 0.864597
4 1 0.015784 0.015204 0.098862 0.003674 0.866476
4 1 0.015374 0.014773 0.097510 0.003529 0.868814
4 1 0.014054 0.013396 0.093019 0.003077 0.876454
4 1 0.011741 0.011012 0.084567 0.002341 0.890339
4 1 0.009235 0.008481 0.074368 0.001627 0.906289
4 4 0.007785 0.007043 0.067814 0.001257 0.916101
4 4 0.009024 0.008270 0.073445 0.001571 0.907691
4 4 0.010747 0.010002 0.080670 0.002047 0.896535
4 4 0.012703 0.011999 0.088182 0.002638 0.884477
4 4 0.010739 0.009994 0.080640 0.002044 0.896582
4 4 0.015297 0.014693 0.097254 0.003502 0.869254
4 4 0.015416 0.014818 0.097651 0.003544 0.868571
4 4 0.024146 0.024192 0.122976 0.007071 0.821614
4 4 0.024362 0.024429 0.123528 0.007170 0.820512
4 4 0.030248 0.030967 0.137490 0.010050 0.791245
4 4 0.021041 0.020810 0.114696 0.005715 0.837738
4 4 0.023095 0.023041 0.120249 0.006600 0.827015
4 4 0.025349 0.025514 0.126009 0.007626 0.815501
4 4 0.034725 0.036038 0.146936 0.012491 0.769810
4 4 0.038651 0.040547 0.154525 0.014807 0.751470
4 4 0.033840 0.035030 0.145140 0.011992 0.773998
4 4 0.029539 0.030172 0.135908 0.009683 0.794698
4 4 0.029073 0.029650 0.134854 0.009445 0.796978
4 4 0.031954 0.032891 0.141199 0.010955 0.783001
4 4 0.030652 0.031421 0.138380 0.010261 0.789286
4 4 0.031162 0.031996 0.139494 0.010531 0.786817
4 4 0.035741 0.037199 0.148959 0.013075 0.765027
4 4 0.048660 0.052290 0.171425 0.021450 0.706174
4 4 0.057917 0.065054 0.185561 0.028028 0.663439
4 4 0.062771 0.074115 0.193365 0.031121 0.638628
4 4 0.056374 0.061565 0.182436 0.027305 0.672320
4 4 0.042069 0.044520 0.160666 0.016956 0.735789
4 4 0.032496 0.033504 0.142347 0.011249 0.780404
4 4 0.023469 0.023450 0.121229 0.006766 0.825085
4 4 0.020039 0.019730 0.111870 0.005300 0.843060
4 4 0.014650 0.014017 0.095075 0.003279 0.872979
4 4 0.012959 0.012263 0.089118 0.002720 0.882940
4 4 0.009760 0.009006 0.076611 0.001769 0.902854
4 1 0.010587 0.009839 0.080024 0.002001 0.897550
4 1 0.008376 0.007626 0.070550 0.001404 0.912045
4 1 0.012758 0.012056 0.088384 0.002656 0.884146
4 1 0.016708 0.016177 0.101841 0.004009 0.861265
4 1 0.018051 0.017601 0.106009 0.004513 0.853825
4 1 0.021589 0.021404 0.116209 0.005946 0.834852
2 0 0.234443 0.059856 0.403920 0.031111 0.270669
0 0 0.699722 0.013937 0.267697 0.013527 0.005117
0 0 0.861464 0.002283 0.133188 0.002837 0.000229
0 0 0.912914 0.000539 0.085824 0.000691 0.000032
0 0 0.905774 0.000689 0.092614 0.000879 0.000044
0 0 0.846476 0.003132 0.146172 0.003866 0.000354
0 0 0.821954 0.004919 0.166455 0.006013 0.000660
0 0 0.842043 0.003417 0.149930 0.004210 0.000399
0 0 0.764563 0.011248 0.208603 0.013501 0.002085
0 0 0.487395 0.112804 0.333528 0.040664 0.025610
2 0 0.309259 0.262147 0.326696 0.044386 0.057513
1 0 0.252228 0.329942 0.308161 0.040927 0.068743
1 0 0.102955 0.400925 0.225493 0.044192 0.226434
4 0 0.074264 0.218023 0.259335 0.029895 0.418483
4 0 0.076399 0.184293 0.257024 0.035651 0.446634
4 0 0.093904 0.153040 0.230307 0.052783 0.469967
4 0 0.115599 0.149530 0.229361 0.090494 0.415015
4 0 0.109868 0.131089 0.223218 0.089198 0.446627
4 0 0.097655 0.114364 0.218850 0.071107 0.498024
4 0 0.180711 0.125871 0.291460 0.090625 0.311333
2 0 0.268312 0.119710 0.329035 0.097060 0.185882
2 0 0.212426 0.103093 0.334099 0.068874 0.281508
2 0 0.196359 0.092536 0.337352 0.056807 0.316945
2 0 0.187060 0.083066 0.342254 0.047519 0.340101
4 0 0.157139 0.072874 0.328479 0.037568 0.403940
2 0 0.203146 0.071000 0.369326 0.038307 0.318221
2 0 0.303074 0.073341 0.398958 0.047472 0.177155
2 0 0.329804 0.084866 0.378917 0.062847 0.143568
2 0 0.323835 0.116910 0.327974 0.105760 0.125521
2 0 0.222061 0.146905 0.286996 0.126450 0.217588
4 0 0.101703 0.119844 0.220620 0.076779 0.481054
4 0 0.062490 0.069052 0.190098 0.032418 0.645941
4 0 0.028604 0.029126 0.133782 0.009207 0.799281
4 0 0.023508 0.023493 0.121331 0.006784 0.824883
4 1 0.021597 0.021411 0.116229 0.005949 0.834814
4 1 0.021561 0.021373 0.116130 0.005934 0.835002
4 1 0.019862 0.019539 0.111363 0.005229 0.844007
4 0 0.024170 0.024218 0.123037 0.007082 0.821493
4 0 0.029601 0.030241 0.136047 0.009715 0.794396
4 0 0.035449 0.036866 0.148383 0.012906 0.766396
4 0 0.048248 0.051800 0.170791 0.021156 0.708005
4 0 0.077694 0.088161 0.205548 0.047058 0.581539
2 0 0.224791 0.137186 0.299230 0.112637 0.226155
2 1 0.256178 0.133965 0.308801 0.115037 0.186019
2 4 0.264320 0.119300 0.329253 0.095717 0.191410
2 4 0.283171 0.110681 0.342374 0.087690 0.176084
2 4 0.235611 0.107637 0.338170 0.076607 0.241974
4 0 0.148263 0.104162 0.286376 0.064272 0.396926
4 0 0.134223 0.105315 0.270925 0.064422 0.425115
4 0 0.114142 0.107241 0.245850 0.065065 0.467702
4 0 0.076511 0.086650 0.204518 0.045815 0.586505
4 0 0.065627 0.072936 0.193690 0.035207 0.632539
4 0 0.144324 0.083574 0.302813 0.045573 0.423716
2 0 0.217312 0.093902 0.347634 0.059925 0.281227
4 0 0.151063 0.103483 0.289705 0.063818 0.391931
4 0 0.073625 0.082978 0.201886 0.042857 0.598654
4 0 0.096996 0.113478 0.218533 0.070213 0.500780
4 0 0.062372 0.068906 0.189957 0.032315 0.646450
4 4 0.033294 0.034409 0.144016 0.011688 0.776593
4 4 0.023887 0.023908 0.122311 0.006954 0.822941
4 4 0.031182 0.032018 0.139537 0.010541 0.786722
4 4 0.031369 0.032229 0.139942 0.010641 0.785819
4 4 0.037445 0.039156 0.152258 0.014078 0.757063
4 4 0.050514 0.054502 0.174218 0.022798 0.697967
4 2 0.048544 0.052152 0.171247 0.021367 0.706690
4 2 0.043960 0.046733 0.163891 0.018198 0.727218
4 2 0.038400 0.040258 0.154058 0.014654 0.752629
4 2 0.031272 0.032120 0.139733 0.010589 0.786285
4 2 0.022024 0.021876 0.117393 0.006132 0.832574
4 2 0.019539 0.019192 0.110428 0.005098 0.845743
4 2 0.020468 0.020191 0.113089 0.005476 0.840776
4 2 0.022838 0.022761 0.119570 0.006486 0.828345
4 2 0.019042 0.018659 0.108974 0.004900 0.848425
4 2 0.016442 0.015896 0.100993 0.003911 0.862758
4 2 0.017319 0.016824 0.103761 0.004236 0.857859
4 2 0.018574 0.018159 0.107585 0.004716 0.850967
4 2 0.017447 0.016960 0.104157 0.004284 0.857152
4 2 0.015909 0.015336 0.099273 0.003719 0.865762
4 2 0.018184 0.017744 0.106414 0.004565 0.853093
4 2 0.018541 0.018124 0.107488 0.004703 0.851143
4 2 0.022928 0.022859 0.119808 0.006526 0.827880
4 2 0.026459 0.026741 0.128729 0.008153 0.809918
4 2 0.037198 0.038872 0.151786 0.013931 0.758213
4 1 0.063541 0.070350 0.191326 0.033340 0.641444
4 1 0.077660 0.091203 0.207074 0.045874 0.578189
4 2 0.079807 0.115997 0.217962 0.041559 0.544675
4 1 0.072784 0.106904 0.212812 0.034765 0.572735
4 2 0.072851 0.133874 0.221898 0.029913 0.541463
4 2 0.053898 0.072137 0.188140 0.021731 0.664094
4 2 0.059173 0.081348 0.195952 0.025101 0.638425
4 2 0.063870 0.073895 0.193649 0.032575 0.636011
4 2 0.075512 0.085376 0.203626 0.044779 0.590706
4 2 0.070657 0.079228 0.199002 0.039926 0.611187
4 1 0.071149 0.079849 0.199493 0.040405 0.609104
4 1 0.150045 0.119422 0.274133 0.079961 0.376438
2 4 0.193930 0.116529 0.309088 0.081484 0.298969
2 0 0.278862 0.103352 0.352580 0.077652 0.187553
0 0 0.390060 0.087186 0.356595 0.075828 0.090331
0 0 0.568987 0.054239 0.294523 0.061548 0.020703
0 0 0.552802 0.055586 0.306859 0.060216 0.024537
0 0 0.596252 0.047556 0.284852 0.055161 0.016179
0 0 0.562131 0.057728 0.292016 0.066619 0.021506
0 0 0.447312 0.111924 0.312837 0.084487 0.043440
4 0 0.107088 0.135710 0.225111 0.081202 0.450890
4 0 0.100700 0.119043 0.220414 0.075100 0.484743
4 1 0.065844 0.073207 0.193931 0.035405 0.631613
4 1 0.041647 0.044027 0.159929 0.016684 0.737713
4 1 0.042405 0.044912 0.161248 0.017174 0.734260
4 1 0.038424 0.040286 0.154103 0.014669 0.752518
4 1 0.045518 0.048568 0.166464 0.019250 0.720200
4 1 0.049611 0.053424 0.172870 0.022137 0.701958
4 1 0.051236 0.055366 0.175280 0.023333 0.694784
4 1 0.044124 0.046926 0.164166 0.018308 0.726476
4 2 0.054200 0.058933 0.179492 0.025589 0.681785
4 2 0.054852 0.059721 0.180388 0.026099 0.678940
4 2 0.060539 0.072315 0.191373 0.028947 0.646827
4 2 0.055055 0.059966 0.180665 0.026258 0.678056
4 2 0.054771 0.059623 0.180277 0.026035 0.679294
4 2 0.052158 0.056473 0.176616 0.024025 0.690728
4 2 0.050787 0.054829 0.174621 0.023000 0.696763
4 2 0.043466 0.046154 0.163060 0.017870 0.729449
4 2 0.037538 0.039264 0.152435 0.014134 0.756628
4 2 0.037677 0.039424 0.152699 0.014217 0.755982
4 2 0.034665 0.035970 0.146817 0.012457 0.770091
4 2 0.033673 0.034840 0.144798 0.011899 0.774790
4 2 0.030132 0.030838 0.137234 0.009990 0.791806
4 2 0.036008 0.037506 0.149484 0.013230 0.763771
4 2 0.044990 0.047945 0.165600 0.018890 0.722575
4 1 0.063981 0.090585 0.202681 0.028237 0.614517
4 2 0.071756 0.131944 0.232077 0.032767 0.531455
2 2 0.047929 0.160159 0.385116 0.045884 0.360912
2 2 0.045960 0.128799 0.549036 0.053333 0.222871
2 2 0.047917 0.112501 0.600558 0.062814 0.176209
2 2 0.057032 0.118025 0.549871 0.087763 0.187309
2 2 0.063632 0.139139 0.438085 0.129689 0.229455
2 2 0.054167 0.146625 0.418197 0.150736 0.230274
2 2 0.066425 0.163928 0.373546 0.152129 0.243971
2 2 0.074622 0.176058 0.347919 0.162241 0.239160
2 2 0.083722 0.183913 0.323808 0.176816 0.231742
2 2 0.075916 0.186952 0.345380 0.170008 0.221744
2 2 0.070543 0.196540 0.360424 0.176697 0.195796
2 2 0.059223 0.184249 0.372457 0.245878 0.138192
2 2 0.044207 0.124139 0.376405 0.371702 0.083546
3 2 0.033921 0.095891 0.316058 0.485078 0.069053
3 3 0.030322 0.083636 0.278287 0.551131 0.056624
3 3 0.030419 0.078676 0.245364 0.594235 0.051305
3 2 0.028839 0.073497 0.228862 0.622153 0.046649
3 2 0.024761 0.066063 0.223893 0.644455 0.040829
3 3 0.019688 0.056186 0.215644 0.675088 0.033394
3 3 0.015959 0.048373 0.207525 0.700381 0.027762
3 3 0.014228 0.044549 0.202936 0.713197 0.025090
3 3 0.013245 0.042311 0.200037 0.720854 0.023553
3 3 0.012083 0.039600 0.196290 0.730308 0.021719
3 3 0.010010 0.034556 0.188552 0.748492 0.018389
3 3 0.008405 0.030432 0.181352 0.764060 0.015752
3 3 0.007568 0.028191 0.177052 0.772836 0.014354
3 3 0.008181 0.029839 0.180243 0.766357 0.015380
3 3 0.009833 0.034111 0.187816 0.750139 0.018101
3 3 0.014253 0.044604 0.203006 0.713009 0.025128
3 2 0.019587 0.055981 0.215451 0.675738 0.033243
3 3 0.026701 0.069650 0.226412 0.633622 0.043614
3 3 0.026575 0.069420 0.226257 0.634314 0.043434
3 3 0.021857 0.060502 0.219501 0.661539 0.036601
3 3 0.018089 0.052899 0.212420 0.685595 0.030997
3 3 0.016728 0.050027 0.209378 0.694932 0.028935
3 3 0.018557 0.053872 0.213401 0.682467 0.031702
3 3 0.020147 0.057112 0.216507 0.672157 0.034077
3 3 0.019532 0.055868 0.215344 0.676094 0.033161
3 3 0.017390 0.051433 0.210894 0.690343 0.029941
3 3 0.014840 0.045916 0.204628 0.708578 0.026038
3 3 0.013038 0.041835 0.199398 0.722500 0.023229
3 3 0.012072 0.039575 0.196255 0.730395 0.021702
3 3 0.011269 0.037653 0.193429 0.737229 0.020421
3 3 0.011146 0.037355 0.192976 0.738301 0.020223
3 3 0.011539 0.038305 0.194403 0.734900 0.020853
3 3 0.014024 0.044088 0.202353 0.714762 0.024772
3 3 0.022765 0.062268 0.220963 0.656071 0.037932
3 3 0.046745 0.102274 0.240216 0.539839 0.070926
3 2 0.099065 0.164553 0.232284 0.370185 0.133912
4 1 0.134009 0.224494 0.233712 0.157850 0.249935
4 2 0.121978 0.191560 0.232337 0.094360 0.359766
4 2 0.102787 0.137685 0.226203 0.071937 0.461388
4 1 0.082000 0.093705 0.209067 0.051747 0.563481
4 1 0.092145 0.106999 0.215939 0.063850 0.521067
4 0 0.086592 0.099680 0.212421 0.057034 0.544273
4 1 0.078952 0.089775 0.206614 0.048402 0.576258
4 1 0.068067 0.075979 0.196335 0.037458 0.622160
4 1 0.066691 0.074261 0.194859 0.036180 0.628009
4 1 0.038503 0.040376 0.154249 0.014716 0.752156
4 1 0.042464 0.044981 0.161349 0.017213 0.733993
4 1 0.043312 0.045973 0.162799 0.017768 0.730148
4 1 0.039868 0.041957 0.156758 0.015558 0.745860
4 1 0.036668 0.038262 0.150767 0.013617 0.760686
4 1 0.040678 0.042898 0.158216 0.016067 0.742141
4 1 0.033769 0.034949 0.144996 0.011952 0.774334
4 1 0.033866 0.035059 0.145193 0.012006 0.773877
4 0 0.033432 0.034565 0.144300 0.011764 0.775938
4 0 0.048977 0.052667 0.171909 0.021678 0.704769
4 0 0.044584 0.047467 0.164931 0.018617 0.724401
4 1 0.048966 0.052654 0.171892 0.021670 0.704817
4 1 0.041767 0.044166 0.160139 0.016761 0.737167
4 1 0.045853 0.048963 0.167007 0.019480 0.718697
4 1 0.037336 0.039031 0.152051 0.014013 0.757568
4 1 0.042028 0.044472 0.160595 0.016930 0.735975
4 1 0.048828 0.052490 0.171682 0.021571 0.705428
4 1 0.050647 0.054661 0.174415 0.022896 0.697381
4 1 0.050316 0.054266 0.173925 0.022653 0.698840
4 1 0.050917 0.054984 0.174813 0.023096 0.696190
4 4 0.051943 0.056214 0.176306 0.023862 0.691675
4 4 0.048032 0.051544 0.170457 0.021002 0.708966
4 4 0.043709 0.046440 0.163471 0.018031 0.728349
4 4 0.045386 0.048411 0.166248 0.019160 0.720795
4 4 0.049381 0.053148 0.172522 0.021970 0.702979
4 4 0.047134 0.050478 0.169052 0.020368 0.712968
4 4 0.043861 0.046618 0.163726 0.018132 0.727662
4 4 0.042023 0.044465 0.160585 0.016926 0.736000
4 4 0.040665 0.042883 0.158193 0.016059 0.742200
4 4 0.037931 0.039717 0.153179 0.014370 0.754803
4 4 0.038380 0.040234 0.154019 0.014642 0.752726
4 4 0.040021 0.042135 0.157036 0.015654 0.745153
4 4 0.043582 0.046290 0.163256 0.017947 0.728926
4 4 0.042563 0.045096 0.161519 0.017277 0.733547
4 4 0.047937 0.051430 0.170309 0.020934 0.709390
4 4 0.057798 0.063298 0.184300 0.028458 0.666145
4 4 0.067309 0.075032 0.195527 0.036751 0.625381
4 4 0.054253 0.058996 0.179565 0.025630 0.681555
4 4 0.052229 0.056558 0.176717 0.024078 0.690417
4 4 0.035864 0.037340 0.149201 0.013146 0.764449
4 4 0.031813 0.032731 0.140896 0.010879 0.783682
4 4 0.025893 0.026115 0.127351 0.007882 0.812759
4 4 0.028960 0.029524 0.134598 0.009388 0.797530
4 4 0.014394 0.013750 0.094199 0.003192 0.874465
4 4 0.011429 0.010694 0.083363 0.002247 0.892268
4 0 0.010632 0.009885 0.080206 0.002013 0.897264
4 0 0.010101 0.009349 0.078036 0.001863 0.900651
4 0 0.008524 0.007773 0.071224 0.001441 0.911037
4 0 0.007219 0.006489 0.065093 0.001122 0.920077
4 0 0.009808 0.009055 0.076814 0.001782 0.902541
4 0 0.021730 0.021556 0.116593 0.006006 0.834115
4 0 0.046081 0.049232 0.167375 0.019637 0.717675
4 0 0.043941 0.046711 0.163859 0.018185 0.727305
4 1 0.054179 0.058907 0.179464 0.025573 0.681876
4 1 0.048448 0.052038 0.171099 0.021298 0.707117
4 0 0.045833 0.048939 0.166974 0.019466 0.718788
4 1 0.053863 0.058525 0.179024 0.025327 0.683261
4 1 0.064960 0.083739 0.199614 0.031032 0.620655
4 2 0.069769 0.103617 0.210557 0.031925 0.584132
4 2 0.072802 0.120761 0.217855 0.031995 0.556587
4 2 0.072523 0.118175 0.216897 0.032155 0.560250
4 2 0.067246 0.131645 0.252959 0.035171 0.512978
4 2 0.067227 0.140708 0.259573 0.035034 0.497458
4 2 0.069479 0.132952 0.236291 0.031553 0.529724
4 2 0.069226 0.117942 0.215751 0.028628 0.568453
4 2 0.065115 0.097527 0.206310 0.028003 0.603045
4 2 0.067065 0.101221 0.208629 0.029377 0.593708
4 2 0.067523 0.106359 0.210887 0.028869 0.586363
4 2 0.063981 0.134386 0.249637 0.029653 0.522343
4 2 0.058826 0.150649 0.289764 0.032256 0.468505
4 2 0.048689 0.180078 0.365125 0.035733 0.370375
4 2 0.051913 0.180087 0.355235 0.038027 0.374738
4 2 0.059238 0.147891 0.296007 0.035459 0.461406
4 2 0.065688 0.091595 0.203818 0.029926 0.608974
4 2 0.057485 0.062917 0.183895 0.028203 0.667501
4 0 0.055513 0.060520 0.181284 0.026619 0.676064
4 1 0.049175 0.052903 0.172211 0.021821 0.703890
4 2 0.045420 0.048452 0.166304 0.019183 0.720641
4 2 0.048646 0.052273 0.171403 0.021440 0.706238
4 2 0.053384 0.057947 0.178355 0.024958 0.685356
4 2 0.053431 0.058004 0.178421 0.024994 0.685149
4 2 0.049403 0.053176 0.172556 0.021986 0.702879
4 2 0.047847 0.051323 0.170169 0.020871 0.709791
4 2 0.050149 0.054066 0.173676 0.022530 0.699580
4 2 0.055713 0.060763 0.181553 0.026778 0.675194
4 2 0.061282 0.079841 0.196057 0.027763 0.635058
4 2 0.071372 0.093038 0.206392 0.036480 0.592718
4 1 0.096529 0.140033 0.227143 0.060127 0.476169
4 2 0.082859 0.121864 0.220554 0.044256 0.530467
4 1 0.077453 0.112165 0.216050 0.039392 0.554941
4 2 0.072124 0.095648 0.207825 0.036732 0.587671
4 2 0.070813 0.087448 0.207306 0.039062 0.595370
4 2 0.060307 0.084773 0.226413 0.034747 0.593760
4 2 0.061954 0.133866 0.284935 0.039256 0.479989
4 2 0.063085 0.174418 0.301935 0.037368 0.423194
4 2 0.070693 0.216494 0.294618 0.038830 0.379366
4 2 0.058912 0.182826 0.341724 0.045150 0.371387
4 2 0.056692 0.130715 0.311497 0.042123 0.458972
4 2 0.063967 0.100839 0.227340 0.032511 0.575343
4 2 0.060251 0.093846 0.221605 0.029131 0.595167
4 2 0.060369 0.075404 0.193151 0.027879 0.643196
4 1 0.067206 0.077535 0.196971 0.035742 0.622546
4 2 0.072063 0.087285 0.203756 0.039128 0.597767
4 2 0.071272 0.084258 0.201953 0.039029 0.603489
4 2 0.057895 0.063417 0.184426 0.028537 0.665725
4 0 0.054409 0.059184 0.179780 0.025752 0.680875
4 1 0.042739 0.045302 0.161821 0.017392 0.732746
4 2 0.039098 0.041065 0.155351 0.015081 0.749405
4 2 0.034763 0.036081 0.147013 0.012513 0.769630
4 2 0.034089 0.035313 0.145648 0.012131 0.772819
4 2 0.034671 0.035976 0.146828 0.012460 0.770065
4 2 0.044532 0.047407 0.164845 0.018582 0.724634
4 2 0.055700 0.060748 0.181536 0.026768 0.675248
4 2 0.055403 0.060387 0.181136 0.026532 0.676542
4 2 0.054545 0.059349 0.179967 0.025858 0.680282
4 2 0.061879 0.068299 0.189372 0.031888 0.648561
4 1 0.061679 0.068053 0.189133 0.031716 0.649419
4 2 0.056213 0.061370 0.182222 0.027176 0.673019
4 2 0.037781 0.039543 0.152894 0.014280 0.755503
4 1 0.047104 0.050442 0.169004 0.020347 0.713104
4 1 0.038452 0.040317 0.154154 0.014685 0.752392
4 2 0.047049 0.050378 0.168918 0.020309 0.713346
4 2 0.038809 0.040731 0.154819 0.014904 0.750737
4 2 0.050614 0.054622 0.174366 0.022872 0.697526
4 1 0.040228 0.042375 0.157409 0.015783 0.744204
4 0 0.056847 0.062140 0.183060 0.027685 0.670268
4 0 0.070136 0.078573 0.198477 0.039423 0.613390
4 0 0.060047 0.066048 0.187144 0.030325 0.656436
4 1 0.049048 0.052752 0.172017 0.021729 0.704453
4 1 0.043683 0.046408 0.163426 0.018014 0.728470
4 1 0.035207 0.036588 0.147901 0.012766 0.767538
4 1 0.020007 0.019695 0.111778 0.005287 0.843233
4 1 0.022164 0.022027 0.117769 0.006192 0.831848
4 1 0.022999 0.022937 0.119997 0.006558 0.827509
4 2 0.024819 0.024930 0.124683 0.007380 0.818188
4 2 0.027476 0.027869 0.131156 0.008647 0.804851
4 2 0.041420 0.043761 0.159530 0.016538 0.738751
4 1 0.054876 0.063118 0.182818 0.025071 0.674116
4 2 0.067426 0.103711 0.209790 0.029274 0.589799
4 2 0.062809 0.114601 0.234901 0.029129 0.558560
4 2 0.057065 0.119432 0.271901 0.032367 0.519235
4 2 0.055679 0.127870 0.307545 0.039801 0.469105
4 2 0.050758 0.143154 0.367125 0.049598 0.389365
2 2 0.043107 0.155756 0.477647 0.055553 0.267936
2 2 0.041656 0.132530 0.626623 0.060004 0.139187
2 2 0.040162 0.097276 0.722441 0.065317 0.074804
2 2 0.031686 0.065142 0.788855 0.074623 0.039695
2 2 0.028002 0.050104 0.808116 0.083125 0.030653
2 2 0.027615 0.043808 0.797603 0.101539 0.029435
2 2 0.029900 0.046701 0.779959 0.111979 0.031462
2 2 0.030198 0.048801 0.769303 0.119798 0.031900
2 2 0.027921 0.049207 0.758365 0.133638 0.030869
2 2 0.025660 0.047118 0.753707 0.146020 0.027496
2 2 0.023985 0.047698 0.737646 0.162656 0.028015
2 2 0.026174 0.053064 0.706124 0.182794 0.031843
2 2 0.033011 0.060873 0.673869 0.195319 0.036928
2 2 0.042288 0.068872 0.656606 0.189819 0.042415
2 2 0.034936 0.068785 0.709453 0.145996 0.040831
2 2 0.029729 0.060793 0.748248 0.124798 0.036431
2 2 0.026709 0.052463 0.765053 0.124923 0.030852
2 2 0.027425 0.051287 0.772685 0.121244 0.027359
2 2 0.029585 0.058953 0.751946 0.128647 0.030869
2 2 0.033724 0.074204 0.705838 0.146317 0.039917
2 2 0.033434 0.089204 0.666653 0.160445 0.050264
2 2 0.038521 0.097530 0.636513 0.173945 0.053490
2 2 0.040161 0.098549 0.610329 0.195111 0.055850
2 2 0.035820 0.087700 0.599230 0.225351 0.051899
2 2 0.035921 0.082624 0.536192 0.289452 0.055812
2 2 0.032571 0.080973 0.508143 0.323698 0.054615
2 2 0.025836 0.080011 0.474142 0.363792 0.056220
3 2 0.020794 0.080634 0.414843 0.424223 0.059506
3 2 0.020908 0.078779 0.390573 0.452833 0.056907
3 2 0.018915 0.073183 0.383195 0.473058 0.051648
3 2 0.018499 0.071487 0.376479 0.483600 0.049935
3 2 0.021297 0.075652 0.353881 0.496457 0.052714
3 2 0.027348 0.086984 0.341154 0.482344 0.062170
3 3 0.037113 0.105630 0.340216 0.437443 0.079599
2 2 0.041902 0.134967 0.392530 0.332685 0.097916
2 2 0.076282 0.163875 0.376850 0.168592 0.214400
2 2 0.144699 0.170783 0.328088 0.091176 0.265253
4 2 0.169248 0.160191 0.286766 0.082968 0.300827
2 0 0.159164 0.224219 0.267128 0.087829 0.261661
4 1 0.111467 0.255438 0.238579 0.063110 0.331406
4 2 0.101139 0.254239 0.240348 0.048436 0.355838
4 1 0.094917 0.220801 0.239589 0.043815 0.400879
4 2 0.082370 0.160808 0.230694 0.036375 0.489753
4 2 0.072989 0.122791 0.218578 0.031843 0.553798
4 2 0.075976 0.104703 0.212773 0.039339 0.567209
4 1 0.088498 0.116782 0.219507 0.054046 0.521166
4 1 0.069311 0.077537 0.197634 0.038633 0.616884
4 1 0.049159 0.052885 0.172187 0.021810 0.703959
4 2 0.040584 0.042789 0.158048 0.016007 0.742571
4 1 0.043705 0.046434 0.163463 0.018028 0.728369
4 1 0.038457 0.040323 0.154164 0.014689 0.752367
4 1 0.039239 0.041228 0.155611 0.015168 0.748754
4 2 0.046347 0.049547 0.167801 0.019820 0.716484
4 2 0.051589 0.055790 0.175794 0.023597 0.693230
4 2 0.063199 0.099000 0.211970 0.027406 0.598427
4 1 0.064650 0.107706 0.210314 0.025660 0.591671
4 2 0.066592 0.120789 0.215745 0.025549 0.571325
4 2 0.065752 0.114057 0.213109 0.025734 0.581348
4 2 0.068284 0.119383 0.215907 0.027429 0.568997
4 2 0.070446 0.125658 0.218690 0.028663 0.556543
4 2 0.077135 0.155099 0.228715 0.031569 0.507482
4 2 0.069824 0.174584 0.263530 0.032287 0.459774
4 2 0.061301 0.164880 0.292498 0.033451 0.447871
4 2 0.058554 0.154159 0.305893 0.036417 0.444976
4 2 0.063339 0.145141 0.277646 0.035369 0.478505
4 2 0.063981 0.129938 0.254848 0.032407 0.518826
4 2 0.069214 0.112659 0.215891 0.030189 0.572048
4 2 0.068797 0.101932 0.209535 0.031171 0.588564
4 2 0.061897 0.081577 0.197259 0.028023 0.631245
4 2 0.064547 0.085164 0.200202 0.030171 0.619916
4 2 0.067985 0.094158 0.205839 0.031992 0.600025
4 2 0.071314 0.123171 0.237610 0.036969 0.530936
4 2 0.072219 0.121449 0.229018 0.035264 0.542050
4 2 0.070499 0.134427 0.251166 0.037709 0.506199
4 2 0.074692 0.116301 0.216863 0.035031 0.557114
4 2 0.070806 0.095817 0.207513 0.035012 0.590852
4 2 0.062269 0.068779 0.189836 0.032226 0.646890
4 1 0.058629 0.064312 0.185365 0.029141 0.662553
4 1 0.048866 0.052536 0.171740 0.021598 0.705260
4 1 0.040972 0.043240 0.158740 0.016253 0.740795
4 1 0.034366 0.035629 0.146213 0.012288 0.771505
4 1 0.031962 0.032899 0.141214 0.010959 0.782966
4 1 0.035710 0.037164 0.148897 0.013057 0.765173
4 2 0.037097 0.038755 0.151593 0.013871 0.758685
4 2 0.044811 0.047734 0.165305 0.018769 0.723380
4 1 0.052138 0.056448 0.176586 0.024009 0.690819
4 1 0.066730 0.089217 0.203047 0.031723 0.609283
4 2 0.068373 0.095338 0.206512 0.032169 0.597608
4 2 0.064993 0.091464 0.203494 0.029168 0.610881
4 2 0.057062 0.072850 0.190148 0.024850 0.655089
4 2 0.055917 0.070268 0.188019 0.024265 0.661532
4 1 0.056671 0.073878 0.190574 0.024181 0.654696
4 2 0.059518 0.087495 0.199271 0.024166 0.629550
4 2 0.065476 0.119923 0.215020 0.024608 0.574973
4 2 0.072532 0.162715 0.228635 0.026096 0.510022
4 2 0.084974 0.197379 0.236785 0.034872 0.445990
4 2 0.154112 0.183068 0.280035 0.073860 0.308925
2 0 0.274810 0.212939 0.279867 0.125857 0.106526
1 4 0.134174 0.337376 0.219494 0.100431 0.208525
1 4 0.122705 0.342043 0.226761 0.075730 0.232761
4 4 0.115403 0.236494 0.237440 0.072088 0.338575
4 4 0.113683 0.205279 0.236283 0.074331 0.370424
4 4 0.051100 0.055203 0.175081 0.023232 0.695383
4 4 0.053410 0.057979 0.178392 0.024978 0.685240
4 4 0.046555 0.049792 0.168133 0.019964 0.715556
4 4 0.038688 0.040590 0.154593 0.014830 0.751299
4 4 0.028950 0.029513 0.134575 0.009383 0.797579
4 4 0.024973 0.025099 0.125069 0.007451 0.817408
4 4 0.025453 0.025628 0.126265 0.007675 0.814979
4 4 0.023903 0.023925 0.122351 0.006961 0.822861
4 4 0.017323 0.016828 0.103773 0.004237 0.857838
4 4 0.015406 0.014807 0.097616 0.003541 0.868630
4 4 0.020470 0.020193 0.113095 0.005477 0.840765
4 4 0.015631 0.015043 0.098362 0.003620 0.867343
4 4 0.012616 0.011910 0.087861 0.002611 0.885003
4 4 0.013055 0.012362 0.089468 0.002751 0.882364
4 4 0.013757 0.013088 0.091978 0.002979 0.878199
4 4 0.013070 0.012377 0.089522 0.002755 0.882276
4 4 0.012268 0.011553 0.086567 0.002502 0.887110
4 4 0.012323 0.011609 0.086774 0.002519 0.886774
4 4 0.013210 0.012521 0.090027 0.002800 0.881442
4 4 0.017100 0.016592 0.103078 0.004154 0.859076
4 4 0.020087 0.019781 0.112006 0.005320 0.842807
4 4 0.023470 0.023452 0.121231 0.006767 0.825080
4 4 0.025757 0.025964 0.127016 0.007818 0.813444
4 4 0.024718 0.024819 0.124428 0.007333 0.818702
4 4 0.025501 0.025681 0.126384 0.007697 0.814737
4 4 0.023448 0.023428 0.121174 0.006757 0.825193
4 4 0.022125 0.021985 0.117665 0.006176 0.832050
4 4 0.024526 0.024609 0.123944 0.007245 0.819677
4 4 0.033531 0.034678 0.144504 0.011819 0.775468
4 4 0.046594 0.049839 0.168196 0.019992 0.715380
4 4 0.071289 0.080025 0.199631 0.040541 0.608514
4 4 0.056831 0.062121 0.183040 0.027673 0.670334
4 4 0.035638 0.037081 0.148755 0.013015 0.765512
4 4 0.024744 0.024848 0.124494 0.007345 0.818569
4 4 0.025667 0.025865 0.126795 0.007776 0.813898
4 4 0.024282 0.024340 0.123322 0.007133 0.820923
4 4 0.034400 0.035667 0.146281 0.012307 0.771344
4 4 0.038888 0.040821 0.154964 0.014952 0.750376
4 1 0.101008 0.060244 0.270081 0.026825 0.541842
2 4 0.297780 0.040662 0.457762 0.019737 0.184059
0 4 0.654563 0.009845 0.320989 0.007144 0.007460
0 0 0.780525 0.003256 0.212377 0.002796 0.001047
0 0 0.848442 0.001880 0.147396 0.002012 0.000270
0 0 0.808757 0.004348 0.181385 0.004727 0.000783
0 0 0.705291 0.018416 0.250789 0.020477 0.005026
0 0 0.500882 0.067740 0.323865 0.069580 0.037933
4 0 0.185554 0.138475 0.281774 0.107013 0.287183
4 0 0.099899 0.117395 0.219870 0.074215 0.488620
4 4 0.022098 0.021955 0.117592 0.006164 0.832191
4 4 0.027413 0.027799 0.131007 0.008615 0.805166
4 4 0.030912 0.031714 0.138949 0.010398 0.788027
4 0 0.057389 0.062800 0.183770 0.028125 0.667916
4 1 0.066005 0.073407 0.194109 0.035552 0.630926
4 1 0.075315 0.085125 0.203448 0.044576 0.591537
4 1 0.060499 0.066602 0.187701 0.030707 0.654490
4 1 0.062103 0.068575 0.189639 0.032082 0.647600
4 1 0.053646 0.058264 0.178722 0.025160 0.684208
4 1 0.061435 0.073832 0.192664 0.029575 0.642495
4 1 0.070964 0.091173 0.205379 0.036476 0.596008
4 0 0.080904 0.119765 0.219496 0.042113 0.537723
4 1 0.076921 0.116212 0.217400 0.037776 0.551691
4 1 0.072139 0.105315 0.211988 0.034346 0.576212
4 1 0.070542 0.099748 0.209175 0.033713 0.586822
4 1 0.071491 0.108562 0.213075 0.032870 0.574002
4 2 0.067283 0.102587 0.209278 0.029341 0.591511
4 2 0.069375 0.115830 0.215069 0.029140 0.570586
4 2 0.068432 0.113143 0.213781 0.028609 0.576035
4 2 0.068522 0.108869 0.212218 0.029475 0.580916
4 2 0.070296 0.113522 0.214554 0.030544 0.571085
4 2 0.078029 0.138180 0.224485 0.034888 0.524418
4 1 0.085094 0.174097 0.233577 0.037678 0.469554
4 1 0.082888 0.174535 0.233292 0.035153 0.474130
4 2 0.083229 0.201554 0.236971 0.032660 0.445587
4 1 0.075848 0.217420 0.259415 0.031551 0.415766
2 2 0.051603 0.230762 0.361132 0.033968 0.322534
2 2 0.042278 0.209180 0.410071 0.035429 0.303042
2 2 0.035421 0.195261 0.471627 0.038581 0.259111
2 2 0.037490 0.199161 0.445268 0.038295 0.279786
2 2 0.041086 0.223557 0.425665 0.037765 0.271928
2 1 0.047929 0.241811 0.386733 0.036248 0.287279
2 2 0.047662 0.240920 0.388532 0.036462 0.286424
2 2 0.048244 0.215510 0.383388 0.037177 0.315681
2 2 0.046368 0.210458 0.391008 0.036774 0.315392
2 2 0.044361 0.225792 0.397951 0.034201 0.297695
2 1 0.043495 0.243977 0.402298 0.033309 0.276922
2 2 0.037387 0.230823 0.441619 0.034890 0.255281
2 2 0.038316 0.201110 0.445824 0.040609 0.274141
2 2 0.044170 0.172000 0.498639 0.048549 0.236643
2 2 0.050946 0.181363 0.440705 0.051636 0.275350
2 1 0.058843 0.198657 0.374313 0.047436 0.320752
4 2 0.092131 0.177819 0.234899 0.045763 0.449388
4 0 0.107482 0.169577 0.232875 0.071119 0.418948
4 1 0.098737 0.159093 0.231628 0.058838 0.451704
4 1 0.091301 0.161576 0.231976 0.047379 0.467768
4 1 0.081409 0.131092 0.223202 0.040268 0.524029
4 1 0.081855 0.137165 0.225018 0.039634 0.516327
4 1 0.073765 0.116927 0.216826 0.033813 0.558670
4 2 0.077151 0.153021 0.227914 0.031734 0.510180
4 2 0.082746 0.205168 0.237257 0.031854 0.442976
4 2 0.070771 0.239901 0.286964 0.033735 0.368629
2 2 0.048559 0.238337 0.388950 0.038572 0.285582
2 2 0.039390 0.171660 0.587832 0.041169 0.159949
2 2 0.033678 0.107537 0.739755 0.036574 0.082456
2 2 0.031128 0.080431 0.794653 0.034470 0.059317
2 2 0.030227 0.069100 0.816320 0.033823 0.050530
2 2 0.030871 0.069409 0.812850 0.034008 0.052862
2 2 0.031115 0.070100 0.811758 0.033492 0.053535
2 2 0.031935 0.076247 0.797795 0.034602 0.059421
2 2 0.031061 0.073563 0.804958 0.034507 0.055911
2 2 0.029241 0.065310 0.825028 0.033747 0.046675
2 2 0.027732 0.053034 0.847850 0.034969 0.036415
2 2 0.026849 0.040794 0.867597 0.037969 0.026791
2 2 0.028082 0.033130 0.872501 0.045459 0.020827
2 2 0.031534 0.030384 0.863251 0.056400 0.018430
2 2 0.029497 0.027132 0.866891 0.059718 0.016761
2 2 0.027223 0.025681 0.873458 0.058241 0.015397
2 2 0.027010 0.026409 0.870134 0.061358 0.015089
2 2 0.026987 0.027806 0.863476 0.067073 0.014659
2 2 0.026806 0.028820 0.858206 0.072099 0.014069
2 2 0.026322 0.030161 0.853233 0.075197 0.015087
2 2 0.025293 0.031824 0.845297 0.081207 0.016380
2 2 0.023813 0.033243 0.835691 0.089732 0.017521
2 2 0.025140 0.034184 0.833855 0.088725 0.018097
2 2 0.027208 0.032968 0.843672 0.077247 0.018905
2 2 0.027158 0.032422 0.864971 0.056105 0.019344
2 2 0.026357 0.034531 0.873745 0.045626 0.019741
2 2 0.027041 0.033950 0.871335 0.047689 0.019985
2 2 0.027974 0.030428 0.863771 0.059144 0.018682
2 2 0.028096 0.029035 0.859227 0.066931 0.016712
2 2 0.027020 0.028578 0.859995 0.069670 0.014738
2 2 0.025885 0.028587 0.859539 0.071965 0.014024
2 2 0.025870 0.029639 0.855457 0.074259 0.014775
2 2 0.026069 0.030890 0.847198 0.080323 0.015520
2 2 0.028974 0.033359 0.837376 0.083346 0.016946
2 2 0.037060 0.039077 0.833845 0.069937 0.020081
2 2 0.055371 0.073803 0.798368 0.044703 0.027756
2 1 0.052830 0.115177 0.759981 0.034104 0.037909
2 2 0.039324 0.104895 0.784307 0.030323 0.041151
2 2 0.033216 0.067741 0.832884 0.033881 0.032278
2 2 0.030390 0.045165 0.853872 0.044769 0.025804
2 2 0.029382 0.035073 0.854613 0.057882 0.023049
2 2 0.028945 0.033002 0.854251 0.060712 0.023090
2 2 0.029527 0.035557 0.854055 0.054990 0.025871
2 2 0.028586 0.034587 0.863734 0.048419 0.024675
2 2 0.028496 0.035418 0.865563 0.046155 0.024368
2 2 0.027961 0.033553 0.868762 0.048174 0.021551
2 2 0.029374 0.035961 0.856698 0.056950 0.021017
2 2 0.033873 0.042273 0.825351 0.077261 0.021242
2 2 0.029889 0.041333 0.802392 0.104667 0.021719
2 3 0.027741 0.039733 0.801505 0.109451 0.021571
2 2 0.027983 0.035815 0.828938 0.085644 0.021620
2 2 0.030361 0.039315 0.837312 0.066263 0.026749
2 2 0.040829 0.065444 0.788096 0.053520 0.052111
2 2 0.091010 0.119730 0.602961 0.064317 0.121982
2 1 0.182165 0.213619 0.295511 0.087752 0.220953
2 1 0.083481 0.249753 0.336553 0.063961 0.266253
2 2 0.054712 0.216764 0.383930 0.052316 0.292279
2 2 0.047011 0.166922 0.482131 0.052850 0.251085
2 2 0.054107 0.177226 0.486464 0.050462 0.231742
2 1 0.060365 0.189138 0.432628 0.049418 0.268451
4 1 0.067719 0.234339 0.323918 0.045825 0.328200
4 1 0.063655 0.218989 0.323103 0.039984 0.354268
2 2 0.052461 0.206659 0.365919 0.039389 0.335573
2 2 0.042045 0.185842 0.484675 0.041836 0.245603
2 1 0.040837 0.144308 0.591371 0.045308 0.178175
2 2 0.039825 0.110889 0.657039 0.047228 0.145019
2 2 0.045186 0.119691 0.543027 0.050512 0.241584
2 2 0.066653 0.126385 0.413842 0.048864 0.344256
4 0 0.092410 0.126178 0.222972 0.057427 0.501014
4 0 0.098279 0.157723 0.231354 0.058429 0.454216
4 1 0.083828 0.139069 0.225877 0.041763 0.509463
4 1 0.081506 0.154772 0.229268 0.036263 0.498191
4 1 0.082082 0.171621 0.232655 0.034631 0.479012
4 1 0.080030 0.175118 0.232832 0.032055 0.479965
4 1 0.078419 0.172956 0.232112 0.030658 0.485854
4 1 0.074876 0.168956 0.244497 0.032140 0.479531
4 2 0.071307 0.151158 0.250453 0.034012 0.493070
4 2 0.073004 0.145045 0.245945 0.035764 0.500242
4 1 0.078747 0.138770 0.224909 0.035654 0.521920
4 1 0.074450 0.116630 0.216913 0.034677 0.557331
4 2 0.059861 0.066593 0.187432 0.029908 0.656207
4 2 0.045445 0.048482 0.166345 0.019200 0.720528
4 4 0.034298 0.035551 0.146074 0.012249 0.771828
4 4 0.029848 0.030518 0.136600 0.009842 0.793193
4 4 0.025108 0.025249 0.125408 0.007514 0.816722
4 4 0.021126 0.020902 0.114933 0.005750 0.837288
4 4 0.017112 0.016605 0.103115 0.004158 0.859009
4 4 0.019875 0.019553 0.111399 0.005234 0.843940
4 4 0.027714 0.028134 0.131716 0.008764 0.803672
4 4 0.034936 0.036278 0.147359 0.012611 0.768815
4 4 0.041621 0.043997 0.159884 0.016668 0.737830
4 4 0.062320 0.076408 0.194541 0.029893 0.636838
4 4 0.081727 0.159179 0.230243 0.035877 0.492974
4 4 0.097010 0.179841 0.235335 0.052090 0.435724
1 4 0.188556 0.273999 0.262607 0.102397 0.172441
1 0 0.148466 0.395414 0.228970 0.078647 0.148503
1 4 0.109954 0.441840 0.212570 0.054406 0.181229
1 4 0.108342 0.364346 0.229712 0.052070 0.245530
4 4 0.105731 0.252966 0.239755 0.054779 0.346769
4 4 0.076842 0.106503 0.213711 0.040014 0.562930
4 4 0.048459 0.052051 0.171116 0.021306 0.707068
4 4 0.040688 0.042909 0.158233 0.016073 0.742098
4 4 0.031645 0.032541 0.140537 0.010789 0.784488
4 4 0.027055 0.027401 0.130158 0.008441 0.806945
4 4 0.025189 0.025337 0.125609 0.007551 0.816313
4 4 0.022768 0.022685 0.119386 0.006456 0.828705
4 4 0.021139 0.020916 0.114969 0.005756 0.837219
4 4 0.026014 0.026249 0.127647 0.007940 0.812150
4 4 0.040025 0.042139 0.157043 0.015656 0.745136
4 4 0.049381 0.053150 0.172523 0.021970 0.702975
4 4 0.069626 0.077933 0.197958 0.038934 0.615549
4 4 0.057463 0.062890 0.183866 0.028185 0.667596
4 4 0.028140 0.028608 0.132710 0.008975 0.801566
4 4 0.016466 0.015921 0.101069 0.003920 0.862624
4 4 0.016346 0.015796 0.100687 0.003877 0.863294
4 4 0.018558 0.018143 0.107539 0.004710 0.851050
4 4 0.019052 0.018670 0.109005 0.004904 0.848369
4 4 0.019261 0.018894 0.109618 0.004987 0.847240
4 4 0.018585 0.018171 0.107618 0.004720 0.850907
4 4 0.013031 0.012337 0.089381 0.002743 0.882508
4 4 0.011137 0.010397 0.082220 0.002160 0.894086
4 4 0.012332 0.011618 0.086807 0.002522 0.886720
4 4 0.013205 0.012517 0.090010 0.002799 0.881470
4 4 0.013242 0.012555 0.090143 0.002811 0.881250
4 4 0.017666 0.017192 0.104832 0.004366 0.855944
4 4 0.027427 0.027815 0.131041 0.008622 0.805095
4 4 0.034903 0.036242 0.147295 0.012593 0.768968
4 4 0.046983 0.050304 0.168817 0.020262 0.713634
4 4 0.063576 0.093537 0.203905 0.027165 0.611816
4 4 0.070248 0.118712 0.216360 0.029574 0.565107
4 4 0.067052 0.103727 0.209661 0.028865 0.590694
4 4 0.063502 0.085390 0.199914 0.028908 0.622286
4 2 0.061383 0.071555 0.191251 0.030198 0.645613
4 2 0.061738 0.068182 0.189240 0.031747 0.649093
4 2 0.060331 0.066395 0.187494 0.030564 0.655216
4 2 0.060458 0.072332 0.191350 0.028846 0.647014
4 2 0.059201 0.076562 0.193312 0.026260 0.644666
4 2 0.064548 0.097923 0.206261 0.027317 0.603951
4 2 0.065107 0.099230 0.207046 0.027655 0.600962
4 2 0.074916 0.146812 0.225883 0.030237 0.522152
4 2 0.079414 0.189022 0.234754 0.030031 0.466778
4 2 0.097265 0.268399 0.240526 0.042564 0.351246
2 2 0.185629 0.210835 0.285790 0.089010 0.228735
0 0 0.371382 0.172589 0.319778 0.077278 0.058972
1 0 0.177292 0.406498 0.260859 0.050634 0.104716
1 1 0.106557 0.514715 0.201109 0.043484 0.134135
1 1 0.110736 0.479329 0.201159 0.057060 0.151717
1 1 0.114038 0.465695 0.203076 0.061797 0.155394
4 1 0.087072 0.209384 0.238260 0.035946 0.429338
4 1 0.077273 0.213925 0.263141 0.034790 0.410871
4 2 0.061043 0.204473 0.317625 0.035553 0.381307
4 2 0.055705 0.197771 0.332544 0.033763 0.380217
4 2 0.139188 0.206881 0.290241 0.048711 0.314980
2 0 0.221459 0.262181 0.285597 0.090310 0.140453
1 1 0.160764 0.383092 0.238943 0.077526 0.139675
1 1 0.115027 0.461584 0.203617 0.063285 0.156487
1 1 0.114450 0.463983 0.203304 0.062413 0.155850
1 2 0.106362 0.396727 0.224619 0.048989 0.223303
4 2 0.089443 0.288668 0.240068 0.033036 0.348784
4 2 0.072754 0.273087 0.281701 0.032324 0.340135
4 2 0.061065 0.257468 0.321295 0.032727 0.327445
4 2 0.066211 0.221431 0.291794 0.031571 0.388993
4 2 0.077611 0.215037 0.258489 0.033295 0.415568
4 1 0.100355 0.240849 0.240258 0.048655 0.369883
1 2 0.123548 0.364743 0.225909 0.071982 0.213818
1 1 0.117310 0.453503 0.205038 0.066072 0.158077
1 2 0.107289 0.493450 0.198977 0.052457 0.147827
1 2 0.095812 0.464810 0.213018 0.036802 0.189558
2 2 0.051853 0.337487 0.357401 0.033974 0.219284
2 2 0.041706 0.214348 0.546055 0.037185 0.160706
2 2 0.035591 0.131555 0.703793 0.034579 0.094481
2 2 0.032993 0.099991 0.765618 0.033162 0.068235
2 2 0.031550 0.079327 0.802932 0.033247 0.052943
2 2 0.029735 0.065217 0.828745 0.033480 0.042823
2 2 0.028455 0.059727 0.836728 0.034341 0.040749
2 2 0.027616 0.057970 0.839733 0.034168 0.040513
2 2 0.027492 0.060359 0.835517 0.033742 0.042890
2 2 0.027201 0.062252 0.836259 0.031731 0.042556
2 2 0.027727 0.071177 0.826363 0.029529 0.045204
2 2 0.035370 0.096783 0.790295 0.027740 0.049812
2 2 0.103159 0.163410 0.634978 0.037189 0.061265
0 0 0.349393 0.217426 0.332654 0.048888 0.051639
1 1 0.237966 0.351136 0.302792 0.038189 0.069918
2 2 0.082628 0.390407 0.415308 0.028262 0.083394
2 2 0.051720 0.222076 0.606793 0.035426 0.083985
2 2 0.040771 0.099016 0.759865 0.043763 0.056585
2 2 0.034859 0.054620 0.808237 0.056776 0.045508
2 2 0.030191 0.034092 0.840845 0.064799 0.030074
2 2 0.030301 0.035152 0.836558 0.071217 0.026772
2 2 0.025416 0.032402 0.841615 0.080881 0.019687
2 2 0.022284 0.032419 0.830097 0.098364 0.016836
2 2 0.020363 0.030634 0.835154 0.098087 0.015761
2 2 0.020398 0.030426 0.837309 0.096229 0.015638
2 2 0.021023 0.030269 0.841781 0.091392 0.015535
2 2 0.020501 0.029966 0.842817 0.091324 0.015392
2 2 0.021097 0.032621 0.825028 0.104181 0.017074
2 2 0.020788 0.035201 0.803803 0.121380 0.018828
2 2 0.025562 0.040663 0.777191 0.134554 0.022031
2 3 0.045124 0.049912 0.748699 0.129786 0.026479
2 3 0.117525 0.095334 0.660471 0.089263 0.037406
2 0 0.129997 0.169629 0.595865 0.058925 0.045584
2 2 0.051616 0.136956 0.738063 0.037948 0.035417
2 2 0.033824 0.068535 0.824845 0.041988 0.030808
2 2 0.031554 0.036343 0.853724 0.055935 0.022444
2 2 0.029104 0.026500 0.869967 0.057250 0.017179
2 2 0.027147 0.024248 0.879317 0.054589 0.014698
