2 0 0.246094 0.179076 0.331901 0.126968 0.115961
2 0 0.227969 0.175729 0.363486 0.123046 0.109770
2 0 0.133401 0.130273 0.546331 0.117086 0.072909
2 0 0.109503 0.130228 0.615219 0.082998 0.062052
2 0 0.057053 0.081418 0.752270 0.072944 0.036315
2 0 0.051581 0.075042 0.767709 0.072277 0.033391
2 0 0.060481 0.081078 0.737157 0.083104 0.038180
2 0 0.097136 0.118080 0.622324 0.090499 0.071960
2 0 0.159205 0.172332 0.405244 0.086131 0.177089
2 0 0.192896 0.182710 0.291453 0.087818 0.245123
4 0 0.205577 0.182214 0.225398 0.083260 0.303550
4 0 0.197607 0.179914 0.217428 0.078698 0.326352
4 0 0.185872 0.175870 0.205558 0.072262 0.360438
4 0 0.185324 0.178392 0.229929 0.075480 0.330875
2 0 0.202324 0.183362 0.312207 0.095998 0.206109
2 0 0.231967 0.181450 0.330752 0.117094 0.138737
2 0 0.270964 0.182651 0.289551 0.130966 0.125868
2 0 0.272846 0.182533 0.288249 0.131802 0.124570
2 0 0.272846 0.182533 0.288249 0.131802 0.124570
2 0 0.272846 0.182533 0.288249 0.131802 0.124570
2 0 0.265947 0.179089 0.295293 0.138514 0.121158
2 0 0.245950 0.169193 0.314104 0.159933 0.110820
2 0 0.244110 0.170642 0.310803 0.167495 0.106950
2 0 0.256748 0.178773 0.296409 0.156827 0.111243
2 0 0.268904 0.186267 0.282915 0.146336 0.115578
2 0 0.270395 0.185043 0.284777 0.141106 0.118679
2 0 0.271212 0.184251 0.285923 0.138056 0.120559
2 0 0.271599 0.183862 0.286469 0.136595 0.121476
2 0 0.271762 0.183694 0.286700 0.135975 0.121869
2 0 0.270771 0.184684 0.285303 0.139707 0.119535
2 0 0.238661 0.164836 0.321948 0.166681 0.107874
2 0 0.225178 0.157037 0.334443 0.180091 0.103250
2 0 0.239798 0.165470 0.320833 0.165503 0.108396
2 0 0.242139 0.166266 0.319581 0.161908 0.110105
2 0 0.239072 0.163735 0.324399 0.163047 0.109749
2 0 0.244985 0.166429 0.319578 0.155787 0.113221
2 0 0.264764 0.177567 0.298027 0.137875 0.121768
2 0 0.271947 0.183502 0.286962 0.135270 0.122318
2 0 0.270970 0.184490 0.285583 0.138962 0.119995
2 0 0.271639 0.183821 0.286525 0.136443 0.121572
2 0 0.272228 0.183206 0.287363 0.134194 0.123010
2 0 0.266123 0.180128 0.293539 0.140175 0.120034
2 0 0.250118 0.171020 0.310840 0.154710 0.113311
2 0 0.235743 0.162204 0.327008 0.167248 0.107797
2 0 0.211385 0.148060 0.349818 0.192271 0.098466
2 0 0.194404 0.139369 0.357994 0.215168 0.093064
2 0 0.168972 0.125072 0.369659 0.251579 0.084718
2 0 0.161463 0.120972 0.370859 0.264410 0.082296
2 0 0.165166 0.122946 0.370563 0.257743 0.083582
2 0 0.187965 0.136947 0.356662 0.227628 0.090798
2 0 0.210431 0.150769 0.339176 0.202120 0.097504
2 0 0.259130 0.177725 0.298373 0.149607 0.115165
2 0 0.272670 0.182728 0.287995 0.132487 0.124120
2 0 0.272846 0.182533 0.288249 0.131802 0.124570
2 1 0.231472 0.184477 0.295888 0.110107 0.178056
4 1 0.183971 0.169710 0.236079 0.086532 0.323708
4 4 0.133657 0.144746 0.196766 0.071816 0.453015
4 4 0.101055 0.123273 0.161765 0.060247 0.553659
4 4 0.081144 0.107810 0.134077 0.050409 0.626560
4 4 0.073275 0.101267 0.117660 0.042958 0.664839
4 4 0.079259 0.106675 0.125762 0.048005 0.640299
4 4 0.095568 0.121161 0.130930 0.048291 0.604050
4 4 0.117258 0.135142 0.175127 0.067728 0.504746
2 4 0.137518 0.133448 0.295132 0.139393 0.294509
2 4 0.105366 0.099923 0.421266 0.209672 0.163774
2 4 0.061355 0.059918 0.573169 0.245912 0.059646
2 4 0.045415 0.044070 0.602885 0.269816 0.037813
2 4 0.037926 0.037999 0.594890 0.298035 0.031150
2 4 0.051838 0.049940 0.561691 0.299233 0.037298
2 4 0.081036 0.073099 0.481095 0.313578 0.051193
2 4 0.130803 0.111175 0.387982 0.276008 0.094032
2 4 0.131066 0.122187 0.358725 0.230616 0.157405
2 4 0.113412 0.115925 0.398795 0.176572 0.195295
2 4 0.108117 0.123198 0.397785 0.124409 0.246491
4 4 0.141597 0.154516 0.253924 0.074479 0.375484
2 4 0.157986 0.137451 0.422484 0.143646 0.138433
2 4 0.165887 0.123291 0.443555 0.180885 0.086383
2 4 0.149680 0.114248 0.457199 0.195533 0.083341
2 4 0.132276 0.111940 0.430922 0.202375 0.122486
2 4 0.113549 0.106428 0.412791 0.204211 0.163021
2 4 0.121356 0.117598 0.334020 0.165497 0.261530
4 4 0.112098 0.117607 0.296128 0.140139 0.334028
4 4 0.109584 0.118873 0.273162 0.123562 0.374819
2 4 0.101031 0.105354 0.389867 0.179340 0.224408
2 4 0.090982 0.091491 0.410620 0.254497 0.152411
2 4 0.085364 0.074262 0.419563 0.357578 0.063234
2 4 0.110979 0.089622 0.375408 0.358575 0.065417
2 4 0.135775 0.106893 0.366801 0.315881 0.074650
2 4 0.102650 0.083690 0.377560 0.374714 0.061385
2 4 0.068154 0.059969 0.416426 0.410320 0.045132
2 4 0.035979 0.036170 0.494770 0.403744 0.029337
2 4 0.028107 0.029607 0.521396 0.395253 0.025637
2 4 0.023651 0.025124 0.507161 0.420379 0.023686
2 4 0.021978 0.022900 0.501714 0.430167 0.023239
2 4 0.021202 0.021679 0.524531 0.409575 0.023014
2 4 0.030201 0.030296 0.581746 0.323956 0.033801
2 4 0.039074 0.040917 0.586409 0.282989 0.050610
2 4 0.050159 0.054998 0.542886 0.264568 0.087388
2 4 0.075148 0.083338 0.392344 0.246548 0.202623
4 4 0.079478 0.095182 0.298113 0.216673 0.310554
4 4 0.077438 0.101135 0.239816 0.157783 0.423828
4 4 0.073616 0.098415 0.234973 0.155000 0.437995
4 4 0.075406 0.091954 0.299282 0.216146 0.317212
2 4 0.061011 0.070179 0.399111 0.293075 0.176624
2 4 0.044279 0.050455 0.524474 0.289498 0.091294
2 4 0.034211 0.038461 0.626328 0.252024 0.048976
2 4 0.028877 0.031764 0.676650 0.232285 0.030423
2 4 0.020736 0.022581 0.700912 0.237101 0.018670
2 4 0.015931 0.017153 0.680455 0.270879 0.015581
2 4 0.012674 0.013547 0.649818 0.310331 0.013631
2 4 0.011971 0.012553 0.621433 0.340551 0.013492
2 4 0.012510 0.012962 0.616034 0.344510 0.013984
2 4 0.012919 0.013416 0.613423 0.345730 0.014512
2 4 0.012325 0.012988 0.594625 0.365872 0.014190
2 4 0.011436 0.012176 0.533234 0.429546 0.013607
3 2 0.010023 0.010873 0.450202 0.516461 0.012440
3 2 0.007090 0.007972 0.322713 0.652653 0.009572
3 2 0.004102 0.004868 0.199463 0.785434 0.006133
3 2 0.002198 0.002918 0.128196 0.863042 0.003646
3 2 0.001387 0.002031 0.093231 0.900885 0.002466
3 3 0.000985 0.001547 0.073471 0.922162 0.001834
3 3 0.000637 0.001072 0.057600 0.939431 0.001261
3 3 0.000423 0.000759 0.046004 0.951926 0.000888
3 3 0.000329 0.000618 0.038926 0.959414 0.000713
3 3 0.000225 0.000453 0.030404 0.968404 0.000515
3 3 0.000148 0.000319 0.023813 0.975355 0.000364
3 3 0.000111 0.000251 0.019721 0.979632 0.000285
3 3 0.000104 0.000240 0.018451 0.980936 0.000269
3 3 0.000089 0.000214 0.016241 0.983221 0.000235
3 3 0.000075 0.000186 0.014199 0.985339 0.000201
3 3 0.000060 0.000155 0.012005 0.987617 0.000163
3 3 0.000054 0.000143 0.010901 0.988754 0.000147
3 3 0.000046 0.000127 0.009580 0.990120 0.000127
3 3 0.000050 0.000138 0.009585 0.990093 0.000135
3 3 0.000070 0.000186 0.011200 0.988368 0.000176
3 3 0.000104 0.000258 0.014286 0.985109 0.000244
3 3 0.000152 0.000349 0.019313 0.979843 0.000343
3 3 0.000165 0.000362 0.022415 0.976677 0.000382
3 3 0.000175 0.000378 0.023849 0.975188 0.000410
3 3 0.000111 0.000258 0.018012 0.981342 0.000278
3 3 0.000072 0.000181 0.013593 0.985962 0.000192
3 3 0.000043 0.000119 0.010034 0.989679 0.000125
3 3 0.000034 0.000096 0.008478 0.991292 0.000101
3 3 0.000026 0.000078 0.007249 0.992565 0.000081
3 3 0.000024 0.000073 0.006660 0.993169 0.000074
3 3 0.000025 0.000075 0.006609 0.993216 0.000076
3 3 0.000024 0.000075 0.006409 0.993418 0.000074
3 3 0.000023 0.000071 0.006128 0.993709 0.000070
3 3 0.000021 0.000066 0.005747 0.994102 0.000065
3 3 0.000020 0.000064 0.005527 0.994326 0.000063
3 3 0.000019 0.000062 0.005204 0.994654 0.000060
3 3 0.000018 0.000058 0.004856 0.995011 0.000057
3 3 0.000016 0.000054 0.004519 0.995360 0.000052
3 3 0.000015 0.000050 0.004310 0.995577 0.000049
3 3 0.000014 0.000048 0.004142 0.995750 0.000046
3 3 0.000013 0.000047 0.004081 0.995814 0.000045
3 3 0.000014 0.000048 0.004182 0.995709 0.000047
3 3 0.000014 0.000049 0.004248 0.995641 0.000047
3 3 0.000013 0.000046 0.004109 0.995787 0.000045
3 3 0.000014 0.000047 0.004085 0.995808 0.000045
3 3 0.000014 0.000048 0.004057 0.995835 0.000046
3 3 0.000014 0.000048 0.003926 0.995967 0.000045
3 3 0.000014 0.000048 0.003819 0.996075 0.000045
3 3 0.000013 0.000048 0.003787 0.996107 0.000044
3 3 0.000013 0.000046 0.003750 0.996147 0.000043
3 3 0.000013 0.000047 0.003835 0.996060 0.000044
3 3 0.000013 0.000045 0.003796 0.996104 0.000043
3 3 0.000012 0.000043 0.003792 0.996112 0.000041
3 3 0.000012 0.000042 0.003760 0.996146 0.000040
3 3 0.000011 0.000039 0.003601 0.996311 0.000038
3 3 0.000011 0.000038 0.003516 0.996398 0.000037
3 3 0.000010 0.000037 0.003410 0.996507 0.000036
3 3 0.000009 0.000034 0.003181 0.996744 0.000033
3 3 0.000008 0.000031 0.002995 0.996937 0.000030
3 3 0.000008 0.000030 0.002923 0.997011 0.000029
3 3 0.000008 0.000032 0.003109 0.996820 0.000031
3 3 0.000012 0.000042 0.003757 0.996148 0.000041
3 3 0.000018 0.000059 0.004828 0.995037 0.000057
3 3 0.000101 0.000261 0.012409 0.987003 0.000226
3 3 0.001251 0.002217 0.050434 0.944432 0.001665
3 3 0.006932 0.008629 0.160432 0.815484 0.008523
3 3 0.001860 0.003124 0.060524 0.931618 0.002873
3 3 0.000081 0.000221 0.010199 0.989292 0.000206
3 3 0.000029 0.000092 0.005703 0.994092 0.000084
3 3 0.000008 0.000030 0.002745 0.997190 0.000028
3 3 0.000008 0.000031 0.002818 0.997114 0.000029
3 3 0.000008 0.000031 0.002731 0.997202 0.000028
3 3 0.000008 0.000030 0.002571 0.997365 0.000027
3 3 0.000007 0.000028 0.002384 0.997557 0.000025
3 3 0.000006 0.000025 0.002165 0.997781 0.000022
3 3 0.000006 0.000025 0.002050 0.997898 0.000022
3 3 0.000006 0.000025 0.002051 0.997895 0.000022
3 3 0.000006 0.000025 0.002134 0.997812 0.000023
3 3 0.000006 0.000026 0.002308 0.997636 0.000024
3 3 0.000007 0.000028 0.002549 0.997390 0.000026
3 3 0.000008 0.000031 0.002762 0.997170 0.000029
3 3 0.000009 0.000033 0.002835 0.997093 0.000031
3 3 0.000009 0.000035 0.002810 0.997115 0.000031
3 3 0.000009 0.000034 0.002745 0.997182 0.000030
3 3 0.000009 0.000034 0.002724 0.997204 0.000030
3 3 0.000009 0.000036 0.002889 0.997034 0.000032
3 3 0.000010 0.000037 0.003031 0.996889 0.000034
3 3 0.000009 0.000034 0.002963 0.996963 0.000032
3 3 0.000007 0.000029 0.002701 0.997236 0.000027
3 3 0.000008 0.000030 0.002762 0.997172 0.000028
3 3 0.000009 0.000033 0.002840 0.997088 0.000031
3 3 0.000009 0.000034 0.002762 0.997164 0.000031
3 3 0.000008 0.000032 0.002556 0.997376 0.000028
3 3 0.000008 0.000032 0.002551 0.997381 0.000028
3 3 0.000008 0.000032 0.002578 0.997354 0.000028
3 3 0.000008 0.000030 0.002578 0.997356 0.000028
3 3 0.000008 0.000032 0.002649 0.997283 0.000029
3 3 0.000008 0.000031 0.002568 0.997366 0.000028
3 3 0.000007 0.000029 0.002462 0.997477 0.000026
3 3 0.000006 0.000025 0.002305 0.997642 0.000023
3 3 0.000006 0.000024 0.002335 0.997612 0.000022
3 3 0.000006 0.000025 0.002413 0.997533 0.000023
3 3 0.000007 0.000027 0.002570 0.997371 0.000025
3 3 0.000007 0.000029 0.002648 0.997289 0.000027
3 3 0.000007 0.000029 0.002654 0.997282 0.000027
3 3 0.000007 0.000028 0.002601 0.997337 0.000026
3 3 0.000007 0.000028 0.002557 0.997383 0.000026
3 3 0.000007 0.000028 0.002545 0.997395 0.000026
3 3 0.000007 0.000028 0.002519 0.997421 0.000025
3 3 0.000007 0.000029 0.002584 0.997352 0.000027
3 3 0.000008 0.000032 0.002674 0.997258 0.000029
3 3 0.000009 0.000034 0.002858 0.997067 0.000031
3 3 0.000008 0.000032 0.002828 0.997101 0.000030
3 3 0.000008 0.000031 0.002839 0.997092 0.000029
3 3 0.000008 0.000029 0.002789 0.997146 0.000027
3 3 0.000008 0.000031 0.002887 0.997044 0.000029
3 3 0.000010 0.000038 0.003195 0.996722 0.000035
3 3 0.000015 0.000054 0.003831 0.996053 0.000047
3 3 0.000025 0.000083 0.005147 0.994673 0.000072
3 3 0.000045 0.000134 0.007630 0.992071 0.000119
3 3 0.000062 0.000169 0.010239 0.989371 0.000159
3 3 0.000077 0.000197 0.013093 0.986437 0.000196
3 3 0.000088 0.000213 0.015482 0.983997 0.000220
3 3 0.000104 0.000241 0.018413 0.980986 0.000256
3 3 0.000147 0.000316 0.023980 0.975216 0.000341
3 3 0.000270 0.000516 0.036736 0.961904 0.000573
3 1 0.000581 0.000952 0.062719 0.934642 0.001105
3 1 0.001172 0.001662 0.102575 0.892557 0.002034
3 1 0.002149 0.002729 0.158101 0.833587 0.003433
3 1 0.003442 0.004244 0.240199 0.746984 0.005131
3 1 0.005220 0.006358 0.328902 0.652325 0.007195
3 1 0.008027 0.009662 0.439782 0.532518 0.010011
2 1 0.012648 0.014985 0.567445 0.390757 0.014165
2 1 0.019814 0.022467 0.672286 0.265720 0.019712
2 1 0.027942 0.030913 0.694190 0.222421 0.024534
2 1 0.035711 0.039946 0.700890 0.192775 0.030678
2 1 0.044310 0.050921 0.691600 0.171543 0.041626
2 4 0.059813 0.067936 0.649488 0.159216 0.063547
2 4 0.067322 0.075926 0.614169 0.158400 0.084183
2 4 0.076854 0.084211 0.574035 0.158140 0.106759
2 4 0.090484 0.097344 0.518754 0.151199 0.142219
2 4 0.102983 0.110098 0.466907 0.140739 0.179273
2 4 0.100138 0.108865 0.462284 0.142065 0.186648
2 4 0.088330 0.097284 0.486725 0.158470 0.169191
2 4 0.087169 0.094912 0.483948 0.163534 0.170436
2 4 0.090206 0.100282 0.462642 0.151707 0.195162
2 4 0.076318 0.086999 0.534318 0.161999 0.140366
2 4 0.062418 0.071180 0.579914 0.186458 0.100030
2 4 0.062310 0.070158 0.575192 0.194206 0.098133
2 4 0.060649 0.067003 0.573498 0.207527 0.091323
2 4 0.049539 0.054255 0.606630 0.224372 0.065204
2 4 0.042462 0.046871 0.638551 0.221575 0.050540
2 4 0.029809 0.032052 0.676157 0.235149 0.026832
2 4 0.018613 0.020797 0.689180 0.253230 0.018181
2 4 0.010658 0.012294 0.670105 0.294667 0.012275
2 4 0.007969 0.009264 0.610559 0.362120 0.010089
2 4 0.007049 0.008216 0.554423 0.420971 0.009341
2 4 0.006692 0.007825 0.518488 0.458005 0.008990
2 4 0.006903 0.007981 0.521364 0.454567 0.009185
2 2 0.007780 0.008962 0.589264 0.384077 0.009916
2 2 0.008520 0.009794 0.632433 0.338706 0.010546
2 2 0.008276 0.009583 0.614707 0.357121 0.010313
2 2 0.007003 0.008159 0.496366 0.479310 0.009162
3 2 0.006244 0.007350 0.392885 0.585306 0.008215
3 2 0.006039 0.007139 0.340690 0.638321 0.007812
3 2 0.007385 0.008562 0.400385 0.574512 0.009156
2 2 0.008844 0.010130 0.496607 0.473767 0.010652
2 2 0.010045 0.011215 0.578267 0.388686 0.011787
2 2 0.010745 0.011669 0.608747 0.356346 0.012492
2 2 0.010363 0.011123 0.592401 0.373803 0.012309
2 2 0.009425 0.010261 0.550264 0.418517 0.011532
3 2 0.007553 0.008304 0.451943 0.522357 0.009843
3 2 0.005305 0.006003 0.336764 0.644452 0.007475
3 2 0.003229 0.003856 0.215453 0.772541 0.004922
3 2 0.002047 0.002621 0.142874 0.849156 0.003302
3 3 0.001424 0.001983 0.109305 0.884863 0.002425
3 3 0.000869 0.001326 0.080441 0.915768 0.001596
3 3 0.000487 0.000820 0.056997 0.940721 0.000975
3 3 0.000422 0.000741 0.049196 0.948787 0.000854
3 3 0.000357 0.000668 0.039668 0.958583 0.000725
3 3 0.000302 0.000603 0.031970 0.966512 0.000612
3 3 0.000336 0.000685 0.029644 0.968686 0.000649
3 3 0.000463 0.000906 0.034586 0.963203 0.000842
3 3 0.000728 0.001330 0.044425 0.952308 0.001209
3 3 0.000922 0.001582 0.055239 0.940787 0.001469
3 3 0.001868 0.002836 0.084411 0.908235 0.002649
3 3 0.003008 0.004170 0.113937 0.874870 0.004015
3 3 0.003960 0.005153 0.139283 0.846473 0.005132
3 3 0.003046 0.003975 0.136903 0.851831 0.004245
3 3 0.002931 0.003675 0.159579 0.829562 0.004254
3 3 0.002582 0.003204 0.176593 0.813659 0.003963
3 3 0.002649 0.003214 0.196366 0.793622 0.004149
3 3 0.002429 0.002951 0.186815 0.803918 0.003886
3 3 0.002129 0.002623 0.161734 0.830040 0.003475
3 3 0.001506 0.002000 0.126504 0.867391 0.002599
3 3 0.000833 0.001245 0.085723 0.910626 0.001573
3 3 0.000432 0.000744 0.052992 0.944947 0.000885
3 3 0.000314 0.000589 0.039225 0.959210 0.000662
3 3 0.000271 0.000531 0.033495 0.965130 0.000572
3 3 0.000216 0.000438 0.029757 0.969117 0.000472
3 3 0.000204 0.000414 0.029707 0.969222 0.000453
3 3 0.000213 0.000427 0.030800 0.968087 0.000473
3 3 0.000241 0.000475 0.032681 0.966077 0.000526
3 3 0.000199 0.000404 0.029594 0.969353 0.000450
3 3 0.000158 0.000330 0.026533 0.972609 0.000370
3 3 0.000138 0.000296 0.024305 0.974930 0.000330
3 3 0.000144 0.000309 0.024225 0.974982 0.000340
3 3 0.000146 0.000315 0.023768 0.975427 0.000345
3 3 0.000136 0.000296 0.022670 0.976572 0.000326
3 3 0.000117 0.000261 0.020844 0.978489 0.000289
3 3 0.000093 0.000215 0.018315 0.981138 0.000239
3 3 0.000087 0.000205 0.017063 0.982419 0.000226
3 3 0.000083 0.000199 0.015909 0.983591 0.000218
3 3 0.000062 0.000159 0.012891 0.986718 0.000170
3 3 0.000052 0.000137 0.011042 0.988624 0.000145
3 3 0.000044 0.000122 0.009929 0.989777 0.000127
3 3 0.000041 0.000112 0.009430 0.990300 0.000117
3 3 0.000044 0.000119 0.010154 0.989557 0.000126
3 3 0.000049 0.000129 0.011068 0.988615 0.000138
3 3 0.000063 0.000159 0.012933 0.986674 0.000171
3 3 0.000086 0.000211 0.015165 0.984318 0.000220
3 3 0.000129 0.000300 0.018180 0.981093 0.000298
3 3 0.000351 0.000731 0.027688 0.970586 0.000644
3 3 0.001569 0.002717 0.054762 0.938822 0.002130
3 3 0.007784 0.010664 0.121215 0.852328 0.008010
3 3 0.007886 0.010173 0.145091 0.828197 0.008653
3 3 0.004105 0.005544 0.124413 0.860596 0.005342
3 3 0.001305 0.002020 0.078085 0.916460 0.002130
3 3 0.000840 0.001372 0.064372 0.931942 0.001474
3 3 0.000614 0.001070 0.051473 0.945745 0.001098
3 3 0.001522 0.002430 0.071222 0.922602 0.002224
3 3 0.004120 0.005945 0.101671 0.883344 0.004920
3 3 0.008712 0.011238 0.145467 0.825451 0.009132
3 3 0.006198 0.007950 0.146910 0.831597 0.007346
3 3 0.003919 0.005179 0.132630 0.852980 0.005293
3 3 0.001450 0.002211 0.082087 0.911863 0.002388
3 3 0.000665 0.001145 0.053711 0.943227 0.001251
3 3 0.000257 0.000504 0.033205 0.965472 0.000562
3 3 0.000260 0.000507 0.034343 0.964321 0.000570
3 3 0.000318 0.000593 0.039906 0.958502 0.000682
3 3 0.000383 0.000685 0.046362 0.951759 0.000811
3 3 0.000743 0.001200 0.066449 0.930206 0.001403
3 3 0.000917 0.001420 0.076936 0.919058 0.001669
3 3 0.003010 0.003929 0.151065 0.837697 0.004299
3 3 0.008753 0.010583 0.267217 0.704205 0.009241
2 3 0.036993 0.035363 0.527271 0.367654 0.032719
2 3 0.026064 0.026685 0.512687 0.408743 0.025821
3 3 0.010308 0.011811 0.299400 0.665958 0.012523
3 3 0.011352 0.012349 0.319657 0.643330 0.013313
3 3 0.004700 0.005619 0.231720 0.751202 0.006759
3 3 0.004429 0.005204 0.247193 0.736528 0.006646
3 3 0.003164 0.003828 0.226611 0.761315 0.005082
3 3 0.002631 0.003226 0.216742 0.773078 0.004323
3 3 0.002284 0.002862 0.210578 0.780483 0.003793
3 3 0.002130 0.002681 0.198276 0.793356 0.003558
3 3 0.001654 0.002123 0.156620 0.836727 0.002876
3 3 0.001250 0.001673 0.122831 0.871982 0.002263
3 3 0.000906 0.001311 0.095200 0.900874 0.001710
3 3 0.000679 0.001045 0.077481 0.919467 0.001328
3 3 0.000541 0.000873 0.065643 0.931849 0.001094
3 3 0.000573 0.000929 0.064973 0.932379 0.001145
3 3 0.000591 0.000973 0.061899 0.935373 0.001163
3 3 0.000610 0.001020 0.059011 0.938176 0.001183
3 3 0.000611 0.001025 0.058198 0.938979 0.001188
3 3 0.000667 0.001084 0.064582 0.932369 0.001298
3 3 0.000623 0.000993 0.068901 0.928235 0.001248
3 3 0.000684 0.001060 0.075682 0.921216 0.001359
3 3 0.000631 0.000998 0.070571 0.926545 0.001254
3 3 0.000607 0.000988 0.064286 0.932938 0.001182
3 3 0.000445 0.000772 0.051408 0.946479 0.000895
3 3 0.000381 0.000684 0.045532 0.952623 0.000780
3 3 0.000302 0.000566 0.039152 0.959338 0.000642
3 3 0.000230 0.000452 0.033193 0.965613 0.000511
3 3 0.000187 0.000382 0.028804 0.970201 0.000426
3 3 0.000175 0.000364 0.026904 0.972155 0.000401
3 3 0.000138 0.000300 0.023074 0.976159 0.000329
3 3 0.000093 0.000216 0.018166 0.981288 0.000237
3 3 0.000075 0.000183 0.015457 0.984088 0.000197
3 3 0.000062 0.000157 0.013208 0.986407 0.000167
3 3 0.000052 0.000138 0.011453 0.988214 0.000143
3 3 0.000048 0.000130 0.010246 0.989446 0.000131
3 3 0.000044 0.000123 0.009272 0.990440 0.000121
3 3 0.000046 0.000130 0.009025 0.990675 0.000125
3 3 0.000061 0.000167 0.010031 0.989585 0.000156
3 3 0.000092 0.000242 0.011945 0.987507 0.000215
3 3 0.000151 0.000370 0.015350 0.983813 0.000316
3 3 0.000344 0.000744 0.024352 0.973931 0.000629
3 3 0.000742 0.001400 0.040008 0.956638 0.001212
3 3 0.001094 0.001899 0.053474 0.941860 0.001673
3 3 0.001343 0.002167 0.068504 0.925985 0.002001
3 3 0.001747 0.002609 0.088678 0.904436 0.002530
3 3 0.003108 0.004161 0.127094 0.861533 0.004103
3 3 0.004134 0.005483 0.170282 0.814876 0.005224
3 3 0.008238 0.010089 0.258143 0.714506 0.009024
3 0 0.014856 0.017274 0.393708 0.559920 0.014240
2 0 0.028147 0.031191 0.534999 0.383116 0.022547
2 0 0.046497 0.049633 0.582347 0.289039 0.032484
2 0 0.119247 0.103665 0.479691 0.231239 0.066158
2 0 0.205677 0.147429 0.341598 0.204613 0.100683
2 0 0.218649 0.173988 0.286800 0.140514 0.180050
4 0 0.195156 0.178306 0.227327 0.092288 0.306923
4 0 0.163364 0.161877 0.233396 0.104202 0.337161
4 1 0.130178 0.136153 0.267206 0.138359 0.328105
4 1 0.113973 0.126083 0.243167 0.113865 0.402912
4 4 0.106810 0.122740 0.219063 0.093112 0.458276
4 4 0.099145 0.120934 0.169051 0.060567 0.550303
4 4 0.098872 0.122216 0.147498 0.047960 0.583454
4 4 0.107118 0.129240 0.144484 0.044642 0.574516
4 4 0.118217 0.137754 0.148836 0.045302 0.549892
4 4 0.124131 0.140721 0.166217 0.052119 0.516811
4 4 0.118737 0.137704 0.153922 0.047210 0.542427
4 4 0.119320 0.136947 0.167131 0.052224 0.524378
4 4 0.114699 0.133791 0.161994 0.050043 0.539473
4 4 0.113013 0.131905 0.169647 0.055068 0.530366
4 4 0.101736 0.124582 0.148245 0.048056 0.577381
4 4 0.092400 0.117243 0.140541 0.047195 0.602622
4 4 0.089454 0.114370 0.145908 0.051699 0.598569
4 4 0.089032 0.112583 0.166878 0.064373 0.567135
4 4 0.081572 0.105683 0.171687 0.071591 0.569467
4 4 0.081433 0.106834 0.166703 0.073638 0.571391
4 4 0.085502 0.111322 0.176867 0.088118 0.538191
4 4 0.088979 0.110087 0.245702 0.166927 0.388306
4 4 0.083207 0.102671 0.270706 0.210442 0.332975
4 4 0.083987 0.104224 0.268068 0.204963 0.338758
4 4 0.086545 0.111602 0.218636 0.135499 0.447719
4 4 0.094244 0.115404 0.248923 0.175139 0.366290
4 4 0.091264 0.110879 0.264849 0.201982 0.331026
4 4 0.092094 0.113240 0.241104 0.152190 0.401373
4 4 0.086186 0.110744 0.189374 0.093964 0.519732
4 4 0.086308 0.109354 0.185343 0.084443 0.534552
4 4 0.085714 0.107002 0.203102 0.093619 0.510563
4 4 0.084867 0.106247 0.205151 0.094988 0.508747
4 4 0.085798 0.108930 0.178858 0.074567 0.551847
4 4 0.084959 0.108245 0.178060 0.074143 0.554593
4 4 0.088817 0.109777 0.206196 0.092904 0.502307
4 4 0.090041 0.109995 0.231730 0.117970 0.450264
4 4 0.096808 0.114116 0.227020 0.100340 0.461716
4 4 0.099132 0.120214 0.177958 0.065157 0.537539
4 4 0.109572 0.126031 0.206306 0.076055 0.482036
4 4 0.114279 0.124460 0.255148 0.105702 0.400409
4 4 0.116538 0.122606 0.282360 0.125543 0.352953
4 4 0.123929 0.126011 0.291645 0.134016 0.324399
2 4 0.106117 0.113479 0.354721 0.151940 0.273744
2 4 0.078065 0.089075 0.500682 0.178364 0.153814
2 4 0.055599 0.064935 0.577951 0.208619 0.092897
2 4 0.045107 0.051241 0.615296 0.227494 0.060861
2 4 0.036376 0.038976 0.619533 0.263704 0.041412
2 4 0.024925 0.025995 0.617954 0.306235 0.024891
2 4 0.024812 0.026201 0.622098 0.302142 0.024748
2 4 0.028856 0.031068 0.645658 0.265625 0.028794
2 4 0.038436 0.043918 0.648428 0.221793 0.047425
2 4 0.049919 0.056674 0.622648 0.201909 0.068850
2 4 0.070169 0.075591 0.547290 0.195018 0.111932
2 4 0.083092 0.085576 0.501944 0.196346 0.133041
2 4 0.110300 0.108127 0.422269 0.181009 0.178295
2 4 0.109327 0.106871 0.414849 0.188725 0.180229
2 4 0.112916 0.110624 0.406638 0.179384 0.190438
2 4 0.096175 0.096995 0.418318 0.202494 0.186018
2 4 0.086457 0.085763 0.433456 0.257210 0.137114
2 4 0.090674 0.085855 0.416741 0.301436 0.105295
2 4 0.129188 0.107680 0.367370 0.292864 0.102897
2 4 0.151074 0.121718 0.362287 0.251282 0.113639
2 4 0.118966 0.104398 0.462623 0.219934 0.094079
2 1 0.048748 0.048802 0.575918 0.287631 0.038901
2 1 0.033770 0.034667 0.596004 0.304316 0.031244
2 1 0.033112 0.034219 0.617584 0.283137 0.031948
2 1 0.032999 0.035067 0.568656 0.329229 0.034050
2 1 0.032208 0.034092 0.580578 0.322476 0.030646
2 1 0.042240 0.045246 0.583575 0.278399 0.050540
2 1 0.068032 0.069876 0.547195 0.226442 0.088455
2 0 0.101045 0.093622 0.490545 0.207971 0.106817
2 0 0.208963 0.155115 0.333769 0.152018 0.150136
2 0 0.231658 0.186904 0.250861 0.099516 0.231061
4 0 0.195340 0.172063 0.250435 0.103266 0.278896
2 1 0.120368 0.122832 0.310742 0.214823 0.231235
2 1 0.091878 0.100243 0.321779 0.279295 0.206805
2 1 0.082030 0.098213 0.295331 0.250017 0.274408
4 1 0.078727 0.104888 0.217898 0.140558 0.457929
4 1 0.078178 0.106926 0.160744 0.078085 0.576067
4 1 0.091734 0.109703 0.263432 0.165259 0.369872
2 1 0.097897 0.105017 0.324932 0.185558 0.286596
2 1 0.100690 0.110508 0.335020 0.147882 0.305900
2 1 0.092359 0.099484 0.424083 0.170457 0.213618
2 1 0.081844 0.085031 0.487550 0.200394 0.145181
2 1 0.075180 0.073942 0.525999 0.226697 0.098182
2 1 0.100072 0.090994 0.476276 0.216816 0.115842
2 1 0.126113 0.112038 0.438746 0.184759 0.138343
2 1 0.148713 0.133309 0.400532 0.152400 0.165046
2 1 0.160962 0.148439 0.378577 0.128905 0.183117
4 0 0.199127 0.182868 0.253584 0.084911 0.279511
2 0 0.210494 0.184889 0.262268 0.091551 0.250798
2 0 0.231941 0.181482 0.330565 0.117029 0.138983
2 0 0.195947 0.144235 0.401405 0.160264 0.098150
2 0 0.177868 0.127340 0.377368 0.227436 0.089989
2 0 0.176453 0.130538 0.359990 0.243950 0.089069
2 0 0.178634 0.135433 0.343646 0.253752 0.088536
2 0 0.135731 0.110498 0.345561 0.334965 0.073245
3 0 0.090529 0.079198 0.339304 0.435502 0.055467
3 0 0.055052 0.052163 0.310411 0.543519 0.038855
3 0 0.048157 0.046546 0.300397 0.568883 0.036018
3 0 0.073443 0.065940 0.333186 0.475959 0.051472
2 0 0.090974 0.077207 0.386588 0.385489 0.059742
2 0 0.053259 0.051436 0.469172 0.387667 0.038466
2 1 0.028154 0.030548 0.537199 0.380152 0.023948
2 1 0.023422 0.026768 0.654719 0.274051 0.021041
2 1 0.030691 0.033644 0.697650 0.212224 0.025790
2 1 0.053681 0.053058 0.642706 0.211041 0.039514
2 1 0.087231 0.089481 0.547908 0.177193 0.098186
2 1 0.107940 0.111195 0.442829 0.168711 0.169324
2 1 0.116687 0.117484 0.381358 0.174587 0.209884
4 1 0.144453 0.139750 0.281545 0.129652 0.304600
4 0 0.136299 0.140653 0.243418 0.106014 0.373617
2 0 0.162495 0.152574 0.276877 0.135207 0.272847
2 0 0.171873 0.149080 0.314379 0.183464 0.181203
2 0 0.203459 0.158312 0.318723 0.170436 0.149070
2 0 0.209059 0.154473 0.331715 0.165942 0.138811
2 0 0.202153 0.152008 0.334399 0.159435 0.152006
2 0 0.204376 0.162756 0.304635 0.133179 0.195053
2 0 0.197809 0.152019 0.330935 0.162617 0.156621
2 0 0.183963 0.136831 0.359801 0.216610 0.102795
2 0 0.204120 0.145389 0.348245 0.203922 0.098323
2 0 0.271988 0.182330 0.288787 0.133035 0.123860
2 0 0.272846 0.182533 0.288249 0.131802 0.124570
2 0 0.272846 0.182533 0.288249 0.131802 0.124570
2 0 0.272846 0.182533 0.288249 0.131802 0.124570
2 0 0.219820 0.155044 0.337590 0.189403 0.098143
2 0 0.201426 0.144593 0.349526 0.210382 0.094073
2 0 0.148151 0.116712 0.352591 0.302660 0.079886
2 0 0.206052 0.151256 0.327807 0.213721 0.101164
3 0 0.140446 0.116613 0.327167 0.339566 0.076209
3 0 0.129760 0.109625 0.325789 0.361672 0.073154
3 0 0.129836 0.110344 0.321797 0.364848 0.073176
3 0 0.123940 0.106714 0.318581 0.379496 0.071269
3 0 0.138867 0.115743 0.325018 0.342577 0.077795
3 0 0.126790 0.108331 0.321338 0.371810 0.071731
3 0 0.106954 0.095601 0.310312 0.425341 0.061793
3 0 0.099272 0.089683 0.310263 0.443279 0.057503
3 0 0.117639 0.100854 0.329088 0.386698 0.065722
2 0 0.143457 0.117295 0.334867 0.328405 0.075976
2 0 0.152599 0.124086 0.328996 0.315073 0.079247
2 0 0.173320 0.138224 0.319298 0.282816 0.086343
2 0 0.168556 0.136837 0.313839 0.296628 0.084140
2 0 0.163185 0.134034 0.312536 0.308544 0.081700
2 0 0.165780 0.134312 0.318446 0.299079 0.082383
2 0 0.173128 0.137169 0.324737 0.280784 0.084183
2 0 0.185179 0.142547 0.329174 0.255553 0.087547
2 0 0.233376 0.167888 0.312325 0.186884 0.099526
2 0 0.271962 0.183486 0.286985 0.135210 0.122357
2 0 0.272846 0.182533 0.288249 0.131802 0.124570
2 0 0.272846 0.182533 0.288249 0.131802 0.124570
2 0 0.272846 0.182533 0.288249 0.131802 0.124570
2 0 0.272846 0.182533 0.288249 0.131802 0.124570
2 0 0.272846 0.182533 0.288249 0.131802 0.124570
2 0 0.272846 0.182533 0.288249 0.131802 0.124570
2 1 0.188762 0.171992 0.370637 0.106929 0.161679
4 1 0.161488 0.174125 0.255401 0.068889 0.340097
4 1 0.144859 0.158454 0.174795 0.053236 0.468657
4 1 0.126306 0.142932 0.160410 0.050006 0.520345
4 1 0.112869 0.132952 0.156401 0.049706 0.548071
4 4 0.085809 0.113537 0.102652 0.029626 0.668377
4 4 0.060346 0.089530 0.073704 0.019686 0.756734
4 4 0.051875 0.080656 0.066647 0.018497 0.782324
4 4 0.050829 0.079558 0.066987 0.019270 0.783357
4 4 0.039644 0.066656 0.051421 0.013431 0.828847
4 4 0.038921 0.065770 0.050228 0.012945 0.832136
4 4 0.036592 0.062928 0.047564 0.012196 0.840721
4 4 0.032367 0.057550 0.041505 0.010071 0.858507
4 4 0.036542 0.062853 0.047226 0.011992 0.841387
4 4 0.039159 0.066052 0.050389 0.012948 0.831453
4 4 0.036435 0.062733 0.047354 0.012125 0.841353
4 4 0.033407 0.058862 0.042377 0.010189 0.855164
4 4 0.038760 0.065618 0.051032 0.013574 0.831016
4 4 0.042579 0.070224 0.057142 0.016096 0.813958
4 4 0.037979 0.064685 0.050427 0.013522 0.833386
4 4 0.034544 0.060307 0.043814 0.010628 0.850707
4 4 0.032963 0.058189 0.039997 0.008915 0.859935
4 4 0.031044 0.055682 0.037356 0.008085 0.867833
4 4 0.041240 0.068376 0.049270 0.011379 0.829735
4 4 0.044435 0.072235 0.055531 0.014092 0.813707
4 4 0.041646 0.069011 0.053110 0.013680 0.822554
4 4 0.034275 0.059965 0.043442 0.010503 0.851815
4 4 0.039703 0.066740 0.051799 0.013665 0.828093
4 4 0.045253 0.073313 0.060235 0.017033 0.804167
4 4 0.045977 0.074165 0.061876 0.017895 0.800087
4 4 0.042771 0.070430 0.056881 0.015807 0.814112
4 4 0.042433 0.070008 0.055789 0.015183 0.816588
4 4 0.045117 0.073197 0.061304 0.017914 0.802469
4 4 0.060147 0.089103 0.093989 0.033335 0.723426
4 4 0.075504 0.102520 0.171981 0.084972 0.565023
4 4 0.084458 0.101424 0.274885 0.169199 0.370034
2 4 0.071522 0.080904 0.410320 0.245809 0.191445
2 4 0.049869 0.053505 0.526876 0.289486 0.080264
2 4 0.030619 0.031349 0.583355 0.322974 0.031703
2 4 0.026784 0.028094 0.636165 0.283033 0.025924
2 4 0.024800 0.026623 0.667691 0.257729 0.023157
2 4 0.027276 0.030375 0.709167 0.209933 0.023249
2 4 0.035442 0.041211 0.727692 0.165889 0.029766
2 4 0.043818 0.053560 0.719510 0.140844 0.042268
2 2 0.055121 0.067511 0.683132 0.133723 0.060513
2 2 0.063911 0.074910 0.642511 0.144592 0.074076
2 2 0.071881 0.081657 0.601918 0.153262 0.091282
2 2 0.075853 0.084056 0.575574 0.163309 0.101208
2 2 0.083066 0.090571 0.537358 0.165801 0.123204
2 2 0.078708 0.085736 0.536633 0.177332 0.121591
2 2 0.079980 0.086790 0.490277 0.191811 0.151143
2 2 0.079718 0.085636 0.438351 0.211521 0.184773
2 2 0.088946 0.094491 0.345342 0.192906 0.278316
4 2 0.099502 0.111286 0.274583 0.130214 0.384415
4 2 0.099491 0.116684 0.223148 0.098119 0.462557
4 2 0.097299 0.112377 0.279181 0.167769 0.343373
2 2 0.099444 0.109937 0.312407 0.216514 0.261698
4 2 0.153056 0.150420 0.266423 0.126344 0.303758
4 2 0.200135 0.180684 0.219965 0.080128 0.319087
2 2 0.230242 0.186772 0.249506 0.098572 0.234907
2 2 0.135556 0.117247 0.517055 0.155194 0.074948
2 2 0.051696 0.056965 0.696478 0.158346 0.036515
2 2 0.032760 0.037388 0.728860 0.175324 0.025669
2 2 0.033715 0.036107 0.701247 0.202325 0.026606
2 2 0.022524 0.024435 0.683356 0.248852 0.020833
2 2 0.017516 0.019223 0.674635 0.271083 0.017543
2 2 0.015749 0.017521 0.678464 0.272122 0.016145
2 2 0.016486 0.018417 0.689415 0.259273 0.016409
2 2 0.017448 0.019896 0.715327 0.230866 0.016463
2 2 0.017951 0.020875 0.733273 0.211507 0.016394
2 2 0.017559 0.020718 0.741181 0.204539 0.016004
2 2 0.017546 0.020535 0.733718 0.212007 0.016195
2 3 0.017820 0.020727 0.731757 0.213323 0.016373
2 3 0.017801 0.020783 0.731703 0.213276 0.016436
2 3 0.017702 0.020899 0.736079 0.208951 0.016369
2 3 0.017297 0.020561 0.740167 0.205976 0.016000
2 3 0.016086 0.018576 0.719375 0.230513 0.015451
2 3 0.015653 0.017263 0.686397 0.265113 0.015574
2 3 0.014470 0.015318 0.643604 0.311266 0.015342
2 3 0.012231 0.012883 0.598977 0.362040 0.013869
2 3 0.010710 0.011394 0.560024 0.405253 0.012620
2 3 0.010003 0.010515 0.529788 0.437592 0.012102
2 3 0.009417 0.009749 0.491842 0.477283 0.011709
3 3 0.008253 0.008581 0.432736 0.539787 0.010644
3 3 0.006629 0.007067 0.366004 0.611330 0.008971
3 3 0.004779 0.005284 0.287360 0.695662 0.006914
3 3 0.003693 0.004222 0.233558 0.752948 0.005577
3 3 0.002688 0.003209 0.182416 0.807425 0.004262
3 3 0.002092 0.002622 0.152574 0.839288 0.003424
3 3 0.001662 0.002178 0.132389 0.860949 0.002823
3 3 0.001318 0.001790 0.117690 0.876854 0.002348
3 3 0.001059 0.001488 0.104827 0.890641 0.001985
3 3 0.000952 0.001366 0.097824 0.898028 0.001830
3 3 0.000679 0.001036 0.079532 0.917376 0.001377
3 3 0.000526 0.000846 0.066491 0.931034 0.001101
3 3 0.000451 0.000755 0.057859 0.939979 0.000955
3 3 0.000389 0.000677 0.050643 0.947457 0.000834
3 3 0.000329 0.000596 0.044175 0.954180 0.000720
3 3 0.000324 0.000593 0.042543 0.955828 0.000712
3 3 0.000330 0.000605 0.042249 0.956091 0.000725
3 3 0.000301 0.000560 0.040136 0.958333 0.000670
3 3 0.000260 0.000495 0.036914 0.961740 0.000592
3 3 0.000222 0.000435 0.033589 0.965236 0.000518
3 3 0.000177 0.000361 0.028720 0.970317 0.000426
3 3 0.000139 0.000298 0.024234 0.974984 0.000345
3 3 0.000102 0.000232 0.019557 0.979844 0.000264
3 3 0.000084 0.000198 0.017020 0.982476 0.000222
3 3 0.000074 0.000180 0.015494 0.984052 0.000199
3 3 0.000078 0.000188 0.015842 0.983685 0.000207
3 3 0.000076 0.000184 0.015735 0.983801 0.000204
3 3 0.000076 0.000181 0.016023 0.983517 0.000203
3 3 0.000075 0.000181 0.015924 0.983616 0.000203
3 3 0.000077 0.000185 0.015821 0.983712 0.000206
3 3 0.000083 0.000200 0.015869 0.983630 0.000218
3 3 0.000079 0.000193 0.015194 0.984326 0.000209
3 3 0.000074 0.000182 0.014892 0.984653 0.000198
3 3 0.000079 0.000192 0.015579 0.983941 0.000208
3 3 0.000090 0.000212 0.016780 0.982689 0.000230
3 3 0.000092 0.000218 0.016893 0.982562 0.000235
3 3 0.000083 0.000199 0.015680 0.983822 0.000216
3 3 0.000068 0.000171 0.013727 0.985849 0.000185
3 3 0.000056 0.000146 0.012133 0.987506 0.000158
3 3 0.000043 0.000117 0.010322 0.989393 0.000126
3 3 0.000036 0.000101 0.009133 0.990623 0.000108
3 3 0.000032 0.000092 0.008388 0.991392 0.000097
3 3 0.000031 0.000090 0.008039 0.991746 0.000094
3 3 0.000034 0.000098 0.008468 0.991298 0.000101
3 3 0.000037 0.000105 0.009035 0.990714 0.000109
3 3 0.000040 0.000110 0.009647 0.990087 0.000116
3 3 0.000041 0.000112 0.009698 0.990032 0.000118
3 3 0.000039 0.000109 0.009268 0.990469 0.000114
3 3 0.000034 0.000099 0.008396 0.991369 0.000102
3 3 0.000033 0.000095 0.007930 0.991846 0.000097
3 3 0.000033 0.000097 0.008070 0.991701 0.000099
3 3 0.000031 0.000090 0.007870 0.991918 0.000092
3 3 0.000031 0.000091 0.008184 0.991600 0.000094
3 3 0.000036 0.000101 0.008906 0.990853 0.000105
3 3 0.000039 0.000108 0.009205 0.990537 0.000112
3 3 0.000038 0.000108 0.009019 0.990723 0.000111
3 3 0.000034 0.000098 0.008273 0.991493 0.000101
3 3 0.000034 0.000098 0.008095 0.991673 0.000100
3 3 0.000027 0.000082 0.007097 0.992710 0.000084
3 3 0.000022 0.000069 0.006169 0.993670 0.000070
3 3 0.000019 0.000062 0.005513 0.994344 0.000062
3 3 0.000019 0.000061 0.005263 0.994597 0.000060
3 3 0.000018 0.000058 0.005111 0.994756 0.000057
3 3 0.000017 0.000055 0.005004 0.994871 0.000055
3 3 0.000022 0.000070 0.005965 0.993873 0.000069
3 3 0.000037 0.000109 0.008007 0.991741 0.000105
3 3 0.000207 0.000469 0.020517 0.978396 0.000411
3 3 0.001856 0.003030 0.067049 0.925765 0.002300
3 3 0.009068 0.010362 0.205514 0.764353 0.010704
3 3 0.002623 0.003877 0.092420 0.897113 0.003967
3 3 0.000193 0.000434 0.020593 0.978334 0.000447
3 3 0.000094 0.000237 0.013448 0.985981 0.000240
3 3 0.000023 0.000074 0.005987 0.993842 0.000074
3 3 0.000022 0.000071 0.005713 0.994124 0.000071
3 3 0.000020 0.000065 0.005397 0.994453 0.000065
3 3 0.000020 0.000065 0.005500 0.994351 0.000065
3 3 0.000021 0.000066 0.005580 0.994268 0.000065
3 3 0.000021 0.000066 0.005556 0.994293 0.000065
3 3 0.000023 0.000074 0.005807 0.994023 0.000073
3 3 0.000026 0.000081 0.005945 0.993870 0.000078
3 3 0.000021 0.000067 0.005278 0.994569 0.000065
3 3 0.000018 0.000058 0.004895 0.994972 0.000057
3 3 0.000015 0.000050 0.004499 0.995387 0.000049
3 3 0.000015 0.000052 0.004603 0.995278 0.000051
3 3 0.000015 0.000052 0.004478 0.995405 0.000050
3 3 0.000017 0.000056 0.004617 0.995257 0.000054
3 3 0.000016 0.000053 0.004515 0.995365 0.000051
3 3 0.000015 0.000051 0.004511 0.995374 0.000049
3 3 0.000017 0.000055 0.004929 0.994945 0.000054
3 3 0.000020 0.000065 0.005749 0.994101 0.000064
3 3 0.000024 0.000073 0.006526 0.993303 0.000074
3 3 0.000026 0.000078 0.007112 0.992703 0.000080
3 3 0.000029 0.000086 0.007752 0.992043 0.000089
3 3 0.000034 0.000097 0.008518 0.991252 0.000100
3 3 0.000038 0.000105 0.009159 0.990589 0.000109
3 3 0.000039 0.000108 0.009229 0.990513 0.000111
3 3 0.000044 0.000122 0.009354 0.990359 0.000121
3 3 0.000070 0.000188 0.010877 0.988690 0.000175
3 3 0.000196 0.000468 0.016824 0.982117 0.000395
3 3 0.000686 0.001382 0.031966 0.964887 0.001080
3 1 0.002658 0.004204 0.074913 0.914848 0.003376
3 1 0.004705 0.006152 0.137901 0.845443 0.005799
3 1 0.007198 0.008630 0.269037 0.706217 0.008918
3 1 0.010411 0.011729 0.412332 0.553088 0.012440
2 1 0.014880 0.016106 0.536558 0.415880 0.016575
2 1 0.018404 0.020124 0.632500 0.309684 0.019288
2 1 0.028468 0.031754 0.701240 0.213918 0.024619
2 1 0.046125 0.054565 0.683313 0.166282 0.049714
2 1 0.065321 0.079065 0.592134 0.157093 0.106386
2 1 0.086440 0.100467 0.462942 0.153668 0.196483
2 1 0.101695 0.110407 0.372753 0.155798 0.259346
4 1 0.118519 0.122284 0.293046 0.136885 0.329266
4 1 0.122180 0.131945 0.238565 0.094891 0.412418
4 1 0.116271 0.130851 0.208719 0.074982 0.469176
4 1 0.121121 0.133573 0.246714 0.088145 0.410447
4 1 0.126323 0.137696 0.228045 0.080064 0.427872
4 1 0.129604 0.140309 0.218715 0.075875 0.435496
4 1 0.127920 0.137064 0.245950 0.089524 0.399541
4 1 0.125206 0.143040 0.246235 0.073895 0.411623
4 1 0.121398 0.150352 0.270085 0.063767 0.394397
4 1 0.116462 0.152502 0.294968 0.060871 0.375197
2 1 0.097788 0.126577 0.475102 0.090777 0.209756
2 1 0.063772 0.079061 0.628416 0.132955 0.095797
2 1 0.050358 0.060001 0.671467 0.156628 0.061547
2 1 0.042311 0.049124 0.687828 0.175166 0.045571
2 1 0.036193 0.041156 0.697960 0.189351 0.035340
2 1 0.031844 0.035022 0.699949 0.205904 0.027281
2 1 0.024932 0.027661 0.709430 0.216388 0.021588
2 1 0.020827 0.023275 0.710215 0.226843 0.018839
2 1 0.019441 0.021915 0.723348 0.217952 0.017344
2 1 0.019122 0.021921 0.739954 0.202380 0.016624
2 1 0.020333 0.024231 0.763536 0.174958 0.016941
2 1 0.026782 0.032622 0.769691 0.150102 0.020803
2 1 0.045745 0.057590 0.717874 0.131324 0.047467
2 1 0.075163 0.091127 0.601562 0.127504 0.104644
2 1 0.096843 0.105512 0.521248 0.145490 0.130907
2 1 0.134166 0.125316 0.421080 0.159686 0.159752
2 0 0.218519 0.166860 0.305556 0.133883 0.175182
2 0 0.270844 0.183200 0.286550 0.129935 0.129470
2 0 0.272846 0.182533 0.288249 0.131802 0.124570
2 0 0.272846 0.182533 0.288249 0.131802 0.124570
2 0 0.272846 0.182533 0.288249 0.131802 0.124570
2 0 0.272846 0.182533 0.288249 0.131802 0.124570
2 1 0.165783 0.143503 0.473432 0.130817 0.086465
2 1 0.088942 0.097401 0.628518 0.120362 0.064775
2 1 0.061696 0.071476 0.671298 0.137229 0.058301
2 1 0.055232 0.065345 0.630008 0.171570 0.077845
2 1 0.059468 0.069946 0.578362 0.187588 0.104635
2 1 0.086874 0.098382 0.407053 0.168286 0.239405
4 1 0.093047 0.109074 0.258871 0.129840 0.409169
4 1 0.075554 0.103245 0.151553 0.065494 0.604153
4 4 0.056974 0.087279 0.099370 0.039686 0.716691
4 4 0.041449 0.069089 0.060801 0.019681 0.808979
4 4 0.043805 0.072963 0.065722 0.023274 0.794236
4 4 0.051701 0.082306 0.082297 0.031644 0.752052
4 4 0.063871 0.094671 0.103454 0.041195 0.696810
4 4 0.085082 0.112771 0.112924 0.038671 0.650551
4 4 0.151599 0.157895 0.188833 0.070368 0.431305
2 4 0.219551 0.181325 0.255324 0.102297 0.241502
2 4 0.199569 0.166042 0.285721 0.120999 0.227668
4 4 0.152757 0.144006 0.285931 0.124826 0.292479
4 4 0.120125 0.128872 0.251667 0.108232 0.391105
4 4 0.097051 0.117753 0.187828 0.073281 0.524086
4 4 0.091634 0.113438 0.185638 0.075926 0.533364
