0 0 0.733407 0.134924 0.055350 0.029005 0.047314
0 0 0.830025 0.098510 0.030442 0.015393 0.025630
0 0 0.869893 0.079290 0.020382 0.011279 0.019156
0 0 0.896217 0.066032 0.014687 0.008473 0.014591
0 0 0.932256 0.045379 0.007495 0.005340 0.009530
0 0 0.901313 0.062825 0.013370 0.008226 0.014267
0 0 0.818552 0.105988 0.035374 0.015187 0.024900
0 0 0.795732 0.117709 0.043542 0.016453 0.026563
0 0 0.773168 0.128226 0.051588 0.018105 0.028913
0 0 0.776091 0.127738 0.051411 0.017263 0.027498
0 0 0.722387 0.152496 0.074236 0.019959 0.030923
0 0 0.720730 0.155456 0.078204 0.018015 0.027595
0 0 0.654050 0.184256 0.115155 0.018793 0.027745
0 0 0.464883 0.241311 0.242049 0.021797 0.029961
2 1 0.170745 0.246303 0.539312 0.019597 0.024043
2 2 0.061243 0.162965 0.741834 0.014077 0.019881
2 2 0.036019 0.115680 0.812286 0.012989 0.023026
2 2 0.015609 0.066746 0.890442 0.008651 0.018552
2 2 0.006780 0.037207 0.938959 0.005594 0.011461
2 2 0.005702 0.033419 0.946071 0.004679 0.010129
2 2 0.006165 0.035913 0.943188 0.004421 0.010312
2 2 0.007180 0.040585 0.937024 0.004365 0.010847
2 2 0.008845 0.047368 0.927502 0.004580 0.011704
2 2 0.009934 0.051149 0.921948 0.004893 0.012077
2 2 0.010202 0.051427 0.920794 0.005304 0.012273
2 2 0.009134 0.045394 0.925783 0.006736 0.012953
2 2 0.007886 0.038760 0.930727 0.008831 0.013796
2 2 0.007314 0.035467 0.932364 0.010554 0.014301
2 2 0.008379 0.039493 0.927333 0.010327 0.014468
2 2 0.013023 0.055030 0.906251 0.010474 0.015222
2 1 0.025969 0.090071 0.854066 0.012218 0.017677
2 0 0.069995 0.171926 0.718765 0.016241 0.023074
2 0 0.218518 0.256524 0.465477 0.026128 0.033353
2 0 0.317638 0.259947 0.358478 0.027465 0.036472
2 0 0.252016 0.259666 0.425277 0.027443 0.035598
2 1 0.137781 0.230213 0.584239 0.021041 0.026727
2 2 0.080239 0.184970 0.691037 0.018390 0.025365
2 2 0.066950 0.165305 0.709459 0.022948 0.035338
2 4 0.052329 0.139449 0.733524 0.026806 0.047891
2 4 0.037564 0.113363 0.779075 0.023245 0.046753
2 4 0.037460 0.111521 0.767580 0.027013 0.056426
2 4 0.053391 0.130900 0.658289 0.051446 0.105974
2 4 0.069425 0.142641 0.535482 0.083832 0.168620
2 4 0.079803 0.147302 0.459654 0.105895 0.207346
2 4 0.080066 0.151532 0.486986 0.096172 0.185245
2 4 0.103171 0.168863 0.408208 0.116058 0.203699
2 4 0.124524 0.187311 0.375809 0.119840 0.192516
2 4 0.174942 0.212701 0.311992 0.122592 0.177773
2 4 0.220327 0.229546 0.313056 0.097195 0.139877
0 4 0.287162 0.229746 0.259888 0.090361 0.132843
0 4 0.331648 0.222317 0.219266 0.090672 0.136097
0 4 0.325506 0.211559 0.198558 0.104588 0.159788
0 4 0.279648 0.201468 0.197574 0.126527 0.194783
4 4 0.204715 0.186273 0.208685 0.157753 0.242573
2 4 0.169104 0.188904 0.247157 0.157667 0.237168
2 4 0.150775 0.188812 0.271772 0.155810 0.232831
2 4 0.148114 0.187642 0.276532 0.154615 0.233098
2 4 0.143313 0.188939 0.298803 0.145976 0.222969
2 4 0.153905 0.192713 0.276763 0.151839 0.224780
2 4 0.161729 0.189239 0.256478 0.157233 0.235321
2 4 0.164740 0.189117 0.252619 0.157425 0.236099
2 4 0.150972 0.188691 0.271599 0.155734 0.233004
2 4 0.167325 0.188996 0.249366 0.157573 0.236741
2 4 0.168967 0.188911 0.247326 0.157660 0.237135
4 4 0.177872 0.188356 0.236628 0.158033 0.239110
2 4 0.175544 0.188517 0.239367 0.157951 0.238621
4 4 0.200621 0.186286 0.211779 0.158315 0.242999
2 4 0.211529 0.206807 0.254371 0.131257 0.196036
0 4 0.243938 0.209008 0.235001 0.124499 0.187555
0 4 0.287726 0.218600 0.231492 0.104862 0.157320
0 4 0.353023 0.214496 0.194579 0.094233 0.143670
0 4 0.399349 0.208932 0.170780 0.086927 0.134012
0 4 0.457393 0.185659 0.122941 0.089989 0.144019
0 4 0.389983 0.210130 0.175287 0.088480 0.136121
0 4 0.318427 0.219857 0.219370 0.096741 0.145604
0 4 0.315689 0.208341 0.195862 0.110557 0.169551
0 4 0.313128 0.195546 0.172021 0.124549 0.194756
2 4 0.231644 0.223104 0.282131 0.106777 0.156344
2 4 0.179713 0.222792 0.341108 0.105621 0.150765
2 4 0.151740 0.212145 0.383234 0.101636 0.151244
2 4 0.120682 0.195449 0.435806 0.096204 0.151860
2 4 0.093388 0.173283 0.507874 0.082239 0.143216
2 4 0.081250 0.159985 0.533625 0.079054 0.146086
2 4 0.073659 0.151696 0.555252 0.075202 0.144190
2 4 0.058474 0.138292 0.643685 0.053351 0.106198
2 4 0.046056 0.124252 0.720631 0.035953 0.073107
2 4 0.037442 0.112254 0.773356 0.025194 0.051754
2 2 0.032789 0.103991 0.795202 0.021880 0.046139
2 2 0.027925 0.094375 0.816730 0.019093 0.041878
2 2 0.023016 0.084058 0.841396 0.015708 0.035821
2 2 0.019945 0.077935 0.863633 0.011794 0.026692
2 2 0.020698 0.080829 0.866385 0.010202 0.021886
2 2 0.022005 0.084814 0.864606 0.009390 0.019185
2 2 0.021862 0.084744 0.866408 0.008928 0.018058
2 2 0.017852 0.074778 0.884712 0.007298 0.015360
2 2 0.014434 0.065308 0.900384 0.006176 0.013698
2 2 0.012189 0.058522 0.910978 0.005510 0.012801
2 2 0.010954 0.054585 0.917054 0.005131 0.012276
2 2 0.008619 0.044267 0.929975 0.005748 0.011391
2 2 0.007384 0.037697 0.936125 0.007236 0.011558
2 2 0.007450 0.036880 0.934788 0.008605 0.012277
2 2 0.007857 0.037463 0.930802 0.010242 0.013636
2 2 0.008121 0.036572 0.923684 0.014601 0.017023
2 2 0.008049 0.035035 0.919053 0.018565 0.019297
2 2 0.007478 0.032510 0.920940 0.020189 0.018882
2 3 0.006883 0.030594 0.925729 0.019284 0.017510
2 3 0.006280 0.028401 0.928459 0.019634 0.017225
2 3 0.005970 0.027926 0.932902 0.017106 0.016096
2 3 0.005778 0.027744 0.936324 0.015129 0.015025
2 3 0.005778 0.027679 0.936175 0.015311 0.015058
2 3 0.005812 0.027480 0.934950 0.016386 0.015372
2 3 0.005952 0.027335 0.931635 0.018849 0.016228
2 3 0.006381 0.027344 0.917921 0.029009 0.019345
2 3 0.007032 0.028150 0.896898 0.045128 0.022792
2 3 0.007573 0.028925 0.880880 0.057997 0.024625
2 3 0.007646 0.028979 0.885883 0.052826 0.024666
2 3 0.007247 0.027734 0.895423 0.044822 0.024774
2 3 0.006794 0.027652 0.910971 0.033069 0.021514
2 3 0.006594 0.028269 0.921277 0.025045 0.018814
2 3 0.006380 0.028367 0.927572 0.020740 0.016941
2 3 0.006287 0.027858 0.927391 0.021486 0.016978
2 3 0.006280 0.026964 0.922266 0.026064 0.018426
2 3 0.006518 0.026221 0.908139 0.037093 0.022029
2 3 0.007268 0.027017 0.888048 0.051432 0.026235
2 3 0.009285 0.031875 0.856647 0.072871 0.029322
2 3 0.011975 0.038799 0.839997 0.077275 0.031954
2 3 0.011552 0.037878 0.845841 0.072186 0.032543
2 3 0.009884 0.034062 0.869441 0.055683 0.030929
2 3 0.008129 0.030443 0.892400 0.043251 0.025777
2 3 0.007897 0.031428 0.908486 0.030772 0.021417
2 3 0.008016 0.032496 0.913020 0.026647 0.019821
2 3 0.008905 0.034324 0.902893 0.031642 0.022236
2 3 0.009759 0.035294 0.880778 0.048506 0.025663
2 3 0.010893 0.036497 0.839431 0.083304 0.029875
2 3 0.011440 0.036046 0.805587 0.113578 0.033349
2 3 0.012594 0.037617 0.773110 0.139651 0.037028
2 3 0.013819 0.039696 0.739317 0.166437 0.040732
2 3 0.014424 0.040965 0.714732 0.187249 0.042630
2 3 0.014523 0.041732 0.707465 0.194696 0.041583
2 3 0.013336 0.039614 0.730688 0.176922 0.039439
2 3 0.012249 0.037292 0.745988 0.166047 0.038425
2 3 0.010757 0.034098 0.777691 0.140809 0.036646
2 3 0.009706 0.031809 0.809298 0.114610 0.034576
2 3 0.009231 0.031366 0.845281 0.082354 0.031768
2 3 0.010315 0.035438 0.859782 0.064694 0.029771
2 3 0.011794 0.039952 0.851732 0.066620 0.029901
2 3 0.012737 0.041310 0.816705 0.096253 0.032996
2 3 0.012545 0.039568 0.778636 0.133792 0.035459
2 3 0.011868 0.036821 0.744757 0.169906 0.036648
2 3 0.010870 0.034178 0.752962 0.165797 0.036192
2 3 0.009916 0.032186 0.788046 0.135292 0.034561
2 3 0.009513 0.032285 0.830121 0.095760 0.032321
2 3 0.009268 0.032032 0.837145 0.089867 0.031687
2 3 0.008974 0.031516 0.841188 0.087668 0.030654
2 3 0.008783 0.030396 0.833207 0.096757 0.030857
2 3 0.008452 0.028472 0.822215 0.108292 0.032569
2 3 0.008466 0.027039 0.785912 0.141485 0.037097
2 3 0.009080 0.027992 0.754183 0.169414 0.039332
2 3 0.010847 0.032284 0.731026 0.184961 0.040882
2 3 0.011787 0.034802 0.737324 0.175444 0.040643
2 3 0.012557 0.036275 0.718454 0.190438 0.042276
2 3 0.012224 0.035067 0.704354 0.206048 0.042307
2 3 0.012368 0.035684 0.707119 0.203560 0.041268
2 3 0.012640 0.037094 0.711835 0.199776 0.038656
2 3 0.012450 0.036740 0.701584 0.212304 0.036922
2 3 0.011204 0.033433 0.690448 0.229133 0.035782
2 3 0.010078 0.030149 0.689270 0.233736 0.036767
2 3 0.009315 0.028117 0.702014 0.223032 0.037522
2 3 0.009374 0.028029 0.696280 0.227790 0.038527
2 3 0.009449 0.027767 0.662175 0.261827 0.038782
2 3 0.009792 0.028636 0.662302 0.260675 0.038595
2 3 0.009387 0.028485 0.699911 0.226623 0.035594
2 3 0.009195 0.029069 0.763636 0.164014 0.034085
2 3 0.009448 0.031001 0.817123 0.110655 0.031774
2 3 0.010559 0.035080 0.847135 0.077457 0.029768
2 3 0.011590 0.037795 0.836528 0.083348 0.030740
2 3 0.012883 0.040998 0.813198 0.099351 0.033571
2 3 0.013160 0.040550 0.765450 0.144124 0.036717
2 3 0.014306 0.043450 0.787107 0.113328 0.041809
2 3 0.022353 0.061323 0.752950 0.121308 0.042066
2 3 0.031995 0.074959 0.678491 0.160039 0.054516
2 3 0.017591 0.047786 0.675385 0.214467 0.044771
2 3 0.012409 0.036091 0.636951 0.278706 0.035843
2 3 0.010508 0.032151 0.697485 0.223551 0.036305
2 3 0.009562 0.029732 0.699415 0.226171 0.035119
2 3 0.009561 0.030730 0.749241 0.176864 0.033604
2 3 0.009537 0.031638 0.786654 0.141269 0.030902
2 3 0.010174 0.034236 0.810389 0.116504 0.028698
2 3 0.012139 0.039812 0.817457 0.101423 0.029169
2 3 0.020275 0.059494 0.809495 0.078854 0.031882
2 3 0.049027 0.117729 0.757433 0.042098 0.033713
2 2 0.237984 0.258410 0.433666 0.030398 0.039541
2 1 0.286124 0.260909 0.395302 0.025030 0.032635
2 2 0.302883 0.260827 0.380033 0.024366 0.031891
2 2 0.325904 0.259654 0.352375 0.026654 0.035414
0 2 0.397643 0.251719 0.284814 0.027801 0.038023
0 0 0.454145 0.241437 0.238993 0.027320 0.038105
0 0 0.563968 0.213311 0.163771 0.024121 0.034829
0 0 0.550118 0.217156 0.171686 0.025020 0.036020
0 0 0.347572 0.257431 0.326132 0.029315 0.039550
2 1 0.217960 0.255939 0.447768 0.034022 0.044311
2 2 0.196034 0.245162 0.436259 0.051678 0.070867
2 2 0.167268 0.223877 0.432189 0.070919 0.105747
2 2 0.109857 0.198153 0.541783 0.058701 0.091506
2 2 0.183179 0.240172 0.417777 0.066891 0.091981
2 2 0.197877 0.243363 0.397981 0.067812 0.092967
2 2 0.152406 0.235010 0.452340 0.068361 0.091884
2 2 0.135722 0.214290 0.437692 0.086342 0.125955
2 2 0.114456 0.188714 0.440464 0.097665 0.158701
2 2 0.083497 0.158823 0.504089 0.088595 0.164997
2 2 0.065858 0.141372 0.569199 0.074152 0.149420
2 2 0.077510 0.151535 0.512725 0.088207 0.170023
2 2 0.081877 0.156779 0.505750 0.088739 0.166855
2 2 0.076196 0.154232 0.545801 0.077250 0.146521
2 2 0.068286 0.146717 0.580719 0.069144 0.135134
2 2 0.057959 0.135133 0.625391 0.059585 0.121931
2 2 0.054716 0.131446 0.642539 0.055755 0.115543
2 2 0.063692 0.143534 0.614094 0.060297 0.118383
2 2 0.087444 0.172718 0.556032 0.067360 0.116446
2 4 0.154672 0.220577 0.442758 0.073241 0.108752
0 4 0.310204 0.239589 0.273922 0.072076 0.104209
0 4 0.367450 0.243289 0.258825 0.053579 0.076856
0 4 0.472604 0.226966 0.193819 0.043233 0.063377
0 0 0.593935 0.194460 0.126259 0.033945 0.051401
0 0 0.671528 0.166870 0.088382 0.028653 0.044566
0 0 0.678195 0.164504 0.085674 0.027999 0.043628
0 0 0.669604 0.168015 0.089816 0.028433 0.044132
0 0 0.688229 0.161671 0.082701 0.026347 0.041052
0 0 0.683100 0.165950 0.088139 0.024707 0.038105
0 0 0.713535 0.152904 0.073693 0.023340 0.036528
0 0 0.724147 0.147080 0.067594 0.023712 0.037467
0 0 0.768046 0.128849 0.051703 0.019733 0.031670
0 0 0.786006 0.121067 0.045752 0.018036 0.029139
0 0 0.736487 0.143223 0.064259 0.021719 0.034312
0 0 0.534524 0.212810 0.159758 0.037386 0.055522
2 1 0.255133 0.256187 0.384555 0.044309 0.059816
2 1 0.132842 0.235375 0.542535 0.039304 0.049944
2 2 0.054485 0.145890 0.741397 0.021834 0.036394
2 2 0.019888 0.078710 0.869373 0.010080 0.021949
2 2 0.010351 0.052082 0.917413 0.005721 0.014433
2 2 0.009217 0.048173 0.922814 0.005461 0.014335
2 2 0.010484 0.052081 0.914077 0.006502 0.016856
2 2 0.015917 0.067485 0.882308 0.010068 0.024222
2 2 0.028750 0.097325 0.821856 0.016812 0.035257
2 2 0.061520 0.153081 0.703205 0.030366 0.051827
2 2 0.155194 0.226936 0.498453 0.048846 0.070571
2 2 0.228704 0.250661 0.387442 0.056324 0.076868
2 2 0.197393 0.248254 0.426586 0.054521 0.073245
2 2 0.148388 0.233199 0.489322 0.054720 0.074370
2 2 0.098622 0.196528 0.589180 0.046235 0.069436
2 2 0.069024 0.161667 0.671036 0.036542 0.061732
2 2 0.049624 0.134622 0.739595 0.026886 0.049273
2 2 0.044346 0.126793 0.763079 0.023012 0.042771
2 2 0.046394 0.130957 0.759683 0.022420 0.040546
2 2 0.050716 0.138968 0.749505 0.022259 0.038552
2 2 0.053077 0.144345 0.748782 0.020253 0.033543
2 2 0.059108 0.154795 0.733933 0.020261 0.031903
2 2 0.076198 0.180274 0.690500 0.021838 0.031190
2 2 0.186519 0.251137 0.490354 0.031588 0.040402
2 0 0.246740 0.259091 0.424711 0.030145 0.039313
2 0 0.188182 0.251528 0.491816 0.030096 0.038378
2 1 0.087848 0.197271 0.663302 0.022130 0.029450
2 2 0.053644 0.147708 0.755951 0.016625 0.026072
2 2 0.034671 0.112747 0.816105 0.013006 0.023471
2 2 0.023171 0.087095 0.857329 0.010596 0.021809
2 2 0.013689 0.062853 0.902733 0.006311 0.014414
2 2 0.011656 0.056722 0.913029 0.005516 0.013078
2 2 0.010524 0.053062 0.918679 0.005157 0.012577
2 2 0.009417 0.049424 0.924803 0.004675 0.011680
2 2 0.008703 0.046943 0.928644 0.004424 0.011286
2 2 0.008288 0.045418 0.930672 0.004346 0.011276
2 2 0.008109 0.044753 0.931559 0.004310 0.011269
2 2 0.008252 0.045269 0.930768 0.004362 0.011350
2 2 0.009499 0.049531 0.923510 0.004952 0.012508
2 2 0.011765 0.056836 0.911364 0.005891 0.014144
2 2 0.014762 0.065648 0.896060 0.007170 0.016360
2 2 0.021926 0.083888 0.861408 0.010547 0.022231
2 2 0.033436 0.109165 0.815867 0.014406 0.027126
2 2 0.059270 0.154215 0.730331 0.021624 0.034560
2 2 0.121987 0.213482 0.592303 0.029943 0.042284
2 2 0.172368 0.246653 0.491420 0.038961 0.050598
2 2 0.170799 0.247246 0.498118 0.036680 0.047156
2 2 0.159195 0.244330 0.515821 0.035440 0.045214
2 2 0.138718 0.234512 0.552308 0.032566 0.041895
2 2 0.089385 0.193583 0.646834 0.028969 0.041229
2 2 0.054736 0.147038 0.743736 0.020639 0.033851
2 2 0.030108 0.102524 0.829414 0.012980 0.024973
2 2 0.019098 0.077385 0.876320 0.008677 0.018520
2 2 0.014541 0.065285 0.898420 0.006681 0.015073
2 2 0.012403 0.059037 0.909262 0.005787 0.013511
2 2 0.011363 0.055769 0.914377 0.005453 0.013038
2 2 0.011018 0.054582 0.915722 0.005455 0.013223
2 2 0.011139 0.054826 0.914385 0.005711 0.013940
2 2 0.010541 0.052871 0.917340 0.005530 0.013719
2 2 0.009568 0.049691 0.922757 0.005087 0.012897
2 2 0.008562 0.045785 0.928751 0.004876 0.012027
2 2 0.008795 0.046608 0.927434 0.004968 0.012194
2 2 0.009639 0.049594 0.922464 0.005304 0.012999
2 2 0.010704 0.053410 0.916539 0.005576 0.013771
2 2 0.011009 0.054495 0.915490 0.005535 0.013472
2 2 0.011596 0.056506 0.913189 0.005538 0.013171
2 2 0.012836 0.060407 0.907357 0.005866 0.013534
2 2 0.013334 0.061976 0.905241 0.005938 0.013511
2 3 0.015418 0.067711 0.893972 0.007087 0.015812
2 2 0.019566 0.077862 0.874984 0.009172 0.018416
2 2 0.040524 0.124581 0.797570 0.013799 0.023526
2 2 0.117473 0.217984 0.606225 0.025142 0.033176
2 2 0.195705 0.252827 0.477513 0.032350 0.041606
2 1 0.144781 0.239969 0.548180 0.029795 0.037275
2 2 0.144136 0.239744 0.538753 0.034177 0.043191
2 2 0.157344 0.241262 0.517712 0.036390 0.047292
2 2 0.215168 0.254927 0.441788 0.038099 0.050018
2 2 0.264190 0.259378 0.398575 0.033508 0.044349
0 0 0.498329 0.229277 0.199838 0.029851 0.042704
0 0 0.664673 0.173873 0.098005 0.025107 0.038342
0 0 0.687716 0.163668 0.085384 0.024820 0.038413
0 0 0.541200 0.215672 0.166477 0.031121 0.045530
2 0 0.285912 0.259075 0.371949 0.035493 0.047571
2 2 0.166292 0.245642 0.495094 0.040540 0.052433
2 2 0.118954 0.211612 0.523097 0.059625 0.086712
2 2 0.061828 0.148576 0.673560 0.041027 0.075010
2 2 0.042161 0.117565 0.732549 0.034741 0.072984
2 1 0.056244 0.133602 0.637735 0.056497 0.115922
2 1 0.100784 0.163613 0.394747 0.122300 0.218556
2 1 0.145504 0.185854 0.281808 0.152938 0.233896
4 1 0.192869 0.187088 0.219876 0.158319 0.241849
4 1 0.244529 0.180245 0.171927 0.156675 0.246623
0 1 0.331902 0.163217 0.114454 0.147595 0.242831
0 0 0.391991 0.152968 0.090474 0.135920 0.228647
0 0 0.387646 0.155857 0.094559 0.135344 0.226594
0 0 0.323055 0.165150 0.119274 0.148778 0.243743
0 1 0.254143 0.178644 0.164360 0.156006 0.246847
4 4 0.213880 0.184711 0.198732 0.158092 0.244586
4 4 0.181483 0.188087 0.232455 0.158140 0.239835
4 4 0.182042 0.188044 0.231817 0.158154 0.239943
4 4 0.196938 0.186678 0.215581 0.158329 0.242474
4 4 0.222723 0.183532 0.190544 0.157805 0.245396
4 4 0.210004 0.185196 0.202447 0.158184 0.244170
0 4 0.249539 0.191318 0.191688 0.144050 0.223404
0 4 0.302892 0.197303 0.179173 0.125406 0.195225
0 4 0.319213 0.193647 0.166430 0.124804 0.195907
0 4 0.284002 0.190570 0.173967 0.136941 0.214521
4 4 0.242189 0.182780 0.178110 0.154618 0.242303
4 4 0.214073 0.184686 0.198548 0.158087 0.244606
4 4 0.179871 0.188210 0.234306 0.158095 0.239517
2 4 0.150593 0.184970 0.275283 0.152752 0.236402
2 4 0.130954 0.179300 0.309472 0.146279 0.233995
2 4 0.123972 0.175481 0.324092 0.142554 0.233900
2 4 0.110356 0.167246 0.354915 0.134681 0.232801
2 4 0.109540 0.166717 0.356870 0.134182 0.232692
2 4 0.109992 0.167010 0.355787 0.134458 0.232753
2 4 0.139316 0.183542 0.292918 0.150480 0.233744
2 4 0.165056 0.188778 0.252486 0.157185 0.236495
4 4 0.199803 0.186375 0.212617 0.158320 0.242886
4 4 0.201330 0.186208 0.211057 0.158310 0.243096
4 4 0.225982 0.183074 0.187625 0.157673 0.245647
4 4 0.225006 0.183212 0.188494 0.157714 0.245574
4 4 0.211656 0.185243 0.201418 0.157863 0.243820
2 4 0.166726 0.190175 0.253341 0.155963 0.233795
2 4 0.176141 0.205784 0.288221 0.133588 0.196266
2 2 0.060128 0.150088 0.702314 0.031861 0.055608
2 2 0.028417 0.094448 0.807096 0.021596 0.048443
2 2 0.018603 0.073726 0.863715 0.012961 0.030995
2 2 0.017231 0.070243 0.870517 0.012217 0.029792
2 2 0.016027 0.067503 0.879796 0.010678 0.025996
2 2 0.017224 0.070284 0.870998 0.012089 0.029406
2 2 0.020482 0.077880 0.851151 0.014962 0.035525
2 2 0.027523 0.093041 0.814616 0.020041 0.044780
2 2 0.037296 0.111642 0.771367 0.025938 0.053757
2 2 0.045694 0.125909 0.738501 0.030362 0.059534
2 2 0.044255 0.123177 0.741187 0.030535 0.060846
2 2 0.043097 0.119900 0.735288 0.033257 0.068458
2 2 0.037329 0.109695 0.755151 0.030944 0.066881
2 2 0.031005 0.098678 0.787801 0.025437 0.057079
2 2 0.025215 0.087952 0.823406 0.019216 0.044211
2 2 0.025678 0.089491 0.825709 0.018186 0.040936
2 2 0.027728 0.094107 0.818658 0.018665 0.040842
2 2 0.027639 0.094284 0.821697 0.017808 0.038571
2 2 0.023719 0.086572 0.844725 0.014103 0.030881
2 2 0.019865 0.078097 0.866283 0.011066 0.024689
2 2 0.015786 0.067956 0.888195 0.008475 0.019587
2 2 0.013055 0.060400 0.902917 0.006964 0.016663
2 2 0.012649 0.059179 0.904935 0.006809 0.016428
2 2 0.018721 0.076264 0.877273 0.008779 0.018963
2 2 0.044391 0.132177 0.786388 0.014026 0.023019
2 2 0.163163 0.242628 0.539146 0.024309 0.030754
2 2 0.195990 0.253019 0.489849 0.026953 0.034190
2 2 0.156510 0.243499 0.541209 0.026178 0.032604
2 2 0.100581 0.206574 0.631116 0.026322 0.035407
2 2 0.060713 0.155839 0.723776 0.022922 0.036750
2 2 0.035128 0.110576 0.799509 0.018507 0.036280
2 2 0.019358 0.076999 0.869577 0.010548 0.023518
2 2 0.014884 0.065477 0.892708 0.008057 0.018874
2 2 0.012693 0.059447 0.905471 0.006604 0.015785
2 2 0.011917 0.057184 0.909943 0.006140 0.014815
2 2 0.011428 0.055596 0.912137 0.006043 0.014796
2 2 0.011138 0.054632 0.913386 0.006003 0.014842
2 2 0.010514 0.052734 0.917232 0.005591 0.013928
2 2 0.010274 0.051990 0.918696 0.005441 0.013598
2 2 0.010178 0.051766 0.919704 0.005262 0.013091
2 2 0.010692 0.053641 0.917945 0.005176 0.012546
2 2 0.011422 0.056109 0.914787 0.005258 0.012424
2 2 0.011978 0.057770 0.911601 0.005571 0.013081
2 2 0.012432 0.059054 0.908788 0.005900 0.013827
2 2 0.013246 0.061510 0.904741 0.006199 0.014303
2 2 0.014736 0.065893 0.897721 0.006678 0.014973
2 2 0.014567 0.065452 0.898716 0.006557 0.014708
2 2 0.013627 0.062607 0.902738 0.006381 0.014647
2 2 0.012288 0.058527 0.909088 0.005975 0.014122
2 2 0.012376 0.058813 0.908727 0.005983 0.014101
2 2 0.012118 0.058141 0.910595 0.005713 0.013432
2 2 0.011843 0.057234 0.911735 0.005689 0.013499
2 2 0.009842 0.049520 0.922434 0.005667 0.012537
2 2 0.008292 0.042924 0.931023 0.005922 0.011839
2 2 0.007652 0.040184 0.934235 0.006094 0.011836
2 2 0.007083 0.037857 0.936919 0.006179 0.011962
2 2 0.006673 0.035882 0.938981 0.006465 0.011999
2 2 0.006918 0.036423 0.937763 0.006873 0.012023
2 2 0.007681 0.038646 0.933704 0.007658 0.012310
2 2 0.008322 0.040035 0.929742 0.008907 0.012994
2 2 0.008272 0.038326 0.927759 0.011350 0.014293
2 2 0.007372 0.033398 0.928442 0.015237 0.015550
2 2 0.006887 0.030425 0.926403 0.019462 0.016823
2 2 0.006306 0.027491 0.925218 0.023494 0.017492
2 2 0.005987 0.025886 0.923428 0.026501 0.018199
2 3 0.006237 0.026215 0.917640 0.030126 0.019782
2 3 0.006795 0.027819 0.912069 0.032010 0.021307
2 3 0.007488 0.029952 0.907404 0.032706 0.022451
2 3 0.007667 0.030361 0.904842 0.033912 0.023218
2 3 0.007623 0.030203 0.904757 0.034112 0.023306
2 3 0.007340 0.029987 0.912307 0.029342 0.021024
2 3 0.007068 0.029397 0.916183 0.027563 0.019789
2 3 0.006716 0.027726 0.912199 0.032836 0.020523
2 3 0.006353 0.025673 0.903136 0.042656 0.022182
2 3 0.006378 0.025135 0.895168 0.050169 0.023149
2 3 0.007060 0.026760 0.885477 0.056651 0.024052
2 3 0.008135 0.028844 0.864275 0.071268 0.027478
2 3 0.008983 0.030509 0.851567 0.078259 0.030681
2 3 0.008744 0.030142 0.854217 0.075902 0.030995
2 3 0.007833 0.028314 0.871133 0.063554 0.029165
2 3 0.006740 0.026019 0.893966 0.048299 0.024976
2 3 0.006104 0.024311 0.899277 0.047232 0.023076
2 3 0.006279 0.024799 0.893525 0.051973 0.023423
2 3 0.007053 0.026708 0.874345 0.066886 0.025008
2 3 0.008474 0.030142 0.858036 0.076481 0.026867
2 3 0.010560 0.034936 0.838965 0.085684 0.029855
2 3 0.013879 0.043941 0.843238 0.068018 0.030924
2 3 0.014609 0.046467 0.847983 0.060055 0.030885
2 3 0.013906 0.044017 0.844274 0.064174 0.033629
2 3 0.012720 0.039354 0.817948 0.092262 0.037716
2 3 0.012393 0.038232 0.801367 0.110059 0.037948
2 3 0.013584 0.040318 0.755868 0.150338 0.039892
2 3 0.015268 0.042978 0.703601 0.196715 0.041437
2 3 0.018142 0.048303 0.670818 0.220218 0.042518
2 3 0.024908 0.062814 0.672877 0.193590 0.045810
2 3 0.033342 0.077043 0.622967 0.213873 0.052775
2 3 0.036984 0.080325 0.567960 0.256871 0.057860
2 3 0.037630 0.079823 0.545171 0.277983 0.059393
2 3 0.035741 0.077882 0.577303 0.251307 0.057766
2 3 0.033943 0.076417 0.609447 0.224354 0.055840
2 3 0.028926 0.067055 0.597219 0.252031 0.054769
2 3 0.024887 0.059643 0.600384 0.263470 0.051616
2 3 0.020415 0.049541 0.566746 0.315282 0.048016
2 3 0.020085 0.049091 0.593723 0.289537 0.047564
2 3 0.021997 0.054074 0.616685 0.262090 0.045153
2 3 0.025722 0.063674 0.673365 0.192642 0.044597
2 3 0.027853 0.066868 0.639547 0.217469 0.048262
2 3 0.030196 0.071177 0.626905 0.219917 0.051805
2 3 0.034376 0.076410 0.532888 0.303801 0.052525
2 3 0.035111 0.076951 0.511847 0.324019 0.052072
2 3 0.033254 0.070602 0.451244 0.394685 0.050216
2 3 0.035126 0.073337 0.451944 0.389839 0.049754
2 3 0.034223 0.070649 0.425048 0.421660 0.048419
2 3 0.032646 0.069187 0.450236 0.398377 0.049554
2 3 0.029004 0.064138 0.478937 0.379467 0.048455
2 3 0.026730 0.062683 0.579521 0.281749 0.049317
2 3 0.020605 0.050656 0.598490 0.282540 0.047709
2 3 0.017303 0.042495 0.526688 0.367401 0.046114
3 3 0.013020 0.032398 0.425028 0.491372 0.038182
3 3 0.012810 0.032297 0.414767 0.506167 0.033960
2 3 0.013167 0.034371 0.476593 0.442295 0.033574
2 3 0.014683 0.038676 0.570236 0.339431 0.036974
2 3 0.019939 0.050878 0.681338 0.206287 0.041558
2 3 0.049552 0.105538 0.712619 0.083595 0.048696
2 0 0.251452 0.256124 0.400353 0.039732 0.052339
0 0 0.376840 0.253960 0.298445 0.029910 0.040846
0 0 0.349009 0.258214 0.333636 0.025337 0.033804
2 0 0.277949 0.260819 0.404027 0.024877 0.032328
2 1 0.220460 0.256741 0.457406 0.028603 0.036790
2 2 0.222910 0.255275 0.427841 0.040450 0.053524
2 2 0.221945 0.253992 0.418924 0.045035 0.060105
2 2 0.285813 0.257588 0.361572 0.040356 0.054671
2 2 0.246026 0.259023 0.425075 0.030323 0.039553
2 1 0.216764 0.256271 0.461603 0.028611 0.036750
2 1 0.150279 0.241773 0.541793 0.029366 0.036789
2 1 0.135572 0.228542 0.529293 0.045290 0.061303
2 2 0.094113 0.188958 0.587953 0.050262 0.078714
2 2 0.099508 0.184817 0.524446 0.072251 0.118978
2 4 0.119532 0.193598 0.433682 0.097742 0.155446
2 4 0.123484 0.184307 0.367185 0.124042 0.200982
2 4 0.145777 0.186588 0.280786 0.153544 0.233305
2 4 0.161442 0.189124 0.256954 0.157114 0.235366
2 4 0.171593 0.188764 0.244109 0.157787 0.237747
2 4 0.142399 0.186956 0.300587 0.145117 0.224942
2 4 0.186105 0.200052 0.260085 0.141973 0.211784
2 4 0.196874 0.197026 0.241526 0.145417 0.219156
4 4 0.205876 0.190000 0.216584 0.153192 0.234348
4 4 0.207065 0.187454 0.209710 0.156033 0.239738
4 4 0.223396 0.183438 0.189938 0.157779 0.245449
0 4 0.260001 0.177629 0.159924 0.155551 0.246894
0 4 0.326274 0.164451 0.117499 0.148353 0.243423
0 4 0.357129 0.157521 0.101693 0.143966 0.239691
0 4 0.412817 0.144180 0.077947 0.134811 0.230245
0 4 0.398239 0.155588 0.092685 0.132084 0.221404
0 4 0.401340 0.147000 0.082398 0.136811 0.232450
0 4 0.396736 0.148122 0.084244 0.137598 0.233299
0 4 0.405740 0.145923 0.080667 0.136051 0.231619
0 4 0.327415 0.164202 0.116875 0.148201 0.243306
0 4 0.320164 0.165773 0.120891 0.149154 0.244018
0 4 0.296464 0.170717 0.134974 0.152015 0.245829
0 4 0.274175 0.175056 0.149706 0.154315 0.246749
0 4 0.249496 0.179429 0.167972 0.156341 0.246762
0 4 0.282816 0.173414 0.143810 0.153472 0.246488
0 4 0.289760 0.191898 0.174126 0.134177 0.210039
0 4 0.309399 0.206141 0.193953 0.114490 0.176017
0 4 0.282332 0.214278 0.224285 0.111224 0.167881
2 4 0.223454 0.217653 0.273710 0.115282 0.169901
2 4 0.126740 0.195143 0.400422 0.108088 0.169607
2 4 0.099529 0.169592 0.437958 0.106013 0.186908
2 4 0.072166 0.146973 0.537037 0.082147 0.161677
2 4 0.056126 0.131928 0.625255 0.060538 0.126153
2 4 0.041375 0.114441 0.719709 0.039160 0.085315
2 4 0.044197 0.118729 0.706190 0.041635 0.089249
2 4 0.043341 0.117226 0.708268 0.041492 0.089674
2 4 0.041028 0.113552 0.718150 0.039828 0.087442
2 4 0.034404 0.103392 0.757773 0.032021 0.072410
2 4 0.031204 0.097183 0.769143 0.030680 0.071790
2 4 0.026229 0.087957 0.798465 0.025524 0.061825
2 4 0.029717 0.093001 0.761475 0.033625 0.082182
2 4 0.039616 0.112867 0.739003 0.034380 0.074133
2 4 0.063592 0.151402 0.670575 0.040834 0.073597
2 4 0.029922 0.095172 0.779455 0.028541 0.066910
2 4 0.020533 0.077003 0.842081 0.017433 0.042949
2 2 0.018811 0.073490 0.856429 0.014815 0.036455
2 2 0.017053 0.070158 0.874276 0.011318 0.027196
2 2 0.015105 0.065556 0.888307 0.009122 0.021910
2 2 0.015047 0.065505 0.889304 0.008891 0.021253
2 2 0.015515 0.066898 0.887640 0.008915 0.021033
2 2 0.017521 0.072327 0.878335 0.009693 0.022124
2 2 0.024411 0.089852 0.851521 0.011251 0.022965
2 2 0.043470 0.130710 0.790061 0.013534 0.022225
2 2 0.130380 0.218634 0.606748 0.018941 0.025298
0 0 0.444498 0.244384 0.251405 0.025091 0.034622
0 0 0.731556 0.149436 0.071443 0.018661 0.028905
0 0 0.790964 0.120517 0.045740 0.016413 0.026366
0 0 0.802544 0.116148 0.042825 0.014765 0.023719
0 0 0.794580 0.120849 0.046536 0.014669 0.023365
0 0 0.808959 0.113475 0.041041 0.014005 0.022520
0 0 0.783585 0.123821 0.048213 0.017057 0.027324
0 0 0.677020 0.172958 0.098362 0.020593 0.031067
0 0 0.531432 0.222370 0.183447 0.025803 0.036948
0 0 0.520323 0.224579 0.188224 0.027484 0.039390
0 0 0.601277 0.200614 0.139308 0.023826 0.034975
0 0 0.633515 0.187810 0.117986 0.024320 0.036369
0 0 0.614532 0.194090 0.127446 0.025693 0.038239
0 0 0.530751 0.219793 0.175948 0.029989 0.043518
0 0 0.431862 0.240688 0.235912 0.037781 0.053758
2 0 0.254905 0.251410 0.359121 0.056549 0.078015
2 1 0.200217 0.238861 0.373306 0.078423 0.109194
2 2 0.147364 0.221729 0.427630 0.083703 0.119575
2 2 0.113998 0.197379 0.486538 0.078752 0.123333
2 2 0.101442 0.187301 0.523024 0.071615 0.116617
2 2 0.114217 0.198675 0.491394 0.076569 0.119145
2 2 0.114422 0.203377 0.512235 0.067558 0.102409
2 2 0.100120 0.192019 0.557141 0.058608 0.092112
2 2 0.071794 0.162281 0.646179 0.043863 0.075883
2 2 0.042682 0.121347 0.752732 0.027906 0.055333
2 2 0.022559 0.083248 0.845280 0.014946 0.033967
2 2 0.016000 0.067492 0.880373 0.010540 0.025595
2 2 0.013504 0.060934 0.895807 0.008542 0.021213
2 2 0.013422 0.060608 0.895612 0.008674 0.021684
2 2 0.013353 0.060260 0.894893 0.008935 0.022559
2 2 0.013072 0.059405 0.896077 0.008872 0.022574
2 2 0.012761 0.058519 0.897928 0.008660 0.022133
2 2 0.012579 0.057970 0.898803 0.008592 0.022057
2 2 0.012720 0.058398 0.898125 0.008644 0.022113
2 2 0.012920 0.059113 0.897988 0.008494 0.021484
2 2 0.013025 0.059729 0.899547 0.007962 0.019737
2 2 0.012597 0.058875 0.904371 0.007029 0.017129
2 2 0.013766 0.062401 0.898885 0.007396 0.017552
2 2 0.015200 0.066744 0.893257 0.007555 0.017244
2 2 0.017007 0.072074 0.886590 0.007656 0.016674
2 2 0.017190 0.072940 0.887400 0.007176 0.015295
2 2 0.016419 0.070769 0.890584 0.007025 0.015203
2 2 0.014848 0.065982 0.896102 0.007061 0.016008
2 2 0.013867 0.062697 0.898391 0.007435 0.017609
2 2 0.012522 0.058730 0.905201 0.006867 0.016679
2 2 0.011915 0.057174 0.909933 0.006145 0.014832
2 2 0.011915 0.057343 0.910809 0.005885 0.014049
2 2 0.012532 0.059146 0.907249 0.006252 0.014821
2 2 0.012354 0.058675 0.908485 0.006081 0.014405
2 2 0.013222 0.061338 0.904381 0.006338 0.014720
2 2 0.016735 0.071262 0.887481 0.007675 0.016847
2 2 0.028005 0.098842 0.841220 0.010988 0.020945
2 2 0.050432 0.143289 0.768804 0.014623 0.022852
2 2 0.122896 0.211755 0.615181 0.021014 0.029154
2 2 0.188906 0.244564 0.510477 0.024193 0.031860
2 0 0.315547 0.260026 0.360286 0.027560 0.036581
0 0 0.490285 0.231899 0.207434 0.029055 0.041328
0 0 0.448509 0.240157 0.233349 0.032329 0.045656
2 1 0.240153 0.257796 0.419676 0.035537 0.046838
2 2 0.153892 0.242843 0.524778 0.034570 0.043917
2 2 0.133188 0.229361 0.553235 0.036270 0.047947
2 2 0.138950 0.225291 0.528593 0.044671 0.062495
2 2 0.123841 0.214892 0.583574 0.032178 0.045514
2 2 0.264228 0.259878 0.404812 0.030713 0.040370
0 0 0.496575 0.232013 0.208942 0.025902 0.036568
0 0 0.612483 0.196747 0.132736 0.023457 0.034576
0 0 0.678953 0.171498 0.096203 0.021213 0.032133
0 0 0.693055 0.164143 0.086721 0.022126 0.033956
0 0 0.742007 0.142306 0.063783 0.020165 0.031739
0 0 0.719384 0.150020 0.070681 0.023300 0.036615
0 0 0.692556 0.162491 0.084258 0.023839 0.036856
0 0 0.607080 0.195192 0.128649 0.027704 0.041374
0 0 0.620507 0.190415 0.121113 0.027173 0.040792
0 0 0.606179 0.195103 0.128371 0.028191 0.042155
0 0 0.539967 0.216046 0.167283 0.031151 0.045553
0 0 0.501858 0.226780 0.192703 0.032203 0.046457
0 0 0.575195 0.207214 0.150207 0.027303 0.040081
0 0 0.693667 0.164904 0.087970 0.021144 0.032314
0 0 0.734600 0.145121 0.066314 0.020985 0.032980
0 0 0.775984 0.126524 0.050131 0.018202 0.029159
0 0 0.768863 0.131359 0.054456 0.017530 0.027792
0 0 0.770889 0.130946 0.054257 0.016999 0.026909
0 0 0.775093 0.129144 0.052810 0.016616 0.026337
0 0 0.785519 0.125605 0.050362 0.014916 0.023598
0 0 0.771375 0.134131 0.058158 0.014220 0.022116
0 0 0.792067 0.124806 0.050567 0.012689 0.019871
0 0 0.803666 0.117827 0.044701 0.013064 0.020743
0 0 0.805192 0.114999 0.042037 0.014486 0.023287
0 0 0.806980 0.112175 0.039600 0.015713 0.025532
0 0 0.797235 0.115073 0.041261 0.017655 0.028776
0 0 0.823973 0.098177 0.029786 0.017908 0.030156
0 0 0.795989 0.106458 0.034289 0.023530 0.039734
0 0 0.811519 0.097135 0.028505 0.023125 0.039716
0 0 0.797122 0.103842 0.032478 0.024631 0.041928
0 0 0.817491 0.094608 0.027105 0.022333 0.038463
0 0 0.808614 0.103619 0.032826 0.020487 0.034454
0 0 0.788384 0.114446 0.040073 0.021512 0.035586
0 0 0.785896 0.117446 0.042447 0.020532 0.033679
0 0 0.781761 0.118459 0.043044 0.021471 0.035266
0 0 0.805746 0.110018 0.037620 0.017627 0.028989
0 0 0.797631 0.114107 0.040443 0.018142 0.029677
0 0 0.813488 0.106811 0.035604 0.016655 0.027443
0 0 0.818851 0.106184 0.035568 0.014940 0.024458
0 0 0.846642 0.094879 0.029240 0.011082 0.018156
0 0 0.871520 0.081507 0.021996 0.009366 0.015610
0 0 0.870184 0.080428 0.021133 0.010522 0.017732
0 0 0.864790 0.082513 0.022032 0.011413 0.019252
0 0 0.868005 0.080757 0.021159 0.011177 0.018902
0 0 0.867490 0.080981 0.021261 0.011248 0.019021
0 0 0.854015 0.088614 0.025256 0.012028 0.020088
0 0 0.883975 0.072621 0.017452 0.009588 0.016364
0 0 0.884698 0.071961 0.017123 0.009672 0.016546
0 0 0.873041 0.076843 0.019125 0.011435 0.019556
0 0 0.854652 0.085064 0.022923 0.013836 0.023525
0 0 0.854590 0.085371 0.023115 0.013687 0.023237
0 0 0.854394 0.085818 0.023390 0.013508 0.022890
0 0 0.852550 0.088101 0.024773 0.012899 0.021676
0 0 0.852432 0.087527 0.024375 0.013278 0.022388
0 0 0.855216 0.086038 0.023593 0.013069 0.022083
0 0 0.854977 0.084959 0.022877 0.013772 0.023415
0 0 0.875101 0.073802 0.017517 0.012290 0.021290
0 0 0.870155 0.075684 0.018278 0.013133 0.022750
0 0 0.833330 0.092460 0.026425 0.017683 0.030102
0 0 0.759586 0.116979 0.040877 0.030731 0.051826
0 0 0.728762 0.119958 0.042606 0.040160 0.068515
0 0 0.718012 0.118845 0.041719 0.044641 0.076783
0 0 0.655686 0.139672 0.058904 0.054362 0.091376
0 0 0.699914 0.131081 0.051269 0.043870 0.073866
0 0 0.768038 0.110129 0.036036 0.031655 0.054141
0 0 0.814271 0.089377 0.023884 0.026252 0.046215
0 0 0.748225 0.110787 0.036183 0.038403 0.066402
0 0 0.730122 0.104477 0.031986 0.048115 0.085299
0 0 0.636965 0.114135 0.039329 0.075370 0.134201
0 0 0.530429 0.123401 0.049770 0.107006 0.189394
0 0 0.496290 0.122919 0.051175 0.118856 0.210760
0 0 0.493165 0.123733 0.052021 0.119492 0.211588
0 0 0.487360 0.135002 0.062161 0.115276 0.200202
0 0 0.538250 0.149680 0.072652 0.089029 0.150389
0 0 0.663146 0.146883 0.065528 0.046968 0.077474
0 0 0.642536 0.173668 0.096075 0.034286 0.053435
0 0 0.627311 0.184523 0.111495 0.030376 0.046295
0 0 0.669187 0.169963 0.092551 0.026865 0.041433
0 0 0.725501 0.145261 0.065608 0.024584 0.039046
0 0 0.763828 0.127071 0.049619 0.022660 0.036821
0 0 0.782349 0.118702 0.043295 0.021083 0.034571
0 0 0.776782 0.119891 0.043967 0.022455 0.036904
0 0 0.707740 0.137228 0.056731 0.037082 0.061218
0 0 0.605694 0.140071 0.060479 0.071713 0.122042
0 0 0.389939 0.149769 0.087036 0.138743 0.234513
0 0 0.286388 0.172720 0.141442 0.153105 0.246345
4 1 0.182817 0.187982 0.230937 0.158173 0.240092
2 1 0.152332 0.189482 0.269026 0.156498 0.232661
2 1 0.131954 0.179826 0.307440 0.146795 0.233985
2 1 0.115821 0.173136 0.354161 0.132878 0.224003
2 1 0.132707 0.205626 0.423594 0.094538 0.143535
2 1 0.154839 0.229148 0.450597 0.068741 0.096676
2 1 0.128881 0.216380 0.484270 0.069853 0.100616
2 1 0.112534 0.189398 0.456204 0.092219 0.149645
2 1 0.099425 0.161451 0.391634 0.124026 0.223464
2 1 0.085161 0.150159 0.430835 0.114345 0.219501
2 1 0.077458 0.155017 0.538009 0.079371 0.150144
2 1 0.092407 0.181282 0.562074 0.061890 0.102346
2 1 0.215214 0.242650 0.368120 0.072784 0.101233
0 0 0.298478 0.242309 0.289235 0.069839 0.100139
2 0 0.279632 0.243285 0.305402 0.070802 0.100879
2 0 0.240917 0.246783 0.353928 0.066190 0.092183
2 0 0.232312 0.237019 0.325870 0.084502 0.120296
2 1 0.239175 0.238418 0.323770 0.081978 0.116659
2 2 0.118874 0.211576 0.520658 0.060680 0.088212
2 2 0.064461 0.150924 0.657320 0.044967 0.082328
2 2 0.045310 0.125987 0.744721 0.028567 0.055415
2 2 0.039824 0.115331 0.755490 0.029123 0.060231
2 2 0.025240 0.088334 0.826010 0.018440 0.041977
2 2 0.016340 0.067197 0.868779 0.013408 0.034275
2 2 0.011640 0.054388 0.897403 0.009764 0.026805
2 2 0.011907 0.054900 0.893105 0.010617 0.029472
2 2 0.014699 0.062218 0.871382 0.013948 0.037753
2 2 0.020929 0.076609 0.826521 0.021297 0.054644
2 2 0.029251 0.093424 0.778007 0.029348 0.069970
2 2 0.037432 0.108845 0.745614 0.033750 0.074360
2 2 0.047747 0.126798 0.713476 0.037140 0.074839
2 2 0.061623 0.145956 0.658548 0.046426 0.087447
2 2 0.073936 0.159245 0.604620 0.057661 0.104539
2 2 0.077050 0.161515 0.586513 0.062311 0.112612
2 2 0.074363 0.161187 0.612589 0.054506 0.097355
2 2 0.070752 0.160040 0.643872 0.045470 0.079866
2 2 0.062564 0.151547 0.683276 0.036982 0.065632
2 2 0.055260 0.141084 0.707089 0.033959 0.062608
2 2 0.046427 0.126956 0.734849 0.031037 0.060731
2 2 0.039637 0.115575 0.760518 0.027656 0.056613
2 2 0.035084 0.107733 0.781314 0.024464 0.051405
2 2 0.034922 0.108538 0.789925 0.021853 0.044761
2 2 0.035372 0.110421 0.794867 0.019855 0.039485
2 2 0.032237 0.105178 0.812229 0.016834 0.033522
2 2 0.030782 0.101985 0.816496 0.016740 0.033997
2 2 0.024166 0.088149 0.846301 0.013199 0.028184
2 2 0.022376 0.083752 0.852503 0.012930 0.028438
2 2 0.021341 0.081486 0.858312 0.012107 0.026754
2 2 0.023732 0.086973 0.847037 0.013373 0.028885
2 2 0.023641 0.087072 0.849319 0.012739 0.027229
2 2 0.024580 0.089301 0.845781 0.012972 0.027367
2 2 0.031013 0.103756 0.822743 0.014408 0.028080
2 2 0.054084 0.147412 0.751154 0.018220 0.029129
2 2 0.185523 0.250971 0.501569 0.027349 0.034587
0 0 0.416798 0.247570 0.263415 0.030252 0.041965
0 0 0.538346 0.215683 0.166293 0.032306 0.047372
0 0 0.548384 0.209092 0.152260 0.036249 0.054015
0 0 0.468847 0.219884 0.178498 0.053188 0.079584
0 1 0.309543 0.229173 0.245876 0.086936 0.128471
4 1 0.185655 0.187747 0.227747 0.158232 0.240619
2 1 0.140394 0.184065 0.290853 0.151003 0.233685
2 1 0.103247 0.162493 0.372366 0.130222 0.231673
2 2 0.062492 0.139620 0.599049 0.065898 0.132941
2 2 0.046980 0.123278 0.697330 0.042756 0.089655
2 2 0.036314 0.107669 0.757386 0.030933 0.067698
2 2 0.030386 0.097702 0.792551 0.024469 0.054893
2 2 0.032762 0.103204 0.789752 0.023591 0.050691
2 2 0.047181 0.132206 0.756623 0.022833 0.041157
2 2 0.148149 0.227721 0.539910 0.035159 0.049061
0 0 0.387960 0.250190 0.277538 0.035269 0.049043
0 0 0.487966 0.227591 0.194621 0.036637 0.053186
0 1 0.453983 0.235500 0.217964 0.037989 0.054564
0 1 0.430468 0.238073 0.227970 0.042452 0.061037
0 1 0.482949 0.222608 0.182844 0.045022 0.066577
0 1 0.420206 0.233290 0.216884 0.052626 0.076994
2 1 0.220951 0.253584 0.417678 0.046126 0.061661
2 1 0.097287 0.202626 0.622060 0.032614 0.045413
2 2 0.057863 0.148833 0.720309 0.026967 0.046028
2 2 0.032396 0.104310 0.804323 0.019299 0.039672
2 2 0.019086 0.075328 0.864367 0.012357 0.028863
2 2 0.015745 0.067247 0.884713 0.009541 0.022754
2 2 0.018090 0.073778 0.875480 0.009993 0.022658
2 2 0.021070 0.081605 0.864020 0.010580 0.022724
2 2 0.021723 0.083431 0.862450 0.010417 0.021980
2 2 0.019685 0.078337 0.871019 0.009766 0.021193
2 2 0.017080 0.071543 0.882585 0.008845 0.019948
2 2 0.015224 0.066360 0.890658 0.008316 0.019441
2 2 0.013990 0.062797 0.896291 0.007923 0.018999
2 2 0.012076 0.057528 0.908358 0.006430 0.015608
2 2 0.013162 0.060830 0.903003 0.006823 0.016182
2 2 0.017778 0.073969 0.882325 0.008177 0.017752
2 2 0.035588 0.115116 0.814881 0.012453 0.021962
2 2 0.110079 0.209587 0.627318 0.022558 0.030458
2 1 0.223941 0.256313 0.436739 0.035917 0.047090
2 1 0.218179 0.252077 0.412145 0.050149 0.067450
2 1 0.170886 0.237682 0.428937 0.068612 0.093884
2 1 0.124748 0.201432 0.440430 0.091882 0.141508
2 2 0.120881 0.173707 0.330810 0.140840 0.233762
2 2 0.098045 0.162453 0.407054 0.118567 0.213881
2 2 0.086574 0.163604 0.507037 0.086060 0.156725
2 2 0.084170 0.173967 0.593060 0.055339 0.093465
2 2 0.193268 0.239661 0.403898 0.068071 0.095102
2 2 0.303323 0.255398 0.335944 0.044355 0.060980
2 2 0.210418 0.254338 0.447341 0.038049 0.049854
2 2 0.137881 0.236593 0.557871 0.029989 0.037667
2 2 0.078844 0.185424 0.686026 0.020866 0.028840
2 2 0.063891 0.162479 0.721470 0.020658 0.031502
2 2 0.043142 0.125064 0.769261 0.021872 0.040660
2 2 0.024367 0.088923 0.847293 0.012690 0.026728
2 2 0.016978 0.071274 0.883058 0.008804 0.019886
2 2 0.019879 0.078495 0.868347 0.010413 0.022866
2 2 0.031305 0.103633 0.817790 0.015825 0.031447
2 2 0.052064 0.140871 0.743825 0.023181 0.040059
2 2 0.155002 0.223851 0.515216 0.042824 0.063107
