4 0 0.106047 0.211053 0.244255 0.065304 0.373341
4 1 0.085166 0.250457 0.194333 0.036676 0.433369
4 1 0.089786 0.218412 0.157948 0.031460 0.502394
4 1 0.056718 0.156333 0.106988 0.014157 0.665804
4 1 0.066868 0.211648 0.130545 0.018812 0.572127
4 1 0.067315 0.211350 0.130870 0.019001 0.571464
4 1 0.065675 0.206807 0.128282 0.018238 0.580998
4 4 0.066687 0.203422 0.136639 0.019923 0.573329
4 4 0.068241 0.199454 0.164068 0.025078 0.543159
4 4 0.089485 0.189819 0.164196 0.034011 0.522489
4 4 0.092446 0.190605 0.154106 0.032772 0.530071
4 4 0.099051 0.190682 0.149521 0.034157 0.526589
4 4 0.109297 0.171644 0.149765 0.039345 0.529948
4 4 0.125556 0.138399 0.145932 0.047863 0.542250
4 4 0.122592 0.104215 0.128485 0.044885 0.599824
4 4 0.129041 0.089731 0.123491 0.048228 0.609509
4 4 0.172947 0.091004 0.141036 0.078092 0.516922
4 4 0.189458 0.081870 0.140229 0.090580 0.497863
0 4 0.321108 0.116559 0.247840 0.082945 0.231549
0 4 0.313337 0.125128 0.239863 0.107851 0.213822
0 4 0.248164 0.124881 0.246365 0.196679 0.183911
3 4 0.192167 0.114377 0.233196 0.283740 0.176520
3 4 0.197184 0.114443 0.228689 0.265430 0.194254
4 4 0.202065 0.098589 0.183028 0.149413 0.366904
4 4 0.195382 0.086393 0.145187 0.096081 0.476957
4 4 0.133917 0.090561 0.126019 0.051204 0.598300
4 4 0.117029 0.116273 0.131704 0.042045 0.592949
4 4 0.107205 0.141086 0.137145 0.037252 0.577312
4 4 0.087939 0.139800 0.124962 0.027316 0.619983
4 4 0.079961 0.128631 0.115606 0.023444 0.652359
4 4 0.073954 0.120043 0.108371 0.020718 0.676914
4 4 0.083832 0.125209 0.116816 0.025153 0.648990
4 4 0.099488 0.126958 0.126989 0.032807 0.613758
4 1 0.130761 0.123124 0.141622 0.050489 0.554003
4 1 0.202486 0.111497 0.163323 0.105676 0.417019
0 1 0.284705 0.129841 0.245591 0.155036 0.184827
0 1 0.244003 0.119752 0.234893 0.179300 0.222052
4 1 0.225891 0.113569 0.232144 0.186256 0.242141
4 1 0.223592 0.108647 0.223326 0.165726 0.278708
4 1 0.251151 0.112464 0.227276 0.137090 0.272019
4 1 0.174820 0.074783 0.134844 0.083384 0.532169
4 1 0.183010 0.078866 0.138900 0.088110 0.511114
4 1 0.226746 0.093346 0.169784 0.091394 0.418730
4 1 0.273100 0.112527 0.205627 0.106531 0.302215
4 1 0.252867 0.112842 0.205830 0.131165 0.297295
4 1 0.232629 0.110982 0.199447 0.152914 0.304029
4 2 0.230756 0.117524 0.224257 0.192500 0.234963
2 2 0.164884 0.110859 0.295428 0.241235 0.187594
2 2 0.108701 0.098291 0.362659 0.322421 0.107927
3 2 0.083598 0.087988 0.370557 0.374221 0.083636
3 2 0.081405 0.084208 0.355376 0.403366 0.075644
3 2 0.082942 0.081937 0.340509 0.417497 0.077116
3 2 0.089192 0.082231 0.322334 0.424230 0.082013
3 2 0.101328 0.084081 0.290545 0.440471 0.083575
3 2 0.126126 0.090249 0.265715 0.407522 0.110387
3 2 0.117896 0.085044 0.268568 0.416368 0.112124
3 2 0.104271 0.079032 0.270513 0.452346 0.093838
3 2 0.088472 0.071754 0.267808 0.501551 0.070416
3 2 0.079798 0.067715 0.262152 0.534264 0.056072
3 2 0.071123 0.063284 0.254677 0.567025 0.043891
3 2 0.062934 0.058762 0.245669 0.598679 0.033956
3 2 0.054529 0.053297 0.238902 0.625578 0.027694
3 2 0.052507 0.051864 0.237729 0.631272 0.026628
3 2 0.054505 0.053279 0.238888 0.625648 0.027681
3 2 0.058520 0.056071 0.240985 0.614622 0.029801
3 2 0.054201 0.053065 0.238717 0.626496 0.027521
3 2 0.046795 0.047715 0.233932 0.647930 0.023628
3 2 0.035062 0.038637 0.223280 0.685505 0.017517
3 2 0.029748 0.034227 0.216715 0.704536 0.014774
3 3 0.025994 0.030972 0.211159 0.719027 0.012848
3 3 0.027491 0.032285 0.213480 0.713129 0.013615
3 3 0.026683 0.031578 0.212245 0.716293 0.013201
3 3 0.026834 0.031711 0.212479 0.715698 0.013278
3 3 0.023030 0.028305 0.206086 0.731244 0.011335
3 3 0.020505 0.025956 0.201175 0.742313 0.010051
3 3 0.016337 0.021896 0.191520 0.762302 0.007946
3 3 0.014388 0.019903 0.186140 0.772601 0.006968
3 3 0.012844 0.018273 0.181363 0.781324 0.006196
3 3 0.012211 0.017590 0.179247 0.785072 0.005881
3 3 0.010987 0.016243 0.174858 0.792641 0.005272
3 3 0.010181 0.015334 0.171721 0.797891 0.004873
3 3 0.008942 0.013901 0.166439 0.806457 0.004262
3 3 0.008093 0.012889 0.162437 0.812737 0.003844
3 3 0.007264 0.011875 0.158168 0.819254 0.003438
3 3 0.006694 0.011161 0.154984 0.824002 0.003160
3 3 0.006175 0.010497 0.151881 0.828539 0.002907
3 3 0.006041 0.010324 0.151043 0.829750 0.002842
3 3 0.005999 0.010269 0.150778 0.830133 0.002822
3 3 0.006485 0.010895 0.153757 0.825805 0.003058
3 3 0.007310 0.011932 0.158417 0.818880 0.003461
3 3 0.008825 0.013763 0.165910 0.807297 0.004204
3 3 0.010446 0.015635 0.172778 0.796136 0.005005
3 3 0.012454 0.017854 0.180072 0.783618 0.006002
3 3 0.014008 0.019506 0.185011 0.774697 0.006778
3 2 0.015054 0.020592 0.188054 0.768998 0.007302
3 2 0.015174 0.020715 0.188389 0.768360 0.007362
3 2 0.014865 0.020397 0.187519 0.770012 0.007207
3 3 0.014967 0.020502 0.187808 0.769466 0.007258
3 3 0.015920 0.021476 0.190425 0.764442 0.007737
3 3 0.016143 0.021701 0.191015 0.763291 0.007849
3 3 0.016694 0.022254 0.192439 0.760488 0.008125
3 3 0.016351 0.021910 0.191558 0.762227 0.007953
3 3 0.015548 0.021097 0.189420 0.766386 0.007549
3 3 0.013694 0.019176 0.184054 0.776456 0.006620
3 3 0.011455 0.016763 0.176587 0.789690 0.005505
3 3 0.010062 0.015199 0.171241 0.798683 0.004815
3 3 0.008708 0.013625 0.165372 0.808148 0.004147
3 3 0.007691 0.012401 0.160419 0.815841 0.003647
3 3 0.007046 0.011603 0.156975 0.821045 0.003332
3 3 0.006857 0.011366 0.155916 0.822622 0.003239
3 3 0.006774 0.011261 0.155442 0.823325 0.003199
3 3 0.006952 0.011485 0.156449 0.821829 0.003286
3 3 0.006966 0.011503 0.156530 0.821709 0.003293
3 3 0.006963 0.011500 0.156515 0.821731 0.003291
3 3 0.006938 0.011468 0.156371 0.821945 0.003279
3 3 0.007061 0.011622 0.157058 0.820920 0.003339
3 3 0.007091 0.011659 0.157223 0.820673 0.003354
3 3 0.007102 0.011674 0.157286 0.820579 0.003359
3 3 0.007075 0.011640 0.157136 0.820803 0.003346
3 3 0.007044 0.011601 0.156965 0.821058 0.003331
3 3 0.006807 0.011304 0.155633 0.823041 0.003215
3 3 0.006147 0.010461 0.151707 0.828790 0.002894
3 3 0.005534 0.009658 0.147731 0.834480 0.002596
3 3 0.005315 0.009366 0.146224 0.836605 0.002490
3 3 0.005595 0.009738 0.148139 0.833903 0.002625
3 3 0.006065 0.010354 0.151190 0.829538 0.002853
3 3 0.006224 0.010561 0.152185 0.828099 0.002931
3 3 0.006143 0.010455 0.151678 0.828833 0.002891
3 3 0.005958 0.010215 0.150515 0.830511 0.002802
3 3 0.005637 0.009794 0.148424 0.833499 0.002646
3 3 0.005296 0.009341 0.146090 0.836792 0.002481
3 3 0.005032 0.008984 0.144196 0.839434 0.002353
3 3 0.004970 0.008900 0.143740 0.840066 0.002323
3 3 0.005077 0.009045 0.144523 0.838980 0.002375
3 3 0.005151 0.009145 0.145059 0.838234 0.002411
3 3 0.005041 0.008995 0.144257 0.839350 0.002357
3 3 0.004664 0.008479 0.141411 0.843271 0.002176
3 3 0.004282 0.007944 0.138328 0.847454 0.001992
3 3 0.004074 0.007648 0.136556 0.849831 0.001892
3 3 0.004125 0.007722 0.137002 0.849234 0.001917
3 3 0.004287 0.007951 0.138372 0.847396 0.001994
3 3 0.004456 0.008189 0.139763 0.845516 0.002076
3 3 0.004517 0.008274 0.140250 0.844855 0.002105
3 3 0.004519 0.008277 0.140265 0.844834 0.002106
3 3 0.004304 0.007976 0.138519 0.847198 0.002003
3 3 0.004099 0.007685 0.136780 0.849531 0.001904
3 3 0.003847 0.007322 0.134541 0.852506 0.001783
3 3 0.003874 0.007360 0.134781 0.852190 0.001796
3 3 0.003930 0.007442 0.135293 0.851511 0.001823
3 3 0.004185 0.007807 0.137518 0.848544 0.001946
3 3 0.004184 0.007806 0.137507 0.848558 0.001945
3 3 0.004086 0.007665 0.136661 0.849691 0.001898
3 3 0.003867 0.007350 0.134720 0.852270 0.001793
3 3 0.003632 0.007007 0.132538 0.855142 0.001681
3 3 0.003544 0.006876 0.131685 0.856257 0.001638
3 3 0.003508 0.006824 0.131340 0.856707 0.001621
3 3 0.003634 0.007010 0.132553 0.855123 0.001681
3 3 0.003703 0.007112 0.133210 0.854260 0.001715
3 3 0.003796 0.007247 0.134074 0.853123 0.001759
3 3 0.003784 0.007230 0.133962 0.853271 0.001753
3 3 0.003665 0.007056 0.132852 0.854731 0.001696
3 3 0.003550 0.006886 0.131747 0.856176 0.001641
3 3 0.003447 0.006734 0.130740 0.857487 0.001592
3 3 0.003516 0.006835 0.131414 0.856610 0.001625
3 3 0.003463 0.006757 0.130895 0.857286 0.001600
3 3 0.003407 0.006673 0.130335 0.858012 0.001573
3 3 0.003215 0.006385 0.128371 0.860547 0.001482
3 3 0.003058 0.006144 0.126682 0.862708 0.001407
3 3 0.003065 0.006156 0.126765 0.862603 0.001411
3 3 0.003212 0.006380 0.128339 0.860588 0.001481
3 3 0.003858 0.007338 0.134641 0.852374 0.001789
3 3 0.005191 0.009199 0.145344 0.837836 0.002430
3 3 0.007444 0.012097 0.159128 0.817805 0.003526
3 3 0.009149 0.014144 0.167365 0.804979 0.004364
3 3 0.010472 0.015664 0.172877 0.795970 0.005017
3 3 0.011103 0.016372 0.175293 0.791902 0.005330
3 3 0.013683 0.019165 0.184020 0.776517 0.006615
3 3 0.015245 0.020788 0.188588 0.767981 0.007397
3 3 0.022662 0.027967 0.205408 0.732816 0.011148
3 3 0.033807 0.038287 0.229885 0.680500 0.017522
3 2 0.055888 0.070281 0.406761 0.415090 0.051979
3 2 0.033959 0.050285 0.386219 0.496647 0.032890
3 2 0.029204 0.035802 0.242972 0.675584 0.016438
3 2 0.030642 0.035123 0.219656 0.699217 0.015363
3 2 0.018409 0.023946 0.196596 0.752057 0.008991
3 2 0.018892 0.024414 0.197696 0.749763 0.009235
3 2 0.024353 0.029507 0.208435 0.725696 0.012010
3 2 0.040716 0.043209 0.229987 0.665537 0.020551
3 2 0.083194 0.071440 0.265118 0.525527 0.054722
3 2 0.147662 0.117841 0.264661 0.271310 0.198527
4 4 0.149875 0.117053 0.178660 0.092278 0.462135
4 4 0.124879 0.085174 0.119074 0.045646 0.625228
4 4 0.098640 0.071198 0.099239 0.031386 0.699537
4 4 0.087193 0.068978 0.092531 0.025978 0.725320
4 4 0.075654 0.078227 0.091430 0.021033 0.733656
4 4 0.080665 0.100617 0.104745 0.023405 0.690567
4 4 0.074429 0.105801 0.103091 0.020769 0.695910
4 4 0.072612 0.105044 0.101616 0.020001 0.700727
4 4 0.068038 0.090857 0.092750 0.018021 0.730333
4 4 0.074675 0.076232 0.089889 0.020609 0.738595
4 4 0.079953 0.055933 0.081294 0.022697 0.760124
4 4 0.085969 0.045687 0.077081 0.025265 0.765998
4 4 0.089100 0.045861 0.078492 0.026668 0.759879
4 4 0.088134 0.059157 0.087095 0.026317 0.739298
4 4 0.080461 0.091528 0.100532 0.023215 0.704264
4 4 0.076497 0.145965 0.119371 0.022135 0.636032
4 4 0.075150 0.199729 0.134522 0.022323 0.568276
4 4 0.075129 0.235246 0.148293 0.023769 0.517564
4 4 0.068477 0.250949 0.177245 0.025956 0.477374
4 1 0.061889 0.259388 0.206962 0.027780 0.443981
4 1 0.063039 0.253646 0.242758 0.034666 0.405892
4 1 0.067157 0.220613 0.264663 0.042643 0.404924
4 1 0.071142 0.196472 0.308133 0.062587 0.361667
2 1 0.079164 0.167814 0.332479 0.090211 0.330332
2 2 0.101673 0.146732 0.357259 0.174280 0.220057
2 2 0.141297 0.112578 0.305586 0.283653 0.156886
2 2 0.216462 0.124439 0.277833 0.247936 0.133330
0 2 0.278463 0.132367 0.271125 0.178300 0.139746
0 2 0.307947 0.136989 0.278935 0.153057 0.123071
0 1 0.292883 0.136631 0.253121 0.168150 0.149216
2 1 0.181544 0.136017 0.279486 0.227306 0.175647
2 1 0.136877 0.137422 0.308304 0.238969 0.178427
2 2 0.098854 0.116182 0.360264 0.299356 0.125344
3 2 0.099767 0.094547 0.332754 0.364932 0.108000
3 2 0.081034 0.077330 0.321622 0.448289 0.071725
3 2 0.072147 0.071136 0.308698 0.492348 0.055671
3 2 0.070188 0.070551 0.317180 0.484809 0.057273
3 2 0.067381 0.072432 0.350875 0.445100 0.064212
2 2 0.067432 0.076919 0.390232 0.388268 0.077149
2 2 0.077989 0.085710 0.405423 0.343576 0.087302
2 2 0.088613 0.090433 0.476974 0.280943 0.063036
2 2 0.074475 0.082497 0.483141 0.302821 0.057067
2 2 0.057419 0.071860 0.460826 0.358980 0.050915
3 2 0.040630 0.059230 0.418564 0.437849 0.043728
3 2 0.037244 0.054933 0.405816 0.463569 0.038438
3 2 0.036386 0.052652 0.386651 0.489241 0.035069
3 2 0.040403 0.053309 0.348671 0.524148 0.033469
3 2 0.041402 0.053192 0.337024 0.535659 0.032722
3 2 0.046101 0.056506 0.330607 0.531593 0.035192
3 2 0.052615 0.061533 0.329339 0.516939 0.039574
3 2 0.066376 0.071166 0.323768 0.490355 0.048335
3 2 0.083285 0.080775 0.308605 0.470440 0.056894
3 2 0.127548 0.098154 0.307311 0.403672 0.063316
3 2 0.172639 0.110692 0.298069 0.351336 0.067263
2 2 0.206078 0.119635 0.311675 0.289249 0.073362
2 2 0.233203 0.127173 0.308784 0.253278 0.077562
3 2 0.214522 0.124498 0.267150 0.283821 0.110009
3 2 0.190813 0.119550 0.248520 0.329360 0.111757
3 2 0.179531 0.116954 0.269156 0.343438 0.090921
3 2 0.167021 0.113439 0.274409 0.340001 0.105130
3 2 0.165906 0.106788 0.253638 0.311641 0.162027
3 2 0.145268 0.101477 0.270442 0.346041 0.136773
3 2 0.128183 0.096350 0.293196 0.344113 0.138158
3 2 0.106814 0.093124 0.327867 0.340206 0.131989
2 2 0.098597 0.088455 0.345527 0.339815 0.127607
3 2 0.085224 0.084192 0.357670 0.377868 0.095047
3 2 0.076604 0.079896 0.339836 0.441741 0.061922
3 2 0.081739 0.079440 0.306381 0.477197 0.055243
3 2 0.090894 0.081579 0.281867 0.490613 0.055048
3 2 0.086751 0.079643 0.285853 0.494300 0.053453
3 2 0.076726 0.076630 0.310183 0.483790 0.052671
3 2 0.065565 0.071889 0.334777 0.477748 0.050021
3 2 0.064568 0.070884 0.333405 0.481848 0.049295
3 2 0.067185 0.071053 0.318056 0.495964 0.047742
3 2 0.069463 0.070137 0.297919 0.517263 0.045218
3 2 0.070772 0.069517 0.286216 0.529767 0.043729
3 2 0.073962 0.068582 0.263807 0.552436 0.041213
3 2 0.078752 0.069896 0.252496 0.557348 0.041508
3 2 0.082542 0.071413 0.249295 0.553418 0.043332
3 2 0.089613 0.075263 0.252264 0.533485 0.049375
3 2 0.089182 0.075479 0.249453 0.539692 0.046194
3 2 0.090301 0.076133 0.249570 0.537197 0.046798
3 2 0.089490 0.075660 0.249486 0.539004 0.046360
3 2 0.094057 0.078302 0.249888 0.528924 0.048829
3 2 0.094394 0.079199 0.254186 0.522158 0.050062
3 2 0.097288 0.081696 0.259335 0.508715 0.052966
3 2 0.095084 0.080299 0.258487 0.514613 0.051517
3 2 0.100054 0.082046 0.257329 0.504205 0.056365
3 2 0.113165 0.087769 0.254091 0.479091 0.065884
3 2 0.133570 0.096832 0.253963 0.429903 0.085733
3 2 0.146201 0.102333 0.251165 0.404492 0.095809
3 2 0.146604 0.103471 0.249037 0.411794 0.089093
3 2 0.141026 0.101884 0.249770 0.426006 0.081314
3 2 0.129642 0.097714 0.250779 0.452583 0.069282
3 2 0.124005 0.094311 0.251274 0.465756 0.064653
3 2 0.129487 0.094604 0.279546 0.439064 0.057298
3 2 0.160311 0.103351 0.329208 0.353820 0.053310
2 2 0.178916 0.107953 0.349131 0.311724 0.052277
2 2 0.237687 0.119425 0.380847 0.210983 0.051058
2 2 0.281512 0.125801 0.381379 0.159769 0.051538
2 0 0.369044 0.129131 0.371683 0.084012 0.046130
0 0 0.404127 0.128009 0.361196 0.063465 0.043203
0 1 0.429652 0.126940 0.350035 0.051865 0.041507
0 1 0.423626 0.130178 0.342465 0.058016 0.045714
0 1 0.423110 0.130438 0.341833 0.058546 0.046073
0 1 0.396541 0.140916 0.311533 0.086591 0.064419
2 1 0.227869 0.135876 0.306066 0.213145 0.117044
2 1 0.086283 0.133779 0.395471 0.244403 0.140063
2 1 0.065521 0.122102 0.428780 0.264169 0.119428
2 2 0.054407 0.089861 0.412769 0.376031 0.066932
3 2 0.050666 0.062509 0.356247 0.487726 0.042852
3 2 0.077100 0.074824 0.318561 0.464186 0.065329
3 2 0.106665 0.085793 0.291680 0.419049 0.096813
3 2 0.112576 0.088864 0.301976 0.373122 0.123461
3 2 0.109162 0.089229 0.316987 0.352639 0.131983
3 2 0.101383 0.088787 0.334512 0.353707 0.121610
3 2 0.107087 0.093500 0.324246 0.370063 0.105104
3 2 0.126074 0.101756 0.310524 0.368935 0.092711
2 2 0.231054 0.125984 0.345569 0.229562 0.067831
2 2 0.332063 0.129491 0.375961 0.112703 0.049783
0 2 0.391243 0.125372 0.377432 0.065664 0.040289
0 2 0.418736 0.120984 0.376622 0.048736 0.034921
0 0 0.443271 0.117950 0.368645 0.038239 0.031896
0 0 0.442920 0.118217 0.368131 0.038585 0.032146
0 0 0.432360 0.121061 0.355096 0.044742 0.046742
0 0 0.414630 0.129406 0.333289 0.060860 0.061815
0 1 0.388234 0.142939 0.302839 0.095101 0.070886
0 1 0.300493 0.142537 0.222191 0.170523 0.164256
4 1 0.190447 0.136742 0.172912 0.097533 0.402366
4 1 0.158752 0.196110 0.184885 0.075661 0.384593
4 1 0.135021 0.244753 0.187991 0.060413 0.371822
4 1 0.109742 0.290183 0.183398 0.044686 0.371991
4 1 0.093616 0.308924 0.175254 0.034992 0.387215
4 1 0.062662 0.266110 0.231950 0.032264 0.407014
4 1 0.057706 0.221137 0.332559 0.053933 0.334665
2 1 0.057931 0.144469 0.458910 0.155700 0.182989
2 1 0.060185 0.084045 0.418251 0.350872 0.086648
3 2 0.049816 0.060334 0.355675 0.487966 0.046209
3 2 0.042112 0.053612 0.335648 0.535428 0.033200
3 2 0.042441 0.055596 0.354911 0.511203 0.035849
3 2 0.043912 0.060323 0.394845 0.457858 0.043062
2 2 0.051059 0.071453 0.425062 0.395825 0.056601
2 2 0.052149 0.074814 0.443685 0.366793 0.062558
2 2 0.071559 0.080515 0.523293 0.270899 0.053734
2 2 0.141613 0.097210 0.561190 0.157963 0.042025
2 2 0.355600 0.120888 0.409556 0.077404 0.036551
0 2 0.446433 0.115434 0.373374 0.035125 0.029633
0 0 0.457307 0.103158 0.392368 0.023439 0.023728
0 0 0.453849 0.106870 0.386142 0.026691 0.026447
0 1 0.428381 0.125319 0.349202 0.050602 0.046496
0 1 0.365345 0.156927 0.299067 0.098465 0.080196
1 1 0.213847 0.271417 0.257315 0.089471 0.167951
2 1 0.067041 0.258126 0.372199 0.080140 0.222494
2 1 0.043732 0.160410 0.487973 0.102068 0.205817
2 2 0.030480 0.065288 0.547204 0.297458 0.059571
2 2 0.024509 0.046922 0.497207 0.395153 0.036209
3 2 0.033187 0.052844 0.433324 0.442470 0.038174
3 2 0.059259 0.069801 0.380156 0.442503 0.048280
3 2 0.094138 0.087931 0.351493 0.406007 0.060429
3 2 0.127110 0.101772 0.315657 0.376728 0.078733
3 2 0.144094 0.108457 0.318984 0.347532 0.080934
2 2 0.153402 0.110699 0.319118 0.309942 0.106838
2 2 0.188916 0.117899 0.329498 0.245451 0.118235
2 2 0.302099 0.133095 0.327212 0.153457 0.084137
0 2 0.385653 0.133297 0.348666 0.081005 0.051379
0 2 0.378165 0.133773 0.349108 0.086381 0.052573
2 2 0.328465 0.137591 0.332977 0.135331 0.065636
2 2 0.153572 0.111346 0.371643 0.292832 0.070607
2 2 0.158392 0.121155 0.367072 0.269714 0.083667
2 2 0.090760 0.094188 0.428723 0.314163 0.072166
2 2 0.104395 0.097256 0.486340 0.246664 0.065344
2 2 0.090381 0.090098 0.506566 0.253713 0.059241
3 2 0.076829 0.074026 0.290493 0.510345 0.048307
3 2 0.088403 0.078711 0.273086 0.508480 0.051320
3 2 0.059393 0.058863 0.259982 0.588786 0.032976
3 2 0.052293 0.055516 0.273004 0.588071 0.031116
3 2 0.062348 0.063197 0.280250 0.556451 0.037754
3 2 0.092606 0.081784 0.276616 0.494255 0.054739
3 2 0.146175 0.106934 0.290579 0.381898 0.074413
3 2 0.119716 0.102931 0.340946 0.350709 0.085698
2 2 0.081832 0.089065 0.382774 0.362676 0.083653
2 2 0.065547 0.087506 0.423822 0.337090 0.086034
2 2 0.066102 0.090206 0.422559 0.329519 0.091613
2 2 0.061771 0.077753 0.429949 0.338420 0.092107
2 2 0.067383 0.079480 0.408189 0.363468 0.081481
3 2 0.071077 0.081682 0.384482 0.393744 0.069015
3 2 0.089247 0.088633 0.362547 0.382417 0.077156
3 2 0.115563 0.095617 0.325024 0.392696 0.071100
3 2 0.150974 0.104473 0.306870 0.360862 0.076822
3 2 0.169388 0.109373 0.302814 0.339678 0.078746
3 2 0.164592 0.110555 0.292264 0.347882 0.084707
3 2 0.152119 0.108918 0.267866 0.391783 0.079314
3 2 0.132874 0.102515 0.265056 0.422379 0.077177
3 2 0.102661 0.091217 0.296826 0.441878 0.067418
3 2 0.083464 0.082791 0.321775 0.451446 0.060525
3 2 0.095062 0.086711 0.305891 0.451042 0.061294
3 2 0.138085 0.100975 0.320868 0.378837 0.061235
3 2 0.130371 0.099233 0.314627 0.385893 0.069875
3 2 0.084015 0.083728 0.338148 0.433475 0.060634
3 2 0.058104 0.070703 0.375625 0.443097 0.052470
2 2 0.041685 0.061348 0.431756 0.418111 0.047101
2 2 0.034180 0.056539 0.470095 0.394304 0.044881
2 2 0.029443 0.052557 0.490742 0.385268 0.041990
2 2 0.031157 0.053276 0.471741 0.402485 0.041341
3 2 0.048536 0.064636 0.396498 0.442615 0.047715
3 2 0.079949 0.079948 0.322269 0.461241 0.056595
3 2 0.082442 0.081351 0.320593 0.457731 0.057882
3 2 0.067882 0.074858 0.345238 0.457893 0.054129
3 2 0.057369 0.068886 0.364196 0.460078 0.049471
3 2 0.050102 0.063577 0.370909 0.470872 0.044541
3 2 0.038820 0.053915 0.373604 0.498209 0.035452
3 2 0.034375 0.048327 0.353790 0.533991 0.029517
3 2 0.033015 0.046273 0.342694 0.550690 0.027327
3 2 0.041255 0.053080 0.337159 0.535873 0.032634
3 2 0.087716 0.080256 0.358456 0.426552 0.047020
2 2 0.251486 0.120449 0.390565 0.188549 0.048951
2 2 0.342479 0.127340 0.385472 0.099191 0.045518
2 2 0.341686 0.130951 0.368688 0.107602 0.051074
2 2 0.314663 0.133364 0.352804 0.139882 0.059287
2 2 0.287130 0.134089 0.333236 0.177776 0.067769
2 2 0.295683 0.136505 0.316696 0.172150 0.078967
2 2 0.296135 0.136227 0.305896 0.169728 0.092014
0 2 0.301753 0.136085 0.300973 0.160985 0.100203
0 2 0.296843 0.132930 0.288976 0.156050 0.125201
2 0 0.307818 0.134355 0.323357 0.149762 0.084708
2 1 0.317668 0.132962 0.355934 0.135494 0.057942
2 1 0.347351 0.130898 0.368484 0.102847 0.050420
0 1 0.382379 0.126714 0.376459 0.072197 0.042251
0 1 0.410585 0.126496 0.363103 0.058634 0.041181
0 1 0.399456 0.138978 0.319242 0.081889 0.060436
0 1 0.354025 0.145918 0.269677 0.126001 0.104378
4 1 0.193462 0.210798 0.204215 0.113710 0.277815
4 1 0.139809 0.202690 0.177746 0.060975 0.418780
4 4 0.116364 0.145685 0.144105 0.042594 0.551251
4 4 0.099208 0.093123 0.111448 0.032006 0.664216
4 4 0.099376 0.063257 0.094694 0.031643 0.711031
4 4 0.122689 0.059934 0.101828 0.043781 0.671769
4 4 0.155287 0.063258 0.115670 0.063854 0.601930
4 4 0.166179 0.068970 0.123535 0.071668 0.569648
4 4 0.180667 0.080566 0.149944 0.100295 0.488528
4 4 0.183508 0.085609 0.166311 0.120706 0.443866
4 4 0.194438 0.101041 0.203723 0.184663 0.316135
4 4 0.205892 0.106637 0.216399 0.191255 0.279816
4 4 0.232236 0.111926 0.223819 0.164275 0.267743
4 4 0.199018 0.088268 0.150040 0.102959 0.459715
4 4 0.196200 0.085812 0.145031 0.096737 0.476221
4 4 0.182511 0.077911 0.135264 0.084581 0.519733
4 4 0.179427 0.076186 0.133056 0.082022 0.529310
4 4 0.141321 0.067339 0.113948 0.054979 0.622413
4 4 0.127073 0.063981 0.106356 0.046353 0.656237
4 4 0.117610 0.061280 0.100854 0.041010 0.679246
4 4 0.121714 0.076845 0.112726 0.043617 0.645098
4 4 0.123895 0.094303 0.123824 0.045341 0.612637
4 4 0.122688 0.106541 0.129713 0.045014 0.596044
4 4 0.126778 0.130618 0.143135 0.048312 0.551157
4 4 0.104520 0.128549 0.130510 0.035477 0.600944
4 4 0.096850 0.147911 0.133596 0.031909 0.589733
4 4 0.097414 0.147676 0.133858 0.032195 0.588857
4 4 0.098738 0.116106 0.121954 0.032199 0.631002
4 4 0.107938 0.087153 0.112608 0.036356 0.655946
4 4 0.122199 0.057840 0.100120 0.043467 0.676375
4 4 0.112056 0.042243 0.084169 0.037801 0.723731
4 4 0.118079 0.045025 0.088583 0.041013 0.707299
4 4 0.144490 0.057773 0.107844 0.056651 0.633242
4 4 0.151279 0.095143 0.135678 0.062637 0.555264
4 4 0.104275 0.137718 0.134121 0.035573 0.588313
4 4 0.100286 0.199370 0.153025 0.035093 0.512226
4 4 0.107806 0.187790 0.154294 0.039017 0.511093
4 4 0.144468 0.158631 0.163787 0.061480 0.471633
4 4 0.182335 0.110889 0.156303 0.087343 0.463131
4 4 0.206720 0.090968 0.152817 0.102979 0.446516
4 0 0.233060 0.100191 0.173404 0.106244 0.387100
4 0 0.250306 0.112114 0.185370 0.126940 0.325270
4 1 0.221380 0.134444 0.181564 0.130413 0.332199
4 1 0.166648 0.224231 0.197893 0.086244 0.324984
1 1 0.112117 0.294068 0.255917 0.058256 0.279643
2 1 0.069819 0.288043 0.356049 0.042833 0.243256
2 1 0.051249 0.280676 0.353787 0.036210 0.278078
2 1 0.044332 0.262502 0.402950 0.035781 0.254435
2 1 0.038988 0.228880 0.450256 0.038424 0.243452
2 1 0.043992 0.182311 0.519806 0.056370 0.197521
2 1 0.072195 0.162617 0.496071 0.084194 0.184922
2 1 0.163443 0.167636 0.428829 0.108039 0.132054
2 1 0.177861 0.206392 0.402973 0.076096 0.136678
2 1 0.226416 0.201010 0.412178 0.066295 0.094101
2 1 0.355157 0.150323 0.369481 0.060829 0.064210
0 0 0.446978 0.114980 0.374209 0.034591 0.029241
0 1 0.439707 0.120568 0.363526 0.041769 0.034429
0 1 0.416020 0.133762 0.333335 0.065888 0.050995
2 1 0.200279 0.148131 0.451883 0.123204 0.076502
2 1 0.108866 0.169031 0.510545 0.117737 0.093821
2 2 0.047152 0.143732 0.613820 0.100747 0.094548
2 2 0.032596 0.111246 0.651412 0.119077 0.085668
2 2 0.029313 0.089980 0.625246 0.177167 0.078294
2 2 0.028108 0.070781 0.594113 0.241500 0.065498
2 2 0.027900 0.058013 0.562007 0.298962 0.053118
2 2 0.027810 0.053057 0.529247 0.344034 0.045852
2 2 0.032972 0.055060 0.468084 0.400841 0.043043
3 2 0.039928 0.057172 0.401479 0.461061 0.040360
3 2 0.030267 0.048372 0.412635 0.476129 0.032597
3 2 0.023442 0.042585 0.442902 0.462235 0.028835
2 2 0.019802 0.040688 0.495193 0.414668 0.029650
2 2 0.020430 0.043202 0.528379 0.373803 0.034185
2 2 0.018775 0.042991 0.572022 0.329248 0.036965
2 2 0.019542 0.043743 0.564113 0.335322 0.037279
2 2 0.018996 0.042190 0.549122 0.355286 0.034406
2 2 0.017950 0.039505 0.524596 0.387932 0.030017
2 2 0.017103 0.036788 0.490988 0.429429 0.025693
3 2 0.017941 0.035737 0.442099 0.481442 0.022780
3 2 0.020254 0.035438 0.377085 0.546942 0.020281
3 2 0.023587 0.035471 0.313127 0.609509 0.018306
3 2 0.027517 0.035735 0.261337 0.658472 0.016938
3 2 0.025700 0.034227 0.261887 0.662156 0.016030
3 2 0.023638 0.033125 0.273184 0.654387 0.015666
3 2 0.022478 0.033258 0.293526 0.634439 0.016298
3 2 0.022846 0.032815 0.280075 0.648605 0.015659
3 2 0.022709 0.031332 0.257545 0.674222 0.014191
3 2 0.022756 0.028094 0.206180 0.731741 0.011229
3 2 0.018398 0.023935 0.196569 0.752114 0.008985
3 2 0.015585 0.021135 0.189522 0.766190 0.007568
3 2 0.014213 0.019721 0.185623 0.773564 0.006880
3 2 0.013513 0.018986 0.183496 0.777475 0.006530
3 2 0.013081 0.018526 0.182128 0.779950 0.006314
3 3 0.012056 0.017421 0.178714 0.786005 0.005804
3 3 0.011210 0.016491 0.175690 0.791226 0.005383
3 3 0.010355 0.015532 0.172418 0.796735 0.004960
3 3 0.009708 0.014792 0.169775 0.801086 0.004639
3 3 0.009106 0.014093 0.167173 0.805285 0.004342
3 3 0.008819 0.013756 0.165882 0.807342 0.004201
3 3 0.008879 0.013827 0.166156 0.806907 0.004231
3 3 0.009024 0.013997 0.166810 0.805867 0.004302
3 3 0.009215 0.014221 0.167657 0.804511 0.004396
3 3 0.008565 0.013455 0.164705 0.809199 0.004076
3 3 0.007723 0.012439 0.160579 0.815597 0.003663
3 3 0.007033 0.011587 0.156901 0.821155 0.003325
3 3 0.007124 0.011701 0.157404 0.820402 0.003370
3 3 0.007502 0.012169 0.159437 0.817336 0.003555
3 3 0.007863 0.012611 0.161294 0.814501 0.003732
3 3 0.007788 0.012519 0.160913 0.815085 0.003695
3 3 0.007581 0.012266 0.159849 0.816710 0.003594
3 3 0.007110 0.011683 0.157329 0.820515 0.003363
3 3 0.006722 0.011197 0.155147 0.823760 0.003174
3 3 0.006357 0.010731 0.152990 0.826926 0.002996
3 3 0.006049 0.010334 0.151095 0.829676 0.002846
3 3 0.005718 0.009901 0.148961 0.832735 0.002685
3 3 0.005387 0.009462 0.146723 0.835903 0.002525
3 3 0.005736 0.009924 0.149077 0.832569 0.002694
3 3 0.006260 0.010607 0.152405 0.827778 0.002949
3 3 0.010602 0.015811 0.173385 0.795122 0.005082
3 3 0.020641 0.026085 0.201455 0.741700 0.010120
3 3 0.050488 0.056373 0.293942 0.566244 0.032953
3 3 0.027344 0.032157 0.213259 0.713700 0.013540
3 3 0.009718 0.014805 0.169819 0.801013 0.004645
3 3 0.008135 0.012939 0.162644 0.812418 0.003865
3 3 0.005299 0.009344 0.146106 0.836770 0.002482
3 3 0.005206 0.009219 0.145450 0.837688 0.002437
3 3 0.005253 0.009283 0.145788 0.837216 0.002460
3 3 0.005250 0.009279 0.145766 0.837246 0.002459
3 3 0.005224 0.009243 0.145577 0.837511 0.002446
3 3 0.004976 0.008908 0.143783 0.840007 0.002326
3 3 0.004881 0.008778 0.143073 0.840988 0.002280
3 3 0.004790 0.008652 0.142383 0.841939 0.002236
3 3 0.004877 0.008772 0.143043 0.841030 0.002278
3 3 0.005032 0.008983 0.144191 0.839441 0.002353
3 3 0.005199 0.009210 0.145404 0.837752 0.002434
3 3 0.005398 0.009477 0.146801 0.835793 0.002530
3 3 0.005514 0.009631 0.147592 0.834678 0.002586
3 3 0.005541 0.009667 0.147776 0.834418 0.002599
3 3 0.005288 0.009329 0.146031 0.836875 0.002477
3 3 0.004919 0.008830 0.143360 0.840593 0.002299
3 3 0.004643 0.008449 0.141246 0.843497 0.002165
3 3 0.004540 0.008307 0.140436 0.844602 0.002116
3 3 0.004649 0.008459 0.141300 0.843423 0.002169
3 3 0.004668 0.008484 0.141442 0.843229 0.002177
3 3 0.004749 0.008597 0.142074 0.842364 0.002217
3 3 0.004840 0.008721 0.142763 0.841416 0.002260
3 3 0.004882 0.008779 0.143081 0.840977 0.002281
3 3 0.004862 0.008752 0.142933 0.841182 0.002271
3 3 0.004750 0.008597 0.142076 0.842360 0.002217
3 3 0.004697 0.008524 0.141667 0.842922 0.002191
3 3 0.004851 0.008737 0.142851 0.841294 0.002266
3 3 0.005121 0.009105 0.144843 0.838535 0.002396
3 3 0.005460 0.009560 0.147228 0.835191 0.002560
3 3 0.005607 0.009755 0.148225 0.833780 0.002632
3 3 0.005743 0.009935 0.149128 0.832497 0.002698
3 3 0.005637 0.009794 0.148420 0.833503 0.002646
3 3 0.005629 0.009783 0.148368 0.833577 0.002642
3 3 0.005705 0.009884 0.148876 0.832855 0.002679
3 3 0.006219 0.010553 0.152149 0.828151 0.002928
3 3 0.007338 0.011967 0.158567 0.818653 0.003475
3 3 0.009662 0.014739 0.169581 0.801401 0.004617
3 3 0.013342 0.018804 0.182958 0.778452 0.006445
3 3 0.019119 0.024634 0.198204 0.748694 0.009349
3 2 0.022116 0.027464 0.204378 0.735173 0.010870
3 2 0.022540 0.027855 0.205180 0.733339 0.011086
3 2 0.021981 0.027338 0.204119 0.735761 0.010801
3 2 0.024625 0.029751 0.208900 0.724575 0.012149
3 2 0.023664 0.030607 0.233020 0.699528 0.013181
3 2 0.023059 0.031753 0.259315 0.671391 0.014482
3 2 0.021859 0.032250 0.286271 0.644149 0.015472
3 2 0.021596 0.032690 0.298530 0.631112 0.016072
3 2 0.022713 0.033358 0.291389 0.636236 0.016303
3 2 0.022951 0.034003 0.298540 0.627592 0.016914
3 2 0.024653 0.037391 0.327984 0.589873 0.020098
3 2 0.030128 0.048087 0.410509 0.479056 0.032219
2 2 0.034431 0.118837 0.559982 0.182593 0.104157
2 2 0.033892 0.194779 0.467605 0.052390 0.251336
2 2 0.032788 0.219229 0.383985 0.033347 0.330651
4 2 0.032148 0.212731 0.328127 0.026087 0.400908
4 1 0.038415 0.201132 0.270654 0.024710 0.465089
4 1 0.051827 0.185168 0.206930 0.024989 0.531087
4 1 0.076280 0.163843 0.147938 0.026714 0.585224
4 4 0.090621 0.139866 0.126701 0.028616 0.614196
4 4 0.097439 0.124085 0.124615 0.031702 0.622158
4 4 0.090491 0.125231 0.120965 0.028290 0.635022
4 4 0.085971 0.126712 0.118754 0.026167 0.642396
4 4 0.087315 0.146187 0.126870 0.027129 0.612499
4 4 0.088262 0.152784 0.129820 0.027707 0.601427
4 4 0.088615 0.173997 0.137117 0.028297 0.571974
4 4 0.087137 0.202441 0.148336 0.028968 0.533118
4 4 0.079172 0.228196 0.185946 0.032751 0.473935
4 4 0.085906 0.217221 0.206839 0.041137 0.448897
4 4 0.150831 0.189671 0.191028 0.062569 0.405901
4 4 0.232531 0.168311 0.231478 0.075518 0.292161
4 4 0.194414 0.224896 0.238589 0.061130 0.280970
4 4 0.149626 0.271873 0.210442 0.063536 0.304523
4 4 0.134573 0.266762 0.193614 0.061872 0.343178
4 4 0.191764 0.205751 0.208526 0.094118 0.299841
4 4 0.261348 0.124768 0.204147 0.116080 0.293656
0 4 0.286581 0.122647 0.214671 0.123317 0.252784
0 4 0.277378 0.143479 0.223770 0.123829 0.231544
0 4 0.248106 0.196200 0.240910 0.109494 0.205290
2 4 0.225412 0.267745 0.270567 0.082469 0.153806
1 4 0.160443 0.329592 0.244761 0.058507 0.206696
1 4 0.151624 0.355257 0.245799 0.054169 0.193152
1 4 0.150077 0.326334 0.227497 0.064145 0.231947
4 0 0.176776 0.247237 0.218243 0.081449 0.276294
4 1 0.217993 0.139061 0.190064 0.105256 0.347625
4 4 0.241706 0.100007 0.181109 0.097797 0.379381
4 4 0.220050 0.089522 0.164980 0.086051 0.439398
4 4 0.207843 0.092884 0.153280 0.108277 0.437717
4 4 0.171724 0.147868 0.171132 0.081970 0.427306
4 4 0.135267 0.248135 0.189069 0.060875 0.366654
4 0 0.115090 0.284724 0.185832 0.048150 0.366203
4 1 0.100477 0.264963 0.236003 0.050596 0.347961
4 1 0.108918 0.218263 0.284208 0.064180 0.324431
2 1 0.184468 0.167936 0.274442 0.104155 0.268998
0 1 0.304719 0.131333 0.268187 0.138247 0.157514
0 1 0.285542 0.127389 0.283921 0.152273 0.150875
2 4 0.282604 0.128627 0.289610 0.161474 0.137686
2 4 0.259826 0.128167 0.279962 0.195639 0.136406
0 4 0.286976 0.133331 0.282513 0.170439 0.126741
0 4 0.316151 0.129703 0.290024 0.124006 0.140116
0 4 0.359485 0.123936 0.308395 0.078797 0.129387
0 4 0.398155 0.119202 0.322513 0.053839 0.106290
0 4 0.404130 0.120024 0.326132 0.052801 0.096913
0 4 0.382165 0.126815 0.305114 0.071174 0.114732
0 4 0.341049 0.133020 0.311990 0.111089 0.102851
2 4 0.309121 0.134312 0.340857 0.148815 0.066895
2 4 0.265820 0.126055 0.403292 0.149872 0.054961
2 4 0.210524 0.117897 0.462140 0.155073 0.054366
2 4 0.157481 0.105255 0.533229 0.154140 0.049895
2 4 0.105700 0.087169 0.624003 0.141514 0.041614
2 4 0.103734 0.085622 0.621220 0.149732 0.039691
2 4 0.130280 0.092506 0.573618 0.164860 0.038736
2 4 0.248946 0.118674 0.412762 0.173455 0.046163
2 4 0.297404 0.127427 0.379998 0.143839 0.051331
2 4 0.335408 0.136335 0.352915 0.113637 0.061706
2 4 0.274952 0.208863 0.360120 0.064492 0.091574
2 4 0.264006 0.242284 0.340637 0.053886 0.099187
2 4 0.219107 0.192717 0.446343 0.058375 0.083458
2 4 0.255591 0.127757 0.455607 0.093260 0.067785
2 4 0.295206 0.125617 0.417723 0.095364 0.066091
0 4 0.361476 0.124627 0.358288 0.081016 0.074594
0 4 0.371374 0.122186 0.357611 0.071195 0.077634
0 4 0.379420 0.125193 0.349403 0.071624 0.074360
0 4 0.352765 0.131069 0.340868 0.098858 0.076439
2 4 0.341385 0.135654 0.345305 0.118187 0.059468
2 4 0.360566 0.130806 0.366720 0.092759 0.049149
2 4 0.359180 0.131205 0.365234 0.094511 0.049869
0 4 0.353381 0.135538 0.345750 0.107578 0.057753
0 4 0.345202 0.138311 0.331672 0.120474 0.064341
0 4 0.377764 0.145049 0.322925 0.089621 0.064641
0 4 0.340231 0.187221 0.334337 0.062715 0.075496
2 1 0.278982 0.228511 0.345617 0.054803 0.092087
2 1 0.180931 0.246804 0.427764 0.044300 0.100201
2 1 0.097117 0.249501 0.504027 0.036965 0.112390
2 1 0.069394 0.213599 0.558636 0.043125 0.115246
2 2 0.055944 0.160111 0.615771 0.066824 0.101349
2 2 0.039782 0.090445 0.701564 0.102469 0.065740
2 2 0.032737 0.055075 0.755533 0.116933 0.039723
2 2 0.029024 0.047721 0.801886 0.090785 0.030583
2 2 0.029657 0.046527 0.819497 0.076413 0.027906
2 2 0.030583 0.050269 0.821076 0.069008 0.029064
2 2 0.030931 0.050788 0.814783 0.073922 0.029577
2 2 0.030547 0.045754 0.824487 0.073917 0.025295
2 2 0.075169 0.063860 0.778289 0.058245 0.024437
0 2 0.418199 0.115578 0.393654 0.042785 0.029785
0 0 0.450521 0.111865 0.379809 0.031123 0.026681
0 1 0.448025 0.114090 0.375834 0.033564 0.028487
0 2 0.439542 0.120684 0.363294 0.041934 0.034547
0 2 0.436374 0.122833 0.358914 0.045093 0.036786
0 0 0.436758 0.117854 0.361216 0.040230 0.043942
0 0 0.436652 0.110933 0.364122 0.034036 0.054256
0 0 0.433776 0.113933 0.359598 0.037445 0.055248
0 1 0.412587 0.129412 0.331188 0.061720 0.065093
0 1 0.347484 0.139738 0.324240 0.121414 0.067123
2 1 0.307825 0.135629 0.336842 0.154041 0.065664
2 1 0.296724 0.131393 0.356584 0.156298 0.059002
2 1 0.206238 0.117740 0.334864 0.279822 0.061336
3 1 0.131244 0.095872 0.273863 0.439186 0.059836
3 1 0.085130 0.074401 0.257584 0.536992 0.045892
3 1 0.071009 0.070825 0.295176 0.517344 0.045646
2 1 0.064801 0.073521 0.425778 0.387709 0.048191
2 1 0.061539 0.077020 0.531283 0.273674 0.056485
2 1 0.057938 0.112041 0.616814 0.138730 0.074477
2 1 0.053678 0.114482 0.675875 0.086256 0.069709
2 1 0.040865 0.090825 0.730567 0.080476 0.057267
2 1 0.037091 0.071372 0.720563 0.122099 0.048876
2 1 0.036496 0.058943 0.659817 0.201440 0.043304
2 1 0.032289 0.055689 0.618555 0.251424 0.042043
2 1 0.025919 0.049622 0.663721 0.222994 0.037744
2 1 0.024886 0.047568 0.732753 0.159874 0.034919
2 1 0.028564 0.048860 0.778207 0.111404 0.032965
2 1 0.030128 0.048981 0.793991 0.095329 0.031571
2 2 0.025316 0.044800 0.803370 0.097194 0.029319
2 2 0.025611 0.044845 0.807978 0.092370 0.029196
2 2 0.025399 0.043938 0.811368 0.091843 0.027452
2 2 0.033013 0.057299 0.818507 0.059580 0.031601
2 2 0.037085 0.056795 0.800793 0.073881 0.031446
2 2 0.053310 0.079831 0.706384 0.111357 0.049118
2 2 0.044268 0.067578 0.744844 0.101515 0.041795
2 2 0.051879 0.066728 0.639779 0.200528 0.041086
2 2 0.097955 0.091188 0.545564 0.210834 0.054460
2 2 0.052979 0.070653 0.513145 0.311724 0.051499
2 2 0.034307 0.058078 0.523477 0.337114 0.047024
2 2 0.028029 0.051184 0.581192 0.301153 0.038441
2 2 0.037278 0.056885 0.550986 0.317073 0.037779
2 2 0.038685 0.056989 0.487475 0.379047 0.037805
3 2 0.032962 0.051909 0.423332 0.455201 0.036596
3 2 0.026231 0.046031 0.446159 0.449345 0.032234
2 2 0.026352 0.046306 0.448432 0.446285 0.032625
3 2 0.029675 0.049241 0.435661 0.450684 0.034738
3 2 0.043954 0.058096 0.391632 0.468651 0.037666
3 2 0.045946 0.056532 0.332261 0.529949 0.035313
3 2 0.041813 0.051377 0.311824 0.565078 0.029908
3 2 0.033557 0.044089 0.306316 0.591927 0.024111
3 2 0.034409 0.042958 0.282208 0.618064 0.022362
3 2 0.034579 0.041805 0.265890 0.636754 0.020973
3 2 0.039746 0.042422 0.228737 0.669084 0.020011
3 2 0.036583 0.039862 0.224928 0.680322 0.018305
3 2 0.033000 0.036952 0.220892 0.692706 0.016451
3 2 0.031218 0.035469 0.218670 0.699112 0.015531
3 2 0.031886 0.036027 0.219520 0.696692 0.015875
3 2 0.029151 0.038140 0.276043 0.637750 0.018915
3 2 0.024567 0.038822 0.353763 0.560826 0.022021
3 2 0.022264 0.038527 0.392890 0.523092 0.023227
3 2 0.021237 0.036900 0.383938 0.536301 0.021624
3 2 0.026014 0.038821 0.329652 0.584341 0.021172
3 2 0.032414 0.042093 0.292557 0.610784 0.022152
3 2 0.030217 0.040099 0.290884 0.618082 0.020718
3 2 0.029087 0.041268 0.322542 0.584417 0.022686
3 2 0.027771 0.042019 0.353362 0.552407 0.024441
3 2 0.034018 0.049269 0.371315 0.514200 0.031198
3 2 0.031850 0.048041 0.383689 0.505653 0.030768
3 2 0.034692 0.048749 0.355567 0.531036 0.029956
3 2 0.031896 0.045325 0.343847 0.552304 0.026627
3 2 0.025098 0.041230 0.385612 0.522940 0.025119
3 2 0.018391 0.036893 0.454597 0.465862 0.024257
2 2 0.018002 0.038677 0.504975 0.410185 0.028160
2 2 0.020235 0.042756 0.524935 0.378593 0.033482
2 2 0.020976 0.044760 0.543719 0.353561 0.036985
2 2 0.019460 0.043080 0.553366 0.348378 0.035716
2 2 0.018121 0.040826 0.547567 0.360711 0.032774
2 2 0.016404 0.037574 0.532224 0.385369 0.028429
2 2 0.016079 0.035972 0.506054 0.416305 0.025590
2 2 0.016095 0.034667 0.474528 0.451623 0.023087
3 2 0.016662 0.034590 0.454368 0.472118 0.022262
3 2 0.016289 0.034204 0.457183 0.470288 0.022036
2 2 0.015784 0.034744 0.486885 0.438945 0.023641
2 2 0.014723 0.034918 0.529902 0.394812 0.025645
2 2 0.014092 0.035528 0.570424 0.351660 0.028295
2 2 0.014244 0.036172 0.580120 0.339915 0.029549
2 2 0.015235 0.036979 0.560621 0.357839 0.029327
2 2 0.015786 0.036726 0.534210 0.385615 0.027663
2 2 0.015628 0.035606 0.513139 0.410072 0.025555
2 2 0.015669 0.035118 0.499907 0.424788 0.024518
2 2 0.016197 0.035014 0.479327 0.445880 0.023582
3 2 0.016413 0.034257 0.454478 0.472868 0.021984
3 2 0.018821 0.034550 0.392989 0.533515 0.020125
3 2 0.026503 0.039563 0.333986 0.578085 0.021862
3 2 0.052718 0.053238 0.249005 0.616878 0.028161
3 0 0.088365 0.075000 0.249360 0.541522 0.045753
3 0 0.119703 0.091306 0.260912 0.469235 0.058843
3 1 0.130387 0.096547 0.260250 0.448717 0.064100
3 1 0.098154 0.080625 0.250107 0.520063 0.051050
3 1 0.084637 0.073838 0.255766 0.540528 0.045232
3 1 0.051046 0.060397 0.330193 0.519763 0.038602
3 1 0.040542 0.056757 0.389260 0.474325 0.039117
2 1 0.060659 0.102123 0.443151 0.307542 0.086525
2 1 0.104595 0.238656 0.306768 0.106562 0.243421
4 1 0.123880 0.262656 0.210366 0.062403 0.340694
4 4 0.130576 0.221043 0.178524 0.055378 0.414479
4 4 0.119905 0.202792 0.166571 0.047059 0.463674
4 4 0.108822 0.206105 0.160712 0.040269 0.484092
4 4 0.101584 0.230320 0.162806 0.036841 0.468450
4 4 0.094900 0.237028 0.159763 0.033217 0.475092
4 4 0.102291 0.196873 0.153605 0.036145 0.511085
4 4 0.135342 0.147045 0.154521 0.054519 0.508573
4 4 0.175975 0.110304 0.153712 0.082022 0.477987
4 4 0.168561 0.143836 0.168001 0.078938 0.440663
4 4 0.114493 0.208682 0.165103 0.043861 0.467861
4 4 0.087094 0.257491 0.158765 0.029503 0.467146
4 4 0.080784 0.243457 0.150267 0.025860 0.499632
4 4 0.080225 0.160032 0.139425 0.026624 0.593694
4 4 0.103605 0.082735 0.108141 0.034038 0.671481
4 4 0.126834 0.049150 0.094986 0.045908 0.683122
4 4 0.113772 0.043031 0.085427 0.038703 0.719066
4 4 0.104987 0.039033 0.078976 0.034185 0.742819
4 4 0.106504 0.039717 0.080091 0.034947 0.738741
4 4 0.094190 0.034249 0.071024 0.028976 0.771561
4 4 0.102541 0.037937 0.077177 0.032973 0.749371
4 4 0.093912 0.034128 0.070820 0.028847 0.772293
4 4 0.091801 0.033210 0.069262 0.027873 0.777854
4 4 0.079021 0.027766 0.059807 0.022273 0.811133
4 4 0.083154 0.029505 0.062869 0.024029 0.800444
