2 0 0.194621 0.183193 0.278018 0.190456 0.153712
2 0 0.200901 0.179091 0.269480 0.180776 0.169751
4 0 0.219241 0.168350 0.233848 0.142138 0.236424
4 0 0.224175 0.162868 0.219618 0.128691 0.264648
4 0 0.224814 0.161980 0.217451 0.126724 0.269031
4 0 0.222402 0.165081 0.225176 0.133831 0.253510
4 0 0.222312 0.165185 0.225442 0.134081 0.252981
4 0 0.223508 0.163741 0.221783 0.130677 0.260291
4 0 0.224585 0.162305 0.218240 0.127438 0.267432
4 0 0.222882 0.164514 0.223731 0.132482 0.256391
2 0 0.216123 0.180045 0.236463 0.141070 0.226299
1 0 0.189629 0.269728 0.247145 0.131188 0.162309
1 0 0.187449 0.284512 0.242451 0.124250 0.161337
1 0 0.183487 0.313888 0.230990 0.109904 0.161731
2 0 0.185421 0.250640 0.265363 0.154325 0.144252
2 0 0.196527 0.180504 0.275991 0.188836 0.158141
2 0 0.209105 0.175475 0.255626 0.164768 0.195027
4 0 0.220230 0.167403 0.231271 0.139632 0.241464
4 0 0.222384 0.165102 0.225230 0.133882 0.253402
4 0 0.221517 0.166072 0.227741 0.136251 0.248420
4 0 0.221144 0.166470 0.228787 0.137246 0.246353
4 0 0.221110 0.166506 0.228882 0.137338 0.246164
4 0 0.221164 0.166449 0.228732 0.137194 0.246461
4 0 0.223667 0.163537 0.221276 0.130210 0.261310
4 1 0.215711 0.204297 0.220647 0.118218 0.241128
4 1 0.220565 0.202233 0.193474 0.094077 0.289652
4 1 0.220468 0.204778 0.175043 0.078696 0.321016
4 1 0.212709 0.241750 0.169085 0.069391 0.307065
4 0 0.215745 0.222677 0.159203 0.064675 0.337700
4 0 0.221441 0.199463 0.173642 0.078454 0.327000
4 0 0.226455 0.172817 0.189401 0.096730 0.314596
4 0 0.225177 0.170185 0.207523 0.114240 0.282875
4 0 0.223673 0.163529 0.221255 0.130191 0.261351
2 0 0.201503 0.225045 0.247805 0.140808 0.184838
1 0 0.193014 0.264778 0.242864 0.127753 0.171591
1 1 0.178027 0.322004 0.237610 0.115004 0.147355
1 1 0.172884 0.355235 0.224802 0.100724 0.146356
1 1 0.152290 0.438482 0.205596 0.081163 0.122469
1 1 0.154698 0.445888 0.192410 0.071526 0.135478
1 2 0.090452 0.377174 0.332959 0.065110 0.134305
2 2 0.055614 0.242145 0.499155 0.059742 0.143344
2 2 0.025927 0.112826 0.696707 0.063749 0.100792
2 2 0.022859 0.095172 0.722130 0.067870 0.091969
2 2 0.021818 0.100835 0.726650 0.071048 0.079649
2 2 0.025542 0.135060 0.688456 0.067125 0.083817
2 2 0.023930 0.135962 0.695163 0.063562 0.081383
2 2 0.019896 0.108803 0.731872 0.064110 0.075318
2 2 0.012221 0.065127 0.800189 0.064919 0.057545
2 2 0.006723 0.037452 0.852982 0.063232 0.039611
2 2 0.004749 0.028293 0.871950 0.064883 0.030125
2 2 0.004116 0.024658 0.876312 0.068684 0.026230
2 2 0.003294 0.020827 0.885837 0.067750 0.022292
2 2 0.003669 0.022428 0.880652 0.069346 0.023905
2 2 0.005012 0.028137 0.865104 0.072065 0.029683
2 0 0.016920 0.059979 0.759909 0.103647 0.059545
2 1 0.053650 0.123585 0.583104 0.131620 0.108040
2 2 0.060691 0.163074 0.547518 0.111327 0.117391
2 2 0.052677 0.171290 0.564735 0.085954 0.125344
2 2 0.038529 0.136335 0.626045 0.073202 0.125889
2 2 0.030241 0.098512 0.677213 0.074700 0.119334
2 2 0.020409 0.070824 0.741594 0.084475 0.082698
2 1 0.016909 0.061212 0.763137 0.091958 0.066784
2 2 0.017962 0.062230 0.754740 0.096940 0.068127
2 1 0.025262 0.074190 0.709097 0.099873 0.091578
2 2 0.038444 0.091188 0.639569 0.105818 0.124981
2 2 0.054390 0.107565 0.566317 0.101702 0.170027
2 2 0.034484 0.089271 0.656358 0.090317 0.129571
2 2 0.023042 0.075612 0.722414 0.078354 0.100578
2 2 0.016868 0.065820 0.766621 0.075502 0.075189
2 2 0.013499 0.057556 0.791639 0.078552 0.058753
2 2 0.009811 0.045399 0.819678 0.078332 0.046779
2 2 0.010120 0.046216 0.816819 0.079307 0.047537
2 2 0.008879 0.043875 0.830193 0.071404 0.045649
2 2 0.010095 0.049014 0.820756 0.069200 0.050934
2 2 0.008502 0.044877 0.836465 0.062971 0.047185
2 2 0.006614 0.037775 0.855216 0.060283 0.040111
2 1 0.005294 0.031467 0.867906 0.061794 0.033539
2 2 0.005031 0.028894 0.867075 0.068401 0.030600
2 2 0.003619 0.022361 0.881975 0.068175 0.023871
2 2 0.003020 0.019488 0.889180 0.067404 0.020908
2 2 0.003296 0.020519 0.884212 0.070068 0.021905
2 2 0.003512 0.021425 0.881156 0.071094 0.022814
2 2 0.003603 0.021733 0.879548 0.072009 0.023106
2 2 0.003194 0.019844 0.884420 0.071372 0.021170
2 2 0.003245 0.019191 0.878393 0.078863 0.020308
2 2 0.003070 0.017096 0.870096 0.091839 0.017899
2 2 0.003739 0.017728 0.842884 0.117533 0.018115
2 2 0.003919 0.017207 0.827221 0.134283 0.017370
2 2 0.004288 0.016947 0.803349 0.158586 0.016831
2 2 0.003867 0.015526 0.804832 0.160334 0.015441
2 2 0.003595 0.014930 0.811752 0.154805 0.014918
2 2 0.003327 0.015165 0.832752 0.133385 0.015372
2 2 0.003085 0.014514 0.838423 0.129203 0.014776
2 1 0.003009 0.014262 0.839548 0.128648 0.014533
2 2 0.003413 0.015068 0.825833 0.140487 0.015199
2 2 0.004140 0.017192 0.815091 0.146369 0.017207
2 2 0.004823 0.019102 0.806350 0.150719 0.019006
2 2 0.005258 0.020406 0.802834 0.151245 0.020257
2 2 0.005984 0.022325 0.795004 0.154633 0.022053
2 2 0.006619 0.024299 0.792206 0.152906 0.023969
2 1 0.006060 0.023413 0.803469 0.143793 0.023265
2 2 0.005249 0.021803 0.818464 0.132597 0.021887
2 2 0.004061 0.018433 0.834868 0.123919 0.018718
2 2 0.003363 0.016431 0.847679 0.115676 0.016851
2 2 0.003501 0.016371 0.839220 0.124232 0.016676
2 2 0.003411 0.015664 0.834861 0.130162 0.015902
2 2 0.003329 0.014816 0.827163 0.139732 0.014960
2 2 0.003153 0.013872 0.823059 0.145945 0.013971
2 2 0.003344 0.014183 0.815264 0.153001 0.014208
2 2 0.003123 0.013406 0.816478 0.153548 0.013446
2 2 0.003183 0.013420 0.812285 0.157690 0.013422
2 2 0.003388 0.013637 0.801492 0.167938 0.013545
2 2 0.003821 0.014320 0.784935 0.182845 0.014079
2 2 0.004595 0.016135 0.771678 0.191863 0.015730
2 2 0.005191 0.017722 0.767121 0.192745 0.017222
2 2 0.005752 0.019619 0.769917 0.185625 0.019087
2 2 0.005332 0.019560 0.788579 0.167289 0.019240
2 2 0.004456 0.018793 0.820018 0.137859 0.018874
2 2 0.003206 0.016603 0.858176 0.104832 0.017182
2 2 0.002775 0.016075 0.875948 0.088282 0.016920
2 2 0.002520 0.015727 0.886400 0.078614 0.016740
2 2 0.002797 0.016951 0.882333 0.079941 0.017978
2 2 0.002935 0.017793 0.882203 0.078185 0.018884
2 2 0.003046 0.018020 0.878815 0.081063 0.019055
2 2 0.002727 0.016649 0.883391 0.079559 0.017675
2 2 0.002324 0.014915 0.890086 0.076742 0.015933
2 2 0.002249 0.014576 0.891387 0.076199 0.015590
2 2 0.002617 0.015949 0.883189 0.081328 0.016917
2 2 0.003350 0.018629 0.869873 0.088627 0.019521
2 2 0.004176 0.021237 0.855617 0.096985 0.021985
2 2 0.005657 0.026137 0.838140 0.103334 0.026732
2 2 0.008289 0.032923 0.807497 0.118294 0.032996
2 2 0.011129 0.039896 0.782915 0.126601 0.039459
2 2 0.007948 0.032508 0.813220 0.113602 0.032722
2 2 0.005881 0.027790 0.840985 0.096800 0.028544
2 1 0.003937 0.022410 0.871632 0.078399 0.023622
2 2 0.003595 0.022155 0.881809 0.068802 0.023638
2 2 0.003355 0.021606 0.887327 0.064510 0.023202
2 2 0.004013 0.024045 0.876889 0.069482 0.025571
2 2 0.004035 0.023434 0.873538 0.074200 0.024793
2 2 0.003628 0.021856 0.879296 0.071985 0.023234
2 2 0.004028 0.023772 0.875286 0.071697 0.025217
2 2 0.005118 0.028617 0.864123 0.071965 0.030177
2 2 0.009883 0.042702 0.813191 0.090723 0.043502
2 2 0.021402 0.069563 0.732045 0.108702 0.068289
2 0 0.094980 0.147873 0.461023 0.164746 0.131378
2 1 0.186529 0.227505 0.274006 0.170204 0.141756
1 1 0.166680 0.335327 0.250586 0.125987 0.121419
2 1 0.110629 0.329780 0.339483 0.100067 0.120041
2 2 0.070322 0.226539 0.485203 0.103536 0.114401
2 0 0.069440 0.166299 0.519635 0.125808 0.118818
2 0 0.084006 0.143393 0.489013 0.136541 0.147047
2 0 0.189872 0.181260 0.285336 0.193061 0.150471
2 0 0.184823 0.237924 0.272179 0.165256 0.139819
1 1 0.157890 0.377669 0.239280 0.111818 0.113343
1 1 0.131123 0.431863 0.243886 0.090041 0.103088
1 0 0.115977 0.356702 0.313734 0.097633 0.115955
1 0 0.174863 0.313040 0.249620 0.127470 0.135007
1 1 0.176954 0.282479 0.263199 0.145917 0.131451
2 1 0.090615 0.207409 0.427070 0.177350 0.097555
2 1 0.058356 0.130939 0.538992 0.185663 0.086051
2 1 0.059240 0.099888 0.540537 0.211096 0.089238
2 1 0.081777 0.115156 0.472090 0.230606 0.100370
2 1 0.056789 0.097905 0.548919 0.208654 0.087732
2 1 0.033237 0.079015 0.643329 0.176114 0.068306
2 1 0.020841 0.063127 0.718531 0.140311 0.057190
2 1 0.013562 0.049464 0.777440 0.110341 0.049193
2 1 0.009771 0.042790 0.815127 0.088630 0.043683
2 2 0.006401 0.033297 0.849979 0.075531 0.034792
2 2 0.006530 0.033994 0.849291 0.074651 0.035534
2 1 0.007487 0.036400 0.837468 0.080961 0.037683
2 1 0.015124 0.052178 0.764211 0.116999 0.051487
2 0 0.039018 0.085033 0.626084 0.171094 0.078771
2 1 0.143943 0.149772 0.346027 0.234849 0.125410
2 0 0.186935 0.177377 0.288402 0.200238 0.147048
2 1 0.086647 0.160191 0.459010 0.189369 0.104784
2 1 0.036808 0.109375 0.640778 0.131344 0.081695
2 1 0.029520 0.081875 0.684267 0.126538 0.077800
2 1 0.027446 0.104123 0.687411 0.107817 0.073203
2 1 0.031462 0.098172 0.672954 0.116269 0.081143
2 1 0.193285 0.181365 0.280505 0.194659 0.150186
2 0 0.193285 0.181365 0.280505 0.194659 0.150186
2 0 0.204737 0.177576 0.263305 0.173463 0.180919
2 0 0.215774 0.171243 0.242109 0.150403 0.220472
4 0 0.219946 0.167681 0.232023 0.140360 0.239990
4 0 0.221766 0.165800 0.227032 0.135580 0.249822
4 0 0.218705 0.176936 0.230382 0.135499 0.238478
2 0 0.210650 0.209351 0.234046 0.130277 0.215676
2 0 0.209758 0.190270 0.247513 0.150062 0.202397
1 0 0.191042 0.257895 0.251273 0.137510 0.162279
1 0 0.171745 0.330259 0.244700 0.120778 0.132518
1 4 0.163524 0.350775 0.246573 0.120654 0.118475
1 4 0.185383 0.273978 0.253102 0.136562 0.150974
1 4 0.196115 0.252381 0.243675 0.130767 0.177062
4 4 0.216131 0.166743 0.234707 0.136552 0.245868
2 4 0.211546 0.172117 0.248319 0.152168 0.215850
2 4 0.210135 0.176889 0.252866 0.160901 0.199209
2 4 0.174588 0.223727 0.292139 0.163541 0.146005
2 4 0.168890 0.257297 0.281785 0.132080 0.159948
1 4 0.196101 0.264552 0.223595 0.102363 0.213390
4 4 0.224881 0.151961 0.143349 0.063514 0.416294
4 4 0.220441 0.125984 0.137492 0.060903 0.455180
4 4 0.223345 0.124332 0.147131 0.068572 0.436620
4 4 0.225190 0.115430 0.129110 0.060076 0.470195
4 4 0.223951 0.112937 0.125222 0.057642 0.480248
4 4 0.223828 0.131597 0.149001 0.081062 0.414513
4 4 0.202238 0.162871 0.182141 0.148104 0.304647
3 4 0.174304 0.181395 0.206410 0.226111 0.211781
3 4 0.177618 0.181205 0.211494 0.220000 0.209683
4 1 0.202771 0.173060 0.218756 0.167604 0.237809
4 4 0.223342 0.163949 0.222306 0.131160 0.259243
4 4 0.227408 0.157659 0.207326 0.117785 0.289822
4 4 0.223729 0.183541 0.199355 0.103154 0.290221
4 4 0.224391 0.184816 0.180114 0.086222 0.324457
4 4 0.223788 0.181497 0.162445 0.072789 0.359481
1 4 0.186302 0.354411 0.168366 0.059968 0.230953
1 4 0.166730 0.431590 0.150561 0.046570 0.204549
1 4 0.130217 0.436144 0.210229 0.052756 0.170653
1 4 0.113241 0.350586 0.268658 0.051542 0.215973
1 4 0.093551 0.324364 0.318132 0.049151 0.214802
2 4 0.078651 0.204266 0.379943 0.046085 0.291055
2 4 0.055858 0.176199 0.498522 0.050879 0.218542
2 4 0.043465 0.157714 0.575765 0.056003 0.167053
2 4 0.031696 0.141247 0.651415 0.062289 0.113353
2 2 0.027508 0.121235 0.685827 0.066803 0.098626
2 2 0.025284 0.104101 0.707431 0.072126 0.091058
2 1 0.028597 0.097881 0.692526 0.079258 0.101738
2 2 0.033094 0.103175 0.669094 0.089653 0.104984
2 2 0.037239 0.128055 0.640179 0.091892 0.102634
2 2 0.032377 0.131531 0.659126 0.089706 0.087260
2 2 0.033875 0.146341 0.645479 0.082638 0.091667
2 2 0.022318 0.118045 0.712579 0.072364 0.074694
2 2 0.009901 0.062823 0.817282 0.060655 0.049338
2 2 0.006328 0.039857 0.857746 0.057212 0.038858
2 2 0.004813 0.030724 0.876163 0.055198 0.033102
2 2 0.003377 0.023693 0.893987 0.053127 0.025815
2 2 0.002601 0.019178 0.903429 0.053794 0.020999
2 2 0.002644 0.018672 0.899632 0.058751 0.020303
2 2 0.002743 0.018694 0.895855 0.062493 0.020215
2 2 0.002832 0.018610 0.891834 0.066714 0.020010
2 1 0.003086 0.019005 0.883782 0.073891 0.020236
2 1 0.003492 0.019640 0.871288 0.084950 0.020630
2 2 0.003871 0.020540 0.862430 0.091765 0.021394
2 2 0.003306 0.018682 0.872200 0.086186 0.019625
2 2 0.003253 0.019307 0.878821 0.078175 0.020444
2 2 0.002911 0.018634 0.888709 0.069791 0.019955
2 2 0.002494 0.017238 0.898321 0.063286 0.018662
2 2 0.002015 0.014721 0.905519 0.061704 0.016041
2 1 0.002122 0.014696 0.899573 0.067726 0.015883
2 2 0.002255 0.015126 0.895636 0.070710 0.016272
2 2 0.002173 0.014851 0.897942 0.069015 0.016019
2 2 0.002266 0.015554 0.898304 0.067078 0.016799
2 2 0.002554 0.016580 0.891290 0.071809 0.017767
2 2 0.002985 0.017602 0.878481 0.082333 0.018599
2 2 0.003127 0.017397 0.869997 0.091264 0.018215
2 2 0.003290 0.018280 0.869802 0.089480 0.019148
2 1 0.003551 0.019681 0.869169 0.086972 0.020627
2 2 0.003981 0.022227 0.869144 0.081291 0.023357
2 2 0.004331 0.024481 0.869268 0.076114 0.025807
2 2 0.004616 0.026093 0.867899 0.073862 0.027529
2 2 0.005131 0.027005 0.857665 0.082009 0.028191
2 2 0.004420 0.023628 0.862230 0.085039 0.024683
2 2 0.003866 0.020639 0.863341 0.090635 0.021519
2 2 0.003176 0.017719 0.870406 0.090135 0.018564
2 2 0.002941 0.016765 0.873608 0.089075 0.017611
2 2 0.002245 0.014236 0.888453 0.079896 0.015171
2 2 0.002450 0.015320 0.886654 0.079269 0.016306
2 2 0.002551 0.015563 0.883322 0.082059 0.016506
2 2 0.003501 0.018126 0.858642 0.100952 0.018779
2 2 0.003823 0.017886 0.840441 0.119609 0.018240
2 2 0.004974 0.019094 0.799051 0.157974 0.018907
2 2 0.005877 0.019335 0.759705 0.196379 0.018704
2 2 0.008077 0.022063 0.701293 0.247945 0.020622
2 2 0.009626 0.026057 0.641254 0.300085 0.022977
2 0 0.014540 0.035717 0.560274 0.359869 0.029601
2 1 0.039307 0.063507 0.472897 0.372304 0.051985
2 1 0.053472 0.075047 0.460655 0.348371 0.062456
2 2 0.067740 0.092290 0.481589 0.278599 0.079783
2 0 0.108780 0.121808 0.395748 0.270933 0.102730
2 1 0.163138 0.183077 0.314211 0.207004 0.132570
2 2 0.124865 0.181645 0.369573 0.209642 0.114276
2 2 0.072648 0.146702 0.503071 0.175447 0.102131
2 1 0.067395 0.123591 0.525328 0.181649 0.102037
2 2 0.060629 0.118559 0.545255 0.179200 0.096356
2 1 0.035533 0.078156 0.635633 0.178264 0.072414
2 2 0.020776 0.056819 0.709944 0.158287 0.054175
2 1 0.016568 0.048623 0.733049 0.154997 0.046764
2 2 0.015561 0.047299 0.742125 0.149297 0.045718
2 1 0.019648 0.053259 0.710582 0.165843 0.050669
2 1 0.021317 0.058030 0.707809 0.157537 0.055306
2 2 0.011697 0.042482 0.783437 0.120248 0.042136
2 1 0.009257 0.039208 0.813807 0.097952 0.039776
2 1 0.010372 0.043300 0.807159 0.095283 0.043887
2 1 0.009376 0.040585 0.815840 0.092869 0.041330
2 1 0.008656 0.036766 0.816596 0.100699 0.037283
2 2 0.009801 0.038274 0.800601 0.112989 0.038335
2 1 0.008399 0.034745 0.813728 0.108064 0.035064
2 1 0.009665 0.038452 0.803812 0.109446 0.038625
2 2 0.009987 0.039389 0.801447 0.109651 0.039526
2 0 0.011846 0.042253 0.780098 0.124013 0.041790
2 1 0.009928 0.036531 0.790413 0.126893 0.036235
2 1 0.013223 0.042465 0.757822 0.145157 0.041333
2 1 0.016971 0.050013 0.733003 0.151864 0.048149
2 1 0.026209 0.064273 0.676656 0.172486 0.060376
2 1 0.030494 0.070269 0.655294 0.178474 0.065469
2 1 0.033185 0.075955 0.612505 0.210685 0.067670
2 1 0.040947 0.082896 0.570312 0.233340 0.072505
2 1 0.047403 0.081947 0.537919 0.261523 0.071209
2 1 0.043428 0.075793 0.571411 0.241575 0.067794
2 1 0.029236 0.063566 0.644844 0.203729 0.058626
2 2 0.024456 0.062448 0.686729 0.168037 0.058330
2 1 0.020877 0.061980 0.720556 0.138157 0.058431
2 1 0.022928 0.069657 0.714920 0.127678 0.064817
2 1 0.020977 0.064773 0.728376 0.122847 0.063027
2 1 0.020217 0.063561 0.733366 0.120856 0.062001
2 1 0.016651 0.056860 0.757041 0.113362 0.056085
2 1 0.017323 0.057731 0.751456 0.116747 0.056744
2 1 0.014381 0.050883 0.770342 0.114006 0.050388
2 1 0.010728 0.042421 0.799061 0.105164 0.042626
2 1 0.011853 0.044929 0.789115 0.109214 0.044889
2 1 0.024740 0.066462 0.696649 0.148817 0.063332
2 1 0.032085 0.073050 0.649579 0.177313 0.067973
2 2 0.016025 0.046447 0.731491 0.161477 0.044560
2 1 0.013381 0.040790 0.746651 0.159809 0.039369
2 0 0.013768 0.042959 0.750975 0.150662 0.041636
2 0 0.026427 0.062734 0.669482 0.182736 0.058621
2 1 0.051124 0.089999 0.562588 0.215489 0.080800
2 1 0.040611 0.096534 0.603691 0.187759 0.071405
2 1 0.038770 0.103315 0.618163 0.166624 0.073127
2 1 0.064381 0.121288 0.526348 0.194320 0.093663
2 0 0.114642 0.161853 0.401800 0.201047 0.120659
2 1 0.178453 0.193635 0.293693 0.193647 0.140572
2 1 0.170136 0.238029 0.288802 0.171314 0.131719
2 1 0.146562 0.278937 0.305306 0.146016 0.123179
2 1 0.096825 0.250440 0.407147 0.132210 0.113379
2 1 0.085248 0.219537 0.448232 0.135651 0.111332
2 1 0.038168 0.121960 0.627452 0.133047 0.079373
2 1 0.016748 0.062404 0.748715 0.120211 0.051922
2 1 0.009218 0.039028 0.813914 0.098251 0.039588
2 0 0.008669 0.040062 0.826177 0.083889 0.041204
2 0 0.017181 0.061496 0.759591 0.100569 0.061163
2 0 0.113256 0.162294 0.419755 0.162026 0.142668
2 0 0.193285 0.181365 0.280505 0.194659 0.150186
2 0 0.199002 0.179742 0.272371 0.184308 0.164577
2 0 0.202617 0.178448 0.266776 0.177536 0.174623
2 0 0.203588 0.178060 0.265205 0.175681 0.177467
2 0 0.207840 0.176130 0.257930 0.167333 0.190768
2 0 0.199263 0.221145 0.254694 0.149271 0.175627
2 1 0.189789 0.240025 0.263083 0.154097 0.153007
2 1 0.186998 0.224578 0.274499 0.171627 0.142298
2 1 0.184186 0.215671 0.280595 0.177911 0.141637
2 1 0.056290 0.098338 0.552263 0.204810 0.088300
2 1 0.024655 0.059502 0.676297 0.183845 0.055701
2 1 0.017024 0.044172 0.703995 0.193165 0.041644
2 2 0.018910 0.046705 0.689541 0.201109 0.043735
2 2 0.014172 0.038450 0.717344 0.193604 0.036431
2 2 0.010956 0.035498 0.763106 0.155922 0.034519
2 2 0.006894 0.027794 0.812540 0.124913 0.027860
2 2 0.005524 0.025662 0.839281 0.103273 0.026261
2 2 0.011380 0.041510 0.785083 0.120841 0.041186
2 2 0.014522 0.048684 0.762087 0.126921 0.047785
2 2 0.005604 0.028112 0.849916 0.087223 0.029145
2 2 0.003007 0.017483 0.876505 0.084574 0.018431
2 2 0.002332 0.015168 0.891810 0.074449 0.016241
2 2 0.002188 0.013670 0.886207 0.083407 0.014528
2 2 0.002353 0.013662 0.875283 0.094347 0.014355
2 2 0.002382 0.013083 0.865673 0.105239 0.013623
2 2 0.002777 0.013221 0.838799 0.131735 0.013468
2 2 0.003105 0.013295 0.815597 0.154677 0.013327
2 2 0.003200 0.013062 0.803559 0.167184 0.012995
2 2 0.003438 0.013457 0.793999 0.175798 0.013308
2 2 0.003632 0.013803 0.787246 0.181725 0.013593
2 2 0.004761 0.015902 0.757152 0.206802 0.015383
2 2 0.006186 0.018260 0.725944 0.232247 0.017364
2 3 0.007688 0.021784 0.611789 0.340039 0.018701
2 3 0.007978 0.023001 0.519806 0.430972 0.018242
3 3 0.008091 0.023331 0.423807 0.527651 0.017120
3 3 0.008051 0.023898 0.357191 0.594379 0.016481
3 3 0.008158 0.024404 0.277206 0.674663 0.015569
3 3 0.008007 0.025488 0.244648 0.706333 0.015523
3 3 0.007645 0.026081 0.213435 0.737707 0.015133
3 3 0.007353 0.026049 0.198845 0.753001 0.014751
3 3 0.007192 0.025981 0.191690 0.760605 0.014532
3 3 0.007407 0.026285 0.197302 0.754160 0.014845
3 3 0.007717 0.026514 0.208972 0.741526 0.015270
3 3 0.007516 0.025716 0.213754 0.738084 0.014930
3 3 0.007218 0.025263 0.206562 0.746459 0.014498
3 3 0.006624 0.024561 0.187315 0.767862 0.013638
3 3 0.005719 0.022958 0.165145 0.793940 0.012238
3 3 0.005484 0.022876 0.152722 0.807028 0.011890
3 3 0.004781 0.021730 0.130465 0.832272 0.010752
3 3 0.004363 0.021417 0.110706 0.853438 0.010075
3 3 0.003679 0.020275 0.087192 0.879972 0.008882
3 3 0.003508 0.020250 0.078048 0.889609 0.008585
3 3 0.003425 0.020405 0.071979 0.895745 0.008447
3 3 0.003753 0.021769 0.073966 0.891437 0.009075
3 3 0.004041 0.022819 0.076788 0.886742 0.009611
3 3 0.003773 0.021707 0.075578 0.889836 0.009106
3 3 0.003446 0.020504 0.071996 0.895567 0.008487
3 3 0.003020 0.018990 0.065744 0.904582 0.007664
3 3 0.003033 0.019074 0.065532 0.904671 0.007691
3 3 0.003151 0.019460 0.067766 0.901701 0.007921
3 3 0.003138 0.019138 0.070532 0.899310 0.007883
3 3 0.003019 0.018571 0.070300 0.900465 0.007646
3 3 0.002934 0.018225 0.069424 0.901938 0.007478
3 3 0.002807 0.017968 0.064970 0.907022 0.007234
3 3 0.002753 0.017964 0.061927 0.910224 0.007132
3 3 0.002575 0.017567 0.056185 0.916889 0.006784
3 3 0.002447 0.017216 0.052566 0.921248 0.006524
3 3 0.002287 0.016769 0.048070 0.926677 0.006197
3 3 0.002126 0.016134 0.045085 0.930797 0.005859
3 3 0.002124 0.015994 0.046211 0.929822 0.005850
3 3 0.002195 0.016013 0.050069 0.925732 0.005992
3 3 0.002497 0.016795 0.059765 0.914335 0.006608
3 3 0.002786 0.017510 0.068974 0.903553 0.007177
3 3 0.003078 0.018234 0.077908 0.893040 0.007740
3 3 0.003181 0.018414 0.081890 0.888584 0.007931
3 3 0.003263 0.018510 0.085714 0.884432 0.008080
3 3 0.003407 0.019101 0.086555 0.882579 0.008358
3 3 0.003785 0.020833 0.086108 0.880183 0.009090
3 3 0.003817 0.021434 0.080742 0.884837 0.009171
3 3 0.003678 0.021147 0.076832 0.889426 0.008918
3 3 0.003069 0.018938 0.068948 0.901294 0.007751
3 3 0.002859 0.018219 0.065190 0.906392 0.007340
3 3 0.002723 0.017633 0.063846 0.908732 0.007065
3 3 0.002807 0.018024 0.064337 0.907598 0.007235
3 3 0.002896 0.018370 0.065586 0.905735 0.007413
3 3 0.002674 0.017874 0.058516 0.913954 0.006982
3 3 0.002383 0.016668 0.054415 0.920150 0.006384
3 3 0.002106 0.015432 0.050614 0.926052 0.005797
3 3 0.002097 0.015100 0.053590 0.923446 0.005768
3 3 0.002234 0.015430 0.058752 0.917534 0.006050
3 3 0.002692 0.016929 0.070260 0.903140 0.006980
3 3 0.003218 0.018487 0.083213 0.887082 0.007999
3 3 0.003346 0.018969 0.084625 0.884814 0.008246
3 3 0.003280 0.019073 0.079360 0.890153 0.008134
3 3 0.002760 0.017453 0.068095 0.904566 0.007127
3 3 0.002524 0.016504 0.064764 0.909560 0.006648
3 3 0.002259 0.015445 0.060238 0.915959 0.006100
3 3 0.002267 0.015498 0.060127 0.915992 0.006117
3 3 0.002232 0.015674 0.055862 0.920176 0.006055
3 3 0.002197 0.015884 0.051479 0.924447 0.005993
3 3 0.002052 0.015644 0.045379 0.931230 0.005695
3 3 0.001894 0.015158 0.040823 0.936766 0.005358
3 3 0.001826 0.014804 0.040017 0.938148 0.005205
3 3 0.001852 0.014725 0.042210 0.935957 0.005257
3 3 0.002072 0.015341 0.049469 0.927392 0.005726
3 3 0.002271 0.015718 0.057858 0.918019 0.006133
3 3 0.002724 0.016891 0.072795 0.900554 0.007037
3 3 0.003050 0.017794 0.081951 0.889535 0.007670
3 3 0.003291 0.018695 0.084952 0.884923 0.008138
3 3 0.003235 0.018908 0.078770 0.891041 0.008047
3 3 0.003086 0.018827 0.071169 0.899141 0.007777
3 3 0.003051 0.018945 0.067930 0.902354 0.007720
3 3 0.003328 0.019949 0.071834 0.896634 0.008256
3 3 0.003564 0.020429 0.078985 0.888331 0.008691
3 3 0.003694 0.020617 0.083748 0.883019 0.008923
3 3 0.003057 0.018569 0.072516 0.898144 0.007715
3 3 0.002617 0.017388 0.060388 0.912750 0.006857
3 3 0.002121 0.015878 0.047106 0.929055 0.005840
3 3 0.002020 0.015599 0.043996 0.932756 0.005629
3 3 0.001853 0.014817 0.041445 0.936623 0.005262
3 3 0.002003 0.015312 0.045640 0.931461 0.005585
3 3 0.002100 0.015386 0.050703 0.926029 0.005783
3 3 0.002337 0.015918 0.059743 0.915735 0.006268
3 3 0.002465 0.016124 0.065606 0.909283 0.006522
3 3 0.002689 0.016962 0.069686 0.903687 0.006976
3 3 0.002761 0.017720 0.065106 0.907273 0.007140
3 3 0.003570 0.021413 0.068818 0.897458 0.008741
3 0 0.006927 0.033528 0.088331 0.856558 0.014655
3 0 0.023413 0.072313 0.146385 0.720756 0.037133
3 2 0.098652 0.156029 0.235423 0.406852 0.103044
2 2 0.154283 0.191777 0.287118 0.236193 0.130629
2 1 0.180204 0.264647 0.267001 0.153334 0.134814
2 1 0.106807 0.251840 0.390616 0.124802 0.125936
2 0 0.060852 0.222078 0.512836 0.093864 0.110369
2 0 0.044124 0.151853 0.605705 0.094425 0.103894
2 1 0.040362 0.149489 0.619728 0.091903 0.098518
2 1 0.032245 0.125584 0.664091 0.087853 0.090227
2 1 0.033264 0.144902 0.648747 0.083691 0.089397
2 1 0.037701 0.188010 0.604956 0.078014 0.091320
2 1 0.026264 0.152203 0.672559 0.071072 0.077901
2 1 0.019538 0.110529 0.730784 0.069867 0.069282
2 1 0.014888 0.072151 0.777362 0.074270 0.061330
2 1 0.011901 0.051896 0.802793 0.080328 0.053083
2 1 0.010379 0.045113 0.811222 0.087251 0.046035
2 1 0.016551 0.056738 0.757902 0.112811 0.055997
2 1 0.027231 0.077204 0.690754 0.134155 0.070657
2 1 0.053626 0.131324 0.573334 0.143531 0.098186
2 1 0.096347 0.194098 0.439496 0.144297 0.125762
2 2 0.143067 0.260315 0.324111 0.136530 0.135977
2 2 0.152052 0.290597 0.294698 0.132211 0.130442
2 2 0.129151 0.310410 0.319732 0.115032 0.125675
2 2 0.088211 0.293142 0.404882 0.092367 0.121397
2 2 0.056581 0.222208 0.524735 0.087647 0.108830
2 1 0.037784 0.147813 0.628193 0.095083 0.091126
2 1 0.017876 0.067156 0.751128 0.103988 0.059853
2 1 0.011988 0.044583 0.785992 0.113029 0.044408
2 1 0.012739 0.042712 0.767052 0.135646 0.041851
2 1 0.011102 0.037172 0.770019 0.145356 0.036350
2 1 0.011986 0.038156 0.758041 0.154779 0.037038
2 1 0.019783 0.051500 0.701500 0.178543 0.048673
2 1 0.045314 0.087023 0.590239 0.198308 0.079117
2 1 0.156345 0.156899 0.327795 0.228158 0.130802
2 1 0.173042 0.247571 0.281871 0.165029 0.132487
2 1 0.063074 0.204688 0.507050 0.131069 0.094119
2 1 0.023692 0.127707 0.694415 0.087328 0.066859
2 1 0.012890 0.071740 0.786086 0.077921 0.051363
2 1 0.008675 0.042472 0.828914 0.077212 0.042727
2 1 0.003846 0.023611 0.880135 0.067210 0.025198
2 1 0.003660 0.022192 0.879846 0.070682 0.023619
2 1 0.003872 0.022810 0.875805 0.073336 0.024177
2 1 0.004130 0.023721 0.871899 0.075192 0.025058
2 2 0.005275 0.027965 0.857848 0.079673 0.029239
2 1 0.007942 0.034522 0.822378 0.100054 0.035103
2 1 0.012018 0.042229 0.777127 0.126955 0.041671
2 1 0.018631 0.051889 0.718202 0.161727 0.049551
2 1 0.044079 0.082557 0.587261 0.211383 0.074719
2 1 0.063834 0.123248 0.519745 0.205216 0.087958
2 1 0.033488 0.092685 0.645510 0.158609 0.069707
2 1 0.023790 0.076046 0.707991 0.127321 0.064853
2 1 0.017252 0.059392 0.755483 0.109182 0.058690
2 1 0.015297 0.057100 0.772329 0.098175 0.057100
2 1 0.016839 0.058149 0.757556 0.109984 0.057472
2 1 0.029220 0.090538 0.679464 0.127559 0.073220
2 1 0.028227 0.095765 0.682234 0.122706 0.071068
2 1 0.019466 0.076806 0.738580 0.103361 0.061787
2 1 0.016601 0.065314 0.764037 0.093182 0.060866
2 1 0.011768 0.050992 0.803156 0.081988 0.052096
2 1 0.011006 0.048541 0.808929 0.081832 0.049693
2 1 0.017603 0.065558 0.760420 0.090757 0.065662
2 1 0.083047 0.164064 0.489140 0.127511 0.136237
1 1 0.155178 0.291434 0.289614 0.133476 0.130297
2 1 0.098757 0.311261 0.372549 0.096794 0.120638
2 1 0.063390 0.225033 0.502697 0.102305 0.106575
2 1 0.070770 0.186897 0.505896 0.118868 0.117570
2 1 0.080050 0.186327 0.483512 0.125199 0.124912
2 1 0.059376 0.130380 0.560759 0.139668 0.109817
2 1 0.041226 0.111353 0.627233 0.129013 0.091176
2 0 0.105646 0.180596 0.427811 0.150005 0.135941
1 1 0.166470 0.336366 0.250321 0.125622 0.121221
2 1 0.065895 0.337599 0.420265 0.084639 0.091601
2 2 0.018592 0.134219 0.715932 0.073202 0.058054
2 2 0.011518 0.057089 0.800773 0.081967 0.048652
2 2 0.012300 0.046309 0.786486 0.108667 0.046238
2 2 0.010856 0.040653 0.790827 0.117175 0.040488
2 4 0.050146 0.102749 0.586750 0.108171 0.152183
4 4 0.126808 0.116107 0.232098 0.048848 0.476139
4 4 0.164435 0.080931 0.097343 0.029203 0.628089
4 4 0.189848 0.072459 0.069195 0.026494 0.642004
4 4 0.186771 0.069888 0.066037 0.024956 0.652348
4 4 0.187245 0.070278 0.066513 0.025186 0.650778
4 4 0.208919 0.091213 0.093614 0.039175 0.567079
4 4 0.223324 0.111748 0.123387 0.056506 0.485035
4 4 0.229873 0.128245 0.150106 0.073868 0.417908
4 4 0.230151 0.129406 0.152099 0.075236 0.413108
4 4 0.227182 0.119978 0.136361 0.064714 0.451764
4 4 0.222766 0.110725 0.121821 0.055542 0.489145
4 4 0.213666 0.097014 0.101682 0.043668 0.543970
4 4 0.210382 0.092933 0.095980 0.040477 0.560228
4 4 0.213515 0.096818 0.101405 0.043511 0.544752
4 4 0.218562 0.103826 0.111491 0.049334 0.516787
4 4 0.227411 0.120559 0.137303 0.065326 0.449401
4 4 0.231424 0.141266 0.173517 0.090622 0.363172
4 4 0.231302 0.143675 0.178132 0.094111 0.352781
4 4 0.230912 0.146895 0.184468 0.099007 0.338718
4 4 0.229902 0.151367 0.193618 0.106306 0.318807
4 4 0.228774 0.154643 0.200620 0.112085 0.303877
4 4 0.228947 0.154203 0.199663 0.111285 0.305903
4 4 0.230134 0.150535 0.191882 0.104900 0.322549
4 4 0.231109 0.145542 0.181781 0.096915 0.344653
4 4 0.231320 0.137150 0.165852 0.084967 0.380711
4 4 0.228557 0.123736 0.142514 0.068752 0.436441
4 4 0.224705 0.114428 0.127541 0.059089 0.474237
4 4 0.210283 0.092815 0.095817 0.040387 0.560698
4 4 0.191579 0.073949 0.071047 0.027406 0.636020
4 4 0.204582 0.086407 0.087121 0.035668 0.586222
4 4 0.205339 0.087218 0.088205 0.036246 0.582991
4 4 0.216122 0.100304 0.106373 0.046350 0.530851
4 4 0.221639 0.108746 0.118815 0.053710 0.497091
4 4 0.230824 0.132868 0.158147 0.079451 0.398711
4 4 0.231305 0.136937 0.165463 0.084685 0.381611
4 4 0.231221 0.135957 0.163679 0.083395 0.385748
4 4 0.226615 0.157946 0.155299 0.071512 0.388627
4 4 0.221162 0.145235 0.128578 0.053979 0.451046
4 4 0.205143 0.094139 0.088736 0.035380 0.576601
4 2 0.199613 0.092667 0.081555 0.031030 0.595135
4 2 0.202300 0.097884 0.085459 0.032692 0.581665
4 2 0.194846 0.175761 0.121876 0.038546 0.468971
4 2 0.135444 0.286432 0.233572 0.049687 0.294865
2 2 0.093224 0.255949 0.355106 0.056001 0.239719
2 2 0.051073 0.220875 0.519648 0.055234 0.153170
2 2 0.021696 0.111867 0.720099 0.060061 0.086277
2 2 0.015125 0.077771 0.777415 0.059596 0.070093
2 2 0.013953 0.069787 0.788949 0.059599 0.067712
2 2 0.011706 0.058921 0.809268 0.058376 0.061729
2 2 0.012243 0.060173 0.804707 0.060048 0.062828
2 2 0.011521 0.057281 0.810658 0.060666 0.059873
2 2 0.011302 0.055667 0.812233 0.062720 0.058078
2 2 0.010132 0.051243 0.821998 0.063154 0.053473
2 2 0.008884 0.047843 0.832836 0.061567 0.048870
2 2 0.007002 0.040033 0.852086 0.058330 0.042550
2 2 0.005600 0.034620 0.867686 0.054922 0.037173
2 2 0.004600 0.030752 0.880428 0.050849 0.033370
2 2 0.004037 0.028578 0.888453 0.047674 0.031257
2 2 0.003850 0.028037 0.891554 0.045767 0.030792
2 2 0.004199 0.029664 0.886727 0.046960 0.032450
2 2 0.004772 0.032291 0.879261 0.048547 0.035128
2 2 0.005205 0.034252 0.873944 0.049468 0.037130
2 2 0.005883 0.037127 0.865912 0.051048 0.040030
2 2 0.008235 0.045037 0.840037 0.058536 0.048155
2 2 0.007167 0.041544 0.851205 0.055813 0.044272
2 2 0.006637 0.039889 0.857202 0.053549 0.042723
2 2 0.006099 0.038308 0.863668 0.050636 0.041289
2 2 0.006016 0.037647 0.864351 0.051442 0.040544
2 2 0.004442 0.030723 0.883422 0.047899 0.033514
2 2 0.004775 0.032098 0.878988 0.049260 0.034880
2 2 0.004874 0.032282 0.877417 0.050425 0.035002
2 2 0.005246 0.033167 0.871874 0.053998 0.035715
2 2 0.005291 0.031781 0.868625 0.060370 0.033933
2 2 0.005840 0.032213 0.858512 0.069486 0.033950
2 2 0.006291 0.032732 0.850618 0.076165 0.034194
2 2 0.009331 0.040779 0.817097 0.091203 0.041590
2 2 0.022691 0.072077 0.724502 0.110186 0.070544
2 0 0.170037 0.188184 0.312437 0.179206 0.150135
1 2 0.175594 0.289753 0.261577 0.143000 0.130075
1 0 0.172208 0.337466 0.239101 0.114823 0.136402
1 1 0.173901 0.335698 0.236860 0.112941 0.140599
1 1 0.160674 0.351593 0.243981 0.125845 0.117907
1 1 0.157581 0.379121 0.238876 0.111356 0.113066
2 1 0.145952 0.287895 0.300772 0.115664 0.149716
2 1 0.147930 0.216989 0.332092 0.137053 0.165936
2 1 0.070831 0.129633 0.518685 0.172723 0.108129
2 1 0.032900 0.078970 0.656686 0.157290 0.074154
2 1 0.030758 0.079428 0.673095 0.141294 0.075424
2 1 0.034868 0.086654 0.655621 0.140947 0.081910
2 2 0.048402 0.126399 0.597696 0.127604 0.099899
2 0 0.042929 0.125372 0.618987 0.116315 0.096398
2 1 0.055495 0.172617 0.557307 0.103576 0.111004
2 1 0.070491 0.214922 0.492722 0.097128 0.124737
2 1 0.053082 0.202562 0.547269 0.088821 0.108265
2 1 0.044450 0.154559 0.600834 0.101930 0.098226
2 1 0.054577 0.143263 0.573074 0.120444 0.108642
2 1 0.085871 0.137955 0.479646 0.177115 0.119414
2 1 0.099054 0.150045 0.435674 0.201399 0.113828
2 2 0.036174 0.095819 0.632733 0.163024 0.072250
2 1 0.020679 0.071635 0.726665 0.120714 0.060307
2 1 0.018160 0.061178 0.749355 0.111028 0.060280
2 0 0.052576 0.125965 0.585770 0.128853 0.106836
2 0 0.176811 0.216699 0.291940 0.170141 0.144408
1 1 0.162567 0.355402 0.245345 0.119094 0.117592
1 2 0.138320 0.466146 0.212975 0.086104 0.096455
1 2 0.095897 0.471514 0.270856 0.068351 0.093382
2 2 0.062644 0.353572 0.418000 0.063363 0.102420
2 2 0.043170 0.249168 0.545089 0.063918 0.098655
2 2 0.013947 0.075364 0.784018 0.064728 0.061943
2 2 0.006957 0.039438 0.852074 0.059676 0.041854
2 2 0.004113 0.027549 0.884912 0.053566 0.029860
2 2 0.004469 0.028929 0.879871 0.055520 0.031210
2 2 0.005405 0.032528 0.867849 0.059466 0.034752
2 2 0.005183 0.031371 0.869960 0.059956 0.033530
2 2 0.005193 0.031200 0.869399 0.060902 0.033306
2 2 0.004275 0.027451 0.880925 0.057792 0.029558
2 2 0.003441 0.023879 0.892739 0.053965 0.025976
2 2 0.003109 0.022475 0.898144 0.051686 0.024585
2 2 0.003063 0.022406 0.899289 0.050689 0.024553
2 1 0.003349 0.023928 0.895384 0.051191 0.026148
2 1 0.004486 0.028854 0.879349 0.056214 0.031097
2 1 0.006538 0.036338 0.854237 0.064483 0.038405
2 2 0.008437 0.046026 0.832170 0.070551 0.042816
2 2 0.008129 0.046351 0.834788 0.069021 0.041710
2 2 0.007035 0.041456 0.846453 0.066588 0.038470
2 2 0.005473 0.032466 0.865903 0.061880 0.034278
2 2 0.004717 0.029342 0.875359 0.059115 0.031467
2 2 0.004490 0.028528 0.878536 0.057763 0.030682
2 2 0.004155 0.027309 0.883417 0.055610 0.029509
2 2 0.003725 0.025746 0.890113 0.052399 0.028017
2 1 0.003654 0.025703 0.891782 0.050816 0.028046
2 1 0.003323 0.024093 0.896470 0.049723 0.026390
2 2 0.003299 0.023735 0.896245 0.050758 0.025963
2 2 0.003561 0.024651 0.891613 0.053359 0.026817
2 2 0.004468 0.028193 0.878235 0.058819 0.030285
2 2 0.006044 0.033880 0.858387 0.065868 0.035821
2 2 0.008556 0.042492 0.830614 0.075585 0.042752
2 2 0.009215 0.045077 0.823420 0.078322 0.043966
2 2 0.010100 0.049039 0.814215 0.081044 0.045603
2 2 0.010336 0.052521 0.812077 0.078704 0.046361
2 2 0.010311 0.052746 0.813079 0.076969 0.046896
2 1 0.009732 0.050040 0.819731 0.074155 0.046342
2 2 0.007603 0.040483 0.841687 0.069234 0.040993
2 2 0.008323 0.041287 0.834157 0.073285 0.042947
2 2 0.013927 0.058238 0.787982 0.080572 0.059281
2 0 0.099767 0.171383 0.447291 0.138835 0.142724
1 0 0.166966 0.333914 0.250947 0.126485 0.121688
1 1 0.153697 0.397201 0.233762 0.105727 0.109613
1 0 0.173215 0.324011 0.245898 0.122583 0.134293
1 1 0.194295 0.267901 0.237755 0.122269 0.177781
1 0 0.187396 0.302735 0.229663 0.109996 0.170210
1 1 0.203197 0.261564 0.215973 0.103443 0.215823
1 1 0.195203 0.276957 0.228679 0.112456 0.186705
2 1 0.152473 0.242893 0.300206 0.108091 0.196336
2 1 0.108957 0.184065 0.403974 0.117391 0.185613
2 1 0.066139 0.119919 0.536933 0.145356 0.131653
2 1 0.025457 0.077412 0.700056 0.128976 0.068100
2 1 0.011885 0.051917 0.794027 0.095247 0.046925
2 1 0.011117 0.050730 0.804209 0.086571 0.047373
2 1 0.013278 0.053845 0.788036 0.091563 0.053278
2 1 0.012310 0.049998 0.794884 0.092248 0.050560
2 1 0.012963 0.051666 0.789832 0.093422 0.052118
2 1 0.021006 0.067317 0.732389 0.113377 0.065911
2 1 0.029237 0.080118 0.685035 0.128830 0.076780
2 1 0.038073 0.088797 0.638383 0.151588 0.083159
2 1 0.045499 0.100071 0.610441 0.150934 0.093055
2 1 0.041219 0.101361 0.629162 0.137387 0.090871
2 1 0.043989 0.118240 0.617431 0.122987 0.097352
2 1 0.042055 0.122925 0.622889 0.117004 0.095127
2 4 0.043921 0.143573 0.608441 0.105475 0.098590
2 1 0.035826 0.131424 0.643076 0.102031 0.087642
2 1 0.027995 0.113472 0.686011 0.092683 0.079838
2 1 0.069965 0.163577 0.521025 0.122375 0.123058
2 1 0.086738 0.122559 0.464935 0.219111 0.106656
2 1 0.057698 0.116253 0.550876 0.183948 0.091225
2 1 0.035012 0.089116 0.637197 0.167990 0.070684
2 1 0.055777 0.138010 0.566533 0.137134 0.102545
2 1 0.097526 0.171976 0.446373 0.155053 0.129072
2 1 0.132779 0.208246 0.366391 0.147519 0.145064
2 1 0.118411 0.158363 0.406788 0.178709 0.137729
2 1 0.133894 0.203712 0.360816 0.167853 0.133725
2 1 0.056869 0.138789 0.552147 0.159895 0.092300
2 1 0.040474 0.113988 0.626936 0.130914 0.087687
2 1 0.067838 0.125814 0.532547 0.162646 0.111155
2 1 0.148986 0.232646 0.324312 0.160727 0.133329
2 1 0.082714 0.207379 0.452633 0.155936 0.101338
2 1 0.043596 0.150502 0.593207 0.131455 0.081241
2 0 0.039293 0.124216 0.626998 0.124579 0.084913
2 0 0.045746 0.148260 0.596934 0.113877 0.095183
2 1 0.032854 0.132650 0.654638 0.095624 0.084233
2 1 0.020036 0.102580 0.730265 0.080304 0.066815
2 1 0.021951 0.108838 0.719092 0.076759 0.073361
2 1 0.043465 0.145879 0.611380 0.095189 0.104087
2 1 0.091370 0.218477 0.443144 0.111939 0.135070
2 1 0.042754 0.151454 0.608547 0.100202 0.097042
2 1 0.022420 0.107524 0.716007 0.082238 0.071811
2 1 0.018424 0.090409 0.746022 0.079622 0.065523
2 1 0.020897 0.087221 0.733865 0.087290 0.070727
2 1 0.016643 0.057310 0.758049 0.111391 0.056607
2 1 0.011903 0.042112 0.778579 0.125810 0.041596
2 1 0.011690 0.037567 0.760473 0.153759 0.036511
2 1 0.022408 0.051762 0.668680 0.209103 0.048048
2 1 0.046112 0.072586 0.540441 0.276964 0.063896
2 1 0.032939 0.063042 0.607400 0.239587 0.057032
2 1 0.013204 0.039975 0.745324 0.162966 0.038531
2 2 0.008470 0.034843 0.812679 0.108873 0.035135
2 2 0.007833 0.038174 0.835756 0.078677 0.039560
2 2 0.005897 0.033939 0.861247 0.062888 0.036029
2 2 0.003642 0.025549 0.891715 0.051230 0.027864
2 2 0.003382 0.024289 0.895409 0.050351 0.026569
2 2 0.003166 0.023085 0.898218 0.050236 0.025295
2 2 0.003075 0.022175 0.898259 0.052248 0.024243
2 2 0.003436 0.023385 0.891417 0.056407 0.025355
2 2 0.004876 0.028974 0.870887 0.064416 0.030847
2 2 0.007198 0.037079 0.844273 0.072711 0.038739
2 2 0.010617 0.046320 0.810264 0.085488 0.047311
2 2 0.015528 0.055543 0.766994 0.106776 0.055159
2 2 0.028905 0.070123 0.668547 0.166582 0.065843
2 2 0.052705 0.082630 0.533206 0.258636 0.072823
3 1 0.061216 0.090811 0.378872 0.399607 0.069494
3 2 0.046181 0.092630 0.262276 0.539393 0.059521
3 2 0.035686 0.093732 0.167255 0.652504 0.050824
3 2 0.027179 0.086086 0.123105 0.721656 0.041975
3 1 0.024907 0.084952 0.106217 0.744423 0.039501
3 2 0.021987 0.079360 0.098621 0.764040 0.035992
3 2 0.018682 0.070352 0.097768 0.781449 0.031749
3 2 0.020563 0.071215 0.116520 0.757744 0.033958
3 1 0.019145 0.063879 0.135578 0.749486 0.031913
3 2 0.029777 0.078810 0.185877 0.661519 0.044018
3 2 0.037994 0.095332 0.179525 0.634101 0.053048
3 2 0.055424 0.126661 0.169092 0.578382 0.070440
3 2 0.037879 0.106311 0.133946 0.668084 0.053780
3 2 0.031634 0.098528 0.115145 0.707443 0.047250
3 2 0.013077 0.058066 0.076293 0.828304 0.024260
3 2 0.009184 0.046045 0.066534 0.859766 0.018470
3 2 0.006147 0.035207 0.056967 0.888160 0.013520
3 2 0.007976 0.040352 0.070856 0.864319 0.016498
3 2 0.010605 0.046548 0.090643 0.831731 0.020472
3 2 0.017707 0.060025 0.136517 0.755722 0.030029
3 2 0.022527 0.065655 0.174559 0.701568 0.035690
3 2 0.029856 0.076160 0.202940 0.647203 0.043840
3 2 0.027178 0.074591 0.180249 0.676845 0.041137
3 2 0.021838 0.066319 0.160162 0.716658 0.035023
3 2 0.019719 0.062601 0.152085 0.733135 0.032461
3 2 0.016846 0.055773 0.150068 0.748562 0.028750
3 2 0.020279 0.061824 0.166099 0.718791 0.033007
3 2 0.029579 0.077488 0.191454 0.657769 0.043709
3 2 0.036174 0.091137 0.184024 0.637621 0.051044
3 2 0.038060 0.095495 0.179313 0.634009 0.053122
3 2 0.041604 0.103101 0.173242 0.625145 0.056908
3 2 0.058273 0.127340 0.181359 0.560288 0.072740
3 2 0.073493 0.145780 0.186899 0.508104 0.085724
3 0 0.077870 0.149176 0.192431 0.491420 0.089102
3 0 0.100771 0.170957 0.196886 0.425254 0.106132
3 0 0.143992 0.187387 0.218391 0.307332 0.142897
2 0 0.195176 0.179373 0.242565 0.189437 0.193448
2 0 0.177185 0.223450 0.240043 0.193795 0.165528
3 1 0.136266 0.200520 0.247447 0.290051 0.125717
3 1 0.061217 0.122684 0.214090 0.527523 0.074486
3 1 0.031063 0.083968 0.171356 0.667922 0.045691
3 1 0.018579 0.060497 0.147598 0.742280 0.031046
3 1 0.018394 0.058702 0.156647 0.735547 0.030709
3 1 0.022983 0.063168 0.199321 0.678599 0.035929
3 1 0.028504 0.064987 0.268040 0.597145 0.041324
3 2 0.036621 0.068765 0.345888 0.499916 0.048811
2 1 0.034810 0.066376 0.471053 0.375010 0.052752
2 0 0.032240 0.063972 0.500592 0.351336 0.051859
2 1 0.037916 0.068755 0.464611 0.373910 0.054809
2 1 0.030646 0.060647 0.445514 0.416385 0.046808
