2 1 0.131636 0.197411 0.378968 0.092349 0.199636
2 1 0.115734 0.188774 0.435738 0.070028 0.189727
2 1 0.253819 0.190598 0.320853 0.095041 0.139689
0 0 0.306046 0.188128 0.244185 0.126386 0.135255
0 0 0.293775 0.190533 0.229634 0.141285 0.144772
2 1 0.159612 0.201883 0.324686 0.113660 0.200159
2 1 0.098157 0.192279 0.408883 0.080791 0.219890
2 1 0.077218 0.180856 0.467983 0.060890 0.213053
2 1 0.061454 0.138547 0.473416 0.057138 0.269445
2 1 0.055144 0.123349 0.474128 0.054624 0.292754
2 1 0.061212 0.133452 0.464570 0.058941 0.281825
2 1 0.060133 0.157037 0.510404 0.048696 0.223730
2 1 0.063103 0.164993 0.507346 0.049695 0.214863
2 1 0.059287 0.166808 0.525779 0.046095 0.202031
2 1 0.064586 0.160841 0.495142 0.052847 0.226585
2 1 0.056771 0.146298 0.510559 0.048085 0.238286
2 1 0.055630 0.147295 0.518038 0.046315 0.232722
2 1 0.056723 0.155579 0.524953 0.045035 0.217710
2 1 0.054777 0.162256 0.543401 0.040826 0.198740
2 1 0.054783 0.162262 0.543379 0.040832 0.198745
2 1 0.055402 0.158454 0.535463 0.042615 0.208065
2 1 0.057101 0.149985 0.514779 0.047271 0.230864
2 1 0.057280 0.146987 0.509104 0.048496 0.238133
2 1 0.054436 0.149808 0.528152 0.044038 0.223566
2 1 0.051704 0.159029 0.555070 0.038190 0.196007
2 1 0.038679 0.152271 0.602843 0.041292 0.164914
2 1 0.033280 0.152757 0.618327 0.052724 0.142911
2 1 0.031617 0.140999 0.637820 0.075508 0.114056
2 1 0.031568 0.129172 0.643935 0.100978 0.094347
2 1 0.025251 0.111908 0.680363 0.108161 0.074318
2 1 0.022118 0.101218 0.692090 0.123117 0.061457
2 1 0.020878 0.095474 0.692398 0.136424 0.054827
2 1 0.024261 0.102001 0.667936 0.145793 0.060010
2 1 0.034624 0.126150 0.629181 0.120827 0.089218
2 1 0.052730 0.159137 0.555859 0.087080 0.145194
2 1 0.094128 0.162326 0.385305 0.089707 0.268534
2 2 0.212556 0.168273 0.262991 0.143481 0.212699
0 2 0.378979 0.171714 0.203402 0.131361 0.114544
0 2 0.429514 0.164633 0.190373 0.120399 0.095081
0 2 0.352880 0.180234 0.213004 0.132943 0.120938
2 2 0.238977 0.197085 0.261176 0.167417 0.135345
2 2 0.157646 0.186947 0.328125 0.206865 0.120416
2 2 0.084949 0.152048 0.417992 0.255033 0.089979
2 2 0.056767 0.135845 0.505732 0.223727 0.077929
2 2 0.137597 0.171294 0.402548 0.189347 0.099214
0 2 0.429073 0.164644 0.194801 0.117227 0.094255
0 2 0.557035 0.134574 0.150257 0.097069 0.061064
0 2 0.618227 0.118708 0.130252 0.085040 0.047773
0 2 0.611430 0.120511 0.132494 0.086399 0.049166
0 2 0.569281 0.131467 0.146287 0.094701 0.058265
0 2 0.472034 0.155112 0.177280 0.112916 0.082658
0 2 0.404035 0.170060 0.198050 0.124716 0.103138
0 2 0.285670 0.190593 0.243970 0.156102 0.123664
2 2 0.230955 0.189549 0.270316 0.183562 0.125618
2 2 0.154681 0.173165 0.331235 0.231258 0.109661
2 2 0.204177 0.183233 0.285860 0.205347 0.121384
2 2 0.245307 0.191886 0.257388 0.168275 0.137144
0 2 0.325211 0.185275 0.220784 0.137107 0.131623
0 2 0.350750 0.180635 0.213611 0.133271 0.121732
0 2 0.373506 0.176257 0.207056 0.129702 0.113479
0 2 0.360303 0.178823 0.210877 0.131789 0.118207
0 2 0.376554 0.175654 0.206167 0.129214 0.112410
0 2 0.403238 0.170226 0.198288 0.124849 0.103398
0 2 0.413146 0.168145 0.195321 0.123188 0.100200
0 2 0.404905 0.169878 0.197791 0.124571 0.102855
0 2 0.329796 0.184464 0.219512 0.136433 0.129795
0 2 0.278087 0.192947 0.233392 0.143628 0.151946
2 2 0.190619 0.203146 0.267765 0.167019 0.171450
2 2 0.118058 0.192898 0.342178 0.202613 0.144252
2 2 0.081956 0.160726 0.413649 0.239235 0.104434
2 2 0.124412 0.161037 0.361216 0.258823 0.094512
2 2 0.232709 0.177516 0.278809 0.205376 0.105590
0 2 0.379493 0.174458 0.209236 0.133098 0.103716
0 2 0.483626 0.152424 0.173657 0.110821 0.079472
0 2 0.575199 0.129953 0.144362 0.093549 0.056938
0 2 0.662022 0.106850 0.115707 0.076150 0.039270
0 0 0.719549 0.090670 0.096358 0.064143 0.029280
0 0 0.750833 0.081586 0.085735 0.057462 0.024384
0 0 0.772789 0.075090 0.078242 0.052710 0.021169
0 0 0.777601 0.073653 0.076596 0.051662 0.020489
0 0 0.781224 0.072567 0.075355 0.050871 0.019982
0 0 0.757944 0.079493 0.083311 0.055929 0.023323
0 0 0.652082 0.109577 0.119023 0.078187 0.041130
0 0 0.397199 0.171478 0.200087 0.125851 0.105386
2 1 0.177415 0.203583 0.275186 0.140522 0.203295
2 1 0.095735 0.167830 0.387048 0.089327 0.260060
2 1 0.070575 0.134233 0.423028 0.071962 0.300202
2 1 0.062210 0.137799 0.468316 0.058482 0.273192
2 1 0.055528 0.158496 0.534891 0.042750 0.208335
2 1 0.054239 0.161706 0.545415 0.040363 0.198278
2 1 0.053638 0.161083 0.547679 0.039846 0.197753
2 1 0.057113 0.164584 0.534783 0.042850 0.200671
2 1 0.060240 0.162094 0.516785 0.047221 0.213659
2 1 0.063476 0.148557 0.481560 0.055884 0.250524
2 1 0.064417 0.121022 0.421517 0.069618 0.323427
4 1 0.059827 0.087678 0.346193 0.083298 0.423004
4 4 0.049379 0.055063 0.259996 0.092671 0.542891
4 4 0.039292 0.034915 0.193857 0.095122 0.636813
4 4 0.031845 0.023617 0.148949 0.094349 0.701239
4 4 0.029201 0.019861 0.130966 0.094535 0.725437
4 4 0.030407 0.020159 0.128084 0.098610 0.722741
4 4 0.034046 0.024248 0.143900 0.101043 0.696762
4 4 0.038903 0.031308 0.172023 0.101171 0.656594
4 4 0.043945 0.040276 0.205297 0.099636 0.610846
4 4 0.048553 0.048746 0.231448 0.099105 0.572147
4 4 0.053251 0.059601 0.263696 0.096548 0.526904
4 4 0.057204 0.071867 0.298888 0.092029 0.480012
4 4 0.062054 0.085832 0.329396 0.089112 0.433605
4 4 0.061337 0.093563 0.358828 0.081629 0.404644
2 4 0.062465 0.105374 0.389644 0.075546 0.366971
2 4 0.062458 0.113412 0.411778 0.070722 0.341630
2 4 0.062627 0.125247 0.439947 0.064755 0.307424
2 4 0.058281 0.134891 0.482186 0.054275 0.270366
2 4 0.054753 0.142928 0.515395 0.046652 0.240272
2 4 0.047613 0.142969 0.555022 0.037730 0.216665
2 4 0.042998 0.138070 0.575016 0.033474 0.210442
2 4 0.039118 0.137934 0.599781 0.028925 0.194243
2 4 0.041192 0.141151 0.591159 0.030577 0.195921
2 4 0.044307 0.147968 0.581725 0.032536 0.193465
2 4 0.052991 0.148596 0.533911 0.042641 0.221861
2 4 0.058741 0.145230 0.498828 0.050980 0.246221
2 4 0.062782 0.128411 0.446258 0.063463 0.299087
2 4 0.060914 0.113764 0.420287 0.068060 0.336974
4 4 0.059608 0.090460 0.356806 0.080741 0.412385
4 4 0.056670 0.071719 0.300768 0.091022 0.479823
4 4 0.048464 0.050508 0.241072 0.096350 0.563605
4 4 0.041760 0.040733 0.218367 0.092468 0.606672
4 4 0.042645 0.037706 0.195836 0.100327 0.623487
4 4 0.051480 0.053267 0.241357 0.100347 0.553549
4 4 0.058143 0.083479 0.339327 0.083422 0.435628
2 4 0.064715 0.131423 0.443526 0.064847 0.295488
2 4 0.069399 0.164968 0.479817 0.057265 0.228551
2 2 0.061358 0.162184 0.511686 0.048519 0.216253
2 2 0.052647 0.139056 0.519971 0.045244 0.243082
2 2 0.051331 0.124956 0.499234 0.048528 0.275951
2 2 0.053766 0.119747 0.473264 0.054165 0.299059
2 2 0.057448 0.128054 0.472326 0.055928 0.286244
2 2 0.062005 0.142619 0.478271 0.056248 0.260857
2 2 0.062043 0.158126 0.502958 0.050663 0.226210
2 2 0.055725 0.167025 0.536374 0.048695 0.192181
2 2 0.041162 0.158829 0.587039 0.050671 0.162299
2 2 0.031360 0.150279 0.627480 0.057365 0.133516
2 2 0.023818 0.125743 0.684728 0.070750 0.094962
2 2 0.019938 0.108170 0.715457 0.083633 0.072803
2 2 0.018097 0.099401 0.732395 0.085667 0.064439
2 2 0.017170 0.095762 0.741591 0.083918 0.061559
2 2 0.017291 0.091525 0.732520 0.104107 0.054557
2 2 0.017400 0.084438 0.710923 0.142163 0.045076
2 2 0.017263 0.073807 0.659286 0.215886 0.033757
2 2 0.016002 0.064232 0.618214 0.275336 0.026216
2 2 0.015063 0.056623 0.569473 0.337841 0.021000
2 2 0.014822 0.053461 0.537571 0.375194 0.018952
2 2 0.015254 0.050976 0.495099 0.421219 0.017452
2 2 0.016131 0.050891 0.468446 0.447199 0.017333
3 2 0.016585 0.047767 0.420328 0.499596 0.015724
3 2 0.016594 0.045704 0.395737 0.527233 0.014733
3 2 0.015420 0.036515 0.309288 0.628063 0.010714
3 2 0.013820 0.030993 0.275087 0.671558 0.008543
3 2 0.011505 0.025038 0.256140 0.700910 0.006407
3 2 0.009434 0.017852 0.215971 0.751366 0.005377
3 2 0.007700 0.011762 0.169639 0.806053 0.004847
3 2 0.007019 0.009230 0.145199 0.833724 0.004827
3 2 0.007221 0.008633 0.135697 0.842999 0.005450
3 2 0.007300 0.008412 0.131642 0.846814 0.005832
3 2 0.007485 0.008159 0.127128 0.850950 0.006278
3 2 0.006842 0.006885 0.114501 0.865731 0.006042
3 2 0.006233 0.005706 0.101492 0.880665 0.005903
3 2 0.005595 0.004716 0.090016 0.894001 0.005671
3 2 0.005432 0.004458 0.086355 0.897985 0.005771
3 3 0.005431 0.004403 0.085379 0.898928 0.005859
3 3 0.005339 0.004318 0.084762 0.899892 0.005688
3 3 0.004683 0.003659 0.078008 0.908729 0.004920
3 3 0.004404 0.003375 0.074538 0.912991 0.004692
3 3 0.004581 0.003428 0.074032 0.912846 0.005114
3 3 0.005600 0.004262 0.081501 0.902032 0.006605
3 3 0.006628 0.005200 0.089763 0.890454 0.007955
3 3 0.008672 0.007435 0.108299 0.865333 0.010260
3 3 0.008109 0.007481 0.112391 0.863292 0.008726
3 3 0.012169 0.013609 0.154546 0.807170 0.012505
3 3 0.020199 0.025955 0.212651 0.722364 0.018831
3 3 0.030210 0.034870 0.234174 0.673446 0.027299
3 3 0.012228 0.010677 0.130040 0.833669 0.013387
3 3 0.005149 0.003491 0.072729 0.912727 0.005904
3 3 0.006526 0.004250 0.078393 0.902980 0.007850
3 3 0.004836 0.003030 0.066350 0.920032 0.005752
3 3 0.005383 0.003361 0.069541 0.915259 0.006456
3 3 0.005720 0.003561 0.071358 0.912460 0.006901
3 3 0.005804 0.003567 0.070976 0.912537 0.007116
3 3 0.005363 0.003228 0.067201 0.917541 0.006666
3 3 0.004661 0.002755 0.061866 0.924838 0.005880
3 3 0.004289 0.002594 0.060459 0.927266 0.005390
3 3 0.004394 0.002768 0.063152 0.924268 0.005418
3 3 0.005181 0.003487 0.071797 0.913265 0.006270
3 3 0.005512 0.003778 0.074999 0.909097 0.006615
3 3 0.005797 0.003944 0.076341 0.906919 0.006999
3 3 0.005380 0.003563 0.072052 0.912387 0.006617
3 3 0.005147 0.003342 0.069328 0.915725 0.006457
3 3 0.004948 0.003225 0.068184 0.917423 0.006219
3 3 0.005120 0.003437 0.071088 0.914076 0.006278
3 3 0.005761 0.004111 0.078927 0.904366 0.006835
3 3 0.006201 0.004655 0.085191 0.896849 0.007105
3 3 0.006467 0.004902 0.087562 0.893703 0.007367
3 3 0.006221 0.004538 0.083498 0.898544 0.007199
3 3 0.005521 0.003713 0.074208 0.909987 0.006571
3 3 0.004797 0.003062 0.066661 0.919646 0.005833
3 3 0.004415 0.002752 0.062797 0.924578 0.005458
3 3 0.004177 0.002645 0.061748 0.926227 0.005202
3 3 0.004255 0.002775 0.063469 0.924156 0.005345
3 3 0.004318 0.002829 0.064267 0.923223 0.005363
3 3 0.004469 0.002912 0.065149 0.921949 0.005522
3 3 0.004658 0.003089 0.067480 0.919105 0.005668
3 3 0.004735 0.003119 0.067599 0.918743 0.005804
3 3 0.005036 0.003391 0.070663 0.914729 0.006181
3 3 0.004831 0.003255 0.069073 0.916807 0.006033
3 3 0.004794 0.003275 0.069419 0.916502 0.006010
3 3 0.004707 0.003143 0.067739 0.918512 0.005899
3 3 0.004943 0.003350 0.070321 0.915304 0.006082
3 3 0.005016 0.003438 0.071528 0.913915 0.006103
3 3 0.004989 0.003399 0.071121 0.914457 0.006035
3 3 0.004613 0.003056 0.067173 0.919568 0.005590
3 3 0.003883 0.002398 0.058795 0.930176 0.004747
3 3 0.003603 0.002133 0.055018 0.934826 0.004420
3 3 0.003362 0.001944 0.052290 0.938257 0.004147
3 3 0.003521 0.002105 0.054750 0.935291 0.004334
3 3 0.003836 0.002405 0.059060 0.930009 0.004691
3 3 0.004185 0.002706 0.062985 0.925032 0.005092
3 3 0.004629 0.003074 0.067505 0.919226 0.005565
3 3 0.004716 0.003142 0.068128 0.918290 0.005725
3 3 0.004511 0.002990 0.066374 0.920613 0.005512
3 3 0.004151 0.002634 0.061687 0.926376 0.005152
3 3 0.003802 0.002316 0.057176 0.931862 0.004845
3 3 0.004011 0.002440 0.058514 0.929880 0.005155
3 3 0.004273 0.002629 0.060846 0.926779 0.005473
3 3 0.004887 0.003174 0.067647 0.918159 0.006132
3 3 0.005463 0.003719 0.073893 0.910168 0.006756
3 3 0.006045 0.004340 0.080576 0.901637 0.007402
3 3 0.006188 0.004478 0.081752 0.899927 0.007655
3 3 0.006867 0.004925 0.085070 0.894513 0.008625
3 3 0.007722 0.005439 0.088313 0.888578 0.009949
3 3 0.008236 0.005687 0.089895 0.885639 0.010542
3 3 0.007565 0.005643 0.091686 0.885741 0.009365
3 3 0.006299 0.005178 0.091332 0.889979 0.007212
3 3 0.006295 0.006103 0.104484 0.876698 0.006419
3 3 0.006111 0.006607 0.113167 0.868492 0.005622
3 3 0.006784 0.008040 0.127932 0.851416 0.005828
3 3 0.007057 0.008467 0.132250 0.846384 0.005842
3 3 0.007728 0.009563 0.141051 0.835357 0.006302
3 3 0.008655 0.011006 0.150958 0.822294 0.007087
3 3 0.010008 0.012830 0.161384 0.807461 0.008317
3 3 0.011386 0.015236 0.175145 0.788670 0.009564
3 3 0.012235 0.018003 0.192456 0.767202 0.010104
3 3 0.012376 0.019814 0.205531 0.752493 0.009786
3 3 0.012614 0.021589 0.217582 0.738652 0.009562
3 3 0.012960 0.022844 0.225550 0.729183 0.009463
3 3 0.012763 0.023185 0.228776 0.726062 0.009213
3 3 0.012189 0.021402 0.218970 0.738438 0.009001
3 3 0.012726 0.020997 0.212763 0.743684 0.009830
3 3 0.015280 0.022415 0.210317 0.739228 0.012760
3 3 0.023980 0.031588 0.233217 0.690039 0.021176
3 3 0.030566 0.042690 0.263495 0.636140 0.027109
3 3 0.036321 0.056499 0.298747 0.578227 0.030205
3 3 0.026988 0.049298 0.296788 0.604463 0.022463
3 3 0.023844 0.047421 0.302076 0.608277 0.018383
3 3 0.019162 0.040833 0.295939 0.630783 0.013283
3 3 0.021826 0.046108 0.307738 0.609003 0.015325
3 3 0.031449 0.066147 0.357913 0.518118 0.026373
2 2 0.077166 0.121545 0.428530 0.311628 0.061131
2 2 0.072587 0.163641 0.497898 0.153121 0.112753
2 2 0.043353 0.162923 0.565760 0.093637 0.134326
2 2 0.032436 0.144382 0.625852 0.084735 0.112596
2 2 0.030994 0.135240 0.634974 0.101205 0.097587
2 2 0.026833 0.124664 0.662856 0.098928 0.086719
2 2 0.026806 0.125645 0.664020 0.094796 0.088733
2 2 0.027491 0.128793 0.659945 0.090587 0.093185
2 2 0.029058 0.131124 0.648294 0.097540 0.093984
2 2 0.029164 0.132646 0.646580 0.095899 0.095711
2 2 0.029253 0.135211 0.645082 0.091006 0.099448
2 2 0.027373 0.136307 0.655386 0.076584 0.104350
2 2 0.027331 0.140598 0.652273 0.067016 0.112781
2 2 0.026915 0.141559 0.653635 0.060976 0.116915
2 2 0.028722 0.147028 0.640211 0.056822 0.127217
2 2 0.028747 0.147277 0.640229 0.051867 0.131881
2 2 0.032296 0.151535 0.623108 0.052174 0.140887
2 2 0.035648 0.154690 0.608680 0.051880 0.149102
2 2 0.041538 0.159881 0.584427 0.052435 0.161719
2 2 0.046876 0.162670 0.565855 0.050205 0.174393
2 2 0.053253 0.161967 0.541723 0.048187 0.194871
2 2 0.057496 0.157404 0.520753 0.048466 0.215881
2 2 0.055843 0.148827 0.519368 0.046083 0.229878
2 2 0.052964 0.148369 0.533705 0.042677 0.222284
2 2 0.050779 0.144958 0.540243 0.041024 0.222997
2 2 0.052246 0.149447 0.539166 0.041483 0.217658
2 2 0.055303 0.151513 0.526238 0.044569 0.222377
2 2 0.058981 0.154522 0.512322 0.048109 0.226067
2 1 0.062030 0.158548 0.503615 0.050507 0.225301
2 1 0.058570 0.159882 0.521038 0.046728 0.213783
2 1 0.056360 0.165955 0.535709 0.045989 0.195986
2 1 0.048722 0.159641 0.563801 0.042015 0.185820
2 1 0.039729 0.152800 0.598852 0.040747 0.167872
2 1 0.037546 0.153847 0.604508 0.046207 0.157892
2 1 0.032240 0.132873 0.646149 0.084258 0.104480
2 1 0.027058 0.109371 0.646678 0.151259 0.065634
2 1 0.023295 0.086587 0.603373 0.245240 0.041504
2 1 0.019893 0.073127 0.583687 0.292037 0.031257
2 1 0.017668 0.070740 0.625337 0.255637 0.030618
2 1 0.017760 0.075632 0.657612 0.213988 0.035008
2 2 0.020469 0.087602 0.669180 0.177299 0.045451
2 2 0.023744 0.096137 0.650745 0.177070 0.052303
2 2 0.024659 0.096193 0.637812 0.189677 0.051659
2 2 0.031870 0.104530 0.587647 0.217960 0.057993
2 2 0.048899 0.121726 0.516185 0.239195 0.073996
2 2 0.056514 0.129316 0.490119 0.242780 0.081271
2 2 0.057473 0.129817 0.487759 0.243772 0.081179
2 2 0.059387 0.128251 0.493112 0.241763 0.077487
2 2 0.067746 0.135269 0.501717 0.212695 0.082573
2 2 0.077959 0.143735 0.495895 0.194925 0.087486
2 2 0.051864 0.131832 0.536149 0.201331 0.078824
2 2 0.033729 0.110481 0.561300 0.233958 0.060531
2 2 0.024329 0.083415 0.555706 0.298926 0.037625
2 2 0.022686 0.065363 0.468639 0.417826 0.025486
2 2 0.020720 0.057312 0.452502 0.448277 0.021189
2 2 0.021230 0.058863 0.460237 0.437524 0.022146
2 2 0.022456 0.071079 0.540864 0.335511 0.030091
2 2 0.020687 0.077864 0.621961 0.243332 0.036157
2 2 0.018698 0.077359 0.663827 0.202913 0.037203
2 2 0.017183 0.072734 0.670737 0.205438 0.033908
2 2 0.015781 0.063934 0.646884 0.246238 0.027163
2 2 0.014186 0.059639 0.659073 0.242458 0.024643
2 2 0.014155 0.059667 0.658886 0.242666 0.024625
2 2 0.014343 0.063665 0.682320 0.211960 0.027712
2 2 0.013419 0.065550 0.719513 0.171338 0.030180
2 2 0.013261 0.067145 0.731461 0.156300 0.031833
2 2 0.013810 0.070744 0.733796 0.146923 0.034727
2 2 0.015657 0.071946 0.683731 0.195608 0.033058
2 2 0.017787 0.073033 0.642091 0.234366 0.032722
2 2 0.018734 0.069690 0.597168 0.284859 0.029549
2 2 0.023405 0.076803 0.559843 0.305875 0.034075
2 2 0.030360 0.087411 0.511815 0.329476 0.040938
2 2 0.032264 0.092781 0.502066 0.328644 0.044244
2 2 0.028781 0.094210 0.551748 0.279267 0.045994
2 2 0.023338 0.090623 0.616712 0.224478 0.044850
2 2 0.020497 0.087378 0.654271 0.194066 0.043788
2 2 0.021673 0.086597 0.640193 0.208425 0.043112
2 2 0.024868 0.090394 0.616615 0.222116 0.046008
2 2 0.040941 0.111366 0.561906 0.225643 0.060145
2 2 0.093866 0.144451 0.438423 0.241691 0.081569
2 2 0.163399 0.165577 0.323835 0.249150 0.098038
2 2 0.109140 0.160420 0.377595 0.257257 0.095588
2 2 0.062632 0.139261 0.452210 0.265475 0.080422
2 2 0.045261 0.119260 0.493164 0.276689 0.065626
2 2 0.047319 0.114636 0.490546 0.285499 0.062000
2 2 0.064283 0.124815 0.504661 0.238104 0.068138
2 2 0.104884 0.147686 0.468260 0.195039 0.084130
2 2 0.207265 0.178887 0.370230 0.131946 0.111671
0 2 0.421242 0.166419 0.192881 0.121815 0.097644
0 2 0.568862 0.131573 0.146423 0.094782 0.058359
0 2 0.490063 0.150915 0.171635 0.109648 0.077739
0 2 0.394650 0.172002 0.200843 0.126272 0.106234
0 2 0.329648 0.184491 0.219553 0.136455 0.129854
0 2 0.334862 0.183557 0.218098 0.135680 0.127802
0 2 0.355720 0.177318 0.216863 0.133260 0.116839
0 2 0.385887 0.173770 0.204940 0.126513 0.108890
0 2 0.520892 0.143534 0.161870 0.103940 0.069764
0 2 0.584444 0.127571 0.141347 0.091740 0.054898
0 2 0.673592 0.103651 0.111836 0.073765 0.037156
0 1 0.568025 0.131787 0.146695 0.094945 0.058549
0 1 0.434119 0.163629 0.188971 0.119605 0.093676
0 4 0.333030 0.183887 0.218610 0.135953 0.128520
2 4 0.185287 0.202107 0.296986 0.124972 0.190648
2 4 0.072169 0.178498 0.482261 0.058999 0.208072
2 4 0.059101 0.166483 0.527609 0.044584 0.202223
2 4 0.055671 0.153838 0.527762 0.044301 0.218429
2 4 0.057673 0.153265 0.516894 0.046913 0.225255
2 4 0.056379 0.159698 0.532239 0.043398 0.208285
2 4 0.057119 0.164590 0.534760 0.042855 0.200676
2 4 0.057383 0.164846 0.533800 0.043085 0.200887
2 4 0.061833 0.162078 0.509351 0.049118 0.217621
2 4 0.066686 0.138850 0.449390 0.064222 0.280852
4 4 0.056552 0.090843 0.373474 0.074793 0.404338
4 4 0.044221 0.057155 0.298096 0.077698 0.522829
4 4 0.040821 0.040751 0.223224 0.089714 0.605490
4 4 0.046494 0.044054 0.215378 0.100673 0.593401
4 4 0.054532 0.059744 0.258614 0.099457 0.527653
4 4 0.064577 0.080280 0.298793 0.099234 0.457117
4 4 0.072226 0.093859 0.313180 0.101694 0.419040
4 4 0.062878 0.075584 0.288582 0.100409 0.472547
4 4 0.054661 0.062056 0.268511 0.096963 0.517809
4 4 0.050377 0.050125 0.230475 0.101941 0.567082
4 4 0.047839 0.045728 0.218570 0.101760 0.586103
4 4 0.045995 0.042584 0.209389 0.101676 0.600356
4 4 0.050366 0.050781 0.233852 0.100958 0.564044
4 4 0.060568 0.069129 0.273034 0.102354 0.494914
4 4 0.070400 0.098625 0.334771 0.094304 0.401901
2 4 0.079443 0.129511 0.377235 0.087845 0.325965
2 4 0.083967 0.157002 0.411018 0.079273 0.268739
2 4 0.085610 0.157325 0.405627 0.081310 0.270128
2 4 0.083271 0.156171 0.412244 0.078748 0.269566
2 4 0.072837 0.139331 0.423543 0.072656 0.291633
2 4 0.064086 0.118369 0.416619 0.070538 0.330389
4 4 0.058030 0.092033 0.369948 0.076669 0.403319
4 4 0.053227 0.074238 0.328103 0.081344 0.463087
4 4 0.047489 0.062883 0.308287 0.079461 0.501880
4 4 0.049089 0.066617 0.316997 0.079432 0.487865
4 4 0.055112 0.084226 0.357376 0.076927 0.426358
2 4 0.064135 0.111429 0.398514 0.074595 0.351328
2 4 0.066589 0.136196 0.444643 0.065296 0.287276
2 4 0.065298 0.146522 0.469692 0.059071 0.259417
2 4 0.060353 0.140997 0.483376 0.054676 0.260597
2 4 0.059621 0.134122 0.473847 0.056437 0.275973
2 4 0.059501 0.132092 0.470315 0.057119 0.280973
2 4 0.058725 0.139981 0.489634 0.052894 0.258767
2 4 0.056181 0.151061 0.521082 0.045786 0.225890
2 4 0.049741 0.159355 0.560921 0.040493 0.189490
2 4 0.041835 0.154683 0.590105 0.041283 0.172095
2 4 0.035015 0.149830 0.617611 0.042606 0.154938
2 4 0.034931 0.151074 0.616256 0.045261 0.152477
2 4 0.034388 0.151594 0.617151 0.047459 0.149408
2 4 0.036607 0.154405 0.606470 0.049188 0.153330
2 2 0.044689 0.160418 0.574916 0.048516 0.171461
2 2 0.059170 0.145010 0.493909 0.054333 0.247579
2 2 0.053152 0.097864 0.415327 0.064234 0.369423
4 2 0.046742 0.070148 0.346584 0.071255 0.465271
4 2 0.045678 0.056724 0.287582 0.081650 0.528366
4 2 0.053945 0.070588 0.309180 0.086240 0.480046
4 2 0.061748 0.087722 0.337338 0.086944 0.426247
2 2 0.061619 0.103908 0.389473 0.075039 0.369962
2 2 0.071924 0.125644 0.398815 0.078605 0.325012
2 2 0.096926 0.129341 0.341765 0.104040 0.327929
2 2 0.093741 0.178509 0.407370 0.081621 0.238758
2 2 0.061845 0.177723 0.506351 0.067780 0.186301
2 2 0.025755 0.120920 0.663193 0.110473 0.079660
2 2 0.022564 0.096621 0.656070 0.172680 0.052065
2 2 0.015322 0.068027 0.684710 0.201128 0.030813
2 2 0.014921 0.061590 0.651048 0.246757 0.025684
2 2 0.015917 0.061589 0.622608 0.274684 0.025201
2 2 0.018391 0.065667 0.592358 0.296232 0.027352
2 2 0.018526 0.069793 0.617992 0.263267 0.030421
2 2 0.016425 0.068795 0.654941 0.229515 0.030324
2 2 0.014941 0.067321 0.686829 0.200644 0.030264
2 2 0.015276 0.072461 0.716884 0.159691 0.035688
2 2 0.022537 0.094302 0.703819 0.123854 0.055487
2 2 0.073451 0.148860 0.575599 0.105782 0.096307
2 2 0.154468 0.193127 0.413522 0.092821 0.146063
2 2 0.207876 0.195871 0.337227 0.097693 0.161333
2 2 0.111539 0.193307 0.427593 0.087594 0.179968
2 2 0.044776 0.167127 0.563533 0.065395 0.159168
2 2 0.023920 0.133264 0.676690 0.058343 0.107783
2 2 0.019444 0.108389 0.717930 0.081145 0.073093
2 2 0.014965 0.087554 0.754738 0.090337 0.052405
2 2 0.014029 0.078998 0.754088 0.109632 0.043252
2 2 0.012910 0.072715 0.759260 0.117234 0.037880
2 2 0.012770 0.068275 0.740577 0.145621 0.032757
2 2 0.012645 0.067094 0.738570 0.149932 0.031758
2 2 0.013172 0.067840 0.733561 0.153115 0.032312
2 2 0.013619 0.072896 0.757211 0.117586 0.038688
2 2 0.017753 0.088234 0.740392 0.099383 0.054238
2 2 0.054260 0.137828 0.595168 0.121519 0.091225
2 2 0.120652 0.165159 0.406838 0.206600 0.100751
2 2 0.080724 0.148581 0.409198 0.274985 0.086512
2 2 0.050334 0.111225 0.408554 0.374325 0.055561
2 2 0.037670 0.094498 0.443160 0.380710 0.043962
2 2 0.034276 0.090360 0.483219 0.350530 0.041615
2 2 0.052638 0.113274 0.526804 0.251004 0.056280
2 2 0.099110 0.142042 0.473230 0.212992 0.072625
2 2 0.206018 0.170289 0.367243 0.165132 0.091317
0 2 0.437752 0.159789 0.190404 0.123866 0.088190
0 2 0.485702 0.151938 0.173005 0.110443 0.078910
0 2 0.304297 0.188427 0.231667 0.145560 0.130048
2 2 0.125130 0.200500 0.387244 0.127332 0.159795
2 2 0.047449 0.173444 0.549596 0.087849 0.141662
2 2 0.025130 0.125994 0.671686 0.087744 0.089446
2 2 0.013517 0.079660 0.764221 0.097682 0.044919
2 2 0.012076 0.066763 0.753407 0.135433 0.032321
2 2 0.011754 0.058034 0.713574 0.192074 0.024564
2 2 0.011855 0.053459 0.676636 0.237018 0.021032
2 2 0.011849 0.051973 0.668277 0.247769 0.020131
2 2 0.012225 0.051176 0.649223 0.267916 0.019460
2 2 0.012722 0.049615 0.612203 0.307299 0.018160
2 2 0.013370 0.045491 0.529231 0.396549 0.015360
2 2 0.014258 0.043905 0.474604 0.452855 0.014378
3 2 0.015280 0.042350 0.420522 0.508297 0.013551
3 2 0.016512 0.044757 0.415118 0.508948 0.014665
3 2 0.021143 0.055423 0.423611 0.479737 0.020085
3 2 0.060057 0.087476 0.357942 0.459220 0.035306
0 2 0.289846 0.143735 0.266858 0.234841 0.064720
0 2 0.485762 0.144615 0.176586 0.119901 0.073135
0 2 0.528436 0.141690 0.159460 0.102521 0.067893
0 2 0.575860 0.129783 0.144146 0.093420 0.056790
0 2 0.634433 0.114367 0.124890 0.081777 0.044533
0 2 0.617025 0.119027 0.130649 0.085281 0.048018
0 0 0.636587 0.113786 0.124176 0.081341 0.044111
0 0 0.668013 0.105197 0.113704 0.074917 0.038169
0 0 0.690952 0.098798 0.106008 0.070157 0.034084
0 0 0.701967 0.095687 0.102298 0.067851 0.032196
0 0 0.701650 0.095777 0.102405 0.067918 0.032250
0 0 0.659195 0.107628 0.116651 0.076731 0.039795
0 1 0.633484 0.114623 0.125205 0.081969 0.044719
0 1 0.587685 0.126732 0.140287 0.091104 0.054192
0 1 0.554545 0.135201 0.151063 0.097549 0.061642
0 1 0.584915 0.127449 0.141193 0.091648 0.054795
0 1 0.633024 0.114747 0.125357 0.082062 0.044810
0 1 0.579426 0.128866 0.142984 0.092723 0.056000
0 0 0.602273 0.122925 0.135506 0.088222 0.051074
0 0 0.664327 0.106215 0.114937 0.075676 0.038845
0 0 0.643681 0.111865 0.121819 0.079900 0.042734
0 0 0.517868 0.138887 0.159895 0.108834 0.074515
0 0 0.396686 0.150971 0.187272 0.141538 0.123533
0 0 0.319658 0.147243 0.195059 0.166232 0.171808
4 0 0.168354 0.119323 0.184389 0.208980 0.318954
4 1 0.126714 0.116803 0.219637 0.176099 0.360748
4 1 0.107187 0.127788 0.285801 0.132806 0.346417
2 1 0.095044 0.165952 0.386623 0.089398 0.262983
2 1 0.074675 0.154204 0.442141 0.068237 0.260743
2 1 0.073257 0.134520 0.412270 0.075725 0.304228
4 1 0.064072 0.090009 0.334581 0.089514 0.421824
4 4 0.047979 0.049851 0.239901 0.095992 0.566277
4 4 0.033559 0.025161 0.152813 0.096797 0.691670
4 4 0.025848 0.015623 0.109280 0.094363 0.754886
4 4 0.022983 0.012881 0.096076 0.091776 0.776284
4 4 0.025361 0.015089 0.106561 0.094155 0.758835
4 4 0.032391 0.022059 0.134512 0.100845 0.710193
4 4 0.043893 0.037257 0.187717 0.105016 0.626117
4 4 0.053754 0.055571 0.242600 0.102966 0.545109
4 4 0.059375 0.072378 0.291157 0.096207 0.480883
4 4 0.057839 0.073498 0.302540 0.091773 0.474350
4 4 0.052468 0.067222 0.301994 0.086316 0.492001
4 4 0.053333 0.062827 0.278109 0.092962 0.512768
4 4 0.051937 0.058277 0.263534 0.094986 0.531265
4 4 0.048257 0.050781 0.243468 0.095431 0.562063
4 4 0.042749 0.039406 0.205611 0.097597 0.614637
4 4 0.039639 0.033128 0.180653 0.099751 0.646829
4 4 0.037589 0.029336 0.164570 0.101122 0.667383
4 4 0.040786 0.033051 0.175138 0.103662 0.647363
4 4 0.044249 0.039300 0.198224 0.102272 0.615956
4 4 0.048160 0.047920 0.228864 0.099269 0.575788
4 4 0.051248 0.057516 0.263121 0.094241 0.533873
4 4 0.054805 0.069738 0.301372 0.088945 0.485140
2 4 0.059897 0.099193 0.383731 0.075114 0.382065
2 4 0.067008 0.121265 0.410124 0.073490 0.328112
2 4 0.079039 0.158644 0.431916 0.071994 0.258407
2 4 0.091159 0.184673 0.423007 0.075796 0.225366
2 4 0.066285 0.131147 0.435662 0.067258 0.299648
2 4 0.055817 0.107126 0.428619 0.063477 0.344962
4 4 0.050483 0.073313 0.338924 0.076429 0.460851
4 4 0.050263 0.073742 0.341970 0.075613 0.458412
4 4 0.056733 0.087497 0.360856 0.077555 0.417360
2 4 0.064864 0.117465 0.410709 0.072262 0.334701
2 4 0.067141 0.152545 0.471379 0.059091 0.249845
2 4 0.056576 0.169555 0.531176 0.053164 0.189529
2 4 0.045541 0.162473 0.569777 0.051742 0.170466
2 4 0.040276 0.157955 0.590792 0.050262 0.160715
2 4 0.037261 0.156017 0.602118 0.051586 0.153017
2 4 0.034504 0.155796 0.609517 0.057531 0.142651
2 4 0.030069 0.144921 0.636985 0.069833 0.118192
2 4 0.025394 0.127153 0.666221 0.092489 0.088744
2 1 0.022947 0.112379 0.672343 0.124005 0.068325
2 1 0.021017 0.098221 0.667356 0.160438 0.052967
2 1 0.020686 0.087504 0.637822 0.211456 0.042531
2 1 0.019240 0.079055 0.628353 0.237308 0.036044
2 1 0.017724 0.072506 0.620777 0.257743 0.031250
2 1 0.016061 0.067762 0.632947 0.254785 0.028446
2 1 0.014666 0.065125 0.656495 0.236391 0.027322
2 1 0.013744 0.067496 0.707237 0.180900 0.030623
2 2 0.013431 0.070979 0.738215 0.142493 0.034882
2 2 0.014351 0.076687 0.751644 0.115741 0.041577
2 2 0.017203 0.088054 0.748651 0.090685 0.055407
2 2 0.067349 0.143474 0.598669 0.093547 0.096962
0 2 0.377226 0.175414 0.212570 0.123969 0.110821
0 2 0.523521 0.142893 0.161031 0.103446 0.069109
0 2 0.438806 0.162600 0.187540 0.118792 0.092262
0 2 0.356381 0.179572 0.212003 0.132401 0.119643
0 2 0.257400 0.195019 0.251977 0.160253 0.135352
2 2 0.165154 0.179119 0.334459 0.211615 0.109653
2 2 0.077415 0.128793 0.453194 0.272323 0.068274
2 2 0.058359 0.119393 0.460837 0.299479 0.061931
2 2 0.047818 0.112942 0.464166 0.316174 0.058901
2 2 0.029383 0.098480 0.550908 0.272492 0.048737
2 2 0.023613 0.089532 0.590280 0.254187 0.042389
2 2 0.017745 0.076473 0.641200 0.230242 0.034340
2 2 0.015986 0.066877 0.631914 0.257277 0.027947
2 2 0.013884 0.059336 0.642078 0.261081 0.023621
2 2 0.012900 0.055754 0.649910 0.259684 0.021752
2 2 0.012286 0.055032 0.671399 0.239483 0.021800
2 2 0.011750 0.054705 0.689489 0.222086 0.021970
2 2 0.011618 0.053909 0.686615 0.226438 0.021419
2 2 0.011776 0.051021 0.652850 0.265136 0.019217
2 2 0.012547 0.047934 0.581533 0.341221 0.016764
2 2 0.013214 0.046460 0.520692 0.404168 0.015466
2 2 0.014142 0.046979 0.478671 0.444837 0.015372
3 2 0.015078 0.045938 0.437138 0.487031 0.014814
3 2 0.015781 0.045597 0.426174 0.497628 0.014819
3 2 0.015883 0.041873 0.382439 0.546654 0.013152
3 2 0.015142 0.034120 0.292991 0.647907 0.009839
3 3 0.011939 0.026098 0.259755 0.695430 0.006778
3 3 0.009530 0.018800 0.222672 0.743583 0.005414
3 3 0.007574 0.012385 0.176947 0.798468 0.004626
3 3 0.007063 0.011227 0.167823 0.809481 0.004405
3 3 0.007063 0.011245 0.168262 0.809062 0.004368
3 3 0.007442 0.012063 0.175009 0.800998 0.004488
3 3 0.007593 0.012053 0.174654 0.801185 0.004516
3 3 0.007893 0.012760 0.179792 0.794868 0.004686
3 3 0.007815 0.012587 0.178001 0.796873 0.004724
3 3 0.007927 0.012693 0.176510 0.797788 0.005082
3 3 0.007296 0.010831 0.159525 0.817261 0.005087
3 3 0.007100 0.009463 0.144160 0.833815 0.005461
3 3 0.006051 0.006781 0.117474 0.864621 0.005074
3 3 0.005864 0.005932 0.106884 0.876113 0.005206
3 3 0.005281 0.005003 0.096759 0.888119 0.004839
3 3 0.005286 0.004873 0.094705 0.890209 0.004927
3 3 0.005073 0.004589 0.090999 0.894421 0.004918
3 3 0.005050 0.004533 0.089744 0.895612 0.005060
3 3 0.005725 0.005324 0.096828 0.886177 0.005945
3 3 0.005876 0.005443 0.097659 0.884888 0.006135
3 3 0.006485 0.005933 0.101503 0.879345 0.006733
3 3 0.005132 0.004332 0.086168 0.899059 0.005309
3 3 0.004690 0.003745 0.079737 0.907056 0.004772
3 3 0.004437 0.003447 0.076253 0.911363 0.004500
3 3 0.004887 0.003788 0.079414 0.906861 0.005051
3 3 0.005557 0.004335 0.084174 0.899984 0.005950
3 3 0.005840 0.004353 0.082942 0.900388 0.006476
3 3 0.005441 0.003845 0.077137 0.907466 0.006112
3 3 0.004533 0.003048 0.067921 0.919255 0.005243
3 3 0.004305 0.002845 0.065383 0.922449 0.005018
3 3 0.004461 0.002988 0.066934 0.920342 0.005276
3 3 0.005173 0.003579 0.073523 0.911634 0.006091
3 3 0.005614 0.004054 0.078531 0.905109 0.006692
3 3 0.006198 0.004581 0.083622 0.898212 0.007387
3 3 0.006411 0.004834 0.086084 0.895010 0.007661
3 3 0.006406 0.004928 0.087154 0.893816 0.007695
3 3 0.006317 0.004818 0.085890 0.895303 0.007672
3 3 0.005541 0.004086 0.078734 0.904843 0.006797
3 3 0.005155 0.003634 0.073651 0.911186 0.006374
3 3 0.004837 0.003355 0.070555 0.915229 0.006024
3 3 0.005087 0.003575 0.072992 0.912038 0.006307
3 3 0.005467 0.003896 0.076327 0.907567 0.006744
3 3 0.005962 0.004247 0.079550 0.902906 0.007334
3 3 0.006954 0.005008 0.086086 0.893357 0.008595
3 3 0.008764 0.006706 0.099817 0.873835 0.010879
3 3 0.013888 0.010584 0.125044 0.835914 0.014571
3 3 0.023210 0.018655 0.165826 0.772514 0.019795
3 3 0.028698 0.029765 0.213733 0.703774 0.024031
3 3 0.034231 0.050587 0.282517 0.604151 0.028514
3 3 0.030759 0.063672 0.328822 0.550294 0.026454
3 3 0.032034 0.072064 0.344727 0.522596 0.028579
3 3 0.030204 0.067251 0.339442 0.537179 0.025924
3 3 0.030819 0.077045 0.422104 0.437541 0.032491
2 3 0.031428 0.080425 0.451800 0.400987 0.035360
2 3 0.030815 0.089328 0.517259 0.320107 0.042491
2 3 0.028239 0.083279 0.516318 0.334253 0.037910
2 3 0.025563 0.078018 0.532715 0.329049 0.034655
2 3 0.025800 0.079155 0.539138 0.320273 0.035633
2 3 0.027223 0.087785 0.564847 0.277801 0.042344
2 3 0.027035 0.092074 0.586002 0.248767 0.046122
2 3 0.028124 0.089018 0.560220 0.279330 0.043308
2 3 0.027594 0.083003 0.533796 0.317314 0.038293
2 3 0.023187 0.067110 0.476296 0.406780 0.026628
3 2 0.018668 0.053034 0.420752 0.489290 0.018255
3 2 0.016714 0.045594 0.386458 0.536615 0.014618
3 2 0.016074 0.043525 0.386278 0.540361 0.013762
3 2 0.016113 0.047355 0.444039 0.476728 0.015765
2 2 0.015933 0.052719 0.513669 0.398952 0.018726
2 2 0.015571 0.059101 0.589046 0.313476 0.022807
2 2 0.015700 0.065023 0.636846 0.255293 0.027138
2 2 0.016980 0.069601 0.627062 0.256681 0.029675
2 2 0.017830 0.062979 0.532181 0.363091 0.023919
2 2 0.016506 0.053700 0.465050 0.446366 0.018379
2 2 0.017023 0.054390 0.463641 0.446133 0.018814
2 2 0.020564 0.078471 0.595541 0.270610 0.034813
2 2 0.033826 0.133824 0.635102 0.094970 0.102278
2 2 0.051002 0.114300 0.475570 0.052429 0.306700
4 2 0.043174 0.060612 0.322367 0.071835 0.502011
4 4 0.041139 0.047073 0.259703 0.081632 0.570453
4 4 0.046565 0.051957 0.257921 0.089500 0.554057
4 4 0.056274 0.078352 0.329161 0.084018 0.452194
2 4 0.060858 0.110577 0.412055 0.069751 0.346758
2 4 0.057223 0.125798 0.468536 0.056575 0.291869
2 4 0.057893 0.127401 0.468578 0.056843 0.289284
2 4 0.059683 0.114058 0.427253 0.065950 0.333056
4 4 0.057985 0.091875 0.369645 0.076698 0.403798
4 4 0.052672 0.067327 0.301434 0.086664 0.491903
4 4 0.047340 0.050995 0.248985 0.092753 0.559926
4 4 0.044982 0.044165 0.222931 0.096236 0.591686
4 4 0.046728 0.046537 0.227972 0.097445 0.581318
4 4 0.054769 0.061791 0.266834 0.097532 0.519074
4 4 0.064191 0.091561 0.339169 0.088478 0.416602
2 4 0.068176 0.127314 0.418797 0.071997 0.313716
2 4 0.062706 0.147614 0.483603 0.055241 0.250836
2 4 0.058201 0.143953 0.499355 0.050738 0.247753
2 4 0.055281 0.124653 0.476360 0.054267 0.289440
2 4 0.055574 0.105263 0.424554 0.064098 0.350511
4 4 0.056636 0.092249 0.377829 0.073969 0.399316
4 4 0.058607 0.084048 0.339155 0.083863 0.434326
4 4 0.058188 0.081084 0.330254 0.085523 0.444952
4 4 0.056690 0.081462 0.338996 0.082215 0.440637
4 4 0.054127 0.079349 0.343959 0.078843 0.443722
4 4 0.055672 0.081018 0.342433 0.080560 0.440318
4 4 0.057202 0.078371 0.324697 0.085895 0.453835
4 4 0.058763 0.081331 0.328432 0.086462 0.445012
4 4 0.056357 0.070983 0.299205 0.091080 0.482376
4 4 0.054012 0.063782 0.279219 0.093464 0.509523
4 4 0.048978 0.053346 0.253263 0.093855 0.550558
4 4 0.049713 0.060849 0.286652 0.086709 0.516076
4 4 0.061451 0.088822 0.342476 0.085487 0.421764
2 1 0.063910 0.151989 0.485106 0.055154 0.243841
2 1 0.041344 0.160663 0.583686 0.054690 0.159617
2 1 0.029256 0.124164 0.648655 0.113183 0.084742
2 1 0.024499 0.100770 0.651945 0.166169 0.056616
2 1 0.017008 0.080672 0.701872 0.159441 0.041007
2 1 0.014756 0.073424 0.721414 0.154266 0.036140
2 1 0.015415 0.073573 0.712995 0.161898 0.036119
2 1 0.015863 0.072747 0.698943 0.177596 0.034852
2 1 0.016234 0.070427 0.677003 0.204015 0.032320
2 1 0.016669 0.066877 0.645236 0.242133 0.029085
2 2 0.016817 0.067229 0.648595 0.237825 0.029533
2 2 0.016569 0.067065 0.649274 0.237785 0.029306
2 2 0.015009 0.069882 0.700234 0.182304 0.032571
2 2 0.014026 0.066768 0.697725 0.191609 0.029871
2 2 0.013662 0.062702 0.673893 0.223463 0.026280
2 2 0.016040 0.066887 0.639250 0.249489 0.028333
2 2 0.020126 0.075169 0.639358 0.229896 0.035451
2 2 0.029396 0.111707 0.614247 0.180214 0.064436
2 2 0.019577 0.090166 0.669521 0.174562 0.046174
2 2 0.014303 0.068687 0.689645 0.196807 0.030558
2 2 0.013060 0.068675 0.724497 0.161894 0.031874
2 2 0.012355 0.060705 0.696151 0.205386 0.025403
2 2 0.012211 0.059910 0.702001 0.200660 0.025218
2 2 0.011853 0.060650 0.721979 0.179152 0.026367
2 2 0.011844 0.062240 0.733518 0.164491 0.027906
2 2 0.011606 0.062059 0.742705 0.155390 0.028239
2 2 0.010699 0.061069 0.770186 0.129048 0.028998
2 2 0.010389 0.061204 0.786173 0.111874 0.030359
2 2 0.011049 0.064869 0.788266 0.101849 0.033968
2 2 0.012853 0.068880 0.756454 0.126907 0.034907
2 2 0.014882 0.068648 0.698202 0.186616 0.031652
2 2 0.017491 0.066320 0.621412 0.266500 0.028278
2 2 0.018531 0.060830 0.553728 0.342833 0.024079
2 2 0.021237 0.060895 0.509513 0.384185 0.024170
2 2 0.025568 0.064976 0.480413 0.402099 0.026944
2 2 0.054408 0.091313 0.450993 0.362664 0.040622
2 2 0.225825 0.137036 0.292240 0.280377 0.064521
0 0 0.569881 0.131314 0.146092 0.094584 0.058130
0 0 0.590941 0.125886 0.139222 0.090463 0.053488
0 0 0.577693 0.129312 0.143549 0.093062 0.056383
0 1 0.655187 0.108728 0.117988 0.077552 0.040545
0 1 0.694772 0.097722 0.104723 0.069359 0.033424
0 1 0.607817 0.121466 0.133683 0.087120 0.049914
0 1 0.612198 0.120308 0.132241 0.086246 0.049007
0 1 0.628136 0.116061 0.126977 0.083048 0.045779
0 1 0.410565 0.168690 0.196096 0.123622 0.101026
0 1 0.250101 0.196846 0.240397 0.147082 0.165573
2 1 0.127589 0.201990 0.362633 0.122022 0.185767
2 1 0.052113 0.161590 0.520630 0.145102 0.120565
2 1 0.021795 0.084373 0.624345 0.228834 0.040654
2 1 0.018379 0.059370 0.525416 0.374206 0.022629
2 1 0.021398 0.060477 0.473751 0.421225 0.023149
3 2 0.026945 0.066608 0.425144 0.454680 0.026623
3 2 0.035417 0.080121 0.406598 0.442611 0.035253
3 2 0.030140 0.071249 0.394761 0.474925 0.028925
3 2 0.029204 0.069142 0.389222 0.484876 0.027557
3 2 0.023380 0.051631 0.325915 0.581230 0.017844
3 2 0.020471 0.043840 0.303843 0.617657 0.014189
3 2 0.016197 0.035491 0.286265 0.651621 0.010427
3 2 0.017075 0.038105 0.292878 0.640491 0.011452
3 2 0.017579 0.041719 0.302323 0.625649 0.012731
3 2 0.018037 0.054014 0.426374 0.483142 0.018433
2 2 0.017120 0.056868 0.502690 0.402790 0.020532
2 2 0.018752 0.068525 0.593559 0.290278 0.028885
2 2 0.024359 0.082029 0.591366 0.263202 0.039043
2 2 0.039567 0.110741 0.548099 0.237659 0.063934
2 2 0.037819 0.111034 0.539141 0.250274 0.061730
2 2 0.030524 0.100598 0.551950 0.266044 0.050885
2 2 0.021538 0.076349 0.546328 0.323684 0.032101
2 2 0.018647 0.062264 0.492493 0.403588 0.023009
2 2 0.016395 0.057029 0.513533 0.392561 0.020481
2 2 0.015536 0.059536 0.568853 0.333719 0.022356
2 2 0.014781 0.064105 0.645274 0.249403 0.026437
2 2 0.014384 0.070814 0.715861 0.165223 0.033719
2 2 0.015678 0.079901 0.741699 0.118506 0.044216
2 2 0.018502 0.095316 0.738857 0.084448 0.062877
2 2 0.021858 0.105170 0.705286 0.098752 0.068935
2 3 0.018432 0.092375 0.704809 0.133110 0.051275
2 3 0.017196 0.072551 0.636293 0.242265 0.031695
2 3 0.016352 0.057080 0.532337 0.373311 0.020920
2 3 0.015243 0.050690 0.505766 0.410753 0.017548
2 3 0.014247 0.055213 0.613008 0.296320 0.021211
2 3 0.013979 0.065875 0.721945 0.167115 0.031085
2 3 0.016847 0.087031 0.748397 0.094091 0.053634
2 3 0.029380 0.119100 0.655075 0.115281 0.081164
2 3 0.033248 0.112217 0.580183 0.210679 0.063673
2 3 0.029213 0.081536 0.474887 0.378642 0.035722
3 3 0.020413 0.044142 0.304691 0.616477 0.014277
3 3 0.016802 0.035482 0.285328 0.651822 0.010566
3 3 0.013801 0.028819 0.267188 0.682274 0.007919
3 3 0.014564 0.030939 0.273669 0.672136 0.008693
3 3 0.014469 0.032200 0.278212 0.666080 0.009039
3 2 0.014845 0.038807 0.344189 0.590637 0.011522
3 2 0.014126 0.042189 0.403575 0.527215 0.012895
2 2 0.013473 0.045193 0.471159 0.455761 0.014414
2 2 0.013472 0.047117 0.514431 0.409285 0.015695
2 2 0.013985 0.046231 0.492190 0.432320 0.015274
3 2 0.013661 0.040682 0.421916 0.511247 0.012494
3 2 0.013590 0.035504 0.349486 0.591148 0.010272
3 2 0.013507 0.032367 0.304165 0.640923 0.009037
3 2 0.013569 0.030414 0.273446 0.674250 0.008321
3 2 0.013590 0.030733 0.274553 0.672707 0.008416
3 2 0.013791 0.030816 0.274507 0.672400 0.008486
3 2 0.014446 0.031644 0.276333 0.668704 0.008872
3 2 0.013672 0.030358 0.273067 0.674574 0.008328
3 2 0.012622 0.028035 0.266224 0.685672 0.007448
3 2 0.012283 0.027072 0.263058 0.690474 0.007113
3 2 0.011873 0.026183 0.260226 0.694931 0.006787
3 2 0.012394 0.027187 0.263315 0.689935 0.007168
3 2 0.014093 0.030195 0.271777 0.675561 0.008375
3 2 0.016191 0.033912 0.279693 0.659942 0.010261
3 2 0.020416 0.043800 0.303328 0.618164 0.014293
3 2 0.027350 0.058265 0.327115 0.565881 0.021389
